ID;Regio;Periode;VerleendeBouwvergunningen_1;BegonnenWoningen_2;WoningenInUitvoering_3;TotaalGereedgekomen_4;WoningenMetMinderDan3Kamers_5;WoningenMet3Kamers_6;WoningenMet4Kamers_7;WoningenMetMeerDan4Kamers_8;Huurwoningen_9;Koopwoningen_10;Eengezinswoningen_11;Meergezinswoningen_12
0;Nederland;1994;107764;102929.0;84899.0;87369;4889;21496;49432;11552;28274;59095;65367;22002
1;Nederland;1994 januari;8391;9308.0;78361.0;2951;241;564;1781;365;821;2130;2349;602
2;Nederland;1994 februari;9772;6379.0;79267.0;5128;278;1497;2689;664;1740;3388;3723;1405
3;Nederland;1994 maart;7749;7043.0;81401.0;4835;254;965;3086;530;1604;3231;3486;1349
4;Nederland;1994 april;8200;8755.0;84530.0;5258;201;1570;2858;629;1313;3945;3663;1595
5;Nederland;1994 mei;7896;8795.0;85982.0;7091;491;1974;3660;966;2457;4634;5076;2015
6;Nederland;1994 juni;9051;7983.0;86242.0;7646;287;1870;4457;1032;2591;5055;5852;1794
7;Nederland;1994 juli;9094;7897.0;86947.0;6820;292;1873;3809;846;2095;4725;5164;1656
8;Nederland;1994 augustus;9428;6271.0;87109.0;6044;438;1451;3288;867;1913;4131;4488;1556
9;Nederland;1994 september;9563;10507.0;90175.0;6862;250;1575;4179;858;1943;4919;5354;1508
10;Nederland;1994 oktober;10478;10351.0;89941.0;10413;427;2461;6081;1444;3531;6882;7955;2458
11;Nederland;1994 november;8968;10651.0;89936.0;10374;790;2546;5882;1156;3717;6657;7442;2932
12;Nederland;1994 december;9174;8989.0;84899.0;13947;940;3150;7662;2195;4549;9398;10815;3132
13;Nederland;1994 1e kwartaal;25912;22730.0;81401.0;12914;773;3026;7556;1559;4165;8749;9558;3356
14;Nederland;1994 2e kwartaal;25147;25533.0;86242.0;19995;979;5414;10975;2627;6361;13634;14591;5404
15;Nederland;1994 3e kwartaal;28085;24675.0;90175.0;19726;980;4899;11276;2571;5951;13775;15006;4720
16;Nederland;1994 4e kwartaal;28620;29991.0;84899.0;34734;2157;8157;19625;4795;11797;22937;26212;8522
17;Nederland;1995;98405;95918.0;86801.0;93836;5173;23813;51826;13024;29090;64746;69517;24319
18;Nederland;1995 januari;7913;7077.0;87573.0;4270;134;1177;2226;733;1183;3087;3179;1091
19;Nederland;1995 februari;8004;8035.0;90908.0;4514;321;1311;2347;535;1281;3233;3344;1170
20;Nederland;1995 maart;7939;6710.0;91076.0;6603;486;1556;3710;851;1819;4784;5251;1352
21;Nederland;1995 april;6486;7552.0;92845.0;5835;157;1636;3161;881;1945;3890;4387;1448
22;Nederland;1995 mei;9559;10486.0;96349.0;6753;311;1558;3863;1021;1770;4983;5350;1403
23;Nederland;1995 juni;9199;7264.0;96102.0;7752;297;2281;4126;1048;2985;4767;5115;2637
24;Nederland;1995 juli;6806;6716.0;93751.0;8876;617;2348;4813;1098;2947;5929;6380;2496
25;Nederland;1995 augustus;7482;6026.0;94103.0;5662;403;1255;3135;869;1887;3775;4287;1375
26;Nederland;1995 september;7350;9562.0;97432.0;6380;224;1271;3944;941;1742;4638;4919;1461
27;Nederland;1995 oktober;8167;8102.0;97875.0;7639;442;1714;4394;1089;2280;5359;6250;1389
28;Nederland;1995 november;8423;8519.0;93707.0;12705;828;3219;6971;1687;3732;8973;9063;3642
29;Nederland;1995 december;11077;9869.0;86801.0;16847;953;4487;9136;2271;5519;11328;11992;4855
30;Nederland;1995 1e kwartaal;23856;21822.0;91076.0;15387;941;4044;8283;2119;4283;11104;11774;3613
31;Nederland;1995 2e kwartaal;25244;25302.0;96102.0;20340;765;5475;11150;2950;6700;13640;14852;5488
32;Nederland;1995 3e kwartaal;21638;22304.0;97432.0;20918;1244;4874;11892;2908;6576;14342;15586;5332
33;Nederland;1995 4e kwartaal;27667;26490.0;86801.0;37191;2223;9420;20501;5047;11531;25660;27305;9886
34;Nederland;1996;102119;95817.0;92587.0;88934;6078;24467;46849;11540;31079;57855;61007;27927
35;Nederland;1996 januari;6258;4434.0;87911.0;2871;271;555;1566;479;1050;1821;1849;1022
36;Nederland;1996 februari;8831;5389.0;89557.0;3753;398;1218;1713;424;1394;2359;2274;1479
37;Nederland;1996 maart;9284;7614.0;93043.0;3952;149;987;2182;634;1158;2794;2940;1012
38;Nederland;1996 april;6616;6897.0;95223.0;4813;282;1176;2612;743;1325;3488;3944;869
39;Nederland;1996 mei;7423;8846.0;97601.0;6570;415;1720;3802;633;2176;4394;4806;1764
40;Nederland;1996 juni;9197;9242.0;98456.0;8468;505;2092;4799;1072;2899;5569;6003;2465
41;Nederland;1996 juli;7680;7497.0;99006.0;6921;588;1800;3656;877;2578;4343;4385;2536
42;Nederland;1996 augustus;7184;6653.0;98848.0;6647;603;1981;3083;980;2270;4377;4603;2044
43;Nederland;1996 september;8317;8326.0;98675.0;8580;486;2271;4506;1317;3227;5353;6125;2455
44;Nederland;1996 oktober;11214;11965.0;101074.0;8656;344;2643;4561;1108;3010;5646;5529;3127
45;Nederland;1996 november;10519;8922.0;99849.0;10171;675;2950;5515;1031;3463;6708;6879;3292
46;Nederland;1996 december;9596;10032.0;92587.0;17532;1362;5074;8854;2242;6529;11003;11670;5862
47;Nederland;1996 1e kwartaal;24373;17437.0;93043.0;10576;818;2760;5461;1537;3602;6974;7063;3513
48;Nederland;1996 2e kwartaal;23236;24985.0;98456.0;19851;1202;4988;11213;2448;6400;13451;14753;5098
49;Nederland;1996 3e kwartaal;23181;22476.0;98675.0;22148;1677;6052;11245;3174;8075;14073;15113;7035
50;Nederland;1996 4e kwartaal;31329;30919.0;92587.0;36359;2381;10667;18930;4381;13002;23357;24078;12281
51;Nederland;1997;101501;98002.0;97521.0;92315;4978;23186;51751;12400;25876;66439;65562;26753
52;Nederland;1997 januari;6164;4554.0;94015.0;3089;281;838;1513;457;1003;2086;2060;1029
53;Nederland;1997 februari;5727;7054.0;97628.0;3426;210;726;2051;439;880;2546;2475;951
54;Nederland;1997 maart;8169;7944.0;100197.0;5394;328;1117;3148;801;1424;3970;3918;1476
55;Nederland;1997 april;7742;10378.0;105022.0;5534;294;1052;3314;874;1626;3908;4313;1221
56;Nederland;1997 mei;7267;8148.0;105439.0;7593;204;1743;4928;718;2007;5586;5463;2130
57;Nederland;1997 juni;9777;8495.0;105300.0;8459;416;2276;4826;941;2507;5952;6207;2252
58;Nederland;1997 juli;7394;5233.0;104408.0;5990;437;1565;3352;636;1732;4258;4096;1894
59;Nederland;1997 augustus;7028;6667.0;105408.0;5611;147;1331;3291;842;1436;4175;4307;1304
60;Nederland;1997 september;11908;9400.0;106236.0;8536;402;1973;4880;1281;2406;6130;6325;2211
61;Nederland;1997 oktober;10573;9520.0;107343.0;8272;552;2486;4299;935;2679;5593;5156;3116
62;Nederland;1997 november;10077;9971.0;105084.0;12278;591;3390;6433;1864;3329;8949;8578;3700
63;Nederland;1997 december;9675;10638.0;97521.0;18133;1116;4689;9716;2612;4847;13286;12664;5469
64;Nederland;1997 1e kwartaal;20060;19552.0;100197.0;11909;819;2681;6712;1697;3307;8602;8453;3456
65;Nederland;1997 2e kwartaal;24786;27021.0;105300.0;21586;914;5071;13068;2533;6140;15446;15983;5603
66;Nederland;1997 3e kwartaal;26330;21300.0;106236.0;20137;986;4869;11523;2759;5574;14563;14728;5409
67;Nederland;1997 4e kwartaal;30325;30129.0;97521.0;38683;2259;10565;20448;5411;10855;27828;26398;12285
68;Nederland;1998;87673;85871.0;90745.0;90516;3741;22361;50234;14180;21454;69062;66085;24431
69;Nederland;1998 januari;5951;6841.0;100510.0;3810;62;929;2235;584;885;2925;2651;1159
70;Nederland;1998 februari;6986;7894.0;101863.0;4838;193;1269;2527;849;1263;3575;3501;1337
71;Nederland;1998 maart;8305;8367.0;102849.0;7653;301;2124;4247;981;2106;5547;5097;2556
72;Nederland;1998 april;5838;5963.0;103287.0;5559;148;1566;2919;926;1375;4184;3749;1810
73;Nederland;1998 mei;6380;6539.0;103776.0;6048;164;1334;3792;6048;1481;4567;4364;1684
74;Nederland;1998 juni;6980;7057.0;102968.0;7945;299;1966;4258;1422;2085;5860;5740;2205
75;Nederland;1998 juli;6743;5425.0;100721.0;6663;309;1511;3953;890;1733;4930;4881;1782
76;Nederland;1998 augustus;5357;5154.0;100434.0;5359;42;1312;2995;1010;957;4402;4197;1162
77;Nederland;1998 september;7336;8594.0;102501.0;6337;153;1616;3575;993;1307;5030;4948;1389
78;Nederland;1998 oktober;8319;6949.0;102501.0;7026;414;1722;3763;1127;1535;5491;4929;2097
79;Nederland;1998 november;8824;6420.0;99611.0;10370;858;2425;5332;1755;2599;7771;7643;2727
80;Nederland;1998 december;10654;10668.0;90745.0;18908;798;4587;10631;2892;4165;14743;14385;4523
81;Nederland;1998 1e kwartaal;21242;23102.0;102849.0;16301;556;4322;9009;2414;4254;12047;11249;5052
82;Nederland;1998 2e kwartaal;19198;19559.0;102968.0;19552;611;4866;10969;3106;4941;14611;13853;5699
83;Nederland;1998 3e kwartaal;19436;19173.0;102501.0;18359;504;4439;10523;2893;3997;14362;14026;4333
84;Nederland;1998 4e kwartaal;27797;24037.0;90745.0;36304;2070;8734;19734;5766;8262;28042;26957;9347
85;Nederland;1999;84201;83400.0;94741.0;78625;3533;19354;43771;11967;17651;60974;57650;20975
86;Nederland;1999 januari;5564;6177.0;94143.0;2703;28;726;1591;358;529;2174;2080;623
87;Nederland;1999 februari;5189;5275.0;95055.0;4311;349;1203;2166;593;1437;2874;2793;1518
88;Nederland;1999 maart;6310;5845.0;96371.0;4850;131;1119;2669;931;1063;3787;3713;1137
89;Nederland;1999 april;6880;7448.0;98475.0;5527;214;1276;3315;722;956;4571;4372;1155
90;Nederland;1999 mei;7795;6281.0;98575.0;6080;249;1425;3495;911;1343;4737;4549;1531
91;Nederland;1999 juni;6859;6125.0;97821.0;6800;293;1806;3855;846;1720;5080;4779;2021
92;Nederland;1999 juli;8933;7133.0;99271.0;5628;185;1402;3270;771;1442;4186;4141;1487
93;Nederland;1999 augustus;6380;4889.0;100211.0;4041;119;957;2398;567;806;3235;2994;1047
94;Nederland;1999 september;7200;7106.0;100372.0;6246;404;1290;3386;1166;1324;4922;4729;1517
95;Nederland;1999 oktober;6565;9046.0;103219.0;6247;210;1702;3436;899;1298;4949;4845;1380
96;Nederland;1999 november;8226;9484.0;102966.0;9450;434;2528;5057;1431;1999;7451;6621;2829
97;Nederland;1999 december;8300;8585.0;94741.0;16742;917;3880;9173;2772;3734;13008;12034;4708
98;Nederland;1999 1e kwartaal;17063;17303.0;96371.0;11864;508;3048;6426;1882;3029;8835;8586;3278
99;Nederland;1999 2e kwartaal;21534;19854.0;97821.0;18407;756;4507;10665;2479;4019;14388;13700;4707
100;Nederland;1999 3e kwartaal;22513;19128.0;100372.0;15915;708;3649;9054;2504;3572;12343;11864;4051
101;Nederland;1999 4e kwartaal;23091;27115.0;94741.0;32439;1561;8110;17666;5102;7031;25408;23500;8939
102;Nederland;2000;78563;;;70650;3459;17634;37889;11668;15209;55441;53189;17461
103;Nederland;2000 januari;5051;;;3030;184;749;1698;399;843;2187;2202;828
104;Nederland;2000 februari;7541;;;3527;185;632;2181;529;694;2833;2673;854
105;Nederland;2000 maart;7917;;;4278;198;905;2606;569;823;3455;3650;628
106;Nederland;2000 april;6576;;;4621;181;1032;2583;825;938;3683;3364;1257
107;Nederland;2000 mei;8043;;;4565;98;1266;2467;734;939;3626;3265;1300
108;Nederland;2000 juni;6222;;;5191;290;1375;2616;910;1226;3965;4182;1009
109;Nederland;2000 juli;5952;;;4847;50;1239;2733;825;852;3995;3798;1049
110;Nederland;2000 augustus;5965;;;4486;216;1306;2013;951;932;3554;3348;1138
111;Nederland;2000 september;6386;;;5559;441;1607;2602;909;1016;4543;4149;1410
112;Nederland;2000 oktober;5635;;;6258;234;1867;2919;1238;1621;4637;4364;1894
113;Nederland;2000 november;6271;;;9990;444;2354;5646;1546;2212;7778;7561;2429
114;Nederland;2000 december;7004;;;14298;938;3302;7825;2233;3113;11185;10633;3665
115;Nederland;2000 1e kwartaal;20509;;;10835;567;2286;6485;1497;2360;8475;8525;2310
116;Nederland;2000 2e kwartaal;20841;;;14377;569;3673;7666;2469;3103;11274;10811;3566
117;Nederland;2000 3e kwartaal;18303;;;14892;707;4152;7348;2685;2800;12092;11295;3597
118;Nederland;2000 4e kwartaal;18910;;;30546;1616;7523;16390;5017;6946;23600;22558;7988
119;Nederland;2001 januari;5045;;;3627;71;955;2018;583;705;2922;3019;608
120;Nederland;2001 februari;5029;;;3177;119;926;1668;464;631;2546;2074;1103
121;Nederland;2001 maart;5045;;;4329;277;873;2605;574;1036;3293;3316;1013
122;Nederland;2001 1e kwartaal;15119;;;11133;467;2754;6291;1621;2372;8761;8409;2724
123;Nederland;2001 april;3111;;;5076;141;1147;2982;806;1060;4016;3725;1351
124;Nederland;2001 mei;4954;;;4549;97;648;3096;708;1061;3488;3293;1256
125;Nederland;2001 juni;5386;;;5568;181;1566;2608;1213;1165;4403;3613;1955
126;Nederland;2001 2e kwartaal;13451;;;15193;419;3361;8686;2727;3286;11907;10631;4562
127;Nederland;2001 juli;5885;;;4647;156;1200;2573;718;723;3924;3232;1415
128;Nederland;2001 augustus;4802;;;5393;86;1291;2861;1155;929;4464;4162;1231
129;Nederland;2001 september;6862;;;5891;117;1925;3081;768;1134;4757;4297;1594
130;Nederland;2001 3e kwartaal;17549;;;15931;359;4416;8515;2641;2786;13145;11691;4240
131;Nederland;2001 oktober;7264;;;7816;152;1462;4870;1332;1075;6741;6356;1460
132;Nederland;2001 november;4450;;;7576;237;2259;3846;1234;1386;6190;5227;2349
133;Nederland;2001 december;4493;;;15309;750;3701;8201;2657;3184;12125;12003;3306
134;Nederland;2001 4e kwartaal;16207;;;30701;1139;7422;16917;5223;5645;25056;23586;7115
135;Nederland;2001;62326;;;72958;2384;17953;40409;12212;14089;58869;54317;18641
136;Groningen;1994;3777;3535.0;2284.0;3306;190;782;1599;735;944;2362;2594;712
137;Groningen;1994 januari;188;206.0;2188.0;141;22;17;77;25;22;119;129;12
138;Groningen;1994 februari;301;344.0;2372.0;107;0;53;40;14;48;59;85;22
139;Groningen;1994 maart;311;401.0;2665.0;101;1;6;42;52;0;101;101;0
140;Groningen;1994 april;520;378.0;2756.0;284;12;0;207;65;17;267;280;4
141;Groningen;1994 mei;194;171.0;2721.0;205;0;79;86;40;50;155;133;72
142;Groningen;1994 juni;248;281.0;2711.0;289;4;75;123;87;79;210;223;66
143;Groningen;1994 juli;299;363.0;2880.0;190;0;48;96;46;50;140;148;42
144;Groningen;1994 augustus;418;242.0;2696.0;429;51;165;181;32;230;199;205;224
145;Groningen;1994 september;190;307.0;2734.0;270;1;78;106;85;34;236;235;35
146;Groningen;1994 oktober;457;243.0;2533.0;443;12;67;265;99;151;292;373;70
147;Groningen;1994 november;325;331.0;2439.0;425;40;116;175;94;179;246;323;102
148;Groningen;1994 december;326;268.0;2284.0;422;47;78;201;96;84;338;359;63
149;Groningen;1994 1e kwartaal;800;951.0;2665.0;349;23;76;159;91;70;279;315;34
150;Groningen;1994 2e kwartaal;962;830.0;2711.0;778;16;154;416;192;146;632;636;142
151;Groningen;1994 3e kwartaal;907;912.0;2734.0;889;52;291;383;163;314;575;588;301
152;Groningen;1994 4e kwartaal;1108;842.0;2284.0;1290;99;261;641;289;414;876;1055;235
153;Groningen;1995;3374;3274.0;2527.0;2961;120;554;1407;880;667;2294;2565;396
154;Groningen;1995 januari;207;162.0;2319.0;111;1;38;41;31;38;73;73;38
155;Groningen;1995 februari;217;305.0;2499.0;125;25;9;59;32;24;101;101;24
156;Groningen;1995 maart;169;261.0;2646.0;114;0;8;90;16;10;104;114;0
157;Groningen;1995 april;214;279.0;2783.0;140;0;23;68;49;19;121;138;2
158;Groningen;1995 mei;215;151.0;2735.0;199;0;19;85;95;14;185;199;0
159;Groningen;1995 juni;178;176.0;2630.0;285;34;1;96;154;34;251;285;0
160;Groningen;1995 juli;428;172.0;2649.0;152;0;73;65;14;73;79;152;0
161;Groningen;1995 augustus;578;249.0;2701.0;195;27;9;98;61;37;158;195;0
162;Groningen;1995 september;281;698.0;3165.0;234;0;8;170;56;25;209;222;12
163;Groningen;1995 oktober;241;174.0;3041.0;306;0;6;149;151;44;262;299;7
164;Groningen;1995 november;310;272.0;2850.0;460;31;179;218;32;150;310;327;133
165;Groningen;1995 december;336;375.0;2527.0;640;2;181;268;189;199;441;460;180
166;Groningen;1995 1e kwartaal;593;728.0;2646.0;350;26;55;190;79;72;278;288;62
167;Groningen;1995 2e kwartaal;607;606.0;2630.0;624;34;43;249;298;67;557;622;2
168;Groningen;1995 3e kwartaal;1287;1119.0;3165.0;581;27;90;333;131;135;446;569;12
169;Groningen;1995 4e kwartaal;887;821.0;2527.0;1406;33;366;635;372;393;1013;1086;320
170;Groningen;1996;3633;3282.0;2838.0;2904;68;498;1719;619;643;2261;2541;363
171;Groningen;1996 januari;143;42.0;2450.0;62;18;0;18;26;18;44;44;18
172;Groningen;1996 februari;159;87.0;2468.0;68;0;0;46;22;0;68;68;0
173;Groningen;1996 maart;489;384.0;2791.0;60;10;6;11;33;9;51;60;0
174;Groningen;1996 april;138;403.0;2997.0;207;1;28;148;30;46;161;183;24
175;Groningen;1996 mei;415;409.0;3193.0;220;3;53;106;58;22;198;191;29
176;Groningen;1996 juni;322;173.0;3119.0;240;23;34;152;31;83;157;179;61
177;Groningen;1996 juli;259;250.0;3169.0;198;0;1;150;47;1;197;198;0
178;Groningen;1996 augustus;464;331.0;3027.0;470;4;191;176;99;169;301;367;103
179;Groningen;1996 september;203;148.0;2895.0;268;0;66;148;54;112;156;268;0
180;Groningen;1996 oktober;308;256.0;2832.0;318;2;23;254;39;47;271;289;29
181;Groningen;1996 november;453;336.0;2735.0;433;6;62;287;78;87;346;359;74
182;Groningen;1996 december;280;463.0;2838.0;360;1;34;223;102;49;311;335;25
183;Groningen;1996 1e kwartaal;791;513.0;2791.0;190;28;6;75;81;27;163;172;18
184;Groningen;1996 2e kwartaal;875;985.0;3119.0;667;27;115;406;119;151;516;553;114
185;Groningen;1996 3e kwartaal;926;729.0;2895.0;936;4;258;474;200;282;654;833;103
186;Groningen;1996 4e kwartaal;1041;1055.0;2838.0;1111;9;119;764;219;183;928;983;128
187;Groningen;1997;2966;2966.0;2681.0;3045;32;671;1742;600;738;2307;2438;607
188;Groningen;1997 januari;104;79.0;2692.0;213;0;47;120;46;56;157;213;0
189;Groningen;1997 februari;114;225.0;2676.0;241;6;45;144;46;38;203;197;44
190;Groningen;1997 maart;338;454.0;2906.0;223;1;15;150;57;71;152;152;71
191;Groningen;1997 april;240;232.0;2956.0;182;0;61;90;31;60;122;122;60
192;Groningen;1997 mei;188;299.0;2994.0;259;0;58;168;33;92;167;217;42
193;Groningen;1997 juni;298;123.0;2831.0;290;0;91;144;55;153;137;177;113
194;Groningen;1997 juli;172;202.0;2982.0;50;0;1;30;19;0;50;50;0
195;Groningen;1997 augustus;251;305.0;3197.0;87;0;35;23;29;0;87;87;0
196;Groningen;1997 september;423;217.0;3036.0;301;0;123;115;63;51;250;227;74
197;Groningen;1997 oktober;214;290.0;3138.0;188;1;71;91;25;65;123;136;52
198;Groningen;1997 november;232;367.0;3107.0;397;0;15;319;63;5;392;397;0
199;Groningen;1997 december;392;173.0;2681.0;614;24;109;348;133;147;467;463;151
200;Groningen;1997 1e kwartaal;556;758.0;2906.0;677;7;107;414;149;165;512;562;115
201;Groningen;1997 2e kwartaal;726;654.0;2831.0;731;0;210;402;119;305;426;516;215
202;Groningen;1997 3e kwartaal;846;724.0;3036.0;438;0;159;168;111;51;387;364;74
203;Groningen;1997 4e kwartaal;838;830.0;2681.0;1199;25;195;758;221;217;982;996;203
204;Groningen;1998;2304;2533.0;2398.0;2807;285;535;1358;629;714;2093;2049;758
205;Groningen;1998 januari;160;255.0;2783.0;139;1;64;65;9;59;80;129;10
206;Groningen;1998 februari;257;166.0;2671.0;260;0;63;92;105;38;222;222;38
207;Groningen;1998 maart;184;138.0;2668.0;144;54;29;38;23;65;79;79;65
208;Groningen;1998 april;90;167.0;2690.0;145;16;47;67;15;63;82;98;47
209;Groningen;1998 mei;159;332.0;2795.0;226;0;93;66;226;74;152;141;85
210;Groningen;1998 juni;99;228.0;2740.0;275;45;66;121;43;105;170;153;122
211;Groningen;1998 juli;122;82.0;2771.0;51;0;0;46;5;0;51;51;0
212;Groningen;1998 augustus;265;186.0;2741.0;226;1;19;120;86;56;170;182;44
213;Groningen;1998 september;411;216.0;2660.0;297;5;53;157;82;30;267;251;46
214;Groningen;1998 oktober;146;257.0;2596.0;335;33;29;209;64;32;303;242;93
215;Groningen;1998 november;185;220.0;2549.0;267;120;45;61;41;162;105;137;130
216;Groningen;1998 december;226;286.0;2398.0;442;10;27;316;89;30;412;364;78
217;Groningen;1998 1e kwartaal;601;559.0;2668.0;543;55;156;195;137;162;381;430;113
218;Groningen;1998 2e kwartaal;348;727.0;2740.0;646;61;206;254;125;242;404;392;254
219;Groningen;1998 3e kwartaal;798;484.0;2660.0;574;6;72;323;173;86;488;484;90
220;Groningen;1998 4e kwartaal;557;763.0;2398.0;1044;163;101;586;194;224;820;743;301
221;Groningen;1999;2023;2016.0;1902.0;2368;174;356;1280;558;438;1930;2127;241
222;Groningen;1999 januari;85;51.0;2411.0;37;2;0;31;4;0;37;37;0
223;Groningen;1999 februari;149;148.0;2451.0;103;0;0;65;38;0;103;96;7
224;Groningen;1999 maart;223;169.0;2472.0;149;0;1;71;77;0;149;149;0
225;Groningen;1999 april;125;324.0;2674.0;126;0;24;88;14;0;126;126;0
226;Groningen;1999 mei;77;174.0;2735.0;111;1;0;87;23;0;111;111;0
227;Groningen;1999 juni;226;141.0;2663.0;188;39;37;91;21;39;149;188;0
228;Groningen;1999 juli;105;240.0;2798.0;176;0;2;95;79;57;119;161;15
229;Groningen;1999 augustus;132;52.0;2748.0;119;0;2;58;59;12;107;119;0
230;Groningen;1999 september;222;260.0;2729.0;245;24;8;160;53;30;215;230;15
231;Groningen;1999 oktober;167;193.0;2652.0;221;0;51;138;32;29;192;221;0
232;Groningen;1999 november;162;151.0;2464.0;249;47;66;94;42;88;161;202;47
233;Groningen;1999 december;350;111.0;1902.0;644;61;165;302;116;183;461;487;157
234;Groningen;1999 1e kwartaal;457;370.0;2472.0;289;2;1;167;119;0;289;282;7
235;Groningen;1999 2e kwartaal;428;639.0;2663.0;425;40;61;266;58;39;386;425;0
236;Groningen;1999 3e kwartaal;459;552.0;2729.0;540;24;12;313;191;99;441;510;30
237;Groningen;1999 4e kwartaal;679;455.0;1902.0;1114;108;282;534;190;300;814;910;204
238;Groningen;2000;2016;;;1769;102;307;904;456;369;1400;1333;436
239;Groningen;2000 januari;120;;;81;0;17;54;10;0;81;46;35
240;Groningen;2000 februari;129;;;15;0;1;9;5;0;15;15;0
241;Groningen;2000 maart;305;;;132;0;37;49;46;0;132;106;26
242;Groningen;2000 april;157;;;254;16;7;209;22;157;97;78;176
243;Groningen;2000 mei;116;;;30;0;3;18;9;0;30;30;0
244;Groningen;2000 juni;124;;;61;0;1;42;18;6;55;61;0
245;Groningen;2000 juli;158;;;125;0;10;98;17;28;97;118;7
246;Groningen;2000 augustus;144;;;181;7;18;114;42;6;175;161;20
247;Groningen;2000 september;154;;;115;0;4;70;41;2;113;115;0
248;Groningen;2000 oktober;357;;;80;0;31;27;22;0;80;45;35
249;Groningen;2000 november;130;;;243;57;45;96;45;55;188;137;106
250;Groningen;2000 december;122;;;452;22;133;118;179;115;337;421;31
251;Groningen;2000 1e kwartaal;554;;;228;0;55;112;61;0;228;167;61
252;Groningen;2000 2e kwartaal;397;;;345;16;11;269;49;163;182;169;176
253;Groningen;2000 3e kwartaal;456;;;421;7;32;282;100;36;385;394;27
254;Groningen;2000 4e kwartaal;609;;;775;79;209;241;246;170;605;603;172
255;Groningen;2001 januari;394;;;54;0;11;31;12;8;46;54;0
256;Groningen;2001 februari;221;;;76;0;8;57;11;8;68;68;8
257;Groningen;2001 maart;141;;;55;12;2;28;13;12;43;43;12
258;Groningen;2001 1e kwartaal;756;;;185;12;21;116;36;28;157;165;20
259;Groningen;2001 april;381;;;220;1;44;166;9;58;162;66;154
260;Groningen;2001 mei;436;;;68;17;12;31;8;11;57;68;0
261;Groningen;2001 juni;199;;;466;0;74;153;239;140;326;325;141
262;Groningen;2001 2e kwartaal;1016;;;754;18;130;350;256;209;545;459;295
263;Groningen;2001 juli;195;;;76;10;9;28;29;6;70;76;0
264;Groningen;2001 augustus;172;;;313;0;84;111;118;36;277;268;45
265;Groningen;2001 september;306;;;144;1;66;50;27;24;120;84;60
266;Groningen;2001 3e kwartaal;673;;;533;11;159;189;174;66;467;428;105
267;Groningen;2001 oktober;500;;;172;56;0;46;70;55;117;151;21
268;Groningen;2001 november;155;;;239;2;10;131;96;25;214;211;28
269;Groningen;2001 december;73;;;288;5;7;140;136;63;225;241;47
270;Groningen;2001 4e kwartaal;728;;;699;63;17;317;302;143;556;603;96
271;Groningen;2001;3173;;;2171;104;327;972;768;446;1725;1655;516
272;Friesland;1994;4384;4095.0;2820.0;3596;223;529;2141;703;678;2918;3291;305
273;Friesland;1994 januari;222;243.0;2641.0;95;23;27;23;22;45;50;57;38
274;Friesland;1994 februari;361;160.0;2591.0;195;27;17;120;31;36;159;181;14
275;Friesland;1994 maart;256;395.0;2751.0;230;1;9;185;35;12;218;230;0
276;Friesland;1994 april;336;322.0;2840.0;210;2;19;137;52;4;206;209;1
277;Friesland;1994 mei;326;272.0;2758.0;354;28;90;183;53;133;221;246;108
278;Friesland;1994 juni;570;429.0;2876.0;312;0;22;233;57;33;279;306;6
279;Friesland;1994 juli;337;373.0;2840.0;275;0;79;132;64;70;205;272;3
280;Friesland;1994 augustus;483;483.0;3039.0;281;4;27;182;68;19;262;279;2
281;Friesland;1994 september;406;448.0;3188.0;298;0;38;198;62;22;276;285;13
282;Friesland;1994 oktober;292;308.0;3230.0;272;3;48;145;76;37;235;271;1
283;Friesland;1994 november;276;304.0;3207.0;327;20;29;206;72;56;271;292;35
284;Friesland;1994 december;519;358.0;2820.0;747;115;124;397;111;211;536;663;84
285;Friesland;1994 1e kwartaal;839;798.0;2751.0;520;51;53;328;88;93;427;468;52
286;Friesland;1994 2e kwartaal;1232;1023.0;2876.0;876;30;131;553;162;170;706;761;115
287;Friesland;1994 3e kwartaal;1226;1304.0;3188.0;854;4;144;512;194;111;743;836;18
288;Friesland;1994 4e kwartaal;1087;970.0;2820.0;1346;138;201;748;259;304;1042;1226;120
289;Friesland;1995;3493;3515.0;2591.0;3780;229;567;2207;777;796;2984;3417;363
290;Friesland;1995 januari;216;372.0;3026.0;163;2;6;126;29;0;163;163;0
291;Friesland;1995 februari;637;241.0;3090.0;171;0;16;115;40;8;163;171;0
292;Friesland;1995 maart;257;226.0;2811.0;504;46;94;315;49;119;385;448;56
293;Friesland;1995 april;257;463.0;3037.0;213;4;23;150;36;19;194;213;0
294;Friesland;1995 mei;308;434.0;3190.0;257;2;32;161;62;12;245;257;0
295;Friesland;1995 juni;316;236.0;3121.0;304;5;21;216;62;58;246;284;20
296;Friesland;1995 juli;209;270.0;3125.0;251;1;23;137;90;13;238;233;18
297;Friesland;1995 augustus;340;230.0;3084.0;251;20;43;133;55;54;197;224;27
298;Friesland;1995 september;225;311.0;3124.0;270;5;21;194;50;39;231;270;0
299;Friesland;1995 oktober;259;341.0;3214.0;331;56;65;152;58;66;265;311;20
300;Friesland;1995 november;218;181.0;2931.0;487;54;143;185;105;215;272;308;179
301;Friesland;1995 december;251;210.0;2591.0;578;34;80;323;141;193;385;535;43
302;Friesland;1995 1e kwartaal;1110;839.0;2811.0;838;48;116;556;118;127;711;782;56
303;Friesland;1995 2e kwartaal;881;1133.0;3121.0;774;11;76;527;160;89;685;754;20
304;Friesland;1995 3e kwartaal;774;811.0;3124.0;772;26;87;464;195;106;666;727;45
305;Friesland;1995 4e kwartaal;728;732.0;2591.0;1396;144;288;660;304;474;922;1154;242
306;Friesland;1996;4189;3929.0;3394.0;3077;240;651;1409;777;737;2340;2523;554
307;Friesland;1996 januari;446;275.0;2689.0;148;0;73;40;35;71;77;114;34
308;Friesland;1996 februari;342;127.0;2658.0;161;0;64;56;41;61;100;100;61
309;Friesland;1996 maart;256;342.0;2833.0;157;2;24;67;64;12;145;137;20
310;Friesland;1996 april;306;479.0;3143.0;178;15;15;79;69;14;164;161;17
311;Friesland;1996 mei;316;292.0;3214.0;221;0;60;108;53;33;188;197;24
312;Friesland;1996 juni;307;321.0;3234.0;295;14;74;170;37;57;238;243;52
313;Friesland;1996 juli;511;381.0;3302.0;315;0;50;192;73;46;269;269;46
314;Friesland;1996 augustus;294;419.0;3567.0;152;2;4;81;65;0;152;152;0
315;Friesland;1996 september;370;233.0;3477.0;319;63;50;161;45;105;214;266;53
316;Friesland;1996 oktober;336;451.0;3655.0;273;2;89;112;70;74;199;199;74
317;Friesland;1996 november;356;360.0;3620.0;393;50;26;191;126;68;325;331;62
318;Friesland;1996 december;349;249.0;3394.0;465;92;122;152;99;196;269;354;111
319;Friesland;1996 1e kwartaal;1044;744.0;2833.0;466;2;161;163;140;144;322;351;115
320;Friesland;1996 2e kwartaal;929;1092.0;3234.0;694;29;149;357;159;104;590;601;93
321;Friesland;1996 3e kwartaal;1175;1033.0;3477.0;786;65;104;434;183;151;635;687;99
322;Friesland;1996 4e kwartaal;1041;1060.0;3394.0;1131;144;237;455;295;338;793;884;247
323;Friesland;1997;3318;3524.0;3354.0;3591;195;727;1782;887;573;3018;3053;538
324;Friesland;1997 januari;220;179.0;3391.0;181;2;34;102;43;28;153;181;0
325;Friesland;1997 februari;234;273.0;3491.0;172;0;21;112;39;9;163;172;0
326;Friesland;1997 maart;223;331.0;3625.0;197;1;10;128;58;21;176;197;0
327;Friesland;1997 april;352;426.0;3901.0;175;44;3;80;48;48;127;141;34
328;Friesland;1997 mei;371;266.0;3816.0;350;3;107;170;70;73;277;294;56
329;Friesland;1997 juni;234;331.0;3859.0;288;19;96;125;48;47;241;217;71
330;Friesland;1997 juli;220;275.0;3783.0;351;30;134;138;49;154;197;209;142
331;Friesland;1997 augustus;232;145.0;3681.0;249;2;52;135;60;30;219;224;25
332;Friesland;1997 september;443;301.0;3656.0;326;6;59;186;75;35;291;307;19
333;Friesland;1997 oktober;282;334.0;3667.0;323;3;38;218;64;20;303;323;0
334;Friesland;1997 november;249;374.0;3519.0;523;18;137;205;163;39;484;390;133
335;Friesland;1997 december;258;289.0;3354.0;456;67;36;183;170;69;387;398;58
336;Friesland;1997 1e kwartaal;677;783.0;3625.0;550;3;65;342;140;58;492;550;0
337;Friesland;1997 2e kwartaal;957;1023.0;3859.0;813;66;206;375;166;168;645;652;161
338;Friesland;1997 3e kwartaal;895;721.0;3656.0;926;38;245;459;184;219;707;740;186
339;Friesland;1997 4e kwartaal;789;997.0;3354.0;1302;88;211;606;397;128;1174;1111;191
340;Friesland;1998;3246;3201.0;3025.0;3317;105;570;1759;883;498;2819;2967;350
341;Friesland;1998 januari;219;176.0;3422.0;104;5;8;43;48;0;104;98;6
342;Friesland;1998 februari;257;217.0;3231.0;189;3;39;110;37;25;164;162;27
343;Friesland;1998 maart;309;283.0;3264.0;255;1;24;185;45;63;192;180;75
344;Friesland;1998 april;190;249.0;3210.0;320;1;79;161;79;47;273;297;23
345;Friesland;1998 mei;282;194.0;3186.0;213;22;17;108;213;29;184;192;21
346;Friesland;1998 juni;322;315.0;3176.0;325;1;39;199;86;28;297;305;20
347;Friesland;1998 juli;274;240.0;3163.0;247;39;80;97;31;83;164;217;30
348;Friesland;1998 augustus;290;311.0;3275.0;200;1;33;116;50;23;177;177;23
349;Friesland;1998 september;363;345.0;3391.0;230;1;29;113;87;1;229;214;16
350;Friesland;1998 oktober;181;327.0;3383.0;335;0;76;169;90;65;270;305;30
351;Friesland;1998 november;276;191.0;3232.0;342;28;68;143;103;98;244;296;46
352;Friesland;1998 december;283;353.0;3025.0;557;3;78;315;161;36;521;524;33
353;Friesland;1998 1e kwartaal;785;676.0;3264.0;548;9;71;338;130;88;460;440;108
354;Friesland;1998 2e kwartaal;794;758.0;3176.0;858;24;135;468;231;104;754;794;64
355;Friesland;1998 3e kwartaal;927;896.0;3391.0;677;41;142;326;168;107;570;608;69
356;Friesland;1998 4e kwartaal;740;871.0;3025.0;1234;31;222;627;354;199;1035;1125;109
357;Friesland;1999;3642;3112.0;3022.0;3074;66;500;1795;713;392;2682;2793;281
358;Friesland;1999 januari;225;170.0;3144.0;50;1;4;34;11;0;50;50;0
359;Friesland;1999 februari;183;220.0;3154.0;210;2;55;125;28;46;164;151;59
360;Friesland;1999 maart;193;151.0;3205.0;105;0;22;51;32;0;105;89;16
361;Friesland;1999 april;196;271.0;3214.0;265;0;36;177;52;24;241;237;28
362;Friesland;1999 mei;146;166.0;3183.0;191;1;43;99;48;11;180;164;27
363;Friesland;1999 juni;414;186.0;3104.0;238;1;65;140;32;56;182;238;0
364;Friesland;1999 juli;323;233.0;3101.0;237;5;3;156;73;44;193;225;12
365;Friesland;1999 augustus;289;283.0;3184.0;206;2;61;89;54;33;173;206;0
366;Friesland;1999 september;468;241.0;3008.0;390;0;69;244;77;55;335;356;34
367;Friesland;1999 oktober;411;291.0;3011.0;280;3;13;180;84;29;251;280;0
368;Friesland;1999 november;284;505.0;3217.0;304;1;64;174;65;0;304;251;53
369;Friesland;1999 december;510;395.0;3022.0;598;50;65;326;157;94;504;546;52
370;Friesland;1999 1e kwartaal;601;541.0;3205.0;365;3;81;210;71;46;319;290;75
371;Friesland;1999 2e kwartaal;756;623.0;3104.0;694;2;144;416;132;91;603;639;55
372;Friesland;1999 3e kwartaal;1080;757.0;3008.0;833;7;133;489;204;132;701;787;46
373;Friesland;1999 4e kwartaal;1205;1191.0;3022.0;1182;54;142;680;306;123;1059;1077;105
374;Friesland;2000;2806;;;2503;84;310;1321;788;270;2233;2346;157
375;Friesland;2000 januari;305;;;57;0;5;42;10;6;51;57;0
376;Friesland;2000 februari;224;;;106;27;1;32;46;30;76;102;4
377;Friesland;2000 maart;268;;;146;0;41;60;45;41;105;119;27
378;Friesland;2000 april;178;;;185;2;49;104;30;26;159;170;15
379;Friesland;2000 mei;205;;;173;0;0;96;77;0;173;167;6
380;Friesland;2000 juni;182;;;186;0;0;130;56;0;186;186;0
381;Friesland;2000 juli;213;;;150;0;19;84;47;8;142;138;12
382;Friesland;2000 augustus;252;;;166;0;5;101;60;0;166;166;0
383;Friesland;2000 september;358;;;194;10;17;102;65;14;180;194;0
384;Friesland;2000 oktober;195;;;213;3;13;123;74;15;198;213;0
385;Friesland;2000 november;168;;;189;9;9;86;85;9;180;187;2
386;Friesland;2000 december;258;;;738;33;151;361;193;121;617;647;91
387;Friesland;2000 1e kwartaal;797;;;309;27;47;134;101;77;232;278;31
388;Friesland;2000 2e kwartaal;565;;;544;2;49;330;163;26;518;523;21
389;Friesland;2000 3e kwartaal;823;;;510;10;41;287;172;22;488;498;12
390;Friesland;2000 4e kwartaal;621;;;1140;45;173;570;352;145;995;1047;93
391;Friesland;2001 januari;279;;;84;1;17;50;16;0;84;84;0
392;Friesland;2001 februari;402;;;73;0;2;46;25;0;73;73;0
393;Friesland;2001 maart;157;;;178;1;7;148;22;0;178;178;0
394;Friesland;2001 1e kwartaal;838;;;335;2;26;244;63;0;335;335;0
395;Friesland;2001 april;224;;;194;0;44;116;34;53;141;171;23
396;Friesland;2001 mei;311;;;195;0;31;142;22;65;130;138;57
397;Friesland;2001 juni;200;;;275;2;49;153;71;12;263;227;48
398;Friesland;2001 2e kwartaal;735;;;664;2;124;411;127;130;534;536;128
399;Friesland;2001 juli;292;;;223;1;51;125;46;46;177;212;11
400;Friesland;2001 augustus;174;;;103;0;11;65;27;16;87;93;10
401;Friesland;2001 september;306;;;259;1;7;193;58;33;226;227;32
402;Friesland;2001 3e kwartaal;772;;;585;2;69;383;131;95;490;532;53
403;Friesland;2001 oktober;194;;;186;3;74;81;28;59;127;169;17
404;Friesland;2001 november;141;;;289;1;115;129;44;92;197;214;75
405;Friesland;2001 december;206;;;642;2;77;364;199;47;595;573;69
406;Friesland;2001 4e kwartaal;541;;;1117;6;266;574;271;198;919;956;161
407;Friesland;2001;2886;;;2701;12;485;1612;592;423;2278;2359;342
408;Drenthe;1994;3682;3707.0;2656.0;3657;279;738;2200;440;738;2919;3249;408
409;Drenthe;1994 januari;313;368.0;2925.0;120;9;15;75;21;8;112;120;0
410;Drenthe;1994 februari;275;195.0;2981.0;113;0;34;56;23;10;103;105;8
411;Drenthe;1994 maart;267;286.0;3083.0;187;0;18;146;23;31;156;183;4
412;Drenthe;1994 april;376;556.0;3257.0;373;3;150;186;34;79;294;313;60
413;Drenthe;1994 mei;265;403.0;3306.0;354;35;64;225;30;78;276;310;44
414;Drenthe;1994 juni;208;201.0;3240.0;266;1;67;180;18;24;242;257;9
415;Drenthe;1994 juli;338;168.0;3078.0;331;44;66;177;44;88;243;307;24
416;Drenthe;1994 augustus;410;225.0;2865.0;424;10;94;243;77;143;281;363;61
417;Drenthe;1994 september;251;273.0;2923.0;214;30;32;120;32;48;166;170;44
418;Drenthe;1994 oktober;246;255.0;2724.0;446;0;45;370;31;36;410;446;0
419;Drenthe;1994 november;432;360.0;2670.0;414;73;115;174;52;123;291;330;84
420;Drenthe;1994 december;301;417.0;2656.0;415;74;38;248;55;70;345;345;70
421;Drenthe;1994 1e kwartaal;855;849.0;3083.0;420;9;67;277;67;49;371;408;12
422;Drenthe;1994 2e kwartaal;849;1160.0;3240.0;993;39;281;591;82;181;812;880;113
423;Drenthe;1994 3e kwartaal;999;666.0;2923.0;969;84;192;540;153;279;690;840;129
424;Drenthe;1994 4e kwartaal;979;1032.0;2656.0;1275;147;198;792;138;229;1046;1121;154
425;Drenthe;1995;3306;3110.0;2631.0;3089;185;733;1814;357;624;2465;2521;568
426;Drenthe;1995 januari;427;227.0;2727.0;157;1;64;70;22;19;138;110;47
427;Drenthe;1995 februari;237;267.0;2710.0;280;9;116;133;22;107;173;169;111
428;Drenthe;1995 maart;299;337.0;2838.0;195;8;28;123;36;14;181;181;14
429;Drenthe;1995 april;257;333.0;2925.0;236;40;35;121;40;30;206;204;32
430;Drenthe;1995 mei;254;228.0;3011.0;129;0;20;86;23;0;129;128;1
431;Drenthe;1995 juni;197;150.0;2862.0;298;6;134;124;34;67;231;200;98
432;Drenthe;1995 juli;336;219.0;2781.0;297;3;85;168;41;49;248;248;49
433;Drenthe;1995 augustus;130;295.0;2940.0;135;2;12;97;24;7;128;135;0
434;Drenthe;1995 september;375;377.0;3158.0;159;5;42;95;17;37;122;158;1
435;Drenthe;1995 oktober;278;250.0;3219.0;188;0;20;150;18;0;188;187;1
436;Drenthe;1995 november;268;230.0;2917.0;532;75;91;335;31;155;377;400;132
437;Drenthe;1995 december;248;197.0;2631.0;483;36;86;312;49;139;344;401;82
438;Drenthe;1995 1e kwartaal;963;831.0;2838.0;632;18;208;326;80;140;492;460;172
439;Drenthe;1995 2e kwartaal;708;711.0;2862.0;663;46;189;331;97;97;566;532;131
440;Drenthe;1995 3e kwartaal;841;891.0;3158.0;591;10;139;360;82;93;498;541;50
441;Drenthe;1995 4e kwartaal;794;677.0;2631.0;1203;111;197;797;98;294;909;988;215
442;Drenthe;1996;3003;3228.0;2848.0;2994;314;744;1550;386;675;2319;2507;487
443;Drenthe;1996 januari;327;119.0;2667.0;77;0;14;38;25;13;64;65;12
444;Drenthe;1996 februari;217;99.0;2693.0;73;0;32;32;9;12;61;63;10
445;Drenthe;1996 maart;224;527.0;3106.0;108;10;27;63;8;19;89;108;0
446;Drenthe;1996 april;265;303.0;3108.0;307;2;121;165;19;82;225;307;0
447;Drenthe;1996 mei;231;164.0;3042.0;230;0;36;174;20;28;202;230;0
448;Drenthe;1996 juni;184;209.0;3084.0;166;0;33;108;25;0;166;140;26
449;Drenthe;1996 juli;334;189.0;3000.0;272;50;35;154;33;62;210;242;30
450;Drenthe;1996 augustus;405;315.0;2925.0;390;106;62;144;78;120;270;247;143
451;Drenthe;1996 september;256;442.0;3061.0;306;29;127;114;36;96;210;218;88
452;Drenthe;1996 oktober;138;315.0;3066.0;305;65;85;119;36;133;172;257;48
453;Drenthe;1996 november;254;308.0;3092.0;282;2;46;183;51;0;282;264;18
454;Drenthe;1996 december;168;238.0;2848.0;478;50;126;256;46;110;368;366;112
455;Drenthe;1996 1e kwartaal;768;745.0;3106.0;258;10;73;133;42;44;214;236;22
456;Drenthe;1996 2e kwartaal;680;676.0;3084.0;703;2;190;447;64;110;593;677;26
457;Drenthe;1996 3e kwartaal;995;946.0;3061.0;968;185;224;412;147;278;690;707;261
458;Drenthe;1996 4e kwartaal;560;861.0;2848.0;1065;117;257;558;133;243;822;887;178
459;Drenthe;1997;3287;2639.0;2279.0;3152;95;555;2054;448;397;2755;2843;309
460;Drenthe;1997 januari;195;42.0;2788.0;102;1;25;66;10;7;95;84;18
461;Drenthe;1997 februari;144;153.0;2777.0;163;1;64;71;27;33;130;110;53
462;Drenthe;1997 maart;340;297.0;2903.0;171;43;11;90;27;60;111;118;53
463;Drenthe;1997 april;181;227.0;2876.0;254;1;77;125;51;47;207;246;8
464;Drenthe;1997 mei;194;71.0;2794.0;153;0;18;123;12;0;153;144;9
465;Drenthe;1997 juni;372;400.0;2643.0;546;8;169;324;45;111;435;511;35
466;Drenthe;1997 juli;250;105.0;2561.0;178;24;23;100;31;25;153;148;30
467;Drenthe;1997 augustus;136;421.0;2782.0;200;0;50;129;21;0;200;152;48
468;Drenthe;1997 september;269;246.0;2772.0;255;0;3;169;83;0;255;255;0
469;Drenthe;1997 oktober;375;274.0;2690.0;346;1;45;260;40;25;321;302;44
470;Drenthe;1997 november;272;253.0;2484.0;460;16;50;335;59;87;373;456;4
471;Drenthe;1997 december;559;150.0;2279.0;324;0;20;262;42;2;322;317;7
472;Drenthe;1997 1e kwartaal;679;492.0;2903.0;436;45;100;227;64;100;336;312;124
473;Drenthe;1997 2e kwartaal;747;698.0;2643.0;953;9;264;572;108;158;795;901;52
474;Drenthe;1997 3e kwartaal;655;772.0;2772.0;633;24;76;398;135;25;608;555;78
475;Drenthe;1997 4e kwartaal;1206;677.0;2279.0;1130;17;115;857;141;114;1016;1075;55
476;Drenthe;1998;2691;2839.0;2850.0;2101;121;247;1361;372;291;1810;1892;209
477;Drenthe;1998 januari;239;403.0;2612.0;70;0;13;46;11;0;70;64;6
478;Drenthe;1998 februari;235;477.0;2916.0;155;0;53;68;34;26;129;138;17
479;Drenthe;1998 maart;262;206.0;3057.0;65;4;1;42;18;0;65;65;0
480;Drenthe;1998 april;235;295.0;3190.0;123;1;44;54;24;0;123;105;18
481;Drenthe;1998 mei;200;172.0;3262.0;100;19;9;54;100;18;82;82;18
482;Drenthe;1998 juni;201;124.0;3236.0;151;21;19;68;43;20;131;131;20
483;Drenthe;1998 juli;251;262.0;3289.0;209;0;0;187;22;0;209;209;0
484;Drenthe;1998 augustus;77;200.0;3402.0;87;0;5;57;25;0;87;85;2
485;Drenthe;1998 september;315;212.0;3435.0;191;1;22;134;34;17;174;191;0
486;Drenthe;1998 oktober;184;180.0;3410.0;144;0;6;87;51;20;124;112;32
487;Drenthe;1998 november;212;207.0;3348.0;270;61;62;127;20;96;174;176;94
488;Drenthe;1998 december;280;101.0;2850.0;536;14;13;437;72;94;442;534;2
489;Drenthe;1998 1e kwartaal;736;1086.0;3057.0;290;4;67;156;63;26;264;267;23
490;Drenthe;1998 2e kwartaal;636;591.0;3236.0;374;41;72;176;85;38;336;318;56
491;Drenthe;1998 3e kwartaal;643;674.0;3435.0;487;1;27;378;81;17;470;485;2
492;Drenthe;1998 4e kwartaal;676;488.0;2850.0;950;75;81;651;143;210;740;822;128
493;Drenthe;1999;2569;2525.0;2596.0;2613;191;407;1581;434;357;2256;2218;395
494;Drenthe;1999 januari;260;98.0;2599.0;351;0;68;243;40;29;322;351;0
495;Drenthe;1999 februari;116;149.0;2538.0;212;1;114;87;10;84;128;128;84
496;Drenthe;1999 maart;184;490.0;2970.0;59;0;1;46;12;0;59;59;0
497;Drenthe;1999 april;154;145.0;2857.0;259;1;29;203;26;0;259;241;18
498;Drenthe;1999 mei;136;60.0;2828.0;88;0;1;76;11;0;88;88;0
499;Drenthe;1999 juni;123;334.0;2911.0;251;73;34;122;22;92;159;161;90
500;Drenthe;1999 juli;246;229.0;3069.0;42;0;0;31;11;0;42;42;0
501;Drenthe;1999 augustus;61;134.0;2998.0;205;0;31;164;10;24;181;183;22
502;Drenthe;1999 september;237;138.0;3055.0;81;0;1;63;17;0;81;81;0
503;Drenthe;1999 oktober;260;186.0;3005.0;236;18;85;52;81;33;203;171;65
504;Drenthe;1999 november;310;145.0;2720.0;336;60;0;231;45;27;309;277;59
505;Drenthe;1999 december;482;417.0;2596.0;493;38;43;263;149;68;425;436;57
506;Drenthe;1999 1e kwartaal;560;737.0;2970.0;622;1;183;376;62;113;509;538;84
507;Drenthe;1999 2e kwartaal;413;539.0;2911.0;598;74;64;401;59;92;506;490;108
508;Drenthe;1999 3e kwartaal;544;501.0;3055.0;328;0;32;258;38;24;304;306;22
509;Drenthe;1999 4e kwartaal;1052;748.0;2596.0;1065;116;128;546;275;128;937;884;181
510;Drenthe;2000;2455;;;2043;138;467;1096;342;433;1610;1583;460
511;Drenthe;2000 januari;71;;;5;0;0;5;0;0;5;5;0
512;Drenthe;2000 februari;243;;;178;0;22;131;25;1;177;160;18
513;Drenthe;2000 maart;304;;;65;0;3;42;20;14;51;65;0
514;Drenthe;2000 april;236;;;174;0;92;66;16;46;128;154;20
515;Drenthe;2000 mei;210;;;176;37;33;94;12;55;121;131;45
516;Drenthe;2000 juni;257;;;149;0;57;75;17;57;92;149;0
517;Drenthe;2000 juli;271;;;66;0;14;42;10;0;66;50;16
518;Drenthe;2000 augustus;308;;;106;56;4;24;22;56;50;50;56
519;Drenthe;2000 september;97;;;193;0;75;78;40;70;123;128;65
520;Drenthe;2000 oktober;152;;;200;1;42;122;35;8;192;159;41
521;Drenthe;2000 november;135;;;451;10;115;261;65;92;359;304;147
522;Drenthe;2000 december;171;;;280;34;10;156;80;34;246;228;52
523;Drenthe;2000 1e kwartaal;618;;;248;0;25;178;45;15;233;230;18
524;Drenthe;2000 2e kwartaal;703;;;499;37;182;235;45;158;341;434;65
525;Drenthe;2000 3e kwartaal;676;;;365;56;93;144;72;126;239;228;137
526;Drenthe;2000 4e kwartaal;458;;;931;45;167;539;180;134;797;691;240
527;Drenthe;2001 januari;79;;;191;0;1;141;49;0;191;150;41
528;Drenthe;2001 februari;83;;;111;0;26;78;7;0;111;111;0
529;Drenthe;2001 maart;167;;;131;0;4;93;34;0;131;111;20
530;Drenthe;2001 1e kwartaal;329;;;433;0;31;312;90;0;433;372;61
531;Drenthe;2001 april;69;;;211;1;36;159;15;0;211;190;21
532;Drenthe;2001 mei;154;;;117;14;12;77;14;0;117;91;26
533;Drenthe;2001 juni;190;;;99;38;2;30;29;37;62;62;37
534;Drenthe;2001 2e kwartaal;413;;;427;53;50;266;58;37;390;343;84
535;Drenthe;2001 juli;412;;;143;0;19;93;31;7;136;143;0
536;Drenthe;2001 augustus;225;;;227;19;7;148;53;19;208;208;19
537;Drenthe;2001 september;120;;;119;43;46;20;10;49;70;51;68
538;Drenthe;2001 3e kwartaal;757;;;489;62;72;261;94;75;414;402;87
539;Drenthe;2001 oktober;213;;;92;0;2;69;21;0;92;87;5
540;Drenthe;2001 november;212;;;157;0;2;118;37;0;157;157;0
541;Drenthe;2001 december;393;;;376;57;61;188;70;59;317;280;96
542;Drenthe;2001 4e kwartaal;818;;;625;57;65;375;128;59;566;524;101
543;Drenthe;2001;2317;;;1974;172;218;1214;370;171;1803;1641;333
544;Overijssel;1994;8058;7015.0;5267.0;5660;302;827;3962;569;1279;4381;4987;673
545;Overijssel;1994 januari;360;517.0;4375.0;132;0;35;77;20;52;80;81;51
546;Overijssel;1994 februari;912;308.0;4432.0;257;20;21;181;35;57;200;230;27
547;Overijssel;1994 maart;644;481.0;4592.0;332;7;35;255;35;61;271;332;0
548;Overijssel;1994 april;556;489.0;4816.0;264;8;54;165;37;10;254;256;8
549;Overijssel;1994 mei;491;699.0;5187.0;325;0;48;221;56;12;313;325;0
550;Overijssel;1994 juni;569;657.0;5392.0;427;25;84;278;40;81;346;368;59
551;Overijssel;1994 juli;570;707.0;5332.0;747;55;136;507;49;227;520;609;138
552;Overijssel;1994 augustus;1046;298.0;5161.0;460;75;38;312;35;104;356;398;62
553;Overijssel;1994 september;457;671.0;5444.0;391;0;14;318;59;45;346;385;6
554;Overijssel;1994 oktober;932;441.0;5372.0;480;23;53;353;51;76;404;434;46
555;Overijssel;1994 november;746;1367.0;5894.0;846;5;106;694;41;218;628;694;152
556;Overijssel;1994 december;775;380.0;5267.0;999;84;203;601;111;336;663;875;124
557;Overijssel;1994 1e kwartaal;1916;1306.0;4592.0;721;27;91;513;90;170;551;643;78
558;Overijssel;1994 2e kwartaal;1616;1845.0;5392.0;1016;33;186;664;133;103;913;949;67
559;Overijssel;1994 3e kwartaal;2073;1676.0;5444.0;1598;130;188;1137;143;376;1222;1392;206
560;Overijssel;1994 4e kwartaal;2453;2188.0;5267.0;2325;112;362;1648;203;630;1695;2003;322
561;Overijssel;1995;7029;7710.0;5967.0;7128;693;1211;4563;661;2398;4730;5500;1628
562;Overijssel;1995 januari;402;631.0;5720.0;180;1;17;134;28;21;159;170;10
563;Overijssel;1995 februari;425;556.0;5866.0;399;0;125;219;55;147;252;373;26
564;Overijssel;1995 maart;748;519.0;6137.0;252;30;2;184;36;35;217;222;30
565;Overijssel;1995 april;738;723.0;6465.0;394;2;25;330;37;29;365;361;33
566;Overijssel;1995 mei;852;793.0;6954.0;304;16;104;139;45;104;200;216;88
567;Overijssel;1995 juni;1157;542.0;7043.0;585;10;52;433;90;209;376;474;111
568;Overijssel;1995 juli;450;697.0;6895.0;832;1;133;650;48;231;601;796;36
569;Overijssel;1995 augustus;585;485.0;6472.0;908;144;155;557;52;491;417;481;427
570;Overijssel;1995 september;245;1471.0;7627.0;317;16;79;170;52;79;238;259;58
571;Overijssel;1995 oktober;237;342.0;7376.0;587;130;114;270;73;279;308;411;176
572;Overijssel;1995 november;608;643.0;6952.0;1068;237;130;640;61;374;694;767;301
573;Overijssel;1995 december;582;308.0;5967.0;1302;106;275;837;84;399;903;970;332
574;Overijssel;1995 1e kwartaal;1575;1706.0;6137.0;831;31;144;537;119;203;628;765;66
575;Overijssel;1995 2e kwartaal;2747;2058.0;7043.0;1283;28;181;902;172;342;941;1051;232
576;Overijssel;1995 3e kwartaal;1280;2653.0;7627.0;2057;161;367;1377;152;801;1256;1536;521
577;Overijssel;1995 4e kwartaal;1427;1293.0;5967.0;2957;473;519;1747;218;1052;1905;2148;809
578;Overijssel;1996;8015;7352.0;6096.0;7037;476;1713;4095;753;2092;4945;5536;1501
579;Overijssel;1996 januari;438;230.0;6026.0;162;0;9;125;28;6;156;157;5
580;Overijssel;1996 februari;476;175.0;6003.0;206;41;32;108;25;91;115;139;67
581;Overijssel;1996 maart;787;406.0;6162.0;242;6;34;154;48;53;189;233;9
582;Overijssel;1996 april;363;541.0;6411.0;296;51;57;154;34;102;194;219;77
583;Overijssel;1996 mei;286;450.0;6525.0;282;2;41;190;49;0;282;282;0
584;Overijssel;1996 juni;621;1002.0;6570.0;1009;41;214;708;46;284;725;896;113
585;Overijssel;1996 juli;490;512.0;6799.0;277;23;75;152;27;92;185;213;64
586;Overijssel;1996 augustus;1134;626.0;6870.0;554;35;174;313;32;204;350;367;187
587;Overijssel;1996 september;543;597.0;6552.0;972;54;211;569;138;325;647;798;174
588;Overijssel;1996 oktober;1152;1060.0;7023.0;435;15;87;243;90;56;379;422;13
589;Overijssel;1996 november;1105;906.0;6753.0;1104;44;352;599;109;299;805;790;314
590;Overijssel;1996 december;620;847.0;6096.0;1498;164;427;780;127;580;918;1020;478
591;Overijssel;1996 1e kwartaal;1701;811.0;6162.0;610;47;75;387;101;150;460;529;81
592;Overijssel;1996 2e kwartaal;1270;1993.0;6570.0;1587;94;312;1052;129;386;1201;1397;190
593;Overijssel;1996 3e kwartaal;2167;1735.0;6552.0;1803;112;460;1034;197;621;1182;1378;425
594;Overijssel;1996 4e kwartaal;2877;2813.0;6096.0;3037;223;866;1622;326;935;2102;2232;805
595;Overijssel;1997;7738;7366.0;6288.0;7188;535;1398;4286;969;1969;5219;5455;1733
596;Overijssel;1997 januari;336;233.0;6174.0;156;2;36;90;28;30;126;120;36
597;Overijssel;1997 februari;281;416.0;6427.0;163;3;3;133;24;0;163;163;0
598;Overijssel;1997 maart;601;374.0;6384.0;414;32;58;204;120;117;297;304;110
599;Overijssel;1997 april;326;599.0;6732.0;251;17;58;146;30;56;195;251;0
600;Overijssel;1997 mei;377;500.0;6693.0;541;23;15;419;84;54;487;498;43
601;Overijssel;1997 juni;572;341.0;6340.0;711;3;131;474;103;107;604;590;121
602;Overijssel;1997 juli;328;302.0;5916.0;707;39;113;497;58;142;565;626;81
603;Overijssel;1997 augustus;367;525.0;6267.0;174;0;23;110;41;10;164;156;18
604;Overijssel;1997 september;1076;592.0;6130.0;721;108;107;427;79;252;469;507;214
605;Overijssel;1997 oktober;703;373.0;5976.0;487;195;46;172;74;259;228;250;237
606;Overijssel;1997 november;1828;1416.0;6550.0;904;27;269;489;119;322;582;592;312
607;Overijssel;1997 december;943;1695.0;6288.0;1959;86;539;1125;209;620;1339;1398;561
608;Overijssel;1997 1e kwartaal;1218;1023.0;6384.0;733;37;97;427;172;147;586;587;146
609;Overijssel;1997 2e kwartaal;1275;1440.0;6340.0;1503;43;204;1039;217;217;1286;1339;164
610;Overijssel;1997 3e kwartaal;1771;1419.0;6130.0;1602;147;243;1034;178;404;1198;1289;313
611;Overijssel;1997 4e kwartaal;3474;3484.0;6288.0;3350;308;854;1786;402;1201;2149;2240;1110
612;Overijssel;1998;5891;6307.0;5946.0;6502;317;1358;3679;1148;1587;4915;4994;1508
613;Overijssel;1998 januari;319;418.0;6401.0;278;0;76;123;79;22;256;216;62
614;Overijssel;1998 februari;450;385.0;6390.0;287;50;59;132;46;112;175;182;105
615;Overijssel;1998 maart;533;498.0;6651.0;234;0;36;128;70;26;208;228;6
616;Overijssel;1998 april;534;677.0;6964.0;359;0;18;274;67;7;352;359;0
617;Overijssel;1998 mei;348;427.0;6993.0;398;2;142;208;398;95;303;285;113
618;Overijssel;1998 juni;674;509.0;7129.0;364;26;90;195;53;74;290;300;64
619;Overijssel;1998 juli;240;459.0;7035.0;556;147;47;286;76;185;371;426;130
620;Overijssel;1998 augustus;193;407.0;6982.0;460;0;130;287;43;154;306;269;191
621;Overijssel;1998 september;434;433.0;7177.0;237;0;31;167;39;73;164;237;0
622;Overijssel;1998 oktober;524;382.0;7343.0;215;8;39;130;38;21;194;194;21
623;Overijssel;1998 november;696;999.0;7181.0;1197;52;229;691;225;313;884;976;221
624;Overijssel;1998 december;946;713.0;5946.0;1917;32;461;1058;366;505;1412;1322;595
625;Overijssel;1998 1e kwartaal;1302;1301.0;6651.0;799;50;171;383;195;160;639;626;173
626;Overijssel;1998 2e kwartaal;1556;1613.0;7129.0;1121;28;250;677;166;176;945;944;177
627;Overijssel;1998 3e kwartaal;867;1299.0;7177.0;1253;147;208;740;158;412;841;932;321
628;Overijssel;1998 4e kwartaal;2166;2094.0;5946.0;3329;92;729;1879;629;839;2490;2492;837
629;Overijssel;1999;5343;4599.0;4422.0;5959;334;1240;3441;944;1415;4544;4507;1452
630;Overijssel;1999 januari;270;204.0;6031.0;119;1;4;97;17;0;119;118;1
631;Overijssel;1999 februari;743;626.0;6259.0;399;60;162;130;47;185;214;186;213
632;Overijssel;1999 maart;344;462.0;6302.0;352;17;20;243;72;45;307;322;30
633;Overijssel;1999 april;348;203.0;6184.0;322;14;59;205;44;14;308;231;91
634;Overijssel;1999 mei;386;388.0;6194.0;371;48;56;178;89;97;274;289;82
635;Overijssel;1999 juni;292;230.0;6055.0;368;0;77;200;91;55;313;294;74
636;Overijssel;1999 juli;549;505.0;6279.0;244;0;58;126;60;51;193;206;38
637;Overijssel;1999 augustus;253;112.0;5954.0;437;1;7;368;61;58;379;299;138
638;Overijssel;1999 september;529;310.0;6024.0;242;17;8;160;57;49;193;241;1
639;Overijssel;1999 oktober;284;429.0;6028.0;425;67;55;248;55;175;250;320;105
640;Overijssel;1999 november;440;427.0;5122.0;1340;15;365;799;161;279;1061;1094;246
641;Overijssel;1999 december;905;703.0;4422.0;1340;94;369;687;190;407;933;907;433
642;Overijssel;1999 1e kwartaal;1357;1292.0;6302.0;870;78;186;470;136;230;640;626;244
643;Overijssel;1999 2e kwartaal;1026;821.0;6055.0;1061;62;192;583;224;166;895;814;247
644;Overijssel;1999 3e kwartaal;1331;927.0;6024.0;923;18;73;654;178;158;765;746;177
645;Overijssel;1999 4e kwartaal;1629;1559.0;4422.0;3105;176;789;1734;406;861;2244;2321;784
646;Overijssel;2000;5451;;;4307;269;932;2358;748;830;3477;3527;780
647;Overijssel;2000 januari;315;;;290;42;23;204;21;87;203;269;21
648;Overijssel;2000 februari;383;;;98;0;4;73;21;0;98;88;10
649;Overijssel;2000 maart;451;;;122;16;3;86;17;16;106;106;16
650;Overijssel;2000 april;429;;;248;37;20;144;47;37;211;201;47
651;Overijssel;2000 mei;323;;;122;0;26;67;29;12;110;100;22
652;Overijssel;2000 juni;573;;;267;6;28;104;129;52;215;261;6
653;Overijssel;2000 juli;295;;;386;18;161;170;37;149;237;272;114
654;Overijssel;2000 augustus;609;;;384;7;106;209;62;14;370;338;46
655;Overijssel;2000 september;586;;;462;44;56;293;69;69;393;369;93
656;Overijssel;2000 oktober;374;;;506;55;161;205;85;165;341;338;168
657;Overijssel;2000 november;597;;;641;0;47;482;112;28;613;602;39
658;Overijssel;2000 december;516;;;781;44;297;321;119;201;580;583;198
659;Overijssel;2000 1e kwartaal;1149;;;510;58;30;363;59;103;407;463;47
660;Overijssel;2000 2e kwartaal;1325;;;637;43;74;315;205;101;536;562;75
661;Overijssel;2000 3e kwartaal;1490;;;1232;69;323;672;168;232;1000;979;253
662;Overijssel;2000 4e kwartaal;1487;;;1928;99;505;1008;316;394;1534;1523;405
663;Overijssel;2001 januari;474;;;335;2;44;253;36;46;289;287;48
664;Overijssel;2001 februari;322;;;60;14;2;28;16;10;50;46;14
665;Overijssel;2001 maart;336;;;435;64;13;319;39;74;361;371;64
666;Overijssel;2001 1e kwartaal;1132;;;830;80;59;600;91;130;700;704;126
667;Overijssel;2001 april;257;;;265;0;6;210;49;1;264;265;0
668;Overijssel;2001 mei;408;;;64;0;0;39;25;0;64;64;0
669;Overijssel;2001 juni;473;;;329;73;49;125;82;111;218;194;135
670;Overijssel;2001 2e kwartaal;1138;;;658;73;55;374;156;112;546;523;135
671;Overijssel;2001 juli;269;;;122;0;20;33;69;0;122;120;2
672;Overijssel;2001 augustus;138;;;129;0;3;98;28;20;109;128;1
673;Overijssel;2001 september;633;;;835;14;202;532;87;127;708;675;160
674;Overijssel;2001 3e kwartaal;1040;;;1086;14;225;663;184;147;939;923;163
675;Overijssel;2001 oktober;603;;;583;0;55;435;93;36;547;572;11
676;Overijssel;2001 november;319;;;315;15;32;187;81;0;315;305;10
677;Overijssel;2001 december;584;;;1530;123;78;813;516;298;1232;1375;155
678;Overijssel;2001 4e kwartaal;1506;;;2428;138;165;1435;690;334;2094;2252;176
679;Overijssel;2001;4816;;;5002;305;504;3072;1121;723;4279;4402;600
680;Flevoland;1994;5307;4995.0;3772.0;3892;70;926;2428;468;1391;2501;3136;756
681;Flevoland;1994 januari;270;283.0;2978.0;46;0;3;38;5;0;46;45;1
682;Flevoland;1994 februari;551;117.0;3013.0;81;5;25;50;1;23;58;81;0
683;Flevoland;1994 maart;214;91.0;3031.0;67;2;9;36;20;0;67;67;0
684;Flevoland;1994 april;546;600.0;3557.0;74;2;0;58;14;0;74;74;0
685;Flevoland;1994 mei;469;190.0;3146.0;560;7;229;282;42;255;305;329;231
686;Flevoland;1994 juni;770;646.0;3639.0;153;0;18;96;39;15;138;138;15
687;Flevoland;1994 juli;580;509.0;4010.0;136;0;14;113;9;23;113;124;12
688;Flevoland;1994 augustus;148;86.0;3952.0;142;1;20;89;32;0;142;142;0
689;Flevoland;1994 september;343;1126.0;4950.0;131;44;7;74;6;42;89;89;42
690;Flevoland;1994 oktober;490;252.0;3733.0;1469;7;424;866;172;788;681;1080;389
691;Flevoland;1994 november;682;383.0;3642.0;451;2;90;326;33;110;341;432;19
692;Flevoland;1994 december;244;712.0;3772.0;582;0;87;400;95;135;447;535;47
693;Flevoland;1994 1e kwartaal;1035;491.0;3031.0;194;7;37;124;26;23;171;193;1
694;Flevoland;1994 2e kwartaal;1785;1436.0;3639.0;787;9;247;436;95;270;517;541;246
695;Flevoland;1994 3e kwartaal;1071;1721.0;4950.0;409;45;41;276;47;65;344;355;54
696;Flevoland;1994 4e kwartaal;1416;1347.0;3772.0;2502;9;601;1592;300;1033;1469;2047;455
697;Flevoland;1995;4046;4133.0;2888.0;5027;120;551;3664;692;1283;3744;4493;534
698;Flevoland;1995 januari;306;103.0;3829.0;46;0;1;42;3;0;46;46;0
699;Flevoland;1995 februari;137;550.0;4314.0;59;0;0;51;8;0;59;59;0
700;Flevoland;1995 maart;235;119.0;3920.0;513;13;19;451;30;78;435;500;13
701;Flevoland;1995 april;78;320.0;4031.0;209;1;13;192;3;0;209;209;0
702;Flevoland;1995 mei;653;238.0;3395.0;874;4;33;738;99;125;749;862;12
703;Flevoland;1995 juni;372;376.0;3646.0;125;7;11;101;6;33;92;119;6
704;Flevoland;1995 juli;385;555.0;3384.0;818;33;127;504;154;334;484;651;167
705;Flevoland;1995 augustus;98;90.0;3302.0;172;3;16;139;14;0;172;172;0
706;Flevoland;1995 september;112;208.0;3371.0;139;2;14;100;23;1;138;139;0
707;Flevoland;1995 oktober;204;421.0;3261.0;531;13;103;386;29;239;292;451;80
708;Flevoland;1995 november;891;681.0;3592.0;358;12;36;269;41;125;233;309;49
709;Flevoland;1995 december;575;472.0;2888.0;1183;32;178;691;282;348;835;976;207
710;Flevoland;1995 1e kwartaal;678;772.0;3920.0;618;13;20;544;41;78;540;605;13
711;Flevoland;1995 2e kwartaal;1103;934.0;3646.0;1208;12;57;1031;108;158;1050;1190;18
712;Flevoland;1995 3e kwartaal;595;853.0;3371.0;1129;38;157;743;191;335;794;962;167
713;Flevoland;1995 4e kwartaal;1670;1574.0;2888.0;2072;57;317;1346;352;712;1360;1736;336
714;Flevoland;1996;6969;5098.0;4026.0;4066;97;1013;2433;523;1313;2753;3305;761
715;Flevoland;1996 januari;248;31.0;2887.0;32;0;1;21;10;0;32;32;0
716;Flevoland;1996 februari;841;400.0;3240.0;47;0;1;41;5;0;47;47;0
717;Flevoland;1996 maart;217;345.0;3194.0;388;42;75;244;27;264;124;277;111
718;Flevoland;1996 april;228;205.0;3361.0;49;1;10;36;2;0;49;49;0
719;Flevoland;1996 mei;50;100.0;3350.0;111;8;25;71;7;66;45;111;0
720;Flevoland;1996 juni;1826;297.0;3265.0;418;3;104;269;42;117;301;350;68
721;Flevoland;1996 juli;506;117.0;3084.0;298;6;44;212;36;106;192;250;48
722;Flevoland;1996 augustus;283;286.0;3250.0;120;3;10;86;21;41;79;119;1
723;Flevoland;1996 september;816;761.0;3546.0;468;8;142;265;53;165;303;373;95
724;Flevoland;1996 oktober;637;1862.0;5293.0;115;1;35;62;17;0;115;115;0
725;Flevoland;1996 november;821;209.0;5201.0;302;0;42;241;19;73;229;226;76
726;Flevoland;1996 december;496;485.0;4026.0;1718;25;524;885;284;481;1237;1356;362
727;Flevoland;1996 1e kwartaal;1306;776.0;3194.0;467;42;77;306;42;264;203;356;111
728;Flevoland;1996 2e kwartaal;2104;602.0;3265.0;578;12;139;376;51;183;395;510;68
729;Flevoland;1996 3e kwartaal;1605;1164.0;3546.0;886;17;196;563;110;312;574;742;144
730;Flevoland;1996 4e kwartaal;1954;2556.0;4026.0;2135;26;601;1188;320;554;1581;1697;438
731;Flevoland;1997;6513;6040.0;4451.0;5619;122;995;3893;609;1199;4420;5024;595
732;Flevoland;1997 januari;371;30.0;4011.0;45;2;0;40;3;0;45;45;0
733;Flevoland;1997 februari;374;316.0;4310.0;17;0;2;11;4;0;17;17;0
734;Flevoland;1997 maart;221;84.0;4091.0;303;0;17;220;66;9;294;303;0
735;Flevoland;1997 april;770;2128.0;5690.0;529;4;64;407;54;210;319;476;53
736;Flevoland;1997 mei;970;27.0;5547.0;151;0;0;132;19;0;151;151;0
737;Flevoland;1997 juni;274;130.0;5519.0;158;0;40;109;9;0;158;124;34
738;Flevoland;1997 juli;179;583.0;5946.0;136;0;7;122;7;0;136;136;0
739;Flevoland;1997 augustus;930;144.0;5134.0;962;11;123;725;103;223;739;873;89
740;Flevoland;1997 september;634;226.0;4908.0;459;5;100;340;14;106;353;409;50
741;Flevoland;1997 oktober;805;1086.0;5794.0;200;1;3;168;28;0;200;200;0
742;Flevoland;1997 november;423;97.0;4763.0;1127;31;279;717;100;215;912;985;142
743;Flevoland;1997 december;562;1189.0;4451.0;1532;68;360;902;202;436;1096;1305;227
744;Flevoland;1997 1e kwartaal;966;430.0;4091.0;365;2;19;271;73;9;356;365;0
745;Flevoland;1997 2e kwartaal;2014;2285.0;5519.0;838;4;104;648;82;210;628;751;87
746;Flevoland;1997 3e kwartaal;1743;953.0;4908.0;1557;16;230;1187;124;329;1228;1418;139
747;Flevoland;1997 4e kwartaal;1790;2372.0;4451.0;2859;100;642;1787;330;651;2208;2490;369
748;Flevoland;1998;3802;4775.0;3185.0;5369;91;1038;3446;794;1095;4274;4633;736
749;Flevoland;1998 januari;133;71.0;4450.0;72;0;3;66;3;1;71;72;0
750;Flevoland;1998 februari;388;1759.0;6103.0;42;0;1;32;9;0;42;42;0
751;Flevoland;1998 maart;713;102.0;4854.0;1347;22;289;912;124;394;953;1085;262
752;Flevoland;1998 april;123;102.0;4718.0;238;0;20;198;20;0;238;238;0
753;Flevoland;1998 mei;214;523.0;5262.0;4;0;0;3;4;2;2;4;0
754;Flevoland;1998 juni;186;390.0;5505.0;148;1;4;128;15;1;147;148;0
755;Flevoland;1998 juli;253;256.0;5247.0;519;6;102;335;76;75;444;416;103
756;Flevoland;1998 augustus;199;35.0;5167.0;114;0;2;77;35;0;114;114;0
757;Flevoland;1998 september;91;350.0;5131.0;386;7;187;95;97;108;278;379;7
758;Flevoland;1998 oktober;184;180.0;4991.0;319;16;100;155;48;112;207;207;112
759;Flevoland;1998 november;557;191.0;4761.0;422;10;25;371;16;40;382;379;43
760;Flevoland;1998 december;761;816.0;3185.0;1758;29;305;1075;349;362;1396;1549;209
761;Flevoland;1998 1e kwartaal;1234;1932.0;4854.0;1461;22;293;1010;136;395;1066;1199;262
762;Flevoland;1998 2e kwartaal;523;1015.0;5505.0;390;1;24;329;36;3;387;390;0
763;Flevoland;1998 3e kwartaal;543;641.0;5131.0;1019;13;291;507;208;183;836;909;110
764;Flevoland;1998 4e kwartaal;1502;1187.0;3185.0;2499;55;430;1601;413;514;1985;2135;364
765;Flevoland;1999;5791;5813.0;5043.0;3933;200;738;2334;661;875;3058;3396;537
766;Flevoland;1999 januari;134;407.0;3581.0;11;0;2;6;3;0;11;11;0
767;Flevoland;1999 februari;218;182.0;3560.0;207;18;44;126;19;106;101;165;42
768;Flevoland;1999 maart;218;424.0;3740.0;244;16;36;182;10;181;63;194;50
769;Flevoland;1999 april;1141;678.0;4154.0;273;0;112;148;13;0;273;273;0
770;Flevoland;1999 mei;1120;1218.0;4964.0;420;16;73;268;63;148;272;334;86
771;Flevoland;1999 juni;61;369.0;4978.0;348;1;122;178;47;56;292;292;56
772;Flevoland;1999 juli;336;161.0;5090.0;49;1;2;34;12;0;49;49;0
773;Flevoland;1999 augustus;614;351.0;5435.0;6;0;1;5;0;0;6;6;0
774;Flevoland;1999 september;349;430.0;5573.0;292;28;9;50;205;28;264;264;28
775;Flevoland;1999 oktober;526;337.0;5661.0;249;0;9;211;29;0;249;249;0
776;Flevoland;1999 november;993;572.0;6009.0;223;18;40;119;46;0;223;192;31
777;Flevoland;1999 december;81;684.0;5043.0;1611;102;288;1007;214;356;1255;1367;244
778;Flevoland;1999 1e kwartaal;570;1013.0;3740.0;462;34;82;314;32;287;175;370;92
779;Flevoland;1999 2e kwartaal;2322;2265.0;4978.0;1041;17;307;594;123;204;837;899;142
780;Flevoland;1999 3e kwartaal;1299;942.0;5573.0;347;29;12;89;217;28;319;319;28
781;Flevoland;1999 4e kwartaal;1600;1593.0;5043.0;2083;120;337;1337;289;356;1727;1808;275
782;Flevoland;2000;4985;;;4565;168;729;2913;755;769;3796;4128;437
783;Flevoland;2000 januari;202;;;5;0;0;4;1;0;5;5;0
784;Flevoland;2000 februari;705;;;63;0;2;48;13;0;63;63;0
785;Flevoland;2000 maart;441;;;260;11;70;170;9;18;242;231;29
786;Flevoland;2000 april;382;;;88;0;21;18;49;0;88;88;0
787;Flevoland;2000 mei;664;;;157;5;15;107;30;0;157;157;0
788;Flevoland;2000 juni;544;;;356;43;20;263;30;225;131;297;59
789;Flevoland;2000 juli;398;;;625;2;130;372;121;22;603;554;71
790;Flevoland;2000 augustus;368;;;40;0;5;27;8;1;39;40;0
791;Flevoland;2000 september;1019;;;308;20;82;174;32;2;306;308;0
792;Flevoland;2000 oktober;153;;;544;0;0;306;238;0;544;543;1
793;Flevoland;2000 november;90;;;1828;86;357;1235;150;488;1340;1564;264
794;Flevoland;2000 december;19;;;291;1;27;189;74;13;278;278;13
795;Flevoland;2000 1e kwartaal;1348;;;328;11;72;222;23;18;310;299;29
796;Flevoland;2000 2e kwartaal;1590;;;601;48;56;388;109;225;376;542;59
797;Flevoland;2000 3e kwartaal;1785;;;973;22;217;573;161;25;948;902;71
798;Flevoland;2000 4e kwartaal;262;;;2663;87;384;1730;462;501;2162;2385;278
799;Flevoland;2001 januari;213;;;108;0;0;105;3;14;94;108;0
800;Flevoland;2001 februari;256;;;201;2;19;147;33;18;183;183;18
801;Flevoland;2001 maart;195;;;88;0;3;47;38;0;88;88;0
802;Flevoland;2001 1e kwartaal;664;;;397;2;22;299;74;32;365;379;18
803;Flevoland;2001 april;217;;;209;0;0;184;25;0;209;209;0
804;Flevoland;2001 mei;150;;;244;0;2;186;56;17;227;244;0
805;Flevoland;2001 juni;47;;;141;0;29;78;34;0;141;92;49
806;Flevoland;2001 2e kwartaal;414;;;594;0;31;448;115;17;577;545;49
807;Flevoland;2001 juli;336;;;179;24;77;71;7;142;37;35;144
808;Flevoland;2001 augustus;146;;;393;0;57;261;75;38;355;393;0
809;Flevoland;2001 september;125;;;691;6;300;285;100;109;582;494;197
810;Flevoland;2001 3e kwartaal;607;;;1263;30;434;617;182;289;974;922;341
811;Flevoland;2001 oktober;394;;;950;10;138;722;80;75;875;894;56
812;Flevoland;2001 november;162;;;689;8;65;559;57;0;689;524;165
813;Flevoland;2001 december;44;;;758;11;185;537;25;206;552;638;120
814;Flevoland;2001 4e kwartaal;600;;;2397;29;388;1818;162;281;2116;2056;341
815;Flevoland;2001;2285;;;4651;61;875;3182;533;619;4032;3902;749
816;Gelderland;1994;12296;12545.0;9669.0;10906;521;2963;6300;1122;3137;7769;9165;1741
817;Gelderland;1994 januari;1691;1165.0;9178.0;259;9;104;112;34;109;150;203;56
818;Gelderland;1994 februari;927;818.0;9468.0;531;20;209;260;42;140;391;439;92
819;Gelderland;1994 maart;744;846.0;9804.0;510;59;93;311;47;155;355;410;100
820;Gelderland;1994 april;948;858.0;9780.0;869;26;332;430;81;233;636;615;254
821;Gelderland;1994 mei;984;1078.0;10175.0;659;38;128;448;45;165;494;592;67
822;Gelderland;1994 juni;1295;1001.0;10175.0;999;58;339;521;81;344;655;804;195
823;Gelderland;1994 juli;1040;611.0;9534.0;1182;40;338;679;125;279;903;1046;136
824;Gelderland;1994 augustus;1045;784.0;9383.0;937;3;260;546;128;195;742;793;144
825;Gelderland;1994 september;1148;1452.0;9830.0;907;18;188;573;128;164;743;885;22
826;Gelderland;1994 oktober;991;1721.0;10530.0;1021;109;208;598;106;339;682;935;86
827;Gelderland;1994 november;750;1354.0;10618.0;1266;47;340;738;141;530;736;888;378
828;Gelderland;1994 december;733;857.0;9669.0;1766;94;424;1084;164;484;1282;1555;211
829;Gelderland;1994 1e kwartaal;3362;2829.0;9804.0;1300;88;406;683;123;404;896;1052;248
830;Gelderland;1994 2e kwartaal;3227;2937.0;10175.0;2527;122;799;1399;207;742;1785;2011;516
831;Gelderland;1994 3e kwartaal;3233;2847.0;9830.0;3026;61;786;1798;381;638;2388;2724;302
832;Gelderland;1994 4e kwartaal;2474;3932.0;9669.0;4053;250;972;2420;411;1353;2700;3378;675
833;Gelderland;1995;11477;9937.0;8542.0;10959;824;3088;5694;1353;3163;7796;8361;2598
834;Gelderland;1995 januari;1065;555.0;9703.0;504;0;108;313;83;105;399;480;24
835;Gelderland;1995 februari;706;733.0;9964.0;434;6;94;286;48;38;396;400;34
836;Gelderland;1995 maart;1035;799.0;9951.0;812;138;274;300;100;322;490;547;265
837;Gelderland;1995 april;732;885.0;10232.0;595;22;142;336;95;183;412;454;141
838;Gelderland;1995 mei;739;1333.0;10924.0;626;149;173;231;73;255;371;370;256
839;Gelderland;1995 juni;1408;716.0;10626.0;1014;18;392;468;136;345;669;613;401
840;Gelderland;1995 juli;520;604.0;10302.0;917;195;246;320;156;389;528;537;380
841;Gelderland;1995 augustus;888;661.0;10338.0;627;17;127;409;74;136;491;568;59
842;Gelderland;1995 september;1247;941.0;10505.0;764;10;115;556;83;120;644;672;92
843;Gelderland;1995 oktober;1306;1011.0;10839.0;672;27;201;368;76;209;463;555;117
844;Gelderland;1995 november;813;760.0;9537.0;2071;58;715;1067;231;525;1546;1664;407
845;Gelderland;1995 december;1018;939.0;8542.0;1923;184;501;1040;198;536;1387;1501;422
846;Gelderland;1995 1e kwartaal;2806;2087.0;9951.0;1750;144;476;899;231;465;1285;1427;323
847;Gelderland;1995 2e kwartaal;2879;2934.0;10626.0;2235;189;707;1035;304;783;1452;1437;798
848;Gelderland;1995 3e kwartaal;2655;2206.0;10505.0;2308;222;488;1285;313;645;1663;1777;531
849;Gelderland;1995 4e kwartaal;3137;2710.0;8542.0;4666;269;1417;2475;505;1270;3396;3720;946
850;Gelderland;1996;11150;11827.0;9869.0;10346;772;2362;5954;1258;3491;6855;7943;2403
851;Gelderland;1996 januari;567;301.0;8435.0;355;61;59;205;30;154;201;266;89
852;Gelderland;1996 februari;894;843.0;8985.0;311;53;69;138;51;92;219;224;87
853;Gelderland;1996 maart;1619;626.0;9361.0;253;8;22;177;46;12;241;219;34
854;Gelderland;1996 april;951;792.0;9531.0;612;55;131;362;64;121;491;476;136
855;Gelderland;1996 mei;1111;1044.0;9870.0;728;4;193;449;82;206;522;570;158
856;Gelderland;1996 juni;871;2133.0;10980.0;998;4;193;619;182;382;616;867;131
857;Gelderland;1996 juli;568;967.0;10975.0;968;143;250;427;148;357;611;700;268
858;Gelderland;1996 augustus;723;862.0;11157.0;686;31;180;378;97;235;451;542;144
859;Gelderland;1996 september;779;1066.0;11192.0;1031;95;163;668;105;316;715;908;123
860;Gelderland;1996 oktober;942;1089.0;11457.0;778;10;221;460;87;197;581;609;169
861;Gelderland;1996 november;936;891.0;11316.0;1059;46;330;547;136;320;739;772;287
862;Gelderland;1996 december;1189;1213.0;9869.0;2567;262;551;1524;230;1099;1468;1790;777
863;Gelderland;1996 1e kwartaal;3080;1770.0;9361.0;919;122;150;520;127;258;661;709;210
864;Gelderland;1996 2e kwartaal;2933;3969.0;10980.0;2338;63;517;1430;328;709;1629;1913;425
865;Gelderland;1996 3e kwartaal;2070;2895.0;11192.0;2685;269;593;1473;350;908;1777;2150;535
866;Gelderland;1996 4e kwartaal;3067;3193.0;9869.0;4404;318;1102;2531;453;1616;2788;3171;1233
867;Gelderland;1997;10036;9668.0;8601.0;10921;463;2952;6025;1481;3048;7873;7883;3038
868;Gelderland;1997 januari;661;726.0;10174.0;414;2;142;181;89;136;278;325;89
869;Gelderland;1997 februari;460;726.0;10588.0;289;33;34;176;46;58;231;242;47
870;Gelderland;1997 maart;671;568.0;10419.0;742;10;253;370;109;209;533;525;217
871;Gelderland;1997 april;866;652.0;10520.0;552;11;114;286;141;103;449;458;94
872;Gelderland;1997 mei;869;1017.0;10454.0;1089;27;165;799;98;173;916;914;175
873;Gelderland;1997 juni;1020;759.0;10302.0;907;0;409;402;96;356;551;653;254
874;Gelderland;1997 juli;949;611.0;10301.0;592;12;248;279;53;146;446;391;201
875;Gelderland;1997 augustus;902;772.0;10339.0;694;36;108;471;79;128;566;563;131
876;Gelderland;1997 september;1012;904.0;9888.0;1393;67;351;802;173;507;886;981;412
877;Gelderland;1997 oktober;827;737.0;9357.0;1258;124;344;641;149;359;899;770;488
878;Gelderland;1997 november;967;1204.0;9287.0;1289;61;393;583;252;537;752;813;476
879;Gelderland;1997 december;832;992.0;8601.0;1702;80;391;1035;196;336;1366;1248;454
880;Gelderland;1997 1e kwartaal;1792;2020.0;10419.0;1445;45;429;727;244;403;1042;1092;353
881;Gelderland;1997 2e kwartaal;2755;2428.0;10302.0;2548;38;688;1487;335;632;1916;2025;523
882;Gelderland;1997 3e kwartaal;2863;2287.0;9888.0;2679;115;707;1552;305;781;1898;1935;744
883;Gelderland;1997 4e kwartaal;2626;2933.0;8601.0;4249;265;1128;2259;597;1232;3017;2831;1418
884;Gelderland;1998;10443;9915.0;9067.0;9196;232;2490;5284;1190;2376;6820;7004;2192
885;Gelderland;1998 januari;503;1140.0;9303.0;433;10;119;261;43;161;272;270;163
886;Gelderland;1998 februari;449;493.0;9097.0;458;23;179;206;50;127;331;349;109
887;Gelderland;1998 maart;858;556.0;8955.0;700;66;94;441;99;146;554;562;138
888;Gelderland;1998 april;756;755.0;9393.0;313;2;59;175;77;52;261;285;28
889;Gelderland;1998 mei;801;647.0;9485.0;575;5;131;386;575;89;486;431;144
890;Gelderland;1998 juni;1043;788.0;9782.0;491;9;78;342;62;83;408;442;49
891;Gelderland;1998 juli;1181;657.0;9823.0;616;19;284;239;74;201;415;416;200
892;Gelderland;1998 augustus;734;561.0;9708.0;677;4;166;418;89;150;527;491;186
893;Gelderland;1998 september;960;1238.0;10049.0;896;4;227;583;82;232;664;664;232
894;Gelderland;1998 oktober;1099;1137.0;10585.0;600;17;181;309;93;132;468;500;100
895;Gelderland;1998 november;839;800.0;10033.0;1355;36;293;831;195;433;922;1108;247
896;Gelderland;1998 december;1220;1143.0;9067.0;2082;37;679;1085;281;570;1512;1486;596
897;Gelderland;1998 1e kwartaal;1810;2189.0;8955.0;1591;99;392;908;192;434;1157;1181;410
898;Gelderland;1998 2e kwartaal;2600;2190.0;9782.0;1379;16;268;903;192;224;1155;1158;221
899;Gelderland;1998 3e kwartaal;2875;2456.0;10049.0;2189;27;677;1240;245;583;1606;1571;618
900;Gelderland;1998 4e kwartaal;3158;3080.0;9067.0;4037;90;1153;2233;561;1135;2902;3094;943
901;Gelderland;1999;7787;7832.0;8172.0;8693;332;1712;5044;1605;1530;7163;7206;1487
902;Gelderland;1999 januari;660;1107.0;9909.0;256;0;40;176;40;15;241;237;19
903;Gelderland;1999 februari;652;371.0;9967.0;250;9;86;113;42;60;190;193;57
904;Gelderland;1999 maart;465;767.0;10222.0;533;22;153;283;75;77;456;446;87
905;Gelderland;1999 april;680;646.0;10241.0;616;63;26;414;113;88;528;602;14
906;Gelderland;1999 mei;649;513.0;9939.0;831;0;218;471;142;102;729;607;224
907;Gelderland;1999 juni;665;750.0;10020.0;671;23;101;413;134;123;548;532;139
908;Gelderland;1999 juli;892;715.0;9668.0;1073;51;218;651;153;224;849;845;228
909;Gelderland;1999 augustus;358;322.0;9520.0;470;4;52;335;79;55;415;432;38
910;Gelderland;1999 september;1016;654.0;9469.0;699;3;164;411;121;208;491;615;84
911;Gelderland;1999 oktober;481;608.0;9585.0;533;20;122;303;88;86;447;481;52
912;Gelderland;1999 november;657;453.0;9132.0;853;23;212;497;121;92;761;690;163
913;Gelderland;1999 december;612;926.0;8172.0;1908;114;320;977;497;400;1508;1526;382
914;Gelderland;1999 1e kwartaal;1777;2245.0;10222.0;1039;31;279;572;157;152;887;876;163
915;Gelderland;1999 2e kwartaal;1994;1909.0;10020.0;2118;86;345;1298;389;313;1805;1741;377
916;Gelderland;1999 3e kwartaal;2266;1691.0;9469.0;2242;58;434;1397;353;487;1755;1892;350
917;Gelderland;1999 4e kwartaal;1750;1987.0;8172.0;3294;157;654;1777;706;578;2716;2697;597
918;Gelderland;2000;7383;;;7360;294;2043;3814;1209;1453;5907;5915;1445
919;Gelderland;2000 januari;412;;;376;4;39;296;37;83;293;325;51
920;Gelderland;2000 februari;681;;;395;21;110;218;46;135;260;286;109
921;Gelderland;2000 maart;758;;;604;30;205;296;73;62;542;569;35
922;Gelderland;2000 april;627;;;383;33;60;223;67;11;372;368;15
923;Gelderland;2000 mei;340;;;552;31;227;262;32;107;445;367;185
924;Gelderland;2000 juni;572;;;286;0;58;176;52;1;285;250;36
925;Gelderland;2000 juli;608;;;317;2;117;167;31;50;267;228;89
926;Gelderland;2000 augustus;303;;;397;0;138;159;100;67;330;379;18
927;Gelderland;2000 september;1279;;;516;0;168;261;87;109;407;487;29
928;Gelderland;2000 oktober;489;;;537;4;186;235;112;73;464;344;193
929;Gelderland;2000 november;486;;;771;0;228;449;94;153;618;648;123
930;Gelderland;2000 december;828;;;2226;169;507;1072;478;602;1624;1664;562
931;Gelderland;2000 1e kwartaal;1851;;;1375;55;354;810;156;280;1095;1180;195
932;Gelderland;2000 2e kwartaal;1539;;;1221;64;345;661;151;119;1102;985;236
933;Gelderland;2000 3e kwartaal;2190;;;1230;2;423;587;218;226;1004;1094;136
934;Gelderland;2000 4e kwartaal;1803;;;3534;173;921;1756;684;828;2706;2656;878
935;Gelderland;2001 januari;363;;;253;2;82;141;28;61;192;248;5
936;Gelderland;2001 februari;412;;;208;35;28;110;35;65;143;184;24
937;Gelderland;2001 maart;509;;;306;6;88;166;46;60;246;306;0
938;Gelderland;2001 1e kwartaal;1284;;;767;43;198;417;109;186;581;738;29
939;Gelderland;2001 april;293;;;369;0;93;231;45;76;293;339;30
940;Gelderland;2001 mei;382;;;390;0;53;265;72;37;353;372;18
941;Gelderland;2001 juni;473;;;433;3;160;127;143;137;296;296;137
942;Gelderland;2001 2e kwartaal;1148;;;1192;3;306;623;260;250;942;1007;185
943;Gelderland;2001 juli;671;;;415;0;248;140;27;118;297;200;215
944;Gelderland;2001 augustus;646;;;543;16;279;187;61;173;370;384;159
945;Gelderland;2001 september;403;;;316;5;86;169;56;75;241;267;49
946;Gelderland;2001 3e kwartaal;1720;;;1274;21;613;496;144;366;908;851;423
947;Gelderland;2001 oktober;944;;;820;2;176;495;147;69;751;745;75
948;Gelderland;2001 november;439;;;674;53;201;374;46;164;510;437;237
949;Gelderland;2001 december;345;;;1741;120;303;1104;214;258;1483;1490;251
950;Gelderland;2001 4e kwartaal;1728;;;3235;175;680;1973;407;491;2744;2672;563
951;Gelderland;2001;5880;;;6468;242;1797;3509;920;1293;5175;5268;1200
952;Utrecht;1994;6991;5923.0;4860.0;5797;375;1673;3068;681;1784;4013;4301;1496
953;Utrecht;1994 januari;371;693.0;5100.0;335;23;135;152;25;74;261;291;44
954;Utrecht;1994 februari;395;350.0;5115.0;347;1;141;174;31;51;296;262;85
955;Utrecht;1994 maart;356;542.0;5284.0;373;0;107;244;22;44;329;274;99
956;Utrecht;1994 april;267;456.0;5390.0;350;15;134;171;30;97;253;219;131
957;Utrecht;1994 mei;200;366.0;5510.0;246;24;82;129;11;57;189;189;57
958;Utrecht;1994 juni;246;396.0;5401.0;505;17;146;262;80;197;308;373;132
959;Utrecht;1994 juli;818;440.0;5567.0;274;26;103;91;54;101;173;222;52
960;Utrecht;1994 augustus;361;310.0;5557.0;320;57;47;195;21;59;261;187;133
961;Utrecht;1994 september;884;272.0;5350.0;484;48;158;240;38;218;266;342;142
962;Utrecht;1994 oktober;686;574.0;5307.0;612;50;122;383;57;304;308;514;98
963;Utrecht;1994 november;1322;709.0;5363.0;634;70;193;287;84;234;400;446;188
964;Utrecht;1994 december;1085;815.0;4860.0;1317;44;305;740;228;348;969;982;335
965;Utrecht;1994 1e kwartaal;1122;1585.0;5284.0;1055;24;383;570;78;169;886;827;228
966;Utrecht;1994 2e kwartaal;713;1218.0;5401.0;1101;56;362;562;121;351;750;781;320
967;Utrecht;1994 3e kwartaal;2063;1022.0;5350.0;1078;131;308;526;113;378;700;751;327
968;Utrecht;1994 4e kwartaal;3093;2098.0;4860.0;2563;164;620;1410;369;886;1677;1942;621
969;Utrecht;1995;7641;8556.0;7907.0;5533;408;1681;2999;445;1490;4043;4130;1403
970;Utrecht;1995 januari;548;455.0;4982.0;331;0;79;182;70;47;284;260;71
971;Utrecht;1995 februari;899;1223.0;5910.0;295;17;133;125;20;92;203;231;64
972;Utrecht;1995 maart;397;308.0;5741.0;471;16;217;184;54;181;290;349;122
973;Utrecht;1995 april;408;477.0;6015.0;207;2;80;105;20;84;123;128;79
974;Utrecht;1995 mei;686;956.0;6592.0;384;31;113;153;87;109;275;327;57
975;Utrecht;1995 juni;981;855.0;7011.0;511;73;118;289;31;176;335;316;195
976;Utrecht;1995 juli;583;1110.0;7768.0;353;56;149;132;16;41;312;319;34
977;Utrecht;1995 augustus;540;273.0;7912.0;129;18;4;98;9;34;95;111;18
978;Utrecht;1995 september;233;683.0;8034.0;561;12;93;408;48;115;446;402;159
979;Utrecht;1995 oktober;747;549.0;7986.0;520;34;190;270;26;93;427;504;16
980;Utrecht;1995 november;673;662.0;8129.0;523;8;137;368;10;82;441;376;147
981;Utrecht;1995 december;946;1005.0;7907.0;1248;141;368;685;54;436;812;807;441
982;Utrecht;1995 1e kwartaal;1844;1986.0;5741.0;1097;33;429;491;144;320;777;840;257
983;Utrecht;1995 2e kwartaal;2075;2288.0;7011.0;1102;106;311;547;138;369;733;771;331
984;Utrecht;1995 3e kwartaal;1356;2066.0;8034.0;1043;86;246;638;73;190;853;832;211
985;Utrecht;1995 4e kwartaal;2366;2216.0;7907.0;2291;183;695;1323;90;611;1680;1687;604
986;Utrecht;1996;6793;6611.0;6559.0;7689;531;2732;3807;619;2735;4954;5001;2688
987;Utrecht;1996 januari;647;631.0;8295.0;242;56;113;59;14;169;73;57;185
988;Utrecht;1996 februari;575;465.0;8395.0;363;0;74;285;4;123;240;227;136
989;Utrecht;1996 maart;228;593.0;8499.0;489;0;194;282;13;103;386;391;98
990;Utrecht;1996 april;273;468.0;8818.0;88;18;32;29;9;30;58;40;48
991;Utrecht;1996 mei;366;483.0;8758.0;543;28;240;259;16;164;379;361;182
992;Utrecht;1996 juni;882;811.0;8930.0;638;22;112;436;68;181;457;376;262
993;Utrecht;1996 juli;108;262.0;8657.0;532;6;303;199;24;246;286;278;254
994;Utrecht;1996 augustus;339;391.0;8126.0;933;66;376;417;74;217;716;795;138
995;Utrecht;1996 september;594;99.0;7704.0;494;18;179;266;31;278;216;311;183
996;Utrecht;1996 oktober;1020;726.0;7306.0;817;16;246;448;107;320;497;475;342
997;Utrecht;1996 november;894;590.0;7078.0;850;100;374;352;24;383;467;556;294
998;Utrecht;1996 december;867;1092.0;6559.0;1700;201;489;775;235;521;1179;1134;566
999;Utrecht;1996 1e kwartaal;1450;1689.0;8499.0;1094;56;381;626;31;395;699;675;419
1000;Utrecht;1996 2e kwartaal;1521;1762.0;8930.0;1269;68;384;724;93;375;894;777;492
1001;Utrecht;1996 3e kwartaal;1041;752.0;7704.0;1959;90;858;882;129;741;1218;1384;575
1002;Utrecht;1996 4e kwartaal;2781;2408.0;6559.0;3367;317;1109;1575;366;1224;2143;2165;1202
1003;Utrecht;1997;7467;6646.0;6307.0;6899;596;1590;3763;950;1725;5174;5193;1706
1004;Utrecht;1997 januari;248;298.0;6644.0;213;73;82;55;3;141;72;81;132
1005;Utrecht;1997 februari;588;853.0;7303.0;195;0;50;128;17;30;165;164;31
1006;Utrecht;1997 maart;1522;858.0;7547.0;618;54;210;335;19;199;419;413;205
1007;Utrecht;1997 april;322;259.0;7529.0;277;1;75;182;19;107;170;204;73
1008;Utrecht;1997 mei;337;834.0;7878.0;484;3;95;375;11;100;384;341;143
1009;Utrecht;1997 juni;470;388.0;7376.0;889;220;274;362;33;250;639;730;159
1010;Utrecht;1997 juli;168;62.0;7072.0;373;10;141;188;34;20;353;264;109
1011;Utrecht;1997 augustus;1005;625.0;7300.0;397;32;80;120;165;66;331;392;5
1012;Utrecht;1997 september;535;457.0;7379.0;378;12;100;183;83;112;266;301;77
1013;Utrecht;1997 oktober;477;1019.0;8126.0;234;2;85;78;69;24;210;129;105
1014;Utrecht;1997 november;951;521.0;7834.0;814;82;122;379;231;190;624;617;197
1015;Utrecht;1997 december;844;472.0;6307.0;2027;107;276;1378;266;486;1541;1557;470
1016;Utrecht;1997 1e kwartaal;2358;2009.0;7547.0;1026;127;342;518;39;370;656;658;368
1017;Utrecht;1997 2e kwartaal;1129;1481.0;7376.0;1650;224;444;919;63;457;1193;1275;375
1018;Utrecht;1997 3e kwartaal;1708;1144.0;7379.0;1148;54;321;491;282;198;950;957;191
1019;Utrecht;1997 4e kwartaal;2272;2012.0;6307.0;3075;191;483;1835;566;700;2375;2303;772
1020;Utrecht;1998;6374;6871.0;8197.0;5768;384;1173;3316;895;1461;4307;4416;1352
1021;Utrecht;1998 januari;505;776.0;6990.0;94;0;41;45;8;38;56;79;15
1022;Utrecht;1998 februari;598;450.0;6600.0;627;0;112;444;71;154;473;529;98
1023;Utrecht;1998 maart;595;1292.0;7603.0;293;5;71;175;42;39;254;238;55
1024;Utrecht;1998 april;495;629.0;8035.0;191;0;17;133;41;57;134;159;32
1025;Utrecht;1998 mei;703;414.0;7693.0;760;1;13;641;760;158;602;737;23
1026;Utrecht;1998 juni;135;365.0;7687.0;371;23;134;191;23;143;228;214;157
1027;Utrecht;1998 juli;988;373.0;7961.0;99;3;48;44;4;32;67;84;15
1028;Utrecht;1998 augustus;90;413.0;8092.0;282;0;106;158;18;74;208;175;107
1029;Utrecht;1998 september;476;922.0;8637.0;374;0;1;283;90;52;322;374;0
1030;Utrecht;1998 oktober;848;492.0;8448.0;682;143;96;337;106;172;510;421;261
1031;Utrecht;1998 november;558;145.0;8665.0;927;206;182;399;140;337;590;529;398
1032;Utrecht;1998 december;383;600.0;8197.0;1068;3;352;466;247;233;835;877;191
1033;Utrecht;1998 1e kwartaal;1698;2518.0;7603.0;1014;5;224;664;121;231;783;846;168
1034;Utrecht;1998 2e kwartaal;1333;1408.0;7687.0;1322;24;164;965;169;358;964;1110;212
1035;Utrecht;1998 3e kwartaal;1554;1708.0;8637.0;755;3;155;485;112;158;597;633;122
1036;Utrecht;1998 4e kwartaal;1789;1237.0;8197.0;2677;352;630;1202;493;714;1963;1827;850
1037;Utrecht;1999;8162;7174.0;8208.0;6524;198;1650;3501;1175;1431;5093;4789;1735
1038;Utrecht;1999 januari;129;271.0;8101.0;365;8;130;138;89;139;226;203;162
1039;Utrecht;1999 februari;580;143.0;7980.0;280;0;61;213;6;112;168;153;127
1040;Utrecht;1999 maart;375;150.0;7950.0;313;2;60;127;124;116;197;192;121
1041;Utrecht;1999 april;952;648.0;8214.0;488;0;64;369;55;90;398;446;42
1042;Utrecht;1999 mei;2069;119.0;7753.0;380;0;34;204;142;57;323;337;43
1043;Utrecht;1999 juni;536;346.0;7370.0;742;0;197;515;30;66;676;604;138
1044;Utrecht;1999 juli;513;770.0;7750.0;381;1;120;221;39;81;300;332;49
1045;Utrecht;1999 augustus;1009;893.0;8358.0;285;29;50;165;41;0;285;192;93
1046;Utrecht;1999 september;372;1228.0;8096.0;758;74;188;309;187;134;624;461;297
1047;Utrecht;1999 oktober;660;1720.0;9252.0;584;22;217;303;42;120;464;465;119
1048;Utrecht;1999 november;418;300.0;8454.0;1105;26;340;490;249;473;632;760;345
1049;Utrecht;1999 december;549;586.0;8208.0;843;36;189;447;171;43;800;644;199
1050;Utrecht;1999 1e kwartaal;1084;564.0;7950.0;958;10;251;478;219;367;591;548;410
1051;Utrecht;1999 2e kwartaal;3557;1113.0;7370.0;1610;0;295;1088;227;213;1397;1387;223
1052;Utrecht;1999 3e kwartaal;1894;2891.0;8096.0;1424;104;358;695;267;215;1209;985;439
1053;Utrecht;1999 4e kwartaal;1627;2606.0;8208.0;2532;84;746;1240;462;636;1896;1869;663
1054;Utrecht;2000;7701;;;6485;488;1331;3831;835;1281;5204;5056;1429
1055;Utrecht;2000 januari;317;;;229;12;1;193;23;22;207;207;22
1056;Utrecht;2000 februari;93;;;390;26;76;222;66;124;266;287;103
1057;Utrecht;2000 maart;383;;;78;10;8;54;6;7;71;60;18
1058;Utrecht;2000 april;883;;;715;4;50;568;93;28;687;650;65
1059;Utrecht;2000 mei;81;;;554;5;193;295;61;162;392;373;181
1060;Utrecht;2000 juni;805;;;431;21;63;227;120;18;413;384;47
1061;Utrecht;2000 juli;227;;;269;1;118;128;22;24;245;147;122
1062;Utrecht;2000 augustus;1669;;;172;1;20;122;29;0;172;170;2
1063;Utrecht;2000 september;317;;;830;158;362;252;58;268;562;521;309
1064;Utrecht;2000 oktober;645;;;291;42;81;158;10;103;188;225;66
1065;Utrecht;2000 november;1417;;;1172;96;108;739;229;255;917;1032;140
1066;Utrecht;2000 december;864;;;1354;112;251;873;118;270;1084;1000;354
1067;Utrecht;2000 1e kwartaal;793;;;697;48;85;469;95;153;544;554;143
1068;Utrecht;2000 2e kwartaal;1769;;;1700;30;306;1090;274;208;1492;1407;293
1069;Utrecht;2000 3e kwartaal;2213;;;1271;160;500;502;109;292;979;838;433
1070;Utrecht;2000 4e kwartaal;2926;;;2817;250;440;1770;357;628;2189;2257;560
1071;Utrecht;2001 januari;304;;;316;6;36;207;67;57;259;310;6
1072;Utrecht;2001 februari;267;;;290;14;63;183;30;11;279;255;35
1073;Utrecht;2001 maart;559;;;723;118;166;379;60;274;449;536;187
1074;Utrecht;2001 1e kwartaal;1130;;;1329;138;265;769;157;342;987;1101;228
1075;Utrecht;2001 april;181;;;893;38;127;657;71;143;750;856;37
1076;Utrecht;2001 mei;250;;;272;24;79;105;64;70;202;161;111
1077;Utrecht;2001 juni;527;;;325;2;25;278;20;28;297;267;58
1078;Utrecht;2001 2e kwartaal;958;;;1490;64;231;1040;155;241;1249;1284;206
1079;Utrecht;2001 juli;160;;;297;38;46;188;25;14;283;209;88
1080;Utrecht;2001 augustus;544;;;514;39;149;289;37;215;299;243;271
1081;Utrecht;2001 september;911;;;601;0;135;443;23;102;499;501;100
1082;Utrecht;2001 3e kwartaal;1615;;;1412;77;330;920;85;331;1081;953;459
1083;Utrecht;2001 oktober;873;;;969;20;152;719;78;113;856;678;291
1084;Utrecht;2001 november;252;;;849;18;291;501;39;174;675;682;167
1085;Utrecht;2001 december;202;;;977;41;253;537;146;153;824;709;268
1086;Utrecht;2001 4e kwartaal;1327;;;2795;79;696;1757;263;440;2355;2069;726
1087;Utrecht;2001;5030;;;7026;358;1522;4486;660;1354;5672;5407;1619
1088;Noord-Holland;1994;16425;14784.0;14491.0;11288;928;3755;5386;1219;5244;6044;6902;4386
1089;Noord-Holland;1994 januari;1347;1538.0;12276.0;352;42;54;244;12;105;247;274;78
1090;Noord-Holland;1994 februari;1154;1347.0;12597.0;1036;45;442;461;88;555;481;512;524
1091;Noord-Holland;1994 maart;1179;685.0;12705.0;592;38;188;331;35;294;298;369;223
1092;Noord-Holland;1994 april;1650;904.0;13105.0;498;35;220;198;45;164;334;242;256
1093;Noord-Holland;1994 mei;1511;1606.0;13310.0;1288;82;580;500;126;595;693;738;550
1094;Noord-Holland;1994 juni;1261;779.0;13244.0;841;112;224;409;96;437;404;669;172
1095;Noord-Holland;1994 juli;930;1640.0;13654.0;1240;61;618;441;120;702;538;492;748
1096;Noord-Holland;1994 augustus;1255;661.0;13616.0;679;96;167;322;94;277;402;487;192
1097;Noord-Holland;1994 september;1638;661.0;13092.0;1194;35;406;674;79;425;769;784;410
1098;Noord-Holland;1994 oktober;1721;2102.0;14350.0;841;77;158;494;112;249;592;622;219
1099;Noord-Holland;1994 november;1206;1484.0;14714.0;1198;153;427;547;71;708;490;611;587
1100;Noord-Holland;1994 december;1573;1377.0;14491.0;1529;152;271;765;341;733;796;1102;427
1101;Noord-Holland;1994 1e kwartaal;3680;3570.0;12705.0;1980;125;684;1036;135;954;1026;1155;825
1102;Noord-Holland;1994 2e kwartaal;4422;3289.0;13244.0;2627;229;1024;1107;267;1196;1431;1649;978
1103;Noord-Holland;1994 3e kwartaal;3823;2962.0;13092.0;3113;192;1191;1437;293;1404;1709;1763;1350
1104;Noord-Holland;1994 4e kwartaal;4500;4963.0;14491.0;3568;382;856;1806;524;1690;1878;2335;1233
1105;Noord-Holland;1995;13578;12044.0;12517.0;13983;537;4572;6820;2054;4822;9161;9150;4833
1106;Noord-Holland;1995 januari;1040;1489.0;15113.0;857;11;383;362;101;371;486;474;383
1107;Noord-Holland;1995 februari;831;1036.0;15335.0;732;30;256;368;78;209;523;481;251
1108;Noord-Holland;1995 maart;644;798.0;15416.0;776;2;260;366;148;243;533;583;193
1109;Noord-Holland;1995 april;742;943.0;14891.0;1483;29;553;749;152;794;689;783;700
1110;Noord-Holland;1995 mei;1572;1055.0;15496.0;384;2;120;189;73;114;270;289;95
1111;Noord-Holland;1995 juni;1155;1360.0;15921.0;949;39;542;258;110;498;451;448;501
1112;Noord-Holland;1995 juli;1167;423.0;14160.0;2090;74;799;1023;194;684;1406;1289;801
1113;Noord-Holland;1995 augustus;781;697.0;14390.0;470;1;197;164;108;177;293;405;65
1114;Noord-Holland;1995 september;1216;1124.0;14937.0;578;15;75;322;166;189;389;517;61
1115;Noord-Holland;1995 oktober;1045;1335.0;15368.0;921;75;238;494;114;201;720;732;189
1116;Noord-Holland;1995 november;1013;1012.0;13755.0;2658;116;597;1432;513;672;1986;1706;952
1117;Noord-Holland;1995 december;2372;772.0;12517.0;2085;143;552;1093;297;670;1415;1443;642
1118;Noord-Holland;1995 1e kwartaal;2515;3323.0;15416.0;2365;43;899;1096;327;823;1542;1538;827
1119;Noord-Holland;1995 2e kwartaal;3469;3358.0;15921.0;2816;70;1215;1196;335;1406;1410;1520;1296
1120;Noord-Holland;1995 3e kwartaal;3164;2244.0;14937.0;3138;90;1071;1509;468;1050;2088;2211;927
1121;Noord-Holland;1995 4e kwartaal;4430;3119.0;12517.0;5664;334;1387;3019;924;1543;4121;3881;1783
1122;Noord-Holland;1996;14234;13888.0;15586.0;10948;1100;3938;4733;1177;4959;5989;6251;4697
1123;Noord-Holland;1996 januari;911;621.0;12880.0;196;7;58;111;20;71;125;194;2
1124;Noord-Holland;1996 februari;761;569.0;12902.0;559;181;138;219;21;307;252;238;321
1125;Noord-Holland;1996 maart;1487;1063.0;13404.0;476;13;95;263;105;82;394;388;88
1126;Noord-Holland;1996 april;561;608.0;13345.0;748;32;297;305;114;261;487;548;200
1127;Noord-Holland;1996 mei;1008;2273.0;14469.0;1277;80;392;725;80;430;847;918;359
1128;Noord-Holland;1996 juni;1097;702.0;14264.0;941;89;449;310;93;486;455;463;478
1129;Noord-Holland;1996 juli;1245;798.0;14051.0;1021;91;425;376;129;470;551;516;505
1130;Noord-Holland;1996 augustus;986;792.0;14059.0;749;40;303;338;68;348;401;314;435
1131;Noord-Holland;1996 september;1485;1055.0;14365.0;716;8;205;426;77;277;439;471;245
1132;Noord-Holland;1996 oktober;1963;1712.0;14759.0;1317;34;655;558;70;755;562;645;672
1133;Noord-Holland;1996 november;1241;1492.0;15387.0;908;204;251;371;82;400;508;589;319
1134;Noord-Holland;1996 december;1489;2203.0;15586.0;2040;321;670;731;318;1072;968;967;1073
1135;Noord-Holland;1996 1e kwartaal;3159;2253.0;13404.0;1231;201;291;593;146;460;771;820;411
1136;Noord-Holland;1996 2e kwartaal;2666;3583.0;14264.0;2966;201;1138;1340;287;1177;1789;1929;1037
1137;Noord-Holland;1996 3e kwartaal;3716;2645.0;14365.0;2486;139;933;1140;274;1095;1391;1301;1185
1138;Noord-Holland;1996 4e kwartaal;4693;5407.0;15586.0;4265;559;1576;1660;470;2227;2038;2201;2064
1139;Noord-Holland;1997;14046;13107.0;16126.0;12424;1034;4492;5609;1289;4714;7710;7115;5309
1140;Noord-Holland;1997 januari;554;1014.0;16113.0;483;90;130;226;37;218;265;219;264
1141;Noord-Holland;1997 februari;859;1002.0;16798.0;316;26;96;172;22;91;225;176;140
1142;Noord-Holland;1997 maart;1102;924.0;16979.0;745;122;155;404;64;210;535;523;222
1143;Noord-Holland;1997 april;687;1314.0;17866.0;427;40;71;294;22;96;331;359;68
1144;Noord-Holland;1997 mei;1249;1227.0;18083.0;990;36;355;508;91;360;630;731;259
1145;Noord-Holland;1997 juni;1698;717.0;18048.0;683;53;216;363;51;145;538;427;256
1146;Noord-Holland;1997 juli;1462;564.0;17922.0;682;108;295;259;20;346;336;293;389
1147;Noord-Holland;1997 augustus;766;964.0;18084.0;803;22;225;426;130;206;597;655;148
1148;Noord-Holland;1997 september;1276;1152.0;18544.0;682;42;344;258;38;318;364;308;374
1149;Noord-Holland;1997 oktober;1881;1609.0;18015.0;2085;163;1009;800;113;1340;745;648;1437
1150;Noord-Holland;1997 november;1069;864.0;16904.0;1973;151;832;761;229;621;1352;1188;785
1151;Noord-Holland;1997 december;1443;1756.0;16126.0;2555;181;764;1138;472;763;1792;1588;967
1152;Noord-Holland;1997 1e kwartaal;2515;2940.0;16979.0;1544;238;381;802;123;519;1025;918;626
1153;Noord-Holland;1997 2e kwartaal;3634;3258.0;18048.0;2100;129;642;1165;164;601;1499;1517;583
1154;Noord-Holland;1997 3e kwartaal;3504;2680.0;18544.0;2167;172;864;943;188;870;1297;1256;911
1155;Noord-Holland;1997 4e kwartaal;4393;4229.0;16126.0;6613;495;2605;2699;814;2724;3889;3424;3189
1156;Noord-Holland;1998;11872;11049.0;12265.0;14995;640;5586;7172;1597;4307;10688;8396;6599
1157;Noord-Holland;1998 januari;1135;886.0;16581.0;438;2;123;267;46;42;396;321;117
1158;Noord-Holland;1998 februari;915;871.0;16307.0;1001;37;324;423;217;324;677;617;384
1159;Noord-Holland;1998 maart;1132;1174.0;15916.0;1744;90;903;664;87;540;1204;667;1077
1160;Noord-Holland;1998 april;495;433.0;14870.0;1552;71;583;743;155;638;914;731;821
1161;Noord-Holland;1998 mei;1109;881.0;14622.0;1127;75;362;569;1127;429;698;472;655
1162;Noord-Holland;1998 juni;865;978.0;14239.0;1363;13;537;418;395;392;971;885;478
1163;Noord-Holland;1998 juli;556;497.0;13656.0;1062;24;447;516;75;293;769;484;578
1164;Noord-Holland;1998 augustus;757;793.0;13950.0;498;10;113;328;47;48;450;352;146
1165;Noord-Holland;1998 september;830;1350.0;13924.0;1353;61;488;706;98;253;1100;831;522
1166;Noord-Holland;1998 oktober;1303;566.0;13384.0;1098;88;470;462;78;403;695;676;422
1167;Noord-Holland;1998 november;1714;976.0;13450.0;916;18;279;552;67;223;693;747;169
1168;Noord-Holland;1998 december;1061;1644.0;12265.0;2843;151;957;1524;211;722;2121;1613;1230
1169;Noord-Holland;1998 1e kwartaal;3182;2931.0;15916.0;3183;129;1350;1354;350;906;2277;1605;1578
1170;Noord-Holland;1998 2e kwartaal;2469;2292.0;14239.0;4042;159;1482;1730;671;1459;2583;2088;1954
1171;Noord-Holland;1998 3e kwartaal;2143;2640.0;13924.0;2913;95;1048;1550;220;594;2319;1667;1246
1172;Noord-Holland;1998 4e kwartaal;4078;3186.0;12265.0;4857;257;1706;2538;356;1348;3509;3036;1821
1173;Noord-Holland;1999;12244;13647.0;14234.0;11676;826;3733;6053;1064;3088;8588;6967;4709
1174;Noord-Holland;1999 januari;745;1334.0;13232.0;295;0;128;157;10;71;224;271;24
1175;Noord-Holland;1999 februari;323;609.0;12755.0;1089;154;264;530;141;429;660;646;443
1176;Noord-Holland;1999 maart;990;429.0;12226.0;995;52;319;494;130;310;685;599;396
1177;Noord-Holland;1999 april;842;1235.0;12643.0;778;12;262;369;135;128;650;475;303
1178;Noord-Holland;1999 mei;1324;624.0;12471.0;823;76;297;370;80;171;652;514;309
1179;Noord-Holland;1999 juni;996;1459.0;12863.0;1037;97;258;574;108;211;826;490;547
1180;Noord-Holland;1999 juli;2125;1218.0;13178.0;835;34;321;407;73;265;570;417;418
1181;Noord-Holland;1999 augustus;1184;506.0;13154.0;555;28;198;305;24;180;375;325;230
1182;Noord-Holland;1999 september;553;1043.0;13071.0;1228;136;368;656;68;239;989;825;403
1183;Noord-Holland;1999 oktober;1268;2284.0;14073.0;1300;46;401;751;102;467;833;896;404
1184;Noord-Holland;1999 november;1154;1758.0;15096.0;726;125;216;271;114;255;471;349;377
1185;Noord-Holland;1999 december;740;1148.0;14234.0;2015;66;701;1169;79;362;1653;1160;855
1186;Noord-Holland;1999 1e kwartaal;2058;2372.0;12226.0;2379;206;711;1181;281;810;1569;1516;863
1187;Noord-Holland;1999 2e kwartaal;3162;3318.0;12863.0;2638;185;817;1313;323;510;2128;1479;1159
1188;Noord-Holland;1999 3e kwartaal;3862;2767.0;13071.0;2618;198;887;1368;165;684;1934;1567;1051
1189;Noord-Holland;1999 4e kwartaal;3162;5190.0;14234.0;4041;237;1318;2191;295;1084;2957;2405;1636
1190;Noord-Holland;2000;11202;;;10096;559;3093;5278;1166;2493;7603;7077;3019
1191;Noord-Holland;2000 januari;901;;;289;19;197;59;14;74;215;112;177
1192;Noord-Holland;2000 februari;1884;;;512;105;127;221;59;155;357;247;265
1193;Noord-Holland;2000 maart;1223;;;760;65;123;470;102;217;543;632;128
1194;Noord-Holland;2000 april;395;;;628;86;281;194;67;259;369;392;236
1195;Noord-Holland;2000 mei;1245;;;508;6;158;196;148;29;479;357;151
1196;Noord-Holland;2000 juni;1274;;;486;30;187;207;62;143;343;418;68
1197;Noord-Holland;2000 juli;1061;;;1118;21;261;715;121;221;897;930;188
1198;Noord-Holland;2000 augustus;288;;;546;1;112;390;43;97;449;493;53
1199;Noord-Holland;2000 september;515;;;635;12;276;255;92;115;520;523;112
1200;Noord-Holland;2000 oktober;999;;;893;14;437;328;114;379;514;397;496
1201;Noord-Holland;2000 november;817;;;1569;57;584;735;193;472;1097;939;630
1202;Noord-Holland;2000 december;600;;;2152;143;350;1508;151;332;1820;1637;515
1203;Noord-Holland;2000 1e kwartaal;4008;;;1561;189;447;750;175;446;1115;991;570
1204;Noord-Holland;2000 2e kwartaal;2914;;;1622;122;626;597;277;431;1191;1167;455
1205;Noord-Holland;2000 3e kwartaal;1864;;;2299;34;649;1360;256;433;1866;1946;353
1206;Noord-Holland;2000 4e kwartaal;2416;;;4614;214;1371;2571;458;1183;3431;2973;1641
1207;Noord-Holland;2001 januari;898;;;726;38;226;348;114;129;597;549;177
1208;Noord-Holland;2001 februari;905;;;377;24;144;160;49;68;309;201;176
1209;Noord-Holland;2001 maart;894;;;919;38;282;506;93;354;565;707;212
1210;Noord-Holland;2001 1e kwartaal;2697;;;2022;100;652;1014;256;551;1471;1457;565
1211;Noord-Holland;2001 april;282;;;589;24;200;243;122;94;495;344;245
1212;Noord-Holland;2001 mei;763;;;533;19;64;299;151;68;465;475;58
1213;Noord-Holland;2001 juni;1324;;;515;15;81;280;139;102;413;438;77
1214;Noord-Holland;2001 2e kwartaal;2369;;;1637;58;345;822;412;264;1373;1257;380
1215;Noord-Holland;2001 juli;924;;;816;18;208;490;100;85;731;610;206
1216;Noord-Holland;2001 augustus;715;;;555;0;79;376;100;145;410;521;34
1217;Noord-Holland;2001 september;984;;;1058;2;407;578;71;218;840;691;367
1218;Noord-Holland;2001 3e kwartaal;2623;;;2429;20;694;1444;271;448;1981;1822;607
1219;Noord-Holland;2001 oktober;1155;;;903;20;184;594;105;284;619;662;241
1220;Noord-Holland;2001 november;774;;;1458;114;592;545;207;328;1130;627;831
1221;Noord-Holland;2001 december;526;;;2704;213;953;1181;357;699;2005;1917;787
1222;Noord-Holland;2001 4e kwartaal;2455;;;5065;347;1729;2320;669;1311;3754;3206;1859
1223;Noord-Holland;2001;10144;;;11153;525;3420;5600;1608;2574;8579;7742;3411
1224;Zuid-Holland;1994;21519;20762.0;18251.0;18315;1003;4469;10795;2048;7222;11093;10442;7873
1225;Zuid-Holland;1994 januari;1702;1593.0;17944.0;636;62;67;480;27;233;403;425;211
1226;Zuid-Holland;1994 februari;2731;1254.0;17986.0;1227;56;287;687;197;348;879;803;424
1227;Zuid-Holland;1994 maart;1400;1165.0;17670.0;1491;81;352;941;117;836;655;674;817
1228;Zuid-Holland;1994 april;1218;1768.0;18024.0;1249;67;336;752;94;469;780;674;575
1229;Zuid-Holland;1994 mei;1500;1822.0;18236.0;1571;201;337;782;251;698;873;940;631
1230;Zuid-Holland;1994 juni;1217;1651.0;17953.0;1925;56;442;1176;251;830;1095;1214;711
1231;Zuid-Holland;1994 juli;2300;1267.0;17981.0;1125;13;257;763;92;272;853;811;314
1232;Zuid-Holland;1994 augustus;2409;1534.0;18676.0;826;52;192;480;102;396;430;397;429
1233;Zuid-Holland;1994 september;2289;2496.0;19229.0;1560;35;385;1013;127;681;879;915;645
1234;Zuid-Holland;1994 oktober;2110;2250.0;19104.0;2282;84;632;1273;293;817;1465;1179;1103
1235;Zuid-Holland;1994 november;1221;2102.0;18911.0;1859;159;454;1112;134;670;1189;971;888
1236;Zuid-Holland;1994 december;1422;1860.0;18251.0;2564;137;728;1336;363;972;1592;1439;1125
1237;Zuid-Holland;1994 1e kwartaal;5833;4012.0;17670.0;3354;199;706;2108;341;1417;1937;1902;1452
1238;Zuid-Holland;1994 2e kwartaal;3935;5241.0;17953.0;4745;324;1115;2710;596;1997;2748;2828;1917
1239;Zuid-Holland;1994 3e kwartaal;6998;5297.0;19229.0;3511;100;834;2256;321;1349;2162;2123;1388
1240;Zuid-Holland;1994 4e kwartaal;4753;6212.0;18251.0;6705;380;1814;3721;790;2459;4246;3589;3116
1241;Zuid-Holland;1995;22152;21352.0;21487.0;18077;757;4593;10544;2183;6855;11222;10680;7397
1242;Zuid-Holland;1995 januari;1845;1325.0;18673.0;821;35;242;447;97;274;547;519;302
1243;Zuid-Holland;1995 februari;2197;1270.0;18924.0;978;152;300;422;104;384;594;538;440
1244;Zuid-Holland;1995 maart;2323;1739.0;19460.0;1211;142;279;644;146;396;815;816;395
1245;Zuid-Holland;1995 april;1169;1425.0;20016.0;952;3;251;507;191;278;674;752;200
1246;Zuid-Holland;1995 mei;2181;2974.0;21757.0;1181;16;234;813;118;340;841;786;395
1247;Zuid-Holland;1995 juni;1310;1248.0;21070.0;1945;32;502;1162;249;889;1056;1085;860
1248;Zuid-Holland;1995 juli;1048;985.0;20390.0;1656;160;421;969;106;805;851;816;840
1249;Zuid-Holland;1995 augustus;1795;1407.0;20918.0;880;44;185;516;135;352;528;457;423
1250;Zuid-Holland;1995 september;2029;1847.0;21454.0;1463;15;395;913;140;603;860;759;704
1251;Zuid-Holland;1995 oktober;1820;1790.0;21374.0;1859;41;442;1137;239;658;1201;1281;578
1252;Zuid-Holland;1995 november;1548;2459.0;21746.0;2019;43;524;1144;308;793;1226;1128;891
1253;Zuid-Holland;1995 december;2887;2883.0;21487.0;3112;74;818;1870;350;1083;2029;1743;1369
1254;Zuid-Holland;1995 1e kwartaal;6365;4334.0;19460.0;3010;329;821;1513;347;1054;1956;1873;1137
1255;Zuid-Holland;1995 2e kwartaal;4660;5647.0;21070.0;4078;51;987;2482;558;1507;2571;2623;1455
1256;Zuid-Holland;1995 3e kwartaal;4872;4239.0;21454.0;3999;219;1001;2398;381;1760;2239;2032;1967
1257;Zuid-Holland;1995 4e kwartaal;6255;7132.0;21487.0;6990;158;1784;4151;897;2534;4456;4152;2838
1258;Zuid-Holland;1996;19224;16304.0;18218.0;19072;1122;4947;10905;2098;8046;11026;9756;9316
1259;Zuid-Holland;1996 januari;897;901.0;21231.0;963;51;85;666;161;341;622;434;529
1260;Zuid-Holland;1996 februari;1767;904.0;21410.0;736;4;248;418;66;271;465;348;388
1261;Zuid-Holland;1996 maart;1502;1499.0;21791.0;1079;28;393;532;126;443;636;523;556
1262;Zuid-Holland;1996 april;1238;1068.0;21671.0;1247;40;345;707;155;401;846;931;316
1263;Zuid-Holland;1996 mei;1680;1468.0;21477.0;1673;124;321;1104;124;793;880;1030;643
1264;Zuid-Holland;1996 juni;1013;1409.0;20849.0;2057;164;510;1109;274;785;1272;1143;914
1265;Zuid-Holland;1996 juli;1824;1792.0;20891.0;1748;49;388;1199;112;720;1028;719;1029
1266;Zuid-Holland;1996 augustus;1098;994.0;20642.0;1094;266;286;389;153;662;432;399;695
1267;Zuid-Holland;1996 september;1324;1539.0;20235.0;2022;145;512;1000;365;896;1126;1158;864
1268;Zuid-Holland;1996 oktober;2280;1570.0;19616.0;1791;94;357;1074;266;590;1201;913;878
1269;Zuid-Holland;1996 november;2383;2091.0;19576.0;2141;81;667;1262;131;947;1194;1016;1125
1270;Zuid-Holland;1996 december;2218;1069.0;18218.0;2521;76;835;1445;165;1197;1324;1142;1379
1271;Zuid-Holland;1996 1e kwartaal;4166;3304.0;21791.0;2778;83;726;1616;353;1055;1723;1305;1473
1272;Zuid-Holland;1996 2e kwartaal;3931;3945.0;20849.0;4977;328;1176;2920;553;1979;2998;3104;1873
1273;Zuid-Holland;1996 3e kwartaal;4246;4325.0;20235.0;4864;460;1186;2588;630;2278;2586;2276;2588
1274;Zuid-Holland;1996 4e kwartaal;6881;4730.0;18218.0;6453;251;1859;3781;562;2734;3719;3071;3382
1275;Zuid-Holland;1997;22677;22766.0;23549.0;17121;769;4277;9934;2141;5933;11188;9320;7801
1276;Zuid-Holland;1997 januari;1555;1010.0;18781.0;448;4;131;239;74;154;294;216;232
1277;Zuid-Holland;1997 februari;1208;1670.0;19504.0;963;89;227;589;58;457;506;467;496
1278;Zuid-Holland;1997 maart;1524;1905.0;20373.0;1039;42;224;670;103;401;638;514;525
1279;Zuid-Holland;1997 april;1831;2498.0;21391.0;1426;92;210;922;202;493;933;910;516
1280;Zuid-Holland;1997 mei;1171;1700.0;21136.0;1809;83;451;1147;128;850;959;765;1044
1281;Zuid-Holland;1997 juni;2254;3476.0;22780.0;1840;34;304;1369;133;607;1233;1120;720
1282;Zuid-Holland;1997 juli;1307;1227.0;22499.0;1474;168;276;915;115;621;853;730;744
1283;Zuid-Holland;1997 augustus;1238;976.0;22568.0;888;3;250;551;84;402;486;368;520
1284;Zuid-Holland;1997 september;3329;2648.0;23596.0;1652;90;304;912;346;423;1229;1113;539
1285;Zuid-Holland;1997 oktober;2617;1248.0;23863.0;981;16;359;508;98;260;721;562;419
1286;Zuid-Holland;1997 november;2687;2653.0;24484.0;2011;2;687;968;354;473;1538;1168;843
1287;Zuid-Holland;1997 december;1956;1755.0;23549.0;2590;146;854;1144;446;792;1798;1387;1203
1288;Zuid-Holland;1997 1e kwartaal;4287;4585.0;20373.0;2450;135;582;1498;235;1012;1438;1197;1253
1289;Zuid-Holland;1997 2e kwartaal;5256;7674.0;22780.0;5075;209;965;3438;463;1950;3125;2795;2280
1290;Zuid-Holland;1997 3e kwartaal;5874;4851.0;23596.0;4014;261;830;2378;545;1446;2568;2211;1803
1291;Zuid-Holland;1997 4e kwartaal;7260;5656.0;23549.0;5582;164;1900;2620;898;1525;4057;3117;2465
1292;Zuid-Holland;1998;19283;18938.0;22058.0;19424;520;4026;11561;3317;4802;14622;13173;6251
1293;Zuid-Holland;1998 januari;1582;1183.0;23596.0;1138;34;258;707;139;468;670;446;692
1294;Zuid-Holland;1998 februari;1815;1752.0;24076.0;973;33;197;597;146;240;733;606;367
1295;Zuid-Holland;1998 maart;1470;2226.0;24710.0;1677;15;516;904;242;637;1040;893;784
1296;Zuid-Holland;1998 april;1468;1341.0;24667.0;1357;17;432;642;266;279;1078;754;603
1297;Zuid-Holland;1998 mei;1193;1642.0;24914.0;1350;37;246;938;1350;377;973;919;431
1298;Zuid-Holland;1998 juni;1506;1473.0;24146.0;2300;60;350;1432;458;570;1730;1809;491
1299;Zuid-Holland;1998 juli;1138;1279.0;22529.0;1945;48;172;1391;334;513;1432;1508;437
1300;Zuid-Holland;1998 augustus;979;943.0;22249.0;1127;15;169;602;341;190;937;916;211
1301;Zuid-Holland;1998 september;1631;1821.0;22943.0;1132;31;314;660;127;238;894;761;371
1302;Zuid-Holland;1998 oktober;2516;1741.0;23301.0;1510;54;334;862;260;301;1209;890;620
1303;Zuid-Holland;1998 november;1977;604.0;22163.0;1787;67;376;973;371;414;1373;1223;564
1304;Zuid-Holland;1998 december;2008;2933.0;22058.0;3128;109;662;1853;504;584;2544;2448;680
1305;Zuid-Holland;1998 1e kwartaal;4867;5161.0;24710.0;3788;82;971;2208;527;1345;2443;1945;1843
1306;Zuid-Holland;1998 2e kwartaal;4167;4456.0;24146.0;5007;114;1028;3012;853;1226;3781;3482;1525
1307;Zuid-Holland;1998 3e kwartaal;3748;4043.0;22943.0;4204;94;655;2653;802;941;3263;3185;1019
1308;Zuid-Holland;1998 4e kwartaal;6501;5278.0;22058.0;6425;230;1372;3688;1135;1290;5135;4561;1864
1309;Zuid-Holland;1999;18911;18000.0;24083.0;16268;513;4098;9695;1962;4767;11501;10235;6033
1310;Zuid-Holland;1999 januari;1330;1371.0;22681.0;759;8;191;487;73;162;597;488;271
1311;Zuid-Holland;1999 februari;897;1386.0;23056.0;995;71;335;477;112;359;636;573;422
1312;Zuid-Holland;1999 maart;1898;1560.0;23366.0;1271;19;406;665;181;245;1026;857;414
1313;Zuid-Holland;1999 april;1262;1693.0;23871.0;1263;94;288;767;114;404;859;841;422
1314;Zuid-Holland;1999 mei;872;1433.0;23843.0;1549;102;329;983;135;398;1151;1153;396
1315;Zuid-Holland;1999 juni;2009;1096.0;23478.0;1488;9;248;1089;142;397;1091;1116;372
1316;Zuid-Holland;1999 juli;2383;1348.0;23743.0;1096;16;270;730;80;435;661;556;540
1317;Zuid-Holland;1999 augustus;1118;666.0;23719.0;734;18;284;353;79;261;473;404;330
1318;Zuid-Holland;1999 september;1824;975.0;23632.0;1061;47;267;633;114;401;660;618;443
1319;Zuid-Holland;1999 oktober;1506;1954.0;24449.0;1164;19;320;647;178;182;982;891;273
1320;Zuid-Holland;1999 november;2261;2763.0;25437.0;1744;9;499;1025;211;474;1270;1009;735
1321;Zuid-Holland;1999 december;1551;1755.0;24083.0;3144;101;661;1839;543;1049;2095;1729;1415
1322;Zuid-Holland;1999 1e kwartaal;4125;4317.0;23366.0;3025;98;932;1629;366;766;2259;1918;1107
1323;Zuid-Holland;1999 2e kwartaal;4143;4222.0;23478.0;4300;205;865;2839;391;1199;3101;3110;1190
1324;Zuid-Holland;1999 3e kwartaal;5325;2989.0;23632.0;2891;81;821;1716;273;1097;1794;1578;1313
1325;Zuid-Holland;1999 4e kwartaal;5318;6472.0;24083.0;6052;129;1480;3511;932;1705;4347;3629;2423
1326;Zuid-Holland;2000;18334;;;14584;769;3509;8275;2031;3946;10638;9148;5436
1327;Zuid-Holland;2000 januari;625;;;601;84;52;353;112;307;294;343;258
1328;Zuid-Holland;2000 februari;2214;;;929;4;106;749;70;184;745;782;147
1329;Zuid-Holland;2000 maart;2046;;;1222;39;222;843;118;286;936;976;246
1330;Zuid-Holland;2000 april;1674;;;1015;2;164;651;198;247;768;565;450
1331;Zuid-Holland;2000 mei;3491;;;1351;0;364;877;110;457;894;814;537
1332;Zuid-Holland;2000 juni;886;;;1663;128;546;823;166;417;1246;1221;442
1333;Zuid-Holland;2000 juli;1561;;;987;4;184;536;263;275;712;649;338
1334;Zuid-Holland;2000 augustus;785;;;1016;7;410;451;148;166;850;599;417
1335;Zuid-Holland;2000 september;773;;;1102;121;263;555;163;208;894;665;437
1336;Zuid-Holland;2000 oktober;1187;;;1145;61;304;569;211;460;685;592;553
1337;Zuid-Holland;2000 november;789;;;1259;95;337;674;153;352;907;735;524
1338;Zuid-Holland;2000 december;2303;;;2294;224;557;1194;319;587;1707;1207;1087
1339;Zuid-Holland;2000 1e kwartaal;4885;;;2752;127;380;1945;300;777;1975;2101;651
1340;Zuid-Holland;2000 2e kwartaal;6051;;;4029;130;1074;2351;474;1121;2908;2600;1429
1341;Zuid-Holland;2000 3e kwartaal;3119;;;3105;132;857;1542;574;649;2456;1913;1192
1342;Zuid-Holland;2000 4e kwartaal;4279;;;4698;380;1198;2437;683;1399;3299;2534;2164
1343;Zuid-Holland;2001 januari;781;;;564;1;150;245;168;100;464;467;97
1344;Zuid-Holland;2001 februari;1019;;;1063;20;414;483;146;393;670;436;627
1345;Zuid-Holland;2001 maart;1037;;;821;20;195;500;106;235;586;448;373
1346;Zuid-Holland;2001 1e kwartaal;2837;;;2448;41;759;1228;420;728;1720;1351;1097
1347;Zuid-Holland;2001 april;213;;;1308;75;326;627;280;481;827;698;610
1348;Zuid-Holland;2001 mei;917;;;1675;14;120;1453;88;724;951;994;681
1349;Zuid-Holland;2001 juni;1149;;;1801;23;605;888;285;305;1496;1035;766
1350;Zuid-Holland;2001 2e kwartaal;2279;;;4784;112;1051;2968;653;1510;3274;2727;2057
1351;Zuid-Holland;2001 juli;1140;;;1458;18;315;956;169;234;1224;870;588
1352;Zuid-Holland;2001 augustus;1326;;;1268;1;412;469;386;225;1043;702;566
1353;Zuid-Holland;2001 september;2167;;;1055;8;369;460;218;240;815;660;395
1354;Zuid-Holland;2001 3e kwartaal;4633;;;3781;27;1096;1885;773;699;3082;2232;1549
1355;Zuid-Holland;2001 oktober;1360;;;2017;29;354;1148;486;224;1793;1469;548
1356;Zuid-Holland;2001 november;945;;;1601;7;606;649;339;462;1139;1000;601
1357;Zuid-Holland;2001 december;1235;;;2334;93;852;1027;362;498;1836;1480;854
1358;Zuid-Holland;2001 4e kwartaal;3540;;;5952;129;1812;2824;1187;1184;4768;3949;2003
1359;Zuid-Holland;2001;13289;;;16965;309;4718;8905;3033;4121;12844;10259;6706
1360;Zeeland;1994;2412;2408.0;1862.0;2198;119;257;1375;447;310;1888;1960;238
1361;Zeeland;1994 januari;211;207.0;1661.0;140;0;1;86;53;0;140;140;0
1362;Zeeland;1994 februari;136;268.0;1824.0;105;21;4;60;20;21;84;84;21
1363;Zeeland;1994 maart;150;160.0;1894.0;71;0;9;53;9;0;71;71;0
1364;Zeeland;1994 april;309;138.0;1855.0;168;0;8;141;19;0;168;138;30
1365;Zeeland;1994 mei;192;297.0;2021.0;131;0;5;87;39;11;120;131;0
1366;Zeeland;1994 juni;214;249.0;2023.0;252;4;11;177;60;0;252;227;25
1367;Zeeland;1994 juli;253;139.0;1961.0;187;0;65;108;14;62;125;129;58
1368;Zeeland;1994 augustus;225;141.0;1931.0;210;41;48;95;26;41;169;171;39
1369;Zeeland;1994 september;176;264.0;2016.0;182;1;8;132;41;5;177;182;0
1370;Zeeland;1994 oktober;214;251.0;2105.0;162;1;15;82;64;12;150;162;0
1371;Zeeland;1994 november;182;223.0;2188.0;192;50;18;92;32;65;127;127;65
1372;Zeeland;1994 december;150;71.0;1862.0;398;1;65;262;70;93;305;398;0
1373;Zeeland;1994 1e kwartaal;497;635.0;1894.0;316;21;14;199;82;21;295;295;21
1374;Zeeland;1994 2e kwartaal;715;684.0;2023.0;551;4;24;405;118;11;540;496;55
1375;Zeeland;1994 3e kwartaal;654;544.0;2016.0;579;42;121;335;81;108;471;482;97
1376;Zeeland;1994 4e kwartaal;546;545.0;1862.0;752;52;98;436;166;170;582;687;65
1377;Zeeland;1995;2069;2099.0;1709.0;2253;211;412;1184;446;449;1804;1886;367
1378;Zeeland;1995 januari;385;186.0;1915.0;133;1;5;89;38;14;119;133;0
1379;Zeeland;1995 februari;132;320.0;2084.0;149;39;21;63;26;42;107;108;41
1380;Zeeland;1995 maart;110;245.0;2145.0;183;23;9;124;27;28;155;160;23
1381;Zeeland;1995 april;191;196.0;2194.0;145;1;49;62;33;38;107;107;38
1382;Zeeland;1995 mei;185;106.0;2165.0;136;16;34;48;38;38;98;98;38
1383;Zeeland;1995 juni;180;152.0;2088.0;238;0;54;154;30;86;152;202;36
1384;Zeeland;1995 juli;237;78.0;2007.0;159;13;3;112;31;13;146;159;0
1385;Zeeland;1995 augustus;96;137.0;1921.0;224;2;73;108;41;63;161;224;0
1386;Zeeland;1995 september;74;109.0;1946.0;84;0;9;50;25;0;84;84;0
1387;Zeeland;1995 oktober;117;167.0;2014.0;92;0;6;56;30;1;91;92;0
1388;Zeeland;1995 november;259;140.0;1922.0;232;0;67;103;62;2;230;160;72
1389;Zeeland;1995 december;103;263.0;1709.0;478;116;82;215;65;124;354;359;119
1390;Zeeland;1995 1e kwartaal;627;751.0;2145.0;465;63;35;276;91;84;381;401;64
1391;Zeeland;1995 2e kwartaal;556;454.0;2088.0;519;17;137;264;101;162;357;407;112
1392;Zeeland;1995 3e kwartaal;407;324.0;1946.0;467;15;85;270;97;76;391;467;0
1393;Zeeland;1995 4e kwartaal;479;570.0;1709.0;802;116;155;374;157;127;675;611;191
1394;Zeeland;1996;2512;2142.0;2087.0;1784;128;294;962;400;190;1594;1407;377
1395;Zeeland;1996 januari;206;112.0;1753.0;58;21;6;21;10;0;58;37;21
1396;Zeeland;1996 februari;347;260.0;1874.0;140;37;18;63;22;31;109;89;51
1397;Zeeland;1996 maart;295;99.0;1909.0;64;2;5;30;27;0;64;64;0
1398;Zeeland;1996 april;101;163.0;1954.0;74;0;5;49;20;0;74;74;0
1399;Zeeland;1996 mei;118;156.0;1941.0;170;47;14;64;45;52;118;122;48
1400;Zeeland;1996 juni;128;271.0;1995.0;214;1;32;138;43;32;182;184;30
1401;Zeeland;1996 juli;352;108.0;2010.0;93;1;6;76;10;2;91;71;22
1402;Zeeland;1996 augustus;100;208.0;2142.0;79;0;5;52;22;0;79;79;0
1403;Zeeland;1996 september;253;190.0;2167.0;183;0;12;121;50;1;182;183;0
1404;Zeeland;1996 oktober;106;198.0;2215.0;147;10;52;54;31;2;145;80;67
1405;Zeeland;1996 november;298;217.0;2229.0;198;1;10;152;35;42;156;150;48
1406;Zeeland;1996 december;208;160.0;2087.0;364;8;129;142;85;28;336;274;90
1407;Zeeland;1996 1e kwartaal;848;471.0;1909.0;262;60;29;114;59;31;231;190;72
1408;Zeeland;1996 2e kwartaal;347;590.0;1995.0;458;48;51;251;108;84;374;380;78
1409;Zeeland;1996 3e kwartaal;705;506.0;2167.0;355;1;23;249;82;3;352;333;22
1410;Zeeland;1996 4e kwartaal;612;575.0;2087.0;709;19;191;348;151;72;637;504;205
1411;Zeeland;1997;2282;2156.0;2379.0;1855;79;251;1085;440;294;1561;1747;108
1412;Zeeland;1997 januari;140;104.0;2159.0;33;1;0;15;17;0;33;33;0
1413;Zeeland;1997 februari;388;197.0;2146.0;210;1;49;87;73;27;183;210;0
1414;Zeeland;1997 maart;305;255.0;2349.0;52;0;6;32;14;0;52;52;0
1415;Zeeland;1997 april;103;164.0;2300.0;213;47;24;113;29;51;162;170;43
1416;Zeeland;1997 mei;77;101.0;2309.0;95;0;33;43;19;24;71;71;24
1417;Zeeland;1997 juni;206;253.0;2288.0;280;2;4;228;46;56;224;280;0
1418;Zeeland;1997 juli;261;104.0;2250.0;142;12;5;93;32;15;127;139;3
1419;Zeeland;1997 augustus;91;168.0;2335.0;85;0;6;48;31;2;83;85;0
1420;Zeeland;1997 september;244;185.0;2305.0;186;2;71;73;40;61;125;186;0
1421;Zeeland;1997 oktober;218;308.0;2467.0;149;3;25;96;25;44;105;124;25
1422;Zeeland;1997 november;123;116.0;2444.0;141;11;6;87;37;0;141;128;13
1423;Zeeland;1997 december;126;201.0;2379.0;269;0;22;170;77;14;255;269;0
1424;Zeeland;1997 1e kwartaal;833;556.0;2349.0;295;2;55;134;104;27;268;295;0
1425;Zeeland;1997 2e kwartaal;386;518.0;2288.0;588;49;61;384;94;131;457;521;67
1426;Zeeland;1997 3e kwartaal;596;457.0;2305.0;413;14;82;214;103;78;335;410;3
1427;Zeeland;1997 4e kwartaal;467;625.0;2379.0;559;14;53;353;139;58;501;521;38
1428;Zeeland;1998;2141;2197.0;2413.0;2044;73;270;1191;510;361;1683;1729;315
1429;Zeeland;1998 januari;168;145.0;2393.0;132;1;19;80;32;0;132;119;13
1430;Zeeland;1998 februari;212;324.0;2476.0;42;0;0;24;18;0;42;42;0
1431;Zeeland;1998 maart;104;225.0;2566.0;135;2;38;72;23;2;133;99;36
1432;Zeeland;1998 april;182;117.0;2613.0;94;2;5;40;47;0;94;94;0
1433;Zeeland;1998 mei;112;286.0;2810.0;92;0;14;56;92;0;92;79;13
1434;Zeeland;1998 juni;247;68.0;2492.0;451;61;25;274;91;79;372;346;105
1435;Zeeland;1998 juli;79;172.0;2578.0;71;0;0;52;19;20;51;71;0
1436;Zeeland;1998 augustus;133;99.0;2557.0;120;0;4;51;65;0;120;100;20
1437;Zeeland;1998 september;327;87.0;2539.0;103;6;13;45;39;18;85;103;0
1438;Zeeland;1998 oktober;68;204.0;2624.0;126;0;2;89;35;1;125;126;0
1439;Zeeland;1998 november;123;109.0;2424.0;305;0;73;169;63;104;201;236;69
1440;Zeeland;1998 december;386;361.0;2413.0;373;1;77;239;56;137;236;314;59
1441;Zeeland;1998 1e kwartaal;484;694.0;2566.0;309;3;57;176;73;2;307;260;49
1442;Zeeland;1998 2e kwartaal;541;471.0;2492.0;637;63;44;370;160;79;558;519;118
1443;Zeeland;1998 3e kwartaal;539;358.0;2539.0;294;6;17;148;123;38;256;274;20
1444;Zeeland;1998 4e kwartaal;577;674.0;2413.0;804;1;152;497;154;242;562;676;128
1445;Zeeland;1999;1871;2091.0;2910.0;1635;106;289;930;310;286;1349;1363;272
1446;Zeeland;1999 januari;214;210.0;2598.0;25;0;1;9;15;0;25;25;0
1447;Zeeland;1999 februari;261;122.0;2679.0;41;0;0;23;18;0;41;41;0
1448;Zeeland;1999 maart;198;193.0;2700.0;204;0;9;143;52;32;172;198;6
1449;Zeeland;1999 april;103;155.0;2723.0;138;30;55;34;19;31;107;89;49
1450;Zeeland;1999 mei;102;90.0;2666.0;136;0;2;110;24;5;131;79;57
1451;Zeeland;1999 juni;87;221.0;2839.0;52;0;1;27;24;0;52;52;0
1452;Zeeland;1999 juli;151;161.0;2858.0;135;16;34;63;22;14;121;135;0
1453;Zeeland;1999 augustus;126;252.0;2916.0;195;2;97;67;29;44;151;158;37
1454;Zeeland;1999 september;131;158.0;2967.0;109;27;1;66;15;27;82;82;27
1455;Zeeland;1999 oktober;165;193.0;3065.0;94;0;2;76;16;8;86;94;0
1456;Zeeland;1999 november;176;188.0;2990.0;261;0;78;159;24;81;180;165;96
1457;Zeeland;1999 december;157;147.0;2910.0;245;31;9;153;52;44;201;245;0
1458;Zeeland;1999 1e kwartaal;673;526.0;2700.0;270;0;10;175;85;32;238;264;6
1459;Zeeland;1999 2e kwartaal;292;466.0;2839.0;326;30;58;171;67;36;290;220;106
1460;Zeeland;1999 3e kwartaal;408;571.0;2967.0;439;45;132;196;66;85;354;375;64
1461;Zeeland;1999 4e kwartaal;498;528.0;2910.0;600;31;89;388;92;133;467;504;96
1462;Zeeland;2000;1360;;;1845;42;397;1023;383;184;1661;1703;142
1463;Zeeland;2000 januari;117;;;341;0;99;238;4;30;311;341;0
1464;Zeeland;2000 februari;147;;;84;0;0;66;18;0;84;60;24
1465;Zeeland;2000 maart;215;;;67;0;0;57;10;13;54;67;0
1466;Zeeland;2000 april;95;;;48;1;4;33;10;0;48;48;0
1467;Zeeland;2000 mei;80;;;95;0;2;78;15;0;95;95;0
1468;Zeeland;2000 juni;120;;;83;0;12;49;22;12;71;83;0
1469;Zeeland;2000 juli;112;;;109;0;64;33;12;41;68;101;8
1470;Zeeland;2000 augustus;87;;;152;0;19;68;65;0;152;152;0
1471;Zeeland;2000 september;146;;;220;30;31;109;50;30;190;163;57
1472;Zeeland;2000 oktober;32;;;262;0;134;87;41;22;240;240;22
1473;Zeeland;2000 november;60;;;239;9;3;143;84;6;233;237;2
1474;Zeeland;2000 december;149;;;145;2;29;62;52;30;115;116;29
1475;Zeeland;2000 1e kwartaal;479;;;492;0;99;361;32;43;449;468;24
1476;Zeeland;2000 2e kwartaal;295;;;226;1;18;160;47;12;214;226;0
1477;Zeeland;2000 3e kwartaal;345;;;481;30;114;210;127;71;410;416;65
1478;Zeeland;2000 4e kwartaal;241;;;646;11;166;292;177;58;588;593;53
1479;Zeeland;2001 januari;187;;;200;0;82;108;10;46;154;187;13
1480;Zeeland;2001 februari;70;;;79;0;13;54;12;0;79;47;32
1481;Zeeland;2001 maart;80;;;84;0;2;41;41;1;83;69;15
1482;Zeeland;2001 1e kwartaal;337;;;363;0;97;203;63;47;316;303;60
1483;Zeeland;2001 april;45;;;87;0;0;53;34;0;87;87;0
1484;Zeeland;2001 mei;98;;;110;0;4;22;84;0;110;110;0
1485;Zeeland;2001 juni;142;;;83;0;0;68;15;0;83;57;26
1486;Zeeland;2001 2e kwartaal;285;;;280;0;4;143;133;0;280;254;26
1487;Zeeland;2001 juli;116;;;68;0;1;59;8;0;68;68;0
1488;Zeeland;2001 augustus;127;;;122;1;4;83;34;12;110;122;0
1489;Zeeland;2001 september;70;;;149;0;64;44;41;49;100;135;14
1490;Zeeland;2001 3e kwartaal;313;;;339;1;69;186;83;61;278;325;14
1491;Zeeland;2001 oktober;142;;;128;0;11;65;52;0;128;120;8
1492;Zeeland;2001 november;48;;;90;0;15;48;27;0;90;90;0
1493;Zeeland;2001 december;30;;;143;10;25;86;22;0;143;143;0
1494;Zeeland;2001 4e kwartaal;220;;;361;10;51;199;101;0;361;353;8
1495;Zeeland;2001;1155;;;1343;11;221;731;380;108;1235;1235;108
1496;Noord-Brabant;1994;16509;16786.0;13939.0;13114;712;3179;6682;2541;3862;9252;10608;2506
1497;Noord-Brabant;1994 januari;1211;1770.0;12197.0;391;43;35;231;82;62;329;308;83
1498;Noord-Brabant;1994 februari;1432;763.0;12238.0;447;38;127;182;100;171;276;339;108
1499;Noord-Brabant;1994 maart;1567;1486.0;13096.0;543;65;71;349;58;108;435;472;71
1500;Noord-Brabant;1994 april;1011;1614.0;14004.0;662;6;251;264;141;177;485;459;203
1501;Noord-Brabant;1994 mei;1325;1367.0;14334.0;1009;56;213;519;221;290;719;798;211
1502;Noord-Brabant;1994 juni;1495;1327.0;14514.0;1108;8;261;664;175;261;847;885;223
1503;Noord-Brabant;1994 juli;1325;1313.0;14934.0;865;44;140;475;206;168;697;783;82
1504;Noord-Brabant;1994 augustus;1104;894.0;14880.0;953;46;345;344;218;411;542;683;270
1505;Noord-Brabant;1994 september;1370;1723.0;15641.0;911;22;204;520;165;204;707;777;134
1506;Noord-Brabant;1994 oktober;1861;1419.0;15406.0;1633;60;472;781;320;526;1107;1320;313
1507;Noord-Brabant;1994 november;1273;1726.0;15017.0;2121;161;461;1155;344;611;1510;1894;227
1508;Noord-Brabant;1994 december;1535;1384.0;13939.0;2471;163;599;1198;511;873;1598;1890;581
1509;Noord-Brabant;1994 1e kwartaal;4210;4019.0;13096.0;1381;146;233;762;240;341;1040;1119;262
1510;Noord-Brabant;1994 2e kwartaal;3831;4308.0;14514.0;2779;70;725;1447;537;728;2051;2142;637
1511;Noord-Brabant;1994 3e kwartaal;3799;3930.0;15641.0;2729;112;689;1339;589;783;1946;2243;486
1512;Noord-Brabant;1994 4e kwartaal;4669;4529.0;13939.0;6225;384;1532;3134;1175;2010;4215;5104;1121
1513;Noord-Brabant;1995;13705;14274.0;12868.0;15274;870;4289;7505;2610;4699;10575;12055;3219
1514;Noord-Brabant;1995 januari;1096;1139.0;14338.0;734;82;162;296;194;243;491;569;165
1515;Noord-Brabant;1995 februari;1147;1023.0;14807.0;563;28;145;309;81;131;432;458;105
1516;Noord-Brabant;1995 maart;1018;903.0;14595.0;1127;35;293;660;139;233;894;935;192
1517;Noord-Brabant;1995 april;1197;944.0;14666.0;865;4;277;402;182;282;583;674;191
1518;Noord-Brabant;1995 mei;1509;1696.0;14954.0;1391;72;372;717;230;319;1072;1105;286
1519;Noord-Brabant;1995 juni;1232;1044.0;14999.0;995;21;328;539;107;400;595;705;290
1520;Noord-Brabant;1995 juli;968;1117.0;15028.0;1040;77;202;546;215;265;775;936;104
1521;Noord-Brabant;1995 augustus;979;1071.0;14735.0;1368;123;381;610;254;490;878;1040;328
1522;Noord-Brabant;1995 september;913;1239.0;14585.0;1393;143;364;655;231;422;971;1113;280
1523;Noord-Brabant;1995 oktober;1264;1251.0;14638.0;1174;53;263;633;225;331;843;1053;121
1524;Noord-Brabant;1995 november;1270;763.0;13678.0;1734;188;381;912;253;477;1257;1408;326
1525;Noord-Brabant;1995 december;1112;2084.0;12868.0;2890;44;1121;1226;499;1106;1784;2059;831
1526;Noord-Brabant;1995 1e kwartaal;3261;3065.0;14595.0;2424;145;600;1265;414;607;1817;1962;462
1527;Noord-Brabant;1995 2e kwartaal;3938;3684.0;14999.0;3251;97;977;1658;519;1001;2250;2484;767
1528;Noord-Brabant;1995 3e kwartaal;2860;3427.0;14585.0;3801;343;947;1811;700;1177;2624;3089;712
1529;Noord-Brabant;1995 4e kwartaal;3646;4098.0;12868.0;5798;285;1765;2771;977;1914;3884;4520;1278
1530;Noord-Brabant;1996;16982;15698.0;14565.0;13947;986;3882;6699;2380;4445;9502;10401;3546
1531;Noord-Brabant;1996 januari;1059;852.0;13257.0;432;57;84;194;97;162;270;318;114
1532;Noord-Brabant;1996 februari;1800;1183.0;13551.0;853;82;434;198;139;321;532;495;358
1533;Noord-Brabant;1996 maart;1440;1213.0;14251.0;485;28;96;268;93;141;344;392;93
1534;Noord-Brabant;1996 april;1657;1198.0;14816.0;665;54;62;359;190;166;499;627;38
1535;Noord-Brabant;1996 mei;1216;1414.0;15296.0;918;118;300;434;66;368;550;644;274
1536;Noord-Brabant;1996 juni;1474;1133.0;15522.0;909;61;214;482;152;248;661;726;183
1537;Noord-Brabant;1996 juli;1105;1758.0;16487.0;793;161;136;289;207;326;467;611;182
1538;Noord-Brabant;1996 augustus;1144;1102.0;16569.0;1026;31;258;515;222;240;786;871;155
1539;Noord-Brabant;1996 september;1240;1288.0;16442.0;1418;63;479;555;321;509;909;902;516
1540;Noord-Brabant;1996 oktober;1953;2122.0;16913.0;1656;78;460;862;256;481;1175;1159;497
1541;Noord-Brabant;1996 november;1575;1098.0;16003.0;2014;132;605;1070;207;643;1371;1482;532
1542;Noord-Brabant;1996 december;1319;1337.0;14565.0;2778;121;754;1473;430;840;1938;2174;604
1543;Noord-Brabant;1996 1e kwartaal;4299;3248.0;14251.0;1770;167;614;660;329;624;1146;1205;565
1544;Noord-Brabant;1996 2e kwartaal;4347;3745.0;15522.0;2492;233;576;1275;408;782;1710;1997;495
1545;Noord-Brabant;1996 3e kwartaal;3489;4148.0;16442.0;3237;255;873;1359;750;1075;2162;2384;853
1546;Noord-Brabant;1996 4e kwartaal;4847;4557.0;14565.0;6448;331;1819;3405;893;1964;4484;4815;1633
1547;Noord-Brabant;1997;15957;16153.0;16280.0;14320;868;3272;8361;1819;3406;10914;11115;3205
1548;Noord-Brabant;1997 januari;1522;709.0;14757.0;506;99;74;261;72;104;402;359;147
1549;Noord-Brabant;1997 februari;798;931.0;15225.0;458;1;102;297;58;87;371;368;90
1550;Noord-Brabant;1997 maart;1029;1665.0;16380.0;520;9;95;325;91;89;431;485;35
1551;Noord-Brabant;1997 april;1451;1254.0;16922.0;736;25;122;448;141;161;575;629;107
1552;Noord-Brabant;1997 mei;1017;1786.0;17509.0;1239;29;327;767;116;223;1016;955;284
1553;Noord-Brabant;1997 juni;1933;1112.0;17361.0;1149;71;238;669;171;370;779;864;285
1554;Noord-Brabant;1997 juli;1598;923.0;17409.0;870;33;209;446;182;222;648;700;170
1555;Noord-Brabant;1997 augustus;630;1385.0;18101.0;700;33;197;391;79;229;471;551;149
1556;Noord-Brabant;1997 september;2021;2019.0;18484.0;1635;65;179;1154;237;288;1347;1397;238
1557;Noord-Brabant;1997 oktober;1679;1584.0;18623.0;1453;38;418;822;175;201;1252;1214;239
1558;Noord-Brabant;1997 november;909;1308.0;18170.0;1751;120;272;1173;186;477;1274;1373;378
1559;Noord-Brabant;1997 december;1370;1477.0;16280.0;3303;345;1039;1608;311;955;2348;2220;1083
1560;Noord-Brabant;1997 1e kwartaal;3349;3305.0;16380.0;1484;109;271;883;221;280;1204;1212;272
1561;Noord-Brabant;1997 2e kwartaal;4401;4152.0;17361.0;3124;125;687;1884;428;754;2370;2448;676
1562;Noord-Brabant;1997 3e kwartaal;4249;4327.0;18484.0;3205;131;585;1991;498;739;2466;2648;557
1563;Noord-Brabant;1997 4e kwartaal;3958;4369.0;16280.0;6507;503;1729;3603;672;1633;4874;4807;1700
1564;Noord-Brabant;1998;15168;13222.0;14474.0;14868;874;4089;7791;2114;3002;11866;11383;3485
1565;Noord-Brabant;1998 januari;586;1194.0;16720.0;751;9;174;437;131;80;671;689;62
1566;Noord-Brabant;1998 februari;1155;705.0;16776.0;557;30;176;291;60;108;449;416;141
1567;Noord-Brabant;1998 maart;1601;1278.0;17238.0;817;34;59;548;176;123;694;805;12
1568;Noord-Brabant;1998 april;881;848.0;17466.0;620;37;206;297;80;194;426;449;171
1569;Noord-Brabant;1998 mei;1019;744.0;17264.0;944;2;280;575;944;158;786;763;181
1570;Noord-Brabant;1998 juni;1260;1227.0;17184.0;1276;38;469;649;120;381;895;757;519
1571;Noord-Brabant;1998 juli;1038;874.0;17069.0;963;19;288;566;90;291;672;725;238
1572;Noord-Brabant;1998 augustus;1461;863.0;16724.0;1213;9;450;581;173;176;1037;993;220
1573;Noord-Brabant;1998 september;1245;1358.0;17161.0;913;37;222;493;161;258;655;718;195
1574;Noord-Brabant;1998 oktober;933;1216.0;16975.0;1402;48;290;838;226;152;1250;1097;305
1575;Noord-Brabant;1998 november;1293;1495.0;16490.0;1956;231;612;662;451;271;1685;1325;631
1576;Noord-Brabant;1998 december;2696;1420.0;14474.0;3456;380;863;1854;359;810;2646;2646;810
1577;Noord-Brabant;1998 1e kwartaal;3342;3177.0;17238.0;2125;73;409;1276;367;311;1814;1910;215
1578;Noord-Brabant;1998 2e kwartaal;3160;2819.0;17184.0;2840;77;955;1521;287;733;2107;1969;871
1579;Noord-Brabant;1998 3e kwartaal;3744;3095.0;17161.0;3089;65;960;1640;424;725;2364;2436;653
1580;Noord-Brabant;1998 4e kwartaal;4922;4131.0;14474.0;6814;659;1765;3354;1036;1233;5581;5068;1746
1581;Noord-Brabant;1999;11229;12380.0;15192.0;11735;421;3425;6046;1843;2237;9498;8971;2764
1582;Noord-Brabant;1999 januari;1309;759.0;15002.0;228;6;70;115;37;29;199;155;73
1583;Noord-Brabant;1999 februari;883;991.0;15624.0;375;1;81;184;109;23;352;344;31
1584;Noord-Brabant;1999 maart;598;754.0;15988.0;521;3;89;289;140;57;464;504;17
1585;Noord-Brabant;1999 april;872;1020.0;16251.0;767;0;210;452;105;114;653;666;101
1586;Noord-Brabant;1999 mei;703;1097.0;16439.0;889;4;341;437;107;324;565;582;307
1587;Noord-Brabant;1999 juni;885;801.0;16276.0;930;50;529;280;71;494;436;448;482
1588;Noord-Brabant;1999 juli;1042;1297.0;16620.0;955;33;272;534;116;150;805;868;87
1589;Noord-Brabant;1999 augustus;880;1100.0;17050.0;671;11;108;431;121;68;603;568;103
1590;Noord-Brabant;1999 september;1077;1024.0;17268.0;801;39;204;425;133;144;657;656;145
1591;Noord-Brabant;1999 oktober;601;503.0;16937.0;833;1;371;337;124;161;672;482;329
1592;Noord-Brabant;1999 november;721;1664.0;16871.0;1705;69;407;950;279;104;1601;1343;362
1593;Noord-Brabant;1999 december;1658;1367.0;15192.0;3060;204;743;1612;501;569;2491;2355;705
1594;Noord-Brabant;1999 1e kwartaal;2790;2507.0;15988.0;1124;10;240;588;286;109;1015;1003;121
1595;Noord-Brabant;1999 2e kwartaal;2460;2918.0;16276.0;2586;54;1080;1169;283;932;1654;1696;890
1596;Noord-Brabant;1999 3e kwartaal;2999;3421.0;17268.0;2427;83;584;1390;370;362;2065;2092;335
1597;Noord-Brabant;1999 4e kwartaal;2980;3534.0;15192.0;5598;274;1521;2899;904;834;4764;4180;1418
1598;Noord-Brabant;2000;10157;;;11441;517;3364;5346;2214;2494;8947;8628;2813
1599;Noord-Brabant;2000 januari;1355;;;548;23;276;162;87;195;353;323;225
1600;Noord-Brabant;2000 februari;603;;;459;2;162;193;102;47;412;347;112
1601;Noord-Brabant;2000 maart;943;;;687;27;183;369;108;149;538;586;101
1602;Noord-Brabant;2000 april;1060;;;741;0;250;308;183;126;615;533;208
1603;Noord-Brabant;2000 mei;872;;;573;14;147;219;193;51;522;496;77
1604;Noord-Brabant;2000 juni;686;;;998;62;319;397;220;269;729;689;309
1605;Noord-Brabant;2000 juli;692;;;614;1;154;345;114;28;586;531;83
1606;Noord-Brabant;2000 augustus;784;;;927;131;348;230;218;391;536;492;435
1607;Noord-Brabant;2000 september;668;;;850;46;239;378;187;110;740;573;277
1608;Noord-Brabant;2000 oktober;715;;;1174;40;286;649;199;262;912;988;186
1609;Noord-Brabant;2000 november;884;;;1126;25;252;582;267;173;953;902;224
1610;Noord-Brabant;2000 december;895;;;2744;146;748;1514;336;693;2051;2168;576
1611;Noord-Brabant;2000 1e kwartaal;2901;;;1694;52;621;724;297;391;1303;1256;438
1612;Noord-Brabant;2000 2e kwartaal;2618;;;2312;76;716;924;596;446;1866;1718;594
1613;Noord-Brabant;2000 3e kwartaal;2144;;;2391;178;741;953;519;529;1862;1596;795
1614;Noord-Brabant;2000 4e kwartaal;2494;;;5044;211;1286;2745;802;1128;3916;4058;986
1615;Noord-Brabant;2001 januari;528;;;558;21;196;278;63;197;361;378;180
1616;Noord-Brabant;2001 februari;665;;;362;2;111;176;73;0;362;310;52
1617;Noord-Brabant;2001 maart;772;;;434;18;76;280;60;24;410;339;95
1618;Noord-Brabant;2001 1e kwartaal;1965;;;1354;41;383;734;196;221;1133;1027;327
1619;Noord-Brabant;2001 april;786;;;563;1;219;246;97;110;453;364;199
1620;Noord-Brabant;2001 mei;595;;;626;9;164;349;104;59;567;406;220
1621;Noord-Brabant;2001 juni;450;;;798;16;379;277;126;185;613;398;400
1622;Noord-Brabant;2001 2e kwartaal;1831;;;1987;26;762;872;327;354;1633;1168;819
1623;Noord-Brabant;2001 juli;1018;;;590;43;170;216;161;64;526;465;125
1624;Noord-Brabant;2001 augustus;346;;;909;4;137;609;159;27;882;858;51
1625;Noord-Brabant;2001 september;609;;;402;36;154;160;52;50;352;316;86
1626;Noord-Brabant;2001 3e kwartaal;1973;;;1901;83;461;985;372;141;1760;1639;262
1627;Noord-Brabant;2001 oktober;595;;;754;12;267;357;118;113;641;587;167
1628;Noord-Brabant;2001 november;867;;;913;16;302;485;110;105;808;701;212
1629;Noord-Brabant;2001 december;666;;;2649;52;799;1507;291;664;1985;2101;548
1630;Noord-Brabant;2001 4e kwartaal;2128;;;4316;80;1368;2349;519;882;3434;3389;927
1631;Noord-Brabant;2001;7897;;;9558;230;2974;4940;1414;1598;7960;7223;2335
1632;Limburg;1994;6404;6374.0;5028.0;5640;167;1398;3496;579;1685;3955;4732;908
1633;Limburg;1994 januari;505;725.0;4898.0;304;8;71;186;39;111;193;276;28
1634;Limburg;1994 februari;597;455.0;4650.0;682;45;137;418;82;280;402;602;80
1635;Limburg;1994 maart;661;505.0;4826.0;338;0;68;193;77;63;275;303;35
1636;Limburg;1994 april;463;672.0;5146.0;257;25;66;149;17;63;194;184;73
1637;Limburg;1994 mei;439;524.0;5278.0;389;20;119;198;52;113;276;345;44
1638;Limburg;1994 juni;958;366.0;5074.0;569;2;181;338;48;290;279;388;181
1639;Limburg;1994 juli;304;367.0;5176.0;268;9;9;227;23;53;215;221;47
1640;Limburg;1994 augustus;524;613.0;5353.0;383;2;48;299;34;38;345;383;0
1641;Limburg;1994 september;411;814.0;5778.0;320;16;57;211;36;55;265;305;15
1642;Limburg;1994 oktober;478;535.0;5547.0;752;1;217;471;63;196;556;619;133
1643;Limburg;1994 november;553;308.0;5273.0;641;10;197;376;58;213;428;434;207
1644;Limburg;1994 december;511;490.0;5028.0;737;29;228;430;50;210;527;672;65
1645;Limburg;1994 1e kwartaal;1763;1685.0;4826.0;1324;53;276;797;198;454;870;1181;143
1646;Limburg;1994 2e kwartaal;1860;1562.0;5074.0;1215;47;366;685;117;466;749;917;298
1647;Limburg;1994 3e kwartaal;1239;1794.0;5778.0;971;27;114;737;93;146;825;909;62
1648;Limburg;1994 4e kwartaal;1542;1333.0;5028.0;2130;40;642;1277;171;619;1511;1725;405
1649;Limburg;1995;6535;5914.0;5167.0;5772;219;1562;3425;566;1844;3928;4759;1013
1650;Limburg;1995 januari;376;433.0;5228.0;233;0;72;124;37;51;182;182;51
1651;Limburg;1995 februari;439;511.0;5405.0;329;15;96;197;21;99;230;255;74
1652;Limburg;1995 maart;704;456.0;5416.0;445;33;73;269;70;160;285;396;49
1653;Limburg;1995 april;503;564.0;5590.0;396;49;165;139;43;189;207;364;32
1654;Limburg;1995 mei;405;522.0;5176.0;888;3;304;503;78;340;548;713;175
1655;Limburg;1995 juni;713;409.0;5085.0;503;52;126;286;39;190;313;384;119
1656;Limburg;1995 juli;475;486.0;5262.0;311;4;87;187;33;50;261;244;67
1657;Limburg;1995 augustus;672;431.0;5390.0;303;2;53;206;42;46;257;275;28
1658;Limburg;1995 september;400;554.0;5526.0;418;1;56;311;50;112;306;324;94
1659;Limburg;1995 oktober;649;471.0;5545.0;458;13;66;329;50;159;299;374;84
1660;Limburg;1995 november;552;716.0;5698.0;563;6;219;298;40;162;401;510;53
1661;Limburg;1995 december;647;361.0;5167.0;925;41;245;576;63;286;639;738;187
1662;Limburg;1995 1e kwartaal;1519;1400.0;5416.0;1007;48;241;590;128;310;697;833;174
1663;Limburg;1995 2e kwartaal;1621;1495.0;5085.0;1787;104;595;928;160;719;1068;1461;326
1664;Limburg;1995 3e kwartaal;1547;1471.0;5526.0;1032;7;196;704;125;208;824;843;189
1665;Limburg;1995 4e kwartaal;1848;1548.0;5167.0;1946;60;530;1203;153;607;1339;1622;324
1666;Limburg;1996;5415;6458.0;6501.0;5070;244;1693;2583;550;1753;3317;3836;1234
1667;Limburg;1996 januari;369;319.0;5341.0;144;0;53;68;23;45;99;131;13
1668;Limburg;1996 februari;652;277.0;5378.0;236;0;108;109;19;85;151;236;0
1669;Limburg;1996 maart;740;517.0;5742.0;151;0;16;91;44;20;131;148;3
1670;Limburg;1996 april;535;669.0;6068.0;342;13;73;219;37;102;240;329;13
1671;Limburg;1996 mei;626;593.0;6466.0;197;1;45;118;33;14;183;150;47
1672;Limburg;1996 juni;472;781.0;6644.0;583;83;123;298;79;244;339;436;147
1673;Limburg;1996 juli;378;363.0;6581.0;406;58;87;230;31;150;256;318;88
1674;Limburg;1996 augustus;214;327.0;6514.0;394;19;132;194;49;34;360;351;43
1675;Limburg;1996 september;454;908.0;7039.0;383;3;125;213;42;147;236;269;114
1676;Limburg;1996 oktober;379;604.0;6939.0;704;17;333;315;39;355;349;366;338
1677;Limburg;1996 november;203;424.0;6859.0;487;9;185;260;33;201;286;344;143
1678;Limburg;1996 december;393;676.0;6501.0;1043;41;413;468;121;356;687;758;285
1679;Limburg;1996 1e kwartaal;1761;1113.0;5742.0;531;0;177;268;86;150;381;515;16
1680;Limburg;1996 2e kwartaal;1633;2043.0;6644.0;1122;97;241;635;149;360;762;915;207
1681;Limburg;1996 3e kwartaal;1046;1598.0;7039.0;1183;80;344;637;122;331;852;938;245
1682;Limburg;1996 4e kwartaal;975;1704.0;6501.0;2234;67;931;1043;193;912;1322;1468;766
1683;Limburg;1997;5214;4971.0;5226.0;6180;190;2006;3217;767;1880;4300;4376;1804
1684;Limburg;1997 januari;258;130.0;6331.0;295;5;137;118;35;129;166;184;111
1685;Limburg;1997 februari;279;292.0;6383.0;239;50;33;131;25;50;189;189;50
1686;Limburg;1997 maart;293;229.0;6241.0;370;14;63;220;73;38;332;332;38
1687;Limburg;1997 april;613;625.0;6339.0;512;12;173;221;106;194;318;347;165
1688;Limburg;1997 mei;447;320.0;6226.0;433;0;119;277;37;58;375;382;51
1689;Limburg;1997 juni;446;465.0;5953.0;718;6;304;257;151;305;413;514;204
1690;Limburg;1997 juli;500;275.0;5767.0;435;1;113;285;36;41;394;410;25
1691;Limburg;1997 augustus;480;237.0;5620.0;372;8;182;162;20;140;232;201;171
1692;Limburg;1997 september;646;453.0;5538.0;548;5;232;261;50;253;295;334;214
1693;Limburg;1997 oktober;495;658.0;5627.0;568;5;43;445;75;82;486;498;70
1694;Limburg;1997 november;367;798.0;5538.0;888;72;328;417;71;363;525;471;417
1695;Limburg;1997 december;390;489.0;5226.0;802;12;279;423;88;227;575;514;288
1696;Limburg;1997 1e kwartaal;830;651.0;6241.0;904;69;233;469;133;217;687;705;199
1697;Limburg;1997 2e kwartaal;1506;1410.0;5953.0;1663;18;596;755;294;557;1106;1243;420
1698;Limburg;1997 3e kwartaal;1626;965.0;5538.0;1355;14;527;708;106;434;921;945;410
1699;Limburg;1997 4e kwartaal;1252;1945.0;5226.0;2258;89;650;1285;234;672;1586;1483;775
1700;Limburg;1998;4458;4024.0;4867.0;4125;99;979;2316;731;960;3165;3449;676
1701;Limburg;1998 januari;402;194.0;5259.0;161;0;31;95;35;14;147;148;13
1702;Limburg;1998 februari;255;295.0;5220.0;247;17;66;108;56;109;138;196;51
1703;Limburg;1998 maart;544;389.0;5367.0;242;8;64;138;32;71;171;196;46
1704;Limburg;1998 april;389;350.0;5471.0;247;1;56;135;55;38;209;180;67
1705;Limburg;1998 mei;240;277.0;5490.0;259;1;27;188;259;52;207;259;0
1706;Limburg;1998 juni;442;592.0;5652.0;430;1;155;241;33;209;221;250;180
1707;Limburg;1998 juli;623;274.0;5600.0;325;4;43;194;84;40;285;274;51
1708;Limburg;1998 augustus;179;343.0;5587.0;355;2;115;200;38;86;269;343;12
1709;Limburg;1998 september;253;262.0;5454.0;225;0;29;139;57;27;198;225;0
1710;Limburg;1998 oktober;333;267.0;5461.0;260;7;99;116;38;124;136;159;101
1711;Limburg;1998 november;394;483.0;5315.0;626;29;181;353;63;108;518;511;115
1712;Limburg;1998 december;404;298.0;4867.0;748;29;113;409;197;82;666;708;40
1713;Limburg;1998 1e kwartaal;1201;878.0;5367.0;650;25;161;341;123;194;456;540;110
1714;Limburg;1998 2e kwartaal;1071;1219.0;5652.0;936;3;238;564;131;299;637;689;247
1715;Limburg;1998 3e kwartaal;1055;879.0;5454.0;905;6;187;533;179;153;752;842;63
1716;Limburg;1998 4e kwartaal;1131;1048.0;4867.0;1634;65;393;878;298;314;1320;1378;256
1717;Limburg;1999;4629;4211.0;4957.0;4147;172;1206;2071;698;835;3312;3078;1069
1718;Limburg;1999 januari;203;195.0;4854.0;207;2;88;98;19;84;123;134;73
1719;Limburg;1999 februari;184;328.0;5032.0;150;33;1;93;23;33;117;117;33
1720;Limburg;1999 maart;624;296.0;5230.0;104;0;3;75;26;0;104;104;0
1721;Limburg;1999 april;205;430.0;5449.0;232;0;111;89;32;63;169;145;87
1722;Limburg;1999 mei;211;399.0;5560.0;291;1;31;212;47;30;261;291;0
1723;Limburg;1999 juni;565;192.0;5264.0;487;0;137;226;124;131;356;364;123
1724;Limburg;1999 juli;268;256.0;5117.0;405;28;102;222;53;121;284;305;100
1725;Limburg;1999 augustus;356;218.0;5175.0;158;24;66;58;10;71;87;102;56
1726;Limburg;1999 september;422;645.0;5480.0;340;9;3;209;119;9;331;300;40
1727;Limburg;1999 oktober;236;348.0;5501.0;328;14;56;190;68;8;320;295;33
1728;Limburg;1999 november;650;558.0;5454.0;604;41;241;248;74;126;478;289;315
1729;Limburg;1999 december;705;346.0;4957.0;841;20;327;391;103;159;682;632;209
1730;Limburg;1999 1e kwartaal;1011;819.0;5230.0;461;35;92;266;68;117;344;355;106
1731;Limburg;1999 2e kwartaal;981;1021.0;5264.0;1010;1;279;527;203;224;786;800;210
1732;Limburg;1999 3e kwartaal;1046;1119.0;5480.0;903;61;171;489;182;201;702;707;196
1733;Limburg;1999 4e kwartaal;1591;1252.0;4957.0;1773;75;624;829;245;293;1480;1216;557
1734;Limburg;2000;4713;;;3652;29;1152;1730;741;687;2965;2745;907
1735;Limburg;2000 januari;311;;;208;0;40;88;80;39;169;169;39
1736;Limburg;2000 februari;235;;;298;0;21;219;58;18;280;236;62
1737;Limburg;2000 maart;580;;;135;0;10;110;15;0;135;133;2
1738;Limburg;2000 april;460;;;142;0;34;65;43;1;141;117;25
1739;Limburg;2000 mei;416;;;274;0;98;158;18;66;208;178;96
1740;Limburg;2000 juni;199;;;225;0;84;123;18;26;199;183;42
1741;Limburg;2000 juli;356;;;81;1;7;43;30;6;75;80;1
1742;Limburg;2000 augustus;368;;;399;6;121;118;154;134;265;308;91
1743;Limburg;2000 september;474;;;134;0;34;75;25;19;115;103;31
1744;Limburg;2000 oktober;337;;;413;14;192;110;97;134;279;280;133
1745;Limburg;2000 november;698;;;502;0;269;164;69;129;373;274;228
1746;Limburg;2000 december;279;;;841;8;242;457;134;115;726;684;157
1747;Limburg;2000 1e kwartaal;1126;;;641;0;71;417;153;57;584;538;103
1748;Limburg;2000 2e kwartaal;1075;;;641;0;216;346;79;93;548;478;163
1749;Limburg;2000 3e kwartaal;1198;;;614;7;162;236;209;159;455;491;123
1750;Limburg;2000 4e kwartaal;1314;;;1756;22;703;731;300;378;1378;1238;518
1751;Limburg;2001 januari;545;;;238;0;110;111;17;47;191;197;41
1752;Limburg;2001 februari;407;;;277;8;96;146;27;58;219;160;117
1753;Limburg;2001 maart;198;;;155;0;35;98;22;2;153;120;35
1754;Limburg;2001 1e kwartaal;1150;;;670;8;241;355;66;107;563;477;193
1755;Limburg;2001 april;163;;;168;1;52;90;25;44;124;136;32
1756;Limburg;2001 mei;490;;;255;0;107;128;20;10;245;170;85
1757;Limburg;2001 juni;212;;;303;9;113;151;30;108;195;222;81
1758;Limburg;2001 2e kwartaal;865;;;726;10;272;369;75;162;564;528;198
1759;Limburg;2001 juli;352;;;260;4;36;174;46;7;253;224;36
1760;Limburg;2001 augustus;243;;;317;6;69;165;77;3;314;242;75
1761;Limburg;2001 september;228;;;262;1;89;147;25;58;204;196;66
1762;Limburg;2001 3e kwartaal;823;;;839;11;194;486;148;68;771;662;177
1763;Limburg;2001 oktober;291;;;242;0;49;139;54;47;195;222;20
1764;Limburg;2001 november;136;;;302;3;28;120;151;36;266;279;23
1765;Limburg;2001 december;189;;;1167;23;108;717;319;239;928;1056;111
1766;Limburg;2001 4e kwartaal;616;;;1711;26;185;976;524;322;1389;1557;154
1767;Limburg;2001;3454;;;3946;55;892;2186;813;659;3287;3224;722
