ID;Leeftijd;Perioden;TotaalAantalHuishoudens_1;Eenpersoonshuishouden_2;TotaalMeerpersoonshuishoudens_3;k_2Personen_4;k_3Personen_5;k_4Personen_6;k_5OfMeerPersonen_7
0;Totaal over alle leeftijden;2007;7199519;2556154;4643365;2335159;896248;972100;439858
1;Totaal over alle leeftijden;2008;7246925;2599010;4647915;2340956;893957;976697;436305
2;Totaal over alle leeftijden;2009;7295896;2642453;4653443;2346612;893838;980645;432348
3;Totaal over alle leeftijden;2010;7346499;2686484;4660015;2353653;895323;983408;427631
4;Totaal over alle leeftijden;2011;7398130;2730786;4667344;2362245;897476;984925;422698
5;Totaal over alle leeftijden;2012;7450228;2775192;4675036;2372257;899753;985535;417491
6;Totaal over alle leeftijden;2013;7502026;2819240;4682786;2383480;901783;985194;412329
7;Totaal over alle leeftijden;2014;7552535;2862349;4690186;2395940;903258;984159;406829
8;Totaal over alle leeftijden;2015;7601343;2904423;4696920;2408479;904277;982764;401400
9;Totaal over alle leeftijden;2016;7648480;2945577;4702903;2420198;905241;981322;396142
10;Totaal over alle leeftijden;2017;7694051;2986107;4707944;2430013;906235;980461;391235
11;Totaal over alle leeftijden;2018;7738052;3026050;4712002;2438673;907060;979674;386595
12;Totaal over alle leeftijden;2019;7780463;3065316;4715147;2445467;908014;979122;382544
13;Totaal over alle leeftijden;2020;7820760;3103466;4717294;2452236;908562;977719;378777
14;Totaal over alle leeftijden;2021;7859056;3140506;4718550;2458420;908508;976038;375584
15;Totaal over alle leeftijden;2022;7895836;3176652;4719184;2464657;907449;974029;373049
16;Totaal over alle leeftijden;2023;7930416;3211330;4719086;2471883;904790;971391;371022
17;Totaal over alle leeftijden;2024;7962408;3244168;4718240;2479399;900514;968717;369610
18;Totaal over alle leeftijden;2025;7991615;3275068;4716547;2486350;895060;966412;368725
19;Totaal over alle leeftijden;2026;8017994;3304066;4713928;2492095;888853;964638;368342
20;Totaal over alle leeftijden;2027;8041428;3331183;4710245;2495943;882339;963561;368402
21;Totaal over alle leeftijden;2028;8061840;3356453;4705387;2497542;875794;963267;368784
22;Totaal over alle leeftijden;2029;8079246;3379873;4699373;2496774;869486;963696;369417
23;Totaal over alle leeftijden;2030;8093557;3401353;4692204;2493754;863515;964752;370183
24;Totaal over alle leeftijden;2031;8104890;3420813;4684077;2488776;857934;966350;371017
25;Totaal over alle leeftijden;2032;8113425;3438449;4674976;2481962;852783;968367;371864
26;Totaal over alle leeftijden;2033;8119394;3454098;4665296;2473909;848067;970649;372671
27;Totaal over alle leeftijden;2034;8122936;3467891;4655045;2464808;843869;972961;373407
28;Totaal over alle leeftijden;2035;8124351;3480022;4644329;2454895;840268;975127;374039
29;Totaal over alle leeftijden;2036;8123961;3490595;4633366;2444553;837337;976959;374517
30;Totaal over alle leeftijden;2037;8121914;3499656;4622258;2433952;835154;978327;374825
31;Totaal over alle leeftijden;2038;8118509;3507382;4611127;2423327;833717;979129;374954
32;Totaal over alle leeftijden;2039;8114018;3513850;4600168;2412936;832989;979366;374877
33;Totaal over alle leeftijden;2040;8108711;3519213;4589498;2403016;832852;979050;374580
34;Totaal over alle leeftijden;2041;8102672;3523437;4579235;2393748;833156;978248;374083
35;Totaal over alle leeftijden;2042;8096134;3526645;4569489;2385278;833807;977028;373376
36;Totaal over alle leeftijden;2043;8089195;3528825;4560370;2377736;834647;975483;372504
37;Totaal over alle leeftijden;2044;8081954;3530036;4551918;2371142;835644;973644;371488
38;Totaal over alle leeftijden;2045;8074460;3530299;4544161;2365498;836683;971590;370390
39;Totaal over alle leeftijden;2046;8066776;3529672;4537104;2360717;837730;969414;369243
40;Totaal over alle leeftijden;2047;8058938;3528140;4530798;2356803;838760;967161;368074
41;Totaal over alle leeftijden;2048;8050998;3525749;4525249;2353729;839676;964913;366931
42;Totaal over alle leeftijden;2049;8043007;3522483;4520524;2351533;840448;962736;365807
43;Totaal over alle leeftijden;2050;8034881;3518340;4516541;2350034;841085;960659;364763
44;100;2007;467399;285648;181751;138322;31978;9324;2127
45;100;2008;471624;289502;182122;139108;31801;9106;2107
46;100;2009;478508;294594;183914;141084;31708;8992;2130
47;100;2010;484660;298976;185684;143033;31612;8900;2139
48;100;2011;490061;302464;187597;145214;31423;8803;2157
49;100;2012;493410;304393;189017;147020;31128;8708;2161
50;100;2013;496802;305842;190960;149139;31001;8647;2173
51;100;2014;500163;307168;192995;151256;30902;8631;2206
52;100;2015;501774;307458;194316;152762;30695;8626;2233
53;100;2016;499108;305425;193683;152788;30139;8519;2237
54;100;2017;496394;303690;192704;152494;29583;8398;2229
55;100;2018;495406;303058;192348;152612;29188;8320;2228
56;100;2019;495870;303484;192386;152996;28907;8253;2230
57;100;2020;496446;303993;192453;153425;28641;8163;2224
58;100;2021;499889;305822;194067;154948;28713;8168;2238
59;100;2022;503883;307513;196370;156899;28967;8239;2265
60;100;2023;506094;308125;197969;158241;29132;8303;2293
61;100;2024;504058;306156;197902;158281;29015;8300;2306
62;100;2025;499951;302867;197084;157679;28806;8286;2313
63;100;2026;491754;297602;194152;155514;28191;8155;2292
64;100;2027;483873;292548;191325;153418;27596;8033;2278
65;100;2028;475840;287542;188298;151171;26966;7905;2256
66;100;2029;467582;282631;184951;148744;26243;7741;2223
67;100;2030;461861;279249;182612;147098;25696;7619;2199
68;100;2031;458724;277250;181474;146357;25378;7553;2186
69;100;2032;456144;275635;180509;145738;25099;7495;2177
70;100;2033;454416;274537;179879;145382;24879;7452;2166
71;100;2034;453362;273875;179487;145194;24714;7418;2161
72;100;2035;452886;273591;179295;145155;24587;7395;2158
73;100;2036;453041;273708;179333;145286;24506;7382;2159
74;100;2037;453874;274240;179634;145602;24489;7381;2162
75;100;2038;455309;275137;180172;146096;24519;7389;2168
76;100;2039;457232;276322;180910;146736;24592;7407;2175
77;100;2040;459490;277706;181784;147477;24692;7432;2183
78;100;2041;461943;279200;182743;148286;24804;7457;2196
79;100;2042;464472;280737;183735;149127;24920;7482;2206
80;100;2043;466995;282249;184746;149996;25031;7502;2217
81;100;2044;469336;283657;185679;150829;25114;7513;2223
82;100;2045;471456;284931;186525;151634;25155;7511;2225
83;100;2046;473299;286040;187259;152395;25148;7493;2223
84;100;2047;474848;286975;187873;153031;25142;7478;2222
85;100;2048;476107;287736;188371;153546;25139;7466;2220
86;100;2049;477086;288326;188760;153951;25136;7454;2219
87;100;2050;477745;288731;189014;154210;25138;7447;2219
88;101;2007;1240046;460037;780009;320005;199329;189892;70783
89;101;2008;1213608;456277;757331;314433;190420;184612;67866
90;101;2009;1198148;455028;743120;310250;185080;181554;66236
91;101;2010;1190685;456238;734447;307822;181541;180261;64823
92;101;2011;1191033;459758;731275;306388;180428;180066;64393
93;101;2012;1196025;464643;731382;305833;180815;180199;64535
94;101;2013;1202827;470119;732708;306188;181295;180309;64916
95;101;2014;1208618;474611;734007;306805;181846;180135;65221
96;101;2015;1216679;479720;736959;308176;182723;180378;65682
97;101;2016;1225751;485402;740349;311339;183327;179801;65882
98;101;2017;1236522;491304;745218;314650;184442;179898;66228
99;101;2018;1249396;497049;752347;317898;185966;181437;67046
100;101;2019;1262288;502327;759961;320779;187448;183647;68087
101;101;2020;1272937;506532;766405;323228;188642;185536;68999
102;101;2021;1278702;508254;770448;324410;189258;187039;69741
103;101;2022;1280788;508509;772279;325012;189306;187788;70173
104;101;2023;1283650;508681;774969;326152;189421;188731;70665
105;101;2024;1289661;510678;778983;328308;189623;189835;71217
106;101;2025;1294963;512638;782325;330605;189585;190528;71607
107;101;2026;1298913;514323;784590;333547;189381;190107;71555
108;101;2027;1300975;515174;785801;335701;189166;189517;71417
109;101;2028;1303361;515921;787440;337381;189221;189390;71448
110;101;2029;1305463;516464;788999;338588;189392;189482;71537
111;101;2030;1303653;515034;788619;338409;189172;189468;71570
112;101;2031;1301133;512895;788238;337173;188881;190287;71897
113;101;2032;1297976;510304;787672;335594;188373;191369;72336
114;101;2033;1292093;507014;785079;333559;187196;191788;72536
115;101;2034;1282152;502406;779746;331112;185309;191021;72304
116;101;2035;1270988;497478;773510;328699;183196;189729;71886
117;101;2036;1256665;491878;764787;326202;180569;187051;70965
118;101;2037;1243958;486933;757025;324115;178252;184538;70120
119;101;2038;1232350;482478;749872;322405;176194;182003;69270
120;101;2039;1221761;478568;743193;321056;174366;179381;68390
121;101;2040;1215001;476147;738854;320353;173166;177552;67783
122;101;2041;1211953;475010;736943;320257;172585;176612;67489
123;101;2042;1210324;474482;735842;320442;172259;175866;67275
124;101;2043;1210355;474617;735738;320964;172190;175418;67166
125;101;2044;1211818;475326;736492;321778;172373;175191;67150
126;101;2045;1214432;476511;737921;322794;172756;175161;67210
127;101;2046;1218125;478113;740012;324009;173327;175333;67343
128;101;2047;1222761;480070;742691;325455;173993;175699;67544
129;101;2048;1228070;482269;745801;327084;174690;176234;67793
130;101;2049;1233804;484603;749201;328888;175368;176874;68071
131;101;2050;1239682;486972;752710;330780;176005;177563;68362
132;102;2007;1528102;363251;1164851;201782;236650;474553;251866
133;102;2008;1519020;368981;1150039;195232;236317;471200;247290
134;102;2009;1496268;369880;1126388;187409;232722;464883;241374
135;102;2010;1466215;368397;1097818;179159;227423;456314;234922
136;102;2011;1434217;366013;1068204;172239;220539;447346;228080
137;102;2012;1403445;363833;1039612;167097;212817;438683;221015
138;102;2013;1372388;360714;1011674;162273;205349;430192;213860
139;102;2014;1341195;357265;983930;158484;196960;421918;206568
140;102;2015;1302581;350851;951730;154345;186963;411808;198614
141;102;2016;1270716;346058;924658;149946;178770;404098;191844
142;102;2017;1243888;341608;902280;146339;171533;398039;186369
143;102;2018;1219963;337626;882337;143511;164936;392345;181545
144;102;2019;1206015;335839;870176;141589;160710;389260;178617
145;102;2020;1199376;335887;863489;140808;157715;388172;176794
146;102;2021;1200069;337841;862228;140523;156489;388878;176338
147;102;2022;1205203;340831;864372;140335;156341;390856;176840
148;102;2023;1211838;344523;867315;140794;155993;392944;177584
149;102;2024;1217502;347548;869954;141173;155676;394851;178254
150;102;2025;1225468;351165;874303;141747;155806;397490;179260
151;102;2026;1234589;354972;879617;143047;155754;400475;180341
152;102;2027;1245390;359080;886310;144301;156207;404106;181696
153;102;2028;1258248;363412;894836;145958;156989;408498;183391
154;102;2029;1271427;367749;903678;147723;157889;412963;185103
155;102;2030;1282673;371340;911333;149452;158669;416725;186487
156;102;2031;1289230;373242;915988;151085;158847;418873;187183
157;102;2032;1292232;374014;918218;152682;158582;419699;187255
158;102;2033;1296320;374683;921637;154412;158678;421068;187479
159;102;2034;1303564;376639;926925;156362;159257;423291;188015
160;102;2035;1309936;378487;931449;158181;159720;425146;188402
161;102;2036;1314947;379676;935271;159821;160103;426704;188643
162;102;2037;1317663;380273;937390;161071;160138;427511;188670
163;102;2038;1320451;380853;939598;162217;160201;428349;188831
164;102;2039;1322855;381365;941490;163248;160238;429013;188991
165;102;2040;1321348;380566;940782;163877;159742;428445;188718
166;102;2041;1319154;379623;939531;164389;159163;427604;188375
167;102;2042;1316651;378481;938170;164966;158628;426643;187933
168;102;2043;1311659;376867;934792;165390;157731;424665;187006
169;102;2044;1302802;374082;928720;165418;156374;421443;185485
170;102;2045;1292812;370919;921893;165345;154895;417865;183788
171;102;2046;1279673;366988;912685;164894;152965;413206;181620
172;102;2047;1268038;363431;904607;164487;151289;409115;179716
173;102;2048;1257422;360130;897292;164104;149763;405402;178023
174;102;2049;1247725;357110;890615;163715;148345;402061;176494
175;102;2050;1241696;355226;886470;163611;147425;399935;175499
176;103;2007;1382890;328620;1054270;362943;303165;276424;111738
177;103;2008;1405072;341898;1063174;353620;306427;287840;115287
178;103;2009;1429727;355911;1073816;345805;310766;298851;118394
179;103;2010;1454836;369508;1085328;339827;315610;308852;121039
180;103;2011;1474599;381741;1092858;333852;319424;316714;122868
181;103;2012;1489479;392285;1097194;328612;321845;322709;124028
182;103;2013;1500916;401793;1099123;323478;323034;327537;125074
183;103;2014;1510966;410271;1100695;318581;324328;331723;126063
184;103;2015;1523665;419378;1104287;313510;325875;337175;127727
185;103;2016;1532411;427219;1105192;308362;326764;341471;128595
186;103;2017;1530557;432191;1098366;299934;326229;343834;128369
187;103;2018;1521278;434826;1086452;290098;324704;344396;127254
188;103;2019;1498869;433207;1065662;278613;320743;341780;124526
189;103;2020;1469265;429300;1039965;266882;315354;336587;121142
190;103;2021;1437417;424762;1012655;256555;308715;330089;117296
191;103;2022;1406542;420433;986109;248433;301029;323154;113493
192;103;2023;1375368;415187;960181;242342;292463;315473;109903
193;103;2024;1344180;409379;934801;237684;282204;307934;106979
194;103;2025;1306013;400072;905941;231499;270019;300137;104286
195;103;2026;1274725;392494;882231;225214;259640;294687;102690
196;103;2027;1248500;385788;862712;219621;251095;290462;101534
197;103;2028;1225300;380076;845224;214615;243827;286432;100350
198;103;2029;1211918;377353;834565;211049;239845;284125;99546
199;103;2030;1205766;376772;828994;208532;237750;283420;99292
200;103;2031;1206850;378489;828361;207015;237616;284249;99481
201;103;2032;1212273;381373;830900;205948;238567;286265;100120
202;103;2033;1219259;385101;834158;205372;239785;288281;100720
203;103;2034;1225284;388172;837112;205021;240760;290082;101249
204;103;2035;1233455;391877;841578;205253;241982;292375;101968
205;103;2036;1242738;395523;847215;205810;242954;295388;103063
206;103;2037;1253669;399676;853993;206802;244512;298537;104142
207;103;2038;1266584;404490;862094;208677;246940;301476;105001
208;103;2039;1279745;409473;870272;210900;249629;304060;105683
209;103;2040;1290990;413625;877365;213066;251925;306147;106227
210;103;2041;1297610;416083;881527;215060;253360;306842;106265
211;103;2042;1300692;417214;883478;216754;253963;306709;106052
212;103;2043;1304785;418174;886611;218658;254789;307080;106084
213;103;2044;1311990;420333;891657;220919;255967;308269;106502
214;103;2045;1318379;422298;896081;223043;256814;309303;106921
215;103;2046;1323460;423319;900141;224604;257155;310759;107623
216;103;2047;1326341;423797;902544;225843;257183;311514;108004
217;103;2048;1329291;424414;904877;227112;257469;312064;108232
218;103;2049;1331860;425036;906824;228294;257840;312368;108322
219;103;2050;1330594;424434;906160;228943;257731;311541;107945
220;104;2007;1154806;342256;812550;679851;108324;21153;3222
221;104;2008;1188978;358905;830073;691172;112085;23187;3629
222;104;2009;1215779;373968;841811;695797;116325;25604;4085
223;104;2010;1239295;388691;850604;696350;121374;28305;4575
224;104;2011;1269140;405593;863547;699783;127493;31207;5064
225;104;2012;1264090;410860;853230;679740;133495;34386;5609
226;104;2013;1265443;417899;847544;663506;140277;37604;6157
227;104;2014;1276277;428365;847912;653167;147330;40798;6617
228;104;2015;1294084;440761;853323;647331;155220;43788;6984
229;104;2016;1313736;453958;859778;643508;162455;46397;7418
230;104;2017;1337743;468456;869287;642560;169648;49208;7871
231;104;2018;1358285;481548;876737;640072;176276;52041;8348
232;104;2019;1380948;495612;885336;638457;182977;54994;8908
233;104;2020;1403862;509432;894430;637338;189651;58004;9437
234;104;2021;1421500;521508;899992;634277;195394;60536;9785
235;104;2022;1434485;531635;902850;629797;200382;62583;10088
236;104;2023;1444210;540529;903681;624041;204823;64434;10383
237;104;2024;1452748;548425;904323;617902;209552;66215;10654
238;104;2025;1464149;557278;906871;612635;214888;68293;11055
239;104;2026;1471810;564647;907163;607942;218538;69426;11257
240;104;2027;1469481;568473;901008;600668;219521;69556;11263
241;104;2028;1460227;569476;890751;592025;218574;69031;11121
242;104;2029;1438608;565393;873215;580747;214424;67260;10784
243;104;2030;1410416;558508;851908;567138;209076;65287;10407
244;104;2031;1380135;550619;829516;553585;202826;63068;10037
245;104;2032;1350757;542845;807912;540245;196775;61150;9742
246;104;2033;1321154;534101;787053;526802;191129;59591;9531
247;104;2034;1291646;524795;766851;512427;186385;58603;9436
248;104;2035;1255661;511753;743908;494532;182147;57848;9381
249;104;2036;1226393;501127;725266;478320;179749;57756;9441
250;104;2037;1201829;491930;709899;464837;177910;57668;9484
251;104;2038;1180086;484116;695970;453411;175890;57232;9437
252;104;2039;1167513;479998;687515;446676;174581;56866;9392
253;104;2040;1161847;478603;683244;442662;174274;56885;9423
254;104;2041;1163035;480065;682970;441421;174841;57194;9514
255;104;2042;1168412;483078;685334;441610;176227;57829;9668
256;104;2043;1175319;487070;688249;442555;177556;58347;9791
257;104;2044;1181335;490439;690896;443457;178779;58772;9888
258;104;2045;1189439;494621;694818;445192;180311;59307;10008
259;104;2046;1198727;498988;699739;446905;182459;60177;10198
260;104;2047;1209559;504033;705526;449687;184575;60911;10353
261;104;2048;1222236;509905;712331;454274;186307;61320;10430
262;104;2049;1235109;515918;719191;459436;187721;61564;10470
263;104;2050;1246187;520995;725192;464062;188866;61756;10508
264;105;2007;755486;313679;441807;428815;12361;563;68
265;105;2008;765291;314730;450561;437639;12297;555;70
266;105;2009;783979;319705;464274;451169;12473;560;72
267;105;2010;806650;326517;480133;466647;12841;571;74
268;105;2011;824169;332012;492157;478406;13094;580;77
269;105;2012;877659;350882;526777;511640;14418;637;82
270;105;2013;926758;369877;556881;540672;15434;688;87
271;105;2014;964577;385299;579278;562143;16313;731;91
272;105;2015;997250;400170;597080;579196;17030;760;94
273;105;2016;1025558;413926;611632;592923;17810;800;99
274;105;2017;1055140;429369;625771;606176;18650;844;101
275;105;2018;1085118;445594;639524;618893;19640;888;103
276;105;2019;1108194;459336;648858;627206;20615;933;104
277;105;2020;1128155;472273;655882;633129;21653;994;106
278;105;2021;1153491;487968;665523;641553;22801;1060;109
279;105;2022;1148525;489305;659220;634278;23713;1121;108
280;105;2023;1149363;493048;656315;630248;24755;1204;108
281;105;2024;1158633;500894;657739;630503;25854;1273;109
282;105;2025;1174221;511408;662813;634289;27052;1362;110
283;105;2026;1191342;522941;668401;638638;28187;1464;112
284;105;2027;1212457;536145;676312;645268;29372;1557;115
285;105;2028;1230611;547952;682659;650267;30601;1673;118
286;105;2029;1250669;560936;689733;655978;31856;1779;120
287;105;2030;1271029;573896;697133;662032;33097;1881;123
288;105;2031;1286586;584858;701728;665524;34119;1960;125
289;105;2032;1297921;593780;704141;667089;34905;2022;125
290;105;2033;1306292;601389;704903;666987;35697;2092;127
291;105;2034;1313646;608113;705533;666725;36516;2164;128
292;105;2035;1323873;616009;707864;668013;37478;2245;128
293;105;2036;1330571;622225;708346;667832;38098;2288;128
294;105;2037;1328121;624241;703880;663202;38256;2295;127
295;105;2038;1319280;623096;696184;655662;38120;2276;126
296;105;2039;1299112;616351;682761;642941;37471;2226;123
297;105;2040;1273129;606649;666480;627512;36680;2168;120
298;105;2041;1245138;595880;649258;611211;35819;2112;116
299;105;2042;1218126;585408;632718;595499;35036;2069;114
300;105;2043;1191039;574233;616806;580299;34364;2031;112
301;105;2044;1164445;562774;601671;565718;33836;2007;110
302;105;2045;1132562;547788;584774;549390;33293;1984;107
303;105;2046;1107097;535635;571462;536344;33034;1980;104
304;105;2047;1085876;525219;560657;525768;32812;1974;103
305;105;2048;1067094;516233;550861;516317;32489;1954;101
306;105;2049;1056362;511186;545176;510832;32302;1942;100
307;105;2050;1051870;509188;542682;508311;32322;1949;100
308;106;2007;517473;334108;183365;179324;3856;141;44
309;106;2008;522494;334359;188135;183966;3981;144;44
310;106;2009;524589;332767;191822;187543;4089;145;45
311;106;2010;528227;332181;196046;191645;4208;147;46
312;106;2011;533010;332659;200351;195828;4328;149;46
313;106;2012;538535;333410;205125;200469;4456;152;48
314;106;2013;544304;334340;209964;205178;4584;154;48
315;106;2014;552232;336330;215902;210963;4732;158;49
316;106;2015;561514;339207;222307;217206;4888;162;51
317;106;2016;571232;342251;228981;223711;5051;167;52
318;106;2017;578899;344683;234216;228809;5186;168;53
319;106;2018;588763;348146;240617;235043;5346;173;55
320;106;2019;605306;355375;249931;244118;5577;180;56
321;106;2020;624776;364228;260548;254469;5835;186;58
322;106;2021;639252;370996;268256;261972;6034;190;60
323;106;2022;684427;393257;291170;284332;6566;208;64
324;106;2023;724782;414392;310390;303081;7020;221;68
325;106;2024;755365;431066;324299;316646;7355;226;72
326;106;2025;780954;446077;334877;326956;7616;231;74
327;106;2026;802418;459265;343153;335028;7814;235;76
328;106;2027;823615;473144;350471;342164;7989;240;78
329;106;2028;844910;487149;357761;349270;8167;245;79
330;106;2029;860898;498110;362788;354149;8309;249;81
331;106;2030;874449;507717;366732;357961;8438;251;82
332;106;2031;891000;519340;371660;362733;8587;256;84
333;106;2032;888802;518054;370748;361809;8602;254;83
334;106;2033;891075;519350;371725;362725;8662;254;84
335;106;2034;899111;524408;374703;365592;8772;255;84
336;106;2035;911776;532246;379530;370254;8931;259;86
337;106;2036;925037;540793;384244;374807;9089;261;87
338;106;2037;941298;551024;390274;380618;9300;267;89
339;106;2038;955375;559893;395482;385603;9517;273;89
340;106;2039;970671;569673;400998;390885;9741;281;91
341;106;2040;986062;579405;406657;396312;9964;288;93
342;106;2041;997350;586894;410456;399936;10133;293;94
343;106;2042;1005089;592281;412808;402137;10279;297;95
344;106;2043;1010518;596325;414193;403353;10441;304;95
345;106;2044;1015260;599642;415618;404611;10600;312;95
346;106;2045;1023003;604331;418672;407462;10794;320;96
347;106;2046;1027479;607183;420296;408955;10920;325;96
348;106;2047;1024763;605825;418938;407535;10979;328;96
349;106;2048;1016699;601270;415429;404035;10970;329;95
350;106;2049;999506;591391;408115;396872;10823;326;94
351;106;2050;978079;578820;399259;388226;10622;320;91
352;107;2007;146668;122607;24061;23427;575;49;10
353;107;2008;153648;127934;25714;25032;618;52;12
354;107;2009;161128;133664;27464;26735;663;54;12
355;107;2010;167550;138490;29060;28290;701;56;13
356;107;2011;173069;142661;30408;29604;733;58;13
357;107;2012;178300;146598;31702;30866;764;59;13
358;107;2013;182831;149951;32880;32012;793;61;14
359;107;2014;188406;154036;34370;33462;831;63;14
360;107;2015;193162;157404;35758;34812;866;65;15
361;107;2016;198152;160818;37334;36346;906;67;15
362;107;2017;202187;163489;38698;37671;943;69;15
363;107;2018;206423;166273;40150;39081;982;71;16
364;107;2019;208874;167616;41258;40157;1013;72;16
365;107;2020;211418;168935;42483;41346;1046;74;17
366;107;2021;213964;170263;43701;42530;1079;75;17
367;107;2022;216946;171852;45094;43880;1119;77;18
368;107;2023;219855;173345;46510;45258;1156;78;18
369;107;2024;224592;176173;48419;47114;1207;80;18
370;107;2025;229866;179409;50457;49097;1259;82;19
371;107;2026;235864;183201;52663;51240;1318;86;19
372;107;2027;240170;185886;54284;52815;1362;87;20
373;107;2028;245923;189592;56331;54804;1417;90;20
374;107;2029;255001;195686;59315;57704;1495;94;22
375;107;2030;265661;202974;62687;60983;1584;98;22
376;107;2031;272803;207931;64872;63101;1647;101;23
377;107;2032;298404;225828;72576;70594;1847;110;25
378;107;2033;319402;240899;78503;76348;2008;120;27
379;107;2034;334023;251795;82228;79952;2122;125;29
380;107;2035;344822;260202;84620;82272;2191;128;29
381;107;2036;352741;266524;86217;83828;2232;127;30
382;107;2037;359194;271776;87418;85001;2259;128;30
383;107;2038;366036;277129;88907;86453;2295;128;31
384;107;2039;370860;280841;90019;87531;2328;129;31
385;107;2040;375177;284038;91139;88614;2363;130;32
386;107;2041;380163;287633;92530;89962;2404;131;33
387;107;2042;382176;288542;93634;91033;2439;130;32
388;107;2043;385817;290679;95138;92490;2484;132;32
389;107;2044;391062;294134;96928;94224;2537;133;34
390;107;2045;397962;298821;99141;96373;2599;135;34
391;107;2046;404332;303211;101121;98294;2655;137;35
392;107;2047;412042;308526;103516;100625;2718;138;35
393;107;2048;418848;313116;105732;102778;2778;140;36
394;107;2049;425901;317917;107984;104966;2839;143;36
395;107;2050;432860;322591;110269;107188;2899;144;38
396;108;2007;6649;5948;701;690;10;1;0
397;108;2008;7190;6424;766;754;11;1;0
398;108;2009;7770;6936;834;820;12;2;0
399;108;2010;8381;7486;895;880;13;2;0
400;108;2011;8832;7885;947;931;14;2;0
401;108;2012;9285;8288;997;980;15;2;0
402;108;2013;9757;8705;1052;1034;16;2;0
403;108;2014;10101;9004;1097;1079;16;2;0
404;108;2015;10634;9474;1160;1141;17;2;0
405;108;2016;11816;10520;1296;1275;19;2;0
406;108;2017;12721;11317;1404;1380;21;3;0
407;108;2018;13420;11930;1490;1465;22;3;0
408;108;2019;14099;12520;1579;1552;24;3;0
409;108;2020;14525;12886;1639;1611;25;3;0
410;108;2021;14772;13092;1680;1652;25;3;0
411;108;2022;15037;13317;1720;1691;26;3;0
412;108;2023;15256;13500;1756;1726;27;3;0
413;108;2024;15669;13849;1820;1788;28;3;1
414;108;2025;16030;14154;1876;1843;29;3;1
415;108;2026;16579;14621;1958;1925;30;3;0
416;108;2027;16967;14945;2022;1987;31;3;1
417;108;2028;17420;15333;2087;2051;32;3;1
418;108;2029;17680;15551;2129;2092;33;3;1
419;108;2030;18049;15863;2186;2149;33;3;1
420;108;2031;18429;16189;2240;2203;33;3;1
421;108;2032;18916;16616;2300;2263;33;3;1
422;108;2033;19383;17024;2359;2322;33;3;1
423;108;2034;20148;17688;2460;2423;34;2;1
424;108;2035;20954;18379;2575;2536;36;2;1
425;108;2036;21828;19141;2687;2647;37;2;1
426;108;2037;22308;19563;2745;2704;38;2;1
427;108;2038;23038;20190;2848;2803;41;3;1
428;108;2039;24269;21259;3010;2963;43;3;1
429;108;2040;25667;22474;3193;3143;46;3;1
430;108;2041;26326;23049;3277;3226;47;3;1
431;108;2042;30192;26422;3770;3710;56;3;1
432;108;2043;32708;28611;4097;4031;61;4;1
433;108;2044;33906;29649;4257;4188;64;4;1
434;108;2045;34415;30079;4336;4265;66;4;1
435;108;2046;34584;30195;4389;4317;67;4;1
436;108;2047;34710;30264;4446;4372;69;4;1
437;108;2048;35231;30676;4555;4479;71;4;1
438;108;2049;35654;30996;4658;4579;74;4;1
439;108;2050;36168;31383;4785;4703;77;4;1
440;1;2007;71847;54962;16885;12699;3557;539;90
441;1;2008;72089;55026;17063;12902;3532;540;89
442;1;2009;73371;55956;17415;13335;3454;535;91
443;1;2010;74843;56989;17854;13926;3311;525;92
444;1;2011;74450;56569;17881;14314;2986;490;91
445;1;2012;73640;55863;17777;14471;2748;468;90
446;1;2013;73205;55431;17774;14650;2580;455;89
447;1;2014;72733;54984;17749;14758;2459;444;88
448;1;2015;71683;54131;17552;14688;2344;433;87
449;1;2016;71930;54254;17676;14893;2269;426;88
450;1;2017;73040;54980;18060;15329;2220;423;88
451;1;2018;74408;55931;18477;15780;2182;425;90
452;1;2019;75037;56327;18710;16069;2129;422;90
453;1;2020;75448;56514;18934;16349;2078;417;90
454;1;2021;74286;55582;18704;16216;1994;405;89
455;1;2022;73365;54827;18538;16133;1919;398;88
456;1;2023;72043;53756;18287;15971;1842;388;86
457;1;2024;69897;52087;17810;15598;1754;375;83
458;1;2025;68347;50892;17455;15323;1685;366;81
459;1;2026;67663;50325;17338;15264;1633;360;81
460;1;2027;67022;49798;17224;15205;1585;354;80
461;1;2028;66570;49413;17157;15179;1550;349;79
462;1;2029;66241;49126;17115;15184;1509;344;78
463;1;2030;65972;48884;17088;15205;1466;339;78
464;1;2031;65783;48708;17075;15228;1434;336;77
465;1;2032;65715;48625;17090;15279;1401;333;77
466;1;2033;65777;48640;17137;15356;1373;331;77
467;1;2034;65950;48744;17206;15450;1351;328;77
468;1;2035;66213;48914;17299;15562;1333;327;77
469;1;2036;66540;49134;17406;15679;1320;329;78
470;1;2037;66915;49394;17521;15791;1322;329;79
471;1;2038;67322;49680;17642;15908;1325;330;79
472;1;2039;67725;49965;17760;16022;1327;331;80
473;1;2040;68114;50240;17874;16136;1327;331;80
474;1;2041;68461;50487;17974;16242;1323;329;80
475;1;2042;68758;50700;18058;16331;1319;328;80
476;1;2043;69022;50886;18136;16411;1317;327;81
477;1;2044;69240;51045;18195;16474;1314;326;81
478;1;2045;69408;51169;18239;16520;1312;326;81
479;1;2046;69536;51264;18272;16555;1311;325;81
480;1;2047;69621;51328;18293;16577;1310;325;81
481;1;2048;69658;51357;18301;16586;1309;325;81
482;1;2049;69652;51353;18299;16586;1308;324;81
483;1;2050;69574;51302;18272;16560;1307;324;81
484;2;2007;395552;230686;164866;125623;28421;8785;2037
485;2;2008;399535;234476;165059;126206;28269;8566;2018
486;2;2009;405137;238638;166499;127749;28254;8457;2039
487;2;2010;409817;241987;167830;129107;28301;8375;2047
488;2;2011;415611;245895;169716;130900;28437;8313;2066
489;2;2012;419770;248530;171240;132549;28380;8240;2071
490;2;2013;423597;250411;173186;134489;28421;8192;2084
491;2;2014;427430;252184;175246;136498;28443;8187;2118
492;2;2015;430091;253327;176764;138074;28351;8193;2146
493;2;2016;427178;251171;176007;137895;27870;8093;2149
494;2;2017;423354;248710;174644;137165;27363;7975;2141
495;2;2018;420998;247127;173871;136832;27006;7895;2138
496;2;2019;420833;247157;173676;136927;26778;7831;2140
497;2;2020;420998;247479;173519;137076;26563;7746;2134
498;2;2021;425603;250240;175363;138732;26719;7763;2149
499;2;2022;430518;252686;177832;140766;27048;7841;2177
500;2;2023;434051;254369;179682;142270;27290;7915;2207
501;2;2024;434161;254069;180092;142683;27261;7925;2223
502;2;2025;431604;251975;179629;142356;27121;7920;2232
503;2;2026;424091;247277;176814;140250;26558;7795;2211
504;2;2027;416851;242750;174101;138213;26011;7679;2198
505;2;2028;409270;238129;171141;135992;25416;7556;2177
506;2;2029;401341;233505;167836;133560;24734;7397;2145
507;2;2030;395889;230365;165524;131893;24230;7280;2121
508;2;2031;392941;228542;164399;131129;23944;7217;2109
509;2;2032;390429;227010;163419;130459;23698;7162;2100
510;2;2033;388639;225897;162742;130026;23506;7121;2089
511;2;2034;387412;225131;162281;129744;23363;7090;2084
512;2;2035;386673;224677;161996;129593;23254;7068;2081
513;2;2036;386501;224574;161927;129607;23186;7053;2081
514;2;2037;386959;224846;162113;129811;23167;7052;2083
515;2;2038;387987;225457;162530;130188;23194;7059;2089
516;2;2039;389507;226357;163150;130714;23265;7076;2095
517;2;2040;391376;227466;163910;131341;23365;7101;2103
518;2;2041;393482;228713;164769;132044;23481;7128;2116
519;2;2042;395714;230037;165677;132796;23601;7154;2126
520;2;2043;397973;231363;166610;133585;23714;7175;2136
521;2;2044;400096;232612;167484;134355;23800;7187;2142
522;2;2045;402048;233762;168286;135114;23843;7185;2144
523;2;2046;403763;234776;168987;135840;23837;7168;2142
524;2;2047;405227;235647;169580;136454;23832;7153;2141
525;2;2048;406449;236379;170070;136960;23830;7141;2139
526;2;2049;407434;236973;170461;137365;23828;7130;2138
527;2;2050;408171;237429;170742;137650;23831;7123;2138
528;3;2007;588850;251920;336930;195265;79434;46535;15696
529;3;2008;587788;252974;334814;194931;77978;46098;15807
530;3;2009;584743;252823;331920;193633;76852;45536;15899
531;3;2010;585127;254328;330799;192617;76818;45283;16081
532;3;2011;584032;255145;328887;191944;76286;44448;16209
533;3;2012;587337;258258;329079;192435;76408;43890;16346
534;3;2013;594736;262773;331963;194129;77267;43963;16604
535;3;2014;603139;267303;335836;196200;78327;44367;16942
536;3;2015;610475;271063;339412;198157;79318;44697;17240
537;3;2016;620005;275833;344172;201045;80489;45113;17525
538;3;2017;626848;278964;347884;203613;81248;45313;17710
539;3;2018;632048;280889;351159;205655;81988;45582;17934
540;3;2019;636541;282497;354044;207246;82669;45939;18190
541;3;2020;639662;283604;356058;208418;83034;46202;18404
542;3;2021;635538;281337;354201;207639;82316;45846;18400
543;3;2022;630544;279035;351509;206426;81429;45324;18330
544;3;2023;628169;277726;350443;206169;80958;45005;18311
545;3;2024;629661;278476;351185;207137;80886;44834;18328
546;3;2025;631639;279486;352153;208300;80881;44639;18333
547;3;2026;639311;282851;356460;211105;81837;44999;18519
548;3;2027;645920;285340;360580;213314;82897;45583;18786
549;3;2028;649976;286923;363053;214476;83545;46021;19011
550;3;2029;649715;286535;363180;214453;83548;46083;19096
551;3;2030;645179;283996;361183;213077;83032;45962;19112
552;3;2031;634379;278988;355391;209859;81455;45183;18894
553;3;2032;624404;274350;350054;206936;79975;44447;18696
554;3;2033;614470;269769;344701;204151;78435;43651;18464
555;3;2034;604674;265381;339293;201559;76828;42722;18184
556;3;2035;598075;262480;335595;199845;75721;42048;17981
557;3;2036;594490;260800;333690;198959;75149;41699;17883
558;3;2037;591507;259416;332091;198231;74673;41385;17802
559;3;2038;589453;258443;331010;197757;74353;41152;17748
560;3;2039;588183;257831;330352;197493;74161;40976;17722
561;3;2040;587629;257564;330065;197425;74081;40845;17714
562;3;2041;587876;257664;330212;197598;74122;40770;17722
563;3;2042;588972;258153;330819;197999;74296;40764;17760
564;3;2043;590811;258980;331831;198612;74577;40824;17818
565;3;2044;593292;260099;333193;199400;74970;40931;17892
566;3;2045;596215;261424;334791;200298;75427;41083;17983
567;3;2046;599426;262873;336553;201280;75930;41258;18085
568;3;2047;602744;264377;338367;202377;76385;41427;18178
569;3;2048;606032;265864;340168;203574;76756;41582;18256
570;3;2049;609114;267260;341854;204849;76998;41695;18312
571;3;2050;611911;268535;343376;206161;77134;41745;18336
572;4;2007;651196;208117;443079;124740;119895;143357;55087
573;4;2008;625820;203303;422517;119502;112442;138514;52059
574;4;2009;613405;202205;411200;116617;108228;136018;50337
575;4;2010;605558;201910;403648;115205;104723;134978;48742
576;4;2011;607001;204613;402388;114444;104142;135618;48184
577;4;2012;608688;206385;402303;113398;104407;136309;48189
578;4;2013;608091;207346;400745;112059;104028;136346;48312
579;4;2014;605479;207308;398171;110605;103519;135768;48279
580;4;2015;606204;208657;397547;110019;103405;135681;48442
581;4;2016;605746;209569;396177;110294;102838;134688;48357
582;4;2017;609674;212340;397334;111037;103194;134585;48518
583;4;2018;617348;216160;401188;112243;103978;135855;49112
584;4;2019;625747;219830;405917;113533;104779;137708;49897
585;4;2020;633275;222928;410347;114810;105608;139334;50595
586;4;2021;643164;226917;416247;116771;106942;141193;51341
587;4;2022;650244;229474;420770;118586;107877;142464;51843
588;4;2023;655481;230955;424526;119983;108463;143726;52354
589;4;2024;660000;232202;427798;121171;108737;145001;52889
590;4;2025;663324;233152;430172;122305;108704;145889;53274
591;4;2026;659602;231472;428130;122442;107544;145108;53036
592;4;2027;655055;229834;425221;122387;106269;143934;52631
593;4;2028;653385;228998;424387;122905;105676;143369;52437
594;4;2029;655748;229929;425819;124135;105844;143399;52441
595;4;2030;658474;231038;427436;125332;106140;143506;52458
596;4;2031;666754;233907;432847;127314;107426;145104;53003
597;4;2032;673572;235954;437618;128658;108398;146922;53640
598;4;2033;677623;237245;440378;129408;108761;148137;54072
599;4;2034;677478;237025;440453;129553;108481;148299;54120
600;4;2035;672913;234998;437915;128854;107475;147681;53905
601;4;2036;662175;231078;431097;127243;105420;145352;53082
602;4;2037;652451;227517;424934;125884;103579;143153;52318
603;4;2038;642897;224035;418862;124648;101841;140851;51522
604;4;2039;633578;220737;412841;123563;100205;138405;50668
605;4;2040;627372;218583;408789;122928;99085;136707;50069
606;4;2041;624077;217346;406731;122659;98463;135842;49767
607;4;2042;621352;216329;405023;122443;97963;135102;49515
608;4;2043;619544;215637;403907;122352;97613;134594;49348
609;4;2044;618526;215227;403299;122378;97403;134260;49258
610;4;2045;618217;215087;403130;122496;97329;134078;49227
611;4;2046;618699;215240;403459;122729;97397;134075;49258
612;4;2047;620017;215693;404324;123078;97608;134272;49366
613;4;2048;622038;216405;405633;123510;97934;134652;49537
614;4;2049;624690;217343;407347;124039;98370;135179;49759
615;4;2050;627771;218437;409334;124619;98871;135818;50026
616;5;2007;763455;190831;572624;93910;121190;237596;119928
617;5;2008;755310;192640;562670;89661;120769;234672;117568
618;5;2009;734495;190598;543897;85253;116385;228973;113286
619;5;2010;702065;184855;517210;80498;109351;219611;107750
620;5;2011;667906;178403;489503;76303;101088;210292;101820
621;5;2012;639062;173240;465822;73526;93137;202744;96415
622;5;2013;615534;169045;446489;71240;86612;197130;91507
623;5;2014;604210;167908;436302;70043;82754;194743;88762
624;5;2015;597167;167420;429747;69358;79995;193815;86579
625;5;2016;598731;169253;429478;68584;79745;195180;85969
626;5;2017;600358;170319;430039;67797;79937;196394;85911
627;5;2018;599672;170916;428756;67134;79557;196340;85725
628;5;2019;597065;170765;426300;66429;79047;195542;85282
629;5;2020;597548;171778;425770;66087;78801;195631;85251
630;5;2021;596916;172437;424479;66275;78031;195204;84969
631;5;2022;600601;174653;425948;66458;78041;196169;85280
632;5;2023;607989;177831;430158;67056;78440;198453;86209
633;5;2024;616250;181009;435241;67790;78945;201169;87337
634;5;2025;623761;183678;440083;68490;79576;203671;88346
635;5;2026;633467;186925;446542;69596;80618;206791;89537
636;5;2027;640512;188974;451538;70845;81266;209095;90332
637;5;2028;645836;190218;455618;72009;81651;210974;90984
638;5;2029;650580;191389;459191;73136;81878;212606;91571
639;5;2030;654161;192331;461830;74233;81944;213732;91921
640;5;2031;650949;191119;459830;74810;81113;212620;91287
641;5;2032;646843;189916;456927;75233;80208;211054;90432
642;5;2033;645525;189311;456214;75821;79836;210542;90015
643;5;2034;647949;190034;457915;76677;80012;211179;90047
644;5;2035;650669;190885;459784;77466;80228;211949;90141
645;5;2036;658779;193181;465598;78594;81269;214651;91084
646;5;2037;665528;194918;470610;79481;82094;217037;91998
647;5;2038;669589;196108;473481;80127;82488;218364;92502
648;5;2039;669575;196014;473561;80431;82383;218326;92421
649;5;2040;665365;194502;470863;80350;81720;216956;91837
650;5;2041;655157;191424;463733;79809;80185;213416;90323
651;5;2042;645914;188591;457323;79344;78829;210205;88945
652;5;2043;636826;185773;451053;78918;77516;207042;87577
653;5;2044;627934;183050;444884;78516;76236;203939;86193
654;5;2045;622047;181265;440782;78358;75354;201838;85232
655;5;2046;618965;180255;438710;78353;74886;200755;84716
656;5;2047;616442;179417;437025;78377;74509;199857;84282
657;5;2048;614805;178851;435954;78445;74253;199265;83991
658;5;2049;613900;178506;435394;78539;74104;198937;83814
659;5;2050;613678;178381;435297;78646;74061;198847;83743
660;6;2007;764647;172420;592227;107872;115460;236957;131938
661;6;2008;763710;176341;587369;105571;115548;236528;129722
662;6;2009;761773;179282;582491;102156;116337;235910;128088
663;6;2010;764150;183542;580608;98661;118072;236703;127172
664;6;2011;766311;187610;578701;95936;119451;237054;126260
665;6;2012;764383;190593;573790;93571;119680;235939;124600
666;6;2013;756854;191669;565185;91033;118737;233062;122353
667;6;2014;736985;189357;547628;88441;114206;227175;117806
668;6;2015;705414;183431;521983;84987;106968;217993;112035
669;6;2016;671985;176805;495180;81362;99025;208918;105875
670;6;2017;643530;171289;472241;78542;91596;201645;100458
671;6;2018;620291;166710;453581;76377;85379;196005;95820
672;6;2019;608950;165074;443876;75160;81663;193718;93335
673;6;2020;601828;164109;437719;74721;78914;192541;91543
674;6;2021;603153;165404;437749;74248;78458;193674;91369
675;6;2022;604602;166178;438424;73877;78300;194687;91560
676;6;2023;603849;166692;437157;73738;77553;194491;91375
677;6;2024;601252;166539;434713;73383;76731;193682;90917
678;6;2025;601707;167487;434220;73257;76230;193819;90914
679;6;2026;601122;168047;433075;73451;75136;193684;90804
680;6;2027;604878;170106;434772;73456;74941;195011;91364
681;6;2028;612412;173194;439218;73949;75338;197524;92407
682;6;2029;620847;176360;444487;74587;76011;200357;93532
683;6;2030;628512;179009;449503;75219;76725;202993;94566
684;6;2031;638281;182123;456158;76275;77734;206253;95896
685;6;2032;645389;184098;461291;77449;78374;208645;96823
686;6;2033;650795;185372;465423;78591;78842;210526;97464
687;6;2034;655615;186605;469010;79685;79245;212112;97968
688;6;2035;659267;187602;471665;80715;79492;213197;98261
689;6;2036;656168;186495;469673;81227;78834;212053;97559
690;6;2037;652135;185355;466780;81590;78044;210474;96672
691;6;2038;650862;184745;466117;82090;77713;209985;96329
692;6;2039;653280;185351;467929;82817;77855;210687;96570
693;6;2040;655983;186064;469919;83527;78022;211489;96881
694;6;2041;663997;188199;475798;84580;78978;214188;98052
695;6;2042;670737;189890;480847;85622;79799;216438;98988
696;6;2043;674833;191094;483739;86472;80215;217623;99429
697;6;2044;674868;191032;483836;86902;80138;217504;99292
698;6;2045;670765;189654;481111;86987;79541;216027;98556
699;6;2046;660708;186733;473975;86541;78079;212451;96904
700;6;2047;651596;184014;467582;86110;76780;209258;95434
701;6;2048;642617;181279;461338;85659;75510;206137;94032
702;6;2049;633825;178604;455221;85176;74241;203124;92680
703;6;2050;628018;176845;451173;84965;73364;201088;91756
704;7;2007;724842;165238;559604;133364;151114;188544;86582
705;7;2008;737617;172068;565549;132466;151473;193692;87918
706;7;2009;750030;178693;571337;131766;152347;198255;88969
707;7;2010;760826;184559;576267;131924;152617;201764;89962
708;7;2011;767991;189263;578728;131959;152361;204153;90255
709;7;2012;768729;192362;576367;130217;150978;205107;90065
710;7;2013;767692;195070;572622;127932;149083;205628;89979
711;7;2014;765690;196978;568712;125258;147602;206006;89846
712;7;2015;768051;200321;567730;122324;147384;207729;90293
713;7;2016;769983;203588;566395;119785;147392;208831;90387
714;7;2017;767738;205854;561884;117014;146721;208557;89592
715;7;2018;759831;206279;553552;113556;145291;206753;87952
716;7;2019;739751;203282;536469;109645;140650;201574;84600
717;7;2020;708070;196492;511578;104864;132834;193411;80469
718;7;2021;674697;189079;485618;100393;123974;185061;76190
719;7;2022;646336;182849;463487;97128;115729;178080;72550
720;7;2023;623240;177684;445556;95131;108529;172228;69668
721;7;2024;611963;175702;436261;94206;104258;169520;68277
722;7;2025;604993;174547;430446;93994;101340;167760;67352
723;7;2026;606442;175808;430634;93690;100955;168472;67517
724;7;2027;607991;176616;431375;93211;101066;169348;67750
725;7;2028;607349;177166;430183;92226;101064;169348;67545
726;7;2029;604900;177034;427866;90912;100988;168835;67131
727;7;2030;605449;177998;427451;90156;101046;169178;67071
728;7;2031;604966;178500;426466;89839;100240;169341;67046
729;7;2032;608807;180550;428257;89669;100290;170755;67543
730;7;2033;616401;183752;432649;90130;101200;173018;68301
731;7;2034;624852;187075;437777;90824;102454;175437;69062
732;7;2035;632505;189863;442642;91537;103621;177699;69785
733;7;2036;642267;193112;449155;92784;105034;180548;70789
734;7;2037;649375;195178;454197;94075;105982;182628;71512
735;7;2038;654742;196542;458200;95266;106825;184142;71967
736;7;2039;659542;197887;461655;96402;107631;185336;72286
737;7;2040;663204;198968;464236;97483;108186;186106;72461
738;7;2041;660137;197836;462301;97864;107515;184976;71946
739;7;2042;656153;196627;459526;98112;106590;183502;71322
740;7;2043;654915;195983;458932;98577;106171;183053;71131
741;7;2044;657353;196563;460790;99405;106266;183707;71412
742;7;2045;660096;197263;462833;100229;106403;184455;71746
743;7;2046;668132;199475;468657;101556;107600;186817;72684
744;7;2047;674874;201300;473574;102787;108803;188648;73336
745;7;2048;678991;202605;476386;103745;109531;189511;73599
746;7;2049;679063;202576;476487;104177;109562;189290;73458
747;7;2050;674999;201191;473808;104119;108990;187857;72842
748;8;2007;658048;163382;494666;229579;152051;87880;25156
749;8;2008;667455;169830;497625;221154;154954;94148;27369
750;8;2009;679697;177218;502479;214039;158419;100596;29425
751;8;2010;694010;184949;509061;207903;162993;107088;31077
752;8;2011;706608;192478;514130;201893;167063;112561;32613
753;8;2012;720750;199923;520827;198395;170867;117602;33963
754;8;2013;733224;206723;526501;195546;173951;121909;35095
755;8;2014;745276;213293;531983;193323;176726;125717;36217
756;8;2015;755614;219057;536557;191186;178491;129446;37434
757;8;2016;762428;223631;538797;188577;179372;132640;38208
758;8;2017;762819;226337;536482;182920;179508;135277;38777
759;8;2018;761447;228547;532900;176542;179413;137643;39302
760;8;2019;759118;229925;529193;168968;180093;140206;39926
761;8;2020;761195;232808;528387;162018;182520;143176;40673
762;8;2021;762720;235683;527037;156162;184741;145028;41106
763;8;2022;760206;237584;522622;151305;185300;145074;40943
764;8;2023;752128;237503;514625;147211;183934;143245;40235
765;8;2024;732217;233677;498540;143478;177946;138414;38702
766;8;2025;701020;225525;475495;137505;168679;132377;36934
767;8;2026;668283;216686;451597;131524;158685;126215;35173
768;8;2027;640509;209172;431337;126410;150029;121114;33784
769;8;2028;617951;202910;415041;122389;142763;117084;32805
770;8;2029;607018;200319;406699;120137;138857;115290;32415
771;8;2030;600317;198774;401543;118376;136704;114242;32221
772;8;2031;601884;199989;401895;117176;137376;114908;32435
773;8;2032;603466;200823;402643;116279;138277;115510;32577
774;8;2033;602858;201349;401509;115242;138585;115263;32419
775;8;2034;600432;201097;399335;114197;138306;114645;32187
776;8;2035;600950;202014;398936;113716;138361;114676;32183
777;8;2036;600471;202411;398060;113026;137920;114840;32274
778;8;2037;604294;204498;399796;112727;138530;115909;32630
779;8;2038;611842;207948;403894;113411;140115;117334;33034
780;8;2039;620203;211586;408617;114498;141998;118724;33397
781;8;2040;627786;214657;413129;115583;143739;120041;33766
782;8;2041;637473;218247;419226;117196;145845;121866;34319
783;8;2042;644539;220587;423952;118642;147373;123207;34730
784;8;2043;649870;222191;427679;120081;148618;124027;34953
785;8;2044;654637;223770;430867;121514;149701;124562;35090
786;8;2045;658283;225035;433248;122814;150411;124848;35175
787;8;2046;655328;223844;431484;123048;149555;123942;34939
788;8;2047;651467;222497;428970;123056;148380;122866;34668
789;8;2048;650300;221809;428491;123367;147938;122553;34633
790;8;2049;652797;222460;430337;124117;148278;123078;34864
791;8;2050;655595;223243;432352;124824;148741;123684;35103
792;9;2007;633157;178353;454804;351501;81131;19107;3065
793;9;2008;625118;180119;444999;337929;82723;20904;3443
794;9;2009;624158;183927;440231;327930;85346;23082;3873
795;9;2010;628351;188895;439456;320395;89203;25511;4347
796;9;2011;636389;194850;441539;314988;93725;28027;4799
797;9;2012;647425;201981;445444;310089;99177;30874;5304
798;9;2013;656647;208421;448226;304184;104534;33700;5808
799;9;2014;668534;215948;452586;300253;109704;36399;6230
800;9;2015;682432;223961;458471;297711;115310;38891;6559
801;9;2016;694487;231630;462857;294713;120136;41042;6966
802;9;2017;708077;239363;468714;293476;124588;43270;7380
803;9;2018;719946;246383;473563;291860;128424;45474;7805
804;9;2019;731392;253180;478212;289518;132502;47864;8328
805;9;2020;741114;259098;482016;286442;136416;50339;8819
806;9;2021;747424;263699;483725;282509;139712;52375;9129
807;9;2022;747501;266126;481375;275844;142280;53882;9369
808;9;2023;745964;268019;477945;268787;144428;55136;9594
809;9;2024;743587;269089;474498;261637;146753;56308;9800
810;9;2025;745682;271941;473741;256195;149694;57725;10127
811;9;2026;747232;274743;472489;252272;151545;58379;10293
812;9;2027;744819;276374;468445;248702;151295;58171;10277
813;9;2028;736981;275732;461249;244491;149318;57333;10107
814;9;2029;717590;270757;446833;237807;144040;55248;9738
815;9;2030;687197;260938;426259;226845;137225;52873;9316
816;9;2031;655329;250319;405010;215412;130214;50456;8928
817;9;2032;628277;241270;387007;205367;124421;48575;8644
818;9;2033;606338;233776;372562;197051;119810;47229;8472
819;9;2034;595701;230498;365203;192412;117633;46728;8430
820;9;2035;589182;228503;360679;189249;116505;46497;8428
821;9;2036;590741;229669;361072;188416;117235;46898;8523
822;9;2037;592286;230479;361807;188188;117876;47160;8583
823;9;2038;591680;230870;360810;187626;117693;46949;8542
824;9;2039;589299;230418;358881;186635;117121;46635;8490
825;9;2040;589837;231271;358566;186227;117157;46666;8516
826;9;2041;589400;231583;357817;185123;117251;46855;8588
827;9;2042;593202;233794;359408;184979;118278;47420;8731
828;9;2043;600659;237561;363098;186483;119757;47998;8860
829;9;2044;608909;241546;367363;188640;121264;48496;8963
830;9;2045;616416;244947;371469;190687;122702;49006;9074
831;9;2046;625995;249004;376991;193313;124630;49799;9249
832;9;2047;632988;251698;381290;195468;126069;50372;9381
833;9;2048;638291;253600;384691;197573;127031;50645;9442
834;9;2049;643037;255432;387605;199621;127730;50782;9472
835;9;2050;646706;256902;389804;201284;128167;50857;9496
836;10;2007;521649;163903;357746;328350;27193;2046;157
837;10;2008;563860;178786;385074;353243;29362;2283;186
838;10;2009;591621;190041;401580;367867;30979;2522;212
839;10;2010;610944;199796;411148;375955;32171;2794;228
840;10;2011;632751;210743;422008;384795;33768;3180;265
841;10;2012;616665;208879;407786;369651;34318;3512;305
842;10;2013;608796;209478;399318;359322;35743;3904;349
843;10;2014;607743;212417;395326;352914;37626;4399;387
844;10;2015;611652;216800;394852;349620;39910;4897;425
845;10;2016;619249;222328;396921;348795;42319;5355;452
846;10;2017;629666;229093;400573;349084;45060;5938;491
847;10;2018;638339;235165;403174;348212;47852;6567;543
848;10;2019;649556;242432;407124;348939;50475;7130;580
849;10;2020;662748;250334;412414;350896;53235;7665;618
850;10;2021;674076;257809;416267;351768;55682;8161;656
851;10;2022;686984;265509;421475;353953;58102;8701;719
852;10;2023;698246;272510;425736;355254;60395;9298;789
853;10;2024;709161;279336;429825;356265;62799;9907;854
854;10;2025;718467;285337;433130;356440;65194;10568;928
855;10;2026;724578;289904;434674;355670;66993;11047;964
856;10;2027;724662;292099;432563;351966;68226;11385;986
857;10;2028;723246;293744;429502;347534;69256;11698;1014
858;10;2029;721018;294636;426382;342940;70384;12012;1046
859;10;2030;723219;297570;425649;340293;71851;12414;1091
860;10;2031;724806;300300;424506;338173;72612;12612;1109
861;10;2032;722480;301575;420905;334878;72354;12575;1098
862;10;2033;714816;300325;414491;329751;71319;12362;1059
863;10;2034;695945;294297;401648;320015;68752;11875;1006
864;10;2035;666479;283250;383229;305283;65642;11351;953
865;10;2036;635652;271458;364194;289904;62514;10858;918
866;10;2037;609543;261451;348092;276649;60034;10508;901
867;10;2038;588406;253246;335160;265785;58197;10283;895
868;10;2039;578214;249580;328634;260041;57460;10231;902
869;10;2040;572010;247332;324678;256435;57117;10219;907
870;10;2041;573635;248482;325153;256298;57590;10339;926
871;10;2042;575210;249284;325926;256631;57949;10409;937
872;10;2043;574660;249509;325151;256072;57799;10349;931
873;10;2044;572426;248893;323533;254817;57515;10276;925
874;10;2045;573023;249674;323349;254505;57609;10301;934
875;10;2046;572732;249984;322748;253592;57829;10378;949
876;10;2047;576571;252335;324236;254219;58506;10539;972
877;10;2048;583945;256305;327640;256701;59276;10675;988
878;10;2049;592072;260486;331586;259815;59991;10782;998
879;10;2050;599481;264093;335388;262778;60699;10899;1012
880;11;2007;406286;151122;255164;246169;8551;408;36
881;11;2008;415493;154035;261458;252602;8419;400;37
882;11;2009;427512;157595;269917;260956;8520;403;38
883;11;2010;442828;162500;280328;271127;8750;411;40
884;11;2011;451217;165232;285985;276682;8847;415;41
885;11;2012;499244;182512;316732;306149;10067;470;46
886;11;2013;539542;198222;341320;329809;10946;515;50
887;11;2014;565788;209574;356214;343963;11648;551;52
888;11;2015;583856;218962;364894;352106;12159;575;54
889;11;2016;604161;229733;374428;360937;12821;612;58
890;11;2017;588603;226395;362208;348448;13075;629;56
891;11;2018;580914;225826;355088;340766;13604;664;54
892;11;2019;579702;227813;351889;336843;14291;702;53
893;11;2020;583196;231490;351706;335787;15113;753;53
894;11;2021;590240;236466;353774;336950;15968;802;54
895;11;2022;599896;242741;357155;339242;16990;868;55
896;11;2023;607994;248341;359653;340605;18041;951;56
897;11;2024;618497;255193;363304;343234;18999;1014;57
898;11;2025;630942;262762;368180;347055;19976;1091;58
899;11;2026;641591;269856;371735;349628;20867;1180;60
900;11;2027;653843;277284;376559;353524;21717;1256;62
901;11;2028;664502;284005;380497;356512;22571;1350;64
902;11;2029;674865;290612;384253;359294;23458;1436;65
903;11;2030;683697;296384;387313;361393;24334;1519;67
904;11;2031;689473;300730;388743;362147;24953;1575;68
905;11;2032;689483;302596;386887;359868;25338;1614;67
906;11;2033;688077;303912;384165;356764;25676;1657;68
907;11;2034;685903;304503;381400;353592;26038;1702;68
908;11;2035;688047;307183;380864;352477;26562;1757;68
909;11;2036;689506;309596;379910;351219;26845;1779;67
910;11;2037;687207;310459;376748;348153;26759;1770;66
911;11;2038;679805;308744;371061;342867;26393;1736;65
912;11;2039;661738;302120;359618;332392;25495;1669;62
913;11;2040;633708;290446;343262;317245;24367;1591;59
914;11;2041;604438;278025;326413;301580;23255;1522;56
915;11;2042;579715;267504;312211;288312;22372;1473;54
916;11;2043;559767;258892;300875;277663;21723;1436;53
917;11;2044;550216;254942;295274;272312;21483;1427;52
918;11;2045;544459;252490;291969;269113;21380;1424;52
919;11;2046;546174;253548;292626;269555;21577;1442;52
920;11;2047;547801;254296;293505;270267;21732;1453;53
921;11;2048;547368;254417;292951;269758;21695;1446;52
922;11;2049;545335;253704;291631;268542;21600;1437;52
923;11;2050;546002;254413;291589;268435;21656;1445;53
924;12;2007;349200;162557;186643;182646;3810;155;32
925;12;2008;349798;160695;189103;185037;3878;155;33
926;12;2009;356467;162110;194357;190213;3953;157;34
927;12;2010;363822;164017;199805;195520;4091;160;34
928;12;2011;372952;166780;206172;201724;4247;165;36
929;12;2012;378415;168370;210045;205491;4351;167;36
930;12;2013;387216;171655;215561;210863;4488;173;37
931;12;2014;398789;175725;223064;218180;4665;180;39
932;12;2015;413394;181208;232186;227090;4871;185;40
933;12;2016;421397;184193;237204;231986;4989;188;41
934;12;2017;466537;202974;263563;257728;5575;215;45
935;12;2018;504204;219768;284436;278127;6036;224;49
936;12;2019;528492;231523;296969;290363;6324;231;51
937;12;2020;544959;240783;304176;297342;6540;241;53
938;12;2021;563251;251502;311749;304603;6833;258;55
939;12;2022;548629;246564;302065;295036;6723;253;53
940;12;2023;541369;244707;296662;289643;6714;253;52
941;12;2024;540136;245701;294435;287269;6855;259;52
942;12;2025;543279;248646;294633;287234;7076;271;52
943;12;2026;549751;253085;296666;289010;7320;284;52
944;12;2027;558614;258861;299753;291744;7655;301;53
945;12;2028;566109;263947;302162;293755;8030;323;54
946;12;2029;575804;270324;305480;296684;8398;343;55
947;12;2030;587332;277512;309820;300639;8763;362;56
948;12;2031;597113;284128;312985;303377;9166;385;57
949;12;2032;608438;291184;317254;307221;9567;408;58
950;12;2033;618215;297477;320738;310223;10021;435;59
951;12;2034;627743;303610;324133;313133;10478;462;60
952;12;2035;635826;308826;327000;315536;10916;488;60
953;12;2036;641065;312629;328436;316613;11253;509;61
954;12;2037;640914;313782;327132;315049;11497;525;61
955;12;2038;639475;314352;325123;312795;11727;540;61
956;12;2039;637374;314231;323143;310549;11976;557;61
957;12;2040;639421;316203;323218;310267;12313;577;61
958;12;2041;640700;317855;322845;309631;12564;590;60
959;12;2042;638411;317904;320507;307187;12664;596;60
960;12;2043;631272;315341;315931;302636;12641;595;59
961;12;2044;614229;307832;306397;293406;12353;580;58
962;12;2045;588103;295298;292805;280277;11913;560;55
963;12;2046;560923;282087;278836;266789;11457;538;52
964;12;2047;538075;270923;267152;255501;11080;521;50
965;12;2048;519726;261816;257910;246559;10794;508;49
966;12;2049;511027;257482;253545;242290;10702;505;48
967;12;2050;505868;254775;251093;239876;10666;504;47
968;13;2007;298316;176133;122183;119490;2575;91;27
969;13;2008;302778;177085;125693;122907;2666;93;27
970;13;2009;303317;175714;127603;124754;2728;93;28
971;13;2010;305003;174984;130019;127099;2798;94;28
972;13;2011;305177;173487;131690;128714;2853;95;28
973;13;2012;307231;173021;134210;131161;2923;97;29
974;13;2013;308511;171947;136564;133449;2989;97;29
975;13;2014;315044;174099;140945;137720;3095;100;30
976;13;2015;322129;176646;145483;142145;3204;103;31
977;13;2016;330769;180111;150658;147192;3327;107;32
978;13;2017;336017;182111;153906;150353;3412;108;33
979;13;2018;344151;185742;158409;154739;3524;112;34
980;13;2019;354934;190349;164585;160756;3677;117;35
981;13;2020;368371;196405;171966;167954;3855;121;36
982;13;2021;375642;199567;176075;171949;3966;123;37
983;13;2022;416513;219844;196669;192053;4436;139;41
984;13;2023;450221;237467;212754;207748;4812;150;44
985;13;2024;471616;249353;222263;217020;5043;153;47
986;13;2025;485769;258124;227645;222259;5183;155;48
987;13;2026;501062;268065;232997;227482;5309;157;49
988;13;2027;488132;261734;226398;221032;5165;153;48
989;13;2028;481889;258833;223056;217759;5099;151;47
990;13;2029;480876;258925;221951;216667;5087;150;47
991;13;2030;483716;261162;222554;217239;5118;150;47
992;13;2031;489463;264958;224505;219125;5181;151;48
993;13;2032;497244;270070;227174;221709;5265;152;48
994;13;2033;503908;274347;229561;224016;5343;153;49
995;13;2034;512445;279809;232636;226990;5441;155;50
996;13;2035;522617;286101;236516;230747;5560;158;51
997;13;2036;531144;291701;239443;233573;5659;159;52
998;13;2037;541122;297847;243275;237260;5799;163;53
999;13;2038;549692;303243;246449;240277;5951;168;53
1000;13;2039;558052;308522;249530;243203;6099;174;54
1001;13;2040;565182;312970;252212;245744;6234;179;55
1002;13;2041;569656;315981;253675;247109;6328;182;56
1003;13;2042;569316;316272;253044;246418;6386;184;56
1004;13;2043;567863;315960;251903;245187;6472;189;55
1005;13;2044;565882;315017;250865;244058;6557;195;55
1006;13;2045;567813;316148;251665;244724;6684;202;55
1007;13;2046;568855;316855;252000;244972;6767;206;55
1008;13;2047;566542;315868;250674;243594;6816;209;55
1009;13;2048;559784;312272;247512;240439;6809;210;54
1010;13;2049;544187;303816;240371;233449;6662;207;53
1011;13;2050;520844;290663;230181;223502;6428;201;50
1012;14;2007;219157;157975;61182;59834;1281;50;17
1013;14;2008;219716;157274;62442;61059;1315;51;17
1014;14;2009;221272;157053;64219;62789;1361;52;17
1015;14;2010;223224;157197;66027;64546;1410;53;18
1016;14;2011;227833;159172;68661;67114;1475;54;18
1017;14;2012;231304;160389;70915;69308;1533;55;19
1018;14;2013;235793;162393;73400;71729;1595;57;19
1019;14;2014;237188;162231;74957;73243;1637;58;19
1020;14;2015;239385;162561;76824;75061;1684;59;20
1021;14;2016;240463;162140;78323;76519;1724;60;20
1022;14;2017;242882;162572;80310;78456;1774;60;20
1023;14;2018;244612;162404;82208;80304;1822;61;21
1024;14;2019;250372;165026;85346;83362;1900;63;21
1025;14;2020;256405;167823;88582;86515;1980;65;22
1026;14;2021;263610;171429;92181;90023;2068;67;23
1027;14;2022;267914;173413;94501;92279;2130;69;23
1028;14;2023;274561;176925;97636;95333;2208;71;24
1029;14;2024;283749;181713;102036;99626;2312;73;25
1030;14;2025;295185;187953;107232;104697;2433;76;26
1031;14;2026;301356;191200;110156;107546;2505;78;27
1032;14;2027;335483;211410;124073;121132;2824;87;30
1033;14;2028;363021;228316;134705;131511;3068;94;32
1034;14;2029;380022;239185;140837;137482;3222;99;34
1035;14;2030;390733;246555;144178;140722;3320;101;35
1036;14;2031;401537;254382;147155;143608;3406;105;36
1037;14;2032;391558;247984;143574;140100;3337;102;35
1038;14;2033;387167;245003;142164;138709;3319;101;35
1039;14;2034;386666;244599;142067;138602;3331;100;34
1040;14;2035;389159;246145;143014;139507;3371;101;35
1041;14;2036;393893;249092;144801;141234;3430;102;35
1042;14;2037;400176;253177;146999;143358;3501;104;36
1043;14;2038;405683;256650;149033;145326;3566;105;36
1044;14;2039;412619;261151;151468;147682;3642;107;37
1045;14;2040;420880;266435;154445;150568;3730;109;38
1046;14;2041;427694;270913;156781;152827;3805;111;38
1047;14;2042;435773;276009;159764;155719;3893;113;39
1048;14;2043;442655;280365;162290;158166;3969;115;40
1049;14;2044;449378;284625;164753;160553;4043;117;40
1050;14;2045;455190;288183;167007;162738;4110;118;41
1051;14;2046;458624;290328;168296;163983;4153;119;41
1052;14;2047;458221;289957;168264;163941;4163;119;41
1053;14;2048;456915;288998;167917;163596;4161;119;41
1054;14;2049;455319;287575;167744;163423;4161;119;41
1055;14;2050;457235;288157;169078;164724;4194;119;41
1056;15;2007;111667;91774;19893;19344;500;41;8
1057;15;2008;117323;95965;21358;20765;540;44;9
1058;15;2009;123920;100963;22957;22321;581;46;9
1059;15;2010;128781;104490;24291;23621;613;47;10
1060;15;2011;130315;105286;25029;24337;634;48;10
1061;15;2012;132144;106335;25809;25095;655;49;10
1062;15;2013;133741;107199;26542;25807;675;50;10
1063;15;2014;136113;108563;27550;26786;703;51;10
1064;15;2015;138522;109970;28552;27757;731;53;11
1065;15;2016;142464;112559;29905;29074;766;54;11
1066;15;2017;145405;114368;31037;30172;798;56;11
1067;15;2018;148787;116514;32273;31371;832;58;12
1068;15;2019;150020;116941;33079;32151;857;59;12
1069;15;2020;151557;117530;34027;33072;883;60;12
1070;15;2021;152446;117585;34861;33880;908;61;12
1071;15;2022;154246;118311;35935;34921;939;62;13
1072;15;2023;155719;118722;36997;35952;969;63;13
1073;15;2024;159886;121210;38676;37584;1014;65;13
1074;15;2025;164290;123869;40421;39280;1060;67;14
1075;15;2026;169520;127177;42343;41147;1112;70;14
1076;15;2027;172648;129049;43599;42365;1148;71;15
1077;15;2028;177353;132061;45292;44008;1195;74;15
1078;15;2029;184123;136411;47712;46359;1260;77;16
1079;15;2030;192402;141883;50519;49085;1337;81;16
1080;15;2031;196798;144723;52075;50590;1385;83;17
1081;15;2032;220806;161409;59397;57710;1576;92;19
1082;15;2033;239413;174635;64778;62933;1723;101;21
1083;15;2034;250369;182675;67694;65749;1818;105;22
1084;15;2035;256807;187642;69165;67169;1867;107;22
1085;15;2036;262577;192260;70317;68291;1897;106;23
1086;15;2037;256589;187583;69006;67014;1866;104;22
1087;15;2038;254506;185691;68815;66827;1864;102;22
1088;15;2039;254655;185512;69143;67142;1877;102;22
1089;15;2040;256664;186739;69925;67899;1902;102;22
1090;15;2041;260011;188914;71097;69034;1937;103;23
1091;15;2042;264313;191859;72454;70353;1975;103;23
1092;15;2043;268230;194424;73806;71667;2012;104;23
1093;15;2044;273009;197662;75347;73162;2056;105;24
1094;15;2045;278679;201511;77168;74930;2107;107;24
1095;15;2046;283281;204633;78648;76366;2149;108;25
1096;15;2047;288801;208323;80478;78147;2197;109;25
1097;15;2048;293487;211409;82078;79702;2240;110;26
1098;15;2049;298096;214437;83659;81239;2282;112;26
1099;15;2050;302175;216997;85178;82715;2323;113;27
1100;16;2007;35001;30833;4168;4083;75;8;2
1101;16;2008;36325;31969;4356;4267;78;8;3
1102;16;2009;37208;32701;4507;4414;82;8;3
1103;16;2010;38769;34000;4769;4669;88;9;3
1104;16;2011;42754;37375;5379;5267;99;10;3
1105;16;2012;46156;40263;5893;5771;109;10;3
1106;16;2013;49090;42752;6338;6205;118;11;4
1107;16;2014;52293;45473;6820;6676;128;12;4
1108;16;2015;54640;47434;7206;7055;135;12;4
1109;16;2016;55688;48259;7429;7272;140;13;4
1110;16;2017;56782;49121;7661;7499;145;13;4
1111;16;2018;57636;49759;7877;7710;150;13;4
1112;16;2019;58854;50675;8179;8006;156;13;4
1113;16;2020;59861;51405;8456;8274;163;14;5
1114;16;2021;61518;52678;8840;8650;171;14;5
1115;16;2022;62700;53541;9159;8959;180;15;5
1116;16;2023;64136;54623;9513;9306;187;15;5
1117;16;2024;64706;54963;9743;9530;193;15;5
1118;16;2025;65576;55540;10036;9817;199;15;5
1119;16;2026;66344;56024;10320;10093;206;16;5
1120;16;2027;67522;56837;10685;10450;214;16;5
1121;16;2028;68570;57531;11039;10796;222;16;5
1122;16;2029;70878;59275;11603;11345;235;17;6
1123;16;2030;73259;61091;12168;11898;247;17;6
1124;16;2031;76005;63208;12797;12511;262;18;6
1125;16;2032;77598;64419;13179;12884;271;18;6
1126;16;2033;79989;66264;13725;13415;285;19;6
1127;16;2034;83654;69120;14534;14203;304;20;7
1128;16;2035;88015;72560;15455;15103;324;21;7
1129;16;2036;90164;74264;15900;15537;335;21;7
1130;16;2037;102605;84193;18412;17987;393;24;8
1131;16;2038;111530;91438;20092;19626;431;26;9
1132;16;2039;116205;95329;20876;20389;451;27;9
1133;16;2040;118513;97299;21214;20715;461;28;10
1134;16;2041;120152;98719;21433;20928;467;28;10
1135;16;2042;117863;96683;21180;20680;464;27;9
1136;16;2043;117587;96255;21332;20823;472;28;9
1137;16;2044;118053;96472;21581;21062;481;28;10
1138;16;2045;119283;97310;21973;21443;492;28;10
1139;16;2046;121051;98578;22473;21928;506;29;10
1140;16;2047;123241;100203;23038;22478;521;29;10
1141;16;2048;125361;101707;23654;23076;538;30;10
1142;16;2049;127805;103480;24325;23727;557;31;10
1143;16;2050;130685;105594;25091;24473;576;31;11
1144;17;2007;6649;5948;701;690;10;1;0
1145;17;2008;7190;6424;766;754;11;1;0
1146;17;2009;7770;6936;834;820;12;2;0
1147;17;2010;8381;7486;895;880;13;2;0
1148;17;2011;8832;7885;947;931;14;2;0
1149;17;2012;9285;8288;997;980;15;2;0
1150;17;2013;9757;8705;1052;1034;16;2;0
1151;17;2014;10101;9004;1097;1079;16;2;0
1152;17;2015;10634;9474;1160;1141;17;2;0
1153;17;2016;11816;10520;1296;1275;19;2;0
1154;17;2017;12721;11317;1404;1380;21;3;0
1155;17;2018;13420;11930;1490;1465;22;3;0
1156;17;2019;14099;12520;1579;1552;24;3;0
1157;17;2020;14525;12886;1639;1611;25;3;0
1158;17;2021;14772;13092;1680;1652;25;3;0
1159;17;2022;15037;13317;1720;1691;26;3;0
1160;17;2023;15256;13500;1756;1726;27;3;0
1161;17;2024;15669;13849;1820;1788;28;3;1
1162;17;2025;16030;14154;1876;1843;29;3;1
1163;17;2026;16579;14621;1958;1925;30;3;0
1164;17;2027;16967;14945;2022;1987;31;3;1
1165;17;2028;17420;15333;2087;2051;32;3;1
1166;17;2029;17680;15551;2129;2092;33;3;1
1167;17;2030;18049;15863;2186;2149;33;3;1
1168;17;2031;18429;16189;2240;2203;33;3;1
1169;17;2032;18916;16616;2300;2263;33;3;1
1170;17;2033;19383;17024;2359;2322;33;3;1
1171;17;2034;20148;17688;2460;2423;34;2;1
1172;17;2035;20954;18379;2575;2536;36;2;1
1173;17;2036;21828;19141;2687;2647;37;2;1
1174;17;2037;22308;19563;2745;2704;38;2;1
1175;17;2038;23038;20190;2848;2803;41;3;1
1176;17;2039;24269;21259;3010;2963;43;3;1
1177;17;2040;25667;22474;3193;3143;46;3;1
1178;17;2041;26326;23049;3277;3226;47;3;1
1179;17;2042;30192;26422;3770;3710;56;3;1
1180;17;2043;32708;28611;4097;4031;61;4;1
1181;17;2044;33906;29649;4257;4188;64;4;1
1182;17;2045;34415;30079;4336;4265;66;4;1
1183;17;2046;34584;30195;4389;4317;67;4;1
1184;17;2047;34710;30264;4446;4372;69;4;1
1185;17;2048;35231;30676;4555;4479;71;4;1
1186;17;2049;35654;30996;4658;4579;74;4;1
1187;17;2050;36168;31383;4785;4703;77;4;1
