ID;LeeftijdReferentiepersoon;Perioden;TotaalParticuliereHuishoudens_1;Eenpersoonshuishouden_2;TotaalMeerpersoonshuishoudens_3;MeerpersoonshuishoudensZonderKinderen_4;MeerpersoonshuishoudensMetKinderen_5;TotaalNietGehuwdeParen_6;k_0Kinderen_7;k_1Kind_8;k_2Kinderen_9;k_3OfMeerKinderen_10;TotaalGehuwdeParen_11;k_0Kinderen_12;k_1Kind_13;k_2Kinderen_14;k_3OfMeerKinderen_15;TotaalEenouderhuishoudens_16;k_1Kind_17;k_2Kinderen_18;k_3OfMeerKinderen_19;OverigHuishouden_20;TotaalParticuliereHuishoudens_21;Eenpersoonshuishouden_22;TotaalMeerpersoonshuishoudens_23;k_2Personen_24;k_3Personen_25;k_4Personen_26;k_5OfMeerPersonen_27
0;Totaal;1995;6468682;2109149;4359533;1886794;2472739;518116;418506;56057;33137;10416;3436991;1424616;728238;892368;391769;360754;218280;106362;36112;43672;6468682;2109149;4359533;2058363;903381;957174;440615
1;Totaal;1996;6517804;2123782;4394022;1919610;2474412;552889;441052;62981;37142;11714;3429247;1435447;715441;883327;395032;368775;222766;108547;37462;43111;6517804;2123782;4394022;2097196;898954;952641;445231
2;Totaal;1997;6580943;2157561;4423382;1958645;2464737;583194;459903;69317;41187;12787;3425385;1455587;701275;874144;394379;371648;223547;109807;38294;43155;6580943;2157561;4423382;2136268;893037;948593;445484
3;Totaal;1998;6655891;2201317;4454574;1995267;2459307;609834;475782;75638;45115;13299;3427189;1477038;690979;865371;393801;375104;225059;111001;39044;42447;6655891;2201317;4454574;2175326;889811;943693;445744
4;Totaal;1999;6745411;2254631;4490780;2033473;2457307;633625;486080;82640;50418;14487;3434157;1504022;684586;854589;390960;379627;227530;112411;39686;43371;6745411;2254631;4490780;2215304;892410;938934;444132
5;Totaal;2000;6801008;2272219;4528789;2062123;2466666;657579;494809;91151;55846;15773;3440642;1521063;677297;852005;390277;384317;229199;114434;40684;46251;6801008;2272219;4528789;2242256;897408;943509;445616
6;Totaal;2001;6866954;2307075;4559879;2073831;2486048;674085;495693;98842;62177;17373;3442027;1530722;668308;851878;391119;396351;235764;118808;41779;47416;6866954;2307075;4559879;2258102;901442;950980;449355
7;Totaal;2002;6934263;2344903;4589360;2082747;2506613;696290;499191;107561;70301;19237;3432715;1534892;655673;851806;390344;411691;244768;123617;43306;48664;6934263;2344903;4589360;2275136;903225;959431;451568
8;Totaal;2003;6995724;2383580;4612144;2095156;2516988;714200;500064;115018;78087;21031;3425384;1546656;644675;847733;386320;424124;251141;128189;44794;48436;6995724;2383580;4612144;2292761;903778;964621;450984
9;Totaal;2004;7049280;2423950;4625330;2099479;2525851;726722;495214;121790;86971;22747;3416714;1556343;636458;842377;381536;433972;256674;131804;45494;47922;7049280;2423950;4625330;2302372;904913;969062;448983
10;Totaal;2005;7090965;2449378;4641587;2110295;2531292;747056;498513;128480;95578;24485;3402433;1563808;626291;836838;375496;444124;262189;135863;46072;47974;7090965;2449378;4641587;2317627;905839;973043;445078
11;Totaal;2006;7146088;2502084;4644004;2114857;2529147;759189;495029;133591;104090;26479;3384769;1572152;615951;828173;368493;452370;267647;138547;46176;47676;7146088;2502084;4644004;2328134;902872;973351;439647
12;Totaal;2007;7190543;2536891;4653652;2128727;2524925;777059;496187;139157;113095;28620;3369128;1583956;605544;818991;360637;458881;272499;140596;45786;48584;7190543;2536891;4653652;2347504;900559;972325;433264
13;Totaal;2008;7242202;2571014;4671188;2148277;2522911;800022;501445;145909;121837;30831;3354949;1596319;596053;809235;353342;465704;278051;142199;45454;50513;7242202;2571014;4671188;2371615;900475;971097;428001
14;Totaal;2009;7312579;2619394;4693185;2166972;2526213;819717;505151;151229;130348;32989;3346156;1609418;589048;800178;347512;474909;285206;144034;45669;52403;7312579;2619394;4693185;2396462;901234;971092;424397
15;Totaal;2010;7386144;2669516;4716628;2181514;2535114;836339;505816;156616;138418;35489;3339959;1621618;585797;790892;341652;486250;293180;147033;46037;54080;7386144;2669516;4716628;2417798;907781;970519;420530
16;Totaal;2011;7443801;2708251;4735550;2187823;2547727;864011;514402;163909;147730;37970;3331368;1629522;583775;782489;335582;496272;302979;147199;46094;43899;7443801;2708251;4735550;2439795;904504;972431;418820
17;Totaal;2012;7512824;2761764;4751060;2192158;2558902;872962;511794;167019;154672;39477;3323517;1636677;582203;774010;330627;510894;313322;150683;46889;43687;7512824;2761764;4751060;2455421;909274;971486;414879
18;Totaal;2013;7569371;2802182;4767189;2202863;2564326;892743;517578;171738;162076;41351;3309894;1642311;579843;763157;324583;521578;321518;153200;46860;42974;7569371;2802182;4767189;2474729;914480;967899;410081
19;Totaal;2014;7590228;2803852;4786376;2216508;2569868;916991;528531;176139;169483;42838;3291177;1645639;578378;750341;316819;535870;331653;156324;47893;42338;7590228;2803852;4786376;2498744;920496;964012;403124
20;Totaal;2015;7665198;2867797;4797401;2224618;2572783;934671;531156;181134;177326;45055;3275358;1651379;575005;738342;310632;545289;338281;158384;48624;42083;7665198;2867797;4797401;2512123;923286;961010;400982
21;Totaal;2016;7720787;2906334;4814453;2235783;2578670;954074;540631;182643;184026;46774;3261124;1653323;571665;728666;307470;557426;345502;162146;49778;41829;7720787;2906334;4814453;2530437;924877;958746;400393
22;Totaal;2017;7794075;2961228;4832847;2247191;2585656;975602;548326;186827;191327;49122;3253633;1657377;568482;721461;306313;562124;346706;164223;51195;41488;7794075;2961228;4832847;2540703;926964;961007;404173
23;Totaal;2018;7857914;2997617;4860297;2265409;2594888;997648;562433;187848;196362;51005;3249848;1662594;567153;714686;305415;572419;352216;167646;52557;40382;7857914;2997617;4860297;2565256;929901;959802;405338
24;Totaal;2019;7924691;3037622;4887069;2282297;2604772;1015999;575040;187879;200116;52964;3248353;1666646;567014;710251;304442;582106;357524;170478;54104;40611;7924691;3037622;4887069;2586739;932959;960878;406493
25;Totaal;2020;7997800;3079778;4918022;2302921;2615101;1037200;589916;189262;203427;54595;3250231;1672389;568123;706212;303507;589975;361769;172880;55326;40616;7997800;3079778;4918022;2610601;938515;961314;407592
26;Totaal;2021;8043443;3097117;4946326;2331454;2614872;1077723;620079;192530;208658;56456;3233662;1670305;566657;696999;299701;593871;364662;173275;55934;41070;8043443;3097117;4946326;2640717;940588;958249;406772
27;Totaal;2022;8138591;3172564;4966027;2349821;2616206;1099461;633378;194717;212937;58429;3228333;1674618;565298;690522;297895;596408;366681;173091;56636;41825;8138591;3172564;4966027;2661105;942346;956266;406310
28;Totaal;2023;8270244;3266042;5004202;2358933;2645269;1108952;638763;197393;213159;59637;3242090;1677643;573500;691936;299011;610633;375750;176748;58135;42527;8270244;3266042;5004202;2677788;956719;959324;410371
29;Totaal;2024;8374404;3340560;5033844;2385910;2647934;1120806;651188;198578;211683;59357;3247930;1687670;580368;686176;293716;618056;381715;177232;59109;47052;8374404;3340560;5033844;2706372;968419;953582;405471
30;15 jaar;1995;2239;1997;242;231;11;95;95;0;0;0;0;0;0;0;0;11;11;0;0;136;2239;1997;242;137;68;29;8
31;15 jaar;1996;1224;1013;211;204;7;80;80;0;0;0;0;0;0;0;0;7;7;0;0;124;1224;1013;211;123;56;24;8
32;15 jaar;1997;1274;1057;217;202;15;76;74;1;1;0;0;0;0;0;0;13;13;0;0;128;1274;1057;217;124;56;29;8
33;15 jaar;1998;1469;1197;272;262;10;107;107;0;0;0;0;0;0;0;0;10;10;0;0;155;1469;1197;272;145;81;35;11
34;15 jaar;1999;1618;1332;286;278;8;105;105;0;0;0;0;0;0;0;0;8;8;0;0;173;1618;1332;286;156;82;33;15
35;15 jaar;2000;1914;1545;369;353;16;144;143;1;0;0;0;0;0;0;0;15;15;0;0;210;1914;1545;369;209;103;48;9
36;15 jaar;2001;1985;1560;425;398;27;172;171;1;0;0;1;0;0;0;1;25;23;2;0;227;1985;1560;425;222;121;63;19
37;15 jaar;2002;2047;1648;399;374;25;164;163;1;0;0;3;0;0;1;2;21;20;1;0;211;2047;1648;399;234;118;27;20
38;15 jaar;2003;2060;1716;344;327;17;146;145;1;0;0;2;0;0;0;2;14;13;1;0;182;2060;1716;344;193;97;38;16
39;15 jaar;2004;1768;1472;296;275;21;110;110;0;0;0;0;0;0;0;0;21;20;1;0;165;1768;1472;296;179;82;27;8
40;15 jaar;2005;1587;1343;244;233;11;92;91;0;1;0;0;0;0;0;0;10;10;0;0;142;1587;1343;244;128;92;16;8
41;15 jaar;2006;1599;1366;233;219;14;81;81;0;0;0;3;0;0;2;1;11;10;1;0;138;1599;1366;233;128;72;27;6
42;15 jaar;2007;1436;1214;222;206;16;94;94;0;0;0;5;0;0;3;2;11;11;0;0;112;1436;1214;222;140;57;18;7
43;15 jaar;2008;1540;1302;238;222;16;81;81;0;0;0;4;0;0;3;1;12;12;0;0;141;1540;1302;238;113;91;26;8
44;15 jaar;2009;1372;1156;216;209;7;77;77;0;0;0;2;0;0;0;2;5;5;0;0;132;1372;1156;216;104;75;22;15
45;15 jaar;2010;1461;1237;224;201;23;70;70;0;0;0;5;0;0;2;3;18;18;0;0;131;1461;1237;224;115;70;24;15
46;15 jaar;2011;393;216;177;170;7;0;0;0;0;0;0;0;0;0;0;7;7;0;0;170;393;216;177;139;29;6;3
47;15 jaar;2012;366;172;194;182;12;0;0;0;0;0;0;0;0;0;0;12;12;0;0;182;366;172;194;156;29;7;2
48;15 jaar;2013;406;197;209;205;4;0;0;0;0;0;0;0;0;0;0;4;4;0;0;205;406;197;209;160;36;6;7
49;15 jaar;2014;398;170;228;219;9;1;0;1;0;0;0;0;0;0;0;8;8;0;0;219;398;170;228;163;45;12;8
50;15 jaar;2015;506;291;215;208;7;0;0;0;0;0;0;0;0;0;0;7;7;0;0;208;506;291;215;175;33;5;2
51;15 jaar;2016;495;273;222;217;5;1;0;0;1;0;0;0;0;0;0;4;4;0;0;217;495;273;222;184;22;14;2
52;15 jaar;2017;442;239;203;199;4;0;0;0;0;0;0;0;0;0;0;4;4;0;0;199;442;239;203;166;30;7;0
53;15 jaar;2018;503;279;224;217;7;0;0;0;0;0;0;0;0;0;0;7;7;0;0;217;503;279;224;182;32;6;4
54;15 jaar;2019;431;211;220;218;2;0;0;0;0;0;0;0;0;0;0;2;1;1;0;218;431;211;220;184;27;6;3
55;15 jaar;2020;385;156;229;227;2;1;0;1;0;0;0;0;0;0;0;1;1;0;0;227;385;156;229;182;33;10;4
56;15 jaar;2021;296;99;197;195;2;1;0;0;0;1;0;0;0;0;0;1;1;0;0;195;296;99;197;155;30;5;7
57;15 jaar;2022;293;68;225;223;2;0;0;0;0;0;0;0;0;0;0;2;2;0;0;223;293;68;225;190;28;4;3
58;15 jaar;2023;366;150;216;211;5;0;0;0;0;0;0;0;0;0;0;5;5;0;0;211;366;150;216;173;31;10;2
59;15 jaar;2024;354;133;221;220;1;0;0;0;0;0;0;0;0;0;0;1;1;0;0;220;354;133;221;172;33;5;11
60;16 jaar;1995;3608;3192;416;368;48;186;176;3;6;1;0;0;0;0;0;38;38;0;0;192;3608;3192;416;240;128;37;11
61;16 jaar;1996;2239;1878;361;318;43;157;152;4;1;0;0;0;0;0;0;38;37;1;0;166;2239;1878;361;203;97;50;11
62;16 jaar;1997;2490;2095;395;346;49;152;140;7;2;3;3;1;1;1;0;35;35;0;0;205;2490;2095;395;207;117;50;21
63;16 jaar;1998;2728;2296;432;374;58;189;183;3;3;0;0;0;0;0;0;52;52;0;0;191;2728;2296;432;263;108;51;10
64;16 jaar;1999;3202;2675;527;455;72;228;214;5;4;5;0;0;0;0;0;58;57;1;0;241;3202;2675;527;309;141;50;27
65;16 jaar;2000;3279;2684;595;523;72;287;274;9;1;3;1;0;0;1;0;58;58;0;0;249;3279;2684;595;362;144;57;32
66;16 jaar;2001;3703;3042;661;551;110;307;289;7;6;5;0;0;0;0;0;92;90;2;0;262;3703;3042;661;400;166;68;27
67;16 jaar;2002;3676;2996;680;561;119;313;299;10;2;2;2;1;1;0;0;104;99;4;1;261;3676;2996;680;418;194;42;26
68;16 jaar;2003;3646;3013;633;543;90;263;251;4;5;3;1;0;1;0;0;77;75;2;0;292;3646;3013;633;362;186;54;31
69;16 jaar;2004;2943;2469;474;406;68;202;187;8;5;2;3;0;0;2;1;50;49;1;0;219;2943;2469;474;260;147;47;20
70;16 jaar;2005;2537;2133;404;347;57;193;180;6;4;3;0;0;0;0;0;44;43;1;0;167;2537;2133;404;238;112;38;16
71;16 jaar;2006;2401;2030;371;318;53;170;162;5;2;1;1;0;0;1;0;44;44;0;0;156;2401;2030;371;221;109;28;13
72;16 jaar;2007;2452;2113;339;290;49;162;150;9;3;0;1;0;0;0;1;36;34;2;0;140;2452;2113;339;173;105;47;14
73;16 jaar;2008;2340;2011;329;284;45;130;121;5;0;4;2;0;0;1;1;34;33;1;0;163;2340;2011;329;169;118;27;15
74;16 jaar;2009;2412;2056;356;304;52;154;146;5;2;1;2;0;0;2;0;42;41;1;0;158;2412;2056;356;188;110;37;21
75;16 jaar;2010;2326;1995;331;281;50;140;130;6;3;1;4;0;1;1;2;36;36;0;0;151;2326;1995;331;170;99;43;19
76;16 jaar;2011;1404;1169;235;209;26;24;17;3;4;0;0;0;0;0;0;19;19;0;0;192;1404;1169;235;179;39;12;5
77;16 jaar;2012;1433;1196;237;208;29;29;21;6;1;1;1;0;1;0;0;20;20;0;0;187;1433;1196;237;171;46;14;6
78;16 jaar;2013;1378;1133;245;217;28;31;25;2;2;2;0;0;0;0;0;22;22;0;0;192;1378;1133;245;190;39;9;7
79;16 jaar;2014;1397;1116;281;255;26;34;30;1;2;1;0;0;0;0;0;22;21;1;0;225;1397;1116;281;225;37;13;6
80;16 jaar;2015;1618;1333;285;254;31;41;31;7;2;1;0;0;0;0;0;21;21;0;0;223;1618;1333;285;193;59;20;13
81;16 jaar;2016;1816;1565;251;228;23;35;28;5;1;1;0;0;0;0;0;16;16;0;0;200;1816;1565;251;197;41;6;7
82;16 jaar;2017;2006;1710;296;264;32;44;36;1;3;4;0;0;0;0;0;24;24;0;0;228;2006;1710;296;240;35;11;10
83;16 jaar;2018;1907;1662;245;231;14;29;26;2;1;0;0;0;0;0;0;11;11;0;0;205;1907;1662;245;205;31;8;1
84;16 jaar;2019;1732;1468;264;245;19;31;29;1;1;0;0;0;0;0;0;17;16;1;0;216;1732;1468;264;216;31;11;6
85;16 jaar;2020;1583;1331;252;243;9;30;25;3;2;0;0;0;0;0;0;4;4;0;0;218;1583;1331;252;198;40;9;5
86;16 jaar;2021;1420;1154;266;244;22;33;24;5;2;2;0;0;0;0;0;13;13;0;0;220;1420;1154;266;204;44;13;5
87;16 jaar;2022;1522;1262;260;246;14;40;34;2;4;0;0;0;0;0;0;8;8;0;0;212;1522;1262;260;206;43;7;4
88;16 jaar;2023;1801;1527;274;260;14;36;30;4;0;2;0;0;0;0;0;8;8;0;0;230;1801;1527;274;225;37;8;4
89;16 jaar;2024;1730;1488;242;228;14;32;29;3;0;0;0;0;0;0;0;11;11;0;0;199;1730;1488;242;190;42;7;3
90;17 jaar;1995;5217;4529;688;581;107;334;318;10;4;2;4;2;2;0;0;89;82;6;1;261;5217;4529;688;418;191;51;28
91;17 jaar;1996;4322;3637;685;568;117;297;282;7;6;2;4;2;2;0;0;100;97;2;1;284;4322;3637;685;446;167;45;27
92;17 jaar;1997;4472;3732;740;625;115;359;340;12;5;2;5;4;1;0;0;95;93;2;0;281;4472;3732;740;470;192;43;35
93;17 jaar;1998;4854;4022;832;688;144;418;397;13;6;2;10;3;4;3;0;116;113;3;0;288;4854;4022;832;537;196;53;46
94;17 jaar;1999;5516;4602;914;731;183;435;411;13;8;3;1;1;0;0;0;159;155;4;0;319;5516;4602;914;626;211;46;31
95;17 jaar;2000;5994;4888;1106;899;207;514;488;13;9;4;6;2;3;0;1;177;169;8;0;409;5994;4888;1106;743;238;77;48
96;17 jaar;2001;6164;4967;1197;963;234;565;535;16;10;4;1;0;1;0;0;203;198;5;0;428;6164;4967;1197;795;275;79;48
97;17 jaar;2002;6943;5582;1361;1020;341;610;576;24;6;4;3;1;0;1;1;305;290;14;1;443;6943;5582;1361;928;324;76;33
98;17 jaar;2003;6821;5617;1204;908;296;532;502;18;6;6;6;1;3;1;1;261;240;15;6;405;6821;5617;1204;769;303;82;50
99;17 jaar;2004;5994;4939;1055;819;236;447;422;15;8;2;5;0;3;0;2;206;200;6;0;397;5994;4939;1055;680;259;70;46
100;17 jaar;2005;5145;4295;850;691;159;390;366;14;5;5;3;1;0;1;1;133;129;4;0;324;5145;4295;850;522;215;70;43
101;17 jaar;2006;4958;4101;857;710;147;387;374;9;3;1;1;0;1;0;0;133;130;3;0;336;4958;4101;857;513;222;77;45
102;17 jaar;2007;4689;3895;794;652;142;351;327;16;7;1;6;1;2;2;1;113;109;4;0;324;4689;3895;794;458;235;65;36
103;17 jaar;2008;4846;4088;758;644;114;353;330;17;6;0;3;0;1;1;1;88;86;2;0;314;4846;4088;758;430;218;79;31
104;17 jaar;2009;4658;3898;760;634;126;320;301;12;3;4;6;2;0;2;2;103;101;2;0;331;4658;3898;760;419;218;71;52
105;17 jaar;2010;4830;4074;756;628;128;338;324;9;5;0;4;0;1;0;3;110;108;2;0;304;4830;4074;756;440;215;66;35
106;17 jaar;2011;4017;3616;401;304;97;125;108;9;5;3;4;1;3;0;0;77;76;1;0;195;4017;3616;401;289;84;16;12
107;17 jaar;2012;3824;3426;398;320;78;155;129;18;6;2;3;1;2;0;0;50;50;0;0;190;3824;3426;398;282;84;21;11
108;17 jaar;2013;3918;3549;369;287;82;125;110;8;6;1;4;1;3;0;0;64;63;1;0;176;3918;3549;369;275;68;19;7
109;17 jaar;2014;4026;3640;386;308;78;133;117;9;5;2;0;0;0;0;0;62;62;0;0;191;4026;3640;386;307;50;21;8
110;17 jaar;2015;4440;4019;421;341;80;134;116;10;3;5;1;1;0;0;0;62;60;2;0;224;4440;4019;421;332;66;14;9
111;17 jaar;2016;4007;3575;432;347;85;146;118;19;5;4;1;0;1;0;0;56;55;1;0;229;4007;3575;432;327;80;15;10
112;17 jaar;2017;4569;4175;394;337;57;150;139;5;5;1;0;0;0;0;0;46;45;1;0;198;4569;4175;394;311;65;14;4
113;17 jaar;2018;4499;4049;450;371;79;136;121;7;5;3;0;0;0;0;0;64;62;2;0;250;4499;4049;450;358;66;17;9
114;17 jaar;2019;3884;3502;382;322;60;127;113;9;3;2;0;0;0;0;0;46;46;0;0;209;3884;3502;382;306;60;11;5
115;17 jaar;2020;3802;3411;391;335;56;133;118;8;4;3;0;0;0;0;0;41;40;1;0;217;3802;3411;391;307;57;14;13
116;17 jaar;2021;3433;3067;366;311;55;119;97;11;7;4;0;0;0;0;0;33;33;0;0;214;3433;3067;366;278;62;15;11
117;17 jaar;2022;3462;3099;363;311;52;109;93;8;6;2;0;0;0;0;0;36;36;0;0;218;3462;3099;363;275;58;22;8
118;17 jaar;2023;4128;3754;374;318;56;111;101;4;3;3;0;0;0;0;0;46;45;1;0;217;4128;3754;374;283;69;14;8
119;17 jaar;2024;4513;4104;409;358;51;137;120;10;2;5;0;0;0;0;0;34;34;0;0;238;4513;4104;409;331;59;6;13
120;18 jaar;1995;14185;12031;2154;1855;299;1181;1116;44;14;7;73;45;25;3;0;206;195;10;1;694;14185;12031;2154;1471;462;114;107
121;18 jaar;1996;12989;10848;2141;1847;294;1118;1068;33;14;3;33;24;9;0;0;235;219;15;1;755;12989;10848;2141;1496;474;87;84
122;18 jaar;1997;14140;11804;2336;2018;318;1166;1110;38;16;2;56;33;21;2;0;239;228;9;2;875;14140;11804;2336;1559;551;121;105
123;18 jaar;1998;15247;12723;2524;2192;332;1331;1271;43;12;5;45;30;15;0;0;257;245;11;1;891;15247;12723;2524;1758;564;88;114
124;18 jaar;1999;17113;14275;2838;2421;417;1477;1395;63;14;5;64;43;17;2;2;314;296;18;0;983;17113;14275;2838;1955;645;110;128
125;18 jaar;2000;17903;14670;3233;2759;474;1664;1585;61;14;4;37;29;8;0;0;387;369;16;2;1145;17903;14670;3233;2182;713;220;118
126;18 jaar;2001;17772;14361;3411;2862;549;1743;1650;69;16;8;37;25;10;2;0;444;419;24;1;1187;17772;14361;3411;2290;782;227;112
127;18 jaar;2002;18109;14651;3458;2824;634;1772;1678;65;23;6;33;16;15;2;0;523;490;29;4;1130;18109;14651;3458;2423;766;163;106
128;18 jaar;2003;20408;16813;3595;2856;739;1717;1615;74;18;10;26;20;5;0;1;631;583;46;2;1221;20408;16813;3595;2394;838;221;142
129;18 jaar;2004;20884;17276;3608;2933;675;1704;1608;62;20;14;23;12;10;0;1;568;533;33;2;1313;20884;17276;3608;2350;855;226;177
130;18 jaar;2005;20819;17126;3693;3180;513;1823;1736;64;15;8;20;12;7;1;0;418;396;22;0;1432;20819;17126;3693;2388;872;245;188
131;18 jaar;2006;20705;17503;3202;2784;418;1608;1521;62;15;10;15;8;7;0;0;324;311;13;0;1255;20705;17503;3202;1985;770;287;160
132;18 jaar;2007;20856;17738;3118;2768;350;1530;1467;47;9;7;14;7;4;0;3;280;270;10;0;1294;20856;17738;3118;1924;820;244;130
133;18 jaar;2008;20999;17773;3226;2857;369;1540;1464;54;15;7;24;7;15;2;0;276;260;16;0;1386;20999;17773;3226;1984;816;252;174
134;18 jaar;2009;21452;18224;3228;2862;366;1578;1492;72;10;4;10;1;6;3;0;271;263;7;1;1369;21452;18224;3228;1932;850;274;172
135;18 jaar;2010;21285;18076;3209;2828;381;1494;1416;55;19;4;19;5;8;3;3;289;279;10;0;1407;21285;18076;3209;1860;886;293;170
136;18 jaar;2011;18521;17407;1114;837;277;659;610;34;14;1;11;1;10;0;0;218;207;11;0;226;18521;17407;1114;886;165;39;24
137;18 jaar;2012;17835;16748;1087;802;285;663;585;55;13;10;19;8;10;1;0;196;190;5;1;209;17835;16748;1087;852;183;26;26
138;18 jaar;2013;18018;16959;1059;830;229;673;617;37;16;3;17;8;8;1;0;164;157;7;0;205;18018;16959;1059;862;145;28;24
139;18 jaar;2014;18780;17634;1146;910;236;737;690;37;9;1;13;6;6;1;0;182;178;4;0;214;18780;17634;1146;953;153;22;18
140;18 jaar;2015;19296;18275;1021;826;195;639;607;22;8;2;6;5;1;0;0;162;155;7;0;214;19296;18275;1021;862;125;21;13
141;18 jaar;2016;15605;14634;971;787;184;594;562;19;9;4;12;6;6;0;0;146;136;9;1;219;15605;14634;971;796;143;20;12
142;18 jaar;2017;15163;14173;990;798;192;646;582;45;11;8;6;2;4;0;0;124;119;5;0;214;15163;14173;990;806;136;28;20
143;18 jaar;2018;15727;14773;954;798;156;639;602;23;10;4;2;2;0;0;0;119;117;2;0;194;15727;14773;954;801;120;24;9
144;18 jaar;2019;15487;14494;993;814;179;592;559;18;10;5;5;2;3;0;0;143;136;7;0;253;15487;14494;993;831;118;29;15
145;18 jaar;2020;14959;14059;900;746;154;562;533;19;6;4;5;2;3;0;0;122;120;2;0;211;14959;14059;900;757;109;17;17
146;18 jaar;2021;14629;13645;984;817;167;652;594;31;18;9;5;2;2;1;0;106;103;3;0;221;14629;13645;984;821;113;30;20
147;18 jaar;2022;15828;14901;927;802;125;591;554;22;11;4;3;2;1;0;0;87;85;2;0;246;15828;14901;927;779;112;22;14
148;18 jaar;2023;16706;15676;1030;902;128;700;662;27;9;2;3;3;0;0;0;90;87;3;0;237;16706;15676;1030;875;116;20;19
149;18 jaar;2024;19954;18888;1066;939;127;713;684;20;2;7;3;2;1;0;0;97;92;5;0;253;19954;18888;1066;908;119;19;20
150;19 jaar;1995;25628;21364;4264;3602;662;2361;2240;88;25;8;299;190;96;11;2;432;396;33;3;1172;25628;21364;4264;3062;839;185;178
151;19 jaar;1996;23702;19561;4141;3461;680;2308;2163;113;25;7;219;122;81;15;1;438;409;27;2;1176;23702;19561;4141;2993;812;176;160
152;19 jaar;1997;24302;19946;4356;3724;632;2330;2208;89;27;6;178;123;51;4;0;455;419;34;2;1393;24302;19946;4356;3074;872;199;211
153;19 jaar;1998;26126;21516;4610;3871;739;2539;2401;109;23;6;239;150;83;5;1;512;474;34;4;1320;26126;21516;4610;3320;906;179;205
154;19 jaar;1999;29001;24166;4835;4096;739;2658;2513;116;18;11;197;130;61;6;0;527;477;48;2;1453;29001;24166;4835;3482;1020;164;169
155;19 jaar;2000;30108;24371;5737;4786;951;3069;2876;158;26;9;226;153;65;7;1;685;627;53;5;1757;30108;24371;5737;4004;1206;321;206
156;19 jaar;2001;29895;23955;5940;4895;1045;3174;2998;142;24;10;199;131;63;5;0;801;722;76;3;1766;29895;23955;5940;4142;1304;327;167
157;19 jaar;2002;29299;23393;5906;4731;1175;3042;2851;147;36;8;181;124;52;3;2;927;822;95;10;1756;29299;23393;5906;4132;1323;273;178
158;19 jaar;2003;31208;25344;5864;4663;1201;3027;2818;167;34;8;175;105;59;9;2;922;825;89;8;1740;31208;25344;5864;4028;1328;318;190
159;19 jaar;2004;34471;28310;6161;4891;1270;3034;2837;154;36;7;175;123;47;2;3;1021;915;101;5;1931;34471;28310;6161;4218;1386;312;245
160;19 jaar;2005;34910;28653;6257;5140;1117;3288;3093;135;42;18;117;75;36;5;1;880;805;69;6;1972;34910;28653;6257;4290;1344;384;239
161;19 jaar;2006;35898;29984;5914;5004;910;2980;2833;111;31;5;87;57;25;5;0;733;676;54;3;2114;35898;29984;5914;3927;1301;482;204
162;19 jaar;2007;36203;30416;5787;4970;817;3002;2839;125;32;6;77;36;36;4;1;613;572;39;2;2095;36203;30416;5787;3827;1352;417;191
163;19 jaar;2008;36621;30937;5684;4890;794;2915;2743;140;23;9;52;25;25;2;0;595;556;38;1;2122;36621;30937;5684;3673;1411;380;220
164;19 jaar;2009;37213;31350;5863;5084;779;2976;2816;126;29;5;78;36;38;3;1;577;539;38;0;2232;37213;31350;5863;3793;1458;390;222
165;19 jaar;2010;38415;32307;6108;5303;805;3114;2941;132;29;12;60;31;20;7;2;603;557;41;5;2331;38415;32307;6108;3905;1535;437;231
166;19 jaar;2011;35439;32690;2749;2015;734;1772;1626;114;25;7;55;20;33;2;0;553;508;42;3;369;35439;32690;2749;2197;424;66;62
167;19 jaar;2012;34812;32250;2562;1904;658;1649;1507;115;23;4;53;17;33;2;1;480;447;31;2;380;34812;32250;2562;2094;364;53;51
168;19 jaar;2013;34805;32197;2608;1954;654;1760;1601;118;27;14;57;24;30;3;0;462;437;23;2;329;34805;32197;2608;2130;347;61;70
169;19 jaar;2014;35732;33080;2652;2113;539;1842;1728;94;18;2;39;21;17;1;0;407;389;17;1;364;35732;33080;2652;2239;330;44;39
170;19 jaar;2015;36634;34215;2419;1911;508;1671;1559;89;19;4;34;14;18;2;0;376;359;17;0;338;36634;34215;2419;2022;320;46;31
171;19 jaar;2016;33954;31704;2250;1825;425;1594;1511;72;4;7;28;12;15;1;0;326;305;19;2;302;33954;31704;2250;1902;282;31;35
172;19 jaar;2017;30297;28195;2102;1698;404;1467;1391;58;14;4;32;18;14;0;0;314;287;24;3;289;30297;28195;2102;1775;272;30;25
173;19 jaar;2018;31053;28870;2183;1779;404;1559;1470;69;14;6;28;11;17;0;0;298;276;22;0;298;31053;28870;2183;1849;268;33;33
174;19 jaar;2019;30558;28355;2203;1841;362;1608;1548;46;11;3;27;20;7;0;0;295;275;20;0;273;30558;28355;2203;1944;206;35;18
175;19 jaar;2020;31204;28908;2296;1916;380;1647;1587;43;11;6;24;13;11;0;0;309;285;23;1;316;31204;28908;2296;2002;231;43;20
176;19 jaar;2021;29682;27392;2290;1904;386;1725;1629;61;25;10;31;17;14;0;0;276;261;15;0;258;29682;27392;2290;1985;228;50;27
177;19 jaar;2022;32159;29504;2655;2328;327;2094;1998;67;19;10;23;12;11;0;0;220;206;14;0;318;32159;29504;2655;2319;262;38;36
178;19 jaar;2023;33901;31345;2556;2258;298;2007;1924;54;18;11;37;23;14;0;0;201;191;10;0;311;33901;31345;2556;2233;249;39;35
179;19 jaar;2024;39354;36774;2580;2292;288;1979;1902;56;14;7;20;11;9;0;0;202;186;16;0;379;39354;36774;2580;2254;249;41;36
180;20 jaar;1995;37948;30564;7384;5913;1471;4070;3849;168;38;15;959;502;397;55;5;793;688;97;8;1562;37948;30564;7384;5357;1415;310;302
181;20 jaar;1996;34631;28013;6618;5391;1227;3944;3726;175;32;11;568;295;236;29;8;736;658;69;9;1370;34631;28013;6618;4975;1185;236;222
182;20 jaar;1997;33764;27139;6625;5443;1182;3727;3499;177;38;13;559;332;194;30;3;727;648;73;6;1612;33764;27139;6625;4847;1251;278;249
183;20 jaar;1998;35205;28389;6816;5605;1211;3869;3646;181;32;10;530;342;164;17;7;800;717;78;5;1617;35205;28389;6816;5121;1261;214;220
184;20 jaar;1999;39491;32123;7368;6041;1327;4290;4026;228;28;8;550;337;184;25;4;850;744;98;8;1678;39491;32123;7368;5569;1336;244;219
185;20 jaar;2000;39402;31436;7966;6600;1366;4618;4324;243;34;17;531;345;162;22;2;886;757;115;14;1931;39402;31436;7966;5902;1504;348;212
186;20 jaar;2001;40520;31889;8631;6921;1710;4886;4561;273;45;7;567;363;170;33;1;1181;1020;146;15;1997;40520;31889;8631;6273;1718;422;218
187;20 jaar;2002;39697;30942;8755;7022;1733;4957;4635;261;47;14;514;353;140;18;3;1250;1064;178;8;2034;39697;30942;8755;6435;1781;319;220
188;20 jaar;2003;40835;32281;8554;6619;1935;4545;4191;286;50;18;501;328;151;20;2;1408;1206;183;19;2100;40835;32281;8554;6060;1869;379;246
189;20 jaar;2004;43194;34802;8392;6502;1890;4449;4098;294;40;17;458;299;132;21;6;1380;1214;156;10;2105;43194;34802;8392;5975;1741;403;273
190;20 jaar;2005;45083;36351;8732;6827;1905;4642;4313;264;57;8;417;276;122;15;4;1435;1243;182;10;2238;45083;36351;8732;6299;1735;422;276
191;20 jaar;2006;46533;38156;8377;6627;1750;4464;4121;287;41;15;300;190;96;12;2;1297;1146;139;12;2316;46533;38156;8377;5925;1745;506;201
192;20 jaar;2007;47744;39200;8544;7022;1522;4670;4368;242;48;12;231;143;74;14;0;1132;1014;113;5;2511;47744;39200;8544;6044;1825;482;193
193;20 jaar;2008;48335;39827;8508;7102;1406;4698;4362;279;48;9;226;140;78;7;1;984;863;115;6;2600;48335;39827;8508;5965;1893;462;188
194;20 jaar;2009;49443;41012;8431;7033;1398;4646;4324;268;47;7;205;128;73;4;0;999;924;72;3;2581;49443;41012;8431;5946;1811;463;211
195;20 jaar;2010;50775;42058;8717;7196;1521;4792;4431;300;50;11;252;138;102;10;2;1046;947;96;3;2627;50775;42058;8717;6076;1934;483;224
196;20 jaar;2011;49580;44376;5204;3944;1260;3351;3054;260;35;2;187;116;62;7;2;892;808;79;5;774;49580;44376;5204;4254;752;107;91
197;20 jaar;2012;49057;43971;5086;3761;1325;3245;2947;239;43;16;183;107;69;7;0;951;852;91;8;707;49057;43971;5086;4151;736;106;93
198;20 jaar;2013;48800;43981;4819;3629;1190;3128;2858;236;27;7;168;89;66;12;1;841;761;73;7;682;48800;43981;4819;3963;665;92;99
199;20 jaar;2014;48785;43644;5141;3949;1192;3459;3189;217;39;14;169;88;70;9;2;841;771;66;4;672;48785;43644;5141;4268;671;100;102
200;20 jaar;2015;51023;46157;4866;3822;1044;3308;3071;206;30;1;131;79;44;8;0;755;691;60;4;672;51023;46157;4866;4072;639;92;63
201;20 jaar;2016;49424;44909;4515;3590;925;3123;2925;160;32;6;120;68;47;5;0;675;617;55;3;597;49424;44909;4515;3811;556;87;61
202;20 jaar;2017;46719;42517;4202;3383;819;3010;2827;159;18;6;109;69;34;5;1;596;543;49;4;487;46719;42517;4202;3575;495;78;54
203;20 jaar;2018;43942;39843;4099;3340;759;2916;2763;128;18;7;114;80;32;2;0;572;506;61;5;497;43942;39843;4099;3502;485;60;52
204;20 jaar;2019;43923;39707;4216;3437;779;3043;2880;126;28;9;114;71;36;6;1;573;514;55;4;486;43923;39707;4216;3607;478;72;59
205;20 jaar;2020;43866;39652;4214;3529;685;3110;2993;98;18;1;98;67;28;2;1;537;484;52;1;469;43866;39652;4214;3686;438;54;36
206;20 jaar;2021;43101;38514;4587;3863;724;3442;3288;128;18;8;99;65;25;9;0;536;475;56;5;510;43101;38514;4587;3978;475;80;54
207;20 jaar;2022;44499;39794;4705;4024;681;3656;3499;120;30;7;106;56;41;6;3;474;426;48;0;469;44499;39794;4705;4112;454;77;62
208;20 jaar;2023;46761;42052;4709;4100;609;3676;3516;122;26;12;109;68;36;5;0;408;365;42;1;516;46761;42052;4709;4078;484;81;66
209;20 jaar;2024;54370;49665;4705;4167;538;3539;3408;105;19;7;116;76;35;4;1;367;339;28;0;683;54370;49665;4705;4131;446;71;57
210;21 jaar;1995;50674;39343;11331;8813;2518;6502;6088;329;67;18;1967;1068;747;124;28;1205;1045;141;19;1657;50674;39343;11331;8576;1898;433;424
211;21 jaar;1996;46943;35947;10996;8593;2403;6520;6135;325;47;13;1592;828;628;123;13;1254;1063;174;17;1630;46943;35947;10996;8336;1911;394;355
212;21 jaar;1997;44634;34309;10325;8331;1994;6236;5894;271;56;15;1216;718;417;65;16;1154;984;152;18;1719;44634;34309;10325;7951;1676;387;311
213;21 jaar;1998;44424;34256;10168;8201;1967;6235;5862;294;62;17;1170;718;372;66;14;1142;980;138;24;1621;44424;34256;10168;8008;1550;351;259
214;21 jaar;1999;48685;38158;10527;8469;2058;6419;6010;336;61;12;1137;696;389;42;10;1208;1046;148;14;1763;48685;38158;10527;8280;1673;327;247
215;21 jaar;2000;49330;37736;11594;9355;2239;7099;6642;389;57;11;1177;733;377;60;7;1338;1134;186;18;1980;49330;37736;11594;9032;1921;398;243
216;21 jaar;2001;48789;37116;11673;9340;2333;6990;6532;390;50;18;1172;758;364;42;8;1461;1210;217;34;2050;48789;37116;11673;8958;2054;420;241
217;21 jaar;2002;49881;37432;12449;9736;2713;7374;6824;457;77;16;1219;766;380;64;9;1710;1422;256;32;2146;49881;37432;12449;9458;2306;430;255
218;21 jaar;2003;51010;38675;12335;9547;2788;7139;6592;448;76;23;1170;770;334;58;8;1841;1531;290;20;2185;51010;38675;12335;9312;2262;470;291
219;21 jaar;2004;51813;39965;11848;8995;2853;6694;6103;484;90;17;1142;761;340;34;7;1881;1565;281;35;2131;51813;39965;11848;8903;2162;479;304
220;21 jaar;2005;52479;40783;11696;8932;2764;6616;6075;437;81;23;979;652;270;52;5;1896;1588;281;27;2205;52479;40783;11696;8789;2133;502;272
221;21 jaar;2006;55542;43799;11743;8930;2813;6669;6088;456;104;21;853;564;250;34;5;1943;1608;309;26;2278;55542;43799;11743;8787;2159;523;274
222;21 jaar;2007;56398;44739;11659;9059;2600;6808;6217;491;85;15;682;453;189;36;4;1780;1513;239;28;2389;56398;44739;11659;8805;2137;502;215
223;21 jaar;2008;58067;46013;12054;9579;2475;7090;6517;479;78;16;632;429;173;28;2;1699;1476;201;22;2633;58067;46013;12054;9115;2296;442;201
224;21 jaar;2009;59113;47230;11883;9530;2353;7025;6459;468;81;17;654;433;191;26;4;1566;1334;216;16;2638;59113;47230;11883;8908;2294;465;216
225;21 jaar;2010;60116;48267;11849;9506;2343;6924;6357;462;90;15;670;455;176;35;4;1561;1373;175;13;2694;60116;48267;11849;8832;2330;477;210
226;21 jaar;2011;59829;50619;9210;6939;2271;5851;5252;512;71;16;645;416;187;38;4;1443;1237;190;16;1271;59829;50619;9210;7445;1340;232;193
227;21 jaar;2012;61054;52187;8867;6767;2100;5691;5175;440;70;6;552;382;143;23;4;1414;1213;192;9;1210;61054;52187;8867;7300;1245;192;130
228;21 jaar;2013;60150;51464;8686;6556;2130;5696;5134;468;78;16;525;345;150;27;3;1388;1208;164;16;1077;60150;51464;8686;7127;1203;210;146
229;21 jaar;2014;59196;50641;8555;6538;2017;5663;5136;440;74;13;463;293;133;32;5;1320;1150;155;15;1109;59196;50641;8555;7041;1164;189;161
230;21 jaar;2015;60439;52132;8307;6391;1916;5470;5013;364;77;16;431;263;136;29;3;1291;1114;162;15;1115;60439;52132;8307;6855;1098;203;151
231;21 jaar;2016;61007;53162;7845;6180;1665;5342;4944;338;53;7;388;269;100;19;0;1148;1007;133;8;967;61007;53162;7845;6582;1004;144;115
232;21 jaar;2017;59286;51926;7360;5807;1553;5048;4674;308;51;15;364;243;98;21;2;1058;926;123;9;890;59286;51926;7360;6122;945;167;126
233;21 jaar;2018;57486;50556;6930;5601;1329;4924;4627;249;38;10;318;219;80;18;1;933;803;116;14;755;57486;50556;6930;5894;807;150;79
234;21 jaar;2019;54824;47907;6917;5649;1268;4925;4660;221;34;10;340;227;93;19;1;890;736;142;12;762;54824;47907;6917;5871;830;128;88
235;21 jaar;2020;55467;48537;6930;5655;1275;4920;4636;226;48;10;335;235;83;17;0;891;753;130;8;784;55467;48537;6930;5861;827;153;89
236;21 jaar;2021;54026;46546;7480;6246;1234;5545;5264;226;43;12;306;214;78;11;3;861;750;103;8;768;54026;46546;7480;6436;811;140;93
237;21 jaar;2022;57370;49423;7947;6741;1206;5881;5622;210;41;8;322;228;76;15;3;853;732;108;13;891;57370;49423;7947;6846;855;145;101
238;21 jaar;2023;58329;50756;7573;6414;1159;5596;5326;204;54;12;339;230;84;18;7;780;676;97;7;858;58329;50756;7573;6492;811;163;107
239;21 jaar;2024;64463;56986;7477;6435;1042;5435;5153;229;40;13;350;253;80;16;1;663;570;86;7;1029;64463;56986;7477;6342;853;166;116
240;22 jaar;1995;67617;48700;18917;14657;4260;11292;10577;586;99;30;4011;2227;1441;296;47;1761;1474;254;33;1853;67617;48700;18917;14662;2992;730;533
241;22 jaar;1996;60177;43340;16837;13157;3680;10237;9645;478;90;24;3164;1766;1128;233;37;1690;1414;238;38;1746;60177;43340;16837;13261;2542;591;443
242;22 jaar;1997;57542;41339;16203;12660;3543;10078;9431;530;95;22;2818;1570;980;227;41;1648;1338;267;43;1659;57542;41339;16203;12687;2492;610;414
243;22 jaar;1998;55569;40323;15246;12124;3122;9651;9065;478;86;22;2377;1446;757;142;32;1605;1305;270;30;1613;55569;40323;15246;12261;2176;468;341
244;22 jaar;1999;57897;42500;15397;12385;3012;9902;9277;496;107;22;2278;1466;650;135;27;1575;1259;269;47;1642;57897;42500;15397;12529;2098;483;287
245;22 jaar;2000;58355;42270;16085;12848;3237;10227;9541;544;112;30;2267;1412;708;118;29;1696;1399;263;34;1895;58355;42270;16085;12837;2387;536;325
246;22 jaar;2001;58735;41784;16951;13318;3633;10592;9792;674;97;29;2329;1481;703;128;17;1985;1593;350;42;2045;58735;41784;16951;13346;2723;563;319
247;22 jaar;2002;57785;41106;16679;13076;3603;10239;9524;596;98;21;2269;1423;714;114;18;2042;1664;320;58;2129;57785;41106;16679;13070;2720;557;332
248;22 jaar;2003;60441;43090;17351;13347;4004;10531;9672;690;137;32;2349;1472;744;119;14;2268;1825;389;54;2203;60441;43090;17351;13374;2949;644;384
249;22 jaar;2004;61653;44856;16797;12791;4006;10051;9186;694;146;25;2307;1533;627;124;23;2367;1890;425;52;2072;61653;44856;16797;13041;2738;656;362
250;22 jaar;2005;60876;44578;16298;12285;4013;9695;8797;718;163;17;2095;1346;632;104;13;2366;1852;446;68;2142;60876;44578;16298;12505;2807;641;345
251;22 jaar;2006;61811;45993;15818;11919;3899;9377;8507;707;138;25;1881;1234;531;92;24;2382;1886;433;63;2178;61811;45993;15818;12161;2697;656;304
252;22 jaar;2007;64206;47992;16214;12341;3873;9701;8824;694;157;26;1695;1104;492;88;11;2405;1877;472;56;2413;64206;47992;16214;12531;2768;628;287
253;22 jaar;2008;65036;48792;16244;12475;3769;9934;8952;807;146;29;1537;1023;427;76;11;2273;1849;378;46;2500;65036;48792;16244;12551;2859;577;257
254;22 jaar;2009;67788;50935;16853;13134;3719;10520;9489;865;137;29;1492;1039;370;74;9;2235;1829;357;49;2606;67788;50935;16853;13135;2888;556;274
255;22 jaar;2010;68578;51705;16873;13282;3591;10486;9512;818;134;22;1624;1119;406;87;12;2112;1731;337;44;2651;68578;51705;16873;13129;2877;607;260
256;22 jaar;2011;68728;54374;14354;11008;3346;9071;8166;739;141;25;1528;1036;412;73;7;1949;1609;303;37;1806;68728;54374;14354;11630;2023;418;283
257;22 jaar;2012;69026;55140;13886;10456;3430;8773;7848;760;136;29;1428;954;371;89;14;2031;1677;314;40;1654;69026;55140;13886;11224;1989;397;276
258;22 jaar;2013;70110;56202;13908;10585;3323;9070;8123;765;152;30;1299;893;345;56;5;1970;1628;310;32;1569;70110;56202;13908;11281;2004;375;248
259;22 jaar;2014;69132;55323;13809;10516;3293;9126;8160;799;135;32;1210;802;325;73;10;1919;1582;303;34;1554;69132;55323;13809;11140;2007;417;245
260;22 jaar;2015;68769;55722;13047;10028;3019;8563;7759;646;138;20;1089;718;299;59;13;1844;1532;288;24;1551;68769;55722;13047;10681;1785;339;242
261;22 jaar;2016;69143;56687;12456;9638;2818;8215;7487;570;134;24;1053;695;280;63;15;1732;1422;283;27;1456;69143;56687;12456;10187;1690;356;223
262;22 jaar;2017;69591;57752;11839;9254;2585;7965;7298;549;98;20;969;666;247;51;5;1615;1322;275;18;1290;69591;57752;11839;9710;1657;277;195
263;22 jaar;2018;68405;57022;11383;8960;2423;7732;7160;466;88;18;916;613;249;51;3;1548;1278;247;23;1187;68405;57022;11383;9435;1476;284;188
264;22 jaar;2019;66342;55405;10937;8866;2071;7660;7169;403;68;20;843;617;185;35;6;1354;1091;241;22;1080;66342;55405;10937;9201;1316;244;176
265;22 jaar;2020;64997;54423;10574;8633;1941;7443;7003;369;63;8;822;560;207;50;5;1239;990;222;27;1070;64997;54423;10574;8906;1266;244;158
266;22 jaar;2021;64687;53335;11352;9382;1970;8131;7661;368;76;26;771;550;181;31;9;1279;1041;215;23;1171;64687;53335;11352;9595;1312;261;184
267;22 jaar;2022;67419;55595;11824;9915;1909;8535;8064;376;77;18;848;626;171;42;9;1216;990;204;22;1225;67419;55595;11824;10036;1356;259;173
268;22 jaar;2023;70884;59017;11867;9879;1988;8448;8009;363;63;13;853;596;206;40;11;1292;1038;218;36;1274;70884;59017;11867;10008;1398;272;189
269;22 jaar;2024;73759;62617;11142;9319;1823;7740;7275;381;68;16;814;578;182;41;13;1122;927;178;17;1466;73759;62617;11142;9356;1311;282;193
270;23 jaar;1995;85127;55844;29283;22486;6797;17367;16276;856;189;46;7558;4338;2511;621;88;2486;1907;495;84;1872;85127;55844;29283;22906;4420;1237;720
271;23 jaar;1996;79024;51914;27110;21093;6017;16953;15905;838;173;37;6081;3439;2043;521;78;2327;1847;426;54;1749;79024;51914;27110;21611;3890;1039;570
272;23 jaar;1997;71613;47093;24520;19306;5214;15505;14566;766;137;36;5182;3037;1643;435;67;2130;1655;423;52;1703;71613;47093;24520;19616;3440;882;582
273;23 jaar;1998;69183;46043;23140;18196;4944;14793;13847;765;142;39;4712;2759;1459;426;68;2045;1566;405;74;1590;69183;46043;23140;18497;3267;906;470
274;23 jaar;1999;68746;46445;22301;17758;4543;14553;13588;783;143;39;4150;2548;1274;284;44;1976;1500;407;69;1622;68746;46445;22301;18098;3051;762;390
275;23 jaar;2000;68332;45763;22569;18053;4516;14594;13627;758;172;37;4099;2620;1144;282;53;2070;1559;430;81;1806;68332;45763;22569;18312;3006;824;427
276;23 jaar;2001;67712;45190;22522;17643;4879;14435;13331;871;184;49;3903;2405;1216;235;47;2277;1761;456;60;1907;67712;45190;22522;17934;3385;785;418
277;23 jaar;2002;68474;45082;23392;18113;5279;14881;13657;999;185;40;4009;2500;1212;251;46;2546;1959;502;85;1956;68474;45082;23392;18518;3625;840;409
278;23 jaar;2003;68295;45346;22949;17713;5236;14388;13228;944;175;41;3946;2452;1218;242;34;2582;1986;500;96;2033;68295;45346;22949;18025;3606;850;468
279;23 jaar;2004;71552;48266;23286;17717;5569;14482;13193;998;246;45;4070;2585;1206;248;31;2795;2157;544;94;1939;71552;48266;23286;18290;3568;966;462
280;23 jaar;2005;71547;48642;22905;17337;5568;14141;12872;1017;223;29;3792;2430;1089;236;37;2937;2235;609;93;2035;71547;48642;22905;17974;3590;908;433
281;23 jaar;2006;70748;48899;21849;16347;5502;13398;12073;1021;261;43;3466;2190;1015;236;25;2901;2223;574;104;2084;70748;48899;21849;17025;3468;948;408
282;23 jaar;2007;71007;49159;21848;16434;5414;13596;12271;1049;232;44;3194;2029;923;198;44;2924;2238;592;94;2134;71007;49159;21848;17172;3489;834;353
283;23 jaar;2008;73602;51277;22325;16894;5431;13934;12486;1144;249;55;3055;2004;845;184;22;2932;2200;606;126;2404;73602;51277;22325;17457;3621;870;377
284;23 jaar;2009;75188;52568;22620;17200;5420;14359;12843;1217;256;43;2961;1934;810;183;34;2877;2194;594;89;2423;75188;52568;22620;17787;3676;810;347
285;23 jaar;2010;77553;54534;23019;17648;5371;14726;13161;1273;242;50;2959;1981;775;183;20;2828;2177;570;81;2506;77553;54534;23019;18101;3762;807;349
286;23 jaar;2011;78417;56806;21611;16519;5092;13860;12352;1234;239;35;3062;2014;825;187;36;2536;1971;486;79;2153;78417;56806;21611;17309;3180;701;421
287;23 jaar;2012;78277;57681;20596;15740;4856;13123;11758;1099;232;34;2838;1865;770;175;28;2518;1997;450;71;2117;78277;57681;20596;16610;2946;662;378
288;23 jaar;2013;78108;57849;20259;15386;4873;13102;11666;1147;238;51;2716;1785;717;195;19;2506;1970;464;72;1935;78108;57849;20259;16308;2884;706;361
289;23 jaar;2014;79406;58705;20701;15793;4908;13718;12222;1198;252;46;2443;1622;662;145;14;2591;2033;498;60;1949;79406;58705;20701;16708;2987;642;364
290;23 jaar;2015;79342;59419;19923;15229;4694;13273;11860;1123;248;42;2320;1521;622;153;24;2482;1934;478;70;1848;79342;59419;19923;16034;2877;655;357
291;23 jaar;2016;78791;59778;19013;14681;4332;12774;11535;985;213;41;2097;1389;544;142;22;2385;1864;463;58;1757;78791;59778;19013;15508;2585;566;354
292;23 jaar;2017;79581;61193;18388;14280;4108;12301;11133;909;220;39;2057;1334;567;126;30;2217;1699;464;54;1813;79581;61193;18388;14835;2652;565;336
293;23 jaar;2018;80631;62996;17635;13877;3758;11977;10971;784;189;33;1945;1320;492;116;17;2127;1618;446;63;1586;80631;62996;17635;14436;2359;525;315
294;23 jaar;2019;78248;61351;16897;13365;3532;11531;10634;700;161;36;1866;1219;496;136;15;1988;1534;401;53;1512;78248;61351;16897;13953;2168;482;294
295;23 jaar;2020;77051;60792;16259;13129;3130;11294;10464;660;135;35;1806;1266;444;84;12;1760;1339;367;54;1399;77051;60792;16259;13468;2061;454;276
296;23 jaar;2021;75270;58690;16580;13678;2902;11853;11114;603;117;19;1673;1154;394;113;12;1644;1261;319;64;1410;75270;58690;16580;13938;1908;475;259
297;23 jaar;2022;79553;62178;17375;14502;2873;12369;11661;538;140;30;1685;1200;393;75;17;1680;1304;329;47;1641;79553;62178;17375;14674;1957;446;298
298;23 jaar;2023;81546;64426;17120;14191;2929;12192;11400;625;138;29;1753;1243;399;88;23;1627;1261;316;50;1548;81546;64426;17120;14360;2025;443;292
299;23 jaar;2024;85781;68715;17066;14044;3022;11722;10936;646;123;17;1820;1272;436;96;16;1688;1267;353;68;1836;85781;68715;17066;14100;2165;502;299
300;24 jaar;1995;102398;60625;41773;32049;9724;24161;22626;1205;281;49;12963;7786;3763;1216;198;3012;2226;672;114;1637;102398;60625;41773;32813;6132;1982;846
301;24 jaar;1996;96834;57396;39438;30130;9308;23822;22230;1245;289;58;10863;6220;3393;1077;173;3073;2233;713;127;1680;96834;57396;39438;31053;5753;1810;822
302;24 jaar;1997;91144;54575;36569;28373;8196;22878;21342;1211;263;62;9127;5307;2759;910;151;2840;2124;607;109;1724;91144;54575;36569;29119;5124;1605;721
303;24 jaar;1998;83948;50566;33382;26113;7269;21381;19978;1127;232;44;7825;4577;2387;733;128;2618;1887;635;96;1558;83948;50566;33382;26839;4539;1328;676
304;24 jaar;1999;81798;49897;31901;24930;6971;20503;19085;1098;270;50;7346;4285;2225;712;124;2492;1806;567;119;1560;81798;49897;31901;25531;4392;1380;598
305;24 jaar;2000;78908;48214;30694;24115;6579;19985;18539;1168;224;54;6534;3876;2007;549;102;2475;1803;556;116;1700;78908;48214;30694;24594;4360;1218;522
306;24 jaar;2001;78581;47926;30655;24139;6516;19891;18424;1158;261;48;6419;3922;1888;508;101;2552;1793;634;125;1793;78581;47926;30655;24534;4318;1244;559
307;24 jaar;2002;77393;47066;30327;23421;6906;19452;17868;1210;312;62;6091;3578;1932;491;90;2809;2015;691;103;1975;77393;47066;30327;23954;4626;1204;543
308;24 jaar;2003;78372;47855;30517;23310;7207;19419;17707;1347;309;56;6220;3743;1902;502;73;3018;2191;708;119;1860;78372;47855;30517;23981;4712;1290;534
309;24 jaar;2004;78318;48596;29722;22500;7222;18685;16973;1340;304;68;6140;3665;1910;489;76;3035;2226;666;143;1862;78318;48596;29722;23244;4583;1292;603
310;24 jaar;2005;81230;50551;30679;23046;7633;19329;17482;1426;356;65;6075;3641;1906;464;64;3352;2448;760;144;1923;81230;50551;30679;23945;4813;1372;549
311;24 jaar;2006;80999;51419;29580;22123;7457;18567;16728;1455;339;45;5671;3458;1684;452;77;3405;2472;786;147;1937;80999;51419;29580;23138;4585;1321;536
312;24 jaar;2007;79508;50806;28702;21221;7481;18035;16019;1513;436;67;5289;3199;1577;452;61;3375;2429;791;155;2003;79508;50806;28702;22215;4597;1390;500
313;24 jaar;2008;79952;51278;28674;21325;7349;18097;16067;1592;373;65;5019;3091;1456;387;85;3391;2432;782;177;2167;79952;51278;28674;22281;4681;1245;467
314;24 jaar;2009;83552;53814;29738;22139;7599;18868;16714;1656;411;87;5023;3098;1463;415;47;3520;2522;820;178;2327;83552;53814;29738;23103;4823;1319;493
315;24 jaar;2010;84858;55115;29743;22299;7444;19086;16873;1707;436;70;4999;3116;1418;405;60;3348;2437;759;152;2310;84858;55115;29743;23179;4843;1285;436
316;24 jaar;2011;87773;57856;29917;22495;7422;19178;16925;1759;418;76;4967;3134;1394;383;56;3336;2482;740;114;2436;87773;57856;29917;23571;4573;1191;582
317;24 jaar;2012;88337;59392;28945;21729;7216;18600;16398;1752;387;63;4902;3072;1367;396;67;3184;2350;706;128;2259;88337;59392;28945;22879;4417;1145;504
318;24 jaar;2013;87449;59317;28132;21234;6898;18231;16186;1575;404;66;4560;2815;1318;362;65;3108;2350;639;119;2233;87449;59317;28132;22398;4134;1118;482
319;24 jaar;2014;86445;58468;27977;21098;6879;18297;16244;1596;380;77;4389;2716;1271;345;57;3153;2336;693;124;2138;86445;58468;27977;22200;4208;1065;504
320;24 jaar;2015;89543;61506;28037;21222;6815;18617;16544;1593;396;84;4131;2601;1179;318;33;3212;2374;715;123;2077;89543;61506;28037;22413;4105;1048;471
321;24 jaar;2016;89562;62083;27479;20854;6625;18393;16413;1510;393;77;3927;2433;1135;297;62;3151;2380;656;115;2008;89562;62083;27479;22031;3946;1005;497
322;24 jaar;2017;89604;63286;26318;20253;6065;17768;15973;1369;352;74;3656;2304;1014;295;43;2918;2169;626;123;1976;89604;63286;26318;21168;3691;945;514
323;24 jaar;2018;90486;64985;25501;19743;5758;17258;15618;1259;312;69;3525;2257;934;276;58;2850;2097;647;106;1868;90486;64985;25501;20652;3534;878;437
324;24 jaar;2019;90281;65602;24679;19419;5260;16763;15377;1051;286;49;3455;2271;901;246;37;2690;1958;613;119;1771;90281;65602;24679;20187;3251;866;375
325;24 jaar;2020;87740;64081;23659;18757;4902;16286;14990;998;249;49;3233;2083;835;277;38;2456;1783;572;101;1684;87740;64081;23659;19436;3012;823;388
326;24 jaar;2021;85589;61851;23738;19436;4302;16941;15731;898;254;58;3148;2117;814;185;32;2061;1486;488;87;1588;85589;61851;23738;19818;2804;717;399
327;24 jaar;2022;87969;64081;23888;19668;4220;16955;15860;841;213;41;3130;2097;782;216;35;2092;1517;483;92;1711;87969;64081;23888;19967;2802;737;382
328;24 jaar;2023;91964;67777;24187;19813;4374;16839;15711;852;235;41;3163;2121;807;197;38;2204;1630;485;89;1981;91964;67777;24187;20130;2889;750;418
329;24 jaar;2024;93356;69629;23727;19471;4256;16419;15246;886;242;45;3190;2171;784;195;40;2064;1504;478;82;2054;93356;69629;23727;19599;2947;775;406
330;25 jaar;1995;118153;62635;55518;41611;13907;29766;27688;1615;368;95;20591;12408;5707;2116;360;3646;2514;942;190;1515;118153;62635;55518;42582;8670;3119;1147
331;25 jaar;1996;113571;60047;53524;40526;12998;30592;28469;1667;382;74;17714;10467;5008;1903;336;3628;2572;869;187;1590;113571;60047;53524;41665;7954;2880;1025
332;25 jaar;1997;108415;57967;50448;38037;12411;30038;27808;1727;404;99;15217;8672;4514;1728;303;3636;2533;911;192;1557;108415;57967;50448;39189;7493;2707;1059
333;25 jaar;1998;103140;56111;47029;35920;11109;29026;26886;1639;398;103;13088;7542;3830;1465;251;3423;2403;826;194;1492;103140;56111;47029;37050;6716;2344;919
334;25 jaar;1999;95425;52440;42985;32923;10062;26976;24944;1562;385;85;11421;6501;3452;1255;213;3110;2131;827;152;1478;95425;52440;42985;33840;6203;2110;832
335;25 jaar;2000;91364;50638;40726;31058;9668;25455;23457;1550;384;64;10684;6041;3229;1203;211;3027;2078;773;176;1560;91364;50638;40726;31837;5982;2144;763
336;25 jaar;2001;88044;49189;38855;29591;9264;24692;22596;1609;408;79;9500;5375;2956;985;184;3043;2091;781;171;1620;88044;49189;38855;30333;5824;1914;784
337;25 jaar;2002;87431;48784;38647;29363;9284;24434;22225;1722;413;74;9289;5353;2836;937;163;3139;2151;812;176;1785;87431;48784;38647;30033;6037;1844;733
338;25 jaar;2003;86738;48844;37894;28464;9430;23950;21715;1728;423;84;8799;4952;2777;917;153;3348;2288;889;171;1797;86738;48844;37894;29326;5966;1878;724
339;25 jaar;2004;87962;49773;38189;28289;9900;23891;21483;1855;470;83;9030;5087;2895;908;140;3549;2438;911;200;1719;87962;49773;38189;29223;6261;1995;710
340;25 jaar;2005;86773;49520;37253;27558;9695;23359;20943;1865;456;95;8630;4872;2745;880;133;3521;2514;808;199;1743;86773;49520;37253;28628;6015;1892;718
341;25 jaar;2006;90948;52909;38039;27957;10082;23933;21378;1919;536;100;8553;4797;2781;834;141;3771;2635;941;195;1782;90948;52909;38039;29158;6179;2012;690
342;25 jaar;2007;89237;52349;36888;26927;9961;23169;20446;2104;530;89;8059;4609;2488;810;152;3788;2610;967;211;1872;89237;52349;36888;28171;6147;1883;687
343;25 jaar;2008;88361;52104;36257;26392;9865;22857;20064;2090;582;121;7623;4375;2315;800;133;3824;2609;988;227;1953;88361;52104;36257;27593;6019;1940;705
344;25 jaar;2009;89700;53021;36679;26657;10022;23099;20141;2279;577;102;7498;4394;2202;768;134;3960;2721;963;276;2122;89700;53021;36679;27892;6183;1960;644
345;25 jaar;2010;92661;54873;37788;27460;10328;23742;20703;2283;642;114;7700;4459;2356;753;132;4048;2757;1064;227;2298;92661;54873;37788;28694;6478;1938;678
346;25 jaar;2011;94850;57497;37353;27335;10018;23564;20507;2328;627;102;7601;4418;2297;755;131;3778;2613;932;233;2410;94850;57497;37353;28551;6176;1906;720
347;25 jaar;2012;97044;59391;37653;27321;10332;23791;20679;2377;623;112;7417;4288;2283;739;107;4091;2917;963;211;2354;97044;59391;37653;28983;6193;1791;686
348;25 jaar;2013;96598;59449;37149;27316;9833;23871;20810;2364;602;95;7280;4232;2171;753;124;3724;2591;956;177;2274;96598;59449;37149;28680;6064;1766;639
349;25 jaar;2014;94727;58403;36324;26890;9434;23506;20688;2155;556;107;6828;3965;2066;683;114;3753;2715;845;193;2237;94727;58403;36324;28288;5687;1696;653
350;25 jaar;2015;95831;60025;35806;26256;9550;23317;20338;2263;592;124;6613;3827;2014;658;114;3785;2681;899;205;2091;95831;60025;35806;27684;5734;1685;703
351;25 jaar;2016;99080;62729;36351;26968;9383;23891;21103;2090;586;112;6391;3738;1941;629;83;3942;2790;951;201;2127;99080;62729;36351;28477;5584;1633;657
352;25 jaar;2017;99810;64121;35689;26633;9056;23690;20974;2050;549;117;6138;3581;1862;583;112;3783;2688;911;184;2078;99810;64121;35689;27988;5505;1525;671
353;25 jaar;2018;100206;65629;34577;26218;8359;23315;20850;1823;545;97;5769;3415;1676;569;109;3540;2472;866;202;1953;100206;65629;34577;27467;4964;1515;631
354;25 jaar;2019;99773;66169;33604;25845;7759;22700;20501;1625;471;103;5598;3429;1541;518;110;3391;2342;855;194;1915;99773;66169;33604;26923;4730;1388;563
355;25 jaar;2020;99953;66750;33203;25865;7338;22612;20655;1466;398;93;5480;3337;1578;484;81;3238;2226;827;185;1873;99953;66750;33203;26789;4581;1306;527
356;25 jaar;2021;95609;62950;32659;25941;6718;22842;20996;1350;411;85;5077;3123;1373;496;85;2918;1983;770;165;1822;95609;62950;32659;26703;4149;1261;546
357;25 jaar;2022;97399;65084;32315;26101;6214;22871;21037;1348;400;86;5093;3239;1369;412;73;2526;1729;643;154;1825;97399;65084;32315;26599;4016;1152;548
358;25 jaar;2023;99943;68093;31850;25643;6207;22164;20519;1230;361;54;5162;3248;1423;407;84;2648;1821;673;154;1876;99943;68093;31850;26140;4047;1170;493
359;25 jaar;2024;103002;70876;32126;25955;6171;22105;20411;1302;328;64;5144;3333;1332;402;77;2666;1832;684;150;2211;103002;70876;32126;26362;4076;1147;541
360;26 jaar;1995;122569;58470;64099;45933;18166;30389;27976;1792;504;117;28397;16651;7797;3308;641;4007;2618;1140;249;1306;122569;58470;64099;47094;11028;4465;1512
361;26 jaar;1996;127810;61317;66493;48237;18256;34696;31849;2135;588;124;26091;14974;7286;3232;599;4292;2846;1185;261;1414;127810;61317;66493;49683;10857;4466;1487
362;26 jaar;1997;123571;59955;63616;46523;17093;34856;32013;2172;560;111;23130;13072;6603;2920;535;4192;2810;1134;248;1438;123571;59955;63616;47953;10187;4134;1342
363;26 jaar;1998;118825;58197;60628;44409;16219;34751;31807;2257;573;114;20316;11199;5969;2629;519;4158;2758;1123;277;1403;118825;58197;60628;45878;9570;3812;1368
364;26 jaar;1999;112912;56342;56570;41672;14898;33262;30358;2192;575;137;17897;9912;5331;2237;417;4009;2644;1081;284;1402;112912;56342;56570;43083;8870;3399;1218
365;26 jaar;2000;103327;51713;51614;37996;13618;30563;27777;2142;510;134;15911;8737;4846;1973;355;3658;2355;1059;244;1482;103327;51713;51614;39042;8383;3098;1091
366;26 jaar;2001;99899;51016;48883;35642;13241;29167;26335;2168;560;104;14526;7734;4510;1900;382;3617;2342;1004;271;1573;99899;51016;48883;36593;8102;3126;1062
367;26 jaar;2002;96412;49911;46501;33856;12645;28249;25330;2200;590;129;13004;6947;4100;1645;312;3669;2403;996;270;1579;96412;49911;46501;34887;7739;2865;1010
368;26 jaar;2003;95992;49717;46275;33617;12658;28311;25266;2317;620;108;12693;6753;4125;1521;294;3673;2444;986;243;1598;95992;49717;46275;34711;7835;2746;983
369;26 jaar;2004;94509;49775;44734;32126;12608;27134;24099;2331;589;115;12142;6425;3975;1491;251;3856;2499;1103;254;1602;94509;49775;44734;33232;7830;2759;913
370;26 jaar;2005;95274;50280;44994;31984;13010;27541;24235;2501;693;112;11908;6184;4002;1460;262;3980;2638;1076;266;1565;95274;50280;44994;33240;7983;2826;945
371;26 jaar;2006;94706;50808;43898;31122;12776;26844;23535;2536;648;125;11488;5999;3796;1443;250;3978;2738;992;248;1588;94706;50808;43898;32541;7708;2750;899
372;26 jaar;2007;98364;53067;45297;32035;13262;27914;24344;2672;759;139;11398;5972;3719;1461;246;4266;2812;1181;273;1719;98364;53067;45297;33466;8058;2882;891
373;26 jaar;2008;97320;52876;44444;31187;13257;27494;23740;2852;777;125;10839;5628;3588;1368;255;4292;2884;1121;287;1819;97320;52876;44444;32677;8126;2762;879
374;26 jaar;2009;97016;53210;43806;30623;13183;26942;23069;2846;858;169;10583;5607;3328;1389;259;4334;2808;1205;321;1947;97016;53210;43806;32049;7904;2898;955
375;26 jaar;2010;97832;54048;43784;30291;13493;26721;22712;3003;850;156;10474;5534;3405;1283;252;4544;2939;1218;387;2045;97832;54048;43784;31784;8279;2795;926
376;26 jaar;2011;101413;56036;45377;31697;13680;27713;23590;3036;927;160;10864;5815;3480;1323;246;4508;2940;1243;325;2292;101413;56036;45377;33271;8318;2790;998
377;26 jaar;2012;102982;58293;44689;31078;13611;27205;23113;3051;900;141;10707;5692;3495;1286;234;4504;2955;1214;335;2273;102982;58293;44689;32791;8236;2760;902
378;26 jaar;2013;104689;59049;45640;31776;13864;28501;24209;3229;910;153;10267;5389;3404;1245;229;4694;3172;1250;272;2178;104689;59049;45640;33685;8369;2679;907
379;26 jaar;2014;103171;57957;45214;31850;13364;28596;24361;3182;882;171;10039;5388;3188;1238;225;4478;2990;1217;271;2101;103171;57957;45214;33606;8098;2630;880
380;26 jaar;2015;102757;58896;43861;31030;12831;27816;23845;3005;805;161;9487;5072;3031;1187;197;4445;3060;1111;274;2113;102757;58896;43861;32816;7702;2471;872
381;26 jaar;2016;103884;60007;43877;31134;12743;27948;24031;2898;846;173;9353;4969;3031;1153;200;4442;3013;1126;303;2134;103884;60007;43877;32846;7582;2533;916
382;26 jaar;2017;108781;63874;44907;32209;12698;28906;25149;2713;871;173;9313;4996;3022;1117;178;4624;3118;1215;291;2064;108781;63874;44907;33946;7556;2507;898
383;26 jaar;2018;109306;65300;44006;32005;12001;28598;25042;2585;821;150;9012;4978;2785;1057;192;4411;2954;1178;279;1985;109306;65300;44006;33684;7104;2403;815
384;26 jaar;2019;108867;65786;43081;31681;11400;28400;25105;2350;782;163;8519;4622;2721;973;203;4208;2805;1108;295;1954;108867;65786;43081;33160;6797;2290;834
385;26 jaar;2020;108651;66414;42237;31644;10593;28102;25123;2121;705;153;8286;4663;2516;914;193;3991;2615;1093;283;1858;108651;66414;42237;32939;6329;2133;836
386;26 jaar;2021;107208;64589;42619;32712;9907;29126;26357;1983;645;141;7877;4469;2403;830;175;3730;2452;1004;274;1886;107208;64589;42619;33855;6009;1992;763
387;26 jaar;2022;106378;64641;41737;32334;9403;28696;26030;1903;609;154;7699;4434;2269;832;164;3472;2235;1003;234;1870;106378;64641;41737;33250;5829;1887;771
388;26 jaar;2023;108646;67604;41042;32084;8958;28231;25672;1836;604;119;7750;4535;2273;794;148;3184;2097;848;239;1877;108646;67604;41042;32908;5566;1855;713
389;26 jaar;2024;109626;69249;40377;31581;8796;27269;24891;1755;520;103;7835;4589;2283;795;168;3172;2119;823;230;2101;109626;69249;40377;32224;5612;1835;706
390;27 jaar;1995;129384;55860;73524;49750;23774;30781;27948;1987;692;154;37022;20688;10468;4902;964;4607;2801;1428;378;1114;129384;55860;73524;51060;14144;6410;1910
391;27 jaar;1996;129417;56253;73164;49472;23692;33182;29925;2332;741;184;34092;18327;9999;4775;991;4670;2942;1359;369;1220;129417;56253;73164;51102;13822;6224;2016
392;27 jaar;1997;135276;59690;75586;52059;23527;37222;33582;2661;810;169;32185;17156;9441;4651;937;4858;3105;1383;370;1321;135276;59690;75586;53760;13705;6187;1934
393;27 jaar;1998;131617;58853;72764;50495;22269;37688;33917;2786;820;165;28999;15293;8662;4150;894;4792;3005;1436;351;1285;131617;58853;72764;52176;13028;5689;1871
394;27 jaar;1999;126544;56917;69627;48341;21286;37569;33587;2972;843;167;26080;13462;7958;3825;835;4686;2959;1348;379;1292;126544;56917;69627;50013;12432;5383;1799
395;27 jaar;2000;119560;54930;64630;45007;19623;35405;31512;2913;800;180;23292;12077;7188;3296;731;4515;2803;1315;397;1418;119560;54930;64630;46526;11624;4803;1677
396;27 jaar;2001;110260;51109;59151;40748;18403;32655;28850;2866;781;158;20723;10490;6571;3043;619;4365;2701;1305;359;1408;110260;51109;59151;42095;11053;4515;1488
397;27 jaar;2002;106586;50741;55845;38275;17570;31721;27818;2957;794;152;18441;8988;6027;2815;611;4214;2585;1245;384;1469;106586;50741;55845;39532;10542;4304;1467
398;27 jaar;2003;102516;49186;53330;36620;16710;30682;26796;2917;782;187;17010;8389;5585;2510;526;4203;2630;1208;365;1435;102516;49186;53330;38001;9990;3998;1341
399;27 jaar;2004;101993;49571;52422;35771;16651;30227;26250;2974;841;162;16554;8086;5543;2420;505;4206;2659;1208;339;1435;101993;49571;52422;37158;9933;4002;1329
400;27 jaar;2005;100122;49193;50929;34431;16498;29520;25516;3003;834;167;15656;7503;5413;2279;461;4341;2700;1322;319;1412;100122;49193;50929;35826;10011;3800;1292
401;27 jaar;2006;101642;50623;51019;34256;16763;29911;25549;3234;972;156;15224;7274;5247;2258;445;4451;2842;1266;343;1433;101642;50623;51019;35823;10030;3915;1251
402;27 jaar;2007;100430;50369;50061;33613;16448;29470;25116;3184;986;184;14738;7070;4929;2308;431;4426;2887;1216;323;1427;100430;50369;50061;35240;9630;3969;1222
403;27 jaar;2008;104695;52753;51942;34764;17178;30835;26025;3523;1092;195;14691;7039;4929;2317;406;4716;3011;1353;352;1700;104695;52753;51942;36498;10148;4103;1193
404;27 jaar;2009;104081;52806;51275;33899;17376;30252;25250;3651;1171;180;14376;6869;4879;2158;470;4867;3137;1348;382;1780;104081;52806;51275;35709;10285;4041;1240
405;27 jaar;2010;103238;52647;50591;33067;17524;29610;24457;3701;1223;229;14073;6715;4709;2207;442;5013;3126;1460;427;1895;103238;52647;50591;34861;10286;4144;1300
406;27 jaar;2011;104343;53714;50629;33125;17504;29561;24295;3831;1215;220;14030;6707;4794;2084;445;4915;2998;1447;470;2123;104343;53714;50629;34808;10530;3970;1321
407;27 jaar;2012;107669;56022;51647;33908;17739;30086;24778;3793;1284;231;14228;6987;4661;2134;446;5190;3273;1485;432;2143;107669;56022;51647;35924;10386;3998;1339
408;27 jaar;2013;108402;56544;51858;33824;18034;30619;25078;4073;1247;221;13894;6650;4802;2027;415;5249;3273;1513;463;2096;108402;56544;51858;35911;10800;3912;1235
409;27 jaar;2014;109222;56301;52921;34897;18024;32107;26435;4103;1322;247;13405;6411;4588;2006;400;5358;3448;1524;386;2051;109222;56301;52921;37079;10677;3914;1251
410;27 jaar;2015;109511;57333;52178;34573;17605;31702;26183;3994;1284;241;13310;6417;4459;2030;404;5193;3343;1488;362;1973;109511;57333;52178;36693;10332;3918;1235
411;27 jaar;2016;108951;57918;51033;34124;16909;31156;26111;3689;1151;205;12652;6028;4312;1940;372;5240;3467;1398;375;1985;108951;57918;51033;36312;9854;3698;1169
412;27 jaar;2017;111149;59987;51162;34297;16865;31183;26154;3584;1191;254;12758;6111;4386;1881;380;5189;3339;1439;411;2032;111149;59987;51162;36301;9885;3696;1280
413;27 jaar;2018;116364;63363;53001;36344;16657;32846;27976;3421;1233;216;12858;6374;4246;1905;333;5303;3369;1494;440;1994;116364;63363;53001;38411;9690;3750;1150
414;27 jaar;2019;116961;64583;52378;36555;15823;32891;28277;3232;1138;244;12460;6319;4037;1735;369;5068;3232;1438;398;1959;116961;64583;52378;38499;9211;3488;1180
415;27 jaar;2020;116754;65248;51506;36475;15031;32838;28531;3002;1075;230;11909;6022;3931;1615;341;4837;3054;1363;420;1922;116754;65248;51506;38174;8809;3378;1145
416;27 jaar;2021;114857;63472;51385;37250;14135;33743;29716;2837;969;221;11196;5675;3667;1514;340;4587;2826;1352;409;1859;114857;63472;51385;38709;8393;3151;1132
417;27 jaar;2022;116875;65275;51600;37972;13628;34252;30386;2702;961;203;11139;5684;3660;1491;304;4307;2635;1288;384;1902;116875;65275;51600;39337;8179;3080;1004
418;27 jaar;2023;116789;66640;50149;37105;13044;32958;29318;2591;847;202;11126;5915;3504;1395;312;4193;2611;1232;350;1872;116789;66640;50149;38421;7850;2809;1069
419;27 jaar;2024;116900;67846;49054;36801;12253;32376;28930;2419;844;183;10967;5908;3430;1321;308;3748;2349;1072;327;1963;116900;67846;49054;37861;7487;2725;981
420;28 jaar;1995;135978;53447;82531;50209;32322;29207;26064;2144;825;174;47193;23143;14167;8085;1798;5129;2938;1664;527;1002;135978;53447;82531;51771;17983;9745;3032
421;28 jaar;1996;134072;53255;80817;50690;30127;31921;28267;2512;937;205;42587;21354;12851;6885;1497;5240;3016;1691;533;1069;134072;53255;80817;52376;17161;8670;2610
422;28 jaar;1997;134623;53925;80698;50799;29899;34140;29983;2922;1022;213;40198;19730;12217;6736;1515;5274;3114;1669;491;1086;134623;53925;80698;52672;16890;8501;2635
423;28 jaar;1998;141115;57501;83614;53446;30168;38281;33614;3377;1077;213;38636;18708;12065;6434;1429;5573;3388;1676;509;1124;141115;57501;83614;55527;17156;8332;2599
424;28 jaar;1999;137738;57189;80549;51592;28957;38264;33391;3510;1142;221;35652;17004;11358;5898;1392;5436;3203;1755;478;1197;137738;57189;80549;53459;16692;7866;2532
425;28 jaar;2000;131526;54807;76719;48997;27722;37948;32703;3852;1168;225;32152;15037;10413;5457;1245;5362;3200;1655;507;1257;131526;54807;76719;50862;16020;7433;2404
426;28 jaar;2001;124921;53661;71260;45487;25773;35698;30606;3739;1120;233;28928;13511;9437;4879;1101;5264;3112;1609;543;1370;124921;53661;71260;47287;14962;6781;2230
427;28 jaar;2002;115491;50047;65444;41357;24087;33659;28624;3707;1097;231;25341;11352;8634;4395;960;5063;3042;1543;478;1381;115491;50047;65444;43108;14030;6318;1988
428;28 jaar;2003;111440;49467;61973;39242;22731;32554;27519;3732;1105;198;23233;10375;7831;4089;938;4838;2819;1516;503;1348;111440;49467;61973;40763;13247;5973;1990
429;28 jaar;2004;106941;48484;58457;36723;21734;31128;26065;3702;1146;215;21344;9433;7418;3640;853;4760;2850;1414;496;1225;106941;48484;58457;38371;12713;5522;1851
430;28 jaar;2005;105630;48038;57592;36183;21409;31223;26004;3818;1162;239;20324;8859;7130;3566;769;4725;2851;1445;429;1320;105630;48038;57592;37765;12551;5506;1770
431;28 jaar;2006;104283;48548;55735;34549;21186;30315;25029;3884;1180;222;19290;8254;6845;3452;739;4864;2889;1563;412;1266;104283;48548;55735;36321;12332;5404;1678
432;28 jaar;2007;105535;49378;56157;34796;21361;30980;25282;4105;1356;237;18874;8144;6628;3414;688;4933;3036;1476;421;1370;105535;49378;56157;36674;12326;5529;1628
433;28 jaar;2008;104498;49052;55446;34283;21163;30849;25083;4101;1418;247;18326;7814;6427;3347;738;4885;3005;1449;431;1386;104498;49052;55446;36125;12125;5506;1690
434;28 jaar;2009;109411;51749;57662;35585;22077;32154;25853;4473;1548;280;18686;8093;6383;3467;743;5183;3186;1558;439;1639;109411;51749;57662;37562;12626;5758;1716
435;28 jaar;2010;108630;51650;56980;34551;22429;31483;25006;4513;1702;262;18339;7875;6256;3441;767;5488;3348;1635;505;1670;108630;51650;56980;36684;12679;5891;1726
436;28 jaar;2011;108107;51569;56538;34286;22252;31204;24608;4537;1708;351;18107;7770;6300;3287;750;5319;3165;1591;563;1908;108107;51569;56538;36198;12722;5740;1878
437;28 jaar;2012;108443;52737;55706;33371;22335;30556;24007;4534;1702;313;17614;7422;6287;3210;695;5594;3304;1723;567;1942;108443;52737;55706;35486;12913;5593;1714
438;28 jaar;2013;111388;53901;57487;34665;22822;31783;24994;4687;1777;325;17911;7742;6214;3230;725;5864;3547;1787;530;1929;111388;53901;57487;37059;13020;5681;1727
439;28 jaar;2014;111299;53426;57873;34834;23039;32697;25595;5000;1785;317;17246;7325;6078;3180;663;6016;3610;1805;601;1914;111299;53426;57873;37270;13200;5747;1656
440;28 jaar;2015;113667;54868;58799;35540;23259;33675;26400;5071;1847;357;17157;7296;6046;3175;640;6123;3738;1829;556;1844;113667;54868;58799;38052;13284;5764;1699
441;28 jaar;2016;114170;55232;58938;36271;22667;33993;27108;4790;1774;321;17124;7335;6000;3103;686;5993;3651;1839;503;1828;114170;55232;58938;38765;12932;5525;1716
442;28 jaar;2017;114469;56670;57799;36088;21711;33516;27018;4526;1687;285;16563;7218;5747;2963;635;5868;3653;1746;469;1852;114469;56670;57799;38496;12389;5260;1654
443;28 jaar;2018;116869;58721;58148;36581;21567;33757;27476;4325;1637;319;16709;7241;5906;2908;654;5818;3547;1713;558;1864;116869;58721;58148;38919;12244;5239;1746
444;28 jaar;2019;122438;61931;60507;39111;21396;35756;29691;4096;1650;319;16974;7617;5740;3005;612;5974;3623;1767;584;1803;122438;61931;60507;41581;11947;5338;1641
445;28 jaar;2020;123354;63196;60158;39593;20565;36069;30137;4064;1543;325;16497;7620;5636;2632;609;5756;3449;1759;548;1836;123354;63196;60158;41881;11808;4854;1615
446;28 jaar;2021;121372;61690;59682;40249;19433;37125;31509;3834;1460;322;15333;6930;5276;2541;586;5414;3278;1598;538;1810;121372;61690;59682;42250;11134;4714;1584
447;28 jaar;2022;122641;63350;59291;40627;18664;37195;31801;3647;1417;330;15156;7044;5152;2383;577;5158;3031;1597;530;1782;122641;63350;59291;42448;10813;4493;1537
448;28 jaar;2023;125495;65979;59516;41264;18252;37186;32112;3489;1294;291;15559;7372;5253;2388;546;4991;2925;1545;521;1780;125495;65979;59516;42994;10664;4383;1475
449;28 jaar;2024;123270;65790;57480;40395;17085;35923;31060;3369;1205;289;14923;7430;4762;2203;528;4729;2835;1396;498;1905;123270;65790;57480;41949;10019;4071;1441
450;29 jaar;1995;141975;50672;91303;49637;41666;27441;23845;2333;1014;249;56959;24815;17545;11663;2936;5926;3299;1963;664;977;141975;50672;91303;51557;21903;13558;4285
451;29 jaar;1996;138939;50514;88425;48631;39794;29228;25229;2707;1060;232;52302;22483;16353;10834;2632;5976;3340;1977;659;919;138939;50514;88425;50778;20985;12667;3995
452;29 jaar;1997;137273;50624;86649;49278;37371;31671;27081;3168;1171;251;48241;21253;15259;9536;2193;5793;3178;1943;672;944;137273;50624;86649;51192;20406;11611;3440
453;29 jaar;1998;138610;51771;86839;49607;37232;33905;28828;3479;1294;304;46125;19840;14810;9283;2192;5870;3356;1860;654;939;138610;51771;86839;51787;20114;11389;3549
454;29 jaar;1999;145284;55334;89950;51869;38081;37471;31520;4129;1534;288;45180;19275;14879;8914;2112;6225;3573;1997;655;1074;145284;55334;89950;54161;21033;11239;3517
455;29 jaar;2000;141016;54137;86879;50067;36812;37485;31226;4464;1512;283;42135;17678;14229;8182;2046;6096;3391;2039;666;1163;141016;54137;86879;52098;20783;10616;3382
456;29 jaar;2001;135426;52912;82514;47180;35334;36910;30211;4848;1540;311;38303;15780;13042;7596;1885;6112;3478;1979;655;1189;135426;52912;82514;49337;19912;10001;3264
457;29 jaar;2002;129116;52186;76930;43939;32991;35646;28952;4759;1619;316;34003;13745;11790;6818;1650;6039;3429;1916;694;1242;129116;52186;76930;46086;18559;9259;3026
458;29 jaar;2003;118864;48248;70616;40035;30581;33272;26807;4687;1470;308;30335;12026;10579;6253;1477;5807;3299;1847;661;1202;118864;48248;70616;42135;17110;8642;2729
459;29 jaar;2004;114476;47907;66569;37803;28766;32065;25668;4591;1529;277;27884;10982;9740;5759;1403;5467;3012;1828;627;1153;114476;47907;66569;39619;16147;8152;2651
460;29 jaar;2005;109558;46612;62946;35574;27372;31080;24620;4616;1564;280;25425;9860;9069;5232;1264;5347;3049;1699;599;1094;109558;46612;62946;37507;15372;7663;2404
461;29 jaar;2006;108427;47003;61424;34639;26785;30920;24329;4659;1629;303;24108;9241;8602;5090;1175;5327;3148;1649;530;1069;108427;47003;61424;36710;14886;7495;2333
462;29 jaar;2007;106796;46616;60180;33672;26508;30521;23732;4822;1687;280;23101;8818;8190;4936;1157;5436;3083;1816;537;1122;106796;46616;60180;35722;14817;7396;2245
463;29 jaar;2008;108516;47830;60686;33977;26709;31376;24093;5083;1871;329;22681;8604;8077;4918;1082;5349;3140;1686;523;1280;108516;47830;60686;36068;14840;7582;2196
464;29 jaar;2009;108237;47763;60474;33658;26816;31141;23746;5114;1947;334;22525;8568;7904;4917;1136;5464;3188;1714;562;1344;108237;47763;60474;35771;14777;7607;2319
465;29 jaar;2010;113109;50321;62788;34686;28102;32368;24355;5502;2153;358;23064;8835;8011;5044;1174;5860;3436;1817;607;1496;113109;50321;62788;36940;15511;7982;2355
466;29 jaar;2011;112522;49738;62784;34590;28194;32567;24398;5532;2257;380;22604;8452;7951;4980;1221;5873;3402;1851;620;1740;112522;49738;62784;36793;15641;7913;2437
467;29 jaar;2012;110975;50201;60774;33015;27759;31278;23244;5352;2227;455;21844;8079;7767;4828;1170;5960;3432;1885;643;1692;110975;50201;60774;35358;15212;7740;2464
468;29 jaar;2013;110688;50187;60501;32639;27862;31039;22911;5476;2206;446;21396;7999;7519;4798;1080;6337;3629;2004;704;1729;110688;50187;60501;35169;15240;7780;2312
469;29 jaar;2014;113172;50552;62620;34015;28605;32714;24168;5690;2411;445;21622;8108;7748;4652;1114;6545;3842;2024;679;1739;113172;50552;62620;36700;15722;7864;2334
470;29 jaar;2015;114701;51768;62933;34098;28835;33308;24430;5934;2518;426;21144;7923;7546;4613;1062;6736;3858;2104;774;1745;114701;51768;62933;36794;15866;8008;2265
471;29 jaar;2016;116920;52231;64689;35517;29172;34733;25823;5890;2562;458;21385;8044;7700;4615;1026;6921;4048;2129;744;1650;116920;52231;64689;38380;15943;8004;2362
472;29 jaar;2017;118121;53541;64580;36202;28378;34873;26315;5676;2404;478;21300;8215;7500;4519;1066;6735;3847;2231;657;1672;118121;53541;64580;38892;15607;7649;2432
473;29 jaar;2018;118737;54675;64062;36636;27426;34950;26959;5318;2259;414;20831;8038;7446;4321;1026;6642;3855;2137;650;1639;118737;54675;64062;39351;15162;7286;2263
474;29 jaar;2019;121418;56776;64642;37570;27072;35200;27619;4992;2174;415;21107;8249;7501;4306;1051;6633;3857;2076;700;1702;121418;56776;64642;40265;14801;7234;2342
475;29 jaar;2020;127211;59964;67247;40153;27094;37236;29686;4921;2190;439;21707;8796;7530;4358;1023;6633;3846;2054;733;1671;127211;59964;67247;42907;14748;7305;2287
476;29 jaar;2021;126888;59525;67363;41499;25864;38941;31536;4850;2097;458;20275;8212;7224;3891;948;6396;3653;2018;725;1751;126888;59525;67363;43953;14403;6809;2198
477;29 jaar;2022;127341;60993;66348;41007;25341;38768;31478;4735;2104;451;19789;7839;7145;3855;950;6101;3508;1886;707;1690;127341;60993;66348;43345;14105;6770;2128
478;29 jaar;2023;129421;63194;66227;41722;24505;38663;31669;4615;1923;456;19991;8416;7012;3596;967;5936;3322;1928;686;1637;129421;63194;66227;43923;13815;6295;2194
479;29 jaar;2024;130825;64519;66306;42697;23609;38722;32167;4468;1691;396;20096;8733;6817;3662;884;5691;3190;1809;692;1797;130825;64519;66306;44672;13463;6138;2033
480;30 jaar;1995;147303;48563;98740;45704;53036;24943;20815;2618;1197;313;66027;23997;20650;16815;4565;6878;3537;2428;913;892;147303;48563;98740;47960;25636;18900;6244
481;30 jaar;1996;143918;47989;95929;46032;49897;26777;22262;2930;1248;337;61580;22882;19561;15141;3996;6684;3545;2323;816;888;143918;47989;95929;48387;24745;17208;5589
482;30 jaar;1997;140839;47617;93222;45627;47595;28324;23366;3233;1413;312;57576;21447;18351;14093;3685;6508;3420;2267;821;814;140839;47617;93222;47958;23763;16288;5213
483;30 jaar;1998;139812;48306;91506;45999;45507;30415;24844;3732;1493;346;53809;20320;17695;12658;3136;6447;3418;2227;802;835;139812;48306;91506;48318;23554;15012;4622
484;30 jaar;1999;141516;49358;92158;46191;45967;32547;26210;4282;1691;364;52142;19096;17600;12315;3131;6584;3612;2159;813;885;141516;49358;92158;48695;23918;14826;4719
485;30 jaar;2000;147760;52212;95548;48226;47322;35900;28472;5063;1962;403;51668;18718;17810;12040;3100;6944;3774;2331;839;1036;147760;52212;95548;50777;25141;14808;4822
486;30 jaar;2001;144116;52125;91991;46063;45928;35696;27895;5427;1987;387;48224;17052;17086;11197;2889;6955;3777;2303;875;1116;144116;52125;91991;48585;24756;14089;4561
487;30 jaar;2002;138500;50877;87623;43928;43695;36092;27677;5829;2182;404;43379;15073;15250;10361;2695;6974;3779;2376;819;1178;138500;50877;87623;46505;23399;13366;4353
488;30 jaar;2003;131269;49477;81792;41022;40770;34517;26259;5736;2144;378;39338;13608;14057;9321;2352;6782;3685;2234;863;1155;131269;49477;81792;43495;22022;12321;3954
489;30 jaar;2004;120886;46222;74664;36976;37688;31944;24007;5466;2082;389;35100;11858;12603;8486;2153;6509;3616;2086;807;1111;120886;46222;74664;39472;20072;11447;3673
490;30 jaar;2005;116011;45432;70579;35344;35235;31223;23420;5355;2099;349;32175;10891;11458;7859;1967;6148;3298;2099;751;1033;116011;45432;70579;37584;18783;10802;3410
491;30 jaar;2006;111292;44881;66411;32932;33479;30139;22248;5450;2052;389;29328;9692;10601;7178;1857;5952;3301;1932;719;992;111292;44881;66411;35219;17883;10053;3256
492;30 jaar;2007;109827;44796;65031;32358;32673;30345;22122;5535;2262;426;27980;9295;9943;6959;1783;5765;3264;1851;650;941;109827;44796;65031;34672;17209;9947;3203
493;30 jaar;2008;108504;44335;64169;31694;32475;30073;21621;5673;2381;398;27073;8987;9588;6799;1699;5937;3261;2006;670;1086;108504;44335;64169;33992;17188;9961;3028
494;30 jaar;2009;110796;45956;64840;31858;32982;30730;21718;6055;2527;430;26965;8899;9562;6826;1678;5904;3320;1923;661;1241;110796;45956;64840;34221;17435;10108;3076
495;30 jaar;2010;110551;45534;65017;31585;33432;30686;21490;6097;2643;456;26926;8849;9461;6866;1750;6159;3484;1987;688;1246;110551;45534;65017;34079;17507;10250;3181
496;30 jaar;2011;115808;47907;67901;33301;34600;32466;22630;6383;2985;468;27507;9154;9597;6975;1781;6411;3582;2087;742;1517;115808;47907;67901;35703;18272;10771;3155
497;30 jaar;2012;114615;47983;66632;32017;34615;31868;21966;6397;2988;517;26582;8520;9491;6774;1797;6651;3717;2175;759;1531;114615;47983;66632;34707;18240;10489;3196
498;30 jaar;2013;112567;47754;64813;30754;34059;30909;21139;6223;2974;573;25694;8189;9106;6709;1690;6784;3747;2245;792;1426;112567;47754;64813;33566;17682;10402;3163
499;30 jaar;2014;111637;46874;64763;30850;33913;31267;21437;6325;2942;563;24962;7964;8801;6557;1640;7085;3883;2356;846;1449;111637;46874;64763;33704;17638;10353;3068
500;30 jaar;2015;115310;48354;66956;31869;35087;32618;22191;6678;3140;609;25482;8196;9183;6428;1675;7374;4151;2357;866;1482;115310;48354;66956;34950;18391;10414;3201
501;30 jaar;2016;116761;48839;67922;32807;35115;33485;22965;6626;3357;537;25330;8256;8921;6534;1619;7521;4081;2466;974;1586;116761;48839;67922;35806;18094;10850;3172
502;30 jaar;2017;119397;49875;69522;33906;35616;34700;24074;6745;3276;605;25781;8425;9241;6525;1590;7634;4201;2514;919;1407;119397;49875;69522;37056;18528;10685;3253
503;30 jaar;2018;121017;50979;70038;35175;34863;35251;25006;6523;3120;602;25853;8656;9238;6309;1650;7421;4033;2528;860;1513;121017;50979;70038;38142;18378;10247;3271
504;30 jaar;2019;122063;52354;69709;35996;33713;35182;25608;6070;2943;561;25609;8819;9143;6061;1586;7349;4014;2485;850;1569;122063;52354;69709;38917;17879;9804;3109
505;30 jaar;2020;125204;54572;70632;37058;33574;35718;26488;5824;2854;552;25916;9063;9240;6046;1567;7491;4199;2376;916;1507;125204;54572;70632;40166;17545;9781;3140
506;30 jaar;2021;130036;56457;73579;39945;33634;38782;29412;5916;2845;609;25789;8942;9304;5975;1568;7417;4121;2390;906;1591;130036;56457;73579;42878;17880;9702;3119
507;30 jaar;2022;131603;58038;73565;40690;32875;39632;30144;6014;2831;643;25203;8949;8992;5768;1494;7133;3903;2341;889;1597;131603;58038;73565;43447;17586;9478;3054
508;30 jaar;2023;132732;59919;72813;40726;32087;38972;29980;5722;2686;584;25276;9162;9169;5450;1495;6981;3919;2160;902;1584;132732;59919;72813;43488;17347;9010;2968
509;30 jaar;2024;132989;60950;72039;41363;30676;38719;30138;5505;2475;601;24965;9601;8778;5156;1430;6731;3653;2211;867;1624;132989;60950;72039;43835;16781;8527;2896
510;31 jaar;1995;146710;44850;101860;40135;61725;21774;17494;2650;1311;319;71815;21911;21727;21853;6324;7541;3677;2782;1082;730;146710;44850;101860;42657;27133;24084;7986
511;31 jaar;1996;148636;45931;102705;41612;61093;24586;19484;3163;1531;408;69750;21351;21561;20724;6114;7592;3709;2734;1149;777;148636;45931;102705;44227;27355;23134;7989
512;31 jaar;1997;145181;45222;99959;41987;57972;25882;20473;3414;1593;402;65949;20727;20887;19044;5291;7341;3690;2647;1004;787;145181;45222;99959;44641;26816;21476;7026
513;31 jaar;1998;142673;45199;97474;41685;55789;27282;21360;3835;1728;359;62291;19601;20000;17678;5012;7177;3668;2542;967;724;142673;45199;97474;44327;26210;20201;6736
514;31 jaar;1999;141819;45694;96125;41537;54588;29262;22379;4465;1966;452;58880;18343;19903;16257;4377;7168;3619;2529;1020;815;141819;45694;96125;44113;26786;19106;6120
515;31 jaar;2000;142878;46421;96457;41478;54979;30714;23080;5020;2174;440;57460;17459;19814;15890;4297;7344;3808;2529;1007;939;142878;46421;96457;44188;27222;18923;6124
516;31 jaar;2001;149887;50015;99872;43194;56678;33920;24868;6041;2505;506;57215;17387;19708;15778;4342;7798;4075;2724;999;939;149887;50015;99872;46156;28280;19142;6294
517;31 jaar;2002;146636;50264;96372;41472;54900;34574;24950;6483;2649;492;52948;15485;18709;14806;3948;7813;4097;2674;1042;1037;146636;50264;96372;44427;27683;18353;5909
518;31 jaar;2003;140123;48343;91780;39648;52132;34506;24438;6687;2869;512;48466;14214;16910;13552;3790;7812;4062;2742;1008;996;140123;48343;91780;42665;26106;17335;5674
519;31 jaar;2004;132584;47314;85270;36528;48742;32789;22749;6656;2885;499;43949;12780;15411;12499;3259;7533;3937;2584;1012;999;132584;47314;85270;39346;24525;16300;5099
520;31 jaar;2005;121769;43811;77958;33200;44758;30865;21237;6360;2789;479;39047;11038;13717;11279;3013;7121;3772;2403;946;925;121769;43811;77958;36024;22244;14967;4723
521;31 jaar;2006;117174;43482;73692;31857;41835;30154;20670;6175;2799;510;35931;10297;12584;10318;2732;6717;3484;2381;852;890;117174;43482;73692;34368;20931;13966;4427
522;31 jaar;2007;111916;42368;69548;29736;39812;29119;19630;6212;2774;503;33099;9260;11706;9502;2631;6484;3490;2177;817;846;111916;42368;69548;32326;19905;13101;4216
523;31 jaar;2008;110702;42172;68530;29791;38739;29782;19871;6302;3064;545;31608;9011;10896;9168;2533;6231;3358;2103;770;909;110702;42172;68530;32316;19129;12938;4147
524;31 jaar;2009;110184;42198;67986;29158;38828;29422;19290;6372;3212;548;30899;8799;10543;9120;2437;6596;3533;2242;821;1069;110184;42198;67986;31838;18955;13140;4053
525;31 jaar;2010;112261;43633;68628;29076;39552;29940;19164;6853;3344;579;30970;8732;10665;9090;2483;6538;3568;2171;799;1180;112261;43633;68628;31748;19594;13183;4103
526;31 jaar;2011;112488;43218;69270;29188;40082;30351;19229;7012;3508;602;30927;8695;10603;9143;2486;6728;3683;2219;826;1264;112488;43218;69270;31878;19949;13382;4061
527;31 jaar;2012;117206;45914;71292;29838;41454;31434;19748;7220;3815;651;31371;8802;10762;9287;2520;7199;3908;2415;876;1288;117206;45914;71292;32744;20524;13902;4122
528;31 jaar;2013;115263;45156;70107;29059;41048;31211;19516;7192;3816;687;30187;8198;10534;8860;2595;7364;4004;2464;896;1345;115263;45156;70107;32142;20246;13476;4243
529;31 jaar;2014;112994;44376;68618;28230;40388;30804;19176;7088;3837;703;29048;7828;10029;8813;2378;7540;4046;2486;1008;1226;112994;44376;68618;31428;19649;13484;4057
530;31 jaar;2015;112967;44555;68412;28109;40303;30864;19134;7173;3809;748;28488;7706;9869;8543;2370;7791;4178;2580;1033;1269;112967;44555;68412;31330;19668;13254;4160
531;31 jaar;2016;116374;45483;70891;29398;41493;31973;19920;7295;3987;771;29271;8087;10230;8548;2406;8256;4460;2739;1057;1391;116374;45483;70891;32864;20339;13418;4270
532;31 jaar;2017;118493;46402;72091;30440;41651;33022;20765;7281;4229;747;29485;8337;10158;8604;2386;8246;4341;2727;1178;1338;118493;46402;72091;33831;20095;13854;4311
533;31 jaar;2018;121315;47084;74231;31775;42456;34216;22031;7238;4162;785;30335;8513;10763;8709;2350;8449;4471;2859;1119;1231;121315;47084;74231;35273;20842;13813;4303
534;31 jaar;2019;123470;48552;74918;33238;41680;34785;22942;7050;3980;813;30436;8899;10665;8474;2398;8300;4338;2890;1072;1397;123470;48552;74918;36569;20616;13408;4325
535;31 jaar;2020;124962;50021;74941;34311;40630;34997;23739;6825;3694;739;30400;9188;10779;8122;2311;8160;4283;2826;1051;1384;124962;50021;74941;37547;20543;12748;4103
536;31 jaar;2021;127024;51220;75804;35390;40414;36360;25258;6671;3696;735;29842;8733;10830;7999;2280;8203;4411;2664;1128;1399;127024;51220;75804;38729;20246;12675;4154
537;31 jaar;2022;133483;54579;78904;37310;41594;38601;26844;7231;3678;848;30746;9070;11216;8111;2349;8161;4385;2654;1122;1396;133483;54579;78904;40622;21242;12759;4281
538;31 jaar;2023;135955;56799;79156;38437;40719;38822;27281;7107;3618;816;30777;9692;11059;7817;2209;8093;4298;2690;1105;1464;135955;56799;79156;41606;21019;12385;4146
539;31 jaar;2024;135443;57246;78197;39099;39098;38345;27556;6690;3369;730;30456;10003;10728;7584;2141;7856;4249;2517;1090;1540;135443;57246;78197;42190;20193;11958;3856
540;32 jaar;1995;144610;41068;103542;34077;69465;18898;14584;2560;1373;381;76071;18795;21570;26849;8857;7875;3596;3023;1256;698;144610;41068;103542;36676;27094;29046;10726
541;32 jaar;1996;147322;42258;105064;35920;69144;21424;16263;3106;1672;383;74734;18967;21560;26005;8202;8216;3864;3085;1267;690;147322;42258;105064;38774;27682;28596;10012
542;32 jaar;1997;149323;43593;105730;37246;68484;23667;17765;3544;1866;492;73140;18761;21664;24858;7857;8203;3902;2995;1306;720;149323;43593;105730;40204;27988;27641;9897
543;32 jaar;1998;146648;43323;103325;37323;66002;24848;18419;3927;2037;465;69714;18174;21552;23171;6817;8033;3937;2952;1144;730;146648;43323;103325;40326;28272;26055;8672
544;32 jaar;1999;143863;42744;101119;36923;64196;25997;19034;4363;2131;469;66523;17147;21101;21647;6628;7857;3907;2831;1119;742;143863;42744;101119;39899;28084;24603;8533
545;32 jaar;2000;142776;43281;99495;36505;62990;27360;19341;4998;2460;561;63349;16327;20718;20471;5833;7949;3899;2854;1196;837;142776;43281;99495;39417;28355;23846;7877
546;32 jaar;2001;144282;44416;99866;36484;63382;29169;20215;5624;2783;547;61691;15382;20315;20212;5782;8119;4095;2832;1192;887;144282;44416;99866;39595;28543;23899;7829
547;32 jaar;2002;151512;47713;103799;38111;65688;32721;21998;6758;3301;664;61381;15228;20435;19977;5741;8812;4491;3120;1201;885;151512;47713;103799;41558;30089;24170;7982
548;32 jaar;2003;147673;47626;100047;36758;63289;33006;21770;7139;3450;647;57403;14017;19200;18873;5313;8667;4385;3038;1244;971;147673;47626;100047;40075;29095;23307;7570
549;32 jaar;2004;140799;45902;94897;34663;60234;32667;20898;7378;3734;657;52762;12855;17625;17305;4977;8558;4334;3055;1169;910;140799;45902;94897;38008;27762;21949;7178
550;32 jaar;2005;132834;44391;88443;32341;56102;31676;20014;7248;3775;639;47577;11452;15924;15799;4402;8315;4230;2945;1140;875;132834;44391;88443;35574;25866;20523;6480
551;32 jaar;2006;122241;41526;80715;29527;51188;29763;18657;6842;3616;648;42379;10029;14168;14039;4143;7732;3963;2717;1052;841;122241;41526;80715;32589;23535;18506;6085
552;32 jaar;2007;117245;40879;76366;28186;48180;29177;18010;6819;3672;676;39171;9358;12913;13186;3714;7200;3659;2563;978;818;117245;40879;76366;31018;22013;17639;5696
553;32 jaar;2008;112533;40070;72463;26650;45813;28289;17123;6759;3750;657;36318;8704;11901;12112;3601;7033;3660;2432;941;823;112533;40070;72463;29478;20872;16696;5417
554;32 jaar;2009;111847;40090;71757;26522;45235;28843;17208;6973;3948;714;35147;8418;11460;11726;3543;6871;3551;2395;925;896;111847;40090;71757;29273;20608;16463;5413
555;32 jaar;2010;111511;40390;71121;25707;45414;28435;16607;6949;4135;744;34343;8113;11214;11600;3416;7356;3830;2569;957;987;111511;40390;71121;28760;20507;16523;5331
556;32 jaar;2011;113477;41145;72332;26343;45989;29530;17091;7317;4345;777;34595;8188;11263;11778;3366;7143;3798;2396;949;1064;113477;41145;72332;29215;21073;16827;5217
557;32 jaar;2012;113443;41352;72091;25590;46501;29154;16528;7383;4458;785;34310;7957;11273;11634;3446;7522;4027;2502;993;1105;113443;41352;72091;28800;21142;16891;5258
558;32 jaar;2013;117858;43364;74494;26431;48063;30633;17213;7735;4840;845;34653;8091;11253;11822;3487;8081;4256;2774;1051;1127;117858;43364;74494;29807;21779;17514;5394
559;32 jaar;2014;115314;41964;73350;26020;47330;30648;17237;7622;4889;900;33221;7631;10931;11206;3453;8329;4437;2805;1087;1152;115314;41964;73350;29602;21375;16977;5396
560;32 jaar;2015;113896;42128;71768;24954;46814;29919;16570;7615;4807;927;32299;7278;10596;11142;3283;8444;4330;2903;1211;1106;113896;42128;71768;28421;21091;16886;5370
561;32 jaar;2016;113911;41900;72011;25412;46599;30274;17007;7487;4828;952;31907;7296;10553;10794;3264;8721;4515;2945;1261;1109;113911;41900;72011;29085;20947;16579;5400
562;32 jaar;2017;117772;43192;74580;26690;47890;31378;17662;7721;4985;1010;33060;7806;10987;10951;3316;8920;4594;3040;1286;1222;117772;43192;74580;30364;21699;16897;5620
563;32 jaar;2018;120138;44143;75995;27676;48319;32200;18395;7667;5170;968;33494;8132;11041;11053;3268;9152;4602;3152;1398;1149;120138;44143;75995;31399;21747;17272;5577
564;32 jaar;2019;123343;44908;78435;29154;49281;33276;19626;7547;5094;1009;34681;8397;11703;11290;3291;9347;4751;3188;1408;1131;123343;44908;78435;32969;22459;17449;5558
565;32 jaar;2020;125826;46398;79428;30687;48741;34187;20665;7573;4907;1042;34863;8776;11840;10896;3351;9132;4610;3240;1282;1246;125826;46398;79428;34339;22646;16834;5609
566;32 jaar;2021;126295;46852;79443;32004;47439;35111;22119;7312;4755;925;34061;8648;11831;10448;3134;9034;4617;3167;1250;1237;126295;46852;79443;35643;22312;16214;5274
567;32 jaar;2022;129584;49476;80108;32043;48065;35658;22476;7442;4745;995;34298;8365;12083;10629;3221;8950;4686;2947;1317;1202;129584;49476;80108;35772;22499;16396;5441
568;32 jaar;2023;137610;53258;84352;34792;49560;37555;23966;7870;4614;1105;36219;9533;12887;10569;3230;9285;4858;3087;1340;1293;137610;53258;84352;38613;23881;16330;5528
569;32 jaar;2024;138299;54592;83707;35668;48039;37433;24238;7747;4454;994;35788;9976;12402;10380;3030;9032;4682;3005;1345;1454;138299;54592;83707;39240;23289;15942;5236
570;33 jaar;1995;143893;38192;105701;29885;75816;17075;12558;2514;1568;435;79748;16723;20442;31270;11313;8274;3638;3171;1465;604;143893;38192;105701;32675;26005;33785;13236
571;33 jaar;1996;145174;39252;105922;30195;75727;18478;13423;2959;1619;477;78164;16135;20509;30558;10962;8643;3774;3404;1465;637;145174;39252;105922;33156;26769;33053;12944
572;33 jaar;1997;147931;40160;107771;32195;75576;20934;15031;3417;2015;471;77305;16542;20648;29848;10267;8910;4055;3411;1444;622;147931;40160;107771;35416;27306;32823;12226
573;33 jaar;1998;150311;41578;108733;33198;75535;22893;16146;3977;2195;575;76195;16352;21232;28837;9774;8945;4119;3343;1483;700;150311;41578;108733;36504;28328;31952;11949
574;33 jaar;1999;147964;41424;106540;32959;73581;23866;16433;4415;2436;582;73078;15802;21297;27314;8665;8872;4163;3311;1398;724;147964;41424;106540;36269;28807;30665;10799
575;33 jaar;2000;144346;40450;103896;32360;71536;24467;16499;4849;2556;563;70202;15118;20855;25802;8427;8484;4099;3083;1302;743;144346;40450;103896;35552;28569;29252;10523
576;33 jaar;2001;144080;41536;102544;31911;70633;26218;17070;5400;3065;683;66755;14035;20452;24654;7614;8765;4155;3227;1383;806;144080;41536;102544;35170;28857;28591;9926
577;33 jaar;2002;145905;42852;103053;32082;70971;28316;17924;6152;3533;707;64807;13288;19715;24408;7396;9060;4391;3269;1400;870;145905;42852;103053;35519;28920;28834;9780
578;33 jaar;2003;152339;45322;107017;33417;73600;31374;19283;7116;4129;846;64987;13328;19929;24255;7475;9850;4851;3569;1430;806;152339;45322;107017;37366;30292;29283;10076
579;33 jaar;2004;148174;45471;102703;32014;70689;31541;18771;7526;4405;839;60823;12409;18659;22867;6888;9505;4613;3459;1433;834;148174;45471;102703;35638;29378;28261;9426
580;33 jaar;2005;140917;43248;97669;30327;67342;31452;18238;7747;4614;853;56012;11299;17381;20932;6400;9415;4577;3480;1358;790;140917;43248;97669;33971;28300;26495;8903
581;33 jaar;2006;133471;42532;90939;28155;62784;30333;17178;7510;4824;821;50530;10161;15514;19143;5712;9260;4593;3327;1340;816;133471;42532;90939;31891;26093;24888;8067
582;33 jaar;2007;122273;39252;83021;25930;57091;28794;16198;7177;4559;860;45086;8978;13796;16916;5396;8387;4190;3006;1191;754;122273;39252;83021;29379;23683;22281;7678
583;33 jaar;2008;117875;38702;79173;24782;54391;28314;15636;7175;4628;875;42100;8358;12977;15837;4928;7971;3947;2890;1134;788;117875;38702;79173;27959;22756;21212;7246
584;33 jaar;2009;113564;38260;75304;23505;51799;27343;14758;7022;4736;827;39395;7912;11784;14891;4808;7731;3931;2729;1071;835;113564;38260;75304;26741;21222;20443;6898
585;33 jaar;2010;112988;38531;74457;23282;51175;27660;14669;7127;4965;899;38290;7731;11520;14311;4728;7625;3896;2653;1076;882;112988;38531;74457;26433;21114;20053;6857
586;33 jaar;2011;112343;38203;74140;22945;51195;27950;14606;7276;5129;939;37430;7484;11285;14078;4583;7905;3997;2861;1047;855;112343;38203;74140;26202;21353;19967;6618
587;33 jaar;2012;114214;39382;74832;22794;52038;28225;14356;7546;5366;957;37575;7473;11302;14276;4524;8067;4187;2753;1127;965;114214;39382;74832;26153;21644;20418;6617
588;33 jaar;2013;113907;39201;74706;22433;52273;28343;14340;7417;5592;994;37122;7145;11395;14076;4506;8293;4283;2875;1135;948;113907;39201;74706;25990;21677;20446;6593
589;33 jaar;2014;117735;40474;77261;23308;53953;29914;14997;7883;5967;1067;37353;7293;11271;14293;4496;8976;4637;3112;1227;1018;117735;40474;77261;27138;22261;21199;6663
590;33 jaar;2015;115931;39851;76080;22776;53304;29846;14773;7983;5971;1119;36062;6983;10967;13647;4465;9152;4750;3132;1270;1020;115931;39851;76080;26740;22063;20535;6742
591;33 jaar;2016;114662;39625;75037;22443;52594;29423;14654;7670;5893;1206;35303;6786;10781;13336;4400;9308;4690;3209;1409;1003;114662;39625;75037;26329;21642;20213;6853
592;33 jaar;2017;115128;39891;75237;22715;52522;29525;14825;7612;5863;1225;35242;6929;10805;13197;4311;9509;4746;3237;1526;961;115128;39891;75237;26672;21522;20139;6904
593;33 jaar;2018;118931;40839;78092;23988;54104;30645;15683;7691;6000;1271;36574;7277;11476;13400;4421;9845;4864;3462;1519;1028;118931;40839;78092;28061;22518;20397;7116
594;33 jaar;2019;121681;42029;79652;25035;54617;31295;16273;7718;6060;1244;37199;7706;11605;13524;4364;10102;4973;3496;1633;1056;121681;42029;79652;29191;22669;20807;6985
595;33 jaar;2020;125544;43342;82202;26438;55764;32311;17350;7629;6036;1296;38600;8034;12337;13841;4388;10237;5061;3514;1662;1054;125544;43342;82202;30661;23448;21109;6984
596;33 jaar;2021;126998;43904;83094;27949;55145;33975;18888;7874;5911;1302;38118;7956;12267;13447;4448;9896;4921;3507;1468;1105;126998;43904;83094;31993;23581;20428;7092
597;33 jaar;2022;128667;45521;83146;28355;54791;34041;19027;7770;6027;1217;38135;8198;12558;13113;4266;9840;4833;3509;1498;1130;128667;45521;83146;32289;23811;20258;6788
598;33 jaar;2023;133491;48457;85034;29641;55393;34432;19834;7796;5581;1221;39405;8696;12996;13395;4318;10086;5198;3356;1532;1111;133491;48457;85034;33891;24122;20067;6954
599;33 jaar;2024;139651;51219;88432;31896;56536;36070;21097;8007;5642;1324;40791;9522;13472;13562;4235;10294;5255;3462;1577;1277;139651;51219;88432;36115;25014;20404;6899
600;34 jaar;1995;141721;35597;106124;25515;80609;14985;10595;2320;1590;480;81554;14360;18594;34464;14136;9025;3917;3457;1651;560;141721;35597;106124;28620;24341;37007;16156
601;34 jaar;1996;144306;36488;107818;26576;81242;16981;11703;2807;1930;541;81134;14312;18934;34436;13452;9142;3790;3639;1713;561;144306;36488;107818;29613;25290;37411;15504
602;34 jaar;1997;145630;37396;108234;27216;81018;18302;12521;3219;2008;554;80025;14139;18946;33763;13177;9351;3944;3710;1697;556;145630;37396;108234;30433;25749;36746;15306
603;34 jaar;1998;148821;38860;109961;28509;81452;20110;13449;3671;2416;574;79711;14494;19573;33257;12387;9574;4206;3708;1660;566;148821;38860;109961;31951;26782;36656;14572
604;34 jaar;1999;151307;39992;111315;29261;82054;21943;14301;4280;2679;683;78834;14282;20310;32327;11915;9860;4408;3741;1711;678;151307;39992;111315;32922;28139;35934;14320
605;34 jaar;2000;148551;39306;109245;29075;80170;23011;14575;4773;2953;710;75912;13817;20278;31040;10777;9639;4354;3674;1611;683;148551;39306;109245;32644;28494;34916;13191
606;34 jaar;2001;145497;39088;106409;28333;78076;23656;14563;5216;3166;711;72644;13050;19462;29661;10471;9389;4437;3485;1467;720;145497;39088;106409;31964;27935;33700;12810
607;34 jaar;2002;145270;40053;105217;28130;77087;25640;15208;5845;3797;790;69102;12138;18969;28483;9512;9691;4501;3611;1579;784;145270;40053;105217;31816;28105;33306;11990
608;34 jaar;2003;146523;40851;105672;28146;77526;27352;15617;6549;4293;893;67525;11746;18258;28225;9296;10012;4652;3665;1695;783;146523;40851;105672;31903;28232;33565;11972
609;34 jaar;2004;152386;43179;109207;29109;80098;29949;16587;7236;5096;1030;67783;11735;18723;27878;9447;10688;5165;3934;1589;787;152386;43179;109207;33383;29595;33914;12315
610;34 jaar;2005;148121;42950;105171;28132;77039;30472;16376;7702;5368;1026;63534;10951;17541;26397;8645;10360;4860;3883;1617;805;148121;42950;105171;32122;28834;32783;11432
611;34 jaar;2006;141090;41506;99584;26390;73194;30077;15672;7660;5648;1097;58548;10031;16336;24143;8038;10272;4909;3827;1536;687;141090;41506;99584;30513;27506;30702;10863
612;34 jaar;2007;133339;40324;93015;24840;68175;29366;15050;7433;5792;1091;52987;9031;14641;22099;7216;9903;4766;3682;1455;759;133339;40324;93015;28848;25480;28728;9959
613;34 jaar;2008;122598;37305;85293;22824;62469;27955;14061;7214;5588;1092;47481;8005;13218;19517;6741;9099;4433;3347;1319;758;122598;37305;85293;26547;23562;25848;9336
614;34 jaar;2009;118715;37009;81706;21859;59847;27469;13558;7124;5692;1095;44760;7556;12325;18551;6328;8732;4234;3201;1297;745;118715;37009;81706;25402;22383;25007;8914
615;34 jaar;2010;114400;36730;77670;20501;57169;26298;12606;6986;5642;1064;42086;7102;11392;17409;6183;8493;4196;3052;1245;793;114400;36730;77670;24074;21163;23839;8594
616;34 jaar;2011;113798;36728;77070;20649;56421;27199;12967;7122;5942;1168;40932;6972;11234;16731;5995;8229;4137;2928;1164;710;113798;36728;77070;24096;21234;23405;8335
617;34 jaar;2012;112936;36533;76403;19878;56525;26951;12397;7284;6076;1194;39847;6688;10823;16528;5808;8812;4384;3194;1234;793;112936;36533;76403;23552;21285;23430;8136
618;34 jaar;2013;114798;37557;77241;19985;57256;27545;12527;7446;6368;1204;39936;6665;10975;16563;5733;8967;4577;3084;1306;793;114798;37557;77241;23818;21519;23731;8173
619;34 jaar;2014;113978;36808;77170;19632;57538;27675;12452;7454;6504;1265;39394;6376;10970;16399;5649;9297;4671;3276;1350;804;113978;36808;77170;23640;21655;23837;8038
620;34 jaar;2015;118085;38331;79754;20372;59382;29260;12987;7837;7039;1397;39777;6489;10982;16564;5742;9821;4961;3453;1407;896;118085;38331;79754;24589;22195;24617;8353
621;34 jaar;2016;116666;37838;78828;20088;58740;29082;12909;7690;7084;1399;38712;6289;10745;16020;5658;10144;5064;3619;1461;890;116666;37838;78828;24423;21947;24138;8320
622;34 jaar;2017;115589;37891;77698;19935;57763;28628;12759;7518;6869;1482;38146;6294;10620;15592;5640;10042;4875;3534;1633;882;115589;37891;77698;24032;21579;23547;8540
623;34 jaar;2018;116419;38164;78255;20283;57972;28745;12991;7432;6787;1535;38179;6428;10820;15379;5552;10467;5074;3613;1780;864;116419;38164;78255;24643;21688;23264;8660
624;34 jaar;2019;120558;39256;81302;21528;59774;29660;13676;7505;6963;1516;39876;6899;11492;15881;5604;10813;5209;3863;1741;953;120558;39256;81302;25993;22760;23982;8567
625;34 jaar;2020;123406;40340;83066;22751;60315;30545;14486;7573;6939;1547;40587;7317;11742;15923;5605;10986;5278;3849;1859;948;123406;40340;83066;27259;23074;24100;8633
626;34 jaar;2021;126601;41182;85419;23878;61541;31979;15680;7606;7055;1638;41352;7232;12243;16285;5592;11122;5357;3918;1847;966;126601;41182;85419;28419;23705;24557;8738
627;34 jaar;2022;128883;42512;86371;24771;61600;32812;16289;7801;7035;1687;41751;7511;12441;15984;5815;10837;5263;3811;1763;971;128883;42512;86371;29211;24003;24196;8961
628;34 jaar;2023;132496;44782;87714;25922;61792;32834;16738;7766;6786;1544;42603;8142;13063;15857;5541;11235;5454;4024;1757;1042;132496;44782;87714;30502;24819;23849;8544
629;34 jaar;2024;135536;46766;88770;27236;61534;33181;17522;7764;6393;1502;43465;8639;13071;16290;5465;11049;5573;3698;1778;1075;135536;46766;88770;31884;24507;23884;8495
630;35 jaar;1995;140836;33660;107176;22462;84714;13691;9238;2286;1692;475;83740;12722;16524;37484;17010;9243;3811;3679;1753;502;140836;33660;107176;25569;22422;40212;18973
631;35 jaar;1996;142127;34333;107794;22787;85007;14839;9853;2518;1854;614;82608;12384;17069;36749;16406;9797;4072;3883;1842;550;142127;34333;107794;26204;23358;39573;18659
632;35 jaar;1997;144755;35104;109651;23879;85772;16626;10699;3066;2235;626;82654;12648;17378;36979;15649;9839;4000;3974;1865;532;144755;35104;109651;27197;24358;40185;17911
633;35 jaar;1998;146272;36130;110142;24470;85672;17822;11400;3454;2322;646;81728;12519;17590;36281;15338;10041;4171;3989;1881;551;146272;36130;110142;27959;24935;39654;17594
634;35 jaar;1999;149590;37432;112158;25639;86519;19569;12199;3887;2794;689;81790;12847;18317;36000;14626;10206;4381;3988;1837;593;149590;37432;112158;29280;26050;39852;16976
635;35 jaar;2000;151650;38048;113602;26260;87342;21357;12895;4508;3133;821;80937;12670;18786;35383;14098;10613;4583;4147;1883;695;151650;38048;113602;30097;27278;39499;16728
636;35 jaar;2001;149745;38112;111633;25695;85938;22295;13022;4905;3484;884;78091;11984;18930;34198;12979;10558;4672;4107;1779;689;149745;38112;111633;29637;27725;38605;15666
637;35 jaar;2002;146393;37835;108558;25010;83548;23200;13046;5430;3867;857;74305;11276;17798;32732;12499;10365;4707;3966;1692;688;146393;37835;108558;28958;26954;37559;15087
638;35 jaar;2003;145966;38455;107511;25110;82401;24997;13602;5909;4499;987;71091;10789;17210;31646;11446;10704;4805;4123;1776;719;145966;38455;107511;29117;27018;37134;14242
639;35 jaar;2004;146606;39052;107554;24671;82883;26406;13569;6554;5140;1143;69528;10368;16652;31167;11341;10886;4944;4070;1872;734;146606;39052;107554;28834;27037;37324;14359
640;35 jaar;2005;152580;41365;111215;25509;85706;29197;14537;7472;5921;1267;69716;10282;17143;30943;11348;11612;5451;4377;1784;690;152580;41365;111215;30177;28710;37812;14516
641;35 jaar;2006;148348;41391;106957;24737;82220;29427;14226;7598;6328;1275;65460;9794;16104;29150;10412;11353;5238;4365;1750;717;148348;41391;106957;29133;27838;36412;13574
642;35 jaar;2007;141300;39680;101620;23328;78292;29223;13739;7553;6581;1350;60578;8912;15086;26809;9771;11142;5224;4229;1689;677;141300;39680;101620;27852;26497;34339;12932
643;35 jaar;2008;133340;38402;94938;22024;72914;28752;13201;7500;6660;1391;54987;8126;13508;24530;8823;10502;4938;3956;1608;697;133340;38402;94938;26255;24724;32072;11887
644;35 jaar;2009;123487;36164;87323;20225;67098;27189;12294;7115;6402;1378;49592;7196;12268;21849;8279;9807;4717;3634;1456;735;123487;36164;87323;24301;22809;29004;11209
645;35 jaar;2010;119610;35804;83806;19013;64793;26457;11519;6990;6538;1410;47031;6779;11618;20750;7884;9603;4594;3572;1437;715;119610;35804;83806;22951;22014;28065;10776
646;35 jaar;2011;115056;35125;79931;18295;61636;25850;11222;6701;6591;1336;44293;6484;10719;19505;7585;9199;4510;3272;1417;589;115056;35125;79931;22177;20628;26958;10168
647;35 jaar;2012;114471;35459;79012;17833;61179;26281;11000;6941;6884;1456;43005;6188;10649;18800;7368;9081;4479;3261;1341;645;114471;35459;79012;21611;20859;26500;10042
648;35 jaar;2013;112988;34860;78128;17161;60967;26108;10654;7042;6936;1476;41715;5857;10260;18580;7018;9655;4726;3494;1435;650;112988;34860;78128;21278;20685;26449;9716
649;35 jaar;2014;114622;35447;79175;17580;61595;26880;10954;7213;7260;1453;41711;5912;10399;18448;6952;9870;4952;3425;1493;714;114622;35447;79175;21827;21040;26675;9633
650;35 jaar;2015;114607;35360;79247;17159;62088;26929;10733;7174;7429;1593;41384;5687;10280;18449;6968;10195;5009;3654;1532;739;114607;35360;79247;21549;21029;26852;9817
651;35 jaar;2016;118778;36482;82296;18191;64105;28665;11489;7495;7968;1713;42010;5908;10451;18571;7080;10827;5308;3889;1630;794;118778;36482;82296;22819;21762;27553;10162
652;35 jaar;2017;117536;36266;81270;17840;63430;28289;11190;7320;8046;1733;41287;5846;10395;18048;6998;10890;5279;3948;1663;804;117536;36266;81270;22437;21494;27178;10161
653;35 jaar;2018;116536;36029;80507;18105;62402;28021;11417;7124;7689;1791;40756;5908;10241;17582;7025;10950;5202;3911;1837;780;116536;36029;80507;22595;21198;26424;10290
654;35 jaar;2019;117806;36734;81072;18327;62745;27888;11487;7021;7543;1837;40870;6017;10560;17454;6839;11491;5444;4010;2037;823;117806;36734;81072;23036;21485;26282;10269
655;35 jaar;2020;122111;37834;84277;19583;64694;28928;12270;7081;7691;1886;42808;6465;11381;18090;6872;11693;5488;4284;1921;848;122111;37834;84277;24344;22699;26975;10259
656;35 jaar;2021;124355;38458;85897;20728;65169;30511;13344;7382;7929;1856;42760;6547;11304;18019;6890;11789;5533;4190;2066;837;124355;38458;85897;25558;22741;27261;10337
657;35 jaar;2022;128461;40013;88448;21194;67254;31193;13676;7462;8004;2051;44365;6634;11974;18651;7106;12006;5662;4271;2073;884;128461;40013;88448;26071;23657;27992;10728
658;35 jaar;2023;132138;42043;90095;22443;67652;31510;14219;7550;7745;1996;45634;7357;12542;18515;7220;12084;5791;4251;2042;867;132138;42043;90095;27431;24227;27573;10864
659;35 jaar;2024;134187;43202;90985;23759;67226;31638;14803;7479;7499;1857;46112;7965;12812;18558;6777;12244;5826;4385;2033;991;134187;43202;90985;28688;24666;27408;10223
660;36 jaar;1995;138164;31227;106937;19887;87050;12350;8024;2023;1773;530;84172;11313;14995;38654;19210;9865;3970;3999;1896;550;138164;31227;106937;23198;21004;41417;21318
661;36 jaar;1996;141229;32617;108612;20216;88396;13706;8647;2542;1938;579;84404;11099;15069;39050;19186;10032;4069;3986;1977;470;141229;32617;108612;23690;21513;42063;21346
662;36 jaar;1997;142596;33228;109368;20693;88675;14806;9210;2684;2178;734;83481;10980;15706;38491;18304;10578;4349;4213;2016;503;142596;33228;109368;24461;22456;41757;20694
663;36 jaar;1998;145326;34082;111244;21632;89612;16371;9850;3276;2516;729;83806;11279;15921;38953;17653;10564;4247;4264;2053;503;145326;34082;111244;25271;23404;42513;20056
664;36 jaar;1999;146976;34882;112094;22261;89833;17493;10403;3602;2714;774;83303;11313;16434;38109;17447;10753;4394;4327;2032;545;146976;34882;112094;25975;24300;41985;19834
665;36 jaar;2000;150239;36062;114177;23181;90996;19190;11110;4083;3210;787;83397;11483;17001;38195;16718;11002;4581;4393;2028;588;150239;36062;114177;27091;25327;42550;19209
666;36 jaar;2001;152651;37092;115559;23481;92078;20633;11463;4660;3559;951;82611;11351;17326;37635;16299;11648;4929;4623;2096;667;152651;37092;115559;27702;26457;42286;19114
667;36 jaar;2002;150812;37198;113614;22990;90624;21939;11716;5078;4101;1044;79412;10570;17208;36575;15059;11559;5019;4580;1960;704;150812;37198;113614;27269;26747;41616;17982
668;36 jaar;2003;147230;36628;110602;22655;87947;22842;11853;5418;4515;1056;75839;10173;16160;35033;14473;11292;5008;4407;1877;629;147230;36628;110602;26924;25786;40549;17343
669;36 jaar;2004;146172;37039;109133;22259;86874;24188;11962;5886;5164;1176;72701;9653;15732;33970;13346;11600;5111;4531;1958;644;146172;37039;109133;26668;25901;40142;16422
670;36 jaar;2005;146444;37331;109113;21862;87251;25602;11922;6443;5878;1359;71014;9232;15349;33269;13164;11789;5253;4507;2029;708;146444;37331;109113;26377;26120;40170;16446
671;36 jaar;2006;152594;39794;112800;22742;90058;28515;12931;7350;6723;1511;71053;9186;15685;32984;13198;12607;5758;4872;1977;625;152594;39794;112800;27780;27622;40723;16675
672;36 jaar;2007;148213;39642;108571;22042;86529;28831;12635;7500;7105;1591;66961;8754;14830;31176;12201;12126;5534;4712;1880;653;148213;39642;108571;26846;26804;39253;15668
673;36 jaar;2008;141520;38030;103490;20950;82540;28725;12282;7345;7481;1617;62138;8031;13822;28879;11406;11990;5503;4658;1829;637;141520;38030;103490;25768;25500;37309;14913
674;36 jaar;2009;134351;37217;97134;19807;77327;28097;11688;7140;7534;1735;56816;7448;12491;26393;10484;11550;5384;4398;1768;671;134351;37217;97134;24527;23854;34812;13941
675;36 jaar;2010;124217;34949;89268;17979;71289;26289;10655;6787;7209;1638;51544;6638;11355;23713;9838;10749;5133;3996;1620;686;124217;34949;89268;22489;21992;31746;13041
676;36 jaar;2011;120379;34526;85853;16971;68882;25865;10188;6618;7375;1684;49100;6217;10982;22555;9346;10322;4911;3828;1583;566;120379;34526;85853;21232;21404;30894;12323
677;36 jaar;2012;115692;33995;81697;15985;65712;24977;9659;6383;7330;1605;45973;5804;10015;21191;8963;10225;4939;3705;1581;522;115692;33995;81697;20342;20044;29460;11851
678;36 jaar;2013;114829;33923;80906;15796;65110;25672;9636;6645;7643;1748;44630;5575;10017;20403;8635;10019;4843;3664;1512;585;114829;33923;80906;20033;20277;28994;11602
679;36 jaar;2014;112961;32854;80107;15437;64670;25665;9530;6743;7682;1710;43232;5337;9481;20164;8250;10640;5152;3904;1584;570;112961;32854;80107;20017;20046;28850;11194
680;36 jaar;2015;115261;34284;80977;15444;65533;26019;9443;6788;7996;1792;43419;5331;9704;20191;8193;10869;5359;3831;1679;670;115261;34284;80977;20170;20274;29257;11276
681;36 jaar;2016;115330;33959;81371;15319;66052;26257;9439;6827;8117;1874;43209;5167;9632;20140;8270;11192;5389;4052;1751;713;115330;33959;81371;20104;20427;29292;11548
682;36 jaar;2017;119659;35086;84573;16279;68294;28016;10118;7032;8806;2060;44170;5461;9838;20401;8470;11687;5585;4244;1858;700;119659;35086;84573;21216;20977;30318;12062
683;36 jaar;2018;118520;34644;83876;16070;67806;27808;10000;6949;8800;2059;43487;5381;9898;19843;8365;11892;5610;4375;1907;689;118520;34644;83876;21034;21072;29851;11919
684;36 jaar;2019;117814;34864;82950;16429;66521;27218;10168;6695;8239;2116;43167;5589;9867;19322;8389;11893;5580;4252;2061;672;117814;34864;82950;21394;20687;28802;12067
685;36 jaar;2020;118926;35499;83427;16477;66950;27220;10202;6706;8168;2144;43252;5552;10444;19069;8187;12232;5729;4266;2237;723;118926;35499;83427;21530;21285;28606;12006
686;36 jaar;2021;123057;36437;86620;17706;68914;28701;11107;6844;8472;2278;44582;5790;10924;19735;8133;12528;5789;4557;2182;809;123057;36437;86620;22753;22254;29549;12064
687;36 jaar;2022;125940;37591;88349;18500;69849;29762;11703;7012;8759;2288;45178;6058;10893;19904;8323;12670;5893;4486;2291;739;125940;37591;88349;23693;22315;30079;12262
688;36 jaar;2023;131717;39947;91770;19082;72688;29957;11840;7228;8508;2381;47614;6439;11882;20710;8583;13396;6337;4777;2282;803;131717;39947;91770;24655;23803;30632;12680
689;36 jaar;2024;133824;40721;93103;20480;72623;30403;12571;7198;8332;2302;48663;7036;12368;20777;8482;13164;6276;4637;2251;873;133824;40721;93103;25931;24122;30528;12522
690;37 jaar;1995;135814;29228;106586;17640;88946;11123;6943;1910;1696;574;84788;10225;13796;39776;20991;10203;4189;4070;1944;472;135814;29228;106586;21243;19777;42500;23066
691;37 jaar;1996;138392;30266;108126;18217;89909;12498;7683;2121;2054;640;84509;9997;13812;39743;20957;10582;4262;4271;2049;537;138392;30266;108126;21865;20161;42949;23151
692;37 jaar;1997;141514;31609;109905;18687;91218;13740;8190;2626;2228;696;84895;10050;13896;40142;20807;10823;4346;4315;2162;447;141514;31609;109905;22472;20783;43585;23065
693;37 jaar;1998;143306;32371;110935;19354;91581;14697;8723;2811;2382;781;84371;10097;14462;39817;19995;11333;4622;4544;2167;534;143306;32371;110935;23423;21677;43349;22486
694;37 jaar;1999;145991;33121;112870;20057;92813;16211;9222;3376;2787;826;84834;10338;14681;40514;19301;11328;4518;4636;2174;497;145991;33121;112870;23963;22621;44533;21753
695;37 jaar;2000;147630;33748;113882;20541;93341;17185;9540;3744;3045;856;84503;10429;15077;39735;19262;11622;4745;4664;2213;572;147630;33748;113882;24595;23420;44073;21794
696;37 jaar;2001;151084;35174;115910;21290;94620;18834;10141;4092;3634;967;84506;10540;15636;39782;18548;11961;4964;4795;2202;609;151084;35174;115910;25573;24377;44629;21331
697;37 jaar;2002;153672;36272;117400;21643;95757;20628;10758;4695;4080;1095;83372;10218;15805;39323;18026;12733;5423;5023;2287;667;153672;36272;117400;26337;25452;44545;21066
698;37 jaar;2003;151241;36146;115095;21067;94028;21518;10712;5064;4541;1201;80353;9710;15598;38195;16850;12579;5343;5081;2155;645;151241;36146;115095;25714;25539;43809;20033
699;37 jaar;2004;147744;35627;112117;20484;91633;22184;10584;5223;5134;1243;76907;9290;14733;36557;16327;12416;5438;4924;2054;610;147744;35627;112117;25192;24689;42775;19461
700;37 jaar;2005;146169;35790;110379;20185;90194;23535;10736;5676;5773;1350;73707;8856;14311;35450;15090;12544;5487;4978;2079;593;146169;35790;110379;24997;24802;42247;18333
701;37 jaar;2006;146768;36569;110199;19674;90525;25015;10759;6214;6488;1554;71807;8287;14081;34671;14768;12749;5623;4943;2183;628;146768;36569;110199;24635;25066;42202;18296
702;37 jaar;2007;152685;38595;114090;20578;93512;27773;11528;6942;7540;1763;72174;8442;14354;34546;14832;13535;6179;5293;2063;608;152685;38595;114090;26101;26342;43094;18553
703;37 jaar;2008;148283;38296;109987;19979;90008;28215;11363;7225;7748;1879;68203;7977;13707;32703;13816;12930;5838;5085;2007;639;148283;38296;109987;25121;25803;41482;17581
704;37 jaar;2009;142328;37209;105119;19048;86071;27860;10921;6976;8055;1908;63626;7468;12702;30414;13042;12974;5929;5083;1962;659;142328;37209;105119;24297;24574;39427;16821
705;37 jaar;2010;135189;36251;98938;17902;81036;27253;10297;6827;8085;2044;58432;6951;11691;27769;12021;12599;5824;4842;1933;654;135189;36251;98938;23116;23179;36859;15784
706;37 jaar;2011;124814;33987;90827;16379;74448;25950;9645;6465;7873;1967;53095;6229;10641;25027;11198;11277;5292;4267;1718;505;124814;33987;90827;21064;21277;33926;14560
707;37 jaar;2012;120943;33556;87387;15144;72243;25124;9011;6281;7911;1921;50440;5591;10235;23967;10647;11281;5289;4275;1717;542;120943;33556;87387;19823;20733;32888;13943
708;37 jaar;2013;115954;32660;83294;14451;68843;24426;8613;6084;7822;1907;47256;5374;9254;22513;10115;11148;5300;4150;1698;464;115954;32660;83294;19167;19475;31332;13320
709;37 jaar;2014;115004;32367;82637;14250;68387;25135;8628;6237;8252;2018;45929;5104;9403;21702;9720;11055;5340;4009;1706;518;115004;32367;82637;19021;19593;31057;12966
710;37 jaar;2015;113597;31898;81699;13787;67912;25056;8415;6260;8386;1995;44540;4876;8864;21366;9434;11607;5608;4235;1764;496;113597;31898;81699;18815;19308;30783;12793
711;37 jaar;2016;115900;32969;82931;14141;68790;25552;8538;6336;8624;2054;44883;5003;9067;21428;9385;11896;5706;4343;1847;600;115900;32969;82931;19196;19672;31256;12807
712;37 jaar;2017;116318;33171;83147;13919;69228;25683;8495;6333;8684;2171;44798;4795;9043;21423;9537;12037;5702;4376;1959;629;116318;33171;83147;19019;19633;31353;13142
713;37 jaar;2018;120788;33941;86847;14891;71956;27440;9181;6533;9349;2377;46059;5098;9391;21800;9770;12736;5974;4716;2046;612;120788;33941;86847;20271;20443;32382;13751
714;37 jaar;2019;119745;33855;85890;14712;71178;26857;8897;6330;9210;2420;45510;5202;9491;21213;9604;12910;5990;4790;2130;613;119745;33855;85890;20094;20519;31735;13542
715;37 jaar;2020;119358;34069;85289;15189;70100;26642;9260;6277;8673;2432;45098;5291;9494;20716;9597;12911;5942;4662;2307;638;119358;34069;85289;20517;20360;30785;13627
716;37 jaar;2021;119799;34187;85612;15280;70332;27139;9535;6334;8804;2466;44652;5077;9729;20448;9398;13153;6054;4628;2471;668;119799;34187;85612;20706;20558;30693;13655
717;37 jaar;2022;124410;35679;88731;16029;72702;27951;9910;6369;9046;2626;46655;5383;10331;21495;9446;13389;6172;4830;2387;736;124410;35679;88731;21504;21483;32005;13739
718;37 jaar;2023;129269;37770;91499;16983;74516;28734;10339;6651;9181;2563;47983;5905;10724;21639;9715;14043;6545;4996;2502;739;129269;37770;91499;22797;22295;32344;14063
719;37 jaar;2024;133301;38888;94413;17601;76812;29064;10657;6774;8986;2647;50040;6134;11445;22576;9885;14499;6828;5083;2588;810;133301;38888;94413;23637;23275;33146;14355
720;38 jaar;1995;134751;27655;107096;16525;90571;10436;6272;1849;1724;591;85703;9797;12696;40507;22703;10501;4240;4276;1985;456;134751;27655;107096;20191;18830;43260;24815
721;38 jaar;1996;136145;28602;107543;16320;91223;11271;6658;2029;1931;653;84944;9209;12812;40533;22390;10875;4467;4333;2075;453;136145;28602;107543;20224;19188;43590;24541
722;38 jaar;1997;138814;29738;109076;17251;91825;12477;7385;2211;2194;687;84812;9344;12804;40478;22186;11265;4514;4577;2174;522;138814;29738;109076;21179;19572;43866;24459
723;38 jaar;1998;141891;31012;110879;17631;93248;13712;7820;2693;2435;764;85391;9399;12985;40932;22075;11364;4564;4578;2222;412;141891;31012;110879;21662;20184;44621;24412
724;38 jaar;1999;143992;31726;112266;18187;94079;14497;8151;2865;2635;846;85179;9499;13628;40642;21410;12053;4901;4847;2305;537;143992;31726;112266;22541;21248;44494;23983
725;38 jaar;2000;146588;32173;114415;18994;95421;16064;8723;3307;3105;929;85789;9757;13774;41482;20776;12048;4848;4942;2258;514;146588;32173;114415;23232;21954;45841;23388
726;38 jaar;2001;148505;33132;115373;19140;96233;16917;8869;3707;3403;938;85294;9691;13942;41001;20660;12582;5167;5103;2312;580;148505;33132;115373;23611;22693;45799;23270
727;38 jaar;2002;152109;34709;117400;19876;97524;18741;9537;4076;3989;1139;85052;9772;14430;40903;19947;13040;5503;5201;2336;567;152109;34709;117400;24733;23596;46155;22916
728;38 jaar;2003;153977;35423;118554;20074;98480;20307;9893;4586;4540;1288;83897;9501;14676;40338;19382;13670;5785;5444;2441;680;153977;35423;118554;25160;24603;46090;22701
729;38 jaar;2004;151593;35389;116204;19465;96739;21000;9760;4868;5024;1348;81055;9100;14332;39222;18401;13544;5676;5525;2343;605;151593;35389;116204;24475;24553;45428;21748
730;38 jaar;2005;147723;34645;113078;18880;94198;21869;9752;5036;5610;1471;77317;8532;13667;37383;17735;13296;5723;5332;2241;596;147723;34645;113078;23958;23880;44063;21177
731;38 jaar;2006;146429;35041;111388;18568;92820;23122;9846;5463;6241;1572;74222;8181;13379;36410;16252;13503;5852;5405;2246;541;146429;35041;111388;23829;24042;43781;19736
732;38 jaar;2007;146719;35599;111120;17983;93137;24477;9679;6023;6985;1790;72450;7716;12969;35709;16056;13605;5996;5357;2252;588;146719;35599;111120;23326;24212;43819;19763
733;38 jaar;2008;152884;37457;115427;19168;96259;27402;10696;6581;8114;2011;73030;7868;13372;35626;16164;14391;6523;5704;2164;604;152884;37457;115427;25036;25456;44803;20132
734;38 jaar;2009;149039;37519;111520;18540;92980;27524;10350;6725;8304;2145;69255;7543;12705;33823;15184;14094;6377;5489;2228;647;149039;37519;111520;24273;24706;43321;19220
735;38 jaar;2010;143114;36520;106594;17523;89071;27116;9839;6597;8474;2206;64842;7059;11879;31525;14379;14011;6360;5567;2084;625;143114;36520;106594;23247;23868;41060;18419
736;38 jaar;2011;135716;35184;100532;16534;83998;26875;9536;6473;8589;2277;59794;6567;11137;28835;13255;13432;6246;5107;2079;431;135716;35184;100532;22140;22641;38637;17114
737;38 jaar;2012;125691;33327;92364;14841;77523;25088;8490;6073;8321;2204;54310;5856;10056;26045;12353;12471;5836;4738;1897;495;125691;33327;92364;20080;20769;35531;15984
738;38 jaar;2013;121336;32676;88660;13853;74807;24489;8066;5890;8392;2141;51416;5275;9464;24970;11707;12243;5807;4571;1865;512;121336;32676;88660;19107;19835;34452;15266
739;38 jaar;2014;116197;31568;84629;13229;71400;23920;7869;5714;8251;2086;48086;4946;8737;23331;11072;12209;5753;4560;1896;414;116197;31568;84629;18472;18913;32751;14493
740;38 jaar;2015;115623;31556;84067;13071;70996;24616;7830;5868;8712;2206;46910;4757;8691;22692;10770;12057;5834;4365;1858;484;115623;31556;84067;18353;18849;32548;14317
741;38 jaar;2016;114211;31018;83193;12710;70483;24524;7721;5836;8776;2191;45594;4527;8320;22268;10479;12613;6001;4662;1950;462;114211;31018;83193;18162;18740;32237;14054
742;38 jaar;2017;116827;32385;84442;12918;71524;24924;7655;5979;8941;2349;46300;4735;8577;22438;10550;12690;5988;4659;2043;528;116827;32385;84442;18302;19083;32611;14446
743;38 jaar;2018;117258;32237;85021;12843;72178;25084;7719;5937;8999;2429;46281;4587;8656;22347;10691;13119;6197;4818;2104;537;117258;32237;85021;18453;19287;32643;14638
744;38 jaar;2019;122024;33282;88742;13775;74967;26549;8288;6046;9590;2625;47758;4915;9088;22836;10919;13863;6450;5137;2276;572;122024;33282;88742;19578;20188;33785;15191
745;38 jaar;2020;121106;33120;87986;13690;74296;26137;8098;5902;9447;2690;47347;5000;9172;22402;10773;13910;6462;5119;2329;592;121106;33120;87986;19518;20120;33313;15035
746;38 jaar;2021;120297;33048;87249;14160;73089;26528;8703;5964;9151;2710;46263;4871;9000;21776;10616;13872;6362;5045;2465;586;120297;33048;87249;19883;19934;32413;15019
747;38 jaar;2022;121192;33967;87225;14037;73188;26503;8654;5836;9253;2760;46174;4804;9178;21642;10550;13969;6369;5023;2577;579;121192;33967;87225;19788;19960;32369;15108
748;38 jaar;2023;127540;35944;91596;14925;76671;27123;8904;6133;9171;2915;49066;5347;9985;23125;10609;14733;6861;5287;2585;674;127540;35944;91596;21089;21325;33908;15274
749;38 jaar;2024;130703;37043;93660;15992;77668;27824;9514;6181;9345;2784;50086;5776;10370;23073;10867;15048;7040;5305;2703;702;130703;37043;93660;22300;21837;34075;15448
750;39 jaar;1995;131604;25897;105707;15330;90377;9563;5681;1666;1593;623;85038;9250;11986;40734;23068;10707;4475;4313;1919;399;131604;25897;105707;19296;17951;43402;25058
751;39 jaar;1996;135121;27196;107925;15474;92451;10521;6042;1990;1850;639;85707;9023;11976;40909;23799;11288;4600;4575;2113;409;135121;27196;107925;19579;18532;43865;25949
752;39 jaar;1997;136474;28001;108473;15712;92761;11371;6460;2154;2030;727;85249;8810;12111;41048;23280;11411;4674;4572;2165;442;136474;28001;108473;19879;18819;44253;25522
753;39 jaar;1998;139324;29290;110034;16464;93570;12443;7066;2292;2335;750;85065;8879;12195;40848;23143;12007;4892;4840;2275;519;139324;29290;110034;20825;19261;44434;25514
754;39 jaar;1999;142444;30344;112100;16954;95146;13711;7476;2722;2675;838;85871;9035;12251;41544;23041;12075;4897;4862;2316;443;142444;30344;112100;21300;19788;45579;25433
755;39 jaar;2000;144404;31014;113390;17306;96084;14453;7787;2916;2870;880;85686;9032;12963;41219;22472;12764;5227;5069;2468;487;144404;31014;113390;21997;20869;45417;25107
756;39 jaar;2001;147601;31778;115823;18113;97710;15996;8253;3338;3366;1039;86310;9295;12963;42069;21983;12952;5253;5359;2340;565;147601;31778;115823;22722;21619;46790;24692
757;39 jaar;2002;149498;32884;116614;18132;98482;16933;8450;3693;3730;1060;85457;9091;13181;41468;21717;13633;5637;5599;2397;591;149498;32884;116614;23097;22440;46607;24470
758;39 jaar;2003;152756;34177;118579;18725;99854;18566;8951;3952;4397;1266;85305;9207;13574;41486;21038;14141;5974;5680;2487;567;152756;34177;118579;24072;23023;47322;24162
759;39 jaar;2004;154393;34875;119518;18914;100604;19974;9204;4490;4873;1407;84234;9058;13850;40781;20545;14658;6167;5930;2561;652;154393;34875;119518;24378;24201;47007;23932
760;39 jaar;2005;151774;34499;117275;18497;98778;20819;9285;4673;5372;1489;81275;8616;13433;39791;19435;14585;6196;5947;2442;596;151774;34499;117275;24091;23859;46454;22871
761;39 jaar;2006;147939;34165;113774;17797;95977;21628;9175;4877;5953;1623;77368;8048;12760;37820;18740;14204;6112;5753;2339;574;147939;34165;113774;23298;23218;44967;22291
762;39 jaar;2007;146466;34449;112017;17467;94550;22717;9132;5255;6576;1754;74452;7820;12469;36924;17239;14333;6246;5737;2350;515;146466;34449;112017;23094;23333;44739;20851
763;39 jaar;2008;146656;34359;112297;17184;95113;24366;9199;5811;7364;1992;72934;7415;12226;36227;17066;14427;6508;5621;2298;570;146656;34359;112297;23070;23510;44759;20958
764;39 jaar;2009;153615;37022;116593;17947;98646;26709;9784;6295;8434;2196;73799;7580;12578;36443;17198;15502;7162;6019;2321;583;153615;37022;116593;24488;24719;46073;21313
765;39 jaar;2010;149977;37145;112832;17368;95464;26819;9429;6400;8622;2368;70100;7264;12073;34452;16311;15238;6990;5939;2309;675;149977;37145;112832;23673;24262;44351;20546
766;39 jaar;2011;143626;35656;107970;16581;91389;26840;9342;6297;8804;2397;65848;6831;11355;32274;15388;14874;6857;5746;2271;408;143626;35656;107970;22765;23276;42372;19557
767;39 jaar;2012;136690;34899;101791;15368;86423;26062;8645;6140;8857;2420;60738;6294;10636;29625;14183;14562;6790;5585;2187;429;136690;34899;101791;21534;22273;39787;18197
768;39 jaar;2013;126453;32935;93518;13856;79662;24471;7839;5721;8577;2334;54983;5575;9408;26860;13140;13622;6431;5136;2055;442;126453;32935;93518;19692;20196;36721;16909
769;39 jaar;2014;121656;31744;89912;12893;77019;24014;7499;5527;8708;2280;51944;4943;8910;25604;12487;13503;6493;4998;2012;451;121656;31744;89912;18862;19345;35508;16197
770;39 jaar;2015;116815;31115;85700;12195;73505;23359;7153;5382;8544;2280;48740;4650;8248;23936;11906;13209;6267;4893;2049;392;116815;31115;85700;17924;18421;33767;15588
771;39 jaar;2016;116363;31029;85334;12240;73094;24054;7193;5540;8903;2418;47783;4616;8158;23334;11675;13066;6227;4811;2028;431;116363;31029;85334;17913;18450;33469;15502
772;39 jaar;2017;115096;30657;84439;11942;72497;23961;7039;5475;9020;2427;46778;4464;7853;23062;11399;13261;6236;4913;2112;439;115096;30657;84439;17607;18162;33335;15335
773;39 jaar;2018;117701;31586;86115;12107;74008;24529;7163;5604;9203;2559;47457;4486;8220;23211;11540;13671;6388;5045;2238;458;117701;31586;86115;17903;18739;33800;15673
774;39 jaar;2019;118454;31831;86623;12019;74604;24459;7087;5517;9190;2665;47564;4448;8338;23197;11581;14116;6656;5245;2215;484;118454;31831;86623;18080;18949;33792;15802
775;39 jaar;2020;123474;32927;90547;12988;77559;25897;7716;5652;9653;2876;49215;4739;8723;23865;11888;14902;6967;5491;2444;533;123474;32927;90547;19322;19744;35041;16440
776;39 jaar;2021;122238;32565;89673;13004;76669;25936;7725;5546;9769;2896;48283;4731;8667;23267;11618;14906;6952;5465;2489;548;122238;32565;89673;19344;19557;34588;16184
777;39 jaar;2022;121840;33171;88669;13074;75595;25789;7788;5610;9428;2963;47683;4706;8638;22721;11618;14617;6720;5283;2614;580;121840;33171;88669;19175;19444;33753;16297
778;39 jaar;2023;124400;34476;89924;13267;76657;25726;7927;5573;9281;2945;48281;4791;9049;22888;11553;15368;7106;5521;2741;549;124400;34476;89924;19709;20061;33751;16403
779;39 jaar;2024;129222;35811;93411;14217;79194;26203;8253;5700;9254;2996;50839;5296;9620;24346;11577;15701;7274;5688;2739;668;129222;35811;93411;20765;20995;35275;16376
780;40 jaar;1995;130927;24937;105990;14666;91324;8628;5031;1542;1493;562;85915;9224;11917;41499;23275;11036;4663;4432;1941;411;130927;24937;105990;18810;17916;44017;25247
781;40 jaar;1996;131963;25670;106293;14534;91759;9652;5473;1748;1732;699;84875;8674;11575;40836;23790;11379;4861;4518;2000;387;131963;25670;106293;18903;17838;43670;25882
782;40 jaar;1997;135321;26845;108476;15009;93467;10630;5947;2003;1996;684;85702;8673;11618;41071;24340;11755;4878;4747;2130;389;135321;26845;108476;19406;18340;44214;26516
783;40 jaar;1998;136949;27784;109165;15326;93839;11317;6245;2114;2175;783;85367;8649;11645;41198;23875;12049;5046;4805;2198;432;136949;27784;109165;19875;18538;44631;26121
784;40 jaar;1999;139939;29009;110930;15980;94950;12386;6717;2359;2505;805;85441;8781;11785;41047;23828;12621;5210;5113;2298;482;139939;29009;110930;20673;19203;44831;26223
785;40 jaar;2000;142863;29743;113120;16559;96561;13619;7221;2758;2761;879;86250;8892;11773;41958;23627;12805;5299;5146;2360;446;142863;29743;113120;21340;19588;46101;26091
786;40 jaar;2001;145262;30804;114458;16787;97671;14267;7365;2936;3021;945;86038;8893;12446;41517;23182;13624;5699;5393;2532;529;145262;30804;114458;21891;20758;45924;25885
787;40 jaar;2002;148380;31694;116686;17315;99371;15851;7779;3291;3599;1182;86365;8976;12313;42372;22704;13910;5820;5652;2438;560;148380;31694;116686;22497;21242;47340;25607
788;40 jaar;2003;150138;32582;117556;17441;100115;16760;7994;3694;3909;1163;85622;8884;12613;41807;22318;14611;6096;6007;2508;563;150138;32582;117556;22849;22266;47252;25189
789;40 jaar;2004;153078;33847;119231;17783;101448;18117;8274;3875;4589;1379;85558;8944;13046;41759;21809;14991;6331;6066;2594;565;153078;33847;119231;23462;22834;47832;25103
790;40 jaar;2005;154717;34425;120292;18003;102289;19703;8593;4441;5130;1539;84329;8784;13152;41233;21160;15634;6630;6389;2615;626;154717;34425;120292;23982;23876;47754;24680
791;40 jaar;2006;152146;34207;117939;17701;100238;20466;8765;4513;5595;1593;81320;8352;12838;40032;20098;15569;6687;6356;2526;584;152146;34207;117939;23772;23571;46995;23601
792;40 jaar;2007;148192;33798;114394;16953;97441;21228;8653;4628;6210;1737;77466;7734;12261;38146;19325;15134;6755;6011;2368;566;148192;33798;114394;23087;22805;45595;22907
793;40 jaar;2008;146617;33788;112829;16611;96218;22363;8537;5138;6827;1861;74713;7552;12038;37228;17895;15231;6753;6052;2426;522;146617;33788;112829;22794;23040;45432;21563
794;40 jaar;2009;147448;34211;113237;16437;96800;23754;8562;5531;7579;2082;73412;7281;11725;36578;17828;15477;7104;5981;2392;594;147448;34211;113237;22902;23149;45454;21732
795;40 jaar;2010;154673;36719;117954;17075;100879;26078;9063;6035;8617;2363;74584;7371;12208;37010;17995;16651;7763;6470;2418;641;154673;36719;117954;24181;24607;46972;22194
796;40 jaar;2011;150601;36769;113832;16564;97268;26429;8970;6145;8828;2486;70981;7204;11667;34998;17112;16032;7352;6272;2408;390;150601;36769;113832;23216;23946;45276;21394
797;40 jaar;2012;144442;35444;108998;15578;93420;25954;8569;6001;8878;2506;66686;6621;11140;32836;16089;15970;7552;6094;2324;388;144442;35444;108998;22458;23109;43095;20336
798;40 jaar;2013;137308;34398;102910;14597;88313;25487;8039;5845;9071;2532;61263;6153;10210;30100;14800;15755;7501;5951;2303;405;137308;34398;102910;21478;21901;40630;18901
799;40 jaar;2014;126788;32141;94647;13190;81457;24005;7357;5448;8758;2442;55498;5418;8996;27404;13680;14729;7078;5467;2184;415;126788;32141;94647;19667;19889;37486;17605
800;40 jaar;2015;122530;31637;90893;12146;78747;23485;6955;5188;8898;2444;52555;4770;8504;26073;13208;14432;6961;5328;2143;421;122530;31637;90893;18572;18916;36294;17111
801;40 jaar;2016;117587;30582;87005;11671;75334;22800;6710;5116;8622;2352;49553;4593;7945;24421;12594;14284;6817;5289;2178;368;117587;30582;87005;17929;18279;34388;16409
802;40 jaar;2017;117293;30721;86572;11594;74978;23482;6681;5312;8949;2540;48791;4517;7827;23999;12448;13903;6591;5181;2131;396;117293;30721;86572;17624;18184;34294;16470
803;40 jaar;2018;116156;30141;86015;11591;74424;23458;6697;5106;9071;2584;47888;4494;7503;23731;12160;14269;6761;5265;2243;400;116156;30141;86015;17759;17800;34144;16312
804;40 jaar;2019;118840;31097;87743;11780;75963;24012;6834;5253;9248;2677;48688;4528;7992;23887;12281;14625;6887;5394;2344;418;118840;31097;87743;18073;18508;34625;16537
805;40 jaar;2020;119775;31549;88226;11594;76632;23760;6634;5210;9192;2724;48932;4455;8073;23999;12405;15029;7036;5641;2352;505;119775;31549;88226;17974;18838;34659;16755
806;40 jaar;2021;124591;32379;92212;12592;79620;25711;7511;5302;9843;3055;50106;4565;8342;24570;12629;15879;7444;5896;2539;516;124591;32379;92212;19393;19420;35985;17414
807;40 jaar;2022;123631;32661;90970;12220;78750;25304;7134;5125;9958;3087;49408;4577;8391;23987;12453;15749;7401;5740;2608;509;123631;32661;90970;18977;19179;35590;17224
808;40 jaar;2023;124630;33669;90961;12499;78462;24955;7228;5315;9359;3053;49518;4739;8568;23751;12460;15956;7429;5785;2742;532;124630;33669;90961;19239;19621;34785;17316
809;40 jaar;2024;125705;34064;91641;12794;78847;24941;7382;5282;9257;3020;49783;4833;8812;23808;12330;16338;7619;5800;2919;579;125705;34064;91641;19681;19881;34815;17264
810;41 jaar;1995;130059;23822;106237;14461;91776;8127;4743;1479;1361;544;86249;9319;12033;41620;23277;11462;5050;4600;1812;399;130059;23822;106237;18981;18145;43953;25158
811;41 jaar;1996;131440;24859;106581;14222;92359;8862;5054;1596;1628;584;85594;8757;11823;41312;23702;11714;5100;4652;1962;411;131440;24859;106581;18803;18096;43987;25695
812;41 jaar;1997;132134;25349;106785;14390;92395;9854;5517;1808;1807;722;84622;8508;11504;40625;23985;11944;5184;4749;2011;365;132134;25349;106785;19082;18087;43579;26037
813;41 jaar;1998;135911;26811;109100;14849;94251;10631;5819;2037;2049;726;85686;8623;11496;41116;24451;12376;5210;4992;2174;407;135911;26811;109100;19583;18497;44380;26640
814;41 jaar;1999;137498;27568;109930;15140;94790;11320;6068;2165;2281;806;85514;8631;11516;41280;24087;12655;5474;4980;2201;441;137498;27568;109930;20133;18659;44802;26336
815;41 jaar;2000;140362;28633;111729;15810;95919;12400;6615;2345;2587;853;85597;8676;11551;41259;24111;13213;5554;5304;2355;519;140362;28633;111729;20826;19181;45172;26550
816;41 jaar;2001;143668;29810;113858;16117;97741;13443;6896;2712;2887;948;86304;8764;11509;42020;24011;13654;5866;5458;2330;457;143668;29810;113858;21394;19613;46273;26578
817;41 jaar;2002;146208;30988;115220;16436;98784;14318;7212;2892;3216;998;85765;8668;12069;41584;23444;14581;6245;5762;2574;556;146208;30988;115220;22104;20650;46270;26196
818;41 jaar;2003;148961;31639;117322;16839;100483;15689;7552;3185;3722;1230;86205;8748;12080;42249;23128;14889;6362;6072;2455;539;148961;31639;117322;22534;21324;47375;26089
819;41 jaar;2004;150604;32540;118064;16841;101223;16534;7537;3600;4156;1241;85558;8768;12308;41793;22689;15436;6505;6346;2585;536;150604;32540;118064;22689;22198;47548;25629
820;41 jaar;2005;153320;33396;119924;17289;102635;18017;7986;3777;4813;1441;85317;8770;12570;41873;22104;16057;6920;6495;2642;533;153320;33396;119924;23563;22693;48220;25448
821;41 jaar;2006;155069;34232;120837;17450;103387;19459;8299;4345;5202;1613;84147;8568;12753;41382;21444;16648;7324;6710;2614;583;155069;34232;120837;24136;23680;48000;25021
822;41 jaar;2007;152343;33952;118391;17064;101327;20170;8279;4420;5797;1674;81187;8208;12508;40059;20412;16457;7261;6619;2577;577;152343;33952;118391;23697;23423;47286;23985
823;41 jaar;2008;148303;33418;114885;16421;98464;20965;8174;4626;6318;1847;77478;7663;11834;38279;19702;15858;7253;6281;2324;584;148303;33418;114885;23066;22626;45842;23351
824;41 jaar;2009;147235;33658;113577;16217;97360;21916;8167;4875;6931;1943;74970;7496;11693;37388;18393;16137;7309;6396;2432;554;147235;33658;113577;22895;22836;45740;22106
825;41 jaar;2010;148392;34318;114074;15845;98229;23332;8165;5356;7591;2220;73633;7091;11493;36717;18332;16520;7713;6309;2498;589;148392;34318;114074;22909;23079;45756;22330
826;41 jaar;2011;155331;36511;118820;16566;102254;25986;8891;5854;8768;2473;75033;7321;11966;37257;18489;17447;8321;6651;2475;354;155331;36511;118820;24182;24322;47511;22805
827;41 jaar;2012;151681;36667;115014;15961;99053;25711;8431;5819;8882;2579;71501;7138;11485;35205;17673;17410;8123;6762;2525;392;151681;36667;115014;23366;23928;45673;22047
828;41 jaar;2013;145100;35210;109890;14925;94965;25448;8096;5793;8973;2586;67001;6483;10947;32986;16585;17095;8253;6448;2394;346;145100;35210;109890;22506;23058;43456;20870
829;41 jaar;2014;137654;33659;103995;14103;89892;25078;7740;5653;9075;2610;61584;6005;9921;30435;15223;16975;8199;6335;2441;358;137654;33659;103995;21681;21832;41084;19398
830;41 jaar;2015;127600;32007;95593;12518;83075;23579;6887;5333;8799;2560;55883;5232;8825;27652;14174;15732;7575;5828;2329;399;127600;32007;95593;19486;19907;37932;18268
831;41 jaar;2016;123483;31335;92148;11855;80293;23108;6708;5000;8889;2511;53118;4738;8157;26438;13785;15513;7564;5694;2255;409;123483;31335;92148;18865;18755;36724;17804
832;41 jaar;2017;118535;30467;88068;11278;76790;22481;6378;4935;8712;2456;50274;4563;7798;24728;13185;14976;7108;5618;2250;337;118535;30467;88068;17822;18224;34825;17197
833;41 jaar;2018;118169;30464;87705;11281;76424;23079;6393;5033;9015;2638;49566;4506;7634;24459;12967;14678;7044;5446;2188;382;118169;30464;87705;17726;18003;34883;17093
834;41 jaar;2019;117364;30101;87263;11167;76096;22845;6273;4933;8998;2641;48738;4488;7396;24145;12709;15274;7282;5651;2341;406;117364;30101;87263;17845;17879;34615;16924
835;41 jaar;2020;120366;31205;89161;11337;77824;23399;6389;5004;9228;2778;49704;4514;7882;24416;12892;15624;7423;5766;2435;434;120366;31205;89161;18138;18556;35187;17280
836;41 jaar;2021;120846;31330;89516;11233;78283;23637;6490;4987;9337;2823;49441;4284;7903;24356;12898;15979;7595;5955;2429;459;120846;31330;89516;18152;18740;35266;17358
837;41 jaar;2022;125969;32496;93473;12096;81377;25323;7100;5093;9955;3175;51024;4510;8038;25106;13370;16640;7864;6146;2630;486;125969;32496;93473;19270;19188;36745;18270
838;41 jaar;2023;126353;33268;93085;11836;81249;24623;6768;4973;9775;3107;50999;4599;8454;24785;13161;16994;8083;6213;2698;469;126353;33268;93085;19278;19549;36222;18036
839;41 jaar;2024;126057;33644;92413;12131;80282;24208;6838;5056;9214;3100;50839;4759;8506;24551;13023;16832;7839;6135;2858;534;126057;33644;92413;19231;19731;35490;17961
840;42 jaar;1995;131266;23478;107788;14614;93174;8010;4616;1500;1384;510;87592;9574;12867;42255;22896;11762;5436;4673;1653;424;131266;23478;107788;19537;18986;44569;24696
841;42 jaar;1996;130550;23990;106560;14084;92476;8271;4741;1519;1445;566;85851;8948;12173;41390;23340;12043;5391;4795;1857;395;130550;23990;106560;18979;18474;43891;25216
842;42 jaar;1997;131689;24840;106849;14217;92632;8968;4998;1686;1682;602;85307;8822;11900;40978;23607;12177;5431;4790;1956;397;131689;24840;106849;19123;18401;43768;25557
843;42 jaar;1998;132642;25519;107123;14300;92823;9801;5405;1855;1823;718;84548;8532;11643;40491;23882;12411;5558;4899;1954;363;132642;25519;107123;19363;18414;43435;25911
844;42 jaar;1999;136446;26866;109580;14861;94719;10595;5712;2034;2128;721;85674;8738;11567;40919;24450;12900;5601;5171;2128;411;136446;26866;109580;19979;18757;44252;26592
845;42 jaar;2000;137993;27426;110567;15163;95404;11387;6042;2138;2373;834;85506;8653;11606;41193;24054;13206;5798;5232;2176;468;137993;27426;110567;20441;18977;44846;26303
846;42 jaar;2001;140998;28723;112275;15661;96614;12342;6446;2337;2665;894;85496;8705;11449;41231;24111;13927;6045;5520;2362;510;140998;28723;112275;21135;19286;45257;26597
847;42 jaar;2002;144731;30154;114577;15903;98674;13423;6649;2719;3071;984;86080;8752;11443;41821;24064;14572;6461;5773;2338;502;144731;30154;114577;21747;19879;46306;26645
848;42 jaar;2003;146751;30980;115771;16181;99590;14217;6981;2807;3355;1074;85580;8688;11973;41462;23457;15462;6739;6098;2625;512;146751;30980;115771;22256;20898;46356;26261
849;42 jaar;2004;149223;31701;117522;16575;100947;15481;7271;3168;3788;1254;85999;8760;11968;42049;23222;15498;6768;6289;2441;544;149223;31701;117522;22713;21351;47295;26163
850;42 jaar;2005;150800;32312;118488;16533;101955;16450;7355;3512;4280;1303;85182;8639;12145;41702;22696;16317;7068;6664;2585;539;150800;32312;118488;22959;22235;47573;25721
851;42 jaar;2006;153676;33558;120118;17074;103044;17900;7804;3747;4852;1497;84903;8743;12362;41737;22061;16788;7467;6657;2664;527;153676;33558;120118;23852;22692;48194;25380
852;42 jaar;2007;155349;34237;121112;17116;103996;19110;7972;4191;5322;1625;83870;8570;12637;41225;21438;17558;7886;7036;2636;574;155349;34237;121112;24369;23757;48053;24933
853;42 jaar;2008;152595;33876;118719;16685;102034;19874;7961;4337;5860;1716;80954;8149;12362;39911;20532;17316;7856;6837;2623;575;152595;33876;118719;23892;23432;47324;24071
854;42 jaar;2009;149129;33655;115474;16085;99389;20612;7821;4486;6409;1896;77466;7683;11626;38261;19896;16815;7921;6569;2325;581;149129;33655;115474;23414;22553;45980;23527
855;42 jaar;2010;148147;33765;114382;15867;98515;21648;7875;4753;6959;2061;75082;7446;11597;37434;18605;17106;7998;6674;2434;546;148147;33765;114382;23294;22866;45847;22375
856;42 jaar;2011;149005;34164;114841;15564;99277;23239;8038;5280;7618;2303;73906;7153;11397;36883;18473;17323;8271;6537;2515;373;149005;34164;114841;23125;23081;46074;22561
857;42 jaar;2012;156268;36801;119467;16151;103316;25255;8492;5580;8723;2460;75185;7302;11835;37280;18768;18670;9127;7005;2538;357;156268;36801;119467;24551;24286;47561;23069
858;42 jaar;2013;152389;36668;115721;15490;100231;25250;8082;5710;8858;2600;71552;7062;11311;35250;17929;18573;8964;7078;2531;346;152389;36668;115721;23732;23956;45731;22302
859;42 jaar;2014;145780;34944;110836;14578;96258;24999;7799;5557;9030;2613;67147;6459;10752;33137;16799;18370;8991;6884;2495;320;145780;34944;110836;22905;23055;43800;21076
860;42 jaar;2015;138514;33877;104637;13632;91005;24608;7366;5444;9157;2641;61703;5916;9793;30531;15463;17976;8867;6617;2492;350;138514;33877;104637;21867;21730;41341;19699
861;42 jaar;2016;128399;32037;96362;12203;84159;23075;6611;5068;8780;2616;56223;5206;8745;27722;14550;16678;8125;6143;2410;386;128399;32037;96362;19703;19867;38029;18763
862;42 jaar;2017;124385;31450;92935;11639;81296;22782;6438;4856;8916;2572;53621;4811;8092;26560;14158;16142;7822;6007;2313;390;124385;31450;92935;18839;18833;36986;18277
863;42 jaar;2018;119459;30326;89133;11154;77979;22088;6237;4750;8578;2523;50850;4583;7706;24949;13612;15861;7685;5845;2331;334;119459;30326;89133;18242;18215;34978;17698
864;42 jaar;2019;119236;30402;88834;11048;77786;22491;6123;4761;8963;2644;50361;4560;7713;24732;13356;15617;7568;5772;2277;365;119236;30402;88834;17970;18185;35158;17521
865;42 jaar;2020;118627;30002;88625;11007;77618;22432;6146;4735;8906;2645;49523;4481;7413;24505;13124;16290;7915;5936;2439;380;118627;30002;88625;18281;18017;34964;17363
866;42 jaar;2021;121171;30842;90329;11225;79104;23292;6368;4905;9202;2817;50104;4438;7727;24609;13330;16514;7927;6101;2486;419;121171;30842;90329;18473;18662;35465;17729
867;42 jaar;2022;122159;31682;90477;10973;79504;23149;6241;4751;9276;2881;50146;4288;7783;24739;13336;16738;8004;6239;2495;444;122159;31682;90477;18288;18683;35657;17849
868;42 jaar;2023;128512;33352;95160;11684;83476;24416;6589;4987;9618;3222;52450;4619;8212;25705;13914;17818;8512;6596;2710;476;128512;33352;95160;19477;19675;37062;18946
869;42 jaar;2024;127632;33212;94420;11646;82774;23936;6467;4781;9601;3087;51998;4677;8423;25297;13601;17984;8593;6603;2788;502;127632;33212;94420;19556;19723;36620;18521
870;43 jaar;1995;127455;22495;104960;14445;90515;7235;4227;1359;1198;451;86064;9852;13748;41122;21342;11295;5489;4394;1412;366;127455;22495;104960;19397;19488;43130;22945
871;43 jaar;1996;131420;23655;107765;14461;93304;8185;4673;1569;1411;532;87038;9377;13363;41651;22647;12131;5774;4725;1632;411;131420;23655;107765;19736;19592;44011;24426
872;43 jaar;1997;130706;24111;106595;14363;92232;8381;4783;1588;1433;577;85464;9182;12524;40812;22946;12352;5724;4798;1830;398;130706;24111;106595;19592;18895;43342;24766
873;43 jaar;1998;132215;25154;107061;14371;92690;9040;5009;1726;1723;582;85001;8949;12238;40544;23270;12607;5812;4893;1902;413;132215;25154;107061;19724;18819;43346;25172
874;43 jaar;1999;133088;25703;107385;14440;92945;9702;5267;1816;1898;721;84346;8805;11931;40081;23529;12969;6003;5016;1950;368;133088;25703;107385;19947;18754;43144;25540
875;43 jaar;2000;136614;26830;109784;14999;94785;10594;5665;2045;2139;745;85542;8925;11820;40718;24079;13239;5994;5197;2048;409;136614;26830;109784;20467;19037;44090;26190
876;43 jaar;2001;138804;27726;111078;15252;95826;11375;5952;2153;2403;867;85349;8832;11756;40886;23875;13886;6238;5458;2190;468;138804;27726;111078;20953;19319;44663;26143
877;43 jaar;2002;141751;29023;112728;15647;97081;12366;6285;2425;2719;937;85069;8820;11500;40860;23889;14751;6585;5769;2397;542;141751;29023;112728;21615;19709;45021;26383
878;43 jaar;2003;145230;30353;114877;15930;98947;13309;6545;2654;3096;1014;85569;8901;11568;41375;23725;15515;7075;6054;2386;484;145230;30353;114877;22349;20216;45976;26336
879;43 jaar;2004;147022;30994;116028;16070;99958;14194;6754;2870;3490;1080;85138;8780;12096;41154;23108;16160;7318;6267;2575;536;147022;30994;116028;22729;21179;46230;25890
880;43 jaar;2005;149615;31810;117805;16565;101240;15453;7181;3157;3891;1224;85487;8883;12002;41681;22921;16364;7372;6548;2444;501;149615;31810;117805;23273;21643;47098;25791
881;43 jaar;2006;151155;32740;118415;16391;102024;16284;7173;3474;4301;1336;84570;8700;12191;41334;22345;17043;7651;6846;2546;518;151155;32740;118415;23370;22441;47269;25335
882;43 jaar;2007;153725;33622;120103;16833;103270;17557;7518;3682;4846;1511;84437;8768;12421;41502;21746;17562;8102;6866;2594;547;153725;33622;120103;24242;22908;47882;25071
883;43 jaar;2008;155695;34078;121617;17005;104612;18969;7799;4187;5355;1628;83586;8610;12757;40928;21291;18466;8611;7290;2565;596;155695;34078;121617;24906;24168;47823;24720
884;43 jaar;2009;153208;34177;119031;16616;102415;19642;7795;4267;5836;1744;80672;8245;12304;39671;20452;18141;8483;7065;2593;576;153208;34177;119031;24450;23554;47103;23924
885;43 jaar;2010;150106;33918;116188;16058;100130;20377;7656;4442;6348;1931;77465;7823;11737;37966;19939;17767;8619;6808;2340;579;150106;33918;116188;24031;22920;45726;23511
886;43 jaar;2011;148616;33880;114736;15747;98989;21682;7858;4797;6938;2089;75075;7570;11603;37270;18632;17660;8473;6779;2408;319;148616;33880;114736;23552;23009;45771;22404
887;43 jaar;2012;150104;34463;115641;15414;100227;22774;7748;5176;7558;2292;74071;7301;11335;36891;18544;18431;9043;6804;2584;365;150104;34463;115641;23714;23181;46142;22604
888;43 jaar;2013;157051;37031;120020;15956;104064;24892;8304;5447;8659;2482;75051;7302;11723;37226;18800;19727;9878;7296;2553;350;157051;37031;120020;25090;24374;47472;23084
889;43 jaar;2014;152911;36437;116474;15401;101073;24878;7961;5566;8781;2570;71419;7097;11229;35164;17929;19834;9801;7448;2585;343;152911;36437;116474;24478;24163;45583;22250
890;43 jaar;2015;146620;35261;111359;14386;96973;24622;7560;5419;9043;2600;67017;6517;10631;33062;16807;19411;9787;7109;2515;309;146620;35261;111359;23457;23024;43846;21032
891;43 jaar;2016;139520;34055;105465;13479;91986;24153;7199;5346;8990;2618;61960;5948;9819;30557;15636;19020;9485;6993;2542;332;139520;34055;105465;22302;22010;41295;19858
892;43 jaar;2017;129147;32168;96979;12034;84945;22786;6362;5077;8717;2630;56525;5307;8702;27749;14767;17303;8453;6370;2480;365;129147;32168;96979;19820;20031;38137;18991
893;43 jaar;2018;125353;31385;93968;11624;82344;22395;6316;4748;8772;2559;54043;4927;7987;26716;14413;17149;8440;6353;2356;381;125353;31385;93968;19441;18973;36997;18557
894;43 jaar;2019;120708;30451;90257;11082;79175;21670;6032;4627;8449;2562;51448;4721;7737;25133;13857;16810;8217;6201;2392;329;120708;30451;90257;18696;18451;35118;17992
895;43 jaar;2020;120327;30426;89901;11095;78806;22247;6092;4593;8884;2678;50888;4683;7684;24940;13581;16446;8010;6150;2286;320;120327;30426;89901;18477;18325;35327;17772
896;43 jaar;2021;119722;30315;89407;10952;78455;22252;6075;4580;8908;2689;49825;4527;7426;24595;13277;16980;8336;6192;2452;350;119722;30315;89407;18637;18074;35085;17611
897;43 jaar;2022;122291;31040;91251;11125;80126;22885;6176;4754;9107;2848;50787;4527;7713;24945;13602;17157;8343;6357;2457;422;122291;31040;91251;18791;18756;35649;18055
898;43 jaar;2023;124488;32530;91958;10971;80987;22509;6080;4557;8952;2920;51276;4463;7856;25236;13721;17745;8601;6541;2603;428;124488;32530;91958;18869;18827;35942;18320
899;43 jaar;2024;129788;33274;96514;11767;84747;23737;6477;4737;9330;3193;53477;4781;8255;26210;14231;18791;9158;6878;2755;509;129788;33274;96514;20117;19853;37278;19266
900;44 jaar;1995;128890;22575;106315;14997;91318;6773;4141;1191;1101;340;87532;10447;15143;41238;20704;11601;5912;4341;1348;409;128890;22575;106315;20360;20660;43103;22192
901;44 jaar;1996;127829;22845;104984;14573;90411;7333;4256;1412;1233;432;85602;9968;14505;40325;20804;11700;5837;4458;1405;349;127829;22845;104984;19892;20353;42385;22354
902;44 jaar;1997;131664;24139;107525;14875;92650;8152;4593;1592;1435;532;86618;9877;14082;40829;21830;12350;6054;4655;1641;405;131664;24139;107525;20418;20319;43208;23580
903;44 jaar;1998;131103;24437;106666;14907;91759;8535;4877;1618;1471;569;85110;9608;13217;40033;22252;12599;6060;4798;1741;422;131103;24437;106666;20473;19639;42507;24047
904;44 jaar;1999;132759;25663;107096;14774;92322;9050;4948;1710;1788;604;84779;9423;13030;39774;22552;12864;6146;4887;1831;403;132759;25663;107096;20424;19593;42629;24450
905;44 jaar;2000;133468;25797;107671;14888;92783;9892;5324;1872;1944;752;84140;9153;12477;39618;22892;13228;6314;5004;1910;411;133468;25797;107671;20641;19393;42755;24882
906;44 jaar;2001;137192;27072;110120;15319;94801;10606;5572;2069;2205;760;85176;9282;12284;40095;23515;13873;6504;5383;1986;465;137192;27072;110120;21247;19712;43528;25633
907;44 jaar;2002;139527;28217;111310;15306;96004;11346;5853;2164;2442;887;84833;8970;12084;40497;23282;14648;6902;5622;2124;483;139527;28217;111310;21610;19863;44276;25561
908;44 jaar;2003;142149;29174;112975;15864;97111;12423;6276;2440;2770;937;84489;9044;12019;40145;23281;15519;7242;5917;2360;544;142149;29174;112975;22457;20398;44350;25770
909;44 jaar;2004;145554;30609;114945;16031;98914;13341;6478;2681;3138;1044;85003;9056;11982;40888;23077;16104;7517;6253;2334;497;145554;30609;114945;22871;20890;45503;25681
910;44 jaar;2005;147097;31070;116027;16183;99844;14201;6693;2873;3529;1106;84546;8960;12454;40614;22518;16750;7830;6415;2505;530;147097;31070;116027;23308;21702;45716;25301
911;44 jaar;2006;149946;32206;117740;16593;101147;15398;7035;3217;3926;1220;84798;9053;12270;41072;22403;17039;8005;6631;2403;505;149946;32206;117740;23937;22060;46535;25208
912;44 jaar;2007;151352;32701;118651;16626;102025;16295;7118;3485;4355;1337;84078;8981;12468;40808;21821;17751;8299;6997;2455;527;151352;32701;118651;24247;22860;46779;24765
913;44 jaar;2008;154041;33893;120148;16943;103205;17458;7496;3680;4773;1509;83925;8896;12668;40984;21377;18214;8646;7052;2516;551;154041;33893;120148;24889;23312;47343;24604
914;44 jaar;2009;156311;34525;121786;17072;104714;18781;7635;4161;5347;1638;83250;8821;12959;40563;20907;19139;9205;7414;2520;616;156311;34525;121786;25569;24461;47512;24244
915;44 jaar;2010;154089;34717;119372;16600;102772;19383;7580;4275;5813;1715;80351;8458;12492;39283;20118;19076;9344;7189;2543;562;154089;34717;119372;25275;23855;46746;23496
916;44 jaar;2011;150301;34181;116120;16011;100109;20274;7606;4359;6349;1960;77362;8076;11932;37665;19689;18155;9049;6805;2301;329;150301;34181;116120;24260;22964;45577;23319
917;44 jaar;2012;149463;34303;115160;15688;99472;21205;7606;4705;6853;2041;74959;7752;11679;37111;18417;18666;9286;6999;2381;330;149463;34303;115160;24253;23223;45620;22064
918;44 jaar;2013;150911;34885;116026;15426;100600;22354;7622;5051;7451;2230;73840;7466;11421;36571;18382;19494;9842;7127;2525;338;150911;34885;116026;24537;23503;45649;22337
919;44 jaar;2014;157368;36885;120483;15973;104510;24554;8192;5364;8554;2444;74720;7473;11830;36868;18549;20901;10718;7640;2543;308;157368;36885;120483;25977;24692;47118;22696
920;44 jaar;2015;153599;36865;116734;15288;101446;24480;7736;5505;8692;2547;71231;7210;11296;34971;17754;20681;10485;7623;2573;342;153599;36865;116734;25000;24300;45350;22084
921;44 jaar;2016;147610;35651;111959;14293;97666;24211;7386;5318;8910;2597;66959;6587;10679;32937;16756;20469;10430;7522;2517;320;147610;35651;111959;23991;23381;43621;20966
922;44 jaar;2017;140217;34218;105999;13547;92452;23942;7135;5231;8968;2608;62121;6058;9878;30480;15705;19582;9801;7218;2563;354;140217;34218;105999;22573;22168;41231;20027
923;44 jaar;2018;130141;32128;98013;12090;85923;22474;6296;4954;8631;2593;56863;5455;8772;27780;14856;18337;9081;6775;2481;339;130141;32128;98013;20482;20386;38075;19070
924;44 jaar;2019;126217;31537;94680;11698;82982;21984;6239;4562;8583;2600;54463;5078;8149;26750;14486;17852;8897;6580;2375;381;126217;31537;94680;19916;19235;36843;18686
925;44 jaar;2020;121911;30703;91208;11241;79967;21323;6003;4463;8331;2526;51959;4898;7881;25264;13916;17586;8718;6470;2398;340;121911;30703;91208;19267;18733;35200;18008
926;44 jaar;2021;121414;30574;90840;11294;79546;22193;6163;4544;8803;2683;51115;4814;7679;24950;13672;17215;8573;6316;2326;317;121414;30574;90840;19172;18457;35352;17859
927;44 jaar;2022;120899;30708;90191;10932;79259;21952;5989;4512;8792;2659;50228;4589;7458;24758;13423;17657;8739;6470;2448;354;120899;30708;90191;18970;18340;35210;17671
928;44 jaar;2023;124617;31921;92696;11143;81553;22319;5984;4642;8903;2790;51820;4741;8029;25233;13817;18139;9078;6580;2481;418;124617;31921;92696;19478;19202;35806;18210
929;44 jaar;2024;125843;32787;93056;11111;81945;22013;6010;4462;8699;2842;51924;4589;8025;25447;13863;18607;9196;6794;2617;512;125843;32787;93056;19496;19255;35921;18384
930;45 jaar;1995;131364;22532;108832;16343;92489;6719;4041;1347;1003;328;89983;11889;17998;40764;19332;11717;6233;4227;1257;413;131364;22532;108832;21977;23538;42568;20749
931;45 jaar;1996;129157;23050;106107;15432;90675;6941;4238;1253;1071;379;86926;10779;16447;39834;19866;11825;6229;4283;1313;415;129157;23050;106107;21093;21972;41661;21381
932;45 jaar;1997;128070;23272;104798;15438;89360;7495;4372;1451;1229;443;85077;10727;15705;38930;19715;11887;6196;4386;1305;339;128070;23272;104798;21107;21510;40991;21190
933;45 jaar;1998;131955;24452;107503;15787;91716;8291;4751;1600;1426;514;86319;10635;15310;39570;20804;12492;6345;4596;1551;401;131955;24452;107503;21618;21463;41940;22482
934;45 jaar;1999;131330;24838;106492;15663;90829;8577;4873;1657;1492;555;84721;10367;14331;38874;21149;12771;6467;4682;1622;423;131330;24838;106492;21619;20641;41331;22901
935;45 jaar;2000;132938;25733;107205;15697;91508;9271;5176;1706;1765;624;84501;10093;13969;38838;21601;13005;6465;4798;1742;428;132938;25733;107205;21575;20481;41688;23461
936;45 jaar;2001;133929;26139;107790;15494;92296;9962;5378;1909;1920;755;83836;9696;13268;38818;22054;13572;6703;5069;1800;420;133929;26139;107790;21600;20245;41905;24040
937;45 jaar;2002;137803;27570;110233;15645;94588;10709;5576;2090;2254;789;84612;9609;13007;39296;22700;14452;7053;5457;1942;460;137803;27570;110233;22096;20526;42798;24813
938;45 jaar;2003;139802;28670;111132;15662;95470;11352;5763;2220;2505;864;84168;9395;12730;39745;22298;15108;7391;5635;2082;504;139802;28670;111132;22437;20567;43548;24580
939;45 jaar;2004;142442;29565;112877;16138;96739;12397;6233;2468;2802;894;83963;9383;12597;39530;22453;15995;7775;5950;2270;522;142442;29565;112877;23282;21004;43719;24872
940;45 jaar;2005;145603;30685;114918;16310;98608;13307;6426;2726;3147;1008;84403;9379;12684;40101;22239;16703;8012;6386;2305;505;145603;30685;114918;23641;21749;44789;24739
941;45 jaar;2006;147237;31676;115561;16457;99104;13989;6589;2791;3520;1089;83915;9346;13049;39874;21646;17135;8329;6414;2392;522;147237;31676;115561;24089;22193;44934;24345
942;45 jaar;2007;150163;32698;117465;16912;100553;15240;6941;3156;3938;1205;84238;9440;12780;40436;21582;17456;8546;6632;2278;531;150163;32698;117465;24794;22549;45774;24348
943;45 jaar;2008;151522;32924;118598;16883;101715;16188;7084;3490;4267;1347;83546;9266;13106;40093;21081;18331;8902;7101;2328;533;151522;32924;118598;25104;23606;45892;23996
944;45 jaar;2009;154490;34198;120292;17345;102947;17453;7525;3763;4681;1484;83501;9283;13100;40355;20763;18801;9321;7074;2406;537;154490;34198;120292;25952;23879;46607;23854
945;45 jaar;2010;156977;35040;121937;17442;104495;18575;7585;4152;5204;1634;82932;9218;13397;39999;20318;19791;9891;7446;2454;639;156977;35040;121937;26612;24945;46790;23590
946;45 jaar;2011;154529;35142;119387;16909;102478;19464;7762;4319;5689;1694;80062;8775;12888;38779;19620;19489;9812;7202;2475;372;154529;35142;119387;25874;24267;46175;23071
947;45 jaar;2012;151161;34808;116353;16249;100104;19881;7535;4293;6170;1883;77132;8384;12222;37236;19290;19010;9743;7000;2267;330;151161;34808;116353;25188;23367;44983;22815
948;45 jaar;2013;150211;34727;115484;15948;99536;20922;7567;4649;6724;1982;74719;8050;11886;36644;18139;19512;9979;7238;2295;331;150211;34727;115484;25131;23701;44934;21718
949;45 jaar;2014;151182;34849;116333;15515;100818;22014;7486;4942;7379;2207;73477;7692;11690;36097;17998;20505;10587;7412;2506;337;151182;34849;116333;25364;23925;45156;21888
950;45 jaar;2015;157934;37374;120560;15976;104584;24216;7991;5391;8438;2396;74388;7682;12072;36427;18207;21653;11373;7760;2520;303;157934;37374;120560;26523;25067;46590;22380
951;45 jaar;2016;154493;37400;117093;15251;101842;24066;7600;5357;8588;2521;70957;7308;11478;34615;17556;21727;11182;7954;2591;343;154493;37400;117093;25635;24628;44942;21888
952;45 jaar;2017;148224;35816;112408;14496;97912;24027;7380;5305;8783;2559;67087;6791;10914;32739;16643;20969;10737;7725;2507;325;148224;35816;112408;24402;23780;43367;20859
953;45 jaar;2018;141265;34660;106605;13660;92945;23498;7015;5157;8747;2579;62394;6314;10032;30416;15632;20382;10394;7437;2551;331;141265;34660;106605;23300;22476;40991;19838
954;45 jaar;2019;131225;32592;98633;12275;86358;22066;6234;4853;8425;2554;57128;5712;8882;27769;14765;19110;9680;6961;2469;329;131225;32592;98633;21227;20595;37911;18900
955;45 jaar;2020;127336;32071;95265;11780;83485;21642;6147;4516;8435;2544;54819;5287;8352;26737;14443;18458;9335;6744;2379;346;127336;32071;95265;20380;19576;36773;18536
956;45 jaar;2021;122688;30960;91728;11476;80252;21132;6114;4296;8205;2517;52078;5034;8004;25228;13812;18190;9174;6684;2332;328;122688;30960;91728;19904;18896;35034;17894
957;45 jaar;2022;122542;31135;91407;11393;80014;21763;6084;4446;8611;2622;51507;4961;7810;25073;13663;17789;8918;6540;2331;348;122542;31135;91407;19594;18741;35269;17803
958;45 jaar;2023;123109;31575;91534;11137;80397;21441;5917;4424;8528;2572;51181;4842;7734;25049;13556;18534;9346;6737;2451;378;123109;31575;91534;19674;18837;35283;17740
959;45 jaar;2024;125823;32368;93455;11305;82150;21765;5909;4510;8629;2717;52377;4948;8298;25358;13773;18865;9595;6786;2484;448;125823;32368;93455;20074;19565;35701;18115
960;46 jaar;1995;136185;23023;113162;18401;94761;6635;4059;1298;978;300;94520;13923;21425;41040;18132;11588;6429;3995;1164;419;136185;23023;113162;24154;26710;42799;19499
961;46 jaar;1996;131680;23267;108413;17378;91035;6851;4129;1388;1003;331;89373;12843;19530;38854;18146;11783;6500;4099;1184;406;131680;23267;108413;23281;24987;40601;19544
962;46 jaar;1997;129281;23563;105718;16666;89052;7054;4289;1337;1042;386;86445;11960;18003;38003;18479;11802;6483;4088;1231;417;129281;23563;105718;22560;23378;39876;19904
963;46 jaar;1998;128273;23887;104386;16694;87692;7564;4451;1477;1225;411;84580;11872;17147;37086;18475;11871;6482;4143;1246;371;128273;23887;104386;22612;22716;39172;19886
964;46 jaar;1999;132361;25282;107079;16928;90151;8129;4682;1551;1398;498;85951;11836;16790;37896;19429;12589;6738;4414;1437;410;132361;25282;107079;23098;22697;40238;21046
965;46 jaar;2000;131424;25267;106157;16704;89453;8638;4937;1685;1481;535;84287;11331;15586;37491;19879;12796;6740;4564;1492;436;131424;25267;106157;22847;21842;39972;21496
966;46 jaar;2001;133210;26259;106951;16462;90489;9159;5108;1675;1769;607;84130;10907;15154;37607;20462;13215;6836;4738;1641;447;133210;26259;106951;22660;21571;40456;22264
967;46 jaar;2002;134486;26709;107777;16280;91497;10002;5424;1885;1934;759;83296;10398;14146;37845;20907;14021;7162;5100;1759;458;134486;26709;107777;22840;21113;40953;22871
968;46 jaar;2003;138133;28165;109968;16345;93623;10668;5567;2115;2240;746;84019;10294;14058;38232;21435;14797;7498;5429;1870;484;138133;28165;109968;23194;21594;41705;23475
969;46 jaar;2004;139790;29087;110703;16164;94539;11267;5733;2269;2418;847;83494;9937;13867;38691;20999;15448;7817;5721;1910;494;139790;29087;110703;23352;21798;42399;23154
970;46 jaar;2005;142390;29798;112592;16700;95892;12380;6223;2511;2753;893;83363;9946;13618;38573;21226;16318;8169;6016;2133;531;142390;29798;112592;24160;22116;42748;23568
971;46 jaar;2006;145912;31306;114606;16734;97872;13073;6322;2668;3075;1008;83818;9882;13717;39097;21122;17185;8643;6407;2135;530;145912;31306;114606;24622;22784;43667;23533
972;46 jaar;2007;147369;32176;115193;16934;98259;13751;6442;2755;3497;1057;83353;9954;13891;38954;20554;17551;8936;6358;2257;538;147369;32176;115193;25120;22983;43995;23095
973;46 jaar;2008;150264;33086;117178;17442;99736;15066;6925;3134;3809;1198;83650;10000;13518;39592;20540;17945;9126;6648;2171;517;150264;33086;117178;25862;23274;44829;23213
974;46 jaar;2009;151993;33749;118244;17361;100883;15924;7013;3455;4174;1282;83088;9798;13923;39296;20071;18682;9496;7034;2152;550;151993;33749;118244;26116;24370;44902;22856
975;46 jaar;2010;155070;35004;120066;17679;102387;17037;7309;3650;4619;1459;83141;9798;13931;39560;19852;19316;9913;7109;2294;572;155070;35004;120066;26847;24624;45776;22819
976;46 jaar;2011;157284;35520;121764;17868;103896;18741;7811;4125;5164;1641;82565;9670;14138;39183;19574;20071;10414;7364;2293;387;157284;35520;121764;27388;25463;45908;23005
977;46 jaar;2012;155173;35833;119340;17133;102207;19051;7620;4267;5511;1653;79689;9166;13422;38137;18964;20253;10554;7309;2390;347;155173;35833;119340;26831;24810;45347;22352
978;46 jaar;2013;151796;35410;116386;16577;99809;19704;7482;4320;6066;1836;76631;8769;12656;36535;18671;19725;10513;7080;2132;326;151796;35410;116386;26288;23912;44092;22094
979;46 jaar;2014;150449;35027;115422;16210;99212;20583;7535;4596;6566;1886;74226;8354;12342;36038;17492;20292;10690;7386;2216;321;150449;35027;115422;26113;24244;44117;20948
980;46 jaar;2015;151749;35708;116041;15690;100351;21736;7404;4901;7256;2175;72943;7948;12152;35470;17373;21024;11135;7519;2370;338;151749;35708;116041;26012;24429;44387;21213
981;46 jaar;2016;158868;38088;120780;16341;104439;23833;8012;5300;8206;2315;74114;8031;12405;35907;17771;22535;12016;8048;2471;298;158868;38088;120780;27539;25582;45881;21778
982;46 jaar;2017;155183;37840;117343;15579;101764;23960;7658;5420;8442;2440;70858;7576;11761;34168;17353;22180;11589;8047;2544;345;155183;37840;117343;26252;25058;44373;21660
983;46 jaar;2018;149189;36243;112946;14865;98081;23758;7452;5238;8545;2523;67174;7100;11206;32466;16402;21701;11350;7876;2475;313;149189;36243;112946;25326;24180;42883;20557
984;46 jaar;2019;142288;35200;107088;13909;93179;23095;6978;5084;8520;2513;62565;6596;10357;30168;15444;21093;11024;7586;2483;335;142288;35200;107088;24121;22869;40481;19617
985;46 jaar;2020;132223;33008;99215;12591;86624;21630;6219;4719;8183;2509;57444;6031;9150;27640;14623;19800;10251;7167;2382;341;132223;33008;99215;22057;20956;37538;18664
986;46 jaar;2021;128275;32422;95853;12086;83767;21600;6242;4571;8306;2481;54907;5499;8665;26438;14305;19001;9923;6780;2298;345;128275;32422;95853;21234;19913;36424;18282
987;46 jaar;2022;123695;31584;92111;11693;80418;20853;6111;4278;7999;2465;52339;5260;8279;25129;13671;18597;9536;6757;2304;322;123695;31584;92111;20485;19197;34781;17648
988;46 jaar;2023;124448;32153;92295;11485;80810;21234;5924;4422;8315;2573;52174;5219;8150;25180;13625;18545;9565;6682;2298;342;124448;32153;92295;20300;19170;35115;17710
989;46 jaar;2024;124335;32064;92271;11391;80880;20999;5904;4303;8311;2481;51676;5103;8079;25105;13389;19212;9868;6925;2419;384;124335;32064;92271;20419;19227;35160;17465
990;47 jaar;1995;143749;24544;119205;22006;97199;6607;4224;1301;820;262;100036;17367;25691;40508;16470;12147;7193;3942;1012;415;143749;24544;119205;28461;30910;42099;17735
991;47 jaar;1996;136297;23755;112542;20054;92488;6855;4276;1299;984;296;93721;15376;23391;38245;16709;11564;6718;3780;1066;402;136297;23755;112542;26101;28425;39974;18042
992;47 jaar;1997;131710;23893;107817;19337;88480;6975;4292;1387;985;311;88773;14627;21163;36444;16539;11651;6670;3915;1066;418;131710;23893;107817;25366;26421;38207;17823
993;47 jaar;1998;129420;24305;105115;18373;86742;7087;4364;1327;1022;374;85984;13579;19701;35818;16886;11614;6644;3829;1141;430;129420;24305;105115;24422;24815;37594;18284
994;47 jaar;1999;128540;24734;103806;18569;85237;7582;4529;1469;1199;385;84172;13669;18956;34831;16716;11681;6700;3867;1114;371;128540;24734;103806;24679;24279;36803;18045
995;47 jaar;2000;132332;25607;106725;18782;87943;8424;4934;1589;1412;489;85484;13426;18278;35967;17813;12395;6889;4200;1306;422;132332;25607;106725;25034;24020;38294;19377
996;47 jaar;2001;131848;26007;105841;17992;87849;8603;5012;1596;1473;522;83832;12507;17075;35844;18406;12933;7106;4462;1365;473;131848;26007;105841;24437;23204;38192;20008
997;47 jaar;2002;133793;27013;106780;17408;89372;9205;5105;1754;1730;616;83460;11848;16462;36180;18970;13660;7465;4640;1555;455;133793;27013;106780;24207;22879;38969;20725
998;47 jaar;2003;134611;27296;107315;17319;89996;9988;5483;1910;1879;716;82669;11381;15651;36291;19346;14203;7578;5021;1604;455;134611;27296;107315;24213;22613;39266;21223
999;47 jaar;2004;138154;28548;109606;17347;92259;10640;5552;2142;2232;714;83479;11329;15425;36839;19886;15021;7965;5300;1756;466;138154;28548;109606;24656;22787;40283;21880
1000;47 jaar;2005;139857;29629;110228;17077;93151;11315;5812;2287;2418;798;82762;10783;15185;37341;19453;15669;8154;5683;1832;482;139857;29629;110228;24587;23041;41071;21529
1001;47 jaar;2006;142605;30701;111904;17462;94442;12221;6180;2404;2761;876;82629;10759;14980;37251;19639;16531;8630;5959;1942;523;142605;30701;111904;25384;23267;41404;21849
1002;47 jaar;2007;145880;31926;113954;17603;96351;12990;6322;2697;3027;944;83092;10745;14828;37983;19536;17336;9093;6278;1965;536;145880;31926;113954;25935;23763;42450;21806
1003;47 jaar;2008;147420;32610;114810;17707;97103;13755;6487;2776;3465;1027;82820;10693;15111;37830;19186;17708;9426;6289;1993;527;147420;32610;114810;26418;24151;42602;21639
1004;47 jaar;2009;150501;33586;116915;18178;98737;14921;6898;3173;3705;1145;83182;10713;14745;38390;19334;18245;9710;6487;2048;567;150501;33586;116915;27090;24395;43572;21858
1005;47 jaar;2010;152576;34593;117983;18131;99852;15771;6989;3451;4067;1264;82528;10547;14842;38189;18950;19089;10092;7005;1992;595;152576;34593;117983;27442;25239;43687;21615
1006;47 jaar;2011;155166;35434;119732;18431;101301;17306;7545;3774;4557;1430;82689;10521;14867;38540;18761;19372;10321;6919;2132;365;155166;35434;119732;27892;25339;44633;21868
1007;47 jaar;2012;157989;36544;121445;18329;103116;18407;7733;4072;5052;1550;82071;10230;14875;38288;18678;20601;11086;7288;2227;366;157989;36544;121445;28513;26056;44936;21940
1008;47 jaar;2013;155546;36538;119008;17712;101296;18809;7695;4169;5321;1624;79173;9679;14087;37323;18084;20688;11220;7267;2201;338;155546;36538;119008;28086;25369;44230;21323
1009;47 jaar;2014;151911;35691;116220;17088;99132;19452;7552;4260;5884;1756;76090;9225;13388;35731;17746;20367;11124;7236;2007;311;151911;35691;116220;27410;24748;43035;21027
1010;47 jaar;2015;150901;35830;115071;16506;98565;20388;7475;4611;6449;1853;73619;8717;13048;35145;16709;20750;11295;7323;2132;314;150901;35830;115071;26953;24799;43186;20133
1011;47 jaar;2016;152459;36205;116254;16176;100078;21526;7484;4874;7065;2103;72587;8349;12716;34855;16667;21798;11848;7658;2292;343;152459;36205;116254;27162;25117;43580;20395
1012;47 jaar;2017;159650;38899;120751;16736;104015;23642;7962;5405;8016;2259;73945;8463;12870;35307;17305;22853;12457;7974;2422;311;159650;38899;120751;28195;26050;45136;21370
1013;47 jaar;2018;155826;38230;117596;16054;101542;23643;7701;5351;8230;2361;70949;8034;12280;33678;16957;22685;12093;8141;2451;319;155826;38230;117596;27239;25569;43710;21078
1014;47 jaar;2019;149961;36632;113329;15314;98015;23477;7486;5230;8310;2451;67305;7552;11692;32017;16044;22271;11881;7983;2407;276;149961;36632;113329;26268;24716;42206;20139
1015;47 jaar;2020;143210;35832;107378;14298;93080;22630;6993;5006;8219;2412;62753;6980;10823;29912;15038;21670;11589;7659;2422;325;143210;35832;107378;25011;23323;39986;19058
1016;47 jaar;2021;132860;33370;99490;12982;86508;21505;6353;4713;7999;2440;57507;6292;9576;27357;14282;20141;10710;7157;2274;337;132860;33370;99490;22841;21356;36998;18295
1017;47 jaar;2022;129067;32992;96075;12333;83742;21226;6270;4511;8069;2376;55052;5722;9086;26298;13946;19456;10309;6898;2249;341;129067;32992;96075;21833;20366;36005;17871
1018;47 jaar;2023;125518;32661;92857;11953;80904;20410;5997;4240;7794;2379;52870;5612;8728;25048;13482;19233;10098;6877;2258;344;125518;32661;92857;21203;19782;34521;17351
1019;47 jaar;2024;125548;32566;92982;11914;81068;20821;5957;4340;8068;2456;52596;5560;8611;25127;13298;19168;10105;6842;2221;397;125548;32566;92982;21173;19705;34853;17251
1020;48 jaar;1995;148785;25435;123350;26020;97330;6541;4391;1171;744;235;104745;21200;30036;39141;14368;11635;7268;3566;801;429;148785;25435;123350;32551;34733;40492;15574
1021;48 jaar;1996;143927;25497;118430;24747;93683;6779;4337;1354;826;262;99292;19973;27502;36999;14818;11922;7343;3655;924;437;143927;25497;118430;31291;32519;38596;16024
1022;48 jaar;1997;136180;24673;111507;22823;88684;6917;4383;1316;940;278;93021;18047;24864;35127;14983;11176;6717;3546;913;393;136180;24673;111507;28845;29710;36785;16167
1023;48 jaar;1998;131821;24877;106944;21835;85109;7005;4360;1411;970;264;88231;17049;22806;33627;14749;11282;6690;3645;947;426;131821;24877;106944;27825;27894;35308;15917
1024;48 jaar;1999;129593;25182;104411;20865;83546;7065;4390;1339;988;348;85566;16006;21733;32898;14929;11311;6816;3502;993;469;129593;25182;104411;27026;26543;34634;16208
1025;48 jaar;2000;128514;25222;103292;20647;82645;7728;4702;1493;1168;365;83758;15568;20611;32596;14983;11429;6758;3655;1016;377;128514;25222;103292;26759;25725;34549;16259
1026;48 jaar;2001;132628;26261;106367;20659;85708;8489;5062;1580;1367;480;85048;15140;19924;33820;16164;12373;7137;4021;1215;457;132628;26261;106367;27101;25542;36067;17657
1027;48 jaar;2002;132133;26847;105286;19456;85830;8509;4979;1583;1455;492;83223;13994;18399;33980;16850;13071;7449;4313;1309;483;132133;26847;105286;26228;24293;36390;18375
1028;48 jaar;2003;133853;27779;106074;18918;87156;9198;5154;1777;1684;583;82756;13311;18157;34169;17119;13667;7766;4514;1387;453;133853;27779;106074;26016;24428;36810;18820
1029;48 jaar;2004;134702;28100;106602;18584;88018;9909;5448;1922;1871;668;82019;12683;17392;34483;17461;14221;7882;4910;1429;453;134702;28100;106602;25753;24208;37363;19278
1030;48 jaar;2005;137981;29086;108895;18689;90206;10748;5709;2200;2168;671;82664;12489;16946;35207;18022;14992;8314;5104;1574;491;137981;29086;108895;26273;24184;38531;19907
1031;48 jaar;2006;139918;30424;109494;18322;91172;11274;5851;2250;2417;756;82084;11974;16794;35693;17623;15639;8554;5462;1623;497;139918;30424;109494;26163;24453;39304;19574
1032;48 jaar;2007;142566;31408;111158;18665;92493;12051;6165;2409;2651;826;82079;11984;16453;35697;17945;16512;9056;5768;1688;516;142566;31408;111158;26954;24615;39544;20045
1033;48 jaar;2008;145950;32601;113349;18737;94612;12949;6353;2758;2929;909;82435;11855;16223;36573;17784;17436;9524;6148;1764;529;145950;32601;113349;27475;25085;40870;19919
1034;48 jaar;2009;147676;33457;114219;18864;95355;13705;6578;2828;3305;994;82202;11740;16493;36317;17652;17766;9870;6076;1820;546;147676;33457;114219;27922;25365;40968;19964
1035;48 jaar;2010;151024;34577;116447;19230;97217;14824;6977;3206;3557;1084;82600;11672;16128;37028;17772;18442;10181;6416;1845;581;151024;34577;116447;28590;25733;41950;20174
1036;48 jaar;2011;152524;35104;117420;19099;98321;16123;7268;3613;4002;1240;81878;11420;16073;36946;17439;19008;10476;6730;1802;411;152524;35104;117420;28630;26230;42359;20201
1037;48 jaar;2012;155608;36303;119305;19249;100056;17048;7556;3715;4439;1338;82182;11327;16025;37292;17538;19709;10968;6771;1970;366;155608;36303;119305;29328;26290;43171;20516
1038;48 jaar;2013;158445;37467;120978;19252;101726;18335;7829;4109;4925;1472;81536;11057;15914;37116;17449;20741;11611;7117;2013;366;158445;37467;120978;29932;26976;43549;20521
1039;48 jaar;2014;155559;37015;118544;18439;100105;18698;7713;4227;5217;1541;78497;10394;15230;35902;16971;21017;11787;7150;2080;332;155559;37015;118544;29390;26456;42697;20001
1040;48 jaar;2015;152159;36497;115662;17769;97893;19297;7602;4300;5721;1674;75516;9834;14307;34721;16654;20516;11488;7121;1907;333;152159;36497;115662;28353;25517;41841;19951
1041;48 jaar;2016;151549;36616;114933;17121;97812;20180;7555;4577;6286;1762;73186;9218;13759;34281;15928;21219;11882;7332;2005;348;151549;36616;114933;28082;25534;42123;19194
1042;48 jaar;2017;152976;36995;115981;16779;99202;21378;7517;4893;6938;2030;72354;8918;13383;34054;15999;21905;12154;7586;2165;344;152976;36995;115981;27990;25618;42724;19649
1043;48 jaar;2018;160311;39680;120631;17348;103283;23408;8055;5374;7823;2156;73771;8998;13546;34580;16647;23157;12819;8065;2273;295;160311;39680;120631;29151;26751;44178;20551
1044;48 jaar;2019;156704;38911;117793;16614;101179;23411;7751;5373;8024;2263;70974;8528;12989;33114;16343;23073;12621;8069;2383;335;156704;38911;117793;28298;26213;42973;20309
1045;48 jaar;2020;150945;37400;113545;15980;97565;23208;7619;5222;8035;2332;67421;8059;12347;31565;15450;22614;12358;7983;2273;302;150945;37400;113545;27366;25352;41437;19390
1046;48 jaar;2021;143877;36292;107585;14888;92697;22490;7096;4992;8070;2332;62749;7460;11373;29428;14488;22014;12114;7602;2298;332;143877;36292;107585;26058;23812;39345;18370
1047;48 jaar;2022;133776;34081;99695;13408;86287;21213;6344;4716;7764;2389;57734;6730;10213;26965;13826;20414;11166;7082;2166;334;133776;34081;99695;23692;21911;36377;17715
1048;48 jaar;2023;130808;34306;96502;12725;83777;20698;6200;4439;7790;2269;55558;6185;9678;26129;13566;19906;10787;6966;2153;340;130808;34306;96502;22687;20957;35484;17374
1049;48 jaar;2024;126516;33184;93332;12600;80732;20072;6133;4238;7460;2241;53300;6092;9470;24804;12934;19585;10568;6847;2170;375;126516;33184;93332;22280;20477;33938;16637
1050;49 jaar;1995;107517;18628;88889;21282;67607;4480;2956;906;472;146;75930;18005;23624;24843;9458;8158;5215;2370;573;321;107517;18628;88889;25911;26844;25830;10304
1051;49 jaar;1996;148947;26660;122287;29459;92828;6626;4440;1233;726;227;103976;24581;31721;35121;12553;11247;7259;3266;722;438;148947;26660;122287;35914;36191;36514;13668
1052;49 jaar;1997;143839;26506;117333;28642;88691;6967;4596;1357;768;246;98488;23602;28718;33237;12931;11434;7320;3277;837;444;143839;26506;117333;35128;33369;34827;14009
1053;49 jaar;1998;136356;25659;110697;26210;84487;7076;4581;1330;905;260;92396;21222;26353;31664;13157;10818;6838;3168;812;407;136356;25659;110697;32302;30888;33219;14288
1054;49 jaar;1999;131893;25650;106243;25419;80824;7127;4548;1390;936;253;87779;20441;24533;30168;12637;10907;6785;3319;803;430;131893;25650;106243;31474;29295;31755;13719
1055;49 jaar;2000;129505;25758;103747;23784;79963;7281;4605;1358;992;326;85115;18704;23228;30098;13085;10876;6740;3251;885;475;129505;25758;103747;29761;27867;31830;14289
1056;49 jaar;2001;128643;26018;102625;23071;79554;7752;4759;1484;1147;362;83250;17904;21924;30064;13358;11215;6847;3475;893;408;128643;26018;102625;29190;26868;31960;14607
1057;49 jaar;2002;132874;27330;105544;22775;82769;8429;5072;1550;1336;471;84323;17230;21234;31364;14495;12319;7340;3876;1103;473;132874;27330;105544;29431;26597;33607;15909
1058;49 jaar;2003;132215;27588;104627;21600;83027;8678;5113;1657;1440;468;82538;15983;20061;31629;14865;12907;7639;4092;1176;504;132215;27588;104627;28517;25804;33977;16329
1059;49 jaar;2004;133873;28463;105410;20892;84518;9224;5185;1820;1655;564;82070;15238;19985;31774;15073;13647;8055;4318;1274;469;133873;28463;105410;28205;26112;34417;16676
1060;49 jaar;2005;134647;28813;105834;20472;85362;9995;5602;1936;1832;625;81270;14430;18957;32518;15365;14129;8168;4667;1294;440;134647;28813;105834;27901;25538;35343;17052
1061;49 jaar;2006;138009;30213;107796;20318;87478;10479;5604;2210;2069;596;81921;14217;18627;33140;15937;14899;8619;4867;1413;497;138009;30213;107796;28163;25653;36352;17628
1062;49 jaar;2007;139830;31215;108615;19804;88811;11177;5856;2265;2369;687;81330;13448;18629;33550;15703;15608;8993;5134;1481;500;139830;31215;108615;28018;26018;37097;17482
1063;49 jaar;2008;142353;32069;110284;20214;90070;11964;6207;2455;2536;766;81538;13462;18141;33841;16094;16237;9383;5407;1447;545;142353;32069;110284;28800;26030;37454;18000
1064;49 jaar;2009;145962;33504;112458;20125;92333;12814;6341;2808;2795;870;81756;13252;17836;34662;16006;17356;9862;5880;1614;532;145962;33504;112458;29147;26483;38767;18061
1065;49 jaar;2010;148092;34461;113631;20414;93217;13586;6625;2837;3195;929;81694;13224;18025;34547;15898;17786;10341;5794;1651;565;148092;34461;113631;29921;26600;39004;18106
1066;49 jaar;2011;151086;35236;115850;20689;95161;15206;7362;3225;3569;1050;81924;12919;17473;35409;16123;18312;10493;6149;1670;408;151086;35236;115850;30240;26674;40287;18649
1067;49 jaar;2012;152960;36130;116830;20419;96411;15942;7411;3566;3817;1148;81348;12617;17422;35301;16008;19149;11005;6481;1663;391;152960;36130;116830;30448;27310;40464;18608
1068;49 jaar;2013;155942;37264;118678;20450;98228;16927;7631;3808;4229;1259;81582;12456;17344;35629;16153;19806;11512;6522;1772;363;155942;37264;118678;31057;27449;41284;18888
1069;49 jaar;2014;158184;37884;120300;20413;99887;18241;7936;4188;4742;1375;80926;12119;17351;35452;16004;20775;12114;6840;1821;358;158184;37884;120300;31624;28207;41663;18806
1070;49 jaar;2015;155852;38089;117763;19444;98319;18528;7742;4312;5036;1438;77799;11362;16468;34401;15568;21096;12230;6973;1893;340;155852;38089;117763;30703;27560;40918;18582
1071;49 jaar;2016;152668;37563;115105;18569;96536;19117;7675;4351;5513;1578;74937;10565;15329;33488;15555;20722;11963;7051;1708;329;152668;37563;115105;29611;26524;40305;18665
1072;49 jaar;2017;152100;37547;114553;17946;96607;20074;7644;4632;6134;1664;72937;9970;14766;33139;15062;21210;12197;7140;1873;332;152100;37547;114553;29157;26297;40811;18288
1073;49 jaar;2018;153589;37670;115919;17692;98227;21169;7708;4911;6635;1915;72212;9625;14331;33195;15061;22179;12551;7562;2066;359;153589;37670;115919;29229;26569;41559;18562
1074;49 jaar;2019;161066;40439;120627;18235;102392;23208;8154;5372;7648;2034;73687;9744;14467;33679;15797;23395;13239;8020;2136;337;161066;40439;120627;30380;27695;43043;19509
1075;49 jaar;2020;157562;39769;117793;17455;100338;23065;7845;5352;7721;2147;71077;9271;13873;32365;15568;23312;13048;8001;2263;339;157562;39769;117793;29478;27015;41857;19443
1076;49 jaar;2021;151630;38304;113326;16767;96559;22999;7741;5294;7759;2205;67406;8697;13286;30721;14702;22592;12628;7841;2123;329;151630;38304;113326;28371;26204;40236;18515
1077;49 jaar;2022;144650;37242;107408;15559;91849;22076;7177;4958;7759;2182;62891;8028;12134;28902;13827;22087;12449;7537;2101;354;144650;37242;107408;27025;24488;38364;17531
1078;49 jaar;2023;135306;35329;99977;13956;86021;20745;6353;4676;7465;2251;58196;7265;10972;26651;13308;20698;11606;7037;2055;338;135306;35329;99977;24568;22645;35707;17057
1079;49 jaar;2024;131634;34927;96707;13625;83082;20414;6464;4372;7510;2068;55799;6769;10608;25617;12805;20102;11186;6900;2016;392;131634;34927;96707;23840;21800;34684;16383
1080;50 jaar;1995;112579;19785;92794;26027;66767;4518;3151;779;442;146;79851;22492;25692;23243;8424;8041;5283;2235;523;384;112579;19785;92794;30632;28735;24231;9196
1081;50 jaar;1996;107461;19258;88203;24712;63491;4652;3108;911;471;162;75401;21277;24150;21813;8161;7823;5209;2139;475;327;107461;19258;88203;29271;27167;22775;8990
1082;50 jaar;1997;148845;27761;121084;34291;86793;6771;4637;1190;722;222;103179;29210;32487;30729;10753;10690;7148;2926;616;444;148845;27761;121084;40573;36642;32100;11769
1083;50 jaar;1998;143927;27814;116113;33199;82914;6936;4735;1297;704;200;97930;28031;29489;29330;11080;10814;7173;2951;690;433;143927;27814;116113;39472;33791;30803;12047
1084;50 jaar;1999;136425;26663;109762;30642;79120;6989;4625;1272;851;241;91960;25592;27697;27659;11012;10388;6856;2873;659;425;136425;26663;109762;36669;31908;29168;12017
1085;50 jaar;2000;131708;26389;105319;28986;76333;7264;4720;1416;868;260;87281;23797;25634;27038;10812;10305;6649;2984;672;469;131708;26389;105319;34806;30138;28552;11823
1086;50 jaar;2001;129605;26640;102965;26943;76022;7179;4647;1277;935;320;84701;21803;24223;27248;11427;10592;6782;3016;794;493;129605;26640;102965;32927;28508;28935;12595
1087;50 jaar;2002;128854;27034;101820;25896;75924;7681;4773;1487;1089;332;82651;20707;22740;27498;11706;11072;7008;3241;823;416;128854;27034;101820;32120;27503;29356;12841
1088;50 jaar;2003;132917;28201;104716;25612;79104;8386;5108;1533;1306;439;83711;20027;22697;28540;12447;12142;7561;3621;960;477;132917;28201;104716;32406;27799;30740;13771
1089;50 jaar;2004;131985;28409;103576;24116;79460;8646;5185;1651;1390;420;81919;18449;21662;28951;12857;12529;7740;3811;978;482;131985;28409;103576;31071;27102;31172;14231
1090;50 jaar;2005;133838;29377;104461;23440;81021;9168;5279;1794;1591;504;81443;17678;21410;29312;13043;13367;8182;4069;1116;483;133838;29377;104461;30823;27278;31825;14535
1091;50 jaar;2006;134449;29833;104616;22654;81962;9771;5514;1944;1754;559;80593;16690;20641;29922;13340;13802;8365;4311;1126;450;134449;29833;104616;30223;26898;32623;14872
1092;50 jaar;2007;138079;31253;106826;22480;84346;10398;5687;2161;1981;569;81382;16315;20372;30954;13741;14568;8747;4605;1216;478;138079;31253;106826;30440;27067;34003;15316
1093;50 jaar;2008;139773;32238;107535;21993;85542;11064;5963;2276;2198;627;80738;15519;20270;31262;13687;15222;9132;4823;1267;511;139773;32238;107535;30298;27345;34547;15345
1094;50 jaar;2009;142427;33148;109279;22263;87016;11851;6272;2499;2376;704;81011;15434;19822;31718;14037;15860;9591;4994;1275;557;142427;33148;109279;30999;27317;35137;15826
1095;50 jaar;2010;146154;34556;111598;22050;89548;12596;6377;2732;2676;811;81321;15117;19547;32474;14183;17125;10222;5481;1422;556;146154;34556;111598;31402;27753;36336;16107
1096;50 jaar;2011;148163;35343;112820;22224;90596;13883;6936;2980;3088;879;81096;14883;19608;32509;14096;17436;10492;5473;1471;405;148163;35343;112820;31755;27878;36856;16331
1097;50 jaar;2012;151434;36355;115079;22248;92831;14792;7337;3170;3325;960;81589;14497;19063;33531;14498;18284;10972;5789;1523;414;151434;36355;115079;32304;27815;38119;16841
1098;50 jaar;2013;153179;37184;115995;21985;94010;15599;7392;3522;3649;1036;80965;14175;19009;33338;14443;19013;11423;6125;1465;418;153179;37184;115995;32443;28514;38221;16817
1099;50 jaar;2014;155648;37833;117815;22068;95747;16660;7784;3728;3986;1162;81051;13925;19088;33558;14480;19745;11923;6276;1546;359;155648;37833;117815;33086;28885;38875;16969
1100;50 jaar;2015;158488;39021;119467;21987;97480;18059;8038;4188;4510;1323;80415;13577;18809;33611;14418;20621;12516;6485;1620;372;158488;39021;119467;33468;29285;39564;17150
1101;50 jaar;2016;156073;39077;116996;20776;96220;18255;7832;4269;4805;1349;77380;12601;17614;32772;14393;21018;12620;6696;1702;343;156073;39077;116996;32381;28432;38979;17204
1102;50 jaar;2017;153001;38652;114349;19675;94674;18855;7698;4340;5342;1475;74708;11627;16495;32202;14384;20436;12139;6712;1585;350;153001;38652;114349;30760;27320;38849;17420
1103;50 jaar;2018;152353;38263;114090;19114;94976;19823;7784;4642;5834;1563;72831;11027;15928;31863;14013;21133;12464;6930;1739;303;152353;38263;114090;30536;27303;39215;17036
1104;50 jaar;2019;154219;38498;115721;18808;96913;20855;7839;4864;6342;1810;72317;10628;15461;32122;14106;22208;12991;7330;1887;341;154219;38498;115721;30748;27446;40124;17403
1105;50 jaar;2020;161426;41275;120151;19258;100893;22873;8278;5375;7318;1902;73773;10651;15524;32761;14837;23176;13509;7708;1959;329;161426;41275;120151;31636;28424;41752;18339
1106;50 jaar;2021;158141;40701;117440;18607;98833;22883;8056;5399;7410;2018;71080;10187;15038;31335;14520;23113;13329;7750;2034;364;158141;40701;117440;30859;27996;40416;18169
1107;50 jaar;2022;152376;39436;112940;17726;95214;22511;7798;5261;7391;2061;67502;9597;14387;29804;13714;22596;13027;7542;2027;331;152376;39436;112940;29683;27027;38917;17313
1108;50 jaar;2023;146125;38650;107475;16299;91176;21445;7119;4932;7341;2053;63444;8815;13208;28267;13154;22221;12819;7453;1949;365;146125;38650;107475;28053;25515;37217;16690
1109;50 jaar;2024;136068;35912;100156;15097;85059;20372;6568;4704;7051;2049;58593;8114;12173;26015;12291;20776;12106;6773;1897;415;136068;35912;100156;26161;23599;34610;15786
1110;51 jaar;1995;107560;19547;88013;28151;59862;4265;3027;731;386;121;76088;24725;25159;19378;6826;7261;4957;1866;438;399;107560;19547;88013;32442;27781;20199;7591
1111;51 jaar;1996;112570;20758;91812;30017;61795;4647;3317;779;413;138;79115;26326;25604;20017;7168;7676;5277;1971;428;374;112570;20758;91812;34592;28391;20948;7881
1112;51 jaar;1997;107279;20285;86994;28476;58518;4716;3264;863;445;144;74651;24891;24043;18830;6887;7306;5021;1864;421;321;107279;20285;86994;32796;26804;19780;7614
1113;51 jaar;1998;148944;29269;119675;39744;79931;6830;4836;1161;658;175;102414;34470;32461;26438;9045;9993;6916;2569;508;438;148944;29269;119675;45701;36323;27725;9926
1114;51 jaar;1999;143884;29068;114816;38473;76343;6916;4827;1250;667;172;97360;33194;30130;25035;9001;10088;6955;2569;564;452;143884;29068;114816;44483;34019;26446;9868
1115;51 jaar;2000;136042;27416;108626;35079;73547;7134;4873;1288;764;209;91342;29753;28080;24279;9230;9697;6562;2550;585;453;136042;27416;108626;40746;32071;25690;10119
1116;51 jaar;2001;131687;27346;104341;32719;71622;7251;4852;1323;821;255;86679;27401;26101;23939;9238;9945;6618;2739;588;466;131687;27346;104341;38442;30288;25417;10194
1117;51 jaar;2002;129911;27800;102111;30369;71742;7230;4729;1295;920;286;84007;25142;24618;24350;9897;10376;6844;2839;693;498;129911;27800;102111;36393;28768;25988;10962
1118;51 jaar;2003;128669;27880;100789;29261;71528;7636;4810;1460;1037;329;81978;24017;23572;24533;9856;10741;7088;2939;714;434;128669;27880;100789;35478;28066;26303;10942
1119;51 jaar;2004;132778;29406;103372;28747;74625;8348;5126;1567;1248;407;82934;23144;23852;25594;10344;11613;7554;3237;822;477;132778;29406;103372;35467;28660;27690;11555
1120;51 jaar;2005;131706;29237;102469;27067;75402;8668;5257;1694;1329;388;81165;21313;22703;26196;10953;12139;7844;3457;838;497;131706;29237;102469;34017;27881;28276;12295
1121;51 jaar;2006;133758;30681;103077;26291;76786;9014;5253;1763;1506;492;80722;20565;22442;26606;11109;12868;8197;3742;929;473;133758;30681;103077;33609;28002;28933;12533
1122;51 jaar;2007;134317;30899;103418;25290;78128;9699;5557;1988;1664;490;79945;19262;22144;27230;11309;13303;8391;3955;957;471;134317;30899;103418;32870;28086;29774;12688
1123;51 jaar;2008;137923;32275;105648;25178;80470;10441;5843;2222;1871;505;80661;18865;21893;28229;11674;14076;8910;4123;1043;470;137923;32275;105648;33233;28213;31087;13115
1124;51 jaar;2009;139770;33400;106370;24483;81887;10944;6000;2258;2099;587;80095;17964;21847;28485;11799;14812;9341;4380;1091;519;139770;33400;106370;32945;28479;31608;13338
1125;51 jaar;2010;142553;34409;108144;24695;83449;11746;6357;2478;2266;645;80374;17780;21476;29082;12036;15466;9745;4574;1147;558;142553;34409;108144;33507;28529;32404;13704
1126;51 jaar;2011;146136;35433;110703;24464;86239;13031;6777;2877;2606;771;80705;17264;21119;30019;12303;16544;10245;5063;1236;423;146136;35433;110703;33622;28901;33888;14292
1127;51 jaar;2012;148322;36541;111781;24176;87605;13596;7002;2947;2884;763;80522;16728;21134;30310;12350;17217;10683;5205;1329;446;148322;36541;111781;33832;29128;34453;14368
1128;51 jaar;2013;151457;37457;114000;24246;89754;14748;7427;3248;3223;850;80979;16401;20601;31216;12761;17855;11204;5367;1284;418;151457;37457;114000;34524;29009;35590;14877
1129;51 jaar;2014;152965;38008;114957;24148;90809;15576;7618;3521;3473;964;80316;16118;20697;30859;12642;18653;11607;5725;1321;412;152965;38008;114957;34784;29757;35544;14872
1130;51 jaar;2015;155747;38975;116772;24035;92737;16679;7967;3774;3847;1091;80377;15708;20564;31329;12776;19356;12168;5849;1339;360;155747;38975;116772;35146;29994;36387;15245
1131;51 jaar;2016;158777;40445;118332;23611;94721;17804;8159;4109;4306;1230;79840;15080;20110;31671;12979;20316;12785;6077;1454;372;158777;40445;118332;35358;30119;37319;15536
1132;51 jaar;2017;156367;40422;115945;22311;93634;18035;7845;4316;4614;1260;77082;14134;18561;31243;13144;20496;12669;6306;1521;332;156367;40422;115945;33870;28966;37224;15885
1133;51 jaar;2018;153400;39426;113974;21378;92596;18859;8029;4391;5080;1359;74568;13030;17711;30600;13227;20228;12369;6413;1446;319;153400;39426;113974;32699;28296;36930;16049
1134;51 jaar;2019;152824;39342;113482;20526;92956;19654;8014;4630;5554;1456;72632;12195;16997;30548;12892;20879;12674;6635;1570;317;152824;39342;113482;32097;28066;37565;15754
1135;51 jaar;2020;154710;39551;115159;20192;94967;20622;7973;4878;6122;1649;72318;11863;16632;30745;13078;21863;13090;7031;1742;356;154710;39551;115159;32120;28406;38442;16191
1136;51 jaar;2021;161964;42315;119649;20812;98837;22910;8647;5525;6987;1751;73627;11837;16850;31394;13546;22784;13724;7285;1775;328;161964;42315;119649;33373;29421;39962;16893
1137;51 jaar;2022;158664;41890;116774;19941;96833;22558;8192;5441;7043;1882;71002;11406;16357;29962;13277;22871;13580;7442;1849;343;158664;41890;116774;32426;29057;38619;16672
1138;51 jaar;2023;153564;40841;112723;18808;93915;22072;7802;5298;7021;1951;67818;10670;15579;28859;12710;22497;13299;7349;1849;336;153564;40841;112723;31021;27991;37567;16144
1139;51 jaar;2024;146565;39448;107117;17734;89383;21121;7372;5083;6844;1822;63642;9967;14763;27061;11851;21959;13044;7087;1828;395;146565;39448;107117;29672;26830;35486;15129
1140;52 jaar;1995;99498;18612;80886;28807;52079;3977;2837;729;299;112;70040;25601;23235;15634;5570;6500;4575;1498;427;369;99498;18612;80886;32693;25572;16437;6184
1141;52 jaar;1996;107349;20506;86843;32273;54570;4319;3110;741;338;130;75388;28770;24520;16324;5774;6743;4796;1578;369;393;107349;20506;86843;36345;26893;17156;6449
1142;52 jaar;1997;112510;21836;90674;34210;56464;4727;3394;826;364;143;78412;30442;24954;17037;5979;7161;5120;1684;357;374;112510;21836;90674;38587;27523;17904;6660
1143;52 jaar;1998;107287;21358;85929;32727;53202;4600;3295;805;388;112;74190;29091;23432;15904;5763;6798;4807;1620;371;341;107287;21358;85929;36775;25981;16787;6386
1144;52 jaar;1999;148836;30581;118255;46194;72061;6848;4997;1083;596;172;101773;40727;31811;21907;7328;9164;6527;2187;450;470;148836;30581;118255;51692;35303;23155;8105
1145;52 jaar;2000;143699;29989;113710;43548;70162;7105;5095;1237;606;167;96695;37967;29851;21304;7573;9424;6726;2247;451;486;143699;29989;113710;49213;33554;22570;8373
1146;52 jaar;2001;136150;28582;107568;39330;68238;7082;4942;1223;728;189;90811;33929;28009;21092;7781;9216;6484;2249;483;459;136150;28582;107568;44855;31642;22457;8614
1147;52 jaar;2002;131943;28703;103240;36445;66795;7230;4927;1311;754;238;85913;31033;26012;21042;7826;9612;6620;2490;502;485;131943;28703;103240;42140;29946;22480;8674
1148;52 jaar;2003;129784;28919;100865;34225;66640;7263;4801;1317;875;270;83255;28925;24892;21238;8200;9848;6721;2551;576;499;129784;28919;100865;40074;28770;22838;9183
1149;52 jaar;2004;128460;28902;99558;32984;66574;7680;4950;1471;973;286;81285;27591;24267;21363;8064;10150;6891;2653;606;443;128460;28902;99558;38961;28517;23020;9060
1150;52 jaar;2005;132537;30503;102034;32359;69675;8345;5236;1566;1152;391;82177;26633;24402;22551;8591;11022;7380;2947;695;490;132537;30503;102034;38842;28993;24473;9726
1151;52 jaar;2006;131572;30592;100980;30338;70642;8538;5278;1640;1258;362;80466;24574;23651;23167;9074;11490;7687;3060;743;486;131572;30592;100980;37136;28383;25220;10241
1152;52 jaar;2007;133342;31662;101680;29656;72024;9084;5409;1813;1417;445;79930;23784;23256;23700;9190;12203;8045;3384;774;463;133342;31662;101680;36833;28482;25935;10430
1153;52 jaar;2008;134052;31937;102115;28617;73498;9742;5782;1977;1530;453;79182;22381;23047;24290;9464;12737;8390;3571;776;454;134052;31937;102115;36119;28641;26629;10726
1154;52 jaar;2009;137823;33397;104426;28337;76089;10369;5998;2135;1772;464;80078;21823;23010;25426;9819;13463;8872;3778;813;516;137823;33397;104426;36267;28924;28068;11167
1155;52 jaar;2010;139862;34568;105294;27599;77695;10994;6196;2261;2027;510;79499;20861;22931;25797;9910;14259;9288;4036;935;542;139862;34568;105294;35980;29235;28774;11305
1156;52 jaar;2011;142560;35391;107169;27641;79528;12253;6881;2615;2168;589;79670;20336;22578;26483;10273;14822;9670;4179;973;424;142560;35391;107169;36242;29263;29663;12001
1157;52 jaar;2012;146426;36820;109606;27109;82497;12962;6939;2874;2476;673;80159;19766;22487;27461;10445;16081;10384;4641;1056;404;146426;36820;109606;36429;29859;31061;12257
1158;52 jaar;2013;148263;37793;110470;26815;83655;13454;7107;2938;2720;689;80010;19249;22415;27683;10663;16547;10704;4723;1120;459;148263;37793;110470;36488;29933;31533;12516
1159;52 jaar;2014;151203;38581;112622;26831;85791;14641;7622;3273;2999;747;80189;18763;22078;28406;10942;17346;11291;4954;1101;446;151203;38581;112622;37166;30113;32572;12771
1160;52 jaar;2015;152989;39572;113417;26567;86850;15433;7750;3543;3253;887;79562;18425;21922;28147;11068;18030;11691;5208;1131;392;152989;39572;113417;37129;30532;32540;13216
1161;52 jaar;2016;155894;40557;115337;26125;89212;16444;8012;3773;3644;1015;79710;17728;21692;29012;11278;18798;12272;5387;1139;385;155894;40557;115337;37333;30660;33754;13590
1162;52 jaar;2017;158981;41683;117298;25814;91484;17725;8333;4127;4133;1132;79425;17095;21119;29502;11709;19762;12723;5770;1269;386;158981;41683;117298;37361;30771;35001;14165
1163;52 jaar;2018;156495;41398;115097;24364;90733;17962;8156;4309;4323;1174;76859;15875;19773;29329;11882;19943;12691;5861;1391;333;156495;41398;115097;35966;29755;34972;14404
1164;52 jaar;2019;153663;40312;113351;23111;90240;18794;8277;4433;4845;1239;74345;14511;18958;28811;12065;19889;12456;6115;1318;323;153663;40312;113351;34470;29332;34884;14665
1165;52 jaar;2020;153286;40271;113015;22358;90657;19457;8164;4709;5250;1334;72637;13842;18168;28897;11730;20569;12817;6319;1433;352;153286;40271;113015;33971;29059;35568;14417
1166;52 jaar;2021;155079;40770;114309;21958;92351;20549;8229;5024;5787;1509;72068;13386;18042;28980;11660;21349;13169;6629;1551;343;155079;40770;114309;33933;29490;36342;14544
1167;52 jaar;2022;162374;43651;118723;22578;96145;22511;8755;5585;6580;1591;73592;13478;18259;29653;12202;22275;13900;6832;1543;345;162374;43651;118723;35256;30492;37711;15264
1168;52 jaar;2023;159579;43398;116181;21480;94701;22076;8319;5435;6603;1719;71231;12804;17663;28667;12097;22517;13708;7083;1726;357;159579;43398;116181;33989;30023;36888;15281
1169;52 jaar;2024;153882;41732;112150;20850;91300;21725;8110;5332;6527;1756;67937;12343;17442;27038;11114;22091;13571;6905;1615;397;153882;41732;112150;33152;29579;35061;14358
1170;53 jaar;1995;95042;18839;76203;30795;45408;3715;2769;609;250;87;66551;27693;21901;12578;4379;5604;3962;1356;286;333;95042;18839;76203;34069;23959;13277;4898
1171;53 jaar;1996;99480;19624;79856;32747;47109;4061;2988;678;274;121;69449;29400;22318;13072;4659;5987;4287;1330;370;359;99480;19624;79856;36355;24436;13821;5244
1172;53 jaar;1997;107194;21574;85620;36414;49206;4403;3265;706;318;114;74631;32781;23443;13620;4787;6218;4533;1344;341;368;107194;21574;85620;40162;25616;14498;5344
1173;53 jaar;1998;112513;23037;89476;38837;50639;4714;3540;780;301;93;77828;34933;23777;14217;4901;6570;4812;1448;310;364;112513;23037;89476;42830;26111;15069;5466
1174;53 jaar;1999;107313;22392;84921;37572;47349;4683;3476;758;348;101;73665;33746;22343;12940;4636;6223;4523;1399;301;350;107313;22392;84921;41281;24704;13798;5138
1175;53 jaar;2000;148525;31561;116964;51877;65087;7010;5195;1092;562;161;101002;46157;30408;18413;6024;8427;6196;1878;353;525;148525;31561;116964;56990;33680;19578;6716
1176;53 jaar;2001;143500;31202;112298;48245;64053;7037;5155;1137;591;154;96024;42619;28767;18265;6373;8766;6392;1998;376;471;143500;31202;112298;53532;32130;19547;7089
1177;53 jaar;2002;136201;29848;106353;43632;62721;7069;5005;1206;654;204;90068;38188;27262;18086;6532;8777;6353;2015;409;439;136201;29848;106353;48992;30712;19332;7317
1178;53 jaar;2003;131843;29767;102076;40915;61161;7224;4989;1296;728;211;85233;35432;25502;17821;6478;9125;6487;2235;403;494;131843;29767;102076;46443;29222;19156;7255
1179;53 jaar;2004;129556;30106;99450;38364;61086;7161;4802;1298;833;228;82464;33052;24656;18224;6532;9315;6595;2226;494;510;129556;30106;99450;43990;28259;19794;7407
1180;53 jaar;2005;128190;29994;98196;36920;61276;7629;5061;1430;891;247;80556;31417;24025;18539;6575;9569;6720;2342;507;442;128190;29994;98196;42639;27979;20099;7479
1181;53 jaar;2006;132323;31766;100557;36152;64405;8249;5262;1589;1061;337;81525;30401;24456;19615;7053;10294;7134;2584;576;489;132323;31766;100557;42319;28741;21440;8057
1182;53 jaar;2007;131295;31773;99522;34299;65223;8441;5444;1567;1112;318;79764;28339;23860;20278;7287;10801;7487;2706;608;516;131295;31773;99522;40816;28262;22156;8288
1183;53 jaar;2008;133036;32692;100344;33290;67054;9008;5550;1737;1323;398;79325;27257;23684;20926;7458;11528;7925;2939;664;483;133036;32692;100344;40281;28442;23036;8585
1184;53 jaar;2009;133911;33095;100816;32325;68491;9650;5853;1931;1451;415;78648;25970;23418;21496;7764;12016;8164;3185;667;502;133911;33095;100816;39529;28635;23738;8914
1185;53 jaar;2010;137607;34605;103002;31644;71358;10209;6018;2145;1627;419;79408;25097;23720;22539;8052;12856;8762;3423;671;529;137607;34605;103002;39410;29320;24975;9297
1186;53 jaar;2011;139747;35590;104157;30982;73175;11395;6579;2391;1941;484;78882;23956;23613;23137;8176;13433;9081;3589;763;447;139747;35590;104157;38988;29522;26060;9587
1187;53 jaar;2012;142801;36818;105983;30624;75359;11968;6921;2512;2032;503;79206;23275;23467;23739;8725;14381;9690;3856;835;428;142801;36818;105983;39232;29700;26819;10232
1188;53 jaar;2013;146456;38107;108349;30240;78109;12932;7129;2869;2327;607;79648;22695;23567;24577;8809;15353;10323;4173;857;416;146456;38107;108349;39448;30520;27993;10388
1189;53 jaar;2014;147737;38695;109042;29890;79152;13454;7378;2955;2520;601;79269;22073;23381;24859;8956;15880;10568;4374;938;439;147737;38695;109042;39410;30594;28432;10606
1190;53 jaar;2015;151101;40042;111059;29696;81363;14659;7853;3333;2803;670;79435;21402;23175;25585;9273;16524;11106;4478;940;441;151101;40042;111059;39730;30829;29489;11011
1191;53 jaar;2016;152757;40655;112102;29219;82883;15419;7963;3573;3087;796;78877;20842;22725;25756;9554;17392;11688;4742;962;414;152757;40655;112102;39747;30960;29906;11489
1192;53 jaar;2017;156160;41971;114189;28765;85424;16505;8259;3858;3489;899;79327;20121;22701;26525;9980;17972;12018;4937;1017;385;156160;41971;114189;39658;31263;31134;12134
1193;53 jaar;2018;158891;42690;116201;28500;87701;17694;8614;4138;3924;1018;79109;19492;22116;27178;10323;19004;12598;5299;1107;394;158891;42690;116201;39936;31334;32378;12553
1194;53 jaar;2019;156487;42381;114106;26607;87499;17769;8388;4282;4054;1045;76689;17848;21078;27210;10553;19277;12526;5530;1221;371;156487;42381;114106;37946;30730;32568;12862
1195;53 jaar;2020;153855;41400;112455;25248;87207;18602;8418;4457;4577;1150;74211;16474;20071;26921;10745;19286;12428;5677;1181;356;153855;41400;112455;36573;30007;32694;13181
1196;53 jaar;2021;153392;41447;111945;24661;87284;19583;8633;4803;4962;1185;72327;15705;19597;26672;10353;19712;12678;5811;1223;323;153392;41447;111945;36137;30033;32936;12839
1197;53 jaar;2022;155376;42002;113374;24351;89023;20298;8550;5023;5342;1383;71976;15421;19351;26861;10343;20720;13263;6136;1321;380;155376;42002;113374;36336;30368;33694;12976
1198;53 jaar;2023;162994;45059;117935;24589;93346;22107;8962;5598;6073;1474;73756;15261;19651;27893;10951;21706;13885;6437;1384;366;162994;45059;117935;37221;31471;35391;13852
1199;53 jaar;2024;159591;44238;115353;24071;91282;21624;8638;5506;6012;1468;71421;15009;19538;26461;10413;21884;13845;6553;1486;424;159591;44238;115353;36564;31493;34022;13274
1200;54 jaar;1995;97119;19827;77292;33802;43490;3590;2697;516;275;102;67644;30668;21639;11141;4196;5621;4072;1246;303;437;97119;19827;77292;37150;23554;11904;4684
1201;54 jaar;1996;94879;19548;75331;34655;40676;3805;2901;581;247;76;65928;31408;20594;10308;3618;5252;3848;1158;246;346;94879;19548;75331;37816;22444;11052;4019
1202;54 jaar;1997;99302;20731;78571;36714;41857;4062;3050;649;255;108;68676;33293;20823;10772;3788;5462;4006;1156;300;371;99302;20731;78571;39958;22857;11455;4301
1203;54 jaar;1998;107293;22874;84419;40755;43664;4320;3309;626;304;81;74038;37057;21870;11150;3961;5672;4231;1156;285;389;107293;22874;84419;44171;23843;11973;4432
1204;54 jaar;1999;112530;24277;88253;43654;44599;4619;3566;701;274;78;77277;39709;22259;11411;3898;5978;4499;1238;241;379;112530;24277;88253;47281;24405;12193;4374
1205;54 jaar;2000;106995;23136;83859;41542;42317;4733;3584;722;337;90;73143;37597;20951;10790;3805;5622;4171;1198;253;361;106995;23136;83859;44859;23094;11643;4263
1206;54 jaar;2001;148513;33012;115501;57004;58497;6900;5228;1005;528;139;100241;51266;28588;15405;4982;7850;5877;1656;317;510;148513;33012;115501;61720;31602;16552;5627
1207;54 jaar;2002;143700;32744;110956;52815;58141;6951;5149;1104;561;137;95196;47166;27278;15500;5252;8309;6246;1728;335;500;143700;32744;110956;57912;30427;16712;5905
1208;54 jaar;2003;136121;31120;105001;48372;56629;6992;5038;1175;595;184;89326;42875;25884;15284;5283;8224;6056;1806;362;459;136121;31120;105001;53361;29169;16475;5996
1209;54 jaar;2004;131498;30919;100579;45302;55277;7151;5028;1252;677;194;84433;39764;24333;15140;5196;8485;6241;1915;329;510;131498;30919;100579;50505;27679;16460;5935
1210;54 jaar;2005;129168;31217;97951;42435;55516;7025;4856;1218;748;203;81775;37070;23981;15451;5273;8642;6289;1921;432;509;129168;31217;97951;47704;27244;16926;6077
1211;54 jaar;2006;127896;31194;96702;41139;55563;7617;5195;1352;839;231;79838;35510;23321;15779;5228;8813;6406;2015;392;434;127896;31194;96702;46539;26884;17205;6074
1212;54 jaar;2007;132044;32954;99090;40284;58806;8160;5358;1524;975;303;80881;34433;24007;16756;5685;9556;6873;2194;489;493;132044;32954;99090;46198;27880;18405;6607
1213;54 jaar;2008;130960;32821;98139;38215;59924;8347;5449;1570;1048;280;79133;32253;23558;17446;5876;10146;7305;2331;510;513;130960;32821;98139;44507;27581;19269;6782
1214;54 jaar;2009;132920;33898;99022;37097;61925;8949;5701;1727;1192;329;78707;30908;23597;18100;6102;10878;7768;2558;552;488;132920;33898;99022;43840;28068;19989;7125
1215;54 jaar;2010;133880;34366;99514;36161;63353;9579;5984;1905;1322;368;78103;29655;23397;18716;6335;11310;7929;2840;541;522;133880;34366;99514;43021;28338;20775;7380
1216;54 jaar;2011;137490;35576;101914;35435;66479;10676;6549;2206;1537;384;78759;28472;23826;19842;6619;12065;8519;2992;554;414;137490;35576;101914;42838;29037;22158;7881
1217;54 jaar;2012;139814;36855;102959;34420;68539;11164;6680;2335;1748;401;78433;27286;23995;20368;6784;12908;8999;3239;670;454;139814;36855;102959;42360;29469;23057;8073
1218;54 jaar;2013;142687;38177;104510;34224;70286;11934;7087;2518;1861;468;78674;26694;23906;20869;7205;13459;9350;3431;678;443;142687;38177;104510;42470;29817;23632;8591
1219;54 jaar;2014;145813;39013;106800;33925;72875;12916;7386;2847;2150;533;79004;26126;24033;21554;7291;14467;10072;3669;726;413;145813;39013;106800;42908;30506;24649;8737
1220;54 jaar;2015;147647;40183;107464;33082;74382;13395;7497;3069;2294;535;78585;25148;24000;21962;7475;15047;10387;3891;769;437;147647;40183;107464;42343;30807;25324;8990
1221;54 jaar;2016;151028;41421;109607;32891;76716;14509;8096;3256;2569;588;79016;24379;23835;22864;7938;15666;10891;3996;779;416;151028;41421;109607;42662;30983;26415;9547
1222;54 jaar;2017;153091;42303;110788;32259;78529;15414;8211;3609;2874;720;78503;23608;23311;23291;8293;16431;11274;4333;824;440;153091;42303;110788;42281;31138;27238;10131
1223;54 jaar;2018;156062;43168;112894;31623;81271;16374;8489;3882;3194;809;79051;22763;23377;24227;8684;17098;11687;4521;890;371;156062;43168;112894;42170;31651;28471;10602
1224;54 jaar;2019;158992;44124;114868;31179;83689;17515;8802;4138;3627;948;78796;21983;22798;24906;9109;18163;12270;4912;981;394;158992;44124;114868;42192;31704;29731;11241
1225;54 jaar;2020;156566;43575;112991;29208;83783;17696;8651;4319;3772;954;76481;20184;22068;24961;9268;18441;12301;5093;1047;373;156566;43575;112991;40327;31369;29925;11370
1226;54 jaar;2021;154100;42678;111422;28080;83342;18631;8802;4595;4201;1033;73950;18892;21149;24698;9211;18455;12236;5195;1024;386;154100;42678;111422;39120;30758;30023;11521
1227;54 jaar;2022;153466;43004;110462;27266;83196;19247;8867;4744;4591;1045;72152;18047;20851;24322;8932;18711;12410;5257;1044;352;153466;43004;110462;38444;30678;30138;11202
1228;54 jaar;2023;155988;43616;112372;26624;85748;19880;8695;5005;4954;1226;72121;17546;20573;24908;9094;19988;13172;5597;1219;383;155988;43616;112372;38548;30989;31262;11573
1229;54 jaar;2024;163031;46122;116909;27969;88940;21785;9502;5566;5494;1223;73783;18030;21543;25028;9182;20904;13932;5824;1148;437;163031;46122;116909;40580;32805;31824;11700
1230;55 jaar;1995;93293;19704;73589;35627;37962;3357;2628;484;183;62;64755;32591;19908;9113;3143;5069;3772;1044;253;408;93293;19704;73589;38690;21606;9750;3543
1231;55 jaar;1996;97246;20848;76398;37706;38692;3663;2815;518;234;96;67062;34456;20074;9077;3455;5238;3907;1088;243;435;97246;20848;76398;40807;21925;9745;3921
1232;55 jaar;1997;94846;20589;74257;38382;35875;3843;3020;535;217;71;65268;35016;18939;8400;2913;4800;3633;966;201;346;94846;20589;74257;41285;20606;9099;3267
1233;55 jaar;1998;99300;21853;77447;40307;37140;3992;3098;597;228;69;68124;36847;19356;8785;3136;4969;3718;1008;243;362;99300;21853;77447;43291;21150;9438;3568
1234;55 jaar;1999;107139;23849;83290;45155;38135;4385;3468;583;243;91;73394;41295;20048;8907;3144;5119;3931;964;224;392;107139;23849;83290;48267;21817;9645;3561
1235;55 jaar;2000;112190;24985;87205;47868;39337;4764;3765;664;256;79;76675;43722;20414;9369;3170;5385;4169;1023;193;381;112190;24985;87205;51108;22421;10095;3581
1236;55 jaar;2001;107050;24270;82780;44882;37898;4634;3604;671;279;80;72528;40932;19474;9030;3092;5272;4010;1042;220;346;107050;24270;82780;48026;21436;9803;3515
1237;55 jaar;2002;148591;34481;114110;61549;52561;6797;5221;965;489;122;99443;55823;26602;12932;4086;7365;5670;1418;277;505;148591;34481;114110;66049;29387;14036;4638
1238;55 jaar;2003;143512;34141;109371;57612;51759;6899;5197;1073;507;122;94321;51923;25423;12782;4193;7659;5791;1559;309;492;143512;34141;109371;62192;28451;13958;4770
1239;55 jaar;2004;135859;32356;103503;52818;50685;6878;5055;1106;557;160;88536;47284;24360;12652;4240;7610;5710;1621;279;479;135859;32356;103503;57394;27440;13792;4877
1240;55 jaar;2005;131147;32063;99084;49572;49512;7110;5147;1183;621;159;83648;43919;22887;12674;4168;7820;5897;1651;272;506;131147;32063;99084;54390;25948;13929;4817
1241;55 jaar;2006;128854;32448;96406;46585;49821;6931;4874;1208;685;164;81089;41208;22631;13029;4221;7883;5873;1645;365;503;128854;32448;96406;51415;25699;14363;4929
1242;55 jaar;2007;127684;32505;95179;45120;50059;7558;5290;1307;755;206;79117;39391;22433;13107;4186;8065;6013;1736;316;439;127684;32505;95179;50139;25685;14446;4909
1243;55 jaar;2008;131748;34019;97729;44754;52975;8191;5532;1505;897;257;80228;38709;22782;14216;4521;8797;6473;1926;398;513;131748;34019;97729;50188;26444;15769;5328
1244;55 jaar;2009;130861;34137;96724;42402;54322;8355;5636;1515;964;240;78519;36261;22731;14849;4678;9345;6895;2059;391;505;130861;34137;96724;48263;26498;16491;5472
1245;55 jaar;2010;132834;35213;97621;41113;56508;8780;5705;1682;1092;301;78239;34944;23041;15368;4886;10138;7431;2265;442;464;132834;35213;97621;47493;27198;17178;5752
1246;55 jaar;2011;133811;35548;98263;39816;58447;9932;6339;2012;1250;331;77432;33078;23175;16052;5127;10500;7587;2466;447;399;133811;35548;98263;46279;27725;18053;6206
1247;55 jaar;2012;137555;37036;100519;39053;61466;10355;6532;2161;1354;308;78331;32109;23562;17194;5466;11421;8263;2707;451;412;137555;37036;100519;46188;28461;19291;6579
1248;55 jaar;2013;139868;38424;101444;38129;63315;11060;6873;2289;1541;357;77826;30785;23934;17582;5525;12087;8646;2868;573;471;139868;38424;101444;45676;29104;19994;6670
1249;55 jaar;2014;142160;39092;103068;38145;64923;11905;7344;2474;1694;393;78025;30363;23747;18100;5815;12700;9146;2966;588;438;142160;39092;103068;46147;29197;20684;7040
1250;55 jaar;2015;145741;40632;105109;37589;67520;12841;7595;2827;1967;452;78353;29570;24076;18751;5956;13491;9655;3237;599;424;145741;40632;105109;46102;30187;21580;7240
1251;55 jaar;2016;147542;41618;105924;36548;69376;13326;7739;2947;2164;476;77994;28371;24016;19307;6300;14166;10105;3404;657;438;147542;41618;105924;45497;30287;22465;7675
1252;55 jaar;2017;151297;43075;108222;36187;72035;14393;8176;3321;2356;540;78599;27580;23957;20355;6707;14799;10533;3585;681;431;151297;43075;108222;45510;30827;23692;8193
1253;55 jaar;2018;152887;43444;109443;35621;73822;15344;8449;3611;2658;626;78196;26758;23653;20702;7083;15489;10918;3906;665;414;152887;43444;109443;45324;31061;24336;8722
1254;55 jaar;2019;156065;44589;111476;34819;76657;16188;8686;3846;2949;707;78741;25742;23797;21683;7519;16156;11312;4074;770;391;156065;44589;111476;44970;31561;25678;9267
1255;55 jaar;2020;159035;45314;113721;34416;79305;17430;9072;4181;3321;856;78648;24933;23301;22589;7825;17232;11930;4478;824;411;159035;45314;113721;45023;31903;27053;9742
1256;55 jaar;2021;156685;45034;111651;32537;79114;17673;9000;4331;3502;840;76213;23131;22848;22435;7799;17359;11945;4548;866;406;156685;45034;111651;43240;31607;27045;9759
1257;55 jaar;2022;154111;44376;109735;31255;78480;18264;9026;4513;3826;899;73835;21861;21974;22130;7870;17268;11836;4595;837;368;154111;44376;109735;41882;30976;26993;9884
1258;55 jaar;2023;154057;44617;109440;30112;79328;18865;9076;4695;4145;949;72329;20669;21673;22218;7769;17879;12151;4805;923;367;154057;44617;109440;41010;31091;27527;9812
1259;55 jaar;2024;156070;44851;111219;30311;80908;19560;9135;4968;4415;1042;72135;20713;21903;21949;7570;19061;12997;5040;1024;463;156070;44851;111219;41920;31868;27672;9759
1260;56 jaar;1995;91664;19725;71939;37397;34542;3240;2552;463;157;68;63530;34416;18625;7751;2738;4740;3480;1001;259;429;91664;19725;71939;40164;20345;8318;3112
1261;56 jaar;1996;93242;20720;72522;39029;33493;3399;2726;461;161;51;64018;35880;18119;7473;2546;4682;3581;894;207;423;93242;20720;72522;41840;19708;8082;2892
1262;56 jaar;1997;97097;21920;75177;41248;33929;3692;2880;500;220;92;66344;37938;18230;7375;2801;4711;3602;911;198;430;97097;21920;75177;44032;19917;8021;3207
1263;56 jaar;1998;94779;21681;73098;41871;31227;3773;3069;477;181;46;64671;38446;17222;6690;2313;4298;3267;863;168;356;94779;21681;73098;44378;18790;7298;2632
1264;56 jaar;1999;99177;22897;76280;44235;32045;3920;3127;526;207;60;67494;40745;17313;6912;2524;4503;3478;825;200;363;99177;22897;76280;46914;18970;7512;2884
1265;56 jaar;2000;107034;24630;82404;48876;33528;4497;3594;578;240;85;72855;44876;18158;7266;2555;4646;3629;836;181;406;107034;24630;82404;51611;19899;7983;2911
1266;56 jaar;2001;112185;26146;86039;51195;34844;4678;3755;618;231;74;75971;47062;18645;7698;2566;5012;3940;920;152;378;112185;26146;86039;54158;20542;8420;2919
1267;56 jaar;2002;106984;25247;81737;48037;33700;4640;3640;633;287;80;71816;44045;17774;7487;2510;4929;3837;920;172;352;106984;25247;81737;50971;19655;8226;2885
1268;56 jaar;2003;148359;35768;112591;66346;46245;6789;5315;917;447;110;98525;60520;24202;10586;3217;6766;5313;1217;236;511;148359;35768;112591;70391;26859;11615;3726
1269;56 jaar;2004;143271;35410;107861;62028;45833;6876;5273;1016;465;122;93511;56253;23379;10516;3363;6972;5447;1289;236;502;143271;35410;107861;66189;26171;11594;3907
1270;56 jaar;2005;135475;33232;102243;57196;45047;7065;5278;1102;538;147;87710;51452;22506;10361;3391;7002;5377;1386;239;466;135475;33232;102243;61357;25425;11501;3960
1271;56 jaar;2006;130913;33326;97587;53519;44068;7029;5221;1120;550;138;82987;47795;21425;10458;3309;7068;5447;1393;228;503;130913;33326;97587;57877;24231;11613;3866
1272;56 jaar;2007;128512;33651;94861;50548;44313;6885;4907;1178;645;155;80269;45148;21019;10772;3330;7214;5491;1433;290;493;128512;33651;94861;54995;23888;12012;3966
1273;56 jaar;2008;127354;33564;93790;49220;44570;7533;5401;1256;699;177;78431;43379;20894;10863;3295;7386;5673;1462;251;440;127354;33564;93790;53821;23923;12125;3921
1274;56 jaar;2009;131388;35189;96199;48681;47518;8095;5602;1438;829;226;79565;42565;21566;11853;3581;8025;6082;1626;317;514;131388;35189;96199;53676;24970;13234;4319
1275;56 jaar;2010;130660;35253;95407;46371;49036;8283;5685;1491;894;213;77955;40175;21486;12640;3654;8658;6546;1779;333;511;130660;35253;95407;51787;25089;14187;4344
1276;56 jaar;2011;132635;36277;96358;45058;51300;9083;6093;1721;1010;259;77433;38526;22004;13007;3896;9403;7093;1942;368;439;132635;36277;96358;51024;25750;14790;4794
1277;56 jaar;2012;133760;37009;96751;43373;53378;9691;6425;1873;1118;275;76924;36537;22500;13728;4159;9725;7192;2163;370;411;133760;37009;96751;49439;26608;15580;5124
1278;56 jaar;2013;137475;38589;98886;42778;56108;10206;6615;2103;1210;278;77802;35749;23018;14586;4449;10464;7770;2299;395;414;137475;38589;98886;49438;27494;16550;5404
1279;56 jaar;2014;139253;39305;99948;41884;58064;11020;7069;2267;1384;300;77205;34366;23305;15116;4418;11274;8347;2460;467;449;139253;39305;99948;49161;27991;17363;5433
1280;56 jaar;2015;141991;40610;101381;41766;59615;11765;7429;2466;1540;330;77416;33921;23246;15522;4727;11784;8699;2596;489;416;141991;40610;101381;49297;28341;17918;5825
1281;56 jaar;2016;145631;42167;103464;41171;62293;12761;7772;2813;1770;406;77708;32961;23522;16301;4924;12557;9215;2841;501;438;145631;42167;103464;49206;29241;18938;6079
1282;56 jaar;2017;147461;43131;104330;39866;64464;13229;7837;2922;2029;441;77497;31579;23785;16817;5316;13154;9517;3066;571;450;147461;43131;104330;48140;29757;19822;6611
1283;56 jaar;2018;151319;44437;106882;39863;67019;14468;8530;3297;2148;493;78186;30884;23837;17680;5785;13779;9940;3270;569;449;151319;44437;106882;48549;30433;20754;7146
1284;56 jaar;2019;152842;44900;107942;39083;68859;15130;8644;3522;2387;577;77825;29997;23373;18443;6012;14545;10525;3433;587;442;152842;44900;107942;48322;30300;21816;7504
1285;56 jaar;2020;155934;45823;110111;38262;71849;16040;8929;3753;2745;613;78508;28961;23856;19240;6451;15191;10910;3612;669;372;155934;45823;110111;47973;31125;23011;8002
1286;56 jaar;2021;158962;46727;112235;38250;73985;17376;9461;4127;3037;751;78304;28367;23591;19797;6549;16133;11482;3977;674;422;158962;46727;112235;48400;31661;23879;8295
1287;56 jaar;2022;156633;46472;110161;36380;73781;17492;9354;4247;3178;713;75984;26611;23252;19669;6452;16270;11535;4003;732;415;156633;46472;110161;46653;31489;23884;8135
1288;56 jaar;2023;154520;45848;108672;34520;74152;17889;9204;4377;3534;774;73902;24918;22322;19899;6763;16483;11618;4143;722;398;154520;45848;108672;44854;30792;24434;8592
1289;56 jaar;2024;153971;45719;108252;34228;74024;18699;9579;4728;3597;795;72368;24235;22498;19314;6321;16771;11804;4208;759;414;153971;45719;108252;44703;31411;24010;8128
1290;57 jaar;1995;86309;19393;66916;37553;29363;3015;2431;378;161;45;59243;34668;16201;6134;2240;4204;3189;808;207;454;86309;19393;66916;40064;17635;6680;2537
1291;57 jaar;1996;91603;20684;70919;40863;30056;3302;2663;443;131;65;62827;37753;16669;6228;2177;4343;3280;864;199;447;91603;20684;70919;43368;18280;6773;2498
1292;57 jaar;1997;93231;21876;71355;42190;29165;3405;2766;443;147;49;63294;39000;16228;6047;2019;4232;3261;808;163;424;93231;21876;71355;44691;17740;6629;2295
1293;57 jaar;1998;96977;23086;73891;44520;29371;3603;2939;438;171;55;65641;41146;16233;5964;2298;4212;3317;739;156;435;96977;23086;73891;47001;17752;6538;2600
1294;57 jaar;1999;94690;22561;72129;45209;26920;3698;3073;430;149;46;64190;41792;15133;5422;1843;3897;3062;703;132;344;94690;22561;72129;47509;16541;5965;2114
1295;57 jaar;2000;98999;23591;75408;47348;28060;3949;3235;470;196;48;66932;43749;15505;5655;2023;4163;3287;729;147;364;98999;23591;75408;49828;17027;6231;2322
1296;57 jaar;2001;106894;25665;81229;51714;29515;4383;3550;553;202;78;72138;47761;16254;6011;2112;4305;3425;725;155;403;106894;25665;81229;54208;17922;6686;2413
1297;57 jaar;2002;112091;27172;84919;54210;30709;4630;3748;590;219;73;75215;50066;16767;6266;2116;4678;3757;775;146;396;112091;27172;84919;56966;18577;6924;2452
1298;57 jaar;2003;106766;26143;80623;51082;29541;4601;3645;621;268;67;71114;47087;15808;6236;1983;4558;3577;825;156;350;106766;26143;80623;53713;17663;6933;2314
1299;57 jaar;2004;147983;37025;110958;70585;40373;6700;5314;884;401;101;97564;64753;21724;8558;2529;6176;4925;1057;194;518;147983;37025;110958;74244;24186;9519;3009
1300;57 jaar;2005;142857;36487;106370;65999;40371;6884;5383;979;428;94;92613;60112;21253;8587;2661;6369;5060;1115;194;504;142857;36487;106370;69740;23882;9620;3128
1301;57 jaar;2006;135218;34713;100505;61038;39467;6831;5196;1014;505;116;86894;55360;20302;8501;2731;6298;4950;1149;199;482;135218;34713;100505;64738;22950;9593;3224
1302;57 jaar;2007;130543;34624;95919;57168;38751;6826;5145;1055;494;132;82196;51521;19544;8562;2569;6395;5037;1194;164;502;130543;34624;95919;61131;22122;9608;3058
1303;57 jaar;2008;128085;34739;93346;54315;39031;6795;4970;1112;586;127;79513;48858;19140;8911;2604;6551;5081;1220;250;487;128085;34739;93346;58340;21800;10055;3151
1304;57 jaar;2009;127195;34854;92341;52791;39550;7381;5434;1201;606;140;77780;46895;19233;8977;2675;6718;5306;1215;197;462;127195;34854;92341;57019;21974;10154;3194
1305;57 jaar;2010;131281;36472;94809;52315;42494;7957;5629;1383;742;203;78908;46175;20012;9878;2843;7433;5736;1442;255;511;131281;36472;94809;56901;23218;11228;3462
1306;57 jaar;2011;130422;36186;94236;50064;44172;8589;6028;1542;831;188;77283;43618;20076;10697;2892;7946;6117;1555;274;418;130422;36186;94236;54986;23406;12259;3585
1307;57 jaar;2012;132557;37485;95072;48575;46497;8990;6252;1609;909;220;76905;41875;20984;10958;3088;8729;6681;1746;302;448;132557;37485;95072;54106;24492;12610;3864
1308;57 jaar;2013;133610;38327;95283;47077;48206;9550;6499;1807;990;254;76336;40151;21347;11526;3312;8970;6836;1827;307;427;133610;38327;95283;52737;25138;13190;4218
1309;57 jaar;2014;136800;39386;97414;46506;50908;10160;6849;1993;1086;232;77119;39255;22078;12207;3579;9733;7467;1912;354;402;136800;39386;97414;52829;26138;14031;4416
1310;57 jaar;2015;138913;40741;98172;45507;52665;10900;7203;2170;1259;268;76537;37879;22237;12879;3542;10310;7779;2167;364;425;138913;40741;98172;52106;26624;14980;4462
1311;57 jaar;2016;141887;42156;99731;45235;54496;11599;7552;2336;1399;312;76815;37245;22524;13164;3882;10879;8170;2326;383;438;141887;42156;99731;52234;27224;15371;4902
1312;57 jaar;2017;145769;43824;101945;44831;57114;12723;7950;2815;1608;350;77182;36459;22651;14054;4018;11618;8664;2530;424;422;145769;43824;101945;52255;28071;16538;5081
1313;57 jaar;2018;147284;44430;102854;43607;59247;13142;8098;2866;1784;394;77043;35076;22970;14596;4401;12236;9096;2671;469;433;147284;44430;102854;51469;28478;17314;5593
1314;57 jaar;2019;151103;45525;105578;43613;61965;14329;8728;3167;2006;428;77982;34436;23171;15477;4898;12818;9439;2907;472;449;151103;45525;105578;51746;29326;18398;6108
1315;57 jaar;2020;152647;46174;106473;42746;63727;14996;8919;3380;2220;477;77573;33406;22947;16148;5072;13483;9981;3001;501;421;152647;46174;106473;51448;29359;19259;6407
1316;57 jaar;2021;155906;47239;108667;42422;66245;16088;9308;3756;2482;542;78183;32698;23460;16681;5344;13980;10330;3085;565;416;155906;47239;108667;51477;30282;20139;6769
1317;57 jaar;2022;158871;48441;110430;42433;67997;17067;9745;4004;2694;624;78075;32262;23361;17021;5431;14862;10916;3381;565;426;158871;48441;110430;51983;30822;20676;6949
1318;57 jaar;2023;156863;48033;108830;39723;69107;17152;9525;4169;2846;612;75982;29793;23370;17300;5519;15291;11074;3584;633;405;156863;48033;108830;49492;31112;21174;7052
1319;57 jaar;2024;154437;46957;107480;38923;68557;17733;9759;4297;3030;647;73808;28701;22593;17067;5447;15476;11290;3618;568;463;154437;46957;107480;48819;30513;21051;7097
1320;58 jaar;1995;86059;19701;66358;39535;26823;2970;2447;362;108;53;58822;36581;15121;5292;1828;4059;3105;772;182;507;86059;19701;66358;41936;16539;5740;2143
1321;58 jaar;1996;86042;20237;65805;40329;25476;3001;2487;343;130;41;58474;37379;14368;4986;1741;3867;3001;704;162;463;86042;20237;65805;42603;15712;5487;2003
1322;58 jaar;1997;91375;21712;69663;43741;25922;3281;2686;412;121;62;62026;40619;14757;4939;1711;3920;3039;725;156;436;91375;21712;69663;46015;16215;5448;1985
1323;58 jaar;1998;93170;22977;70193;45207;24986;3377;2841;371;124;41;62578;41940;14226;4793;1619;3812;2989;688;135;426;93170;22977;70193;47435;15606;5289;1863
1324;58 jaar;1999;96888;24121;72767;47580;25187;3531;2927;400;160;44;65064;44225;14226;4769;1844;3744;3013;607;124;428;96888;24121;72767;49765;15588;5314;2100
1325;58 jaar;2000;94409;23302;71107;47773;23334;3702;3113;408;138;43;63612;44296;13484;4336;1496;3429;2752;570;107;364;94409;23302;71107;49723;14818;4830;1736
1326;58 jaar;2001;98850;24475;74375;49851;24524;3905;3264;434;168;39;66288;46212;13757;4653;1666;3807;3035;650;122;375;98850;24475;74375;52049;15177;5232;1917
1327;58 jaar;2002;106720;26703;80017;54059;25958;4263;3512;498;187;66;71353;50153;14481;4974;1745;4007;3246;627;134;394;106720;26703;80017;56365;16041;5576;2035
1328;58 jaar;2003;111766;28189;83577;56883;26694;4529;3708;556;202;63;74417;52772;14913;5039;1693;4228;3441;666;121;403;111766;28189;83577;59376;16539;5661;2001
1329;58 jaar;2004;106271;26953;79318;53586;25732;4517;3637;581;240;59;70284;49605;14094;4986;1599;4173;3363;689;121;344;106271;26953;79318;55994;15802;5615;1907
1330;58 jaar;2005;147492;38131;109361;73927;35434;6663;5420;811;339;93;96549;68018;19512;7008;2011;5660;4606;900;154;489;147492;38131;109361;77220;21786;7948;2407
1331;58 jaar;2006;142441;37749;104692;69490;35202;6766;5404;890;384;88;91698;63608;19024;6915;2151;5750;4642;950;158;478;142441;37749;104692;72847;21405;7870;2570
1332;58 jaar;2007;134720;35882;98838;64317;34521;6670;5155;986;418;111;85989;58699;18195;6997;2098;5716;4580;970;166;463;134720;35882;98838;67693;20654;7968;2523
1333;58 jaar;2008;130135;35655;94480;60485;33995;6779;5247;987;438;107;81437;54742;17660;7057;1978;5768;4640;986;142;496;130135;35655;94480;63992;20037;8042;2409
1334;58 jaar;2009;127859;35821;92038;57585;34453;6786;5124;1030;516;116;78724;51978;17329;7353;2064;6045;4830;1013;202;483;127859;35821;92038;61309;19780;8385;2564
1335;58 jaar;2010;126929;36057;90872;56077;34795;7224;5469;1106;529;120;77106;50132;17527;7384;2063;6066;4876;1030;160;476;126929;36057;90872;59858;20090;8416;2508
1336;58 jaar;2011;131084;37409;93675;55762;37913;8257;6046;1365;666;180;78181;49274;18485;8174;2248;6795;5312;1269;214;442;131084;37409;93675;59891;21395;9507;2882
1337;58 jaar;2012;130252;37437;92815;53234;39581;8348;6103;1384;705;156;76737;46733;18876;8779;2349;7332;5760;1327;245;398;130252;37437;92815;57836;21880;10144;2955
1338;58 jaar;2013;132345;38860;93485;51948;41537;8851;6355;1538;767;191;76286;45136;19643;9077;2430;7891;6179;1465;247;457;132345;38860;93485;56932;22891;10511;3151
1339;58 jaar;2014;132987;39164;93823;50407;43416;9440;6623;1724;877;216;75731;43357;20181;9520;2673;8225;6430;1534;261;427;132987;39164;93823;55644;23681;11072;3426
1340;58 jaar;2015;136621;40698;95923;50220;45703;10116;6999;1948;963;206;76448;42796;20591;10209;2852;8934;6969;1698;267;425;136621;40698;95923;55993;24458;11845;3627
1341;58 jaar;2016;138644;42072;96572;48893;47679;10820;7376;2087;1138;219;75718;41071;20997;10794;2856;9588;7467;1798;323;446;138644;42072;96572;55132;25015;12755;3670
1342;58 jaar;2017;142073;43685;98388;48721;49667;11593;7695;2332;1301;265;76266;40563;21169;11353;3181;10066;7771;1976;319;463;142073;43685;98388;55193;25592;13522;4081
1343;58 jaar;2018;145451;44885;100566;48525;52041;12634;8158;2710;1448;318;76743;39919;21569;11943;3312;10741;8204;2196;341;448;145451;44885;100566;55454;26688;14172;4252
1344;58 jaar;2019;146946;45388;101558;47285;54273;13048;8279;2840;1568;361;76745;38519;22026;12587;3613;11278;8544;2324;410;487;146946;45388;101558;54526;27289;15023;4720
1345;58 jaar;2020;151020;46849;104171;47302;56869;14154;8925;3089;1762;378;77665;37919;22251;13396;4099;11894;8956;2538;400;458;151020;46849;104171;54900;28035;16030;5206
1346;58 jaar;2021;152671;47554;105117;46949;58168;15059;9375;3289;1998;397;77245;37125;22198;13860;4062;12364;9379;2545;440;449;152671;47554;105117;55024;28074;16804;5215
1347;58 jaar;2022;155763;48904;106859;46644;60215;15760;9569;3561;2148;482;77828;36651;22624;14237;4316;12847;9756;2628;463;424;155763;48904;106859;55119;28882;17316;5542
1348;58 jaar;2023;159079;49996;109083;45994;63089;16728;9914;3837;2433;544;78017;35640;22951;14848;4578;13898;10421;2998;479;440;159079;49996;109083;54991;29899;18234;5959
1349;58 jaar;2024;156564;49029;107535;44178;63357;16972;10079;4018;2374;501;75810;33640;23137;14640;4393;14294;10653;3145;496;459;156564;49029;107535;53450;30365;17980;5740
1350;59 jaar;1995;84502;20291;64211;40387;23824;2737;2299;300;101;37;57098;37628;13841;4264;1365;3916;3035;710;171;460;84502;20291;64211;42752;15116;4731;1612
1351;59 jaar;1996;85938;20647;65291;41994;23297;2964;2465;348;99;52;58047;39037;13349;4191;1470;3788;2967;661;160;492;85938;20647;65291;44276;14607;4687;1721
1352;59 jaar;1997;85988;21306;64682;42890;21792;3005;2521;316;123;45;57761;39923;12514;3929;1395;3470;2734;607;129;446;85988;21306;64682;44908;13751;4401;1622
1353;59 jaar;1998;91322;22912;68410;46311;22099;3166;2686;358;88;34;61279;43200;12781;3930;1368;3540;2813;601;126;425;91322;22912;68410;48350;14086;4379;1595
1354;59 jaar;1999;92992;23852;69140;47795;21345;3335;2869;336;95;35;61895;44513;12381;3747;1254;3497;2827;559;111;413;92992;23852;69140;49864;13645;4160;1471
1355;59 jaar;2000;96784;24924;71860;50024;21836;3610;3063;377;135;35;64356;46505;12472;3843;1536;3438;2804;522;112;456;96784;24924;71860;51983;13797;4335;1745
1356;59 jaar;2001;94245;24191;70054;49574;20480;3654;3128;370;117;39;62825;46106;11840;3640;1239;3235;2652;499;84;340;94245;24191;70054;51408;13072;4119;1455
1357;59 jaar;2002;98735;25450;73285;51654;21631;3833;3227;413;150;43;65541;48066;12221;3861;1393;3550;2863;572;115;361;98735;25450;73285;53720;13550;4372;1643
1358;59 jaar;2003;106459;27663;78796;56138;22658;4196;3492;474;167;63;70555;52245;12864;4026;1420;3644;2977;557;110;401;106459;27663;78796;58208;14343;4558;1687
1359;59 jaar;2004;111455;29110;82345;59147;23198;4468;3710;511;190;57;73676;55063;13179;4082;1352;3827;3159;568;100;374;111455;29110;82345;61362;14699;4663;1621
1360;59 jaar;2005;105957;27787;78170;55651;22519;4491;3668;550;218;55;69560;51650;12629;4042;1239;3786;3093;589;104;333;105957;27787;78170;57779;14248;4633;1510
1361;59 jaar;2006;147063;39554;107509;76654;30855;6494;5325;780;314;75;95444;70835;17355;5632;1622;5077;4151;793;133;494;147063;39554;107509;79498;19531;6508;1972
1362;59 jaar;2007;142114;39049;103065;72458;30607;6674;5409;853;344;68;90708;66565;16802;5635;1706;5199;4287;784;128;484;142114;39049;103065;75496;19044;6467;2058
1363;59 jaar;2008;134250;36851;97399;67389;30010;6603;5201;928;373;101;85157;61727;16167;5635;1628;5178;4225;820;133;461;134250;36851;97399;70378;18492;6497;2032
1364;59 jaar;2009;129785;36788;92997;63390;29607;6711;5295;902;415;99;80611;57613;15698;5698;1602;5193;4261;811;121;482;129785;36788;92997;66506;17926;6579;1986
1365;59 jaar;2010;127683;36965;90718;60341;30377;6663;5104;1004;453;102;78061;54725;15665;6029;1642;5482;4458;860;164;512;127683;36965;90718;63660;17995;7005;2058
1366;59 jaar;2011;126596;36800;89796;58947;30849;7505;5760;1162;471;112;76322;52762;15872;6088;1600;5544;4524;906;114;425;126596;36800;89796;62365;18250;7108;2073
1367;59 jaar;2012;130721;38460;92261;58616;33645;8095;6106;1263;581;145;77552;52091;16952;6723;1786;6195;4956;1075;164;419;130721;38460;92261;62404;19634;7872;2351
1368;59 jaar;2013;130052;38709;91343;56041;35302;8284;6166;1363;613;142;76019;49450;17425;7284;1860;6615;5300;1141;174;425;130052;38709;91343;60177;20282;8482;2402
1369;59 jaar;2014;131593;39480;92113;55121;36992;8794;6514;1451;674;155;75639;48177;18101;7435;1926;7250;5782;1257;211;430;131593;39480;92113;59747;21057;8752;2557
1370;59 jaar;2015;132629;40415;92214;53662;38552;9339;6744;1641;768;186;74968;46503;18467;7885;2113;7492;5938;1357;197;415;132629;40415;92214;58422;21707;9289;2796
1371;59 jaar;2016;136354;41932;94422;53333;41089;9997;7114;1844;875;164;75819;45800;19208;8469;2342;8187;6480;1488;219;419;136354;41932;94422;58627;22827;9962;3006
1372;59 jaar;2017;138684;43663;95021;52139;42882;10684;7399;2039;1048;198;75142;44248;19544;9010;2340;8703;6885;1549;269;492;138684;43663;95021;57778;23331;10857;3055
1373;59 jaar;2018;141715;44613;97102;52368;44734;11590;7976;2218;1159;237;75801;43923;19727;9543;2608;9242;7268;1711;263;469;141715;44613;97102;58378;23860;11434;3430
1374;59 jaar;2019;145167;46018;99149;52003;47146;12500;8391;2560;1272;277;76325;43140;20262;10199;2724;9852;7736;1840;276;472;145167;46018;99149;58492;24830;12236;3591
1375;59 jaar;2020;146700;46464;100236;51062;49174;12968;8562;2675;1432;299;76391;42018;20638;10725;3010;10395;7999;2069;327;482;146700;46464;100236;57735;25524;12994;3983
1376;59 jaar;2021;150731;47968;102763;51450;51313;14091;9274;2926;1561;330;77310;41696;21162;11159;3293;10882;8379;2171;332;480;150731;47968;102763;58422;26456;13602;4283
1377;59 jaar;2022;152499;49136;103363;51156;52207;14832;9557;3202;1720;353;76871;41139;20925;11540;3267;11200;8714;2105;381;460;152499;49136;103363;58580;26379;14148;4256
1378;59 jaar;2023;155907;50246;105661;50194;55467;15476;9766;3382;1919;409;77631;39984;21726;12314;3607;12110;9436;2294;380;444;155907;50246;105661;58304;27578;15071;4708
1379;59 jaar;2024;158793;50985;107808;50398;57410;16488;10363;3606;2073;446;77863;39560;22333;12280;3690;12982;9989;2587;406;475;158793;50985;107808;58904;28667;15330;4907
1380;60 jaar;1995;83782;20793;62989;41452;21537;2543;2166;261;88;28;56302;38794;12562;3656;1290;3652;2836;645;171;492;83782;20793;62989;43616;13787;4084;1502
1381;60 jaar;1996;84285;21226;63059;42656;20403;2728;2348;261;83;36;56268;39848;11940;3396;1084;3603;2851;614;138;460;84285;21226;63059;44803;13140;3818;1298
1382;60 jaar;1997;85677;21739;63938;44069;19869;2972;2548;283;90;51;57124;41037;11566;3373;1148;3358;2696;544;118;484;85677;21739;63938;46071;12729;3769;1369
1383;60 jaar;1998;85810;22295;63515;44905;18610;2916;2517;271;103;25;56989;41924;10890;3081;1094;3146;2563;477;106;464;85810;22295;63515;46761;12016;3442;1296
1384;60 jaar;1999;91263;23962;67301;48560;18741;3145;2715;303;90;37;60535;45431;10945;3054;1105;3207;2600;511;96;414;91263;23962;67301;50426;12127;3447;1301
1385;60 jaar;2000;92722;24650;68072;49674;18398;3314;2886;299;107;22;61143;46360;10760;3024;999;3187;2638;460;89;428;92722;24650;68072;51567;11901;3423;1181
1386;60 jaar;2001;96649;25970;70679;51649;19030;3511;3020;344;120;27;63553;48190;11007;3100;1256;3176;2632;451;93;439;96649;25970;70679;53448;12235;3557;1439
1387;60 jaar;2002;94103;25152;68951;51003;17948;3566;3069;352;115;30;62031;47612;10344;3046;1029;3032;2528;436;68;322;94103;25152;68951;52723;11564;3456;1208
1388;60 jaar;2003;98438;26268;72170;53306;18864;3717;3176;370;135;36;64810;49773;10763;3135;1139;3286;2710;474;102;357;98438;26268;72170;55187;12002;3623;1358
1389;60 jaar;2004;106024;28452;77572;57741;19831;4088;3439;452;147;50;69742;53905;11458;3245;1134;3345;2767;474;104;397;106024;28452;77572;59620;12864;3713;1375
1390;60 jaar;2005;110979;29849;81130;60878;20252;4403;3730;456;168;49;72849;56789;11596;3380;1084;3519;2947;481;91;359;110979;29849;81130;62830;13060;3913;1327
1391;60 jaar;2006;105511;28721;76790;57176;19614;4293;3561;502;185;45;68756;53286;11156;3298;1016;3412;2836;499;77;329;105511;28721;76790;59048;12658;3836;1248
1392;60 jaar;2007;146493;40780;105713;79124;26589;6326;5281;679;294;72;94364;73344;15317;4399;1304;4524;3759;663;102;499;146493;40780;105713;81601;17260;5223;1629
1393;60 jaar;2008;141489;40059;101430;74853;26577;6477;5390;738;287;62;89765;68998;14763;4630;1374;4723;3969;641;113;465;141489;40059;101430;77646;16726;5382;1676
1394;60 jaar;2009;133753;37938;95815;69621;26194;6371;5132;847;313;79;84296;64041;14376;4580;1299;4700;3898;687;115;448;133753;37938;95815;72289;16496;5366;1664
1395;60 jaar;2010;129584;37958;91626;65756;25870;6548;5269;846;347;86;79902;59994;13955;4690;1263;4683;3896;687;100;493;129584;37958;91626;68499;16063;5449;1615
1396;60 jaar;2011;127434;37730;89704;62892;26812;6997;5507;994;405;91;77185;56956;13998;4908;1323;5093;4245;708;140;429;127434;37730;89704;65994;16123;5834;1753
1397;60 jaar;2012;126328;37716;88612;61354;27258;7279;5732;1039;411;97;75788;55175;14211;5132;1270;5098;4243;769;86;447;126328;37716;88612;64518;16374;6016;1704
1398;60 jaar;2013;130491;39484;91007;61254;29753;7982;6166;1203;491;122;76917;54656;15318;5501;1442;5676;4620;925;131;432;130491;39484;91007;64727;17840;6524;1916
1399;60 jaar;2014;129372;39362;90010;58759;31251;8123;6222;1261;527;113;75433;52126;15897;5968;1442;6043;4913;996;134;411;129372;39362;90010;62578;18487;7020;1925
1400;60 jaar;2015;131081;40512;90569;57732;32837;8691;6556;1388;602;145;74901;50744;16560;6110;1487;6545;5296;1073;176;432;131081;40512;90569;61924;19265;7329;2051
1401;60 jaar;2016;132261;41490;90771;56443;34328;9220;6845;1542;675;158;74318;49177;16968;6518;1655;6812;5538;1106;168;421;132261;41490;90771;60803;19875;7847;2246
1402;60 jaar;2017;136286;43224;93062;56371;36691;10024;7319;1786;777;142;75164;48627;17568;7128;1841;7449;5981;1276;192;425;136286;43224;93062;61118;20914;8585;2445
1403;60 jaar;2018;138158;44530;93628;55226;38402;10588;7496;1951;960;181;74674;47242;18050;7475;1907;7878;6329;1333;216;488;138158;44530;93628;60350;21593;9089;2596
1404;60 jaar;2019;141278;45569;95709;55415;40294;11372;8057;2080;1022;213;75441;46906;18437;7973;2125;8444;6785;1429;230;452;141278;45569;95709;60982;22161;9703;2863
1405;60 jaar;2020;144887;47015;97872;55392;42480;12391;8576;2416;1144;255;75996;46347;18911;8515;2223;9016;7186;1609;221;469;144887;47015;97872;61340;23128;10359;3045
1406;60 jaar;2021;146540;47612;98928;54882;44046;12902;8813;2636;1189;264;76002;45571;19201;8783;2447;9526;7491;1759;276;498;146540;47612;98928;61028;23803;10775;3322
1407;60 jaar;2022;150341;49225;101116;55712;45404;13892;9585;2695;1340;272;76920;45659;19461;9184;2616;9836;7791;1786;259;468;150341;49225;101116;62170;24212;11297;3437
1408;60 jaar;2023;152722;50740;101982;54391;47591;14513;9700;2980;1521;312;76648;44236;19952;9723;2737;10366;8189;1862;315;455;152722;50740;101982;61307;24947;12111;3617
1409;60 jaar;2024;155459;51213;104246;54406;49840;15219;10148;3177;1576;318;77475;43783;20729;10075;2888;11077;8808;1950;319;475;155459;51213;104246;61811;26111;12467;3857
1410;61 jaar;1995;82277;21400;60877;41631;19246;2470;2165;215;66;24;54385;38989;11225;3271;900;3545;2745;647;153;477;82277;21400;60877;43730;12399;3660;1088
1411;61 jaar;1996;83556;21745;61811;43243;18568;2572;2225;237;77;33;55349;40526;10886;2960;977;3398;2669;586;143;492;83556;21745;61811;45269;12042;3320;1180
1412;61 jaar;1997;83998;22297;61701;44343;17358;2665;2352;226;60;27;55344;41534;10361;2613;836;3235;2599;533;103;457;83998;22297;61701;46205;11526;2974;996
1413;61 jaar;1998;85444;22834;62610;45581;17029;2828;2500;235;69;24;56226;42618;9993;2671;944;3093;2557;439;97;463;85444;22834;62610;47485;11025;2986;1114
1414;61 jaar;1999;85681;23277;62404;46591;15813;2885;2533;248;85;19;56183;43606;9328;2403;846;2884;2382;419;83;452;85681;23277;62404;48312;10357;2729;1006
1415;61 jaar;2000;90857;24778;66079;49883;16196;3167;2758;313;75;21;59576;46724;9489;2472;891;2935;2425;434;76;401;90857;24778;66079;51589;10620;2822;1048
1416;61 jaar;2001;92632;25677;66955;50941;16014;3250;2878;269;80;23;60358;47637;9457;2463;801;2921;2429;400;92;426;92632;25677;66955;52578;10567;2828;982
1417;61 jaar;2002;96402;27003;69399;52812;16587;3363;2927;296;113;27;62680;49465;9624;2568;1023;2936;2444;408;84;420;96402;27003;69399;54446;10785;2979;1189
1418;61 jaar;2003;93790;26060;67730;52231;15499;3409;3009;268;103;29;61192;48901;9012;2452;827;2808;2356;389;63;321;93790;26060;67730;53776;10124;2835;995
1419;61 jaar;2004;98019;27137;70882;54475;16407;3672;3177;342;119;34;63876;50937;9512;2525;902;2973;2490;391;92;361;98019;27137;70882;56101;10694;2969;1118
1420;61 jaar;2005;105523;29130;76393;59147;17246;4098;3529;406;126;37;68822;55232;9973;2713;904;3087;2596;415;76;386;105523;29130;76393;60831;11274;3171;1117
1421;61 jaar;2006;110497;30903;79594;62064;17530;4195;3603;405;145;42;71883;58106;10137;2766;874;3161;2681;411;69;355;110497;30903;79594;63795;11469;3239;1091
1422;61 jaar;2007;105046;29437;75609;58557;17052;4180;3518;452;170;40;67915;54714;9760;2610;831;3189;2683;438;68;325;105046;29437;75609;60372;11099;3104;1034
1423;61 jaar;2008;145907;41887;104020;81094;22926;6208;5249;642;255;62;93276;75375;13234;3619;1048;4066;3418;566;82;470;145907;41887;104020;83276;15072;4348;1324
1424;61 jaar;2009;140969;41206;99763;76745;23018;6352;5372;682;246;52;88718;70921;12934;3775;1088;4241;3608;536;97;452;140969;41206;99763;79157;14770;4458;1378
1425;61 jaar;2010;133496;39013;94483;71659;22824;6327;5230;757;276;64;83407;65986;12609;3736;1076;4306;3614;602;90;443;133496;39013;94483;74116;14555;4434;1378
1426;61 jaar;2011;129118;38440;90678;67764;22914;6808;5580;843;327;58;79037;61740;12419;3860;1018;4389;3698;598;93;444;129118;38440;90678;70344;14301;4692;1341
1427;61 jaar;2012;127206;38814;88392;64654;23738;6833;5473;917;364;79;76486;58764;12643;4033;1046;4656;3951;597;108;417;127206;38814;88392;67529;14579;4864;1420
1428;61 jaar;2013;126057;38745;87312;63259;24053;7100;5706;954;368;72;75082;57110;12718;4249;1005;4687;3976;640;71;443;126057;38745;87312;66227;14673;5026;1386
1429;61 jaar;2014;129637;39967;89670;63357;26313;7825;6191;1112;414;108;76201;56731;13785;4557;1128;5209;4315;780;114;435;129637;39967;89670;66597;16051;5447;1575
1430;61 jaar;2015;128885;40402;88483;60864;27619;7986;6210;1232;455;89;74563;54229;14344;4856;1134;5509;4519;877;113;425;128885;40402;88483;64258;16825;5824;1576
1431;61 jaar;2016;130745;41579;89166;60132;29034;8535;6548;1342;530;115;74230;53160;14809;5036;1225;5977;4913;923;141;424;130745;41579;89166;63914;17365;6154;1733
1432;61 jaar;2017;132219;42848;89371;58949;30422;9150;6887;1511;625;127;73653;51644;15258;5410;1341;6150;5037;967;146;418;132219;42848;89371;62841;17983;6679;1868
1433;61 jaar;2018;135793;44143;91650;59013;32637;9853;7347;1684;705;117;74572;51256;15956;5866;1494;6815;5583;1072;160;410;135793;44143;91650;63370;19066;7161;2053
1434;61 jaar;2019;137830;45510;92320;58122;34198;10486;7666;1822;828;170;74167;49979;16335;6355;1498;7190;5881;1127;182;477;137830;45510;92320;62805;19591;7811;2113
1435;61 jaar;2020;141069;46597;94472;58461;36011;11292;8232;1958;919;183;74993;49748;16864;6649;1732;7706;6221;1285;200;481;141069;46597;94472;63472;20406;8197;2397
1436;61 jaar;2021;144527;48161;96366;58773;37593;12327;8871;2269;970;217;75440;49435;17228;7014;1763;8132;6593;1348;191;467;144527;48161;96366;64150;21110;8618;2488
1437;61 jaar;2022;146145;48773;97372;58607;38765;12575;8997;2322;1043;213;75617;49094;17497;7086;1940;8664;6959;1482;223;516;146145;48773;97372;64247;21600;8841;2684
1438;61 jaar;2023;150372;50602;99770;58505;41265;13512;9604;2525;1158;225;76676;48403;18378;7722;2173;9084;7335;1524;225;498;150372;50602;99770;64488;22701;9669;2912
1439;61 jaar;2024;152347;51515;100832;58156;42676;14281;10029;2742;1270;240;76461;47598;18714;7943;2206;9561;7694;1607;260;529;152347;51515;100832;64443;23382;10023;2984
1440;62 jaar;1995;84289;22728;61561;43927;17634;2436;2146;210;55;25;54949;41261;10198;2691;799;3656;2866;627;163;520;84289;22728;61561;46098;11417;3041;1005
1441;62 jaar;1996;82146;22521;59625;43094;16531;2402;2116;211;54;21;53451;40503;9675;2561;712;3297;2622;551;124;475;82146;22521;59625;45073;10765;2906;881
1442;62 jaar;1997;83416;22919;60497;44691;15806;2524;2215;215;60;34;54412;41988;9353;2334;737;3073;2455;509;109;488;83416;22919;60497;46493;10441;2660;903
1443;62 jaar;1998;83930;23533;60397;45559;14838;2609;2326;208;63;12;54393;42768;8865;2097;663;2930;2391;452;87;465;83930;23533;60397;47253;9927;2429;788
1444;62 jaar;1999;85290;23914;61376;46867;14509;2736;2452;199;64;21;55372;43963;8566;2072;771;2816;2346;385;85;452;85290;23914;61376;48555;9527;2366;928
1445;62 jaar;2000;85321;24040;61281;47620;13661;2917;2596;232;73;16;55306;44588;8087;1940;691;2622;2207;339;76;436;85321;24040;61281;49184;9032;2231;834
1446;62 jaar;2001;90604;25714;64890;50677;14213;3043;2664;293;67;19;58709;47631;8328;2025;725;2756;2301;390;65;382;90604;25714;64890;52241;9430;2349;870
1447;62 jaar;2002;92404;26690;65714;51667;14047;3129;2806;232;63;28;59503;48445;8437;1965;656;2666;2229;370;67;416;92404;26690;65714;53168;9463;2273;810
1448;62 jaar;2003;96101;27835;68266;53773;14493;3374;2958;291;101;24;61776;50407;8434;2082;853;2708;2297;334;77;408;96101;27835;68266;55261;9530;2451;1024
1449;62 jaar;2004;93401;26766;66635;52976;13659;3407;3022;276;91;18;60322;49641;8007;1986;688;2593;2193;338;62;313;93401;26766;66635;54384;9086;2340;825
1450;62 jaar;2005;97527;27824;69703;55258;14445;3582;3128;315;112;27;63034;51781;8408;2114;731;2738;2325;341;72;349;97527;27824;69703;56712;9550;2524;917
1451;62 jaar;2006;104995;30113;74882;59807;15075;3893;3400;352;109;32;67776;56036;8772;2246;722;2842;2423;349;70;371;104995;30113;74882;61346;9961;2662;913
1452;62 jaar;2007;109992;31792;78200;63024;15176;4095;3554;378;124;39;70855;59120;8797;2257;681;2900;2472;373;55;350;109992;31792;78200;64549;10085;2696;870
1453;62 jaar;2008;104585;30166;74419;59630;14789;4171;3566;419;147;39;67003;55739;8448;2135;681;2920;2480;373;67;325;104585;30166;74419;61241;9716;2591;871
1454;62 jaar;2009;145308;42833;102475;82487;19988;6159;5277;593;239;50;92100;76731;11604;2938;827;3737;3203;469;65;479;145308;42833;102475;84481;13304;3603;1087
1455;62 jaar;2010;140344;42171;98173;78157;20016;6274;5370;654;203;47;87651;72342;11333;3095;881;3803;3257;468;78;445;140344;42171;98173;80283;13065;3702;1123
1456;62 jaar;2011;133101;39661;93440;73286;20154;6580;5517;770;245;48;82389;67316;11139;3072;862;4018;3420;522;76;453;133101;39661;93440;75585;12937;3738;1180
1457;62 jaar;2012;128746;39382;89364;69157;20207;6681;5542;812;271;56;78224;63180;11088;3134;822;4024;3413;530;81;435;128746;39382;89364;71479;12897;3852;1136
1458;62 jaar;2013;126863;39799;87064;66247;20817;6717;5522;841;288;66;75702;60297;11265;3309;831;4217;3584;551;82;428;126863;39799;87064;68757;13141;4003;1163
1459;62 jaar;2014;125451;39372;86079;64947;21132;7044;5761;893;331;59;74334;58748;11274;3497;815;4263;3643;551;69;438;125451;39372;86079;67586;13110;4232;1151
1460;62 jaar;2015;129173;40966;88207;64999;23208;7712;6185;1064;381;82;75340;58388;12369;3691;892;4729;3945;691;93;426;129173;40966;88207;67877;14501;4522;1307
1461;62 jaar;2016;128383;41314;87069;62632;24437;7869;6242;1149;394;84;73744;55967;12909;3979;889;5033;4168;766;99;423;128383;41314;87069;65757;15177;4860;1275
1462;62 jaar;2017;130385;42680;87705;62166;25539;8400;6566;1259;480;95;73441;55173;13190;4093;985;5437;4556;761;120;427;130385;42680;87705;65569;15565;5149;1422
1463;62 jaar;2018;131612;43638;87974;61181;26793;8922;6911;1336;559;116;72979;53854;13645;4426;1054;5657;4741;792;124;416;131612;43638;87974;64780;16061;5615;1518
1464;62 jaar;2019;135380;44990;90390;61402;28988;9711;7392;1602;607;110;74059;53575;14447;4866;1171;6185;5145;900;140;435;135380;44990;90390;65326;17293;6058;1713
1465;62 jaar;2020;137322;46283;91039;60619;30420;10347;7789;1723;690;145;73645;52359;14833;5230;1223;6576;5443;983;150;471;137322;46283;91039;64858;17831;6549;1801
1466;62 jaar;2021;140733;47667;93066;61322;31744;11138;8417;1782;778;161;74440;52403;15217;5427;1393;6986;5762;1067;157;502;140733;47667;93066;65788;18462;6807;2009
1467;62 jaar;2022;144071;49340;94731;61783;32948;12068;8979;2070;853;166;74847;52332;15428;5704;1383;7344;6104;1072;168;472;144071;49340;94731;66734;18879;7155;1963
1468;62 jaar;2023;146169;50155;96014;61009;35005;12338;9040;2145;950;203;75188;51487;16076;6004;1621;8006;6549;1276;181;482;146169;50155;96014;66242;19795;7618;2359
1469;62 jaar;2024;150039;51422;98617;61798;36819;13330;9837;2355;956;182;76280;51420;16890;6246;1724;8466;6953;1325;188;541;150039;51422;98617;67387;20919;7948;2363
1470;63 jaar;1995;82601;23224;59377;43585;15792;2344;2122;171;39;12;53060;40957;9226;2216;661;3467;2761;565;141;506;82601;23224;59377;45716;10330;2524;807
1471;63 jaar;1996;83983;23730;60253;44973;15280;2437;2170;189;48;30;53847;42294;8757;2182;614;3460;2774;564;122;509;83983;23730;60253;47063;9906;2503;781
1472;63 jaar;1997;81823;23625;58198;44212;13986;2380;2136;179;48;17;52312;41615;8212;1947;538;3045;2466;482;97;461;81823;23625;58198;46053;9226;2247;672
1473;63 jaar;1998;83245;24127;59118;45616;13502;2425;2180;190;42;13;53371;42977;7958;1863;573;2863;2332;439;92;459;83245;24127;59118;47316;8956;2155;691
1474;63 jaar;1999;83725;24634;59091;46459;12632;2512;2281;168;50;13;53469;43732;7612;1626;499;2664;2208;394;62;446;83725;24634;59091;48024;8551;1921;595
1475;63 jaar;2000;85039;24813;60226;47750;12476;2766;2492;197;59;18;54442;44828;7334;1669;611;2588;2192;333;63;430;85039;24813;60226;49268;8280;1939;739
1476;63 jaar;2001;84969;24825;60144;48251;11893;2821;2542;205;61;13;54437;45289;7043;1526;579;2466;2078;322;66;420;84969;24825;60144;49657;7971;1812;704
1477;63 jaar;2002;90492;26726;63766;51367;12399;2985;2655;257;56;17;57782;48329;7193;1695;565;2616;2195;370;51;383;90492;26726;63766;52868;8220;1962;716
1478;63 jaar;2003;92231;27708;64523;52354;12169;3096;2805;208;61;22;58572;49139;7276;1622;535;2445;2082;305;58;410;92231;27708;64523;53739;8190;1913;681
1479;63 jaar;2004;95690;28640;67050;54361;12689;3290;2900;274;93;23;60847;51057;7409;1695;686;2509;2171;273;65;404;95690;28640;67050;55739;8419;2051;841
1480;63 jaar;2005;93062;27568;65494;53448;12046;3382;3026;268;75;13;59378;50105;7091;1638;544;2417;2078;283;56;317;93062;27568;65494;54730;8112;1966;686
1481;63 jaar;2006;97289;28885;68404;55739;12665;3414;2995;298;95;26;62092;52400;7318;1763;611;2554;2177;325;52;344;97289;28885;68404;57075;8393;2150;786
1482;63 jaar;2007;104375;30745;73630;60540;13090;3847;3396;337;87;27;66798;56788;7606;1837;567;2629;2271;306;52;356;104375;30745;73630;61991;8717;2182;740
1483;63 jaar;2008;109451;32586;76865;63782;13083;4069;3564;358;116;31;69786;59876;7514;1839;557;2668;2292;334;42;342;109451;32586;76865;65161;8722;2241;741
1484;63 jaar;2009;104166;30942;73224;60340;12884;4101;3583;368;125;25;66146;56458;7406;1755;527;2678;2283;336;59;299;104166;30942;73224;61782;8583;2157;702
1485;63 jaar;2010;144788;43961;100827;83301;17526;5962;5198;529;192;43;90917;77619;10208;2383;707;3464;2992;421;51;484;144788;43961;100827;85104;11808;2981;934
1486;63 jaar;2011;139947;42929;97018;79196;17822;6493;5621;636;197;39;86421;73137;10008;2569;707;3666;3181;417;68;438;139947;42929;97018;81242;11569;3228;979
1487;63 jaar;2012;132608;40590;92018;74195;17823;6454;5524;677;204;49;81374;68211;9934;2546;683;3730;3214;454;62;460;132608;40590;92018;76299;11566;3178;975
1488;63 jaar;2013;128277;40373;87904;70102;17802;6499;5491;714;242;52;77333;64181;9883;2615;654;3642;3109;456;77;430;128277;40373;87904;72136;11538;3272;958
1489;63 jaar;2014;126068;40327;85741;67242;18499;6597;5526;766;249;56;74823;61315;10160;2676;672;3920;3342;501;77;401;126068;40327;85741;69576;11841;3340;984
1490;63 jaar;2015;124957;40154;84803;65991;18812;6894;5724;827;288;55;73474;59829;10175;2793;677;3997;3461;482;54;438;124957;40154;84803;68432;11900;3506;965
1491;63 jaar;2016;128677;41919;86758;66321;20437;7587;6198;990;339;60;74399;59691;10968;3040;700;4340;3675;595;70;432;128677;41919;86758;68939;12909;3817;1093
1492;63 jaar;2017;128245;42402;85843;64201;21642;7761;6241;1087;357;76;72990;57531;11506;3244;709;4663;3907;663;93;429;128245;42402;85843;67024;13618;4118;1083
1493;63 jaar;2018;129807;43367;86440;63913;22527;8325;6674;1143;424;84;72702;56832;11709;3365;796;5006;4228;683;95;407;129807;43367;86440;67046;13882;4329;1183
1494;63 jaar;2019;131251;44450;86801;62956;23845;8733;6910;1244;483;96;72384;55632;12256;3620;876;5270;4439;723;108;414;131251;44450;86801;66289;14490;4735;1287
1495;63 jaar;2020;135002;45883;89119;63485;25634;9546;7445;1480;521;100;73502;55613;12887;4050;952;5644;4731;799;114;427;135002;45883;89119;67020;15520;5161;1418
1496;63 jaar;2021;136882;47193;89689;62957;26732;10172;7880;1563;607;122;73087;54588;13277;4200;1022;5941;4981;833;127;489;136882;47193;89689;66683;16027;5428;1551
1497;63 jaar;2022;140237;48745;91492;63850;27642;10877;8452;1635;666;124;73853;54901;13524;4317;1111;6265;5235;898;132;497;140237;48745;91492;67836;16466;5562;1628
1498;63 jaar;2023;143965;50585;93380;63862;29518;11749;8925;1902;773;149;74350;54475;13930;4811;1134;6819;5713;964;142;462;143965;50585;93380;68413;17146;6154;1667
1499;63 jaar;2024;145644;50757;94887;63794;31093;12156;9253;1986;750;167;74816;54012;14595;4899;1310;7386;6159;1070;157;529;145644;50757;94887;68588;18020;6308;1971
1500;64 jaar;1995;84068;25286;58782;44316;14466;2361;2131;173;38;19;52592;41590;8355;2017;630;3234;2594;518;122;595;84068;25286;58782;46267;9433;2330;752
1501;64 jaar;1996;82242;24329;57913;44213;13700;2277;2071;158;33;15;51876;41663;7923;1808;482;3281;2696;470;115;479;82242;24329;57913;46309;8911;2080;613
1502;64 jaar;1997;83731;24931;58800;45699;13101;2402;2168;180;27;27;52706;43058;7476;1699;473;3219;2653;467;99;473;83731;24931;58800;47697;8512;1964;627
1503;64 jaar;1998;81574;24710;56864;44829;12035;2273;2075;152;40;6;51336;42309;7049;1540;438;2810;2316;419;75;445;81574;24710;56864;46535;7973;1814;542
1504;64 jaar;1999;82967;25208;57759;46180;11579;2321;2115;156;37;13;52317;43612;6809;1461;435;2668;2227;371;70;453;82967;25208;57759;47800;7681;1724;554
1505;64 jaar;2000;83294;25487;57807;46867;10940;2497;2269;170;45;13;52447;44168;6600;1282;397;2433;2046;333;54;430;83294;25487;57807;48275;7495;1561;476
1506;64 jaar;2001;84791;25776;59015;48052;10963;2678;2432;185;47;14;53477;45201;6440;1354;482;2441;2085;301;55;419;84791;25776;59015;49492;7296;1632;595
1507;64 jaar;2002;84723;25879;58844;48407;10437;2643;2390;181;57;15;53482;45611;6132;1241;498;2313;1957;302;54;406;84723;25879;58844;49702;7039;1489;614
1508;64 jaar;2003;90164;27667;62497;51655;10842;2870;2580;219;53;18;56812;48699;6263;1390;460;2439;2065;322;52;376;90164;27667;62497;53030;7214;1654;599
1509;64 jaar;2004;91827;28457;63370;52592;10778;3032;2751;197;65;19;57663;49452;6448;1327;436;2286;1960;273;53;389;91827;28457;63370;53893;7287;1626;564
1510;64 jaar;2005;95241;29476;65765;54613;11152;3176;2813;267;77;19;59876;51422;6464;1441;549;2335;2013;271;51;378;95241;29476;65765;55817;7507;1751;690
1511;64 jaar;2006;92669;28353;64316;53650;10666;3205;2903;225;65;12;58516;50438;6256;1379;443;2286;1994;246;46;309;92669;28353;64316;54890;7181;1674;571
1512;64 jaar;2007;96791;29595;67196;56116;11080;3355;3000;264;75;16;61121;52779;6406;1447;489;2383;2042;286;55;337;96791;29595;67196;57385;7392;1774;645
1513;64 jaar;2008;103947;31594;72353;60921;11432;3749;3321;328;80;20;65837;57260;6652;1462;463;2427;2111;266;50;340;103947;31594;72353;62220;7732;1767;634
1514;64 jaar;2009;109117;33456;75661;64104;11557;4027;3579;329;91;28;68790;60188;6670;1480;452;2507;2202;276;29;337;109117;33456;75661;65435;7772;1835;619
1515;64 jaar;2010;103808;31827;71981;60660;11321;3963;3489;338;109;27;65251;56860;6506;1465;420;2456;2108;293;55;311;103808;31827;71981;61983;7587;1822;589
1516;64 jaar;2011;144213;44676;99537;83934;15603;6132;5390;539;160;43;89580;78138;8924;1957;561;3419;2997;369;53;406;144213;44676;99537;85852;10313;2518;854
1517;64 jaar;2012;139524;44096;95428;79683;15745;6253;5466;596;152;39;85350;73797;8864;2130;559;3405;3002;336;67;420;139524;44096;95428;81580;10315;2711;822
1518;64 jaar;2013;132135;41703;90432;74804;15628;6276;5419;633;179;45;80280;68929;8680;2116;555;3420;2976;401;43;456;132135;41703;90432;76682;10255;2663;832
1519;64 jaar;2014;127392;40796;86596;70832;15764;6337;5446;630;222;39;76399;64982;8704;2177;536;3456;2982;413;61;404;127392;40796;86596;72821;10223;2745;807
1520;64 jaar;2015;125615;41208;84407;68044;16363;6419;5435;723;214;47;73926;62200;8983;2188;555;3653;3157;435;61;409;125615;41208;84407;70185;10573;2791;858
1521;64 jaar;2016;124493;41225;83268;66810;16458;6746;5708;751;241;46;72524;60681;8990;2312;541;3577;3104;424;49;421;124493;41225;83268;68921;10572;2952;823
1522;64 jaar;2017;128343;42994;85349;67172;18177;7453;6150;946;290;67;73439;60573;9764;2547;555;4008;3428;512;68;449;128343;42994;85349;69579;11592;3261;917
1523;64 jaar;2018;127617;43047;84570;65452;19118;7667;6317;980;309;61;72084;58725;10141;2651;567;4409;3751;584;74;410;127617;43047;84570;68195;12019;3432;924
1524;64 jaar;2019;129322;44156;85166;65223;19943;8192;6679;1052;373;88;71936;58130;10343;2833;630;4624;3954;589;81;414;129322;44156;85166;68135;12316;3699;1016
1525;64 jaar;2020;130700;45110;85590;64452;21138;8653;6954;1211;405;83;71689;57069;10886;3024;710;4819;4127;615;77;429;130700;45110;85590;67496;13031;3950;1113
1526;64 jaar;2021;134377;46741;87636;65168;22468;9424;7556;1328;441;99;72683;57207;11408;3321;747;5124;4366;671;87;405;134377;46741;87636;68403;13769;4266;1198
1527;64 jaar;2022;136521;48210;88311;65117;23194;9963;7910;1447;501;105;72415;56725;11531;3361;798;5451;4630;723;98;482;136521;48210;88311;68600;14044;4419;1248
1528;64 jaar;2023;140026;49896;90130;65358;24772;10562;8382;1505;577;98;73294;56507;12270;3580;937;5805;4895;798;112;469;140026;49896;90130;69088;14940;4701;1401
1529;64 jaar;2024;143284;51074;92210;65995;26215;11541;9118;1707;593;123;73782;56383;12633;3804;962;6393;5449;819;125;494;143284;51074;92210;70205;15567;4995;1443
1530;65 jaar;1995;80369;25157;55212;42845;12367;2120;1972;104;34;10;49410;40344;7100;1552;414;3153;2570;472;111;529;80369;25157;55212;44812;8064;1815;521
1531;65 jaar;1996;83588;26356;57232;44769;12463;2219;2035;137;29;18;51379;42161;7143;1601;474;3061;2500;451;110;573;83588;26356;57232;46652;8122;1862;596
1532;65 jaar;1997;81814;25491;56323;44667;11656;2214;2054;119;29;12;50636;42143;6729;1413;351;3003;2488;419;96;470;81814;25491;56323;46566;7647;1649;461
1533;65 jaar;1998;83198;26058;57140;45922;11218;2271;2086;143;28;14;51488;43385;6383;1353;367;2930;2449;396;85;451;83198;26058;57140;47795;7270;1607;468
1534;65 jaar;1999;81219;25831;55388;45190;10198;2134;1967;123;36;8;50299;42793;5992;1189;325;2525;2118;345;62;430;81219;25831;55388;46731;6811;1430;416
1535;65 jaar;2000;82428;26041;56387;46384;10003;2256;2056;153;32;15;51254;43882;5857;1162;353;2431;2035;340;56;446;82428;26041;56387;47845;6700;1383;459
1536;65 jaar;2001;82971;26480;56491;47018;9473;2375;2190;144;30;11;51397;44406;5640;1031;320;2297;1948;298;51;422;82971;26480;56491;48374;6442;1276;399
1537;65 jaar;2002;84377;26662;57715;48105;9610;2523;2302;166;46;9;52481;45388;5560;1132;401;2296;1984;260;52;415;84377;26662;57715;49462;6348;1412;493
1538;65 jaar;2003;84242;26713;57529;48444;9085;2535;2316;164;45;10;52481;45755;5303;1039;384;2140;1842;258;40;373;84242;26713;57529;49665;6124;1255;485
1539;65 jaar;2004;89562;28396;61166;51591;9575;2786;2527;190;52;17;55757;48713;5523;1142;379;2272;1962;264;46;351;89562;28396;61166;52901;6397;1367;501
1540;65 jaar;2005;91170;29097;62073;52645;9428;2971;2709;188;60;14;56581;49562;5582;1068;369;2147;1857;242;48;374;91170;29097;62073;53860;6374;1350;489
1541;65 jaar;2006;94616;30307;64309;54502;9807;2973;2680;215;62;16;58741;51455;5628;1222;436;2228;1952;229;47;367;94616;30307;64309;55726;6510;1507;566
1542;65 jaar;2007;92105;29105;63000;53743;9257;3038;2796;180;50;12;57600;50669;5461;1094;376;2084;1819;232;33;278;92105;29105;63000;54885;6303;1333;479
1543;65 jaar;2008;96294;30330;65964;56204;9760;3283;2974;233;57;19;60114;52891;5621;1207;395;2228;1945;238;45;339;96294;30330;65964;57426;6537;1466;535
1544;65 jaar;2009;103335;32406;70929;60912;10017;3572;3239;248;68;17;64799;57352;5856;1201;390;2237;1949;248;40;321;103335;32406;70929;62143;6766;1490;530
1545;65 jaar;2010;108484;34322;74162;64026;10136;3833;3433;284;92;24;67671;60266;5806;1244;355;2331;2035;266;30;327;108484;34322;74162;65236;6866;1561;499
1546;65 jaar;2011;103330;32426;70904;60778;10126;3984;3527;341;93;23;64225;56970;5686;1218;351;2414;2079;295;40;281;103330;32426;70904;62132;6637;1577;558
1547;65 jaar;2012;143542;45599;97943;84195;13748;5961;5291;495;132;43;88398;78495;7845;1603;455;3175;2820;310;45;409;143542;45599;97943;85975;9112;2146;710
1548;65 jaar;2013;138800;44959;93841;79969;13872;6074;5390;515;140;29;84220;74173;7833;1755;459;3141;2787;303;51;406;138800;44959;93841;81709;9159;2248;725
1549;65 jaar;2014;131178;42202;88976;74927;14049;6038;5305;553;149;31;79232;69203;7816;1756;457;3287;2888;360;39;419;131178;42202;88976;76818;9233;2225;700
1550;65 jaar;2015;126735;41724;85011;71127;13884;6093;5285;581;191;36;75394;65462;7699;1815;418;3144;2712;388;44;380;126735;41724;85011;72902;9064;2359;686
1551;65 jaar;2016;124885;42128;82757;68435;14322;6134;5283;638;175;38;72890;62761;7888;1795;446;3342;2919;365;58;391;124885;42128;82757;70443;9293;2325;696
1552;65 jaar;2017;124021;42169;81852;67226;14626;6659;5615;755;239;50;71523;61197;7954;1948;424;3256;2838;376;42;414;124021;42169;81852;69108;9434;2604;706
1553;65 jaar;2018;127823;43816;84007;68051;15956;7262;6119;839;253;51;72582;61514;8549;2075;444;3745;3245;448;52;418;127823;43816;84007;70334;10196;2726;751
1554;65 jaar;2019;127166;43839;83327;66332;16995;7463;6248;884;276;55;71329;59671;9015;2157;486;4122;3563;493;66;413;127166;43839;83327;68908;10700;2901;818
1555;65 jaar;2020;128862;44992;83870;66184;17686;7984;6607;983;319;75;71215;59173;9228;2304;510;4267;3687;506;74;404;128862;44992;83870;68853;11094;3055;868
1556;65 jaar;2021;130191;46154;84037;65569;18468;8428;6925;1086;342;75;70811;58206;9627;2407;571;4360;3761;536;63;438;130191;46154;84037;68302;11570;3241;924
1557;65 jaar;2022;133776;47731;86045;66464;19581;9153;7521;1186;382;64;71835;58523;10052;2665;595;4637;4017;543;77;420;133776;47731;86045;69448;12116;3526;955
1558;65 jaar;2023;136263;49307;86956;66108;20848;9649;7849;1275;424;101;71741;57804;10484;2784;669;5111;4354;665;92;455;136263;49307;86956;69367;12704;3777;1108
1559;65 jaar;2024;139332;50293;89039;67132;21907;10406;8513;1348;463;82;72715;58111;10905;2949;750;5410;4610;706;94;508;139332;50293;89039;70568;13355;3960;1156
1560;66 jaar;1995;79845;26235;53610;42255;11355;2063;1928;97;26;12;47960;39806;6490;1322;342;3066;2514;455;97;521;79845;26235;53610;44179;7403;1577;451
1561;66 jaar;1996;79842;26312;53530;42800;10730;2002;1871;94;30;7;48029;40409;6111;1202;307;2979;2483;396;100;520;79842;26312;53530;44755;6938;1433;404
1562;66 jaar;1997;83255;27604;55651;44953;10698;2204;2044;122;25;13;50017;42359;6032;1281;345;2880;2374;411;95;550;83255;27604;55651;46736;6949;1512;454
1563;66 jaar;1998;81407;26657;54750;44730;10020;2181;2061;93;20;7;49348;42224;5735;1115;274;2776;2334;358;84;445;81407;26657;54750;46519;6538;1342;351
1564;66 jaar;1999;82798;27230;55568;45910;9658;2225;2065;126;25;9;50167;43402;5444;1041;280;2733;2305;363;65;443;82798;27230;55568;47652;6294;1255;367
1565;66 jaar;2000;80756;26670;54086;45147;8939;2141;1982;123;32;4;49134;42759;5201;900;274;2405;2040;310;55;406;80756;26670;54086;46640;5997;1096;353
1566;66 jaar;2001;81883;26946;54937;46105;8832;2168;1994;138;24;12;50014;43691;5095;934;294;2335;1984;303;48;420;81883;26946;54937;47560;5854;1139;384
1567;66 jaar;2002;82649;27432;55217;46763;8454;2287;2114;141;21;11;50283;44230;4940;856;257;2228;1916;271;41;419;82649;27432;55217;48106;5697;1072;342
1568;66 jaar;2003;83955;27513;56442;47930;8512;2475;2292;134;43;6;51352;45235;4867;932;318;2212;1929;233;50;403;83955;27513;56442;49271;5599;1158;414
1569;66 jaar;2004;83690;27442;56248;48127;8121;2498;2310;145;34;9;51342;45458;4702;879;303;2049;1786;227;36;359;83690;27442;56248;49316;5450;1070;412
1570;66 jaar;2005;88981;29086;59895;51258;8637;2734;2494;187;41;12;54628;48416;4947;958;307;2185;1900;244;41;348;88981;29086;59895;52514;5768;1184;429
1571;66 jaar;2006;90558;29938;60620;52272;8348;2898;2684;149;53;12;55358;49254;4933;874;297;2030;1784;208;38;334;90558;29938;60620;53434;5646;1143;397
1572;66 jaar;2007;94065;31130;62935;54246;8689;2895;2636;183;53;23;57638;51258;5063;975;342;2050;1795;215;40;352;94065;31130;62935;55366;5870;1236;463
1573;66 jaar;2008;91344;29745;61599;53465;8134;2932;2697;180;46;9;56441;50496;4749;893;303;1954;1731;192;31;272;91344;29745;61599;54577;5514;1109;399
1574;66 jaar;2009;95634;31073;64561;55940;8621;3196;2927;202;51;16;58930;52687;4915;1007;321;2109;1847;217;45;326;95634;31073;64561;57140;5720;1249;452
1575;66 jaar;2010;102805;33285;69520;60590;8930;3493;3172;241;58;22;63625;57103;5201;998;323;2087;1810;235;42;315;102805;33285;69520;61722;6089;1248;461
1576;66 jaar;2011;107924;34881;73043;63869;9174;3999;3641;256;77;25;66371;59949;5086;1035;301;2394;2128;241;25;279;107924;34881;73043;65257;5946;1368;472
1577;66 jaar;2012;102689;33121;69568;60447;9121;3873;3451;313;85;24;63074;56720;5056;999;299;2345;2051;255;39;276;102689;33121;69568;61814;5929;1354;471
1578;66 jaar;2013;142870;46693;96177;83891;12286;5783;5198;437;115;33;86973;78288;6976;1349;360;3016;2679;299;38;405;142870;46693;96177;85522;8225;1813;617
1579;66 jaar;2014;137760;45610;92150;79652;12498;5899;5292;464;118;25;82809;73961;7054;1434;360;3043;2695;302;46;399;137760;45610;92150;81341;8331;1890;588
1580;66 jaar;2015;130378;43114;87264;74865;12399;5857;5187;500;139;31;77938;69270;6837;1452;379;3061;2716;313;32;408;130378;43114;87264;76639;8109;1927;589
1581;66 jaar;2016;126016;42651;83365;70957;12408;5882;5167;514;164;37;74126;65427;6814;1548;337;2994;2614;342;38;363;126016;42651;83365;72694;8041;2048;582
1582;66 jaar;2017;124413;43143;81270;68433;12837;6082;5244;636;166;36;71712;62811;7021;1497;383;3098;2741;312;45;378;124413;43143;81270;70221;8398;2006;645
1583;66 jaar;2018;123200;42864;80336;67381;12955;6428;5519;654;213;42;70445;61483;7069;1557;336;3084;2721;324;39;379;123200;42864;80336;69186;8399;2160;591
1584;66 jaar;2019;127165;44743;82422;68274;14148;6976;5969;746;213;48;71556;61896;7596;1710;354;3481;3045;381;55;409;127165;44743;82422;70423;9041;2312;646
1585;66 jaar;2020;126603;44867;81736;66841;14895;7161;6105;762;251;43;70472;60347;7936;1778;411;3714;3216;442;56;389;126603;44867;81736;69101;9491;2452;692
1586;66 jaar;2021;128281;46055;82226;66875;15351;7710;6540;842;269;59;70285;59949;8053;1887;396;3845;3355;432;58;386;128281;46055;82226;69244;9700;2550;732
1587;66 jaar;2022;129550;47216;82334;66467;15867;8064;6777;942;291;54;69883;59281;8173;1975;454;3978;3491;433;54;409;129550;47216;82334;69017;9860;2703;754
1588;66 jaar;2023;133415;48939;84476;67032;17444;8759;7318;1059;330;52;70962;59323;8945;2222;472;4364;3817;481;66;391;133415;48939;84476;69867;10788;3012;809
1589;66 jaar;2024;135559;49932;85627;67055;18572;9421;7880;1128;335;78;70909;58685;9390;2287;547;4807;4121;607;79;490;135559;49932;85627;70036;11474;3156;961
1590;67 jaar;1995;77472;26787;50685;40874;9811;1912;1790;92;18;12;45330;38552;5438;1064;276;2911;2412;411;88;532;77472;26787;50685;42771;6286;1271;357
1591;67 jaar;1996;79295;27403;51892;42007;9885;1985;1863;92;23;7;46502;39641;5566;1038;257;2902;2425;401;76;503;79295;27403;51892;43862;6408;1279;343
1592;67 jaar;1997;79365;27602;51763;42503;9260;1968;1857;77;27;7;46526;40153;5235;922;216;2776;2316;373;87;493;79365;27602;51763;44333;5999;1125;306
1593;67 jaar;1998;82672;28749;53923;44680;9243;2126;1999;102;18;7;48600;42145;5215;954;286;2661;2204;370;87;536;82672;28749;53923;46330;6052;1171;370
1594;67 jaar;1999;80846;27776;53070;44414;8656;2096;1992;84;14;6;47949;42007;4857;888;197;2610;2213;327;70;415;80846;27776;53070;46114;5599;1090;267
1595;67 jaar;2000;82162;28191;53971;45453;8518;2171;2027;113;19;12;48824;42992;4758;845;229;2542;2159;324;59;434;82162;28191;53971;47067;5553;1038;313
1596;67 jaar;2001;80286;27710;52576;44666;7910;2062;1924;107;27;4;47816;42351;4500;764;201;2307;1966;287;54;391;80286;27710;52576;46121;5226;955;274
1597;67 jaar;2002;81295;27922;53373;45567;7806;2054;1909;112;24;9;48685;43249;4442;768;226;2225;1887;295;43;409;81295;27922;53373;46930;5167;970;306
1598;67 jaar;2003;82048;28398;53650;46174;7476;2268;2106;128;19;15;48877;43677;4285;713;202;2114;1822;253;39;391;82048;28398;53650;47446;5015;905;284
1599;67 jaar;2004;83396;28378;55018;47408;7610;2423;2253;128;33;9;50090;44775;4307;753;255;2125;1848;238;39;380;83396;28378;55018;48733;4994;955;336
1600;67 jaar;2005;83145;28136;55009;47755;7254;2497;2323;136;35;3;50198;45082;4165;703;248;1964;1730;208;26;350;83145;28136;55009;48898;4866;902;343
1601;67 jaar;2006;88325;29891;58434;50821;7613;2602;2394;163;35;10;53477;48096;4335;804;242;2024;1750;237;37;331;88325;29891;58434;51960;5117;1000;357
1602;67 jaar;2007;89959;30612;59347;51856;7491;2828;2637;140;42;9;54236;48899;4380;701;256;1963;1723;208;32;320;89959;30612;59347;53027;5056;935;329
1603;67 jaar;2008;93507;31849;61658;53924;7734;2862;2631;166;49;16;56469;50952;4428;796;293;1986;1749;201;36;341;93507;31849;61658;55060;5173;1018;407
1604;67 jaar;2009;90801;30499;60302;53072;7230;2907;2697;159;45;6;55272;50120;4166;729;257;1868;1660;183;25;255;90801;30499;60302;54127;4888;941;346
1605;67 jaar;2010;95111;31923;63188;55495;7693;3090;2829;193;52;16;57806;52349;4365;837;255;1975;1739;196;40;317;95111;31923;63188;56658;5110;1057;363
1606;67 jaar;2011;102318;33867;68451;60178;8273;3644;3310;252;63;19;62267;56552;4621;824;270;2224;1962;222;40;316;102318;33867;68451;61498;5393;1123;437
1607;67 jaar;2012;107378;35701;71677;63448;8229;3893;3558;247;66;22;65222;59631;4467;860;264;2303;2065;214;24;259;107378;35701;71677;64834;5272;1162;409
1608;67 jaar;2013;102125;33963;68162;59962;8200;3773;3394;281;76;22;61872;56286;4507;822;257;2235;1967;238;30;282;102125;33963;68162;61281;5340;1131;410
1609;67 jaar;2014;141702;47380;94322;83268;11054;5701;5185;390;101;25;85362;77706;6236;1127;293;2882;2581;267;34;377;141702;47380;94322;84934;7308;1570;510
1610;67 jaar;2015;137065;46696;90369;79172;11197;5793;5235;428;109;21;81322;73560;6279;1197;286;2877;2540;292;45;377;137065;46696;90369;80843;7396;1630;500
1611;67 jaar;2016;129583;44194;85389;74327;11062;5675;5093;440;117;25;76490;68850;6122;1195;323;2840;2522;287;31;384;129583;44194;85389;75988;7267;1608;526
1612;67 jaar;2017;125416;43536;81880;70680;11200;5861;5170;499;158;34;72790;65129;6113;1269;279;2848;2496;317;35;381;125416;43536;81880;72337;7288;1749;506
1613;67 jaar;2018;123679;43862;79817;68220;11597;5967;5200;583;147;37;70511;62660;6289;1249;313;2979;2642;294;43;360;123679;43862;79817;69993;7531;1735;558
1614;67 jaar;2019;122517;43569;78948;67293;11655;6313;5459;649;168;37;69301;61442;6285;1300;274;2942;2625;287;30;392;122517;43569;78948;69076;7548;1816;508
1615;67 jaar;2020;126340;45362;80978;68353;12625;6862;5967;667;183;45;70398;62003;6679;1431;285;3335;2935;346;54;383;126340;45362;80978;70407;8032;1979;560
1616;67 jaar;2021;125725;45602;80123;66981;13142;6992;6053;659;239;41;69282;60544;6957;1454;327;3465;3021;392;52;384;125725;45602;80123;69134;8303;2096;590
1617;67 jaar;2022;127493;46906;80587;67090;13497;7499;6505;733;215;46;69151;60228;7117;1485;321;3580;3148;383;49;357;127493;46906;80587;69336;8562;2085;604
1618;67 jaar;2023;129045;48170;80875;66495;14380;7730;6578;873;227;52;68905;59502;7379;1650;374;3825;3391;384;50;415;129045;48170;80875;68965;8949;2286;675
1619;67 jaar;2024;132525;49390;83135;67528;15607;8559;7265;975;272;47;70025;59863;7923;1852;387;4151;3648;456;47;400;132525;49390;83135;70173;9719;2563;680
1620;68 jaar;1995;77418;28063;49355;40385;8970;1835;1733;77;20;5;44120;38101;4895;890;234;2849;2381;371;97;551;77418;28063;49355;42268;5674;1095;318
1621;68 jaar;1996;76941;27986;48955;40321;8634;1837;1716;89;19;13;43840;38105;4697;836;202;2778;2330;372;76;500;76941;27986;48955;42166;5489;1018;282
1622;68 jaar;1997;78716;28663;50053;41415;8638;1921;1819;71;24;7;44903;39127;4754;825;197;2760;2338;362;60;469;78716;28663;50053;43260;5509;1021;263
1623;68 jaar;1998;78635;28645;49990;41943;8047;1882;1793;70;15;4;45020;39681;4464;706;169;2619;2223;323;73;469;78635;28645;49990;43711;5169;873;237
1624;68 jaar;1999;81981;29828;52153;44060;8093;2031;1906;94;24;7;47043;41635;4458;739;211;2560;2156;333;71;519;81981;29828;52153;45727;5233;908;285
1625;68 jaar;2000;80173;28792;51381;43706;7675;2087;1975;90;13;9;46454;41316;4294;688;156;2425;2072;289;64;415;80173;28792;51381;45280;4976;903;222
1626;68 jaar;2001;81671;29318;52353;44746;7607;2133;1998;101;19;15;47361;42336;4142;700;183;2447;2079;314;54;412;81671;29318;52353;46291;4924;881;257
1627;68 jaar;2002;79733;28728;51005;43940;7065;1991;1865;102;20;4;46468;41703;3951;642;172;2174;1861;271;42;372;79733;28728;51005;45318;4653;802;232
1628;68 jaar;2003;80809;28867;51942;44959;6983;2047;1906;109;23;9;47380;42671;3911;627;171;2133;1837;252;44;382;80809;28867;51942;46325;4549;807;261
1629;68 jaar;2004;81481;29268;52213;45423;6790;2216;2071;112;21;12;47537;42977;3793;598;169;2085;1804;247;34;375;81481;29268;52213;46716;4462;784;251
1630;68 jaar;2005;82758;29145;53613;46807;6806;2380;2222;128;24;6;48838;44215;3780;631;212;2025;1765;226;34;370;82758;29145;53613;48023;4482;819;289
1631;68 jaar;2006;82597;29031;53566;47065;6501;2379;2230;120;27;2;48994;44513;3669;600;212;1871;1656;193;22;322;82597;29031;53566;48181;4328;764;293
1632;68 jaar;2007;87696;30654;57042;50217;6825;2568;2382;147;26;13;52248;47529;3866;652;201;1920;1658;229;33;306;87696;30654;57042;51324;4601;825;292
1633;68 jaar;2008;89294;31249;58045;51351;6694;2816;2634;137;39;6;53017;48409;3807;602;199;1904;1681;197;26;308;89294;31249;58045;52528;4429;821;267
1634;68 jaar;2009;92812;32576;60236;53334;6902;2769;2567;143;47;12;55256;50447;3890;672;247;1891;1674;189;28;320;92812;32576;60236;54389;4609;883;355
1635;68 jaar;2010;90320;31468;58852;52390;6462;2783;2589;148;40;6;54051;49550;3660;637;204;1767;1575;169;23;251;90320;31468;58852;53412;4332;827;281
1636;68 jaar;2011;94567;32468;62099;54907;7192;3290;3011;212;52;15;56487;51613;3953;697;224;2039;1816;183;40;283;94567;32468;62099;56148;4608;969;374
1637;68 jaar;2012;101664;34669;66995;59651;7344;3568;3282;223;48;15;61020;56060;4033;703;224;2098;1874;195;29;309;101664;34669;66995;60890;4775;962;368
1638;68 jaar;2013;106708;36660;70048;62567;7481;3757;3443;218;74;22;63850;58863;4028;738;221;2180;1958;200;22;261;106708;36660;70048;63870;4799;1014;365
1639;68 jaar;2014;101324;34678;66646;59144;7502;3671;3294;295;65;17;60585;55592;4068;710;215;2132;1901;203;28;258;101324;34678;66646;60415;4864;997;370
1640;68 jaar;2015;140842;48452;92390;82426;9964;5583;5111;355;92;25;83686;76942;5550;942;252;2748;2472;247;29;373;140842;48452;92390;84067;6533;1329;461
1641;68 jaar;2016;136129;47743;88386;78383;10003;5596;5120;364;93;19;79737;72910;5618;957;252;2700;2383;278;39;353;136129;47743;88386;79950;6648;1346;442
1642;68 jaar;2017;128991;45250;83741;73705;10036;5607;5025;436;125;21;75055;68307;5496;977;275;2706;2424;253;29;373;128991;45250;83741;75318;6568;1375;480
1643;68 jaar;2018;124593;44284;80309;70158;10151;5713;5083;462;141;27;71482;64732;5479;1040;231;2771;2453;285;33;343;124593;44284;80309;71843;6546;1472;448
1644;68 jaar;2019;122946;44743;78203;67760;10443;5791;5128;517;113;33;69172;62280;5584;1049;259;2888;2593;259;36;352;122946;44743;78203;69547;6663;1497;496
1645;68 jaar;2020;121777;44228;77549;67008;10541;6185;5391;594;164;36;68169;61237;5626;1089;217;2815;2529;260;26;380;121777;44228;77549;68725;6789;1597;438
1646;68 jaar;2021;125616;46067;79549;68206;11343;6768;5939;623;171;35;69200;61910;5913;1142;235;3224;2864;309;51;357;125616;46067;79549;70237;7127;1703;482
1647;68 jaar;2022;124941;46456;78485;66906;11579;6764;5935;602;193;34;68069;60591;6072;1152;254;3272;2877;356;39;380;124941;46456;78485;69009;7288;1698;490
1648;68 jaar;2023;126987;47899;79088;66824;12264;7254;6351;669;194;40;68042;60121;6398;1255;268;3440;3032;362;46;352;126987;47899;79088;68955;7779;1836;518
1649;68 jaar;2024;128123;48584;79539;66684;12855;7624;6631;757;199;37;67796;59603;6554;1337;302;3669;3262;361;46;450;128123;48584;79539;68997;7999;1964;579
1650;69 jaar;1995;76514;29451;47063;39108;7955;1742;1633;76;21;12;42068;36943;4171;741;213;2721;2292;353;76;532;76514;29451;47063;40952;4914;913;284
1651;69 jaar;1996;76674;29168;47506;39645;7861;1756;1662;71;18;5;42530;37455;4184;720;171;2692;2281;328;83;528;76674;29168;47506;41448;4927;889;242
1652;69 jaar;1997;76235;29259;46976;39523;7453;1759;1662;74;13;10;42140;37380;3959;651;150;2596;2168;362;66;481;76235;29259;46976;41227;4710;822;217
1653;69 jaar;1998;78063;29844;48219;40648;7571;1869;1793;53;20;3;43267;38401;4059;648;159;2629;2236;343;50;454;78063;29844;48219;42428;4759;812;220
1654;69 jaar;1999;77981;29764;48217;41189;7028;1860;1769;66;19;6;43460;38979;3803;557;121;2456;2085;307;64;441;77981;29764;48217;42849;4468;719;181
1655;69 jaar;2000;81089;30716;50373;43153;7220;1984;1866;90;22;6;45413;40789;3869;577;178;2478;2086;331;61;498;81089;30716;50373;44800;4599;735;239
1656;69 jaar;2001;79543;29882;49661;42871;6790;1986;1882;84;14;6;44951;40586;3665;573;127;2321;2006;264;51;403;79543;29882;49661;44420;4305;739;197
1657;69 jaar;2002;81073;30496;50577;43761;6816;2002;1870;96;22;14;45839;41486;3641;568;144;2331;1995;286;50;405;81073;30496;50577;45265;4360;745;207
1658;69 jaar;2003;79109;29745;49364;43068;6296;1879;1775;85;14;5;45028;40935;3433;511;149;2099;1795;263;41;358;79109;29745;49364;44416;4076;657;215
1659;69 jaar;2004;80060;29672;50388;44064;6324;1976;1851;96;23;6;45989;41839;3475;536;139;2049;1771;241;37;374;80060;29672;50388;45394;4072;702;220
1660;69 jaar;2005;80758;29982;50776;44660;6116;2174;2041;108;21;4;46214;42264;3322;486;142;2033;1777;223;33;355;80758;29982;50776;45940;3974;665;197
1661;69 jaar;2006;82257;30092;52165;46005;6160;2293;2155;112;22;4;47526;43487;3347;514;178;1983;1739;217;27;363;82257;30092;52165;47258;3981;680;246
1662;69 jaar;2007;81962;29920;52042;46292;5750;2275;2147;97;28;3;47693;43838;3188;498;169;1767;1580;168;19;307;81962;29920;52042;47380;3769;649;244
1663;69 jaar;2008;87038;31529;55509;49348;6161;2472;2318;112;28;14;50902;46735;3435;561;171;1840;1612;201;27;295;87038;31529;55509;50480;4059;722;248
1664;69 jaar;2009;88732;32157;56575;50585;5990;2715;2550;127;35;3;51782;47738;3368;510;166;1781;1586;176;19;297;88732;32157;56575;51683;3953;704;235
1665;69 jaar;2010;92129;33266;58863;52531;6332;2743;2537;151;43;12;53988;49680;3539;556;213;1818;1612;177;29;314;92129;33266;58863;53579;4235;741;308
1666;69 jaar;2011;89741;32007;57734;51657;6077;2926;2721;164;34;7;52696;48698;3274;552;172;1874;1700;158;16;238;89741;32007;57734;52873;3844;739;278
1667;69 jaar;2012;93939;33274;60665;54126;6539;3138;2908;173;45;12;55217;50935;3475;592;215;2027;1813;179;35;283;93939;33274;60665;55373;4095;849;348
1668;69 jaar;2013;101071;35548;65523;58769;6754;3485;3216;209;43;17;59701;55259;3644;592;206;2043;1836;181;26;294;101071;35548;65523;59978;4347;848;350
1669;69 jaar;2014;105620;37129;68491;61557;6934;3748;3438;220;69;21;62383;57865;3726;613;179;2106;1895;192;19;254;105620;37129;68491;62862;4458;851;320
1670;69 jaar;2015;100636;35562;65074;58307;6767;3595;3254;275;53;13;59212;54812;3628;584;188;2026;1814;184;28;241;100636;35562;65074;59576;4332;833;333
1671;69 jaar;2016;140000;49637;90363;81268;9095;5459;5051;307;74;27;81912;75867;5062;776;207;2642;2408;209;25;350;140000;49637;90363;82857;5952;1138;416
1672;69 jaar;2017;135389;48837;86552;77272;9280;5527;5041;369;99;18;78039;71900;5107;825;207;2655;2365;252;38;331;135389;48837;86552;78859;6069;1221;403
1673;69 jaar;2018;127978;45864;82114;72928;9186;5525;4994;406;105;20;73603;67571;4942;865;225;2623;2366;228;29;363;127978;45864;82114;74536;5895;1254;429
1674;69 jaar;2019;123899;45254;78645;69357;9288;5602;5030;425;122;25;70023;63985;4952;886;200;2678;2373;275;30;342;123899;45254;78645;70965;5972;1300;408
1675;69 jaar;2020;122080;45362;76718;67231;9487;5717;5086;482;117;32;67846;61794;4962;872;218;2804;2522;251;31;351;122080;45362;76718;68998;5983;1283;454
1676;69 jaar;2021;120919;44909;76010;66511;9499;6034;5350;511;145;28;66879;60794;5045;868;172;2730;2459;247;24;367;120919;44909;76010;68232;6051;1359;368
1677;69 jaar;2022;124607;46837;77770;67716;10054;6565;5829;558;150;28;67785;61536;5139;916;194;3069;2729;299;41;351;124607;46837;77770;69688;6258;1405;419
1678;69 jaar;2023;124271;47394;76877;66337;10540;6556;5812;552;164;28;66742;60151;5401;982;208;3205;2822;346;37;374;124271;47394;76877;68424;6526;1488;439
1679;69 jaar;2024;125950;48327;77623;66441;11182;7136;6345;603;145;43;66797;59747;5778;1043;229;3341;2967;334;40;349;125950;48327;77623;68555;7047;1537;484
1680;70 jaar;1995;76531;31005;45526;38123;7403;1794;1692;78;21;3;40472;35910;3764;660;138;2739;2346;330;63;521;76531;31005;45526;40056;4446;831;193
1681;70 jaar;1996;75572;30506;45066;38013;7053;1701;1624;52;19;6;40235;35893;3589;588;165;2634;2220;345;69;496;75572;30506;45066;39837;4251;751;227
1682;70 jaar;1997;75957;30297;45660;38690;6970;1747;1672;55;14;6;40809;36511;3574;597;127;2597;2230;294;73;507;75957;30297;45660;40481;4240;741;198
1683;70 jaar;1998;75500;30306;45194;38626;6568;1716;1639;60;14;3;40521;36530;3371;508;112;2500;2104;342;54;457;75500;30306;45194;40322;4066;645;161
1684;70 jaar;1999;77389;30955;46434;39723;6711;1785;1716;51;15;3;41675;37569;3475;510;121;2536;2176;310;50;438;77389;30955;46434;41502;4106;651;175
1685;70 jaar;2000;77131;30658;46473;40128;6345;1832;1741;68;19;4;41833;37949;3339;451;94;2370;2029;289;52;438;77131;30658;46473;41769;3969;591;144
1686;70 jaar;2001;80331;31864;48467;41897;6570;1870;1755;89;22;4;43740;39681;3437;478;144;2396;2043;297;56;461;80331;31864;48467;43498;4135;633;201
1687;70 jaar;2002;78887;31022;47865;41682;6183;1889;1796;75;13;5;43325;39495;3247;479;104;2260;1976;241;43;391;78887;31022;47865;43221;3831;631;182
1688;70 jaar;2003;80245;31451;48794;42638;6156;1949;1832;92;16;9;44219;40432;3198;467;122;2252;1937;269;46;374;80245;31451;48794;44130;3870;612;182
1689;70 jaar;2004;78344;30551;47793;42061;5732;1847;1751;79;12;5;43549;39967;3040;425;117;2054;1791;226;37;343;78344;30551;47793;43402;3644;561;186
1690;70 jaar;2005;79159;30351;48808;43053;5755;1965;1839;98;20;8;44517;40862;3102;438;115;1974;1715;227;32;352;79159;30351;48808;44336;3699;583;190
1691;70 jaar;2006;80048;30906;49142;43619;5523;2046;1933;91;17;5;44830;41353;2950;405;122;1933;1675;225;33;333;80048;30906;49142;44833;3566;559;184
1692;70 jaar;2007;81549;30867;50682;45131;5551;2278;2150;103;20;5;46175;42635;2961;439;140;1883;1645;212;26;346;81549;30867;50682;46344;3549;585;204
1693;70 jaar;2008;81147;30574;50573;45392;5181;2226;2117;86;19;4;46352;42976;2822;411;143;1696;1520;160;16;299;81147;30574;50573;46451;3389;522;211
1694;70 jaar;2009;86399;32287;54112;48484;5628;2434;2295;103;25;11;49591;45906;3059;476;150;1804;1568;210;26;283;86399;32287;54112;49582;3674;625;231
1695;70 jaar;2010;88145;33021;55124;49641;5483;2614;2477;111;20;6;50475;46865;3040;436;134;1736;1554;161;21;299;88145;33021;55124;50722;3612;594;196
1696;70 jaar;2011;91487;33818;57669;51705;5964;2871;2687;140;34;10;52578;48753;3128;515;182;1955;1764;163;28;265;91487;33818;57669;52962;3677;730;300
1697;70 jaar;2012;89038;32757;56281;50769;5512;2839;2652;149;35;3;51436;47885;2943;479;129;1774;1611;145;18;232;89038;32757;56281;51912;3468;667;234
1698;70 jaar;2013;93192;34064;59128;53097;6031;3067;2871;153;35;8;53844;49968;3178;520;178;1959;1751;176;32;258;93192;34064;59128;54363;3738;743;284
1699;70 jaar;2014;100095;36132;63963;57636;6327;3378;3132;191;37;18;58277;54212;3369;524;172;2016;1820;174;22;292;100095;36132;63963;58867;4023;775;298
1700;70 jaar;2015;104831;38040;66791;60429;6362;3609;3344;192;53;20;60854;56832;3334;533;155;2075;1873;185;17;253;104831;38040;66791;61719;3987;786;299
1701;70 jaar;2016;99780;36323;63457;57261;6196;3453;3150;245;47;11;57794;53864;3274;509;147;1963;1767;170;26;247;99780;36323;63457;58496;3909;768;284
1702;70 jaar;2017;139125;50799;88326;79895;8431;5362;4936;311;91;24;80021;74612;4558;683;168;2596;2383;191;22;347;139125;50799;88326;81521;5366;1069;370
1703;70 jaar;2018;134193;49464;84729;76143;8586;5406;4959;340;91;16;76369;70851;4672;663;183;2621;2366;225;30;333;134193;49464;84729;77787;5553;1039;350
1704;70 jaar;2019;126991;46716;80275;71964;8311;5335;4856;365;97;17;72067;66759;4387;729;192;2524;2285;213;26;349;126991;46716;80275;73536;5260;1090;389
1705;70 jaar;2020;122886;45990;76896;68429;8467;5445;4939;382;102;22;68483;63155;4425;742;161;2633;2354;252;27;335;122886;45990;76896;70077;5328;1134;357
1706;70 jaar;2021;121200;46157;75043;66361;8682;5585;5002;449;106;28;66408;61031;4464;743;170;2722;2445;248;29;328;121200;46157;75043;68114;5420;1138;371
1707;70 jaar;2022;119839;45692;74147;65652;8495;5850;5266;441;120;23;65325;60048;4415;717;145;2634;2395;219;20;338;119839;45692;74147;67383;5308;1122;334
1708;70 jaar;2023;123784;47711;76073;66846;9227;6390;5696;531;128;35;66310;60801;4582;763;164;3024;2704;283;37;349;123784;47711;76073;68820;5654;1209;390
1709;70 jaar;2024;123158;47844;75314;65664;9650;6484;5800;517;142;25;65324;59479;4889;785;171;3121;2768;323;30;385;123158;47844;75314;67608;6038;1270;398
1710;71 jaar;1995;77536;32841;44695;37757;6938;1716;1637;61;12;6;39663;35551;3447;538;127;2747;2331;359;57;569;77536;32841;44695;39681;4155;683;176
1711;71 jaar;1996;75590;32077;43513;36896;6617;1706;1623;64;16;3;38643;34779;3246;520;98;2670;2285;326;59;494;75590;32077;43513;38794;3904;674;141
1712;71 jaar;1997;74487;31592;42895;36687;6208;1624;1555;41;24;4;38304;34669;3045;463;127;2504;2147;297;60;463;74487;31592;42895;38462;3648;614;171
1713;71 jaar;1998;75022;31281;43741;37538;6203;1692;1628;53;7;4;39057;35411;3085;455;106;2493;2151;280;62;499;75022;31281;43741;39288;3714;575;164
1714;71 jaar;1999;74582;31330;43252;37428;5824;1646;1578;53;11;4;38807;35412;2897;401;97;2361;2016;298;47;438;74582;31330;43252;39079;3506;530;137
1715;71 jaar;2000;76468;31917;44551;38536;6015;1748;1681;50;12;5;39944;36441;2994;421;88;2445;2121;283;41;414;76468;31917;44551;40297;3566;548;140
1716;71 jaar;2001;76264;31677;44587;38912;5675;1754;1656;75;17;6;40126;36834;2843;379;70;2285;1959;276;50;422;76264;31677;44587;40512;3434;513;128
1717;71 jaar;2002;79327;32775;46552;40585;5967;1808;1703;72;27;6;41971;38444;3025;394;108;2335;2001;284;50;438;79327;32775;46552;42148;3689;546;169
1718;71 jaar;2003;78050;31975;46075;40426;5649;1814;1726;68;17;3;41688;38329;2902;374;83;2202;1931;231;40;371;78050;31975;46075;41966;3445;515;149
1719;71 jaar;2004;79289;32234;47055;41468;5587;1923;1819;80;16;8;42586;39279;2827;376;104;2176;1895;241;40;370;79289;32234;47055;42950;3434;512;159
1720;71 jaar;2005;77427;31334;46093;40900;5193;1800;1715;72;10;3;41990;38857;2685;351;97;1975;1718;222;35;328;77427;31334;46093;42187;3258;484;164
1721;71 jaar;2006;78326;31300;47026;41821;5205;1872;1770;73;17;12;42928;39722;2732;389;85;1897;1652;214;31;329;78326;31300;47026;43092;3262;521;151
1722;71 jaar;2007;79183;31670;47513;42573;4940;1986;1886;76;20;4;43376;40374;2556;340;106;1838;1609;207;22;313;79183;31670;47513;43766;3119;478;150
1723;71 jaar;2008;80739;31641;49098;44028;5070;2206;2094;93;15;4;44741;41612;2656;347;126;1829;1613;193;23;322;80739;31641;49098;45235;3192;481;190
1724;71 jaar;2009;80371;31287;49084;44415;4669;2138;2042;70;19;7;45055;42083;2508;352;112;1601;1435;151;15;290;80371;31287;49084;45439;2989;482;174
1725;71 jaar;2010;85619;33078;52541;47373;5168;2376;2252;90;20;14;48131;44836;2775;395;125;1749;1533;193;23;285;85619;33078;52541;48484;3319;524;214
1726;71 jaar;2011;87535;33622;53913;48672;5241;2703;2541;132;24;6;49097;45879;2744;358;116;1861;1684;160;17;252;87535;33622;53913;49936;3227;547;203
1727;71 jaar;2012;90709;34619;56090;50661;5429;2759;2593;129;26;11;51177;47811;2780;426;160;1897;1716;157;24;257;90709;34619;56090;51877;3307;632;274
1728;71 jaar;2013;88283;33446;54837;49757;5080;2789;2622;140;25;2;50095;46906;2674;402;113;1724;1570;139;15;229;88283;33446;54837;50909;3145;558;225
1729;71 jaar;2014;92113;34593;57520;51883;5637;2957;2776;141;34;6;52366;48865;2888;463;150;1955;1760;166;29;242;92113;34593;57520;53197;3406;672;245
1730;71 jaar;2015;99267;36961;62306;56499;5807;3278;3038;190;35;15;56801;53180;3022;449;150;1946;1768;157;21;281;99267;36961;62306;57748;3607;679;272
1731;71 jaar;2016;103817;38888;64929;59055;5874;3517;3278;180;42;17;59182;55545;3065;433;139;1998;1834;148;16;232;103817;38888;64929;60377;3629;658;265
1732;71 jaar;2017;98919;37170;61749;55953;5796;3392;3080;253;49;10;56188;52639;2994;433;122;1935;1750;163;22;234;98919;37170;61749;57202;3609;670;268
1733;71 jaar;2018;137854;51662;86192;78369;7823;5231;4859;272;77;23;78073;73164;4194;576;139;2542;2337;183;22;346;137854;51662;86192;79988;4942;940;322
1734;71 jaar;2019;133079;50446;82633;74805;7828;5226;4828;313;69;16;74574;69656;4178;582;158;2512;2268;215;29;321;133079;50446;82633;76372;4982;951;328
1735;71 jaar;2020;126046;47636;78410;70758;7652;5187;4777;309;81;20;70419;65649;3965;632;173;2472;2245;203;24;332;126046;47636;78410;72325;4751;970;364
1736;71 jaar;2021;121772;46803;74969;67226;7743;5353;4867;378;92;16;66763;62040;3979;619;125;2534;2271;242;21;319;121772;46803;74969;68844;4836;977;312
1737;71 jaar;2022;120033;46898;73135;65273;7862;5424;4906;385;105;28;64732;60046;3953;605;128;2658;2411;220;27;321;120033;46898;73135;67019;4815;982;319
1738;71 jaar;2023;119019;46606;72413;64549;7864;5678;5132;420;105;21;63800;59079;4005;601;115;2597;2368;211;18;338;119019;46606;72413;66304;4831;983;295
1739;71 jaar;2024;122756;48320;74436;66025;8411;6257;5664;461;108;24;64950;59999;4153;650;148;2867;2588;248;31;362;122756;48320;74436;67852;5168;1072;344
1740;72 jaar;1995;74089;32889;41200;35054;6146;1697;1612;68;13;4;36373;32934;2889;436;114;2622;2225;326;71;508;74089;32889;41200;36943;3519;578;160
1741;72 jaar;1996;76259;33789;42470;36190;6280;1634;1570;48;13;3;37611;34085;2993;440;93;2690;2294;342;54;535;76259;33789;42470;38113;3646;574;137
1742;72 jaar;1997;74564;33210;41354;35446;5908;1672;1610;44;14;4;36633;33373;2780;402;78;2586;2228;316;42;463;74564;33210;41354;37327;3390;515;122
1743;72 jaar;1998;73328;32557;40771;35269;5502;1549;1491;39;18;1;36406;33342;2599;371;94;2380;2043;286;51;436;73328;32557;40771;36991;3150;493;137
1744;72 jaar;1999;73985;32334;41651;36081;5570;1578;1535;34;5;4;37195;34084;2654;382;75;2416;2107;252;57;462;73985;32334;41651;37843;3193;497;118
1745;72 jaar;2000;73410;32149;41261;36040;5221;1578;1511;51;14;2;37016;34110;2484;343;79;2248;1925;279;44;419;73410;32149;41261;37648;3036;464;113
1746;72 jaar;2001;75395;32897;42498;37031;5467;1619;1551;49;15;4;38136;35096;2612;355;73;2359;2059;261;39;384;75395;32897;42498;38760;3127;490;121
1747;72 jaar;2002;75243;32617;42626;37510;5116;1658;1580;57;16;5;38353;35522;2450;328;53;2207;1910;250;47;408;75243;32617;42626;39095;2969;449;113
1748;72 jaar;2003;78203;33719;44484;39077;5407;1737;1662;54;16;5;40074;36991;2672;329;82;2249;1959;242;48;424;78203;33719;44484;40664;3223;462;135
1749;72 jaar;2004;76937;32832;44105;38970;5135;1798;1715;60;19;4;39830;36900;2553;306;71;2122;1864;221;37;355;76937;32832;44105;40488;3070;420;127
1750;72 jaar;2005;78312;33061;45251;40110;5141;1835;1740;68;18;9;40941;38027;2511;333;70;2132;1861;232;39;343;78312;33061;45251;41559;3097;472;123
1751;72 jaar;2006;76431;32025;44406;39677;4729;1737;1659;63;12;3;40471;37712;2380;306;73;1892;1662;196;34;306;76431;32025;44406;40977;2872;427;130
1752;72 jaar;2007;77350;32008;45342;40635;4707;1790;1703;60;18;9;41418;38616;2420;308;74;1818;1592;197;29;316;77350;32008;45342;41881;2894;428;139
1753;72 jaar;2008;78294;32352;45942;41431;4511;1933;1850;65;15;3;41903;39276;2255;283;89;1801;1584;198;19;305;78294;32352;45942;42619;2772;418;133
1754;72 jaar;2009;79827;32320;47507;42862;4645;2110;2012;81;12;5;43290;40542;2336;311;101;1799;1597;180;22;308;79827;32320;47507;44066;2840;440;161
1755;72 jaar;2010;79723;32116;47607;43283;4324;2079;1975;78;16;10;43657;41021;2236;304;96;1584;1428;141;15;287;79723;32116;47607;44320;2699;432;156
1756;72 jaar;2011;84920;33660;51260;46333;4927;2477;2345;103;18;11;46589;43737;2402;353;97;1943;1745;178;20;251;84920;33660;51260;47710;2857;507;186
1757;72 jaar;2012;86676;34393;52283;47486;4797;2604;2464;113;20;7;47628;44778;2439;303;108;1807;1633;155;19;244;86676;34393;52283;48719;2907;465;192
1758;72 jaar;2013;89903;35496;54407;49360;5047;2656;2503;124;22;7;49647;46608;2566;335;138;1855;1674;156;25;249;89903;35496;54407;50638;3032;516;221
1759;72 jaar;2014;87320;34011;53309;48539;4770;2723;2555;142;21;5;48679;45776;2460;344;99;1699;1558;125;16;208;87320;34011;53309;49718;2884;506;201
1760;72 jaar;2015;91264;35303;55961;50724;5237;2896;2720;137;32;7;50921;47767;2629;391;134;1907;1722;160;25;237;91264;35303;55961;52011;3114;597;239
1761;72 jaar;2016;98388;37864;60524;55187;5337;3188;2983;173;21;11;55217;51947;2743;395;132;1862;1692;151;19;257;98388;37864;60524;56415;3262;602;245
1762;72 jaar;2017;103078;39971;63107;57645;5462;3403;3160;178;47;18;57506;54258;2742;390;116;1971;1819;138;14;227;103078;39971;63107;58949;3297;615;246
1763;72 jaar;2018;97895;37834;60061;54660;5401;3263;3007;205;44;7;54644;51426;2732;389;97;1927;1760;150;17;227;97895;37834;60061;55949;3269;608;235
1764;72 jaar;2019;136600;52798;83802;76558;7244;5078;4713;282;67;16;75954;71526;3820;495;113;2451;2272;157;22;319;136600;52798;83802;78211;4487;835;269
1765;72 jaar;2020;131773;51249;80524;73254;7270;5105;4726;295;66;18;72663;68215;3821;500;127;2443;2212;204;27;313;131773;51249;80524;74845;4566;814;299
1766;72 jaar;2021;124811;48509;76302;69290;7012;5024;4625;315;66;18;68558;64329;3557;522;150;2384;2179;184;21;336;124811;48509;76302;70836;4313;824;329
1767;72 jaar;2022;120486;47700;72786;65735;7051;5196;4758;342;81;15;64852;60678;3548;512;114;2439;2196;223;20;299;120486;47700;72786;67348;4313;838;287
1768;72 jaar;2023;118975;47866;71109;63856;7253;5195;4725;360;83;27;63031;58826;3580;524;101;2578;2343;213;22;305;118975;47866;71109;65559;4374;893;283
1769;72 jaar;2024;117674;47048;70626;63339;7287;5576;5096;368;95;17;62142;57889;3637;533;83;2554;2336;202;16;354;117674;47048;70626;64989;4480;903;254
1770;73 jaar;1995;73128;34353;38775;33268;5507;1584;1533;36;11;4;34155;31220;2508;343;84;2521;2186;278;57;515;73128;34353;38775;35110;3074;453;138
1771;73 jaar;1996;72699;33630;39069;33501;5568;1613;1536;59;15;3;34366;31486;2444;357;79;2611;2231;321;59;479;72699;33630;39069;35412;3056;484;117
1772;73 jaar;1997;74826;34825;40001;34305;5696;1523;1474;35;11;3;35356;32317;2614;360;65;2608;2233;325;50;514;74826;34825;40001;36197;3207;489;108
1773;73 jaar;1998;73159;34046;39113;33776;5337;1571;1518;38;13;2;34628;31824;2416;324;64;2480;2149;291;40;434;73159;34046;39113;35629;2965;428;91
1774;73 jaar;1999;72003;33373;38630;33645;4985;1444;1406;27;10;1;34473;31824;2277;300;72;2298;1988;269;41;415;72003;33373;38630;35338;2781;410;101
1775;73 jaar;2000;72642;33044;39598;34531;5067;1557;1505;41;8;3;35291;32601;2310;318;62;2325;2037;239;49;425;72642;33044;39598;36250;2834;420;94
1776;73 jaar;2001;72141;32974;39167;34406;4761;1484;1428;42;12;2;35092;32582;2147;300;63;2195;1891;264;40;396;72141;32974;39167;35965;2697;413;92
1777;73 jaar;2002;74215;33738;40477;35494;4983;1558;1495;48;13;2;36232;33630;2240;303;59;2318;2024;254;40;369;74215;33738;40477;37221;2743;415;98
1778;73 jaar;2003;73933;33389;40544;35840;4704;1575;1504;55;12;4;36435;33951;2175;262;47;2149;1876;230;43;385;73933;33389;40544;37426;2658;362;98
1779;73 jaar;2004;76786;34441;42345;37393;4952;1624;1555;49;16;4;38149;35449;2356;281;63;2183;1893;255;35;389;76786;34441;42345;38969;2869;398;109
1780;73 jaar;2005;75626;33487;42139;37458;4681;1740;1665;59;14;2;38023;35463;2249;254;57;2046;1809;205;32;330;75626;33487;42139;38944;2723;367;105
1781;73 jaar;2006;77191;33902;43289;38519;4770;1746;1673;53;16;4;39134;36530;2272;269;63;2093;1848;206;39;316;77191;33902;43289;40012;2765;403;109
1782;73 jaar;2007;75302;32718;42584;38270;4314;1587;1522;53;8;4;38873;36456;2111;244;62;1832;1619;183;30;292;75302;32718;42584;39551;2573;343;117
1783;73 jaar;2008;76337;32629;43708;39382;4326;1749;1664;59;19;7;39885;37430;2126;264;65;1786;1570;191;25;288;76337;32629;43708;40623;2596;362;127
1784;73 jaar;2009;77261;32980;44281;40045;4236;1845;1778;53;12;2;40368;37979;2074;242;73;1780;1578;186;16;288;77261;32980;44281;41245;2568;352;116
1785;73 jaar;2010;78781;33013;45768;41523;4245;2041;1959;64;14;4;41697;39268;2082;264;83;1734;1551;166;17;296;78781;33013;45768;42702;2555;374;137
1786;73 jaar;2011;78841;32603;46238;42032;4206;2169;2067;75;20;7;42088;39726;2011;272;79;1742;1595;132;15;239;78841;32603;46238;43325;2353;409;151
1787;73 jaar;2012;84056;34479;49577;45000;4577;2392;2269;91;19;13;45034;42497;2138;312;87;1917;1723;173;21;234;84056;34479;49577;46381;2582;451;163
1788;73 jaar;2013;85704;35148;50556;46156;4400;2553;2421;101;26;5;46025;43510;2169;261;85;1753;1594;141;18;225;85704;35148;50556;47398;2592;413;153
1789;73 jaar;2014;88657;35968;52689;47935;4754;2552;2407;112;24;9;48083;45292;2363;319;109;1818;1641;150;27;236;88657;35968;52689;49191;2803;495;200
1790;73 jaar;2015;86501;34831;51670;47222;4448;2616;2454;134;25;3;47169;44565;2211;312;81;1682;1543;125;14;203;86501;34831;51670;48395;2636;461;178
1791;73 jaar;2016;90315;36067;54248;49326;4922;2786;2607;139;35;5;49366;46500;2399;356;111;1877;1711;141;25;219;90315;36067;54248;50669;2840;537;202
1792;73 jaar;2017;97519;38881;58638;53537;5101;3093;2870;176;33;14;53440;50426;2563;344;107;1864;1705;139;20;241;97519;38881;58638;54794;3076;548;220
1793;73 jaar;2018;101853;40684;61169;56090;5079;3298;3074;174;38;12;55724;52804;2487;324;109;1935;1803;121;11;212;101853;40684;61169;57473;2955;528;213
1794;73 jaar;2019;96869;38630;58239;53167;5072;3175;2944;192;35;4;52949;50011;2524;330;84;1903;1755;135;13;212;96869;38630;58239;54498;3003;530;208
1795;73 jaar;2020;135102;53703;81399;74595;6804;4945;4595;273;65;12;73704;69706;3467;440;91;2456;2283;153;20;294;135102;53703;81399;76273;4128;770;228
1796;73 jaar;2021;130327;52148;78179;71412;6767;4903;4564;273;50;16;70498;66536;3451;408;103;2466;2253;193;20;312;130327;52148;78179;73048;4171;704;256
1797;73 jaar;2022;123362;49470;73892;67428;6464;4831;4480;273;59;19;66375;62650;3142;451;132;2388;2192;178;18;298;123362;49470;73892;69089;3796;732;275
1798;73 jaar;2023;119231;48646;70585;64013;6572;5001;4578;338;70;15;62909;59162;3223;420;104;2402;2175;207;20;273;119231;48646;70585;65658;3938;730;259
1799;73 jaar;2024;117569;48290;69279;62580;6699;5124;4712;310;79;23;61300;57550;3238;427;85;2537;2325;192;20;318;117569;48290;69279;64271;3983;757;268
1800;74 jaar;1995;72654;35139;37515;32125;5390;1590;1523;45;16;6;32831;30145;2304;304;78;2637;2288;298;51;457;72654;35139;37515;34099;2882;416;118
1801;74 jaar;1996;71613;35167;36446;31423;5023;1499;1450;39;9;1;31977;29486;2143;277;71;2483;2169;266;48;487;71613;35167;36446;33309;2651;374;112
1802;74 jaar;1997;71123;34402;36721;31623;5098;1511;1441;53;13;4;32204;29724;2131;282;67;2548;2195;300;53;458;71123;34402;36721;33525;2698;395;103
1803;74 jaar;1998;73096;35485;37611;32500;5111;1475;1423;40;9;3;33124;30587;2188;295;54;2522;2178;298;46;490;73096;35485;37611;34389;2725;411;86
1804;74 jaar;1999;71657;34890;36767;31948;4819;1448;1402;36;10;0;32540;30153;2075;260;52;2386;2089;264;33;393;71657;34890;36767;33776;2572;350;69
1805;74 jaar;2000;70473;33973;36500;31965;4535;1398;1350;38;8;2;32478;30211;1957;254;56;2220;1922;260;38;404;70473;33973;36500;33626;2449;341;84
1806;74 jaar;2001;71172;33791;37381;32734;4647;1443;1395;34;10;4;33289;30934;2032;275;48;2244;1968;226;50;405;71172;33791;37381;34392;2524;385;80
1807;74 jaar;2002;70608;33651;36957;32557;4400;1380;1337;33;5;5;33069;30848;1931;240;50;2136;1843;258;35;372;70608;33651;36957;34098;2441;332;86
1808;74 jaar;2003;72726;34393;38333;33792;4541;1530;1466;49;13;2;34215;31982;1937;255;41;2244;1970;240;34;344;72726;34393;38333;35482;2416;351;84
1809;74 jaar;2004;72576;34021;38555;34224;4331;1524;1457;54;11;2;34595;32410;1924;229;32;2079;1826;214;39;357;72576;34021;38555;35783;2372;327;73
1810;74 jaar;2005;75360;35074;40286;35694;4592;1579;1510;48;15;6;36181;33827;2075;225;54;2169;1882;253;34;357;75360;35074;40286;37261;2593;332;100
1811;74 jaar;2006;74315;34164;40151;35874;4277;1659;1603;43;10;3;36208;33965;1991;205;47;1978;1747;203;28;306;74315;34164;40151;37330;2445;284;92
1812;74 jaar;2007;75860;34534;41326;36966;4360;1651;1584;53;10;4;37357;35081;2009;216;51;2017;1789;196;32;301;75860;34534;41326;38418;2487;330;91
1813;74 jaar;2008;74102;33269;40833;36843;3990;1566;1498;55;10;3;37207;35064;1881;205;57;1779;1595;159;25;281;74102;33269;40833;38154;2295;287;97
1814;74 jaar;2009;75272;33388;41884;37925;3959;1648;1579;44;16;9;38251;36073;1909;215;54;1712;1512;177;23;273;75272;33388;41884;39145;2311;318;110
1815;74 jaar;2010;76157;33675;42482;38558;3924;1770;1707;47;15;1;38695;36571;1853;212;59;1737;1541;179;17;280;76157;33675;42482;39756;2315;311;100
1816;74 jaar;2011;77842;33573;44269;40111;4158;2082;2002;68;11;1;40028;37841;1880;236;71;1891;1694;175;22;268;77842;33573;44269;41520;2270;341;138
1817;74 jaar;2012;77789;33304;44485;40599;3886;2095;2001;70;20;4;40461;38374;1782;237;68;1705;1562;128;15;224;77789;33304;44485;41866;2126;366;127
1818;74 jaar;2013;83093;35303;47790;43557;4233;2297;2179;90;16;12;43440;41158;1942;262;78;1833;1665;152;16;220;83093;35303;47790;44906;2333;400;151
1819;74 jaar;2014;84057;35325;48732;44603;4129;2459;2341;94;23;1;44326;42051;1978;223;74;1736;1583;139;14;211;84057;35325;48732;45867;2377;354;134
1820;74 jaar;2015;87533;36729;50804;46424;4380;2443;2317;99;18;9;46373;43894;2087;289;103;1775;1604;145;26;213;87533;36729;50804;47673;2495;448;188
1821;74 jaar;2016;85352;35591;49761;45629;4132;2505;2368;111;21;5;45425;43070;2023;267;65;1640;1516;111;13;191;85352;35591;49761;46824;2385;400;152
1822;74 jaar;2017;89272;36908;52364;47772;4592;2727;2540;138;41;8;47606;45033;2184;292;97;1832;1672;135;25;199;89272;36908;52364;49101;2599;483;181
1823;74 jaar;2018;96187;39543;56644;51878;4766;2999;2795;163;32;9;51592;48853;2354;297;88;1823;1674;132;17;230;96187;39543;56644;53153;2807;496;188
1824;74 jaar;2019;100636;41535;59101;54326;4775;3178;2989;149;29;11;53796;51137;2286;283;90;1927;1803;111;13;200;100636;41535;59101;55750;2716;449;186
1825;74 jaar;2020;95557;39225;56332;51585;4747;3023;2815;175;27;6;51245;48564;2316;298;67;1858;1722;122;14;206;95557;39225;56332;52904;2763;491;174
1826;74 jaar;2021;133548;54830;78718;72380;6338;4801;4470;256;58;17;71217;67626;3140;371;80;2416;2247;152;17;284;133548;54830;78718;74067;3748;674;229
1827;74 jaar;2022;128525;53081;75444;69241;6203;4733;4428;247;44;14;68027;64522;3077;348;80;2393;2200;177;16;291;128525;53081;75444;70877;3728;613;226
1828;74 jaar;2023;121807;50380;71427;65356;6071;4615;4279;259;57;20;64145;60780;2877;381;107;2370;2172;183;15;297;121807;50380;71427;66989;3535;643;260
1829;74 jaar;2024;117533;49161;68372;62268;6104;4856;4481;298;59;18;60880;57523;2898;379;80;2372;2169;188;15;264;117533;49161;68372;63895;3588;660;229
1830;75 jaar;1995;59331;29862;29469;25365;4104;1281;1233;36;7;5;25698;23758;1681;207;52;2116;1823;248;45;374;59331;29862;29469;26942;2138;306;83
1831;75 jaar;1996;70679;35679;35000;30098;4902;1481;1431;36;10;4;30521;28234;1964;258;65;2565;2237;285;43;433;70679;35679;35000;32088;2452;362;98
1832;75 jaar;1997;69807;35746;34061;29488;4573;1411;1369;27;13;2;29789;27682;1821;228;58;2424;2132;250;42;437;69807;35746;34061;31378;2261;321;101
1833;75 jaar;1998;69383;35049;34334;29734;4600;1388;1340;37;7;4;30089;27959;1844;234;52;2422;2097;274;51;435;69383;35049;34334;31568;2348;329;89
1834;75 jaar;1999;71256;36093;35163;30531;4632;1393;1344;40;7;2;30899;28726;1904;231;38;2410;2100;267;43;461;71256;36093;35163;32378;2394;327;64
1835;75 jaar;2000;69858;35378;34480;30052;4428;1412;1353;44;13;2;30373;28313;1807;212;41;2309;2024;252;33;386;69858;35378;34480;31826;2293;293;68
1836;75 jaar;2001;68771;34552;34219;30070;4149;1298;1249;37;10;2;30411;28446;1703;215;47;2135;1865;236;34;375;68771;34552;34219;31691;2158;299;71
1837;75 jaar;2002;69478;34377;35101;30792;4309;1345;1304;35;4;2;31154;29110;1779;225;40;2224;1969;213;42;378;69478;34377;35101;32487;2240;300;74
1838;75 jaar;2003;68880;34095;34785;30742;4043;1310;1264;37;7;2;31047;29130;1667;208;42;2080;1810;237;33;348;68880;34095;34785;32276;2135;305;69
1839;75 jaar;2004;71161;34966;36195;32009;4186;1498;1439;45;11;3;32189;30241;1711;206;31;2179;1924;222;33;329;71161;34966;36195;33672;2160;288;75
1840;75 jaar;2005;71009;34522;36487;32489;3998;1463;1406;48;8;1;32702;30759;1726;188;29;1998;1759;206;33;324;71009;34522;36487;33995;2148;285;59
1841;75 jaar;2006;73715;35621;38094;33893;4201;1481;1432;37;7;5;34196;32120;1839;196;41;2076;1814;227;35;341;73715;35621;38094;35416;2307;297;74
1842;75 jaar;2007;72864;34711;38153;34246;3907;1559;1512;34;9;4;34418;32454;1750;174;40;1896;1674;200;22;280;72864;34711;38153;35675;2154;243;81
1843;75 jaar;2008;74456;35096;39360;35323;4037;1583;1520;52;8;3;35549;33540;1788;178;43;1965;1746;189;30;263;74456;35096;39360;36776;2238;274;72
1844;75 jaar;2009;72712;33756;38956;35269;3687;1474;1411;54;7;2;35490;33609;1649;177;55;1743;1557;165;21;249;72712;33756;38956;36561;2050;251;94
1845;75 jaar;2010;73977;33979;39998;36314;3684;1616;1551;45;12;8;36456;34490;1747;181;38;1653;1472;158;23;273;73977;33979;39998;37506;2134;271;87
1846;75 jaar;2011;74908;33984;40924;37024;3900;1801;1727;59;11;4;36928;35034;1655;187;52;1932;1745;172;15;263;74908;33984;40924;38523;2010;296;95
1847;75 jaar;2012;76540;34113;42427;38556;3871;1980;1909;56;15;0;38322;36391;1670;208;53;1869;1666;184;19;256;76540;34113;42427;39966;2032;326;103
1848;75 jaar;2013;76693;33964;42729;39062;3667;2021;1940;62;17;2;38820;36904;1658;201;57;1670;1527;130;13;218;76693;33964;42729;40310;1990;328;101
1849;75 jaar;2014;81746;35787;45959;41919;4040;2178;2070;85;15;8;41740;39656;1769;247;68;1848;1677;157;14;193;81746;35787;45959;43300;2166;364;129
1850;75 jaar;2015;83016;36177;46839;42934;3905;2327;2205;97;22;3;42601;40520;1834;178;69;1702;1559;131;12;209;83016;36177;46839;44186;2202;325;126
1851;75 jaar;2016;86112;37260;48852;44721;4131;2327;2200;99;19;9;44584;42322;1934;243;85;1742;1575;143;24;199;86112;37260;48852;45995;2318;380;159
1852;75 jaar;2017;84213;36422;47791;43900;3891;2412;2272;111;25;4;43594;41432;1890;215;57;1589;1470;104;15;196;84213;36422;47791;45055;2234;359;143
1853;75 jaar;2018;87966;37480;50486;46190;4296;2639;2477;120;35;7;45856;43525;1992;259;80;1803;1656;124;23;188;87966;37480;50486;47524;2368;423;171
1854;75 jaar;2019;94871;40247;54624;50149;4475;2877;2685;151;33;8;49672;47236;2091;271;74;1847;1704;129;14;228;94871;40247;54624;51464;2510;471;179
1855;75 jaar;2020;99210;42156;57054;52512;4542;3117;2933;141;29;14;51813;49379;2108;253;73;1924;1807;106;11;200;99210;42156;57054;53968;2496;416;174
1856;75 jaar;2021;94133;39964;54169;49703;4466;2925;2713;174;30;8;49217;46801;2110;249;57;1838;1708;120;10;189;94133;39964;54169;51030;2545;440;154
1857;75 jaar;2022;131556;55752;75804;69940;5864;4626;4349;211;49;17;68507;65321;2820;303;63;2401;2240;148;13;270;131556;55752;75804;71696;3335;573;200
1858;75 jaar;2023;126772;54161;72611;66807;5804;4502;4218;215;50;19;65481;62315;2789;317;60;2354;2167;175;12;274;126772;54161;72611;68483;3354;580;194
1859;75 jaar;2024;119882;50909;68973;63269;5704;4535;4231;234;53;17;61847;58752;2686;318;91;2305;2131;160;14;286;119882;50909;68973;64839;3332;586;216
1860;76 jaar;1995;55357;29353;26004;22196;3808;1240;1197;33;5;5;22343;20642;1456;210;35;2064;1820;206;38;357;55357;29353;26004;23828;1833;274;69
1861;76 jaar;1996;57249;30027;27222;23462;3760;1155;1108;35;7;5;23663;21994;1445;177;47;2044;1783;219;42;360;57249;30027;27222;25028;1860;253;81
1862;76 jaar;1997;68334;36042;32292;27898;4394;1373;1332;31;7;3;28088;26176;1655;202;55;2441;2132;267;42;390;68334;36042;32292;29831;2089;287;85
1863;76 jaar;1998;67761;36139;31622;27467;4155;1326;1285;27;9;5;27563;25779;1558;181;45;2330;2052;239;39;403;67761;36139;31622;29302;1980;263;77
1864;76 jaar;1999;67400;35515;31885;27717;4168;1292;1251;33;7;1;27831;26040;1569;182;40;2336;2046;243;47;426;67400;35515;31885;29519;2025;272;69
1865;76 jaar;2000;69236;36483;32753;28525;4228;1292;1244;38;9;1;28726;26848;1651;194;33;2302;2012;247;43;433;69236;36483;32753;30311;2097;285;60
1866;76 jaar;2001;67821;35744;32077;28000;4077;1282;1233;38;11;0;28203;26412;1584;175;32;2237;1978;224;35;355;67821;35744;32077;29743;2019;263;52
1867;76 jaar;2002;66902;35013;31889;28087;3802;1164;1124;29;10;1;28287;26599;1479;172;37;2074;1822;220;32;364;66902;35013;31889;29666;1904;259;60
1868;76 jaar;2003;67516;34721;32795;28814;3981;1271;1230;31;8;2;29010;27223;1568;186;33;2153;1906;206;41;361;67516;34721;32795;30472;1994;270;59
1869;76 jaar;2004;66922;34371;32551;28800;3751;1282;1236;34;8;4;28933;27247;1477;172;37;2019;1760;226;33;317;66922;34371;32551;30312;1910;261;68
1870;76 jaar;2005;69278;35266;34012;30157;3855;1417;1358;45;10;4;30224;28487;1538;173;26;2059;1820;206;33;312;69278;35266;34012;31744;1947;256;65
1871;76 jaar;2006;69385;35011;34374;30716;3658;1372;1329;39;4;0;30772;29096;1486;167;23;1939;1722;187;30;291;69385;35011;34374;32219;1864;249;42
1872;76 jaar;2007;72125;36081;36044;32223;3821;1423;1376;36;8;3;32307;30532;1577;164;34;1999;1769;200;30;315;72125;36081;36044;33762;1975;243;64
1873;76 jaar;2008;71108;35040;36068;32496;3572;1504;1462;30;11;1;32462;30773;1507;156;26;1841;1643;176;22;261;71108;35040;36068;33921;1871;220;56
1874;76 jaar;2009;72884;35512;37372;33669;3703;1529;1469;45;11;4;33705;31950;1566;157;32;1888;1683;179;26;250;72884;35512;37372;35105;1969;232;66
1875;76 jaar;2010;71248;34264;36984;33566;3418;1409;1358;42;7;2;33663;31976;1486;157;44;1680;1510;152;18;232;71248;34264;36984;34824;1853;231;76
1876;76 jaar;2011;72658;34298;38360;34635;3725;1610;1547;47;13;3;34619;32854;1561;167;37;1897;1719;153;25;234;72658;34298;38360;36148;1858;270;84
1877;76 jaar;2012;73528;34481;39047;35437;3610;1680;1612;54;12;2;35252;33569;1468;169;46;1859;1683;161;15;256;73528;34481;39047;36898;1800;261;88
1878;76 jaar;2013;75234;34745;40489;36896;3593;1865;1805;45;13;2;36563;34836;1504;176;47;1806;1625;166;15;255;75234;34745;40489;38267;1855;275;92
1879;76 jaar;2014;75165;34274;40891;37431;3460;1951;1863;67;18;3;37122;35363;1542;165;52;1613;1479;122;12;205;75165;34274;40891;38664;1850;289;88
1880;76 jaar;2015;80503;36441;44062;40285;3777;2098;1984;90;19;5;39986;38111;1608;208;59;1788;1631;145;12;190;80503;36441;44062;41644;1980;319;119
1881;76 jaar;2016;81660;36807;44853;41137;3716;2232;2124;78;25;5;40723;38827;1672;164;60;1712;1574;128;10;186;81660;36807;44853;42428;1997;309;119
1882;76 jaar;2017;84786;37952;46834;42854;3980;2247;2102;108;27;10;42651;40568;1800;206;77;1752;1588;145;19;184;84786;37952;46834;44141;2190;352;151
1883;76 jaar;2018;82774;36817;45957;42241;3716;2323;2193;104;18;8;41831;39862;1718;195;56;1617;1505;98;14;186;82774;36817;45957;43448;2035;341;133
1884;76 jaar;2019;86485;38086;48399;44397;4002;2531;2391;101;33;6;43917;41822;1813;220;62;1767;1637;108;22;184;86485;38086;48399;45722;2147;387;143
1885;76 jaar;2020;93108;40644;52464;48260;4204;2741;2572;133;27;9;47657;45467;1904;222;64;1845;1711;122;12;221;93108;40644;52464;49596;2308;403;157
1886;76 jaar;2021;97434;42935;54499;50294;4205;2947;2787;119;33;8;49499;47327;1891;221;60;1873;1755;105;13;180;97434;42935;54499;51725;2228;398;148
1887;76 jaar;2022;92412;40695;51717;47650;4067;2786;2609;145;23;9;46966;44853;1856;213;44;1777;1648;118;11;188;92412;40695;51717;48975;2235;374;133
1888;76 jaar;2023;129217;56616;72601;67084;5517;4366;4114;186;52;14;65621;62721;2590;257;53;2365;2213;143;9;249;129217;56616;72601;68822;3081;517;181
1889;76 jaar;2024;124428;54715;69713;64304;5409;4405;4143;198;48;16;62766;59900;2542;274;50;2281;2096;170;15;261;124428;54715;69713;65878;3135;526;174
1890;77 jaar;1995;54872;30151;24721;21135;3586;1186;1144;25;15;2;21089;19600;1292;154;43;2055;1810;203;42;391;54872;30151;24721;22746;1672;228;75
1891;77 jaar;1996;53097;29244;23853;20387;3466;1129;1097;25;4;3;20400;18962;1241;169;28;1996;1776;186;34;328;53097;29244;23853;21998;1561;240;54
1892;77 jaar;1997;55093;30084;25009;21592;3417;1091;1056;26;7;2;21624;20217;1222;151;34;1975;1736;203;36;319;55093;30084;25009;23140;1587;224;58
1893;77 jaar;1998;66006;36220;29786;25778;4008;1256;1215;31;7;3;25849;24210;1429;170;40;2328;2036;255;37;353;66006;36220;29786;27629;1848;246;63
1894;77 jaar;1999;65424;36238;29186;25377;3809;1219;1186;23;6;4;25340;23820;1329;151;40;2256;1995;224;37;371;65424;36238;29186;27188;1705;226;67
1895;77 jaar;2000;64891;35479;29412;25619;3793;1229;1177;38;7;7;25592;24046;1369;148;29;2195;1942;213;40;396;64891;35479;29412;27352;1776;225;59
1896;77 jaar;2001;66972;36663;30309;26400;3909;1210;1163;38;9;0;26467;24839;1443;159;26;2234;1955;239;40;398;66972;36663;30309;28155;1861;245;48
1897;77 jaar;2002;65542;35882;29660;25907;3753;1188;1147;33;7;1;25974;24426;1372;152;24;2164;1921;212;31;334;65542;35882;29660;27625;1754;232;49
1898;77 jaar;2003;64725;35133;29592;26191;3401;1127;1094;20;13;0;26181;24758;1262;127;34;1945;1710;206;29;339;64725;35133;29592;27703;1627;207;55
1899;77 jaar;2004;65379;34874;30505;26818;3687;1185;1146;27;7;5;26915;25338;1395;149;33;2071;1828;205;38;334;65379;34874;30505;28407;1795;240;63
1900;77 jaar;2005;64929;34525;30404;26938;3466;1215;1173;33;6;3;26962;25472;1316;143;31;1934;1693;211;30;293;64929;34525;30404;28397;1724;224;59
1901;77 jaar;2006;67277;35534;31743;28128;3615;1285;1237;39;8;1;28153;26593;1394;147;19;2007;1791;188;28;298;67277;35534;31743;29720;1761;215;47
1902;77 jaar;2007;67358;35175;32183;28841;3342;1258;1215;33;8;2;28790;27343;1295;133;19;1852;1652;174;26;283;67358;35175;32183;30283;1657;202;41
1903;77 jaar;2008;70190;36305;33885;30333;3552;1358;1312;32;13;1;30247;28717;1367;134;29;1976;1756;191;29;304;70190;36305;33885;31861;1747;227;50
1904;77 jaar;2009;69358;35380;33978;30691;3287;1414;1373;27;10;4;30546;29082;1322;123;19;1782;1589;169;24;236;69358;35380;33978;32085;1659;187;47
1905;77 jaar;2010;71171;35890;35281;31847;3434;1435;1381;37;11;6;31790;30227;1399;135;29;1817;1621;180;16;239;71171;35890;35281;33237;1772;214;58
1906;77 jaar;2011;69489;34320;35169;31779;3390;1416;1359;46;9;2;31679;30194;1314;138;33;1848;1664;167;17;226;69489;34320;35169;33272;1604;228;65
1907;77 jaar;2012;70998;34661;36337;32969;3368;1529;1486;30;11;2;32766;31266;1336;134;30;1825;1661;143;21;217;70998;34661;36337;34442;1596;228;71
1908;77 jaar;2013;71950;34897;37053;33669;3384;1614;1555;52;6;1;33406;31887;1338;141;40;1806;1638;157;11;227;71950;34897;37053;35122;1630;227;74
1909;77 jaar;2014;73328;34921;38407;35001;3406;1766;1705;45;13;3;34669;33065;1399;161;44;1741;1578;150;13;231;73328;34921;38407;36372;1703;245;87
1910;77 jaar;2015;73752;34843;38909;35660;3249;1803;1729;53;17;4;35306;33736;1368;154;48;1605;1489;104;12;195;73752;34843;38909;36944;1621;261;83
1911;77 jaar;2016;79031;37075;41956;38366;3590;1962;1864;75;19;4;38026;36323;1481;176;46;1789;1644;138;7;179;79031;37075;41956;39763;1817;276;100
1912;77 jaar;2017;80305;37475;42830;39252;3578;2156;2026;98;25;7;38802;37049;1555;146;52;1695;1561;126;8;177;80305;37475;42830;40547;1902;279;102
1913;77 jaar;2018;83046;38325;44721;40922;3799;2166;2037;97;26;6;40635;38706;1675;187;67;1741;1591;135;15;179;83046;38325;44721;42231;2019;336;135
1914;77 jaar;2019;81065;37277;43788;40281;3507;2201;2090;91;14;6;39826;38027;1575;176;48;1597;1485;98;14;164;81065;37277;43788;41503;1873;305;107
1915;77 jaar;2020;84818;38516;46302;42531;3771;2435;2300;105;26;4;41970;40066;1640;206;58;1732;1611;105;16;165;84818;38516;46302;43859;1954;353;136
1916;77 jaar;2021;91335;41435;49900;45977;3923;2623;2462;124;29;8;45266;43298;1714;202;52;1794;1661;123;10;217;91335;41435;49900;47314;2076;369;141
1917;77 jaar;2022;95302;43581;51721;47780;3941;2773;2629;109;27;8;46906;44973;1692;194;47;1864;1744;107;13;178;95302;43581;51721;49204;2029;366;122
1918;77 jaar;2023;90432;41262;49170;45305;3865;2643;2468;144;24;7;44585;42656;1707;186;36;1761;1633;116;12;181;90432;41262;49170;46651;2076;334;109
1919;77 jaar;2024;126603;57167;69436;64276;5160;4215;3995;163;46;11;62608;60028;2310;227;43;2360;2211;140;9;253;126603;57167;69436;65984;2823;482;147
1920;78 jaar;1995;51887;29749;22138;18928;3210;1159;1128;22;5;4;18649;17407;1086;121;35;1937;1703;207;27;393;51887;29749;22138;20459;1441;182;56
1921;78 jaar;1996;52199;29808;22391;19133;3258;1039;1012;23;3;1;19022;17768;1087;130;37;1977;1742;198;37;353;52199;29808;22391;20720;1425;180;66
1922;78 jaar;1997;50737;29132;21605;18470;3135;1020;991;22;5;2;18393;17185;1060;123;25;1898;1683;182;33;294;50737;29132;21605;20009;1370;183;43
1923;78 jaar;1998;52629;29934;22695;19596;3099;971;944;17;6;4;19559;18362;1044;127;26;1875;1658;184;33;290;52629;29934;22695;21098;1361;185;51
1924;78 jaar;1999;63280;35945;27335;23693;3642;1189;1141;37;9;2;23612;22228;1207;143;34;2210;1935;242;33;324;63280;35945;27335;25461;1611;209;54
1925;78 jaar;2000;62588;35914;26674;23242;3432;1172;1143;25;2;2;23048;21768;1116;133;31;2123;1876;214;33;331;62588;35914;26674;24947;1471;200;56
1926;78 jaar;2001;62344;35429;26915;23426;3489;1105;1059;34;8;4;23348;22006;1190;130;22;2101;1857;212;32;361;62344;35429;26915;25099;1575;199;42
1927;78 jaar;2002;64197;36418;27779;24185;3594;1052;1011;30;9;2;24220;22800;1264;133;23;2133;1887;210;36;374;64197;36418;27779;25862;1656;209;52
1928;78 jaar;2003;62891;35790;27101;23708;3393;1073;1039;31;3;0;23709;22380;1176;136;17;2030;1822;180;28;289;62891;35790;27101;25354;1502;207;38
1929;78 jaar;2004;62153;34895;27258;24119;3139;1070;1035;21;10;4;24018;22780;1096;112;30;1866;1655;184;27;304;62153;34895;27258;25592;1431;183;52
1930;78 jaar;2005;63060;34779;28281;24884;3397;1099;1065;21;6;7;24881;23511;1219;130;21;1993;1773;188;32;308;63060;34779;28281;26451;1583;196;51
1931;78 jaar;2006;62645;34495;28150;24977;3173;1109;1069;32;5;3;24946;23633;1163;127;23;1820;1599;195;26;275;62645;34495;28150;26373;1542;193;42
1932;78 jaar;2007;64795;35300;29495;26176;3319;1188;1144;36;7;1;26116;24761;1211;128;16;1920;1713;182;25;271;64795;35300;29495;27726;1548;181;40
1933;78 jaar;2008;65072;35028;30044;26981;3063;1197;1154;36;6;1;26840;25567;1142;112;19;1747;1571;151;25;260;65072;35028;30044;28381;1456;170;37
1934;78 jaar;2009;67953;36264;31689;28365;3324;1267;1229;29;9;0;28231;26864;1231;113;23;1919;1701;193;25;272;67953;36264;31689;29868;1598;176;47
1935;78 jaar;2010;67442;35554;31888;28788;3100;1316;1277;27;9;3;28592;27278;1199;103;12;1747;1552;174;21;233;67442;35554;31888;30163;1522;157;46
1936;78 jaar;2011;69239;35944;33295;29865;3430;1430;1367;44;15;4;29632;28263;1231;113;25;1998;1809;173;16;235;69239;35944;33295;31504;1521;205;65
1937;78 jaar;2012;67765;34631;33134;29958;3176;1362;1315;37;10;0;29739;28432;1162;115;30;1822;1636;172;14;211;67765;34631;33134;31439;1449;187;59
1938;78 jaar;2013;69223;35011;34212;31026;3186;1434;1389;33;10;2;30817;29437;1242;112;26;1761;1604;138;19;200;69223;35011;34212;32467;1489;189;67
1939;78 jaar;2014;69886;34889;34997;31791;3206;1508;1461;38;6;3;31497;30121;1218;120;38;1783;1632;143;8;209;69886;34889;34997;33247;1488;199;63
1940;78 jaar;2015;71714;35438;36276;33080;3196;1658;1604;41;11;2;32711;31257;1289;130;35;1688;1538;135;15;219;71714;35438;36276;34403;1576;222;75
1941;78 jaar;2016;71970;35164;36806;33756;3050;1694;1620;55;16;3;33387;31955;1252;139;41;1544;1423;112;9;181;71970;35164;36806;34983;1499;246;78
1942;78 jaar;2017;77408;37623;39785;36435;3350;1895;1796;64;28;7;35993;34475;1318;158;42;1733;1602;120;11;164;77408;37623;39785;37809;1600;267;109
1943;78 jaar;2018;78366;37758;40608;37221;3387;2058;1940;85;29;4;36709;35108;1437;122;42;1668;1537;123;8;173;78366;37758;40608;38511;1746;247;104
1944;78 jaar;2019;81304;38870;42434;38883;3551;2075;1959;86;22;8;38511;36759;1517;173;62;1683;1539;133;11;165;81304;38870;42434;40175;1836;293;130
1945;78 jaar;2020;79200;37578;41622;38338;3284;2094;2001;78;10;5;37759;36176;1383;158;42;1608;1501;98;9;161;79200;37578;41622;39603;1665;257;97
1946;78 jaar;2021;82797;39059;43738;40194;3544;2302;2159;105;27;11;39559;37881;1445;183;50;1723;1602;108;13;154;82797;39059;43738;41534;1758;316;130
1947;78 jaar;2022;89077;41933;47144;43463;3681;2467;2323;110;23;11;42725;40955;1550;180;40;1767;1645;109;13;185;89077;41933;47144;44828;1876;315;125
1948;78 jaar;2023;93045;44044;49001;45296;3705;2606;2473;105;20;8;44412;42664;1546;162;40;1824;1711;102;11;159;93045;44044;49001;46718;1860;321;102
1949;78 jaar;2024;88186;41548;46638;43067;3571;2516;2378;115;18;5;42224;40499;1533;160;32;1708;1585;109;14;190;88186;41548;46638;44370;1860;307;101
1950;79 jaar;1995;48050;28464;19586;16652;2934;1056;1018;26;9;3;16275;15225;891;136;23;1846;1613;203;30;409;48050;28464;19586;18120;1222;201;43
1951;79 jaar;1996;49118;29208;19910;16978;2932;982;960;9;9;4;16675;15645;897;108;25;1880;1661;192;27;373;49118;29208;19910;18489;1216;165;40
1952;79 jaar;1997;49426;29365;20061;17112;2949;959;933;19;6;1;16923;15869;911;113;30;1869;1662;172;35;310;49426;29365;20061;18627;1217;161;56
1953;79 jaar;1998;48138;28665;19473;16645;2828;923;900;19;2;2;16492;15476;898;99;19;1789;1592;165;32;269;48138;28665;19473;18124;1158;154;37
1954;79 jaar;1999;50052;29513;20539;17712;2827;909;889;13;3;4;17544;16558;867;98;21;1821;1612;176;33;265;50052;29513;20539;19182;1162;152;43
1955;79 jaar;2000;60066;35257;24809;21464;3345;1101;1055;37;5;4;21288;20101;1037;124;26;2112;1853;229;30;308;60066;35257;24809;23158;1421;181;49
1956;79 jaar;2001;59489;35406;24083;20927;3156;1073;1038;29;6;0;20676;19589;951;106;30;2034;1811;194;29;300;59489;35406;24083;22591;1286;159;47
1957;79 jaar;2002;59492;35059;24433;21239;3194;1022;986;25;8;3;21098;19929;1039;112;18;1989;1773;192;24;324;59492;35059;24433;22854;1376;170;33
1958;79 jaar;2003;61262;36046;25216;21946;3270;963;930;24;9;0;21898;20673;1099;110;16;2012;1786;199;27;343;61262;36046;25216;23561;1446;166;43
1959;79 jaar;2004;60050;35302;24748;21622;3126;1021;987;28;3;3;21500;20365;1009;112;14;1957;1774;160;23;270;60050;35302;24748;23239;1300;172;37
1960;79 jaar;2005;59545;34564;24981;22116;2865;1022;994;17;6;5;21888;20843;935;91;19;1792;1594;170;28;279;59545;34564;24981;23553;1241;148;39
1961;79 jaar;2006;60391;34460;25931;22814;3117;1025;1005;15;1;4;22727;21529;1072;109;17;1899;1691;176;32;280;60391;34460;25931;24314;1407;165;45
1962;79 jaar;2007;60025;34098;25927;23042;2885;1027;990;28;8;1;22909;21802;992;99;16;1741;1534;184;23;250;60025;34098;25927;24408;1323;168;28
1963;79 jaar;2008;62196;34912;27284;24242;3042;1126;1078;36;9;3;24058;22914;1019;113;12;1850;1664;167;19;250;62196;34912;27284;25752;1332;166;34
1964;79 jaar;2009;62744;35006;27738;24926;2812;1122;1083;31;7;1;24725;23616;1000;94;15;1664;1484;160;20;227;62744;35006;27738;26270;1293;144;31
1965;79 jaar;2010;65473;36145;29328;26273;3055;1175;1130;33;11;1;26067;24876;1081;92;18;1819;1621;177;21;267;65473;36145;29328;27723;1417;149;39
1966;79 jaar;2011;65282;35318;29964;26881;3083;1303;1261;32;8;2;26543;25402;1043;86;12;1900;1715;166;19;218;65282;35318;29964;28478;1295;149;42
1967;79 jaar;2012;67085;36020;31065;27915;3150;1364;1304;43;13;4;27553;26373;1066;97;17;1910;1729;163;18;238;67085;36020;31065;29481;1357;178;49
1968;79 jaar;2013;65572;34652;30920;28004;2916;1261;1218;35;8;0;27734;26590;1017;102;25;1729;1559;155;15;196;65572;34652;30920;29430;1274;162;54
1969;79 jaar;2014;66792;34779;32013;28983;3030;1324;1275;35;10;4;28771;27526;1114;106;25;1736;1594;128;14;182;66792;34779;32013;30429;1343;181;60
1970;79 jaar;2015;67983;35175;32808;29813;2995;1397;1353;32;10;2;29468;28263;1067;108;30;1746;1614;126;6;197;67983;35175;32808;31270;1299;178;61
1971;79 jaar;2016;69607;35556;34051;31060;2991;1544;1489;44;9;2;30660;29371;1144;119;26;1647;1503;131;13;200;69607;35556;34051;32392;1389;203;67
1972;79 jaar;2017;70154;35454;34700;31835;2865;1611;1528;66;15;2;31412;30132;1128;116;36;1502;1401;95;6;175;70154;35454;34700;33051;1361;209;79
1973;79 jaar;2018;75165;37675;37490;34295;3195;1797;1716;51;23;7;33782;32422;1188;140;32;1754;1618;126;10;157;75165;37675;37490;35716;1440;242;92
1974;79 jaar;2019;76296;38159;38137;34977;3160;1912;1801;82;26;3;34444;33021;1291;100;32;1626;1497;121;8;155;76296;38159;38137;36249;1577;215;96
1975;79 jaar;2020;79090;39086;40004;36660;3344;1938;1831;79;23;5;36242;34677;1365;146;54;1672;1532;132;8;152;79090;39086;40004;37948;1684;260;112
1976;79 jaar;2021;76874;37862;39012;35896;3116;1962;1866;74;15;7;35317;33886;1259;133;39;1589;1489;92;8;144;76874;37862;39012;37176;1507;237;92
1977;79 jaar;2022;80311;39286;41025;37738;3287;2164;2038;91;24;11;37050;35561;1303;145;41;1672;1551;112;9;139;80311;39286;41025;39051;1600;268;106
1978;79 jaar;2023;86600;42392;44208;40734;3474;2278;2139;104;29;6;40031;38426;1409;160;36;1730;1622;95;13;169;86600;42392;44208;42092;1697;306;113
1979;79 jaar;2024;90271;44052;46219;42753;3466;2500;2374;101;19;6;41752;40210;1374;134;34;1798;1693;93;12;169;90271;44052;46219;44143;1710;275;91
1980;80 jaar;1995;47272;29027;18245;15406;2839;1043;1022;13;5;3;14974;14001;837;120;16;1845;1631;186;28;383;47272;29027;18245;16888;1142;179;36
1981;80 jaar;1996;44978;27560;17418;14729;2689;906;886;14;6;0;14364;13483;762;100;19;1788;1565;194;29;360;44978;27560;17418;16179;1049;161;29
1982;80 jaar;1997;46079;28386;17693;15062;2631;879;859;8;9;3;14714;13873;734;91;16;1770;1564;178;28;330;46079;28386;17693;16496;1023;145;29
1983;80 jaar;1998;46344;28486;17858;15200;2658;842;812;23;6;1;14972;14106;753;91;22;1762;1563;166;33;282;46344;28486;17858;16632;1044;140;42
1984;80 jaar;1999;45386;27984;17402;14831;2571;807;782;20;4;1;14643;13794;759;76;14;1697;1515;153;29;255;45386;27984;17402;16245;1005;122;30
1985;80 jaar;2000;47255;28827;18428;15865;2563;835;815;14;4;2;15645;14801;740;86;18;1699;1501;169;29;249;47255;28827;18428;17237;1014;136;41
1986;80 jaar;2001;56658;34498;22160;19116;3044;970;927;35;6;2;18927;17915;898;97;17;1989;1742;221;26;274;56658;34498;22160;20741;1237;153;29
1987;80 jaar;2002;56335;34670;21665;18770;2895;974;937;27;10;0;18478;17562;811;83;22;1942;1728;186;28;271;56335;34670;21665;20356;1128;146;35
1988;80 jaar;2003;56155;34252;21903;19004;2899;915;884;21;5;5;18828;17834;877;101;16;1874;1678;175;21;286;56155;34252;21903;20542;1180;146;35
1989;80 jaar;2004;57904;35178;22726;19741;2985;920;888;22;8;2;19609;18553;950;93;13;1897;1696;178;23;300;57904;35178;22726;21293;1257;139;37
1990;80 jaar;2005;56822;34416;22406;19566;2840;948;909;29;7;3;19380;18423;857;91;9;1844;1673;150;21;234;56822;34416;22406;21089;1133;154;30
1991;80 jaar;2006;56673;34070;22603;20002;2601;898;873;16;5;4;19760;18877;799;72;12;1693;1509;162;22;252;56673;34070;22603;21382;1069;119;33
1992;80 jaar;2007;57474;33836;23638;20791;2847;934;907;17;6;4;20646;19631;911;91;13;1805;1610;167;28;253;57474;33836;23638;22238;1226;144;30
1993;80 jaar;2008;57480;33641;23839;21158;2681;973;944;21;8;0;20976;19988;892;82;14;1664;1478;165;21;226;57480;33641;23839;22486;1185;143;25
1994;80 jaar;2009;59552;34575;24977;22203;2774;1054;1009;35;7;3;21969;20968;883;106;12;1728;1551;155;22;226;59552;34575;24977;23610;1166;163;38
1995;80 jaar;2010;60139;34683;25456;22837;2619;1020;988;28;4;0;22597;21632;882;72;11;1622;1444;157;21;217;60139;34683;25456;24144;1160;121;31
1996;80 jaar;2011;62862;35624;27238;24189;3049;1130;1090;35;5;0;23879;22845;931;84;19;1975;1788;167;20;254;62862;35624;27238;25852;1193;149;44
1997;80 jaar;2012;62761;35012;27749;24890;2859;1201;1166;26;5;4;24537;23529;925;70;13;1816;1644;154;18;195;62761;35012;27749;26429;1151;122;47
1998;80 jaar;2013;64559;35850;28709;25806;2903;1272;1220;39;10;3;25387;24370;925;77;15;1834;1670;149;15;216;64559;35850;28709;27335;1184;149;41
1999;80 jaar;2014;62730;34114;28616;25866;2750;1181;1139;37;4;1;25599;24565;924;88;22;1674;1517;145;12;162;62730;34114;28616;27274;1157;142;43
2000;80 jaar;2015;64678;34880;29798;26989;2809;1236;1190;32;10;4;26709;25632;967;87;23;1686;1544;129;13;167;64678;34880;29798;28412;1180;155;51
2001;80 jaar;2016;65638;35176;30462;27619;2843;1298;1250;38;9;1;27280;26196;963;94;27;1711;1580;126;5;173;65638;35176;30462;29065;1182;164;51
2002;80 jaar;2017;67547;35780;31767;28965;2802;1474;1401;55;14;4;28506;27384;1002;99;21;1607;1464;130;13;180;67547;35780;31767;30273;1237;193;64
2003;80 jaar;2018;67777;35419;32358;29626;2732;1526;1442;65;14;5;29174;28024;1010;112;28;1498;1393;99;6;160;67777;35419;32358;30857;1236;195;70
2004;80 jaar;2019;72617;37714;34903;31908;2995;1676;1599;52;20;5;31391;30166;1083;117;25;1693;1559;125;9;143;72617;37714;34903;33285;1338;202;78
2005;80 jaar;2020;73797;38158;35639;32675;2964;1785;1694;65;24;2;32111;30827;1166;90;28;1589;1470;112;7;154;73797;38158;35639;33954;1416;194;75
2006;80 jaar;2021;76390;39212;37178;34028;3150;1802;1698;78;19;7;33571;32179;1222;128;42;1654;1530;115;9;151;76390;39212;37178;35331;1513;234;100
2007;80 jaar;2022;74262;38022;36240;33337;2903;1801;1714;70;13;4;32721;31488;1089;113;31;1583;1486;90;7;135;74262;38022;36240;34626;1318;210;86
2008;80 jaar;2023;77625;39358;38267;35120;3147;1962;1844;90;20;8;34486;33144;1186;128;28;1687;1573;106;8;132;77625;39358;38267;36474;1452;256;85
2009;80 jaar;2024;83668;42286;41382;38169;3213;2198;2068;103;23;4;37370;35935;1266;140;29;1648;1555;82;11;166;83668;42286;41382;39432;1561;293;96
2010;81 jaar;1995;42793;27173;15620;13084;2536;908;875;19;13;1;12615;11840;674;89;12;1728;1515;188;25;369;42793;27173;15620;14472;978;147;23
2011;81 jaar;1996;43813;27795;16018;13439;2579;872;850;15;6;1;13058;12237;717;91;13;1736;1531;177;28;352;43813;27795;16018;14847;1002;144;25
2012;81 jaar;1997;41898;26550;15348;12912;2436;800;776;19;3;2;12558;11817;654;72;15;1671;1457;189;25;319;41898;26550;15348;14278;926;116;28
2013;81 jaar;1998;42693;27227;15466;13105;2361;766;751;10;3;2;12750;12049;615;75;11;1645;1456;162;27;305;42693;27227;15466;14466;857;123;20
2014;81 jaar;1999;43206;27418;15788;13390;2398;754;728;20;3;3;13134;12394;646;74;20;1632;1454;149;29;268;43206;27418;15788;14739;895;118;36
2015;81 jaar;2000;42407;27017;15390;13085;2305;739;713;22;3;1;12863;12141;647;65;10;1557;1392;142;23;231;42407;27017;15390;14392;876;101;21
2016;81 jaar;2001;44161;27883;16278;13950;2328;740;711;23;3;3;13734;13013;636;70;15;1578;1391;159;28;226;44161;27883;16278;15235;899;111;33
2017;81 jaar;2002;52919;33375;19544;16808;2736;849;806;32;9;2;16578;15737;748;79;14;1852;1639;189;24;265;52919;33375;19544;18329;1057;126;32
2018;81 jaar;2003;52636;33475;19161;16579;2582;873;840;25;6;2;16266;15497;687;65;17;1780;1579;173;28;242;52636;33475;19161;18041;970;116;34
2019;81 jaar;2004;52535;33079;19456;16836;2620;840;803;23;13;1;16605;15770;738;84;13;1748;1560;171;17;263;52535;33079;19456;18288;1007;133;28
2020;81 jaar;2005;54459;34218;20241;17514;2727;833;808;17;8;0;17319;16436;797;77;9;1819;1623;169;27;270;54459;34218;20241;19007;1073;132;29
2021;81 jaar;2006;53658;33581;20077;17486;2591;852;813;30;6;3;17239;16462;695;73;9;1775;1607;145;23;211;53658;33581;20077;18977;952;121;27
2022;81 jaar;2007;53589;33216;20373;17993;2380;808;785;16;4;3;17733;16975;694;53;11;1599;1437;144;18;233;53589;33216;20373;19308;947;91;27
2023;81 jaar;2008;54566;33094;21472;18877;2595;888;867;13;4;4;18655;17783;789;72;11;1702;1522;160;20;227;54566;33094;21472;20253;1074;118;27
2024;81 jaar;2009;54575;32875;21700;19263;2437;905;881;16;7;1;19033;18176;774;71;12;1556;1388;150;18;206;54575;32875;21700;20521;1033;125;21
2025;81 jaar;2010;56598;33886;22712;20183;2529;966;927;33;4;2;19907;19054;757;86;10;1637;1473;144;20;202;56598;33886;22712;21518;1028;133;33
2026;81 jaar;2011;57288;33807;23481;20813;2668;979;935;33;9;2;20516;19667;779;62;8;1775;1614;143;18;211;57288;33807;23481;22336;999;113;33
2027;81 jaar;2012;59972;35114;24858;22001;2857;1042;1012;28;2;0;21654;20756;807;78;13;1929;1755;158;16;233;59972;35114;24858;23660;1035;129;34
2028;81 jaar;2013;60030;34577;25453;22812;2641;1122;1084;31;6;1;22397;21538;787;60;12;1744;1600;128;16;190;60030;34577;25453;24307;1000;107;39
2029;81 jaar;2014;61218;34982;26236;23479;2757;1129;1090;29;7;3;23140;22202;855;68;15;1780;1630;139;11;187;61218;34982;26236;25010;1062;121;43
2030;81 jaar;2015;60444;34057;26387;23832;2555;1066;1026;34;6;0;23547;22647;813;69;18;1615;1474;130;11;159;60444;34057;26387;25212;1004;129;42
2031;81 jaar;2016;62051;34666;27385;24746;2639;1114;1074;31;7;2;24473;23522;867;65;19;1648;1526;113;9;150;62051;34666;27385;26170;1061;117;37
2032;81 jaar;2017;63211;35076;28135;25451;2684;1228;1173;45;9;1;25096;24126;863;85;22;1659;1531;121;7;152;63211;35076;28135;26874;1068;148;45
2033;81 jaar;2018;64622;35332;29290;26654;2636;1339;1274;45;17;3;26214;25220;890;83;21;1577;1450;116;11;160;64622;35332;29290;27972;1095;161;62
2034;81 jaar;2019;65386;35481;29905;27383;2522;1418;1357;48;11;2;26875;25881;874;100;20;1467;1381;82;4;145;65386;35481;29905;28618;1056;183;48
2035;81 jaar;2020;69872;37578;32294;29548;2746;1577;1513;48;12;4;28995;27908;956;110;21;1595;1466;120;9;127;69872;37578;32294;30865;1177;182;70
2036;81 jaar;2021;70744;38001;32743;29988;2755;1632;1558;53;19;2;29406;28283;1014;84;25;1558;1444;107;7;147;70744;38001;32743;31251;1238;189;65
2037;81 jaar;2022;73136;39033;34103;31244;2859;1678;1584;67;19;8;30737;29524;1073;105;35;1552;1435;107;10;136;73136;39033;34103;32506;1316;202;79
2038;81 jaar;2023;71356;37858;33498;30750;2748;1642;1564;66;7;5;30140;29058;961;96;25;1588;1498;85;5;128;71356;37858;33498;32059;1187;179;73
2039;81 jaar;2024;74650;39215;35435;32549;2886;1864;1769;70;19;6;31820;30658;1031;107;24;1629;1516;104;9;122;74650;39215;35435;33853;1286;221;75
2040;82 jaar;1995;37952;24797;13155;10893;2262;806;783;13;8;2;10414;9764;576;61;13;1589;1409;161;19;346;37952;24797;13155;12196;833;103;23
2041;82 jaar;1996;38991;25513;13478;11230;2248;745;727;12;5;1;10797;10169;546;73;9;1602;1401;179;22;334;38991;25513;13478;12535;813;114;16
2042;82 jaar;1997;40386;26466;13920;11634;2286;764;744;13;5;2;11250;10572;597;70;11;1588;1394;169;25;318;40386;26466;13920;12925;850;122;23
2043;82 jaar;1998;38434;25129;13305;11131;2174;709;683;18;6;2;10776;10177;530;59;10;1549;1350;175;24;271;38434;25129;13305;12406;774;102;23
2044;82 jaar;1999;39421;25956;13465;11382;2083;660;651;5;2;2;11003;10455;480;59;9;1526;1357;149;20;276;39421;25956;13465;12639;709;98;19
2045;82 jaar;2000;39773;25935;13838;11680;2158;688;660;19;7;2;11398;10778;540;65;15;1510;1341;140;29;242;39773;25935;13838;12933;766;108;31
2046;82 jaar;2001;39050;25709;13341;11301;2040;663;639;20;3;1;11035;10454;519;53;9;1435;1274;135;26;208;39050;25709;13341;12490;743;90;18
2047;82 jaar;2002;40881;26638;14243;12179;2064;635;622;8;2;3;11928;11342;514;57;15;1465;1293;145;27;215;40881;26638;14243;13379;735;93;36
2048;82 jaar;2003;48969;31816;17153;14687;2466;756;721;29;4;2;14454;13751;627;63;13;1728;1526;178;24;215;48969;31816;17153;16130;898;98;27
2049;82 jaar;2004;48793;31904;16889;14546;2343;765;741;17;7;0;14225;13593;572;49;11;1687;1507;158;22;212;48793;31904;16889;15951;823;88;27
2050;82 jaar;2005;48827;31646;17181;14801;2380;734;696;27;9;2;14574;13860;634;68;12;1628;1452;161;15;245;48827;31646;17181;16161;884;112;24
2051;82 jaar;2006;50809;32865;17944;15487;2457;713;694;16;3;0;15297;14566;662;63;6;1707;1521;159;27;227;50809;32865;17944;16898;915;109;22
2052;82 jaar;2007;50176;32293;17883;15567;2316;767;735;23;6;3;15283;14643;578;57;5;1644;1498;122;24;189;50176;32293;17883;16968;793;105;17
2053;82 jaar;2008;50319;32128;18191;16052;2139;743;724;9;7;3;15770;15136;588;35;11;1486;1333;138;15;192;50319;32128;18191;17300;794;74;23
2054;82 jaar;2009;51291;32012;19279;16882;2397;812;778;19;12;3;16631;15894;668;60;9;1626;1460;148;18;210;51291;32012;19279;18226;925;107;21
2055;82 jaar;2010;51208;31664;19544;17337;2207;820;794;20;4;2;17100;16356;675;56;13;1437;1281;137;19;187;51208;31664;19544;18508;914;100;22
2056;82 jaar;2011;53502;32834;20668;18153;2515;872;841;28;2;1;17819;17089;649;73;8;1754;1598;142;14;223;53502;32834;20668;19677;845;112;34
2057;82 jaar;2012;54071;32875;21196;18768;2428;905;868;28;7;2;18411;17709;644;49;9;1689;1544;129;16;191;54071;32875;21196;20231;838;97;30
2058;82 jaar;2013;56763;34229;22534;19894;2640;930;901;23;4;2;19544;18773;696;64;11;1840;1686;141;13;220;56763;34229;22534;21468;918;117;31
2059;82 jaar;2014;56328;33255;23073;20624;2449;1001;960;31;7;3;20235;19496;678;51;10;1669;1528;128;13;168;56328;33255;23073;22069;867;98;39
2060;82 jaar;2015;58356;34424;23932;21402;2530;1004;964;29;10;1;21085;20266;743;61;15;1671;1542;121;8;172;58356;34424;23932;22841;940;116;35
2061;82 jaar;2016;57396;33422;23974;21608;2366;952;914;33;5;0;21340;20557;711;59;13;1545;1412;122;11;137;57396;33422;23974;22935;896;110;33
2062;82 jaar;2017;59286;34292;24994;22559;2435;1020;966;36;10;8;22274;21456;746;60;12;1563;1443;113;7;137;59286;34292;24994;23903;935;120;36
2063;82 jaar;2018;60119;34393;25726;23252;2474;1114;1066;40;7;1;22875;22044;745;66;20;1595;1470;119;6;142;60119;34393;25726;24611;954;123;38
2064;82 jaar;2019;61722;35008;26714;24270;2444;1206;1152;37;14;3;23864;22970;801;79;14;1496;1374;114;8;148;61722;35008;26714;25515;992;162;45
2065;82 jaar;2020;62250;34857;27393;25022;2371;1318;1261;47;9;1;24501;23634;761;87;19;1447;1365;78;4;127;62250;34857;27393;26276;917;149;51
2066;82 jaar;2021;66652;37176;29476;26915;2561;1431;1375;40;13;3;26387;25426;865;76;20;1544;1422;112;10;114;66652;37176;29476;28201;1066;147;62
2067;82 jaar;2022;67277;37455;29822;27217;2605;1483;1418;51;13;1;26686;25663;935;68;20;1517;1420;90;7;136;67277;37455;29822;28460;1134;170;58
2068;82 jaar;2023;69750;38575;31175;28466;2709;1521;1446;49;21;5;27969;26903;951;90;25;1568;1449;111;8;117;69750;38575;31175;29758;1175;180;62
2069;82 jaar;2024;67964;37319;30645;28108;2537;1554;1491;48;12;3;27465;26498;863;84;20;1507;1421;81;5;119;67964;37319;30645;29340;1073;172;60
2070;83 jaar;1995;31730;21512;10218;8392;1826;662;636;21;4;1;7910;7451;394;56;9;1341;1183;138;20;305;31730;21512;10218;9494;613;86;25
2071;83 jaar;1996;34127;22937;11190;9166;2024;672;650;14;7;1;8735;8212;469;46;8;1479;1313;149;17;304;34127;22937;11190;10386;702;85;17
2072;83 jaar;1997;35324;23847;11477;9485;1992;662;646;9;6;1;9063;8550;446;59;8;1463;1286;154;23;289;35324;23847;11477;10693;667;100;17
2073;83 jaar;1998;36623;24696;11927;9893;2034;680;659;10;9;2;9498;8955;480;54;9;1470;1286;165;19;279;36623;24696;11927;11094;714;98;21
2074;83 jaar;1999;35002;23618;11384;9449;1935;629;604;17;8;0;9096;8610;434;46;6;1424;1247;156;21;235;35002;23618;11384;10625;655;87;17
2075;83 jaar;2000;35856;24283;11573;9722;1851;624;609;7;5;3;9292;8865;374;48;5;1409;1256;135;18;248;35856;24283;11573;10903;580;76;14
2076;83 jaar;2001;36292;24443;11849;9920;1929;587;567;15;4;1;9654;9135;457;51;11;1390;1248;118;24;218;36292;24443;11849;11089;647;85;28
2077;83 jaar;2002;35623;24150;11473;9651;1822;574;555;19;0;0;9394;8907;440;39;8;1316;1171;124;21;189;35623;24150;11473;10751;632;73;17
2078;83 jaar;2003;37377;25071;12306;10445;1861;587;564;17;5;1;10172;9706;403;51;12;1372;1217;129;26;175;37377;25071;12306;11594;603;84;25
2079;83 jaar;2004;44849;29960;14889;12727;2162;696;672;20;2;2;12422;11862;501;51;8;1578;1385;166;27;193;44849;29960;14889;14036;748;86;19
2080;83 jaar;2005;44932;30143;14789;12676;2113;711;688;14;9;0;12347;11808;493;38;8;1551;1395;141;15;180;44932;30143;14789;13981;713;73;22
2081;83 jaar;2006;45055;30028;15027;12866;2161;662;632;20;9;1;12612;12004;546;54;8;1523;1361;148;14;230;45055;30028;15027;14147;768;95;17
2082;83 jaar;2007;47044;31241;15803;13608;2195;629;608;20;1;0;13371;12775;548;42;6;1578;1415;135;28;225;47044;31241;15803;14935;760;84;24
2083;83 jaar;2008;46612;30855;15757;13724;2033;675;653;16;4;2;13417;12913;461;37;6;1507;1373;112;22;158;46612;30855;15757;15007;648;83;19
2084;83 jaar;2009;46790;30704;16086;14181;1905;700;676;11;8;5;13847;13330;477;33;7;1364;1222;126;16;175;46790;30704;16086;15330;664;71;21
2085;83 jaar;2010;47850;30808;17042;14900;2142;728;704;13;5;6;14620;14011;553;49;7;1509;1350;145;14;185;47850;30808;17042;16149;790;82;21
2086;83 jaar;2011;47906;30339;17567;15314;2253;749;717;28;1;3;15042;14405;581;46;10;1584;1431;131;22;192;47906;30339;17567;16670;771;98;28
2087;83 jaar;2012;50146;31626;18520;16201;2319;792;757;27;6;2;15866;15237;566;57;6;1655;1509;134;12;207;50146;31626;18520;17648;744;100;28
2088;83 jaar;2013;50802;31871;18931;16687;2244;814;787;19;5;3;16349;15721;580;44;4;1589;1454;123;12;179;50802;31871;18931;18068;759;88;16
2089;83 jaar;2014;52692;32545;20147;17728;2419;819;790;23;4;2;17396;16749;589;49;9;1743;1600;132;11;189;52692;32545;20147;19245;781;96;25
2090;83 jaar;2015;53318;32507;20811;18588;2223;905;867;29;8;1;18203;17579;572;43;9;1561;1429;120;12;142;53318;32507;20811;19935;761;85;30
2091;83 jaar;2016;54901;33397;21504;19217;2287;875;845;23;6;1;18903;18224;620;46;13;1578;1448;123;7;148;54901;33397;21504;20578;799;98;29
2092;83 jaar;2017;54406;32972;21434;19263;2171;843;812;25;5;1;18993;18332;606;45;10;1479;1357;113;9;119;54406;32972;21434;20538;770;96;30
2093;83 jaar;2018;55876;33346;22530;20263;2267;917;867;36;9;5;20020;19290;672;50;8;1487;1373;105;9;106;55876;33346;22530;21547;853;103;27
2094;83 jaar;2019;56918;33709;23209;20932;2277;1007;961;37;8;1;20546;19834;638;58;16;1519;1403;112;4;137;56918;33709;23209;22245;825;106;33
2095;83 jaar;2020;58320;34146;24174;21916;2258;1070;1028;27;12;3;21546;20754;707;70;15;1424;1318;99;7;134;58320;34146;24174;23115;874;142;43
2096;83 jaar;2021;58644;34057;24587;22411;2176;1171;1112;42;12;5;21931;21180;666;69;16;1366;1285;77;4;119;58644;34057;24587;23593;810;138;46
2097;83 jaar;2022;63048;36556;26492;24153;2339;1305;1251;39;12;3;23614;22813;729;57;15;1484;1369;105;10;89;63048;36556;26492;25394;920;129;49
2098;83 jaar;2023;63517;36650;26867;24510;2357;1317;1260;44;11;2;24012;23135;800;64;13;1423;1329;87;7;115;63517;36650;26867;25697;976;148;46
2099;83 jaar;2024;65773;37682;28091;25670;2421;1403;1349;38;12;4;25130;24211;826;77;16;1448;1339;102;7;110;65773;37682;28091;26856;1041;146;48
2100;84 jaar;1995;28306;19639;8667;6896;1771;594;570;17;5;2;6415;6033;334;41;7;1365;1243;102;20;293;28306;19639;8667;8076;505;67;19
2101;84 jaar;1996;28256;19667;8589;6959;1630;550;529;16;4;1;6564;6179;340;39;6;1224;1079;130;15;251;28256;19667;8589;7980;526;68;15
2102;84 jaar;1997;30609;21238;9371;7586;1785;567;550;13;2;2;7178;6762;376;33;7;1352;1201;136;15;274;30609;21238;9371;8714;577;64;16
2103;84 jaar;1998;31669;22019;9650;7929;1721;585;569;14;1;1;7515;7113;350;46;6;1303;1146;135;22;247;31669;22019;9650;9018;542;76;14
2104;84 jaar;1999;32950;22903;10047;8276;1771;592;572;13;5;2;7881;7456;381;38;6;1326;1157;148;21;248;32950;22903;10047;9373;586;76;12
2105;84 jaar;2000;31414;21850;9564;7860;1704;555;528;20;6;1;7503;7123;341;33;6;1297;1142;136;19;209;31414;21850;9564;8947;535;69;13
2106;84 jaar;2001;32054;22375;9679;8061;1618;526;504;12;8;2;7697;7345;313;36;3;1244;1112;117;15;212;32054;22375;9679;9113;494;60;12
2107;84 jaar;2002;32572;22641;9931;8253;1678;494;478;14;2;0;8009;7592;368;41;8;1245;1110;112;23;183;32572;22641;9931;9299;533;74;25
2108;84 jaar;2003;31934;22317;9617;8047;1570;489;471;16;2;0;7791;7425;326;34;6;1186;1047;121;18;151;31934;22317;9617;9040;509;57;11
2109;84 jaar;2004;33713;23210;10503;8855;1648;530;512;15;2;1;8572;8189;331;42;10;1247;1099;127;21;154;33713;23210;10503;9895;518;66;24
2110;84 jaar;2005;40627;27875;12752;10818;1934;605;586;16;2;1;10514;10055;419;33;7;1456;1288;146;22;177;40627;27875;12752;12013;657;65;17
2111;84 jaar;2006;40902;28150;12752;10861;1891;633;612;17;3;1;10533;10088;409;31;5;1425;1277;133;15;161;40902;28150;12752;12070;608;56;18
2112;84 jaar;2007;41324;28299;13025;11115;1910;567;545;14;7;1;10883;10374;466;36;7;1379;1226;140;13;196;41324;28299;13025;12276;661;70;18
2113;84 jaar;2008;43182;29478;13704;11756;1948;570;554;13;3;0;11495;11007;455;28;5;1444;1299;121;24;195;43182;29478;13704;12983;644;64;13
2114;84 jaar;2009;42851;29159;13692;11885;1807;617;594;15;6;2;11557;11154;375;24;4;1381;1257;105;19;137;42851;29159;13692;13077;544;59;12
2115;84 jaar;2010;43063;28931;14132;12417;1715;602;587;6;5;4;12098;11677;383;32;6;1279;1152;112;15;153;43063;28931;14132;13509;540;64;19
2116;84 jaar;2011;44138;28958;15180;13028;2152;631;607;13;6;5;12742;12228;467;40;7;1614;1466;136;12;193;44138;28958;15180;14436;648;76;20
2117;84 jaar;2012;44391;28934;15457;13446;2011;675;653;18;3;1;13142;12622;465;47;8;1469;1332;117;20;171;44391;28934;15457;14706;627;104;20
2118;84 jaar;2013;46432;30113;16319;14237;2082;694;667;23;3;1;13900;13377;469;49;5;1532;1397;119;16;193;46432;30113;16319;15592;622;87;18
2119;84 jaar;2014;46475;29864;16611;14589;2022;698;684;12;2;0;14288;13750;493;40;5;1470;1345;112;13;155;46475;29864;16611;15881;641;75;14
2120;84 jaar;2015;49494;31603;17891;15659;2232;728;691;29;6;2;15354;14806;501;41;6;1647;1516;121;10;162;49494;31603;17891;17113;666;86;26
2121;84 jaar;2016;49697;31291;18406;16341;2065;785;748;28;9;0;16004;15472;494;30;8;1496;1377;110;9;121;49697;31291;18406;17665;654;66;21
2122;84 jaar;2017;51405;32352;19053;16975;2078;778;740;33;3;2;16691;16099;537;44;11;1448;1327;116;5;136;51405;32352;19053;18223;716;86;28
2123;84 jaar;2018;50704;31688;19016;16970;2046;756;721;29;5;1;16698;16134;524;34;6;1447;1331;111;5;115;50704;31688;19016;18226;696;73;21
2124;84 jaar;2019;52387;32308;20079;18004;2075;848;802;33;9;4;17710;17100;566;38;6;1419;1309;103;7;102;52387;32308;20079;19233;733;89;24
2125;84 jaar;2020;53351;32631;20720;18629;2091;926;888;28;10;0;18246;17613;568;52;13;1420;1322;94;4;128;53351;32631;20720;19861;720;109;30
2126;84 jaar;2021;54422;33026;21396;19332;2064;954;920;22;9;3;18944;18297;577;58;12;1383;1298;78;7;115;54422;33026;21396;20541;698;123;34
2127;84 jaar;2022;54889;33095;21794;19776;2018;1051;997;41;11;2;19334;18677;585;60;12;1307;1227;78;2;102;54889;33095;21794;20902;729;125;38
2128;84 jaar;2023;58790;35247;23543;21407;2136;1162;1108;38;12;4;20896;20208;629;45;14;1394;1287;100;7;91;58790;35247;23543;22587;796;117;43
2129;84 jaar;2024;59303;35332;23971;21794;2177;1205;1157;36;10;2;21301;20541;691;56;13;1369;1284;79;6;96;59303;35332;23971;22933;858;135;45
2130;85 jaar;1995;24539;17467;7072;5569;1503;542;529;10;2;1;5117;4809;270;31;7;1182;1020;137;25;231;24539;17467;7072;6540;453;63;16
2131;85 jaar;1996;24632;17490;7142;5581;1561;493;474;11;7;1;5183;4877;269;35;2;1236;1123;95;18;230;24632;17490;7142;6659;414;56;13
2132;85 jaar;1997;24958;17853;7105;5702;1403;486;471;11;3;1;5319;5015;266;33;5;1084;958;114;12;216;24958;17853;7105;6611;428;54;12
2133;85 jaar;1998;26897;19168;7729;6173;1556;488;469;14;4;1;5791;5463;297;25;6;1209;1082;117;10;241;26897;19168;7729;7191;479;48;11
2134;85 jaar;1999;28015;20014;8001;6487;1514;518;501;13;4;0;6095;5775;277;38;5;1177;1039;118;20;211;28015;20014;8001;7481;445;63;12
2135;85 jaar;2000;29040;20752;8288;6740;1548;540;508;21;7;4;6350;6013;305;26;6;1179;1033;127;19;219;29040;20752;8288;7726;487;62;13
2136;85 jaar;2001;27821;19861;7960;6477;1483;469;444;18;6;1;6153;5849;274;26;4;1154;1015;121;18;184;27821;19861;7960;7439;452;57;12
2137;85 jaar;2002;28430;20347;8083;6665;1418;443;423;11;6;3;6300;6043;229;25;3;1141;1025;103;13;199;28430;20347;8083;7650;371;51;11
2138;85 jaar;2003;28725;20491;8234;6790;1444;429;412;15;2;0;6549;6227;286;30;6;1105;992;93;20;151;28725;20491;8234;7733;432;55;14
2139;85 jaar;2004;28279;20252;8027;6654;1373;421;409;10;2;0;6400;6112;258;24;6;1073;951;106;16;133;28279;20252;8027;7564;408;45;10
2140;85 jaar;2005;30147;21312;8835;7397;1438;454;440;11;3;0;7122;6813;272;31;6;1115;991;106;18;144;30147;21312;8835;8338;421;59;17
2141;85 jaar;2006;36447;25784;10663;8998;1665;510;491;12;6;1;8717;8363;323;25;6;1292;1140;136;16;144;36447;25784;10663;10064;528;57;14
2142;85 jaar;2007;36976;26131;10845;9178;1667;525;512;11;2;0;8889;8523;333;30;3;1288;1171;106;11;143;36976;26131;10845;10287;495;47;16
2143;85 jaar;2008;37373;26233;11140;9436;1704;508;483;15;10;0;9190;8772;379;31;8;1261;1127;120;14;181;37373;26233;11140;10506;549;67;18
2144;85 jaar;2009;39113;27394;11719;10014;1705;499;485;13;1;0;9766;9353;382;26;5;1278;1146;111;21;176;39113;27394;11719;11101;553;54;11
2145;85 jaar;2010;39024;27391;11633;10042;1591;515;497;12;3;3;9770;9434;310;22;4;1237;1125;94;18;111;39024;27391;11633;11118;457;45;13
2146;85 jaar;2011;39275;26876;12399;10635;1764;545;523;15;4;3;10311;9939;340;30;2;1370;1252;105;13;173;39275;26876;12399;11838;484;62;15
2147;85 jaar;2012;40483;27282;13201;11263;1938;553;527;16;7;3;10977;10557;384;31;5;1492;1358;122;12;179;40483;27282;13201;12564;552;70;15
2148;85 jaar;2013;40527;27191;13336;11526;1810;588;561;25;1;1;11239;10817;380;36;6;1361;1235;109;17;148;40527;27191;13336;12701;543;77;15
2149;85 jaar;2014;41905;27739;14166;12250;1916;604;571;25;6;2;11942;11513;387;37;5;1454;1323;118;13;166;41905;27739;14166;13538;546;64;18
2150;85 jaar;2015;43036;28508;14528;12705;1823;619;604;13;2;0;12402;11966;403;30;3;1372;1265;97;10;135;43036;28508;14528;13924;534;57;13
2151;85 jaar;2016;45492;30028;15464;13459;2005;646;620;18;7;1;13160;12692;423;40;5;1511;1395;109;7;147;45492;30028;15464;14797;571;71;25
2152;85 jaar;2017;45971;29956;16015;14174;1841;666;635;25;5;1;13861;13427;409;19;6;1376;1269;100;7;112;45971;29956;16015;15385;554;57;19
2153;85 jaar;2018;47135;30496;16639;14755;1884;666;632;28;4;2;14477;14004;430;36;7;1377;1262;113;2;119;47135;30496;16639;15953;593;73;20
2154;85 jaar;2019;46904;30319;16585;14729;1856;675;646;26;3;0;14467;13989;443;31;4;1349;1253;92;4;94;46904;30319;16585;15920;579;69;17
2155;85 jaar;2020;48422;30829;17593;15693;1900;728;697;25;6;0;15417;14905;482;25;5;1357;1250;99;8;91;48422;30829;17593;16883;623;72;15
2156;85 jaar;2021;49248;31119;18129;16222;1907;815;771;34;9;1;15871;15336;482;43;10;1328;1243;79;6;115;49248;31119;18129;17393;616;89;31
2157;85 jaar;2022;50081;31399;18682;16813;1869;845;812;22;7;4;16437;15900;477;49;11;1299;1226;67;6;101;50081;31399;18682;17954;583;107;38
2158;85 jaar;2023;50509;31387;19122;17296;1826;925;883;32;7;3;16889;16322;501;56;10;1217;1146;70;1;91;50509;31387;19122;18343;621;124;34
2159;85 jaar;2024;54323;33658;20665;18712;1953;1069;1022;35;8;4;18194;17615;530;36;13;1327;1232;90;5;75;54323;33658;20665;19853;680;89;43
2160;86 jaar;1995;20462;14743;5719;4431;1288;474;462;10;2;0;3978;3755;189;30;4;1053;903;124;26;214;20462;14743;5719;5274;370;63;12
2161;86 jaar;1996;21028;15297;5731;4412;1319;442;428;12;2;0;4043;3792;220;25;6;1054;915;115;24;192;21028;15297;5731;5290;374;54;13
2162;86 jaar;1997;21462;15634;5828;4484;1344;407;395;6;6;0;4132;3903;200;29;0;1103;1002;84;17;186;21462;15634;5828;5455;313;53;7
2163;86 jaar;1998;21663;15899;5764;4551;1213;396;388;4;4;0;4212;3971;207;29;5;964;847;108;9;192;21663;15899;5764;5350;357;46;11
2164;86 jaar;1999;23358;17084;6274;4936;1338;434;419;10;5;0;4585;4333;228;20;4;1071;947;116;8;184;23358;17084;6274;5842;386;37;9
2165;86 jaar;2000;24268;17765;6503;5221;1282;441;423;12;5;1;4866;4617;219;27;3;1015;890;106;19;181;24268;17765;6503;6081;358;55;9
2166;86 jaar;2001;25142;18495;6647;5319;1328;417;387;23;4;3;5018;4762;233;18;5;1042;913;114;15;170;25142;18495;6647;6190;401;46;10
2167;86 jaar;2002;24184;17674;6510;5249;1261;369;351;11;5;2;4976;4745;208;19;4;1012;896;103;13;153;24184;17674;6510;6097;358;42;13
2168;86 jaar;2003;24743;18122;6621;5364;1257;382;360;10;10;2;5059;4852;182;23;2;1028;925;88;15;152;24743;18122;6621;6256;308;50;7
2169;86 jaar;2004;25031;18347;6684;5445;1239;369;358;9;2;0;5221;4965;227;23;6;972;868;86;18;122;25031;18347;6684;6272;352;45;15
2170;86 jaar;2005;24738;18115;6623;5448;1175;361;350;10;1;0;5211;4986;202;18;5;939;830;94;15;112;24738;18115;6623;6236;345;35;7
2171;86 jaar;2006;26690;19431;7259;6053;1206;397;382;9;4;2;5782;5552;206;20;4;961;844;101;16;119;26690;19431;7259;6862;341;42;14
2172;86 jaar;2007;32353;23511;8842;7389;1453;418;406;9;3;0;7145;6860;263;17;5;1156;1017;123;16;123;32353;23511;8842;8345;445;40;12
2173;86 jaar;2008;32982;23822;9160;7710;1450;475;459;13;3;0;7408;7123;258;25;2;1149;1041;97;11;128;32982;23822;9160;8704;400;46;10
2174;86 jaar;2009;33309;24018;9291;7817;1474;416;396;14;6;0;7581;7265;290;22;4;1138;1018;107;13;156;33309;24018;9291;8791;446;49;5
2175;86 jaar;2010;35069;25168;9901;8405;1496;426;408;15;2;1;8184;7845;315;21;3;1139;1024;97;18;152;35069;25168;9901;9382;465;44;10
2176;86 jaar;2011;34980;24952;10028;8415;1613;460;450;8;0;2;8135;7842;269;20;4;1310;1212;88;10;123;34980;24952;10028;9600;375;42;11
2177;86 jaar;2012;35462;24937;10525;9004;1521;486;471;13;2;0;8682;8376;280;24;2;1200;1101;87;12;157;35462;24937;10525;10074;391;48;12
2178;86 jaar;2013;36569;25297;11272;9513;1759;491;467;11;11;2;9236;8884;322;26;4;1383;1259;113;11;162;36569;25297;11272;10732;462;67;11
2179;86 jaar;2014;35868;24480;11388;9776;1612;492;469;21;2;0;9512;9174;305;29;4;1251;1135;100;16;133;35868;24480;11388;10864;447;62;15
2180;86 jaar;2015;38302;26108;12194;10490;1704;511;484;18;8;1;10218;9854;331;30;3;1313;1196;106;11;152;38302;26108;12194;11658;460;62;14
2181;86 jaar;2016;38930;26534;12396;10753;1643;526;506;16;3;1;10477;10132;322;22;1;1278;1181;89;8;115;38930;26534;12396;11900;440;49;7
2182;86 jaar;2017;41534;28279;13255;11434;1821;543;518;19;5;1;11208;10795;377;31;5;1383;1276;100;7;121;41534;28279;13255;12664;511;63;17
2183;86 jaar;2018;41601;27922;13679;12051;1628;574;546;22;5;1;11766;11410;332;18;6;1244;1147;91;6;95;41601;27922;13679;13139;473;49;18
2184;86 jaar;2019;42905;28715;14190;12498;1692;586;549;30;5;2;12260;11867;360;28;5;1262;1159;101;2;82;42905;28715;14190;13602;513;53;22
2185;86 jaar;2020;42691;28353;14338;12638;1700;580;555;20;5;0;12395;11996;370;26;3;1276;1189;84;3;87;42691;28353;14338;13781;482;60;15
2186;86 jaar;2021;43836;28864;14972;13265;1707;632;597;26;8;1;13013;12590;394;24;5;1249;1150;96;3;78;43836;28864;14972;14361;532;64;15
2187;86 jaar;2022;44627;29202;15425;13724;1701;698;666;24;8;0;13384;12952;391;29;12;1237;1164;72;1;106;44627;29202;15425;14829;503;62;31
2188;86 jaar;2023;45463;29447;16016;14339;1677;737;708;19;6;4;13993;13541;405;40;7;1196;1126;63;7;90;45463;29447;16016;15393;500;89;34
2189;86 jaar;2024;45950;29513;16437;14811;1626;824;794;22;7;1;14410;13943;413;44;10;1129;1061;67;1;74;45950;29513;16437;15777;539;93;28
2190;87 jaar;1995;16539;12307;4232;3169;1063;390;375;8;4;3;2801;2624;159;15;3;871;761;92;18;170;16539;12307;4232;3903;280;36;13
2191;87 jaar;1996;17183;12642;4541;3439;1102;403;392;6;5;0;3050;2882;145;21;2;923;796;105;22;165;17183;12642;4541;4203;283;48;7
2192;87 jaar;1997;17931;13386;4545;3470;1075;365;352;10;3;0;3129;2950;156;19;4;883;770;91;22;168;17931;13386;4545;4213;277;45;10
2193;87 jaar;1998;18268;13615;4653;3523;1130;340;329;7;3;1;3204;3028;154;22;0;943;846;80;17;166;18268;13615;4653;4340;261;43;9
2194;87 jaar;1999;18428;13824;4604;3572;1032;319;310;5;4;0;3290;3109;154;25;2;842;742;94;6;153;18428;13824;4604;4274;287;35;8
2195;87 jaar;2000;19822;14864;4958;3831;1127;376;356;13;7;0;3515;3320;177;14;4;912;815;90;7;155;19822;14864;4958;4616;305;29;8
2196;87 jaar;2001;20614;15528;5086;4005;1081;358;341;11;5;1;3708;3523;162;22;1;879;768;93;18;141;20614;15528;5086;4746;290;44;6
2197;87 jaar;2002;21347;16053;5294;4187;1107;322;300;17;2;3;3924;3733;170;17;4;894;790;91;13;154;21347;16053;5294;4939;303;40;12
2198;87 jaar;2003;20633;15424;5209;4154;1055;312;296;8;7;1;3908;3738;152;15;3;869;764;91;14;120;20633;15424;5209;4875;284;41;9
2199;87 jaar;2004;20980;15746;5234;4181;1053;318;307;6;4;1;3899;3749;131;19;0;892;796;85;11;125;20980;15746;5234;4947;246;40;1
2200;87 jaar;2005;21572;16176;5396;4358;1038;303;295;6;0;2;4156;3955;179;17;5;829;738;76;15;108;21572;16176;5396;5058;288;36;14
2201;87 jaar;2006;21534;16138;5396;4386;1010;292;285;7;0;0;4184;4012;154;14;4;831;730;90;11;89;21534;16138;5396;5088;274;27;7
2202;87 jaar;2007;23293;17368;5925;4872;1053;337;328;7;1;1;4617;4434;163;17;3;861;756;89;16;110;23293;17368;5925;5601;278;34;12
2203;87 jaar;2008;28342;21040;7302;6084;1218;394;382;10;2;0;5817;5604;196;13;4;993;874;109;10;98;28342;21040;7302;6921;344;27;10
2204;87 jaar;2009;28915;21372;7543;6319;1224;420;409;9;1;1;6018;5793;209;15;1;988;903;76;9;117;28915;21372;7543;7191;321;28;3
2205;87 jaar;2010;29336;21606;7730;6466;1264;388;374;12;1;1;6204;5968;216;17;3;1014;916;89;9;124;29336;21606;7730;7350;338;36;6
2206;87 jaar;2011;30967;22551;8416;6923;1493;358;346;11;1;0;6718;6433;267;16;2;1196;1095;87;14;144;30967;22551;8416;7995;374;40;7
2207;87 jaar;2012;31202;22787;8415;6990;1425;391;379;10;2;0;6714;6493;201;16;4;1192;1098;85;9;118;31202;22787;8415;8058;304;41;12
2208;87 jaar;2013;31474;22710;8764;7442;1322;399;387;9;3;0;7144;6921;205;16;2;1087;1000;79;8;134;31474;22710;8764;8407;305;42;10
2209;87 jaar;2014;31649;22334;9315;7803;1512;407;379;22;5;1;7562;7287;252;20;3;1209;1107;95;7;137;31649;22334;9315;8877;383;48;7
2210;87 jaar;2015;32500;22877;9623;8200;1423;428;401;22;5;0;7962;7687;250;21;4;1121;1024;85;12;112;32500;22877;9623;9182;377;54;10
2211;87 jaar;2016;34129;23994;10135;8636;1499;410;393;15;2;0;8403;8110;263;27;3;1189;1079;100;10;133;34129;23994;10135;9682;386;55;12
2212;87 jaar;2017;35102;24646;10456;8998;1458;433;405;21;5;2;8779;8499;263;17;0;1150;1065;80;5;94;35102;24646;10456;10029;377;42;8
2213;87 jaar;2018;37007;25772;11235;9602;1633;481;453;23;5;0;9381;9044;306;26;5;1268;1165;99;4;105;37007;25772;11235;10727;437;52;19
2214;87 jaar;2019;37144;25702;11442;10007;1435;478;453;19;4;2;9750;9462;266;18;4;1122;1030;86;6;92;37144;25702;11442;10986;396;44;16
2215;87 jaar;2020;38350;26464;11886;10424;1462;493;471;16;6;0;10186;9874;287;20;5;1128;1036;90;2;79;38350;26464;11886;11412;420;44;10
2216;87 jaar;2021;37924;26044;11880;10402;1478;488;466;16;4;2;10172;9865;284;20;3;1149;1067;79;3;71;37924;26044;11880;11426;390;46;18
2217;87 jaar;2022;39007;26493;12514;11031;1483;535;512;15;6;2;10772;10449;300;18;5;1137;1052;82;3;70;39007;26493;12514;12038;409;50;17
2218;87 jaar;2023;39765;26797;12968;11463;1505;593;558;29;5;1;11170;10825;313;23;9;1125;1054;69;2;80;39765;26797;12968;12475;415;54;24
2219;87 jaar;2024;40643;27092;13551;12058;1493;657;631;19;3;4;11724;11346;331;40;7;1089;1030;54;5;81;40643;27092;13551;13002;440;77;32
2220;88 jaar;1995;12925;9624;3301;2391;910;335;323;7;5;0;2055;1922;122;11;0;765;662;86;17;146;12925;9624;3301;3032;229;34;6
2221;88 jaar;1996;13557;10263;3294;2406;888;283;273;8;1;1;2120;1997;110;10;3;755;657;82;16;136;13557;10263;3294;3042;218;22;12
2222;88 jaar;1997;14413;10834;3579;2645;934;343;331;10;2;0;2306;2178;115;12;1;794;683;96;15;136;14413;10834;3579;3301;242;29;7
2223;88 jaar;1998;14888;11366;3522;2636;886;294;283;4;7;0;2347;2217;111;18;1;745;655;73;17;136;14888;11366;3522;3265;206;44;7
2224;88 jaar;1999;15285;11655;3630;2681;949;285;272;8;5;0;2403;2283;105;15;0;816;737;66;13;126;15285;11655;3630;3398;196;32;4
2225;88 jaar;2000;15456;11818;3638;2787;851;294;278;8;5;3;2499;2380;103;15;1;716;631;79;6;129;15456;11818;3638;3387;216;25;10
2226;88 jaar;2001;16537;12680;3857;2920;937;291;276;8;6;1;2657;2515;129;10;3;780;697;78;5;129;16537;12680;3857;3589;235;25;8
2227;88 jaar;2002;17366;13405;3961;3065;896;288;271;11;5;1;2804;2671;116;16;1;746;650;81;15;123;17366;13405;3961;3688;231;36;6
2228;88 jaar;2003;17904;13755;4149;3213;936;271;259;6;5;1;2980;2843;120;13;4;787;704;72;11;111;17904;13755;4149;3891;218;34;6
2229;88 jaar;2004;17242;13136;4106;3228;878;269;254;7;7;1;3006;2873;122;8;3;730;647;72;11;101;17242;13136;4106;3844;221;31;10
2230;88 jaar;2005;17695;13560;4135;3232;903;271;260;7;3;1;2989;2872;102;15;0;775;694;73;8;100;17695;13560;4135;3898;205;29;3
2231;88 jaar;2006;18368;14074;4294;3403;891;226;214;5;4;3;3255;3110;133;9;3;734;649;71;14;79;18368;14074;4294;4024;228;30;12
2232;88 jaar;2007;18375;14094;4281;3471;810;244;238;5;0;1;3272;3158;102;9;3;690;606;75;9;75;18375;14094;4281;4055;198;21;7
2233;88 jaar;2008;20087;15363;4724;3820;904;289;280;6;3;0;3576;3452;115;7;2;771;676;83;12;88;20087;15363;4724;4470;223;23;8
2234;88 jaar;2009;24300;18450;5850;4813;1037;327;319;7;0;1;4571;4410;145;13;3;868;770;89;9;84;24300;18450;5850;5550;266;23;11
2235;88 jaar;2010;24921;18859;6062;5009;1053;321;314;5;1;1;4783;4600;170;13;0;863;776;79;8;95;24921;18859;6062;5763;272;24;3
2236;88 jaar;2011;25386;18985;6401;5164;1237;306;295;9;2;0;4916;4742;156;16;2;1052;972;73;7;127;25386;18985;6401;6105;251;40;5
2237;88 jaar;2012;27033;20127;6906;5655;1251;294;288;5;1;0;5443;5232;200;10;1;1034;950;72;12;135;27033;20127;6906;6578;289;31;8
2238;88 jaar;2013;27269;20392;6877;5658;1219;318;308;9;1;0;5422;5253;153;13;3;1040;964;67;9;97;27269;20392;6877;6590;238;39;10
2239;88 jaar;2014;26554;19492;7062;5908;1154;329;312;10;4;3;5681;5496;174;11;0;952;880;66;6;100;26554;19492;7062;6760;264;30;8
2240;88 jaar;2015;28153;20473;7680;6405;1275;348;331;13;3;1;6174;5965;189;17;3;1049;964;80;5;109;28153;20473;7680;7347;291;35;7
2241;88 jaar;2016;28493;20664;7829;6587;1242;353;334;13;6;0;6383;6161;204;15;3;1001;912;78;11;92;28493;20664;7829;7468;306;47;8
2242;88 jaar;2017;30221;21898;8323;7010;1313;346;322;21;3;0;6819;6579;216;22;2;1049;952;89;8;109;30221;21898;8323;7936;328;49;10
2243;88 jaar;2018;30564;21989;8575;7304;1271;375;349;17;7;2;7091;6869;212;10;0;1023;947;72;4;86;30564;21989;8575;8214;320;32;9
2244;88 jaar;2019;32318;23266;9052;7615;1437;385;368;14;3;0;7430;7164;237;25;4;1154;1058;94;2;83;32318;23266;9052;8638;357;47;10
2245;88 jaar;2020;32435;23086;9349;8049;1300;382;367;14;0;1;7830;7606;204;15;5;1061;978;77;6;76;32435;23086;9349;8989;316;31;13
2246;88 jaar;2021;33534;23844;9690;8403;1287;429;407;14;8;0;8171;7931;224;13;3;1025;947;76;2;65;33534;23844;9690;9314;334;32;10
2247;88 jaar;2022;33010;23406;9604;8316;1288;392;373;13;4;2;8116;7885;210;20;1;1038;965;71;2;58;33010;23406;9604;9249;300;39;16
2248;88 jaar;2023;33918;23698;10220;8932;1288;467;438;21;5;3;8707;8445;245;13;4;997;923;71;3;49;33918;23698;10220;9824;349;35;12
2249;88 jaar;2024;34897;24206;10691;9387;1304;528;495;28;4;1;9097;8822;251;15;9;996;932;62;2;70;34897;24206;10691;10274;359;42;16
2250;89 jaar;1995;10162;7723;2439;1741;698;271;256;11;4;0;1478;1380;92;5;1;585;518;56;11;105;10162;7723;2439;2240;175;19;5
2251;89 jaar;1996;10442;7900;2542;1764;778;254;246;5;1;2;1517;1411;96;10;0;664;577;72;15;107;10442;7900;2542;2326;183;26;7
2252;89 jaar;1997;11053;8495;2558;1821;737;257;244;6;7;0;1553;1465;79;7;2;636;550;76;10;112;11053;8495;2558;2363;166;21;8
2253;89 jaar;1998;11715;9043;2672;1922;750;250;244;6;0;0;1673;1582;83;8;0;653;558;84;11;96;11715;9043;2672;2457;189;21;5
2254;89 jaar;1999;12146;9459;2687;1974;713;256;251;4;1;0;1696;1611;74;11;0;623;546;65;12;112;12146;9459;2687;2491;167;27;2
2255;89 jaar;2000;12485;9708;2777;1999;778;247;237;8;2;0;1748;1666;73;9;0;686;627;48;11;96;12485;9708;2777;2606;146;20;5
2256;89 jaar;2001;12619;9910;2709;2011;698;214;200;9;3;2;1789;1706;74;8;1;601;535;61;5;105;12619;9910;2709;2519;165;17;8
2257;89 jaar;2002;13523;10593;2930;2170;760;238;225;9;4;0;1952;1844;97;9;2;639;573;62;4;101;13523;10593;2930;2722;180;18;10
2258;89 jaar;2003;14139;11139;3000;2299;701;223;212;7;3;1;2082;1989;79;13;1;597;519;67;11;98;14139;11139;3000;2797;172;26;5
2259;89 jaar;2004;14683;11491;3192;2420;772;218;208;6;4;0;2221;2119;89;10;3;660;590;63;7;93;14683;11491;3192;2987;175;26;4
2260;89 jaar;2005;14384;11224;3160;2436;724;231;219;4;6;2;2238;2140;90;7;1;614;546;61;7;77;14384;11224;3160;2958;174;21;7
2261;89 jaar;2006;14838;11623;3215;2494;721;215;206;5;3;1;2284;2200;75;9;0;628;557;65;6;88;14838;11623;3215;3036;158;18;3
2262;89 jaar;2007;15455;12078;3377;2644;733;193;184;4;4;1;2504;2394;100;7;3;614;550;56;8;66;15455;12078;3377;3169;177;21;10
2263;89 jaar;2008;15560;12197;3363;2674;689;209;199;6;2;2;2489;2407;72;8;2;597;527;66;4;68;15560;12197;3363;3182;158;16;7
2264;89 jaar;2009;16964;13224;3740;2963;777;234;230;4;0;0;2750;2653;92;3;2;676;594;73;9;80;16964;13224;3740;3538;179;17;6
2265;89 jaar;2010;20580;15975;4605;3716;889;279;269;8;2;0;3512;3387;112;10;3;754;674;74;6;60;20580;15975;4605;4362;219;18;6
2266;89 jaar;2011;21181;16244;4937;3885;1052;255;246;5;4;0;3696;3553;130;13;0;900;827;68;5;86;21181;16244;4937;4702;208;24;3
2267;89 jaar;2012;21764;16682;5082;4031;1051;249;234;9;5;1;3832;3697;121;13;1;901;831;63;7;100;21764;16682;5082;4843;200;34;5
2268;89 jaar;2013;23322;17769;5553;4464;1089;234;224;8;1;1;4276;4123;145;8;0;926;853;60;13;117;23322;17769;5553;5292;228;29;4
2269;89 jaar;2014;22595;17149;5446;4398;1048;258;249;9;0;0;4207;4074;120;11;2;906;846;51;9;75;22595;17149;5446;5227;179;30;10
2270;89 jaar;2015;23289;17572;5717;4741;976;268;255;8;3;2;4545;4411;123;11;0;829;768;57;4;75;23289;17572;5717;5488;195;28;6
2271;89 jaar;2016;24216;18064;6152;5057;1095;284;267;13;3;1;4864;4701;149;12;2;915;846;65;4;89;24216;18064;6152;5887;232;27;6
2272;89 jaar;2017;24723;18444;6279;5213;1066;296;281;12;2;1;5034;4861;156;14;3;878;804;66;8;71;24723;18444;6279;5988;244;37;10
2273;89 jaar;2018;25743;19110;6633;5504;1129;283;266;13;3;1;5328;5144;165;17;2;928;847;74;7;94;25743;19110;6633;6323;257;45;8
2274;89 jaar;2019;26085;19275;6810;5746;1064;302;286;13;2;1;5546;5382;156;8;0;884;820;61;3;78;26085;19275;6810;6539;243;18;10
2275;89 jaar;2020;27651;20366;7285;6032;1253;311;293;13;4;1;5886;5675;188;19;4;1024;946;75;3;64;27651;20366;7285;6944;283;48;10
2276;89 jaar;2021;27609;20242;7367;6244;1123;312;298;10;2;2;6055;5888;153;11;3;942;873;63;6;58;27609;20242;7367;7083;239;35;10
2277;89 jaar;2022;28598;20943;7655;6566;1089;339;326;7;6;0;6372;6185;174;10;3;889;826;62;1;55;28598;20943;7655;7354;264;27;10
2278;89 jaar;2023;28009;20422;7587;6488;1099;318;303;10;3;2;6297;6136;147;13;1;923;854;68;1;49;28009;20422;7587;7306;235;31;15
2279;89 jaar;2024;28887;20804;8083;7017;1066;393;364;21;6;2;6811;6610;186;12;3;836;772;62;2;43;28887;20804;8083;7750;292;32;9
2280;90 jaar;1995;7775;6000;1775;1210;565;208;200;7;1;0;969;909;51;8;1;497;435;54;8;101;7775;6000;1775;1628;125;18;4
2281;90 jaar;1996;7917;6100;1817;1262;555;185;179;5;1;0;1071;1005;61;4;1;483;424;47;12;78;7917;6100;1817;1679;118;17;3
2282;90 jaar;1997;8359;6453;1906;1291;615;205;199;2;2;2;1074;1005;60;9;0;540;477;52;11;87;8359;6453;1906;1760;119;24;3
2283;90 jaar;1998;8775;6906;1869;1298;571;191;183;3;4;1;1089;1027;56;5;1;501;438;56;7;88;8775;6906;1869;1730;119;14;6
2284;90 jaar;1999;9349;7345;2004;1404;600;209;205;4;0;0;1190;1124;59;6;1;530;453;67;10;75;9349;7345;2004;1844;137;18;5
2285;90 jaar;2000;9714;7681;2033;1462;571;206;199;6;1;0;1236;1179;47;10;0;507;445;55;7;84;9714;7681;2033;1887;124;21;1
2286;90 jaar;2001;10042;7952;2090;1457;633;185;177;6;2;0;1261;1208;49;4;0;572;520;43;9;72;10042;7952;2090;1961;112;14;3
2287;90 jaar;2002;10121;8087;2034;1491;543;173;165;4;4;0;1295;1242;43;9;1;482;430;47;5;84;10121;8087;2034;1902;106;18;8
2288;90 jaar;2003;10775;8568;2207;1581;626;184;172;9;3;0;1408;1327;76;4;1;533;475;54;4;82;10775;8568;2207;2041;148;14;4
2289;90 jaar;2004;11342;9062;2280;1711;569;193;185;6;2;0;1519;1447;63;9;0;489;422;58;9;79;11342;9062;2280;2120;139;19;2
2290;90 jaar;2005;12001;9479;2522;1876;646;211;201;9;1;0;1664;1593;61;7;3;565;501;59;5;82;12001;9479;2522;2359;143;17;3
2291;90 jaar;2006;11782;9419;2363;1794;569;184;174;6;3;1;1627;1556;70;1;0;488;436;45;7;64;11782;9419;2363;2210;131;18;4
2292;90 jaar;2007;12245;9753;2492;1898;594;167;161;3;2;1;1729;1667;56;6;0;526;469;53;4;70;12245;9753;2492;2352;123;14;3
2293;90 jaar;2008;12747;10145;2602;1988;614;168;159;7;1;1;1859;1778;72;7;2;524;470;48;6;51;12747;10145;2602;2441;140;14;7
2294;90 jaar;2009;12828;10246;2582;1999;583;153;146;4;1;2;1859;1803;50;6;0;520;462;54;4;50;12828;10246;2582;2446;119;11;6
2295;90 jaar;2010;14035;11137;2898;2260;638;192;189;1;1;1;2091;2017;69;3;2;561;489;65;7;54;14035;11137;2898;2736;142;14;6
2296;90 jaar;2011;17084;13434;3650;2793;857;185;180;5;0;0;2646;2556;80;9;1;762;691;65;6;57;17084;13434;3650;3463;163;17;7
2297;90 jaar;2012;17867;14006;3861;2988;873;190;185;3;2;0;2842;2734;98;10;0;760;704;51;5;69;17867;14006;3861;3681;157;21;2
2298;90 jaar;2013;18234;14289;3945;3038;907;208;196;8;4;0;2870;2763;98;8;1;788;733;50;5;79;18234;14289;3945;3757;161;24;3
2299;90 jaar;2014;18755;14459;4296;3374;922;198;193;5;0;0;3204;3091;105;8;0;804;743;50;11;90;18755;14459;4296;4100;169;26;1
2300;90 jaar;2015;19324;15026;4298;3453;845;199;196;3;0;0;3286;3195;82;8;1;751;697;47;7;62;19324;15026;4298;4134;137;21;6
2301;90 jaar;2016;19644;15174;4470;3673;797;217;208;7;2;0;3502;3406;90;6;0;692;643;47;2;59;19644;15174;4470;4302;149;16;3
2302;90 jaar;2017;20611;15811;4800;3882;918;227;210;10;5;2;3719;3597;113;7;2;779;717;59;3;75;20611;15811;4800;4582;191;20;7
2303;90 jaar;2018;20528;15619;4909;3996;913;226;214;11;1;0;3858;3721;129;7;1;764;699;58;7;61;20528;15619;4909;4674;208;22;5
2304;90 jaar;2019;21507;16453;5054;4109;945;215;204;10;1;0;3970;3834;122;13;1;798;729;61;8;71;21507;16453;5054;4817;198;32;7
2305;90 jaar;2020;21736;16470;5266;4372;894;243;232;10;1;0;4204;4081;116;7;0;760;707;51;2;59;21736;16470;5266;5061;185;16;4
2306;90 jaar;2021;22959;17370;5589;4533;1056;239;221;10;6;2;4417;4263;141;9;4;884;819;63;2;49;22959;17370;5589;5329;221;26;13
2307;90 jaar;2022;22985;17402;5583;4684;899;240;229;9;2;0;4533;4417;104;9;3;772;707;59;6;38;22985;17402;5583;5366;185;26;6
2308;90 jaar;2023;23620;17800;5820;4936;884;266;255;8;2;1;4778;4641;127;9;1;736;687;49;0;40;23620;17800;5820;5599;196;19;6
2309;90 jaar;2024;23381;17551;5830;4935;895;280;269;7;4;0;4757;4633;112;11;1;760;702;58;0;33;23381;17551;5830;5607;185;28;10
2310;91 jaar;1995;5767;4433;1334;871;463;165;156;5;2;2;681;634;46;1;0;407;346;49;12;81;5767;4433;1334;1209;106;15;4
2311;91 jaar;1996;5944;4603;1341;872;469;161;151;7;1;2;688;649;33;5;1;420;369;44;7;72;5944;4603;1341;1230;92;14;5
2312;91 jaar;1997;6278;4885;1393;943;450;154;147;6;1;0;783;737;43;2;1;397;349;38;10;59;6278;4885;1393;1286;92;12;3
2313;91 jaar;1998;6548;5190;1358;892;466;156;149;6;1;0;726;676;43;7;0;409;361;39;9;67;6548;5190;1358;1246;92;20;0
2314;91 jaar;1999;6850;5486;1364;918;446;168;161;4;2;1;732;693;35;3;1;400;356;40;4;64;6850;5486;1364;1267;83;10;4
2315;91 jaar;2000;7228;5749;1479;1008;471;185;178;5;1;1;816;772;40;4;0;420;361;52;7;58;7228;5749;1479;1361;102;14;2
2316;91 jaar;2001;7565;6091;1474;1015;459;153;143;7;3;0;851;814;31;6;0;412;355;51;6;58;7565;6091;1474;1359;99;16;0
2317;91 jaar;2002;7834;6314;1520;1027;493;152;144;3;4;1;863;830;32;1;0;452;414;31;7;53;7834;6314;1520;1430;77;10;3
2318;91 jaar;2003;7970;6466;1504;1057;447;137;130;6;1;0;913;875;32;5;1;402;359;39;4;52;7970;6466;1504;1406;85;8;5
2319;91 jaar;2004;8477;6825;1652;1148;504;158;148;7;3;0;993;930;58;4;1;431;388;40;3;70;8477;6825;1652;1524;111;12;5
2320;91 jaar;2005;9035;7290;1745;1287;458;153;149;4;0;0;1121;1068;45;8;0;401;349;44;8;70;9035;7290;1745;1622;104;17;2
2321;91 jaar;2006;9579;7720;1859;1343;516;160;155;4;1;0;1184;1135;44;5;0;462;413;45;4;53;9579;7720;1859;1740;107;12;0
2322;91 jaar;2007;9449;7684;1765;1303;462;142;134;6;1;1;1182;1125;57;0;0;397;355;38;4;44;9449;7684;1765;1642;111;9;3
2323;91 jaar;2008;9858;8020;1838;1366;472;143;139;1;2;1;1220;1175;41;4;0;423;379;42;2;52;9858;8020;1838;1731;95;9;3
2324;91 jaar;2009;10352;8389;1963;1466;497;134;128;4;1;1;1357;1298;56;3;0;432;389;36;7;40;10352;8389;1963;1845;103;10;5
2325;91 jaar;2010;10406;8442;1964;1494;470;134;126;6;1;1;1378;1336;41;1;0;420;373;43;4;32;10406;8442;1964;1858;97;7;2
2326;91 jaar;2011;11331;9092;2239;1624;615;118;114;2;2;0;1519;1468;48;1;2;560;502;54;4;42;11331;9092;2239;2118;105;12;4
2327;91 jaar;2012;14202;11410;2792;2074;718;141;139;1;1;0;1964;1892;65;5;2;644;586;52;6;43;14202;11410;2792;2647;127;12;6
2328;91 jaar;2013;14583;11668;2915;2220;695;146;144;1;1;0;2090;2022;61;7;0;625;575;45;5;54;14583;11668;2915;2783;114;14;4
2329;91 jaar;2014;14114;11201;2913;2162;751;159;144;11;4;0;2033;1962;65;6;0;665;617;46;2;56;14114;11201;2913;2769;130;14;0
2330;91 jaar;2015;15705;12385;3320;2558;762;156;148;6;1;1;2423;2342;73;8;0;673;623;41;9;68;15705;12385;3320;3166;128;24;2
2331;91 jaar;2016;15899;12688;3211;2502;709;154;150;4;0;0;2370;2308;55;6;1;643;603;36;4;44;15899;12688;3211;3096;97;13;5
2332;91 jaar;2017;16365;12948;3417;2751;666;179;168;9;1;1;2617;2534;77;6;0;572;531;39;2;49;16365;12948;3417;3261;134;16;6
2333;91 jaar;2018;16822;13186;3636;2905;731;171;156;10;3;2;2770;2692;69;8;1;638;584;52;2;57;16822;13186;3636;3476;136;19;5
2334;91 jaar;2019;16780;13142;3638;2893;745;164;155;8;1;0;2798;2695;97;5;1;633;582;44;7;43;16780;13142;3638;3460;157;17;4
2335;91 jaar;2020;17507;13694;3813;3012;801;182;171;9;2;0;2889;2789;89;11;0;690;633;51;6;52;17507;13694;3813;3633;149;28;3
2336;91 jaar;2021;17592;13679;3913;3189;724;193;186;5;2;0;3037;2954;77;6;0;634;594;40;0;49;17592;13679;3913;3767;129;13;4
2337;91 jaar;2022;18616;14439;4177;3316;861;188;172;9;5;2;3219;3104;105;7;3;730;677;51;2;40;18616;14439;4177;3969;172;26;10
2338;91 jaar;2023;18318;14155;4163;3436;727;193;188;4;1;0;3294;3218;69;5;2;646;593;47;6;30;18318;14155;4163;4018;126;15;4
2339;91 jaar;2024;19032;14683;4349;3615;734;219;211;5;1;2;3469;3368;95;5;1;625;586;39;0;36;19032;14683;4349;4179;151;11;8
2340;92 jaar;1995;4192;3228;964;607;357;142;138;2;2;0;437;401;31;5;0;317;275;35;7;68;4192;3228;964;871;76;14;3
2341;92 jaar;1996;4319;3378;941;584;357;124;115;6;3;0;447;414;32;1;0;315;269;35;11;55;4319;3378;941;850;73;16;2
2342;92 jaar;1997;4606;3617;989;623;366;149;140;6;1;2;456;432;22;2;0;333;292;36;5;51;4606;3617;989;906;70;10;3
2343;92 jaar;1998;4785;3795;990;649;341;120;115;5;0;0;516;485;28;2;1;305;270;27;8;49;4785;3795;990;913;65;10;2
2344;92 jaar;1999;5021;4008;1013;653;360;130;123;4;1;2;506;477;25;4;0;324;286;31;7;53;5021;4008;1013;936;62;13;2
2345;92 jaar;2000;5150;4167;983;638;345;130;124;5;0;1;494;470;20;4;0;315;280;32;3;44;5150;4167;983;909;64;7;3
2346;92 jaar;2001;5540;4446;1094;708;386;131;122;7;2;0;568;535;30;3;0;344;300;38;6;51;5540;4446;1094;999;80;13;2
2347;92 jaar;2002;5807;4782;1025;689;336;103;96;6;1;0;567;549;16;2;0;311;262;44;5;44;5807;4782;1025;944;71;10;0
2348;92 jaar;2003;5973;4877;1096;712;384;112;102;5;3;2;597;574;23;0;0;351;326;19;6;36;5973;4877;1096;1027;57;7;5
2349;92 jaar;2004;6093;5013;1080;721;359;100;95;4;1;0;613;585;22;6;0;326;293;30;3;41;6093;5013;1080;1006;62;9;3
2350;92 jaar;2005;6611;5379;1232;841;391;127;121;3;2;1;718;668;47;3;0;335;302;29;4;52;6611;5379;1232;1134;86;9;3
2351;92 jaar;2006;6980;5746;1234;883;351;113;107;5;0;1;765;729;33;3;0;309;269;34;6;47;6980;5746;1234;1142;81;8;3
2352;92 jaar;2007;7622;6290;1332;954;378;113;107;6;0;0;829;800;26;3;0;343;306;33;4;47;7622;6290;1332;1254;69;9;0
2353;92 jaar;2008;7404;6139;1265;908;357;101;95;5;0;1;823;779;44;0;0;307;271;33;3;34;7404;6139;1265;1170;87;7;1
2354;92 jaar;2009;7786;6418;1368;979;389;112;110;1;1;0;864;831;31;2;0;354;324;29;1;38;7786;6418;1368;1289;73;5;1
2355;92 jaar;2010;8274;6861;1413;1053;360;106;98;5;2;1;956;928;26;2;0;324;292;28;4;27;8274;6861;1413;1340;63;7;3
2356;92 jaar;2011;8293;6767;1526;1070;456;83;80;3;0;0;975;948;26;1;0;426;391;32;3;42;8293;6767;1526;1454;66;5;1
2357;92 jaar;2012;9130;7440;1690;1186;504;109;103;5;0;1;1096;1053;40;0;3;455;418;33;4;30;9130;7440;1690;1599;79;5;7
2358;92 jaar;2013;11316;9300;2016;1449;567;110;108;2;0;0;1361;1309;47;5;0;513;468;41;4;32;11316;9300;2016;1910;96;8;2
2359;92 jaar;2014;11043;8933;2110;1537;573;113;110;2;1;0;1445;1392;47;6;0;517;473;40;4;35;11043;8933;2110;2005;92;12;1
2360;92 jaar;2015;11661;9489;2172;1569;603;110;106;2;1;1;1476;1422;48;6;0;545;511;32;2;41;11661;9489;2172;2070;86;10;6
2361;92 jaar;2016;12571;10116;2455;1842;613;102;96;5;1;0;1755;1697;51;7;0;549;505;37;7;49;12571;10116;2455;2338;96;20;1
2362;92 jaar;2017;12918;10537;2381;1817;564;114;111;2;0;1;1713;1672;36;5;0;520;484;31;5;34;12918;10537;2381;2291;71;12;7
2363;92 jaar;2018;12828;10344;2484;1955;529;122;116;4;0;2;1863;1805;55;3;0;465;433;31;1;34;12828;10344;2484;2377;98;5;4
2364;92 jaar;2019;13304;10650;2654;2038;616;124;115;6;2;1;1930;1877;48;4;1;554;511;42;1;46;13304;10650;2654;2532;106;11;5
2365;92 jaar;2020;13276;10604;2672;2054;618;134;126;7;1;0;1967;1895;68;3;1;538;493;38;7;33;13276;10604;2672;2534;120;14;4
2366;92 jaar;2021;13739;10983;2756;2101;655;138;133;5;0;0;2006;1933;62;11;0;577;538;33;6;35;13739;10983;2756;2627;101;24;4
2367;92 jaar;2022;13722;10928;2794;2207;587;133;127;6;0;0;2107;2046;56;5;0;520;489;31;0;34;13722;10928;2794;2690;95;8;1
2368;92 jaar;2023;14469;11499;2970;2300;670;147;134;8;4;1;2218;2139;73;4;2;578;532;45;1;27;14469;11499;2970;2815;131;18;6
2369;92 jaar;2024;14303;11265;3038;2456;582;163;156;6;0;1;2325;2271;51;1;2;521;482;37;2;29;14303;11265;3038;2931;99;4;4
2370;93 jaar;1995;2895;2254;641;377;264;105;101;3;1;0;258;244;14;0;0;246;208;34;4;32;2895;2254;641;578;58;5;0
2371;93 jaar;1996;3070;2375;695;417;278;105;101;1;3;0;289;268;17;4;0;253;224;26;3;48;3070;2375;695;635;48;12;0
2372;93 jaar;1997;3263;2596;667;391;276;98;91;6;1;0;286;261;24;1;0;244;211;25;8;39;3263;2596;667;594;59;11;3
2373;93 jaar;1998;3463;2780;683;419;264;100;94;5;0;1;304;289;14;1;0;243;214;25;4;36;3463;2780;683;628;44;8;3
2374;93 jaar;1999;3532;2856;676;419;257;88;86;1;1;0;326;302;21;2;1;231;205;19;7;31;3532;2856;676;618;46;10;2
2375;93 jaar;2000;3723;3005;718;449;269;92;87;4;0;1;340;318;19;3;0;242;213;26;3;44;3723;3005;718;657;52;7;2
2376;93 jaar;2001;3823;3148;675;413;262;92;89;2;1;0;315;296;16;3;0;240;217;22;1;28;3823;3148;675;628;42;5;0
2377;93 jaar;2002;4134;3353;781;497;284;88;84;2;2;0;391;374;15;2;0;263;228;29;6;39;4134;3353;781;722;46;12;1
2378;93 jaar;2003;4331;3637;694;435;259;68;64;4;0;0;361;346;13;1;1;240;200;35;5;25;4331;3637;694;631;56;6;1
2379;93 jaar;2004;4469;3657;812;523;289;98;91;4;3;0;419;405;14;0;0;268;248;16;4;27;4469;3657;812;766;39;5;2
2380;93 jaar;2005;4612;3812;800;525;275;91;90;1;0;0;421;401;17;3;0;254;227;26;1;34;4612;3812;800;748;48;4;0
2381;93 jaar;2006;5022;4183;839;561;278;86;82;3;0;1;470;440;28;2;0;244;216;25;3;39;5022;4183;839;768;62;6;3
2382;93 jaar;2007;5385;4492;893;629;264;94;91;1;1;1;523;499;21;3;0;237;208;24;5;39;5385;4492;893;831;49;11;2
2383;93 jaar;2008;5897;4950;947;660;287;84;79;5;0;0;568;550;15;3;0;264;237;25;2;31;5897;4950;947;888;52;5;2
2384;93 jaar;2009;5641;4764;877;622;255;74;73;0;0;1;545;523;22;0;0;232;205;26;1;26;5641;4764;877;818;56;2;1
2385;93 jaar;2010;6000;5032;968;675;293;93;87;5;1;0;576;560;15;0;1;271;243;27;1;28;6000;5032;968;914;51;2;1
2386;93 jaar;2011;6308;5242;1066;717;349;65;62;2;1;0;646;624;21;1;0;324;301;20;3;31;6308;5242;1066;1012;47;4;3
2387;93 jaar;2012;6513;5418;1095;753;342;52;52;0;0;0;688;674;13;1;0;328;303;22;3;27;6513;5418;1095;1051;38;5;1
2388;93 jaar;2013;7175;5996;1179;809;370;81;76;4;1;0;741;710;29;0;2;334;312;19;3;23;7175;5996;1179;1115;55;5;4
2389;93 jaar;2014;8236;6830;1406;971;435;77;75;2;0;0;912;878;31;3;0;399;370;25;4;18;8236;6830;1406;1337;61;6;2
2390;93 jaar;2015;8804;7252;1552;1084;468;79;74;3;2;0;1018;982;32;4;0;427;388;35;4;28;8804;7252;1552;1470;72;9;1
2391;93 jaar;2016;9006;7495;1511;1061;450;80;75;2;2;1;991;961;26;4;0;415;392;22;1;25;9006;7495;1511;1447;53;8;3
2392;93 jaar;2017;10087;8328;1759;1280;479;76;71;4;1;0;1211;1174;35;2;0;437;407;26;4;35;10087;8328;1759;1672;73;13;1
2393;93 jaar;2018;9907;8200;1707;1243;464;79;74;4;1;0;1176;1146;27;3;0;429;402;22;5;23;9907;8200;1707;1640;55;9;3
2394;93 jaar;2019;9909;8153;1756;1339;417;93;85;5;1;2;1265;1228;35;2;0;372;344;28;0;26;9909;8153;1756;1676;71;5;4
2395;93 jaar;2020;10131;8303;1828;1362;466;94;91;1;1;1;1270;1242;24;4;0;435;402;31;2;29;10131;8303;1828;1756;59;12;1
2396;93 jaar;2021;10161;8298;1863;1379;484;101;93;7;1;0;1305;1261;40;4;0;432;396;31;5;25;10161;8298;1863;1765;81;16;1
2397;93 jaar;2022;10542;8634;1908;1420;488;90;88;2;0;0;1364;1310;45;9;0;432;403;24;5;22;10542;8634;1908;1813;73;20;2
2398;93 jaar;2023;10282;8368;1914;1481;433;107;101;3;2;1;1394;1352;38;4;0;385;364;21;0;28;10282;8368;1914;1843;63;7;1
2399;93 jaar;2024;10949;8822;2127;1622;505;132;122;5;4;1;1530;1474;51;3;2;439;408;31;0;26;10949;8822;2127;2015;95;11;6
2400;94 jaar;1995;1921;1519;402;217;185;74;72;2;0;0;123;115;7;0;1;175;149;23;3;30;1921;1519;402;364;34;2;2
2401;94 jaar;1996;2107;1645;462;255;207;79;75;4;0;0;162;152;10;0;0;193;161;28;4;28;2107;1645;462;413;45;4;0
2402;94 jaar;1997;2206;1729;477;285;192;85;82;1;2;0;188;175;10;3;0;176;158;15;3;28;2206;1729;477;439;29;9;0
2403;94 jaar;1998;2399;1943;456;259;197;74;69;3;2;0;181;166;15;0;0;177;152;20;5;24;2399;1943;456;407;40;9;0
2404;94 jaar;1999;2538;2041;497;282;215;71;68;2;1;0;202;191;11;0;0;201;174;23;4;23;2538;2041;497;451;37;9;0
2405;94 jaar;2000;2575;2111;464;277;187;76;71;3;2;0;195;179;14;2;0;166;147;12;7;27;2575;2111;464;421;31;11;1
2406;94 jaar;2001;2708;2194;514;306;208;76;71;4;0;1;220;207;12;1;0;190;165;23;2;28;2708;2194;514;469;41;3;1
2407;94 jaar;2002;2773;2306;467;271;196;62;61;1;0;0;196;183;12;1;0;182;164;17;1;27;2773;2306;467;430;34;2;1
2408;94 jaar;2003;2952;2430;522;325;197;63;60;2;0;1;257;241;14;2;0;178;150;24;4;24;2952;2430;522;472;42;6;2
2409;94 jaar;2004;3141;2650;491;309;182;62;57;5;0;0;243;236;5;2;0;170;148;18;4;16;3141;2650;491;455;30;6;0
2410;94 jaar;2005;3270;2725;545;325;220;61;56;2;3;0;259;251;8;0;0;207;190;15;2;18;3270;2725;545;510;30;4;1
2411;94 jaar;2006;3417;2874;543;341;202;53;53;0;0;0;276;267;7;2;0;193;175;18;0;21;3417;2874;543;513;28;2;0
2412;94 jaar;2007;3709;3141;568;373;195;64;59;3;1;1;305;285;19;1;0;170;153;15;2;29;3709;3141;568;521;39;5;3
2413;94 jaar;2008;4081;3440;641;439;202;76;73;3;0;0;352;338;14;0;0;185;166;16;3;28;4081;3440;641;602;36;2;1
2414;94 jaar;2009;4413;3758;655;439;216;58;51;4;3;0;373;361;9;3;0;197;176;19;2;27;4413;3758;655;608;36;8;3
2415;94 jaar;2010;4213;3608;605;413;192;53;51;2;0;0;354;345;9;0;0;181;160;19;2;17;4213;3608;605;568;34;3;0
2416;94 jaar;2011;4486;3745;741;454;287;53;51;2;0;0;390;378;11;0;1;273;247;25;1;25;4486;3745;741;698;39;1;3
2417;94 jaar;2012;4859;4109;750;488;262;45;44;1;0;0;436;421;14;1;0;246;229;15;2;23;4859;4109;750;714;31;3;2
2418;94 jaar;2013;4941;4184;757;502;255;45;44;1;0;0;446;439;6;1;0;247;226;19;2;19;4941;4184;757;723;28;4;2
2419;94 jaar;2014;5020;4251;769;505;264;42;41;1;0;0;465;445;18;0;2;243;227;15;1;19;5020;4251;769;730;35;2;2
2420;94 jaar;2015;6446;5429;1017;661;356;44;42;2;0;0;624;602;21;1;0;332;306;22;4;17;6446;5429;1017;962;47;4;4
2421;94 jaar;2016;6705;5627;1078;733;345;61;55;4;1;1;680;654;22;4;0;313;287;23;3;24;6705;5627;1078;1018;49;9;2
2422;94 jaar;2017;6952;5920;1032;702;330;62;58;3;0;1;646;626;19;1;0;306;286;19;1;18;6952;5920;1032;981;46;4;1
2423;94 jaar;2018;7393;6173;1220;868;352;56;52;3;1;0;814;790;22;2;0;324;293;28;3;26;7393;6173;1220;1153;56;10;1
2424;94 jaar;2019;7413;6275;1138;787;351;52;50;2;0;0;742;723;16;3;0;330;314;14;2;14;7413;6275;1138;1098;33;5;2
2425;94 jaar;2020;7353;6130;1223;903;320;68;64;3;0;1;845;823;21;1;0;294;275;19;0;16;7353;6130;1223;1172;45;3;3
2426;94 jaar;2021;7479;6259;1220;857;363;66;63;2;1;0;801;777;22;2;0;336;303;31;2;17;7479;6259;1220;1154;58;8;0
2427;94 jaar;2022;7435;6165;1270;896;374;66;64;2;0;0;834;809;24;1;0;347;319;23;5;23;7435;6165;1270;1208;51;10;1
2428;94 jaar;2023;7594;6329;1265;891;374;66;61;4;1;0;856;816;34;6;0;329;306;18;5;14;7594;6329;1265;1188;60;15;2
2429;94 jaar;2024;7518;6227;1291;955;336;66;64;1;1;0;906;871;33;2;0;299;282;17;0;20;7518;6227;1291;1231;53;7;0
2430;95 jaar of ouder;1995;3454;2670;784;388;396;158;152;2;1;3;202;186;14;2;0;374;306;56;12;50;3454;2670;784;683;77;16;8
2431;95 jaar of ouder;1996;3529;2763;766;357;409;157;148;6;2;1;174;161;8;4;1;387;316;59;12;48;3529;2763;766;668;75;18;5
2432;95 jaar of ouder;1997;3883;3068;815;392;423;172;164;7;1;0;193;181;12;0;0;403;339;56;8;47;3883;3068;815;722;81;9;3
2433;95 jaar of ouder;1998;4126;3260;866;447;419;181;176;4;0;1;241;222;15;4;0;395;339;46;10;49;4126;3260;866;776;73;14;3
2434;95 jaar of ouder;1999;4392;3502;890;466;424;192;183;7;2;0;263;244;16;3;0;396;342;43;11;39;4392;3502;890;800;70;18;2
2435;95 jaar of ouder;2000;4700;3801;899;464;435;172;162;7;2;1;272;257;14;1;0;410;353;45;12;45;4700;3801;899;804;74;19;2
2436;95 jaar of ouder;2001;4914;4074;840;420;420;136;129;4;1;2;265;245;18;2;0;393;345;36;12;46;4914;4074;840;760;61;16;3
2437;95 jaar of ouder;2002;5209;4322;887;466;421;140;130;5;2;3;297;277;19;1;0;391;344;40;7;59;5209;4322;887;795;72;13;7
2438;95 jaar of ouder;2003;5408;4577;831;418;413;122;114;4;1;3;283;259;22;2;0;381;335;41;5;45;5408;4577;831;746;74;8;3
2439;95 jaar of ouder;2004;5636;4764;872;466;406;131;127;3;0;1;312;292;17;3;0;382;328;48;6;47;5636;4764;872;787;73;10;2
2440;95 jaar of ouder;2005;6078;5140;938;515;423;171;160;9;1;1;339;318;18;3;0;391;345;40;6;37;6078;5140;938;856;71;10;1
2441;95 jaar of ouder;2006;6590;5599;991;515;476;138;127;7;3;1;372;355;16;1;0;448;398;43;7;33;6590;5599;991;907;72;10;2
2442;95 jaar of ouder;2007;6916;5912;1004;540;464;114;112;1;1;0;397;381;15;1;0;446;403;38;5;47;6916;5912;1004;930;65;7;2
2443;95 jaar of ouder;2008;7516;6454;1062;577;485;129;120;7;1;1;444;417;24;3;0;449;409;36;4;40;7516;6454;1062;979;74;7;2
2444;95 jaar of ouder;2009;8037;6887;1150;662;488;142;133;6;3;0;502;475;26;1;0;452;406;40;6;54;8037;6887;1150;1060;79;10;1
2445;95 jaar of ouder;2010;8749;7566;1183;706;477;160;149;9;2;0;543;521;20;2;0;444;395;46;3;36;8749;7566;1183;1089;86;7;1
2446;95 jaar of ouder;2011;8992;7720;1272;648;624;77;74;3;0;0;555;534;19;2;0;600;555;42;3;40;8992;7720;1272;1195;68;9;0
2447;95 jaar of ouder;2012;9634;8266;1368;711;657;103;97;4;2;0;590;569;19;1;1;630;582;46;2;45;9634;8266;1368;1279;75;10;4
2448;95 jaar of ouder;2013;10180;8804;1376;700;676;106;94;9;1;2;592;567;23;2;0;639;593;43;3;39;10180;8804;1376;1282;82;7;5
2449;95 jaar of ouder;2014;9452;8097;1355;683;672;85;80;3;0;2;587;571;13;3;0;651;614;35;2;32;9452;8097;1355;1289;52;9;5
2450;95 jaar of ouder;2015;10463;9054;1409;754;655;77;69;5;2;1;681;655;22;2;2;621;583;36;2;30;10463;9054;1409;1332;66;6;5
2451;95 jaar of ouder;2016;11827;10262;1565;872;693;76;69;6;0;1;801;773;25;1;2;658;612;42;4;30;11827;10262;1565;1479;73;8;5
2452;95 jaar of ouder;2017;13252;11546;1706;982;724;92;84;7;0;1;891;863;22;6;0;688;637;45;6;35;13252;11546;1706;1612;75;16;3
2453;95 jaar of ouder;2018;13670;11921;1749;993;756;98;88;6;3;1;895;870;22;3;0;721;674;43;4;35;13670;11921;1749;1658;77;13;1
2454;95 jaar of ouder;2019;14400;12514;1886;1091;795;106;98;7;1;0;999;964;32;3;0;752;710;38;4;29;14400;12514;1886;1787;84;13;2
2455;95 jaar of ouder;2020;14871;12922;1949;1142;807;102;91;6;3;2;1050;1024;22;4;0;770;732;34;4;27;14871;12922;1949;1866;66;15;2
2456;95 jaar of ouder;2021;15016;13030;1986;1216;770;105;97;7;0;1;1126;1091;32;3;0;727;682;42;3;28;15016;13030;1986;1888;83;14;1
2457;95 jaar of ouder;2022;15188;13137;2051;1243;808;109;102;5;1;1;1149;1115;31;3;0;767;717;46;4;26;15188;13137;2051;1950;86;14;1
2458;95 jaar of ouder;2023;14649;12628;2021;1237;784;121;112;6;2;1;1142;1103;36;3;0;736;687;44;5;22;14649;12628;2021;1917;86;16;2
2459;95 jaar of ouder;2024;14576;12544;2032;1262;770;134;126;8;0;0;1160;1113;40;7;0;715;670;38;7;23;14576;12544;2032;1919;90;19;4
