ID;RegioS;Perioden;TotaalUitgesprokenSchuldsaneringen_1;DirectDefinitief_2;NaVoorafgaandeVoorlopigeToepassing_3;NatuurlijkePersonenTotaal_4;NatuurlijkePersonenMetBedrijf_5;NatuurlijkePersonenZonderBedrijf_6;TotaalUitgesprokenSchuldsaneringen_7;TotaalBeeindigd_8;BeeindigdDoorSchoneLei_9;BeeindigdDoorAkkoord_10;BeeindigdDoorFaillissement_11;OverigeBeeindigingen_12;NogNietBeeindigd_13;TotaalUitgesprokenSchuldsaneringen_14;JongerDan25Jaar_15;k_25Tot35Jaar_16;k_35Tot45Jaar_17;k_45Tot55Jaar_18;k_55Tot65Jaar_19;k_65JaarEnOuder_20;Onbekend_21
0;Nederland;1999 1e kwartaal;949;868;81.0;949;322;627;949;949;640;102;156;51;0;949;42;292;318;224;59;13;1
1;Nederland;1999 2e kwartaal;1479;1425;54.0;1479;354;1125;1479;1479;1049;120;223;87;0;1479;86;457;523;302;94;16;1
2;Nederland;1999 3e kwartaal;1829;1773;56.0;1829;355;1474;1829;1829;1281;114;296;138;0;1829;97;585;610;367;142;27;1
3;Nederland;1999 4e kwartaal;2126;2032;94.0;2126;316;1810;2126;2126;1480;124;350;172;0;2126;129;721;696;414;138;28;0
4;Nederland;1999;6383;6098;285.0;6383;1347;5036;6383;6383;4450;460;1025;448;0;6383;354;2055;2147;1307;433;84;3
5;Nederland;2000 1e kwartaal;2258;2175;83.0;2258;319;1939;2258;2258;1636;106;340;176;0;2258;125;747;760;461;129;36;0
6;Nederland;2000 2e kwartaal;2038;1970;68.0;2038;248;1790;2038;2038;1496;74;285;183;0;2038;131;706;642;398;136;25;0
7;Nederland;2000 3e kwartaal;2146;2046;100.0;2146;252;1894;2146;2146;1599;78;301;168;0;2146;130;680;733;412;159;32;0
8;Nederland;2000 4e kwartaal;2226;2137;89.0;2226;315;1911;2226;2226;1552;89;352;233;0;2226;139;762;737;417;139;32;0
9;Nederland;2000;8668;8328;340.0;8668;1134;7534;8668;8668;6283;347;1278;760;0;8668;525;2895;2872;1688;563;125;0
10;Nederland;2001 1e kwartaal;2155;2059;96.0;2155;450;1705;2155;2155;1471;77;350;257;0;2155;137;723;723;396;142;34;0
11;Nederland;2001 2e kwartaal;2173;2091;82.0;2173;384;1789;2173;2173;1541;57;349;226;0;2173;144;719;725;428;133;24;0
12;Nederland;2001 3e kwartaal;2114;2007;107.0;2114;364;1750;2114;2114;1467;51;319;277;0;2114;147;643;693;446;158;27;0
13;Nederland;2001 4e kwartaal;2228;2103;125.0;2228;366;1862;2228;2228;1566;63;344;255;0;2228;167;763;713;411;143;31;0
14;Nederland;2001;8670;8260;410.0;8670;1564;7106;8670;8670;6045;248;1362;1015;0;8670;595;2848;2854;1681;576;116;0
15;Nederland;2002 1e kwartaal;2185;2056;129.0;2185;340;1845;2185;2185;1514;44;363;264;0;2185;186;744;719;375;126;35;0
16;Nederland;2002 2e kwartaal;2263;2130;133.0;2263;360;1903;2263;2263;1537;40;389;297;0;2263;168;747;756;397;166;29;0
17;Nederland;2002 3e kwartaal;2515;2377;138.0;2515;444;2071;2515;2515;1736;46;421;312;0;2515;168;807;836;479;194;31;0
18;Nederland;2002 4e kwartaal;2515;2399;116.0;2515;402;2113;2515;2515;1716;40;452;307;0;2515;188;819;867;450;167;24;0
19;Nederland;2002;9478;8962;516.0;9478;1546;7932;9478;9478;6503;170;1625;1180;0;9478;710;3117;3178;1701;653;119;0
20;Nederland;2003 1e kwartaal;2520;2376;144.0;2520;431;2089;2520;2520;1756;45;427;292;0;2520;193;834;835;463;161;34;0
21;Nederland;2003 2e kwartaal;2639;2506;133.0;2639;433;2206;2639;2639;1799;49;506;285;0;2639;182;897;864;528;144;24;0
22;Nederland;2003 3e kwartaal;2559;2468;91.0;2559;425;2134;2559;2559;1822;30;434;273;0;2559;184;850;824;494;160;47;0
23;Nederland;2003 4e kwartaal;2887;2762;125.0;2887;485;2402;2887;2887;2037;41;514;295;0;2887;224;947;921;540;213;42;0
24;Nederland;2003;10605;10112;493.0;10605;1774;8831;10605;10605;7414;165;1881;1145;0;10605;783;3528;3444;2025;678;147;0
25;Nederland;2004 1e kwartaal;3439;3303;136.0;3439;550;2889;3439;3439;2450;61;587;341;0;3439;251;1093;1101;684;264;46;0
26;Nederland;2004 2e kwartaal;3581;3440;141.0;3581;604;2977;3581;3581;2491;81;634;375;0;3581;254;1074;1180;732;280;61;0
27;Nederland;2004 3e kwartaal;3402;3321;81.0;3402;619;2783;3402;3402;2399;90;609;304;0;3402;224;1005;1121;714;279;59;0
28;Nederland;2004 4e kwartaal;3600;3492;108.0;3600;593;3007;3600;3600;2598;76;561;365;0;3600;215;1069;1189;771;301;55;0
29;Nederland;2004;14022;13556;466.0;14022;2366;11656;14022;14022;9938;308;2391;1385;0;14022;944;4241;4591;2901;1124;221;0
30;Nederland;2005 1e kwartaal;3876;3771;105.0;3876;628;3248;3876;3876;2797;98;617;364;0;3876;249;1088;1275;835;352;77;0
31;Nederland;2005 2e kwartaal;3647;3517;130.0;3647;495;3152;3647;3647;2637;68;563;379;0;3647;236;1046;1173;778;344;70;0
32;Nederland;2005 3e kwartaal;3404;3285;119.0;3404;531;2873;3404;3404;2477;79;516;332;0;3404;182;943;1130;747;332;70;0
33;Nederland;2005 4e kwartaal;3729;3593;136.0;3729;541;3188;3729;3729;2712;118;462;437;0;3729;182;1031;1233;823;372;88;0
34;Nederland;2005;14656;14166;490.0;14656;2195;12461;14656;14656;10623;363;2158;1512;0;14656;849;4108;4811;3183;1400;305;0
35;Nederland;2006 1e kwartaal;3783;3650;133.0;3783;594;3189;3783;3783;2802;91;436;454;0;3783;186;977;1273;891;363;93;0
36;Nederland;2006 2e kwartaal;3885;3748;137.0;3885;599;3286;3885;3885;2798;108;452;527;0;3885;201;1041;1267;879;415;82;0
37;Nederland;2006 3e kwartaal;3501;3381;120.0;3501;556;2945;3501;3501;2545;90;333;533;0;3501;171;919;1140;795;379;97;0
38;Nederland;2006 4e kwartaal;3761;3605;156.0;3761;485;3276;3761;3761;2774;88;299;600;0;3761;172;994;1239;864;400;92;0
39;Nederland;2006;14930;14384;546.0;14930;2234;12696;14930;14930;10919;377;1520;2114;0;14930;730;3931;4919;3429;1557;364;0
40;Nederland;2007 1e kwartaal;4146;3965;181.0;4146;595;3551;4146;4146;3036;95;293;722;0;4146;184;1001;1428;1013;427;93;0
41;Nederland;2007 2e kwartaal;3640;3504;136.0;3640;543;3097;3640;3640;2647;75;234;684;0;3640;167;920;1156;892;402;103;0
42;Nederland;2007 3e kwartaal;3603;3439;164.0;3603;496;3107;3603;3603;2608;75;235;685;0;3603;155;842;1214;866;422;104;0
43;Nederland;2007 4e kwartaal;3557;3421;136.0;3557;463;3094;3557;3557;2583;72;225;677;0;3557;162;833;1150;924;390;98;0
44;Nederland;2007;14946;14329;617.0;14946;2097;12849;14946;14946;10874;317;987;2768;0;14946;668;3596;4948;3695;1641;398;0
45;Nederland;2008 1e kwartaal;2799;2799;;2799;473;2326;2799;2799;2113;74;164;448;0;2799;102;682;942;699;308;66;0
46;Nederland;2008 2e kwartaal;2255;2255;;2255;346;1909;2255;2255;1687;62;121;385;0;2255;95;530;790;528;259;53;0
47;Nederland;2008 3e kwartaal;2086;2086;;2086;334;1752;2086;2086;1610;67;119;290;0;2086;70;504;678;525;250;59;0
48;Nederland;2008 4e kwartaal;2067;2067;;2067;319;1748;2067;2067;1566;52;128;321;0;2067;77;498;693;496;246;57;0
49;Nederland;2008;9207;9207;;9207;1472;7735;9207;9207;6976;255;532;1444;0;9207;344;2214;3103;2248;1063;235;0
50;Nederland;2009 1e kwartaal;2274;2274;;2274;384;1890;2274;2274;1777;70;115;312;0;2274;84;576;762;557;235;58;2
51;Nederland;2009 2e kwartaal;1978;1978;;1978;399;1579;1978;1978;1549;71;79;279;0;1978;72;455;671;487;241;52;0
52;Nederland;2009 3e kwartaal;2263;2263;;2263;442;1821;2263;2263;1733;55;116;359;0;2263;74;557;764;550;262;56;0
53;Nederland;2009 4e kwartaal;2452;2452;;2452;516;1936;2452;2451;1849;42;153;407;1;2452;75;615;821;612;271;58;0
54;Nederland;2009;8967;8967;;8967;1741;7226;8967;8966;6908;238;463;1357;1;8967;305;2203;3018;2206;1009;224;2
55;Nederland;2010 1e kwartaal;2692;2692;;2692;552;2140;2692;2692;2033;61;166;432;0;2692;81;668;911;689;290;53;0
56;Nederland;2010 2e kwartaal;2433;2433;;2433;520;1913;2433;2433;1877;45;139;372;0;2433;85;593;821;628;256;50;0
57;Nederland;2010 3e kwartaal;2723;2723;;2723;502;2221;2723;2723;2119;58;136;410;0;2723;82;661;892;706;315;66;1
58;Nederland;2010 4e kwartaal;3537;3537;;3537;684;2853;3537;3536;2743;84;148;561;1;3537;116;856;1163;952;383;67;0
59;Nederland;2010;11385;11385;;11385;2258;9127;11385;11384;8772;248;589;1775;1;11385;364;2778;3787;2975;1244;236;1
60;Nederland;2011 1e kwartaal;3334;3334;;3334;619;2715;3334;3334;2625;58;147;504;0;3334;107;845;1054;866;384;78;0
61;Nederland;2011 2e kwartaal;3812;3812;;3812;689;3123;3812;3810;2919;65;222;604;2;3812;119;906;1259;972;483;73;0
62;Nederland;2011 3e kwartaal;3618;3618;;3618;636;2982;3618;3617;2826;47;160;584;1;3618;129;896;1154;935;431;73;0
63;Nederland;2011 4e kwartaal;3963;3963;;3963;724;3239;3963;3957;3078;58;190;631;6;3963;93;977;1260;1055;480;98;0
64;Nederland;2011;14727;14727;;14727;2668;12059;14727;14718;11448;228;719;2323;9;14727;448;3624;4727;3828;1778;322;0
65;Nederland;2012 1e kwartaal;3687;3687;;3687;689;2998;3687;3662;2879;46;159;578;25;3687;97;859;1176;1014;449;92;0
66;Nederland;2012 2e kwartaal;3151;3151;;3151;600;2551;3151;3114;2448;45;133;488;37;3151;84;733;962;884;409;79;0
67;Nederland;2012 3e kwartaal;3424;3424;;3424;702;2722;3424;3393;2718;47;125;503;31;3424;89;774;1003;999;474;85;0
68;Nederland;2012 4e kwartaal;3501;3501;;3501;621;2880;3501;3447;2766;66;113;502;54;3501;71;801;1102;951;469;107;0
69;Nederland;2012;13763;13763;;13763;2612;11151;13763;13616;10811;204;530;2071;147;13763;341;3167;4243;3848;1801;363;0
70;Nederland;2013 1e kwartaal;3448;3448;;3448;712;2736;3448;3354;2715;46;103;490;94;3448;77;771;1118;940;434;108;0
71;Nederland;2013 2e kwartaal;2861;2861;;2861;592;2269;2861;2773;2301;32;89;351;88;2861;75;656;903;750;390;87;0
72;Nederland;2013 3e kwartaal;2942;2942;;2942;677;2265;2942;2802;2300;63;85;354;140;2942;55;624;927;848;388;100;0
73;Nederland;2013 4e kwartaal;3110;3110;;3110;630;2480;3110;2932;2453;41;67;371;178;3110;65;663;943;888;450;101;0
74;Nederland;2013;12361;12361;;12361;2611;9750;12361;11861;9769;182;344;1566;500;12361;272;2714;3891;3426;1662;396;0
75;Nederland;2014 1e kwartaal;3351;3351;;3351;714;2637;3351;3058;2577;47;54;380;293;3351;50;690;1037;962;484;127;1
76;Nederland;2014 2e kwartaal;3073;3073;;3073;659;2414;3073;2761;2301;69;41;350;312;3073;60;690;909;893;435;85;1
77;Nederland;2014 3e kwartaal;2886;2886;;2886;551;2335;2886;2384;2012;39;24;309;502;2886;82;613;845;871;376;99;0
78;Nederland;2014 4e kwartaal;2954;2954;;2954;610;2344;2954;1567;1238;38;40;251;1387;2954;61;635;853;809;478;118;0
79;Nederland;2014;12264;12264;;12264;2534;9730;12264;9770;8128;193;159;1290;2494;12264;253;2628;3644;3535;1773;429;2
80;Nederland;2015 1e kwartaal;3034;3034;;3034;575;2459;3034;686;337;53;38;258;2348;3034;42;640;873;902;450;127;0
81;Nederland;2015 2e kwartaal;2892;2892;;2892;579;2313;2892;558;264;33;48;213;2334;2892;60;585;779;908;457;103;0
82;Nederland;2015 3e kwartaal;2900;2900;;2900;597;2303;2900;536;266;42;32;196;2364;2900;45;580;902;875;392;106;0
83;Nederland;2015 4e kwartaal;2877;2877;;2877;595;2282;2877;410;201;31;27;151;2467;2877;45;588;870;861;411;102;0
84;Nederland;2015;11703;11703;;11703;2346;9357;11703;2190;1068;159;145;818;9513;11703;192;2393;3424;3546;1710;438;0
85;Nederland;2016 1e kwartaal;2653;2653;;2653;526;2127;2653;328;166;25;12;125;2325;2653;38;580;766;795;383;91;0
86;Nederland;2016 2e kwartaal;2283;2283;;2283;432;1851;2283;229;107;17;7;98;2054;2283;36;476;673;686;337;75;0
87;Nederland;2016 3e kwartaal;2358;2358;;2358;432;1926;2358;178;91;14;7;66;2180;2358;29;414;680;797;354;84;0
88;Nederland;2016 4e kwartaal;2506;2506;;2506;453;2053;2506;95;22;16;6;51;2411;2506;24;449;741;798;394;100;0
89;Nederland;2016;9800;9800;;9800;1843;7957;9800;830;386;72;32;340;8970;9800;127;1919;2860;3076;1468;350;0
90;Nederland;2017 1e kwartaal;2353;2353;;2353;413;1940;2353;41;0;6;3;32;2312;2353;26;435;722;713;355;102;0
91;Nederland;2017 2e kwartaal;2125;2125;;2125;364;1761;2125;17;0;3;0;14;2108;2125;26;415;603;634;365;82;0
92;Nederland;2017 3e kwartaal;1988;1988;;1988;321;1667;1988;13;0;1;2;10;1975;1988;22;367;588;615;312;84;0
93;Nederland;2017 4e kwartaal;1891;1891;;1891;304;1587;1891;0;0;0;0;0;1891;1891;36;401;511;548;312;83;0
94;Nederland;2017;8357;8357;;8357;1402;6955;8357;71;0;10;5;56;8286;8357;110;1618;2424;2510;1344;351;0
95;Noord-Nederland (LD);1999 1e kwartaal;93;88;5.0;93;34;59;93;93;60;17;14;2;0;93;3;27;34;21;8;0;0
96;Noord-Nederland (LD);1999 2e kwartaal;115;101;14.0;115;28;87;115;115;83;6;18;8;0;115;3;39;37;27;7;2;0
97;Noord-Nederland (LD);1999 3e kwartaal;183;181;2.0;183;29;154;183;183;138;23;14;8;0;183;6;63;59;42;13;0;0
98;Noord-Nederland (LD);1999 4e kwartaal;211;199;12.0;211;35;176;211;211;144;22;32;13;0;211;9;88;66;32;15;1;0
99;Noord-Nederland (LD);1999;602;569;33.0;602;126;476;602;602;425;68;78;31;0;602;21;217;196;122;43;3;0
100;Noord-Nederland (LD);2000 1e kwartaal;286;279;7.0;286;44;242;286;286;206;7;52;21;0;286;18;74;106;60;20;8;0
101;Noord-Nederland (LD);2000 2e kwartaal;241;229;12.0;241;35;206;241;241;177;16;30;18;0;241;14;81;88;43;8;7;0
102;Noord-Nederland (LD);2000 3e kwartaal;218;196;22.0;218;33;185;218;218;156;7;44;11;0;218;14;58;80;46;14;6;0
103;Noord-Nederland (LD);2000 4e kwartaal;219;217;2.0;219;32;187;219;219;148;13;38;20;0;219;22;65;75;43;11;3;0
104;Noord-Nederland (LD);2000;964;921;43.0;964;144;820;964;964;687;43;164;70;0;964;68;278;349;192;53;24;0
105;Noord-Nederland (LD);2001 1e kwartaal;249;236;13.0;249;58;191;249;249;182;22;26;19;0;249;12;76;84;52;16;9;0
106;Noord-Nederland (LD);2001 2e kwartaal;235;230;5.0;235;44;191;235;235;154;13;37;31;0;235;14;65;86;50;18;2;0
107;Noord-Nederland (LD);2001 3e kwartaal;223;211;12.0;223;43;180;223;223;130;11;34;48;0;223;21;70;77;36;17;2;0
108;Noord-Nederland (LD);2001 4e kwartaal;235;223;12.0;235;55;180;235;235;162;11;35;27;0;235;16;79;73;50;14;3;0
109;Noord-Nederland (LD);2001;942;900;42.0;942;200;742;942;942;628;57;132;125;0;942;63;290;320;188;65;16;0
110;Noord-Nederland (LD);2002 1e kwartaal;268;253;15.0;268;56;212;268;268;206;8;35;19;0;268;22;86;89;45;24;2;0
111;Noord-Nederland (LD);2002 2e kwartaal;243;224;19.0;243;48;195;243;243;171;8;51;13;0;243;26;68;83;52;12;2;0
112;Noord-Nederland (LD);2002 3e kwartaal;238;228;10.0;238;58;180;238;238;181;9;31;17;0;238;18;83;78;36;23;0;0
113;Noord-Nederland (LD);2002 4e kwartaal;232;222;10.0;232;57;175;232;232;177;7;39;9;0;232;18;76;77;43;15;3;0
114;Noord-Nederland (LD);2002;981;927;54.0;981;219;762;981;981;735;32;156;58;0;981;84;313;327;176;74;7;0
115;Noord-Nederland (LD);2003 1e kwartaal;257;239;18.0;257;59;198;257;257;200;3;36;18;0;257;23;78;92;46;14;4;0
116;Noord-Nederland (LD);2003 2e kwartaal;302;285;17.0;302;72;230;302;302;239;6;41;16;0;302;17;112;92;65;14;2;0
117;Noord-Nederland (LD);2003 3e kwartaal;220;202;18.0;220;61;159;220;220;171;11;28;10;0;220;15;75;71;43;10;6;0
118;Noord-Nederland (LD);2003 4e kwartaal;298;284;14.0;298;48;250;298;298;230;4;39;25;0;298;27;91;93;58;26;3;0
119;Noord-Nederland (LD);2003;1077;1010;67.0;1077;240;837;1077;1077;840;24;144;69;0;1077;82;356;348;212;64;15;0
120;Noord-Nederland (LD);2004 1e kwartaal;391;368;23.0;391;97;294;391;391;290;20;51;30;0;391;31;141;106;81;31;1;0
121;Noord-Nederland (LD);2004 2e kwartaal;374;344;30.0;374;85;289;374;374;286;21;46;21;0;374;35;112;136;60;25;6;0
122;Noord-Nederland (LD);2004 3e kwartaal;363;351;12.0;363;108;255;363;363;262;22;56;23;0;363;17;112;120;82;26;6;0
123;Noord-Nederland (LD);2004 4e kwartaal;412;395;17.0;412;92;320;412;412;307;19;49;37;0;412;26;149;130;81;21;5;0
124;Noord-Nederland (LD);2004;1540;1458;82.0;1540;382;1158;1540;1540;1145;82;202;111;0;1540;109;514;492;304;103;18;0
125;Noord-Nederland (LD);2005 1e kwartaal;440;426;14.0;440;94;346;440;440;331;23;51;35;0;440;35;130;147;86;35;7;0
126;Noord-Nederland (LD);2005 2e kwartaal;417;395;22.0;417;80;337;417;417;313;19;53;32;0;417;30;139;141;66;30;11;0
127;Noord-Nederland (LD);2005 3e kwartaal;357;341;16.0;357;97;260;357;357;267;14;37;39;0;357;22;106;109;74;44;2;0
128;Noord-Nederland (LD);2005 4e kwartaal;459;439;20.0;459;96;363;459;459;330;35;49;45;0;459;32;144;146;91;37;9;0
129;Noord-Nederland (LD);2005;1673;1601;72.0;1673;367;1306;1673;1673;1241;91;190;151;0;1673;119;519;543;317;146;29;0
130;Noord-Nederland (LD);2006 1e kwartaal;351;338;13.0;351;80;271;351;351;247;17;38;49;0;351;21;107;121;65;35;2;0
131;Noord-Nederland (LD);2006 2e kwartaal;388;373;15.0;388;86;302;388;388;269;36;43;40;0;388;26;121;118;80;35;8;0
132;Noord-Nederland (LD);2006 3e kwartaal;357;345;12.0;357;72;285;357;357;255;16;31;55;0;357;15;101;102;80;47;12;0
133;Noord-Nederland (LD);2006 4e kwartaal;367;350;17.0;367;71;296;367;367;282;17;21;47;0;367;31;93;123;77;38;5;0
134;Noord-Nederland (LD);2006;1463;1406;57.0;1463;309;1154;1463;1463;1053;86;133;191;0;1463;93;422;464;302;155;27;0
135;Noord-Nederland (LD);2007 1e kwartaal;425;408;17.0;425;100;325;425;425;311;23;23;68;0;425;19;119;146;89;42;10;0
136;Noord-Nederland (LD);2007 2e kwartaal;373;362;11.0;373;92;281;373;373;268;21;20;64;0;373;19;90;122;95;37;10;0
137;Noord-Nederland (LD);2007 3e kwartaal;365;356;9.0;365;70;295;365;365;270;12;20;63;0;365;16;117;117;71;40;4;0
138;Noord-Nederland (LD);2007 4e kwartaal;331;319;12.0;331;65;266;331;331;241;18;18;54;0;331;25;99;106;83;12;6;0
139;Noord-Nederland (LD);2007;1494;1445;49.0;1494;327;1167;1494;1494;1090;74;81;249;0;1494;79;425;491;338;131;30;0
140;Noord-Nederland (LD);2008 1e kwartaal;281;281;;281;70;211;281;281;195;22;18;46;0;281;11;87;87;65;26;5;0
141;Noord-Nederland (LD);2008 2e kwartaal;209;209;;209;57;152;209;209;161;21;2;25;0;209;10;56;64;51;23;5;0
142;Noord-Nederland (LD);2008 3e kwartaal;217;217;;217;75;142;217;217;160;29;12;16;0;217;6;43;77;61;26;4;0
143;Noord-Nederland (LD);2008 4e kwartaal;278;278;;278;76;202;278;278;222;17;9;30;0;278;11;78;103;55;26;5;0
144;Noord-Nederland (LD);2008;985;985;;985;278;707;985;985;738;89;41;117;0;985;38;264;331;232;101;19;0
145;Noord-Nederland (LD);2009 1e kwartaal;294;294;;294;81;213;294;294;224;25;16;29;0;294;16;79;101;61;32;5;0
146;Noord-Nederland (LD);2009 2e kwartaal;282;282;;282;90;192;282;282;210;40;8;24;0;282;11;74;96;66;26;9;0
147;Noord-Nederland (LD);2009 3e kwartaal;307;307;;307;73;234;307;307;227;26;5;49;0;307;15;89;107;58;32;6;0
148;Noord-Nederland (LD);2009 4e kwartaal;354;354;;354;124;230;354;354;276;22;8;48;0;354;14;98;108;84;42;8;0
149;Noord-Nederland (LD);2009;1237;1237;;1237;368;869;1237;1237;937;113;37;150;0;1237;56;340;412;269;132;28;0
150;Noord-Nederland (LD);2010 1e kwartaal;390;390;;390;105;285;390;390;294;24;14;58;0;390;11;96;130;112;37;4;0
151;Noord-Nederland (LD);2010 2e kwartaal;329;329;;329;100;229;329;329;252;19;10;48;0;329;17;92;116;76;20;8;0
152;Noord-Nederland (LD);2010 3e kwartaal;322;322;;322;87;235;322;322;247;21;13;41;0;322;16;75;118;76;29;8;0
153;Noord-Nederland (LD);2010 4e kwartaal;419;419;;419;124;295;419;419;341;31;7;40;0;419;21;94;143;111;41;9;0
154;Noord-Nederland (LD);2010;1460;1460;;1460;416;1044;1460;1460;1134;95;44;187;0;1460;65;357;507;375;127;29;0
155;Noord-Nederland (LD);2011 1e kwartaal;473;473;;473;132;341;473;473;385;21;10;57;0;473;20;135;156;116;35;11;0
156;Noord-Nederland (LD);2011 2e kwartaal;539;539;;539;127;412;539;539;439;25;16;59;0;539;21;128;180;134;69;7;0
157;Noord-Nederland (LD);2011 3e kwartaal;464;464;;464;104;360;464;464;389;9;8;58;0;464;21;116;161;118;44;4;0
158;Noord-Nederland (LD);2011 4e kwartaal;503;503;;503;112;391;503;503;432;8;12;51;0;503;19;135;152;144;45;8;0
159;Noord-Nederland (LD);2011;1979;1979;;1979;475;1504;1979;1979;1645;63;46;225;0;1979;81;514;649;512;193;30;0
160;Noord-Nederland (LD);2012 1e kwartaal;552;552;;552;115;437;552;552;452;14;14;72;0;552;25;143;178;141;55;10;0
161;Noord-Nederland (LD);2012 2e kwartaal;508;508;;508;120;388;508;508;415;19;10;64;0;508;14;128;150;153;50;13;0
162;Noord-Nederland (LD);2012 3e kwartaal;550;550;;550;127;423;550;548;452;13;9;74;2;550;15;130;173;154;66;12;0
163;Noord-Nederland (LD);2012 4e kwartaal;557;557;;557;113;444;557;555;451;31;6;67;2;557;13;142;176;144;63;19;0
164;Noord-Nederland (LD);2012;2167;2167;;2167;475;1692;2167;2163;1770;77;39;277;4;2167;67;543;677;592;234;54;0
165;Noord-Nederland (LD);2013 1e kwartaal;604;604;;604;148;456;604;601;501;24;19;57;3;604;14;147;210;158;66;9;0
166;Noord-Nederland (LD);2013 2e kwartaal;485;485;;485;131;354;485;480;405;8;8;59;5;485;22;130;136;105;79;13;0
167;Noord-Nederland (LD);2013 3e kwartaal;548;548;;548;141;407;548;543;434;27;12;70;5;548;11;126;170;152;69;20;0
168;Noord-Nederland (LD);2013 4e kwartaal;457;457;;457;123;334;457;446;388;19;5;34;11;457;15;76;148;137;65;16;0
169;Noord-Nederland (LD);2013;2094;2094;;2094;543;1551;2094;2070;1728;78;44;220;24;2094;62;479;664;552;279;58;0
170;Noord-Nederland (LD);2014 1e kwartaal;669;669;;669;142;527;669;649;558;21;10;60;20;669;13;126;214;203;92;21;0
171;Noord-Nederland (LD);2014 2e kwartaal;648;648;;648;162;486;648;604;508;40;3;53;44;648;15;155;194;194;78;12;0
172;Noord-Nederland (LD);2014 3e kwartaal;548;548;;548;108;440;548;495;431;20;4;40;53;548;27;108;165;161;64;23;0
173;Noord-Nederland (LD);2014 4e kwartaal;541;541;;541;113;428;541;354;293;20;6;35;187;541;11;125;154;152;84;15;0
174;Noord-Nederland (LD);2014;2406;2406;;2406;525;1881;2406;2102;1790;101;23;188;304;2406;66;514;727;710;318;71;0
175;Noord-Nederland (LD);2015 1e kwartaal;603;603;;603;121;482;603;153;79;22;4;48;450;603;14;128;196;174;76;15;0
176;Noord-Nederland (LD);2015 2e kwartaal;513;513;;513;126;387;513;114;58;21;3;32;399;513;20;106;133;159;81;14;0
177;Noord-Nederland (LD);2015 3e kwartaal;528;528;;528;117;411;528;128;61;29;3;35;400;528;16;99;161;152;87;13;0
178;Noord-Nederland (LD);2015 4e kwartaal;514;514;;514;127;387;514;95;51;13;6;25;419;514;9;121;147;139;76;22;0
179;Noord-Nederland (LD);2015;2158;2158;;2158;491;1667;2158;490;249;85;16;140;1668;2158;59;454;637;624;320;64;0
180;Noord-Nederland (LD);2016 1e kwartaal;472;472;;472;119;353;472;69;43;10;1;15;403;472;9;100;137;146;67;13;0
181;Noord-Nederland (LD);2016 2e kwartaal;394;394;;394;90;304;394;52;29;9;0;14;342;394;11;98;105;115;56;9;0
182;Noord-Nederland (LD);2016 3e kwartaal;380;380;;380;78;302;380;36;21;5;3;7;344;380;10;62;112;126;58;12;0
183;Noord-Nederland (LD);2016 4e kwartaal;401;401;;401;86;315;401;21;6;5;0;10;380;401;5;85;102;135;56;18;0
184;Noord-Nederland (LD);2016;1647;1647;;1647;373;1274;1647;178;99;29;4;46;1469;1647;35;345;456;522;237;52;0
185;Noord-Nederland (LD);2017 1e kwartaal;398;398;;398;74;324;398;6;0;1;1;4;392;398;6;99;123;107;48;15;0
186;Noord-Nederland (LD);2017 2e kwartaal;320;320;;320;45;275;320;3;0;2;0;1;317;320;7;72;83;88;52;18;0
187;Noord-Nederland (LD);2017 3e kwartaal;326;326;;326;59;267;326;3;0;0;0;3;323;326;6;58;98;103;54;7;0
188;Noord-Nederland (LD);2017 4e kwartaal;307;307;;307;56;251;307;0;0;0;0;0;307;307;12;71;82;96;33;13;0
189;Noord-Nederland (LD);2017;1351;1351;;1351;234;1117;1351;12;0;3;1;8;1339;1351;31;300;386;394;187;53;0
190;Oost-Nederland (LD);1999 1e kwartaal;267;227;40.0;267;83;184;267;267;188;14;46;19;0;267;4;80;86;81;14;2;0
191;Oost-Nederland (LD);1999 2e kwartaal;410;390;20.0;410;76;334;410;410;288;28;72;22;0;410;31;125;131;92;27;3;1
192;Oost-Nederland (LD);1999 3e kwartaal;582;558;24.0;582;116;466;582;582;419;12;115;36;0;582;37;207;188;99;40;10;1
193;Oost-Nederland (LD);1999 4e kwartaal;688;652;36.0;688;113;575;688;688;498;23;111;56;0;688;57;235;226;123;38;9;0
194;Oost-Nederland (LD);1999;1947;1827;120.0;1947;388;1559;1947;1947;1393;77;344;133;0;1947;129;647;631;395;119;24;2
195;Oost-Nederland (LD);2000 1e kwartaal;662;623;39.0;662;103;559;662;662;475;27;116;44;0;662;47;232;211;130;37;5;0
196;Oost-Nederland (LD);2000 2e kwartaal;521;491;30.0;521;71;450;521;521;398;11;66;46;0;521;36;177;161;103;41;3;0
197;Oost-Nederland (LD);2000 3e kwartaal;617;575;42.0;617;68;549;617;617;480;19;76;42;0;617;47;212;196;103;49;10;0
198;Oost-Nederland (LD);2000 4e kwartaal;666;624;42.0;666;92;574;666;666;482;21;109;54;0;666;43;232;217;131;36;7;0
199;Oost-Nederland (LD);2000;2466;2313;153.0;2466;334;2132;2466;2466;1835;78;367;186;0;2466;173;853;785;467;163;25;0
200;Oost-Nederland (LD);2001 1e kwartaal;636;587;49.0;636;127;509;636;636;438;9;138;51;0;636;53;236;207;103;32;5;0
201;Oost-Nederland (LD);2001 2e kwartaal;538;489;49.0;538;92;446;538;538;379;12;108;39;0;538;40;191;186;87;27;7;0
202;Oost-Nederland (LD);2001 3e kwartaal;595;536;59.0;595;104;491;595;595;424;11;107;53;0;595;57;211;191;96;33;7;0
203;Oost-Nederland (LD);2001 4e kwartaal;651;576;75.0;651;96;555;651;651;478;16;104;53;0;651;73;202;205;127;38;6;0
204;Oost-Nederland (LD);2001;2420;2188;232.0;2420;419;2001;2420;2420;1719;48;457;196;0;2420;223;840;789;413;130;25;0
205;Oost-Nederland (LD);2002 1e kwartaal;664;590;74.0;664;123;541;664;664;469;6;120;69;0;664;67;235;223;101;30;8;0
206;Oost-Nederland (LD);2002 2e kwartaal;579;512;67.0;579;82;497;579;579;393;8;109;69;0;579;53;202;187;96;36;5;0
207;Oost-Nederland (LD);2002 3e kwartaal;649;593;56.0;649;97;552;649;649;458;4;112;75;0;649;57;205;240;107;34;6;0
208;Oost-Nederland (LD);2002 4e kwartaal;646;592;54.0;646;104;542;646;646;465;6;101;74;0;646;59;219;208;119;38;3;0
209;Oost-Nederland (LD);2002;2538;2287;251.0;2538;406;2132;2538;2538;1785;24;442;287;0;2538;236;861;858;423;138;22;0
210;Oost-Nederland (LD);2003 1e kwartaal;669;618;51.0;669;105;564;669;669;495;9;99;66;0;669;62;260;195;115;30;7;0
211;Oost-Nederland (LD);2003 2e kwartaal;689;649;40.0;689;81;608;689;689;504;6;118;61;0;689;59;231;227;132;35;5;0
212;Oost-Nederland (LD);2003 3e kwartaal;701;671;30.0;701;86;615;701;701;523;1;110;67;0;701;74;225;222;124;45;11;0
213;Oost-Nederland (LD);2003 4e kwartaal;793;761;32.0;793;105;688;793;793;597;7;114;75;0;793;80;268;228;145;66;6;0
214;Oost-Nederland (LD);2003;2852;2699;153.0;2852;377;2475;2852;2852;2119;23;441;269;0;2852;275;984;872;516;176;29;0
215;Oost-Nederland (LD);2004 1e kwartaal;793;766;27.0;793;107;686;793;793;594;11;115;73;0;793;52;260;254;164;54;9;0
216;Oost-Nederland (LD);2004 2e kwartaal;924;871;53.0;924;125;799;924;924;696;9;147;72;0;924;84;287;276;186;70;21;0
217;Oost-Nederland (LD);2004 3e kwartaal;824;803;21.0;824;108;716;824;824;603;12;151;58;0;824;64;236;275;170;64;15;0
218;Oost-Nederland (LD);2004 4e kwartaal;883;836;47.0;883;92;791;883;883;641;10;167;65;0;883;64;280;273;174;79;13;0
219;Oost-Nederland (LD);2004;3424;3276;148.0;3424;432;2992;3424;3424;2534;42;580;268;0;3424;264;1063;1078;694;267;58;0
220;Oost-Nederland (LD);2005 1e kwartaal;881;834;47.0;881;114;767;881;881;671;12;133;65;0;881;53;268;290;188;65;17;0
221;Oost-Nederland (LD);2005 2e kwartaal;846;816;30.0;846;83;763;846;846;656;10;107;73;0;846;71;250;270;174;72;9;0
222;Oost-Nederland (LD);2005 3e kwartaal;805;769;36.0;805;97;708;805;805;614;11;125;55;0;805;61;227;237;165;92;23;0
223;Oost-Nederland (LD);2005 4e kwartaal;899;873;26.0;899;99;800;899;899;677;18;124;80;0;899;54;274;273;190;87;21;0
224;Oost-Nederland (LD);2005;3431;3292;139.0;3431;393;3038;3431;3431;2618;51;489;273;0;3431;239;1019;1070;717;316;70;0
225;Oost-Nederland (LD);2006 1e kwartaal;896;856;40.0;896;121;775;896;896;716;7;99;74;0;896;59;246;295;203;75;18;0
226;Oost-Nederland (LD);2006 2e kwartaal;797;749;48.0;797;127;670;797;797;612;22;95;68;0;797;48;246;259;159;77;8;0
227;Oost-Nederland (LD);2006 3e kwartaal;757;718;39.0;757;135;622;757;757;594;15;76;72;0;757;46;213;256;154;71;17;0
228;Oost-Nederland (LD);2006 4e kwartaal;939;878;61.0;939;123;816;939;939;715;14;77;133;0;939;51;259;307;222;83;17;0
229;Oost-Nederland (LD);2006;3389;3201;188.0;3389;506;2883;3389;3389;2637;58;347;347;0;3389;204;964;1117;738;306;60;0
230;Oost-Nederland (LD);2007 1e kwartaal;954;880;74.0;954;120;834;954;954;763;13;58;120;0;954;57;211;353;219;102;12;0
231;Oost-Nederland (LD);2007 2e kwartaal;824;768;56.0;824;103;721;824;824;651;7;45;121;0;824;43;205;256;219;82;19;0
232;Oost-Nederland (LD);2007 3e kwartaal;766;710;56.0;766;108;658;766;766;599;7;44;116;0;766;47;182;250;181;83;23;0
233;Oost-Nederland (LD);2007 4e kwartaal;781;738;43.0;781;93;688;781;781;640;3;57;81;0;781;32;174;272;205;84;14;0
234;Oost-Nederland (LD);2007;3325;3096;229.0;3325;424;2901;3325;3325;2653;30;204;438;0;3325;179;772;1131;824;351;68;0
235;Oost-Nederland (LD);2008 1e kwartaal;615;615;;615;100;515;615;615;523;6;31;55;0;615;28;156;226;134;59;12;0
236;Oost-Nederland (LD);2008 2e kwartaal;576;576;;576;86;490;576;576;465;6;28;77;0;576;25;135;220;118;67;11;0
237;Oost-Nederland (LD);2008 3e kwartaal;595;595;;595;88;507;595;595;478;12;24;81;0;595;18;158;190;151;68;10;0
238;Oost-Nederland (LD);2008 4e kwartaal;444;444;;444;66;378;444;444;348;1;31;64;0;444;22;109;141;104;54;14;0
239;Oost-Nederland (LD);2008;2230;2230;;2230;340;1890;2230;2230;1814;25;114;277;0;2230;93;558;777;507;248;47;0
240;Oost-Nederland (LD);2009 1e kwartaal;529;529;;529;95;434;529;529;415;11;23;80;0;529;21;151;169;127;50;11;0
241;Oost-Nederland (LD);2009 2e kwartaal;427;427;;427;82;345;427;427;377;3;17;30;0;427;20;105;131;110;56;5;0
242;Oost-Nederland (LD);2009 3e kwartaal;445;445;;445;67;378;445;445;370;3;25;47;0;445;19;105;129;114;69;9;0
243;Oost-Nederland (LD);2009 4e kwartaal;516;516;;516;83;433;516;516;393;6;40;77;0;516;21;153;177;121;33;11;0
244;Oost-Nederland (LD);2009;1917;1917;;1917;327;1590;1917;1917;1555;23;105;234;0;1917;81;514;606;472;208;36;0
245;Oost-Nederland (LD);2010 1e kwartaal;625;625;;625;120;505;625;625;492;5;40;88;0;625;33;162;210;141;60;19;0
246;Oost-Nederland (LD);2010 2e kwartaal;605;605;;605;111;494;605;605;486;6;42;71;0;605;24;155;198;158;65;5;0
247;Oost-Nederland (LD);2010 3e kwartaal;646;646;;646;118;528;646;646;512;12;34;88;0;646;17;150;221;172;71;15;0
248;Oost-Nederland (LD);2010 4e kwartaal;877;877;;877;144;733;877;877;708;14;34;121;0;877;29;234;273;231;97;13;0
249;Oost-Nederland (LD);2010;2753;2753;;2753;493;2260;2753;2753;2198;37;150;368;0;2753;103;701;902;702;293;52;0
250;Oost-Nederland (LD);2011 1e kwartaal;928;928;;928;132;796;928;928;735;5;62;126;0;928;27;232;285;248;122;14;0
251;Oost-Nederland (LD);2011 2e kwartaal;872;872;;872;146;726;872;872;671;14;62;125;0;872;27;220;289;218;102;16;0
252;Oost-Nederland (LD);2011 3e kwartaal;805;805;;805;132;673;805;805;664;11;36;94;0;805;38;221;254;185;94;13;0
253;Oost-Nederland (LD);2011 4e kwartaal;969;969;;969;177;792;969;968;770;26;52;120;1;969;34;264;307;235;105;24;0
254;Oost-Nederland (LD);2011;3574;3574;;3574;587;2987;3574;3573;2840;56;212;465;1;3574;126;937;1135;886;423;67;0
255;Oost-Nederland (LD);2012 1e kwartaal;841;841;;841;157;684;841;841;652;8;47;134;0;841;26;204;286;207;92;26;0
256;Oost-Nederland (LD);2012 2e kwartaal;706;706;;706;130;576;706;704;544;7;37;116;2;706;28;173;224;174;87;20;0
257;Oost-Nederland (LD);2012 3e kwartaal;766;766;;766;163;603;766;762;628;11;28;95;4;766;21;180;194;231;116;24;0
258;Oost-Nederland (LD);2012 4e kwartaal;822;822;;822;135;687;822;813;665;9;39;100;9;822;15;192;259;242;102;12;0
259;Oost-Nederland (LD);2012;3135;3135;;3135;585;2550;3135;3120;2489;35;151;445;15;3135;90;749;963;854;397;82;0
260;Oost-Nederland (LD);2013 1e kwartaal;720;720;;720;153;567;720;713;590;6;17;100;7;720;19;161;225;197;87;31;0
261;Oost-Nederland (LD);2013 2e kwartaal;574;574;;574;110;464;574;559;473;6;23;57;15;574;17;137;168;162;73;17;0
262;Oost-Nederland (LD);2013 3e kwartaal;530;530;;530;130;400;530;519;440;5;17;57;11;530;11;100;177;156;73;13;0
263;Oost-Nederland (LD);2013 4e kwartaal;528;528;;528;117;411;528;504;442;6;11;45;24;528;9;123;158;152;71;15;0
264;Oost-Nederland (LD);2013;2352;2352;;2352;510;1842;2352;2295;1945;23;68;259;57;2352;56;521;728;667;304;76;0
265;Oost-Nederland (LD);2014 1e kwartaal;566;566;;566;137;429;566;544;475;4;7;58;22;566;13;115;171;160;81;26;0
266;Oost-Nederland (LD);2014 2e kwartaal;614;614;;614;128;486;614;571;488;5;8;70;43;614;9;126;193;181;89;16;0
267;Oost-Nederland (LD);2014 3e kwartaal;591;591;;591;135;456;591;543;482;2;5;54;48;591;14;119;186;173;80;19;0
268;Oost-Nederland (LD);2014 4e kwartaal;588;588;;588;159;429;588;317;266;3;6;42;271;588;11;115;168;163;105;26;0
269;Oost-Nederland (LD);2014;2359;2359;;2359;559;1800;2359;1975;1711;14;26;224;384;2359;47;475;718;677;355;87;0
270;Oost-Nederland (LD);2015 1e kwartaal;672;672;;672;123;549;672;154;87;10;5;52;518;672;8;145;185;194;108;32;0
271;Oost-Nederland (LD);2015 2e kwartaal;715;715;;715;154;561;715;149;78;3;8;60;566;715;15;127;199;239;103;32;0
272;Oost-Nederland (LD);2015 3e kwartaal;677;677;;677;133;544;677;118;75;3;2;38;559;677;6;123;205;210;101;32;0
273;Oost-Nederland (LD);2015 4e kwartaal;615;615;;615;146;469;615;92;42;0;9;41;523;615;12;108;185;196;94;20;0
274;Oost-Nederland (LD);2015;2679;2679;;2679;556;2123;2679;513;282;16;24;191;2166;2679;41;503;774;839;406;116;0
275;Oost-Nederland (LD);2016 1e kwartaal;592;592;;592;122;470;592;80;41;2;7;30;512;592;7;120;172;185;96;12;0
276;Oost-Nederland (LD);2016 2e kwartaal;519;519;;519;91;428;519;54;27;4;2;21;465;519;4;94;171;158;76;16;0
277;Oost-Nederland (LD);2016 3e kwartaal;520;520;;520;100;420;520;47;24;1;2;20;473;520;3;82;133;196;84;22;0
278;Oost-Nederland (LD);2016 4e kwartaal;608;608;;608;98;510;608;26;8;2;3;13;582;608;6;123;181;171;91;36;0
279;Oost-Nederland (LD);2016;2239;2239;;2239;411;1828;2239;207;100;9;14;84;2032;2239;20;419;657;710;347;86;0
280;Oost-Nederland (LD);2017 1e kwartaal;603;603;;603;113;490;603;14;0;1;0;13;589;603;9;100;176;188;106;24;0
281;Oost-Nederland (LD);2017 2e kwartaal;540;540;;540;101;439;540;2;0;0;0;2;538;540;2;100;151;171;94;22;0
282;Oost-Nederland (LD);2017 3e kwartaal;489;489;;489;74;415;489;3;0;0;2;1;486;489;3;84;156;140;90;16;0
283;Oost-Nederland (LD);2017 4e kwartaal;443;443;;443;67;376;443;0;0;0;0;0;443;443;3;91;115;129;89;16;0
284;Oost-Nederland (LD);2017;2075;2075;;2075;355;1720;2075;19;0;1;2;16;2056;2075;17;375;598;628;379;78;0
285;West-Nederland (LD);1999 1e kwartaal;374;352;22.0;374;115;259;374;374;248;46;60;20;0;374;19;116;128;78;24;8;1
286;West-Nederland (LD);1999 2e kwartaal;605;596;9.0;605;136;469;605;605;424;46;95;40;0;605;33;192;218;116;39;7;0
287;West-Nederland (LD);1999 3e kwartaal;676;661;15.0;676;120;556;676;676;463;51;100;62;0;676;31;210;235;131;61;8;0
288;West-Nederland (LD);1999 4e kwartaal;763;736;27.0;763;99;664;763;763;523;54;122;64;0;763;45;250;251;153;53;11;0
289;West-Nederland (LD);1999;2418;2345;73.0;2418;470;1948;2418;2418;1658;197;377;186;0;2418;128;768;832;478;177;34;1
290;West-Nederland (LD);2000 1e kwartaal;835;811;24.0;835;103;732;835;835;612;40;109;74;0;835;31;285;284;179;41;15;0
291;West-Nederland (LD);2000 2e kwartaal;851;841;10.0;851;88;763;851;851;640;32;103;76;0;851;52;297;260;165;63;14;0
292;West-Nederland (LD);2000 3e kwartaal;844;820;24.0;844;111;733;844;844;621;37;112;74;0;844;45;261;295;172;61;10;0
293;West-Nederland (LD);2000 4e kwartaal;817;790;27.0;817;130;687;817;817;571;38;114;94;0;817;48;269;267;162;60;11;0
294;West-Nederland (LD);2000;3347;3262;85.0;3347;432;2915;3347;3347;2444;147;438;318;0;3347;176;1112;1106;678;225;50;0
295;West-Nederland (LD);2001 1e kwartaal;814;783;31.0;814;177;637;814;814;573;38;103;100;0;814;43;267;277;155;60;12;0
296;West-Nederland (LD);2001 2e kwartaal;852;835;17.0;852;168;684;852;852;606;17;130;99;0;852;52;283;255;190;62;10;0
297;West-Nederland (LD);2001 3e kwartaal;859;837;22.0;859;134;725;859;859;603;23;115;118;0;859;50;244;281;195;76;13;0
298;West-Nederland (LD);2001 4e kwartaal;876;850;26.0;876;149;727;876;876;585;27;133;131;0;876;47;313;278;157;67;14;0
299;West-Nederland (LD);2001;3401;3305;96.0;3401;628;2773;3401;3401;2367;105;481;448;0;3401;192;1107;1091;697;265;49;0
300;West-Nederland (LD);2002 1e kwartaal;825;806;19.0;825;89;736;825;825;544;27;136;118;0;825;69;271;281;143;44;17;0
301;West-Nederland (LD);2002 2e kwartaal;1006;972;34.0;1006;155;851;1006;1006;684;21;145;156;0;1006;56;329;336;178;92;15;0
302;West-Nederland (LD);2002 3e kwartaal;1139;1112;27.0;1139;190;949;1139;1139;765;27;186;161;0;1139;74;374;365;216;89;21;0
303;West-Nederland (LD);2002 4e kwartaal;1065;1050;15.0;1065;143;922;1065;1065;681;21;190;173;0;1065;74;337;383;184;74;13;0
304;West-Nederland (LD);2002;4035;3940;95.0;4035;577;3458;4035;4035;2674;96;657;608;0;4035;273;1311;1365;721;299;66;0
305;West-Nederland (LD);2003 1e kwartaal;1096;1052;44.0;1096;173;923;1096;1096;714;21;201;160;0;1096;67;333;382;216;78;20;0
306;West-Nederland (LD);2003 2e kwartaal;1143;1097;46.0;1143;193;950;1143;1143;709;30;243;161;0;1143;82;368;368;243;70;12;0
307;West-Nederland (LD);2003 3e kwartaal;1171;1150;21.0;1171;198;973;1171;1171;809;16;196;150;0;1171;61;390;373;235;87;25;0
308;West-Nederland (LD);2003 4e kwartaal;1156;1125;31.0;1156;212;944;1156;1156;751;14;248;143;0;1156;82;368;394;213;75;24;0
309;West-Nederland (LD);2003;4566;4424;142.0;4566;776;3790;4566;4566;2983;81;888;614;0;4566;292;1459;1517;907;310;81;0
310;West-Nederland (LD);2004 1e kwartaal;1494;1430;64.0;1494;248;1246;1494;1494;1028;20;286;160;0;1494;106;452;496;284;130;26;0
311;West-Nederland (LD);2004 2e kwartaal;1643;1597;46.0;1643;287;1356;1643;1643;1079;32;332;200;0;1643;97;493;547;351;131;24;0
312;West-Nederland (LD);2004 3e kwartaal;1512;1482;30.0;1512;272;1240;1512;1512;1033;32;283;164;0;1512;97;446;502;314;127;26;0
313;West-Nederland (LD);2004 4e kwartaal;1603;1572;31.0;1603;269;1334;1603;1603;1153;24;256;170;0;1603;91;437;529;374;143;29;0
314;West-Nederland (LD);2004;6252;6081;171.0;6252;1076;5176;6252;6252;4293;108;1157;694;0;6252;391;1828;2074;1323;531;105;0
315;West-Nederland (LD);2005 1e kwartaal;1696;1673;23.0;1696;253;1443;1696;1696;1190;32;315;159;0;1696;96;446;554;382;179;39;0
316;West-Nederland (LD);2005 2e kwartaal;1748;1695;53.0;1748;238;1510;1748;1748;1230;20;309;189;0;1748;98;468;556;396;192;38;0
317;West-Nederland (LD);2005 3e kwartaal;1567;1521;46.0;1567;226;1341;1567;1567;1129;35;254;149;0;1567;71;431;554;342;136;33;0
318;West-Nederland (LD);2005 4e kwartaal;1691;1641;50.0;1691;241;1450;1691;1691;1217;42;226;206;0;1691;70;427;580;381;192;41;0
319;West-Nederland (LD);2005;6702;6530;172.0;6702;958;5744;6702;6702;4766;129;1104;703;0;6702;335;1772;2244;1501;699;151;0
320;West-Nederland (LD);2006 1e kwartaal;1712;1682;30.0;1712;277;1435;1712;1712;1247;42;229;194;0;1712;71;407;576;430;179;49;0
321;West-Nederland (LD);2006 2e kwartaal;1862;1830;32.0;1862;270;1592;1862;1862;1344;30;231;257;0;1862;84;461;623;448;206;40;0
322;West-Nederland (LD);2006 3e kwartaal;1572;1548;24.0;1572;219;1353;1572;1572;1130;32;156;254;0;1572;70;392;536;367;159;48;0
323;West-Nederland (LD);2006 4e kwartaal;1609;1576;33.0;1609;193;1416;1609;1609;1156;33;155;265;0;1609;59;420;507;381;187;55;0
324;West-Nederland (LD);2006;6755;6636;119.0;6755;959;5796;6755;6755;4877;137;771;970;0;6755;284;1680;2242;1626;731;192;0
325;West-Nederland (LD);2007 1e kwartaal;1832;1797;35.0;1832;237;1595;1832;1832;1307;31;146;348;0;1832;76;436;607;466;193;54;0
326;West-Nederland (LD);2007 2e kwartaal;1663;1631;32.0;1663;249;1414;1663;1663;1191;25;118;329;0;1663;63;428;519;403;199;51;0
327;West-Nederland (LD);2007 3e kwartaal;1708;1673;35.0;1708;204;1504;1708;1708;1197;29;110;372;0;1708;67;390;579;407;205;60;0
328;West-Nederland (LD);2007 4e kwartaal;1633;1609;24.0;1633;196;1437;1633;1633;1149;23;104;357;0;1633;76;370;511;414;203;59;0
329;West-Nederland (LD);2007;6836;6710;126.0;6836;886;5950;6836;6836;4844;108;478;1406;0;6836;282;1624;2216;1690;800;224;0
330;West-Nederland (LD);2008 1e kwartaal;1225;1225;;1225;196;1029;1225;1225;896;29;77;223;0;1225;44;288;392;328;138;35;0
331;West-Nederland (LD);2008 2e kwartaal;863;863;;863;144;719;863;863;618;16;54;175;0;863;34;200;298;200;104;27;0
332;West-Nederland (LD);2008 3e kwartaal;798;798;;798;110;688;798;798;615;14;59;110;0;798;20;194;256;215;89;24;0
333;West-Nederland (LD);2008 4e kwartaal;796;796;;796;117;679;796;796;596;14;54;132;0;796;21;185;274;203;93;20;0
334;West-Nederland (LD);2008;3682;3682;;3682;567;3115;3682;3682;2725;73;244;640;0;3682;119;867;1220;946;424;106;0
335;West-Nederland (LD);2009 1e kwartaal;890;890;;890;137;753;890;890;699;7;45;139;0;890;26;202;316;221;98;25;2
336;West-Nederland (LD);2009 2e kwartaal;817;817;;817;139;678;817;817;625;14;36;142;0;817;27;178;283;184;114;31;0
337;West-Nederland (LD);2009 3e kwartaal;1037;1037;;1037;189;848;1037;1037;771;9;50;207;0;1037;30;235;364;257;117;34;0
338;West-Nederland (LD);2009 4e kwartaal;1033;1033;;1033;187;846;1033;1032;780;4;64;184;1;1033;20;249;341;269;124;30;0
339;West-Nederland (LD);2009;3777;3777;;3777;652;3125;3777;3776;2875;34;195;672;1;3777;103;864;1304;931;453;120;2
340;West-Nederland (LD);2010 1e kwartaal;1082;1082;;1082;191;891;1082;1082;798;16;68;200;0;1082;27;260;366;272;137;20;0
341;West-Nederland (LD);2010 2e kwartaal;1009;1009;;1009;196;813;1009;1009;749;13;58;189;0;1009;29;236;330;277;114;23;0
342;West-Nederland (LD);2010 3e kwartaal;1083;1083;;1083;165;918;1083;1083;819;18;58;188;0;1083;34;284;340;277;121;27;0
343;West-Nederland (LD);2010 4e kwartaal;1461;1461;;1461;272;1189;1461;1461;1107;23;72;259;0;1461;40;346;495;382;168;30;0
344;West-Nederland (LD);2010;4635;4635;;4635;824;3811;4635;4635;3473;70;256;836;0;4635;130;1126;1531;1208;540;100;0
345;West-Nederland (LD);2011 1e kwartaal;1292;1292;;1292;236;1056;1292;1292;1013;21;44;214;0;1292;31;304;421;335;164;37;0
346;West-Nederland (LD);2011 2e kwartaal;1674;1674;;1674;274;1400;1674;1672;1253;17;99;303;2;1674;40;377;565;440;216;36;0
347;West-Nederland (LD);2011 3e kwartaal;1668;1668;;1668;281;1387;1668;1667;1237;13;87;330;1;1668;52;389;527;441;213;46;0
348;West-Nederland (LD);2011 4e kwartaal;1663;1663;;1663;289;1374;1663;1658;1255;11;76;316;5;1663;24;388;542;436;229;44;0
349;West-Nederland (LD);2011;6297;6297;;6297;1080;5217;6297;6289;4758;62;306;1163;8;6297;147;1458;2055;1652;822;163;0
350;West-Nederland (LD);2012 1e kwartaal;1535;1535;;1535;284;1251;1535;1517;1199;11;53;254;18;1535;29;364;483;416;201;42;0
351;West-Nederland (LD);2012 2e kwartaal;1316;1316;;1316;236;1080;1316;1286;997;15;54;220;30;1316;30;283;394;386;194;29;0
352;West-Nederland (LD);2012 3e kwartaal;1373;1373;;1373;257;1116;1373;1363;1064;16;51;232;10;1373;36;305;416;404;177;35;0
353;West-Nederland (LD);2012 4e kwartaal;1351;1351;;1351;250;1101;1351;1332;1079;10;39;204;19;1351;28;289;414;366;200;54;0
354;West-Nederland (LD);2012;5575;5575;;5575;1027;4548;5575;5498;4339;52;197;910;77;5575;123;1241;1707;1572;772;160;0
355;West-Nederland (LD);2013 1e kwartaal;1334;1334;;1334;253;1081;1334;1296;1034;13;47;202;38;1334;26;298;427;359;181;43;0
356;West-Nederland (LD);2013 2e kwartaal;1190;1190;;1190;241;949;1190;1145;946;9;38;152;45;1190;28;257;388;310;165;42;0
357;West-Nederland (LD);2013 3e kwartaal;1186;1186;;1186;267;919;1186;1127;933;16;39;139;59;1186;20;256;356;346;165;43;0
358;West-Nederland (LD);2013 4e kwartaal;1307;1307;;1307;282;1025;1307;1225;1022;8;30;165;82;1307;22;275;382;386;201;41;0
359;West-Nederland (LD);2013;5017;5017;;5017;1043;3974;5017;4793;3935;46;154;658;224;5017;96;1086;1553;1401;712;169;0
360;West-Nederland (LD);2014 1e kwartaal;1406;1406;;1406;277;1129;1406;1275;1078;10;26;161;131;1406;18;286;440;401;207;54;0
361;West-Nederland (LD);2014 2e kwartaal;1259;1259;;1259;270;989;1259;1112;923;15;20;154;147;1259;23;287;345;368;196;40;0
362;West-Nederland (LD);2014 3e kwartaal;1179;1179;;1179;233;946;1179;948;787;8;9;144;231;1179;34;260;333;351;161;40;0
363;West-Nederland (LD);2014 4e kwartaal;1231;1231;;1231;236;995;1231;629;481;12;17;119;602;1231;28;268;353;334;199;49;0
364;West-Nederland (LD);2014;5075;5075;;5075;1016;4059;5075;3964;3269;45;72;578;1111;5075;103;1101;1471;1454;763;183;0
365;West-Nederland (LD);2015 1e kwartaal;1232;1232;;1232;249;983;1232;278;137;9;22;110;954;1232;17;252;359;374;173;57;0
366;West-Nederland (LD);2015 2e kwartaal;1146;1146;;1146;207;939;1146;222;105;5;25;87;924;1146;16;243;309;346;198;34;0
367;West-Nederland (LD);2015 3e kwartaal;1250;1250;;1250;271;979;1250;220;108;6;16;90;1030;1250;16;265;391;376;155;47;0
368;West-Nederland (LD);2015 4e kwartaal;1225;1225;;1225;241;984;1225;160;87;9;9;55;1065;1225;14;243;382;373;167;46;0
369;West-Nederland (LD);2015;4853;4853;;4853;968;3885;4853;880;437;29;72;342;3973;4853;63;1003;1441;1469;693;184;0
370;West-Nederland (LD);2016 1e kwartaal;1074;1074;;1074;190;884;1074;124;65;9;3;47;950;1074;12;237;320;320;140;45;0
371;West-Nederland (LD);2016 2e kwartaal;936;936;;936;171;765;936;76;27;2;3;44;860;936;8;203;286;269;136;34;0
372;West-Nederland (LD);2016 3e kwartaal;1014;1014;;1014;186;828;1014;68;32;6;2;28;946;1014;11;188;311;327;146;31;0
373;West-Nederland (LD);2016 4e kwartaal;982;982;;982;190;792;982;25;1;5;1;18;957;982;8;170;306;309;156;33;0
374;West-Nederland (LD);2016;4006;4006;;4006;737;3269;4006;293;125;22;9;137;3713;4006;39;798;1223;1225;578;143;0
375;West-Nederland (LD);2017 1e kwartaal;914;914;;914;153;761;914;14;0;2;1;11;900;914;9;158;275;291;132;49;0
376;West-Nederland (LD);2017 2e kwartaal;826;826;;826;150;676;826;6;0;0;0;6;820;826;13;156;234;248;150;25;0
377;West-Nederland (LD);2017 3e kwartaal;807;807;;807;143;664;807;4;0;0;0;4;803;807;10;148;253;247;116;33;0
378;West-Nederland (LD);2017 4e kwartaal;789;789;;789;135;654;789;0;0;0;0;0;789;789;9;176;229;208;136;31;0
379;West-Nederland (LD);2017;3336;3336;;3336;581;2755;3336;24;0;2;1;21;3312;3336;41;638;991;994;534;138;0
380;Zuid-Nederland (LD);1999 1e kwartaal;207;193;14.0;207;88;119;207;207;138;25;35;9;0;207;16;65;69;42;12;3;0
381;Zuid-Nederland (LD);1999 2e kwartaal;348;337;11.0;348;114;234;348;348;254;40;37;17;0;348;19;101;137;67;20;4;0
382;Zuid-Nederland (LD);1999 3e kwartaal;377;364;13.0;377;90;287;377;377;255;28;63;31;0;377;23;102;124;92;27;9;0
383;Zuid-Nederland (LD);1999 4e kwartaal;460;441;19.0;460;67;393;460;460;314;25;84;37;0;460;18;148;151;104;32;7;0
384;Zuid-Nederland (LD);1999;1392;1335;57.0;1392;359;1033;1392;1392;961;118;219;94;0;1392;76;416;481;305;91;23;0
385;Zuid-Nederland (LD);2000 1e kwartaal;468;455;13.0;468;69;399;468;468;337;32;62;37;0;468;29;154;157;89;31;8;0
386;Zuid-Nederland (LD);2000 2e kwartaal;421;407;14.0;421;53;368;421;421;278;15;85;43;0;421;28;149;133;86;24;1;0
387;Zuid-Nederland (LD);2000 3e kwartaal;462;450;12.0;462;39;423;462;462;338;15;68;41;0;462;23;149;159;91;34;6;0
388;Zuid-Nederland (LD);2000 4e kwartaal;518;500;18.0;518;60;458;518;518;347;17;89;65;0;518;26;194;178;79;31;10;0
389;Zuid-Nederland (LD);2000;1869;1812;57.0;1869;221;1648;1869;1869;1300;79;304;186;0;1869;106;646;627;345;120;25;0
390;Zuid-Nederland (LD);2001 1e kwartaal;446;443;3.0;446;87;359;446;446;273;8;80;85;0;446;28;142;152;85;32;7;0
391;Zuid-Nederland (LD);2001 2e kwartaal;541;532;9.0;541;79;462;541;541;397;14;74;56;0;541;38;180;193;99;26;5;0
392;Zuid-Nederland (LD);2001 3e kwartaal;426;413;13.0;426;79;347;426;426;301;6;62;57;0;426;19;114;140;117;31;5;0
393;Zuid-Nederland (LD);2001 4e kwartaal;461;449;12.0;461;66;395;461;461;339;9;72;41;0;461;31;165;156;77;24;8;0
394;Zuid-Nederland (LD);2001;1874;1837;37.0;1874;311;1563;1874;1874;1310;37;288;239;0;1874;116;601;641;378;113;25;0
395;Zuid-Nederland (LD);2002 1e kwartaal;423;403;20.0;423;71;352;423;423;291;3;71;58;0;423;26;151;125;85;28;8;0
396;Zuid-Nederland (LD);2002 2e kwartaal;431;419;12.0;431;73;358;431;431;288;3;82;58;0;431;33;145;149;71;26;7;0
397;Zuid-Nederland (LD);2002 3e kwartaal;481;436;45.0;481;97;384;481;481;327;4;92;58;0;481;19;140;151;120;47;4;0
398;Zuid-Nederland (LD);2002 4e kwartaal;566;529;37.0;566;97;469;566;566;387;6;122;51;0;566;37;185;195;104;40;5;0
399;Zuid-Nederland (LD);2002;1901;1787;114.0;1901;338;1563;1901;1901;1293;16;367;225;0;1901;115;621;620;380;141;24;0
400;Zuid-Nederland (LD);2003 1e kwartaal;493;462;31.0;493;93;400;493;493;344;12;89;48;0;493;40;161;164;86;39;3;0
401;Zuid-Nederland (LD);2003 2e kwartaal;500;471;29.0;500;84;416;500;500;342;7;104;47;0;500;24;186;174;86;25;5;0
402;Zuid-Nederland (LD);2003 3e kwartaal;459;438;21.0;459;78;381;459;459;314;2;98;45;0;459;33;157;156;90;18;5;0
403;Zuid-Nederland (LD);2003 4e kwartaal;631;583;48.0;631;117;514;631;631;452;15;112;52;0;631;33;218;201;124;46;9;0
404;Zuid-Nederland (LD);2003;2083;1954;129.0;2083;372;1711;2083;2083;1452;36;403;192;0;2083;130;722;695;386;128;22;0
405;Zuid-Nederland (LD);2004 1e kwartaal;750;729;21.0;750;95;655;750;750;529;10;134;77;0;750;61;239;244;152;47;7;0
406;Zuid-Nederland (LD);2004 2e kwartaal;629;618;11.0;629;105;524;629;629;423;18;107;81;0;629;38;178;219;131;53;10;0
407;Zuid-Nederland (LD);2004 3e kwartaal;675;659;16.0;675;126;549;675;675;479;24;116;56;0;675;43;202;216;140;62;12;0
408;Zuid-Nederland (LD);2004 4e kwartaal;674;661;13.0;674;136;538;674;674;478;22;82;92;0;674;33;197;245;135;57;7;0
409;Zuid-Nederland (LD);2004;2728;2667;61.0;2728;462;2266;2728;2728;1909;74;439;306;0;2728;175;816;924;558;219;36;0
410;Zuid-Nederland (LD);2005 1e kwartaal;845;824;21.0;845;165;680;845;845;594;31;115;105;0;845;62;240;283;176;70;14;0
411;Zuid-Nederland (LD);2005 2e kwartaal;629;605;24.0;629;94;535;629;629;433;19;92;85;0;629;37;187;202;141;50;12;0
412;Zuid-Nederland (LD);2005 3e kwartaal;655;634;21.0;655;109;546;655;655;453;19;97;86;0;655;26;177;223;160;58;11;0
413;Zuid-Nederland (LD);2005 4e kwartaal;664;624;40.0;664;103;561;664;664;475;23;62;104;0;664;26;181;228;158;54;17;0
414;Zuid-Nederland (LD);2005;2793;2687;106.0;2793;471;2322;2793;2793;1955;92;366;380;0;2793;151;785;936;635;232;54;0
415;Zuid-Nederland (LD);2006 1e kwartaal;812;762;50.0;812;113;699;812;812;583;25;69;135;0;812;34;213;278;190;74;23;0
416;Zuid-Nederland (LD);2006 2e kwartaal;830;788;42.0;830;115;715;830;830;569;20;81;160;0;830;43;210;265;192;95;25;0
417;Zuid-Nederland (LD);2006 3e kwartaal;806;761;45.0;806;130;676;806;806;558;27;69;152;0;806;39;210;244;191;102;20;0
418;Zuid-Nederland (LD);2006 4e kwartaal;834;789;45.0;834;97;737;834;834;613;24;43;154;0;834;31;219;296;181;92;15;0
419;Zuid-Nederland (LD);2006;3282;3100;182.0;3282;455;2827;3282;3282;2323;96;262;601;0;3282;147;852;1083;754;363;83;0
420;Zuid-Nederland (LD);2007 1e kwartaal;926;871;55.0;926;137;789;926;926;648;28;66;184;0;926;31;234;316;238;90;17;0
421;Zuid-Nederland (LD);2007 2e kwartaal;770;733;37.0;770;98;672;770;770;529;22;50;169;0;770;42;193;254;174;84;23;0
422;Zuid-Nederland (LD);2007 3e kwartaal;755;691;64.0;755;113;642;755;755;533;27;61;134;0;755;23;150;267;204;94;17;0
423;Zuid-Nederland (LD);2007 4e kwartaal;802;745;57.0;802;108;694;802;802;549;28;44;181;0;802;28;188;256;221;91;18;0
424;Zuid-Nederland (LD);2007;3253;3040;213.0;3253;456;2797;3253;3253;2259;105;221;668;0;3253;124;765;1093;837;359;75;0
425;Zuid-Nederland (LD);2008 1e kwartaal;670;670;;670;106;564;670;670;492;17;38;123;0;670;19;150;233;169;85;14;0
426;Zuid-Nederland (LD);2008 2e kwartaal;597;597;;597;57;540;597;597;438;18;36;105;0;597;25;138;203;157;64;10;0
427;Zuid-Nederland (LD);2008 3e kwartaal;475;475;;475;61;414;475;475;356;12;24;83;0;475;26;109;154;98;67;21;0
428;Zuid-Nederland (LD);2008 4e kwartaal;545;545;;545;59;486;545;545;399;19;34;93;0;545;23;126;174;134;71;17;0
429;Zuid-Nederland (LD);2008;2287;2287;;2287;283;2004;2287;2287;1685;66;132;404;0;2287;93;523;764;558;287;62;0
430;Zuid-Nederland (LD);2009 1e kwartaal;553;553;;553;70;483;553;553;432;27;30;64;0;553;20;140;174;148;54;17;0
431;Zuid-Nederland (LD);2009 2e kwartaal;449;449;;449;86;363;449;449;334;14;18;83;0;449;14;98;159;127;44;7;0
432;Zuid-Nederland (LD);2009 3e kwartaal;469;469;;469;113;356;469;469;361;17;35;56;0;469;10;126;162;121;43;7;0
433;Zuid-Nederland (LD);2009 4e kwartaal;540;540;;540;117;423;540;540;392;10;41;97;0;540;20;113;191;135;72;9;0
434;Zuid-Nederland (LD);2009;2011;2011;;2011;386;1625;2011;2011;1519;68;124;300;0;2011;64;477;686;531;213;40;0
435;Zuid-Nederland (LD);2010 1e kwartaal;585;585;;585;130;455;585;585;442;16;44;83;0;585;10;149;202;162;52;10;0
436;Zuid-Nederland (LD);2010 2e kwartaal;479;479;;479;108;371;479;479;381;7;28;63;0;479;15;107;171;115;57;14;0
437;Zuid-Nederland (LD);2010 3e kwartaal;657;657;;657;125;532;657;657;529;7;31;90;0;657;15;150;205;178;92;16;1
438;Zuid-Nederland (LD);2010 4e kwartaal;773;773;;773;144;629;773;772;580;16;35;141;1;773;25;179;249;228;77;15;0
439;Zuid-Nederland (LD);2010;2494;2494;;2494;507;1987;2494;2493;1932;46;138;377;1;2494;65;585;827;683;278;55;1
440;Zuid-Nederland (LD);2011 1e kwartaal;617;617;;617;115;502;617;617;474;11;30;102;0;617;28;165;187;162;61;14;0
441;Zuid-Nederland (LD);2011 2e kwartaal;710;710;;710;138;572;710;710;544;8;44;114;0;710;29;176;223;175;93;14;0
442;Zuid-Nederland (LD);2011 3e kwartaal;665;665;;665;117;548;665;665;525;14;28;98;0;665;16;165;208;187;80;9;0
443;Zuid-Nederland (LD);2011 4e kwartaal;804;804;;804;141;663;804;804;605;13;48;138;0;804;16;184;248;235;99;22;0
444;Zuid-Nederland (LD);2011;2796;2796;;2796;511;2285;2796;2796;2148;46;150;452;0;2796;89;690;866;759;333;59;0
445;Zuid-Nederland (LD);2012 1e kwartaal;743;743;;743;130;613;743;736;564;13;43;116;7;743;17;145;226;245;97;13;0
446;Zuid-Nederland (LD);2012 2e kwartaal;605;605;;605;110;495;605;600;482;4;28;86;5;605;12;146;186;168;76;17;0
447;Zuid-Nederland (LD);2012 3e kwartaal;714;714;;714;146;568;714;699;556;6;37;100;15;714;17;154;213;205;111;14;0
448;Zuid-Nederland (LD);2012 4e kwartaal;759;759;;759;121;638;759;736;562;16;29;129;23;759;15;174;248;196;104;22;0
449;Zuid-Nederland (LD);2012;2821;2821;;2821;507;2314;2821;2771;2164;39;137;431;50;2821;61;619;873;814;388;66;0
450;Zuid-Nederland (LD);2013 1e kwartaal;774;774;;774;154;620;774;729;577;3;19;130;45;774;17;161;249;224;98;25;0
451;Zuid-Nederland (LD);2013 2e kwartaal;599;599;;599;107;492;599;576;467;8;19;82;23;599;8;129;208;167;72;15;0
452;Zuid-Nederland (LD);2013 3e kwartaal;667;667;;667;136;531;667;602;484;15;17;86;65;667;13;136;221;192;81;24;0
453;Zuid-Nederland (LD);2013 4e kwartaal;786;786;;786;106;680;786;728;579;8;20;121;58;786;19;177;247;208;106;29;0
454;Zuid-Nederland (LD);2013;2826;2826;;2826;503;2323;2826;2635;2107;34;75;419;191;2826;57;603;925;791;357;93;0
455;Zuid-Nederland (LD);2014 1e kwartaal;683;683;;683;156;527;683;565;445;12;11;97;118;683;6;155;200;192;104;25;1
456;Zuid-Nederland (LD);2014 2e kwartaal;528;528;;528;95;433;528;454;365;9;10;70;74;528;12;116;168;143;71;17;1
457;Zuid-Nederland (LD);2014 3e kwartaal;555;555;;555;72;483;555;387;301;9;6;71;168;555;7;123;156;184;68;17;0
458;Zuid-Nederland (LD);2014 4e kwartaal;573;573;;573;98;475;573;257;188;3;11;55;316;573;10;119;173;156;87;28;0
459;Zuid-Nederland (LD);2014;2339;2339;;2339;421;1918;2339;1663;1299;33;38;293;676;2339;35;513;697;675;330;87;2
460;Zuid-Nederland (LD);2015 1e kwartaal;473;473;;473;78;395;473;88;27;10;7;44;385;473;2;104;119;142;83;23;0
461;Zuid-Nederland (LD);2015 2e kwartaal;486;486;;486;85;401;486;67;21;4;11;31;419;486;8;101;128;153;73;23;0
462;Zuid-Nederland (LD);2015 3e kwartaal;422;422;;422;71;351;422;66;22;4;11;29;356;422;6;85;139;129;49;14;0
463;Zuid-Nederland (LD);2015 4e kwartaal;484;484;;484;79;405;484;59;18;9;3;29;425;484;10;104;137;148;72;13;0
464;Zuid-Nederland (LD);2015;1865;1865;;1865;313;1552;1865;280;88;27;32;133;1585;1865;26;394;523;572;277;73;0
465;Zuid-Nederland (LD);2016 1e kwartaal;487;487;;487;89;398;487;52;16;3;1;32;435;487;8;118;126;137;78;20;0
466;Zuid-Nederland (LD);2016 2e kwartaal;407;407;;407;76;331;407;46;23;2;2;19;361;407;10;75;101;140;66;15;0
467;Zuid-Nederland (LD);2016 3e kwartaal;415;415;;415;65;350;415;26;13;2;0;11;389;415;3;76;119;138;61;18;0
468;Zuid-Nederland (LD);2016 4e kwartaal;481;481;;481;74;407;481;21;6;3;2;10;460;481;4;67;140;173;85;12;0
469;Zuid-Nederland (LD);2016;1790;1790;;1790;304;1486;1790;145;58;10;5;72;1645;1790;25;336;486;588;290;65;0
470;Zuid-Nederland (LD);2017 1e kwartaal;412;412;;412;72;340;412;7;0;2;1;4;405;412;2;72;137;119;68;14;0
471;Zuid-Nederland (LD);2017 2e kwartaal;396;396;;396;65;331;396;5;0;0;0;5;391;396;4;70;121;120;64;17;0
472;Zuid-Nederland (LD);2017 3e kwartaal;321;321;;321;38;283;321;3;0;1;0;2;318;321;3;63;61;120;48;26;0
473;Zuid-Nederland (LD);2017 4e kwartaal;315;315;;315;44;271;315;0;0;0;0;0;315;315;6;54;72;109;52;22;0
474;Zuid-Nederland (LD);2017;1444;1444;;1444;219;1225;1444;15;0;3;1;11;1429;1444;15;259;391;468;232;79;0
475;Groningen (PV);1999 1e kwartaal;29;27;2.0;29;13;16;29;29;24;2;3;0;0;29;3;10;7;5;4;0;0
476;Groningen (PV);1999 2e kwartaal;47;45;2.0;47;9;38;47;47;38;3;5;1;0;47;1;17;17;7;4;1;0
477;Groningen (PV);1999 3e kwartaal;82;82;0.0;82;12;70;82;82;67;6;5;4;0;82;2;27;25;19;9;0;0
478;Groningen (PV);1999 4e kwartaal;84;82;2.0;84;14;70;84;84;68;4;11;1;0;84;3;39;21;12;8;1;0
479;Groningen (PV);1999;242;236;6.0;242;48;194;242;242;197;15;24;6;0;242;9;93;70;43;25;2;0
480;Groningen (PV);2000 1e kwartaal;125;125;0.0;125;11;114;125;125;94;0;26;5;0;125;8;41;38;28;5;5;0
481;Groningen (PV);2000 2e kwartaal;99;99;0.0;99;5;94;99;99;77;2;13;7;0;99;5;32;33;23;4;2;0
482;Groningen (PV);2000 3e kwartaal;74;74;0.0;74;6;68;74;74;56;0;13;5;0;74;3;21;33;12;3;2;0
483;Groningen (PV);2000 4e kwartaal;102;102;0.0;102;8;94;102;102;83;0;15;4;0;102;11;31;36;18;4;2;0
484;Groningen (PV);2000;400;400;0.0;400;30;370;400;400;310;2;67;21;0;400;27;125;140;81;16;11;0
485;Groningen (PV);2001 1e kwartaal;88;88;0.0;88;16;72;88;88;73;4;8;3;0;88;4;25;31;22;4;2;0
486;Groningen (PV);2001 2e kwartaal;67;67;0.0;67;19;48;67;67;46;2;12;7;0;67;3;18;23;19;3;1;0
487;Groningen (PV);2001 3e kwartaal;58;58;0.0;58;8;50;58;58;38;0;11;9;0;58;10;19;13;11;4;1;0
488;Groningen (PV);2001 4e kwartaal;80;80;0.0;80;16;64;80;80;67;0;10;3;0;80;7;28;23;18;2;2;0
489;Groningen (PV);2001;293;293;0.0;293;59;234;293;293;224;6;41;22;0;293;24;90;90;70;13;6;0
490;Groningen (PV);2002 1e kwartaal;110;110;0.0;110;18;92;110;110;90;0;14;6;0;110;11;38;33;21;7;0;0
491;Groningen (PV);2002 2e kwartaal;103;103;0.0;103;14;89;103;103;79;1;19;4;0;103;8;28;38;23;4;2;0
492;Groningen (PV);2002 3e kwartaal;85;85;0.0;85;19;66;85;85;68;0;10;7;0;85;9;35;23;9;9;0;0
493;Groningen (PV);2002 4e kwartaal;97;96;1.0;97;23;74;97;97;72;2;16;7;0;97;6;39;29;18;2;3;0
494;Groningen (PV);2002;395;394;1.0;395;74;321;395;395;309;3;59;24;0;395;34;140;123;71;22;5;0
495;Groningen (PV);2003 1e kwartaal;121;120;1.0;121;29;92;121;121;101;0;10;10;0;121;13;36;38;21;10;3;0
496;Groningen (PV);2003 2e kwartaal;114;114;0.0;114;21;93;114;114;94;0;13;7;0;114;4;40;35;24;10;1;0
497;Groningen (PV);2003 3e kwartaal;94;92;2.0;94;24;70;94;94;83;3;4;4;0;94;6;29;31;22;2;4;0
498;Groningen (PV);2003 4e kwartaal;139;137;2.0;139;19;120;139;139;108;2;16;13;0;139;10;51;41;24;12;1;0
499;Groningen (PV);2003;468;463;5.0;468;93;375;468;468;386;5;43;34;0;468;33;156;145;91;34;9;0
500;Groningen (PV);2004 1e kwartaal;149;148;1.0;149;27;122;149;149;117;1;22;9;0;149;9;59;39;28;14;0;0
501;Groningen (PV);2004 2e kwartaal;178;178;0.0;178;30;148;178;178;141;3;22;12;0;178;20;60;62;25;10;1;0
502;Groningen (PV);2004 3e kwartaal;156;156;0.0;156;41;115;156;156;120;4;21;11;0;156;7;57;43;35;12;2;0
503;Groningen (PV);2004 4e kwartaal;201;201;0.0;201;37;164;201;201;161;8;19;13;0;201;10;67;67;43;10;4;0
504;Groningen (PV);2004;684;683;1.0;684;135;549;684;684;539;16;84;45;0;684;46;243;211;131;46;7;0
505;Groningen (PV);2005 1e kwartaal;211;211;0.0;211;35;176;211;211;163;2;28;18;0;211;18;65;60;40;23;5;0
506;Groningen (PV);2005 2e kwartaal;194;194;0.0;194;26;168;194;194;148;3;32;11;0;194;14;76;57;30;13;4;0
507;Groningen (PV);2005 3e kwartaal;141;141;0.0;141;33;108;141;141;103;1;20;17;0;141;7;42;39;31;21;1;0
508;Groningen (PV);2005 4e kwartaal;246;246;0.0;246;40;206;246;246;178;7;34;27;0;246;19;82;81;52;9;3;0
509;Groningen (PV);2005;792;792;0.0;792;134;658;792;792;592;13;114;73;0;792;58;265;237;153;66;13;0
510;Groningen (PV);2006 1e kwartaal;175;175;0.0;175;40;135;175;175;113;6;26;30;0;175;14;50;58;35;16;2;0
511;Groningen (PV);2006 2e kwartaal;174;174;0.0;174;32;142;174;174;116;8;31;19;0;174;13;47;56;43;10;5;0
512;Groningen (PV);2006 3e kwartaal;152;152;0.0;152;24;128;152;152;108;4;11;29;0;152;9;52;44;32;11;4;0
513;Groningen (PV);2006 4e kwartaal;189;189;0.0;189;25;164;189;189;149;4;11;25;0;189;15;40;56;53;22;3;0
514;Groningen (PV);2006;690;690;0.0;690;121;569;690;690;486;22;79;103;0;690;51;189;214;163;59;14;0
515;Groningen (PV);2007 1e kwartaal;202;202;0.0;202;34;168;202;202;146;7;14;35;0;202;9;61;70;36;22;4;0
516;Groningen (PV);2007 2e kwartaal;199;199;0.0;199;36;163;199;199;154;5;12;28;0;199;6;48;68;52;21;4;0
517;Groningen (PV);2007 3e kwartaal;188;188;0.0;188;30;158;188;188;139;6;10;33;0;188;8;69;59;31;17;4;0
518;Groningen (PV);2007 4e kwartaal;164;164;0.0;164;26;138;164;164;118;2;9;35;0;164;16;52;58;32;3;3;0
519;Groningen (PV);2007;753;753;0.0;753;126;627;753;753;557;20;45;131;0;753;39;230;255;151;63;15;0
520;Groningen (PV);2008 1e kwartaal;122;122;;122;25;97;122;122;92;1;8;21;0;122;4;45;44;19;9;1;0
521;Groningen (PV);2008 2e kwartaal;88;88;;88;16;72;88;88;73;1;2;12;0;88;6;27;27;20;7;1;0
522;Groningen (PV);2008 3e kwartaal;83;83;;83;21;62;83;83;62;4;5;12;0;83;2;12;30;23;13;3;0
523;Groningen (PV);2008 4e kwartaal;113;113;;113;11;102;113;113;90;0;6;17;0;113;7;40;38;13;11;4;0
524;Groningen (PV);2008;406;406;;406;73;333;406;406;317;6;21;62;0;406;19;124;139;75;40;9;0
525;Groningen (PV);2009 1e kwartaal;123;123;;123;24;99;123;123;94;3;11;15;0;123;11;34;44;20;12;2;0
526;Groningen (PV);2009 2e kwartaal;108;108;;108;14;94;108;108;88;1;4;15;0;108;8;33;35;21;9;2;0
527;Groningen (PV);2009 3e kwartaal;125;125;;125;19;106;125;125;100;1;1;23;0;125;5;41;38;19;16;6;0
528;Groningen (PV);2009 4e kwartaal;144;144;;144;30;114;144;144;123;0;0;21;0;144;7;47;41;31;15;3;0
529;Groningen (PV);2009;500;500;;500;87;413;500;500;405;5;16;74;0;500;31;155;158;91;52;13;0
530;Groningen (PV);2010 1e kwartaal;194;194;;194;29;165;194;194;145;4;8;37;0;194;5;46;61;58;22;2;0
531;Groningen (PV);2010 2e kwartaal;165;165;;165;34;131;165;165;137;2;7;19;0;165;11;47;56;36;10;5;0
532;Groningen (PV);2010 3e kwartaal;162;162;;162;26;136;162;162;133;6;6;17;0;162;8;30;63;40;15;6;0
533;Groningen (PV);2010 4e kwartaal;191;191;;191;35;156;191;191;156;7;3;25;0;191;10;46;60;54;15;6;0
534;Groningen (PV);2010;712;712;;712;124;588;712;712;571;19;24;98;0;712;34;169;240;188;62;19;0
535;Groningen (PV);2011 1e kwartaal;193;193;;193;38;155;193;193;157;3;4;29;0;193;13;55;56;44;19;6;0
536;Groningen (PV);2011 2e kwartaal;198;198;;198;40;158;198;198;156;3;7;32;0;198;11;40;66;49;30;2;0
537;Groningen (PV);2011 3e kwartaal;179;179;;179;37;142;179;179;152;0;4;23;0;179;8;47;62;43;19;0;0
538;Groningen (PV);2011 4e kwartaal;201;201;;201;38;163;201;201;168;1;6;26;0;201;3;65;58;53;18;4;0
539;Groningen (PV);2011;771;771;;771;153;618;771;771;633;7;21;110;0;771;35;207;242;189;86;12;0
540;Groningen (PV);2012 1e kwartaal;212;212;;212;31;181;212;212;170;1;5;36;0;212;17;60;65;45;19;6;0
541;Groningen (PV);2012 2e kwartaal;191;191;;191;34;157;191;191;160;0;5;26;0;191;4;52;64;48;16;7;0
542;Groningen (PV);2012 3e kwartaal;201;201;;201;31;170;201;199;169;0;3;27;2;201;7;53;62;46;27;6;0
543;Groningen (PV);2012 4e kwartaal;205;205;;205;31;174;205;203;162;2;3;36;2;205;4;55;69;48;24;5;0
544;Groningen (PV);2012;809;809;;809;127;682;809;805;661;3;16;125;4;809;32;220;260;187;86;24;0
545;Groningen (PV);2013 1e kwartaal;206;206;;206;36;170;206;205;178;2;4;21;1;206;2;48;68;58;27;3;0
546;Groningen (PV);2013 2e kwartaal;152;152;;152;38;114;152;152;130;3;0;19;0;152;8;32;51;38;21;2;0
547;Groningen (PV);2013 3e kwartaal;192;192;;192;39;153;192;190;158;2;7;23;2;192;7;35;59;59;27;5;0
548;Groningen (PV);2013 4e kwartaal;188;188;;188;39;149;188;187;165;4;2;16;1;188;5;31;63;46;33;10;0
549;Groningen (PV);2013;738;738;;738;152;586;738;734;631;11;13;79;4;738;22;146;241;201;108;20;0
550;Groningen (PV);2014 1e kwartaal;206;206;;206;40;166;206;200;182;0;2;16;6;206;9;34;63;71;23;6;0
551;Groningen (PV);2014 2e kwartaal;246;246;;246;45;201;246;235;208;4;1;22;11;246;5;59;66;77;29;10;0
552;Groningen (PV);2014 3e kwartaal;200;200;;200;35;165;200;182;166;1;0;15;18;200;12;40;57;57;23;11;0
553;Groningen (PV);2014 4e kwartaal;220;220;;220;34;186;220;158;135;2;1;20;62;220;3;56;58;63;32;8;0
554;Groningen (PV);2014;872;872;;872;154;718;872;775;691;7;4;73;97;872;29;189;244;268;107;35;0
555;Groningen (PV);2015 1e kwartaal;221;221;;221;37;184;221;52;36;3;0;13;169;221;6;38;71;68;30;8;0
556;Groningen (PV);2015 2e kwartaal;205;205;;205;43;162;205;31;17;2;1;11;174;205;9;46;54;63;28;5;0
557;Groningen (PV);2015 3e kwartaal;243;243;;243;40;203;243;49;37;1;1;10;194;243;5;47;69;85;33;4;0
558;Groningen (PV);2015 4e kwartaal;215;215;;215;37;178;215;35;21;3;3;8;180;215;5;51;67;50;32;10;0
559;Groningen (PV);2015;884;884;;884;157;727;884;167;111;9;5;42;717;884;25;182;261;266;123;27;0
560;Groningen (PV);2016 1e kwartaal;201;201;;201;31;170;201;26;20;2;0;4;175;201;3;56;60;56;22;4;0
561;Groningen (PV);2016 2e kwartaal;167;167;;167;33;134;167;18;13;0;0;5;149;167;7;42;42;48;22;6;0
562;Groningen (PV);2016 3e kwartaal;171;171;;171;27;144;171;20;14;1;1;4;151;171;6;29;59;46;28;3;0
563;Groningen (PV);2016 4e kwartaal;166;166;;166;35;131;166;4;2;0;0;2;162;166;2;35;49;54;21;5;0
564;Groningen (PV);2016;705;705;;705;126;579;705;68;49;3;1;15;637;705;18;162;210;204;93;18;0
565;Groningen (PV);2017 1e kwartaal;190;190;;190;26;164;190;3;0;0;1;2;187;190;1;55;59;43;23;9;0
566;Groningen (PV);2017 2e kwartaal;131;131;;131;11;120;131;1;0;0;0;1;130;131;4;28;23;41;25;10;0
567;Groningen (PV);2017 3e kwartaal;129;129;;129;18;111;129;0;0;0;0;0;129;129;1;30;45;32;17;4;0
568;Groningen (PV);2017 4e kwartaal;139;139;;139;20;119;139;0;0;0;0;0;139;139;7;32;37;44;13;6;0
569;Groningen (PV);2017;589;589;;589;75;514;589;4;0;0;1;3;585;589;13;145;164;160;78;29;0
570;Friesland (PV);1999 1e kwartaal;50;47;3.0;50;17;33;50;50;27;15;8;0;0;50;0;17;18;12;3;0;0
571;Friesland (PV);1999 2e kwartaal;40;37;3.0;40;11;29;40;40;26;2;8;4;0;40;2;7;12;15;3;1;0
572;Friesland (PV);1999 3e kwartaal;66;66;0.0;66;13;53;66;66;43;15;6;2;0;66;4;20;21;18;3;0;0
573;Friesland (PV);1999 4e kwartaal;48;43;5.0;48;10;38;48;48;27;16;4;1;0;48;1;17;18;10;2;0;0
574;Friesland (PV);1999;204;193;11.0;204;51;153;204;204;123;48;26;7;0;204;7;61;69;55;11;1;0
575;Friesland (PV);2000 1e kwartaal;74;74;0.0;74;15;59;74;74;55;5;6;8;0;74;2;15;34;14;7;2;0
576;Friesland (PV);2000 2e kwartaal;63;61;2.0;63;9;54;63;63;40;12;7;4;0;63;3;20;25;11;2;2;0
577;Friesland (PV);2000 3e kwartaal;81;73;8.0;81;10;71;81;81;58;6;16;1;0;81;3;21;22;24;8;3;0
578;Friesland (PV);2000 4e kwartaal;59;59;0.0;59;15;44;59;59;31;11;14;3;0;59;5;22;17;14;1;0;0
579;Friesland (PV);2000;277;267;10.0;277;49;228;277;277;184;34;43;16;0;277;13;78;98;63;18;7;0
580;Friesland (PV);2001 1e kwartaal;95;95;0.0;95;24;71;95;95;71;15;7;2;0;95;4;30;35;14;8;4;0
581;Friesland (PV);2001 2e kwartaal;73;73;0.0;73;16;57;73;73;48;9;15;1;0;73;5;26;22;15;5;0;0
582;Friesland (PV);2001 3e kwartaal;52;50;2.0;52;9;43;52;52;36;9;6;1;0;52;5;10;21;11;5;0;0
583;Friesland (PV);2001 4e kwartaal;69;65;4.0;69;12;57;69;69;49;8;10;2;0;69;3;24;20;14;7;1;0
584;Friesland (PV);2001;289;283;6.0;289;61;228;289;289;204;41;38;6;0;289;17;90;98;54;25;5;0
585;Friesland (PV);2002 1e kwartaal;83;70;13.0;83;21;62;83;83;66;7;8;2;0;83;6;22;30;15;9;1;0
586;Friesland (PV);2002 2e kwartaal;46;36;10.0;46;11;35;46;46;35;4;6;1;0;46;2;15;13;14;2;0;0
587;Friesland (PV);2002 3e kwartaal;78;70;8.0;78;24;54;78;78;65;4;4;5;0;78;5;21;29;17;6;0;0
588;Friesland (PV);2002 4e kwartaal;52;46;6.0;52;22;30;52;52;41;5;6;0;0;52;2;13;22;11;4;0;0
589;Friesland (PV);2002;259;222;37.0;259;78;181;259;259;207;20;24;8;0;259;15;71;94;57;21;1;0
590;Friesland (PV);2003 1e kwartaal;47;44;3.0;47;14;33;47;47;32;3;12;0;0;47;1;17;20;7;1;1;0
591;Friesland (PV);2003 2e kwartaal;84;82;2.0;84;31;53;84;84;68;6;8;2;0;84;3;28;35;17;1;0;0
592;Friesland (PV);2003 3e kwartaal;46;38;8.0;46;23;23;46;46;34;7;3;2;0;46;1;21;15;6;2;1;0
593;Friesland (PV);2003 4e kwartaal;47;44;3.0;47;10;37;47;47;38;2;6;1;0;47;2;19;15;8;3;0;0
594;Friesland (PV);2003;224;208;16.0;224;78;146;224;224;172;18;29;5;0;224;7;85;85;38;7;2;0
595;Friesland (PV);2004 1e kwartaal;69;61;8.0;69;26;43;69;69;50;16;3;0;0;69;5;19;17;20;8;0;0
596;Friesland (PV);2004 2e kwartaal;60;52;8.0;60;25;35;60;60;37;15;5;3;0;60;3;17;20;10;5;5;0
597;Friesland (PV);2004 3e kwartaal;73;66;7.0;73;36;37;73;73;49;16;5;3;0;73;0;21;32;15;4;1;0
598;Friesland (PV);2004 4e kwartaal;81;76;5.0;81;26;55;81;81;58;8;5;10;0;81;4;31;26;15;5;0;0
599;Friesland (PV);2004;283;255;28.0;283;113;170;283;283;194;55;18;16;0;283;12;88;95;60;22;6;0
600;Friesland (PV);2005 1e kwartaal;106;95;11.0;106;45;61;106;106;71;21;9;5;0;106;8;30;40;20;7;1;0
601;Friesland (PV);2005 2e kwartaal;91;79;12.0;91;24;67;91;91;69;13;4;5;0;91;10;29;32;14;5;1;0
602;Friesland (PV);2005 3e kwartaal;65;61;4.0;65;28;37;65;65;50;8;5;2;0;65;2;19;22;15;7;0;0
603;Friesland (PV);2005 4e kwartaal;101;87;14.0;101;36;65;101;101;70;22;6;3;0;101;8;28;33;19;11;2;0
604;Friesland (PV);2005;363;322;41.0;363;133;230;363;363;260;64;24;15;0;363;28;106;127;68;30;4;0
605;Friesland (PV);2006 1e kwartaal;71;67;4.0;71;24;47;71;71;53;9;3;6;0;71;4;27;25;7;8;0;0
606;Friesland (PV);2006 2e kwartaal;97;91;6.0;97;35;62;97;97;61;21;7;8;0;97;3;35;27;17;14;1;0
607;Friesland (PV);2006 3e kwartaal;61;56;5.0;61;25;36;61;61;41;8;6;6;0;61;1;13;17;15;14;1;0
608;Friesland (PV);2006 4e kwartaal;70;61;9.0;70;28;42;70;70;48;11;4;7;0;70;7;21;28;6;8;0;0
609;Friesland (PV);2006;299;275;24.0;299;112;187;299;299;203;49;20;27;0;299;15;96;97;45;44;2;0
610;Friesland (PV);2007 1e kwartaal;65;59;6.0;65;31;34;65;65;39;16;1;9;0;65;4;17;19;21;2;2;0
611;Friesland (PV);2007 2e kwartaal;63;61;2.0;63;31;32;63;63;45;11;2;5;0;63;3;16;13;19;7;5;0
612;Friesland (PV);2007 3e kwartaal;70;66;4.0;70;26;44;70;70;54;6;4;6;0;70;1;20;25;19;5;0;0
613;Friesland (PV);2007 4e kwartaal;71;67;4.0;71;23;48;71;71;53;12;6;0;0;71;0;20;25;23;3;0;0
614;Friesland (PV);2007;269;253;16.0;269;111;158;269;269;191;45;13;20;0;269;8;73;82;82;17;7;0
615;Friesland (PV);2008 1e kwartaal;58;58;;58;27;31;58;58;34;16;4;4;0;58;4;18;18;12;4;2;0
616;Friesland (PV);2008 2e kwartaal;69;69;;69;30;39;69;69;46;18;0;5;0;69;2;13;26;16;8;4;0
617;Friesland (PV);2008 3e kwartaal;72;72;;72;35;37;72;72;47;24;0;1;0;72;3;20;26;15;8;0;0
618;Friesland (PV);2008 4e kwartaal;82;82;;82;39;43;82;82;56;15;3;8;0;82;1;18;35;18;9;1;0
619;Friesland (PV);2008;281;281;;281;131;150;281;281;183;73;7;18;0;281;10;69;105;61;29;7;0
620;Friesland (PV);2009 1e kwartaal;108;108;;108;40;68;108;108;74;20;5;9;0;108;5;26;37;25;12;3;0
621;Friesland (PV);2009 2e kwartaal;113;113;;113;62;51;113;113;70;37;0;6;0;113;2;25;48;28;7;3;0
622;Friesland (PV);2009 3e kwartaal;102;102;;102;39;63;102;102;71;23;0;8;0;102;6;25;43;21;7;0;0
623;Friesland (PV);2009 4e kwartaal;110;110;;110;61;49;110;110;76;20;5;9;0;110;2;25;33;34;12;4;0
624;Friesland (PV);2009;433;433;;433;202;231;433;433;291;100;10;32;0;433;15;101;161;108;38;10;0
625;Friesland (PV);2010 1e kwartaal;118;118;;118;57;61;118;118;94;14;1;9;0;118;3;32;39;31;12;1;0
626;Friesland (PV);2010 2e kwartaal;86;86;;86;45;41;86;86;60;14;2;10;0;86;1;19;33;25;5;3;0
627;Friesland (PV);2010 3e kwartaal;94;94;;94;46;48;94;94;67;13;1;13;0;94;4;28;34;21;6;1;0
628;Friesland (PV);2010 4e kwartaal;127;127;;127;61;66;127;127;95;24;2;6;0;127;7;29;43;30;17;1;0
629;Friesland (PV);2010;425;425;;425;209;216;425;425;316;65;6;38;0;425;15;108;149;107;40;6;0
630;Friesland (PV);2011 1e kwartaal;181;181;;181;64;117;181;181;150;16;2;13;0;181;5;53;59;50;11;3;0
631;Friesland (PV);2011 2e kwartaal;217;217;;217;55;162;217;217;178;18;4;17;0;217;9;58;77;43;26;4;0
632;Friesland (PV);2011 3e kwartaal;170;170;;170;41;129;170;170;145;8;1;16;0;170;6;38;65;42;16;3;0
633;Friesland (PV);2011 4e kwartaal;178;178;;178;44;134;178;178;152;7;3;16;0;178;11;35;61;54;14;3;0
634;Friesland (PV);2011;746;746;;746;204;542;746;746;625;49;10;62;0;746;31;184;262;189;67;13;0
635;Friesland (PV);2012 1e kwartaal;231;231;;231;58;173;231;231;189;13;5;24;0;231;7;53;78;62;28;3;0
636;Friesland (PV);2012 2e kwartaal;173;173;;173;44;129;173;173;135;17;2;19;0;173;5;44;50;54;17;3;0
637;Friesland (PV);2012 3e kwartaal;185;185;;185;61;124;185;185;155;11;1;18;0;185;5;42;57;56;21;4;0
638;Friesland (PV);2012 4e kwartaal;192;192;;192;47;145;192;192;149;28;2;13;0;192;6;45;63;48;22;8;0
639;Friesland (PV);2012;781;781;;781;210;571;781;781;628;69;10;74;0;781;23;184;248;220;88;18;0
640;Friesland (PV);2013 1e kwartaal;254;254;;254;75;179;254;253;209;18;6;20;1;254;9;61;93;58;27;6;0
641;Friesland (PV);2013 2e kwartaal;201;201;;201;49;152;201;198;172;3;3;20;3;201;9;55;54;42;36;5;0
642;Friesland (PV);2013 3e kwartaal;211;211;;211;62;149;211;208;158;22;5;23;3;211;2;53;68;56;23;9;0
643;Friesland (PV);2013 4e kwartaal;172;172;;172;51;121;172;169;145;11;3;10;3;172;7;25;62;54;21;3;0
644;Friesland (PV);2013;838;838;;838;237;601;838;828;684;54;17;73;10;838;27;194;277;210;107;23;0
645;Friesland (PV);2014 1e kwartaal;314;314;;314;63;251;314;306;248;19;7;32;8;314;4;66;100;86;47;11;0
646;Friesland (PV);2014 2e kwartaal;289;289;;289;79;210;289;268;214;33;2;19;21;289;8;69;90;85;35;2;0
647;Friesland (PV);2014 3e kwartaal;238;238;;238;51;187;238;213;174;18;3;18;25;238;12;45;64;76;31;10;0
648;Friesland (PV);2014 4e kwartaal;219;219;;219;52;167;219;118;89;15;2;12;101;219;7;53;60;58;36;5;0
649;Friesland (PV);2014;1060;1060;;1060;245;815;1060;905;725;85;14;81;155;1060;31;233;314;305;149;28;0
650;Friesland (PV);2015 1e kwartaal;245;245;;245;61;184;245;74;28;17;3;26;171;245;8;54;80;69;32;2;0
651;Friesland (PV);2015 2e kwartaal;188;188;;188;47;141;188;51;19;15;1;16;137;188;7;42;59;50;25;5;0
652;Friesland (PV);2015 3e kwartaal;173;173;;173;42;131;173;48;14;18;2;14;125;173;7;33;59;43;25;6;0
653;Friesland (PV);2015 4e kwartaal;176;176;;176;48;128;176;35;15;8;2;10;141;176;2;46;45;54;22;7;0
654;Friesland (PV);2015;782;782;;782;198;584;782;208;76;58;8;66;574;782;24;175;243;216;104;20;0
655;Friesland (PV);2016 1e kwartaal;144;144;;144;53;91;144;22;8;7;0;7;122;144;3;21;36;58;21;5;0
656;Friesland (PV);2016 2e kwartaal;120;120;;120;33;87;120;18;8;6;0;4;102;120;3;38;33;29;14;3;0
657;Friesland (PV);2016 3e kwartaal;104;104;;104;31;73;104;8;4;3;0;1;96;104;2;14;29;45;11;3;0
658;Friesland (PV);2016 4e kwartaal;104;104;;104;25;79;104;7;2;1;0;4;97;104;3;21;25;32;17;6;0
659;Friesland (PV);2016;472;472;;472;142;330;472;55;22;17;0;16;417;472;11;94;123;164;63;17;0
660;Friesland (PV);2017 1e kwartaal;86;86;;86;23;63;86;3;0;1;0;2;83;86;1;17;25;29;13;1;0
661;Friesland (PV);2017 2e kwartaal;111;111;;111;23;88;111;2;0;2;0;0;109;111;1;30;35;24;18;3;0
662;Friesland (PV);2017 3e kwartaal;93;93;;93;21;72;93;3;0;0;0;3;90;93;4;13;30;31;14;1;0
663;Friesland (PV);2017 4e kwartaal;90;90;;90;20;70;90;0;0;0;0;0;90;90;3;25;24;27;7;4;0
664;Friesland (PV);2017;380;380;;380;87;293;380;8;0;3;0;5;372;380;9;85;114;111;52;9;0
665;Drenthe (PV);1999 1e kwartaal;14;14;0.0;14;4;10;14;14;9;0;3;2;0;14;0;0;9;4;1;0;0
666;Drenthe (PV);1999 2e kwartaal;28;19;9.0;28;8;20;28;28;19;1;5;3;0;28;0;15;8;5;0;0;0
667;Drenthe (PV);1999 3e kwartaal;35;33;2.0;35;4;31;35;35;28;2;3;2;0;35;0;16;13;5;1;0;0
668;Drenthe (PV);1999 4e kwartaal;79;74;5.0;79;11;68;79;79;49;2;17;11;0;79;5;32;27;10;5;0;0
669;Drenthe (PV);1999;156;140;16.0;156;27;129;156;156;105;5;28;18;0;156;5;63;57;24;7;0;0
670;Drenthe (PV);2000 1e kwartaal;87;80;7.0;87;18;69;87;87;57;2;20;8;0;87;8;18;34;18;8;1;0
671;Drenthe (PV);2000 2e kwartaal;79;69;10.0;79;21;58;79;79;60;2;10;7;0;79;6;29;30;9;2;3;0
672;Drenthe (PV);2000 3e kwartaal;63;49;14.0;63;17;46;63;63;42;1;15;5;0;63;8;16;25;10;3;1;0
673;Drenthe (PV);2000 4e kwartaal;58;56;2.0;58;9;49;58;58;34;2;9;13;0;58;6;12;22;11;6;1;0
674;Drenthe (PV);2000;287;254;33.0;287;65;222;287;287;193;7;54;33;0;287;28;75;111;48;19;6;0
675;Drenthe (PV);2001 1e kwartaal;66;53;13.0;66;18;48;66;66;38;3;11;14;0;66;4;21;18;16;4;3;0
676;Drenthe (PV);2001 2e kwartaal;95;90;5.0;95;9;86;95;95;60;2;10;23;0;95;6;21;41;16;10;1;0
677;Drenthe (PV);2001 3e kwartaal;113;103;10.0;113;26;87;113;113;56;2;17;38;0;113;6;41;43;14;8;1;0
678;Drenthe (PV);2001 4e kwartaal;86;78;8.0;86;27;59;86;86;46;3;15;22;0;86;6;27;30;18;5;0;0
679;Drenthe (PV);2001;360;324;36.0;360;80;280;360;360;200;10;53;97;0;360;22;110;132;64;27;5;0
680;Drenthe (PV);2002 1e kwartaal;75;73;2.0;75;17;58;75;75;50;1;13;11;0;75;5;26;26;9;8;1;0
681;Drenthe (PV);2002 2e kwartaal;94;85;9.0;94;23;71;94;94;57;3;26;8;0;94;16;25;32;15;6;0;0
682;Drenthe (PV);2002 3e kwartaal;75;73;2.0;75;15;60;75;75;48;5;17;5;0;75;4;27;26;10;8;0;0
683;Drenthe (PV);2002 4e kwartaal;83;80;3.0;83;12;71;83;83;64;0;17;2;0;83;10;24;26;14;9;0;0
684;Drenthe (PV);2002;327;311;16.0;327;67;260;327;327;219;9;73;26;0;327;35;102;110;48;31;1;0
685;Drenthe (PV);2003 1e kwartaal;89;75;14.0;89;16;73;89;89;67;0;14;8;0;89;9;25;34;18;3;0;0
686;Drenthe (PV);2003 2e kwartaal;104;89;15.0;104;20;84;104;104;77;0;20;7;0;104;10;44;22;24;3;1;0
687;Drenthe (PV);2003 3e kwartaal;80;72;8.0;80;14;66;80;80;54;1;21;4;0;80;8;25;25;15;6;1;0
688;Drenthe (PV);2003 4e kwartaal;112;103;9.0;112;19;93;112;112;84;0;17;11;0;112;15;21;37;26;11;2;0
689;Drenthe (PV);2003;385;339;46.0;385;69;316;385;385;282;1;72;30;0;385;42;115;118;83;23;4;0
690;Drenthe (PV);2004 1e kwartaal;173;159;14.0;173;44;129;173;173;123;3;26;21;0;173;17;63;50;33;9;1;0
691;Drenthe (PV);2004 2e kwartaal;136;114;22.0;136;30;106;136;136;108;3;19;6;0;136;12;35;54;25;10;0;0
692;Drenthe (PV);2004 3e kwartaal;134;129;5.0;134;31;103;134;134;93;2;30;9;0;134;10;34;45;32;10;3;0
693;Drenthe (PV);2004 4e kwartaal;130;118;12.0;130;29;101;130;130;88;3;25;14;0;130;12;51;37;23;6;1;0
694;Drenthe (PV);2004;573;520;53.0;573;134;439;573;573;412;11;100;50;0;573;51;183;186;113;35;5;0
695;Drenthe (PV);2005 1e kwartaal;123;120;3.0;123;14;109;123;123;97;0;14;12;0;123;9;35;47;26;5;1;0
696;Drenthe (PV);2005 2e kwartaal;132;122;10.0;132;30;102;132;132;96;3;17;16;0;132;6;34;52;22;12;6;0
697;Drenthe (PV);2005 3e kwartaal;151;139;12.0;151;36;115;151;151;114;5;12;20;0;151;13;45;48;28;16;1;0
698;Drenthe (PV);2005 4e kwartaal;112;106;6.0;112;20;92;112;112;82;6;9;15;0;112;5;34;32;20;17;4;0
699;Drenthe (PV);2005;518;487;31.0;518;100;418;518;518;389;14;52;63;0;518;33;148;179;96;50;12;0
700;Drenthe (PV);2006 1e kwartaal;105;96;9.0;105;16;89;105;105;81;2;9;13;0;105;3;30;38;23;11;0;0
701;Drenthe (PV);2006 2e kwartaal;117;108;9.0;117;19;98;117;117;92;7;5;13;0;117;10;39;35;20;11;2;0
702;Drenthe (PV);2006 3e kwartaal;144;137;7.0;144;23;121;144;144;106;4;14;20;0;144;5;36;41;33;22;7;0
703;Drenthe (PV);2006 4e kwartaal;108;100;8.0;108;18;90;108;108;85;2;6;15;0;108;9;32;39;18;8;2;0
704;Drenthe (PV);2006;474;441;33.0;474;76;398;474;474;364;15;34;61;0;474;27;137;153;94;52;11;0
705;Drenthe (PV);2007 1e kwartaal;158;147;11.0;158;35;123;158;158;126;0;8;24;0;158;6;41;57;32;18;4;0
706;Drenthe (PV);2007 2e kwartaal;111;102;9.0;111;25;86;111;111;69;5;6;31;0;111;10;26;41;24;9;1;0
707;Drenthe (PV);2007 3e kwartaal;107;102;5.0;107;14;93;107;107;77;0;6;24;0;107;7;28;33;21;18;0;0
708;Drenthe (PV);2007 4e kwartaal;96;88;8.0;96;16;80;96;96;70;4;3;19;0;96;9;27;23;28;6;3;0
709;Drenthe (PV);2007;472;439;33.0;472;90;382;472;472;342;9;23;98;0;472;32;122;154;105;51;8;0
710;Drenthe (PV);2008 1e kwartaal;101;101;;101;18;83;101;101;69;5;6;21;0;101;3;24;25;34;13;2;0
711;Drenthe (PV);2008 2e kwartaal;52;52;;52;11;41;52;52;42;2;0;8;0;52;2;16;11;15;8;0;0
712;Drenthe (PV);2008 3e kwartaal;62;62;;62;19;43;62;62;51;1;7;3;0;62;1;11;21;23;5;1;0
713;Drenthe (PV);2008 4e kwartaal;83;83;;83;26;57;83;83;76;2;0;5;0;83;3;20;30;24;6;0;0
714;Drenthe (PV);2008;298;298;;298;74;224;298;298;238;10;13;37;0;298;9;71;87;96;32;3;0
715;Drenthe (PV);2009 1e kwartaal;63;63;;63;17;46;63;63;56;2;0;5;0;63;0;19;20;16;8;0;0
716;Drenthe (PV);2009 2e kwartaal;61;61;;61;14;47;61;61;52;2;4;3;0;61;1;16;13;17;10;4;0
717;Drenthe (PV);2009 3e kwartaal;80;80;;80;15;65;80;80;56;2;4;18;0;80;4;23;26;18;9;0;0
718;Drenthe (PV);2009 4e kwartaal;100;100;;100;33;67;100;100;77;2;3;18;0;100;5;26;34;19;15;1;0
719;Drenthe (PV);2009;304;304;;304;79;225;304;304;241;8;11;44;0;304;10;84;93;70;42;5;0
720;Drenthe (PV);2010 1e kwartaal;78;78;;78;19;59;78;78;55;6;5;12;0;78;3;18;30;23;3;1;0
721;Drenthe (PV);2010 2e kwartaal;78;78;;78;21;57;78;78;55;3;1;19;0;78;5;26;27;15;5;0;0
722;Drenthe (PV);2010 3e kwartaal;66;66;;66;15;51;66;66;47;2;6;11;0;66;4;17;21;15;8;1;0
723;Drenthe (PV);2010 4e kwartaal;101;101;;101;28;73;101;101;90;0;2;9;0;101;4;19;40;27;9;2;0
724;Drenthe (PV);2010;323;323;;323;83;240;323;323;247;11;14;51;0;323;16;80;118;80;25;4;0
725;Drenthe (PV);2011 1e kwartaal;99;99;;99;30;69;99;99;78;2;4;15;0;99;2;27;41;22;5;2;0
726;Drenthe (PV);2011 2e kwartaal;124;124;;124;32;92;124;124;105;4;5;10;0;124;1;30;37;42;13;1;0
727;Drenthe (PV);2011 3e kwartaal;115;115;;115;26;89;115;115;92;1;3;19;0;115;7;31;34;33;9;1;0
728;Drenthe (PV);2011 4e kwartaal;124;124;;124;30;94;124;124;112;0;3;9;0;124;5;35;33;37;13;1;0
729;Drenthe (PV);2011;462;462;;462;118;344;462;462;387;7;15;53;0;462;15;123;145;134;40;5;0
730;Drenthe (PV);2012 1e kwartaal;109;109;;109;26;83;109;109;93;0;4;12;0;109;1;30;35;34;8;1;0
731;Drenthe (PV);2012 2e kwartaal;144;144;;144;42;102;144;144;120;2;3;19;0;144;5;32;36;51;17;3;0
732;Drenthe (PV);2012 3e kwartaal;164;164;;164;35;129;164;164;128;2;5;29;0;164;3;35;54;52;18;2;0
733;Drenthe (PV);2012 4e kwartaal;160;160;;160;35;125;160;160;140;1;1;18;0;160;3;42;44;48;17;6;0
734;Drenthe (PV);2012;577;577;;577;138;439;577;577;481;5;13;78;0;577;12;139;169;185;60;12;0
735;Drenthe (PV);2013 1e kwartaal;144;144;;144;37;107;144;143;114;4;9;16;1;144;3;38;49;42;12;0;0
736;Drenthe (PV);2013 2e kwartaal;132;132;;132;44;88;132;130;103;2;5;20;2;132;5;43;31;25;22;6;0
737;Drenthe (PV);2013 3e kwartaal;145;145;;145;40;105;145;145;118;3;0;24;0;145;2;38;43;37;19;6;0
738;Drenthe (PV);2013 4e kwartaal;97;97;;97;33;64;97;90;78;4;0;8;7;97;3;20;23;37;11;3;0
739;Drenthe (PV);2013;518;518;;518;154;364;518;508;413;13;14;68;10;518;13;139;146;141;64;15;0
740;Drenthe (PV);2014 1e kwartaal;149;149;;149;39;110;149;143;128;2;1;12;6;149;0;26;51;46;22;4;0
741;Drenthe (PV);2014 2e kwartaal;113;113;;113;38;75;113;101;86;3;0;12;12;113;2;27;38;32;14;0;0
742;Drenthe (PV);2014 3e kwartaal;110;110;;110;22;88;110;100;91;1;1;7;10;110;3;23;44;28;10;2;0
743;Drenthe (PV);2014 4e kwartaal;102;102;;102;27;75;102;78;69;3;3;3;24;102;1;16;36;31;16;2;0
744;Drenthe (PV);2014;474;474;;474;126;348;474;422;374;9;5;34;52;474;6;92;169;137;62;8;0
745;Drenthe (PV);2015 1e kwartaal;137;137;;137;23;114;137;27;15;2;1;9;110;137;0;36;45;37;14;5;0
746;Drenthe (PV);2015 2e kwartaal;120;120;;120;36;84;120;32;22;4;1;5;88;120;4;18;20;46;28;4;0
747;Drenthe (PV);2015 3e kwartaal;112;112;;112;35;77;112;31;10;10;0;11;81;112;4;19;33;24;29;3;0
748;Drenthe (PV);2015 4e kwartaal;123;123;;123;42;81;123;25;15;2;1;7;98;123;2;24;35;35;22;5;0
749;Drenthe (PV);2015;492;492;;492;136;356;492;115;62;18;3;32;377;492;10;97;133;142;93;17;0
750;Drenthe (PV);2016 1e kwartaal;127;127;;127;35;92;127;21;15;1;1;4;106;127;3;23;41;32;24;4;0
751;Drenthe (PV);2016 2e kwartaal;107;107;;107;24;83;107;16;8;3;0;5;91;107;1;18;30;38;20;0;0
752;Drenthe (PV);2016 3e kwartaal;105;105;;105;20;85;105;8;3;1;2;2;97;105;2;19;24;35;19;6;0
753;Drenthe (PV);2016 4e kwartaal;131;131;;131;26;105;131;10;2;4;0;4;121;131;0;29;28;49;18;7;0
754;Drenthe (PV);2016;470;470;;470;105;365;470;55;28;9;3;15;415;470;6;89;123;154;81;17;0
755;Drenthe (PV);2017 1e kwartaal;122;122;;122;25;97;122;0;0;0;0;0;122;122;4;27;39;35;12;5;0
756;Drenthe (PV);2017 2e kwartaal;78;78;;78;11;67;78;0;0;0;0;0;78;78;2;14;25;23;9;5;0
757;Drenthe (PV);2017 3e kwartaal;104;104;;104;20;84;104;0;0;0;0;0;104;104;1;15;23;40;23;2;0
758;Drenthe (PV);2017 4e kwartaal;78;78;;78;16;62;78;0;0;0;0;0;78;78;2;14;21;25;13;3;0
759;Drenthe (PV);2017;382;382;;382;72;310;382;0;0;0;0;0;382;382;9;70;108;123;57;15;0
760;Overijssel (PV);1999 1e kwartaal;88;71;17.0;88;39;49;88;88;53;5;20;10;0;88;1;33;19;33;2;0;0
761;Overijssel (PV);1999 2e kwartaal;118;107;11.0;118;29;89;118;118;86;10;18;4;0;118;7;32;38;31;8;1;1
762;Overijssel (PV);1999 3e kwartaal;195;190;5.0;195;40;155;195;195;141;4;39;11;0;195;13;76;70;27;6;2;1
763;Overijssel (PV);1999 4e kwartaal;252;244;8.0;252;44;208;252;252;182;7;43;20;0;252;26;88;74;47;15;2;0
764;Overijssel (PV);1999;653;612;41.0;653;152;501;653;653;462;26;120;45;0;653;47;229;201;138;31;5;2
765;Overijssel (PV);2000 1e kwartaal;182;172;10.0;182;21;161;182;182;128;3;38;13;0;182;11;63;61;32;13;2;0
766;Overijssel (PV);2000 2e kwartaal;214;199;15.0;214;21;193;214;214;174;5;18;17;0;214;12;77;61;49;14;1;0
767;Overijssel (PV);2000 3e kwartaal;208;204;4.0;208;13;195;208;208;163;4;31;10;0;208;19;65;66;32;24;2;0
768;Overijssel (PV);2000 4e kwartaal;174;166;8.0;174;17;157;174;174;134;3;30;7;0;174;11;68;54;33;5;3;0
769;Overijssel (PV);2000;778;741;37.0;778;72;706;778;778;599;15;117;47;0;778;53;273;242;146;56;8;0
770;Overijssel (PV);2001 1e kwartaal;153;144;9.0;153;46;107;153;153;117;3;25;8;0;153;17;58;50;20;7;1;0
771;Overijssel (PV);2001 2e kwartaal;182;167;15.0;182;35;147;182;182;147;7;23;5;0;182;11;72;64;26;7;2;0
772;Overijssel (PV);2001 3e kwartaal;157;147;10.0;157;20;137;157;157;131;2;10;14;0;157;13;58;52;20;10;4;0
773;Overijssel (PV);2001 4e kwartaal;149;129;20.0;149;31;118;149;149;117;4;22;6;0;149;19;43;50;31;6;0;0
774;Overijssel (PV);2001;641;587;54.0;641;132;509;641;641;512;16;80;33;0;641;60;231;216;97;30;7;0
775;Overijssel (PV);2002 1e kwartaal;209;193;16.0;209;36;173;209;209;157;3;34;15;0;209;19;69;78;28;11;4;0
776;Overijssel (PV);2002 2e kwartaal;186;161;25.0;186;39;147;186;186;137;1;33;15;0;186;19;58;64;25;20;0;0
777;Overijssel (PV);2002 3e kwartaal;180;169;11.0;180;39;141;180;180;144;1;27;8;0;180;12;64;70;25;7;2;0
778;Overijssel (PV);2002 4e kwartaal;188;173;15.0;188;40;148;188;188;140;3;23;22;0;188;20;66;62;32;7;1;0
779;Overijssel (PV);2002;763;696;67.0;763;154;609;763;763;578;8;117;60;0;763;70;257;274;110;45;7;0
780;Overijssel (PV);2003 1e kwartaal;194;188;6.0;194;37;157;194;194;145;4;21;24;0;194;19;75;57;30;9;4;0
781;Overijssel (PV);2003 2e kwartaal;182;176;6.0;182;26;156;182;182;134;0;33;15;0;182;17;70;56;30;8;1;0
782;Overijssel (PV);2003 3e kwartaal;195;187;8.0;195;36;159;195;195;167;0;18;10;0;195;22;60;72;24;16;1;0
783;Overijssel (PV);2003 4e kwartaal;240;236;4.0;240;36;204;240;240;189;3;24;24;0;240;31;84;71;33;18;3;0
784;Overijssel (PV);2003;811;787;24.0;811;135;676;811;811;635;7;96;73;0;811;89;289;256;117;51;9;0
785;Overijssel (PV);2004 1e kwartaal;248;248;0.0;248;44;204;248;248;200;3;27;18;0;248;18;79;73;59;18;1;0
786;Overijssel (PV);2004 2e kwartaal;259;246;13.0;259;51;208;259;259;202;2;37;18;0;259;19;72;89;49;25;5;0
787;Overijssel (PV);2004 3e kwartaal;228;224;4.0;228;40;188;228;228;184;6;28;10;0;228;20;62;75;45;20;6;0
788;Overijssel (PV);2004 4e kwartaal;229;224;5.0;229;24;205;229;229;171;4;48;6;0;229;23;78;69;36;17;6;0
789;Overijssel (PV);2004;964;942;22.0;964;159;805;964;964;757;15;140;52;0;964;80;291;306;189;80;18;0
790;Overijssel (PV);2005 1e kwartaal;256;252;4.0;256;39;217;256;256;216;4;20;16;0;256;15;84;74;58;20;5;0
791;Overijssel (PV);2005 2e kwartaal;268;266;2.0;268;28;240;268;268;222;6;26;14;0;268;24;80;88;62;12;2;0
792;Overijssel (PV);2005 3e kwartaal;274;272;2.0;274;28;246;274;274;201;9;48;16;0;274;17;90;68;66;28;5;0
793;Overijssel (PV);2005 4e kwartaal;344;341;3.0;344;35;309;344;344;263;8;46;27;0;344;29;98;108;67;34;8;0
794;Overijssel (PV);2005;1142;1131;11.0;1142;130;1012;1142;1142;902;27;140;73;0;1142;85;352;338;253;94;20;0
795;Overijssel (PV);2006 1e kwartaal;315;311;4.0;315;38;277;315;315;257;4;36;18;0;315;28;94;100;65;24;4;0
796;Overijssel (PV);2006 2e kwartaal;313;301;12.0;313;58;255;313;313;244;14;36;19;0;313;16;114;90;57;30;6;0
797;Overijssel (PV);2006 3e kwartaal;263;256;7.0;263;52;211;263;263;221;8;17;17;0;263;16;74;88;55;22;8;0
798;Overijssel (PV);2006 4e kwartaal;399;392;7.0;399;59;340;399;399;312;8;25;54;0;399;25;109;130;96;30;9;0
799;Overijssel (PV);2006;1290;1260;30.0;1290;207;1083;1290;1290;1034;34;114;108;0;1290;85;391;408;273;106;27;0
800;Overijssel (PV);2007 1e kwartaal;311;299;12.0;311;33;278;311;311;256;1;19;35;0;311;15;70;118;72;35;1;0
801;Overijssel (PV);2007 2e kwartaal;315;306;9.0;315;37;278;315;315;260;2;16;37;0;315;18;89;107;75;19;7;0
802;Overijssel (PV);2007 3e kwartaal;242;230;12.0;242;42;200;242;242;198;2;15;27;0;242;19;54;85;62;17;5;0
803;Overijssel (PV);2007 4e kwartaal;302;293;9.0;302;30;272;302;302;246;0;34;22;0;302;12;78;102;72;32;6;0
804;Overijssel (PV);2007;1170;1128;42.0;1170;142;1028;1170;1170;960;5;84;121;0;1170;64;291;412;281;103;19;0
805;Overijssel (PV);2008 1e kwartaal;194;194;;194;32;162;194;194;160;1;11;22;0;194;8;48;80;42;13;3;0
806;Overijssel (PV);2008 2e kwartaal;198;198;;198;30;168;198;198;167;2;7;22;0;198;11;49;80;32;22;4;0
807;Overijssel (PV);2008 3e kwartaal;219;219;;219;32;187;219;219;183;7;9;20;0;219;8;57;64;59;29;2;0
808;Overijssel (PV);2008 4e kwartaal;160;160;;160;28;132;160;160;131;0;11;18;0;160;12;41;52;36;14;5;0
809;Overijssel (PV);2008;771;771;;771;122;649;771;771;641;10;38;82;0;771;39;195;276;169;78;14;0
810;Overijssel (PV);2009 1e kwartaal;191;191;;191;37;154;191;191;159;2;8;22;0;191;8;61;56;41;21;4;0
811;Overijssel (PV);2009 2e kwartaal;180;180;;180;40;140;180;180;161;1;6;12;0;180;9;47;56;40;25;3;0
812;Overijssel (PV);2009 3e kwartaal;198;198;;198;38;160;198;198;173;0;9;16;0;198;12;59;52;44;30;1;0
813;Overijssel (PV);2009 4e kwartaal;239;239;;239;37;202;239;239;191;2;15;31;0;239;13;71;88;49;15;3;0
814;Overijssel (PV);2009;808;808;;808;152;656;808;808;684;5;38;81;0;808;42;238;252;174;91;11;0
815;Overijssel (PV);2010 1e kwartaal;261;261;;261;43;218;261;261;196;2;28;35;0;261;19;68;99;50;18;7;0
816;Overijssel (PV);2010 2e kwartaal;232;232;;232;54;178;232;232;181;3;21;27;0;232;14;67;74;55;21;1;0
817;Overijssel (PV);2010 3e kwartaal;225;225;;225;40;185;225;225;178;6;13;28;0;225;4;54;78;61;24;4;0
818;Overijssel (PV);2010 4e kwartaal;295;295;;295;55;240;295;295;239;7;11;38;0;295;10;83;92;74;34;2;0
819;Overijssel (PV);2010;1013;1013;;1013;192;821;1013;1013;794;18;73;128;0;1013;47;272;343;240;97;14;0
820;Overijssel (PV);2011 1e kwartaal;357;357;;357;54;303;357;357;258;2;30;67;0;357;12;102;110;95;37;1;0
821;Overijssel (PV);2011 2e kwartaal;396;396;;396;71;325;396;396;294;9;31;62;0;396;16;97;128;101;47;7;0
822;Overijssel (PV);2011 3e kwartaal;287;287;;287;45;242;287;287;235;6;20;26;0;287;17;95;78;73;21;3;0
823;Overijssel (PV);2011 4e kwartaal;395;395;;395;73;322;395;394;305;7;26;56;1;395;21;118;115;100;34;7;0
824;Overijssel (PV);2011;1435;1435;;1435;243;1192;1435;1434;1092;24;107;211;1;1435;66;412;431;369;139;18;0
825;Overijssel (PV);2012 1e kwartaal;259;259;;259;58;201;259;259;200;2;14;43;0;259;11;62;90;68;18;10;0
826;Overijssel (PV);2012 2e kwartaal;289;289;;289;48;241;289;289;214;1;18;56;0;289;18;82;102;54;27;6;0
827;Overijssel (PV);2012 3e kwartaal;308;308;;308;76;232;308;306;248;2;14;42;2;308;7;82;78;80;57;4;0
828;Overijssel (PV);2012 4e kwartaal;316;316;;316;48;268;316;316;256;3;17;40;0;316;8;83;91;86;44;4;0
829;Overijssel (PV);2012;1172;1172;;1172;230;942;1172;1170;918;8;63;181;2;1172;44;309;361;288;146;24;0
830;Overijssel (PV);2013 1e kwartaal;242;242;;242;50;192;242;240;200;2;10;28;2;242;8;61;83;55;26;9;0
831;Overijssel (PV);2013 2e kwartaal;217;217;;217;32;185;217;216;171;4;15;26;1;217;6;61;54;65;21;10;0
832;Overijssel (PV);2013 3e kwartaal;175;175;;175;32;143;175;171;142;1;8;20;4;175;5;25;55;59;25;6;0
833;Overijssel (PV);2013 4e kwartaal;210;210;;210;47;163;210;197;175;2;4;16;13;210;7;53;60;60;26;4;0
834;Overijssel (PV);2013;844;844;;844;161;683;844;824;688;9;37;90;20;844;26;200;252;239;98;29;0
835;Overijssel (PV);2014 1e kwartaal;229;229;;229;40;189;229;223;193;1;4;25;6;229;6;48;69;59;33;14;0
836;Overijssel (PV);2014 2e kwartaal;213;213;;213;50;163;213;198;170;3;3;22;15;213;1;54;59;58;34;7;0
837;Overijssel (PV);2014 3e kwartaal;216;216;;216;36;180;216;202;182;0;1;19;14;216;7;56;81;49;21;2;0
838;Overijssel (PV);2014 4e kwartaal;189;189;;189;53;136;189;135;115;1;5;14;54;189;3;41;57;55;24;9;0
839;Overijssel (PV);2014;847;847;;847;179;668;847;758;660;5;13;80;89;847;17;199;266;221;112;32;0
840;Overijssel (PV);2015 1e kwartaal;213;213;;213;32;181;213;57;34;1;3;19;156;213;5;64;58;53;26;7;0
841;Overijssel (PV);2015 2e kwartaal;264;264;;264;54;210;264;70;48;0;5;17;194;264;6;50;75;76;44;13;0
842;Overijssel (PV);2015 3e kwartaal;239;239;;239;41;198;239;44;29;1;1;13;195;239;3;50;69;75;31;11;0
843;Overijssel (PV);2015 4e kwartaal;184;184;;184;48;136;184;37;14;0;5;18;147;184;3;27;53;72;21;8;0
844;Overijssel (PV);2015;900;900;;900;175;725;900;208;125;2;14;67;692;900;17;191;255;276;122;39;0
845;Overijssel (PV);2016 1e kwartaal;192;192;;192;44;148;192;45;25;1;3;16;147;192;2;45;52;52;33;8;0
846;Overijssel (PV);2016 2e kwartaal;199;199;;199;31;168;199;27;19;0;2;6;172;199;3;31;67;64;28;6;0
847;Overijssel (PV);2016 3e kwartaal;189;189;;189;33;156;189;30;16;0;2;12;159;189;2;33;42;79;24;9;0
848;Overijssel (PV);2016 4e kwartaal;265;265;;265;36;229;265;20;8;1;2;9;245;265;4;51;87;71;35;17;0
849;Overijssel (PV);2016;845;845;;845;144;701;845;122;68;2;9;43;723;845;11;160;248;266;120;40;0
850;Overijssel (PV);2017 1e kwartaal;276;276;;276;39;237;276;7;0;0;0;7;269;276;2;51;81;80;51;11;0
851;Overijssel (PV);2017 2e kwartaal;213;213;;213;38;175;213;2;0;0;0;2;211;213;2;43;56;69;33;10;0
852;Overijssel (PV);2017 3e kwartaal;185;185;;185;33;152;185;2;0;0;2;0;183;185;2;35;53;59;31;5;0
853;Overijssel (PV);2017 4e kwartaal;149;149;;149;18;131;149;0;0;0;0;0;149;149;2;36;45;37;22;7;0
854;Overijssel (PV);2017;823;823;;823;128;695;823;11;0;0;2;9;812;823;8;165;235;245;137;33;0
855;Flevoland (PV);1999 1e kwartaal;39;30;9.0;39;20;19;39;39;31;4;2;2;0;39;1;6;20;12;0;0;0
856;Flevoland (PV);1999 2e kwartaal;85;81;4.0;85;14;71;85;85;70;1;8;6;0;85;6;20;29;20;9;1;0
857;Flevoland (PV);1999 3e kwartaal;87;73;14.0;87;29;58;87;87;65;4;13;5;0;87;2;25;33;14;13;0;0
858;Flevoland (PV);1999 4e kwartaal;100;81;19.0;100;26;74;100;100;76;4;14;6;0;100;5;38;35;17;4;1;0
859;Flevoland (PV);1999;311;265;46.0;311;89;222;311;311;242;13;37;19;0;311;14;89;117;63;26;2;0
860;Flevoland (PV);2000 1e kwartaal;109;89;20.0;109;21;88;109;109;82;7;16;4;0;109;9;36;33;21;8;2;0
861;Flevoland (PV);2000 2e kwartaal;111;101;10.0;111;27;84;111;111;86;0;16;9;0;111;5;38;41;19;8;0;0
862;Flevoland (PV);2000 3e kwartaal;102;84;18.0;102;11;91;102;102;79;4;12;7;0;102;6;41;33;17;2;3;0
863;Flevoland (PV);2000 4e kwartaal;102;89;13.0;102;21;81;102;102;70;7;13;12;0;102;8;32;31;22;7;2;0
864;Flevoland (PV);2000;424;363;61.0;424;80;344;424;424;317;18;57;32;0;424;28;147;138;79;25;7;0
865;Flevoland (PV);2001 1e kwartaal;133;107;26.0;133;22;111;133;133;83;3;37;10;0;133;10;55;43;18;6;1;0
866;Flevoland (PV);2001 2e kwartaal;97;81;16.0;97;16;81;97;97;64;2;26;5;0;97;9;29;33;20;5;1;0
867;Flevoland (PV);2001 3e kwartaal;129;97;32.0;129;33;96;129;129;93;3;22;11;0;129;11;44;48;19;5;2;0
868;Flevoland (PV);2001 4e kwartaal;182;141;41.0;182;29;153;182;182;142;5;22;13;0;182;19;56;56;35;13;3;0
869;Flevoland (PV);2001;541;426;115.0;541;100;441;541;541;382;13;107;39;0;541;49;184;180;92;29;7;0
870;Flevoland (PV);2002 1e kwartaal;135;103;32.0;135;18;117;135;135;102;0;21;12;0;135;17;43;39;26;10;0;0
871;Flevoland (PV);2002 2e kwartaal;129;111;18.0;129;15;114;129;129;105;2;17;5;0;129;11;49;35;26;6;2;0
872;Flevoland (PV);2002 3e kwartaal;156;136;20.0;156;18;138;156;156;110;2;22;22;0;156;16;57;50;25;7;1;0
873;Flevoland (PV);2002 4e kwartaal;150;140;10.0;150;15;135;150;150;116;0;17;17;0;150;11;53;48;28;9;1;0
874;Flevoland (PV);2002;570;490;80.0;570;66;504;570;570;433;4;77;56;0;570;55;202;172;105;32;4;0
875;Flevoland (PV);2003 1e kwartaal;126;120;6.0;126;15;111;126;126;102;1;14;9;0;126;11;58;30;19;7;1;0
876;Flevoland (PV);2003 2e kwartaal;130;127;3.0;130;10;120;130;130;102;0;17;11;0;130;14;47;40;27;2;0;0
877;Flevoland (PV);2003 3e kwartaal;135;135;0.0;135;5;130;135;135;109;0;15;11;0;135;13;37;45;29;6;5;0
878;Flevoland (PV);2003 4e kwartaal;189;183;6.0;189;30;159;189;189;154;0;16;19;0;189;16;63;61;35;14;0;0
879;Flevoland (PV);2003;580;565;15.0;580;60;520;580;580;467;1;62;50;0;580;54;205;176;110;29;6;0
880;Flevoland (PV);2004 1e kwartaal;169;162;7.0;169;22;147;169;169;139;4;13;13;0;169;10;59;48;31;16;5;0
881;Flevoland (PV);2004 2e kwartaal;170;160;10.0;170;25;145;170;170;150;2;11;7;0;170;17;51;52;36;10;4;0
882;Flevoland (PV);2004 3e kwartaal;155;150;5.0;155;24;131;155;155;115;0;28;12;0;155;6;46;52;37;13;1;0
883;Flevoland (PV);2004 4e kwartaal;145;140;5.0;145;23;122;145;145;116;1;20;8;0;145;10;37;41;41;16;0;0
884;Flevoland (PV);2004;639;612;27.0;639;94;545;639;639;520;7;72;40;0;639;43;193;193;145;55;10;0
885;Flevoland (PV);2005 1e kwartaal;163;156;7.0;163;36;127;163;163;137;4;16;6;0;163;13;51;55;33;10;1;0
886;Flevoland (PV);2005 2e kwartaal;141;130;11.0;141;19;122;141;141;111;2;19;9;0;141;11;41;51;30;7;1;0
887;Flevoland (PV);2005 3e kwartaal;142;132;10.0;142;23;119;142;142;120;0;15;7;0;142;14;40;38;28;19;3;0
888;Flevoland (PV);2005 4e kwartaal;176;172;4.0;176;34;142;176;176;146;3;14;13;0;176;7;58;48;43;17;3;0
889;Flevoland (PV);2005;622;590;32.0;622;112;510;622;622;514;9;64;35;0;622;45;190;192;134;53;8;0
890;Flevoland (PV);2006 1e kwartaal;177;172;5.0;177;32;145;177;177;151;1;10;15;0;177;9;47;53;41;20;7;0
891;Flevoland (PV);2006 2e kwartaal;126;117;9.0;126;23;103;126;126;104;2;6;14;0;126;11;36;39;29;9;2;0
892;Flevoland (PV);2006 3e kwartaal;154;147;7.0;154;30;124;154;154;122;1;8;23;0;154;7;43;56;32;13;3;0
893;Flevoland (PV);2006 4e kwartaal;180;165;15.0;180;21;159;180;180;141;2;10;27;0;180;16;45;59;40;18;2;0
894;Flevoland (PV);2006;637;601;36.0;637;106;531;637;637;518;6;34;79;0;637;43;171;207;142;60;14;0
895;Flevoland (PV);2007 1e kwartaal;231;223;8.0;231;29;202;231;231;195;4;5;27;0;231;19;48;82;52;28;2;0
896;Flevoland (PV);2007 2e kwartaal;150;145;5.0;150;24;126;150;150;117;4;4;25;0;150;6;43;50;33;13;5;0
897;Flevoland (PV);2007 3e kwartaal;171;164;7.0;171;23;148;171;171;135;1;4;31;0;171;9;39;50;43;22;8;0
898;Flevoland (PV);2007 4e kwartaal;178;170;8.0;178;25;153;178;178;149;0;6;23;0;178;5;45;67;38;21;2;0
899;Flevoland (PV);2007;730;702;28.0;730;101;629;730;730;596;9;19;106;0;730;39;175;249;166;84;17;0
900;Flevoland (PV);2008 1e kwartaal;183;183;;183;33;150;183;183;163;2;6;12;0;183;9;43;58;45;25;3;0
901;Flevoland (PV);2008 2e kwartaal;194;194;;194;31;163;194;194;152;1;8;33;0;194;11;46;63;40;30;4;0
902;Flevoland (PV);2008 3e kwartaal;185;185;;185;18;167;185;185;145;2;9;29;0;185;5;54;54;51;17;4;0
903;Flevoland (PV);2008 4e kwartaal;125;125;;125;16;109;125;125;92;0;8;25;0;125;7;25;42;31;16;4;0
904;Flevoland (PV);2008;687;687;;687;98;589;687;687;552;5;31;99;0;687;32;168;217;167;88;15;0
905;Flevoland (PV);2009 1e kwartaal;148;148;;148;19;129;148;148;117;2;5;24;0;148;5;39;46;42;13;3;0
906;Flevoland (PV);2009 2e kwartaal;107;107;;107;20;87;107;107;94;1;3;9;0;107;7;26;26;34;14;0;0
907;Flevoland (PV);2009 3e kwartaal;88;88;;88;12;76;88;88;63;1;11;13;0;88;4;16;24;29;11;4;0
908;Flevoland (PV);2009 4e kwartaal;112;112;;112;20;92;112;112;86;4;5;17;0;112;3;37;32;26;9;5;0
909;Flevoland (PV);2009;455;455;;455;71;384;455;455;360;8;24;63;0;455;19;118;128;131;47;12;0
910;Flevoland (PV);2010 1e kwartaal;125;125;;125;30;95;125;125;101;2;2;20;0;125;6;34;30;32;17;6;0
911;Flevoland (PV);2010 2e kwartaal;127;127;;127;18;109;127;127;98;2;8;19;0;127;4;29;38;35;21;0;0
912;Flevoland (PV);2010 3e kwartaal;164;164;;164;34;130;164;164;127;1;6;30;0;164;8;37;57;40;17;5;0
913;Flevoland (PV);2010 4e kwartaal;304;304;;304;51;253;304;304;238;3;18;45;0;304;12;81;90;78;35;8;0
914;Flevoland (PV);2010;720;720;;720;133;587;720;720;564;8;34;114;0;720;30;181;215;185;90;19;0
915;Flevoland (PV);2011 1e kwartaal;223;223;;223;26;197;223;223;172;1;16;34;0;223;8;60;69;45;33;8;0
916;Flevoland (PV);2011 2e kwartaal;146;146;;146;11;135;146;146;105;0;12;29;0;146;6;41;53;30;11;5;0
917;Flevoland (PV);2011 3e kwartaal;209;209;;209;32;177;209;209;164;1;10;34;0;209;12;59;59;45;29;5;0
918;Flevoland (PV);2011 4e kwartaal;211;211;;211;37;174;211;211;158;6;11;36;0;211;7;56;57;54;28;9;0
919;Flevoland (PV);2011;789;789;;789;106;683;789;789;599;8;49;133;0;789;33;216;238;174;101;27;0
920;Flevoland (PV);2012 1e kwartaal;225;225;;225;36;189;225;225;166;1;15;43;0;225;7;60;72;49;26;11;0
921;Flevoland (PV);2012 2e kwartaal;119;119;;119;21;98;119;119;85;1;11;22;0;119;4;26;31;37;17;4;0
922;Flevoland (PV);2012 3e kwartaal;158;158;;158;19;139;158;157;132;2;4;19;1;158;10;34;37;48;18;11;0
923;Flevoland (PV);2012 4e kwartaal;147;147;;147;23;124;147;143;117;1;4;21;4;147;2;42;45;37;19;2;0
924;Flevoland (PV);2012;649;649;;649;99;550;649;644;500;5;34;105;5;649;23;162;185;171;80;28;0
925;Flevoland (PV);2013 1e kwartaal;151;151;;151;35;116;151;151;128;2;1;20;0;151;2;29;47;54;16;3;0
926;Flevoland (PV);2013 2e kwartaal;96;96;;96;21;75;96;94;85;0;1;8;2;96;2;29;25;19;20;1;0
927;Flevoland (PV);2013 3e kwartaal;52;52;;52;15;37;52;51;39;3;1;8;1;52;1;10;17;14;9;1;0
928;Flevoland (PV);2013 4e kwartaal;71;71;;71;12;59;71;71;61;0;2;8;0;71;0;20;16;21;14;0;0
929;Flevoland (PV);2013;370;370;;370;83;287;370;367;313;5;5;44;3;370;5;88;105;108;59;5;0
930;Flevoland (PV);2014 1e kwartaal;57;57;;57;19;38;57;54;51;0;0;3;3;57;2;8;20;20;6;1;0
931;Flevoland (PV);2014 2e kwartaal;77;77;;77;26;51;77;75;64;0;0;11;2;77;2;11;22;32;10;0;0
932;Flevoland (PV);2014 3e kwartaal;80;80;;80;21;59;80;75;61;2;2;10;5;80;0;9;30;28;10;3;0
933;Flevoland (PV);2014 4e kwartaal;88;88;;88;32;56;88;37;30;2;0;5;51;88;1;14;29;21;18;5;0
934;Flevoland (PV);2014;302;302;;302;98;204;302;241;206;4;2;29;61;302;5;42;101;101;44;9;0
935;Flevoland (PV);2015 1e kwartaal;72;72;;72;22;50;72;10;7;2;0;1;62;72;1;17;25;18;10;1;0
936;Flevoland (PV);2015 2e kwartaal;98;98;;98;27;71;98;13;3;0;0;10;85;98;1;14;32;36;11;4;0
937;Flevoland (PV);2015 3e kwartaal;90;90;;90;29;61;90;11;5;1;0;5;79;90;1;12;31;26;18;2;0
938;Flevoland (PV);2015 4e kwartaal;96;96;;96;26;70;96;10;3;0;0;7;86;96;1;25;30;26;12;2;0
939;Flevoland (PV);2015;356;356;;356;104;252;356;44;18;3;0;23;312;356;4;68;118;106;51;9;0
940;Flevoland (PV);2016 1e kwartaal;100;100;;100;23;77;100;4;2;0;0;2;96;100;0;15;43;24;17;1;0
941;Flevoland (PV);2016 2e kwartaal;98;98;;98;22;76;98;11;0;4;0;7;87;98;1;20;26;31;15;5;0
942;Flevoland (PV);2016 3e kwartaal;77;77;;77;20;57;77;1;0;1;0;0;76;77;0;10;24;29;14;0;0
943;Flevoland (PV);2016 4e kwartaal;91;91;;91;14;77;91;3;0;1;1;1;88;91;1;30;23;21;15;1;0
944;Flevoland (PV);2016;366;366;;366;79;287;366;19;2;6;1;10;347;366;2;75;116;105;61;7;0
945;Flevoland (PV);2017 1e kwartaal;70;70;;70;14;56;70;2;0;0;0;2;68;70;1;7;21;26;13;2;0
946;Flevoland (PV);2017 2e kwartaal;70;70;;70;18;52;70;0;0;0;0;0;70;70;0;16;24;18;12;0;0
947;Flevoland (PV);2017 3e kwartaal;74;74;;74;9;65;74;0;0;0;0;0;74;74;0;12;26;19;12;5;0
948;Flevoland (PV);2017 4e kwartaal;77;77;;77;17;60;77;0;0;0;0;0;77;77;0;17;14;24;22;0;0
949;Flevoland (PV);2017;291;291;;291;58;233;291;2;0;0;0;2;289;291;1;52;85;87;59;7;0
950;Gelderland (PV);1999 1e kwartaal;140;126;14.0;140;24;116;140;140;104;5;24;7;0;140;2;41;47;36;12;2;0
951;Gelderland (PV);1999 2e kwartaal;207;202;5.0;207;33;174;207;207;132;17;46;12;0;207;18;73;64;41;10;1;0
952;Gelderland (PV);1999 3e kwartaal;300;295;5.0;300;47;253;300;300;213;4;63;20;0;300;22;106;85;58;21;8;0
953;Gelderland (PV);1999 4e kwartaal;336;327;9.0;336;43;293;336;336;240;12;54;30;0;336;26;109;117;59;19;6;0
954;Gelderland (PV);1999;983;950;33.0;983;147;836;983;983;689;38;187;69;0;983;68;329;313;194;62;17;0
955;Gelderland (PV);2000 1e kwartaal;371;362;9.0;371;61;310;371;371;265;17;62;27;0;371;27;133;117;77;16;1;0
956;Gelderland (PV);2000 2e kwartaal;196;191;5.0;196;23;173;196;196;138;6;32;20;0;196;19;62;59;35;19;2;0
957;Gelderland (PV);2000 3e kwartaal;307;287;20.0;307;44;263;307;307;238;11;33;25;0;307;22;106;97;54;23;5;0
958;Gelderland (PV);2000 4e kwartaal;390;369;21.0;390;54;336;390;390;278;11;66;35;0;390;24;132;132;76;24;2;0
959;Gelderland (PV);2000;1264;1209;55.0;1264;182;1082;1264;1264;919;45;193;107;0;1264;92;433;405;242;82;10;0
960;Gelderland (PV);2001 1e kwartaal;350;336;14.0;350;59;291;350;350;238;3;76;33;0;350;26;123;114;65;19;3;0
961;Gelderland (PV);2001 2e kwartaal;259;241;18.0;259;41;218;259;259;168;3;59;29;0;259;20;90;89;41;15;4;0
962;Gelderland (PV);2001 3e kwartaal;309;292;17.0;309;51;258;309;309;200;6;75;28;0;309;33;109;91;57;18;1;0
963;Gelderland (PV);2001 4e kwartaal;320;306;14.0;320;36;284;320;320;219;7;60;34;0;320;35;103;99;61;19;3;0
964;Gelderland (PV);2001;1238;1175;63.0;1238;187;1051;1238;1238;825;19;270;124;0;1238;114;425;393;224;71;11;0
965;Gelderland (PV);2002 1e kwartaal;320;294;26.0;320;69;251;320;320;210;3;65;42;0;320;31;123;106;47;9;4;0
966;Gelderland (PV);2002 2e kwartaal;264;240;24.0;264;28;236;264;264;151;5;59;49;0;264;23;95;88;45;10;3;0
967;Gelderland (PV);2002 3e kwartaal;313;288;25.0;313;40;273;313;313;204;1;63;45;0;313;29;84;120;57;20;3;0
968;Gelderland (PV);2002 4e kwartaal;308;279;29.0;308;49;259;308;308;209;3;61;35;0;308;28;100;98;59;22;1;0
969;Gelderland (PV);2002;1205;1101;104.0;1205;186;1019;1205;1205;774;12;248;171;0;1205;111;402;412;208;61;11;0
970;Gelderland (PV);2003 1e kwartaal;349;310;39.0;349;53;296;349;349;248;4;64;33;0;349;32;127;108;66;14;2;0
971;Gelderland (PV);2003 2e kwartaal;377;346;31.0;377;45;332;377;377;268;6;68;35;0;377;28;114;131;75;25;4;0
972;Gelderland (PV);2003 3e kwartaal;371;349;22.0;371;45;326;371;371;247;1;77;46;0;371;39;128;105;71;23;5;0
973;Gelderland (PV);2003 4e kwartaal;364;342;22.0;364;39;325;364;364;254;4;74;32;0;364;33;121;96;77;34;3;0
974;Gelderland (PV);2003;1461;1347;114.0;1461;182;1279;1461;1461;1017;15;283;146;0;1461;132;490;440;289;96;14;0
975;Gelderland (PV);2004 1e kwartaal;376;356;20.0;376;41;335;376;376;255;4;75;42;0;376;24;122;133;74;20;3;0
976;Gelderland (PV);2004 2e kwartaal;495;465;30.0;495;49;446;495;495;344;5;99;47;0;495;48;164;135;101;35;12;0
977;Gelderland (PV);2004 3e kwartaal;441;429;12.0;441;44;397;441;441;304;6;95;36;0;441;38;128;148;88;31;8;0
978;Gelderland (PV);2004 4e kwartaal;509;472;37.0;509;45;464;509;509;354;5;99;51;0;509;31;165;163;97;46;7;0
979;Gelderland (PV);2004;1821;1722;99.0;1821;179;1642;1821;1821;1257;20;368;176;0;1821;141;579;579;360;132;30;0
980;Gelderland (PV);2005 1e kwartaal;462;426;36.0;462;39;423;462;462;318;4;97;43;0;462;25;133;161;97;35;11;0
981;Gelderland (PV);2005 2e kwartaal;437;420;17.0;437;36;401;437;437;323;2;62;50;0;437;36;129;131;82;53;6;0
982;Gelderland (PV);2005 3e kwartaal;389;365;24.0;389;46;343;389;389;293;2;62;32;0;389;30;97;131;71;45;15;0
983;Gelderland (PV);2005 4e kwartaal;379;360;19.0;379;30;349;379;379;268;7;64;40;0;379;18;118;117;80;36;10;0
984;Gelderland (PV);2005;1667;1571;96.0;1667;151;1516;1667;1667;1202;15;285;165;0;1667;109;477;540;330;169;42;0
985;Gelderland (PV);2006 1e kwartaal;404;373;31.0;404;51;353;404;404;308;2;53;41;0;404;22;105;142;97;31;7;0
986;Gelderland (PV);2006 2e kwartaal;358;331;27.0;358;46;312;358;358;264;6;53;35;0;358;21;96;130;73;38;0;0
987;Gelderland (PV);2006 3e kwartaal;340;315;25.0;340;53;287;340;340;251;6;51;32;0;340;23;96;112;67;36;6;0
988;Gelderland (PV);2006 4e kwartaal;360;321;39.0;360;43;317;360;360;262;4;42;52;0;360;10;105;118;86;35;6;0
989;Gelderland (PV);2006;1462;1340;122.0;1462;193;1269;1462;1462;1085;18;199;160;0;1462;76;402;502;323;140;19;0
990;Gelderland (PV);2007 1e kwartaal;412;358;54.0;412;58;354;412;412;312;8;34;58;0;412;23;93;153;95;39;9;0
991;Gelderland (PV);2007 2e kwartaal;359;317;42.0;359;42;317;359;359;274;1;25;59;0;359;19;73;99;111;50;7;0
992;Gelderland (PV);2007 3e kwartaal;353;316;37.0;353;43;310;353;353;266;4;25;58;0;353;19;89;115;76;44;10;0
993;Gelderland (PV);2007 4e kwartaal;301;275;26.0;301;38;263;301;301;245;3;17;36;0;301;15;51;103;95;31;6;0
994;Gelderland (PV);2007;1425;1266;159.0;1425;181;1244;1425;1425;1097;16;101;211;0;1425;76;306;470;377;164;32;0
995;Gelderland (PV);2008 1e kwartaal;238;238;;238;35;203;238;238;200;3;14;21;0;238;11;65;88;47;21;6;0
996;Gelderland (PV);2008 2e kwartaal;184;184;;184;25;159;184;184;146;3;13;22;0;184;3;40;77;46;15;3;0
997;Gelderland (PV);2008 3e kwartaal;191;191;;191;38;153;191;191;150;3;6;32;0;191;5;47;72;41;22;4;0
998;Gelderland (PV);2008 4e kwartaal;159;159;;159;22;137;159;159;125;1;12;21;0;159;3;43;47;37;24;5;0
999;Gelderland (PV);2008;772;772;;772;120;652;772;772;621;10;45;96;0;772;22;195;284;171;82;18;0
1000;Gelderland (PV);2009 1e kwartaal;190;190;;190;39;151;190;190;139;7;10;34;0;190;8;51;67;44;16;4;0
1001;Gelderland (PV);2009 2e kwartaal;140;140;;140;22;118;140;140;122;1;8;9;0;140;4;32;49;36;17;2;0
1002;Gelderland (PV);2009 3e kwartaal;159;159;;159;17;142;159;159;134;2;5;18;0;159;3;30;53;41;28;4;0
1003;Gelderland (PV);2009 4e kwartaal;165;165;;165;26;139;165;165;116;0;20;29;0;165;5;45;57;46;9;3;0
1004;Gelderland (PV);2009;654;654;;654;104;550;654;654;511;10;43;90;0;654;20;158;226;167;70;13;0
1005;Gelderland (PV);2010 1e kwartaal;239;239;;239;47;192;239;239;195;1;10;33;0;239;8;60;81;59;25;6;0
1006;Gelderland (PV);2010 2e kwartaal;246;246;;246;39;207;246;246;207;1;13;25;0;246;6;59;86;68;23;4;0
1007;Gelderland (PV);2010 3e kwartaal;257;257;;257;44;213;257;257;207;5;15;30;0;257;5;59;86;71;30;6;0
1008;Gelderland (PV);2010 4e kwartaal;278;278;;278;38;240;278;278;231;4;5;38;0;278;7;70;91;79;28;3;0
1009;Gelderland (PV);2010;1020;1020;;1020;168;852;1020;1020;840;11;43;126;0;1020;26;248;344;277;106;19;0
1010;Gelderland (PV);2011 1e kwartaal;348;348;;348;52;296;348;348;305;2;16;25;0;348;7;70;106;108;52;5;0
1011;Gelderland (PV);2011 2e kwartaal;330;330;;330;64;266;330;330;272;5;19;34;0;330;5;82;108;87;44;4;0
1012;Gelderland (PV);2011 3e kwartaal;309;309;;309;55;254;309;309;265;4;6;34;0;309;9;67;117;67;44;5;0
1013;Gelderland (PV);2011 4e kwartaal;363;363;;363;67;296;363;363;307;13;15;28;0;363;6;90;135;81;43;8;0
1014;Gelderland (PV);2011;1350;1350;;1350;238;1112;1350;1350;1149;24;56;121;0;1350;27;309;466;343;183;22;0
1015;Gelderland (PV);2012 1e kwartaal;357;357;;357;63;294;357;357;286;5;18;48;0;357;8;82;124;90;48;5;0
1016;Gelderland (PV);2012 2e kwartaal;298;298;;298;61;237;298;296;245;5;8;38;2;298;6;65;91;83;43;10;0
1017;Gelderland (PV);2012 3e kwartaal;300;300;;300;68;232;300;299;248;7;10;34;1;300;4;64;79;103;41;9;0
1018;Gelderland (PV);2012 4e kwartaal;359;359;;359;64;295;359;354;292;5;18;39;5;359;5;67;123;119;39;6;0
1019;Gelderland (PV);2012;1314;1314;;1314;256;1058;1314;1306;1071;22;54;159;8;1314;23;278;417;395;171;30;0
1020;Gelderland (PV);2013 1e kwartaal;327;327;;327;68;259;327;322;262;2;6;52;5;327;9;71;95;88;45;19;0
1021;Gelderland (PV);2013 2e kwartaal;261;261;;261;57;204;261;249;217;2;7;23;12;261;9;47;89;78;32;6;0
1022;Gelderland (PV);2013 3e kwartaal;303;303;;303;83;220;303;297;259;1;8;29;6;303;5;65;105;83;39;6;0
1023;Gelderland (PV);2013 4e kwartaal;247;247;;247;58;189;247;236;206;4;5;21;11;247;2;50;82;71;31;11;0
1024;Gelderland (PV);2013;1138;1138;;1138;266;872;1138;1104;944;9;26;125;34;1138;25;233;371;320;147;42;0
1025;Gelderland (PV);2014 1e kwartaal;280;280;;280;78;202;280;267;231;3;3;30;13;280;5;59;82;81;42;11;0
1026;Gelderland (PV);2014 2e kwartaal;324;324;;324;52;272;324;298;254;2;5;37;26;324;6;61;112;91;45;9;0
1027;Gelderland (PV);2014 3e kwartaal;295;295;;295;78;217;295;266;239;0;2;25;29;295;7;54;75;96;49;14;0
1028;Gelderland (PV);2014 4e kwartaal;311;311;;311;74;237;311;145;121;0;1;23;166;311;7;60;82;87;63;12;0
1029;Gelderland (PV);2014;1210;1210;;1210;282;928;1210;976;845;5;11;115;234;1210;25;234;351;355;199;46;0
1030;Gelderland (PV);2015 1e kwartaal;387;387;;387;69;318;387;87;46;7;2;32;300;387;2;64;102;123;72;24;0
1031;Gelderland (PV);2015 2e kwartaal;353;353;;353;73;280;353;66;27;3;3;33;287;353;8;63;92;127;48;15;0
1032;Gelderland (PV);2015 3e kwartaal;348;348;;348;63;285;348;63;41;1;1;20;285;348;2;61;105;109;52;19;0
1033;Gelderland (PV);2015 4e kwartaal;335;335;;335;72;263;335;45;25;0;4;16;290;335;8;56;102;98;61;10;0
1034;Gelderland (PV);2015;1423;1423;;1423;277;1146;1423;261;139;11;10;101;1162;1423;20;244;401;457;233;68;0
1035;Gelderland (PV);2016 1e kwartaal;300;300;;300;55;245;300;31;14;1;4;12;269;300;5;60;77;109;46;3;0
1036;Gelderland (PV);2016 2e kwartaal;222;222;;222;38;184;222;16;8;0;0;8;206;222;0;43;78;63;33;5;0
1037;Gelderland (PV);2016 3e kwartaal;254;254;;254;47;207;254;16;8;0;0;8;238;254;1;39;67;88;46;13;0
1038;Gelderland (PV);2016 4e kwartaal;252;252;;252;48;204;252;3;0;0;0;3;249;252;1;42;71;79;41;18;0
1039;Gelderland (PV);2016;1028;1028;;1028;188;840;1028;66;30;1;4;31;962;1028;7;184;293;339;166;39;0
1040;Gelderland (PV);2017 1e kwartaal;257;257;;257;60;197;257;5;0;1;0;4;252;257;6;42;74;82;42;11;0
1041;Gelderland (PV);2017 2e kwartaal;257;257;;257;45;212;257;0;0;0;0;0;257;257;0;41;71;84;49;12;0
1042;Gelderland (PV);2017 3e kwartaal;230;230;;230;32;198;230;1;0;0;0;1;229;230;1;37;77;62;47;6;0
1043;Gelderland (PV);2017 4e kwartaal;217;217;;217;32;185;217;0;0;0;0;0;217;217;1;38;56;68;45;9;0
1044;Gelderland (PV);2017;961;961;;961;169;792;961;6;0;1;0;5;955;961;8;158;278;296;183;38;0
1045;Utrecht (PV);1999 1e kwartaal;68;67;1.0;68;27;41;68;68;50;12;6;0;0;68;4;22;24;10;6;1;1
1046;Utrecht (PV);1999 2e kwartaal;103;102;1.0;103;30;73;103;103;73;9;11;10;0;103;8;35;35;19;5;1;0
1047;Utrecht (PV);1999 3e kwartaal;118;117;1.0;118;31;87;118;118;78;14;11;15;0;118;4;36;41;20;17;0;0
1048;Utrecht (PV);1999 4e kwartaal;112;107;5.0;112;25;87;112;112;74;15;12;11;0;112;9;35;35;24;7;2;0
1049;Utrecht (PV);1999;401;393;8.0;401;113;288;401;401;275;50;40;36;0;401;25;128;135;73;35;4;1
1050;Utrecht (PV);2000 1e kwartaal;119;119;0.0;119;37;82;119;119;88;6;16;9;0;119;5;53;37;22;1;1;0
1051;Utrecht (PV);2000 2e kwartaal;196;196;0.0;196;29;167;196;196;145;12;19;20;0;196;8;78;63;33;13;1;0
1052;Utrecht (PV);2000 3e kwartaal;209;206;3.0;209;26;183;209;209;168;5;19;17;0;209;14;74;65;41;14;1;0
1053;Utrecht (PV);2000 4e kwartaal;164;159;5.0;164;28;136;164;164;124;2;21;17;0;164;17;66;46;26;7;2;0
1054;Utrecht (PV);2000;688;680;8.0;688;120;568;688;688;525;25;75;63;0;688;44;271;211;122;35;5;0
1055;Utrecht (PV);2001 1e kwartaal;172;170;2.0;172;25;147;172;172;129;5;12;26;0;172;13;63;63;18;13;2;0
1056;Utrecht (PV);2001 2e kwartaal;168;162;6.0;168;24;144;168;168;133;1;19;15;0;168;9;65;45;31;12;6;0
1057;Utrecht (PV);2001 3e kwartaal;172;161;11.0;172;26;146;172;172;128;5;17;22;0;172;12;56;63;29;11;1;0
1058;Utrecht (PV);2001 4e kwartaal;130;119;11.0;130;23;107;130;130;98;2;11;19;0;130;8;54;44;16;7;1;0
1059;Utrecht (PV);2001;642;612;30.0;642;98;544;642;642;488;13;59;82;0;642;42;238;215;94;43;10;0
1060;Utrecht (PV);2002 1e kwartaal;128;120;8.0;128;12;116;128;128;91;1;20;16;0;128;11;44;43;23;5;2;0
1061;Utrecht (PV);2002 2e kwartaal;152;139;13.0;152;17;135;152;152;111;2;13;26;0;152;8;53;49;30;10;2;0
1062;Utrecht (PV);2002 3e kwartaal;222;212;10.0;222;38;184;222;222;163;4;30;25;0;222;17;79;61;41;18;6;0
1063;Utrecht (PV);2002 4e kwartaal;193;182;11.0;193;31;162;193;193;93;7;47;46;0;193;20;55;72;25;18;3;0
1064;Utrecht (PV);2002;695;653;42.0;695;98;597;695;695;458;14;110;113;0;695;56;231;225;119;51;13;0
1065;Utrecht (PV);2003 1e kwartaal;205;182;23.0;205;33;172;205;205;133;7;45;20;0;205;11;65;82;37;6;4;0
1066;Utrecht (PV);2003 2e kwartaal;214;190;24.0;214;35;179;214;214;136;5;52;21;0;214;25;85;56;36;10;2;0
1067;Utrecht (PV);2003 3e kwartaal;257;248;9.0;257;42;215;257;257;182;2;42;31;0;257;12;98;80;42;17;8;0
1068;Utrecht (PV);2003 4e kwartaal;233;210;23.0;233;39;194;233;233;148;2;62;21;0;233;22;79;77;37;15;3;0
1069;Utrecht (PV);2003;909;830;79.0;909;149;760;909;909;599;16;201;93;0;909;70;327;295;152;48;17;0
1070;Utrecht (PV);2004 1e kwartaal;306;256;50.0;306;44;262;306;306;195;0;70;41;0;306;25;108;95;53;21;4;0
1071;Utrecht (PV);2004 2e kwartaal;376;345;31.0;376;72;304;376;376;248;12;71;45;0;376;25;117;121;77;33;3;0
1072;Utrecht (PV);2004 3e kwartaal;264;249;15.0;264;55;209;264;264;165;6;55;38;0;264;22;79;88;42;26;7;0
1073;Utrecht (PV);2004 4e kwartaal;251;230;21.0;251;44;207;251;251;166;5;42;38;0;251;17;76;81;61;13;3;0
1074;Utrecht (PV);2004;1197;1080;117.0;1197;215;982;1197;1197;774;23;238;162;0;1197;89;380;385;233;93;17;0
1075;Utrecht (PV);2005 1e kwartaal;245;225;20.0;245;45;200;245;245;156;3;57;29;0;245;20;59;90;50;22;4;0
1076;Utrecht (PV);2005 2e kwartaal;266;228;38.0;266;27;239;266;266;174;0;54;38;0;266;10;78;78;69;24;7;0
1077;Utrecht (PV);2005 3e kwartaal;307;271;36.0;307;58;249;307;307;189;11;66;41;0;307;16;86;112;65;24;4;0
1078;Utrecht (PV);2005 4e kwartaal;278;244;34.0;278;36;242;278;278;171;10;58;39;0;278;14;74;102;55;27;6;0
1079;Utrecht (PV);2005;1096;968;128.0;1096;166;930;1096;1096;690;24;235;147;0;1096;60;297;382;239;97;21;0
1080;Utrecht (PV);2006 1e kwartaal;257;235;22.0;257;45;212;257;257;180;10;40;27;0;257;5;65;86;70;23;8;0
1081;Utrecht (PV);2006 2e kwartaal;226;201;25.0;226;38;188;226;226;145;5;36;40;0;226;16;57;83;54;11;5;0
1082;Utrecht (PV);2006 3e kwartaal;207;188;19.0;207;32;175;207;207;139;1;32;35;0;207;8;60;72;42;18;7;0
1083;Utrecht (PV);2006 4e kwartaal;239;209;30.0;239;39;200;239;239;141;4;42;52;0;239;11;74;89;48;11;6;0
1084;Utrecht (PV);2006;929;833;96.0;929;154;775;929;929;605;20;150;154;0;929;40;256;330;214;63;26;0
1085;Utrecht (PV);2007 1e kwartaal;255;223;32.0;255;42;213;255;255;139;8;40;68;0;255;10;61;89;65;26;4;0
1086;Utrecht (PV);2007 2e kwartaal;190;167;23.0;190;31;159;190;190;105;5;22;58;0;190;9;50;71;41;17;2;0
1087;Utrecht (PV);2007 3e kwartaal;287;257;30.0;287;33;254;287;287;171;7;30;79;0;287;13;74;109;59;25;7;0
1088;Utrecht (PV);2007 4e kwartaal;246;230;16.0;246;29;217;246;246;148;2;25;71;0;246;16;66;75;58;27;4;0
1089;Utrecht (PV);2007;978;877;101.0;978;135;843;978;978;563;22;117;276;0;978;48;251;344;223;95;17;0
1090;Utrecht (PV);2008 1e kwartaal;181;181;;181;29;152;181;181;111;4;18;48;0;181;8;40;64;41;23;5;0
1091;Utrecht (PV);2008 2e kwartaal;97;97;;97;13;84;97;97;67;1;12;17;0;97;5;23;31;24;11;3;0
1092;Utrecht (PV);2008 3e kwartaal;75;75;;75;6;69;75;75;51;3;12;9;0;75;1;24;29;18;1;2;0
1093;Utrecht (PV);2008 4e kwartaal;73;73;;73;11;62;73;73;51;1;6;15;0;73;1;21;24;16;9;2;0
1094;Utrecht (PV);2008;426;426;;426;59;367;426;426;280;9;48;89;0;426;15;108;148;99;44;12;0
1095;Utrecht (PV);2009 1e kwartaal;82;82;;82;7;75;82;82;70;0;1;11;0;82;1;20;31;20;8;2;0
1096;Utrecht (PV);2009 2e kwartaal;68;68;;68;9;59;68;68;44;2;5;17;0;68;2;16;28;13;7;2;0
1097;Utrecht (PV);2009 3e kwartaal;96;96;;96;15;81;96;96;70;0;6;20;0;96;6;19;37;18;12;4;0
1098;Utrecht (PV);2009 4e kwartaal;135;135;;135;24;111;135;134;94;1;15;24;1;135;7;35;40;33;15;5;0
1099;Utrecht (PV);2009;381;381;;381;55;326;381;380;278;3;27;72;1;381;16;90;136;84;42;13;0
1100;Utrecht (PV);2010 1e kwartaal;129;129;;129;20;109;129;129;87;3;16;23;0;129;5;32;50;31;11;0;0
1101;Utrecht (PV);2010 2e kwartaal;96;96;;96;24;72;96;96;63;5;3;25;0;96;4;22;35;24;11;0;0
1102;Utrecht (PV);2010 3e kwartaal;96;96;;96;25;71;96;96;68;7;5;16;0;96;3;28;32;20;13;0;0
1103;Utrecht (PV);2010 4e kwartaal;142;142;;142;27;115;142;142;112;5;3;22;0;142;6;29;45;43;17;2;0
1104;Utrecht (PV);2010;463;463;;463;96;367;463;463;330;20;27;86;0;463;18;111;162;118;52;2;0
1105;Utrecht (PV);2011 1e kwartaal;150;150;;150;33;117;150;150;115;2;7;26;0;150;5;43;46;40;11;5;0
1106;Utrecht (PV);2011 2e kwartaal;138;138;;138;26;112;138;138;102;1;9;26;0;138;3;38;45;34;16;2;0
1107;Utrecht (PV);2011 3e kwartaal;150;150;;150;26;124;150;150;112;3;9;26;0;150;6;35;56;32;18;3;0
1108;Utrecht (PV);2011 4e kwartaal;136;136;;136;29;107;136;135;96;2;11;26;1;136;1;28;52;35;19;1;0
1109;Utrecht (PV);2011;574;574;;574;114;460;574;573;425;8;36;104;1;574;15;144;199;141;64;11;0
1110;Utrecht (PV);2012 1e kwartaal;168;168;;168;33;135;168;165;128;1;6;30;3;168;3;45;56;37;23;4;0
1111;Utrecht (PV);2012 2e kwartaal;110;110;;110;26;84;110;106;80;3;6;17;4;110;1;24;34;27;21;3;0
1112;Utrecht (PV);2012 3e kwartaal;94;94;;94;17;77;94;94;70;0;4;20;0;94;3;26;22;28;13;2;0
1113;Utrecht (PV);2012 4e kwartaal;153;153;;153;23;130;153;152;121;0;8;23;1;153;1;35;53;40;21;3;0
1114;Utrecht (PV);2012;525;525;;525;99;426;525;517;399;4;24;90;8;525;8;130;165;132;78;12;0
1115;Utrecht (PV);2013 1e kwartaal;147;147;;147;25;122;147;138;110;3;5;20;9;147;4;24;51;45;19;4;0
1116;Utrecht (PV);2013 2e kwartaal;143;143;;143;30;113;143;131;108;0;5;18;12;143;0;34;50;39;13;7;0
1117;Utrecht (PV);2013 3e kwartaal;126;126;;126;29;97;126;117;94;2;7;14;9;126;1;30;36;39;14;6;0
1118;Utrecht (PV);2013 4e kwartaal;129;129;;129;24;105;129;120;99;0;5;16;9;129;1;25;40;41;20;2;0
1119;Utrecht (PV);2013;545;545;;545;108;437;545;506;411;5;22;68;39;545;6;113;177;164;66;19;0
1120;Utrecht (PV);2014 1e kwartaal;129;129;;129;31;98;129;111;96;1;2;12;18;129;2;18;41;41;19;8;0
1121;Utrecht (PV);2014 2e kwartaal;87;87;;87;24;63;87;67;59;0;0;8;20;87;0;19;21;28;15;4;0
1122;Utrecht (PV);2014 3e kwartaal;106;106;;106;28;78;106;76;64;1;2;9;30;106;3;16;31;34;17;5;0
1123;Utrecht (PV);2014 4e kwartaal;104;104;;104;14;90;104;64;53;3;0;8;40;104;2;32;29;22;16;3;0
1124;Utrecht (PV);2014;426;426;;426;97;329;426;318;272;5;4;37;108;426;7;85;122;125;67;20;0
1125;Utrecht (PV);2015 1e kwartaal;94;94;;94;20;74;94;16;3;0;7;6;78;94;1;16;26;38;9;4;0
1126;Utrecht (PV);2015 2e kwartaal;130;130;;130;22;108;130;18;2;2;2;12;112;130;1;19;46;46;17;1;0
1127;Utrecht (PV);2015 3e kwartaal;108;108;;108;11;97;108;10;5;1;0;4;98;108;2;19;32;36;14;5;0
1128;Utrecht (PV);2015 4e kwartaal;116;116;;116;24;92;116;16;4;0;3;9;100;116;2;21;30;43;14;6;0
1129;Utrecht (PV);2015;448;448;;448;77;371;448;60;14;3;12;31;388;448;6;75;134;163;54;16;0
1130;Utrecht (PV);2016 1e kwartaal;124;124;;124;24;100;124;14;10;1;2;1;110;124;1;24;42;35;15;7;0
1131;Utrecht (PV);2016 2e kwartaal;97;97;;97;15;82;97;4;1;0;0;3;93;97;0;21;37;19;14;6;0
1132;Utrecht (PV);2016 3e kwartaal;119;119;;119;26;93;119;3;0;0;1;2;116;119;2;25;33;39;19;1;0
1133;Utrecht (PV);2016 4e kwartaal;91;91;;91;10;81;91;2;0;0;0;2;89;91;0;18;26;28;16;3;0
1134;Utrecht (PV);2016;431;431;;431;75;356;431;23;11;1;3;8;408;431;3;88;138;121;64;17;0
1135;Utrecht (PV);2017 1e kwartaal;100;100;;100;16;84;100;1;0;0;0;1;99;100;1;13;26;32;20;8;0
1136;Utrecht (PV);2017 2e kwartaal;126;126;;126;22;104;126;1;0;0;0;1;125;126;1;21;34;42;28;0;0
1137;Utrecht (PV);2017 3e kwartaal;91;91;;91;29;62;91;0;0;0;0;0;91;91;1;12;26;37;11;4;0
1138;Utrecht (PV);2017 4e kwartaal;65;65;;65;14;51;65;0;0;0;0;0;65;65;0;12;14;20;18;1;0
1139;Utrecht (PV);2017;382;382;;382;81;301;382;2;0;0;0;2;380;382;3;58;100;131;77;13;0
1140;Noord-Holland (PV);1999 1e kwartaal;76;67;9.0;76;36;40;76;76;53;7;13;3;0;76;1;27;26;13;7;2;0
1141;Noord-Holland (PV);1999 2e kwartaal;143;140;3.0;143;48;95;143;143;93;14;22;14;0;143;5;40;47;39;10;2;0
1142;Noord-Holland (PV);1999 3e kwartaal;179;174;5.0;179;31;148;179;179;118;16;30;15;0;179;9;54;56;38;17;5;0
1143;Noord-Holland (PV);1999 4e kwartaal;262;246;16.0;262;30;232;262;262;187;16;36;23;0;262;10;85;96;54;16;1;0
1144;Noord-Holland (PV);1999;660;627;33.0;660;145;515;660;660;451;53;101;55;0;660;25;206;225;144;50;10;0
1145;Noord-Holland (PV);2000 1e kwartaal;343;327;16.0;343;35;308;343;343;256;14;36;37;0;343;10;104;128;77;20;4;0
1146;Noord-Holland (PV);2000 2e kwartaal;298;296;2.0;298;24;274;298;298;223;11;37;27;0;298;22;95;98;57;18;8;0
1147;Noord-Holland (PV);2000 3e kwartaal;270;269;1.0;270;34;236;270;270;198;13;35;24;0;270;9;81;96;54;25;5;0
1148;Noord-Holland (PV);2000 4e kwartaal;299;293;6.0;299;45;254;299;299;215;15;34;35;0;299;11;89;106;65;25;3;0
1149;Noord-Holland (PV);2000;1210;1185;25.0;1210;138;1072;1210;1210;892;53;142;123;0;1210;52;369;428;253;88;20;0
1150;Noord-Holland (PV);2001 1e kwartaal;258;256;2.0;258;52;206;258;258;173;8;42;35;0;258;13;97;82;47;15;4;0
1151;Noord-Holland (PV);2001 2e kwartaal;309;308;1.0;309;59;250;309;309;205;8;51;45;0;309;17;102;97;74;18;1;0
1152;Noord-Holland (PV);2001 3e kwartaal;282;281;1.0;282;46;236;282;282;192;8;42;40;0;282;15;79;90;69;26;3;0
1153;Noord-Holland (PV);2001 4e kwartaal;322;316;6.0;322;52;270;322;322;222;11;39;50;0;322;16;110;100;69;20;7;0
1154;Noord-Holland (PV);2001;1171;1161;10.0;1171;209;962;1171;1171;792;35;174;170;0;1171;61;388;369;259;79;15;0
1155;Noord-Holland (PV);2002 1e kwartaal;257;254;3.0;257;30;227;257;257;160;13;48;36;0;257;19;84;88;50;11;5;0
1156;Noord-Holland (PV);2002 2e kwartaal;355;350;5.0;355;58;297;355;355;237;9;52;57;0;355;20;107;129;63;31;5;0
1157;Noord-Holland (PV);2002 3e kwartaal;373;370;3.0;373;54;319;373;373;239;14;57;63;0;373;21;130;117;71;27;7;0
1158;Noord-Holland (PV);2002 4e kwartaal;359;358;1.0;359;49;310;359;359;243;8;58;50;0;359;14;107;140;69;26;3;0
1159;Noord-Holland (PV);2002;1344;1332;12.0;1344;191;1153;1344;1344;879;44;215;206;0;1344;74;428;474;253;95;20;0
1160;Noord-Holland (PV);2003 1e kwartaal;366;358;8.0;366;64;302;366;366;249;10;36;71;0;366;22;112;117;88;23;4;0
1161;Noord-Holland (PV);2003 2e kwartaal;378;371;7.0;378;80;298;378;378;252;8;56;62;0;378;23;114;135;79;20;7;0
1162;Noord-Holland (PV);2003 3e kwartaal;370;363;7.0;370;70;300;370;370;255;9;46;60;0;370;17;104;120;90;30;9;0
1163;Noord-Holland (PV);2003 4e kwartaal;377;375;2.0;377;75;302;377;377;257;7;45;68;0;377;13;114;139;79;27;5;0
1164;Noord-Holland (PV);2003;1491;1467;24.0;1491;289;1202;1491;1491;1013;34;183;261;0;1491;75;444;511;336;100;25;0
1165;Noord-Holland (PV);2004 1e kwartaal;559;551;8.0;559;92;467;559;559;412;16;65;66;0;559;37;159;192;112;45;14;0
1166;Noord-Holland (PV);2004 2e kwartaal;632;623;9.0;632;121;511;632;632;424;14;98;96;0;632;39;171;217;144;52;9;0
1167;Noord-Holland (PV);2004 3e kwartaal;530;525;5.0;530;96;434;530;530;375;16;71;68;0;530;27;147;186;117;45;8;0
1168;Noord-Holland (PV);2004 4e kwartaal;713;707;6.0;713;122;591;713;713;533;11;92;77;0;713;31;185;244;170;69;14;0
1169;Noord-Holland (PV);2004;2434;2406;28.0;2434;431;2003;2434;2434;1744;57;326;307;0;2434;134;662;839;543;211;45;0
1170;Noord-Holland (PV);2005 1e kwartaal;633;633;0.0;633;99;534;633;633;474;20;81;58;0;633;35;172;211;135;66;14;0
1171;Noord-Holland (PV);2005 2e kwartaal;733;731;2.0;733;107;626;733;733;544;15;101;73;0;733;43;191;237;166;79;17;0
1172;Noord-Holland (PV);2005 3e kwartaal;680;674;6.0;680;89;591;680;680;530;15;85;50;0;680;30;193;220;155;66;16;0
1173;Noord-Holland (PV);2005 4e kwartaal;766;761;5.0;766;110;656;766;766;580;23;80;83;0;766;31;178;285;173;85;14;0
1174;Noord-Holland (PV);2005;2812;2799;13.0;2812;405;2407;2812;2812;2128;73;347;264;0;2812;139;734;953;629;296;61;0
1175;Noord-Holland (PV);2006 1e kwartaal;668;666;2.0;668;120;548;668;668;507;21;60;80;0;668;23;153;226;174;75;17;0
1176;Noord-Holland (PV);2006 2e kwartaal;704;703;1.0;704;107;597;704;704;523;18;74;89;0;704;26;178;234;175;77;14;0
1177;Noord-Holland (PV);2006 3e kwartaal;656;656;0.0;656;97;559;656;656;481;21;45;109;0;656;29;153;219;156;79;20;0
1178;Noord-Holland (PV);2006 4e kwartaal;659;658;1.0;659;88;571;659;659;507;11;37;104;0;659;26;151;210;159;87;26;0
1179;Noord-Holland (PV);2006;2687;2683;4.0;2687;412;2275;2687;2687;2018;71;216;382;0;2687;104;635;889;664;318;77;0
1180;Noord-Holland (PV);2007 1e kwartaal;778;778;0.0;778;98;680;778;778;583;17;38;140;0;778;27;184;263;199;86;19;0
1181;Noord-Holland (PV);2007 2e kwartaal;642;642;0.0;642;101;541;642;642;476;13;38;115;0;642;23;166;184;171;76;22;0
1182;Noord-Holland (PV);2007 3e kwartaal;652;649;3.0;652;82;570;652;652;490;11;30;121;0;652;19;147;211;170;78;27;0
1183;Noord-Holland (PV);2007 4e kwartaal;621;621;0.0;621;73;548;621;621;450;13;23;135;0;621;27;151;192;159;70;22;0
1184;Noord-Holland (PV);2007;2693;2690;3.0;2693;354;2339;2693;2693;1999;54;129;511;0;2693;96;648;850;699;310;90;0
1185;Noord-Holland (PV);2008 1e kwartaal;409;409;;409;77;332;409;409;330;10;23;46;0;409;8;99;141;106;39;16;0
1186;Noord-Holland (PV);2008 2e kwartaal;336;336;;336;64;272;336;336;250;4;10;72;0;336;14;71;111;83;42;15;0
1187;Noord-Holland (PV);2008 3e kwartaal;370;370;;370;53;317;370;370;292;8;19;51;0;370;12;85;115;95;51;12;0
1188;Noord-Holland (PV);2008 4e kwartaal;388;388;;388;54;334;388;388;299;13;17;59;0;388;13;85;140;95;46;9;0
1189;Noord-Holland (PV);2008;1503;1503;;1503;248;1255;1503;1503;1171;35;69;228;0;1503;47;340;507;379;178;52;0
1190;Noord-Holland (PV);2009 1e kwartaal;463;463;;463;73;390;463;463;371;5;23;64;0;463;16;98;164;116;53;15;1
1191;Noord-Holland (PV);2009 2e kwartaal;398;398;;398;68;330;398;398;313;5;12;68;0;398;10;85;129;99;56;19;0
1192;Noord-Holland (PV);2009 3e kwartaal;462;462;;462;90;372;462;462;364;7;10;81;0;462;13;99;143;125;63;19;0
1193;Noord-Holland (PV);2009 4e kwartaal;528;528;;528;103;425;528;528;410;1;29;88;0;528;7;120;174;140;69;18;0
1194;Noord-Holland (PV);2009;1851;1851;;1851;334;1517;1851;1851;1458;18;74;301;0;1851;46;402;610;480;241;71;1
1195;Noord-Holland (PV);2010 1e kwartaal;495;495;;495;80;415;495;495;379;8;32;76;0;495;12;118;150;137;68;10;0
1196;Noord-Holland (PV);2010 2e kwartaal;495;495;;495;94;401;495;495;398;4;20;73;0;495;13;108;151;148;59;16;0
1197;Noord-Holland (PV);2010 3e kwartaal;528;528;;528;87;441;528;528;408;5;24;91;0;528;18;136;165;137;55;17;0
1198;Noord-Holland (PV);2010 4e kwartaal;638;638;;638;132;506;638;638;490;11;33;104;0;638;17;159;210;166;73;13;0
1199;Noord-Holland (PV);2010;2156;2156;;2156;393;1763;2156;2156;1675;28;109;344;0;2156;60;521;676;588;255;56;0
1200;Noord-Holland (PV);2011 1e kwartaal;569;569;;569;116;453;569;569;460;9;21;79;0;569;17;115;197;161;67;12;0
1201;Noord-Holland (PV);2011 2e kwartaal;694;694;;694;123;571;694;694;530;10;43;111;0;694;22;144;248;175;93;12;0
1202;Noord-Holland (PV);2011 3e kwartaal;631;631;;631;129;502;631;631;497;6;26;102;0;631;20;155;201;164;71;20;0
1203;Noord-Holland (PV);2011 4e kwartaal;638;638;;638;112;526;638;638;521;4;21;92;0;638;11;134;209;175;88;21;0
1204;Noord-Holland (PV);2011;2532;2532;;2532;480;2052;2532;2532;2008;29;111;384;0;2532;70;548;855;675;319;65;0
1205;Noord-Holland (PV);2012 1e kwartaal;633;633;;633;131;502;633;633;526;6;14;87;0;633;10;154;193;175;80;21;0
1206;Noord-Holland (PV);2012 2e kwartaal;560;560;;560;104;456;560;547;451;8;12;76;13;560;11;120;176;161;82;10;0
1207;Noord-Holland (PV);2012 3e kwartaal;549;549;;549;108;441;549;548;433;6;20;89;1;549;14;115;175;156;72;17;0
1208;Noord-Holland (PV);2012 4e kwartaal;586;586;;586;123;463;586;576;471;7;10;88;10;586;11;130;182;163;80;20;0
1209;Noord-Holland (PV);2012;2328;2328;;2328;466;1862;2328;2304;1881;27;56;340;24;2328;46;519;726;655;314;68;0
1210;Noord-Holland (PV);2013 1e kwartaal;552;552;;552;114;438;552;541;426;5;15;95;11;552;8;129;168;147;81;19;0
1211;Noord-Holland (PV);2013 2e kwartaal;533;533;;533;107;426;533;523;435;6;13;69;10;533;16;109;177;142;74;15;0
1212;Noord-Holland (PV);2013 3e kwartaal;581;581;;581;137;444;581;554;463;6;14;71;27;581;9;127;173;165;89;18;0
1213;Noord-Holland (PV);2013 4e kwartaal;611;611;;611;137;474;611;586;491;6;12;77;25;611;13;144;169;175;90;20;0
1214;Noord-Holland (PV);2013;2277;2277;;2277;495;1782;2277;2204;1815;23;54;312;73;2277;46;509;687;629;334;72;0
1215;Noord-Holland (PV);2014 1e kwartaal;628;628;;628;116;512;628;597;500;4;10;83;31;628;10;132;206;156;99;25;0
1216;Noord-Holland (PV);2014 2e kwartaal;630;630;;630;124;506;630;574;479;9;8;78;56;630;16;156;178;174;83;23;0
1217;Noord-Holland (PV);2014 3e kwartaal;552;552;;552;99;453;552;474;395;2;2;75;78;552;18;137;150;156;70;21;0
1218;Noord-Holland (PV);2014 4e kwartaal;635;635;;635;124;511;635;388;309;9;7;63;247;635;19;128;163;184;110;31;0
1219;Noord-Holland (PV);2014;2445;2445;;2445;463;1982;2445;2033;1683;24;27;299;412;2445;63;553;697;670;362;100;0
1220;Noord-Holland (PV);2015 1e kwartaal;551;551;;551;119;432;551;158;96;2;10;50;393;551;8;107;153;160;86;37;0
1221;Noord-Holland (PV);2015 2e kwartaal;485;485;;485;94;391;485;113;69;3;6;35;372;485;10;101;123;137;96;18;0
1222;Noord-Holland (PV);2015 3e kwartaal;544;544;;544;127;417;544;116;60;1;7;48;428;544;11;126;179;147;60;21;0
1223;Noord-Holland (PV);2015 4e kwartaal;578;578;;578;112;466;578;95;57;6;1;31;483;578;4;117;187;174;77;19;0
1224;Noord-Holland (PV);2015;2158;2158;;2158;452;1706;2158;482;282;12;24;164;1676;2158;33;451;642;618;319;95;0
1225;Noord-Holland (PV);2016 1e kwartaal;492;492;;492;106;386;492;69;39;5;1;24;423;492;7;119;138;147;61;20;0
1226;Noord-Holland (PV);2016 2e kwartaal;371;371;;371;71;300;371;39;20;2;0;17;332;371;3;97;112;90;55;14;0
1227;Noord-Holland (PV);2016 3e kwartaal;381;381;;381;75;306;381;39;17;2;1;19;342;381;2;66;132;119;46;16;0
1228;Noord-Holland (PV);2016 4e kwartaal;435;435;;435;102;333;435;18;1;4;1;12;417;435;5;72;124;145;74;15;0
1229;Noord-Holland (PV);2016;1679;1679;;1679;354;1325;1679;165;77;13;3;72;1514;1679;17;354;506;501;236;65;0
1230;Noord-Holland (PV);2017 1e kwartaal;360;360;;360;70;290;360;5;0;1;0;4;355;360;4;74;110;106;52;14;0
1231;Noord-Holland (PV);2017 2e kwartaal;307;307;;307;66;241;307;5;0;0;0;5;302;307;5;57;92;92;49;12;0
1232;Noord-Holland (PV);2017 3e kwartaal;308;308;;308;58;250;308;2;0;0;0;2;306;308;2;46;107;95;47;11;0
1233;Noord-Holland (PV);2017 4e kwartaal;294;294;;294;60;234;294;0;0;0;0;0;294;294;2;69;80;79;49;15;0
1234;Noord-Holland (PV);2017;1269;1269;;1269;254;1015;1269;12;0;1;0;11;1257;1269;13;246;389;372;197;52;0
1235;Zuid-Holland (PV);1999 1e kwartaal;197;190;7.0;197;47;150;197;197;127;21;35;14;0;197;14;59;61;50;11;2;0
1236;Zuid-Holland (PV);1999 2e kwartaal;320;315;5.0;320;51;269;320;320;230;19;58;13;0;320;15;111;122;49;20;3;0
1237;Zuid-Holland (PV);1999 3e kwartaal;315;308;7.0;315;50;265;315;315;221;17;52;25;0;315;17;100;118;55;22;3;0
1238;Zuid-Holland (PV);1999 4e kwartaal;351;345;6.0;351;40;311;351;351;237;19;66;29;0;351;24;114;110;66;29;8;0
1239;Zuid-Holland (PV);1999;1183;1158;25.0;1183;188;995;1183;1183;815;76;211;81;0;1183;70;384;411;220;82;16;0
1240;Zuid-Holland (PV);2000 1e kwartaal;321;313;8.0;321;28;293;321;321;232;13;50;26;0;321;14;108;100;70;19;10;0
1241;Zuid-Holland (PV);2000 2e kwartaal;284;276;8.0;284;33;251;284;284;216;6;38;24;0;284;16;96;77;62;29;4;0
1242;Zuid-Holland (PV);2000 3e kwartaal;315;295;20.0;315;50;265;315;315;217;16;50;32;0;315;17;91;118;69;17;3;0
1243;Zuid-Holland (PV);2000 4e kwartaal;300;285;15.0;300;55;245;300;300;204;16;46;34;0;300;8;95;103;63;25;6;0
1244;Zuid-Holland (PV);2000;1220;1169;51.0;1220;166;1054;1220;1220;869;51;184;116;0;1220;55;390;398;264;90;23;0
1245;Zuid-Holland (PV);2001 1e kwartaal;319;292;27.0;319;86;233;319;319;230;13;45;31;0;319;16;93;106;73;26;5;0
1246;Zuid-Holland (PV);2001 2e kwartaal;306;296;10.0;306;73;233;306;306;213;5;51;37;0;306;20;89;97;72;26;2;0
1247;Zuid-Holland (PV);2001 3e kwartaal;340;330;10.0;340;56;284;340;340;237;8;40;55;0;340;18;88;108;82;35;9;0
1248;Zuid-Holland (PV);2001 4e kwartaal;334;325;9.0;334;67;267;334;334;210;6;61;57;0;334;18;113;106;55;36;6;0
1249;Zuid-Holland (PV);2001;1299;1243;56.0;1299;282;1017;1299;1299;890;32;197;180;0;1299;72;383;417;282;123;22;0
1250;Zuid-Holland (PV);2002 1e kwartaal;344;336;8.0;344;41;303;344;344;238;3;43;60;0;344;28;109;118;57;23;9;0
1251;Zuid-Holland (PV);2002 2e kwartaal;406;390;16.0;406;75;331;406;406;274;6;62;64;0;406;23;135;131;67;43;7;0
1252;Zuid-Holland (PV);2002 3e kwartaal;445;433;12.0;445;80;365;445;445;298;5;78;64;0;445;27;146;153;75;37;7;0
1253;Zuid-Holland (PV);2002 4e kwartaal;434;431;3.0;434;51;383;434;434;288;3;69;74;0;434;27;151;149;76;25;6;0
1254;Zuid-Holland (PV);2002;1629;1590;39.0;1629;247;1382;1629;1629;1098;17;252;262;0;1629;105;541;551;275;128;29;0
1255;Zuid-Holland (PV);2003 1e kwartaal;424;412;12.0;424;72;352;424;424;260;2;104;58;0;424;24;127;148;75;40;10;0
1256;Zuid-Holland (PV);2003 2e kwartaal;454;439;15.0;454;70;384;454;454;264;13;110;67;0;454;24;136;149;104;38;3;0
1257;Zuid-Holland (PV);2003 3e kwartaal;477;472;5.0;477;81;396;477;477;322;3;93;59;0;477;26;169;147;90;39;6;0
1258;Zuid-Holland (PV);2003 4e kwartaal;443;437;6.0;443;85;358;443;443;276;3;121;43;0;443;34;144;144;78;27;16;0
1259;Zuid-Holland (PV);2003;1798;1760;38.0;1798;308;1490;1798;1798;1122;21;428;227;0;1798;108;576;588;347;144;35;0
1260;Zuid-Holland (PV);2004 1e kwartaal;515;509;6.0;515;102;413;515;515;329;2;138;46;0;515;24;152;175;98;59;7;0
1261;Zuid-Holland (PV);2004 2e kwartaal;540;536;4.0;540;83;457;540;540;341;5;146;48;0;540;20;176;177;119;39;9;0
1262;Zuid-Holland (PV);2004 3e kwartaal;607;597;10.0;607;102;505;607;607;415;6;133;53;0;607;42;187;196;125;47;10;0
1263;Zuid-Holland (PV);2004 4e kwartaal;527;524;3.0;527;88;439;527;527;370;5;108;44;0;527;29;137;172;126;51;12;0
1264;Zuid-Holland (PV);2004;2189;2166;23.0;2189;375;1814;2189;2189;1455;18;525;191;0;2189;115;652;720;468;196;38;0
1265;Zuid-Holland (PV);2005 1e kwartaal;677;674;3.0;677;85;592;677;677;460;6;150;61;0;677;30;183;200;165;80;19;0
1266;Zuid-Holland (PV);2005 2e kwartaal;622;609;13.0;622;97;525;622;622;421;2;137;62;0;622;33;160;204;134;78;13;0
1267;Zuid-Holland (PV);2005 3e kwartaal;484;480;4.0;484;74;410;484;484;339;8;84;53;0;484;20;124;191;103;36;10;0
1268;Zuid-Holland (PV);2005 4e kwartaal;544;535;9.0;544;90;454;544;544;393;8;72;71;0;544;20;148;157;130;72;17;0
1269;Zuid-Holland (PV);2005;2327;2298;29.0;2327;346;1981;2327;2327;1613;24;443;247;0;2327;103;615;752;532;266;59;0
1270;Zuid-Holland (PV);2006 1e kwartaal;653;647;6.0;653;97;556;653;653;467;3;102;81;0;653;32;154;215;157;72;23;0
1271;Zuid-Holland (PV);2006 2e kwartaal;780;774;6.0;780;113;667;780;780;565;3;101;111;0;780;30;195;255;184;96;20;0
1272;Zuid-Holland (PV);2006 3e kwartaal;584;579;5.0;584;87;497;584;584;408;7;72;97;0;584;23;146;203;142;49;21;0
1273;Zuid-Holland (PV);2006 4e kwartaal;594;592;2.0;594;61;533;594;594;426;12;62;94;0;594;18;160;175;146;76;19;0
1274;Zuid-Holland (PV);2006;2611;2592;19.0;2611;358;2253;2611;2611;1866;25;337;383;0;2611;103;655;848;629;293;83;0
1275;Zuid-Holland (PV);2007 1e kwartaal;641;638;3.0;641;88;553;641;641;468;4;54;115;0;641;24;152;204;174;66;21;0
1276;Zuid-Holland (PV);2007 2e kwartaal;631;622;9.0;631;111;520;631;631;445;5;49;132;0;631;14;156;203;157;82;19;0
1277;Zuid-Holland (PV);2007 3e kwartaal;592;590;2.0;592;83;509;592;592;403;8;39;142;0;592;22;122;203;146;83;16;0
1278;Zuid-Holland (PV);2007 4e kwartaal;622;614;8.0;622;81;541;622;622;447;1;45;129;0;622;22;128;193;163;86;30;0
1279;Zuid-Holland (PV);2007;2486;2464;22.0;2486;363;2123;2486;2486;1763;18;187;518;0;2486;82;558;803;640;317;86;0
1280;Zuid-Holland (PV);2008 1e kwartaal;475;475;;475;76;399;475;475;328;12;33;102;0;475;12;113;144;143;53;10;0
1281;Zuid-Holland (PV);2008 2e kwartaal;302;302;;302;64;238;302;302;201;9;24;68;0;302;8;72;115;70;31;6;0
1282;Zuid-Holland (PV);2008 3e kwartaal;320;320;;320;48;272;320;320;246;3;25;46;0;320;5;76;100;92;37;10;0
1283;Zuid-Holland (PV);2008 4e kwartaal;311;311;;311;47;264;311;311;223;0;30;58;0;311;7;75;99;86;36;8;0
1284;Zuid-Holland (PV);2008;1408;1408;;1408;235;1173;1408;1408;998;24;112;274;0;1408;32;336;458;391;157;34;0
1285;Zuid-Holland (PV);2009 1e kwartaal;321;321;;321;46;275;321;321;238;2;20;61;0;321;6;78;109;83;36;8;1
1286;Zuid-Holland (PV);2009 2e kwartaal;325;325;;325;51;274;325;325;245;6;18;56;0;325;15;74;115;66;46;9;0
1287;Zuid-Holland (PV);2009 3e kwartaal;456;456;;456;76;380;456;456;321;0;30;105;0;456;11;109;175;109;41;11;0
1288;Zuid-Holland (PV);2009 4e kwartaal;339;339;;339;49;290;339;339;253;0;16;70;0;339;5;83;120;88;37;6;0
1289;Zuid-Holland (PV);2009;1441;1441;;1441;222;1219;1441;1441;1057;8;84;292;0;1441;37;344;519;346;160;34;1
1290;Zuid-Holland (PV);2010 1e kwartaal;407;407;;407;79;328;407;407;292;5;16;94;0;407;9;95;148;94;54;7;0
1291;Zuid-Holland (PV);2010 2e kwartaal;350;350;;350;54;296;350;350;232;4;32;82;0;350;8;86;127;86;36;7;0
1292;Zuid-Holland (PV);2010 3e kwartaal;403;403;;403;37;366;403;403;293;5;28;77;0;403;10;108;121;110;47;7;0
1293;Zuid-Holland (PV);2010 4e kwartaal;596;596;;596;83;513;596;596;434;6;33;123;0;596;13;137;211;154;66;15;0
1294;Zuid-Holland (PV);2010;1756;1756;;1756;253;1503;1756;1756;1251;20;109;376;0;1756;40;426;607;444;203;36;0
1295;Zuid-Holland (PV);2011 1e kwartaal;486;486;;486;69;417;486;486;371;4;13;98;0;486;6;122;152;115;76;15;0
1296;Zuid-Holland (PV);2011 2e kwartaal;770;770;;770;112;658;770;768;558;6;45;159;2;770;13;179;249;206;101;22;0
1297;Zuid-Holland (PV);2011 3e kwartaal;813;813;;813;112;701;813;812;575;2;52;183;1;813;17;177;253;227;116;23;0
1298;Zuid-Holland (PV);2011 4e kwartaal;785;785;;785;129;656;785;781;545;5;42;189;4;785;8;200;247;202;111;17;0
1299;Zuid-Holland (PV);2011;2854;2854;;2854;422;2432;2854;2847;2049;17;152;629;7;2854;44;678;901;750;404;77;0
1300;Zuid-Holland (PV);2012 1e kwartaal;649;649;;649;98;551;649;634;475;3;33;123;15;649;14;146;207;184;85;13;0
1301;Zuid-Holland (PV);2012 2e kwartaal;524;524;;524;82;442;524;512;373;1;32;106;12;524;8;108;147;168;79;14;0
1302;Zuid-Holland (PV);2012 3e kwartaal;654;654;;654;118;536;654;646;504;7;22;113;8;654;12;146;194;202;84;16;0
1303;Zuid-Holland (PV);2012 4e kwartaal;532;532;;532;85;447;532;526;416;2;21;87;6;532;12;114;149;142;89;26;0
1304;Zuid-Holland (PV);2012;2359;2359;;2359;383;1976;2359;2318;1768;13;108;429;41;2359;46;514;697;696;337;69;0
1305;Zuid-Holland (PV);2013 1e kwartaal;574;574;;574;100;474;574;556;449;3;25;79;18;574;12;132;188;149;73;20;0
1306;Zuid-Holland (PV);2013 2e kwartaal;435;435;;435;91;344;435;416;340;2;18;56;19;435;8;101;135;107;66;18;0
1307;Zuid-Holland (PV);2013 3e kwartaal;385;385;;385;86;299;385;363;295;5;17;46;22;385;6;79;121;119;45;15;0
1308;Zuid-Holland (PV);2013 4e kwartaal;472;472;;472;107;365;472;426;353;1;12;60;46;472;7;82;143;145;77;18;0
1309;Zuid-Holland (PV);2013;1866;1866;;1866;384;1482;1866;1761;1437;11;72;241;105;1866;33;394;587;520;261;71;0
1310;Zuid-Holland (PV);2014 1e kwartaal;579;579;;579;117;462;579;500;422;3;14;61;79;579;6;118;178;180;79;18;0
1311;Zuid-Holland (PV);2014 2e kwartaal;465;465;;465;102;363;465;398;327;3;10;58;67;465;7;93;128;141;87;9;0
1312;Zuid-Holland (PV);2014 3e kwartaal;436;436;;436;88;348;436;317;257;5;5;50;119;436;9;96;127;131;60;13;0
1313;Zuid-Holland (PV);2014 4e kwartaal;445;445;;445;90;355;445;137;87;0;10;40;308;445;5;101;147;114;64;14;0
1314;Zuid-Holland (PV);2014;1925;1925;;1925;397;1528;1925;1352;1093;11;39;209;573;1925;27;408;580;566;290;54;0
1315;Zuid-Holland (PV);2015 1e kwartaal;521;521;;521;103;418;521;93;35;6;5;47;428;521;5;112;163;156;72;13;0
1316;Zuid-Holland (PV);2015 2e kwartaal;479;479;;479;86;393;479;81;30;0;17;34;398;479;4;111;127;144;78;15;0
1317;Zuid-Holland (PV);2015 3e kwartaal;549;549;;549;123;426;549;86;42;2;7;35;463;549;2;111;167;176;74;19;0
1318;Zuid-Holland (PV);2015 4e kwartaal;503;503;;503;100;403;503;45;23;3;5;14;458;503;6;98;159;151;70;19;0
1319;Zuid-Holland (PV);2015;2052;2052;;2052;412;1640;2052;305;130;11;34;130;1747;2052;17;432;616;627;294;66;0
1320;Zuid-Holland (PV);2016 1e kwartaal;421;421;;421;56;365;421;35;13;3;0;19;386;421;4;86;127;130;59;15;0
1321;Zuid-Holland (PV);2016 2e kwartaal;431;431;;431;81;350;431;31;5;0;3;23;400;431;5;75;130;149;58;14;0
1322;Zuid-Holland (PV);2016 3e kwartaal;483;483;;483;83;400;483;26;15;4;0;7;457;483;7;91;135;162;74;14;0
1323;Zuid-Holland (PV);2016 4e kwartaal;417;417;;417;68;349;417;3;0;0;0;3;414;417;2;74;151;118;58;14;0
1324;Zuid-Holland (PV);2016;1752;1752;;1752;288;1464;1752;95;33;7;3;52;1657;1752;18;326;543;559;249;57;0
1325;Zuid-Holland (PV);2017 1e kwartaal;422;422;;422;67;355;422;6;0;1;1;4;416;422;3;64;130;144;57;24;0
1326;Zuid-Holland (PV);2017 2e kwartaal;372;372;;372;59;313;372;0;0;0;0;0;372;372;4;74;104;108;69;13;0
1327;Zuid-Holland (PV);2017 3e kwartaal;374;374;;374;53;321;374;0;0;0;0;0;374;374;7;85;106;105;54;17;0
1328;Zuid-Holland (PV);2017 4e kwartaal;395;395;;395;52;343;395;0;0;0;0;0;395;395;6;85;125;104;63;12;0
1329;Zuid-Holland (PV);2017;1563;1563;;1563;231;1332;1563;6;0;1;1;4;1557;1563;20;308;465;461;243;66;0
1330;Zeeland (PV);1999 1e kwartaal;33;28;5.0;33;5;28;33;33;18;6;6;3;0;33;0;8;17;5;0;3;0
1331;Zeeland (PV);1999 2e kwartaal;39;39;0.0;39;7;32;39;39;28;4;4;3;0;39;5;6;14;9;4;1;0
1332;Zeeland (PV);1999 3e kwartaal;64;62;2.0;64;8;56;64;64;46;4;7;7;0;64;1;20;20;18;5;0;0
1333;Zeeland (PV);1999 4e kwartaal;38;38;0.0;38;4;34;38;38;25;4;8;1;0;38;2;16;10;9;1;0;0
1334;Zeeland (PV);1999;174;167;7.0;174;24;150;174;174;117;18;25;14;0;174;8;50;61;41;10;4;0
1335;Zeeland (PV);2000 1e kwartaal;52;52;0.0;52;3;49;52;52;36;7;7;2;0;52;2;20;19;10;1;0;0
1336;Zeeland (PV);2000 2e kwartaal;73;73;0.0;73;2;71;73;73;56;3;9;5;0;73;6;28;22;13;3;1;0
1337;Zeeland (PV);2000 3e kwartaal;50;50;0.0;50;1;49;50;50;38;3;8;1;0;50;5;15;16;8;5;1;0
1338;Zeeland (PV);2000 4e kwartaal;54;53;1.0;54;2;52;54;54;28;5;13;8;0;54;12;19;12;8;3;0;0
1339;Zeeland (PV);2000;229;228;1.0;229;8;221;229;229;158;18;37;16;0;229;25;82;69;39;12;2;0
1340;Zeeland (PV);2001 1e kwartaal;65;65;0.0;65;14;51;65;65;41;12;4;8;0;65;1;14;26;17;6;1;0
1341;Zeeland (PV);2001 2e kwartaal;69;69;0.0;69;12;57;69;69;55;3;9;2;0;69;6;27;16;13;6;1;0
1342;Zeeland (PV);2001 3e kwartaal;65;65;0.0;65;6;59;65;65;46;2;16;1;0;65;5;21;20;15;4;0;0
1343;Zeeland (PV);2001 4e kwartaal;90;90;0.0;90;7;83;90;90;55;8;22;5;0;90;5;36;28;17;4;0;0
1344;Zeeland (PV);2001;289;289;0.0;289;39;250;289;289;197;25;51;16;0;289;17;98;90;62;20;2;0
1345;Zeeland (PV);2002 1e kwartaal;96;96;0.0;96;6;90;96;96;55;10;25;6;0;96;11;34;32;13;5;1;0
1346;Zeeland (PV);2002 2e kwartaal;93;93;0.0;93;5;88;93;93;62;4;18;9;0;93;5;34;27;18;8;1;0
1347;Zeeland (PV);2002 3e kwartaal;99;97;2.0;99;18;81;99;99;65;4;21;9;0;99;9;19;34;29;7;1;0
1348;Zeeland (PV);2002 4e kwartaal;79;79;0.0;79;12;67;79;79;57;3;16;3;0;79;13;24;22;14;5;1;0
1349;Zeeland (PV);2002;367;365;2.0;367;41;326;367;367;239;21;80;27;0;367;38;111;115;74;25;4;0
1350;Zeeland (PV);2003 1e kwartaal;101;100;1.0;101;4;97;101;101;72;2;16;11;0;101;10;29;35;16;9;2;0
1351;Zeeland (PV);2003 2e kwartaal;97;97;0.0;97;8;89;97;97;57;4;25;11;0;97;10;33;28;24;2;0;0
1352;Zeeland (PV);2003 3e kwartaal;67;67;0.0;67;5;62;67;67;50;2;15;0;0;67;6;19;26;13;1;2;0
1353;Zeeland (PV);2003 4e kwartaal;103;103;0.0;103;13;90;103;103;70;2;20;11;0;103;13;31;34;19;6;0;0
1354;Zeeland (PV);2003;368;367;1.0;368;30;338;368;368;249;10;76;33;0;368;39;112;123;72;18;4;0
1355;Zeeland (PV);2004 1e kwartaal;114;114;0.0;114;10;104;114;114;92;2;13;7;0;114;20;33;34;21;5;1;0
1356;Zeeland (PV);2004 2e kwartaal;95;93;2.0;95;11;84;95;95;66;1;17;11;0;95;13;29;32;11;7;3;0
1357;Zeeland (PV);2004 3e kwartaal;111;111;0.0;111;19;92;111;111;78;4;24;5;0;111;6;33;32;30;9;1;0
1358;Zeeland (PV);2004 4e kwartaal;112;111;1.0;112;15;97;112;112;84;3;14;11;0;112;14;39;32;17;10;0;0
1359;Zeeland (PV);2004;432;429;3.0;432;55;377;432;432;320;10;68;34;0;432;53;134;130;79;31;5;0
1360;Zeeland (PV);2005 1e kwartaal;141;141;0.0;141;24;117;141;141;100;3;27;11;0;141;11;32;53;32;11;2;0
1361;Zeeland (PV);2005 2e kwartaal;127;127;0.0;127;7;120;127;127;91;3;17;16;0;127;12;39;37;27;11;1;0
1362;Zeeland (PV);2005 3e kwartaal;96;96;0.0;96;5;91;96;96;71;1;19;5;0;96;5;28;31;19;10;3;0
1363;Zeeland (PV);2005 4e kwartaal;103;101;2.0;103;5;98;103;103;73;1;16;13;0;103;5;27;36;23;8;4;0
1364;Zeeland (PV);2005;467;465;2.0;467;41;426;467;467;335;8;79;45;0;467;33;126;157;101;40;10;0
1365;Zeeland (PV);2006 1e kwartaal;134;134;0.0;134;15;119;134;134;93;8;27;6;0;134;11;35;49;29;9;1;0
1366;Zeeland (PV);2006 2e kwartaal;152;152;0.0;152;12;140;152;152;111;4;20;17;0;152;12;31;51;35;22;1;0
1367;Zeeland (PV);2006 3e kwartaal;125;125;0.0;125;3;122;125;125;102;3;7;13;0;125;10;33;42;27;13;0;0
1368;Zeeland (PV);2006 4e kwartaal;117;117;0.0;117;5;112;117;117;82;6;14;15;0;117;4;35;33;28;13;4;0
1369;Zeeland (PV);2006;528;528;0.0;528;35;493;528;528;388;21;68;51;0;528;37;134;175;119;57;6;0
1370;Zeeland (PV);2007 1e kwartaal;158;158;0.0;158;9;149;158;158;117;2;14;25;0;158;15;39;51;28;15;10;0
1371;Zeeland (PV);2007 2e kwartaal;200;200;0.0;200;6;194;200;200;165;2;9;24;0;200;17;56;61;34;24;8;0
1372;Zeeland (PV);2007 3e kwartaal;177;177;0.0;177;6;171;177;177;133;3;11;30;0;177;13;47;56;32;19;10;0
1373;Zeeland (PV);2007 4e kwartaal;144;144;0.0;144;13;131;144;144;104;7;11;22;0;144;11;25;51;34;20;3;0
1374;Zeeland (PV);2007;679;679;0.0;679;34;645;679;679;519;14;45;101;0;679;56;167;219;128;78;31;0
1375;Zeeland (PV);2008 1e kwartaal;160;160;;160;14;146;160;160;127;3;3;27;0;160;16;36;43;38;23;4;0
1376;Zeeland (PV);2008 2e kwartaal;128;128;;128;3;125;128;128;100;2;8;18;0;128;7;34;41;23;20;3;0
1377;Zeeland (PV);2008 3e kwartaal;33;33;;33;3;30;33;33;26;0;3;4;0;33;2;9;12;10;0;0;0
1378;Zeeland (PV);2008 4e kwartaal;24;24;;24;5;19;24;24;23;0;1;0;0;24;0;4;11;6;2;1;0
1379;Zeeland (PV);2008;345;345;;345;25;320;345;345;276;5;15;49;0;345;25;83;107;77;45;8;0
1380;Zeeland (PV);2009 1e kwartaal;24;24;;24;11;13;24;24;20;0;1;3;0;24;3;6;12;2;1;0;0
1381;Zeeland (PV);2009 2e kwartaal;26;26;;26;11;15;26;26;23;1;1;1;0;26;0;3;11;6;5;1;0
1382;Zeeland (PV);2009 3e kwartaal;23;23;;23;8;15;23;23;16;2;4;1;0;23;0;8;9;5;1;0;0
1383;Zeeland (PV);2009 4e kwartaal;31;31;;31;11;20;31;31;23;2;4;2;0;31;1;11;7;8;3;1;0
1384;Zeeland (PV);2009;104;104;;104;41;63;104;104;82;5;10;7;0;104;4;28;39;21;10;2;0
1385;Zeeland (PV);2010 1e kwartaal;51;51;;51;12;39;51;51;40;0;4;7;0;51;1;15;18;10;4;3;0
1386;Zeeland (PV);2010 2e kwartaal;68;68;;68;24;44;68;68;56;0;3;9;0;68;4;20;17;19;8;0;0
1387;Zeeland (PV);2010 3e kwartaal;56;56;;56;16;40;56;56;50;1;1;4;0;56;3;12;22;10;6;3;0
1388;Zeeland (PV);2010 4e kwartaal;85;85;;85;30;55;85;85;71;1;3;10;0;85;4;21;29;19;12;0;0
1389;Zeeland (PV);2010;260;260;;260;82;178;260;260;217;2;11;30;0;260;12;68;86;58;30;6;0
1390;Zeeland (PV);2011 1e kwartaal;87;87;;87;18;69;87;87;67;6;3;11;0;87;3;24;26;19;10;5;0
1391;Zeeland (PV);2011 2e kwartaal;72;72;;72;13;59;72;72;63;0;2;7;0;72;2;16;23;25;6;0;0
1392;Zeeland (PV);2011 3e kwartaal;74;74;;74;14;60;74;74;53;2;0;19;0;74;9;22;17;18;8;0;0
1393;Zeeland (PV);2011 4e kwartaal;104;104;;104;19;85;104;104;93;0;2;9;0;104;4;26;34;24;11;5;0
1394;Zeeland (PV);2011;337;337;;337;64;273;337;337;276;8;7;46;0;337;18;88;100;86;35;10;0
1395;Zeeland (PV);2012 1e kwartaal;85;85;;85;22;63;85;85;70;1;0;14;0;85;2;19;27;20;13;4;0
1396;Zeeland (PV);2012 2e kwartaal;122;122;;122;24;98;122;121;93;3;4;21;1;122;10;31;37;30;12;2;0
1397;Zeeland (PV);2012 3e kwartaal;76;76;;76;14;62;76;75;57;3;5;10;1;76;7;18;25;18;8;0;0
1398;Zeeland (PV);2012 4e kwartaal;80;80;;80;19;61;80;78;71;1;0;6;2;80;4;10;30;21;10;5;0
1399;Zeeland (PV);2012;363;363;;363;79;284;363;359;291;8;9;51;4;363;23;78;119;89;43;11;0
1400;Zeeland (PV);2013 1e kwartaal;61;61;;61;14;47;61;61;49;2;2;8;0;61;2;13;20;18;8;0;0
1401;Zeeland (PV);2013 2e kwartaal;79;79;;79;13;66;79;75;63;1;2;9;4;79;4;13;26;22;12;2;0
1402;Zeeland (PV);2013 3e kwartaal;94;94;;94;15;79;94;93;81;3;1;8;1;94;4;20;26;23;17;4;0
1403;Zeeland (PV);2013 4e kwartaal;95;95;;95;14;81;95;93;79;1;1;12;2;95;1;24;30;25;14;1;0
1404;Zeeland (PV);2013;329;329;;329;56;273;329;322;272;7;6;37;7;329;11;70;102;88;51;7;0
1405;Zeeland (PV);2014 1e kwartaal;70;70;;70;13;57;70;67;60;2;0;5;3;70;0;18;15;24;10;3;0
1406;Zeeland (PV);2014 2e kwartaal;77;77;;77;20;57;77;73;58;3;2;10;4;77;0;19;18;25;11;4;0
1407;Zeeland (PV);2014 3e kwartaal;85;85;;85;18;67;85;81;71;0;0;10;4;85;4;11;25;30;14;1;0
1408;Zeeland (PV);2014 4e kwartaal;47;47;;47;8;39;47;40;32;0;0;8;7;47;2;7;14;14;9;1;0
1409;Zeeland (PV);2014;279;279;;279;59;220;279;261;221;5;2;33;18;279;6;55;72;93;44;9;0
1410;Zeeland (PV);2015 1e kwartaal;66;66;;66;7;59;66;11;3;1;0;7;55;66;3;17;17;20;6;3;0
1411;Zeeland (PV);2015 2e kwartaal;52;52;;52;5;47;52;10;4;0;0;6;42;52;1;12;13;19;7;0;0
1412;Zeeland (PV);2015 3e kwartaal;49;49;;49;10;39;49;8;1;2;2;3;41;49;1;9;13;17;7;2;0
1413;Zeeland (PV);2015 4e kwartaal;28;28;;28;5;23;28;4;3;0;0;1;24;28;2;7;6;5;6;2;0
1414;Zeeland (PV);2015;195;195;;195;27;168;195;33;11;3;2;17;162;195;7;45;49;61;26;7;0
1415;Zeeland (PV);2016 1e kwartaal;37;37;;37;4;33;37;6;3;0;0;3;31;37;0;8;13;8;5;3;0
1416;Zeeland (PV);2016 2e kwartaal;37;37;;37;4;33;37;2;1;0;0;1;35;37;0;10;7;11;9;0;0
1417;Zeeland (PV);2016 3e kwartaal;31;31;;31;2;29;31;0;0;0;0;0;31;31;0;6;11;7;7;0;0
1418;Zeeland (PV);2016 4e kwartaal;39;39;;39;10;29;39;2;0;1;0;1;37;39;1;6;5;18;8;1;0
1419;Zeeland (PV);2016;144;144;;144;20;124;144;10;4;1;0;5;134;144;1;30;36;44;29;4;0
1420;Zeeland (PV);2017 1e kwartaal;32;32;;32;0;32;32;2;0;0;0;2;30;32;1;7;9;9;3;3;0
1421;Zeeland (PV);2017 2e kwartaal;21;21;;21;3;18;21;0;0;0;0;0;21;21;3;4;4;6;4;0;0
1422;Zeeland (PV);2017 3e kwartaal;34;34;;34;3;31;34;2;0;0;0;2;32;34;0;5;14;10;4;1;0
1423;Zeeland (PV);2017 4e kwartaal;35;35;;35;9;26;35;0;0;0;0;0;35;35;1;10;10;5;6;3;0
1424;Zeeland (PV);2017;122;122;;122;15;107;122;4;0;0;0;4;118;122;5;26;37;30;17;7;0
1425;Noord-Brabant (PV);1999 1e kwartaal;142;128;14.0;142;62;80;142;142;93;15;25;9;0;142;14;42;51;27;7;1;0
1426;Noord-Brabant (PV);1999 2e kwartaal;195;184;11.0;195;78;117;195;195;135;22;26;12;0;195;6;60;76;39;11;3;0
1427;Noord-Brabant (PV);1999 3e kwartaal;230;220;10.0;230;67;163;230;230;158;16;36;20;0;230;11;64;75;59;16;5;0
1428;Noord-Brabant (PV);1999 4e kwartaal;282;264;18.0;282;54;228;282;282;195;11;55;21;0;282;11;88;100;60;22;1;0
1429;Noord-Brabant (PV);1999;849;796;53.0;849;261;588;849;849;581;64;142;62;0;849;42;254;302;185;56;10;0
1430;Noord-Brabant (PV);2000 1e kwartaal;298;287;11.0;298;55;243;298;298;208;17;44;29;0;298;17;99;107;55;18;2;0
1431;Noord-Brabant (PV);2000 2e kwartaal;264;255;9.0;264;33;231;264;264;166;6;59;33;0;264;21;89;91;49;14;0;0
1432;Noord-Brabant (PV);2000 3e kwartaal;279;272;7.0;279;27;252;279;279;200;7;40;32;0;279;12;91;103;56;12;5;0
1433;Noord-Brabant (PV);2000 4e kwartaal;326;313;13.0;326;39;287;326;326;204;9;64;49;0;326;17;131;109;48;16;5;0
1434;Noord-Brabant (PV);2000;1167;1127;40.0;1167;154;1013;1167;1167;778;39;207;143;0;1167;67;410;410;208;60;12;0
1435;Noord-Brabant (PV);2001 1e kwartaal;265;262;3.0;265;56;209;265;265;157;7;42;59;0;265;13;89;79;59;18;7;0
1436;Noord-Brabant (PV);2001 2e kwartaal;275;269;6.0;275;47;228;275;275;195;7;42;31;0;275;16;88;108;50;10;3;0
1437;Noord-Brabant (PV);2001 3e kwartaal;271;261;10.0;271;53;218;271;271;199;4;28;40;0;271;8;76;84;78;21;4;0
1438;Noord-Brabant (PV);2001 4e kwartaal;262;256;6.0;262;47;215;262;262;183;6;47;26;0;262;22;101;88;38;8;5;0
1439;Noord-Brabant (PV);2001;1073;1048;25.0;1073;203;870;1073;1073;734;24;159;156;0;1073;59;354;359;225;57;19;0
1440;Noord-Brabant (PV);2002 1e kwartaal;249;244;5.0;249;47;202;249;249;171;1;38;39;0;249;10;90;75;57;12;5;0
1441;Noord-Brabant (PV);2002 2e kwartaal;289;286;3.0;289;54;235;289;289;184;2;62;41;0;289;18;104;101;46;14;6;0
1442;Noord-Brabant (PV);2002 3e kwartaal;299;283;16.0;299;56;243;299;299;191;2;64;42;0;299;12;86;98;74;28;1;0
1443;Noord-Brabant (PV);2002 4e kwartaal;297;280;17.0;297;51;246;297;297;204;2;67;24;0;297;15;102;97;56;26;1;0
1444;Noord-Brabant (PV);2002;1134;1093;41.0;1134;208;926;1134;1134;750;7;231;146;0;1134;55;382;371;233;80;13;0
1445;Noord-Brabant (PV);2003 1e kwartaal;274;260;14.0;274;62;212;274;274;175;5;61;33;0;274;25;87;90;51;20;1;0
1446;Noord-Brabant (PV);2003 2e kwartaal;336;317;19.0;336;66;270;336;336;225;5;71;35;0;336;10;136;117;62;10;1;0
1447;Noord-Brabant (PV);2003 3e kwartaal;292;278;14.0;292;45;247;292;292;194;1;69;28;0;292;20;99;97;60;11;5;0
1448;Noord-Brabant (PV);2003 4e kwartaal;351;332;19.0;351;70;281;351;351;230;12;71;38;0;351;22;125;111;66;22;5;0
1449;Noord-Brabant (PV);2003;1253;1187;66.0;1253;243;1010;1253;1253;824;23;272;134;0;1253;77;447;415;239;63;12;0
1450;Noord-Brabant (PV);2004 1e kwartaal;505;497;8.0;505;66;439;505;505;345;9;94;57;0;505;42;161;166;105;28;3;0
1451;Noord-Brabant (PV);2004 2e kwartaal;426;419;7.0;426;68;358;426;426;262;15;80;69;0;426;29;120;139;99;32;7;0
1452;Noord-Brabant (PV);2004 3e kwartaal;508;502;6.0;508;96;412;508;508;361;19;77;51;0;508;35;150;160;107;46;10;0
1453;Noord-Brabant (PV);2004 4e kwartaal;445;434;11.0;445;100;345;445;445;305;14;54;72;0;445;18;140;167;83;32;5;0
1454;Noord-Brabant (PV);2004;1884;1852;32.0;1884;330;1554;1884;1884;1273;57;305;249;0;1884;124;571;632;394;138;25;0
1455;Noord-Brabant (PV);2005 1e kwartaal;458;441;17.0;458;105;353;458;458;307;18;58;75;0;458;29;130;152;98;39;10;0
1456;Noord-Brabant (PV);2005 2e kwartaal;372;356;16.0;372;67;305;372;372;244;12;49;67;0;372;25;118;110;84;30;5;0
1457;Noord-Brabant (PV);2005 3e kwartaal;372;357;15.0;372;65;307;372;372;233;13;61;65;0;372;18;114;132;75;30;3;0
1458;Noord-Brabant (PV);2005 4e kwartaal;433;407;26.0;433;68;365;433;433;299;16;41;77;0;433;15;125;155;97;36;5;0
1459;Noord-Brabant (PV);2005;1635;1561;74.0;1635;305;1330;1635;1635;1083;59;209;284;0;1635;87;487;549;354;135;23;0
1460;Noord-Brabant (PV);2006 1e kwartaal;558;520;38.0;558;79;479;558;558;392;22;35;109;0;558;26;149;187;129;50;17;0
1461;Noord-Brabant (PV);2006 2e kwartaal;604;576;28.0;604;78;526;604;604;405;14;58;127;0;604;33;159;196;134;66;16;0
1462;Noord-Brabant (PV);2006 3e kwartaal;571;538;33.0;571;94;477;571;571;387;20;42;122;0;571;24;145;182;136;72;12;0
1463;Noord-Brabant (PV);2006 4e kwartaal;546;512;34.0;546;62;484;546;546;383;19;26;118;0;546;23;152;198;107;57;9;0
1464;Noord-Brabant (PV);2006;2279;2146;133.0;2279;313;1966;2279;2279;1567;75;161;476;0;2279;106;605;763;506;245;54;0
1465;Noord-Brabant (PV);2007 1e kwartaal;615;577;38.0;615;85;530;615;615;413;22;46;134;0;615;22;156;217;151;59;10;0
1466;Noord-Brabant (PV);2007 2e kwartaal;528;495;33.0;528;64;464;528;528;354;17;39;118;0;528;23;122;186;118;63;16;0
1467;Noord-Brabant (PV);2007 3e kwartaal;527;477;50.0;527;73;454;527;527;362;20;47;98;0;527;18;104;194;134;66;11;0
1468;Noord-Brabant (PV);2007 4e kwartaal;569;525;44.0;569;64;505;569;569;381;22;37;129;0;569;21;136;184;153;65;10;0
1469;Noord-Brabant (PV);2007;2239;2074;165.0;2239;286;1953;2239;2239;1510;81;169;479;0;2239;84;518;781;556;253;47;0
1470;Noord-Brabant (PV);2008 1e kwartaal;348;348;;348;54;294;348;348;251;11;24;62;0;348;11;74;120;90;44;9;0
1471;Noord-Brabant (PV);2008 2e kwartaal;335;335;;335;34;301;335;335;247;16;19;53;0;335;10;73;119;88;42;3;0
1472;Noord-Brabant (PV);2008 3e kwartaal;231;231;;231;41;190;231;231;175;10;16;30;0;231;15;57;75;46;24;14;0
1473;Noord-Brabant (PV);2008 4e kwartaal;291;291;;291;30;261;291;291;204;17;17;53;0;291;16;67;85;75;38;10;0
1474;Noord-Brabant (PV);2008;1205;1205;;1205;159;1046;1205;1205;877;54;76;198;0;1205;52;271;399;299;148;36;0
1475;Noord-Brabant (PV);2009 1e kwartaal;326;326;;326;44;282;326;326;245;22;20;39;0;326;13;88;109;75;30;11;0
1476;Noord-Brabant (PV);2009 2e kwartaal;288;288;;288;64;224;288;288;217;10;12;49;0;288;10;59;107;81;28;3;0
1477;Noord-Brabant (PV);2009 3e kwartaal;290;290;;290;67;223;290;290;222;10;21;37;0;290;9;87;104;65;19;6;0
1478;Noord-Brabant (PV);2009 4e kwartaal;352;352;;352;79;273;352;352;248;6;31;67;0;352;14;67;125;95;49;2;0
1479;Noord-Brabant (PV);2009;1256;1256;;1256;254;1002;1256;1256;932;48;84;192;0;1256;46;301;445;316;126;22;0
1480;Noord-Brabant (PV);2010 1e kwartaal;403;403;;403;89;314;403;403;291;7;37;68;0;403;5;100;144;110;37;7;0
1481;Noord-Brabant (PV);2010 2e kwartaal;345;345;;345;83;262;345;345;265;6;20;54;0;345;14;81;114;82;43;11;0
1482;Noord-Brabant (PV);2010 3e kwartaal;345;345;;345;82;263;345;345;269;3;23;50;0;345;10;69;111;96;50;9;0
1483;Noord-Brabant (PV);2010 4e kwartaal;601;601;;601;106;495;601;600;441;12;26;121;1;601;18;136;200;172;64;11;0
1484;Noord-Brabant (PV);2010;1694;1694;;1694;360;1334;1694;1693;1266;28;106;293;1;1694;47;386;569;460;194;38;0
1485;Noord-Brabant (PV);2011 1e kwartaal;445;445;;445;81;364;445;445;329;8;21;87;0;445;24;130;125;121;35;10;0
1486;Noord-Brabant (PV);2011 2e kwartaal;465;465;;465;83;382;465;465;337;6;28;94;0;465;21;105;149;124;59;7;0
1487;Noord-Brabant (PV);2011 3e kwartaal;362;362;;362;59;303;362;362;285;7;12;58;0;362;11;86;128;95;37;5;0
1488;Noord-Brabant (PV);2011 4e kwartaal;527;527;;527;81;446;527;527;382;9;31;105;0;527;11;124;174;141;63;14;0
1489;Noord-Brabant (PV);2011;1799;1799;;1799;304;1495;1799;1799;1333;30;92;344;0;1799;67;445;576;481;194;36;0
1490;Noord-Brabant (PV);2012 1e kwartaal;462;462;;462;75;387;462;458;337;7;34;80;4;462;11;87;148;148;56;12;0
1491;Noord-Brabant (PV);2012 2e kwartaal;372;372;;372;68;304;372;368;287;0;22;59;4;372;6;87;118;111;37;13;0
1492;Noord-Brabant (PV);2012 3e kwartaal;437;437;;437;89;348;437;422;325;3;28;66;15;437;12;86;143;127;64;5;0
1493;Noord-Brabant (PV);2012 4e kwartaal;471;471;;471;65;406;471;452;348;6;14;84;19;471;11;95;167;120;64;14;0
1494;Noord-Brabant (PV);2012;1742;1742;;1742;297;1445;1742;1700;1297;16;98;289;42;1742;40;355;576;506;221;44;0
1495;Noord-Brabant (PV);2013 1e kwartaal;464;464;;464;97;367;464;435;350;3;11;71;29;464;12;97;150;130;57;18;0
1496;Noord-Brabant (PV);2013 2e kwartaal;329;329;;329;68;261;329;314;252;6;9;47;15;329;5;62;129;86;38;9;0
1497;Noord-Brabant (PV);2013 3e kwartaal;382;382;;382;91;291;382;331;260;7;9;55;51;382;9;80;127;114;42;10;0
1498;Noord-Brabant (PV);2013 4e kwartaal;422;422;;422;72;350;422;380;313;5;10;52;42;422;14;91;137;116;46;18;0
1499;Noord-Brabant (PV);2013;1597;1597;;1597;328;1269;1597;1460;1175;21;39;225;137;1597;40;330;543;446;183;55;0
1500;Noord-Brabant (PV);2014 1e kwartaal;400;400;;400;106;294;400;314;248;7;5;54;86;400;5;89;122;115;55;13;1
1501;Noord-Brabant (PV);2014 2e kwartaal;251;251;;251;56;195;251;211;159;6;7;39;40;251;4;66;87;60;28;6;0
1502;Noord-Brabant (PV);2014 3e kwartaal;326;326;;326;46;280;326;208;165;4;3;36;118;326;3;71;94;114;35;9;0
1503;Noord-Brabant (PV);2014 4e kwartaal;356;356;;356;67;289;356;149;108;2;8;31;207;356;6;71;116;92;47;24;0
1504;Noord-Brabant (PV);2014;1333;1333;;1333;275;1058;1333;882;680;19;23;160;451;1333;18;297;419;381;165;52;1
1505;Noord-Brabant (PV);2015 1e kwartaal;243;243;;243;46;197;243;41;8;8;6;19;202;243;0;56;73;72;33;9;0
1506;Noord-Brabant (PV);2015 2e kwartaal;233;233;;233;45;188;233;27;9;3;5;10;206;233;2;52;61;79;28;11;0
1507;Noord-Brabant (PV);2015 3e kwartaal;205;205;;205;43;162;205;29;6;1;6;16;176;205;4;39;60;73;22;7;0
1508;Noord-Brabant (PV);2015 4e kwartaal;295;295;;295;54;241;295;31;6;3;3;19;264;295;7;68;88;84;41;7;0
1509;Noord-Brabant (PV);2015;976;976;;976;188;788;976;128;29;15;20;64;848;976;13;215;282;308;124;34;0
1510;Noord-Brabant (PV);2016 1e kwartaal;217;217;;217;37;180;217;23;8;1;1;13;194;217;3;54;55;59;33;13;0
1511;Noord-Brabant (PV);2016 2e kwartaal;184;184;;184;30;154;184;18;11;2;0;5;166;184;4;27;41;65;39;8;0
1512;Noord-Brabant (PV);2016 3e kwartaal;231;231;;231;27;204;231;10;3;0;0;7;221;231;1;41;67;79;32;11;0
1513;Noord-Brabant (PV);2016 4e kwartaal;245;245;;245;30;215;245;13;3;3;1;6;232;245;2;36;68;95;40;4;0
1514;Noord-Brabant (PV);2016;877;877;;877;124;753;877;64;25;6;2;31;813;877;10;158;231;298;144;36;0
1515;Noord-Brabant (PV);2017 1e kwartaal;187;187;;187;27;160;187;6;0;2;1;3;181;187;0;32;51;62;38;4;0
1516;Noord-Brabant (PV);2017 2e kwartaal;211;211;;211;30;181;211;3;0;0;0;3;208;211;1;22;74;76;31;7;0
1517;Noord-Brabant (PV);2017 3e kwartaal;175;175;;175;14;161;175;2;0;1;0;1;173;175;2;30;37;69;27;10;0
1518;Noord-Brabant (PV);2017 4e kwartaal;169;169;;169;20;149;169;0;0;0;0;0;169;169;4;28;32;69;24;12;0
1519;Noord-Brabant (PV);2017;742;742;;742;91;651;742;11;0;3;1;7;731;742;7;112;194;276;120;33;0
1520;Limburg (PV);1999 1e kwartaal;65;65;0.0;65;26;39;65;65;45;10;10;0;0;65;2;23;18;15;5;2;0
1521;Limburg (PV);1999 2e kwartaal;153;153;0.0;153;36;117;153;153;119;18;11;5;0;153;13;41;61;28;9;1;0
1522;Limburg (PV);1999 3e kwartaal;147;144;3.0;147;23;124;147;147;97;12;27;11;0;147;12;38;49;33;11;4;0
1523;Limburg (PV);1999 4e kwartaal;178;177;1.0;178;13;165;178;178;119;14;29;16;0;178;7;60;51;44;10;6;0
1524;Limburg (PV);1999;543;539;4.0;543;98;445;543;543;380;54;77;32;0;543;34;162;179;120;35;13;0
1525;Limburg (PV);2000 1e kwartaal;170;168;2.0;170;14;156;170;170;129;15;18;8;0;170;12;55;50;34;13;6;0
1526;Limburg (PV);2000 2e kwartaal;157;152;5.0;157;20;137;157;157;112;9;26;10;0;157;7;60;42;37;10;1;0
1527;Limburg (PV);2000 3e kwartaal;183;178;5.0;183;12;171;183;183;138;8;28;9;0;183;11;58;56;35;22;1;0
1528;Limburg (PV);2000 4e kwartaal;192;187;5.0;192;21;171;192;192;143;8;25;16;0;192;9;63;69;31;15;5;0
1529;Limburg (PV);2000;702;685;17.0;702;67;635;702;702;522;40;97;43;0;702;39;236;217;137;60;13;0
1530;Limburg (PV);2001 1e kwartaal;181;181;0.0;181;31;150;181;181;116;1;38;26;0;181;15;53;73;26;14;0;0
1531;Limburg (PV);2001 2e kwartaal;266;263;3.0;266;32;234;266;266;202;7;32;25;0;266;22;92;85;49;16;2;0
1532;Limburg (PV);2001 3e kwartaal;155;152;3.0;155;26;129;155;155;102;2;34;17;0;155;11;38;56;39;10;1;0
1533;Limburg (PV);2001 4e kwartaal;199;193;6.0;199;19;180;199;199;156;3;25;15;0;199;9;64;68;39;16;3;0
1534;Limburg (PV);2001;801;789;12.0;801;108;693;801;801;576;13;129;83;0;801;57;247;282;153;56;6;0
1535;Limburg (PV);2002 1e kwartaal;174;159;15.0;174;24;150;174;174;120;2;33;19;0;174;16;61;50;28;16;3;0
1536;Limburg (PV);2002 2e kwartaal;142;133;9.0;142;19;123;142;142;104;1;20;17;0;142;15;41;48;25;12;1;0
1537;Limburg (PV);2002 3e kwartaal;182;153;29.0;182;41;141;182;182;136;2;28;16;0;182;7;54;53;46;19;3;0
1538;Limburg (PV);2002 4e kwartaal;269;249;20.0;269;46;223;269;269;183;4;55;27;0;269;22;83;98;48;14;4;0
1539;Limburg (PV);2002;767;694;73.0;767;130;637;767;767;543;9;136;79;0;767;60;239;249;147;61;11;0
1540;Limburg (PV);2003 1e kwartaal;219;202;17.0;219;31;188;219;219;169;7;28;15;0;219;15;74;74;35;19;2;0
1541;Limburg (PV);2003 2e kwartaal;164;154;10.0;164;18;146;164;164;117;2;33;12;0;164;14;50;57;24;15;4;0
1542;Limburg (PV);2003 3e kwartaal;167;160;7.0;167;33;134;167;167;120;1;29;17;0;167;13;58;59;30;7;0;0
1543;Limburg (PV);2003 4e kwartaal;280;251;29.0;280;47;233;280;280;222;3;41;14;0;280;11;93;90;58;24;4;0
1544;Limburg (PV);2003;830;767;63.0;830;129;701;830;830;628;13;131;58;0;830;53;275;280;147;65;10;0
1545;Limburg (PV);2004 1e kwartaal;245;232;13.0;245;29;216;245;245;184;1;40;20;0;245;19;78;78;47;19;4;0
1546;Limburg (PV);2004 2e kwartaal;203;199;4.0;203;37;166;203;203;161;3;27;12;0;203;9;58;80;32;21;3;0
1547;Limburg (PV);2004 3e kwartaal;167;157;10.0;167;30;137;167;167;118;5;39;5;0;167;8;52;56;33;16;2;0
1548;Limburg (PV);2004 4e kwartaal;229;227;2.0;229;36;193;229;229;173;8;28;20;0;229;15;57;78;52;25;2;0
1549;Limburg (PV);2004;844;815;29.0;844;132;712;844;844;636;17;134;57;0;844;51;245;292;164;81;11;0
1550;Limburg (PV);2005 1e kwartaal;387;383;4.0;387;60;327;387;387;287;13;57;30;0;387;33;110;131;78;31;4;0
1551;Limburg (PV);2005 2e kwartaal;257;249;8.0;257;27;230;257;257;189;7;43;18;0;257;12;69;92;57;20;7;0
1552;Limburg (PV);2005 3e kwartaal;283;277;6.0;283;44;239;283;283;220;6;36;21;0;283;8;63;91;85;28;8;0
1553;Limburg (PV);2005 4e kwartaal;231;217;14.0;231;35;196;231;231;176;7;21;27;0;231;11;56;73;61;18;12;0
1554;Limburg (PV);2005;1158;1126;32.0;1158;166;992;1158;1158;872;33;157;96;0;1158;64;298;387;281;97;31;0
1555;Limburg (PV);2006 1e kwartaal;254;242;12.0;254;34;220;254;254;191;3;34;26;0;254;8;64;91;61;24;6;0
1556;Limburg (PV);2006 2e kwartaal;226;212;14.0;226;37;189;226;226;164;6;23;33;0;226;10;51;69;58;29;9;0
1557;Limburg (PV);2006 3e kwartaal;235;223;12.0;235;36;199;235;235;171;7;27;30;0;235;15;65;62;55;30;8;0
1558;Limburg (PV);2006 4e kwartaal;288;277;11.0;288;35;253;288;288;230;5;17;36;0;288;8;67;98;74;35;6;0
1559;Limburg (PV);2006;1003;954;49.0;1003;142;861;1003;1003;756;21;101;125;0;1003;41;247;320;248;118;29;0
1560;Limburg (PV);2007 1e kwartaal;311;294;17.0;311;52;259;311;311;235;6;20;50;0;311;9;78;99;87;31;7;0
1561;Limburg (PV);2007 2e kwartaal;242;238;4.0;242;34;208;242;242;175;5;11;51;0;242;19;71;68;56;21;7;0
1562;Limburg (PV);2007 3e kwartaal;228;214;14.0;228;40;188;228;228;171;7;14;36;0;228;5;46;73;70;28;6;0
1563;Limburg (PV);2007 4e kwartaal;233;220;13.0;233;44;189;233;233;168;6;7;52;0;233;7;52;72;68;26;8;0
1564;Limburg (PV);2007;1014;966;48.0;1014;170;844;1014;1014;749;24;52;189;0;1014;40;247;312;281;106;28;0
1565;Limburg (PV);2008 1e kwartaal;322;322;;322;52;270;322;322;241;6;14;61;0;322;8;76;113;79;41;5;0
1566;Limburg (PV);2008 2e kwartaal;262;262;;262;23;239;262;262;191;2;17;52;0;262;15;65;84;69;22;7;0
1567;Limburg (PV);2008 3e kwartaal;244;244;;244;20;224;244;244;181;2;8;53;0;244;11;52;79;52;43;7;0
1568;Limburg (PV);2008 4e kwartaal;254;254;;254;29;225;254;254;195;2;17;40;0;254;7;59;89;59;33;7;0
1569;Limburg (PV);2008;1082;1082;;1082;124;958;1082;1082;808;12;56;206;0;1082;41;252;365;259;139;26;0
1570;Limburg (PV);2009 1e kwartaal;227;227;;227;26;201;227;227;187;5;10;25;0;227;7;52;65;73;24;6;0
1571;Limburg (PV);2009 2e kwartaal;161;161;;161;22;139;161;161;117;4;6;34;0;161;4;39;52;46;16;4;0
1572;Limburg (PV);2009 3e kwartaal;179;179;;179;46;133;179;179;139;7;14;19;0;179;1;39;58;56;24;1;0
1573;Limburg (PV);2009 4e kwartaal;188;188;;188;38;150;188;188;144;4;10;30;0;188;6;46;66;40;23;7;0
1574;Limburg (PV);2009;755;755;;755;132;623;755;755;587;20;40;108;0;755;18;176;241;215;87;18;0
1575;Limburg (PV);2010 1e kwartaal;182;182;;182;41;141;182;182;151;9;7;15;0;182;5;49;58;52;15;3;0
1576;Limburg (PV);2010 2e kwartaal;134;134;;134;25;109;134;134;116;1;8;9;0;134;1;26;57;33;14;3;0
1577;Limburg (PV);2010 3e kwartaal;312;312;;312;43;269;312;312;260;4;8;40;0;312;5;81;94;82;42;7;1
1578;Limburg (PV);2010 4e kwartaal;172;172;;172;38;134;172;172;139;4;9;20;0;172;7;43;49;56;13;4;0
1579;Limburg (PV);2010;800;800;;800;147;653;800;800;666;18;32;84;0;800;18;199;258;223;84;17;1
1580;Limburg (PV);2011 1e kwartaal;172;172;;172;34;138;172;172;145;3;9;15;0;172;4;35;62;41;26;4;0
1581;Limburg (PV);2011 2e kwartaal;245;245;;245;55;190;245;245;207;2;16;20;0;245;8;71;74;51;34;7;0
1582;Limburg (PV);2011 3e kwartaal;303;303;;303;58;245;303;303;240;7;16;40;0;303;5;79;80;92;43;4;0
1583;Limburg (PV);2011 4e kwartaal;277;277;;277;60;217;277;277;223;4;17;33;0;277;5;60;74;94;36;8;0
1584;Limburg (PV);2011;997;997;;997;207;790;997;997;815;16;58;108;0;997;22;245;290;278;139;23;0
1585;Limburg (PV);2012 1e kwartaal;281;281;;281;55;226;281;278;227;6;9;36;3;281;6;58;78;97;41;1;0
1586;Limburg (PV);2012 2e kwartaal;233;233;;233;42;191;233;232;195;4;6;27;1;233;6;59;68;57;39;4;0
1587;Limburg (PV);2012 3e kwartaal;277;277;;277;57;220;277;277;231;3;9;34;0;277;5;68;70;78;47;9;0
1588;Limburg (PV);2012 4e kwartaal;288;288;;288;56;232;288;284;214;10;15;45;4;288;4;79;81;76;40;8;0
1589;Limburg (PV);2012;1079;1079;;1079;210;869;1079;1071;867;23;39;142;8;1079;21;264;297;308;167;22;0
1590;Limburg (PV);2013 1e kwartaal;310;310;;310;57;253;310;294;227;0;8;59;16;310;5;64;99;94;41;7;0
1591;Limburg (PV);2013 2e kwartaal;270;270;;270;39;231;270;262;215;2;10;35;8;270;3;67;79;81;34;6;0
1592;Limburg (PV);2013 3e kwartaal;285;285;;285;45;240;285;271;224;8;8;31;14;285;4;56;94;78;39;14;0
1593;Limburg (PV);2013 4e kwartaal;364;364;;364;34;330;364;348;266;3;10;69;16;364;5;86;110;92;60;11;0
1594;Limburg (PV);2013;1229;1229;;1229;175;1054;1229;1175;932;13;36;194;54;1229;17;273;382;345;174;38;0
1595;Limburg (PV);2014 1e kwartaal;283;283;;283;50;233;283;251;197;5;6;43;32;283;1;66;78;77;49;12;0
1596;Limburg (PV);2014 2e kwartaal;277;277;;277;39;238;277;243;206;3;3;31;34;277;8;50;81;83;43;11;1
1597;Limburg (PV);2014 3e kwartaal;229;229;;229;26;203;229;179;136;5;3;35;50;229;4;52;62;70;33;8;0
1598;Limburg (PV);2014 4e kwartaal;217;217;;217;31;186;217;108;80;1;3;24;109;217;4;48;57;64;40;4;0
1599;Limburg (PV);2014;1006;1006;;1006;146;860;1006;781;619;14;15;133;225;1006;17;216;278;294;165;35;1
1600;Limburg (PV);2015 1e kwartaal;230;230;;230;32;198;230;47;19;2;1;25;183;230;2;48;46;70;50;14;0
1601;Limburg (PV);2015 2e kwartaal;253;253;;253;40;213;253;40;12;1;6;21;213;253;6;49;67;74;45;12;0
1602;Limburg (PV);2015 3e kwartaal;217;217;;217;28;189;217;37;16;3;5;13;180;217;2;46;79;56;27;7;0
1603;Limburg (PV);2015 4e kwartaal;189;189;;189;25;164;189;28;12;6;0;10;161;189;3;36;49;64;31;6;0
1604;Limburg (PV);2015;889;889;;889;125;764;889;152;59;12;12;69;737;889;13;179;241;264;153;39;0
1605;Limburg (PV);2016 1e kwartaal;270;270;;270;52;218;270;29;8;2;0;19;241;270;5;64;71;78;45;7;0
1606;Limburg (PV);2016 2e kwartaal;223;223;;223;46;177;223;28;12;0;2;14;195;223;6;48;60;75;27;7;0
1607;Limburg (PV);2016 3e kwartaal;184;184;;184;38;146;184;16;10;2;0;4;168;184;2;35;52;59;29;7;0
1608;Limburg (PV);2016 4e kwartaal;236;236;;236;44;192;236;8;3;0;1;4;228;236;2;31;72;78;45;8;0
1609;Limburg (PV);2016;913;913;;913;180;733;913;81;33;4;3;41;832;913;15;178;255;290;146;29;0
1610;Limburg (PV);2017 1e kwartaal;225;225;;225;45;180;225;1;0;0;0;1;224;225;2;40;86;57;30;10;0
1611;Limburg (PV);2017 2e kwartaal;185;185;;185;35;150;185;2;0;0;0;2;183;185;3;48;47;44;33;10;0
1612;Limburg (PV);2017 3e kwartaal;146;146;;146;24;122;146;1;0;0;0;1;145;146;1;33;24;51;21;16;0
1613;Limburg (PV);2017 4e kwartaal;146;146;;146;24;122;146;0;0;0;0;0;146;146;2;26;40;40;28;10;0
1614;Limburg (PV);2017;702;702;;702;128;574;702;4;0;0;0;4;698;702;8;147;197;192;112;46;0
1615;Onbekend/buitenland;1999 1e kwartaal;8;8;0.0;8;2;6;8;8;6;0;1;1;0;8;0;4;1;2;1;0;0
1616;Onbekend/buitenland;1999 2e kwartaal;1;1;0.0;1;0;1;1;1;0;0;1;0;0;1;0;0;0;0;1;0;0
1617;Onbekend/buitenland;1999 3e kwartaal;11;9;2.0;11;0;11;11;11;6;0;4;1;0;11;0;3;4;3;1;0;0
1618;Onbekend/buitenland;1999 4e kwartaal;4;4;0.0;4;2;2;4;4;1;0;1;2;0;4;0;0;2;2;0;0;0
1619;Onbekend/buitenland;1999;24;22;2.0;24;4;20;24;24;13;0;7;4;0;24;0;7;7;7;3;0;0
1620;Onbekend/buitenland;2000 1e kwartaal;7;7;0.0;7;0;7;7;7;6;0;1;0;0;7;0;2;2;3;0;0;0
1621;Onbekend/buitenland;2000 2e kwartaal;4;2;2.0;4;1;3;4;4;3;0;1;0;0;4;1;2;0;1;0;0;0
1622;Onbekend/buitenland;2000 3e kwartaal;5;5;0.0;5;1;4;5;5;4;0;1;0;0;5;1;0;3;0;1;0;0
1623;Onbekend/buitenland;2000 4e kwartaal;6;6;0.0;6;1;5;6;6;4;0;2;0;0;6;0;2;0;2;1;1;0
1624;Onbekend/buitenland;2000;22;20;2.0;22;3;19;22;22;17;0;5;0;0;22;2;6;5;6;2;1;0
1625;Onbekend/buitenland;2001 1e kwartaal;10;10;0.0;10;1;9;10;10;5;0;3;2;0;10;1;2;3;1;2;1;0
1626;Onbekend/buitenland;2001 2e kwartaal;7;5;2.0;7;1;6;7;7;5;1;0;1;0;7;0;0;5;2;0;0;0
1627;Onbekend/buitenland;2001 3e kwartaal;11;10;1.0;11;4;7;11;11;9;0;1;1;0;11;0;4;4;2;1;0;0
1628;Onbekend/buitenland;2001 4e kwartaal;5;5;0.0;5;0;5;5;5;2;0;0;3;0;5;0;4;1;0;0;0;0
1629;Onbekend/buitenland;2001;33;30;3.0;33;6;27;33;33;21;1;4;7;0;33;1;10;13;5;3;1;0
1630;Onbekend/buitenland;2002 1e kwartaal;5;4;1.0;5;1;4;5;5;4;0;1;0;0;5;2;1;1;1;0;0;0
1631;Onbekend/buitenland;2002 2e kwartaal;4;3;1.0;4;2;2;4;4;1;0;2;1;0;4;0;3;1;0;0;0;0
1632;Onbekend/buitenland;2002 3e kwartaal;8;8;0.0;8;2;6;8;8;5;2;0;1;0;8;0;5;2;0;1;0;0
1633;Onbekend/buitenland;2002 4e kwartaal;6;6;0.0;6;1;5;6;6;6;0;0;0;0;6;0;2;4;0;0;0;0
1634;Onbekend/buitenland;2002;23;21;2.0;23;6;17;23;23;16;2;3;2;0;23;2;11;8;1;1;0;0
1635;Onbekend/buitenland;2003 1e kwartaal;5;5;0.0;5;1;4;5;5;3;0;2;0;0;5;1;2;2;0;0;0;0
1636;Onbekend/buitenland;2003 2e kwartaal;5;4;1.0;5;3;2;5;5;5;0;0;0;0;5;0;0;3;2;0;0;0
1637;Onbekend/buitenland;2003 3e kwartaal;8;7;1.0;8;2;6;8;8;5;0;2;1;0;8;1;3;2;2;0;0;0
1638;Onbekend/buitenland;2003 4e kwartaal;9;9;0.0;9;3;6;9;9;7;1;1;0;0;9;2;2;5;0;0;0;0
1639;Onbekend/buitenland;2003;27;25;2.0;27;9;18;27;27;20;1;5;1;0;27;4;7;12;4;0;0;0
1640;Onbekend/buitenland;2004 1e kwartaal;11;10;1.0;11;3;8;11;11;9;0;1;1;0;11;1;1;1;3;2;3;0
1641;Onbekend/buitenland;2004 2e kwartaal;11;10;1.0;11;2;9;11;11;7;1;2;1;0;11;0;4;2;4;1;0;0
1642;Onbekend/buitenland;2004 3e kwartaal;28;26;2.0;28;5;23;28;28;22;0;3;3;0;28;3;9;8;8;0;0;0
1643;Onbekend/buitenland;2004 4e kwartaal;28;28;0.0;28;4;24;28;28;19;1;7;1;0;28;1;6;12;7;1;1;0
1644;Onbekend/buitenland;2004;78;74;4.0;78;14;64;78;78;57;2;13;6;0;78;5;20;23;22;4;4;0
1645;Onbekend/buitenland;2005 1e kwartaal;14;14;0.0;14;2;12;14;14;11;0;3;0;0;14;3;4;1;3;3;0;0
1646;Onbekend/buitenland;2005 2e kwartaal;7;6;1.0;7;0;7;7;7;5;0;2;0;0;7;0;2;4;1;0;0;0
1647;Onbekend/buitenland;2005 3e kwartaal;20;20;0.0;20;2;18;20;20;14;0;3;3;0;20;2;2;7;6;2;1;0
1648;Onbekend/buitenland;2005 4e kwartaal;16;16;0.0;16;2;14;16;16;13;0;1;2;0;16;0;5;6;3;2;0;0
1649;Onbekend/buitenland;2005;57;56;1.0;57;6;51;57;57;43;0;9;5;0;57;5;13;18;13;7;1;0
1650;Onbekend/buitenland;2006 1e kwartaal;12;12;0.0;12;3;9;12;12;9;0;1;2;0;12;1;4;3;3;0;1;0
1651;Onbekend/buitenland;2006 2e kwartaal;8;8;0.0;8;1;7;8;8;4;0;2;2;0;8;0;3;2;0;2;1;0
1652;Onbekend/buitenland;2006 3e kwartaal;9;9;0.0;9;0;9;9;9;8;0;1;0;0;9;1;3;2;3;0;0;0
1653;Onbekend/buitenland;2006 4e kwartaal;12;12;0.0;12;1;11;12;12;8;0;3;1;0;12;0;3;6;3;0;0;0
1654;Onbekend/buitenland;2006;41;41;0.0;41;5;36;41;41;29;0;7;5;0;41;2;13;13;9;2;2;0
1655;Onbekend/buitenland;2007 1e kwartaal;9;9;0.0;9;1;8;9;9;7;0;0;2;0;9;1;1;6;1;0;0;0
1656;Onbekend/buitenland;2007 2e kwartaal;10;10;0.0;10;1;9;10;10;8;0;1;1;0;10;0;4;5;1;0;0;0
1657;Onbekend/buitenland;2007 3e kwartaal;9;9;0.0;9;1;8;9;9;9;0;0;0;0;9;2;3;1;3;0;0;0
1658;Onbekend/buitenland;2007 4e kwartaal;10;10;0.0;10;1;9;10;10;4;0;2;4;0;10;1;2;5;1;0;1;0
1659;Onbekend/buitenland;2007;38;38;0.0;38;4;34;38;38;28;0;3;7;0;38;4;10;17;6;0;1;0
1660;Onbekend/buitenland;2008 1e kwartaal;8;8;;8;1;7;8;8;7;0;0;1;0;8;0;1;4;3;0;0;0
1661;Onbekend/buitenland;2008 2e kwartaal;10;10;;10;2;8;10;10;5;1;1;3;0;10;1;1;5;2;1;0;0
1662;Onbekend/buitenland;2008 3e kwartaal;1;1;;1;0;1;1;1;1;0;0;0;0;1;0;0;1;0;0;0;0
1663;Onbekend/buitenland;2008 4e kwartaal;4;4;;4;1;3;4;4;1;1;0;2;0;4;0;0;1;0;2;1;0
1664;Onbekend/buitenland;2008;23;23;;23;4;19;23;23;14;2;1;6;0;23;1;2;11;5;3;1;0
1665;Onbekend/buitenland;2009 1e kwartaal;8;8;;8;1;7;8;8;7;0;1;0;0;8;1;4;2;0;1;0;0
1666;Onbekend/buitenland;2009 2e kwartaal;3;3;;3;2;1;3;3;3;0;0;0;0;3;0;0;2;0;1;0;0
1667;Onbekend/buitenland;2009 3e kwartaal;5;5;;5;0;5;5;5;4;0;1;0;0;5;0;2;2;0;1;0;0
1668;Onbekend/buitenland;2009 4e kwartaal;9;9;;9;5;4;9;9;8;0;0;1;0;9;0;2;4;3;0;0;0
1669;Onbekend/buitenland;2009;25;25;;25;8;17;25;25;22;0;2;1;0;25;1;8;10;3;3;0;0
1670;Onbekend/buitenland;2010 1e kwartaal;10;10;;10;6;4;10;10;7;0;0;3;0;10;0;1;3;2;4;0;0
1671;Onbekend/buitenland;2010 2e kwartaal;11;11;;11;5;6;11;11;9;0;1;1;0;11;0;3;6;2;0;0;0
1672;Onbekend/buitenland;2010 3e kwartaal;15;15;;15;7;8;15;15;12;0;0;3;0;15;0;2;8;3;2;0;0
1673;Onbekend/buitenland;2010 4e kwartaal;7;7;;7;0;7;7;7;7;0;0;0;0;7;1;3;3;0;0;0;0
1674;Onbekend/buitenland;2010;43;43;;43;18;25;43;43;35;0;1;7;0;43;1;9;20;7;6;0;0
1675;Onbekend/buitenland;2011 1e kwartaal;24;24;;24;4;20;24;24;18;0;1;5;0;24;1;9;5;5;2;2;0
1676;Onbekend/buitenland;2011 2e kwartaal;17;17;;17;4;13;17;17;12;1;1;3;0;17;2;5;2;5;3;0;0
1677;Onbekend/buitenland;2011 3e kwartaal;16;16;;16;2;14;16;16;11;0;1;4;0;16;2;5;4;4;0;1;0
1678;Onbekend/buitenland;2011 4e kwartaal;24;24;;24;5;19;24;24;16;0;2;6;0;24;0;6;11;5;2;0;0
1679;Onbekend/buitenland;2011;81;81;;81;15;66;81;81;57;1;5;18;0;81;5;25;22;19;7;3;0
1680;Onbekend/buitenland;2012 1e kwartaal;16;16;;16;3;13;16;16;12;0;2;2;0;16;0;3;3;5;4;1;0
1681;Onbekend/buitenland;2012 2e kwartaal;16;16;;16;4;12;16;16;10;0;4;2;0;16;0;3;8;3;2;0;0
1682;Onbekend/buitenland;2012 3e kwartaal;21;21;;21;9;12;21;21;18;1;0;2;0;21;0;5;7;5;4;0;0
1683;Onbekend/buitenland;2012 4e kwartaal;12;12;;12;2;10;12;11;9;0;0;2;1;12;0;4;5;3;0;0;0
1684;Onbekend/buitenland;2012;65;65;;65;18;47;65;64;49;1;6;8;1;65;0;15;23;16;10;1;0
1685;Onbekend/buitenland;2013 1e kwartaal;16;16;;16;4;12;16;15;13;0;1;1;1;16;1;4;7;2;2;0;0
1686;Onbekend/buitenland;2013 2e kwartaal;13;13;;13;3;10;13;13;10;1;1;1;0;13;0;3;3;6;1;0;0
1687;Onbekend/buitenland;2013 3e kwartaal;11;11;;11;3;8;11;11;9;0;0;2;0;11;0;6;3;2;0;0;0
1688;Onbekend/buitenland;2013 4e kwartaal;32;32;;32;2;30;32;29;22;0;1;6;3;32;0;12;8;5;7;0;0
1689;Onbekend/buitenland;2013;72;72;;72;12;60;72;68;54;1;3;10;4;72;1;25;21;15;10;0;0
1690;Onbekend/buitenland;2014 1e kwartaal;27;27;;27;2;25;27;25;21;0;0;4;2;27;0;8;12;6;0;1;0
1691;Onbekend/buitenland;2014 2e kwartaal;24;24;;24;4;20;24;20;17;0;0;3;4;24;1;6;9;7;1;0;0
1692;Onbekend/buitenland;2014 3e kwartaal;13;13;;13;3;10;13;11;11;0;0;0;2;13;0;3;5;2;3;0;0
1693;Onbekend/buitenland;2014 4e kwartaal;21;21;;21;4;17;21;10;10;0;0;0;11;21;1;8;5;4;3;0;0
1694;Onbekend/buitenland;2014;85;85;;85;13;72;85;66;59;0;0;7;19;85;2;25;31;19;7;1;0
1695;Onbekend/buitenland;2015 1e kwartaal;54;54;;54;4;50;54;13;7;2;0;4;41;54;1;11;14;18;10;0;0
1696;Onbekend/buitenland;2015 2e kwartaal;32;32;;32;7;25;32;6;2;0;1;3;26;32;1;8;10;11;2;0;0
1697;Onbekend/buitenland;2015 3e kwartaal;23;23;;23;5;18;23;4;0;0;0;4;19;23;1;8;6;8;0;0;0
1698;Onbekend/buitenland;2015 4e kwartaal;39;39;;39;2;37;39;4;3;0;0;1;35;39;0;12;19;5;2;1;0
1699;Onbekend/buitenland;2015;148;148;;148;18;130;148;27;12;2;1;12;121;148;3;39;49;42;14;1;0
1700;Onbekend/buitenland;2016 1e kwartaal;28;28;;28;6;22;28;3;1;1;0;1;25;28;2;5;11;7;2;1;0
1701;Onbekend/buitenland;2016 2e kwartaal;27;27;;27;4;23;27;1;1;0;0;0;26;27;3;6;10;4;3;1;0
1702;Onbekend/buitenland;2016 3e kwartaal;29;29;;29;3;26;29;1;1;0;0;0;28;29;2;6;5;10;5;1;0
1703;Onbekend/buitenland;2016 4e kwartaal;34;34;;34;5;29;34;2;1;1;0;0;32;34;1;4;12;10;6;1;0
1704;Onbekend/buitenland;2016;118;118;;118;18;100;118;7;4;2;0;1;111;118;8;21;38;31;16;4;0
1705;Onbekend/buitenland;2017 1e kwartaal;26;26;;26;1;25;26;0;0;0;0;0;26;26;0;6;11;8;1;0;0
1706;Onbekend/buitenland;2017 2e kwartaal;43;43;;43;3;40;43;1;0;1;0;0;42;43;0;17;14;7;5;0;0
1707;Onbekend/buitenland;2017 3e kwartaal;45;45;;45;7;38;45;0;0;0;0;0;45;45;0;14;20;5;4;2;0
1708;Onbekend/buitenland;2017 4e kwartaal;37;37;;37;2;35;37;0;0;0;0;0;37;37;6;9;13;6;2;1;0
1709;Onbekend/buitenland;2017;151;151;;151;13;138;151;1;0;1;0;0;150;151;6;46;58;26;12;3;0
