ID;Leeftijd;Perioden;TotaalAantalHuishoudens_1;Eenpersoonshuishouden_2;TotaalMeerpersoonshuishoudens_3;k_2Personen_4;k_3Personen_5;k_4Personen_6;k_5OfMeerPersonen_7
0;Totaal over alle leeftijden;2000;6810975;2299162;4511813;2234792;893827;940721;442473
1;Totaal over alle leeftijden;2001;6890459;2349847;4540612;2255111;890978;948813;445710
2;Totaal over alle leeftijden;2002;6958289;2396146;4562143;2267474;887584;958460;448625
3;Totaal over alle leeftijden;2003;7024278;2440706;4583572;2279623;884068;968927;450954
4;Totaal over alle leeftijden;2004;7088546;2483580;4604966;2291614;880883;979990;452479
5;Totaal over alle leeftijden;2005;7151863;2525363;4626500;2303673;878367;991190;453270
6;Totaal over alle leeftijden;2006;7214069;2566616;4647453;2315818;876676;1001712;453247
7;Totaal over alle leeftijden;2007;7275229;2607560;4667669;2328172;876287;1011094;452116
8;Totaal over alle leeftijden;2008;7335444;2648432;4687012;2340569;876617;1019626;450200
9;Totaal over alle leeftijden;2009;7395106;2689448;4705658;2352402;878132;1027337;447787
10;Totaal over alle leeftijden;2010;7454126;2730418;4723708;2364703;880714;1033716;444575
11;Totaal over alle leeftijden;2011;7512434;2771141;4741293;2377517;883964;1038793;441019
12;Totaal over alle leeftijden;2012;7569675;2811438;4758237;2390847;887205;1042992;437193
13;Totaal over alle leeftijden;2013;7625674;2851040;4774634;2405092;889992;1046189;433361
14;Totaal over alle leeftijden;2014;7680049;2889747;4790302;2419959;892498;1048628;429217
15;Totaal over alle leeftijden;2015;7732662;2927499;4805163;2434651;894643;1050731;425138
16;Totaal over alle leeftijden;2016;7783628;2964407;4819221;2448680;896572;1052786;421183
17;Totaal over alle leeftijden;2017;7833060;3000717;4832343;2461185;898399;1055211;417548
18;Totaal over alle leeftijden;2018;7881010;3036488;4844522;2472291;900509;1057651;414071
19;Totaal over alle leeftijden;2019;7927417;3071597;4855820;2481271;903059;1060415;411075
20;Totaal over alle leeftijden;2020;7972215;3106023;4866192;2489464;905860;1062545;408323
21;Totaal over alle leeftijden;2021;8015529;3139621;4875908;2497429;908673;1063907;405899
22;Totaal over alle leeftijden;2022;8057190;3172158;4885032;2505574;911024;1064548;403886
23;Totaal over alle leeftijden;2023;8096931;3203340;4893591;2514084;912449;1064700;402358
24;Totaal over alle leeftijden;2024;8134380;3232817;4901563;2522967;912605;1064637;401354
25;Totaal over alle leeftijden;2025;8169294;3260455;4908839;2531856;911508;1064627;400848
26;Totaal over alle leeftijden;2026;8201422;3286148;4915274;2540179;909402;1064880;400813
27;Totaal over alle leeftijden;2027;8230373;3309581;4920792;2547415;906559;1065644;401174
28;Totaal over alle leeftijden;2028;8255958;3330757;4925201;2553043;903232;1067047;401879
29;Totaal over alle leeftijden;2029;8278125;3349670;4928455;2556712;899729;1069151;402863
30;Totaal over alle leeftijden;2030;8296769;3366259;4930510;2558271;896232;1071963;404044
31;Totaal over alle leeftijden;2031;8312141;3380736;4931405;2557723;892929;1075399;405354
32;Totaal over alle leeftijden;2032;8324357;3393160;4931197;2555195;889883;1079375;406744
33;Totaal over alle leeftijden;2033;8333842;3403838;4930004;2550993;887181;1083732;408098
34;Totaal over alle leeftijden;2034;8340716;3412759;4927957;2545378;884928;1088231;409420
35;Totaal over alle leeftijden;2035;8345308;3420029;4925279;2538751;883232;1092654;410642
36;Totaal over alle leeftijden;2036;8347736;3425703;4922033;2531370;882053;1096867;411743
37;Totaal over alle leeftijden;2037;8348277;3429800;4918477;2523578;881541;1100671;412687
38;Totaal over alle leeftijden;2038;8347261;3432457;4914804;2515718;881667;1103958;413461
39;Totaal over alle leeftijden;2039;8344933;3433819;4911114;2508062;882345;1106658;414049
40;Totaal over alle leeftijden;2040;8341738;3434164;4907574;2500833;883554;1108778;414409
41;Totaal over alle leeftijden;2041;8337752;3433492;4904260;2494178;885183;1110321;414578
42;Totaal over alle leeftijden;2042;8333104;3431873;4901231;2488196;887179;1111317;414539
43;Totaal over alle leeftijden;2043;8328026;3429443;4898583;2483041;889369;1111856;414317
44;Totaal over alle leeftijden;2044;8322432;3426134;4896298;2478663;891730;1111994;413911
45;Totaal over alle leeftijden;2045;8316819;3422315;4894504;2475204;894167;1111806;413327
46;Totaal over alle leeftijden;2046;8310829;3417609;4893220;2472576;896599;1111371;412674
47;Totaal over alle leeftijden;2047;8304358;3411911;4892447;2470701;899018;1110768;411960
48;Totaal over alle leeftijden;2048;8297835;3405562;4892273;2469674;901365;1110045;411189
49;Totaal over alle leeftijden;2049;8291247;3398557;4892690;2469454;903600;1109248;410388
50;Totaal over alle leeftijden;2050;8284696;3391010;4893686;2469954;905743;1108407;409582
51;100;2000;453902;260367;193535;151700;30650;9271;1914
52;100;2001;456392;262670;193722;151611;31057;9150;1904
53;100;2002;459395;264832;194563;151776;31680;9231;1876
54;100;2003;463164;267440;195724;152458;32148;9254;1864
55;100;2004;465772;269372;196400;153615;31928;8998;1859
56;100;2005;469043;271681;197362;154735;31799;8938;1890
57;100;2006;469585;272574;197011;154731;31538;8838;1904
58;100;2007;472128;274454;197674;155611;31356;8788;1919
59;100;2008;478777;278181;200596;158337;31475;8833;1951
60;100;2009;487674;283199;204475;161619;31874;8981;2001
61;100;2010;495625;287719;207906;164460;32282;9117;2047
62;100;2011;502366;291614;210752;166806;32623;9233;2090
63;100;2012;506523;294150;212373;168230;32749;9273;2121
64;100;2013;510537;296265;214272;169823;32956;9339;2154
65;100;2014;514773;298368;216405;171532;33239;9437;2197
66;100;2015;517695;299747;217948;172729;33452;9530;2237
67;100;2016;516473;298945;217528;172467;33302;9507;2252
68;100;2017;515187;298432;216755;171972;33070;9455;2258
69;100;2018;515661;298905;216756;172076;32967;9444;2269
70;100;2019;517479;300323;217156;172499;32934;9443;2280
71;100;2020;519556;301888;217668;173057;32903;9423;2285
72;100;2021;524743;304913;219830;174829;33192;9500;2309
73;100;2022;530773;307942;222831;177172;33666;9643;2350
74;100;2023;535426;310196;225230;179010;34058;9773;2389
75;100;2024;536293;310242;226051;179644;34170;9826;2411
76;100;2025;535772;309342;226430;179894;34222;9877;2437
77;100;2026;531548;306586;224962;178748;33941;9832;2441
78;100;2027;526243;303293;222950;177206;33553;9753;2438
79;100;2028;520567;299851;220716;175495;33125;9668;2428
80;100;2029;515174;296642;218532;173825;32714;9581;2412
81;100;2030;510319;293789;216530;172302;32327;9503;2398
82;100;2031;506244;291436;214808;170994;31997;9431;2386
83;100;2032;503093;289647;213446;169965;31729;9375;2377
84;100;2033;500944;288454;212490;169255;31529;9337;2369
85;100;2034;499743;287823;211920;168842;31399;9312;2367
86;100;2035;499500;287747;211753;168737;31344;9306;2366
87;100;2036;500049;288122;211927;168890;31353;9315;2369
88;100;2037;501245;288869;212376;169252;31415;9334;2375
89;100;2038;502969;289915;213054;169785;31523;9363;2383
90;100;2039;505067;291170;213897;170441;31663;9400;2393
91;100;2040;507419;292563;214856;171185;31826;9444;2401
92;100;2041;509947;294041;215906;172006;31996;9490;2414
93;100;2042;512504;295529;216975;172852;32163;9532;2428
94;100;2043;515015;296979;218036;173713;32315;9567;2441
95;100;2044;517395;298356;219039;174566;32432;9592;2449
96;100;2045;519583;299638;219945;175393;32497;9599;2456
97;100;2046;521551;300817;220734;176182;32507;9591;2454
98;100;2047;523311;301878;221433;176877;32519;9584;2453
99;100;2048;524839;302810;222029;177470;32531;9576;2452
100;100;2049;526158;303610;222548;177984;32542;9570;2452
101;100;2050;527257;304277;222980;178411;32553;9565;2451
102;101;2000;1463235;494916;968319;410126;239352;231241;87600
103;101;2001;1439371;490714;948657;400321;236823;226782;84731
104;101;2002;1414426;486188;928238;389839;232941;222954;82504
105;101;2003;1388272;480032;908240;380952;227628;218616;81044
106;101;2004;1361357;473628;887729;373855;220945;213954;78975
107;101;2005;1327252;464795;862457;368115;212295;205717;76330
108;101;2006;1300299;459093;841206;365809;204087;197593;73717
109;101;2007;1278410;454526;823884;364209;197282;190952;71441
110;101;2008;1259481;450477;809004;362374;191740;185906;68984
111;101;2009;1250255;448790;801465;361816;188500;183256;67893
112;101;2010;1247657;449068;798589;362474;186858;182346;66911
113;101;2011;1251824;451246;800578;363733;186877;183000;66968
114;101;2012;1260322;454760;805562;365883;188072;184280;67327
115;101;2013;1270055;458977;811078;368540;189074;185606;67858
116;101;2014;1278245;462386;815859;371197;189975;186399;68288
117;101;2015;1287707;466094;821613;374267;191044;187493;68809
118;101;2016;1297845;470481;827364;378639;191857;187864;69004
119;101;2017;1309746;475022;834724;383325;193144;188838;69417
120;101;2018;1323614;479616;843998;387689;194825;191136;70348
121;101;2019;1337385;483959;853426;391236;196686;194003;71501
122;101;2020;1349130;487713;861417;394121;198259;196501;72536
123;101;2021;1356020;489564;866456;395495;199178;198416;73367
124;101;2022;1358948;490315;868633;395986;199418;199378;73851
125;101;2023;1362857;491182;871675;397027;199761;200500;74387
126;101;2024;1370219;493821;876398;399212;200388;201810;74988
127;101;2025;1377027;496456;880571;401427;200890;202790;75464
128;101;2026;1382535;498881;883654;404235;201210;202684;75525
129;101;2027;1387747;501183;886564;406939;201646;202449;75530
130;101;2028;1393558;503328;890230;409345;202393;202759;75733
131;101;2029;1398505;504934;893571;411079;203182;203307;76003
132;101;2030;1401332;505484;895848;412015;203768;203822;76243
133;101;2031;1404973;506003;898970;412403;204502;205262;76803
134;101;2032;1407479;505782;901697;412163;204999;207044;77491
135;101;2033;1406813;504645;902168;411119;204857;208234;77958
136;101;2034;1401479;501948;899531;409345;203905;208277;78004
137;101;2035;1394447;498663;895784;407259;202663;207939;77923
138;101;2036;1383940;494482;889458;404823;200833;206397;77405
139;101;2037;1373170;490359;882811;402533;198977;204527;76774
140;101;2038;1363056;486600;876456;400512;197265;202573;76106
141;101;2039;1354485;483493;870992;398959;195808;200733;75492
142;101;2040;1347615;481037;866578;397845;194670;199107;74956
143;101;2041;1342651;479290;863361;397198;193879;197759;74525
144;101;2042;1339633;478248;861385;397010;193435;196728;74212
145;101;2043;1338535;477912;860623;397237;193318;196045;74023
146;101;2044;1339125;478178;860947;397818;193502;195680;73947
147;101;2045;1341269;478989;862280;398705;193958;195637;73980
148;101;2046;1344638;480200;864438;399850;194617;195854;74117
149;101;2047;1348860;481701;867159;401213;195363;196264;74319
150;101;2048;1353692;483419;870273;402756;196135;196817;74565
151;101;2049;1358856;485256;873600;404444;196865;197456;74835
152;101;2050;1364182;487153;877029;406251;197552;198120;75106
153;102;2000;1448560;310992;1137568;189251;216080;461551;270686
154;102;2001;1473178;324976;1148202;190558;218007;467841;271796
155;102;2002;1490869;336530;1154339;189960;219714;473234;271431
156;102;2003;1505612;347310;1158302;188549;221901;478637;269215
157;102;2004;1518927;356814;1162113;186262;225591;483553;266707
158;102;2005;1534870;366685;1168185;184419;229916;489805;264045
159;102;2006;1546110;374305;1171805;182230;233633;495025;260917
160;102;2007;1546753;378823;1167930;179537;235002;496544;256847
161;102;2008;1539855;380633;1159222;177156;233912;495481;252673
162;102;2009;1519669;378156;1141513;173485;230166;490827;247035
163;102;2010;1492556;373648;1118908;169788;224671;483519;240930
164;102;2011;1463731;368389;1095342;167765;218078;475226;234273
165;102;2012;1435926;363432;1072494;166784;210785;467152;227773
166;102;2013;1407980;357752;1050228;166326;203315;459016;221571
167;102;2014;1380017;351943;1028074;166448;195179;451237;215210
168;102;2015;1345471;344058;1001413;166111;185987;440999;208316
169;102;2016;1318024;338317;979707;165953;178230;432946;202578
170;102;2017;1295179;333436;961743;164939;171992;426934;197878
171;102;2018;1275081;329264;945817;163345;166989;421803;193680
172;102;2019;1264505;327182;937323;162670;163614;419654;191385
173;102;2020;1260757;326692;934065;162729;161484;419770;190082
174;102;2021;1263723;327680;936043;162807;160781;422337;190118
175;102;2022;1271048;329506;941542;163077;161253;426285;190927
176;102;2023;1279447;331999;947448;163751;161528;430262;191907
177;102;2024;1286467;333895;952572;164357;161750;433710;192755
178;102;2025;1294921;336070;958851;165203;162257;437559;193832
179;102;2026;1304180;338435;965745;166686;162645;441460;194954
180;102;2027;1315110;341014;974096;168370;163400;445933;196393
181;102;2028;1327924;344014;983910;170179;164470;451072;198189
182;102;2029;1340801;347138;993663;171764;165685;456209;200005
183;102;2030;1351912;349911;1002001;173161;166719;460629;201492
184;102;2031;1358323;351430;1006893;174155;167142;463326;202270
185;102;2032;1360875;352053;1008822;174826;167056;464538;202402
186;102;2033;1364740;352815;1011925;175561;167335;466335;202694
187;102;2034;1372022;354779;1017243;176595;168166;469128;203354
188;102;2035;1378647;356693;1021954;177543;168933;471602;203876
189;102;2036;1384028;358085;1025943;178383;169611;473715;204234
190;102;2037;1388826;359352;1029474;179012;170227;475643;204592
191;102;2038;1394056;360628;1033428;179512;170939;477814;205163
192;102;2039;1398262;361632;1036630;179809;171495;479645;205681
193;102;2040;1400502;362068;1038434;179888;171776;480805;205965
194;102;2041;1403421;362627;1040794;179973;172184;482242;206395
195;102;2042;1405351;362774;1042577;180062;172490;483346;206679
196;102;2043;1404252;362271;1041981;179963;172365;483220;206433
197;102;2044;1398735;360473;1038262;179565;171677;481523;205497
198;102;2045;1391814;358382;1033432;179032;170821;479287;204292
199;102;2046;1381445;355309;1026136;178235;169514;475808;202579
200;102;2047;1370739;352048;1018691;177418;168209;472222;200842
201;102;2048;1360760;349011;1011749;176640;167025;468865;199219
202;102;2049;1352211;346323;1005888;175984;166057;466030;197817
203;102;2050;1345360;344111;1001249;175423;165333;463808;196685
204;103;2000;1280144;267855;1012289;410906;297138;223740;80505
205;103;2001;1315466;285406;1030060;417579;296715;230315;85451
206;103;2002;1311605;293386;1018219;401279;289761;236515;90664
207;103;2003;1313615;301798;1011817;385797;285080;244505;96435
208;103;2004;1325240;312396;1012844;373751;282383;254383;102327
209;103;2005;1344189;323973;1020216;363037;282472;266514;108193
210;103;2006;1365104;336084;1029020;353216;283592;278620;113592
211;103;2007;1390358;348782;1041576;344523;286969;291572;118512
212;103;2008;1412026;360429;1051597;334053;290657;304131;122756
213;103;2009;1436072;372825;1063247;325154;294994;316551;126548
214;103;2010;1460659;385166;1075493;317675;299672;328272;129874
215;103;2011;1479903;396197;1083706;309742;303627;337957;132380
216;103;2012;1494530;405513;1089017;302842;306391;345693;134091
217;103;2013;1506135;413917;1092218;296070;308525;352343;135280
218;103;2014;1516591;421463;1095128;289436;310820;358402;136470
219;103;2015;1529742;429386;1100356;282665;313061;366400;138230
220;103;2016;1538737;435678;1103059;275555;314993;373239;139272
221;103;2017;1537569;438966;1098603;266958;314751;377595;139299
222;103;2018;1529267;439808;1089459;258191;313064;379710;138494
223;103;2019;1508293;436540;1071753;247949;309731;378126;135947
224;103;2020;1480639;431076;1049563;237741;305186;373794;132842
225;103;2021;1451319;424992;1026327;230127;299792;367319;129089
226;103;2022;1422979;419086;1003893;224407;293626;360401;125459
227;103;2023;1394482;412363;982119;219714;286845;353398;122162
228;103;2024;1366045;405089;960956;215852;278865;346772;119467
229;103;2025;1331249;395009;936240;210432;269037;339740;117031
230;103;2026;1303520;386976;916544;205287;260669;334973;115615
231;103;2027;1280513;380218;900295;200462;253926;331363;114544
232;103;2028;1260346;374556;885790;196049;248363;327946;113432
233;103;2029;1249705;371781;877924;193343;245553;326312;112716
234;103;2030;1245731;370743;874988;191885;244266;326260;112577
235;103;2031;1248354;371547;876807;191224;244829;327831;112923
236;103;2032;1255270;373311;881959;191077;246431;330682;113769
237;103;2033;1263408;375834;887574;191591;247988;333450;114545
238;103;2034;1270209;377793;892416;192093;249214;335892;115217
239;103;2035;1278327;380017;898310;193129;250527;338646;116008
240;103;2036;1287115;382124;904991;194176;251553;342105;117157
241;103;2037;1297579;384717;912862;195596;253211;345752;118303
242;103;2038;1309819;388113;921706;197662;255723;349122;119199
243;103;2039;1322126;391809;930317;199819;258493;352096;119909
244;103;2040;1332610;395005;937605;201650;260912;354572;120471
245;103;2041;1338469;396894;941575;202957;262504;355591;120523
246;103;2042;1340513;397709;942804;203527;263231;355725;120321
247;103;2043;1343677;398499;945178;204125;264240;356431;120382
248;103;2044;1350101;400380;949721;205015;265712;358119;120875
249;103;2045;1355907;402140;953767;205822;266942;359663;121340
250;103;2046;1360512;403071;957441;206090;267671;361604;122076
251;103;2047;1364596;403913;960683;206185;268335;363418;122745
252;103;2048;1369176;404960;964216;206428;269385;365119;123284
253;103;2049;1372850;405885;966965;206623;270456;366305;123581
254;103;2050;1374585;406223;968362;206599;271331;366829;123603
255;104;2000;885232;251071;634161;525787;92562;14084;1728
256;104;2001;907114;259383;647731;541763;90298;13883;1787
257;104;2002;966205;277906;688299;575020;95489;15681;2109
258;104;2003;1021002;296650;724352;605418;99506;17074;2354
259;104;2004;1064159;312682;751477;628239;102407;18262;2569
260;104;2005;1101604;328144;773460;646850;104464;19376;2770
261;104;2006;1134495;342450;792045;661512;106659;20800;3074
262;104;2007;1169171;358338;810833;676088;108981;22411;3353
263;104;2008;1203896;374522;829374;688613;112511;24458;3792
264;104;2009;1230997;388724;842273;694697;116406;26907;4263
265;104;2010;1254254;402132;852122;696698;121017;29642;4765
266;104;2011;1283813;417742;866071;701637;126620;32555;5259
267;104;2012;1278407;421251;857156;683611;131989;35726;5830
268;104;2013;1278884;426355;852529;668980;138131;38974;6444
269;104;2014;1288586;434612;853974;660093;144675;42210;6996
270;104;2015;1305391;444890;860501;655615;152054;45343;7489
271;104;2016;1324088;455958;868130;653211;158661;48239;8019
272;104;2017;1347170;468161;879009;653621;165380;51371;8637
273;104;2018;1366973;479145;887828;652247;171849;54513;9219
274;104;2019;1389113;491036;898077;651571;178489;58116;9901
275;104;2020;1411704;502970;908734;650769;185503;61946;10516
276;104;2021;1429153;513204;915949;647538;192274;65184;10953
277;104;2022;1442138;521515;920623;643243;198500;67645;11235
278;104;2023;1452208;528663;923545;638151;204426;69519;11449
279;104;2024;1461175;535032;926143;632873;210378;71224;11668
280;104;2025;1472917;542118;930799;628719;216752;73310;12018
281;104;2026;1480573;547442;933131;624965;221428;74528;12210
282;104;2027;1478421;549101;929320;619197;223237;74685;12201
283;104;2028;1469409;547905;921504;612495;222896;74084;12029
284;104;2029;1448213;541857;906356;603045;219483;72170;11658
285;104;2030;1420787;533304;887483;591227;214867;70124;11265
286;104;2031;1391809;524009;867800;579756;209263;67880;10901
287;104;2032;1363897;515003;848894;568492;203735;66034;10633
288;104;2033;1335874;505414;830460;556486;198874;64640;10460
289;104;2034;1308188;495594;812594;543494;194851;63843;10406
290;104;2035;1274772;483056;791716;526686;191307;63327;10396
291;104;2036;1248315;473253;775062;511623;189466;63468;10505
292;104;2037;1226301;465124;761177;498981;188096;63530;10570
293;104;2038;1206881;458240;748641;488342;186553;63209;10537
294;104;2039;1196374;454660;741714;482614;185661;62937;10502
295;104;2040;1192268;453284;738984;479723;185676;63039;10546
296;104;2041;1194351;454102;740249;479540;186592;63465;10652
297;104;2042;1200587;456218;744369;480930;188361;64246;10832
298;104;2043;1208065;459152;748913;483037;190029;64876;10971
299;104;2044;1214225;461452;752773;484811;191510;65375;11077
300;104;2045;1221712;464156;757556;487260;193179;65923;11194
301;104;2046;1230002;466948;763054;489457;195399;66814;11384
302;104;2047;1239842;470291;769551;492803;197628;67581;11539
303;104;2048;1251331;474439;776892;497843;199460;67981;11608
304;104;2049;1262807;478793;784014;503179;200980;68212;11643
305;104;2050;1272612;482538;790074;507723;202264;68409;11678
306;105;2000;707335;306224;401111;385230;15196;658;27
307;105;2001;711736;307520;404216;388358;15169;662;27
308;105;2002;716685;309029;407656;391944;15024;661;27
309;105;2003;722545;310848;411697;396248;14765;656;28
310;105;2004;730124;313101;417023;401841;14502;652;28
311;105;2005;739811;316248;423563;408682;14205;648;28
312;105;2006;749454;319159;430295;415779;13848;639;29
313;105;2007;757429;321930;435499;421566;13280;624;29
314;105;2008;768148;325592;442556;429112;12805;610;29
315;105;2009;787608;332864;454744;441514;12595;605;30
316;105;2010;810891;341768;469123;455952;12534;606;31
317;105;2011;829034;349146;479888;466871;12381;604;32
318;105;2012;882807;369835;512972;498912;13378;648;34
319;105;2013;932058;390038;542020;527224;14072;687;37
320;105;2014;970357;406611;563746;548398;14595;715;38
321;105;2015;1003110;422067;581043;565345;14927;732;39
322;105;2016;1031602;436100;595502;579409;15300;753;40
323;105;2017;1061337;451926;609411;592851;15743;776;41
324;105;2018;1091121;467862;623259;606031;16387;799;42
325;105;2019;1114009;481021;632988;615105;17021;821;41
326;105;2020;1133500;492856;640644;621982;17767;853;42
327;105;2021;1158347;507507;650840;631346;18563;889;42
328;105;2022;1153221;506594;646627;626372;19295;918;42
329;105;2023;1153535;507984;645551;624315;20237;957;42
330;105;2024;1161912;513232;648680;626431;21209;998;42
331;105;2025;1176724;521307;655417;632020;22307;1048;42
332;105;2026;1193007;530286;662721;638274;23309;1095;43
333;105;2027;1213325;540840;672485;646826;24468;1148;43
334;105;2028;1230790;549986;680804;654045;25517;1199;43
335;105;2029;1250341;560222;690119;662312;26516;1247;44
336;105;2030;1270291;570575;699716;670820;27557;1295;44
337;105;2031;1285521;579050;706471;676755;28339;1332;45
338;105;2032;1296644;585576;711068;680726;28939;1358;45
339;105;2033;1305098;590827;714271;683375;29468;1383;45
340;105;2034;1312570;595383;717187;685604;30118;1420;45
341;105;2035;1322771;600746;722025;689474;31035;1471;45
342;105;2036;1329128;604324;724804;691575;31683;1501;45
343;105;2037;1326595;603787;722808;689331;31918;1514;45
344;105;2038;1317756;600132;717624;684248;31828;1503;45
345;105;2039;1297830;591338;706492;673738;31241;1469;44
346;105;2040;1272523;580001;692522;660491;30561;1428;42
347;105;2041;1245821;568052;677769;646571;29769;1388;41
348;105;2042;1220212;556641;663571;633042;29136;1354;39
349;105;2043;1194681;544968;649713;619696;28650;1328;39
350;105;2044;1169759;533283;636476;606770;28353;1315;38
351;105;2045;1140182;518942;621240;591793;28107;1303;37
352;105;2046;1117104;507638;609466;579994;28132;1304;36
353;105;2047;1097995;498358;599637;570153;28146;1303;35
354;105;2048;1081127;490491;590636;561311;27998;1293;34
355;105;2049;1072047;486308;585739;556489;27929;1287;34
356;105;2050;1068683;484698;583985;554633;28028;1291;33
357;106;2000;456596;307348;149248;146639;2470;129;10
358;106;2001;465667;313613;152054;149394;2518;131;11
359;106;2002;473495;318979;154516;151799;2573;133;11
360;106;2003;480567;323845;156722;153950;2627;134;11
361;106;2004;490290;329900;160390;157537;2706;136;11
362;106;2005;498340;334648;163692;160763;2779;139;11
363;106;2006;503533;336428;167105;164105;2849;140;11
364;106;2007;507525;337388;170137;167067;2916;142;12
365;106;2008;512803;339296;173507;170364;2987;144;12
366;106;2009;515071;339386;175685;172489;3039;144;13
367;106;2010;518758;340342;178416;175158;3099;146;13
368;106;2011;523294;342217;181077;177757;3159;148;13
369;106;2012;528435;344355;184080;180695;3223;149;13
370;106;2013;533870;346762;187108;183658;3286;151;13
371;106;2014;541138;350051;191087;187556;3363;154;14
372;106;2015;549724;354234;195490;191871;3448;157;14
373;106;2016;558702;358533;200169;196458;3537;160;14
374;106;2017;565626;362063;203563;199777;3609;163;14
375;106;2018;574854;366785;208069;204189;3699;166;15
376;106;2019;590611;375351;215260;211232;3841;171;16
377;106;2020;609254;385574;223680;219484;4003;177;16
378;106;2021;623070;393562;229508;225185;4126;180;17
379;106;2022;667087;417795;249292;244596;4483;195;18
380;106;2023;706192;440375;265817;260796;4796;207;18
381;106;2024;735955;458332;277623;272367;5025;212;19
382;106;2025;760433;474034;286399;280963;5200;216;20
383;106;2026;781014;487737;293277;287709;5329;219;20
384;106;2027;800986;501823;299163;293483;5438;222;20
385;106;2028;820932;515573;305359;299558;5554;227;20
386;106;2029;835782;525968;309814;303919;5645;230;20
387;106;2030;848165;534541;313624;307641;5732;231;20
388;106;2031;863285;544972;318313;312224;5833;236;20
389;106;2032;861360;542162;319198;313086;5858;234;20
390;106;2033;863515;541998;321517;315355;5908;234;20
391;106;2034;870940;545482;325458;319213;5990;235;20
392;106;2035;882842;551922;330920;324558;6104;237;21
393;106;2036;895207;558950;336257;329778;6218;240;21
394;106;2037;910429;567608;342821;336204;6353;243;21
395;106;2038;923741;574917;348824;342083;6475;245;21
396;106;2039;938266;583055;355211;348338;6604;248;21
397;106;2040;952969;591126;361843;354837;6733;252;21
398;106;2041;963725;596964;366761;359652;6835;253;21
399;106;2042;971086;600643;370443;363260;6910;252;21
400;106;2043;976406;602829;373577;366335;6968;253;21
401;106;2044;981188;604303;376885;369587;7025;252;21
402;106;2045;988982;606785;382197;374818;7104;254;21
403;106;2046;993341;607347;385994;378559;7161;253;21
404;106;2047;990930;603755;387175;379727;7177;251;20
405;106;2048;983371;597147;386224;378810;7147;247;20
406;106;2049;967139;585765;381374;374074;7042;239;19
407;106;2050;947192;572188;375004;367846;6906;233;19
408;107;2000;111892;96664;15228;14810;370;45;3
409;107;2001;116904;101337;15567;15136;381;47;3
410;107;2002;120544;104665;15879;15436;391;49;3
411;107;2003;123978;107733;16245;15792;401;49;3
412;107;2004;126678;110192;16486;16024;409;50;3
413;107;2005;130225;113207;17018;16541;423;51;3
414;107;2006;138474;120086;18388;17874;456;55;3
415;107;2007;146017;126496;19521;18975;485;58;3
416;107;2008;152451;131956;20495;19919;513;60;3
417;107;2009;159187;137633;21554;20946;541;63;4
418;107;2010;164590;142181;22409;21778;562;65;4
419;107;2011;168995;145885;23110;22459;580;67;4
420;107;2012;172889;149103;23786;23116;598;68;4
421;107;2013;175998;151644;24354;23669;612;69;4
422;107;2014;179998;154805;25193;24487;631;71;4
423;107;2015;183167;157238;25929;25203;649;73;4
424;107;2016;186581;159763;26818;26071;669;74;4
425;107;2017;188997;161460;27537;26772;686;75;4
426;107;2018;191725;163433;28292;27508;704;76;4
427;107;2019;192851;164098;28753;27955;717;77;4
428;107;2020;194255;164947;29308;28498;729;77;4
429;107;2021;195659;165832;29827;29004;741;78;4
430;107;2022;197423;166978;30445;29606;756;79;4
431;107;2023;199192;168144;31048;30193;771;80;4
432;107;2024;202547;170585;31962;31084;793;81;4
433;107;2025;206378;173442;32936;32033;816;83;4
434;107;2026;210896;176882;34014;33080;844;85;5
435;107;2027;213761;179089;34672;33717;863;87;5
436;107;2028;217998;182378;35620;34641;886;88;5
437;107;2029;225183;187982;37201;36182;923;91;5
438;107;2030;233746;194714;39032;37964;968;95;5
439;107;2031;239074;199032;40042;38943;996;97;6
440;107;2032;261055;216249;44806;43585;1108;106;7
441;107;2033;278648;230364;48284;46968;1194;115;7
442;107;2034;290411;240140;50271;48887;1257;120;7
443;107;2035;298479;247040;51439;50020;1290;122;7
444;107;2036;303999;251827;52172;50737;1306;122;7
445;107;2037;308027;255320;52707;51264;1313;123;7
446;107;2038;312536;258940;53596;52135;1330;124;7
447;107;2039;315395;261083;54312;52833;1347;125;7
448;107;2040;317922;262794;55128;53630;1365;126;7
449;107;2041;321184;264994;56190;54666;1389;128;7
450;107;2042;322563;265352;57211;55664;1412;128;7
451;107;2043;325227;266719;58508;56931;1440;130;7
452;107;2044;329113;269050;60063;58452;1473;131;7
453;107;2045;334397;272494;61903;60251;1512;133;7
454;107;2046;339250;275526;63724;62031;1550;136;7
455;107;2047;345186;279342;65844;64106;1593;138;7
456;107;2048;350468;282555;67913;66132;1634;140;7
457;107;2049;356004;285851;70153;68326;1678;142;7
458;107;2050;361464;288957;72507;70632;1723;145;7
459;108;2000;4079;3725;354;343;9;2;0
460;108;2001;4631;4228;403;391;10;2;0
461;108;2002;5065;4631;434;421;11;2;0
462;108;2003;5523;5050;473;459;12;2;0
463;108;2004;5999;5495;504;490;12;2;0
464;108;2005;6529;5982;547;531;14;2;0
465;108;2006;7015;6437;578;562;14;2;0
466;108;2007;7438;6823;615;596;16;3;0
467;108;2008;8007;7346;661;641;17;3;0
468;108;2009;8573;7871;702;682;17;3;0
469;108;2010;9136;8394;742;720;19;3;0
470;108;2011;9474;8705;769;747;19;3;0
471;108;2012;9836;9039;797;774;20;3;0
472;108;2013;10157;9330;827;802;21;4;0
473;108;2014;10344;9508;836;812;21;3;0
474;108;2015;10655;9785;870;845;21;4;0
475;108;2016;11576;10632;944;917;23;4;0
476;108;2017;12249;11251;998;970;24;4;0
477;108;2018;12714;11670;1044;1015;25;4;0
478;108;2019;13171;12087;1084;1054;26;4;0
479;108;2020;13420;12307;1113;1083;26;4;0
480;108;2021;13495;12367;1128;1098;26;4;0
481;108;2022;13573;12427;1146;1115;27;4;0
482;108;2023;13592;12434;1158;1127;27;4;0
483;108;2024;13767;12589;1178;1147;27;4;0
484;108;2025;13873;12677;1196;1165;27;4;0
485;108;2026;14149;12923;1226;1195;27;4;0
486;108;2027;14267;13020;1247;1215;28;4;0
487;108;2028;14434;13166;1268;1236;28;4;0
488;108;2029;14421;13146;1275;1243;28;4;0
489;108;2030;14486;13198;1288;1256;28;4;0
490;108;2031;14558;13257;1301;1269;28;4;0
491;108;2032;14684;13377;1307;1275;28;4;0
492;108;2033;14802;13487;1315;1283;28;4;0
493;108;2034;15154;13817;1337;1305;28;4;0
494;108;2035;15523;14145;1378;1345;29;4;0
495;108;2036;15955;14536;1419;1385;30;4;0
496;108;2037;16105;14664;1441;1405;31;5;0
497;108;2038;16447;14972;1475;1439;31;5;0
498;108;2039;17128;15579;1549;1511;33;5;0
499;108;2040;17910;16286;1624;1584;35;5;0
500;108;2041;18183;16528;1655;1615;35;5;0
501;108;2042;20655;18759;1896;1849;41;6;0
502;108;2043;22168;20114;2054;2004;44;6;0
503;108;2044;22791;20659;2132;2079;46;7;0
504;108;2045;22973;20789;2184;2130;47;7;0
505;108;2046;22986;20753;2233;2178;48;7;0
506;108;2047;22899;20625;2274;2219;48;7;0
507;108;2048;23071;20730;2341;2284;50;7;0
508;108;2049;23175;20766;2409;2351;51;7;0
509;108;2050;23361;20865;2496;2436;53;7;0
510;1;2000;67890;49607;18283;14158;3598;488;39
511;1;2001;67243;49151;18092;13984;3584;485;39
512;1;2002;66567;48580;17987;13894;3549;505;39
513;1;2003;67253;48909;18344;14414;3404;487;39
514;1;2004;68920;50059;18861;15012;3320;490;39
515;1;2005;70505;51220;19285;15457;3291;496;41
516;1;2006;72000;52344;19656;15840;3272;503;41
517;1;2007;72575;52821;19754;15979;3229;504;42
518;1;2008;73178;53271;19907;16152;3206;507;42
519;1;2009;74537;54295;20242;16471;3212;516;43
520;1;2010;76053;55424;20629;16839;3224;523;43
521;1;2011;75905;55296;20609;16858;3186;522;43
522;1;2012;75387;54924;20463;16759;3140;521;43
523;1;2013;75220;54804;20416;16742;3109;522;43
524;1;2014;75108;54729;20379;16735;3079;522;43
525;1;2015;74517;54328;20189;16585;3043;518;43
526;1;2016;75088;54782;20306;16691;3048;523;44
527;1;2017;76468;55794;20674;17014;3082;533;45
528;1;2018;78021;56947;21074;17366;3119;543;46
529;1;2019;78753;57502;21251;17528;3129;548;46
530;1;2020;79530;58048;21482;17741;3143;552;46
531;1;2021;79174;57774;21400;17683;3120;551;46
532;1;2022;78462;57234;21228;17547;3085;550;46
533;1;2023;77540;56541;20999;17364;3042;547;46
534;1;2024;76593;55836;20757;17168;3002;542;45
535;1;2025;75666;55146;20520;16975;2963;537;45
536;1;2026;74816;54514;20302;16797;2926;534;45
537;1;2027;74091;53975;20116;16647;2895;530;44
538;1;2028;73518;53549;19969;16529;2869;527;44
539;1;2029;73088;53234;19854;16432;2851;527;44
540;1;2030;72851;53062;19789;16381;2837;527;44
541;1;2031;72769;53006;19763;16358;2833;528;44
542;1;2032;72815;53045;19770;16367;2830;529;44
543;1;2033;72978;53170;19808;16400;2832;532;44
544;1;2034;73229;53361;19868;16449;2841;534;44
545;1;2035;73546;53601;19945;16514;2851;536;44
546;1;2036;73919;53883;20036;16587;2866;539;44
547;1;2037;74325;54193;20132;16664;2881;542;45
548;1;2038;74747;54512;20235;16746;2898;546;45
549;1;2039;75156;54822;20334;16829;2911;549;45
550;1;2040;75543;55117;20426;16909;2920;552;45
551;1;2041;75907;55388;20519;17003;2919;552;45
552;1;2042;76228;55634;20594;17078;2919;552;45
553;1;2043;76524;55854;20670;17155;2918;552;45
554;1;2044;76778;56050;20728;17212;2919;552;45
555;1;2045;77006;56221;20785;17268;2919;552;46
556;1;2046;77193;56367;20826;17308;2920;552;46
557;1;2047;77357;56491;20866;17347;2921;552;46
558;1;2048;77480;56591;20889;17371;2921;551;46
559;1;2049;77572;56661;20911;17393;2921;551;46
560;1;2050;77615;56695;20920;17402;2921;551;46
561;2;2000;386012;210760;175252;137542;27052;8783;1875
562;2;2001;389149;213519;175630;137627;27473;8665;1865
563;2;2002;392828;216252;176576;137882;28131;8726;1837
564;2;2003;395911;218531;177380;138044;28744;8767;1825
565;2;2004;396852;219313;177539;138603;28608;8508;1820
566;2;2005;398538;220461;178077;139278;28508;8442;1849
567;2;2006;397585;220230;177355;138891;28266;8335;1863
568;2;2007;399553;221633;177920;139632;28127;8284;1877
569;2;2008;405599;224910;180689;142185;28269;8326;1909
570;2;2009;413137;228904;184233;145148;28662;8465;1958
571;2;2010;419572;232295;187277;147621;29058;8594;2004
572;2;2011;426461;236318;190143;149948;29437;8711;2047
573;2;2012;431136;239226;191910;151471;29609;8752;2078
574;2;2013;435317;241461;193856;153081;29847;8817;2111
575;2;2014;439665;243639;196026;154797;30160;8915;2154
576;2;2015;443178;245419;197759;156144;30409;9012;2194
577;2;2016;441385;244163;197222;155776;30254;8984;2208
578;2;2017;438719;242638;196081;154958;29988;8922;2213
579;2;2018;437640;241958;195682;154710;29848;8901;2223
580;2;2019;438726;242821;195905;154971;29805;8895;2234
581;2;2020;440026;243840;196186;155316;29760;8871;2239
582;2;2021;445569;247139;198430;157146;30072;8949;2263
583;2;2022;452311;250708;201603;159625;30581;9093;2304
584;2;2023;457886;253655;204231;161646;31016;9226;2343
585;2;2024;459700;254406;205294;162476;31168;9284;2366
586;2;2025;460106;254196;205910;162919;31259;9340;2392
587;2;2026;456732;252072;204660;161951;31015;9298;2396
588;2;2027;452152;249318;202834;160559;30658;9223;2394
589;2;2028;447049;246302;200747;158966;30256;9141;2384
590;2;2029;442086;243408;198678;157393;29863;9054;2368
591;2;2030;437468;240727;196741;155921;29490;8976;2354
592;2;2031;433475;238430;195045;154636;29164;8903;2342
593;2;2032;430278;236602;193676;153598;28899;8846;2333
594;2;2033;427966;235284;192682;152855;28697;8805;2325
595;2;2034;426514;234462;192052;152393;28558;8778;2323
596;2;2035;425954;234146;191808;152223;28493;8770;2322
597;2;2036;426130;234239;191891;152303;28487;8776;2325
598;2;2037;426920;234676;192244;152588;28534;8792;2330
599;2;2038;428222;235403;192819;153039;28625;8817;2338
600;2;2039;429911;236348;193563;153612;28752;8851;2348
601;2;2040;431876;237446;194430;154276;28906;8892;2356
602;2;2041;434040;238653;195387;155003;29077;8938;2369
603;2;2042;436276;239895;196381;155774;29244;8980;2383
604;2;2043;438491;241125;197366;156558;29397;9015;2396
605;2;2044;440617;242306;198311;157354;29513;9040;2404
606;2;2045;442577;243417;199160;158125;29578;9047;2410
607;2;2046;444358;244450;199908;158874;29587;9039;2408
608;2;2047;445954;245387;200567;159530;29598;9032;2407
609;2;2048;447359;246219;201140;160099;29610;9025;2406
610;2;2049;448586;246949;201637;160591;29621;9019;2406
611;2;2050;449642;247582;202060;161009;29632;9014;2405
612;3;2000;690541;270653;419888;249140;97026;56463;17259
613;3;2001;660390;260867;399523;238212;91816;52789;16706
614;3;2002;634584;252956;381628;228773;86791;49655;16409
615;3;2003;614105;246732;367373;221634;82673;47070;15996
616;3;2004;606012;245075;360937;218453;80983;45659;15842
617;3;2005;602319;244653;357666;217205;80141;44586;15734
618;3;2006;607043;247619;359424;218667;80342;44495;15920
619;3;2007;611585;249958;361627;220303;80484;44729;16111
620;3;2008;613527;251287;362240;220928;80091;44908;16313
621;3;2009;612910;251268;361642;221024;79457;44691;16470
622;3;2010;614490;252188;362302;221390;79502;44744;16666
623;3;2011;614509;252311;362198;221780;79259;44442;16717
624;3;2012;619238;254343;364895;224058;79629;44385;16823
625;3;2013;628034;257857;370177;227524;80668;44866;17119
626;3;2014;637509;261554;375955;230766;82042;45638;17509
627;3;2015;645755;264710;381045;233543;83312;46321;17869
628;3;2016;655829;269145;386684;236874;84634;46969;18207
629;3;2017;662856;272253;390603;239408;85479;47288;18428
630;3;2018;668104;274274;393830;241226;86271;47659;18674
631;3;2019;672790;275964;396826;242658;87100;48114;18954
632;3;2020;676543;277416;399127;243721;87713;48489;19204
633;3;2021;673406;275787;397619;242813;87310;48256;19240
634;3;2022;669434;274155;395279;241548;86666;47852;19213
635;3;2023;668349;273530;394819;241450;86455;47669;19245
636;3;2024;671349;274975;396374;242749;86667;47642;19316
637;3;2025;674606;276523;398083;244193;86932;47586;19372
638;3;2026;683292;280265;403027;247292;88078;48052;19605
639;3;2027;692463;283819;408644;250414;89505;48790;19935
640;3;2028;699146;286436;412710;252508;90573;49401;20228
641;3;2029;700757;286806;413951;253046;90913;49615;20377
642;3;2030;700099;286076;414023;252805;90973;49752;20493
643;3;2031;694908;283640;411268;251176;90259;49401;20432
644;3;2032;688286;280644;407642;249138;89293;48897;20314
645;3;2033;681121;277469;403652;246940;88227;48326;20159
646;3;2034;674260;274458;399802;244850;87194;47757;20001
647;3;2035;667967;271700;396267;242948;86250;47218;19851
648;3;2036;662615;269361;393254;241355;85439;46741;19719
649;3;2037;658416;267524;390892;240125;84810;46340;19617
650;3;2038;655459;266225;389234;239278;84378;46035;19543
651;3;2039;653714;265450;388264;238823;84130;45807;19504
652;3;2040;653150;265165;387985;238724;84076;45683;19502
653;3;2041;653578;265289;388289;238936;84188;45639;19526
654;3;2042;654816;265749;389067;239401;84428;45662;19576
655;3;2043;656727;266494;390233;240071;84776;45743;19643
656;3;2044;659145;267455;391690;240885;85212;45870;19723
657;3;2045;661926;268568;393358;241814;85706;46025;19813
658;3;2046;664944;269775;395169;242815;86232;46204;19918
659;3;2047;668040;271034;397006;243908;86705;46379;20014
660;3;2048;671069;272288;398781;245064;87091;46531;20095
661;3;2049;673932;273490;400442;246302;87345;46643;20152
662;3;2050;676577;274628;401949;247581;87495;46696;20177
663;4;2000;772694;224263;548431;160986;142326;174778;70341
664;4;2001;778981;229847;549134;162109;145007;173993;68025
665;4;2002;779842;233232;546610;161066;146150;173299;66095
666;4;2003;774167;233300;540867;159318;144955;171546;65048
667;4;2004;755345;228553;526792;155402;139962;168295;63133
668;4;2005;724933;220142;504791;150910;132154;161131;60596
669;4;2006;693256;211474;481782;147142;123745;153098;57797
670;4;2007;666825;204568;462257;143906;116798;146223;55330
671;4;2008;645954;199190;446764;141446;111649;140998;52671
672;4;2009;637345;197522;439823;140792;109043;138565;51423
673;4;2010;633167;196880;436287;141084;107356;137602;50245
674;4;2011;637315;198935;438380;141953;107618;138558;50251
675;4;2012;641084;200417;440667;141825;108443;139895;50504
676;4;2013;642021;201120;440901;141016;108406;140740;50739
677;4;2014;640736;200832;439904;140431;107933;140761;50779
678;4;2015;641952;201384;440568;140724;107732;141172;50940
679;4;2016;642016;201336;440680;141765;107223;140895;50797
680;4;2017;646890;202769;444121;143917;107665;141550;50989
681;4;2018;655510;205342;450168;146463;108554;143477;51674
682;4;2019;664595;207995;456600;148578;109586;145889;52547
683;4;2020;672587;210297;462290;150400;110546;148012;53332
684;4;2021;682614;213777;468837;152682;111868;150160;54127
685;4;2022;689514;216160;473354;154438;112752;151526;54638
686;4;2023;694508;217652;476856;155577;113306;152831;55142
687;4;2024;698870;218846;480024;156463;113721;154168;55672
688;4;2025;702421;219933;482488;157234;113958;155204;56092
689;4;2026;699243;218616;480627;156943;113132;154632;55920
690;4;2027;695284;217364;477920;156525;112141;153659;55595
691;4;2028;694412;216892;477520;156837;111820;153358;55505
692;4;2029;697748;218128;479620;158033;112269;153692;55626
693;4;2030;701233;219408;481825;159210;112795;154070;55750
694;4;2031;710065;222363;487702;161227;114243;155861;56371
695;4;2032;719193;225138;494055;163025;115706;158147;57177
696;4;2033;725692;227176;498516;164179;116630;159908;57799
697;4;2034;727219;227490;499729;164495;116711;160520;58003
698;4;2035;726480;226963;499517;164311;116413;160721;58072
699;4;2036;721325;225121;496204;163468;115394;159656;57686
700;4;2037;714754;222835;491919;162408;114167;158187;57157
701;4;2038;707597;220375;487222;161234;112887;156538;56563
702;4;2039;700771;218043;482728;160136;111678;154926;55988
703;4;2040;694465;215872;478593;159121;110594;153424;55454
704;4;2041;689073;214001;475072;158262;109691;152120;54999
705;4;2042;684817;212499;472318;157609;109007;151066;54636
706;4;2043;681808;211418;470390;157166;108542;150302;54380
707;4;2044;679980;210723;469257;156933;108290;149810;54224
708;4;2045;679343;210421;468922;156891;108252;149612;54167
709;4;2046;679694;210425;469269;157035;108385;149650;54199
710;4;2047;680820;210667;470153;157305;108658;149885;54305
711;4;2048;682623;211131;471492;157692;109044;150286;54470
712;4;2049;684924;211766;473158;158142;109520;150813;54683
713;4;2050;687605;212525;475080;158670;110057;151424;54929
714;5;2000;756181;172898;583283;95024;108281;240808;139170
715;5;2001;766307;179286;587021;96341;110507;243420;136753
716;5;2002;769030;183663;585367;95448;112029;244008;133882
717;5;2003;770203;187632;582571;94201;113507;244652;130211
718;5;2004;770228;190602;579626;92054;115815;244482;127275
719;5;2005;774413;194444;579969;90179;118853;246333;124604
720;5;2006;777729;197287;580442;88824;121095;248124;122399
721;5;2007;776778;198707;578071;87576;121798;248548;120149
722;5;2008;769928;197813;572115;87211;120010;246525;118369
723;5;2009;750797;193383;557414;86571;114828;241510;114505
724;5;2010;720526;185971;534555;85708;107391;231861;109595
725;5;2011;689272;178498;510774;85758;99344;221581;104091
726;5;2012;663064;172444;490620;85829;92343;213253;99195
727;5;2013;642319;167648;474671;85302;87438;207203;94728
728;5;2014;633432;165961;467471;85298;84735;204931;92507
729;5;2015;628958;165165;463793;85412;83231;204309;90841
730;5;2016;632475;166600;465875;85173;83454;206378;90870
731;5;2017;635659;167619;468040;84508;83909;208496;91127
732;5;2018;636212;168170;468042;83771;83693;209465;91113
733;5;2019;634635;167832;466803;83519;83044;209452;90788
734;5;2020;635530;168190;467340;83738;82649;210204;90749
735;5;2021;635352;167925;467427;84395;82009;210565;90458
736;5;2022;639770;168779;470991;85548;82183;212421;90839
737;5;2023;647873;170742;477131;86914;82801;215537;91879
738;5;2024;656580;172932;483648;88049;83577;218917;93105
739;5;2025;664280;174812;489468;89021;84326;221939;94182
740;5;2026;673842;177552;496290;90209;85362;225337;95382
741;5;2027;680457;179418;501039;91154;86014;227740;96131
742;5;2028;685265;180613;504652;91821;86442;229654;96735
743;5;2029;689522;181649;507873;92365;86834;231375;97299
744;5;2030;692999;182613;510386;92889;87103;232713;97681
745;5;2031;690011;181581;508430;92928;86514;231863;97125
746;5;2032;686154;180573;505581;92854;85804;230556;96367
747;5;2033;685327;180181;505146;93031;85643;230409;96063
748;5;2034;688440;181109;507331;93548;86054;231493;96236
749;5;2035;691676;182079;509597;94014;86500;232645;96438
750;5;2036;700077;184452;515625;94836;87699;235648;97442
751;5;2037;708819;186733;522086;95603;88949;238908;98626
752;5;2038;715019;188463;526556;96123;89793;241188;99452
753;5;2039;716398;188743;527655;96265;89971;241817;99602
754;5;2040;715572;188325;527247;96171;89861;241734;99481
755;5;2041;710457;186768;523689;95772;89160;240070;98687
756;5;2042;703961;184818;519143;95268;88276;237910;97689
757;5;2043;696919;182715;514204;94706;87328;235555;96615
758;5;2044;690181;180690;509491;94172;86443;233295;95581
759;5;2045;684032;178865;505167;93674;85639;231233;94621
760;5;2046;678832;177346;501486;93231;84972;229483;93800
761;5;2047;674627;176013;498614;92872;84480;228113;93149
762;5;2048;671658;175042;496616;92604;84167;227167;92678
763;5;2049;669800;174350;495450;92426;84017;226630;92377
764;5;2050;669111;173997;495114;92321;84038;226509;92246
765;6;2000;692379;138094;554285;94227;107799;220743;131516
766;6;2001;706871;145690;561181;94217;107500;224421;135043
767;6;2002;721839;152867;568972;94512;107685;229226;137549
768;6;2003;735409;159678;575731;94348;108394;233985;139004
769;6;2004;748699;166212;582487;94208;109776;239071;139432
770;6;2005;760457;172241;588216;94240;111063;243472;139441
771;6;2006;768381;177018;591363;93406;112538;246901;138518
772;6;2007;769975;180116;589859;91961;113204;247996;136698
773;6;2008;769927;182820;587107;89945;113902;248956;134304
774;6;2009;768872;184773;584099;86914;115338;249317;132530
775;6;2010;772030;187677;584353;84080;117280;251658;131335
776;6;2011;774459;189891;584568;82007;118734;253645;130182
777;6;2012;772862;190988;581874;80955;118442;253899;128578
778;6;2013;765661;190104;575557;81024;115877;251813;126843
779;6;2014;746585;185982;560603;81150;110444;246306;122703
780;6;2015;716513;178893;537620;80699;102756;236690;117475
781;6;2016;685549;171717;513832;80780;94776;226568;111708
782;6;2017;659520;165817;493703;80431;88083;218438;106751
783;6;2018;638869;161094;477775;79574;83296;212338;102567
784;6;2019;629870;159350;470520;79151;80570;210202;100597
785;6;2020;625227;158502;466725;78991;78835;209566;99333
786;6;2021;628371;159755;468616;78412;78772;211772;99660
787;6;2022;631278;160727;470551;77529;79070;213864;100088
788;6;2023;631574;161257;470317;76837;78727;214725;100028
789;6;2024;629887;160963;468924;76308;78173;214793;99650
790;6;2025;630641;161258;469383;76182;77931;215620;99650
791;6;2026;630338;160883;469455;76477;77283;216123;99572
792;6;2027;634653;161596;473057;77216;77386;218193;100262
793;6;2028;642659;163401;479258;78358;78028;221418;101454
794;6;2029;651279;165489;485790;79399;78851;224834;102706
795;6;2030;658913;167298;491615;80272;79616;227916;103811
796;6;2031;668312;169849;498463;81227;80628;231463;105145
797;6;2032;674721;171480;503241;81972;81252;233982;106035
798;6;2033;679413;172634;506779;82530;81692;235926;106631
799;6;2034;683582;173670;509912;83047;82112;237635;107118
800;6;2035;686971;174614;512357;83529;82433;238957;107438
801;6;2036;683951;173633;510318;83547;81912;238067;106792
802;6;2037;680007;172619;507388;83409;81278;236735;105966
803;6;2038;679037;172165;506872;83389;81146;236626;105711
804;6;2039;681864;172889;508975;83544;81524;237828;106079
805;6;2040;684930;173743;511187;83717;81915;239071;106484
806;6;2041;692964;175859;517105;84201;83024;242172;107708
807;6;2042;701390;177956;523434;84794;84214;245436;108990
808;6;2043;707333;179556;527777;85257;85037;247665;109818
809;6;2044;708554;179783;528771;85393;85234;248228;109916
810;6;2045;707782;179517;528265;85358;85182;248054;109671
811;6;2046;702613;177963;524650;85004;84542;246325;108779
812;6;2047;696112;176035;520077;84546;83729;244109;107693
813;6;2048;689102;173969;515133;84036;82858;241698;106541
814;6;2049;682411;171973;510438;83558;82040;239400;105440
815;6;2050;676249;170114;506135;83102;81295;237299;104439
816;7;2000;641278;126897;514381;141002;150964;157696;64719
817;7;2001;651190;133133;518057;139828;148396;161404;68429
818;7;2002;663106;139749;523357;137580;146643;166392;72742
819;7;2003;672800;145739;527061;133959;144364;171578;77160
820;7;2004;685201;152456;532745;130934;142680;177714;81417
821;7;2005;699672;159380;540292;127814;142015;185066;85397
822;7;2006;712391;166114;546277;124218;141486;191782;88791
823;7;2007;726588;172684;553904;122256;141867;198354;91427
824;7;2008;739329;178813;560516;120359;142627;204261;93269
825;7;2009;751776;184788;566988;118930;143480;209807;94771
826;7;2010;762651;190273;572378;117958;143712;214554;96154
827;7;2011;769949;194685;575264;116412;143868;218122;96862
828;7;2012;770984;197402;573582;113599;142962;220178;96843
829;7;2013;770425;199697;570728;110328;141895;221932;96573
830;7;2014;768909;201257;567652;106519;141534;223300;96299
831;7;2015;771657;203772;567885;102814;142033;226480;96558
832;7;2016;773679;205742;567937;99730;142576;229095;96536
833;7;2017;771757;206664;565093;97657;141584;229935;95917
834;7;2018;764267;205651;558616;96351;138730;228811;94724
835;7;2019;745059;201287;543772;94977;133349;223789;91657
836;7;2020;714872;193606;521266;92612;125418;215441;87795
837;7;2021;683853;185769;498084;91197;116933;206331;83623
838;7;2022;657752;179244;478508;89801;109785;198822;80100
839;7;2023;637021;173964;463057;88141;104520;193010;77386
840;7;2024;627903;171903;456000;87327;101612;190881;76180
841;7;2025;623158;170861;452297;86828;99892;190042;75535
842;7;2026;626211;172086;454125;85916;100439;191835;75935
843;7;2027;629031;173081;455950;84546;101541;193573;76290
844;7;2028;629381;173681;455700;83427;101983;194140;76150
845;7;2029;627775;173459;454316;82305;102188;194042;75781
846;7;2030;628505;173750;454755;82011;102366;194635;75743
847;7;2031;628156;173289;454867;82223;101785;195092;75767
848;7;2032;632394;173987;458407;82981;101987;197033;76406
849;7;2033;640300;175907;464393;84211;103010;199871;77301
850;7;2034;648808;178173;470635;85380;104308;202773;78174
851;7;2035;656321;180121;476200;86370;105498;205384;78948
852;7;2036;665585;182792;482793;87475;106860;208492;79966
853;7;2037;671949;184578;487371;88285;107704;210714;80668
854;7;2038;676467;185769;490698;88866;108429;212315;81088
855;7;2039;680480;186872;493608;89403;109176;213644;81385
856;7;2040;683671;187848;495823;89840;109774;214642;81567
857;7;2041;680492;186761;493731;89680;109282;213705;81064
858;7;2042;676386;185600;490786;89339;108570;212420;80457
859;7;2043;675210;185039;490171;89162;108414;212282;80313
860;7;2044;677820;185670;492150;89271;108801;213392;80686
861;7;2045;680594;186355;494239;89410;109200;214552;81077
862;7;2046;688442;188517;499925;89999;110551;217322;82053
863;7;2047;696671;190714;505957;90700;112134;220128;82995
864;7;2048;702505;192415;510090;91247;113320;221971;83552
865;7;2049;703640;192659;510981;91359;113710;222338;83574
866;7;2050;702649;192244;510405;91246;113825;222011;83323
867;8;2000;638866;140958;497908;269904;146174;66044;15786
868;8;2001;664276;152273;512003;277751;148319;68911;17022
869;8;2002;648499;153637;494862;263699;143118;70123;17922
870;8;2003;640815;156059;484756;251838;140716;72927;19275
871;8;2004;640039;159940;480099;242817;139703;76669;20910
872;8;2005;644517;164593;479924;235223;140457;81448;22796
873;8;2006;652713;169970;482743;228998;142106;86838;24801
874;8;2007;663770;176098;487672;222267;145102;93218;27085
875;8;2008;672697;181616;491081;213694;148030;99870;29487
876;8;2009;684296;188037;496259;206224;151514;106744;31777
877;8;2010;698008;194893;503115;199717;155960;113718;33720
878;8;2011;709954;201512;508442;193330;159759;119835;35518
879;8;2012;723546;208111;515435;189243;163429;125515;37248
880;8;2013;735710;214220;521490;185742;166630;130411;38707
881;8;2014;747682;220206;527476;182917;169286;135102;40171
882;8;2015;758085;225614;532471;179851;171028;139920;41672
883;8;2016;765058;229936;535122;175825;172417;144144;42736
884;8;2017;765812;232302;533510;169301;173167;147660;43382
885;8;2018;765000;234157;530843;161840;174334;150899;43770
886;8;2019;763234;235253;527981;152972;176382;154337;44290
887;8;2020;765767;237470;528297;145129;179768;158353;45047
888;8;2021;767466;239223;528243;138930;182859;160988;45466
889;8;2022;765227;239842;525385;134606;183841;161579;45359
890;8;2023;757461;238399;519062;131573;182325;160388;44776
891;8;2024;738142;233186;504956;128525;177253;155891;43287
892;8;2025;708091;224148;483943;123604;169145;149698;41496
893;8;2026;677309;214890;462419;119371;160230;143138;39680
894;8;2027;651482;207137;444345;115916;152385;137790;38254
895;8;2028;630965;200875;430090;112622;146380;133806;37282
896;8;2029;621930;198322;423608;111038;143365;132270;36935
897;8;2030;617226;196993;420233;109874;141900;131625;36834
898;8;2031;620198;198258;421940;109001;143044;132739;37156
899;8;2032;622876;199324;423552;108096;144444;133649;37363
900;8;2033;623108;199927;423181;107380;144978;133579;37244
901;8;2034;621401;199620;421781;106713;144906;133119;37043
902;8;2035;622006;199896;422110;106759;145029;133262;37060
903;8;2036;621530;199332;422198;106701;144693;133613;37191
904;8;2037;625630;200139;425491;107311;145507;135038;37635
905;8;2038;633352;202344;431008;108796;147294;136807;38111
906;8;2039;641646;204937;436709;110416;149317;138452;38524
907;8;2040;648939;207157;441782;111810;151138;139930;38904
908;8;2041;657977;210133;447844;113277;153222;141886;39459
909;8;2042;664127;212109;452018;114188;154661;143305;39864
910;8;2043;668467;213460;455007;114963;155826;144149;40069
911;8;2044;672281;214710;457571;115744;156911;144727;40189
912;8;2045;675313;215785;459528;116412;157742;145111;40263
913;8;2046;672070;214554;457516;116091;157120;144282;40023
914;8;2047;667925;213199;454726;115485;156201;143290;39750
915;8;2048;666671;212545;454126;115181;156065;143148;39732
916;8;2049;669210;213226;455984;115264;156746;143967;40007
917;8;2050;671936;213979;457957;115353;157506;144818;40280
918;9;2000;477030;124818;352212;274913;63570;12104;1625
919;9;2001;487687;128869;358818;282612;62470;12047;1689
920;9;2002;540177;144360;395817;310849;68958;13996;2014
921;9;2003;584703;158894;425809;334274;73834;15443;2258
922;9;2004;614529;170236;444293;348242;76951;16629;2471
923;9;2005;635185;180021;455164;355974;78833;17686;2671
924;9;2006;658580;190799;467781;364446;81279;19099;2957
925;9;2007;642518;189925;452593;348359;80624;20380;3230
926;9;2008;634454;190857;443597;335694;82050;22217;3636
927;9;2009;633210;193708;439502;326498;84475;24442;4087
928;9;2010;637086;197744;439342;319733;88103;26926;4580
929;9;2011;644699;202788;441911;315037;92350;29483;5041
930;9;2012;655133;208738;446395;311024;97443;32351;5577
931;9;2013;663598;214066;449532;305673;102469;35244;6146
932;9;2014;674713;220365;454348;302201;107433;38047;6667
933;9;2015;687972;227263;460709;300062;112792;40729;7126
934;9;2016;699451;233781;465670;297574;117252;43215;7629
935;9;2017;712643;240426;472217;296644;121543;45830;8200
936;9;2018;724408;246508;477900;295357;125469;48362;8712
937;9;2019;735975;252493;483482;293192;129568;51379;9343
938;9;2020;745934;257817;488117;289756;133885;54570;9906
939;9;2021;752562;261937;490625;284963;138223;57160;10279
940;9;2022;753035;263885;489150;277975;141788;58904;10483
941;9;2023;751989;265263;486726;270800;145149;60139;10638
942;9;2024;750004;265920;484084;263703;148397;61188;10796
943;9;2025;752339;268004;484335;258544;152037;62659;11095
944;9;2026;753800;269545;484255;255102;154440;63456;11257
945;9;2027;751388;269728;481660;252216;154835;63371;11238
946;9;2028;743546;267651;475895;248909;153358;62577;11051
947;9;2029;724396;261380;463016;243104;148808;60447;10657
948;9;2030;694782;251050;443732;232961;142539;58012;10220
949;9;2031;664506;240535;423971;222659;135913;55563;9836
950;9;2032;639137;231794;407343;213722;130322;53723;9576
951;9;2033;618942;224781;394161;205984;126233;52508;9436
952;9;2034;610001;221868;388133;202072;124481;52152;9428
953;9;2035;605296;220351;384945;199580;123806;52096;9463
954;9;2036;608118;221714;386404;199271;124878;52660;9595
955;9;2037;610602;222829;387773;199310;125789;53004;9670
956;9;2038;610672;223348;387324;199049;125805;52835;9635
957;9;2039;608837;222895;385942;198370;125416;52565;9591
958;9;2040;609298;223157;386141;198342;125539;52634;9626
959;9;2041;608714;222602;386112;197708;125785;52908;9711
960;9;2042;612636;223604;389032;198482;127059;53610;9881
961;9;2043;620115;226087;394028;200940;128771;54291;10026
962;9;2044;628136;228929;399207;203783;130438;54848;10138
963;9;2045;635205;231385;403820;206255;131952;55366;10247
964;9;2046;644029;234693;409336;208882;133867;56167;10420
965;9;2047;650046;236910;413136;210555;135281;56751;10549
966;9;2048;654272;238402;415870;212037;136223;57009;10601
967;9;2049;657998;239768;418230;213517;136952;57136;10625
968;9;2050;660948;240918;420030;214660;137495;57227;10648
969;10;2000;408202;126253;281949;250874;28992;1980;103
970;10;2001;419427;130514;288913;259151;27828;1836;98
971;10;2002;426028;133546;292482;264171;26531;1685;95
972;10;2003;436299;137756;298543;271144;25672;1631;96
973;10;2004;449630;142446;307184;279997;25456;1633;98
974;10;2005;466419;148123;318296;290876;25631;1690;99
975;10;2006;475915;151651;324264;297066;25380;1701;117
976;10;2007;526653;168413;358240;327729;28357;2031;123
977;10;2008;569442;183665;385777;352919;30461;2241;156
978;10;2009;597787;195016;402771;368199;31931;2465;176
979;10;2010;617168;204388;412780;376965;32914;2716;185
980;10;2011;639114;214954;424160;386600;34270;3072;218
981;10;2012;623274;212513;410761;372587;34546;3375;253
982;10;2013;615286;212289;402997;363307;35662;3730;298
983;10;2014;613873;214247;399626;357892;37242;4163;329
984;10;2015;617419;217627;399792;355553;39262;4614;363
985;10;2016;624637;222177;402460;355637;41409;5024;390
986;10;2017;634527;227735;406792;356977;43837;5541;437
987;10;2018;642565;232637;409928;356890;46380;6151;507
988;10;2019;653138;238543;414595;358379;48921;6737;558
989;10;2020;665770;245153;420617;361013;51618;7376;610
990;10;2021;676591;251267;425324;362575;54051;8024;674
991;10;2022;689103;257630;431473;365268;56712;8741;752
992;10;2023;700219;263400;436819;367351;59277;9380;811
993;10;2024;711171;269112;442059;369170;61981;10036;872
994;10;2025;720578;274114;446464;370175;64715;10651;923
995;10;2026;726773;277897;448876;369863;66988;11072;953
996;10;2027;727033;279373;447660;366981;68402;11314;963
997;10;2028;725863;280254;445609;363586;69538;11507;978
998;10;2029;723817;280477;443340;359941;70675;11723;1001
999;10;2030;726005;282254;443751;358266;72328;12112;1045
1000;10;2031;727303;283474;443829;357097;73350;12317;1065
1001;10;2032;724760;283209;441551;354770;73413;12311;1057
1002;10;2033;716932;280633;436299;350502;72641;12132;1024
1003;10;2034;698187;273726;424461;341422;70370;11691;978
1004;10;2035;669476;262705;406771;327106;67501;11231;933
1005;10;2036;640197;251539;388658;312352;64588;10808;910
1006;10;2037;615699;242295;373404;299671;62307;10526;900
1007;10;2038;596209;234892;361317;289293;60748;10374;902
1008;10;2039;587537;231765;355772;284244;60245;10372;911
1009;10;2040;582970;230127;352843;281381;60137;10405;920
1010;10;2041;585637;231500;354137;281832;60807;10557;941
1011;10;2042;587951;232614;355337;282448;61302;10636;951
1012;10;2043;587950;233065;354885;282097;61258;10585;945
1013;10;2044;586089;232523;353566;281028;61072;10527;939
1014;10;2045;586507;232771;353736;281005;61227;10557;947
1015;10;2046;585973;232255;353718;280575;61532;10647;964
1016;10;2047;589796;233381;356415;282248;62347;10830;990
1017;10;2048;597059;236037;361022;285806;63237;10972;1007
1018;10;2049;604809;239025;365784;289662;64028;11076;1018
1019;10;2050;611664;241620;370044;293063;64769;11182;1030
1020;11;2000;373637;142695;230942;218710;11726;490;16
1021;11;2001;373201;142418;230783;218514;11758;495;16
1022;11;2002;375053;143207;231846;219757;11580;493;16
1023;11;2003;376089;143414;232675;220873;11299;487;16
1024;11;2004;383426;146116;237310;225854;10960;480;16
1025;11;2005;391458;149250;242208;231106;10613;473;16
1026;11;2006;401537;153032;248505;237814;10211;463;17
1027;11;2007;407640;155512;252128;241939;9722;450;17
1028;11;2008;417203;159395;257808;247989;9361;441;17
1029;11;2009;429780;164004;265776;256075;9244;439;18
1030;11;2010;445590;169802;275788;266074;9254;442;18
1031;11;2011;454388;173176;281212;271653;9100;440;19
1032;11;2012;502590;191331;311259;300654;10100;484;21
1033;11;2013;543057;207456;335601;324340;10720;518;23
1034;11;2014;569658;219059;350599;338910;11125;540;24
1035;11;2015;587713;228210;359503;347614;11314;551;24
1036;11;2016;608111;238703;369408;357205;11609;569;25
1037;11;2017;592846;234552;358294;346077;11625;568;24
1038;11;2018;585102;233001;352101;339565;11931;581;24
1039;11;2019;583578;233912;349666;336694;12353;596;23
1040;11;2020;586743;236531;350212;336601;12967;621;23
1041;11;2021;593376;240469;352907;338619;13618;647;23
1042;11;2022;602555;245519;357036;341863;14466;683;24
1043;11;2023;610042;249869;360173;343964;15459;726;24
1044;11;2024;619908;255281;364627;347395;16438;770;24
1045;11;2025;631803;261482;370321;351972;17506;819;24
1046;11;2026;641955;267101;374854;355511;18453;865;25
1047;11;2027;653782;273067;380715;360321;19457;912;25
1048;11;2028;664246;278417;385829;364541;20308;955;25
1049;11;2029;674552;283725;390827;368624;21179;998;26
1050;11;2030;683388;288285;395103;372029;22010;1038;26
1051;11;2031;689131;291624;397507;373731;22680;1070;26
1052;11;2032;689244;292561;396683;372461;23105;1091;26
1053;11;2033;687992;292857;395135;370531;23469;1109;26
1054;11;2034;685932;292498;393434;368355;23915;1138;26
1055;11;2035;688003;293762;394241;368396;24636;1183;26
1056;11;2036;689129;294462;394667;368326;25106;1209;26
1057;11;2037;686562;293634;392928;366463;25221;1218;26
1058;11;2038;678949;290508;388441;362160;25050;1205;26
1059;11;2039;660979;282979;378000;352492;24315;1168;25
1060;11;2040;633675;271276;362399;337863;23393;1120;23
1061;11;2041;605909;259447;346462;322901;22460;1079;22
1062;11;2042;582753;249672;333081;310262;21752;1046;21
1063;11;2043;564359;241875;322484;300143;21295;1025;21
1064;11;2044;556225;238507;317718;295481;21194;1022;21
1065;11;2045;551956;236729;315227;292978;21206;1022;21
1066;11;2046;554577;238085;316492;293940;21495;1036;21
1067;11;2047;556828;239225;317603;294832;21706;1044;21
1068;11;2048;556853;239652;317201;294443;21697;1041;20
1069;11;2049;555159;239118;316041;293341;21644;1036;20
1070;11;2050;555608;239406;316202;293419;21722;1041;20
1071;12;2000;333698;163529;170169;166520;3470;168;11
1072;12;2001;338535;165102;173433;169844;3411;167;11
1073;12;2002;341632;165822;175810;172187;3444;168;11
1074;12;2003;346456;167434;179022;175375;3466;169;12
1075;12;2004;346698;166985;179713;175987;3542;172;12
1076;12;2005;348353;166998;181355;177576;3592;175;12
1077;12;2006;347917;166127;181790;177965;3637;176;12
1078;12;2007;349789;166418;183371;179627;3558;174;12
1079;12;2008;350945;166197;184748;181123;3444;169;12
1080;12;2009;357828;168860;188968;185439;3351;166;12
1081;12;2010;365301;171966;193335;189878;3280;164;13
1082;12;2011;374646;175970;198676;195218;3281;164;13
1083;12;2012;380217;178504;201713;198258;3278;164;13
1084;12;2013;389001;182582;206419;202884;3352;169;14
1085;12;2014;400699;187552;213147;209488;3470;175;14
1086;12;2015;415397;193857;221540;217731;3613;181;15
1087;12;2016;423491;197397;226094;222204;3691;184;15
1088;12;2017;468491;217374;251117;246774;4118;208;17
1089;12;2018;506019;234861;271158;266466;4456;218;18
1090;12;2019;530431;247109;283322;278411;4668;225;18
1091;12;2020;546757;256325;290432;285381;4800;232;19
1092;12;2021;564971;267038;297933;292727;4945;242;19
1093;12;2022;550666;261075;289591;284509;4829;235;18
1094;12;2023;543493;258115;285378;280351;4778;231;18
1095;12;2024;542004;257951;284053;279036;4771;228;18
1096;12;2025;544921;259825;285096;280048;4801;229;18
1097;12;2026;551052;263185;287867;282763;4856;230;18
1098;12;2027;559543;267773;291770;286505;5011;236;18
1099;12;2028;566544;271569;294975;289504;5209;244;18
1100;12;2029;575789;276497;299292;293688;5337;249;18
1101;12;2030;586903;282290;304613;298791;5547;257;18
1102;12;2031;596390;287426;308964;303024;5659;262;19
1103;12;2032;607400;293015;314385;308265;5834;267;19
1104;12;2033;617106;297970;319136;312844;5999;274;19
1105;12;2034;626638;302885;323753;317249;6203;282;19
1106;12;2035;634768;306984;327784;321078;6399;288;19
1107;12;2036;639999;309862;330137;323249;6577;292;19
1108;12;2037;640033;310153;329880;322868;6697;296;19
1109;12;2038;638807;309624;329183;322088;6778;298;19
1110;12;2039;636851;308359;328492;321246;6926;301;19
1111;12;2040;638848;308725;330123;322628;7168;308;19
1112;12;2041;639912;308605;331307;323670;7309;309;19
1113;12;2042;637459;306969;330490;322780;7384;308;18
1114;12;2043;630322;303093;327229;319553;7355;303;18
1115;12;2044;613534;294776;318758;311289;7159;293;17
1116;12;2045;588226;282213;306013;298815;6901;281;16
1117;12;2046;562527;269553;292974;286054;6637;268;15
1118;12;2047;541167;259133;282034;275321;6440;259;14
1119;12;2048;524274;250839;273435;266868;6301;252;14
1120;12;2049;516888;247190;269698;263148;6285;251;14
1121;12;2050;513075;245292;267783;261214;6306;250;13
1122;13;2000;286735;179062;107673;105826;1755;85;7
1123;13;2001;286069;178360;107709;105860;1757;85;7
1124;13;2002;285448;177419;108029;106165;1772;85;7
1125;13;2003;284952;176603;108349;106469;1788;85;7
1126;13;2004;285507;175882;109625;107716;1817;85;7
1127;13;2005;286743;175595;111148;109202;1853;86;7
1128;13;2006;291434;177437;113997;111994;1909;87;7
1129;13;2007;294741;178443;116298;114244;1958;88;8
1130;13;2008;299438;180403;119035;116923;2014;90;8
1131;13;2009;300176;180142;120034;117893;2043;90;8
1132;13;2010;302069;180476;121593;119415;2079;91;8
1133;13;2011;302215;179830;122385;120182;2103;92;8
1134;13;2012;304247;180353;123894;121656;2137;93;8
1135;13;2013;305610;180377;125233;122964;2167;94;8
1136;13;2014;311900;183446;128454;126122;2227;96;9
1137;13;2015;318650;186878;131772;129375;2290;98;9
1138;13;2016;327058;191323;135735;133261;2364;101;9
1139;13;2017;332049;194027;138022;135496;2414;103;9
1140;13;2018;339872;198354;141518;138918;2484;106;10
1141;13;2019;350474;203806;146668;143964;2584;110;10
1142;13;2020;363705;210696;153009;150180;2705;114;10
1143;13;2021;370850;214413;156437;153531;2779;116;11
1144;13;2022;410996;236153;174843;171597;3104;130;12
1145;13;2023;443997;254720;189277;185753;3372;140;12
1146;13;2024;465102;267212;197890;194195;3539;143;13
1147;13;2025;478780;275983;202797;198998;3642;144;13
1148;13;2026;493626;285992;207634;203744;3731;146;13
1149;13;2027;481252;278736;202516;198721;3640;142;13
1150;13;2028;475304;274896;200408;196651;3604;141;12
1151;13;2029;474151;273984;200167;196412;3603;140;12
1152;13;2030;476788;275303;201485;197702;3631;140;12
1153;13;2031;482163;278188;203975;200140;3682;141;12
1154;13;2032;489549;282346;207203;203301;3748;142;12
1155;13;2033;495788;285689;210099;206134;3809;144;12
1156;13;2034;503881;290158;213723;209681;3884;146;12
1157;13;2035;513640;295542;218098;213963;3974;148;13
1158;13;2036;521848;300135;221713;217498;4052;150;13
1159;13;2037;531447;305286;226161;221853;4143;152;13
1160;13;2038;539870;309768;230102;225712;4224;153;13
1161;13;2039;548165;314169;233996;229525;4303;155;13
1162;13;2040;555324;317663;237661;233117;4374;157;13
1163;13;2041;559808;319810;239998;235404;4424;157;13
1164;13;2042;559766;319201;240565;235958;4439;155;13
1165;13;2043;558604;317757;240847;236237;4443;154;13
1166;13;2044;556992;315709;241283;236672;4446;152;13
1167;13;2045;559148;315418;243730;239089;4476;152;13
1168;13;2046;560243;314623;245620;240954;4502;151;13
1169;13;2047;558031;312190;245841;241179;4501;149;12
1170;13;2048;551550;307560;243990;239374;4459;145;12
1171;13;2049;536532;298539;237993;233502;4342;138;11
1172;13;2050;514466;285501;228965;224654;4168;132;11
1173;14;2000;169861;128286;41575;40813;715;44;3
1174;14;2001;179598;135253;44345;43534;761;46;4
1175;14;2002;188047;141560;46487;45634;801;48;4
1176;14;2003;195615;147242;48373;47481;839;49;4
1177;14;2004;204783;154018;50765;49821;889;51;4
1178;14;2005;211597;159053;52544;51561;926;53;4
1179;14;2006;212099;158991;53108;52111;940;53;4
1180;14;2007;212784;158945;53839;52823;958;54;4
1181;14;2008;213365;158893;54472;53441;973;54;4
1182;14;2009;214895;159244;55651;54596;996;54;5
1183;14;2010;216689;159866;56823;55743;1020;55;5
1184;14;2011;221079;162387;58692;57575;1056;56;5
1185;14;2012;224188;164002;60186;59039;1086;56;5
1186;14;2013;228260;166385;61875;60694;1119;57;5
1187;14;2014;229238;166605;62633;61434;1136;58;5
1188;14;2015;231074;167356;63718;62496;1158;59;5
1189;14;2016;231644;167210;64434;63197;1173;59;5
1190;14;2017;233577;168036;65541;64281;1195;60;5
1191;14;2018;234982;168431;66551;65271;1215;60;5
1192;14;2019;240137;171545;68592;67268;1257;61;6
1193;14;2020;245549;174878;70671;69304;1298;63;6
1194;14;2021;252220;179149;73071;71654;1347;64;6
1195;14;2022;256091;181642;74449;72999;1379;65;6
1196;14;2023;262195;185655;76540;75043;1424;67;6
1197;14;2024;270853;191120;79733;78172;1486;69;6
1198;14;2025;281653;198051;83602;81965;1558;72;7
1199;14;2026;287388;201745;85643;83965;1598;73;7
1200;14;2027;319734;223087;96647;94762;1798;80;7
1201;14;2028;345628;240677;104951;102907;1950;86;8
1202;14;2029;361631;251984;109647;107507;2042;90;8
1203;14;2030;371377;259238;112139;109939;2101;91;8
1204;14;2031;381122;266784;114338;112084;2151;95;8
1205;14;2032;371811;259816;111995;109785;2110;92;8
1206;14;2033;367727;256309;111418;109221;2099;90;8
1207;14;2034;367059;255324;111735;109532;2106;89;8
1208;14;2035;369202;256380;112822;110595;2130;89;8
1209;14;2036;373359;258815;114544;112280;2166;90;8
1210;14;2037;378982;262322;116660;114351;2210;91;8
1211;14;2038;383871;265149;118722;116371;2251;92;8
1212;14;2039;390101;268886;121215;118813;2301;93;8
1213;14;2040;397645;273463;124182;121720;2359;95;8
1214;14;2041;403917;277154;126763;124248;2411;96;8
1215;14;2042;411320;281442;129878;127302;2471;97;8
1216;14;2043;417802;285072;132730;130098;2525;99;8
1217;14;2044;424196;288594;135602;132915;2579;100;8
1218;14;2045;429834;291367;138467;135729;2628;102;8
1219;14;2046;433098;292724;140374;137605;2659;102;8
1220;14;2047;432899;291565;141334;138548;2676;102;8
1221;14;2048;431821;289587;142234;139436;2688;102;8
1222;14;2049;430607;287226;143381;140572;2700;101;8
1223;14;2050;432726;286687;146039;143192;2738;101;8
1224;15;2000;87345;74552;12793;12442;313;36;2
1225;15;2001;90062;77057;13005;12646;320;37;2
1226;15;2002;92478;79255;13223;12856;327;38;2
1227;15;2003;94140;80695;13445;13071;334;38;2
1228;15;2004;95000;81470;13530;13152;338;38;2
1229;15;2005;96656;82722;13934;13545;348;39;2
1230;15;2006;103684;88473;15211;14788;379;42;2
1231;15;2007;109880;93652;16228;15776;405;45;2
1232;15;2008;115236;98138;17098;16618;431;47;2
1233;15;2009;121307;103206;18101;17590;458;50;3
1234;15;2010;125683;106853;18830;18300;476;51;3
1235;15;2011;126643;107476;19167;18626;486;52;3
1236;15;2012;127693;108137;19556;19004;497;52;3
1237;15;2013;128553;108654;19899;19337;506;53;3
1238;15;2014;130130;109654;20476;19900;519;54;3
1239;15;2015;131698;110672;21026;20435;533;55;3
1240;15;2016;134770;112937;21833;21222;552;56;3
1241;15;2017;136823;114363;22460;21833;567;57;3
1242;15;2018;139333;116192;23141;22496;584;58;3
1243;15;2019;139840;116375;23465;22809;594;59;3
1244;15;2020;140778;116871;23907;23240;605;59;3
1245;15;2021;141078;116838;24240;23564;613;60;3
1246;15;2022;142239;117513;24726;24036;626;61;3
1247;15;2023;143176;117998;25178;24476;638;61;3
1248;15;2024;146512;120470;26042;25316;660;63;3
1249;15;2025;150033;123110;26923;26174;682;64;3
1250;15;2026;154378;126456;27922;27144;708;66;4
1251;15;2027;156740;128274;28466;27669;725;68;4
1252;15;2028;160548;131231;29317;28497;747;69;4
1253;15;2029;166288;135600;30688;29832;780;72;4
1254;15;2030;173353;141053;32300;31401;820;75;4
1255;15;2031;176881;143812;33069;32145;843;77;4
1256;15;2032;198070;160348;37722;36679;952;86;5
1257;15;2033;214174;173175;40999;39866;1034;94;5
1258;15;2034;223409;180760;42649;41456;1090;98;5
1259;15;2035;228407;184986;43421;42203;1114;99;5
1260;15;2036;232686;188685;44001;42771;1126;99;5
1261;15;2037;227190;183885;43305;42096;1107;97;5
1262;15;2038;225216;181824;43392;42184;1107;96;5
1263;15;2039;225010;181262;43748;42532;1115;96;5
1264;15;2040;226405;182012;44393;43161;1130;97;5
1265;15;2041;228963;183656;45307;44054;1150;98;5
1266;15;2042;232365;185964;46401;45122;1175;99;5
1267;15;2043;235455;187896;47559;46252;1201;101;5
1268;15;2044;239289;190363;48926;47588;1231;102;5
1269;15;2045;243953;193459;50494;49120;1265;104;5
1270;15;2046;247765;195790;51975;50567;1297;106;5
1271;15;2047;252352;198669;53683;52238;1332;108;5
1272;15;2048;256320;201024;55296;53818;1364;109;5
1273;15;2049;260267;203288;56979;55466;1397;111;5
1274;15;2050;263798;205065;58733;57184;1431;113;5
1275;16;2000;24547;22112;2435;2368;57;9;1
1276;16;2001;26842;24280;2562;2490;61;10;1
1277;16;2002;28066;25410;2656;2580;64;11;1
1278;16;2003;29838;27038;2800;2721;67;11;1
1279;16;2004;31678;28722;2956;2872;71;12;1
1280;16;2005;33569;30485;3084;2996;75;12;1
1281;16;2006;34790;31613;3177;3086;77;13;1
1282;16;2007;36137;32844;3293;3199;80;13;1
1283;16;2008;37215;33818;3397;3301;82;13;1
1284;16;2009;37880;34427;3453;3356;83;13;1
1285;16;2010;38907;35328;3579;3478;86;14;1
1286;16;2011;42352;38409;3943;3833;94;15;1
1287;16;2012;45196;40966;4230;4112;101;16;1
1288;16;2013;47445;42990;4455;4332;106;16;1
1289;16;2014;49868;45151;4717;4587;112;17;1
1290;16;2015;51469;46566;4903;4768;116;18;1
1291;16;2016;51811;46826;4985;4849;117;18;1
1292;16;2017;52174;47097;5077;4939;119;18;1
1293;16;2018;52392;47241;5151;5012;120;18;1
1294;16;2019;53011;47723;5288;5146;123;18;1
1295;16;2020;53477;48076;5401;5258;124;18;1
1296;16;2021;54581;48994;5587;5440;128;18;1
1297;16;2022;55184;49465;5719;5570;130;18;1
1298;16;2023;56016;50146;5870;5717;133;19;1
1299;16;2024;56035;50115;5920;5768;133;18;1
1300;16;2025;56345;50332;6013;5859;134;19;1
1301;16;2026;56518;50426;6092;5936;136;19;1
1302;16;2027;57021;50815;6206;6048;138;19;1
1303;16;2028;57450;51147;6303;6144;139;19;1
1304;16;2029;58895;52382;6513;6350;143;19;1
1305;16;2030;60393;53661;6732;6563;148;20;1
1306;16;2031;62193;55220;6973;6798;153;20;2
1307;16;2032;62985;55901;7084;6906;156;20;2
1308;16;2033;64474;57189;7285;7102;160;21;2
1309;16;2034;67002;59380;7622;7431;167;22;2
1310;16;2035;70072;62054;8018;7817;176;23;2
1311;16;2036;71313;63142;8171;7966;180;23;2
1312;16;2037;80837;71435;9402;9168;206;26;2
1313;16;2038;87320;77116;10204;9951;223;28;2
1314;16;2039;90385;79821;10564;10301;232;29;2
1315;16;2040;91517;80782;10735;10469;235;29;2
1316;16;2041;92221;81338;10883;10612;239;30;2
1317;16;2042;90198;79388;10810;10542;237;29;2
1318;16;2043;89772;78823;10949;10679;239;29;2
1319;16;2044;89824;78687;11137;10864;242;29;2
1320;16;2045;90444;79035;11409;11131;247;29;2
1321;16;2046;91485;79736;11749;11464;253;30;2
1322;16;2047;92834;80673;12161;11868;261;30;2
1323;16;2048;94148;81531;12617;12314;270;31;2
1324;16;2049;95737;82563;13174;12860;281;31;2
1325;16;2050;97666;83892;13774;13448;292;32;2
1326;17;2000;4079;3725;354;343;9;2;0
1327;17;2001;4631;4228;403;391;10;2;0
1328;17;2002;5065;4631;434;421;11;2;0
1329;17;2003;5523;5050;473;459;12;2;0
1330;17;2004;5999;5495;504;490;12;2;0
1331;17;2005;6529;5982;547;531;14;2;0
1332;17;2006;7015;6437;578;562;14;2;0
1333;17;2007;7438;6823;615;596;16;3;0
1334;17;2008;8007;7346;661;641;17;3;0
1335;17;2009;8573;7871;702;682;17;3;0
1336;17;2010;9136;8394;742;720;19;3;0
1337;17;2011;9474;8705;769;747;19;3;0
1338;17;2012;9836;9039;797;774;20;3;0
1339;17;2013;10157;9330;827;802;21;4;0
1340;17;2014;10344;9508;836;812;21;3;0
1341;17;2015;10655;9785;870;845;21;4;0
1342;17;2016;11576;10632;944;917;23;4;0
1343;17;2017;12249;11251;998;970;24;4;0
1344;17;2018;12714;11670;1044;1015;25;4;0
1345;17;2019;13171;12087;1084;1054;26;4;0
1346;17;2020;13420;12307;1113;1083;26;4;0
1347;17;2021;13495;12367;1128;1098;26;4;0
1348;17;2022;13573;12427;1146;1115;27;4;0
1349;17;2023;13592;12434;1158;1127;27;4;0
1350;17;2024;13767;12589;1178;1147;27;4;0
1351;17;2025;13873;12677;1196;1165;27;4;0
1352;17;2026;14149;12923;1226;1195;27;4;0
1353;17;2027;14267;13020;1247;1215;28;4;0
1354;17;2028;14434;13166;1268;1236;28;4;0
1355;17;2029;14421;13146;1275;1243;28;4;0
1356;17;2030;14486;13198;1288;1256;28;4;0
1357;17;2031;14558;13257;1301;1269;28;4;0
1358;17;2032;14684;13377;1307;1275;28;4;0
1359;17;2033;14802;13487;1315;1283;28;4;0
1360;17;2034;15154;13817;1337;1305;28;4;0
1361;17;2035;15523;14145;1378;1345;29;4;0
1362;17;2036;15955;14536;1419;1385;30;4;0
1363;17;2037;16105;14664;1441;1405;31;5;0
1364;17;2038;16447;14972;1475;1439;31;5;0
1365;17;2039;17128;15579;1549;1511;33;5;0
1366;17;2040;17910;16286;1624;1584;35;5;0
1367;17;2041;18183;16528;1655;1615;35;5;0
1368;17;2042;20655;18759;1896;1849;41;6;0
1369;17;2043;22168;20114;2054;2004;44;6;0
1370;17;2044;22791;20659;2132;2079;46;7;0
1371;17;2045;22973;20789;2184;2130;47;7;0
1372;17;2046;22986;20753;2233;2178;48;7;0
1373;17;2047;22899;20625;2274;2219;48;7;0
1374;17;2048;23071;20730;2341;2284;50;7;0
1375;17;2049;23175;20766;2409;2351;51;7;0
1376;17;2050;23361;20865;2496;2436;53;7;0
