ID;Leeftijd;Migratieachtergrond;VerblijfsduurInNederland;Perioden;k_1eGeneratieMigratieachtergrondTotaal_1;k_1eGeneratieMigratieachtergrondMan_2;k_1eGeneratieMigratieachtergrondVrouw_3
0;Totaal;Totaal;Totaal;2003;1585927;780880;805047
1;Totaal;Totaal;Totaal;2004;1602730;785050;817680
2;Totaal;Totaal;Totaal;2005;1606664;781740;824924
3;Totaal;Totaal;Totaal;2006;1604259;775859;828400
4;Totaal;Totaal;Totaal;2007;1601194;770945;830249
5;Totaal;Totaal;Totaal;2008;1619314;778721;840593
6;Totaal;Totaal;Totaal;2009;1661505;800363;861142
7;Totaal;Totaal;Totaal;2010;1699750;818390;881360
8;Totaal;Totaal;Totaal;2011;1735217;832688;902529
9;Totaal;Totaal;Totaal;2012;1772204;849200;923004
10;Totaal;Totaal;Totaal;2013;1793189;856153;937036
11;Totaal;Totaal;Totaal;2014;1818497;866848;951649
12;Totaal;Totaal;Totaal;2015;1860977;887552;973425
13;Totaal;Totaal;Totaal;2016;1920877;918539;1002338
14;Totaal;Totaal;Totaal;2017;2001175;961366;1039809
15;Totaal;Totaal;Totaal;2018;2079329;998369;1080960
16;Totaal;Totaal;Minder dan 1 jaar;2003;103416;54588;48828
17;Totaal;Totaal;Minder dan 1 jaar;2004;89782;46663;43119
18;Totaal;Totaal;Minder dan 1 jaar;2005;81850;42151;39699
19;Totaal;Totaal;Minder dan 1 jaar;2006;79764;41849;37915
20;Totaal;Totaal;Minder dan 1 jaar;2007;85737;46147;39590
21;Totaal;Totaal;Minder dan 1 jaar;2008;100304;55067;45237
22;Totaal;Totaal;Minder dan 1 jaar;2009;123206;68114;55092
23;Totaal;Totaal;Minder dan 1 jaar;2010;123503;66882;56621
24;Totaal;Totaal;Minder dan 1 jaar;2011;126964;67199;59765
25;Totaal;Totaal;Minder dan 1 jaar;2012;133607;70746;62861
26;Totaal;Totaal;Minder dan 1 jaar;2013;127784;67114;60670
27;Totaal;Totaal;Minder dan 1 jaar;2014;133014;69825;63189
28;Totaal;Totaal;Minder dan 1 jaar;2015;148568;79203;69365
29;Totaal;Totaal;Minder dan 1 jaar;2016;167680;89830;77850
30;Totaal;Totaal;Minder dan 1 jaar;2017;189602;102362;87240
31;Totaal;Totaal;Minder dan 1 jaar;2018;191139;98618;92521
32;Totaal;Totaal;1 jaar;2003;99831;52832;46999
33;Totaal;Totaal;1 jaar;2004;90506;46891;43615
34;Totaal;Totaal;1 jaar;2005;77058;38926;38132
35;Totaal;Totaal;1 jaar;2006;68644;34635;34009
36;Totaal;Totaal;1 jaar;2007;65115;33399;31716
37;Totaal;Totaal;1 jaar;2008;69625;36639;32986
38;Totaal;Totaal;1 jaar;2009;81225;43906;37319
39;Totaal;Totaal;1 jaar;2010;98716;53849;44867
40;Totaal;Totaal;1 jaar;2011;98614;52316;46298
41;Totaal;Totaal;1 jaar;2012;99682;52010;47672
42;Totaal;Totaal;1 jaar;2013;102170;53259;48911
43;Totaal;Totaal;1 jaar;2014;96828;50392;46436
44;Totaal;Totaal;1 jaar;2015;102511;53254;49257
45;Totaal;Totaal;1 jaar;2016;115966;61545;54421
46;Totaal;Totaal;1 jaar;2017;134991;72326;62665
47;Totaal;Totaal;1 jaar;2018;153395;83025;70370
48;Totaal;Totaal;2 jaar;2003;89982;46637;43345
49;Totaal;Totaal;2 jaar;2004;87504;45531;41973
50;Totaal;Totaal;2 jaar;2005;78535;39753;38782
51;Totaal;Totaal;2 jaar;2006;66546;32776;33770
52;Totaal;Totaal;2 jaar;2007;58222;28504;29718
53;Totaal;Totaal;2 jaar;2008;55443;27585;27858
54;Totaal;Totaal;2 jaar;2009;59075;30294;28781
55;Totaal;Totaal;2 jaar;2010;68738;36455;32283
56;Totaal;Totaal;2 jaar;2011;83181;44504;38677
57;Totaal;Totaal;2 jaar;2012;82905;43082;39823
58;Totaal;Totaal;2 jaar;2013;82572;41998;40574
59;Totaal;Totaal;2 jaar;2014;84875;43438;41437
60;Totaal;Totaal;2 jaar;2015;80307;41073;39234
61;Totaal;Totaal;2 jaar;2016;86428;44132;42296
62;Totaal;Totaal;2 jaar;2017;98508;51887;46621
63;Totaal;Totaal;2 jaar;2018;116112;61741;54371
64;Totaal;Totaal;3 jaar;2003;70122;35552;34570
65;Totaal;Totaal;3 jaar;2004;81327;41456;39871
66;Totaal;Totaal;3 jaar;2005;78240;39935;38305
67;Totaal;Totaal;3 jaar;2006;69397;34147;35250
68;Totaal;Totaal;3 jaar;2007;58460;28079;30381
69;Totaal;Totaal;3 jaar;2008;51363;24602;26761
70;Totaal;Totaal;3 jaar;2009;48989;23818;25171
71;Totaal;Totaal;3 jaar;2010;51842;26132;25710
72;Totaal;Totaal;3 jaar;2011;60284;31464;28820
73;Totaal;Totaal;3 jaar;2012;72773;38372;34401
74;Totaal;Totaal;3 jaar;2013;72290;36967;35323
75;Totaal;Totaal;3 jaar;2014;72050;36220;35830
76;Totaal;Totaal;3 jaar;2015;74389;37542;36847
77;Totaal;Totaal;3 jaar;2016;69880;35389;34491
78;Totaal;Totaal;3 jaar;2017;76162;38555;37607
79;Totaal;Totaal;3 jaar;2018;87298;45744;41554
80;Totaal;Totaal;4 jaar;2003;67073;33686;33387
81;Totaal;Totaal;4 jaar;2004;64765;32381;32384
82;Totaal;Totaal;4 jaar;2005;74401;37374;37027
83;Totaal;Totaal;4 jaar;2006;71059;35540;35519
84;Totaal;Totaal;4 jaar;2007;61744;29720;32024
85;Totaal;Totaal;4 jaar;2008;52992;24931;28061
86;Totaal;Totaal;4 jaar;2009;46720;21942;24778
87;Totaal;Totaal;4 jaar;2010;44359;21225;23134
88;Totaal;Totaal;4 jaar;2011;46546;23056;23490
89;Totaal;Totaal;4 jaar;2012;54399;28042;26357
90;Totaal;Totaal;4 jaar;2013;65138;33949;31189
91;Totaal;Totaal;4 jaar;2014;64900;32902;31998
92;Totaal;Totaal;4 jaar;2015;64935;32309;32626
93;Totaal;Totaal;4 jaar;2016;67184;33621;33563
94;Totaal;Totaal;4 jaar;2017;62751;31486;31265
95;Totaal;Totaal;4 jaar;2018;69009;34631;34378
96;Totaal;Totaal;5 jaar;2003;58186;29221;28965
97;Totaal;Totaal;5 jaar;2004;62661;31024;31637
98;Totaal;Totaal;5 jaar;2005;60191;29723;30468
99;Totaal;Totaal;5 jaar;2006;68735;34040;34695
100;Totaal;Totaal;5 jaar;2007;64556;31694;32862
101;Totaal;Totaal;5 jaar;2008;56489;26741;29748
102;Totaal;Totaal;5 jaar;2009;49184;22773;26411
103;Totaal;Totaal;5 jaar;2010;43476;20106;23370
104;Totaal;Totaal;5 jaar;2011;40839;19256;21583
105;Totaal;Totaal;5 jaar;2012;42721;20939;21782
106;Totaal;Totaal;5 jaar;2013;49648;25313;24335
107;Totaal;Totaal;5 jaar;2014;59759;30951;28808
108;Totaal;Totaal;5 jaar;2015;59834;30101;29733
109;Totaal;Totaal;5 jaar;2016;59970;29572;30398
110;Totaal;Totaal;5 jaar;2017;61959;30694;31265
111;Totaal;Totaal;5 jaar;2018;57989;28878;29111
112;Totaal;Totaal;6 jaar;2003;55103;27217;27886
113;Totaal;Totaal;6 jaar;2004;55017;27341;27676
114;Totaal;Totaal;6 jaar;2005;58950;28862;30088
115;Totaal;Totaal;6 jaar;2006;56236;27490;28746
116;Totaal;Totaal;6 jaar;2007;63404;30936;32468
117;Totaal;Totaal;6 jaar;2008;60291;29217;31074
118;Totaal;Totaal;6 jaar;2009;52882;24686;28196
119;Totaal;Totaal;6 jaar;2010;46349;21218;25131
120;Totaal;Totaal;6 jaar;2011;40709;18483;22226
121;Totaal;Totaal;6 jaar;2012;38090;17734;20356
122;Totaal;Totaal;6 jaar;2013;39503;19115;20388
123;Totaal;Totaal;6 jaar;2014;46047;23282;22765
124;Totaal;Totaal;6 jaar;2015;55927;28719;27208
125;Totaal;Totaal;6 jaar;2016;55916;27883;28033
126;Totaal;Totaal;6 jaar;2017;55901;27279;28622
127;Totaal;Totaal;6 jaar;2018;58238;28608;29630
128;Totaal;Totaal;7 jaar;2003;46193;23593;22600
129;Totaal;Totaal;7 jaar;2004;52596;25792;26804
130;Totaal;Totaal;7 jaar;2005;52234;25740;26494
131;Totaal;Totaal;7 jaar;2006;55493;26846;28647
132;Totaal;Totaal;7 jaar;2007;52573;25456;27117
133;Totaal;Totaal;7 jaar;2008;59728;28843;30885
134;Totaal;Totaal;7 jaar;2009;57128;27395;29733
135;Totaal;Totaal;7 jaar;2010;50114;23085;27029
136;Totaal;Totaal;7 jaar;2011;43813;19830;23983
137;Totaal;Totaal;7 jaar;2012;38691;17395;21296
138;Totaal;Totaal;7 jaar;2013;35738;16401;19337
139;Totaal;Totaal;7 jaar;2014;36945;17700;19245
140;Totaal;Totaal;7 jaar;2015;43429;21752;21677
141;Totaal;Totaal;7 jaar;2016;52706;26893;25813
142;Totaal;Totaal;7 jaar;2017;52525;25919;26606
143;Totaal;Totaal;7 jaar;2018;52893;25621;27272
144;Totaal;Totaal;8 jaar;2003;43091;21991;21100
145;Totaal;Totaal;8 jaar;2004;44361;22513;21848
146;Totaal;Totaal;8 jaar;2005;50260;24452;25808
147;Totaal;Totaal;8 jaar;2006;49387;24103;25284
148;Totaal;Totaal;8 jaar;2007;52053;24856;27197
149;Totaal;Totaal;8 jaar;2008;49763;23854;25909
150;Totaal;Totaal;8 jaar;2009;56875;27206;29669
151;Totaal;Totaal;8 jaar;2010;54684;26012;28672
152;Totaal;Totaal;8 jaar;2011;47660;21668;25992
153;Totaal;Totaal;8 jaar;2012;41864;18763;23101
154;Totaal;Totaal;8 jaar;2013;36785;16392;20393
155;Totaal;Totaal;8 jaar;2014;33831;15383;18448
156;Totaal;Totaal;8 jaar;2015;35064;16653;18411
157;Totaal;Totaal;8 jaar;2016;41470;20599;20871
158;Totaal;Totaal;8 jaar;2017;50175;25473;24702
159;Totaal;Totaal;8 jaar;2018;50114;24537;25577
160;Totaal;Totaal;9 jaar;2003;51922;25747;26175
161;Totaal;Totaal;9 jaar;2004;41427;20993;20434
162;Totaal;Totaal;9 jaar;2005;42572;21456;21116
163;Totaal;Totaal;9 jaar;2006;48015;23166;24849
164;Totaal;Totaal;9 jaar;2007;46780;22564;24216
165;Totaal;Totaal;9 jaar;2008;49602;23462;26140
166;Totaal;Totaal;9 jaar;2009;47651;22664;24987
167;Totaal;Totaal;9 jaar;2010;54769;26007;28762
168;Totaal;Totaal;9 jaar;2011;52498;24779;27719
169;Totaal;Totaal;9 jaar;2012;45741;20634;25107
170;Totaal;Totaal;9 jaar;2013;40190;17878;22312
171;Totaal;Totaal;9 jaar;2014;35149;15526;19623
172;Totaal;Totaal;9 jaar;2015;32343;14592;17751
173;Totaal;Totaal;9 jaar;2016;33575;15826;17749
174;Totaal;Totaal;9 jaar;2017;39733;19589;20144
175;Totaal;Totaal;9 jaar;2018;48187;24301;23886
176;Totaal;Totaal;10 jaar;2003;46205;22682;23523
177;Totaal;Totaal;10 jaar;2004;50308;24777;25531
178;Totaal;Totaal;10 jaar;2005;39803;20050;19753
179;Totaal;Totaal;10 jaar;2006;40890;20453;20437
180;Totaal;Totaal;10 jaar;2007;45843;21912;23931
181;Totaal;Totaal;10 jaar;2008;44797;21396;23401
182;Totaal;Totaal;10 jaar;2009;47569;22332;25237
183;Totaal;Totaal;10 jaar;2010;45909;21738;24171
184;Totaal;Totaal;10 jaar;2011;52865;24960;27905
185;Totaal;Totaal;10 jaar;2012;50562;23705;26857
186;Totaal;Totaal;10 jaar;2013;43906;19632;24274
187;Totaal;Totaal;10 jaar;2014;38643;17067;21576
188;Totaal;Totaal;10 jaar;2015;33821;14800;19021
189;Totaal;Totaal;10 jaar;2016;31162;13965;17197
190;Totaal;Totaal;10 jaar;2017;32307;15117;17190
191;Totaal;Totaal;10 jaar;2018;38403;18802;19601
192;Totaal;Totaal;11 jaar;2003;44707;22144;22563
193;Totaal;Totaal;11 jaar;2004;44981;21964;23017
194;Totaal;Totaal;11 jaar;2005;48529;23759;24770
195;Totaal;Totaal;11 jaar;2006;38347;19180;19167
196;Totaal;Totaal;11 jaar;2007;39138;19432;19706
197;Totaal;Totaal;11 jaar;2008;44096;20898;23198
198;Totaal;Totaal;11 jaar;2009;43218;20509;22709
199;Totaal;Totaal;11 jaar;2010;46026;21449;24577
200;Totaal;Totaal;11 jaar;2011;44334;20805;23529
201;Totaal;Totaal;11 jaar;2012;51127;24016;27111
202;Totaal;Totaal;11 jaar;2013;48819;22734;26085
203;Totaal;Totaal;11 jaar;2014;42376;18800;23576
204;Totaal;Totaal;11 jaar;2015;37404;16416;20988
205;Totaal;Totaal;11 jaar;2016;32780;14232;18548
206;Totaal;Totaal;11 jaar;2017;30168;13429;16739
207;Totaal;Totaal;11 jaar;2018;31317;14540;16777
208;Totaal;Totaal;12 jaar;2003;43672;21719;21953
209;Totaal;Totaal;12 jaar;2004;43660;21496;22164
210;Totaal;Totaal;12 jaar;2005;43746;21245;22501
211;Totaal;Totaal;12 jaar;2006;46919;22811;24108
212;Totaal;Totaal;12 jaar;2007;36785;18242;18543
213;Totaal;Totaal;12 jaar;2008;37904;18709;19195
214;Totaal;Totaal;12 jaar;2009;42625;20050;22575
215;Totaal;Totaal;12 jaar;2010;41920;19746;22174
216;Totaal;Totaal;12 jaar;2011;44601;20636;23965
217;Totaal;Totaal;12 jaar;2012;42945;20032;22913
218;Totaal;Totaal;12 jaar;2013;49477;23072;26405
219;Totaal;Totaal;12 jaar;2014;47225;21839;25386
220;Totaal;Totaal;12 jaar;2015;41108;18121;22987
221;Totaal;Totaal;12 jaar;2016;36340;15866;20474
222;Totaal;Totaal;12 jaar;2017;31876;13756;18120
223;Totaal;Totaal;12 jaar;2018;29387;13005;16382
224;Totaal;Totaal;13 jaar;2003;36652;17970;18682
225;Totaal;Totaal;13 jaar;2004;42736;21125;21611
226;Totaal;Totaal;13 jaar;2005;42570;20815;21755
227;Totaal;Totaal;13 jaar;2006;42480;20490;21990
228;Totaal;Totaal;13 jaar;2007;45266;21832;23434
229;Totaal;Totaal;13 jaar;2008;35581;17503;18078
230;Totaal;Totaal;13 jaar;2009;36856;18060;18796
231;Totaal;Totaal;13 jaar;2010;41502;19393;22109
232;Totaal;Totaal;13 jaar;2011;40682;19034;21648
233;Totaal;Totaal;13 jaar;2012;43381;19971;23410
234;Totaal;Totaal;13 jaar;2013;41644;19279;22365
235;Totaal;Totaal;13 jaar;2014;47998;22263;25735
236;Totaal;Totaal;13 jaar;2015;45888;21086;24802
237;Totaal;Totaal;13 jaar;2016;39946;17449;22497
238;Totaal;Totaal;13 jaar;2017;35486;15418;20068
239;Totaal;Totaal;13 jaar;2018;31176;13352;17824
240;Totaal;Totaal;14 jaar;2003;33439;15828;17611
241;Totaal;Totaal;14 jaar;2004;35895;17501;18394
242;Totaal;Totaal;14 jaar;2005;41740;20504;21236
243;Totaal;Totaal;14 jaar;2006;41388;20097;21291
244;Totaal;Totaal;14 jaar;2007;41296;19792;21504
245;Totaal;Totaal;14 jaar;2008;43915;21044;22871
246;Totaal;Totaal;14 jaar;2009;34542;16876;17666
247;Totaal;Totaal;14 jaar;2010;35955;17516;18439
248;Totaal;Totaal;14 jaar;2011;40479;18795;21684
249;Totaal;Totaal;14 jaar;2012;39664;18471;21193
250;Totaal;Totaal;14 jaar;2013;42191;19282;22909
251;Totaal;Totaal;14 jaar;2014;40416;18564;21852
252;Totaal;Totaal;14 jaar;2015;46701;21518;25183
253;Totaal;Totaal;14 jaar;2016;44709;20447;24262
254;Totaal;Totaal;14 jaar;2017;38927;16927;22000
255;Totaal;Totaal;14 jaar;2018;34785;15052;19733
256;Totaal;Totaal;15 jaar;2003;31934;15058;16876
257;Totaal;Totaal;15 jaar;2004;32802;15455;17347
258;Totaal;Totaal;15 jaar;2005;35080;16990;18090
259;Totaal;Totaal;15 jaar;2006;40710;19907;20803
260;Totaal;Totaal;15 jaar;2007;40215;19394;20821
261;Totaal;Totaal;15 jaar;2008;40281;19178;21103
262;Totaal;Totaal;15 jaar;2009;42894;20421;22473
263;Totaal;Totaal;15 jaar;2010;33874;16510;17364
264;Totaal;Totaal;15 jaar;2011;35117;17000;18117
265;Totaal;Totaal;15 jaar;2012;39506;18225;21281
266;Totaal;Totaal;15 jaar;2013;38549;17842;20707
267;Totaal;Totaal;15 jaar;2014;41020;18620;22400
268;Totaal;Totaal;15 jaar;2015;39370;17983;21387
269;Totaal;Totaal;15 jaar;2016;45521;20860;24661
270;Totaal;Totaal;15 jaar;2017;43702;19846;23856
271;Totaal;Totaal;15 jaar;2018;38058;16446;21612
272;Totaal;Totaal;16 jaar;2003;28756;13202;15554
273;Totaal;Totaal;16 jaar;2004;31348;14708;16640
274;Totaal;Totaal;16 jaar;2005;32204;15103;17101
275;Totaal;Totaal;16 jaar;2006;34276;16506;17770
276;Totaal;Totaal;16 jaar;2007;39634;19249;20385
277;Totaal;Totaal;16 jaar;2008;39234;18805;20429
278;Totaal;Totaal;16 jaar;2009;39396;18663;20733
279;Totaal;Totaal;16 jaar;2010;42111;19955;22156
280;Totaal;Totaal;16 jaar;2011;33178;16119;17059
281;Totaal;Totaal;16 jaar;2012;34296;16510;17786
282;Totaal;Totaal;16 jaar;2013;38597;17707;20890
283;Totaal;Totaal;16 jaar;2014;37613;17320;20293
284;Totaal;Totaal;16 jaar;2015;40008;18080;21928
285;Totaal;Totaal;16 jaar;2016;38446;17467;20979
286;Totaal;Totaal;16 jaar;2017;44566;20325;24241
287;Totaal;Totaal;16 jaar;2018;42870;19364;23506
288;Totaal;Totaal;17 jaar;2003;23736;10741;12995
289;Totaal;Totaal;17 jaar;2004;28256;12900;15356
290;Totaal;Totaal;17 jaar;2005;30765;14356;16409
291;Totaal;Totaal;17 jaar;2006;31533;14714;16819
292;Totaal;Totaal;17 jaar;2007;33394;15975;17419
293;Totaal;Totaal;17 jaar;2008;38676;18662;20014
294;Totaal;Totaal;17 jaar;2009;38404;18326;20078
295;Totaal;Totaal;17 jaar;2010;38767;18280;20487
296;Totaal;Totaal;17 jaar;2011;41276;19467;21809
297;Totaal;Totaal;17 jaar;2012;32456;15709;16747
298;Totaal;Totaal;17 jaar;2013;33526;16048;17478
299;Totaal;Totaal;17 jaar;2014;37761;17234;20527
300;Totaal;Totaal;17 jaar;2015;36736;16842;19894
301;Totaal;Totaal;17 jaar;2016;39110;17599;21511
302;Totaal;Totaal;17 jaar;2017;37677;17072;20605
303;Totaal;Totaal;17 jaar;2018;43745;19870;23875
304;Totaal;Totaal;18 jaar;2003;18775;7798;10977
305;Totaal;Totaal;18 jaar;2004;23318;10502;12816
306;Totaal;Totaal;18 jaar;2005;27735;12592;15143
307;Totaal;Totaal;18 jaar;2006;30090;13945;16145
308;Totaal;Totaal;18 jaar;2007;30765;14268;16497
309;Totaal;Totaal;18 jaar;2008;32647;15519;17128
310;Totaal;Totaal;18 jaar;2009;37884;18186;19698
311;Totaal;Totaal;18 jaar;2010;37773;17924;19849
312;Totaal;Totaal;18 jaar;2011;38042;17890;20152
313;Totaal;Totaal;18 jaar;2012;40444;18974;21470
314;Totaal;Totaal;18 jaar;2013;31800;15350;16450
315;Totaal;Totaal;18 jaar;2014;32812;15625;17187
316;Totaal;Totaal;18 jaar;2015;36948;16785;20163
317;Totaal;Totaal;18 jaar;2016;35986;16420;19566
318;Totaal;Totaal;18 jaar;2017;38350;17153;21197
319;Totaal;Totaal;18 jaar;2018;36973;16686;20287
320;Totaal;Totaal;19 jaar;2003;18304;7411;10893
321;Totaal;Totaal;19 jaar;2004;18483;7626;10857
322;Totaal;Totaal;19 jaar;2005;22881;10244;12637
323;Totaal;Totaal;19 jaar;2006;27174;12240;14934
324;Totaal;Totaal;19 jaar;2007;29394;13565;15829
325;Totaal;Totaal;19 jaar;2008;30144;13899;16245
326;Totaal;Totaal;19 jaar;2009;31979;15128;16851
327;Totaal;Totaal;19 jaar;2010;37351;17819;19532
328;Totaal;Totaal;19 jaar;2011;37050;17502;19548
329;Totaal;Totaal;19 jaar;2012;37330;17474;19856
330;Totaal;Totaal;19 jaar;2013;39639;18509;21130
331;Totaal;Totaal;19 jaar;2014;31095;14935;16160
332;Totaal;Totaal;19 jaar;2015;32131;15236;16895
333;Totaal;Totaal;19 jaar;2016;36234;16375;19859
334;Totaal;Totaal;19 jaar;2017;35353;16079;19274
335;Totaal;Totaal;19 jaar;2018;37688;16797;20891
336;Totaal;Totaal;20 jaar;2003;20194;8519;11675
337;Totaal;Totaal;20 jaar;2004;18005;7238;10767
338;Totaal;Totaal;20 jaar;2005;18144;7448;10696
339;Totaal;Totaal;20 jaar;2006;22397;9952;12445
340;Totaal;Totaal;20 jaar;2007;26567;11896;14671
341;Totaal;Totaal;20 jaar;2008;28733;13187;15546
342;Totaal;Totaal;20 jaar;2009;29553;13522;16031
343;Totaal;Totaal;20 jaar;2010;31485;14831;16654
344;Totaal;Totaal;20 jaar;2011;36730;17448;19282
345;Totaal;Totaal;20 jaar;2012;36424;17161;19263
346;Totaal;Totaal;20 jaar;2013;36616;17031;19585
347;Totaal;Totaal;20 jaar;2014;38965;18118;20847
348;Totaal;Totaal;20 jaar;2015;30514;14579;15935
349;Totaal;Totaal;20 jaar;2016;31530;14897;16633
350;Totaal;Totaal;20 jaar;2017;35591;15996;19595
351;Totaal;Totaal;20 jaar;2018;34758;15762;18996
352;Totaal;Totaal;21 jaar;2003;24830;11325;13505
353;Totaal;Totaal;21 jaar;2004;19912;8354;11558
354;Totaal;Totaal;21 jaar;2005;17708;7073;10635
355;Totaal;Totaal;21 jaar;2006;17791;7249;10542
356;Totaal;Totaal;21 jaar;2007;21893;9663;12230
357;Totaal;Totaal;21 jaar;2008;26031;11580;14451
358;Totaal;Totaal;21 jaar;2009;28179;12882;15297
359;Totaal;Totaal;21 jaar;2010;29185;13304;15881
360;Totaal;Totaal;21 jaar;2011;30964;14512;16452
361;Totaal;Totaal;21 jaar;2012;36088;17095;18993
362;Totaal;Totaal;21 jaar;2013;35784;16798;18986
363;Totaal;Totaal;21 jaar;2014;35982;16672;19310
364;Totaal;Totaal;21 jaar;2015;38246;17690;20556
365;Totaal;Totaal;21 jaar;2016;29968;14268;15700
366;Totaal;Totaal;21 jaar;2017;30984;14591;16393
367;Totaal;Totaal;21 jaar;2018;35071;15708;19363
368;Totaal;Totaal;22 jaar;2003;43378;20792;22586
369;Totaal;Totaal;22 jaar;2004;24478;11107;13371
370;Totaal;Totaal;22 jaar;2005;19618;8180;11438
371;Totaal;Totaal;22 jaar;2006;17396;6920;10476
372;Totaal;Totaal;22 jaar;2007;17403;7032;10371
373;Totaal;Totaal;22 jaar;2008;21481;9430;12051
374;Totaal;Totaal;22 jaar;2009;25574;11314;14260
375;Totaal;Totaal;22 jaar;2010;27799;12634;15165
376;Totaal;Totaal;22 jaar;2011;28714;13026;15688
377;Totaal;Totaal;22 jaar;2012;30410;14174;16236
378;Totaal;Totaal;22 jaar;2013;35464;16722;18742
379;Totaal;Totaal;22 jaar;2014;35187;16445;18742
380;Totaal;Totaal;22 jaar;2015;35367;16320;19047
381;Totaal;Totaal;22 jaar;2016;37575;17309;20266
382;Totaal;Totaal;22 jaar;2017;29479;13984;15495
383;Totaal;Totaal;22 jaar;2018;30542;14342;16200
384;Totaal;Totaal;23 jaar;2003;39289;18971;20318
385;Totaal;Totaal;23 jaar;2004;42798;20403;22395
386;Totaal;Totaal;23 jaar;2005;24117;10894;13223
387;Totaal;Totaal;23 jaar;2006;19271;7978;11293
388;Totaal;Totaal;23 jaar;2007;17047;6738;10309
389;Totaal;Totaal;23 jaar;2008;17050;6850;10200
390;Totaal;Totaal;23 jaar;2009;21118;9211;11907
391;Totaal;Totaal;23 jaar;2010;25284;11149;14135
392;Totaal;Totaal;23 jaar;2011;27404;12392;15012
393;Totaal;Totaal;23 jaar;2012;28242;12784;15458
394;Totaal;Totaal;23 jaar;2013;29897;13880;16017
395;Totaal;Totaal;23 jaar;2014;34865;16366;18499
396;Totaal;Totaal;23 jaar;2015;34555;16097;18458
397;Totaal;Totaal;23 jaar;2016;34841;16053;18788
398;Totaal;Totaal;23 jaar;2017;37037;16987;20050
399;Totaal;Totaal;23 jaar;2018;29050;13738;15312
400;Totaal;Totaal;24 jaar;2003;27811;12883;14928
401;Totaal;Totaal;24 jaar;2004;38806;18663;20143
402;Totaal;Totaal;24 jaar;2005;42247;20073;22174
403;Totaal;Totaal;24 jaar;2006;23752;10677;13075
404;Totaal;Totaal;24 jaar;2007;18958;7790;11168
405;Totaal;Totaal;24 jaar;2008;16711;6557;10154
406;Totaal;Totaal;24 jaar;2009;16797;6716;10081
407;Totaal;Totaal;24 jaar;2010;20880;9065;11815
408;Totaal;Totaal;24 jaar;2011;24928;10947;13981
409;Totaal;Totaal;24 jaar;2012;26956;12161;14795
410;Totaal;Totaal;24 jaar;2013;27771;12511;15260
411;Totaal;Totaal;24 jaar;2014;29389;13607;15782
412;Totaal;Totaal;24 jaar;2015;34246;15993;18253
413;Totaal;Totaal;24 jaar;2016;34012;15801;18211
414;Totaal;Totaal;24 jaar;2017;34349;15796;18553
415;Totaal;Totaal;24 jaar;2018;36529;16692;19837
416;Totaal;Totaal;25 jaar;2003;23558;10384;13174
417;Totaal;Totaal;25 jaar;2004;27438;12651;14787
418;Totaal;Totaal;25 jaar;2005;38308;18347;19961
419;Totaal;Totaal;25 jaar;2006;41649;19704;21945
420;Totaal;Totaal;25 jaar;2007;23348;10453;12895
421;Totaal;Totaal;25 jaar;2008;18635;7608;11027
422;Totaal;Totaal;25 jaar;2009;16454;6409;10045
423;Totaal;Totaal;25 jaar;2010;16625;6618;10007
424;Totaal;Totaal;25 jaar;2011;20590;8898;11692
425;Totaal;Totaal;25 jaar;2012;24539;10732;13807
426;Totaal;Totaal;25 jaar;2013;26500;11909;14591
427;Totaal;Totaal;25 jaar;2014;27323;12259;15064
428;Totaal;Totaal;25 jaar;2015;28894;13320;15574
429;Totaal;Totaal;25 jaar;2016;33741;15710;18031
430;Totaal;Totaal;25 jaar;2017;33553;15549;18004
431;Totaal;Totaal;25 jaar;2018;33873;15534;18339
432;Totaal;Totaal;26 jaar;2003;24050;11106;12944
433;Totaal;Totaal;26 jaar;2004;23241;10199;13042
434;Totaal;Totaal;26 jaar;2005;27082;12441;14641
435;Totaal;Totaal;26 jaar;2006;37777;18006;19771
436;Totaal;Totaal;26 jaar;2007;41045;19327;21718
437;Totaal;Totaal;26 jaar;2008;22988;10248;12740
438;Totaal;Totaal;26 jaar;2009;18379;7479;10900
439;Totaal;Totaal;26 jaar;2010;16274;6309;9965
440;Totaal;Totaal;26 jaar;2011;16396;6488;9908
441;Totaal;Totaal;26 jaar;2012;20278;8746;11532
442;Totaal;Totaal;26 jaar;2013;24211;10547;13664
443;Totaal;Totaal;26 jaar;2014;26092;11696;14396
444;Totaal;Totaal;26 jaar;2015;26874;12026;14848
445;Totaal;Totaal;26 jaar;2016;28456;13084;15372
446;Totaal;Totaal;26 jaar;2017;33292;15473;17819
447;Totaal;Totaal;26 jaar;2018;33111;15306;17805
448;Totaal;Totaal;27 jaar;2003;48040;25114;22926
449;Totaal;Totaal;27 jaar;2004;23748;10921;12827
450;Totaal;Totaal;27 jaar;2005;22939;10028;12911
451;Totaal;Totaal;27 jaar;2006;26679;12185;14494
452;Totaal;Totaal;27 jaar;2007;37182;17633;19549
453;Totaal;Totaal;27 jaar;2008;40437;18952;21485
454;Totaal;Totaal;27 jaar;2009;22683;10080;12603
455;Totaal;Totaal;27 jaar;2010;18230;7397;10833
456;Totaal;Totaal;27 jaar;2011;16033;6181;9852
457;Totaal;Totaal;27 jaar;2012;16163;6361;9802
458;Totaal;Totaal;27 jaar;2013;19987;8584;11403
459;Totaal;Totaal;27 jaar;2014;23844;10342;13502
460;Totaal;Totaal;27 jaar;2015;25650;11462;14188
461;Totaal;Totaal;27 jaar;2016;26470;11820;14650
462;Totaal;Totaal;27 jaar;2017;28095;12874;15221
463;Totaal;Totaal;27 jaar;2018;32901;15255;17646
464;Totaal;Totaal;28 jaar;2003;27519;12725;14794
465;Totaal;Totaal;28 jaar;2004;47363;24674;22689
466;Totaal;Totaal;28 jaar;2005;23405;10703;12702
467;Totaal;Totaal;28 jaar;2006;22602;9845;12757
468;Totaal;Totaal;28 jaar;2007;26257;11932;14325
469;Totaal;Totaal;28 jaar;2008;36625;17290;19335
470;Totaal;Totaal;28 jaar;2009;39856;18601;21255
471;Totaal;Totaal;28 jaar;2010;22466;9949;12517
472;Totaal;Totaal;28 jaar;2011;17993;7280;10713
473;Totaal;Totaal;28 jaar;2012;15808;6066;9742
474;Totaal;Totaal;28 jaar;2013;15956;6271;9685
475;Totaal;Totaal;28 jaar;2014;19704;8432;11272
476;Totaal;Totaal;28 jaar;2015;23505;10159;13346
477;Totaal;Totaal;28 jaar;2016;25246;11250;13996
478;Totaal;Totaal;28 jaar;2017;26125;11650;14475
479;Totaal;Totaal;28 jaar;2018;27728;12658;15070
480;Totaal;Totaal;29 jaar;2003;21545;10117;11428
481;Totaal;Totaal;29 jaar;2004;27146;12477;14669
482;Totaal;Totaal;29 jaar;2005;46665;24220;22445
483;Totaal;Totaal;29 jaar;2006;23034;10467;12567
484;Totaal;Totaal;29 jaar;2007;22236;9652;12584
485;Totaal;Totaal;29 jaar;2008;25873;11704;14169
486;Totaal;Totaal;29 jaar;2009;36112;16983;19129
487;Totaal;Totaal;29 jaar;2010;39432;18318;21114
488;Totaal;Totaal;29 jaar;2011;22200;9800;12400
489;Totaal;Totaal;29 jaar;2012;17742;7158;10584
490;Totaal;Totaal;29 jaar;2013;15606;5957;9649
491;Totaal;Totaal;29 jaar;2014;15756;6167;9589
492;Totaal;Totaal;29 jaar;2015;19418;8279;11139
493;Totaal;Totaal;29 jaar;2016;23162;9970;13192
494;Totaal;Totaal;29 jaar;2017;24913;11065;13848
495;Totaal;Totaal;29 jaar;2018;25817;11471;14346
496;Totaal;Totaal;30 jaar;2003;17741;7941;9800
497;Totaal;Totaal;30 jaar;2004;21220;9896;11324
498;Totaal;Totaal;30 jaar;2005;26746;12221;14525
499;Totaal;Totaal;30 jaar;2006;45943;23734;22209
500;Totaal;Totaal;30 jaar;2007;22691;10271;12420
501;Totaal;Totaal;30 jaar;2008;21901;9464;12437
502;Totaal;Totaal;30 jaar;2009;25522;11510;14012
503;Totaal;Totaal;30 jaar;2010;35783;16783;19000
504;Totaal;Totaal;30 jaar;2011;38963;18041;20922
505;Totaal;Totaal;30 jaar;2012;21914;9636;12278
506;Totaal;Totaal;30 jaar;2013;17518;7028;10490
507;Totaal;Totaal;30 jaar;2014;15402;5853;9549
508;Totaal;Totaal;30 jaar;2015;15558;6071;9487
509;Totaal;Totaal;30 jaar;2016;19127;8116;11011
510;Totaal;Totaal;30 jaar;2017;22858;9818;13040
511;Totaal;Totaal;30 jaar;2018;24595;10893;13702
512;Totaal;Totaal;31 jaar;2003;20454;11087;9367
513;Totaal;Totaal;31 jaar;2004;17516;7821;9695
514;Totaal;Totaal;31 jaar;2005;20909;9711;11198
515;Totaal;Totaal;31 jaar;2006;26343;11987;14356
516;Totaal;Totaal;31 jaar;2007;45170;23236;21934
517;Totaal;Totaal;31 jaar;2008;22339;10057;12282
518;Totaal;Totaal;31 jaar;2009;21589;9306;12283
519;Totaal;Totaal;31 jaar;2010;25266;11357;13909
520;Totaal;Totaal;31 jaar;2011;35362;16537;18825
521;Totaal;Totaal;31 jaar;2012;38512;17776;20736
522;Totaal;Totaal;31 jaar;2013;21659;9500;12159
523;Totaal;Totaal;31 jaar;2014;17275;6918;10357
524;Totaal;Totaal;31 jaar;2015;15187;5746;9441
525;Totaal;Totaal;31 jaar;2016;15321;5957;9364
526;Totaal;Totaal;31 jaar;2017;18881;7993;10888
527;Totaal;Totaal;31 jaar;2018;22560;9663;12897
528;Totaal;Totaal;32 jaar;2003;19126;11491;7635
529;Totaal;Totaal;32 jaar;2004;20119;10870;9249
530;Totaal;Totaal;32 jaar;2005;17241;7660;9581
531;Totaal;Totaal;32 jaar;2006;20584;9516;11068
532;Totaal;Totaal;32 jaar;2007;25888;11709;14179
533;Totaal;Totaal;32 jaar;2008;44528;22818;21710
534;Totaal;Totaal;32 jaar;2009;22045;9886;12159
535;Totaal;Totaal;32 jaar;2010;21398;9194;12204
536;Totaal;Totaal;32 jaar;2011;24966;11192;13774
537;Totaal;Totaal;32 jaar;2012;34924;16322;18602
538;Totaal;Totaal;32 jaar;2013;38038;17519;20519
539;Totaal;Totaal;32 jaar;2014;21409;9363;12046
540;Totaal;Totaal;32 jaar;2015;17033;6785;10248
541;Totaal;Totaal;32 jaar;2016;14982;5651;9331
542;Totaal;Totaal;32 jaar;2017;15133;5862;9271
543;Totaal;Totaal;32 jaar;2018;18628;7861;10767
544;Totaal;Totaal;33 jaar;2003;14503;8559;5944
545;Totaal;Totaal;33 jaar;2004;18835;11283;7552
546;Totaal;Totaal;33 jaar;2005;19787;10657;9130
547;Totaal;Totaal;33 jaar;2006;16959;7492;9467
548;Totaal;Totaal;33 jaar;2007;20209;9309;10900
549;Totaal;Totaal;33 jaar;2008;25445;11451;13994
550;Totaal;Totaal;33 jaar;2009;43853;22382;21471
551;Totaal;Totaal;33 jaar;2010;21815;9762;12053
552;Totaal;Totaal;33 jaar;2011;21125;9046;12079
553;Totaal;Totaal;33 jaar;2012;24651;11021;13630
554;Totaal;Totaal;33 jaar;2013;34502;16093;18409
555;Totaal;Totaal;33 jaar;2014;37582;17263;20319
556;Totaal;Totaal;33 jaar;2015;21109;9208;11901
557;Totaal;Totaal;33 jaar;2016;16797;6665;10132
558;Totaal;Totaal;33 jaar;2017;14777;5565;9212
559;Totaal;Totaal;33 jaar;2018;14952;5778;9174
560;Totaal;Totaal;34 jaar;2003;11024;6196;4828
561;Totaal;Totaal;34 jaar;2004;14278;8408;5870
562;Totaal;Totaal;34 jaar;2005;18480;11046;7434
563;Totaal;Totaal;34 jaar;2006;19405;10408;8997
564;Totaal;Totaal;34 jaar;2007;16668;7332;9336
565;Totaal;Totaal;34 jaar;2008;19889;9134;10755
566;Totaal;Totaal;34 jaar;2009;25061;11244;13817
567;Totaal;Totaal;34 jaar;2010;43331;22017;21314
568;Totaal;Totaal;34 jaar;2011;21511;9579;11932
569;Totaal;Totaal;34 jaar;2012;20846;8895;11951
570;Totaal;Totaal;34 jaar;2013;24362;10854;13508
571;Totaal;Totaal;34 jaar;2014;34045;15818;18227
572;Totaal;Totaal;34 jaar;2015;37053;16976;20077
573;Totaal;Totaal;34 jaar;2016;20813;9064;11749
574;Totaal;Totaal;34 jaar;2017;16585;6565;10020
575;Totaal;Totaal;34 jaar;2018;14604;5485;9119
576;Totaal;Totaal;35 jaar;2003;8050;4048;4002
577;Totaal;Totaal;35 jaar;2004;10818;6061;4757
578;Totaal;Totaal;35 jaar;2005;14056;8255;5801
579;Totaal;Totaal;35 jaar;2006;18090;10778;7312
580;Totaal;Totaal;35 jaar;2007;19037;10180;8857
581;Totaal;Totaal;35 jaar;2008;16405;7200;9205
582;Totaal;Totaal;35 jaar;2009;19543;8934;10609
583;Totaal;Totaal;35 jaar;2010;24798;11086;13712
584;Totaal;Totaal;35 jaar;2011;42708;21608;21100
585;Totaal;Totaal;35 jaar;2012;21233;9430;11803
586;Totaal;Totaal;35 jaar;2013;20544;8752;11792
587;Totaal;Totaal;35 jaar;2014;24089;10703;13386
588;Totaal;Totaal;35 jaar;2015;33563;15537;18026
589;Totaal;Totaal;35 jaar;2016;36562;16727;19835
590;Totaal;Totaal;35 jaar;2017;20540;8926;11614
591;Totaal;Totaal;35 jaar;2018;16391;6485;9906
592;Totaal;Totaal;36 jaar;2003;13031;8430;4601
593;Totaal;Totaal;36 jaar;2004;7920;3975;3945
594;Totaal;Totaal;36 jaar;2005;10628;5934;4694
595;Totaal;Totaal;36 jaar;2006;13764;8054;5710
596;Totaal;Totaal;36 jaar;2007;17711;10515;7196
597;Totaal;Totaal;36 jaar;2008;18686;9940;8746
598;Totaal;Totaal;36 jaar;2009;16114;7043;9071
599;Totaal;Totaal;36 jaar;2010;19302;8792;10510
600;Totaal;Totaal;36 jaar;2011;24446;10891;13555
601;Totaal;Totaal;36 jaar;2012;42144;21263;20881
602;Totaal;Totaal;36 jaar;2013;20929;9251;11678
603;Totaal;Totaal;36 jaar;2014;20291;8615;11676
604;Totaal;Totaal;36 jaar;2015;23742;10506;13236
605;Totaal;Totaal;36 jaar;2016;33091;15303;17788
606;Totaal;Totaal;36 jaar;2017;36078;16481;19597
607;Totaal;Totaal;36 jaar;2018;20293;8816;11477
608;Totaal;Totaal;37 jaar;2003;11142;6690;4452
609;Totaal;Totaal;37 jaar;2004;12780;8240;4540
610;Totaal;Totaal;37 jaar;2005;7762;3892;3870
611;Totaal;Totaal;37 jaar;2006;10400;5785;4615
612;Totaal;Totaal;37 jaar;2007;13496;7862;5634
613;Totaal;Totaal;37 jaar;2008;17358;10272;7086
614;Totaal;Totaal;37 jaar;2009;18332;9731;8601
615;Totaal;Totaal;37 jaar;2010;15894;6933;8961
616;Totaal;Totaal;37 jaar;2011;19012;8619;10393
617;Totaal;Totaal;37 jaar;2012;24102;10706;13396
618;Totaal;Totaal;37 jaar;2013;41544;20878;20666
619;Totaal;Totaal;37 jaar;2014;20616;9065;11551
620;Totaal;Totaal;37 jaar;2015;19977;8459;11518
621;Totaal;Totaal;37 jaar;2016;23417;10337;13080
622;Totaal;Totaal;37 jaar;2017;32665;15057;17608
623;Totaal;Totaal;37 jaar;2018;35636;16244;19392
624;Totaal;Totaal;38 jaar;2003;8171;4668;3503
625;Totaal;Totaal;38 jaar;2004;10932;6554;4378
626;Totaal;Totaal;38 jaar;2005;12499;8030;4469
627;Totaal;Totaal;38 jaar;2006;7626;3819;3807
628;Totaal;Totaal;38 jaar;2007;10168;5634;4534
629;Totaal;Totaal;38 jaar;2008;13236;7687;5549
630;Totaal;Totaal;38 jaar;2009;17027;10025;7002
631;Totaal;Totaal;38 jaar;2010;18059;9527;8532
632;Totaal;Totaal;38 jaar;2011;15664;6796;8868
633;Totaal;Totaal;38 jaar;2012;18724;8465;10259
634;Totaal;Totaal;38 jaar;2013;23723;10500;13223
635;Totaal;Totaal;38 jaar;2014;40920;20506;20414
636;Totaal;Totaal;38 jaar;2015;20300;8921;11379
637;Totaal;Totaal;38 jaar;2016;19685;8317;11368
638;Totaal;Totaal;38 jaar;2017;23090;10177;12913
639;Totaal;Totaal;38 jaar;2018;32253;14826;17427
640;Totaal;Totaal;39 jaar;2003;5576;2853;2723
641;Totaal;Totaal;39 jaar;2004;8029;4577;3452
642;Totaal;Totaal;39 jaar;2005;10710;6403;4307
643;Totaal;Totaal;39 jaar;2006;12253;7851;4402
644;Totaal;Totaal;39 jaar;2007;7481;3754;3727
645;Totaal;Totaal;39 jaar;2008;9950;5487;4463
646;Totaal;Totaal;39 jaar;2009;12937;7482;5455
647;Totaal;Totaal;39 jaar;2010;16806;9857;6949
648;Totaal;Totaal;39 jaar;2011;17733;9315;8418
649;Totaal;Totaal;39 jaar;2012;15414;6676;8738
650;Totaal;Totaal;39 jaar;2013;18418;8296;10122
651;Totaal;Totaal;39 jaar;2014;23376;10311;13065
652;Totaal;Totaal;39 jaar;2015;40219;20064;20155
653;Totaal;Totaal;39 jaar;2016;19940;8723;11217
654;Totaal;Totaal;39 jaar;2017;19389;8184;11205
655;Totaal;Totaal;39 jaar;2018;22774;9994;12780
656;Totaal;Totaal;40 jaar;2003;11494;5729;5765
657;Totaal;Totaal;40 jaar;2004;5467;2786;2681
658;Totaal;Totaal;40 jaar;2005;7866;4472;3394
659;Totaal;Totaal;40 jaar;2006;10459;6224;4235
660;Totaal;Totaal;40 jaar;2007;11946;7626;4320
661;Totaal;Totaal;40 jaar;2008;7333;3674;3659
662;Totaal;Totaal;40 jaar;2009;9744;5369;4375
663;Totaal;Totaal;40 jaar;2010;12748;7339;5409
664;Totaal;Totaal;40 jaar;2011;16451;9613;6838
665;Totaal;Totaal;40 jaar;2012;17394;9100;8294
666;Totaal;Totaal;40 jaar;2013;15168;6540;8628
667;Totaal;Totaal;40 jaar;2014;18112;8122;9990
668;Totaal;Totaal;40 jaar;2015;22964;10083;12881
669;Totaal;Totaal;40 jaar;2016;39574;19675;19899
670;Totaal;Totaal;40 jaar;2017;19611;8547;11064
671;Totaal;Totaal;40 jaar;2018;19122;8071;11051
672;Totaal;Totaal;41 jaar;2003;6855;3356;3499
673;Totaal;Totaal;41 jaar;2004;11270;5600;5670
674;Totaal;Totaal;41 jaar;2005;5356;2711;2645
675;Totaal;Totaal;41 jaar;2006;7721;4370;3351
676;Totaal;Totaal;41 jaar;2007;10208;6055;4153
677;Totaal;Totaal;41 jaar;2008;11668;7432;4236
678;Totaal;Totaal;41 jaar;2009;7204;3599;3605
679;Totaal;Totaal;41 jaar;2010;9585;5251;4334
680;Totaal;Totaal;41 jaar;2011;12492;7144;5348
681;Totaal;Totaal;41 jaar;2012;16095;9373;6722
682;Totaal;Totaal;41 jaar;2013;17071;8889;8182
683;Totaal;Totaal;41 jaar;2014;14884;6397;8487
684;Totaal;Totaal;41 jaar;2015;17746;7914;9832
685;Totaal;Totaal;41 jaar;2016;22556;9865;12691
686;Totaal;Totaal;41 jaar;2017;38889;19256;19633
687;Totaal;Totaal;41 jaar;2018;19316;8389;10927
688;Totaal;Totaal;42 jaar;2003;5307;2361;2946
689;Totaal;Totaal;42 jaar;2004;6734;3293;3441
690;Totaal;Totaal;42 jaar;2005;11016;5449;5567
691;Totaal;Totaal;42 jaar;2006;5254;2646;2608
692;Totaal;Totaal;42 jaar;2007;7528;4237;3291
693;Totaal;Totaal;42 jaar;2008;9959;5880;4079
694;Totaal;Totaal;42 jaar;2009;11388;7228;4160
695;Totaal;Totaal;42 jaar;2010;7080;3521;3559
696;Totaal;Totaal;42 jaar;2011;9375;5116;4259
697;Totaal;Totaal;42 jaar;2012;12205;6954;5251
698;Totaal;Totaal;42 jaar;2013;15767;9153;6614
699;Totaal;Totaal;42 jaar;2014;16690;8658;8032
700;Totaal;Totaal;42 jaar;2015;14601;6258;8343
701;Totaal;Totaal;42 jaar;2016;17392;7733;9659
702;Totaal;Totaal;42 jaar;2017;22186;9662;12524
703;Totaal;Totaal;42 jaar;2018;38257;18890;19367
704;Totaal;Totaal;43 jaar;2003;3627;1420;2207
705;Totaal;Totaal;43 jaar;2004;5207;2303;2904
706;Totaal;Totaal;43 jaar;2005;6599;3224;3375
707;Totaal;Totaal;43 jaar;2006;10788;5310;5478
708;Totaal;Totaal;43 jaar;2007;5115;2549;2566
709;Totaal;Totaal;43 jaar;2008;7351;4113;3238
710;Totaal;Totaal;43 jaar;2009;9734;5734;4000
711;Totaal;Totaal;43 jaar;2010;11173;7056;4117
712;Totaal;Totaal;43 jaar;2011;6963;3446;3517
713;Totaal;Totaal;43 jaar;2012;9168;4968;4200
714;Totaal;Totaal;43 jaar;2013;11917;6752;5165
715;Totaal;Totaal;43 jaar;2014;15369;8877;6492
716;Totaal;Totaal;43 jaar;2015;16310;8422;7888
717;Totaal;Totaal;43 jaar;2016;14349;6130;8219
718;Totaal;Totaal;43 jaar;2017;17087;7561;9526
719;Totaal;Totaal;43 jaar;2018;21819;9485;12334
720;Totaal;Totaal;44 jaar;2003;18676;8413;10263
721;Totaal;Totaal;44 jaar;2004;3558;1392;2166
722;Totaal;Totaal;44 jaar;2005;5109;2256;2853
723;Totaal;Totaal;44 jaar;2006;6487;3157;3330
724;Totaal;Totaal;44 jaar;2007;10551;5173;5378
725;Totaal;Totaal;44 jaar;2008;4988;2474;2514
726;Totaal;Totaal;44 jaar;2009;7182;3999;3183
727;Totaal;Totaal;44 jaar;2010;9588;5609;3979
728;Totaal;Totaal;44 jaar;2011;10896;6839;4057
729;Totaal;Totaal;44 jaar;2012;6819;3369;3450
730;Totaal;Totaal;44 jaar;2013;8984;4847;4137
731;Totaal;Totaal;44 jaar;2014;11623;6548;5075
732;Totaal;Totaal;44 jaar;2015;14969;8599;6370
733;Totaal;Totaal;44 jaar;2016;15943;8190;7753
734;Totaal;Totaal;44 jaar;2017;14076;6000;8076
735;Totaal;Totaal;44 jaar;2018;16785;7386;9399
736;Totaal;Totaal;45 jaar;2003;7411;3310;4101
737;Totaal;Totaal;45 jaar;2004;18268;8220;10048
738;Totaal;Totaal;45 jaar;2005;3465;1348;2117
739;Totaal;Totaal;45 jaar;2006;4984;2199;2785
740;Totaal;Totaal;45 jaar;2007;6332;3073;3259
741;Totaal;Totaal;45 jaar;2008;10334;5061;5273
742;Totaal;Totaal;45 jaar;2009;4864;2401;2463
743;Totaal;Totaal;45 jaar;2010;7069;3899;3170
744;Totaal;Totaal;45 jaar;2011;9382;5459;3923
745;Totaal;Totaal;45 jaar;2012;10607;6630;3977
746;Totaal;Totaal;45 jaar;2013;6680;3278;3402
747;Totaal;Totaal;45 jaar;2014;8785;4725;4060
748;Totaal;Totaal;45 jaar;2015;11328;6341;4987
749;Totaal;Totaal;45 jaar;2016;14570;8315;6255
750;Totaal;Totaal;45 jaar;2017;15603;7966;7637
751;Totaal;Totaal;45 jaar;2018;13802;5867;7935
752;Totaal;Totaal;46 jaar;2003;7978;3916;4062
753;Totaal;Totaal;46 jaar;2004;7261;3251;4010
754;Totaal;Totaal;46 jaar;2005;17806;8024;9782
755;Totaal;Totaal;46 jaar;2006;3385;1307;2078
756;Totaal;Totaal;46 jaar;2007;4853;2143;2710
757;Totaal;Totaal;46 jaar;2008;6186;2995;3191
758;Totaal;Totaal;46 jaar;2009;10098;4941;5157
759;Totaal;Totaal;46 jaar;2010;4784;2350;2434
760;Totaal;Totaal;46 jaar;2011;6895;3793;3102
761;Totaal;Totaal;46 jaar;2012;9180;5329;3851
762;Totaal;Totaal;46 jaar;2013;10336;6438;3898
763;Totaal;Totaal;46 jaar;2014;6550;3211;3339
764;Totaal;Totaal;46 jaar;2015;8567;4581;3986
765;Totaal;Totaal;46 jaar;2016;11011;6118;4893
766;Totaal;Totaal;46 jaar;2017;14184;8041;6143
767;Totaal;Totaal;46 jaar;2018;15231;7751;7480
768;Totaal;Totaal;47 jaar;2003;8078;3685;4393
769;Totaal;Totaal;47 jaar;2004;7787;3814;3973
770;Totaal;Totaal;47 jaar;2005;7107;3185;3922
771;Totaal;Totaal;47 jaar;2006;17375;7822;9553
772;Totaal;Totaal;47 jaar;2007;3309;1279;2030
773;Totaal;Totaal;47 jaar;2008;4741;2085;2656
774;Totaal;Totaal;47 jaar;2009;6057;2919;3138
775;Totaal;Totaal;47 jaar;2010;9914;4835;5079
776;Totaal;Totaal;47 jaar;2011;4679;2289;2390
777;Totaal;Totaal;47 jaar;2012;6732;3680;3052
778;Totaal;Totaal;47 jaar;2013;8923;5152;3771
779;Totaal;Totaal;47 jaar;2014;10043;6204;3839
780;Totaal;Totaal;47 jaar;2015;6420;3135;3285
781;Totaal;Totaal;47 jaar;2016;8332;4421;3911
782;Totaal;Totaal;47 jaar;2017;10745;5940;4805
783;Totaal;Totaal;47 jaar;2018;13821;7791;6030
784;Totaal;Totaal;48 jaar;2003;5142;2201;2941
785;Totaal;Totaal;48 jaar;2004;7898;3610;4288
786;Totaal;Totaal;48 jaar;2005;7598;3718;3880
787;Totaal;Totaal;48 jaar;2006;6923;3095;3828
788;Totaal;Totaal;48 jaar;2007;16892;7586;9306
789;Totaal;Totaal;48 jaar;2008;3235;1253;1982
790;Totaal;Totaal;48 jaar;2009;4619;2022;2597
791;Totaal;Totaal;48 jaar;2010;5944;2855;3089
792;Totaal;Totaal;48 jaar;2011;9692;4708;4984
793;Totaal;Totaal;48 jaar;2012;4563;2231;2332
794;Totaal;Totaal;48 jaar;2013;6553;3559;2994
795;Totaal;Totaal;48 jaar;2014;8654;4980;3674
796;Totaal;Totaal;48 jaar;2015;9754;5987;3767
797;Totaal;Totaal;48 jaar;2016;6264;3039;3225
798;Totaal;Totaal;48 jaar;2017;8105;4274;3831
799;Totaal;Totaal;48 jaar;2018;10432;5731;4701
800;Totaal;Totaal;49 jaar;2003;3469;1473;1996
801;Totaal;Totaal;49 jaar;2004;5012;2142;2870
802;Totaal;Totaal;49 jaar;2005;7710;3523;4187
803;Totaal;Totaal;49 jaar;2006;7391;3615;3776
804;Totaal;Totaal;49 jaar;2007;6761;3025;3736
805;Totaal;Totaal;49 jaar;2008;16473;7399;9074
806;Totaal;Totaal;49 jaar;2009;3155;1222;1933
807;Totaal;Totaal;49 jaar;2010;4557;1984;2573
808;Totaal;Totaal;49 jaar;2011;5799;2782;3017
809;Totaal;Totaal;49 jaar;2012;9500;4610;4890
810;Totaal;Totaal;49 jaar;2013;4436;2161;2275
811;Totaal;Totaal;49 jaar;2014;6371;3445;2926
812;Totaal;Totaal;49 jaar;2015;8454;4839;3615
813;Totaal;Totaal;49 jaar;2016;9444;5762;3682
814;Totaal;Totaal;49 jaar;2017;6089;2949;3140
815;Totaal;Totaal;49 jaar;2018;7883;4142;3741
816;Totaal;Totaal;50 jaar;2003;3771;1550;2221
817;Totaal;Totaal;50 jaar;2004;3378;1438;1940
818;Totaal;Totaal;50 jaar;2005;4891;2083;2808
819;Totaal;Totaal;50 jaar;2006;7503;3431;4072
820;Totaal;Totaal;50 jaar;2007;7194;3517;3677
821;Totaal;Totaal;50 jaar;2008;6605;2957;3648
822;Totaal;Totaal;50 jaar;2009;16059;7224;8835
823;Totaal;Totaal;50 jaar;2010;3098;1195;1903
824;Totaal;Totaal;50 jaar;2011;4445;1929;2516
825;Totaal;Totaal;50 jaar;2012;5661;2706;2955
826;Totaal;Totaal;50 jaar;2013;9262;4490;4772
827;Totaal;Totaal;50 jaar;2014;4302;2093;2209
828;Totaal;Totaal;50 jaar;2015;6203;3343;2860
829;Totaal;Totaal;50 jaar;2016;8211;4674;3537
830;Totaal;Totaal;50 jaar;2017;9108;5530;3578
831;Totaal;Totaal;50 jaar;2018;5925;2855;3070
832;Totaal;Totaal;51 jaar;2003;6906;2843;4063
833;Totaal;Totaal;51 jaar;2004;3670;1517;2153
834;Totaal;Totaal;51 jaar;2005;3295;1404;1891
835;Totaal;Totaal;51 jaar;2006;4769;2028;2741
836;Totaal;Totaal;51 jaar;2007;7329;3351;3978
837;Totaal;Totaal;51 jaar;2008;7035;3430;3605
838;Totaal;Totaal;51 jaar;2009;6416;2881;3535
839;Totaal;Totaal;51 jaar;2010;15670;7052;8618
840;Totaal;Totaal;51 jaar;2011;3021;1162;1859
841;Totaal;Totaal;51 jaar;2012;4340;1872;2468
842;Totaal;Totaal;51 jaar;2013;5522;2626;2896
843;Totaal;Totaal;51 jaar;2014;9039;4365;4674
844;Totaal;Totaal;51 jaar;2015;4168;2005;2163
845;Totaal;Totaal;51 jaar;2016;6032;3242;2790
846;Totaal;Totaal;51 jaar;2017;7950;4490;3460
847;Totaal;Totaal;51 jaar;2018;8786;5285;3501
848;Totaal;Totaal;52 jaar;2003;11753;4754;6999
849;Totaal;Totaal;52 jaar;2004;6719;2770;3949
850;Totaal;Totaal;52 jaar;2005;3574;1479;2095
851;Totaal;Totaal;52 jaar;2006;3227;1379;1848
852;Totaal;Totaal;52 jaar;2007;4629;1968;2661
853;Totaal;Totaal;52 jaar;2008;7124;3257;3867
854;Totaal;Totaal;52 jaar;2009;6839;3331;3508
855;Totaal;Totaal;52 jaar;2010;6273;2810;3463
856;Totaal;Totaal;52 jaar;2011;15286;6867;8419
857;Totaal;Totaal;52 jaar;2012;2933;1123;1810
858;Totaal;Totaal;52 jaar;2013;4221;1824;2397
859;Totaal;Totaal;52 jaar;2014;5360;2552;2808
860;Totaal;Totaal;52 jaar;2015;8812;4254;4558
861;Totaal;Totaal;52 jaar;2016;4051;1934;2117
862;Totaal;Totaal;52 jaar;2017;5852;3138;2714
863;Totaal;Totaal;52 jaar;2018;7721;4339;3382
864;Totaal;Totaal;53 jaar;2003;3621;1367;2254
865;Totaal;Totaal;53 jaar;2004;11416;4626;6790
866;Totaal;Totaal;53 jaar;2005;6543;2704;3839
867;Totaal;Totaal;53 jaar;2006;3465;1445;2020
868;Totaal;Totaal;53 jaar;2007;3132;1338;1794
869;Totaal;Totaal;53 jaar;2008;4499;1921;2578
870;Totaal;Totaal;53 jaar;2009;6909;3160;3749
871;Totaal;Totaal;53 jaar;2010;6639;3229;3410
872;Totaal;Totaal;53 jaar;2011;6092;2724;3368
873;Totaal;Totaal;53 jaar;2012;14916;6698;8218
874;Totaal;Totaal;53 jaar;2013;2843;1089;1754
875;Totaal;Totaal;53 jaar;2014;4114;1765;2349
876;Totaal;Totaal;53 jaar;2015;5221;2489;2732
877;Totaal;Totaal;53 jaar;2016;8576;4138;4438
878;Totaal;Totaal;53 jaar;2017;3927;1873;2054
879;Totaal;Totaal;53 jaar;2018;5661;3010;2651
880;Totaal;Totaal;54 jaar;2003;3860;1476;2384
881;Totaal;Totaal;54 jaar;2004;3522;1341;2181
882;Totaal;Totaal;54 jaar;2005;11081;4509;6572
883;Totaal;Totaal;54 jaar;2006;6380;2644;3736
884;Totaal;Totaal;54 jaar;2007;3368;1407;1961
885;Totaal;Totaal;54 jaar;2008;3036;1296;1740
886;Totaal;Totaal;54 jaar;2009;4375;1873;2502
887;Totaal;Totaal;54 jaar;2010;6724;3081;3643
888;Totaal;Totaal;54 jaar;2011;6455;3139;3316
889;Totaal;Totaal;54 jaar;2012;5935;2647;3288
890;Totaal;Totaal;54 jaar;2013;14508;6514;7994
891;Totaal;Totaal;54 jaar;2014;2741;1060;1681
892;Totaal;Totaal;54 jaar;2015;3993;1706;2287
893;Totaal;Totaal;54 jaar;2016;5079;2416;2663
894;Totaal;Totaal;54 jaar;2017;8376;4018;4358
895;Totaal;Totaal;54 jaar;2018;3797;1806;1991
896;Totaal;Totaal;55 jaar;2003;4235;1773;2462
897;Totaal;Totaal;55 jaar;2004;3726;1431;2295
898;Totaal;Totaal;55 jaar;2005;3405;1305;2100
899;Totaal;Totaal;55 jaar;2006;10746;4390;6356
900;Totaal;Totaal;55 jaar;2007;6188;2562;3626
901;Totaal;Totaal;55 jaar;2008;3274;1367;1907
902;Totaal;Totaal;55 jaar;2009;2954;1270;1684
903;Totaal;Totaal;55 jaar;2010;4261;1816;2445
904;Totaal;Totaal;55 jaar;2011;6522;3001;3521
905;Totaal;Totaal;55 jaar;2012;6260;3040;3220
906;Totaal;Totaal;55 jaar;2013;5787;2591;3196
907;Totaal;Totaal;55 jaar;2014;14122;6333;7789
908;Totaal;Totaal;55 jaar;2015;2668;1036;1632
909;Totaal;Totaal;55 jaar;2016;3870;1650;2220
910;Totaal;Totaal;55 jaar;2017;4931;2341;2590
911;Totaal;Totaal;55 jaar;2018;8141;3889;4252
912;Totaal;Totaal;56 jaar;2003;7506;2993;4513
913;Totaal;Totaal;56 jaar;2004;4052;1689;2363
914;Totaal;Totaal;56 jaar;2005;3634;1399;2235
915;Totaal;Totaal;56 jaar;2006;3306;1266;2040
916;Totaal;Totaal;56 jaar;2007;10423;4267;6156
917;Totaal;Totaal;56 jaar;2008;5995;2484;3511
918;Totaal;Totaal;56 jaar;2009;3165;1332;1833
919;Totaal;Totaal;56 jaar;2010;2903;1249;1654
920;Totaal;Totaal;56 jaar;2011;4124;1754;2370
921;Totaal;Totaal;56 jaar;2012;6305;2915;3390
922;Totaal;Totaal;56 jaar;2013;6086;2962;3124
923;Totaal;Totaal;56 jaar;2014;5621;2520;3101
924;Totaal;Totaal;56 jaar;2015;13713;6163;7550
925;Totaal;Totaal;56 jaar;2016;2579;998;1581
926;Totaal;Totaal;56 jaar;2017;3783;1612;2171
927;Totaal;Totaal;56 jaar;2018;4808;2274;2534
928;Totaal;Totaal;57 jaar;2003;3584;793;2791
929;Totaal;Totaal;57 jaar;2004;7257;2894;4363
930;Totaal;Totaal;57 jaar;2005;3902;1608;2294
931;Totaal;Totaal;57 jaar;2006;3491;1352;2139
932;Totaal;Totaal;57 jaar;2007;3189;1229;1960
933;Totaal;Totaal;57 jaar;2008;10082;4130;5952
934;Totaal;Totaal;57 jaar;2009;5782;2406;3376
935;Totaal;Totaal;57 jaar;2010;3082;1311;1771
936;Totaal;Totaal;57 jaar;2011;2823;1216;1607
937;Totaal;Totaal;57 jaar;2012;3988;1699;2289
938;Totaal;Totaal;57 jaar;2013;6103;2816;3287
939;Totaal;Totaal;57 jaar;2014;5893;2856;3037
940;Totaal;Totaal;57 jaar;2015;5465;2449;3016
941;Totaal;Totaal;57 jaar;2016;13253;5969;7284
942;Totaal;Totaal;57 jaar;2017;2492;968;1524
943;Totaal;Totaal;57 jaar;2018;3655;1558;2097
944;Totaal;Totaal;58 jaar;2003;252;56;196
945;Totaal;Totaal;58 jaar;2004;3442;780;2662
946;Totaal;Totaal;58 jaar;2005;6998;2809;4189
947;Totaal;Totaal;58 jaar;2006;3738;1536;2202
948;Totaal;Totaal;58 jaar;2007;3347;1305;2042
949;Totaal;Totaal;58 jaar;2008;3074;1193;1881
950;Totaal;Totaal;58 jaar;2009;9790;4013;5777
951;Totaal;Totaal;58 jaar;2010;5658;2356;3302
952;Totaal;Totaal;58 jaar;2011;2973;1274;1699
953;Totaal;Totaal;58 jaar;2012;2735;1180;1555
954;Totaal;Totaal;58 jaar;2013;3865;1654;2211
955;Totaal;Totaal;58 jaar;2014;5903;2727;3176
956;Totaal;Totaal;58 jaar;2015;5687;2760;2927
957;Totaal;Totaal;58 jaar;2016;5287;2377;2910
958;Totaal;Totaal;58 jaar;2017;12835;5771;7064
959;Totaal;Totaal;58 jaar;2018;2408;932;1476
960;Totaal;Totaal;59 jaar;2003;316;90;226
961;Totaal;Totaal;59 jaar;2004;244;56;188
962;Totaal;Totaal;59 jaar;2005;3295;758;2537
963;Totaal;Totaal;59 jaar;2006;6721;2711;4010
964;Totaal;Totaal;59 jaar;2007;3574;1466;2108
965;Totaal;Totaal;59 jaar;2008;3226;1269;1957
966;Totaal;Totaal;59 jaar;2009;2977;1161;1816
967;Totaal;Totaal;59 jaar;2010;9481;3906;5575
968;Totaal;Totaal;59 jaar;2011;5503;2300;3203
969;Totaal;Totaal;59 jaar;2012;2866;1235;1631
970;Totaal;Totaal;59 jaar;2013;2650;1140;1510
971;Totaal;Totaal;59 jaar;2014;3707;1587;2120
972;Totaal;Totaal;59 jaar;2015;5711;2635;3076
973;Totaal;Totaal;59 jaar;2016;5490;2667;2823
974;Totaal;Totaal;59 jaar;2017;5110;2297;2813
975;Totaal;Totaal;59 jaar;2018;12426;5576;6850
976;Totaal;Totaal;60 jaar of meer;2003;8838;2609;6229
977;Totaal;Totaal;60 jaar of meer;2004;8454;2557;5897
978;Totaal;Totaal;60 jaar of meer;2005;8001;2442;5559
979;Totaal;Totaal;60 jaar of meer;2006;10482;3001;7481
980;Totaal;Totaal;60 jaar of meer;2007;16145;5406;10739
981;Totaal;Totaal;60 jaar of meer;2008;18577;6508;12069
982;Totaal;Totaal;60 jaar of meer;2009;20560;7405;13155
983;Totaal;Totaal;60 jaar of meer;2010;22477;8253;14224
984;Totaal;Totaal;60 jaar of meer;2011;30299;11634;18665
985;Totaal;Totaal;60 jaar of meer;2012;34073;13357;20716
986;Totaal;Totaal;60 jaar of meer;2013;35085;13971;21114
987;Totaal;Totaal;60 jaar of meer;2014;35862;14476;21386
988;Totaal;Totaal;60 jaar of meer;2015;37625;15383;22242
989;Totaal;Totaal;60 jaar of meer;2016;41094;17275;23819
990;Totaal;Totaal;60 jaar of meer;2017;44181;19019;25162
991;Totaal;Totaal;60 jaar of meer;2018;46872;20411;26461
992;Totaal;Totaal;Onbekend;2003;13117;5196;7921
993;Totaal;Totaal;Onbekend;2004;11273;4529;6744
994;Totaal;Totaal;Onbekend;2005;10018;4084;5934
995;Totaal;Totaal;Onbekend;2006;8866;3589;5277
996;Totaal;Totaal;Onbekend;2007;8352;3449;4903
997;Totaal;Totaal;Onbekend;2008;7343;3073;4270
998;Totaal;Totaal;Onbekend;2009;6604;2784;3820
999;Totaal;Totaal;Onbekend;2010;3192;1250;1942
1000;Totaal;Totaal;Onbekend;2011;2876;1140;1736
1001;Totaal;Totaal;Onbekend;2012;2631;1052;1579
1002;Totaal;Totaal;Onbekend;2013;2427;985;1442
1003;Totaal;Totaal;Onbekend;2014;2283;942;1341
1004;Totaal;Totaal;Onbekend;2015;2166;907;1259
1005;Totaal;Totaal;Onbekend;2016;2175;959;1216
1006;Totaal;Totaal;Onbekend;2017;1922;828;1094
1007;Totaal;Totaal;Onbekend;2018;1819;802;1017
1008;Totaal;Westerse migratieachtergrond;Totaal;2003;581361;262630;318731
1009;Totaal;Westerse migratieachtergrond;Totaal;2004;581656;261539;320117
1010;Totaal;Westerse migratieachtergrond;Totaal;2005;582278;260315;321963
1011;Totaal;Westerse migratieachtergrond;Totaal;2006;584268;260513;323755
1012;Totaal;Westerse migratieachtergrond;Totaal;2007;586718;261560;325158
1013;Totaal;Westerse migratieachtergrond;Totaal;2008;602130;269300;332830
1014;Totaal;Westerse migratieachtergrond;Totaal;2009;627311;282360;344951
1015;Totaal;Westerse migratieachtergrond;Totaal;2010;644486;289927;354559
1016;Totaal;Westerse migratieachtergrond;Totaal;2011;665865;299427;366438
1017;Totaal;Westerse migratieachtergrond;Totaal;2012;690203;311369;378834
1018;Totaal;Westerse migratieachtergrond;Totaal;2013;706512;318612;387900
1019;Totaal;Westerse migratieachtergrond;Totaal;2014;722766;326299;396467
1020;Totaal;Westerse migratieachtergrond;Totaal;2015;747703;338478;409225
1021;Totaal;Westerse migratieachtergrond;Totaal;2016;772428;350827;421601
1022;Totaal;Westerse migratieachtergrond;Totaal;2017;801203;365034;436169
1023;Totaal;Westerse migratieachtergrond;Totaal;2018;836178;382743;453435
1024;Totaal;Westerse migratieachtergrond;Minder dan 1 jaar;2003;39301;19208;20093
1025;Totaal;Westerse migratieachtergrond;Minder dan 1 jaar;2004;34980;16737;18243
1026;Totaal;Westerse migratieachtergrond;Minder dan 1 jaar;2005;37109;17777;19332
1027;Totaal;Westerse migratieachtergrond;Minder dan 1 jaar;2006;37870;18645;19225
1028;Totaal;Westerse migratieachtergrond;Minder dan 1 jaar;2007;42629;21732;20897
1029;Totaal;Westerse migratieachtergrond;Minder dan 1 jaar;2008;53858;27661;26197
1030;Totaal;Westerse migratieachtergrond;Minder dan 1 jaar;2009;64979;33765;31214
1031;Totaal;Westerse migratieachtergrond;Minder dan 1 jaar;2010;62764;31750;31014
1032;Totaal;Westerse migratieachtergrond;Minder dan 1 jaar;2011;69019;34839;34180
1033;Totaal;Westerse migratieachtergrond;Minder dan 1 jaar;2012;76801;39057;37744
1034;Totaal;Westerse migratieachtergrond;Minder dan 1 jaar;2013;76167;38561;37606
1035;Totaal;Westerse migratieachtergrond;Minder dan 1 jaar;2014;76691;38725;37966
1036;Totaal;Westerse migratieachtergrond;Minder dan 1 jaar;2015;85022;43341;41681
1037;Totaal;Westerse migratieachtergrond;Minder dan 1 jaar;2016;86965;44531;42434
1038;Totaal;Westerse migratieachtergrond;Minder dan 1 jaar;2017;93500;47711;45789
1039;Totaal;Westerse migratieachtergrond;Minder dan 1 jaar;2018;103569;53567;50002
1040;Totaal;Westerse migratieachtergrond;1 jaar;2003;37288;18613;18675
1041;Totaal;Westerse migratieachtergrond;1 jaar;2004;33148;15894;17254
1042;Totaal;Westerse migratieachtergrond;1 jaar;2005;28832;13434;15398
1043;Totaal;Westerse migratieachtergrond;1 jaar;2006;30590;14356;16234
1044;Totaal;Westerse migratieachtergrond;1 jaar;2007;30141;14503;15638
1045;Totaal;Westerse migratieachtergrond;1 jaar;2008;33883;16944;16939
1046;Totaal;Westerse migratieachtergrond;1 jaar;2009;42748;21597;21151
1047;Totaal;Westerse migratieachtergrond;1 jaar;2010;50032;25408;24624
1048;Totaal;Westerse migratieachtergrond;1 jaar;2011;48262;23751;24511
1049;Totaal;Westerse migratieachtergrond;1 jaar;2012;52169;25984;26185
1050;Totaal;Westerse migratieachtergrond;1 jaar;2013;56400;28250;28150
1051;Totaal;Westerse migratieachtergrond;1 jaar;2014;55717;27914;27803
1052;Totaal;Westerse migratieachtergrond;1 jaar;2015;56658;28314;28344
1053;Totaal;Westerse migratieachtergrond;1 jaar;2016;62941;31592;31349
1054;Totaal;Westerse migratieachtergrond;1 jaar;2017;65385;33219;32166
1055;Totaal;Westerse migratieachtergrond;1 jaar;2018;69515;35144;34371
1056;Totaal;Westerse migratieachtergrond;2 jaar;2003;33570;16439;17131
1057;Totaal;Westerse migratieachtergrond;2 jaar;2004;31556;15411;16145
1058;Totaal;Westerse migratieachtergrond;2 jaar;2005;27640;12830;14810
1059;Totaal;Westerse migratieachtergrond;2 jaar;2006;24368;11021;13347
1060;Totaal;Westerse migratieachtergrond;2 jaar;2007;24934;11342;13592
1061;Totaal;Westerse migratieachtergrond;2 jaar;2008;24886;11588;13298
1062;Totaal;Westerse migratieachtergrond;2 jaar;2009;27975;13634;14341
1063;Totaal;Westerse migratieachtergrond;2 jaar;2010;35043;17267;17776
1064;Totaal;Westerse migratieachtergrond;2 jaar;2011;40864;20224;20640
1065;Totaal;Westerse migratieachtergrond;2 jaar;2012;39127;18833;20294
1066;Totaal;Westerse migratieachtergrond;2 jaar;2013;41441;20117;21324
1067;Totaal;Westerse migratieachtergrond;2 jaar;2014;45345;22252;23093
1068;Totaal;Westerse migratieachtergrond;2 jaar;2015;45043;22121;22922
1069;Totaal;Westerse migratieachtergrond;2 jaar;2016;46358;22753;23605
1070;Totaal;Westerse migratieachtergrond;2 jaar;2017;51101;25222;25879
1071;Totaal;Westerse migratieachtergrond;2 jaar;2018;52585;26223;26362
1072;Totaal;Westerse migratieachtergrond;3 jaar;2003;24130;11564;12566
1073;Totaal;Westerse migratieachtergrond;3 jaar;2004;29080;13966;15114
1074;Totaal;Westerse migratieachtergrond;3 jaar;2005;26970;12839;14131
1075;Totaal;Westerse migratieachtergrond;3 jaar;2006;23684;10667;13017
1076;Totaal;Westerse migratieachtergrond;3 jaar;2007;20553;9013;11540
1077;Totaal;Westerse migratieachtergrond;3 jaar;2008;21204;9401;11803
1078;Totaal;Westerse migratieachtergrond;3 jaar;2009;21234;9640;11594
1079;Totaal;Westerse migratieachtergrond;3 jaar;2010;23551;11200;12351
1080;Totaal;Westerse migratieachtergrond;3 jaar;2011;30061;14527;15534
1081;Totaal;Westerse migratieachtergrond;3 jaar;2012;34585;16820;17765
1082;Totaal;Westerse migratieachtergrond;3 jaar;2013;32743;15481;17262
1083;Totaal;Westerse migratieachtergrond;3 jaar;2014;34920;16790;18130
1084;Totaal;Westerse migratieachtergrond;3 jaar;2015;38435;18575;19860
1085;Totaal;Westerse migratieachtergrond;3 jaar;2016;38038;18487;19551
1086;Totaal;Westerse migratieachtergrond;3 jaar;2017;39422;19145;20277
1087;Totaal;Westerse migratieachtergrond;3 jaar;2018;43406;21191;22215
1088;Totaal;Westerse migratieachtergrond;4 jaar;2003;19758;8891;10867
1089;Totaal;Westerse migratieachtergrond;4 jaar;2004;21348;10036;11312
1090;Totaal;Westerse migratieachtergrond;4 jaar;2005;25614;12063;13551
1091;Totaal;Westerse migratieachtergrond;4 jaar;2006;23797;11063;12734
1092;Totaal;Westerse migratieachtergrond;4 jaar;2007;20365;8908;11457
1093;Totaal;Westerse migratieachtergrond;4 jaar;2008;18039;7673;10366
1094;Totaal;Westerse migratieachtergrond;4 jaar;2009;18733;8085;10648
1095;Totaal;Westerse migratieachtergrond;4 jaar;2010;18587;8259;10328
1096;Totaal;Westerse migratieachtergrond;4 jaar;2011;20447;9530;10917
1097;Totaal;Westerse migratieachtergrond;4 jaar;2012;26624;12669;13955
1098;Totaal;Westerse migratieachtergrond;4 jaar;2013;30119;14390;15729
1099;Totaal;Westerse migratieachtergrond;4 jaar;2014;28617;13369;15248
1100;Totaal;Westerse migratieachtergrond;4 jaar;2015;30452;14474;15978
1101;Totaal;Westerse migratieachtergrond;4 jaar;2016;33777;16161;17616
1102;Totaal;Westerse migratieachtergrond;4 jaar;2017;33360;16039;17321
1103;Totaal;Westerse migratieachtergrond;4 jaar;2018;34762;16651;18111
1104;Totaal;Westerse migratieachtergrond;5 jaar;2003;16799;7604;9195
1105;Totaal;Westerse migratieachtergrond;5 jaar;2004;17875;7911;9964
1106;Totaal;Westerse migratieachtergrond;5 jaar;2005;19178;8867;10311
1107;Totaal;Westerse migratieachtergrond;5 jaar;2006;23165;10726;12439
1108;Totaal;Westerse migratieachtergrond;5 jaar;2007;21014;9550;11464
1109;Totaal;Westerse migratieachtergrond;5 jaar;2008;18207;7802;10405
1110;Totaal;Westerse migratieachtergrond;5 jaar;2009;16343;6774;9569
1111;Totaal;Westerse migratieachtergrond;5 jaar;2010;17013;7167;9846
1112;Totaal;Westerse migratieachtergrond;5 jaar;2011;16713;7304;9409
1113;Totaal;Westerse migratieachtergrond;5 jaar;2012;18353;8430;9923
1114;Totaal;Westerse migratieachtergrond;5 jaar;2013;23943;11199;12744
1115;Totaal;Westerse migratieachtergrond;5 jaar;2014;27171;12882;14289
1116;Totaal;Westerse migratieachtergrond;5 jaar;2015;25896;11968;13928
1117;Totaal;Westerse migratieachtergrond;5 jaar;2016;27625;12992;14633
1118;Totaal;Westerse migratieachtergrond;5 jaar;2017;30594;14450;16144
1119;Totaal;Westerse migratieachtergrond;5 jaar;2018;30347;14457;15890
1120;Totaal;Westerse migratieachtergrond;6 jaar;2003;16601;7453;9148
1121;Totaal;Westerse migratieachtergrond;6 jaar;2004;15484;6912;8572
1122;Totaal;Westerse migratieachtergrond;6 jaar;2005;16322;7103;9219
1123;Totaal;Westerse migratieachtergrond;6 jaar;2006;17580;8016;9564
1124;Totaal;Westerse migratieachtergrond;6 jaar;2007;21036;9587;11449
1125;Totaal;Westerse migratieachtergrond;6 jaar;2008;19279;8611;10668
1126;Totaal;Westerse migratieachtergrond;6 jaar;2009;16874;7111;9763
1127;Totaal;Westerse migratieachtergrond;6 jaar;2010;15068;6148;8920
1128;Totaal;Westerse migratieachtergrond;6 jaar;2011;15708;6460;9248
1129;Totaal;Westerse migratieachtergrond;6 jaar;2012;15289;6569;8720
1130;Totaal;Westerse migratieachtergrond;6 jaar;2013;16675;7552;9123
1131;Totaal;Westerse migratieachtergrond;6 jaar;2014;22105;10256;11849
1132;Totaal;Westerse migratieachtergrond;6 jaar;2015;25172;11839;13333
1133;Totaal;Westerse migratieachtergrond;6 jaar;2016;23958;10987;12971
1134;Totaal;Westerse migratieachtergrond;6 jaar;2017;25428;11825;13603
1135;Totaal;Westerse migratieachtergrond;6 jaar;2018;28364;13225;15139
1136;Totaal;Westerse migratieachtergrond;7 jaar;2003;17183;8119;9064
1137;Totaal;Westerse migratieachtergrond;7 jaar;2004;15634;6949;8685
1138;Totaal;Westerse migratieachtergrond;7 jaar;2005;14395;6345;8050
1139;Totaal;Westerse migratieachtergrond;7 jaar;2006;15148;6494;8654
1140;Totaal;Westerse migratieachtergrond;7 jaar;2007;16131;7266;8865
1141;Totaal;Westerse migratieachtergrond;7 jaar;2008;19581;8806;10775
1142;Totaal;Westerse migratieachtergrond;7 jaar;2009;18101;7974;10127
1143;Totaal;Westerse migratieachtergrond;7 jaar;2010;15757;6522;9235
1144;Totaal;Westerse migratieachtergrond;7 jaar;2011;14088;5671;8417
1145;Totaal;Westerse migratieachtergrond;7 jaar;2012;14754;5983;8771
1146;Totaal;Westerse migratieachtergrond;7 jaar;2013;14126;5965;8161
1147;Totaal;Westerse migratieachtergrond;7 jaar;2014;15523;6951;8572
1148;Totaal;Westerse migratieachtergrond;7 jaar;2015;20820;9551;11269
1149;Totaal;Westerse migratieachtergrond;7 jaar;2016;23749;11098;12651
1150;Totaal;Westerse migratieachtergrond;7 jaar;2017;22445;10208;12237
1151;Totaal;Westerse migratieachtergrond;7 jaar;2018;23898;11022;12876
1152;Totaal;Westerse migratieachtergrond;8 jaar;2003;16564;7774;8790
1153;Totaal;Westerse migratieachtergrond;8 jaar;2004;16492;7723;8769
1154;Totaal;Westerse migratieachtergrond;8 jaar;2005;14797;6513;8284
1155;Totaal;Westerse migratieachtergrond;8 jaar;2006;13490;5888;7602
1156;Totaal;Westerse migratieachtergrond;8 jaar;2007;13953;5889;8064
1157;Totaal;Westerse migratieachtergrond;8 jaar;2008;15123;6734;8389
1158;Totaal;Westerse migratieachtergrond;8 jaar;2009;18585;8270;10315
1159;Totaal;Westerse migratieachtergrond;8 jaar;2010;17195;7505;9690
1160;Totaal;Westerse migratieachtergrond;8 jaar;2011;14955;6099;8856
1161;Totaal;Westerse migratieachtergrond;8 jaar;2012;13368;5313;8055
1162;Totaal;Westerse migratieachtergrond;8 jaar;2013;13920;5582;8338
1163;Totaal;Westerse migratieachtergrond;8 jaar;2014;13260;5544;7716
1164;Totaal;Westerse migratieachtergrond;8 jaar;2015;14683;6495;8188
1165;Totaal;Westerse migratieachtergrond;8 jaar;2016;19888;9033;10855
1166;Totaal;Westerse migratieachtergrond;8 jaar;2017;22580;10517;12063
1167;Totaal;Westerse migratieachtergrond;8 jaar;2018;21350;9650;11700
1168;Totaal;Westerse migratieachtergrond;9 jaar;2003;17128;7804;9324
1169;Totaal;Westerse migratieachtergrond;9 jaar;2004;15927;7423;8504
1170;Totaal;Westerse migratieachtergrond;9 jaar;2005;15893;7395;8498
1171;Totaal;Westerse migratieachtergrond;9 jaar;2006;14060;6139;7921
1172;Totaal;Westerse migratieachtergrond;9 jaar;2007;12654;5428;7226
1173;Totaal;Westerse migratieachtergrond;9 jaar;2008;13085;5452;7633
1174;Totaal;Westerse migratieachtergrond;9 jaar;2009;14388;6347;8041
1175;Totaal;Westerse migratieachtergrond;9 jaar;2010;17795;7863;9932
1176;Totaal;Westerse migratieachtergrond;9 jaar;2011;16436;7097;9339
1177;Totaal;Westerse migratieachtergrond;9 jaar;2012;14284;5781;8503
1178;Totaal;Westerse migratieachtergrond;9 jaar;2013;12746;5018;7728
1179;Totaal;Westerse migratieachtergrond;9 jaar;2014;13239;5253;7986
1180;Totaal;Westerse migratieachtergrond;9 jaar;2015;12605;5218;7387
1181;Totaal;Westerse migratieachtergrond;9 jaar;2016;14067;6172;7895
1182;Totaal;Westerse migratieachtergrond;9 jaar;2017;19055;8594;10461
1183;Totaal;Westerse migratieachtergrond;9 jaar;2018;21631;9985;11646
1184;Totaal;Westerse migratieachtergrond;10 jaar;2003;14467;6655;7812
1185;Totaal;Westerse migratieachtergrond;10 jaar;2004;16618;7541;9077
1186;Totaal;Westerse migratieachtergrond;10 jaar;2005;15336;7103;8233
1187;Totaal;Westerse migratieachtergrond;10 jaar;2006;15337;7088;8249
1188;Totaal;Westerse migratieachtergrond;10 jaar;2007;13335;5765;7570
1189;Totaal;Westerse migratieachtergrond;10 jaar;2008;11989;5072;6917
1190;Totaal;Westerse migratieachtergrond;10 jaar;2009;12464;5159;7305
1191;Totaal;Westerse migratieachtergrond;10 jaar;2010;13783;6062;7721
1192;Totaal;Westerse migratieachtergrond;10 jaar;2011;17138;7533;9605
1193;Totaal;Westerse migratieachtergrond;10 jaar;2012;15771;6764;9007
1194;Totaal;Westerse migratieachtergrond;10 jaar;2013;13670;5484;8186
1195;Totaal;Westerse migratieachtergrond;10 jaar;2014;12187;4757;7430
1196;Totaal;Westerse migratieachtergrond;10 jaar;2015;12715;4978;7737
1197;Totaal;Westerse migratieachtergrond;10 jaar;2016;12151;4999;7152
1198;Totaal;Westerse migratieachtergrond;10 jaar;2017;13497;5867;7630
1199;Totaal;Westerse migratieachtergrond;10 jaar;2018;18404;8242;10162
1200;Totaal;Westerse migratieachtergrond;11 jaar;2003;11211;5044;6167
1201;Totaal;Westerse migratieachtergrond;11 jaar;2004;14012;6426;7586
1202;Totaal;Westerse migratieachtergrond;11 jaar;2005;16042;7233;8809
1203;Totaal;Westerse migratieachtergrond;11 jaar;2006;14838;6849;7989
1204;Totaal;Westerse migratieachtergrond;11 jaar;2007;14759;6789;7970
1205;Totaal;Westerse migratieachtergrond;11 jaar;2008;12798;5481;7317
1206;Totaal;Westerse migratieachtergrond;11 jaar;2009;11491;4831;6660
1207;Totaal;Westerse migratieachtergrond;11 jaar;2010;11976;4920;7056
1208;Totaal;Westerse migratieachtergrond;11 jaar;2011;13324;5835;7489
1209;Totaal;Westerse migratieachtergrond;11 jaar;2012;16579;7259;9320
1210;Totaal;Westerse migratieachtergrond;11 jaar;2013;15169;6447;8722
1211;Totaal;Westerse migratieachtergrond;11 jaar;2014;13156;5222;7934
1212;Totaal;Westerse migratieachtergrond;11 jaar;2015;11795;4553;7242
1213;Totaal;Westerse migratieachtergrond;11 jaar;2016;12352;4790;7562
1214;Totaal;Westerse migratieachtergrond;11 jaar;2017;11750;4808;6942
1215;Totaal;Westerse migratieachtergrond;11 jaar;2018;13050;5615;7435
1216;Totaal;Westerse migratieachtergrond;12 jaar;2003;9581;4237;5344
1217;Totaal;Westerse migratieachtergrond;12 jaar;2004;10896;4878;6018
1218;Totaal;Westerse migratieachtergrond;12 jaar;2005;13555;6197;7358
1219;Totaal;Westerse migratieachtergrond;12 jaar;2006;15523;6983;8540
1220;Totaal;Westerse migratieachtergrond;12 jaar;2007;14327;6574;7753
1221;Totaal;Westerse migratieachtergrond;12 jaar;2008;14349;6563;7786
1222;Totaal;Westerse migratieachtergrond;12 jaar;2009;12321;5229;7092
1223;Totaal;Westerse migratieachtergrond;12 jaar;2010;11106;4635;6471
1224;Totaal;Westerse migratieachtergrond;12 jaar;2011;11572;4725;6847
1225;Totaal;Westerse migratieachtergrond;12 jaar;2012;12869;5614;7255
1226;Totaal;Westerse migratieachtergrond;12 jaar;2013;16045;6955;9090
1227;Totaal;Westerse migratieachtergrond;12 jaar;2014;14724;6203;8521
1228;Totaal;Westerse migratieachtergrond;12 jaar;2015;12788;5022;7766
1229;Totaal;Westerse migratieachtergrond;12 jaar;2016;11447;4387;7060
1230;Totaal;Westerse migratieachtergrond;12 jaar;2017;12014;4631;7383
1231;Totaal;Westerse migratieachtergrond;12 jaar;2018;11399;4632;6767
1232;Totaal;Westerse migratieachtergrond;13 jaar;2003;7928;3462;4466
1233;Totaal;Westerse migratieachtergrond;13 jaar;2004;9301;4088;5213
1234;Totaal;Westerse migratieachtergrond;13 jaar;2005;10519;4660;5859
1235;Totaal;Westerse migratieachtergrond;13 jaar;2006;13096;5960;7136
1236;Totaal;Westerse migratieachtergrond;13 jaar;2007;15034;6718;8316
1237;Totaal;Westerse migratieachtergrond;13 jaar;2008;13894;6333;7561
1238;Totaal;Westerse migratieachtergrond;13 jaar;2009;13995;6361;7634
1239;Totaal;Westerse migratieachtergrond;13 jaar;2010;11972;5059;6913
1240;Totaal;Westerse migratieachtergrond;13 jaar;2011;10764;4470;6294
1241;Totaal;Westerse migratieachtergrond;13 jaar;2012;11179;4546;6633
1242;Totaal;Westerse migratieachtergrond;13 jaar;2013;12441;5376;7065
1243;Totaal;Westerse migratieachtergrond;13 jaar;2014;15576;6713;8863
1244;Totaal;Westerse migratieachtergrond;13 jaar;2015;14339;6005;8334
1245;Totaal;Westerse migratieachtergrond;13 jaar;2016;12491;4858;7633
1246;Totaal;Westerse migratieachtergrond;13 jaar;2017;11166;4253;6913
1247;Totaal;Westerse migratieachtergrond;13 jaar;2018;11714;4475;7239
1248;Totaal;Westerse migratieachtergrond;14 jaar;2003;7380;3185;4195
1249;Totaal;Westerse migratieachtergrond;14 jaar;2004;7690;3340;4350
1250;Totaal;Westerse migratieachtergrond;14 jaar;2005;9034;3938;5096
1251;Totaal;Westerse migratieachtergrond;14 jaar;2006;10159;4466;5693
1252;Totaal;Westerse migratieachtergrond;14 jaar;2007;12725;5776;6949
1253;Totaal;Westerse migratieachtergrond;14 jaar;2008;14587;6502;8085
1254;Totaal;Westerse migratieachtergrond;14 jaar;2009;13522;6145;7377
1255;Totaal;Westerse migratieachtergrond;14 jaar;2010;13660;6195;7465
1256;Totaal;Westerse migratieachtergrond;14 jaar;2011;11674;4901;6773
1257;Totaal;Westerse migratieachtergrond;14 jaar;2012;10431;4306;6125
1258;Totaal;Westerse migratieachtergrond;14 jaar;2013;10816;4368;6448
1259;Totaal;Westerse migratieachtergrond;14 jaar;2014;12064;5167;6897
1260;Totaal;Westerse migratieachtergrond;14 jaar;2015;15203;6500;8703
1261;Totaal;Westerse migratieachtergrond;14 jaar;2016;14012;5847;8165
1262;Totaal;Westerse migratieachtergrond;14 jaar;2017;12186;4704;7482
1263;Totaal;Westerse migratieachtergrond;14 jaar;2018;10910;4124;6786
1264;Totaal;Westerse migratieachtergrond;15 jaar;2003;6851;2937;3914
1265;Totaal;Westerse migratieachtergrond;15 jaar;2004;7157;3073;4084
1266;Totaal;Westerse migratieachtergrond;15 jaar;2005;7483;3228;4255
1267;Totaal;Westerse migratieachtergrond;15 jaar;2006;8764;3819;4945
1268;Totaal;Westerse migratieachtergrond;15 jaar;2007;9815;4265;5550
1269;Totaal;Westerse migratieachtergrond;15 jaar;2008;12384;5599;6785
1270;Totaal;Westerse migratieachtergrond;15 jaar;2009;14245;6326;7919
1271;Totaal;Westerse migratieachtergrond;15 jaar;2010;13287;6045;7242
1272;Totaal;Westerse migratieachtergrond;15 jaar;2011;13379;6039;7340
1273;Totaal;Westerse migratieachtergrond;15 jaar;2012;11374;4750;6624
1274;Totaal;Westerse migratieachtergrond;15 jaar;2013;10118;4143;5975
1275;Totaal;Westerse migratieachtergrond;15 jaar;2014;10519;4213;6306
1276;Totaal;Westerse migratieachtergrond;15 jaar;2015;11733;5001;6732
1277;Totaal;Westerse migratieachtergrond;15 jaar;2016;14843;6306;8537
1278;Totaal;Westerse migratieachtergrond;15 jaar;2017;13707;5672;8035
1279;Totaal;Westerse migratieachtergrond;15 jaar;2018;11889;4563;7326
1280;Totaal;Westerse migratieachtergrond;16 jaar;2003;6684;2911;3773
1281;Totaal;Westerse migratieachtergrond;16 jaar;2004;6668;2838;3830
1282;Totaal;Westerse migratieachtergrond;16 jaar;2005;6977;2980;3997
1283;Totaal;Westerse migratieachtergrond;16 jaar;2006;7255;3116;4139
1284;Totaal;Westerse migratieachtergrond;16 jaar;2007;8509;3676;4833
1285;Totaal;Westerse migratieachtergrond;16 jaar;2008;9503;4100;5403
1286;Totaal;Westerse migratieachtergrond;16 jaar;2009;12063;5423;6640
1287;Totaal;Westerse migratieachtergrond;16 jaar;2010;14034;6214;7820
1288;Totaal;Westerse migratieachtergrond;16 jaar;2011;13035;5918;7117
1289;Totaal;Westerse migratieachtergrond;16 jaar;2012;13074;5873;7201
1290;Totaal;Westerse migratieachtergrond;16 jaar;2013;11093;4607;6486
1291;Totaal;Westerse migratieachtergrond;16 jaar;2014;9849;4004;5845
1292;Totaal;Westerse migratieachtergrond;16 jaar;2015;10264;4087;6177
1293;Totaal;Westerse migratieachtergrond;16 jaar;2016;11460;4866;6594
1294;Totaal;Westerse migratieachtergrond;16 jaar;2017;14546;6155;8391
1295;Totaal;Westerse migratieachtergrond;16 jaar;2018;13430;5528;7902
1296;Totaal;Westerse migratieachtergrond;17 jaar;2003;5832;2535;3297
1297;Totaal;Westerse migratieachtergrond;17 jaar;2004;6535;2831;3704
1298;Totaal;Westerse migratieachtergrond;17 jaar;2005;6502;2754;3748
1299;Totaal;Westerse migratieachtergrond;17 jaar;2006;6786;2890;3896
1300;Totaal;Westerse migratieachtergrond;17 jaar;2007;7039;3011;4028
1301;Totaal;Westerse migratieachtergrond;17 jaar;2008;8268;3541;4727
1302;Totaal;Westerse migratieachtergrond;17 jaar;2009;9280;3982;5298
1303;Totaal;Westerse migratieachtergrond;17 jaar;2010;11872;5304;6568
1304;Totaal;Westerse migratieachtergrond;17 jaar;2011;13759;6073;7686
1305;Totaal;Westerse migratieachtergrond;17 jaar;2012;12740;5769;6971
1306;Totaal;Westerse migratieachtergrond;17 jaar;2013;12767;5706;7061
1307;Totaal;Westerse migratieachtergrond;17 jaar;2014;10845;4476;6369
1308;Totaal;Westerse migratieachtergrond;17 jaar;2015;9618;3889;5729
1309;Totaal;Westerse migratieachtergrond;17 jaar;2016;10022;3972;6050
1310;Totaal;Westerse migratieachtergrond;17 jaar;2017;11221;4756;6465
1311;Totaal;Westerse migratieachtergrond;17 jaar;2018;14287;6020;8267
1312;Totaal;Westerse migratieachtergrond;18 jaar;2003;5241;2170;3071
1313;Totaal;Westerse migratieachtergrond;18 jaar;2004;5678;2450;3228
1314;Totaal;Westerse migratieachtergrond;18 jaar;2005;6377;2757;3620
1315;Totaal;Westerse migratieachtergrond;18 jaar;2006;6307;2651;3656
1316;Totaal;Westerse migratieachtergrond;18 jaar;2007;6592;2786;3806
1317;Totaal;Westerse migratieachtergrond;18 jaar;2008;6865;2932;3933
1318;Totaal;Westerse migratieachtergrond;18 jaar;2009;8081;3434;4647
1319;Totaal;Westerse migratieachtergrond;18 jaar;2010;9166;3897;5269
1320;Totaal;Westerse migratieachtergrond;18 jaar;2011;11616;5187;6429
1321;Totaal;Westerse migratieachtergrond;18 jaar;2012;13431;5875;7556
1322;Totaal;Westerse migratieachtergrond;18 jaar;2013;12490;5648;6842
1323;Totaal;Westerse migratieachtergrond;18 jaar;2014;12513;5570;6943
1324;Totaal;Westerse migratieachtergrond;18 jaar;2015;10589;4342;6247
1325;Totaal;Westerse migratieachtergrond;18 jaar;2016;9406;3786;5620
1326;Totaal;Westerse migratieachtergrond;18 jaar;2017;9781;3851;5930
1327;Totaal;Westerse migratieachtergrond;18 jaar;2018;10989;4637;6352
1328;Totaal;Westerse migratieachtergrond;19 jaar;2003;5293;2132;3161
1329;Totaal;Westerse migratieachtergrond;19 jaar;2004;5152;2125;3027
1330;Totaal;Westerse migratieachtergrond;19 jaar;2005;5531;2374;3157
1331;Totaal;Westerse migratieachtergrond;19 jaar;2006;6213;2658;3555
1332;Totaal;Westerse migratieachtergrond;19 jaar;2007;6141;2574;3567
1333;Totaal;Westerse migratieachtergrond;19 jaar;2008;6433;2696;3737
1334;Totaal;Westerse migratieachtergrond;19 jaar;2009;6712;2860;3852
1335;Totaal;Westerse migratieachtergrond;19 jaar;2010;8009;3383;4626
1336;Totaal;Westerse migratieachtergrond;19 jaar;2011;8924;3778;5146
1337;Totaal;Westerse migratieachtergrond;19 jaar;2012;11358;5041;6317
1338;Totaal;Westerse migratieachtergrond;19 jaar;2013;13147;5738;7409
1339;Totaal;Westerse migratieachtergrond;19 jaar;2014;12215;5500;6715
1340;Totaal;Westerse migratieachtergrond;19 jaar;2015;12248;5434;6814
1341;Totaal;Westerse migratieachtergrond;19 jaar;2016;10396;4240;6156
1342;Totaal;Westerse migratieachtergrond;19 jaar;2017;9206;3688;5518
1343;Totaal;Westerse migratieachtergrond;19 jaar;2018;9564;3754;5810
1344;Totaal;Westerse migratieachtergrond;20 jaar;2003;5645;2310;3335
1345;Totaal;Westerse migratieachtergrond;20 jaar;2004;5179;2074;3105
1346;Totaal;Westerse migratieachtergrond;20 jaar;2005;5021;2064;2957
1347;Totaal;Westerse migratieachtergrond;20 jaar;2006;5387;2300;3087
1348;Totaal;Westerse migratieachtergrond;20 jaar;2007;6041;2577;3464
1349;Totaal;Westerse migratieachtergrond;20 jaar;2008;5992;2510;3482
1350;Totaal;Westerse migratieachtergrond;20 jaar;2009;6281;2609;3672
1351;Totaal;Westerse migratieachtergrond;20 jaar;2010;6611;2808;3803
1352;Totaal;Westerse migratieachtergrond;20 jaar;2011;7832;3297;4535
1353;Totaal;Westerse migratieachtergrond;20 jaar;2012;8726;3691;5035
1354;Totaal;Westerse migratieachtergrond;20 jaar;2013;11123;4914;6209
1355;Totaal;Westerse migratieachtergrond;20 jaar;2014;12921;5605;7316
1356;Totaal;Westerse migratieachtergrond;20 jaar;2015;11998;5384;6614
1357;Totaal;Westerse migratieachtergrond;20 jaar;2016;12027;5317;6710
1358;Totaal;Westerse migratieachtergrond;20 jaar;2017;10199;4135;6064
1359;Totaal;Westerse migratieachtergrond;20 jaar;2018;9027;3592;5435
1360;Totaal;Westerse migratieachtergrond;21 jaar;2003;5822;2408;3414
1361;Totaal;Westerse migratieachtergrond;21 jaar;2004;5546;2261;3285
1362;Totaal;Westerse migratieachtergrond;21 jaar;2005;5054;2014;3040
1363;Totaal;Westerse migratieachtergrond;21 jaar;2006;4880;1994;2886
1364;Totaal;Westerse migratieachtergrond;21 jaar;2007;5232;2219;3013
1365;Totaal;Westerse migratieachtergrond;21 jaar;2008;5900;2499;3401
1366;Totaal;Westerse migratieachtergrond;21 jaar;2009;5849;2434;3415
1367;Totaal;Westerse migratieachtergrond;21 jaar;2010;6221;2570;3651
1368;Totaal;Westerse migratieachtergrond;21 jaar;2011;6482;2737;3745
1369;Totaal;Westerse migratieachtergrond;21 jaar;2012;7641;3209;4432
1370;Totaal;Westerse migratieachtergrond;21 jaar;2013;8537;3595;4942
1371;Totaal;Westerse migratieachtergrond;21 jaar;2014;10901;4793;6108
1372;Totaal;Westerse migratieachtergrond;21 jaar;2015;12674;5464;7210
1373;Totaal;Westerse migratieachtergrond;21 jaar;2016;11772;5268;6504
1374;Totaal;Westerse migratieachtergrond;21 jaar;2017;11821;5219;6602
1375;Totaal;Westerse migratieachtergrond;21 jaar;2018;10028;4042;5986
1376;Totaal;Westerse migratieachtergrond;22 jaar;2003;6182;2676;3506
1377;Totaal;Westerse migratieachtergrond;22 jaar;2004;5700;2354;3346
1378;Totaal;Westerse migratieachtergrond;22 jaar;2005;5429;2203;3226
1379;Totaal;Westerse migratieachtergrond;22 jaar;2006;4937;1963;2974
1380;Totaal;Westerse migratieachtergrond;22 jaar;2007;4729;1915;2814
1381;Totaal;Westerse migratieachtergrond;22 jaar;2008;5102;2151;2951
1382;Totaal;Westerse migratieachtergrond;22 jaar;2009;5779;2436;3343
1383;Totaal;Westerse migratieachtergrond;22 jaar;2010;5787;2388;3399
1384;Totaal;Westerse migratieachtergrond;22 jaar;2011;6075;2493;3582
1385;Totaal;Westerse migratieachtergrond;22 jaar;2012;6339;2672;3667
1386;Totaal;Westerse migratieachtergrond;22 jaar;2013;7491;3126;4365
1387;Totaal;Westerse migratieachtergrond;22 jaar;2014;8375;3505;4870
1388;Totaal;Westerse migratieachtergrond;22 jaar;2015;10675;4674;6001
1389;Totaal;Westerse migratieachtergrond;22 jaar;2016;12438;5336;7102
1390;Totaal;Westerse migratieachtergrond;22 jaar;2017;11554;5154;6400
1391;Totaal;Westerse migratieachtergrond;22 jaar;2018;11662;5135;6527
1392;Totaal;Westerse migratieachtergrond;23 jaar;2003;6172;2660;3512
1393;Totaal;Westerse migratieachtergrond;23 jaar;2004;6057;2608;3449
1394;Totaal;Westerse migratieachtergrond;23 jaar;2005;5575;2285;3290
1395;Totaal;Westerse migratieachtergrond;23 jaar;2006;5314;2141;3173
1396;Totaal;Westerse migratieachtergrond;23 jaar;2007;4830;1909;2921
1397;Totaal;Westerse migratieachtergrond;23 jaar;2008;4600;1856;2744
1398;Totaal;Westerse migratieachtergrond;23 jaar;2009;4985;2089;2896
1399;Totaal;Westerse migratieachtergrond;23 jaar;2010;5729;2416;3313
1400;Totaal;Westerse migratieachtergrond;23 jaar;2011;5687;2331;3356
1401;Totaal;Westerse migratieachtergrond;23 jaar;2012;5932;2419;3513
1402;Totaal;Westerse migratieachtergrond;23 jaar;2013;6203;2600;3603
1403;Totaal;Westerse migratieachtergrond;23 jaar;2014;7321;3031;4290
1404;Totaal;Westerse migratieachtergrond;23 jaar;2015;8207;3424;4783
1405;Totaal;Westerse migratieachtergrond;23 jaar;2016;10484;4585;5899
1406;Totaal;Westerse migratieachtergrond;23 jaar;2017;12240;5232;7008
1407;Totaal;Westerse migratieachtergrond;23 jaar;2018;11372;5062;6310
1408;Totaal;Westerse migratieachtergrond;24 jaar;2003;6165;2739;3426
1409;Totaal;Westerse migratieachtergrond;24 jaar;2004;6066;2603;3463
1410;Totaal;Westerse migratieachtergrond;24 jaar;2005;5917;2538;3379
1411;Totaal;Westerse migratieachtergrond;24 jaar;2006;5451;2217;3234
1412;Totaal;Westerse migratieachtergrond;24 jaar;2007;5200;2080;3120
1413;Totaal;Westerse migratieachtergrond;24 jaar;2008;4704;1849;2855
1414;Totaal;Westerse migratieachtergrond;24 jaar;2009;4522;1818;2704
1415;Totaal;Westerse migratieachtergrond;24 jaar;2010;4965;2070;2895
1416;Totaal;Westerse migratieachtergrond;24 jaar;2011;5624;2367;3257
1417;Totaal;Westerse migratieachtergrond;24 jaar;2012;5543;2266;3277
1418;Totaal;Westerse migratieachtergrond;24 jaar;2013;5813;2350;3463
1419;Totaal;Westerse migratieachtergrond;24 jaar;2014;6072;2541;3531
1420;Totaal;Westerse migratieachtergrond;24 jaar;2015;7171;2944;4227
1421;Totaal;Westerse migratieachtergrond;24 jaar;2016;8071;3358;4713
1422;Totaal;Westerse migratieachtergrond;24 jaar;2017;10285;4491;5794
1423;Totaal;Westerse migratieachtergrond;24 jaar;2018;12045;5126;6919
1424;Totaal;Westerse migratieachtergrond;25 jaar;2003;6177;2599;3578
1425;Totaal;Westerse migratieachtergrond;25 jaar;2004;6067;2689;3378
1426;Totaal;Westerse migratieachtergrond;25 jaar;2005;5967;2553;3414
1427;Totaal;Westerse migratieachtergrond;25 jaar;2006;5797;2474;3323
1428;Totaal;Westerse migratieachtergrond;25 jaar;2007;5333;2158;3175
1429;Totaal;Westerse migratieachtergrond;25 jaar;2008;5095;2032;3063
1430;Totaal;Westerse migratieachtergrond;25 jaar;2009;4613;1802;2811
1431;Totaal;Westerse migratieachtergrond;25 jaar;2010;4497;1799;2698
1432;Totaal;Westerse migratieachtergrond;25 jaar;2011;4890;2028;2862
1433;Totaal;Westerse migratieachtergrond;25 jaar;2012;5519;2316;3203
1434;Totaal;Westerse migratieachtergrond;25 jaar;2013;5431;2213;3218
1435;Totaal;Westerse migratieachtergrond;25 jaar;2014;5696;2287;3409
1436;Totaal;Westerse migratieachtergrond;25 jaar;2015;5943;2466;3477
1437;Totaal;Westerse migratieachtergrond;25 jaar;2016;7032;2877;4155
1438;Totaal;Westerse migratieachtergrond;25 jaar;2017;7943;3303;4640
1439;Totaal;Westerse migratieachtergrond;25 jaar;2018;10100;4400;5700
1440;Totaal;Westerse migratieachtergrond;26 jaar;2003;6383;2726;3657
1441;Totaal;Westerse migratieachtergrond;26 jaar;2004;6068;2546;3522
1442;Totaal;Westerse migratieachtergrond;26 jaar;2005;5964;2638;3326
1443;Totaal;Westerse migratieachtergrond;26 jaar;2006;5860;2499;3361
1444;Totaal;Westerse migratieachtergrond;26 jaar;2007;5668;2403;3265
1445;Totaal;Westerse migratieachtergrond;26 jaar;2008;5228;2110;3118
1446;Totaal;Westerse migratieachtergrond;26 jaar;2009;5011;1990;3021
1447;Totaal;Westerse migratieachtergrond;26 jaar;2010;4575;1776;2799
1448;Totaal;Westerse migratieachtergrond;26 jaar;2011;4416;1756;2660
1449;Totaal;Westerse migratieachtergrond;26 jaar;2012;4774;1968;2806
1450;Totaal;Westerse migratieachtergrond;26 jaar;2013;5415;2258;3157
1451;Totaal;Westerse migratieachtergrond;26 jaar;2014;5322;2161;3161
1452;Totaal;Westerse migratieachtergrond;26 jaar;2015;5592;2245;3347
1453;Totaal;Westerse migratieachtergrond;26 jaar;2016;5807;2400;3407
1454;Totaal;Westerse migratieachtergrond;26 jaar;2017;6907;2824;4083
1455;Totaal;Westerse migratieachtergrond;26 jaar;2018;7812;3241;4571
1456;Totaal;Westerse migratieachtergrond;27 jaar;2003;6869;3040;3829
1457;Totaal;Westerse migratieachtergrond;27 jaar;2004;6279;2675;3604
1458;Totaal;Westerse migratieachtergrond;27 jaar;2005;5954;2487;3467
1459;Totaal;Westerse migratieachtergrond;27 jaar;2006;5836;2568;3268
1460;Totaal;Westerse migratieachtergrond;27 jaar;2007;5729;2425;3304
1461;Totaal;Westerse migratieachtergrond;27 jaar;2008;5562;2344;3218
1462;Totaal;Westerse migratieachtergrond;27 jaar;2009;5125;2058;3067
1463;Totaal;Westerse migratieachtergrond;27 jaar;2010;5018;1988;3030
1464;Totaal;Westerse migratieachtergrond;27 jaar;2011;4477;1730;2747
1465;Totaal;Westerse migratieachtergrond;27 jaar;2012;4320;1711;2609
1466;Totaal;Westerse migratieachtergrond;27 jaar;2013;4681;1926;2755
1467;Totaal;Westerse migratieachtergrond;27 jaar;2014;5311;2197;3114
1468;Totaal;Westerse migratieachtergrond;27 jaar;2015;5215;2106;3109
1469;Totaal;Westerse migratieachtergrond;27 jaar;2016;5478;2192;3286
1470;Totaal;Westerse migratieachtergrond;27 jaar;2017;5725;2359;3366
1471;Totaal;Westerse migratieachtergrond;27 jaar;2018;6783;2758;4025
1472;Totaal;Westerse migratieachtergrond;28 jaar;2003;6678;3006;3672
1473;Totaal;Westerse migratieachtergrond;28 jaar;2004;6731;2973;3758
1474;Totaal;Westerse migratieachtergrond;28 jaar;2005;6173;2624;3549
1475;Totaal;Westerse migratieachtergrond;28 jaar;2006;5841;2433;3408
1476;Totaal;Westerse migratieachtergrond;28 jaar;2007;5722;2510;3212
1477;Totaal;Westerse migratieachtergrond;28 jaar;2008;5613;2361;3252
1478;Totaal;Westerse migratieachtergrond;28 jaar;2009;5461;2296;3165
1479;Totaal;Westerse migratieachtergrond;28 jaar;2010;5081;2038;3043
1480;Totaal;Westerse migratieachtergrond;28 jaar;2011;4941;1958;2983
1481;Totaal;Westerse migratieachtergrond;28 jaar;2012;4383;1686;2697
1482;Totaal;Westerse migratieachtergrond;28 jaar;2013;4257;1683;2574
1483;Totaal;Westerse migratieachtergrond;28 jaar;2014;4588;1886;2702
1484;Totaal;Westerse migratieachtergrond;28 jaar;2015;5226;2148;3078
1485;Totaal;Westerse migratieachtergrond;28 jaar;2016;5125;2060;3065
1486;Totaal;Westerse migratieachtergrond;28 jaar;2017;5379;2142;3237
1487;Totaal;Westerse migratieachtergrond;28 jaar;2018;5612;2298;3314
1488;Totaal;Westerse migratieachtergrond;29 jaar;2003;6681;3044;3637
1489;Totaal;Westerse migratieachtergrond;29 jaar;2004;6573;2946;3627
1490;Totaal;Westerse migratieachtergrond;29 jaar;2005;6613;2909;3704
1491;Totaal;Westerse migratieachtergrond;29 jaar;2006;6050;2566;3484
1492;Totaal;Westerse migratieachtergrond;29 jaar;2007;5715;2374;3341
1493;Totaal;Westerse migratieachtergrond;29 jaar;2008;5621;2460;3161
1494;Totaal;Westerse migratieachtergrond;29 jaar;2009;5505;2305;3200
1495;Totaal;Westerse migratieachtergrond;29 jaar;2010;5421;2264;3157
1496;Totaal;Westerse migratieachtergrond;29 jaar;2011;5001;1997;3004
1497;Totaal;Westerse migratieachtergrond;29 jaar;2012;4846;1917;2929
1498;Totaal;Westerse migratieachtergrond;29 jaar;2013;4305;1644;2661
1499;Totaal;Westerse migratieachtergrond;29 jaar;2014;4182;1638;2544
1500;Totaal;Westerse migratieachtergrond;29 jaar;2015;4507;1839;2668
1501;Totaal;Westerse migratieachtergrond;29 jaar;2016;5126;2097;3029
1502;Totaal;Westerse migratieachtergrond;29 jaar;2017;5048;2017;3031
1503;Totaal;Westerse migratieachtergrond;29 jaar;2018;5286;2096;3190
1504;Totaal;Westerse migratieachtergrond;30 jaar;2003;6658;2831;3827
1505;Totaal;Westerse migratieachtergrond;30 jaar;2004;6560;2973;3587
1506;Totaal;Westerse migratieachtergrond;30 jaar;2005;6437;2866;3571
1507;Totaal;Westerse migratieachtergrond;30 jaar;2006;6479;2833;3646
1508;Totaal;Westerse migratieachtergrond;30 jaar;2007;5947;2516;3431
1509;Totaal;Westerse migratieachtergrond;30 jaar;2008;5619;2333;3286
1510;Totaal;Westerse migratieachtergrond;30 jaar;2009;5523;2405;3118
1511;Totaal;Westerse migratieachtergrond;30 jaar;2010;5473;2295;3178
1512;Totaal;Westerse migratieachtergrond;30 jaar;2011;5331;2212;3119
1513;Totaal;Westerse migratieachtergrond;30 jaar;2012;4902;1946;2956
1514;Totaal;Westerse migratieachtergrond;30 jaar;2013;4776;1878;2898
1515;Totaal;Westerse migratieachtergrond;30 jaar;2014;4240;1618;2622
1516;Totaal;Westerse migratieachtergrond;30 jaar;2015;4126;1608;2518
1517;Totaal;Westerse migratieachtergrond;30 jaar;2016;4407;1783;2624
1518;Totaal;Westerse migratieachtergrond;30 jaar;2017;5018;2039;2979
1519;Totaal;Westerse migratieachtergrond;30 jaar;2018;4963;1972;2991
1520;Totaal;Westerse migratieachtergrond;31 jaar;2003;7707;3699;4008
1521;Totaal;Westerse migratieachtergrond;31 jaar;2004;6568;2786;3782
1522;Totaal;Westerse migratieachtergrond;31 jaar;2005;6452;2912;3540
1523;Totaal;Westerse migratieachtergrond;31 jaar;2006;6311;2797;3514
1524;Totaal;Westerse migratieachtergrond;31 jaar;2007;6371;2780;3591
1525;Totaal;Westerse migratieachtergrond;31 jaar;2008;5838;2463;3375
1526;Totaal;Westerse migratieachtergrond;31 jaar;2009;5510;2287;3223
1527;Totaal;Westerse migratieachtergrond;31 jaar;2010;5485;2395;3090
1528;Totaal;Westerse migratieachtergrond;31 jaar;2011;5383;2246;3137
1529;Totaal;Westerse migratieachtergrond;31 jaar;2012;5237;2164;3073
1530;Totaal;Westerse migratieachtergrond;31 jaar;2013;4836;1913;2923
1531;Totaal;Westerse migratieachtergrond;31 jaar;2014;4685;1845;2840
1532;Totaal;Westerse migratieachtergrond;31 jaar;2015;4172;1586;2586
1533;Totaal;Westerse migratieachtergrond;31 jaar;2016;4036;1566;2470
1534;Totaal;Westerse migratieachtergrond;31 jaar;2017;4325;1743;2582
1535;Totaal;Westerse migratieachtergrond;31 jaar;2018;4934;1998;2936
1536;Totaal;Westerse migratieachtergrond;32 jaar;2003;7166;3403;3763
1537;Totaal;Westerse migratieachtergrond;32 jaar;2004;7571;3622;3949
1538;Totaal;Westerse migratieachtergrond;32 jaar;2005;6440;2723;3717
1539;Totaal;Westerse migratieachtergrond;32 jaar;2006;6332;2845;3487
1540;Totaal;Westerse migratieachtergrond;32 jaar;2007;6190;2734;3456
1541;Totaal;Westerse migratieachtergrond;32 jaar;2008;6252;2723;3529
1542;Totaal;Westerse migratieachtergrond;32 jaar;2009;5739;2419;3320
1543;Totaal;Westerse migratieachtergrond;32 jaar;2010;5481;2270;3211
1544;Totaal;Westerse migratieachtergrond;32 jaar;2011;5406;2355;3051
1545;Totaal;Westerse migratieachtergrond;32 jaar;2012;5252;2190;3062
1546;Totaal;Westerse migratieachtergrond;32 jaar;2013;5162;2127;3035
1547;Totaal;Westerse migratieachtergrond;32 jaar;2014;4768;1884;2884
1548;Totaal;Westerse migratieachtergrond;32 jaar;2015;4597;1799;2798
1549;Totaal;Westerse migratieachtergrond;32 jaar;2016;4100;1552;2548
1550;Totaal;Westerse migratieachtergrond;32 jaar;2017;3958;1526;2432
1551;Totaal;Westerse migratieachtergrond;32 jaar;2018;4243;1701;2542
1552;Totaal;Westerse migratieachtergrond;33 jaar;2003;6383;3057;3326
1553;Totaal;Westerse migratieachtergrond;33 jaar;2004;7036;3329;3707
1554;Totaal;Westerse migratieachtergrond;33 jaar;2005;7428;3545;3883
1555;Totaal;Westerse migratieachtergrond;33 jaar;2006;6326;2666;3660
1556;Totaal;Westerse migratieachtergrond;33 jaar;2007;6184;2775;3409
1557;Totaal;Westerse migratieachtergrond;33 jaar;2008;6074;2671;3403
1558;Totaal;Westerse migratieachtergrond;33 jaar;2009;6126;2654;3472
1559;Totaal;Westerse migratieachtergrond;33 jaar;2010;5692;2401;3291
1560;Totaal;Westerse migratieachtergrond;33 jaar;2011;5395;2229;3166
1561;Totaal;Westerse migratieachtergrond;33 jaar;2012;5315;2308;3007
1562;Totaal;Westerse migratieachtergrond;33 jaar;2013;5176;2156;3020
1563;Totaal;Westerse migratieachtergrond;33 jaar;2014;5089;2090;2999
1564;Totaal;Westerse migratieachtergrond;33 jaar;2015;4691;1847;2844
1565;Totaal;Westerse migratieachtergrond;33 jaar;2016;4526;1763;2763
1566;Totaal;Westerse migratieachtergrond;33 jaar;2017;4035;1525;2510
1567;Totaal;Westerse migratieachtergrond;33 jaar;2018;3895;1496;2399
1568;Totaal;Westerse migratieachtergrond;34 jaar;2003;5693;2602;3091
1569;Totaal;Westerse migratieachtergrond;34 jaar;2004;6275;3006;3269
1570;Totaal;Westerse migratieachtergrond;34 jaar;2005;6898;3258;3640
1571;Totaal;Westerse migratieachtergrond;34 jaar;2006;7274;3456;3818
1572;Totaal;Westerse migratieachtergrond;34 jaar;2007;6199;2608;3591
1573;Totaal;Westerse migratieachtergrond;34 jaar;2008;6073;2716;3357
1574;Totaal;Westerse migratieachtergrond;34 jaar;2009;5959;2608;3351
1575;Totaal;Westerse migratieachtergrond;34 jaar;2010;6100;2629;3471
1576;Totaal;Westerse migratieachtergrond;34 jaar;2011;5586;2342;3244
1577;Totaal;Westerse migratieachtergrond;34 jaar;2012;5311;2184;3127
1578;Totaal;Westerse migratieachtergrond;34 jaar;2013;5242;2264;2978
1579;Totaal;Westerse migratieachtergrond;34 jaar;2014;5084;2103;2981
1580;Totaal;Westerse migratieachtergrond;34 jaar;2015;5010;2045;2965
1581;Totaal;Westerse migratieachtergrond;34 jaar;2016;4591;1800;2791
1582;Totaal;Westerse migratieachtergrond;34 jaar;2017;4443;1728;2715
1583;Totaal;Westerse migratieachtergrond;34 jaar;2018;3975;1497;2478
1584;Totaal;Westerse migratieachtergrond;35 jaar;2003;4993;2268;2725
1585;Totaal;Westerse migratieachtergrond;35 jaar;2004;5580;2547;3033
1586;Totaal;Westerse migratieachtergrond;35 jaar;2005;6179;2948;3231
1587;Totaal;Westerse migratieachtergrond;35 jaar;2006;6724;3173;3551
1588;Totaal;Westerse migratieachtergrond;35 jaar;2007;7120;3371;3749
1589;Totaal;Westerse migratieachtergrond;35 jaar;2008;6086;2557;3529
1590;Totaal;Westerse migratieachtergrond;35 jaar;2009;5944;2660;3284
1591;Totaal;Westerse migratieachtergrond;35 jaar;2010;5922;2578;3344
1592;Totaal;Westerse migratieachtergrond;35 jaar;2011;5989;2563;3426
1593;Totaal;Westerse migratieachtergrond;35 jaar;2012;5477;2295;3182
1594;Totaal;Westerse migratieachtergrond;35 jaar;2013;5209;2137;3072
1595;Totaal;Westerse migratieachtergrond;35 jaar;2014;5179;2233;2946
1596;Totaal;Westerse migratieachtergrond;35 jaar;2015;5024;2078;2946
1597;Totaal;Westerse migratieachtergrond;35 jaar;2016;4926;2010;2916
1598;Totaal;Westerse migratieachtergrond;35 jaar;2017;4502;1754;2748
1599;Totaal;Westerse migratieachtergrond;35 jaar;2018;4366;1695;2671
1600;Totaal;Westerse migratieachtergrond;36 jaar;2003;6537;3212;3325
1601;Totaal;Westerse migratieachtergrond;36 jaar;2004;4913;2232;2681
1602;Totaal;Westerse migratieachtergrond;36 jaar;2005;5483;2493;2990
1603;Totaal;Westerse migratieachtergrond;36 jaar;2006;6037;2870;3167
1604;Totaal;Westerse migratieachtergrond;36 jaar;2007;6564;3085;3479
1605;Totaal;Westerse migratieachtergrond;36 jaar;2008;6970;3278;3692
1606;Totaal;Westerse migratieachtergrond;36 jaar;2009;5962;2505;3457
1607;Totaal;Westerse migratieachtergrond;36 jaar;2010;5883;2623;3260
1608;Totaal;Westerse migratieachtergrond;36 jaar;2011;5824;2531;3293
1609;Totaal;Westerse migratieachtergrond;36 jaar;2012;5903;2519;3384
1610;Totaal;Westerse migratieachtergrond;36 jaar;2013;5387;2245;3142
1611;Totaal;Westerse migratieachtergrond;36 jaar;2014;5133;2094;3039
1612;Totaal;Westerse migratieachtergrond;36 jaar;2015;5093;2184;2909
1613;Totaal;Westerse migratieachtergrond;36 jaar;2016;4950;2045;2905
1614;Totaal;Westerse migratieachtergrond;36 jaar;2017;4840;1969;2871
1615;Totaal;Westerse migratieachtergrond;36 jaar;2018;4435;1730;2705
1616;Totaal;Westerse migratieachtergrond;37 jaar;2003;7037;3497;3540
1617;Totaal;Westerse migratieachtergrond;37 jaar;2004;6425;3146;3279
1618;Totaal;Westerse migratieachtergrond;37 jaar;2005;4802;2183;2619
1619;Totaal;Westerse migratieachtergrond;37 jaar;2006;5372;2434;2938
1620;Totaal;Westerse migratieachtergrond;37 jaar;2007;5910;2798;3112
1621;Totaal;Westerse migratieachtergrond;37 jaar;2008;6417;3008;3409
1622;Totaal;Westerse migratieachtergrond;37 jaar;2009;6830;3212;3618
1623;Totaal;Westerse migratieachtergrond;37 jaar;2010;5898;2479;3419
1624;Totaal;Westerse migratieachtergrond;37 jaar;2011;5790;2571;3219
1625;Totaal;Westerse migratieachtergrond;37 jaar;2012;5715;2469;3246
1626;Totaal;Westerse migratieachtergrond;37 jaar;2013;5807;2465;3342
1627;Totaal;Westerse migratieachtergrond;37 jaar;2014;5302;2197;3105
1628;Totaal;Westerse migratieachtergrond;37 jaar;2015;5054;2052;3002
1629;Totaal;Westerse migratieachtergrond;37 jaar;2016;5015;2142;2873
1630;Totaal;Westerse migratieachtergrond;37 jaar;2017;4870;1999;2871
1631;Totaal;Westerse migratieachtergrond;37 jaar;2018;4770;1931;2839
1632;Totaal;Westerse migratieachtergrond;38 jaar;2003;5855;3013;2842
1633;Totaal;Westerse migratieachtergrond;38 jaar;2004;6907;3424;3483
1634;Totaal;Westerse migratieachtergrond;38 jaar;2005;6298;3068;3230
1635;Totaal;Westerse migratieachtergrond;38 jaar;2006;4725;2147;2578
1636;Totaal;Westerse migratieachtergrond;38 jaar;2007;5260;2378;2882
1637;Totaal;Westerse migratieachtergrond;38 jaar;2008;5803;2739;3064
1638;Totaal;Westerse migratieachtergrond;38 jaar;2009;6290;2928;3362
1639;Totaal;Westerse migratieachtergrond;38 jaar;2010;6732;3144;3588
1640;Totaal;Westerse migratieachtergrond;38 jaar;2011;5810;2431;3379
1641;Totaal;Westerse migratieachtergrond;38 jaar;2012;5681;2510;3171
1642;Totaal;Westerse migratieachtergrond;38 jaar;2013;5597;2405;3192
1643;Totaal;Westerse migratieachtergrond;38 jaar;2014;5711;2424;3287
1644;Totaal;Westerse migratieachtergrond;38 jaar;2015;5204;2158;3046
1645;Totaal;Westerse migratieachtergrond;38 jaar;2016;4978;2016;2962
1646;Totaal;Westerse migratieachtergrond;38 jaar;2017;4933;2104;2829
1647;Totaal;Westerse migratieachtergrond;38 jaar;2018;4794;1964;2830
1648;Totaal;Westerse migratieachtergrond;39 jaar;2003;4086;2014;2072
1649;Totaal;Westerse migratieachtergrond;39 jaar;2004;5754;2954;2800
1650;Totaal;Westerse migratieachtergrond;39 jaar;2005;6773;3351;3422
1651;Totaal;Westerse migratieachtergrond;39 jaar;2006;6166;2996;3170
1652;Totaal;Westerse migratieachtergrond;39 jaar;2007;4632;2110;2522
1653;Totaal;Westerse migratieachtergrond;39 jaar;2008;5146;2315;2831
1654;Totaal;Westerse migratieachtergrond;39 jaar;2009;5670;2668;3002
1655;Totaal;Westerse migratieachtergrond;39 jaar;2010;6244;2889;3355
1656;Totaal;Westerse migratieachtergrond;39 jaar;2011;6598;3067;3531
1657;Totaal;Westerse migratieachtergrond;39 jaar;2012;5696;2377;3319
1658;Totaal;Westerse migratieachtergrond;39 jaar;2013;5579;2454;3125
1659;Totaal;Westerse migratieachtergrond;39 jaar;2014;5501;2358;3143
1660;Totaal;Westerse migratieachtergrond;39 jaar;2015;5609;2372;3237
1661;Totaal;Westerse migratieachtergrond;39 jaar;2016;5125;2117;3008
1662;Totaal;Westerse migratieachtergrond;39 jaar;2017;4882;1975;2907
1663;Totaal;Westerse migratieachtergrond;39 jaar;2018;4857;2057;2800
1664;Totaal;Westerse migratieachtergrond;40 jaar;2003;10464;5154;5310
1665;Totaal;Westerse migratieachtergrond;40 jaar;2004;4010;1968;2042
1666;Totaal;Westerse migratieachtergrond;40 jaar;2005;5636;2886;2750
1667;Totaal;Westerse migratieachtergrond;40 jaar;2006;6624;3264;3360
1668;Totaal;Westerse migratieachtergrond;40 jaar;2007;6014;2904;3110
1669;Totaal;Westerse migratieachtergrond;40 jaar;2008;4532;2060;2472
1670;Totaal;Westerse migratieachtergrond;40 jaar;2009;5032;2266;2766
1671;Totaal;Westerse migratieachtergrond;40 jaar;2010;5638;2649;2989
1672;Totaal;Westerse migratieachtergrond;40 jaar;2011;6108;2812;3296
1673;Totaal;Westerse migratieachtergrond;40 jaar;2012;6452;2985;3467
1674;Totaal;Westerse migratieachtergrond;40 jaar;2013;5599;2327;3272
1675;Totaal;Westerse migratieachtergrond;40 jaar;2014;5487;2405;3082
1676;Totaal;Westerse migratieachtergrond;40 jaar;2015;5396;2300;3096
1677;Totaal;Westerse migratieachtergrond;40 jaar;2016;5511;2325;3186
1678;Totaal;Westerse migratieachtergrond;40 jaar;2017;5023;2067;2956
1679;Totaal;Westerse migratieachtergrond;40 jaar;2018;4799;1940;2859
1680;Totaal;Westerse migratieachtergrond;41 jaar;2003;6122;2983;3139
1681;Totaal;Westerse migratieachtergrond;41 jaar;2004;10263;5039;5224
1682;Totaal;Westerse migratieachtergrond;41 jaar;2005;3922;1909;2013
1683;Totaal;Westerse migratieachtergrond;41 jaar;2006;5528;2819;2709
1684;Totaal;Westerse migratieachtergrond;41 jaar;2007;6470;3180;3290
1685;Totaal;Westerse migratieachtergrond;41 jaar;2008;5877;2835;3042
1686;Totaal;Westerse migratieachtergrond;41 jaar;2009;4455;2022;2433
1687;Totaal;Westerse migratieachtergrond;41 jaar;2010;4971;2234;2737
1688;Totaal;Westerse migratieachtergrond;41 jaar;2011;5524;2572;2952
1689;Totaal;Westerse migratieachtergrond;41 jaar;2012;5961;2733;3228
1690;Totaal;Westerse migratieachtergrond;41 jaar;2013;6333;2915;3418
1691;Totaal;Westerse migratieachtergrond;41 jaar;2014;5478;2273;3205
1692;Totaal;Westerse migratieachtergrond;41 jaar;2015;5368;2340;3028
1693;Totaal;Westerse migratieachtergrond;41 jaar;2016;5297;2245;3052
1694;Totaal;Westerse migratieachtergrond;41 jaar;2017;5396;2269;3127
1695;Totaal;Westerse migratieachtergrond;41 jaar;2018;4933;2024;2909
1696;Totaal;Westerse migratieachtergrond;42 jaar;2003;4668;2035;2633
1697;Totaal;Westerse migratieachtergrond;42 jaar;2004;6007;2921;3086
1698;Totaal;Westerse migratieachtergrond;42 jaar;2005;10030;4901;5129
1699;Totaal;Westerse migratieachtergrond;42 jaar;2006;3845;1860;1985
1700;Totaal;Westerse migratieachtergrond;42 jaar;2007;5386;2735;2651
1701;Totaal;Westerse migratieachtergrond;42 jaar;2008;6321;3088;3233
1702;Totaal;Westerse migratieachtergrond;42 jaar;2009;5752;2763;2989
1703;Totaal;Westerse migratieachtergrond;42 jaar;2010;4386;1988;2398
1704;Totaal;Westerse migratieachtergrond;42 jaar;2011;4864;2181;2683
1705;Totaal;Westerse migratieachtergrond;42 jaar;2012;5394;2497;2897
1706;Totaal;Westerse migratieachtergrond;42 jaar;2013;5822;2659;3163
1707;Totaal;Westerse migratieachtergrond;42 jaar;2014;6184;2835;3349
1708;Totaal;Westerse migratieachtergrond;42 jaar;2015;5364;2229;3135
1709;Totaal;Westerse migratieachtergrond;42 jaar;2016;5247;2282;2965
1710;Totaal;Westerse migratieachtergrond;42 jaar;2017;5195;2193;3002
1711;Totaal;Westerse migratieachtergrond;42 jaar;2018;5271;2207;3064
1712;Totaal;Westerse migratieachtergrond;43 jaar;2003;3266;1250;2016
1713;Totaal;Westerse migratieachtergrond;43 jaar;2004;4576;1984;2592
1714;Totaal;Westerse migratieachtergrond;43 jaar;2005;5884;2857;3027
1715;Totaal;Westerse migratieachtergrond;43 jaar;2006;9819;4774;5045
1716;Totaal;Westerse migratieachtergrond;43 jaar;2007;3738;1786;1952
1717;Totaal;Westerse migratieachtergrond;43 jaar;2008;5267;2660;2607
1718;Totaal;Westerse migratieachtergrond;43 jaar;2009;6180;3008;3172
1719;Totaal;Westerse migratieachtergrond;43 jaar;2010;5669;2711;2958
1720;Totaal;Westerse migratieachtergrond;43 jaar;2011;4321;1950;2371
1721;Totaal;Westerse migratieachtergrond;43 jaar;2012;4772;2126;2646
1722;Totaal;Westerse migratieachtergrond;43 jaar;2013;5266;2427;2839
1723;Totaal;Westerse migratieachtergrond;43 jaar;2014;5674;2579;3095
1724;Totaal;Westerse migratieachtergrond;43 jaar;2015;6044;2759;3285
1725;Totaal;Westerse migratieachtergrond;43 jaar;2016;5259;2172;3087
1726;Totaal;Westerse migratieachtergrond;43 jaar;2017;5134;2224;2910
1727;Totaal;Westerse migratieachtergrond;43 jaar;2018;5096;2150;2946
1728;Totaal;Westerse migratieachtergrond;44 jaar;2003;18233;8177;10056
1729;Totaal;Westerse migratieachtergrond;44 jaar;2004;3207;1225;1982
1730;Totaal;Westerse migratieachtergrond;44 jaar;2005;4487;1940;2547
1731;Totaal;Westerse migratieachtergrond;44 jaar;2006;5780;2795;2985
1732;Totaal;Westerse migratieachtergrond;44 jaar;2007;9599;4651;4948
1733;Totaal;Westerse migratieachtergrond;44 jaar;2008;3640;1731;1909
1734;Totaal;Westerse migratieachtergrond;44 jaar;2009;5156;2596;2560
1735;Totaal;Westerse migratieachtergrond;44 jaar;2010;6114;2955;3159
1736;Totaal;Westerse migratieachtergrond;44 jaar;2011;5551;2634;2917
1737;Totaal;Westerse migratieachtergrond;44 jaar;2012;4231;1907;2324
1738;Totaal;Westerse migratieachtergrond;44 jaar;2013;4682;2070;2612
1739;Totaal;Westerse migratieachtergrond;44 jaar;2014;5153;2369;2784
1740;Totaal;Westerse migratieachtergrond;44 jaar;2015;5528;2507;3021
1741;Totaal;Westerse migratieachtergrond;44 jaar;2016;5908;2693;3215
1742;Totaal;Westerse migratieachtergrond;44 jaar;2017;5155;2132;3023
1743;Totaal;Westerse migratieachtergrond;44 jaar;2018;5034;2166;2868
1744;Totaal;Westerse migratieachtergrond;45 jaar;2003;6970;3060;3910
1745;Totaal;Westerse migratieachtergrond;45 jaar;2004;17840;7995;9845
1746;Totaal;Westerse migratieachtergrond;45 jaar;2005;3124;1188;1936
1747;Totaal;Westerse migratieachtergrond;45 jaar;2006;4368;1886;2482
1748;Totaal;Westerse migratieachtergrond;45 jaar;2007;5644;2723;2921
1749;Totaal;Westerse migratieachtergrond;45 jaar;2008;9398;4549;4849
1750;Totaal;Westerse migratieachtergrond;45 jaar;2009;3544;1678;1866
1751;Totaal;Westerse migratieachtergrond;45 jaar;2010;5094;2541;2553
1752;Totaal;Westerse migratieachtergrond;45 jaar;2011;6002;2887;3115
1753;Totaal;Westerse migratieachtergrond;45 jaar;2012;5419;2562;2857
1754;Totaal;Westerse migratieachtergrond;45 jaar;2013;4150;1862;2288
1755;Totaal;Westerse migratieachtergrond;45 jaar;2014;4578;2022;2556
1756;Totaal;Westerse migratieachtergrond;45 jaar;2015;5023;2293;2730
1757;Totaal;Westerse migratieachtergrond;45 jaar;2016;5400;2438;2962
1758;Totaal;Westerse migratieachtergrond;45 jaar;2017;5779;2620;3159
1759;Totaal;Westerse migratieachtergrond;45 jaar;2018;5044;2073;2971
1760;Totaal;Westerse migratieachtergrond;46 jaar;2003;7596;3716;3880
1761;Totaal;Westerse migratieachtergrond;46 jaar;2004;6824;3003;3821
1762;Totaal;Westerse migratieachtergrond;46 jaar;2005;17391;7805;9586
1763;Totaal;Westerse migratieachtergrond;46 jaar;2006;3052;1154;1898
1764;Totaal;Westerse migratieachtergrond;46 jaar;2007;4248;1837;2411
1765;Totaal;Westerse migratieachtergrond;46 jaar;2008;5516;2654;2862
1766;Totaal;Westerse migratieachtergrond;46 jaar;2009;9184;4443;4741
1767;Totaal;Westerse migratieachtergrond;46 jaar;2010;3486;1644;1842
1768;Totaal;Westerse migratieachtergrond;46 jaar;2011;4972;2474;2498
1769;Totaal;Westerse migratieachtergrond;46 jaar;2012;5878;2821;3057
1770;Totaal;Westerse migratieachtergrond;46 jaar;2013;5303;2501;2802
1771;Totaal;Westerse migratieachtergrond;46 jaar;2014;4067;1820;2247
1772;Totaal;Westerse migratieachtergrond;46 jaar;2015;4465;1962;2503
1773;Totaal;Westerse migratieachtergrond;46 jaar;2016;4904;2229;2675
1774;Totaal;Westerse migratieachtergrond;46 jaar;2017;5264;2362;2902
1775;Totaal;Westerse migratieachtergrond;46 jaar;2018;5649;2564;3085
1776;Totaal;Westerse migratieachtergrond;47 jaar;2003;7839;3572;4267
1777;Totaal;Westerse migratieachtergrond;47 jaar;2004;7411;3614;3797
1778;Totaal;Westerse migratieachtergrond;47 jaar;2005;6675;2940;3735
1779;Totaal;Westerse migratieachtergrond;47 jaar;2006;16965;7606;9359
1780;Totaal;Westerse migratieachtergrond;47 jaar;2007;2980;1128;1852
1781;Totaal;Westerse migratieachtergrond;47 jaar;2008;4149;1790;2359
1782;Totaal;Westerse migratieachtergrond;47 jaar;2009;5393;2582;2811
1783;Totaal;Westerse migratieachtergrond;47 jaar;2010;9020;4348;4672
1784;Totaal;Westerse migratieachtergrond;47 jaar;2011;3397;1592;1805
1785;Totaal;Westerse migratieachtergrond;47 jaar;2012;4873;2412;2461
1786;Totaal;Westerse migratieachtergrond;47 jaar;2013;5725;2737;2988
1787;Totaal;Westerse migratieachtergrond;47 jaar;2014;5183;2430;2753
1788;Totaal;Westerse migratieachtergrond;47 jaar;2015;3992;1780;2212
1789;Totaal;Westerse migratieachtergrond;47 jaar;2016;4355;1898;2457
1790;Totaal;Westerse migratieachtergrond;47 jaar;2017;4788;2171;2617
1791;Totaal;Westerse migratieachtergrond;47 jaar;2018;5138;2307;2831
1792;Totaal;Westerse migratieachtergrond;48 jaar;2003;4889;2083;2806
1793;Totaal;Westerse migratieachtergrond;48 jaar;2004;7665;3499;4166
1794;Totaal;Westerse migratieachtergrond;48 jaar;2005;7229;3522;3707
1795;Totaal;Westerse migratieachtergrond;48 jaar;2006;6501;2856;3645
1796;Totaal;Westerse migratieachtergrond;48 jaar;2007;16493;7375;9118
1797;Totaal;Westerse migratieachtergrond;48 jaar;2008;2911;1106;1805
1798;Totaal;Westerse migratieachtergrond;48 jaar;2009;4040;1737;2303
1799;Totaal;Westerse migratieachtergrond;48 jaar;2010;5291;2524;2767
1800;Totaal;Westerse migratieachtergrond;48 jaar;2011;8811;4229;4582
1801;Totaal;Westerse migratieachtergrond;48 jaar;2012;3309;1553;1756
1802;Totaal;Westerse migratieachtergrond;48 jaar;2013;4750;2341;2409
1803;Totaal;Westerse migratieachtergrond;48 jaar;2014;5553;2648;2905
1804;Totaal;Westerse migratieachtergrond;48 jaar;2015;5062;2364;2698
1805;Totaal;Westerse migratieachtergrond;48 jaar;2016;3893;1725;2168
1806;Totaal;Westerse migratieachtergrond;48 jaar;2017;4260;1854;2406
1807;Totaal;Westerse migratieachtergrond;48 jaar;2018;4644;2097;2547
1808;Totaal;Westerse migratieachtergrond;49 jaar;2003;3309;1391;1918
1809;Totaal;Westerse migratieachtergrond;49 jaar;2004;4771;2030;2741
1810;Totaal;Westerse migratieachtergrond;49 jaar;2005;7480;3415;4065
1811;Totaal;Westerse migratieachtergrond;49 jaar;2006;7028;3421;3607
1812;Totaal;Westerse migratieachtergrond;49 jaar;2007;6350;2791;3559
1813;Totaal;Westerse migratieachtergrond;49 jaar;2008;16085;7195;8890
1814;Totaal;Westerse migratieachtergrond;49 jaar;2009;2834;1077;1757
1815;Totaal;Westerse migratieachtergrond;49 jaar;2010;3982;1703;2279
1816;Totaal;Westerse migratieachtergrond;49 jaar;2011;5158;2458;2700
1817;Totaal;Westerse migratieachtergrond;49 jaar;2012;8635;4139;4496
1818;Totaal;Westerse migratieachtergrond;49 jaar;2013;3224;1511;1713
1819;Totaal;Westerse migratieachtergrond;49 jaar;2014;4631;2278;2353
1820;Totaal;Westerse migratieachtergrond;49 jaar;2015;5444;2586;2858
1821;Totaal;Westerse migratieachtergrond;49 jaar;2016;4915;2288;2627
1822;Totaal;Westerse migratieachtergrond;49 jaar;2017;3793;1680;2113
1823;Totaal;Westerse migratieachtergrond;49 jaar;2018;4143;1796;2347
1824;Totaal;Westerse migratieachtergrond;50 jaar;2003;3653;1490;2163
1825;Totaal;Westerse migratieachtergrond;50 jaar;2004;3219;1358;1861
1826;Totaal;Westerse migratieachtergrond;50 jaar;2005;4658;1977;2681
1827;Totaal;Westerse migratieachtergrond;50 jaar;2006;7280;3326;3954
1828;Totaal;Westerse migratieachtergrond;50 jaar;2007;6841;3331;3510
1829;Totaal;Westerse migratieachtergrond;50 jaar;2008;6202;2729;3473
1830;Totaal;Westerse migratieachtergrond;50 jaar;2009;15684;7027;8657
1831;Totaal;Westerse migratieachtergrond;50 jaar;2010;2782;1054;1728
1832;Totaal;Westerse migratieachtergrond;50 jaar;2011;3887;1659;2228
1833;Totaal;Westerse migratieachtergrond;50 jaar;2012;5036;2393;2643
1834;Totaal;Westerse migratieachtergrond;50 jaar;2013;8416;4030;4386
1835;Totaal;Westerse migratieachtergrond;50 jaar;2014;3126;1466;1660
1836;Totaal;Westerse migratieachtergrond;50 jaar;2015;4518;2223;2295
1837;Totaal;Westerse migratieachtergrond;50 jaar;2016;5303;2509;2794
1838;Totaal;Westerse migratieachtergrond;50 jaar;2017;4768;2220;2548
1839;Totaal;Westerse migratieachtergrond;50 jaar;2018;3698;1635;2063
1840;Totaal;Westerse migratieachtergrond;51 jaar;2003;6805;2802;4003
1841;Totaal;Westerse migratieachtergrond;51 jaar;2004;3556;1459;2097
1842;Totaal;Westerse migratieachtergrond;51 jaar;2005;3144;1330;1814
1843;Totaal;Westerse migratieachtergrond;51 jaar;2006;4545;1926;2619
1844;Totaal;Westerse migratieachtergrond;51 jaar;2007;7112;3250;3862
1845;Totaal;Westerse migratieachtergrond;51 jaar;2008;6687;3246;3441
1846;Totaal;Westerse migratieachtergrond;51 jaar;2009;6024;2660;3364
1847;Totaal;Westerse migratieachtergrond;51 jaar;2010;15308;6860;8448
1848;Totaal;Westerse migratieachtergrond;51 jaar;2011;2710;1023;1687
1849;Totaal;Westerse migratieachtergrond;51 jaar;2012;3789;1608;2181
1850;Totaal;Westerse migratieachtergrond;51 jaar;2013;4912;2322;2590
1851;Totaal;Westerse migratieachtergrond;51 jaar;2014;8215;3921;4294
1852;Totaal;Westerse migratieachtergrond;51 jaar;2015;3026;1403;1623
1853;Totaal;Westerse migratieachtergrond;51 jaar;2016;4423;2183;2240
1854;Totaal;Westerse migratieachtergrond;51 jaar;2017;5161;2429;2732
1855;Totaal;Westerse migratieachtergrond;51 jaar;2018;4638;2140;2498
1856;Totaal;Westerse migratieachtergrond;52 jaar;2003;11588;4701;6887
1857;Totaal;Westerse migratieachtergrond;52 jaar;2004;6627;2733;3894
1858;Totaal;Westerse migratieachtergrond;52 jaar;2005;3463;1422;2041
1859;Totaal;Westerse migratieachtergrond;52 jaar;2006;3080;1305;1775
1860;Totaal;Westerse migratieachtergrond;52 jaar;2007;4411;1869;2542
1861;Totaal;Westerse migratieachtergrond;52 jaar;2008;6913;3160;3753
1862;Totaal;Westerse migratieachtergrond;52 jaar;2009;6505;3157;3348
1863;Totaal;Westerse migratieachtergrond;52 jaar;2010;5888;2591;3297
1864;Totaal;Westerse migratieachtergrond;52 jaar;2011;14930;6678;8252
1865;Totaal;Westerse migratieachtergrond;52 jaar;2012;2631;990;1641
1866;Totaal;Westerse migratieachtergrond;52 jaar;2013;3677;1564;2113
1867;Totaal;Westerse migratieachtergrond;52 jaar;2014;4760;2255;2505
1868;Totaal;Westerse migratieachtergrond;52 jaar;2015;8010;3822;4188
1869;Totaal;Westerse migratieachtergrond;52 jaar;2016;2943;1356;1587
1870;Totaal;Westerse migratieachtergrond;52 jaar;2017;4295;2119;2176
1871;Totaal;Westerse migratieachtergrond;52 jaar;2018;5025;2359;2666
1872;Totaal;Westerse migratieachtergrond;53 jaar;2003;3508;1311;2197
1873;Totaal;Westerse migratieachtergrond;53 jaar;2004;11255;4576;6679
1874;Totaal;Westerse migratieachtergrond;53 jaar;2005;6457;2668;3789
1875;Totaal;Westerse migratieachtergrond;53 jaar;2006;3358;1389;1969
1876;Totaal;Westerse migratieachtergrond;53 jaar;2007;2989;1266;1723
1877;Totaal;Westerse migratieachtergrond;53 jaar;2008;4291;1830;2461
1878;Totaal;Westerse migratieachtergrond;53 jaar;2009;6706;3067;3639
1879;Totaal;Westerse migratieachtergrond;53 jaar;2010;6312;3060;3252
1880;Totaal;Westerse migratieachtergrond;53 jaar;2011;5720;2517;3203
1881;Totaal;Westerse migratieachtergrond;53 jaar;2012;14567;6512;8055
1882;Totaal;Westerse migratieachtergrond;53 jaar;2013;2546;958;1588
1883;Totaal;Westerse migratieachtergrond;53 jaar;2014;3583;1514;2069
1884;Totaal;Westerse migratieachtergrond;53 jaar;2015;4636;2197;2439
1885;Totaal;Westerse migratieachtergrond;53 jaar;2016;7795;3715;4080
1886;Totaal;Westerse migratieachtergrond;53 jaar;2017;2844;1308;1536
1887;Totaal;Westerse migratieachtergrond;53 jaar;2018;4172;2044;2128
1888;Totaal;Westerse migratieachtergrond;54 jaar;2003;3750;1429;2321
1889;Totaal;Westerse migratieachtergrond;54 jaar;2004;3408;1284;2124
1890;Totaal;Westerse migratieachtergrond;54 jaar;2005;10926;4461;6465
1891;Totaal;Westerse migratieachtergrond;54 jaar;2006;6294;2608;3686
1892;Totaal;Westerse migratieachtergrond;54 jaar;2007;3266;1355;1911
1893;Totaal;Westerse migratieachtergrond;54 jaar;2008;2895;1225;1670
1894;Totaal;Westerse migratieachtergrond;54 jaar;2009;4170;1784;2386
1895;Totaal;Westerse migratieachtergrond;54 jaar;2010;6524;2991;3533
1896;Totaal;Westerse migratieachtergrond;54 jaar;2011;6133;2975;3158
1897;Totaal;Westerse migratieachtergrond;54 jaar;2012;5572;2447;3125
1898;Totaal;Westerse migratieachtergrond;54 jaar;2013;14171;6335;7836
1899;Totaal;Westerse migratieachtergrond;54 jaar;2014;2454;933;1521
1900;Totaal;Westerse migratieachtergrond;54 jaar;2015;3476;1461;2015
1901;Totaal;Westerse migratieachtergrond;54 jaar;2016;4505;2128;2377
1902;Totaal;Westerse migratieachtergrond;54 jaar;2017;7618;3609;4009
1903;Totaal;Westerse migratieachtergrond;54 jaar;2018;2744;1257;1487
1904;Totaal;Westerse migratieachtergrond;55 jaar;2003;4130;1716;2414
1905;Totaal;Westerse migratieachtergrond;55 jaar;2004;3620;1384;2236
1906;Totaal;Westerse migratieachtergrond;55 jaar;2005;3297;1251;2046
1907;Totaal;Westerse migratieachtergrond;55 jaar;2006;10594;4344;6250
1908;Totaal;Westerse migratieachtergrond;55 jaar;2007;6107;2530;3577
1909;Totaal;Westerse migratieachtergrond;55 jaar;2008;3175;1316;1859
1910;Totaal;Westerse migratieachtergrond;55 jaar;2009;2816;1200;1616
1911;Totaal;Westerse migratieachtergrond;55 jaar;2010;4064;1730;2334
1912;Totaal;Westerse migratieachtergrond;55 jaar;2011;6324;2910;3414
1913;Totaal;Westerse migratieachtergrond;55 jaar;2012;5948;2882;3066
1914;Totaal;Westerse migratieachtergrond;55 jaar;2013;5429;2394;3035
1915;Totaal;Westerse migratieachtergrond;55 jaar;2014;13796;6161;7635
1916;Totaal;Westerse migratieachtergrond;55 jaar;2015;2388;913;1475
1917;Totaal;Westerse migratieachtergrond;55 jaar;2016;3369;1411;1958
1918;Totaal;Westerse migratieachtergrond;55 jaar;2017;4379;2067;2312
1919;Totaal;Westerse migratieachtergrond;55 jaar;2018;7404;3494;3910
1920;Totaal;Westerse migratieachtergrond;56 jaar;2003;7361;2927;4434
1921;Totaal;Westerse migratieachtergrond;56 jaar;2004;3955;1638;2317
1922;Totaal;Westerse migratieachtergrond;56 jaar;2005;3532;1356;2176
1923;Totaal;Westerse migratieachtergrond;56 jaar;2006;3201;1216;1985
1924;Totaal;Westerse migratieachtergrond;56 jaar;2007;10281;4223;6058
1925;Totaal;Westerse migratieachtergrond;56 jaar;2008;5917;2454;3463
1926;Totaal;Westerse migratieachtergrond;56 jaar;2009;3068;1283;1785
1927;Totaal;Westerse migratieachtergrond;56 jaar;2010;2768;1181;1587
1928;Totaal;Westerse migratieachtergrond;56 jaar;2011;3933;1671;2262
1929;Totaal;Westerse migratieachtergrond;56 jaar;2012;6116;2828;3288
1930;Totaal;Westerse migratieachtergrond;56 jaar;2013;5780;2807;2973
1931;Totaal;Westerse migratieachtergrond;56 jaar;2014;5278;2331;2947
1932;Totaal;Westerse migratieachtergrond;56 jaar;2015;13399;5999;7400
1933;Totaal;Westerse migratieachtergrond;56 jaar;2016;2305;878;1427
1934;Totaal;Westerse migratieachtergrond;56 jaar;2017;3294;1379;1915
1935;Totaal;Westerse migratieachtergrond;56 jaar;2018;4270;2008;2262
1936;Totaal;Westerse migratieachtergrond;57 jaar;2003;3573;789;2784
1937;Totaal;Westerse migratieachtergrond;57 jaar;2004;7115;2831;4284
1938;Totaal;Westerse migratieachtergrond;57 jaar;2005;3807;1559;2248
1939;Totaal;Westerse migratieachtergrond;57 jaar;2006;3395;1312;2083
1940;Totaal;Westerse migratieachtergrond;57 jaar;2007;3088;1181;1907
1941;Totaal;Westerse migratieachtergrond;57 jaar;2008;9945;4087;5858
1942;Totaal;Westerse migratieachtergrond;57 jaar;2009;5706;2377;3329
1943;Totaal;Westerse migratieachtergrond;57 jaar;2010;2985;1262;1723
1944;Totaal;Westerse migratieachtergrond;57 jaar;2011;2689;1149;1540
1945;Totaal;Westerse migratieachtergrond;57 jaar;2012;3806;1622;2184
1946;Totaal;Westerse migratieachtergrond;57 jaar;2013;5917;2730;3187
1947;Totaal;Westerse migratieachtergrond;57 jaar;2014;5598;2708;2890
1948;Totaal;Westerse migratieachtergrond;57 jaar;2015;5134;2269;2865
1949;Totaal;Westerse migratieachtergrond;57 jaar;2016;12954;5814;7140
1950;Totaal;Westerse migratieachtergrond;57 jaar;2017;2224;851;1373
1951;Totaal;Westerse migratieachtergrond;57 jaar;2018;3175;1331;1844
1952;Totaal;Westerse migratieachtergrond;58 jaar;2003;251;55;196
1953;Totaal;Westerse migratieachtergrond;58 jaar;2004;3431;776;2655
1954;Totaal;Westerse migratieachtergrond;58 jaar;2005;6859;2747;4112
1955;Totaal;Westerse migratieachtergrond;58 jaar;2006;3652;1493;2159
1956;Totaal;Westerse migratieachtergrond;58 jaar;2007;3254;1267;1987
1957;Totaal;Westerse migratieachtergrond;58 jaar;2008;2979;1149;1830
1958;Totaal;Westerse migratieachtergrond;58 jaar;2009;9657;3971;5686
1959;Totaal;Westerse migratieachtergrond;58 jaar;2010;5584;2327;3257
1960;Totaal;Westerse migratieachtergrond;58 jaar;2011;2880;1227;1653
1961;Totaal;Westerse migratieachtergrond;58 jaar;2012;2602;1114;1488
1962;Totaal;Westerse migratieachtergrond;58 jaar;2013;3684;1577;2107
1963;Totaal;Westerse migratieachtergrond;58 jaar;2014;5719;2640;3079
1964;Totaal;Westerse migratieachtergrond;58 jaar;2015;5405;2616;2789
1965;Totaal;Westerse migratieachtergrond;58 jaar;2016;4972;2206;2766
1966;Totaal;Westerse migratieachtergrond;58 jaar;2017;12549;5620;6929
1967;Totaal;Westerse migratieachtergrond;58 jaar;2018;2147;819;1328
1968;Totaal;Westerse migratieachtergrond;59 jaar;2003;315;89;226
1969;Totaal;Westerse migratieachtergrond;59 jaar;2004;243;55;188
1970;Totaal;Westerse migratieachtergrond;59 jaar;2005;3284;754;2530
1971;Totaal;Westerse migratieachtergrond;59 jaar;2006;6590;2652;3938
1972;Totaal;Westerse migratieachtergrond;59 jaar;2007;3493;1426;2067
1973;Totaal;Westerse migratieachtergrond;59 jaar;2008;3135;1234;1901
1974;Totaal;Westerse migratieachtergrond;59 jaar;2009;2884;1119;1765
1975;Totaal;Westerse migratieachtergrond;59 jaar;2010;9354;3865;5489
1976;Totaal;Westerse migratieachtergrond;59 jaar;2011;5429;2271;3158
1977;Totaal;Westerse migratieachtergrond;59 jaar;2012;2777;1191;1586
1978;Totaal;Westerse migratieachtergrond;59 jaar;2013;2522;1077;1445
1979;Totaal;Westerse migratieachtergrond;59 jaar;2014;3528;1510;2018
1980;Totaal;Westerse migratieachtergrond;59 jaar;2015;5536;2554;2982
1981;Totaal;Westerse migratieachtergrond;59 jaar;2016;5219;2530;2689
1982;Totaal;Westerse migratieachtergrond;59 jaar;2017;4810;2139;2671
1983;Totaal;Westerse migratieachtergrond;59 jaar;2018;12150;5432;6718
1984;Totaal;Westerse migratieachtergrond;60 jaar of meer;2003;8649;2521;6128
1985;Totaal;Westerse migratieachtergrond;60 jaar of meer;2004;8276;2475;5801
1986;Totaal;Westerse migratieachtergrond;60 jaar of meer;2005;7840;2370;5470
1987;Totaal;Westerse migratieachtergrond;60 jaar of meer;2006;10328;2936;7392
1988;Totaal;Westerse migratieachtergrond;60 jaar of meer;2007;15879;5292;10587
1989;Totaal;Westerse migratieachtergrond;60 jaar of meer;2008;18247;6362;11885
1990;Totaal;Westerse migratieachtergrond;60 jaar of meer;2009;20165;7234;12931
1991;Totaal;Westerse migratieachtergrond;60 jaar of meer;2010;22001;8044;13957
1992;Totaal;Westerse migratieachtergrond;60 jaar of meer;2011;29731;11399;18332
1993;Totaal;Westerse migratieachtergrond;60 jaar of meer;2012;33470;13114;20356
1994;Totaal;Westerse migratieachtergrond;60 jaar of meer;2013;34420;13696;20724
1995;Totaal;Westerse migratieachtergrond;60 jaar of meer;2014;35113;14155;20958
1996;Totaal;Westerse migratieachtergrond;60 jaar of meer;2015;36740;15006;21734
1997;Totaal;Westerse migratieachtergrond;60 jaar of meer;2016;40092;16839;23253
1998;Totaal;Westerse migratieachtergrond;60 jaar of meer;2017;42960;18467;24493
1999;Totaal;Westerse migratieachtergrond;60 jaar of meer;2018;45426;19736;25690
2000;Totaal;Westerse migratieachtergrond;Onbekend;2003;10743;3838;6905
2001;Totaal;Westerse migratieachtergrond;Onbekend;2004;9291;3392;5899
2002;Totaal;Westerse migratieachtergrond;Onbekend;2005;8190;3005;5185
2003;Totaal;Westerse migratieachtergrond;Onbekend;2006;7312;2704;4608
2004;Totaal;Westerse migratieachtergrond;Onbekend;2007;6813;2583;4230
2005;Totaal;Westerse migratieachtergrond;Onbekend;2008;6138;2374;3764
2006;Totaal;Westerse migratieachtergrond;Onbekend;2009;5538;2179;3359
2007;Totaal;Westerse migratieachtergrond;Onbekend;2010;2780;1042;1738
2008;Totaal;Westerse migratieachtergrond;Onbekend;2011;2516;957;1559
2009;Totaal;Westerse migratieachtergrond;Onbekend;2012;2293;880;1413
2010;Totaal;Westerse migratieachtergrond;Onbekend;2013;2121;832;1289
2011;Totaal;Westerse migratieachtergrond;Onbekend;2014;1991;795;1196
2012;Totaal;Westerse migratieachtergrond;Onbekend;2015;1883;765;1118
2013;Totaal;Westerse migratieachtergrond;Onbekend;2016;1899;822;1077
2014;Totaal;Westerse migratieachtergrond;Onbekend;2017;1663;701;962
2015;Totaal;Westerse migratieachtergrond;Onbekend;2018;1556;668;888
2016;Totaal;Niet-westerse migratieachtergrond;Totaal;2003;1004566;518250;486316
2017;Totaal;Niet-westerse migratieachtergrond;Totaal;2004;1021074;523511;497563
2018;Totaal;Niet-westerse migratieachtergrond;Totaal;2005;1024386;521425;502961
2019;Totaal;Niet-westerse migratieachtergrond;Totaal;2006;1019991;515346;504645
2020;Totaal;Niet-westerse migratieachtergrond;Totaal;2007;1014476;509385;505091
2021;Totaal;Niet-westerse migratieachtergrond;Totaal;2008;1017184;509421;507763
2022;Totaal;Niet-westerse migratieachtergrond;Totaal;2009;1034194;518003;516191
2023;Totaal;Niet-westerse migratieachtergrond;Totaal;2010;1055264;528463;526801
2024;Totaal;Niet-westerse migratieachtergrond;Totaal;2011;1069352;533261;536091
2025;Totaal;Niet-westerse migratieachtergrond;Totaal;2012;1082001;537831;544170
2026;Totaal;Niet-westerse migratieachtergrond;Totaal;2013;1086677;537541;549136
2027;Totaal;Niet-westerse migratieachtergrond;Totaal;2014;1095731;540549;555182
2028;Totaal;Niet-westerse migratieachtergrond;Totaal;2015;1113274;549074;564200
2029;Totaal;Niet-westerse migratieachtergrond;Totaal;2016;1148449;567712;580737
2030;Totaal;Niet-westerse migratieachtergrond;Totaal;2017;1199972;596332;603640
2031;Totaal;Niet-westerse migratieachtergrond;Totaal;2018;1243151;615626;627525
2032;Totaal;Niet-westerse migratieachtergrond;Minder dan 1 jaar;2003;64115;35380;28735
2033;Totaal;Niet-westerse migratieachtergrond;Minder dan 1 jaar;2004;54802;29926;24876
2034;Totaal;Niet-westerse migratieachtergrond;Minder dan 1 jaar;2005;44741;24374;20367
2035;Totaal;Niet-westerse migratieachtergrond;Minder dan 1 jaar;2006;41894;23204;18690
2036;Totaal;Niet-westerse migratieachtergrond;Minder dan 1 jaar;2007;43108;24415;18693
2037;Totaal;Niet-westerse migratieachtergrond;Minder dan 1 jaar;2008;46446;27406;19040
2038;Totaal;Niet-westerse migratieachtergrond;Minder dan 1 jaar;2009;58227;34349;23878
2039;Totaal;Niet-westerse migratieachtergrond;Minder dan 1 jaar;2010;60739;35132;25607
2040;Totaal;Niet-westerse migratieachtergrond;Minder dan 1 jaar;2011;57945;32360;25585
2041;Totaal;Niet-westerse migratieachtergrond;Minder dan 1 jaar;2012;56806;31689;25117
2042;Totaal;Niet-westerse migratieachtergrond;Minder dan 1 jaar;2013;51617;28553;23064
2043;Totaal;Niet-westerse migratieachtergrond;Minder dan 1 jaar;2014;56323;31100;25223
2044;Totaal;Niet-westerse migratieachtergrond;Minder dan 1 jaar;2015;63546;35862;27684
2045;Totaal;Niet-westerse migratieachtergrond;Minder dan 1 jaar;2016;80715;45299;35416
2046;Totaal;Niet-westerse migratieachtergrond;Minder dan 1 jaar;2017;96102;54651;41451
2047;Totaal;Niet-westerse migratieachtergrond;Minder dan 1 jaar;2018;87570;45051;42519
2048;Totaal;Niet-westerse migratieachtergrond;1 jaar;2003;62543;34219;28324
2049;Totaal;Niet-westerse migratieachtergrond;1 jaar;2004;57358;30997;26361
2050;Totaal;Niet-westerse migratieachtergrond;1 jaar;2005;48226;25492;22734
2051;Totaal;Niet-westerse migratieachtergrond;1 jaar;2006;38054;20279;17775
2052;Totaal;Niet-westerse migratieachtergrond;1 jaar;2007;34974;18896;16078
2053;Totaal;Niet-westerse migratieachtergrond;1 jaar;2008;35742;19695;16047
2054;Totaal;Niet-westerse migratieachtergrond;1 jaar;2009;38477;22309;16168
2055;Totaal;Niet-westerse migratieachtergrond;1 jaar;2010;48684;28441;20243
2056;Totaal;Niet-westerse migratieachtergrond;1 jaar;2011;50352;28565;21787
2057;Totaal;Niet-westerse migratieachtergrond;1 jaar;2012;47513;26026;21487
2058;Totaal;Niet-westerse migratieachtergrond;1 jaar;2013;45770;25009;20761
2059;Totaal;Niet-westerse migratieachtergrond;1 jaar;2014;41111;22478;18633
2060;Totaal;Niet-westerse migratieachtergrond;1 jaar;2015;45853;24940;20913
2061;Totaal;Niet-westerse migratieachtergrond;1 jaar;2016;53025;29953;23072
2062;Totaal;Niet-westerse migratieachtergrond;1 jaar;2017;69606;39107;30499
2063;Totaal;Niet-westerse migratieachtergrond;1 jaar;2018;83880;47881;35999
2064;Totaal;Niet-westerse migratieachtergrond;2 jaar;2003;56412;30198;26214
2065;Totaal;Niet-westerse migratieachtergrond;2 jaar;2004;55948;30120;25828
2066;Totaal;Niet-westerse migratieachtergrond;2 jaar;2005;50895;26923;23972
2067;Totaal;Niet-westerse migratieachtergrond;2 jaar;2006;42178;21755;20423
2068;Totaal;Niet-westerse migratieachtergrond;2 jaar;2007;33288;17162;16126
2069;Totaal;Niet-westerse migratieachtergrond;2 jaar;2008;30557;15997;14560
2070;Totaal;Niet-westerse migratieachtergrond;2 jaar;2009;31100;16660;14440
2071;Totaal;Niet-westerse migratieachtergrond;2 jaar;2010;33695;19188;14507
2072;Totaal;Niet-westerse migratieachtergrond;2 jaar;2011;42317;24280;18037
2073;Totaal;Niet-westerse migratieachtergrond;2 jaar;2012;43778;24249;19529
2074;Totaal;Niet-westerse migratieachtergrond;2 jaar;2013;41131;21881;19250
2075;Totaal;Niet-westerse migratieachtergrond;2 jaar;2014;39530;21186;18344
2076;Totaal;Niet-westerse migratieachtergrond;2 jaar;2015;35264;18952;16312
2077;Totaal;Niet-westerse migratieachtergrond;2 jaar;2016;40070;21379;18691
2078;Totaal;Niet-westerse migratieachtergrond;2 jaar;2017;47407;26665;20742
2079;Totaal;Niet-westerse migratieachtergrond;2 jaar;2018;63527;35518;28009
2080;Totaal;Niet-westerse migratieachtergrond;3 jaar;2003;45992;23988;22004
2081;Totaal;Niet-westerse migratieachtergrond;3 jaar;2004;52247;27490;24757
2082;Totaal;Niet-westerse migratieachtergrond;3 jaar;2005;51270;27096;24174
2083;Totaal;Niet-westerse migratieachtergrond;3 jaar;2006;45713;23480;22233
2084;Totaal;Niet-westerse migratieachtergrond;3 jaar;2007;37907;19066;18841
2085;Totaal;Niet-westerse migratieachtergrond;3 jaar;2008;30159;15201;14958
2086;Totaal;Niet-westerse migratieachtergrond;3 jaar;2009;27755;14178;13577
2087;Totaal;Niet-westerse migratieachtergrond;3 jaar;2010;28291;14932;13359
2088;Totaal;Niet-westerse migratieachtergrond;3 jaar;2011;30223;16937;13286
2089;Totaal;Niet-westerse migratieachtergrond;3 jaar;2012;38188;21552;16636
2090;Totaal;Niet-westerse migratieachtergrond;3 jaar;2013;39547;21486;18061
2091;Totaal;Niet-westerse migratieachtergrond;3 jaar;2014;37130;19430;17700
2092;Totaal;Niet-westerse migratieachtergrond;3 jaar;2015;35954;18967;16987
2093;Totaal;Niet-westerse migratieachtergrond;3 jaar;2016;31842;16902;14940
2094;Totaal;Niet-westerse migratieachtergrond;3 jaar;2017;36740;19410;17330
2095;Totaal;Niet-westerse migratieachtergrond;3 jaar;2018;43892;24553;19339
2096;Totaal;Niet-westerse migratieachtergrond;4 jaar;2003;47315;24795;22520
2097;Totaal;Niet-westerse migratieachtergrond;4 jaar;2004;43417;22345;21072
2098;Totaal;Niet-westerse migratieachtergrond;4 jaar;2005;48787;25311;23476
2099;Totaal;Niet-westerse migratieachtergrond;4 jaar;2006;47262;24477;22785
2100;Totaal;Niet-westerse migratieachtergrond;4 jaar;2007;41379;20812;20567
2101;Totaal;Niet-westerse migratieachtergrond;4 jaar;2008;34953;17258;17695
2102;Totaal;Niet-westerse migratieachtergrond;4 jaar;2009;27987;13857;14130
2103;Totaal;Niet-westerse migratieachtergrond;4 jaar;2010;25772;12966;12806
2104;Totaal;Niet-westerse migratieachtergrond;4 jaar;2011;26099;13526;12573
2105;Totaal;Niet-westerse migratieachtergrond;4 jaar;2012;27775;15373;12402
2106;Totaal;Niet-westerse migratieachtergrond;4 jaar;2013;35019;19559;15460
2107;Totaal;Niet-westerse migratieachtergrond;4 jaar;2014;36283;19533;16750
2108;Totaal;Niet-westerse migratieachtergrond;4 jaar;2015;34483;17835;16648
2109;Totaal;Niet-westerse migratieachtergrond;4 jaar;2016;33407;17460;15947
2110;Totaal;Niet-westerse migratieachtergrond;4 jaar;2017;29391;15447;13944
2111;Totaal;Niet-westerse migratieachtergrond;4 jaar;2018;34247;17980;16267
2112;Totaal;Niet-westerse migratieachtergrond;5 jaar;2003;41387;21617;19770
2113;Totaal;Niet-westerse migratieachtergrond;5 jaar;2004;44786;23113;21673
2114;Totaal;Niet-westerse migratieachtergrond;5 jaar;2005;41013;20856;20157
2115;Totaal;Niet-westerse migratieachtergrond;5 jaar;2006;45570;23314;22256
2116;Totaal;Niet-westerse migratieachtergrond;5 jaar;2007;43542;22144;21398
2117;Totaal;Niet-westerse migratieachtergrond;5 jaar;2008;38282;18939;19343
2118;Totaal;Niet-westerse migratieachtergrond;5 jaar;2009;32841;15999;16842
2119;Totaal;Niet-westerse migratieachtergrond;5 jaar;2010;26463;12939;13524
2120;Totaal;Niet-westerse migratieachtergrond;5 jaar;2011;24126;11952;12174
2121;Totaal;Niet-westerse migratieachtergrond;5 jaar;2012;24368;12509;11859
2122;Totaal;Niet-westerse migratieachtergrond;5 jaar;2013;25705;14114;11591
2123;Totaal;Niet-westerse migratieachtergrond;5 jaar;2014;32588;18069;14519
2124;Totaal;Niet-westerse migratieachtergrond;5 jaar;2015;33938;18133;15805
2125;Totaal;Niet-westerse migratieachtergrond;5 jaar;2016;32345;16580;15765
2126;Totaal;Niet-westerse migratieachtergrond;5 jaar;2017;31365;16244;15121
2127;Totaal;Niet-westerse migratieachtergrond;5 jaar;2018;27642;14421;13221
2128;Totaal;Niet-westerse migratieachtergrond;6 jaar;2003;38502;19764;18738
2129;Totaal;Niet-westerse migratieachtergrond;6 jaar;2004;39533;20429;19104
2130;Totaal;Niet-westerse migratieachtergrond;6 jaar;2005;42628;21759;20869
2131;Totaal;Niet-westerse migratieachtergrond;6 jaar;2006;38656;19474;19182
2132;Totaal;Niet-westerse migratieachtergrond;6 jaar;2007;42368;21349;21019
2133;Totaal;Niet-westerse migratieachtergrond;6 jaar;2008;41012;20606;20406
2134;Totaal;Niet-westerse migratieachtergrond;6 jaar;2009;36008;17575;18433
2135;Totaal;Niet-westerse migratieachtergrond;6 jaar;2010;31281;15070;16211
2136;Totaal;Niet-westerse migratieachtergrond;6 jaar;2011;25001;12023;12978
2137;Totaal;Niet-westerse migratieachtergrond;6 jaar;2012;22801;11165;11636
2138;Totaal;Niet-westerse migratieachtergrond;6 jaar;2013;22828;11563;11265
2139;Totaal;Niet-westerse migratieachtergrond;6 jaar;2014;23942;13026;10916
2140;Totaal;Niet-westerse migratieachtergrond;6 jaar;2015;30755;16880;13875
2141;Totaal;Niet-westerse migratieachtergrond;6 jaar;2016;31958;16896;15062
2142;Totaal;Niet-westerse migratieachtergrond;6 jaar;2017;30473;15454;15019
2143;Totaal;Niet-westerse migratieachtergrond;6 jaar;2018;29874;15383;14491
2144;Totaal;Niet-westerse migratieachtergrond;7 jaar;2003;29010;15474;13536
2145;Totaal;Niet-westerse migratieachtergrond;7 jaar;2004;36962;18843;18119
2146;Totaal;Niet-westerse migratieachtergrond;7 jaar;2005;37839;19395;18444
2147;Totaal;Niet-westerse migratieachtergrond;7 jaar;2006;40345;20352;19993
2148;Totaal;Niet-westerse migratieachtergrond;7 jaar;2007;36442;18190;18252
2149;Totaal;Niet-westerse migratieachtergrond;7 jaar;2008;40147;20037;20110
2150;Totaal;Niet-westerse migratieachtergrond;7 jaar;2009;39027;19421;19606
2151;Totaal;Niet-westerse migratieachtergrond;7 jaar;2010;34357;16563;17794
2152;Totaal;Niet-westerse migratieachtergrond;7 jaar;2011;29725;14159;15566
2153;Totaal;Niet-westerse migratieachtergrond;7 jaar;2012;23937;11412;12525
2154;Totaal;Niet-westerse migratieachtergrond;7 jaar;2013;21612;10436;11176
2155;Totaal;Niet-westerse migratieachtergrond;7 jaar;2014;21422;10749;10673
2156;Totaal;Niet-westerse migratieachtergrond;7 jaar;2015;22609;12201;10408
2157;Totaal;Niet-westerse migratieachtergrond;7 jaar;2016;28957;15795;13162
2158;Totaal;Niet-westerse migratieachtergrond;7 jaar;2017;30080;15711;14369
2159;Totaal;Niet-westerse migratieachtergrond;7 jaar;2018;28995;14599;14396
2160;Totaal;Niet-westerse migratieachtergrond;8 jaar;2003;26527;14217;12310
2161;Totaal;Niet-westerse migratieachtergrond;8 jaar;2004;27869;14790;13079
2162;Totaal;Niet-westerse migratieachtergrond;8 jaar;2005;35463;17939;17524
2163;Totaal;Niet-westerse migratieachtergrond;8 jaar;2006;35897;18215;17682
2164;Totaal;Niet-westerse migratieachtergrond;8 jaar;2007;38100;18967;19133
2165;Totaal;Niet-westerse migratieachtergrond;8 jaar;2008;34640;17120;17520
2166;Totaal;Niet-westerse migratieachtergrond;8 jaar;2009;38290;18936;19354
2167;Totaal;Niet-westerse migratieachtergrond;8 jaar;2010;37489;18507;18982
2168;Totaal;Niet-westerse migratieachtergrond;8 jaar;2011;32705;15569;17136
2169;Totaal;Niet-westerse migratieachtergrond;8 jaar;2012;28496;13450;15046
2170;Totaal;Niet-westerse migratieachtergrond;8 jaar;2013;22865;10810;12055
2171;Totaal;Niet-westerse migratieachtergrond;8 jaar;2014;20571;9839;10732
2172;Totaal;Niet-westerse migratieachtergrond;8 jaar;2015;20381;10158;10223
2173;Totaal;Niet-westerse migratieachtergrond;8 jaar;2016;21582;11566;10016
2174;Totaal;Niet-westerse migratieachtergrond;8 jaar;2017;27595;14956;12639
2175;Totaal;Niet-westerse migratieachtergrond;8 jaar;2018;28764;14887;13877
2176;Totaal;Niet-westerse migratieachtergrond;9 jaar;2003;34794;17943;16851
2177;Totaal;Niet-westerse migratieachtergrond;9 jaar;2004;25500;13570;11930
2178;Totaal;Niet-westerse migratieachtergrond;9 jaar;2005;26679;14061;12618
2179;Totaal;Niet-westerse migratieachtergrond;9 jaar;2006;33955;17027;16928
2180;Totaal;Niet-westerse migratieachtergrond;9 jaar;2007;34126;17136;16990
2181;Totaal;Niet-westerse migratieachtergrond;9 jaar;2008;36517;18010;18507
2182;Totaal;Niet-westerse migratieachtergrond;9 jaar;2009;33263;16317;16946
2183;Totaal;Niet-westerse migratieachtergrond;9 jaar;2010;36974;18144;18830
2184;Totaal;Niet-westerse migratieachtergrond;9 jaar;2011;36062;17682;18380
2185;Totaal;Niet-westerse migratieachtergrond;9 jaar;2012;31457;14853;16604
2186;Totaal;Niet-westerse migratieachtergrond;9 jaar;2013;27444;12860;14584
2187;Totaal;Niet-westerse migratieachtergrond;9 jaar;2014;21910;10273;11637
2188;Totaal;Niet-westerse migratieachtergrond;9 jaar;2015;19738;9374;10364
2189;Totaal;Niet-westerse migratieachtergrond;9 jaar;2016;19508;9654;9854
2190;Totaal;Niet-westerse migratieachtergrond;9 jaar;2017;20678;10995;9683
2191;Totaal;Niet-westerse migratieachtergrond;9 jaar;2018;26556;14316;12240
2192;Totaal;Niet-westerse migratieachtergrond;10 jaar;2003;31738;16027;15711
2193;Totaal;Niet-westerse migratieachtergrond;10 jaar;2004;33690;17236;16454
2194;Totaal;Niet-westerse migratieachtergrond;10 jaar;2005;24467;12947;11520
2195;Totaal;Niet-westerse migratieachtergrond;10 jaar;2006;25553;13365;12188
2196;Totaal;Niet-westerse migratieachtergrond;10 jaar;2007;32508;16147;16361
2197;Totaal;Niet-westerse migratieachtergrond;10 jaar;2008;32808;16324;16484
2198;Totaal;Niet-westerse migratieachtergrond;10 jaar;2009;35105;17173;17932
2199;Totaal;Niet-westerse migratieachtergrond;10 jaar;2010;32126;15676;16450
2200;Totaal;Niet-westerse migratieachtergrond;10 jaar;2011;35727;17427;18300
2201;Totaal;Niet-westerse migratieachtergrond;10 jaar;2012;34791;16941;17850
2202;Totaal;Niet-westerse migratieachtergrond;10 jaar;2013;30236;14148;16088
2203;Totaal;Niet-westerse migratieachtergrond;10 jaar;2014;26456;12310;14146
2204;Totaal;Niet-westerse migratieachtergrond;10 jaar;2015;21106;9822;11284
2205;Totaal;Niet-westerse migratieachtergrond;10 jaar;2016;19011;8966;10045
2206;Totaal;Niet-westerse migratieachtergrond;10 jaar;2017;18810;9250;9560
2207;Totaal;Niet-westerse migratieachtergrond;10 jaar;2018;19999;10560;9439
2208;Totaal;Niet-westerse migratieachtergrond;11 jaar;2003;33496;17100;16396
2209;Totaal;Niet-westerse migratieachtergrond;11 jaar;2004;30969;15538;15431
2210;Totaal;Niet-westerse migratieachtergrond;11 jaar;2005;32487;16526;15961
2211;Totaal;Niet-westerse migratieachtergrond;11 jaar;2006;23509;12331;11178
2212;Totaal;Niet-westerse migratieachtergrond;11 jaar;2007;24379;12643;11736
2213;Totaal;Niet-westerse migratieachtergrond;11 jaar;2008;31298;15417;15881
2214;Totaal;Niet-westerse migratieachtergrond;11 jaar;2009;31727;15678;16049
2215;Totaal;Niet-westerse migratieachtergrond;11 jaar;2010;34050;16529;17521
2216;Totaal;Niet-westerse migratieachtergrond;11 jaar;2011;31010;14970;16040
2217;Totaal;Niet-westerse migratieachtergrond;11 jaar;2012;34548;16757;17791
2218;Totaal;Niet-westerse migratieachtergrond;11 jaar;2013;33650;16287;17363
2219;Totaal;Niet-westerse migratieachtergrond;11 jaar;2014;29220;13578;15642
2220;Totaal;Niet-westerse migratieachtergrond;11 jaar;2015;25609;11863;13746
2221;Totaal;Niet-westerse migratieachtergrond;11 jaar;2016;20428;9442;10986
2222;Totaal;Niet-westerse migratieachtergrond;11 jaar;2017;18418;8621;9797
2223;Totaal;Niet-westerse migratieachtergrond;11 jaar;2018;18267;8925;9342
2224;Totaal;Niet-westerse migratieachtergrond;12 jaar;2003;34091;17482;16609
2225;Totaal;Niet-westerse migratieachtergrond;12 jaar;2004;32764;16618;16146
2226;Totaal;Niet-westerse migratieachtergrond;12 jaar;2005;30191;15048;15143
2227;Totaal;Niet-westerse migratieachtergrond;12 jaar;2006;31396;15828;15568
2228;Totaal;Niet-westerse migratieachtergrond;12 jaar;2007;22458;11668;10790
2229;Totaal;Niet-westerse migratieachtergrond;12 jaar;2008;23555;12146;11409
2230;Totaal;Niet-westerse migratieachtergrond;12 jaar;2009;30304;14821;15483
2231;Totaal;Niet-westerse migratieachtergrond;12 jaar;2010;30814;15111;15703
2232;Totaal;Niet-westerse migratieachtergrond;12 jaar;2011;33029;15911;17118
2233;Totaal;Niet-westerse migratieachtergrond;12 jaar;2012;30076;14418;15658
2234;Totaal;Niet-westerse migratieachtergrond;12 jaar;2013;33432;16117;17315
2235;Totaal;Niet-westerse migratieachtergrond;12 jaar;2014;32501;15636;16865
2236;Totaal;Niet-westerse migratieachtergrond;12 jaar;2015;28320;13099;15221
2237;Totaal;Niet-westerse migratieachtergrond;12 jaar;2016;24893;11479;13414
2238;Totaal;Niet-westerse migratieachtergrond;12 jaar;2017;19862;9125;10737
2239;Totaal;Niet-westerse migratieachtergrond;12 jaar;2018;17988;8373;9615
2240;Totaal;Niet-westerse migratieachtergrond;13 jaar;2003;28724;14508;14216
2241;Totaal;Niet-westerse migratieachtergrond;13 jaar;2004;33435;17037;16398
2242;Totaal;Niet-westerse migratieachtergrond;13 jaar;2005;32051;16155;15896
2243;Totaal;Niet-westerse migratieachtergrond;13 jaar;2006;29384;14530;14854
2244;Totaal;Niet-westerse migratieachtergrond;13 jaar;2007;30232;15114;15118
2245;Totaal;Niet-westerse migratieachtergrond;13 jaar;2008;21687;11170;10517
2246;Totaal;Niet-westerse migratieachtergrond;13 jaar;2009;22861;11699;11162
2247;Totaal;Niet-westerse migratieachtergrond;13 jaar;2010;29530;14334;15196
2248;Totaal;Niet-westerse migratieachtergrond;13 jaar;2011;29918;14564;15354
2249;Totaal;Niet-westerse migratieachtergrond;13 jaar;2012;32202;15425;16777
2250;Totaal;Niet-westerse migratieachtergrond;13 jaar;2013;29203;13903;15300
2251;Totaal;Niet-westerse migratieachtergrond;13 jaar;2014;32422;15550;16872
2252;Totaal;Niet-westerse migratieachtergrond;13 jaar;2015;31549;15081;16468
2253;Totaal;Niet-westerse migratieachtergrond;13 jaar;2016;27455;12591;14864
2254;Totaal;Niet-westerse migratieachtergrond;13 jaar;2017;24320;11165;13155
2255;Totaal;Niet-westerse migratieachtergrond;13 jaar;2018;19462;8877;10585
2256;Totaal;Niet-westerse migratieachtergrond;14 jaar;2003;26059;12643;13416
2257;Totaal;Niet-westerse migratieachtergrond;14 jaar;2004;28205;14161;14044
2258;Totaal;Niet-westerse migratieachtergrond;14 jaar;2005;32706;16566;16140
2259;Totaal;Niet-westerse migratieachtergrond;14 jaar;2006;31229;15631;15598
2260;Totaal;Niet-westerse migratieachtergrond;14 jaar;2007;28571;14016;14555
2261;Totaal;Niet-westerse migratieachtergrond;14 jaar;2008;29328;14542;14786
2262;Totaal;Niet-westerse migratieachtergrond;14 jaar;2009;21020;10731;10289
2263;Totaal;Niet-westerse migratieachtergrond;14 jaar;2010;22295;11321;10974
2264;Totaal;Niet-westerse migratieachtergrond;14 jaar;2011;28805;13894;14911
2265;Totaal;Niet-westerse migratieachtergrond;14 jaar;2012;29233;14165;15068
2266;Totaal;Niet-westerse migratieachtergrond;14 jaar;2013;31375;14914;16461
2267;Totaal;Niet-westerse migratieachtergrond;14 jaar;2014;28352;13397;14955
2268;Totaal;Niet-westerse migratieachtergrond;14 jaar;2015;31498;15018;16480
2269;Totaal;Niet-westerse migratieachtergrond;14 jaar;2016;30697;14600;16097
2270;Totaal;Niet-westerse migratieachtergrond;14 jaar;2017;26741;12223;14518
2271;Totaal;Niet-westerse migratieachtergrond;14 jaar;2018;23875;10928;12947
2272;Totaal;Niet-westerse migratieachtergrond;15 jaar;2003;25083;12121;12962
2273;Totaal;Niet-westerse migratieachtergrond;15 jaar;2004;25645;12382;13263
2274;Totaal;Niet-westerse migratieachtergrond;15 jaar;2005;27597;13762;13835
2275;Totaal;Niet-westerse migratieachtergrond;15 jaar;2006;31946;16088;15858
2276;Totaal;Niet-westerse migratieachtergrond;15 jaar;2007;30400;15129;15271
2277;Totaal;Niet-westerse migratieachtergrond;15 jaar;2008;27897;13579;14318
2278;Totaal;Niet-westerse migratieachtergrond;15 jaar;2009;28649;14095;14554
2279;Totaal;Niet-westerse migratieachtergrond;15 jaar;2010;20587;10465;10122
2280;Totaal;Niet-westerse migratieachtergrond;15 jaar;2011;21738;10961;10777
2281;Totaal;Niet-westerse migratieachtergrond;15 jaar;2012;28132;13475;14657
2282;Totaal;Niet-westerse migratieachtergrond;15 jaar;2013;28431;13699;14732
2283;Totaal;Niet-westerse migratieachtergrond;15 jaar;2014;30501;14407;16094
2284;Totaal;Niet-westerse migratieachtergrond;15 jaar;2015;27637;12982;14655
2285;Totaal;Niet-westerse migratieachtergrond;15 jaar;2016;30678;14554;16124
2286;Totaal;Niet-westerse migratieachtergrond;15 jaar;2017;29995;14174;15821
2287;Totaal;Niet-westerse migratieachtergrond;15 jaar;2018;26169;11883;14286
2288;Totaal;Niet-westerse migratieachtergrond;16 jaar;2003;22072;10291;11781
2289;Totaal;Niet-westerse migratieachtergrond;16 jaar;2004;24680;11870;12810
2290;Totaal;Niet-westerse migratieachtergrond;16 jaar;2005;25227;12123;13104
2291;Totaal;Niet-westerse migratieachtergrond;16 jaar;2006;27021;13390;13631
2292;Totaal;Niet-westerse migratieachtergrond;16 jaar;2007;31125;15573;15552
2293;Totaal;Niet-westerse migratieachtergrond;16 jaar;2008;29731;14705;15026
2294;Totaal;Niet-westerse migratieachtergrond;16 jaar;2009;27333;13240;14093
2295;Totaal;Niet-westerse migratieachtergrond;16 jaar;2010;28077;13741;14336
2296;Totaal;Niet-westerse migratieachtergrond;16 jaar;2011;20143;10201;9942
2297;Totaal;Niet-westerse migratieachtergrond;16 jaar;2012;21222;10637;10585
2298;Totaal;Niet-westerse migratieachtergrond;16 jaar;2013;27504;13100;14404
2299;Totaal;Niet-westerse migratieachtergrond;16 jaar;2014;27764;13316;14448
2300;Totaal;Niet-westerse migratieachtergrond;16 jaar;2015;29744;13993;15751
2301;Totaal;Niet-westerse migratieachtergrond;16 jaar;2016;26986;12601;14385
2302;Totaal;Niet-westerse migratieachtergrond;16 jaar;2017;30020;14170;15850
2303;Totaal;Niet-westerse migratieachtergrond;16 jaar;2018;29440;13836;15604
2304;Totaal;Niet-westerse migratieachtergrond;17 jaar;2003;17904;8206;9698
2305;Totaal;Niet-westerse migratieachtergrond;17 jaar;2004;21721;10069;11652
2306;Totaal;Niet-westerse migratieachtergrond;17 jaar;2005;24263;11602;12661
2307;Totaal;Niet-westerse migratieachtergrond;17 jaar;2006;24747;11824;12923
2308;Totaal;Niet-westerse migratieachtergrond;17 jaar;2007;26355;12964;13391
2309;Totaal;Niet-westerse migratieachtergrond;17 jaar;2008;30408;15121;15287
2310;Totaal;Niet-westerse migratieachtergrond;17 jaar;2009;29124;14344;14780
2311;Totaal;Niet-westerse migratieachtergrond;17 jaar;2010;26895;12976;13919
2312;Totaal;Niet-westerse migratieachtergrond;17 jaar;2011;27517;13394;14123
2313;Totaal;Niet-westerse migratieachtergrond;17 jaar;2012;19716;9940;9776
2314;Totaal;Niet-westerse migratieachtergrond;17 jaar;2013;20759;10342;10417
2315;Totaal;Niet-westerse migratieachtergrond;17 jaar;2014;26916;12758;14158
2316;Totaal;Niet-westerse migratieachtergrond;17 jaar;2015;27118;12953;14165
2317;Totaal;Niet-westerse migratieachtergrond;17 jaar;2016;29088;13627;15461
2318;Totaal;Niet-westerse migratieachtergrond;17 jaar;2017;26456;12316;14140
2319;Totaal;Niet-westerse migratieachtergrond;17 jaar;2018;29458;13850;15608
2320;Totaal;Niet-westerse migratieachtergrond;18 jaar;2003;13534;5628;7906
2321;Totaal;Niet-westerse migratieachtergrond;18 jaar;2004;17640;8052;9588
2322;Totaal;Niet-westerse migratieachtergrond;18 jaar;2005;21358;9835;11523
2323;Totaal;Niet-westerse migratieachtergrond;18 jaar;2006;23783;11294;12489
2324;Totaal;Niet-westerse migratieachtergrond;18 jaar;2007;24173;11482;12691
2325;Totaal;Niet-westerse migratieachtergrond;18 jaar;2008;25782;12587;13195
2326;Totaal;Niet-westerse migratieachtergrond;18 jaar;2009;29803;14752;15051
2327;Totaal;Niet-westerse migratieachtergrond;18 jaar;2010;28607;14027;14580
2328;Totaal;Niet-westerse migratieachtergrond;18 jaar;2011;26426;12703;13723
2329;Totaal;Niet-westerse migratieachtergrond;18 jaar;2012;27013;13099;13914
2330;Totaal;Niet-westerse migratieachtergrond;18 jaar;2013;19310;9702;9608
2331;Totaal;Niet-westerse migratieachtergrond;18 jaar;2014;20299;10055;10244
2332;Totaal;Niet-westerse migratieachtergrond;18 jaar;2015;26359;12443;13916
2333;Totaal;Niet-westerse migratieachtergrond;18 jaar;2016;26580;12634;13946
2334;Totaal;Niet-westerse migratieachtergrond;18 jaar;2017;28569;13302;15267
2335;Totaal;Niet-westerse migratieachtergrond;18 jaar;2018;25984;12049;13935
2336;Totaal;Niet-westerse migratieachtergrond;19 jaar;2003;13011;5279;7732
2337;Totaal;Niet-westerse migratieachtergrond;19 jaar;2004;13331;5501;7830
2338;Totaal;Niet-westerse migratieachtergrond;19 jaar;2005;17350;7870;9480
2339;Totaal;Niet-westerse migratieachtergrond;19 jaar;2006;20961;9582;11379
2340;Totaal;Niet-westerse migratieachtergrond;19 jaar;2007;23253;10991;12262
2341;Totaal;Niet-westerse migratieachtergrond;19 jaar;2008;23711;11203;12508
2342;Totaal;Niet-westerse migratieachtergrond;19 jaar;2009;25267;12268;12999
2343;Totaal;Niet-westerse migratieachtergrond;19 jaar;2010;29342;14436;14906
2344;Totaal;Niet-westerse migratieachtergrond;19 jaar;2011;28126;13724;14402
2345;Totaal;Niet-westerse migratieachtergrond;19 jaar;2012;25972;12433;13539
2346;Totaal;Niet-westerse migratieachtergrond;19 jaar;2013;26492;12771;13721
2347;Totaal;Niet-westerse migratieachtergrond;19 jaar;2014;18880;9435;9445
2348;Totaal;Niet-westerse migratieachtergrond;19 jaar;2015;19883;9802;10081
2349;Totaal;Niet-westerse migratieachtergrond;19 jaar;2016;25838;12135;13703
2350;Totaal;Niet-westerse migratieachtergrond;19 jaar;2017;26147;12391;13756
2351;Totaal;Niet-westerse migratieachtergrond;19 jaar;2018;28124;13043;15081
2352;Totaal;Niet-westerse migratieachtergrond;20 jaar;2003;14549;6209;8340
2353;Totaal;Niet-westerse migratieachtergrond;20 jaar;2004;12826;5164;7662
2354;Totaal;Niet-westerse migratieachtergrond;20 jaar;2005;13123;5384;7739
2355;Totaal;Niet-westerse migratieachtergrond;20 jaar;2006;17010;7652;9358
2356;Totaal;Niet-westerse migratieachtergrond;20 jaar;2007;20526;9319;11207
2357;Totaal;Niet-westerse migratieachtergrond;20 jaar;2008;22741;10677;12064
2358;Totaal;Niet-westerse migratieachtergrond;20 jaar;2009;23272;10913;12359
2359;Totaal;Niet-westerse migratieachtergrond;20 jaar;2010;24874;12023;12851
2360;Totaal;Niet-westerse migratieachtergrond;20 jaar;2011;28898;14151;14747
2361;Totaal;Niet-westerse migratieachtergrond;20 jaar;2012;27698;13470;14228
2362;Totaal;Niet-westerse migratieachtergrond;20 jaar;2013;25493;12117;13376
2363;Totaal;Niet-westerse migratieachtergrond;20 jaar;2014;26044;12513;13531
2364;Totaal;Niet-westerse migratieachtergrond;20 jaar;2015;18516;9195;9321
2365;Totaal;Niet-westerse migratieachtergrond;20 jaar;2016;19503;9580;9923
2366;Totaal;Niet-westerse migratieachtergrond;20 jaar;2017;25392;11861;13531
2367;Totaal;Niet-westerse migratieachtergrond;20 jaar;2018;25731;12170;13561
2368;Totaal;Niet-westerse migratieachtergrond;21 jaar;2003;19008;8917;10091
2369;Totaal;Niet-westerse migratieachtergrond;21 jaar;2004;14366;6093;8273
2370;Totaal;Niet-westerse migratieachtergrond;21 jaar;2005;12654;5059;7595
2371;Totaal;Niet-westerse migratieachtergrond;21 jaar;2006;12911;5255;7656
2372;Totaal;Niet-westerse migratieachtergrond;21 jaar;2007;16661;7444;9217
2373;Totaal;Niet-westerse migratieachtergrond;21 jaar;2008;20131;9081;11050
2374;Totaal;Niet-westerse migratieachtergrond;21 jaar;2009;22330;10448;11882
2375;Totaal;Niet-westerse migratieachtergrond;21 jaar;2010;22964;10734;12230
2376;Totaal;Niet-westerse migratieachtergrond;21 jaar;2011;24482;11775;12707
2377;Totaal;Niet-westerse migratieachtergrond;21 jaar;2012;28447;13886;14561
2378;Totaal;Niet-westerse migratieachtergrond;21 jaar;2013;27247;13203;14044
2379;Totaal;Niet-westerse migratieachtergrond;21 jaar;2014;25081;11879;13202
2380;Totaal;Niet-westerse migratieachtergrond;21 jaar;2015;25572;12226;13346
2381;Totaal;Niet-westerse migratieachtergrond;21 jaar;2016;18196;9000;9196
2382;Totaal;Niet-westerse migratieachtergrond;21 jaar;2017;19163;9372;9791
2383;Totaal;Niet-westerse migratieachtergrond;21 jaar;2018;25043;11666;13377
2384;Totaal;Niet-westerse migratieachtergrond;22 jaar;2003;37196;18116;19080
2385;Totaal;Niet-westerse migratieachtergrond;22 jaar;2004;18778;8753;10025
2386;Totaal;Niet-westerse migratieachtergrond;22 jaar;2005;14189;5977;8212
2387;Totaal;Niet-westerse migratieachtergrond;22 jaar;2006;12459;4957;7502
2388;Totaal;Niet-westerse migratieachtergrond;22 jaar;2007;12674;5117;7557
2389;Totaal;Niet-westerse migratieachtergrond;22 jaar;2008;16379;7279;9100
2390;Totaal;Niet-westerse migratieachtergrond;22 jaar;2009;19795;8878;10917
2391;Totaal;Niet-westerse migratieachtergrond;22 jaar;2010;22012;10246;11766
2392;Totaal;Niet-westerse migratieachtergrond;22 jaar;2011;22639;10533;12106
2393;Totaal;Niet-westerse migratieachtergrond;22 jaar;2012;24071;11502;12569
2394;Totaal;Niet-westerse migratieachtergrond;22 jaar;2013;27973;13596;14377
2395;Totaal;Niet-westerse migratieachtergrond;22 jaar;2014;26812;12940;13872
2396;Totaal;Niet-westerse migratieachtergrond;22 jaar;2015;24692;11646;13046
2397;Totaal;Niet-westerse migratieachtergrond;22 jaar;2016;25137;11973;13164
2398;Totaal;Niet-westerse migratieachtergrond;22 jaar;2017;17925;8830;9095
2399;Totaal;Niet-westerse migratieachtergrond;22 jaar;2018;18880;9207;9673
2400;Totaal;Niet-westerse migratieachtergrond;23 jaar;2003;33117;16311;16806
2401;Totaal;Niet-westerse migratieachtergrond;23 jaar;2004;36741;17795;18946
2402;Totaal;Niet-westerse migratieachtergrond;23 jaar;2005;18542;8609;9933
2403;Totaal;Niet-westerse migratieachtergrond;23 jaar;2006;13957;5837;8120
2404;Totaal;Niet-westerse migratieachtergrond;23 jaar;2007;12217;4829;7388
2405;Totaal;Niet-westerse migratieachtergrond;23 jaar;2008;12450;4994;7456
2406;Totaal;Niet-westerse migratieachtergrond;23 jaar;2009;16133;7122;9011
2407;Totaal;Niet-westerse migratieachtergrond;23 jaar;2010;19555;8733;10822
2408;Totaal;Niet-westerse migratieachtergrond;23 jaar;2011;21717;10061;11656
2409;Totaal;Niet-westerse migratieachtergrond;23 jaar;2012;22310;10365;11945
2410;Totaal;Niet-westerse migratieachtergrond;23 jaar;2013;23694;11280;12414
2411;Totaal;Niet-westerse migratieachtergrond;23 jaar;2014;27544;13335;14209
2412;Totaal;Niet-westerse migratieachtergrond;23 jaar;2015;26348;12673;13675
2413;Totaal;Niet-westerse migratieachtergrond;23 jaar;2016;24357;11468;12889
2414;Totaal;Niet-westerse migratieachtergrond;23 jaar;2017;24797;11755;13042
2415;Totaal;Niet-westerse migratieachtergrond;23 jaar;2018;17678;8676;9002
2416;Totaal;Niet-westerse migratieachtergrond;24 jaar;2003;21646;10144;11502
2417;Totaal;Niet-westerse migratieachtergrond;24 jaar;2004;32740;16060;16680
2418;Totaal;Niet-westerse migratieachtergrond;24 jaar;2005;36330;17535;18795
2419;Totaal;Niet-westerse migratieachtergrond;24 jaar;2006;18301;8460;9841
2420;Totaal;Niet-westerse migratieachtergrond;24 jaar;2007;13758;5710;8048
2421;Totaal;Niet-westerse migratieachtergrond;24 jaar;2008;12007;4708;7299
2422;Totaal;Niet-westerse migratieachtergrond;24 jaar;2009;12275;4898;7377
2423;Totaal;Niet-westerse migratieachtergrond;24 jaar;2010;15915;6995;8920
2424;Totaal;Niet-westerse migratieachtergrond;24 jaar;2011;19304;8580;10724
2425;Totaal;Niet-westerse migratieachtergrond;24 jaar;2012;21413;9895;11518
2426;Totaal;Niet-westerse migratieachtergrond;24 jaar;2013;21958;10161;11797
2427;Totaal;Niet-westerse migratieachtergrond;24 jaar;2014;23317;11066;12251
2428;Totaal;Niet-westerse migratieachtergrond;24 jaar;2015;27075;13049;14026
2429;Totaal;Niet-westerse migratieachtergrond;24 jaar;2016;25941;12443;13498
2430;Totaal;Niet-westerse migratieachtergrond;24 jaar;2017;24064;11305;12759
2431;Totaal;Niet-westerse migratieachtergrond;24 jaar;2018;24484;11566;12918
2432;Totaal;Niet-westerse migratieachtergrond;25 jaar;2003;17381;7785;9596
2433;Totaal;Niet-westerse migratieachtergrond;25 jaar;2004;21371;9962;11409
2434;Totaal;Niet-westerse migratieachtergrond;25 jaar;2005;32341;15794;16547
2435;Totaal;Niet-westerse migratieachtergrond;25 jaar;2006;35852;17230;18622
2436;Totaal;Niet-westerse migratieachtergrond;25 jaar;2007;18015;8295;9720
2437;Totaal;Niet-westerse migratieachtergrond;25 jaar;2008;13540;5576;7964
2438;Totaal;Niet-westerse migratieachtergrond;25 jaar;2009;11841;4607;7234
2439;Totaal;Niet-westerse migratieachtergrond;25 jaar;2010;12128;4819;7309
2440;Totaal;Niet-westerse migratieachtergrond;25 jaar;2011;15700;6870;8830
2441;Totaal;Niet-westerse migratieachtergrond;25 jaar;2012;19020;8416;10604
2442;Totaal;Niet-westerse migratieachtergrond;25 jaar;2013;21069;9696;11373
2443;Totaal;Niet-westerse migratieachtergrond;25 jaar;2014;21627;9972;11655
2444;Totaal;Niet-westerse migratieachtergrond;25 jaar;2015;22951;10854;12097
2445;Totaal;Niet-westerse migratieachtergrond;25 jaar;2016;26709;12833;13876
2446;Totaal;Niet-westerse migratieachtergrond;25 jaar;2017;25610;12246;13364
2447;Totaal;Niet-westerse migratieachtergrond;25 jaar;2018;23773;11134;12639
2448;Totaal;Niet-westerse migratieachtergrond;26 jaar;2003;17667;8380;9287
2449;Totaal;Niet-westerse migratieachtergrond;26 jaar;2004;17173;7653;9520
2450;Totaal;Niet-westerse migratieachtergrond;26 jaar;2005;21118;9803;11315
2451;Totaal;Niet-westerse migratieachtergrond;26 jaar;2006;31917;15507;16410
2452;Totaal;Niet-westerse migratieachtergrond;26 jaar;2007;35377;16924;18453
2453;Totaal;Niet-westerse migratieachtergrond;26 jaar;2008;17760;8138;9622
2454;Totaal;Niet-westerse migratieachtergrond;26 jaar;2009;13368;5489;7879
2455;Totaal;Niet-westerse migratieachtergrond;26 jaar;2010;11699;4533;7166
2456;Totaal;Niet-westerse migratieachtergrond;26 jaar;2011;11980;4732;7248
2457;Totaal;Niet-westerse migratieachtergrond;26 jaar;2012;15504;6778;8726
2458;Totaal;Niet-westerse migratieachtergrond;26 jaar;2013;18796;8289;10507
2459;Totaal;Niet-westerse migratieachtergrond;26 jaar;2014;20770;9535;11235
2460;Totaal;Niet-westerse migratieachtergrond;26 jaar;2015;21282;9781;11501
2461;Totaal;Niet-westerse migratieachtergrond;26 jaar;2016;22649;10684;11965
2462;Totaal;Niet-westerse migratieachtergrond;26 jaar;2017;26385;12649;13736
2463;Totaal;Niet-westerse migratieachtergrond;26 jaar;2018;25299;12065;13234
2464;Totaal;Niet-westerse migratieachtergrond;27 jaar;2003;41171;22074;19097
2465;Totaal;Niet-westerse migratieachtergrond;27 jaar;2004;17469;8246;9223
2466;Totaal;Niet-westerse migratieachtergrond;27 jaar;2005;16985;7541;9444
2467;Totaal;Niet-westerse migratieachtergrond;27 jaar;2006;20843;9617;11226
2468;Totaal;Niet-westerse migratieachtergrond;27 jaar;2007;31453;15208;16245
2469;Totaal;Niet-westerse migratieachtergrond;27 jaar;2008;34875;16608;18267
2470;Totaal;Niet-westerse migratieachtergrond;27 jaar;2009;17558;8022;9536
2471;Totaal;Niet-westerse migratieachtergrond;27 jaar;2010;13212;5409;7803
2472;Totaal;Niet-westerse migratieachtergrond;27 jaar;2011;11556;4451;7105
2473;Totaal;Niet-westerse migratieachtergrond;27 jaar;2012;11843;4650;7193
2474;Totaal;Niet-westerse migratieachtergrond;27 jaar;2013;15306;6658;8648
2475;Totaal;Niet-westerse migratieachtergrond;27 jaar;2014;18533;8145;10388
2476;Totaal;Niet-westerse migratieachtergrond;27 jaar;2015;20435;9356;11079
2477;Totaal;Niet-westerse migratieachtergrond;27 jaar;2016;20992;9628;11364
2478;Totaal;Niet-westerse migratieachtergrond;27 jaar;2017;22370;10515;11855
2479;Totaal;Niet-westerse migratieachtergrond;27 jaar;2018;26118;12497;13621
2480;Totaal;Niet-westerse migratieachtergrond;28 jaar;2003;20841;9719;11122
2481;Totaal;Niet-westerse migratieachtergrond;28 jaar;2004;40632;21701;18931
2482;Totaal;Niet-westerse migratieachtergrond;28 jaar;2005;17232;8079;9153
2483;Totaal;Niet-westerse migratieachtergrond;28 jaar;2006;16761;7412;9349
2484;Totaal;Niet-westerse migratieachtergrond;28 jaar;2007;20535;9422;11113
2485;Totaal;Niet-westerse migratieachtergrond;28 jaar;2008;31012;14929;16083
2486;Totaal;Niet-westerse migratieachtergrond;28 jaar;2009;34395;16305;18090
2487;Totaal;Niet-westerse migratieachtergrond;28 jaar;2010;17385;7911;9474
2488;Totaal;Niet-westerse migratieachtergrond;28 jaar;2011;13052;5322;7730
2489;Totaal;Niet-westerse migratieachtergrond;28 jaar;2012;11425;4380;7045
2490;Totaal;Niet-westerse migratieachtergrond;28 jaar;2013;11699;4588;7111
2491;Totaal;Niet-westerse migratieachtergrond;28 jaar;2014;15116;6546;8570
2492;Totaal;Niet-westerse migratieachtergrond;28 jaar;2015;18279;8011;10268
2493;Totaal;Niet-westerse migratieachtergrond;28 jaar;2016;20121;9190;10931
2494;Totaal;Niet-westerse migratieachtergrond;28 jaar;2017;20746;9508;11238
2495;Totaal;Niet-westerse migratieachtergrond;28 jaar;2018;22116;10360;11756
2496;Totaal;Niet-westerse migratieachtergrond;29 jaar;2003;14864;7073;7791
2497;Totaal;Niet-westerse migratieachtergrond;29 jaar;2004;20573;9531;11042
2498;Totaal;Niet-westerse migratieachtergrond;29 jaar;2005;40052;21311;18741
2499;Totaal;Niet-westerse migratieachtergrond;29 jaar;2006;16984;7901;9083
2500;Totaal;Niet-westerse migratieachtergrond;29 jaar;2007;16521;7278;9243
2501;Totaal;Niet-westerse migratieachtergrond;29 jaar;2008;20252;9244;11008
2502;Totaal;Niet-westerse migratieachtergrond;29 jaar;2009;30607;14678;15929
2503;Totaal;Niet-westerse migratieachtergrond;29 jaar;2010;34011;16054;17957
2504;Totaal;Niet-westerse migratieachtergrond;29 jaar;2011;17199;7803;9396
2505;Totaal;Niet-westerse migratieachtergrond;29 jaar;2012;12896;5241;7655
2506;Totaal;Niet-westerse migratieachtergrond;29 jaar;2013;11301;4313;6988
2507;Totaal;Niet-westerse migratieachtergrond;29 jaar;2014;11574;4529;7045
2508;Totaal;Niet-westerse migratieachtergrond;29 jaar;2015;14911;6440;8471
2509;Totaal;Niet-westerse migratieachtergrond;29 jaar;2016;18036;7873;10163
2510;Totaal;Niet-westerse migratieachtergrond;29 jaar;2017;19865;9048;10817
2511;Totaal;Niet-westerse migratieachtergrond;29 jaar;2018;20531;9375;11156
2512;Totaal;Niet-westerse migratieachtergrond;30 jaar;2003;11083;5110;5973
2513;Totaal;Niet-westerse migratieachtergrond;30 jaar;2004;14660;6923;7737
2514;Totaal;Niet-westerse migratieachtergrond;30 jaar;2005;20309;9355;10954
2515;Totaal;Niet-westerse migratieachtergrond;30 jaar;2006;39464;20901;18563
2516;Totaal;Niet-westerse migratieachtergrond;30 jaar;2007;16744;7755;8989
2517;Totaal;Niet-westerse migratieachtergrond;30 jaar;2008;16282;7131;9151
2518;Totaal;Niet-westerse migratieachtergrond;30 jaar;2009;19999;9105;10894
2519;Totaal;Niet-westerse migratieachtergrond;30 jaar;2010;30310;14488;15822
2520;Totaal;Niet-westerse migratieachtergrond;30 jaar;2011;33632;15829;17803
2521;Totaal;Niet-westerse migratieachtergrond;30 jaar;2012;17012;7690;9322
2522;Totaal;Niet-westerse migratieachtergrond;30 jaar;2013;12742;5150;7592
2523;Totaal;Niet-westerse migratieachtergrond;30 jaar;2014;11162;4235;6927
2524;Totaal;Niet-westerse migratieachtergrond;30 jaar;2015;11432;4463;6969
2525;Totaal;Niet-westerse migratieachtergrond;30 jaar;2016;14720;6333;8387
2526;Totaal;Niet-westerse migratieachtergrond;30 jaar;2017;17840;7779;10061
2527;Totaal;Niet-westerse migratieachtergrond;30 jaar;2018;19632;8921;10711
2528;Totaal;Niet-westerse migratieachtergrond;31 jaar;2003;12747;7388;5359
2529;Totaal;Niet-westerse migratieachtergrond;31 jaar;2004;10948;5035;5913
2530;Totaal;Niet-westerse migratieachtergrond;31 jaar;2005;14457;6799;7658
2531;Totaal;Niet-westerse migratieachtergrond;31 jaar;2006;20032;9190;10842
2532;Totaal;Niet-westerse migratieachtergrond;31 jaar;2007;38799;20456;18343
2533;Totaal;Niet-westerse migratieachtergrond;31 jaar;2008;16501;7594;8907
2534;Totaal;Niet-westerse migratieachtergrond;31 jaar;2009;16079;7019;9060
2535;Totaal;Niet-westerse migratieachtergrond;31 jaar;2010;19781;8962;10819
2536;Totaal;Niet-westerse migratieachtergrond;31 jaar;2011;29979;14291;15688
2537;Totaal;Niet-westerse migratieachtergrond;31 jaar;2012;33275;15612;17663
2538;Totaal;Niet-westerse migratieachtergrond;31 jaar;2013;16823;7587;9236
2539;Totaal;Niet-westerse migratieachtergrond;31 jaar;2014;12590;5073;7517
2540;Totaal;Niet-westerse migratieachtergrond;31 jaar;2015;11015;4160;6855
2541;Totaal;Niet-westerse migratieachtergrond;31 jaar;2016;11285;4391;6894
2542;Totaal;Niet-westerse migratieachtergrond;31 jaar;2017;14556;6250;8306
2543;Totaal;Niet-westerse migratieachtergrond;31 jaar;2018;17626;7665;9961
2544;Totaal;Niet-westerse migratieachtergrond;32 jaar;2003;11960;8088;3872
2545;Totaal;Niet-westerse migratieachtergrond;32 jaar;2004;12548;7248;5300
2546;Totaal;Niet-westerse migratieachtergrond;32 jaar;2005;10801;4937;5864
2547;Totaal;Niet-westerse migratieachtergrond;32 jaar;2006;14252;6671;7581
2548;Totaal;Niet-westerse migratieachtergrond;32 jaar;2007;19698;8975;10723
2549;Totaal;Niet-westerse migratieachtergrond;32 jaar;2008;38276;20095;18181
2550;Totaal;Niet-westerse migratieachtergrond;32 jaar;2009;16306;7467;8839
2551;Totaal;Niet-westerse migratieachtergrond;32 jaar;2010;15917;6924;8993
2552;Totaal;Niet-westerse migratieachtergrond;32 jaar;2011;19560;8837;10723
2553;Totaal;Niet-westerse migratieachtergrond;32 jaar;2012;29672;14132;15540
2554;Totaal;Niet-westerse migratieachtergrond;32 jaar;2013;32876;15392;17484
2555;Totaal;Niet-westerse migratieachtergrond;32 jaar;2014;16641;7479;9162
2556;Totaal;Niet-westerse migratieachtergrond;32 jaar;2015;12436;4986;7450
2557;Totaal;Niet-westerse migratieachtergrond;32 jaar;2016;10882;4099;6783
2558;Totaal;Niet-westerse migratieachtergrond;32 jaar;2017;11175;4336;6839
2559;Totaal;Niet-westerse migratieachtergrond;32 jaar;2018;14385;6160;8225
2560;Totaal;Niet-westerse migratieachtergrond;33 jaar;2003;8120;5502;2618
2561;Totaal;Niet-westerse migratieachtergrond;33 jaar;2004;11799;7954;3845
2562;Totaal;Niet-westerse migratieachtergrond;33 jaar;2005;12359;7112;5247
2563;Totaal;Niet-westerse migratieachtergrond;33 jaar;2006;10633;4826;5807
2564;Totaal;Niet-westerse migratieachtergrond;33 jaar;2007;14025;6534;7491
2565;Totaal;Niet-westerse migratieachtergrond;33 jaar;2008;19371;8780;10591
2566;Totaal;Niet-westerse migratieachtergrond;33 jaar;2009;37727;19728;17999
2567;Totaal;Niet-westerse migratieachtergrond;33 jaar;2010;16123;7361;8762
2568;Totaal;Niet-westerse migratieachtergrond;33 jaar;2011;15730;6817;8913
2569;Totaal;Niet-westerse migratieachtergrond;33 jaar;2012;19336;8713;10623
2570;Totaal;Niet-westerse migratieachtergrond;33 jaar;2013;29326;13937;15389
2571;Totaal;Niet-westerse migratieachtergrond;33 jaar;2014;32493;15173;17320
2572;Totaal;Niet-westerse migratieachtergrond;33 jaar;2015;16418;7361;9057
2573;Totaal;Niet-westerse migratieachtergrond;33 jaar;2016;12271;4902;7369
2574;Totaal;Niet-westerse migratieachtergrond;33 jaar;2017;10742;4040;6702
2575;Totaal;Niet-westerse migratieachtergrond;33 jaar;2018;11057;4282;6775
2576;Totaal;Niet-westerse migratieachtergrond;34 jaar;2003;5331;3594;1737
2577;Totaal;Niet-westerse migratieachtergrond;34 jaar;2004;8003;5402;2601
2578;Totaal;Niet-westerse migratieachtergrond;34 jaar;2005;11582;7788;3794
2579;Totaal;Niet-westerse migratieachtergrond;34 jaar;2006;12131;6952;5179
2580;Totaal;Niet-westerse migratieachtergrond;34 jaar;2007;10469;4724;5745
2581;Totaal;Niet-westerse migratieachtergrond;34 jaar;2008;13816;6418;7398
2582;Totaal;Niet-westerse migratieachtergrond;34 jaar;2009;19102;8636;10466
2583;Totaal;Niet-westerse migratieachtergrond;34 jaar;2010;37231;19388;17843
2584;Totaal;Niet-westerse migratieachtergrond;34 jaar;2011;15925;7237;8688
2585;Totaal;Niet-westerse migratieachtergrond;34 jaar;2012;15535;6711;8824
2586;Totaal;Niet-westerse migratieachtergrond;34 jaar;2013;19120;8590;10530
2587;Totaal;Niet-westerse migratieachtergrond;34 jaar;2014;28961;13715;15246
2588;Totaal;Niet-westerse migratieachtergrond;34 jaar;2015;32043;14931;17112
2589;Totaal;Niet-westerse migratieachtergrond;34 jaar;2016;16222;7264;8958
2590;Totaal;Niet-westerse migratieachtergrond;34 jaar;2017;12142;4837;7305
2591;Totaal;Niet-westerse migratieachtergrond;34 jaar;2018;10629;3988;6641
2592;Totaal;Niet-westerse migratieachtergrond;35 jaar;2003;3057;1780;1277
2593;Totaal;Niet-westerse migratieachtergrond;35 jaar;2004;5238;3514;1724
2594;Totaal;Niet-westerse migratieachtergrond;35 jaar;2005;7877;5307;2570
2595;Totaal;Niet-westerse migratieachtergrond;35 jaar;2006;11366;7605;3761
2596;Totaal;Niet-westerse migratieachtergrond;35 jaar;2007;11917;6809;5108
2597;Totaal;Niet-westerse migratieachtergrond;35 jaar;2008;10319;4643;5676
2598;Totaal;Niet-westerse migratieachtergrond;35 jaar;2009;13599;6274;7325
2599;Totaal;Niet-westerse migratieachtergrond;35 jaar;2010;18876;8508;10368
2600;Totaal;Niet-westerse migratieachtergrond;35 jaar;2011;36719;19045;17674
2601;Totaal;Niet-westerse migratieachtergrond;35 jaar;2012;15756;7135;8621
2602;Totaal;Niet-westerse migratieachtergrond;35 jaar;2013;15335;6615;8720
2603;Totaal;Niet-westerse migratieachtergrond;35 jaar;2014;18910;8470;10440
2604;Totaal;Niet-westerse migratieachtergrond;35 jaar;2015;28539;13459;15080
2605;Totaal;Niet-westerse migratieachtergrond;35 jaar;2016;31636;14717;16919
2606;Totaal;Niet-westerse migratieachtergrond;35 jaar;2017;16038;7172;8866
2607;Totaal;Niet-westerse migratieachtergrond;35 jaar;2018;12025;4790;7235
2608;Totaal;Niet-westerse migratieachtergrond;36 jaar;2003;6494;5218;1276
2609;Totaal;Niet-westerse migratieachtergrond;36 jaar;2004;3007;1743;1264
2610;Totaal;Niet-westerse migratieachtergrond;36 jaar;2005;5145;3441;1704
2611;Totaal;Niet-westerse migratieachtergrond;36 jaar;2006;7727;5184;2543
2612;Totaal;Niet-westerse migratieachtergrond;36 jaar;2007;11147;7430;3717
2613;Totaal;Niet-westerse migratieachtergrond;36 jaar;2008;11716;6662;5054
2614;Totaal;Niet-westerse migratieachtergrond;36 jaar;2009;10152;4538;5614
2615;Totaal;Niet-westerse migratieachtergrond;36 jaar;2010;13419;6169;7250
2616;Totaal;Niet-westerse migratieachtergrond;36 jaar;2011;18622;8360;10262
2617;Totaal;Niet-westerse migratieachtergrond;36 jaar;2012;36241;18744;17497
2618;Totaal;Niet-westerse migratieachtergrond;36 jaar;2013;15542;7006;8536
2619;Totaal;Niet-westerse migratieachtergrond;36 jaar;2014;15158;6521;8637
2620;Totaal;Niet-westerse migratieachtergrond;36 jaar;2015;18649;8322;10327
2621;Totaal;Niet-westerse migratieachtergrond;36 jaar;2016;28141;13258;14883
2622;Totaal;Niet-westerse migratieachtergrond;36 jaar;2017;31238;14512;16726
2623;Totaal;Niet-westerse migratieachtergrond;36 jaar;2018;15858;7086;8772
2624;Totaal;Niet-westerse migratieachtergrond;37 jaar;2003;4105;3193;912
2625;Totaal;Niet-westerse migratieachtergrond;37 jaar;2004;6355;5094;1261
2626;Totaal;Niet-westerse migratieachtergrond;37 jaar;2005;2960;1709;1251
2627;Totaal;Niet-westerse migratieachtergrond;37 jaar;2006;5028;3351;1677
2628;Totaal;Niet-westerse migratieachtergrond;37 jaar;2007;7586;5064;2522
2629;Totaal;Niet-westerse migratieachtergrond;37 jaar;2008;10941;7264;3677
2630;Totaal;Niet-westerse migratieachtergrond;37 jaar;2009;11502;6519;4983
2631;Totaal;Niet-westerse migratieachtergrond;37 jaar;2010;9996;4454;5542
2632;Totaal;Niet-westerse migratieachtergrond;37 jaar;2011;13222;6048;7174
2633;Totaal;Niet-westerse migratieachtergrond;37 jaar;2012;18387;8237;10150
2634;Totaal;Niet-westerse migratieachtergrond;37 jaar;2013;35737;18413;17324
2635;Totaal;Niet-westerse migratieachtergrond;37 jaar;2014;15314;6868;8446
2636;Totaal;Niet-westerse migratieachtergrond;37 jaar;2015;14923;6407;8516
2637;Totaal;Niet-westerse migratieachtergrond;37 jaar;2016;18402;8195;10207
2638;Totaal;Niet-westerse migratieachtergrond;37 jaar;2017;27795;13058;14737
2639;Totaal;Niet-westerse migratieachtergrond;37 jaar;2018;30866;14313;16553
2640;Totaal;Niet-westerse migratieachtergrond;38 jaar;2003;2316;1655;661
2641;Totaal;Niet-westerse migratieachtergrond;38 jaar;2004;4025;3130;895
2642;Totaal;Niet-westerse migratieachtergrond;38 jaar;2005;6201;4962;1239
2643;Totaal;Niet-westerse migratieachtergrond;38 jaar;2006;2901;1672;1229
2644;Totaal;Niet-westerse migratieachtergrond;38 jaar;2007;4908;3256;1652
2645;Totaal;Niet-westerse migratieachtergrond;38 jaar;2008;7433;4948;2485
2646;Totaal;Niet-westerse migratieachtergrond;38 jaar;2009;10737;7097;3640
2647;Totaal;Niet-westerse migratieachtergrond;38 jaar;2010;11327;6383;4944
2648;Totaal;Niet-westerse migratieachtergrond;38 jaar;2011;9854;4365;5489
2649;Totaal;Niet-westerse migratieachtergrond;38 jaar;2012;13043;5955;7088
2650;Totaal;Niet-westerse migratieachtergrond;38 jaar;2013;18126;8095;10031
2651;Totaal;Niet-westerse migratieachtergrond;38 jaar;2014;35209;18082;17127
2652;Totaal;Niet-westerse migratieachtergrond;38 jaar;2015;15096;6763;8333
2653;Totaal;Niet-westerse migratieachtergrond;38 jaar;2016;14707;6301;8406
2654;Totaal;Niet-westerse migratieachtergrond;38 jaar;2017;18157;8073;10084
2655;Totaal;Niet-westerse migratieachtergrond;38 jaar;2018;27459;12862;14597
2656;Totaal;Niet-westerse migratieachtergrond;39 jaar;2003;1490;839;651
2657;Totaal;Niet-westerse migratieachtergrond;39 jaar;2004;2275;1623;652
2658;Totaal;Niet-westerse migratieachtergrond;39 jaar;2005;3937;3052;885
2659;Totaal;Niet-westerse migratieachtergrond;39 jaar;2006;6087;4855;1232
2660;Totaal;Niet-westerse migratieachtergrond;39 jaar;2007;2849;1644;1205
2661;Totaal;Niet-westerse migratieachtergrond;39 jaar;2008;4804;3172;1632
2662;Totaal;Niet-westerse migratieachtergrond;39 jaar;2009;7267;4814;2453
2663;Totaal;Niet-westerse migratieachtergrond;39 jaar;2010;10562;6968;3594
2664;Totaal;Niet-westerse migratieachtergrond;39 jaar;2011;11135;6248;4887
2665;Totaal;Niet-westerse migratieachtergrond;39 jaar;2012;9718;4299;5419
2666;Totaal;Niet-westerse migratieachtergrond;39 jaar;2013;12839;5842;6997
2667;Totaal;Niet-westerse migratieachtergrond;39 jaar;2014;17875;7953;9922
2668;Totaal;Niet-westerse migratieachtergrond;39 jaar;2015;34610;17692;16918
2669;Totaal;Niet-westerse migratieachtergrond;39 jaar;2016;14815;6606;8209
2670;Totaal;Niet-westerse migratieachtergrond;39 jaar;2017;14507;6209;8298
2671;Totaal;Niet-westerse migratieachtergrond;39 jaar;2018;17917;7937;9980
2672;Totaal;Niet-westerse migratieachtergrond;40 jaar;2003;1030;575;455
2673;Totaal;Niet-westerse migratieachtergrond;40 jaar;2004;1457;818;639
2674;Totaal;Niet-westerse migratieachtergrond;40 jaar;2005;2230;1586;644
2675;Totaal;Niet-westerse migratieachtergrond;40 jaar;2006;3835;2960;875
2676;Totaal;Niet-westerse migratieachtergrond;40 jaar;2007;5932;4722;1210
2677;Totaal;Niet-westerse migratieachtergrond;40 jaar;2008;2801;1614;1187
2678;Totaal;Niet-westerse migratieachtergrond;40 jaar;2009;4712;3103;1609
2679;Totaal;Niet-westerse migratieachtergrond;40 jaar;2010;7110;4690;2420
2680;Totaal;Niet-westerse migratieachtergrond;40 jaar;2011;10343;6801;3542
2681;Totaal;Niet-westerse migratieachtergrond;40 jaar;2012;10942;6115;4827
2682;Totaal;Niet-westerse migratieachtergrond;40 jaar;2013;9569;4213;5356
2683;Totaal;Niet-westerse migratieachtergrond;40 jaar;2014;12625;5717;6908
2684;Totaal;Niet-westerse migratieachtergrond;40 jaar;2015;17568;7783;9785
2685;Totaal;Niet-westerse migratieachtergrond;40 jaar;2016;34063;17350;16713
2686;Totaal;Niet-westerse migratieachtergrond;40 jaar;2017;14588;6480;8108
2687;Totaal;Niet-westerse migratieachtergrond;40 jaar;2018;14323;6131;8192
2688;Totaal;Niet-westerse migratieachtergrond;41 jaar;2003;733;373;360
2689;Totaal;Niet-westerse migratieachtergrond;41 jaar;2004;1007;561;446
2690;Totaal;Niet-westerse migratieachtergrond;41 jaar;2005;1434;802;632
2691;Totaal;Niet-westerse migratieachtergrond;41 jaar;2006;2193;1551;642
2692;Totaal;Niet-westerse migratieachtergrond;41 jaar;2007;3738;2875;863
2693;Totaal;Niet-westerse migratieachtergrond;41 jaar;2008;5791;4597;1194
2694;Totaal;Niet-westerse migratieachtergrond;41 jaar;2009;2749;1577;1172
2695;Totaal;Niet-westerse migratieachtergrond;41 jaar;2010;4614;3017;1597
2696;Totaal;Niet-westerse migratieachtergrond;41 jaar;2011;6968;4572;2396
2697;Totaal;Niet-westerse migratieachtergrond;41 jaar;2012;10134;6640;3494
2698;Totaal;Niet-westerse migratieachtergrond;41 jaar;2013;10738;5974;4764
2699;Totaal;Niet-westerse migratieachtergrond;41 jaar;2014;9406;4124;5282
2700;Totaal;Niet-westerse migratieachtergrond;41 jaar;2015;12378;5574;6804
2701;Totaal;Niet-westerse migratieachtergrond;41 jaar;2016;17259;7620;9639
2702;Totaal;Niet-westerse migratieachtergrond;41 jaar;2017;33493;16987;16506
2703;Totaal;Niet-westerse migratieachtergrond;41 jaar;2018;14383;6365;8018
2704;Totaal;Niet-westerse migratieachtergrond;42 jaar;2003;639;326;313
2705;Totaal;Niet-westerse migratieachtergrond;42 jaar;2004;727;372;355
2706;Totaal;Niet-westerse migratieachtergrond;42 jaar;2005;986;548;438
2707;Totaal;Niet-westerse migratieachtergrond;42 jaar;2006;1409;786;623
2708;Totaal;Niet-westerse migratieachtergrond;42 jaar;2007;2142;1502;640
2709;Totaal;Niet-westerse migratieachtergrond;42 jaar;2008;3638;2792;846
2710;Totaal;Niet-westerse migratieachtergrond;42 jaar;2009;5636;4465;1171
2711;Totaal;Niet-westerse migratieachtergrond;42 jaar;2010;2694;1533;1161
2712;Totaal;Niet-westerse migratieachtergrond;42 jaar;2011;4511;2935;1576
2713;Totaal;Niet-westerse migratieachtergrond;42 jaar;2012;6811;4457;2354
2714;Totaal;Niet-westerse migratieachtergrond;42 jaar;2013;9945;6494;3451
2715;Totaal;Niet-westerse migratieachtergrond;42 jaar;2014;10506;5823;4683
2716;Totaal;Niet-westerse migratieachtergrond;42 jaar;2015;9237;4029;5208
2717;Totaal;Niet-westerse migratieachtergrond;42 jaar;2016;12145;5451;6694
2718;Totaal;Niet-westerse migratieachtergrond;42 jaar;2017;16991;7469;9522
2719;Totaal;Niet-westerse migratieachtergrond;42 jaar;2018;32986;16683;16303
2720;Totaal;Niet-westerse migratieachtergrond;43 jaar;2003;361;170;191
2721;Totaal;Niet-westerse migratieachtergrond;43 jaar;2004;631;319;312
2722;Totaal;Niet-westerse migratieachtergrond;43 jaar;2005;715;367;348
2723;Totaal;Niet-westerse migratieachtergrond;43 jaar;2006;969;536;433
2724;Totaal;Niet-westerse migratieachtergrond;43 jaar;2007;1377;763;614
2725;Totaal;Niet-westerse migratieachtergrond;43 jaar;2008;2084;1453;631
2726;Totaal;Niet-westerse migratieachtergrond;43 jaar;2009;3554;2726;828
2727;Totaal;Niet-westerse migratieachtergrond;43 jaar;2010;5504;4345;1159
2728;Totaal;Niet-westerse migratieachtergrond;43 jaar;2011;2642;1496;1146
2729;Totaal;Niet-westerse migratieachtergrond;43 jaar;2012;4396;2842;1554
2730;Totaal;Niet-westerse migratieachtergrond;43 jaar;2013;6651;4325;2326
2731;Totaal;Niet-westerse migratieachtergrond;43 jaar;2014;9695;6298;3397
2732;Totaal;Niet-westerse migratieachtergrond;43 jaar;2015;10266;5663;4603
2733;Totaal;Niet-westerse migratieachtergrond;43 jaar;2016;9090;3958;5132
2734;Totaal;Niet-westerse migratieachtergrond;43 jaar;2017;11953;5337;6616
2735;Totaal;Niet-westerse migratieachtergrond;43 jaar;2018;16723;7335;9388
2736;Totaal;Niet-westerse migratieachtergrond;44 jaar;2003;443;236;207
2737;Totaal;Niet-westerse migratieachtergrond;44 jaar;2004;351;167;184
2738;Totaal;Niet-westerse migratieachtergrond;44 jaar;2005;622;316;306
2739;Totaal;Niet-westerse migratieachtergrond;44 jaar;2006;707;362;345
2740;Totaal;Niet-westerse migratieachtergrond;44 jaar;2007;952;522;430
2741;Totaal;Niet-westerse migratieachtergrond;44 jaar;2008;1348;743;605
2742;Totaal;Niet-westerse migratieachtergrond;44 jaar;2009;2026;1403;623
2743;Totaal;Niet-westerse migratieachtergrond;44 jaar;2010;3474;2654;820
2744;Totaal;Niet-westerse migratieachtergrond;44 jaar;2011;5345;4205;1140
2745;Totaal;Niet-westerse migratieachtergrond;44 jaar;2012;2588;1462;1126
2746;Totaal;Niet-westerse migratieachtergrond;44 jaar;2013;4302;2777;1525
2747;Totaal;Niet-westerse migratieachtergrond;44 jaar;2014;6470;4179;2291
2748;Totaal;Niet-westerse migratieachtergrond;44 jaar;2015;9441;6092;3349
2749;Totaal;Niet-westerse migratieachtergrond;44 jaar;2016;10035;5497;4538
2750;Totaal;Niet-westerse migratieachtergrond;44 jaar;2017;8921;3868;5053
2751;Totaal;Niet-westerse migratieachtergrond;44 jaar;2018;11751;5220;6531
2752;Totaal;Niet-westerse migratieachtergrond;45 jaar;2003;441;250;191
2753;Totaal;Niet-westerse migratieachtergrond;45 jaar;2004;428;225;203
2754;Totaal;Niet-westerse migratieachtergrond;45 jaar;2005;341;160;181
2755;Totaal;Niet-westerse migratieachtergrond;45 jaar;2006;616;313;303
2756;Totaal;Niet-westerse migratieachtergrond;45 jaar;2007;688;350;338
2757;Totaal;Niet-westerse migratieachtergrond;45 jaar;2008;936;512;424
2758;Totaal;Niet-westerse migratieachtergrond;45 jaar;2009;1320;723;597
2759;Totaal;Niet-westerse migratieachtergrond;45 jaar;2010;1975;1358;617
2760;Totaal;Niet-westerse migratieachtergrond;45 jaar;2011;3380;2572;808
2761;Totaal;Niet-westerse migratieachtergrond;45 jaar;2012;5188;4068;1120
2762;Totaal;Niet-westerse migratieachtergrond;45 jaar;2013;2530;1416;1114
2763;Totaal;Niet-westerse migratieachtergrond;45 jaar;2014;4207;2703;1504
2764;Totaal;Niet-westerse migratieachtergrond;45 jaar;2015;6305;4048;2257
2765;Totaal;Niet-westerse migratieachtergrond;45 jaar;2016;9170;5877;3293
2766;Totaal;Niet-westerse migratieachtergrond;45 jaar;2017;9824;5346;4478
2767;Totaal;Niet-westerse migratieachtergrond;45 jaar;2018;8758;3794;4964
2768;Totaal;Niet-westerse migratieachtergrond;46 jaar;2003;382;200;182
2769;Totaal;Niet-westerse migratieachtergrond;46 jaar;2004;437;248;189
2770;Totaal;Niet-westerse migratieachtergrond;46 jaar;2005;415;219;196
2771;Totaal;Niet-westerse migratieachtergrond;46 jaar;2006;333;153;180
2772;Totaal;Niet-westerse migratieachtergrond;46 jaar;2007;605;306;299
2773;Totaal;Niet-westerse migratieachtergrond;46 jaar;2008;670;341;329
2774;Totaal;Niet-westerse migratieachtergrond;46 jaar;2009;914;498;416
2775;Totaal;Niet-westerse migratieachtergrond;46 jaar;2010;1298;706;592
2776;Totaal;Niet-westerse migratieachtergrond;46 jaar;2011;1923;1319;604
2777;Totaal;Niet-westerse migratieachtergrond;46 jaar;2012;3302;2508;794
2778;Totaal;Niet-westerse migratieachtergrond;46 jaar;2013;5033;3937;1096
2779;Totaal;Niet-westerse migratieachtergrond;46 jaar;2014;2483;1391;1092
2780;Totaal;Niet-westerse migratieachtergrond;46 jaar;2015;4102;2619;1483
2781;Totaal;Niet-westerse migratieachtergrond;46 jaar;2016;6107;3889;2218
2782;Totaal;Niet-westerse migratieachtergrond;46 jaar;2017;8920;5679;3241
2783;Totaal;Niet-westerse migratieachtergrond;46 jaar;2018;9582;5187;4395
2784;Totaal;Niet-westerse migratieachtergrond;47 jaar;2003;239;113;126
2785;Totaal;Niet-westerse migratieachtergrond;47 jaar;2004;376;200;176
2786;Totaal;Niet-westerse migratieachtergrond;47 jaar;2005;432;245;187
2787;Totaal;Niet-westerse migratieachtergrond;47 jaar;2006;410;216;194
2788;Totaal;Niet-westerse migratieachtergrond;47 jaar;2007;329;151;178
2789;Totaal;Niet-westerse migratieachtergrond;47 jaar;2008;592;295;297
2790;Totaal;Niet-westerse migratieachtergrond;47 jaar;2009;664;337;327
2791;Totaal;Niet-westerse migratieachtergrond;47 jaar;2010;894;487;407
2792;Totaal;Niet-westerse migratieachtergrond;47 jaar;2011;1282;697;585
2793;Totaal;Niet-westerse migratieachtergrond;47 jaar;2012;1859;1268;591
2794;Totaal;Niet-westerse migratieachtergrond;47 jaar;2013;3198;2415;783
2795;Totaal;Niet-westerse migratieachtergrond;47 jaar;2014;4860;3774;1086
2796;Totaal;Niet-westerse migratieachtergrond;47 jaar;2015;2428;1355;1073
2797;Totaal;Niet-westerse migratieachtergrond;47 jaar;2016;3977;2523;1454
2798;Totaal;Niet-westerse migratieachtergrond;47 jaar;2017;5957;3769;2188
2799;Totaal;Niet-westerse migratieachtergrond;47 jaar;2018;8683;5484;3199
2800;Totaal;Niet-westerse migratieachtergrond;48 jaar;2003;253;118;135
2801;Totaal;Niet-westerse migratieachtergrond;48 jaar;2004;233;111;122
2802;Totaal;Niet-westerse migratieachtergrond;48 jaar;2005;369;196;173
2803;Totaal;Niet-westerse migratieachtergrond;48 jaar;2006;422;239;183
2804;Totaal;Niet-westerse migratieachtergrond;48 jaar;2007;399;211;188
2805;Totaal;Niet-westerse migratieachtergrond;48 jaar;2008;324;147;177
2806;Totaal;Niet-westerse migratieachtergrond;48 jaar;2009;579;285;294
2807;Totaal;Niet-westerse migratieachtergrond;48 jaar;2010;653;331;322
2808;Totaal;Niet-westerse migratieachtergrond;48 jaar;2011;881;479;402
2809;Totaal;Niet-westerse migratieachtergrond;48 jaar;2012;1254;678;576
2810;Totaal;Niet-westerse migratieachtergrond;48 jaar;2013;1803;1218;585
2811;Totaal;Niet-westerse migratieachtergrond;48 jaar;2014;3101;2332;769
2812;Totaal;Niet-westerse migratieachtergrond;48 jaar;2015;4692;3623;1069
2813;Totaal;Niet-westerse migratieachtergrond;48 jaar;2016;2371;1314;1057
2814;Totaal;Niet-westerse migratieachtergrond;48 jaar;2017;3845;2420;1425
2815;Totaal;Niet-westerse migratieachtergrond;48 jaar;2018;5788;3634;2154
2816;Totaal;Niet-westerse migratieachtergrond;49 jaar;2003;160;82;78
2817;Totaal;Niet-westerse migratieachtergrond;49 jaar;2004;241;112;129
2818;Totaal;Niet-westerse migratieachtergrond;49 jaar;2005;230;108;122
2819;Totaal;Niet-westerse migratieachtergrond;49 jaar;2006;363;194;169
2820;Totaal;Niet-westerse migratieachtergrond;49 jaar;2007;411;234;177
2821;Totaal;Niet-westerse migratieachtergrond;49 jaar;2008;388;204;184
2822;Totaal;Niet-westerse migratieachtergrond;49 jaar;2009;321;145;176
2823;Totaal;Niet-westerse migratieachtergrond;49 jaar;2010;575;281;294
2824;Totaal;Niet-westerse migratieachtergrond;49 jaar;2011;641;324;317
2825;Totaal;Niet-westerse migratieachtergrond;49 jaar;2012;865;471;394
2826;Totaal;Niet-westerse migratieachtergrond;49 jaar;2013;1212;650;562
2827;Totaal;Niet-westerse migratieachtergrond;49 jaar;2014;1740;1167;573
2828;Totaal;Niet-westerse migratieachtergrond;49 jaar;2015;3010;2253;757
2829;Totaal;Niet-westerse migratieachtergrond;49 jaar;2016;4529;3474;1055
2830;Totaal;Niet-westerse migratieachtergrond;49 jaar;2017;2296;1269;1027
2831;Totaal;Niet-westerse migratieachtergrond;49 jaar;2018;3740;2346;1394
2832;Totaal;Niet-westerse migratieachtergrond;50 jaar;2003;118;60;58
2833;Totaal;Niet-westerse migratieachtergrond;50 jaar;2004;159;80;79
2834;Totaal;Niet-westerse migratieachtergrond;50 jaar;2005;233;106;127
2835;Totaal;Niet-westerse migratieachtergrond;50 jaar;2006;223;105;118
2836;Totaal;Niet-westerse migratieachtergrond;50 jaar;2007;353;186;167
2837;Totaal;Niet-westerse migratieachtergrond;50 jaar;2008;403;228;175
2838;Totaal;Niet-westerse migratieachtergrond;50 jaar;2009;375;197;178
2839;Totaal;Niet-westerse migratieachtergrond;50 jaar;2010;316;141;175
2840;Totaal;Niet-westerse migratieachtergrond;50 jaar;2011;558;270;288
2841;Totaal;Niet-westerse migratieachtergrond;50 jaar;2012;625;313;312
2842;Totaal;Niet-westerse migratieachtergrond;50 jaar;2013;846;460;386
2843;Totaal;Niet-westerse migratieachtergrond;50 jaar;2014;1176;627;549
2844;Totaal;Niet-westerse migratieachtergrond;50 jaar;2015;1685;1120;565
2845;Totaal;Niet-westerse migratieachtergrond;50 jaar;2016;2908;2165;743
2846;Totaal;Niet-westerse migratieachtergrond;50 jaar;2017;4340;3310;1030
2847;Totaal;Niet-westerse migratieachtergrond;50 jaar;2018;2227;1220;1007
2848;Totaal;Niet-westerse migratieachtergrond;51 jaar;2003;101;41;60
2849;Totaal;Niet-westerse migratieachtergrond;51 jaar;2004;114;58;56
2850;Totaal;Niet-westerse migratieachtergrond;51 jaar;2005;151;74;77
2851;Totaal;Niet-westerse migratieachtergrond;51 jaar;2006;224;102;122
2852;Totaal;Niet-westerse migratieachtergrond;51 jaar;2007;217;101;116
2853;Totaal;Niet-westerse migratieachtergrond;51 jaar;2008;348;184;164
2854;Totaal;Niet-westerse migratieachtergrond;51 jaar;2009;392;221;171
2855;Totaal;Niet-westerse migratieachtergrond;51 jaar;2010;362;192;170
2856;Totaal;Niet-westerse migratieachtergrond;51 jaar;2011;311;139;172
2857;Totaal;Niet-westerse migratieachtergrond;51 jaar;2012;551;264;287
2858;Totaal;Niet-westerse migratieachtergrond;51 jaar;2013;610;304;306
2859;Totaal;Niet-westerse migratieachtergrond;51 jaar;2014;824;444;380
2860;Totaal;Niet-westerse migratieachtergrond;51 jaar;2015;1142;602;540
2861;Totaal;Niet-westerse migratieachtergrond;51 jaar;2016;1609;1059;550
2862;Totaal;Niet-westerse migratieachtergrond;51 jaar;2017;2789;2061;728
2863;Totaal;Niet-westerse migratieachtergrond;51 jaar;2018;4148;3145;1003
2864;Totaal;Niet-westerse migratieachtergrond;52 jaar;2003;165;53;112
2865;Totaal;Niet-westerse migratieachtergrond;52 jaar;2004;92;37;55
2866;Totaal;Niet-westerse migratieachtergrond;52 jaar;2005;111;57;54
2867;Totaal;Niet-westerse migratieachtergrond;52 jaar;2006;147;74;73
2868;Totaal;Niet-westerse migratieachtergrond;52 jaar;2007;218;99;119
2869;Totaal;Niet-westerse migratieachtergrond;52 jaar;2008;211;97;114
2870;Totaal;Niet-westerse migratieachtergrond;52 jaar;2009;334;174;160
2871;Totaal;Niet-westerse migratieachtergrond;52 jaar;2010;385;219;166
2872;Totaal;Niet-westerse migratieachtergrond;52 jaar;2011;356;189;167
2873;Totaal;Niet-westerse migratieachtergrond;52 jaar;2012;302;133;169
2874;Totaal;Niet-westerse migratieachtergrond;52 jaar;2013;544;260;284
2875;Totaal;Niet-westerse migratieachtergrond;52 jaar;2014;600;297;303
2876;Totaal;Niet-westerse migratieachtergrond;52 jaar;2015;802;432;370
2877;Totaal;Niet-westerse migratieachtergrond;52 jaar;2016;1108;578;530
2878;Totaal;Niet-westerse migratieachtergrond;52 jaar;2017;1557;1019;538
2879;Totaal;Niet-westerse migratieachtergrond;52 jaar;2018;2696;1980;716
2880;Totaal;Niet-westerse migratieachtergrond;53 jaar;2003;113;56;57
2881;Totaal;Niet-westerse migratieachtergrond;53 jaar;2004;161;50;111
2882;Totaal;Niet-westerse migratieachtergrond;53 jaar;2005;86;36;50
2883;Totaal;Niet-westerse migratieachtergrond;53 jaar;2006;107;56;51
2884;Totaal;Niet-westerse migratieachtergrond;53 jaar;2007;143;72;71
2885;Totaal;Niet-westerse migratieachtergrond;53 jaar;2008;208;91;117
2886;Totaal;Niet-westerse migratieachtergrond;53 jaar;2009;203;93;110
2887;Totaal;Niet-westerse migratieachtergrond;53 jaar;2010;327;169;158
2888;Totaal;Niet-westerse migratieachtergrond;53 jaar;2011;372;207;165
2889;Totaal;Niet-westerse migratieachtergrond;53 jaar;2012;349;186;163
2890;Totaal;Niet-westerse migratieachtergrond;53 jaar;2013;297;131;166
2891;Totaal;Niet-westerse migratieachtergrond;53 jaar;2014;531;251;280
2892;Totaal;Niet-westerse migratieachtergrond;53 jaar;2015;585;292;293
2893;Totaal;Niet-westerse migratieachtergrond;53 jaar;2016;781;423;358
2894;Totaal;Niet-westerse migratieachtergrond;53 jaar;2017;1083;565;518
2895;Totaal;Niet-westerse migratieachtergrond;53 jaar;2018;1489;966;523
2896;Totaal;Niet-westerse migratieachtergrond;54 jaar;2003;110;47;63
2897;Totaal;Niet-westerse migratieachtergrond;54 jaar;2004;114;57;57
2898;Totaal;Niet-westerse migratieachtergrond;54 jaar;2005;155;48;107
2899;Totaal;Niet-westerse migratieachtergrond;54 jaar;2006;86;36;50
2900;Totaal;Niet-westerse migratieachtergrond;54 jaar;2007;102;52;50
2901;Totaal;Niet-westerse migratieachtergrond;54 jaar;2008;141;71;70
2902;Totaal;Niet-westerse migratieachtergrond;54 jaar;2009;205;89;116
2903;Totaal;Niet-westerse migratieachtergrond;54 jaar;2010;200;90;110
2904;Totaal;Niet-westerse migratieachtergrond;54 jaar;2011;322;164;158
2905;Totaal;Niet-westerse migratieachtergrond;54 jaar;2012;363;200;163
2906;Totaal;Niet-westerse migratieachtergrond;54 jaar;2013;337;179;158
2907;Totaal;Niet-westerse migratieachtergrond;54 jaar;2014;287;127;160
2908;Totaal;Niet-westerse migratieachtergrond;54 jaar;2015;517;245;272
2909;Totaal;Niet-westerse migratieachtergrond;54 jaar;2016;574;288;286
2910;Totaal;Niet-westerse migratieachtergrond;54 jaar;2017;758;409;349
2911;Totaal;Niet-westerse migratieachtergrond;54 jaar;2018;1053;549;504
2912;Totaal;Niet-westerse migratieachtergrond;55 jaar;2003;105;57;48
2913;Totaal;Niet-westerse migratieachtergrond;55 jaar;2004;106;47;59
2914;Totaal;Niet-westerse migratieachtergrond;55 jaar;2005;108;54;54
2915;Totaal;Niet-westerse migratieachtergrond;55 jaar;2006;152;46;106
2916;Totaal;Niet-westerse migratieachtergrond;55 jaar;2007;81;32;49
2917;Totaal;Niet-westerse migratieachtergrond;55 jaar;2008;99;51;48
2918;Totaal;Niet-westerse migratieachtergrond;55 jaar;2009;138;70;68
2919;Totaal;Niet-westerse migratieachtergrond;55 jaar;2010;197;86;111
2920;Totaal;Niet-westerse migratieachtergrond;55 jaar;2011;198;91;107
2921;Totaal;Niet-westerse migratieachtergrond;55 jaar;2012;312;158;154
2922;Totaal;Niet-westerse migratieachtergrond;55 jaar;2013;358;197;161
2923;Totaal;Niet-westerse migratieachtergrond;55 jaar;2014;326;172;154
2924;Totaal;Niet-westerse migratieachtergrond;55 jaar;2015;280;123;157
2925;Totaal;Niet-westerse migratieachtergrond;55 jaar;2016;501;239;262
2926;Totaal;Niet-westerse migratieachtergrond;55 jaar;2017;552;274;278
2927;Totaal;Niet-westerse migratieachtergrond;55 jaar;2018;737;395;342
2928;Totaal;Niet-westerse migratieachtergrond;56 jaar;2003;145;66;79
2929;Totaal;Niet-westerse migratieachtergrond;56 jaar;2004;97;51;46
2930;Totaal;Niet-westerse migratieachtergrond;56 jaar;2005;102;43;59
2931;Totaal;Niet-westerse migratieachtergrond;56 jaar;2006;105;50;55
2932;Totaal;Niet-westerse migratieachtergrond;56 jaar;2007;142;44;98
2933;Totaal;Niet-westerse migratieachtergrond;56 jaar;2008;78;30;48
2934;Totaal;Niet-westerse migratieachtergrond;56 jaar;2009;97;49;48
2935;Totaal;Niet-westerse migratieachtergrond;56 jaar;2010;135;68;67
2936;Totaal;Niet-westerse migratieachtergrond;56 jaar;2011;191;83;108
2937;Totaal;Niet-westerse migratieachtergrond;56 jaar;2012;189;87;102
2938;Totaal;Niet-westerse migratieachtergrond;56 jaar;2013;306;155;151
2939;Totaal;Niet-westerse migratieachtergrond;56 jaar;2014;343;189;154
2940;Totaal;Niet-westerse migratieachtergrond;56 jaar;2015;314;164;150
2941;Totaal;Niet-westerse migratieachtergrond;56 jaar;2016;274;120;154
2942;Totaal;Niet-westerse migratieachtergrond;56 jaar;2017;489;233;256
2943;Totaal;Niet-westerse migratieachtergrond;56 jaar;2018;538;266;272
2944;Totaal;Niet-westerse migratieachtergrond;57 jaar;2003;11;4;7
2945;Totaal;Niet-westerse migratieachtergrond;57 jaar;2004;142;63;79
2946;Totaal;Niet-westerse migratieachtergrond;57 jaar;2005;95;49;46
2947;Totaal;Niet-westerse migratieachtergrond;57 jaar;2006;96;40;56
2948;Totaal;Niet-westerse migratieachtergrond;57 jaar;2007;101;48;53
2949;Totaal;Niet-westerse migratieachtergrond;57 jaar;2008;137;43;94
2950;Totaal;Niet-westerse migratieachtergrond;57 jaar;2009;76;29;47
2951;Totaal;Niet-westerse migratieachtergrond;57 jaar;2010;97;49;48
2952;Totaal;Niet-westerse migratieachtergrond;57 jaar;2011;134;67;67
2953;Totaal;Niet-westerse migratieachtergrond;57 jaar;2012;182;77;105
2954;Totaal;Niet-westerse migratieachtergrond;57 jaar;2013;186;86;100
2955;Totaal;Niet-westerse migratieachtergrond;57 jaar;2014;295;148;147
2956;Totaal;Niet-westerse migratieachtergrond;57 jaar;2015;331;180;151
2957;Totaal;Niet-westerse migratieachtergrond;57 jaar;2016;299;155;144
2958;Totaal;Niet-westerse migratieachtergrond;57 jaar;2017;268;117;151
2959;Totaal;Niet-westerse migratieachtergrond;57 jaar;2018;480;227;253
2960;Totaal;Niet-westerse migratieachtergrond;58 jaar;2003;1;1;0
2961;Totaal;Niet-westerse migratieachtergrond;58 jaar;2004;11;4;7
2962;Totaal;Niet-westerse migratieachtergrond;58 jaar;2005;139;62;77
2963;Totaal;Niet-westerse migratieachtergrond;58 jaar;2006;86;43;43
2964;Totaal;Niet-westerse migratieachtergrond;58 jaar;2007;93;38;55
2965;Totaal;Niet-westerse migratieachtergrond;58 jaar;2008;95;44;51
2966;Totaal;Niet-westerse migratieachtergrond;58 jaar;2009;133;42;91
2967;Totaal;Niet-westerse migratieachtergrond;58 jaar;2010;74;29;45
2968;Totaal;Niet-westerse migratieachtergrond;58 jaar;2011;93;47;46
2969;Totaal;Niet-westerse migratieachtergrond;58 jaar;2012;133;66;67
2970;Totaal;Niet-westerse migratieachtergrond;58 jaar;2013;181;77;104
2971;Totaal;Niet-westerse migratieachtergrond;58 jaar;2014;184;87;97
2972;Totaal;Niet-westerse migratieachtergrond;58 jaar;2015;282;144;138
2973;Totaal;Niet-westerse migratieachtergrond;58 jaar;2016;315;171;144
2974;Totaal;Niet-westerse migratieachtergrond;58 jaar;2017;286;151;135
2975;Totaal;Niet-westerse migratieachtergrond;58 jaar;2018;261;113;148
2976;Totaal;Niet-westerse migratieachtergrond;59 jaar;2003;1;1;0
2977;Totaal;Niet-westerse migratieachtergrond;59 jaar;2004;1;1;0
2978;Totaal;Niet-westerse migratieachtergrond;59 jaar;2005;11;4;7
2979;Totaal;Niet-westerse migratieachtergrond;59 jaar;2006;131;59;72
2980;Totaal;Niet-westerse migratieachtergrond;59 jaar;2007;81;40;41
2981;Totaal;Niet-westerse migratieachtergrond;59 jaar;2008;91;35;56
2982;Totaal;Niet-westerse migratieachtergrond;59 jaar;2009;93;42;51
2983;Totaal;Niet-westerse migratieachtergrond;59 jaar;2010;127;41;86
2984;Totaal;Niet-westerse migratieachtergrond;59 jaar;2011;74;29;45
2985;Totaal;Niet-westerse migratieachtergrond;59 jaar;2012;89;44;45
2986;Totaal;Niet-westerse migratieachtergrond;59 jaar;2013;128;63;65
2987;Totaal;Niet-westerse migratieachtergrond;59 jaar;2014;179;77;102
2988;Totaal;Niet-westerse migratieachtergrond;59 jaar;2015;175;81;94
2989;Totaal;Niet-westerse migratieachtergrond;59 jaar;2016;271;137;134
2990;Totaal;Niet-westerse migratieachtergrond;59 jaar;2017;300;158;142
2991;Totaal;Niet-westerse migratieachtergrond;59 jaar;2018;276;144;132
2992;Totaal;Niet-westerse migratieachtergrond;60 jaar of meer;2003;189;88;101
2993;Totaal;Niet-westerse migratieachtergrond;60 jaar of meer;2004;178;82;96
2994;Totaal;Niet-westerse migratieachtergrond;60 jaar of meer;2005;161;72;89
2995;Totaal;Niet-westerse migratieachtergrond;60 jaar of meer;2006;154;65;89
2996;Totaal;Niet-westerse migratieachtergrond;60 jaar of meer;2007;266;114;152
2997;Totaal;Niet-westerse migratieachtergrond;60 jaar of meer;2008;330;146;184
2998;Totaal;Niet-westerse migratieachtergrond;60 jaar of meer;2009;395;171;224
2999;Totaal;Niet-westerse migratieachtergrond;60 jaar of meer;2010;476;209;267
3000;Totaal;Niet-westerse migratieachtergrond;60 jaar of meer;2011;568;235;333
3001;Totaal;Niet-westerse migratieachtergrond;60 jaar of meer;2012;603;243;360
3002;Totaal;Niet-westerse migratieachtergrond;60 jaar of meer;2013;665;275;390
3003;Totaal;Niet-westerse migratieachtergrond;60 jaar of meer;2014;749;321;428
3004;Totaal;Niet-westerse migratieachtergrond;60 jaar of meer;2015;885;377;508
3005;Totaal;Niet-westerse migratieachtergrond;60 jaar of meer;2016;1002;436;566
3006;Totaal;Niet-westerse migratieachtergrond;60 jaar of meer;2017;1221;552;669
3007;Totaal;Niet-westerse migratieachtergrond;60 jaar of meer;2018;1446;675;771
3008;Totaal;Niet-westerse migratieachtergrond;Onbekend;2003;2374;1358;1016
3009;Totaal;Niet-westerse migratieachtergrond;Onbekend;2004;1982;1137;845
3010;Totaal;Niet-westerse migratieachtergrond;Onbekend;2005;1828;1079;749
3011;Totaal;Niet-westerse migratieachtergrond;Onbekend;2006;1554;885;669
3012;Totaal;Niet-westerse migratieachtergrond;Onbekend;2007;1539;866;673
3013;Totaal;Niet-westerse migratieachtergrond;Onbekend;2008;1205;699;506
3014;Totaal;Niet-westerse migratieachtergrond;Onbekend;2009;1066;605;461
3015;Totaal;Niet-westerse migratieachtergrond;Onbekend;2010;412;208;204
3016;Totaal;Niet-westerse migratieachtergrond;Onbekend;2011;360;183;177
3017;Totaal;Niet-westerse migratieachtergrond;Onbekend;2012;338;172;166
3018;Totaal;Niet-westerse migratieachtergrond;Onbekend;2013;306;153;153
3019;Totaal;Niet-westerse migratieachtergrond;Onbekend;2014;292;147;145
3020;Totaal;Niet-westerse migratieachtergrond;Onbekend;2015;283;142;141
3021;Totaal;Niet-westerse migratieachtergrond;Onbekend;2016;276;137;139
3022;Totaal;Niet-westerse migratieachtergrond;Onbekend;2017;259;127;132
3023;Totaal;Niet-westerse migratieachtergrond;Onbekend;2018;263;134;129
3024;Totaal;Afrika;Totaal;2003;292322;165920;126402
3025;Totaal;Afrika;Totaal;2004;296259;166989;129270
3026;Totaal;Afrika;Totaal;2005;295089;164948;130141
3027;Totaal;Afrika;Totaal;2006;291652;161268;130384
3028;Totaal;Afrika;Totaal;2007;287768;157741;130027
3029;Totaal;Afrika;Totaal;2008;286821;156466;130355
3030;Totaal;Afrika;Totaal;2009;290491;157926;132565
3031;Totaal;Afrika;Totaal;2010;298378;162146;136232
3032;Totaal;Afrika;Totaal;2011;302988;163703;139285
3033;Totaal;Afrika;Totaal;2012;306296;164589;141707
3034;Totaal;Afrika;Totaal;2013;306257;163537;142720
3035;Totaal;Afrika;Totaal;2014;309223;164344;144879
3036;Totaal;Afrika;Totaal;2015;313970;166668;147302
3037;Totaal;Afrika;Totaal;2016;320516;170205;150311
3038;Totaal;Afrika;Totaal;2017;327616;173726;153890
3039;Totaal;Afrika;Totaal;2018;334809;176755;158054
3040;Totaal;Afrika;Minder dan 1 jaar;2003;23271;14365;8906
3041;Totaal;Afrika;Minder dan 1 jaar;2004;17087;10221;6866
3042;Totaal;Afrika;Minder dan 1 jaar;2005;13326;7929;5397
3043;Totaal;Afrika;Minder dan 1 jaar;2006;12022;7157;4865
3044;Totaal;Afrika;Minder dan 1 jaar;2007;11740;7145;4595
3045;Totaal;Afrika;Minder dan 1 jaar;2008;12329;7845;4484
3046;Totaal;Afrika;Minder dan 1 jaar;2009;15765;9808;5957
3047;Totaal;Afrika;Minder dan 1 jaar;2010;18800;11766;7034
3048;Totaal;Afrika;Minder dan 1 jaar;2011;16643;9925;6718
3049;Totaal;Afrika;Minder dan 1 jaar;2012;14843;8745;6098
3050;Totaal;Afrika;Minder dan 1 jaar;2013;12063;7263;4800
3051;Totaal;Afrika;Minder dan 1 jaar;2014;14591;8579;6012
3052;Totaal;Afrika;Minder dan 1 jaar;2015;15665;9653;6012
3053;Totaal;Afrika;Minder dan 1 jaar;2016;17447;10813;6634
3054;Totaal;Afrika;Minder dan 1 jaar;2017;17936;10644;7292
3055;Totaal;Afrika;Minder dan 1 jaar;2018;17295;9673;7622
3056;Totaal;Afrika;1 jaar;2003;20313;12238;8075
3057;Totaal;Afrika;1 jaar;2004;20852;12581;8271
3058;Totaal;Afrika;1 jaar;2005;14997;8685;6312
3059;Totaal;Afrika;1 jaar;2006;11417;6570;4847
3060;Totaal;Afrika;1 jaar;2007;10289;5913;4376
3061;Totaal;Afrika;1 jaar;2008;9973;5876;4097
3062;Totaal;Afrika;1 jaar;2009;10340;6415;3925
3063;Totaal;Afrika;1 jaar;2010;13580;8326;5254
3064;Totaal;Afrika;1 jaar;2011;16120;9848;6272
3065;Totaal;Afrika;1 jaar;2012;14112;8175;5937
3066;Totaal;Afrika;1 jaar;2013;12252;6968;5284
3067;Totaal;Afrika;1 jaar;2014;9764;5730;4034
3068;Totaal;Afrika;1 jaar;2015;12458;7138;5320
3069;Totaal;Afrika;1 jaar;2016;13725;8386;5339
3070;Totaal;Afrika;1 jaar;2017;15488;9571;5917
3071;Totaal;Afrika;1 jaar;2018;15852;9315;6537
3072;Totaal;Afrika;2 jaar;2003;16428;9621;6807
3073;Totaal;Afrika;2 jaar;2004;18076;10669;7407
3074;Totaal;Afrika;2 jaar;2005;18266;10742;7524
3075;Totaal;Afrika;2 jaar;2006;13022;7273;5749
3076;Totaal;Afrika;2 jaar;2007;10076;5611;4465
3077;Totaal;Afrika;2 jaar;2008;9114;5075;4039
3078;Totaal;Afrika;2 jaar;2009;8809;5012;3797
3079;Totaal;Afrika;2 jaar;2010;9172;5566;3606
3080;Totaal;Afrika;2 jaar;2011;12036;7251;4785
3081;Totaal;Afrika;2 jaar;2012;14410;8608;5802
3082;Totaal;Afrika;2 jaar;2013;12481;7008;5473
3083;Totaal;Afrika;2 jaar;2014;10841;5994;4847
3084;Totaal;Afrika;2 jaar;2015;8457;4845;3612
3085;Totaal;Afrika;2 jaar;2016;11142;6203;4939
3086;Totaal;Afrika;2 jaar;2017;12572;7620;4952
3087;Totaal;Afrika;2 jaar;2018;14346;8777;5569
3088;Totaal;Afrika;3 jaar;2003;12880;7143;5737
3089;Totaal;Afrika;3 jaar;2004;15024;8635;6389
3090;Totaal;Afrika;3 jaar;2005;16470;9527;6943
3091;Totaal;Afrika;3 jaar;2006;16106;9146;6960
3092;Totaal;Afrika;3 jaar;2007;11665;6336;5329
3093;Totaal;Afrika;3 jaar;2008;9190;4982;4208
3094;Totaal;Afrika;3 jaar;2009;8440;4601;3839
3095;Totaal;Afrika;3 jaar;2010;8144;4557;3587
3096;Totaal;Afrika;3 jaar;2011;8373;5024;3349
3097;Totaal;Afrika;3 jaar;2012;11108;6581;4527
3098;Totaal;Afrika;3 jaar;2013;13285;7754;5531
3099;Totaal;Afrika;3 jaar;2014;11553;6357;5196
3100;Totaal;Afrika;3 jaar;2015;10108;5496;4612
3101;Totaal;Afrika;3 jaar;2016;7766;4359;3407
3102;Totaal;Afrika;3 jaar;2017;10462;5745;4717
3103;Totaal;Afrika;3 jaar;2018;11830;7105;4725
3104;Totaal;Afrika;4 jaar;2003;12873;7289;5584
3105;Totaal;Afrika;4 jaar;2004;12019;6566;5453
3106;Totaal;Afrika;4 jaar;2005;13890;7864;6026
3107;Totaal;Afrika;4 jaar;2006;15063;8506;6557
3108;Totaal;Afrika;4 jaar;2007;14337;7946;6391
3109;Totaal;Afrika;4 jaar;2008;10798;5760;5038
3110;Totaal;Afrika;4 jaar;2009;8569;4567;4002
3111;Totaal;Afrika;4 jaar;2010;7959;4262;3697
3112;Totaal;Afrika;4 jaar;2011;7635;4200;3435
3113;Totaal;Afrika;4 jaar;2012;7820;4635;3185
3114;Totaal;Afrika;4 jaar;2013;10392;6082;4310
3115;Totaal;Afrika;4 jaar;2014;12413;7183;5230
3116;Totaal;Afrika;4 jaar;2015;10935;5931;5004
3117;Totaal;Afrika;4 jaar;2016;9540;5127;4413
3118;Totaal;Afrika;4 jaar;2017;7234;4004;3230
3119;Totaal;Afrika;4 jaar;2018;9970;5419;4551
3120;Totaal;Afrika;5 jaar;2003;11282;6440;4842
3121;Totaal;Afrika;5 jaar;2004;12092;6738;5354
3122;Totaal;Afrika;5 jaar;2005;11300;6076;5224
3123;Totaal;Afrika;5 jaar;2006;12870;7162;5708
3124;Totaal;Afrika;5 jaar;2007;13756;7608;6148
3125;Totaal;Afrika;5 jaar;2008;13057;7071;5986
3126;Totaal;Afrika;5 jaar;2009;10079;5290;4789
3127;Totaal;Afrika;5 jaar;2010;8150;4274;3876
3128;Totaal;Afrika;5 jaar;2011;7494;3942;3552
3129;Totaal;Afrika;5 jaar;2012;7239;3950;3289
3130;Totaal;Afrika;5 jaar;2013;7365;4317;3048
3131;Totaal;Afrika;5 jaar;2014;9811;5683;4128
3132;Totaal;Afrika;5 jaar;2015;11835;6776;5059
3133;Totaal;Afrika;5 jaar;2016;10390;5558;4832
3134;Totaal;Afrika;5 jaar;2017;9094;4836;4258
3135;Totaal;Afrika;5 jaar;2018;6859;3749;3110
3136;Totaal;Afrika;6 jaar;2003;11323;6325;4998
3137;Totaal;Afrika;6 jaar;2004;10712;6070;4642
3138;Totaal;Afrika;6 jaar;2005;11410;6290;5120
3139;Totaal;Afrika;6 jaar;2006;10606;5624;4982
3140;Totaal;Afrika;6 jaar;2007;11765;6415;5350
3141;Totaal;Afrika;6 jaar;2008;12884;7013;5871
3142;Totaal;Afrika;6 jaar;2009;12102;6419;5683
3143;Totaal;Afrika;6 jaar;2010;9559;4949;4610
3144;Totaal;Afrika;6 jaar;2011;7690;3955;3735
3145;Totaal;Afrika;6 jaar;2012;7142;3721;3421
3146;Totaal;Afrika;6 jaar;2013;6852;3700;3152
3147;Totaal;Afrika;6 jaar;2014;6858;3977;2881
3148;Totaal;Afrika;6 jaar;2015;9254;5300;3954
3149;Totaal;Afrika;6 jaar;2016;11036;6233;4803
3150;Totaal;Afrika;6 jaar;2017;9696;5121;4575
3151;Totaal;Afrika;6 jaar;2018;8668;4574;4094
3152;Totaal;Afrika;7 jaar;2003;8947;5298;3649
3153;Totaal;Afrika;7 jaar;2004;10663;5928;4735
3154;Totaal;Afrika;7 jaar;2005;10094;5677;4417
3155;Totaal;Afrika;7 jaar;2006;10673;5786;4887
3156;Totaal;Afrika;7 jaar;2007;9945;5180;4765
3157;Totaal;Afrika;7 jaar;2008;10989;5913;5076
3158;Totaal;Afrika;7 jaar;2009;12145;6540;5605
3159;Totaal;Afrika;7 jaar;2010;11406;5930;5476
3160;Totaal;Afrika;7 jaar;2011;9090;4648;4442
3161;Totaal;Afrika;7 jaar;2012;7382;3766;3616
3162;Totaal;Afrika;7 jaar;2013;6788;3485;3303
3163;Totaal;Afrika;7 jaar;2014;6430;3433;2997
3164;Totaal;Afrika;7 jaar;2015;6489;3716;2773
3165;Totaal;Afrika;7 jaar;2016;8641;4894;3747
3166;Totaal;Afrika;7 jaar;2017;10208;5672;4536
3167;Totaal;Afrika;7 jaar;2018;9138;4792;4346
3168;Totaal;Afrika;8 jaar;2003;8224;4654;3570
3169;Totaal;Afrika;8 jaar;2004;8410;4955;3455
3170;Totaal;Afrika;8 jaar;2005;10003;5533;4470
3171;Totaal;Afrika;8 jaar;2006;9467;5268;4199
3172;Totaal;Afrika;8 jaar;2007;9984;5335;4649
3173;Totaal;Afrika;8 jaar;2008;9382;4807;4575
3174;Totaal;Afrika;8 jaar;2009;10347;5491;4856
3175;Totaal;Afrika;8 jaar;2010;11536;6137;5399
3176;Totaal;Afrika;8 jaar;2011;10755;5487;5268
3177;Totaal;Afrika;8 jaar;2012;8703;4405;4298
3178;Totaal;Afrika;8 jaar;2013;7077;3579;3498
3179;Totaal;Afrika;8 jaar;2014;6469;3289;3180
3180;Totaal;Afrika;8 jaar;2015;6112;3228;2884
3181;Totaal;Afrika;8 jaar;2016;6157;3508;2649
3182;Totaal;Afrika;8 jaar;2017;8153;4581;3572
3183;Totaal;Afrika;8 jaar;2018;9662;5298;4364
3184;Totaal;Afrika;9 jaar;2003;11423;6451;4972
3185;Totaal;Afrika;9 jaar;2004;7744;4350;3394
3186;Totaal;Afrika;9 jaar;2005;7849;4604;3245
3187;Totaal;Afrika;9 jaar;2006;9422;5158;4264
3188;Totaal;Afrika;9 jaar;2007;8897;4907;3990
3189;Totaal;Afrika;9 jaar;2008;9470;4997;4473
3190;Totaal;Afrika;9 jaar;2009;8962;4545;4417
3191;Totaal;Afrika;9 jaar;2010;9910;5208;4702
3192;Totaal;Afrika;9 jaar;2011;10994;5777;5217
3193;Totaal;Afrika;9 jaar;2012;10276;5172;5104
3194;Totaal;Afrika;9 jaar;2013;8370;4207;4163
3195;Totaal;Afrika;9 jaar;2014;6813;3423;3390
3196;Totaal;Afrika;9 jaar;2015;6211;3140;3071
3197;Totaal;Afrika;9 jaar;2016;5852;3064;2788
3198;Totaal;Afrika;9 jaar;2017;5819;3285;2534
3199;Totaal;Afrika;9 jaar;2018;7796;4347;3449
3200;Totaal;Afrika;10 jaar;2003;10066;5624;4442
3201;Totaal;Afrika;10 jaar;2004;10850;6083;4767
3202;Totaal;Afrika;10 jaar;2005;7224;4041;3183
3203;Totaal;Afrika;10 jaar;2006;7351;4275;3076
3204;Totaal;Afrika;10 jaar;2007;8854;4799;4055
3205;Totaal;Afrika;10 jaar;2008;8508;4641;3867
3206;Totaal;Afrika;10 jaar;2009;9028;4715;4313
3207;Totaal;Afrika;10 jaar;2010;8595;4325;4270
3208;Totaal;Afrika;10 jaar;2011;9498;4930;4568
3209;Totaal;Afrika;10 jaar;2012;10510;5466;5044
3210;Totaal;Afrika;10 jaar;2013;9821;4893;4928
3211;Totaal;Afrika;10 jaar;2014;8051;4003;4048
3212;Totaal;Afrika;10 jaar;2015;6576;3269;3307
3213;Totaal;Afrika;10 jaar;2016;5992;3005;2987
3214;Totaal;Afrika;10 jaar;2017;5612;2928;2684
3215;Totaal;Afrika;10 jaar;2018;5598;3145;2453
3216;Totaal;Afrika;11 jaar;2003;10837;6225;4612
3217;Totaal;Afrika;11 jaar;2004;9725;5401;4324
3218;Totaal;Afrika;11 jaar;2005;10222;5717;4505
3219;Totaal;Afrika;11 jaar;2006;6815;3790;3025
3220;Totaal;Afrika;11 jaar;2007;6860;3962;2898
3221;Totaal;Afrika;11 jaar;2008;8407;4511;3896
3222;Totaal;Afrika;11 jaar;2009;8168;4419;3749
3223;Totaal;Afrika;11 jaar;2010;8738;4525;4213
3224;Totaal;Afrika;11 jaar;2011;8238;4076;4162
3225;Totaal;Afrika;11 jaar;2012;9143;4715;4428
3226;Totaal;Afrika;11 jaar;2013;10129;5213;4916
3227;Totaal;Afrika;11 jaar;2014;9486;4687;4799
3228;Totaal;Afrika;11 jaar;2015;7813;3863;3950
3229;Totaal;Afrika;11 jaar;2016;6363;3153;3210
3230;Totaal;Afrika;11 jaar;2017;5795;2889;2906
3231;Totaal;Afrika;11 jaar;2018;5438;2821;2617
3232;Totaal;Afrika;12 jaar;2003;11535;6696;4839
3233;Totaal;Afrika;12 jaar;2004;10552;6030;4522
3234;Totaal;Afrika;12 jaar;2005;9389;5191;4198
3235;Totaal;Afrika;12 jaar;2006;9697;5391;4306
3236;Totaal;Afrika;12 jaar;2007;6379;3500;2879
3237;Totaal;Afrika;12 jaar;2008;6577;3784;2793
3238;Totaal;Afrika;12 jaar;2009;8088;4307;3781
3239;Totaal;Afrika;12 jaar;2010;7894;4234;3660
3240;Totaal;Afrika;12 jaar;2011;8430;4317;4113
3241;Totaal;Afrika;12 jaar;2012;7980;3914;4066
3242;Totaal;Afrika;12 jaar;2013;8799;4503;4296
3243;Totaal;Afrika;12 jaar;2014;9724;4966;4758
3244;Totaal;Afrika;12 jaar;2015;9170;4493;4677
3245;Totaal;Afrika;12 jaar;2016;7612;3742;3870
3246;Totaal;Afrika;12 jaar;2017;6181;3036;3145
3247;Totaal;Afrika;12 jaar;2018;5662;2811;2851
3248;Totaal;Afrika;13 jaar;2003;9892;5523;4369
3249;Totaal;Afrika;13 jaar;2004;11249;6495;4754
3250;Totaal;Afrika;13 jaar;2005;10271;5847;4424
3251;Totaal;Afrika;13 jaar;2006;9054;4978;4076
3252;Totaal;Afrika;13 jaar;2007;9148;5043;4105
3253;Totaal;Afrika;13 jaar;2008;6091;3297;2794
3254;Totaal;Afrika;13 jaar;2009;6311;3595;2716
3255;Totaal;Afrika;13 jaar;2010;7844;4141;3703
3256;Totaal;Afrika;13 jaar;2011;7633;4067;3566
3257;Totaal;Afrika;13 jaar;2012;8202;4161;4041
3258;Totaal;Afrika;13 jaar;2013;7771;3784;3987
3259;Totaal;Afrika;13 jaar;2014;8519;4330;4189
3260;Totaal;Afrika;13 jaar;2015;9376;4749;4627
3261;Totaal;Afrika;13 jaar;2016;8884;4303;4581
3262;Totaal;Afrika;13 jaar;2017;7430;3635;3795
3263;Totaal;Afrika;13 jaar;2018;6065;2958;3107
3264;Totaal;Afrika;14 jaar;2003;9049;4836;4213
3265;Totaal;Afrika;14 jaar;2004;9693;5377;4316
3266;Totaal;Afrika;14 jaar;2005;10923;6269;4654
3267;Totaal;Afrika;14 jaar;2006;9973;5649;4324
3268;Totaal;Afrika;14 jaar;2007;8707;4739;3968
3269;Totaal;Afrika;14 jaar;2008;8773;4795;3978
3270;Totaal;Afrika;14 jaar;2009;5862;3134;2728
3271;Totaal;Afrika;14 jaar;2010;6132;3461;2671
3272;Totaal;Afrika;14 jaar;2011;7608;3985;3623
3273;Totaal;Afrika;14 jaar;2012;7451;3952;3499
3274;Totaal;Afrika;14 jaar;2013;7999;4026;3973
3275;Totaal;Afrika;14 jaar;2014;7578;3657;3921
3276;Totaal;Afrika;14 jaar;2015;8230;4152;4078
3277;Totaal;Afrika;14 jaar;2016;9090;4568;4522
3278;Totaal;Afrika;14 jaar;2017;8616;4144;4472
3279;Totaal;Afrika;14 jaar;2018;7304;3559;3745
3280;Totaal;Afrika;15 jaar;2003;8515;4486;4029
3281;Totaal;Afrika;15 jaar;2004;8908;4736;4172
3282;Totaal;Afrika;15 jaar;2005;9444;5195;4249
3283;Totaal;Afrika;15 jaar;2006;10668;6095;4573
3284;Totaal;Afrika;15 jaar;2007;9684;5463;4221
3285;Totaal;Afrika;15 jaar;2008;8460;4574;3886
3286;Totaal;Afrika;15 jaar;2009;8531;4624;3907
3287;Totaal;Afrika;15 jaar;2010;5714;3033;2681
3288;Totaal;Afrika;15 jaar;2011;5961;3342;2619
3289;Totaal;Afrika;15 jaar;2012;7413;3848;3565
3290;Totaal;Afrika;15 jaar;2013;7225;3804;3421
3291;Totaal;Afrika;15 jaar;2014;7801;3910;3891
3292;Totaal;Afrika;15 jaar;2015;7387;3535;3852
3293;Totaal;Afrika;15 jaar;2016;7988;4001;3987
3294;Totaal;Afrika;15 jaar;2017;8845;4399;4446
3295;Totaal;Afrika;15 jaar;2018;8409;4009;4400
3296;Totaal;Afrika;16 jaar;2003;7269;3584;3685
3297;Totaal;Afrika;16 jaar;2004;8388;4395;3993
3298;Totaal;Afrika;16 jaar;2005;8763;4639;4124
3299;Totaal;Afrika;16 jaar;2006;9251;5056;4195
3300;Totaal;Afrika;16 jaar;2007;10366;5898;4468
3301;Totaal;Afrika;16 jaar;2008;9435;5293;4142
3302;Totaal;Afrika;16 jaar;2009;8244;4437;3807
3303;Totaal;Afrika;16 jaar;2010;8325;4485;3840
3304;Totaal;Afrika;16 jaar;2011;5581;2955;2626
3305;Totaal;Afrika;16 jaar;2012;5800;3231;2569
3306;Totaal;Afrika;16 jaar;2013;7238;3733;3505
3307;Totaal;Afrika;16 jaar;2014;7057;3689;3368
3308;Totaal;Afrika;16 jaar;2015;7633;3806;3827
3309;Totaal;Afrika;16 jaar;2016;7210;3423;3787
3310;Totaal;Afrika;16 jaar;2017;7807;3875;3932
3311;Totaal;Afrika;16 jaar;2018;8644;4268;4376
3312;Totaal;Afrika;17 jaar;2003;5799;2740;3059
3313;Totaal;Afrika;17 jaar;2004;7177;3523;3654
3314;Totaal;Afrika;17 jaar;2005;8258;4302;3956
3315;Totaal;Afrika;17 jaar;2006;8612;4525;4087
3316;Totaal;Afrika;17 jaar;2007;9008;4887;4121
3317;Totaal;Afrika;17 jaar;2008;10077;5707;4370
3318;Totaal;Afrika;17 jaar;2009;9235;5160;4075
3319;Totaal;Afrika;17 jaar;2010;8100;4333;3767
3320;Totaal;Afrika;17 jaar;2011;8139;4353;3786
3321;Totaal;Afrika;17 jaar;2012;5454;2876;2578
3322;Totaal;Afrika;17 jaar;2013;5663;3133;2530
3323;Totaal;Afrika;17 jaar;2014;7064;3626;3438
3324;Totaal;Afrika;17 jaar;2015;6900;3592;3308
3325;Totaal;Afrika;17 jaar;2016;7479;3715;3764
3326;Totaal;Afrika;17 jaar;2017;7080;3345;3735
3327;Totaal;Afrika;17 jaar;2018;7658;3782;3876
3328;Totaal;Afrika;18 jaar;2003;4964;2109;2855
3329;Totaal;Afrika;18 jaar;2004;5734;2694;3040
3330;Totaal;Afrika;18 jaar;2005;7072;3446;3626
3331;Totaal;Afrika;18 jaar;2006;8097;4191;3906
3332;Totaal;Afrika;18 jaar;2007;8416;4401;4015
3333;Totaal;Afrika;18 jaar;2008;8803;4729;4074
3334;Totaal;Afrika;18 jaar;2009;9857;5555;4302
3335;Totaal;Afrika;18 jaar;2010;9067;5040;4027
3336;Totaal;Afrika;18 jaar;2011;7942;4229;3713
3337;Totaal;Afrika;18 jaar;2012;7951;4233;3718
3338;Totaal;Afrika;18 jaar;2013;5335;2797;2538
3339;Totaal;Afrika;18 jaar;2014;5530;3035;2495
3340;Totaal;Afrika;18 jaar;2015;6900;3524;3376
3341;Totaal;Afrika;18 jaar;2016;6773;3515;3258
3342;Totaal;Afrika;18 jaar;2017;7337;3617;3720
3343;Totaal;Afrika;18 jaar;2018;6951;3265;3686
3344;Totaal;Afrika;19 jaar;2003;4600;1897;2703
3345;Totaal;Afrika;19 jaar;2004;4894;2061;2833
3346;Totaal;Afrika;19 jaar;2005;5658;2645;3013
3347;Totaal;Afrika;19 jaar;2006;6937;3345;3592
3348;Totaal;Afrika;19 jaar;2007;7893;4059;3834
3349;Totaal;Afrika;19 jaar;2008;8252;4290;3962
3350;Totaal;Afrika;19 jaar;2009;8645;4616;4029
3351;Totaal;Afrika;19 jaar;2010;9697;5436;4261
3352;Totaal;Afrika;19 jaar;2011;8901;4932;3969
3353;Totaal;Afrika;19 jaar;2012;7817;4150;3667
3354;Totaal;Afrika;19 jaar;2013;7777;4118;3659
3355;Totaal;Afrika;19 jaar;2014;5207;2707;2500
3356;Totaal;Afrika;19 jaar;2015;5420;2958;2462
3357;Totaal;Afrika;19 jaar;2016;6776;3443;3333
3358;Totaal;Afrika;19 jaar;2017;6664;3445;3219
3359;Totaal;Afrika;19 jaar;2018;7226;3540;3686
3360;Totaal;Afrika;20 jaar;2003;5743;2375;3368
3361;Totaal;Afrika;20 jaar;2004;4539;1851;2688
3362;Totaal;Afrika;20 jaar;2005;4829;2019;2810
3363;Totaal;Afrika;20 jaar;2006;5560;2575;2985
3364;Totaal;Afrika;20 jaar;2007;6793;3244;3549
3365;Totaal;Afrika;20 jaar;2008;7719;3945;3774
3366;Totaal;Afrika;20 jaar;2009;8096;4173;3923
3367;Totaal;Afrika;20 jaar;2010;8513;4528;3985
3368;Totaal;Afrika;20 jaar;2011;9539;5323;4216
3369;Totaal;Afrika;20 jaar;2012;8754;4836;3918
3370;Totaal;Afrika;20 jaar;2013;7660;4040;3620
3371;Totaal;Afrika;20 jaar;2014;7645;4031;3614
3372;Totaal;Afrika;20 jaar;2015;5108;2630;2478
3373;Totaal;Afrika;20 jaar;2016;5312;2884;2428
3374;Totaal;Afrika;20 jaar;2017;6659;3369;3290
3375;Totaal;Afrika;20 jaar;2018;6564;3381;3183
3376;Totaal;Afrika;21 jaar;2003;7044;3327;3717
3377;Totaal;Afrika;21 jaar;2004;5666;2323;3343
3378;Totaal;Afrika;21 jaar;2005;4480;1814;2666
3379;Totaal;Afrika;21 jaar;2006;4744;1969;2775
3380;Totaal;Afrika;21 jaar;2007;5456;2504;2952
3381;Totaal;Afrika;21 jaar;2008;6641;3142;3499
3382;Totaal;Afrika;21 jaar;2009;7575;3856;3719
3383;Totaal;Afrika;21 jaar;2010;7993;4116;3877
3384;Totaal;Afrika;21 jaar;2011;8405;4445;3960
3385;Totaal;Afrika;21 jaar;2012;9383;5219;4164
3386;Totaal;Afrika;21 jaar;2013;8624;4757;3867
3387;Totaal;Afrika;21 jaar;2014;7541;3961;3580
3388;Totaal;Afrika;21 jaar;2015;7502;3934;3568
3389;Totaal;Afrika;21 jaar;2016;5011;2569;2442
3390;Totaal;Afrika;21 jaar;2017;5222;2821;2401
3391;Totaal;Afrika;21 jaar;2018;6570;3309;3261
3392;Totaal;Afrika;22 jaar;2003;8841;4288;4553
3393;Totaal;Afrika;22 jaar;2004;6950;3256;3694
3394;Totaal;Afrika;22 jaar;2005;5604;2276;3328
3395;Totaal;Afrika;22 jaar;2006;4415;1773;2642
3396;Totaal;Afrika;22 jaar;2007;4663;1916;2747
3397;Totaal;Afrika;22 jaar;2008;5361;2446;2915
3398;Totaal;Afrika;22 jaar;2009;6537;3065;3472
3399;Totaal;Afrika;22 jaar;2010;7462;3769;3693
3400;Totaal;Afrika;22 jaar;2011;7887;4043;3844
3401;Totaal;Afrika;22 jaar;2012;8283;4357;3926
3402;Totaal;Afrika;22 jaar;2013;9236;5110;4126
3403;Totaal;Afrika;22 jaar;2014;8522;4686;3836
3404;Totaal;Afrika;22 jaar;2015;7446;3895;3551
3405;Totaal;Afrika;22 jaar;2016;7376;3846;3530
3406;Totaal;Afrika;22 jaar;2017;4941;2514;2427
3407;Totaal;Afrika;22 jaar;2018;5142;2769;2373
3408;Totaal;Afrika;23 jaar;2003;6558;3171;3387
3409;Totaal;Afrika;23 jaar;2004;8738;4207;4531
3410;Totaal;Afrika;23 jaar;2005;6859;3197;3662
3411;Totaal;Afrika;23 jaar;2006;5509;2221;3288
3412;Totaal;Afrika;23 jaar;2007;4332;1717;2615
3413;Totaal;Afrika;23 jaar;2008;4588;1874;2714
3414;Totaal;Afrika;23 jaar;2009;5277;2388;2889
3415;Totaal;Afrika;23 jaar;2010;6483;3028;3455
3416;Totaal;Afrika;23 jaar;2011;7358;3695;3663
3417;Totaal;Afrika;23 jaar;2012;7786;3982;3804
3418;Totaal;Afrika;23 jaar;2013;8186;4288;3898
3419;Totaal;Afrika;23 jaar;2014;9117;5025;4092
3420;Totaal;Afrika;23 jaar;2015;8409;4606;3803
3421;Totaal;Afrika;23 jaar;2016;7367;3840;3527
3422;Totaal;Afrika;23 jaar;2017;7274;3774;3500
3423;Totaal;Afrika;23 jaar;2018;4869;2467;2402
3424;Totaal;Afrika;24 jaar;2003;6179;2992;3187
3425;Totaal;Afrika;24 jaar;2004;6493;3130;3363
3426;Totaal;Afrika;24 jaar;2005;8646;4142;4504
3427;Totaal;Afrika;24 jaar;2006;6784;3148;3636
3428;Totaal;Afrika;24 jaar;2007;5435;2166;3269
3429;Totaal;Afrika;24 jaar;2008;4265;1674;2591
3430;Totaal;Afrika;24 jaar;2009;4520;1833;2687
3431;Totaal;Afrika;24 jaar;2010;5201;2341;2860
3432;Totaal;Afrika;24 jaar;2011;6408;2982;3426
3433;Totaal;Afrika;24 jaar;2012;7278;3641;3637
3434;Totaal;Afrika;24 jaar;2013;7681;3914;3767
3435;Totaal;Afrika;24 jaar;2014;8100;4229;3871
3436;Totaal;Afrika;24 jaar;2015;9008;4946;4062
3437;Totaal;Afrika;24 jaar;2016;8300;4526;3774
3438;Totaal;Afrika;24 jaar;2017;7273;3786;3487
3439;Totaal;Afrika;24 jaar;2018;7182;3719;3463
3440;Totaal;Afrika;25 jaar;2003;4884;2267;2617
3441;Totaal;Afrika;25 jaar;2004;6106;2942;3164
3442;Totaal;Afrika;25 jaar;2005;6430;3085;3345
3443;Totaal;Afrika;25 jaar;2006;8529;4064;4465
3444;Totaal;Afrika;25 jaar;2007;6688;3098;3590
3445;Totaal;Afrika;25 jaar;2008;5352;2117;3235
3446;Totaal;Afrika;25 jaar;2009;4221;1644;2577
3447;Totaal;Afrika;25 jaar;2010;4474;1808;2666
3448;Totaal;Afrika;25 jaar;2011;5147;2305;2842
3449;Totaal;Afrika;25 jaar;2012;6320;2927;3393
3450;Totaal;Afrika;25 jaar;2013;7163;3565;3598
3451;Totaal;Afrika;25 jaar;2014;7602;3857;3745
3452;Totaal;Afrika;25 jaar;2015;8005;4163;3842
3453;Totaal;Afrika;25 jaar;2016;8913;4874;4039
3454;Totaal;Afrika;25 jaar;2017;8222;4470;3752
3455;Totaal;Afrika;25 jaar;2018;7194;3735;3459
3456;Totaal;Afrika;26 jaar;2003;4443;2260;2183
3457;Totaal;Afrika;26 jaar;2004;4833;2233;2600
3458;Totaal;Afrika;26 jaar;2005;6048;2901;3147
3459;Totaal;Afrika;26 jaar;2006;6352;3032;3320
3460;Totaal;Afrika;26 jaar;2007;8427;3989;4438
3461;Totaal;Afrika;26 jaar;2008;6602;3043;3559
3462;Totaal;Afrika;26 jaar;2009;5284;2073;3211
3463;Totaal;Afrika;26 jaar;2010;4176;1617;2559
3464;Totaal;Afrika;26 jaar;2011;4429;1773;2656
3465;Totaal;Afrika;26 jaar;2012;5111;2286;2825
3466;Totaal;Afrika;26 jaar;2013;6261;2888;3373
3467;Totaal;Afrika;26 jaar;2014;7080;3514;3566
3468;Totaal;Afrika;26 jaar;2015;7524;3812;3712
3469;Totaal;Afrika;26 jaar;2016;7937;4119;3818
3470;Totaal;Afrika;26 jaar;2017;8820;4814;4006
3471;Totaal;Afrika;26 jaar;2018;8153;4422;3731
3472;Totaal;Afrika;27 jaar;2003;6192;4268;1924
3473;Totaal;Afrika;27 jaar;2004;4393;2227;2166
3474;Totaal;Afrika;27 jaar;2005;4782;2193;2589
3475;Totaal;Afrika;27 jaar;2006;5976;2848;3128
3476;Totaal;Afrika;27 jaar;2007;6276;2981;3295
3477;Totaal;Afrika;27 jaar;2008;8318;3914;4404
3478;Totaal;Afrika;27 jaar;2009;6533;3002;3531
3479;Totaal;Afrika;27 jaar;2010;5235;2048;3187
3480;Totaal;Afrika;27 jaar;2011;4130;1585;2545
3481;Totaal;Afrika;27 jaar;2012;4394;1751;2643
3482;Totaal;Afrika;27 jaar;2013;5049;2246;2803
3483;Totaal;Afrika;27 jaar;2014;6203;2847;3356
3484;Totaal;Afrika;27 jaar;2015;7000;3467;3533
3485;Totaal;Afrika;27 jaar;2016;7450;3763;3687
3486;Totaal;Afrika;27 jaar;2017;7869;4066;3803
3487;Totaal;Afrika;27 jaar;2018;8758;4772;3986
3488;Totaal;Afrika;28 jaar;2003;2811;1243;1568
3489;Totaal;Afrika;28 jaar;2004;6134;4217;1917
3490;Totaal;Afrika;28 jaar;2005;4346;2185;2161
3491;Totaal;Afrika;28 jaar;2006;4722;2151;2571
3492;Totaal;Afrika;28 jaar;2007;5886;2785;3101
3493;Totaal;Afrika;28 jaar;2008;6195;2933;3262
3494;Totaal;Afrika;28 jaar;2009;8210;3842;4368
3495;Totaal;Afrika;28 jaar;2010;6480;2962;3518
3496;Totaal;Afrika;28 jaar;2011;5188;2014;3174
3497;Totaal;Afrika;28 jaar;2012;4092;1560;2532
3498;Totaal;Afrika;28 jaar;2013;4355;1731;2624
3499;Totaal;Afrika;28 jaar;2014;5003;2217;2786
3500;Totaal;Afrika;28 jaar;2015;6149;2809;3340
3501;Totaal;Afrika;28 jaar;2016;6932;3423;3509
3502;Totaal;Afrika;28 jaar;2017;7405;3732;3673
3503;Totaal;Afrika;28 jaar;2018;7801;4017;3784
3504;Totaal;Afrika;29 jaar;2003;2162;1060;1102
3505;Totaal;Afrika;29 jaar;2004;2790;1227;1563
3506;Totaal;Afrika;29 jaar;2005;6048;4154;1894
3507;Totaal;Afrika;29 jaar;2006;4285;2137;2148
3508;Totaal;Afrika;29 jaar;2007;4665;2110;2555
3509;Totaal;Afrika;29 jaar;2008;5817;2735;3082
3510;Totaal;Afrika;29 jaar;2009;6130;2893;3237
3511;Totaal;Afrika;29 jaar;2010;8124;3775;4349
3512;Totaal;Afrika;29 jaar;2011;6422;2926;3496
3513;Totaal;Afrika;29 jaar;2012;5137;1984;3153
3514;Totaal;Afrika;29 jaar;2013;4060;1539;2521
3515;Totaal;Afrika;29 jaar;2014;4321;1714;2607
3516;Totaal;Afrika;29 jaar;2015;4952;2188;2764
3517;Totaal;Afrika;29 jaar;2016;6088;2768;3320
3518;Totaal;Afrika;29 jaar;2017;6873;3386;3487
3519;Totaal;Afrika;29 jaar;2018;7358;3698;3660
3520;Totaal;Afrika;30 jaar;2003;1980;1077;903
3521;Totaal;Afrika;30 jaar;2004;2134;1039;1095
3522;Totaal;Afrika;30 jaar;2005;2755;1200;1555
3523;Totaal;Afrika;30 jaar;2006;5978;4090;1888
3524;Totaal;Afrika;30 jaar;2007;4231;2104;2127
3525;Totaal;Afrika;30 jaar;2008;4607;2074;2533
3526;Totaal;Afrika;30 jaar;2009;5751;2703;3048
3527;Totaal;Afrika;30 jaar;2010;6078;2855;3223
3528;Totaal;Afrika;30 jaar;2011;8050;3726;4324
3529;Totaal;Afrika;30 jaar;2012;6363;2889;3474
3530;Totaal;Afrika;30 jaar;2013;5098;1960;3138
3531;Totaal;Afrika;30 jaar;2014;4019;1518;2501
3532;Totaal;Afrika;30 jaar;2015;4284;1699;2585
3533;Totaal;Afrika;30 jaar;2016;4908;2158;2750
3534;Totaal;Afrika;30 jaar;2017;6034;2737;3297
3535;Totaal;Afrika;30 jaar;2018;6816;3349;3467
3536;Totaal;Afrika;31 jaar;2003;2551;1983;568
3537;Totaal;Afrika;31 jaar;2004;1955;1060;895
3538;Totaal;Afrika;31 jaar;2005;2112;1026;1086
3539;Totaal;Afrika;31 jaar;2006;2721;1182;1539
3540;Totaal;Afrika;31 jaar;2007;5899;4024;1875
3541;Totaal;Afrika;31 jaar;2008;4167;2057;2110
3542;Totaal;Afrika;31 jaar;2009;4549;2039;2510
3543;Totaal;Afrika;31 jaar;2010;5693;2664;3029
3544;Totaal;Afrika;31 jaar;2011;6020;2819;3201
3545;Totaal;Afrika;31 jaar;2012;7988;3687;4301
3546;Totaal;Afrika;31 jaar;2013;6304;2851;3453
3547;Totaal;Afrika;31 jaar;2014;5057;1941;3116
3548;Totaal;Afrika;31 jaar;2015;3975;1492;2483
3549;Totaal;Afrika;31 jaar;2016;4238;1673;2565
3550;Totaal;Afrika;31 jaar;2017;4868;2135;2733
3551;Totaal;Afrika;31 jaar;2018;5976;2698;3278
3552;Totaal;Afrika;32 jaar;2003;3675;3283;392
3553;Totaal;Afrika;32 jaar;2004;2526;1963;563
3554;Totaal;Afrika;32 jaar;2005;1939;1046;893
3555;Totaal;Afrika;32 jaar;2006;2083;1005;1078
3556;Totaal;Afrika;32 jaar;2007;2676;1153;1523
3557;Totaal;Afrika;32 jaar;2008;5833;3967;1866
3558;Totaal;Afrika;32 jaar;2009;4114;2021;2093
3559;Totaal;Afrika;32 jaar;2010;4517;2022;2495
3560;Totaal;Afrika;32 jaar;2011;5641;2632;3009
3561;Totaal;Afrika;32 jaar;2012;5970;2791;3179
3562;Totaal;Afrika;32 jaar;2013;7908;3636;4272
3563;Totaal;Afrika;32 jaar;2014;6251;2816;3435
3564;Totaal;Afrika;32 jaar;2015;5018;1913;3105
3565;Totaal;Afrika;32 jaar;2016;3943;1474;2469
3566;Totaal;Afrika;32 jaar;2017;4203;1654;2549
3567;Totaal;Afrika;32 jaar;2018;4833;2114;2719
3568;Totaal;Afrika;33 jaar;2003;1933;1736;197
3569;Totaal;Afrika;33 jaar;2004;3617;3231;386
3570;Totaal;Afrika;33 jaar;2005;2495;1935;560
3571;Totaal;Afrika;33 jaar;2006;1909;1020;889
3572;Totaal;Afrika;33 jaar;2007;2042;983;1059
3573;Totaal;Afrika;33 jaar;2008;2645;1134;1511
3574;Totaal;Afrika;33 jaar;2009;5754;3900;1854
3575;Totaal;Afrika;33 jaar;2010;4077;1992;2085
3576;Totaal;Afrika;33 jaar;2011;4473;1995;2478
3577;Totaal;Afrika;33 jaar;2012;5589;2605;2984
3578;Totaal;Afrika;33 jaar;2013;5916;2763;3153
3579;Totaal;Afrika;33 jaar;2014;7845;3603;4242
3580;Totaal;Afrika;33 jaar;2015;6195;2784;3411
3581;Totaal;Afrika;33 jaar;2016;4977;1892;3085
3582;Totaal;Afrika;33 jaar;2017;3909;1460;2449
3583;Totaal;Afrika;33 jaar;2018;4173;1639;2534
3584;Totaal;Afrika;34 jaar;2003;1343;1244;99
3585;Totaal;Afrika;34 jaar;2004;1896;1701;195
3586;Totaal;Afrika;34 jaar;2005;3562;3180;382
3587;Totaal;Afrika;34 jaar;2006;2451;1894;557
3588;Totaal;Afrika;34 jaar;2007;1870;993;877
3589;Totaal;Afrika;34 jaar;2008;2015;964;1051
3590;Totaal;Afrika;34 jaar;2009;2614;1116;1498
3591;Totaal;Afrika;34 jaar;2010;5676;3840;1836
3592;Totaal;Afrika;34 jaar;2011;4032;1955;2077
3593;Totaal;Afrika;34 jaar;2012;4435;1971;2464
3594;Totaal;Afrika;34 jaar;2013;5528;2566;2962
3595;Totaal;Afrika;34 jaar;2014;5874;2742;3132
3596;Totaal;Afrika;34 jaar;2015;7777;3561;4216
3597;Totaal;Afrika;34 jaar;2016;6152;2761;3391
3598;Totaal;Afrika;34 jaar;2017;4943;1874;3069
3599;Totaal;Afrika;34 jaar;2018;3877;1446;2431
3600;Totaal;Afrika;35 jaar;2003;528;449;79
3601;Totaal;Afrika;35 jaar;2004;1318;1219;99
3602;Totaal;Afrika;35 jaar;2005;1867;1675;192
3603;Totaal;Afrika;35 jaar;2006;3488;3107;381
3604;Totaal;Afrika;35 jaar;2007;2412;1864;548
3605;Totaal;Afrika;35 jaar;2008;1836;967;869
3606;Totaal;Afrika;35 jaar;2009;1990;945;1045
3607;Totaal;Afrika;35 jaar;2010;2592;1105;1487
3608;Totaal;Afrika;35 jaar;2011;5610;3786;1824
3609;Totaal;Afrika;35 jaar;2012;3987;1924;2063
3610;Totaal;Afrika;35 jaar;2013;4393;1952;2441
3611;Totaal;Afrika;35 jaar;2014;5478;2537;2941
3612;Totaal;Afrika;35 jaar;2015;5819;2709;3110
3613;Totaal;Afrika;35 jaar;2016;7710;3520;4190
3614;Totaal;Afrika;35 jaar;2017;6102;2732;3370
3615;Totaal;Afrika;35 jaar;2018;4906;1858;3048
3616;Totaal;Afrika;36 jaar;2003;2991;2930;61
3617;Totaal;Afrika;36 jaar;2004;519;440;79
3618;Totaal;Afrika;36 jaar;2005;1294;1195;99
3619;Totaal;Afrika;36 jaar;2006;1830;1642;188
3620;Totaal;Afrika;36 jaar;2007;3429;3051;378
3621;Totaal;Afrika;36 jaar;2008;2376;1832;544
3622;Totaal;Afrika;36 jaar;2009;1808;942;866
3623;Totaal;Afrika;36 jaar;2010;1974;932;1042
3624;Totaal;Afrika;36 jaar;2011;2562;1087;1475
3625;Totaal;Afrika;36 jaar;2012;5535;3718;1817
3626;Totaal;Afrika;36 jaar;2013;3941;1890;2051
3627;Totaal;Afrika;36 jaar;2014;4353;1923;2430
3628;Totaal;Afrika;36 jaar;2015;5425;2507;2918
3629;Totaal;Afrika;36 jaar;2016;5773;2688;3085
3630;Totaal;Afrika;36 jaar;2017;7641;3485;4156
3631;Totaal;Afrika;36 jaar;2018;6056;2710;3346
3632;Totaal;Afrika;37 jaar;2003;1426;1384;42
3633;Totaal;Afrika;37 jaar;2004;2932;2871;61
3634;Totaal;Afrika;37 jaar;2005;510;432;78
3635;Totaal;Afrika;37 jaar;2006;1253;1154;99
3636;Totaal;Afrika;37 jaar;2007;1799;1615;184
3637;Totaal;Afrika;37 jaar;2008;3373;2995;378
3638;Totaal;Afrika;37 jaar;2009;2338;1795;543
3639;Totaal;Afrika;37 jaar;2010;1778;920;858
3640;Totaal;Afrika;37 jaar;2011;1946;916;1030
3641;Totaal;Afrika;37 jaar;2012;2534;1074;1460
3642;Totaal;Afrika;37 jaar;2013;5467;3664;1803
3643;Totaal;Afrika;37 jaar;2014;3907;1862;2045
3644;Totaal;Afrika;37 jaar;2015;4306;1895;2411
3645;Totaal;Afrika;37 jaar;2016;5385;2488;2897
3646;Totaal;Afrika;37 jaar;2017;5724;2659;3065
3647;Totaal;Afrika;37 jaar;2018;7571;3450;4121
3648;Totaal;Afrika;38 jaar;2003;396;354;42
3649;Totaal;Afrika;38 jaar;2004;1394;1353;41
3650;Totaal;Afrika;38 jaar;2005;2850;2789;61
3651;Totaal;Afrika;38 jaar;2006;495;418;77
3652;Totaal;Afrika;38 jaar;2007;1220;1123;97
3653;Totaal;Afrika;38 jaar;2008;1775;1593;182
3654;Totaal;Afrika;38 jaar;2009;3314;2939;375
3655;Totaal;Afrika;38 jaar;2010;2307;1763;544
3656;Totaal;Afrika;38 jaar;2011;1746;896;850
3657;Totaal;Afrika;38 jaar;2012;1922;900;1022
3658;Totaal;Afrika;38 jaar;2013;2505;1057;1448
3659;Totaal;Afrika;38 jaar;2014;5405;3614;1791
3660;Totaal;Afrika;38 jaar;2015;3861;1840;2021
3661;Totaal;Afrika;38 jaar;2016;4274;1879;2395
3662;Totaal;Afrika;38 jaar;2017;5332;2458;2874
3663;Totaal;Afrika;38 jaar;2018;5669;2630;3039
3664;Totaal;Afrika;39 jaar;2003;124;77;47
3665;Totaal;Afrika;39 jaar;2004;380;339;41
3666;Totaal;Afrika;39 jaar;2005;1363;1322;41
3667;Totaal;Afrika;39 jaar;2006;2796;2734;62
3668;Totaal;Afrika;39 jaar;2007;482;408;74
3669;Totaal;Afrika;39 jaar;2008;1196;1100;96
3670;Totaal;Afrika;39 jaar;2009;1745;1563;182
3671;Totaal;Afrika;39 jaar;2010;3256;2887;369
3672;Totaal;Afrika;39 jaar;2011;2272;1734;538
3673;Totaal;Afrika;39 jaar;2012;1727;886;841
3674;Totaal;Afrika;39 jaar;2013;1891;877;1014
3675;Totaal;Afrika;39 jaar;2014;2483;1043;1440
3676;Totaal;Afrika;39 jaar;2015;5323;3546;1777
3677;Totaal;Afrika;39 jaar;2016;3811;1812;1999
3678;Totaal;Afrika;39 jaar;2017;4229;1856;2373
3679;Totaal;Afrika;39 jaar;2018;5288;2432;2856
3680;Totaal;Afrika;40 jaar;2003;75;41;34
3681;Totaal;Afrika;40 jaar;2004;122;75;47
3682;Totaal;Afrika;40 jaar;2005;370;329;41
3683;Totaal;Afrika;40 jaar;2006;1329;1289;40
3684;Totaal;Afrika;40 jaar;2007;2726;2666;60
3685;Totaal;Afrika;40 jaar;2008;474;402;72
3686;Totaal;Afrika;40 jaar;2009;1173;1078;95
3687;Totaal;Afrika;40 jaar;2010;1703;1522;181
3688;Totaal;Afrika;40 jaar;2011;3195;2828;367
3689;Totaal;Afrika;40 jaar;2012;2237;1707;530
3690;Totaal;Afrika;40 jaar;2013;1701;869;832
3691;Totaal;Afrika;40 jaar;2014;1867;862;1005
3692;Totaal;Afrika;40 jaar;2015;2459;1034;1425
3693;Totaal;Afrika;40 jaar;2016;5261;3494;1767
3694;Totaal;Afrika;40 jaar;2017;3772;1786;1986
3695;Totaal;Afrika;40 jaar;2018;4182;1831;2351
3696;Totaal;Afrika;41 jaar;2003;72;35;37
3697;Totaal;Afrika;41 jaar;2004;74;40;34
3698;Totaal;Afrika;41 jaar;2005;118;72;46
3699;Totaal;Afrika;41 jaar;2006;364;323;41
3700;Totaal;Afrika;41 jaar;2007;1295;1256;39
3701;Totaal;Afrika;41 jaar;2008;2653;2594;59
3702;Totaal;Afrika;41 jaar;2009;464;393;71
3703;Totaal;Afrika;41 jaar;2010;1151;1057;94
3704;Totaal;Afrika;41 jaar;2011;1674;1493;181
3705;Totaal;Afrika;41 jaar;2012;3134;2771;363
3706;Totaal;Afrika;41 jaar;2013;2204;1679;525
3707;Totaal;Afrika;41 jaar;2014;1680;854;826
3708;Totaal;Afrika;41 jaar;2015;1840;844;996
3709;Totaal;Afrika;41 jaar;2016;2433;1025;1408
3710;Totaal;Afrika;41 jaar;2017;5189;3436;1753
3711;Totaal;Afrika;41 jaar;2018;3732;1763;1969
3712;Totaal;Afrika;42 jaar;2003;100;52;48
3713;Totaal;Afrika;42 jaar;2004;71;34;37
3714;Totaal;Afrika;42 jaar;2005;74;40;34
3715;Totaal;Afrika;42 jaar;2006;116;71;45
3716;Totaal;Afrika;42 jaar;2007;352;311;41
3717;Totaal;Afrika;42 jaar;2008;1259;1221;38
3718;Totaal;Afrika;42 jaar;2009;2589;2531;58
3719;Totaal;Afrika;42 jaar;2010;451;381;70
3720;Totaal;Afrika;42 jaar;2011;1122;1028;94
3721;Totaal;Afrika;42 jaar;2012;1645;1467;178
3722;Totaal;Afrika;42 jaar;2013;3081;2720;361
3723;Totaal;Afrika;42 jaar;2014;2163;1642;521
3724;Totaal;Afrika;42 jaar;2015;1657;836;821
3725;Totaal;Afrika;42 jaar;2016;1818;832;986
3726;Totaal;Afrika;42 jaar;2017;2411;1013;1398
3727;Totaal;Afrika;42 jaar;2018;5117;3382;1735
3728;Totaal;Afrika;43 jaar;2003;46;16;30
3729;Totaal;Afrika;43 jaar;2004;101;51;50
3730;Totaal;Afrika;43 jaar;2005;70;34;36
3731;Totaal;Afrika;43 jaar;2006;75;40;35
3732;Totaal;Afrika;43 jaar;2007;114;69;45
3733;Totaal;Afrika;43 jaar;2008;341;300;41
3734;Totaal;Afrika;43 jaar;2009;1227;1189;38
3735;Totaal;Afrika;43 jaar;2010;2529;2472;57
3736;Totaal;Afrika;43 jaar;2011;443;375;68
3737;Totaal;Afrika;43 jaar;2012;1090;998;92
3738;Totaal;Afrika;43 jaar;2013;1615;1438;177
3739;Totaal;Afrika;43 jaar;2014;3007;2652;355
3740;Totaal;Afrika;43 jaar;2015;2123;1607;516
3741;Totaal;Afrika;43 jaar;2016;1639;826;813
3742;Totaal;Afrika;43 jaar;2017;1795;821;974
3743;Totaal;Afrika;43 jaar;2018;2378;993;1385
3744;Totaal;Afrika;44 jaar;2003;27;11;16
3745;Totaal;Afrika;44 jaar;2004;43;15;28
3746;Totaal;Afrika;44 jaar;2005;101;51;50
3747;Totaal;Afrika;44 jaar;2006;70;34;36
3748;Totaal;Afrika;44 jaar;2007;75;40;35
3749;Totaal;Afrika;44 jaar;2008;111;66;45
3750;Totaal;Afrika;44 jaar;2009;329;288;41
3751;Totaal;Afrika;44 jaar;2010;1193;1156;37
3752;Totaal;Afrika;44 jaar;2011;2455;2399;56
3753;Totaal;Afrika;44 jaar;2012;435;367;68
3754;Totaal;Afrika;44 jaar;2013;1068;977;91
3755;Totaal;Afrika;44 jaar;2014;1579;1402;177
3756;Totaal;Afrika;44 jaar;2015;2948;2595;353
3757;Totaal;Afrika;44 jaar;2016;2079;1566;513
3758;Totaal;Afrika;44 jaar;2017;1618;810;808
3759;Totaal;Afrika;44 jaar;2018;1772;810;962
3760;Totaal;Afrika;45 jaar;2003;24;12;12
3761;Totaal;Afrika;45 jaar;2004;27;11;16
3762;Totaal;Afrika;45 jaar;2005;40;13;27
3763;Totaal;Afrika;45 jaar;2006;101;51;50
3764;Totaal;Afrika;45 jaar;2007;68;32;36
3765;Totaal;Afrika;45 jaar;2008;75;40;35
3766;Totaal;Afrika;45 jaar;2009;109;64;45
3767;Totaal;Afrika;45 jaar;2010;320;279;41
3768;Totaal;Afrika;45 jaar;2011;1158;1122;36
3769;Totaal;Afrika;45 jaar;2012;2384;2330;54
3770;Totaal;Afrika;45 jaar;2013;426;359;67
3771;Totaal;Afrika;45 jaar;2014;1042;952;90
3772;Totaal;Afrika;45 jaar;2015;1551;1375;176
3773;Totaal;Afrika;45 jaar;2016;2867;2519;348
3774;Totaal;Afrika;45 jaar;2017;2037;1527;510
3775;Totaal;Afrika;45 jaar;2018;1601;798;803
3776;Totaal;Afrika;46 jaar;2003;37;18;19
3777;Totaal;Afrika;46 jaar;2004;24;12;12
3778;Totaal;Afrika;46 jaar;2005;27;11;16
3779;Totaal;Afrika;46 jaar;2006;39;12;27
3780;Totaal;Afrika;46 jaar;2007;101;51;50
3781;Totaal;Afrika;46 jaar;2008;67;32;35
3782;Totaal;Afrika;46 jaar;2009;71;38;33
3783;Totaal;Afrika;46 jaar;2010;106;62;44
3784;Totaal;Afrika;46 jaar;2011;311;270;41
3785;Totaal;Afrika;46 jaar;2012;1133;1097;36
3786;Totaal;Afrika;46 jaar;2013;2303;2250;53
3787;Totaal;Afrika;46 jaar;2014;421;354;67
3788;Totaal;Afrika;46 jaar;2015;1017;928;89
3789;Totaal;Afrika;46 jaar;2016;1494;1321;173
3790;Totaal;Afrika;46 jaar;2017;2791;2444;347
3791;Totaal;Afrika;46 jaar;2018;1988;1487;501
3792;Totaal;Afrika;47 jaar;2003;15;8;7
3793;Totaal;Afrika;47 jaar;2004;36;18;18
3794;Totaal;Afrika;47 jaar;2005;23;11;12
3795;Totaal;Afrika;47 jaar;2006;27;11;16
3796;Totaal;Afrika;47 jaar;2007;39;12;27
3797;Totaal;Afrika;47 jaar;2008;100;50;50
3798;Totaal;Afrika;47 jaar;2009;67;32;35
3799;Totaal;Afrika;47 jaar;2010;69;36;33
3800;Totaal;Afrika;47 jaar;2011;104;61;43
3801;Totaal;Afrika;47 jaar;2012;304;263;41
3802;Totaal;Afrika;47 jaar;2013;1082;1046;36
3803;Totaal;Afrika;47 jaar;2014;2213;2160;53
3804;Totaal;Afrika;47 jaar;2015;408;342;66
3805;Totaal;Afrika;47 jaar;2016;988;900;88
3806;Totaal;Afrika;47 jaar;2017;1456;1283;173
3807;Totaal;Afrika;47 jaar;2018;2711;2370;341
3808;Totaal;Afrika;48 jaar;2003;10;2;8
3809;Totaal;Afrika;48 jaar;2004;14;8;6
3810;Totaal;Afrika;48 jaar;2005;36;18;18
3811;Totaal;Afrika;48 jaar;2006;23;11;12
3812;Totaal;Afrika;48 jaar;2007;26;10;16
3813;Totaal;Afrika;48 jaar;2008;39;12;27
3814;Totaal;Afrika;48 jaar;2009;99;49;50
3815;Totaal;Afrika;48 jaar;2010;66;32;34
3816;Totaal;Afrika;48 jaar;2011;68;35;33
3817;Totaal;Afrika;48 jaar;2012;105;62;43
3818;Totaal;Afrika;48 jaar;2013;290;250;40
3819;Totaal;Afrika;48 jaar;2014;1041;1006;35
3820;Totaal;Afrika;48 jaar;2015;2129;2076;53
3821;Totaal;Afrika;48 jaar;2016;392;326;66
3822;Totaal;Afrika;48 jaar;2017;949;863;86
3823;Totaal;Afrika;48 jaar;2018;1407;1238;169
3824;Totaal;Afrika;49 jaar;2003;9;4;5
3825;Totaal;Afrika;49 jaar;2004;9;2;7
3826;Totaal;Afrika;49 jaar;2005;14;8;6
3827;Totaal;Afrika;49 jaar;2006;36;18;18
3828;Totaal;Afrika;49 jaar;2007;23;11;12
3829;Totaal;Afrika;49 jaar;2008;25;10;15
3830;Totaal;Afrika;49 jaar;2009;39;12;27
3831;Totaal;Afrika;49 jaar;2010;99;48;51
3832;Totaal;Afrika;49 jaar;2011;65;31;34
3833;Totaal;Afrika;49 jaar;2012;66;34;32
3834;Totaal;Afrika;49 jaar;2013;102;60;42
3835;Totaal;Afrika;49 jaar;2014;279;239;40
3836;Totaal;Afrika;49 jaar;2015;1010;976;34
3837;Totaal;Afrika;49 jaar;2016;2061;2008;53
3838;Totaal;Afrika;49 jaar;2017;375;311;64
3839;Totaal;Afrika;49 jaar;2018;926;842;84
3840;Totaal;Afrika;50 jaar;2003;8;5;3
3841;Totaal;Afrika;50 jaar;2004;8;3;5
3842;Totaal;Afrika;50 jaar;2005;9;2;7
3843;Totaal;Afrika;50 jaar;2006;14;8;6
3844;Totaal;Afrika;50 jaar;2007;36;18;18
3845;Totaal;Afrika;50 jaar;2008;22;11;11
3846;Totaal;Afrika;50 jaar;2009;25;10;15
3847;Totaal;Afrika;50 jaar;2010;38;11;27
3848;Totaal;Afrika;50 jaar;2011;98;47;51
3849;Totaal;Afrika;50 jaar;2012;64;29;35
3850;Totaal;Afrika;50 jaar;2013;65;33;32
3851;Totaal;Afrika;50 jaar;2014;99;58;41
3852;Totaal;Afrika;50 jaar;2015;261;222;39
3853;Totaal;Afrika;50 jaar;2016;971;937;34
3854;Totaal;Afrika;50 jaar;2017;1954;1901;53
3855;Totaal;Afrika;50 jaar;2018;356;292;64
3856;Totaal;Afrika;51 jaar;2003;9;4;5
3857;Totaal;Afrika;51 jaar;2004;8;5;3
3858;Totaal;Afrika;51 jaar;2005;8;3;5
3859;Totaal;Afrika;51 jaar;2006;9;2;7
3860;Totaal;Afrika;51 jaar;2007;14;8;6
3861;Totaal;Afrika;51 jaar;2008;36;18;18
3862;Totaal;Afrika;51 jaar;2009;22;11;11
3863;Totaal;Afrika;51 jaar;2010;25;10;15
3864;Totaal;Afrika;51 jaar;2011;38;11;27
3865;Totaal;Afrika;51 jaar;2012;97;46;51
3866;Totaal;Afrika;51 jaar;2013;63;29;34
3867;Totaal;Afrika;51 jaar;2014;64;32;32
3868;Totaal;Afrika;51 jaar;2015;96;55;41
3869;Totaal;Afrika;51 jaar;2016;249;211;38
3870;Totaal;Afrika;51 jaar;2017;929;896;33
3871;Totaal;Afrika;51 jaar;2018;1868;1817;51
3872;Totaal;Afrika;52 jaar;2003;9;4;5
3873;Totaal;Afrika;52 jaar;2004;9;4;5
3874;Totaal;Afrika;52 jaar;2005;8;5;3
3875;Totaal;Afrika;52 jaar;2006;7;3;4
3876;Totaal;Afrika;52 jaar;2007;9;2;7
3877;Totaal;Afrika;52 jaar;2008;14;8;6
3878;Totaal;Afrika;52 jaar;2009;35;18;17
3879;Totaal;Afrika;52 jaar;2010;21;11;10
3880;Totaal;Afrika;52 jaar;2011;25;10;15
3881;Totaal;Afrika;52 jaar;2012;36;10;26
3882;Totaal;Afrika;52 jaar;2013;97;46;51
3883;Totaal;Afrika;52 jaar;2014;62;28;34
3884;Totaal;Afrika;52 jaar;2015;63;32;31
3885;Totaal;Afrika;52 jaar;2016;95;54;41
3886;Totaal;Afrika;52 jaar;2017;235;199;36
3887;Totaal;Afrika;52 jaar;2018;893;860;33
3888;Totaal;Afrika;53 jaar;2003;6;4;2
3889;Totaal;Afrika;53 jaar;2004;9;4;5
3890;Totaal;Afrika;53 jaar;2005;9;4;5
3891;Totaal;Afrika;53 jaar;2006;7;4;3
3892;Totaal;Afrika;53 jaar;2007;7;3;4
3893;Totaal;Afrika;53 jaar;2008;7;1;6
3894;Totaal;Afrika;53 jaar;2009;14;8;6
3895;Totaal;Afrika;53 jaar;2010;33;17;16
3896;Totaal;Afrika;53 jaar;2011;21;11;10
3897;Totaal;Afrika;53 jaar;2012;25;10;15
3898;Totaal;Afrika;53 jaar;2013;35;10;25
3899;Totaal;Afrika;53 jaar;2014;97;46;51
3900;Totaal;Afrika;53 jaar;2015;61;27;34
3901;Totaal;Afrika;53 jaar;2016;62;31;31
3902;Totaal;Afrika;53 jaar;2017;94;53;41
3903;Totaal;Afrika;53 jaar;2018;228;193;35
3904;Totaal;Afrika;54 jaar;2003;3;1;2
3905;Totaal;Afrika;54 jaar;2004;6;4;2
3906;Totaal;Afrika;54 jaar;2005;9;4;5
3907;Totaal;Afrika;54 jaar;2006;9;4;5
3908;Totaal;Afrika;54 jaar;2007;7;4;3
3909;Totaal;Afrika;54 jaar;2008;7;3;4
3910;Totaal;Afrika;54 jaar;2009;7;1;6
3911;Totaal;Afrika;54 jaar;2010;14;8;6
3912;Totaal;Afrika;54 jaar;2011;33;17;16
3913;Totaal;Afrika;54 jaar;2012;20;10;10
3914;Totaal;Afrika;54 jaar;2013;25;10;15
3915;Totaal;Afrika;54 jaar;2014;34;10;24
3916;Totaal;Afrika;54 jaar;2015;96;46;50
3917;Totaal;Afrika;54 jaar;2016;61;27;34
3918;Totaal;Afrika;54 jaar;2017;61;30;31
3919;Totaal;Afrika;54 jaar;2018;91;52;39
3920;Totaal;Afrika;55 jaar;2003;8;4;4
3921;Totaal;Afrika;55 jaar;2004;3;1;2
3922;Totaal;Afrika;55 jaar;2005;5;3;2
3923;Totaal;Afrika;55 jaar;2006;9;4;5
3924;Totaal;Afrika;55 jaar;2007;9;4;5
3925;Totaal;Afrika;55 jaar;2008;7;4;3
3926;Totaal;Afrika;55 jaar;2009;7;3;4
3927;Totaal;Afrika;55 jaar;2010;7;1;6
3928;Totaal;Afrika;55 jaar;2011;14;8;6
3929;Totaal;Afrika;55 jaar;2012;33;17;16
3930;Totaal;Afrika;55 jaar;2013;20;10;10
3931;Totaal;Afrika;55 jaar;2014;23;9;14
3932;Totaal;Afrika;55 jaar;2015;34;10;24
3933;Totaal;Afrika;55 jaar;2016;95;45;50
3934;Totaal;Afrika;55 jaar;2017;60;26;34
3935;Totaal;Afrika;55 jaar;2018;60;30;30
3936;Totaal;Afrika;56 jaar;2003;9;5;4
3937;Totaal;Afrika;56 jaar;2004;8;4;4
3938;Totaal;Afrika;56 jaar;2005;3;1;2
3939;Totaal;Afrika;56 jaar;2006;5;3;2
3940;Totaal;Afrika;56 jaar;2007;9;4;5
3941;Totaal;Afrika;56 jaar;2008;9;4;5
3942;Totaal;Afrika;56 jaar;2009;8;4;4
3943;Totaal;Afrika;56 jaar;2010;6;2;4
3944;Totaal;Afrika;56 jaar;2011;7;1;6
3945;Totaal;Afrika;56 jaar;2012;14;8;6
3946;Totaal;Afrika;56 jaar;2013;32;17;15
3947;Totaal;Afrika;56 jaar;2014;20;10;10
3948;Totaal;Afrika;56 jaar;2015;22;9;13
3949;Totaal;Afrika;56 jaar;2016;34;10;24
3950;Totaal;Afrika;56 jaar;2017;93;43;50
3951;Totaal;Afrika;56 jaar;2018;56;23;33
3952;Totaal;Afrika;57 jaar;2003;2;0;2
3953;Totaal;Afrika;57 jaar;2004;9;5;4
3954;Totaal;Afrika;57 jaar;2005;8;4;4
3955;Totaal;Afrika;57 jaar;2006;3;1;2
3956;Totaal;Afrika;57 jaar;2007;5;3;2
3957;Totaal;Afrika;57 jaar;2008;9;4;5
3958;Totaal;Afrika;57 jaar;2009;8;4;4
3959;Totaal;Afrika;57 jaar;2010;7;4;3
3960;Totaal;Afrika;57 jaar;2011;6;2;4
3961;Totaal;Afrika;57 jaar;2012;7;1;6
3962;Totaal;Afrika;57 jaar;2013;14;8;6
3963;Totaal;Afrika;57 jaar;2014;31;17;14
3964;Totaal;Afrika;57 jaar;2015;20;10;10
3965;Totaal;Afrika;57 jaar;2016;21;8;13
3966;Totaal;Afrika;57 jaar;2017;33;10;23
3967;Totaal;Afrika;57 jaar;2018;92;43;49
3968;Totaal;Afrika;58 jaar;2003;0;0;0
3969;Totaal;Afrika;58 jaar;2004;2;0;2
3970;Totaal;Afrika;58 jaar;2005;9;5;4
3971;Totaal;Afrika;58 jaar;2006;8;4;4
3972;Totaal;Afrika;58 jaar;2007;3;1;2
3973;Totaal;Afrika;58 jaar;2008;5;3;2
3974;Totaal;Afrika;58 jaar;2009;9;4;5
3975;Totaal;Afrika;58 jaar;2010;9;4;5
3976;Totaal;Afrika;58 jaar;2011;7;4;3
3977;Totaal;Afrika;58 jaar;2012;6;2;4
3978;Totaal;Afrika;58 jaar;2013;7;1;6
3979;Totaal;Afrika;58 jaar;2014;14;8;6
3980;Totaal;Afrika;58 jaar;2015;28;15;13
3981;Totaal;Afrika;58 jaar;2016;19;10;9
3982;Totaal;Afrika;58 jaar;2017;20;8;12
3983;Totaal;Afrika;58 jaar;2018;33;10;23
3984;Totaal;Afrika;59 jaar;2003;0;0;0
3985;Totaal;Afrika;59 jaar;2004;0;0;0
3986;Totaal;Afrika;59 jaar;2005;2;0;2
3987;Totaal;Afrika;59 jaar;2006;9;5;4
3988;Totaal;Afrika;59 jaar;2007;8;4;4
3989;Totaal;Afrika;59 jaar;2008;3;1;2
3990;Totaal;Afrika;59 jaar;2009;5;3;2
3991;Totaal;Afrika;59 jaar;2010;7;4;3
3992;Totaal;Afrika;59 jaar;2011;9;4;5
3993;Totaal;Afrika;59 jaar;2012;7;4;3
3994;Totaal;Afrika;59 jaar;2013;6;2;4
3995;Totaal;Afrika;59 jaar;2014;6;1;5
3996;Totaal;Afrika;59 jaar;2015;14;8;6
3997;Totaal;Afrika;59 jaar;2016;28;15;13
3998;Totaal;Afrika;59 jaar;2017;19;10;9
3999;Totaal;Afrika;59 jaar;2018;20;8;12
4000;Totaal;Afrika;60 jaar of meer;2003;9;3;6
4001;Totaal;Afrika;60 jaar of meer;2004;9;3;6
4002;Totaal;Afrika;60 jaar of meer;2005;7;3;4
4003;Totaal;Afrika;60 jaar of meer;2006;7;2;5
4004;Totaal;Afrika;60 jaar of meer;2007;14;7;7
4005;Totaal;Afrika;60 jaar of meer;2008;22;11;11
4006;Totaal;Afrika;60 jaar of meer;2009;21;9;12
4007;Totaal;Afrika;60 jaar of meer;2010;27;13;14
4008;Totaal;Afrika;60 jaar of meer;2011;32;16;16
4009;Totaal;Afrika;60 jaar of meer;2012;39;19;20
4010;Totaal;Afrika;60 jaar of meer;2013;45;23;22
4011;Totaal;Afrika;60 jaar of meer;2014;50;25;25
4012;Totaal;Afrika;60 jaar of meer;2015;55;25;30
4013;Totaal;Afrika;60 jaar of meer;2016;66;32;34
4014;Totaal;Afrika;60 jaar of meer;2017;92;46;46
4015;Totaal;Afrika;60 jaar of meer;2018;110;55;55
4016;Totaal;Afrika;Onbekend;2003;550;379;171
4017;Totaal;Afrika;Onbekend;2004;505;353;152
4018;Totaal;Afrika;Onbekend;2005;491;342;149
4019;Totaal;Afrika;Onbekend;2006;382;259;123
4020;Totaal;Afrika;Onbekend;2007;378;250;128
4021;Totaal;Afrika;Onbekend;2008;286;205;81
4022;Totaal;Afrika;Onbekend;2009;276;195;81
4023;Totaal;Afrika;Onbekend;2010;86;56;30
4024;Totaal;Afrika;Onbekend;2011;77;50;27
4025;Totaal;Afrika;Onbekend;2012;71;45;26
4026;Totaal;Afrika;Onbekend;2013;68;39;29
4027;Totaal;Afrika;Onbekend;2014;65;39;26
4028;Totaal;Afrika;Onbekend;2015;63;36;27
4029;Totaal;Afrika;Onbekend;2016;63;38;25
4030;Totaal;Afrika;Onbekend;2017;61;36;25
4031;Totaal;Afrika;Onbekend;2018;61;36;25
4032;Totaal;Amerika;Totaal;2003;334808;152832;181976
4033;Totaal;Amerika;Totaal;2004;337143;153196;183947
4034;Totaal;Amerika;Totaal;2005;337331;152846;184485
4035;Totaal;Amerika;Totaal;2006;335756;151635;184121
4036;Totaal;Amerika;Totaal;2007;334224;150361;183863
4037;Totaal;Amerika;Totaal;2008;334711;150243;184468
4038;Totaal;Amerika;Totaal;2009;338267;151672;186595
4039;Totaal;Amerika;Totaal;2010;342197;153367;188830
4040;Totaal;Amerika;Totaal;2011;345256;154217;191039
4041;Totaal;Amerika;Totaal;2012;347725;155087;192638
4042;Totaal;Amerika;Totaal;2013;348394;155028;193366
4043;Totaal;Amerika;Totaal;2014;348521;154897;193624
4044;Totaal;Amerika;Totaal;2015;350177;155567;194610
4045;Totaal;Amerika;Totaal;2016;353040;156902;196138
4046;Totaal;Amerika;Totaal;2017;356284;158033;198251
4047;Totaal;Amerika;Totaal;2018;363643;161335;202308
4048;Totaal;Amerika;Minder dan 1 jaar;2003;19631;10117;9514
4049;Totaal;Amerika;Minder dan 1 jaar;2004;17708;9284;8424
4050;Totaal;Amerika;Minder dan 1 jaar;2005;16055;8779;7276
4051;Totaal;Amerika;Minder dan 1 jaar;2006;15346;8499;6847
4052;Totaal;Amerika;Minder dan 1 jaar;2007;16244;8882;7362
4053;Totaal;Amerika;Minder dan 1 jaar;2008;17345;9653;7692
4054;Totaal;Amerika;Minder dan 1 jaar;2009;19420;10474;8946
4055;Totaal;Amerika;Minder dan 1 jaar;2010;19341;10422;8919
4056;Totaal;Amerika;Minder dan 1 jaar;2011;19357;10235;9122
4057;Totaal;Amerika;Minder dan 1 jaar;2012;19035;10028;9007
4058;Totaal;Amerika;Minder dan 1 jaar;2013;18138;9620;8518
4059;Totaal;Amerika;Minder dan 1 jaar;2014;18197;9650;8547
4060;Totaal;Amerika;Minder dan 1 jaar;2015;18587;9850;8737
4061;Totaal;Amerika;Minder dan 1 jaar;2016;19809;10338;9471
4062;Totaal;Amerika;Minder dan 1 jaar;2017;19920;10070;9850
4063;Totaal;Amerika;Minder dan 1 jaar;2018;23306;11890;11416
4064;Totaal;Amerika;1 jaar;2003;18840;9419;9421
4065;Totaal;Amerika;1 jaar;2004;16835;8469;8366
4066;Totaal;Amerika;1 jaar;2005;14941;7598;7343
4067;Totaal;Amerika;1 jaar;2006;13319;7051;6268
4068;Totaal;Amerika;1 jaar;2007;12263;6602;5661
4069;Totaal;Amerika;1 jaar;2008;12742;6697;6045
4070;Totaal;Amerika;1 jaar;2009;13850;7566;6284
4071;Totaal;Amerika;1 jaar;2010;15533;8240;7293
4072;Totaal;Amerika;1 jaar;2011;15313;8017;7296
4073;Totaal;Amerika;1 jaar;2012;15087;7825;7262
4074;Totaal;Amerika;1 jaar;2013;14809;7691;7118
4075;Totaal;Amerika;1 jaar;2014;13806;7245;6561
4076;Totaal;Amerika;1 jaar;2015;13860;7219;6641
4077;Totaal;Amerika;1 jaar;2016;14168;7475;6693
4078;Totaal;Amerika;1 jaar;2017;15059;7850;7209
4079;Totaal;Amerika;1 jaar;2018;15719;7924;7795
4080;Totaal;Amerika;2 jaar;2003;18554;8948;9606
4081;Totaal;Amerika;2 jaar;2004;16396;7998;8398
4082;Totaal;Amerika;2 jaar;2005;14555;7175;7380
4083;Totaal;Amerika;2 jaar;2006;12844;6355;6489
4084;Totaal;Amerika;2 jaar;2007;11063;5655;5408
4085;Totaal;Amerika;2 jaar;2008;10289;5365;4924
4086;Totaal;Amerika;2 jaar;2009;10721;5493;5228
4087;Totaal;Amerika;2 jaar;2010;11592;6205;5387
4088;Totaal;Amerika;2 jaar;2011;13064;6748;6316
4089;Totaal;Amerika;2 jaar;2012;12876;6577;6299
4090;Totaal;Amerika;2 jaar;2013;12545;6306;6239
4091;Totaal;Amerika;2 jaar;2014;12095;6140;5955
4092;Totaal;Amerika;2 jaar;2015;11468;5920;5548
4093;Totaal;Amerika;2 jaar;2016;11612;5933;5679
4094;Totaal;Amerika;2 jaar;2017;11873;6189;5684
4095;Totaal;Amerika;2 jaar;2018;12539;6430;6109
4096;Totaal;Amerika;3 jaar;2003;15072;7316;7756
4097;Totaal;Amerika;3 jaar;2004;16596;7834;8762
4098;Totaal;Amerika;3 jaar;2005;14685;7023;7662
4099;Totaal;Amerika;3 jaar;2006;12930;6232;6698
4100;Totaal;Amerika;3 jaar;2007;11306;5472;5834
4101;Totaal;Amerika;3 jaar;2008;9697;4849;4848
4102;Totaal;Amerika;3 jaar;2009;9061;4580;4481
4103;Totaal;Amerika;3 jaar;2010;9417;4737;4680
4104;Totaal;Amerika;3 jaar;2011;10040;5254;4786
4105;Totaal;Amerika;3 jaar;2012;11508;5859;5649
4106;Totaal;Amerika;3 jaar;2013;11269;5653;5616
4107;Totaal;Amerika;3 jaar;2014;10865;5375;5490
4108;Totaal;Amerika;3 jaar;2015;10623;5332;5291
4109;Totaal;Amerika;3 jaar;2016;9907;5078;4829
4110;Totaal;Amerika;3 jaar;2017;10165;5128;5037
4111;Totaal;Amerika;3 jaar;2018;10389;5344;5045
4112;Totaal;Amerika;4 jaar;2003;14563;6690;7873
4113;Totaal;Amerika;4 jaar;2004;13869;6626;7243
4114;Totaal;Amerika;4 jaar;2005;15153;7035;8118
4115;Totaal;Amerika;4 jaar;2006;13356;6277;7079
4116;Totaal;Amerika;4 jaar;2007;11637;5502;6135
4117;Totaal;Amerika;4 jaar;2008;10233;4856;5377
4118;Totaal;Amerika;4 jaar;2009;8845;4329;4516
4119;Totaal;Amerika;4 jaar;2010;8213;4093;4120
4120;Totaal;Amerika;4 jaar;2011;8482;4181;4301
4121;Totaal;Amerika;4 jaar;2012;9075;4696;4379
4122;Totaal;Amerika;4 jaar;2013;10297;5167;5130
4123;Totaal;Amerika;4 jaar;2014;10078;4982;5096
4124;Totaal;Amerika;4 jaar;2015;9789;4783;5006
4125;Totaal;Amerika;4 jaar;2016;9599;4776;4823
4126;Totaal;Amerika;4 jaar;2017;8925;4536;4389
4127;Totaal;Amerika;4 jaar;2018;9195;4607;4588
4128;Totaal;Amerika;5 jaar;2003;10355;4762;5593
4129;Totaal;Amerika;5 jaar;2004;13558;6149;7409
4130;Totaal;Amerika;5 jaar;2005;12778;6000;6778
4131;Totaal;Amerika;5 jaar;2006;13857;6340;7517
4132;Totaal;Amerika;5 jaar;2007;12204;5639;6565
4133;Totaal;Amerika;5 jaar;2008;10679;4979;5700
4134;Totaal;Amerika;5 jaar;2009;9472;4439;5033
4135;Totaal;Amerika;5 jaar;2010;8247;3981;4266
4136;Totaal;Amerika;5 jaar;2011;7632;3763;3869
4137;Totaal;Amerika;5 jaar;2012;7802;3814;3988
4138;Totaal;Amerika;5 jaar;2013;8234;4229;4005
4139;Totaal;Amerika;5 jaar;2014;9376;4666;4710
4140;Totaal;Amerika;5 jaar;2015;9277;4569;4708
4141;Totaal;Amerika;5 jaar;2016;8991;4359;4632
4142;Totaal;Amerika;5 jaar;2017;8842;4354;4488
4143;Totaal;Amerika;5 jaar;2018;8250;4167;4083
4144;Totaal;Amerika;6 jaar;2003;8983;3984;4999
4145;Totaal;Amerika;6 jaar;2004;9653;4365;5288
4146;Totaal;Amerika;6 jaar;2005;12703;5676;7027
4147;Totaal;Amerika;6 jaar;2006;11724;5446;6278
4148;Totaal;Amerika;6 jaar;2007;12754;5742;7012
4149;Totaal;Amerika;6 jaar;2008;11331;5153;6178
4150;Totaal;Amerika;6 jaar;2009;10037;4637;5400
4151;Totaal;Amerika;6 jaar;2010;8949;4145;4804
4152;Totaal;Amerika;6 jaar;2011;7709;3660;4049
4153;Totaal;Amerika;6 jaar;2012;7113;3466;3647
4154;Totaal;Amerika;6 jaar;2013;7212;3478;3734
4155;Totaal;Amerika;6 jaar;2014;7602;3860;3742
4156;Totaal;Amerika;6 jaar;2015;8765;4307;4458
4157;Totaal;Amerika;6 jaar;2016;8730;4269;4461
4158;Totaal;Amerika;6 jaar;2017;8414;4028;4386
4159;Totaal;Amerika;6 jaar;2018;8342;4074;4268
4160;Totaal;Amerika;7 jaar;2003;6338;2861;3477
4161;Totaal;Amerika;7 jaar;2004;8522;3734;4788
4162;Totaal;Amerika;7 jaar;2005;9092;4061;5031
4163;Totaal;Amerika;7 jaar;2006;11848;5231;6617
4164;Totaal;Amerika;7 jaar;2007;10901;5014;5887
4165;Totaal;Amerika;7 jaar;2008;12018;5382;6636
4166;Totaal;Amerika;7 jaar;2009;10668;4808;5860
4167;Totaal;Amerika;7 jaar;2010;9491;4339;5152
4168;Totaal;Amerika;7 jaar;2011;8476;3880;4596
4169;Totaal;Amerika;7 jaar;2012;7286;3420;3866
4170;Totaal;Amerika;7 jaar;2013;6685;3214;3471
4171;Totaal;Amerika;7 jaar;2014;6682;3202;3480
4172;Totaal;Amerika;7 jaar;2015;7121;3595;3526
4173;Totaal;Amerika;7 jaar;2016;8207;4002;4205
4174;Totaal;Amerika;7 jaar;2017;8247;4008;4239
4175;Totaal;Amerika;7 jaar;2018;8007;3793;4214
4176;Totaal;Amerika;8 jaar;2003;6199;2861;3338
4177;Totaal;Amerika;8 jaar;2004;6024;2706;3318
4178;Totaal;Amerika;8 jaar;2005;8097;3513;4584
4179;Totaal;Amerika;8 jaar;2006;8499;3743;4756
4180;Totaal;Amerika;8 jaar;2007;11109;4838;6271
4181;Totaal;Amerika;8 jaar;2008;10231;4657;5574
4182;Totaal;Amerika;8 jaar;2009;11365;5037;6328
4183;Totaal;Amerika;8 jaar;2010;10188;4570;5618
4184;Totaal;Amerika;8 jaar;2011;8986;4065;4921
4185;Totaal;Amerika;8 jaar;2012;8083;3660;4423
4186;Totaal;Amerika;8 jaar;2013;6894;3213;3681
4187;Totaal;Amerika;8 jaar;2014;6310;3016;3294
4188;Totaal;Amerika;8 jaar;2015;6302;3004;3298
4189;Totaal;Amerika;8 jaar;2016;6760;3387;3373
4190;Totaal;Amerika;8 jaar;2017;7798;3782;4016
4191;Totaal;Amerika;8 jaar;2018;7864;3804;4060
4192;Totaal;Amerika;9 jaar;2003;9928;4317;5611
4193;Totaal;Amerika;9 jaar;2004;5971;2732;3239
4194;Totaal;Amerika;9 jaar;2005;5727;2540;3187
4195;Totaal;Amerika;9 jaar;2006;7684;3295;4389
4196;Totaal;Amerika;9 jaar;2007;8022;3493;4529
4197;Totaal;Amerika;9 jaar;2008;10554;4549;6005
4198;Totaal;Amerika;9 jaar;2009;9723;4380;5343
4199;Totaal;Amerika;9 jaar;2010;10880;4785;6095
4200;Totaal;Amerika;9 jaar;2011;9791;4369;5422
4201;Totaal;Amerika;9 jaar;2012;8588;3871;4717
4202;Totaal;Amerika;9 jaar;2013;7704;3469;4235
4203;Totaal;Amerika;9 jaar;2014;6536;3022;3514
4204;Totaal;Amerika;9 jaar;2015;6003;2856;3147
4205;Totaal;Amerika;9 jaar;2016;5998;2852;3146
4206;Totaal;Amerika;9 jaar;2017;6481;3219;3262
4207;Totaal;Amerika;9 jaar;2018;7475;3604;3871
4208;Totaal;Amerika;10 jaar;2003;9610;4178;5432
4209;Totaal;Amerika;10 jaar;2004;9674;4173;5501
4210;Totaal;Amerika;10 jaar;2005;5724;2599;3125
4211;Totaal;Amerika;10 jaar;2006;5458;2408;3050
4212;Totaal;Amerika;10 jaar;2007;7322;3099;4223
4213;Totaal;Amerika;10 jaar;2008;7604;3256;4348
4214;Totaal;Amerika;10 jaar;2009;10083;4316;5767
4215;Totaal;Amerika;10 jaar;2010;9323;4186;5137
4216;Totaal;Amerika;10 jaar;2011;10459;4588;5871
4217;Totaal;Amerika;10 jaar;2012;9385;4165;5220
4218;Totaal;Amerika;10 jaar;2013;8201;3666;4535
4219;Totaal;Amerika;10 jaar;2014;7381;3309;4072
4220;Totaal;Amerika;10 jaar;2015;6263;2862;3401
4221;Totaal;Amerika;10 jaar;2016;5765;2741;3024
4222;Totaal;Amerika;10 jaar;2017;5765;2717;3048
4223;Totaal;Amerika;10 jaar;2018;6244;3075;3169
4224;Totaal;Amerika;11 jaar;2003;10327;4467;5860
4225;Totaal;Amerika;11 jaar;2004;9348;4026;5322
4226;Totaal;Amerika;11 jaar;2005;9379;4005;5374
4227;Totaal;Amerika;11 jaar;2006;5507;2484;3023
4228;Totaal;Amerika;11 jaar;2007;5201;2261;2940
4229;Totaal;Amerika;11 jaar;2008;7016;2939;4077
4230;Totaal;Amerika;11 jaar;2009;7290;3081;4209
4231;Totaal;Amerika;11 jaar;2010;9710;4110;5600
4232;Totaal;Amerika;11 jaar;2011;8933;3968;4965
4233;Totaal;Amerika;11 jaar;2012;10054;4383;5671
4234;Totaal;Amerika;11 jaar;2013;9009;3980;5029
4235;Totaal;Amerika;11 jaar;2014;7854;3483;4371
4236;Totaal;Amerika;11 jaar;2015;7108;3166;3942
4237;Totaal;Amerika;11 jaar;2016;6033;2741;3292
4238;Totaal;Amerika;11 jaar;2017;5581;2633;2948
4239;Totaal;Amerika;11 jaar;2018;5571;2601;2970
4240;Totaal;Amerika;12 jaar;2003;10368;4332;6036
4241;Totaal;Amerika;12 jaar;2004;10047;4292;5755
4242;Totaal;Amerika;12 jaar;2005;9115;3891;5224
4243;Totaal;Amerika;12 jaar;2006;9101;3843;5258
4244;Totaal;Amerika;12 jaar;2007;5288;2373;2915
4245;Totaal;Amerika;12 jaar;2008;5002;2148;2854
4246;Totaal;Amerika;12 jaar;2009;6734;2789;3945
4247;Totaal;Amerika;12 jaar;2010;7047;2961;4086
4248;Totaal;Amerika;12 jaar;2011;9380;3942;5438
4249;Totaal;Amerika;12 jaar;2012;8618;3805;4813
4250;Totaal;Amerika;12 jaar;2013;9668;4182;5486
4251;Totaal;Amerika;12 jaar;2014;8672;3818;4854
4252;Totaal;Amerika;12 jaar;2015;7573;3343;4230
4253;Totaal;Amerika;12 jaar;2016;6863;3047;3816
4254;Totaal;Amerika;12 jaar;2017;5867;2657;3210
4255;Totaal;Amerika;12 jaar;2018;5410;2538;2872
4256;Totaal;Amerika;13 jaar;2003;8277;3521;4756
4257;Totaal;Amerika;13 jaar;2004;10143;4196;5947
4258;Totaal;Amerika;13 jaar;2005;9799;4143;5656
4259;Totaal;Amerika;13 jaar;2006;8843;3737;5106
4260;Totaal;Amerika;13 jaar;2007;8807;3697;5110
4261;Totaal;Amerika;13 jaar;2008;5105;2275;2830
4262;Totaal;Amerika;13 jaar;2009;4859;2070;2789
4263;Totaal;Amerika;13 jaar;2010;6538;2689;3849
4264;Totaal;Amerika;13 jaar;2011;6805;2838;3967
4265;Totaal;Amerika;13 jaar;2012;9104;3814;5290
4266;Totaal;Amerika;13 jaar;2013;8298;3627;4671
4267;Totaal;Amerika;13 jaar;2014;9334;4014;5320
4268;Totaal;Amerika;13 jaar;2015;8428;3694;4734
4269;Totaal;Amerika;13 jaar;2016;7321;3210;4111
4270;Totaal;Amerika;13 jaar;2017;6666;2950;3716
4271;Totaal;Amerika;13 jaar;2018;5705;2556;3149
4272;Totaal;Amerika;14 jaar;2003;6801;2865;3936
4273;Totaal;Amerika;14 jaar;2004;8073;3403;4670
4274;Totaal;Amerika;14 jaar;2005;9909;4061;5848
4275;Totaal;Amerika;14 jaar;2006;9499;3969;5530
4276;Totaal;Amerika;14 jaar;2007;8603;3621;4982
4277;Totaal;Amerika;14 jaar;2008;8580;3575;5005
4278;Totaal;Amerika;14 jaar;2009;4938;2177;2761
4279;Totaal;Amerika;14 jaar;2010;4724;1990;2734
4280;Totaal;Amerika;14 jaar;2011;6351;2597;3754
4281;Totaal;Amerika;14 jaar;2012;6594;2739;3855
4282;Totaal;Amerika;14 jaar;2013;8801;3653;5148
4283;Totaal;Amerika;14 jaar;2014;8013;3483;4530
4284;Totaal;Amerika;14 jaar;2015;9052;3876;5176
4285;Totaal;Amerika;14 jaar;2016;8187;3569;4618
4286;Totaal;Amerika;14 jaar;2017;7124;3108;4016
4287;Totaal;Amerika;14 jaar;2018;6520;2866;3654
4288;Totaal;Amerika;15 jaar;2003;7749;3332;4417
4289;Totaal;Amerika;15 jaar;2004;6622;2777;3845
4290;Totaal;Amerika;15 jaar;2005;7853;3279;4574
4291;Totaal;Amerika;15 jaar;2006;9638;3916;5722
4292;Totaal;Amerika;15 jaar;2007;9206;3814;5392
4293;Totaal;Amerika;15 jaar;2008;8364;3473;4891
4294;Totaal;Amerika;15 jaar;2009;8383;3458;4925
4295;Totaal;Amerika;15 jaar;2010;4843;2129;2714
4296;Totaal;Amerika;15 jaar;2011;4585;1920;2665
4297;Totaal;Amerika;15 jaar;2012;6172;2499;3673
4298;Totaal;Amerika;15 jaar;2013;6402;2653;3749
4299;Totaal;Amerika;15 jaar;2014;8525;3520;5005
4300;Totaal;Amerika;15 jaar;2015;7802;3375;4427
4301;Totaal;Amerika;15 jaar;2016;8799;3748;5051
4302;Totaal;Amerika;15 jaar;2017;7993;3473;4520
4303;Totaal;Amerika;15 jaar;2018;6950;3007;3943
4304;Totaal;Amerika;16 jaar;2003;6682;2895;3787
4305;Totaal;Amerika;16 jaar;2004;7548;3225;4323
4306;Totaal;Amerika;16 jaar;2005;6443;2676;3767
4307;Totaal;Amerika;16 jaar;2006;7626;3160;4466
4308;Totaal;Amerika;16 jaar;2007;9348;3755;5593
4309;Totaal;Amerika;16 jaar;2008;8991;3699;5292
4310;Totaal;Amerika;16 jaar;2009;8198;3391;4807
4311;Totaal;Amerika;16 jaar;2010;8226;3372;4854
4312;Totaal;Amerika;16 jaar;2011;4735;2065;2670
4313;Totaal;Amerika;16 jaar;2012;4458;1851;2607
4314;Totaal;Amerika;16 jaar;2013;5992;2415;3577
4315;Totaal;Amerika;16 jaar;2014;6211;2562;3649
4316;Totaal;Amerika;16 jaar;2015;8291;3414;4877
4317;Totaal;Amerika;16 jaar;2016;7605;3269;4336
4318;Totaal;Amerika;16 jaar;2017;8597;3643;4954
4319;Totaal;Amerika;16 jaar;2018;7812;3369;4443
4320;Totaal;Amerika;17 jaar;2003;5901;2617;3284
4321;Totaal;Amerika;17 jaar;2004;6523;2794;3729
4322;Totaal;Amerika;17 jaar;2005;7362;3125;4237
4323;Totaal;Amerika;17 jaar;2006;6227;2560;3667
4324;Totaal;Amerika;17 jaar;2007;7396;3036;4360
4325;Totaal;Amerika;17 jaar;2008;9113;3629;5484
4326;Totaal;Amerika;17 jaar;2009;8783;3601;5182
4327;Totaal;Amerika;17 jaar;2010;8043;3315;4728
4328;Totaal;Amerika;17 jaar;2011;8072;3290;4782
4329;Totaal;Amerika;17 jaar;2012;4601;1993;2608
4330;Totaal;Amerika;17 jaar;2013;4331;1789;2542
4331;Totaal;Amerika;17 jaar;2014;5832;2327;3505
4332;Totaal;Amerika;17 jaar;2015;6048;2476;3572
4333;Totaal;Amerika;17 jaar;2016;8074;3308;4766
4334;Totaal;Amerika;17 jaar;2017;7423;3180;4243
4335;Totaal;Amerika;17 jaar;2018;8418;3544;4874
4336;Totaal;Amerika;18 jaar;2003;3712;1499;2213
4337;Totaal;Amerika;18 jaar;2004;5757;2544;3213
4338;Totaal;Amerika;18 jaar;2005;6353;2698;3655
4339;Totaal;Amerika;18 jaar;2006;7150;2998;4152
4340;Totaal;Amerika;18 jaar;2007;6021;2453;3568
4341;Totaal;Amerika;18 jaar;2008;7202;2933;4269
4342;Totaal;Amerika;18 jaar;2009;8909;3525;5384
4343;Totaal;Amerika;18 jaar;2010;8584;3502;5082
4344;Totaal;Amerika;18 jaar;2011;7891;3238;4653
4345;Totaal;Amerika;18 jaar;2012;7914;3211;4703
4346;Totaal;Amerika;18 jaar;2013;4482;1933;2549
4347;Totaal;Amerika;18 jaar;2014;4217;1733;2484
4348;Totaal;Amerika;18 jaar;2015;5692;2257;3435
4349;Totaal;Amerika;18 jaar;2016;5917;2409;3508
4350;Totaal;Amerika;18 jaar;2017;7928;3233;4695
4351;Totaal;Amerika;18 jaar;2018;7284;3109;4175
4352;Totaal;Amerika;19 jaar;2003;4328;1786;2542
4353;Totaal;Amerika;19 jaar;2004;3633;1450;2183
4354;Totaal;Amerika;19 jaar;2005;5619;2463;3156
4355;Totaal;Amerika;19 jaar;2006;6186;2603;3583
4356;Totaal;Amerika;19 jaar;2007;6958;2903;4055
4357;Totaal;Amerika;19 jaar;2008;5876;2378;3498
4358;Totaal;Amerika;19 jaar;2009;6995;2827;4168
4359;Totaal;Amerika;19 jaar;2010;8759;3426;5333
4360;Totaal;Amerika;19 jaar;2011;8397;3397;5000
4361;Totaal;Amerika;19 jaar;2012;7740;3158;4582
4362;Totaal;Amerika;19 jaar;2013;7761;3123;4638
4363;Totaal;Amerika;19 jaar;2014;4360;1880;2480
4364;Totaal;Amerika;19 jaar;2015;4102;1680;2422
4365;Totaal;Amerika;19 jaar;2016;5552;2177;3375
4366;Totaal;Amerika;19 jaar;2017;5788;2344;3444
4367;Totaal;Amerika;19 jaar;2018;7791;3163;4628
4368;Totaal;Amerika;20 jaar;2003;3750;1482;2268
4369;Totaal;Amerika;20 jaar;2004;4249;1739;2510
4370;Totaal;Amerika;20 jaar;2005;3542;1401;2141
4371;Totaal;Amerika;20 jaar;2006;5465;2382;3083
4372;Totaal;Amerika;20 jaar;2007;6024;2520;3504
4373;Totaal;Amerika;20 jaar;2008;6735;2781;3954
4374;Totaal;Amerika;20 jaar;2009;5727;2291;3436
4375;Totaal;Amerika;20 jaar;2010;6849;2743;4106
4376;Totaal;Amerika;20 jaar;2011;8601;3343;5258
4377;Totaal;Amerika;20 jaar;2012;8261;3327;4934
4378;Totaal;Amerika;20 jaar;2013;7589;3073;4516
4379;Totaal;Amerika;20 jaar;2014;7623;3065;4558
4380;Totaal;Amerika;20 jaar;2015;4268;1832;2436
4381;Totaal;Amerika;20 jaar;2016;3993;1632;2361
4382;Totaal;Amerika;20 jaar;2017;5421;2097;3324
4383;Totaal;Amerika;20 jaar;2018;5665;2285;3380
4384;Totaal;Amerika;21 jaar;2003;4550;1784;2766
4385;Totaal;Amerika;21 jaar;2004;3682;1445;2237
4386;Totaal;Amerika;21 jaar;2005;4183;1695;2488
4387;Totaal;Amerika;21 jaar;2006;3481;1366;2115
4388;Totaal;Amerika;21 jaar;2007;5316;2295;3021
4389;Totaal;Amerika;21 jaar;2008;5886;2446;3440
4390;Totaal;Amerika;21 jaar;2009;6582;2710;3872
4391;Totaal;Amerika;21 jaar;2010;5634;2235;3399
4392;Totaal;Amerika;21 jaar;2011;6689;2654;4035
4393;Totaal;Amerika;21 jaar;2012;8454;3276;5178
4394;Totaal;Amerika;21 jaar;2013;8109;3244;4865
4395;Totaal;Amerika;21 jaar;2014;7447;3000;4447
4396;Totaal;Amerika;21 jaar;2015;7491;3000;4491
4397;Totaal;Amerika;21 jaar;2016;4176;1783;2393
4398;Totaal;Amerika;21 jaar;2017;3896;1581;2315
4399;Totaal;Amerika;21 jaar;2018;5331;2056;3275
4400;Totaal;Amerika;22 jaar;2003;14781;6564;8217
4401;Totaal;Amerika;22 jaar;2004;4474;1733;2741
4402;Totaal;Amerika;22 jaar;2005;3614;1403;2211
4403;Totaal;Amerika;22 jaar;2006;4097;1656;2441
4404;Totaal;Amerika;22 jaar;2007;3403;1326;2077
4405;Totaal;Amerika;22 jaar;2008;5205;2232;2973
4406;Totaal;Amerika;22 jaar;2009;5753;2379;3374
4407;Totaal;Amerika;22 jaar;2010;6490;2665;3825
4408;Totaal;Amerika;22 jaar;2011;5520;2174;3346
4409;Totaal;Amerika;22 jaar;2012;6561;2572;3989
4410;Totaal;Amerika;22 jaar;2013;8292;3205;5087
4411;Totaal;Amerika;22 jaar;2014;7946;3161;4785
4412;Totaal;Amerika;22 jaar;2015;7310;2922;4388
4413;Totaal;Amerika;22 jaar;2016;7340;2925;4415
4414;Totaal;Amerika;22 jaar;2017;4100;1746;2354
4415;Totaal;Amerika;22 jaar;2018;3833;1553;2280
4416;Totaal;Amerika;23 jaar;2003;14408;6891;7517
4417;Totaal;Amerika;23 jaar;2004;14568;6422;8146
4418;Totaal;Amerika;23 jaar;2005;4398;1692;2706
4419;Totaal;Amerika;23 jaar;2006;3531;1355;2176
4420;Totaal;Amerika;23 jaar;2007;3987;1604;2383
4421;Totaal;Amerika;23 jaar;2008;3327;1289;2038
4422;Totaal;Amerika;23 jaar;2009;5118;2181;2937
4423;Totaal;Amerika;23 jaar;2010;5646;2320;3326
4424;Totaal;Amerika;23 jaar;2011;6378;2606;3772
4425;Totaal;Amerika;23 jaar;2012;5398;2122;3276
4426;Totaal;Amerika;23 jaar;2013;6420;2501;3919
4427;Totaal;Amerika;23 jaar;2014;8125;3120;5005
4428;Totaal;Amerika;23 jaar;2015;7781;3088;4693
4429;Totaal;Amerika;23 jaar;2016;7195;2876;4319
4430;Totaal;Amerika;23 jaar;2017;7235;2871;4364
4431;Totaal;Amerika;23 jaar;2018;4037;1714;2323
4432;Totaal;Amerika;24 jaar;2003;6497;3014;3483
4433;Totaal;Amerika;24 jaar;2004;14196;6745;7451
4434;Totaal;Amerika;24 jaar;2005;14368;6305;8063
4435;Totaal;Amerika;24 jaar;2006;4309;1649;2660
4436;Totaal;Amerika;24 jaar;2007;3463;1317;2146
4437;Totaal;Amerika;24 jaar;2008;3891;1555;2336
4438;Totaal;Amerika;24 jaar;2009;3270;1262;2008
4439;Totaal;Amerika;24 jaar;2010;5031;2133;2898
4440;Totaal;Amerika;24 jaar;2011;5559;2271;3288
4441;Totaal;Amerika;24 jaar;2012;6249;2554;3695
4442;Totaal;Amerika;24 jaar;2013;5290;2063;3227
4443;Totaal;Amerika;24 jaar;2014;6292;2443;3849
4444;Totaal;Amerika;24 jaar;2015;7944;3028;4916
4445;Totaal;Amerika;24 jaar;2016;7642;3034;4608
4446;Totaal;Amerika;24 jaar;2017;7104;2829;4275
4447;Totaal;Amerika;24 jaar;2018;7141;2821;4320
4448;Totaal;Amerika;25 jaar;2003;4510;1961;2549
4449;Totaal;Amerika;25 jaar;2004;6403;2954;3449
4450;Totaal;Amerika;25 jaar;2005;13978;6594;7384
4451;Totaal;Amerika;25 jaar;2006;14145;6169;7976
4452;Totaal;Amerika;25 jaar;2007;4209;1595;2614
4453;Totaal;Amerika;25 jaar;2008;3397;1280;2117
4454;Totaal;Amerika;25 jaar;2009;3812;1512;2300
4455;Totaal;Amerika;25 jaar;2010;3218;1237;1981
4456;Totaal;Amerika;25 jaar;2011;4948;2087;2861
4457;Totaal;Amerika;25 jaar;2012;5465;2219;3246
4458;Totaal;Amerika;25 jaar;2013;6119;2494;3625
4459;Totaal;Amerika;25 jaar;2014;5182;2001;3181
4460;Totaal;Amerika;25 jaar;2015;6180;2389;3791
4461;Totaal;Amerika;25 jaar;2016;7811;2964;4847
4462;Totaal;Amerika;25 jaar;2017;7517;2973;4544
4463;Totaal;Amerika;25 jaar;2018;7015;2786;4229
4464;Totaal;Amerika;26 jaar;2003;5507;2341;3166
4465;Totaal;Amerika;26 jaar;2004;4428;1915;2513
4466;Totaal;Amerika;26 jaar;2005;6304;2886;3418
4467;Totaal;Amerika;26 jaar;2006;13775;6457;7318
4468;Totaal;Amerika;26 jaar;2007;13928;6039;7889
4469;Totaal;Amerika;26 jaar;2008;4132;1547;2585
4470;Totaal;Amerika;26 jaar;2009;3340;1255;2085
4471;Totaal;Amerika;26 jaar;2010;3753;1485;2268
4472;Totaal;Amerika;26 jaar;2011;3156;1210;1946
4473;Totaal;Amerika;26 jaar;2012;4860;2044;2816
4474;Totaal;Amerika;26 jaar;2013;5383;2173;3210
4475;Totaal;Amerika;26 jaar;2014;5994;2436;3558
4476;Totaal;Amerika;26 jaar;2015;5082;1955;3127
4477;Totaal;Amerika;26 jaar;2016;6091;2344;3747
4478;Totaal;Amerika;26 jaar;2017;7713;2910;4803
4479;Totaal;Amerika;26 jaar;2018;7401;2915;4486
4480;Totaal;Amerika;27 jaar;2003;25088;11353;13735
4481;Totaal;Amerika;27 jaar;2004;5436;2294;3142
4482;Totaal;Amerika;27 jaar;2005;4362;1886;2476
4483;Totaal;Amerika;27 jaar;2006;6202;2817;3385
4484;Totaal;Amerika;27 jaar;2007;13545;6305;7240
4485;Totaal;Amerika;27 jaar;2008;13695;5898;7797
4486;Totaal;Amerika;27 jaar;2009;4065;1522;2543
4487;Totaal;Amerika;27 jaar;2010;3290;1232;2058
4488;Totaal;Amerika;27 jaar;2011;3698;1454;2244
4489;Totaal;Amerika;27 jaar;2012;3099;1174;1925
4490;Totaal;Amerika;27 jaar;2013;4795;2012;2783
4491;Totaal;Amerika;27 jaar;2014;5286;2123;3163
4492;Totaal;Amerika;27 jaar;2015;5886;2384;3502
4493;Totaal;Amerika;27 jaar;2016;5000;1913;3087
4494;Totaal;Amerika;27 jaar;2017;6009;2308;3701
4495;Totaal;Amerika;27 jaar;2018;7604;2856;4748
4496;Totaal;Amerika;28 jaar;2003;11684;5269;6415
4497;Totaal;Amerika;28 jaar;2004;24731;11116;13615
4498;Totaal;Amerika;28 jaar;2005;5347;2235;3112
4499;Totaal;Amerika;28 jaar;2006;4279;1839;2440
4500;Totaal;Amerika;28 jaar;2007;6093;2755;3338
4501;Totaal;Amerika;28 jaar;2008;13346;6175;7171
4502;Totaal;Amerika;28 jaar;2009;13481;5774;7707
4503;Totaal;Amerika;28 jaar;2010;4014;1492;2522
4504;Totaal;Amerika;28 jaar;2011;3236;1206;2030
4505;Totaal;Amerika;28 jaar;2012;3647;1429;2218
4506;Totaal;Amerika;28 jaar;2013;3054;1152;1902
4507;Totaal;Amerika;28 jaar;2014;4717;1970;2747
4508;Totaal;Amerika;28 jaar;2015;5198;2082;3116
4509;Totaal;Amerika;28 jaar;2016;5779;2330;3449
4510;Totaal;Amerika;28 jaar;2017;4914;1883;3031
4511;Totaal;Amerika;28 jaar;2018;5915;2263;3652
4512;Totaal;Amerika;29 jaar;2003;6943;3073;3870
4513;Totaal;Amerika;29 jaar;2004;11506;5146;6360
4514;Totaal;Amerika;29 jaar;2005;24374;10898;13476
4515;Totaal;Amerika;29 jaar;2006;5250;2168;3082
4516;Totaal;Amerika;29 jaar;2007;4195;1794;2401
4517;Totaal;Amerika;29 jaar;2008;5990;2692;3298
4518;Totaal;Amerika;29 jaar;2009;13166;6063;7103
4519;Totaal;Amerika;29 jaar;2010;13320;5681;7639
4520;Totaal;Amerika;29 jaar;2011;3968;1469;2499
4521;Totaal;Amerika;29 jaar;2012;3190;1183;2007
4522;Totaal;Amerika;29 jaar;2013;3589;1395;2194
4523;Totaal;Amerika;29 jaar;2014;3008;1134;1874
4524;Totaal;Amerika;29 jaar;2015;4641;1926;2715
4525;Totaal;Amerika;29 jaar;2016;5123;2046;3077
4526;Totaal;Amerika;29 jaar;2017;5686;2286;3400
4527;Totaal;Amerika;29 jaar;2018;4843;1837;3006
4528;Totaal;Amerika;30 jaar;2003;5230;2295;2935
4529;Totaal;Amerika;30 jaar;2004;6835;2999;3836
4530;Totaal;Amerika;30 jaar;2005;11345;5039;6306
4531;Totaal;Amerika;30 jaar;2006;24001;10669;13332
4532;Totaal;Amerika;30 jaar;2007;5171;2122;3049
4533;Totaal;Amerika;30 jaar;2008;4133;1755;2378
4534;Totaal;Amerika;30 jaar;2009;5891;2635;3256
4535;Totaal;Amerika;30 jaar;2010;13034;5971;7063
4536;Totaal;Amerika;30 jaar;2011;13153;5594;7559
4537;Totaal;Amerika;30 jaar;2012;3932;1448;2484
4538;Totaal;Amerika;30 jaar;2013;3138;1152;1986
4539;Totaal;Amerika;30 jaar;2014;3543;1368;2175
4540;Totaal;Amerika;30 jaar;2015;2972;1115;1857
4541;Totaal;Amerika;30 jaar;2016;4564;1885;2679
4542;Totaal;Amerika;30 jaar;2017;5054;2017;3037
4543;Totaal;Amerika;30 jaar;2018;5603;2251;3352
4544;Totaal;Amerika;31 jaar;2003;5557;2458;3099
4545;Totaal;Amerika;31 jaar;2004;5151;2254;2897
4546;Totaal;Amerika;31 jaar;2005;6720;2933;3787
4547;Totaal;Amerika;31 jaar;2006;11181;4937;6244
4548;Totaal;Amerika;31 jaar;2007;23567;10410;13157
4549;Totaal;Amerika;31 jaar;2008;5095;2077;3018
4550;Totaal;Amerika;31 jaar;2009;4071;1726;2345
4551;Totaal;Amerika;31 jaar;2010;5806;2579;3227
4552;Totaal;Amerika;31 jaar;2011;12888;5880;7008
4553;Totaal;Amerika;31 jaar;2012;12983;5492;7491
4554;Totaal;Amerika;31 jaar;2013;3883;1424;2459
4555;Totaal;Amerika;31 jaar;2014;3080;1121;1959
4556;Totaal;Amerika;31 jaar;2015;3499;1348;2151
4557;Totaal;Amerika;31 jaar;2016;2934;1098;1836
4558;Totaal;Amerika;31 jaar;2017;4503;1856;2647
4559;Totaal;Amerika;31 jaar;2018;4982;1988;2994
4560;Totaal;Amerika;32 jaar;2003;4449;2056;2393
4561;Totaal;Amerika;32 jaar;2004;5479;2412;3067
4562;Totaal;Amerika;32 jaar;2005;5076;2210;2866
4563;Totaal;Amerika;32 jaar;2006;6613;2872;3741
4564;Totaal;Amerika;32 jaar;2007;10976;4817;6159
4565;Totaal;Amerika;32 jaar;2008;23253;10216;13037
4566;Totaal;Amerika;32 jaar;2009;5029;2036;2993
4567;Totaal;Amerika;32 jaar;2010;4023;1701;2322
4568;Totaal;Amerika;32 jaar;2011;5750;2547;3203
4569;Totaal;Amerika;32 jaar;2012;12760;5808;6952
4570;Totaal;Amerika;32 jaar;2013;12826;5414;7412
4571;Totaal;Amerika;32 jaar;2014;3837;1397;2440
4572;Totaal;Amerika;32 jaar;2015;3039;1102;1937
4573;Totaal;Amerika;32 jaar;2016;3449;1323;2126
4574;Totaal;Amerika;32 jaar;2017;2893;1082;1811
4575;Totaal;Amerika;32 jaar;2018;4437;1823;2614
4576;Totaal;Amerika;33 jaar;2003;3250;1486;1764
4577;Totaal;Amerika;33 jaar;2004;4399;2025;2374
4578;Totaal;Amerika;33 jaar;2005;5399;2360;3039
4579;Totaal;Amerika;33 jaar;2006;4992;2160;2832
4580;Totaal;Amerika;33 jaar;2007;6510;2803;3707
4581;Totaal;Amerika;33 jaar;2008;10767;4697;6070
4582;Totaal;Amerika;33 jaar;2009;22918;10013;12905
4583;Totaal;Amerika;33 jaar;2010;4970;2008;2962
4584;Totaal;Amerika;33 jaar;2011;3966;1669;2297
4585;Totaal;Amerika;33 jaar;2012;5666;2488;3178
4586;Totaal;Amerika;33 jaar;2013;12616;5724;6892
4587;Totaal;Amerika;33 jaar;2014;12670;5326;7344
4588;Totaal;Amerika;33 jaar;2015;3788;1376;2412
4589;Totaal;Amerika;33 jaar;2016;2983;1078;1905
4590;Totaal;Amerika;33 jaar;2017;3390;1297;2093
4591;Totaal;Amerika;33 jaar;2018;2845;1060;1785
4592;Totaal;Amerika;34 jaar;2003;2339;1009;1330
4593;Totaal;Amerika;34 jaar;2004;3206;1457;1749
4594;Totaal;Amerika;34 jaar;2005;4316;1976;2340
4595;Totaal;Amerika;34 jaar;2006;5296;2308;2988
4596;Totaal;Amerika;34 jaar;2007;4916;2114;2802
4597;Totaal;Amerika;34 jaar;2008;6409;2757;3652
4598;Totaal;Amerika;34 jaar;2009;10610;4615;5995
4599;Totaal;Amerika;34 jaar;2010;22647;9838;12809
4600;Totaal;Amerika;34 jaar;2011;4895;1966;2929
4601;Totaal;Amerika;34 jaar;2012;3896;1634;2262
4602;Totaal;Amerika;34 jaar;2013;5606;2455;3151
4603;Totaal;Amerika;34 jaar;2014;12437;5612;6825
4604;Totaal;Amerika;34 jaar;2015;12513;5249;7264
4605;Totaal;Amerika;34 jaar;2016;3724;1352;2372
4606;Totaal;Amerika;34 jaar;2017;2940;1060;1880
4607;Totaal;Amerika;34 jaar;2018;3351;1282;2069
4608;Totaal;Amerika;35 jaar;2003;1919;917;1002
4609;Totaal;Amerika;35 jaar;2004;2307;989;1318
4610;Totaal;Amerika;35 jaar;2005;3163;1436;1727
4611;Totaal;Amerika;35 jaar;2006;4243;1930;2313
4612;Totaal;Amerika;35 jaar;2007;5201;2256;2945
4613;Totaal;Amerika;35 jaar;2008;4850;2081;2769
4614;Totaal;Amerika;35 jaar;2009;6302;2691;3611
4615;Totaal;Amerika;35 jaar;2010;10477;4536;5941
4616;Totaal;Amerika;35 jaar;2011;22332;9647;12685
4617;Totaal;Amerika;35 jaar;2012;4849;1944;2905
4618;Totaal;Amerika;35 jaar;2013;3834;1602;2232
4619;Totaal;Amerika;35 jaar;2014;5542;2420;3122
4620;Totaal;Amerika;35 jaar;2015;12270;5504;6766
4621;Totaal;Amerika;35 jaar;2016;12366;5183;7183
4622;Totaal;Amerika;35 jaar;2017;3679;1331;2348
4623;Totaal;Amerika;35 jaar;2018;2905;1047;1858
4624;Totaal;Amerika;36 jaar;2003;2065;994;1071
4625;Totaal;Amerika;36 jaar;2004;1890;901;989
4626;Totaal;Amerika;36 jaar;2005;2272;971;1301
4627;Totaal;Amerika;36 jaar;2006;3110;1404;1706
4628;Totaal;Amerika;36 jaar;2007;4164;1886;2278
4629;Totaal;Amerika;36 jaar;2008;5126;2211;2915
4630;Totaal;Amerika;36 jaar;2009;4776;2037;2739
4631;Totaal;Amerika;36 jaar;2010;6215;2641;3574
4632;Totaal;Amerika;36 jaar;2011;10345;4461;5884
4633;Totaal;Amerika;36 jaar;2012;22063;9513;12550
4634;Totaal;Amerika;36 jaar;2013;4776;1907;2869
4635;Totaal;Amerika;36 jaar;2014;3793;1582;2211
4636;Totaal;Amerika;36 jaar;2015;5463;2375;3088
4637;Totaal;Amerika;36 jaar;2016;12089;5412;6677
4638;Totaal;Amerika;36 jaar;2017;12211;5103;7108
4639;Totaal;Amerika;36 jaar;2018;3638;1313;2325
4640;Totaal;Amerika;37 jaar;2003;1771;940;831
4641;Totaal;Amerika;37 jaar;2004;2028;971;1057
4642;Totaal;Amerika;37 jaar;2005;1861;881;980
4643;Totaal;Amerika;37 jaar;2006;2239;959;1280
4644;Totaal;Amerika;37 jaar;2007;3057;1362;1695
4645;Totaal;Amerika;37 jaar;2008;4091;1844;2247
4646;Totaal;Amerika;37 jaar;2009;5047;2176;2871
4647;Totaal;Amerika;37 jaar;2010;4711;2004;2707
4648;Totaal;Amerika;37 jaar;2011;6116;2581;3535
4649;Totaal;Amerika;37 jaar;2012;10216;4393;5823
4650;Totaal;Amerika;37 jaar;2013;21786;9348;12438
4651;Totaal;Amerika;37 jaar;2014;4722;1881;2841
4652;Totaal;Amerika;37 jaar;2015;3742;1559;2183
4653;Totaal;Amerika;37 jaar;2016;5390;2340;3050
4654;Totaal;Amerika;37 jaar;2017;11931;5309;6622
4655;Totaal;Amerika;37 jaar;2018;12080;5028;7052
4656;Totaal;Amerika;38 jaar;2003;1215;633;582
4657;Totaal;Amerika;38 jaar;2004;1738;921;817
4658;Totaal;Amerika;38 jaar;2005;1987;951;1036
4659;Totaal;Amerika;38 jaar;2006;1829;867;962
4660;Totaal;Amerika;38 jaar;2007;2203;941;1262
4661;Totaal;Amerika;38 jaar;2008;3000;1330;1670
4662;Totaal;Amerika;38 jaar;2009;4028;1809;2219
4663;Totaal;Amerika;38 jaar;2010;4979;2134;2845
4664;Totaal;Amerika;38 jaar;2011;4654;1971;2683
4665;Totaal;Amerika;38 jaar;2012;6039;2542;3497
4666;Totaal;Amerika;38 jaar;2013;10083;4323;5760
4667;Totaal;Amerika;38 jaar;2014;21509;9206;12303
4668;Totaal;Amerika;38 jaar;2015;4665;1856;2809
4669;Totaal;Amerika;38 jaar;2016;3691;1533;2158
4670;Totaal;Amerika;38 jaar;2017;5315;2301;3014
4671;Totaal;Amerika;38 jaar;2018;11771;5206;6565
4672;Totaal;Amerika;39 jaar;2003;1125;562;563
4673;Totaal;Amerika;39 jaar;2004;1201;627;574
4674;Totaal;Amerika;39 jaar;2005;1707;900;807
4675;Totaal;Amerika;39 jaar;2006;1963;934;1029
4676;Totaal;Amerika;39 jaar;2007;1800;856;944
4677;Totaal;Amerika;39 jaar;2008;2167;921;1246
4678;Totaal;Amerika;39 jaar;2009;2937;1292;1645
4679;Totaal;Amerika;39 jaar;2010;3978;1786;2192
4680;Totaal;Amerika;39 jaar;2011;4900;2088;2812
4681;Totaal;Amerika;39 jaar;2012;4581;1940;2641
4682;Totaal;Amerika;39 jaar;2013;5954;2507;3447
4683;Totaal;Amerika;39 jaar;2014;9951;4254;5697
4684;Totaal;Amerika;39 jaar;2015;21219;9055;12164
4685;Totaal;Amerika;39 jaar;2016;4597;1823;2774
4686;Totaal;Amerika;39 jaar;2017;3648;1513;2135
4687;Totaal;Amerika;39 jaar;2018;5242;2251;2991
4688;Totaal;Amerika;40 jaar;2003;829;446;383
4689;Totaal;Amerika;40 jaar;2004;1098;546;552
4690;Totaal;Amerika;40 jaar;2005;1186;621;565
4691;Totaal;Amerika;40 jaar;2006;1678;878;800
4692;Totaal;Amerika;40 jaar;2007;1932;917;1015
4693;Totaal;Amerika;40 jaar;2008;1769;839;930
4694;Totaal;Amerika;40 jaar;2009;2133;905;1228
4695;Totaal;Amerika;40 jaar;2010;2899;1274;1625
4696;Totaal;Amerika;40 jaar;2011;3910;1754;2156
4697;Totaal;Amerika;40 jaar;2012;4819;2040;2779
4698;Totaal;Amerika;40 jaar;2013;4516;1907;2609
4699;Totaal;Amerika;40 jaar;2014;5876;2464;3412
4700;Totaal;Amerika;40 jaar;2015;9809;4182;5627
4701;Totaal;Amerika;40 jaar;2016;20940;8914;12026
4702;Totaal;Amerika;40 jaar;2017;4537;1799;2738
4703;Totaal;Amerika;40 jaar;2018;3605;1494;2111
4704;Totaal;Amerika;41 jaar;2003;596;279;317
4705;Totaal;Amerika;41 jaar;2004;812;435;377
4706;Totaal;Amerika;41 jaar;2005;1085;539;546
4707;Totaal;Amerika;41 jaar;2006;1172;612;560
4708;Totaal;Amerika;41 jaar;2007;1645;858;787
4709;Totaal;Amerika;41 jaar;2008;1908;905;1003
4710;Totaal;Amerika;41 jaar;2009;1744;826;918
4711;Totaal;Amerika;41 jaar;2010;2111;893;1218
4712;Totaal;Amerika;41 jaar;2011;2859;1249;1610
4713;Totaal;Amerika;41 jaar;2012;3847;1720;2127
4714;Totaal;Amerika;41 jaar;2013;4750;2001;2749
4715;Totaal;Amerika;41 jaar;2014;4450;1872;2578
4716;Totaal;Amerika;41 jaar;2015;5795;2424;3371
4717;Totaal;Amerika;41 jaar;2016;9648;4097;5551
4718;Totaal;Amerika;41 jaar;2017;20640;8766;11874
4719;Totaal;Amerika;41 jaar;2018;4491;1778;2713
4720;Totaal;Amerika;42 jaar;2003;485;233;252
4721;Totaal;Amerika;42 jaar;2004;590;279;311
4722;Totaal;Amerika;42 jaar;2005;793;423;370
4723;Totaal;Amerika;42 jaar;2006;1067;528;539
4724;Totaal;Amerika;42 jaar;2007;1158;601;557
4725;Totaal;Amerika;42 jaar;2008;1614;837;777
4726;Totaal;Amerika;42 jaar;2009;1862;879;983
4727;Totaal;Amerika;42 jaar;2010;1713;804;909
4728;Totaal;Amerika;42 jaar;2011;2073;871;1202
4729;Totaal;Amerika;42 jaar;2012;2811;1228;1583
4730;Totaal;Amerika;42 jaar;2013;3791;1684;2107
4731;Totaal;Amerika;42 jaar;2014;4674;1969;2705
4732;Totaal;Amerika;42 jaar;2015;4386;1831;2555
4733;Totaal;Amerika;42 jaar;2016;5709;2388;3321
4734;Totaal;Amerika;42 jaar;2017;9502;4017;5485
4735;Totaal;Amerika;42 jaar;2018;20382;8645;11737
4736;Totaal;Amerika;43 jaar;2003;289;137;152
4737;Totaal;Amerika;43 jaar;2004;477;227;250
4738;Totaal;Amerika;43 jaar;2005;581;274;307
4739;Totaal;Amerika;43 jaar;2006;777;413;364
4740;Totaal;Amerika;43 jaar;2007;1047;516;531
4741;Totaal;Amerika;43 jaar;2008;1137;588;549
4742;Totaal;Amerika;43 jaar;2009;1587;824;763
4743;Totaal;Amerika;43 jaar;2010;1835;863;972
4744;Totaal;Amerika;43 jaar;2011;1688;790;898
4745;Totaal;Amerika;43 jaar;2012;2047;858;1189
4746;Totaal;Amerika;43 jaar;2013;2765;1202;1563
4747;Totaal;Amerika;43 jaar;2014;3725;1647;2078
4748;Totaal;Amerika;43 jaar;2015;4597;1935;2662
4749;Totaal;Amerika;43 jaar;2016;4324;1798;2526
4750;Totaal;Amerika;43 jaar;2017;5636;2348;3288
4751;Totaal;Amerika;43 jaar;2018;9374;3953;5421
4752;Totaal;Amerika;44 jaar;2003;351;195;156
4753;Totaal;Amerika;44 jaar;2004;283;135;148
4754;Totaal;Amerika;44 jaar;2005;467;223;244
4755;Totaal;Amerika;44 jaar;2006;571;268;303
4756;Totaal;Amerika;44 jaar;2007;761;401;360
4757;Totaal;Amerika;44 jaar;2008;1029;507;522
4758;Totaal;Amerika;44 jaar;2009;1119;576;543
4759;Totaal;Amerika;44 jaar;2010;1566;808;758
4760;Totaal;Amerika;44 jaar;2011;1806;847;959
4761;Totaal;Amerika;44 jaar;2012;1656;775;881
4762;Totaal;Amerika;44 jaar;2013;2008;843;1165
4763;Totaal;Amerika;44 jaar;2014;2718;1178;1540
4764;Totaal;Amerika;44 jaar;2015;3654;1606;2048
4765;Totaal;Amerika;44 jaar;2016;4522;1895;2627
4766;Totaal;Amerika;44 jaar;2017;4249;1758;2491
4767;Totaal;Amerika;44 jaar;2018;5555;2298;3257
4768;Totaal;Amerika;45 jaar;2003;374;208;166
4769;Totaal;Amerika;45 jaar;2004;338;185;153
4770;Totaal;Amerika;45 jaar;2005;276;130;146
4771;Totaal;Amerika;45 jaar;2006;462;221;241
4772;Totaal;Amerika;45 jaar;2007;557;261;296
4773;Totaal;Amerika;45 jaar;2008;747;393;354
4774;Totaal;Amerika;45 jaar;2009;1009;496;513
4775;Totaal;Amerika;45 jaar;2010;1102;562;540
4776;Totaal;Amerika;45 jaar;2011;1542;792;750
4777;Totaal;Amerika;45 jaar;2012;1772;828;944
4778;Totaal;Amerika;45 jaar;2013;1624;752;872
4779;Totaal;Amerika;45 jaar;2014;1988;833;1155
4780;Totaal;Amerika;45 jaar;2015;2677;1159;1518
4781;Totaal;Amerika;45 jaar;2016;3592;1571;2021
4782;Totaal;Amerika;45 jaar;2017;4465;1867;2598
4783;Totaal;Amerika;45 jaar;2018;4176;1725;2451
4784;Totaal;Amerika;46 jaar;2003;321;168;153
4785;Totaal;Amerika;46 jaar;2004;370;206;164
4786;Totaal;Amerika;46 jaar;2005;327;180;147
4787;Totaal;Amerika;46 jaar;2006;267;124;143
4788;Totaal;Amerika;46 jaar;2007;452;215;237
4789;Totaal;Amerika;46 jaar;2008;543;254;289
4790;Totaal;Amerika;46 jaar;2009;734;384;350
4791;Totaal;Amerika;46 jaar;2010;998;487;511
4792;Totaal;Amerika;46 jaar;2011;1081;554;527
4793;Totaal;Amerika;46 jaar;2012;1516;779;737
4794;Totaal;Amerika;46 jaar;2013;1737;810;927
4795;Totaal;Amerika;46 jaar;2014;1597;741;856
4796;Totaal;Amerika;46 jaar;2015;1957;816;1141
4797;Totaal;Amerika;46 jaar;2016;2629;1135;1494
4798;Totaal;Amerika;46 jaar;2017;3519;1526;1993
4799;Totaal;Amerika;46 jaar;2018;4378;1822;2556
4800;Totaal;Amerika;47 jaar;2003;199;99;100
4801;Totaal;Amerika;47 jaar;2004;316;168;148
4802;Totaal;Amerika;47 jaar;2005;366;205;161
4803;Totaal;Amerika;47 jaar;2006;323;177;146
4804;Totaal;Amerika;47 jaar;2007;262;123;139
4805;Totaal;Amerika;47 jaar;2008;440;205;235
4806;Totaal;Amerika;47 jaar;2009;540;253;287
4807;Totaal;Amerika;47 jaar;2010;721;379;342
4808;Totaal;Amerika;47 jaar;2011;985;481;504
4809;Totaal;Amerika;47 jaar;2012;1053;537;516
4810;Totaal;Amerika;47 jaar;2013;1498;768;730
4811;Totaal;Amerika;47 jaar;2014;1717;798;919
4812;Totaal;Amerika;47 jaar;2015;1573;730;843
4813;Totaal;Amerika;47 jaar;2016;1921;798;1123
4814;Totaal;Amerika;47 jaar;2017;2585;1110;1475
4815;Totaal;Amerika;47 jaar;2018;3470;1497;1973
4816;Totaal;Amerika;48 jaar;2003;234;110;124
4817;Totaal;Amerika;48 jaar;2004;197;97;100
4818;Totaal;Amerika;48 jaar;2005;311;165;146
4819;Totaal;Amerika;48 jaar;2006;357;199;158
4820;Totaal;Amerika;48 jaar;2007;315;173;142
4821;Totaal;Amerika;48 jaar;2008;257;119;138
4822;Totaal;Amerika;48 jaar;2009;431;198;233
4823;Totaal;Amerika;48 jaar;2010;532;248;284
4824;Totaal;Amerika;48 jaar;2011;710;372;338
4825;Totaal;Amerika;48 jaar;2012;964;470;494
4826;Totaal;Amerika;48 jaar;2013;1033;524;509
4827;Totaal;Amerika;48 jaar;2014;1469;752;717
4828;Totaal;Amerika;48 jaar;2015;1681;778;903
4829;Totaal;Amerika;48 jaar;2016;1540;714;826
4830;Totaal;Amerika;48 jaar;2017;1878;775;1103
4831;Totaal;Amerika;48 jaar;2018;2541;1086;1455
4832;Totaal;Amerika;49 jaar;2003;151;80;71
4833;Totaal;Amerika;49 jaar;2004;228;105;123
4834;Totaal;Amerika;49 jaar;2005;193;94;99
4835;Totaal;Amerika;49 jaar;2006;305;163;142
4836;Totaal;Amerika;49 jaar;2007;354;197;157
4837;Totaal;Amerika;49 jaar;2008;306;167;139
4838;Totaal;Amerika;49 jaar;2009;253;116;137
4839;Totaal;Amerika;49 jaar;2010;429;196;233
4840;Totaal;Amerika;49 jaar;2011;524;243;281
4841;Totaal;Amerika;49 jaar;2012;700;367;333
4842;Totaal;Amerika;49 jaar;2013;935;454;481
4843;Totaal;Amerika;49 jaar;2014;1002;506;496
4844;Totaal;Amerika;49 jaar;2015;1443;735;708
4845;Totaal;Amerika;49 jaar;2016;1640;750;890
4846;Totaal;Amerika;49 jaar;2017;1504;699;805
4847;Totaal;Amerika;49 jaar;2018;1849;766;1083
4848;Totaal;Amerika;50 jaar;2003;100;52;48
4849;Totaal;Amerika;50 jaar;2004;149;79;70
4850;Totaal;Amerika;50 jaar;2005;221;100;121
4851;Totaal;Amerika;50 jaar;2006;188;91;97
4852;Totaal;Amerika;50 jaar;2007;297;157;140
4853;Totaal;Amerika;50 jaar;2008;348;192;156
4854;Totaal;Amerika;50 jaar;2009;297;162;135
4855;Totaal;Amerika;50 jaar;2010;253;115;138
4856;Totaal;Amerika;50 jaar;2011;417;188;229
4857;Totaal;Amerika;50 jaar;2012;512;237;275
4858;Totaal;Amerika;50 jaar;2013;687;360;327
4859;Totaal;Amerika;50 jaar;2014;913;442;471
4860;Totaal;Amerika;50 jaar;2015;983;494;489
4861;Totaal;Amerika;50 jaar;2016;1418;721;697
4862;Totaal;Amerika;50 jaar;2017;1607;736;871
4863;Totaal;Amerika;50 jaar;2018;1470;684;786
4864;Totaal;Amerika;51 jaar;2003;76;33;43
4865;Totaal;Amerika;51 jaar;2004;98;52;46
4866;Totaal;Amerika;51 jaar;2005;142;73;69
4867;Totaal;Amerika;51 jaar;2006;213;95;118
4868;Totaal;Amerika;51 jaar;2007;183;87;96
4869;Totaal;Amerika;51 jaar;2008;294;156;138
4870;Totaal;Amerika;51 jaar;2009;339;185;154
4871;Totaal;Amerika;51 jaar;2010;289;159;130
4872;Totaal;Amerika;51 jaar;2011;249;113;136
4873;Totaal;Amerika;51 jaar;2012;411;184;227
4874;Totaal;Amerika;51 jaar;2013;501;232;269
4875;Totaal;Amerika;51 jaar;2014;668;348;320
4876;Totaal;Amerika;51 jaar;2015;892;429;463
4877;Totaal;Amerika;51 jaar;2016;956;478;478
4878;Totaal;Amerika;51 jaar;2017;1390;705;685
4879;Totaal;Amerika;51 jaar;2018;1567;715;852
4880;Totaal;Amerika;52 jaar;2003;127;50;77
4881;Totaal;Amerika;52 jaar;2004;68;29;39
4882;Totaal;Amerika;52 jaar;2005;97;52;45
4883;Totaal;Amerika;52 jaar;2006;137;70;67
4884;Totaal;Amerika;52 jaar;2007;207;93;114
4885;Totaal;Amerika;52 jaar;2008;179;84;95
4886;Totaal;Amerika;52 jaar;2009;284;149;135
4887;Totaal;Amerika;52 jaar;2010;334;184;150
4888;Totaal;Amerika;52 jaar;2011;282;155;127
4889;Totaal;Amerika;52 jaar;2012;243;108;135
4890;Totaal;Amerika;52 jaar;2013;404;180;224
4891;Totaal;Amerika;52 jaar;2014;494;225;269
4892;Totaal;Amerika;52 jaar;2015;653;340;313
4893;Totaal;Amerika;52 jaar;2016;871;417;454
4894;Totaal;Amerika;52 jaar;2017;934;464;470
4895;Totaal;Amerika;52 jaar;2018;1365;689;676
4896;Totaal;Amerika;53 jaar;2003;102;49;53
4897;Totaal;Amerika;53 jaar;2004;123;48;75
4898;Totaal;Amerika;53 jaar;2005;61;28;33
4899;Totaal;Amerika;53 jaar;2006;95;52;43
4900;Totaal;Amerika;53 jaar;2007;133;68;65
4901;Totaal;Amerika;53 jaar;2008;200;87;113
4902;Totaal;Amerika;53 jaar;2009;172;80;92
4903;Totaal;Amerika;53 jaar;2010;282;146;136
4904;Totaal;Amerika;53 jaar;2011;323;174;149
4905;Totaal;Amerika;53 jaar;2012;276;152;124
4906;Totaal;Amerika;53 jaar;2013;241;107;134
4907;Totaal;Amerika;53 jaar;2014;393;173;220
4908;Totaal;Amerika;53 jaar;2015;481;222;259
4909;Totaal;Amerika;53 jaar;2016;632;331;301
4910;Totaal;Amerika;53 jaar;2017;856;411;445
4911;Totaal;Amerika;53 jaar;2018;906;449;457
4912;Totaal;Amerika;54 jaar;2003;106;46;60
4913;Totaal;Amerika;54 jaar;2004;102;49;53
4914;Totaal;Amerika;54 jaar;2005;117;46;71
4915;Totaal;Amerika;54 jaar;2006;60;28;32
4916;Totaal;Amerika;54 jaar;2007;90;48;42
4917;Totaal;Amerika;54 jaar;2008;131;67;64
4918;Totaal;Amerika;54 jaar;2009;195;84;111
4919;Totaal;Amerika;54 jaar;2010;170;77;93
4920;Totaal;Amerika;54 jaar;2011;278;142;136
4921;Totaal;Amerika;54 jaar;2012;313;168;145
4922;Totaal;Amerika;54 jaar;2013;264;145;119
4923;Totaal;Amerika;54 jaar;2014;234;105;129
4924;Totaal;Amerika;54 jaar;2015;382;168;214
4925;Totaal;Amerika;54 jaar;2016;471;218;253
4926;Totaal;Amerika;54 jaar;2017;614;320;294
4927;Totaal;Amerika;54 jaar;2018;835;399;436
4928;Totaal;Amerika;55 jaar;2003;82;47;35
4929;Totaal;Amerika;55 jaar;2004;102;45;57
4930;Totaal;Amerika;55 jaar;2005;97;47;50
4931;Totaal;Amerika;55 jaar;2006;113;44;69
4932;Totaal;Amerika;55 jaar;2007;55;25;30
4933;Totaal;Amerika;55 jaar;2008;86;47;39
4934;Totaal;Amerika;55 jaar;2009;129;66;63
4935;Totaal;Amerika;55 jaar;2010;189;81;108
4936;Totaal;Amerika;55 jaar;2011;169;78;91
4937;Totaal;Amerika;55 jaar;2012;267;135;132
4938;Totaal;Amerika;55 jaar;2013;307;164;143
4939;Totaal;Amerika;55 jaar;2014;258;140;118
4940;Totaal;Amerika;55 jaar;2015;228;102;126
4941;Totaal;Amerika;55 jaar;2016;369;163;206
4942;Totaal;Amerika;55 jaar;2017;454;210;244
4943;Totaal;Amerika;55 jaar;2018;597;309;288
4944;Totaal;Amerika;56 jaar;2003;105;49;56
4945;Totaal;Amerika;56 jaar;2004;77;43;34
4946;Totaal;Amerika;56 jaar;2005;99;42;57
4947;Totaal;Amerika;56 jaar;2006;94;43;51
4948;Totaal;Amerika;56 jaar;2007;104;41;63
4949;Totaal;Amerika;56 jaar;2008;53;24;29
4950;Totaal;Amerika;56 jaar;2009;84;46;38
4951;Totaal;Amerika;56 jaar;2010;126;65;61
4952;Totaal;Amerika;56 jaar;2011;183;78;105
4953;Totaal;Amerika;56 jaar;2012;161;74;87
4954;Totaal;Amerika;56 jaar;2013;261;131;130
4955;Totaal;Amerika;56 jaar;2014;296;157;139
4956;Totaal;Amerika;56 jaar;2015;253;135;118
4957;Totaal;Amerika;56 jaar;2016;221;99;122
4958;Totaal;Amerika;56 jaar;2017;360;159;201
4959;Totaal;Amerika;56 jaar;2018;449;208;241
4960;Totaal;Amerika;57 jaar;2003;11;5;6
4961;Totaal;Amerika;57 jaar;2004;104;48;56
4962;Totaal;Amerika;57 jaar;2005;76;42;34
4963;Totaal;Amerika;57 jaar;2006;95;40;55
4964;Totaal;Amerika;57 jaar;2007;92;41;51
4965;Totaal;Amerika;57 jaar;2008;100;39;61
4966;Totaal;Amerika;57 jaar;2009;52;23;29
4967;Totaal;Amerika;57 jaar;2010;85;45;40
4968;Totaal;Amerika;57 jaar;2011;125;64;61
4969;Totaal;Amerika;57 jaar;2012;176;73;103
4970;Totaal;Amerika;57 jaar;2013;158;74;84
4971;Totaal;Amerika;57 jaar;2014;250;124;126
4972;Totaal;Amerika;57 jaar;2015;285;148;137
4973;Totaal;Amerika;57 jaar;2016;243;129;114
4974;Totaal;Amerika;57 jaar;2017;215;96;119
4975;Totaal;Amerika;57 jaar;2018;354;154;200
4976;Totaal;Amerika;58 jaar;2003;0;0;0
4977;Totaal;Amerika;58 jaar;2004;11;5;6
4978;Totaal;Amerika;58 jaar;2005;101;47;54
4979;Totaal;Amerika;58 jaar;2006;69;38;31
4980;Totaal;Amerika;58 jaar;2007;91;37;54
4981;Totaal;Amerika;58 jaar;2008;87;38;49
4982;Totaal;Amerika;58 jaar;2009;98;38;60
4983;Totaal;Amerika;58 jaar;2010;49;23;26
4984;Totaal;Amerika;58 jaar;2011;82;43;39
4985;Totaal;Amerika;58 jaar;2012;124;63;61
4986;Totaal;Amerika;58 jaar;2013;175;73;102
4987;Totaal;Amerika;58 jaar;2014;155;75;80
4988;Totaal;Amerika;58 jaar;2015;240;121;119
4989;Totaal;Amerika;58 jaar;2016;269;139;130
4990;Totaal;Amerika;58 jaar;2017;235;126;109
4991;Totaal;Amerika;58 jaar;2018;209;92;117
4992;Totaal;Amerika;59 jaar;2003;0;0;0
4993;Totaal;Amerika;59 jaar;2004;0;0;0
4994;Totaal;Amerika;59 jaar;2005;11;5;6
4995;Totaal;Amerika;59 jaar;2006;95;45;50
4996;Totaal;Amerika;59 jaar;2007;65;36;29
4997;Totaal;Amerika;59 jaar;2008;90;35;55
4998;Totaal;Amerika;59 jaar;2009;86;37;49
4999;Totaal;Amerika;59 jaar;2010;96;37;59
5000;Totaal;Amerika;59 jaar;2011;49;23;26
5001;Totaal;Amerika;59 jaar;2012;77;40;37
5002;Totaal;Amerika;59 jaar;2013;119;60;59
5003;Totaal;Amerika;59 jaar;2014;174;73;101
5004;Totaal;Amerika;59 jaar;2015;149;70;79
5005;Totaal;Amerika;59 jaar;2016;231;115;116
5006;Totaal;Amerika;59 jaar;2017;255;126;129
5007;Totaal;Amerika;59 jaar;2018;226;119;107
5008;Totaal;Amerika;60 jaar of meer;2003;180;71;109
5009;Totaal;Amerika;60 jaar of meer;2004;172;67;105
5010;Totaal;Amerika;60 jaar of meer;2005;156;57;99
5011;Totaal;Amerika;60 jaar of meer;2006;153;56;97
5012;Totaal;Amerika;60 jaar of meer;2007;229;92;137
5013;Totaal;Amerika;60 jaar of meer;2008;278;122;156
5014;Totaal;Amerika;60 jaar of meer;2009;343;150;193
5015;Totaal;Amerika;60 jaar of meer;2010;413;183;230
5016;Totaal;Amerika;60 jaar of meer;2011;475;206;269
5017;Totaal;Amerika;60 jaar of meer;2012;496;212;284
5018;Totaal;Amerika;60 jaar of meer;2013;552;240;312
5019;Totaal;Amerika;60 jaar of meer;2014;634;285;349
5020;Totaal;Amerika;60 jaar of meer;2015;774;338;436
5021;Totaal;Amerika;60 jaar of meer;2016;885;391;494
5022;Totaal;Amerika;60 jaar of meer;2017;1071;487;584
5023;Totaal;Amerika;60 jaar of meer;2018;1258;580;678
5024;Totaal;Amerika;Onbekend;2003;1234;626;608
5025;Totaal;Amerika;Onbekend;2004;1021;506;515
5026;Totaal;Amerika;Onbekend;2005;910;461;449
5027;Totaal;Amerika;Onbekend;2006;822;405;417
5028;Totaal;Amerika;Onbekend;2007;814;406;408
5029;Totaal;Amerika;Onbekend;2008;648;309;339
5030;Totaal;Amerika;Onbekend;2009;519;238;281
5031;Totaal;Amerika;Onbekend;2010;272;120;152
5032;Totaal;Amerika;Onbekend;2011;236;107;129
5033;Totaal;Amerika;Onbekend;2012;222;103;119
5034;Totaal;Amerika;Onbekend;2013;194;88;106
5035;Totaal;Amerika;Onbekend;2014;186;83;103
5036;Totaal;Amerika;Onbekend;2015;180;81;99
5037;Totaal;Amerika;Onbekend;2016;175;79;96
5038;Totaal;Amerika;Onbekend;2017;163;73;90
5039;Totaal;Amerika;Onbekend;2018;156;73;83
5040;Totaal;Azië;Totaal;2003;351868;174752;177116
5041;Totaal;Azië;Totaal;2004;355973;175245;180728
5042;Totaal;Azië;Totaal;2005;356654;174001;182653
5043;Totaal;Azië;Totaal;2006;354844;171919;182925
5044;Totaal;Azië;Totaal;2007;352845;170188;182657
5045;Totaal;Azië;Totaal;2008;354337;171006;183331
5046;Totaal;Azië;Totaal;2009;361909;175503;186406
5047;Totaal;Azië;Totaal;2010;367702;178175;189527
5048;Totaal;Azië;Totaal;2011;371845;179238;192607
5049;Totaal;Azië;Totaal;2012;377169;181207;195962
5050;Totaal;Azië;Totaal;2013;380378;181916;198462
5051;Totaal;Azië;Totaal;2014;385531;184183;201348
5052;Totaal;Azië;Totaal;2015;398073;190540;207533
5053;Totaal;Azië;Totaal;2016;425006;205078;219928
5054;Totaal;Azië;Totaal;2017;466318;229123;237195
5055;Totaal;Azië;Totaal;2018;493814;241477;252337
5056;Totaal;Azië;Minder dan 1 jaar;2003;21249;10222;11027
5057;Totaal;Azië;Minder dan 1 jaar;2004;18800;8799;10001
5058;Totaal;Azië;Minder dan 1 jaar;2005;15713;7214;8499
5059;Totaal;Azië;Minder dan 1 jaar;2006;16079;7789;8290
5060;Totaal;Azië;Minder dan 1 jaar;2007;17302;8914;8388
5061;Totaal;Azië;Minder dan 1 jaar;2008;19371;10582;8789
5062;Totaal;Azië;Minder dan 1 jaar;2009;24940;14015;10925
5063;Totaal;Azië;Minder dan 1 jaar;2010;23831;12671;11160
5064;Totaal;Azië;Minder dan 1 jaar;2011;23474;11897;11577
5065;Totaal;Azië;Minder dan 1 jaar;2012;25312;13081;12231
5066;Totaal;Azië;Minder dan 1 jaar;2013;23820;12091;11729
5067;Totaal;Azië;Minder dan 1 jaar;2014;25936;13340;12596
5068;Totaal;Azië;Minder dan 1 jaar;2015;32574;17161;15413
5069;Totaal;Azië;Minder dan 1 jaar;2016;47702;25484;22218
5070;Totaal;Azië;Minder dan 1 jaar;2017;62524;35198;27326
5071;Totaal;Azië;Minder dan 1 jaar;2018;50441;24305;26136
5072;Totaal;Azië;1 jaar;2003;22825;11681;11144
5073;Totaal;Azië;1 jaar;2004;18855;8923;9932
5074;Totaal;Azië;1 jaar;2005;16705;7658;9047
5075;Totaal;Azië;1 jaar;2006;12986;5944;7042
5076;Totaal;Azië;1 jaar;2007;13097;6264;6833
5077;Totaal;Azië;1 jaar;2008;14077;7118;6959
5078;Totaal;Azië;1 jaar;2009;15818;8591;7227
5079;Totaal;Azië;1 jaar;2010;20310;11382;8928
5080;Totaal;Azië;1 jaar;2011;19266;10134;9132
5081;Totaal;Azië;1 jaar;2012;18812;9463;9349
5082;Totaal;Azië;1 jaar;2013;20173;10282;9891
5083;Totaal;Azië;1 jaar;2014;18922;9633;9289
5084;Totaal;Azië;1 jaar;2015;20848;10666;10182
5085;Totaal;Azië;1 jaar;2016;27219;14502;12717
5086;Totaal;Azië;1 jaar;2017;41726;22504;19222
5087;Totaal;Azië;1 jaar;2018;54978;31372;23606
5088;Totaal;Azië;2 jaar;2003;20481;10616;9865
5089;Totaal;Azië;2 jaar;2004;20213;10289;9924
5090;Totaal;Azië;2 jaar;2005;16525;7684;8841
5091;Totaal;Azië;2 jaar;2006;14229;6429;7800
5092;Totaal;Azië;2 jaar;2007;11096;4905;6191
5093;Totaal;Azië;2 jaar;2008;11092;5096;5996
5094;Totaal;Azië;2 jaar;2009;11967;5889;6078
5095;Totaal;Azië;2 jaar;2010;13473;7227;6246
5096;Totaal;Azië;2 jaar;2011;17182;9472;7710
5097;Totaal;Azië;2 jaar;2012;16069;8208;7861
5098;Totaal;Azië;2 jaar;2013;16016;7880;8136
5099;Totaal;Azië;2 jaar;2014;17045;8585;8460
5100;Totaal;Azië;2 jaar;2015;15980;8021;7959
5101;Totaal;Azië;2 jaar;2016;17813;9000;8813
5102;Totaal;Azië;2 jaar;2017;24156;12890;11266
5103;Totaal;Azië;2 jaar;2018;38171;20616;17555
5104;Totaal;Azië;3 jaar;2003;17040;8802;8238
5105;Totaal;Azië;3 jaar;2004;19047;9748;9299
5106;Totaal;Azië;3 jaar;2005;18445;9221;9224
5107;Totaal;Azië;3 jaar;2006;14645;6582;8063
5108;Totaal;Azië;3 jaar;2007;12424;5418;7006
5109;Totaal;Azië;3 jaar;2008;9758;4217;5541
5110;Totaal;Azië;3 jaar;2009;9776;4368;5408
5111;Totaal;Azië;3 jaar;2010;10543;5084;5459
5112;Totaal;Azië;3 jaar;2011;11791;6245;5546
5113;Totaal;Azië;3 jaar;2012;14958;8090;6868
5114;Totaal;Azië;3 jaar;2013;14103;7048;7055
5115;Totaal;Azië;3 jaar;2014;14166;6871;7295
5116;Totaal;Azië;3 jaar;2015;15207;7515;7692
5117;Totaal;Azië;3 jaar;2016;14169;7035;7134
5118;Totaal;Azië;3 jaar;2017;16045;8071;7974
5119;Totaal;Azië;3 jaar;2018;22229;11873;10356
5120;Totaal;Azië;4 jaar;2003;17950;9736;8214
5121;Totaal;Azië;4 jaar;2004;16093;8245;7848
5122;Totaal;Azië;4 jaar;2005;17883;9053;8830
5123;Totaal;Azië;4 jaar;2006;16867;8269;8598
5124;Totaal;Azië;4 jaar;2007;13020;5711;7309
5125;Totaal;Azië;4 jaar;2008;11147;4712;6435
5126;Totaal;Azië;4 jaar;2009;8876;3758;5118
5127;Totaal;Azië;4 jaar;2010;8806;3855;4951
5128;Totaal;Azië;4 jaar;2011;9473;4454;5019
5129;Totaal;Azië;4 jaar;2012;10554;5489;5065
5130;Totaal;Azië;4 jaar;2013;13394;7180;6214
5131;Totaal;Azië;4 jaar;2014;12656;6255;6401
5132;Totaal;Azië;4 jaar;2015;13003;6233;6770
5133;Totaal;Azië;4 jaar;2016;13931;6800;7131
5134;Totaal;Azië;4 jaar;2017;12879;6326;6553
5135;Totaal;Azië;4 jaar;2018;14671;7329;7342
5136;Totaal;Azië;5 jaar;2003;16389;8687;7702
5137;Totaal;Azië;5 jaar;2004;16912;8998;7914
5138;Totaal;Azië;5 jaar;2005;15249;7740;7509
5139;Totaal;Azië;5 jaar;2006;16789;8400;8389
5140;Totaal;Azië;5 jaar;2007;15373;7413;7960
5141;Totaal;Azië;5 jaar;2008;11927;5160;6767
5142;Totaal;Azië;5 jaar;2009;10277;4243;6034
5143;Totaal;Azië;5 jaar;2010;8132;3380;4752
5144;Totaal;Azië;5 jaar;2011;8031;3427;4604
5145;Totaal;Azië;5 jaar;2012;8650;3997;4653
5146;Totaal;Azië;5 jaar;2013;9571;4932;4639
5147;Totaal;Azië;5 jaar;2014;12307;6554;5753
5148;Totaal;Azië;5 jaar;2015;11681;5711;5970
5149;Totaal;Azië;5 jaar;2016;12067;5743;6324
5150;Totaal;Azië;5 jaar;2017;12891;6217;6674
5151;Totaal;Azië;5 jaar;2018;11987;5855;6132
5152;Totaal;Azië;6 jaar;2003;14720;7682;7038
5153;Totaal;Azië;6 jaar;2004;15677;8215;7462
5154;Totaal;Azië;6 jaar;2005;16139;8504;7635
5155;Totaal;Azië;6 jaar;2006;14412;7269;7143
5156;Totaal;Azië;6 jaar;2007;15661;7750;7911
5157;Totaal;Azië;6 jaar;2008;14438;6900;7538
5158;Totaal;Azië;6 jaar;2009;11145;4756;6389
5159;Totaal;Azië;6 jaar;2010;9683;3932;5751
5160;Totaal;Azië;6 jaar;2011;7551;3069;4482
5161;Totaal;Azië;6 jaar;2012;7480;3126;4354
5162;Totaal;Azië;6 jaar;2013;7988;3612;4376
5163;Totaal;Azië;6 jaar;2014;8785;4483;4302
5164;Totaal;Azië;6 jaar;2015;11539;6072;5467
5165;Totaal;Azië;6 jaar;2016;10963;5305;5658
5166;Totaal;Azië;6 jaar;2017;11373;5345;6028
5167;Totaal;Azië;6 jaar;2018;12197;5848;6349
5168;Totaal;Azië;7 jaar;2003;11075;5871;5204
5169;Totaal;Azië;7 jaar;2004;14216;7376;6840
5170;Totaal;Azië;7 jaar;2005;15085;7853;7232
5171;Totaal;Azië;7 jaar;2006;15384;8028;7356
5172;Totaal;Azië;7 jaar;2007;13529;6799;6730
5173;Totaal;Azië;7 jaar;2008;14833;7278;7555
5174;Totaal;Azië;7 jaar;2009;13774;6511;7263
5175;Totaal;Azië;7 jaar;2010;10620;4494;6126
5176;Totaal;Azië;7 jaar;2011;9046;3615;5431
5177;Totaal;Azië;7 jaar;2012;7190;2892;4298
5178;Totaal;Azië;7 jaar;2013;7023;2881;4142
5179;Totaal;Azië;7 jaar;2014;7471;3325;4146
5180;Totaal;Azië;7 jaar;2015;8264;4185;4079
5181;Totaal;Azië;7 jaar;2016;10862;5683;5179
5182;Totaal;Azië;7 jaar;2017;10359;4945;5414
5183;Totaal;Azië;7 jaar;2018;10838;5062;5776
5184;Totaal;Azië;8 jaar;2003;10016;5523;4493
5185;Totaal;Azië;8 jaar;2004;10737;5667;5070
5186;Totaal;Azië;8 jaar;2005;13769;7087;6682
5187;Totaal;Azië;8 jaar;2006;14343;7403;6940
5188;Totaal;Azië;8 jaar;2007;14540;7492;7048
5189;Totaal;Azië;8 jaar;2008;12878;6430;6448
5190;Totaal;Azië;8 jaar;2009;14199;6931;7268
5191;Totaal;Azië;8 jaar;2010;13253;6221;7032
5192;Totaal;Azië;8 jaar;2011;10095;4220;5875
5193;Totaal;Azië;8 jaar;2012;8635;3412;5223
5194;Totaal;Azië;8 jaar;2013;6817;2700;4117
5195;Totaal;Azië;8 jaar;2014;6672;2686;3986
5196;Totaal;Azië;8 jaar;2015;7119;3145;3974
5197;Totaal;Azië;8 jaar;2016;7892;3961;3931
5198;Totaal;Azië;8 jaar;2017;10351;5368;4983
5199;Totaal;Azië;8 jaar;2018;9954;4704;5250
5200;Totaal;Azië;9 jaar;2003;9522;4972;4550
5201;Totaal;Azië;9 jaar;2004;9684;5308;4376
5202;Totaal;Azië;9 jaar;2005;10402;5463;4939
5203;Totaal;Azië;9 jaar;2006;13214;6748;6466
5204;Totaal;Azië;9 jaar;2007;13617;6948;6669
5205;Totaal;Azië;9 jaar;2008;13937;7135;6802
5206;Totaal;Azië;9 jaar;2009;12395;6162;6233
5207;Totaal;Azië;9 jaar;2010;13747;6667;7080
5208;Totaal;Azië;9 jaar;2011;12754;5965;6789
5209;Totaal;Azië;9 jaar;2012;9722;4035;5687
5210;Totaal;Azië;9 jaar;2013;8312;3247;5065
5211;Totaal;Azië;9 jaar;2014;6479;2524;3955
5212;Totaal;Azië;9 jaar;2015;6434;2560;3874
5213;Totaal;Azië;9 jaar;2016;6788;2955;3833
5214;Totaal;Azië;9 jaar;2017;7577;3769;3808
5215;Totaal;Azië;9 jaar;2018;9963;5137;4826
5216;Totaal;Azië;10 jaar;2003;7867;3931;3936
5217;Totaal;Azië;10 jaar;2004;9267;4811;4456
5218;Totaal;Azië;10 jaar;2005;9398;5127;4271
5219;Totaal;Azië;10 jaar;2006;10061;5244;4817
5220;Totaal;Azië;10 jaar;2007;12716;6451;6265
5221;Totaal;Azië;10 jaar;2008;13083;6642;6441
5222;Totaal;Azië;10 jaar;2009;13407;6814;6593
5223;Totaal;Azië;10 jaar;2010;12002;5943;6059
5224;Totaal;Azië;10 jaar;2011;13342;6444;6898
5225;Totaal;Azië;10 jaar;2012;12362;5743;6619
5226;Totaal;Azië;10 jaar;2013;9377;3847;5530
5227;Totaal;Azië;10 jaar;2014;8021;3107;4914
5228;Totaal;Azië;10 jaar;2015;6248;2407;3841
5229;Totaal;Azië;10 jaar;2016;6167;2425;3742
5230;Totaal;Azië;10 jaar;2017;6549;2820;3729
5231;Totaal;Azië;10 jaar;2018;7341;3622;3719
5232;Totaal;Azië;11 jaar;2003;7145;3552;3593
5233;Totaal;Azië;11 jaar;2004;7712;3832;3880
5234;Totaal;Azië;11 jaar;2005;8988;4640;4348
5235;Totaal;Azië;11 jaar;2006;9052;4889;4163
5236;Totaal;Azië;11 jaar;2007;9656;5006;4650
5237;Totaal;Azië;11 jaar;2008;12279;6195;6084
5238;Totaal;Azië;11 jaar;2009;12672;6408;6264
5239;Totaal;Azië;11 jaar;2010;12990;6569;6421
5240;Totaal;Azië;11 jaar;2011;11634;5716;5918
5241;Totaal;Azië;11 jaar;2012;12943;6209;6734
5242;Totaal;Azië;11 jaar;2013;11989;5544;6445
5243;Totaal;Azië;11 jaar;2014;9083;3697;5386
5244;Totaal;Azië;11 jaar;2015;7777;2995;4782
5245;Totaal;Azië;11 jaar;2016;6047;2289;3758
5246;Totaal;Azië;11 jaar;2017;5949;2306;3643
5247;Totaal;Azië;11 jaar;2018;6371;2722;3649
5248;Totaal;Azië;12 jaar;2003;6295;3167;3128
5249;Totaal;Azië;12 jaar;2004;7013;3473;3540
5250;Totaal;Azië;12 jaar;2005;7523;3709;3814
5251;Totaal;Azië;12 jaar;2006;8730;4464;4266
5252;Totaal;Azië;12 jaar;2007;8665;4643;4022
5253;Totaal;Azië;12 jaar;2008;9318;4802;4516
5254;Totaal;Azië;12 jaar;2009;11885;5961;5924
5255;Totaal;Azië;12 jaar;2010;12288;6168;6120
5256;Totaal;Azië;12 jaar;2011;12628;6344;6284
5257;Totaal;Azië;12 jaar;2012;11273;5492;5781
5258;Totaal;Azië;12 jaar;2013;12589;5998;6591
5259;Totaal;Azië;12 jaar;2014;11619;5335;6284
5260;Totaal;Azië;12 jaar;2015;8848;3588;5260
5261;Totaal;Azië;12 jaar;2016;7545;2882;4663
5262;Totaal;Azië;12 jaar;2017;5848;2186;3662
5263;Totaal;Azië;12 jaar;2018;5816;2232;3584
5264;Totaal;Azië;13 jaar;2003;4866;2420;2446
5265;Totaal;Azië;13 jaar;2004;6180;3102;3078
5266;Totaal;Azië;13 jaar;2005;6866;3373;3493
5267;Totaal;Azië;13 jaar;2006;7343;3589;3754
5268;Totaal;Azië;13 jaar;2007;8450;4287;4163
5269;Totaal;Azië;13 jaar;2008;8374;4458;3916
5270;Totaal;Azië;13 jaar;2009;9063;4647;4416
5271;Totaal;Azië;13 jaar;2010;11589;5781;5808
5272;Totaal;Azië;13 jaar;2011;11956;5954;6002
5273;Totaal;Azië;13 jaar;2012;12301;6149;6152
5274;Totaal;Azië;13 jaar;2013;10950;5296;5654
5275;Totaal;Azië;13 jaar;2014;12218;5795;6423
5276;Totaal;Azië;13 jaar;2015;11308;5157;6151
5277;Totaal;Azië;13 jaar;2016;8581;3434;5147
5278;Totaal;Azië;13 jaar;2017;7389;2802;4587
5279;Totaal;Azië;13 jaar;2018;5740;2131;3609
5280;Totaal;Azië;14 jaar;2003;4221;1974;2247
5281;Totaal;Azië;14 jaar;2004;4779;2364;2415
5282;Totaal;Azië;14 jaar;2005;6049;3023;3026
5283;Totaal;Azië;14 jaar;2006;6681;3256;3425
5284;Totaal;Azië;14 jaar;2007;7156;3476;3680
5285;Totaal;Azië;14 jaar;2008;8201;4133;4068
5286;Totaal;Azië;14 jaar;2009;8119;4297;3822
5287;Totaal;Azië;14 jaar;2010;8827;4504;4323
5288;Totaal;Azië;14 jaar;2011;11317;5610;5707
5289;Totaal;Azië;14 jaar;2012;11671;5779;5892
5290;Totaal;Azië;14 jaar;2013;11970;5932;6038
5291;Totaal;Azië;14 jaar;2014;10625;5098;5527
5292;Totaal;Azië;14 jaar;2015;11907;5607;6300
5293;Totaal;Azië;14 jaar;2016;11012;5006;6006
5294;Totaal;Azië;14 jaar;2017;8358;3335;5023
5295;Totaal;Azië;14 jaar;2018;7241;2742;4499
5296;Totaal;Azië;15 jaar;2003;3643;1788;1855
5297;Totaal;Azië;15 jaar;2004;4142;1923;2219
5298;Totaal;Azië;15 jaar;2005;4670;2296;2374
5299;Totaal;Azië;15 jaar;2006;5884;2923;2961
5300;Totaal;Azië;15 jaar;2007;6504;3140;3364
5301;Totaal;Azië;15 jaar;2008;7002;3384;3618
5302;Totaal;Azië;15 jaar;2009;8002;3996;4006
5303;Totaal;Azië;15 jaar;2010;7965;4208;3757
5304;Totaal;Azië;15 jaar;2011;8612;4358;4254
5305;Totaal;Azië;15 jaar;2012;11063;5464;5599
5306;Totaal;Azië;15 jaar;2013;11358;5591;5767
5307;Totaal;Azië;15 jaar;2014;11619;5697;5922
5308;Totaal;Azië;15 jaar;2015;10363;4944;5419
5309;Totaal;Azië;15 jaar;2016;11612;5439;6173
5310;Totaal;Azië;15 jaar;2017;10771;4869;5902
5311;Totaal;Azië;15 jaar;2018;8195;3249;4946
5312;Totaal;Azië;16 jaar;2003;3755;1797;1958
5313;Totaal;Azië;16 jaar;2004;3583;1752;1831
5314;Totaal;Azië;16 jaar;2005;4089;1889;2200
5315;Totaal;Azië;16 jaar;2006;4566;2224;2342
5316;Totaal;Azië;16 jaar;2007;5723;2820;2903
5317;Totaal;Azië;16 jaar;2008;6346;3042;3304
5318;Totaal;Azië;16 jaar;2009;6862;3291;3571
5319;Totaal;Azië;16 jaar;2010;7833;3892;3941
5320;Totaal;Azië;16 jaar;2011;7787;4105;3682
5321;Totaal;Azië;16 jaar;2012;8403;4226;4177
5322;Totaal;Azië;16 jaar;2013;10841;5329;5512
5323;Totaal;Azië;16 jaar;2014;11097;5437;5660
5324;Totaal;Azië;16 jaar;2015;11343;5534;5809
5325;Totaal;Azië;16 jaar;2016;10131;4804;5327
5326;Totaal;Azië;16 jaar;2017;11374;5305;6069
5327;Totaal;Azië;16 jaar;2018;10613;4783;5830
5328;Totaal;Azië;17 jaar;2003;3405;1720;1685
5329;Totaal;Azië;17 jaar;2004;3675;1752;1923
5330;Totaal;Azië;17 jaar;2005;3525;1714;1811
5331;Totaal;Azië;17 jaar;2006;4013;1844;2169
5332;Totaal;Azië;17 jaar;2007;4435;2145;2290
5333;Totaal;Azië;17 jaar;2008;5597;2739;2858
5334;Totaal;Azië;17 jaar;2009;6206;2958;3248
5335;Totaal;Azië;17 jaar;2010;6768;3232;3536
5336;Totaal;Azië;17 jaar;2011;7658;3793;3865
5337;Totaal;Azië;17 jaar;2012;7631;4010;3621
5338;Totaal;Azië;17 jaar;2013;8232;4110;4122
5339;Totaal;Azië;17 jaar;2014;10630;5210;5420
5340;Totaal;Azië;17 jaar;2015;10861;5302;5559
5341;Totaal;Azië;17 jaar;2016;11110;5400;5710
5342;Totaal;Azië;17 jaar;2017;9918;4695;5223
5343;Totaal;Azië;17 jaar;2018;11156;5190;5966
5344;Totaal;Azië;18 jaar;2003;3147;1373;1774
5345;Totaal;Azië;18 jaar;2004;3364;1695;1669
5346;Totaal;Azië;18 jaar;2005;3619;1716;1903
5347;Totaal;Azië;18 jaar;2006;3442;1661;1781
5348;Totaal;Azië;18 jaar;2007;3925;1791;2134
5349;Totaal;Azië;18 jaar;2008;4337;2080;2257
5350;Totaal;Azië;18 jaar;2009;5477;2672;2805
5351;Totaal;Azië;18 jaar;2010;6119;2903;3216
5352;Totaal;Azië;18 jaar;2011;6664;3170;3494
5353;Totaal;Azië;18 jaar;2012;7517;3711;3806
5354;Totaal;Azië;18 jaar;2013;7475;3919;3556
5355;Totaal;Azië;18 jaar;2014;8064;4001;4063
5356;Totaal;Azië;18 jaar;2015;10428;5087;5341
5357;Totaal;Azië;18 jaar;2016;10659;5170;5489
5358;Totaal;Azië;18 jaar;2017;10900;5270;5630
5359;Totaal;Azië;18 jaar;2018;9732;4588;5144
5360;Totaal;Azië;19 jaar;2003;2694;1110;1584
5361;Totaal;Azië;19 jaar;2004;3102;1354;1748
5362;Totaal;Azië;19 jaar;2005;3294;1647;1647
5363;Totaal;Azië;19 jaar;2006;3544;1674;1870
5364;Totaal;Azië;19 jaar;2007;3355;1614;1741
5365;Totaal;Azië;19 jaar;2008;3844;1751;2093
5366;Totaal;Azië;19 jaar;2009;4256;2029;2227
5367;Totaal;Azië;19 jaar;2010;5411;2633;2778
5368;Totaal;Azië;19 jaar;2011;6043;2857;3186
5369;Totaal;Azië;19 jaar;2012;6547;3105;3442
5370;Totaal;Azië;19 jaar;2013;7352;3614;3738
5371;Totaal;Azië;19 jaar;2014;7314;3804;3510
5372;Totaal;Azië;19 jaar;2015;7924;3909;4015
5373;Totaal;Azië;19 jaar;2016;10232;4969;5263
5374;Totaal;Azië;19 jaar;2017;10509;5084;5425
5375;Totaal;Azië;19 jaar;2018;10723;5176;5547
5376;Totaal;Azië;20 jaar;2003;2918;1327;1591
5377;Totaal;Azië;20 jaar;2004;2661;1094;1567
5378;Totaal;Azië;20 jaar;2005;3058;1336;1722
5379;Totaal;Azië;20 jaar;2006;3237;1606;1631
5380;Totaal;Azië;20 jaar;2007;3456;1626;1830
5381;Totaal;Azië;20 jaar;2008;3282;1568;1714
5382;Totaal;Azië;20 jaar;2009;3770;1706;2064
5383;Totaal;Azië;20 jaar;2010;4178;1989;2189
5384;Totaal;Azië;20 jaar;2011;5327;2580;2747
5385;Totaal;Azië;20 jaar;2012;5941;2802;3139
5386;Totaal;Azië;20 jaar;2013;6433;3033;3400
5387;Totaal;Azië;20 jaar;2014;7233;3539;3694
5388;Totaal;Azië;20 jaar;2015;7180;3715;3465
5389;Totaal;Azië;20 jaar;2016;7794;3827;3967
5390;Totaal;Azië;20 jaar;2017;10061;4866;5195
5391;Totaal;Azië;20 jaar;2018;10362;5008;5354
5392;Totaal;Azië;21 jaar;2003;3621;1765;1856
5393;Totaal;Azië;21 jaar;2004;2882;1306;1576
5394;Totaal;Azië;21 jaar;2005;2619;1074;1545
5395;Totaal;Azië;21 jaar;2006;2993;1303;1690
5396;Totaal;Azië;21 jaar;2007;3156;1558;1598
5397;Totaal;Azië;21 jaar;2008;3393;1592;1801
5398;Totaal;Azië;21 jaar;2009;3218;1532;1686
5399;Totaal;Azië;21 jaar;2010;3734;1687;2047
5400;Totaal;Azië;21 jaar;2011;4110;1950;2160
5401;Totaal;Azië;21 jaar;2012;5235;2526;2709
5402;Totaal;Azië;21 jaar;2013;5841;2744;3097
5403;Totaal;Azië;21 jaar;2014;6343;2985;3358
5404;Totaal;Azië;21 jaar;2015;7102;3455;3647
5405;Totaal;Azië;21 jaar;2016;7065;3642;3423
5406;Totaal;Azië;21 jaar;2017;7668;3752;3916
5407;Totaal;Azië;21 jaar;2018;9929;4790;5139
5408;Totaal;Azië;22 jaar;2003;4476;2359;2117
5409;Totaal;Azië;22 jaar;2004;3578;1737;1841
5410;Totaal;Azië;22 jaar;2005;2840;1286;1554
5411;Totaal;Azië;22 jaar;2006;2578;1053;1525
5412;Totaal;Azië;22 jaar;2007;2936;1276;1660
5413;Totaal;Azië;22 jaar;2008;3098;1525;1573
5414;Totaal;Azië;22 jaar;2009;3328;1554;1774
5415;Totaal;Azië;22 jaar;2010;3174;1501;1673
5416;Totaal;Azië;22 jaar;2011;3680;1661;2019
5417;Totaal;Azië;22 jaar;2012;4015;1894;2121
5418;Totaal;Azië;22 jaar;2013;5142;2470;2672
5419;Totaal;Azië;22 jaar;2014;5741;2681;3060
5420;Totaal;Azië;22 jaar;2015;6241;2939;3302
5421;Totaal;Azië;22 jaar;2016;6988;3393;3595
5422;Totaal;Azië;22 jaar;2017;6951;3572;3379
5423;Totaal;Azië;22 jaar;2018;7555;3686;3869
5424;Totaal;Azië;23 jaar;2003;4631;2335;2296
5425;Totaal;Azië;23 jaar;2004;4424;2323;2101
5426;Totaal;Azië;23 jaar;2005;3528;1712;1816
5427;Totaal;Azië;23 jaar;2006;2806;1265;1541
5428;Totaal;Azië;23 jaar;2007;2534;1035;1499
5429;Totaal;Azië;23 jaar;2008;2880;1245;1635
5430;Totaal;Azië;23 jaar;2009;3041;1490;1551
5431;Totaal;Azië;23 jaar;2010;3300;1540;1760
5432;Totaal;Azië;23 jaar;2011;3128;1472;1656
5433;Totaal;Azië;23 jaar;2012;3612;1633;1979
5434;Totaal;Azië;23 jaar;2013;3949;1857;2092
5435;Totaal;Azië;23 jaar;2014;5071;2426;2645
5436;Totaal;Azië;23 jaar;2015;5657;2634;3023
5437;Totaal;Azië;23 jaar;2016;6155;2893;3262
5438;Totaal;Azië;23 jaar;2017;6903;3336;3567
5439;Totaal;Azië;23 jaar;2018;6860;3512;3348
5440;Totaal;Azië;24 jaar;2003;2923;1204;1719
5441;Totaal;Azië;24 jaar;2004;4575;2305;2270
5442;Totaal;Azië;24 jaar;2005;4370;2295;2075
5443;Totaal;Azië;24 jaar;2006;3479;1678;1801
5444;Totaal;Azië;24 jaar;2007;2756;1238;1518
5445;Totaal;Azië;24 jaar;2008;2489;1013;1476
5446;Totaal;Azië;24 jaar;2009;2846;1228;1618
5447;Totaal;Azië;24 jaar;2010;3020;1477;1543
5448;Totaal;Azië;24 jaar;2011;3253;1510;1743
5449;Totaal;Azië;24 jaar;2012;3074;1441;1633
5450;Totaal;Azië;24 jaar;2013;3545;1596;1949
5451;Totaal;Azië;24 jaar;2014;3892;1837;2055
5452;Totaal;Azië;24 jaar;2015;4995;2380;2615
5453;Totaal;Azië;24 jaar;2016;5596;2603;2993
5454;Totaal;Azië;24 jaar;2017;6080;2852;3228
5455;Totaal;Azië;24 jaar;2018;6817;3280;3537
5456;Totaal;Azië;25 jaar;2003;2732;1144;1588
5457;Totaal;Azië;25 jaar;2004;2867;1173;1694
5458;Totaal;Azië;25 jaar;2005;4531;2272;2259
5459;Totaal;Azië;25 jaar;2006;4302;2253;2049
5460;Totaal;Azië;25 jaar;2007;3427;1647;1780
5461;Totaal;Azië;25 jaar;2008;2712;1209;1503
5462;Totaal;Azië;25 jaar;2009;2448;987;1461
5463;Totaal;Azië;25 jaar;2010;2823;1213;1610
5464;Totaal;Azië;25 jaar;2011;2978;1451;1527
5465;Totaal;Azië;25 jaar;2012;3191;1480;1711
5466;Totaal;Azië;25 jaar;2013;3018;1411;1607
5467;Totaal;Azië;25 jaar;2014;3485;1565;1920
5468;Totaal;Azië;25 jaar;2015;3830;1803;2027
5469;Totaal;Azië;25 jaar;2016;4932;2352;2580
5470;Totaal;Azië;25 jaar;2017;5522;2560;2962
5471;Totaal;Azië;25 jaar;2018;5997;2803;3194
5472;Totaal;Azië;26 jaar;2003;2771;1312;1459
5473;Totaal;Azië;26 jaar;2004;2689;1125;1564
5474;Totaal;Azië;26 jaar;2005;2817;1152;1665
5475;Totaal;Azië;26 jaar;2006;4462;2227;2235
5476;Totaal;Azië;26 jaar;2007;4232;2211;2021
5477;Totaal;Azië;26 jaar;2008;3381;1622;1759
5478;Totaal;Azië;26 jaar;2009;2679;1197;1482
5479;Totaal;Azië;26 jaar;2010;2433;978;1455
5480;Totaal;Azië;26 jaar;2011;2785;1189;1596
5481;Totaal;Azië;26 jaar;2012;2930;1429;1501
5482;Totaal;Azië;26 jaar;2013;3153;1462;1691
5483;Totaal;Azië;26 jaar;2014;2975;1387;1588
5484;Totaal;Azië;26 jaar;2015;3430;1537;1893
5485;Totaal;Azië;26 jaar;2016;3760;1764;1996
5486;Totaal;Azië;26 jaar;2017;4866;2324;2542
5487;Totaal;Azië;26 jaar;2018;5462;2536;2926
5488;Totaal;Azië;27 jaar;2003;3993;2415;1578
5489;Totaal;Azië;27 jaar;2004;2739;1291;1448
5490;Totaal;Azië;27 jaar;2005;2665;1116;1549
5491;Totaal;Azië;27 jaar;2006;2787;1136;1651
5492;Totaal;Azië;27 jaar;2007;4380;2184;2196
5493;Totaal;Azië;27 jaar;2008;4167;2173;1994
5494;Totaal;Azië;27 jaar;2009;3331;1594;1737
5495;Totaal;Azië;27 jaar;2010;2662;1188;1474
5496;Totaal;Azië;27 jaar;2011;2398;959;1439
5497;Totaal;Azië;27 jaar;2012;2756;1170;1586
5498;Totaal;Azië;27 jaar;2013;2884;1405;1479
5499;Totaal;Azië;27 jaar;2014;3098;1433;1665
5500;Totaal;Azië;27 jaar;2015;2929;1360;1569
5501;Totaal;Azië;27 jaar;2016;3379;1511;1868
5502;Totaal;Azië;27 jaar;2017;3704;1728;1976
5503;Totaal;Azië;27 jaar;2018;4808;2290;2518
5504;Totaal;Azië;28 jaar;2003;2100;998;1102
5505;Totaal;Azië;28 jaar;2004;3936;2382;1554
5506;Totaal;Azië;28 jaar;2005;2699;1275;1424
5507;Totaal;Azië;28 jaar;2006;2628;1099;1529
5508;Totaal;Azië;28 jaar;2007;2752;1119;1633
5509;Totaal;Azië;28 jaar;2008;4300;2144;2156
5510;Totaal;Azië;28 jaar;2009;4100;2131;1969
5511;Totaal;Azië;28 jaar;2010;3306;1586;1720
5512;Totaal;Azië;28 jaar;2011;2619;1171;1448
5513;Totaal;Azië;28 jaar;2012;2359;944;1415
5514;Totaal;Azië;28 jaar;2013;2715;1153;1562
5515;Totaal;Azië;28 jaar;2014;2837;1378;1459
5516;Totaal;Azië;28 jaar;2015;3061;1412;1649
5517;Totaal;Azië;28 jaar;2016;2888;1338;1550
5518;Totaal;Azië;28 jaar;2017;3332;1487;1845
5519;Totaal;Azië;28 jaar;2018;3660;1701;1959
5520;Totaal;Azië;29 jaar;2003;2004;1005;999
5521;Totaal;Azië;29 jaar;2004;2081;986;1095
5522;Totaal;Azië;29 jaar;2005;3886;2346;1540
5523;Totaal;Azië;29 jaar;2006;2656;1250;1406
5524;Totaal;Azië;29 jaar;2007;2583;1082;1501
5525;Totaal;Azië;29 jaar;2008;2718;1104;1614
5526;Totaal;Azië;29 jaar;2009;4228;2099;2129
5527;Totaal;Azië;29 jaar;2010;4061;2100;1961
5528;Totaal;Azië;29 jaar;2011;3248;1556;1692
5529;Totaal;Azië;29 jaar;2012;2572;1146;1426
5530;Totaal;Azië;29 jaar;2013;2336;936;1400
5531;Totaal;Azië;29 jaar;2014;2683;1142;1541
5532;Totaal;Azië;29 jaar;2015;2802;1361;1441
5533;Totaal;Azië;29 jaar;2016;3014;1385;1629
5534;Totaal;Azië;29 jaar;2017;2846;1311;1535
5535;Totaal;Azië;29 jaar;2018;3285;1464;1821
5536;Totaal;Azië;30 jaar;2003;2059;904;1155
5537;Totaal;Azië;30 jaar;2004;1978;991;987
5538;Totaal;Azië;30 jaar;2005;2051;969;1082
5539;Totaal;Azië;30 jaar;2006;3824;2299;1525
5540;Totaal;Azië;30 jaar;2007;2620;1233;1387
5541;Totaal;Azië;30 jaar;2008;2540;1063;1477
5542;Totaal;Azië;30 jaar;2009;2687;1086;1601
5543;Totaal;Azië;30 jaar;2010;4191;2083;2108
5544;Totaal;Azië;30 jaar;2011;4005;2064;1941
5545;Totaal;Azië;30 jaar;2012;3197;1526;1671
5546;Totaal;Azië;30 jaar;2013;2535;1125;1410
5547;Totaal;Azië;30 jaar;2014;2299;918;1381
5548;Totaal;Azië;30 jaar;2015;2651;1123;1528
5549;Totaal;Azië;30 jaar;2016;2760;1337;1423
5550;Totaal;Azië;30 jaar;2017;2979;1362;1617
5551;Totaal;Azië;30 jaar;2018;2809;1288;1521
5552;Totaal;Azië;31 jaar;2003;1710;870;840
5553;Totaal;Azië;31 jaar;2004;2027;892;1135
5554;Totaal;Azië;31 jaar;2005;1963;980;983
5555;Totaal;Azië;31 jaar;2006;2023;951;1072
5556;Totaal;Azië;31 jaar;2007;3753;2248;1505
5557;Totaal;Azië;31 jaar;2008;2579;1209;1370
5558;Totaal;Azië;31 jaar;2009;2509;1046;1463
5559;Totaal;Azië;31 jaar;2010;2672;1085;1587
5560;Totaal;Azië;31 jaar;2011;4142;2058;2084
5561;Totaal;Azië;31 jaar;2012;3959;2036;1923
5562;Totaal;Azië;31 jaar;2013;3163;1513;1650
5563;Totaal;Azië;31 jaar;2014;2505;1109;1396
5564;Totaal;Azië;31 jaar;2015;2274;908;1366
5565;Totaal;Azië;31 jaar;2016;2621;1110;1511
5566;Totaal;Azië;31 jaar;2017;2721;1322;1399
5567;Totaal;Azië;31 jaar;2018;2946;1346;1600
5568;Totaal;Azië;32 jaar;2003;1736;865;871
5569;Totaal;Azië;32 jaar;2004;1680;851;829
5570;Totaal;Azië;32 jaar;2005;1985;869;1116
5571;Totaal;Azië;32 jaar;2006;1921;956;965
5572;Totaal;Azië;32 jaar;2007;1992;934;1058
5573;Totaal;Azië;32 jaar;2008;3689;2212;1477
5574;Totaal;Azië;32 jaar;2009;2542;1194;1348
5575;Totaal;Azië;32 jaar;2010;2485;1035;1450
5576;Totaal;Azië;32 jaar;2011;2641;1073;1568
5577;Totaal;Azië;32 jaar;2012;4086;2036;2050
5578;Totaal;Azië;32 jaar;2013;3910;2008;1902
5579;Totaal;Azië;32 jaar;2014;3127;1497;1630
5580;Totaal;Azië;32 jaar;2015;2479;1097;1382
5581;Totaal;Azië;32 jaar;2016;2247;897;1350
5582;Totaal;Azië;32 jaar;2017;2597;1098;1499
5583;Totaal;Azië;32 jaar;2018;2681;1300;1381
5584;Totaal;Azië;33 jaar;2003;1415;778;637
5585;Totaal;Azië;33 jaar;2004;1711;850;861
5586;Totaal;Azië;33 jaar;2005;1649;836;813
5587;Totaal;Azië;33 jaar;2006;1966;860;1106
5588;Totaal;Azië;33 jaar;2007;1883;942;941
5589;Totaal;Azië;33 jaar;2008;1963;920;1043
5590;Totaal;Azië;33 jaar;2009;3620;2165;1455
5591;Totaal;Azië;33 jaar;2010;2533;1194;1339
5592;Totaal;Azië;33 jaar;2011;2442;1013;1429
5593;Totaal;Azië;33 jaar;2012;2611;1061;1550
5594;Totaal;Azië;33 jaar;2013;4040;2014;2026
5595;Totaal;Azië;33 jaar;2014;3861;1978;1883
5596;Totaal;Azië;33 jaar;2015;3087;1477;1610
5597;Totaal;Azië;33 jaar;2016;2443;1078;1365
5598;Totaal;Azië;33 jaar;2017;2225;886;1339
5599;Totaal;Azië;33 jaar;2018;2565;1086;1479
5600;Totaal;Azië;34 jaar;2003;1517;815;702
5601;Totaal;Azië;34 jaar;2004;1382;757;625
5602;Totaal;Azië;34 jaar;2005;1678;833;845
5603;Totaal;Azië;34 jaar;2006;1623;817;806
5604;Totaal;Azië;34 jaar;2007;1935;844;1091
5605;Totaal;Azië;34 jaar;2008;1858;927;931
5606;Totaal;Azië;34 jaar;2009;1933;909;1024
5607;Totaal;Azië;34 jaar;2010;3583;2135;1448
5608;Totaal;Azië;34 jaar;2011;2495;1178;1317
5609;Totaal;Azië;34 jaar;2012;2417;1002;1415
5610;Totaal;Azië;34 jaar;2013;2578;1046;1532
5611;Totaal;Azië;34 jaar;2014;3993;1985;2008
5612;Totaal;Azië;34 jaar;2015;3814;1951;1863
5613;Totaal;Azië;34 jaar;2016;3054;1459;1595
5614;Totaal;Azië;34 jaar;2017;2420;1065;1355
5615;Totaal;Azië;34 jaar;2018;2189;871;1318
5616;Totaal;Azië;35 jaar;2003;1870;924;946
5617;Totaal;Azië;35 jaar;2004;1491;800;691
5618;Totaal;Azië;35 jaar;2005;1353;739;614
5619;Totaal;Azië;35 jaar;2006;1646;814;832
5620;Totaal;Azië;35 jaar;2007;1593;799;794
5621;Totaal;Azië;35 jaar;2008;1899;825;1074
5622;Totaal;Azië;35 jaar;2009;1826;911;915
5623;Totaal;Azië;35 jaar;2010;1931;902;1029
5624;Totaal;Azië;35 jaar;2011;3536;2102;1434
5625;Totaal;Azië;35 jaar;2012;2448;1157;1291
5626;Totaal;Azië;35 jaar;2013;2375;980;1395
5627;Totaal;Azië;35 jaar;2014;2559;1035;1524
5628;Totaal;Azië;35 jaar;2015;3958;1967;1991
5629;Totaal;Azië;35 jaar;2016;3774;1927;1847
5630;Totaal;Azië;35 jaar;2017;3006;1437;1569
5631;Totaal;Azië;35 jaar;2018;2397;1057;1340
5632;Totaal;Azië;36 jaar;2003;2844;1383;1461
5633;Totaal;Azië;36 jaar;2004;1833;907;926
5634;Totaal;Azië;36 jaar;2005;1477;791;686
5635;Totaal;Azië;36 jaar;2006;1316;715;601
5636;Totaal;Azië;36 jaar;2007;1614;801;813
5637;Totaal;Azië;36 jaar;2008;1571;782;789
5638;Totaal;Azië;36 jaar;2009;1863;811;1052
5639;Totaal;Azië;36 jaar;2010;1817;908;909
5640;Totaal;Azië;36 jaar;2011;1896;883;1013
5641;Totaal;Azië;36 jaar;2012;3471;2065;1406
5642;Totaal;Azië;36 jaar;2013;2407;1131;1276
5643;Totaal;Azië;36 jaar;2014;2346;971;1375
5644;Totaal;Azië;36 jaar;2015;2521;1011;1510
5645;Totaal;Azië;36 jaar;2016;3895;1934;1961
5646;Totaal;Azië;36 jaar;2017;3728;1904;1824
5647;Totaal;Azië;36 jaar;2018;2964;1418;1546
5648;Totaal;Azië;37 jaar;2003;3618;1761;1857
5649;Totaal;Azië;37 jaar;2004;2806;1363;1443
5650;Totaal;Azië;37 jaar;2005;1795;893;902
5651;Totaal;Azië;37 jaar;2006;1441;768;673
5652;Totaal;Azië;37 jaar;2007;1292;697;595
5653;Totaal;Azië;37 jaar;2008;1582;781;801
5654;Totaal;Azië;37 jaar;2009;1536;764;772
5655;Totaal;Azië;37 jaar;2010;1839;795;1044
5656;Totaal;Azië;37 jaar;2011;1800;899;901
5657;Totaal;Azië;37 jaar;2012;1854;859;995
5658;Totaal;Azië;37 jaar;2013;3412;2027;1385
5659;Totaal;Azië;37 jaar;2014;2360;1104;1256
5660;Totaal;Azië;37 jaar;2015;2301;945;1356
5661;Totaal;Azië;37 jaar;2016;2487;990;1497
5662;Totaal;Azië;37 jaar;2017;3844;1901;1943
5663;Totaal;Azië;37 jaar;2018;3684;1880;1804
5664;Totaal;Azië;38 jaar;2003;2661;1349;1312
5665;Totaal;Azië;38 jaar;2004;3563;1737;1826
5666;Totaal;Azië;38 jaar;2005;2751;1335;1416
5667;Totaal;Azië;38 jaar;2006;1767;880;887
5668;Totaal;Azië;38 jaar;2007;1407;751;656
5669;Totaal;Azië;38 jaar;2008;1272;686;586
5670;Totaal;Azië;38 jaar;2009;1562;767;795
5671;Totaal;Azië;38 jaar;2010;1518;755;763
5672;Totaal;Azië;38 jaar;2011;1816;781;1035
5673;Totaal;Azië;38 jaar;2012;1766;877;889
5674;Totaal;Azië;38 jaar;2013;1812;840;972
5675;Totaal;Azië;38 jaar;2014;3370;2002;1368
5676;Totaal;Azië;38 jaar;2015;2327;1089;1238
5677;Totaal;Azië;38 jaar;2016;2272;928;1344
5678;Totaal;Azië;38 jaar;2017;2451;977;1474
5679;Totaal;Azië;38 jaar;2018;3806;1879;1927
5680;Totaal;Azië;39 jaar;2003;1559;794;765
5681;Totaal;Azië;39 jaar;2004;2630;1333;1297
5682;Totaal;Azië;39 jaar;2005;3508;1706;1802
5683;Totaal;Azië;39 jaar;2006;2694;1308;1386
5684;Totaal;Azië;39 jaar;2007;1737;870;867
5685;Totaal;Azië;39 jaar;2008;1379;732;647
5686;Totaal;Azië;39 jaar;2009;1243;671;572
5687;Totaal;Azië;39 jaar;2010;1564;759;805
5688;Totaal;Azië;39 jaar;2011;1493;739;754
5689;Totaal;Azië;39 jaar;2012;1777;761;1016
5690;Totaal;Azië;39 jaar;2013;1747;868;879
5691;Totaal;Azië;39 jaar;2014;1781;828;953
5692;Totaal;Azië;39 jaar;2015;3301;1955;1346
5693;Totaal;Azië;39 jaar;2016;2287;1069;1218
5694;Totaal;Azië;39 jaar;2017;2242;917;1325
5695;Totaal;Azië;39 jaar;2018;2415;959;1456
5696;Totaal;Azië;40 jaar;2003;8161;4071;4090
5697;Totaal;Azië;40 jaar;2004;1538;781;757
5698;Totaal;Azië;40 jaar;2005;2581;1307;1274
5699;Totaal;Azië;40 jaar;2006;3441;1671;1770
5700;Totaal;Azië;40 jaar;2007;2637;1283;1354
5701;Totaal;Azië;40 jaar;2008;1708;857;851
5702;Totaal;Azië;40 jaar;2009;1352;716;636
5703;Totaal;Azië;40 jaar;2010;1249;668;581
5704;Totaal;Azië;40 jaar;2011;1530;738;792
5705;Totaal;Azië;40 jaar;2012;1462;723;739
5706;Totaal;Azië;40 jaar;2013;1744;745;999
5707;Totaal;Azië;40 jaar;2014;1715;853;862
5708;Totaal;Azië;40 jaar;2015;1748;812;936
5709;Totaal;Azië;40 jaar;2016;3249;1925;1324
5710;Totaal;Azië;40 jaar;2017;2256;1053;1203
5711;Totaal;Azië;40 jaar;2018;2205;906;1299
5712;Totaal;Azië;41 jaar;2003;3855;1897;1958
5713;Totaal;Azië;41 jaar;2004;7998;3987;4011
5714;Totaal;Azië;41 jaar;2005;1508;759;749
5715;Totaal;Azië;41 jaar;2006;2543;1288;1255
5716;Totaal;Azië;41 jaar;2007;3381;1639;1742
5717;Totaal;Azië;41 jaar;2008;2599;1269;1330
5718;Totaal;Azië;41 jaar;2009;1671;838;833
5719;Totaal;Azië;41 jaar;2010;1338;707;631
5720;Totaal;Azië;41 jaar;2011;1224;652;572
5721;Totaal;Azië;41 jaar;2012;1501;720;781
5722;Totaal;Azië;41 jaar;2013;1427;705;722
5723;Totaal;Azië;41 jaar;2014;1709;730;979
5724;Totaal;Azië;41 jaar;2015;1678;835;843
5725;Totaal;Azië;41 jaar;2016;1727;801;926
5726;Totaal;Azië;41 jaar;2017;3192;1887;1305
5727;Totaal;Azië;41 jaar;2018;2218;1031;1187
5728;Totaal;Azië;42 jaar;2003;2918;1366;1552
5729;Totaal;Azië;42 jaar;2004;3784;1855;1929
5730;Totaal;Azië;42 jaar;2005;7830;3883;3947
5731;Totaal;Azië;42 jaar;2006;1482;740;742
5732;Totaal;Azië;42 jaar;2007;2501;1265;1236
5733;Totaal;Azië;42 jaar;2008;3322;1607;1715
5734;Totaal;Azië;42 jaar;2009;2547;1244;1303
5735;Totaal;Azië;42 jaar;2010;1641;823;818
5736;Totaal;Azië;42 jaar;2011;1311;692;619
5737;Totaal;Azië;42 jaar;2012;1189;628;561
5738;Totaal;Azië;42 jaar;2013;1467;713;754
5739;Totaal;Azië;42 jaar;2014;1396;690;706
5740;Totaal;Azië;42 jaar;2015;1670;715;955
5741;Totaal;Azië;42 jaar;2016;1645;816;829
5742;Totaal;Azië;42 jaar;2017;1699;786;913
5743;Totaal;Azië;42 jaar;2018;3132;1854;1278
5744;Totaal;Azië;43 jaar;2003;1767;867;900
5745;Totaal;Azië;43 jaar;2004;2857;1334;1523
5746;Totaal;Azië;43 jaar;2005;3715;1823;1892
5747;Totaal;Azië;43 jaar;2006;7674;3781;3893
5748;Totaal;Azië;43 jaar;2007;1435;708;727
5749;Totaal;Azië;43 jaar;2008;2448;1237;1211
5750;Totaal;Azië;43 jaar;2009;3247;1573;1674
5751;Totaal;Azië;43 jaar;2010;2506;1213;1293
5752;Totaal;Azië;43 jaar;2011;1614;806;808
5753;Totaal;Azië;43 jaar;2012;1285;674;611
5754;Totaal;Azië;43 jaar;2013;1163;610;553
5755;Totaal;Azië;43 jaar;2014;1434;698;736
5756;Totaal;Azië;43 jaar;2015;1370;679;691
5757;Totaal;Azië;43 jaar;2016;1637;700;937
5758;Totaal;Azië;43 jaar;2017;1623;804;819
5759;Totaal;Azië;43 jaar;2018;1667;776;891
5760;Totaal;Azië;44 jaar;2003;16816;7817;8999
5761;Totaal;Azië;44 jaar;2004;1729;848;881
5762;Totaal;Azië;44 jaar;2005;2797;1303;1494
5763;Totaal;Azië;44 jaar;2006;3652;1786;1866
5764;Totaal;Azië;44 jaar;2007;7508;3685;3823
5765;Totaal;Azië;44 jaar;2008;1399;685;714
5766;Totaal;Azië;44 jaar;2009;2402;1212;1190
5767;Totaal;Azië;44 jaar;2010;3237;1551;1686
5768;Totaal;Azië;44 jaar;2011;2460;1185;1275
5769;Totaal;Azië;44 jaar;2012;1577;785;792
5770;Totaal;Azië;44 jaar;2013;1251;649;602
5771;Totaal;Azië;44 jaar;2014;1129;596;533
5772;Totaal;Azië;44 jaar;2015;1388;676;712
5773;Totaal;Azië;44 jaar;2016;1341;667;674
5774;Totaal;Azië;44 jaar;2017;1600;684;916
5775;Totaal;Azië;44 jaar;2018;1591;792;799
5776;Totaal;Azië;45 jaar;2003;5214;2429;2785
5777;Totaal;Azië;45 jaar;2004;16471;7645;8826
5778;Totaal;Azië;45 jaar;2005;1680;824;856
5779;Totaal;Azië;45 jaar;2006;2715;1263;1452
5780;Totaal;Azië;45 jaar;2007;3569;1741;1828
5781;Totaal;Azië;45 jaar;2008;7370;3612;3758
5782;Totaal;Azië;45 jaar;2009;1358;661;697
5783;Totaal;Azië;45 jaar;2010;2389;1201;1188
5784;Totaal;Azië;45 jaar;2011;3176;1514;1662
5785;Totaal;Azië;45 jaar;2012;2409;1159;1250
5786;Totaal;Azië;45 jaar;2013;1548;764;784
5787;Totaal;Azië;45 jaar;2014;1223;634;589
5788;Totaal;Azië;45 jaar;2015;1094;574;520
5789;Totaal;Azië;45 jaar;2016;1364;663;701
5790;Totaal;Azië;45 jaar;2017;1320;656;664
5791;Totaal;Azië;45 jaar;2018;1572;671;901
5792;Totaal;Azië;46 jaar;2003;5267;2638;2629
5793;Totaal;Azië;46 jaar;2004;5109;2383;2726
5794;Totaal;Azië;46 jaar;2005;16049;7459;8590
5795;Totaal;Azië;46 jaar;2006;1641;802;839
5796;Totaal;Azië;46 jaar;2007;2639;1226;1413
5797;Totaal;Azië;46 jaar;2008;3501;1702;1799
5798;Totaal;Azië;46 jaar;2009;7205;3530;3675
5799;Totaal;Azië;46 jaar;2010;1334;648;686
5800;Totaal;Azië;46 jaar;2011;2337;1179;1158
5801;Totaal;Azië;46 jaar;2012;3114;1481;1633
5802;Totaal;Azië;46 jaar;2013;2351;1128;1223
5803;Totaal;Azië;46 jaar;2014;1522;749;773
5804;Totaal;Azië;46 jaar;2015;1197;617;580
5805;Totaal;Azië;46 jaar;2016;1059;555;504
5806;Totaal;Azië;46 jaar;2017;1330;645;685
5807;Totaal;Azië;46 jaar;2018;1287;641;646
5808;Totaal;Azië;47 jaar;2003;6465;3122;3343
5809;Totaal;Azië;47 jaar;2004;5153;2571;2582
5810;Totaal;Azië;47 jaar;2005;5003;2339;2664
5811;Totaal;Azië;47 jaar;2006;15661;7275;8386
5812;Totaal;Azië;47 jaar;2007;1606;785;821
5813;Totaal;Azië;47 jaar;2008;2578;1199;1379
5814;Totaal;Azië;47 jaar;2009;3429;1662;1767
5815;Totaal;Azië;47 jaar;2010;7067;3446;3621
5816;Totaal;Azië;47 jaar;2011;1302;628;674
5817;Totaal;Azië;47 jaar;2012;2289;1156;1133
5818;Totaal;Azië;47 jaar;2013;3036;1438;1598
5819;Totaal;Azië;47 jaar;2014;2306;1102;1204
5820;Totaal;Azië;47 jaar;2015;1493;734;759
5821;Totaal;Azië;47 jaar;2016;1164;592;572
5822;Totaal;Azië;47 jaar;2017;1040;545;495
5823;Totaal;Azië;47 jaar;2018;1290;623;667
5824;Totaal;Azië;48 jaar;2003;3819;1789;2030
5825;Totaal;Azië;48 jaar;2004;6320;3056;3264
5826;Totaal;Azië;48 jaar;2005;5038;2515;2523
5827;Totaal;Azië;48 jaar;2006;4878;2277;2601
5828;Totaal;Azië;48 jaar;2007;15230;7055;8175
5829;Totaal;Azië;48 jaar;2008;1570;772;798
5830;Totaal;Azië;48 jaar;2009;2509;1163;1346
5831;Totaal;Azië;48 jaar;2010;3359;1622;1737
5832;Totaal;Azië;48 jaar;2011;6906;3351;3555
5833;Totaal;Azië;48 jaar;2012;1268;606;662
5834;Totaal;Azië;48 jaar;2013;2248;1136;1112
5835;Totaal;Azië;48 jaar;2014;2954;1403;1551
5836;Totaal;Azië;48 jaar;2015;2251;1073;1178
5837;Totaal;Azië;48 jaar;2016;1458;714;744
5838;Totaal;Azië;48 jaar;2017;1144;582;562
5839;Totaal;Azië;48 jaar;2018;1008;532;476
5840;Totaal;Azië;49 jaar;2003;2439;1143;1296
5841;Totaal;Azië;49 jaar;2004;3726;1742;1984
5842;Totaal;Azië;49 jaar;2005;6170;2983;3187
5843;Totaal;Azië;49 jaar;2006;4913;2448;2465
5844;Totaal;Azië;49 jaar;2007;4766;2227;2539
5845;Totaal;Azië;49 jaar;2008;14845;6877;7968
5846;Totaal;Azië;49 jaar;2009;1527;753;774
5847;Totaal;Azië;49 jaar;2010;2467;1137;1330
5848;Totaal;Azië;49 jaar;2011;3279;1583;1696
5849;Totaal;Azië;49 jaar;2012;6769;3282;3487
5850;Totaal;Azië;49 jaar;2013;1240;594;646
5851;Totaal;Azië;49 jaar;2014;2199;1108;1091
5852;Totaal;Azië;49 jaar;2015;2890;1372;1518
5853;Totaal;Azië;49 jaar;2016;2201;1046;1155
5854;Totaal;Azië;49 jaar;2017;1423;697;726
5855;Totaal;Azië;49 jaar;2018;1105;564;541
5856;Totaal;Azië;50 jaar;2003;2816;1288;1528
5857;Totaal;Azië;50 jaar;2004;2377;1115;1262
5858;Totaal;Azië;50 jaar;2005;3635;1696;1939
5859;Totaal;Azië;50 jaar;2006;6008;2903;3105
5860;Totaal;Azië;50 jaar;2007;4782;2382;2400
5861;Totaal;Azië;50 jaar;2008;4661;2179;2482
5862;Totaal;Azië;50 jaar;2009;14476;6719;7757
5863;Totaal;Azië;50 jaar;2010;1498;735;763
5864;Totaal;Azië;50 jaar;2011;2411;1107;1304
5865;Totaal;Azië;50 jaar;2012;3210;1545;1665
5866;Totaal;Azië;50 jaar;2013;6601;3192;3409
5867;Totaal;Azië;50 jaar;2014;1201;576;625
5868;Totaal;Azië;50 jaar;2015;2165;1096;1069
5869;Totaal;Azië;50 jaar;2016;2826;1341;1485
5870;Totaal;Azië;50 jaar;2017;2143;1016;1127
5871;Totaal;Azië;50 jaar;2018;1388;675;713
5872;Totaal;Azië;51 jaar;2003;5852;2567;3285
5873;Totaal;Azië;51 jaar;2004;2739;1256;1483
5874;Totaal;Azië;51 jaar;2005;2326;1092;1234
5875;Totaal;Azië;51 jaar;2006;3554;1654;1900
5876;Totaal;Azië;51 jaar;2007;5873;2836;3037
5877;Totaal;Azië;51 jaar;2008;4678;2326;2352
5878;Totaal;Azië;51 jaar;2009;4529;2129;2400
5879;Totaal;Azië;51 jaar;2010;14100;6545;7555
5880;Totaal;Azië;51 jaar;2011;1457;713;744
5881;Totaal;Azië;51 jaar;2012;2368;1085;1283
5882;Totaal;Azië;51 jaar;2013;3137;1502;1635
5883;Totaal;Azië;51 jaar;2014;6466;3123;3343
5884;Totaal;Azië;51 jaar;2015;1162;551;611
5885;Totaal;Azië;51 jaar;2016;2124;1074;1050
5886;Totaal;Azië;51 jaar;2017;2758;1310;1448
5887;Totaal;Azië;51 jaar;2018;2088;981;1107
5888;Totaal;Azië;52 jaar;2003;10512;4385;6127
5889;Totaal;Azië;52 jaar;2004;5708;2505;3203
5890;Totaal;Azië;52 jaar;2005;2673;1225;1448
5891;Totaal;Azië;52 jaar;2006;2276;1071;1205
5892;Totaal;Azië;52 jaar;2007;3450;1605;1845
5893;Totaal;Azië;52 jaar;2008;5709;2759;2950
5894;Totaal;Azië;52 jaar;2009;4563;2268;2295
5895;Totaal;Azië;52 jaar;2010;4431;2075;2356
5896;Totaal;Azië;52 jaar;2011;13761;6378;7383
5897;Totaal;Azië;52 jaar;2012;1416;690;726
5898;Totaal;Azië;52 jaar;2013;2301;1059;1242
5899;Totaal;Azië;52 jaar;2014;3055;1469;1586
5900;Totaal;Azië;52 jaar;2015;6320;3051;3269
5901;Totaal;Azië;52 jaar;2016;1128;530;598
5902;Totaal;Azië;52 jaar;2017;2078;1049;1029
5903;Totaal;Azië;52 jaar;2018;2695;1280;1415
5904;Totaal;Azië;53 jaar;2003;1881;830;1051
5905;Totaal;Azië;53 jaar;2004;10218;4266;5952
5906;Totaal;Azië;53 jaar;2005;5573;2446;3127
5907;Totaal;Azië;53 jaar;2006;2592;1194;1398
5908;Totaal;Azië;53 jaar;2007;2214;1039;1175
5909;Totaal;Azië;53 jaar;2008;3362;1573;1789
5910;Totaal;Azië;53 jaar;2009;5541;2679;2862
5911;Totaal;Azië;53 jaar;2010;4450;2208;2242
5912;Totaal;Azië;53 jaar;2011;4308;2022;2286
5913;Totaal;Azië;53 jaar;2012;13433;6218;7215
5914;Totaal;Azië;53 jaar;2013;1378;671;707
5915;Totaal;Azië;53 jaar;2014;2250;1036;1214
5916;Totaal;Azië;53 jaar;2015;2990;1437;1553
5917;Totaal;Azië;53 jaar;2016;6170;2975;3195
5918;Totaal;Azië;53 jaar;2017;1093;515;578
5919;Totaal;Azië;53 jaar;2018;2022;1015;1007
5920;Totaal;Azië;54 jaar;2003;1439;637;802
5921;Totaal;Azië;54 jaar;2004;1832;814;1018
5922;Totaal;Azië;54 jaar;2005;9935;4157;5778
5923;Totaal;Azië;54 jaar;2006;5444;2392;3052
5924;Totaal;Azië;54 jaar;2007;2529;1165;1364
5925;Totaal;Azië;54 jaar;2008;2147;1005;1142
5926;Totaal;Azië;54 jaar;2009;3279;1536;1743
5927;Totaal;Azië;54 jaar;2010;5387;2612;2775
5928;Totaal;Azië;54 jaar;2011;4342;2152;2190
5929;Totaal;Azië;54 jaar;2012;4207;1972;2235
5930;Totaal;Azië;54 jaar;2013;13073;6047;7026
5931;Totaal;Azië;54 jaar;2014;1332;654;678
5932;Totaal;Azië;54 jaar;2015;2182;999;1183
5933;Totaal;Azië;54 jaar;2016;2919;1405;1514
5934;Totaal;Azië;54 jaar;2017;6052;2906;3146
5935;Totaal;Azië;54 jaar;2018;1050;494;556
5936;Totaal;Azië;55 jaar;2003;1674;748;926
5937;Totaal;Azië;55 jaar;2004;1401;623;778
5938;Totaal;Azië;55 jaar;2005;1777;795;982
5939;Totaal;Azië;55 jaar;2006;9650;4052;5598
5940;Totaal;Azië;55 jaar;2007;5279;2319;2960
5941;Totaal;Azië;55 jaar;2008;2455;1132;1323
5942;Totaal;Azië;55 jaar;2009;2097;988;1109
5943;Totaal;Azië;55 jaar;2010;3191;1485;1706
5944;Totaal;Azië;55 jaar;2011;5227;2547;2680
5945;Totaal;Azië;55 jaar;2012;4228;2098;2130
5946;Totaal;Azië;55 jaar;2013;4117;1936;2181
5947;Totaal;Azië;55 jaar;2014;12740;5884;6856
5948;Totaal;Azië;55 jaar;2015;1306;645;661
5949;Totaal;Azië;55 jaar;2016;2120;971;1149
5950;Totaal;Azië;55 jaar;2017;2850;1373;1477
5951;Totaal;Azië;55 jaar;2018;5898;2822;3076
5952;Totaal;Azië;56 jaar;2003;4425;2021;2404
5953;Totaal;Azië;56 jaar;2004;1609;723;886
5954;Totaal;Azië;56 jaar;2005;1371;610;761
5955;Totaal;Azië;56 jaar;2006;1728;773;955
5956;Totaal;Azië;56 jaar;2007;9378;3945;5433
5957;Totaal;Azië;56 jaar;2008;5110;2247;2863
5958;Totaal;Azië;56 jaar;2009;2367;1099;1268
5959;Totaal;Azië;56 jaar;2010;2067;973;1094
5960;Totaal;Azië;56 jaar;2011;3100;1437;1663
5961;Totaal;Azië;56 jaar;2012;5074;2480;2594
5962;Totaal;Azië;56 jaar;2013;4127;2055;2072
5963;Totaal;Azië;56 jaar;2014;4017;1896;2121
5964;Totaal;Azië;56 jaar;2015;12387;5731;6656
5965;Totaal;Azië;56 jaar;2016;1262;620;642
5966;Totaal;Azië;56 jaar;2017;2081;959;1122
5967;Totaal;Azië;56 jaar;2018;2783;1333;1450
5968;Totaal;Azië;57 jaar;2003;27;10;17
5969;Totaal;Azië;57 jaar;2004;4288;1955;2333
5970;Totaal;Azië;57 jaar;2005;1552;691;861
5971;Totaal;Azië;57 jaar;2006;1321;587;734
5972;Totaal;Azië;57 jaar;2007;1669;751;918
5973;Totaal;Azië;57 jaar;2008;9082;3814;5268
5974;Totaal;Azië;57 jaar;2009;4935;2179;2756
5975;Totaal;Azië;57 jaar;2010;2307;1079;1228
5976;Totaal;Azië;57 jaar;2011;2010;945;1065
5977;Totaal;Azië;57 jaar;2012;3006;1395;1611
5978;Totaal;Azië;57 jaar;2013;4917;2393;2524
5979;Totaal;Azië;57 jaar;2014;4015;1992;2023
5980;Totaal;Azië;57 jaar;2015;3926;1856;2070
5981;Totaal;Azië;57 jaar;2016;11988;5557;6431
5982;Totaal;Azië;57 jaar;2017;1227;602;625
5983;Totaal;Azië;57 jaar;2018;2020;929;1091
5984;Totaal;Azië;58 jaar;2003;4;1;3
5985;Totaal;Azië;58 jaar;2004;26;10;16
5986;Totaal;Azië;58 jaar;2005;4145;1893;2252
5987;Totaal;Azië;58 jaar;2006;1493;663;830
5988;Totaal;Azië;58 jaar;2007;1272;564;708
5989;Totaal;Azië;58 jaar;2008;1614;728;886
5990;Totaal;Azië;58 jaar;2009;8815;3702;5113
5991;Totaal;Azië;58 jaar;2010;4837;2131;2706
5992;Totaal;Azië;58 jaar;2011;2233;1052;1181
5993;Totaal;Azië;58 jaar;2012;1948;915;1033
5994;Totaal;Azië;58 jaar;2013;2923;1361;1562
5995;Totaal;Azië;58 jaar;2014;4755;2310;2445
5996;Totaal;Azië;58 jaar;2015;3897;1935;1962
5997;Totaal;Azië;58 jaar;2016;3820;1811;2009
5998;Totaal;Azië;58 jaar;2017;11622;5374;6248
5999;Totaal;Azië;58 jaar;2018;1191;582;609
6000;Totaal;Azië;59 jaar;2003;6;2;4
6001;Totaal;Azië;59 jaar;2004;3;1;2
6002;Totaal;Azië;59 jaar;2005;26;11;15
6003;Totaal;Azië;59 jaar;2006;3999;1832;2167
6004;Totaal;Azië;59 jaar;2007;1434;640;794
6005;Totaal;Azië;59 jaar;2008;1237;550;687
6006;Totaal;Azië;59 jaar;2009;1559;708;851
6007;Totaal;Azië;59 jaar;2010;8542;3600;4942
6008;Totaal;Azië;59 jaar;2011;4708;2079;2629
6009;Totaal;Azië;59 jaar;2012;2167;1025;1142
6010;Totaal;Azië;59 jaar;2013;1889;883;1006
6011;Totaal;Azië;59 jaar;2014;2807;1302;1505
6012;Totaal;Azië;59 jaar;2015;4600;2234;2366
6013;Totaal;Azië;59 jaar;2016;3781;1874;1907
6014;Totaal;Azië;59 jaar;2017;3711;1759;1952
6015;Totaal;Azië;59 jaar;2018;11265;5198;6067
6016;Totaal;Azië;60 jaar of meer;2003;1878;734;1144
6017;Totaal;Azië;60 jaar of meer;2004;1781;693;1088
6018;Totaal;Azië;60 jaar of meer;2005;1685;657;1028
6019;Totaal;Azië;60 jaar of meer;2006;1596;612;984
6020;Totaal;Azië;60 jaar of meer;2007;5320;2315;3005
6021;Totaal;Azië;60 jaar of meer;2008;6438;2819;3619
6022;Totaal;Azië;60 jaar of meer;2009;7334;3211;4123
6023;Totaal;Azië;60 jaar of meer;2010;8579;3763;4816
6024;Totaal;Azië;60 jaar of meer;2011;16423;7073;9350
6025;Totaal;Azië;60 jaar of meer;2012;20326;8805;11521
6026;Totaal;Azië;60 jaar of meer;2013;21587;9462;12125
6027;Totaal;Azië;60 jaar of meer;2014;22544;9930;12614
6028;Totaal;Azië;60 jaar of meer;2015;24316;10798;13518
6029;Totaal;Azië;60 jaar of meer;2016;27686;12529;15157
6030;Totaal;Azië;60 jaar of meer;2017;30089;13780;16309
6031;Totaal;Azië;60 jaar of meer;2018;32422;14915;17507
6032;Totaal;Azië;Onbekend;2003;3170;1459;1711
6033;Totaal;Azië;Onbekend;2004;2722;1253;1469
6034;Totaal;Azië;Onbekend;2005;2426;1107;1319
6035;Totaal;Azië;Onbekend;2006;2170;988;1182
6036;Totaal;Azië;Onbekend;2007;2091;931;1160
6037;Totaal;Azië;Onbekend;2008;1913;871;1042
6038;Totaal;Azië;Onbekend;2009;1741;794;947
6039;Totaal;Azië;Onbekend;2010;712;297;415
6040;Totaal;Azië;Onbekend;2011;630;267;363
6041;Totaal;Azië;Onbekend;2012;559;239;320
6042;Totaal;Azië;Onbekend;2013;508;221;287
6043;Totaal;Azië;Onbekend;2014;474;211;263
6044;Totaal;Azië;Onbekend;2015;447;202;245
6045;Totaal;Azië;Onbekend;2016;424;189;235
6046;Totaal;Azië;Onbekend;2017;395;179;216
6047;Totaal;Azië;Onbekend;2018;369;173;196
6048;Totaal;Europa (excl. Nederlandse achtergrond);Totaal;2003;599840;283940;315900
6049;Totaal;Europa (excl. Nederlandse achtergrond);Totaal;2004;606211;286152;320059
6050;Totaal;Europa (excl. Nederlandse achtergrond);Totaal;2005;610483;286449;324034
6051;Totaal;Europa (excl. Nederlandse achtergrond);Totaal;2006;614978;287580;327398
6052;Totaal;Europa (excl. Nederlandse achtergrond);Totaal;2007;619412;289237;330175
6053;Totaal;Europa (excl. Nederlandse achtergrond);Totaal;2008;636528;297594;338934
6054;Totaal;Europa (excl. Nederlandse achtergrond);Totaal;2009;663870;311828;352042
6055;Totaal;Europa (excl. Nederlandse achtergrond);Totaal;2010;684498;321271;363227
6056;Totaal;Europa (excl. Nederlandse achtergrond);Totaal;2011;708042;332046;375996
6057;Totaal;Europa (excl. Nederlandse achtergrond);Totaal;2012;733885;344756;389129
6058;Totaal;Europa (excl. Nederlandse achtergrond);Totaal;2013;751035;352150;398885
6059;Totaal;Europa (excl. Nederlandse achtergrond);Totaal;2014;768002;359832;408170
6060;Totaal;Europa (excl. Nederlandse achtergrond);Totaal;2015;791346;371090;420256
6061;Totaal;Europa (excl. Nederlandse achtergrond);Totaal;2016;814384;382377;432007
6062;Totaal;Europa (excl. Nederlandse achtergrond);Totaal;2017;842547;396247;446300
6063;Totaal;Europa (excl. Nederlandse achtergrond);Totaal;2018;878210;414330;463880
6064;Totaal;Europa (excl. Nederlandse achtergrond);Minder dan 1 jaar;2003;38101;19298;18803
6065;Totaal;Europa (excl. Nederlandse achtergrond);Minder dan 1 jaar;2004;35245;17873;17372
6066;Totaal;Europa (excl. Nederlandse achtergrond);Minder dan 1 jaar;2005;35873;17755;18118
6067;Totaal;Europa (excl. Nederlandse achtergrond);Minder dan 1 jaar;2006;35388;17933;17455
6068;Totaal;Europa (excl. Nederlandse achtergrond);Minder dan 1 jaar;2007;39471;20684;18787
6069;Totaal;Europa (excl. Nederlandse achtergrond);Minder dan 1 jaar;2008;50174;26443;23731
6070;Totaal;Europa (excl. Nederlandse achtergrond);Minder dan 1 jaar;2009;61930;33237;28693
6071;Totaal;Europa (excl. Nederlandse achtergrond);Minder dan 1 jaar;2010;60437;31476;28961
6072;Totaal;Europa (excl. Nederlandse achtergrond);Minder dan 1 jaar;2011;66351;34552;31799
6073;Totaal;Europa (excl. Nederlandse achtergrond);Minder dan 1 jaar;2012;73247;38261;34986
6074;Totaal;Europa (excl. Nederlandse achtergrond);Minder dan 1 jaar;2013;72684;37603;35081
6075;Totaal;Europa (excl. Nederlandse achtergrond);Minder dan 1 jaar;2014;73129;37635;35494
6076;Totaal;Europa (excl. Nederlandse achtergrond);Minder dan 1 jaar;2015;80527;41898;38629
6077;Totaal;Europa (excl. Nederlandse achtergrond);Minder dan 1 jaar;2016;81209;42409;38800
6078;Totaal;Europa (excl. Nederlandse achtergrond);Minder dan 1 jaar;2017;87582;45594;41988
6079;Totaal;Europa (excl. Nederlandse achtergrond);Minder dan 1 jaar;2018;98393;51870;46523
6080;Totaal;Europa (excl. Nederlandse achtergrond);1 jaar;2003;36861;18975;17886
6081;Totaal;Europa (excl. Nederlandse achtergrond);1 jaar;2004;33051;16458;16593
6082;Totaal;Europa (excl. Nederlandse achtergrond);1 jaar;2005;29687;14602;15085
6083;Totaal;Europa (excl. Nederlandse achtergrond);1 jaar;2006;30274;14715;15559
6084;Totaal;Europa (excl. Nederlandse achtergrond);1 jaar;2007;28809;14289;14520
6085;Totaal;Europa (excl. Nederlandse achtergrond);1 jaar;2008;32139;16566;15573
6086;Totaal;Europa (excl. Nederlandse achtergrond);1 jaar;2009;40495;20955;19540
6087;Totaal;Europa (excl. Nederlandse achtergrond);1 jaar;2010;48546;25513;23033
6088;Totaal;Europa (excl. Nederlandse achtergrond);1 jaar;2011;47170;23953;23217
6089;Totaal;Europa (excl. Nederlandse achtergrond);1 jaar;2012;50953;26152;24801
6090;Totaal;Europa (excl. Nederlandse achtergrond);1 jaar;2013;54189;27912;26277
6091;Totaal;Europa (excl. Nederlandse achtergrond);1 jaar;2014;53684;27462;26222
6092;Totaal;Europa (excl. Nederlandse achtergrond);1 jaar;2015;54594;27821;26773
6093;Totaal;Europa (excl. Nederlandse achtergrond);1 jaar;2016;60100;30762;29338
6094;Totaal;Europa (excl. Nederlandse achtergrond);1 jaar;2017;61739;31875;29864
6095;Totaal;Europa (excl. Nederlandse achtergrond);1 jaar;2018;65736;33824;31912
6096;Totaal;Europa (excl. Nederlandse achtergrond);2 jaar;2003;33818;17082;16736
6097;Totaal;Europa (excl. Nederlandse achtergrond);2 jaar;2004;32049;16171;15878
6098;Totaal;Europa (excl. Nederlandse achtergrond);2 jaar;2005;28505;13806;14699
6099;Totaal;Europa (excl. Nederlandse achtergrond);2 jaar;2006;25901;12428;13473
6100;Totaal;Europa (excl. Nederlandse achtergrond);2 jaar;2007;25514;12070;13444
6101;Totaal;Europa (excl. Nederlandse achtergrond);2 jaar;2008;24460;11803;12657
6102;Totaal;Europa (excl. Nederlandse achtergrond);2 jaar;2009;27095;13633;13462
6103;Totaal;Europa (excl. Nederlandse achtergrond);2 jaar;2010;33980;17179;16801
6104;Totaal;Europa (excl. Nederlandse achtergrond);2 jaar;2011;40347;20743;19604
6105;Totaal;Europa (excl. Nederlandse achtergrond);2 jaar;2012;39030;19431;19599
6106;Totaal;Europa (excl. Nederlandse achtergrond);2 jaar;2013;40990;20509;20481
6107;Totaal;Europa (excl. Nederlandse achtergrond);2 jaar;2014;44334;22410;21924
6108;Totaal;Europa (excl. Nederlandse achtergrond);2 jaar;2015;43915;22054;21861
6109;Totaal;Europa (excl. Nederlandse achtergrond);2 jaar;2016;45272;22676;22596
6110;Totaal;Europa (excl. Nederlandse achtergrond);2 jaar;2017;49344;24879;24465
6111;Totaal;Europa (excl. Nederlandse achtergrond);2 jaar;2018;50328;25527;24801
6112;Totaal;Europa (excl. Nederlandse achtergrond);3 jaar;2003;24665;12054;12611
6113;Totaal;Europa (excl. Nederlandse achtergrond);3 jaar;2004;30088;14936;15152
6114;Totaal;Europa (excl. Nederlandse achtergrond);3 jaar;2005;28025;13831;14194
6115;Totaal;Europa (excl. Nederlandse achtergrond);3 jaar;2006;25208;11932;13276
6116;Totaal;Europa (excl. Nederlandse achtergrond);3 jaar;2007;22635;10625;12010
6117;Totaal;Europa (excl. Nederlandse achtergrond);3 jaar;2008;22360;10348;12012
6118;Totaal;Europa (excl. Nederlandse achtergrond);3 jaar;2009;21367;10092;11275
6119;Totaal;Europa (excl. Nederlandse achtergrond);3 jaar;2010;23364;11549;11815
6120;Totaal;Europa (excl. Nederlandse achtergrond);3 jaar;2011;29688;14735;14953
6121;Totaal;Europa (excl. Nederlandse achtergrond);3 jaar;2012;34799;17631;17168
6122;Totaal;Europa (excl. Nederlandse achtergrond);3 jaar;2013;33226;16308;16918
6123;Totaal;Europa (excl. Nederlandse achtergrond);3 jaar;2014;35076;17404;17672
6124;Totaal;Europa (excl. Nederlandse achtergrond);3 jaar;2015;38018;18958;19060
6125;Totaal;Europa (excl. Nederlandse achtergrond);3 jaar;2016;37645;18731;18914
6126;Totaal;Europa (excl. Nederlandse achtergrond);3 jaar;2017;39008;19345;19663
6127;Totaal;Europa (excl. Nederlandse achtergrond);3 jaar;2018;42394;21167;21227
6128;Totaal;Europa (excl. Nederlandse achtergrond);4 jaar;2003;21354;9795;11559
6129;Totaal;Europa (excl. Nederlandse achtergrond);4 jaar;2004;22408;10761;11647
6130;Totaal;Europa (excl. Nederlandse achtergrond);4 jaar;2005;27012;13175;13837
6131;Totaal;Europa (excl. Nederlandse achtergrond);4 jaar;2006;25278;12219;13059
6132;Totaal;Europa (excl. Nederlandse achtergrond);4 jaar;2007;22353;10362;11991
6133;Totaal;Europa (excl. Nederlandse achtergrond);4 jaar;2008;20496;9437;11059
6134;Totaal;Europa (excl. Nederlandse achtergrond);4 jaar;2009;20165;9135;11030
6135;Totaal;Europa (excl. Nederlandse achtergrond);4 jaar;2010;19104;8874;10230
6136;Totaal;Europa (excl. Nederlandse achtergrond);4 jaar;2011;20669;10065;10604
6137;Totaal;Europa (excl. Nederlandse achtergrond);4 jaar;2012;26631;13056;13575
6138;Totaal;Europa (excl. Nederlandse achtergrond);4 jaar;2013;30739;15355;15384
6139;Totaal;Europa (excl. Nederlandse achtergrond);4 jaar;2014;29414;14318;15096
6140;Totaal;Europa (excl. Nederlandse achtergrond);4 jaar;2015;30903;15201;15702
6141;Totaal;Europa (excl. Nederlandse achtergrond);4 jaar;2016;33743;16713;17030
6142;Totaal;Europa (excl. Nederlandse achtergrond);4 jaar;2017;33393;16466;16927
6143;Totaal;Europa (excl. Nederlandse achtergrond);4 jaar;2018;34803;17069;17734
6144;Totaal;Europa (excl. Nederlandse achtergrond);5 jaar;2003;19953;9213;10740
6145;Totaal;Europa (excl. Nederlandse achtergrond);5 jaar;2004;19819;8984;10835
6146;Totaal;Europa (excl. Nederlandse achtergrond);5 jaar;2005;20542;9746;10796
6147;Totaal;Europa (excl. Nederlandse achtergrond);5 jaar;2006;24848;11941;12907
6148;Totaal;Europa (excl. Nederlandse achtergrond);5 jaar;2007;22824;10812;12012
6149;Totaal;Europa (excl. Nederlandse achtergrond);5 jaar;2008;20529;9380;11149
6150;Totaal;Europa (excl. Nederlandse achtergrond);5 jaar;2009;19087;8662;10425
6151;Totaal;Europa (excl. Nederlandse achtergrond);5 jaar;2010;18725;8343;10382
6152;Totaal;Europa (excl. Nederlandse achtergrond);5 jaar;2011;17454;8007;9447
6153;Totaal;Europa (excl. Nederlandse achtergrond);5 jaar;2012;18796;9053;9743
6154;Totaal;Europa (excl. Nederlandse achtergrond);5 jaar;2013;24220;11700;12520
6155;Totaal;Europa (excl. Nederlandse achtergrond);5 jaar;2014;28005;13911;14094
6156;Totaal;Europa (excl. Nederlandse achtergrond);5 jaar;2015;26757;12906;13851
6157;Totaal;Europa (excl. Nederlandse achtergrond);5 jaar;2016;28255;13772;14483
6158;Totaal;Europa (excl. Nederlandse achtergrond);5 jaar;2017;30811;15113;15698
6159;Totaal;Europa (excl. Nederlandse achtergrond);5 jaar;2018;30627;14975;15652
6160;Totaal;Europa (excl. Nederlandse achtergrond);6 jaar;2003;19874;9126;10748
6161;Totaal;Europa (excl. Nederlandse achtergrond);6 jaar;2004;18798;8589;10209
6162;Totaal;Europa (excl. Nederlandse achtergrond);6 jaar;2005;18457;8261;10196
6163;Totaal;Europa (excl. Nederlandse achtergrond);6 jaar;2006;19216;9008;10208
6164;Totaal;Europa (excl. Nederlandse achtergrond);6 jaar;2007;22912;10862;12050
6165;Totaal;Europa (excl. Nederlandse achtergrond);6 jaar;2008;21337;9975;11362
6166;Totaal;Europa (excl. Nederlandse achtergrond);6 jaar;2009;19344;8743;10601
6167;Totaal;Europa (excl. Nederlandse achtergrond);6 jaar;2010;17937;8074;9863
6168;Totaal;Europa (excl. Nederlandse achtergrond);6 jaar;2011;17572;7690;9882
6169;Totaal;Europa (excl. Nederlandse achtergrond);6 jaar;2012;16154;7317;8837
6170;Totaal;Europa (excl. Nederlandse achtergrond);6 jaar;2013;17254;8215;9039
6171;Totaal;Europa (excl. Nederlandse achtergrond);6 jaar;2014;22576;10842;11734
6172;Totaal;Europa (excl. Nederlandse achtergrond);6 jaar;2015;26145;12919;13226
6173;Totaal;Europa (excl. Nederlandse achtergrond);6 jaar;2016;24942;11956;12986
6174;Totaal;Europa (excl. Nederlandse achtergrond);6 jaar;2017;26192;12667;13525
6175;Totaal;Europa (excl. Nederlandse achtergrond);6 jaar;2018;28749;13958;14791
6176;Totaal;Europa (excl. Nederlandse achtergrond);7 jaar;2003;19692;9506;10186
6177;Totaal;Europa (excl. Nederlandse achtergrond);7 jaar;2004;19015;8665;10350
6178;Totaal;Europa (excl. Nederlandse achtergrond);7 jaar;2005;17805;8057;9748
6179;Totaal;Europa (excl. Nederlandse achtergrond);7 jaar;2006;17374;7686;9688
6180;Totaal;Europa (excl. Nederlandse achtergrond);7 jaar;2007;17965;8341;9624
6181;Totaal;Europa (excl. Nederlandse achtergrond);7 jaar;2008;21633;10135;11498
6182;Totaal;Europa (excl. Nederlandse achtergrond);7 jaar;2009;20286;9393;10893
6183;Totaal;Europa (excl. Nederlandse achtergrond);7 jaar;2010;18390;8215;10175
6184;Totaal;Europa (excl. Nederlandse achtergrond);7 jaar;2011;17013;7586;9427
6185;Totaal;Europa (excl. Nederlandse achtergrond);7 jaar;2012;16664;7219;9445
6186;Totaal;Europa (excl. Nederlandse achtergrond);7 jaar;2013;15066;6728;8338
6187;Totaal;Europa (excl. Nederlandse achtergrond);7 jaar;2014;16179;7638;8541
6188;Totaal;Europa (excl. Nederlandse achtergrond);7 jaar;2015;21358;10153;11205
6189;Totaal;Europa (excl. Nederlandse achtergrond);7 jaar;2016;24800;12203;12597
6190;Totaal;Europa (excl. Nederlandse achtergrond);7 jaar;2017;23498;11189;12309
6191;Totaal;Europa (excl. Nederlandse achtergrond);7 jaar;2018;24707;11870;12837
6192;Totaal;Europa (excl. Nederlandse achtergrond);8 jaar;2003;18522;8894;9628
6193;Totaal;Europa (excl. Nederlandse achtergrond);8 jaar;2004;19064;9132;9932
6194;Totaal;Europa (excl. Nederlandse achtergrond);8 jaar;2005;18225;8238;9987
6195;Totaal;Europa (excl. Nederlandse achtergrond);8 jaar;2006;16939;7607;9332
6196;Totaal;Europa (excl. Nederlandse achtergrond);8 jaar;2007;16245;7100;9145
6197;Totaal;Europa (excl. Nederlandse achtergrond);8 jaar;2008;17075;7855;9220
6198;Totaal;Europa (excl. Nederlandse achtergrond);8 jaar;2009;20731;9623;11108
6199;Totaal;Europa (excl. Nederlandse achtergrond);8 jaar;2010;19493;8968;10525
6200;Totaal;Europa (excl. Nederlandse achtergrond);8 jaar;2011;17644;7805;9839
6201;Totaal;Europa (excl. Nederlandse achtergrond);8 jaar;2012;16280;7196;9084
6202;Totaal;Europa (excl. Nederlandse achtergrond);8 jaar;2013;15849;6816;9033
6203;Totaal;Europa (excl. Nederlandse achtergrond);8 jaar;2014;14213;6303;7910
6204;Totaal;Europa (excl. Nederlandse achtergrond);8 jaar;2015;15357;7179;8178
6205;Totaal;Europa (excl. Nederlandse achtergrond);8 jaar;2016;20474;9644;10830
6206;Totaal;Europa (excl. Nederlandse achtergrond);8 jaar;2017;23694;11640;12054
6207;Totaal;Europa (excl. Nederlandse achtergrond);8 jaar;2018;22442;10635;11807
6208;Totaal;Europa (excl. Nederlandse achtergrond);9 jaar;2003;20909;9934;10975
6209;Totaal;Europa (excl. Nederlandse achtergrond);9 jaar;2004;17911;8552;9359
6210;Totaal;Europa (excl. Nederlandse achtergrond);9 jaar;2005;18476;8799;9677
6211;Totaal;Europa (excl. Nederlandse achtergrond);9 jaar;2006;17539;7885;9654
6212;Totaal;Europa (excl. Nederlandse achtergrond);9 jaar;2007;16132;7152;8980
6213;Totaal;Europa (excl. Nederlandse achtergrond);9 jaar;2008;15488;6701;8787
6214;Totaal;Europa (excl. Nederlandse achtergrond);9 jaar;2009;16399;7486;8913
6215;Totaal;Europa (excl. Nederlandse achtergrond);9 jaar;2010;20026;9239;10787
6216;Totaal;Europa (excl. Nederlandse achtergrond);9 jaar;2011;18773;8564;10209
6217;Totaal;Europa (excl. Nederlandse achtergrond);9 jaar;2012;16987;7472;9515
6218;Totaal;Europa (excl. Nederlandse achtergrond);9 jaar;2013;15656;6875;8781
6219;Totaal;Europa (excl. Nederlandse achtergrond);9 jaar;2014;15185;6480;8705
6220;Totaal;Europa (excl. Nederlandse achtergrond);9 jaar;2015;13553;5963;7590
6221;Totaal;Europa (excl. Nederlandse achtergrond);9 jaar;2016;14774;6864;7910
6222;Totaal;Europa (excl. Nederlandse achtergrond);9 jaar;2017;19683;9223;10460
6223;Totaal;Europa (excl. Nederlandse achtergrond);9 jaar;2018;22788;11119;11669
6224;Totaal;Europa (excl. Nederlandse achtergrond);10 jaar;2003;18502;8873;9629
6225;Totaal;Europa (excl. Nederlandse achtergrond);10 jaar;2004;20386;9640;10746
6226;Totaal;Europa (excl. Nederlandse achtergrond);10 jaar;2005;17351;8238;9113
6227;Totaal;Europa (excl. Nederlandse achtergrond);10 jaar;2006;17910;8480;9430
6228;Totaal;Europa (excl. Nederlandse achtergrond);10 jaar;2007;16812;7491;9321
6229;Totaal;Europa (excl. Nederlandse achtergrond);10 jaar;2008;15509;6803;8706
6230;Totaal;Europa (excl. Nederlandse achtergrond);10 jaar;2009;14908;6411;8497
6231;Totaal;Europa (excl. Nederlandse achtergrond);10 jaar;2010;15839;7202;8637
6232;Totaal;Europa (excl. Nederlandse achtergrond);10 jaar;2011;19382;8902;10480
6233;Totaal;Europa (excl. Nederlandse achtergrond);10 jaar;2012;18139;8239;9900
6234;Totaal;Europa (excl. Nederlandse achtergrond);10 jaar;2013;16362;7153;9209
6235;Totaal;Europa (excl. Nederlandse achtergrond);10 jaar;2014;15049;6571;8478
6236;Totaal;Europa (excl. Nederlandse achtergrond);10 jaar;2015;14609;6189;8420
6237;Totaal;Europa (excl. Nederlandse achtergrond);10 jaar;2016;13103;5724;7379
6238;Totaal;Europa (excl. Nederlandse achtergrond);10 jaar;2017;14232;6570;7662
6239;Totaal;Europa (excl. Nederlandse achtergrond);10 jaar;2018;19061;8875;10186
6240;Totaal;Europa (excl. Nederlandse achtergrond);11 jaar;2003;16243;7822;8421
6241;Totaal;Europa (excl. Nederlandse achtergrond);11 jaar;2004;18046;8634;9412
6242;Totaal;Europa (excl. Nederlandse achtergrond);11 jaar;2005;19815;9330;10485
6243;Totaal;Europa (excl. Nederlandse achtergrond);11 jaar;2006;16879;7977;8902
6244;Totaal;Europa (excl. Nederlandse achtergrond);11 jaar;2007;17323;8161;9162
6245;Totaal;Europa (excl. Nederlandse achtergrond);11 jaar;2008;16269;7186;9083
6246;Totaal;Europa (excl. Nederlandse achtergrond);11 jaar;2009;15002;6552;8450
6247;Totaal;Europa (excl. Nederlandse achtergrond);11 jaar;2010;14458;6177;8281
6248;Totaal;Europa (excl. Nederlandse achtergrond);11 jaar;2011;15385;6965;8420
6249;Totaal;Europa (excl. Nederlandse achtergrond);11 jaar;2012;18815;8619;10196
6250;Totaal;Europa (excl. Nederlandse achtergrond);11 jaar;2013;17538;7911;9627
6251;Totaal;Europa (excl. Nederlandse achtergrond);11 jaar;2014;15819;6867;8952
6252;Totaal;Europa (excl. Nederlandse achtergrond);11 jaar;2015;14573;6320;8253
6253;Totaal;Europa (excl. Nederlandse achtergrond);11 jaar;2016;14219;5979;8240
6254;Totaal;Europa (excl. Nederlandse achtergrond);11 jaar;2017;12722;5539;7183
6255;Totaal;Europa (excl. Nederlandse achtergrond);11 jaar;2018;13798;6321;7477
6256;Totaal;Europa (excl. Nederlandse achtergrond);12 jaar;2003;15337;7457;7880
6257;Totaal;Europa (excl. Nederlandse achtergrond);12 jaar;2004;15898;7625;8273
6258;Totaal;Europa (excl. Nederlandse achtergrond);12 jaar;2005;17576;8387;9189
6259;Totaal;Europa (excl. Nederlandse achtergrond);12 jaar;2006;19274;9049;10225
6260;Totaal;Europa (excl. Nederlandse achtergrond);12 jaar;2007;16368;7691;8677
6261;Totaal;Europa (excl. Nederlandse achtergrond);12 jaar;2008;16918;7938;8980
6262;Totaal;Europa (excl. Nederlandse achtergrond);12 jaar;2009;15804;6933;8871
6263;Totaal;Europa (excl. Nederlandse achtergrond);12 jaar;2010;14607;6335;8272
6264;Totaal;Europa (excl. Nederlandse achtergrond);12 jaar;2011;14041;5967;8074
6265;Totaal;Europa (excl. Nederlandse achtergrond);12 jaar;2012;14937;6744;8193
6266;Totaal;Europa (excl. Nederlandse achtergrond);12 jaar;2013;18267;8310;9957
6267;Totaal;Europa (excl. Nederlandse achtergrond);12 jaar;2014;17066;7642;9424
6268;Totaal;Europa (excl. Nederlandse achtergrond);12 jaar;2015;15390;6635;8755
6269;Totaal;Europa (excl. Nederlandse achtergrond);12 jaar;2016;14197;6128;8069
6270;Totaal;Europa (excl. Nederlandse achtergrond);12 jaar;2017;13868;5811;8057
6271;Totaal;Europa (excl. Nederlandse achtergrond);12 jaar;2018;12387;5366;7021
6272;Totaal;Europa (excl. Nederlandse achtergrond);13 jaar;2003;13513;6451;7062
6273;Totaal;Europa (excl. Nederlandse achtergrond);13 jaar;2004;15036;7271;7765
6274;Totaal;Europa (excl. Nederlandse achtergrond);13 jaar;2005;15490;7378;8112
6275;Totaal;Europa (excl. Nederlandse achtergrond);13 jaar;2006;17112;8126;8986
6276;Totaal;Europa (excl. Nederlandse achtergrond);13 jaar;2007;18753;8748;10005
6277;Totaal;Europa (excl. Nederlandse achtergrond);13 jaar;2008;15929;7439;8490
6278;Totaal;Europa (excl. Nederlandse achtergrond);13 jaar;2009;16537;7713;8824
6279;Totaal;Europa (excl. Nederlandse achtergrond);13 jaar;2010;15422;6725;8697
6280;Totaal;Europa (excl. Nederlandse achtergrond);13 jaar;2011;14209;6131;8078
6281;Totaal;Europa (excl. Nederlandse achtergrond);13 jaar;2012;13661;5786;7875
6282;Totaal;Europa (excl. Nederlandse achtergrond);13 jaar;2013;14494;6498;7996
6283;Totaal;Europa (excl. Nederlandse achtergrond);13 jaar;2014;17785;8052;9733
6284;Totaal;Europa (excl. Nederlandse achtergrond);13 jaar;2015;16640;7412;9228
6285;Totaal;Europa (excl. Nederlandse achtergrond);13 jaar;2016;15040;6442;8598
6286;Totaal;Europa (excl. Nederlandse achtergrond);13 jaar;2017;13883;5968;7915
6287;Totaal;Europa (excl. Nederlandse achtergrond);13 jaar;2018;13563;5646;7917
6288;Totaal;Europa (excl. Nederlandse achtergrond);14 jaar;2003;13284;6119;7165
6289;Totaal;Europa (excl. Nederlandse achtergrond);14 jaar;2004;13252;6306;6946
6290;Totaal;Europa (excl. Nederlandse achtergrond);14 jaar;2005;14738;7093;7645
6291;Totaal;Europa (excl. Nederlandse achtergrond);14 jaar;2006;15099;7156;7943
6292;Totaal;Europa (excl. Nederlandse achtergrond);14 jaar;2007;16705;7898;8807
6293;Totaal;Europa (excl. Nederlandse achtergrond);14 jaar;2008;18264;8487;9777
6294;Totaal;Europa (excl. Nederlandse achtergrond);14 jaar;2009;15547;7238;8309
6295;Totaal;Europa (excl. Nederlandse achtergrond);14 jaar;2010;16190;7528;8662
6296;Totaal;Europa (excl. Nederlandse achtergrond);14 jaar;2011;15098;6550;8548
6297;Totaal;Europa (excl. Nederlandse achtergrond);14 jaar;2012;13873;5960;7913
6298;Totaal;Europa (excl. Nederlandse achtergrond);14 jaar;2013;13315;5614;7701
6299;Totaal;Europa (excl. Nederlandse achtergrond);14 jaar;2014;14074;6253;7821
6300;Totaal;Europa (excl. Nederlandse achtergrond);14 jaar;2015;17376;7816;9560
6301;Totaal;Europa (excl. Nederlandse achtergrond);14 jaar;2016;16288;7231;9057
6302;Totaal;Europa (excl. Nederlandse achtergrond);14 jaar;2017;14716;6283;8433
6303;Totaal;Europa (excl. Nederlandse achtergrond);14 jaar;2018;13609;5827;7782
6304;Totaal;Europa (excl. Nederlandse achtergrond);15 jaar;2003;11948;5413;6535
6305;Totaal;Europa (excl. Nederlandse achtergrond);15 jaar;2004;13047;5985;7062
6306;Totaal;Europa (excl. Nederlandse achtergrond);15 jaar;2005;13019;6172;6847
6307;Totaal;Europa (excl. Nederlandse achtergrond);15 jaar;2006;14407;6918;7489
6308;Totaal;Europa (excl. Nederlandse achtergrond);15 jaar;2007;14699;6918;7781
6309;Totaal;Europa (excl. Nederlandse achtergrond);15 jaar;2008;16337;7692;8645
6310;Totaal;Europa (excl. Nederlandse achtergrond);15 jaar;2009;17886;8291;9595
6311;Totaal;Europa (excl. Nederlandse achtergrond);15 jaar;2010;15280;7111;8169
6312;Totaal;Europa (excl. Nederlandse achtergrond);15 jaar;2011;15878;7347;8531
6313;Totaal;Europa (excl. Nederlandse achtergrond);15 jaar;2012;14763;6366;8397
6314;Totaal;Europa (excl. Nederlandse achtergrond);15 jaar;2013;13494;5756;7738
6315;Totaal;Europa (excl. Nederlandse achtergrond);15 jaar;2014;12972;5436;7536
6316;Totaal;Europa (excl. Nederlandse achtergrond);15 jaar;2015;13703;6063;7640
6317;Totaal;Europa (excl. Nederlandse achtergrond);15 jaar;2016;16994;7610;9384
6318;Totaal;Europa (excl. Nederlandse achtergrond);15 jaar;2017;15967;7036;8931
6319;Totaal;Europa (excl. Nederlandse achtergrond);15 jaar;2018;14394;6126;8268
6320;Totaal;Europa (excl. Nederlandse achtergrond);16 jaar;2003;11005;4902;6103
6321;Totaal;Europa (excl. Nederlandse achtergrond);16 jaar;2004;11752;5298;6454
6322;Totaal;Europa (excl. Nederlandse achtergrond);16 jaar;2005;12831;5867;6964
6323;Totaal;Europa (excl. Nederlandse achtergrond);16 jaar;2006;12743;6020;6723
6324;Totaal;Europa (excl. Nederlandse achtergrond);16 jaar;2007;14098;6729;7369
6325;Totaal;Europa (excl. Nederlandse achtergrond);16 jaar;2008;14345;6715;7630
6326;Totaal;Europa (excl. Nederlandse achtergrond);16 jaar;2009;15979;7493;8486
6327;Totaal;Europa (excl. Nederlandse achtergrond);16 jaar;2010;17642;8159;9483
6328;Totaal;Europa (excl. Nederlandse achtergrond);16 jaar;2011;15004;6966;8038
6329;Totaal;Europa (excl. Nederlandse achtergrond);16 jaar;2012;15561;7172;8389
6330;Totaal;Europa (excl. Nederlandse achtergrond);16 jaar;2013;14437;6187;8250
6331;Totaal;Europa (excl. Nederlandse achtergrond);16 jaar;2014;13183;5598;7585
6332;Totaal;Europa (excl. Nederlandse achtergrond);16 jaar;2015;12641;5271;7370
6333;Totaal;Europa (excl. Nederlandse achtergrond);16 jaar;2016;13389;5908;7481
6334;Totaal;Europa (excl. Nederlandse achtergrond);16 jaar;2017;16669;7445;9224
6335;Totaal;Europa (excl. Nederlandse achtergrond);16 jaar;2018;15684;6880;8804
6336;Totaal;Europa (excl. Nederlandse achtergrond);17 jaar;2003;8566;3643;4923
6337;Totaal;Europa (excl. Nederlandse achtergrond);17 jaar;2004;10837;4808;6029
6338;Totaal;Europa (excl. Nederlandse achtergrond);17 jaar;2005;11546;5177;6369
6339;Totaal;Europa (excl. Nederlandse achtergrond);17 jaar;2006;12605;5754;6851
6340;Totaal;Europa (excl. Nederlandse achtergrond);17 jaar;2007;12468;5863;6605
6341;Totaal;Europa (excl. Nederlandse achtergrond);17 jaar;2008;13794;6544;7250
6342;Totaal;Europa (excl. Nederlandse achtergrond);17 jaar;2009;14068;6552;7516
6343;Totaal;Europa (excl. Nederlandse achtergrond);17 jaar;2010;15745;7350;8395
6344;Totaal;Europa (excl. Nederlandse achtergrond);17 jaar;2011;17327;7986;9341
6345;Totaal;Europa (excl. Nederlandse achtergrond);17 jaar;2012;14701;6803;7898
6346;Totaal;Europa (excl. Nederlandse achtergrond);17 jaar;2013;15231;6987;8244
6347;Totaal;Europa (excl. Nederlandse achtergrond);17 jaar;2014;14153;6029;8124
6348;Totaal;Europa (excl. Nederlandse achtergrond);17 jaar;2015;12866;5441;7425
6349;Totaal;Europa (excl. Nederlandse achtergrond);17 jaar;2016;12349;5122;7227
6350;Totaal;Europa (excl. Nederlandse achtergrond);17 jaar;2017;13147;5790;7357
6351;Totaal;Europa (excl. Nederlandse achtergrond);17 jaar;2018;16400;7300;9100
6352;Totaal;Europa (excl. Nederlandse achtergrond);18 jaar;2003;6910;2802;4108
6353;Totaal;Europa (excl. Nederlandse achtergrond);18 jaar;2004;8399;3548;4851
6354;Totaal;Europa (excl. Nederlandse achtergrond);18 jaar;2005;10651;4711;5940
6355;Totaal;Europa (excl. Nederlandse achtergrond);18 jaar;2006;11329;5058;6271
6356;Totaal;Europa (excl. Nederlandse achtergrond);18 jaar;2007;12330;5594;6736
6357;Totaal;Europa (excl. Nederlandse achtergrond);18 jaar;2008;12223;5735;6488
6358;Totaal;Europa (excl. Nederlandse achtergrond);18 jaar;2009;13552;6396;7156
6359;Totaal;Europa (excl. Nederlandse achtergrond);18 jaar;2010;13898;6429;7469
6360;Totaal;Europa (excl. Nederlandse achtergrond);18 jaar;2011;15445;7210;8235
6361;Totaal;Europa (excl. Nederlandse achtergrond);18 jaar;2012;16990;7779;9211
6362;Totaal;Europa (excl. Nederlandse achtergrond);18 jaar;2013;14443;6675;7768
6363;Totaal;Europa (excl. Nederlandse achtergrond);18 jaar;2014;14933;6828;8105
6364;Totaal;Europa (excl. Nederlandse achtergrond);18 jaar;2015;13851;5877;7974
6365;Totaal;Europa (excl. Nederlandse achtergrond);18 jaar;2016;12579;5297;7282
6366;Totaal;Europa (excl. Nederlandse achtergrond);18 jaar;2017;12095;4984;7111
6367;Totaal;Europa (excl. Nederlandse achtergrond);18 jaar;2018;12901;5663;7238
6368;Totaal;Europa (excl. Nederlandse achtergrond);19 jaar;2003;6636;2599;4037
6369;Totaal;Europa (excl. Nederlandse achtergrond);19 jaar;2004;6812;2746;4066
6370;Totaal;Europa (excl. Nederlandse achtergrond);19 jaar;2005;8247;3468;4779
6371;Totaal;Europa (excl. Nederlandse achtergrond);19 jaar;2006;10469;4599;5870
6372;Totaal;Europa (excl. Nederlandse achtergrond);19 jaar;2007;11122;4957;6165
6373;Totaal;Europa (excl. Nederlandse achtergrond);19 jaar;2008;12100;5451;6649
6374;Totaal;Europa (excl. Nederlandse achtergrond);19 jaar;2009;12005;5616;6389
6375;Totaal;Europa (excl. Nederlandse achtergrond);19 jaar;2010;13397;6287;7110
6376;Totaal;Europa (excl. Nederlandse achtergrond);19 jaar;2011;13609;6267;7342
6377;Totaal;Europa (excl. Nederlandse achtergrond);19 jaar;2012;15128;7018;8110
6378;Totaal;Europa (excl. Nederlandse achtergrond);19 jaar;2013;16680;7616;9064
6379;Totaal;Europa (excl. Nederlandse achtergrond);19 jaar;2014;14156;6521;7635
6380;Totaal;Europa (excl. Nederlandse achtergrond);19 jaar;2015;14618;6662;7956
6381;Totaal;Europa (excl. Nederlandse achtergrond);19 jaar;2016;13598;5747;7851
6382;Totaal;Europa (excl. Nederlandse achtergrond);19 jaar;2017;12335;5177;7158
6383;Totaal;Europa (excl. Nederlandse achtergrond);19 jaar;2018;11858;4869;6989
6384;Totaal;Europa (excl. Nederlandse achtergrond);20 jaar;2003;7737;3312;4425
6385;Totaal;Europa (excl. Nederlandse achtergrond);20 jaar;2004;6510;2535;3975
6386;Totaal;Europa (excl. Nederlandse achtergrond);20 jaar;2005;6674;2677;3997
6387;Totaal;Europa (excl. Nederlandse achtergrond);20 jaar;2006;8073;3369;4704
6388;Totaal;Europa (excl. Nederlandse achtergrond);20 jaar;2007;10256;4487;5769
6389;Totaal;Europa (excl. Nederlandse achtergrond);20 jaar;2008;10934;4863;6071
6390;Totaal;Europa (excl. Nederlandse achtergrond);20 jaar;2009;11889;5323;6566
6391;Totaal;Europa (excl. Nederlandse achtergrond);20 jaar;2010;11869;5533;6336
6392;Totaal;Europa (excl. Nederlandse achtergrond);20 jaar;2011;13178;6166;7012
6393;Totaal;Europa (excl. Nederlandse achtergrond);20 jaar;2012;13376;6151;7225
6394;Totaal;Europa (excl. Nederlandse achtergrond);20 jaar;2013;14842;6847;7995
6395;Totaal;Europa (excl. Nederlandse achtergrond);20 jaar;2014;16395;7445;8950
6396;Totaal;Europa (excl. Nederlandse achtergrond);20 jaar;2015;13902;6379;7523
6397;Totaal;Europa (excl. Nederlandse achtergrond);20 jaar;2016;14364;6527;7837
6398;Totaal;Europa (excl. Nederlandse achtergrond);20 jaar;2017;13378;5628;7750
6399;Totaal;Europa (excl. Nederlandse achtergrond);20 jaar;2018;12112;5060;7052
6400;Totaal;Europa (excl. Nederlandse achtergrond);21 jaar;2003;9572;4436;5136
6401;Totaal;Europa (excl. Nederlandse achtergrond);21 jaar;2004;7636;3257;4379
6402;Totaal;Europa (excl. Nederlandse achtergrond);21 jaar;2005;6382;2472;3910
6403;Totaal;Europa (excl. Nederlandse achtergrond);21 jaar;2006;6534;2597;3937
6404;Totaal;Europa (excl. Nederlandse achtergrond);21 jaar;2007;7904;3287;4617
6405;Totaal;Europa (excl. Nederlandse achtergrond);21 jaar;2008;10074;4382;5692
6406;Totaal;Europa (excl. Nederlandse achtergrond);21 jaar;2009;10744;4756;5988
6407;Totaal;Europa (excl. Nederlandse achtergrond);21 jaar;2010;11754;5237;6517
6408;Totaal;Europa (excl. Nederlandse achtergrond);21 jaar;2011;11688;5428;6260
6409;Totaal;Europa (excl. Nederlandse achtergrond);21 jaar;2012;12933;6038;6895
6410;Totaal;Europa (excl. Nederlandse achtergrond);21 jaar;2013;13119;6008;7111
6411;Totaal;Europa (excl. Nederlandse achtergrond);21 jaar;2014;14561;6689;7872
6412;Totaal;Europa (excl. Nederlandse achtergrond);21 jaar;2015;16085;7266;8819
6413;Totaal;Europa (excl. Nederlandse achtergrond);21 jaar;2016;13660;6251;7409
6414;Totaal;Europa (excl. Nederlandse achtergrond);21 jaar;2017;14132;6410;7722
6415;Totaal;Europa (excl. Nederlandse achtergrond);21 jaar;2018;13171;5519;7652
6416;Totaal;Europa (excl. Nederlandse achtergrond);22 jaar;2003;15219;7550;7669
6417;Totaal;Europa (excl. Nederlandse achtergrond);22 jaar;2004;9434;4368;5066
6418;Totaal;Europa (excl. Nederlandse achtergrond);22 jaar;2005;7514;3193;4321
6419;Totaal;Europa (excl. Nederlandse achtergrond);22 jaar;2006;6262;2420;3842
6420;Totaal;Europa (excl. Nederlandse achtergrond);22 jaar;2007;6362;2500;3862
6421;Totaal;Europa (excl. Nederlandse achtergrond);22 jaar;2008;7757;3209;4548
6422;Totaal;Europa (excl. Nederlandse achtergrond);22 jaar;2009;9919;4298;5621
6423;Totaal;Europa (excl. Nederlandse achtergrond);22 jaar;2010;10613;4671;5942
6424;Totaal;Europa (excl. Nederlandse achtergrond);22 jaar;2011;11558;5119;6439
6425;Totaal;Europa (excl. Nederlandse achtergrond);22 jaar;2012;11479;5316;6163
6426;Totaal;Europa (excl. Nederlandse achtergrond);22 jaar;2013;12714;5902;6812
6427;Totaal;Europa (excl. Nederlandse achtergrond);22 jaar;2014;12891;5873;7018
6428;Totaal;Europa (excl. Nederlandse achtergrond);22 jaar;2015;14281;6528;7753
6429;Totaal;Europa (excl. Nederlandse achtergrond);22 jaar;2016;15807;7111;8696
6430;Totaal;Europa (excl. Nederlandse achtergrond);22 jaar;2017;13434;6130;7304
6431;Totaal;Europa (excl. Nederlandse achtergrond);22 jaar;2018;13946;6307;7639
6432;Totaal;Europa (excl. Nederlandse achtergrond);23 jaar;2003;13604;6541;7063
6433;Totaal;Europa (excl. Nederlandse achtergrond);23 jaar;2004;15008;7421;7587
6434;Totaal;Europa (excl. Nederlandse achtergrond);23 jaar;2005;9291;4280;5011
6435;Totaal;Europa (excl. Nederlandse achtergrond);23 jaar;2006;7379;3115;4264
6436;Totaal;Europa (excl. Nederlandse achtergrond);23 jaar;2007;6150;2364;3786
6437;Totaal;Europa (excl. Nederlandse achtergrond);23 jaar;2008;6217;2428;3789
6438;Totaal;Europa (excl. Nederlandse achtergrond);23 jaar;2009;7625;3135;4490
6439;Totaal;Europa (excl. Nederlandse achtergrond);23 jaar;2010;9819;4243;5576
6440;Totaal;Europa (excl. Nederlandse achtergrond);23 jaar;2011;10481;4591;5890
6441;Totaal;Europa (excl. Nederlandse achtergrond);23 jaar;2012;11379;5019;6360
6442;Totaal;Europa (excl. Nederlandse achtergrond);23 jaar;2013;11273;5202;6071
6443;Totaal;Europa (excl. Nederlandse achtergrond);23 jaar;2014;12473;5761;6712
6444;Totaal;Europa (excl. Nederlandse achtergrond);23 jaar;2015;12621;5725;6896
6445;Totaal;Europa (excl. Nederlandse achtergrond);23 jaar;2016;14041;6410;7631
6446;Totaal;Europa (excl. Nederlandse achtergrond);23 jaar;2017;15562;6973;8589
6447;Totaal;Europa (excl. Nederlandse achtergrond);23 jaar;2018;13233;6024;7209
6448;Totaal;Europa (excl. Nederlandse achtergrond);24 jaar;2003;12138;5642;6496
6449;Totaal;Europa (excl. Nederlandse achtergrond);24 jaar;2004;13455;6451;7004
6450;Totaal;Europa (excl. Nederlandse achtergrond);24 jaar;2005;14806;7302;7504
6451;Totaal;Europa (excl. Nederlandse achtergrond);24 jaar;2006;9142;4190;4952
6452;Totaal;Europa (excl. Nederlandse achtergrond);24 jaar;2007;7259;3048;4211
6453;Totaal;Europa (excl. Nederlandse achtergrond);24 jaar;2008;6022;2297;3725
6454;Totaal;Europa (excl. Nederlandse achtergrond);24 jaar;2009;6124;2380;3744
6455;Totaal;Europa (excl. Nederlandse achtergrond);24 jaar;2010;7572;3096;4476
6456;Totaal;Europa (excl. Nederlandse achtergrond);24 jaar;2011;9672;4166;5506
6457;Totaal;Europa (excl. Nederlandse achtergrond);24 jaar;2012;10297;4497;5800
6458;Totaal;Europa (excl. Nederlandse achtergrond);24 jaar;2013;11190;4912;6278
6459;Totaal;Europa (excl. Nederlandse achtergrond);24 jaar;2014;11042;5069;5973
6460;Totaal;Europa (excl. Nederlandse achtergrond);24 jaar;2015;12220;5605;6615
6461;Totaal;Europa (excl. Nederlandse achtergrond);24 jaar;2016;12387;5594;6793
6462;Totaal;Europa (excl. Nederlandse achtergrond);24 jaar;2017;13810;6296;7514
6463;Totaal;Europa (excl. Nederlandse achtergrond);24 jaar;2018;15329;6842;8487
6464;Totaal;Europa (excl. Nederlandse achtergrond);25 jaar;2003;11363;4983;6380
6465;Totaal;Europa (excl. Nederlandse achtergrond);25 jaar;2004;11989;5551;6438
6466;Totaal;Europa (excl. Nederlandse achtergrond);25 jaar;2005;13284;6365;6919
6467;Totaal;Europa (excl. Nederlandse achtergrond);25 jaar;2006;14618;7190;7428
6468;Totaal;Europa (excl. Nederlandse achtergrond);25 jaar;2007;8986;4101;4885
6469;Totaal;Europa (excl. Nederlandse achtergrond);25 jaar;2008;7131;2982;4149
6470;Totaal;Europa (excl. Nederlandse achtergrond);25 jaar;2009;5931;2250;3681
6471;Totaal;Europa (excl. Nederlandse achtergrond);25 jaar;2010;6072;2347;3725
6472;Totaal;Europa (excl. Nederlandse achtergrond);25 jaar;2011;7462;3038;4424
6473;Totaal;Europa (excl. Nederlandse achtergrond);25 jaar;2012;9529;4089;5440
6474;Totaal;Europa (excl. Nederlandse achtergrond);25 jaar;2013;10143;4412;5731
6475;Totaal;Europa (excl. Nederlandse achtergrond);25 jaar;2014;10990;4810;6180
6476;Totaal;Europa (excl. Nederlandse achtergrond);25 jaar;2015;10816;4937;5879
6477;Totaal;Europa (excl. Nederlandse achtergrond);25 jaar;2016;12010;5488;6522
6478;Totaal;Europa (excl. Nederlandse achtergrond);25 jaar;2017;12205;5502;6703
6479;Totaal;Europa (excl. Nederlandse achtergrond);25 jaar;2018;13588;6178;7410
6480;Totaal;Europa (excl. Nederlandse achtergrond);26 jaar;2003;11254;5162;6092
6481;Totaal;Europa (excl. Nederlandse achtergrond);26 jaar;2004;11222;4897;6325
6482;Totaal;Europa (excl. Nederlandse achtergrond);26 jaar;2005;11841;5471;6370
6483;Totaal;Europa (excl. Nederlandse achtergrond);26 jaar;2006;13105;6259;6846
6484;Totaal;Europa (excl. Nederlandse achtergrond);26 jaar;2007;14405;7061;7344
6485;Totaal;Europa (excl. Nederlandse achtergrond);26 jaar;2008;8836;4024;4812
6486;Totaal;Europa (excl. Nederlandse achtergrond);26 jaar;2009;7033;2934;4099
6487;Totaal;Europa (excl. Nederlandse achtergrond);26 jaar;2010;5871;2214;3657
6488;Totaal;Europa (excl. Nederlandse achtergrond);26 jaar;2011;5990;2303;3687
6489;Totaal;Europa (excl. Nederlandse achtergrond);26 jaar;2012;7322;2970;4352
6490;Totaal;Europa (excl. Nederlandse achtergrond);26 jaar;2013;9382;4009;5373
6491;Totaal;Europa (excl. Nederlandse achtergrond);26 jaar;2014;9987;4333;5654
6492;Totaal;Europa (excl. Nederlandse achtergrond);26 jaar;2015;10774;4696;6078
6493;Totaal;Europa (excl. Nederlandse achtergrond);26 jaar;2016;10607;4831;5776
6494;Totaal;Europa (excl. Nederlandse achtergrond);26 jaar;2017;11818;5393;6425
6495;Totaal;Europa (excl. Nederlandse achtergrond);26 jaar;2018;12008;5389;6619
6496;Totaal;Europa (excl. Nederlandse achtergrond);27 jaar;2003;12700;7045;5655
6497;Totaal;Europa (excl. Nederlandse achtergrond);27 jaar;2004;11106;5078;6028
6498;Totaal;Europa (excl. Nederlandse achtergrond);27 jaar;2005;11062;4805;6257
6499;Totaal;Europa (excl. Nederlandse achtergrond);27 jaar;2006;11643;5354;6289
6500;Totaal;Europa (excl. Nederlandse achtergrond);27 jaar;2007;12900;6133;6767
6501;Totaal;Europa (excl. Nederlandse achtergrond);27 jaar;2008;14205;6940;7265
6502;Totaal;Europa (excl. Nederlandse achtergrond);27 jaar;2009;8717;3950;4767
6503;Totaal;Europa (excl. Nederlandse achtergrond);27 jaar;2010;7000;2909;4091
6504;Totaal;Europa (excl. Nederlandse achtergrond);27 jaar;2011;5766;2168;3598
6505;Totaal;Europa (excl. Nederlandse achtergrond);27 jaar;2012;5880;2254;3626
6506;Totaal;Europa (excl. Nederlandse achtergrond);27 jaar;2013;7206;2905;4301
6507;Totaal;Europa (excl. Nederlandse achtergrond);27 jaar;2014;9225;3924;5301
6508;Totaal;Europa (excl. Nederlandse achtergrond);27 jaar;2015;9780;4226;5554
6509;Totaal;Europa (excl. Nederlandse achtergrond);27 jaar;2016;10579;4607;5972
6510;Totaal;Europa (excl. Nederlandse achtergrond);27 jaar;2017;10453;4746;5707
6511;Totaal;Europa (excl. Nederlandse achtergrond);27 jaar;2018;11657;5305;6352
6512;Totaal;Europa (excl. Nederlandse achtergrond);28 jaar;2003;10828;5176;5652
6513;Totaal;Europa (excl. Nederlandse achtergrond);28 jaar;2004;12498;6928;5570
6514;Totaal;Europa (excl. Nederlandse achtergrond);28 jaar;2005;10943;4980;5963
6515;Totaal;Europa (excl. Nederlandse achtergrond);28 jaar;2006;10905;4728;6177
6516;Totaal;Europa (excl. Nederlandse achtergrond);28 jaar;2007;11458;5245;6213
6517;Totaal;Europa (excl. Nederlandse achtergrond);28 jaar;2008;12704;6008;6696
6518;Totaal;Europa (excl. Nederlandse achtergrond);28 jaar;2009;14015;6828;7187
6519;Totaal;Europa (excl. Nederlandse achtergrond);28 jaar;2010;8630;3898;4732
6520;Totaal;Europa (excl. Nederlandse achtergrond);28 jaar;2011;6907;2869;4038
6521;Totaal;Europa (excl. Nederlandse achtergrond);28 jaar;2012;5671;2119;3552
6522;Totaal;Europa (excl. Nederlandse achtergrond);28 jaar;2013;5800;2223;3577
6523;Totaal;Europa (excl. Nederlandse achtergrond);28 jaar;2014;7098;2851;4247
6524;Totaal;Europa (excl. Nederlandse achtergrond);28 jaar;2015;9065;3841;5224
6525;Totaal;Europa (excl. Nederlandse achtergrond);28 jaar;2016;9593;4134;5459
6526;Totaal;Europa (excl. Nederlandse achtergrond);28 jaar;2017;10414;4522;5892
6527;Totaal;Europa (excl. Nederlandse achtergrond);28 jaar;2018;10295;4652;5643
6528;Totaal;Europa (excl. Nederlandse achtergrond);29 jaar;2003;10344;4946;5398
6529;Totaal;Europa (excl. Nederlandse achtergrond);29 jaar;2004;10674;5079;5595
6530;Totaal;Europa (excl. Nederlandse achtergrond);29 jaar;2005;12293;6791;5502
6531;Totaal;Europa (excl. Nederlandse achtergrond);29 jaar;2006;10775;4884;5891
6532;Totaal;Europa (excl. Nederlandse achtergrond);29 jaar;2007;10726;4638;6088
6533;Totaal;Europa (excl. Nederlandse achtergrond);29 jaar;2008;11285;5146;6139
6534;Totaal;Europa (excl. Nederlandse achtergrond);29 jaar;2009;12509;5898;6611
6535;Totaal;Europa (excl. Nederlandse achtergrond);29 jaar;2010;13877;6736;7141
6536;Totaal;Europa (excl. Nederlandse achtergrond);29 jaar;2011;8527;3838;4689
6537;Totaal;Europa (excl. Nederlandse achtergrond);29 jaar;2012;6800;2825;3975
6538;Totaal;Europa (excl. Nederlandse achtergrond);29 jaar;2013;5582;2073;3509
6539;Totaal;Europa (excl. Nederlandse achtergrond);29 jaar;2014;5713;2166;3547
6540;Totaal;Europa (excl. Nederlandse achtergrond);29 jaar;2015;6974;2788;4186
6541;Totaal;Europa (excl. Nederlandse achtergrond);29 jaar;2016;8905;3756;5149
6542;Totaal;Europa (excl. Nederlandse achtergrond);29 jaar;2017;9456;4059;5397
6543;Totaal;Europa (excl. Nederlandse achtergrond);29 jaar;2018;10272;4447;5825
6544;Totaal;Europa (excl. Nederlandse achtergrond);30 jaar;2003;8375;3622;4753
6545;Totaal;Europa (excl. Nederlandse achtergrond);30 jaar;2004;10181;4834;5347
6546;Totaal;Europa (excl. Nederlandse achtergrond);30 jaar;2005;10501;4975;5526
6547;Totaal;Europa (excl. Nederlandse achtergrond);30 jaar;2006;12078;6646;5432
6548;Totaal;Europa (excl. Nederlandse achtergrond);30 jaar;2007;10600;4784;5816
6549;Totaal;Europa (excl. Nederlandse achtergrond);30 jaar;2008;10554;4544;6010
6550;Totaal;Europa (excl. Nederlandse achtergrond);30 jaar;2009;11132;5060;6072
6551;Totaal;Europa (excl. Nederlandse achtergrond);30 jaar;2010;12403;5844;6559
6552;Totaal;Europa (excl. Nederlandse achtergrond);30 jaar;2011;13706;6631;7075
6553;Totaal;Europa (excl. Nederlandse achtergrond);30 jaar;2012;8388;3762;4626
6554;Totaal;Europa (excl. Nederlandse achtergrond);30 jaar;2013;6705;2772;3933
6555;Totaal;Europa (excl. Nederlandse achtergrond);30 jaar;2014;5502;2035;3467
6556;Totaal;Europa (excl. Nederlandse achtergrond);30 jaar;2015;5620;2123;3497
6557;Totaal;Europa (excl. Nederlandse achtergrond);30 jaar;2016;6848;2722;4126
6558;Totaal;Europa (excl. Nederlandse achtergrond);30 jaar;2017;8759;3687;5072
6559;Totaal;Europa (excl. Nederlandse achtergrond);30 jaar;2018;9317;3982;5335
6560;Totaal;Europa (excl. Nederlandse achtergrond);31 jaar;2003;10543;5738;4805
6561;Totaal;Europa (excl. Nederlandse achtergrond);31 jaar;2004;8287;3572;4715
6562;Totaal;Europa (excl. Nederlandse achtergrond);31 jaar;2005;10022;4738;5284
6563;Totaal;Europa (excl. Nederlandse achtergrond);31 jaar;2006;10326;4879;5447
6564;Totaal;Europa (excl. Nederlandse achtergrond);31 jaar;2007;11891;6526;5365
6565;Totaal;Europa (excl. Nederlandse achtergrond);31 jaar;2008;10431;4687;5744
6566;Totaal;Europa (excl. Nederlandse achtergrond);31 jaar;2009;10393;4467;5926
6567;Totaal;Europa (excl. Nederlandse achtergrond);31 jaar;2010;11036;5003;6033
6568;Totaal;Europa (excl. Nederlandse achtergrond);31 jaar;2011;12235;5750;6485
6569;Totaal;Europa (excl. Nederlandse achtergrond);31 jaar;2012;13534;6536;6998
6570;Totaal;Europa (excl. Nederlandse achtergrond);31 jaar;2013;8275;3701;4574
6571;Totaal;Europa (excl. Nederlandse achtergrond);31 jaar;2014;6593;2730;3863
6572;Totaal;Europa (excl. Nederlandse achtergrond);31 jaar;2015;5401;1984;3417
6573;Totaal;Europa (excl. Nederlandse achtergrond);31 jaar;2016;5498;2066;3432
6574;Totaal;Europa (excl. Nederlandse achtergrond);31 jaar;2017;6742;2666;4076
6575;Totaal;Europa (excl. Nederlandse achtergrond);31 jaar;2018;8624;3616;5008
6576;Totaal;Europa (excl. Nederlandse achtergrond);32 jaar;2003;9177;5242;3935
6577;Totaal;Europa (excl. Nederlandse achtergrond);32 jaar;2004;10342;5607;4735
6578;Totaal;Europa (excl. Nederlandse achtergrond);32 jaar;2005;8147;3493;4654
6579;Totaal;Europa (excl. Nederlandse achtergrond);32 jaar;2006;9875;4648;5227
6580;Totaal;Europa (excl. Nederlandse achtergrond);32 jaar;2007;10153;4767;5386
6581;Totaal;Europa (excl. Nederlandse achtergrond);32 jaar;2008;11694;6396;5298
6582;Totaal;Europa (excl. Nederlandse achtergrond);32 jaar;2009;10298;4609;5689
6583;Totaal;Europa (excl. Nederlandse achtergrond);32 jaar;2010;10306;4408;5898
6584;Totaal;Europa (excl. Nederlandse achtergrond);32 jaar;2011;10877;4915;5962
6585;Totaal;Europa (excl. Nederlandse achtergrond);32 jaar;2012;12033;5658;6375
6586;Totaal;Europa (excl. Nederlandse achtergrond);32 jaar;2013;13346;6436;6910
6587;Totaal;Europa (excl. Nederlandse achtergrond);32 jaar;2014;8160;3642;4518
6588;Totaal;Europa (excl. Nederlandse achtergrond);32 jaar;2015;6458;2657;3801
6589;Totaal;Europa (excl. Nederlandse achtergrond);32 jaar;2016;5305;1943;3362
6590;Totaal;Europa (excl. Nederlandse achtergrond);32 jaar;2017;5410;2018;3392
6591;Totaal;Europa (excl. Nederlandse achtergrond);32 jaar;2018;6631;2611;4020
6592;Totaal;Europa (excl. Nederlandse achtergrond);33 jaar;2003;7846;4532;3314
6593;Totaal;Europa (excl. Nederlandse achtergrond);33 jaar;2004;9018;5132;3886
6594;Totaal;Europa (excl. Nederlandse achtergrond);33 jaar;2005;10153;5490;4663
6595;Totaal;Europa (excl. Nederlandse achtergrond);33 jaar;2006;7999;3411;4588
6596;Totaal;Europa (excl. Nederlandse achtergrond);33 jaar;2007;9684;4547;5137
6597;Totaal;Europa (excl. Nederlandse achtergrond);33 jaar;2008;9980;4663;5317
6598;Totaal;Europa (excl. Nederlandse achtergrond);33 jaar;2009;11502;6277;5225
6599;Totaal;Europa (excl. Nederlandse achtergrond);33 jaar;2010;10174;4542;5632
6600;Totaal;Europa (excl. Nederlandse achtergrond);33 jaar;2011;10177;4341;5836
6601;Totaal;Europa (excl. Nederlandse achtergrond);33 jaar;2012;10728;4842;5886
6602;Totaal;Europa (excl. Nederlandse achtergrond);33 jaar;2013;11855;5563;6292
6603;Totaal;Europa (excl. Nederlandse achtergrond);33 jaar;2014;13159;6332;6827
6604;Totaal;Europa (excl. Nederlandse achtergrond);33 jaar;2015;8005;3560;4445
6605;Totaal;Europa (excl. Nederlandse achtergrond);33 jaar;2016;6355;2601;3754
6606;Totaal;Europa (excl. Nederlandse achtergrond);33 jaar;2017;5215;1908;3307
6607;Totaal;Europa (excl. Nederlandse achtergrond);33 jaar;2018;5340;1983;3357
6608;Totaal;Europa (excl. Nederlandse achtergrond);34 jaar;2003;5769;3104;2665
6609;Totaal;Europa (excl. Nederlandse achtergrond);34 jaar;2004;7735;4466;3269
6610;Totaal;Europa (excl. Nederlandse achtergrond);34 jaar;2005;8834;5012;3822
6611;Totaal;Europa (excl. Nederlandse achtergrond);34 jaar;2006;9945;5354;4591
6612;Totaal;Europa (excl. Nederlandse achtergrond);34 jaar;2007;7854;3340;4514
6613;Totaal;Europa (excl. Nederlandse achtergrond);34 jaar;2008;9522;4453;5069
6614;Totaal;Europa (excl. Nederlandse achtergrond);34 jaar;2009;9814;4567;5247
6615;Totaal;Europa (excl. Nederlandse achtergrond);34 jaar;2010;11366;6177;5189
6616;Totaal;Europa (excl. Nederlandse achtergrond);34 jaar;2011;10028;4454;5574
6617;Totaal;Europa (excl. Nederlandse achtergrond);34 jaar;2012;10032;4260;5772
6618;Totaal;Europa (excl. Nederlandse achtergrond);34 jaar;2013;10593;4762;5831
6619;Totaal;Europa (excl. Nederlandse achtergrond);34 jaar;2014;11670;5452;6218
6620;Totaal;Europa (excl. Nederlandse achtergrond);34 jaar;2015;12903;6192;6711
6621;Totaal;Europa (excl. Nederlandse achtergrond);34 jaar;2016;7849;3481;4368
6622;Totaal;Europa (excl. Nederlandse achtergrond);34 jaar;2017;6243;2550;3693
6623;Totaal;Europa (excl. Nederlandse achtergrond);34 jaar;2018;5149;1872;3277
6624;Totaal;Europa (excl. Nederlandse achtergrond);35 jaar;2003;3679;1743;1936
6625;Totaal;Europa (excl. Nederlandse achtergrond);35 jaar;2004;5647;3029;2618
6626;Totaal;Europa (excl. Nederlandse achtergrond);35 jaar;2005;7614;4378;3236
6627;Totaal;Europa (excl. Nederlandse achtergrond);35 jaar;2006;8625;4882;3743
6628;Totaal;Europa (excl. Nederlandse achtergrond);35 jaar;2007;9741;5226;4515
6629;Totaal;Europa (excl. Nederlandse achtergrond);35 jaar;2008;7728;3286;4442
6630;Totaal;Europa (excl. Nederlandse achtergrond);35 jaar;2009;9343;4355;4988
6631;Totaal;Europa (excl. Nederlandse achtergrond);35 jaar;2010;9709;4507;5202
6632;Totaal;Europa (excl. Nederlandse achtergrond);35 jaar;2011;11172;6046;5126
6633;Totaal;Europa (excl. Nederlandse achtergrond);35 jaar;2012;9889;4380;5509
6634;Totaal;Europa (excl. Nederlandse achtergrond);35 jaar;2013;9877;4190;5687
6635;Totaal;Europa (excl. Nederlandse achtergrond);35 jaar;2014;10453;4686;5767
6636;Totaal;Europa (excl. Nederlandse achtergrond);35 jaar;2015;11445;5330;6115
6637;Totaal;Europa (excl. Nederlandse achtergrond);35 jaar;2016;12667;6075;6592
6638;Totaal;Europa (excl. Nederlandse achtergrond);35 jaar;2017;7719;3415;4304
6639;Totaal;Europa (excl. Nederlandse achtergrond);35 jaar;2018;6144;2507;3637
6640;Totaal;Europa (excl. Nederlandse achtergrond);36 jaar;2003;5079;3105;1974
6641;Totaal;Europa (excl. Nederlandse achtergrond);36 jaar;2004;3623;1712;1911
6642;Totaal;Europa (excl. Nederlandse achtergrond);36 jaar;2005;5530;2953;2577
6643;Totaal;Europa (excl. Nederlandse achtergrond);36 jaar;2006;7450;4267;3183
6644;Totaal;Europa (excl. Nederlandse achtergrond);36 jaar;2007;8418;4733;3685
6645;Totaal;Europa (excl. Nederlandse achtergrond);36 jaar;2008;9524;5080;4444
6646;Totaal;Europa (excl. Nederlandse achtergrond);36 jaar;2009;7579;3213;4366
6647;Totaal;Europa (excl. Nederlandse achtergrond);36 jaar;2010;9214;4279;4935
6648;Totaal;Europa (excl. Nederlandse achtergrond);36 jaar;2011;9554;4424;5130
6649;Totaal;Europa (excl. Nederlandse achtergrond);36 jaar;2012;11019;5940;5079
6650;Totaal;Europa (excl. Nederlandse achtergrond);36 jaar;2013;9745;4298;5447
6651;Totaal;Europa (excl. Nederlandse achtergrond);36 jaar;2014;9735;4111;5624
6652;Totaal;Europa (excl. Nederlandse achtergrond);36 jaar;2015;10277;4589;5688
6653;Totaal;Europa (excl. Nederlandse achtergrond);36 jaar;2016;11264;5243;6021
6654;Totaal;Europa (excl. Nederlandse achtergrond);36 jaar;2017;12454;5967;6487
6655;Totaal;Europa (excl. Nederlandse achtergrond);36 jaar;2018;7602;3364;4238
6656;Totaal;Europa (excl. Nederlandse achtergrond);37 jaar;2003;4272;2577;1695
6657;Totaal;Europa (excl. Nederlandse achtergrond);37 jaar;2004;4961;3017;1944
6658;Totaal;Europa (excl. Nederlandse achtergrond);37 jaar;2005;3541;1671;1870
6659;Totaal;Europa (excl. Nederlandse achtergrond);37 jaar;2006;5412;2880;2532
6660;Totaal;Europa (excl. Nederlandse achtergrond);37 jaar;2007;7291;4162;3129
6661;Totaal;Europa (excl. Nederlandse achtergrond);37 jaar;2008;8227;4609;3618
6662;Totaal;Europa (excl. Nederlandse achtergrond);37 jaar;2009;9322;4961;4361
6663;Totaal;Europa (excl. Nederlandse achtergrond);37 jaar;2010;7478;3175;4303
6664;Totaal;Europa (excl. Nederlandse achtergrond);37 jaar;2011;9068;4191;4877
6665;Totaal;Europa (excl. Nederlandse achtergrond);37 jaar;2012;9411;4345;5066
6666;Totaal;Europa (excl. Nederlandse achtergrond);37 jaar;2013;10824;5813;5011
6667;Totaal;Europa (excl. Nederlandse achtergrond);37 jaar;2014;9567;4193;5374
6668;Totaal;Europa (excl. Nederlandse achtergrond);37 jaar;2015;9566;4032;5534
6669;Totaal;Europa (excl. Nederlandse achtergrond);37 jaar;2016;10100;4496;5604
6670;Totaal;Europa (excl. Nederlandse achtergrond);37 jaar;2017;11096;5162;5934
6671;Totaal;Europa (excl. Nederlandse achtergrond);37 jaar;2018;12257;5864;6393
6672;Totaal;Europa (excl. Nederlandse achtergrond);38 jaar;2003;3870;2318;1552
6673;Totaal;Europa (excl. Nederlandse achtergrond);38 jaar;2004;4183;2515;1668
6674;Totaal;Europa (excl. Nederlandse achtergrond);38 jaar;2005;4858;2937;1921
6675;Totaal;Europa (excl. Nederlandse achtergrond);38 jaar;2006;3480;1639;1841
6676;Totaal;Europa (excl. Nederlandse achtergrond);38 jaar;2007;5286;2796;2490
6677;Totaal;Europa (excl. Nederlandse achtergrond);38 jaar;2008;7133;4052;3081
6678;Totaal;Europa (excl. Nederlandse achtergrond);38 jaar;2009;8040;4468;3572
6679;Totaal;Europa (excl. Nederlandse achtergrond);38 jaar;2010;9166;4840;4326
6680;Totaal;Europa (excl. Nederlandse achtergrond);38 jaar;2011;7361;3109;4252
6681;Totaal;Europa (excl. Nederlandse achtergrond);38 jaar;2012;8916;4115;4801
6682;Totaal;Europa (excl. Nederlandse achtergrond);38 jaar;2013;9237;4245;4992
6683;Totaal;Europa (excl. Nederlandse achtergrond);38 jaar;2014;10581;5658;4923
6684;Totaal;Europa (excl. Nederlandse achtergrond);38 jaar;2015;9387;4111;5276
6685;Totaal;Europa (excl. Nederlandse achtergrond);38 jaar;2016;9386;3949;5437
6686;Totaal;Europa (excl. Nederlandse achtergrond);38 jaar;2017;9937;4418;5519
6687;Totaal;Europa (excl. Nederlandse achtergrond);38 jaar;2018;10938;5085;5853
6688;Totaal;Europa (excl. Nederlandse achtergrond);39 jaar;2003;2699;1392;1307
6689;Totaal;Europa (excl. Nederlandse achtergrond);39 jaar;2004;3789;2264;1525
6690;Totaal;Europa (excl. Nederlandse achtergrond);39 jaar;2005;4080;2449;1631
6691;Totaal;Europa (excl. Nederlandse achtergrond);39 jaar;2006;4748;2858;1890
6692;Totaal;Europa (excl. Nederlandse achtergrond);39 jaar;2007;3407;1605;1802
6693;Totaal;Europa (excl. Nederlandse achtergrond);39 jaar;2008;5157;2712;2445
6694;Totaal;Europa (excl. Nederlandse achtergrond);39 jaar;2009;6956;3930;3026
6695;Totaal;Europa (excl. Nederlandse achtergrond);39 jaar;2010;7925;4383;3542
6696;Totaal;Europa (excl. Nederlandse achtergrond);39 jaar;2011;8983;4720;4263
6697;Totaal;Europa (excl. Nederlandse achtergrond);39 jaar;2012;7243;3050;4193
6698;Totaal;Europa (excl. Nederlandse achtergrond);39 jaar;2013;8747;4014;4733
6699;Totaal;Europa (excl. Nederlandse achtergrond);39 jaar;2014;9075;4151;4924
6700;Totaal;Europa (excl. Nederlandse achtergrond);39 jaar;2015;10322;5482;4840
6701;Totaal;Europa (excl. Nederlandse achtergrond);39 jaar;2016;9186;3994;5192
6702;Totaal;Europa (excl. Nederlandse achtergrond);39 jaar;2017;9209;3871;5338
6703;Totaal;Europa (excl. Nederlandse achtergrond);39 jaar;2018;9774;4329;5445
6704;Totaal;Europa (excl. Nederlandse achtergrond);40 jaar;2003;2383;1154;1229
6705;Totaal;Europa (excl. Nederlandse achtergrond);40 jaar;2004;2640;1356;1284
6706;Totaal;Europa (excl. Nederlandse achtergrond);40 jaar;2005;3701;2201;1500
6707;Totaal;Europa (excl. Nederlandse achtergrond);40 jaar;2006;3959;2360;1599
6708;Totaal;Europa (excl. Nederlandse achtergrond);40 jaar;2007;4600;2744;1856
6709;Totaal;Europa (excl. Nederlandse achtergrond);40 jaar;2008;3328;1562;1766
6710;Totaal;Europa (excl. Nederlandse achtergrond);40 jaar;2009;5036;2648;2388
6711;Totaal;Europa (excl. Nederlandse achtergrond);40 jaar;2010;6843;3851;2992
6712;Totaal;Europa (excl. Nederlandse achtergrond);40 jaar;2011;7734;4251;3483
6713;Totaal;Europa (excl. Nederlandse achtergrond);40 jaar;2012;8791;4596;4195
6714;Totaal;Europa (excl. Nederlandse achtergrond);40 jaar;2013;7121;2980;4141
6715;Totaal;Europa (excl. Nederlandse achtergrond);40 jaar;2014;8575;3913;4662
6716;Totaal;Europa (excl. Nederlandse achtergrond);40 jaar;2015;8862;4020;4842
6717;Totaal;Europa (excl. Nederlandse achtergrond);40 jaar;2016;10070;5316;4754
6718;Totaal;Europa (excl. Nederlandse achtergrond);40 jaar;2017;8988;3885;5103
6719;Totaal;Europa (excl. Nederlandse achtergrond);40 jaar;2018;9071;3813;5258
6720;Totaal;Europa (excl. Nederlandse achtergrond);41 jaar;2003;2302;1130;1172
6721;Totaal;Europa (excl. Nederlandse achtergrond);41 jaar;2004;2342;1121;1221
6722;Totaal;Europa (excl. Nederlandse achtergrond);41 jaar;2005;2577;1313;1264
6723;Totaal;Europa (excl. Nederlandse achtergrond);41 jaar;2006;3615;2133;1482
6724;Totaal;Europa (excl. Nederlandse achtergrond);41 jaar;2007;3835;2276;1559
6725;Totaal;Europa (excl. Nederlandse achtergrond);41 jaar;2008;4457;2648;1809
6726;Totaal;Europa (excl. Nederlandse achtergrond);41 jaar;2009;3272;1529;1743
6727;Totaal;Europa (excl. Nederlandse achtergrond);41 jaar;2010;4936;2572;2364
6728;Totaal;Europa (excl. Nederlandse achtergrond);41 jaar;2011;6681;3726;2955
6729;Totaal;Europa (excl. Nederlandse achtergrond);41 jaar;2012;7532;4121;3411
6730;Totaal;Europa (excl. Nederlandse achtergrond);41 jaar;2013;8606;4471;4135
6731;Totaal;Europa (excl. Nederlandse achtergrond);41 jaar;2014;6961;2902;4059
6732;Totaal;Europa (excl. Nederlandse achtergrond);41 jaar;2015;8354;3781;4573
6733;Totaal;Europa (excl. Nederlandse achtergrond);41 jaar;2016;8664;3908;4756
6734;Totaal;Europa (excl. Nederlandse achtergrond);41 jaar;2017;9815;5141;4674
6735;Totaal;Europa (excl. Nederlandse achtergrond);41 jaar;2018;8817;3793;5024
6736;Totaal;Europa (excl. Nederlandse achtergrond);42 jaar;2003;1776;697;1079
6737;Totaal;Europa (excl. Nederlandse achtergrond);42 jaar;2004;2259;1110;1149
6738;Totaal;Europa (excl. Nederlandse achtergrond);42 jaar;2005;2275;1086;1189
6739;Totaal;Europa (excl. Nederlandse achtergrond);42 jaar;2006;2521;1280;1241
6740;Totaal;Europa (excl. Nederlandse achtergrond);42 jaar;2007;3490;2046;1444
6741;Totaal;Europa (excl. Nederlandse achtergrond);42 jaar;2008;3712;2189;1523
6742;Totaal;Europa (excl. Nederlandse achtergrond);42 jaar;2009;4339;2558;1781
6743;Totaal;Europa (excl. Nederlandse achtergrond);42 jaar;2010;3223;1500;1723
6744;Totaal;Europa (excl. Nederlandse achtergrond);42 jaar;2011;4820;2503;2317
6745;Totaal;Europa (excl. Nederlandse achtergrond);42 jaar;2012;6506;3607;2899
6746;Totaal;Europa (excl. Nederlandse achtergrond);42 jaar;2013;7347;3995;3352
6747;Totaal;Europa (excl. Nederlandse achtergrond);42 jaar;2014;8374;4325;4049
6748;Totaal;Europa (excl. Nederlandse achtergrond);42 jaar;2015;6804;2837;3967
6749;Totaal;Europa (excl. Nederlandse achtergrond);42 jaar;2016;8142;3667;4475
6750;Totaal;Europa (excl. Nederlandse achtergrond);42 jaar;2017;8491;3813;4678
6751;Totaal;Europa (excl. Nederlandse achtergrond);42 jaar;2018;9573;4983;4590
6752;Totaal;Europa (excl. Nederlandse achtergrond);43 jaar;2003;1497;390;1107
6753;Totaal;Europa (excl. Nederlandse achtergrond);43 jaar;2004;1744;678;1066
6754;Totaal;Europa (excl. Nederlandse achtergrond);43 jaar;2005;2203;1078;1125
6755;Totaal;Europa (excl. Nederlandse achtergrond);43 jaar;2006;2218;1059;1159
6756;Totaal;Europa (excl. Nederlandse achtergrond);43 jaar;2007;2451;1229;1222
6757;Totaal;Europa (excl. Nederlandse achtergrond);43 jaar;2008;3398;1974;1424
6758;Totaal;Europa (excl. Nederlandse achtergrond);43 jaar;2009;3621;2122;1499
6759;Totaal;Europa (excl. Nederlandse achtergrond);43 jaar;2010;4252;2492;1760
6760;Totaal;Europa (excl. Nederlandse achtergrond);43 jaar;2011;3166;1462;1704
6761;Totaal;Europa (excl. Nederlandse achtergrond);43 jaar;2012;4697;2416;2281
6762;Totaal;Europa (excl. Nederlandse achtergrond);43 jaar;2013;6320;3478;2842
6763;Totaal;Europa (excl. Nederlandse achtergrond);43 jaar;2014;7122;3839;3283
6764;Totaal;Europa (excl. Nederlandse achtergrond);43 jaar;2015;8137;4169;3968
6765;Totaal;Europa (excl. Nederlandse achtergrond);43 jaar;2016;6665;2767;3898
6766;Totaal;Europa (excl. Nederlandse achtergrond);43 jaar;2017;7955;3558;4397
6767;Totaal;Europa (excl. Nederlandse achtergrond);43 jaar;2018;8320;3731;4589
6768;Totaal;Europa (excl. Nederlandse achtergrond);44 jaar;2003;1452;378;1074
6769;Totaal;Europa (excl. Nederlandse achtergrond);44 jaar;2004;1475;384;1091
6770;Totaal;Europa (excl. Nederlandse achtergrond);44 jaar;2005;1717;666;1051
6771;Totaal;Europa (excl. Nederlandse achtergrond);44 jaar;2006;2164;1054;1110
6772;Totaal;Europa (excl. Nederlandse achtergrond);44 jaar;2007;2164;1030;1134
6773;Totaal;Europa (excl. Nederlandse achtergrond);44 jaar;2008;2382;1189;1193
6774;Totaal;Europa (excl. Nederlandse achtergrond);44 jaar;2009;3308;1910;1398
6775;Totaal;Europa (excl. Nederlandse achtergrond);44 jaar;2010;3540;2068;1472
6776;Totaal;Europa (excl. Nederlandse achtergrond);44 jaar;2011;4124;2392;1732
6777;Totaal;Europa (excl. Nederlandse achtergrond);44 jaar;2012;3100;1430;1670
6778;Totaal;Europa (excl. Nederlandse achtergrond);44 jaar;2013;4609;2357;2252
6779;Totaal;Europa (excl. Nederlandse achtergrond);44 jaar;2014;6144;3349;2795
6780;Totaal;Europa (excl. Nederlandse achtergrond);44 jaar;2015;6899;3682;3217
6781;Totaal;Europa (excl. Nederlandse achtergrond);44 jaar;2016;7918;4030;3888
6782;Totaal;Europa (excl. Nederlandse achtergrond);44 jaar;2017;6525;2709;3816
6783;Totaal;Europa (excl. Nederlandse achtergrond);44 jaar;2018;7790;3457;4333
6784;Totaal;Europa (excl. Nederlandse achtergrond);45 jaar;2003;1781;654;1127
6785;Totaal;Europa (excl. Nederlandse achtergrond);45 jaar;2004;1402;367;1035
6786;Totaal;Europa (excl. Nederlandse achtergrond);45 jaar;2005;1441;371;1070
6787;Totaal;Europa (excl. Nederlandse achtergrond);45 jaar;2006;1679;651;1028
6788;Totaal;Europa (excl. Nederlandse achtergrond);45 jaar;2007;2109;1025;1084
6789;Totaal;Europa (excl. Nederlandse achtergrond);45 jaar;2008;2099;999;1100
6790;Totaal;Europa (excl. Nederlandse achtergrond);45 jaar;2009;2322;1153;1169
6791;Totaal;Europa (excl. Nederlandse achtergrond);45 jaar;2010;3235;1845;1390
6792;Totaal;Europa (excl. Nederlandse achtergrond);45 jaar;2011;3454;2005;1449
6793;Totaal;Europa (excl. Nederlandse achtergrond);45 jaar;2012;3991;2297;1694
6794;Totaal;Europa (excl. Nederlandse achtergrond);45 jaar;2013;3031;1391;1640
6795;Totaal;Europa (excl. Nederlandse achtergrond);45 jaar;2014;4487;2286;2201
6796;Totaal;Europa (excl. Nederlandse achtergrond);45 jaar;2015;5953;3210;2743
6797;Totaal;Europa (excl. Nederlandse achtergrond);45 jaar;2016;6667;3522;3145
6798;Totaal;Europa (excl. Nederlandse achtergrond);45 jaar;2017;7698;3884;3814
6799;Totaal;Europa (excl. Nederlandse achtergrond);45 jaar;2018;6369;2634;3735
6800;Totaal;Europa (excl. Nederlandse achtergrond);46 jaar;2003;2332;1085;1247
6801;Totaal;Europa (excl. Nederlandse achtergrond);46 jaar;2004;1740;643;1097
6802;Totaal;Europa (excl. Nederlandse achtergrond);46 jaar;2005;1375;363;1012
6803;Totaal;Europa (excl. Nederlandse achtergrond);46 jaar;2006;1411;359;1052
6804;Totaal;Europa (excl. Nederlandse achtergrond);46 jaar;2007;1635;639;996
6805;Totaal;Europa (excl. Nederlandse achtergrond);46 jaar;2008;2047;993;1054
6806;Totaal;Europa (excl. Nederlandse achtergrond);46 jaar;2009;2045;972;1073
6807;Totaal;Europa (excl. Nederlandse achtergrond);46 jaar;2010;2280;1126;1154
6808;Totaal;Europa (excl. Nederlandse achtergrond);46 jaar;2011;3144;1779;1365
6809;Totaal;Europa (excl. Nederlandse achtergrond);46 jaar;2012;3365;1946;1419
6810;Totaal;Europa (excl. Nederlandse achtergrond);46 jaar;2013;3894;2234;1660
6811;Totaal;Europa (excl. Nederlandse achtergrond);46 jaar;2014;2959;1355;1604
6812;Totaal;Europa (excl. Nederlandse achtergrond);46 jaar;2015;4351;2200;2151
6813;Totaal;Europa (excl. Nederlandse achtergrond);46 jaar;2016;5777;3084;2693
6814;Totaal;Europa (excl. Nederlandse achtergrond);46 jaar;2017;6465;3386;3079
6815;Totaal;Europa (excl. Nederlandse achtergrond);46 jaar;2018;7495;3769;3726
6816;Totaal;Europa (excl. Nederlandse achtergrond);47 jaar;2003;1386;453;933
6817;Totaal;Europa (excl. Nederlandse achtergrond);47 jaar;2004;2261;1050;1211
6818;Totaal;Europa (excl. Nederlandse achtergrond);47 jaar;2005;1697;623;1074
6819;Totaal;Europa (excl. Nederlandse achtergrond);47 jaar;2006;1337;349;988
6820;Totaal;Europa (excl. Nederlandse achtergrond);47 jaar;2007;1375;349;1026
6821;Totaal;Europa (excl. Nederlandse achtergrond);47 jaar;2008;1597;619;978
6822;Totaal;Europa (excl. Nederlandse achtergrond);47 jaar;2009;1994;959;1035
6823;Totaal;Europa (excl. Nederlandse achtergrond);47 jaar;2010;2014;957;1057
6824;Totaal;Europa (excl. Nederlandse achtergrond);47 jaar;2011;2222;1092;1130
6825;Totaal;Europa (excl. Nederlandse achtergrond);47 jaar;2012;3064;1713;1351
6826;Totaal;Europa (excl. Nederlandse achtergrond);47 jaar;2013;3255;1874;1381
6827;Totaal;Europa (excl. Nederlandse achtergrond);47 jaar;2014;3757;2129;1628
6828;Totaal;Europa (excl. Nederlandse achtergrond);47 jaar;2015;2895;1317;1578
6829;Totaal;Europa (excl. Nederlandse achtergrond);47 jaar;2016;4215;2111;2104
6830;Totaal;Europa (excl. Nederlandse achtergrond);47 jaar;2017;5614;2979;2635
6831;Totaal;Europa (excl. Nederlandse achtergrond);47 jaar;2018;6271;3261;3010
6832;Totaal;Europa (excl. Nederlandse achtergrond);48 jaar;2003;1072;296;776
6833;Totaal;Europa (excl. Nederlandse achtergrond);48 jaar;2004;1355;446;909
6834;Totaal;Europa (excl. Nederlandse achtergrond);48 jaar;2005;2192;1013;1179
6835;Totaal;Europa (excl. Nederlandse achtergrond);48 jaar;2006;1647;601;1046
6836;Totaal;Europa (excl. Nederlandse achtergrond);48 jaar;2007;1294;338;956
6837;Totaal;Europa (excl. Nederlandse achtergrond);48 jaar;2008;1342;340;1002
6838;Totaal;Europa (excl. Nederlandse achtergrond);48 jaar;2009;1554;600;954
6839;Totaal;Europa (excl. Nederlandse achtergrond);48 jaar;2010;1960;940;1020
6840;Totaal;Europa (excl. Nederlandse achtergrond);48 jaar;2011;1966;933;1033
6841;Totaal;Europa (excl. Nederlandse achtergrond);48 jaar;2012;2160;1066;1094
6842;Totaal;Europa (excl. Nederlandse achtergrond);48 jaar;2013;2960;1638;1322
6843;Totaal;Europa (excl. Nederlandse achtergrond);48 jaar;2014;3138;1793;1345
6844;Totaal;Europa (excl. Nederlandse achtergrond);48 jaar;2015;3644;2045;1599
6845;Totaal;Europa (excl. Nederlandse achtergrond);48 jaar;2016;2823;1273;1550
6846;Totaal;Europa (excl. Nederlandse achtergrond);48 jaar;2017;4091;2035;2056
6847;Totaal;Europa (excl. Nederlandse achtergrond);48 jaar;2018;5426;2852;2574
6848;Totaal;Europa (excl. Nederlandse achtergrond);49 jaar;2003;865;245;620
6849;Totaal;Europa (excl. Nederlandse achtergrond);49 jaar;2004;1042;289;753
6850;Totaal;Europa (excl. Nederlandse achtergrond);49 jaar;2005;1321;435;886
6851;Totaal;Europa (excl. Nederlandse achtergrond);49 jaar;2006;2117;979;1138
6852;Totaal;Europa (excl. Nederlandse achtergrond);49 jaar;2007;1600;583;1017
6853;Totaal;Europa (excl. Nederlandse achtergrond);49 jaar;2008;1270;335;935
6854;Totaal;Europa (excl. Nederlandse achtergrond);49 jaar;2009;1310;331;979
6855;Totaal;Europa (excl. Nederlandse achtergrond);49 jaar;2010;1536;591;945
6856;Totaal;Europa (excl. Nederlandse achtergrond);49 jaar;2011;1904;912;992
6857;Totaal;Europa (excl. Nederlandse achtergrond);49 jaar;2012;1923;910;1013
6858;Totaal;Europa (excl. Nederlandse achtergrond);49 jaar;2013;2094;1026;1068
6859;Totaal;Europa (excl. Nederlandse achtergrond);49 jaar;2014;2870;1582;1288
6860;Totaal;Europa (excl. Nederlandse achtergrond);49 jaar;2015;3059;1730;1329
6861;Totaal;Europa (excl. Nederlandse achtergrond);49 jaar;2016;3493;1943;1550
6862;Totaal;Europa (excl. Nederlandse achtergrond);49 jaar;2017;2736;1230;1506
6863;Totaal;Europa (excl. Nederlandse achtergrond);49 jaar;2018;3960;1951;2009
6864;Totaal;Europa (excl. Nederlandse achtergrond);50 jaar;2003;841;203;638
6865;Totaal;Europa (excl. Nederlandse achtergrond);50 jaar;2004;839;240;599
6866;Totaal;Europa (excl. Nederlandse achtergrond);50 jaar;2005;1020;281;739
6867;Totaal;Europa (excl. Nederlandse achtergrond);50 jaar;2006;1281;426;855
6868;Totaal;Europa (excl. Nederlandse achtergrond);50 jaar;2007;2059;953;1106
6869;Totaal;Europa (excl. Nederlandse achtergrond);50 jaar;2008;1556;568;988
6870;Totaal;Europa (excl. Nederlandse achtergrond);50 jaar;2009;1235;323;912
6871;Totaal;Europa (excl. Nederlandse achtergrond);50 jaar;2010;1284;324;960
6872;Totaal;Europa (excl. Nederlandse achtergrond);50 jaar;2011;1493;575;918
6873;Totaal;Europa (excl. Nederlandse achtergrond);50 jaar;2012;1847;882;965
6874;Totaal;Europa (excl. Nederlandse achtergrond);50 jaar;2013;1867;888;979
6875;Totaal;Europa (excl. Nederlandse achtergrond);50 jaar;2014;2025;990;1035
6876;Totaal;Europa (excl. Nederlandse achtergrond);50 jaar;2015;2773;1521;1252
6877;Totaal;Europa (excl. Nederlandse achtergrond);50 jaar;2016;2945;1649;1296
6878;Totaal;Europa (excl. Nederlandse achtergrond);50 jaar;2017;3356;1862;1494
6879;Totaal;Europa (excl. Nederlandse achtergrond);50 jaar;2018;2660;1192;1468
6880;Totaal;Europa (excl. Nederlandse achtergrond);51 jaar;2003;963;237;726
6881;Totaal;Europa (excl. Nederlandse achtergrond);51 jaar;2004;819;202;617
6882;Totaal;Europa (excl. Nederlandse achtergrond);51 jaar;2005;814;235;579
6883;Totaal;Europa (excl. Nederlandse achtergrond);51 jaar;2006;987;273;714
6884;Totaal;Europa (excl. Nederlandse achtergrond);51 jaar;2007;1247;417;830
6885;Totaal;Europa (excl. Nederlandse achtergrond);51 jaar;2008;2007;923;1084
6886;Totaal;Europa (excl. Nederlandse achtergrond);51 jaar;2009;1509;549;960
6887;Totaal;Europa (excl. Nederlandse achtergrond);51 jaar;2010;1231;328;903
6888;Totaal;Europa (excl. Nederlandse achtergrond);51 jaar;2011;1252;315;937
6889;Totaal;Europa (excl. Nederlandse achtergrond);51 jaar;2012;1438;545;893
6890;Totaal;Europa (excl. Nederlandse achtergrond);51 jaar;2013;1793;850;943
6891;Totaal;Europa (excl. Nederlandse achtergrond);51 jaar;2014;1798;844;954
6892;Totaal;Europa (excl. Nederlandse achtergrond);51 jaar;2015;1954;943;1011
6893;Totaal;Europa (excl. Nederlandse achtergrond);51 jaar;2016;2683;1469;1214
6894;Totaal;Europa (excl. Nederlandse achtergrond);51 jaar;2017;2823;1553;1270
6895;Totaal;Europa (excl. Nederlandse achtergrond);51 jaar;2018;3216;1757;1459
6896;Totaal;Europa (excl. Nederlandse achtergrond);52 jaar;2003;1094;309;785
6897;Totaal;Europa (excl. Nederlandse achtergrond);52 jaar;2004;928;230;698
6898;Totaal;Europa (excl. Nederlandse achtergrond);52 jaar;2005;790;195;595
6899;Totaal;Europa (excl. Nederlandse achtergrond);52 jaar;2006;802;234;568
6900;Totaal;Europa (excl. Nederlandse achtergrond);52 jaar;2007;957;264;693
6901;Totaal;Europa (excl. Nederlandse achtergrond);52 jaar;2008;1210;403;807
6902;Totaal;Europa (excl. Nederlandse achtergrond);52 jaar;2009;1937;889;1048
6903;Totaal;Europa (excl. Nederlandse achtergrond);52 jaar;2010;1470;533;937
6904;Totaal;Europa (excl. Nederlandse achtergrond);52 jaar;2011;1193;314;879
6905;Totaal;Europa (excl. Nederlandse achtergrond);52 jaar;2012;1213;305;908
6906;Totaal;Europa (excl. Nederlandse achtergrond);52 jaar;2013;1395;528;867
6907;Totaal;Europa (excl. Nederlandse achtergrond);52 jaar;2014;1722;817;905
6908;Totaal;Europa (excl. Nederlandse achtergrond);52 jaar;2015;1733;813;920
6909;Totaal;Europa (excl. Nederlandse achtergrond);52 jaar;2016;1894;906;988
6910;Totaal;Europa (excl. Nederlandse achtergrond);52 jaar;2017;2585;1416;1169
6911;Totaal;Europa (excl. Nederlandse achtergrond);52 jaar;2018;2718;1484;1234
6912;Totaal;Europa (excl. Nederlandse achtergrond);53 jaar;2003;1620;479;1141
6913;Totaal;Europa (excl. Nederlandse achtergrond);53 jaar;2004;1055;302;753
6914;Totaal;Europa (excl. Nederlandse achtergrond);53 jaar;2005;894;224;670
6915;Totaal;Europa (excl. Nederlandse achtergrond);53 jaar;2006;766;193;573
6916;Totaal;Europa (excl. Nederlandse achtergrond);53 jaar;2007;773;227;546
6917;Totaal;Europa (excl. Nederlandse achtergrond);53 jaar;2008;925;257;668
6918;Totaal;Europa (excl. Nederlandse achtergrond);53 jaar;2009;1170;390;780
6919;Totaal;Europa (excl. Nederlandse achtergrond);53 jaar;2010;1854;851;1003
6920;Totaal;Europa (excl. Nederlandse achtergrond);53 jaar;2011;1423;510;913
6921;Totaal;Europa (excl. Nederlandse achtergrond);53 jaar;2012;1158;309;849
6922;Totaal;Europa (excl. Nederlandse achtergrond);53 jaar;2013;1164;291;873
6923;Totaal;Europa (excl. Nederlandse achtergrond);53 jaar;2014;1351;500;851
6924;Totaal;Europa (excl. Nederlandse achtergrond);53 jaar;2015;1662;790;872
6925;Totaal;Europa (excl. Nederlandse achtergrond);53 jaar;2016;1669;783;886
6926;Totaal;Europa (excl. Nederlandse achtergrond);53 jaar;2017;1821;867;954
6927;Totaal;Europa (excl. Nederlandse achtergrond);53 jaar;2018;2485;1343;1142
6928;Totaal;Europa (excl. Nederlandse achtergrond);54 jaar;2003;2302;786;1516
6929;Totaal;Europa (excl. Nederlandse achtergrond);54 jaar;2004;1570;469;1101
6930;Totaal;Europa (excl. Nederlandse achtergrond);54 jaar;2005;1008;295;713
6931;Totaal;Europa (excl. Nederlandse achtergrond);54 jaar;2006;861;218;643
6932;Totaal;Europa (excl. Nederlandse achtergrond);54 jaar;2007;737;188;549
6933;Totaal;Europa (excl. Nederlandse achtergrond);54 jaar;2008;746;220;526
6934;Totaal;Europa (excl. Nederlandse achtergrond);54 jaar;2009;889;249;640
6935;Totaal;Europa (excl. Nederlandse achtergrond);54 jaar;2010;1142;381;761
6936;Totaal;Europa (excl. Nederlandse achtergrond);54 jaar;2011;1783;822;961
6937;Totaal;Europa (excl. Nederlandse achtergrond);54 jaar;2012;1379;491;888
6938;Totaal;Europa (excl. Nederlandse achtergrond);54 jaar;2013;1123;303;820
6939;Totaal;Europa (excl. Nederlandse achtergrond);54 jaar;2014;1116;281;835
6940;Totaal;Europa (excl. Nederlandse achtergrond);54 jaar;2015;1310;483;827
6941;Totaal;Europa (excl. Nederlandse achtergrond);54 jaar;2016;1601;753;848
6942;Totaal;Europa (excl. Nederlandse achtergrond);54 jaar;2017;1606;744;862
6943;Totaal;Europa (excl. Nederlandse achtergrond);54 jaar;2018;1761;835;926
6944;Totaal;Europa (excl. Nederlandse achtergrond);55 jaar;2003;2457;967;1490
6945;Totaal;Europa (excl. Nederlandse achtergrond);55 jaar;2004;2211;757;1454
6946;Totaal;Europa (excl. Nederlandse achtergrond);55 jaar;2005;1514;455;1059
6947;Totaal;Europa (excl. Nederlandse achtergrond);55 jaar;2006;962;283;679
6948;Totaal;Europa (excl. Nederlandse achtergrond);55 jaar;2007;839;212;627
6949;Totaal;Europa (excl. Nederlandse achtergrond);55 jaar;2008;721;182;539
6950;Totaal;Europa (excl. Nederlandse achtergrond);55 jaar;2009;716;212;504
6951;Totaal;Europa (excl. Nederlandse achtergrond);55 jaar;2010;869;246;623
6952;Totaal;Europa (excl. Nederlandse achtergrond);55 jaar;2011;1101;365;736
6953;Totaal;Europa (excl. Nederlandse achtergrond);55 jaar;2012;1714;785;929
6954;Totaal;Europa (excl. Nederlandse achtergrond);55 jaar;2013;1327;475;852
6955;Totaal;Europa (excl. Nederlandse achtergrond);55 jaar;2014;1079;291;788
6956;Totaal;Europa (excl. Nederlandse achtergrond);55 jaar;2015;1075;269;806
6957;Totaal;Europa (excl. Nederlandse achtergrond);55 jaar;2016;1264;461;803
6958;Totaal;Europa (excl. Nederlandse achtergrond);55 jaar;2017;1541;719;822
6959;Totaal;Europa (excl. Nederlandse achtergrond);55 jaar;2018;1544;711;833
6960;Totaal;Europa (excl. Nederlandse achtergrond);56 jaar;2003;2960;916;2044
6961;Totaal;Europa (excl. Nederlandse achtergrond);56 jaar;2004;2344;912;1432
6962;Totaal;Europa (excl. Nederlandse achtergrond);56 jaar;2005;2152;741;1411
6963;Totaal;Europa (excl. Nederlandse achtergrond);56 jaar;2006;1468;442;1026
6964;Totaal;Europa (excl. Nederlandse achtergrond);56 jaar;2007;920;270;650
6965;Totaal;Europa (excl. Nederlandse achtergrond);56 jaar;2008;817;207;610
6966;Totaal;Europa (excl. Nederlandse achtergrond);56 jaar;2009;701;181;520
6967;Totaal;Europa (excl. Nederlandse achtergrond);56 jaar;2010;699;208;491
6968;Totaal;Europa (excl. Nederlandse achtergrond);56 jaar;2011;830;236;594
6969;Totaal;Europa (excl. Nederlandse achtergrond);56 jaar;2012;1047;350;697
6970;Totaal;Europa (excl. Nederlandse achtergrond);56 jaar;2013;1648;754;894
6971;Totaal;Europa (excl. Nederlandse achtergrond);56 jaar;2014;1272;451;821
6972;Totaal;Europa (excl. Nederlandse achtergrond);56 jaar;2015;1030;279;751
6973;Totaal;Europa (excl. Nederlandse achtergrond);56 jaar;2016;1037;259;778
6974;Totaal;Europa (excl. Nederlandse achtergrond);56 jaar;2017;1227;441;786
6975;Totaal;Europa (excl. Nederlandse achtergrond);56 jaar;2018;1494;697;797
6976;Totaal;Europa (excl. Nederlandse achtergrond);57 jaar;2003;3544;778;2766
6977;Totaal;Europa (excl. Nederlandse achtergrond);57 jaar;2004;2849;884;1965
6978;Totaal;Europa (excl. Nederlandse achtergrond);57 jaar;2005;2253;864;1389
6979;Totaal;Europa (excl. Nederlandse achtergrond);57 jaar;2006;2063;719;1344
6980;Totaal;Europa (excl. Nederlandse achtergrond);57 jaar;2007;1412;429;983
6981;Totaal;Europa (excl. Nederlandse achtergrond);57 jaar;2008;879;266;613
6982;Totaal;Europa (excl. Nederlandse achtergrond);57 jaar;2009;782;198;584
6983;Totaal;Europa (excl. Nederlandse achtergrond);57 jaar;2010;678;181;497
6984;Totaal;Europa (excl. Nederlandse achtergrond);57 jaar;2011;677;204;473
6985;Totaal;Europa (excl. Nederlandse achtergrond);57 jaar;2012;795;228;567
6986;Totaal;Europa (excl. Nederlandse achtergrond);57 jaar;2013;1005;338;667
6987;Totaal;Europa (excl. Nederlandse achtergrond);57 jaar;2014;1579;718;861
6988;Totaal;Europa (excl. Nederlandse achtergrond);57 jaar;2015;1218;429;789
6989;Totaal;Europa (excl. Nederlandse achtergrond);57 jaar;2016;981;267;714
6990;Totaal;Europa (excl. Nederlandse achtergrond);57 jaar;2017;993;250;743
6991;Totaal;Europa (excl. Nederlandse achtergrond);57 jaar;2018;1168;423;745
6992;Totaal;Europa (excl. Nederlandse achtergrond);58 jaar;2003;248;55;193
6993;Totaal;Europa (excl. Nederlandse achtergrond);58 jaar;2004;3403;765;2638
6994;Totaal;Europa (excl. Nederlandse achtergrond);58 jaar;2005;2737;863;1874
6995;Totaal;Europa (excl. Nederlandse achtergrond);58 jaar;2006;2155;824;1331
6996;Totaal;Europa (excl. Nederlandse achtergrond);58 jaar;2007;1972;698;1274
6997;Totaal;Europa (excl. Nederlandse achtergrond);58 jaar;2008;1357;419;938
6998;Totaal;Europa (excl. Nederlandse achtergrond);58 jaar;2009;856;262;594
6999;Totaal;Europa (excl. Nederlandse achtergrond);58 jaar;2010;758;196;562
7000;Totaal;Europa (excl. Nederlandse achtergrond);58 jaar;2011;646;173;473
7001;Totaal;Europa (excl. Nederlandse achtergrond);58 jaar;2012;652;199;453
7002;Totaal;Europa (excl. Nederlandse achtergrond);58 jaar;2013;756;217;539
7003;Totaal;Europa (excl. Nederlandse achtergrond);58 jaar;2014;971;331;640
7004;Totaal;Europa (excl. Nederlandse achtergrond);58 jaar;2015;1504;684;820
7005;Totaal;Europa (excl. Nederlandse achtergrond);58 jaar;2016;1163;411;752
7006;Totaal;Europa (excl. Nederlandse achtergrond);58 jaar;2017;938;255;683
7007;Totaal;Europa (excl. Nederlandse achtergrond);58 jaar;2018;951;238;713
7008;Totaal;Europa (excl. Nederlandse achtergrond);59 jaar;2003;310;88;222
7009;Totaal;Europa (excl. Nederlandse achtergrond);59 jaar;2004;241;55;186
7010;Totaal;Europa (excl. Nederlandse achtergrond);59 jaar;2005;3256;742;2514
7011;Totaal;Europa (excl. Nederlandse achtergrond);59 jaar;2006;2612;828;1784
7012;Totaal;Europa (excl. Nederlandse achtergrond);59 jaar;2007;2054;779;1275
7013;Totaal;Europa (excl. Nederlandse achtergrond);59 jaar;2008;1888;679;1209
7014;Totaal;Europa (excl. Nederlandse achtergrond);59 jaar;2009;1318;408;910
7015;Totaal;Europa (excl. Nederlandse achtergrond);59 jaar;2010;825;258;567
7016;Totaal;Europa (excl. Nederlandse achtergrond);59 jaar;2011;732;192;540
7017;Totaal;Europa (excl. Nederlandse achtergrond);59 jaar;2012;611;164;447
7018;Totaal;Europa (excl. Nederlandse achtergrond);59 jaar;2013;631;194;437
7019;Totaal;Europa (excl. Nederlandse achtergrond);59 jaar;2014;716;209;507
7020;Totaal;Europa (excl. Nederlandse achtergrond);59 jaar;2015;940;320;620
7021;Totaal;Europa (excl. Nederlandse achtergrond);59 jaar;2016;1432;658;774
7022;Totaal;Europa (excl. Nederlandse achtergrond);59 jaar;2017;1110;397;713
7023;Totaal;Europa (excl. Nederlandse achtergrond);59 jaar;2018;895;243;652
7024;Totaal;Europa (excl. Nederlandse achtergrond);60 jaar of meer;2003;6766;1798;4968
7025;Totaal;Europa (excl. Nederlandse achtergrond);60 jaar of meer;2004;6487;1791;4696
7026;Totaal;Europa (excl. Nederlandse achtergrond);60 jaar of meer;2005;6148;1722;4426
7027;Totaal;Europa (excl. Nederlandse achtergrond);60 jaar of meer;2006;8721;2328;6393
7028;Totaal;Europa (excl. Nederlandse achtergrond);60 jaar of meer;2007;10571;2988;7583
7029;Totaal;Europa (excl. Nederlandse achtergrond);60 jaar of meer;2008;11815;3545;8270
7030;Totaal;Europa (excl. Nederlandse achtergrond);60 jaar of meer;2009;12830;4020;8810
7031;Totaal;Europa (excl. Nederlandse achtergrond);60 jaar of meer;2010;13419;4274;9145
7032;Totaal;Europa (excl. Nederlandse achtergrond);60 jaar of meer;2011;13322;4314;9008
7033;Totaal;Europa (excl. Nederlandse achtergrond);60 jaar of meer;2012;13161;4294;8867
7034;Totaal;Europa (excl. Nederlandse achtergrond);60 jaar of meer;2013;12848;4219;8629
7035;Totaal;Europa (excl. Nederlandse achtergrond);60 jaar of meer;2014;12577;4209;8368
7036;Totaal;Europa (excl. Nederlandse achtergrond);60 jaar of meer;2015;12421;4193;8228
7037;Totaal;Europa (excl. Nederlandse achtergrond);60 jaar of meer;2016;12391;4292;8099
7038;Totaal;Europa (excl. Nederlandse achtergrond);60 jaar of meer;2017;12846;4670;8176
7039;Totaal;Europa (excl. Nederlandse achtergrond);60 jaar of meer;2018;12988;4822;8166
7040;Totaal;Europa (excl. Nederlandse achtergrond);Onbekend;2003;8128;2718;5410
7041;Totaal;Europa (excl. Nederlandse achtergrond);Onbekend;2004;6994;2406;4588
7042;Totaal;Europa (excl. Nederlandse achtergrond);Onbekend;2005;6157;2160;3997
7043;Totaal;Europa (excl. Nederlandse achtergrond);Onbekend;2006;5466;1926;3540
7044;Totaal;Europa (excl. Nederlandse achtergrond);Onbekend;2007;5049;1856;3193
7045;Totaal;Europa (excl. Nederlandse achtergrond);Onbekend;2008;4481;1683;2798
7046;Totaal;Europa (excl. Nederlandse achtergrond);Onbekend;2009;4054;1552;2502
7047;Totaal;Europa (excl. Nederlandse achtergrond);Onbekend;2010;2116;774;1342
7048;Totaal;Europa (excl. Nederlandse achtergrond);Onbekend;2011;1926;713;1213
7049;Totaal;Europa (excl. Nederlandse achtergrond);Onbekend;2012;1773;662;1111
7050;Totaal;Europa (excl. Nederlandse achtergrond);Onbekend;2013;1652;634;1018
7051;Totaal;Europa (excl. Nederlandse achtergrond);Onbekend;2014;1554;607;947
7052;Totaal;Europa (excl. Nederlandse achtergrond);Onbekend;2015;1472;586;886
7053;Totaal;Europa (excl. Nederlandse achtergrond);Onbekend;2016;1509;651;858
7054;Totaal;Europa (excl. Nederlandse achtergrond);Onbekend;2017;1299;538;761
7055;Totaal;Europa (excl. Nederlandse achtergrond);Onbekend;2018;1229;518;711
7056;Totaal;Oceanië;Totaal;2003;7089;3436;3653
7057;Totaal;Oceanië;Totaal;2004;7144;3468;3676
7058;Totaal;Oceanië;Totaal;2005;7107;3496;3611
7059;Totaal;Oceanië;Totaal;2006;7029;3457;3572
7060;Totaal;Oceanië;Totaal;2007;6945;3418;3527
7061;Totaal;Oceanië;Totaal;2008;6917;3412;3505
7062;Totaal;Oceanië;Totaal;2009;6968;3434;3534
7063;Totaal;Oceanië;Totaal;2010;6975;3431;3544
7064;Totaal;Oceanië;Totaal;2011;7086;3484;3602
7065;Totaal;Oceanië;Totaal;2012;7129;3561;3568
7066;Totaal;Oceanië;Totaal;2013;7125;3522;3603
7067;Totaal;Oceanië;Totaal;2014;7220;3592;3628
7068;Totaal;Oceanië;Totaal;2015;7411;3687;3724
7069;Totaal;Oceanië;Totaal;2016;7931;3977;3954
7070;Totaal;Oceanië;Totaal;2017;8410;4237;4173
7071;Totaal;Oceanië;Totaal;2018;8853;4472;4381
7072;Totaal;Oceanië;Minder dan 1 jaar;2003;1164;586;578
7073;Totaal;Oceanië;Minder dan 1 jaar;2004;942;486;456
7074;Totaal;Oceanië;Minder dan 1 jaar;2005;883;474;409
7075;Totaal;Oceanië;Minder dan 1 jaar;2006;929;471;458
7076;Totaal;Oceanië;Minder dan 1 jaar;2007;980;522;458
7077;Totaal;Oceanië;Minder dan 1 jaar;2008;1085;544;541
7078;Totaal;Oceanië;Minder dan 1 jaar;2009;1151;580;571
7079;Totaal;Oceanië;Minder dan 1 jaar;2010;1094;547;547
7080;Totaal;Oceanië;Minder dan 1 jaar;2011;1139;590;549
7081;Totaal;Oceanië;Minder dan 1 jaar;2012;1170;631;539
7082;Totaal;Oceanië;Minder dan 1 jaar;2013;1079;537;542
7083;Totaal;Oceanië;Minder dan 1 jaar;2014;1161;621;540
7084;Totaal;Oceanië;Minder dan 1 jaar;2015;1215;641;574
7085;Totaal;Oceanië;Minder dan 1 jaar;2016;1513;786;727
7086;Totaal;Oceanië;Minder dan 1 jaar;2017;1640;856;784
7087;Totaal;Oceanië;Minder dan 1 jaar;2018;1704;880;824
7088;Totaal;Oceanië;1 jaar;2003;992;519;473
7089;Totaal;Oceanië;1 jaar;2004;913;460;453
7090;Totaal;Oceanië;1 jaar;2005;728;383;345
7091;Totaal;Oceanië;1 jaar;2006;648;355;293
7092;Totaal;Oceanië;1 jaar;2007;657;331;326
7093;Totaal;Oceanië;1 jaar;2008;694;382;312
7094;Totaal;Oceanië;1 jaar;2009;722;379;343
7095;Totaal;Oceanië;1 jaar;2010;747;388;359
7096;Totaal;Oceanië;1 jaar;2011;745;364;381
7097;Totaal;Oceanië;1 jaar;2012;718;395;323
7098;Totaal;Oceanië;1 jaar;2013;747;406;341
7099;Totaal;Oceanië;1 jaar;2014;652;322;330
7100;Totaal;Oceanië;1 jaar;2015;751;410;341
7101;Totaal;Oceanië;1 jaar;2016;754;420;334
7102;Totaal;Oceanië;1 jaar;2017;979;526;453
7103;Totaal;Oceanië;1 jaar;2018;1110;590;520
7104;Totaal;Oceanië;2 jaar;2003;701;370;331
7105;Totaal;Oceanië;2 jaar;2004;770;404;366
7106;Totaal;Oceanië;2 jaar;2005;684;346;338
7107;Totaal;Oceanië;2 jaar;2006;550;291;259
7108;Totaal;Oceanië;2 jaar;2007;473;263;210
7109;Totaal;Oceanië;2 jaar;2008;488;246;242
7110;Totaal;Oceanië;2 jaar;2009;483;267;216
7111;Totaal;Oceanië;2 jaar;2010;521;278;243
7112;Totaal;Oceanië;2 jaar;2011;552;290;262
7113;Totaal;Oceanië;2 jaar;2012;520;258;262
7114;Totaal;Oceanië;2 jaar;2013;540;295;245
7115;Totaal;Oceanië;2 jaar;2014;560;309;251
7116;Totaal;Oceanië;2 jaar;2015;487;233;254
7117;Totaal;Oceanië;2 jaar;2016;589;320;269
7118;Totaal;Oceanië;2 jaar;2017;563;309;254
7119;Totaal;Oceanië;2 jaar;2018;728;391;337
7120;Totaal;Oceanië;3 jaar;2003;465;237;228
7121;Totaal;Oceanië;3 jaar;2004;572;303;269
7122;Totaal;Oceanië;3 jaar;2005;615;333;282
7123;Totaal;Oceanië;3 jaar;2006;508;255;253
7124;Totaal;Oceanië;3 jaar;2007;430;228;202
7125;Totaal;Oceanië;3 jaar;2008;358;206;152
7126;Totaal;Oceanië;3 jaar;2009;345;177;168
7127;Totaal;Oceanië;3 jaar;2010;374;205;169
7128;Totaal;Oceanië;3 jaar;2011;392;206;186
7129;Totaal;Oceanië;3 jaar;2012;400;211;189
7130;Totaal;Oceanië;3 jaar;2013;407;204;203
7131;Totaal;Oceanië;3 jaar;2014;390;213;177
7132;Totaal;Oceanië;3 jaar;2015;433;241;192
7133;Totaal;Oceanië;3 jaar;2016;393;186;207
7134;Totaal;Oceanië;3 jaar;2017;482;266;216
7135;Totaal;Oceanië;3 jaar;2018;456;255;201
7136;Totaal;Oceanië;4 jaar;2003;333;176;157
7137;Totaal;Oceanië;4 jaar;2004;376;183;193
7138;Totaal;Oceanië;4 jaar;2005;463;247;216
7139;Totaal;Oceanië;4 jaar;2006;495;269;226
7140;Totaal;Oceanië;4 jaar;2007;397;199;198
7141;Totaal;Oceanië;4 jaar;2008;318;166;152
7142;Totaal;Oceanië;4 jaar;2009;265;153;112
7143;Totaal;Oceanië;4 jaar;2010;277;141;136
7144;Totaal;Oceanië;4 jaar;2011;287;156;131
7145;Totaal;Oceanië;4 jaar;2012;319;166;153
7146;Totaal;Oceanië;4 jaar;2013;316;165;151
7147;Totaal;Oceanië;4 jaar;2014;339;164;175
7148;Totaal;Oceanië;4 jaar;2015;305;161;144
7149;Totaal;Oceanië;4 jaar;2016;371;205;166
7150;Totaal;Oceanië;4 jaar;2017;320;154;166
7151;Totaal;Oceanië;4 jaar;2018;370;207;163
7152;Totaal;Oceanië;5 jaar;2003;207;119;88
7153;Totaal;Oceanië;5 jaar;2004;280;155;125
7154;Totaal;Oceanië;5 jaar;2005;322;161;161
7155;Totaal;Oceanië;5 jaar;2006;371;197;174
7156;Totaal;Oceanië;5 jaar;2007;399;222;177
7157;Totaal;Oceanië;5 jaar;2008;297;151;146
7158;Totaal;Oceanië;5 jaar;2009;269;139;130
7159;Totaal;Oceanië;5 jaar;2010;222;128;94
7160;Totaal;Oceanië;5 jaar;2011;228;117;111
7161;Totaal;Oceanië;5 jaar;2012;234;125;109
7162;Totaal;Oceanië;5 jaar;2013;258;135;123
7163;Totaal;Oceanië;5 jaar;2014;260;137;123
7164;Totaal;Oceanië;5 jaar;2015;284;139;145
7165;Totaal;Oceanië;5 jaar;2016;267;140;127
7166;Totaal;Oceanië;5 jaar;2017;321;174;147
7167;Totaal;Oceanië;5 jaar;2018;266;132;134
7168;Totaal;Oceanië;6 jaar;2003;203;100;103
7169;Totaal;Oceanië;6 jaar;2004;177;102;75
7170;Totaal;Oceanië;6 jaar;2005;241;131;110
7171;Totaal;Oceanië;6 jaar;2006;278;143;135
7172;Totaal;Oceanië;6 jaar;2007;312;167;145
7173;Totaal;Oceanië;6 jaar;2008;301;176;125
7174;Totaal;Oceanië;6 jaar;2009;254;131;123
7175;Totaal;Oceanië;6 jaar;2010;221;118;103
7176;Totaal;Oceanië;6 jaar;2011;187;109;78
7177;Totaal;Oceanië;6 jaar;2012;201;104;97
7178;Totaal;Oceanië;6 jaar;2013;197;110;87
7179;Totaal;Oceanië;6 jaar;2014;226;120;106
7180;Totaal;Oceanië;6 jaar;2015;224;121;103
7181;Totaal;Oceanië;6 jaar;2016;245;120;125
7182;Totaal;Oceanië;6 jaar;2017;226;118;108
7183;Totaal;Oceanië;6 jaar;2018;282;154;128
7184;Totaal;Oceanië;7 jaar;2003;141;57;84
7185;Totaal;Oceanië;7 jaar;2004;180;89;91
7186;Totaal;Oceanië;7 jaar;2005;158;92;66
7187;Totaal;Oceanië;7 jaar;2006;214;115;99
7188;Totaal;Oceanië;7 jaar;2007;233;122;111
7189;Totaal;Oceanië;7 jaar;2008;255;135;120
7190;Totaal;Oceanië;7 jaar;2009;255;143;112
7191;Totaal;Oceanië;7 jaar;2010;207;107;100
7192;Totaal;Oceanië;7 jaar;2011;188;101;87
7193;Totaal;Oceanië;7 jaar;2012;169;98;71
7194;Totaal;Oceanië;7 jaar;2013;176;93;83
7195;Totaal;Oceanië;7 jaar;2014;183;102;81
7196;Totaal;Oceanië;7 jaar;2015;197;103;94
7197;Totaal;Oceanië;7 jaar;2016;196;111;85
7198;Totaal;Oceanië;7 jaar;2017;213;105;108
7199;Totaal;Oceanië;7 jaar;2018;203;104;99
7200;Totaal;Oceanië;8 jaar;2003;130;59;71
7201;Totaal;Oceanië;8 jaar;2004;126;53;73
7202;Totaal;Oceanië;8 jaar;2005;166;81;85
7203;Totaal;Oceanië;8 jaar;2006;139;82;57
7204;Totaal;Oceanië;8 jaar;2007;175;91;84
7205;Totaal;Oceanië;8 jaar;2008;197;105;92
7206;Totaal;Oceanië;8 jaar;2009;233;124;109
7207;Totaal;Oceanië;8 jaar;2010;214;116;98
7208;Totaal;Oceanië;8 jaar;2011;180;91;89
7209;Totaal;Oceanië;8 jaar;2012;163;90;73
7210;Totaal;Oceanië;8 jaar;2013;148;84;64
7211;Totaal;Oceanië;8 jaar;2014;167;89;78
7212;Totaal;Oceanië;8 jaar;2015;174;97;77
7213;Totaal;Oceanië;8 jaar;2016;187;99;88
7214;Totaal;Oceanië;8 jaar;2017;179;102;77
7215;Totaal;Oceanië;8 jaar;2018;192;96;96
7216;Totaal;Oceanië;9 jaar;2003;140;73;67
7217;Totaal;Oceanië;9 jaar;2004;117;51;66
7218;Totaal;Oceanië;9 jaar;2005;118;50;68
7219;Totaal;Oceanië;9 jaar;2006;156;80;76
7220;Totaal;Oceanië;9 jaar;2007;112;64;48
7221;Totaal;Oceanië;9 jaar;2008;153;80;73
7222;Totaal;Oceanië;9 jaar;2009;172;91;81
7223;Totaal;Oceanië;9 jaar;2010;206;108;98
7224;Totaal;Oceanië;9 jaar;2011;186;104;82
7225;Totaal;Oceanië;9 jaar;2012;168;84;84
7226;Totaal;Oceanië;9 jaar;2013;148;80;68
7227;Totaal;Oceanië;9 jaar;2014;136;77;59
7228;Totaal;Oceanië;9 jaar;2015;142;73;69
7229;Totaal;Oceanië;9 jaar;2016;163;91;72
7230;Totaal;Oceanië;9 jaar;2017;173;93;80
7231;Totaal;Oceanië;9 jaar;2018;165;94;71
7232;Totaal;Oceanië;10 jaar;2003;160;76;84
7233;Totaal;Oceanië;10 jaar;2004;131;70;61
7234;Totaal;Oceanië;10 jaar;2005;106;45;61
7235;Totaal;Oceanië;10 jaar;2006;110;46;64
7236;Totaal;Oceanië;10 jaar;2007;139;72;67
7237;Totaal;Oceanië;10 jaar;2008;93;54;39
7238;Totaal;Oceanië;10 jaar;2009;143;76;67
7239;Totaal;Oceanië;10 jaar;2010;150;82;68
7240;Totaal;Oceanië;10 jaar;2011;184;96;88
7241;Totaal;Oceanië;10 jaar;2012;166;92;74
7242;Totaal;Oceanië;10 jaar;2013;145;73;72
7243;Totaal;Oceanië;10 jaar;2014;141;77;64
7244;Totaal;Oceanië;10 jaar;2015;125;73;52
7245;Totaal;Oceanië;10 jaar;2016;135;70;65
7246;Totaal;Oceanië;10 jaar;2017;149;82;67
7247;Totaal;Oceanië;10 jaar;2018;159;85;74
7248;Totaal;Oceanië;11 jaar;2003;155;78;77
7249;Totaal;Oceanië;11 jaar;2004;150;71;79
7250;Totaal;Oceanië;11 jaar;2005;125;67;58
7251;Totaal;Oceanië;11 jaar;2006;94;40;54
7252;Totaal;Oceanië;11 jaar;2007;98;42;56
7253;Totaal;Oceanië;11 jaar;2008;125;67;58
7254;Totaal;Oceanië;11 jaar;2009;86;49;37
7255;Totaal;Oceanië;11 jaar;2010;130;68;62
7256;Totaal;Oceanië;11 jaar;2011;144;80;64
7257;Totaal;Oceanië;11 jaar;2012;172;90;82
7258;Totaal;Oceanië;11 jaar;2013;154;86;68
7259;Totaal;Oceanië;11 jaar;2014;134;66;68
7260;Totaal;Oceanië;11 jaar;2015;133;72;61
7261;Totaal;Oceanië;11 jaar;2016;118;70;48
7262;Totaal;Oceanië;11 jaar;2017;121;62;59
7263;Totaal;Oceanië;11 jaar;2018;139;75;64
7264;Totaal;Oceanië;12 jaar;2003;137;67;70
7265;Totaal;Oceanië;12 jaar;2004;150;76;74
7266;Totaal;Oceanië;12 jaar;2005;143;67;76
7267;Totaal;Oceanië;12 jaar;2006;117;64;53
7268;Totaal;Oceanië;12 jaar;2007;85;35;50
7269;Totaal;Oceanië;12 jaar;2008;89;37;52
7270;Totaal;Oceanië;12 jaar;2009;114;60;54
7271;Totaal;Oceanië;12 jaar;2010;84;48;36
7272;Totaal;Oceanië;12 jaar;2011;122;66;56
7273;Totaal;Oceanië;12 jaar;2012;137;77;60
7274;Totaal;Oceanië;12 jaar;2013;154;79;75
7275;Totaal;Oceanië;12 jaar;2014;144;78;66
7276;Totaal;Oceanië;12 jaar;2015;127;62;65
7277;Totaal;Oceanië;12 jaar;2016;123;67;56
7278;Totaal;Oceanië;12 jaar;2017;112;66;46
7279;Totaal;Oceanië;12 jaar;2018;112;58;54
7280;Totaal;Oceanië;13 jaar;2003;104;55;49
7281;Totaal;Oceanië;13 jaar;2004;128;61;67
7282;Totaal;Oceanië;13 jaar;2005;144;74;70
7283;Totaal;Oceanië;13 jaar;2006;128;60;68
7284;Totaal;Oceanië;13 jaar;2007;108;57;51
7285;Totaal;Oceanië;13 jaar;2008;82;34;48
7286;Totaal;Oceanië;13 jaar;2009;86;35;51
7287;Totaal;Oceanië;13 jaar;2010;109;57;52
7288;Totaal;Oceanië;13 jaar;2011;79;44;35
7289;Totaal;Oceanië;13 jaar;2012;113;61;52
7290;Totaal;Oceanië;13 jaar;2013;131;74;57
7291;Totaal;Oceanië;13 jaar;2014;142;72;70
7292;Totaal;Oceanië;13 jaar;2015;136;74;62
7293;Totaal;Oceanië;13 jaar;2016;120;60;60
7294;Totaal;Oceanië;13 jaar;2017;118;63;55
7295;Totaal;Oceanië;13 jaar;2018;103;61;42
7296;Totaal;Oceanië;14 jaar;2003;84;34;50
7297;Totaal;Oceanië;14 jaar;2004;98;51;47
7298;Totaal;Oceanië;14 jaar;2005;121;58;63
7299;Totaal;Oceanië;14 jaar;2006;136;67;69
7300;Totaal;Oceanië;14 jaar;2007;125;58;67
7301;Totaal;Oceanië;14 jaar;2008;97;54;43
7302;Totaal;Oceanië;14 jaar;2009;76;30;46
7303;Totaal;Oceanië;14 jaar;2010;82;33;49
7304;Totaal;Oceanië;14 jaar;2011;105;53;52
7305;Totaal;Oceanië;14 jaar;2012;75;41;34
7306;Totaal;Oceanië;14 jaar;2013;106;57;49
7307;Totaal;Oceanië;14 jaar;2014;126;73;53
7308;Totaal;Oceanië;14 jaar;2015;136;67;69
7309;Totaal;Oceanië;14 jaar;2016;132;73;59
7310;Totaal;Oceanië;14 jaar;2017;113;57;56
7311;Totaal;Oceanië;14 jaar;2018;111;58;53
7312;Totaal;Oceanië;15 jaar;2003;79;39;40
7313;Totaal;Oceanië;15 jaar;2004;83;34;49
7314;Totaal;Oceanië;15 jaar;2005;94;48;46
7315;Totaal;Oceanië;15 jaar;2006;113;55;58
7316;Totaal;Oceanië;15 jaar;2007;122;59;63
7317;Totaal;Oceanië;15 jaar;2008;118;55;63
7318;Totaal;Oceanië;15 jaar;2009;92;52;40
7319;Totaal;Oceanië;15 jaar;2010;72;29;43
7320;Totaal;Oceanië;15 jaar;2011;81;33;48
7321;Totaal;Oceanië;15 jaar;2012;95;48;47
7322;Totaal;Oceanië;15 jaar;2013;70;38;32
7323;Totaal;Oceanië;15 jaar;2014;103;57;46
7324;Totaal;Oceanië;15 jaar;2015;115;66;49
7325;Totaal;Oceanië;15 jaar;2016;128;62;66
7326;Totaal;Oceanië;15 jaar;2017;126;69;57
7327;Totaal;Oceanië;15 jaar;2018;110;55;55
7328;Totaal;Oceanië;16 jaar;2003;45;24;21
7329;Totaal;Oceanië;16 jaar;2004;77;38;39
7330;Totaal;Oceanië;16 jaar;2005;78;32;46
7331;Totaal;Oceanië;16 jaar;2006;90;46;44
7332;Totaal;Oceanië;16 jaar;2007;99;47;52
7333;Totaal;Oceanië;16 jaar;2008;117;56;61
7334;Totaal;Oceanië;16 jaar;2009;113;51;62
7335;Totaal;Oceanië;16 jaar;2010;85;47;38
7336;Totaal;Oceanië;16 jaar;2011;71;28;43
7337;Totaal;Oceanië;16 jaar;2012;74;30;44
7338;Totaal;Oceanië;16 jaar;2013;89;43;46
7339;Totaal;Oceanië;16 jaar;2014;65;34;31
7340;Totaal;Oceanië;16 jaar;2015;100;55;45
7341;Totaal;Oceanië;16 jaar;2016;111;63;48
7342;Totaal;Oceanië;16 jaar;2017;119;57;62
7343;Totaal;Oceanië;16 jaar;2018;117;64;53
7344;Totaal;Oceanië;17 jaar;2003;65;21;44
7345;Totaal;Oceanië;17 jaar;2004;44;23;21
7346;Totaal;Oceanië;17 jaar;2005;74;38;36
7347;Totaal;Oceanië;17 jaar;2006;76;31;45
7348;Totaal;Oceanië;17 jaar;2007;87;44;43
7349;Totaal;Oceanië;17 jaar;2008;95;43;52
7350;Totaal;Oceanië;17 jaar;2009;112;55;57
7351;Totaal;Oceanië;17 jaar;2010;111;50;61
7352;Totaal;Oceanië;17 jaar;2011;80;45;35
7353;Totaal;Oceanië;17 jaar;2012;69;27;42
7354;Totaal;Oceanië;17 jaar;2013;69;29;40
7355;Totaal;Oceanië;17 jaar;2014;82;42;40
7356;Totaal;Oceanië;17 jaar;2015;61;31;30
7357;Totaal;Oceanië;17 jaar;2016;98;54;44
7358;Totaal;Oceanië;17 jaar;2017;109;62;47
7359;Totaal;Oceanië;17 jaar;2018;113;54;59
7360;Totaal;Oceanië;18 jaar;2003;42;15;27
7361;Totaal;Oceanië;18 jaar;2004;64;21;43
7362;Totaal;Oceanië;18 jaar;2005;40;21;19
7363;Totaal;Oceanië;18 jaar;2006;72;37;35
7364;Totaal;Oceanië;18 jaar;2007;73;29;44
7365;Totaal;Oceanië;18 jaar;2008;82;42;40
7366;Totaal;Oceanië;18 jaar;2009;89;38;51
7367;Totaal;Oceanië;18 jaar;2010;105;50;55
7368;Totaal;Oceanië;18 jaar;2011;100;43;57
7369;Totaal;Oceanië;18 jaar;2012;72;40;32
7370;Totaal;Oceanië;18 jaar;2013;65;26;39
7371;Totaal;Oceanië;18 jaar;2014;68;28;40
7372;Totaal;Oceanië;18 jaar;2015;77;40;37
7373;Totaal;Oceanië;18 jaar;2016;58;29;29
7374;Totaal;Oceanië;18 jaar;2017;90;49;41
7375;Totaal;Oceanië;18 jaar;2018;105;61;44
7376;Totaal;Oceanië;19 jaar;2003;46;19;27
7377;Totaal;Oceanië;19 jaar;2004;42;15;27
7378;Totaal;Oceanië;19 jaar;2005;63;21;42
7379;Totaal;Oceanië;19 jaar;2006;38;19;19
7380;Totaal;Oceanië;19 jaar;2007;66;32;34
7381;Totaal;Oceanië;19 jaar;2008;72;29;43
7382;Totaal;Oceanië;19 jaar;2009;78;40;38
7383;Totaal;Oceanië;19 jaar;2010;87;37;50
7384;Totaal;Oceanië;19 jaar;2011;100;49;51
7385;Totaal;Oceanië;19 jaar;2012;98;43;55
7386;Totaal;Oceanië;19 jaar;2013;69;38;31
7387;Totaal;Oceanië;19 jaar;2014;58;23;35
7388;Totaal;Oceanië;19 jaar;2015;67;27;40
7389;Totaal;Oceanië;19 jaar;2016;76;39;37
7390;Totaal;Oceanië;19 jaar;2017;57;29;28
7391;Totaal;Oceanië;19 jaar;2018;90;49;41
7392;Totaal;Oceanië;20 jaar;2003;46;23;23
7393;Totaal;Oceanië;20 jaar;2004;46;19;27
7394;Totaal;Oceanië;20 jaar;2005;41;15;26
7395;Totaal;Oceanië;20 jaar;2006;62;20;42
7396;Totaal;Oceanië;20 jaar;2007;38;19;19
7397;Totaal;Oceanië;20 jaar;2008;63;30;33
7398;Totaal;Oceanië;20 jaar;2009;71;29;42
7399;Totaal;Oceanië;20 jaar;2010;76;38;38
7400;Totaal;Oceanië;20 jaar;2011;85;36;49
7401;Totaal;Oceanië;20 jaar;2012;92;45;47
7402;Totaal;Oceanië;20 jaar;2013;92;38;54
7403;Totaal;Oceanië;20 jaar;2014;69;38;31
7404;Totaal;Oceanië;20 jaar;2015;56;23;33
7405;Totaal;Oceanië;20 jaar;2016;67;27;40
7406;Totaal;Oceanië;20 jaar;2017;72;36;36
7407;Totaal;Oceanië;20 jaar;2018;55;28;27
7408;Totaal;Oceanië;21 jaar;2003;43;13;30
7409;Totaal;Oceanië;21 jaar;2004;46;23;23
7410;Totaal;Oceanië;21 jaar;2005;44;18;26
7411;Totaal;Oceanië;21 jaar;2006;39;14;25
7412;Totaal;Oceanië;21 jaar;2007;61;19;42
7413;Totaal;Oceanië;21 jaar;2008;37;18;19
7414;Totaal;Oceanië;21 jaar;2009;60;28;32
7415;Totaal;Oceanië;21 jaar;2010;70;29;41
7416;Totaal;Oceanië;21 jaar;2011;72;35;37
7417;Totaal;Oceanië;21 jaar;2012;83;36;47
7418;Totaal;Oceanië;21 jaar;2013;91;45;46
7419;Totaal;Oceanië;21 jaar;2014;90;37;53
7420;Totaal;Oceanië;21 jaar;2015;66;35;31
7421;Totaal;Oceanië;21 jaar;2016;56;23;33
7422;Totaal;Oceanië;21 jaar;2017;66;27;39
7423;Totaal;Oceanië;21 jaar;2018;70;34;36
7424;Totaal;Oceanië;22 jaar;2003;61;31;30
7425;Totaal;Oceanië;22 jaar;2004;42;13;29
7426;Totaal;Oceanië;22 jaar;2005;46;22;24
7427;Totaal;Oceanië;22 jaar;2006;44;18;26
7428;Totaal;Oceanië;22 jaar;2007;39;14;25
7429;Totaal;Oceanië;22 jaar;2008;60;18;42
7430;Totaal;Oceanië;22 jaar;2009;37;18;19
7431;Totaal;Oceanië;22 jaar;2010;60;28;32
7432;Totaal;Oceanië;22 jaar;2011;69;29;40
7433;Totaal;Oceanië;22 jaar;2012;72;35;37
7434;Totaal;Oceanië;22 jaar;2013;80;35;45
7435;Totaal;Oceanië;22 jaar;2014;87;44;43
7436;Totaal;Oceanië;22 jaar;2015;89;36;53
7437;Totaal;Oceanië;22 jaar;2016;64;34;30
7438;Totaal;Oceanië;22 jaar;2017;53;22;31
7439;Totaal;Oceanië;22 jaar;2018;66;27;39
7440;Totaal;Oceanië;23 jaar;2003;88;33;55
7441;Totaal;Oceanië;23 jaar;2004;60;30;30
7442;Totaal;Oceanië;23 jaar;2005;41;13;28
7443;Totaal;Oceanië;23 jaar;2006;46;22;24
7444;Totaal;Oceanië;23 jaar;2007;44;18;26
7445;Totaal;Oceanië;23 jaar;2008;38;14;24
7446;Totaal;Oceanië;23 jaar;2009;57;17;40
7447;Totaal;Oceanië;23 jaar;2010;36;18;18
7448;Totaal;Oceanië;23 jaar;2011;59;28;31
7449;Totaal;Oceanië;23 jaar;2012;67;28;39
7450;Totaal;Oceanië;23 jaar;2013;69;32;37
7451;Totaal;Oceanië;23 jaar;2014;79;34;45
7452;Totaal;Oceanië;23 jaar;2015;87;44;43
7453;Totaal;Oceanië;23 jaar;2016;83;34;49
7454;Totaal;Oceanië;23 jaar;2017;63;33;30
7455;Totaal;Oceanië;23 jaar;2018;51;21;30
7456;Totaal;Oceanië;24 jaar;2003;74;31;43
7457;Totaal;Oceanië;24 jaar;2004;87;32;55
7458;Totaal;Oceanië;24 jaar;2005;57;29;28
7459;Totaal;Oceanië;24 jaar;2006;38;12;26
7460;Totaal;Oceanië;24 jaar;2007;45;21;24
7461;Totaal;Oceanië;24 jaar;2008;44;18;26
7462;Totaal;Oceanië;24 jaar;2009;37;13;24
7463;Totaal;Oceanië;24 jaar;2010;56;18;38
7464;Totaal;Oceanië;24 jaar;2011;36;18;18
7465;Totaal;Oceanië;24 jaar;2012;58;28;30
7466;Totaal;Oceanië;24 jaar;2013;65;26;39
7467;Totaal;Oceanië;24 jaar;2014;63;29;34
7468;Totaal;Oceanië;24 jaar;2015;79;34;45
7469;Totaal;Oceanië;24 jaar;2016;87;44;43
7470;Totaal;Oceanië;24 jaar;2017;82;33;49
7471;Totaal;Oceanië;24 jaar;2018;60;30;30
7472;Totaal;Oceanië;25 jaar;2003;69;29;40
7473;Totaal;Oceanië;25 jaar;2004;73;31;42
7474;Totaal;Oceanië;25 jaar;2005;85;31;54
7475;Totaal;Oceanië;25 jaar;2006;55;28;27
7476;Totaal;Oceanië;25 jaar;2007;38;12;26
7477;Totaal;Oceanië;25 jaar;2008;43;20;23
7478;Totaal;Oceanië;25 jaar;2009;42;16;26
7479;Totaal;Oceanië;25 jaar;2010;38;13;25
7480;Totaal;Oceanië;25 jaar;2011;55;17;38
7481;Totaal;Oceanië;25 jaar;2012;34;17;17
7482;Totaal;Oceanië;25 jaar;2013;57;27;30
7483;Totaal;Oceanië;25 jaar;2014;64;26;38
7484;Totaal;Oceanië;25 jaar;2015;63;28;35
7485;Totaal;Oceanië;25 jaar;2016;75;32;43
7486;Totaal;Oceanië;25 jaar;2017;87;44;43
7487;Totaal;Oceanië;25 jaar;2018;79;32;47
7488;Totaal;Oceanië;26 jaar;2003;75;31;44
7489;Totaal;Oceanië;26 jaar;2004;69;29;40
7490;Totaal;Oceanië;26 jaar;2005;72;31;41
7491;Totaal;Oceanië;26 jaar;2006;83;31;52
7492;Totaal;Oceanië;26 jaar;2007;53;27;26
7493;Totaal;Oceanië;26 jaar;2008;37;12;25
7494;Totaal;Oceanië;26 jaar;2009;43;20;23
7495;Totaal;Oceanië;26 jaar;2010;41;15;26
7496;Totaal;Oceanië;26 jaar;2011;36;13;23
7497;Totaal;Oceanië;26 jaar;2012;55;17;38
7498;Totaal;Oceanië;26 jaar;2013;32;15;17
7499;Totaal;Oceanië;26 jaar;2014;56;26;30
7500;Totaal;Oceanië;26 jaar;2015;64;26;38
7501;Totaal;Oceanië;26 jaar;2016;61;26;35
7502;Totaal;Oceanië;26 jaar;2017;75;32;43
7503;Totaal;Oceanië;26 jaar;2018;87;44;43
7504;Totaal;Oceanië;27 jaar;2003;67;33;34
7505;Totaal;Oceanië;27 jaar;2004;74;31;43
7506;Totaal;Oceanië;27 jaar;2005;68;28;40
7507;Totaal;Oceanië;27 jaar;2006;71;30;41
7508;Totaal;Oceanië;27 jaar;2007;81;30;51
7509;Totaal;Oceanië;27 jaar;2008;52;27;25
7510;Totaal;Oceanië;27 jaar;2009;37;12;25
7511;Totaal;Oceanië;27 jaar;2010;43;20;23
7512;Totaal;Oceanië;27 jaar;2011;41;15;26
7513;Totaal;Oceanië;27 jaar;2012;34;12;22
7514;Totaal;Oceanië;27 jaar;2013;53;16;37
7515;Totaal;Oceanië;27 jaar;2014;32;15;17
7516;Totaal;Oceanië;27 jaar;2015;55;25;30
7517;Totaal;Oceanië;27 jaar;2016;62;26;36
7518;Totaal;Oceanië;27 jaar;2017;60;26;34
7519;Totaal;Oceanië;27 jaar;2018;74;32;42
7520;Totaal;Oceanië;28 jaar;2003;96;39;57
7521;Totaal;Oceanië;28 jaar;2004;64;31;33
7522;Totaal;Oceanië;28 jaar;2005;70;28;42
7523;Totaal;Oceanië;28 jaar;2006;68;28;40
7524;Totaal;Oceanië;28 jaar;2007;68;28;40
7525;Totaal;Oceanië;28 jaar;2008;80;30;50
7526;Totaal;Oceanië;28 jaar;2009;50;26;24
7527;Totaal;Oceanië;28 jaar;2010;36;11;25
7528;Totaal;Oceanië;28 jaar;2011;43;20;23
7529;Totaal;Oceanië;28 jaar;2012;39;14;25
7530;Totaal;Oceanië;28 jaar;2013;32;12;20
7531;Totaal;Oceanië;28 jaar;2014;49;16;33
7532;Totaal;Oceanië;28 jaar;2015;32;15;17
7533;Totaal;Oceanië;28 jaar;2016;54;25;29
7534;Totaal;Oceanië;28 jaar;2017;60;26;34
7535;Totaal;Oceanië;28 jaar;2018;57;25;32
7536;Totaal;Oceanië;29 jaar;2003;92;33;59
7537;Totaal;Oceanië;29 jaar;2004;95;39;56
7538;Totaal;Oceanië;29 jaar;2005;64;31;33
7539;Totaal;Oceanië;29 jaar;2006;68;28;40
7540;Totaal;Oceanië;29 jaar;2007;67;28;39
7541;Totaal;Oceanië;29 jaar;2008;63;27;36
7542;Totaal;Oceanië;29 jaar;2009;79;30;49
7543;Totaal;Oceanië;29 jaar;2010;50;26;24
7544;Totaal;Oceanië;29 jaar;2011;35;11;24
7545;Totaal;Oceanië;29 jaar;2012;43;20;23
7546;Totaal;Oceanië;29 jaar;2013;39;14;25
7547;Totaal;Oceanië;29 jaar;2014;31;11;20
7548;Totaal;Oceanië;29 jaar;2015;49;16;33
7549;Totaal;Oceanië;29 jaar;2016;32;15;17
7550;Totaal;Oceanië;29 jaar;2017;52;23;29
7551;Totaal;Oceanië;29 jaar;2018;59;25;34
7552;Totaal;Oceanië;30 jaar;2003;97;43;54
7553;Totaal;Oceanië;30 jaar;2004;92;33;59
7554;Totaal;Oceanië;30 jaar;2005;94;38;56
7555;Totaal;Oceanië;30 jaar;2006;62;30;32
7556;Totaal;Oceanië;30 jaar;2007;69;28;41
7557;Totaal;Oceanië;30 jaar;2008;67;28;39
7558;Totaal;Oceanië;30 jaar;2009;61;26;35
7559;Totaal;Oceanië;30 jaar;2010;77;30;47
7560;Totaal;Oceanië;30 jaar;2011;49;26;23
7561;Totaal;Oceanië;30 jaar;2012;34;11;23
7562;Totaal;Oceanië;30 jaar;2013;42;19;23
7563;Totaal;Oceanië;30 jaar;2014;39;14;25
7564;Totaal;Oceanië;30 jaar;2015;31;11;20
7565;Totaal;Oceanië;30 jaar;2016;47;14;33
7566;Totaal;Oceanië;30 jaar;2017;32;15;17
7567;Totaal;Oceanië;30 jaar;2018;50;23;27
7568;Totaal;Oceanië;31 jaar;2003;93;38;55
7569;Totaal;Oceanië;31 jaar;2004;96;43;53
7570;Totaal;Oceanië;31 jaar;2005;92;34;58
7571;Totaal;Oceanië;31 jaar;2006;92;38;54
7572;Totaal;Oceanië;31 jaar;2007;60;28;32
7573;Totaal;Oceanië;31 jaar;2008;67;27;40
7574;Totaal;Oceanië;31 jaar;2009;67;28;39
7575;Totaal;Oceanië;31 jaar;2010;59;26;33
7576;Totaal;Oceanië;31 jaar;2011;77;30;47
7577;Totaal;Oceanië;31 jaar;2012;48;25;23
7578;Totaal;Oceanië;31 jaar;2013;34;11;23
7579;Totaal;Oceanië;31 jaar;2014;40;17;23
7580;Totaal;Oceanië;31 jaar;2015;38;14;24
7581;Totaal;Oceanië;31 jaar;2016;30;10;20
7582;Totaal;Oceanië;31 jaar;2017;47;14;33
7583;Totaal;Oceanië;31 jaar;2018;32;15;17
7584;Totaal;Oceanië;32 jaar;2003;89;45;44
7585;Totaal;Oceanië;32 jaar;2004;92;37;55
7586;Totaal;Oceanië;32 jaar;2005;94;42;52
7587;Totaal;Oceanië;32 jaar;2006;92;35;57
7588;Totaal;Oceanië;32 jaar;2007;91;38;53
7589;Totaal;Oceanië;32 jaar;2008;59;27;32
7590;Totaal;Oceanië;32 jaar;2009;62;26;36
7591;Totaal;Oceanië;32 jaar;2010;67;28;39
7592;Totaal;Oceanië;32 jaar;2011;57;25;32
7593;Totaal;Oceanië;32 jaar;2012;75;29;46
7594;Totaal;Oceanië;32 jaar;2013;48;25;23
7595;Totaal;Oceanië;32 jaar;2014;34;11;23
7596;Totaal;Oceanië;32 jaar;2015;39;16;23
7597;Totaal;Oceanië;32 jaar;2016;38;14;24
7598;Totaal;Oceanië;32 jaar;2017;30;10;20
7599;Totaal;Oceanië;32 jaar;2018;46;13;33
7600;Totaal;Oceanië;33 jaar;2003;59;27;32
7601;Totaal;Oceanië;33 jaar;2004;90;45;45
7602;Totaal;Oceanië;33 jaar;2005;91;36;55
7603;Totaal;Oceanië;33 jaar;2006;93;41;52
7604;Totaal;Oceanië;33 jaar;2007;90;34;56
7605;Totaal;Oceanië;33 jaar;2008;90;37;53
7606;Totaal;Oceanië;33 jaar;2009;59;27;32
7607;Totaal;Oceanië;33 jaar;2010;61;26;35
7608;Totaal;Oceanië;33 jaar;2011;67;28;39
7609;Totaal;Oceanië;33 jaar;2012;57;25;32
7610;Totaal;Oceanië;33 jaar;2013;75;29;46
7611;Totaal;Oceanië;33 jaar;2014;47;24;23
7612;Totaal;Oceanië;33 jaar;2015;34;11;23
7613;Totaal;Oceanië;33 jaar;2016;39;16;23
7614;Totaal;Oceanië;33 jaar;2017;38;14;24
7615;Totaal;Oceanië;33 jaar;2018;29;10;19
7616;Totaal;Oceanië;34 jaar;2003;56;24;32
7617;Totaal;Oceanië;34 jaar;2004;59;27;32
7618;Totaal;Oceanië;34 jaar;2005;90;45;45
7619;Totaal;Oceanië;34 jaar;2006;90;35;55
7620;Totaal;Oceanië;34 jaar;2007;93;41;52
7621;Totaal;Oceanië;34 jaar;2008;85;33;52
7622;Totaal;Oceanië;34 jaar;2009;90;37;53
7623;Totaal;Oceanië;34 jaar;2010;59;27;32
7624;Totaal;Oceanië;34 jaar;2011;61;26;35
7625;Totaal;Oceanië;34 jaar;2012;66;28;38
7626;Totaal;Oceanië;34 jaar;2013;57;25;32
7627;Totaal;Oceanië;34 jaar;2014;71;27;44
7628;Totaal;Oceanië;34 jaar;2015;46;23;23
7629;Totaal;Oceanië;34 jaar;2016;34;11;23
7630;Totaal;Oceanië;34 jaar;2017;39;16;23
7631;Totaal;Oceanië;34 jaar;2018;38;14;24
7632;Totaal;Oceanië;35 jaar;2003;54;15;39
7633;Totaal;Oceanië;35 jaar;2004;55;24;31
7634;Totaal;Oceanië;35 jaar;2005;59;27;32
7635;Totaal;Oceanië;35 jaar;2006;88;45;43
7636;Totaal;Oceanië;35 jaar;2007;90;35;55
7637;Totaal;Oceanië;35 jaar;2008;92;41;51
7638;Totaal;Oceanië;35 jaar;2009;82;32;50
7639;Totaal;Oceanië;35 jaar;2010;89;36;53
7640;Totaal;Oceanië;35 jaar;2011;58;27;31
7641;Totaal;Oceanië;35 jaar;2012;60;25;35
7642;Totaal;Oceanië;35 jaar;2013;65;28;37
7643;Totaal;Oceanië;35 jaar;2014;57;25;32
7644;Totaal;Oceanië;35 jaar;2015;71;27;44
7645;Totaal;Oceanië;35 jaar;2016;45;22;23
7646;Totaal;Oceanië;35 jaar;2017;34;11;23
7647;Totaal;Oceanië;35 jaar;2018;39;16;23
7648;Totaal;Oceanië;36 jaar;2003;52;18;34
7649;Totaal;Oceanië;36 jaar;2004;55;15;40
7650;Totaal;Oceanië;36 jaar;2005;55;24;31
7651;Totaal;Oceanië;36 jaar;2006;58;26;32
7652;Totaal;Oceanië;36 jaar;2007;86;44;42
7653;Totaal;Oceanië;36 jaar;2008;89;35;54
7654;Totaal;Oceanië;36 jaar;2009;88;40;48
7655;Totaal;Oceanië;36 jaar;2010;82;32;50
7656;Totaal;Oceanië;36 jaar;2011;89;36;53
7657;Totaal;Oceanië;36 jaar;2012;56;27;29
7658;Totaal;Oceanië;36 jaar;2013;60;25;35
7659;Totaal;Oceanië;36 jaar;2014;64;28;36
7660;Totaal;Oceanië;36 jaar;2015;56;24;32
7661;Totaal;Oceanië;36 jaar;2016;70;26;44
7662;Totaal;Oceanië;36 jaar;2017;44;22;22
7663;Totaal;Oceanië;36 jaar;2018;33;11;22
7664;Totaal;Oceanië;37 jaar;2003;55;28;27
7665;Totaal;Oceanië;37 jaar;2004;53;18;35
7666;Totaal;Oceanië;37 jaar;2005;55;15;40
7667;Totaal;Oceanië;37 jaar;2006;55;24;31
7668;Totaal;Oceanië;37 jaar;2007;57;26;31
7669;Totaal;Oceanië;37 jaar;2008;85;43;42
7670;Totaal;Oceanië;37 jaar;2009;89;35;54
7671;Totaal;Oceanië;37 jaar;2010;88;39;49
7672;Totaal;Oceanië;37 jaar;2011;82;32;50
7673;Totaal;Oceanië;37 jaar;2012;87;35;52
7674;Totaal;Oceanië;37 jaar;2013;55;26;29
7675;Totaal;Oceanië;37 jaar;2014;60;25;35
7676;Totaal;Oceanië;37 jaar;2015;62;28;34
7677;Totaal;Oceanië;37 jaar;2016;55;23;32
7678;Totaal;Oceanië;37 jaar;2017;70;26;44
7679;Totaal;Oceanië;37 jaar;2018;44;22;22
7680;Totaal;Oceanië;38 jaar;2003;29;14;15
7681;Totaal;Oceanië;38 jaar;2004;54;28;26
7682;Totaal;Oceanië;38 jaar;2005;53;18;35
7683;Totaal;Oceanië;38 jaar;2006;55;15;40
7684;Totaal;Oceanië;38 jaar;2007;52;23;29
7685;Totaal;Oceanië;38 jaar;2008;56;26;30
7686;Totaal;Oceanië;38 jaar;2009;83;42;41
7687;Totaal;Oceanië;38 jaar;2010;89;35;54
7688;Totaal;Oceanië;38 jaar;2011;87;39;48
7689;Totaal;Oceanië;38 jaar;2012;81;31;50
7690;Totaal;Oceanië;38 jaar;2013;86;35;51
7691;Totaal;Oceanië;38 jaar;2014;55;26;29
7692;Totaal;Oceanië;38 jaar;2015;60;25;35
7693;Totaal;Oceanië;38 jaar;2016;62;28;34
7694;Totaal;Oceanië;38 jaar;2017;55;23;32
7695;Totaal;Oceanië;38 jaar;2018;69;26;43
7696;Totaal;Oceanië;39 jaar;2003;69;28;41
7697;Totaal;Oceanië;39 jaar;2004;29;14;15
7698;Totaal;Oceanië;39 jaar;2005;52;26;26
7699;Totaal;Oceanië;39 jaar;2006;52;17;35
7700;Totaal;Oceanië;39 jaar;2007;55;15;40
7701;Totaal;Oceanië;39 jaar;2008;51;22;29
7702;Totaal;Oceanië;39 jaar;2009;56;26;30
7703;Totaal;Oceanië;39 jaar;2010;83;42;41
7704;Totaal;Oceanië;39 jaar;2011;85;34;51
7705;Totaal;Oceanië;39 jaar;2012;86;39;47
7706;Totaal;Oceanië;39 jaar;2013;79;30;49
7707;Totaal;Oceanië;39 jaar;2014;86;35;51
7708;Totaal;Oceanië;39 jaar;2015;54;26;28
7709;Totaal;Oceanië;39 jaar;2016;59;25;34
7710;Totaal;Oceanië;39 jaar;2017;61;27;34
7711;Totaal;Oceanië;39 jaar;2018;55;23;32
7712;Totaal;Oceanië;40 jaar;2003;46;17;29
7713;Totaal;Oceanië;40 jaar;2004;69;28;41
7714;Totaal;Oceanië;40 jaar;2005;28;14;14
7715;Totaal;Oceanië;40 jaar;2006;52;26;26
7716;Totaal;Oceanië;40 jaar;2007;51;16;35
7717;Totaal;Oceanië;40 jaar;2008;54;14;40
7718;Totaal;Oceanië;40 jaar;2009;50;22;28
7719;Totaal;Oceanië;40 jaar;2010;54;24;30
7720;Totaal;Oceanië;40 jaar;2011;82;42;40
7721;Totaal;Oceanië;40 jaar;2012;85;34;51
7722;Totaal;Oceanië;40 jaar;2013;86;39;47
7723;Totaal;Oceanië;40 jaar;2014;79;30;49
7724;Totaal;Oceanië;40 jaar;2015;86;35;51
7725;Totaal;Oceanië;40 jaar;2016;54;26;28
7726;Totaal;Oceanië;40 jaar;2017;58;24;34
7727;Totaal;Oceanië;40 jaar;2018;59;27;32
7728;Totaal;Oceanië;41 jaar;2003;30;15;15
7729;Totaal;Oceanië;41 jaar;2004;44;17;27
7730;Totaal;Oceanië;41 jaar;2005;68;28;40
7731;Totaal;Oceanië;41 jaar;2006;27;14;13
7732;Totaal;Oceanië;41 jaar;2007;52;26;26
7733;Totaal;Oceanië;41 jaar;2008;51;16;35
7734;Totaal;Oceanië;41 jaar;2009;53;13;40
7735;Totaal;Oceanië;41 jaar;2010;49;22;27
7736;Totaal;Oceanië;41 jaar;2011;54;24;30
7737;Totaal;Oceanië;41 jaar;2012;81;41;40
7738;Totaal;Oceanië;41 jaar;2013;84;33;51
7739;Totaal;Oceanië;41 jaar;2014;84;39;45
7740;Totaal;Oceanië;41 jaar;2015;79;30;49
7741;Totaal;Oceanië;41 jaar;2016;84;34;50
7742;Totaal;Oceanië;41 jaar;2017;53;26;27
7743;Totaal;Oceanië;41 jaar;2018;58;24;34
7744;Totaal;Oceanië;42 jaar;2003;28;13;15
7745;Totaal;Oceanië;42 jaar;2004;30;15;15
7746;Totaal;Oceanië;42 jaar;2005;44;17;27
7747;Totaal;Oceanië;42 jaar;2006;68;27;41
7748;Totaal;Oceanië;42 jaar;2007;27;14;13
7749;Totaal;Oceanië;42 jaar;2008;52;26;26
7750;Totaal;Oceanië;42 jaar;2009;51;16;35
7751;Totaal;Oceanië;42 jaar;2010;52;13;39
7752;Totaal;Oceanië;42 jaar;2011;49;22;27
7753;Totaal;Oceanië;42 jaar;2012;54;24;30
7754;Totaal;Oceanië;42 jaar;2013;81;41;40
7755;Totaal;Oceanië;42 jaar;2014;83;32;51
7756;Totaal;Oceanië;42 jaar;2015;84;39;45
7757;Totaal;Oceanië;42 jaar;2016;78;30;48
7758;Totaal;Oceanië;42 jaar;2017;83;33;50
7759;Totaal;Oceanië;42 jaar;2018;53;26;27
7760;Totaal;Oceanië;43 jaar;2003;28;10;18
7761;Totaal;Oceanië;43 jaar;2004;28;13;15
7762;Totaal;Oceanië;43 jaar;2005;30;15;15
7763;Totaal;Oceanië;43 jaar;2006;44;17;27
7764;Totaal;Oceanië;43 jaar;2007;68;27;41
7765;Totaal;Oceanië;43 jaar;2008;27;14;13
7766;Totaal;Oceanië;43 jaar;2009;52;26;26
7767;Totaal;Oceanië;43 jaar;2010;51;16;35
7768;Totaal;Oceanië;43 jaar;2011;52;13;39
7769;Totaal;Oceanië;43 jaar;2012;49;22;27
7770;Totaal;Oceanië;43 jaar;2013;54;24;30
7771;Totaal;Oceanië;43 jaar;2014;81;41;40
7772;Totaal;Oceanië;43 jaar;2015;83;32;51
7773;Totaal;Oceanië;43 jaar;2016;84;39;45
7774;Totaal;Oceanië;43 jaar;2017;78;30;48
7775;Totaal;Oceanië;43 jaar;2018;80;32;48
7776;Totaal;Oceanië;44 jaar;2003;30;12;18
7777;Totaal;Oceanië;44 jaar;2004;28;10;18
7778;Totaal;Oceanië;44 jaar;2005;27;13;14
7779;Totaal;Oceanië;44 jaar;2006;30;15;15
7780;Totaal;Oceanië;44 jaar;2007;43;17;26
7781;Totaal;Oceanië;44 jaar;2008;67;27;40
7782;Totaal;Oceanië;44 jaar;2009;24;13;11
7783;Totaal;Oceanië;44 jaar;2010;52;26;26
7784;Totaal;Oceanië;44 jaar;2011;51;16;35
7785;Totaal;Oceanië;44 jaar;2012;51;12;39
7786;Totaal;Oceanië;44 jaar;2013;48;21;27
7787;Totaal;Oceanië;44 jaar;2014;53;23;30
7788;Totaal;Oceanië;44 jaar;2015;80;40;40
7789;Totaal;Oceanië;44 jaar;2016;83;32;51
7790;Totaal;Oceanië;44 jaar;2017;84;39;45
7791;Totaal;Oceanië;44 jaar;2018;77;29;48
7792;Totaal;Oceanië;45 jaar;2003;18;7;11
7793;Totaal;Oceanië;45 jaar;2004;30;12;18
7794;Totaal;Oceanië;45 jaar;2005;28;10;18
7795;Totaal;Oceanië;45 jaar;2006;27;13;14
7796;Totaal;Oceanië;45 jaar;2007;29;14;15
7797;Totaal;Oceanië;45 jaar;2008;43;17;26
7798;Totaal;Oceanië;45 jaar;2009;66;27;39
7799;Totaal;Oceanië;45 jaar;2010;23;12;11
7800;Totaal;Oceanië;45 jaar;2011;52;26;26
7801;Totaal;Oceanië;45 jaar;2012;51;16;35
7802;Totaal;Oceanië;45 jaar;2013;51;12;39
7803;Totaal;Oceanië;45 jaar;2014;45;20;25
7804;Totaal;Oceanië;45 jaar;2015;53;23;30
7805;Totaal;Oceanië;45 jaar;2016;80;40;40
7806;Totaal;Oceanië;45 jaar;2017;83;32;51
7807;Totaal;Oceanië;45 jaar;2018;84;39;45
7808;Totaal;Oceanië;46 jaar;2003;21;7;14
7809;Totaal;Oceanië;46 jaar;2004;18;7;11
7810;Totaal;Oceanië;46 jaar;2005;28;11;17
7811;Totaal;Oceanië;46 jaar;2006;27;10;17
7812;Totaal;Oceanië;46 jaar;2007;26;12;14
7813;Totaal;Oceanië;46 jaar;2008;28;14;14
7814;Totaal;Oceanië;46 jaar;2009;43;17;26
7815;Totaal;Oceanië;46 jaar;2010;66;27;39
7816;Totaal;Oceanië;46 jaar;2011;22;11;11
7817;Totaal;Oceanië;46 jaar;2012;52;26;26
7818;Totaal;Oceanië;46 jaar;2013;51;16;35
7819;Totaal;Oceanië;46 jaar;2014;51;12;39
7820;Totaal;Oceanië;46 jaar;2015;45;20;25
7821;Totaal;Oceanië;46 jaar;2016;52;23;29
7822;Totaal;Oceanië;46 jaar;2017;79;40;39
7823;Totaal;Oceanië;46 jaar;2018;83;32;51
7824;Totaal;Oceanië;47 jaar;2003;13;3;10
7825;Totaal;Oceanië;47 jaar;2004;21;7;14
7826;Totaal;Oceanië;47 jaar;2005;18;7;11
7827;Totaal;Oceanië;47 jaar;2006;27;10;17
7828;Totaal;Oceanië;47 jaar;2007;27;10;17
7829;Totaal;Oceanië;47 jaar;2008;26;12;14
7830;Totaal;Oceanië;47 jaar;2009;27;13;14
7831;Totaal;Oceanië;47 jaar;2010;43;17;26
7832;Totaal;Oceanië;47 jaar;2011;66;27;39
7833;Totaal;Oceanië;47 jaar;2012;22;11;11
7834;Totaal;Oceanië;47 jaar;2013;52;26;26
7835;Totaal;Oceanië;47 jaar;2014;50;15;35
7836;Totaal;Oceanië;47 jaar;2015;51;12;39
7837;Totaal;Oceanië;47 jaar;2016;44;20;24
7838;Totaal;Oceanië;47 jaar;2017;50;23;27
7839;Totaal;Oceanië;47 jaar;2018;79;40;39
7840;Totaal;Oceanië;48 jaar;2003;7;4;3
7841;Totaal;Oceanië;48 jaar;2004;12;3;9
7842;Totaal;Oceanië;48 jaar;2005;21;7;14
7843;Totaal;Oceanië;48 jaar;2006;18;7;11
7844;Totaal;Oceanië;48 jaar;2007;27;10;17
7845;Totaal;Oceanië;48 jaar;2008;27;10;17
7846;Totaal;Oceanië;48 jaar;2009;26;12;14
7847;Totaal;Oceanië;48 jaar;2010;27;13;14
7848;Totaal;Oceanië;48 jaar;2011;42;17;25
7849;Totaal;Oceanië;48 jaar;2012;66;27;39
7850;Totaal;Oceanië;48 jaar;2013;22;11;11
7851;Totaal;Oceanië;48 jaar;2014;52;26;26
7852;Totaal;Oceanië;48 jaar;2015;49;15;34
7853;Totaal;Oceanië;48 jaar;2016;51;12;39
7854;Totaal;Oceanië;48 jaar;2017;43;19;24
7855;Totaal;Oceanië;48 jaar;2018;50;23;27
7856;Totaal;Oceanië;49 jaar;2003;5;1;4
7857;Totaal;Oceanië;49 jaar;2004;7;4;3
7858;Totaal;Oceanië;49 jaar;2005;12;3;9
7859;Totaal;Oceanië;49 jaar;2006;20;7;13
7860;Totaal;Oceanië;49 jaar;2007;18;7;11
7861;Totaal;Oceanië;49 jaar;2008;27;10;17
7862;Totaal;Oceanië;49 jaar;2009;26;10;16
7863;Totaal;Oceanië;49 jaar;2010;26;12;14
7864;Totaal;Oceanië;49 jaar;2011;27;13;14
7865;Totaal;Oceanië;49 jaar;2012;42;17;25
7866;Totaal;Oceanië;49 jaar;2013;65;27;38
7867;Totaal;Oceanië;49 jaar;2014;21;10;11
7868;Totaal;Oceanië;49 jaar;2015;52;26;26
7869;Totaal;Oceanië;49 jaar;2016;49;15;34
7870;Totaal;Oceanië;49 jaar;2017;51;12;39
7871;Totaal;Oceanië;49 jaar;2018;43;19;24
7872;Totaal;Oceanië;50 jaar;2003;6;2;4
7873;Totaal;Oceanië;50 jaar;2004;5;1;4
7874;Totaal;Oceanië;50 jaar;2005;6;4;2
7875;Totaal;Oceanië;50 jaar;2006;12;3;9
7876;Totaal;Oceanië;50 jaar;2007;20;7;13
7877;Totaal;Oceanië;50 jaar;2008;18;7;11
7878;Totaal;Oceanië;50 jaar;2009;26;10;16
7879;Totaal;Oceanië;50 jaar;2010;25;10;15
7880;Totaal;Oceanië;50 jaar;2011;26;12;14
7881;Totaal;Oceanië;50 jaar;2012;28;13;15
7882;Totaal;Oceanië;50 jaar;2013;42;17;25
7883;Totaal;Oceanië;50 jaar;2014;64;27;37
7884;Totaal;Oceanië;50 jaar;2015;21;10;11
7885;Totaal;Oceanië;50 jaar;2016;51;26;25
7886;Totaal;Oceanië;50 jaar;2017;48;15;33
7887;Totaal;Oceanië;50 jaar;2018;51;12;39
7888;Totaal;Oceanië;51 jaar;2003;6;2;4
7889;Totaal;Oceanië;51 jaar;2004;6;2;4
7890;Totaal;Oceanië;51 jaar;2005;5;1;4
7891;Totaal;Oceanië;51 jaar;2006;6;4;2
7892;Totaal;Oceanië;51 jaar;2007;12;3;9
7893;Totaal;Oceanië;51 jaar;2008;20;7;13
7894;Totaal;Oceanië;51 jaar;2009;17;7;10
7895;Totaal;Oceanië;51 jaar;2010;25;10;15
7896;Totaal;Oceanië;51 jaar;2011;25;10;15
7897;Totaal;Oceanië;51 jaar;2012;26;12;14
7898;Totaal;Oceanië;51 jaar;2013;28;13;15
7899;Totaal;Oceanië;51 jaar;2014;43;18;25
7900;Totaal;Oceanië;51 jaar;2015;64;27;37
7901;Totaal;Oceanië;51 jaar;2016;20;10;10
7902;Totaal;Oceanië;51 jaar;2017;50;26;24
7903;Totaal;Oceanië;51 jaar;2018;47;15;32
7904;Totaal;Oceanië;52 jaar;2003;11;6;5
7905;Totaal;Oceanië;52 jaar;2004;6;2;4
7906;Totaal;Oceanië;52 jaar;2005;6;2;4
7907;Totaal;Oceanië;52 jaar;2006;5;1;4
7908;Totaal;Oceanië;52 jaar;2007;6;4;2
7909;Totaal;Oceanië;52 jaar;2008;12;3;9
7910;Totaal;Oceanië;52 jaar;2009;20;7;13
7911;Totaal;Oceanië;52 jaar;2010;17;7;10
7912;Totaal;Oceanië;52 jaar;2011;25;10;15
7913;Totaal;Oceanië;52 jaar;2012;25;10;15
7914;Totaal;Oceanië;52 jaar;2013;24;11;13
7915;Totaal;Oceanië;52 jaar;2014;27;13;14
7916;Totaal;Oceanië;52 jaar;2015;43;18;25
7917;Totaal;Oceanië;52 jaar;2016;63;27;36
7918;Totaal;Oceanië;52 jaar;2017;20;10;10
7919;Totaal;Oceanië;52 jaar;2018;50;26;24
7920;Totaal;Oceanië;53 jaar;2003;12;5;7
7921;Totaal;Oceanië;53 jaar;2004;11;6;5
7922;Totaal;Oceanië;53 jaar;2005;6;2;4
7923;Totaal;Oceanië;53 jaar;2006;5;2;3
7924;Totaal;Oceanië;53 jaar;2007;5;1;4
7925;Totaal;Oceanië;53 jaar;2008;5;3;2
7926;Totaal;Oceanië;53 jaar;2009;12;3;9
7927;Totaal;Oceanië;53 jaar;2010;20;7;13
7928;Totaal;Oceanië;53 jaar;2011;17;7;10
7929;Totaal;Oceanië;53 jaar;2012;24;9;15
7930;Totaal;Oceanië;53 jaar;2013;25;10;15
7931;Totaal;Oceanië;53 jaar;2014;23;10;13
7932;Totaal;Oceanië;53 jaar;2015;27;13;14
7933;Totaal;Oceanië;53 jaar;2016;43;18;25
7934;Totaal;Oceanië;53 jaar;2017;63;27;36
7935;Totaal;Oceanië;53 jaar;2018;20;10;10
7936;Totaal;Oceanië;54 jaar;2003;10;6;4
7937;Totaal;Oceanië;54 jaar;2004;12;5;7
7938;Totaal;Oceanië;54 jaar;2005;12;7;5
7939;Totaal;Oceanië;54 jaar;2006;6;2;4
7940;Totaal;Oceanië;54 jaar;2007;5;2;3
7941;Totaal;Oceanië;54 jaar;2008;5;1;4
7942;Totaal;Oceanië;54 jaar;2009;5;3;2
7943;Totaal;Oceanië;54 jaar;2010;11;3;8
7944;Totaal;Oceanië;54 jaar;2011;19;6;13
7945;Totaal;Oceanië;54 jaar;2012;16;6;10
7946;Totaal;Oceanië;54 jaar;2013;23;9;14
7947;Totaal;Oceanië;54 jaar;2014;25;10;15
7948;Totaal;Oceanië;54 jaar;2015;23;10;13
7949;Totaal;Oceanië;54 jaar;2016;27;13;14
7950;Totaal;Oceanië;54 jaar;2017;43;18;25
7951;Totaal;Oceanië;54 jaar;2018;60;26;34
7952;Totaal;Oceanië;55 jaar;2003;14;7;7
7953;Totaal;Oceanië;55 jaar;2004;9;5;4
7954;Totaal;Oceanië;55 jaar;2005;12;5;7
7955;Totaal;Oceanië;55 jaar;2006;12;7;5
7956;Totaal;Oceanië;55 jaar;2007;6;2;4
7957;Totaal;Oceanië;55 jaar;2008;5;2;3
7958;Totaal;Oceanië;55 jaar;2009;5;1;4
7959;Totaal;Oceanië;55 jaar;2010;5;3;2
7960;Totaal;Oceanië;55 jaar;2011;11;3;8
7961;Totaal;Oceanië;55 jaar;2012;18;5;13
7962;Totaal;Oceanië;55 jaar;2013;16;6;10
7963;Totaal;Oceanië;55 jaar;2014;22;9;13
7964;Totaal;Oceanië;55 jaar;2015;25;10;15
7965;Totaal;Oceanië;55 jaar;2016;22;10;12
7966;Totaal;Oceanië;55 jaar;2017;26;13;13
7967;Totaal;Oceanië;55 jaar;2018;42;17;25
7968;Totaal;Oceanië;56 jaar;2003;7;2;5
7969;Totaal;Oceanië;56 jaar;2004;14;7;7
7970;Totaal;Oceanië;56 jaar;2005;9;5;4
7971;Totaal;Oceanië;56 jaar;2006;11;5;6
7972;Totaal;Oceanië;56 jaar;2007;12;7;5
7973;Totaal;Oceanië;56 jaar;2008;6;2;4
7974;Totaal;Oceanië;56 jaar;2009;5;2;3
7975;Totaal;Oceanië;56 jaar;2010;5;1;4
7976;Totaal;Oceanië;56 jaar;2011;4;2;2
7977;Totaal;Oceanië;56 jaar;2012;9;3;6
7978;Totaal;Oceanië;56 jaar;2013;18;5;13
7979;Totaal;Oceanië;56 jaar;2014;16;6;10
7980;Totaal;Oceanië;56 jaar;2015;21;9;12
7981;Totaal;Oceanië;56 jaar;2016;25;10;15
7982;Totaal;Oceanië;56 jaar;2017;22;10;12
7983;Totaal;Oceanië;56 jaar;2018;26;13;13
7984;Totaal;Oceanië;57 jaar;2003;0;0;0
7985;Totaal;Oceanië;57 jaar;2004;7;2;5
7986;Totaal;Oceanië;57 jaar;2005;13;7;6
7987;Totaal;Oceanië;57 jaar;2006;9;5;4
7988;Totaal;Oceanië;57 jaar;2007;11;5;6
7989;Totaal;Oceanië;57 jaar;2008;12;7;5
7990;Totaal;Oceanië;57 jaar;2009;5;2;3
7991;Totaal;Oceanië;57 jaar;2010;5;2;3
7992;Totaal;Oceanië;57 jaar;2011;5;1;4
7993;Totaal;Oceanië;57 jaar;2012;4;2;2
7994;Totaal;Oceanië;57 jaar;2013;9;3;6
7995;Totaal;Oceanië;57 jaar;2014;18;5;13
7996;Totaal;Oceanië;57 jaar;2015;16;6;10
7997;Totaal;Oceanië;57 jaar;2016;20;8;12
7998;Totaal;Oceanië;57 jaar;2017;24;10;14
7999;Totaal;Oceanië;57 jaar;2018;21;9;12
8000;Totaal;Oceanië;58 jaar;2003;0;0;0
8001;Totaal;Oceanië;58 jaar;2004;0;0;0
8002;Totaal;Oceanië;58 jaar;2005;6;1;5
8003;Totaal;Oceanië;58 jaar;2006;13;7;6
8004;Totaal;Oceanië;58 jaar;2007;9;5;4
8005;Totaal;Oceanië;58 jaar;2008;11;5;6
8006;Totaal;Oceanië;58 jaar;2009;12;7;5
8007;Totaal;Oceanië;58 jaar;2010;5;2;3
8008;Totaal;Oceanië;58 jaar;2011;5;2;3
8009;Totaal;Oceanië;58 jaar;2012;5;1;4
8010;Totaal;Oceanië;58 jaar;2013;4;2;2
8011;Totaal;Oceanië;58 jaar;2014;8;3;5
8012;Totaal;Oceanië;58 jaar;2015;18;5;13
8013;Totaal;Oceanië;58 jaar;2016;16;6;10
8014;Totaal;Oceanië;58 jaar;2017;20;8;12
8015;Totaal;Oceanië;58 jaar;2018;24;10;14
8016;Totaal;Oceanië;59 jaar;2003;0;0;0
8017;Totaal;Oceanië;59 jaar;2004;0;0;0
8018;Totaal;Oceanië;59 jaar;2005;0;0;0
8019;Totaal;Oceanië;59 jaar;2006;6;1;5
8020;Totaal;Oceanië;59 jaar;2007;13;7;6
8021;Totaal;Oceanië;59 jaar;2008;8;4;4
8022;Totaal;Oceanië;59 jaar;2009;9;5;4
8023;Totaal;Oceanië;59 jaar;2010;11;7;4
8024;Totaal;Oceanië;59 jaar;2011;5;2;3
8025;Totaal;Oceanië;59 jaar;2012;4;2;2
8026;Totaal;Oceanië;59 jaar;2013;5;1;4
8027;Totaal;Oceanië;59 jaar;2014;4;2;2
8028;Totaal;Oceanië;59 jaar;2015;8;3;5
8029;Totaal;Oceanië;59 jaar;2016;18;5;13
8030;Totaal;Oceanië;59 jaar;2017;15;5;10
8031;Totaal;Oceanië;59 jaar;2018;20;8;12
8032;Totaal;Oceanië;60 jaar of meer;2003;5;3;2
8033;Totaal;Oceanië;60 jaar of meer;2004;5;3;2
8034;Totaal;Oceanië;60 jaar of meer;2005;5;3;2
8035;Totaal;Oceanië;60 jaar of meer;2006;5;3;2
8036;Totaal;Oceanië;60 jaar of meer;2007;11;4;7
8037;Totaal;Oceanië;60 jaar of meer;2008;24;11;13
8038;Totaal;Oceanië;60 jaar of meer;2009;32;15;17
8039;Totaal;Oceanië;60 jaar of meer;2010;39;20;19
8040;Totaal;Oceanië;60 jaar of meer;2011;47;25;22
8041;Totaal;Oceanië;60 jaar of meer;2012;51;27;24
8042;Totaal;Oceanië;60 jaar of meer;2013;53;27;26
8043;Totaal;Oceanië;60 jaar of meer;2014;57;27;30
8044;Totaal;Oceanië;60 jaar of meer;2015;59;29;30
8045;Totaal;Oceanië;60 jaar of meer;2016;66;31;35
8046;Totaal;Oceanië;60 jaar of meer;2017;83;36;47
8047;Totaal;Oceanië;60 jaar of meer;2018;94;39;55
8048;Totaal;Oceanië;Onbekend;2003;35;14;21
8049;Totaal;Oceanië;Onbekend;2004;31;11;20
8050;Totaal;Oceanië;Onbekend;2005;34;14;20
8051;Totaal;Oceanië;Onbekend;2006;26;11;15
8052;Totaal;Oceanië;Onbekend;2007;20;6;14
8053;Totaal;Oceanië;Onbekend;2008;15;5;10
8054;Totaal;Oceanië;Onbekend;2009;14;5;9
8055;Totaal;Oceanië;Onbekend;2010;6;3;3
8056;Totaal;Oceanië;Onbekend;2011;7;3;4
8057;Totaal;Oceanië;Onbekend;2012;6;3;3
8058;Totaal;Oceanië;Onbekend;2013;5;3;2
8059;Totaal;Oceanië;Onbekend;2014;4;2;2
8060;Totaal;Oceanië;Onbekend;2015;4;2;2
8061;Totaal;Oceanië;Onbekend;2016;4;2;2
8062;Totaal;Oceanië;Onbekend;2017;4;2;2
8063;Totaal;Oceanië;Onbekend;2018;4;2;2
8064;Totaal;Europese Unie (excl. Nederlandse acht...;Totaal;2003;275921;127923;147998
8065;Totaal;Europese Unie (excl. Nederlandse acht...;Totaal;2004;274837;127533;147304
8066;Totaal;Europese Unie (excl. Nederlandse acht...;Totaal;2005;310710;138590;172120
8067;Totaal;Europese Unie (excl. Nederlandse acht...;Totaal;2006;315103;140765;174338
8068;Totaal;Europese Unie (excl. Nederlandse acht...;Totaal;2007;330015;146905;183110
8069;Totaal;Europese Unie (excl. Nederlandse acht...;Totaal;2008;346751;155603;191148
8070;Totaal;Europese Unie (excl. Nederlandse acht...;Totaal;2009;371456;168620;202836
8071;Totaal;Europese Unie (excl. Nederlandse acht...;Totaal;2010;389166;176832;212334
8072;Totaal;Europese Unie (excl. Nederlandse acht...;Totaal;2011;409812;186539;223273
8073;Totaal;Europese Unie (excl. Nederlandse acht...;Totaal;2012;433260;198439;234821
8074;Totaal;Europese Unie (excl. Nederlandse acht...;Totaal;2013;449916;206296;243620
8075;Totaal;Europese Unie (excl. Nederlandse acht...;Totaal;2014;467091;214759;252332
8076;Totaal;Europese Unie (excl. Nederlandse acht...;Totaal;2015;490522;226700;263822
8077;Totaal;Europese Unie (excl. Nederlandse acht...;Totaal;2016;512788;238231;274557
8078;Totaal;Europese Unie (excl. Nederlandse acht...;Totaal;2017;538046;251200;286846
8079;Totaal;Europese Unie (excl. Nederlandse acht...;Totaal;2018;568744;267242;301502
8080;Totaal;Europese Unie (excl. Nederlandse acht...;Minder dan 1 jaar;2003;19378;10406;8972
8081;Totaal;Europese Unie (excl. Nederlandse acht...;Minder dan 1 jaar;2004;17723;9426;8297
8082;Totaal;Europese Unie (excl. Nederlandse acht...;Minder dan 1 jaar;2005;24646;12293;12353
8083;Totaal;Europese Unie (excl. Nederlandse acht...;Minder dan 1 jaar;2006;25911;13316;12595
8084;Totaal;Europese Unie (excl. Nederlandse acht...;Minder dan 1 jaar;2007;30906;16150;14756
8085;Totaal;Europese Unie (excl. Nederlandse acht...;Minder dan 1 jaar;2008;41238;21590;19648
8086;Totaal;Europese Unie (excl. Nederlandse acht...;Minder dan 1 jaar;2009;51138;27144;23994
8087;Totaal;Europese Unie (excl. Nederlandse acht...;Minder dan 1 jaar;2010;49632;25557;24075
8088;Totaal;Europese Unie (excl. Nederlandse acht...;Minder dan 1 jaar;2011;54918;28298;26620
8089;Totaal;Europese Unie (excl. Nederlandse acht...;Minder dan 1 jaar;2012;61781;32079;29702
8090;Totaal;Europese Unie (excl. Nederlandse acht...;Minder dan 1 jaar;2013;61814;31886;29928
8091;Totaal;Europese Unie (excl. Nederlandse acht...;Minder dan 1 jaar;2014;62186;31942;30244
8092;Totaal;Europese Unie (excl. Nederlandse acht...;Minder dan 1 jaar;2015;69193;36040;33153
8093;Totaal;Europese Unie (excl. Nederlandse acht...;Minder dan 1 jaar;2016;69425;36399;33026
8094;Totaal;Europese Unie (excl. Nederlandse acht...;Minder dan 1 jaar;2017;74471;39024;35447
8095;Totaal;Europese Unie (excl. Nederlandse acht...;Minder dan 1 jaar;2018;83169;44070;39099
8096;Totaal;Europese Unie (excl. Nederlandse acht...;1 jaar;2003;17286;9423;7863
8097;Totaal;Europese Unie (excl. Nederlandse acht...;1 jaar;2004;16020;8497;7523
8098;Totaal;Europese Unie (excl. Nederlandse acht...;1 jaar;2005;16879;8373;8506
8099;Totaal;Europese Unie (excl. Nederlandse acht...;1 jaar;2006;20318;9967;10351
8100;Totaal;Europese Unie (excl. Nederlandse acht...;1 jaar;2007;21504;10664;10840
8101;Totaal;Europese Unie (excl. Nederlandse acht...;1 jaar;2008;24888;12811;12077
8102;Totaal;Europese Unie (excl. Nederlandse acht...;1 jaar;2009;32954;16942;16012
8103;Totaal;Europese Unie (excl. Nederlandse acht...;1 jaar;2010;39454;20397;19057
8104;Totaal;Europese Unie (excl. Nederlandse acht...;1 jaar;2011;38170;19155;19015
8105;Totaal;Europese Unie (excl. Nederlandse acht...;1 jaar;2012;41608;21158;20450
8106;Totaal;Europese Unie (excl. Nederlandse acht...;1 jaar;2013;45014;23094;21920
8107;Totaal;Europese Unie (excl. Nederlandse acht...;1 jaar;2014;45071;23041;22030
8108;Totaal;Europese Unie (excl. Nederlandse acht...;1 jaar;2015;45762;23344;22418
8109;Totaal;Europese Unie (excl. Nederlandse acht...;1 jaar;2016;51002;26197;24805
8110;Totaal;Europese Unie (excl. Nederlandse acht...;1 jaar;2017;52114;27008;25106
8111;Totaal;Europese Unie (excl. Nederlandse acht...;1 jaar;2018;54966;28490;26476
8112;Totaal;Europese Unie (excl. Nederlandse acht...;2 jaar;2003;14849;7922;6927
8113;Totaal;Europese Unie (excl. Nederlandse acht...;2 jaar;2004;14398;7704;6694
8114;Totaal;Europese Unie (excl. Nederlandse acht...;2 jaar;2005;15585;7634;7951
8115;Totaal;Europese Unie (excl. Nederlandse acht...;2 jaar;2006;14202;6842;7360
8116;Totaal;Europese Unie (excl. Nederlandse acht...;2 jaar;2007;17410;8172;9238
8117;Totaal;Europese Unie (excl. Nederlandse acht...;2 jaar;2008;17910;8638;9272
8118;Totaal;Europese Unie (excl. Nederlandse acht...;2 jaar;2009;20648;10351;10297
8119;Totaal;Europese Unie (excl. Nederlandse acht...;2 jaar;2010;27204;13629;13575
8120;Totaal;Europese Unie (excl. Nederlandse acht...;2 jaar;2011;32236;16236;16000
8121;Totaal;Europese Unie (excl. Nederlandse acht...;2 jaar;2012;31116;15274;15842
8122;Totaal;Europese Unie (excl. Nederlandse acht...;2 jaar;2013;32973;16374;16599
8123;Totaal;Europese Unie (excl. Nederlandse acht...;2 jaar;2014;36387;18298;18089
8124;Totaal;Europese Unie (excl. Nederlandse acht...;2 jaar;2015;36430;18317;18113
8125;Totaal;Europese Unie (excl. Nederlandse acht...;2 jaar;2016;37597;18857;18740
8126;Totaal;Europese Unie (excl. Nederlandse acht...;2 jaar;2017;41478;21004;20474
8127;Totaal;Europese Unie (excl. Nederlandse acht...;2 jaar;2018;41932;21373;20559
8128;Totaal;Europese Unie (excl. Nederlandse acht...;3 jaar;2003;11984;6202;5782
8129;Totaal;Europese Unie (excl. Nederlandse acht...;3 jaar;2004;12597;6606;5991
8130;Totaal;Europese Unie (excl. Nederlandse acht...;3 jaar;2005;14016;6977;7039
8131;Totaal;Europese Unie (excl. Nederlandse acht...;3 jaar;2006;13272;6342;6930
8132;Totaal;Europese Unie (excl. Nederlandse acht...;3 jaar;2007;12704;5779;6925
8133;Totaal;Europese Unie (excl. Nederlandse acht...;3 jaar;2008;14832;6789;8043
8134;Totaal;Europese Unie (excl. Nederlandse acht...;3 jaar;2009;15335;7218;8117
8135;Totaal;Europese Unie (excl. Nederlandse acht...;3 jaar;2010;17413;8552;8861
8136;Totaal;Europese Unie (excl. Nederlandse acht...;3 jaar;2011;23490;11538;11952
8137;Totaal;Europese Unie (excl. Nederlandse acht...;3 jaar;2012;27382;13568;13814
8138;Totaal;Europese Unie (excl. Nederlandse acht...;3 jaar;2013;26064;12606;13458
8139;Totaal;Europese Unie (excl. Nederlandse acht...;3 jaar;2014;27849;13726;14123
8140;Totaal;Europese Unie (excl. Nederlandse acht...;3 jaar;2015;30794;15282;15512
8141;Totaal;Europese Unie (excl. Nederlandse acht...;3 jaar;2016;30915;15409;15506
8142;Totaal;Europese Unie (excl. Nederlandse acht...;3 jaar;2017;31987;15872;16115
8143;Totaal;Europese Unie (excl. Nederlandse acht...;3 jaar;2018;35280;17709;17571
8144;Totaal;Europese Unie (excl. Nederlandse acht...;4 jaar;2003;10283;5148;5135
8145;Totaal;Europese Unie (excl. Nederlandse acht...;4 jaar;2004;10444;5324;5120
8146;Totaal;Europese Unie (excl. Nederlandse acht...;4 jaar;2005;12470;6054;6416
8147;Totaal;Europese Unie (excl. Nederlandse acht...;4 jaar;2006;12255;5967;6288
8148;Totaal;Europese Unie (excl. Nederlandse acht...;4 jaar;2007;11964;5463;6501
8149;Totaal;Europese Unie (excl. Nederlandse acht...;4 jaar;2008;11105;4916;6189
8150;Totaal;Europese Unie (excl. Nederlandse acht...;4 jaar;2009;13101;5860;7241
8151;Totaal;Europese Unie (excl. Nederlandse acht...;4 jaar;2010;13473;6224;7249
8152;Totaal;Europese Unie (excl. Nederlandse acht...;4 jaar;2011;15132;7294;7838
8153;Totaal;Europese Unie (excl. Nederlandse acht...;4 jaar;2012;20834;10100;10734
8154;Totaal;Europese Unie (excl. Nederlandse acht...;4 jaar;2013;23875;11634;12241
8155;Totaal;Europese Unie (excl. Nederlandse acht...;4 jaar;2014;22880;10967;11913
8156;Totaal;Europese Unie (excl. Nederlandse acht...;4 jaar;2015;24275;11869;12406
8157;Totaal;Europese Unie (excl. Nederlandse acht...;4 jaar;2016;27073;13326;13747
8158;Totaal;Europese Unie (excl. Nederlandse acht...;4 jaar;2017;27156;13424;13732
8159;Totaal;Europese Unie (excl. Nederlandse acht...;4 jaar;2018;28272;13882;14390
8160;Totaal;Europese Unie (excl. Nederlandse acht...;5 jaar;2003;8805;4399;4406
8161;Totaal;Europese Unie (excl. Nederlandse acht...;5 jaar;2004;9134;4527;4607
8162;Totaal;Europese Unie (excl. Nederlandse acht...;5 jaar;2005;10296;4925;5371
8163;Totaal;Europese Unie (excl. Nederlandse acht...;5 jaar;2006;11083;5273;5810
8164;Totaal;Europese Unie (excl. Nederlandse acht...;5 jaar;2007;11270;5286;5984
8165;Totaal;Europese Unie (excl. Nederlandse acht...;5 jaar;2008;10642;4776;5866
8166;Totaal;Europese Unie (excl. Nederlandse acht...;5 jaar;2009;10066;4353;5713
8167;Totaal;Europese Unie (excl. Nederlandse acht...;5 jaar;2010;11910;5212;6698
8168;Totaal;Europese Unie (excl. Nederlandse acht...;5 jaar;2011;12106;5508;6598
8169;Totaal;Europese Unie (excl. Nederlandse acht...;5 jaar;2012;13579;6465;7114
8170;Totaal;Europese Unie (excl. Nederlandse acht...;5 jaar;2013;18791;8962;9829
8171;Totaal;Europese Unie (excl. Nederlandse acht...;5 jaar;2014;21615;10452;11163
8172;Totaal;Europese Unie (excl. Nederlandse acht...;5 jaar;2015;20699;9826;10873
8173;Totaal;Europese Unie (excl. Nederlandse acht...;5 jaar;2016;22085;10694;11391
8174;Totaal;Europese Unie (excl. Nederlandse acht...;5 jaar;2017;24589;11977;12612
8175;Totaal;Europese Unie (excl. Nederlandse acht...;5 jaar;2018;24770;12141;12629
8176;Totaal;Europese Unie (excl. Nederlandse acht...;6 jaar;2003;7735;3817;3918
8177;Totaal;Europese Unie (excl. Nederlandse acht...;6 jaar;2004;8003;3969;4034
8178;Totaal;Europese Unie (excl. Nederlandse acht...;6 jaar;2005;9645;4359;5286
8179;Totaal;Europese Unie (excl. Nederlandse acht...;6 jaar;2006;9323;4406;4917
8180;Totaal;Europese Unie (excl. Nederlandse acht...;6 jaar;2007;10404;4795;5609
8181;Totaal;Europese Unie (excl. Nederlandse acht...;6 jaar;2008;10216;4694;5522
8182;Totaal;Europese Unie (excl. Nederlandse acht...;6 jaar;2009;9790;4316;5474
8183;Totaal;Europese Unie (excl. Nederlandse acht...;6 jaar;2010;9210;3937;5273
8184;Totaal;Europese Unie (excl. Nederlandse acht...;6 jaar;2011;11006;4715;6291
8185;Totaal;Europese Unie (excl. Nederlandse acht...;6 jaar;2012;11038;4958;6080
8186;Totaal;Europese Unie (excl. Nederlandse acht...;6 jaar;2013;12330;5790;6540
8187;Totaal;Europese Unie (excl. Nederlandse acht...;6 jaar;2014;17390;8239;9151
8188;Totaal;Europese Unie (excl. Nederlandse acht...;6 jaar;2015;20061;9628;10433
8189;Totaal;Europese Unie (excl. Nederlandse acht...;6 jaar;2016;19179;9044;10135
8190;Totaal;Europese Unie (excl. Nederlandse acht...;6 jaar;2017;20352;9767;10585
8191;Totaal;Europese Unie (excl. Nederlandse acht...;6 jaar;2018;22804;10982;11822
8192;Totaal;Europese Unie (excl. Nederlandse acht...;7 jaar;2003;6169;2963;3206
8193;Totaal;Europese Unie (excl. Nederlandse acht...;7 jaar;2004;7188;3521;3667
8194;Totaal;Europese Unie (excl. Nederlandse acht...;7 jaar;2005;8628;3897;4731
8195;Totaal;Europese Unie (excl. Nederlandse acht...;7 jaar;2006;8876;3968;4908
8196;Totaal;Europese Unie (excl. Nederlandse acht...;7 jaar;2007;8852;4073;4779
8197;Totaal;Europese Unie (excl. Nederlandse acht...;7 jaar;2008;9505;4305;5200
8198;Totaal;Europese Unie (excl. Nederlandse acht...;7 jaar;2009;9499;4301;5198
8199;Totaal;Europese Unie (excl. Nederlandse acht...;7 jaar;2010;9110;3942;5168
8200;Totaal;Europese Unie (excl. Nederlandse acht...;7 jaar;2011;8556;3616;4940
8201;Totaal;Europese Unie (excl. Nederlandse acht...;7 jaar;2012;10284;4351;5933
8202;Totaal;Europese Unie (excl. Nederlandse acht...;7 jaar;2013;10157;4491;5666
8203;Totaal;Europese Unie (excl. Nederlandse acht...;7 jaar;2014;11489;5352;6137
8204;Totaal;Europese Unie (excl. Nederlandse acht...;7 jaar;2015;16393;7681;8712
8205;Totaal;Europese Unie (excl. Nederlandse acht...;7 jaar;2016;18975;9063;9912
8206;Totaal;Europese Unie (excl. Nederlandse acht...;7 jaar;2017;17974;8408;9566
8207;Totaal;Europese Unie (excl. Nederlandse acht...;7 jaar;2018;19139;9124;10015
8208;Totaal;Europese Unie (excl. Nederlandse acht...;8 jaar;2003;5828;2778;3050
8209;Totaal;Europese Unie (excl. Nederlandse acht...;8 jaar;2004;5771;2741;3030
8210;Totaal;Europese Unie (excl. Nederlandse acht...;8 jaar;2005;7996;3542;4454
8211;Totaal;Europese Unie (excl. Nederlandse acht...;8 jaar;2006;8031;3599;4432
8212;Totaal;Europese Unie (excl. Nederlandse acht...;8 jaar;2007;8485;3682;4803
8213;Totaal;Europese Unie (excl. Nederlandse acht...;8 jaar;2008;8241;3749;4492
8214;Totaal;Europese Unie (excl. Nederlandse acht...;8 jaar;2009;8905;3971;4934
8215;Totaal;Europese Unie (excl. Nederlandse acht...;8 jaar;2010;8927;3997;4930
8216;Totaal;Europese Unie (excl. Nederlandse acht...;8 jaar;2011;8601;3666;4935
8217;Totaal;Europese Unie (excl. Nederlandse acht...;8 jaar;2012;8057;3362;4695
8218;Totaal;Europese Unie (excl. Nederlandse acht...;8 jaar;2013;9666;4053;5613
8219;Totaal;Europese Unie (excl. Nederlandse acht...;8 jaar;2014;9501;4175;5326
8220;Totaal;Europese Unie (excl. Nederlandse acht...;8 jaar;2015;10839;4990;5849
8221;Totaal;Europese Unie (excl. Nederlandse acht...;8 jaar;2016;15663;7261;8402
8222;Totaal;Europese Unie (excl. Nederlandse acht...;8 jaar;2017;18065;8606;9459
8223;Totaal;Europese Unie (excl. Nederlandse acht...;8 jaar;2018;17112;7966;9146
8224;Totaal;Europese Unie (excl. Nederlandse acht...;9 jaar;2003;5967;2892;3075
8225;Totaal;Europese Unie (excl. Nederlandse acht...;9 jaar;2004;5504;2608;2896
8226;Totaal;Europese Unie (excl. Nederlandse acht...;9 jaar;2005;6561;2807;3754
8227;Totaal;Europese Unie (excl. Nederlandse acht...;9 jaar;2006;7516;3294;4222
8228;Totaal;Europese Unie (excl. Nederlandse acht...;9 jaar;2007;7860;3410;4450
8229;Totaal;Europese Unie (excl. Nederlandse acht...;9 jaar;2008;7943;3397;4546
8230;Totaal;Europese Unie (excl. Nederlandse acht...;9 jaar;2009;7772;3504;4268
8231;Totaal;Europese Unie (excl. Nederlandse acht...;9 jaar;2010;8418;3706;4712
8232;Totaal;Europese Unie (excl. Nederlandse acht...;9 jaar;2011;8462;3736;4726
8233;Totaal;Europese Unie (excl. Nederlandse acht...;9 jaar;2012;8146;3450;4696
8234;Totaal;Europese Unie (excl. Nederlandse acht...;9 jaar;2013;7645;3152;4493
8235;Totaal;Europese Unie (excl. Nederlandse acht...;9 jaar;2014;9194;3815;5379
8236;Totaal;Europese Unie (excl. Nederlandse acht...;9 jaar;2015;9031;3937;5094
8237;Totaal;Europese Unie (excl. Nederlandse acht...;9 jaar;2016;10387;4748;5639
8238;Totaal;Europese Unie (excl. Nederlandse acht...;9 jaar;2017;15027;6931;8096
8239;Totaal;Europese Unie (excl. Nederlandse acht...;9 jaar;2018;17317;8185;9132
8240;Totaal;Europese Unie (excl. Nederlandse acht...;10 jaar;2003;6481;3146;3335
8241;Totaal;Europese Unie (excl. Nederlandse acht...;10 jaar;2004;5691;2740;2951
8242;Totaal;Europese Unie (excl. Nederlandse acht...;10 jaar;2005;5998;2622;3376
8243;Totaal;Europese Unie (excl. Nederlandse acht...;10 jaar;2006;6245;2643;3602
8244;Totaal;Europese Unie (excl. Nederlandse acht...;10 jaar;2007;7319;3139;4180
8245;Totaal;Europese Unie (excl. Nederlandse acht...;10 jaar;2008;7453;3188;4265
8246;Totaal;Europese Unie (excl. Nederlandse acht...;10 jaar;2009;7542;3203;4339
8247;Totaal;Europese Unie (excl. Nederlandse acht...;10 jaar;2010;7382;3314;4068
8248;Totaal;Europese Unie (excl. Nederlandse acht...;10 jaar;2011;7991;3497;4494
8249;Totaal;Europese Unie (excl. Nederlandse acht...;10 jaar;2012;8042;3529;4513
8250;Totaal;Europese Unie (excl. Nederlandse acht...;10 jaar;2013;7741;3245;4496
8251;Totaal;Europese Unie (excl. Nederlandse acht...;10 jaar;2014;7267;2972;4295
8252;Totaal;Europese Unie (excl. Nederlandse acht...;10 jaar;2015;8804;3608;5196
8253;Totaal;Europese Unie (excl. Nederlandse acht...;10 jaar;2016;8722;3779;4943
8254;Totaal;Europese Unie (excl. Nederlandse acht...;10 jaar;2017;9967;4524;5443
8255;Totaal;Europese Unie (excl. Nederlandse acht...;10 jaar;2018;14545;6675;7870
8256;Totaal;Europese Unie (excl. Nederlandse acht...;11 jaar;2003;6105;2989;3116
8257;Totaal;Europese Unie (excl. Nederlandse acht...;11 jaar;2004;6202;3005;3197
8258;Totaal;Europese Unie (excl. Nederlandse acht...;11 jaar;2005;6524;2818;3706
8259;Totaal;Europese Unie (excl. Nederlandse acht...;11 jaar;2006;5744;2495;3249
8260;Totaal;Europese Unie (excl. Nederlandse acht...;11 jaar;2007;6144;2562;3582
8261;Totaal;Europese Unie (excl. Nederlandse acht...;11 jaar;2008;6976;2952;4024
8262;Totaal;Europese Unie (excl. Nederlandse acht...;11 jaar;2009;7112;3027;4085
8263;Totaal;Europese Unie (excl. Nederlandse acht...;11 jaar;2010;7231;3053;4178
8264;Totaal;Europese Unie (excl. Nederlandse acht...;11 jaar;2011;7088;3166;3922
8265;Totaal;Europese Unie (excl. Nederlandse acht...;11 jaar;2012;7625;3316;4309
8266;Totaal;Europese Unie (excl. Nederlandse acht...;11 jaar;2013;7656;3328;4328
8267;Totaal;Europese Unie (excl. Nederlandse acht...;11 jaar;2014;7430;3093;4337
8268;Totaal;Europese Unie (excl. Nederlandse acht...;11 jaar;2015;7027;2841;4186
8269;Totaal;Europese Unie (excl. Nederlandse acht...;11 jaar;2016;8545;3467;5078
8270;Totaal;Europese Unie (excl. Nederlandse acht...;11 jaar;2017;8439;3642;4797
8271;Totaal;Europese Unie (excl. Nederlandse acht...;11 jaar;2018;9636;4340;5296
8272;Totaal;Europese Unie (excl. Nederlandse acht...;12 jaar;2003;5737;2760;2977
8273;Totaal;Europese Unie (excl. Nederlandse acht...;12 jaar;2004;5894;2881;3013
8274;Totaal;Europese Unie (excl. Nederlandse acht...;12 jaar;2005;7089;3100;3989
8275;Totaal;Europese Unie (excl. Nederlandse acht...;12 jaar;2006;6241;2682;3559
8276;Totaal;Europese Unie (excl. Nederlandse acht...;12 jaar;2007;5633;2394;3239
8277;Totaal;Europese Unie (excl. Nederlandse acht...;12 jaar;2008;5928;2451;3477
8278;Totaal;Europese Unie (excl. Nederlandse acht...;12 jaar;2009;6694;2803;3891
8279;Totaal;Europese Unie (excl. Nederlandse acht...;12 jaar;2010;6856;2890;3966
8280;Totaal;Europese Unie (excl. Nederlandse acht...;12 jaar;2011;6960;2926;4034
8281;Totaal;Europese Unie (excl. Nederlandse acht...;12 jaar;2012;6799;3025;3774
8282;Totaal;Europese Unie (excl. Nederlandse acht...;12 jaar;2013;7296;3129;4167
8283;Totaal;Europese Unie (excl. Nederlandse acht...;12 jaar;2014;7374;3173;4201
8284;Totaal;Europese Unie (excl. Nederlandse acht...;12 jaar;2015;7195;2968;4227
8285;Totaal;Europese Unie (excl. Nederlandse acht...;12 jaar;2016;6802;2723;4079
8286;Totaal;Europese Unie (excl. Nederlandse acht...;12 jaar;2017;8307;3356;4951
8287;Totaal;Europese Unie (excl. Nederlandse acht...;12 jaar;2018;8187;3514;4673
8288;Totaal;Europese Unie (excl. Nederlandse acht...;13 jaar;2003;4907;2255;2652
8289;Totaal;Europese Unie (excl. Nederlandse acht...;13 jaar;2004;5529;2644;2885
8290;Totaal;Europese Unie (excl. Nederlandse acht...;13 jaar;2005;6764;2959;3805
8291;Totaal;Europese Unie (excl. Nederlandse acht...;13 jaar;2006;6794;2951;3843
8292;Totaal;Europese Unie (excl. Nederlandse acht...;13 jaar;2007;6202;2610;3592
8293;Totaal;Europese Unie (excl. Nederlandse acht...;13 jaar;2008;5397;2260;3137
8294;Totaal;Europese Unie (excl. Nederlandse acht...;13 jaar;2009;5735;2344;3391
8295;Totaal;Europese Unie (excl. Nederlandse acht...;13 jaar;2010;6466;2691;3775
8296;Totaal;Europese Unie (excl. Nederlandse acht...;13 jaar;2011;6612;2778;3834
8297;Totaal;Europese Unie (excl. Nederlandse acht...;13 jaar;2012;6721;2806;3915
8298;Totaal;Europese Unie (excl. Nederlandse acht...;13 jaar;2013;6538;2879;3659
8299;Totaal;Europese Unie (excl. Nederlandse acht...;13 jaar;2014;7057;3017;4040
8300;Totaal;Europese Unie (excl. Nederlandse acht...;13 jaar;2015;7136;3041;4095
8301;Totaal;Europese Unie (excl. Nederlandse acht...;13 jaar;2016;7033;2885;4148
8302;Totaal;Europese Unie (excl. Nederlandse acht...;13 jaar;2017;6620;2641;3979
8303;Totaal;Europese Unie (excl. Nederlandse acht...;13 jaar;2018;8089;3245;4844
8304;Totaal;Europese Unie (excl. Nederlandse acht...;14 jaar;2003;4776;2179;2597
8305;Totaal;Europese Unie (excl. Nederlandse acht...;14 jaar;2004;4750;2178;2572
8306;Totaal;Europese Unie (excl. Nederlandse acht...;14 jaar;2005;6160;2714;3446
8307;Totaal;Europese Unie (excl. Nederlandse acht...;14 jaar;2006;6519;2825;3694
8308;Totaal;Europese Unie (excl. Nederlandse acht...;14 jaar;2007;6829;2941;3888
8309;Totaal;Europese Unie (excl. Nederlandse acht...;14 jaar;2008;5978;2502;3476
8310;Totaal;Europese Unie (excl. Nederlandse acht...;14 jaar;2009;5204;2164;3040
8311;Totaal;Europese Unie (excl. Nederlandse acht...;14 jaar;2010;5555;2259;3296
8312;Totaal;Europese Unie (excl. Nederlandse acht...;14 jaar;2011;6286;2598;3688
8313;Totaal;Europese Unie (excl. Nederlandse acht...;14 jaar;2012;6394;2668;3726
8314;Totaal;Europese Unie (excl. Nederlandse acht...;14 jaar;2013;6470;2686;3784
8315;Totaal;Europese Unie (excl. Nederlandse acht...;14 jaar;2014;6369;2773;3596
8316;Totaal;Europese Unie (excl. Nederlandse acht...;14 jaar;2015;6848;2895;3953
8317;Totaal;Europese Unie (excl. Nederlandse acht...;14 jaar;2016;6951;2954;3997
8318;Totaal;Europese Unie (excl. Nederlandse acht...;14 jaar;2017;6835;2785;4050
8319;Totaal;Europese Unie (excl. Nederlandse acht...;14 jaar;2018;6470;2566;3904
8320;Totaal;Europese Unie (excl. Nederlandse acht...;15 jaar;2003;4590;2052;2538
8321;Totaal;Europese Unie (excl. Nederlandse acht...;15 jaar;2004;4619;2096;2523
8322;Totaal;Europese Unie (excl. Nederlandse acht...;15 jaar;2005;5265;2258;3007
8323;Totaal;Europese Unie (excl. Nederlandse acht...;15 jaar;2006;5971;2632;3339
8324;Totaal;Europese Unie (excl. Nederlandse acht...;15 jaar;2007;6729;2900;3829
8325;Totaal;Europese Unie (excl. Nederlandse acht...;15 jaar;2008;6612;2834;3778
8326;Totaal;Europese Unie (excl. Nederlandse acht...;15 jaar;2009;5807;2410;3397
8327;Totaal;Europese Unie (excl. Nederlandse acht...;15 jaar;2010;5095;2120;2975
8328;Totaal;Europese Unie (excl. Nederlandse acht...;15 jaar;2011;5430;2190;3240
8329;Totaal;Europese Unie (excl. Nederlandse acht...;15 jaar;2012;6095;2504;3591
8330;Totaal;Europese Unie (excl. Nederlandse acht...;15 jaar;2013;6173;2548;3625
8331;Totaal;Europese Unie (excl. Nederlandse acht...;15 jaar;2014;6288;2592;3696
8332;Totaal;Europese Unie (excl. Nederlandse acht...;15 jaar;2015;6184;2677;3507
8333;Totaal;Europese Unie (excl. Nederlandse acht...;15 jaar;2016;6665;2801;3864
8334;Totaal;Europese Unie (excl. Nederlandse acht...;15 jaar;2017;6778;2851;3927
8335;Totaal;Europese Unie (excl. Nederlandse acht...;15 jaar;2018;6648;2698;3950
8336;Totaal;Europese Unie (excl. Nederlandse acht...;16 jaar;2003;4530;2029;2501
8337;Totaal;Europese Unie (excl. Nederlandse acht...;16 jaar;2004;4471;1986;2485
8338;Totaal;Europese Unie (excl. Nederlandse acht...;16 jaar;2005;5082;2173;2909
8339;Totaal;Europese Unie (excl. Nederlandse acht...;16 jaar;2006;5087;2173;2914
8340;Totaal;Europese Unie (excl. Nederlandse acht...;16 jaar;2007;6143;2669;3474
8341;Totaal;Europese Unie (excl. Nederlandse acht...;16 jaar;2008;6508;2787;3721
8342;Totaal;Europese Unie (excl. Nederlandse acht...;16 jaar;2009;6431;2730;3701
8343;Totaal;Europese Unie (excl. Nederlandse acht...;16 jaar;2010;5725;2371;3354
8344;Totaal;Europese Unie (excl. Nederlandse acht...;16 jaar;2011;4970;2063;2907
8345;Totaal;Europese Unie (excl. Nederlandse acht...;16 jaar;2012;5278;2103;3175
8346;Totaal;Europese Unie (excl. Nederlandse acht...;16 jaar;2013;5914;2412;3502
8347;Totaal;Europese Unie (excl. Nederlandse acht...;16 jaar;2014;6004;2459;3545
8348;Totaal;Europese Unie (excl. Nederlandse acht...;16 jaar;2015;6119;2504;3615
8349;Totaal;Europese Unie (excl. Nederlandse acht...;16 jaar;2016;6028;2605;3423
8350;Totaal;Europese Unie (excl. Nederlandse acht...;16 jaar;2017;6511;2727;3784
8351;Totaal;Europese Unie (excl. Nederlandse acht...;16 jaar;2018;6633;2772;3861
8352;Totaal;Europese Unie (excl. Nederlandse acht...;17 jaar;2003;3962;1775;2187
8353;Totaal;Europese Unie (excl. Nederlandse acht...;17 jaar;2004;4423;1974;2449
8354;Totaal;Europese Unie (excl. Nederlandse acht...;17 jaar;2005;4767;2037;2730
8355;Totaal;Europese Unie (excl. Nederlandse acht...;17 jaar;2006;4929;2101;2828
8356;Totaal;Europese Unie (excl. Nederlandse acht...;17 jaar;2007;5058;2159;2899
8357;Totaal;Europese Unie (excl. Nederlandse acht...;17 jaar;2008;5960;2563;3397
8358;Totaal;Europese Unie (excl. Nederlandse acht...;17 jaar;2009;6351;2704;3647
8359;Totaal;Europese Unie (excl. Nederlandse acht...;17 jaar;2010;6310;2653;3657
8360;Totaal;Europese Unie (excl. Nederlandse acht...;17 jaar;2011;5587;2300;3287
8361;Totaal;Europese Unie (excl. Nederlandse acht...;17 jaar;2012;4812;1988;2824
8362;Totaal;Europese Unie (excl. Nederlandse acht...;17 jaar;2013;5117;2023;3094
8363;Totaal;Europese Unie (excl. Nederlandse acht...;17 jaar;2014;5779;2342;3437
8364;Totaal;Europese Unie (excl. Nederlandse acht...;17 jaar;2015;5843;2382;3461
8365;Totaal;Europese Unie (excl. Nederlandse acht...;17 jaar;2016;5973;2435;3538
8366;Totaal;Europese Unie (excl. Nederlandse acht...;17 jaar;2017;5894;2544;3350
8367;Totaal;Europese Unie (excl. Nederlandse acht...;17 jaar;2018;6382;2652;3730
8368;Totaal;Europese Unie (excl. Nederlandse acht...;18 jaar;2003;3619;1556;2063
8369;Totaal;Europese Unie (excl. Nederlandse acht...;18 jaar;2004;3858;1718;2140
8370;Totaal;Europese Unie (excl. Nederlandse acht...;18 jaar;2005;4712;2044;2668
8371;Totaal;Europese Unie (excl. Nederlandse acht...;18 jaar;2006;4625;1965;2660
8372;Totaal;Europese Unie (excl. Nederlandse acht...;18 jaar;2007;4879;2071;2808
8373;Totaal;Europese Unie (excl. Nederlandse acht...;18 jaar;2008;4924;2100;2824
8374;Totaal;Europese Unie (excl. Nederlandse acht...;18 jaar;2009;5833;2493;3340
8375;Totaal;Europese Unie (excl. Nederlandse acht...;18 jaar;2010;6281;2651;3630
8376;Totaal;Europese Unie (excl. Nederlandse acht...;18 jaar;2011;6143;2581;3562
8377;Totaal;Europese Unie (excl. Nederlandse acht...;18 jaar;2012;5409;2195;3214
8378;Totaal;Europese Unie (excl. Nederlandse acht...;18 jaar;2013;4697;1938;2759
8379;Totaal;Europese Unie (excl. Nederlandse acht...;18 jaar;2014;5034;1984;3050
8380;Totaal;Europese Unie (excl. Nederlandse acht...;18 jaar;2015;5633;2266;3367
8381;Totaal;Europese Unie (excl. Nederlandse acht...;18 jaar;2016;5699;2316;3383
8382;Totaal;Europese Unie (excl. Nederlandse acht...;18 jaar;2017;5817;2358;3459
8383;Totaal;Europese Unie (excl. Nederlandse acht...;18 jaar;2018;5757;2473;3284
8384;Totaal;Europese Unie (excl. Nederlandse acht...;19 jaar;2003;3534;1475;2059
8385;Totaal;Europese Unie (excl. Nederlandse acht...;19 jaar;2004;3561;1525;2036
8386;Totaal;Europese Unie (excl. Nederlandse acht...;19 jaar;2005;4069;1771;2298
8387;Totaal;Europese Unie (excl. Nederlandse acht...;19 jaar;2006;4589;1972;2617
8388;Totaal;Europese Unie (excl. Nederlandse acht...;19 jaar;2007;4581;1944;2637
8389;Totaal;Europese Unie (excl. Nederlandse acht...;19 jaar;2008;4758;2006;2752
8390;Totaal;Europese Unie (excl. Nederlandse acht...;19 jaar;2009;4807;2050;2757
8391;Totaal;Europese Unie (excl. Nederlandse acht...;19 jaar;2010;5781;2458;3323
8392;Totaal;Europese Unie (excl. Nederlandse acht...;19 jaar;2011;6104;2567;3537
8393;Totaal;Europese Unie (excl. Nederlandse acht...;19 jaar;2012;5998;2496;3502
8394;Totaal;Europese Unie (excl. Nederlandse acht...;19 jaar;2013;5299;2143;3156
8395;Totaal;Europese Unie (excl. Nederlandse acht...;19 jaar;2014;4601;1899;2702
8396;Totaal;Europese Unie (excl. Nederlandse acht...;19 jaar;2015;4908;1920;2988
8397;Totaal;Europese Unie (excl. Nederlandse acht...;19 jaar;2016;5514;2202;3312
8398;Totaal;Europese Unie (excl. Nederlandse acht...;19 jaar;2017;5556;2247;3309
8399;Totaal;Europese Unie (excl. Nederlandse acht...;19 jaar;2018;5687;2302;3385
8400;Totaal;Europese Unie (excl. Nederlandse acht...;20 jaar;2003;3617;1486;2131
8401;Totaal;Europese Unie (excl. Nederlandse acht...;20 jaar;2004;3442;1429;2013
8402;Totaal;Europese Unie (excl. Nederlandse acht...;20 jaar;2005;3817;1582;2235
8403;Totaal;Europese Unie (excl. Nederlandse acht...;20 jaar;2006;3956;1715;2241
8404;Totaal;Europese Unie (excl. Nederlandse acht...;20 jaar;2007;4569;1967;2602
8405;Totaal;Europese Unie (excl. Nederlandse acht...;20 jaar;2008;4473;1901;2572
8406;Totaal;Europese Unie (excl. Nederlandse acht...;20 jaar;2009;4637;1940;2697
8407;Totaal;Europese Unie (excl. Nederlandse acht...;20 jaar;2010;4744;2019;2725
8408;Totaal;Europese Unie (excl. Nederlandse acht...;20 jaar;2011;5647;2393;3254
8409;Totaal;Europese Unie (excl. Nederlandse acht...;20 jaar;2012;5970;2510;3460
8410;Totaal;Europese Unie (excl. Nederlandse acht...;20 jaar;2013;5866;2421;3445
8411;Totaal;Europese Unie (excl. Nederlandse acht...;20 jaar;2014;5213;2096;3117
8412;Totaal;Europese Unie (excl. Nederlandse acht...;20 jaar;2015;4507;1851;2656
8413;Totaal;Europese Unie (excl. Nederlandse acht...;20 jaar;2016;4801;1871;2930
8414;Totaal;Europese Unie (excl. Nederlandse acht...;20 jaar;2017;5399;2138;3261
8415;Totaal;Europese Unie (excl. Nederlandse acht...;20 jaar;2018;5434;2178;3256
8416;Totaal;Europese Unie (excl. Nederlandse acht...;21 jaar;2003;3832;1674;2158
8417;Totaal;Europese Unie (excl. Nederlandse acht...;21 jaar;2004;3545;1449;2096
8418;Totaal;Europese Unie (excl. Nederlandse acht...;21 jaar;2005;3728;1491;2237
8419;Totaal;Europese Unie (excl. Nederlandse acht...;21 jaar;2006;3713;1527;2186
8420;Totaal;Europese Unie (excl. Nederlandse acht...;21 jaar;2007;3893;1677;2216
8421;Totaal;Europese Unie (excl. Nederlandse acht...;21 jaar;2008;4461;1904;2557
8422;Totaal;Europese Unie (excl. Nederlandse acht...;21 jaar;2009;4369;1846;2523
8423;Totaal;Europese Unie (excl. Nederlandse acht...;21 jaar;2010;4591;1911;2680
8424;Totaal;Europese Unie (excl. Nederlandse acht...;21 jaar;2011;4651;1976;2675
8425;Totaal;Europese Unie (excl. Nederlandse acht...;21 jaar;2012;5506;2321;3185
8426;Totaal;Europese Unie (excl. Nederlandse acht...;21 jaar;2013;5847;2446;3401
8427;Totaal;Europese Unie (excl. Nederlandse acht...;21 jaar;2014;5745;2365;3380
8428;Totaal;Europese Unie (excl. Nederlandse acht...;21 jaar;2015;5095;2029;3066
8429;Totaal;Europese Unie (excl. Nederlandse acht...;21 jaar;2016;4411;1802;2609
8430;Totaal;Europese Unie (excl. Nederlandse acht...;21 jaar;2017;4709;1832;2877
8431;Totaal;Europese Unie (excl. Nederlandse acht...;21 jaar;2018;5306;2090;3216
8432;Totaal;Europese Unie (excl. Nederlandse acht...;22 jaar;2003;4086;1864;2222
8433;Totaal;Europese Unie (excl. Nederlandse acht...;22 jaar;2004;3741;1634;2107
8434;Totaal;Europese Unie (excl. Nederlandse acht...;22 jaar;2005;4005;1639;2366
8435;Totaal;Europese Unie (excl. Nederlandse acht...;22 jaar;2006;3635;1454;2181
8436;Totaal;Europese Unie (excl. Nederlandse acht...;22 jaar;2007;3639;1484;2155
8437;Totaal;Europese Unie (excl. Nederlandse acht...;22 jaar;2008;3796;1626;2170
8438;Totaal;Europese Unie (excl. Nederlandse acht...;22 jaar;2009;4371;1858;2513
8439;Totaal;Europese Unie (excl. Nederlandse acht...;22 jaar;2010;4309;1809;2500
8440;Totaal;Europese Unie (excl. Nederlandse acht...;22 jaar;2011;4480;1852;2628
8441;Totaal;Europese Unie (excl. Nederlandse acht...;22 jaar;2012;4543;1931;2612
8442;Totaal;Europese Unie (excl. Nederlandse acht...;22 jaar;2013;5391;2252;3139
8443;Totaal;Europese Unie (excl. Nederlandse acht...;22 jaar;2014;5744;2392;3352
8444;Totaal;Europese Unie (excl. Nederlandse acht...;22 jaar;2015;5626;2304;3322
8445;Totaal;Europese Unie (excl. Nederlandse acht...;22 jaar;2016;5000;1984;3016
8446;Totaal;Europese Unie (excl. Nederlandse acht...;22 jaar;2017;4319;1753;2566
8447;Totaal;Europese Unie (excl. Nederlandse acht...;22 jaar;2018;4638;1799;2839
8448;Totaal;Europese Unie (excl. Nederlandse acht...;23 jaar;2003;4052;1802;2250
8449;Totaal;Europese Unie (excl. Nederlandse acht...;23 jaar;2004;3999;1820;2179
8450;Totaal;Europese Unie (excl. Nederlandse acht...;23 jaar;2005;4005;1684;2321
8451;Totaal;Europese Unie (excl. Nederlandse acht...;23 jaar;2006;3914;1594;2320
8452;Totaal;Europese Unie (excl. Nederlandse acht...;23 jaar;2007;3603;1430;2173
8453;Totaal;Europese Unie (excl. Nederlandse acht...;23 jaar;2008;3540;1435;2105
8454;Totaal;Europese Unie (excl. Nederlandse acht...;23 jaar;2009;3716;1584;2132
8455;Totaal;Europese Unie (excl. Nederlandse acht...;23 jaar;2010;4334;1842;2492
8456;Totaal;Europese Unie (excl. Nederlandse acht...;23 jaar;2011;4232;1763;2469
8457;Totaal;Europese Unie (excl. Nederlandse acht...;23 jaar;2012;4381;1798;2583
8458;Totaal;Europese Unie (excl. Nederlandse acht...;23 jaar;2013;4441;1877;2564
8459;Totaal;Europese Unie (excl. Nederlandse acht...;23 jaar;2014;5260;2181;3079
8460;Totaal;Europese Unie (excl. Nederlandse acht...;23 jaar;2015;5632;2334;3298
8461;Totaal;Europese Unie (excl. Nederlandse acht...;23 jaar;2016;5532;2259;3273
8462;Totaal;Europese Unie (excl. Nederlandse acht...;23 jaar;2017;4905;1938;2967
8463;Totaal;Europese Unie (excl. Nederlandse acht...;23 jaar;2018;4230;1708;2522
8464;Totaal;Europese Unie (excl. Nederlandse acht...;24 jaar;2003;4041;1903;2138
8465;Totaal;Europese Unie (excl. Nederlandse acht...;24 jaar;2004;3983;1766;2217
8466;Totaal;Europese Unie (excl. Nederlandse acht...;24 jaar;2005;4208;1846;2362
8467;Totaal;Europese Unie (excl. Nederlandse acht...;24 jaar;2006;3911;1634;2277
8468;Totaal;Europese Unie (excl. Nederlandse acht...;24 jaar;2007;3880;1569;2311
8469;Totaal;Europese Unie (excl. Nederlandse acht...;24 jaar;2008;3509;1383;2126
8470;Totaal;Europese Unie (excl. Nederlandse acht...;24 jaar;2009;3477;1408;2069
8471;Totaal;Europese Unie (excl. Nederlandse acht...;24 jaar;2010;3701;1561;2140
8472;Totaal;Europese Unie (excl. Nederlandse acht...;24 jaar;2011;4250;1804;2446
8473;Totaal;Europese Unie (excl. Nederlandse acht...;24 jaar;2012;4121;1710;2411
8474;Totaal;Europese Unie (excl. Nederlandse acht...;24 jaar;2013;4287;1743;2544
8475;Totaal;Europese Unie (excl. Nederlandse acht...;24 jaar;2014;4346;1826;2520
8476;Totaal;Europese Unie (excl. Nederlandse acht...;24 jaar;2015;5156;2119;3037
8477;Totaal;Europese Unie (excl. Nederlandse acht...;24 jaar;2016;5528;2283;3245
8478;Totaal;Europese Unie (excl. Nederlandse acht...;24 jaar;2017;5413;2209;3204
8479;Totaal;Europese Unie (excl. Nederlandse acht...;24 jaar;2018;4822;1895;2927
8480;Totaal;Europese Unie (excl. Nederlandse acht...;25 jaar;2003;4109;1772;2337
8481;Totaal;Europese Unie (excl. Nederlandse acht...;25 jaar;2004;3981;1872;2109
8482;Totaal;Europese Unie (excl. Nederlandse acht...;25 jaar;2005;4174;1809;2365
8483;Totaal;Europese Unie (excl. Nederlandse acht...;25 jaar;2006;4124;1799;2325
8484;Totaal;Europese Unie (excl. Nederlandse acht...;25 jaar;2007;3878;1606;2272
8485;Totaal;Europese Unie (excl. Nederlandse acht...;25 jaar;2008;3800;1533;2267
8486;Totaal;Europese Unie (excl. Nederlandse acht...;25 jaar;2009;3444;1355;2089
8487;Totaal;Europese Unie (excl. Nederlandse acht...;25 jaar;2010;3451;1393;2058
8488;Totaal;Europese Unie (excl. Nederlandse acht...;25 jaar;2011;3639;1525;2114
8489;Totaal;Europese Unie (excl. Nederlandse acht...;25 jaar;2012;4169;1764;2405
8490;Totaal;Europese Unie (excl. Nederlandse acht...;25 jaar;2013;4045;1672;2373
8491;Totaal;Europese Unie (excl. Nederlandse acht...;25 jaar;2014;4200;1695;2505
8492;Totaal;Europese Unie (excl. Nederlandse acht...;25 jaar;2015;4261;1781;2480
8493;Totaal;Europese Unie (excl. Nederlandse acht...;25 jaar;2016;5057;2070;2987
8494;Totaal;Europese Unie (excl. Nederlandse acht...;25 jaar;2017;5438;2244;3194
8495;Totaal;Europese Unie (excl. Nederlandse acht...;25 jaar;2018;5306;2151;3155
8496;Totaal;Europese Unie (excl. Nederlandse acht...;26 jaar;2003;4360;1938;2422
8497;Totaal;Europese Unie (excl. Nederlandse acht...;26 jaar;2004;4034;1732;2302
8498;Totaal;Europese Unie (excl. Nederlandse acht...;26 jaar;2005;4199;1917;2282
8499;Totaal;Europese Unie (excl. Nederlandse acht...;26 jaar;2006;4110;1777;2333
8500;Totaal;Europese Unie (excl. Nederlandse acht...;26 jaar;2007;4089;1769;2320
8501;Totaal;Europese Unie (excl. Nederlandse acht...;26 jaar;2008;3798;1570;2228
8502;Totaal;Europese Unie (excl. Nederlandse acht...;26 jaar;2009;3733;1499;2234
8503;Totaal;Europese Unie (excl. Nederlandse acht...;26 jaar;2010;3410;1332;2078
8504;Totaal;Europese Unie (excl. Nederlandse acht...;26 jaar;2011;3387;1359;2028
8505;Totaal;Europese Unie (excl. Nederlandse acht...;26 jaar;2012;3552;1478;2074
8506;Totaal;Europese Unie (excl. Nederlandse acht...;26 jaar;2013;4090;1718;2372
8507;Totaal;Europese Unie (excl. Nederlandse acht...;26 jaar;2014;3962;1633;2329
8508;Totaal;Europese Unie (excl. Nederlandse acht...;26 jaar;2015;4121;1662;2459
8509;Totaal;Europese Unie (excl. Nederlandse acht...;26 jaar;2016;4170;1739;2431
8510;Totaal;Europese Unie (excl. Nederlandse acht...;26 jaar;2017;4964;2027;2937
8511;Totaal;Europese Unie (excl. Nederlandse acht...;26 jaar;2018;5338;2194;3144
8512;Totaal;Europese Unie (excl. Nederlandse acht...;27 jaar;2003;4538;2002;2536
8513;Totaal;Europese Unie (excl. Nederlandse acht...;27 jaar;2004;4287;1901;2386
8514;Totaal;Europese Unie (excl. Nederlandse acht...;27 jaar;2005;4239;1768;2471
8515;Totaal;Europese Unie (excl. Nederlandse acht...;27 jaar;2006;4102;1861;2241
8516;Totaal;Europese Unie (excl. Nederlandse acht...;27 jaar;2007;4073;1749;2324
8517;Totaal;Europese Unie (excl. Nederlandse acht...;27 jaar;2008;4012;1724;2288
8518;Totaal;Europese Unie (excl. Nederlandse acht...;27 jaar;2009;3730;1536;2194
8519;Totaal;Europese Unie (excl. Nederlandse acht...;27 jaar;2010;3737;1494;2243
8520;Totaal;Europese Unie (excl. Nederlandse acht...;27 jaar;2011;3333;1296;2037
8521;Totaal;Europese Unie (excl. Nederlandse acht...;27 jaar;2012;3310;1326;1984
8522;Totaal;Europese Unie (excl. Nederlandse acht...;27 jaar;2013;3488;1447;2041
8523;Totaal;Europese Unie (excl. Nederlandse acht...;27 jaar;2014;4018;1678;2340
8524;Totaal;Europese Unie (excl. Nederlandse acht...;27 jaar;2015;3891;1598;2293
8525;Totaal;Europese Unie (excl. Nederlandse acht...;27 jaar;2016;4037;1623;2414
8526;Totaal;Europese Unie (excl. Nederlandse acht...;27 jaar;2017;4111;1706;2405
8527;Totaal;Europese Unie (excl. Nederlandse acht...;27 jaar;2018;4876;1980;2896
8528;Totaal;Europese Unie (excl. Nederlandse acht...;28 jaar;2003;4405;2098;2307
8529;Totaal;Europese Unie (excl. Nederlandse acht...;28 jaar;2004;4443;1958;2485
8530;Totaal;Europese Unie (excl. Nederlandse acht...;28 jaar;2005;4450;1922;2528
8531;Totaal;Europese Unie (excl. Nederlandse acht...;28 jaar;2006;4160;1733;2427
8532;Totaal;Europese Unie (excl. Nederlandse acht...;28 jaar;2007;4076;1837;2239
8533;Totaal;Europese Unie (excl. Nederlandse acht...;28 jaar;2008;3989;1701;2288
8534;Totaal;Europese Unie (excl. Nederlandse acht...;28 jaar;2009;3945;1689;2256
8535;Totaal;Europese Unie (excl. Nederlandse acht...;28 jaar;2010;3690;1514;2176
8536;Totaal;Europese Unie (excl. Nederlandse acht...;28 jaar;2011;3684;1468;2216
8537;Totaal;Europese Unie (excl. Nederlandse acht...;28 jaar;2012;3269;1262;2007
8538;Totaal;Europese Unie (excl. Nederlandse acht...;28 jaar;2013;3263;1303;1960
8539;Totaal;Europese Unie (excl. Nederlandse acht...;28 jaar;2014;3426;1418;2008
8540;Totaal;Europese Unie (excl. Nederlandse acht...;28 jaar;2015;3959;1641;2318
8541;Totaal;Europese Unie (excl. Nederlandse acht...;28 jaar;2016;3821;1561;2260
8542;Totaal;Europese Unie (excl. Nederlandse acht...;28 jaar;2017;3969;1592;2377
8543;Totaal;Europese Unie (excl. Nederlandse acht...;28 jaar;2018;4033;1661;2372
8544;Totaal;Europese Unie (excl. Nederlandse acht...;29 jaar;2003;4350;2124;2226
8545;Totaal;Europese Unie (excl. Nederlandse acht...;29 jaar;2004;4335;2057;2278
8546;Totaal;Europese Unie (excl. Nederlandse acht...;29 jaar;2005;4585;1982;2603
8547;Totaal;Europese Unie (excl. Nederlandse acht...;29 jaar;2006;4359;1880;2479
8548;Totaal;Europese Unie (excl. Nederlandse acht...;29 jaar;2007;4130;1709;2421
8549;Totaal;Europese Unie (excl. Nederlandse acht...;29 jaar;2008;4009;1801;2208
8550;Totaal;Europese Unie (excl. Nederlandse acht...;29 jaar;2009;3914;1659;2255
8551;Totaal;Europese Unie (excl. Nederlandse acht...;29 jaar;2010;3916;1663;2253
8552;Totaal;Europese Unie (excl. Nederlandse acht...;29 jaar;2011;3633;1482;2151
8553;Totaal;Europese Unie (excl. Nederlandse acht...;29 jaar;2012;3619;1442;2177
8554;Totaal;Europese Unie (excl. Nederlandse acht...;29 jaar;2013;3211;1228;1983
8555;Totaal;Europese Unie (excl. Nederlandse acht...;29 jaar;2014;3210;1268;1942
8556;Totaal;Europese Unie (excl. Nederlandse acht...;29 jaar;2015;3371;1386;1985
8557;Totaal;Europese Unie (excl. Nederlandse acht...;29 jaar;2016;3887;1599;2288
8558;Totaal;Europese Unie (excl. Nederlandse acht...;29 jaar;2017;3766;1532;2234
8559;Totaal;Europese Unie (excl. Nederlandse acht...;29 jaar;2018;3902;1555;2347
8560;Totaal;Europese Unie (excl. Nederlandse acht...;30 jaar;2003;4187;1986;2201
8561;Totaal;Europese Unie (excl. Nederlandse acht...;30 jaar;2004;4268;2071;2197
8562;Totaal;Europese Unie (excl. Nederlandse acht...;30 jaar;2005;4460;2059;2401
8563;Totaal;Europese Unie (excl. Nederlandse acht...;30 jaar;2006;4495;1932;2563
8564;Totaal;Europese Unie (excl. Nederlandse acht...;30 jaar;2007;4325;1859;2466
8565;Totaal;Europese Unie (excl. Nederlandse acht...;30 jaar;2008;4056;1677;2379
8566;Totaal;Europese Unie (excl. Nederlandse acht...;30 jaar;2009;3937;1761;2176
8567;Totaal;Europese Unie (excl. Nederlandse acht...;30 jaar;2010;3899;1653;2246
8568;Totaal;Europese Unie (excl. Nederlandse acht...;30 jaar;2011;3855;1626;2229
8569;Totaal;Europese Unie (excl. Nederlandse acht...;30 jaar;2012;3557;1443;2114
8570;Totaal;Europese Unie (excl. Nederlandse acht...;30 jaar;2013;3568;1413;2155
8571;Totaal;Europese Unie (excl. Nederlandse acht...;30 jaar;2014;3164;1210;1954
8572;Totaal;Europese Unie (excl. Nederlandse acht...;30 jaar;2015;3166;1243;1923
8573;Totaal;Europese Unie (excl. Nederlandse acht...;30 jaar;2016;3303;1347;1956
8574;Totaal;Europese Unie (excl. Nederlandse acht...;30 jaar;2017;3808;1560;2248
8575;Totaal;Europese Unie (excl. Nederlandse acht...;30 jaar;2018;3709;1497;2212
8576;Totaal;Europese Unie (excl. Nederlandse acht...;31 jaar;2003;4629;2313;2316
8577;Totaal;Europese Unie (excl. Nederlandse acht...;31 jaar;2004;4139;1952;2187
8578;Totaal;Europese Unie (excl. Nederlandse acht...;31 jaar;2005;4409;2091;2318
8579;Totaal;Europese Unie (excl. Nederlandse acht...;31 jaar;2006;4364;2008;2356
8580;Totaal;Europese Unie (excl. Nederlandse acht...;31 jaar;2007;4478;1907;2571
8581;Totaal;Europese Unie (excl. Nederlandse acht...;31 jaar;2008;4245;1818;2427
8582;Totaal;Europese Unie (excl. Nederlandse acht...;31 jaar;2009;3975;1643;2332
8583;Totaal;Europese Unie (excl. Nederlandse acht...;31 jaar;2010;3915;1751;2164
8584;Totaal;Europese Unie (excl. Nederlandse acht...;31 jaar;2011;3824;1613;2211
8585;Totaal;Europese Unie (excl. Nederlandse acht...;31 jaar;2012;3788;1590;2198
8586;Totaal;Europese Unie (excl. Nederlandse acht...;31 jaar;2013;3506;1416;2090
8587;Totaal;Europese Unie (excl. Nederlandse acht...;31 jaar;2014;3508;1394;2114
8588;Totaal;Europese Unie (excl. Nederlandse acht...;31 jaar;2015;3114;1184;1930
8589;Totaal;Europese Unie (excl. Nederlandse acht...;31 jaar;2016;3091;1207;1884
8590;Totaal;Europese Unie (excl. Nederlandse acht...;31 jaar;2017;3241;1313;1928
8591;Totaal;Europese Unie (excl. Nederlandse acht...;31 jaar;2018;3750;1534;2216
8592;Totaal;Europese Unie (excl. Nederlandse acht...;32 jaar;2003;4220;2074;2146
8593;Totaal;Europese Unie (excl. Nederlandse acht...;32 jaar;2004;4545;2267;2278
8594;Totaal;Europese Unie (excl. Nederlandse acht...;32 jaar;2005;4257;1965;2292
8595;Totaal;Europese Unie (excl. Nederlandse acht...;32 jaar;2006;4327;2044;2283
8596;Totaal;Europese Unie (excl. Nederlandse acht...;32 jaar;2007;4310;1969;2341
8597;Totaal;Europese Unie (excl. Nederlandse acht...;32 jaar;2008;4396;1866;2530
8598;Totaal;Europese Unie (excl. Nederlandse acht...;32 jaar;2009;4174;1783;2391
8599;Totaal;Europese Unie (excl. Nederlandse acht...;32 jaar;2010;3958;1629;2329
8600;Totaal;Europese Unie (excl. Nederlandse acht...;32 jaar;2011;3859;1722;2137
8601;Totaal;Europese Unie (excl. Nederlandse acht...;32 jaar;2012;3725;1568;2157
8602;Totaal;Europese Unie (excl. Nederlandse acht...;32 jaar;2013;3735;1563;2172
8603;Totaal;Europese Unie (excl. Nederlandse acht...;32 jaar;2014;3456;1394;2062
8604;Totaal;Europese Unie (excl. Nederlandse acht...;32 jaar;2015;3443;1359;2084
8605;Totaal;Europese Unie (excl. Nederlandse acht...;32 jaar;2016;3056;1156;1900
8606;Totaal;Europese Unie (excl. Nederlandse acht...;32 jaar;2017;3033;1174;1859
8607;Totaal;Europese Unie (excl. Nederlandse acht...;32 jaar;2018;3182;1282;1900
8608;Totaal;Europese Unie (excl. Nederlandse acht...;33 jaar;2003;4054;2053;2001
8609;Totaal;Europese Unie (excl. Nederlandse acht...;33 jaar;2004;4142;2030;2112
8610;Totaal;Europese Unie (excl. Nederlandse acht...;33 jaar;2005;4686;2289;2397
8611;Totaal;Europese Unie (excl. Nederlandse acht...;33 jaar;2006;4167;1920;2247
8612;Totaal;Europese Unie (excl. Nederlandse acht...;33 jaar;2007;4262;2008;2254
8613;Totaal;Europese Unie (excl. Nederlandse acht...;33 jaar;2008;4219;1916;2303
8614;Totaal;Europese Unie (excl. Nederlandse acht...;33 jaar;2009;4304;1820;2484
8615;Totaal;Europese Unie (excl. Nederlandse acht...;33 jaar;2010;4132;1765;2367
8616;Totaal;Europese Unie (excl. Nederlandse acht...;33 jaar;2011;3903;1603;2300
8617;Totaal;Europese Unie (excl. Nederlandse acht...;33 jaar;2012;3797;1690;2107
8618;Totaal;Europese Unie (excl. Nederlandse acht...;33 jaar;2013;3673;1542;2131
8619;Totaal;Europese Unie (excl. Nederlandse acht...;33 jaar;2014;3689;1538;2151
8620;Totaal;Europese Unie (excl. Nederlandse acht...;33 jaar;2015;3403;1364;2039
8621;Totaal;Europese Unie (excl. Nederlandse acht...;33 jaar;2016;3395;1333;2062
8622;Totaal;Europese Unie (excl. Nederlandse acht...;33 jaar;2017;3006;1138;1868
8623;Totaal;Europese Unie (excl. Nederlandse acht...;33 jaar;2018;2990;1148;1842
8624;Totaal;Europese Unie (excl. Nederlandse acht...;34 jaar;2003;3737;1676;2061
8625;Totaal;Europese Unie (excl. Nederlandse acht...;34 jaar;2004;3991;2023;1968
8626;Totaal;Europese Unie (excl. Nederlandse acht...;34 jaar;2005;4366;2078;2288
8627;Totaal;Europese Unie (excl. Nederlandse acht...;34 jaar;2006;4582;2229;2353
8628;Totaal;Europese Unie (excl. Nederlandse acht...;34 jaar;2007;4115;1884;2231
8629;Totaal;Europese Unie (excl. Nederlandse acht...;34 jaar;2008;4189;1967;2222
8630;Totaal;Europese Unie (excl. Nederlandse acht...;34 jaar;2009;4141;1873;2268
8631;Totaal;Europese Unie (excl. Nederlandse acht...;34 jaar;2010;4273;1798;2475
8632;Totaal;Europese Unie (excl. Nederlandse acht...;34 jaar;2011;4054;1719;2335
8633;Totaal;Europese Unie (excl. Nederlandse acht...;34 jaar;2012;3837;1564;2273
8634;Totaal;Europese Unie (excl. Nederlandse acht...;34 jaar;2013;3750;1662;2088
8635;Totaal;Europese Unie (excl. Nederlandse acht...;34 jaar;2014;3616;1510;2106
8636;Totaal;Europese Unie (excl. Nederlandse acht...;34 jaar;2015;3626;1503;2123
8637;Totaal;Europese Unie (excl. Nederlandse acht...;34 jaar;2016;3330;1329;2001
8638;Totaal;Europese Unie (excl. Nederlandse acht...;34 jaar;2017;3326;1303;2023
8639;Totaal;Europese Unie (excl. Nederlandse acht...;34 jaar;2018;2970;1119;1851
8640;Totaal;Europese Unie (excl. Nederlandse acht...;35 jaar;2003;2929;1316;1613
8641;Totaal;Europese Unie (excl. Nederlandse acht...;35 jaar;2004;3661;1639;2022
8642;Totaal;Europese Unie (excl. Nederlandse acht...;35 jaar;2005;4432;2200;2232
8643;Totaal;Europese Unie (excl. Nederlandse acht...;35 jaar;2006;4254;2019;2235
8644;Totaal;Europese Unie (excl. Nederlandse acht...;35 jaar;2007;4509;2181;2328
8645;Totaal;Europese Unie (excl. Nederlandse acht...;35 jaar;2008;4039;1850;2189
8646;Totaal;Europese Unie (excl. Nederlandse acht...;35 jaar;2009;4105;1927;2178
8647;Totaal;Europese Unie (excl. Nederlandse acht...;35 jaar;2010;4111;1853;2258
8648;Totaal;Europese Unie (excl. Nederlandse acht...;35 jaar;2011;4191;1750;2441
8649;Totaal;Europese Unie (excl. Nederlandse acht...;35 jaar;2012;3979;1686;2293
8650;Totaal;Europese Unie (excl. Nederlandse acht...;35 jaar;2013;3768;1533;2235
8651;Totaal;Europese Unie (excl. Nederlandse acht...;35 jaar;2014;3707;1640;2067
8652;Totaal;Europese Unie (excl. Nederlandse acht...;35 jaar;2015;3575;1490;2085
8653;Totaal;Europese Unie (excl. Nederlandse acht...;35 jaar;2016;3567;1482;2085
8654;Totaal;Europese Unie (excl. Nederlandse acht...;35 jaar;2017;3272;1300;1972
8655;Totaal;Europese Unie (excl. Nederlandse acht...;35 jaar;2018;3266;1277;1989
8656;Totaal;Europese Unie (excl. Nederlandse acht...;36 jaar;2003;3492;1791;1701
8657;Totaal;Europese Unie (excl. Nederlandse acht...;36 jaar;2004;2887;1297;1590
8658;Totaal;Europese Unie (excl. Nederlandse acht...;36 jaar;2005;3875;1694;2181
8659;Totaal;Europese Unie (excl. Nederlandse acht...;36 jaar;2006;4334;2146;2188
8660;Totaal;Europese Unie (excl. Nederlandse acht...;36 jaar;2007;4185;1973;2212
8661;Totaal;Europese Unie (excl. Nederlandse acht...;36 jaar;2008;4409;2118;2291
8662;Totaal;Europese Unie (excl. Nederlandse acht...;36 jaar;2009;3954;1811;2143
8663;Totaal;Europese Unie (excl. Nederlandse acht...;36 jaar;2010;4055;1900;2155
8664;Totaal;Europese Unie (excl. Nederlandse acht...;36 jaar;2011;4040;1818;2222
8665;Totaal;Europese Unie (excl. Nederlandse acht...;36 jaar;2012;4141;1725;2416
8666;Totaal;Europese Unie (excl. Nederlandse acht...;36 jaar;2013;3913;1647;2266
8667;Totaal;Europese Unie (excl. Nederlandse acht...;36 jaar;2014;3716;1499;2217
8668;Totaal;Europese Unie (excl. Nederlandse acht...;36 jaar;2015;3646;1605;2041
8669;Totaal;Europese Unie (excl. Nederlandse acht...;36 jaar;2016;3523;1467;2056
8670;Totaal;Europese Unie (excl. Nederlandse acht...;36 jaar;2017;3507;1454;2053
8671;Totaal;Europese Unie (excl. Nederlandse acht...;36 jaar;2018;3226;1283;1943
8672;Totaal;Europese Unie (excl. Nederlandse acht...;37 jaar;2003;3213;1672;1541
8673;Totaal;Europese Unie (excl. Nederlandse acht...;37 jaar;2004;3417;1745;1672
8674;Totaal;Europese Unie (excl. Nederlandse acht...;37 jaar;2005;2955;1311;1644
8675;Totaal;Europese Unie (excl. Nederlandse acht...;37 jaar;2006;3798;1659;2139
8676;Totaal;Europese Unie (excl. Nederlandse acht...;37 jaar;2007;4262;2100;2162
8677;Totaal;Europese Unie (excl. Nederlandse acht...;37 jaar;2008;4089;1925;2164
8678;Totaal;Europese Unie (excl. Nederlandse acht...;37 jaar;2009;4323;2074;2249
8679;Totaal;Europese Unie (excl. Nederlandse acht...;37 jaar;2010;3910;1793;2117
8680;Totaal;Europese Unie (excl. Nederlandse acht...;37 jaar;2011;3986;1860;2126
8681;Totaal;Europese Unie (excl. Nederlandse acht...;37 jaar;2012;3974;1782;2192
8682;Totaal;Europese Unie (excl. Nederlandse acht...;37 jaar;2013;4084;1697;2387
8683;Totaal;Europese Unie (excl. Nederlandse acht...;37 jaar;2014;3854;1612;2242
8684;Totaal;Europese Unie (excl. Nederlandse acht...;37 jaar;2015;3669;1472;2197
8685;Totaal;Europese Unie (excl. Nederlandse acht...;37 jaar;2016;3590;1575;2015
8686;Totaal;Europese Unie (excl. Nederlandse acht...;37 jaar;2017;3468;1439;2029
8687;Totaal;Europese Unie (excl. Nederlandse acht...;37 jaar;2018;3456;1425;2031
8688;Totaal;Europese Unie (excl. Nederlandse acht...;38 jaar;2003;3066;1633;1433
8689;Totaal;Europese Unie (excl. Nederlandse acht...;38 jaar;2004;3141;1625;1516
8690;Totaal;Europese Unie (excl. Nederlandse acht...;38 jaar;2005;3434;1721;1713
8691;Totaal;Europese Unie (excl. Nederlandse acht...;38 jaar;2006;2906;1287;1619
8692;Totaal;Europese Unie (excl. Nederlandse acht...;38 jaar;2007;3734;1623;2111
8693;Totaal;Europese Unie (excl. Nederlandse acht...;38 jaar;2008;4186;2055;2131
8694;Totaal;Europese Unie (excl. Nederlandse acht...;38 jaar;2009;4001;1869;2132
8695;Totaal;Europese Unie (excl. Nederlandse acht...;38 jaar;2010;4265;2031;2234
8696;Totaal;Europese Unie (excl. Nederlandse acht...;38 jaar;2011;3843;1753;2090
8697;Totaal;Europese Unie (excl. Nederlandse acht...;38 jaar;2012;3908;1818;2090
8698;Totaal;Europese Unie (excl. Nederlandse acht...;38 jaar;2013;3900;1734;2166
8699;Totaal;Europese Unie (excl. Nederlandse acht...;38 jaar;2014;4013;1669;2344
8700;Totaal;Europese Unie (excl. Nederlandse acht...;38 jaar;2015;3787;1583;2204
8701;Totaal;Europese Unie (excl. Nederlandse acht...;38 jaar;2016;3618;1451;2167
8702;Totaal;Europese Unie (excl. Nederlandse acht...;38 jaar;2017;3533;1549;1984
8703;Totaal;Europese Unie (excl. Nederlandse acht...;38 jaar;2018;3415;1413;2002
8704;Totaal;Europese Unie (excl. Nederlandse acht...;39 jaar;2003;2435;1219;1216
8705;Totaal;Europese Unie (excl. Nederlandse acht...;39 jaar;2004;3000;1594;1406
8706;Totaal;Europese Unie (excl. Nederlandse acht...;39 jaar;2005;3159;1623;1536
8707;Totaal;Europese Unie (excl. Nederlandse acht...;39 jaar;2006;3362;1678;1684
8708;Totaal;Europese Unie (excl. Nederlandse acht...;39 jaar;2007;2849;1264;1585
8709;Totaal;Europese Unie (excl. Nederlandse acht...;39 jaar;2008;3655;1584;2071
8710;Totaal;Europese Unie (excl. Nederlandse acht...;39 jaar;2009;4093;2005;2088
8711;Totaal;Europese Unie (excl. Nederlandse acht...;39 jaar;2010;3972;1852;2120
8712;Totaal;Europese Unie (excl. Nederlandse acht...;39 jaar;2011;4184;1987;2197
8713;Totaal;Europese Unie (excl. Nederlandse acht...;39 jaar;2012;3772;1715;2057
8714;Totaal;Europese Unie (excl. Nederlandse acht...;39 jaar;2013;3835;1778;2057
8715;Totaal;Europese Unie (excl. Nederlandse acht...;39 jaar;2014;3834;1700;2134
8716;Totaal;Europese Unie (excl. Nederlandse acht...;39 jaar;2015;3956;1640;2316
8717;Totaal;Europese Unie (excl. Nederlandse acht...;39 jaar;2016;3729;1552;2177
8718;Totaal;Europese Unie (excl. Nederlandse acht...;39 jaar;2017;3547;1421;2126
8719;Totaal;Europese Unie (excl. Nederlandse acht...;39 jaar;2018;3479;1513;1966
8720;Totaal;Europese Unie (excl. Nederlandse acht...;40 jaar;2003;2225;1079;1146
8721;Totaal;Europese Unie (excl. Nederlandse acht...;40 jaar;2004;2381;1188;1193
8722;Totaal;Europese Unie (excl. Nederlandse acht...;40 jaar;2005;2995;1576;1419
8723;Totaal;Europese Unie (excl. Nederlandse acht...;40 jaar;2006;3074;1569;1505
8724;Totaal;Europese Unie (excl. Nederlandse acht...;40 jaar;2007;3280;1620;1660
8725;Totaal;Europese Unie (excl. Nederlandse acht...;40 jaar;2008;2780;1228;1552
8726;Totaal;Europese Unie (excl. Nederlandse acht...;40 jaar;2009;3573;1552;2021
8727;Totaal;Europese Unie (excl. Nederlandse acht...;40 jaar;2010;4052;1983;2069
8728;Totaal;Europese Unie (excl. Nederlandse acht...;40 jaar;2011;3899;1812;2087
8729;Totaal;Europese Unie (excl. Nederlandse acht...;40 jaar;2012;4088;1934;2154
8730;Totaal;Europese Unie (excl. Nederlandse acht...;40 jaar;2013;3707;1679;2028
8731;Totaal;Europese Unie (excl. Nederlandse acht...;40 jaar;2014;3768;1736;2032
8732;Totaal;Europese Unie (excl. Nederlandse acht...;40 jaar;2015;3761;1658;2103
8733;Totaal;Europese Unie (excl. Nederlandse acht...;40 jaar;2016;3892;1610;2282
8734;Totaal;Europese Unie (excl. Nederlandse acht...;40 jaar;2017;3653;1512;2141
8735;Totaal;Europese Unie (excl. Nederlandse acht...;40 jaar;2018;3491;1396;2095
8736;Totaal;Europese Unie (excl. Nederlandse acht...;41 jaar;2003;2182;1068;1114
8737;Totaal;Europese Unie (excl. Nederlandse acht...;41 jaar;2004;2187;1048;1139
8738;Totaal;Europese Unie (excl. Nederlandse acht...;41 jaar;2005;2379;1175;1204
8739;Totaal;Europese Unie (excl. Nederlandse acht...;41 jaar;2006;2929;1530;1399
8740;Totaal;Europese Unie (excl. Nederlandse acht...;41 jaar;2007;2991;1523;1468
8741;Totaal;Europese Unie (excl. Nederlandse acht...;41 jaar;2008;3180;1564;1616
8742;Totaal;Europese Unie (excl. Nederlandse acht...;41 jaar;2009;2734;1204;1530
8743;Totaal;Europese Unie (excl. Nederlandse acht...;41 jaar;2010;3527;1527;2000
8744;Totaal;Europese Unie (excl. Nederlandse acht...;41 jaar;2011;3965;1923;2042
8745;Totaal;Europese Unie (excl. Nederlandse acht...;41 jaar;2012;3800;1757;2043
8746;Totaal;Europese Unie (excl. Nederlandse acht...;41 jaar;2013;4022;1893;2129
8747;Totaal;Europese Unie (excl. Nederlandse acht...;41 jaar;2014;3630;1641;1989
8748;Totaal;Europese Unie (excl. Nederlandse acht...;41 jaar;2015;3689;1684;2005
8749;Totaal;Europese Unie (excl. Nederlandse acht...;41 jaar;2016;3687;1616;2071
8750;Totaal;Europese Unie (excl. Nederlandse acht...;41 jaar;2017;3812;1573;2239
8751;Totaal;Europese Unie (excl. Nederlandse acht...;41 jaar;2018;3587;1480;2107
8752;Totaal;Europese Unie (excl. Nederlandse acht...;42 jaar;2003;1666;648;1018
8753;Totaal;Europese Unie (excl. Nederlandse acht...;42 jaar;2004;2140;1048;1092
8754;Totaal;Europese Unie (excl. Nederlandse acht...;42 jaar;2005;2179;1038;1141
8755;Totaal;Europese Unie (excl. Nederlandse acht...;42 jaar;2006;2328;1146;1182
8756;Totaal;Europese Unie (excl. Nederlandse acht...;42 jaar;2007;2845;1477;1368
8757;Totaal;Europese Unie (excl. Nederlandse acht...;42 jaar;2008;2901;1465;1436
8758;Totaal;Europese Unie (excl. Nederlandse acht...;42 jaar;2009;3108;1517;1591
8759;Totaal;Europese Unie (excl. Nederlandse acht...;42 jaar;2010;2699;1186;1513
8760;Totaal;Europese Unie (excl. Nederlandse acht...;42 jaar;2011;3446;1489;1957
8761;Totaal;Europese Unie (excl. Nederlandse acht...;42 jaar;2012;3870;1868;2002
8762;Totaal;Europese Unie (excl. Nederlandse acht...;42 jaar;2013;3711;1708;2003
8763;Totaal;Europese Unie (excl. Nederlandse acht...;42 jaar;2014;3926;1841;2085
8764;Totaal;Europese Unie (excl. Nederlandse acht...;42 jaar;2015;3556;1610;1946
8765;Totaal;Europese Unie (excl. Nederlandse acht...;42 jaar;2016;3605;1642;1963
8766;Totaal;Europese Unie (excl. Nederlandse acht...;42 jaar;2017;3611;1575;2036
8767;Totaal;Europese Unie (excl. Nederlandse acht...;42 jaar;2018;3722;1526;2196
8768;Totaal;Europese Unie (excl. Nederlandse acht...;43 jaar;2003;1376;345;1031
8769;Totaal;Europese Unie (excl. Nederlandse acht...;43 jaar;2004;1636;630;1006
8770;Totaal;Europese Unie (excl. Nederlandse acht...;43 jaar;2005;2127;1031;1096
8771;Totaal;Europese Unie (excl. Nederlandse acht...;43 jaar;2006;2124;1010;1114
8772;Totaal;Europese Unie (excl. Nederlandse acht...;43 jaar;2007;2273;1103;1170
8773;Totaal;Europese Unie (excl. Nederlandse acht...;43 jaar;2008;2777;1429;1348
8774;Totaal;Europese Unie (excl. Nederlandse acht...;43 jaar;2009;2833;1420;1413
8775;Totaal;Europese Unie (excl. Nederlandse acht...;43 jaar;2010;3059;1487;1572
8776;Totaal;Europese Unie (excl. Nederlandse acht...;43 jaar;2011;2660;1164;1496
8777;Totaal;Europese Unie (excl. Nederlandse acht...;43 jaar;2012;3383;1454;1929
8778;Totaal;Europese Unie (excl. Nederlandse acht...;43 jaar;2013;3785;1823;1962
8779;Totaal;Europese Unie (excl. Nederlandse acht...;43 jaar;2014;3625;1660;1965
8780;Totaal;Europese Unie (excl. Nederlandse acht...;43 jaar;2015;3843;1790;2053
8781;Totaal;Europese Unie (excl. Nederlandse acht...;43 jaar;2016;3485;1571;1914
8782;Totaal;Europese Unie (excl. Nederlandse acht...;43 jaar;2017;3529;1597;1932
8783;Totaal;Europese Unie (excl. Nederlandse acht...;43 jaar;2018;3541;1540;2001
8784;Totaal;Europese Unie (excl. Nederlandse acht...;44 jaar;2003;1291;314;977
8785;Totaal;Europese Unie (excl. Nederlandse acht...;44 jaar;2004;1356;341;1015
8786;Totaal;Europese Unie (excl. Nederlandse acht...;44 jaar;2005;1653;639;1014
8787;Totaal;Europese Unie (excl. Nederlandse acht...;44 jaar;2006;2089;1008;1081
8788;Totaal;Europese Unie (excl. Nederlandse acht...;44 jaar;2007;2078;986;1092
8789;Totaal;Europese Unie (excl. Nederlandse acht...;44 jaar;2008;2213;1070;1143
8790;Totaal;Europese Unie (excl. Nederlandse acht...;44 jaar;2009;2714;1389;1325
8791;Totaal;Europese Unie (excl. Nederlandse acht...;44 jaar;2010;2776;1388;1388
8792;Totaal;Europese Unie (excl. Nederlandse acht...;44 jaar;2011;2986;1439;1547
8793;Totaal;Europese Unie (excl. Nederlandse acht...;44 jaar;2012;2609;1143;1466
8794;Totaal;Europese Unie (excl. Nederlandse acht...;44 jaar;2013;3330;1424;1906
8795;Totaal;Europese Unie (excl. Nederlandse acht...;44 jaar;2014;3708;1779;1929
8796;Totaal;Europese Unie (excl. Nederlandse acht...;44 jaar;2015;3551;1621;1930
8797;Totaal;Europese Unie (excl. Nederlandse acht...;44 jaar;2016;3759;1748;2011
8798;Totaal;Europese Unie (excl. Nederlandse acht...;44 jaar;2017;3419;1540;1879
8799;Totaal;Europese Unie (excl. Nederlandse acht...;44 jaar;2018;3464;1557;1907
8800;Totaal;Europese Unie (excl. Nederlandse acht...;45 jaar;2003;1440;485;955
8801;Totaal;Europese Unie (excl. Nederlandse acht...;45 jaar;2004;1250;306;944
8802;Totaal;Europese Unie (excl. Nederlandse acht...;45 jaar;2005;1376;352;1024
8803;Totaal;Europese Unie (excl. Nederlandse acht...;45 jaar;2006;1617;625;992
8804;Totaal;Europese Unie (excl. Nederlandse acht...;45 jaar;2007;2042;984;1058
8805;Totaal;Europese Unie (excl. Nederlandse acht...;45 jaar;2008;2013;955;1058
8806;Totaal;Europese Unie (excl. Nederlandse acht...;45 jaar;2009;2154;1035;1119
8807;Totaal;Europese Unie (excl. Nederlandse acht...;45 jaar;2010;2665;1346;1319
8808;Totaal;Europese Unie (excl. Nederlandse acht...;45 jaar;2011;2723;1355;1368
8809;Totaal;Europese Unie (excl. Nederlandse acht...;45 jaar;2012;2908;1394;1514
8810;Totaal;Europese Unie (excl. Nederlandse acht...;45 jaar;2013;2557;1117;1440
8811;Totaal;Europese Unie (excl. Nederlandse acht...;45 jaar;2014;3257;1389;1868
8812;Totaal;Europese Unie (excl. Nederlandse acht...;45 jaar;2015;3623;1727;1896
8813;Totaal;Europese Unie (excl. Nederlandse acht...;45 jaar;2016;3470;1577;1893
8814;Totaal;Europese Unie (excl. Nederlandse acht...;45 jaar;2017;3680;1704;1976
8815;Totaal;Europese Unie (excl. Nederlandse acht...;45 jaar;2018;3348;1501;1847
8816;Totaal;Europese Unie (excl. Nederlandse acht...;46 jaar;2003;1372;439;933
8817;Totaal;Europese Unie (excl. Nederlandse acht...;46 jaar;2004;1413;479;934
8818;Totaal;Europese Unie (excl. Nederlandse acht...;46 jaar;2005;1313;346;967
8819;Totaal;Europese Unie (excl. Nederlandse acht...;46 jaar;2006;1346;340;1006
8820;Totaal;Europese Unie (excl. Nederlandse acht...;46 jaar;2007;1577;613;964
8821;Totaal;Europese Unie (excl. Nederlandse acht...;46 jaar;2008;1982;954;1028
8822;Totaal;Europese Unie (excl. Nederlandse acht...;46 jaar;2009;1962;929;1033
8823;Totaal;Europese Unie (excl. Nederlandse acht...;46 jaar;2010;2116;1011;1105
8824;Totaal;Europese Unie (excl. Nederlandse acht...;46 jaar;2011;2591;1297;1294
8825;Totaal;Europese Unie (excl. Nederlandse acht...;46 jaar;2012;2660;1320;1340
8826;Totaal;Europese Unie (excl. Nederlandse acht...;46 jaar;2013;2849;1365;1484
8827;Totaal;Europese Unie (excl. Nederlandse acht...;46 jaar;2014;2500;1089;1411
8828;Totaal;Europese Unie (excl. Nederlandse acht...;46 jaar;2015;3170;1344;1826
8829;Totaal;Europese Unie (excl. Nederlandse acht...;46 jaar;2016;3541;1678;1863
8830;Totaal;Europese Unie (excl. Nederlandse acht...;46 jaar;2017;3392;1537;1855
8831;Totaal;Europese Unie (excl. Nederlandse acht...;46 jaar;2018;3610;1675;1935
8832;Totaal;Europese Unie (excl. Nederlandse acht...;47 jaar;2003;1277;415;862
8833;Totaal;Europese Unie (excl. Nederlandse acht...;47 jaar;2004;1334;431;903
8834;Totaal;Europese Unie (excl. Nederlandse acht...;47 jaar;2005;1627;605;1022
8835;Totaal;Europese Unie (excl. Nederlandse acht...;47 jaar;2006;1275;332;943
8836;Totaal;Europese Unie (excl. Nederlandse acht...;47 jaar;2007;1316;333;983
8837;Totaal;Europese Unie (excl. Nederlandse acht...;47 jaar;2008;1540;594;946
8838;Totaal;Europese Unie (excl. Nederlandse acht...;47 jaar;2009;1930;921;1009
8839;Totaal;Europese Unie (excl. Nederlandse acht...;47 jaar;2010;1936;917;1019
8840;Totaal;Europese Unie (excl. Nederlandse acht...;47 jaar;2011;2064;981;1083
8841;Totaal;Europese Unie (excl. Nederlandse acht...;47 jaar;2012;2539;1257;1282
8842;Totaal;Europese Unie (excl. Nederlandse acht...;47 jaar;2013;2580;1276;1304
8843;Totaal;Europese Unie (excl. Nederlandse acht...;47 jaar;2014;2775;1317;1458
8844;Totaal;Europese Unie (excl. Nederlandse acht...;47 jaar;2015;2452;1062;1390
8845;Totaal;Europese Unie (excl. Nederlandse acht...;47 jaar;2016;3095;1307;1788
8846;Totaal;Europese Unie (excl. Nederlandse acht...;47 jaar;2017;3465;1632;1833
8847;Totaal;Europese Unie (excl. Nederlandse acht...;47 jaar;2018;3314;1504;1810
8848;Totaal;Europese Unie (excl. Nederlandse acht...;48 jaar;2003;996;271;725
8849;Totaal;Europese Unie (excl. Nederlandse acht...;48 jaar;2004;1250;410;840
8850;Totaal;Europese Unie (excl. Nederlandse acht...;48 jaar;2005;2110;977;1133
8851;Totaal;Europese Unie (excl. Nederlandse acht...;48 jaar;2006;1581;585;996
8852;Totaal;Europese Unie (excl. Nederlandse acht...;48 jaar;2007;1238;322;916
8853;Totaal;Europese Unie (excl. Nederlandse acht...;48 jaar;2008;1285;325;960
8854;Totaal;Europese Unie (excl. Nederlandse acht...;48 jaar;2009;1499;575;924
8855;Totaal;Europese Unie (excl. Nederlandse acht...;48 jaar;2010;1896;903;993
8856;Totaal;Europese Unie (excl. Nederlandse acht...;48 jaar;2011;1889;893;996
8857;Totaal;Europese Unie (excl. Nederlandse acht...;48 jaar;2012;2005;958;1047
8858;Totaal;Europese Unie (excl. Nederlandse acht...;48 jaar;2013;2459;1206;1253
8859;Totaal;Europese Unie (excl. Nederlandse acht...;48 jaar;2014;2494;1223;1271
8860;Totaal;Europese Unie (excl. Nederlandse acht...;48 jaar;2015;2713;1280;1433
8861;Totaal;Europese Unie (excl. Nederlandse acht...;48 jaar;2016;2392;1028;1364
8862;Totaal;Europese Unie (excl. Nederlandse acht...;48 jaar;2017;3022;1275;1747
8863;Totaal;Europese Unie (excl. Nederlandse acht...;48 jaar;2018;3365;1574;1791
8864;Totaal;Europese Unie (excl. Nederlandse acht...;49 jaar;2003;811;230;581
8865;Totaal;Europese Unie (excl. Nederlandse acht...;49 jaar;2004;968;266;702
8866;Totaal;Europese Unie (excl. Nederlandse acht...;49 jaar;2005;1258;414;844
8867;Totaal;Europese Unie (excl. Nederlandse acht...;49 jaar;2006;2043;945;1098
8868;Totaal;Europese Unie (excl. Nederlandse acht...;49 jaar;2007;1541;568;973
8869;Totaal;Europese Unie (excl. Nederlandse acht...;49 jaar;2008;1216;319;897
8870;Totaal;Europese Unie (excl. Nederlandse acht...;49 jaar;2009;1256;318;938
8871;Totaal;Europese Unie (excl. Nederlandse acht...;49 jaar;2010;1481;566;915
8872;Totaal;Europese Unie (excl. Nederlandse acht...;49 jaar;2011;1841;875;966
8873;Totaal;Europese Unie (excl. Nederlandse acht...;49 jaar;2012;1847;870;977
8874;Totaal;Europese Unie (excl. Nederlandse acht...;49 jaar;2013;1947;926;1021
8875;Totaal;Europese Unie (excl. Nederlandse acht...;49 jaar;2014;2390;1169;1221
8876;Totaal;Europese Unie (excl. Nederlandse acht...;49 jaar;2015;2448;1192;1256
8877;Totaal;Europese Unie (excl. Nederlandse acht...;49 jaar;2016;2618;1229;1389
8878;Totaal;Europese Unie (excl. Nederlandse acht...;49 jaar;2017;2324;1000;1324
8879;Totaal;Europese Unie (excl. Nederlandse acht...;49 jaar;2018;2946;1235;1711
8880;Totaal;Europese Unie (excl. Nederlandse acht...;50 jaar;2003;796;189;607
8881;Totaal;Europese Unie (excl. Nederlandse acht...;50 jaar;2004;788;225;563
8882;Totaal;Europese Unie (excl. Nederlandse acht...;50 jaar;2005;964;268;696
8883;Totaal;Europese Unie (excl. Nederlandse acht...;50 jaar;2006;1220;406;814
8884;Totaal;Europese Unie (excl. Nederlandse acht...;50 jaar;2007;2001;928;1073
8885;Totaal;Europese Unie (excl. Nederlandse acht...;50 jaar;2008;1500;554;946
8886;Totaal;Europese Unie (excl. Nederlandse acht...;50 jaar;2009;1182;308;874
8887;Totaal;Europese Unie (excl. Nederlandse acht...;50 jaar;2010;1232;311;921
8888;Totaal;Europese Unie (excl. Nederlandse acht...;50 jaar;2011;1439;551;888
8889;Totaal;Europese Unie (excl. Nederlandse acht...;50 jaar;2012;1789;846;943
8890;Totaal;Europese Unie (excl. Nederlandse acht...;50 jaar;2013;1797;851;946
8891;Totaal;Europese Unie (excl. Nederlandse acht...;50 jaar;2014;1886;897;989
8892;Totaal;Europese Unie (excl. Nederlandse acht...;50 jaar;2015;2316;1127;1189
8893;Totaal;Europese Unie (excl. Nederlandse acht...;50 jaar;2016;2369;1144;1225
8894;Totaal;Europese Unie (excl. Nederlandse acht...;50 jaar;2017;2534;1192;1342
8895;Totaal;Europese Unie (excl. Nederlandse acht...;50 jaar;2018;2261;974;1287
8896;Totaal;Europese Unie (excl. Nederlandse acht...;51 jaar;2003;887;221;666
8897;Totaal;Europese Unie (excl. Nederlandse acht...;51 jaar;2004;777;188;589
8898;Totaal;Europese Unie (excl. Nederlandse acht...;51 jaar;2005;783;228;555
8899;Totaal;Europese Unie (excl. Nederlandse acht...;51 jaar;2006;934;262;672
8900;Totaal;Europese Unie (excl. Nederlandse acht...;51 jaar;2007;1190;399;791
8901;Totaal;Europese Unie (excl. Nederlandse acht...;51 jaar;2008;1951;900;1051
8902;Totaal;Europese Unie (excl. Nederlandse acht...;51 jaar;2009;1457;537;920
8903;Totaal;Europese Unie (excl. Nederlandse acht...;51 jaar;2010;1179;313;866
8904;Totaal;Europese Unie (excl. Nederlandse acht...;51 jaar;2011;1203;304;899
8905;Totaal;Europese Unie (excl. Nederlandse acht...;51 jaar;2012;1385;522;863
8906;Totaal;Europese Unie (excl. Nederlandse acht...;51 jaar;2013;1739;817;922
8907;Totaal;Europese Unie (excl. Nederlandse acht...;51 jaar;2014;1729;808;921
8908;Totaal;Europese Unie (excl. Nederlandse acht...;51 jaar;2015;1823;856;967
8909;Totaal;Europese Unie (excl. Nederlandse acht...;51 jaar;2016;2259;1107;1152
8910;Totaal;Europese Unie (excl. Nederlandse acht...;51 jaar;2017;2295;1094;1201
8911;Totaal;Europese Unie (excl. Nederlandse acht...;51 jaar;2018;2456;1143;1313
8912;Totaal;Europese Unie (excl. Nederlandse acht...;52 jaar;2003;1013;285;728
8913;Totaal;Europese Unie (excl. Nederlandse acht...;52 jaar;2004;853;215;638
8914;Totaal;Europese Unie (excl. Nederlandse acht...;52 jaar;2005;773;194;579
8915;Totaal;Europese Unie (excl. Nederlandse acht...;52 jaar;2006;772;227;545
8916;Totaal;Europese Unie (excl. Nederlandse acht...;52 jaar;2007;907;256;651
8917;Totaal;Europese Unie (excl. Nederlandse acht...;52 jaar;2008;1155;386;769
8918;Totaal;Europese Unie (excl. Nederlandse acht...;52 jaar;2009;1884;867;1017
8919;Totaal;Europese Unie (excl. Nederlandse acht...;52 jaar;2010;1418;521;897
8920;Totaal;Europese Unie (excl. Nederlandse acht...;52 jaar;2011;1143;300;843
8921;Totaal;Europese Unie (excl. Nederlandse acht...;52 jaar;2012;1165;294;871
8922;Totaal;Europese Unie (excl. Nederlandse acht...;52 jaar;2013;1343;505;838
8923;Totaal;Europese Unie (excl. Nederlandse acht...;52 jaar;2014;1671;786;885
8924;Totaal;Europese Unie (excl. Nederlandse acht...;52 jaar;2015;1667;778;889
8925;Totaal;Europese Unie (excl. Nederlandse acht...;52 jaar;2016;1771;827;944
8926;Totaal;Europese Unie (excl. Nederlandse acht...;52 jaar;2017;2178;1071;1107
8927;Totaal;Europese Unie (excl. Nederlandse acht...;52 jaar;2018;2219;1052;1167
8928;Totaal;Europese Unie (excl. Nederlandse acht...;53 jaar;2003;1498;441;1057
8929;Totaal;Europese Unie (excl. Nederlandse acht...;53 jaar;2004;979;278;701
8930;Totaal;Europese Unie (excl. Nederlandse acht...;53 jaar;2005;848;215;633
8931;Totaal;Europese Unie (excl. Nederlandse acht...;53 jaar;2006;750;192;558
8932;Totaal;Europese Unie (excl. Nederlandse acht...;53 jaar;2007;744;220;524
8933;Totaal;Europese Unie (excl. Nederlandse acht...;53 jaar;2008;877;249;628
8934;Totaal;Europese Unie (excl. Nederlandse acht...;53 jaar;2009;1117;374;743
8935;Totaal;Europese Unie (excl. Nederlandse acht...;53 jaar;2010;1801;830;971
8936;Totaal;Europese Unie (excl. Nederlandse acht...;53 jaar;2011;1372;499;873
8937;Totaal;Europese Unie (excl. Nederlandse acht...;53 jaar;2012;1109;295;814
8938;Totaal;Europese Unie (excl. Nederlandse acht...;53 jaar;2013;1118;280;838
8939;Totaal;Europese Unie (excl. Nederlandse acht...;53 jaar;2014;1299;477;822
8940;Totaal;Europese Unie (excl. Nederlandse acht...;53 jaar;2015;1612;760;852
8941;Totaal;Europese Unie (excl. Nederlandse acht...;53 jaar;2016;1606;748;858
8942;Totaal;Europese Unie (excl. Nederlandse acht...;53 jaar;2017;1707;794;913
8943;Totaal;Europese Unie (excl. Nederlandse acht...;53 jaar;2018;2109;1028;1081
8944;Totaal;Europese Unie (excl. Nederlandse acht...;54 jaar;2003;2023;623;1400
8945;Totaal;Europese Unie (excl. Nederlandse acht...;54 jaar;2004;1449;431;1018
8946;Totaal;Europese Unie (excl. Nederlandse acht...;54 jaar;2005;974;285;689
8947;Totaal;Europese Unie (excl. Nederlandse acht...;54 jaar;2006;817;210;607
8948;Totaal;Europese Unie (excl. Nederlandse acht...;54 jaar;2007;721;187;534
8949;Totaal;Europese Unie (excl. Nederlandse acht...;54 jaar;2008;717;213;504
8950;Totaal;Europese Unie (excl. Nederlandse acht...;54 jaar;2009;843;242;601
8951;Totaal;Europese Unie (excl. Nederlandse acht...;54 jaar;2010;1091;366;725
8952;Totaal;Europese Unie (excl. Nederlandse acht...;54 jaar;2011;1736;802;934
8953;Totaal;Europese Unie (excl. Nederlandse acht...;54 jaar;2012;1328;480;848
8954;Totaal;Europese Unie (excl. Nederlandse acht...;54 jaar;2013;1077;289;788
8955;Totaal;Europese Unie (excl. Nederlandse acht...;54 jaar;2014;1071;270;801
8956;Totaal;Europese Unie (excl. Nederlandse acht...;54 jaar;2015;1262;460;802
8957;Totaal;Europese Unie (excl. Nederlandse acht...;54 jaar;2016;1553;725;828
8958;Totaal;Europese Unie (excl. Nederlandse acht...;54 jaar;2017;1545;710;835
8959;Totaal;Europese Unie (excl. Nederlandse acht...;54 jaar;2018;1651;764;887
8960;Totaal;Europese Unie (excl. Nederlandse acht...;55 jaar;2003;1937;588;1349
8961;Totaal;Europese Unie (excl. Nederlandse acht...;55 jaar;2004;1951;607;1344
8962;Totaal;Europese Unie (excl. Nederlandse acht...;55 jaar;2005;1464;441;1023
8963;Totaal;Europese Unie (excl. Nederlandse acht...;55 jaar;2006;933;276;657
8964;Totaal;Europese Unie (excl. Nederlandse acht...;55 jaar;2007;795;204;591
8965;Totaal;Europese Unie (excl. Nederlandse acht...;55 jaar;2008;706;181;525
8966;Totaal;Europese Unie (excl. Nederlandse acht...;55 jaar;2009;688;206;482
8967;Totaal;Europese Unie (excl. Nederlandse acht...;55 jaar;2010;824;239;585
8968;Totaal;Europese Unie (excl. Nederlandse acht...;55 jaar;2011;1051;350;701
8969;Totaal;Europese Unie (excl. Nederlandse acht...;55 jaar;2012;1669;766;903
8970;Totaal;Europese Unie (excl. Nederlandse acht...;55 jaar;2013;1281;464;817
8971;Totaal;Europese Unie (excl. Nederlandse acht...;55 jaar;2014;1035;278;757
8972;Totaal;Europese Unie (excl. Nederlandse acht...;55 jaar;2015;1032;258;774
8973;Totaal;Europese Unie (excl. Nederlandse acht...;55 jaar;2016;1216;438;778
8974;Totaal;Europese Unie (excl. Nederlandse acht...;55 jaar;2017;1494;692;802
8975;Totaal;Europese Unie (excl. Nederlandse acht...;55 jaar;2018;1488;681;807
8976;Totaal;Europese Unie (excl. Nederlandse acht...;56 jaar;2003;2599;815;1784
8977;Totaal;Europese Unie (excl. Nederlandse acht...;56 jaar;2004;1873;571;1302
8978;Totaal;Europese Unie (excl. Nederlandse acht...;56 jaar;2005;2102;733;1369
8979;Totaal;Europese Unie (excl. Nederlandse acht...;56 jaar;2006;1418;429;989
8980;Totaal;Europese Unie (excl. Nederlandse acht...;56 jaar;2007;893;263;630
8981;Totaal;Europese Unie (excl. Nederlandse acht...;56 jaar;2008;774;199;575
8982;Totaal;Europese Unie (excl. Nederlandse acht...;56 jaar;2009;686;180;506
8983;Totaal;Europese Unie (excl. Nederlandse acht...;56 jaar;2010;672;202;470
8984;Totaal;Europese Unie (excl. Nederlandse acht...;56 jaar;2011;787;230;557
8985;Totaal;Europese Unie (excl. Nederlandse acht...;56 jaar;2012;1001;336;665
8986;Totaal;Europese Unie (excl. Nederlandse acht...;56 jaar;2013;1606;736;870
8987;Totaal;Europese Unie (excl. Nederlandse acht...;56 jaar;2014;1229;440;789
8988;Totaal;Europese Unie (excl. Nederlandse acht...;56 jaar;2015;990;266;724
8989;Totaal;Europese Unie (excl. Nederlandse acht...;56 jaar;2016;995;248;747
8990;Totaal;Europese Unie (excl. Nederlandse acht...;56 jaar;2017;1179;418;761
8991;Totaal;Europese Unie (excl. Nederlandse acht...;56 jaar;2018;1448;670;778
8992;Totaal;Europese Unie (excl. Nederlandse acht...;57 jaar;2003;2521;730;1791
8993;Totaal;Europese Unie (excl. Nederlandse acht...;57 jaar;2004;2505;793;1712
8994;Totaal;Europese Unie (excl. Nederlandse acht...;57 jaar;2005;2183;844;1339
8995;Totaal;Europese Unie (excl. Nederlandse acht...;57 jaar;2006;2014;711;1303
8996;Totaal;Europese Unie (excl. Nederlandse acht...;57 jaar;2007;1371;417;954
8997;Totaal;Europese Unie (excl. Nederlandse acht...;57 jaar;2008;854;259;595
8998;Totaal;Europese Unie (excl. Nederlandse acht...;57 jaar;2009;740;191;549
8999;Totaal;Europese Unie (excl. Nederlandse acht...;57 jaar;2010;665;180;485
9000;Totaal;Europese Unie (excl. Nederlandse acht...;57 jaar;2011;651;198;453
9001;Totaal;Europese Unie (excl. Nederlandse acht...;57 jaar;2012;753;222;531
9002;Totaal;Europese Unie (excl. Nederlandse acht...;57 jaar;2013;963;324;639
9003;Totaal;Europese Unie (excl. Nederlandse acht...;57 jaar;2014;1538;700;838
9004;Totaal;Europese Unie (excl. Nederlandse acht...;57 jaar;2015;1179;419;760
9005;Totaal;Europese Unie (excl. Nederlandse acht...;57 jaar;2016;944;256;688
9006;Totaal;Europese Unie (excl. Nederlandse acht...;57 jaar;2017;951;239;712
9007;Totaal;Europese Unie (excl. Nederlandse acht...;57 jaar;2018;1122;400;722
9008;Totaal;Europese Unie (excl. Nederlandse acht...;58 jaar;2003;230;52;178
9009;Totaal;Europese Unie (excl. Nederlandse acht...;58 jaar;2004;2428;719;1709
9010;Totaal;Europese Unie (excl. Nederlandse acht...;58 jaar;2005;2608;844;1764
9011;Totaal;Europese Unie (excl. Nederlandse acht...;58 jaar;2006;2092;806;1286
9012;Totaal;Europese Unie (excl. Nederlandse acht...;58 jaar;2007;1932;693;1239
9013;Totaal;Europese Unie (excl. Nederlandse acht...;58 jaar;2008;1321;408;913
9014;Totaal;Europese Unie (excl. Nederlandse acht...;58 jaar;2009;832;255;577
9015;Totaal;Europese Unie (excl. Nederlandse acht...;58 jaar;2010;719;189;530
9016;Totaal;Europese Unie (excl. Nederlandse acht...;58 jaar;2011;635;172;463
9017;Totaal;Europese Unie (excl. Nederlandse acht...;58 jaar;2012;626;193;433
9018;Totaal;Europese Unie (excl. Nederlandse acht...;58 jaar;2013;717;211;506
9019;Totaal;Europese Unie (excl. Nederlandse acht...;58 jaar;2014;931;317;614
9020;Totaal;Europese Unie (excl. Nederlandse acht...;58 jaar;2015;1464;666;798
9021;Totaal;Europese Unie (excl. Nederlandse acht...;58 jaar;2016;1126;403;723
9022;Totaal;Europese Unie (excl. Nederlandse acht...;58 jaar;2017;903;245;658
9023;Totaal;Europese Unie (excl. Nederlandse acht...;58 jaar;2018;911;227;684
9024;Totaal;Europese Unie (excl. Nederlandse acht...;59 jaar;2003;296;86;210
9025;Totaal;Europese Unie (excl. Nederlandse acht...;59 jaar;2004;225;52;173
9026;Totaal;Europese Unie (excl. Nederlandse acht...;59 jaar;2005;2635;730;1905
9027;Totaal;Europese Unie (excl. Nederlandse acht...;59 jaar;2006;2492;810;1682
9028;Totaal;Europese Unie (excl. Nederlandse acht...;59 jaar;2007;1995;764;1231
9029;Totaal;Europese Unie (excl. Nederlandse acht...;59 jaar;2008;1851;675;1176
9030;Totaal;Europese Unie (excl. Nederlandse acht...;59 jaar;2009;1285;397;888
9031;Totaal;Europese Unie (excl. Nederlandse acht...;59 jaar;2010;801;251;550
9032;Totaal;Europese Unie (excl. Nederlandse acht...;59 jaar;2011;694;185;509
9033;Totaal;Europese Unie (excl. Nederlandse acht...;59 jaar;2012;601;163;438
9034;Totaal;Europese Unie (excl. Nederlandse acht...;59 jaar;2013;606;188;418
9035;Totaal;Europese Unie (excl. Nederlandse acht...;59 jaar;2014;679;204;475
9036;Totaal;Europese Unie (excl. Nederlandse acht...;59 jaar;2015;903;308;595
9037;Totaal;Europese Unie (excl. Nederlandse acht...;59 jaar;2016;1395;641;754
9038;Totaal;Europese Unie (excl. Nederlandse acht...;59 jaar;2017;1074;389;685
9039;Totaal;Europese Unie (excl. Nederlandse acht...;59 jaar;2018;861;233;628
9040;Totaal;Europese Unie (excl. Nederlandse acht...;60 jaar of meer;2003;6359;1693;4666
9041;Totaal;Europese Unie (excl. Nederlandse acht...;60 jaar of meer;2004;6106;1690;4416
9042;Totaal;Europese Unie (excl. Nederlandse acht...;60 jaar of meer;2005;6016;1676;4340
9043;Totaal;Europese Unie (excl. Nederlandse acht...;60 jaar of meer;2006;8012;2272;5740
9044;Totaal;Europese Unie (excl. Nederlandse acht...;60 jaar of meer;2007;9832;2932;6900
9045;Totaal;Europese Unie (excl. Nederlandse acht...;60 jaar of meer;2008;11063;3477;7586
9046;Totaal;Europese Unie (excl. Nederlandse acht...;60 jaar of meer;2009;12098;3953;8145
9047;Totaal;Europese Unie (excl. Nederlandse acht...;60 jaar of meer;2010;12710;4200;8510
9048;Totaal;Europese Unie (excl. Nederlandse acht...;60 jaar of meer;2011;12652;4239;8413
9049;Totaal;Europese Unie (excl. Nederlandse acht...;60 jaar of meer;2012;12493;4213;8280
9050;Totaal;Europese Unie (excl. Nederlandse acht...;60 jaar of meer;2013;12232;4140;8092
9051;Totaal;Europese Unie (excl. Nederlandse acht...;60 jaar of meer;2014;12003;4127;7876
9052;Totaal;Europese Unie (excl. Nederlandse acht...;60 jaar of meer;2015;11870;4110;7760
9053;Totaal;Europese Unie (excl. Nederlandse acht...;60 jaar of meer;2016;11869;4204;7665
9054;Totaal;Europese Unie (excl. Nederlandse acht...;60 jaar of meer;2017;12351;4576;7775
9055;Totaal;Europese Unie (excl. Nederlandse acht...;60 jaar of meer;2018;12522;4725;7797
9056;Totaal;Europese Unie (excl. Nederlandse acht...;Onbekend;2003;7249;2344;4905
9057;Totaal;Europese Unie (excl. Nederlandse acht...;Onbekend;2004;6227;2086;4141
9058;Totaal;Europese Unie (excl. Nederlandse acht...;Onbekend;2005;5748;1951;3797
9059;Totaal;Europese Unie (excl. Nederlandse acht...;Onbekend;2006;5139;1765;3374
9060;Totaal;Europese Unie (excl. Nederlandse acht...;Onbekend;2007;4718;1685;3033
9061;Totaal;Europese Unie (excl. Nederlandse acht...;Onbekend;2008;4211;1537;2674
9062;Totaal;Europese Unie (excl. Nederlandse acht...;Onbekend;2009;3814;1422;2392
9063;Totaal;Europese Unie (excl. Nederlandse acht...;Onbekend;2010;2041;740;1301
9064;Totaal;Europese Unie (excl. Nederlandse acht...;Onbekend;2011;1862;684;1178
9065;Totaal;Europese Unie (excl. Nederlandse acht...;Onbekend;2012;1716;636;1080
9066;Totaal;Europese Unie (excl. Nederlandse acht...;Onbekend;2013;1599;609;990
9067;Totaal;Europese Unie (excl. Nederlandse acht...;Onbekend;2014;1501;582;919
9068;Totaal;Europese Unie (excl. Nederlandse acht...;Onbekend;2015;1420;560;860
9069;Totaal;Europese Unie (excl. Nederlandse acht...;Onbekend;2016;1462;629;833
9070;Totaal;Europese Unie (excl. Nederlandse acht...;Onbekend;2017;1257;517;740
9071;Totaal;Europese Unie (excl. Nederlandse acht...;Onbekend;2018;1185;496;689
9072;Totaal;Afghanistan;Totaal;2003;30936;17753;13183
9073;Totaal;Afghanistan;Totaal;2004;32123;18231;13892
9074;Totaal;Afghanistan;Totaal;2005;32394;18170;14224
9075;Totaal;Afghanistan;Totaal;2006;31987;17629;14358
9076;Totaal;Afghanistan;Totaal;2007;31330;17097;14233
9077;Totaal;Afghanistan;Totaal;2008;30939;16781;14158
9078;Totaal;Afghanistan;Totaal;2009;30707;16601;14106
9079;Totaal;Afghanistan;Totaal;2010;31060;16770;14290
9080;Totaal;Afghanistan;Totaal;2011;31823;17238;14585
9081;Totaal;Afghanistan;Totaal;2012;32579;17614;14965
9082;Totaal;Afghanistan;Totaal;2013;32820;17645;15175
9083;Totaal;Afghanistan;Totaal;2014;33085;17708;15377
9084;Totaal;Afghanistan;Totaal;2015;33058;17686;15372
9085;Totaal;Afghanistan;Totaal;2016;33030;17620;15410
9086;Totaal;Afghanistan;Totaal;2017;34694;18714;15980
9087;Totaal;Afghanistan;Totaal;2018;34993;18889;16104
9088;Totaal;Afghanistan;Minder dan 1 jaar;2003;2877;1601;1276
9089;Totaal;Afghanistan;Minder dan 1 jaar;2004;1888;944;944
9090;Totaal;Afghanistan;Minder dan 1 jaar;2005;970;435;535
9091;Totaal;Afghanistan;Minder dan 1 jaar;2006;869;357;512
9092;Totaal;Afghanistan;Minder dan 1 jaar;2007;789;390;399
9093;Totaal;Afghanistan;Minder dan 1 jaar;2008;772;432;340
9094;Totaal;Afghanistan;Minder dan 1 jaar;2009;792;461;331
9095;Totaal;Afghanistan;Minder dan 1 jaar;2010;1212;722;490
9096;Totaal;Afghanistan;Minder dan 1 jaar;2011;1763;1110;653
9097;Totaal;Afghanistan;Minder dan 1 jaar;2012;1870;1127;743
9098;Totaal;Afghanistan;Minder dan 1 jaar;2013;1437;852;585
9099;Totaal;Afghanistan;Minder dan 1 jaar;2014;1433;859;574
9100;Totaal;Afghanistan;Minder dan 1 jaar;2015;1051;640;411
9101;Totaal;Afghanistan;Minder dan 1 jaar;2016;1062;608;454
9102;Totaal;Afghanistan;Minder dan 1 jaar;2017;2548;1662;886
9103;Totaal;Afghanistan;Minder dan 1 jaar;2018;1274;793;481
9104;Totaal;Afghanistan;1 jaar;2003;4428;2614;1814
9105;Totaal;Afghanistan;1 jaar;2004;2728;1492;1236
9106;Totaal;Afghanistan;1 jaar;2005;1860;902;958
9107;Totaal;Afghanistan;1 jaar;2006;920;399;521
9108;Totaal;Afghanistan;1 jaar;2007;834;334;500
9109;Totaal;Afghanistan;1 jaar;2008;732;346;386
9110;Totaal;Afghanistan;1 jaar;2009;718;388;330
9111;Totaal;Afghanistan;1 jaar;2010;734;417;317
9112;Totaal;Afghanistan;1 jaar;2011;1120;652;468
9113;Totaal;Afghanistan;1 jaar;2012;1609;978;631
9114;Totaal;Afghanistan;1 jaar;2013;1680;970;710
9115;Totaal;Afghanistan;1 jaar;2014;1299;743;556
9116;Totaal;Afghanistan;1 jaar;2015;1304;767;537
9117;Totaal;Afghanistan;1 jaar;2016;939;554;385
9118;Totaal;Afghanistan;1 jaar;2017;957;530;427
9119;Totaal;Afghanistan;1 jaar;2018;2302;1480;822
9120;Totaal;Afghanistan;2 jaar;2003;4518;2663;1855
9121;Totaal;Afghanistan;2 jaar;2004;4274;2507;1767
9122;Totaal;Afghanistan;2 jaar;2005;2603;1394;1209
9123;Totaal;Afghanistan;2 jaar;2006;1709;785;924
9124;Totaal;Afghanistan;2 jaar;2007;872;360;512
9125;Totaal;Afghanistan;2 jaar;2008;809;319;490
9126;Totaal;Afghanistan;2 jaar;2009;701;324;377
9127;Totaal;Afghanistan;2 jaar;2010;680;358;322
9128;Totaal;Afghanistan;2 jaar;2011;689;381;308
9129;Totaal;Afghanistan;2 jaar;2012;1013;562;451
9130;Totaal;Afghanistan;2 jaar;2013;1467;860;607
9131;Totaal;Afghanistan;2 jaar;2014;1564;872;692
9132;Totaal;Afghanistan;2 jaar;2015;1224;695;529
9133;Totaal;Afghanistan;2 jaar;2016;1206;701;505
9134;Totaal;Afghanistan;2 jaar;2017;885;513;372
9135;Totaal;Afghanistan;2 jaar;2018;886;485;401
9136;Totaal;Afghanistan;3 jaar;2003;5304;3072;2232
9137;Totaal;Afghanistan;3 jaar;2004;4445;2620;1825
9138;Totaal;Afghanistan;3 jaar;2005;4149;2416;1733
9139;Totaal;Afghanistan;3 jaar;2006;2392;1236;1156
9140;Totaal;Afghanistan;3 jaar;2007;1610;731;879
9141;Totaal;Afghanistan;3 jaar;2008;844;343;501
9142;Totaal;Afghanistan;3 jaar;2009;790;307;483
9143;Totaal;Afghanistan;3 jaar;2010;674;306;368
9144;Totaal;Afghanistan;3 jaar;2011;645;331;314
9145;Totaal;Afghanistan;3 jaar;2012;651;350;301
9146;Totaal;Afghanistan;3 jaar;2013;951;514;437
9147;Totaal;Afghanistan;3 jaar;2014;1371;784;587
9148;Totaal;Afghanistan;3 jaar;2015;1505;838;667
9149;Totaal;Afghanistan;3 jaar;2016;1175;660;515
9150;Totaal;Afghanistan;3 jaar;2017;1157;664;493
9151;Totaal;Afghanistan;3 jaar;2018;847;483;364
9152;Totaal;Afghanistan;4 jaar;2003;3680;2125;1555
9153;Totaal;Afghanistan;4 jaar;2004;5243;3034;2209
9154;Totaal;Afghanistan;4 jaar;2005;4383;2575;1808
9155;Totaal;Afghanistan;4 jaar;2006;3988;2297;1691
9156;Totaal;Afghanistan;4 jaar;2007;2247;1133;1114
9157;Totaal;Afghanistan;4 jaar;2008;1536;682;854
9158;Totaal;Afghanistan;4 jaar;2009;817;331;486
9159;Totaal;Afghanistan;4 jaar;2010;757;295;462
9160;Totaal;Afghanistan;4 jaar;2011;649;288;361
9161;Totaal;Afghanistan;4 jaar;2012;616;311;305
9162;Totaal;Afghanistan;4 jaar;2013;608;318;290
9163;Totaal;Afghanistan;4 jaar;2014;905;481;424
9164;Totaal;Afghanistan;4 jaar;2015;1317;748;569
9165;Totaal;Afghanistan;4 jaar;2016;1433;792;641
9166;Totaal;Afghanistan;4 jaar;2017;1127;627;500
9167;Totaal;Afghanistan;4 jaar;2018;1117;641;476
9168;Totaal;Afghanistan;5 jaar;2003;3427;1909;1518
9169;Totaal;Afghanistan;5 jaar;2004;3639;2098;1541
9170;Totaal;Afghanistan;5 jaar;2005;5146;2969;2177
9171;Totaal;Afghanistan;5 jaar;2006;4287;2504;1783
9172;Totaal;Afghanistan;5 jaar;2007;3784;2148;1636
9173;Totaal;Afghanistan;5 jaar;2008;2172;1081;1091
9174;Totaal;Afghanistan;5 jaar;2009;1487;655;832
9175;Totaal;Afghanistan;5 jaar;2010;792;319;473
9176;Totaal;Afghanistan;5 jaar;2011;722;280;442
9177;Totaal;Afghanistan;5 jaar;2012;612;267;345
9178;Totaal;Afghanistan;5 jaar;2013;591;299;292
9179;Totaal;Afghanistan;5 jaar;2014;580;301;279
9180;Totaal;Afghanistan;5 jaar;2015;873;462;411
9181;Totaal;Afghanistan;5 jaar;2016;1262;720;542
9182;Totaal;Afghanistan;5 jaar;2017;1396;763;633
9183;Totaal;Afghanistan;5 jaar;2018;1095;605;490
9184;Totaal;Afghanistan;6 jaar;2003;2619;1484;1135
9185;Totaal;Afghanistan;6 jaar;2004;3356;1862;1494
9186;Totaal;Afghanistan;6 jaar;2005;3570;2056;1514
9187;Totaal;Afghanistan;6 jaar;2006;4986;2857;2129
9188;Totaal;Afghanistan;6 jaar;2007;4096;2370;1726
9189;Totaal;Afghanistan;6 jaar;2008;3644;2059;1585
9190;Totaal;Afghanistan;6 jaar;2009;2071;1025;1046
9191;Totaal;Afghanistan;6 jaar;2010;1440;636;804
9192;Totaal;Afghanistan;6 jaar;2011;767;307;460
9193;Totaal;Afghanistan;6 jaar;2012;699;268;431
9194;Totaal;Afghanistan;6 jaar;2013;593;260;333
9195;Totaal;Afghanistan;6 jaar;2014;578;290;288
9196;Totaal;Afghanistan;6 jaar;2015;557;287;270
9197;Totaal;Afghanistan;6 jaar;2016;838;440;398
9198;Totaal;Afghanistan;6 jaar;2017;1224;691;533
9199;Totaal;Afghanistan;6 jaar;2018;1358;740;618
9200;Totaal;Afghanistan;7 jaar;2003;1358;760;598
9201;Totaal;Afghanistan;7 jaar;2004;2562;1447;1115
9202;Totaal;Afghanistan;7 jaar;2005;3281;1816;1465
9203;Totaal;Afghanistan;7 jaar;2006;3431;1976;1455
9204;Totaal;Afghanistan;7 jaar;2007;4774;2734;2040
9205;Totaal;Afghanistan;7 jaar;2008;3926;2249;1677
9206;Totaal;Afghanistan;7 jaar;2009;3550;1994;1556
9207;Totaal;Afghanistan;7 jaar;2010;2015;991;1024
9208;Totaal;Afghanistan;7 jaar;2011;1373;599;774
9209;Totaal;Afghanistan;7 jaar;2012;748;297;451
9210;Totaal;Afghanistan;7 jaar;2013;671;253;418
9211;Totaal;Afghanistan;7 jaar;2014;567;245;322
9212;Totaal;Afghanistan;7 jaar;2015;550;275;275
9213;Totaal;Afghanistan;7 jaar;2016;517;265;252
9214;Totaal;Afghanistan;7 jaar;2017;816;427;389
9215;Totaal;Afghanistan;7 jaar;2018;1181;665;516
9216;Totaal;Afghanistan;8 jaar;2003;1063;594;469
9217;Totaal;Afghanistan;8 jaar;2004;1325;739;586
9218;Totaal;Afghanistan;8 jaar;2005;2518;1416;1102
9219;Totaal;Afghanistan;8 jaar;2006;3154;1736;1418
9220;Totaal;Afghanistan;8 jaar;2007;3277;1877;1400
9221;Totaal;Afghanistan;8 jaar;2008;4555;2609;1946
9222;Totaal;Afghanistan;8 jaar;2009;3768;2154;1614
9223;Totaal;Afghanistan;8 jaar;2010;3451;1927;1524
9224;Totaal;Afghanistan;8 jaar;2011;1966;963;1003
9225;Totaal;Afghanistan;8 jaar;2012;1324;573;751
9226;Totaal;Afghanistan;8 jaar;2013;722;284;438
9227;Totaal;Afghanistan;8 jaar;2014;652;247;405
9228;Totaal;Afghanistan;8 jaar;2015;545;238;307
9229;Totaal;Afghanistan;8 jaar;2016;527;260;267
9230;Totaal;Afghanistan;8 jaar;2017;491;253;238
9231;Totaal;Afghanistan;8 jaar;2018;807;421;386
9232;Totaal;Afghanistan;9 jaar;2003;782;414;368
9233;Totaal;Afghanistan;9 jaar;2004;1043;584;459
9234;Totaal;Afghanistan;9 jaar;2005;1298;723;575
9235;Totaal;Afghanistan;9 jaar;2006;2430;1354;1076
9236;Totaal;Afghanistan;9 jaar;2007;3016;1661;1355
9237;Totaal;Afghanistan;9 jaar;2008;3133;1786;1347
9238;Totaal;Afghanistan;9 jaar;2009;4393;2511;1882
9239;Totaal;Afghanistan;9 jaar;2010;3690;2096;1594
9240;Totaal;Afghanistan;9 jaar;2011;3340;1862;1478
9241;Totaal;Afghanistan;9 jaar;2012;1906;933;973
9242;Totaal;Afghanistan;9 jaar;2013;1258;544;714
9243;Totaal;Afghanistan;9 jaar;2014;691;269;422
9244;Totaal;Afghanistan;9 jaar;2015;632;239;393
9245;Totaal;Afghanistan;9 jaar;2016;526;231;295
9246;Totaal;Afghanistan;9 jaar;2017;515;254;261
9247;Totaal;Afghanistan;9 jaar;2018;478;245;233
9248;Totaal;Afghanistan;10 jaar;2003;194;118;76
9249;Totaal;Afghanistan;10 jaar;2004;759;400;359
9250;Totaal;Afghanistan;10 jaar;2005;1022;573;449
9251;Totaal;Afghanistan;10 jaar;2006;1269;708;561
9252;Totaal;Afghanistan;10 jaar;2007;2338;1304;1034
9253;Totaal;Afghanistan;10 jaar;2008;2939;1612;1327
9254;Totaal;Afghanistan;10 jaar;2009;3020;1721;1299
9255;Totaal;Afghanistan;10 jaar;2010;4279;2438;1841
9256;Totaal;Afghanistan;10 jaar;2011;3598;2045;1553
9257;Totaal;Afghanistan;10 jaar;2012;3253;1806;1447
9258;Totaal;Afghanistan;10 jaar;2013;1841;886;955
9259;Totaal;Afghanistan;10 jaar;2014;1220;523;697
9260;Totaal;Afghanistan;10 jaar;2015;668;261;407
9261;Totaal;Afghanistan;10 jaar;2016;599;231;368
9262;Totaal;Afghanistan;10 jaar;2017;506;219;287
9263;Totaal;Afghanistan;10 jaar;2018;499;246;253
9264;Totaal;Afghanistan;11 jaar;2003;116;60;56
9265;Totaal;Afghanistan;11 jaar;2004;190;116;74
9266;Totaal;Afghanistan;11 jaar;2005;745;392;353
9267;Totaal;Afghanistan;11 jaar;2006;1001;559;442
9268;Totaal;Afghanistan;11 jaar;2007;1228;687;541
9269;Totaal;Afghanistan;11 jaar;2008;2267;1261;1006
9270;Totaal;Afghanistan;11 jaar;2009;2855;1555;1300
9271;Totaal;Afghanistan;11 jaar;2010;2942;1668;1274
9272;Totaal;Afghanistan;11 jaar;2011;4145;2345;1800
9273;Totaal;Afghanistan;11 jaar;2012;3487;1973;1514
9274;Totaal;Afghanistan;11 jaar;2013;3178;1764;1414
9275;Totaal;Afghanistan;11 jaar;2014;1798;860;938
9276;Totaal;Afghanistan;11 jaar;2015;1182;508;674
9277;Totaal;Afghanistan;11 jaar;2016;657;256;401
9278;Totaal;Afghanistan;11 jaar;2017;580;220;360
9279;Totaal;Afghanistan;11 jaar;2018;496;214;282
9280;Totaal;Afghanistan;12 jaar;2003;231;121;110
9281;Totaal;Afghanistan;12 jaar;2004;114;60;54
9282;Totaal;Afghanistan;12 jaar;2005;188;115;73
9283;Totaal;Afghanistan;12 jaar;2006;724;377;347
9284;Totaal;Afghanistan;12 jaar;2007;977;543;434
9285;Totaal;Afghanistan;12 jaar;2008;1191;667;524
9286;Totaal;Afghanistan;12 jaar;2009;2214;1230;984
9287;Totaal;Afghanistan;12 jaar;2010;2786;1507;1279
9288;Totaal;Afghanistan;12 jaar;2011;2865;1620;1245
9289;Totaal;Afghanistan;12 jaar;2012;4020;2261;1759
9290;Totaal;Afghanistan;12 jaar;2013;3401;1910;1491
9291;Totaal;Afghanistan;12 jaar;2014;3079;1708;1371
9292;Totaal;Afghanistan;12 jaar;2015;1759;840;919
9293;Totaal;Afghanistan;12 jaar;2016;1152;493;659
9294;Totaal;Afghanistan;12 jaar;2017;639;248;391
9295;Totaal;Afghanistan;12 jaar;2018;567;211;356
9296;Totaal;Afghanistan;13 jaar;2003;44;30;14
9297;Totaal;Afghanistan;13 jaar;2004;230;120;110
9298;Totaal;Afghanistan;13 jaar;2005;112;58;54
9299;Totaal;Afghanistan;13 jaar;2006;184;111;73
9300;Totaal;Afghanistan;13 jaar;2007;700;363;337
9301;Totaal;Afghanistan;13 jaar;2008;955;527;428
9302;Totaal;Afghanistan;13 jaar;2009;1162;645;517
9303;Totaal;Afghanistan;13 jaar;2010;2161;1198;963
9304;Totaal;Afghanistan;13 jaar;2011;2706;1454;1252
9305;Totaal;Afghanistan;13 jaar;2012;2774;1564;1210
9306;Totaal;Afghanistan;13 jaar;2013;3893;2185;1708
9307;Totaal;Afghanistan;13 jaar;2014;3305;1853;1452
9308;Totaal;Afghanistan;13 jaar;2015;2980;1652;1328
9309;Totaal;Afghanistan;13 jaar;2016;1707;812;895
9310;Totaal;Afghanistan;13 jaar;2017;1135;483;652
9311;Totaal;Afghanistan;13 jaar;2018;630;241;389
9312;Totaal;Afghanistan;14 jaar;2003;26;14;12
9313;Totaal;Afghanistan;14 jaar;2004;43;30;13
9314;Totaal;Afghanistan;14 jaar;2005;227;118;109
9315;Totaal;Afghanistan;14 jaar;2006;110;56;54
9316;Totaal;Afghanistan;14 jaar;2007;181;109;72
9317;Totaal;Afghanistan;14 jaar;2008;691;355;336
9318;Totaal;Afghanistan;14 jaar;2009;927;510;417
9319;Totaal;Afghanistan;14 jaar;2010;1137;627;510
9320;Totaal;Afghanistan;14 jaar;2011;2117;1170;947
9321;Totaal;Afghanistan;14 jaar;2012;2636;1411;1225
9322;Totaal;Afghanistan;14 jaar;2013;2697;1510;1187
9323;Totaal;Afghanistan;14 jaar;2014;3754;2080;1674
9324;Totaal;Afghanistan;14 jaar;2015;3217;1797;1420
9325;Totaal;Afghanistan;14 jaar;2016;2892;1600;1292
9326;Totaal;Afghanistan;14 jaar;2017;1659;786;873
9327;Totaal;Afghanistan;14 jaar;2018;1112;476;636
9328;Totaal;Afghanistan;15 jaar;2003;24;16;8
9329;Totaal;Afghanistan;15 jaar;2004;24;12;12
9330;Totaal;Afghanistan;15 jaar;2005;43;30;13
9331;Totaal;Afghanistan;15 jaar;2006;218;111;107
9332;Totaal;Afghanistan;15 jaar;2007;107;55;52
9333;Totaal;Afghanistan;15 jaar;2008;180;108;72
9334;Totaal;Afghanistan;15 jaar;2009;677;346;331
9335;Totaal;Afghanistan;15 jaar;2010;914;503;411
9336;Totaal;Afghanistan;15 jaar;2011;1101;602;499
9337;Totaal;Afghanistan;15 jaar;2012;2068;1144;924
9338;Totaal;Afghanistan;15 jaar;2013;2573;1367;1206
9339;Totaal;Afghanistan;15 jaar;2014;2608;1450;1158
9340;Totaal;Afghanistan;15 jaar;2015;3648;2013;1635
9341;Totaal;Afghanistan;15 jaar;2016;3123;1740;1383
9342;Totaal;Afghanistan;15 jaar;2017;2837;1568;1269
9343;Totaal;Afghanistan;15 jaar;2018;1633;768;865
9344;Totaal;Afghanistan;16 jaar;2003;91;61;30
9345;Totaal;Afghanistan;16 jaar;2004;24;16;8
9346;Totaal;Afghanistan;16 jaar;2005;23;12;11
9347;Totaal;Afghanistan;16 jaar;2006;43;30;13
9348;Totaal;Afghanistan;16 jaar;2007;208;106;102
9349;Totaal;Afghanistan;16 jaar;2008;99;51;48
9350;Totaal;Afghanistan;16 jaar;2009;175;104;71
9351;Totaal;Afghanistan;16 jaar;2010;665;337;328
9352;Totaal;Afghanistan;16 jaar;2011;896;491;405
9353;Totaal;Afghanistan;16 jaar;2012;1082;587;495
9354;Totaal;Afghanistan;16 jaar;2013;2026;1117;909
9355;Totaal;Afghanistan;16 jaar;2014;2529;1341;1188
9356;Totaal;Afghanistan;16 jaar;2015;2537;1399;1138
9357;Totaal;Afghanistan;16 jaar;2016;3553;1949;1604
9358;Totaal;Afghanistan;16 jaar;2017;3058;1697;1361
9359;Totaal;Afghanistan;16 jaar;2018;2789;1540;1249
9360;Totaal;Afghanistan;17 jaar;2003;37;26;11
9361;Totaal;Afghanistan;17 jaar;2004;86;57;29
9362;Totaal;Afghanistan;17 jaar;2005;24;16;8
9363;Totaal;Afghanistan;17 jaar;2006;23;12;11
9364;Totaal;Afghanistan;17 jaar;2007;42;29;13
9365;Totaal;Afghanistan;17 jaar;2008;207;105;102
9366;Totaal;Afghanistan;17 jaar;2009;97;50;47
9367;Totaal;Afghanistan;17 jaar;2010;171;102;69
9368;Totaal;Afghanistan;17 jaar;2011;647;327;320
9369;Totaal;Afghanistan;17 jaar;2012;875;478;397
9370;Totaal;Afghanistan;17 jaar;2013;1058;574;484
9371;Totaal;Afghanistan;17 jaar;2014;1994;1097;897
9372;Totaal;Afghanistan;17 jaar;2015;2470;1304;1166
9373;Totaal;Afghanistan;17 jaar;2016;2490;1369;1121
9374;Totaal;Afghanistan;17 jaar;2017;3469;1900;1569
9375;Totaal;Afghanistan;17 jaar;2018;2985;1655;1330
9376;Totaal;Afghanistan;18 jaar;2003;17;8;9
9377;Totaal;Afghanistan;18 jaar;2004;36;25;11
9378;Totaal;Afghanistan;18 jaar;2005;86;57;29
9379;Totaal;Afghanistan;18 jaar;2006;23;15;8
9380;Totaal;Afghanistan;18 jaar;2007;22;12;10
9381;Totaal;Afghanistan;18 jaar;2008;42;29;13
9382;Totaal;Afghanistan;18 jaar;2009;203;102;101
9383;Totaal;Afghanistan;18 jaar;2010;96;49;47
9384;Totaal;Afghanistan;18 jaar;2011;171;102;69
9385;Totaal;Afghanistan;18 jaar;2012;636;320;316
9386;Totaal;Afghanistan;18 jaar;2013;860;468;392
9387;Totaal;Afghanistan;18 jaar;2014;1034;560;474
9388;Totaal;Afghanistan;18 jaar;2015;1950;1067;883
9389;Totaal;Afghanistan;18 jaar;2016;2413;1268;1145
9390;Totaal;Afghanistan;18 jaar;2017;2445;1339;1106
9391;Totaal;Afghanistan;18 jaar;2018;3395;1857;1538
9392;Totaal;Afghanistan;19 jaar;2003;24;16;8
9393;Totaal;Afghanistan;19 jaar;2004;17;8;9
9394;Totaal;Afghanistan;19 jaar;2005;36;25;11
9395;Totaal;Afghanistan;19 jaar;2006;84;55;29
9396;Totaal;Afghanistan;19 jaar;2007;23;15;8
9397;Totaal;Afghanistan;19 jaar;2008;22;12;10
9398;Totaal;Afghanistan;19 jaar;2009;42;29;13
9399;Totaal;Afghanistan;19 jaar;2010;200;102;98
9400;Totaal;Afghanistan;19 jaar;2011;93;47;46
9401;Totaal;Afghanistan;19 jaar;2012;166;99;67
9402;Totaal;Afghanistan;19 jaar;2013;625;311;314
9403;Totaal;Afghanistan;19 jaar;2014;841;454;387
9404;Totaal;Afghanistan;19 jaar;2015;1012;542;470
9405;Totaal;Afghanistan;19 jaar;2016;1911;1037;874
9406;Totaal;Afghanistan;19 jaar;2017;2372;1246;1126
9407;Totaal;Afghanistan;19 jaar;2018;2401;1320;1081
9408;Totaal;Afghanistan;20 jaar;2003;10;6;4
9409;Totaal;Afghanistan;20 jaar;2004;23;15;8
9410;Totaal;Afghanistan;20 jaar;2005;17;8;9
9411;Totaal;Afghanistan;20 jaar;2006;33;22;11
9412;Totaal;Afghanistan;20 jaar;2007;80;53;27
9413;Totaal;Afghanistan;20 jaar;2008;23;15;8
9414;Totaal;Afghanistan;20 jaar;2009;21;11;10
9415;Totaal;Afghanistan;20 jaar;2010;42;29;13
9416;Totaal;Afghanistan;20 jaar;2011;194;98;96
9417;Totaal;Afghanistan;20 jaar;2012;92;46;46
9418;Totaal;Afghanistan;20 jaar;2013;164;98;66
9419;Totaal;Afghanistan;20 jaar;2014;616;307;309
9420;Totaal;Afghanistan;20 jaar;2015;821;439;382
9421;Totaal;Afghanistan;20 jaar;2016;1001;538;463
9422;Totaal;Afghanistan;20 jaar;2017;1876;1018;858
9423;Totaal;Afghanistan;20 jaar;2018;2328;1220;1108
9424;Totaal;Afghanistan;21 jaar;2003;4;4;0
9425;Totaal;Afghanistan;21 jaar;2004;10;6;4
9426;Totaal;Afghanistan;21 jaar;2005;23;15;8
9427;Totaal;Afghanistan;21 jaar;2006;17;8;9
9428;Totaal;Afghanistan;21 jaar;2007;29;20;9
9429;Totaal;Afghanistan;21 jaar;2008;77;51;26
9430;Totaal;Afghanistan;21 jaar;2009;23;15;8
9431;Totaal;Afghanistan;21 jaar;2010;21;11;10
9432;Totaal;Afghanistan;21 jaar;2011;41;28;13
9433;Totaal;Afghanistan;21 jaar;2012;190;98;92
9434;Totaal;Afghanistan;21 jaar;2013;90;45;45
9435;Totaal;Afghanistan;21 jaar;2014;161;96;65
9436;Totaal;Afghanistan;21 jaar;2015;605;301;304
9437;Totaal;Afghanistan;21 jaar;2016;809;432;377
9438;Totaal;Afghanistan;21 jaar;2017;973;519;454
9439;Totaal;Afghanistan;21 jaar;2018;1853;1001;852
9440;Totaal;Afghanistan;22 jaar;2003;5;5;0
9441;Totaal;Afghanistan;22 jaar;2004;4;4;0
9442;Totaal;Afghanistan;22 jaar;2005;10;6;4
9443;Totaal;Afghanistan;22 jaar;2006;22;14;8
9444;Totaal;Afghanistan;22 jaar;2007;17;8;9
9445;Totaal;Afghanistan;22 jaar;2008;29;20;9
9446;Totaal;Afghanistan;22 jaar;2009;74;49;25
9447;Totaal;Afghanistan;22 jaar;2010;22;14;8
9448;Totaal;Afghanistan;22 jaar;2011;21;11;10
9449;Totaal;Afghanistan;22 jaar;2012;41;28;13
9450;Totaal;Afghanistan;22 jaar;2013;188;97;91
9451;Totaal;Afghanistan;22 jaar;2014;88;43;45
9452;Totaal;Afghanistan;22 jaar;2015;154;92;62
9453;Totaal;Afghanistan;22 jaar;2016;597;297;300
9454;Totaal;Afghanistan;22 jaar;2017;799;426;373
9455;Totaal;Afghanistan;22 jaar;2018;953;506;447
9456;Totaal;Afghanistan;23 jaar;2003;1;1;0
9457;Totaal;Afghanistan;23 jaar;2004;5;5;0
9458;Totaal;Afghanistan;23 jaar;2005;4;4;0
9459;Totaal;Afghanistan;23 jaar;2006;10;6;4
9460;Totaal;Afghanistan;23 jaar;2007;22;14;8
9461;Totaal;Afghanistan;23 jaar;2008;17;8;9
9462;Totaal;Afghanistan;23 jaar;2009;29;20;9
9463;Totaal;Afghanistan;23 jaar;2010;73;48;25
9464;Totaal;Afghanistan;23 jaar;2011;22;14;8
9465;Totaal;Afghanistan;23 jaar;2012;20;11;9
9466;Totaal;Afghanistan;23 jaar;2013;41;28;13
9467;Totaal;Afghanistan;23 jaar;2014;183;95;88
9468;Totaal;Afghanistan;23 jaar;2015;86;42;44
9469;Totaal;Afghanistan;23 jaar;2016;152;91;61
9470;Totaal;Afghanistan;23 jaar;2017;592;295;297
9471;Totaal;Afghanistan;23 jaar;2018;792;423;369
9472;Totaal;Afghanistan;24 jaar;2003;7;4;3
9473;Totaal;Afghanistan;24 jaar;2004;1;1;0
9474;Totaal;Afghanistan;24 jaar;2005;5;5;0
9475;Totaal;Afghanistan;24 jaar;2006;4;4;0
9476;Totaal;Afghanistan;24 jaar;2007;10;6;4
9477;Totaal;Afghanistan;24 jaar;2008;22;14;8
9478;Totaal;Afghanistan;24 jaar;2009;17;8;9
9479;Totaal;Afghanistan;24 jaar;2010;30;21;9
9480;Totaal;Afghanistan;24 jaar;2011;73;48;25
9481;Totaal;Afghanistan;24 jaar;2012;21;13;8
9482;Totaal;Afghanistan;24 jaar;2013;20;11;9
9483;Totaal;Afghanistan;24 jaar;2014;41;28;13
9484;Totaal;Afghanistan;24 jaar;2015;180;93;87
9485;Totaal;Afghanistan;24 jaar;2016;85;41;44
9486;Totaal;Afghanistan;24 jaar;2017;152;91;61
9487;Totaal;Afghanistan;24 jaar;2018;581;288;293
9488;Totaal;Afghanistan;25 jaar;2003;7;5;2
9489;Totaal;Afghanistan;25 jaar;2004;5;3;2
9490;Totaal;Afghanistan;25 jaar;2005;1;1;0
9491;Totaal;Afghanistan;25 jaar;2006;5;5;0
9492;Totaal;Afghanistan;25 jaar;2007;4;4;0
9493;Totaal;Afghanistan;25 jaar;2008;10;6;4
9494;Totaal;Afghanistan;25 jaar;2009;22;14;8
9495;Totaal;Afghanistan;25 jaar;2010;16;7;9
9496;Totaal;Afghanistan;25 jaar;2011;28;19;9
9497;Totaal;Afghanistan;25 jaar;2012;72;47;25
9498;Totaal;Afghanistan;25 jaar;2013;21;13;8
9499;Totaal;Afghanistan;25 jaar;2014;19;11;8
9500;Totaal;Afghanistan;25 jaar;2015;41;28;13
9501;Totaal;Afghanistan;25 jaar;2016;176;91;85
9502;Totaal;Afghanistan;25 jaar;2017;84;40;44
9503;Totaal;Afghanistan;25 jaar;2018;151;91;60
9504;Totaal;Afghanistan;26 jaar;2003;2;1;1
9505;Totaal;Afghanistan;26 jaar;2004;7;5;2
9506;Totaal;Afghanistan;26 jaar;2005;5;3;2
9507;Totaal;Afghanistan;26 jaar;2006;1;1;0
9508;Totaal;Afghanistan;26 jaar;2007;5;5;0
9509;Totaal;Afghanistan;26 jaar;2008;4;4;0
9510;Totaal;Afghanistan;26 jaar;2009;10;6;4
9511;Totaal;Afghanistan;26 jaar;2010;21;13;8
9512;Totaal;Afghanistan;26 jaar;2011;16;7;9
9513;Totaal;Afghanistan;26 jaar;2012;27;18;9
9514;Totaal;Afghanistan;26 jaar;2013;71;46;25
9515;Totaal;Afghanistan;26 jaar;2014;21;13;8
9516;Totaal;Afghanistan;26 jaar;2015;18;10;8
9517;Totaal;Afghanistan;26 jaar;2016;41;28;13
9518;Totaal;Afghanistan;26 jaar;2017;174;91;83
9519;Totaal;Afghanistan;26 jaar;2018;84;40;44
9520;Totaal;Afghanistan;27 jaar;2003;1;1;0
9521;Totaal;Afghanistan;27 jaar;2004;2;1;1
9522;Totaal;Afghanistan;27 jaar;2005;7;5;2
9523;Totaal;Afghanistan;27 jaar;2006;5;3;2
9524;Totaal;Afghanistan;27 jaar;2007;1;1;0
9525;Totaal;Afghanistan;27 jaar;2008;5;5;0
9526;Totaal;Afghanistan;27 jaar;2009;4;4;0
9527;Totaal;Afghanistan;27 jaar;2010;11;7;4
9528;Totaal;Afghanistan;27 jaar;2011;19;12;7
9529;Totaal;Afghanistan;27 jaar;2012;16;7;9
9530;Totaal;Afghanistan;27 jaar;2013;26;18;8
9531;Totaal;Afghanistan;27 jaar;2014;68;44;24
9532;Totaal;Afghanistan;27 jaar;2015;21;13;8
9533;Totaal;Afghanistan;27 jaar;2016;18;10;8
9534;Totaal;Afghanistan;27 jaar;2017;41;28;13
9535;Totaal;Afghanistan;27 jaar;2018;170;89;81
9536;Totaal;Afghanistan;28 jaar;2003;3;3;0
9537;Totaal;Afghanistan;28 jaar;2004;1;1;0
9538;Totaal;Afghanistan;28 jaar;2005;2;1;1
9539;Totaal;Afghanistan;28 jaar;2006;7;5;2
9540;Totaal;Afghanistan;28 jaar;2007;5;3;2
9541;Totaal;Afghanistan;28 jaar;2008;1;1;0
9542;Totaal;Afghanistan;28 jaar;2009;4;4;0
9543;Totaal;Afghanistan;28 jaar;2010;4;4;0
9544;Totaal;Afghanistan;28 jaar;2011;11;7;4
9545;Totaal;Afghanistan;28 jaar;2012;19;12;7
9546;Totaal;Afghanistan;28 jaar;2013;16;7;9
9547;Totaal;Afghanistan;28 jaar;2014;22;16;6
9548;Totaal;Afghanistan;28 jaar;2015;67;43;24
9549;Totaal;Afghanistan;28 jaar;2016;21;13;8
9550;Totaal;Afghanistan;28 jaar;2017;18;10;8
9551;Totaal;Afghanistan;28 jaar;2018;41;28;13
9552;Totaal;Afghanistan;29 jaar;2003;0;0;0
9553;Totaal;Afghanistan;29 jaar;2004;3;3;0
9554;Totaal;Afghanistan;29 jaar;2005;1;1;0
9555;Totaal;Afghanistan;29 jaar;2006;2;1;1
9556;Totaal;Afghanistan;29 jaar;2007;6;4;2
9557;Totaal;Afghanistan;29 jaar;2008;4;2;2
9558;Totaal;Afghanistan;29 jaar;2009;1;1;0
9559;Totaal;Afghanistan;29 jaar;2010;4;4;0
9560;Totaal;Afghanistan;29 jaar;2011;3;3;0
9561;Totaal;Afghanistan;29 jaar;2012;11;7;4
9562;Totaal;Afghanistan;29 jaar;2013;19;12;7
9563;Totaal;Afghanistan;29 jaar;2014;15;6;9
9564;Totaal;Afghanistan;29 jaar;2015;22;16;6
9565;Totaal;Afghanistan;29 jaar;2016;65;41;24
9566;Totaal;Afghanistan;29 jaar;2017;21;13;8
9567;Totaal;Afghanistan;29 jaar;2018;18;10;8
9568;Totaal;Afghanistan;30 jaar;2003;0;0;0
9569;Totaal;Afghanistan;30 jaar;2004;0;0;0
9570;Totaal;Afghanistan;30 jaar;2005;3;3;0
9571;Totaal;Afghanistan;30 jaar;2006;1;1;0
9572;Totaal;Afghanistan;30 jaar;2007;2;1;1
9573;Totaal;Afghanistan;30 jaar;2008;6;4;2
9574;Totaal;Afghanistan;30 jaar;2009;4;2;2
9575;Totaal;Afghanistan;30 jaar;2010;1;1;0
9576;Totaal;Afghanistan;30 jaar;2011;4;4;0
9577;Totaal;Afghanistan;30 jaar;2012;3;3;0
9578;Totaal;Afghanistan;30 jaar;2013;10;6;4
9579;Totaal;Afghanistan;30 jaar;2014;17;10;7
9580;Totaal;Afghanistan;30 jaar;2015;15;6;9
9581;Totaal;Afghanistan;30 jaar;2016;22;16;6
9582;Totaal;Afghanistan;30 jaar;2017;65;41;24
9583;Totaal;Afghanistan;30 jaar;2018;21;13;8
9584;Totaal;Afghanistan;31 jaar;2003;0;0;0
9585;Totaal;Afghanistan;31 jaar;2004;0;0;0
9586;Totaal;Afghanistan;31 jaar;2005;0;0;0
9587;Totaal;Afghanistan;31 jaar;2006;3;3;0
9588;Totaal;Afghanistan;31 jaar;2007;1;1;0
9589;Totaal;Afghanistan;31 jaar;2008;2;1;1
9590;Totaal;Afghanistan;31 jaar;2009;6;4;2
9591;Totaal;Afghanistan;31 jaar;2010;4;2;2
9592;Totaal;Afghanistan;31 jaar;2011;0;0;0
9593;Totaal;Afghanistan;31 jaar;2012;4;4;0
9594;Totaal;Afghanistan;31 jaar;2013;3;3;0
9595;Totaal;Afghanistan;31 jaar;2014;10;6;4
9596;Totaal;Afghanistan;31 jaar;2015;15;9;6
9597;Totaal;Afghanistan;31 jaar;2016;15;6;9
9598;Totaal;Afghanistan;31 jaar;2017;22;16;6
9599;Totaal;Afghanistan;31 jaar;2018;66;42;24
9600;Totaal;Afghanistan;32 jaar;2003;0;0;0
9601;Totaal;Afghanistan;32 jaar;2004;0;0;0
9602;Totaal;Afghanistan;32 jaar;2005;0;0;0
9603;Totaal;Afghanistan;32 jaar;2006;0;0;0
9604;Totaal;Afghanistan;32 jaar;2007;3;3;0
9605;Totaal;Afghanistan;32 jaar;2008;1;1;0
9606;Totaal;Afghanistan;32 jaar;2009;2;1;1
9607;Totaal;Afghanistan;32 jaar;2010;6;4;2
9608;Totaal;Afghanistan;32 jaar;2011;4;2;2
9609;Totaal;Afghanistan;32 jaar;2012;0;0;0
9610;Totaal;Afghanistan;32 jaar;2013;4;4;0
9611;Totaal;Afghanistan;32 jaar;2014;2;2;0
9612;Totaal;Afghanistan;32 jaar;2015;10;6;4
9613;Totaal;Afghanistan;32 jaar;2016;15;9;6
9614;Totaal;Afghanistan;32 jaar;2017;15;6;9
9615;Totaal;Afghanistan;32 jaar;2018;22;16;6
9616;Totaal;Afghanistan;33 jaar;2003;0;0;0
9617;Totaal;Afghanistan;33 jaar;2004;0;0;0
9618;Totaal;Afghanistan;33 jaar;2005;0;0;0
9619;Totaal;Afghanistan;33 jaar;2006;0;0;0
9620;Totaal;Afghanistan;33 jaar;2007;0;0;0
9621;Totaal;Afghanistan;33 jaar;2008;3;3;0
9622;Totaal;Afghanistan;33 jaar;2009;1;1;0
9623;Totaal;Afghanistan;33 jaar;2010;2;1;1
9624;Totaal;Afghanistan;33 jaar;2011;4;2;2
9625;Totaal;Afghanistan;33 jaar;2012;5;2;3
9626;Totaal;Afghanistan;33 jaar;2013;0;0;0
9627;Totaal;Afghanistan;33 jaar;2014;4;4;0
9628;Totaal;Afghanistan;33 jaar;2015;2;2;0
9629;Totaal;Afghanistan;33 jaar;2016;9;5;4
9630;Totaal;Afghanistan;33 jaar;2017;15;9;6
9631;Totaal;Afghanistan;33 jaar;2018;15;6;9
9632;Totaal;Afghanistan;34 jaar;2003;1;1;0
9633;Totaal;Afghanistan;34 jaar;2004;0;0;0
9634;Totaal;Afghanistan;34 jaar;2005;0;0;0
9635;Totaal;Afghanistan;34 jaar;2006;0;0;0
9636;Totaal;Afghanistan;34 jaar;2007;0;0;0
9637;Totaal;Afghanistan;34 jaar;2008;0;0;0
9638;Totaal;Afghanistan;34 jaar;2009;3;3;0
9639;Totaal;Afghanistan;34 jaar;2010;1;1;0
9640;Totaal;Afghanistan;34 jaar;2011;2;1;1
9641;Totaal;Afghanistan;34 jaar;2012;4;2;2
9642;Totaal;Afghanistan;34 jaar;2013;5;2;3
9643;Totaal;Afghanistan;34 jaar;2014;0;0;0
9644;Totaal;Afghanistan;34 jaar;2015;4;4;0
9645;Totaal;Afghanistan;34 jaar;2016;2;2;0
9646;Totaal;Afghanistan;34 jaar;2017;9;5;4
9647;Totaal;Afghanistan;34 jaar;2018;15;9;6
9648;Totaal;Afghanistan;35 jaar;2003;0;0;0
9649;Totaal;Afghanistan;35 jaar;2004;1;1;0
9650;Totaal;Afghanistan;35 jaar;2005;0;0;0
9651;Totaal;Afghanistan;35 jaar;2006;0;0;0
9652;Totaal;Afghanistan;35 jaar;2007;0;0;0
9653;Totaal;Afghanistan;35 jaar;2008;0;0;0
9654;Totaal;Afghanistan;35 jaar;2009;0;0;0
9655;Totaal;Afghanistan;35 jaar;2010;3;3;0
9656;Totaal;Afghanistan;35 jaar;2011;1;1;0
9657;Totaal;Afghanistan;35 jaar;2012;2;1;1
9658;Totaal;Afghanistan;35 jaar;2013;4;2;2
9659;Totaal;Afghanistan;35 jaar;2014;4;1;3
9660;Totaal;Afghanistan;35 jaar;2015;0;0;0
9661;Totaal;Afghanistan;35 jaar;2016;4;4;0
9662;Totaal;Afghanistan;35 jaar;2017;2;2;0
9663;Totaal;Afghanistan;35 jaar;2018;9;5;4
9664;Totaal;Afghanistan;36 jaar;2003;0;0;0
9665;Totaal;Afghanistan;36 jaar;2004;0;0;0
9666;Totaal;Afghanistan;36 jaar;2005;1;1;0
9667;Totaal;Afghanistan;36 jaar;2006;0;0;0
9668;Totaal;Afghanistan;36 jaar;2007;0;0;0
9669;Totaal;Afghanistan;36 jaar;2008;0;0;0
9670;Totaal;Afghanistan;36 jaar;2009;0;0;0
9671;Totaal;Afghanistan;36 jaar;2010;0;0;0
9672;Totaal;Afghanistan;36 jaar;2011;3;3;0
9673;Totaal;Afghanistan;36 jaar;2012;1;1;0
9674;Totaal;Afghanistan;36 jaar;2013;2;1;1
9675;Totaal;Afghanistan;36 jaar;2014;4;2;2
9676;Totaal;Afghanistan;36 jaar;2015;4;1;3
9677;Totaal;Afghanistan;36 jaar;2016;0;0;0
9678;Totaal;Afghanistan;36 jaar;2017;4;4;0
9679;Totaal;Afghanistan;36 jaar;2018;2;2;0
9680;Totaal;Afghanistan;37 jaar;2003;0;0;0
9681;Totaal;Afghanistan;37 jaar;2004;0;0;0
9682;Totaal;Afghanistan;37 jaar;2005;0;0;0
9683;Totaal;Afghanistan;37 jaar;2006;1;1;0
9684;Totaal;Afghanistan;37 jaar;2007;0;0;0
9685;Totaal;Afghanistan;37 jaar;2008;0;0;0
9686;Totaal;Afghanistan;37 jaar;2009;0;0;0
9687;Totaal;Afghanistan;37 jaar;2010;0;0;0
9688;Totaal;Afghanistan;37 jaar;2011;0;0;0
9689;Totaal;Afghanistan;37 jaar;2012;3;3;0
9690;Totaal;Afghanistan;37 jaar;2013;1;1;0
9691;Totaal;Afghanistan;37 jaar;2014;2;1;1
9692;Totaal;Afghanistan;37 jaar;2015;4;2;2
9693;Totaal;Afghanistan;37 jaar;2016;4;1;3
9694;Totaal;Afghanistan;37 jaar;2017;0;0;0
9695;Totaal;Afghanistan;37 jaar;2018;4;4;0
9696;Totaal;Afghanistan;38 jaar;2003;0;0;0
9697;Totaal;Afghanistan;38 jaar;2004;0;0;0
9698;Totaal;Afghanistan;38 jaar;2005;0;0;0
9699;Totaal;Afghanistan;38 jaar;2006;0;0;0
9700;Totaal;Afghanistan;38 jaar;2007;1;1;0
9701;Totaal;Afghanistan;38 jaar;2008;0;0;0
9702;Totaal;Afghanistan;38 jaar;2009;0;0;0
9703;Totaal;Afghanistan;38 jaar;2010;0;0;0
9704;Totaal;Afghanistan;38 jaar;2011;0;0;0
9705;Totaal;Afghanistan;38 jaar;2012;0;0;0
9706;Totaal;Afghanistan;38 jaar;2013;3;3;0
9707;Totaal;Afghanistan;38 jaar;2014;1;1;0
9708;Totaal;Afghanistan;38 jaar;2015;2;1;1
9709;Totaal;Afghanistan;38 jaar;2016;4;2;2
9710;Totaal;Afghanistan;38 jaar;2017;4;1;3
9711;Totaal;Afghanistan;38 jaar;2018;0;0;0
9712;Totaal;Afghanistan;39 jaar;2003;0;0;0
9713;Totaal;Afghanistan;39 jaar;2004;0;0;0
9714;Totaal;Afghanistan;39 jaar;2005;0;0;0
9715;Totaal;Afghanistan;39 jaar;2006;0;0;0
9716;Totaal;Afghanistan;39 jaar;2007;0;0;0
9717;Totaal;Afghanistan;39 jaar;2008;1;1;0
9718;Totaal;Afghanistan;39 jaar;2009;0;0;0
9719;Totaal;Afghanistan;39 jaar;2010;0;0;0
9720;Totaal;Afghanistan;39 jaar;2011;0;0;0
9721;Totaal;Afghanistan;39 jaar;2012;0;0;0
9722;Totaal;Afghanistan;39 jaar;2013;0;0;0
9723;Totaal;Afghanistan;39 jaar;2014;3;3;0
9724;Totaal;Afghanistan;39 jaar;2015;1;1;0
9725;Totaal;Afghanistan;39 jaar;2016;2;1;1
9726;Totaal;Afghanistan;39 jaar;2017;4;2;2
9727;Totaal;Afghanistan;39 jaar;2018;4;1;3
9728;Totaal;Afghanistan;40 jaar;2003;1;1;0
9729;Totaal;Afghanistan;40 jaar;2004;0;0;0
9730;Totaal;Afghanistan;40 jaar;2005;0;0;0
9731;Totaal;Afghanistan;40 jaar;2006;0;0;0
9732;Totaal;Afghanistan;40 jaar;2007;0;0;0
9733;Totaal;Afghanistan;40 jaar;2008;0;0;0
9734;Totaal;Afghanistan;40 jaar;2009;1;1;0
9735;Totaal;Afghanistan;40 jaar;2010;0;0;0
9736;Totaal;Afghanistan;40 jaar;2011;0;0;0
9737;Totaal;Afghanistan;40 jaar;2012;0;0;0
9738;Totaal;Afghanistan;40 jaar;2013;0;0;0
9739;Totaal;Afghanistan;40 jaar;2014;0;0;0
9740;Totaal;Afghanistan;40 jaar;2015;3;3;0
9741;Totaal;Afghanistan;40 jaar;2016;1;1;0
9742;Totaal;Afghanistan;40 jaar;2017;2;1;1
9743;Totaal;Afghanistan;40 jaar;2018;4;2;2
9744;Totaal;Afghanistan;41 jaar;2003;0;0;0
9745;Totaal;Afghanistan;41 jaar;2004;1;1;0
9746;Totaal;Afghanistan;41 jaar;2005;0;0;0
9747;Totaal;Afghanistan;41 jaar;2006;0;0;0
9748;Totaal;Afghanistan;41 jaar;2007;0;0;0
9749;Totaal;Afghanistan;41 jaar;2008;0;0;0
9750;Totaal;Afghanistan;41 jaar;2009;0;0;0
9751;Totaal;Afghanistan;41 jaar;2010;1;1;0
9752;Totaal;Afghanistan;41 jaar;2011;0;0;0
9753;Totaal;Afghanistan;41 jaar;2012;0;0;0
9754;Totaal;Afghanistan;41 jaar;2013;0;0;0
9755;Totaal;Afghanistan;41 jaar;2014;0;0;0
9756;Totaal;Afghanistan;41 jaar;2015;0;0;0
9757;Totaal;Afghanistan;41 jaar;2016;3;3;0
9758;Totaal;Afghanistan;41 jaar;2017;1;1;0
9759;Totaal;Afghanistan;41 jaar;2018;2;1;1
9760;Totaal;Afghanistan;42 jaar;2003;0;0;0
9761;Totaal;Afghanistan;42 jaar;2004;1;0;1
9762;Totaal;Afghanistan;42 jaar;2005;1;1;0
9763;Totaal;Afghanistan;42 jaar;2006;0;0;0
9764;Totaal;Afghanistan;42 jaar;2007;0;0;0
9765;Totaal;Afghanistan;42 jaar;2008;0;0;0
9766;Totaal;Afghanistan;42 jaar;2009;0;0;0
9767;Totaal;Afghanistan;42 jaar;2010;0;0;0
9768;Totaal;Afghanistan;42 jaar;2011;1;1;0
9769;Totaal;Afghanistan;42 jaar;2012;0;0;0
9770;Totaal;Afghanistan;42 jaar;2013;0;0;0
9771;Totaal;Afghanistan;42 jaar;2014;0;0;0
9772;Totaal;Afghanistan;42 jaar;2015;0;0;0
9773;Totaal;Afghanistan;42 jaar;2016;0;0;0
9774;Totaal;Afghanistan;42 jaar;2017;3;3;0
9775;Totaal;Afghanistan;42 jaar;2018;1;1;0
9776;Totaal;Afghanistan;43 jaar;2003;0;0;0
9777;Totaal;Afghanistan;43 jaar;2004;0;0;0
9778;Totaal;Afghanistan;43 jaar;2005;0;0;0
9779;Totaal;Afghanistan;43 jaar;2006;1;1;0
9780;Totaal;Afghanistan;43 jaar;2007;0;0;0
9781;Totaal;Afghanistan;43 jaar;2008;0;0;0
9782;Totaal;Afghanistan;43 jaar;2009;0;0;0
9783;Totaal;Afghanistan;43 jaar;2010;0;0;0
9784;Totaal;Afghanistan;43 jaar;2011;0;0;0
9785;Totaal;Afghanistan;43 jaar;2012;1;1;0
9786;Totaal;Afghanistan;43 jaar;2013;0;0;0
9787;Totaal;Afghanistan;43 jaar;2014;0;0;0
9788;Totaal;Afghanistan;43 jaar;2015;0;0;0
9789;Totaal;Afghanistan;43 jaar;2016;0;0;0
9790;Totaal;Afghanistan;43 jaar;2017;0;0;0
9791;Totaal;Afghanistan;43 jaar;2018;3;3;0
9792;Totaal;Afghanistan;44 jaar;2003;0;0;0
9793;Totaal;Afghanistan;44 jaar;2004;0;0;0
9794;Totaal;Afghanistan;44 jaar;2005;0;0;0
9795;Totaal;Afghanistan;44 jaar;2006;0;0;0
9796;Totaal;Afghanistan;44 jaar;2007;1;1;0
9797;Totaal;Afghanistan;44 jaar;2008;0;0;0
9798;Totaal;Afghanistan;44 jaar;2009;0;0;0
9799;Totaal;Afghanistan;44 jaar;2010;0;0;0
9800;Totaal;Afghanistan;44 jaar;2011;0;0;0
9801;Totaal;Afghanistan;44 jaar;2012;0;0;0
9802;Totaal;Afghanistan;44 jaar;2013;1;1;0
9803;Totaal;Afghanistan;44 jaar;2014;0;0;0
9804;Totaal;Afghanistan;44 jaar;2015;0;0;0
9805;Totaal;Afghanistan;44 jaar;2016;0;0;0
9806;Totaal;Afghanistan;44 jaar;2017;0;0;0
9807;Totaal;Afghanistan;44 jaar;2018;0;0;0
9808;Totaal;Afghanistan;45 jaar;2003;0;0;0
9809;Totaal;Afghanistan;45 jaar;2004;0;0;0
9810;Totaal;Afghanistan;45 jaar;2005;0;0;0
9811;Totaal;Afghanistan;45 jaar;2006;0;0;0
9812;Totaal;Afghanistan;45 jaar;2007;0;0;0
9813;Totaal;Afghanistan;45 jaar;2008;1;1;0
9814;Totaal;Afghanistan;45 jaar;2009;0;0;0
9815;Totaal;Afghanistan;45 jaar;2010;0;0;0
9816;Totaal;Afghanistan;45 jaar;2011;0;0;0
9817;Totaal;Afghanistan;45 jaar;2012;0;0;0
9818;Totaal;Afghanistan;45 jaar;2013;0;0;0
9819;Totaal;Afghanistan;45 jaar;2014;1;1;0
9820;Totaal;Afghanistan;45 jaar;2015;0;0;0
9821;Totaal;Afghanistan;45 jaar;2016;0;0;0
9822;Totaal;Afghanistan;45 jaar;2017;0;0;0
9823;Totaal;Afghanistan;45 jaar;2018;0;0;0
9824;Totaal;Afghanistan;46 jaar;2003;0;0;0
9825;Totaal;Afghanistan;46 jaar;2004;0;0;0
9826;Totaal;Afghanistan;46 jaar;2005;0;0;0
9827;Totaal;Afghanistan;46 jaar;2006;0;0;0
9828;Totaal;Afghanistan;46 jaar;2007;0;0;0
9829;Totaal;Afghanistan;46 jaar;2008;0;0;0
9830;Totaal;Afghanistan;46 jaar;2009;1;1;0
9831;Totaal;Afghanistan;46 jaar;2010;0;0;0
9832;Totaal;Afghanistan;46 jaar;2011;0;0;0
9833;Totaal;Afghanistan;46 jaar;2012;0;0;0
9834;Totaal;Afghanistan;46 jaar;2013;0;0;0
9835;Totaal;Afghanistan;46 jaar;2014;0;0;0
9836;Totaal;Afghanistan;46 jaar;2015;1;1;0
9837;Totaal;Afghanistan;46 jaar;2016;0;0;0
9838;Totaal;Afghanistan;46 jaar;2017;0;0;0
9839;Totaal;Afghanistan;46 jaar;2018;0;0;0
9840;Totaal;Afghanistan;47 jaar;2003;0;0;0
9841;Totaal;Afghanistan;47 jaar;2004;0;0;0
9842;Totaal;Afghanistan;47 jaar;2005;0;0;0
9843;Totaal;Afghanistan;47 jaar;2006;0;0;0
9844;Totaal;Afghanistan;47 jaar;2007;0;0;0
9845;Totaal;Afghanistan;47 jaar;2008;0;0;0
9846;Totaal;Afghanistan;47 jaar;2009;0;0;0
9847;Totaal;Afghanistan;47 jaar;2010;1;1;0
9848;Totaal;Afghanistan;47 jaar;2011;0;0;0
9849;Totaal;Afghanistan;47 jaar;2012;0;0;0
9850;Totaal;Afghanistan;47 jaar;2013;0;0;0
9851;Totaal;Afghanistan;47 jaar;2014;0;0;0
9852;Totaal;Afghanistan;47 jaar;2015;0;0;0
9853;Totaal;Afghanistan;47 jaar;2016;1;1;0
9854;Totaal;Afghanistan;47 jaar;2017;0;0;0
9855;Totaal;Afghanistan;47 jaar;2018;0;0;0
9856;Totaal;Afghanistan;48 jaar;2003;0;0;0
9857;Totaal;Afghanistan;48 jaar;2004;0;0;0
9858;Totaal;Afghanistan;48 jaar;2005;0;0;0
9859;Totaal;Afghanistan;48 jaar;2006;0;0;0
9860;Totaal;Afghanistan;48 jaar;2007;0;0;0
9861;Totaal;Afghanistan;48 jaar;2008;0;0;0
9862;Totaal;Afghanistan;48 jaar;2009;0;0;0
9863;Totaal;Afghanistan;48 jaar;2010;0;0;0
9864;Totaal;Afghanistan;48 jaar;2011;1;1;0
9865;Totaal;Afghanistan;48 jaar;2012;0;0;0
9866;Totaal;Afghanistan;48 jaar;2013;0;0;0
9867;Totaal;Afghanistan;48 jaar;2014;0;0;0
9868;Totaal;Afghanistan;48 jaar;2015;0;0;0
9869;Totaal;Afghanistan;48 jaar;2016;0;0;0
9870;Totaal;Afghanistan;48 jaar;2017;1;1;0
9871;Totaal;Afghanistan;48 jaar;2018;0;0;0
9872;Totaal;Afghanistan;49 jaar;2003;0;0;0
9873;Totaal;Afghanistan;49 jaar;2004;0;0;0
9874;Totaal;Afghanistan;49 jaar;2005;0;0;0
9875;Totaal;Afghanistan;49 jaar;2006;0;0;0
9876;Totaal;Afghanistan;49 jaar;2007;0;0;0
9877;Totaal;Afghanistan;49 jaar;2008;0;0;0
9878;Totaal;Afghanistan;49 jaar;2009;0;0;0
9879;Totaal;Afghanistan;49 jaar;2010;0;0;0
9880;Totaal;Afghanistan;49 jaar;2011;0;0;0
9881;Totaal;Afghanistan;49 jaar;2012;1;1;0
9882;Totaal;Afghanistan;49 jaar;2013;0;0;0
9883;Totaal;Afghanistan;49 jaar;2014;0;0;0
9884;Totaal;Afghanistan;49 jaar;2015;0;0;0
9885;Totaal;Afghanistan;49 jaar;2016;0;0;0
9886;Totaal;Afghanistan;49 jaar;2017;0;0;0
9887;Totaal;Afghanistan;49 jaar;2018;1;1;0
9888;Totaal;Afghanistan;50 jaar;2003;0;0;0
9889;Totaal;Afghanistan;50 jaar;2004;0;0;0
9890;Totaal;Afghanistan;50 jaar;2005;0;0;0
9891;Totaal;Afghanistan;50 jaar;2006;0;0;0
9892;Totaal;Afghanistan;50 jaar;2007;0;0;0
9893;Totaal;Afghanistan;50 jaar;2008;0;0;0
9894;Totaal;Afghanistan;50 jaar;2009;0;0;0
9895;Totaal;Afghanistan;50 jaar;2010;0;0;0
9896;Totaal;Afghanistan;50 jaar;2011;0;0;0
9897;Totaal;Afghanistan;50 jaar;2012;0;0;0
9898;Totaal;Afghanistan;50 jaar;2013;1;1;0
9899;Totaal;Afghanistan;50 jaar;2014;0;0;0
9900;Totaal;Afghanistan;50 jaar;2015;0;0;0
9901;Totaal;Afghanistan;50 jaar;2016;0;0;0
9902;Totaal;Afghanistan;50 jaar;2017;0;0;0
9903;Totaal;Afghanistan;50 jaar;2018;0;0;0
9904;Totaal;Afghanistan;51 jaar;2003;0;0;0
9905;Totaal;Afghanistan;51 jaar;2004;0;0;0
9906;Totaal;Afghanistan;51 jaar;2005;0;0;0
9907;Totaal;Afghanistan;51 jaar;2006;0;0;0
9908;Totaal;Afghanistan;51 jaar;2007;0;0;0
9909;Totaal;Afghanistan;51 jaar;2008;0;0;0
9910;Totaal;Afghanistan;51 jaar;2009;0;0;0
9911;Totaal;Afghanistan;51 jaar;2010;0;0;0
9912;Totaal;Afghanistan;51 jaar;2011;0;0;0
9913;Totaal;Afghanistan;51 jaar;2012;0;0;0
9914;Totaal;Afghanistan;51 jaar;2013;0;0;0
9915;Totaal;Afghanistan;51 jaar;2014;1;1;0
9916;Totaal;Afghanistan;51 jaar;2015;0;0;0
9917;Totaal;Afghanistan;51 jaar;2016;0;0;0
9918;Totaal;Afghanistan;51 jaar;2017;0;0;0
9919;Totaal;Afghanistan;51 jaar;2018;0;0;0
9920;Totaal;Afghanistan;52 jaar;2003;0;0;0
9921;Totaal;Afghanistan;52 jaar;2004;0;0;0
9922;Totaal;Afghanistan;52 jaar;2005;0;0;0
9923;Totaal;Afghanistan;52 jaar;2006;0;0;0
9924;Totaal;Afghanistan;52 jaar;2007;0;0;0
9925;Totaal;Afghanistan;52 jaar;2008;0;0;0
9926;Totaal;Afghanistan;52 jaar;2009;0;0;0
9927;Totaal;Afghanistan;52 jaar;2010;0;0;0
9928;Totaal;Afghanistan;52 jaar;2011;0;0;0
9929;Totaal;Afghanistan;52 jaar;2012;0;0;0
9930;Totaal;Afghanistan;52 jaar;2013;0;0;0
9931;Totaal;Afghanistan;52 jaar;2014;0;0;0
9932;Totaal;Afghanistan;52 jaar;2015;1;1;0
9933;Totaal;Afghanistan;52 jaar;2016;0;0;0
9934;Totaal;Afghanistan;52 jaar;2017;0;0;0
9935;Totaal;Afghanistan;52 jaar;2018;0;0;0
9936;Totaal;Afghanistan;53 jaar;2003;0;0;0
9937;Totaal;Afghanistan;53 jaar;2004;0;0;0
9938;Totaal;Afghanistan;53 jaar;2005;0;0;0
9939;Totaal;Afghanistan;53 jaar;2006;0;0;0
9940;Totaal;Afghanistan;53 jaar;2007;0;0;0
9941;Totaal;Afghanistan;53 jaar;2008;0;0;0
9942;Totaal;Afghanistan;53 jaar;2009;0;0;0
9943;Totaal;Afghanistan;53 jaar;2010;0;0;0
9944;Totaal;Afghanistan;53 jaar;2011;0;0;0
9945;Totaal;Afghanistan;53 jaar;2012;0;0;0
9946;Totaal;Afghanistan;53 jaar;2013;0;0;0
9947;Totaal;Afghanistan;53 jaar;2014;0;0;0
9948;Totaal;Afghanistan;53 jaar;2015;0;0;0
9949;Totaal;Afghanistan;53 jaar;2016;1;1;0
9950;Totaal;Afghanistan;53 jaar;2017;0;0;0
9951;Totaal;Afghanistan;53 jaar;2018;0;0;0
9952;Totaal;Afghanistan;54 jaar;2003;0;0;0
9953;Totaal;Afghanistan;54 jaar;2004;0;0;0
9954;Totaal;Afghanistan;54 jaar;2005;0;0;0
9955;Totaal;Afghanistan;54 jaar;2006;0;0;0
9956;Totaal;Afghanistan;54 jaar;2007;0;0;0
9957;Totaal;Afghanistan;54 jaar;2008;0;0;0
9958;Totaal;Afghanistan;54 jaar;2009;0;0;0
9959;Totaal;Afghanistan;54 jaar;2010;0;0;0
9960;Totaal;Afghanistan;54 jaar;2011;0;0;0
9961;Totaal;Afghanistan;54 jaar;2012;0;0;0
9962;Totaal;Afghanistan;54 jaar;2013;0;0;0
9963;Totaal;Afghanistan;54 jaar;2014;0;0;0
9964;Totaal;Afghanistan;54 jaar;2015;0;0;0
9965;Totaal;Afghanistan;54 jaar;2016;0;0;0
9966;Totaal;Afghanistan;54 jaar;2017;1;1;0
9967;Totaal;Afghanistan;54 jaar;2018;0;0;0
9968;Totaal;Afghanistan;55 jaar;2003;0;0;0
9969;Totaal;Afghanistan;55 jaar;2004;0;0;0
9970;Totaal;Afghanistan;55 jaar;2005;0;0;0
9971;Totaal;Afghanistan;55 jaar;2006;0;0;0
9972;Totaal;Afghanistan;55 jaar;2007;0;0;0
9973;Totaal;Afghanistan;55 jaar;2008;0;0;0
9974;Totaal;Afghanistan;55 jaar;2009;0;0;0
9975;Totaal;Afghanistan;55 jaar;2010;0;0;0
9976;Totaal;Afghanistan;55 jaar;2011;0;0;0
9977;Totaal;Afghanistan;55 jaar;2012;0;0;0
9978;Totaal;Afghanistan;55 jaar;2013;0;0;0
9979;Totaal;Afghanistan;55 jaar;2014;0;0;0
9980;Totaal;Afghanistan;55 jaar;2015;0;0;0
9981;Totaal;Afghanistan;55 jaar;2016;0;0;0
9982;Totaal;Afghanistan;55 jaar;2017;0;0;0
9983;Totaal;Afghanistan;55 jaar;2018;1;1;0
9984;Totaal;Afghanistan;56 jaar;2003;0;0;0
9985;Totaal;Afghanistan;56 jaar;2004;0;0;0
9986;Totaal;Afghanistan;56 jaar;2005;0;0;0
9987;Totaal;Afghanistan;56 jaar;2006;0;0;0
9988;Totaal;Afghanistan;56 jaar;2007;0;0;0
9989;Totaal;Afghanistan;56 jaar;2008;0;0;0
9990;Totaal;Afghanistan;56 jaar;2009;0;0;0
9991;Totaal;Afghanistan;56 jaar;2010;0;0;0
9992;Totaal;Afghanistan;56 jaar;2011;0;0;0
9993;Totaal;Afghanistan;56 jaar;2012;0;0;0
9994;Totaal;Afghanistan;56 jaar;2013;0;0;0
9995;Totaal;Afghanistan;56 jaar;2014;0;0;0
9996;Totaal;Afghanistan;56 jaar;2015;0;0;0
9997;Totaal;Afghanistan;56 jaar;2016;0;0;0
9998;Totaal;Afghanistan;56 jaar;2017;0;0;0
9999;Totaal;Afghanistan;56 jaar;2018;0;0;0
