ID;Geslacht;Leeftijd;Migratieachtergrond;Perioden;k_1eEn2eGeneratieMigratieachtergrond_1;k_1eGeneratieMigratieachtergrond_2;k_2eGeneratieMigratieachtergrond_3
0;Totaal mannen en vrouwen;Totaal;Met migratieachtergrond;1972;1225160;566906;658254
1;Totaal mannen en vrouwen;Totaal;Met migratieachtergrond;1973;1260756;586653;674103
2;Totaal mannen en vrouwen;Totaal;Met migratieachtergrond;1974;1298713;610449;688264
3;Totaal mannen en vrouwen;Totaal;Met migratieachtergrond;1975;1347683;644947;702736
4;Totaal mannen en vrouwen;Totaal;Met migratieachtergrond;1976;1430037;712375;717662
5;Totaal mannen en vrouwen;Totaal;Met migratieachtergrond;1977;1464859;731201;733658
6;Totaal mannen en vrouwen;Totaal;Met migratieachtergrond;1978;1503697;752795;750902
7;Totaal mannen en vrouwen;Totaal;Met migratieachtergrond;1979;1551909;782129;769780
8;Totaal mannen en vrouwen;Totaal;Met migratieachtergrond;1980;1617219;827361;789858
9;Totaal mannen en vrouwen;Totaal;Met migratieachtergrond;1981;1693263;880766;812497
10;Totaal mannen en vrouwen;Totaal;Met migratieachtergrond;1982;1735813;900331;835482
11;Totaal mannen en vrouwen;Totaal;Met migratieachtergrond;1983;1764370;906987;857383
12;Totaal mannen en vrouwen;Totaal;Met migratieachtergrond;1984;1790662;910445;880217
13;Totaal mannen en vrouwen;Totaal;Met migratieachtergrond;1985;1819531;916130;903401
14;Totaal mannen en vrouwen;Totaal;Met migratieachtergrond;1986;1862401;935018;927383
15;Totaal mannen en vrouwen;Totaal;Met migratieachtergrond;1987;1912107;959637;952470
16;Totaal mannen en vrouwen;Totaal;Met migratieachtergrond;1988;1971945;994217;977728
17;Totaal mannen en vrouwen;Totaal;Met migratieachtergrond;1989;2028121;1023771;1004350
18;Totaal mannen en vrouwen;Totaal;Met migratieachtergrond;1990;2086924;1054181;1032743
19;Totaal mannen en vrouwen;Totaal;Met migratieachtergrond;1991;2165850;1103342;1062508
20;Totaal mannen en vrouwen;Totaal;Met migratieachtergrond;1992;2245481;1152730;1092751
21;Totaal mannen en vrouwen;Totaal;Met migratieachtergrond;1993;2319046;1195786;1123260
22;Totaal mannen en vrouwen;Totaal;Met migratieachtergrond;1994;2394634;1240892;1153742
23;Totaal mannen en vrouwen;Totaal;Met migratieachtergrond;1995;2449184;1264400;1184784
24;Totaal mannen en vrouwen;Totaal;Met migratieachtergrond;1996;2498715;1284106;1214609
25;Totaal mannen en vrouwen;Totaal;Met migratieachtergrond;1997;2554289;1310705;1243584
26;Totaal mannen en vrouwen;Totaal;Met migratieachtergrond;1998;2620400;1345719;1274681
27;Totaal mannen en vrouwen;Totaal;Met migratieachtergrond;1999;2699234;1390141;1309093
28;Totaal mannen en vrouwen;Totaal;Met migratieachtergrond;2000;2775302;1431122;1344180
29;Totaal mannen en vrouwen;Totaal;Met migratieachtergrond;2001;2870224;1488960;1381264
30;Totaal mannen en vrouwen;Totaal;Met migratieachtergrond;2002;2964949;1547079;1417870
31;Totaal mannen en vrouwen;Totaal;Met migratieachtergrond;2003;3038758;1585927;1452831
32;Totaal mannen en vrouwen;Totaal;Met migratieachtergrond;2004;3088152;1602730;1485422
33;Totaal mannen en vrouwen;Totaal;Met migratieachtergrond;2005;3122717;1606664;1516053
34;Totaal mannen en vrouwen;Totaal;Met migratieachtergrond;2006;3147615;1604259;1543356
35;Totaal mannen en vrouwen;Totaal;Met migratieachtergrond;2007;3170406;1601194;1569212
36;Totaal mannen en vrouwen;Totaal;Met migratieachtergrond;2008;3215416;1619314;1596102
37;Totaal mannen en vrouwen;Totaal;Met migratieachtergrond;2009;3287706;1661505;1626201
38;Totaal mannen en vrouwen;Totaal;Met migratieachtergrond;2010;3359603;1699751;1659852
39;Totaal mannen en vrouwen;Totaal;Met migratieachtergrond;2011;3427019;1735217;1691802
40;Totaal mannen en vrouwen;Totaal;Met migratieachtergrond;2012;3494193;1772204;1721989
41;Totaal mannen en vrouwen;Totaal;Met migratieachtergrond;2013;3543081;1793189;1749892
42;Totaal mannen en vrouwen;Totaal;Met migratieachtergrond;2014;3594744;1818497;1776247
43;Totaal mannen en vrouwen;Totaal;Met migratieachtergrond;2015;3665321;1860977;1804344
44;Totaal mannen en vrouwen;Totaal;Met migratieachtergrond;2016;3752291;1920877;1831414
45;Totaal mannen en vrouwen;Totaal;Met migratieachtergrond;2017;3862753;2001175;1861578
46;Totaal mannen en vrouwen;Totaal;Met migratieachtergrond;2018;3971859;2079329;1892530
47;Totaal mannen en vrouwen;Totaal;Met migratieachtergrond;2019;4086138;2161684;1924454
48;Totaal mannen en vrouwen;Totaal;Met migratieachtergrond;2020;4220705;2262256;1958449
49;Totaal mannen en vrouwen;Totaal;Met migratieachtergrond;2021;4305908;2312921;1992987
50;Totaal mannen en vrouwen;Totaal;Met migratieachtergrond;2022;4438900;2412344;2026556
51;Totaal mannen en vrouwen;Totaal;Westerse migratieachtergrond;1972;1062840;438803;624037
52;Totaal mannen en vrouwen;Totaal;Westerse migratieachtergrond;1973;1076380;440900;635480
53;Totaal mannen en vrouwen;Totaal;Westerse migratieachtergrond;1974;1085886;440844;645042
54;Totaal mannen en vrouwen;Totaal;Westerse migratieachtergrond;1975;1096870;442865;654005
55;Totaal mannen en vrouwen;Totaal;Westerse migratieachtergrond;1976;1109313;446897;662416
56;Totaal mannen en vrouwen;Totaal;Westerse migratieachtergrond;1977;1116336;445513;670823
57;Totaal mannen en vrouwen;Totaal;Westerse migratieachtergrond;1978;1124238;445076;679162
58;Totaal mannen en vrouwen;Totaal;Westerse migratieachtergrond;1979;1132860;444991;687869
59;Totaal mannen en vrouwen;Totaal;Westerse migratieachtergrond;1980;1141346;445055;696291
60;Totaal mannen en vrouwen;Totaal;Westerse migratieachtergrond;1981;1149845;444707;705138
61;Totaal mannen en vrouwen;Totaal;Westerse migratieachtergrond;1982;1154729;441653;713076
62;Totaal mannen en vrouwen;Totaal;Westerse migratieachtergrond;1983;1157154;437175;719979
63;Totaal mannen en vrouwen;Totaal;Westerse migratieachtergrond;1984;1158906;431671;727235
64;Totaal mannen en vrouwen;Totaal;Westerse migratieachtergrond;1985;1162086;427837;734249
65;Totaal mannen en vrouwen;Totaal;Westerse migratieachtergrond;1986;1172754;431137;741617
66;Totaal mannen en vrouwen;Totaal;Westerse migratieachtergrond;1987;1184738;435651;749087
67;Totaal mannen en vrouwen;Totaal;Westerse migratieachtergrond;1988;1197079;441470;755609
68;Totaal mannen en vrouwen;Totaal;Westerse migratieachtergrond;1989;1209627;447685;761942
69;Totaal mannen en vrouwen;Totaal;Westerse migratieachtergrond;1990;1221227;452139;769088
70;Totaal mannen en vrouwen;Totaal;Westerse migratieachtergrond;1991;1239070;463121;775949
71;Totaal mannen en vrouwen;Totaal;Westerse migratieachtergrond;1992;1258728;475980;782748
72;Totaal mannen en vrouwen;Totaal;Westerse migratieachtergrond;1993;1280736;491928;788808
73;Totaal mannen en vrouwen;Totaal;Westerse migratieachtergrond;1994;1302942;508271;794671
74;Totaal mannen en vrouwen;Totaal;Westerse migratieachtergrond;1995;1320205;519928;800277
75;Totaal mannen en vrouwen;Totaal;Westerse migratieachtergrond;1996;1327602;522554;805048
76;Totaal mannen en vrouwen;Totaal;Westerse migratieachtergrond;1997;1333161;524706;808455
77;Totaal mannen en vrouwen;Totaal;Westerse migratieachtergrond;1998;1341947;529512;812435
78;Totaal mannen en vrouwen;Totaal;Westerse migratieachtergrond;1999;1353199;536380;816819
79;Totaal mannen en vrouwen;Totaal;Westerse migratieachtergrond;2000;1366535;544890;821645
80;Totaal mannen en vrouwen;Totaal;Westerse migratieachtergrond;2001;1387036;560403;826633
81;Totaal mannen en vrouwen;Totaal;Westerse migratieachtergrond;2002;1406596;575379;831217
82;Totaal mannen en vrouwen;Totaal;Westerse migratieachtergrond;2003;1416156;581361;834795
83;Totaal mannen en vrouwen;Totaal;Westerse migratieachtergrond;2004;1419855;581656;838199
84;Totaal mannen en vrouwen;Totaal;Westerse migratieachtergrond;2005;1423675;582278;841397
85;Totaal mannen en vrouwen;Totaal;Westerse migratieachtergrond;2006;1427565;584268;843297
86;Totaal mannen en vrouwen;Totaal;Westerse migratieachtergrond;2007;1431954;586718;845236
87;Totaal mannen en vrouwen;Totaal;Westerse migratieachtergrond;2008;1449686;602130;847556
88;Totaal mannen en vrouwen;Totaal;Westerse migratieachtergrond;2009;1478396;627311;851085
89;Totaal mannen en vrouwen;Totaal;Westerse migratieachtergrond;2010;1501309;644486;856823
90;Totaal mannen en vrouwen;Totaal;Westerse migratieachtergrond;2011;1527774;665865;861909
91;Totaal mannen en vrouwen;Totaal;Westerse migratieachtergrond;2012;1556542;690203;866339
92;Totaal mannen en vrouwen;Totaal;Westerse migratieachtergrond;2013;1576986;706512;870474
93;Totaal mannen en vrouwen;Totaal;Westerse migratieachtergrond;2014;1597160;722766;874394
94;Totaal mannen en vrouwen;Totaal;Westerse migratieachtergrond;2015;1626812;747703;879109
95;Totaal mannen en vrouwen;Totaal;Westerse migratieachtergrond;2016;1655699;772428;883271
96;Totaal mannen en vrouwen;Totaal;Westerse migratieachtergrond;2017;1689030;801203;887827
97;Totaal mannen en vrouwen;Totaal;Westerse migratieachtergrond;2018;1729016;836178;892838
98;Totaal mannen en vrouwen;Totaal;Westerse migratieachtergrond;2019;1774271;876946;897325
99;Totaal mannen en vrouwen;Totaal;Westerse migratieachtergrond;2020;1828645;925952;902693
100;Totaal mannen en vrouwen;Totaal;Westerse migratieachtergrond;2021;1858730;951072;907658
101;Totaal mannen en vrouwen;Totaal;Westerse migratieachtergrond;2022;1909408;996928;912480
102;Totaal mannen en vrouwen;Totaal;Niet-westerse migratieachtergrond;1972;162320;128103;34217
103;Totaal mannen en vrouwen;Totaal;Niet-westerse migratieachtergrond;1973;184376;145753;38623
104;Totaal mannen en vrouwen;Totaal;Niet-westerse migratieachtergrond;1974;212827;169605;43222
105;Totaal mannen en vrouwen;Totaal;Niet-westerse migratieachtergrond;1975;250813;202082;48731
106;Totaal mannen en vrouwen;Totaal;Niet-westerse migratieachtergrond;1976;320724;265478;55246
107;Totaal mannen en vrouwen;Totaal;Niet-westerse migratieachtergrond;1977;348523;285688;62835
108;Totaal mannen en vrouwen;Totaal;Niet-westerse migratieachtergrond;1978;379459;307719;71740
109;Totaal mannen en vrouwen;Totaal;Niet-westerse migratieachtergrond;1979;419049;337138;81911
110;Totaal mannen en vrouwen;Totaal;Niet-westerse migratieachtergrond;1980;475873;382306;93567
111;Totaal mannen en vrouwen;Totaal;Niet-westerse migratieachtergrond;1981;543418;436059;107359
112;Totaal mannen en vrouwen;Totaal;Niet-westerse migratieachtergrond;1982;581084;458678;122406
113;Totaal mannen en vrouwen;Totaal;Niet-westerse migratieachtergrond;1983;607216;469812;137404
114;Totaal mannen en vrouwen;Totaal;Niet-westerse migratieachtergrond;1984;631756;478774;152982
115;Totaal mannen en vrouwen;Totaal;Niet-westerse migratieachtergrond;1985;657445;488293;169152
116;Totaal mannen en vrouwen;Totaal;Niet-westerse migratieachtergrond;1986;689647;503881;185766
117;Totaal mannen en vrouwen;Totaal;Niet-westerse migratieachtergrond;1987;727369;523986;203383
118;Totaal mannen en vrouwen;Totaal;Niet-westerse migratieachtergrond;1988;774866;552747;222119
119;Totaal mannen en vrouwen;Totaal;Niet-westerse migratieachtergrond;1989;818494;576086;242408
120;Totaal mannen en vrouwen;Totaal;Niet-westerse migratieachtergrond;1990;865697;602042;263655
121;Totaal mannen en vrouwen;Totaal;Niet-westerse migratieachtergrond;1991;926780;640221;286559
122;Totaal mannen en vrouwen;Totaal;Niet-westerse migratieachtergrond;1992;986753;676750;310003
123;Totaal mannen en vrouwen;Totaal;Niet-westerse migratieachtergrond;1993;1038310;703858;334452
124;Totaal mannen en vrouwen;Totaal;Niet-westerse migratieachtergrond;1994;1091692;732621;359071
125;Totaal mannen en vrouwen;Totaal;Niet-westerse migratieachtergrond;1995;1128979;744472;384507
126;Totaal mannen en vrouwen;Totaal;Niet-westerse migratieachtergrond;1996;1171113;761552;409561
127;Totaal mannen en vrouwen;Totaal;Niet-westerse migratieachtergrond;1997;1221128;785999;435129
128;Totaal mannen en vrouwen;Totaal;Niet-westerse migratieachtergrond;1998;1278453;816207;462246
129;Totaal mannen en vrouwen;Totaal;Niet-westerse migratieachtergrond;1999;1346035;853761;492274
130;Totaal mannen en vrouwen;Totaal;Niet-westerse migratieachtergrond;2000;1408767;886232;522535
131;Totaal mannen en vrouwen;Totaal;Niet-westerse migratieachtergrond;2001;1483188;928557;554631
132;Totaal mannen en vrouwen;Totaal;Niet-westerse migratieachtergrond;2002;1558353;971700;586653
133;Totaal mannen en vrouwen;Totaal;Niet-westerse migratieachtergrond;2003;1622602;1004566;618036
134;Totaal mannen en vrouwen;Totaal;Niet-westerse migratieachtergrond;2004;1668297;1021074;647223
135;Totaal mannen en vrouwen;Totaal;Niet-westerse migratieachtergrond;2005;1699042;1024386;674656
136;Totaal mannen en vrouwen;Totaal;Niet-westerse migratieachtergrond;2006;1720050;1019991;700059
137;Totaal mannen en vrouwen;Totaal;Niet-westerse migratieachtergrond;2007;1738452;1014476;723976
138;Totaal mannen en vrouwen;Totaal;Niet-westerse migratieachtergrond;2008;1765730;1017184;748546
139;Totaal mannen en vrouwen;Totaal;Niet-westerse migratieachtergrond;2009;1809310;1034194;775116
140;Totaal mannen en vrouwen;Totaal;Niet-westerse migratieachtergrond;2010;1858294;1055265;803029
141;Totaal mannen en vrouwen;Totaal;Niet-westerse migratieachtergrond;2011;1899245;1069352;829893
142;Totaal mannen en vrouwen;Totaal;Niet-westerse migratieachtergrond;2012;1937651;1082001;855650
143;Totaal mannen en vrouwen;Totaal;Niet-westerse migratieachtergrond;2013;1966095;1086677;879418
144;Totaal mannen en vrouwen;Totaal;Niet-westerse migratieachtergrond;2014;1997584;1095731;901853
145;Totaal mannen en vrouwen;Totaal;Niet-westerse migratieachtergrond;2015;2038509;1113274;925235
146;Totaal mannen en vrouwen;Totaal;Niet-westerse migratieachtergrond;2016;2096592;1148449;948143
147;Totaal mannen en vrouwen;Totaal;Niet-westerse migratieachtergrond;2017;2173723;1199972;973751
148;Totaal mannen en vrouwen;Totaal;Niet-westerse migratieachtergrond;2018;2242843;1243151;999692
149;Totaal mannen en vrouwen;Totaal;Niet-westerse migratieachtergrond;2019;2311867;1284738;1027129
150;Totaal mannen en vrouwen;Totaal;Niet-westerse migratieachtergrond;2020;2392060;1336304;1055756
151;Totaal mannen en vrouwen;Totaal;Niet-westerse migratieachtergrond;2021;2447178;1361849;1085329
152;Totaal mannen en vrouwen;Totaal;Niet-westerse migratieachtergrond;2022;2529492;1415416;1114076
153;Totaal mannen en vrouwen;Totaal;Marokko;1972;21760;20673;1087
154;Totaal mannen en vrouwen;Totaal;Marokko;1973;23904;22321;1583
155;Totaal mannen en vrouwen;Totaal;Marokko;1974;26716;24449;2267
156;Totaal mannen en vrouwen;Totaal;Marokko;1975;30481;27335;3146
157;Totaal mannen en vrouwen;Totaal;Marokko;1976;38923;34608;4315
158;Totaal mannen en vrouwen;Totaal;Marokko;1977;45164;39447;5717
159;Totaal mannen en vrouwen;Totaal;Marokko;1978;51941;44467;7474
160;Totaal mannen en vrouwen;Totaal;Marokko;1979;60314;50818;9496
161;Totaal mannen en vrouwen;Totaal;Marokko;1980;69464;57502;11962
162;Totaal mannen en vrouwen;Totaal;Marokko;1981;81516;66747;14769
163;Totaal mannen en vrouwen;Totaal;Marokko;1982;91781;73839;17942
164;Totaal mannen en vrouwen;Totaal;Marokko;1983;99466;78088;21378
165;Totaal mannen en vrouwen;Totaal;Marokko;1984;105523;80573;24950
166;Totaal mannen en vrouwen;Totaal;Marokko;1985;111795;83152;28643
167;Totaal mannen en vrouwen;Totaal;Marokko;1986;120144;87619;32525
168;Totaal mannen en vrouwen;Totaal;Marokko;1987;129699;93108;36591
169;Totaal mannen en vrouwen;Totaal;Marokko;1988;139830;98821;41009
170;Totaal mannen en vrouwen;Totaal;Marokko;1989;151384;105609;45775
171;Totaal mannen en vrouwen;Totaal;Marokko;1990;163458;112562;50896
172;Totaal mannen en vrouwen;Totaal;Marokko;1991;176868;120472;56396
173;Totaal mannen en vrouwen;Totaal;Marokko;1992;189677;127759;61918
174;Totaal mannen en vrouwen;Totaal;Marokko;1993;201058;133219;67839
175;Totaal mannen en vrouwen;Totaal;Marokko;1994;210636;137066;73570
176;Totaal mannen en vrouwen;Totaal;Marokko;1995;218578;139611;78967
177;Totaal mannen en vrouwen;Totaal;Marokko;1996;225088;140572;84516
178;Totaal mannen en vrouwen;Totaal;Marokko;1997;232841;142533;90308
179;Totaal mannen en vrouwen;Totaal;Marokko;1998;241982;145604;96378
180;Totaal mannen en vrouwen;Totaal;Marokko;1999;252493;149469;103024
181;Totaal mannen en vrouwen;Totaal;Marokko;2000;262221;152540;109681
182;Totaal mannen en vrouwen;Totaal;Marokko;2001;272752;155669;117083
183;Totaal mannen en vrouwen;Totaal;Marokko;2002;284124;159605;124519
184;Totaal mannen en vrouwen;Totaal;Marokko;2003;295332;163280;132052
185;Totaal mannen en vrouwen;Totaal;Marokko;2004;306219;166464;139755
186;Totaal mannen en vrouwen;Totaal;Marokko;2005;315821;168400;147421
187;Totaal mannen en vrouwen;Totaal;Marokko;2006;323239;168504;154735
188;Totaal mannen en vrouwen;Totaal;Marokko;2007;329493;167893;161600
189;Totaal mannen en vrouwen;Totaal;Marokko;2008;335127;167063;168064
190;Totaal mannen en vrouwen;Totaal;Marokko;2009;341528;166774;174754
191;Totaal mannen en vrouwen;Totaal;Marokko;2010;349005;167305;181700
192;Totaal mannen en vrouwen;Totaal;Marokko;2011;355883;167607;188276
193;Totaal mannen en vrouwen;Totaal;Marokko;2012;362954;168214;194740
194;Totaal mannen en vrouwen;Totaal;Marokko;2013;368838;168117;200721
195;Totaal mannen en vrouwen;Totaal;Marokko;2014;374996;168320;206676
196;Totaal mannen en vrouwen;Totaal;Marokko;2015;380755;168451;212304
197;Totaal mannen en vrouwen;Totaal;Marokko;2016;385761;168336;217425
198;Totaal mannen en vrouwen;Totaal;Marokko;2017;391088;168536;222552
199;Totaal mannen en vrouwen;Totaal;Marokko;2018;396539;169018;227521
200;Totaal mannen en vrouwen;Totaal;Marokko;2019;402492;170357;232135
201;Totaal mannen en vrouwen;Totaal;Marokko;2020;408864;172040;236824
202;Totaal mannen en vrouwen;Totaal;Marokko;2021;414186;172542;241644
203;Totaal mannen en vrouwen;Totaal;Marokko;2022;419272;173279;245993
204;Totaal mannen en vrouwen;Totaal;(voormalige) Nederlandse Antillen, Aruba;1972;22260;16065;6195
205;Totaal mannen en vrouwen;Totaal;(voormalige) Nederlandse Antillen, Aruba;1973;23833;16999;6834
206;Totaal mannen en vrouwen;Totaal;(voormalige) Nederlandse Antillen, Aruba;1974;25401;18021;7380
207;Totaal mannen en vrouwen;Totaal;(voormalige) Nederlandse Antillen, Aruba;1975;27217;19254;7963
208;Totaal mannen en vrouwen;Totaal;(voormalige) Nederlandse Antillen, Aruba;1976;29472;20955;8517
209;Totaal mannen en vrouwen;Totaal;(voormalige) Nederlandse Antillen, Aruba;1977;31645;22553;9092
210;Totaal mannen en vrouwen;Totaal;(voormalige) Nederlandse Antillen, Aruba;1978;34375;24632;9743
211;Totaal mannen en vrouwen;Totaal;(voormalige) Nederlandse Antillen, Aruba;1979;37569;27109;10460
212;Totaal mannen en vrouwen;Totaal;(voormalige) Nederlandse Antillen, Aruba;1980;40726;29515;11211
213;Totaal mannen en vrouwen;Totaal;(voormalige) Nederlandse Antillen, Aruba;1981;44867;32804;12063
214;Totaal mannen en vrouwen;Totaal;(voormalige) Nederlandse Antillen, Aruba;1982;47505;34579;12926
215;Totaal mannen en vrouwen;Totaal;(voormalige) Nederlandse Antillen, Aruba;1983;49390;35541;13849
216;Totaal mannen en vrouwen;Totaal;(voormalige) Nederlandse Antillen, Aruba;1984;51050;36261;14789
217;Totaal mannen en vrouwen;Totaal;(voormalige) Nederlandse Antillen, Aruba;1985;53020;37227;15793
218;Totaal mannen en vrouwen;Totaal;(voormalige) Nederlandse Antillen, Aruba;1986;56878;40113;16765
219;Totaal mannen en vrouwen;Totaal;(voormalige) Nederlandse Antillen, Aruba;1987;61596;43734;17862
220;Totaal mannen en vrouwen;Totaal;(voormalige) Nederlandse Antillen, Aruba;1988;66818;47773;19045
221;Totaal mannen en vrouwen;Totaal;(voormalige) Nederlandse Antillen, Aruba;1989;72040;51729;20311
222;Totaal mannen en vrouwen;Totaal;(voormalige) Nederlandse Antillen, Aruba;1990;76552;54881;21671
223;Totaal mannen en vrouwen;Totaal;(voormalige) Nederlandse Antillen, Aruba;1991;80901;57660;23241
224;Totaal mannen en vrouwen;Totaal;(voormalige) Nederlandse Antillen, Aruba;1992;84932;60099;24833
225;Totaal mannen en vrouwen;Totaal;(voormalige) Nederlandse Antillen, Aruba;1993;86511;60049;26462
226;Totaal mannen en vrouwen;Totaal;(voormalige) Nederlandse Antillen, Aruba;1994;87087;59023;28064
227;Totaal mannen en vrouwen;Totaal;(voormalige) Nederlandse Antillen, Aruba;1995;86192;56502;29690
228;Totaal mannen en vrouwen;Totaal;(voormalige) Nederlandse Antillen, Aruba;1996;86824;55808;31016
229;Totaal mannen en vrouwen;Totaal;(voormalige) Nederlandse Antillen, Aruba;1997;88709;56366;32343
230;Totaal mannen en vrouwen;Totaal;(voormalige) Nederlandse Antillen, Aruba;1998;92105;58203;33902
231;Totaal mannen en vrouwen;Totaal;(voormalige) Nederlandse Antillen, Aruba;1999;99130;63268;35862
232;Totaal mannen en vrouwen;Totaal;(voormalige) Nederlandse Antillen, Aruba;2000;107197;69266;37931
233;Totaal mannen en vrouwen;Totaal;(voormalige) Nederlandse Antillen, Aruba;2001;117089;76826;40263
234;Totaal mannen en vrouwen;Totaal;(voormalige) Nederlandse Antillen, Aruba;2002;124870;82209;42661
235;Totaal mannen en vrouwen;Totaal;(voormalige) Nederlandse Antillen, Aruba;2003;129312;84395;44917
236;Totaal mannen en vrouwen;Totaal;(voormalige) Nederlandse Antillen, Aruba;2004;130722;84024;46698
237;Totaal mannen en vrouwen;Totaal;(voormalige) Nederlandse Antillen, Aruba;2005;130538;82321;48217
238;Totaal mannen en vrouwen;Totaal;(voormalige) Nederlandse Antillen, Aruba;2006;129683;80102;49581
239;Totaal mannen en vrouwen;Totaal;(voormalige) Nederlandse Antillen, Aruba;2007;129965;78907;51058
240;Totaal mannen en vrouwen;Totaal;(voormalige) Nederlandse Antillen, Aruba;2008;131841;78968;52873
241;Totaal mannen en vrouwen;Totaal;(voormalige) Nederlandse Antillen, Aruba;2009;134774;79785;54989
242;Totaal mannen en vrouwen;Totaal;(voormalige) Nederlandse Antillen, Aruba;2010;138420;81175;57245
243;Totaal mannen en vrouwen;Totaal;(voormalige) Nederlandse Antillen, Aruba;2011;141345;81968;59377
244;Totaal mannen en vrouwen;Totaal;(voormalige) Nederlandse Antillen, Aruba;2012;143992;82693;61299
245;Totaal mannen en vrouwen;Totaal;(voormalige) Nederlandse Antillen, Aruba;2013;145499;82476;63023
246;Totaal mannen en vrouwen;Totaal;(voormalige) Nederlandse Antillen, Aruba;2014;146855;82148;64707
247;Totaal mannen en vrouwen;Totaal;(voormalige) Nederlandse Antillen, Aruba;2015;148926;82289;66637
248;Totaal mannen en vrouwen;Totaal;(voormalige) Nederlandse Antillen, Aruba;2016;150981;82462;68519
249;Totaal mannen en vrouwen;Totaal;(voormalige) Nederlandse Antillen, Aruba;2017;153469;82995;70474
250;Totaal mannen en vrouwen;Totaal;(voormalige) Nederlandse Antillen, Aruba;2018;157114;84526;72588
251;Totaal mannen en vrouwen;Totaal;(voormalige) Nederlandse Antillen, Aruba;2019;161265;86517;74748
252;Totaal mannen en vrouwen;Totaal;(voormalige) Nederlandse Antillen, Aruba;2020;166265;89118;77147
253;Totaal mannen en vrouwen;Totaal;(voormalige) Nederlandse Antillen, Aruba;2021;171413;91728;79685
254;Totaal mannen en vrouwen;Totaal;(voormalige) Nederlandse Antillen, Aruba;2022;176912;94770;82142
255;Totaal mannen en vrouwen;Totaal;Suriname;1972;53508;38714;14794
256;Totaal mannen en vrouwen;Totaal;Suriname;1973;60962;44860;16102
257;Totaal mannen en vrouwen;Totaal;Suriname;1974;70798;53480;17318
258;Totaal mannen en vrouwen;Totaal;Suriname;1975;87474;68684;18790
259;Totaal mannen en vrouwen;Totaal;Suriname;1976;124530;103811;20719
260;Totaal mannen en vrouwen;Totaal;Suriname;1977;127890;104773;23117
261;Totaal mannen en vrouwen;Totaal;Suriname;1978;131766;106242;25524
262;Totaal mannen en vrouwen;Totaal;Suriname;1979;138885;110818;28067
263;Totaal mannen en vrouwen;Totaal;Suriname;1980;157081;126107;30974
264;Totaal mannen en vrouwen;Totaal;Suriname;1981;176752;142080;34672
265;Totaal mannen en vrouwen;Totaal;Suriname;1982;181606;143054;38552
266;Totaal mannen en vrouwen;Totaal;Suriname;1983;185400;142831;42569
267;Totaal mannen en vrouwen;Totaal;Suriname;1984;191707;145000;46707
268;Totaal mannen en vrouwen;Totaal;Suriname;1985;197395;146309;51086
269;Totaal mannen en vrouwen;Totaal;Suriname;1986;204445;148848;55597
270;Totaal mannen en vrouwen;Totaal;Suriname;1987;211755;151498;60257
271;Totaal mannen en vrouwen;Totaal;Suriname;1988;219928;155117;64811
272;Totaal mannen en vrouwen;Totaal;Suriname;1989;225904;156391;69513
273;Totaal mannen en vrouwen;Totaal;Suriname;1990;232776;158772;74004
274;Totaal mannen en vrouwen;Totaal;Suriname;1991;242628;163855;78773
275;Totaal mannen en vrouwen;Totaal;Suriname;1992;251936;168436;83500
276;Totaal mannen en vrouwen;Totaal;Suriname;1993;261218;173169;88049
277;Totaal mannen en vrouwen;Totaal;Suriname;1994;271199;178597;92602
278;Totaal mannen en vrouwen;Totaal;Suriname;1995;276023;179211;96812
279;Totaal mannen en vrouwen;Totaal;Suriname;1996;280615;179266;101349
280;Totaal mannen en vrouwen;Totaal;Suriname;1997;285524;179873;105651
281;Totaal mannen en vrouwen;Totaal;Suriname;1998;290467;180519;109948
282;Totaal mannen en vrouwen;Totaal;Suriname;1999;296984;182467;114517
283;Totaal mannen en vrouwen;Totaal;Suriname;2000;302514;183249;119265
284;Totaal mannen en vrouwen;Totaal;Suriname;2001;308824;184737;124087
285;Totaal mannen en vrouwen;Totaal;Suriname;2002;315177;186262;128915
286;Totaal mannen en vrouwen;Totaal;Suriname;2003;320658;187279;133379
287;Totaal mannen en vrouwen;Totaal;Suriname;2004;325281;187990;137291
288;Totaal mannen en vrouwen;Totaal;Suriname;2005;329430;188367;141063
289;Totaal mannen en vrouwen;Totaal;Suriname;2006;331890;187483;144407
290;Totaal mannen en vrouwen;Totaal;Suriname;2007;333504;186025;147479
291;Totaal mannen en vrouwen;Totaal;Suriname;2008;335799;185284;150515
292;Totaal mannen en vrouwen;Totaal;Suriname;2009;338678;184961;153717
293;Totaal mannen en vrouwen;Totaal;Suriname;2010;342279;185089;157190
294;Totaal mannen en vrouwen;Totaal;Suriname;2011;344734;184453;160281
295;Totaal mannen en vrouwen;Totaal;Suriname;2012;346797;183752;163045
296;Totaal mannen en vrouwen;Totaal;Suriname;2013;347631;182342;165289
297;Totaal mannen en vrouwen;Totaal;Suriname;2014;348291;180863;167428
298;Totaal mannen en vrouwen;Totaal;Suriname;2015;348662;179236;169426
299;Totaal mannen en vrouwen;Totaal;Suriname;2016;349022;177720;171302
300;Totaal mannen en vrouwen;Totaal;Suriname;2017;349978;176801;173177
301;Totaal mannen en vrouwen;Totaal;Suriname;2018;351681;176412;175269
302;Totaal mannen en vrouwen;Totaal;Suriname;2019;353909;176564;177345
303;Totaal mannen en vrouwen;Totaal;Suriname;2020;356402;176963;179439
304;Totaal mannen en vrouwen;Totaal;Suriname;2021;358266;176571;181695
305;Totaal mannen en vrouwen;Totaal;Suriname;2022;359814;176127;183687
306;Totaal mannen en vrouwen;Totaal;Turkije;1972;30692;27887;2805
307;Totaal mannen en vrouwen;Totaal;Turkije;1973;36522;32512;4010
308;Totaal mannen en vrouwen;Totaal;Turkije;1974;45665;40250;5415
309;Totaal mannen en vrouwen;Totaal;Turkije;1975;55639;48596;7043
310;Totaal mannen en vrouwen;Totaal;Turkije;1976;67413;58459;8954
311;Totaal mannen en vrouwen;Totaal;Turkije;1977;76265;65233;11032
312;Totaal mannen en vrouwen;Totaal;Turkije;1978;86041;72344;13697
313;Totaal mannen en vrouwen;Totaal;Turkije;1979;97767;80990;16777
314;Totaal mannen en vrouwen;Totaal;Turkije;1980;112774;92568;20206
315;Totaal mannen en vrouwen;Totaal;Turkije;1981;132060;107809;24251
316;Totaal mannen en vrouwen;Totaal;Turkije;1982;142106;113389;28717
317;Totaal mannen en vrouwen;Totaal;Turkije;1983;146961;114268;32693
318;Totaal mannen en vrouwen;Totaal;Turkije;1984;150011;113241;36770
319;Totaal mannen en vrouwen;Totaal;Turkije;1985;153164;112343;40821
320;Totaal mannen en vrouwen;Totaal;Turkije;1986;159586;114760;44826
321;Totaal mannen en vrouwen;Totaal;Turkije;1987;168730;119647;49083
322;Totaal mannen en vrouwen;Totaal;Turkije;1988;178906;124972;53934
323;Totaal mannen en vrouwen;Totaal;Turkije;1989;190778;131301;59477
324;Totaal mannen en vrouwen;Totaal;Turkije;1990;203647;138089;65558
325;Totaal mannen en vrouwen;Totaal;Turkije;1991;219161;147160;72001
326;Totaal mannen en vrouwen;Totaal;Turkije;1992;234816;156121;78695
327;Totaal mannen en vrouwen;Totaal;Turkije;1993;246031;160582;85449
328;Totaal mannen en vrouwen;Totaal;Turkije;1994;256523;164416;92107
329;Totaal mannen en vrouwen;Totaal;Turkije;1995;263791;165741;98050
330;Totaal mannen en vrouwen;Totaal;Turkije;1996;271514;167248;104266
331;Totaal mannen en vrouwen;Totaal;Turkije;1997;279708;169034;110674
332;Totaal mannen en vrouwen;Totaal;Turkije;1998;289777;172416;117361
333;Totaal mannen en vrouwen;Totaal;Turkije;1999;299662;175229;124433
334;Totaal mannen en vrouwen;Totaal;Turkije;2000;308890;177754;131136
335;Totaal mannen en vrouwen;Totaal;Turkije;2001;319600;181595;138005
336;Totaal mannen en vrouwen;Totaal;Turkije;2002;330709;185943;144766
337;Totaal mannen en vrouwen;Totaal;Turkije;2003;341400;190219;151181
338;Totaal mannen en vrouwen;Totaal;Turkije;2004;351648;194319;157329
339;Totaal mannen en vrouwen;Totaal;Turkije;2005;358846;195678;163168
340;Totaal mannen en vrouwen;Totaal;Turkije;2006;364333;195711;168622
341;Totaal mannen en vrouwen;Totaal;Turkije;2007;368600;195113;173487
342;Totaal mannen en vrouwen;Totaal;Turkije;2008;372714;194556;178158
343;Totaal mannen en vrouwen;Totaal;Turkije;2009;378330;195375;182955
344;Totaal mannen en vrouwen;Totaal;Turkije;2010;383957;196385;187572
345;Totaal mannen en vrouwen;Totaal;Turkije;2011;388967;197042;191925
346;Totaal mannen en vrouwen;Totaal;Turkije;2012;392923;197107;195816
347;Totaal mannen en vrouwen;Totaal;Turkije;2013;395302;196203;199099
348;Totaal mannen en vrouwen;Totaal;Turkije;2014;396414;194759;201655
349;Totaal mannen en vrouwen;Totaal;Turkije;2015;396555;192311;204244
350;Totaal mannen en vrouwen;Totaal;Turkije;2016;397471;190621;206850
351;Totaal mannen en vrouwen;Totaal;Turkije;2017;400367;190331;210036
352;Totaal mannen en vrouwen;Totaal;Turkije;2018;404459;191513;212946
353;Totaal mannen en vrouwen;Totaal;Turkije;2019;409877;193698;216179
354;Totaal mannen en vrouwen;Totaal;Turkije;2020;416864;197446;219418
355;Totaal mannen en vrouwen;Totaal;Turkije;2021;422030;199402;222628
356;Totaal mannen en vrouwen;Totaal;Turkije;2022;429978;204249;225729
357;Totaal mannen en vrouwen;Totaal;Overige niet-westerse migratieachterg...;1972;34100;24764;9336
358;Totaal mannen en vrouwen;Totaal;Overige niet-westerse migratieachterg...;1973;39155;29061;10094
359;Totaal mannen en vrouwen;Totaal;Overige niet-westerse migratieachterg...;1974;44247;33405;10842
360;Totaal mannen en vrouwen;Totaal;Overige niet-westerse migratieachterg...;1975;50002;38213;11789
361;Totaal mannen en vrouwen;Totaal;Overige niet-westerse migratieachterg...;1976;60386;47645;12741
362;Totaal mannen en vrouwen;Totaal;Overige niet-westerse migratieachterg...;1977;67559;53682;13877
363;Totaal mannen en vrouwen;Totaal;Overige niet-westerse migratieachterg...;1978;75336;60034;15302
364;Totaal mannen en vrouwen;Totaal;Overige niet-westerse migratieachterg...;1979;84514;67403;17111
365;Totaal mannen en vrouwen;Totaal;Overige niet-westerse migratieachterg...;1980;95828;76614;19214
366;Totaal mannen en vrouwen;Totaal;Overige niet-westerse migratieachterg...;1981;108223;86619;21604
367;Totaal mannen en vrouwen;Totaal;Overige niet-westerse migratieachterg...;1982;118086;93817;24269
368;Totaal mannen en vrouwen;Totaal;Overige niet-westerse migratieachterg...;1983;125999;99084;26915
369;Totaal mannen en vrouwen;Totaal;Overige niet-westerse migratieachterg...;1984;133465;103699;29766
370;Totaal mannen en vrouwen;Totaal;Overige niet-westerse migratieachterg...;1985;142071;109262;32809
371;Totaal mannen en vrouwen;Totaal;Overige niet-westerse migratieachterg...;1986;148594;112541;36053
372;Totaal mannen en vrouwen;Totaal;Overige niet-westerse migratieachterg...;1987;155589;115999;39590
373;Totaal mannen en vrouwen;Totaal;Overige niet-westerse migratieachterg...;1988;169384;126064;43320
374;Totaal mannen en vrouwen;Totaal;Overige niet-westerse migratieachterg...;1989;178388;131056;47332
375;Totaal mannen en vrouwen;Totaal;Overige niet-westerse migratieachterg...;1990;189264;137738;51526
376;Totaal mannen en vrouwen;Totaal;Overige niet-westerse migratieachterg...;1991;207222;151074;56148
377;Totaal mannen en vrouwen;Totaal;Overige niet-westerse migratieachterg...;1992;225392;164335;61057
378;Totaal mannen en vrouwen;Totaal;Overige niet-westerse migratieachterg...;1993;243492;176839;66653
379;Totaal mannen en vrouwen;Totaal;Overige niet-westerse migratieachterg...;1994;266247;193519;72728
380;Totaal mannen en vrouwen;Totaal;Overige niet-westerse migratieachterg...;1995;284395;203407;80988
381;Totaal mannen en vrouwen;Totaal;Overige niet-westerse migratieachterg...;1996;307072;218658;88414
382;Totaal mannen en vrouwen;Totaal;Overige niet-westerse migratieachterg...;1997;334346;238193;96153
383;Totaal mannen en vrouwen;Totaal;Overige niet-westerse migratieachterg...;1998;364122;259465;104657
384;Totaal mannen en vrouwen;Totaal;Overige niet-westerse migratieachterg...;1999;397766;283328;114438
385;Totaal mannen en vrouwen;Totaal;Overige niet-westerse migratieachterg...;2000;427945;303423;124522
386;Totaal mannen en vrouwen;Totaal;Overige niet-westerse migratieachterg...;2001;464923;329730;135193
387;Totaal mannen en vrouwen;Totaal;Overige niet-westerse migratieachterg...;2002;503473;357681;145792
388;Totaal mannen en vrouwen;Totaal;Overige niet-westerse migratieachterg...;2003;535900;379393;156507
389;Totaal mannen en vrouwen;Totaal;Overige niet-westerse migratieachterg...;2004;554427;388277;166150
390;Totaal mannen en vrouwen;Totaal;Overige niet-westerse migratieachterg...;2005;564407;389620;174787
391;Totaal mannen en vrouwen;Totaal;Overige niet-westerse migratieachterg...;2006;570905;388191;182714
392;Totaal mannen en vrouwen;Totaal;Overige niet-westerse migratieachterg...;2007;576890;386538;190352
393;Totaal mannen en vrouwen;Totaal;Overige niet-westerse migratieachterg...;2008;590249;391313;198936
394;Totaal mannen en vrouwen;Totaal;Overige niet-westerse migratieachterg...;2009;616000;407299;208701
395;Totaal mannen en vrouwen;Totaal;Overige niet-westerse migratieachterg...;2010;644633;425311;219322
396;Totaal mannen en vrouwen;Totaal;Overige niet-westerse migratieachterg...;2011;668316;438282;230034
397;Totaal mannen en vrouwen;Totaal;Overige niet-westerse migratieachterg...;2012;690985;450235;240750
398;Totaal mannen en vrouwen;Totaal;Overige niet-westerse migratieachterg...;2013;708825;457539;251286
399;Totaal mannen en vrouwen;Totaal;Overige niet-westerse migratieachterg...;2014;731028;469641;261387
400;Totaal mannen en vrouwen;Totaal;Overige niet-westerse migratieachterg...;2015;763611;490987;272624
401;Totaal mannen en vrouwen;Totaal;Overige niet-westerse migratieachterg...;2016;813357;529310;284047
402;Totaal mannen en vrouwen;Totaal;Overige niet-westerse migratieachterg...;2017;878821;581309;297512
403;Totaal mannen en vrouwen;Totaal;Overige niet-westerse migratieachterg...;2018;933050;621682;311368
404;Totaal mannen en vrouwen;Totaal;Overige niet-westerse migratieachterg...;2019;984324;657602;326722
405;Totaal mannen en vrouwen;Totaal;Overige niet-westerse migratieachterg...;2020;1043665;700737;342928
406;Totaal mannen en vrouwen;Totaal;Overige niet-westerse migratieachterg...;2021;1081283;721606;359677
407;Totaal mannen en vrouwen;Totaal;Overige niet-westerse migratieachterg...;2022;1143516;766991;376525
408;Totaal mannen en vrouwen;0 tot 5 jaar;Met migratieachtergrond;1972;112496;19743;92753
409;Totaal mannen en vrouwen;0 tot 5 jaar;Met migratieachtergrond;1973;114527;21239;93288
410;Totaal mannen en vrouwen;0 tot 5 jaar;Met migratieachtergrond;1974;114804;22625;92179
411;Totaal mannen en vrouwen;0 tot 5 jaar;Met migratieachtergrond;1975;114445;24304;90141
412;Totaal mannen en vrouwen;0 tot 5 jaar;Met migratieachtergrond;1976;118028;29080;88948
413;Totaal mannen en vrouwen;0 tot 5 jaar;Met migratieachtergrond;1977;118321;28488;89833
414;Totaal mannen en vrouwen;0 tot 5 jaar;Met migratieachtergrond;1978;118702;27043;91659
415;Totaal mannen en vrouwen;0 tot 5 jaar;Met migratieachtergrond;1979;122960;26378;96582
416;Totaal mannen en vrouwen;0 tot 5 jaar;Met migratieachtergrond;1980;129437;27002;102435
417;Totaal mannen en vrouwen;0 tot 5 jaar;Met migratieachtergrond;1981;138727;28432;110295
418;Totaal mannen en vrouwen;0 tot 5 jaar;Met migratieachtergrond;1982;144827;26766;118061
419;Totaal mannen en vrouwen;0 tot 5 jaar;Met migratieachtergrond;1983;147069;23161;123908
420;Totaal mannen en vrouwen;0 tot 5 jaar;Met migratieachtergrond;1984;148194;19641;128553
421;Totaal mannen en vrouwen;0 tot 5 jaar;Met migratieachtergrond;1985;149601;16961;132640
422;Totaal mannen en vrouwen;0 tot 5 jaar;Met migratieachtergrond;1986;151802;17097;134705
423;Totaal mannen en vrouwen;0 tot 5 jaar;Met migratieachtergrond;1987;154882;18002;136880
424;Totaal mannen en vrouwen;0 tot 5 jaar;Met migratieachtergrond;1988;158763;18842;139921
425;Totaal mannen en vrouwen;0 tot 5 jaar;Met migratieachtergrond;1989;163416;18919;144497
426;Totaal mannen en vrouwen;0 tot 5 jaar;Met migratieachtergrond;1990;168980;18929;150051
427;Totaal mannen en vrouwen;0 tot 5 jaar;Met migratieachtergrond;1991;176496;19519;156977
428;Totaal mannen en vrouwen;0 tot 5 jaar;Met migratieachtergrond;1992;182782;19570;163212
429;Totaal mannen en vrouwen;0 tot 5 jaar;Met migratieachtergrond;1993;188829;19402;169427
430;Totaal mannen en vrouwen;0 tot 5 jaar;Met migratieachtergrond;1994;194483;19897;174586
431;Totaal mannen en vrouwen;0 tot 5 jaar;Met migratieachtergrond;1995;198091;19142;178949
432;Totaal mannen en vrouwen;0 tot 5 jaar;Met migratieachtergrond;1996;197337;16272;181065
433;Totaal mannen en vrouwen;0 tot 5 jaar;Met migratieachtergrond;1997;198839;15817;183022
434;Totaal mannen en vrouwen;0 tot 5 jaar;Met migratieachtergrond;1998;201333;15374;185959
435;Totaal mannen en vrouwen;0 tot 5 jaar;Met migratieachtergrond;1999;207625;16216;191409
436;Totaal mannen en vrouwen;0 tot 5 jaar;Met migratieachtergrond;2000;213616;17150;196466
437;Totaal mannen en vrouwen;0 tot 5 jaar;Met migratieachtergrond;2001;222280;18136;204144
438;Totaal mannen en vrouwen;0 tot 5 jaar;Met migratieachtergrond;2002;229366;18141;211225
439;Totaal mannen en vrouwen;0 tot 5 jaar;Met migratieachtergrond;2003;233391;16535;216856
440;Totaal mannen en vrouwen;0 tot 5 jaar;Met migratieachtergrond;2004;234440;14846;219594
441;Totaal mannen en vrouwen;0 tot 5 jaar;Met migratieachtergrond;2005;233805;13595;220210
442;Totaal mannen en vrouwen;0 tot 5 jaar;Met migratieachtergrond;2006;229804;12185;217619
443;Totaal mannen en vrouwen;0 tot 5 jaar;Met migratieachtergrond;2007;226290;11842;214448
444;Totaal mannen en vrouwen;0 tot 5 jaar;Met migratieachtergrond;2008;224039;12352;211687
445;Totaal mannen en vrouwen;0 tot 5 jaar;Met migratieachtergrond;2009;224685;14076;210609
446;Totaal mannen en vrouwen;0 tot 5 jaar;Met migratieachtergrond;2010;225638;15140;210498
447;Totaal mannen en vrouwen;0 tot 5 jaar;Met migratieachtergrond;2011;227484;16087;211397
448;Totaal mannen en vrouwen;0 tot 5 jaar;Met migratieachtergrond;2012;228809;16846;211963
449;Totaal mannen en vrouwen;0 tot 5 jaar;Met migratieachtergrond;2013;228788;16619;212169
450;Totaal mannen en vrouwen;0 tot 5 jaar;Met migratieachtergrond;2014;226418;16712;209706
451;Totaal mannen en vrouwen;0 tot 5 jaar;Met migratieachtergrond;2015;227109;17807;209302
452;Totaal mannen en vrouwen;0 tot 5 jaar;Met migratieachtergrond;2016;228090;20464;207626
453;Totaal mannen en vrouwen;0 tot 5 jaar;Met migratieachtergrond;2017;231400;23131;208269
454;Totaal mannen en vrouwen;0 tot 5 jaar;Met migratieachtergrond;2018;233708;24771;208937
455;Totaal mannen en vrouwen;0 tot 5 jaar;Met migratieachtergrond;2019;236925;25250;211675
456;Totaal mannen en vrouwen;0 tot 5 jaar;Met migratieachtergrond;2020;239636;25529;214107
457;Totaal mannen en vrouwen;0 tot 5 jaar;Met migratieachtergrond;2021;239325;22729;216596
458;Totaal mannen en vrouwen;0 tot 5 jaar;Met migratieachtergrond;2022;241616;23045;218571
459;Totaal mannen en vrouwen;0 tot 5 jaar;Westerse migratieachtergrond;1972;92747;16073;76674
460;Totaal mannen en vrouwen;0 tot 5 jaar;Westerse migratieachtergrond;1973;91163;16135;75028
461;Totaal mannen en vrouwen;0 tot 5 jaar;Westerse migratieachtergrond;1974;87247;15397;71850
462;Totaal mannen en vrouwen;0 tot 5 jaar;Westerse migratieachtergrond;1975;81526;14186;67340
463;Totaal mannen en vrouwen;0 tot 5 jaar;Westerse migratieachtergrond;1976;77321;14053;63268
464;Totaal mannen en vrouwen;0 tot 5 jaar;Westerse migratieachtergrond;1977;74892;14136;60756
465;Totaal mannen en vrouwen;0 tot 5 jaar;Westerse migratieachtergrond;1978;71488;13540;57948
466;Totaal mannen en vrouwen;0 tot 5 jaar;Westerse migratieachtergrond;1979;70394;13224;57170
467;Totaal mannen en vrouwen;0 tot 5 jaar;Westerse migratieachtergrond;1980;69208;12482;56726
468;Totaal mannen en vrouwen;0 tot 5 jaar;Westerse migratieachtergrond;1981;68654;11551;57103
469;Totaal mannen en vrouwen;0 tot 5 jaar;Westerse migratieachtergrond;1982;68618;11435;57183
470;Totaal mannen en vrouwen;0 tot 5 jaar;Westerse migratieachtergrond;1983;67134;10469;56665
471;Totaal mannen en vrouwen;0 tot 5 jaar;Westerse migratieachtergrond;1984;65407;9714;55693
472;Totaal mannen en vrouwen;0 tot 5 jaar;Westerse migratieachtergrond;1985;63916;8916;55000
473;Totaal mannen en vrouwen;0 tot 5 jaar;Westerse migratieachtergrond;1986;63254;9247;54007
474;Totaal mannen en vrouwen;0 tot 5 jaar;Westerse migratieachtergrond;1987;62924;9458;53466
475;Totaal mannen en vrouwen;0 tot 5 jaar;Westerse migratieachtergrond;1988;61726;8984;52742
476;Totaal mannen en vrouwen;0 tot 5 jaar;Westerse migratieachtergrond;1989;61253;8759;52494
477;Totaal mannen en vrouwen;0 tot 5 jaar;Westerse migratieachtergrond;1990;61609;8730;52879
478;Totaal mannen en vrouwen;0 tot 5 jaar;Westerse migratieachtergrond;1991;62303;8929;53374
479;Totaal mannen en vrouwen;0 tot 5 jaar;Westerse migratieachtergrond;1992;62692;9038;53654
480;Totaal mannen en vrouwen;0 tot 5 jaar;Westerse migratieachtergrond;1993;63423;9429;53994
481;Totaal mannen en vrouwen;0 tot 5 jaar;Westerse migratieachtergrond;1994;64744;10066;54678
482;Totaal mannen en vrouwen;0 tot 5 jaar;Westerse migratieachtergrond;1995;62814;10153;52661
483;Totaal mannen en vrouwen;0 tot 5 jaar;Westerse migratieachtergrond;1996;60456;7925;52531
484;Totaal mannen en vrouwen;0 tot 5 jaar;Westerse migratieachtergrond;1997;59565;7477;52088
485;Totaal mannen en vrouwen;0 tot 5 jaar;Westerse migratieachtergrond;1998;58992;7044;51948
486;Totaal mannen en vrouwen;0 tot 5 jaar;Westerse migratieachtergrond;1999;59467;7117;52350
487;Totaal mannen en vrouwen;0 tot 5 jaar;Westerse migratieachtergrond;2000;60541;7532;53009
488;Totaal mannen en vrouwen;0 tot 5 jaar;Westerse migratieachtergrond;2001;62158;8019;54139
489;Totaal mannen en vrouwen;0 tot 5 jaar;Westerse migratieachtergrond;2002;63360;8075;55285
490;Totaal mannen en vrouwen;0 tot 5 jaar;Westerse migratieachtergrond;2003;63805;7419;56386
491;Totaal mannen en vrouwen;0 tot 5 jaar;Westerse migratieachtergrond;2004;63947;6891;57056
492;Totaal mannen en vrouwen;0 tot 5 jaar;Westerse migratieachtergrond;2005;63839;6573;57266
493;Totaal mannen en vrouwen;0 tot 5 jaar;Westerse migratieachtergrond;2006;63137;6493;56644
494;Totaal mannen en vrouwen;0 tot 5 jaar;Westerse migratieachtergrond;2007;62814;6755;56059
495;Totaal mannen en vrouwen;0 tot 5 jaar;Westerse migratieachtergrond;2008;63179;7477;55702
496;Totaal mannen en vrouwen;0 tot 5 jaar;Westerse migratieachtergrond;2009;64789;8674;56115
497;Totaal mannen en vrouwen;0 tot 5 jaar;Westerse migratieachtergrond;2010;66683;9275;57408
498;Totaal mannen en vrouwen;0 tot 5 jaar;Westerse migratieachtergrond;2011;68939;9865;59074
499;Totaal mannen en vrouwen;0 tot 5 jaar;Westerse migratieachtergrond;2012;71324;10625;60699
500;Totaal mannen en vrouwen;0 tot 5 jaar;Westerse migratieachtergrond;2013;73011;10756;62255
501;Totaal mannen en vrouwen;0 tot 5 jaar;Westerse migratieachtergrond;2014;73693;10741;62952
502;Totaal mannen en vrouwen;0 tot 5 jaar;Westerse migratieachtergrond;2015;74923;10929;63994
503;Totaal mannen en vrouwen;0 tot 5 jaar;Westerse migratieachtergrond;2016;75826;11000;64826
504;Totaal mannen en vrouwen;0 tot 5 jaar;Westerse migratieachtergrond;2017;77198;11122;66076
505;Totaal mannen en vrouwen;0 tot 5 jaar;Westerse migratieachtergrond;2018;78859;11374;67485
506;Totaal mannen en vrouwen;0 tot 5 jaar;Westerse migratieachtergrond;2019;80791;11921;68870
507;Totaal mannen en vrouwen;0 tot 5 jaar;Westerse migratieachtergrond;2020;82774;12452;70322
508;Totaal mannen en vrouwen;0 tot 5 jaar;Westerse migratieachtergrond;2021;83725;12008;71717
509;Totaal mannen en vrouwen;0 tot 5 jaar;Westerse migratieachtergrond;2022;85514;11661;73853
510;Totaal mannen en vrouwen;0 tot 5 jaar;Niet-westerse migratieachtergrond;1972;19749;3670;16079
511;Totaal mannen en vrouwen;0 tot 5 jaar;Niet-westerse migratieachtergrond;1973;23364;5104;18260
512;Totaal mannen en vrouwen;0 tot 5 jaar;Niet-westerse migratieachtergrond;1974;27557;7228;20329
513;Totaal mannen en vrouwen;0 tot 5 jaar;Niet-westerse migratieachtergrond;1975;32919;10118;22801
514;Totaal mannen en vrouwen;0 tot 5 jaar;Niet-westerse migratieachtergrond;1976;40707;15027;25680
515;Totaal mannen en vrouwen;0 tot 5 jaar;Niet-westerse migratieachtergrond;1977;43429;14352;29077
516;Totaal mannen en vrouwen;0 tot 5 jaar;Niet-westerse migratieachtergrond;1978;47214;13503;33711
517;Totaal mannen en vrouwen;0 tot 5 jaar;Niet-westerse migratieachtergrond;1979;52566;13154;39412
518;Totaal mannen en vrouwen;0 tot 5 jaar;Niet-westerse migratieachtergrond;1980;60229;14520;45709
519;Totaal mannen en vrouwen;0 tot 5 jaar;Niet-westerse migratieachtergrond;1981;70073;16881;53192
520;Totaal mannen en vrouwen;0 tot 5 jaar;Niet-westerse migratieachtergrond;1982;76209;15331;60878
521;Totaal mannen en vrouwen;0 tot 5 jaar;Niet-westerse migratieachtergrond;1983;79935;12692;67243
522;Totaal mannen en vrouwen;0 tot 5 jaar;Niet-westerse migratieachtergrond;1984;82787;9927;72860
523;Totaal mannen en vrouwen;0 tot 5 jaar;Niet-westerse migratieachtergrond;1985;85685;8045;77640
524;Totaal mannen en vrouwen;0 tot 5 jaar;Niet-westerse migratieachtergrond;1986;88548;7850;80698
525;Totaal mannen en vrouwen;0 tot 5 jaar;Niet-westerse migratieachtergrond;1987;91958;8544;83414
526;Totaal mannen en vrouwen;0 tot 5 jaar;Niet-westerse migratieachtergrond;1988;97037;9858;87179
527;Totaal mannen en vrouwen;0 tot 5 jaar;Niet-westerse migratieachtergrond;1989;102163;10160;92003
528;Totaal mannen en vrouwen;0 tot 5 jaar;Niet-westerse migratieachtergrond;1990;107371;10199;97172
529;Totaal mannen en vrouwen;0 tot 5 jaar;Niet-westerse migratieachtergrond;1991;114193;10590;103603
530;Totaal mannen en vrouwen;0 tot 5 jaar;Niet-westerse migratieachtergrond;1992;120090;10532;109558
531;Totaal mannen en vrouwen;0 tot 5 jaar;Niet-westerse migratieachtergrond;1993;125406;9973;115433
532;Totaal mannen en vrouwen;0 tot 5 jaar;Niet-westerse migratieachtergrond;1994;129739;9831;119908
533;Totaal mannen en vrouwen;0 tot 5 jaar;Niet-westerse migratieachtergrond;1995;135277;8989;126288
534;Totaal mannen en vrouwen;0 tot 5 jaar;Niet-westerse migratieachtergrond;1996;136881;8347;128534
535;Totaal mannen en vrouwen;0 tot 5 jaar;Niet-westerse migratieachtergrond;1997;139274;8340;130934
536;Totaal mannen en vrouwen;0 tot 5 jaar;Niet-westerse migratieachtergrond;1998;142341;8330;134011
537;Totaal mannen en vrouwen;0 tot 5 jaar;Niet-westerse migratieachtergrond;1999;148158;9099;139059
538;Totaal mannen en vrouwen;0 tot 5 jaar;Niet-westerse migratieachtergrond;2000;153075;9618;143457
539;Totaal mannen en vrouwen;0 tot 5 jaar;Niet-westerse migratieachtergrond;2001;160122;10117;150005
540;Totaal mannen en vrouwen;0 tot 5 jaar;Niet-westerse migratieachtergrond;2002;166006;10066;155940
541;Totaal mannen en vrouwen;0 tot 5 jaar;Niet-westerse migratieachtergrond;2003;169586;9116;160470
542;Totaal mannen en vrouwen;0 tot 5 jaar;Niet-westerse migratieachtergrond;2004;170493;7955;162538
543;Totaal mannen en vrouwen;0 tot 5 jaar;Niet-westerse migratieachtergrond;2005;169966;7022;162944
544;Totaal mannen en vrouwen;0 tot 5 jaar;Niet-westerse migratieachtergrond;2006;166667;5692;160975
545;Totaal mannen en vrouwen;0 tot 5 jaar;Niet-westerse migratieachtergrond;2007;163476;5087;158389
546;Totaal mannen en vrouwen;0 tot 5 jaar;Niet-westerse migratieachtergrond;2008;160860;4875;155985
547;Totaal mannen en vrouwen;0 tot 5 jaar;Niet-westerse migratieachtergrond;2009;159896;5402;154494
548;Totaal mannen en vrouwen;0 tot 5 jaar;Niet-westerse migratieachtergrond;2010;158955;5865;153090
549;Totaal mannen en vrouwen;0 tot 5 jaar;Niet-westerse migratieachtergrond;2011;158545;6222;152323
550;Totaal mannen en vrouwen;0 tot 5 jaar;Niet-westerse migratieachtergrond;2012;157485;6221;151264
551;Totaal mannen en vrouwen;0 tot 5 jaar;Niet-westerse migratieachtergrond;2013;155777;5863;149914
552;Totaal mannen en vrouwen;0 tot 5 jaar;Niet-westerse migratieachtergrond;2014;152725;5971;146754
553;Totaal mannen en vrouwen;0 tot 5 jaar;Niet-westerse migratieachtergrond;2015;152186;6878;145308
554;Totaal mannen en vrouwen;0 tot 5 jaar;Niet-westerse migratieachtergrond;2016;152264;9464;142800
555;Totaal mannen en vrouwen;0 tot 5 jaar;Niet-westerse migratieachtergrond;2017;154202;12009;142193
556;Totaal mannen en vrouwen;0 tot 5 jaar;Niet-westerse migratieachtergrond;2018;154849;13397;141452
557;Totaal mannen en vrouwen;0 tot 5 jaar;Niet-westerse migratieachtergrond;2019;156134;13329;142805
558;Totaal mannen en vrouwen;0 tot 5 jaar;Niet-westerse migratieachtergrond;2020;156862;13077;143785
559;Totaal mannen en vrouwen;0 tot 5 jaar;Niet-westerse migratieachtergrond;2021;155600;10721;144879
560;Totaal mannen en vrouwen;0 tot 5 jaar;Niet-westerse migratieachtergrond;2022;156102;11384;144718
561;Totaal mannen en vrouwen;0 tot 5 jaar;Marokko;1972;1001;42;959
562;Totaal mannen en vrouwen;0 tot 5 jaar;Marokko;1973;1634;281;1353
563;Totaal mannen en vrouwen;0 tot 5 jaar;Marokko;1974;2442;546;1896
564;Totaal mannen en vrouwen;0 tot 5 jaar;Marokko;1975;3389;811;2578
565;Totaal mannen en vrouwen;0 tot 5 jaar;Marokko;1976;4574;1058;3516
566;Totaal mannen en vrouwen;0 tot 5 jaar;Marokko;1977;5898;1338;4560
567;Totaal mannen en vrouwen;0 tot 5 jaar;Marokko;1978;7479;1642;5837
568;Totaal mannen en vrouwen;0 tot 5 jaar;Marokko;1979;9208;2009;7199
569;Totaal mannen en vrouwen;0 tot 5 jaar;Marokko;1980;11120;2307;8813
570;Totaal mannen en vrouwen;0 tot 5 jaar;Marokko;1981;13326;2832;10494
571;Totaal mannen en vrouwen;0 tot 5 jaar;Marokko;1982;15214;2904;12310
572;Totaal mannen en vrouwen;0 tot 5 jaar;Marokko;1983;16666;2619;14047
573;Totaal mannen en vrouwen;0 tot 5 jaar;Marokko;1984;17782;2135;15647
574;Totaal mannen en vrouwen;0 tot 5 jaar;Marokko;1985;18709;1775;16934
575;Totaal mannen en vrouwen;0 tot 5 jaar;Marokko;1986;19898;1834;18064
576;Totaal mannen en vrouwen;0 tot 5 jaar;Marokko;1987;20964;1967;18997
577;Totaal mannen en vrouwen;0 tot 5 jaar;Marokko;1988;22032;2031;20001
578;Totaal mannen en vrouwen;0 tot 5 jaar;Marokko;1989;23304;2082;21222
579;Totaal mannen en vrouwen;0 tot 5 jaar;Marokko;1990;24681;2010;22671
580;Totaal mannen en vrouwen;0 tot 5 jaar;Marokko;1991;26209;1887;24322
581;Totaal mannen en vrouwen;0 tot 5 jaar;Marokko;1992;27553;1749;25804
582;Totaal mannen en vrouwen;0 tot 5 jaar;Marokko;1993;28854;1514;27340
583;Totaal mannen en vrouwen;0 tot 5 jaar;Marokko;1994;29660;1326;28334
584;Totaal mannen en vrouwen;0 tot 5 jaar;Marokko;1995;30213;1205;29008
585;Totaal mannen en vrouwen;0 tot 5 jaar;Marokko;1996;30202;1034;29168
586;Totaal mannen en vrouwen;0 tot 5 jaar;Marokko;1997;30433;858;29575
587;Totaal mannen en vrouwen;0 tot 5 jaar;Marokko;1998;30638;806;29832
588;Totaal mannen en vrouwen;0 tot 5 jaar;Marokko;1999;31495;794;30701
589;Totaal mannen en vrouwen;0 tot 5 jaar;Marokko;2000;32374;828;31546
590;Totaal mannen en vrouwen;0 tot 5 jaar;Marokko;2001;34084;785;33299
591;Totaal mannen en vrouwen;0 tot 5 jaar;Marokko;2002;35575;756;34819
592;Totaal mannen en vrouwen;0 tot 5 jaar;Marokko;2003;36959;698;36261
593;Totaal mannen en vrouwen;0 tot 5 jaar;Marokko;2004;38319;695;37624
594;Totaal mannen en vrouwen;0 tot 5 jaar;Marokko;2005;39489;639;38850
595;Totaal mannen en vrouwen;0 tot 5 jaar;Marokko;2006;39925;542;39383
596;Totaal mannen en vrouwen;0 tot 5 jaar;Marokko;2007;40092;452;39640
597;Totaal mannen en vrouwen;0 tot 5 jaar;Marokko;2008;39800;355;39445
598;Totaal mannen en vrouwen;0 tot 5 jaar;Marokko;2009;39390;286;39104
599;Totaal mannen en vrouwen;0 tot 5 jaar;Marokko;2010;38785;291;38494
600;Totaal mannen en vrouwen;0 tot 5 jaar;Marokko;2011;37932;294;37638
601;Totaal mannen en vrouwen;0 tot 5 jaar;Marokko;2012;37116;307;36809
602;Totaal mannen en vrouwen;0 tot 5 jaar;Marokko;2013;36206;304;35902
603;Totaal mannen en vrouwen;0 tot 5 jaar;Marokko;2014;34824;281;34543
604;Totaal mannen en vrouwen;0 tot 5 jaar;Marokko;2015;33713;281;33432
605;Totaal mannen en vrouwen;0 tot 5 jaar;Marokko;2016;32333;262;32071
606;Totaal mannen en vrouwen;0 tot 5 jaar;Marokko;2017;30982;267;30715
607;Totaal mannen en vrouwen;0 tot 5 jaar;Marokko;2018;29580;298;29282
608;Totaal mannen en vrouwen;0 tot 5 jaar;Marokko;2019;28362;500;27862
609;Totaal mannen en vrouwen;0 tot 5 jaar;Marokko;2020;27077;618;26459
610;Totaal mannen en vrouwen;0 tot 5 jaar;Marokko;2021;25799;571;25228
611;Totaal mannen en vrouwen;0 tot 5 jaar;Marokko;2022;24418;571;23847
612;Totaal mannen en vrouwen;0 tot 5 jaar;(voormalige) Nederlandse Antillen, Aruba;1972;3959;604;3355
613;Totaal mannen en vrouwen;0 tot 5 jaar;(voormalige) Nederlandse Antillen, Aruba;1973;4046;569;3477
614;Totaal mannen en vrouwen;0 tot 5 jaar;(voormalige) Nederlandse Antillen, Aruba;1974;3994;552;3442
615;Totaal mannen en vrouwen;0 tot 5 jaar;(voormalige) Nederlandse Antillen, Aruba;1975;3934;572;3362
616;Totaal mannen en vrouwen;0 tot 5 jaar;(voormalige) Nederlandse Antillen, Aruba;1976;3768;606;3162
617;Totaal mannen en vrouwen;0 tot 5 jaar;(voormalige) Nederlandse Antillen, Aruba;1977;3656;614;3042
618;Totaal mannen en vrouwen;0 tot 5 jaar;(voormalige) Nederlandse Antillen, Aruba;1978;3719;647;3072
619;Totaal mannen en vrouwen;0 tot 5 jaar;(voormalige) Nederlandse Antillen, Aruba;1979;3910;659;3251
620;Totaal mannen en vrouwen;0 tot 5 jaar;(voormalige) Nederlandse Antillen, Aruba;1980;4144;713;3431
621;Totaal mannen en vrouwen;0 tot 5 jaar;(voormalige) Nederlandse Antillen, Aruba;1981;4600;857;3743
622;Totaal mannen en vrouwen;0 tot 5 jaar;(voormalige) Nederlandse Antillen, Aruba;1982;4862;817;4045
623;Totaal mannen en vrouwen;0 tot 5 jaar;(voormalige) Nederlandse Antillen, Aruba;1983;5103;774;4329
624;Totaal mannen en vrouwen;0 tot 5 jaar;(voormalige) Nederlandse Antillen, Aruba;1984;5265;703;4562
625;Totaal mannen en vrouwen;0 tot 5 jaar;(voormalige) Nederlandse Antillen, Aruba;1985;5490;661;4829
626;Totaal mannen en vrouwen;0 tot 5 jaar;(voormalige) Nederlandse Antillen, Aruba;1986;5848;892;4956
627;Totaal mannen en vrouwen;0 tot 5 jaar;(voormalige) Nederlandse Antillen, Aruba;1987;6364;1175;5189
628;Totaal mannen en vrouwen;0 tot 5 jaar;(voormalige) Nederlandse Antillen, Aruba;1988;6908;1463;5445
629;Totaal mannen en vrouwen;0 tot 5 jaar;(voormalige) Nederlandse Antillen, Aruba;1989;7419;1643;5776
630;Totaal mannen en vrouwen;0 tot 5 jaar;(voormalige) Nederlandse Antillen, Aruba;1990;7868;1724;6144
631;Totaal mannen en vrouwen;0 tot 5 jaar;(voormalige) Nederlandse Antillen, Aruba;1991;8407;1655;6752
632;Totaal mannen en vrouwen;0 tot 5 jaar;(voormalige) Nederlandse Antillen, Aruba;1992;8921;1661;7260
633;Totaal mannen en vrouwen;0 tot 5 jaar;(voormalige) Nederlandse Antillen, Aruba;1993;9096;1372;7724
634;Totaal mannen en vrouwen;0 tot 5 jaar;(voormalige) Nederlandse Antillen, Aruba;1994;9168;1098;8070
635;Totaal mannen en vrouwen;0 tot 5 jaar;(voormalige) Nederlandse Antillen, Aruba;1995;9321;889;8432
636;Totaal mannen en vrouwen;0 tot 5 jaar;(voormalige) Nederlandse Antillen, Aruba;1996;9152;802;8350
637;Totaal mannen en vrouwen;0 tot 5 jaar;(voormalige) Nederlandse Antillen, Aruba;1997;8979;811;8168
638;Totaal mannen en vrouwen;0 tot 5 jaar;(voormalige) Nederlandse Antillen, Aruba;1998;9004;919;8085
639;Totaal mannen en vrouwen;0 tot 5 jaar;(voormalige) Nederlandse Antillen, Aruba;1999;9600;1352;8248
640;Totaal mannen en vrouwen;0 tot 5 jaar;(voormalige) Nederlandse Antillen, Aruba;2000;10211;1709;8502
641;Totaal mannen en vrouwen;0 tot 5 jaar;(voormalige) Nederlandse Antillen, Aruba;2001;10974;2033;8941
642;Totaal mannen en vrouwen;0 tot 5 jaar;(voormalige) Nederlandse Antillen, Aruba;2002;11568;1951;9617
643;Totaal mannen en vrouwen;0 tot 5 jaar;(voormalige) Nederlandse Antillen, Aruba;2003;11931;1629;10302
644;Totaal mannen en vrouwen;0 tot 5 jaar;(voormalige) Nederlandse Antillen, Aruba;2004;11750;1174;10576
645;Totaal mannen en vrouwen;0 tot 5 jaar;(voormalige) Nederlandse Antillen, Aruba;2005;11335;776;10559
646;Totaal mannen en vrouwen;0 tot 5 jaar;(voormalige) Nederlandse Antillen, Aruba;2006;10912;506;10406
647;Totaal mannen en vrouwen;0 tot 5 jaar;(voormalige) Nederlandse Antillen, Aruba;2007;10611;408;10203
648;Totaal mannen en vrouwen;0 tot 5 jaar;(voormalige) Nederlandse Antillen, Aruba;2008;10520;406;10114
649;Totaal mannen en vrouwen;0 tot 5 jaar;(voormalige) Nederlandse Antillen, Aruba;2009;10785;465;10320
650;Totaal mannen en vrouwen;0 tot 5 jaar;(voormalige) Nederlandse Antillen, Aruba;2010;11069;542;10527
651;Totaal mannen en vrouwen;0 tot 5 jaar;(voormalige) Nederlandse Antillen, Aruba;2011;11357;605;10752
652;Totaal mannen en vrouwen;0 tot 5 jaar;(voormalige) Nederlandse Antillen, Aruba;2012;11459;602;10857
653;Totaal mannen en vrouwen;0 tot 5 jaar;(voormalige) Nederlandse Antillen, Aruba;2013;11224;538;10686
654;Totaal mannen en vrouwen;0 tot 5 jaar;(voormalige) Nederlandse Antillen, Aruba;2014;10934;485;10449
655;Totaal mannen en vrouwen;0 tot 5 jaar;(voormalige) Nederlandse Antillen, Aruba;2015;10942;434;10508
656;Totaal mannen en vrouwen;0 tot 5 jaar;(voormalige) Nederlandse Antillen, Aruba;2016;10783;438;10345
657;Totaal mannen en vrouwen;0 tot 5 jaar;(voormalige) Nederlandse Antillen, Aruba;2017;10813;482;10331
658;Totaal mannen en vrouwen;0 tot 5 jaar;(voormalige) Nederlandse Antillen, Aruba;2018;10837;531;10306
659;Totaal mannen en vrouwen;0 tot 5 jaar;(voormalige) Nederlandse Antillen, Aruba;2019;10962;638;10324
660;Totaal mannen en vrouwen;0 tot 5 jaar;(voormalige) Nederlandse Antillen, Aruba;2020;10993;733;10260
661;Totaal mannen en vrouwen;0 tot 5 jaar;(voormalige) Nederlandse Antillen, Aruba;2021;11192;781;10411
662;Totaal mannen en vrouwen;0 tot 5 jaar;(voormalige) Nederlandse Antillen, Aruba;2022;11289;820;10469
663;Totaal mannen en vrouwen;0 tot 5 jaar;Suriname;1972;7912;1498;6414
664;Totaal mannen en vrouwen;0 tot 5 jaar;Suriname;1973;8363;1570;6793
665;Totaal mannen en vrouwen;0 tot 5 jaar;Suriname;1974;9000;2019;6981
666;Totaal mannen en vrouwen;0 tot 5 jaar;Suriname;1975;10469;3240;7229
667;Totaal mannen en vrouwen;0 tot 5 jaar;Suriname;1976;14352;6590;7762
668;Totaal mannen en vrouwen;0 tot 5 jaar;Suriname;1977;13787;5166;8621
669;Totaal mannen en vrouwen;0 tot 5 jaar;Suriname;1978;13448;3692;9756
670;Totaal mannen en vrouwen;0 tot 5 jaar;Suriname;1979;13683;2572;11111
671;Totaal mannen en vrouwen;0 tot 5 jaar;Suriname;1980;15438;2858;12580
672;Totaal mannen en vrouwen;0 tot 5 jaar;Suriname;1981;18002;3596;14406
673;Totaal mannen en vrouwen;0 tot 5 jaar;Suriname;1982;18768;2806;15962
674;Totaal mannen en vrouwen;0 tot 5 jaar;Suriname;1983;19597;1959;17638
675;Totaal mannen en vrouwen;0 tot 5 jaar;Suriname;1984;20536;1259;19277
676;Totaal mannen en vrouwen;0 tot 5 jaar;Suriname;1985;21523;715;20808
677;Totaal mannen en vrouwen;0 tot 5 jaar;Suriname;1986;22363;680;21683
678;Totaal mannen en vrouwen;0 tot 5 jaar;Suriname;1987;23260;768;22492
679;Totaal mannen en vrouwen;0 tot 5 jaar;Suriname;1988;23916;883;23033
680;Totaal mannen en vrouwen;0 tot 5 jaar;Suriname;1989;24429;799;23630
681;Totaal mannen en vrouwen;0 tot 5 jaar;Suriname;1990;24573;801;23772
682;Totaal mannen en vrouwen;0 tot 5 jaar;Suriname;1991;25050;975;24075
683;Totaal mannen en vrouwen;0 tot 5 jaar;Suriname;1992;25195;1014;24181
684;Totaal mannen en vrouwen;0 tot 5 jaar;Suriname;1993;25298;1084;24214
685;Totaal mannen en vrouwen;0 tot 5 jaar;Suriname;1994;25262;1166;24096
686;Totaal mannen en vrouwen;0 tot 5 jaar;Suriname;1995;24858;836;24022
687;Totaal mannen en vrouwen;0 tot 5 jaar;Suriname;1996;24206;555;23651
688;Totaal mannen en vrouwen;0 tot 5 jaar;Suriname;1997;23603;424;23179
689;Totaal mannen en vrouwen;0 tot 5 jaar;Suriname;1998;23356;348;23008
690;Totaal mannen en vrouwen;0 tot 5 jaar;Suriname;1999;23302;397;22905
691;Totaal mannen en vrouwen;0 tot 5 jaar;Suriname;2000;23492;434;23058
692;Totaal mannen en vrouwen;0 tot 5 jaar;Suriname;2001;23864;478;23386
693;Totaal mannen en vrouwen;0 tot 5 jaar;Suriname;2002;24179;465;23714
694;Totaal mannen en vrouwen;0 tot 5 jaar;Suriname;2003;24156;427;23729
695;Totaal mannen en vrouwen;0 tot 5 jaar;Suriname;2004;23891;427;23464
696;Totaal mannen en vrouwen;0 tot 5 jaar;Suriname;2005;23075;361;22714
697;Totaal mannen en vrouwen;0 tot 5 jaar;Suriname;2006;21964;278;21686
698;Totaal mannen en vrouwen;0 tot 5 jaar;Suriname;2007;20755;202;20553
699;Totaal mannen en vrouwen;0 tot 5 jaar;Suriname;2008;19687;176;19511
700;Totaal mannen en vrouwen;0 tot 5 jaar;Suriname;2009;18902;180;18722
701;Totaal mannen en vrouwen;0 tot 5 jaar;Suriname;2010;18325;223;18102
702;Totaal mannen en vrouwen;0 tot 5 jaar;Suriname;2011;17836;226;17610
703;Totaal mannen en vrouwen;0 tot 5 jaar;Suriname;2012;17164;204;16960
704;Totaal mannen en vrouwen;0 tot 5 jaar;Suriname;2013;16411;185;16226
705;Totaal mannen en vrouwen;0 tot 5 jaar;Suriname;2014;15489;173;15316
706;Totaal mannen en vrouwen;0 tot 5 jaar;Suriname;2015;14492;163;14329
707;Totaal mannen en vrouwen;0 tot 5 jaar;Suriname;2016;13496;158;13338
708;Totaal mannen en vrouwen;0 tot 5 jaar;Suriname;2017;12677;183;12494
709;Totaal mannen en vrouwen;0 tot 5 jaar;Suriname;2018;11990;208;11782
710;Totaal mannen en vrouwen;0 tot 5 jaar;Suriname;2019;11376;263;11113
711;Totaal mannen en vrouwen;0 tot 5 jaar;Suriname;2020;10961;345;10616
712;Totaal mannen en vrouwen;0 tot 5 jaar;Suriname;2021;10504;291;10213
713;Totaal mannen en vrouwen;0 tot 5 jaar;Suriname;2022;10071;252;9819
714;Totaal mannen en vrouwen;0 tot 5 jaar;Turkije;1972;3360;953;2407
715;Totaal mannen en vrouwen;0 tot 5 jaar;Turkije;1973;4842;1473;3369
716;Totaal mannen en vrouwen;0 tot 5 jaar;Turkije;1974;6812;2331;4481
717;Totaal mannen en vrouwen;0 tot 5 jaar;Turkije;1975;8864;3174;5690
718;Totaal mannen en vrouwen;0 tot 5 jaar;Turkije;1976;10596;3609;6987
719;Totaal mannen en vrouwen;0 tot 5 jaar;Turkije;1977;12028;3829;8199
720;Totaal mannen en vrouwen;0 tot 5 jaar;Turkije;1978;13726;4026;9700
721;Totaal mannen en vrouwen;0 tot 5 jaar;Turkije;1979;15713;4291;11422
722;Totaal mannen en vrouwen;0 tot 5 jaar;Turkije;1980;18062;4786;13276
723;Totaal mannen en vrouwen;0 tot 5 jaar;Turkije;1981;20935;5464;15471
724;Totaal mannen en vrouwen;0 tot 5 jaar;Turkije;1982;22597;4677;17920
725;Totaal mannen en vrouwen;0 tot 5 jaar;Turkije;1983;22721;3406;19315
726;Totaal mannen en vrouwen;0 tot 5 jaar;Turkije;1984;22542;2166;20376
727;Totaal mannen en vrouwen;0 tot 5 jaar;Turkije;1985;22408;1330;21078
728;Totaal mannen en vrouwen;0 tot 5 jaar;Turkije;1986;22198;1090;21108
729;Totaal mannen en vrouwen;0 tot 5 jaar;Turkije;1987;22242;1297;20945
730;Totaal mannen en vrouwen;0 tot 5 jaar;Turkije;1988;23306;1488;21818
731;Totaal mannen en vrouwen;0 tot 5 jaar;Turkije;1989;24888;1585;23303
732;Totaal mannen en vrouwen;0 tot 5 jaar;Turkije;1990;26790;1453;25337
733;Totaal mannen en vrouwen;0 tot 5 jaar;Turkije;1991;29179;1388;27791
734;Totaal mannen en vrouwen;0 tot 5 jaar;Turkije;1992;31563;1318;30245
735;Totaal mannen en vrouwen;0 tot 5 jaar;Turkije;1993;33381;1201;32180
736;Totaal mannen en vrouwen;0 tot 5 jaar;Turkije;1994;34412;1077;33335
737;Totaal mannen en vrouwen;0 tot 5 jaar;Turkije;1995;34956;947;34009
738;Totaal mannen en vrouwen;0 tot 5 jaar;Turkije;1996;34859;892;33967
739;Totaal mannen en vrouwen;0 tot 5 jaar;Turkije;1997;34788;877;33911
740;Totaal mannen en vrouwen;0 tot 5 jaar;Turkije;1998;34956;891;34065
741;Totaal mannen en vrouwen;0 tot 5 jaar;Turkije;1999;35276;908;34368
742;Totaal mannen en vrouwen;0 tot 5 jaar;Turkije;2000;35153;887;34266
743;Totaal mannen en vrouwen;0 tot 5 jaar;Turkije;2001;35558;820;34738
744;Totaal mannen en vrouwen;0 tot 5 jaar;Turkije;2002;35574;813;34761
745;Totaal mannen en vrouwen;0 tot 5 jaar;Turkije;2003;35031;762;34269
746;Totaal mannen en vrouwen;0 tot 5 jaar;Turkije;2004;34236;696;33540
747;Totaal mannen en vrouwen;0 tot 5 jaar;Turkije;2005;33539;614;32925
748;Totaal mannen en vrouwen;0 tot 5 jaar;Turkije;2006;32693;536;32157
749;Totaal mannen en vrouwen;0 tot 5 jaar;Turkije;2007;31716;450;31266
750;Totaal mannen en vrouwen;0 tot 5 jaar;Turkije;2008;30754;366;30388
751;Totaal mannen en vrouwen;0 tot 5 jaar;Turkije;2009;29860;411;29449
752;Totaal mannen en vrouwen;0 tot 5 jaar;Turkije;2010;28808;443;28365
753;Totaal mannen en vrouwen;0 tot 5 jaar;Turkije;2011;27793;489;27304
754;Totaal mannen en vrouwen;0 tot 5 jaar;Turkije;2012;26771;497;26274
755;Totaal mannen en vrouwen;0 tot 5 jaar;Turkije;2013;25807;468;25339
756;Totaal mannen en vrouwen;0 tot 5 jaar;Turkije;2014;24593;451;24142
757;Totaal mannen en vrouwen;0 tot 5 jaar;Turkije;2015;24052;444;23608
758;Totaal mannen en vrouwen;0 tot 5 jaar;Turkije;2016;23205;502;22703
759;Totaal mannen en vrouwen;0 tot 5 jaar;Turkije;2017;22826;822;22004
760;Totaal mannen en vrouwen;0 tot 5 jaar;Turkije;2018;22424;1374;21050
761;Totaal mannen en vrouwen;0 tot 5 jaar;Turkije;2019;22065;1647;20418
762;Totaal mannen en vrouwen;0 tot 5 jaar;Turkije;2020;21198;1843;19355
763;Totaal mannen en vrouwen;0 tot 5 jaar;Turkije;2021;20026;1644;18382
764;Totaal mannen en vrouwen;0 tot 5 jaar;Turkije;2022;19222;1802;17420
765;Totaal mannen en vrouwen;0 tot 5 jaar;Overige niet-westerse migratieachterg...;1972;3517;573;2944
766;Totaal mannen en vrouwen;0 tot 5 jaar;Overige niet-westerse migratieachterg...;1973;4479;1211;3268
767;Totaal mannen en vrouwen;0 tot 5 jaar;Overige niet-westerse migratieachterg...;1974;5309;1780;3529
768;Totaal mannen en vrouwen;0 tot 5 jaar;Overige niet-westerse migratieachterg...;1975;6263;2321;3942
769;Totaal mannen en vrouwen;0 tot 5 jaar;Overige niet-westerse migratieachterg...;1976;7417;3164;4253
770;Totaal mannen en vrouwen;0 tot 5 jaar;Overige niet-westerse migratieachterg...;1977;8060;3405;4655
771;Totaal mannen en vrouwen;0 tot 5 jaar;Overige niet-westerse migratieachterg...;1978;8842;3496;5346
772;Totaal mannen en vrouwen;0 tot 5 jaar;Overige niet-westerse migratieachterg...;1979;10052;3623;6429
773;Totaal mannen en vrouwen;0 tot 5 jaar;Overige niet-westerse migratieachterg...;1980;11465;3856;7609
774;Totaal mannen en vrouwen;0 tot 5 jaar;Overige niet-westerse migratieachterg...;1981;13210;4132;9078
775;Totaal mannen en vrouwen;0 tot 5 jaar;Overige niet-westerse migratieachterg...;1982;14768;4127;10641
776;Totaal mannen en vrouwen;0 tot 5 jaar;Overige niet-westerse migratieachterg...;1983;15848;3934;11914
777;Totaal mannen en vrouwen;0 tot 5 jaar;Overige niet-westerse migratieachterg...;1984;16662;3664;12998
778;Totaal mannen en vrouwen;0 tot 5 jaar;Overige niet-westerse migratieachterg...;1985;17555;3564;13991
779;Totaal mannen en vrouwen;0 tot 5 jaar;Overige niet-westerse migratieachterg...;1986;18241;3354;14887
780;Totaal mannen en vrouwen;0 tot 5 jaar;Overige niet-westerse migratieachterg...;1987;19128;3337;15791
781;Totaal mannen en vrouwen;0 tot 5 jaar;Overige niet-westerse migratieachterg...;1988;20875;3993;16882
782;Totaal mannen en vrouwen;0 tot 5 jaar;Overige niet-westerse migratieachterg...;1989;22123;4051;18072
783;Totaal mannen en vrouwen;0 tot 5 jaar;Overige niet-westerse migratieachterg...;1990;23459;4211;19248
784;Totaal mannen en vrouwen;0 tot 5 jaar;Overige niet-westerse migratieachterg...;1991;25348;4685;20663
785;Totaal mannen en vrouwen;0 tot 5 jaar;Overige niet-westerse migratieachterg...;1992;26858;4790;22068
786;Totaal mannen en vrouwen;0 tot 5 jaar;Overige niet-westerse migratieachterg...;1993;28777;4802;23975
787;Totaal mannen en vrouwen;0 tot 5 jaar;Overige niet-westerse migratieachterg...;1994;31237;5164;26073
788;Totaal mannen en vrouwen;0 tot 5 jaar;Overige niet-westerse migratieachterg...;1995;35929;5112;30817
789;Totaal mannen en vrouwen;0 tot 5 jaar;Overige niet-westerse migratieachterg...;1996;38462;5064;33398
790;Totaal mannen en vrouwen;0 tot 5 jaar;Overige niet-westerse migratieachterg...;1997;41471;5370;36101
791;Totaal mannen en vrouwen;0 tot 5 jaar;Overige niet-westerse migratieachterg...;1998;44387;5366;39021
792;Totaal mannen en vrouwen;0 tot 5 jaar;Overige niet-westerse migratieachterg...;1999;48485;5648;42837
793;Totaal mannen en vrouwen;0 tot 5 jaar;Overige niet-westerse migratieachterg...;2000;51845;5760;46085
794;Totaal mannen en vrouwen;0 tot 5 jaar;Overige niet-westerse migratieachterg...;2001;55642;6001;49641
795;Totaal mannen en vrouwen;0 tot 5 jaar;Overige niet-westerse migratieachterg...;2002;59110;6081;53029
796;Totaal mannen en vrouwen;0 tot 5 jaar;Overige niet-westerse migratieachterg...;2003;61509;5600;55909
797;Totaal mannen en vrouwen;0 tot 5 jaar;Overige niet-westerse migratieachterg...;2004;62297;4963;57334
798;Totaal mannen en vrouwen;0 tot 5 jaar;Overige niet-westerse migratieachterg...;2005;62528;4632;57896
799;Totaal mannen en vrouwen;0 tot 5 jaar;Overige niet-westerse migratieachterg...;2006;61173;3830;57343
800;Totaal mannen en vrouwen;0 tot 5 jaar;Overige niet-westerse migratieachterg...;2007;60302;3575;56727
801;Totaal mannen en vrouwen;0 tot 5 jaar;Overige niet-westerse migratieachterg...;2008;60099;3572;56527
802;Totaal mannen en vrouwen;0 tot 5 jaar;Overige niet-westerse migratieachterg...;2009;60959;4060;56899
803;Totaal mannen en vrouwen;0 tot 5 jaar;Overige niet-westerse migratieachterg...;2010;61968;4366;57602
804;Totaal mannen en vrouwen;0 tot 5 jaar;Overige niet-westerse migratieachterg...;2011;63627;4608;59019
805;Totaal mannen en vrouwen;0 tot 5 jaar;Overige niet-westerse migratieachterg...;2012;64975;4611;60364
806;Totaal mannen en vrouwen;0 tot 5 jaar;Overige niet-westerse migratieachterg...;2013;66129;4368;61761
807;Totaal mannen en vrouwen;0 tot 5 jaar;Overige niet-westerse migratieachterg...;2014;66885;4581;62304
808;Totaal mannen en vrouwen;0 tot 5 jaar;Overige niet-westerse migratieachterg...;2015;68987;5556;63431
809;Totaal mannen en vrouwen;0 tot 5 jaar;Overige niet-westerse migratieachterg...;2016;72447;8104;64343
810;Totaal mannen en vrouwen;0 tot 5 jaar;Overige niet-westerse migratieachterg...;2017;76904;10255;66649
811;Totaal mannen en vrouwen;0 tot 5 jaar;Overige niet-westerse migratieachterg...;2018;80018;10986;69032
812;Totaal mannen en vrouwen;0 tot 5 jaar;Overige niet-westerse migratieachterg...;2019;83369;10281;73088
813;Totaal mannen en vrouwen;0 tot 5 jaar;Overige niet-westerse migratieachterg...;2020;86633;9538;77095
814;Totaal mannen en vrouwen;0 tot 5 jaar;Overige niet-westerse migratieachterg...;2021;88079;7434;80645
815;Totaal mannen en vrouwen;0 tot 5 jaar;Overige niet-westerse migratieachterg...;2022;91102;7939;83163
816;Totaal mannen en vrouwen;5 tot 10 jaar;Met migratieachtergrond;1972;109121;26172;82949
817;Totaal mannen en vrouwen;5 tot 10 jaar;Met migratieachtergrond;1973;112149;27685;84464
818;Totaal mannen en vrouwen;5 tot 10 jaar;Met migratieachtergrond;1974;115031;29532;85499
819;Totaal mannen en vrouwen;5 tot 10 jaar;Met migratieachtergrond;1975;119960;32989;86971
820;Totaal mannen en vrouwen;5 tot 10 jaar;Met migratieachtergrond;1976;126985;39188;87797
821;Totaal mannen en vrouwen;5 tot 10 jaar;Met migratieachtergrond;1977;129122;40755;88367
822;Totaal mannen en vrouwen;5 tot 10 jaar;Met migratieachtergrond;1978;132570;43638;88932
823;Totaal mannen en vrouwen;5 tot 10 jaar;Met migratieachtergrond;1979;134084;46127;87957
824;Totaal mannen en vrouwen;5 tot 10 jaar;Met migratieachtergrond;1980;135112;49097;86015
825;Totaal mannen en vrouwen;5 tot 10 jaar;Met migratieachtergrond;1981;137110;51822;85288
826;Totaal mannen en vrouwen;5 tot 10 jaar;Met migratieachtergrond;1982;135407;49506;85901
827;Totaal mannen en vrouwen;5 tot 10 jaar;Met migratieachtergrond;1983;133361;45658;87703
828;Totaal mannen en vrouwen;5 tot 10 jaar;Met migratieachtergrond;1984;133574;41385;92189
829;Totaal mannen en vrouwen;5 tot 10 jaar;Met migratieachtergrond;1985;134947;37180;97767
830;Totaal mannen en vrouwen;5 tot 10 jaar;Met migratieachtergrond;1986;139783;34304;105479
831;Totaal mannen en vrouwen;5 tot 10 jaar;Met migratieachtergrond;1987;146400;32983;113417
832;Totaal mannen en vrouwen;5 tot 10 jaar;Met migratieachtergrond;1988;151166;31478;119688
833;Totaal mannen en vrouwen;5 tot 10 jaar;Met migratieachtergrond;1989;154303;30019;124284
834;Totaal mannen en vrouwen;5 tot 10 jaar;Met migratieachtergrond;1990;159143;30217;128926
835;Totaal mannen en vrouwen;5 tot 10 jaar;Met migratieachtergrond;1991;162769;31993;130776
836;Totaal mannen en vrouwen;5 tot 10 jaar;Met migratieachtergrond;1992;167046;33963;133083
837;Totaal mannen en vrouwen;5 tot 10 jaar;Met migratieachtergrond;1993;171617;35646;135971
838;Totaal mannen en vrouwen;5 tot 10 jaar;Met migratieachtergrond;1994;177756;37517;140239
839;Totaal mannen en vrouwen;5 tot 10 jaar;Met migratieachtergrond;1995;183307;37736;145571
840;Totaal mannen en vrouwen;5 tot 10 jaar;Met migratieachtergrond;1996;189506;37363;152143
841;Totaal mannen en vrouwen;5 tot 10 jaar;Met migratieachtergrond;1997;196040;37956;158084
842;Totaal mannen en vrouwen;5 tot 10 jaar;Met migratieachtergrond;1998;201844;37974;163870
843;Totaal mannen en vrouwen;5 tot 10 jaar;Met migratieachtergrond;1999;206245;37941;168304
844;Totaal mannen en vrouwen;5 tot 10 jaar;Met migratieachtergrond;2000;210492;37393;173099
845;Totaal mannen en vrouwen;5 tot 10 jaar;Met migratieachtergrond;2001;213033;37751;175282
846;Totaal mannen en vrouwen;5 tot 10 jaar;Met migratieachtergrond;2002;215730;38502;177228
847;Totaal mannen en vrouwen;5 tot 10 jaar;Met migratieachtergrond;2003;217322;37611;179711
848;Totaal mannen en vrouwen;5 tot 10 jaar;Met migratieachtergrond;2004;218681;35282;183399
849;Totaal mannen en vrouwen;5 tot 10 jaar;Met migratieachtergrond;2005;219002;32097;186905
850;Totaal mannen en vrouwen;5 tot 10 jaar;Met migratieachtergrond;2006;221346;29040;192306
851;Totaal mannen en vrouwen;5 tot 10 jaar;Met migratieachtergrond;2007;222813;25650;197163
852;Totaal mannen en vrouwen;5 tot 10 jaar;Met migratieachtergrond;2008;224431;23256;201175
853;Totaal mannen en vrouwen;5 tot 10 jaar;Met migratieachtergrond;2009;226649;22658;203991
854;Totaal mannen en vrouwen;5 tot 10 jaar;Met migratieachtergrond;2010;228912;22804;206108
855;Totaal mannen en vrouwen;5 tot 10 jaar;Met migratieachtergrond;2011;229111;23949;205162
856;Totaal mannen en vrouwen;5 tot 10 jaar;Met migratieachtergrond;2012;229459;25780;203679
857;Totaal mannen en vrouwen;5 tot 10 jaar;Met migratieachtergrond;2013;229111;27501;201610
858;Totaal mannen en vrouwen;5 tot 10 jaar;Met migratieachtergrond;2014;229883;29642;200241
859;Totaal mannen en vrouwen;5 tot 10 jaar;Met migratieachtergrond;2015;231446;32213;199233
860;Totaal mannen en vrouwen;5 tot 10 jaar;Met migratieachtergrond;2016;235636;36210;199426
861;Totaal mannen en vrouwen;5 tot 10 jaar;Met migratieachtergrond;2017;240641;40877;199764
862;Totaal mannen en vrouwen;5 tot 10 jaar;Met migratieachtergrond;2018;245787;45394;200393
863;Totaal mannen en vrouwen;5 tot 10 jaar;Met migratieachtergrond;2019;247307;48434;198873
864;Totaal mannen en vrouwen;5 tot 10 jaar;Met migratieachtergrond;2020;251250;51992;199258
865;Totaal mannen en vrouwen;5 tot 10 jaar;Met migratieachtergrond;2021;251682;53094;198588
866;Totaal mannen en vrouwen;5 tot 10 jaar;Met migratieachtergrond;2022;254653;55250;199403
867;Totaal mannen en vrouwen;5 tot 10 jaar;Westerse migratieachtergrond;1972;95496;19358;76138
868;Totaal mannen en vrouwen;5 tot 10 jaar;Westerse migratieachtergrond;1973;95396;19037;76359
869;Totaal mannen en vrouwen;5 tot 10 jaar;Westerse migratieachtergrond;1974;94483;18524;75959
870;Totaal mannen en vrouwen;5 tot 10 jaar;Westerse migratieachtergrond;1975;94353;18623;75730
871;Totaal mannen en vrouwen;5 tot 10 jaar;Westerse migratieachtergrond;1976;92429;17971;74458
872;Totaal mannen en vrouwen;5 tot 10 jaar;Westerse migratieachtergrond;1977;89330;16684;72646
873;Totaal mannen en vrouwen;5 tot 10 jaar;Westerse migratieachtergrond;1978;88433;17319;71114
874;Totaal mannen en vrouwen;5 tot 10 jaar;Westerse migratieachtergrond;1979;85098;16953;68145
875;Totaal mannen en vrouwen;5 tot 10 jaar;Westerse migratieachtergrond;1980;79910;16094;63816
876;Totaal mannen en vrouwen;5 tot 10 jaar;Westerse migratieachtergrond;1981;75367;15045;60322
877;Totaal mannen en vrouwen;5 tot 10 jaar;Westerse migratieachtergrond;1982;70875;13228;57647
878;Totaal mannen en vrouwen;5 tot 10 jaar;Westerse migratieachtergrond;1983;66686;11710;54976
879;Totaal mannen en vrouwen;5 tot 10 jaar;Westerse migratieachtergrond;1984;64083;10196;53887
880;Totaal mannen en vrouwen;5 tot 10 jaar;Westerse migratieachtergrond;1985;62303;9010;53293
881;Totaal mannen en vrouwen;5 tot 10 jaar;Westerse migratieachtergrond;1986;62100;8484;53616
882;Totaal mannen en vrouwen;5 tot 10 jaar;Westerse migratieachtergrond;1987;63159;9251;53908
883;Totaal mannen en vrouwen;5 tot 10 jaar;Westerse migratieachtergrond;1988;62883;9112;53771
884;Totaal mannen en vrouwen;5 tot 10 jaar;Westerse migratieachtergrond;1989;61605;8855;52750
885;Totaal mannen en vrouwen;5 tot 10 jaar;Westerse migratieachtergrond;1990;61809;9212;52597
886;Totaal mannen en vrouwen;5 tot 10 jaar;Westerse migratieachtergrond;1991;60893;9499;51394
887;Totaal mannen en vrouwen;5 tot 10 jaar;Westerse migratieachtergrond;1992;61012;10042;50970
888;Totaal mannen en vrouwen;5 tot 10 jaar;Westerse migratieachtergrond;1993;61092;10977;50115
889;Totaal mannen en vrouwen;5 tot 10 jaar;Westerse migratieachtergrond;1994;61787;12191;49596
890;Totaal mannen en vrouwen;5 tot 10 jaar;Westerse migratieachtergrond;1995;62771;13196;49575
891;Totaal mannen en vrouwen;5 tot 10 jaar;Westerse migratieachtergrond;1996;63511;13817;49694
892;Totaal mannen en vrouwen;5 tot 10 jaar;Westerse migratieachtergrond;1997;63909;14279;49630
893;Totaal mannen en vrouwen;5 tot 10 jaar;Westerse migratieachtergrond;1998;63864;14171;49693
894;Totaal mannen en vrouwen;5 tot 10 jaar;Westerse migratieachtergrond;1999;63541;14078;49463
895;Totaal mannen en vrouwen;5 tot 10 jaar;Westerse migratieachtergrond;2000;63363;13734;49629
896;Totaal mannen en vrouwen;5 tot 10 jaar;Westerse migratieachtergrond;2001;63506;13957;49549
897;Totaal mannen en vrouwen;5 tot 10 jaar;Westerse migratieachtergrond;2002;63491;14176;49315
898;Totaal mannen en vrouwen;5 tot 10 jaar;Westerse migratieachtergrond;2003;62988;13846;49142
899;Totaal mannen en vrouwen;5 tot 10 jaar;Westerse migratieachtergrond;2004;62465;13202;49263
900;Totaal mannen en vrouwen;5 tot 10 jaar;Westerse migratieachtergrond;2005;62193;12498;49695
901;Totaal mannen en vrouwen;5 tot 10 jaar;Westerse migratieachtergrond;2006;62139;11817;50322
902;Totaal mannen en vrouwen;5 tot 10 jaar;Westerse migratieachtergrond;2007;62099;11097;51002
903;Totaal mannen en vrouwen;5 tot 10 jaar;Westerse migratieachtergrond;2008;62845;10952;51893
904;Totaal mannen en vrouwen;5 tot 10 jaar;Westerse migratieachtergrond;2009;63876;11283;52593
905;Totaal mannen en vrouwen;5 tot 10 jaar;Westerse migratieachtergrond;2010;64900;11754;53146
906;Totaal mannen en vrouwen;5 tot 10 jaar;Westerse migratieachtergrond;2011;65601;12621;52980
907;Totaal mannen en vrouwen;5 tot 10 jaar;Westerse migratieachtergrond;2012;66783;13974;52809
908;Totaal mannen en vrouwen;5 tot 10 jaar;Westerse migratieachtergrond;2013;68139;15483;52656
909;Totaal mannen en vrouwen;5 tot 10 jaar;Westerse migratieachtergrond;2014;69550;16520;53030
910;Totaal mannen en vrouwen;5 tot 10 jaar;Westerse migratieachtergrond;2015;71621;17729;53892
911;Totaal mannen en vrouwen;5 tot 10 jaar;Westerse migratieachtergrond;2016;73998;18695;55303
912;Totaal mannen en vrouwen;5 tot 10 jaar;Westerse migratieachtergrond;2017;75703;19184;56519
913;Totaal mannen en vrouwen;5 tot 10 jaar;Westerse migratieachtergrond;2018;77225;19361;57864
914;Totaal mannen en vrouwen;5 tot 10 jaar;Westerse migratieachtergrond;2019;78385;19826;58559
915;Totaal mannen en vrouwen;5 tot 10 jaar;Westerse migratieachtergrond;2020;79975;20591;59384
916;Totaal mannen en vrouwen;5 tot 10 jaar;Westerse migratieachtergrond;2021;80685;20603;60082
917;Totaal mannen en vrouwen;5 tot 10 jaar;Westerse migratieachtergrond;2022;81924;21035;60889
918;Totaal mannen en vrouwen;5 tot 10 jaar;Niet-westerse migratieachtergrond;1972;13625;6814;6811
919;Totaal mannen en vrouwen;5 tot 10 jaar;Niet-westerse migratieachtergrond;1973;16753;8648;8105
920;Totaal mannen en vrouwen;5 tot 10 jaar;Niet-westerse migratieachtergrond;1974;20548;11008;9540
921;Totaal mannen en vrouwen;5 tot 10 jaar;Niet-westerse migratieachtergrond;1975;25607;14366;11241
922;Totaal mannen en vrouwen;5 tot 10 jaar;Niet-westerse migratieachtergrond;1976;34556;21217;13339
923;Totaal mannen en vrouwen;5 tot 10 jaar;Niet-westerse migratieachtergrond;1977;39792;24071;15721
924;Totaal mannen en vrouwen;5 tot 10 jaar;Niet-westerse migratieachtergrond;1978;44137;26319;17818
925;Totaal mannen en vrouwen;5 tot 10 jaar;Niet-westerse migratieachtergrond;1979;48986;29174;19812
926;Totaal mannen en vrouwen;5 tot 10 jaar;Niet-westerse migratieachtergrond;1980;55202;33003;22199
927;Totaal mannen en vrouwen;5 tot 10 jaar;Niet-westerse migratieachtergrond;1981;61743;36777;24966
928;Totaal mannen en vrouwen;5 tot 10 jaar;Niet-westerse migratieachtergrond;1982;64532;36278;28254
929;Totaal mannen en vrouwen;5 tot 10 jaar;Niet-westerse migratieachtergrond;1983;66675;33948;32727
930;Totaal mannen en vrouwen;5 tot 10 jaar;Niet-westerse migratieachtergrond;1984;69491;31189;38302
931;Totaal mannen en vrouwen;5 tot 10 jaar;Niet-westerse migratieachtergrond;1985;72644;28170;44474
932;Totaal mannen en vrouwen;5 tot 10 jaar;Niet-westerse migratieachtergrond;1986;77683;25820;51863
933;Totaal mannen en vrouwen;5 tot 10 jaar;Niet-westerse migratieachtergrond;1987;83241;23732;59509
934;Totaal mannen en vrouwen;5 tot 10 jaar;Niet-westerse migratieachtergrond;1988;88283;22366;65917
935;Totaal mannen en vrouwen;5 tot 10 jaar;Niet-westerse migratieachtergrond;1989;92698;21164;71534
936;Totaal mannen en vrouwen;5 tot 10 jaar;Niet-westerse migratieachtergrond;1990;97334;21005;76329
937;Totaal mannen en vrouwen;5 tot 10 jaar;Niet-westerse migratieachtergrond;1991;101876;22494;79382
938;Totaal mannen en vrouwen;5 tot 10 jaar;Niet-westerse migratieachtergrond;1992;106034;23921;82113
939;Totaal mannen en vrouwen;5 tot 10 jaar;Niet-westerse migratieachtergrond;1993;110525;24669;85856
940;Totaal mannen en vrouwen;5 tot 10 jaar;Niet-westerse migratieachtergrond;1994;115969;25326;90643
941;Totaal mannen en vrouwen;5 tot 10 jaar;Niet-westerse migratieachtergrond;1995;120536;24540;95996
942;Totaal mannen en vrouwen;5 tot 10 jaar;Niet-westerse migratieachtergrond;1996;125995;23546;102449
943;Totaal mannen en vrouwen;5 tot 10 jaar;Niet-westerse migratieachtergrond;1997;132131;23677;108454
944;Totaal mannen en vrouwen;5 tot 10 jaar;Niet-westerse migratieachtergrond;1998;137980;23803;114177
945;Totaal mannen en vrouwen;5 tot 10 jaar;Niet-westerse migratieachtergrond;1999;142704;23863;118841
946;Totaal mannen en vrouwen;5 tot 10 jaar;Niet-westerse migratieachtergrond;2000;147129;23659;123470
947;Totaal mannen en vrouwen;5 tot 10 jaar;Niet-westerse migratieachtergrond;2001;149527;23794;125733
948;Totaal mannen en vrouwen;5 tot 10 jaar;Niet-westerse migratieachtergrond;2002;152239;24326;127913
949;Totaal mannen en vrouwen;5 tot 10 jaar;Niet-westerse migratieachtergrond;2003;154334;23765;130569
950;Totaal mannen en vrouwen;5 tot 10 jaar;Niet-westerse migratieachtergrond;2004;156216;22080;134136
951;Totaal mannen en vrouwen;5 tot 10 jaar;Niet-westerse migratieachtergrond;2005;156809;19599;137210
952;Totaal mannen en vrouwen;5 tot 10 jaar;Niet-westerse migratieachtergrond;2006;159207;17223;141984
953;Totaal mannen en vrouwen;5 tot 10 jaar;Niet-westerse migratieachtergrond;2007;160714;14553;146161
954;Totaal mannen en vrouwen;5 tot 10 jaar;Niet-westerse migratieachtergrond;2008;161586;12304;149282
955;Totaal mannen en vrouwen;5 tot 10 jaar;Niet-westerse migratieachtergrond;2009;162773;11375;151398
956;Totaal mannen en vrouwen;5 tot 10 jaar;Niet-westerse migratieachtergrond;2010;164012;11050;152962
957;Totaal mannen en vrouwen;5 tot 10 jaar;Niet-westerse migratieachtergrond;2011;163510;11328;152182
958;Totaal mannen en vrouwen;5 tot 10 jaar;Niet-westerse migratieachtergrond;2012;162676;11806;150870
959;Totaal mannen en vrouwen;5 tot 10 jaar;Niet-westerse migratieachtergrond;2013;160972;12018;148954
960;Totaal mannen en vrouwen;5 tot 10 jaar;Niet-westerse migratieachtergrond;2014;160333;13122;147211
961;Totaal mannen en vrouwen;5 tot 10 jaar;Niet-westerse migratieachtergrond;2015;159825;14484;145341
962;Totaal mannen en vrouwen;5 tot 10 jaar;Niet-westerse migratieachtergrond;2016;161638;17515;144123
963;Totaal mannen en vrouwen;5 tot 10 jaar;Niet-westerse migratieachtergrond;2017;164938;21693;143245
964;Totaal mannen en vrouwen;5 tot 10 jaar;Niet-westerse migratieachtergrond;2018;168562;26033;142529
965;Totaal mannen en vrouwen;5 tot 10 jaar;Niet-westerse migratieachtergrond;2019;168922;28608;140314
966;Totaal mannen en vrouwen;5 tot 10 jaar;Niet-westerse migratieachtergrond;2020;171275;31401;139874
967;Totaal mannen en vrouwen;5 tot 10 jaar;Niet-westerse migratieachtergrond;2021;170997;32491;138506
968;Totaal mannen en vrouwen;5 tot 10 jaar;Niet-westerse migratieachtergrond;2022;172729;34215;138514
969;Totaal mannen en vrouwen;5 tot 10 jaar;Marokko;1972;131;22;109
970;Totaal mannen en vrouwen;5 tot 10 jaar;Marokko;1973;508;309;199
971;Totaal mannen en vrouwen;5 tot 10 jaar;Marokko;1974;1006;682;324
972;Totaal mannen en vrouwen;5 tot 10 jaar;Marokko;1975;1616;1124;492
973;Totaal mannen en vrouwen;5 tot 10 jaar;Marokko;1976;2351;1669;682
974;Totaal mannen en vrouwen;5 tot 10 jaar;Marokko;1977;3291;2324;967
975;Totaal mannen en vrouwen;5 tot 10 jaar;Marokko;1978;4462;3116;1346
976;Totaal mannen en vrouwen;5 tot 10 jaar;Marokko;1979;5867;4000;1867
977;Totaal mannen en vrouwen;5 tot 10 jaar;Marokko;1980;7365;4839;2526
978;Totaal mannen en vrouwen;5 tot 10 jaar;Marokko;1981;9385;5958;3427
979;Totaal mannen en vrouwen;5 tot 10 jaar;Marokko;1982;11049;6616;4433
980;Totaal mannen en vrouwen;5 tot 10 jaar;Marokko;1983;12325;6657;5668
981;Totaal mannen en vrouwen;5 tot 10 jaar;Marokko;1984;13370;6374;6996
982;Totaal mannen en vrouwen;5 tot 10 jaar;Marokko;1985;14620;6044;8576
983;Totaal mannen en vrouwen;5 tot 10 jaar;Marokko;1986;16404;6175;10229
984;Totaal mannen en vrouwen;5 tot 10 jaar;Marokko;1987;18218;6188;12030
985;Totaal mannen en vrouwen;5 tot 10 jaar;Marokko;1988;19867;6103;13764
986;Totaal mannen en vrouwen;5 tot 10 jaar;Marokko;1989;21326;5970;15356
987;Totaal mannen en vrouwen;5 tot 10 jaar;Marokko;1990;22425;5781;16644
988;Totaal mannen en vrouwen;5 tot 10 jaar;Marokko;1991;23457;5695;17762
989;Totaal mannen en vrouwen;5 tot 10 jaar;Marokko;1992;24133;5439;18694
990;Totaal mannen en vrouwen;5 tot 10 jaar;Marokko;1993;24943;5254;19689
991;Totaal mannen en vrouwen;5 tot 10 jaar;Marokko;1994;25872;4968;20904
992;Totaal mannen en vrouwen;5 tot 10 jaar;Marokko;1995;26698;4303;22395
993;Totaal mannen en vrouwen;5 tot 10 jaar;Marokko;1996;27567;3603;23964
994;Totaal mannen en vrouwen;5 tot 10 jaar;Marokko;1997;28523;3142;25381
995;Totaal mannen en vrouwen;5 tot 10 jaar;Marokko;1998;29543;2693;26850
996;Totaal mannen en vrouwen;5 tot 10 jaar;Marokko;1999;30147;2252;27895
997;Totaal mannen en vrouwen;5 tot 10 jaar;Marokko;2000;30658;1980;28678
998;Totaal mannen en vrouwen;5 tot 10 jaar;Marokko;2001;30674;1754;28920
999;Totaal mannen en vrouwen;5 tot 10 jaar;Marokko;2002;30971;1640;29331
1000;Totaal mannen en vrouwen;5 tot 10 jaar;Marokko;2003;31271;1651;29620
1001;Totaal mannen en vrouwen;5 tot 10 jaar;Marokko;2004;32040;1612;30428
1002;Totaal mannen en vrouwen;5 tot 10 jaar;Marokko;2005;32772;1525;31247
1003;Totaal mannen en vrouwen;5 tot 10 jaar;Marokko;2006;34206;1402;32804
1004;Totaal mannen en vrouwen;5 tot 10 jaar;Marokko;2007;35346;1210;34136
1005;Totaal mannen en vrouwen;5 tot 10 jaar;Marokko;2008;36404;1036;35368
1006;Totaal mannen en vrouwen;5 tot 10 jaar;Marokko;2009;37509;934;36575
1007;Totaal mannen en vrouwen;5 tot 10 jaar;Marokko;2010;38520;816;37704
1008;Totaal mannen en vrouwen;5 tot 10 jaar;Marokko;2011;39001;704;38297
1009;Totaal mannen en vrouwen;5 tot 10 jaar;Marokko;2012;39302;619;38683
1010;Totaal mannen en vrouwen;5 tot 10 jaar;Marokko;2013;39204;572;38632
1011;Totaal mannen en vrouwen;5 tot 10 jaar;Marokko;2014;38911;507;38404
1012;Totaal mannen en vrouwen;5 tot 10 jaar;Marokko;2015;38331;511;37820
1013;Totaal mannen en vrouwen;5 tot 10 jaar;Marokko;2016;37443;517;36926
1014;Totaal mannen en vrouwen;5 tot 10 jaar;Marokko;2017;36684;548;36136
1015;Totaal mannen en vrouwen;5 tot 10 jaar;Marokko;2018;35897;584;35313
1016;Totaal mannen en vrouwen;5 tot 10 jaar;Marokko;2019;34756;746;34010
1017;Totaal mannen en vrouwen;5 tot 10 jaar;Marokko;2020;33909;889;33020
1018;Totaal mannen en vrouwen;5 tot 10 jaar;Marokko;2021;32760;979;31781
1019;Totaal mannen en vrouwen;5 tot 10 jaar;Marokko;2022;31561;1044;30517
1020;Totaal mannen en vrouwen;5 tot 10 jaar;(voormalige) Nederlandse Antillen, Aruba;1972;2659;1242;1417
1021;Totaal mannen en vrouwen;5 tot 10 jaar;(voormalige) Nederlandse Antillen, Aruba;1973;2926;1202;1724
1022;Totaal mannen en vrouwen;5 tot 10 jaar;(voormalige) Nederlandse Antillen, Aruba;1974;3268;1194;2074
1023;Totaal mannen en vrouwen;5 tot 10 jaar;(voormalige) Nederlandse Antillen, Aruba;1975;3675;1174;2501
1024;Totaal mannen en vrouwen;5 tot 10 jaar;(voormalige) Nederlandse Antillen, Aruba;1976;4219;1264;2955
1025;Totaal mannen en vrouwen;5 tot 10 jaar;(voormalige) Nederlandse Antillen, Aruba;1977;4607;1358;3249
1026;Totaal mannen en vrouwen;5 tot 10 jaar;(voormalige) Nederlandse Antillen, Aruba;1978;4826;1458;3368
1027;Totaal mannen en vrouwen;5 tot 10 jaar;(voormalige) Nederlandse Antillen, Aruba;1979;4917;1581;3336
1028;Totaal mannen en vrouwen;5 tot 10 jaar;(voormalige) Nederlandse Antillen, Aruba;1980;4898;1639;3259
1029;Totaal mannen en vrouwen;5 tot 10 jaar;(voormalige) Nederlandse Antillen, Aruba;1981;4874;1808;3066
1030;Totaal mannen en vrouwen;5 tot 10 jaar;(voormalige) Nederlandse Antillen, Aruba;1982;4773;1822;2951
1031;Totaal mannen en vrouwen;5 tot 10 jaar;(voormalige) Nederlandse Antillen, Aruba;1983;4726;1746;2980
1032;Totaal mannen en vrouwen;5 tot 10 jaar;(voormalige) Nederlandse Antillen, Aruba;1984;4854;1693;3161
1033;Totaal mannen en vrouwen;5 tot 10 jaar;(voormalige) Nederlandse Antillen, Aruba;1985;5009;1669;3340
1034;Totaal mannen en vrouwen;5 tot 10 jaar;(voormalige) Nederlandse Antillen, Aruba;1986;5449;1797;3652
1035;Totaal mannen en vrouwen;5 tot 10 jaar;(voormalige) Nederlandse Antillen, Aruba;1987;5949;1993;3956
1036;Totaal mannen en vrouwen;5 tot 10 jaar;(voormalige) Nederlandse Antillen, Aruba;1988;6591;2343;4248
1037;Totaal mannen en vrouwen;5 tot 10 jaar;(voormalige) Nederlandse Antillen, Aruba;1989;7151;2670;4481
1038;Totaal mannen en vrouwen;5 tot 10 jaar;(voormalige) Nederlandse Antillen, Aruba;1990;7775;3028;4747
1039;Totaal mannen en vrouwen;5 tot 10 jaar;(voormalige) Nederlandse Antillen, Aruba;1991;8326;3450;4876
1040;Totaal mannen en vrouwen;5 tot 10 jaar;(voormalige) Nederlandse Antillen, Aruba;1992;8767;3656;5111
1041;Totaal mannen en vrouwen;5 tot 10 jaar;(voormalige) Nederlandse Antillen, Aruba;1993;8933;3570;5363
1042;Totaal mannen en vrouwen;5 tot 10 jaar;(voormalige) Nederlandse Antillen, Aruba;1994;9014;3320;5694
1043;Totaal mannen en vrouwen;5 tot 10 jaar;(voormalige) Nederlandse Antillen, Aruba;1995;8948;2852;6096
1044;Totaal mannen en vrouwen;5 tot 10 jaar;(voormalige) Nederlandse Antillen, Aruba;1996;9029;2445;6584
1045;Totaal mannen en vrouwen;5 tot 10 jaar;(voormalige) Nederlandse Antillen, Aruba;1997;9219;2210;7009
1046;Totaal mannen en vrouwen;5 tot 10 jaar;(voormalige) Nederlandse Antillen, Aruba;1998;9541;2104;7437
1047;Totaal mannen en vrouwen;5 tot 10 jaar;(voormalige) Nederlandse Antillen, Aruba;1999;10182;2392;7790
1048;Totaal mannen en vrouwen;5 tot 10 jaar;(voormalige) Nederlandse Antillen, Aruba;2000;10971;2822;8149
1049;Totaal mannen en vrouwen;5 tot 10 jaar;(voormalige) Nederlandse Antillen, Aruba;2001;11694;3476;8218
1050;Totaal mannen en vrouwen;5 tot 10 jaar;(voormalige) Nederlandse Antillen, Aruba;2002;12139;4005;8134
1051;Totaal mannen en vrouwen;5 tot 10 jaar;(voormalige) Nederlandse Antillen, Aruba;2003;12117;4112;8005
1052;Totaal mannen en vrouwen;5 tot 10 jaar;(voormalige) Nederlandse Antillen, Aruba;2004;11975;3886;8089
1053;Totaal mannen en vrouwen;5 tot 10 jaar;(voormalige) Nederlandse Antillen, Aruba;2005;11592;3429;8163
1054;Totaal mannen en vrouwen;5 tot 10 jaar;(voormalige) Nederlandse Antillen, Aruba;2006;11188;2854;8334
1055;Totaal mannen en vrouwen;5 tot 10 jaar;(voormalige) Nederlandse Antillen, Aruba;2007;11052;2304;8748
1056;Totaal mannen en vrouwen;5 tot 10 jaar;(voormalige) Nederlandse Antillen, Aruba;2008;11060;1825;9235
1057;Totaal mannen en vrouwen;5 tot 10 jaar;(voormalige) Nederlandse Antillen, Aruba;2009;10985;1441;9544
1058;Totaal mannen en vrouwen;5 tot 10 jaar;(voormalige) Nederlandse Antillen, Aruba;2010;10891;1175;9716
1059;Totaal mannen en vrouwen;5 tot 10 jaar;(voormalige) Nederlandse Antillen, Aruba;2011;10839;1055;9784
1060;Totaal mannen en vrouwen;5 tot 10 jaar;(voormalige) Nederlandse Antillen, Aruba;2012;10756;1049;9707
1061;Totaal mannen en vrouwen;5 tot 10 jaar;(voormalige) Nederlandse Antillen, Aruba;2013;10782;1086;9696
1062;Totaal mannen en vrouwen;5 tot 10 jaar;(voormalige) Nederlandse Antillen, Aruba;2014;10893;1117;9776
1063;Totaal mannen en vrouwen;5 tot 10 jaar;(voormalige) Nederlandse Antillen, Aruba;2015;11017;1132;9885
1064;Totaal mannen en vrouwen;5 tot 10 jaar;(voormalige) Nederlandse Antillen, Aruba;2016;11184;1087;10097
1065;Totaal mannen en vrouwen;5 tot 10 jaar;(voormalige) Nederlandse Antillen, Aruba;2017;11260;1060;10200
1066;Totaal mannen en vrouwen;5 tot 10 jaar;(voormalige) Nederlandse Antillen, Aruba;2018;11433;1213;10220
1067;Totaal mannen en vrouwen;5 tot 10 jaar;(voormalige) Nederlandse Antillen, Aruba;2019;11467;1293;10174
1068;Totaal mannen en vrouwen;5 tot 10 jaar;(voormalige) Nederlandse Antillen, Aruba;2020;11732;1440;10292
1069;Totaal mannen en vrouwen;5 tot 10 jaar;(voormalige) Nederlandse Antillen, Aruba;2021;11793;1556;10237
1070;Totaal mannen en vrouwen;5 tot 10 jaar;(voormalige) Nederlandse Antillen, Aruba;2022;12091;1778;10313
1071;Totaal mannen en vrouwen;5 tot 10 jaar;Suriname;1972;6647;3197;3450
1072;Totaal mannen en vrouwen;5 tot 10 jaar;Suriname;1973;7833;3919;3914
1073;Totaal mannen en vrouwen;5 tot 10 jaar;Suriname;1974;9181;4797;4384
1074;Totaal mannen en vrouwen;5 tot 10 jaar;Suriname;1975;11331;6438;4893
1075;Totaal mannen en vrouwen;5 tot 10 jaar;Suriname;1976;16673;11140;5533
1076;Totaal mannen en vrouwen;5 tot 10 jaar;Suriname;1977;17781;11545;6236
1077;Totaal mannen en vrouwen;5 tot 10 jaar;Suriname;1978;17767;11168;6599
1078;Totaal mannen en vrouwen;5 tot 10 jaar;Suriname;1979;17858;11074;6784
1079;Totaal mannen en vrouwen;5 tot 10 jaar;Suriname;1980;18888;11865;7023
1080;Totaal mannen en vrouwen;5 tot 10 jaar;Suriname;1981;19728;12194;7534
1081;Totaal mannen en vrouwen;5 tot 10 jaar;Suriname;1982;19172;10806;8366
1082;Totaal mannen en vrouwen;5 tot 10 jaar;Suriname;1983;18716;9255;9461
1083;Totaal mannen en vrouwen;5 tot 10 jaar;Suriname;1984;18602;7812;10790
1084;Totaal mannen en vrouwen;5 tot 10 jaar;Suriname;1985;18471;6238;12233
1085;Totaal mannen en vrouwen;5 tot 10 jaar;Suriname;1986;19253;5212;14041
1086;Totaal mannen en vrouwen;5 tot 10 jaar;Suriname;1987;19993;4396;15597
1087;Totaal mannen en vrouwen;5 tot 10 jaar;Suriname;1988;20923;3636;17287
1088;Totaal mannen en vrouwen;5 tot 10 jaar;Suriname;1989;21785;2864;18921
1089;Totaal mannen en vrouwen;5 tot 10 jaar;Suriname;1990;22910;2457;20453
1090;Totaal mannen en vrouwen;5 tot 10 jaar;Suriname;1991;24021;2697;21324
1091;Totaal mannen en vrouwen;5 tot 10 jaar;Suriname;1992;25218;3079;22139
1092;Totaal mannen en vrouwen;5 tot 10 jaar;Suriname;1993;26006;3323;22683
1093;Totaal mannen en vrouwen;5 tot 10 jaar;Suriname;1994;26819;3538;23281
1094;Totaal mannen en vrouwen;5 tot 10 jaar;Suriname;1995;26960;3407;23553
1095;Totaal mannen en vrouwen;5 tot 10 jaar;Suriname;1996;26951;3062;23889
1096;Totaal mannen en vrouwen;5 tot 10 jaar;Suriname;1997;26767;2748;24019
1097;Totaal mannen en vrouwen;5 tot 10 jaar;Suriname;1998;26447;2427;24020
1098;Totaal mannen en vrouwen;5 tot 10 jaar;Suriname;1999;26135;2181;23954
1099;Totaal mannen en vrouwen;5 tot 10 jaar;Suriname;2000;25745;1774;23971
1100;Totaal mannen en vrouwen;5 tot 10 jaar;Suriname;2001;25127;1536;23591
1101;Totaal mannen en vrouwen;5 tot 10 jaar;Suriname;2002;24661;1436;23225
1102;Totaal mannen en vrouwen;5 tot 10 jaar;Suriname;2003;24457;1374;23083
1103;Totaal mannen en vrouwen;5 tot 10 jaar;Suriname;2004;24288;1385;22903
1104;Totaal mannen en vrouwen;5 tot 10 jaar;Suriname;2005;24517;1437;23080
1105;Totaal mannen en vrouwen;5 tot 10 jaar;Suriname;2006;24595;1305;23290
1106;Totaal mannen en vrouwen;5 tot 10 jaar;Suriname;2007;24661;1121;23540
1107;Totaal mannen en vrouwen;5 tot 10 jaar;Suriname;2008;24386;920;23466
1108;Totaal mannen en vrouwen;5 tot 10 jaar;Suriname;2009;23987;787;23200
1109;Totaal mannen en vrouwen;5 tot 10 jaar;Suriname;2010;23215;675;22540
1110;Totaal mannen en vrouwen;5 tot 10 jaar;Suriname;2011;22133;600;21533
1111;Totaal mannen en vrouwen;5 tot 10 jaar;Suriname;2012;21025;555;20470
1112;Totaal mannen en vrouwen;5 tot 10 jaar;Suriname;2013;19915;523;19392
1113;Totaal mannen en vrouwen;5 tot 10 jaar;Suriname;2014;19003;503;18500
1114;Totaal mannen en vrouwen;5 tot 10 jaar;Suriname;2015;18271;473;17798
1115;Totaal mannen en vrouwen;5 tot 10 jaar;Suriname;2016;17645;437;17208
1116;Totaal mannen en vrouwen;5 tot 10 jaar;Suriname;2017;17042;415;16627
1117;Totaal mannen en vrouwen;5 tot 10 jaar;Suriname;2018;16407;415;15992
1118;Totaal mannen en vrouwen;5 tot 10 jaar;Suriname;2019;15703;489;15214
1119;Totaal mannen en vrouwen;5 tot 10 jaar;Suriname;2020;14942;571;14371
1120;Totaal mannen en vrouwen;5 tot 10 jaar;Suriname;2021;14108;652;13456
1121;Totaal mannen en vrouwen;5 tot 10 jaar;Suriname;2022;13383;753;12630
1122;Totaal mannen en vrouwen;5 tot 10 jaar;Turkije;1972;1011;740;271
1123;Totaal mannen en vrouwen;5 tot 10 jaar;Turkije;1973;2058;1559;499
1124;Totaal mannen en vrouwen;5 tot 10 jaar;Turkije;1974;3324;2556;768
1125;Totaal mannen en vrouwen;5 tot 10 jaar;Turkije;1975;4823;3679;1144
1126;Totaal mannen en vrouwen;5 tot 10 jaar;Turkije;1976;6304;4632;1672
1127;Totaal mannen en vrouwen;5 tot 10 jaar;Turkije;1977;8081;5713;2368
1128;Totaal mannen en vrouwen;5 tot 10 jaar;Turkije;1978;9950;6659;3291
1129;Totaal mannen en vrouwen;5 tot 10 jaar;Turkije;1979;12144;7782;4362
1130;Totaal mannen en vrouwen;5 tot 10 jaar;Turkije;1980;14557;9028;5529
1131;Totaal mannen en vrouwen;5 tot 10 jaar;Turkije;1981;17133;10354;6779
1132;Totaal mannen en vrouwen;5 tot 10 jaar;Turkije;1982;18167;10215;7952
1133;Totaal mannen en vrouwen;5 tot 10 jaar;Turkije;1983;18808;9404;9404
1134;Totaal mannen en vrouwen;5 tot 10 jaar;Turkije;1984;19503;8414;11089
1135;Totaal mannen en vrouwen;5 tot 10 jaar;Turkije;1985;20244;7339;12905
1136;Totaal mannen en vrouwen;5 tot 10 jaar;Turkije;1986;21153;6081;15072
1137;Totaal mannen en vrouwen;5 tot 10 jaar;Turkije;1987;22425;4920;17505
1138;Totaal mannen en vrouwen;5 tot 10 jaar;Turkije;1988;22953;4029;18924
1139;Totaal mannen en vrouwen;5 tot 10 jaar;Turkije;1989;23354;3354;20000
1140;Totaal mannen en vrouwen;5 tot 10 jaar;Turkije;1990;23725;3007;20718
1141;Totaal mannen en vrouwen;5 tot 10 jaar;Turkije;1991;23923;3161;20762
1142;Totaal mannen en vrouwen;5 tot 10 jaar;Turkije;1992;24053;3437;20616
1143;Totaal mannen en vrouwen;5 tot 10 jaar;Turkije;1993;25100;3615;21485
1144;Totaal mannen en vrouwen;5 tot 10 jaar;Turkije;1994;26671;3720;22951
1145;Totaal mannen en vrouwen;5 tot 10 jaar;Turkije;1995;28514;3495;25019
1146;Totaal mannen en vrouwen;5 tot 10 jaar;Turkije;1996;30549;3163;27386
1147;Totaal mannen en vrouwen;5 tot 10 jaar;Turkije;1997;32621;2856;29765
1148;Totaal mannen en vrouwen;5 tot 10 jaar;Turkije;1998;34168;2589;31579
1149;Totaal mannen en vrouwen;5 tot 10 jaar;Turkije;1999;35035;2269;32766
1150;Totaal mannen en vrouwen;5 tot 10 jaar;Turkije;2000;35488;2000;33488
1151;Totaal mannen en vrouwen;5 tot 10 jaar;Turkije;2001;35378;1856;33522
1152;Totaal mannen en vrouwen;5 tot 10 jaar;Turkije;2002;35451;1866;33585
1153;Totaal mannen en vrouwen;5 tot 10 jaar;Turkije;2003;35683;1867;33816
1154;Totaal mannen en vrouwen;5 tot 10 jaar;Turkije;2004;35971;1875;34096
1155;Totaal mannen en vrouwen;5 tot 10 jaar;Turkije;2005;35770;1738;34032
1156;Totaal mannen en vrouwen;5 tot 10 jaar;Turkije;2006;35922;1555;34367
1157;Totaal mannen en vrouwen;5 tot 10 jaar;Turkije;2007;35600;1399;34201
1158;Totaal mannen en vrouwen;5 tot 10 jaar;Turkije;2008;34764;1196;33568
1159;Totaal mannen en vrouwen;5 tot 10 jaar;Turkije;2009;33758;1018;32740
1160;Totaal mannen en vrouwen;5 tot 10 jaar;Turkije;2010;32996;890;32106
1161;Totaal mannen en vrouwen;5 tot 10 jaar;Turkije;2011;32068;798;31270
1162;Totaal mannen en vrouwen;5 tot 10 jaar;Turkije;2012;31141;730;30411
1163;Totaal mannen en vrouwen;5 tot 10 jaar;Turkije;2013;30125;706;29419
1164;Totaal mannen en vrouwen;5 tot 10 jaar;Turkije;2014;29009;698;28311
1165;Totaal mannen en vrouwen;5 tot 10 jaar;Turkije;2015;27647;693;26954
1166;Totaal mannen en vrouwen;5 tot 10 jaar;Turkije;2016;26598;740;25858
1167;Totaal mannen en vrouwen;5 tot 10 jaar;Turkije;2017;25635;772;24863
1168;Totaal mannen en vrouwen;5 tot 10 jaar;Turkije;2018;24937;896;24041
1169;Totaal mannen en vrouwen;5 tot 10 jaar;Turkije;2019;24235;1190;23045
1170;Totaal mannen en vrouwen;5 tot 10 jaar;Turkije;2020;24565;1791;22774
1171;Totaal mannen en vrouwen;5 tot 10 jaar;Turkije;2021;24449;2447;22002
1172;Totaal mannen en vrouwen;5 tot 10 jaar;Turkije;2022;24788;3354;21434
1173;Totaal mannen en vrouwen;5 tot 10 jaar;Overige niet-westerse migratieachterg...;1972;3177;1613;1564
1174;Totaal mannen en vrouwen;5 tot 10 jaar;Overige niet-westerse migratieachterg...;1973;3428;1659;1769
1175;Totaal mannen en vrouwen;5 tot 10 jaar;Overige niet-westerse migratieachterg...;1974;3769;1779;1990
1176;Totaal mannen en vrouwen;5 tot 10 jaar;Overige niet-westerse migratieachterg...;1975;4162;1951;2211
1177;Totaal mannen en vrouwen;5 tot 10 jaar;Overige niet-westerse migratieachterg...;1976;5009;2512;2497
1178;Totaal mannen en vrouwen;5 tot 10 jaar;Overige niet-westerse migratieachterg...;1977;6032;3131;2901
1179;Totaal mannen en vrouwen;5 tot 10 jaar;Overige niet-westerse migratieachterg...;1978;7132;3918;3214
1180;Totaal mannen en vrouwen;5 tot 10 jaar;Overige niet-westerse migratieachterg...;1979;8200;4737;3463
1181;Totaal mannen en vrouwen;5 tot 10 jaar;Overige niet-westerse migratieachterg...;1980;9494;5632;3862
1182;Totaal mannen en vrouwen;5 tot 10 jaar;Overige niet-westerse migratieachterg...;1981;10623;6463;4160
1183;Totaal mannen en vrouwen;5 tot 10 jaar;Overige niet-westerse migratieachterg...;1982;11371;6819;4552
1184;Totaal mannen en vrouwen;5 tot 10 jaar;Overige niet-westerse migratieachterg...;1983;12100;6886;5214
1185;Totaal mannen en vrouwen;5 tot 10 jaar;Overige niet-westerse migratieachterg...;1984;13162;6896;6266
1186;Totaal mannen en vrouwen;5 tot 10 jaar;Overige niet-westerse migratieachterg...;1985;14300;6880;7420
1187;Totaal mannen en vrouwen;5 tot 10 jaar;Overige niet-westerse migratieachterg...;1986;15424;6555;8869
1188;Totaal mannen en vrouwen;5 tot 10 jaar;Overige niet-westerse migratieachterg...;1987;16656;6235;10421
1189;Totaal mannen en vrouwen;5 tot 10 jaar;Overige niet-westerse migratieachterg...;1988;17949;6255;11694
1190;Totaal mannen en vrouwen;5 tot 10 jaar;Overige niet-westerse migratieachterg...;1989;19082;6306;12776
1191;Totaal mannen en vrouwen;5 tot 10 jaar;Overige niet-westerse migratieachterg...;1990;20499;6732;13767
1192;Totaal mannen en vrouwen;5 tot 10 jaar;Overige niet-westerse migratieachterg...;1991;22149;7491;14658
1193;Totaal mannen en vrouwen;5 tot 10 jaar;Overige niet-westerse migratieachterg...;1992;23863;8310;15553
1194;Totaal mannen en vrouwen;5 tot 10 jaar;Overige niet-westerse migratieachterg...;1993;25543;8907;16636
1195;Totaal mannen en vrouwen;5 tot 10 jaar;Overige niet-westerse migratieachterg...;1994;27593;9780;17813
1196;Totaal mannen en vrouwen;5 tot 10 jaar;Overige niet-westerse migratieachterg...;1995;29416;10483;18933
1197;Totaal mannen en vrouwen;5 tot 10 jaar;Overige niet-westerse migratieachterg...;1996;31899;11273;20626
1198;Totaal mannen en vrouwen;5 tot 10 jaar;Overige niet-westerse migratieachterg...;1997;35001;12721;22280
1199;Totaal mannen en vrouwen;5 tot 10 jaar;Overige niet-westerse migratieachterg...;1998;38281;13990;24291
1200;Totaal mannen en vrouwen;5 tot 10 jaar;Overige niet-westerse migratieachterg...;1999;41205;14769;26436
1201;Totaal mannen en vrouwen;5 tot 10 jaar;Overige niet-westerse migratieachterg...;2000;44267;15083;29184
1202;Totaal mannen en vrouwen;5 tot 10 jaar;Overige niet-westerse migratieachterg...;2001;46654;15172;31482
1203;Totaal mannen en vrouwen;5 tot 10 jaar;Overige niet-westerse migratieachterg...;2002;49017;15379;33638
1204;Totaal mannen en vrouwen;5 tot 10 jaar;Overige niet-westerse migratieachterg...;2003;50806;14761;36045
1205;Totaal mannen en vrouwen;5 tot 10 jaar;Overige niet-westerse migratieachterg...;2004;51942;13322;38620
1206;Totaal mannen en vrouwen;5 tot 10 jaar;Overige niet-westerse migratieachterg...;2005;52158;11470;40688
1207;Totaal mannen en vrouwen;5 tot 10 jaar;Overige niet-westerse migratieachterg...;2006;53296;10107;43189
1208;Totaal mannen en vrouwen;5 tot 10 jaar;Overige niet-westerse migratieachterg...;2007;54055;8519;45536
1209;Totaal mannen en vrouwen;5 tot 10 jaar;Overige niet-westerse migratieachterg...;2008;54972;7327;47645
1210;Totaal mannen en vrouwen;5 tot 10 jaar;Overige niet-westerse migratieachterg...;2009;56534;7195;49339
1211;Totaal mannen en vrouwen;5 tot 10 jaar;Overige niet-westerse migratieachterg...;2010;58390;7494;50896
1212;Totaal mannen en vrouwen;5 tot 10 jaar;Overige niet-westerse migratieachterg...;2011;59469;8171;51298
1213;Totaal mannen en vrouwen;5 tot 10 jaar;Overige niet-westerse migratieachterg...;2012;60452;8853;51599
1214;Totaal mannen en vrouwen;5 tot 10 jaar;Overige niet-westerse migratieachterg...;2013;60946;9131;51815
1215;Totaal mannen en vrouwen;5 tot 10 jaar;Overige niet-westerse migratieachterg...;2014;62517;10297;52220
1216;Totaal mannen en vrouwen;5 tot 10 jaar;Overige niet-westerse migratieachterg...;2015;64559;11675;52884
1217;Totaal mannen en vrouwen;5 tot 10 jaar;Overige niet-westerse migratieachterg...;2016;68768;14734;54034
1218;Totaal mannen en vrouwen;5 tot 10 jaar;Overige niet-westerse migratieachterg...;2017;74317;18898;55419
1219;Totaal mannen en vrouwen;5 tot 10 jaar;Overige niet-westerse migratieachterg...;2018;79888;22925;56963
1220;Totaal mannen en vrouwen;5 tot 10 jaar;Overige niet-westerse migratieachterg...;2019;82761;24890;57871
1221;Totaal mannen en vrouwen;5 tot 10 jaar;Overige niet-westerse migratieachterg...;2020;86127;26710;59417
1222;Totaal mannen en vrouwen;5 tot 10 jaar;Overige niet-westerse migratieachterg...;2021;87887;26857;61030
1223;Totaal mannen en vrouwen;5 tot 10 jaar;Overige niet-westerse migratieachterg...;2022;90906;27286;63620
1224;Totaal mannen en vrouwen;10 tot 15 jaar;Met migratieachtergrond;1972;95785;24173;71612
1225;Totaal mannen en vrouwen;10 tot 15 jaar;Met migratieachtergrond;1973;100202;26540;73662
1226;Totaal mannen en vrouwen;10 tot 15 jaar;Met migratieachtergrond;1974;105310;29677;75633
1227;Totaal mannen en vrouwen;10 tot 15 jaar;Met migratieachtergrond;1975;111516;33592;77924
1228;Totaal mannen en vrouwen;10 tot 15 jaar;Met migratieachtergrond;1976;119916;39604;80312
1229;Totaal mannen en vrouwen;10 tot 15 jaar;Met migratieachtergrond;1977;123934;42063;81871
1230;Totaal mannen en vrouwen;10 tot 15 jaar;Met migratieachtergrond;1978;126911;43733;83178
1231;Totaal mannen en vrouwen;10 tot 15 jaar;Met migratieachtergrond;1979;130504;46352;84152
1232;Totaal mannen en vrouwen;10 tot 15 jaar;Met migratieachtergrond;1980;136505;50891;85614
1233;Totaal mannen en vrouwen;10 tot 15 jaar;Met migratieachtergrond;1981;143329;56541;86788
1234;Totaal mannen en vrouwen;10 tot 15 jaar;Met migratieachtergrond;1982;145683;58380;87303
1235;Totaal mannen en vrouwen;10 tot 15 jaar;Met migratieachtergrond;1983;148383;60501;87882
1236;Totaal mannen en vrouwen;10 tot 15 jaar;Met migratieachtergrond;1984;146809;60022;86787
1237;Totaal mannen en vrouwen;10 tot 15 jaar;Met migratieachtergrond;1985;142440;57902;84538
1238;Totaal mannen en vrouwen;10 tot 15 jaar;Met migratieachtergrond;1986;139626;55972;83654
1239;Totaal mannen en vrouwen;10 tot 15 jaar;Met migratieachtergrond;1987;137197;53020;84177
1240;Totaal mannen en vrouwen;10 tot 15 jaar;Met migratieachtergrond;1988;136775;50924;85851
1241;Totaal mannen en vrouwen;10 tot 15 jaar;Met migratieachtergrond;1989;139583;49096;90487
1242;Totaal mannen en vrouwen;10 tot 15 jaar;Met migratieachtergrond;1990;144173;47716;96457
1243;Totaal mannen en vrouwen;10 tot 15 jaar;Met migratieachtergrond;1991;150827;46630;104197
1244;Totaal mannen en vrouwen;10 tot 15 jaar;Met migratieachtergrond;1992;158704;46669;112035
1245;Totaal mannen en vrouwen;10 tot 15 jaar;Met migratieachtergrond;1993;164236;45853;118383
1246;Totaal mannen en vrouwen;10 tot 15 jaar;Met migratieachtergrond;1994;169477;46442;123035
1247;Totaal mannen en vrouwen;10 tot 15 jaar;Met migratieachtergrond;1995;174447;47329;127118
1248;Totaal mannen en vrouwen;10 tot 15 jaar;Met migratieachtergrond;1996;177244;48435;128809
1249;Totaal mannen en vrouwen;10 tot 15 jaar;Met migratieachtergrond;1997;180993;50463;130530
1250;Totaal mannen en vrouwen;10 tot 15 jaar;Met migratieachtergrond;1998;185987;52228;133759
1251;Totaal mannen en vrouwen;10 tot 15 jaar;Met migratieachtergrond;1999;192721;54140;138581
1252;Totaal mannen en vrouwen;10 tot 15 jaar;Met migratieachtergrond;2000;199155;55588;143567
1253;Totaal mannen en vrouwen;10 tot 15 jaar;Met migratieachtergrond;2001;207418;57057;150361
1254;Totaal mannen en vrouwen;10 tot 15 jaar;Met migratieachtergrond;2002;214339;57796;156543
1255;Totaal mannen en vrouwen;10 tot 15 jaar;Met migratieachtergrond;2003;219988;57626;162362
1256;Totaal mannen en vrouwen;10 tot 15 jaar;Met migratieachtergrond;2004;221267;54928;166339
1257;Totaal mannen en vrouwen;10 tot 15 jaar;Met migratieachtergrond;2005;220924;50893;170031
1258;Totaal mannen en vrouwen;10 tot 15 jaar;Met migratieachtergrond;2006;217567;46741;170826
1259;Totaal mannen en vrouwen;10 tot 15 jaar;Met migratieachtergrond;2007;215081;43568;171513
1260;Totaal mannen en vrouwen;10 tot 15 jaar;Met migratieachtergrond;2008;214407;41462;172945
1261;Totaal mannen en vrouwen;10 tot 15 jaar;Met migratieachtergrond;2009;216261;39804;176457
1262;Totaal mannen en vrouwen;10 tot 15 jaar;Met migratieachtergrond;2010;218797;38433;180364
1263;Totaal mannen en vrouwen;10 tot 15 jaar;Met migratieachtergrond;2011;223607;37190;186417
1264;Totaal mannen en vrouwen;10 tot 15 jaar;Met migratieachtergrond;2012;227328;35213;192115
1265;Totaal mannen en vrouwen;10 tot 15 jaar;Met migratieachtergrond;2013;229667;33230;196437
1266;Totaal mannen en vrouwen;10 tot 15 jaar;Met migratieachtergrond;2014;232294;33340;198954
1267;Totaal mannen en vrouwen;10 tot 15 jaar;Met migratieachtergrond;2015;234915;34593;200322
1268;Totaal mannen en vrouwen;10 tot 15 jaar;Met migratieachtergrond;2016;236986;37696;199290
1269;Totaal mannen en vrouwen;10 tot 15 jaar;Met migratieachtergrond;2017;241231;42937;198294
1270;Totaal mannen en vrouwen;10 tot 15 jaar;Met migratieachtergrond;2018;245564;48581;196983
1271;Totaal mannen en vrouwen;10 tot 15 jaar;Met migratieachtergrond;2019;249941;53230;196711
1272;Totaal mannen en vrouwen;10 tot 15 jaar;Met migratieachtergrond;2020;254583;58135;196448
1273;Totaal mannen en vrouwen;10 tot 15 jaar;Met migratieachtergrond;2021;259154;61535;197619
1274;Totaal mannen en vrouwen;10 tot 15 jaar;Met migratieachtergrond;2022;264104;65719;198385
1275;Totaal mannen en vrouwen;10 tot 15 jaar;Westerse migratieachtergrond;1972;84257;15954;68303
1276;Totaal mannen en vrouwen;10 tot 15 jaar;Westerse migratieachtergrond;1973;85930;15954;69976
1277;Totaal mannen en vrouwen;10 tot 15 jaar;Westerse migratieachtergrond;1974;87742;16345;71397
1278;Totaal mannen en vrouwen;10 tot 15 jaar;Westerse migratieachtergrond;1975;89529;16541;72988
1279;Totaal mannen en vrouwen;10 tot 15 jaar;Westerse migratieachtergrond;1976;91032;16527;74505
1280;Totaal mannen en vrouwen;10 tot 15 jaar;Westerse migratieachtergrond;1977;92333;17317;75016
1281;Totaal mannen en vrouwen;10 tot 15 jaar;Westerse migratieachtergrond;1978;91912;16852;75060
1282;Totaal mannen en vrouwen;10 tot 15 jaar;Westerse migratieachtergrond;1979;90990;16353;74637
1283;Totaal mannen en vrouwen;10 tot 15 jaar;Westerse migratieachtergrond;1980;90646;16204;74442
1284;Totaal mannen en vrouwen;10 tot 15 jaar;Westerse migratieachtergrond;1981;89277;15700;73577
1285;Totaal mannen en vrouwen;10 tot 15 jaar;Westerse migratieachtergrond;1982;86810;15024;71786
1286;Totaal mannen en vrouwen;10 tot 15 jaar;Westerse migratieachtergrond;1983;87455;17124;70331
1287;Totaal mannen en vrouwen;10 tot 15 jaar;Westerse migratieachtergrond;1984;84235;16946;67289
1288;Totaal mannen en vrouwen;10 tot 15 jaar;Westerse migratieachtergrond;1985;78264;15529;62735
1289;Totaal mannen en vrouwen;10 tot 15 jaar;Westerse migratieachtergrond;1986;73140;13984;59156
1290;Totaal mannen en vrouwen;10 tot 15 jaar;Westerse migratieachtergrond;1987;68600;12162;56438
1291;Totaal mannen en vrouwen;10 tot 15 jaar;Westerse migratieachtergrond;1988;64522;10864;53658
1292;Totaal mannen en vrouwen;10 tot 15 jaar;Westerse migratieachtergrond;1989;62690;9940;52750
1293;Totaal mannen en vrouwen;10 tot 15 jaar;Westerse migratieachtergrond;1990;62536;9969;52567
1294;Totaal mannen en vrouwen;10 tot 15 jaar;Westerse migratieachtergrond;1991;62849;9896;52953
1295;Totaal mannen en vrouwen;10 tot 15 jaar;Westerse migratieachtergrond;1992;63759;10590;53169
1296;Totaal mannen en vrouwen;10 tot 15 jaar;Westerse migratieachtergrond;1993;64200;11080;53120
1297;Totaal mannen en vrouwen;10 tot 15 jaar;Westerse migratieachtergrond;1994;63891;11746;52145
1298;Totaal mannen en vrouwen;10 tot 15 jaar;Westerse migratieachtergrond;1995;65013;13559;51454
1299;Totaal mannen en vrouwen;10 tot 15 jaar;Westerse migratieachtergrond;1996;64184;14031;50153
1300;Totaal mannen en vrouwen;10 tot 15 jaar;Westerse migratieachtergrond;1997;63809;14433;49376
1301;Totaal mannen en vrouwen;10 tot 15 jaar;Westerse migratieachtergrond;1998;63672;14736;48936
1302;Totaal mannen en vrouwen;10 tot 15 jaar;Westerse migratieachtergrond;1999;64268;15269;48999
1303;Totaal mannen en vrouwen;10 tot 15 jaar;Westerse migratieachtergrond;2000;64653;15919;48734
1304;Totaal mannen en vrouwen;10 tot 15 jaar;Westerse migratieachtergrond;2001;65852;17022;48830
1305;Totaal mannen en vrouwen;10 tot 15 jaar;Westerse migratieachtergrond;2002;66623;17821;48802
1306;Totaal mannen en vrouwen;10 tot 15 jaar;Westerse migratieachtergrond;2003;66642;17896;48746
1307;Totaal mannen en vrouwen;10 tot 15 jaar;Westerse migratieachtergrond;2004;66012;17466;48546
1308;Totaal mannen en vrouwen;10 tot 15 jaar;Westerse migratieachtergrond;2005;65288;16621;48667
1309;Totaal mannen en vrouwen;10 tot 15 jaar;Westerse migratieachtergrond;2006;64008;15607;48401
1310;Totaal mannen en vrouwen;10 tot 15 jaar;Westerse migratieachtergrond;2007;62922;14881;48041
1311;Totaal mannen en vrouwen;10 tot 15 jaar;Westerse migratieachtergrond;2008;62468;14671;47797
1312;Totaal mannen en vrouwen;10 tot 15 jaar;Westerse migratieachtergrond;2009;62795;14825;47970
1313;Totaal mannen en vrouwen;10 tot 15 jaar;Westerse migratieachtergrond;2010;63223;14834;48389
1314;Totaal mannen en vrouwen;10 tot 15 jaar;Westerse migratieachtergrond;2011;64148;14923;49225
1315;Totaal mannen en vrouwen;10 tot 15 jaar;Westerse migratieachtergrond;2012;65129;15016;50113
1316;Totaal mannen en vrouwen;10 tot 15 jaar;Westerse migratieachtergrond;2013;66351;15218;51133
1317;Totaal mannen en vrouwen;10 tot 15 jaar;Westerse migratieachtergrond;2014;67528;15639;51889
1318;Totaal mannen en vrouwen;10 tot 15 jaar;Westerse migratieachtergrond;2015;68649;16327;52322
1319;Totaal mannen en vrouwen;10 tot 15 jaar;Westerse migratieachtergrond;2016;69584;17452;52132
1320;Totaal mannen en vrouwen;10 tot 15 jaar;Westerse migratieachtergrond;2017;70892;18927;51965
1321;Totaal mannen en vrouwen;10 tot 15 jaar;Westerse migratieachtergrond;2018;72403;20542;51861
1322;Totaal mannen en vrouwen;10 tot 15 jaar;Westerse migratieachtergrond;2019;74497;22215;52282
1323;Totaal mannen en vrouwen;10 tot 15 jaar;Westerse migratieachtergrond;2020;76916;23806;53110
1324;Totaal mannen en vrouwen;10 tot 15 jaar;Westerse migratieachtergrond;2021;79281;24700;54581
1325;Totaal mannen en vrouwen;10 tot 15 jaar;Westerse migratieachtergrond;2022;81024;25236;55788
1326;Totaal mannen en vrouwen;10 tot 15 jaar;Niet-westerse migratieachtergrond;1972;11528;8219;3309
1327;Totaal mannen en vrouwen;10 tot 15 jaar;Niet-westerse migratieachtergrond;1973;14272;10586;3686
1328;Totaal mannen en vrouwen;10 tot 15 jaar;Niet-westerse migratieachtergrond;1974;17568;13332;4236
1329;Totaal mannen en vrouwen;10 tot 15 jaar;Niet-westerse migratieachtergrond;1975;21987;17051;4936
1330;Totaal mannen en vrouwen;10 tot 15 jaar;Niet-westerse migratieachtergrond;1976;28884;23077;5807
1331;Totaal mannen en vrouwen;10 tot 15 jaar;Niet-westerse migratieachtergrond;1977;31601;24746;6855
1332;Totaal mannen en vrouwen;10 tot 15 jaar;Niet-westerse migratieachtergrond;1978;34999;26881;8118
1333;Totaal mannen en vrouwen;10 tot 15 jaar;Niet-westerse migratieachtergrond;1979;39514;29999;9515
1334;Totaal mannen en vrouwen;10 tot 15 jaar;Niet-westerse migratieachtergrond;1980;45859;34687;11172
1335;Totaal mannen en vrouwen;10 tot 15 jaar;Niet-westerse migratieachtergrond;1981;54052;40841;13211
1336;Totaal mannen en vrouwen;10 tot 15 jaar;Niet-westerse migratieachtergrond;1982;58873;43356;15517
1337;Totaal mannen en vrouwen;10 tot 15 jaar;Niet-westerse migratieachtergrond;1983;60928;43377;17551
1338;Totaal mannen en vrouwen;10 tot 15 jaar;Niet-westerse migratieachtergrond;1984;62574;43076;19498
1339;Totaal mannen en vrouwen;10 tot 15 jaar;Niet-westerse migratieachtergrond;1985;64176;42373;21803
1340;Totaal mannen en vrouwen;10 tot 15 jaar;Niet-westerse migratieachtergrond;1986;66486;41988;24498
1341;Totaal mannen en vrouwen;10 tot 15 jaar;Niet-westerse migratieachtergrond;1987;68597;40858;27739
1342;Totaal mannen en vrouwen;10 tot 15 jaar;Niet-westerse migratieachtergrond;1988;72253;40060;32193
1343;Totaal mannen en vrouwen;10 tot 15 jaar;Niet-westerse migratieachtergrond;1989;76893;39156;37737
1344;Totaal mannen en vrouwen;10 tot 15 jaar;Niet-westerse migratieachtergrond;1990;81637;37747;43890
1345;Totaal mannen en vrouwen;10 tot 15 jaar;Niet-westerse migratieachtergrond;1991;87978;36734;51244
1346;Totaal mannen en vrouwen;10 tot 15 jaar;Niet-westerse migratieachtergrond;1992;94945;36079;58866
1347;Totaal mannen en vrouwen;10 tot 15 jaar;Niet-westerse migratieachtergrond;1993;100036;34773;65263
1348;Totaal mannen en vrouwen;10 tot 15 jaar;Niet-westerse migratieachtergrond;1994;105586;34696;70890
1349;Totaal mannen en vrouwen;10 tot 15 jaar;Niet-westerse migratieachtergrond;1995;109434;33770;75664
1350;Totaal mannen en vrouwen;10 tot 15 jaar;Niet-westerse migratieachtergrond;1996;113060;34404;78656
1351;Totaal mannen en vrouwen;10 tot 15 jaar;Niet-westerse migratieachtergrond;1997;117184;36030;81154
1352;Totaal mannen en vrouwen;10 tot 15 jaar;Niet-westerse migratieachtergrond;1998;122315;37492;84823
1353;Totaal mannen en vrouwen;10 tot 15 jaar;Niet-westerse migratieachtergrond;1999;128453;38871;89582
1354;Totaal mannen en vrouwen;10 tot 15 jaar;Niet-westerse migratieachtergrond;2000;134502;39669;94833
1355;Totaal mannen en vrouwen;10 tot 15 jaar;Niet-westerse migratieachtergrond;2001;141566;40035;101531
1356;Totaal mannen en vrouwen;10 tot 15 jaar;Niet-westerse migratieachtergrond;2002;147716;39975;107741
1357;Totaal mannen en vrouwen;10 tot 15 jaar;Niet-westerse migratieachtergrond;2003;153346;39730;113616
1358;Totaal mannen en vrouwen;10 tot 15 jaar;Niet-westerse migratieachtergrond;2004;155255;37462;117793
1359;Totaal mannen en vrouwen;10 tot 15 jaar;Niet-westerse migratieachtergrond;2005;155636;34272;121364
1360;Totaal mannen en vrouwen;10 tot 15 jaar;Niet-westerse migratieachtergrond;2006;153559;31134;122425
1361;Totaal mannen en vrouwen;10 tot 15 jaar;Niet-westerse migratieachtergrond;2007;152159;28687;123472
1362;Totaal mannen en vrouwen;10 tot 15 jaar;Niet-westerse migratieachtergrond;2008;151939;26791;125148
1363;Totaal mannen en vrouwen;10 tot 15 jaar;Niet-westerse migratieachtergrond;2009;153466;24979;128487
1364;Totaal mannen en vrouwen;10 tot 15 jaar;Niet-westerse migratieachtergrond;2010;155574;23599;131975
1365;Totaal mannen en vrouwen;10 tot 15 jaar;Niet-westerse migratieachtergrond;2011;159459;22267;137192
1366;Totaal mannen en vrouwen;10 tot 15 jaar;Niet-westerse migratieachtergrond;2012;162199;20197;142002
1367;Totaal mannen en vrouwen;10 tot 15 jaar;Niet-westerse migratieachtergrond;2013;163316;18012;145304
1368;Totaal mannen en vrouwen;10 tot 15 jaar;Niet-westerse migratieachtergrond;2014;164766;17701;147065
1369;Totaal mannen en vrouwen;10 tot 15 jaar;Niet-westerse migratieachtergrond;2015;166266;18266;148000
1370;Totaal mannen en vrouwen;10 tot 15 jaar;Niet-westerse migratieachtergrond;2016;167402;20244;147158
1371;Totaal mannen en vrouwen;10 tot 15 jaar;Niet-westerse migratieachtergrond;2017;170339;24010;146329
1372;Totaal mannen en vrouwen;10 tot 15 jaar;Niet-westerse migratieachtergrond;2018;173161;28039;145122
1373;Totaal mannen en vrouwen;10 tot 15 jaar;Niet-westerse migratieachtergrond;2019;175444;31015;144429
1374;Totaal mannen en vrouwen;10 tot 15 jaar;Niet-westerse migratieachtergrond;2020;177667;34329;143338
1375;Totaal mannen en vrouwen;10 tot 15 jaar;Niet-westerse migratieachtergrond;2021;179873;36835;143038
1376;Totaal mannen en vrouwen;10 tot 15 jaar;Niet-westerse migratieachtergrond;2022;183080;40483;142597
1377;Totaal mannen en vrouwen;10 tot 15 jaar;Marokko;1972;29;17;12
1378;Totaal mannen en vrouwen;10 tot 15 jaar;Marokko;1973;377;359;18
1379;Totaal mannen en vrouwen;10 tot 15 jaar;Marokko;1974;819;792;27
1380;Totaal mannen en vrouwen;10 tot 15 jaar;Marokko;1975;1334;1288;46
1381;Totaal mannen en vrouwen;10 tot 15 jaar;Marokko;1976;1947;1867;80
1382;Totaal mannen en vrouwen;10 tot 15 jaar;Marokko;1977;2719;2578;141
1383;Totaal mannen en vrouwen;10 tot 15 jaar;Marokko;1978;3692;3462;230
1384;Totaal mannen en vrouwen;10 tot 15 jaar;Marokko;1979;4878;4526;352
1385;Totaal mannen en vrouwen;10 tot 15 jaar;Marokko;1980;6114;5599;515
1386;Totaal mannen en vrouwen;10 tot 15 jaar;Marokko;1981;7809;7108;701
1387;Totaal mannen en vrouwen;10 tot 15 jaar;Marokko;1982;9131;8153;978
1388;Totaal mannen en vrouwen;10 tot 15 jaar;Marokko;1983;9949;8604;1345
1389;Totaal mannen en vrouwen;10 tot 15 jaar;Marokko;1984;10491;8639;1852
1390;Totaal mannen en vrouwen;10 tot 15 jaar;Marokko;1985;11129;8638;2491
1391;Totaal mannen en vrouwen;10 tot 15 jaar;Marokko;1986;12376;9008;3368
1392;Totaal mannen en vrouwen;10 tot 15 jaar;Marokko;1987;13775;9420;4355
1393;Totaal mannen en vrouwen;10 tot 15 jaar;Marokko;1988;15458;9881;5577
1394;Totaal mannen en vrouwen;10 tot 15 jaar;Marokko;1989;17258;10365;6893
1395;Totaal mannen en vrouwen;10 tot 15 jaar;Marokko;1990;19202;10740;8462
1396;Totaal mannen en vrouwen;10 tot 15 jaar;Marokko;1991;20946;10840;10106
1397;Totaal mannen en vrouwen;10 tot 15 jaar;Marokko;1992;22556;10658;11898
1398;Totaal mannen en vrouwen;10 tot 15 jaar;Marokko;1993;23664;10039;13625
1399;Totaal mannen en vrouwen;10 tot 15 jaar;Marokko;1994;24643;9429;15214
1400;Totaal mannen en vrouwen;10 tot 15 jaar;Marokko;1995;24988;8530;16458
1401;Totaal mannen en vrouwen;10 tot 15 jaar;Marokko;1996;25351;7771;17580
1402;Totaal mannen en vrouwen;10 tot 15 jaar;Marokko;1997;25552;7076;18476
1403;Totaal mannen en vrouwen;10 tot 15 jaar;Marokko;1998;26069;6606;19463
1404;Totaal mannen en vrouwen;10 tot 15 jaar;Marokko;1999;26875;6177;20698
1405;Totaal mannen en vrouwen;10 tot 15 jaar;Marokko;2000;27702;5545;22157
1406;Totaal mannen en vrouwen;10 tot 15 jaar;Marokko;2001;28627;4862;23765
1407;Totaal mannen en vrouwen;10 tot 15 jaar;Marokko;2002;29664;4413;25251
1408;Totaal mannen en vrouwen;10 tot 15 jaar;Marokko;2003;30687;3881;26806
1409;Totaal mannen en vrouwen;10 tot 15 jaar;Marokko;2004;31120;3302;27818
1410;Totaal mannen en vrouwen;10 tot 15 jaar;Marokko;2005;31399;2854;28545
1411;Totaal mannen en vrouwen;10 tot 15 jaar;Marokko;2006;31169;2486;28683
1412;Totaal mannen en vrouwen;10 tot 15 jaar;Marokko;2007;31176;2196;28980
1413;Totaal mannen en vrouwen;10 tot 15 jaar;Marokko;2008;31114;2006;29108
1414;Totaal mannen en vrouwen;10 tot 15 jaar;Marokko;2009;31652;1841;29811
1415;Totaal mannen en vrouwen;10 tot 15 jaar;Marokko;2010;32371;1724;30647
1416;Totaal mannen en vrouwen;10 tot 15 jaar;Marokko;2011;33799;1550;32249
1417;Totaal mannen en vrouwen;10 tot 15 jaar;Marokko;2012;34948;1363;33585
1418;Totaal mannen en vrouwen;10 tot 15 jaar;Marokko;2013;36089;1165;34924
1419;Totaal mannen en vrouwen;10 tot 15 jaar;Marokko;2014;37190;1056;36134
1420;Totaal mannen en vrouwen;10 tot 15 jaar;Marokko;2015;38155;937;37218
1421;Totaal mannen en vrouwen;10 tot 15 jaar;Marokko;2016;38612;830;37782
1422;Totaal mannen en vrouwen;10 tot 15 jaar;Marokko;2017;38976;742;38234
1423;Totaal mannen en vrouwen;10 tot 15 jaar;Marokko;2018;39032;747;38285
1424;Totaal mannen en vrouwen;10 tot 15 jaar;Marokko;2019;38865;760;38105
1425;Totaal mannen en vrouwen;10 tot 15 jaar;Marokko;2020;38531;905;37626
1426;Totaal mannen en vrouwen;10 tot 15 jaar;Marokko;2021;37898;994;36904
1427;Totaal mannen en vrouwen;10 tot 15 jaar;Marokko;2022;37295;1124;36171
1428;Totaal mannen en vrouwen;10 tot 15 jaar;(voormalige) Nederlandse Antillen, Aruba;1972;2152;1563;589
1429;Totaal mannen en vrouwen;10 tot 15 jaar;(voormalige) Nederlandse Antillen, Aruba;1973;2381;1681;700
1430;Totaal mannen en vrouwen;10 tot 15 jaar;(voormalige) Nederlandse Antillen, Aruba;1974;2598;1764;834
1431;Totaal mannen en vrouwen;10 tot 15 jaar;(voormalige) Nederlandse Antillen, Aruba;1975;2793;1829;964
1432;Totaal mannen en vrouwen;10 tot 15 jaar;(voormalige) Nederlandse Antillen, Aruba;1976;2969;1833;1136
1433;Totaal mannen en vrouwen;10 tot 15 jaar;(voormalige) Nederlandse Antillen, Aruba;1977;3190;1789;1401
1434;Totaal mannen en vrouwen;10 tot 15 jaar;(voormalige) Nederlandse Antillen, Aruba;1978;3544;1844;1700
1435;Totaal mannen en vrouwen;10 tot 15 jaar;(voormalige) Nederlandse Antillen, Aruba;1979;3968;1927;2041
1436;Totaal mannen en vrouwen;10 tot 15 jaar;(voormalige) Nederlandse Antillen, Aruba;1980;4478;2021;2457
1437;Totaal mannen en vrouwen;10 tot 15 jaar;(voormalige) Nederlandse Antillen, Aruba;1981;5143;2243;2900
1438;Totaal mannen en vrouwen;10 tot 15 jaar;(voormalige) Nederlandse Antillen, Aruba;1982;5561;2378;3183
1439;Totaal mannen en vrouwen;10 tot 15 jaar;(voormalige) Nederlandse Antillen, Aruba;1983;5675;2376;3299
1440;Totaal mannen en vrouwen;10 tot 15 jaar;(voormalige) Nederlandse Antillen, Aruba;1984;5653;2384;3269
1441;Totaal mannen en vrouwen;10 tot 15 jaar;(voormalige) Nederlandse Antillen, Aruba;1985;5569;2378;3191
1442;Totaal mannen en vrouwen;10 tot 15 jaar;(voormalige) Nederlandse Antillen, Aruba;1986;5527;2524;3003
1443;Totaal mannen en vrouwen;10 tot 15 jaar;(voormalige) Nederlandse Antillen, Aruba;1987;5582;2688;2894
1444;Totaal mannen en vrouwen;10 tot 15 jaar;(voormalige) Nederlandse Antillen, Aruba;1988;5772;2843;2929
1445;Totaal mannen en vrouwen;10 tot 15 jaar;(voormalige) Nederlandse Antillen, Aruba;1989;6200;3086;3114
1446;Totaal mannen en vrouwen;10 tot 15 jaar;(voormalige) Nederlandse Antillen, Aruba;1990;6530;3234;3296
1447;Totaal mannen en vrouwen;10 tot 15 jaar;(voormalige) Nederlandse Antillen, Aruba;1991;7054;3445;3609
1448;Totaal mannen en vrouwen;10 tot 15 jaar;(voormalige) Nederlandse Antillen, Aruba;1992;7509;3595;3914
1449;Totaal mannen en vrouwen;10 tot 15 jaar;(voormalige) Nederlandse Antillen, Aruba;1993;7772;3564;4208
1450;Totaal mannen en vrouwen;10 tot 15 jaar;(voormalige) Nederlandse Antillen, Aruba;1994;8129;3687;4442
1451;Totaal mannen en vrouwen;10 tot 15 jaar;(voormalige) Nederlandse Antillen, Aruba;1995;8447;3669;4778
1452;Totaal mannen en vrouwen;10 tot 15 jaar;(voormalige) Nederlandse Antillen, Aruba;1996;8548;3674;4874
1453;Totaal mannen en vrouwen;10 tot 15 jaar;(voormalige) Nederlandse Antillen, Aruba;1997;8740;3674;5066
1454;Totaal mannen en vrouwen;10 tot 15 jaar;(voormalige) Nederlandse Antillen, Aruba;1998;9059;3750;5309
1455;Totaal mannen en vrouwen;10 tot 15 jaar;(voormalige) Nederlandse Antillen, Aruba;1999;9617;3958;5659
1456;Totaal mannen en vrouwen;10 tot 15 jaar;(voormalige) Nederlandse Antillen, Aruba;2000;10213;4177;6036
1457;Totaal mannen en vrouwen;10 tot 15 jaar;(voormalige) Nederlandse Antillen, Aruba;2001;11139;4432;6707
1458;Totaal mannen en vrouwen;10 tot 15 jaar;(voormalige) Nederlandse Antillen, Aruba;2002;11790;4558;7232
1459;Totaal mannen en vrouwen;10 tot 15 jaar;(voormalige) Nederlandse Antillen, Aruba;2003;12177;4510;7667
1460;Totaal mannen en vrouwen;10 tot 15 jaar;(voormalige) Nederlandse Antillen, Aruba;2004;12318;4432;7886
1461;Totaal mannen en vrouwen;10 tot 15 jaar;(voormalige) Nederlandse Antillen, Aruba;2005;12273;4220;8053
1462;Totaal mannen en vrouwen;10 tot 15 jaar;(voormalige) Nederlandse Antillen, Aruba;2006;11982;4043;7939
1463;Totaal mannen en vrouwen;10 tot 15 jaar;(voormalige) Nederlandse Antillen, Aruba;2007;11677;3929;7748
1464;Totaal mannen en vrouwen;10 tot 15 jaar;(voormalige) Nederlandse Antillen, Aruba;2008;11442;3844;7598
1465;Totaal mannen en vrouwen;10 tot 15 jaar;(voormalige) Nederlandse Antillen, Aruba;2009;11433;3718;7715
1466;Totaal mannen en vrouwen;10 tot 15 jaar;(voormalige) Nederlandse Antillen, Aruba;2010;11381;3476;7905
1467;Totaal mannen en vrouwen;10 tot 15 jaar;(voormalige) Nederlandse Antillen, Aruba;2011;11318;3163;8155
1468;Totaal mannen en vrouwen;10 tot 15 jaar;(voormalige) Nederlandse Antillen, Aruba;2012;11324;2704;8620
1469;Totaal mannen en vrouwen;10 tot 15 jaar;(voormalige) Nederlandse Antillen, Aruba;2013;11356;2234;9122
1470;Totaal mannen en vrouwen;10 tot 15 jaar;(voormalige) Nederlandse Antillen, Aruba;2014;11213;1825;9388
1471;Totaal mannen en vrouwen;10 tot 15 jaar;(voormalige) Nederlandse Antillen, Aruba;2015;11014;1524;9490
1472;Totaal mannen en vrouwen;10 tot 15 jaar;(voormalige) Nederlandse Antillen, Aruba;2016;10915;1363;9552
1473;Totaal mannen en vrouwen;10 tot 15 jaar;(voormalige) Nederlandse Antillen, Aruba;2017;10883;1367;9516
1474;Totaal mannen en vrouwen;10 tot 15 jaar;(voormalige) Nederlandse Antillen, Aruba;2018;11038;1487;9551
1475;Totaal mannen en vrouwen;10 tot 15 jaar;(voormalige) Nederlandse Antillen, Aruba;2019;11367;1637;9730
1476;Totaal mannen en vrouwen;10 tot 15 jaar;(voormalige) Nederlandse Antillen, Aruba;2020;11804;1827;9977
1477;Totaal mannen en vrouwen;10 tot 15 jaar;(voormalige) Nederlandse Antillen, Aruba;2021;12208;1961;10247
1478;Totaal mannen en vrouwen;10 tot 15 jaar;(voormalige) Nederlandse Antillen, Aruba;2022;12558;2123;10435
1479;Totaal mannen en vrouwen;10 tot 15 jaar;Suriname;1972;5362;3765;1597
1480;Totaal mannen en vrouwen;10 tot 15 jaar;Suriname;1973;6424;4618;1806
1481;Totaal mannen en vrouwen;10 tot 15 jaar;Suriname;1974;7767;5661;2106
1482;Totaal mannen en vrouwen;10 tot 15 jaar;Suriname;1975;9985;7467;2518
1483;Totaal mannen en vrouwen;10 tot 15 jaar;Suriname;1976;14927;11962;2965
1484;Totaal mannen en vrouwen;10 tot 15 jaar;Suriname;1977;15601;12179;3422
1485;Totaal mannen en vrouwen;10 tot 15 jaar;Suriname;1978;16122;12247;3875
1486;Totaal mannen en vrouwen;10 tot 15 jaar;Suriname;1979;17051;12719;4332
1487;Totaal mannen en vrouwen;10 tot 15 jaar;Suriname;1980;18931;14103;4828
1488;Totaal mannen en vrouwen;10 tot 15 jaar;Suriname;1981;21219;15772;5447
1489;Totaal mannen en vrouwen;10 tot 15 jaar;Suriname;1982;22169;16043;6126
1490;Totaal mannen en vrouwen;10 tot 15 jaar;Suriname;1983;22075;15596;6479
1491;Totaal mannen en vrouwen;10 tot 15 jaar;Suriname;1984;22106;15444;6662
1492;Totaal mannen en vrouwen;10 tot 15 jaar;Suriname;1985;21756;14868;6888
1493;Totaal mannen en vrouwen;10 tot 15 jaar;Suriname;1986;21112;13727;7385
1494;Totaal mannen en vrouwen;10 tot 15 jaar;Suriname;1987;20470;12265;8205
1495;Totaal mannen en vrouwen;10 tot 15 jaar;Suriname;1988;20077;10776;9301
1496;Totaal mannen en vrouwen;10 tot 15 jaar;Suriname;1989;19900;9274;10626
1497;Totaal mannen en vrouwen;10 tot 15 jaar;Suriname;1990;19959;7890;12069
1498;Totaal mannen en vrouwen;10 tot 15 jaar;Suriname;1991;20779;6908;13871
1499;Totaal mannen en vrouwen;10 tot 15 jaar;Suriname;1992;21700;6274;15426
1500;Totaal mannen en vrouwen;10 tot 15 jaar;Suriname;1993;22782;5670;17112
1501;Totaal mannen en vrouwen;10 tot 15 jaar;Suriname;1994;24183;5435;18748
1502;Totaal mannen en vrouwen;10 tot 15 jaar;Suriname;1995;25532;5070;20462
1503;Totaal mannen en vrouwen;10 tot 15 jaar;Suriname;1996;26396;5054;21342
1504;Totaal mannen en vrouwen;10 tot 15 jaar;Suriname;1997;27417;5259;22158
1505;Totaal mannen en vrouwen;10 tot 15 jaar;Suriname;1998;27773;5102;22671
1506;Totaal mannen en vrouwen;10 tot 15 jaar;Suriname;1999;28136;4867;23269
1507;Totaal mannen en vrouwen;10 tot 15 jaar;Suriname;2000;28152;4677;23475
1508;Totaal mannen en vrouwen;10 tot 15 jaar;Suriname;2001;28248;4428;23820
1509;Totaal mannen en vrouwen;10 tot 15 jaar;Suriname;2002;28103;4123;23980
1510;Totaal mannen en vrouwen;10 tot 15 jaar;Suriname;2003;27909;3835;24074
1511;Totaal mannen en vrouwen;10 tot 15 jaar;Suriname;2004;27467;3505;23962
1512;Totaal mannen en vrouwen;10 tot 15 jaar;Suriname;2005;26870;2964;23906
1513;Totaal mannen en vrouwen;10 tot 15 jaar;Suriname;2006;26067;2577;23490
1514;Totaal mannen en vrouwen;10 tot 15 jaar;Suriname;2007;25299;2283;23016
1515;Totaal mannen en vrouwen;10 tot 15 jaar;Suriname;2008;24987;2095;22892
1516;Totaal mannen en vrouwen;10 tot 15 jaar;Suriname;2009;24707;1977;22730
1517;Totaal mannen en vrouwen;10 tot 15 jaar;Suriname;2010;24809;1923;22886
1518;Totaal mannen en vrouwen;10 tot 15 jaar;Suriname;2011;24899;1774;23125
1519;Totaal mannen en vrouwen;10 tot 15 jaar;Suriname;2012;25064;1625;23439
1520;Totaal mannen en vrouwen;10 tot 15 jaar;Suriname;2013;24664;1324;23340
1521;Totaal mannen en vrouwen;10 tot 15 jaar;Suriname;2014;24127;1129;22998
1522;Totaal mannen en vrouwen;10 tot 15 jaar;Suriname;2015;23260;970;22290
1523;Totaal mannen en vrouwen;10 tot 15 jaar;Suriname;2016;22104;841;21263
1524;Totaal mannen en vrouwen;10 tot 15 jaar;Suriname;2017;20992;783;20209
1525;Totaal mannen en vrouwen;10 tot 15 jaar;Suriname;2018;19987;765;19222
1526;Totaal mannen en vrouwen;10 tot 15 jaar;Suriname;2019;19237;804;18433
1527;Totaal mannen en vrouwen;10 tot 15 jaar;Suriname;2020;18634;831;17803
1528;Totaal mannen en vrouwen;10 tot 15 jaar;Suriname;2021;18253;912;17341
1529;Totaal mannen en vrouwen;10 tot 15 jaar;Suriname;2022;17713;921;16792
1530;Totaal mannen en vrouwen;10 tot 15 jaar;Turkije;1972;580;555;25
1531;Totaal mannen en vrouwen;10 tot 15 jaar;Turkije;1973;1530;1497;33
1532;Totaal mannen en vrouwen;10 tot 15 jaar;Turkije;1974;2678;2630;48
1533;Totaal mannen en vrouwen;10 tot 15 jaar;Turkije;1975;3939;3859;80
1534;Totaal mannen en vrouwen;10 tot 15 jaar;Turkije;1976;4724;4574;150
1535;Totaal mannen en vrouwen;10 tot 15 jaar;Turkije;1977;5494;5187;307
1536;Totaal mannen en vrouwen;10 tot 15 jaar;Turkije;1978;6676;6146;530
1537;Totaal mannen en vrouwen;10 tot 15 jaar;Turkije;1979;8136;7344;792
1538;Totaal mannen en vrouwen;10 tot 15 jaar;Turkije;1980;10233;9074;1159
1539;Totaal mannen en vrouwen;10 tot 15 jaar;Turkije;1981;12924;11251;1673
1540;Totaal mannen en vrouwen;10 tot 15 jaar;Turkije;1982;13969;11620;2349
1541;Totaal mannen en vrouwen;10 tot 15 jaar;Turkije;1983;14138;10893;3245
1542;Totaal mannen en vrouwen;10 tot 15 jaar;Turkije;1984;14308;10019;4289
1543;Totaal mannen en vrouwen;10 tot 15 jaar;Turkije;1985;14622;9199;5423
1544;Totaal mannen en vrouwen;10 tot 15 jaar;Turkije;1986;15736;9093;6643
1545;Totaal mannen en vrouwen;10 tot 15 jaar;Turkije;1987;16625;8826;7799
1546;Totaal mannen en vrouwen;10 tot 15 jaar;Turkije;1988;18010;8768;9242
1547;Totaal mannen en vrouwen;10 tot 15 jaar;Turkije;1989;19440;8524;10916
1548;Totaal mannen en vrouwen;10 tot 15 jaar;Turkije;1990;20581;7855;12726
1549;Totaal mannen en vrouwen;10 tot 15 jaar;Turkije;1991;21914;7031;14883
1550;Totaal mannen en vrouwen;10 tot 15 jaar;Turkije;1992;23717;6409;17308
1551;Totaal mannen en vrouwen;10 tot 15 jaar;Turkije;1993;24296;5567;18729
1552;Totaal mannen en vrouwen;10 tot 15 jaar;Turkije;1994;24806;4991;19815
1553;Totaal mannen en vrouwen;10 tot 15 jaar;Turkije;1995;25157;4702;20455
1554;Totaal mannen en vrouwen;10 tot 15 jaar;Turkije;1996;25262;4817;20445
1555;Totaal mannen en vrouwen;10 tot 15 jaar;Turkije;1997;25260;5031;20229
1556;Totaal mannen en vrouwen;10 tot 15 jaar;Turkije;1998;26440;5341;21099
1557;Totaal mannen en vrouwen;10 tot 15 jaar;Turkije;1999;28050;5457;22593
1558;Totaal mannen en vrouwen;10 tot 15 jaar;Turkije;2000;29848;5201;24647
1559;Totaal mannen en vrouwen;10 tot 15 jaar;Turkije;2001;31842;4740;27102
1560;Totaal mannen en vrouwen;10 tot 15 jaar;Turkije;2002;33761;4229;29532
1561;Totaal mannen en vrouwen;10 tot 15 jaar;Turkije;2003;35219;3777;31442
1562;Totaal mannen en vrouwen;10 tot 15 jaar;Turkije;2004;35932;3323;32609
1563;Totaal mannen en vrouwen;10 tot 15 jaar;Turkije;2005;36225;2921;33304
1564;Totaal mannen en vrouwen;10 tot 15 jaar;Turkije;2006;35800;2619;33181
1565;Totaal mannen en vrouwen;10 tot 15 jaar;Turkije;2007;35561;2431;33130
1566;Totaal mannen en vrouwen;10 tot 15 jaar;Turkije;2008;35536;2281;33255
1567;Totaal mannen en vrouwen;10 tot 15 jaar;Turkije;2009;35686;2164;33522
1568;Totaal mannen en vrouwen;10 tot 15 jaar;Turkije;2010;35419;2029;33390
1569;Totaal mannen en vrouwen;10 tot 15 jaar;Turkije;2011;35601;1888;33713
1570;Totaal mannen en vrouwen;10 tot 15 jaar;Turkije;2012;35258;1704;33554
1571;Totaal mannen en vrouwen;10 tot 15 jaar;Turkije;2013;34294;1453;32841
1572;Totaal mannen en vrouwen;10 tot 15 jaar;Turkije;2014;33061;1239;31822
1573;Totaal mannen en vrouwen;10 tot 15 jaar;Turkije;2015;31927;1065;30862
1574;Totaal mannen en vrouwen;10 tot 15 jaar;Turkije;2016;30781;929;29852
1575;Totaal mannen en vrouwen;10 tot 15 jaar;Turkije;2017;29887;855;29032
1576;Totaal mannen en vrouwen;10 tot 15 jaar;Turkije;2018;29050;936;28114
1577;Totaal mannen en vrouwen;10 tot 15 jaar;Turkije;2019;28384;1067;27317
1578;Totaal mannen en vrouwen;10 tot 15 jaar;Turkije;2020;27602;1281;26321
1579;Totaal mannen en vrouwen;10 tot 15 jaar;Turkije;2021;26974;1501;25473
1580;Totaal mannen en vrouwen;10 tot 15 jaar;Turkije;2022;26362;1788;24574
1581;Totaal mannen en vrouwen;10 tot 15 jaar;Overige niet-westerse migratieachterg...;1972;3405;2319;1086
1582;Totaal mannen en vrouwen;10 tot 15 jaar;Overige niet-westerse migratieachterg...;1973;3560;2431;1129
1583;Totaal mannen en vrouwen;10 tot 15 jaar;Overige niet-westerse migratieachterg...;1974;3706;2485;1221
1584;Totaal mannen en vrouwen;10 tot 15 jaar;Overige niet-westerse migratieachterg...;1975;3936;2608;1328
1585;Totaal mannen en vrouwen;10 tot 15 jaar;Overige niet-westerse migratieachterg...;1976;4317;2841;1476
1586;Totaal mannen en vrouwen;10 tot 15 jaar;Overige niet-westerse migratieachterg...;1977;4597;3013;1584
1587;Totaal mannen en vrouwen;10 tot 15 jaar;Overige niet-westerse migratieachterg...;1978;4965;3182;1783
1588;Totaal mannen en vrouwen;10 tot 15 jaar;Overige niet-westerse migratieachterg...;1979;5481;3483;1998
1589;Totaal mannen en vrouwen;10 tot 15 jaar;Overige niet-westerse migratieachterg...;1980;6103;3890;2213
1590;Totaal mannen en vrouwen;10 tot 15 jaar;Overige niet-westerse migratieachterg...;1981;6957;4467;2490
1591;Totaal mannen en vrouwen;10 tot 15 jaar;Overige niet-westerse migratieachterg...;1982;8043;5162;2881
1592;Totaal mannen en vrouwen;10 tot 15 jaar;Overige niet-westerse migratieachterg...;1983;9091;5908;3183
1593;Totaal mannen en vrouwen;10 tot 15 jaar;Overige niet-westerse migratieachterg...;1984;10016;6590;3426
1594;Totaal mannen en vrouwen;10 tot 15 jaar;Overige niet-westerse migratieachterg...;1985;11100;7290;3810
1595;Totaal mannen en vrouwen;10 tot 15 jaar;Overige niet-westerse migratieachterg...;1986;11735;7636;4099
1596;Totaal mannen en vrouwen;10 tot 15 jaar;Overige niet-westerse migratieachterg...;1987;12145;7659;4486
1597;Totaal mannen en vrouwen;10 tot 15 jaar;Overige niet-westerse migratieachterg...;1988;12936;7792;5144
1598;Totaal mannen en vrouwen;10 tot 15 jaar;Overige niet-westerse migratieachterg...;1989;14095;7907;6188
1599;Totaal mannen en vrouwen;10 tot 15 jaar;Overige niet-westerse migratieachterg...;1990;15365;8028;7337
1600;Totaal mannen en vrouwen;10 tot 15 jaar;Overige niet-westerse migratieachterg...;1991;17285;8510;8775
1601;Totaal mannen en vrouwen;10 tot 15 jaar;Overige niet-westerse migratieachterg...;1992;19463;9143;10320
1602;Totaal mannen en vrouwen;10 tot 15 jaar;Overige niet-westerse migratieachterg...;1993;21522;9933;11589
1603;Totaal mannen en vrouwen;10 tot 15 jaar;Overige niet-westerse migratieachterg...;1994;23825;11154;12671
1604;Totaal mannen en vrouwen;10 tot 15 jaar;Overige niet-westerse migratieachterg...;1995;25310;11799;13511
1605;Totaal mannen en vrouwen;10 tot 15 jaar;Overige niet-westerse migratieachterg...;1996;27503;13088;14415
1606;Totaal mannen en vrouwen;10 tot 15 jaar;Overige niet-westerse migratieachterg...;1997;30215;14990;15225
1607;Totaal mannen en vrouwen;10 tot 15 jaar;Overige niet-westerse migratieachterg...;1998;32974;16693;16281
1608;Totaal mannen en vrouwen;10 tot 15 jaar;Overige niet-westerse migratieachterg...;1999;35775;18412;17363
1609;Totaal mannen en vrouwen;10 tot 15 jaar;Overige niet-westerse migratieachterg...;2000;38587;20069;18518
1610;Totaal mannen en vrouwen;10 tot 15 jaar;Overige niet-westerse migratieachterg...;2001;41710;21573;20137
1611;Totaal mannen en vrouwen;10 tot 15 jaar;Overige niet-westerse migratieachterg...;2002;44398;22652;21746
1612;Totaal mannen en vrouwen;10 tot 15 jaar;Overige niet-westerse migratieachterg...;2003;47354;23727;23627
1613;Totaal mannen en vrouwen;10 tot 15 jaar;Overige niet-westerse migratieachterg...;2004;48418;22900;25518
1614;Totaal mannen en vrouwen;10 tot 15 jaar;Overige niet-westerse migratieachterg...;2005;48869;21313;27556
1615;Totaal mannen en vrouwen;10 tot 15 jaar;Overige niet-westerse migratieachterg...;2006;48541;19409;29132
1616;Totaal mannen en vrouwen;10 tot 15 jaar;Overige niet-westerse migratieachterg...;2007;48446;17848;30598
1617;Totaal mannen en vrouwen;10 tot 15 jaar;Overige niet-westerse migratieachterg...;2008;48860;16565;32295
1618;Totaal mannen en vrouwen;10 tot 15 jaar;Overige niet-westerse migratieachterg...;2009;49988;15279;34709
1619;Totaal mannen en vrouwen;10 tot 15 jaar;Overige niet-westerse migratieachterg...;2010;51594;14447;37147
1620;Totaal mannen en vrouwen;10 tot 15 jaar;Overige niet-westerse migratieachterg...;2011;53842;13892;39950
1621;Totaal mannen en vrouwen;10 tot 15 jaar;Overige niet-westerse migratieachterg...;2012;55605;12801;42804
1622;Totaal mannen en vrouwen;10 tot 15 jaar;Overige niet-westerse migratieachterg...;2013;56913;11836;45077
1623;Totaal mannen en vrouwen;10 tot 15 jaar;Overige niet-westerse migratieachterg...;2014;59175;12452;46723
1624;Totaal mannen en vrouwen;10 tot 15 jaar;Overige niet-westerse migratieachterg...;2015;61910;13770;48140
1625;Totaal mannen en vrouwen;10 tot 15 jaar;Overige niet-westerse migratieachterg...;2016;64990;16281;48709
1626;Totaal mannen en vrouwen;10 tot 15 jaar;Overige niet-westerse migratieachterg...;2017;69601;20263;49338
1627;Totaal mannen en vrouwen;10 tot 15 jaar;Overige niet-westerse migratieachterg...;2018;74054;24104;49950
1628;Totaal mannen en vrouwen;10 tot 15 jaar;Overige niet-westerse migratieachterg...;2019;77591;26747;50844
1629;Totaal mannen en vrouwen;10 tot 15 jaar;Overige niet-westerse migratieachterg...;2020;81096;29485;51611
1630;Totaal mannen en vrouwen;10 tot 15 jaar;Overige niet-westerse migratieachterg...;2021;84540;31467;53073
1631;Totaal mannen en vrouwen;10 tot 15 jaar;Overige niet-westerse migratieachterg...;2022;89152;34527;54625
1632;Totaal mannen en vrouwen;15 tot 20 jaar;Met migratieachtergrond;1972;91852;26203;65649
1633;Totaal mannen en vrouwen;15 tot 20 jaar;Met migratieachtergrond;1973;93750;28304;65446
1634;Totaal mannen en vrouwen;15 tot 20 jaar;Met migratieachtergrond;1974;96683;29911;66772
1635;Totaal mannen en vrouwen;15 tot 20 jaar;Met migratieachtergrond;1975;102214;33581;68633
1636;Totaal mannen en vrouwen;15 tot 20 jaar;Met migratieachtergrond;1976;110733;40899;69834
1637;Totaal mannen en vrouwen;15 tot 20 jaar;Met migratieachtergrond;1977;114156;42497;71659
1638;Totaal mannen en vrouwen;15 tot 20 jaar;Met migratieachtergrond;1978;118763;45170;73593
1639;Totaal mannen en vrouwen;15 tot 20 jaar;Met migratieachtergrond;1979;125173;49686;75487
1640;Totaal mannen en vrouwen;15 tot 20 jaar;Met migratieachtergrond;1980;134128;56416;77712
1641;Totaal mannen en vrouwen;15 tot 20 jaar;Met migratieachtergrond;1981;143656;63411;80245
1642;Totaal mannen en vrouwen;15 tot 20 jaar;Met migratieachtergrond;1982;147765;65970;81795
1643;Totaal mannen en vrouwen;15 tot 20 jaar;Met migratieachtergrond;1983;147711;64681;83030
1644;Totaal mannen en vrouwen;15 tot 20 jaar;Met migratieachtergrond;1984;147781;63823;83958
1645;Totaal mannen en vrouwen;15 tot 20 jaar;Met migratieachtergrond;1985;148856;63518;85338
1646;Totaal mannen en vrouwen;15 tot 20 jaar;Met migratieachtergrond;1986;151153;64806;86347
1647;Totaal mannen en vrouwen;15 tot 20 jaar;Met migratieachtergrond;1987;154899;67890;87009
1648;Totaal mannen en vrouwen;15 tot 20 jaar;Met migratieachtergrond;1988;160505;73059;87446
1649;Totaal mannen en vrouwen;15 tot 20 jaar;Met migratieachtergrond;1989;162398;76028;86370
1650;Totaal mannen en vrouwen;15 tot 20 jaar;Met migratieachtergrond;1990;162403;78057;84346
1651;Totaal mannen en vrouwen;15 tot 20 jaar;Met migratieachtergrond;1991;161579;78110;83469
1652;Totaal mannen en vrouwen;15 tot 20 jaar;Met migratieachtergrond;1992;160302;76272;84030
1653;Totaal mannen en vrouwen;15 tot 20 jaar;Met migratieachtergrond;1993;159214;73458;85756
1654;Totaal mannen en vrouwen;15 tot 20 jaar;Met migratieachtergrond;1994;162228;71758;90470
1655;Totaal mannen en vrouwen;15 tot 20 jaar;Met migratieachtergrond;1995;164446;68070;96376
1656;Totaal mannen en vrouwen;15 tot 20 jaar;Met migratieachtergrond;1996;170519;66482;104037
1657;Totaal mannen en vrouwen;15 tot 20 jaar;Met migratieachtergrond;1997;178340;66764;111576
1658;Totaal mannen en vrouwen;15 tot 20 jaar;Met migratieachtergrond;1998;184839;67137;117702
1659;Totaal mannen en vrouwen;15 tot 20 jaar;Met migratieachtergrond;1999;191486;68925;122561
1660;Totaal mannen en vrouwen;15 tot 20 jaar;Met migratieachtergrond;2000;198489;71791;126698
1661;Totaal mannen en vrouwen;15 tot 20 jaar;Met migratieachtergrond;2001;205834;77337;128497
1662;Totaal mannen en vrouwen;15 tot 20 jaar;Met migratieachtergrond;2002;213216;82731;130485
1663;Totaal mannen en vrouwen;15 tot 20 jaar;Met migratieachtergrond;2003;219151;85314;133837
1664;Totaal mannen en vrouwen;15 tot 20 jaar;Met migratieachtergrond;2004;221130;82721;138409
1665;Totaal mannen en vrouwen;15 tot 20 jaar;Met migratieachtergrond;2005;220199;76975;143224
1666;Totaal mannen en vrouwen;15 tot 20 jaar;Met migratieachtergrond;2006;220354;70695;149659
1667;Totaal mannen en vrouwen;15 tot 20 jaar;Met migratieachtergrond;2007;221180;66079;155101
1668;Totaal mannen en vrouwen;15 tot 20 jaar;Met migratieachtergrond;2008;224300;63956;160344
1669;Totaal mannen en vrouwen;15 tot 20 jaar;Met migratieachtergrond;2009;225961;62092;163869
1670;Totaal mannen en vrouwen;15 tot 20 jaar;Met migratieachtergrond;2010;228152;60494;167658
1671;Totaal mannen en vrouwen;15 tot 20 jaar;Met migratieachtergrond;2011;227917;59024;168893
1672;Totaal mannen en vrouwen;15 tot 20 jaar;Met migratieachtergrond;2012;228373;58303;170070
1673;Totaal mannen en vrouwen;15 tot 20 jaar;Met migratieachtergrond;2013;228756;57161;171595
1674;Totaal mannen en vrouwen;15 tot 20 jaar;Met migratieachtergrond;2014;231241;56353;174888
1675;Totaal mannen en vrouwen;15 tot 20 jaar;Met migratieachtergrond;2015;234817;56483;178334
1676;Totaal mannen en vrouwen;15 tot 20 jaar;Met migratieachtergrond;2016;243344;59215;184129
1677;Totaal mannen en vrouwen;15 tot 20 jaar;Met migratieachtergrond;2017;253175;63256;189919
1678;Totaal mannen en vrouwen;15 tot 20 jaar;Met migratieachtergrond;2018;261408;66544;194864
1679;Totaal mannen en vrouwen;15 tot 20 jaar;Met migratieachtergrond;2019;267498;69458;198040
1680;Totaal mannen en vrouwen;15 tot 20 jaar;Met migratieachtergrond;2020;274078;73778;200300
1681;Totaal mannen en vrouwen;15 tot 20 jaar;Met migratieachtergrond;2021;274671;74604;200067
1682;Totaal mannen en vrouwen;15 tot 20 jaar;Met migratieachtergrond;2022;285226;85851;199375
1683;Totaal mannen en vrouwen;15 tot 20 jaar;Westerse migratieachtergrond;1972;80626;17020;63606
1684;Totaal mannen en vrouwen;15 tot 20 jaar;Westerse migratieachtergrond;1973;79828;16648;63180
1685;Totaal mannen en vrouwen;15 tot 20 jaar;Westerse migratieachtergrond;1974;79403;15102;64301
1686;Totaal mannen en vrouwen;15 tot 20 jaar;Westerse migratieachtergrond;1975;80249;14371;65878
1687;Totaal mannen en vrouwen;15 tot 20 jaar;Westerse migratieachtergrond;1976;80704;13904;66800
1688;Totaal mannen en vrouwen;15 tot 20 jaar;Westerse migratieachtergrond;1977;81633;13334;68299
1689;Totaal mannen en vrouwen;15 tot 20 jaar;Westerse migratieachtergrond;1978;82593;12734;69859
1690;Totaal mannen en vrouwen;15 tot 20 jaar;Westerse migratieachtergrond;1979;84422;13214;71208
1691;Totaal mannen en vrouwen;15 tot 20 jaar;Westerse migratieachtergrond;1980;86614;13878;72736
1692;Totaal mannen en vrouwen;15 tot 20 jaar;Westerse migratieachtergrond;1981;88116;13706;74410
1693;Totaal mannen en vrouwen;15 tot 20 jaar;Westerse migratieachtergrond;1982;89710;14781;74929
1694;Totaal mannen en vrouwen;15 tot 20 jaar;Westerse migratieachtergrond;1983;88990;14063;74927
1695;Totaal mannen en vrouwen;15 tot 20 jaar;Westerse migratieachtergrond;1984;88466;13988;74478
1696;Totaal mannen en vrouwen;15 tot 20 jaar;Westerse migratieachtergrond;1985;88705;14477;74228
1697;Totaal mannen en vrouwen;15 tot 20 jaar;Westerse migratieachtergrond;1986;87834;14598;73236
1698;Totaal mannen en vrouwen;15 tot 20 jaar;Westerse migratieachtergrond;1987;86768;15143;71625
1699;Totaal mannen en vrouwen;15 tot 20 jaar;Westerse migratieachtergrond;1988;86964;16924;70040
1700;Totaal mannen en vrouwen;15 tot 20 jaar;Westerse migratieachtergrond;1989;83748;16710;67038
1701;Totaal mannen en vrouwen;15 tot 20 jaar;Westerse migratieachtergrond;1990;78687;15959;62728
1702;Totaal mannen en vrouwen;15 tot 20 jaar;Westerse migratieachtergrond;1991;74104;14931;59173
1703;Totaal mannen en vrouwen;15 tot 20 jaar;Westerse migratieachtergrond;1992;70924;14407;56517
1704;Totaal mannen en vrouwen;15 tot 20 jaar;Westerse migratieachtergrond;1993;67562;13743;53819
1705;Totaal mannen en vrouwen;15 tot 20 jaar;Westerse migratieachtergrond;1994;66926;13918;53008
1706;Totaal mannen en vrouwen;15 tot 20 jaar;Westerse migratieachtergrond;1995;66710;14035;52675
1707;Totaal mannen en vrouwen;15 tot 20 jaar;Westerse migratieachtergrond;1996;67646;14571;53075
1708;Totaal mannen en vrouwen;15 tot 20 jaar;Westerse migratieachtergrond;1997;68017;15004;53013
1709;Totaal mannen en vrouwen;15 tot 20 jaar;Westerse migratieachtergrond;1998;68185;15395;52790
1710;Totaal mannen en vrouwen;15 tot 20 jaar;Westerse migratieachtergrond;1999;67712;15804;51908
1711;Totaal mannen en vrouwen;15 tot 20 jaar;Westerse migratieachtergrond;2000;67592;16426;51166
1712;Totaal mannen en vrouwen;15 tot 20 jaar;Westerse migratieachtergrond;2001;67228;17404;49824
1713;Totaal mannen en vrouwen;15 tot 20 jaar;Westerse migratieachtergrond;2002;67361;18299;49062
1714;Totaal mannen en vrouwen;15 tot 20 jaar;Westerse migratieachtergrond;2003;67457;18793;48664
1715;Totaal mannen en vrouwen;15 tot 20 jaar;Westerse migratieachtergrond;2004;67691;19074;48617
1716;Totaal mannen en vrouwen;15 tot 20 jaar;Westerse migratieachtergrond;2005;67774;19397;48377
1717;Totaal mannen en vrouwen;15 tot 20 jaar;Westerse migratieachtergrond;2006;67781;19349;48432
1718;Totaal mannen en vrouwen;15 tot 20 jaar;Westerse migratieachtergrond;2007;67744;19438;48306
1719;Totaal mannen en vrouwen;15 tot 20 jaar;Westerse migratieachtergrond;2008;68024;19824;48200
1720;Totaal mannen en vrouwen;15 tot 20 jaar;Westerse migratieachtergrond;2009;68234;20253;47981
1721;Totaal mannen en vrouwen;15 tot 20 jaar;Westerse migratieachtergrond;2010;68472;20300;48172
1722;Totaal mannen en vrouwen;15 tot 20 jaar;Westerse migratieachtergrond;2011;68333;20253;48080
1723;Totaal mannen en vrouwen;15 tot 20 jaar;Westerse migratieachtergrond;2012;68640;20802;47838
1724;Totaal mannen en vrouwen;15 tot 20 jaar;Westerse migratieachtergrond;2013;69309;21633;47676
1725;Totaal mannen en vrouwen;15 tot 20 jaar;Westerse migratieachtergrond;2014;70162;22336;47826
1726;Totaal mannen en vrouwen;15 tot 20 jaar;Westerse migratieachtergrond;2015;71492;23216;48276
1727;Totaal mannen en vrouwen;15 tot 20 jaar;Westerse migratieachtergrond;2016;73238;24208;49030
1728;Totaal mannen en vrouwen;15 tot 20 jaar;Westerse migratieachtergrond;2017;75129;25222;49907
1729;Totaal mannen en vrouwen;15 tot 20 jaar;Westerse migratieachtergrond;2018;78082;27087;50995
1730;Totaal mannen en vrouwen;15 tot 20 jaar;Westerse migratieachtergrond;2019;81323;29520;51803
1731;Totaal mannen en vrouwen;15 tot 20 jaar;Westerse migratieachtergrond;2020;84574;32218;52356
1732;Totaal mannen en vrouwen;15 tot 20 jaar;Westerse migratieachtergrond;2021;85259;32993;52266
1733;Totaal mannen en vrouwen;15 tot 20 jaar;Westerse migratieachtergrond;2022;91396;39333;52063
1734;Totaal mannen en vrouwen;15 tot 20 jaar;Niet-westerse migratieachtergrond;1972;11226;9183;2043
1735;Totaal mannen en vrouwen;15 tot 20 jaar;Niet-westerse migratieachtergrond;1973;13922;11656;2266
1736;Totaal mannen en vrouwen;15 tot 20 jaar;Niet-westerse migratieachtergrond;1974;17280;14809;2471
1737;Totaal mannen en vrouwen;15 tot 20 jaar;Niet-westerse migratieachtergrond;1975;21965;19210;2755
1738;Totaal mannen en vrouwen;15 tot 20 jaar;Niet-westerse migratieachtergrond;1976;30029;26995;3034
1739;Totaal mannen en vrouwen;15 tot 20 jaar;Niet-westerse migratieachtergrond;1977;32523;29163;3360
1740;Totaal mannen en vrouwen;15 tot 20 jaar;Niet-westerse migratieachtergrond;1978;36170;32436;3734
1741;Totaal mannen en vrouwen;15 tot 20 jaar;Niet-westerse migratieachtergrond;1979;40751;36472;4279
1742;Totaal mannen en vrouwen;15 tot 20 jaar;Niet-westerse migratieachtergrond;1980;47514;42538;4976
1743;Totaal mannen en vrouwen;15 tot 20 jaar;Niet-westerse migratieachtergrond;1981;55540;49705;5835
1744;Totaal mannen en vrouwen;15 tot 20 jaar;Niet-westerse migratieachtergrond;1982;58055;51189;6866
1745;Totaal mannen en vrouwen;15 tot 20 jaar;Niet-westerse migratieachtergrond;1983;58721;50618;8103
1746;Totaal mannen en vrouwen;15 tot 20 jaar;Niet-westerse migratieachtergrond;1984;59315;49835;9480
1747;Totaal mannen en vrouwen;15 tot 20 jaar;Niet-westerse migratieachtergrond;1985;60151;49041;11110
1748;Totaal mannen en vrouwen;15 tot 20 jaar;Niet-westerse migratieachtergrond;1986;63319;50208;13111
1749;Totaal mannen en vrouwen;15 tot 20 jaar;Niet-westerse migratieachtergrond;1987;68131;52747;15384
1750;Totaal mannen en vrouwen;15 tot 20 jaar;Niet-westerse migratieachtergrond;1988;73541;56135;17406
1751;Totaal mannen en vrouwen;15 tot 20 jaar;Niet-westerse migratieachtergrond;1989;78650;59318;19332
1752;Totaal mannen en vrouwen;15 tot 20 jaar;Niet-westerse migratieachtergrond;1990;83716;62098;21618
1753;Totaal mannen en vrouwen;15 tot 20 jaar;Niet-westerse migratieachtergrond;1991;87475;63179;24296
1754;Totaal mannen en vrouwen;15 tot 20 jaar;Niet-westerse migratieachtergrond;1992;89378;61865;27513
1755;Totaal mannen en vrouwen;15 tot 20 jaar;Niet-westerse migratieachtergrond;1993;91652;59715;31937
1756;Totaal mannen en vrouwen;15 tot 20 jaar;Niet-westerse migratieachtergrond;1994;95302;57840;37462
1757;Totaal mannen en vrouwen;15 tot 20 jaar;Niet-westerse migratieachtergrond;1995;97736;54035;43701
1758;Totaal mannen en vrouwen;15 tot 20 jaar;Niet-westerse migratieachtergrond;1996;102873;51911;50962
1759;Totaal mannen en vrouwen;15 tot 20 jaar;Niet-westerse migratieachtergrond;1997;110323;51760;58563
1760;Totaal mannen en vrouwen;15 tot 20 jaar;Niet-westerse migratieachtergrond;1998;116654;51742;64912
1761;Totaal mannen en vrouwen;15 tot 20 jaar;Niet-westerse migratieachtergrond;1999;123774;53121;70653
1762;Totaal mannen en vrouwen;15 tot 20 jaar;Niet-westerse migratieachtergrond;2000;130897;55365;75532
1763;Totaal mannen en vrouwen;15 tot 20 jaar;Niet-westerse migratieachtergrond;2001;138606;59933;78673
1764;Totaal mannen en vrouwen;15 tot 20 jaar;Niet-westerse migratieachtergrond;2002;145855;64432;81423
1765;Totaal mannen en vrouwen;15 tot 20 jaar;Niet-westerse migratieachtergrond;2003;151694;66521;85173
1766;Totaal mannen en vrouwen;15 tot 20 jaar;Niet-westerse migratieachtergrond;2004;153439;63647;89792
1767;Totaal mannen en vrouwen;15 tot 20 jaar;Niet-westerse migratieachtergrond;2005;152425;57578;94847
1768;Totaal mannen en vrouwen;15 tot 20 jaar;Niet-westerse migratieachtergrond;2006;152573;51346;101227
1769;Totaal mannen en vrouwen;15 tot 20 jaar;Niet-westerse migratieachtergrond;2007;153436;46641;106795
1770;Totaal mannen en vrouwen;15 tot 20 jaar;Niet-westerse migratieachtergrond;2008;156276;44132;112144
1771;Totaal mannen en vrouwen;15 tot 20 jaar;Niet-westerse migratieachtergrond;2009;157727;41839;115888
1772;Totaal mannen en vrouwen;15 tot 20 jaar;Niet-westerse migratieachtergrond;2010;159680;40194;119486
1773;Totaal mannen en vrouwen;15 tot 20 jaar;Niet-westerse migratieachtergrond;2011;159584;38771;120813
1774;Totaal mannen en vrouwen;15 tot 20 jaar;Niet-westerse migratieachtergrond;2012;159733;37501;122232
1775;Totaal mannen en vrouwen;15 tot 20 jaar;Niet-westerse migratieachtergrond;2013;159447;35528;123919
1776;Totaal mannen en vrouwen;15 tot 20 jaar;Niet-westerse migratieachtergrond;2014;161079;34017;127062
1777;Totaal mannen en vrouwen;15 tot 20 jaar;Niet-westerse migratieachtergrond;2015;163325;33267;130058
1778;Totaal mannen en vrouwen;15 tot 20 jaar;Niet-westerse migratieachtergrond;2016;170106;35007;135099
1779;Totaal mannen en vrouwen;15 tot 20 jaar;Niet-westerse migratieachtergrond;2017;178046;38034;140012
1780;Totaal mannen en vrouwen;15 tot 20 jaar;Niet-westerse migratieachtergrond;2018;183326;39457;143869
1781;Totaal mannen en vrouwen;15 tot 20 jaar;Niet-westerse migratieachtergrond;2019;186175;39938;146237
1782;Totaal mannen en vrouwen;15 tot 20 jaar;Niet-westerse migratieachtergrond;2020;189504;41560;147944
1783;Totaal mannen en vrouwen;15 tot 20 jaar;Niet-westerse migratieachtergrond;2021;189412;41611;147801
1784;Totaal mannen en vrouwen;15 tot 20 jaar;Niet-westerse migratieachtergrond;2022;193830;46518;147312
1785;Totaal mannen en vrouwen;15 tot 20 jaar;Marokko;1972;21;18;3
1786;Totaal mannen en vrouwen;15 tot 20 jaar;Marokko;1973;291;285;6
1787;Totaal mannen en vrouwen;15 tot 20 jaar;Marokko;1974;650;639;11
1788;Totaal mannen en vrouwen;15 tot 20 jaar;Marokko;1975;1219;1203;16
1789;Totaal mannen en vrouwen;15 tot 20 jaar;Marokko;1976;1941;1921;20
1790;Totaal mannen en vrouwen;15 tot 20 jaar;Marokko;1977;2621;2592;29
1791;Totaal mannen en vrouwen;15 tot 20 jaar;Marokko;1978;3560;3524;36
1792;Totaal mannen en vrouwen;15 tot 20 jaar;Marokko;1979;4795;4750;45
1793;Totaal mannen en vrouwen;15 tot 20 jaar;Marokko;1980;6132;6066;66
1794;Totaal mannen en vrouwen;15 tot 20 jaar;Marokko;1981;7829;7730;99
1795;Totaal mannen en vrouwen;15 tot 20 jaar;Marokko;1982;9199;9039;160
1796;Totaal mannen en vrouwen;15 tot 20 jaar;Marokko;1983;9915;9670;245
1797;Totaal mannen en vrouwen;15 tot 20 jaar;Marokko;1984;10373;10007;366
1798;Totaal mannen en vrouwen;15 tot 20 jaar;Marokko;1985;10824;10299;525
1799;Totaal mannen en vrouwen;15 tot 20 jaar;Marokko;1986;11462;10754;708
1800;Totaal mannen en vrouwen;15 tot 20 jaar;Marokko;1987;12469;11489;980
1801;Totaal mannen en vrouwen;15 tot 20 jaar;Marokko;1988;13810;12467;1343
1802;Totaal mannen en vrouwen;15 tot 20 jaar;Marokko;1989;15414;13570;1844
1803;Totaal mannen en vrouwen;15 tot 20 jaar;Marokko;1990;17115;14640;2475
1804;Totaal mannen en vrouwen;15 tot 20 jaar;Marokko;1991;18724;15379;3345
1805;Totaal mannen en vrouwen;15 tot 20 jaar;Marokko;1992;20048;15725;4323
1806;Totaal mannen en vrouwen;15 tot 20 jaar;Marokko;1993;21579;16044;5535
1807;Totaal mannen en vrouwen;15 tot 20 jaar;Marokko;1994;22801;15957;6844
1808;Totaal mannen en vrouwen;15 tot 20 jaar;Marokko;1995;23614;15294;8320
1809;Totaal mannen en vrouwen;15 tot 20 jaar;Marokko;1996;24119;14171;9948
1810;Totaal mannen en vrouwen;15 tot 20 jaar;Marokko;1997;25074;13306;11768
1811;Totaal mannen en vrouwen;15 tot 20 jaar;Marokko;1998;25609;12092;13517
1812;Totaal mannen en vrouwen;15 tot 20 jaar;Marokko;1999;26413;11289;15124
1813;Totaal mannen en vrouwen;15 tot 20 jaar;Marokko;2000;26758;10361;16397
1814;Totaal mannen en vrouwen;15 tot 20 jaar;Marokko;2001;27292;9750;17542
1815;Totaal mannen en vrouwen;15 tot 20 jaar;Marokko;2002;27625;9134;18491
1816;Totaal mannen en vrouwen;15 tot 20 jaar;Marokko;2003;28257;8740;19517
1817;Totaal mannen en vrouwen;15 tot 20 jaar;Marokko;2004;28935;8208;20727
1818;Totaal mannen en vrouwen;15 tot 20 jaar;Marokko;2005;29444;7253;22191
1819;Totaal mannen en vrouwen;15 tot 20 jaar;Marokko;2006;29921;6155;23766
1820;Totaal mannen en vrouwen;15 tot 20 jaar;Marokko;2007;30457;5326;25131
1821;Totaal mannen en vrouwen;15 tot 20 jaar;Marokko;2008;31006;4440;26566
1822;Totaal mannen en vrouwen;15 tot 20 jaar;Marokko;2009;31158;3680;27478
1823;Totaal mannen en vrouwen;15 tot 20 jaar;Marokko;2010;31318;3147;28171
1824;Totaal mannen en vrouwen;15 tot 20 jaar;Marokko;2011;31103;2767;28336
1825;Totaal mannen en vrouwen;15 tot 20 jaar;Marokko;2012;31211;2487;28724
1826;Totaal mannen en vrouwen;15 tot 20 jaar;Marokko;2013;31195;2300;28895
1827;Totaal mannen en vrouwen;15 tot 20 jaar;Marokko;2014;31725;2092;29633
1828;Totaal mannen en vrouwen;15 tot 20 jaar;Marokko;2015;32383;1943;30440
1829;Totaal mannen en vrouwen;15 tot 20 jaar;Marokko;2016;33825;1790;32035
1830;Totaal mannen en vrouwen;15 tot 20 jaar;Marokko;2017;34997;1595;33402
1831;Totaal mannen en vrouwen;15 tot 20 jaar;Marokko;2018;36237;1447;34790
1832;Totaal mannen en vrouwen;15 tot 20 jaar;Marokko;2019;37409;1367;36042
1833;Totaal mannen en vrouwen;15 tot 20 jaar;Marokko;2020;38519;1335;37184
1834;Totaal mannen en vrouwen;15 tot 20 jaar;Marokko;2021;39080;1229;37851
1835;Totaal mannen en vrouwen;15 tot 20 jaar;Marokko;2022;39539;1209;38330
1836;Totaal mannen en vrouwen;15 tot 20 jaar;(voormalige) Nederlandse Antillen, Aruba;1972;2502;2250;252
1837;Totaal mannen en vrouwen;15 tot 20 jaar;(voormalige) Nederlandse Antillen, Aruba;1973;2687;2371;316
1838;Totaal mannen en vrouwen;15 tot 20 jaar;(voormalige) Nederlandse Antillen, Aruba;1974;2801;2421;380
1839;Totaal mannen en vrouwen;15 tot 20 jaar;(voormalige) Nederlandse Antillen, Aruba;1975;2900;2452;448
1840;Totaal mannen en vrouwen;15 tot 20 jaar;(voormalige) Nederlandse Antillen, Aruba;1976;3110;2586;524
1841;Totaal mannen en vrouwen;15 tot 20 jaar;(voormalige) Nederlandse Antillen, Aruba;1977;3255;2666;589
1842;Totaal mannen en vrouwen;15 tot 20 jaar;(voormalige) Nederlandse Antillen, Aruba;1978;3575;2877;698
1843;Totaal mannen en vrouwen;15 tot 20 jaar;(voormalige) Nederlandse Antillen, Aruba;1979;3950;3119;831
1844;Totaal mannen en vrouwen;15 tot 20 jaar;(voormalige) Nederlandse Antillen, Aruba;1980;4244;3284;960
1845;Totaal mannen en vrouwen;15 tot 20 jaar;(voormalige) Nederlandse Antillen, Aruba;1981;4501;3372;1129
1846;Totaal mannen en vrouwen;15 tot 20 jaar;(voormalige) Nederlandse Antillen, Aruba;1982;4669;3280;1389
1847;Totaal mannen en vrouwen;15 tot 20 jaar;(voormalige) Nederlandse Antillen, Aruba;1983;4839;3155;1684
1848;Totaal mannen en vrouwen;15 tot 20 jaar;(voormalige) Nederlandse Antillen, Aruba;1984;5075;3056;2019
1849;Totaal mannen en vrouwen;15 tot 20 jaar;(voormalige) Nederlandse Antillen, Aruba;1985;5468;3038;2430
1850;Totaal mannen en vrouwen;15 tot 20 jaar;(voormalige) Nederlandse Antillen, Aruba;1986;6213;3348;2865
1851;Totaal mannen en vrouwen;15 tot 20 jaar;(voormalige) Nederlandse Antillen, Aruba;1987;6912;3766;3146
1852;Totaal mannen en vrouwen;15 tot 20 jaar;(voormalige) Nederlandse Antillen, Aruba;1988;7339;4077;3262
1853;Totaal mannen en vrouwen;15 tot 20 jaar;(voormalige) Nederlandse Antillen, Aruba;1989;7651;4417;3234
1854;Totaal mannen en vrouwen;15 tot 20 jaar;(voormalige) Nederlandse Antillen, Aruba;1990;7756;4597;3159
1855;Totaal mannen en vrouwen;15 tot 20 jaar;(voormalige) Nederlandse Antillen, Aruba;1991;7759;4784;2975
1856;Totaal mannen en vrouwen;15 tot 20 jaar;(voormalige) Nederlandse Antillen, Aruba;1992;7577;4709;2868
1857;Totaal mannen en vrouwen;15 tot 20 jaar;(voormalige) Nederlandse Antillen, Aruba;1993;7274;4370;2904
1858;Totaal mannen en vrouwen;15 tot 20 jaar;(voormalige) Nederlandse Antillen, Aruba;1994;7276;4185;3091
1859;Totaal mannen en vrouwen;15 tot 20 jaar;(voormalige) Nederlandse Antillen, Aruba;1995;7398;4040;3358
1860;Totaal mannen en vrouwen;15 tot 20 jaar;(voormalige) Nederlandse Antillen, Aruba;1996;7713;4038;3675
1861;Totaal mannen en vrouwen;15 tot 20 jaar;(voormalige) Nederlandse Antillen, Aruba;1997;8136;4138;3998
1862;Totaal mannen en vrouwen;15 tot 20 jaar;(voormalige) Nederlandse Antillen, Aruba;1998;8598;4284;4314
1863;Totaal mannen en vrouwen;15 tot 20 jaar;(voormalige) Nederlandse Antillen, Aruba;1999;9461;4879;4582
1864;Totaal mannen en vrouwen;15 tot 20 jaar;(voormalige) Nederlandse Antillen, Aruba;2000;10398;5511;4887
1865;Totaal mannen en vrouwen;15 tot 20 jaar;(voormalige) Nederlandse Antillen, Aruba;2001;11383;6298;5085
1866;Totaal mannen en vrouwen;15 tot 20 jaar;(voormalige) Nederlandse Antillen, Aruba;2002;12037;6696;5341
1867;Totaal mannen en vrouwen;15 tot 20 jaar;(voormalige) Nederlandse Antillen, Aruba;2003;12338;6769;5569
1868;Totaal mannen en vrouwen;15 tot 20 jaar;(voormalige) Nederlandse Antillen, Aruba;2004;12306;6459;5847
1869;Totaal mannen en vrouwen;15 tot 20 jaar;(voormalige) Nederlandse Antillen, Aruba;2005;12238;6074;6164
1870;Totaal mannen en vrouwen;15 tot 20 jaar;(voormalige) Nederlandse Antillen, Aruba;2006;12141;5408;6733
1871;Totaal mannen en vrouwen;15 tot 20 jaar;(voormalige) Nederlandse Antillen, Aruba;2007;12242;5087;7155
1872;Totaal mannen en vrouwen;15 tot 20 jaar;(voormalige) Nederlandse Antillen, Aruba;2008;12537;4991;7546
1873;Totaal mannen en vrouwen;15 tot 20 jaar;(voormalige) Nederlandse Antillen, Aruba;2009;12778;5017;7761
1874;Totaal mannen en vrouwen;15 tot 20 jaar;(voormalige) Nederlandse Antillen, Aruba;2010;13086;5064;8022
1875;Totaal mannen en vrouwen;15 tot 20 jaar;(voormalige) Nederlandse Antillen, Aruba;2011;13030;5041;7989
1876;Totaal mannen en vrouwen;15 tot 20 jaar;(voormalige) Nederlandse Antillen, Aruba;2012;12990;5107;7883
1877;Totaal mannen en vrouwen;15 tot 20 jaar;(voormalige) Nederlandse Antillen, Aruba;2013;12725;4997;7728
1878;Totaal mannen en vrouwen;15 tot 20 jaar;(voormalige) Nederlandse Antillen, Aruba;2014;12648;4818;7830
1879;Totaal mannen en vrouwen;15 tot 20 jaar;(voormalige) Nederlandse Antillen, Aruba;2015;12459;4544;7915
1880;Totaal mannen en vrouwen;15 tot 20 jaar;(voormalige) Nederlandse Antillen, Aruba;2016;12278;4088;8190
1881;Totaal mannen en vrouwen;15 tot 20 jaar;(voormalige) Nederlandse Antillen, Aruba;2017;12340;3676;8664
1882;Totaal mannen en vrouwen;15 tot 20 jaar;(voormalige) Nederlandse Antillen, Aruba;2018;12591;3335;9256
1883;Totaal mannen en vrouwen;15 tot 20 jaar;(voormalige) Nederlandse Antillen, Aruba;2019;12611;2996;9615
1884;Totaal mannen en vrouwen;15 tot 20 jaar;(voormalige) Nederlandse Antillen, Aruba;2020;12680;2806;9874
1885;Totaal mannen en vrouwen;15 tot 20 jaar;(voormalige) Nederlandse Antillen, Aruba;2021;12751;2777;9974
1886;Totaal mannen en vrouwen;15 tot 20 jaar;(voormalige) Nederlandse Antillen, Aruba;2022;12934;2952;9982
1887;Totaal mannen en vrouwen;15 tot 20 jaar;Suriname;1972;4892;3988;904
1888;Totaal mannen en vrouwen;15 tot 20 jaar;Suriname;1973;6096;5056;1040
1889;Totaal mannen en vrouwen;15 tot 20 jaar;Suriname;1974;7507;6365;1142
1890;Totaal mannen en vrouwen;15 tot 20 jaar;Suriname;1975;9859;8572;1287
1891;Totaal mannen en vrouwen;15 tot 20 jaar;Suriname;1976;14945;13532;1413
1892;Totaal mannen en vrouwen;15 tot 20 jaar;Suriname;1977;15114;13515;1599
1893;Totaal mannen en vrouwen;15 tot 20 jaar;Suriname;1978;15580;13775;1805
1894;Totaal mannen en vrouwen;15 tot 20 jaar;Suriname;1979;16377;14275;2102
1895;Totaal mannen en vrouwen;15 tot 20 jaar;Suriname;1980;18583;16074;2509
1896;Totaal mannen en vrouwen;15 tot 20 jaar;Suriname;1981;21063;18113;2950
1897;Totaal mannen en vrouwen;15 tot 20 jaar;Suriname;1982;20987;17588;3399
1898;Totaal mannen en vrouwen;15 tot 20 jaar;Suriname;1983;21053;17208;3845
1899;Totaal mannen en vrouwen;15 tot 20 jaar;Suriname;1984;21596;17301;4295
1900;Totaal mannen en vrouwen;15 tot 20 jaar;Suriname;1985;22046;17262;4784
1901;Totaal mannen en vrouwen;15 tot 20 jaar;Suriname;1986;23011;17620;5391
1902;Totaal mannen en vrouwen;15 tot 20 jaar;Suriname;1987;23946;17885;6061
1903;Totaal mannen en vrouwen;15 tot 20 jaar;Suriname;1988;24215;17800;6415
1904;Totaal mannen en vrouwen;15 tot 20 jaar;Suriname;1989;24069;17472;6597
1905;Totaal mannen en vrouwen;15 tot 20 jaar;Suriname;1990;23606;16782;6824
1906;Totaal mannen en vrouwen;15 tot 20 jaar;Suriname;1991;22943;15625;7318
1907;Totaal mannen en vrouwen;15 tot 20 jaar;Suriname;1992;22196;14062;8134
1908;Totaal mannen en vrouwen;15 tot 20 jaar;Suriname;1993;21980;12757;9223
1909;Totaal mannen en vrouwen;15 tot 20 jaar;Suriname;1994;22247;11702;10545
1910;Totaal mannen en vrouwen;15 tot 20 jaar;Suriname;1995;22561;10377;12184
1911;Totaal mannen en vrouwen;15 tot 20 jaar;Suriname;1996;23152;9127;14025
1912;Totaal mannen en vrouwen;15 tot 20 jaar;Suriname;1997;23852;8282;15570
1913;Totaal mannen en vrouwen;15 tot 20 jaar;Suriname;1998;24706;7458;17248
1914;Totaal mannen en vrouwen;15 tot 20 jaar;Suriname;1999;25770;6880;18890
1915;Totaal mannen en vrouwen;15 tot 20 jaar;Suriname;2000;26917;6459;20458
1916;Totaal mannen en vrouwen;15 tot 20 jaar;Suriname;2001;27954;6627;21327
1917;Totaal mannen en vrouwen;15 tot 20 jaar;Suriname;2002;29009;6849;22160
1918;Totaal mannen en vrouwen;15 tot 20 jaar;Suriname;2003;29459;6752;22707
1919;Totaal mannen en vrouwen;15 tot 20 jaar;Suriname;2004;29758;6477;23281
1920;Totaal mannen en vrouwen;15 tot 20 jaar;Suriname;2005;29628;6177;23451
1921;Totaal mannen en vrouwen;15 tot 20 jaar;Suriname;2006;29459;5683;23776
1922;Totaal mannen en vrouwen;15 tot 20 jaar;Suriname;2007;29022;5144;23878
1923;Totaal mannen en vrouwen;15 tot 20 jaar;Suriname;2008;28618;4679;23939
1924;Totaal mannen en vrouwen;15 tot 20 jaar;Suriname;2009;28070;4229;23841
1925;Totaal mannen en vrouwen;15 tot 20 jaar;Suriname;2010;27413;3607;23806
1926;Totaal mannen en vrouwen;15 tot 20 jaar;Suriname;2011;26604;3198;23406
1927;Totaal mannen en vrouwen;15 tot 20 jaar;Suriname;2012;25885;2879;23006
1928;Totaal mannen en vrouwen;15 tot 20 jaar;Suriname;2013;25516;2665;22851
1929;Totaal mannen en vrouwen;15 tot 20 jaar;Suriname;2014;25154;2465;22689
1930;Totaal mannen en vrouwen;15 tot 20 jaar;Suriname;2015;25135;2335;22800
1931;Totaal mannen en vrouwen;15 tot 20 jaar;Suriname;2016;25175;2146;23029
1932;Totaal mannen en vrouwen;15 tot 20 jaar;Suriname;2017;25300;1975;23325
1933;Totaal mannen en vrouwen;15 tot 20 jaar;Suriname;2018;25085;1746;23339
1934;Totaal mannen en vrouwen;15 tot 20 jaar;Suriname;2019;24732;1617;23115
1935;Totaal mannen en vrouwen;15 tot 20 jaar;Suriname;2020;24036;1575;22461
1936;Totaal mannen en vrouwen;15 tot 20 jaar;Suriname;2021;22993;1479;21514
1937;Totaal mannen en vrouwen;15 tot 20 jaar;Suriname;2022;21993;1506;20487
1938;Totaal mannen en vrouwen;15 tot 20 jaar;Turkije;1972;493;478;15
1939;Totaal mannen en vrouwen;15 tot 20 jaar;Turkije;1973;1168;1150;18
1940;Totaal mannen en vrouwen;15 tot 20 jaar;Turkije;1974;2262;2238;24
1941;Totaal mannen en vrouwen;15 tot 20 jaar;Turkije;1975;3621;3593;28
1942;Totaal mannen en vrouwen;15 tot 20 jaar;Turkije;1976;5066;5030;36
1943;Totaal mannen en vrouwen;15 tot 20 jaar;Turkije;1977;6347;6302;45
1944;Totaal mannen en vrouwen;15 tot 20 jaar;Turkije;1978;8013;7959;54
1945;Totaal mannen en vrouwen;15 tot 20 jaar;Turkije;1979;9872;9803;69
1946;Totaal mannen en vrouwen;15 tot 20 jaar;Turkije;1980;12326;12224;102
1947;Totaal mannen en vrouwen;15 tot 20 jaar;Turkije;1981;15473;15301;172
1948;Totaal mannen en vrouwen;15 tot 20 jaar;Turkije;1982;16224;15897;327
1949;Totaal mannen en vrouwen;15 tot 20 jaar;Turkije;1983;15664;15120;544
1950;Totaal mannen en vrouwen;15 tot 20 jaar;Turkije;1984;14661;13858;803
1951;Totaal mannen en vrouwen;15 tot 20 jaar;Turkije;1985;13717;12554;1163
1952;Totaal mannen en vrouwen;15 tot 20 jaar;Turkije;1986;13971;12303;1668
1953;Totaal mannen en vrouwen;15 tot 20 jaar;Turkije;1987;15191;12857;2334
1954;Totaal mannen en vrouwen;15 tot 20 jaar;Turkije;1988;17207;13987;3220
1955;Totaal mannen en vrouwen;15 tot 20 jaar;Turkije;1989;19734;15482;4252
1956;Totaal mannen en vrouwen;15 tot 20 jaar;Turkije;1990;22207;16833;5374
1957;Totaal mannen en vrouwen;15 tot 20 jaar;Turkije;1991;23756;17172;6584
1958;Totaal mannen en vrouwen;15 tot 20 jaar;Turkije;1992;24112;16382;7730
1959;Totaal mannen en vrouwen;15 tot 20 jaar;Turkije;1993;24208;15045;9163
1960;Totaal mannen en vrouwen;15 tot 20 jaar;Turkije;1994;24210;13380;10830
1961;Totaal mannen en vrouwen;15 tot 20 jaar;Turkije;1995;23311;10869;12442
1962;Totaal mannen en vrouwen;15 tot 20 jaar;Turkije;1996;24005;9376;14629
1963;Totaal mannen en vrouwen;15 tot 20 jaar;Turkije;1997;25808;8748;17060
1964;Totaal mannen en vrouwen;15 tot 20 jaar;Turkije;1998;26424;7963;18461
1965;Totaal mannen en vrouwen;15 tot 20 jaar;Turkije;1999;26936;7321;19615
1966;Totaal mannen en vrouwen;15 tot 20 jaar;Turkije;2000;27485;7102;20383
1967;Totaal mannen en vrouwen;15 tot 20 jaar;Turkije;2001;27614;7220;20394
1968;Totaal mannen en vrouwen;15 tot 20 jaar;Turkije;2002;27652;7393;20259
1969;Totaal mannen en vrouwen;15 tot 20 jaar;Turkije;2003;28831;7659;21172
1970;Totaal mannen en vrouwen;15 tot 20 jaar;Turkije;2004;30282;7659;22623
1971;Totaal mannen en vrouwen;15 tot 20 jaar;Turkije;2005;31687;7092;24595
1972;Totaal mannen en vrouwen;15 tot 20 jaar;Turkije;2006;33025;6036;26989
1973;Totaal mannen en vrouwen;15 tot 20 jaar;Turkije;2007;34311;5038;29273
1974;Totaal mannen en vrouwen;15 tot 20 jaar;Turkije;2008;35377;4318;31059
1975;Totaal mannen en vrouwen;15 tot 20 jaar;Turkije;2009;35804;3676;32128
1976;Totaal mannen en vrouwen;15 tot 20 jaar;Turkije;2010;36023;3220;32803
1977;Totaal mannen en vrouwen;15 tot 20 jaar;Turkije;2011;35658;2936;32722
1978;Totaal mannen en vrouwen;15 tot 20 jaar;Turkije;2012;35436;2811;32625
1979;Totaal mannen en vrouwen;15 tot 20 jaar;Turkije;2013;35388;2669;32719
1980;Totaal mannen en vrouwen;15 tot 20 jaar;Turkije;2014;35371;2562;32809
1981;Totaal mannen en vrouwen;15 tot 20 jaar;Turkije;2015;34803;2355;32448
1982;Totaal mannen en vrouwen;15 tot 20 jaar;Turkije;2016;34800;2189;32611
1983;Totaal mannen en vrouwen;15 tot 20 jaar;Turkije;2017;34465;2040;32425
1984;Totaal mannen en vrouwen;15 tot 20 jaar;Turkije;2018;33719;1895;31824
1985;Totaal mannen en vrouwen;15 tot 20 jaar;Turkije;2019;32851;1856;30995
1986;Totaal mannen en vrouwen;15 tot 20 jaar;Turkije;2020;32259;1910;30349
1987;Totaal mannen en vrouwen;15 tot 20 jaar;Turkije;2021;31535;1947;29588
1988;Totaal mannen en vrouwen;15 tot 20 jaar;Turkije;2022;31207;2244;28963
1989;Totaal mannen en vrouwen;15 tot 20 jaar;Overige niet-westerse migratieachterg...;1972;3318;2449;869
1990;Totaal mannen en vrouwen;15 tot 20 jaar;Overige niet-westerse migratieachterg...;1973;3680;2794;886
1991;Totaal mannen en vrouwen;15 tot 20 jaar;Overige niet-westerse migratieachterg...;1974;4060;3146;914
1992;Totaal mannen en vrouwen;15 tot 20 jaar;Overige niet-westerse migratieachterg...;1975;4366;3390;976
1993;Totaal mannen en vrouwen;15 tot 20 jaar;Overige niet-westerse migratieachterg...;1976;4967;3926;1041
1994;Totaal mannen en vrouwen;15 tot 20 jaar;Overige niet-westerse migratieachterg...;1977;5186;4088;1098
1995;Totaal mannen en vrouwen;15 tot 20 jaar;Overige niet-westerse migratieachterg...;1978;5442;4301;1141
1996;Totaal mannen en vrouwen;15 tot 20 jaar;Overige niet-westerse migratieachterg...;1979;5757;4525;1232
1997;Totaal mannen en vrouwen;15 tot 20 jaar;Overige niet-westerse migratieachterg...;1980;6229;4890;1339
1998;Totaal mannen en vrouwen;15 tot 20 jaar;Overige niet-westerse migratieachterg...;1981;6674;5189;1485
1999;Totaal mannen en vrouwen;15 tot 20 jaar;Overige niet-westerse migratieachterg...;1982;6976;5385;1591
2000;Totaal mannen en vrouwen;15 tot 20 jaar;Overige niet-westerse migratieachterg...;1983;7250;5465;1785
2001;Totaal mannen en vrouwen;15 tot 20 jaar;Overige niet-westerse migratieachterg...;1984;7610;5613;1997
2002;Totaal mannen en vrouwen;15 tot 20 jaar;Overige niet-westerse migratieachterg...;1985;8096;5888;2208
2003;Totaal mannen en vrouwen;15 tot 20 jaar;Overige niet-westerse migratieachterg...;1986;8662;6183;2479
2004;Totaal mannen en vrouwen;15 tot 20 jaar;Overige niet-westerse migratieachterg...;1987;9613;6750;2863
2005;Totaal mannen en vrouwen;15 tot 20 jaar;Overige niet-westerse migratieachterg...;1988;10970;7804;3166
2006;Totaal mannen en vrouwen;15 tot 20 jaar;Overige niet-westerse migratieachterg...;1989;11782;8377;3405
2007;Totaal mannen en vrouwen;15 tot 20 jaar;Overige niet-westerse migratieachterg...;1990;13032;9246;3786
2008;Totaal mannen en vrouwen;15 tot 20 jaar;Overige niet-westerse migratieachterg...;1991;14293;10219;4074
2009;Totaal mannen en vrouwen;15 tot 20 jaar;Overige niet-westerse migratieachterg...;1992;15445;10987;4458
2010;Totaal mannen en vrouwen;15 tot 20 jaar;Overige niet-westerse migratieachterg...;1993;16611;11499;5112
2011;Totaal mannen en vrouwen;15 tot 20 jaar;Overige niet-westerse migratieachterg...;1994;18768;12616;6152
2012;Totaal mannen en vrouwen;15 tot 20 jaar;Overige niet-westerse migratieachterg...;1995;20852;13455;7397
2013;Totaal mannen en vrouwen;15 tot 20 jaar;Overige niet-westerse migratieachterg...;1996;23884;15199;8685
2014;Totaal mannen en vrouwen;15 tot 20 jaar;Overige niet-westerse migratieachterg...;1997;27453;17286;10167
2015;Totaal mannen en vrouwen;15 tot 20 jaar;Overige niet-westerse migratieachterg...;1998;31317;19945;11372
2016;Totaal mannen en vrouwen;15 tot 20 jaar;Overige niet-westerse migratieachterg...;1999;35194;22752;12442
2017;Totaal mannen en vrouwen;15 tot 20 jaar;Overige niet-westerse migratieachterg...;2000;39339;25932;13407
2018;Totaal mannen en vrouwen;15 tot 20 jaar;Overige niet-westerse migratieachterg...;2001;44363;30038;14325
2019;Totaal mannen en vrouwen;15 tot 20 jaar;Overige niet-westerse migratieachterg...;2002;49532;34360;15172
2020;Totaal mannen en vrouwen;15 tot 20 jaar;Overige niet-westerse migratieachterg...;2003;52809;36601;16208
2021;Totaal mannen en vrouwen;15 tot 20 jaar;Overige niet-westerse migratieachterg...;2004;52158;34844;17314
2022;Totaal mannen en vrouwen;15 tot 20 jaar;Overige niet-westerse migratieachterg...;2005;49428;30982;18446
2023;Totaal mannen en vrouwen;15 tot 20 jaar;Overige niet-westerse migratieachterg...;2006;48027;28064;19963
2024;Totaal mannen en vrouwen;15 tot 20 jaar;Overige niet-westerse migratieachterg...;2007;47404;26046;21358
2025;Totaal mannen en vrouwen;15 tot 20 jaar;Overige niet-westerse migratieachterg...;2008;48738;25704;23034
2026;Totaal mannen en vrouwen;15 tot 20 jaar;Overige niet-westerse migratieachterg...;2009;49917;25237;24680
2027;Totaal mannen en vrouwen;15 tot 20 jaar;Overige niet-westerse migratieachterg...;2010;51840;25156;26684
2028;Totaal mannen en vrouwen;15 tot 20 jaar;Overige niet-westerse migratieachterg...;2011;53189;24829;28360
2029;Totaal mannen en vrouwen;15 tot 20 jaar;Overige niet-westerse migratieachterg...;2012;54211;24217;29994
2030;Totaal mannen en vrouwen;15 tot 20 jaar;Overige niet-westerse migratieachterg...;2013;54623;22897;31726
2031;Totaal mannen en vrouwen;15 tot 20 jaar;Overige niet-westerse migratieachterg...;2014;56181;22080;34101
2032;Totaal mannen en vrouwen;15 tot 20 jaar;Overige niet-westerse migratieachterg...;2015;58545;22090;36455
2033;Totaal mannen en vrouwen;15 tot 20 jaar;Overige niet-westerse migratieachterg...;2016;64028;24794;39234
2034;Totaal mannen en vrouwen;15 tot 20 jaar;Overige niet-westerse migratieachterg...;2017;70944;28748;42196
2035;Totaal mannen en vrouwen;15 tot 20 jaar;Overige niet-westerse migratieachterg...;2018;75694;31034;44660
2036;Totaal mannen en vrouwen;15 tot 20 jaar;Overige niet-westerse migratieachterg...;2019;78572;32102;46470
2037;Totaal mannen en vrouwen;15 tot 20 jaar;Overige niet-westerse migratieachterg...;2020;82010;33934;48076
2038;Totaal mannen en vrouwen;15 tot 20 jaar;Overige niet-westerse migratieachterg...;2021;83053;34179;48874
2039;Totaal mannen en vrouwen;15 tot 20 jaar;Overige niet-westerse migratieachterg...;2022;88157;38607;49550
2040;Totaal mannen en vrouwen;20 tot 25 jaar;Met migratieachtergrond;1972;116690;49942;66748
2041;Totaal mannen en vrouwen;20 tot 25 jaar;Met migratieachtergrond;1973;115250;49597;65653
2042;Totaal mannen en vrouwen;20 tot 25 jaar;Met migratieachtergrond;1974;114977;49795;65182
2043;Totaal mannen en vrouwen;20 tot 25 jaar;Met migratieachtergrond;1975;116730;51378;65352
2044;Totaal mannen en vrouwen;20 tot 25 jaar;Met migratieachtergrond;1976;124298;58403;65895
2045;Totaal mannen en vrouwen;20 tot 25 jaar;Met migratieachtergrond;1977;125727;60127;65600
2046;Totaal mannen en vrouwen;20 tot 25 jaar;Met migratieachtergrond;1978;127223;61752;65471
2047;Totaal mannen en vrouwen;20 tot 25 jaar;Met migratieachtergrond;1979;130843;64008;66835
2048;Totaal mannen en vrouwen;20 tot 25 jaar;Met migratieachtergrond;1980;139060;70360;68700
2049;Totaal mannen en vrouwen;20 tot 25 jaar;Met migratieachtergrond;1981;148761;78952;69809
2050;Totaal mannen en vrouwen;20 tot 25 jaar;Met migratieachtergrond;1982;152570;80960;71610
2051;Totaal mannen en vrouwen;20 tot 25 jaar;Met migratieachtergrond;1983;156168;82567;73601
2052;Totaal mannen en vrouwen;20 tot 25 jaar;Met migratieachtergrond;1984;158779;83210;75569
2053;Totaal mannen en vrouwen;20 tot 25 jaar;Met migratieachtergrond;1985;162088;84277;77811
2054;Totaal mannen en vrouwen;20 tot 25 jaar;Met migratieachtergrond;1986;165650;85315;80335
2055;Totaal mannen en vrouwen;20 tot 25 jaar;Met migratieachtergrond;1987;170849;88955;81894
2056;Totaal mannen en vrouwen;20 tot 25 jaar;Met migratieachtergrond;1988;174853;91716;83137
2057;Totaal mannen en vrouwen;20 tot 25 jaar;Met migratieachtergrond;1989;179715;95618;84097
2058;Totaal mannen en vrouwen;20 tot 25 jaar;Met migratieachtergrond;1990;185382;99974;85408
2059;Totaal mannen en vrouwen;20 tot 25 jaar;Met migratieachtergrond;1991;194396;107975;86421
2060;Totaal mannen en vrouwen;20 tot 25 jaar;Met migratieachtergrond;1992;202417;115377;87040
2061;Totaal mannen en vrouwen;20 tot 25 jaar;Met migratieachtergrond;1993;210021;122549;87472
2062;Totaal mannen en vrouwen;20 tot 25 jaar;Met migratieachtergrond;1994;212248;125820;86428
2063;Totaal mannen en vrouwen;20 tot 25 jaar;Met migratieachtergrond;1995;204777;120937;83840
2064;Totaal mannen en vrouwen;20 tot 25 jaar;Met migratieachtergrond;1996;198196;115152;83044
2065;Totaal mannen en vrouwen;20 tot 25 jaar;Met migratieachtergrond;1997;194603;111066;83537
2066;Totaal mannen en vrouwen;20 tot 25 jaar;Met migratieachtergrond;1998;194137;108839;85298
2067;Totaal mannen en vrouwen;20 tot 25 jaar;Met migratieachtergrond;1999;198976;108844;90132
2068;Totaal mannen en vrouwen;20 tot 25 jaar;Met migratieachtergrond;2000;203306;107609;95697
2069;Totaal mannen en vrouwen;20 tot 25 jaar;Met migratieachtergrond;2001;213993;110630;103363
2070;Totaal mannen en vrouwen;20 tot 25 jaar;Met migratieachtergrond;2002;227232;116021;111211
2071;Totaal mannen en vrouwen;20 tot 25 jaar;Met migratieachtergrond;2003;236958;119830;117128
2072;Totaal mannen en vrouwen;20 tot 25 jaar;Met migratieachtergrond;2004;242317;120795;121522
2073;Totaal mannen en vrouwen;20 tot 25 jaar;Met migratieachtergrond;2005;246745;121501;125244
2074;Totaal mannen en vrouwen;20 tot 25 jaar;Met migratieachtergrond;2006;246866;120472;126394
2075;Totaal mannen en vrouwen;20 tot 25 jaar;Met migratieachtergrond;2007;244167;116617;127550
2076;Totaal mannen en vrouwen;20 tot 25 jaar;Met migratieachtergrond;2008;245296;114879;130417
2077;Totaal mannen en vrouwen;20 tot 25 jaar;Met migratieachtergrond;2009;253572;118638;134934
2078;Totaal mannen en vrouwen;20 tot 25 jaar;Met migratieachtergrond;2010;260077;119871;140206
2079;Totaal mannen en vrouwen;20 tot 25 jaar;Met migratieachtergrond;2011;269521;122899;146622
2080;Totaal mannen en vrouwen;20 tot 25 jaar;Met migratieachtergrond;2012;277292;124894;152398
2081;Totaal mannen en vrouwen;20 tot 25 jaar;Met migratieachtergrond;2013;281511;123896;157615
2082;Totaal mannen en vrouwen;20 tot 25 jaar;Met migratieachtergrond;2014;282890;121506;161384
2083;Totaal mannen en vrouwen;20 tot 25 jaar;Met migratieachtergrond;2015;287149;122263;164886
2084;Totaal mannen en vrouwen;20 tot 25 jaar;Met migratieachtergrond;2016;292440;126288;166152
2085;Totaal mannen en vrouwen;20 tot 25 jaar;Met migratieachtergrond;2017;301585;134197;167388
2086;Totaal mannen en vrouwen;20 tot 25 jaar;Met migratieachtergrond;2018;309571;140171;169400
2087;Totaal mannen en vrouwen;20 tot 25 jaar;Met migratieachtergrond;2019;319358;146000;173358
2088;Totaal mannen en vrouwen;20 tot 25 jaar;Met migratieachtergrond;2020;331975;154440;177535
2089;Totaal mannen en vrouwen;20 tot 25 jaar;Met migratieachtergrond;2021;334778;150506;184272
2090;Totaal mannen en vrouwen;20 tot 25 jaar;Met migratieachtergrond;2022;353329;162849;190480
2091;Totaal mannen en vrouwen;20 tot 25 jaar;Westerse migratieachtergrond;1972;96867;31779;65088
2092;Totaal mannen en vrouwen;20 tot 25 jaar;Westerse migratieachtergrond;1973;93845;29882;63963
2093;Totaal mannen en vrouwen;20 tot 25 jaar;Westerse migratieachtergrond;1974;91128;27684;63444
2094;Totaal mannen en vrouwen;20 tot 25 jaar;Westerse migratieachtergrond;1975;88951;25427;63524
2095;Totaal mannen en vrouwen;20 tot 25 jaar;Westerse migratieachtergrond;1976;87684;23705;63979
2096;Totaal mannen en vrouwen;20 tot 25 jaar;Westerse migratieachtergrond;1977;86961;23402;63559
2097;Totaal mannen en vrouwen;20 tot 25 jaar;Westerse migratieachtergrond;1978;85725;22514;63211
2098;Totaal mannen en vrouwen;20 tot 25 jaar;Westerse migratieachtergrond;1979;85502;21128;64374
2099;Totaal mannen en vrouwen;20 tot 25 jaar;Westerse migratieachtergrond;1980;86929;20969;65960
2100;Totaal mannen en vrouwen;20 tot 25 jaar;Westerse migratieachtergrond;1981;88527;21730;66797
2101;Totaal mannen en vrouwen;20 tot 25 jaar;Westerse migratieachtergrond;1982;88880;20602;68278
2102;Totaal mannen en vrouwen;20 tot 25 jaar;Westerse migratieachtergrond;1983;89593;19695;69898
2103;Totaal mannen en vrouwen;20 tot 25 jaar;Westerse migratieachtergrond;1984;90038;18708;71330
2104;Totaal mannen en vrouwen;20 tot 25 jaar;Westerse migratieachtergrond;1985;91727;18841;72886
2105;Totaal mannen en vrouwen;20 tot 25 jaar;Westerse migratieachtergrond;1986;93190;18626;74564
2106;Totaal mannen en vrouwen;20 tot 25 jaar;Westerse migratieachtergrond;1987;95349;20245;75104
2107;Totaal mannen en vrouwen;20 tot 25 jaar;Westerse migratieachtergrond;1988;95556;20428;75128
2108;Totaal mannen en vrouwen;20 tot 25 jaar;Westerse migratieachtergrond;1989;96150;21416;74734
2109;Totaal mannen en vrouwen;20 tot 25 jaar;Westerse migratieachtergrond;1990;96219;21774;74445
2110;Totaal mannen en vrouwen;20 tot 25 jaar;Westerse migratieachtergrond;1991;96862;23368;73494
2111;Totaal mannen en vrouwen;20 tot 25 jaar;Westerse migratieachtergrond;1992;97024;25145;71879
2112;Totaal mannen en vrouwen;20 tot 25 jaar;Westerse migratieachtergrond;1993;97693;27371;70322
2113;Totaal mannen en vrouwen;20 tot 25 jaar;Westerse migratieachtergrond;1994;95180;27797;67383
2114;Totaal mannen en vrouwen;20 tot 25 jaar;Westerse migratieachtergrond;1995;88523;25246;63277
2115;Totaal mannen en vrouwen;20 tot 25 jaar;Westerse migratieachtergrond;1996;83787;24523;59264
2116;Totaal mannen en vrouwen;20 tot 25 jaar;Westerse migratieachtergrond;1997;80970;24876;56094
2117;Totaal mannen en vrouwen;20 tot 25 jaar;Westerse migratieachtergrond;1998;78855;25376;53479
2118;Totaal mannen en vrouwen;20 tot 25 jaar;Westerse migratieachtergrond;1999;79167;26492;52675
2119;Totaal mannen en vrouwen;20 tot 25 jaar;Westerse migratieachtergrond;2000;79439;27313;52126
2120;Totaal mannen en vrouwen;20 tot 25 jaar;Westerse migratieachtergrond;2001;81750;29296;52454
2121;Totaal mannen en vrouwen;20 tot 25 jaar;Westerse migratieachtergrond;2002;83368;30855;52513
2122;Totaal mannen en vrouwen;20 tot 25 jaar;Westerse migratieachtergrond;2003;83819;31633;52186
2123;Totaal mannen en vrouwen;20 tot 25 jaar;Westerse migratieachtergrond;2004;82170;30942;51228
2124;Totaal mannen en vrouwen;20 tot 25 jaar;Westerse migratieachtergrond;2005;82088;31682;50406
2125;Totaal mannen en vrouwen;20 tot 25 jaar;Westerse migratieachtergrond;2006;82100;33081;49019
2126;Totaal mannen en vrouwen;20 tot 25 jaar;Westerse migratieachtergrond;2007;82103;33942;48161
2127;Totaal mannen en vrouwen;20 tot 25 jaar;Westerse migratieachtergrond;2008;84625;36876;47749
2128;Totaal mannen en vrouwen;20 tot 25 jaar;Westerse migratieachtergrond;2009;90742;42901;47841
2129;Totaal mannen en vrouwen;20 tot 25 jaar;Westerse migratieachtergrond;2010;94157;46398;47759
2130;Totaal mannen en vrouwen;20 tot 25 jaar;Westerse migratieachtergrond;2011;99971;52128;47843
2131;Totaal mannen en vrouwen;20 tot 25 jaar;Westerse migratieachtergrond;2012;104142;56314;47828
2132;Totaal mannen en vrouwen;20 tot 25 jaar;Westerse migratieachtergrond;2013;105388;57714;47674
2133;Totaal mannen en vrouwen;20 tot 25 jaar;Westerse migratieachtergrond;2014;105559;58056;47503
2134;Totaal mannen en vrouwen;20 tot 25 jaar;Westerse migratieachtergrond;2015;107624;60014;47610
2135;Totaal mannen en vrouwen;20 tot 25 jaar;Westerse migratieachtergrond;2016;109667;62156;47511
2136;Totaal mannen en vrouwen;20 tot 25 jaar;Westerse migratieachtergrond;2017;113336;66034;47302
2137;Totaal mannen en vrouwen;20 tot 25 jaar;Westerse migratieachtergrond;2018;117988;70809;47179
2138;Totaal mannen en vrouwen;20 tot 25 jaar;Westerse migratieachtergrond;2019;122874;75421;47453
2139;Totaal mannen en vrouwen;20 tot 25 jaar;Westerse migratieachtergrond;2020;129772;81814;47958
2140;Totaal mannen en vrouwen;20 tot 25 jaar;Westerse migratieachtergrond;2021;129113;80245;48868
2141;Totaal mannen en vrouwen;20 tot 25 jaar;Westerse migratieachtergrond;2022;139240;89437;49803
2142;Totaal mannen en vrouwen;20 tot 25 jaar;Niet-westerse migratieachtergrond;1972;19823;18163;1660
2143;Totaal mannen en vrouwen;20 tot 25 jaar;Niet-westerse migratieachtergrond;1973;21405;19715;1690
2144;Totaal mannen en vrouwen;20 tot 25 jaar;Niet-westerse migratieachtergrond;1974;23849;22111;1738
2145;Totaal mannen en vrouwen;20 tot 25 jaar;Niet-westerse migratieachtergrond;1975;27779;25951;1828
2146;Totaal mannen en vrouwen;20 tot 25 jaar;Niet-westerse migratieachtergrond;1976;36614;34698;1916
2147;Totaal mannen en vrouwen;20 tot 25 jaar;Niet-westerse migratieachtergrond;1977;38766;36725;2041
2148;Totaal mannen en vrouwen;20 tot 25 jaar;Niet-westerse migratieachtergrond;1978;41498;39238;2260
2149;Totaal mannen en vrouwen;20 tot 25 jaar;Niet-westerse migratieachtergrond;1979;45341;42880;2461
2150;Totaal mannen en vrouwen;20 tot 25 jaar;Niet-westerse migratieachtergrond;1980;52131;49391;2740
2151;Totaal mannen en vrouwen;20 tot 25 jaar;Niet-westerse migratieachtergrond;1981;60234;57222;3012
2152;Totaal mannen en vrouwen;20 tot 25 jaar;Niet-westerse migratieachtergrond;1982;63690;60358;3332
2153;Totaal mannen en vrouwen;20 tot 25 jaar;Niet-westerse migratieachtergrond;1983;66575;62872;3703
2154;Totaal mannen en vrouwen;20 tot 25 jaar;Niet-westerse migratieachtergrond;1984;68741;64502;4239
2155;Totaal mannen en vrouwen;20 tot 25 jaar;Niet-westerse migratieachtergrond;1985;70361;65436;4925
2156;Totaal mannen en vrouwen;20 tot 25 jaar;Niet-westerse migratieachtergrond;1986;72460;66689;5771
2157;Totaal mannen en vrouwen;20 tot 25 jaar;Niet-westerse migratieachtergrond;1987;75500;68710;6790
2158;Totaal mannen en vrouwen;20 tot 25 jaar;Niet-westerse migratieachtergrond;1988;79297;71288;8009
2159;Totaal mannen en vrouwen;20 tot 25 jaar;Niet-westerse migratieachtergrond;1989;83565;74202;9363
2160;Totaal mannen en vrouwen;20 tot 25 jaar;Niet-westerse migratieachtergrond;1990;89163;78200;10963
2161;Totaal mannen en vrouwen;20 tot 25 jaar;Niet-westerse migratieachtergrond;1991;97534;84607;12927
2162;Totaal mannen en vrouwen;20 tot 25 jaar;Niet-westerse migratieachtergrond;1992;105393;90232;15161
2163;Totaal mannen en vrouwen;20 tot 25 jaar;Niet-westerse migratieachtergrond;1993;112328;95178;17150
2164;Totaal mannen en vrouwen;20 tot 25 jaar;Niet-westerse migratieachtergrond;1994;117068;98023;19045
2165;Totaal mannen en vrouwen;20 tot 25 jaar;Niet-westerse migratieachtergrond;1995;116254;95691;20563
2166;Totaal mannen en vrouwen;20 tot 25 jaar;Niet-westerse migratieachtergrond;1996;114409;90629;23780
2167;Totaal mannen en vrouwen;20 tot 25 jaar;Niet-westerse migratieachtergrond;1997;113633;86190;27443
2168;Totaal mannen en vrouwen;20 tot 25 jaar;Niet-westerse migratieachtergrond;1998;115282;83463;31819
2169;Totaal mannen en vrouwen;20 tot 25 jaar;Niet-westerse migratieachtergrond;1999;119809;82352;37457
2170;Totaal mannen en vrouwen;20 tot 25 jaar;Niet-westerse migratieachtergrond;2000;123867;80296;43571
2171;Totaal mannen en vrouwen;20 tot 25 jaar;Niet-westerse migratieachtergrond;2001;132243;81334;50909
2172;Totaal mannen en vrouwen;20 tot 25 jaar;Niet-westerse migratieachtergrond;2002;143864;85166;58698
2173;Totaal mannen en vrouwen;20 tot 25 jaar;Niet-westerse migratieachtergrond;2003;153139;88197;64942
2174;Totaal mannen en vrouwen;20 tot 25 jaar;Niet-westerse migratieachtergrond;2004;160147;89853;70294
2175;Totaal mannen en vrouwen;20 tot 25 jaar;Niet-westerse migratieachtergrond;2005;164657;89819;74838
2176;Totaal mannen en vrouwen;20 tot 25 jaar;Niet-westerse migratieachtergrond;2006;164766;87391;77375
2177;Totaal mannen en vrouwen;20 tot 25 jaar;Niet-westerse migratieachtergrond;2007;162064;82675;79389
2178;Totaal mannen en vrouwen;20 tot 25 jaar;Niet-westerse migratieachtergrond;2008;160671;78003;82668
2179;Totaal mannen en vrouwen;20 tot 25 jaar;Niet-westerse migratieachtergrond;2009;162830;75737;87093
2180;Totaal mannen en vrouwen;20 tot 25 jaar;Niet-westerse migratieachtergrond;2010;165920;73473;92447
2181;Totaal mannen en vrouwen;20 tot 25 jaar;Niet-westerse migratieachtergrond;2011;169550;70771;98779
2182;Totaal mannen en vrouwen;20 tot 25 jaar;Niet-westerse migratieachtergrond;2012;173150;68580;104570
2183;Totaal mannen en vrouwen;20 tot 25 jaar;Niet-westerse migratieachtergrond;2013;176123;66182;109941
2184;Totaal mannen en vrouwen;20 tot 25 jaar;Niet-westerse migratieachtergrond;2014;177331;63450;113881
2185;Totaal mannen en vrouwen;20 tot 25 jaar;Niet-westerse migratieachtergrond;2015;179525;62249;117276
2186;Totaal mannen en vrouwen;20 tot 25 jaar;Niet-westerse migratieachtergrond;2016;182773;64132;118641
2187;Totaal mannen en vrouwen;20 tot 25 jaar;Niet-westerse migratieachtergrond;2017;188249;68163;120086
2188;Totaal mannen en vrouwen;20 tot 25 jaar;Niet-westerse migratieachtergrond;2018;191583;69362;122221
2189;Totaal mannen en vrouwen;20 tot 25 jaar;Niet-westerse migratieachtergrond;2019;196484;70579;125905
2190;Totaal mannen en vrouwen;20 tot 25 jaar;Niet-westerse migratieachtergrond;2020;202203;72626;129577
2191;Totaal mannen en vrouwen;20 tot 25 jaar;Niet-westerse migratieachtergrond;2021;205665;70261;135404
2192;Totaal mannen en vrouwen;20 tot 25 jaar;Niet-westerse migratieachtergrond;2022;214089;73412;140677
2193;Totaal mannen en vrouwen;20 tot 25 jaar;Marokko;1972;2065;2064;1
2194;Totaal mannen en vrouwen;20 tot 25 jaar;Marokko;1973;1914;1910;4
2195;Totaal mannen en vrouwen;20 tot 25 jaar;Marokko;1974;1867;1861;6
2196;Totaal mannen en vrouwen;20 tot 25 jaar;Marokko;1975;1984;1975;9
2197;Totaal mannen en vrouwen;20 tot 25 jaar;Marokko;1976;3315;3304;11
2198;Totaal mannen en vrouwen;20 tot 25 jaar;Marokko;1977;3636;3623;13
2199;Totaal mannen en vrouwen;20 tot 25 jaar;Marokko;1978;4142;4127;15
2200;Totaal mannen en vrouwen;20 tot 25 jaar;Marokko;1979;4886;4866;20
2201;Totaal mannen en vrouwen;20 tot 25 jaar;Marokko;1980;5693;5668;25
2202;Totaal mannen en vrouwen;20 tot 25 jaar;Marokko;1981;6769;6740;29
2203;Totaal mannen en vrouwen;20 tot 25 jaar;Marokko;1982;8036;7998;38
2204;Totaal mannen en vrouwen;20 tot 25 jaar;Marokko;1983;9239;9193;46
2205;Totaal mannen en vrouwen;20 tot 25 jaar;Marokko;1984;10198;10144;54
2206;Totaal mannen en vrouwen;20 tot 25 jaar;Marokko;1985;10996;10922;74
2207;Totaal mannen en vrouwen;20 tot 25 jaar;Marokko;1986;11603;11497;106
2208;Totaal mannen en vrouwen;20 tot 25 jaar;Marokko;1987;12412;12245;167
2209;Totaal mannen en vrouwen;20 tot 25 jaar;Marokko;1988;13154;12904;250
2210;Totaal mannen en vrouwen;20 tot 25 jaar;Marokko;1989;14339;13970;369
2211;Totaal mannen en vrouwen;20 tot 25 jaar;Marokko;1990;15684;15158;526
2212;Totaal mannen en vrouwen;20 tot 25 jaar;Marokko;1991;17780;17075;705
2213;Totaal mannen en vrouwen;20 tot 25 jaar;Marokko;1992;19615;18642;973
2214;Totaal mannen en vrouwen;20 tot 25 jaar;Marokko;1993;21272;19941;1331
2215;Totaal mannen en vrouwen;20 tot 25 jaar;Marokko;1994;22365;20542;1823
2216;Totaal mannen en vrouwen;20 tot 25 jaar;Marokko;1995;23035;20685;2350
2217;Totaal mannen en vrouwen;20 tot 25 jaar;Marokko;1996;23438;20188;3250
2218;Totaal mannen en vrouwen;20 tot 25 jaar;Marokko;1997;23864;19651;4213
2219;Totaal mannen en vrouwen;20 tot 25 jaar;Marokko;1998;24964;19585;5379
2220;Totaal mannen en vrouwen;20 tot 25 jaar;Marokko;1999;25936;19262;6674
2221;Totaal mannen en vrouwen;20 tot 25 jaar;Marokko;2000;26812;18617;8195
2222;Totaal mannen en vrouwen;20 tot 25 jaar;Marokko;2001;27639;17845;9794
2223;Totaal mannen en vrouwen;20 tot 25 jaar;Marokko;2002;28894;17286;11608
2224;Totaal mannen en vrouwen;20 tot 25 jaar;Marokko;2003;29480;16231;13249
2225;Totaal mannen en vrouwen;20 tot 25 jaar;Marokko;2004;30085;15372;14713
2226;Totaal mannen en vrouwen;20 tot 25 jaar;Marokko;2005;30082;14170;15912
2227;Totaal mannen en vrouwen;20 tot 25 jaar;Marokko;2006;29867;12936;16931
2228;Totaal mannen en vrouwen;20 tot 25 jaar;Marokko;2007;29147;11477;17670
2229;Totaal mannen en vrouwen;20 tot 25 jaar;Marokko;2008;28660;10179;18481
2230;Totaal mannen en vrouwen;20 tot 25 jaar;Marokko;2009;28548;8968;19580
2231;Totaal mannen en vrouwen;20 tot 25 jaar;Marokko;2010;28914;7809;21105
2232;Totaal mannen en vrouwen;20 tot 25 jaar;Marokko;2011;29379;6742;22637
2233;Totaal mannen en vrouwen;20 tot 25 jaar;Marokko;2012;30117;5991;24126
2234;Totaal mannen en vrouwen;20 tot 25 jaar;Marokko;2013;30641;5054;25587
2235;Totaal mannen en vrouwen;20 tot 25 jaar;Marokko;2014;30974;4262;26712
2236;Totaal mannen en vrouwen;20 tot 25 jaar;Marokko;2015;31142;3756;27386
2237;Totaal mannen en vrouwen;20 tot 25 jaar;Marokko;2016;30911;3319;27592
2238;Totaal mannen en vrouwen;20 tot 25 jaar;Marokko;2017;31055;3048;28007
2239;Totaal mannen en vrouwen;20 tot 25 jaar;Marokko;2018;31136;2846;28290
2240;Totaal mannen en vrouwen;20 tot 25 jaar;Marokko;2019;31846;2748;29098
2241;Totaal mannen en vrouwen;20 tot 25 jaar;Marokko;2020;32719;2735;29984
2242;Totaal mannen en vrouwen;20 tot 25 jaar;Marokko;2021;34302;2617;31685
2243;Totaal mannen en vrouwen;20 tot 25 jaar;Marokko;2022;35638;2473;33165
2244;Totaal mannen en vrouwen;20 tot 25 jaar;(voormalige) Nederlandse Antillen, Aruba;1972;3868;3724;144
2245;Totaal mannen en vrouwen;20 tot 25 jaar;(voormalige) Nederlandse Antillen, Aruba;1973;3815;3656;159
2246;Totaal mannen en vrouwen;20 tot 25 jaar;(voormalige) Nederlandse Antillen, Aruba;1974;3834;3660;174
2247;Totaal mannen en vrouwen;20 tot 25 jaar;(voormalige) Nederlandse Antillen, Aruba;1975;4039;3850;189
2248;Totaal mannen en vrouwen;20 tot 25 jaar;(voormalige) Nederlandse Antillen, Aruba;1976;4364;4155;209
2249;Totaal mannen en vrouwen;20 tot 25 jaar;(voormalige) Nederlandse Antillen, Aruba;1977;4795;4546;249
2250;Totaal mannen en vrouwen;20 tot 25 jaar;(voormalige) Nederlandse Antillen, Aruba;1978;5263;4950;313
2251;Totaal mannen en vrouwen;20 tot 25 jaar;(voormalige) Nederlandse Antillen, Aruba;1979;5646;5271;375
2252;Totaal mannen en vrouwen;20 tot 25 jaar;(voormalige) Nederlandse Antillen, Aruba;1980;5999;5558;441
2253;Totaal mannen en vrouwen;20 tot 25 jaar;(voormalige) Nederlandse Antillen, Aruba;1981;6579;6065;514
2254;Totaal mannen en vrouwen;20 tot 25 jaar;(voormalige) Nederlandse Antillen, Aruba;1982;6733;6154;579
2255;Totaal mannen en vrouwen;20 tot 25 jaar;(voormalige) Nederlandse Antillen, Aruba;1983;6764;6077;687
2256;Totaal mannen en vrouwen;20 tot 25 jaar;(voormalige) Nederlandse Antillen, Aruba;1984;6690;5873;817
2257;Totaal mannen en vrouwen;20 tot 25 jaar;(voormalige) Nederlandse Antillen, Aruba;1985;6598;5655;943
2258;Totaal mannen en vrouwen;20 tot 25 jaar;(voormalige) Nederlandse Antillen, Aruba;1986;6914;5803;1111
2259;Totaal mannen en vrouwen;20 tot 25 jaar;(voormalige) Nederlandse Antillen, Aruba;1987;7539;6171;1368
2260;Totaal mannen en vrouwen;20 tot 25 jaar;(voormalige) Nederlandse Antillen, Aruba;1988;8442;6784;1658
2261;Totaal mannen en vrouwen;20 tot 25 jaar;(voormalige) Nederlandse Antillen, Aruba;1989;9329;7341;1988
2262;Totaal mannen en vrouwen;20 tot 25 jaar;(voormalige) Nederlandse Antillen, Aruba;1990;9996;7605;2391
2263;Totaal mannen en vrouwen;20 tot 25 jaar;(voormalige) Nederlandse Antillen, Aruba;1991;10569;7752;2817
2264;Totaal mannen en vrouwen;20 tot 25 jaar;(voormalige) Nederlandse Antillen, Aruba;1992;11293;8201;3092
2265;Totaal mannen en vrouwen;20 tot 25 jaar;(voormalige) Nederlandse Antillen, Aruba;1993;11283;8076;3207
2266;Totaal mannen en vrouwen;20 tot 25 jaar;(voormalige) Nederlandse Antillen, Aruba;1994;10830;7651;3179
2267;Totaal mannen en vrouwen;20 tot 25 jaar;(voormalige) Nederlandse Antillen, Aruba;1995;10193;7109;3084
2268;Totaal mannen en vrouwen;20 tot 25 jaar;(voormalige) Nederlandse Antillen, Aruba;1996;9749;6751;2998
2269;Totaal mannen en vrouwen;20 tot 25 jaar;(voormalige) Nederlandse Antillen, Aruba;1997;9491;6494;2997
2270;Totaal mannen en vrouwen;20 tot 25 jaar;(voormalige) Nederlandse Antillen, Aruba;1998;9548;6494;3054
2271;Totaal mannen en vrouwen;20 tot 25 jaar;(voormalige) Nederlandse Antillen, Aruba;1999;10526;7191;3335
2272;Totaal mannen en vrouwen;20 tot 25 jaar;(voormalige) Nederlandse Antillen, Aruba;2000;11609;8073;3536
2273;Totaal mannen en vrouwen;20 tot 25 jaar;(voormalige) Nederlandse Antillen, Aruba;2001;13175;9223;3952
2274;Totaal mannen en vrouwen;20 tot 25 jaar;(voormalige) Nederlandse Antillen, Aruba;2002;14304;9954;4350
2275;Totaal mannen en vrouwen;20 tot 25 jaar;(voormalige) Nederlandse Antillen, Aruba;2003;14873;10162;4711
2276;Totaal mannen en vrouwen;20 tot 25 jaar;(voormalige) Nederlandse Antillen, Aruba;2004;15031;10114;4917
2277;Totaal mannen en vrouwen;20 tot 25 jaar;(voormalige) Nederlandse Antillen, Aruba;2005;14952;9791;5161
2278;Totaal mannen en vrouwen;20 tot 25 jaar;(voormalige) Nederlandse Antillen, Aruba;2006;14602;9373;5229
2279;Totaal mannen en vrouwen;20 tot 25 jaar;(voormalige) Nederlandse Antillen, Aruba;2007;14431;9016;5415
2280;Totaal mannen en vrouwen;20 tot 25 jaar;(voormalige) Nederlandse Antillen, Aruba;2008;14519;8872;5647
2281;Totaal mannen en vrouwen;20 tot 25 jaar;(voormalige) Nederlandse Antillen, Aruba;2009;14836;8855;5981
2282;Totaal mannen en vrouwen;20 tot 25 jaar;(voormalige) Nederlandse Antillen, Aruba;2010;15261;8911;6350
2283;Totaal mannen en vrouwen;20 tot 25 jaar;(voormalige) Nederlandse Antillen, Aruba;2011;15689;8750;6939
2284;Totaal mannen en vrouwen;20 tot 25 jaar;(voormalige) Nederlandse Antillen, Aruba;2012;16101;8684;7417
2285;Totaal mannen en vrouwen;20 tot 25 jaar;(voormalige) Nederlandse Antillen, Aruba;2013;16377;8547;7830
2286;Totaal mannen en vrouwen;20 tot 25 jaar;(voormalige) Nederlandse Antillen, Aruba;2014;16471;8416;8055
2287;Totaal mannen en vrouwen;20 tot 25 jaar;(voormalige) Nederlandse Antillen, Aruba;2015;16637;8358;8279
2288;Totaal mannen en vrouwen;20 tot 25 jaar;(voormalige) Nederlandse Antillen, Aruba;2016;16648;8357;8291
2289;Totaal mannen en vrouwen;20 tot 25 jaar;(voormalige) Nederlandse Antillen, Aruba;2017;16443;8301;8142
2290;Totaal mannen en vrouwen;20 tot 25 jaar;(voormalige) Nederlandse Antillen, Aruba;2018;16300;8297;8003
2291;Totaal mannen en vrouwen;20 tot 25 jaar;(voormalige) Nederlandse Antillen, Aruba;2019;16504;8390;8114
2292;Totaal mannen en vrouwen;20 tot 25 jaar;(voormalige) Nederlandse Antillen, Aruba;2020;16641;8369;8272
2293;Totaal mannen en vrouwen;20 tot 25 jaar;(voormalige) Nederlandse Antillen, Aruba;2021;16802;8166;8636
2294;Totaal mannen en vrouwen;20 tot 25 jaar;(voormalige) Nederlandse Antillen, Aruba;2022;17301;8065;9236
2295;Totaal mannen en vrouwen;20 tot 25 jaar;Suriname;1972;7132;6454;678
2296;Totaal mannen en vrouwen;20 tot 25 jaar;Suriname;1973;7713;7022;691
2297;Totaal mannen en vrouwen;20 tot 25 jaar;Suriname;1974;8803;8074;729
2298;Totaal mannen en vrouwen;20 tot 25 jaar;Suriname;1975;11120;10335;785
2299;Totaal mannen en vrouwen;20 tot 25 jaar;Suriname;1976;15574;14734;840
2300;Totaal mannen en vrouwen;20 tot 25 jaar;Suriname;1977;15835;14942;893
2301;Totaal mannen en vrouwen;20 tot 25 jaar;Suriname;1978;16406;15380;1026
2302;Totaal mannen en vrouwen;20 tot 25 jaar;Suriname;1979;17476;16349;1127
2303;Totaal mannen en vrouwen;20 tot 25 jaar;Suriname;1980;20561;19293;1268
2304;Totaal mannen en vrouwen;20 tot 25 jaar;Suriname;1981;23558;22166;1392
2305;Totaal mannen en vrouwen;20 tot 25 jaar;Suriname;1982;23243;21670;1573
2306;Totaal mannen en vrouwen;20 tot 25 jaar;Suriname;1983;22917;21140;1777
2307;Totaal mannen en vrouwen;20 tot 25 jaar;Suriname;1984;23079;21010;2069
2308;Totaal mannen en vrouwen;20 tot 25 jaar;Suriname;1985;23128;20657;2471
2309;Totaal mannen en vrouwen;20 tot 25 jaar;Suriname;1986;23617;20712;2905
2310;Totaal mannen en vrouwen;20 tot 25 jaar;Suriname;1987;23977;20628;3349
2311;Totaal mannen en vrouwen;20 tot 25 jaar;Suriname;1988;24394;20606;3788
2312;Totaal mannen en vrouwen;20 tot 25 jaar;Suriname;1989;24661;20430;4231
2313;Totaal mannen en vrouwen;20 tot 25 jaar;Suriname;1990;25291;20582;4709
2314;Totaal mannen en vrouwen;20 tot 25 jaar;Suriname;1991;26416;21110;5306
2315;Totaal mannen en vrouwen;20 tot 25 jaar;Suriname;1992;27483;21519;5964
2316;Totaal mannen en vrouwen;20 tot 25 jaar;Suriname;1993;28304;21993;6311
2317;Totaal mannen en vrouwen;20 tot 25 jaar;Suriname;1994;28564;22073;6491
2318;Totaal mannen en vrouwen;20 tot 25 jaar;Suriname;1995;27215;20632;6583
2319;Totaal mannen en vrouwen;20 tot 25 jaar;Suriname;1996;26038;18750;7288
2320;Totaal mannen en vrouwen;20 tot 25 jaar;Suriname;1997;24888;16580;8308
2321;Totaal mannen en vrouwen;20 tot 25 jaar;Suriname;1998;24020;14640;9380
2322;Totaal mannen en vrouwen;20 tot 25 jaar;Suriname;1999;24006;13304;10702
2323;Totaal mannen en vrouwen;20 tot 25 jaar;Suriname;2000;24073;11957;12116
2324;Totaal mannen en vrouwen;20 tot 25 jaar;Suriname;2001;24679;10761;13918
2325;Totaal mannen en vrouwen;20 tot 25 jaar;Suriname;2002;25517;9998;15519
2326;Totaal mannen en vrouwen;20 tot 25 jaar;Suriname;2003;26407;9248;17159
2327;Totaal mannen en vrouwen;20 tot 25 jaar;Suriname;2004;27368;8679;18689
2328;Totaal mannen en vrouwen;20 tot 25 jaar;Suriname;2005;28442;8249;20193
2329;Totaal mannen en vrouwen;20 tot 25 jaar;Suriname;2006;29110;8146;20964
2330;Totaal mannen en vrouwen;20 tot 25 jaar;Suriname;2007;29671;8006;21665
2331;Totaal mannen en vrouwen;20 tot 25 jaar;Suriname;2008;29801;7632;22169
2332;Totaal mannen en vrouwen;20 tot 25 jaar;Suriname;2009;29948;7207;22741
2333;Totaal mannen en vrouwen;20 tot 25 jaar;Suriname;2010;29904;6879;23025
2334;Totaal mannen en vrouwen;20 tot 25 jaar;Suriname;2011;29741;6350;23391
2335;Totaal mannen en vrouwen;20 tot 25 jaar;Suriname;2012;29358;5837;23521
2336;Totaal mannen en vrouwen;20 tot 25 jaar;Suriname;2013;28904;5293;23611
2337;Totaal mannen en vrouwen;20 tot 25 jaar;Suriname;2014;28343;4786;23557
2338;Totaal mannen en vrouwen;20 tot 25 jaar;Suriname;2015;27644;4073;23571
2339;Totaal mannen en vrouwen;20 tot 25 jaar;Suriname;2016;26850;3671;23179
2340;Totaal mannen en vrouwen;20 tot 25 jaar;Suriname;2017;26166;3401;22765
2341;Totaal mannen en vrouwen;20 tot 25 jaar;Suriname;2018;25874;3216;22658
2342;Totaal mannen en vrouwen;20 tot 25 jaar;Suriname;2019;25732;3131;22601
2343;Totaal mannen en vrouwen;20 tot 25 jaar;Suriname;2020;25983;3172;22811
2344;Totaal mannen en vrouwen;20 tot 25 jaar;Suriname;2021;26185;3046;23139
2345;Totaal mannen en vrouwen;20 tot 25 jaar;Suriname;2022;26501;2979;23522
2346;Totaal mannen en vrouwen;20 tot 25 jaar;Turkije;1972;2302;2278;24
2347;Totaal mannen en vrouwen;20 tot 25 jaar;Turkije;1973;2848;2825;23
2348;Totaal mannen en vrouwen;20 tot 25 jaar;Turkije;1974;3825;3801;24
2349;Totaal mannen en vrouwen;20 tot 25 jaar;Turkije;1975;4679;4652;27
2350;Totaal mannen en vrouwen;20 tot 25 jaar;Turkije;1976;6588;6557;31
2351;Totaal mannen en vrouwen;20 tot 25 jaar;Turkije;1977;7436;7410;26
2352;Totaal mannen en vrouwen;20 tot 25 jaar;Turkije;1978;8131;8101;30
2353;Totaal mannen en vrouwen;20 tot 25 jaar;Turkije;1979;9124;9089;35
2354;Totaal mannen en vrouwen;20 tot 25 jaar;Turkije;1980;10893;10854;39
2355;Totaal mannen en vrouwen;20 tot 25 jaar;Turkije;1981;13504;13458;46
2356;Totaal mannen en vrouwen;20 tot 25 jaar;Turkije;1982;15638;15582;56
2357;Totaal mannen en vrouwen;20 tot 25 jaar;Turkije;1983;17617;17552;65
2358;Totaal mannen en vrouwen;20 tot 25 jaar;Turkije;1984;18772;18693;79
2359;Totaal mannen en vrouwen;20 tot 25 jaar;Turkije;1985;19398;19286;112
2360;Totaal mannen en vrouwen;20 tot 25 jaar;Turkije;1986;19877;19697;180
2361;Totaal mannen en vrouwen;20 tot 25 jaar;Turkije;1987;20776;20444;332
2362;Totaal mannen en vrouwen;20 tot 25 jaar;Turkije;1988;21204;20658;546
2363;Totaal mannen en vrouwen;20 tot 25 jaar;Turkije;1989;22470;21670;800
2364;Totaal mannen en vrouwen;20 tot 25 jaar;Turkije;1990;24025;22870;1155
2365;Totaal mannen en vrouwen;20 tot 25 jaar;Turkije;1991;26291;24640;1651
2366;Totaal mannen en vrouwen;20 tot 25 jaar;Turkije;1992;28571;26265;2306
2367;Totaal mannen en vrouwen;20 tot 25 jaar;Turkije;1993;31196;28018;3178
2368;Totaal mannen en vrouwen;20 tot 25 jaar;Turkije;1994;32744;28552;4192
2369;Totaal mannen en vrouwen;20 tot 25 jaar;Turkije;1995;32597;27579;5018
2370;Totaal mannen en vrouwen;20 tot 25 jaar;Turkije;1996;31479;25229;6250
2371;Totaal mannen en vrouwen;20 tot 25 jaar;Turkije;1997;29950;22546;7404
2372;Totaal mannen en vrouwen;20 tot 25 jaar;Turkije;1998;29544;20738;8806
2373;Totaal mannen en vrouwen;20 tot 25 jaar;Turkije;1999;29223;18704;10519
2374;Totaal mannen en vrouwen;20 tot 25 jaar;Turkije;2000;28905;16555;12350
2375;Totaal mannen en vrouwen;20 tot 25 jaar;Turkije;2001;30145;15597;14548
2376;Totaal mannen en vrouwen;20 tot 25 jaar;Turkije;2002;32234;15197;17037
2377;Totaal mannen en vrouwen;20 tot 25 jaar;Turkije;2003;32822;14381;18441
2378;Totaal mannen en vrouwen;20 tot 25 jaar;Turkije;2004;33317;13750;19567
2379;Totaal mannen en vrouwen;20 tot 25 jaar;Turkije;2005;33284;13049;20235
2380;Totaal mannen en vrouwen;20 tot 25 jaar;Turkije;2006;32387;12292;20095
2381;Totaal mannen en vrouwen;20 tot 25 jaar;Turkije;2007;31055;11298;19757
2382;Totaal mannen en vrouwen;20 tot 25 jaar;Turkije;2008;30912;10421;20491
2383;Totaal mannen en vrouwen;20 tot 25 jaar;Turkije;2009;31596;9726;21870
2384;Totaal mannen en vrouwen;20 tot 25 jaar;Turkije;2010;32645;8743;23902
2385;Totaal mannen en vrouwen;20 tot 25 jaar;Turkije;2011;34063;7814;26249
2386;Totaal mannen en vrouwen;20 tot 25 jaar;Turkije;2012;35337;6825;28512
2387;Totaal mannen en vrouwen;20 tot 25 jaar;Turkije;2013;36205;6000;30205
2388;Totaal mannen en vrouwen;20 tot 25 jaar;Turkije;2014;36314;5100;31214
2389;Totaal mannen en vrouwen;20 tot 25 jaar;Turkije;2015;36221;4489;31732
2390;Totaal mannen en vrouwen;20 tot 25 jaar;Turkije;2016;35663;4100;31563
2391;Totaal mannen en vrouwen;20 tot 25 jaar;Turkije;2017;35515;4023;31492
2392;Totaal mannen en vrouwen;20 tot 25 jaar;Turkije;2018;35752;4026;31726
2393;Totaal mannen en vrouwen;20 tot 25 jaar;Turkije;2019;36181;4123;32058
2394;Totaal mannen en vrouwen;20 tot 25 jaar;Turkije;2020;36234;4227;32007
2395;Totaal mannen en vrouwen;20 tot 25 jaar;Turkije;2021;36677;4232;32445
2396;Totaal mannen en vrouwen;20 tot 25 jaar;Turkije;2022;37066;4705;32361
2397;Totaal mannen en vrouwen;20 tot 25 jaar;Overige niet-westerse migratieachterg...;1972;4456;3643;813
2398;Totaal mannen en vrouwen;20 tot 25 jaar;Overige niet-westerse migratieachterg...;1973;5115;4302;813
2399;Totaal mannen en vrouwen;20 tot 25 jaar;Overige niet-westerse migratieachterg...;1974;5520;4715;805
2400;Totaal mannen en vrouwen;20 tot 25 jaar;Overige niet-westerse migratieachterg...;1975;5957;5139;818
2401;Totaal mannen en vrouwen;20 tot 25 jaar;Overige niet-westerse migratieachterg...;1976;6773;5948;825
2402;Totaal mannen en vrouwen;20 tot 25 jaar;Overige niet-westerse migratieachterg...;1977;7064;6204;860
2403;Totaal mannen en vrouwen;20 tot 25 jaar;Overige niet-westerse migratieachterg...;1978;7556;6680;876
2404;Totaal mannen en vrouwen;20 tot 25 jaar;Overige niet-westerse migratieachterg...;1979;8209;7305;904
2405;Totaal mannen en vrouwen;20 tot 25 jaar;Overige niet-westerse migratieachterg...;1980;8985;8018;967
2406;Totaal mannen en vrouwen;20 tot 25 jaar;Overige niet-westerse migratieachterg...;1981;9824;8793;1031
2407;Totaal mannen en vrouwen;20 tot 25 jaar;Overige niet-westerse migratieachterg...;1982;10040;8954;1086
2408;Totaal mannen en vrouwen;20 tot 25 jaar;Overige niet-westerse migratieachterg...;1983;10038;8910;1128
2409;Totaal mannen en vrouwen;20 tot 25 jaar;Overige niet-westerse migratieachterg...;1984;10002;8782;1220
2410;Totaal mannen en vrouwen;20 tot 25 jaar;Overige niet-westerse migratieachterg...;1985;10241;8916;1325
2411;Totaal mannen en vrouwen;20 tot 25 jaar;Overige niet-westerse migratieachterg...;1986;10449;8980;1469
2412;Totaal mannen en vrouwen;20 tot 25 jaar;Overige niet-westerse migratieachterg...;1987;10796;9222;1574
2413;Totaal mannen en vrouwen;20 tot 25 jaar;Overige niet-westerse migratieachterg...;1988;12103;10336;1767
2414;Totaal mannen en vrouwen;20 tot 25 jaar;Overige niet-westerse migratieachterg...;1989;12766;10791;1975
2415;Totaal mannen en vrouwen;20 tot 25 jaar;Overige niet-westerse migratieachterg...;1990;14167;11985;2182
2416;Totaal mannen en vrouwen;20 tot 25 jaar;Overige niet-westerse migratieachterg...;1991;16478;14030;2448
2417;Totaal mannen en vrouwen;20 tot 25 jaar;Overige niet-westerse migratieachterg...;1992;18431;15605;2826
2418;Totaal mannen en vrouwen;20 tot 25 jaar;Overige niet-westerse migratieachterg...;1993;20273;17150;3123
2419;Totaal mannen en vrouwen;20 tot 25 jaar;Overige niet-westerse migratieachterg...;1994;22565;19205;3360
2420;Totaal mannen en vrouwen;20 tot 25 jaar;Overige niet-westerse migratieachterg...;1995;23214;19686;3528
2421;Totaal mannen en vrouwen;20 tot 25 jaar;Overige niet-westerse migratieachterg...;1996;23705;19711;3994
2422;Totaal mannen en vrouwen;20 tot 25 jaar;Overige niet-westerse migratieachterg...;1997;25440;20919;4521
2423;Totaal mannen en vrouwen;20 tot 25 jaar;Overige niet-westerse migratieachterg...;1998;27206;22006;5200
2424;Totaal mannen en vrouwen;20 tot 25 jaar;Overige niet-westerse migratieachterg...;1999;30118;23891;6227
2425;Totaal mannen en vrouwen;20 tot 25 jaar;Overige niet-westerse migratieachterg...;2000;32468;25094;7374
2426;Totaal mannen en vrouwen;20 tot 25 jaar;Overige niet-westerse migratieachterg...;2001;36605;27908;8697
2427;Totaal mannen en vrouwen;20 tot 25 jaar;Overige niet-westerse migratieachterg...;2002;42915;32731;10184
2428;Totaal mannen en vrouwen;20 tot 25 jaar;Overige niet-westerse migratieachterg...;2003;49557;38175;11382
2429;Totaal mannen en vrouwen;20 tot 25 jaar;Overige niet-westerse migratieachterg...;2004;54346;41938;12408
2430;Totaal mannen en vrouwen;20 tot 25 jaar;Overige niet-westerse migratieachterg...;2005;57897;44560;13337
2431;Totaal mannen en vrouwen;20 tot 25 jaar;Overige niet-westerse migratieachterg...;2006;58800;44644;14156
2432;Totaal mannen en vrouwen;20 tot 25 jaar;Overige niet-westerse migratieachterg...;2007;57760;42878;14882
2433;Totaal mannen en vrouwen;20 tot 25 jaar;Overige niet-westerse migratieachterg...;2008;56779;40899;15880
2434;Totaal mannen en vrouwen;20 tot 25 jaar;Overige niet-westerse migratieachterg...;2009;57902;40981;16921
2435;Totaal mannen en vrouwen;20 tot 25 jaar;Overige niet-westerse migratieachterg...;2010;59196;41131;18065
2436;Totaal mannen en vrouwen;20 tot 25 jaar;Overige niet-westerse migratieachterg...;2011;60678;41115;19563
2437;Totaal mannen en vrouwen;20 tot 25 jaar;Overige niet-westerse migratieachterg...;2012;62237;41243;20994
2438;Totaal mannen en vrouwen;20 tot 25 jaar;Overige niet-westerse migratieachterg...;2013;63996;41288;22708
2439;Totaal mannen en vrouwen;20 tot 25 jaar;Overige niet-westerse migratieachterg...;2014;65229;40886;24343
2440;Totaal mannen en vrouwen;20 tot 25 jaar;Overige niet-westerse migratieachterg...;2015;67881;41573;26308
2441;Totaal mannen en vrouwen;20 tot 25 jaar;Overige niet-westerse migratieachterg...;2016;72701;44685;28016
2442;Totaal mannen en vrouwen;20 tot 25 jaar;Overige niet-westerse migratieachterg...;2017;79070;49390;29680
2443;Totaal mannen en vrouwen;20 tot 25 jaar;Overige niet-westerse migratieachterg...;2018;82521;50977;31544
2444;Totaal mannen en vrouwen;20 tot 25 jaar;Overige niet-westerse migratieachterg...;2019;86221;52187;34034
2445;Totaal mannen en vrouwen;20 tot 25 jaar;Overige niet-westerse migratieachterg...;2020;90626;54123;36503
2446;Totaal mannen en vrouwen;20 tot 25 jaar;Overige niet-westerse migratieachterg...;2021;91699;52200;39499
2447;Totaal mannen en vrouwen;20 tot 25 jaar;Overige niet-westerse migratieachterg...;2022;97583;55190;42393
2448;Totaal mannen en vrouwen;25 tot 30 jaar;Met migratieachtergrond;1972;115598;58733;56865
2449;Totaal mannen en vrouwen;25 tot 30 jaar;Met migratieachtergrond;1973;121569;60527;61042
2450;Totaal mannen en vrouwen;25 tot 30 jaar;Met migratieachtergrond;1974;130197;66891;63306
2451;Totaal mannen en vrouwen;25 tot 30 jaar;Met migratieachtergrond;1975;139034;74095;64939
2452;Totaal mannen en vrouwen;25 tot 30 jaar;Met migratieachtergrond;1976;152636;85790;66846
2453;Totaal mannen en vrouwen;25 tot 30 jaar;Met migratieachtergrond;1977;153618;88395;65223
2454;Totaal mannen en vrouwen;25 tot 30 jaar;Met migratieachtergrond;1978;152804;88535;64269
2455;Totaal mannen en vrouwen;25 tot 30 jaar;Met migratieachtergrond;1979;153253;89326;63927
2456;Totaal mannen en vrouwen;25 tot 30 jaar;Met migratieachtergrond;1980;155750;91583;64167
2457;Totaal mannen en vrouwen;25 tot 30 jaar;Met migratieachtergrond;1981;159774;95111;64663
2458;Totaal mannen en vrouwen;25 tot 30 jaar;Met migratieachtergrond;1982;162267;97984;64283
2459;Totaal mannen en vrouwen;25 tot 30 jaar;Met migratieachtergrond;1983;162960;98808;64152
2460;Totaal mannen en vrouwen;25 tot 30 jaar;Met migratieachtergrond;1984;164039;98487;65552
2461;Totaal mannen en vrouwen;25 tot 30 jaar;Met migratieachtergrond;1985;166512;99067;67445
2462;Totaal mannen en vrouwen;25 tot 30 jaar;Met migratieachtergrond;1986;172502;103820;68682
2463;Totaal mannen en vrouwen;25 tot 30 jaar;Met migratieachtergrond;1987;177003;106525;70478
2464;Totaal mannen en vrouwen;25 tot 30 jaar;Met migratieachtergrond;1988;186951;114479;72472
2465;Totaal mannen en vrouwen;25 tot 30 jaar;Met migratieachtergrond;1989;194364;119982;74382
2466;Totaal mannen en vrouwen;25 tot 30 jaar;Met migratieachtergrond;1990;200943;124598;76345
2467;Totaal mannen en vrouwen;25 tot 30 jaar;Met migratieachtergrond;1991;211691;132864;78827
2468;Totaal mannen en vrouwen;25 tot 30 jaar;Met migratieachtergrond;1992;222334;142039;80295
2469;Totaal mannen en vrouwen;25 tot 30 jaar;Met migratieachtergrond;1993;229125;147641;81484
2470;Totaal mannen en vrouwen;25 tot 30 jaar;Met migratieachtergrond;1994;236557;154132;82425
2471;Totaal mannen en vrouwen;25 tot 30 jaar;Met migratieachtergrond;1995;239190;155472;83718
2472;Totaal mannen en vrouwen;25 tot 30 jaar;Met migratieachtergrond;1996;241407;156908;84499
2473;Totaal mannen en vrouwen;25 tot 30 jaar;Met migratieachtergrond;1997;244627;159621;85006
2474;Totaal mannen en vrouwen;25 tot 30 jaar;Met migratieachtergrond;1998;249854;164677;85177
2475;Totaal mannen en vrouwen;25 tot 30 jaar;Met migratieachtergrond;1999;251008;167012;83996
2476;Totaal mannen en vrouwen;25 tot 30 jaar;Met migratieachtergrond;2000;249125;167131;81994
2477;Totaal mannen en vrouwen;25 tot 30 jaar;Met migratieachtergrond;2001;248584;167274;81310
2478;Totaal mannen en vrouwen;25 tot 30 jaar;Met migratieachtergrond;2002;250167;168258;81909
2479;Totaal mannen en vrouwen;25 tot 30 jaar;Met migratieachtergrond;2003;250690;167047;83643
2480;Totaal mannen en vrouwen;25 tot 30 jaar;Met migratieachtergrond;2004;252112;163962;88150
2481;Totaal mannen en vrouwen;25 tot 30 jaar;Met migratieachtergrond;2005;252301;158745;93556
2482;Totaal mannen en vrouwen;25 tot 30 jaar;Met migratieachtergrond;2006;255545;154929;100616
2483;Totaal mannen en vrouwen;25 tot 30 jaar;Met migratieachtergrond;2007;259870;152321;107549
2484;Totaal mannen en vrouwen;25 tot 30 jaar;Met migratieachtergrond;2008;266984;154015;112969
2485;Totaal mannen en vrouwen;25 tot 30 jaar;Met migratieachtergrond;2009;278002;160616;117386
2486;Totaal mannen en vrouwen;25 tot 30 jaar;Met migratieachtergrond;2010;287720;166372;121348
2487;Totaal mannen en vrouwen;25 tot 30 jaar;Met migratieachtergrond;2011;293429;170354;123075
2488;Totaal mannen en vrouwen;25 tot 30 jaar;Met migratieachtergrond;2012;298905;174289;124616
2489;Totaal mannen en vrouwen;25 tot 30 jaar;Met migratieachtergrond;2013;300354;172868;127486
2490;Totaal mannen en vrouwen;25 tot 30 jaar;Met migratieachtergrond;2014;303636;171890;131746
2491;Totaal mannen en vrouwen;25 tot 30 jaar;Met migratieachtergrond;2015;309629;173392;136237
2492;Totaal mannen en vrouwen;25 tot 30 jaar;Met migratieachtergrond;2016;318998;176694;142304
2493;Totaal mannen en vrouwen;25 tot 30 jaar;Met migratieachtergrond;2017;331711;183972;147739
2494;Totaal mannen en vrouwen;25 tot 30 jaar;Met migratieachtergrond;2018;344509;191398;153111
2495;Totaal mannen en vrouwen;25 tot 30 jaar;Met migratieachtergrond;2019;355599;198422;157177
2496;Totaal mannen en vrouwen;25 tot 30 jaar;Met migratieachtergrond;2020;369193;207799;161394
2497;Totaal mannen en vrouwen;25 tot 30 jaar;Met migratieachtergrond;2021;369193;205512;163681
2498;Totaal mannen en vrouwen;25 tot 30 jaar;Met migratieachtergrond;2022;379120;213512;165608
2499;Totaal mannen en vrouwen;25 tot 30 jaar;Westerse migratieachtergrond;1972;91104;35246;55858
2500;Totaal mannen en vrouwen;25 tot 30 jaar;Westerse migratieachtergrond;1973;95673;35815;59858
2501;Totaal mannen en vrouwen;25 tot 30 jaar;Westerse migratieachtergrond;1974;101823;39846;61977
2502;Totaal mannen en vrouwen;25 tot 30 jaar;Westerse migratieachtergrond;1975;107119;43590;63529
2503;Totaal mannen en vrouwen;25 tot 30 jaar;Westerse migratieachtergrond;1976;112366;47094;65272
2504;Totaal mannen en vrouwen;25 tot 30 jaar;Westerse migratieachtergrond;1977;110232;46620;63612
2505;Totaal mannen en vrouwen;25 tot 30 jaar;Westerse migratieachtergrond;1978;106387;43763;62624
2506;Totaal mannen en vrouwen;25 tot 30 jaar;Westerse migratieachtergrond;1979;103722;41489;62233
2507;Totaal mannen en vrouwen;25 tot 30 jaar;Westerse migratieachtergrond;1980;100287;37903;62384
2508;Totaal mannen en vrouwen;25 tot 30 jaar;Westerse migratieachtergrond;1981;97819;35024;62795
2509;Totaal mannen en vrouwen;25 tot 30 jaar;Westerse migratieachtergrond;1982;97211;34914;62297
2510;Totaal mannen en vrouwen;25 tot 30 jaar;Westerse migratieachtergrond;1983;95631;33676;61955
2511;Totaal mannen en vrouwen;25 tot 30 jaar;Westerse migratieachtergrond;1984;94903;31747;63156
2512;Totaal mannen en vrouwen;25 tot 30 jaar;Westerse migratieachtergrond;1985;95175;30400;64775
2513;Totaal mannen en vrouwen;25 tot 30 jaar;Westerse migratieachtergrond;1986;97982;32238;65744
2514;Totaal mannen en vrouwen;25 tot 30 jaar;Westerse migratieachtergrond;1987;98206;30982;67224
2515;Totaal mannen en vrouwen;25 tot 30 jaar;Westerse migratieachtergrond;1988;100374;31521;68853
2516;Totaal mannen en vrouwen;25 tot 30 jaar;Westerse migratieachtergrond;1989;103067;32831;70236
2517;Totaal mannen en vrouwen;25 tot 30 jaar;Westerse migratieachtergrond;1990;104474;32939;71535
2518;Totaal mannen en vrouwen;25 tot 30 jaar;Westerse migratieachtergrond;1991;107780;34585;73195
2519;Totaal mannen en vrouwen;25 tot 30 jaar;Westerse migratieachtergrond;1992;110057;36386;73671
2520;Totaal mannen en vrouwen;25 tot 30 jaar;Westerse migratieachtergrond;1993;112835;39159;73676
2521;Totaal mannen en vrouwen;25 tot 30 jaar;Westerse migratieachtergrond;1994;114182;40887;73295
2522;Totaal mannen en vrouwen;25 tot 30 jaar;Westerse migratieachtergrond;1995;115151;41007;74144
2523;Totaal mannen en vrouwen;25 tot 30 jaar;Westerse migratieachtergrond;1996;113949;40663;73286
2524;Totaal mannen en vrouwen;25 tot 30 jaar;Westerse migratieachtergrond;1997;112679;40843;71836
2525;Totaal mannen en vrouwen;25 tot 30 jaar;Westerse migratieachtergrond;1998;110999;41207;69792
2526;Totaal mannen en vrouwen;25 tot 30 jaar;Westerse migratieachtergrond;1999;108040;41609;66431
2527;Totaal mannen en vrouwen;25 tot 30 jaar;Westerse migratieachtergrond;2000;104769;42873;61896
2528;Totaal mannen en vrouwen;25 tot 30 jaar;Westerse migratieachtergrond;2001;103175;45173;58002
2529;Totaal mannen en vrouwen;25 tot 30 jaar;Westerse migratieachtergrond;2002;102482;47643;54839
2530;Totaal mannen en vrouwen;25 tot 30 jaar;Westerse migratieachtergrond;2003;100747;48552;52195
2531;Totaal mannen en vrouwen;25 tot 30 jaar;Westerse migratieachtergrond;2004;99540;48223;51317
2532;Totaal mannen en vrouwen;25 tot 30 jaar;Westerse migratieachtergrond;2005;98547;47798;50749
2533;Totaal mannen en vrouwen;25 tot 30 jaar;Westerse migratieachtergrond;2006;99119;48208;50911
2534;Totaal mannen en vrouwen;25 tot 30 jaar;Westerse migratieachtergrond;2007;99145;48329;50816
2535;Totaal mannen en vrouwen;25 tot 30 jaar;Westerse migratieachtergrond;2008;102134;51657;50477
2536;Totaal mannen en vrouwen;25 tot 30 jaar;Westerse migratieachtergrond;2009;106288;56655;49633
2537;Totaal mannen en vrouwen;25 tot 30 jaar;Westerse migratieachtergrond;2010;108738;59749;48989
2538;Totaal mannen en vrouwen;25 tot 30 jaar;Westerse migratieachtergrond;2011;111316;63495;47821
2539;Totaal mannen en vrouwen;25 tot 30 jaar;Westerse migratieachtergrond;2012;115471;68458;47013
2540;Totaal mannen en vrouwen;25 tot 30 jaar;Westerse migratieachtergrond;2013;118111;71404;46707
2541;Totaal mannen en vrouwen;25 tot 30 jaar;Westerse migratieachtergrond;2014;120989;74339;46650
2542;Totaal mannen en vrouwen;25 tot 30 jaar;Westerse migratieachtergrond;2015;125053;78757;46296
2543;Totaal mannen en vrouwen;25 tot 30 jaar;Westerse migratieachtergrond;2016;128898;82549;46349
2544;Totaal mannen en vrouwen;25 tot 30 jaar;Westerse migratieachtergrond;2017;132910;86690;46220
2545;Totaal mannen en vrouwen;25 tot 30 jaar;Westerse migratieachtergrond;2018;138260;92077;46183
2546;Totaal mannen en vrouwen;25 tot 30 jaar;Westerse migratieachtergrond;2019;143169;97115;46054
2547;Totaal mannen en vrouwen;25 tot 30 jaar;Westerse migratieachtergrond;2020;149349;103018;46331
2548;Totaal mannen en vrouwen;25 tot 30 jaar;Westerse migratieachtergrond;2021;149799;103358;46441
2549;Totaal mannen en vrouwen;25 tot 30 jaar;Westerse migratieachtergrond;2022;153654;107405;46249
2550;Totaal mannen en vrouwen;25 tot 30 jaar;Niet-westerse migratieachtergrond;1972;24494;23487;1007
2551;Totaal mannen en vrouwen;25 tot 30 jaar;Niet-westerse migratieachtergrond;1973;25896;24712;1184
2552;Totaal mannen en vrouwen;25 tot 30 jaar;Niet-westerse migratieachtergrond;1974;28374;27045;1329
2553;Totaal mannen en vrouwen;25 tot 30 jaar;Niet-westerse migratieachtergrond;1975;31915;30505;1410
2554;Totaal mannen en vrouwen;25 tot 30 jaar;Niet-westerse migratieachtergrond;1976;40270;38696;1574
2555;Totaal mannen en vrouwen;25 tot 30 jaar;Niet-westerse migratieachtergrond;1977;43386;41775;1611
2556;Totaal mannen en vrouwen;25 tot 30 jaar;Niet-westerse migratieachtergrond;1978;46417;44772;1645
2557;Totaal mannen en vrouwen;25 tot 30 jaar;Niet-westerse migratieachtergrond;1979;49531;47837;1694
2558;Totaal mannen en vrouwen;25 tot 30 jaar;Niet-westerse migratieachtergrond;1980;55463;53680;1783
2559;Totaal mannen en vrouwen;25 tot 30 jaar;Niet-westerse migratieachtergrond;1981;61955;60087;1868
2560;Totaal mannen en vrouwen;25 tot 30 jaar;Niet-westerse migratieachtergrond;1982;65056;63070;1986
2561;Totaal mannen en vrouwen;25 tot 30 jaar;Niet-westerse migratieachtergrond;1983;67329;65132;2197
2562;Totaal mannen en vrouwen;25 tot 30 jaar;Niet-westerse migratieachtergrond;1984;69136;66740;2396
2563;Totaal mannen en vrouwen;25 tot 30 jaar;Niet-westerse migratieachtergrond;1985;71337;68667;2670
2564;Totaal mannen en vrouwen;25 tot 30 jaar;Niet-westerse migratieachtergrond;1986;74520;71582;2938
2565;Totaal mannen en vrouwen;25 tot 30 jaar;Niet-westerse migratieachtergrond;1987;78797;75543;3254
2566;Totaal mannen en vrouwen;25 tot 30 jaar;Niet-westerse migratieachtergrond;1988;86577;82958;3619
2567;Totaal mannen en vrouwen;25 tot 30 jaar;Niet-westerse migratieachtergrond;1989;91297;87151;4146
2568;Totaal mannen en vrouwen;25 tot 30 jaar;Niet-westerse migratieachtergrond;1990;96469;91659;4810
2569;Totaal mannen en vrouwen;25 tot 30 jaar;Niet-westerse migratieachtergrond;1991;103911;98279;5632
2570;Totaal mannen en vrouwen;25 tot 30 jaar;Niet-westerse migratieachtergrond;1992;112277;105653;6624
2571;Totaal mannen en vrouwen;25 tot 30 jaar;Niet-westerse migratieachtergrond;1993;116290;108482;7808
2572;Totaal mannen en vrouwen;25 tot 30 jaar;Niet-westerse migratieachtergrond;1994;122375;113245;9130
2573;Totaal mannen en vrouwen;25 tot 30 jaar;Niet-westerse migratieachtergrond;1995;124039;114465;9574
2574;Totaal mannen en vrouwen;25 tot 30 jaar;Niet-westerse migratieachtergrond;1996;127458;116245;11213
2575;Totaal mannen en vrouwen;25 tot 30 jaar;Niet-westerse migratieachtergrond;1997;131948;118778;13170
2576;Totaal mannen en vrouwen;25 tot 30 jaar;Niet-westerse migratieachtergrond;1998;138855;123470;15385
2577;Totaal mannen en vrouwen;25 tot 30 jaar;Niet-westerse migratieachtergrond;1999;142968;125403;17565
2578;Totaal mannen en vrouwen;25 tot 30 jaar;Niet-westerse migratieachtergrond;2000;144356;124258;20098
2579;Totaal mannen en vrouwen;25 tot 30 jaar;Niet-westerse migratieachtergrond;2001;145409;122101;23308
2580;Totaal mannen en vrouwen;25 tot 30 jaar;Niet-westerse migratieachtergrond;2002;147685;120615;27070
2581;Totaal mannen en vrouwen;25 tot 30 jaar;Niet-westerse migratieachtergrond;2003;149943;118495;31448
2582;Totaal mannen en vrouwen;25 tot 30 jaar;Niet-westerse migratieachtergrond;2004;152572;115739;36833
2583;Totaal mannen en vrouwen;25 tot 30 jaar;Niet-westerse migratieachtergrond;2005;153754;110947;42807
2584;Totaal mannen en vrouwen;25 tot 30 jaar;Niet-westerse migratieachtergrond;2006;156426;106721;49705
2585;Totaal mannen en vrouwen;25 tot 30 jaar;Niet-westerse migratieachtergrond;2007;160725;103992;56733
2586;Totaal mannen en vrouwen;25 tot 30 jaar;Niet-westerse migratieachtergrond;2008;164850;102358;62492
2587;Totaal mannen en vrouwen;25 tot 30 jaar;Niet-westerse migratieachtergrond;2009;171714;103961;67753
2588;Totaal mannen en vrouwen;25 tot 30 jaar;Niet-westerse migratieachtergrond;2010;178982;106623;72359
2589;Totaal mannen en vrouwen;25 tot 30 jaar;Niet-westerse migratieachtergrond;2011;182113;106859;75254
2590;Totaal mannen en vrouwen;25 tot 30 jaar;Niet-westerse migratieachtergrond;2012;183434;105831;77603
2591;Totaal mannen en vrouwen;25 tot 30 jaar;Niet-westerse migratieachtergrond;2013;182243;101464;80779
2592;Totaal mannen en vrouwen;25 tot 30 jaar;Niet-westerse migratieachtergrond;2014;182647;97551;85096
2593;Totaal mannen en vrouwen;25 tot 30 jaar;Niet-westerse migratieachtergrond;2015;184576;94635;89941
2594;Totaal mannen en vrouwen;25 tot 30 jaar;Niet-westerse migratieachtergrond;2016;190100;94145;95955
2595;Totaal mannen en vrouwen;25 tot 30 jaar;Niet-westerse migratieachtergrond;2017;198801;97282;101519
2596;Totaal mannen en vrouwen;25 tot 30 jaar;Niet-westerse migratieachtergrond;2018;206249;99321;106928
2597;Totaal mannen en vrouwen;25 tot 30 jaar;Niet-westerse migratieachtergrond;2019;212430;101307;111123
2598;Totaal mannen en vrouwen;25 tot 30 jaar;Niet-westerse migratieachtergrond;2020;219844;104781;115063
2599;Totaal mannen en vrouwen;25 tot 30 jaar;Niet-westerse migratieachtergrond;2021;219394;102154;117240
2600;Totaal mannen en vrouwen;25 tot 30 jaar;Niet-westerse migratieachtergrond;2022;225466;106107;119359
2601;Totaal mannen en vrouwen;25 tot 30 jaar;Marokko;1972;5721;5720;1
2602;Totaal mannen en vrouwen;25 tot 30 jaar;Marokko;1973;5220;5219;1
2603;Totaal mannen en vrouwen;25 tot 30 jaar;Marokko;1974;4611;4610;1
2604;Totaal mannen en vrouwen;25 tot 30 jaar;Marokko;1975;4259;4257;2
2605;Totaal mannen en vrouwen;25 tot 30 jaar;Marokko;1976;4986;4983;3
2606;Totaal mannen en vrouwen;25 tot 30 jaar;Marokko;1977;4865;4861;4
2607;Totaal mannen en vrouwen;25 tot 30 jaar;Marokko;1978;4974;4967;7
2608;Totaal mannen en vrouwen;25 tot 30 jaar;Marokko;1979;5200;5191;9
2609;Totaal mannen en vrouwen;25 tot 30 jaar;Marokko;1980;5656;5644;12
2610;Totaal mannen en vrouwen;25 tot 30 jaar;Marokko;1981;6416;6403;13
2611;Totaal mannen en vrouwen;25 tot 30 jaar;Marokko;1982;6794;6779;15
2612;Totaal mannen en vrouwen;25 tot 30 jaar;Marokko;1983;7275;7258;17
2613;Totaal mannen en vrouwen;25 tot 30 jaar;Marokko;1984;7719;7697;22
2614;Totaal mannen en vrouwen;25 tot 30 jaar;Marokko;1985;8221;8195;26
2615;Totaal mannen en vrouwen;25 tot 30 jaar;Marokko;1986;8862;8831;31
2616;Totaal mannen en vrouwen;25 tot 30 jaar;Marokko;1987;10001;9961;40
2617;Totaal mannen en vrouwen;25 tot 30 jaar;Marokko;1988;11315;11268;47
2618;Totaal mannen en vrouwen;25 tot 30 jaar;Marokko;1989;12790;12734;56
2619;Totaal mannen en vrouwen;25 tot 30 jaar;Marokko;1990;14418;14343;75
2620;Totaal mannen en vrouwen;25 tot 30 jaar;Marokko;1991;15951;15845;106
2621;Totaal mannen en vrouwen;25 tot 30 jaar;Marokko;1992;17958;17793;165
2622;Totaal mannen en vrouwen;25 tot 30 jaar;Marokko;1993;19011;18765;246
2623;Totaal mannen en vrouwen;25 tot 30 jaar;Marokko;1994;20113;19751;362
2624;Totaal mannen en vrouwen;25 tot 30 jaar;Marokko;1995;20997;20597;400
2625;Totaal mannen en vrouwen;25 tot 30 jaar;Marokko;1996;22161;21610;551
2626;Totaal mannen en vrouwen;25 tot 30 jaar;Marokko;1997;23247;22458;789
2627;Totaal mannen en vrouwen;25 tot 30 jaar;Marokko;1998;24777;23616;1161
2628;Totaal mannen en vrouwen;25 tot 30 jaar;Marokko;1999;25992;24333;1659
2629;Totaal mannen en vrouwen;25 tot 30 jaar;Marokko;2000;26868;24577;2291
2630;Totaal mannen en vrouwen;25 tot 30 jaar;Marokko;2001;27445;24273;3172
2631;Totaal mannen en vrouwen;25 tot 30 jaar;Marokko;2002;28176;24029;4147
2632;Totaal mannen en vrouwen;25 tot 30 jaar;Marokko;2003;29346;24056;5290
2633;Totaal mannen en vrouwen;25 tot 30 jaar;Marokko;2004;30230;23684;6546
2634;Totaal mannen en vrouwen;25 tot 30 jaar;Marokko;2005;30927;22923;8004
2635;Totaal mannen en vrouwen;25 tot 30 jaar;Marokko;2006;31145;21664;9481
2636;Totaal mannen en vrouwen;25 tot 30 jaar;Marokko;2007;31387;20236;11151
2637;Totaal mannen en vrouwen;25 tot 30 jaar;Marokko;2008;30966;18268;12698
2638;Totaal mannen en vrouwen;25 tot 30 jaar;Marokko;2009;30808;16745;14063
2639;Totaal mannen en vrouwen;25 tot 30 jaar;Marokko;2010;30558;15318;15240
2640;Totaal mannen en vrouwen;25 tot 30 jaar;Marokko;2011;30414;14138;16276
2641;Totaal mannen en vrouwen;25 tot 30 jaar;Marokko;2012;30011;12858;17153
2642;Totaal mannen en vrouwen;25 tot 30 jaar;Marokko;2013;29695;11660;18035
2643;Totaal mannen en vrouwen;25 tot 30 jaar;Marokko;2014;29825;10555;19270
2644;Totaal mannen en vrouwen;25 tot 30 jaar;Marokko;2015;30053;9300;20753
2645;Totaal mannen en vrouwen;25 tot 30 jaar;Marokko;2016;30315;8045;22270
2646;Totaal mannen en vrouwen;25 tot 30 jaar;Marokko;2017;30789;7168;23621
2647;Totaal mannen en vrouwen;25 tot 30 jaar;Marokko;2018;31412;6328;25084
2648;Totaal mannen en vrouwen;25 tot 30 jaar;Marokko;2019;31778;5648;26130
2649;Totaal mannen en vrouwen;25 tot 30 jaar;Marokko;2020;32172;5280;26892
2650;Totaal mannen en vrouwen;25 tot 30 jaar;Marokko;2021;32184;4949;27235
2651;Totaal mannen en vrouwen;25 tot 30 jaar;Marokko;2022;32635;4811;27824
2652;Totaal mannen en vrouwen;25 tot 30 jaar;(voormalige) Nederlandse Antillen, Aruba;1972;3000;2941;59
2653;Totaal mannen en vrouwen;25 tot 30 jaar;(voormalige) Nederlandse Antillen, Aruba;1973;3188;3119;69
2654;Totaal mannen en vrouwen;25 tot 30 jaar;(voormalige) Nederlandse Antillen, Aruba;1974;3541;3460;81
2655;Totaal mannen en vrouwen;25 tot 30 jaar;(voormalige) Nederlandse Antillen, Aruba;1975;3874;3779;95
2656;Totaal mannen en vrouwen;25 tot 30 jaar;(voormalige) Nederlandse Antillen, Aruba;1976;4253;4133;120
2657;Totaal mannen en vrouwen;25 tot 30 jaar;(voormalige) Nederlandse Antillen, Aruba;1977;4607;4468;139
2658;Totaal mannen en vrouwen;25 tot 30 jaar;(voormalige) Nederlandse Antillen, Aruba;1978;4872;4718;154
2659;Totaal mannen en vrouwen;25 tot 30 jaar;(voormalige) Nederlandse Antillen, Aruba;1979;5234;5064;170
2660;Totaal mannen en vrouwen;25 tot 30 jaar;(voormalige) Nederlandse Antillen, Aruba;1980;5696;5513;183
2661;Totaal mannen en vrouwen;25 tot 30 jaar;(voormalige) Nederlandse Antillen, Aruba;1981;6373;6169;204
2662;Totaal mannen en vrouwen;25 tot 30 jaar;(voormalige) Nederlandse Antillen, Aruba;1982;6813;6571;242
2663;Totaal mannen en vrouwen;25 tot 30 jaar;(voormalige) Nederlandse Antillen, Aruba;1983;7067;6764;303
2664;Totaal mannen en vrouwen;25 tot 30 jaar;(voormalige) Nederlandse Antillen, Aruba;1984;7115;6752;363
2665;Totaal mannen en vrouwen;25 tot 30 jaar;(voormalige) Nederlandse Antillen, Aruba;1985;7173;6744;429
2666;Totaal mannen en vrouwen;25 tot 30 jaar;(voormalige) Nederlandse Antillen, Aruba;1986;7444;6944;500
2667;Totaal mannen en vrouwen;25 tot 30 jaar;(voormalige) Nederlandse Antillen, Aruba;1987;7762;7198;564
2668;Totaal mannen en vrouwen;25 tot 30 jaar;(voormalige) Nederlandse Antillen, Aruba;1988;8374;7704;670
2669;Totaal mannen en vrouwen;25 tot 30 jaar;(voormalige) Nederlandse Antillen, Aruba;1989;8976;8179;797
2670;Totaal mannen en vrouwen;25 tot 30 jaar;(voormalige) Nederlandse Antillen, Aruba;1990;9493;8573;920
2671;Totaal mannen en vrouwen;25 tot 30 jaar;(voormalige) Nederlandse Antillen, Aruba;1991;9872;8790;1082
2672;Totaal mannen en vrouwen;25 tot 30 jaar;(voormalige) Nederlandse Antillen, Aruba;1992;10094;8761;1333
2673;Totaal mannen en vrouwen;25 tot 30 jaar;(voormalige) Nederlandse Antillen, Aruba;1993;10187;8572;1615
2674;Totaal mannen en vrouwen;25 tot 30 jaar;(voormalige) Nederlandse Antillen, Aruba;1994;9970;8033;1937
2675;Totaal mannen en vrouwen;25 tot 30 jaar;(voormalige) Nederlandse Antillen, Aruba;1995;9489;7341;2148
2676;Totaal mannen en vrouwen;25 tot 30 jaar;(voormalige) Nederlandse Antillen, Aruba;1996;9507;7013;2494
2677;Totaal mannen en vrouwen;25 tot 30 jaar;(voormalige) Nederlandse Antillen, Aruba;1997;9920;7202;2718
2678;Totaal mannen en vrouwen;25 tot 30 jaar;(voormalige) Nederlandse Antillen, Aruba;1998;10321;7415;2906
2679;Totaal mannen en vrouwen;25 tot 30 jaar;(voormalige) Nederlandse Antillen, Aruba;1999;10853;7884;2969
2680;Totaal mannen en vrouwen;25 tot 30 jaar;(voormalige) Nederlandse Antillen, Aruba;2000;11432;8434;2998
2681;Totaal mannen en vrouwen;25 tot 30 jaar;(voormalige) Nederlandse Antillen, Aruba;2001;12057;9117;2940
2682;Totaal mannen en vrouwen;25 tot 30 jaar;(voormalige) Nederlandse Antillen, Aruba;2002;12495;9520;2975
2683;Totaal mannen en vrouwen;25 tot 30 jaar;(voormalige) Nederlandse Antillen, Aruba;2003;12650;9587;3063
2684;Totaal mannen en vrouwen;25 tot 30 jaar;(voormalige) Nederlandse Antillen, Aruba;2004;12687;9386;3301
2685;Totaal mannen en vrouwen;25 tot 30 jaar;(voormalige) Nederlandse Antillen, Aruba;2005;12649;9146;3503
2686;Totaal mannen en vrouwen;25 tot 30 jaar;(voormalige) Nederlandse Antillen, Aruba;2006;12818;8984;3834
2687;Totaal mannen en vrouwen;25 tot 30 jaar;(voormalige) Nederlandse Antillen, Aruba;2007;13062;8919;4143
2688;Totaal mannen en vrouwen;25 tot 30 jaar;(voormalige) Nederlandse Antillen, Aruba;2008;13393;8917;4476
2689;Totaal mannen en vrouwen;25 tot 30 jaar;(voormalige) Nederlandse Antillen, Aruba;2009;13844;9137;4707
2690;Totaal mannen en vrouwen;25 tot 30 jaar;(voormalige) Nederlandse Antillen, Aruba;2010;14408;9415;4993
2691;Totaal mannen en vrouwen;25 tot 30 jaar;(voormalige) Nederlandse Antillen, Aruba;2011;14711;9569;5142
2692;Totaal mannen en vrouwen;25 tot 30 jaar;(voormalige) Nederlandse Antillen, Aruba;2012;14973;9629;5344
2693;Totaal mannen en vrouwen;25 tot 30 jaar;(voormalige) Nederlandse Antillen, Aruba;2013;14930;9375;5555
2694;Totaal mannen en vrouwen;25 tot 30 jaar;(voormalige) Nederlandse Antillen, Aruba;2014;14823;8983;5840
2695;Totaal mannen en vrouwen;25 tot 30 jaar;(voormalige) Nederlandse Antillen, Aruba;2015;15000;8789;6211
2696;Totaal mannen en vrouwen;25 tot 30 jaar;(voormalige) Nederlandse Antillen, Aruba;2016;15260;8523;6737
2697;Totaal mannen en vrouwen;25 tot 30 jaar;(voormalige) Nederlandse Antillen, Aruba;2017;15616;8396;7220
2698;Totaal mannen en vrouwen;25 tot 30 jaar;(voormalige) Nederlandse Antillen, Aruba;2018;16215;8561;7654
2699;Totaal mannen en vrouwen;25 tot 30 jaar;(voormalige) Nederlandse Antillen, Aruba;2019;16733;8801;7932
2700;Totaal mannen en vrouwen;25 tot 30 jaar;(voormalige) Nederlandse Antillen, Aruba;2020;17387;9144;8243
2701;Totaal mannen en vrouwen;25 tot 30 jaar;(voormalige) Nederlandse Antillen, Aruba;2021;17809;9529;8280
2702;Totaal mannen en vrouwen;25 tot 30 jaar;(voormalige) Nederlandse Antillen, Aruba;2022;18101;9946;8155
2703;Totaal mannen en vrouwen;25 tot 30 jaar;Suriname;1972;6311;5886;425
2704;Totaal mannen en vrouwen;25 tot 30 jaar;Suriname;1973;7021;6546;475
2705;Totaal mannen en vrouwen;25 tot 30 jaar;Suriname;1974;8176;7648;528
2706;Totaal mannen en vrouwen;25 tot 30 jaar;Suriname;1975;9861;9302;559
2707;Totaal mannen en vrouwen;25 tot 30 jaar;Suriname;1976;13034;12406;628
2708;Totaal mannen en vrouwen;25 tot 30 jaar;Suriname;1977;13777;13122;655
2709;Totaal mannen en vrouwen;25 tot 30 jaar;Suriname;1978;14494;13824;670
2710;Totaal mannen en vrouwen;25 tot 30 jaar;Suriname;1979;15450;14743;707
2711;Totaal mannen en vrouwen;25 tot 30 jaar;Suriname;1980;18125;17362;763
2712;Totaal mannen en vrouwen;25 tot 30 jaar;Suriname;1981;20571;19755;816
2713;Totaal mannen en vrouwen;25 tot 30 jaar;Suriname;1982;21653;20787;866
2714;Totaal mannen en vrouwen;25 tot 30 jaar;Suriname;1983;22562;21568;994
2715;Totaal mannen en vrouwen;25 tot 30 jaar;Suriname;1984;23486;22392;1094
2716;Totaal mannen en vrouwen;25 tot 30 jaar;Suriname;1985;24142;22909;1233
2717;Totaal mannen en vrouwen;25 tot 30 jaar;Suriname;1986;24493;23138;1355
2718;Totaal mannen en vrouwen;25 tot 30 jaar;Suriname;1987;24606;23073;1533
2719;Totaal mannen en vrouwen;25 tot 30 jaar;Suriname;1988;25232;23499;1733
2720;Totaal mannen en vrouwen;25 tot 30 jaar;Suriname;1989;25512;23492;2020
2721;Totaal mannen en vrouwen;25 tot 30 jaar;Suriname;1990;26051;23642;2409
2722;Totaal mannen en vrouwen;25 tot 30 jaar;Suriname;1991;27188;24357;2831
2723;Totaal mannen en vrouwen;25 tot 30 jaar;Suriname;1992;27843;24580;3263
2724;Totaal mannen en vrouwen;25 tot 30 jaar;Suriname;1993;28475;24786;3689
2725;Totaal mannen en vrouwen;25 tot 30 jaar;Suriname;1994;29206;25084;4122
2726;Totaal mannen en vrouwen;25 tot 30 jaar;Suriname;1995;28941;24748;4193
2727;Totaal mannen en vrouwen;25 tot 30 jaar;Suriname;1996;29094;24390;4704
2728;Totaal mannen en vrouwen;25 tot 30 jaar;Suriname;1997;29453;24172;5281
2729;Totaal mannen en vrouwen;25 tot 30 jaar;Suriname;1998;29699;23954;5745
2730;Totaal mannen en vrouwen;25 tot 30 jaar;Suriname;1999;29488;23425;6063
2731;Totaal mannen en vrouwen;25 tot 30 jaar;Suriname;2000;28352;21898;6454
2732;Totaal mannen en vrouwen;25 tot 30 jaar;Suriname;2001;27278;20105;7173
2733;Totaal mannen en vrouwen;25 tot 30 jaar;Suriname;2002;26157;17960;8197
2734;Totaal mannen en vrouwen;25 tot 30 jaar;Suriname;2003;25323;16065;9258
2735;Totaal mannen en vrouwen;25 tot 30 jaar;Suriname;2004;25071;14541;10530
2736;Totaal mannen en vrouwen;25 tot 30 jaar;Suriname;2005;25128;13214;11914
2737;Totaal mannen en vrouwen;25 tot 30 jaar;Suriname;2006;25493;11821;13672
2738;Totaal mannen en vrouwen;25 tot 30 jaar;Suriname;2007;25844;10702;15142
2739;Totaal mannen en vrouwen;25 tot 30 jaar;Suriname;2008;26439;9744;16695
2740;Totaal mannen en vrouwen;25 tot 30 jaar;Suriname;2009;27322;9063;18259
2741;Totaal mannen en vrouwen;25 tot 30 jaar;Suriname;2010;28419;8625;19794
2742;Totaal mannen en vrouwen;25 tot 30 jaar;Suriname;2011;29286;8599;20687
2743;Totaal mannen en vrouwen;25 tot 30 jaar;Suriname;2012;29992;8549;21443
2744;Totaal mannen en vrouwen;25 tot 30 jaar;Suriname;2013;30068;8117;21951
2745;Totaal mannen en vrouwen;25 tot 30 jaar;Suriname;2014;30012;7506;22506
2746;Totaal mannen en vrouwen;25 tot 30 jaar;Suriname;2015;29635;6990;22645
2747;Totaal mannen en vrouwen;25 tot 30 jaar;Suriname;2016;29420;6398;23022
2748;Totaal mannen en vrouwen;25 tot 30 jaar;Suriname;2017;29002;5887;23115
2749;Totaal mannen en vrouwen;25 tot 30 jaar;Suriname;2018;28716;5483;23233
2750;Totaal mannen en vrouwen;25 tot 30 jaar;Suriname;2019;28358;5117;23241
2751;Totaal mannen en vrouwen;25 tot 30 jaar;Suriname;2020;27912;4568;23344
2752;Totaal mannen en vrouwen;25 tot 30 jaar;Suriname;2021;27317;4217;23100
2753;Totaal mannen en vrouwen;25 tot 30 jaar;Suriname;2022;26710;3943;22767
2754;Totaal mannen en vrouwen;25 tot 30 jaar;Turkije;1972;5164;5152;12
2755;Totaal mannen en vrouwen;25 tot 30 jaar;Turkije;1973;4845;4830;15
2756;Totaal mannen en vrouwen;25 tot 30 jaar;Turkije;1974;4966;4949;17
2757;Totaal mannen en vrouwen;25 tot 30 jaar;Turkije;1975;5400;5382;18
2758;Totaal mannen en vrouwen;25 tot 30 jaar;Turkije;1976;6800;6778;22
2759;Totaal mannen en vrouwen;25 tot 30 jaar;Turkije;1977;7533;7506;27
2760;Totaal mannen en vrouwen;25 tot 30 jaar;Turkije;1978;8452;8426;26
2761;Totaal mannen en vrouwen;25 tot 30 jaar;Turkije;1979;9173;9146;27
2762;Totaal mannen en vrouwen;25 tot 30 jaar;Turkije;1980;10094;10065;29
2763;Totaal mannen en vrouwen;25 tot 30 jaar;Turkije;1981;11401;11368;33
2764;Totaal mannen en vrouwen;25 tot 30 jaar;Turkije;1982;12097;12069;28
2765;Totaal mannen en vrouwen;25 tot 30 jaar;Turkije;1983;12683;12651;32
2766;Totaal mannen en vrouwen;25 tot 30 jaar;Turkije;1984;13260;13222;38
2767;Totaal mannen en vrouwen;25 tot 30 jaar;Turkije;1985;14207;14166;41
2768;Totaal mannen en vrouwen;25 tot 30 jaar;Turkije;1986;15698;15650;48
2769;Totaal mannen en vrouwen;25 tot 30 jaar;Turkije;1987;17912;17855;57
2770;Totaal mannen en vrouwen;25 tot 30 jaar;Turkije;1988;20365;20299;66
2771;Totaal mannen en vrouwen;25 tot 30 jaar;Turkije;1989;22593;22512;81
2772;Totaal mannen en vrouwen;25 tot 30 jaar;Turkije;1990;24874;24762;112
2773;Totaal mannen en vrouwen;25 tot 30 jaar;Turkije;1991;27141;26962;179
2774;Totaal mannen en vrouwen;25 tot 30 jaar;Turkije;1992;30084;29757;327
2775;Totaal mannen en vrouwen;25 tot 30 jaar;Turkije;1993;30228;29693;535
2776;Totaal mannen en vrouwen;25 tot 30 jaar;Turkije;1994;31436;30653;783
2777;Totaal mannen en vrouwen;25 tot 30 jaar;Turkije;1995;31808;30849;959
2778;Totaal mannen en vrouwen;25 tot 30 jaar;Turkije;1996;32197;30814;1383
2779;Totaal mannen en vrouwen;25 tot 30 jaar;Turkije;1997;32917;30944;1973
2780;Totaal mannen en vrouwen;25 tot 30 jaar;Turkije;1998;35174;32351;2823
2781;Totaal mannen en vrouwen;25 tot 30 jaar;Turkije;1999;35984;32164;3820
2782;Totaal mannen en vrouwen;25 tot 30 jaar;Turkije;2000;36280;31365;4915
2783;Totaal mannen en vrouwen;25 tot 30 jaar;Turkije;2001;35578;29448;6130
2784;Totaal mannen en vrouwen;25 tot 30 jaar;Turkije;2002;34612;27297;7315
2785;Totaal mannen en vrouwen;25 tot 30 jaar;Turkije;2003;34655;25924;8731
2786;Totaal mannen en vrouwen;25 tot 30 jaar;Turkije;2004;34899;24525;10374
2787;Totaal mannen en vrouwen;25 tot 30 jaar;Turkije;2005;34660;22490;12170
2788;Totaal mannen en vrouwen;25 tot 30 jaar;Turkije;2006;35355;21066;14289
2789;Totaal mannen en vrouwen;25 tot 30 jaar;Turkije;2007;36423;19885;16538
2790;Totaal mannen en vrouwen;25 tot 30 jaar;Turkije;2008;35956;18180;17776
2791;Totaal mannen en vrouwen;25 tot 30 jaar;Turkije;2009;35747;16895;18852
2792;Totaal mannen en vrouwen;25 tot 30 jaar;Turkije;2010;35590;16099;19491
2793;Totaal mannen en vrouwen;25 tot 30 jaar;Turkije;2011;34715;15273;19442
2794;Totaal mannen en vrouwen;25 tot 30 jaar;Turkije;2012;33588;14391;19197
2795;Totaal mannen en vrouwen;25 tot 30 jaar;Turkije;2013;33334;13472;19862
2796;Totaal mannen en vrouwen;25 tot 30 jaar;Turkije;2014;33570;12487;21083
2797;Totaal mannen en vrouwen;25 tot 30 jaar;Turkije;2015;34023;11137;22886
2798;Totaal mannen en vrouwen;25 tot 30 jaar;Turkije;2016;34851;9814;25037
2799;Totaal mannen en vrouwen;25 tot 30 jaar;Turkije;2017;35852;8613;27239
2800;Totaal mannen en vrouwen;25 tot 30 jaar;Turkije;2018;36845;7883;28962
2801;Totaal mannen en vrouwen;25 tot 30 jaar;Turkije;2019;37573;7427;30146
2802;Totaal mannen en vrouwen;25 tot 30 jaar;Turkije;2020;38360;7445;30915
2803;Totaal mannen en vrouwen;25 tot 30 jaar;Turkije;2021;38348;7238;31110
2804;Totaal mannen en vrouwen;25 tot 30 jaar;Turkije;2022;39218;8028;31190
2805;Totaal mannen en vrouwen;25 tot 30 jaar;Overige niet-westerse migratieachterg...;1972;4298;3788;510
2806;Totaal mannen en vrouwen;25 tot 30 jaar;Overige niet-westerse migratieachterg...;1973;5622;4998;624
2807;Totaal mannen en vrouwen;25 tot 30 jaar;Overige niet-westerse migratieachterg...;1974;7080;6378;702
2808;Totaal mannen en vrouwen;25 tot 30 jaar;Overige niet-westerse migratieachterg...;1975;8521;7785;736
2809;Totaal mannen en vrouwen;25 tot 30 jaar;Overige niet-westerse migratieachterg...;1976;11197;10396;801
2810;Totaal mannen en vrouwen;25 tot 30 jaar;Overige niet-westerse migratieachterg...;1977;12604;11818;786
2811;Totaal mannen en vrouwen;25 tot 30 jaar;Overige niet-westerse migratieachterg...;1978;13625;12837;788
2812;Totaal mannen en vrouwen;25 tot 30 jaar;Overige niet-westerse migratieachterg...;1979;14474;13693;781
2813;Totaal mannen en vrouwen;25 tot 30 jaar;Overige niet-westerse migratieachterg...;1980;15892;15096;796
2814;Totaal mannen en vrouwen;25 tot 30 jaar;Overige niet-westerse migratieachterg...;1981;17194;16392;802
2815;Totaal mannen en vrouwen;25 tot 30 jaar;Overige niet-westerse migratieachterg...;1982;17699;16864;835
2816;Totaal mannen en vrouwen;25 tot 30 jaar;Overige niet-westerse migratieachterg...;1983;17742;16891;851
2817;Totaal mannen en vrouwen;25 tot 30 jaar;Overige niet-westerse migratieachterg...;1984;17556;16677;879
2818;Totaal mannen en vrouwen;25 tot 30 jaar;Overige niet-westerse migratieachterg...;1985;17594;16653;941
2819;Totaal mannen en vrouwen;25 tot 30 jaar;Overige niet-westerse migratieachterg...;1986;18023;17019;1004
2820;Totaal mannen en vrouwen;25 tot 30 jaar;Overige niet-westerse migratieachterg...;1987;18516;17456;1060
2821;Totaal mannen en vrouwen;25 tot 30 jaar;Overige niet-westerse migratieachterg...;1988;21291;20188;1103
2822;Totaal mannen en vrouwen;25 tot 30 jaar;Overige niet-westerse migratieachterg...;1989;21426;20234;1192
2823;Totaal mannen en vrouwen;25 tot 30 jaar;Overige niet-westerse migratieachterg...;1990;21633;20339;1294
2824;Totaal mannen en vrouwen;25 tot 30 jaar;Overige niet-westerse migratieachterg...;1991;23759;22325;1434
2825;Totaal mannen en vrouwen;25 tot 30 jaar;Overige niet-westerse migratieachterg...;1992;26298;24762;1536
2826;Totaal mannen en vrouwen;25 tot 30 jaar;Overige niet-westerse migratieachterg...;1993;28389;26666;1723
2827;Totaal mannen en vrouwen;25 tot 30 jaar;Overige niet-westerse migratieachterg...;1994;31650;29724;1926
2828;Totaal mannen en vrouwen;25 tot 30 jaar;Overige niet-westerse migratieachterg...;1995;32804;30930;1874
2829;Totaal mannen en vrouwen;25 tot 30 jaar;Overige niet-westerse migratieachterg...;1996;34499;32418;2081
2830;Totaal mannen en vrouwen;25 tot 30 jaar;Overige niet-westerse migratieachterg...;1997;36411;34002;2409
2831;Totaal mannen en vrouwen;25 tot 30 jaar;Overige niet-westerse migratieachterg...;1998;38884;36134;2750
2832;Totaal mannen en vrouwen;25 tot 30 jaar;Overige niet-westerse migratieachterg...;1999;40651;37597;3054
2833;Totaal mannen en vrouwen;25 tot 30 jaar;Overige niet-westerse migratieachterg...;2000;41424;37984;3440
2834;Totaal mannen en vrouwen;25 tot 30 jaar;Overige niet-westerse migratieachterg...;2001;43051;39158;3893
2835;Totaal mannen en vrouwen;25 tot 30 jaar;Overige niet-westerse migratieachterg...;2002;46245;41809;4436
2836;Totaal mannen en vrouwen;25 tot 30 jaar;Overige niet-westerse migratieachterg...;2003;47969;42863;5106
2837;Totaal mannen en vrouwen;25 tot 30 jaar;Overige niet-westerse migratieachterg...;2004;49685;43603;6082
2838;Totaal mannen en vrouwen;25 tot 30 jaar;Overige niet-westerse migratieachterg...;2005;50390;43174;7216
2839;Totaal mannen en vrouwen;25 tot 30 jaar;Overige niet-westerse migratieachterg...;2006;51615;43186;8429
2840;Totaal mannen en vrouwen;25 tot 30 jaar;Overige niet-westerse migratieachterg...;2007;54009;44250;9759
2841;Totaal mannen en vrouwen;25 tot 30 jaar;Overige niet-westerse migratieachterg...;2008;58096;47249;10847
2842;Totaal mannen en vrouwen;25 tot 30 jaar;Overige niet-westerse migratieachterg...;2009;63993;52121;11872
2843;Totaal mannen en vrouwen;25 tot 30 jaar;Overige niet-westerse migratieachterg...;2010;70007;57166;12841
2844;Totaal mannen en vrouwen;25 tot 30 jaar;Overige niet-westerse migratieachterg...;2011;72987;59280;13707
2845;Totaal mannen en vrouwen;25 tot 30 jaar;Overige niet-westerse migratieachterg...;2012;74870;60404;14466
2846;Totaal mannen en vrouwen;25 tot 30 jaar;Overige niet-westerse migratieachterg...;2013;74216;58840;15376
2847;Totaal mannen en vrouwen;25 tot 30 jaar;Overige niet-westerse migratieachterg...;2014;74417;58020;16397
2848;Totaal mannen en vrouwen;25 tot 30 jaar;Overige niet-westerse migratieachterg...;2015;75865;58419;17446
2849;Totaal mannen en vrouwen;25 tot 30 jaar;Overige niet-westerse migratieachterg...;2016;80254;61365;18889
2850;Totaal mannen en vrouwen;25 tot 30 jaar;Overige niet-westerse migratieachterg...;2017;87542;67218;20324
2851;Totaal mannen en vrouwen;25 tot 30 jaar;Overige niet-westerse migratieachterg...;2018;93061;71066;21995
2852;Totaal mannen en vrouwen;25 tot 30 jaar;Overige niet-westerse migratieachterg...;2019;97988;74314;23674
2853;Totaal mannen en vrouwen;25 tot 30 jaar;Overige niet-westerse migratieachterg...;2020;104013;78344;25669
2854;Totaal mannen en vrouwen;25 tot 30 jaar;Overige niet-westerse migratieachterg...;2021;103736;76221;27515
2855;Totaal mannen en vrouwen;25 tot 30 jaar;Overige niet-westerse migratieachterg...;2022;108802;79379;29423
2856;Totaal mannen en vrouwen;30 tot 35 jaar;Met migratieachtergrond;1972;122816;72024;50792
2857;Totaal mannen en vrouwen;30 tot 35 jaar;Met migratieachtergrond;1973;125423;74340;51083
2858;Totaal mannen en vrouwen;30 tot 35 jaar;Met migratieachtergrond;1974;124761;73471;51290
2859;Totaal mannen en vrouwen;30 tot 35 jaar;Met migratieachtergrond;1975;125119;73756;51363
2860;Totaal mannen en vrouwen;30 tot 35 jaar;Met migratieachtergrond;1976;125343;74461;50882
2861;Totaal mannen en vrouwen;30 tot 35 jaar;Met migratieachtergrond;1977;130834;74990;55844
2862;Totaal mannen en vrouwen;30 tot 35 jaar;Met migratieachtergrond;1978;138102;78117;59985
2863;Totaal mannen en vrouwen;30 tot 35 jaar;Met migratieachtergrond;1979;148028;85767;62261
2864;Totaal mannen en vrouwen;30 tot 35 jaar;Met migratieachtergrond;1980;158835;94882;63953
2865;Totaal mannen en vrouwen;30 tot 35 jaar;Met migratieachtergrond;1981;169550;103693;65857
2866;Totaal mannen en vrouwen;30 tot 35 jaar;Met migratieachtergrond;1982;170388;106193;64195
2867;Totaal mannen en vrouwen;30 tot 35 jaar;Met migratieachtergrond;1983;168790;105575;63215
2868;Totaal mannen en vrouwen;30 tot 35 jaar;Met migratieachtergrond;1984;167388;104491;62897
2869;Totaal mannen en vrouwen;30 tot 35 jaar;Met migratieachtergrond;1985;167032;103843;63189
2870;Totaal mannen en vrouwen;30 tot 35 jaar;Met migratieachtergrond;1986;167875;104144;63731
2871;Totaal mannen en vrouwen;30 tot 35 jaar;Met migratieachtergrond;1987;171275;107855;63420
2872;Totaal mannen en vrouwen;30 tot 35 jaar;Met migratieachtergrond;1988;176025;112706;63319
2873;Totaal mannen en vrouwen;30 tot 35 jaar;Met migratieachtergrond;1989;180952;116302;64650
2874;Totaal mannen en vrouwen;30 tot 35 jaar;Met migratieachtergrond;1990;186008;119656;66352
2875;Totaal mannen en vrouwen;30 tot 35 jaar;Met migratieachtergrond;1991;196793;129351;67442
2876;Totaal mannen en vrouwen;30 tot 35 jaar;Met migratieachtergrond;1992;205835;136655;69180
2877;Totaal mannen en vrouwen;30 tot 35 jaar;Met migratieachtergrond;1993;216225;145166;71059
2878;Totaal mannen en vrouwen;30 tot 35 jaar;Met migratieachtergrond;1994;226567;153724;72843
2879;Totaal mannen en vrouwen;30 tot 35 jaar;Met migratieachtergrond;1995;235734;160645;75089
2880;Totaal mannen en vrouwen;30 tot 35 jaar;Met migratieachtergrond;1996;241242;163960;77282
2881;Totaal mannen en vrouwen;30 tot 35 jaar;Met migratieachtergrond;1997;247934;169208;78726
2882;Totaal mannen en vrouwen;30 tot 35 jaar;Met migratieachtergrond;1998;252297;172582;79715
2883;Totaal mannen en vrouwen;30 tot 35 jaar;Met migratieachtergrond;1999;260123;179531;80592
2884;Totaal mannen en vrouwen;30 tot 35 jaar;Met migratieachtergrond;2000;265857;183925;81932
2885;Totaal mannen en vrouwen;30 tot 35 jaar;Met migratieachtergrond;2001;274662;191877;82785
2886;Totaal mannen en vrouwen;30 tot 35 jaar;Met migratieachtergrond;2002;282179;198775;83404
2887;Totaal mannen en vrouwen;30 tot 35 jaar;Met migratieachtergrond;2003;287099;203624;83475
2888;Totaal mannen en vrouwen;30 tot 35 jaar;Met migratieachtergrond;2004;284512;202355;82157
2889;Totaal mannen en vrouwen;30 tot 35 jaar;Met migratieachtergrond;2005;278640;198517;80123
2890;Totaal mannen en vrouwen;30 tot 35 jaar;Met migratieachtergrond;2006;269806;190717;79089
2891;Totaal mannen en vrouwen;30 tot 35 jaar;Met migratieachtergrond;2007;261893;182531;79362
2892;Totaal mannen en vrouwen;30 tot 35 jaar;Met migratieachtergrond;2008;259538;178751;80787
2893;Totaal mannen en vrouwen;30 tot 35 jaar;Met migratieachtergrond;2009;265305;180043;85262
2894;Totaal mannen en vrouwen;30 tot 35 jaar;Met migratieachtergrond;2010;271113;180221;90892
2895;Totaal mannen en vrouwen;30 tot 35 jaar;Met migratieachtergrond;2011;279165;181034;98131
2896;Totaal mannen en vrouwen;30 tot 35 jaar;Met migratieachtergrond;2012;288905;183719;105186
2897;Totaal mannen en vrouwen;30 tot 35 jaar;Met migratieachtergrond;2013;295052;184405;110647
2898;Totaal mannen en vrouwen;30 tot 35 jaar;Met migratieachtergrond;2014;300897;185918;114979
2899;Totaal mannen en vrouwen;30 tot 35 jaar;Met migratieachtergrond;2015;310213;191631;118582
2900;Totaal mannen en vrouwen;30 tot 35 jaar;Met migratieachtergrond;2016;318836;198744;120092
2901;Totaal mannen en vrouwen;30 tot 35 jaar;Met migratieachtergrond;2017;329452;207692;121760
2902;Totaal mannen en vrouwen;30 tot 35 jaar;Met migratieachtergrond;2018;339191;214120;125071
2903;Totaal mannen en vrouwen;30 tot 35 jaar;Met migratieachtergrond;2019;352642;223192;129450
2904;Totaal mannen en vrouwen;30 tot 35 jaar;Met migratieachtergrond;2020;369004;234761;134243
2905;Totaal mannen en vrouwen;30 tot 35 jaar;Met migratieachtergrond;2021;380616;239599;141017
2906;Totaal mannen en vrouwen;30 tot 35 jaar;Met migratieachtergrond;2022;395540;248550;146990
2907;Totaal mannen en vrouwen;30 tot 35 jaar;Westerse migratieachtergrond;1972;101934;51859;50075
2908;Totaal mannen en vrouwen;30 tot 35 jaar;Westerse migratieachtergrond;1973;102514;52155;50359
2909;Totaal mannen en vrouwen;30 tot 35 jaar;Westerse migratieachtergrond;1974;98942;48406;50536
2910;Totaal mannen en vrouwen;30 tot 35 jaar;Westerse migratieachtergrond;1975;96399;45839;50560
2911;Totaal mannen en vrouwen;30 tot 35 jaar;Westerse migratieachtergrond;1976;90317;40260;50057
2912;Totaal mannen en vrouwen;30 tot 35 jaar;Westerse migratieachtergrond;1977;92769;37905;54864
2913;Totaal mannen en vrouwen;30 tot 35 jaar;Westerse migratieachtergrond;1978;98042;39209;58833
2914;Totaal mannen en vrouwen;30 tot 35 jaar;Westerse migratieachtergrond;1979;104445;43477;60968
2915;Totaal mannen en vrouwen;30 tot 35 jaar;Westerse migratieachtergrond;1980;109989;47410;62579
2916;Totaal mannen en vrouwen;30 tot 35 jaar;Westerse migratieachtergrond;1981;114807;50484;64323
2917;Totaal mannen en vrouwen;30 tot 35 jaar;Westerse migratieachtergrond;1982;111590;48965;62625
2918;Totaal mannen en vrouwen;30 tot 35 jaar;Westerse migratieachtergrond;1983;106784;45169;61615
2919;Totaal mannen en vrouwen;30 tot 35 jaar;Westerse migratieachtergrond;1984;103137;41891;61246
2920;Totaal mannen en vrouwen;30 tot 35 jaar;Westerse migratieachtergrond;1985;100191;38742;61449
2921;Totaal mannen en vrouwen;30 tot 35 jaar;Westerse migratieachtergrond;1986;99097;37189;61908
2922;Totaal mannen en vrouwen;30 tot 35 jaar;Westerse migratieachtergrond;1987;99924;38444;61480
2923;Totaal mannen en vrouwen;30 tot 35 jaar;Westerse migratieachtergrond;1988;100654;39482;61172
2924;Totaal mannen en vrouwen;30 tot 35 jaar;Westerse migratieachtergrond;1989;101962;39653;62309
2925;Totaal mannen en vrouwen;30 tot 35 jaar;Westerse migratieachtergrond;1990;102748;39004;63744
2926;Totaal mannen en vrouwen;30 tot 35 jaar;Westerse migratieachtergrond;1991;105540;40968;64572
2927;Totaal mannen en vrouwen;30 tot 35 jaar;Westerse migratieachtergrond;1992;107705;41701;66004
2928;Totaal mannen en vrouwen;30 tot 35 jaar;Westerse migratieachtergrond;1993;110357;42829;67528
2929;Totaal mannen en vrouwen;30 tot 35 jaar;Westerse migratieachtergrond;1994;113808;45007;68801
2930;Totaal mannen en vrouwen;30 tot 35 jaar;Westerse migratieachtergrond;1995;116946;46067;70879
2931;Totaal mannen en vrouwen;30 tot 35 jaar;Westerse migratieachtergrond;1996;118796;46435;72361
2932;Totaal mannen en vrouwen;30 tot 35 jaar;Westerse migratieachtergrond;1997;118805;45846;72959
2933;Totaal mannen en vrouwen;30 tot 35 jaar;Westerse migratieachtergrond;1998;120153;47232;72921
2934;Totaal mannen en vrouwen;30 tot 35 jaar;Westerse migratieachtergrond;1999;121029;48381;72648
2935;Totaal mannen en vrouwen;30 tot 35 jaar;Westerse migratieachtergrond;2000;122285;49675;72610
2936;Totaal mannen en vrouwen;30 tot 35 jaar;Westerse migratieachtergrond;2001;123826;52028;71798
2937;Totaal mannen en vrouwen;30 tot 35 jaar;Westerse migratieachtergrond;2002;125207;54726;70481
2938;Totaal mannen en vrouwen;30 tot 35 jaar;Westerse migratieachtergrond;2003;123208;54883;68325
2939;Totaal mannen en vrouwen;30 tot 35 jaar;Westerse migratieachtergrond;2004;119692;54771;64921
2940;Totaal mannen en vrouwen;30 tot 35 jaar;Westerse migratieachtergrond;2005;114717;54300;60417
2941;Totaal mannen en vrouwen;30 tot 35 jaar;Westerse migratieachtergrond;2006;110203;53838;56365
2942;Totaal mannen en vrouwen;30 tot 35 jaar;Westerse migratieachtergrond;2007;106598;53423;53175
2943;Totaal mannen en vrouwen;30 tot 35 jaar;Westerse migratieachtergrond;2008;105962;55434;50528
2944;Totaal mannen en vrouwen;30 tot 35 jaar;Westerse migratieachtergrond;2009;108883;59173;49710
2945;Totaal mannen en vrouwen;30 tot 35 jaar;Westerse migratieachtergrond;2010;110710;61297;49413
2946;Totaal mannen en vrouwen;30 tot 35 jaar;Westerse migratieachtergrond;2011;113603;63898;49705
2947;Totaal mannen en vrouwen;30 tot 35 jaar;Westerse migratieachtergrond;2012;116667;67008;49659
2948;Totaal mannen en vrouwen;30 tot 35 jaar;Westerse migratieachtergrond;2013;118723;69345;49378
2949;Totaal mannen en vrouwen;30 tot 35 jaar;Westerse migratieachtergrond;2014;120533;71941;48592
2950;Totaal mannen en vrouwen;30 tot 35 jaar;Westerse migratieachtergrond;2015;124261;76393;47868
2951;Totaal mannen en vrouwen;30 tot 35 jaar;Westerse migratieachtergrond;2016;127466;80793;46673
2952;Totaal mannen en vrouwen;30 tot 35 jaar;Westerse migratieachtergrond;2017;131716;85745;45971
2953;Totaal mannen en vrouwen;30 tot 35 jaar;Westerse migratieachtergrond;2018;136704;91029;45675
2954;Totaal mannen en vrouwen;30 tot 35 jaar;Westerse migratieachtergrond;2019;142961;97312;45649
2955;Totaal mannen en vrouwen;30 tot 35 jaar;Westerse migratieachtergrond;2020;150409;104964;45445
2956;Totaal mannen en vrouwen;30 tot 35 jaar;Westerse migratieachtergrond;2021;155557;109870;45687
2957;Totaal mannen en vrouwen;30 tot 35 jaar;Westerse migratieachtergrond;2022;160860;115186;45674
2958;Totaal mannen en vrouwen;30 tot 35 jaar;Niet-westerse migratieachtergrond;1972;20882;20165;717
2959;Totaal mannen en vrouwen;30 tot 35 jaar;Niet-westerse migratieachtergrond;1973;22909;22185;724
2960;Totaal mannen en vrouwen;30 tot 35 jaar;Niet-westerse migratieachtergrond;1974;25819;25065;754
2961;Totaal mannen en vrouwen;30 tot 35 jaar;Niet-westerse migratieachtergrond;1975;28720;27917;803
2962;Totaal mannen en vrouwen;30 tot 35 jaar;Niet-westerse migratieachtergrond;1976;35026;34201;825
2963;Totaal mannen en vrouwen;30 tot 35 jaar;Niet-westerse migratieachtergrond;1977;38065;37085;980
2964;Totaal mannen en vrouwen;30 tot 35 jaar;Niet-westerse migratieachtergrond;1978;40060;38908;1152
2965;Totaal mannen en vrouwen;30 tot 35 jaar;Niet-westerse migratieachtergrond;1979;43583;42290;1293
2966;Totaal mannen en vrouwen;30 tot 35 jaar;Niet-westerse migratieachtergrond;1980;48846;47472;1374
2967;Totaal mannen en vrouwen;30 tot 35 jaar;Niet-westerse migratieachtergrond;1981;54743;53209;1534
2968;Totaal mannen en vrouwen;30 tot 35 jaar;Niet-westerse migratieachtergrond;1982;58798;57228;1570
2969;Totaal mannen en vrouwen;30 tot 35 jaar;Niet-westerse migratieachtergrond;1983;62006;60406;1600
2970;Totaal mannen en vrouwen;30 tot 35 jaar;Niet-westerse migratieachtergrond;1984;64251;62600;1651
2971;Totaal mannen en vrouwen;30 tot 35 jaar;Niet-westerse migratieachtergrond;1985;66841;65101;1740
2972;Totaal mannen en vrouwen;30 tot 35 jaar;Niet-westerse migratieachtergrond;1986;68778;66955;1823
2973;Totaal mannen en vrouwen;30 tot 35 jaar;Niet-westerse migratieachtergrond;1987;71351;69411;1940
2974;Totaal mannen en vrouwen;30 tot 35 jaar;Niet-westerse migratieachtergrond;1988;75371;73224;2147
2975;Totaal mannen en vrouwen;30 tot 35 jaar;Niet-westerse migratieachtergrond;1989;78990;76649;2341
2976;Totaal mannen en vrouwen;30 tot 35 jaar;Niet-westerse migratieachtergrond;1990;83260;80652;2608
2977;Totaal mannen en vrouwen;30 tot 35 jaar;Niet-westerse migratieachtergrond;1991;91253;88383;2870
2978;Totaal mannen en vrouwen;30 tot 35 jaar;Niet-westerse migratieachtergrond;1992;98130;94954;3176
2979;Totaal mannen en vrouwen;30 tot 35 jaar;Niet-westerse migratieachtergrond;1993;105868;102337;3531
2980;Totaal mannen en vrouwen;30 tot 35 jaar;Niet-westerse migratieachtergrond;1994;112759;108717;4042
2981;Totaal mannen en vrouwen;30 tot 35 jaar;Niet-westerse migratieachtergrond;1995;118788;114578;4210
2982;Totaal mannen en vrouwen;30 tot 35 jaar;Niet-westerse migratieachtergrond;1996;122446;117525;4921
2983;Totaal mannen en vrouwen;30 tot 35 jaar;Niet-westerse migratieachtergrond;1997;129129;123362;5767
2984;Totaal mannen en vrouwen;30 tot 35 jaar;Niet-westerse migratieachtergrond;1998;132144;125350;6794
2985;Totaal mannen en vrouwen;30 tot 35 jaar;Niet-westerse migratieachtergrond;1999;139094;131150;7944
2986;Totaal mannen en vrouwen;30 tot 35 jaar;Niet-westerse migratieachtergrond;2000;143572;134250;9322
2987;Totaal mannen en vrouwen;30 tot 35 jaar;Niet-westerse migratieachtergrond;2001;150836;139849;10987
2988;Totaal mannen en vrouwen;30 tot 35 jaar;Niet-westerse migratieachtergrond;2002;156972;144049;12923
2989;Totaal mannen en vrouwen;30 tot 35 jaar;Niet-westerse migratieachtergrond;2003;163891;148741;15150
2990;Totaal mannen en vrouwen;30 tot 35 jaar;Niet-westerse migratieachtergrond;2004;164820;147584;17236
2991;Totaal mannen en vrouwen;30 tot 35 jaar;Niet-westerse migratieachtergrond;2005;163923;144217;19706
2992;Totaal mannen en vrouwen;30 tot 35 jaar;Niet-westerse migratieachtergrond;2006;159603;136879;22724
2993;Totaal mannen en vrouwen;30 tot 35 jaar;Niet-westerse migratieachtergrond;2007;155295;129108;26187
2994;Totaal mannen en vrouwen;30 tot 35 jaar;Niet-westerse migratieachtergrond;2008;153576;123317;30259
2995;Totaal mannen en vrouwen;30 tot 35 jaar;Niet-westerse migratieachtergrond;2009;156422;120870;35552
2996;Totaal mannen en vrouwen;30 tot 35 jaar;Niet-westerse migratieachtergrond;2010;160403;118924;41479
2997;Totaal mannen en vrouwen;30 tot 35 jaar;Niet-westerse migratieachtergrond;2011;165562;117136;48426
2998;Totaal mannen en vrouwen;30 tot 35 jaar;Niet-westerse migratieachtergrond;2012;172238;116711;55527
2999;Totaal mannen en vrouwen;30 tot 35 jaar;Niet-westerse migratieachtergrond;2013;176329;115060;61269
3000;Totaal mannen en vrouwen;30 tot 35 jaar;Niet-westerse migratieachtergrond;2014;180364;113977;66387
3001;Totaal mannen en vrouwen;30 tot 35 jaar;Niet-westerse migratieachtergrond;2015;185952;115238;70714
3002;Totaal mannen en vrouwen;30 tot 35 jaar;Niet-westerse migratieachtergrond;2016;191370;117951;73419
3003;Totaal mannen en vrouwen;30 tot 35 jaar;Niet-westerse migratieachtergrond;2017;197736;121947;75789
3004;Totaal mannen en vrouwen;30 tot 35 jaar;Niet-westerse migratieachtergrond;2018;202487;123091;79396
3005;Totaal mannen en vrouwen;30 tot 35 jaar;Niet-westerse migratieachtergrond;2019;209681;125880;83801
3006;Totaal mannen en vrouwen;30 tot 35 jaar;Niet-westerse migratieachtergrond;2020;218595;129797;88798
3007;Totaal mannen en vrouwen;30 tot 35 jaar;Niet-westerse migratieachtergrond;2021;225059;129729;95330
3008;Totaal mannen en vrouwen;30 tot 35 jaar;Niet-westerse migratieachtergrond;2022;234680;133364;101316
3009;Totaal mannen en vrouwen;30 tot 35 jaar;Marokko;1972;4716;4715;1
3010;Totaal mannen en vrouwen;30 tot 35 jaar;Marokko;1973;5065;5064;1
3011;Totaal mannen en vrouwen;30 tot 35 jaar;Marokko;1974;5515;5514;1
3012;Totaal mannen en vrouwen;30 tot 35 jaar;Marokko;1975;5817;5815;2
3013;Totaal mannen en vrouwen;30 tot 35 jaar;Marokko;1976;7098;7097;1
3014;Totaal mannen en vrouwen;30 tot 35 jaar;Marokko;1977;7767;7766;1
3015;Totaal mannen en vrouwen;30 tot 35 jaar;Marokko;1978;7554;7553;1
3016;Totaal mannen en vrouwen;30 tot 35 jaar;Marokko;1979;7288;7286;2
3017;Totaal mannen en vrouwen;30 tot 35 jaar;Marokko;1980;7124;7122;2
3018;Totaal mannen en vrouwen;30 tot 35 jaar;Marokko;1981;7061;7058;3
3019;Totaal mannen en vrouwen;30 tot 35 jaar;Marokko;1982;6974;6969;5
3020;Totaal mannen en vrouwen;30 tot 35 jaar;Marokko;1983;7202;7195;7
3021;Totaal mannen en vrouwen;30 tot 35 jaar;Marokko;1984;7299;7290;9
3022;Totaal mannen en vrouwen;30 tot 35 jaar;Marokko;1985;7542;7530;12
3023;Totaal mannen en vrouwen;30 tot 35 jaar;Marokko;1986;7890;7877;13
3024;Totaal mannen en vrouwen;30 tot 35 jaar;Marokko;1987;8175;8160;15
3025;Totaal mannen en vrouwen;30 tot 35 jaar;Marokko;1988;8676;8659;17
3026;Totaal mannen en vrouwen;30 tot 35 jaar;Marokko;1989;9528;9506;22
3027;Totaal mannen en vrouwen;30 tot 35 jaar;Marokko;1990;10480;10454;26
3028;Totaal mannen en vrouwen;30 tot 35 jaar;Marokko;1991;12071;12040;31
3029;Totaal mannen en vrouwen;30 tot 35 jaar;Marokko;1992;13616;13577;39
3030;Totaal mannen en vrouwen;30 tot 35 jaar;Marokko;1993;15205;15159;46
3031;Totaal mannen en vrouwen;30 tot 35 jaar;Marokko;1994;16381;16326;55
3032;Totaal mannen en vrouwen;30 tot 35 jaar;Marokko;1995;17758;17734;24
3033;Totaal mannen en vrouwen;30 tot 35 jaar;Marokko;1996;18438;18396;42
3034;Totaal mannen en vrouwen;30 tot 35 jaar;Marokko;1997;19873;19783;90
3035;Totaal mannen en vrouwen;30 tot 35 jaar;Marokko;1998;20782;20624;158
3036;Totaal mannen en vrouwen;30 tot 35 jaar;Marokko;1999;22291;22039;252
3037;Totaal mannen en vrouwen;30 tot 35 jaar;Marokko;2000;23528;23142;386
3038;Totaal mannen en vrouwen;30 tot 35 jaar;Marokko;2001;25194;24655;539
3039;Totaal mannen en vrouwen;30 tot 35 jaar;Marokko;2002;26516;25745;771
3040;Totaal mannen en vrouwen;30 tot 35 jaar;Marokko;2003;28077;26935;1142
3041;Totaal mannen en vrouwen;30 tot 35 jaar;Marokko;2004;29008;27374;1634
3042;Totaal mannen en vrouwen;30 tot 35 jaar;Marokko;2005;29944;27672;2272
3043;Totaal mannen en vrouwen;30 tot 35 jaar;Marokko;2006;30101;26984;3117
3044;Totaal mannen en vrouwen;30 tot 35 jaar;Marokko;2007;29999;25943;4056
3045;Totaal mannen en vrouwen;30 tot 35 jaar;Marokko;2008;30482;25344;5138
3046;Totaal mannen en vrouwen;30 tot 35 jaar;Marokko;2009;30730;24430;6300
3047;Totaal mannen en vrouwen;30 tot 35 jaar;Marokko;2010;31166;23428;7738
3048;Totaal mannen en vrouwen;30 tot 35 jaar;Marokko;2011;31532;22277;9255
3049;Totaal mannen en vrouwen;30 tot 35 jaar;Marokko;2012;32104;21225;10879
3050;Totaal mannen en vrouwen;30 tot 35 jaar;Marokko;2013;31877;19412;12465
3051;Totaal mannen en vrouwen;30 tot 35 jaar;Marokko;2014;31974;18048;13926
3052;Totaal mannen en vrouwen;30 tot 35 jaar;Marokko;2015;31701;16654;15047
3053;Totaal mannen en vrouwen;30 tot 35 jaar;Marokko;2016;31452;15360;16092
3054;Totaal mannen en vrouwen;30 tot 35 jaar;Marokko;2017;30942;13991;16951
3055;Totaal mannen en vrouwen;30 tot 35 jaar;Marokko;2018;30738;12796;17942
3056;Totaal mannen en vrouwen;30 tot 35 jaar;Marokko;2019;30948;11832;19116
3057;Totaal mannen en vrouwen;30 tot 35 jaar;Marokko;2020;31344;10761;20583
3058;Totaal mannen en vrouwen;30 tot 35 jaar;Marokko;2021;31907;9665;22242
3059;Totaal mannen en vrouwen;30 tot 35 jaar;Marokko;2022;32572;8952;23620
3060;Totaal mannen en vrouwen;30 tot 35 jaar;(voormalige) Nederlandse Antillen, Aruba;1972;1614;1563;51
3061;Totaal mannen en vrouwen;30 tot 35 jaar;(voormalige) Nederlandse Antillen, Aruba;1973;1939;1889;50
3062;Totaal mannen en vrouwen;30 tot 35 jaar;(voormalige) Nederlandse Antillen, Aruba;1974;2167;2116;51
3063;Totaal mannen en vrouwen;30 tot 35 jaar;(voormalige) Nederlandse Antillen, Aruba;1975;2414;2360;54
3064;Totaal mannen en vrouwen;30 tot 35 jaar;(voormalige) Nederlandse Antillen, Aruba;1976;2733;2681;52
3065;Totaal mannen en vrouwen;30 tot 35 jaar;(voormalige) Nederlandse Antillen, Aruba;1977;3057;2998;59
3066;Totaal mannen en vrouwen;30 tot 35 jaar;(voormalige) Nederlandse Antillen, Aruba;1978;3328;3261;67
3067;Totaal mannen en vrouwen;30 tot 35 jaar;(voormalige) Nederlandse Antillen, Aruba;1979;3864;3785;79
3068;Totaal mannen en vrouwen;30 tot 35 jaar;(voormalige) Nederlandse Antillen, Aruba;1980;4318;4225;93
3069;Totaal mannen en vrouwen;30 tot 35 jaar;(voormalige) Nederlandse Antillen, Aruba;1981;4842;4725;117
3070;Totaal mannen en vrouwen;30 tot 35 jaar;(voormalige) Nederlandse Antillen, Aruba;1982;5277;5141;136
3071;Totaal mannen en vrouwen;30 tot 35 jaar;(voormalige) Nederlandse Antillen, Aruba;1983;5428;5278;150
3072;Totaal mannen en vrouwen;30 tot 35 jaar;(voormalige) Nederlandse Antillen, Aruba;1984;5582;5417;165
3073;Totaal mannen en vrouwen;30 tot 35 jaar;(voormalige) Nederlandse Antillen, Aruba;1985;5842;5663;179
3074;Totaal mannen en vrouwen;30 tot 35 jaar;(voormalige) Nederlandse Antillen, Aruba;1986;6305;6106;199
3075;Totaal mannen en vrouwen;30 tot 35 jaar;(voormalige) Nederlandse Antillen, Aruba;1987;6815;6579;236
3076;Totaal mannen en vrouwen;30 tot 35 jaar;(voormalige) Nederlandse Antillen, Aruba;1988;7292;6996;296
3077;Totaal mannen en vrouwen;30 tot 35 jaar;(voormalige) Nederlandse Antillen, Aruba;1989;7667;7312;355
3078;Totaal mannen en vrouwen;30 tot 35 jaar;(voormalige) Nederlandse Antillen, Aruba;1990;7976;7558;418
3079;Totaal mannen en vrouwen;30 tot 35 jaar;(voormalige) Nederlandse Antillen, Aruba;1991;8301;7812;489
3080;Totaal mannen en vrouwen;30 tot 35 jaar;(voormalige) Nederlandse Antillen, Aruba;1992;8662;8112;550
3081;Totaal mannen en vrouwen;30 tot 35 jaar;(voormalige) Nederlandse Antillen, Aruba;1993;8808;8155;653
3082;Totaal mannen en vrouwen;30 tot 35 jaar;(voormalige) Nederlandse Antillen, Aruba;1994;8827;8050;777
3083;Totaal mannen en vrouwen;30 tot 35 jaar;(voormalige) Nederlandse Antillen, Aruba;1995;8634;7801;833
3084;Totaal mannen en vrouwen;30 tot 35 jaar;(voormalige) Nederlandse Antillen, Aruba;1996;8427;7450;977
3085;Totaal mannen en vrouwen;30 tot 35 jaar;(voormalige) Nederlandse Antillen, Aruba;1997;8340;7136;1204
3086;Totaal mannen en vrouwen;30 tot 35 jaar;(voormalige) Nederlandse Antillen, Aruba;1998;8479;7027;1452
3087;Totaal mannen en vrouwen;30 tot 35 jaar;(voormalige) Nederlandse Antillen, Aruba;1999;8914;7178;1736
3088;Totaal mannen en vrouwen;30 tot 35 jaar;(voormalige) Nederlandse Antillen, Aruba;2000;9567;7487;2080
3089;Totaal mannen en vrouwen;30 tot 35 jaar;(voormalige) Nederlandse Antillen, Aruba;2001;10464;8033;2431
3090;Totaal mannen en vrouwen;30 tot 35 jaar;(voormalige) Nederlandse Antillen, Aruba;2002;11458;8776;2682
3091;Totaal mannen en vrouwen;30 tot 35 jaar;(voormalige) Nederlandse Antillen, Aruba;2003;11908;9049;2859
3092;Totaal mannen en vrouwen;30 tot 35 jaar;(voormalige) Nederlandse Antillen, Aruba;2004;11908;9031;2877
3093;Totaal mannen en vrouwen;30 tot 35 jaar;(voormalige) Nederlandse Antillen, Aruba;2005;11565;8673;2892
3094;Totaal mannen en vrouwen;30 tot 35 jaar;(voormalige) Nederlandse Antillen, Aruba;2006;11183;8361;2822
3095;Totaal mannen en vrouwen;30 tot 35 jaar;(voormalige) Nederlandse Antillen, Aruba;2007;10755;7931;2824
3096;Totaal mannen en vrouwen;30 tot 35 jaar;(voormalige) Nederlandse Antillen, Aruba;2008;10549;7672;2877
3097;Totaal mannen en vrouwen;30 tot 35 jaar;(voormalige) Nederlandse Antillen, Aruba;2009;10739;7621;3118
3098;Totaal mannen en vrouwen;30 tot 35 jaar;(voormalige) Nederlandse Antillen, Aruba;2010;11204;7861;3343
3099;Totaal mannen en vrouwen;30 tot 35 jaar;(voormalige) Nederlandse Antillen, Aruba;2011;11767;8059;3708
3100;Totaal mannen en vrouwen;30 tot 35 jaar;(voormalige) Nederlandse Antillen, Aruba;2012;12225;8187;4038
3101;Totaal mannen en vrouwen;30 tot 35 jaar;(voormalige) Nederlandse Antillen, Aruba;2013;12561;8213;4348
3102;Totaal mannen en vrouwen;30 tot 35 jaar;(voormalige) Nederlandse Antillen, Aruba;2014;12879;8284;4595
3103;Totaal mannen en vrouwen;30 tot 35 jaar;(voormalige) Nederlandse Antillen, Aruba;2015;13194;8339;4855
3104;Totaal mannen en vrouwen;30 tot 35 jaar;(voormalige) Nederlandse Antillen, Aruba;2016;13413;8446;4967
3105;Totaal mannen en vrouwen;30 tot 35 jaar;(voormalige) Nederlandse Antillen, Aruba;2017;13609;8439;5170
3106;Totaal mannen en vrouwen;30 tot 35 jaar;(voormalige) Nederlandse Antillen, Aruba;2018;13901;8459;5442
3107;Totaal mannen en vrouwen;30 tot 35 jaar;(voormalige) Nederlandse Antillen, Aruba;2019;14169;8430;5739
3108;Totaal mannen en vrouwen;30 tot 35 jaar;(voormalige) Nederlandse Antillen, Aruba;2020;14641;8541;6100
3109;Totaal mannen en vrouwen;30 tot 35 jaar;(voormalige) Nederlandse Antillen, Aruba;2021;15433;8711;6722
3110;Totaal mannen en vrouwen;30 tot 35 jaar;(voormalige) Nederlandse Antillen, Aruba;2022;16174;8924;7250
3111;Totaal mannen en vrouwen;30 tot 35 jaar;Suriname;1972;4093;3767;326
3112;Totaal mannen en vrouwen;30 tot 35 jaar;Suriname;1973;4803;4481;322
3113;Totaal mannen en vrouwen;30 tot 35 jaar;Suriname;1974;5556;5229;327
3114;Totaal mannen en vrouwen;30 tot 35 jaar;Suriname;1975;6765;6428;337
3115;Totaal mannen en vrouwen;30 tot 35 jaar;Suriname;1976;9120;8771;349
3116;Totaal mannen en vrouwen;30 tot 35 jaar;Suriname;1977;9628;9215;413
3117;Totaal mannen en vrouwen;30 tot 35 jaar;Suriname;1978;10080;9617;463
3118;Totaal mannen en vrouwen;30 tot 35 jaar;Suriname;1979;11095;10582;513
3119;Totaal mannen en vrouwen;30 tot 35 jaar;Suriname;1980;13107;12563;544
3120;Totaal mannen en vrouwen;30 tot 35 jaar;Suriname;1981;15070;14458;612
3121;Totaal mannen en vrouwen;30 tot 35 jaar;Suriname;1982;16331;15694;637
3122;Totaal mannen en vrouwen;30 tot 35 jaar;Suriname;1983;17267;16615;652
3123;Totaal mannen en vrouwen;30 tot 35 jaar;Suriname;1984;18212;17523;689
3124;Totaal mannen en vrouwen;30 tot 35 jaar;Suriname;1985;19322;18578;744
3125;Totaal mannen en vrouwen;30 tot 35 jaar;Suriname;1986;20360;19565;795
3126;Totaal mannen en vrouwen;30 tot 35 jaar;Suriname;1987;21642;20796;846
3127;Totaal mannen en vrouwen;30 tot 35 jaar;Suriname;1988;23037;22066;971
3128;Totaal mannen en vrouwen;30 tot 35 jaar;Suriname;1989;23879;22810;1069
3129;Totaal mannen en vrouwen;30 tot 35 jaar;Suriname;1990;24792;23588;1204
3130;Totaal mannen en vrouwen;30 tot 35 jaar;Suriname;1991;25717;24395;1322
3131;Totaal mannen en vrouwen;30 tot 35 jaar;Suriname;1992;26670;25173;1497
3132;Totaal mannen en vrouwen;30 tot 35 jaar;Suriname;1993;27693;26002;1691
3133;Totaal mannen en vrouwen;30 tot 35 jaar;Suriname;1994;28855;26886;1969
3134;Totaal mannen en vrouwen;30 tot 35 jaar;Suriname;1995;29202;27031;2171
3135;Totaal mannen en vrouwen;30 tot 35 jaar;Suriname;1996;29462;26913;2549
3136;Totaal mannen en vrouwen;30 tot 35 jaar;Suriname;1997;29547;26618;2929
3137;Totaal mannen en vrouwen;30 tot 35 jaar;Suriname;1998;29468;26178;3290
3138;Totaal mannen en vrouwen;30 tot 35 jaar;Suriname;1999;29556;25870;3686
3139;Totaal mannen en vrouwen;30 tot 35 jaar;Suriname;2000;29701;25604;4097
3140;Totaal mannen en vrouwen;30 tot 35 jaar;Suriname;2001;30042;25422;4620
3141;Totaal mannen en vrouwen;30 tot 35 jaar;Suriname;2002;30570;25394;5176
3142;Totaal mannen en vrouwen;30 tot 35 jaar;Suriname;2003;30859;25184;5675
3143;Totaal mannen en vrouwen;30 tot 35 jaar;Suriname;2004;30365;24399;5966
3144;Totaal mannen en vrouwen;30 tot 35 jaar;Suriname;2005;29376;23026;6350
3145;Totaal mannen en vrouwen;30 tot 35 jaar;Suriname;2006;28027;21005;7022
3146;Totaal mannen en vrouwen;30 tot 35 jaar;Suriname;2007;26474;18531;7943
3147;Totaal mannen en vrouwen;30 tot 35 jaar;Suriname;2008;25388;16447;8941
3148;Totaal mannen en vrouwen;30 tot 35 jaar;Suriname;2009;25060;14788;10272
3149;Totaal mannen en vrouwen;30 tot 35 jaar;Suriname;2010;25168;13423;11745
3150;Totaal mannen en vrouwen;30 tot 35 jaar;Suriname;2011;25556;12069;13487
3151;Totaal mannen en vrouwen;30 tot 35 jaar;Suriname;2012;26036;11034;15002
3152;Totaal mannen en vrouwen;30 tot 35 jaar;Suriname;2013;26592;10057;16535
3153;Totaal mannen en vrouwen;30 tot 35 jaar;Suriname;2014;27379;9274;18105
3154;Totaal mannen en vrouwen;30 tot 35 jaar;Suriname;2015;28220;8638;19582
3155;Totaal mannen en vrouwen;30 tot 35 jaar;Suriname;2016;28943;8561;20382
3156;Totaal mannen en vrouwen;30 tot 35 jaar;Suriname;2017;29575;8455;21120
3157;Totaal mannen en vrouwen;30 tot 35 jaar;Suriname;2018;29886;8168;21718
3158;Totaal mannen en vrouwen;30 tot 35 jaar;Suriname;2019;30083;7752;22331
3159;Totaal mannen en vrouwen;30 tot 35 jaar;Suriname;2020;29985;7449;22536
3160;Totaal mannen en vrouwen;30 tot 35 jaar;Suriname;2021;29901;6929;22972
3161;Totaal mannen en vrouwen;30 tot 35 jaar;Suriname;2022;29727;6510;23217
3162;Totaal mannen en vrouwen;30 tot 35 jaar;Turkije;1972;6509;6502;7
3163;Totaal mannen en vrouwen;30 tot 35 jaar;Turkije;1973;6512;6503;9
3164;Totaal mannen en vrouwen;30 tot 35 jaar;Turkije;1974;7265;7255;10
3165;Totaal mannen en vrouwen;30 tot 35 jaar;Turkije;1975;7528;7519;9
3166;Totaal mannen en vrouwen;30 tot 35 jaar;Turkije;1976;7933;7923;10
3167;Totaal mannen en vrouwen;30 tot 35 jaar;Turkije;1977;7609;7597;12
3168;Totaal mannen en vrouwen;30 tot 35 jaar;Turkije;1978;7255;7240;15
3169;Totaal mannen en vrouwen;30 tot 35 jaar;Turkije;1979;7286;7269;17
3170;Totaal mannen en vrouwen;30 tot 35 jaar;Turkije;1980;7896;7878;18
3171;Totaal mannen en vrouwen;30 tot 35 jaar;Turkije;1981;8866;8844;22
3172;Totaal mannen en vrouwen;30 tot 35 jaar;Turkije;1982;9514;9487;27
3173;Totaal mannen en vrouwen;30 tot 35 jaar;Turkije;1983;10341;10316;25
3174;Totaal mannen en vrouwen;30 tot 35 jaar;Turkije;1984;10888;10861;27
3175;Totaal mannen en vrouwen;30 tot 35 jaar;Turkije;1985;11359;11330;29
3176;Totaal mannen en vrouwen;30 tot 35 jaar;Turkije;1986;11771;11738;33
3177;Totaal mannen en vrouwen;30 tot 35 jaar;Turkije;1987;12411;12383;28
3178;Totaal mannen en vrouwen;30 tot 35 jaar;Turkije;1988;12855;12823;32
3179;Totaal mannen en vrouwen;30 tot 35 jaar;Turkije;1989;13715;13679;36
3180;Totaal mannen en vrouwen;30 tot 35 jaar;Turkije;1990;15142;15101;41
3181;Totaal mannen en vrouwen;30 tot 35 jaar;Turkije;1991;17748;17700;48
3182;Totaal mannen en vrouwen;30 tot 35 jaar;Turkije;1992;19827;19771;56
3183;Totaal mannen en vrouwen;30 tot 35 jaar;Turkije;1993;22414;22349;65
3184;Totaal mannen en vrouwen;30 tot 35 jaar;Turkije;1994;24778;24699;79
3185;Totaal mannen en vrouwen;30 tot 35 jaar;Turkije;1995;27203;27153;50
3186;Totaal mannen en vrouwen;30 tot 35 jaar;Turkije;1996;28605;28505;100
3187;Totaal mannen en vrouwen;30 tot 35 jaar;Turkije;1997;30784;30562;222
3188;Totaal mannen en vrouwen;30 tot 35 jaar;Turkije;1998;30622;30209;413
3189;Totaal mannen en vrouwen;30 tot 35 jaar;Turkije;1999;31757;31128;629
3190;Totaal mannen en vrouwen;30 tot 35 jaar;Turkije;2000;32442;31502;940
3191;Totaal mannen en vrouwen;30 tot 35 jaar;Turkije;2001;33485;32118;1367
3192;Totaal mannen en vrouwen;30 tot 35 jaar;Turkije;2002;34628;32681;1947
3193;Totaal mannen en vrouwen;30 tot 35 jaar;Turkije;2003;37196;34399;2797
3194;Totaal mannen en vrouwen;30 tot 35 jaar;Turkije;2004;38318;34537;3781
3195;Totaal mannen en vrouwen;30 tot 35 jaar;Turkije;2005;38751;33905;4846
3196;Totaal mannen en vrouwen;30 tot 35 jaar;Turkije;2006;37729;31724;6005
3197;Totaal mannen en vrouwen;30 tot 35 jaar;Turkije;2007;36204;29094;7110
3198;Totaal mannen en vrouwen;30 tot 35 jaar;Turkije;2008;35638;27209;8429
3199;Totaal mannen en vrouwen;30 tot 35 jaar;Turkije;2009;35638;25593;10045
3200;Totaal mannen en vrouwen;30 tot 35 jaar;Turkije;2010;35547;23765;11782
3201;Totaal mannen en vrouwen;30 tot 35 jaar;Turkije;2011;36507;22611;13896
3202;Totaal mannen en vrouwen;30 tot 35 jaar;Turkije;2012;37806;21658;16148
3203;Totaal mannen en vrouwen;30 tot 35 jaar;Turkije;2013;37367;19986;17381
3204;Totaal mannen en vrouwen;30 tot 35 jaar;Turkije;2014;36528;18252;18276
3205;Totaal mannen en vrouwen;30 tot 35 jaar;Turkije;2015;35847;17020;18827
3206;Totaal mannen en vrouwen;30 tot 35 jaar;Turkije;2016;34778;16043;18735
3207;Totaal mannen en vrouwen;30 tot 35 jaar;Turkije;2017;33806;15247;18559
3208;Totaal mannen en vrouwen;30 tot 35 jaar;Turkije;2018;34026;14722;19304
3209;Totaal mannen en vrouwen;30 tot 35 jaar;Turkije;2019;35043;14438;20605
3210;Totaal mannen en vrouwen;30 tot 35 jaar;Turkije;2020;36524;14031;22493
3211;Totaal mannen en vrouwen;30 tot 35 jaar;Turkije;2021;37980;13179;24801
3212;Totaal mannen en vrouwen;30 tot 35 jaar;Turkije;2022;39862;12744;27118
3213;Totaal mannen en vrouwen;30 tot 35 jaar;Overige niet-westerse migratieachterg...;1972;3950;3618;332
3214;Totaal mannen en vrouwen;30 tot 35 jaar;Overige niet-westerse migratieachterg...;1973;4590;4248;342
3215;Totaal mannen en vrouwen;30 tot 35 jaar;Overige niet-westerse migratieachterg...;1974;5316;4951;365
3216;Totaal mannen en vrouwen;30 tot 35 jaar;Overige niet-westerse migratieachterg...;1975;6196;5795;401
3217;Totaal mannen en vrouwen;30 tot 35 jaar;Overige niet-westerse migratieachterg...;1976;8142;7729;413
3218;Totaal mannen en vrouwen;30 tot 35 jaar;Overige niet-westerse migratieachterg...;1977;10004;9509;495
3219;Totaal mannen en vrouwen;30 tot 35 jaar;Overige niet-westerse migratieachterg...;1978;11843;11237;606
3220;Totaal mannen en vrouwen;30 tot 35 jaar;Overige niet-westerse migratieachterg...;1979;14050;13368;682
3221;Totaal mannen en vrouwen;30 tot 35 jaar;Overige niet-westerse migratieachterg...;1980;16401;15684;717
3222;Totaal mannen en vrouwen;30 tot 35 jaar;Overige niet-westerse migratieachterg...;1981;18904;18124;780
3223;Totaal mannen en vrouwen;30 tot 35 jaar;Overige niet-westerse migratieachterg...;1982;20702;19937;765
3224;Totaal mannen en vrouwen;30 tot 35 jaar;Overige niet-westerse migratieachterg...;1983;21768;21002;766
3225;Totaal mannen en vrouwen;30 tot 35 jaar;Overige niet-westerse migratieachterg...;1984;22270;21509;761
3226;Totaal mannen en vrouwen;30 tot 35 jaar;Overige niet-westerse migratieachterg...;1985;22776;22000;776
3227;Totaal mannen en vrouwen;30 tot 35 jaar;Overige niet-westerse migratieachterg...;1986;22452;21669;783
3228;Totaal mannen en vrouwen;30 tot 35 jaar;Overige niet-westerse migratieachterg...;1987;22308;21493;815
3229;Totaal mannen en vrouwen;30 tot 35 jaar;Overige niet-westerse migratieachterg...;1988;23511;22680;831
3230;Totaal mannen en vrouwen;30 tot 35 jaar;Overige niet-westerse migratieachterg...;1989;24201;23342;859
3231;Totaal mannen en vrouwen;30 tot 35 jaar;Overige niet-westerse migratieachterg...;1990;24870;23951;919
3232;Totaal mannen en vrouwen;30 tot 35 jaar;Overige niet-westerse migratieachterg...;1991;27416;26436;980
3233;Totaal mannen en vrouwen;30 tot 35 jaar;Overige niet-westerse migratieachterg...;1992;29355;28321;1034
3234;Totaal mannen en vrouwen;30 tot 35 jaar;Overige niet-westerse migratieachterg...;1993;31748;30672;1076
3235;Totaal mannen en vrouwen;30 tot 35 jaar;Overige niet-westerse migratieachterg...;1994;33918;32756;1162
3236;Totaal mannen en vrouwen;30 tot 35 jaar;Overige niet-westerse migratieachterg...;1995;35991;34859;1132
3237;Totaal mannen en vrouwen;30 tot 35 jaar;Overige niet-westerse migratieachterg...;1996;37514;36261;1253
3238;Totaal mannen en vrouwen;30 tot 35 jaar;Overige niet-westerse migratieachterg...;1997;40585;39263;1322
3239;Totaal mannen en vrouwen;30 tot 35 jaar;Overige niet-westerse migratieachterg...;1998;42793;41312;1481
3240;Totaal mannen en vrouwen;30 tot 35 jaar;Overige niet-westerse migratieachterg...;1999;46576;44935;1641
3241;Totaal mannen en vrouwen;30 tot 35 jaar;Overige niet-westerse migratieachterg...;2000;48334;46515;1819
3242;Totaal mannen en vrouwen;30 tot 35 jaar;Overige niet-westerse migratieachterg...;2001;51651;49621;2030
3243;Totaal mannen en vrouwen;30 tot 35 jaar;Overige niet-westerse migratieachterg...;2002;53800;51453;2347
3244;Totaal mannen en vrouwen;30 tot 35 jaar;Overige niet-westerse migratieachterg...;2003;55851;53174;2677
3245;Totaal mannen en vrouwen;30 tot 35 jaar;Overige niet-westerse migratieachterg...;2004;55221;52243;2978
3246;Totaal mannen en vrouwen;30 tot 35 jaar;Overige niet-westerse migratieachterg...;2005;54287;50941;3346
3247;Totaal mannen en vrouwen;30 tot 35 jaar;Overige niet-westerse migratieachterg...;2006;52563;48805;3758
3248;Totaal mannen en vrouwen;30 tot 35 jaar;Overige niet-westerse migratieachterg...;2007;51863;47609;4254
3249;Totaal mannen en vrouwen;30 tot 35 jaar;Overige niet-westerse migratieachterg...;2008;51519;46645;4874
3250;Totaal mannen en vrouwen;30 tot 35 jaar;Overige niet-westerse migratieachterg...;2009;54255;48438;5817
3251;Totaal mannen en vrouwen;30 tot 35 jaar;Overige niet-westerse migratieachterg...;2010;57318;50447;6871
3252;Totaal mannen en vrouwen;30 tot 35 jaar;Overige niet-westerse migratieachterg...;2011;60200;52120;8080
3253;Totaal mannen en vrouwen;30 tot 35 jaar;Overige niet-westerse migratieachterg...;2012;64067;54607;9460
3254;Totaal mannen en vrouwen;30 tot 35 jaar;Overige niet-westerse migratieachterg...;2013;67932;57392;10540
3255;Totaal mannen en vrouwen;30 tot 35 jaar;Overige niet-westerse migratieachterg...;2014;71604;60119;11485
3256;Totaal mannen en vrouwen;30 tot 35 jaar;Overige niet-westerse migratieachterg...;2015;76990;64587;12403
3257;Totaal mannen en vrouwen;30 tot 35 jaar;Overige niet-westerse migratieachterg...;2016;82784;69541;13243
3258;Totaal mannen en vrouwen;30 tot 35 jaar;Overige niet-westerse migratieachterg...;2017;89804;75815;13989
3259;Totaal mannen en vrouwen;30 tot 35 jaar;Overige niet-westerse migratieachterg...;2018;93936;78946;14990
3260;Totaal mannen en vrouwen;30 tot 35 jaar;Overige niet-westerse migratieachterg...;2019;99438;83428;16010
3261;Totaal mannen en vrouwen;30 tot 35 jaar;Overige niet-westerse migratieachterg...;2020;106101;89015;17086
3262;Totaal mannen en vrouwen;30 tot 35 jaar;Overige niet-westerse migratieachterg...;2021;109838;91245;18593
3263;Totaal mannen en vrouwen;30 tot 35 jaar;Overige niet-westerse migratieachterg...;2022;116345;96234;20111
3264;Totaal mannen en vrouwen;35 tot 40 jaar;Met migratieachtergrond;1972;97371;51750;45621
3265;Totaal mannen en vrouwen;35 tot 40 jaar;Met migratieachtergrond;1973;101597;54671;46926
3266;Totaal mannen en vrouwen;35 tot 40 jaar;Met migratieachtergrond;1974;107694;59161;48533
3267;Totaal mannen en vrouwen;35 tot 40 jaar;Met migratieachtergrond;1975;114189;64533;49656
3268;Totaal mannen en vrouwen;35 tot 40 jaar;Met migratieachtergrond;1976;123467;72795;50672
3269;Totaal mannen en vrouwen;35 tot 40 jaar;Met migratieachtergrond;1977;126109;75565;50544
3270;Totaal mannen en vrouwen;35 tot 40 jaar;Met migratieachtergrond;1978;129118;78332;50786
3271;Totaal mannen en vrouwen;35 tot 40 jaar;Met migratieachtergrond;1979;129178;78192;50986
3272;Totaal mannen en vrouwen;35 tot 40 jaar;Met migratieachtergrond;1980;129566;78549;51017
3273;Totaal mannen en vrouwen;35 tot 40 jaar;Met migratieachtergrond;1981;129284;78718;50566
3274;Totaal mannen en vrouwen;35 tot 40 jaar;Met migratieachtergrond;1982;135416;79954;55462
3275;Totaal mannen en vrouwen;35 tot 40 jaar;Met migratieachtergrond;1983;140636;81138;59498
3276;Totaal mannen en vrouwen;35 tot 40 jaar;Met migratieachtergrond;1984;149896;88092;61804
3277;Totaal mannen en vrouwen;35 tot 40 jaar;Met migratieachtergrond;1985;158036;94542;63494
3278;Totaal mannen en vrouwen;35 tot 40 jaar;Met migratieachtergrond;1986;166718;101290;65428
3279;Totaal mannen en vrouwen;35 tot 40 jaar;Met migratieachtergrond;1987;168132;104316;63816
3280;Totaal mannen en vrouwen;35 tot 40 jaar;Met migratieachtergrond;1988;169388;106506;62882
3281;Totaal mannen en vrouwen;35 tot 40 jaar;Met migratieachtergrond;1989;170719;108163;62556
3282;Totaal mannen en vrouwen;35 tot 40 jaar;Met migratieachtergrond;1990;171538;108777;62761
3283;Totaal mannen en vrouwen;35 tot 40 jaar;Met migratieachtergrond;1991;174788;111538;63250
3284;Totaal mannen en vrouwen;35 tot 40 jaar;Met migratieachtergrond;1992;181836;118939;62897
3285;Totaal mannen en vrouwen;35 tot 40 jaar;Met migratieachtergrond;1993;187314;124583;62731
3286;Totaal mannen en vrouwen;35 tot 40 jaar;Met migratieachtergrond;1994;194642;130653;63989
3287;Totaal mannen en vrouwen;35 tot 40 jaar;Met migratieachtergrond;1995;200503;135016;65487
3288;Totaal mannen en vrouwen;35 tot 40 jaar;Met migratieachtergrond;1996;208994;142398;66596
3289;Totaal mannen en vrouwen;35 tot 40 jaar;Met migratieachtergrond;1997;214328;146103;68225
3290;Totaal mannen en vrouwen;35 tot 40 jaar;Met migratieachtergrond;1998;223793;153710;70083
3291;Totaal mannen en vrouwen;35 tot 40 jaar;Met migratieachtergrond;1999;234082;162205;71877
3292;Totaal mannen en vrouwen;35 tot 40 jaar;Met migratieachtergrond;2000;246358;172335;74023
3293;Totaal mannen en vrouwen;35 tot 40 jaar;Met migratieachtergrond;2001;256398;180165;76233
3294;Totaal mannen en vrouwen;35 tot 40 jaar;Met migratieachtergrond;2002;267326;189585;77741
3295;Totaal mannen en vrouwen;35 tot 40 jaar;Met migratieachtergrond;2003;271599;192897;78702
3296;Totaal mannen en vrouwen;35 tot 40 jaar;Met migratieachtergrond;2004;276114;196632;79482
3297;Totaal mannen en vrouwen;35 tot 40 jaar;Met migratieachtergrond;2005;278005;197505;80500
3298;Totaal mannen en vrouwen;35 tot 40 jaar;Met migratieachtergrond;2006;279516;198465;81051
3299;Totaal mannen en vrouwen;35 tot 40 jaar;Met migratieachtergrond;2007;279702;198381;81321
3300;Totaal mannen en vrouwen;35 tot 40 jaar;Met migratieachtergrond;2008;282490;201183;81307
3301;Totaal mannen en vrouwen;35 tot 40 jaar;Met migratieachtergrond;2009;282715;202750;79965
3302;Totaal mannen en vrouwen;35 tot 40 jaar;Met migratieachtergrond;2010;280904;202738;78166
3303;Totaal mannen en vrouwen;35 tot 40 jaar;Met migratieachtergrond;2011;276619;199133;77486
3304;Totaal mannen en vrouwen;35 tot 40 jaar;Met migratieachtergrond;2012;273819;195922;77897
3305;Totaal mannen en vrouwen;35 tot 40 jaar;Met migratieachtergrond;2013;271864;192377;79487
3306;Totaal mannen en vrouwen;35 tot 40 jaar;Met migratieachtergrond;2014;274136;190231;83905
3307;Totaal mannen en vrouwen;35 tot 40 jaar;Met migratieachtergrond;2015;279438;190239;89199
3308;Totaal mannen en vrouwen;35 tot 40 jaar;Met migratieachtergrond;2016;289738;193499;96239
3309;Totaal mannen en vrouwen;35 tot 40 jaar;Met migratieachtergrond;2017;303078;199719;103359
3310;Totaal mannen en vrouwen;35 tot 40 jaar;Met migratieachtergrond;2018;315824;206834;108990
3311;Totaal mannen en vrouwen;35 tot 40 jaar;Met migratieachtergrond;2019;329959;216420;113539
3312;Totaal mannen en vrouwen;35 tot 40 jaar;Met migratieachtergrond;2020;347194;229634;117560
3313;Totaal mannen en vrouwen;35 tot 40 jaar;Met migratieachtergrond;2021;358320;238703;119617
3314;Totaal mannen en vrouwen;35 tot 40 jaar;Met migratieachtergrond;2022;371376;249700;121676
3315;Totaal mannen en vrouwen;35 tot 40 jaar;Westerse migratieachtergrond;1972;76749;31746;45003
3316;Totaal mannen en vrouwen;35 tot 40 jaar;Westerse migratieachtergrond;1973;80179;33880;46299
3317;Totaal mannen en vrouwen;35 tot 40 jaar;Westerse migratieachtergrond;1974;85494;37617;47877
3318;Totaal mannen en vrouwen;35 tot 40 jaar;Westerse migratieachtergrond;1975;89917;40942;48975
3319;Totaal mannen en vrouwen;35 tot 40 jaar;Westerse migratieachtergrond;1976;95949;45966;49983
3320;Totaal mannen en vrouwen;35 tot 40 jaar;Westerse migratieachtergrond;1977;98014;48174;49840
3321;Totaal mannen en vrouwen;35 tot 40 jaar;Westerse migratieachtergrond;1978;98364;48287;50077
3322;Totaal mannen en vrouwen;35 tot 40 jaar;Westerse migratieachtergrond;1979;95046;44799;50247
3323;Totaal mannen en vrouwen;35 tot 40 jaar;Westerse migratieachtergrond;1980;91978;41749;50229
3324;Totaal mannen en vrouwen;35 tot 40 jaar;Westerse migratieachtergrond;1981;87198;37440;49758
3325;Totaal mannen en vrouwen;35 tot 40 jaar;Westerse migratieachtergrond;1982;89781;35278;54503
3326;Totaal mannen en vrouwen;35 tot 40 jaar;Westerse migratieachtergrond;1983;93037;34666;58371
3327;Totaal mannen en vrouwen;35 tot 40 jaar;Westerse migratieachtergrond;1984;99587;39052;60535
3328;Totaal mannen en vrouwen;35 tot 40 jaar;Westerse migratieachtergrond;1985;104445;42299;62146
3329;Totaal mannen en vrouwen;35 tot 40 jaar;Westerse migratieachtergrond;1986;110353;46429;63924
3330;Totaal mannen en vrouwen;35 tot 40 jaar;Westerse migratieachtergrond;1987;109011;46737;62274
3331;Totaal mannen en vrouwen;35 tot 40 jaar;Westerse migratieachtergrond;1988;107029;45721;61308
3332;Totaal mannen en vrouwen;35 tot 40 jaar;Westerse migratieachtergrond;1989;106060;45126;60934
3333;Totaal mannen en vrouwen;35 tot 40 jaar;Westerse migratieachtergrond;1990;103824;42772;61052
3334;Totaal mannen en vrouwen;35 tot 40 jaar;Westerse migratieachtergrond;1991;103503;42046;61457
3335;Totaal mannen en vrouwen;35 tot 40 jaar;Westerse migratieachtergrond;1992;104803;43812;60991
3336;Totaal mannen en vrouwen;35 tot 40 jaar;Westerse migratieachtergrond;1993;106248;45625;60623
3337;Totaal mannen en vrouwen;35 tot 40 jaar;Westerse migratieachtergrond;1994;108220;46530;61690
3338;Totaal mannen en vrouwen;35 tot 40 jaar;Westerse migratieachtergrond;1995;110314;47195;63119
3339;Totaal mannen en vrouwen;35 tot 40 jaar;Westerse migratieachtergrond;1996;111133;47127;64006
3340;Totaal mannen en vrouwen;35 tot 40 jaar;Westerse migratieachtergrond;1997;111848;46466;65382
3341;Totaal mannen en vrouwen;35 tot 40 jaar;Westerse migratieachtergrond;1998;112881;45918;66963
3342;Totaal mannen en vrouwen;35 tot 40 jaar;Westerse migratieachtergrond;1999;114974;46661;68313
3343;Totaal mannen en vrouwen;35 tot 40 jaar;Westerse migratieachtergrond;2000;117976;48101;69875
3344;Totaal mannen en vrouwen;35 tot 40 jaar;Westerse migratieachtergrond;2001;121387;49998;71389
3345;Totaal mannen en vrouwen;35 tot 40 jaar;Westerse migratieachtergrond;2002;123700;51667;72033
3346;Totaal mannen en vrouwen;35 tot 40 jaar;Westerse migratieachtergrond;2003;125242;53269;71973
3347;Totaal mannen en vrouwen;35 tot 40 jaar;Westerse migratieachtergrond;2004;125481;53877;71604
3348;Totaal mannen en vrouwen;35 tot 40 jaar;Westerse migratieachtergrond;2005;125431;54114;71317
3349;Totaal mannen en vrouwen;35 tot 40 jaar;Westerse migratieachtergrond;2006;124414;54112;70302
3350;Totaal mannen en vrouwen;35 tot 40 jaar;Westerse migratieachtergrond;2007;123367;54627;68740
3351;Totaal mannen en vrouwen;35 tot 40 jaar;Westerse migratieachtergrond;2008;122364;55730;66634
3352;Totaal mannen en vrouwen;35 tot 40 jaar;Westerse migratieachtergrond;2009;121071;57776;63295
3353;Totaal mannen en vrouwen;35 tot 40 jaar;Westerse migratieachtergrond;2010;117861;58823;59038
3354;Totaal mannen en vrouwen;35 tot 40 jaar;Westerse migratieachtergrond;2011;115699;60337;55362
3355;Totaal mannen en vrouwen;35 tot 40 jaar;Westerse migratieachtergrond;2012;114799;62489;52310
3356;Totaal mannen en vrouwen;35 tot 40 jaar;Westerse migratieachtergrond;2013;113754;63963;49791
3357;Totaal mannen en vrouwen;35 tot 40 jaar;Westerse migratieachtergrond;2014;114864;65854;49010
3358;Totaal mannen en vrouwen;35 tot 40 jaar;Westerse migratieachtergrond;2015;117484;68821;48663
3359;Totaal mannen en vrouwen;35 tot 40 jaar;Westerse migratieachtergrond;2016;120929;72014;48915
3360;Totaal mannen en vrouwen;35 tot 40 jaar;Westerse migratieachtergrond;2017;124506;75517;48989
3361;Totaal mannen en vrouwen;35 tot 40 jaar;Westerse migratieachtergrond;2018;128856;80053;48803
3362;Totaal mannen en vrouwen;35 tot 40 jaar;Westerse migratieachtergrond;2019;133737;85714;48023
3363;Totaal mannen en vrouwen;35 tot 40 jaar;Westerse migratieachtergrond;2020;139616;92171;47445
3364;Totaal mannen en vrouwen;35 tot 40 jaar;Westerse migratieachtergrond;2021;143665;97307;46358
3365;Totaal mannen en vrouwen;35 tot 40 jaar;Westerse migratieachtergrond;2022;148389;102631;45758
3366;Totaal mannen en vrouwen;35 tot 40 jaar;Niet-westerse migratieachtergrond;1972;20622;20004;618
3367;Totaal mannen en vrouwen;35 tot 40 jaar;Niet-westerse migratieachtergrond;1973;21418;20791;627
3368;Totaal mannen en vrouwen;35 tot 40 jaar;Niet-westerse migratieachtergrond;1974;22200;21544;656
3369;Totaal mannen en vrouwen;35 tot 40 jaar;Niet-westerse migratieachtergrond;1975;24272;23591;681
3370;Totaal mannen en vrouwen;35 tot 40 jaar;Niet-westerse migratieachtergrond;1976;27518;26829;689
3371;Totaal mannen en vrouwen;35 tot 40 jaar;Niet-westerse migratieachtergrond;1977;28095;27391;704
3372;Totaal mannen en vrouwen;35 tot 40 jaar;Niet-westerse migratieachtergrond;1978;30754;30045;709
3373;Totaal mannen en vrouwen;35 tot 40 jaar;Niet-westerse migratieachtergrond;1979;34132;33393;739
3374;Totaal mannen en vrouwen;35 tot 40 jaar;Niet-westerse migratieachtergrond;1980;37588;36800;788
3375;Totaal mannen en vrouwen;35 tot 40 jaar;Niet-westerse migratieachtergrond;1981;42086;41278;808
3376;Totaal mannen en vrouwen;35 tot 40 jaar;Niet-westerse migratieachtergrond;1982;45635;44676;959
3377;Totaal mannen en vrouwen;35 tot 40 jaar;Niet-westerse migratieachtergrond;1983;47599;46472;1127
3378;Totaal mannen en vrouwen;35 tot 40 jaar;Niet-westerse migratieachtergrond;1984;50309;49040;1269
3379;Totaal mannen en vrouwen;35 tot 40 jaar;Niet-westerse migratieachtergrond;1985;53591;52243;1348
3380;Totaal mannen en vrouwen;35 tot 40 jaar;Niet-westerse migratieachtergrond;1986;56365;54861;1504
3381;Totaal mannen en vrouwen;35 tot 40 jaar;Niet-westerse migratieachtergrond;1987;59121;57579;1542
3382;Totaal mannen en vrouwen;35 tot 40 jaar;Niet-westerse migratieachtergrond;1988;62359;60785;1574
3383;Totaal mannen en vrouwen;35 tot 40 jaar;Niet-westerse migratieachtergrond;1989;64659;63037;1622
3384;Totaal mannen en vrouwen;35 tot 40 jaar;Niet-westerse migratieachtergrond;1990;67714;66005;1709
3385;Totaal mannen en vrouwen;35 tot 40 jaar;Niet-westerse migratieachtergrond;1991;71285;69492;1793
3386;Totaal mannen en vrouwen;35 tot 40 jaar;Niet-westerse migratieachtergrond;1992;77033;75127;1906
3387;Totaal mannen en vrouwen;35 tot 40 jaar;Niet-westerse migratieachtergrond;1993;81066;78958;2108
3388;Totaal mannen en vrouwen;35 tot 40 jaar;Niet-westerse migratieachtergrond;1994;86422;84123;2299
3389;Totaal mannen en vrouwen;35 tot 40 jaar;Niet-westerse migratieachtergrond;1995;90189;87821;2368
3390;Totaal mannen en vrouwen;35 tot 40 jaar;Niet-westerse migratieachtergrond;1996;97861;95271;2590
3391;Totaal mannen en vrouwen;35 tot 40 jaar;Niet-westerse migratieachtergrond;1997;102480;99637;2843
3392;Totaal mannen en vrouwen;35 tot 40 jaar;Niet-westerse migratieachtergrond;1998;110912;107792;3120
3393;Totaal mannen en vrouwen;35 tot 40 jaar;Niet-westerse migratieachtergrond;1999;119108;115544;3564
3394;Totaal mannen en vrouwen;35 tot 40 jaar;Niet-westerse migratieachtergrond;2000;128382;124234;4148
3395;Totaal mannen en vrouwen;35 tot 40 jaar;Niet-westerse migratieachtergrond;2001;135011;130167;4844
3396;Totaal mannen en vrouwen;35 tot 40 jaar;Niet-westerse migratieachtergrond;2002;143626;137918;5708
3397;Totaal mannen en vrouwen;35 tot 40 jaar;Niet-westerse migratieachtergrond;2003;146357;139628;6729
3398;Totaal mannen en vrouwen;35 tot 40 jaar;Niet-westerse migratieachtergrond;2004;150633;142755;7878
3399;Totaal mannen en vrouwen;35 tot 40 jaar;Niet-westerse migratieachtergrond;2005;152574;143391;9183
3400;Totaal mannen en vrouwen;35 tot 40 jaar;Niet-westerse migratieachtergrond;2006;155102;144353;10749
3401;Totaal mannen en vrouwen;35 tot 40 jaar;Niet-westerse migratieachtergrond;2007;156335;143754;12581
3402;Totaal mannen en vrouwen;35 tot 40 jaar;Niet-westerse migratieachtergrond;2008;160126;145453;14673
3403;Totaal mannen en vrouwen;35 tot 40 jaar;Niet-westerse migratieachtergrond;2009;161644;144974;16670
3404;Totaal mannen en vrouwen;35 tot 40 jaar;Niet-westerse migratieachtergrond;2010;163043;143915;19128
3405;Totaal mannen en vrouwen;35 tot 40 jaar;Niet-westerse migratieachtergrond;2011;160920;138796;22124
3406;Totaal mannen en vrouwen;35 tot 40 jaar;Niet-westerse migratieachtergrond;2012;159020;133433;25587
3407;Totaal mannen en vrouwen;35 tot 40 jaar;Niet-westerse migratieachtergrond;2013;158110;128414;29696
3408;Totaal mannen en vrouwen;35 tot 40 jaar;Niet-westerse migratieachtergrond;2014;159272;124377;34895
3409;Totaal mannen en vrouwen;35 tot 40 jaar;Niet-westerse migratieachtergrond;2015;161954;121418;40536
3410;Totaal mannen en vrouwen;35 tot 40 jaar;Niet-westerse migratieachtergrond;2016;168809;121485;47324
3411;Totaal mannen en vrouwen;35 tot 40 jaar;Niet-westerse migratieachtergrond;2017;178572;124202;54370
3412;Totaal mannen en vrouwen;35 tot 40 jaar;Niet-westerse migratieachtergrond;2018;186968;126781;60187
3413;Totaal mannen en vrouwen;35 tot 40 jaar;Niet-westerse migratieachtergrond;2019;196222;130706;65516
3414;Totaal mannen en vrouwen;35 tot 40 jaar;Niet-westerse migratieachtergrond;2020;207578;137463;70115
3415;Totaal mannen en vrouwen;35 tot 40 jaar;Niet-westerse migratieachtergrond;2021;214655;141396;73259
3416;Totaal mannen en vrouwen;35 tot 40 jaar;Niet-westerse migratieachtergrond;2022;222987;147069;75918
3417;Totaal mannen en vrouwen;35 tot 40 jaar;Marokko;1972;5454;5454;0
3418;Totaal mannen en vrouwen;35 tot 40 jaar;Marokko;1973;5423;5423;0
3419;Totaal mannen en vrouwen;35 tot 40 jaar;Marokko;1974;5308;5308;0
3420;Totaal mannen en vrouwen;35 tot 40 jaar;Marokko;1975;5329;5329;0
3421;Totaal mannen en vrouwen;35 tot 40 jaar;Marokko;1976;5581;5580;1
3422;Totaal mannen en vrouwen;35 tot 40 jaar;Marokko;1977;5653;5652;1
3423;Totaal mannen en vrouwen;35 tot 40 jaar;Marokko;1978;6249;6248;1
3424;Totaal mannen en vrouwen;35 tot 40 jaar;Marokko;1979;6993;6992;1
3425;Totaal mannen en vrouwen;35 tot 40 jaar;Marokko;1980;7576;7574;2
3426;Totaal mannen en vrouwen;35 tot 40 jaar;Marokko;1981;8371;8370;1
3427;Totaal mannen en vrouwen;35 tot 40 jaar;Marokko;1982;8998;8997;1
3428;Totaal mannen en vrouwen;35 tot 40 jaar;Marokko;1983;8850;8849;1
3429;Totaal mannen en vrouwen;35 tot 40 jaar;Marokko;1984;8512;8510;2
3430;Totaal mannen en vrouwen;35 tot 40 jaar;Marokko;1985;8292;8290;2
3431;Totaal mannen en vrouwen;35 tot 40 jaar;Marokko;1986;8011;8008;3
3432;Totaal mannen en vrouwen;35 tot 40 jaar;Marokko;1987;7898;7894;4
3433;Totaal mannen en vrouwen;35 tot 40 jaar;Marokko;1988;8173;8166;7
3434;Totaal mannen en vrouwen;35 tot 40 jaar;Marokko;1989;8430;8421;9
3435;Totaal mannen en vrouwen;35 tot 40 jaar;Marokko;1990;8909;8897;12
3436;Totaal mannen en vrouwen;35 tot 40 jaar;Marokko;1991;9219;9206;13
3437;Totaal mannen en vrouwen;35 tot 40 jaar;Marokko;1992;9992;9977;15
3438;Totaal mannen en vrouwen;35 tot 40 jaar;Marokko;1993;10449;10432;17
3439;Totaal mannen en vrouwen;35 tot 40 jaar;Marokko;1994;11203;11181;22
3440;Totaal mannen en vrouwen;35 tot 40 jaar;Marokko;1995;11886;11880;6
3441;Totaal mannen en vrouwen;35 tot 40 jaar;Marokko;1996;13160;13154;6
3442;Totaal mannen en vrouwen;35 tot 40 jaar;Marokko;1997;14174;14165;9
3443;Totaal mannen en vrouwen;35 tot 40 jaar;Marokko;1998;15676;15666;10
3444;Totaal mannen en vrouwen;35 tot 40 jaar;Marokko;1999;16949;16938;11
3445;Totaal mannen en vrouwen;35 tot 40 jaar;Marokko;2000;18659;18640;19
3446;Totaal mannen en vrouwen;35 tot 40 jaar;Marokko;2001;19695;19656;39
3447;Totaal mannen en vrouwen;35 tot 40 jaar;Marokko;2002;21397;21312;85
3448;Totaal mannen en vrouwen;35 tot 40 jaar;Marokko;2003;22376;22226;150
3449;Totaal mannen en vrouwen;35 tot 40 jaar;Marokko;2004;23827;23582;245
3450;Totaal mannen en vrouwen;35 tot 40 jaar;Marokko;2005;24986;24616;370
3451;Totaal mannen en vrouwen;35 tot 40 jaar;Marokko;2006;26434;25913;521
3452;Totaal mannen en vrouwen;35 tot 40 jaar;Marokko;2007;27237;26496;741
3453;Totaal mannen en vrouwen;35 tot 40 jaar;Marokko;2008;28270;27172;1098
3454;Totaal mannen en vrouwen;35 tot 40 jaar;Marokko;2009;28870;27283;1587
3455;Totaal mannen en vrouwen;35 tot 40 jaar;Marokko;2010;29602;27393;2209
3456;Totaal mannen en vrouwen;35 tot 40 jaar;Marokko;2011;29819;26790;3029
3457;Totaal mannen en vrouwen;35 tot 40 jaar;Marokko;2012;29981;26031;3950
3458;Totaal mannen en vrouwen;35 tot 40 jaar;Marokko;2013;30758;25720;5038
3459;Totaal mannen en vrouwen;35 tot 40 jaar;Marokko;2014;31246;25010;6236
3460;Totaal mannen en vrouwen;35 tot 40 jaar;Marokko;2015;31569;23930;7639
3461;Totaal mannen en vrouwen;35 tot 40 jaar;Marokko;2016;31921;22819;9102
3462;Totaal mannen en vrouwen;35 tot 40 jaar;Marokko;2017;32503;21751;10752
3463;Totaal mannen en vrouwen;35 tot 40 jaar;Marokko;2018;32428;20093;12335
3464;Totaal mannen en vrouwen;35 tot 40 jaar;Marokko;2019;32679;18861;13818
3465;Totaal mannen en vrouwen;35 tot 40 jaar;Marokko;2020;32651;17665;14986
3466;Totaal mannen en vrouwen;35 tot 40 jaar;Marokko;2021;32638;16496;16142
3467;Totaal mannen en vrouwen;35 tot 40 jaar;Marokko;2022;32394;15342;17052
3468;Totaal mannen en vrouwen;35 tot 40 jaar;(voormalige) Nederlandse Antillen, Aruba;1972;946;885;61
3469;Totaal mannen en vrouwen;35 tot 40 jaar;(voormalige) Nederlandse Antillen, Aruba;1973;1102;1040;62
3470;Totaal mannen en vrouwen;35 tot 40 jaar;(voormalige) Nederlandse Antillen, Aruba;1974;1243;1184;59
3471;Totaal mannen en vrouwen;35 tot 40 jaar;(voormalige) Nederlandse Antillen, Aruba;1975;1401;1350;51
3472;Totaal mannen en vrouwen;35 tot 40 jaar;(voormalige) Nederlandse Antillen, Aruba;1976;1554;1499;55
3473;Totaal mannen en vrouwen;35 tot 40 jaar;(voormalige) Nederlandse Antillen, Aruba;1977;1695;1644;51
3474;Totaal mannen en vrouwen;35 tot 40 jaar;(voormalige) Nederlandse Antillen, Aruba;1978;2019;1969;50
3475;Totaal mannen en vrouwen;35 tot 40 jaar;(voormalige) Nederlandse Antillen, Aruba;1979;2328;2277;51
3476;Totaal mannen en vrouwen;35 tot 40 jaar;(voormalige) Nederlandse Antillen, Aruba;1980;2659;2605;54
3477;Totaal mannen en vrouwen;35 tot 40 jaar;(voormalige) Nederlandse Antillen, Aruba;1981;3059;3007;52
3478;Totaal mannen en vrouwen;35 tot 40 jaar;(voormalige) Nederlandse Antillen, Aruba;1982;3396;3339;57
3479;Totaal mannen en vrouwen;35 tot 40 jaar;(voormalige) Nederlandse Antillen, Aruba;1983;3611;3546;65
3480;Totaal mannen en vrouwen;35 tot 40 jaar;(voormalige) Nederlandse Antillen, Aruba;1984;4005;3927;78
3481;Totaal mannen en vrouwen;35 tot 40 jaar;(voormalige) Nederlandse Antillen, Aruba;1985;4363;4272;91
3482;Totaal mannen en vrouwen;35 tot 40 jaar;(voormalige) Nederlandse Antillen, Aruba;1986;4764;4649;115
3483;Totaal mannen en vrouwen;35 tot 40 jaar;(voormalige) Nederlandse Antillen, Aruba;1987;5210;5076;134
3484;Totaal mannen en vrouwen;35 tot 40 jaar;(voormalige) Nederlandse Antillen, Aruba;1988;5546;5398;148
3485;Totaal mannen en vrouwen;35 tot 40 jaar;(voormalige) Nederlandse Antillen, Aruba;1989;5916;5754;162
3486;Totaal mannen en vrouwen;35 tot 40 jaar;(voormalige) Nederlandse Antillen, Aruba;1990;6272;6096;176
3487;Totaal mannen en vrouwen;35 tot 40 jaar;(voormalige) Nederlandse Antillen, Aruba;1991;6566;6371;195
3488;Totaal mannen en vrouwen;35 tot 40 jaar;(voormalige) Nederlandse Antillen, Aruba;1992;6917;6685;232
3489;Totaal mannen en vrouwen;35 tot 40 jaar;(voormalige) Nederlandse Antillen, Aruba;1993;7085;6795;290
3490;Totaal mannen en vrouwen;35 tot 40 jaar;(voormalige) Nederlandse Antillen, Aruba;1994;7220;6872;348
3491;Totaal mannen en vrouwen;35 tot 40 jaar;(voormalige) Nederlandse Antillen, Aruba;1995;7181;6793;388
3492;Totaal mannen en vrouwen;35 tot 40 jaar;(voormalige) Nederlandse Antillen, Aruba;1996;7305;6853;452
3493;Totaal mannen en vrouwen;35 tot 40 jaar;(voormalige) Nederlandse Antillen, Aruba;1997;7479;6966;513
3494;Totaal mannen en vrouwen;35 tot 40 jaar;(voormalige) Nederlandse Antillen, Aruba;1998;7785;7187;598
3495;Totaal mannen en vrouwen;35 tot 40 jaar;(voormalige) Nederlandse Antillen, Aruba;1999;8248;7534;714
3496;Totaal mannen en vrouwen;35 tot 40 jaar;(voormalige) Nederlandse Antillen, Aruba;2000;8863;8034;829
3497;Totaal mannen en vrouwen;35 tot 40 jaar;(voormalige) Nederlandse Antillen, Aruba;2001;9402;8431;971
3498;Totaal mannen en vrouwen;35 tot 40 jaar;(voormalige) Nederlandse Antillen, Aruba;2002;9791;8591;1200
3499;Totaal mannen en vrouwen;35 tot 40 jaar;(voormalige) Nederlandse Antillen, Aruba;2003;9978;8538;1440
3500;Totaal mannen en vrouwen;35 tot 40 jaar;(voormalige) Nederlandse Antillen, Aruba;2004;9889;8171;1718
3501;Totaal mannen en vrouwen;35 tot 40 jaar;(voormalige) Nederlandse Antillen, Aruba;2005;9932;7894;2038
3502;Totaal mannen en vrouwen;35 tot 40 jaar;(voormalige) Nederlandse Antillen, Aruba;2006;9975;7609;2366
3503;Totaal mannen en vrouwen;35 tot 40 jaar;(voormalige) Nederlandse Antillen, Aruba;2007;10294;7707;2587
3504;Totaal mannen en vrouwen;35 tot 40 jaar;(voormalige) Nederlandse Antillen, Aruba;2008;10599;7846;2753
3505;Totaal mannen en vrouwen;35 tot 40 jaar;(voormalige) Nederlandse Antillen, Aruba;2009;10686;7909;2777
3506;Totaal mannen en vrouwen;35 tot 40 jaar;(voormalige) Nederlandse Antillen, Aruba;2010;10595;7785;2810
3507;Totaal mannen en vrouwen;35 tot 40 jaar;(voormalige) Nederlandse Antillen, Aruba;2011;10479;7713;2766
3508;Totaal mannen en vrouwen;35 tot 40 jaar;(voormalige) Nederlandse Antillen, Aruba;2012;10272;7521;2751
3509;Totaal mannen en vrouwen;35 tot 40 jaar;(voormalige) Nederlandse Antillen, Aruba;2013;10124;7312;2812
3510;Totaal mannen en vrouwen;35 tot 40 jaar;(voormalige) Nederlandse Antillen, Aruba;2014;10228;7188;3040
3511;Totaal mannen en vrouwen;35 tot 40 jaar;(voormalige) Nederlandse Antillen, Aruba;2015;10555;7314;3241
3512;Totaal mannen en vrouwen;35 tot 40 jaar;(voormalige) Nederlandse Antillen, Aruba;2016;11016;7414;3602
3513;Totaal mannen en vrouwen;35 tot 40 jaar;(voormalige) Nederlandse Antillen, Aruba;2017;11502;7552;3950
3514;Totaal mannen en vrouwen;35 tot 40 jaar;(voormalige) Nederlandse Antillen, Aruba;2018;11928;7689;4239
3515;Totaal mannen en vrouwen;35 tot 40 jaar;(voormalige) Nederlandse Antillen, Aruba;2019;12497;8006;4491
3516;Totaal mannen en vrouwen;35 tot 40 jaar;(voormalige) Nederlandse Antillen, Aruba;2020;13122;8346;4776
3517;Totaal mannen en vrouwen;35 tot 40 jaar;(voormalige) Nederlandse Antillen, Aruba;2021;13660;8719;4941
3518;Totaal mannen en vrouwen;35 tot 40 jaar;(voormalige) Nederlandse Antillen, Aruba;2022;14205;9020;5185
3519;Totaal mannen en vrouwen;35 tot 40 jaar;Suriname;1972;3135;2856;279
3520;Totaal mannen en vrouwen;35 tot 40 jaar;Suriname;1973;3479;3193;286
3521;Totaal mannen en vrouwen;35 tot 40 jaar;Suriname;1974;3983;3677;306
3522;Totaal mannen en vrouwen;35 tot 40 jaar;Suriname;1975;4833;4513;320
3523;Totaal mannen en vrouwen;35 tot 40 jaar;Suriname;1976;6498;6187;311
3524;Totaal mannen en vrouwen;35 tot 40 jaar;Suriname;1977;6603;6284;319
3525;Totaal mannen en vrouwen;35 tot 40 jaar;Suriname;1978;7146;6832;314
3526;Totaal mannen en vrouwen;35 tot 40 jaar;Suriname;1979;7798;7478;320
3527;Totaal mannen en vrouwen;35 tot 40 jaar;Suriname;1980;8962;8632;330
3528;Totaal mannen en vrouwen;35 tot 40 jaar;Suriname;1981;10288;9946;342
3529;Totaal mannen en vrouwen;35 tot 40 jaar;Suriname;1982;11129;10725;404
3530;Totaal mannen en vrouwen;35 tot 40 jaar;Suriname;1983;11695;11242;453
3531;Totaal mannen en vrouwen;35 tot 40 jaar;Suriname;1984;12644;12141;503
3532;Totaal mannen en vrouwen;35 tot 40 jaar;Suriname;1985;13697;13163;534
3533;Totaal mannen en vrouwen;35 tot 40 jaar;Suriname;1986;14801;14201;600
3534;Totaal mannen en vrouwen;35 tot 40 jaar;Suriname;1987;16095;15469;626
3535;Totaal mannen en vrouwen;35 tot 40 jaar;Suriname;1988;17328;16687;641
3536;Totaal mannen en vrouwen;35 tot 40 jaar;Suriname;1989;18357;17680;677
3537;Totaal mannen en vrouwen;35 tot 40 jaar;Suriname;1990;19604;18873;731
3538;Totaal mannen en vrouwen;35 tot 40 jaar;Suriname;1991;21161;20379;782
3539;Totaal mannen en vrouwen;35 tot 40 jaar;Suriname;1992;22571;21741;830
3540;Totaal mannen en vrouwen;35 tot 40 jaar;Suriname;1993;23970;23016;954
3541;Totaal mannen en vrouwen;35 tot 40 jaar;Suriname;1994;25194;24145;1049
3542;Totaal mannen en vrouwen;35 tot 40 jaar;Suriname;1995;26149;25034;1115
3543;Totaal mannen en vrouwen;35 tot 40 jaar;Suriname;1996;26719;25496;1223
3544;Totaal mannen en vrouwen;35 tot 40 jaar;Suriname;1997;27444;26077;1367
3545;Totaal mannen en vrouwen;35 tot 40 jaar;Suriname;1998;28089;26554;1535
3546;Totaal mannen en vrouwen;35 tot 40 jaar;Suriname;1999;28905;27116;1789
3547;Totaal mannen en vrouwen;35 tot 40 jaar;Suriname;2000;29519;27386;2133
3548;Totaal mannen en vrouwen;35 tot 40 jaar;Suriname;2001;30058;27555;2503
3549;Totaal mannen en vrouwen;35 tot 40 jaar;Suriname;2002;30323;27439;2884
3550;Totaal mannen en vrouwen;35 tot 40 jaar;Suriname;2003;30337;27072;3265
3551;Totaal mannen en vrouwen;35 tot 40 jaar;Suriname;2004;30155;26494;3661
3552;Totaal mannen en vrouwen;35 tot 40 jaar;Suriname;2005;30299;26245;4054
3553;Totaal mannen en vrouwen;35 tot 40 jaar;Suriname;2006;30484;25956;4528
3554;Totaal mannen en vrouwen;35 tot 40 jaar;Suriname;2007;30642;25564;5078
3555;Totaal mannen en vrouwen;35 tot 40 jaar;Suriname;2008;30819;25284;5535
3556;Totaal mannen en vrouwen;35 tot 40 jaar;Suriname;2009;30235;24448;5787
3557;Totaal mannen en vrouwen;35 tot 40 jaar;Suriname;2010;29185;23021;6164
3558;Totaal mannen en vrouwen;35 tot 40 jaar;Suriname;2011;27948;21120;6828
3559;Totaal mannen en vrouwen;35 tot 40 jaar;Suriname;2012;26588;18772;7816
3560;Totaal mannen en vrouwen;35 tot 40 jaar;Suriname;2013;25444;16585;8859
3561;Totaal mannen en vrouwen;35 tot 40 jaar;Suriname;2014;24985;14811;10174
3562;Totaal mannen en vrouwen;35 tot 40 jaar;Suriname;2015;24870;13313;11557
3563;Totaal mannen en vrouwen;35 tot 40 jaar;Suriname;2016;25182;11852;13330
3564;Totaal mannen en vrouwen;35 tot 40 jaar;Suriname;2017;25633;10833;14800
3565;Totaal mannen en vrouwen;35 tot 40 jaar;Suriname;2018;26397;10020;16377
3566;Totaal mannen en vrouwen;35 tot 40 jaar;Suriname;2019;27419;9434;17985
3567;Totaal mannen en vrouwen;35 tot 40 jaar;Suriname;2020;28576;9068;19508
3568;Totaal mannen en vrouwen;35 tot 40 jaar;Suriname;2021;29604;9181;20423
3569;Totaal mannen en vrouwen;35 tot 40 jaar;Suriname;2022;30491;9243;21248
3570;Totaal mannen en vrouwen;35 tot 40 jaar;Turkije;1972;8310;8301;9
3571;Totaal mannen en vrouwen;35 tot 40 jaar;Turkije;1973;8366;8360;6
3572;Totaal mannen en vrouwen;35 tot 40 jaar;Turkije;1974;8178;8172;6
3573;Totaal mannen en vrouwen;35 tot 40 jaar;Turkije;1975;8618;8610;8
3574;Totaal mannen en vrouwen;35 tot 40 jaar;Turkije;1976;8831;8826;5
3575;Totaal mannen en vrouwen;35 tot 40 jaar;Turkije;1977;8495;8488;7
3576;Totaal mannen en vrouwen;35 tot 40 jaar;Turkije;1978;8751;8742;9
3577;Totaal mannen en vrouwen;35 tot 40 jaar;Turkije;1979;9286;9276;10
3578;Totaal mannen en vrouwen;35 tot 40 jaar;Turkije;1980;9264;9255;9
3579;Totaal mannen en vrouwen;35 tot 40 jaar;Turkije;1981;9449;9439;10
3580;Totaal mannen en vrouwen;35 tot 40 jaar;Turkije;1982;9142;9130;12
3581;Totaal mannen en vrouwen;35 tot 40 jaar;Turkije;1983;8637;8623;14
3582;Totaal mannen en vrouwen;35 tot 40 jaar;Turkije;1984;8353;8336;17
3583;Totaal mannen en vrouwen;35 tot 40 jaar;Turkije;1985;8598;8580;18
3584;Totaal mannen en vrouwen;35 tot 40 jaar;Turkije;1986;9168;9147;21
3585;Totaal mannen en vrouwen;35 tot 40 jaar;Turkije;1987;9747;9721;26
3586;Totaal mannen en vrouwen;35 tot 40 jaar;Turkije;1988;10461;10436;25
3587;Totaal mannen en vrouwen;35 tot 40 jaar;Turkije;1989;10800;10774;26
3588;Totaal mannen en vrouwen;35 tot 40 jaar;Turkije;1990;11057;11029;28
3589;Totaal mannen en vrouwen;35 tot 40 jaar;Turkije;1991;11518;11485;33
3590;Totaal mannen en vrouwen;35 tot 40 jaar;Turkije;1992;12895;12867;28
3591;Totaal mannen en vrouwen;35 tot 40 jaar;Turkije;1993;13225;13194;31
3592;Totaal mannen en vrouwen;35 tot 40 jaar;Turkije;1994;13903;13867;36
3593;Totaal mannen en vrouwen;35 tot 40 jaar;Turkije;1995;15030;15014;16
3594;Totaal mannen en vrouwen;35 tot 40 jaar;Turkije;1996;17524;17506;18
3595;Totaal mannen en vrouwen;35 tot 40 jaar;Turkije;1997;18516;18495;21
3596;Totaal mannen en vrouwen;35 tot 40 jaar;Turkije;1998;21472;21449;23
3597;Totaal mannen en vrouwen;35 tot 40 jaar;Turkije;1999;24129;24101;28
3598;Totaal mannen en vrouwen;35 tot 40 jaar;Turkije;2000;26888;26839;49
3599;Totaal mannen en vrouwen;35 tot 40 jaar;Turkije;2001;28743;28641;102
3600;Totaal mannen en vrouwen;35 tot 40 jaar;Turkije;2002;31483;31258;225
3601;Totaal mannen en vrouwen;35 tot 40 jaar;Turkije;2003;31482;31077;405
3602;Totaal mannen en vrouwen;35 tot 40 jaar;Turkije;2004;32883;32259;624
3603;Totaal mannen en vrouwen;35 tot 40 jaar;Turkije;2005;33543;32620;923
3604;Totaal mannen en vrouwen;35 tot 40 jaar;Turkije;2006;34147;32806;1341
3605;Totaal mannen en vrouwen;35 tot 40 jaar;Turkije;2007;34777;32881;1896
3606;Totaal mannen en vrouwen;35 tot 40 jaar;Turkije;2008;36913;34217;2696
3607;Totaal mannen en vrouwen;35 tot 40 jaar;Turkije;2009;37790;34152;3638
3608;Totaal mannen en vrouwen;35 tot 40 jaar;Turkije;2010;38339;33638;4701
3609;Totaal mannen en vrouwen;35 tot 40 jaar;Turkije;2011;37562;31730;5832
3610;Totaal mannen en vrouwen;35 tot 40 jaar;Turkije;2012;36306;29376;6930
3611;Totaal mannen en vrouwen;35 tot 40 jaar;Turkije;2013;35760;27545;8215
3612;Totaal mannen en vrouwen;35 tot 40 jaar;Turkije;2014;35419;25650;9769
3613;Totaal mannen en vrouwen;35 tot 40 jaar;Turkije;2015;34948;23544;11404
3614;Totaal mannen en vrouwen;35 tot 40 jaar;Turkije;2016;35671;22244;13427
3615;Totaal mannen en vrouwen;35 tot 40 jaar;Turkije;2017;36974;21340;15634
3616;Totaal mannen en vrouwen;35 tot 40 jaar;Turkije;2018;36995;20099;16896
3617;Totaal mannen en vrouwen;35 tot 40 jaar;Turkije;2019;36971;19070;17901
3618;Totaal mannen en vrouwen;35 tot 40 jaar;Turkije;2020;37333;18799;18534
3619;Totaal mannen en vrouwen;35 tot 40 jaar;Turkije;2021;36949;18405;18544
3620;Totaal mannen en vrouwen;35 tot 40 jaar;Turkije;2022;36725;18278;18447
3621;Totaal mannen en vrouwen;35 tot 40 jaar;Overige niet-westerse migratieachterg...;1972;2777;2508;269
3622;Totaal mannen en vrouwen;35 tot 40 jaar;Overige niet-westerse migratieachterg...;1973;3048;2775;273
3623;Totaal mannen en vrouwen;35 tot 40 jaar;Overige niet-westerse migratieachterg...;1974;3488;3203;285
3624;Totaal mannen en vrouwen;35 tot 40 jaar;Overige niet-westerse migratieachterg...;1975;4091;3789;302
3625;Totaal mannen en vrouwen;35 tot 40 jaar;Overige niet-westerse migratieachterg...;1976;5054;4737;317
3626;Totaal mannen en vrouwen;35 tot 40 jaar;Overige niet-westerse migratieachterg...;1977;5649;5323;326
3627;Totaal mannen en vrouwen;35 tot 40 jaar;Overige niet-westerse migratieachterg...;1978;6589;6254;335
3628;Totaal mannen en vrouwen;35 tot 40 jaar;Overige niet-westerse migratieachterg...;1979;7727;7370;357
3629;Totaal mannen en vrouwen;35 tot 40 jaar;Overige niet-westerse migratieachterg...;1980;9127;8734;393
3630;Totaal mannen en vrouwen;35 tot 40 jaar;Overige niet-westerse migratieachterg...;1981;10919;10516;403
3631;Totaal mannen en vrouwen;35 tot 40 jaar;Overige niet-westerse migratieachterg...;1982;12970;12485;485
3632;Totaal mannen en vrouwen;35 tot 40 jaar;Overige niet-westerse migratieachterg...;1983;14806;14212;594
3633;Totaal mannen en vrouwen;35 tot 40 jaar;Overige niet-westerse migratieachterg...;1984;16795;16126;669
3634;Totaal mannen en vrouwen;35 tot 40 jaar;Overige niet-westerse migratieachterg...;1985;18641;17938;703
3635;Totaal mannen en vrouwen;35 tot 40 jaar;Overige niet-westerse migratieachterg...;1986;19621;18856;765
3636;Totaal mannen en vrouwen;35 tot 40 jaar;Overige niet-westerse migratieachterg...;1987;20171;19419;752
3637;Totaal mannen en vrouwen;35 tot 40 jaar;Overige niet-westerse migratieachterg...;1988;20851;20098;753
3638;Totaal mannen en vrouwen;35 tot 40 jaar;Overige niet-westerse migratieachterg...;1989;21156;20408;748
3639;Totaal mannen en vrouwen;35 tot 40 jaar;Overige niet-westerse migratieachterg...;1990;21872;21110;762
3640;Totaal mannen en vrouwen;35 tot 40 jaar;Overige niet-westerse migratieachterg...;1991;22821;22051;770
3641;Totaal mannen en vrouwen;35 tot 40 jaar;Overige niet-westerse migratieachterg...;1992;24658;23857;801
3642;Totaal mannen en vrouwen;35 tot 40 jaar;Overige niet-westerse migratieachterg...;1993;26337;25521;816
3643;Totaal mannen en vrouwen;35 tot 40 jaar;Overige niet-westerse migratieachterg...;1994;28902;28058;844
3644;Totaal mannen en vrouwen;35 tot 40 jaar;Overige niet-westerse migratieachterg...;1995;29943;29100;843
3645;Totaal mannen en vrouwen;35 tot 40 jaar;Overige niet-westerse migratieachterg...;1996;33153;32262;891
3646;Totaal mannen en vrouwen;35 tot 40 jaar;Overige niet-westerse migratieachterg...;1997;34867;33934;933
3647;Totaal mannen en vrouwen;35 tot 40 jaar;Overige niet-westerse migratieachterg...;1998;37890;36936;954
3648;Totaal mannen en vrouwen;35 tot 40 jaar;Overige niet-westerse migratieachterg...;1999;40877;39855;1022
3649;Totaal mannen en vrouwen;35 tot 40 jaar;Overige niet-westerse migratieachterg...;2000;44453;43335;1118
3650;Totaal mannen en vrouwen;35 tot 40 jaar;Overige niet-westerse migratieachterg...;2001;47113;45884;1229
3651;Totaal mannen en vrouwen;35 tot 40 jaar;Overige niet-westerse migratieachterg...;2002;50632;49318;1314
3652;Totaal mannen en vrouwen;35 tot 40 jaar;Overige niet-westerse migratieachterg...;2003;52184;50715;1469
3653;Totaal mannen en vrouwen;35 tot 40 jaar;Overige niet-westerse migratieachterg...;2004;53879;52249;1630
3654;Totaal mannen en vrouwen;35 tot 40 jaar;Overige niet-westerse migratieachterg...;2005;53814;52016;1798
3655;Totaal mannen en vrouwen;35 tot 40 jaar;Overige niet-westerse migratieachterg...;2006;54062;52069;1993
3656;Totaal mannen en vrouwen;35 tot 40 jaar;Overige niet-westerse migratieachterg...;2007;53385;51106;2279
3657;Totaal mannen en vrouwen;35 tot 40 jaar;Overige niet-westerse migratieachterg...;2008;53525;50934;2591
3658;Totaal mannen en vrouwen;35 tot 40 jaar;Overige niet-westerse migratieachterg...;2009;54063;51182;2881
3659;Totaal mannen en vrouwen;35 tot 40 jaar;Overige niet-westerse migratieachterg...;2010;55322;52078;3244
3660;Totaal mannen en vrouwen;35 tot 40 jaar;Overige niet-westerse migratieachterg...;2011;55112;51443;3669
3661;Totaal mannen en vrouwen;35 tot 40 jaar;Overige niet-westerse migratieachterg...;2012;55873;51733;4140
3662;Totaal mannen en vrouwen;35 tot 40 jaar;Overige niet-westerse migratieachterg...;2013;56024;51252;4772
3663;Totaal mannen en vrouwen;35 tot 40 jaar;Overige niet-westerse migratieachterg...;2014;57394;51718;5676
3664;Totaal mannen en vrouwen;35 tot 40 jaar;Overige niet-westerse migratieachterg...;2015;60012;53317;6695
3665;Totaal mannen en vrouwen;35 tot 40 jaar;Overige niet-westerse migratieachterg...;2016;65019;57156;7863
3666;Totaal mannen en vrouwen;35 tot 40 jaar;Overige niet-westerse migratieachterg...;2017;71960;62726;9234
3667;Totaal mannen en vrouwen;35 tot 40 jaar;Overige niet-westerse migratieachterg...;2018;79220;68880;10340
3668;Totaal mannen en vrouwen;35 tot 40 jaar;Overige niet-westerse migratieachterg...;2019;86656;75335;11321
3669;Totaal mannen en vrouwen;35 tot 40 jaar;Overige niet-westerse migratieachterg...;2020;95896;83585;12311
3670;Totaal mannen en vrouwen;35 tot 40 jaar;Overige niet-westerse migratieachterg...;2021;101804;88595;13209
3671;Totaal mannen en vrouwen;35 tot 40 jaar;Overige niet-westerse migratieachterg...;2022;109172;95186;13986
3672;Totaal mannen en vrouwen;40 tot 45 jaar;Met migratieachtergrond;1972;78250;42441;35809
3673;Totaal mannen en vrouwen;40 tot 45 jaar;Met migratieachtergrond;1973;82182;44099;38083
3674;Totaal mannen en vrouwen;40 tot 45 jaar;Met migratieachtergrond;1974;85190;45322;39868
3675;Totaal mannen en vrouwen;40 tot 45 jaar;Met migratieachtergrond;1975;89709;47715;41994
3676;Totaal mannen en vrouwen;40 tot 45 jaar;Met migratieachtergrond;1976;95868;51939;43929
3677;Totaal mannen en vrouwen;40 tot 45 jaar;Met migratieachtergrond;1977;100906;55074;45832
3678;Totaal mannen en vrouwen;40 tot 45 jaar;Met migratieachtergrond;1978;105786;58629;47157
3679;Totaal mannen en vrouwen;40 tot 45 jaar;Met migratieachtergrond;1979;112152;63426;48726
3680;Totaal mannen en vrouwen;40 tot 45 jaar;Met migratieachtergrond;1980;119018;69177;49841
3681;Totaal mannen en vrouwen;40 tot 45 jaar;Met migratieachtergrond;1981;127145;76336;50809
3682;Totaal mannen en vrouwen;40 tot 45 jaar;Met migratieachtergrond;1982;130353;79690;50663
3683;Totaal mannen en vrouwen;40 tot 45 jaar;Met migratieachtergrond;1983;132925;82046;50879
3684;Totaal mannen en vrouwen;40 tot 45 jaar;Met migratieachtergrond;1984;131442;80393;51049
3685;Totaal mannen en vrouwen;40 tot 45 jaar;Met migratieachtergrond;1985;130392;79304;51088
3686;Totaal mannen en vrouwen;40 tot 45 jaar;Met migratieachtergrond;1986;128186;77541;50645
3687;Totaal mannen en vrouwen;40 tot 45 jaar;Met migratieachtergrond;1987;135053;79495;55558
3688;Totaal mannen en vrouwen;40 tot 45 jaar;Met migratieachtergrond;1988;142576;82967;59609
3689;Totaal mannen en vrouwen;40 tot 45 jaar;Met migratieachtergrond;1989;152852;91007;61845
3690;Totaal mannen en vrouwen;40 tot 45 jaar;Met migratieachtergrond;1990;162487;98977;63510
3691;Totaal mannen en vrouwen;40 tot 45 jaar;Met migratieachtergrond;1991;172799;107440;65359
3692;Totaal mannen en vrouwen;40 tot 45 jaar;Met migratieachtergrond;1992;175859;112101;63758
3693;Totaal mannen en vrouwen;40 tot 45 jaar;Met migratieachtergrond;1993;177536;114760;62776
3694;Totaal mannen en vrouwen;40 tot 45 jaar;Met migratieachtergrond;1994;179741;117332;62409
3695;Totaal mannen en vrouwen;40 tot 45 jaar;Met migratieachtergrond;1995;181260;118641;62619
3696;Totaal mannen en vrouwen;40 tot 45 jaar;Met migratieachtergrond;1996;182904;119783;63121
3697;Totaal mannen en vrouwen;40 tot 45 jaar;Met migratieachtergrond;1997;186952;124479;62473
3698;Totaal mannen en vrouwen;40 tot 45 jaar;Met migratieachtergrond;1998;190844;128628;62216
3699;Totaal mannen en vrouwen;40 tot 45 jaar;Met migratieachtergrond;1999;197154;133968;63186
3700;Totaal mannen en vrouwen;40 tot 45 jaar;Met migratieachtergrond;2000;204017;139351;64666
3701;Totaal mannen en vrouwen;40 tot 45 jaar;Met migratieachtergrond;2001;215288;149498;65790
3702;Totaal mannen en vrouwen;40 tot 45 jaar;Met migratieachtergrond;2002;223866;156329;67537
3703;Totaal mannen en vrouwen;40 tot 45 jaar;Met migratieachtergrond;2003;234057;164762;69295
3704;Totaal mannen en vrouwen;40 tot 45 jaar;Met migratieachtergrond;2004;242428;171458;70970
3705;Totaal mannen en vrouwen;40 tot 45 jaar;Met migratieachtergrond;2005;251448;178577;72871
3706;Totaal mannen en vrouwen;40 tot 45 jaar;Met migratieachtergrond;2006;256619;181718;74901
3707;Totaal mannen en vrouwen;40 tot 45 jaar;Met migratieachtergrond;2007;261825;185626;76199
3708;Totaal mannen en vrouwen;40 tot 45 jaar;Met migratieachtergrond;2008;264076;186994;77082
3709;Totaal mannen en vrouwen;40 tot 45 jaar;Met migratieachtergrond;2009;269603;191857;77746
3710;Totaal mannen en vrouwen;40 tot 45 jaar;Met migratieachtergrond;2010;274256;195251;79005
3711;Totaal mannen en vrouwen;40 tot 45 jaar;Met migratieachtergrond;2011;278879;199163;79716
3712;Totaal mannen en vrouwen;40 tot 45 jaar;Met migratieachtergrond;2012;282848;202652;80196
3713;Totaal mannen en vrouwen;40 tot 45 jaar;Met migratieachtergrond;2013;286277;205997;80280
3714;Totaal mannen en vrouwen;40 tot 45 jaar;Met migratieachtergrond;2014;285133;206125;79008
3715;Totaal mannen en vrouwen;40 tot 45 jaar;Met migratieachtergrond;2015;283479;206445;77034
3716;Totaal mannen en vrouwen;40 tot 45 jaar;Met migratieachtergrond;2016;280964;204633;76331
3717;Totaal mannen en vrouwen;40 tot 45 jaar;Met migratieachtergrond;2017;280689;203778;76911
3718;Totaal mannen en vrouwen;40 tot 45 jaar;Met migratieachtergrond;2018;283610;204956;78654
3719;Totaal mannen en vrouwen;40 tot 45 jaar;Met migratieachtergrond;2019;291671;208565;83106
3720;Totaal mannen en vrouwen;40 tot 45 jaar;Met migratieachtergrond;2020;302501;214102;88399
3721;Totaal mannen en vrouwen;40 tot 45 jaar;Met migratieachtergrond;2021;316133;220330;95803
3722;Totaal mannen en vrouwen;40 tot 45 jaar;Met migratieachtergrond;2022;331269;228079;103190
3723;Totaal mannen en vrouwen;40 tot 45 jaar;Westerse migratieachtergrond;1972;70535;35333;35202
3724;Totaal mannen en vrouwen;40 tot 45 jaar;Westerse migratieachtergrond;1973;72329;34852;37477
3725;Totaal mannen en vrouwen;40 tot 45 jaar;Westerse migratieachtergrond;1974;72265;33000;39265
3726;Totaal mannen en vrouwen;40 tot 45 jaar;Westerse migratieachtergrond;1975;73752;32355;41397
3727;Totaal mannen en vrouwen;40 tot 45 jaar;Westerse migratieachtergrond;1976;74905;31578;43327
3728;Totaal mannen en vrouwen;40 tot 45 jaar;Westerse migratieachtergrond;1977;76031;30807;45224
3729;Totaal mannen en vrouwen;40 tot 45 jaar;Westerse migratieachtergrond;1978;79722;33180;46542
3730;Totaal mannen en vrouwen;40 tot 45 jaar;Westerse migratieachtergrond;1979;84892;36809;48083
3731;Totaal mannen en vrouwen;40 tot 45 jaar;Westerse migratieachtergrond;1980;89354;40180;49174
3732;Totaal mannen en vrouwen;40 tot 45 jaar;Westerse migratieachtergrond;1981;95285;45153;50132
3733;Totaal mannen en vrouwen;40 tot 45 jaar;Westerse migratieachtergrond;1982;97602;47628;49974
3734;Totaal mannen en vrouwen;40 tot 45 jaar;Westerse migratieachtergrond;1983;97762;47579;50183
3735;Totaal mannen en vrouwen;40 tot 45 jaar;Westerse migratieachtergrond;1984;93665;43342;50323
3736;Totaal mannen en vrouwen;40 tot 45 jaar;Westerse migratieachtergrond;1985;90687;40370;50317
3737;Totaal mannen en vrouwen;40 tot 45 jaar;Westerse migratieachtergrond;1986;85983;36130;49853
3738;Totaal mannen en vrouwen;40 tot 45 jaar;Westerse migratieachtergrond;1987;90146;35528;54618
3739;Totaal mannen en vrouwen;40 tot 45 jaar;Westerse migratieachtergrond;1988;95956;37455;58501
3740;Totaal mannen en vrouwen;40 tot 45 jaar;Westerse migratieachtergrond;1989;103555;42957;60598
3741;Totaal mannen en vrouwen;40 tot 45 jaar;Westerse migratieachtergrond;1990;110599;48414;62185
3742;Totaal mannen en vrouwen;40 tot 45 jaar;Westerse migratieachtergrond;1991;117289;53409;63880
3743;Totaal mannen en vrouwen;40 tot 45 jaar;Westerse migratieachtergrond;1992;117321;55080;62241
3744;Totaal mannen en vrouwen;40 tot 45 jaar;Westerse migratieachtergrond;1993;115857;54632;61225
3745;Totaal mannen en vrouwen;40 tot 45 jaar;Westerse migratieachtergrond;1994;115594;54779;60815
3746;Totaal mannen en vrouwen;40 tot 45 jaar;Westerse migratieachtergrond;1995;114462;53465;60997
3747;Totaal mannen en vrouwen;40 tot 45 jaar;Westerse migratieachtergrond;1996;112934;51509;61425
3748;Totaal mannen en vrouwen;40 tot 45 jaar;Westerse migratieachtergrond;1997;111132;50440;60692
3749;Totaal mannen en vrouwen;40 tot 45 jaar;Westerse migratieachtergrond;1998;110027;49779;60248
3750;Totaal mannen en vrouwen;40 tot 45 jaar;Westerse migratieachtergrond;1999;109649;48570;61079
3751;Totaal mannen en vrouwen;40 tot 45 jaar;Westerse migratieachtergrond;2000;110284;47950;62334
3752;Totaal mannen en vrouwen;40 tot 45 jaar;Westerse migratieachtergrond;2001;111567;48335;63232
3753;Totaal mannen en vrouwen;40 tot 45 jaar;Westerse migratieachtergrond;2002;113770;49056;64714
3754;Totaal mannen en vrouwen;40 tot 45 jaar;Westerse migratieachtergrond;2003;115198;49003;66195
3755;Totaal mannen en vrouwen;40 tot 45 jaar;Westerse migratieachtergrond;2004;116828;49375;67453
3756;Totaal mannen en vrouwen;40 tot 45 jaar;Westerse migratieachtergrond;2005;118595;49816;68779
3757;Totaal mannen en vrouwen;40 tot 45 jaar;Westerse migratieachtergrond;2006;120584;50442;70142
3758;Totaal mannen en vrouwen;40 tot 45 jaar;Westerse migratieachtergrond;2007;121157;50539;70618
3759;Totaal mannen en vrouwen;40 tot 45 jaar;Westerse migratieachtergrond;2008;123005;52476;70529
3760;Totaal mannen en vrouwen;40 tot 45 jaar;Westerse migratieachtergrond;2009;124554;54462;70092
3761;Totaal mannen en vrouwen;40 tot 45 jaar;Westerse migratieachtergrond;2010;125940;55908;70032
3762;Totaal mannen en vrouwen;40 tot 45 jaar;Westerse migratieachtergrond;2011;126522;57352;69170
3763;Totaal mannen en vrouwen;40 tot 45 jaar;Westerse migratieachtergrond;2012;127342;59517;67825
3764;Totaal mannen en vrouwen;40 tot 45 jaar;Westerse migratieachtergrond;2013;126296;60420;65876
3765;Totaal mannen en vrouwen;40 tot 45 jaar;Westerse migratieachtergrond;2014;124292;61670;62622
3766;Totaal mannen en vrouwen;40 tot 45 jaar;Westerse migratieachtergrond;2015;121748;63420;58328
3767;Totaal mannen en vrouwen;40 tot 45 jaar;Westerse migratieachtergrond;2016;119900;65192;54708
3768;Totaal mannen en vrouwen;40 tot 45 jaar;Westerse migratieachtergrond;2017;119301;67498;51803
3769;Totaal mannen en vrouwen;40 tot 45 jaar;Westerse migratieachtergrond;2018;119900;70483;49417
3770;Totaal mannen en vrouwen;40 tot 45 jaar;Westerse migratieachtergrond;2019;123441;74742;48699
3771;Totaal mannen en vrouwen;40 tot 45 jaar;Westerse migratieachtergrond;2020;128027;79754;48273
3772;Totaal mannen en vrouwen;40 tot 45 jaar;Westerse migratieachtergrond;2021;132845;84159;48686
3773;Totaal mannen en vrouwen;40 tot 45 jaar;Westerse migratieachtergrond;2022;136961;88121;48840
3774;Totaal mannen en vrouwen;40 tot 45 jaar;Niet-westerse migratieachtergrond;1972;7715;7108;607
3775;Totaal mannen en vrouwen;40 tot 45 jaar;Niet-westerse migratieachtergrond;1973;9853;9247;606
3776;Totaal mannen en vrouwen;40 tot 45 jaar;Niet-westerse migratieachtergrond;1974;12925;12322;603
3777;Totaal mannen en vrouwen;40 tot 45 jaar;Niet-westerse migratieachtergrond;1975;15957;15360;597
3778;Totaal mannen en vrouwen;40 tot 45 jaar;Niet-westerse migratieachtergrond;1976;20963;20361;602
3779;Totaal mannen en vrouwen;40 tot 45 jaar;Niet-westerse migratieachtergrond;1977;24875;24267;608
3780;Totaal mannen en vrouwen;40 tot 45 jaar;Niet-westerse migratieachtergrond;1978;26064;25449;615
3781;Totaal mannen en vrouwen;40 tot 45 jaar;Niet-westerse migratieachtergrond;1979;27260;26617;643
3782;Totaal mannen en vrouwen;40 tot 45 jaar;Niet-westerse migratieachtergrond;1980;29664;28997;667
3783;Totaal mannen en vrouwen;40 tot 45 jaar;Niet-westerse migratieachtergrond;1981;31860;31183;677
3784;Totaal mannen en vrouwen;40 tot 45 jaar;Niet-westerse migratieachtergrond;1982;32751;32062;689
3785;Totaal mannen en vrouwen;40 tot 45 jaar;Niet-westerse migratieachtergrond;1983;35163;34467;696
3786;Totaal mannen en vrouwen;40 tot 45 jaar;Niet-westerse migratieachtergrond;1984;37777;37051;726
3787;Totaal mannen en vrouwen;40 tot 45 jaar;Niet-westerse migratieachtergrond;1985;39705;38934;771
3788;Totaal mannen en vrouwen;40 tot 45 jaar;Niet-westerse migratieachtergrond;1986;42203;41411;792
3789;Totaal mannen en vrouwen;40 tot 45 jaar;Niet-westerse migratieachtergrond;1987;44907;43967;940
3790;Totaal mannen en vrouwen;40 tot 45 jaar;Niet-westerse migratieachtergrond;1988;46620;45512;1108
3791;Totaal mannen en vrouwen;40 tot 45 jaar;Niet-westerse migratieachtergrond;1989;49297;48050;1247
3792;Totaal mannen en vrouwen;40 tot 45 jaar;Niet-westerse migratieachtergrond;1990;51888;50563;1325
3793;Totaal mannen en vrouwen;40 tot 45 jaar;Niet-westerse migratieachtergrond;1991;55510;54031;1479
3794;Totaal mannen en vrouwen;40 tot 45 jaar;Niet-westerse migratieachtergrond;1992;58538;57021;1517
3795;Totaal mannen en vrouwen;40 tot 45 jaar;Niet-westerse migratieachtergrond;1993;61679;60128;1551
3796;Totaal mannen en vrouwen;40 tot 45 jaar;Niet-westerse migratieachtergrond;1994;64147;62553;1594
3797;Totaal mannen en vrouwen;40 tot 45 jaar;Niet-westerse migratieachtergrond;1995;66798;65176;1622
3798;Totaal mannen en vrouwen;40 tot 45 jaar;Niet-westerse migratieachtergrond;1996;69970;68274;1696
3799;Totaal mannen en vrouwen;40 tot 45 jaar;Niet-westerse migratieachtergrond;1997;75820;74039;1781
3800;Totaal mannen en vrouwen;40 tot 45 jaar;Niet-westerse migratieachtergrond;1998;80817;78849;1968
3801;Totaal mannen en vrouwen;40 tot 45 jaar;Niet-westerse migratieachtergrond;1999;87505;85398;2107
3802;Totaal mannen en vrouwen;40 tot 45 jaar;Niet-westerse migratieachtergrond;2000;93733;91401;2332
3803;Totaal mannen en vrouwen;40 tot 45 jaar;Niet-westerse migratieachtergrond;2001;103721;101163;2558
3804;Totaal mannen en vrouwen;40 tot 45 jaar;Niet-westerse migratieachtergrond;2002;110096;107273;2823
3805;Totaal mannen en vrouwen;40 tot 45 jaar;Niet-westerse migratieachtergrond;2003;118859;115759;3100
3806;Totaal mannen en vrouwen;40 tot 45 jaar;Niet-westerse migratieachtergrond;2004;125600;122083;3517
3807;Totaal mannen en vrouwen;40 tot 45 jaar;Niet-westerse migratieachtergrond;2005;132853;128761;4092
3808;Totaal mannen en vrouwen;40 tot 45 jaar;Niet-westerse migratieachtergrond;2006;136035;131276;4759
3809;Totaal mannen en vrouwen;40 tot 45 jaar;Niet-westerse migratieachtergrond;2007;140668;135087;5581
3810;Totaal mannen en vrouwen;40 tot 45 jaar;Niet-westerse migratieachtergrond;2008;141071;134518;6553
3811;Totaal mannen en vrouwen;40 tot 45 jaar;Niet-westerse migratieachtergrond;2009;145049;137395;7654
3812;Totaal mannen en vrouwen;40 tot 45 jaar;Niet-westerse migratieachtergrond;2010;148316;139343;8973
3813;Totaal mannen en vrouwen;40 tot 45 jaar;Niet-westerse migratieachtergrond;2011;152357;141811;10546
3814;Totaal mannen en vrouwen;40 tot 45 jaar;Niet-westerse migratieachtergrond;2012;155506;143135;12371
3815;Totaal mannen en vrouwen;40 tot 45 jaar;Niet-westerse migratieachtergrond;2013;159981;145577;14404
3816;Totaal mannen en vrouwen;40 tot 45 jaar;Niet-westerse migratieachtergrond;2014;160841;144455;16386
3817;Totaal mannen en vrouwen;40 tot 45 jaar;Niet-westerse migratieachtergrond;2015;161731;143025;18706
3818;Totaal mannen en vrouwen;40 tot 45 jaar;Niet-westerse migratieachtergrond;2016;161064;139441;21623
3819;Totaal mannen en vrouwen;40 tot 45 jaar;Niet-westerse migratieachtergrond;2017;161388;136280;25108
3820;Totaal mannen en vrouwen;40 tot 45 jaar;Niet-westerse migratieachtergrond;2018;163710;134473;29237
3821;Totaal mannen en vrouwen;40 tot 45 jaar;Niet-westerse migratieachtergrond;2019;168230;133823;34407
3822;Totaal mannen en vrouwen;40 tot 45 jaar;Niet-westerse migratieachtergrond;2020;174474;134348;40126
3823;Totaal mannen en vrouwen;40 tot 45 jaar;Niet-westerse migratieachtergrond;2021;183288;136171;47117
3824;Totaal mannen en vrouwen;40 tot 45 jaar;Niet-westerse migratieachtergrond;2022;194308;139958;54350
3825;Totaal mannen en vrouwen;40 tot 45 jaar;Marokko;1972;1489;1489;0
3826;Totaal mannen en vrouwen;40 tot 45 jaar;Marokko;1973;2009;2009;0
3827;Totaal mannen en vrouwen;40 tot 45 jaar;Marokko;1974;2784;2784;0
3828;Totaal mannen en vrouwen;40 tot 45 jaar;Marokko;1975;3501;3501;0
3829;Totaal mannen en vrouwen;40 tot 45 jaar;Marokko;1976;4641;4641;0
3830;Totaal mannen en vrouwen;40 tot 45 jaar;Marokko;1977;5800;5800;0
3831;Totaal mannen en vrouwen;40 tot 45 jaar;Marokko;1978;5915;5915;0
3832;Totaal mannen en vrouwen;40 tot 45 jaar;Marokko;1979;6070;6070;0
3833;Totaal mannen en vrouwen;40 tot 45 jaar;Marokko;1980;6295;6295;0
3834;Totaal mannen en vrouwen;40 tot 45 jaar;Marokko;1981;6449;6448;1
3835;Totaal mannen en vrouwen;40 tot 45 jaar;Marokko;1982;6553;6552;1
3836;Totaal mannen en vrouwen;40 tot 45 jaar;Marokko;1983;7089;7088;1
3837;Totaal mannen en vrouwen;40 tot 45 jaar;Marokko;1984;7690;7689;1
3838;Totaal mannen en vrouwen;40 tot 45 jaar;Marokko;1985;8148;8146;2
3839;Totaal mannen en vrouwen;40 tot 45 jaar;Marokko;1986;8773;8772;1
3840;Totaal mannen en vrouwen;40 tot 45 jaar;Marokko;1987;9248;9247;1
3841;Totaal mannen en vrouwen;40 tot 45 jaar;Marokko;1988;8947;8946;1
3842;Totaal mannen en vrouwen;40 tot 45 jaar;Marokko;1989;8829;8827;2
3843;Totaal mannen en vrouwen;40 tot 45 jaar;Marokko;1990;8639;8637;2
3844;Totaal mannen en vrouwen;40 tot 45 jaar;Marokko;1991;8849;8846;3
3845;Totaal mannen en vrouwen;40 tot 45 jaar;Marokko;1992;8832;8828;4
3846;Totaal mannen en vrouwen;40 tot 45 jaar;Marokko;1993;9223;9216;7
3847;Totaal mannen en vrouwen;40 tot 45 jaar;Marokko;1994;9220;9212;8
3848;Totaal mannen en vrouwen;40 tot 45 jaar;Marokko;1995;9718;9715;3
3849;Totaal mannen en vrouwen;40 tot 45 jaar;Marokko;1996;9554;9551;3
3850;Totaal mannen en vrouwen;40 tot 45 jaar;Marokko;1997;10128;10125;3
3851;Totaal mannen en vrouwen;40 tot 45 jaar;Marokko;1998;10403;10400;3
3852;Totaal mannen en vrouwen;40 tot 45 jaar;Marokko;1999;11300;11295;5
3853;Totaal mannen en vrouwen;40 tot 45 jaar;Marokko;2000;12066;12060;6
3854;Totaal mannen en vrouwen;40 tot 45 jaar;Marokko;2001;13568;13562;6
3855;Totaal mannen en vrouwen;40 tot 45 jaar;Marokko;2002;14765;14756;9
3856;Totaal mannen en vrouwen;40 tot 45 jaar;Marokko;2003;16332;16323;9
3857;Totaal mannen en vrouwen;40 tot 45 jaar;Marokko;2004;17631;17621;10
3858;Totaal mannen en vrouwen;40 tot 45 jaar;Marokko;2005;19382;19363;19
3859;Totaal mannen en vrouwen;40 tot 45 jaar;Marokko;2006;20199;20162;37
3860;Totaal mannen en vrouwen;40 tot 45 jaar;Marokko;2007;21587;21506;81
3861;Totaal mannen en vrouwen;40 tot 45 jaar;Marokko;2008;22234;22087;147
3862;Totaal mannen en vrouwen;40 tot 45 jaar;Marokko;2009;23350;23112;238
3863;Totaal mannen en vrouwen;40 tot 45 jaar;Marokko;2010;24429;24065;364
3864;Totaal mannen en vrouwen;40 tot 45 jaar;Marokko;2011;25919;25406;513
3865;Totaal mannen en vrouwen;40 tot 45 jaar;Marokko;2012;26933;26196;737
3866;Totaal mannen en vrouwen;40 tot 45 jaar;Marokko;2013;28187;27100;1087
3867;Totaal mannen en vrouwen;40 tot 45 jaar;Marokko;2014;28886;27320;1566
3868;Totaal mannen en vrouwen;40 tot 45 jaar;Marokko;2015;29624;27447;2177
3869;Totaal mannen en vrouwen;40 tot 45 jaar;Marokko;2016;29874;26883;2991
3870;Totaal mannen en vrouwen;40 tot 45 jaar;Marokko;2017;29977;26076;3901
3871;Totaal mannen en vrouwen;40 tot 45 jaar;Marokko;2018;30869;25917;4952
3872;Totaal mannen en vrouwen;40 tot 45 jaar;Marokko;2019;31455;25315;6140
3873;Totaal mannen en vrouwen;40 tot 45 jaar;Marokko;2020;31965;24428;7537
3874;Totaal mannen en vrouwen;40 tot 45 jaar;Marokko;2021;32617;23578;9039
3875;Totaal mannen en vrouwen;40 tot 45 jaar;Marokko;2022;33426;22671;10755
3876;Totaal mannen en vrouwen;40 tot 45 jaar;(voormalige) Nederlandse Antillen, Aruba;1972;460;406;54
3877;Totaal mannen en vrouwen;40 tot 45 jaar;(voormalige) Nederlandse Antillen, Aruba;1973;548;498;50
3878;Totaal mannen en vrouwen;40 tot 45 jaar;(voormalige) Nederlandse Antillen, Aruba;1974;652;598;54
3879;Totaal mannen en vrouwen;40 tot 45 jaar;(voormalige) Nederlandse Antillen, Aruba;1975;770;711;59
3880;Totaal mannen en vrouwen;40 tot 45 jaar;(voormalige) Nederlandse Antillen, Aruba;1976;910;852;58
3881;Totaal mannen en vrouwen;40 tot 45 jaar;(voormalige) Nederlandse Antillen, Aruba;1977;1036;975;61
3882;Totaal mannen en vrouwen;40 tot 45 jaar;(voormalige) Nederlandse Antillen, Aruba;1978;1214;1154;60
3883;Totaal mannen en vrouwen;40 tot 45 jaar;(voormalige) Nederlandse Antillen, Aruba;1979;1393;1336;57
3884;Totaal mannen en vrouwen;40 tot 45 jaar;(voormalige) Nederlandse Antillen, Aruba;1980;1592;1541;51
3885;Totaal mannen en vrouwen;40 tot 45 jaar;(voormalige) Nederlandse Antillen, Aruba;1981;1772;1718;54
3886;Totaal mannen en vrouwen;40 tot 45 jaar;(voormalige) Nederlandse Antillen, Aruba;1982;1913;1863;50
3887;Totaal mannen en vrouwen;40 tot 45 jaar;(voormalige) Nederlandse Antillen, Aruba;1983;2216;2167;49
3888;Totaal mannen en vrouwen;40 tot 45 jaar;(voormalige) Nederlandse Antillen, Aruba;1984;2456;2407;49
3889;Totaal mannen en vrouwen;40 tot 45 jaar;(voormalige) Nederlandse Antillen, Aruba;1985;2731;2679;52
3890;Totaal mannen en vrouwen;40 tot 45 jaar;(voormalige) Nederlandse Antillen, Aruba;1986;3048;2998;50
3891;Totaal mannen en vrouwen;40 tot 45 jaar;(voormalige) Nederlandse Antillen, Aruba;1987;3422;3366;56
3892;Totaal mannen en vrouwen;40 tot 45 jaar;(voormalige) Nederlandse Antillen, Aruba;1988;3752;3688;64
3893;Totaal mannen en vrouwen;40 tot 45 jaar;(voormalige) Nederlandse Antillen, Aruba;1989;4210;4133;77
3894;Totaal mannen en vrouwen;40 tot 45 jaar;(voormalige) Nederlandse Antillen, Aruba;1990;4576;4487;89
3895;Totaal mannen en vrouwen;40 tot 45 jaar;(voormalige) Nederlandse Antillen, Aruba;1991;4900;4787;113
3896;Totaal mannen en vrouwen;40 tot 45 jaar;(voormalige) Nederlandse Antillen, Aruba;1992;5248;5117;131
3897;Totaal mannen en vrouwen;40 tot 45 jaar;(voormalige) Nederlandse Antillen, Aruba;1993;5494;5348;146
3898;Totaal mannen en vrouwen;40 tot 45 jaar;(voormalige) Nederlandse Antillen, Aruba;1994;5654;5495;159
3899;Totaal mannen en vrouwen;40 tot 45 jaar;(voormalige) Nederlandse Antillen, Aruba;1995;5615;5447;168
3900;Totaal mannen en vrouwen;40 tot 45 jaar;(voormalige) Nederlandse Antillen, Aruba;1996;5773;5589;184
3901;Totaal mannen en vrouwen;40 tot 45 jaar;(voormalige) Nederlandse Antillen, Aruba;1997;6011;5795;216
3902;Totaal mannen en vrouwen;40 tot 45 jaar;(voormalige) Nederlandse Antillen, Aruba;1998;6391;6117;274
3903;Totaal mannen en vrouwen;40 tot 45 jaar;(voormalige) Nederlandse Antillen, Aruba;1999;6880;6555;325
3904;Totaal mannen en vrouwen;40 tot 45 jaar;(voormalige) Nederlandse Antillen, Aruba;2000;7419;7038;381
3905;Totaal mannen en vrouwen;40 tot 45 jaar;(voormalige) Nederlandse Antillen, Aruba;2001;8207;7762;445
3906;Totaal mannen en vrouwen;40 tot 45 jaar;(voormalige) Nederlandse Antillen, Aruba;2002;8777;8269;508
3907;Totaal mannen en vrouwen;40 tot 45 jaar;(voormalige) Nederlandse Antillen, Aruba;2003;9166;8567;599
3908;Totaal mannen en vrouwen;40 tot 45 jaar;(voormalige) Nederlandse Antillen, Aruba;2004;9294;8589;705
3909;Totaal mannen en vrouwen;40 tot 45 jaar;(voormalige) Nederlandse Antillen, Aruba;2005;9395;8572;823
3910;Totaal mannen en vrouwen;40 tot 45 jaar;(voormalige) Nederlandse Antillen, Aruba;2006;9199;8241;958
3911;Totaal mannen en vrouwen;40 tot 45 jaar;(voormalige) Nederlandse Antillen, Aruba;2007;9056;7889;1167
3912;Totaal mannen en vrouwen;40 tot 45 jaar;(voormalige) Nederlandse Antillen, Aruba;2008;9053;7657;1396
3913;Totaal mannen en vrouwen;40 tot 45 jaar;(voormalige) Nederlandse Antillen, Aruba;2009;9083;7421;1662
3914;Totaal mannen en vrouwen;40 tot 45 jaar;(voormalige) Nederlandse Antillen, Aruba;2010;9294;7303;1991
3915;Totaal mannen en vrouwen;40 tot 45 jaar;(voormalige) Nederlandse Antillen, Aruba;2011;9538;7219;2319
3916;Totaal mannen en vrouwen;40 tot 45 jaar;(voormalige) Nederlandse Antillen, Aruba;2012;9996;7455;2541
3917;Totaal mannen en vrouwen;40 tot 45 jaar;(voormalige) Nederlandse Antillen, Aruba;2013;10271;7550;2721
3918;Totaal mannen en vrouwen;40 tot 45 jaar;(voormalige) Nederlandse Antillen, Aruba;2014;10303;7548;2755
3919;Totaal mannen en vrouwen;40 tot 45 jaar;(voormalige) Nederlandse Antillen, Aruba;2015;10199;7425;2774
3920;Totaal mannen en vrouwen;40 tot 45 jaar;(voormalige) Nederlandse Antillen, Aruba;2016;10050;7338;2712
3921;Totaal mannen en vrouwen;40 tot 45 jaar;(voormalige) Nederlandse Antillen, Aruba;2017;9823;7114;2709
3922;Totaal mannen en vrouwen;40 tot 45 jaar;(voormalige) Nederlandse Antillen, Aruba;2018;9840;7074;2766
3923;Totaal mannen en vrouwen;40 tot 45 jaar;(voormalige) Nederlandse Antillen, Aruba;2019;10107;7119;2988
3924;Totaal mannen en vrouwen;40 tot 45 jaar;(voormalige) Nederlandse Antillen, Aruba;2020;10565;7367;3198
3925;Totaal mannen en vrouwen;40 tot 45 jaar;(voormalige) Nederlandse Antillen, Aruba;2021;11259;7668;3591
3926;Totaal mannen en vrouwen;40 tot 45 jaar;(voormalige) Nederlandse Antillen, Aruba;2022;11968;8029;3939
3927;Totaal mannen en vrouwen;40 tot 45 jaar;Suriname;1972;2075;1865;210
3928;Totaal mannen en vrouwen;40 tot 45 jaar;Suriname;1973;2447;2211;236
3929;Totaal mannen en vrouwen;40 tot 45 jaar;Suriname;1974;2876;2632;244
3930;Totaal mannen en vrouwen;40 tot 45 jaar;Suriname;1975;3510;3260;250
3931;Totaal mannen en vrouwen;40 tot 45 jaar;Suriname;1976;5070;4794;276
3932;Totaal mannen en vrouwen;40 tot 45 jaar;Suriname;1977;5232;4958;274
3933;Totaal mannen en vrouwen;40 tot 45 jaar;Suriname;1978;5437;5156;281
3934;Totaal mannen en vrouwen;40 tot 45 jaar;Suriname;1979;5864;5564;300
3935;Totaal mannen en vrouwen;40 tot 45 jaar;Suriname;1980;6664;6351;313
3936;Totaal mannen en vrouwen;40 tot 45 jaar;Suriname;1981;7342;7036;306
3937;Totaal mannen en vrouwen;40 tot 45 jaar;Suriname;1982;7577;7265;312
3938;Totaal mannen en vrouwen;40 tot 45 jaar;Suriname;1983;8147;7838;309
3939;Totaal mannen en vrouwen;40 tot 45 jaar;Suriname;1984;8763;8448;315
3940;Totaal mannen en vrouwen;40 tot 45 jaar;Suriname;1985;9366;9043;323
3941;Totaal mannen en vrouwen;40 tot 45 jaar;Suriname;1986;10164;9829;335
3942;Totaal mannen en vrouwen;40 tot 45 jaar;Suriname;1987;11075;10679;396
3943;Totaal mannen en vrouwen;40 tot 45 jaar;Suriname;1988;11899;11454;445
3944;Totaal mannen en vrouwen;40 tot 45 jaar;Suriname;1989;12828;12334;494
3945;Totaal mannen en vrouwen;40 tot 45 jaar;Suriname;1990;13781;13256;525
3946;Totaal mannen en vrouwen;40 tot 45 jaar;Suriname;1991;14818;14228;590
3947;Totaal mannen en vrouwen;40 tot 45 jaar;Suriname;1992;16049;15433;616
3948;Totaal mannen en vrouwen;40 tot 45 jaar;Suriname;1993;17314;16682;632
3949;Totaal mannen en vrouwen;40 tot 45 jaar;Suriname;1994;18819;18153;666
3950;Totaal mannen en vrouwen;40 tot 45 jaar;Suriname;1995;20297;19595;702
3951;Totaal mannen en vrouwen;40 tot 45 jaar;Suriname;1996;21641;20894;747
3952;Totaal mannen en vrouwen;40 tot 45 jaar;Suriname;1997;22749;21961;788
3953;Totaal mannen en vrouwen;40 tot 45 jaar;Suriname;1998;23927;23018;909
3954;Totaal mannen en vrouwen;40 tot 45 jaar;Suriname;1999;24955;23963;992
3955;Totaal mannen en vrouwen;40 tot 45 jaar;Suriname;2000;25974;24865;1109
3956;Totaal mannen en vrouwen;40 tot 45 jaar;Suriname;2001;26793;25586;1207
3957;Totaal mannen en vrouwen;40 tot 45 jaar;Suriname;2002;27639;26278;1361
3958;Totaal mannen en vrouwen;40 tot 45 jaar;Suriname;2003;28450;26933;1517
3959;Totaal mannen en vrouwen;40 tot 45 jaar;Suriname;2004;29235;27484;1751
3960;Totaal mannen en vrouwen;40 tot 45 jaar;Suriname;2005;29800;27711;2089
3961;Totaal mannen en vrouwen;40 tot 45 jaar;Suriname;2006;30167;27720;2447
3962;Totaal mannen en vrouwen;40 tot 45 jaar;Suriname;2007;30178;27349;2829
3963;Totaal mannen en vrouwen;40 tot 45 jaar;Suriname;2008;30015;26826;3189
3964;Totaal mannen en vrouwen;40 tot 45 jaar;Suriname;2009;29851;26288;3563
3965;Totaal mannen en vrouwen;40 tot 45 jaar;Suriname;2010;30031;26062;3969
3966;Totaal mannen en vrouwen;40 tot 45 jaar;Suriname;2011;30276;25810;4466
3967;Totaal mannen en vrouwen;40 tot 45 jaar;Suriname;2012;30583;25594;4989
3968;Totaal mannen en vrouwen;40 tot 45 jaar;Suriname;2013;30607;25193;5414
3969;Totaal mannen en vrouwen;40 tot 45 jaar;Suriname;2014;29991;24284;5707
3970;Totaal mannen en vrouwen;40 tot 45 jaar;Suriname;2015;28779;22729;6050
3971;Totaal mannen en vrouwen;40 tot 45 jaar;Suriname;2016;27546;20839;6707
3972;Totaal mannen en vrouwen;40 tot 45 jaar;Suriname;2017;26222;18482;7740
3973;Totaal mannen en vrouwen;40 tot 45 jaar;Suriname;2018;25342;16526;8816
3974;Totaal mannen en vrouwen;40 tot 45 jaar;Suriname;2019;25073;14966;10107
3975;Totaal mannen en vrouwen;40 tot 45 jaar;Suriname;2020;25170;13655;11515
3976;Totaal mannen en vrouwen;40 tot 45 jaar;Suriname;2021;25659;12319;13340
3977;Totaal mannen en vrouwen;40 tot 45 jaar;Suriname;2022;26268;11400;14868
3978;Totaal mannen en vrouwen;40 tot 45 jaar;Turkije;1972;1980;1969;11
3979;Totaal mannen en vrouwen;40 tot 45 jaar;Turkije;1973;2894;2879;15
3980;Totaal mannen en vrouwen;40 tot 45 jaar;Turkije;1974;4492;4482;10
3981;Totaal mannen en vrouwen;40 tot 45 jaar;Turkije;1975;5777;5769;8
3982;Totaal mannen en vrouwen;40 tot 45 jaar;Turkije;1976;7534;7524;10
3983;Totaal mannen en vrouwen;40 tot 45 jaar;Turkije;1977;9588;9579;9
3984;Totaal mannen en vrouwen;40 tot 45 jaar;Turkije;1978;9858;9852;6
3985;Totaal mannen en vrouwen;40 tot 45 jaar;Turkije;1979;9633;9627;6
3986;Totaal mannen en vrouwen;40 tot 45 jaar;Turkije;1980;9983;9975;8
3987;Totaal mannen en vrouwen;40 tot 45 jaar;Turkije;1981;10287;10282;5
3988;Totaal mannen en vrouwen;40 tot 45 jaar;Turkije;1982;10005;9998;7
3989;Totaal mannen en vrouwen;40 tot 45 jaar;Turkije;1983;10062;10053;9
3990;Totaal mannen en vrouwen;40 tot 45 jaar;Turkije;1984;10192;10182;10
3991;Totaal mannen en vrouwen;40 tot 45 jaar;Turkije;1985;9646;9637;9
3992;Totaal mannen en vrouwen;40 tot 45 jaar;Turkije;1986;9443;9433;10
3993;Totaal mannen en vrouwen;40 tot 45 jaar;Turkije;1987;9219;9207;12
3994;Totaal mannen en vrouwen;40 tot 45 jaar;Turkije;1988;8953;8939;14
3995;Totaal mannen en vrouwen;40 tot 45 jaar;Turkije;1989;9153;9137;16
3996;Totaal mannen en vrouwen;40 tot 45 jaar;Turkije;1990;9709;9691;18
3997;Totaal mannen en vrouwen;40 tot 45 jaar;Turkije;1991;10454;10434;20
3998;Totaal mannen en vrouwen;40 tot 45 jaar;Turkije;1992;10810;10784;26
3999;Totaal mannen en vrouwen;40 tot 45 jaar;Turkije;1993;11089;11064;25
4000;Totaal mannen en vrouwen;40 tot 45 jaar;Turkije;1994;10806;10781;25
4001;Totaal mannen en vrouwen;40 tot 45 jaar;Turkije;1995;10479;10461;18
4002;Totaal mannen en vrouwen;40 tot 45 jaar;Turkije;1996;10374;10354;20
4003;Totaal mannen en vrouwen;40 tot 45 jaar;Turkije;1997;11625;11612;13
4004;Totaal mannen en vrouwen;40 tot 45 jaar;Turkije;1998;12106;12092;14
4005;Totaal mannen en vrouwen;40 tot 45 jaar;Turkije;1999;13095;13079;16
4006;Totaal mannen en vrouwen;40 tot 45 jaar;Turkije;2000;14638;14622;16
4007;Totaal mannen en vrouwen;40 tot 45 jaar;Turkije;2001;17389;17372;17
4008;Totaal mannen en vrouwen;40 tot 45 jaar;Turkije;2002;18785;18767;18
4009;Totaal mannen en vrouwen;40 tot 45 jaar;Turkije;2003;21926;21906;20
4010;Totaal mannen en vrouwen;40 tot 45 jaar;Turkije;2004;24767;24742;25
4011;Totaal mannen en vrouwen;40 tot 45 jaar;Turkije;2005;27512;27466;46
4012;Totaal mannen en vrouwen;40 tot 45 jaar;Turkije;2006;29116;29015;101
4013;Totaal mannen en vrouwen;40 tot 45 jaar;Turkije;2007;31539;31319;220
4014;Totaal mannen en vrouwen;40 tot 45 jaar;Turkije;2008;31155;30760;395
4015;Totaal mannen en vrouwen;40 tot 45 jaar;Turkije;2009;32214;31613;601
4016;Totaal mannen en vrouwen;40 tot 45 jaar;Turkije;2010;32871;31972;899
4017;Totaal mannen en vrouwen;40 tot 45 jaar;Turkije;2011;33589;32282;1307
4018;Totaal mannen en vrouwen;40 tot 45 jaar;Turkije;2012;34374;32517;1857
4019;Totaal mannen en vrouwen;40 tot 45 jaar;Turkije;2013;36486;33850;2636
4020;Totaal mannen en vrouwen;40 tot 45 jaar;Turkije;2014;37225;33701;3524
4021;Totaal mannen en vrouwen;40 tot 45 jaar;Turkije;2015;37454;32925;4529
4022;Totaal mannen en vrouwen;40 tot 45 jaar;Turkije;2016;36445;30830;5615
4023;Totaal mannen en vrouwen;40 tot 45 jaar;Turkije;2017;35174;28472;6702
4024;Totaal mannen en vrouwen;40 tot 45 jaar;Turkije;2018;34969;26959;8010
4025;Totaal mannen en vrouwen;40 tot 45 jaar;Turkije;2019;35046;25489;9557
4026;Totaal mannen en vrouwen;40 tot 45 jaar;Turkije;2020;35337;24108;11229
4027;Totaal mannen en vrouwen;40 tot 45 jaar;Turkije;2021;36689;23406;13283
4028;Totaal mannen en vrouwen;40 tot 45 jaar;Turkije;2022;38568;23043;15525
4029;Totaal mannen en vrouwen;40 tot 45 jaar;Overige niet-westerse migratieachterg...;1972;1711;1379;332
4030;Totaal mannen en vrouwen;40 tot 45 jaar;Overige niet-westerse migratieachterg...;1973;1955;1650;305
4031;Totaal mannen en vrouwen;40 tot 45 jaar;Overige niet-westerse migratieachterg...;1974;2121;1826;295
4032;Totaal mannen en vrouwen;40 tot 45 jaar;Overige niet-westerse migratieachterg...;1975;2399;2119;280
4033;Totaal mannen en vrouwen;40 tot 45 jaar;Overige niet-westerse migratieachterg...;1976;2808;2550;258
4034;Totaal mannen en vrouwen;40 tot 45 jaar;Overige niet-westerse migratieachterg...;1977;3219;2955;264
4035;Totaal mannen en vrouwen;40 tot 45 jaar;Overige niet-westerse migratieachterg...;1978;3640;3372;268
4036;Totaal mannen en vrouwen;40 tot 45 jaar;Overige niet-westerse migratieachterg...;1979;4300;4020;280
4037;Totaal mannen en vrouwen;40 tot 45 jaar;Overige niet-westerse migratieachterg...;1980;5130;4835;295
4038;Totaal mannen en vrouwen;40 tot 45 jaar;Overige niet-westerse migratieachterg...;1981;6010;5699;311
4039;Totaal mannen en vrouwen;40 tot 45 jaar;Overige niet-westerse migratieachterg...;1982;6703;6384;319
4040;Totaal mannen en vrouwen;40 tot 45 jaar;Overige niet-westerse migratieachterg...;1983;7649;7321;328
4041;Totaal mannen en vrouwen;40 tot 45 jaar;Overige niet-westerse migratieachterg...;1984;8676;8325;351
4042;Totaal mannen en vrouwen;40 tot 45 jaar;Overige niet-westerse migratieachterg...;1985;9814;9429;385
4043;Totaal mannen en vrouwen;40 tot 45 jaar;Overige niet-westerse migratieachterg...;1986;10775;10379;396
4044;Totaal mannen en vrouwen;40 tot 45 jaar;Overige niet-westerse migratieachterg...;1987;11943;11468;475
4045;Totaal mannen en vrouwen;40 tot 45 jaar;Overige niet-westerse migratieachterg...;1988;13069;12485;584
4046;Totaal mannen en vrouwen;40 tot 45 jaar;Overige niet-westerse migratieachterg...;1989;14277;13619;658
4047;Totaal mannen en vrouwen;40 tot 45 jaar;Overige niet-westerse migratieachterg...;1990;15183;14492;691
4048;Totaal mannen en vrouwen;40 tot 45 jaar;Overige niet-westerse migratieachterg...;1991;16489;15736;753
4049;Totaal mannen en vrouwen;40 tot 45 jaar;Overige niet-westerse migratieachterg...;1992;17599;16859;740
4050;Totaal mannen en vrouwen;40 tot 45 jaar;Overige niet-westerse migratieachterg...;1993;18559;17818;741
4051;Totaal mannen en vrouwen;40 tot 45 jaar;Overige niet-westerse migratieachterg...;1994;19648;18912;736
4052;Totaal mannen en vrouwen;40 tot 45 jaar;Overige niet-westerse migratieachterg...;1995;20689;19958;731
4053;Totaal mannen en vrouwen;40 tot 45 jaar;Overige niet-westerse migratieachterg...;1996;22628;21886;742
4054;Totaal mannen en vrouwen;40 tot 45 jaar;Overige niet-westerse migratieachterg...;1997;25307;24546;761
4055;Totaal mannen en vrouwen;40 tot 45 jaar;Overige niet-westerse migratieachterg...;1998;27990;27222;768
4056;Totaal mannen en vrouwen;40 tot 45 jaar;Overige niet-westerse migratieachterg...;1999;31275;30506;769
4057;Totaal mannen en vrouwen;40 tot 45 jaar;Overige niet-westerse migratieachterg...;2000;33636;32816;820
4058;Totaal mannen en vrouwen;40 tot 45 jaar;Overige niet-westerse migratieachterg...;2001;37764;36881;883
4059;Totaal mannen en vrouwen;40 tot 45 jaar;Overige niet-westerse migratieachterg...;2002;40130;39203;927
4060;Totaal mannen en vrouwen;40 tot 45 jaar;Overige niet-westerse migratieachterg...;2003;42985;42030;955
4061;Totaal mannen en vrouwen;40 tot 45 jaar;Overige niet-westerse migratieachterg...;2004;44673;43647;1026
4062;Totaal mannen en vrouwen;40 tot 45 jaar;Overige niet-westerse migratieachterg...;2005;46764;45649;1115
4063;Totaal mannen en vrouwen;40 tot 45 jaar;Overige niet-westerse migratieachterg...;2006;47354;46138;1216
4064;Totaal mannen en vrouwen;40 tot 45 jaar;Overige niet-westerse migratieachterg...;2007;48308;47024;1284
4065;Totaal mannen en vrouwen;40 tot 45 jaar;Overige niet-westerse migratieachterg...;2008;48614;47188;1426
4066;Totaal mannen en vrouwen;40 tot 45 jaar;Overige niet-westerse migratieachterg...;2009;50551;48961;1590
4067;Totaal mannen en vrouwen;40 tot 45 jaar;Overige niet-westerse migratieachterg...;2010;51691;49941;1750
4068;Totaal mannen en vrouwen;40 tot 45 jaar;Overige niet-westerse migratieachterg...;2011;53035;51094;1941
4069;Totaal mannen en vrouwen;40 tot 45 jaar;Overige niet-westerse migratieachterg...;2012;53620;51373;2247
4070;Totaal mannen en vrouwen;40 tot 45 jaar;Overige niet-westerse migratieachterg...;2013;54430;51884;2546
4071;Totaal mannen en vrouwen;40 tot 45 jaar;Overige niet-westerse migratieachterg...;2014;54436;51602;2834
4072;Totaal mannen en vrouwen;40 tot 45 jaar;Overige niet-westerse migratieachterg...;2015;55675;52499;3176
4073;Totaal mannen en vrouwen;40 tot 45 jaar;Overige niet-westerse migratieachterg...;2016;57149;53551;3598
4074;Totaal mannen en vrouwen;40 tot 45 jaar;Overige niet-westerse migratieachterg...;2017;60192;56136;4056
4075;Totaal mannen en vrouwen;40 tot 45 jaar;Overige niet-westerse migratieachterg...;2018;62690;57997;4693
4076;Totaal mannen en vrouwen;40 tot 45 jaar;Overige niet-westerse migratieachterg...;2019;66549;60934;5615
4077;Totaal mannen en vrouwen;40 tot 45 jaar;Overige niet-westerse migratieachterg...;2020;71437;64790;6647
4078;Totaal mannen en vrouwen;40 tot 45 jaar;Overige niet-westerse migratieachterg...;2021;77064;69200;7864
4079;Totaal mannen en vrouwen;40 tot 45 jaar;Overige niet-westerse migratieachterg...;2022;84078;74815;9263
4080;Totaal mannen en vrouwen;45 tot 50 jaar;Met migratieachtergrond;1972;68184;41971;26213
4081;Totaal mannen en vrouwen;45 tot 50 jaar;Met migratieachtergrond;1973;69612;41547;28065
4082;Totaal mannen en vrouwen;45 tot 50 jaar;Met migratieachtergrond;1974;71116;40976;30140
4083;Totaal mannen en vrouwen;45 tot 50 jaar;Met migratieachtergrond;1975;73063;40979;32084
4084;Totaal mannen en vrouwen;45 tot 50 jaar;Met migratieachtergrond;1976;78050;43653;34397
4085;Totaal mannen en vrouwen;45 tot 50 jaar;Met migratieachtergrond;1977;80464;43857;36607
4086;Totaal mannen en vrouwen;45 tot 50 jaar;Met migratieachtergrond;1978;84161;45328;38833
4087;Totaal mannen en vrouwen;45 tot 50 jaar;Met migratieachtergrond;1979;87456;46840;40616
4088;Totaal mannen en vrouwen;45 tot 50 jaar;Met migratieachtergrond;1980;91934;49228;42706
4089;Totaal mannen en vrouwen;45 tot 50 jaar;Met migratieachtergrond;1981;96210;51706;44504
4090;Totaal mannen en vrouwen;45 tot 50 jaar;Met migratieachtergrond;1982;101755;55337;46418
4091;Totaal mannen en vrouwen;45 tot 50 jaar;Met migratieachtergrond;1983;107706;59848;47858
4092;Totaal mannen en vrouwen;45 tot 50 jaar;Met migratieachtergrond;1984;113240;63850;49390
4093;Totaal mannen en vrouwen;45 tot 50 jaar;Met migratieachtergrond;1985;118464;68014;50450
4094;Totaal mannen en vrouwen;45 tot 50 jaar;Met migratieachtergrond;1986;125309;73914;51395
4095;Totaal mannen en vrouwen;45 tot 50 jaar;Met migratieachtergrond;1987;128418;77154;51264
4096;Totaal mannen en vrouwen;45 tot 50 jaar;Met migratieachtergrond;1988;132058;80598;51460
4097;Totaal mannen en vrouwen;45 tot 50 jaar;Met migratieachtergrond;1989;131592;80006;51586
4098;Totaal mannen en vrouwen;45 tot 50 jaar;Met migratieachtergrond;1990;131876;80244;51632
4099;Totaal mannen en vrouwen;45 tot 50 jaar;Met migratieachtergrond;1991;130603;79446;51157
4100;Totaal mannen en vrouwen;45 tot 50 jaar;Met migratieachtergrond;1992;137927;81987;55940
4101;Totaal mannen en vrouwen;45 tot 50 jaar;Met migratieachtergrond;1993;146519;86572;59947
4102;Totaal mannen en vrouwen;45 tot 50 jaar;Met migratieachtergrond;1994;157409;95291;62118
4103;Totaal mannen en vrouwen;45 tot 50 jaar;Met migratieachtergrond;1995;166837;103488;63349
4104;Totaal mannen en vrouwen;45 tot 50 jaar;Met migratieachtergrond;1996;175934;110829;65105
4105;Totaal mannen en vrouwen;45 tot 50 jaar;Met migratieachtergrond;1997;176990;113730;63260
4106;Totaal mannen en vrouwen;45 tot 50 jaar;Met migratieachtergrond;1998;177825;115666;62159
4107;Totaal mannen en vrouwen;45 tot 50 jaar;Met migratieachtergrond;1999;178722;117211;61511
4108;Totaal mannen en vrouwen;45 tot 50 jaar;Met migratieachtergrond;2000;181482;119673;61809
4109;Totaal mannen en vrouwen;45 tot 50 jaar;Met migratieachtergrond;2001;184362;122122;62240
4110;Totaal mannen en vrouwen;45 tot 50 jaar;Met migratieachtergrond;2002;190503;128919;61584
4111;Totaal mannen en vrouwen;45 tot 50 jaar;Met migratieachtergrond;2003;194888;133564;61324
4112;Totaal mannen en vrouwen;45 tot 50 jaar;Met migratieachtergrond;2004;200309;138077;62232
4113;Totaal mannen en vrouwen;45 tot 50 jaar;Met migratieachtergrond;2005;205655;141991;63664
4114;Totaal mannen en vrouwen;45 tot 50 jaar;Met migratieachtergrond;2006;213164;148548;64616
4115;Totaal mannen en vrouwen;45 tot 50 jaar;Met migratieachtergrond;2007;218190;151934;66256
4116;Totaal mannen en vrouwen;45 tot 50 jaar;Met migratieachtergrond;2008;226805;158873;67932
4117;Totaal mannen en vrouwen;45 tot 50 jaar;Met migratieachtergrond;2009;235972;166337;69635
4118;Totaal mannen en vrouwen;45 tot 50 jaar;Met migratieachtergrond;2010;246740;175147;71593
4119;Totaal mannen en vrouwen;45 tot 50 jaar;Met migratieachtergrond;2011;253390;179606;73784
4120;Totaal mannen en vrouwen;45 tot 50 jaar;Met migratieachtergrond;2012;261048;185872;75176
4121;Totaal mannen en vrouwen;45 tot 50 jaar;Met migratieachtergrond;2013;263408;187193;76215
4122;Totaal mannen en vrouwen;45 tot 50 jaar;Met migratieachtergrond;2014;268231;191214;77017
4123;Totaal mannen en vrouwen;45 tot 50 jaar;Met migratieachtergrond;2015;272013;193920;78093
4124;Totaal mannen en vrouwen;45 tot 50 jaar;Met migratieachtergrond;2016;277886;199054;78832
4125;Totaal mannen en vrouwen;45 tot 50 jaar;Met migratieachtergrond;2017;284214;204816;79398
4126;Totaal mannen en vrouwen;45 tot 50 jaar;Met migratieachtergrond;2018;291647;212110;79537
4127;Totaal mannen en vrouwen;45 tot 50 jaar;Met migratieachtergrond;2019;294788;216405;78383
4128;Totaal mannen en vrouwen;45 tot 50 jaar;Met migratieachtergrond;2020;297931;221377;76554
4129;Totaal mannen en vrouwen;45 tot 50 jaar;Met migratieachtergrond;2021;297806;221823;75983
4130;Totaal mannen en vrouwen;45 tot 50 jaar;Met migratieachtergrond;2022;299259;222720;76539
4131;Totaal mannen en vrouwen;45 tot 50 jaar;Westerse migratieachtergrond;1972;63698;38021;25677
4132;Totaal mannen en vrouwen;45 tot 50 jaar;Westerse migratieachtergrond;1973;64331;36821;27510
4133;Totaal mannen en vrouwen;45 tot 50 jaar;Westerse migratieachtergrond;1974;65107;35533;29574
4134;Totaal mannen en vrouwen;45 tot 50 jaar;Westerse migratieachtergrond;1975;65907;34399;31508
4135;Totaal mannen en vrouwen;45 tot 50 jaar;Westerse migratieachtergrond;1976;68617;34811;33806
4136;Totaal mannen en vrouwen;45 tot 50 jaar;Westerse migratieachtergrond;1977;70187;34172;36015
4137;Totaal mannen en vrouwen;45 tot 50 jaar;Westerse migratieachtergrond;1978;71579;33338;38241
4138;Totaal mannen en vrouwen;45 tot 50 jaar;Westerse migratieachtergrond;1979;71649;31625;40024
4139;Totaal mannen en vrouwen;45 tot 50 jaar;Westerse migratieachtergrond;1980;72778;30657;42121
4140;Totaal mannen en vrouwen;45 tot 50 jaar;Westerse migratieachtergrond;1981;72766;28852;43914
4141;Totaal mannen en vrouwen;45 tot 50 jaar;Westerse migratieachtergrond;1982;74135;28313;45822
4142;Totaal mannen en vrouwen;45 tot 50 jaar;Westerse migratieachtergrond;1983;79077;31824;47253
4143;Totaal mannen en vrouwen;45 tot 50 jaar;Westerse migratieachtergrond;1984;84049;35291;48758
4144;Totaal mannen en vrouwen;45 tot 50 jaar;Westerse migratieachtergrond;1985;88059;38263;49796
4145;Totaal mannen en vrouwen;45 tot 50 jaar;Westerse migratieachtergrond;1986;93671;42939;50732
4146;Totaal mannen en vrouwen;45 tot 50 jaar;Westerse migratieachtergrond;1987;95619;45032;50587
4147;Totaal mannen en vrouwen;45 tot 50 jaar;Westerse migratieachtergrond;1988;96358;45582;50776
4148;Totaal mannen en vrouwen;45 tot 50 jaar;Westerse migratieachtergrond;1989;93554;42679;50875
4149;Totaal mannen en vrouwen;45 tot 50 jaar;Westerse migratieachtergrond;1990;92036;41162;50874
4150;Totaal mannen en vrouwen;45 tot 50 jaar;Westerse migratieachtergrond;1991;89129;38751;50378
4151;Totaal mannen en vrouwen;45 tot 50 jaar;Westerse migratieachtergrond;1992;94003;38987;55016
4152;Totaal mannen en vrouwen;45 tot 50 jaar;Westerse migratieachtergrond;1993;101247;42387;58860
4153;Totaal mannen en vrouwen;45 tot 50 jaar;Westerse migratieachtergrond;1994;109536;48641;60895
4154;Totaal mannen en vrouwen;45 tot 50 jaar;Westerse migratieachtergrond;1995;117591;55568;62023
4155;Totaal mannen en vrouwen;45 tot 50 jaar;Westerse migratieachtergrond;1996;123258;59620;63638
4156;Totaal mannen en vrouwen;45 tot 50 jaar;Westerse migratieachtergrond;1997;121986;60218;61768
4157;Totaal mannen en vrouwen;45 tot 50 jaar;Westerse migratieachtergrond;1998;118891;58227;60664
4158;Totaal mannen en vrouwen;45 tot 50 jaar;Westerse migratieachtergrond;1999;115974;55982;59992
4159;Totaal mannen en vrouwen;45 tot 50 jaar;Westerse migratieachtergrond;2000;113650;53432;60218
4160;Totaal mannen en vrouwen;45 tot 50 jaar;Westerse migratieachtergrond;2001;112102;51527;60575
4161;Totaal mannen en vrouwen;45 tot 50 jaar;Westerse migratieachtergrond;2002;111076;51259;59817
4162;Totaal mannen en vrouwen;45 tot 50 jaar;Westerse migratieachtergrond;2003;110210;50838;59372
4163;Totaal mannen en vrouwen;45 tot 50 jaar;Westerse migratieachtergrond;2004;109657;49525;60132
4164;Totaal mannen en vrouwen;45 tot 50 jaar;Westerse migratieachtergrond;2005;109861;48510;61351
4165;Totaal mannen en vrouwen;45 tot 50 jaar;Westerse migratieachtergrond;2006;110067;47965;62102
4166;Totaal mannen en vrouwen;45 tot 50 jaar;Westerse migratieachtergrond;2007;111192;47713;63479
4167;Totaal mannen en vrouwen;45 tot 50 jaar;Westerse migratieachtergrond;2008;112853;47952;64901
4168;Totaal mannen en vrouwen;45 tot 50 jaar;Westerse migratieachtergrond;2009;115431;49228;66203
4169;Totaal mannen en vrouwen;45 tot 50 jaar;Westerse migratieachtergrond;2010;118153;50554;67599
4170;Totaal mannen en vrouwen;45 tot 50 jaar;Westerse migratieachtergrond;2011;120903;51795;69108
4171;Totaal mannen en vrouwen;45 tot 50 jaar;Westerse migratieachtergrond;2012;122772;53085;69687
4172;Totaal mannen en vrouwen;45 tot 50 jaar;Westerse migratieachtergrond;2013;124439;54683;69756
4173;Totaal mannen en vrouwen;45 tot 50 jaar;Westerse migratieachtergrond;2014;125704;56265;69439
4174;Totaal mannen en vrouwen;45 tot 50 jaar;Westerse migratieachtergrond;2015;127148;57901;69247
4175;Totaal mannen en vrouwen;45 tot 50 jaar;Westerse migratieachtergrond;2016;128216;59777;68439
4176;Totaal mannen en vrouwen;45 tot 50 jaar;Westerse migratieachtergrond;2017;129395;62181;67214
4177;Totaal mannen en vrouwen;45 tot 50 jaar;Westerse migratieachtergrond;2018;129750;64444;65306
4178;Totaal mannen en vrouwen;45 tot 50 jaar;Westerse migratieachtergrond;2019;129385;67243;62142
4179;Totaal mannen en vrouwen;45 tot 50 jaar;Westerse migratieachtergrond;2020;128856;70899;57957
4180;Totaal mannen en vrouwen;45 tot 50 jaar;Westerse migratieachtergrond;2021;128309;73905;54404
4181;Totaal mannen en vrouwen;45 tot 50 jaar;Westerse migratieachtergrond;2022;128803;77281;51522
4182;Totaal mannen en vrouwen;45 tot 50 jaar;Niet-westerse migratieachtergrond;1972;4486;3950;536
4183;Totaal mannen en vrouwen;45 tot 50 jaar;Niet-westerse migratieachtergrond;1973;5281;4726;555
4184;Totaal mannen en vrouwen;45 tot 50 jaar;Niet-westerse migratieachtergrond;1974;6009;5443;566
4185;Totaal mannen en vrouwen;45 tot 50 jaar;Niet-westerse migratieachtergrond;1975;7156;6580;576
4186;Totaal mannen en vrouwen;45 tot 50 jaar;Niet-westerse migratieachtergrond;1976;9433;8842;591
4187;Totaal mannen en vrouwen;45 tot 50 jaar;Niet-westerse migratieachtergrond;1977;10277;9685;592
4188;Totaal mannen en vrouwen;45 tot 50 jaar;Niet-westerse migratieachtergrond;1978;12582;11990;592
4189;Totaal mannen en vrouwen;45 tot 50 jaar;Niet-westerse migratieachtergrond;1979;15807;15215;592
4190;Totaal mannen en vrouwen;45 tot 50 jaar;Niet-westerse migratieachtergrond;1980;19156;18571;585
4191;Totaal mannen en vrouwen;45 tot 50 jaar;Niet-westerse migratieachtergrond;1981;23444;22854;590
4192;Totaal mannen en vrouwen;45 tot 50 jaar;Niet-westerse migratieachtergrond;1982;27620;27024;596
4193;Totaal mannen en vrouwen;45 tot 50 jaar;Niet-westerse migratieachtergrond;1983;28629;28024;605
4194;Totaal mannen en vrouwen;45 tot 50 jaar;Niet-westerse migratieachtergrond;1984;29191;28559;632
4195;Totaal mannen en vrouwen;45 tot 50 jaar;Niet-westerse migratieachtergrond;1985;30405;29751;654
4196;Totaal mannen en vrouwen;45 tot 50 jaar;Niet-westerse migratieachtergrond;1986;31638;30975;663
4197;Totaal mannen en vrouwen;45 tot 50 jaar;Niet-westerse migratieachtergrond;1987;32799;32122;677
4198;Totaal mannen en vrouwen;45 tot 50 jaar;Niet-westerse migratieachtergrond;1988;35700;35016;684
4199;Totaal mannen en vrouwen;45 tot 50 jaar;Niet-westerse migratieachtergrond;1989;38038;37327;711
4200;Totaal mannen en vrouwen;45 tot 50 jaar;Niet-westerse migratieachtergrond;1990;39840;39082;758
4201;Totaal mannen en vrouwen;45 tot 50 jaar;Niet-westerse migratieachtergrond;1991;41474;40695;779
4202;Totaal mannen en vrouwen;45 tot 50 jaar;Niet-westerse migratieachtergrond;1992;43924;43000;924
4203;Totaal mannen en vrouwen;45 tot 50 jaar;Niet-westerse migratieachtergrond;1993;45272;44185;1087
4204;Totaal mannen en vrouwen;45 tot 50 jaar;Niet-westerse migratieachtergrond;1994;47873;46650;1223
4205;Totaal mannen en vrouwen;45 tot 50 jaar;Niet-westerse migratieachtergrond;1995;49246;47920;1326
4206;Totaal mannen en vrouwen;45 tot 50 jaar;Niet-westerse migratieachtergrond;1996;52676;51209;1467
4207;Totaal mannen en vrouwen;45 tot 50 jaar;Niet-westerse migratieachtergrond;1997;55004;53512;1492
4208;Totaal mannen en vrouwen;45 tot 50 jaar;Niet-westerse migratieachtergrond;1998;58934;57439;1495
4209;Totaal mannen en vrouwen;45 tot 50 jaar;Niet-westerse migratieachtergrond;1999;62748;61229;1519
4210;Totaal mannen en vrouwen;45 tot 50 jaar;Niet-westerse migratieachtergrond;2000;67832;66241;1591
4211;Totaal mannen en vrouwen;45 tot 50 jaar;Niet-westerse migratieachtergrond;2001;72260;70595;1665
4212;Totaal mannen en vrouwen;45 tot 50 jaar;Niet-westerse migratieachtergrond;2002;79427;77660;1767
4213;Totaal mannen en vrouwen;45 tot 50 jaar;Niet-westerse migratieachtergrond;2003;84678;82726;1952
4214;Totaal mannen en vrouwen;45 tot 50 jaar;Niet-westerse migratieachtergrond;2004;90652;88552;2100
4215;Totaal mannen en vrouwen;45 tot 50 jaar;Niet-westerse migratieachtergrond;2005;95794;93481;2313
4216;Totaal mannen en vrouwen;45 tot 50 jaar;Niet-westerse migratieachtergrond;2006;103097;100583;2514
4217;Totaal mannen en vrouwen;45 tot 50 jaar;Niet-westerse migratieachtergrond;2007;106998;104221;2777
4218;Totaal mannen en vrouwen;45 tot 50 jaar;Niet-westerse migratieachtergrond;2008;113952;110921;3031
4219;Totaal mannen en vrouwen;45 tot 50 jaar;Niet-westerse migratieachtergrond;2009;120541;117109;3432
4220;Totaal mannen en vrouwen;45 tot 50 jaar;Niet-westerse migratieachtergrond;2010;128587;124593;3994
4221;Totaal mannen en vrouwen;45 tot 50 jaar;Niet-westerse migratieachtergrond;2011;132487;127811;4676
4222;Totaal mannen en vrouwen;45 tot 50 jaar;Niet-westerse migratieachtergrond;2012;138276;132787;5489
4223;Totaal mannen en vrouwen;45 tot 50 jaar;Niet-westerse migratieachtergrond;2013;138969;132510;6459
4224;Totaal mannen en vrouwen;45 tot 50 jaar;Niet-westerse migratieachtergrond;2014;142527;134949;7578
4225;Totaal mannen en vrouwen;45 tot 50 jaar;Niet-westerse migratieachtergrond;2015;144865;136019;8846
4226;Totaal mannen en vrouwen;45 tot 50 jaar;Niet-westerse migratieachtergrond;2016;149670;139277;10393
4227;Totaal mannen en vrouwen;45 tot 50 jaar;Niet-westerse migratieachtergrond;2017;154819;142635;12184
4228;Totaal mannen en vrouwen;45 tot 50 jaar;Niet-westerse migratieachtergrond;2018;161897;147666;14231
4229;Totaal mannen en vrouwen;45 tot 50 jaar;Niet-westerse migratieachtergrond;2019;165403;149162;16241
4230;Totaal mannen en vrouwen;45 tot 50 jaar;Niet-westerse migratieachtergrond;2020;169075;150478;18597
4231;Totaal mannen en vrouwen;45 tot 50 jaar;Niet-westerse migratieachtergrond;2021;169497;147918;21579
4232;Totaal mannen en vrouwen;45 tot 50 jaar;Niet-westerse migratieachtergrond;2022;170456;145439;25017
4233;Totaal mannen en vrouwen;45 tot 50 jaar;Marokko;1972;712;711;1
4234;Totaal mannen en vrouwen;45 tot 50 jaar;Marokko;1973;913;913;0
4235;Totaal mannen en vrouwen;45 tot 50 jaar;Marokko;1974;1030;1030;0
4236;Totaal mannen en vrouwen;45 tot 50 jaar;Marokko;1975;1208;1208;0
4237;Totaal mannen en vrouwen;45 tot 50 jaar;Marokko;1976;1475;1475;0
4238;Totaal mannen en vrouwen;45 tot 50 jaar;Marokko;1977;1741;1741;0
4239;Totaal mannen en vrouwen;45 tot 50 jaar;Marokko;1978;2360;2360;0
4240;Totaal mannen en vrouwen;45 tot 50 jaar;Marokko;1979;3263;3263;0
4241;Totaal mannen en vrouwen;45 tot 50 jaar;Marokko;1980;4130;4130;0
4242;Totaal mannen en vrouwen;45 tot 50 jaar;Marokko;1981;5360;5360;0
4243;Totaal mannen en vrouwen;45 tot 50 jaar;Marokko;1982;6605;6605;0
4244;Totaal mannen en vrouwen;45 tot 50 jaar;Marokko;1983;6687;6687;0
4245;Totaal mannen en vrouwen;45 tot 50 jaar;Marokko;1984;6673;6673;0
4246;Totaal mannen en vrouwen;45 tot 50 jaar;Marokko;1985;6737;6737;0
4247;Totaal mannen en vrouwen;45 tot 50 jaar;Marokko;1986;6962;6961;1
4248;Totaal mannen en vrouwen;45 tot 50 jaar;Marokko;1987;7245;7244;1
4249;Totaal mannen en vrouwen;45 tot 50 jaar;Marokko;1988;8095;8094;1
4250;Totaal mannen en vrouwen;45 tot 50 jaar;Marokko;1989;8687;8686;1
4251;Totaal mannen en vrouwen;45 tot 50 jaar;Marokko;1990;9225;9223;2
4252;Totaal mannen en vrouwen;45 tot 50 jaar;Marokko;1991;8983;8982;1
4253;Totaal mannen en vrouwen;45 tot 50 jaar;Marokko;1992;9154;9153;1
4254;Totaal mannen en vrouwen;45 tot 50 jaar;Marokko;1993;8661;8660;1
4255;Totaal mannen en vrouwen;45 tot 50 jaar;Marokko;1994;8718;8716;2
4256;Totaal mannen en vrouwen;45 tot 50 jaar;Marokko;1995;8405;8405;0
4257;Totaal mannen en vrouwen;45 tot 50 jaar;Marokko;1996;8841;8840;1
4258;Totaal mannen en vrouwen;45 tot 50 jaar;Marokko;1997;8710;8709;1
4259;Totaal mannen en vrouwen;45 tot 50 jaar;Marokko;1998;9061;9059;2
4260;Totaal mannen en vrouwen;45 tot 50 jaar;Marokko;1999;9106;9104;2
4261;Totaal mannen en vrouwen;45 tot 50 jaar;Marokko;2000;9541;9538;3
4262;Totaal mannen en vrouwen;45 tot 50 jaar;Marokko;2001;9522;9519;3
4263;Totaal mannen en vrouwen;45 tot 50 jaar;Marokko;2002;10276;10273;3
4264;Totaal mannen en vrouwen;45 tot 50 jaar;Marokko;2003;10624;10621;3
4265;Totaal mannen en vrouwen;45 tot 50 jaar;Marokko;2004;11580;11575;5
4266;Totaal mannen en vrouwen;45 tot 50 jaar;Marokko;2005;12364;12358;6
4267;Totaal mannen en vrouwen;45 tot 50 jaar;Marokko;2006;13772;13766;6
4268;Totaal mannen en vrouwen;45 tot 50 jaar;Marokko;2007;14839;14830;9
4269;Totaal mannen en vrouwen;45 tot 50 jaar;Marokko;2008;16173;16164;9
4270;Totaal mannen en vrouwen;45 tot 50 jaar;Marokko;2009;17253;17243;10
4271;Totaal mannen en vrouwen;45 tot 50 jaar;Marokko;2010;18870;18851;19
4272;Totaal mannen en vrouwen;45 tot 50 jaar;Marokko;2011;19684;19648;36
4273;Totaal mannen en vrouwen;45 tot 50 jaar;Marokko;2012;21128;21047;81
4274;Totaal mannen en vrouwen;45 tot 50 jaar;Marokko;2013;21852;21710;142
4275;Totaal mannen en vrouwen;45 tot 50 jaar;Marokko;2014;23049;22813;236
4276;Totaal mannen en vrouwen;45 tot 50 jaar;Marokko;2015;24114;23749;365
4277;Totaal mannen en vrouwen;45 tot 50 jaar;Marokko;2016;25650;25130;520
4278;Totaal mannen en vrouwen;45 tot 50 jaar;Marokko;2017;26711;25971;740
4279;Totaal mannen en vrouwen;45 tot 50 jaar;Marokko;2018;28045;26954;1091
4280;Totaal mannen en vrouwen;45 tot 50 jaar;Marokko;2019;28880;27320;1560
4281;Totaal mannen en vrouwen;45 tot 50 jaar;Marokko;2020;29756;27592;2164
4282;Totaal mannen en vrouwen;45 tot 50 jaar;Marokko;2021;30067;27089;2978
4283;Totaal mannen en vrouwen;45 tot 50 jaar;Marokko;2022;30338;26453;3885
4284;Totaal mannen en vrouwen;45 tot 50 jaar;(voormalige) Nederlandse Antillen, Aruba;1972;295;236;59
4285;Totaal mannen en vrouwen;45 tot 50 jaar;(voormalige) Nederlandse Antillen, Aruba;1973;333;271;62
4286;Totaal mannen en vrouwen;45 tot 50 jaar;(voormalige) Nederlandse Antillen, Aruba;1974;371;310;61
4287;Totaal mannen en vrouwen;45 tot 50 jaar;(voormalige) Nederlandse Antillen, Aruba;1975;419;361;58
4288;Totaal mannen en vrouwen;45 tot 50 jaar;(voormalige) Nederlandse Antillen, Aruba;1976;477;424;53
4289;Totaal mannen en vrouwen;45 tot 50 jaar;(voormalige) Nederlandse Antillen, Aruba;1977;528;475;53
4290;Totaal mannen en vrouwen;45 tot 50 jaar;(voormalige) Nederlandse Antillen, Aruba;1978;639;590;49
4291;Totaal mannen en vrouwen;45 tot 50 jaar;(voormalige) Nederlandse Antillen, Aruba;1979;790;736;54
4292;Totaal mannen en vrouwen;45 tot 50 jaar;(voormalige) Nederlandse Antillen, Aruba;1980;944;887;57
4293;Totaal mannen en vrouwen;45 tot 50 jaar;(voormalige) Nederlandse Antillen, Aruba;1981;1122;1065;57
4294;Totaal mannen en vrouwen;45 tot 50 jaar;(voormalige) Nederlandse Antillen, Aruba;1982;1283;1224;59
4295;Totaal mannen en vrouwen;45 tot 50 jaar;(voormalige) Nederlandse Antillen, Aruba;1983;1466;1406;60
4296;Totaal mannen en vrouwen;45 tot 50 jaar;(voormalige) Nederlandse Antillen, Aruba;1984;1602;1546;56
4297;Totaal mannen en vrouwen;45 tot 50 jaar;(voormalige) Nederlandse Antillen, Aruba;1985;1732;1683;49
4298;Totaal mannen en vrouwen;45 tot 50 jaar;(voormalige) Nederlandse Antillen, Aruba;1986;1852;1799;53
4299;Totaal mannen en vrouwen;45 tot 50 jaar;(voormalige) Nederlandse Antillen, Aruba;1987;1994;1945;49
4300;Totaal mannen en vrouwen;45 tot 50 jaar;(voormalige) Nederlandse Antillen, Aruba;1988;2291;2243;48
4301;Totaal mannen en vrouwen;45 tot 50 jaar;(voormalige) Nederlandse Antillen, Aruba;1989;2602;2553;49
4302;Totaal mannen en vrouwen;45 tot 50 jaar;(voormalige) Nederlandse Antillen, Aruba;1990;2925;2874;51
4303;Totaal mannen en vrouwen;45 tot 50 jaar;(voormalige) Nederlandse Antillen, Aruba;1991;3309;3259;50
4304;Totaal mannen en vrouwen;45 tot 50 jaar;(voormalige) Nederlandse Antillen, Aruba;1992;3648;3593;55
4305;Totaal mannen en vrouwen;45 tot 50 jaar;(voormalige) Nederlandse Antillen, Aruba;1993;3910;3847;63
4306;Totaal mannen en vrouwen;45 tot 50 jaar;(voormalige) Nederlandse Antillen, Aruba;1994;4104;4029;75
4307;Totaal mannen en vrouwen;45 tot 50 jaar;(voormalige) Nederlandse Antillen, Aruba;1995;4221;4132;89
4308;Totaal mannen en vrouwen;45 tot 50 jaar;(voormalige) Nederlandse Antillen, Aruba;1996;4396;4285;111
4309;Totaal mannen en vrouwen;45 tot 50 jaar;(voormalige) Nederlandse Antillen, Aruba;1997;4636;4510;126
4310;Totaal mannen en vrouwen;45 tot 50 jaar;(voormalige) Nederlandse Antillen, Aruba;1998;4838;4702;136
4311;Totaal mannen en vrouwen;45 tot 50 jaar;(voormalige) Nederlandse Antillen, Aruba;1999;5324;5172;152
4312;Totaal mannen en vrouwen;45 tot 50 jaar;(voormalige) Nederlandse Antillen, Aruba;2000;5806;5640;166
4313;Totaal mannen en vrouwen;45 tot 50 jaar;(voormalige) Nederlandse Antillen, Aruba;2001;6390;6204;186
4314;Totaal mannen en vrouwen;45 tot 50 jaar;(voormalige) Nederlandse Antillen, Aruba;2002;6953;6734;219
4315;Totaal mannen en vrouwen;45 tot 50 jaar;(voormalige) Nederlandse Antillen, Aruba;2003;7429;7157;272
4316;Totaal mannen en vrouwen;45 tot 50 jaar;(voormalige) Nederlandse Antillen, Aruba;2004;7739;7410;329
4317;Totaal mannen en vrouwen;45 tot 50 jaar;(voormalige) Nederlandse Antillen, Aruba;2005;7951;7571;380
4318;Totaal mannen en vrouwen;45 tot 50 jaar;(voormalige) Nederlandse Antillen, Aruba;2006;8146;7707;439
4319;Totaal mannen en vrouwen;45 tot 50 jaar;(voormalige) Nederlandse Antillen, Aruba;2007;8295;7794;501
4320;Totaal mannen en vrouwen;45 tot 50 jaar;(voormalige) Nederlandse Antillen, Aruba;2008;8473;7886;587
4321;Totaal mannen en vrouwen;45 tot 50 jaar;(voormalige) Nederlandse Antillen, Aruba;2009;8595;7903;692
4322;Totaal mannen en vrouwen;45 tot 50 jaar;(voormalige) Nederlandse Antillen, Aruba;2010;8896;8101;795
4323;Totaal mannen en vrouwen;45 tot 50 jaar;(voormalige) Nederlandse Antillen, Aruba;2011;8936;8001;935
4324;Totaal mannen en vrouwen;45 tot 50 jaar;(voormalige) Nederlandse Antillen, Aruba;2012;8886;7742;1144
4325;Totaal mannen en vrouwen;45 tot 50 jaar;(voormalige) Nederlandse Antillen, Aruba;2013;8819;7442;1377
4326;Totaal mannen en vrouwen;45 tot 50 jaar;(voormalige) Nederlandse Antillen, Aruba;2014;8862;7209;1653
4327;Totaal mannen en vrouwen;45 tot 50 jaar;(voormalige) Nederlandse Antillen, Aruba;2015;8963;6988;1975
4328;Totaal mannen en vrouwen;45 tot 50 jaar;(voormalige) Nederlandse Antillen, Aruba;2016;9177;6882;2295
4329;Totaal mannen en vrouwen;45 tot 50 jaar;(voormalige) Nederlandse Antillen, Aruba;2017;9663;7141;2522
4330;Totaal mannen en vrouwen;45 tot 50 jaar;(voormalige) Nederlandse Antillen, Aruba;2018;10039;7328;2711
4331;Totaal mannen en vrouwen;45 tot 50 jaar;(voormalige) Nederlandse Antillen, Aruba;2019;10254;7509;2745
4332;Totaal mannen en vrouwen;45 tot 50 jaar;(voormalige) Nederlandse Antillen, Aruba;2020;10272;7510;2762
4333;Totaal mannen en vrouwen;45 tot 50 jaar;(voormalige) Nederlandse Antillen, Aruba;2021;10264;7557;2707
4334;Totaal mannen en vrouwen;45 tot 50 jaar;(voormalige) Nederlandse Antillen, Aruba;2022;10144;7441;2703
4335;Totaal mannen en vrouwen;45 tot 50 jaar;Suriname;1972;1663;1478;185
4336;Totaal mannen en vrouwen;45 tot 50 jaar;Suriname;1973;1852;1674;178
4337;Totaal mannen en vrouwen;45 tot 50 jaar;Suriname;1974;2141;1958;183
4338;Totaal mannen en vrouwen;45 tot 50 jaar;Suriname;1975;2618;2421;197
4339;Totaal mannen en vrouwen;45 tot 50 jaar;Suriname;1976;3855;3649;206
4340;Totaal mannen en vrouwen;45 tot 50 jaar;Suriname;1977;3807;3602;205
4341;Totaal mannen en vrouwen;45 tot 50 jaar;Suriname;1978;4103;3872;231
4342;Totaal mannen en vrouwen;45 tot 50 jaar;Suriname;1979;4388;4149;239
4343;Totaal mannen en vrouwen;45 tot 50 jaar;Suriname;1980;4935;4689;246
4344;Totaal mannen en vrouwen;45 tot 50 jaar;Suriname;1981;5594;5324;270
4345;Totaal mannen en vrouwen;45 tot 50 jaar;Suriname;1982;5874;5605;269
4346;Totaal mannen en vrouwen;45 tot 50 jaar;Suriname;1983;6127;5851;276
4347;Totaal mannen en vrouwen;45 tot 50 jaar;Suriname;1984;6539;6244;295
4348;Totaal mannen en vrouwen;45 tot 50 jaar;Suriname;1985;6923;6616;307
4349;Totaal mannen en vrouwen;45 tot 50 jaar;Suriname;1986;7231;6932;299
4350;Totaal mannen en vrouwen;45 tot 50 jaar;Suriname;1987;7636;7329;307
4351;Totaal mannen en vrouwen;45 tot 50 jaar;Suriname;1988;8335;8031;304
4352;Totaal mannen en vrouwen;45 tot 50 jaar;Suriname;1989;8844;8536;308
4353;Totaal mannen en vrouwen;45 tot 50 jaar;Suriname;1990;9361;9043;318
4354;Totaal mannen en vrouwen;45 tot 50 jaar;Suriname;1991;10266;9936;330
4355;Totaal mannen en vrouwen;45 tot 50 jaar;Suriname;1992;11190;10801;389
4356;Totaal mannen en vrouwen;45 tot 50 jaar;Suriname;1993;12020;11583;437
4357;Totaal mannen en vrouwen;45 tot 50 jaar;Suriname;1994;13038;12553;485
4358;Totaal mannen en vrouwen;45 tot 50 jaar;Suriname;1995;13925;13398;527
4359;Totaal mannen en vrouwen;45 tot 50 jaar;Suriname;1996;14669;14083;586
4360;Totaal mannen en vrouwen;45 tot 50 jaar;Suriname;1997;15709;15101;608
4361;Totaal mannen en vrouwen;45 tot 50 jaar;Suriname;1998;16955;16344;611
4362;Totaal mannen en vrouwen;45 tot 50 jaar;Suriname;1999;18431;17788;643
4363;Totaal mannen en vrouwen;45 tot 50 jaar;Suriname;2000;19956;19266;690
4364;Totaal mannen en vrouwen;45 tot 50 jaar;Suriname;2001;21463;20722;741
4365;Totaal mannen en vrouwen;45 tot 50 jaar;Suriname;2002;22754;21964;790
4366;Totaal mannen en vrouwen;45 tot 50 jaar;Suriname;2003;23912;23002;910
4367;Totaal mannen en vrouwen;45 tot 50 jaar;Suriname;2004;24826;23847;979
4368;Totaal mannen en vrouwen;45 tot 50 jaar;Suriname;2005;25850;24757;1093
4369;Totaal mannen en vrouwen;45 tot 50 jaar;Suriname;2006;26510;25338;1172
4370;Totaal mannen en vrouwen;45 tot 50 jaar;Suriname;2007;27228;25898;1330
4371;Totaal mannen en vrouwen;45 tot 50 jaar;Suriname;2008;27942;26462;1480
4372;Totaal mannen en vrouwen;45 tot 50 jaar;Suriname;2009;28645;26935;1710
4373;Totaal mannen en vrouwen;45 tot 50 jaar;Suriname;2010;29332;27287;2045
4374;Totaal mannen en vrouwen;45 tot 50 jaar;Suriname;2011;29752;27332;2420
4375;Totaal mannen en vrouwen;45 tot 50 jaar;Suriname;2012;29912;27130;2782
4376;Totaal mannen en vrouwen;45 tot 50 jaar;Suriname;2013;29764;26619;3145
4377;Totaal mannen en vrouwen;45 tot 50 jaar;Suriname;2014;29543;26027;3516
4378;Totaal mannen en vrouwen;45 tot 50 jaar;Suriname;2015;29529;25623;3906
4379;Totaal mannen en vrouwen;45 tot 50 jaar;Suriname;2016;29705;25321;4384
4380;Totaal mannen en vrouwen;45 tot 50 jaar;Suriname;2017;30064;25161;4903
4381;Totaal mannen en vrouwen;45 tot 50 jaar;Suriname;2018;30250;24906;5344
4382;Totaal mannen en vrouwen;45 tot 50 jaar;Suriname;2019;29964;24303;5661
4383;Totaal mannen en vrouwen;45 tot 50 jaar;Suriname;2020;28940;22919;6021
4384;Totaal mannen en vrouwen;45 tot 50 jaar;Suriname;2021;27953;21238;6715
4385;Totaal mannen en vrouwen;45 tot 50 jaar;Suriname;2022;26654;18944;7710
4386;Totaal mannen en vrouwen;45 tot 50 jaar;Turkije;1972;733;722;11
4387;Totaal mannen en vrouwen;45 tot 50 jaar;Turkije;1973;1035;1027;8
4388;Totaal mannen en vrouwen;45 tot 50 jaar;Turkije;1974;1278;1270;8
4389;Totaal mannen en vrouwen;45 tot 50 jaar;Turkije;1975;1655;1646;9
4390;Totaal mannen en vrouwen;45 tot 50 jaar;Turkije;1976;2107;2097;10
4391;Totaal mannen en vrouwen;45 tot 50 jaar;Turkije;1977;2464;2455;9
4392;Totaal mannen en vrouwen;45 tot 50 jaar;Turkije;1978;3440;3426;14
4393;Totaal mannen en vrouwen;45 tot 50 jaar;Turkije;1979;5071;5061;10
4394;Totaal mannen en vrouwen;45 tot 50 jaar;Turkije;1980;6465;6457;8
4395;Totaal mannen en vrouwen;45 tot 50 jaar;Turkije;1981;8307;8297;10
4396;Totaal mannen en vrouwen;45 tot 50 jaar;Turkije;1982;10355;10346;9
4397;Totaal mannen en vrouwen;45 tot 50 jaar;Turkije;1983;10446;10440;6
4398;Totaal mannen en vrouwen;45 tot 50 jaar;Turkije;1984;9887;9881;6
4399;Totaal mannen en vrouwen;45 tot 50 jaar;Turkije;1985;9815;9807;8
4400;Totaal mannen en vrouwen;45 tot 50 jaar;Turkije;1986;9814;9809;5
4401;Totaal mannen en vrouwen;45 tot 50 jaar;Turkije;1987;9775;9768;7
4402;Totaal mannen en vrouwen;45 tot 50 jaar;Turkije;1988;10203;10194;9
4403;Totaal mannen en vrouwen;45 tot 50 jaar;Turkije;1989;10536;10526;10
4404;Totaal mannen en vrouwen;45 tot 50 jaar;Turkije;1990;10380;10371;9
4405;Totaal mannen en vrouwen;45 tot 50 jaar;Turkije;1991;10230;10220;10
4406;Totaal mannen en vrouwen;45 tot 50 jaar;Turkije;1992;10241;10229;12
4407;Totaal mannen en vrouwen;45 tot 50 jaar;Turkije;1993;10014;10000;14
4408;Totaal mannen en vrouwen;45 tot 50 jaar;Turkije;1994;10329;10314;15
4409;Totaal mannen en vrouwen;45 tot 50 jaar;Turkije;1995;10659;10643;16
4410;Totaal mannen en vrouwen;45 tot 50 jaar;Turkije;1996;10917;10899;18
4411;Totaal mannen en vrouwen;45 tot 50 jaar;Turkije;1997;10496;10474;22
4412;Totaal mannen en vrouwen;45 tot 50 jaar;Turkije;1998;10484;10465;19
4413;Totaal mannen en vrouwen;45 tot 50 jaar;Turkije;1999;10242;10225;17
4414;Totaal mannen en vrouwen;45 tot 50 jaar;Turkije;2000;10133;10116;17
4415;Totaal mannen en vrouwen;45 tot 50 jaar;Turkije;2001;10121;10102;19
4416;Totaal mannen en vrouwen;45 tot 50 jaar;Turkije;2002;11609;11595;14
4417;Totaal mannen en vrouwen;45 tot 50 jaar;Turkije;2003;12157;12142;15
4418;Totaal mannen en vrouwen;45 tot 50 jaar;Turkije;2004;13286;13270;16
4419;Totaal mannen en vrouwen;45 tot 50 jaar;Turkije;2005;14764;14748;16
4420;Totaal mannen en vrouwen;45 tot 50 jaar;Turkije;2006;17300;17283;17
4421;Totaal mannen en vrouwen;45 tot 50 jaar;Turkije;2007;18449;18431;18
4422;Totaal mannen en vrouwen;45 tot 50 jaar;Turkije;2008;21323;21303;20
4423;Totaal mannen en vrouwen;45 tot 50 jaar;Turkije;2009;23897;23872;25
4424;Totaal mannen en vrouwen;45 tot 50 jaar;Turkije;2010;26681;26635;46
4425;Totaal mannen en vrouwen;45 tot 50 jaar;Turkije;2011;28268;28169;99
4426;Totaal mannen en vrouwen;45 tot 50 jaar;Turkije;2012;30595;30379;216
4427;Totaal mannen en vrouwen;45 tot 50 jaar;Turkije;2013;30214;29825;389
4428;Totaal mannen en vrouwen;45 tot 50 jaar;Turkije;2014;31157;30554;603
4429;Totaal mannen en vrouwen;45 tot 50 jaar;Turkije;2015;31354;30484;870
4430;Totaal mannen en vrouwen;45 tot 50 jaar;Turkije;2016;31958;30688;1270
4431;Totaal mannen en vrouwen;45 tot 50 jaar;Turkije;2017;32908;31118;1790
4432;Totaal mannen en vrouwen;45 tot 50 jaar;Turkije;2018;35184;32623;2561
4433;Totaal mannen en vrouwen;45 tot 50 jaar;Turkije;2019;36299;32830;3469
4434;Totaal mannen en vrouwen;45 tot 50 jaar;Turkije;2020;37096;32613;4483
4435;Totaal mannen en vrouwen;45 tot 50 jaar;Turkije;2021;36577;30995;5582
4436;Totaal mannen en vrouwen;45 tot 50 jaar;Turkije;2022;35762;29130;6632
4437;Totaal mannen en vrouwen;45 tot 50 jaar;Overige niet-westerse migratieachterg...;1972;1083;803;280
4438;Totaal mannen en vrouwen;45 tot 50 jaar;Overige niet-westerse migratieachterg...;1973;1148;841;307
4439;Totaal mannen en vrouwen;45 tot 50 jaar;Overige niet-westerse migratieachterg...;1974;1189;875;314
4440;Totaal mannen en vrouwen;45 tot 50 jaar;Overige niet-westerse migratieachterg...;1975;1256;944;312
4441;Totaal mannen en vrouwen;45 tot 50 jaar;Overige niet-westerse migratieachterg...;1976;1519;1197;322
4442;Totaal mannen en vrouwen;45 tot 50 jaar;Overige niet-westerse migratieachterg...;1977;1737;1412;325
4443;Totaal mannen en vrouwen;45 tot 50 jaar;Overige niet-westerse migratieachterg...;1978;2040;1742;298
4444;Totaal mannen en vrouwen;45 tot 50 jaar;Overige niet-westerse migratieachterg...;1979;2295;2006;289
4445;Totaal mannen en vrouwen;45 tot 50 jaar;Overige niet-westerse migratieachterg...;1980;2682;2408;274
4446;Totaal mannen en vrouwen;45 tot 50 jaar;Overige niet-westerse migratieachterg...;1981;3061;2808;253
4447;Totaal mannen en vrouwen;45 tot 50 jaar;Overige niet-westerse migratieachterg...;1982;3503;3244;259
4448;Totaal mannen en vrouwen;45 tot 50 jaar;Overige niet-westerse migratieachterg...;1983;3903;3640;263
4449;Totaal mannen en vrouwen;45 tot 50 jaar;Overige niet-westerse migratieachterg...;1984;4490;4215;275
4450;Totaal mannen en vrouwen;45 tot 50 jaar;Overige niet-westerse migratieachterg...;1985;5198;4908;290
4451;Totaal mannen en vrouwen;45 tot 50 jaar;Overige niet-westerse migratieachterg...;1986;5779;5474;305
4452;Totaal mannen en vrouwen;45 tot 50 jaar;Overige niet-westerse migratieachterg...;1987;6149;5836;313
4453;Totaal mannen en vrouwen;45 tot 50 jaar;Overige niet-westerse migratieachterg...;1988;6776;6454;322
4454;Totaal mannen en vrouwen;45 tot 50 jaar;Overige niet-westerse migratieachterg...;1989;7369;7026;343
4455;Totaal mannen en vrouwen;45 tot 50 jaar;Overige niet-westerse migratieachterg...;1990;7949;7571;378
4456;Totaal mannen en vrouwen;45 tot 50 jaar;Overige niet-westerse migratieachterg...;1991;8686;8298;388
4457;Totaal mannen en vrouwen;45 tot 50 jaar;Overige niet-westerse migratieachterg...;1992;9691;9224;467
4458;Totaal mannen en vrouwen;45 tot 50 jaar;Overige niet-westerse migratieachterg...;1993;10667;10095;572
4459;Totaal mannen en vrouwen;45 tot 50 jaar;Overige niet-westerse migratieachterg...;1994;11684;11038;646
4460;Totaal mannen en vrouwen;45 tot 50 jaar;Overige niet-westerse migratieachterg...;1995;12036;11342;694
4461;Totaal mannen en vrouwen;45 tot 50 jaar;Overige niet-westerse migratieachterg...;1996;13853;13102;751
4462;Totaal mannen en vrouwen;45 tot 50 jaar;Overige niet-westerse migratieachterg...;1997;15453;14718;735
4463;Totaal mannen en vrouwen;45 tot 50 jaar;Overige niet-westerse migratieachterg...;1998;17596;16869;727
4464;Totaal mannen en vrouwen;45 tot 50 jaar;Overige niet-westerse migratieachterg...;1999;19645;18940;705
4465;Totaal mannen en vrouwen;45 tot 50 jaar;Overige niet-westerse migratieachterg...;2000;22396;21681;715
4466;Totaal mannen en vrouwen;45 tot 50 jaar;Overige niet-westerse migratieachterg...;2001;24764;24048;716
4467;Totaal mannen en vrouwen;45 tot 50 jaar;Overige niet-westerse migratieachterg...;2002;27835;27094;741
4468;Totaal mannen en vrouwen;45 tot 50 jaar;Overige niet-westerse migratieachterg...;2003;30556;29804;752
4469;Totaal mannen en vrouwen;45 tot 50 jaar;Overige niet-westerse migratieachterg...;2004;33221;32450;771
4470;Totaal mannen en vrouwen;45 tot 50 jaar;Overige niet-westerse migratieachterg...;2005;34865;34047;818
4471;Totaal mannen en vrouwen;45 tot 50 jaar;Overige niet-westerse migratieachterg...;2006;37369;36489;880
4472;Totaal mannen en vrouwen;45 tot 50 jaar;Overige niet-westerse migratieachterg...;2007;38187;37268;919
4473;Totaal mannen en vrouwen;45 tot 50 jaar;Overige niet-westerse migratieachterg...;2008;40041;39106;935
4474;Totaal mannen en vrouwen;45 tot 50 jaar;Overige niet-westerse migratieachterg...;2009;42151;41156;995
4475;Totaal mannen en vrouwen;45 tot 50 jaar;Overige niet-westerse migratieachterg...;2010;44808;43719;1089
4476;Totaal mannen en vrouwen;45 tot 50 jaar;Overige niet-westerse migratieachterg...;2011;45847;44661;1186
4477;Totaal mannen en vrouwen;45 tot 50 jaar;Overige niet-westerse migratieachterg...;2012;47755;46489;1266
4478;Totaal mannen en vrouwen;45 tot 50 jaar;Overige niet-westerse migratieachterg...;2013;48320;46914;1406
4479;Totaal mannen en vrouwen;45 tot 50 jaar;Overige niet-westerse migratieachterg...;2014;49916;48346;1570
4480;Totaal mannen en vrouwen;45 tot 50 jaar;Overige niet-westerse migratieachterg...;2015;50905;49175;1730
4481;Totaal mannen en vrouwen;45 tot 50 jaar;Overige niet-westerse migratieachterg...;2016;53180;51256;1924
4482;Totaal mannen en vrouwen;45 tot 50 jaar;Overige niet-westerse migratieachterg...;2017;55473;53244;2229
4483;Totaal mannen en vrouwen;45 tot 50 jaar;Overige niet-westerse migratieachterg...;2018;58379;55855;2524
4484;Totaal mannen en vrouwen;45 tot 50 jaar;Overige niet-westerse migratieachterg...;2019;60006;57200;2806
4485;Totaal mannen en vrouwen;45 tot 50 jaar;Overige niet-westerse migratieachterg...;2020;63011;59844;3167
4486;Totaal mannen en vrouwen;45 tot 50 jaar;Overige niet-westerse migratieachterg...;2021;64636;61039;3597
4487;Totaal mannen en vrouwen;45 tot 50 jaar;Overige niet-westerse migratieachterg...;2022;67558;63471;4087
4488;Totaal mannen en vrouwen;50 tot 55 jaar;Met migratieachtergrond;1972;51426;32217;19209
4489;Totaal mannen en vrouwen;50 tot 55 jaar;Met migratieachtergrond;1973;55544;35110;20434
4490;Totaal mannen en vrouwen;50 tot 55 jaar;Met migratieachtergrond;1974;60241;38115;22126
4491;Totaal mannen en vrouwen;50 tot 55 jaar;Met migratieachtergrond;1975;64325;40559;23766
4492;Totaal mannen en vrouwen;50 tot 55 jaar;Met migratieachtergrond;1976;68118;43105;25013
4493;Totaal mannen en vrouwen;50 tot 55 jaar;Met migratieachtergrond;1977;69186;43026;26160
4494;Totaal mannen en vrouwen;50 tot 55 jaar;Met migratieachtergrond;1978;70107;42221;27886
4495;Totaal mannen en vrouwen;50 tot 55 jaar;Met migratieachtergrond;1979;71418;41506;29912
4496;Totaal mannen en vrouwen;50 tot 55 jaar;Met migratieachtergrond;1980;73092;41309;31783
4497;Totaal mannen en vrouwen;50 tot 55 jaar;Met migratieachtergrond;1981;76720;42709;34011
4498;Totaal mannen en vrouwen;50 tot 55 jaar;Met migratieachtergrond;1982;79590;43393;36197
4499;Totaal mannen en vrouwen;50 tot 55 jaar;Met migratieachtergrond;1983;84142;45617;38525
4500;Totaal mannen en vrouwen;50 tot 55 jaar;Met migratieachtergrond;1984;87160;46836;40324
4501;Totaal mannen en vrouwen;50 tot 55 jaar;Met migratieachtergrond;1985;91034;48637;42397
4502;Totaal mannen en vrouwen;50 tot 55 jaar;Met migratieachtergrond;1986;94330;50190;44140
4503;Totaal mannen en vrouwen;50 tot 55 jaar;Met migratieachtergrond;1987;99738;53729;46009
4504;Totaal mannen en vrouwen;50 tot 55 jaar;Met migratieachtergrond;1988;104471;57215;47256
4505;Totaal mannen en vrouwen;50 tot 55 jaar;Met migratieachtergrond;1989;109961;61213;48748
4506;Totaal mannen en vrouwen;50 tot 55 jaar;Met migratieachtergrond;1990;115881;66051;49830
4507;Totaal mannen en vrouwen;50 tot 55 jaar;Met migratieachtergrond;1991;122813;72072;50741
4508;Totaal mannen en vrouwen;50 tot 55 jaar;Met migratieachtergrond;1992;126831;76203;50628
4509;Totaal mannen en vrouwen;50 tot 55 jaar;Met migratieachtergrond;1993;130896;80090;50806
4510;Totaal mannen en vrouwen;50 tot 55 jaar;Met migratieachtergrond;1994;131322;80397;50925
4511;Totaal mannen en vrouwen;50 tot 55 jaar;Met migratieachtergrond;1995;131604;80420;51184
4512;Totaal mannen en vrouwen;50 tot 55 jaar;Met migratieachtergrond;1996;129977;79451;50526
4513;Totaal mannen en vrouwen;50 tot 55 jaar;Met migratieachtergrond;1997;136573;81689;54884
4514;Totaal mannen en vrouwen;50 tot 55 jaar;Met migratieachtergrond;1998;144818;86153;58665
4515;Totaal mannen en vrouwen;50 tot 55 jaar;Met migratieachtergrond;1999;155265;94466;60799
4516;Totaal mannen en vrouwen;50 tot 55 jaar;Met migratieachtergrond;2000;164010;101962;62048
4517;Totaal mannen en vrouwen;50 tot 55 jaar;Met migratieachtergrond;2001;173978;110290;63688
4518;Totaal mannen en vrouwen;50 tot 55 jaar;Met migratieachtergrond;2002;176243;114347;61896
4519;Totaal mannen en vrouwen;50 tot 55 jaar;Met migratieachtergrond;2003;177370;116660;60710
4520;Totaal mannen en vrouwen;50 tot 55 jaar;Met migratieachtergrond;2004;177819;117652;60167
4521;Totaal mannen en vrouwen;50 tot 55 jaar;Met migratieachtergrond;2005;179566;119215;60351
4522;Totaal mannen en vrouwen;50 tot 55 jaar;Met migratieachtergrond;2006;180483;119816;60667
4523;Totaal mannen en vrouwen;50 tot 55 jaar;Met migratieachtergrond;2007;184551;124477;60074
4524;Totaal mannen en vrouwen;50 tot 55 jaar;Met migratieachtergrond;2008;187918;128112;59806
4525;Totaal mannen en vrouwen;50 tot 55 jaar;Met migratieachtergrond;2009;193749;133028;60721
4526;Totaal mannen en vrouwen;50 tot 55 jaar;Met migratieachtergrond;2010;199915;137658;62257
4527;Totaal mannen en vrouwen;50 tot 55 jaar;Met migratieachtergrond;2011;208606;145301;63305
4528;Totaal mannen en vrouwen;50 tot 55 jaar;Met migratieachtergrond;2012;214982;150029;64953
4529;Totaal mannen en vrouwen;50 tot 55 jaar;Met migratieachtergrond;2013;223646;156845;66801
4530;Totaal mannen en vrouwen;50 tot 55 jaar;Met migratieachtergrond;2014;231908;163336;68572
4531;Totaal mannen en vrouwen;50 tot 55 jaar;Met migratieachtergrond;2015;242089;171531;70558
4532;Totaal mannen en vrouwen;50 tot 55 jaar;Met migratieachtergrond;2016;249284;176567;72717
4533;Totaal mannen en vrouwen;50 tot 55 jaar;Met migratieachtergrond;2017;258129;183912;74217
4534;Totaal mannen en vrouwen;50 tot 55 jaar;Met migratieachtergrond;2018;263107;187869;75238
4535;Totaal mannen en vrouwen;50 tot 55 jaar;Met migratieachtergrond;2019;270799;194792;76007
4536;Totaal mannen en vrouwen;50 tot 55 jaar;Met migratieachtergrond;2020;278346;201085;77261
4537;Totaal mannen en vrouwen;50 tot 55 jaar;Met migratieachtergrond;2021;286913;208872;78041
4538;Totaal mannen en vrouwen;50 tot 55 jaar;Met migratieachtergrond;2022;294305;215684;78621
4539;Totaal mannen en vrouwen;50 tot 55 jaar;Westerse migratieachtergrond;1972;48964;30095;18869
4540;Totaal mannen en vrouwen;50 tot 55 jaar;Westerse migratieachtergrond;1973;52625;32565;20060
4541;Totaal mannen en vrouwen;50 tot 55 jaar;Westerse migratieachtergrond;1974;56750;35038;21712
4542;Totaal mannen en vrouwen;50 tot 55 jaar;Westerse migratieachtergrond;1975;60089;36794;23295
4543;Totaal mannen en vrouwen;50 tot 55 jaar;Westerse migratieachtergrond;1976;62159;37638;24521
4544;Totaal mannen en vrouwen;50 tot 55 jaar;Westerse migratieachtergrond;1977;62772;37131;25641
4545;Totaal mannen en vrouwen;50 tot 55 jaar;Westerse migratieachtergrond;1978;62832;35483;27349
4546;Totaal mannen en vrouwen;50 tot 55 jaar;Westerse migratieachtergrond;1979;63346;33984;29362
4547;Totaal mannen en vrouwen;50 tot 55 jaar;Westerse migratieachtergrond;1980;63831;32607;31224
4548;Totaal mannen en vrouwen;50 tot 55 jaar;Westerse migratieachtergrond;1981;65934;32496;33438
4549;Totaal mannen en vrouwen;50 tot 55 jaar;Westerse migratieachtergrond;1982;67703;32081;35622
4550;Totaal mannen en vrouwen;50 tot 55 jaar;Westerse migratieachtergrond;1983;69879;31930;37949
4551;Totaal mannen en vrouwen;50 tot 55 jaar;Westerse migratieachtergrond;1984;69883;30134;39749
4552;Totaal mannen en vrouwen;50 tot 55 jaar;Westerse migratieachtergrond;1985;71089;29261;41828
4553;Totaal mannen en vrouwen;50 tot 55 jaar;Westerse migratieachtergrond;1986;71437;27873;43564
4554;Totaal mannen en vrouwen;50 tot 55 jaar;Westerse migratieachtergrond;1987;73633;28204;45429
4555;Totaal mannen en vrouwen;50 tot 55 jaar;Westerse migratieachtergrond;1988;77341;30675;46666
4556;Totaal mannen en vrouwen;50 tot 55 jaar;Westerse migratieachtergrond;1989;82072;33942;48130
4557;Totaal mannen en vrouwen;50 tot 55 jaar;Westerse migratieachtergrond;1990;86476;37287;49189
4558;Totaal mannen en vrouwen;50 tot 55 jaar;Westerse migratieachtergrond;1991;90766;40674;50092
4559;Totaal mannen en vrouwen;50 tot 55 jaar;Westerse migratieachtergrond;1992;93017;43050;49967
4560;Totaal mannen en vrouwen;50 tot 55 jaar;Westerse migratieachtergrond;1993;94379;44241;50138
4561;Totaal mannen en vrouwen;50 tot 55 jaar;Westerse migratieachtergrond;1994;93495;43265;50230
4562;Totaal mannen en vrouwen;50 tot 55 jaar;Westerse migratieachtergrond;1995;92633;42244;50389
4563;Totaal mannen en vrouwen;50 tot 55 jaar;Westerse migratieachtergrond;1996;90805;41088;49717
4564;Totaal mannen en vrouwen;50 tot 55 jaar;Westerse migratieachtergrond;1997;95552;41622;53930
4565;Totaal mannen en vrouwen;50 tot 55 jaar;Westerse migratieachtergrond;1998;102278;44723;57555
4566;Totaal mannen en vrouwen;50 tot 55 jaar;Westerse migratieachtergrond;1999;109311;49752;59559
4567;Totaal mannen en vrouwen;50 tot 55 jaar;Westerse migratieachtergrond;2000;115249;54497;60752
4568;Totaal mannen en vrouwen;50 tot 55 jaar;Westerse migratieachtergrond;2001;120844;58597;62247
4569;Totaal mannen en vrouwen;50 tot 55 jaar;Westerse migratieachtergrond;2002;120081;59635;60446
4570;Totaal mannen en vrouwen;50 tot 55 jaar;Westerse migratieachtergrond;2003;117040;57792;59248
4571;Totaal mannen en vrouwen;50 tot 55 jaar;Westerse migratieachtergrond;2004;114073;55392;58681
4572;Totaal mannen en vrouwen;50 tot 55 jaar;Westerse migratieachtergrond;2005;111416;52626;58790
4573;Totaal mannen en vrouwen;50 tot 55 jaar;Westerse migratieachtergrond;2006;109251;50209;59042
4574;Totaal mannen en vrouwen;50 tot 55 jaar;Westerse migratieachtergrond;2007;107836;49462;58374
4575;Totaal mannen en vrouwen;50 tot 55 jaar;Westerse migratieachtergrond;2008;107013;49090;57923
4576;Totaal mannen en vrouwen;50 tot 55 jaar;Westerse migratieachtergrond;2009;107237;48550;58687
4577;Totaal mannen en vrouwen;50 tot 55 jaar;Westerse migratieachtergrond;2010;108103;48093;60010
4578;Totaal mannen en vrouwen;50 tot 55 jaar;Westerse migratieachtergrond;2011;109116;48265;60851
4579;Totaal mannen en vrouwen;50 tot 55 jaar;Westerse migratieachtergrond;2012;110835;48600;62235
4580;Totaal mannen en vrouwen;50 tot 55 jaar;Westerse migratieachtergrond;2013;112384;48563;63821
4581;Totaal mannen en vrouwen;50 tot 55 jaar;Westerse migratieachtergrond;2014;114589;49403;65186
4582;Totaal mannen en vrouwen;50 tot 55 jaar;Westerse migratieachtergrond;2015;117607;50985;66622
4583;Totaal mannen en vrouwen;50 tot 55 jaar;Westerse migratieachtergrond;2016;120427;52310;68117
4584;Totaal mannen en vrouwen;50 tot 55 jaar;Westerse migratieachtergrond;2017;122289;53483;68806
4585;Totaal mannen en vrouwen;50 tot 55 jaar;Westerse migratieachtergrond;2018;124784;55914;68870
4586;Totaal mannen en vrouwen;50 tot 55 jaar;Westerse migratieachtergrond;2019;127286;58750;68536
4587;Totaal mannen en vrouwen;50 tot 55 jaar;Westerse migratieachtergrond;2020;130360;61866;68494
4588;Totaal mannen en vrouwen;50 tot 55 jaar;Westerse migratieachtergrond;2021;132692;64973;67719
4589;Totaal mannen en vrouwen;50 tot 55 jaar;Westerse migratieachtergrond;2022;134897;68414;66483
4590;Totaal mannen en vrouwen;50 tot 55 jaar;Niet-westerse migratieachtergrond;1972;2462;2122;340
4591;Totaal mannen en vrouwen;50 tot 55 jaar;Niet-westerse migratieachtergrond;1973;2919;2545;374
4592;Totaal mannen en vrouwen;50 tot 55 jaar;Niet-westerse migratieachtergrond;1974;3491;3077;414
4593;Totaal mannen en vrouwen;50 tot 55 jaar;Niet-westerse migratieachtergrond;1975;4236;3765;471
4594;Totaal mannen en vrouwen;50 tot 55 jaar;Niet-westerse migratieachtergrond;1976;5959;5467;492
4595;Totaal mannen en vrouwen;50 tot 55 jaar;Niet-westerse migratieachtergrond;1977;6414;5895;519
4596;Totaal mannen en vrouwen;50 tot 55 jaar;Niet-westerse migratieachtergrond;1978;7275;6738;537
4597;Totaal mannen en vrouwen;50 tot 55 jaar;Niet-westerse migratieachtergrond;1979;8072;7522;550
4598;Totaal mannen en vrouwen;50 tot 55 jaar;Niet-westerse migratieachtergrond;1980;9261;8702;559
4599;Totaal mannen en vrouwen;50 tot 55 jaar;Niet-westerse migratieachtergrond;1981;10786;10213;573
4600;Totaal mannen en vrouwen;50 tot 55 jaar;Niet-westerse migratieachtergrond;1982;11887;11312;575
4601;Totaal mannen en vrouwen;50 tot 55 jaar;Niet-westerse migratieachtergrond;1983;14263;13687;576
4602;Totaal mannen en vrouwen;50 tot 55 jaar;Niet-westerse migratieachtergrond;1984;17277;16702;575
4603;Totaal mannen en vrouwen;50 tot 55 jaar;Niet-westerse migratieachtergrond;1985;19945;19376;569
4604;Totaal mannen en vrouwen;50 tot 55 jaar;Niet-westerse migratieachtergrond;1986;22893;22317;576
4605;Totaal mannen en vrouwen;50 tot 55 jaar;Niet-westerse migratieachtergrond;1987;26105;25525;580
4606;Totaal mannen en vrouwen;50 tot 55 jaar;Niet-westerse migratieachtergrond;1988;27130;26540;590
4607;Totaal mannen en vrouwen;50 tot 55 jaar;Niet-westerse migratieachtergrond;1989;27889;27271;618
4608;Totaal mannen en vrouwen;50 tot 55 jaar;Niet-westerse migratieachtergrond;1990;29405;28764;641
4609;Totaal mannen en vrouwen;50 tot 55 jaar;Niet-westerse migratieachtergrond;1991;32047;31398;649
4610;Totaal mannen en vrouwen;50 tot 55 jaar;Niet-westerse migratieachtergrond;1992;33814;33153;661
4611;Totaal mannen en vrouwen;50 tot 55 jaar;Niet-westerse migratieachtergrond;1993;36517;35849;668
4612;Totaal mannen en vrouwen;50 tot 55 jaar;Niet-westerse migratieachtergrond;1994;37827;37132;695
4613;Totaal mannen en vrouwen;50 tot 55 jaar;Niet-westerse migratieachtergrond;1995;38971;38176;795
4614;Totaal mannen en vrouwen;50 tot 55 jaar;Niet-westerse migratieachtergrond;1996;39172;38363;809
4615;Totaal mannen en vrouwen;50 tot 55 jaar;Niet-westerse migratieachtergrond;1997;41021;40067;954
4616;Totaal mannen en vrouwen;50 tot 55 jaar;Niet-westerse migratieachtergrond;1998;42540;41430;1110
4617;Totaal mannen en vrouwen;50 tot 55 jaar;Niet-westerse migratieachtergrond;1999;45954;44714;1240
4618;Totaal mannen en vrouwen;50 tot 55 jaar;Niet-westerse migratieachtergrond;2000;48761;47465;1296
4619;Totaal mannen en vrouwen;50 tot 55 jaar;Niet-westerse migratieachtergrond;2001;53134;51693;1441
4620;Totaal mannen en vrouwen;50 tot 55 jaar;Niet-westerse migratieachtergrond;2002;56162;54712;1450
4621;Totaal mannen en vrouwen;50 tot 55 jaar;Niet-westerse migratieachtergrond;2003;60330;58868;1462
4622;Totaal mannen en vrouwen;50 tot 55 jaar;Niet-westerse migratieachtergrond;2004;63746;62260;1486
4623;Totaal mannen en vrouwen;50 tot 55 jaar;Niet-westerse migratieachtergrond;2005;68150;66589;1561
4624;Totaal mannen en vrouwen;50 tot 55 jaar;Niet-westerse migratieachtergrond;2006;71232;69607;1625
4625;Totaal mannen en vrouwen;50 tot 55 jaar;Niet-westerse migratieachtergrond;2007;76715;75015;1700
4626;Totaal mannen en vrouwen;50 tot 55 jaar;Niet-westerse migratieachtergrond;2008;80905;79022;1883
4627;Totaal mannen en vrouwen;50 tot 55 jaar;Niet-westerse migratieachtergrond;2009;86512;84478;2034
4628;Totaal mannen en vrouwen;50 tot 55 jaar;Niet-westerse migratieachtergrond;2010;91812;89565;2247
4629;Totaal mannen en vrouwen;50 tot 55 jaar;Niet-westerse migratieachtergrond;2011;99490;97036;2454
4630;Totaal mannen en vrouwen;50 tot 55 jaar;Niet-westerse migratieachtergrond;2012;104147;101429;2718
4631;Totaal mannen en vrouwen;50 tot 55 jaar;Niet-westerse migratieachtergrond;2013;111262;108282;2980
4632;Totaal mannen en vrouwen;50 tot 55 jaar;Niet-westerse migratieachtergrond;2014;117319;113933;3386
4633;Totaal mannen en vrouwen;50 tot 55 jaar;Niet-westerse migratieachtergrond;2015;124482;120546;3936
4634;Totaal mannen en vrouwen;50 tot 55 jaar;Niet-westerse migratieachtergrond;2016;128857;124257;4600
4635;Totaal mannen en vrouwen;50 tot 55 jaar;Niet-westerse migratieachtergrond;2017;135840;130429;5411
4636;Totaal mannen en vrouwen;50 tot 55 jaar;Niet-westerse migratieachtergrond;2018;138323;131955;6368
4637;Totaal mannen en vrouwen;50 tot 55 jaar;Niet-westerse migratieachtergrond;2019;143513;136042;7471
4638;Totaal mannen en vrouwen;50 tot 55 jaar;Niet-westerse migratieachtergrond;2020;147986;139219;8767
4639;Totaal mannen en vrouwen;50 tot 55 jaar;Niet-westerse migratieachtergrond;2021;154221;143899;10322
4640;Totaal mannen en vrouwen;50 tot 55 jaar;Niet-westerse migratieachtergrond;2022;159408;147270;12138
4641;Totaal mannen en vrouwen;50 tot 55 jaar;Marokko;1972;271;271;0
4642;Totaal mannen en vrouwen;50 tot 55 jaar;Marokko;1973;339;338;1
4643;Totaal mannen en vrouwen;50 tot 55 jaar;Marokko;1974;441;440;1
4644;Totaal mannen en vrouwen;50 tot 55 jaar;Marokko;1975;534;533;1
4645;Totaal mannen en vrouwen;50 tot 55 jaar;Marokko;1976;671;670;1
4646;Totaal mannen en vrouwen;50 tot 55 jaar;Marokko;1977;782;781;1
4647;Totaal mannen en vrouwen;50 tot 55 jaar;Marokko;1978;1035;1035;0
4648;Totaal mannen en vrouwen;50 tot 55 jaar;Marokko;1979;1221;1221;0
4649;Totaal mannen en vrouwen;50 tot 55 jaar;Marokko;1980;1474;1474;0
4650;Totaal mannen en vrouwen;50 tot 55 jaar;Marokko;1981;1778;1778;0
4651;Totaal mannen en vrouwen;50 tot 55 jaar;Marokko;1982;2139;2139;0
4652;Totaal mannen en vrouwen;50 tot 55 jaar;Marokko;1983;2837;2837;0
4653;Totaal mannen en vrouwen;50 tot 55 jaar;Marokko;1984;3726;3726;0
4654;Totaal mannen en vrouwen;50 tot 55 jaar;Marokko;1985;4538;4538;0
4655;Totaal mannen en vrouwen;50 tot 55 jaar;Marokko;1986;5462;5462;0
4656;Totaal mannen en vrouwen;50 tot 55 jaar;Marokko;1987;6474;6474;0
4657;Totaal mannen en vrouwen;50 tot 55 jaar;Marokko;1988;6656;6656;0
4658;Totaal mannen en vrouwen;50 tot 55 jaar;Marokko;1989;6969;6969;0
4659;Totaal mannen en vrouwen;50 tot 55 jaar;Marokko;1990;7287;7287;0
4660;Totaal mannen en vrouwen;50 tot 55 jaar;Marokko;1991;8182;8181;1
4661;Totaal mannen en vrouwen;50 tot 55 jaar;Marokko;1992;8391;8390;1
4662;Totaal mannen en vrouwen;50 tot 55 jaar;Marokko;1993;9212;9211;1
4663;Totaal mannen en vrouwen;50 tot 55 jaar;Marokko;1994;9252;9251;1
4664;Totaal mannen en vrouwen;50 tot 55 jaar;Marokko;1995;9553;9551;2
4665;Totaal mannen en vrouwen;50 tot 55 jaar;Marokko;1996;8365;8364;1
4666;Totaal mannen en vrouwen;50 tot 55 jaar;Marokko;1997;8337;8336;1
4667;Totaal mannen en vrouwen;50 tot 55 jaar;Marokko;1998;7865;7864;1
4668;Totaal mannen en vrouwen;50 tot 55 jaar;Marokko;1999;8110;8109;1
4669;Totaal mannen en vrouwen;50 tot 55 jaar;Marokko;2000;8014;8014;0
4670;Totaal mannen en vrouwen;50 tot 55 jaar;Marokko;2001;8548;8547;1
4671;Totaal mannen en vrouwen;50 tot 55 jaar;Marokko;2002;8557;8556;1
4672;Totaal mannen en vrouwen;50 tot 55 jaar;Marokko;2003;8970;8968;2
4673;Totaal mannen en vrouwen;50 tot 55 jaar;Marokko;2004;9025;9023;2
4674;Totaal mannen en vrouwen;50 tot 55 jaar;Marokko;2005;9465;9462;3
4675;Totaal mannen en vrouwen;50 tot 55 jaar;Marokko;2006;9413;9410;3
4676;Totaal mannen en vrouwen;50 tot 55 jaar;Marokko;2007;10117;10114;3
4677;Totaal mannen en vrouwen;50 tot 55 jaar;Marokko;2008;10407;10404;3
4678;Totaal mannen en vrouwen;50 tot 55 jaar;Marokko;2009;11282;11277;5
4679;Totaal mannen en vrouwen;50 tot 55 jaar;Marokko;2010;11983;11978;5
4680;Totaal mannen en vrouwen;50 tot 55 jaar;Marokko;2011;13358;13352;6
4681;Totaal mannen en vrouwen;50 tot 55 jaar;Marokko;2012;14474;14465;9
4682;Totaal mannen en vrouwen;50 tot 55 jaar;Marokko;2013;15837;15828;9
4683;Totaal mannen en vrouwen;50 tot 55 jaar;Marokko;2014;16950;16941;9
4684;Totaal mannen en vrouwen;50 tot 55 jaar;Marokko;2015;18539;18520;19
4685;Totaal mannen en vrouwen;50 tot 55 jaar;Marokko;2016;19353;19318;35
4686;Totaal mannen en vrouwen;50 tot 55 jaar;Marokko;2017;20819;20738;81
4687;Totaal mannen en vrouwen;50 tot 55 jaar;Marokko;2018;21596;21452;144
4688;Totaal mannen en vrouwen;50 tot 55 jaar;Marokko;2019;22836;22599;237
4689;Totaal mannen en vrouwen;50 tot 55 jaar;Marokko;2020;24017;23655;362
4690;Totaal mannen en vrouwen;50 tot 55 jaar;Marokko;2021;25685;25169;516
4691;Totaal mannen en vrouwen;50 tot 55 jaar;Marokko;2022;26775;26037;738
4692;Totaal mannen en vrouwen;50 tot 55 jaar;(voormalige) Nederlandse Antillen, Aruba;1972;247;189;58
4693;Totaal mannen en vrouwen;50 tot 55 jaar;(voormalige) Nederlandse Antillen, Aruba;1973;268;208;60
4694;Totaal mannen en vrouwen;50 tot 55 jaar;(voormalige) Nederlandse Antillen, Aruba;1974;290;234;56
4695;Totaal mannen en vrouwen;50 tot 55 jaar;(voormalige) Nederlandse Antillen, Aruba;1975;309;248;61
4696;Totaal mannen en vrouwen;50 tot 55 jaar;(voormalige) Nederlandse Antillen, Aruba;1976;328;266;62
4697;Totaal mannen en vrouwen;50 tot 55 jaar;(voormalige) Nederlandse Antillen, Aruba;1977;346;289;57
4698;Totaal mannen en vrouwen;50 tot 55 jaar;(voormalige) Nederlandse Antillen, Aruba;1978;396;336;60
4699;Totaal mannen en vrouwen;50 tot 55 jaar;(voormalige) Nederlandse Antillen, Aruba;1979;472;413;59
4700;Totaal mannen en vrouwen;50 tot 55 jaar;(voormalige) Nederlandse Antillen, Aruba;1980;546;490;56
4701;Totaal mannen en vrouwen;50 tot 55 jaar;(voormalige) Nederlandse Antillen, Aruba;1981;636;585;51
4702;Totaal mannen en vrouwen;50 tot 55 jaar;(voormalige) Nederlandse Antillen, Aruba;1982;702;651;51
4703;Totaal mannen en vrouwen;50 tot 55 jaar;(voormalige) Nederlandse Antillen, Aruba;1983;829;781;48
4704;Totaal mannen en vrouwen;50 tot 55 jaar;(voormalige) Nederlandse Antillen, Aruba;1984;963;911;52
4705;Totaal mannen en vrouwen;50 tot 55 jaar;(voormalige) Nederlandse Antillen, Aruba;1985;1103;1047;56
4706;Totaal mannen en vrouwen;50 tot 55 jaar;(voormalige) Nederlandse Antillen, Aruba;1986;1270;1214;56
4707;Totaal mannen en vrouwen;50 tot 55 jaar;(voormalige) Nederlandse Antillen, Aruba;1987;1440;1383;57
4708;Totaal mannen en vrouwen;50 tot 55 jaar;(voormalige) Nederlandse Antillen, Aruba;1988;1576;1518;58
4709;Totaal mannen en vrouwen;50 tot 55 jaar;(voormalige) Nederlandse Antillen, Aruba;1989;1701;1646;55
4710;Totaal mannen en vrouwen;50 tot 55 jaar;(voormalige) Nederlandse Antillen, Aruba;1990;1818;1769;49
4711;Totaal mannen en vrouwen;50 tot 55 jaar;(voormalige) Nederlandse Antillen, Aruba;1991;1982;1930;52
4712;Totaal mannen en vrouwen;50 tot 55 jaar;(voormalige) Nederlandse Antillen, Aruba;1992;2132;2084;48
4713;Totaal mannen en vrouwen;50 tot 55 jaar;(voormalige) Nederlandse Antillen, Aruba;1993;2309;2262;47
4714;Totaal mannen en vrouwen;50 tot 55 jaar;(voormalige) Nederlandse Antillen, Aruba;1994;2504;2456;48
4715;Totaal mannen en vrouwen;50 tot 55 jaar;(voormalige) Nederlandse Antillen, Aruba;1995;2683;2629;54
4716;Totaal mannen en vrouwen;50 tot 55 jaar;(voormalige) Nederlandse Antillen, Aruba;1996;2955;2905;50
4717;Totaal mannen en vrouwen;50 tot 55 jaar;(voormalige) Nederlandse Antillen, Aruba;1997;3271;3216;55
4718;Totaal mannen en vrouwen;50 tot 55 jaar;(voormalige) Nederlandse Antillen, Aruba;1998;3614;3552;62
4719;Totaal mannen en vrouwen;50 tot 55 jaar;(voormalige) Nederlandse Antillen, Aruba;1999;3994;3917;77
4720;Totaal mannen en vrouwen;50 tot 55 jaar;(voormalige) Nederlandse Antillen, Aruba;2000;4346;4257;89
4721;Totaal mannen en vrouwen;50 tot 55 jaar;(voormalige) Nederlandse Antillen, Aruba;2001;4843;4732;111
4722;Totaal mannen en vrouwen;50 tot 55 jaar;(voormalige) Nederlandse Antillen, Aruba;2002;5261;5140;121
4723;Totaal mannen en vrouwen;50 tot 55 jaar;(voormalige) Nederlandse Antillen, Aruba;2003;5583;5448;135
4724;Totaal mannen en vrouwen;50 tot 55 jaar;(voormalige) Nederlandse Antillen, Aruba;2004;5969;5825;144
4725;Totaal mannen en vrouwen;50 tot 55 jaar;(voormalige) Nederlandse Antillen, Aruba;2005;6200;6042;158
4726;Totaal mannen en vrouwen;50 tot 55 jaar;(voormalige) Nederlandse Antillen, Aruba;2006;6400;6219;181
4727;Totaal mannen en vrouwen;50 tot 55 jaar;(voormalige) Nederlandse Antillen, Aruba;2007;6619;6407;212
4728;Totaal mannen en vrouwen;50 tot 55 jaar;(voormalige) Nederlandse Antillen, Aruba;2008;6944;6679;265
4729;Totaal mannen en vrouwen;50 tot 55 jaar;(voormalige) Nederlandse Antillen, Aruba;2009;7274;6959;315
4730;Totaal mannen en vrouwen;50 tot 55 jaar;(voormalige) Nederlandse Antillen, Aruba;2010;7537;7170;367
4731;Totaal mannen en vrouwen;50 tot 55 jaar;(voormalige) Nederlandse Antillen, Aruba;2011;7816;7386;430
4732;Totaal mannen en vrouwen;50 tot 55 jaar;(voormalige) Nederlandse Antillen, Aruba;2012;8078;7585;493
4733;Totaal mannen en vrouwen;50 tot 55 jaar;(voormalige) Nederlandse Antillen, Aruba;2013;8270;7696;574
4734;Totaal mannen en vrouwen;50 tot 55 jaar;(voormalige) Nederlandse Antillen, Aruba;2014;8371;7692;679
4735;Totaal mannen en vrouwen;50 tot 55 jaar;(voormalige) Nederlandse Antillen, Aruba;2015;8586;7801;785
4736;Totaal mannen en vrouwen;50 tot 55 jaar;(voormalige) Nederlandse Antillen, Aruba;2016;8631;7714;917
4737;Totaal mannen en vrouwen;50 tot 55 jaar;(voormalige) Nederlandse Antillen, Aruba;2017;8582;7453;1129
4738;Totaal mannen en vrouwen;50 tot 55 jaar;(voormalige) Nederlandse Antillen, Aruba;2018;8594;7231;1363
4739;Totaal mannen en vrouwen;50 tot 55 jaar;(voormalige) Nederlandse Antillen, Aruba;2019;8760;7113;1647
4740;Totaal mannen en vrouwen;50 tot 55 jaar;(voormalige) Nederlandse Antillen, Aruba;2020;9030;7069;1961
4741;Totaal mannen en vrouwen;50 tot 55 jaar;(voormalige) Nederlandse Antillen, Aruba;2021;9376;7097;2279
4742;Totaal mannen en vrouwen;50 tot 55 jaar;(voormalige) Nederlandse Antillen, Aruba;2022;9954;7453;2501
4743;Totaal mannen en vrouwen;50 tot 55 jaar;Suriname;1972;1135;1015;120
4744;Totaal mannen en vrouwen;50 tot 55 jaar;Suriname;1973;1341;1213;128
4745;Totaal mannen en vrouwen;50 tot 55 jaar;Suriname;1974;1575;1429;146
4746;Totaal mannen en vrouwen;50 tot 55 jaar;Suriname;1975;2007;1847;160
4747;Totaal mannen en vrouwen;50 tot 55 jaar;Suriname;1976;3245;3085;160
4748;Totaal mannen en vrouwen;50 tot 55 jaar;Suriname;1977;3291;3111;180
4749;Totaal mannen en vrouwen;50 tot 55 jaar;Suriname;1978;3358;3185;173
4750;Totaal mannen en vrouwen;50 tot 55 jaar;Suriname;1979;3485;3307;178
4751;Totaal mannen en vrouwen;50 tot 55 jaar;Suriname;1980;3793;3602;191
4752;Totaal mannen en vrouwen;50 tot 55 jaar;Suriname;1981;4230;4031;199
4753;Totaal mannen en vrouwen;50 tot 55 jaar;Suriname;1982;4284;4084;200
4754;Totaal mannen en vrouwen;50 tot 55 jaar;Suriname;1983;4582;4357;225
4755;Totaal mannen en vrouwen;50 tot 55 jaar;Suriname;1984;4880;4648;232
4756;Totaal mannen en vrouwen;50 tot 55 jaar;Suriname;1985;5172;4933;239
4757;Totaal mannen en vrouwen;50 tot 55 jaar;Suriname;1986;5523;5260;263
4758;Totaal mannen en vrouwen;50 tot 55 jaar;Suriname;1987;5880;5618;262
4759;Totaal mannen en vrouwen;50 tot 55 jaar;Suriname;1988;6293;6024;269
4760;Totaal mannen en vrouwen;50 tot 55 jaar;Suriname;1989;6616;6328;288
4761;Totaal mannen en vrouwen;50 tot 55 jaar;Suriname;1990;7035;6735;300
4762;Totaal mannen en vrouwen;50 tot 55 jaar;Suriname;1991;7375;7082;293
4763;Totaal mannen en vrouwen;50 tot 55 jaar;Suriname;1992;7885;7586;299
4764;Totaal mannen en vrouwen;50 tot 55 jaar;Suriname;1993;8438;8142;296
4765;Totaal mannen en vrouwen;50 tot 55 jaar;Suriname;1994;8955;8654;301
4766;Totaal mannen en vrouwen;50 tot 55 jaar;Suriname;1995;9426;9093;333
4767;Totaal mannen en vrouwen;50 tot 55 jaar;Suriname;1996;10218;9875;343
4768;Totaal mannen en vrouwen;50 tot 55 jaar;Suriname;1997;10978;10577;401
4769;Totaal mannen en vrouwen;50 tot 55 jaar;Suriname;1998;11755;11310;445
4770;Totaal mannen en vrouwen;50 tot 55 jaar;Suriname;1999;12724;12233;491
4771;Totaal mannen en vrouwen;50 tot 55 jaar;Suriname;2000;13594;13083;511
4772;Totaal mannen en vrouwen;50 tot 55 jaar;Suriname;2001;14381;13809;572
4773;Totaal mannen en vrouwen;50 tot 55 jaar;Suriname;2002;15452;14862;590
4774;Totaal mannen en vrouwen;50 tot 55 jaar;Suriname;2003;16775;16172;603
4775;Totaal mannen en vrouwen;50 tot 55 jaar;Suriname;2004;18199;17563;636
4776;Totaal mannen en vrouwen;50 tot 55 jaar;Suriname;2005;19694;19013;681
4777;Totaal mannen en vrouwen;50 tot 55 jaar;Suriname;2006;21039;20318;721
4778;Totaal mannen en vrouwen;50 tot 55 jaar;Suriname;2007;22160;21402;758
4779;Totaal mannen en vrouwen;50 tot 55 jaar;Suriname;2008;23284;22416;868
4780;Totaal mannen en vrouwen;50 tot 55 jaar;Suriname;2009;24197;23251;946
4781;Totaal mannen en vrouwen;50 tot 55 jaar;Suriname;2010;25157;24095;1062
4782;Totaal mannen en vrouwen;50 tot 55 jaar;Suriname;2011;25903;24755;1148
4783;Totaal mannen en vrouwen;50 tot 55 jaar;Suriname;2012;26677;25380;1297
4784;Totaal mannen en vrouwen;50 tot 55 jaar;Suriname;2013;27413;25956;1457
4785;Totaal mannen en vrouwen;50 tot 55 jaar;Suriname;2014;28049;26361;1688
4786;Totaal mannen en vrouwen;50 tot 55 jaar;Suriname;2015;28617;26606;2011
4787;Totaal mannen en vrouwen;50 tot 55 jaar;Suriname;2016;29011;26638;2373
4788;Totaal mannen en vrouwen;50 tot 55 jaar;Suriname;2017;29177;26442;2735
4789;Totaal mannen en vrouwen;50 tot 55 jaar;Suriname;2018;29239;26141;3098
4790;Totaal mannen en vrouwen;50 tot 55 jaar;Suriname;2019;29124;25658;3466
4791;Totaal mannen en vrouwen;50 tot 55 jaar;Suriname;2020;29441;25555;3886
4792;Totaal mannen en vrouwen;50 tot 55 jaar;Suriname;2021;29844;25483;4361
4793;Totaal mannen en vrouwen;50 tot 55 jaar;Suriname;2022;30306;25418;4888
4794;Totaal mannen en vrouwen;50 tot 55 jaar;Turkije;1972;158;154;4
4795;Totaal mannen en vrouwen;50 tot 55 jaar;Turkije;1973;293;287;6
4796;Totaal mannen en vrouwen;50 tot 55 jaar;Turkije;1974;410;400;10
4797;Totaal mannen en vrouwen;50 tot 55 jaar;Turkije;1975;517;508;9
4798;Totaal mannen en vrouwen;50 tot 55 jaar;Turkije;1976;665;657;8
4799;Totaal mannen en vrouwen;50 tot 55 jaar;Turkije;1977;857;847;10
4800;Totaal mannen en vrouwen;50 tot 55 jaar;Turkije;1978;1247;1240;7
4801;Totaal mannen en vrouwen;50 tot 55 jaar;Turkije;1979;1560;1552;8
4802;Totaal mannen en vrouwen;50 tot 55 jaar;Turkije;1980;1989;1980;9
4803;Totaal mannen en vrouwen;50 tot 55 jaar;Turkije;1981;2436;2426;10
4804;Totaal mannen en vrouwen;50 tot 55 jaar;Turkije;1982;2824;2815;9
4805;Totaal mannen en vrouwen;50 tot 55 jaar;Turkije;1983;3789;3776;13
4806;Totaal mannen en vrouwen;50 tot 55 jaar;Turkije;1984;5269;5259;10
4807;Totaal mannen en vrouwen;50 tot 55 jaar;Turkije;1985;6382;6374;8
4808;Totaal mannen en vrouwen;50 tot 55 jaar;Turkije;1986;7607;7597;10
4809;Totaal mannen en vrouwen;50 tot 55 jaar;Turkije;1987;8940;8931;9
4810;Totaal mannen en vrouwen;50 tot 55 jaar;Turkije;1988;8879;8873;6
4811;Totaal mannen en vrouwen;50 tot 55 jaar;Turkije;1989;8341;8335;6
4812;Totaal mannen en vrouwen;50 tot 55 jaar;Turkije;1990;8487;8479;8
4813;Totaal mannen en vrouwen;50 tot 55 jaar;Turkije;1991;9247;9242;5
4814;Totaal mannen en vrouwen;50 tot 55 jaar;Turkije;1992;9842;9835;7
4815;Totaal mannen en vrouwen;50 tot 55 jaar;Turkije;1993;10585;10576;9
4816;Totaal mannen en vrouwen;50 tot 55 jaar;Turkije;1994;10726;10716;10
4817;Totaal mannen en vrouwen;50 tot 55 jaar;Turkije;1995;10851;10842;9
4818;Totaal mannen en vrouwen;50 tot 55 jaar;Turkije;1996;10373;10363;10
4819;Totaal mannen en vrouwen;50 tot 55 jaar;Turkije;1997;10032;10020;12
4820;Totaal mannen en vrouwen;50 tot 55 jaar;Turkije;1998;9630;9615;15
4821;Totaal mannen en vrouwen;50 tot 55 jaar;Turkije;1999;9846;9831;15
4822;Totaal mannen en vrouwen;50 tot 55 jaar;Turkije;2000;10056;10040;16
4823;Totaal mannen en vrouwen;50 tot 55 jaar;Turkije;2001;10435;10417;18
4824;Totaal mannen en vrouwen;50 tot 55 jaar;Turkije;2002;10169;10149;20
4825;Totaal mannen en vrouwen;50 tot 55 jaar;Turkije;2003;10234;10216;18
4826;Totaal mannen en vrouwen;50 tot 55 jaar;Turkije;2004;10078;10060;18
4827;Totaal mannen en vrouwen;50 tot 55 jaar;Turkije;2005;9926;9908;18
4828;Totaal mannen en vrouwen;50 tot 55 jaar;Turkije;2006;9910;9889;21
4829;Totaal mannen en vrouwen;50 tot 55 jaar;Turkije;2007;11223;11209;14
4830;Totaal mannen en vrouwen;50 tot 55 jaar;Turkije;2008;11622;11607;15
4831;Totaal mannen en vrouwen;50 tot 55 jaar;Turkije;2009;12590;12574;16
4832;Totaal mannen en vrouwen;50 tot 55 jaar;Turkije;2010;14024;14008;16
4833;Totaal mannen en vrouwen;50 tot 55 jaar;Turkije;2011;16521;16504;17
4834;Totaal mannen en vrouwen;50 tot 55 jaar;Turkije;2012;17683;17665;18
4835;Totaal mannen en vrouwen;50 tot 55 jaar;Turkije;2013;20419;20399;20
4836;Totaal mannen en vrouwen;50 tot 55 jaar;Turkije;2014;22839;22814;25
4837;Totaal mannen en vrouwen;50 tot 55 jaar;Turkije;2015;25149;25104;45
4838;Totaal mannen en vrouwen;50 tot 55 jaar;Turkije;2016;26401;26304;97
4839;Totaal mannen en vrouwen;50 tot 55 jaar;Turkije;2017;28692;28478;214
4840;Totaal mannen en vrouwen;50 tot 55 jaar;Turkije;2018;28477;28102;375
4841;Totaal mannen en vrouwen;50 tot 55 jaar;Turkije;2019;29727;29150;577
4842;Totaal mannen en vrouwen;50 tot 55 jaar;Turkije;2020;30519;29670;849
4843;Totaal mannen en vrouwen;50 tot 55 jaar;Turkije;2021;31540;30290;1250
4844;Totaal mannen en vrouwen;50 tot 55 jaar;Turkije;2022;32667;30883;1784
4845;Totaal mannen en vrouwen;50 tot 55 jaar;Overige niet-westerse migratieachterg...;1972;651;493;158
4846;Totaal mannen en vrouwen;50 tot 55 jaar;Overige niet-westerse migratieachterg...;1973;678;499;179
4847;Totaal mannen en vrouwen;50 tot 55 jaar;Overige niet-westerse migratieachterg...;1974;775;574;201
4848;Totaal mannen en vrouwen;50 tot 55 jaar;Overige niet-westerse migratieachterg...;1975;869;629;240
4849;Totaal mannen en vrouwen;50 tot 55 jaar;Overige niet-westerse migratieachterg...;1976;1050;789;261
4850;Totaal mannen en vrouwen;50 tot 55 jaar;Overige niet-westerse migratieachterg...;1977;1138;867;271
4851;Totaal mannen en vrouwen;50 tot 55 jaar;Overige niet-westerse migratieachterg...;1978;1239;942;297
4852;Totaal mannen en vrouwen;50 tot 55 jaar;Overige niet-westerse migratieachterg...;1979;1334;1029;305
4853;Totaal mannen en vrouwen;50 tot 55 jaar;Overige niet-westerse migratieachterg...;1980;1459;1156;303
4854;Totaal mannen en vrouwen;50 tot 55 jaar;Overige niet-westerse migratieachterg...;1981;1706;1393;313
4855;Totaal mannen en vrouwen;50 tot 55 jaar;Overige niet-westerse migratieachterg...;1982;1938;1623;315
4856;Totaal mannen en vrouwen;50 tot 55 jaar;Overige niet-westerse migratieachterg...;1983;2226;1936;290
4857;Totaal mannen en vrouwen;50 tot 55 jaar;Overige niet-westerse migratieachterg...;1984;2439;2158;281
4858;Totaal mannen en vrouwen;50 tot 55 jaar;Overige niet-westerse migratieachterg...;1985;2750;2484;266
4859;Totaal mannen en vrouwen;50 tot 55 jaar;Overige niet-westerse migratieachterg...;1986;3031;2784;247
4860;Totaal mannen en vrouwen;50 tot 55 jaar;Overige niet-westerse migratieachterg...;1987;3371;3119;252
4861;Totaal mannen en vrouwen;50 tot 55 jaar;Overige niet-westerse migratieachterg...;1988;3726;3469;257
4862;Totaal mannen en vrouwen;50 tot 55 jaar;Overige niet-westerse migratieachterg...;1989;4262;3993;269
4863;Totaal mannen en vrouwen;50 tot 55 jaar;Overige niet-westerse migratieachterg...;1990;4778;4494;284
4864;Totaal mannen en vrouwen;50 tot 55 jaar;Overige niet-westerse migratieachterg...;1991;5261;4963;298
4865;Totaal mannen en vrouwen;50 tot 55 jaar;Overige niet-westerse migratieachterg...;1992;5564;5258;306
4866;Totaal mannen en vrouwen;50 tot 55 jaar;Overige niet-westerse migratieachterg...;1993;5973;5658;315
4867;Totaal mannen en vrouwen;50 tot 55 jaar;Overige niet-westerse migratieachterg...;1994;6390;6055;335
4868;Totaal mannen en vrouwen;50 tot 55 jaar;Overige niet-westerse migratieachterg...;1995;6458;6061;397
4869;Totaal mannen en vrouwen;50 tot 55 jaar;Overige niet-westerse migratieachterg...;1996;7261;6856;405
4870;Totaal mannen en vrouwen;50 tot 55 jaar;Overige niet-westerse migratieachterg...;1997;8403;7918;485
4871;Totaal mannen en vrouwen;50 tot 55 jaar;Overige niet-westerse migratieachterg...;1998;9676;9089;587
4872;Totaal mannen en vrouwen;50 tot 55 jaar;Overige niet-westerse migratieachterg...;1999;11280;10624;656
4873;Totaal mannen en vrouwen;50 tot 55 jaar;Overige niet-westerse migratieachterg...;2000;12751;12071;680
4874;Totaal mannen en vrouwen;50 tot 55 jaar;Overige niet-westerse migratieachterg...;2001;14927;14188;739
4875;Totaal mannen en vrouwen;50 tot 55 jaar;Overige niet-westerse migratieachterg...;2002;16723;16005;718
4876;Totaal mannen en vrouwen;50 tot 55 jaar;Overige niet-westerse migratieachterg...;2003;18768;18064;704
4877;Totaal mannen en vrouwen;50 tot 55 jaar;Overige niet-westerse migratieachterg...;2004;20475;19789;686
4878;Totaal mannen en vrouwen;50 tot 55 jaar;Overige niet-westerse migratieachterg...;2005;22865;22164;701
4879;Totaal mannen en vrouwen;50 tot 55 jaar;Overige niet-westerse migratieachterg...;2006;24470;23771;699
4880;Totaal mannen en vrouwen;50 tot 55 jaar;Overige niet-westerse migratieachterg...;2007;26596;25883;713
4881;Totaal mannen en vrouwen;50 tot 55 jaar;Overige niet-westerse migratieachterg...;2008;28648;27916;732
4882;Totaal mannen en vrouwen;50 tot 55 jaar;Overige niet-westerse migratieachterg...;2009;31169;30417;752
4883;Totaal mannen en vrouwen;50 tot 55 jaar;Overige niet-westerse migratieachterg...;2010;33111;32314;797
4884;Totaal mannen en vrouwen;50 tot 55 jaar;Overige niet-westerse migratieachterg...;2011;35892;35039;853
4885;Totaal mannen en vrouwen;50 tot 55 jaar;Overige niet-westerse migratieachterg...;2012;37235;36334;901
4886;Totaal mannen en vrouwen;50 tot 55 jaar;Overige niet-westerse migratieachterg...;2013;39323;38403;920
4887;Totaal mannen en vrouwen;50 tot 55 jaar;Overige niet-westerse migratieachterg...;2014;41110;40125;985
4888;Totaal mannen en vrouwen;50 tot 55 jaar;Overige niet-westerse migratieachterg...;2015;43591;42515;1076
4889;Totaal mannen en vrouwen;50 tot 55 jaar;Overige niet-westerse migratieachterg...;2016;45461;44283;1178
4890;Totaal mannen en vrouwen;50 tot 55 jaar;Overige niet-westerse migratieachterg...;2017;48570;47318;1252
4891;Totaal mannen en vrouwen;50 tot 55 jaar;Overige niet-westerse migratieachterg...;2018;50417;49029;1388
4892;Totaal mannen en vrouwen;50 tot 55 jaar;Overige niet-westerse migratieachterg...;2019;53066;51522;1544
4893;Totaal mannen en vrouwen;50 tot 55 jaar;Overige niet-westerse migratieachterg...;2020;54979;53270;1709
4894;Totaal mannen en vrouwen;50 tot 55 jaar;Overige niet-westerse migratieachterg...;2021;57776;55860;1916
4895;Totaal mannen en vrouwen;50 tot 55 jaar;Overige niet-westerse migratieachterg...;2022;59706;57479;2227
4896;Totaal mannen en vrouwen;55 tot 60 jaar;Met migratieachtergrond;1972;47890;34893;12997
4897;Totaal mannen en vrouwen;55 tot 60 jaar;Met migratieachtergrond;1973;45756;31744;14012
4898;Totaal mannen en vrouwen;55 tot 60 jaar;Met migratieachtergrond;1974;43853;29265;14588
4899;Totaal mannen en vrouwen;55 tot 60 jaar;Met migratieachtergrond;1975;42756;27357;15399
4900;Totaal mannen en vrouwen;55 tot 60 jaar;Met migratieachtergrond;1976;45775;28719;17056
4901;Totaal mannen en vrouwen;55 tot 60 jaar;Met migratieachtergrond;1977;49304;30613;18691
4902;Totaal mannen en vrouwen;55 tot 60 jaar;Met migratieachtergrond;1978;53391;33461;19930
4903;Totaal mannen en vrouwen;55 tot 60 jaar;Met migratieachtergrond;1979;58049;36475;21574
4904;Totaal mannen en vrouwen;55 tot 60 jaar;Met migratieachtergrond;1980;62163;38993;23170
4905;Totaal mannen en vrouwen;55 tot 60 jaar;Met migratieachtergrond;1981;64430;40160;24270
4906;Totaal mannen en vrouwen;55 tot 60 jaar;Met migratieachtergrond;1982;65691;40287;25404
4907;Totaal mannen en vrouwen;55 tot 60 jaar;Met migratieachtergrond;1983;66729;39635;27094
4908;Totaal mannen en vrouwen;55 tot 60 jaar;Met migratieachtergrond;1984;68093;38994;29099
4909;Totaal mannen en vrouwen;55 tot 60 jaar;Met migratieachtergrond;1985;69383;38454;30929
4910;Totaal mannen en vrouwen;55 tot 60 jaar;Met migratieachtergrond;1986;72573;39454;33119
4911;Totaal mannen en vrouwen;55 tot 60 jaar;Met migratieachtergrond;1987;75216;39950;35266
4912;Totaal mannen en vrouwen;55 tot 60 jaar;Met migratieachtergrond;1988;78824;41426;37398
4913;Totaal mannen en vrouwen;55 tot 60 jaar;Met migratieachtergrond;1989;81800;42664;39136
4914;Totaal mannen en vrouwen;55 tot 60 jaar;Met migratieachtergrond;1990;85571;44438;41133
4915;Totaal mannen en vrouwen;55 tot 60 jaar;Met migratieachtergrond;1991;89335;46483;42852
4916;Totaal mannen en vrouwen;55 tot 60 jaar;Met migratieachtergrond;1992;95048;50360;44688
4917;Totaal mannen en vrouwen;55 tot 60 jaar;Met migratieachtergrond;1993;99946;54032;45914
4918;Totaal mannen en vrouwen;55 tot 60 jaar;Met migratieachtergrond;1994;105859;58508;47351
4919;Totaal mannen en vrouwen;55 tot 60 jaar;Met migratieachtergrond;1995;112001;63292;48709
4920;Totaal mannen en vrouwen;55 tot 60 jaar;Met migratieachtergrond;1996;118987;69295;49692
4921;Totaal mannen en vrouwen;55 tot 60 jaar;Met migratieachtergrond;1997;121693;72040;49653
4922;Totaal mannen en vrouwen;55 tot 60 jaar;Met migratieachtergrond;1998;125582;75829;49753
4923;Totaal mannen en vrouwen;55 tot 60 jaar;Met migratieachtergrond;1999;125879;76152;49727
4924;Totaal mannen en vrouwen;55 tot 60 jaar;Met migratieachtergrond;2000;126694;77006;49688
4925;Totaal mannen en vrouwen;55 tot 60 jaar;Met migratieachtergrond;2001;126093;77079;49014
4926;Totaal mannen en vrouwen;55 tot 60 jaar;Met migratieachtergrond;2002;133592;80235;53357
4927;Totaal mannen en vrouwen;55 tot 60 jaar;Met migratieachtergrond;2003;141797;84765;57032
4928;Totaal mannen en vrouwen;55 tot 60 jaar;Met migratieachtergrond;2004;151593;92559;59034
4929;Totaal mannen en vrouwen;55 tot 60 jaar;Met migratieachtergrond;2005;159495;99251;60244
4930;Totaal mannen en vrouwen;55 tot 60 jaar;Met migratieachtergrond;2006;167777;106028;61749
4931;Totaal mannen en vrouwen;55 tot 60 jaar;Met migratieachtergrond;2007;168787;108851;59936
4932;Totaal mannen en vrouwen;55 tot 60 jaar;Met migratieachtergrond;2008;169329;110553;58776
4933;Totaal mannen en vrouwen;55 tot 60 jaar;Met migratieachtergrond;2009;170200;111914;58286
4934;Totaal mannen en vrouwen;55 tot 60 jaar;Met migratieachtergrond;2010;172724;114076;58648
4935;Totaal mannen en vrouwen;55 tot 60 jaar;Met migratieachtergrond;2011;174417;115383;59034
4936;Totaal mannen en vrouwen;55 tot 60 jaar;Met migratieachtergrond;2012;179388;120836;58552
4937;Totaal mannen en vrouwen;55 tot 60 jaar;Met migratieachtergrond;2013;182930;124593;58337
4938;Totaal mannen en vrouwen;55 tot 60 jaar;Met migratieachtergrond;2014;188149;128814;59335
4939;Totaal mannen en vrouwen;55 tot 60 jaar;Met migratieachtergrond;2015;194228;133370;60858
4940;Totaal mannen en vrouwen;55 tot 60 jaar;Met migratieachtergrond;2016;202888;140998;61890
4941;Totaal mannen en vrouwen;55 tot 60 jaar;Met migratieachtergrond;2017;209916;146370;63546
4942;Totaal mannen en vrouwen;55 tot 60 jaar;Met migratieachtergrond;2018;219693;154216;65477
4943;Totaal mannen en vrouwen;55 tot 60 jaar;Met migratieachtergrond;2019;229383;162176;67207
4944;Totaal mannen en vrouwen;55 tot 60 jaar;Met migratieachtergrond;2020;241032;171844;69188
4945;Totaal mannen en vrouwen;55 tot 60 jaar;Met migratieachtergrond;2021;249632;178220;71412
4946;Totaal mannen en vrouwen;55 tot 60 jaar;Met migratieachtergrond;2022;259177;186266;72911
4947;Totaal mannen en vrouwen;55 tot 60 jaar;Westerse migratieachtergrond;1972;46149;33366;12783
4948;Totaal mannen en vrouwen;55 tot 60 jaar;Westerse migratieachtergrond;1973;43743;29983;13760
4949;Totaal mannen en vrouwen;55 tot 60 jaar;Westerse migratieachtergrond;1974;41594;27262;14332
4950;Totaal mannen en vrouwen;55 tot 60 jaar;Westerse migratieachtergrond;1975;40143;25018;15125
4951;Totaal mannen en vrouwen;55 tot 60 jaar;Westerse migratieachtergrond;1976;42177;25416;16761
4952;Totaal mannen en vrouwen;55 tot 60 jaar;Westerse migratieachtergrond;1977;45511;27145;18366
4953;Totaal mannen en vrouwen;55 tot 60 jaar;Westerse migratieachtergrond;1978;49173;29600;19573
4954;Totaal mannen en vrouwen;55 tot 60 jaar;Westerse migratieachtergrond;1979;53189;32011;21178
4955;Totaal mannen en vrouwen;55 tot 60 jaar;Westerse migratieachtergrond;1980;56653;33933;22720
4956;Totaal mannen en vrouwen;55 tot 60 jaar;Westerse migratieachtergrond;1981;57939;34140;23799
4957;Totaal mannen en vrouwen;55 tot 60 jaar;Westerse migratieachtergrond;1982;58690;33784;24906
4958;Totaal mannen en vrouwen;55 tot 60 jaar;Westerse migratieachtergrond;1983;58966;32388;26578
4959;Totaal mannen en vrouwen;55 tot 60 jaar;Westerse migratieachtergrond;1984;59681;31111;28570
4960;Totaal mannen en vrouwen;55 tot 60 jaar;Westerse migratieachtergrond;1985;60127;29735;30392
4961;Totaal mannen en vrouwen;55 tot 60 jaar;Westerse migratieachtergrond;1986;62282;29714;32568
4962;Totaal mannen en vrouwen;55 tot 60 jaar;Westerse migratieachtergrond;1987;63992;29281;34711
4963;Totaal mannen en vrouwen;55 tot 60 jaar;Westerse migratieachtergrond;1988;65517;28673;36844
4964;Totaal mannen en vrouwen;55 tot 60 jaar;Westerse migratieachtergrond;1989;66236;27655;38581
4965;Totaal mannen en vrouwen;55 tot 60 jaar;Westerse migratieachtergrond;1990;68019;27435;40584
4966;Totaal mannen en vrouwen;55 tot 60 jaar;Westerse migratieachtergrond;1991;69582;27285;42297
4967;Totaal mannen en vrouwen;55 tot 60 jaar;Westerse migratieachtergrond;1992;72542;28416;44126
4968;Totaal mannen en vrouwen;55 tot 60 jaar;Westerse migratieachtergrond;1993;75813;30470;45343
4969;Totaal mannen en vrouwen;55 tot 60 jaar;Westerse migratieachtergrond;1994;79731;32976;46755
4970;Totaal mannen en vrouwen;55 tot 60 jaar;Westerse migratieachtergrond;1995;83769;35733;48036
4971;Totaal mannen en vrouwen;55 tot 60 jaar;Westerse migratieachtergrond;1996;87416;38411;49005
4972;Totaal mannen en vrouwen;55 tot 60 jaar;Westerse migratieachtergrond;1997;88881;39933;48948
4973;Totaal mannen en vrouwen;55 tot 60 jaar;Westerse migratieachtergrond;1998;90586;41535;49051
4974;Totaal mannen en vrouwen;55 tot 60 jaar;Westerse migratieachtergrond;1999;89861;40860;49001
4975;Totaal mannen en vrouwen;55 tot 60 jaar;Westerse migratieachtergrond;2000;89028;40117;48911
4976;Totaal mannen en vrouwen;55 tot 60 jaar;Westerse migratieachtergrond;2001;87430;39216;48214
4977;Totaal mannen en vrouwen;55 tot 60 jaar;Westerse migratieachtergrond;2002;92366;39943;52423
4978;Totaal mannen en vrouwen;55 tot 60 jaar;Westerse migratieachtergrond;2003;98976;43034;55942
4979;Totaal mannen en vrouwen;55 tot 60 jaar;Westerse migratieachtergrond;2004;105643;47811;57832
4980;Totaal mannen en vrouwen;55 tot 60 jaar;Westerse migratieachtergrond;2005;111248;52266;58982
4981;Totaal mannen en vrouwen;55 tot 60 jaar;Westerse migratieachtergrond;2006;116168;55804;60364
4982;Totaal mannen en vrouwen;55 tot 60 jaar;Westerse migratieachtergrond;2007;114983;56458;58525
4983;Totaal mannen en vrouwen;55 tot 60 jaar;Westerse migratieachtergrond;2008;111990;54634;57356
4984;Totaal mannen en vrouwen;55 tot 60 jaar;Westerse migratieachtergrond;2009;109544;52709;56835
4985;Totaal mannen en vrouwen;55 tot 60 jaar;Westerse migratieachtergrond;2010;107602;50468;57134
4986;Totaal mannen en vrouwen;55 tot 60 jaar;Westerse migratieachtergrond;2011;105939;48480;57459
4987;Totaal mannen en vrouwen;55 tot 60 jaar;Westerse migratieachtergrond;2012;105083;48193;56890
4988;Totaal mannen en vrouwen;55 tot 60 jaar;Westerse migratieachtergrond;2013;104287;47792;56495
4989;Totaal mannen en vrouwen;55 tot 60 jaar;Westerse migratieachtergrond;2014;104459;47104;57355
4990;Totaal mannen en vrouwen;55 tot 60 jaar;Westerse migratieachtergrond;2015;105610;46938;58672
4991;Totaal mannen en vrouwen;55 tot 60 jaar;Westerse migratieachtergrond;2016;106694;47205;59489
4992;Totaal mannen en vrouwen;55 tot 60 jaar;Westerse migratieachtergrond;2017;108540;47634;60906
4993;Totaal mannen en vrouwen;55 tot 60 jaar;Westerse migratieachtergrond;2018;110566;48019;62547
4994;Totaal mannen en vrouwen;55 tot 60 jaar;Westerse migratieachtergrond;2019;113329;49444;63885
4995;Totaal mannen en vrouwen;55 tot 60 jaar;Westerse migratieachtergrond;2020;116761;51444;65317
4996;Totaal mannen en vrouwen;55 tot 60 jaar;Westerse migratieachtergrond;2021;120087;53220;66867
4997;Totaal mannen en vrouwen;55 tot 60 jaar;Westerse migratieachtergrond;2022;122569;55023;67546
4998;Totaal mannen en vrouwen;55 tot 60 jaar;Niet-westerse migratieachtergrond;1972;1741;1527;214
4999;Totaal mannen en vrouwen;55 tot 60 jaar;Niet-westerse migratieachtergrond;1973;2013;1761;252
5000;Totaal mannen en vrouwen;55 tot 60 jaar;Niet-westerse migratieachtergrond;1974;2259;2003;256
5001;Totaal mannen en vrouwen;55 tot 60 jaar;Niet-westerse migratieachtergrond;1975;2613;2339;274
5002;Totaal mannen en vrouwen;55 tot 60 jaar;Niet-westerse migratieachtergrond;1976;3598;3303;295
5003;Totaal mannen en vrouwen;55 tot 60 jaar;Niet-westerse migratieachtergrond;1977;3793;3468;325
5004;Totaal mannen en vrouwen;55 tot 60 jaar;Niet-westerse migratieachtergrond;1978;4218;3861;357
5005;Totaal mannen en vrouwen;55 tot 60 jaar;Niet-westerse migratieachtergrond;1979;4860;4464;396
5006;Totaal mannen en vrouwen;55 tot 60 jaar;Niet-westerse migratieachtergrond;1980;5510;5060;450
5007;Totaal mannen en vrouwen;55 tot 60 jaar;Niet-westerse migratieachtergrond;1981;6491;6020;471
5008;Totaal mannen en vrouwen;55 tot 60 jaar;Niet-westerse migratieachtergrond;1982;7001;6503;498
5009;Totaal mannen en vrouwen;55 tot 60 jaar;Niet-westerse migratieachtergrond;1983;7763;7247;516
5010;Totaal mannen en vrouwen;55 tot 60 jaar;Niet-westerse migratieachtergrond;1984;8412;7883;529
5011;Totaal mannen en vrouwen;55 tot 60 jaar;Niet-westerse migratieachtergrond;1985;9256;8719;537
5012;Totaal mannen en vrouwen;55 tot 60 jaar;Niet-westerse migratieachtergrond;1986;10291;9740;551
5013;Totaal mannen en vrouwen;55 tot 60 jaar;Niet-westerse migratieachtergrond;1987;11224;10669;555
5014;Totaal mannen en vrouwen;55 tot 60 jaar;Niet-westerse migratieachtergrond;1988;13307;12753;554
5015;Totaal mannen en vrouwen;55 tot 60 jaar;Niet-westerse migratieachtergrond;1989;15564;15009;555
5016;Totaal mannen en vrouwen;55 tot 60 jaar;Niet-westerse migratieachtergrond;1990;17552;17003;549
5017;Totaal mannen en vrouwen;55 tot 60 jaar;Niet-westerse migratieachtergrond;1991;19753;19198;555
5018;Totaal mannen en vrouwen;55 tot 60 jaar;Niet-westerse migratieachtergrond;1992;22506;21944;562
5019;Totaal mannen en vrouwen;55 tot 60 jaar;Niet-westerse migratieachtergrond;1993;24133;23562;571
5020;Totaal mannen en vrouwen;55 tot 60 jaar;Niet-westerse migratieachtergrond;1994;26128;25532;596
5021;Totaal mannen en vrouwen;55 tot 60 jaar;Niet-westerse migratieachtergrond;1995;28232;27559;673
5022;Totaal mannen en vrouwen;55 tot 60 jaar;Niet-westerse migratieachtergrond;1996;31571;30884;687
5023;Totaal mannen en vrouwen;55 tot 60 jaar;Niet-westerse migratieachtergrond;1997;32812;32107;705
5024;Totaal mannen en vrouwen;55 tot 60 jaar;Niet-westerse migratieachtergrond;1998;34996;34294;702
5025;Totaal mannen en vrouwen;55 tot 60 jaar;Niet-westerse migratieachtergrond;1999;36018;35292;726
5026;Totaal mannen en vrouwen;55 tot 60 jaar;Niet-westerse migratieachtergrond;2000;37666;36889;777
5027;Totaal mannen en vrouwen;55 tot 60 jaar;Niet-westerse migratieachtergrond;2001;38663;37863;800
5028;Totaal mannen en vrouwen;55 tot 60 jaar;Niet-westerse migratieachtergrond;2002;41226;40292;934
5029;Totaal mannen en vrouwen;55 tot 60 jaar;Niet-westerse migratieachtergrond;2003;42821;41731;1090
5030;Totaal mannen en vrouwen;55 tot 60 jaar;Niet-westerse migratieachtergrond;2004;45950;44748;1202
5031;Totaal mannen en vrouwen;55 tot 60 jaar;Niet-westerse migratieachtergrond;2005;48247;46985;1262
5032;Totaal mannen en vrouwen;55 tot 60 jaar;Niet-westerse migratieachtergrond;2006;51609;50224;1385
5033;Totaal mannen en vrouwen;55 tot 60 jaar;Niet-westerse migratieachtergrond;2007;53804;52393;1411
5034;Totaal mannen en vrouwen;55 tot 60 jaar;Niet-westerse migratieachtergrond;2008;57339;55919;1420
5035;Totaal mannen en vrouwen;55 tot 60 jaar;Niet-westerse migratieachtergrond;2009;60656;59205;1451
5036;Totaal mannen en vrouwen;55 tot 60 jaar;Niet-westerse migratieachtergrond;2010;65122;63608;1514
5037;Totaal mannen en vrouwen;55 tot 60 jaar;Niet-westerse migratieachtergrond;2011;68478;66903;1575
5038;Totaal mannen en vrouwen;55 tot 60 jaar;Niet-westerse migratieachtergrond;2012;74305;72643;1662
5039;Totaal mannen en vrouwen;55 tot 60 jaar;Niet-westerse migratieachtergrond;2013;78643;76801;1842
5040;Totaal mannen en vrouwen;55 tot 60 jaar;Niet-westerse migratieachtergrond;2014;83690;81710;1980
5041;Totaal mannen en vrouwen;55 tot 60 jaar;Niet-westerse migratieachtergrond;2015;88618;86432;2186
5042;Totaal mannen en vrouwen;55 tot 60 jaar;Niet-westerse migratieachtergrond;2016;96194;93793;2401
5043;Totaal mannen en vrouwen;55 tot 60 jaar;Niet-westerse migratieachtergrond;2017;101376;98736;2640
5044;Totaal mannen en vrouwen;55 tot 60 jaar;Niet-westerse migratieachtergrond;2018;109127;106197;2930
5045;Totaal mannen en vrouwen;55 tot 60 jaar;Niet-westerse migratieachtergrond;2019;116054;112732;3322
5046;Totaal mannen en vrouwen;55 tot 60 jaar;Niet-westerse migratieachtergrond;2020;124271;120400;3871
5047;Totaal mannen en vrouwen;55 tot 60 jaar;Niet-westerse migratieachtergrond;2021;129545;125000;4545
5048;Totaal mannen en vrouwen;55 tot 60 jaar;Niet-westerse migratieachtergrond;2022;136608;131243;5365
5049;Totaal mannen en vrouwen;55 tot 60 jaar;Marokko;1972;115;115;0
5050;Totaal mannen en vrouwen;55 tot 60 jaar;Marokko;1973;160;160;0
5051;Totaal mannen en vrouwen;55 tot 60 jaar;Marokko;1974;174;174;0
5052;Totaal mannen en vrouwen;55 tot 60 jaar;Marokko;1975;205;205;0
5053;Totaal mannen en vrouwen;55 tot 60 jaar;Marokko;1976;231;231;0
5054;Totaal mannen en vrouwen;55 tot 60 jaar;Marokko;1977;260;260;0
5055;Totaal mannen en vrouwen;55 tot 60 jaar;Marokko;1978;328;327;1
5056;Totaal mannen en vrouwen;55 tot 60 jaar;Marokko;1979;426;425;1
5057;Totaal mannen en vrouwen;55 tot 60 jaar;Marokko;1980;521;520;1
5058;Totaal mannen en vrouwen;55 tot 60 jaar;Marokko;1981;661;660;1
5059;Totaal mannen en vrouwen;55 tot 60 jaar;Marokko;1982;759;758;1
5060;Totaal mannen en vrouwen;55 tot 60 jaar;Marokko;1983;997;997;0
5061;Totaal mannen en vrouwen;55 tot 60 jaar;Marokko;1984;1160;1160;0
5062;Totaal mannen en vrouwen;55 tot 60 jaar;Marokko;1985;1404;1404;0
5063;Totaal mannen en vrouwen;55 tot 60 jaar;Marokko;1986;1670;1670;0
5064;Totaal mannen en vrouwen;55 tot 60 jaar;Marokko;1987;1962;1962;0
5065;Totaal mannen en vrouwen;55 tot 60 jaar;Marokko;1988;2527;2527;0
5066;Totaal mannen en vrouwen;55 tot 60 jaar;Marokko;1989;3174;3174;0
5067;Totaal mannen en vrouwen;55 tot 60 jaar;Marokko;1990;3812;3812;0
5068;Totaal mannen en vrouwen;55 tot 60 jaar;Marokko;1991;4459;4459;0
5069;Totaal mannen en vrouwen;55 tot 60 jaar;Marokko;1992;5438;5438;0
5070;Totaal mannen en vrouwen;55 tot 60 jaar;Marokko;1993;5919;5919;0
5071;Totaal mannen en vrouwen;55 tot 60 jaar;Marokko;1994;6798;6798;0
5072;Totaal mannen en vrouwen;55 tot 60 jaar;Marokko;1995;7310;7310;0
5073;Totaal mannen en vrouwen;55 tot 60 jaar;Marokko;1996;8530;8529;1
5074;Totaal mannen en vrouwen;55 tot 60 jaar;Marokko;1997;8376;8375;1
5075;Totaal mannen en vrouwen;55 tot 60 jaar;Marokko;1998;8893;8892;1
5076;Totaal mannen en vrouwen;55 tot 60 jaar;Marokko;1999;8715;8714;1
5077;Totaal mannen en vrouwen;55 tot 60 jaar;Marokko;2000;8905;8903;2
5078;Totaal mannen en vrouwen;55 tot 60 jaar;Marokko;2001;7944;7943;1
5079;Totaal mannen en vrouwen;55 tot 60 jaar;Marokko;2002;8053;8052;1
5080;Totaal mannen en vrouwen;55 tot 60 jaar;Marokko;2003;7635;7634;1
5081;Totaal mannen en vrouwen;55 tot 60 jaar;Marokko;2004;7921;7920;1
5082;Totaal mannen en vrouwen;55 tot 60 jaar;Marokko;2005;7834;7834;0
5083;Totaal mannen en vrouwen;55 tot 60 jaar;Marokko;2006;8337;8336;1
5084;Totaal mannen en vrouwen;55 tot 60 jaar;Marokko;2007;8298;8297;1
5085;Totaal mannen en vrouwen;55 tot 60 jaar;Marokko;2008;8668;8666;2
5086;Totaal mannen en vrouwen;55 tot 60 jaar;Marokko;2009;8699;8697;2
5087;Totaal mannen en vrouwen;55 tot 60 jaar;Marokko;2010;9168;9165;3
5088;Totaal mannen en vrouwen;55 tot 60 jaar;Marokko;2011;9142;9140;2
5089;Totaal mannen en vrouwen;55 tot 60 jaar;Marokko;2012;9829;9827;2
5090;Totaal mannen en vrouwen;55 tot 60 jaar;Marokko;2013;10104;10102;2
5091;Totaal mannen en vrouwen;55 tot 60 jaar;Marokko;2014;10983;10979;4
5092;Totaal mannen en vrouwen;55 tot 60 jaar;Marokko;2015;11672;11668;4
5093;Totaal mannen en vrouwen;55 tot 60 jaar;Marokko;2016;13041;13036;5
5094;Totaal mannen en vrouwen;55 tot 60 jaar;Marokko;2017;14171;14163;8
5095;Totaal mannen en vrouwen;55 tot 60 jaar;Marokko;2018;15544;15536;8
5096;Totaal mannen en vrouwen;55 tot 60 jaar;Marokko;2019;16698;16688;10
5097;Totaal mannen en vrouwen;55 tot 60 jaar;Marokko;2020;18313;18294;19
5098;Totaal mannen en vrouwen;55 tot 60 jaar;Marokko;2021;19145;19110;35
5099;Totaal mannen en vrouwen;55 tot 60 jaar;Marokko;2022;20612;20534;78
5100;Totaal mannen en vrouwen;55 tot 60 jaar;(voormalige) Nederlandse Antillen, Aruba;1972;178;145;33
5101;Totaal mannen en vrouwen;55 tot 60 jaar;(voormalige) Nederlandse Antillen, Aruba;1973;194;157;37
5102;Totaal mannen en vrouwen;55 tot 60 jaar;(voormalige) Nederlandse Antillen, Aruba;1974;200;161;39
5103;Totaal mannen en vrouwen;55 tot 60 jaar;(voormalige) Nederlandse Antillen, Aruba;1975;221;176;45
5104;Totaal mannen en vrouwen;55 tot 60 jaar;(voormalige) Nederlandse Antillen, Aruba;1976;265;220;45
5105;Totaal mannen en vrouwen;55 tot 60 jaar;(voormalige) Nederlandse Antillen, Aruba;1977;293;238;55
5106;Totaal mannen en vrouwen;55 tot 60 jaar;(voormalige) Nederlandse Antillen, Aruba;1978;337;280;57
5107;Totaal mannen en vrouwen;55 tot 60 jaar;(voormalige) Nederlandse Antillen, Aruba;1979;373;319;54
5108;Totaal mannen en vrouwen;55 tot 60 jaar;(voormalige) Nederlandse Antillen, Aruba;1980;399;340;59
5109;Totaal mannen en vrouwen;55 tot 60 jaar;(voormalige) Nederlandse Antillen, Aruba;1981;435;376;59
5110;Totaal mannen en vrouwen;55 tot 60 jaar;(voormalige) Nederlandse Antillen, Aruba;1982;465;410;55
5111;Totaal mannen en vrouwen;55 tot 60 jaar;(voormalige) Nederlandse Antillen, Aruba;1983;539;481;58
5112;Totaal mannen en vrouwen;55 tot 60 jaar;(voormalige) Nederlandse Antillen, Aruba;1984;602;545;57
5113;Totaal mannen en vrouwen;55 tot 60 jaar;(voormalige) Nederlandse Antillen, Aruba;1985;671;617;54
5114;Totaal mannen en vrouwen;55 tot 60 jaar;(voormalige) Nederlandse Antillen, Aruba;1986;780;731;49
5115;Totaal mannen en vrouwen;55 tot 60 jaar;(voormalige) Nederlandse Antillen, Aruba;1987;905;855;50
5116;Totaal mannen en vrouwen;55 tot 60 jaar;(voormalige) Nederlandse Antillen, Aruba;1988;1034;988;46
5117;Totaal mannen en vrouwen;55 tot 60 jaar;(voormalige) Nederlandse Antillen, Aruba;1989;1145;1094;51
5118;Totaal mannen en vrouwen;55 tot 60 jaar;(voormalige) Nederlandse Antillen, Aruba;1990;1330;1276;54
5119;Totaal mannen en vrouwen;55 tot 60 jaar;(voormalige) Nederlandse Antillen, Aruba;1991;1438;1384;54
5120;Totaal mannen en vrouwen;55 tot 60 jaar;(voormalige) Nederlandse Antillen, Aruba;1992;1572;1516;56
5121;Totaal mannen en vrouwen;55 tot 60 jaar;(voormalige) Nederlandse Antillen, Aruba;1993;1624;1568;56
5122;Totaal mannen en vrouwen;55 tot 60 jaar;(voormalige) Nederlandse Antillen, Aruba;1994;1574;1521;53
5123;Totaal mannen en vrouwen;55 tot 60 jaar;(voormalige) Nederlandse Antillen, Aruba;1995;1541;1490;51
5124;Totaal mannen en vrouwen;55 tot 60 jaar;(voormalige) Nederlandse Antillen, Aruba;1996;1665;1609;56
5125;Totaal mannen en vrouwen;55 tot 60 jaar;(voormalige) Nederlandse Antillen, Aruba;1997;1757;1705;52
5126;Totaal mannen en vrouwen;55 tot 60 jaar;(voormalige) Nederlandse Antillen, Aruba;1998;2006;1957;49
5127;Totaal mannen en vrouwen;55 tot 60 jaar;(voormalige) Nederlandse Antillen, Aruba;1999;2319;2272;47
5128;Totaal mannen en vrouwen;55 tot 60 jaar;(voormalige) Nederlandse Antillen, Aruba;2000;2746;2697;49
5129;Totaal mannen en vrouwen;55 tot 60 jaar;(voormalige) Nederlandse Antillen, Aruba;2001;3242;3195;47
5130;Totaal mannen en vrouwen;55 tot 60 jaar;(voormalige) Nederlandse Antillen, Aruba;2002;3723;3669;54
5131;Totaal mannen en vrouwen;55 tot 60 jaar;(voormalige) Nederlandse Antillen, Aruba;2003;4116;4053;63
5132;Totaal mannen en vrouwen;55 tot 60 jaar;(voormalige) Nederlandse Antillen, Aruba;2004;4397;4321;76
5133;Totaal mannen en vrouwen;55 tot 60 jaar;(voormalige) Nederlandse Antillen, Aruba;2005;4566;4482;84
5134;Totaal mannen en vrouwen;55 tot 60 jaar;(voormalige) Nederlandse Antillen, Aruba;2006;4730;4625;105
5135;Totaal mannen en vrouwen;55 tot 60 jaar;(voormalige) Nederlandse Antillen, Aruba;2007;4951;4834;117
5136;Totaal mannen en vrouwen;55 tot 60 jaar;(voormalige) Nederlandse Antillen, Aruba;2008;5201;5070;131
5137;Totaal mannen en vrouwen;55 tot 60 jaar;(voormalige) Nederlandse Antillen, Aruba;2009;5551;5411;140
5138;Totaal mannen en vrouwen;55 tot 60 jaar;(voormalige) Nederlandse Antillen, Aruba;2010;5823;5668;155
5139;Totaal mannen en vrouwen;55 tot 60 jaar;(voormalige) Nederlandse Antillen, Aruba;2011;6106;5936;170
5140;Totaal mannen en vrouwen;55 tot 60 jaar;(voormalige) Nederlandse Antillen, Aruba;2012;6372;6170;202
5141;Totaal mannen en vrouwen;55 tot 60 jaar;(voormalige) Nederlandse Antillen, Aruba;2013;6726;6477;249
5142;Totaal mannen en vrouwen;55 tot 60 jaar;(voormalige) Nederlandse Antillen, Aruba;2014;6985;6686;299
5143;Totaal mannen en vrouwen;55 tot 60 jaar;(voormalige) Nederlandse Antillen, Aruba;2015;7248;6898;350
5144;Totaal mannen en vrouwen;55 tot 60 jaar;(voormalige) Nederlandse Antillen, Aruba;2016;7534;7122;412
5145;Totaal mannen en vrouwen;55 tot 60 jaar;(voormalige) Nederlandse Antillen, Aruba;2017;7786;7311;475
5146;Totaal mannen en vrouwen;55 tot 60 jaar;(voormalige) Nederlandse Antillen, Aruba;2018;8074;7506;568
5147;Totaal mannen en vrouwen;55 tot 60 jaar;(voormalige) Nederlandse Antillen, Aruba;2019;8245;7576;669
5148;Totaal mannen en vrouwen;55 tot 60 jaar;(voormalige) Nederlandse Antillen, Aruba;2020;8572;7791;781
5149;Totaal mannen en vrouwen;55 tot 60 jaar;(voormalige) Nederlandse Antillen, Aruba;2021;8721;7807;914
5150;Totaal mannen en vrouwen;55 tot 60 jaar;(voormalige) Nederlandse Antillen, Aruba;2022;8766;7639;1127
5151;Totaal mannen en vrouwen;55 tot 60 jaar;Suriname;1972;894;792;102
5152;Totaal mannen en vrouwen;55 tot 60 jaar;Suriname;1973;1060;942;118
5153;Totaal mannen en vrouwen;55 tot 60 jaar;Suriname;1974;1286;1177;109
5154;Totaal mannen en vrouwen;55 tot 60 jaar;Suriname;1975;1544;1441;103
5155;Totaal mannen en vrouwen;55 tot 60 jaar;Suriname;1976;2391;2283;108
5156;Totaal mannen en vrouwen;55 tot 60 jaar;Suriname;1977;2452;2337;115
5157;Totaal mannen en vrouwen;55 tot 60 jaar;Suriname;1978;2571;2448;123
5158;Totaal mannen en vrouwen;55 tot 60 jaar;Suriname;1979;2818;2679;139
5159;Totaal mannen en vrouwen;55 tot 60 jaar;Suriname;1980;3086;2933;153
5160;Totaal mannen en vrouwen;55 tot 60 jaar;Suriname;1981;3532;3379;153
5161;Totaal mannen en vrouwen;55 tot 60 jaar;Suriname;1982;3635;3462;173
5162;Totaal mannen en vrouwen;55 tot 60 jaar;Suriname;1983;3659;3493;166
5163;Totaal mannen en vrouwen;55 tot 60 jaar;Suriname;1984;3804;3633;171
5164;Totaal mannen en vrouwen;55 tot 60 jaar;Suriname;1985;3949;3765;184
5165;Totaal mannen en vrouwen;55 tot 60 jaar;Suriname;1986;4117;3925;192
5166;Totaal mannen en vrouwen;55 tot 60 jaar;Suriname;1987;4226;4033;193
5167;Totaal mannen en vrouwen;55 tot 60 jaar;Suriname;1988;4634;4418;216
5168;Totaal mannen en vrouwen;55 tot 60 jaar;Suriname;1989;4875;4652;223
5169;Totaal mannen en vrouwen;55 tot 60 jaar;Suriname;1990;5129;4898;231
5170;Totaal mannen en vrouwen;55 tot 60 jaar;Suriname;1991;5542;5288;254
5171;Totaal mannen en vrouwen;55 tot 60 jaar;Suriname;1992;5905;5652;253
5172;Totaal mannen en vrouwen;55 tot 60 jaar;Suriname;1993;6267;6006;261
5173;Totaal mannen en vrouwen;55 tot 60 jaar;Suriname;1994;6668;6390;278
5174;Totaal mannen en vrouwen;55 tot 60 jaar;Suriname;1995;7068;6752;316
5175;Totaal mannen en vrouwen;55 tot 60 jaar;Suriname;1996;7388;7079;309
5176;Totaal mannen en vrouwen;55 tot 60 jaar;Suriname;1997;7799;7478;321
5177;Totaal mannen en vrouwen;55 tot 60 jaar;Suriname;1998;8200;7880;320
5178;Totaal mannen en vrouwen;55 tot 60 jaar;Suriname;1999;8629;8308;321
5179;Totaal mannen en vrouwen;55 tot 60 jaar;Suriname;2000;9088;8759;329
5180;Totaal mannen en vrouwen;55 tot 60 jaar;Suriname;2001;9922;9580;342
5181;Totaal mannen en vrouwen;55 tot 60 jaar;Suriname;2002;10727;10336;391
5182;Totaal mannen en vrouwen;55 tot 60 jaar;Suriname;2003;11435;11000;435
5183;Totaal mannen en vrouwen;55 tot 60 jaar;Suriname;2004;12351;11880;471
5184;Totaal mannen en vrouwen;55 tot 60 jaar;Suriname;2005;13209;12710;499
5185;Totaal mannen en vrouwen;55 tot 60 jaar;Suriname;2006;13887;13335;552
5186;Totaal mannen en vrouwen;55 tot 60 jaar;Suriname;2007;14898;14322;576
5187;Totaal mannen en vrouwen;55 tot 60 jaar;Suriname;2008;16084;15498;586
5188;Totaal mannen en vrouwen;55 tot 60 jaar;Suriname;2009;17515;16892;623
5189;Totaal mannen en vrouwen;55 tot 60 jaar;Suriname;2010;18990;18333;657
5190;Totaal mannen en vrouwen;55 tot 60 jaar;Suriname;2011;20322;19619;703
5191;Totaal mannen en vrouwen;55 tot 60 jaar;Suriname;2012;21485;20739;746
5192;Totaal mannen en vrouwen;55 tot 60 jaar;Suriname;2013;22564;21706;858
5193;Totaal mannen en vrouwen;55 tot 60 jaar;Suriname;2014;23388;22465;923
5194;Totaal mannen en vrouwen;55 tot 60 jaar;Suriname;2015;24306;23265;1041
5195;Totaal mannen en vrouwen;55 tot 60 jaar;Suriname;2016;25001;23872;1129
5196;Totaal mannen en vrouwen;55 tot 60 jaar;Suriname;2017;25855;24592;1263
5197;Totaal mannen en vrouwen;55 tot 60 jaar;Suriname;2018;26658;25228;1430
5198;Totaal mannen en vrouwen;55 tot 60 jaar;Suriname;2019;27458;25805;1653
5199;Totaal mannen en vrouwen;55 tot 60 jaar;Suriname;2020;28176;26201;1975
5200;Totaal mannen en vrouwen;55 tot 60 jaar;Suriname;2021;28791;26443;2348
5201;Totaal mannen en vrouwen;55 tot 60 jaar;Suriname;2022;29065;26351;2714
5202;Totaal mannen en vrouwen;55 tot 60 jaar;Turkije;1972;36;31;5
5203;Totaal mannen en vrouwen;55 tot 60 jaar;Turkije;1973;65;60;5
5204;Totaal mannen en vrouwen;55 tot 60 jaar;Turkije;1974;89;87;2
5205;Totaal mannen en vrouwen;55 tot 60 jaar;Turkije;1975;119;113;6
5206;Totaal mannen en vrouwen;55 tot 60 jaar;Turkije;1976;142;136;6
5207;Totaal mannen en vrouwen;55 tot 60 jaar;Turkije;1977;168;164;4
5208;Totaal mannen en vrouwen;55 tot 60 jaar;Turkije;1978;311;305;6
5209;Totaal mannen en vrouwen;55 tot 60 jaar;Turkije;1979;442;432;10
5210;Totaal mannen en vrouwen;55 tot 60 jaar;Turkije;1980;576;568;8
5211;Totaal mannen en vrouwen;55 tot 60 jaar;Turkije;1981;768;760;8
5212;Totaal mannen en vrouwen;55 tot 60 jaar;Turkije;1982;946;937;9
5213;Totaal mannen en vrouwen;55 tot 60 jaar;Turkije;1983;1280;1273;7
5214;Totaal mannen en vrouwen;55 tot 60 jaar;Turkije;1984;1494;1486;8
5215;Totaal mannen en vrouwen;55 tot 60 jaar;Turkije;1985;1805;1797;8
5216;Totaal mannen en vrouwen;55 tot 60 jaar;Turkije;1986;2074;2065;9
5217;Totaal mannen en vrouwen;55 tot 60 jaar;Turkije;1987;2267;2258;9
5218;Totaal mannen en vrouwen;55 tot 60 jaar;Turkije;1988;2959;2946;13
5219;Totaal mannen en vrouwen;55 tot 60 jaar;Turkije;1989;3968;3958;10
5220;Totaal mannen en vrouwen;55 tot 60 jaar;Turkije;1990;4568;4560;8
5221;Totaal mannen en vrouwen;55 tot 60 jaar;Turkije;1991;5295;5285;10
5222;Totaal mannen en vrouwen;55 tot 60 jaar;Turkije;1992;6185;6176;9
5223;Totaal mannen en vrouwen;55 tot 60 jaar;Turkije;1993;6555;6549;6
5224;Totaal mannen en vrouwen;55 tot 60 jaar;Turkije;1994;6940;6934;6
5225;Totaal mannen en vrouwen;55 tot 60 jaar;Turkije;1995;7807;7799;8
5226;Totaal mannen en vrouwen;55 tot 60 jaar;Turkije;1996;9133;9128;5
5227;Totaal mannen en vrouwen;55 tot 60 jaar;Turkije;1997;9662;9655;7
5228;Totaal mannen en vrouwen;55 tot 60 jaar;Turkije;1998;10177;10168;9
5229;Totaal mannen en vrouwen;55 tot 60 jaar;Turkije;1999;10021;10011;10
5230;Totaal mannen en vrouwen;55 tot 60 jaar;Turkije;2000;9966;9957;9
5231;Totaal mannen en vrouwen;55 tot 60 jaar;Turkije;2001;9673;9663;10
5232;Totaal mannen en vrouwen;55 tot 60 jaar;Turkije;2002;9512;9499;13
5233;Totaal mannen en vrouwen;55 tot 60 jaar;Turkije;2003;9231;9217;14
5234;Totaal mannen en vrouwen;55 tot 60 jaar;Turkije;2004;9478;9463;15
5235;Totaal mannen en vrouwen;55 tot 60 jaar;Turkije;2005;9665;9649;16
5236;Totaal mannen en vrouwen;55 tot 60 jaar;Turkije;2006;9998;9980;18
5237;Totaal mannen en vrouwen;55 tot 60 jaar;Turkije;2007;9704;9683;21
5238;Totaal mannen en vrouwen;55 tot 60 jaar;Turkije;2008;9678;9659;19
5239;Totaal mannen en vrouwen;55 tot 60 jaar;Turkije;2009;9486;9467;19
5240;Totaal mannen en vrouwen;55 tot 60 jaar;Turkije;2010;9406;9387;19
5241;Totaal mannen en vrouwen;55 tot 60 jaar;Turkije;2011;9402;9381;21
5242;Totaal mannen en vrouwen;55 tot 60 jaar;Turkije;2012;10663;10649;14
5243;Totaal mannen en vrouwen;55 tot 60 jaar;Turkije;2013;11086;11071;15
5244;Totaal mannen en vrouwen;55 tot 60 jaar;Turkije;2014;11884;11868;16
5245;Totaal mannen en vrouwen;55 tot 60 jaar;Turkije;2015;13009;12993;16
5246;Totaal mannen en vrouwen;55 tot 60 jaar;Turkije;2016;15236;15219;17
5247;Totaal mannen en vrouwen;55 tot 60 jaar;Turkije;2017;16256;16238;18
5248;Totaal mannen en vrouwen;55 tot 60 jaar;Turkije;2018;18850;18831;19
5249;Totaal mannen en vrouwen;55 tot 60 jaar;Turkije;2019;21066;21042;24
5250;Totaal mannen en vrouwen;55 tot 60 jaar;Turkije;2020;23630;23586;44
5251;Totaal mannen en vrouwen;55 tot 60 jaar;Turkije;2021;25259;25162;97
5252;Totaal mannen en vrouwen;55 tot 60 jaar;Turkije;2022;27565;27356;209
5253;Totaal mannen en vrouwen;55 tot 60 jaar;Overige niet-westerse migratieachterg...;1972;518;444;74
5254;Totaal mannen en vrouwen;55 tot 60 jaar;Overige niet-westerse migratieachterg...;1973;534;442;92
5255;Totaal mannen en vrouwen;55 tot 60 jaar;Overige niet-westerse migratieachterg...;1974;510;404;106
5256;Totaal mannen en vrouwen;55 tot 60 jaar;Overige niet-westerse migratieachterg...;1975;524;404;120
5257;Totaal mannen en vrouwen;55 tot 60 jaar;Overige niet-westerse migratieachterg...;1976;569;433;136
5258;Totaal mannen en vrouwen;55 tot 60 jaar;Overige niet-westerse migratieachterg...;1977;620;469;151
5259;Totaal mannen en vrouwen;55 tot 60 jaar;Overige niet-westerse migratieachterg...;1978;671;501;170
5260;Totaal mannen en vrouwen;55 tot 60 jaar;Overige niet-westerse migratieachterg...;1979;801;609;192
5261;Totaal mannen en vrouwen;55 tot 60 jaar;Overige niet-westerse migratieachterg...;1980;928;699;229
5262;Totaal mannen en vrouwen;55 tot 60 jaar;Overige niet-westerse migratieachterg...;1981;1095;845;250
5263;Totaal mannen en vrouwen;55 tot 60 jaar;Overige niet-westerse migratieachterg...;1982;1196;936;260
5264;Totaal mannen en vrouwen;55 tot 60 jaar;Overige niet-westerse migratieachterg...;1983;1288;1003;285
5265;Totaal mannen en vrouwen;55 tot 60 jaar;Overige niet-westerse migratieachterg...;1984;1352;1059;293
5266;Totaal mannen en vrouwen;55 tot 60 jaar;Overige niet-westerse migratieachterg...;1985;1427;1136;291
5267;Totaal mannen en vrouwen;55 tot 60 jaar;Overige niet-westerse migratieachterg...;1986;1650;1349;301
5268;Totaal mannen en vrouwen;55 tot 60 jaar;Overige niet-westerse migratieachterg...;1987;1864;1561;303
5269;Totaal mannen en vrouwen;55 tot 60 jaar;Overige niet-westerse migratieachterg...;1988;2153;1874;279
5270;Totaal mannen en vrouwen;55 tot 60 jaar;Overige niet-westerse migratieachterg...;1989;2402;2131;271
5271;Totaal mannen en vrouwen;55 tot 60 jaar;Overige niet-westerse migratieachterg...;1990;2713;2457;256
5272;Totaal mannen en vrouwen;55 tot 60 jaar;Overige niet-westerse migratieachterg...;1991;3019;2782;237
5273;Totaal mannen en vrouwen;55 tot 60 jaar;Overige niet-westerse migratieachterg...;1992;3406;3162;244
5274;Totaal mannen en vrouwen;55 tot 60 jaar;Overige niet-westerse migratieachterg...;1993;3768;3520;248
5275;Totaal mannen en vrouwen;55 tot 60 jaar;Overige niet-westerse migratieachterg...;1994;4148;3889;259
5276;Totaal mannen en vrouwen;55 tot 60 jaar;Overige niet-westerse migratieachterg...;1995;4506;4208;298
5277;Totaal mannen en vrouwen;55 tot 60 jaar;Overige niet-westerse migratieachterg...;1996;4855;4539;316
5278;Totaal mannen en vrouwen;55 tot 60 jaar;Overige niet-westerse migratieachterg...;1997;5218;4894;324
5279;Totaal mannen en vrouwen;55 tot 60 jaar;Overige niet-westerse migratieachterg...;1998;5720;5397;323
5280;Totaal mannen en vrouwen;55 tot 60 jaar;Overige niet-westerse migratieachterg...;1999;6334;5987;347
5281;Totaal mannen en vrouwen;55 tot 60 jaar;Overige niet-westerse migratieachterg...;2000;6961;6573;388
5282;Totaal mannen en vrouwen;55 tot 60 jaar;Overige niet-westerse migratieachterg...;2001;7882;7482;400
5283;Totaal mannen en vrouwen;55 tot 60 jaar;Overige niet-westerse migratieachterg...;2002;9211;8736;475
5284;Totaal mannen en vrouwen;55 tot 60 jaar;Overige niet-westerse migratieachterg...;2003;10404;9827;577
5285;Totaal mannen en vrouwen;55 tot 60 jaar;Overige niet-westerse migratieachterg...;2004;11803;11164;639
5286;Totaal mannen en vrouwen;55 tot 60 jaar;Overige niet-westerse migratieachterg...;2005;12973;12310;663
5287;Totaal mannen en vrouwen;55 tot 60 jaar;Overige niet-westerse migratieachterg...;2006;14657;13948;709
5288;Totaal mannen en vrouwen;55 tot 60 jaar;Overige niet-westerse migratieachterg...;2007;15953;15257;696
5289;Totaal mannen en vrouwen;55 tot 60 jaar;Overige niet-westerse migratieachterg...;2008;17708;17026;682
5290;Totaal mannen en vrouwen;55 tot 60 jaar;Overige niet-westerse migratieachterg...;2009;19405;18738;667
5291;Totaal mannen en vrouwen;55 tot 60 jaar;Overige niet-westerse migratieachterg...;2010;21735;21055;680
5292;Totaal mannen en vrouwen;55 tot 60 jaar;Overige niet-westerse migratieachterg...;2011;23506;22827;679
5293;Totaal mannen en vrouwen;55 tot 60 jaar;Overige niet-westerse migratieachterg...;2012;25956;25258;698
5294;Totaal mannen en vrouwen;55 tot 60 jaar;Overige niet-westerse migratieachterg...;2013;28163;27445;718
5295;Totaal mannen en vrouwen;55 tot 60 jaar;Overige niet-westerse migratieachterg...;2014;30450;29712;738
5296;Totaal mannen en vrouwen;55 tot 60 jaar;Overige niet-westerse migratieachterg...;2015;32383;31608;775
5297;Totaal mannen en vrouwen;55 tot 60 jaar;Overige niet-westerse migratieachterg...;2016;35382;34544;838
5298;Totaal mannen en vrouwen;55 tot 60 jaar;Overige niet-westerse migratieachterg...;2017;37308;36432;876
5299;Totaal mannen en vrouwen;55 tot 60 jaar;Overige niet-westerse migratieachterg...;2018;40001;39096;905
5300;Totaal mannen en vrouwen;55 tot 60 jaar;Overige niet-westerse migratieachterg...;2019;42587;41621;966
5301;Totaal mannen en vrouwen;55 tot 60 jaar;Overige niet-westerse migratieachterg...;2020;45580;44528;1052
5302;Totaal mannen en vrouwen;55 tot 60 jaar;Overige niet-westerse migratieachterg...;2021;47629;46478;1151
5303;Totaal mannen en vrouwen;55 tot 60 jaar;Overige niet-westerse migratieachterg...;2022;50600;49363;1237
5304;Totaal mannen en vrouwen;60 tot 65 jaar;Met migratieachtergrond;1972;43886;33865;10021
5305;Totaal mannen en vrouwen;60 tot 65 jaar;Met migratieachtergrond;1973;45821;35446;10375
5306;Totaal mannen en vrouwen;60 tot 65 jaar;Met migratieachtergrond;1974;47015;36336;10679
5307;Totaal mannen en vrouwen;60 tot 65 jaar;Met migratieachtergrond;1975;48055;36819;11236
5308;Totaal mannen en vrouwen;60 tot 65 jaar;Met migratieachtergrond;1976;47803;36171;11632
5309;Totaal mannen en vrouwen;60 tot 65 jaar;Met migratieachtergrond;1977;46326;33923;12403
5310;Totaal mannen en vrouwen;60 tot 65 jaar;Met migratieachtergrond;1978;44392;31008;13384
5311;Totaal mannen en vrouwen;60 tot 65 jaar;Met migratieachtergrond;1979;42260;28374;13886
5312;Totaal mannen en vrouwen;60 tot 65 jaar;Met migratieachtergrond;1980;41230;26563;14667
5313;Totaal mannen en vrouwen;60 tot 65 jaar;Met migratieachtergrond;1981;43596;27365;16231
5314;Totaal mannen en vrouwen;60 tot 65 jaar;Met migratieachtergrond;1982;47063;29267;17796
5315;Totaal mannen en vrouwen;60 tot 65 jaar;Met migratieachtergrond;1983;50757;31802;18955
5316;Totaal mannen en vrouwen;60 tot 65 jaar;Met migratieachtergrond;1984;55038;34507;20531
5317;Totaal mannen en vrouwen;60 tot 65 jaar;Met migratieachtergrond;1985;58833;36767;22066
5318;Totaal mannen en vrouwen;60 tot 65 jaar;Met migratieachtergrond;1986;60650;37519;23131
5319;Totaal mannen en vrouwen;60 tot 65 jaar;Met migratieachtergrond;1987;62167;37920;24247
5320;Totaal mannen en vrouwen;60 tot 65 jaar;Met migratieachtergrond;1988;63331;37483;25848
5321;Totaal mannen en vrouwen;60 tot 65 jaar;Met migratieachtergrond;1989;64666;36938;27728
5322;Totaal mannen en vrouwen;60 tot 65 jaar;Met migratieachtergrond;1990;65979;36506;29473
5323;Totaal mannen en vrouwen;60 tot 65 jaar;Met migratieachtergrond;1991;69010;37462;31548
5324;Totaal mannen en vrouwen;60 tot 65 jaar;Met migratieachtergrond;1992;71910;38297;33613
5325;Totaal mannen en vrouwen;60 tot 65 jaar;Met migratieachtergrond;1993;75525;39835;35690
5326;Totaal mannen en vrouwen;60 tot 65 jaar;Met migratieachtergrond;1994;78692;41366;37326
5327;Totaal mannen en vrouwen;60 tot 65 jaar;Met migratieachtergrond;1995;82567;43217;39350
5328;Totaal mannen en vrouwen;60 tot 65 jaar;Met migratieachtergrond;1996;85912;44852;41060
5329;Totaal mannen en vrouwen;60 tot 65 jaar;Met migratieachtergrond;1997;90979;48228;42751
5330;Totaal mannen en vrouwen;60 tot 65 jaar;Met migratieachtergrond;1998;95356;51468;43888
5331;Totaal mannen en vrouwen;60 tot 65 jaar;Met migratieachtergrond;1999;101186;55764;45422
5332;Totaal mannen en vrouwen;60 tot 65 jaar;Met migratieachtergrond;2000;106418;59877;46541
5333;Totaal mannen en vrouwen;60 tot 65 jaar;Met migratieachtergrond;2001;113239;65739;47500
5334;Totaal mannen en vrouwen;60 tot 65 jaar;Met migratieachtergrond;2002;116475;68937;47538
5335;Totaal mannen en vrouwen;60 tot 65 jaar;Met migratieachtergrond;2003;120224;72614;47610
5336;Totaal mannen en vrouwen;60 tot 65 jaar;Met migratieachtergrond;2004;120331;72739;47592
5337;Totaal mannen en vrouwen;60 tot 65 jaar;Met migratieachtergrond;2005;120641;73122;47519
5338;Totaal mannen en vrouwen;60 tot 65 jaar;Met migratieachtergrond;2006;119272;72386;46886
5339;Totaal mannen en vrouwen;60 tot 65 jaar;Met migratieachtergrond;2007;125712;74670;51042
5340;Totaal mannen en vrouwen;60 tot 65 jaar;Met migratieachtergrond;2008;133404;78747;54657
5341;Totaal mannen en vrouwen;60 tot 65 jaar;Met migratieachtergrond;2009;142764;86203;56561
5342;Totaal mannen en vrouwen;60 tot 65 jaar;Met migratieachtergrond;2010;150912;93218;57694
5343;Totaal mannen en vrouwen;60 tot 65 jaar;Met migratieachtergrond;2011;159493;100241;59252
5344;Totaal mannen en vrouwen;60 tot 65 jaar;Met migratieachtergrond;2012;161126;103431;57695
5345;Totaal mannen en vrouwen;60 tot 65 jaar;Met migratieachtergrond;2013;162020;105261;56759
5346;Totaal mannen en vrouwen;60 tot 65 jaar;Met migratieachtergrond;2014;162958;106548;56410
5347;Totaal mannen en vrouwen;60 tot 65 jaar;Met migratieachtergrond;2015;165281;108588;56693
5348;Totaal mannen en vrouwen;60 tot 65 jaar;Met migratieachtergrond;2016;166932;109854;57078
5349;Totaal mannen en vrouwen;60 tot 65 jaar;Met migratieachtergrond;2017;171900;115330;56570
5350;Totaal mannen en vrouwen;60 tot 65 jaar;Met migratieachtergrond;2018;175889;119538;56351
5351;Totaal mannen en vrouwen;60 tot 65 jaar;Met migratieachtergrond;2019;181791;124375;57416
5352;Totaal mannen en vrouwen;60 tot 65 jaar;Met migratieachtergrond;2020;188637;129713;58924
5353;Totaal mannen en vrouwen;60 tot 65 jaar;Met migratieachtergrond;2021;197632;137688;59944
5354;Totaal mannen en vrouwen;60 tot 65 jaar;Met migratieachtergrond;2022;204755;143182;61573
5355;Totaal mannen en vrouwen;60 tot 65 jaar;Westerse migratieachtergrond;1972;42351;32496;9855
5356;Totaal mannen en vrouwen;60 tot 65 jaar;Westerse migratieachtergrond;1973;44204;33993;10211
5357;Totaal mannen en vrouwen;60 tot 65 jaar;Westerse migratieachtergrond;1974;45173;34655;10518
5358;Totaal mannen en vrouwen;60 tot 65 jaar;Westerse migratieachtergrond;1975;45966;34902;11064
5359;Totaal mannen en vrouwen;60 tot 65 jaar;Westerse migratieachtergrond;1976;45135;33698;11437
5360;Totaal mannen en vrouwen;60 tot 65 jaar;Westerse migratieachtergrond;1977;43608;31406;12202
5361;Totaal mannen en vrouwen;60 tot 65 jaar;Westerse migratieachtergrond;1978;41441;28294;13147
5362;Totaal mannen en vrouwen;60 tot 65 jaar;Westerse migratieachtergrond;1979;39145;25497;13648
5363;Totaal mannen en vrouwen;60 tot 65 jaar;Westerse migratieachtergrond;1980;37781;23369;14412
5364;Totaal mannen en vrouwen;60 tot 65 jaar;Westerse migratieachtergrond;1981;39752;23797;15955
5365;Totaal mannen en vrouwen;60 tot 65 jaar;Westerse migratieachtergrond;1982;42958;25466;17492
5366;Totaal mannen en vrouwen;60 tot 65 jaar;Westerse migratieachtergrond;1983;46286;27668;18618
5367;Totaal mannen en vrouwen;60 tot 65 jaar;Westerse migratieachtergrond;1984;50057;29899;20158
5368;Totaal mannen en vrouwen;60 tot 65 jaar;Westerse migratieachtergrond;1985;53431;31789;21642
5369;Totaal mannen en vrouwen;60 tot 65 jaar;Westerse migratieachtergrond;1986;54624;31939;22685
5370;Totaal mannen en vrouwen;60 tot 65 jaar;Westerse migratieachtergrond;1987;55618;31841;23777
5371;Totaal mannen en vrouwen;60 tot 65 jaar;Westerse migratieachtergrond;1988;56012;30653;25359
5372;Totaal mannen en vrouwen;60 tot 65 jaar;Westerse migratieachtergrond;1989;56741;29512;27229
5373;Totaal mannen en vrouwen;60 tot 65 jaar;Westerse migratieachtergrond;1990;57347;28381;28966
5374;Totaal mannen en vrouwen;60 tot 65 jaar;Westerse migratieachtergrond;1991;59210;28181;31029
5375;Totaal mannen en vrouwen;60 tot 65 jaar;Westerse migratieachtergrond;1992;61083;27994;33089
5376;Totaal mannen en vrouwen;60 tot 65 jaar;Westerse migratieachtergrond;1993;63080;27914;35166
5377;Totaal mannen en vrouwen;60 tot 65 jaar;Westerse migratieachtergrond;1994;64558;27757;36801
5378;Totaal mannen en vrouwen;60 tot 65 jaar;Westerse migratieachtergrond;1995;67011;28229;38782
5379;Totaal mannen en vrouwen;60 tot 65 jaar;Westerse migratieachtergrond;1996;68824;28338;40486
5380;Totaal mannen en vrouwen;60 tot 65 jaar;Westerse migratieachtergrond;1997;71630;29463;42167
5381;Totaal mannen en vrouwen;60 tot 65 jaar;Westerse migratieachtergrond;1998;73769;30481;43288
5382;Totaal mannen en vrouwen;60 tot 65 jaar;Westerse migratieachtergrond;1999;77016;32225;44791
5383;Totaal mannen en vrouwen;60 tot 65 jaar;Westerse migratieachtergrond;2000;79831;33941;45890
5384;Totaal mannen en vrouwen;60 tot 65 jaar;Westerse migratieachtergrond;2001;82932;36091;46841
5385;Totaal mannen en vrouwen;60 tot 65 jaar;Westerse migratieachtergrond;2002;84509;37650;46859
5386;Totaal mannen en vrouwen;60 tot 65 jaar;Westerse migratieachtergrond;2003;85973;39042;46931
5387;Totaal mannen en vrouwen;60 tot 65 jaar;Westerse migratieachtergrond;2004;85172;38286;46886
5388;Totaal mannen en vrouwen;60 tot 65 jaar;Westerse migratieachtergrond;2005;84196;37419;46777
5389;Totaal mannen en vrouwen;60 tot 65 jaar;Westerse migratieachtergrond;2006;82395;36268;46127
5390;Totaal mannen en vrouwen;60 tot 65 jaar;Westerse migratieachtergrond;2007;86891;36739;50152
5391;Totaal mannen en vrouwen;60 tot 65 jaar;Westerse migratieachtergrond;2008;93194;39568;53626
5392;Totaal mannen en vrouwen;60 tot 65 jaar;Westerse migratieachtergrond;2009;99609;44193;55416
5393;Totaal mannen en vrouwen;60 tot 65 jaar;Westerse migratieachtergrond;2010;105257;48777;56480
5394;Totaal mannen en vrouwen;60 tot 65 jaar;Westerse migratieachtergrond;2011;110341;52429;57912
5395;Totaal mannen en vrouwen;60 tot 65 jaar;Westerse migratieachtergrond;2012;109503;53173;56330
5396;Totaal mannen en vrouwen;60 tot 65 jaar;Westerse migratieachtergrond;2013;106990;51611;55379
5397;Totaal mannen en vrouwen;60 tot 65 jaar;Westerse migratieachtergrond;2014;104780;49786;54994
5398;Totaal mannen en vrouwen;60 tot 65 jaar;Westerse migratieachtergrond;2015;102935;47712;55223
5399;Totaal mannen en vrouwen;60 tot 65 jaar;Westerse migratieachtergrond;2016;101377;45819;55558
5400;Totaal mannen en vrouwen;60 tot 65 jaar;Westerse migratieachtergrond;2017;100540;45572;54968
5401;Totaal mannen en vrouwen;60 tot 65 jaar;Westerse migratieachtergrond;2018;99973;45405;54568
5402;Totaal mannen en vrouwen;60 tot 65 jaar;Westerse migratieachtergrond;2019;100472;44993;55479
5403;Totaal mannen en vrouwen;60 tot 65 jaar;Westerse migratieachtergrond;2020;101886;45089;56797
5404;Totaal mannen en vrouwen;60 tot 65 jaar;Westerse migratieachtergrond;2021;103201;45592;57609
5405;Totaal mannen en vrouwen;60 tot 65 jaar;Westerse migratieachtergrond;2022;105119;46125;58994
5406;Totaal mannen en vrouwen;60 tot 65 jaar;Niet-westerse migratieachtergrond;1972;1535;1369;166
5407;Totaal mannen en vrouwen;60 tot 65 jaar;Niet-westerse migratieachtergrond;1973;1617;1453;164
5408;Totaal mannen en vrouwen;60 tot 65 jaar;Niet-westerse migratieachtergrond;1974;1842;1681;161
5409;Totaal mannen en vrouwen;60 tot 65 jaar;Niet-westerse migratieachtergrond;1975;2089;1917;172
5410;Totaal mannen en vrouwen;60 tot 65 jaar;Niet-westerse migratieachtergrond;1976;2668;2473;195
5411;Totaal mannen en vrouwen;60 tot 65 jaar;Niet-westerse migratieachtergrond;1977;2718;2517;201
5412;Totaal mannen en vrouwen;60 tot 65 jaar;Niet-westerse migratieachtergrond;1978;2951;2714;237
5413;Totaal mannen en vrouwen;60 tot 65 jaar;Niet-westerse migratieachtergrond;1979;3115;2877;238
5414;Totaal mannen en vrouwen;60 tot 65 jaar;Niet-westerse migratieachtergrond;1980;3449;3194;255
5415;Totaal mannen en vrouwen;60 tot 65 jaar;Niet-westerse migratieachtergrond;1981;3844;3568;276
5416;Totaal mannen en vrouwen;60 tot 65 jaar;Niet-westerse migratieachtergrond;1982;4105;3801;304
5417;Totaal mannen en vrouwen;60 tot 65 jaar;Niet-westerse migratieachtergrond;1983;4471;4134;337
5418;Totaal mannen en vrouwen;60 tot 65 jaar;Niet-westerse migratieachtergrond;1984;4981;4608;373
5419;Totaal mannen en vrouwen;60 tot 65 jaar;Niet-westerse migratieachtergrond;1985;5402;4978;424
5420;Totaal mannen en vrouwen;60 tot 65 jaar;Niet-westerse migratieachtergrond;1986;6026;5580;446
5421;Totaal mannen en vrouwen;60 tot 65 jaar;Niet-westerse migratieachtergrond;1987;6549;6079;470
5422;Totaal mannen en vrouwen;60 tot 65 jaar;Niet-westerse migratieachtergrond;1988;7319;6830;489
5423;Totaal mannen en vrouwen;60 tot 65 jaar;Niet-westerse migratieachtergrond;1989;7925;7426;499
5424;Totaal mannen en vrouwen;60 tot 65 jaar;Niet-westerse migratieachtergrond;1990;8632;8125;507
5425;Totaal mannen en vrouwen;60 tot 65 jaar;Niet-westerse migratieachtergrond;1991;9800;9281;519
5426;Totaal mannen en vrouwen;60 tot 65 jaar;Niet-westerse migratieachtergrond;1992;10827;10303;524
5427;Totaal mannen en vrouwen;60 tot 65 jaar;Niet-westerse migratieachtergrond;1993;12445;11921;524
5428;Totaal mannen en vrouwen;60 tot 65 jaar;Niet-westerse migratieachtergrond;1994;14134;13609;525
5429;Totaal mannen en vrouwen;60 tot 65 jaar;Niet-westerse migratieachtergrond;1995;15556;14988;568
5430;Totaal mannen en vrouwen;60 tot 65 jaar;Niet-westerse migratieachtergrond;1996;17088;16514;574
5431;Totaal mannen en vrouwen;60 tot 65 jaar;Niet-westerse migratieachtergrond;1997;19349;18765;584
5432;Totaal mannen en vrouwen;60 tot 65 jaar;Niet-westerse migratieachtergrond;1998;21587;20987;600
5433;Totaal mannen en vrouwen;60 tot 65 jaar;Niet-westerse migratieachtergrond;1999;24170;23539;631
5434;Totaal mannen en vrouwen;60 tot 65 jaar;Niet-westerse migratieachtergrond;2000;26587;25936;651
5435;Totaal mannen en vrouwen;60 tot 65 jaar;Niet-westerse migratieachtergrond;2001;30307;29648;659
5436;Totaal mannen en vrouwen;60 tot 65 jaar;Niet-westerse migratieachtergrond;2002;31966;31287;679
5437;Totaal mannen en vrouwen;60 tot 65 jaar;Niet-westerse migratieachtergrond;2003;34251;33572;679
5438;Totaal mannen en vrouwen;60 tot 65 jaar;Niet-westerse migratieachtergrond;2004;35159;34453;706
5439;Totaal mannen en vrouwen;60 tot 65 jaar;Niet-westerse migratieachtergrond;2005;36445;35703;742
5440;Totaal mannen en vrouwen;60 tot 65 jaar;Niet-westerse migratieachtergrond;2006;36877;36118;759
5441;Totaal mannen en vrouwen;60 tot 65 jaar;Niet-westerse migratieachtergrond;2007;38821;37931;890
5442;Totaal mannen en vrouwen;60 tot 65 jaar;Niet-westerse migratieachtergrond;2008;40210;39179;1031
5443;Totaal mannen en vrouwen;60 tot 65 jaar;Niet-westerse migratieachtergrond;2009;43155;42010;1145
5444;Totaal mannen en vrouwen;60 tot 65 jaar;Niet-westerse migratieachtergrond;2010;45655;44441;1214
5445;Totaal mannen en vrouwen;60 tot 65 jaar;Niet-westerse migratieachtergrond;2011;49152;47812;1340
5446;Totaal mannen en vrouwen;60 tot 65 jaar;Niet-westerse migratieachtergrond;2012;51623;50258;1365
5447;Totaal mannen en vrouwen;60 tot 65 jaar;Niet-westerse migratieachtergrond;2013;55030;53650;1380
5448;Totaal mannen en vrouwen;60 tot 65 jaar;Niet-westerse migratieachtergrond;2014;58178;56762;1416
5449;Totaal mannen en vrouwen;60 tot 65 jaar;Niet-westerse migratieachtergrond;2015;62346;60876;1470
5450;Totaal mannen en vrouwen;60 tot 65 jaar;Niet-westerse migratieachtergrond;2016;65555;64035;1520
5451;Totaal mannen en vrouwen;60 tot 65 jaar;Niet-westerse migratieachtergrond;2017;71360;69758;1602
5452;Totaal mannen en vrouwen;60 tot 65 jaar;Niet-westerse migratieachtergrond;2018;75916;74133;1783
5453;Totaal mannen en vrouwen;60 tot 65 jaar;Niet-westerse migratieachtergrond;2019;81319;79382;1937
5454;Totaal mannen en vrouwen;60 tot 65 jaar;Niet-westerse migratieachtergrond;2020;86751;84624;2127
5455;Totaal mannen en vrouwen;60 tot 65 jaar;Niet-westerse migratieachtergrond;2021;94431;92096;2335
5456;Totaal mannen en vrouwen;60 tot 65 jaar;Niet-westerse migratieachtergrond;2022;99636;97057;2579
5457;Totaal mannen en vrouwen;60 tot 65 jaar;Marokko;1972;30;30;0
5458;Totaal mannen en vrouwen;60 tot 65 jaar;Marokko;1973;39;39;0
5459;Totaal mannen en vrouwen;60 tot 65 jaar;Marokko;1974;56;56;0
5460;Totaal mannen en vrouwen;60 tot 65 jaar;Marokko;1975;69;69;0
5461;Totaal mannen en vrouwen;60 tot 65 jaar;Marokko;1976;89;89;0
5462;Totaal mannen en vrouwen;60 tot 65 jaar;Marokko;1977;100;100;0
5463;Totaal mannen en vrouwen;60 tot 65 jaar;Marokko;1978;144;144;0
5464;Totaal mannen en vrouwen;60 tot 65 jaar;Marokko;1979;160;160;0
5465;Totaal mannen en vrouwen;60 tot 65 jaar;Marokko;1980;189;189;0
5466;Totaal mannen en vrouwen;60 tot 65 jaar;Marokko;1981;212;212;0
5467;Totaal mannen en vrouwen;60 tot 65 jaar;Marokko;1982;231;231;0
5468;Totaal mannen en vrouwen;60 tot 65 jaar;Marokko;1983;288;287;1
5469;Totaal mannen en vrouwen;60 tot 65 jaar;Marokko;1984;365;364;1
5470;Totaal mannen en vrouwen;60 tot 65 jaar;Marokko;1985;443;442;1
5471;Totaal mannen en vrouwen;60 tot 65 jaar;Marokko;1986;545;544;1
5472;Totaal mannen en vrouwen;60 tot 65 jaar;Marokko;1987;618;617;1
5473;Totaal mannen en vrouwen;60 tot 65 jaar;Marokko;1988;794;794;0
5474;Totaal mannen en vrouwen;60 tot 65 jaar;Marokko;1989;937;937;0
5475;Totaal mannen en vrouwen;60 tot 65 jaar;Marokko;1990;1109;1109;0
5476;Totaal mannen en vrouwen;60 tot 65 jaar;Marokko;1991;1469;1469;0
5477;Totaal mannen en vrouwen;60 tot 65 jaar;Marokko;1992;1696;1696;0
5478;Totaal mannen en vrouwen;60 tot 65 jaar;Marokko;1993;2140;2140;0
5479;Totaal mannen en vrouwen;60 tot 65 jaar;Marokko;1994;2522;2522;0
5480;Totaal mannen en vrouwen;60 tot 65 jaar;Marokko;1995;3069;3069;0
5481;Totaal mannen en vrouwen;60 tot 65 jaar;Marokko;1996;3516;3516;0
5482;Totaal mannen en vrouwen;60 tot 65 jaar;Marokko;1997;4501;4501;0
5483;Totaal mannen en vrouwen;60 tot 65 jaar;Marokko;1998;5188;5188;0
5484;Totaal mannen en vrouwen;60 tot 65 jaar;Marokko;1999;6216;6216;0
5485;Totaal mannen en vrouwen;60 tot 65 jaar;Marokko;2000;6674;6674;0
5486;Totaal mannen en vrouwen;60 tot 65 jaar;Marokko;2001;7928;7927;1
5487;Totaal mannen en vrouwen;60 tot 65 jaar;Marokko;2002;7899;7898;1
5488;Totaal mannen en vrouwen;60 tot 65 jaar;Marokko;2003;8500;8499;1
5489;Totaal mannen en vrouwen;60 tot 65 jaar;Marokko;2004;8364;8363;1
5490;Totaal mannen en vrouwen;60 tot 65 jaar;Marokko;2005;8557;8555;2
5491;Totaal mannen en vrouwen;60 tot 65 jaar;Marokko;2006;7614;7613;1
5492;Totaal mannen en vrouwen;60 tot 65 jaar;Marokko;2007;7689;7689;0
5493;Totaal mannen en vrouwen;60 tot 65 jaar;Marokko;2008;7326;7326;0
5494;Totaal mannen en vrouwen;60 tot 65 jaar;Marokko;2009;7587;7587;0
5495;Totaal mannen en vrouwen;60 tot 65 jaar;Marokko;2010;7495;7495;0
5496;Totaal mannen en vrouwen;60 tot 65 jaar;Marokko;2011;7986;7985;1
5497;Totaal mannen en vrouwen;60 tot 65 jaar;Marokko;2012;7971;7970;1
5498;Totaal mannen en vrouwen;60 tot 65 jaar;Marokko;2013;8336;8334;2
5499;Totaal mannen en vrouwen;60 tot 65 jaar;Marokko;2014;8386;8384;2
5500;Totaal mannen en vrouwen;60 tot 65 jaar;Marokko;2015;8826;8823;3
5501;Totaal mannen en vrouwen;60 tot 65 jaar;Marokko;2016;8821;8819;2
5502;Totaal mannen en vrouwen;60 tot 65 jaar;Marokko;2017;9489;9487;2
5503;Totaal mannen en vrouwen;60 tot 65 jaar;Marokko;2018;9818;9816;2
5504;Totaal mannen en vrouwen;60 tot 65 jaar;Marokko;2019;10670;10666;4
5505;Totaal mannen en vrouwen;60 tot 65 jaar;Marokko;2020;11384;11380;4
5506;Totaal mannen en vrouwen;60 tot 65 jaar;Marokko;2021;12751;12746;5
5507;Totaal mannen en vrouwen;60 tot 65 jaar;Marokko;2022;13833;13825;8
5508;Totaal mannen en vrouwen;60 tot 65 jaar;(voormalige) Nederlandse Antillen, Aruba;1972;154;120;34
5509;Totaal mannen en vrouwen;60 tot 65 jaar;(voormalige) Nederlandse Antillen, Aruba;1973;158;125;33
5510;Totaal mannen en vrouwen;60 tot 65 jaar;(voormalige) Nederlandse Antillen, Aruba;1974;167;136;31
5511;Totaal mannen en vrouwen;60 tot 65 jaar;(voormalige) Nederlandse Antillen, Aruba;1975;179;147;32
5512;Totaal mannen en vrouwen;60 tot 65 jaar;(voormalige) Nederlandse Antillen, Aruba;1976;197;161;36
5513;Totaal mannen en vrouwen;60 tot 65 jaar;(voormalige) Nederlandse Antillen, Aruba;1977;218;187;31
5514;Totaal mannen en vrouwen;60 tot 65 jaar;(voormalige) Nederlandse Antillen, Aruba;1978;242;207;35
5515;Totaal mannen en vrouwen;60 tot 65 jaar;(voormalige) Nederlandse Antillen, Aruba;1979;272;236;36
5516;Totaal mannen en vrouwen;60 tot 65 jaar;(voormalige) Nederlandse Antillen, Aruba;1980;312;270;42
5517;Totaal mannen en vrouwen;60 tot 65 jaar;(voormalige) Nederlandse Antillen, Aruba;1981;364;322;42
5518;Totaal mannen en vrouwen;60 tot 65 jaar;(voormalige) Nederlandse Antillen, Aruba;1982;413;361;52
5519;Totaal mannen en vrouwen;60 tot 65 jaar;(voormalige) Nederlandse Antillen, Aruba;1983;453;399;54
5520;Totaal mannen en vrouwen;60 tot 65 jaar;(voormalige) Nederlandse Antillen, Aruba;1984;461;410;51
5521;Totaal mannen en vrouwen;60 tot 65 jaar;(voormalige) Nederlandse Antillen, Aruba;1985;477;422;55
5522;Totaal mannen en vrouwen;60 tot 65 jaar;(voormalige) Nederlandse Antillen, Aruba;1986;536;479;57
5523;Totaal mannen en vrouwen;60 tot 65 jaar;(voormalige) Nederlandse Antillen, Aruba;1987;606;554;52
5524;Totaal mannen en vrouwen;60 tot 65 jaar;(voormalige) Nederlandse Antillen, Aruba;1988;689;633;56
5525;Totaal mannen en vrouwen;60 tot 65 jaar;(voormalige) Nederlandse Antillen, Aruba;1989;783;729;54
5526;Totaal mannen en vrouwen;60 tot 65 jaar;(voormalige) Nederlandse Antillen, Aruba;1990;817;766;51
5527;Totaal mannen en vrouwen;60 tot 65 jaar;(voormalige) Nederlandse Antillen, Aruba;1991;886;840;46
5528;Totaal mannen en vrouwen;60 tot 65 jaar;(voormalige) Nederlandse Antillen, Aruba;1992;993;946;47
5529;Totaal mannen en vrouwen;60 tot 65 jaar;(voormalige) Nederlandse Antillen, Aruba;1993;1068;1025;43
5530;Totaal mannen en vrouwen;60 tot 65 jaar;(voormalige) Nederlandse Antillen, Aruba;1994;1102;1054;48
5531;Totaal mannen en vrouwen;60 tot 65 jaar;(voormalige) Nederlandse Antillen, Aruba;1995;1107;1051;56
5532;Totaal mannen en vrouwen;60 tot 65 jaar;(voormalige) Nederlandse Antillen, Aruba;1996;1128;1073;55
5533;Totaal mannen en vrouwen;60 tot 65 jaar;(voormalige) Nederlandse Antillen, Aruba;1997;1170;1111;59
5534;Totaal mannen en vrouwen;60 tot 65 jaar;(voormalige) Nederlandse Antillen, Aruba;1998;1250;1189;61
5535;Totaal mannen en vrouwen;60 tot 65 jaar;(voormalige) Nederlandse Antillen, Aruba;1999;1357;1300;57
5536;Totaal mannen en vrouwen;60 tot 65 jaar;(voormalige) Nederlandse Antillen, Aruba;2000;1532;1481;51
5537;Totaal mannen en vrouwen;60 tot 65 jaar;(voormalige) Nederlandse Antillen, Aruba;2001;1810;1755;55
5538;Totaal mannen en vrouwen;60 tot 65 jaar;(voormalige) Nederlandse Antillen, Aruba;2002;1978;1930;48
5539;Totaal mannen en vrouwen;60 tot 65 jaar;(voormalige) Nederlandse Antillen, Aruba;2003;2217;2172;45
5540;Totaal mannen en vrouwen;60 tot 65 jaar;(voormalige) Nederlandse Antillen, Aruba;2004;2464;2420;44
5541;Totaal mannen en vrouwen;60 tot 65 jaar;(voormalige) Nederlandse Antillen, Aruba;2005;2743;2696;47
5542;Totaal mannen en vrouwen;60 tot 65 jaar;(voormalige) Nederlandse Antillen, Aruba;2006;3041;2997;44
5543;Totaal mannen en vrouwen;60 tot 65 jaar;(voormalige) Nederlandse Antillen, Aruba;2007;3349;3299;50
5544;Totaal mannen en vrouwen;60 tot 65 jaar;(voormalige) Nederlandse Antillen, Aruba;2008;3635;3577;58
5545;Totaal mannen en vrouwen;60 tot 65 jaar;(voormalige) Nederlandse Antillen, Aruba;2009;3920;3850;70
5546;Totaal mannen en vrouwen;60 tot 65 jaar;(voormalige) Nederlandse Antillen, Aruba;2010;4172;4092;80
5547;Totaal mannen en vrouwen;60 tot 65 jaar;(voormalige) Nederlandse Antillen, Aruba;2011;4414;4312;102
5548;Totaal mannen en vrouwen;60 tot 65 jaar;(voormalige) Nederlandse Antillen, Aruba;2012;4696;4581;115
5549;Totaal mannen en vrouwen;60 tot 65 jaar;(voormalige) Nederlandse Antillen, Aruba;2013;4908;4778;130
5550;Totaal mannen en vrouwen;60 tot 65 jaar;(voormalige) Nederlandse Antillen, Aruba;2014;5206;5065;141
5551;Totaal mannen en vrouwen;60 tot 65 jaar;(voormalige) Nederlandse Antillen, Aruba;2015;5446;5296;150
5552;Totaal mannen en vrouwen;60 tot 65 jaar;(voormalige) Nederlandse Antillen, Aruba;2016;5733;5571;162
5553;Totaal mannen en vrouwen;60 tot 65 jaar;(voormalige) Nederlandse Antillen, Aruba;2017;6029;5839;190
5554;Totaal mannen en vrouwen;60 tot 65 jaar;(voormalige) Nederlandse Antillen, Aruba;2018;6382;6146;236
5555;Totaal mannen en vrouwen;60 tot 65 jaar;(voormalige) Nederlandse Antillen, Aruba;2019;6745;6456;289
5556;Totaal mannen en vrouwen;60 tot 65 jaar;(voormalige) Nederlandse Antillen, Aruba;2020;7048;6707;341
5557;Totaal mannen en vrouwen;60 tot 65 jaar;(voormalige) Nederlandse Antillen, Aruba;2021;7397;6992;405
5558;Totaal mannen en vrouwen;60 tot 65 jaar;(voormalige) Nederlandse Antillen, Aruba;2022;7762;7300;462
5559;Totaal mannen en vrouwen;60 tot 65 jaar;Suriname;1972;754;692;62
5560;Totaal mannen en vrouwen;60 tot 65 jaar;Suriname;1973;849;789;60
5561;Totaal mannen en vrouwen;60 tot 65 jaar;Suriname;1974;1021;966;55
5562;Totaal mannen en vrouwen;60 tot 65 jaar;Suriname;1975;1269;1198;71
5563;Totaal mannen en vrouwen;60 tot 65 jaar;Suriname;1976;1821;1734;87
5564;Totaal mannen en vrouwen;60 tot 65 jaar;Suriname;1977;1844;1748;96
5565;Totaal mannen en vrouwen;60 tot 65 jaar;Suriname;1978;1943;1832;111
5566;Totaal mannen en vrouwen;60 tot 65 jaar;Suriname;1979;2030;1929;101
5567;Totaal mannen en vrouwen;60 tot 65 jaar;Suriname;1980;2220;2124;96
5568;Totaal mannen en vrouwen;60 tot 65 jaar;Suriname;1981;2456;2355;101
5569;Totaal mannen en vrouwen;60 tot 65 jaar;Suriname;1982;2565;2458;107
5570;Totaal mannen en vrouwen;60 tot 65 jaar;Suriname;1983;2666;2550;116
5571;Totaal mannen en vrouwen;60 tot 65 jaar;Suriname;1984;2891;2760;131
5572;Totaal mannen en vrouwen;60 tot 65 jaar;Suriname;1985;3045;2901;144
5573;Totaal mannen en vrouwen;60 tot 65 jaar;Suriname;1986;3274;3130;144
5574;Totaal mannen en vrouwen;60 tot 65 jaar;Suriname;1987;3442;3279;163
5575;Totaal mannen en vrouwen;60 tot 65 jaar;Suriname;1988;3605;3448;157
5576;Totaal mannen en vrouwen;60 tot 65 jaar;Suriname;1989;3711;3549;162
5577;Totaal mannen en vrouwen;60 tot 65 jaar;Suriname;1990;3844;3671;173
5578;Totaal mannen en vrouwen;60 tot 65 jaar;Suriname;1991;4063;3882;181
5579;Totaal mannen en vrouwen;60 tot 65 jaar;Suriname;1992;4242;4060;182
5580;Totaal mannen en vrouwen;60 tot 65 jaar;Suriname;1993;4540;4335;205
5581;Totaal mannen en vrouwen;60 tot 65 jaar;Suriname;1994;4813;4602;211
5582;Totaal mannen en vrouwen;60 tot 65 jaar;Suriname;1995;4988;4749;239
5583;Totaal mannen en vrouwen;60 tot 65 jaar;Suriname;1996;5334;5071;263
5584;Totaal mannen en vrouwen;60 tot 65 jaar;Suriname;1997;5586;5322;264
5585;Totaal mannen en vrouwen;60 tot 65 jaar;Suriname;1998;5901;5627;274
5586;Totaal mannen en vrouwen;60 tot 65 jaar;Suriname;1999;6236;5940;296
5587;Totaal mannen en vrouwen;60 tot 65 jaar;Suriname;2000;6642;6333;309
5588;Totaal mannen en vrouwen;60 tot 65 jaar;Suriname;2001;6970;6668;302
5589;Totaal mannen en vrouwen;60 tot 65 jaar;Suriname;2002;7418;7104;314
5590;Totaal mannen en vrouwen;60 tot 65 jaar;Suriname;2003;7850;7540;310
5591;Totaal mannen en vrouwen;60 tot 65 jaar;Suriname;2004;8250;7937;313
5592;Totaal mannen en vrouwen;60 tot 65 jaar;Suriname;2005;8680;8366;314
5593;Totaal mannen en vrouwen;60 tot 65 jaar;Suriname;2006;9410;9084;326
5594;Totaal mannen en vrouwen;60 tot 65 jaar;Suriname;2007;10132;9758;374
5595;Totaal mannen en vrouwen;60 tot 65 jaar;Suriname;2008;10821;10408;413
5596;Totaal mannen en vrouwen;60 tot 65 jaar;Suriname;2009;11728;11272;456
5597;Totaal mannen en vrouwen;60 tot 65 jaar;Suriname;2010;12620;12133;487
5598;Totaal mannen en vrouwen;60 tot 65 jaar;Suriname;2011;13296;12754;542
5599;Totaal mannen en vrouwen;60 tot 65 jaar;Suriname;2012;14286;13721;565
5600;Totaal mannen en vrouwen;60 tot 65 jaar;Suriname;2013;15407;14839;568
5601;Totaal mannen en vrouwen;60 tot 65 jaar;Suriname;2014;16811;16206;605
5602;Totaal mannen en vrouwen;60 tot 65 jaar;Suriname;2015;18164;17527;637
5603;Totaal mannen en vrouwen;60 tot 65 jaar;Suriname;2016;19355;18681;674
5604;Totaal mannen en vrouwen;60 tot 65 jaar;Suriname;2017;20420;19709;711
5605;Totaal mannen en vrouwen;60 tot 65 jaar;Suriname;2018;21560;20733;827
5606;Totaal mannen en vrouwen;60 tot 65 jaar;Suriname;2019;22473;21571;902
5607;Totaal mannen en vrouwen;60 tot 65 jaar;Suriname;2020;23534;22522;1012
5608;Totaal mannen en vrouwen;60 tot 65 jaar;Suriname;2021;24348;23255;1093
5609;Totaal mannen en vrouwen;60 tot 65 jaar;Suriname;2022;25282;24045;1237
5610;Totaal mannen en vrouwen;60 tot 65 jaar;Turkije;1972;16;12;4
5611;Totaal mannen en vrouwen;60 tot 65 jaar;Turkije;1973;19;15;4
5612;Totaal mannen en vrouwen;60 tot 65 jaar;Turkije;1974;26;19;7
5613;Totaal mannen en vrouwen;60 tot 65 jaar;Turkije;1975;31;24;7
5614;Totaal mannen en vrouwen;60 tot 65 jaar;Turkije;1976;39;32;7
5615;Totaal mannen en vrouwen;60 tot 65 jaar;Turkije;1977;44;39;5
5616;Totaal mannen en vrouwen;60 tot 65 jaar;Turkije;1978;81;76;5
5617;Totaal mannen en vrouwen;60 tot 65 jaar;Turkije;1979;114;112;2
5618;Totaal mannen en vrouwen;60 tot 65 jaar;Turkije;1980;156;150;6
5619;Totaal mannen en vrouwen;60 tot 65 jaar;Turkije;1981;199;193;6
5620;Totaal mannen en vrouwen;60 tot 65 jaar;Turkije;1982;227;223;4
5621;Totaal mannen en vrouwen;60 tot 65 jaar;Turkije;1983;349;343;6
5622;Totaal mannen en vrouwen;60 tot 65 jaar;Turkije;1984;440;430;10
5623;Totaal mannen en vrouwen;60 tot 65 jaar;Turkije;1985;512;504;8
5624;Totaal mannen en vrouwen;60 tot 65 jaar;Turkije;1986;614;606;8
5625;Totaal mannen en vrouwen;60 tot 65 jaar;Turkije;1987;730;721;9
5626;Totaal mannen en vrouwen;60 tot 65 jaar;Turkije;1988;940;933;7
5627;Totaal mannen en vrouwen;60 tot 65 jaar;Turkije;1989;1083;1076;7
5628;Totaal mannen en vrouwen;60 tot 65 jaar;Turkije;1990;1301;1293;8
5629;Totaal mannen en vrouwen;60 tot 65 jaar;Turkije;1991;1568;1559;9
5630;Totaal mannen en vrouwen;60 tot 65 jaar;Turkije;1992;1831;1822;9
5631;Totaal mannen en vrouwen;60 tot 65 jaar;Turkije;1993;2360;2347;13
5632;Totaal mannen en vrouwen;60 tot 65 jaar;Turkije;1994;3112;3102;10
5633;Totaal mannen en vrouwen;60 tot 65 jaar;Turkije;1995;3534;3526;8
5634;Totaal mannen en vrouwen;60 tot 65 jaar;Turkije;1996;4020;4009;11
5635;Totaal mannen en vrouwen;60 tot 65 jaar;Turkije;1997;4680;4670;10
5636;Totaal mannen en vrouwen;60 tot 65 jaar;Turkije;1998;5461;5454;7
5637;Totaal mannen en vrouwen;60 tot 65 jaar;Turkije;1999;6151;6144;7
5638;Totaal mannen en vrouwen;60 tot 65 jaar;Turkije;2000;6996;6987;9
5639;Totaal mannen en vrouwen;60 tot 65 jaar;Turkije;2001;8316;8310;6
5640;Totaal mannen en vrouwen;60 tot 65 jaar;Turkije;2002;8965;8958;7
5641;Totaal mannen en vrouwen;60 tot 65 jaar;Turkije;2003;9530;9521;9
5642;Totaal mannen en vrouwen;60 tot 65 jaar;Turkije;2004;9458;9448;10
5643;Totaal mannen en vrouwen;60 tot 65 jaar;Turkije;2005;9421;9412;9
5644;Totaal mannen en vrouwen;60 tot 65 jaar;Turkije;2006;9130;9120;10
5645;Totaal mannen en vrouwen;60 tot 65 jaar;Turkije;2007;8947;8934;13
5646;Totaal mannen en vrouwen;60 tot 65 jaar;Turkije;2008;8671;8657;14
5647;Totaal mannen en vrouwen;60 tot 65 jaar;Turkije;2009;8851;8836;15
5648;Totaal mannen en vrouwen;60 tot 65 jaar;Turkije;2010;9055;9039;16
5649;Totaal mannen en vrouwen;60 tot 65 jaar;Turkije;2011;9389;9371;18
5650;Totaal mannen en vrouwen;60 tot 65 jaar;Turkije;2012;9173;9152;21
5651;Totaal mannen en vrouwen;60 tot 65 jaar;Turkije;2013;9174;9155;19
5652;Totaal mannen en vrouwen;60 tot 65 jaar;Turkije;2014;8916;8897;19
5653;Totaal mannen en vrouwen;60 tot 65 jaar;Turkije;2015;8763;8744;19
5654;Totaal mannen en vrouwen;60 tot 65 jaar;Turkije;2016;8627;8606;21
5655;Totaal mannen en vrouwen;60 tot 65 jaar;Turkije;2017;9665;9651;14
5656;Totaal mannen en vrouwen;60 tot 65 jaar;Turkije;2018;9933;9918;15
5657;Totaal mannen en vrouwen;60 tot 65 jaar;Turkije;2019;10700;10684;16
5658;Totaal mannen en vrouwen;60 tot 65 jaar;Turkije;2020;11853;11837;16
5659;Totaal mannen en vrouwen;60 tot 65 jaar;Turkije;2021;14069;14052;17
5660;Totaal mannen en vrouwen;60 tot 65 jaar;Turkije;2022;15071;15053;18
5661;Totaal mannen en vrouwen;60 tot 65 jaar;Overige niet-westerse migratieachterg...;1972;581;515;66
5662;Totaal mannen en vrouwen;60 tot 65 jaar;Overige niet-westerse migratieachterg...;1973;552;485;67
5663;Totaal mannen en vrouwen;60 tot 65 jaar;Overige niet-westerse migratieachterg...;1974;572;504;68
5664;Totaal mannen en vrouwen;60 tot 65 jaar;Overige niet-westerse migratieachterg...;1975;541;479;62
5665;Totaal mannen en vrouwen;60 tot 65 jaar;Overige niet-westerse migratieachterg...;1976;522;457;65
5666;Totaal mannen en vrouwen;60 tot 65 jaar;Overige niet-westerse migratieachterg...;1977;512;443;69
5667;Totaal mannen en vrouwen;60 tot 65 jaar;Overige niet-westerse migratieachterg...;1978;541;455;86
5668;Totaal mannen en vrouwen;60 tot 65 jaar;Overige niet-westerse migratieachterg...;1979;539;440;99
5669;Totaal mannen en vrouwen;60 tot 65 jaar;Overige niet-westerse migratieachterg...;1980;572;461;111
5670;Totaal mannen en vrouwen;60 tot 65 jaar;Overige niet-westerse migratieachterg...;1981;613;486;127
5671;Totaal mannen en vrouwen;60 tot 65 jaar;Overige niet-westerse migratieachterg...;1982;669;528;141
5672;Totaal mannen en vrouwen;60 tot 65 jaar;Overige niet-westerse migratieachterg...;1983;715;555;160
5673;Totaal mannen en vrouwen;60 tot 65 jaar;Overige niet-westerse migratieachterg...;1984;824;644;180
5674;Totaal mannen en vrouwen;60 tot 65 jaar;Overige niet-westerse migratieachterg...;1985;925;709;216
5675;Totaal mannen en vrouwen;60 tot 65 jaar;Overige niet-westerse migratieachterg...;1986;1057;821;236
5676;Totaal mannen en vrouwen;60 tot 65 jaar;Overige niet-westerse migratieachterg...;1987;1153;908;245
5677;Totaal mannen en vrouwen;60 tot 65 jaar;Overige niet-westerse migratieachterg...;1988;1291;1022;269
5678;Totaal mannen en vrouwen;60 tot 65 jaar;Overige niet-westerse migratieachterg...;1989;1411;1135;276
5679;Totaal mannen en vrouwen;60 tot 65 jaar;Overige niet-westerse migratieachterg...;1990;1561;1286;275
5680;Totaal mannen en vrouwen;60 tot 65 jaar;Overige niet-westerse migratieachterg...;1991;1814;1531;283
5681;Totaal mannen en vrouwen;60 tot 65 jaar;Overige niet-westerse migratieachterg...;1992;2065;1779;286
5682;Totaal mannen en vrouwen;60 tot 65 jaar;Overige niet-westerse migratieachterg...;1993;2337;2074;263
5683;Totaal mannen en vrouwen;60 tot 65 jaar;Overige niet-westerse migratieachterg...;1994;2585;2329;256
5684;Totaal mannen en vrouwen;60 tot 65 jaar;Overige niet-westerse migratieachterg...;1995;2858;2593;265
5685;Totaal mannen en vrouwen;60 tot 65 jaar;Overige niet-westerse migratieachterg...;1996;3090;2845;245
5686;Totaal mannen en vrouwen;60 tot 65 jaar;Overige niet-westerse migratieachterg...;1997;3412;3161;251
5687;Totaal mannen en vrouwen;60 tot 65 jaar;Overige niet-westerse migratieachterg...;1998;3787;3529;258
5688;Totaal mannen en vrouwen;60 tot 65 jaar;Overige niet-westerse migratieachterg...;1999;4210;3939;271
5689;Totaal mannen en vrouwen;60 tot 65 jaar;Overige niet-westerse migratieachterg...;2000;4743;4461;282
5690;Totaal mannen en vrouwen;60 tot 65 jaar;Overige niet-westerse migratieachterg...;2001;5283;4988;295
5691;Totaal mannen en vrouwen;60 tot 65 jaar;Overige niet-westerse migratieachterg...;2002;5706;5397;309
5692;Totaal mannen en vrouwen;60 tot 65 jaar;Overige niet-westerse migratieachterg...;2003;6154;5840;314
5693;Totaal mannen en vrouwen;60 tot 65 jaar;Overige niet-westerse migratieachterg...;2004;6623;6285;338
5694;Totaal mannen en vrouwen;60 tot 65 jaar;Overige niet-westerse migratieachterg...;2005;7044;6674;370
5695;Totaal mannen en vrouwen;60 tot 65 jaar;Overige niet-westerse migratieachterg...;2006;7682;7304;378
5696;Totaal mannen en vrouwen;60 tot 65 jaar;Overige niet-westerse migratieachterg...;2007;8704;8251;453
5697;Totaal mannen en vrouwen;60 tot 65 jaar;Overige niet-westerse migratieachterg...;2008;9757;9211;546
5698;Totaal mannen en vrouwen;60 tot 65 jaar;Overige niet-westerse migratieachterg...;2009;11069;10465;604
5699;Totaal mannen en vrouwen;60 tot 65 jaar;Overige niet-westerse migratieachterg...;2010;12313;11682;631
5700;Totaal mannen en vrouwen;60 tot 65 jaar;Overige niet-westerse migratieachterg...;2011;14067;13390;677
5701;Totaal mannen en vrouwen;60 tot 65 jaar;Overige niet-westerse migratieachterg...;2012;15497;14834;663
5702;Totaal mannen en vrouwen;60 tot 65 jaar;Overige niet-westerse migratieachterg...;2013;17205;16544;661
5703;Totaal mannen en vrouwen;60 tot 65 jaar;Overige niet-westerse migratieachterg...;2014;18859;18210;649
5704;Totaal mannen en vrouwen;60 tot 65 jaar;Overige niet-westerse migratieachterg...;2015;21147;20486;661
5705;Totaal mannen en vrouwen;60 tot 65 jaar;Overige niet-westerse migratieachterg...;2016;23019;22358;661
5706;Totaal mannen en vrouwen;60 tot 65 jaar;Overige niet-westerse migratieachterg...;2017;25757;25072;685
5707;Totaal mannen en vrouwen;60 tot 65 jaar;Overige niet-westerse migratieachterg...;2018;28223;27520;703
5708;Totaal mannen en vrouwen;60 tot 65 jaar;Overige niet-westerse migratieachterg...;2019;30731;30005;726
5709;Totaal mannen en vrouwen;60 tot 65 jaar;Overige niet-westerse migratieachterg...;2020;32932;32178;754
5710;Totaal mannen en vrouwen;60 tot 65 jaar;Overige niet-westerse migratieachterg...;2021;35866;35051;815
5711;Totaal mannen en vrouwen;60 tot 65 jaar;Overige niet-westerse migratieachterg...;2022;37688;36834;854
5712;Totaal mannen en vrouwen;65 tot 70 jaar;Met migratieachtergrond;1972;30767;22617;8150
5713;Totaal mannen en vrouwen;65 tot 70 jaar;Met migratieachtergrond;1973;31980;23852;8128
5714;Totaal mannen en vrouwen;65 tot 70 jaar;Met migratieachtergrond;1974;34189;25572;8617
5715;Totaal mannen en vrouwen;65 tot 70 jaar;Met migratieachtergrond;1975;36184;27478;8706
5716;Totaal mannen en vrouwen;65 tot 70 jaar;Met migratieachtergrond;1976;38082;29111;8971
5717;Totaal mannen en vrouwen;65 tot 70 jaar;Met migratieachtergrond;1977;39436;30362;9074
5718;Totaal mannen en vrouwen;65 tot 70 jaar;Met migratieachtergrond;1978;40992;31629;9363
5719;Totaal mannen en vrouwen;65 tot 70 jaar;Met migratieachtergrond;1979;42243;32572;9671
5720;Totaal mannen en vrouwen;65 tot 70 jaar;Met migratieachtergrond;1980;43009;32845;10164
5721;Totaal mannen en vrouwen;65 tot 70 jaar;Met migratieachtergrond;1981;42776;32196;10580
5722;Totaal mannen en vrouwen;65 tot 70 jaar;Met migratieachtergrond;1982;41404;30114;11290
5723;Totaal mannen en vrouwen;65 tot 70 jaar;Met migratieachtergrond;1983;39588;27390;12198
5724;Totaal mannen en vrouwen;65 tot 70 jaar;Met migratieachtergrond;1984;37640;24972;12668
5725;Totaal mannen en vrouwen;65 tot 70 jaar;Met migratieachtergrond;1985;36593;23182;13411
5726;Totaal mannen en vrouwen;65 tot 70 jaar;Met migratieachtergrond;1986;38546;23692;14854
5727;Totaal mannen en vrouwen;65 tot 70 jaar;Met migratieachtergrond;1987;41873;25553;16320
5728;Totaal mannen en vrouwen;65 tot 70 jaar;Met migratieachtergrond;1988;45618;28188;17430
5729;Totaal mannen en vrouwen;65 tot 70 jaar;Met migratieachtergrond;1989;49840;30942;18898
5730;Totaal mannen en vrouwen;65 tot 70 jaar;Met migratieachtergrond;1990;53458;33153;20305
5731;Totaal mannen en vrouwen;65 tot 70 jaar;Met migratieachtergrond;1991;55319;34016;21303
5732;Totaal mannen en vrouwen;65 tot 70 jaar;Met migratieachtergrond;1992;56838;34485;22353
5733;Totaal mannen en vrouwen;65 tot 70 jaar;Met migratieachtergrond;1993;57941;34103;23838
5734;Totaal mannen en vrouwen;65 tot 70 jaar;Met migratieachtergrond;1994;59418;33825;25593
5735;Totaal mannen en vrouwen;65 tot 70 jaar;Met migratieachtergrond;1995;61053;33941;27112
5736;Totaal mannen en vrouwen;65 tot 70 jaar;Met migratieachtergrond;1996;63586;34608;28978
5737;Totaal mannen en vrouwen;65 tot 70 jaar;Met migratieachtergrond;1997;65438;34613;30825
5738;Totaal mannen en vrouwen;65 tot 70 jaar;Met migratieachtergrond;1998;68551;35743;32808
5739;Totaal mannen en vrouwen;65 tot 70 jaar;Met migratieachtergrond;1999;71587;37140;34447
5740;Totaal mannen en vrouwen;65 tot 70 jaar;Met migratieachtergrond;2000;75333;38947;36386
5741;Totaal mannen en vrouwen;65 tot 70 jaar;Met migratieachtergrond;2001;78992;40958;38034
5742;Totaal mannen en vrouwen;65 tot 70 jaar;Met migratieachtergrond;2002;84056;44382;39674
5743;Totaal mannen en vrouwen;65 tot 70 jaar;Met migratieachtergrond;2003;88279;47405;40874
5744;Totaal mannen en vrouwen;65 tot 70 jaar;Met migratieachtergrond;2004;93582;51191;42391
5745;Totaal mannen en vrouwen;65 tot 70 jaar;Met migratieachtergrond;2005;98442;54988;43454
5746;Totaal mannen en vrouwen;65 tot 70 jaar;Met migratieachtergrond;2006;104310;59858;44452
5747;Totaal mannen en vrouwen;65 tot 70 jaar;Met migratieachtergrond;2007;106951;62409;44542
5748;Totaal mannen en vrouwen;65 tot 70 jaar;Met migratieachtergrond;2008;110305;65671;44634
5749;Totaal mannen en vrouwen;65 tot 70 jaar;Met migratieachtergrond;2009;110377;65705;44672
5750;Totaal mannen en vrouwen;65 tot 70 jaar;Met migratieachtergrond;2010;111152;66482;44670
5751;Totaal mannen en vrouwen;65 tot 70 jaar;Met migratieachtergrond;2011;110412;66294;44118
5752;Totaal mannen en vrouwen;65 tot 70 jaar;Met migratieachtergrond;2012;116974;68838;48136
5753;Totaal mannen en vrouwen;65 tot 70 jaar;Met migratieachtergrond;2013;124310;72685;51625
5754;Totaal mannen en vrouwen;65 tot 70 jaar;Met migratieachtergrond;2014;133262;79751;53511
5755;Totaal mannen en vrouwen;65 tot 70 jaar;Met migratieachtergrond;2015;140724;86027;54697
5756;Totaal mannen en vrouwen;65 tot 70 jaar;Met migratieachtergrond;2016;148864;92721;56143
5757;Totaal mannen en vrouwen;65 tot 70 jaar;Met migratieachtergrond;2017;150665;95993;54672
5758;Totaal mannen en vrouwen;65 tot 70 jaar;Met migratieachtergrond;2018;152016;98160;53856
5759;Totaal mannen en vrouwen;65 tot 70 jaar;Met migratieachtergrond;2019;153319;99822;53497
5760;Totaal mannen en vrouwen;65 tot 70 jaar;Met migratieachtergrond;2020;156160;102402;53758
5761;Totaal mannen en vrouwen;65 tot 70 jaar;Met migratieachtergrond;2021;158206;104098;54108
5762;Totaal mannen en vrouwen;65 tot 70 jaar;Met migratieachtergrond;2022;162624;109030;53594
5763;Totaal mannen en vrouwen;65 tot 70 jaar;Westerse migratieachtergrond;1972;29526;21444;8082
5764;Totaal mannen en vrouwen;65 tot 70 jaar;Westerse migratieachtergrond;1973;30624;22578;8046
5765;Totaal mannen en vrouwen;65 tot 70 jaar;Westerse migratieachtergrond;1974;32732;24233;8499
5766;Totaal mannen en vrouwen;65 tot 70 jaar;Westerse migratieachtergrond;1975;34530;25943;8587
5767;Totaal mannen en vrouwen;65 tot 70 jaar;Westerse migratieachtergrond;1976;36014;27170;8844
5768;Totaal mannen en vrouwen;65 tot 70 jaar;Westerse migratieachtergrond;1977;37263;28338;8925
5769;Totaal mannen en vrouwen;65 tot 70 jaar;Westerse migratieachtergrond;1978;38716;29499;9217
5770;Totaal mannen en vrouwen;65 tot 70 jaar;Westerse migratieachtergrond;1979;39796;30270;9526
5771;Totaal mannen en vrouwen;65 tot 70 jaar;Westerse migratieachtergrond;1980;40437;30428;10009
5772;Totaal mannen en vrouwen;65 tot 70 jaar;Westerse migratieachtergrond;1981;40062;29658;10404
5773;Totaal mannen en vrouwen;65 tot 70 jaar;Westerse migratieachtergrond;1982;38609;27501;11108
5774;Totaal mannen en vrouwen;65 tot 70 jaar;Westerse migratieachtergrond;1983;36621;24638;11983
5775;Totaal mannen en vrouwen;65 tot 70 jaar;Westerse migratieachtergrond;1984;34556;22104;12452
5776;Totaal mannen en vrouwen;65 tot 70 jaar;Westerse migratieachtergrond;1985;33314;20136;13178
5777;Totaal mannen en vrouwen;65 tot 70 jaar;Westerse migratieachtergrond;1986;35045;20441;14604
5778;Totaal mannen en vrouwen;65 tot 70 jaar;Westerse migratieachtergrond;1987;38084;22041;16043
5779;Totaal mannen en vrouwen;65 tot 70 jaar;Westerse migratieachtergrond;1988;41369;24247;17122
5780;Totaal mannen en vrouwen;65 tot 70 jaar;Westerse migratieachtergrond;1989;45125;26568;18557
5781;Totaal mannen en vrouwen;65 tot 70 jaar;Westerse migratieachtergrond;1990;48290;28374;19916
5782;Totaal mannen en vrouwen;65 tot 70 jaar;Westerse migratieachtergrond;1991;49540;28645;20895
5783;Totaal mannen en vrouwen;65 tot 70 jaar;Westerse migratieachtergrond;1992;50493;28572;21921
5784;Totaal mannen en vrouwen;65 tot 70 jaar;Westerse migratieachtergrond;1993;51058;27669;23389
5785;Totaal mannen en vrouwen;65 tot 70 jaar;Westerse migratieachtergrond;1994;51944;26812;25132
5786;Totaal mannen en vrouwen;65 tot 70 jaar;Westerse migratieachtergrond;1995;52883;26270;26613
5787;Totaal mannen en vrouwen;65 tot 70 jaar;Westerse migratieachtergrond;1996;54456;25990;28466
5788;Totaal mannen en vrouwen;65 tot 70 jaar;Westerse migratieachtergrond;1997;55642;25334;30308
5789;Totaal mannen en vrouwen;65 tot 70 jaar;Westerse migratieachtergrond;1998;57453;25162;32291
5790;Totaal mannen en vrouwen;65 tot 70 jaar;Westerse migratieachtergrond;1999;58984;25054;33930
5791;Totaal mannen en vrouwen;65 tot 70 jaar;Westerse migratieachtergrond;2000;61066;25206;35860
5792;Totaal mannen en vrouwen;65 tot 70 jaar;Westerse migratieachtergrond;2001;63066;25559;37507
5793;Totaal mannen en vrouwen;65 tot 70 jaar;Westerse migratieachtergrond;2002;65851;26714;39137
5794;Totaal mannen en vrouwen;65 tot 70 jaar;Westerse migratieachtergrond;2003;67972;27653;40319
5795;Totaal mannen en vrouwen;65 tot 70 jaar;Westerse migratieachtergrond;2004;70974;29162;41812
5796;Totaal mannen en vrouwen;65 tot 70 jaar;Westerse migratieachtergrond;2005;73685;30836;42849
5797;Totaal mannen en vrouwen;65 tot 70 jaar;Westerse migratieachtergrond;2006;76501;32668;43833
5798;Totaal mannen en vrouwen;65 tot 70 jaar;Westerse migratieachtergrond;2007;77889;33971;43918
5799;Totaal mannen en vrouwen;65 tot 70 jaar;Westerse migratieachtergrond;2008;79212;35208;44004
5800;Totaal mannen en vrouwen;65 tot 70 jaar;Westerse migratieachtergrond;2009;78412;34390;44022
5801;Totaal mannen en vrouwen;65 tot 70 jaar;Westerse migratieachtergrond;2010;77720;33740;43980
5802;Totaal mannen en vrouwen;65 tot 70 jaar;Westerse migratieachtergrond;2011;76186;32774;43412
5803;Totaal mannen en vrouwen;65 tot 70 jaar;Westerse migratieachtergrond;2012;80681;33378;47303
5804;Totaal mannen en vrouwen;65 tot 70 jaar;Westerse migratieachtergrond;2013;86700;36048;50652
5805;Totaal mannen en vrouwen;65 tot 70 jaar;Westerse migratieachtergrond;2014;92920;40495;52425
5806;Totaal mannen en vrouwen;65 tot 70 jaar;Westerse migratieachtergrond;2015;98255;44714;53541
5807;Totaal mannen en vrouwen;65 tot 70 jaar;Westerse migratieachtergrond;2016;103105;48235;54870
5808;Totaal mannen en vrouwen;65 tot 70 jaar;Westerse migratieachtergrond;2017;102394;49010;53384
5809;Totaal mannen en vrouwen;65 tot 70 jaar;Westerse migratieachtergrond;2018;100178;47626;52552
5810;Totaal mannen en vrouwen;65 tot 70 jaar;Westerse migratieachtergrond;2019;98195;46022;52173
5811;Totaal mannen en vrouwen;65 tot 70 jaar;Westerse migratieachtergrond;2020;96579;44208;52371
5812;Totaal mannen en vrouwen;65 tot 70 jaar;Westerse migratieachtergrond;2021;95296;42624;52672
5813;Totaal mannen en vrouwen;65 tot 70 jaar;Westerse migratieachtergrond;2022;94408;42329;52079
5814;Totaal mannen en vrouwen;65 tot 70 jaar;Niet-westerse migratieachtergrond;1972;1241;1173;68
5815;Totaal mannen en vrouwen;65 tot 70 jaar;Niet-westerse migratieachtergrond;1973;1356;1274;82
5816;Totaal mannen en vrouwen;65 tot 70 jaar;Niet-westerse migratieachtergrond;1974;1457;1339;118
5817;Totaal mannen en vrouwen;65 tot 70 jaar;Niet-westerse migratieachtergrond;1975;1654;1535;119
5818;Totaal mannen en vrouwen;65 tot 70 jaar;Niet-westerse migratieachtergrond;1976;2068;1941;127
5819;Totaal mannen en vrouwen;65 tot 70 jaar;Niet-westerse migratieachtergrond;1977;2173;2024;149
5820;Totaal mannen en vrouwen;65 tot 70 jaar;Niet-westerse migratieachtergrond;1978;2276;2130;146
5821;Totaal mannen en vrouwen;65 tot 70 jaar;Niet-westerse migratieachtergrond;1979;2447;2302;145
5822;Totaal mannen en vrouwen;65 tot 70 jaar;Niet-westerse migratieachtergrond;1980;2572;2417;155
5823;Totaal mannen en vrouwen;65 tot 70 jaar;Niet-westerse migratieachtergrond;1981;2714;2538;176
5824;Totaal mannen en vrouwen;65 tot 70 jaar;Niet-westerse migratieachtergrond;1982;2795;2613;182
5825;Totaal mannen en vrouwen;65 tot 70 jaar;Niet-westerse migratieachtergrond;1983;2967;2752;215
5826;Totaal mannen en vrouwen;65 tot 70 jaar;Niet-westerse migratieachtergrond;1984;3084;2868;216
5827;Totaal mannen en vrouwen;65 tot 70 jaar;Niet-westerse migratieachtergrond;1985;3279;3046;233
5828;Totaal mannen en vrouwen;65 tot 70 jaar;Niet-westerse migratieachtergrond;1986;3501;3251;250
5829;Totaal mannen en vrouwen;65 tot 70 jaar;Niet-westerse migratieachtergrond;1987;3789;3512;277
5830;Totaal mannen en vrouwen;65 tot 70 jaar;Niet-westerse migratieachtergrond;1988;4249;3941;308
5831;Totaal mannen en vrouwen;65 tot 70 jaar;Niet-westerse migratieachtergrond;1989;4715;4374;341
5832;Totaal mannen en vrouwen;65 tot 70 jaar;Niet-westerse migratieachtergrond;1990;5168;4779;389
5833;Totaal mannen en vrouwen;65 tot 70 jaar;Niet-westerse migratieachtergrond;1991;5779;5371;408
5834;Totaal mannen en vrouwen;65 tot 70 jaar;Niet-westerse migratieachtergrond;1992;6345;5913;432
5835;Totaal mannen en vrouwen;65 tot 70 jaar;Niet-westerse migratieachtergrond;1993;6883;6434;449
5836;Totaal mannen en vrouwen;65 tot 70 jaar;Niet-westerse migratieachtergrond;1994;7474;7013;461
5837;Totaal mannen en vrouwen;65 tot 70 jaar;Niet-westerse migratieachtergrond;1995;8170;7671;499
5838;Totaal mannen en vrouwen;65 tot 70 jaar;Niet-westerse migratieachtergrond;1996;9130;8618;512
5839;Totaal mannen en vrouwen;65 tot 70 jaar;Niet-westerse migratieachtergrond;1997;9796;9279;517
5840;Totaal mannen en vrouwen;65 tot 70 jaar;Niet-westerse migratieachtergrond;1998;11098;10581;517
5841;Totaal mannen en vrouwen;65 tot 70 jaar;Niet-westerse migratieachtergrond;1999;12603;12086;517
5842;Totaal mannen en vrouwen;65 tot 70 jaar;Niet-westerse migratieachtergrond;2000;14267;13741;526
5843;Totaal mannen en vrouwen;65 tot 70 jaar;Niet-westerse migratieachtergrond;2001;15926;15399;527
5844;Totaal mannen en vrouwen;65 tot 70 jaar;Niet-westerse migratieachtergrond;2002;18205;17668;537
5845;Totaal mannen en vrouwen;65 tot 70 jaar;Niet-westerse migratieachtergrond;2003;20307;19752;555
5846;Totaal mannen en vrouwen;65 tot 70 jaar;Niet-westerse migratieachtergrond;2004;22608;22029;579
5847;Totaal mannen en vrouwen;65 tot 70 jaar;Niet-westerse migratieachtergrond;2005;24757;24152;605
5848;Totaal mannen en vrouwen;65 tot 70 jaar;Niet-westerse migratieachtergrond;2006;27809;27190;619
5849;Totaal mannen en vrouwen;65 tot 70 jaar;Niet-westerse migratieachtergrond;2007;29062;28438;624
5850;Totaal mannen en vrouwen;65 tot 70 jaar;Niet-westerse migratieachtergrond;2008;31093;30463;630
5851;Totaal mannen en vrouwen;65 tot 70 jaar;Niet-westerse migratieachtergrond;2009;31965;31315;650
5852;Totaal mannen en vrouwen;65 tot 70 jaar;Niet-westerse migratieachtergrond;2010;33432;32742;690
5853;Totaal mannen en vrouwen;65 tot 70 jaar;Niet-westerse migratieachtergrond;2011;34226;33520;706
5854;Totaal mannen en vrouwen;65 tot 70 jaar;Niet-westerse migratieachtergrond;2012;36293;35460;833
5855;Totaal mannen en vrouwen;65 tot 70 jaar;Niet-westerse migratieachtergrond;2013;37610;36637;973
5856;Totaal mannen en vrouwen;65 tot 70 jaar;Niet-westerse migratieachtergrond;2014;40342;39256;1086
5857;Totaal mannen en vrouwen;65 tot 70 jaar;Niet-westerse migratieachtergrond;2015;42469;41313;1156
5858;Totaal mannen en vrouwen;65 tot 70 jaar;Niet-westerse migratieachtergrond;2016;45759;44486;1273
5859;Totaal mannen en vrouwen;65 tot 70 jaar;Niet-westerse migratieachtergrond;2017;48271;46983;1288
5860;Totaal mannen en vrouwen;65 tot 70 jaar;Niet-westerse migratieachtergrond;2018;51838;50534;1304
5861;Totaal mannen en vrouwen;65 tot 70 jaar;Niet-westerse migratieachtergrond;2019;55124;53800;1324
5862;Totaal mannen en vrouwen;65 tot 70 jaar;Niet-westerse migratieachtergrond;2020;59581;58194;1387
5863;Totaal mannen en vrouwen;65 tot 70 jaar;Niet-westerse migratieachtergrond;2021;62910;61474;1436
5864;Totaal mannen en vrouwen;65 tot 70 jaar;Niet-westerse migratieachtergrond;2022;68216;66701;1515
5865;Totaal mannen en vrouwen;65 tot 70 jaar;Marokko;1972;2;2;0
5866;Totaal mannen en vrouwen;65 tot 70 jaar;Marokko;1973;8;8;0
5867;Totaal mannen en vrouwen;65 tot 70 jaar;Marokko;1974;10;10;0
5868;Totaal mannen en vrouwen;65 tot 70 jaar;Marokko;1975;14;14;0
5869;Totaal mannen en vrouwen;65 tot 70 jaar;Marokko;1976;17;17;0
5870;Totaal mannen en vrouwen;65 tot 70 jaar;Marokko;1977;23;23;0
5871;Totaal mannen en vrouwen;65 tot 70 jaar;Marokko;1978;31;31;0
5872;Totaal mannen en vrouwen;65 tot 70 jaar;Marokko;1979;43;43;0
5873;Totaal mannen en vrouwen;65 tot 70 jaar;Marokko;1980;53;53;0
5874;Totaal mannen en vrouwen;65 tot 70 jaar;Marokko;1981;62;62;0
5875;Totaal mannen en vrouwen;65 tot 70 jaar;Marokko;1982;69;69;0
5876;Totaal mannen en vrouwen;65 tot 70 jaar;Marokko;1983;106;106;0
5877;Totaal mannen en vrouwen;65 tot 70 jaar;Marokko;1984;113;113;0
5878;Totaal mannen en vrouwen;65 tot 70 jaar;Marokko;1985;129;129;0
5879;Totaal mannen en vrouwen;65 tot 70 jaar;Marokko;1986;140;140;0
5880;Totaal mannen en vrouwen;65 tot 70 jaar;Marokko;1987;147;147;0
5881;Totaal mannen en vrouwen;65 tot 70 jaar;Marokko;1988;186;185;1
5882;Totaal mannen en vrouwen;65 tot 70 jaar;Marokko;1989;246;245;1
5883;Totaal mannen en vrouwen;65 tot 70 jaar;Marokko;1990;303;302;1
5884;Totaal mannen en vrouwen;65 tot 70 jaar;Marokko;1991;394;393;1
5885;Totaal mannen en vrouwen;65 tot 70 jaar;Marokko;1992;501;500;1
5886;Totaal mannen en vrouwen;65 tot 70 jaar;Marokko;1993;654;654;0
5887;Totaal mannen en vrouwen;65 tot 70 jaar;Marokko;1994;749;749;0
5888;Totaal mannen en vrouwen;65 tot 70 jaar;Marokko;1995;883;883;0
5889;Totaal mannen en vrouwen;65 tot 70 jaar;Marokko;1996;1289;1289;0
5890;Totaal mannen en vrouwen;65 tot 70 jaar;Marokko;1997;1392;1392;0
5891;Totaal mannen en vrouwen;65 tot 70 jaar;Marokko;1998;1737;1737;0
5892;Totaal mannen en vrouwen;65 tot 70 jaar;Marokko;1999;2066;2066;0
5893;Totaal mannen en vrouwen;65 tot 70 jaar;Marokko;2000;2637;2637;0
5894;Totaal mannen en vrouwen;65 tot 70 jaar;Marokko;2001;3120;3120;0
5895;Totaal mannen en vrouwen;65 tot 70 jaar;Marokko;2002;4069;4069;0
5896;Totaal mannen en vrouwen;65 tot 70 jaar;Marokko;2003;4713;4713;0
5897;Totaal mannen en vrouwen;65 tot 70 jaar;Marokko;2004;5673;5673;0
5898;Totaal mannen en vrouwen;65 tot 70 jaar;Marokko;2005;6140;6140;0
5899;Totaal mannen en vrouwen;65 tot 70 jaar;Marokko;2006;7303;7302;1
5900;Totaal mannen en vrouwen;65 tot 70 jaar;Marokko;2007;7312;7311;1
5901;Totaal mannen en vrouwen;65 tot 70 jaar;Marokko;2008;7877;7876;1
5902;Totaal mannen en vrouwen;65 tot 70 jaar;Marokko;2009;7763;7762;1
5903;Totaal mannen en vrouwen;65 tot 70 jaar;Marokko;2010;7974;7973;1
5904;Totaal mannen en vrouwen;65 tot 70 jaar;Marokko;2011;7175;7175;0
5905;Totaal mannen en vrouwen;65 tot 70 jaar;Marokko;2012;7280;7280;0
5906;Totaal mannen en vrouwen;65 tot 70 jaar;Marokko;2013;6916;6916;0
5907;Totaal mannen en vrouwen;65 tot 70 jaar;Marokko;2014;7169;7169;0
5908;Totaal mannen en vrouwen;65 tot 70 jaar;Marokko;2015;7087;7087;0
5909;Totaal mannen en vrouwen;65 tot 70 jaar;Marokko;2016;7554;7553;1
5910;Totaal mannen en vrouwen;65 tot 70 jaar;Marokko;2017;7579;7578;1
5911;Totaal mannen en vrouwen;65 tot 70 jaar;Marokko;2018;7979;7977;2
5912;Totaal mannen en vrouwen;65 tot 70 jaar;Marokko;2019;8077;8075;2
5913;Totaal mannen en vrouwen;65 tot 70 jaar;Marokko;2020;8535;8532;3
5914;Totaal mannen en vrouwen;65 tot 70 jaar;Marokko;2021;8533;8531;2
5915;Totaal mannen en vrouwen;65 tot 70 jaar;Marokko;2022;9160;9158;2
5916;Totaal mannen en vrouwen;65 tot 70 jaar;(voormalige) Nederlandse Antillen, Aruba;1972;122;93;29
5917;Totaal mannen en vrouwen;65 tot 70 jaar;(voormalige) Nederlandse Antillen, Aruba;1973;135;100;35
5918;Totaal mannen en vrouwen;65 tot 70 jaar;(voormalige) Nederlandse Antillen, Aruba;1974;146;107;39
5919;Totaal mannen en vrouwen;65 tot 70 jaar;(voormalige) Nederlandse Antillen, Aruba;1975;144;109;35
5920;Totaal mannen en vrouwen;65 tot 70 jaar;(voormalige) Nederlandse Antillen, Aruba;1976;148;119;29
5921;Totaal mannen en vrouwen;65 tot 70 jaar;(voormalige) Nederlandse Antillen, Aruba;1977;162;132;30
5922;Totaal mannen en vrouwen;65 tot 70 jaar;(voormalige) Nederlandse Antillen, Aruba;1978;184;154;30
5923;Totaal mannen en vrouwen;65 tot 70 jaar;(voormalige) Nederlandse Antillen, Aruba;1979;209;181;28
5924;Totaal mannen en vrouwen;65 tot 70 jaar;(voormalige) Nederlandse Antillen, Aruba;1980;223;194;29
5925;Totaal mannen en vrouwen;65 tot 70 jaar;(voormalige) Nederlandse Antillen, Aruba;1981;250;217;33
5926;Totaal mannen en vrouwen;65 tot 70 jaar;(voormalige) Nederlandse Antillen, Aruba;1982;279;250;29
5927;Totaal mannen en vrouwen;65 tot 70 jaar;(voormalige) Nederlandse Antillen, Aruba;1983;295;262;33
5928;Totaal mannen en vrouwen;65 tot 70 jaar;(voormalige) Nederlandse Antillen, Aruba;1984;325;291;34
5929;Totaal mannen en vrouwen;65 tot 70 jaar;(voormalige) Nederlandse Antillen, Aruba;1985;367;327;40
5930;Totaal mannen en vrouwen;65 tot 70 jaar;(voormalige) Nederlandse Antillen, Aruba;1986;437;399;38
5931;Totaal mannen en vrouwen;65 tot 70 jaar;(voormalige) Nederlandse Antillen, Aruba;1987;518;471;47
5932;Totaal mannen en vrouwen;65 tot 70 jaar;(voormalige) Nederlandse Antillen, Aruba;1988;542;493;49
5933;Totaal mannen en vrouwen;65 tot 70 jaar;(voormalige) Nederlandse Antillen, Aruba;1989;561;514;47
5934;Totaal mannen en vrouwen;65 tot 70 jaar;(voormalige) Nederlandse Antillen, Aruba;1990;591;540;51
5935;Totaal mannen en vrouwen;65 tot 70 jaar;(voormalige) Nederlandse Antillen, Aruba;1991;640;588;52
5936;Totaal mannen en vrouwen;65 tot 70 jaar;(voormalige) Nederlandse Antillen, Aruba;1992;628;580;48
5937;Totaal mannen en vrouwen;65 tot 70 jaar;(voormalige) Nederlandse Antillen, Aruba;1993;645;594;51
5938;Totaal mannen en vrouwen;65 tot 70 jaar;(voormalige) Nederlandse Antillen, Aruba;1994;662;612;50
5939;Totaal mannen en vrouwen;65 tot 70 jaar;(voormalige) Nederlandse Antillen, Aruba;1995;612;562;50
5940;Totaal mannen en vrouwen;65 tot 70 jaar;(voormalige) Nederlandse Antillen, Aruba;1996;647;602;45
5941;Totaal mannen en vrouwen;65 tot 70 jaar;(voormalige) Nederlandse Antillen, Aruba;1997;717;673;44
5942;Totaal mannen en vrouwen;65 tot 70 jaar;(voormalige) Nederlandse Antillen, Aruba;1998;795;752;43
5943;Totaal mannen en vrouwen;65 tot 70 jaar;(voormalige) Nederlandse Antillen, Aruba;1999;900;854;46
5944;Totaal mannen en vrouwen;65 tot 70 jaar;(voormalige) Nederlandse Antillen, Aruba;2000;1014;965;49
5945;Totaal mannen en vrouwen;65 tot 70 jaar;(voormalige) Nederlandse Antillen, Aruba;2001;1086;1039;47
5946;Totaal mannen en vrouwen;65 tot 70 jaar;(voormalige) Nederlandse Antillen, Aruba;2002;1235;1182;53
5947;Totaal mannen en vrouwen;65 tot 70 jaar;(voormalige) Nederlandse Antillen, Aruba;2003;1335;1279;56
5948;Totaal mannen en vrouwen;65 tot 70 jaar;(voormalige) Nederlandse Antillen, Aruba;2004;1386;1334;52
5949;Totaal mannen en vrouwen;65 tot 70 jaar;(voormalige) Nederlandse Antillen, Aruba;2005;1461;1413;48
5950;Totaal mannen en vrouwen;65 tot 70 jaar;(voormalige) Nederlandse Antillen, Aruba;2006;1607;1558;49
5951;Totaal mannen en vrouwen;65 tot 70 jaar;(voormalige) Nederlandse Antillen, Aruba;2007;1693;1650;43
5952;Totaal mannen en vrouwen;65 tot 70 jaar;(voormalige) Nederlandse Antillen, Aruba;2008;1903;1861;42
5953;Totaal mannen en vrouwen;65 tot 70 jaar;(voormalige) Nederlandse Antillen, Aruba;2009;2102;2060;42
5954;Totaal mannen en vrouwen;65 tot 70 jaar;(voormalige) Nederlandse Antillen, Aruba;2010;2386;2344;42
5955;Totaal mannen en vrouwen;65 tot 70 jaar;(voormalige) Nederlandse Antillen, Aruba;2011;2690;2649;41
5956;Totaal mannen en vrouwen;65 tot 70 jaar;(voormalige) Nederlandse Antillen, Aruba;2012;2995;2947;48
5957;Totaal mannen en vrouwen;65 tot 70 jaar;(voormalige) Nederlandse Antillen, Aruba;2013;3232;3177;55
5958;Totaal mannen en vrouwen;65 tot 70 jaar;(voormalige) Nederlandse Antillen, Aruba;2014;3516;3449;67
5959;Totaal mannen en vrouwen;65 tot 70 jaar;(voormalige) Nederlandse Antillen, Aruba;2015;3723;3642;81
5960;Totaal mannen en vrouwen;65 tot 70 jaar;(voormalige) Nederlandse Antillen, Aruba;2016;3985;3884;101
5961;Totaal mannen en vrouwen;65 tot 70 jaar;(voormalige) Nederlandse Antillen, Aruba;2017;4270;4158;112
5962;Totaal mannen en vrouwen;65 tot 70 jaar;(voormalige) Nederlandse Antillen, Aruba;2018;4501;4378;123
5963;Totaal mannen en vrouwen;65 tot 70 jaar;(voormalige) Nederlandse Antillen, Aruba;2019;4853;4723;130
5964;Totaal mannen en vrouwen;65 tot 70 jaar;(voormalige) Nederlandse Antillen, Aruba;2020;5134;4997;137
5965;Totaal mannen en vrouwen;65 tot 70 jaar;(voormalige) Nederlandse Antillen, Aruba;2021;5453;5303;150
5966;Totaal mannen en vrouwen;65 tot 70 jaar;(voormalige) Nederlandse Antillen, Aruba;2022;5736;5555;181
5967;Totaal mannen en vrouwen;65 tot 70 jaar;Suriname;1972;707;699;8
5968;Totaal mannen en vrouwen;65 tot 70 jaar;Suriname;1973;767;745;22
5969;Totaal mannen en vrouwen;65 tot 70 jaar;Suriname;1974;868;821;47
5970;Totaal mannen en vrouwen;65 tot 70 jaar;Suriname;1975;1052;1000;52
5971;Totaal mannen en vrouwen;65 tot 70 jaar;Suriname;1976;1384;1331;53
5972;Totaal mannen en vrouwen;65 tot 70 jaar;Suriname;1977;1402;1346;56
5973;Totaal mannen en vrouwen;65 tot 70 jaar;Suriname;1978;1486;1433;53
5974;Totaal mannen en vrouwen;65 tot 70 jaar;Suriname;1979;1574;1524;50
5975;Totaal mannen en vrouwen;65 tot 70 jaar;Suriname;1980;1673;1608;65
5976;Totaal mannen en vrouwen;65 tot 70 jaar;Suriname;1981;1778;1699;79
5977;Totaal mannen en vrouwen;65 tot 70 jaar;Suriname;1982;1817;1731;86
5978;Totaal mannen en vrouwen;65 tot 70 jaar;Suriname;1983;1884;1784;100
5979;Totaal mannen en vrouwen;65 tot 70 jaar;Suriname;1984;1959;1868;91
5980;Totaal mannen en vrouwen;65 tot 70 jaar;Suriname;1985;2065;1978;87
5981;Totaal mannen en vrouwen;65 tot 70 jaar;Suriname;1986;2178;2086;92
5982;Totaal mannen en vrouwen;65 tot 70 jaar;Suriname;1987;2332;2234;98
5983;Totaal mannen en vrouwen;65 tot 70 jaar;Suriname;1988;2557;2450;107
5984;Totaal mannen en vrouwen;65 tot 70 jaar;Suriname;1989;2746;2626;120
5985;Totaal mannen en vrouwen;65 tot 70 jaar;Suriname;1990;2948;2816;132
5986;Totaal mannen en vrouwen;65 tot 70 jaar;Suriname;1991;3188;3056;132
5987;Totaal mannen en vrouwen;65 tot 70 jaar;Suriname;1992;3349;3199;150
5988;Totaal mannen en vrouwen;65 tot 70 jaar;Suriname;1993;3386;3242;144
5989;Totaal mannen en vrouwen;65 tot 70 jaar;Suriname;1994;3545;3395;150
5990;Totaal mannen en vrouwen;65 tot 70 jaar;Suriname;1995;3585;3414;171
5991;Totaal mannen en vrouwen;65 tot 70 jaar;Suriname;1996;3681;3504;177
5992;Totaal mannen en vrouwen;65 tot 70 jaar;Suriname;1997;3789;3607;182
5993;Totaal mannen en vrouwen;65 tot 70 jaar;Suriname;1998;4048;3841;207
5994;Totaal mannen en vrouwen;65 tot 70 jaar;Suriname;1999;4280;4069;211
5995;Totaal mannen en vrouwen;65 tot 70 jaar;Suriname;2000;4493;4268;225
5996;Totaal mannen en vrouwen;65 tot 70 jaar;Suriname;2001;4832;4590;242
5997;Totaal mannen en vrouwen;65 tot 70 jaar;Suriname;2002;5081;4837;244
5998;Totaal mannen en vrouwen;65 tot 70 jaar;Suriname;2003;5418;5165;253
5999;Totaal mannen en vrouwen;65 tot 70 jaar;Suriname;2004;5733;5462;271
6000;Totaal mannen en vrouwen;65 tot 70 jaar;Suriname;2005;6097;5814;283
6001;Totaal mannen en vrouwen;65 tot 70 jaar;Suriname;2006;6380;6097;283
6002;Totaal mannen en vrouwen;65 tot 70 jaar;Suriname;2007;6795;6503;292
6003;Totaal mannen en vrouwen;65 tot 70 jaar;Suriname;2008;7219;6928;291
6004;Totaal mannen en vrouwen;65 tot 70 jaar;Suriname;2009;7584;7297;287
6005;Totaal mannen en vrouwen;65 tot 70 jaar;Suriname;2010;8001;7708;293
6006;Totaal mannen en vrouwen;65 tot 70 jaar;Suriname;2011;8733;8431;302
6007;Totaal mannen en vrouwen;65 tot 70 jaar;Suriname;2012;9461;9115;346
6008;Totaal mannen en vrouwen;65 tot 70 jaar;Suriname;2013;10155;9763;392
6009;Totaal mannen en vrouwen;65 tot 70 jaar;Suriname;2014;10945;10512;433
6010;Totaal mannen en vrouwen;65 tot 70 jaar;Suriname;2015;11721;11259;462
6011;Totaal mannen en vrouwen;65 tot 70 jaar;Suriname;2016;12353;11841;512
6012;Totaal mannen en vrouwen;65 tot 70 jaar;Suriname;2017;13297;12766;531
6013;Totaal mannen en vrouwen;65 tot 70 jaar;Suriname;2018;14378;13839;539
6014;Totaal mannen en vrouwen;65 tot 70 jaar;Suriname;2019;15752;15187;565
6015;Totaal mannen en vrouwen;65 tot 70 jaar;Suriname;2020;17181;16580;601
6016;Totaal mannen en vrouwen;65 tot 70 jaar;Suriname;2021;18394;17755;639
6017;Totaal mannen en vrouwen;65 tot 70 jaar;Suriname;2022;19421;18751;670
6018;Totaal mannen en vrouwen;65 tot 70 jaar;Turkije;1972;12;12;0
6019;Totaal mannen en vrouwen;65 tot 70 jaar;Turkije;1973;13;13;0
6020;Totaal mannen en vrouwen;65 tot 70 jaar;Turkije;1974;14;14;0
6021;Totaal mannen en vrouwen;65 tot 70 jaar;Turkije;1975;14;14;0
6022;Totaal mannen en vrouwen;65 tot 70 jaar;Turkije;1976;16;16;0
6023;Totaal mannen en vrouwen;65 tot 70 jaar;Turkije;1977;23;19;4
6024;Totaal mannen en vrouwen;65 tot 70 jaar;Turkije;1978;26;22;4
6025;Totaal mannen en vrouwen;65 tot 70 jaar;Turkije;1979;42;35;7
6026;Totaal mannen en vrouwen;65 tot 70 jaar;Turkije;1980;56;50;6
6027;Totaal mannen en vrouwen;65 tot 70 jaar;Turkije;1981;73;67;6
6028;Totaal mannen en vrouwen;65 tot 70 jaar;Turkije;1982;82;77;5
6029;Totaal mannen en vrouwen;65 tot 70 jaar;Turkije;1983;110;105;5
6030;Totaal mannen en vrouwen;65 tot 70 jaar;Turkije;1984;124;122;2
6031;Totaal mannen en vrouwen;65 tot 70 jaar;Turkije;1985;138;133;5
6032;Totaal mannen en vrouwen;65 tot 70 jaar;Turkije;1986;148;143;5
6033;Totaal mannen en vrouwen;65 tot 70 jaar;Turkije;1987;150;147;3
6034;Totaal mannen en vrouwen;65 tot 70 jaar;Turkije;1988;267;262;5
6035;Totaal mannen en vrouwen;65 tot 70 jaar;Turkije;1989;358;350;8
6036;Totaal mannen en vrouwen;65 tot 70 jaar;Turkije;1990;420;413;7
6037;Totaal mannen en vrouwen;65 tot 70 jaar;Turkije;1991;496;489;7
6038;Totaal mannen en vrouwen;65 tot 70 jaar;Turkije;1992;640;632;8
6039;Totaal mannen en vrouwen;65 tot 70 jaar;Turkije;1993;781;775;6
6040;Totaal mannen en vrouwen;65 tot 70 jaar;Turkije;1994;916;909;7
6041;Totaal mannen en vrouwen;65 tot 70 jaar;Turkije;1995;1154;1146;8
6042;Totaal mannen en vrouwen;65 tot 70 jaar;Turkije;1996;1426;1417;9
6043;Totaal mannen en vrouwen;65 tot 70 jaar;Turkije;1997;1644;1635;9
6044;Totaal mannen en vrouwen;65 tot 70 jaar;Turkije;1998;2035;2022;13
6045;Totaal mannen en vrouwen;65 tot 70 jaar;Turkije;1999;2653;2642;11
6046;Totaal mannen en vrouwen;65 tot 70 jaar;Turkije;2000;3136;3127;9
6047;Totaal mannen en vrouwen;65 tot 70 jaar;Turkije;2001;3579;3568;11
6048;Totaal mannen en vrouwen;65 tot 70 jaar;Turkije;2002;4185;4174;11
6049;Totaal mannen en vrouwen;65 tot 70 jaar;Turkije;2003;4865;4857;8
6050;Totaal mannen en vrouwen;65 tot 70 jaar;Turkije;2004;5520;5513;7
6051;Totaal mannen en vrouwen;65 tot 70 jaar;Turkije;2005;6297;6288;9
6052;Totaal mannen en vrouwen;65 tot 70 jaar;Turkije;2006;7439;7433;6
6053;Totaal mannen en vrouwen;65 tot 70 jaar;Turkije;2007;7997;7990;7
6054;Totaal mannen en vrouwen;65 tot 70 jaar;Turkije;2008;8478;8469;9
6055;Totaal mannen en vrouwen;65 tot 70 jaar;Turkije;2009;8406;8396;10
6056;Totaal mannen en vrouwen;65 tot 70 jaar;Turkije;2010;8444;8435;9
6057;Totaal mannen en vrouwen;65 tot 70 jaar;Turkije;2011;8277;8267;10
6058;Totaal mannen en vrouwen;65 tot 70 jaar;Turkije;2012;8169;8156;13
6059;Totaal mannen en vrouwen;65 tot 70 jaar;Turkije;2013;7873;7860;13
6060;Totaal mannen en vrouwen;65 tot 70 jaar;Turkije;2014;7990;7976;14
6061;Totaal mannen en vrouwen;65 tot 70 jaar;Turkije;2015;8074;8059;15
6062;Totaal mannen en vrouwen;65 tot 70 jaar;Turkije;2016;8338;8322;16
6063;Totaal mannen en vrouwen;65 tot 70 jaar;Turkije;2017;8031;8012;19
6064;Totaal mannen en vrouwen;65 tot 70 jaar;Turkije;2018;8067;8050;17
6065;Totaal mannen en vrouwen;65 tot 70 jaar;Turkije;2019;7820;7804;16
6066;Totaal mannen en vrouwen;65 tot 70 jaar;Turkije;2020;7734;7718;16
6067;Totaal mannen en vrouwen;65 tot 70 jaar;Turkije;2021;7667;7649;18
6068;Totaal mannen en vrouwen;65 tot 70 jaar;Turkije;2022;8648;8635;13
6069;Totaal mannen en vrouwen;65 tot 70 jaar;Overige niet-westerse migratieachterg...;1972;398;367;31
6070;Totaal mannen en vrouwen;65 tot 70 jaar;Overige niet-westerse migratieachterg...;1973;433;408;25
6071;Totaal mannen en vrouwen;65 tot 70 jaar;Overige niet-westerse migratieachterg...;1974;419;387;32
6072;Totaal mannen en vrouwen;65 tot 70 jaar;Overige niet-westerse migratieachterg...;1975;430;398;32
6073;Totaal mannen en vrouwen;65 tot 70 jaar;Overige niet-westerse migratieachterg...;1976;503;458;45
6074;Totaal mannen en vrouwen;65 tot 70 jaar;Overige niet-westerse migratieachterg...;1977;563;504;59
6075;Totaal mannen en vrouwen;65 tot 70 jaar;Overige niet-westerse migratieachterg...;1978;549;490;59
6076;Totaal mannen en vrouwen;65 tot 70 jaar;Overige niet-westerse migratieachterg...;1979;579;519;60
6077;Totaal mannen en vrouwen;65 tot 70 jaar;Overige niet-westerse migratieachterg...;1980;567;512;55
6078;Totaal mannen en vrouwen;65 tot 70 jaar;Overige niet-westerse migratieachterg...;1981;551;493;58
6079;Totaal mannen en vrouwen;65 tot 70 jaar;Overige niet-westerse migratieachterg...;1982;548;486;62
6080;Totaal mannen en vrouwen;65 tot 70 jaar;Overige niet-westerse migratieachterg...;1983;572;495;77
6081;Totaal mannen en vrouwen;65 tot 70 jaar;Overige niet-westerse migratieachterg...;1984;563;474;89
6082;Totaal mannen en vrouwen;65 tot 70 jaar;Overige niet-westerse migratieachterg...;1985;580;479;101
6083;Totaal mannen en vrouwen;65 tot 70 jaar;Overige niet-westerse migratieachterg...;1986;598;483;115
6084;Totaal mannen en vrouwen;65 tot 70 jaar;Overige niet-westerse migratieachterg...;1987;642;513;129
6085;Totaal mannen en vrouwen;65 tot 70 jaar;Overige niet-westerse migratieachterg...;1988;697;551;146
6086;Totaal mannen en vrouwen;65 tot 70 jaar;Overige niet-westerse migratieachterg...;1989;804;639;165
6087;Totaal mannen en vrouwen;65 tot 70 jaar;Overige niet-westerse migratieachterg...;1990;906;708;198
6088;Totaal mannen en vrouwen;65 tot 70 jaar;Overige niet-westerse migratieachterg...;1991;1061;845;216
6089;Totaal mannen en vrouwen;65 tot 70 jaar;Overige niet-westerse migratieachterg...;1992;1227;1002;225
6090;Totaal mannen en vrouwen;65 tot 70 jaar;Overige niet-westerse migratieachterg...;1993;1417;1169;248
6091;Totaal mannen en vrouwen;65 tot 70 jaar;Overige niet-westerse migratieachterg...;1994;1602;1348;254
6092;Totaal mannen en vrouwen;65 tot 70 jaar;Overige niet-westerse migratieachterg...;1995;1936;1666;270
6093;Totaal mannen en vrouwen;65 tot 70 jaar;Overige niet-westerse migratieachterg...;1996;2087;1806;281
6094;Totaal mannen en vrouwen;65 tot 70 jaar;Overige niet-westerse migratieachterg...;1997;2254;1972;282
6095;Totaal mannen en vrouwen;65 tot 70 jaar;Overige niet-westerse migratieachterg...;1998;2483;2229;254
6096;Totaal mannen en vrouwen;65 tot 70 jaar;Overige niet-westerse migratieachterg...;1999;2704;2455;249
6097;Totaal mannen en vrouwen;65 tot 70 jaar;Overige niet-westerse migratieachterg...;2000;2987;2744;243
6098;Totaal mannen en vrouwen;65 tot 70 jaar;Overige niet-westerse migratieachterg...;2001;3309;3082;227
6099;Totaal mannen en vrouwen;65 tot 70 jaar;Overige niet-westerse migratieachterg...;2002;3635;3406;229
6100;Totaal mannen en vrouwen;65 tot 70 jaar;Overige niet-westerse migratieachterg...;2003;3976;3738;238
6101;Totaal mannen en vrouwen;65 tot 70 jaar;Overige niet-westerse migratieachterg...;2004;4296;4047;249
6102;Totaal mannen en vrouwen;65 tot 70 jaar;Overige niet-westerse migratieachterg...;2005;4762;4497;265
6103;Totaal mannen en vrouwen;65 tot 70 jaar;Overige niet-westerse migratieachterg...;2006;5080;4800;280
6104;Totaal mannen en vrouwen;65 tot 70 jaar;Overige niet-westerse migratieachterg...;2007;5265;4984;281
6105;Totaal mannen en vrouwen;65 tot 70 jaar;Overige niet-westerse migratieachterg...;2008;5616;5329;287
6106;Totaal mannen en vrouwen;65 tot 70 jaar;Overige niet-westerse migratieachterg...;2009;6110;5800;310
6107;Totaal mannen en vrouwen;65 tot 70 jaar;Overige niet-westerse migratieachterg...;2010;6627;6282;345
6108;Totaal mannen en vrouwen;65 tot 70 jaar;Overige niet-westerse migratieachterg...;2011;7351;6998;353
6109;Totaal mannen en vrouwen;65 tot 70 jaar;Overige niet-westerse migratieachterg...;2012;8388;7962;426
6110;Totaal mannen en vrouwen;65 tot 70 jaar;Overige niet-westerse migratieachterg...;2013;9434;8921;513
6111;Totaal mannen en vrouwen;65 tot 70 jaar;Overige niet-westerse migratieachterg...;2014;10722;10150;572
6112;Totaal mannen en vrouwen;65 tot 70 jaar;Overige niet-westerse migratieachterg...;2015;11864;11266;598
6113;Totaal mannen en vrouwen;65 tot 70 jaar;Overige niet-westerse migratieachterg...;2016;13529;12886;643
6114;Totaal mannen en vrouwen;65 tot 70 jaar;Overige niet-westerse migratieachterg...;2017;15094;14469;625
6115;Totaal mannen en vrouwen;65 tot 70 jaar;Overige niet-westerse migratieachterg...;2018;16913;16290;623
6116;Totaal mannen en vrouwen;65 tot 70 jaar;Overige niet-westerse migratieachterg...;2019;18622;18011;611
6117;Totaal mannen en vrouwen;65 tot 70 jaar;Overige niet-westerse migratieachterg...;2020;20997;20367;630
6118;Totaal mannen en vrouwen;65 tot 70 jaar;Overige niet-westerse migratieachterg...;2021;22863;22236;627
6119;Totaal mannen en vrouwen;65 tot 70 jaar;Overige niet-westerse migratieachterg...;2022;25251;24602;649
6120;Totaal mannen en vrouwen;70 tot 75 jaar;Met migratieachtergrond;1972;20743;15031;5712
6121;Totaal mannen en vrouwen;70 tot 75 jaar;Met migratieachtergrond;1973;22278;16077;6201
6122;Totaal mannen en vrouwen;70 tot 75 jaar;Met migratieachtergrond;1974;23307;16895;6412
6123;Totaal mannen en vrouwen;70 tot 75 jaar;Met migratieachtergrond;1975;24306;17679;6627
6124;Totaal mannen en vrouwen;70 tot 75 jaar;Met migratieachtergrond;1976;26223;19147;7076
6125;Totaal mannen en vrouwen;70 tot 75 jaar;Met migratieachtergrond;1977;26520;19506;7014
6126;Totaal mannen en vrouwen;70 tot 75 jaar;Met migratieachtergrond;1978;27635;20628;7007
6127;Totaal mannen en vrouwen;70 tot 75 jaar;Met migratieachtergrond;1979;29505;22079;7426
6128;Totaal mannen en vrouwen;70 tot 75 jaar;Met migratieachtergrond;1980;31419;23878;7541
6129;Totaal mannen en vrouwen;70 tot 75 jaar;Met migratieachtergrond;1981;32728;25015;7713
6130;Totaal mannen en vrouwen;70 tot 75 jaar;Met migratieachtergrond;1982;34001;26176;7825
6131;Totaal mannen en vrouwen;70 tot 75 jaar;Met migratieachtergrond;1983;35275;27232;8043
6132;Totaal mannen en vrouwen;70 tot 75 jaar;Met migratieachtergrond;1984;36420;28068;8352
6133;Totaal mannen en vrouwen;70 tot 75 jaar;Met migratieachtergrond;1985;37037;28232;8805
6134;Totaal mannen en vrouwen;70 tot 75 jaar;Met migratieachtergrond;1986;36705;27528;9177
6135;Totaal mannen en vrouwen;70 tot 75 jaar;Met migratieachtergrond;1987;35631;25807;9824
6136;Totaal mannen en vrouwen;70 tot 75 jaar;Met migratieachtergrond;1988;34185;23554;10631
6137;Totaal mannen en vrouwen;70 tot 75 jaar;Met migratieachtergrond;1989;32461;21432;11029
6138;Totaal mannen en vrouwen;70 tot 75 jaar;Met migratieachtergrond;1990;31863;20119;11744
6139;Totaal mannen en vrouwen;70 tot 75 jaar;Met migratieachtergrond;1991;33768;20730;13038
6140;Totaal mannen en vrouwen;70 tot 75 jaar;Met migratieachtergrond;1992;36869;22504;14365
6141;Totaal mannen en vrouwen;70 tot 75 jaar;Met migratieachtergrond;1993;40350;24972;15378
6142;Totaal mannen en vrouwen;70 tot 75 jaar;Met migratieachtergrond;1994;44243;27573;16670
6143;Totaal mannen en vrouwen;70 tot 75 jaar;Met migratieachtergrond;1995;47445;29378;18067
6144;Totaal mannen en vrouwen;70 tot 75 jaar;Met migratieachtergrond;1996;49122;30178;18944
6145;Totaal mannen en vrouwen;70 tot 75 jaar;Met migratieachtergrond;1997;50372;30550;19822
6146;Totaal mannen en vrouwen;70 tot 75 jaar;Met migratieachtergrond;1998;51477;30397;21080
6147;Totaal mannen en vrouwen;70 tot 75 jaar;Met migratieachtergrond;1999;52586;30174;22412
6148;Totaal mannen en vrouwen;70 tot 75 jaar;Met migratieachtergrond;2000;53662;29928;23734
6149;Totaal mannen en vrouwen;70 tot 75 jaar;Met migratieachtergrond;2001;56079;30544;25535
6150;Totaal mannen en vrouwen;70 tot 75 jaar;Met migratieachtergrond;2002;57957;30776;27181
6151;Totaal mannen en vrouwen;70 tot 75 jaar;Met migratieachtergrond;2003;60907;31840;29067
6152;Totaal mannen en vrouwen;70 tot 75 jaar;Met migratieachtergrond;2004;63577;32962;30615
6153;Totaal mannen en vrouwen;70 tot 75 jaar;Met migratieachtergrond;2005;66800;34410;32390
6154;Totaal mannen en vrouwen;70 tot 75 jaar;Met migratieachtergrond;2006;70083;36035;34048
6155;Totaal mannen en vrouwen;70 tot 75 jaar;Met migratieachtergrond;2007;74449;38724;35725
6156;Totaal mannen en vrouwen;70 tot 75 jaar;Met migratieachtergrond;2008;78250;41303;36947
6157;Totaal mannen en vrouwen;70 tot 75 jaar;Met migratieachtergrond;2009;83323;44854;38469
6158;Totaal mannen en vrouwen;70 tot 75 jaar;Met migratieachtergrond;2010;88107;48543;39564
6159;Totaal mannen en vrouwen;70 tot 75 jaar;Met migratieachtergrond;2011;94000;53376;40624
6160;Totaal mannen en vrouwen;70 tot 75 jaar;Met migratieachtergrond;2012;96834;56008;40826
6161;Totaal mannen en vrouwen;70 tot 75 jaar;Met migratieachtergrond;2013;100209;59296;40913
6162;Totaal mannen en vrouwen;70 tot 75 jaar;Met migratieachtergrond;2014;100365;59330;41035
6163;Totaal mannen en vrouwen;70 tot 75 jaar;Met migratieachtergrond;2015;100840;59745;41095
6164;Totaal mannen en vrouwen;70 tot 75 jaar;Met migratieachtergrond;2016;100112;59521;40591
6165;Totaal mannen en vrouwen;70 tot 75 jaar;Met migratieachtergrond;2017;106177;61798;44379
6166;Totaal mannen en vrouwen;70 tot 75 jaar;Met migratieachtergrond;2018;113323;65636;47687
6167;Totaal mannen en vrouwen;70 tot 75 jaar;Met migratieachtergrond;2019;121781;72383;49398
6168;Totaal mannen en vrouwen;70 tot 75 jaar;Met migratieachtergrond;2020;129137;78748;50389
6169;Totaal mannen en vrouwen;70 tot 75 jaar;Met migratieachtergrond;2021;136827;85064;51763
6170;Totaal mannen en vrouwen;70 tot 75 jaar;Met migratieachtergrond;2022;138277;87873;50404
6171;Totaal mannen en vrouwen;70 tot 75 jaar;Westerse migratieachtergrond;1972;19951;14281;5670
6172;Totaal mannen en vrouwen;70 tot 75 jaar;Westerse migratieachtergrond;1973;21358;15205;6153
6173;Totaal mannen en vrouwen;70 tot 75 jaar;Westerse migratieachtergrond;1974;22229;15868;6361
6174;Totaal mannen en vrouwen;70 tot 75 jaar;Westerse migratieachtergrond;1975;23114;16554;6560
6175;Totaal mannen en vrouwen;70 tot 75 jaar;Westerse migratieachtergrond;1976;24830;17824;7006
6176;Totaal mannen en vrouwen;70 tot 75 jaar;Westerse migratieachtergrond;1977;25065;18109;6956
6177;Totaal mannen en vrouwen;70 tot 75 jaar;Westerse migratieachtergrond;1978;26126;19190;6936
6178;Totaal mannen en vrouwen;70 tot 75 jaar;Westerse migratieachtergrond;1979;27939;20614;7325
6179;Totaal mannen en vrouwen;70 tot 75 jaar;Westerse migratieachtergrond;1980;29695;22257;7438
6180;Totaal mannen en vrouwen;70 tot 75 jaar;Westerse migratieachtergrond;1981;30801;23196;7605
6181;Totaal mannen en vrouwen;70 tot 75 jaar;Westerse migratieachtergrond;1982;31975;24278;7697
6182;Totaal mannen en vrouwen;70 tot 75 jaar;Westerse migratieachtergrond;1983;33232;25313;7919
6183;Totaal mannen en vrouwen;70 tot 75 jaar;Westerse migratieachtergrond;1984;34256;26030;8226
6184;Totaal mannen en vrouwen;70 tot 75 jaar;Westerse migratieachtergrond;1985;34796;26124;8672
6185;Totaal mannen en vrouwen;70 tot 75 jaar;Westerse migratieachtergrond;1986;34399;25376;9023
6186;Totaal mannen en vrouwen;70 tot 75 jaar;Westerse migratieachtergrond;1987;33179;23515;9664
6187;Totaal mannen en vrouwen;70 tot 75 jaar;Westerse migratieachtergrond;1988;31445;21001;10444
6188;Totaal mannen en vrouwen;70 tot 75 jaar;Westerse migratieachtergrond;1989;29598;18756;10842
6189;Totaal mannen en vrouwen;70 tot 75 jaar;Westerse migratieachtergrond;1990;28816;17273;11543
6190;Totaal mannen en vrouwen;70 tot 75 jaar;Westerse migratieachtergrond;1991;30555;17735;12820
6191;Totaal mannen en vrouwen;70 tot 75 jaar;Westerse migratieachtergrond;1992;33351;19230;14121
6192;Totaal mannen en vrouwen;70 tot 75 jaar;Westerse migratieachtergrond;1993;36455;21347;15108
6193;Totaal mannen en vrouwen;70 tot 75 jaar;Westerse migratieachtergrond;1994;39897;23529;16368
6194;Totaal mannen en vrouwen;70 tot 75 jaar;Westerse migratieachtergrond;1995;42628;24925;17703
6195;Totaal mannen en vrouwen;70 tot 75 jaar;Westerse migratieachtergrond;1996;43894;25332;18562
6196;Totaal mannen en vrouwen;70 tot 75 jaar;Westerse migratieachtergrond;1997;44712;25298;19414
6197;Totaal mannen en vrouwen;70 tot 75 jaar;Westerse migratieachtergrond;1998;45444;24780;20664
6198;Totaal mannen en vrouwen;70 tot 75 jaar;Westerse migratieachtergrond;1999;46036;24056;21980
6199;Totaal mannen en vrouwen;70 tot 75 jaar;Westerse migratieachtergrond;2000;46523;23230;23293
6200;Totaal mannen en vrouwen;70 tot 75 jaar;Westerse migratieachtergrond;2001;47927;22855;25072
6201;Totaal mannen en vrouwen;70 tot 75 jaar;Westerse migratieachtergrond;2002;49040;22323;26717
6202;Totaal mannen en vrouwen;70 tot 75 jaar;Westerse migratieachtergrond;2003;50804;22216;28588
6203;Totaal mannen en vrouwen;70 tot 75 jaar;Westerse migratieachtergrond;2004;52199;22068;30131
6204;Totaal mannen en vrouwen;70 tot 75 jaar;Westerse migratieachtergrond;2005;54132;22227;31905
6205;Totaal mannen en vrouwen;70 tot 75 jaar;Westerse migratieachtergrond;2006;56124;22561;33563
6206;Totaal mannen en vrouwen;70 tot 75 jaar;Westerse migratieachtergrond;2007;58729;23487;35242
6207;Totaal mannen en vrouwen;70 tot 75 jaar;Westerse migratieachtergrond;2008;60813;24369;36444
6208;Totaal mannen en vrouwen;70 tot 75 jaar;Westerse migratieachtergrond;2009;63748;25814;37934
6209;Totaal mannen en vrouwen;70 tot 75 jaar;Westerse migratieachtergrond;2010;66453;27442;39011
6210;Totaal mannen en vrouwen;70 tot 75 jaar;Westerse migratieachtergrond;2011;69399;29337;40062
6211;Totaal mannen en vrouwen;70 tot 75 jaar;Westerse migratieachtergrond;2012;70839;30587;40252
6212;Totaal mannen en vrouwen;70 tot 75 jaar;Westerse migratieachtergrond;2013;72171;31833;40338
6213;Totaal mannen en vrouwen;70 tot 75 jaar;Westerse migratieachtergrond;2014;71517;31073;40444
6214;Totaal mannen en vrouwen;70 tot 75 jaar;Westerse migratieachtergrond;2015;70776;30320;40456
6215;Totaal mannen en vrouwen;70 tot 75 jaar;Westerse migratieachtergrond;2016;69373;29437;39936
6216;Totaal mannen en vrouwen;70 tot 75 jaar;Westerse migratieachtergrond;2017;73583;29981;43602
6217;Totaal mannen en vrouwen;70 tot 75 jaar;Westerse migratieachtergrond;2018;79323;32545;46778
6218;Totaal mannen en vrouwen;70 tot 75 jaar;Westerse migratieachtergrond;2019;85058;36685;48373
6219;Totaal mannen en vrouwen;70 tot 75 jaar;Westerse migratieachtergrond;2020;90134;40822;49312
6220;Totaal mannen en vrouwen;70 tot 75 jaar;Westerse migratieachtergrond;2021;94701;44123;50578
6221;Totaal mannen en vrouwen;70 tot 75 jaar;Westerse migratieachtergrond;2022;93911;44703;49208
6222;Totaal mannen en vrouwen;70 tot 75 jaar;Niet-westerse migratieachtergrond;1972;792;750;42
6223;Totaal mannen en vrouwen;70 tot 75 jaar;Niet-westerse migratieachtergrond;1973;920;872;48
6224;Totaal mannen en vrouwen;70 tot 75 jaar;Niet-westerse migratieachtergrond;1974;1078;1027;51
6225;Totaal mannen en vrouwen;70 tot 75 jaar;Niet-westerse migratieachtergrond;1975;1192;1125;67
6226;Totaal mannen en vrouwen;70 tot 75 jaar;Niet-westerse migratieachtergrond;1976;1393;1323;70
6227;Totaal mannen en vrouwen;70 tot 75 jaar;Niet-westerse migratieachtergrond;1977;1455;1397;58
6228;Totaal mannen en vrouwen;70 tot 75 jaar;Niet-westerse migratieachtergrond;1978;1509;1438;71
6229;Totaal mannen en vrouwen;70 tot 75 jaar;Niet-westerse migratieachtergrond;1979;1566;1465;101
6230;Totaal mannen en vrouwen;70 tot 75 jaar;Niet-westerse migratieachtergrond;1980;1724;1621;103
6231;Totaal mannen en vrouwen;70 tot 75 jaar;Niet-westerse migratieachtergrond;1981;1927;1819;108
6232;Totaal mannen en vrouwen;70 tot 75 jaar;Niet-westerse migratieachtergrond;1982;2026;1898;128
6233;Totaal mannen en vrouwen;70 tot 75 jaar;Niet-westerse migratieachtergrond;1983;2043;1919;124
6234;Totaal mannen en vrouwen;70 tot 75 jaar;Niet-westerse migratieachtergrond;1984;2164;2038;126
6235;Totaal mannen en vrouwen;70 tot 75 jaar;Niet-westerse migratieachtergrond;1985;2241;2108;133
6236;Totaal mannen en vrouwen;70 tot 75 jaar;Niet-westerse migratieachtergrond;1986;2306;2152;154
6237;Totaal mannen en vrouwen;70 tot 75 jaar;Niet-westerse migratieachtergrond;1987;2452;2292;160
6238;Totaal mannen en vrouwen;70 tot 75 jaar;Niet-westerse migratieachtergrond;1988;2740;2553;187
6239;Totaal mannen en vrouwen;70 tot 75 jaar;Niet-westerse migratieachtergrond;1989;2863;2676;187
6240;Totaal mannen en vrouwen;70 tot 75 jaar;Niet-westerse migratieachtergrond;1990;3047;2846;201
6241;Totaal mannen en vrouwen;70 tot 75 jaar;Niet-westerse migratieachtergrond;1991;3213;2995;218
6242;Totaal mannen en vrouwen;70 tot 75 jaar;Niet-westerse migratieachtergrond;1992;3518;3274;244
6243;Totaal mannen en vrouwen;70 tot 75 jaar;Niet-westerse migratieachtergrond;1993;3895;3625;270
6244;Totaal mannen en vrouwen;70 tot 75 jaar;Niet-westerse migratieachtergrond;1994;4346;4044;302
6245;Totaal mannen en vrouwen;70 tot 75 jaar;Niet-westerse migratieachtergrond;1995;4817;4453;364
6246;Totaal mannen en vrouwen;70 tot 75 jaar;Niet-westerse migratieachtergrond;1996;5228;4846;382
6247;Totaal mannen en vrouwen;70 tot 75 jaar;Niet-westerse migratieachtergrond;1997;5660;5252;408
6248;Totaal mannen en vrouwen;70 tot 75 jaar;Niet-westerse migratieachtergrond;1998;6033;5617;416
6249;Totaal mannen en vrouwen;70 tot 75 jaar;Niet-westerse migratieachtergrond;1999;6550;6118;432
6250;Totaal mannen en vrouwen;70 tot 75 jaar;Niet-westerse migratieachtergrond;2000;7139;6698;441
6251;Totaal mannen en vrouwen;70 tot 75 jaar;Niet-westerse migratieachtergrond;2001;8152;7689;463
6252;Totaal mannen en vrouwen;70 tot 75 jaar;Niet-westerse migratieachtergrond;2002;8917;8453;464
6253;Totaal mannen en vrouwen;70 tot 75 jaar;Niet-westerse migratieachtergrond;2003;10103;9624;479
6254;Totaal mannen en vrouwen;70 tot 75 jaar;Niet-westerse migratieachtergrond;2004;11378;10894;484
6255;Totaal mannen en vrouwen;70 tot 75 jaar;Niet-westerse migratieachtergrond;2005;12668;12183;485
6256;Totaal mannen en vrouwen;70 tot 75 jaar;Niet-westerse migratieachtergrond;2006;13959;13474;485
6257;Totaal mannen en vrouwen;70 tot 75 jaar;Niet-westerse migratieachtergrond;2007;15720;15237;483
6258;Totaal mannen en vrouwen;70 tot 75 jaar;Niet-westerse migratieachtergrond;2008;17437;16934;503
6259;Totaal mannen en vrouwen;70 tot 75 jaar;Niet-westerse migratieachtergrond;2009;19575;19040;535
6260;Totaal mannen en vrouwen;70 tot 75 jaar;Niet-westerse migratieachtergrond;2010;21654;21101;553
6261;Totaal mannen en vrouwen;70 tot 75 jaar;Niet-westerse migratieachtergrond;2011;24601;24039;562
6262;Totaal mannen en vrouwen;70 tot 75 jaar;Niet-westerse migratieachtergrond;2012;25995;25421;574
6263;Totaal mannen en vrouwen;70 tot 75 jaar;Niet-westerse migratieachtergrond;2013;28038;27463;575
6264;Totaal mannen en vrouwen;70 tot 75 jaar;Niet-westerse migratieachtergrond;2014;28848;28257;591
6265;Totaal mannen en vrouwen;70 tot 75 jaar;Niet-westerse migratieachtergrond;2015;30064;29425;639
6266;Totaal mannen en vrouwen;70 tot 75 jaar;Niet-westerse migratieachtergrond;2016;30739;30084;655
6267;Totaal mannen en vrouwen;70 tot 75 jaar;Niet-westerse migratieachtergrond;2017;32594;31817;777
6268;Totaal mannen en vrouwen;70 tot 75 jaar;Niet-westerse migratieachtergrond;2018;34000;33091;909
6269;Totaal mannen en vrouwen;70 tot 75 jaar;Niet-westerse migratieachtergrond;2019;36723;35698;1025
6270;Totaal mannen en vrouwen;70 tot 75 jaar;Niet-westerse migratieachtergrond;2020;39003;37926;1077
6271;Totaal mannen en vrouwen;70 tot 75 jaar;Niet-westerse migratieachtergrond;2021;42126;40941;1185
6272;Totaal mannen en vrouwen;70 tot 75 jaar;Niet-westerse migratieachtergrond;2022;44366;43170;1196
6273;Totaal mannen en vrouwen;70 tot 75 jaar;Marokko;1972;3;3;0
6274;Totaal mannen en vrouwen;70 tot 75 jaar;Marokko;1973;3;3;0
6275;Totaal mannen en vrouwen;70 tot 75 jaar;Marokko;1974;2;2;0
6276;Totaal mannen en vrouwen;70 tot 75 jaar;Marokko;1975;2;2;0
6277;Totaal mannen en vrouwen;70 tot 75 jaar;Marokko;1976;3;3;0
6278;Totaal mannen en vrouwen;70 tot 75 jaar;Marokko;1977;4;4;0
6279;Totaal mannen en vrouwen;70 tot 75 jaar;Marokko;1978;10;10;0
6280;Totaal mannen en vrouwen;70 tot 75 jaar;Marokko;1979;9;9;0
6281;Totaal mannen en vrouwen;70 tot 75 jaar;Marokko;1980;13;13;0
6282;Totaal mannen en vrouwen;70 tot 75 jaar;Marokko;1981;16;16;0
6283;Totaal mannen en vrouwen;70 tot 75 jaar;Marokko;1982;18;18;0
6284;Totaal mannen en vrouwen;70 tot 75 jaar;Marokko;1983;24;24;0
6285;Totaal mannen en vrouwen;70 tot 75 jaar;Marokko;1984;33;33;0
6286;Totaal mannen en vrouwen;70 tot 75 jaar;Marokko;1985;38;38;0
6287;Totaal mannen en vrouwen;70 tot 75 jaar;Marokko;1986;51;51;0
6288;Totaal mannen en vrouwen;70 tot 75 jaar;Marokko;1987;54;54;0
6289;Totaal mannen en vrouwen;70 tot 75 jaar;Marokko;1988;84;84;0
6290;Totaal mannen en vrouwen;70 tot 75 jaar;Marokko;1989;90;90;0
6291;Totaal mannen en vrouwen;70 tot 75 jaar;Marokko;1990;95;95;0
6292;Totaal mannen en vrouwen;70 tot 75 jaar;Marokko;1991;94;94;0
6293;Totaal mannen en vrouwen;70 tot 75 jaar;Marokko;1992;110;110;0
6294;Totaal mannen en vrouwen;70 tot 75 jaar;Marokko;1993;171;170;1
6295;Totaal mannen en vrouwen;70 tot 75 jaar;Marokko;1994;225;224;1
6296;Totaal mannen en vrouwen;70 tot 75 jaar;Marokko;1995;309;308;1
6297;Totaal mannen en vrouwen;70 tot 75 jaar;Marokko;1996;341;340;1
6298;Totaal mannen en vrouwen;70 tot 75 jaar;Marokko;1997;420;419;1
6299;Totaal mannen en vrouwen;70 tot 75 jaar;Marokko;1998;513;513;0
6300;Totaal mannen en vrouwen;70 tot 75 jaar;Marokko;1999;581;581;0
6301;Totaal mannen en vrouwen;70 tot 75 jaar;Marokko;2000;674;674;0
6302;Totaal mannen en vrouwen;70 tot 75 jaar;Marokko;2001;1050;1050;0
6303;Totaal mannen en vrouwen;70 tot 75 jaar;Marokko;2002;1191;1191;0
6304;Totaal mannen en vrouwen;70 tot 75 jaar;Marokko;2003;1530;1530;0
6305;Totaal mannen en vrouwen;70 tot 75 jaar;Marokko;2004;1802;1802;0
6306;Totaal mannen en vrouwen;70 tot 75 jaar;Marokko;2005;2299;2299;0
6307;Totaal mannen en vrouwen;70 tot 75 jaar;Marokko;2006;2711;2711;0
6308;Totaal mannen en vrouwen;70 tot 75 jaar;Marokko;2007;3517;3517;0
6309;Totaal mannen en vrouwen;70 tot 75 jaar;Marokko;2008;4107;4107;0
6310;Totaal mannen en vrouwen;70 tot 75 jaar;Marokko;2009;4993;4993;0
6311;Totaal mannen en vrouwen;70 tot 75 jaar;Marokko;2010;5434;5434;0
6312;Totaal mannen en vrouwen;70 tot 75 jaar;Marokko;2011;6568;6567;1
6313;Totaal mannen en vrouwen;70 tot 75 jaar;Marokko;2012;6634;6633;1
6314;Totaal mannen en vrouwen;70 tot 75 jaar;Marokko;2013;7219;7218;1
6315;Totaal mannen en vrouwen;70 tot 75 jaar;Marokko;2014;7161;7160;1
6316;Totaal mannen en vrouwen;70 tot 75 jaar;Marokko;2015;7376;7375;1
6317;Totaal mannen en vrouwen;70 tot 75 jaar;Marokko;2016;6642;6642;0
6318;Totaal mannen en vrouwen;70 tot 75 jaar;Marokko;2017;6703;6703;0
6319;Totaal mannen en vrouwen;70 tot 75 jaar;Marokko;2018;6389;6389;0
6320;Totaal mannen en vrouwen;70 tot 75 jaar;Marokko;2019;6667;6667;0
6321;Totaal mannen en vrouwen;70 tot 75 jaar;Marokko;2020;6633;6633;0
6322;Totaal mannen en vrouwen;70 tot 75 jaar;Marokko;2021;7050;7049;1
6323;Totaal mannen en vrouwen;70 tot 75 jaar;Marokko;2022;7005;7004;1
6324;Totaal mannen en vrouwen;70 tot 75 jaar;(voormalige) Nederlandse Antillen, Aruba;1972;55;55;0
6325;Totaal mannen en vrouwen;70 tot 75 jaar;(voormalige) Nederlandse Antillen, Aruba;1973;56;56;0
6326;Totaal mannen en vrouwen;70 tot 75 jaar;(voormalige) Nederlandse Antillen, Aruba;1974;70;65;5
6327;Totaal mannen en vrouwen;70 tot 75 jaar;(voormalige) Nederlandse Antillen, Aruba;1975;77;68;9
6328;Totaal mannen en vrouwen;70 tot 75 jaar;(voormalige) Nederlandse Antillen, Aruba;1976;101;80;21
6329;Totaal mannen en vrouwen;70 tot 75 jaar;(voormalige) Nederlandse Antillen, Aruba;1977;121;95;26
6330;Totaal mannen en vrouwen;70 tot 75 jaar;(voormalige) Nederlandse Antillen, Aruba;1978;128;98;30
6331;Totaal mannen en vrouwen;70 tot 75 jaar;(voormalige) Nederlandse Antillen, Aruba;1979;137;104;33
6332;Totaal mannen en vrouwen;70 tot 75 jaar;(voormalige) Nederlandse Antillen, Aruba;1980;152;121;31
6333;Totaal mannen en vrouwen;70 tot 75 jaar;(voormalige) Nederlandse Antillen, Aruba;1981;170;145;25
6334;Totaal mannen en vrouwen;70 tot 75 jaar;(voormalige) Nederlandse Antillen, Aruba;1982;192;166;26
6335;Totaal mannen en vrouwen;70 tot 75 jaar;(voormalige) Nederlandse Antillen, Aruba;1983;197;171;26
6336;Totaal mannen en vrouwen;70 tot 75 jaar;(voormalige) Nederlandse Antillen, Aruba;1984;203;178;25
6337;Totaal mannen en vrouwen;70 tot 75 jaar;(voormalige) Nederlandse Antillen, Aruba;1985;211;186;25
6338;Totaal mannen en vrouwen;70 tot 75 jaar;(voormalige) Nederlandse Antillen, Aruba;1986;241;212;29
6339;Totaal mannen en vrouwen;70 tot 75 jaar;(voormalige) Nederlandse Antillen, Aruba;1987;290;264;26
6340;Totaal mannen en vrouwen;70 tot 75 jaar;(voormalige) Nederlandse Antillen, Aruba;1988;344;315;29
6341;Totaal mannen en vrouwen;70 tot 75 jaar;(voormalige) Nederlandse Antillen, Aruba;1989;383;353;30
6342;Totaal mannen en vrouwen;70 tot 75 jaar;(voormalige) Nederlandse Antillen, Aruba;1990;441;407;34
6343;Totaal mannen en vrouwen;70 tot 75 jaar;(voormalige) Nederlandse Antillen, Aruba;1991;479;445;34
6344;Totaal mannen en vrouwen;70 tot 75 jaar;(voormalige) Nederlandse Antillen, Aruba;1992;509;467;42
6345;Totaal mannen en vrouwen;70 tot 75 jaar;(voormalige) Nederlandse Antillen, Aruba;1993;526;483;43
6346;Totaal mannen en vrouwen;70 tot 75 jaar;(voormalige) Nederlandse Antillen, Aruba;1994;520;478;42
6347;Totaal mannen en vrouwen;70 tot 75 jaar;(voormalige) Nederlandse Antillen, Aruba;1995;383;335;48
6348;Totaal mannen en vrouwen;70 tot 75 jaar;(voormalige) Nederlandse Antillen, Aruba;1996;374;325;49
6349;Totaal mannen en vrouwen;70 tot 75 jaar;(voormalige) Nederlandse Antillen, Aruba;1997;371;324;47
6350;Totaal mannen en vrouwen;70 tot 75 jaar;(voormalige) Nederlandse Antillen, Aruba;1998;388;339;49
6351;Totaal mannen en vrouwen;70 tot 75 jaar;(voormalige) Nederlandse Antillen, Aruba;1999;443;394;49
6352;Totaal mannen en vrouwen;70 tot 75 jaar;(voormalige) Nederlandse Antillen, Aruba;2000;526;483;43
6353;Totaal mannen en vrouwen;70 tot 75 jaar;(voormalige) Nederlandse Antillen, Aruba;2001;617;578;39
6354;Totaal mannen en vrouwen;70 tot 75 jaar;(voormalige) Nederlandse Antillen, Aruba;2002;707;672;35
6355;Totaal mannen en vrouwen;70 tot 75 jaar;(voormalige) Nederlandse Antillen, Aruba;2003;787;752;35
6356;Totaal mannen en vrouwen;70 tot 75 jaar;(voormalige) Nederlandse Antillen, Aruba;2004;838;798;40
6357;Totaal mannen en vrouwen;70 tot 75 jaar;(voormalige) Nederlandse Antillen, Aruba;2005;881;837;44
6358;Totaal mannen en vrouwen;70 tot 75 jaar;(voormalige) Nederlandse Antillen, Aruba;2006;899;855;44
6359;Totaal mannen en vrouwen;70 tot 75 jaar;(voormalige) Nederlandse Antillen, Aruba;2007;985;938;47
6360;Totaal mannen en vrouwen;70 tot 75 jaar;(voormalige) Nederlandse Antillen, Aruba;2008;1033;985;48
6361;Totaal mannen en vrouwen;70 tot 75 jaar;(voormalige) Nederlandse Antillen, Aruba;2009;1100;1054;46
6362;Totaal mannen en vrouwen;70 tot 75 jaar;(voormalige) Nederlandse Antillen, Aruba;2010;1216;1172;44
6363;Totaal mannen en vrouwen;70 tot 75 jaar;(voormalige) Nederlandse Antillen, Aruba;2011;1387;1342;45
6364;Totaal mannen en vrouwen;70 tot 75 jaar;(voormalige) Nederlandse Antillen, Aruba;2012;1500;1463;37
6365;Totaal mannen en vrouwen;70 tot 75 jaar;(voormalige) Nederlandse Antillen, Aruba;2013;1690;1654;36
6366;Totaal mannen en vrouwen;70 tot 75 jaar;(voormalige) Nederlandse Antillen, Aruba;2014;1877;1840;37
6367;Totaal mannen en vrouwen;70 tot 75 jaar;(voormalige) Nederlandse Antillen, Aruba;2015;2128;2089;39
6368;Totaal mannen en vrouwen;70 tot 75 jaar;(voormalige) Nederlandse Antillen, Aruba;2016;2366;2327;39
6369;Totaal mannen en vrouwen;70 tot 75 jaar;(voormalige) Nederlandse Antillen, Aruba;2017;2657;2611;46
6370;Totaal mannen en vrouwen;70 tot 75 jaar;(voormalige) Nederlandse Antillen, Aruba;2018;2923;2871;52
6371;Totaal mannen en vrouwen;70 tot 75 jaar;(voormalige) Nederlandse Antillen, Aruba;2019;3186;3122;64
6372;Totaal mannen en vrouwen;70 tot 75 jaar;(voormalige) Nederlandse Antillen, Aruba;2020;3440;3365;75
6373;Totaal mannen en vrouwen;70 tot 75 jaar;(voormalige) Nederlandse Antillen, Aruba;2021;3715;3626;89
6374;Totaal mannen en vrouwen;70 tot 75 jaar;(voormalige) Nederlandse Antillen, Aruba;2022;4005;3903;102
6375;Totaal mannen en vrouwen;70 tot 75 jaar;Suriname;1972;446;412;34
6376;Totaal mannen en vrouwen;70 tot 75 jaar;Suriname;1973;523;490;33
6377;Totaal mannen en vrouwen;70 tot 75 jaar;Suriname;1974;610;579;31
6378;Totaal mannen en vrouwen;70 tot 75 jaar;Suriname;1975;725;696;29
6379;Totaal mannen en vrouwen;70 tot 75 jaar;Suriname;1976;946;928;18
6380;Totaal mannen en vrouwen;70 tot 75 jaar;Suriname;1977;957;951;6
6381;Totaal mannen en vrouwen;70 tot 75 jaar;Suriname;1978;956;937;19
6382;Totaal mannen en vrouwen;70 tot 75 jaar;Suriname;1979;997;957;40
6383;Totaal mannen en vrouwen;70 tot 75 jaar;Suriname;1980;1102;1058;44
6384;Totaal mannen en vrouwen;70 tot 75 jaar;Suriname;1981;1207;1162;45
6385;Totaal mannen en vrouwen;70 tot 75 jaar;Suriname;1982;1224;1175;49
6386;Totaal mannen en vrouwen;70 tot 75 jaar;Suriname;1983;1245;1200;45
6387;Totaal mannen en vrouwen;70 tot 75 jaar;Suriname;1984;1326;1282;44
6388;Totaal mannen en vrouwen;70 tot 75 jaar;Suriname;1985;1412;1356;56
6389;Totaal mannen en vrouwen;70 tot 75 jaar;Suriname;1986;1457;1388;69
6390;Totaal mannen en vrouwen;70 tot 75 jaar;Suriname;1987;1549;1474;75
6391;Totaal mannen en vrouwen;70 tot 75 jaar;Suriname;1988;1704;1617;87
6392;Totaal mannen en vrouwen;70 tot 75 jaar;Suriname;1989;1779;1700;79
6393;Totaal mannen en vrouwen;70 tot 75 jaar;Suriname;1990;1854;1778;76
6394;Totaal mannen en vrouwen;70 tot 75 jaar;Suriname;1991;1944;1864;80
6395;Totaal mannen en vrouwen;70 tot 75 jaar;Suriname;1992;2106;2020;86
6396;Totaal mannen en vrouwen;70 tot 75 jaar;Suriname;1993;2241;2147;94
6397;Totaal mannen en vrouwen;70 tot 75 jaar;Suriname;1994;2393;2286;107
6398;Totaal mannen en vrouwen;70 tot 75 jaar;Suriname;1995;2576;2453;123
6399;Totaal mannen en vrouwen;70 tot 75 jaar;Suriname;1996;2763;2641;122
6400;Totaal mannen en vrouwen;70 tot 75 jaar;Suriname;1997;2873;2734;139
6401;Totaal mannen en vrouwen;70 tot 75 jaar;Suriname;1998;2861;2728;133
6402;Totaal mannen en vrouwen;70 tot 75 jaar;Suriname;1999;2959;2819;140
6403;Totaal mannen en vrouwen;70 tot 75 jaar;Suriname;2000;3076;2921;155
6404;Totaal mannen en vrouwen;70 tot 75 jaar;Suriname;2001;3176;3011;165
6405;Totaal mannen en vrouwen;70 tot 75 jaar;Suriname;2002;3323;3159;164
6406;Totaal mannen en vrouwen;70 tot 75 jaar;Suriname;2003;3533;3347;186
6407;Totaal mannen en vrouwen;70 tot 75 jaar;Suriname;2004;3746;3551;195
6408;Totaal mannen en vrouwen;70 tot 75 jaar;Suriname;2005;3934;3727;207
6409;Totaal mannen en vrouwen;70 tot 75 jaar;Suriname;2006;4251;4029;222
6410;Totaal mannen en vrouwen;70 tot 75 jaar;Suriname;2007;4462;4244;218
6411;Totaal mannen en vrouwen;70 tot 75 jaar;Suriname;2008;4733;4507;226
6412;Totaal mannen en vrouwen;70 tot 75 jaar;Suriname;2009;5019;4771;248
6413;Totaal mannen en vrouwen;70 tot 75 jaar;Suriname;2010;5412;5154;258
6414;Totaal mannen en vrouwen;70 tot 75 jaar;Suriname;2011;5675;5413;262
6415;Totaal mannen en vrouwen;70 tot 75 jaar;Suriname;2012;6079;5804;275
6416;Totaal mannen en vrouwen;70 tot 75 jaar;Suriname;2013;6517;6248;269
6417;Totaal mannen en vrouwen;70 tot 75 jaar;Suriname;2014;6834;6573;261
6418;Totaal mannen en vrouwen;70 tot 75 jaar;Suriname;2015;7164;6898;266
6419;Totaal mannen en vrouwen;70 tot 75 jaar;Suriname;2016;7822;7551;271
6420;Totaal mannen en vrouwen;70 tot 75 jaar;Suriname;2017;8450;8133;317
6421;Totaal mannen en vrouwen;70 tot 75 jaar;Suriname;2018;9134;8772;362
6422;Totaal mannen en vrouwen;70 tot 75 jaar;Suriname;2019;9907;9504;403
6423;Totaal mannen en vrouwen;70 tot 75 jaar;Suriname;2020;10682;10257;425
6424;Totaal mannen en vrouwen;70 tot 75 jaar;Suriname;2021;11313;10843;470
6425;Totaal mannen en vrouwen;70 tot 75 jaar;Suriname;2022;12141;11653;488
6426;Totaal mannen en vrouwen;70 tot 75 jaar;Turkije;1972;28;28;0
6427;Totaal mannen en vrouwen;70 tot 75 jaar;Turkije;1973;26;26;0
6428;Totaal mannen en vrouwen;70 tot 75 jaar;Turkije;1974;26;26;0
6429;Totaal mannen en vrouwen;70 tot 75 jaar;Turkije;1975;23;23;0
6430;Totaal mannen en vrouwen;70 tot 75 jaar;Turkije;1976;22;22;0
6431;Totaal mannen en vrouwen;70 tot 75 jaar;Turkije;1977;24;24;0
6432;Totaal mannen en vrouwen;70 tot 75 jaar;Turkije;1978;29;29;0
6433;Totaal mannen en vrouwen;70 tot 75 jaar;Turkije;1979;38;38;0
6434;Totaal mannen en vrouwen;70 tot 75 jaar;Turkije;1980;52;52;0
6435;Totaal mannen en vrouwen;70 tot 75 jaar;Turkije;1981;68;68;0
6436;Totaal mannen en vrouwen;70 tot 75 jaar;Turkije;1982;69;66;3
6437;Totaal mannen en vrouwen;70 tot 75 jaar;Turkije;1983;65;62;3
6438;Totaal mannen en vrouwen;70 tot 75 jaar;Turkije;1984;69;63;6
6439;Totaal mannen en vrouwen;70 tot 75 jaar;Turkije;1985;66;60;6
6440;Totaal mannen en vrouwen;70 tot 75 jaar;Turkije;1986;65;59;6
6441;Totaal mannen en vrouwen;70 tot 75 jaar;Turkije;1987;73;68;5
6442;Totaal mannen en vrouwen;70 tot 75 jaar;Turkije;1988;94;90;4
6443;Totaal mannen en vrouwen;70 tot 75 jaar;Turkije;1989;100;99;1
6444;Totaal mannen en vrouwen;70 tot 75 jaar;Turkije;1990;120;116;4
6445;Totaal mannen en vrouwen;70 tot 75 jaar;Turkije;1991;132;128;4
6446;Totaal mannen en vrouwen;70 tot 75 jaar;Turkije;1992;163;160;3
6447;Totaal mannen en vrouwen;70 tot 75 jaar;Turkije;1993;281;276;5
6448;Totaal mannen en vrouwen;70 tot 75 jaar;Turkije;1994;387;379;8
6449;Totaal mannen en vrouwen;70 tot 75 jaar;Turkije;1995;363;356;7
6450;Totaal mannen en vrouwen;70 tot 75 jaar;Turkije;1996;401;394;7
6451;Totaal mannen en vrouwen;70 tot 75 jaar;Turkije;1997;538;530;8
6452;Totaal mannen en vrouwen;70 tot 75 jaar;Turkije;1998;655;649;6
6453;Totaal mannen en vrouwen;70 tot 75 jaar;Turkije;1999;802;795;7
6454;Totaal mannen en vrouwen;70 tot 75 jaar;Turkije;2000;967;959;8
6455;Totaal mannen en vrouwen;70 tot 75 jaar;Turkije;2001;1198;1189;9
6456;Totaal mannen en vrouwen;70 tot 75 jaar;Turkije;2002;1418;1409;9
6457;Totaal mannen en vrouwen;70 tot 75 jaar;Turkije;2003;1756;1743;13
6458;Totaal mannen en vrouwen;70 tot 75 jaar;Turkije;2004;2315;2305;10
6459;Totaal mannen en vrouwen;70 tot 75 jaar;Turkije;2005;2723;2715;8
6460;Totaal mannen en vrouwen;70 tot 75 jaar;Turkije;2006;3080;3071;9
6461;Totaal mannen en vrouwen;70 tot 75 jaar;Turkije;2007;3525;3518;7
6462;Totaal mannen en vrouwen;70 tot 75 jaar;Turkije;2008;4041;4034;7
6463;Totaal mannen en vrouwen;70 tot 75 jaar;Turkije;2009;4608;4602;6
6464;Totaal mannen en vrouwen;70 tot 75 jaar;Turkije;2010;5276;5268;8
6465;Totaal mannen en vrouwen;70 tot 75 jaar;Turkije;2011;6301;6296;5
6466;Totaal mannen en vrouwen;70 tot 75 jaar;Turkije;2012;6840;6833;7
6467;Totaal mannen en vrouwen;70 tot 75 jaar;Turkije;2013;7275;7266;9
6468;Totaal mannen en vrouwen;70 tot 75 jaar;Turkije;2014;7221;7211;10
6469;Totaal mannen en vrouwen;70 tot 75 jaar;Turkije;2015;7169;7160;9
6470;Totaal mannen en vrouwen;70 tot 75 jaar;Turkije;2016;6941;6931;10
6471;Totaal mannen en vrouwen;70 tot 75 jaar;Turkije;2017;6804;6791;13
6472;Totaal mannen en vrouwen;70 tot 75 jaar;Turkije;2018;6568;6555;13
6473;Totaal mannen en vrouwen;70 tot 75 jaar;Turkije;2019;6715;6701;14
6474;Totaal mannen en vrouwen;70 tot 75 jaar;Turkije;2020;6875;6861;14
6475;Totaal mannen en vrouwen;70 tot 75 jaar;Turkije;2021;7095;7079;16
6476;Totaal mannen en vrouwen;70 tot 75 jaar;Turkije;2022;6824;6808;16
6477;Totaal mannen en vrouwen;70 tot 75 jaar;Overige niet-westerse migratieachterg...;1972;260;252;8
6478;Totaal mannen en vrouwen;70 tot 75 jaar;Overige niet-westerse migratieachterg...;1973;312;297;15
6479;Totaal mannen en vrouwen;70 tot 75 jaar;Overige niet-westerse migratieachterg...;1974;370;355;15
6480;Totaal mannen en vrouwen;70 tot 75 jaar;Overige niet-westerse migratieachterg...;1975;365;336;29
6481;Totaal mannen en vrouwen;70 tot 75 jaar;Overige niet-westerse migratieachterg...;1976;321;290;31
6482;Totaal mannen en vrouwen;70 tot 75 jaar;Overige niet-westerse migratieachterg...;1977;349;323;26
6483;Totaal mannen en vrouwen;70 tot 75 jaar;Overige niet-westerse migratieachterg...;1978;386;364;22
6484;Totaal mannen en vrouwen;70 tot 75 jaar;Overige niet-westerse migratieachterg...;1979;385;357;28
6485;Totaal mannen en vrouwen;70 tot 75 jaar;Overige niet-westerse migratieachterg...;1980;405;377;28
6486;Totaal mannen en vrouwen;70 tot 75 jaar;Overige niet-westerse migratieachterg...;1981;466;428;38
6487;Totaal mannen en vrouwen;70 tot 75 jaar;Overige niet-westerse migratieachterg...;1982;523;473;50
6488;Totaal mannen en vrouwen;70 tot 75 jaar;Overige niet-westerse migratieachterg...;1983;512;462;50
6489;Totaal mannen en vrouwen;70 tot 75 jaar;Overige niet-westerse migratieachterg...;1984;533;482;51
6490;Totaal mannen en vrouwen;70 tot 75 jaar;Overige niet-westerse migratieachterg...;1985;514;468;46
6491;Totaal mannen en vrouwen;70 tot 75 jaar;Overige niet-westerse migratieachterg...;1986;492;442;50
6492;Totaal mannen en vrouwen;70 tot 75 jaar;Overige niet-westerse migratieachterg...;1987;486;432;54
6493;Totaal mannen en vrouwen;70 tot 75 jaar;Overige niet-westerse migratieachterg...;1988;514;447;67
6494;Totaal mannen en vrouwen;70 tot 75 jaar;Overige niet-westerse migratieachterg...;1989;511;434;77
6495;Totaal mannen en vrouwen;70 tot 75 jaar;Overige niet-westerse migratieachterg...;1990;537;450;87
6496;Totaal mannen en vrouwen;70 tot 75 jaar;Overige niet-westerse migratieachterg...;1991;564;464;100
6497;Totaal mannen en vrouwen;70 tot 75 jaar;Overige niet-westerse migratieachterg...;1992;630;517;113
6498;Totaal mannen en vrouwen;70 tot 75 jaar;Overige niet-westerse migratieachterg...;1993;676;549;127
6499;Totaal mannen en vrouwen;70 tot 75 jaar;Overige niet-westerse migratieachterg...;1994;821;677;144
6500;Totaal mannen en vrouwen;70 tot 75 jaar;Overige niet-westerse migratieachterg...;1995;1186;1001;185
6501;Totaal mannen en vrouwen;70 tot 75 jaar;Overige niet-westerse migratieachterg...;1996;1349;1146;203
6502;Totaal mannen en vrouwen;70 tot 75 jaar;Overige niet-westerse migratieachterg...;1997;1458;1245;213
6503;Totaal mannen en vrouwen;70 tot 75 jaar;Overige niet-westerse migratieachterg...;1998;1616;1388;228
6504;Totaal mannen en vrouwen;70 tot 75 jaar;Overige niet-westerse migratieachterg...;1999;1765;1529;236
6505;Totaal mannen en vrouwen;70 tot 75 jaar;Overige niet-westerse migratieachterg...;2000;1896;1661;235
6506;Totaal mannen en vrouwen;70 tot 75 jaar;Overige niet-westerse migratieachterg...;2001;2111;1861;250
6507;Totaal mannen en vrouwen;70 tot 75 jaar;Overige niet-westerse migratieachterg...;2002;2278;2022;256
6508;Totaal mannen en vrouwen;70 tot 75 jaar;Overige niet-westerse migratieachterg...;2003;2497;2252;245
6509;Totaal mannen en vrouwen;70 tot 75 jaar;Overige niet-westerse migratieachterg...;2004;2677;2438;239
6510;Totaal mannen en vrouwen;70 tot 75 jaar;Overige niet-westerse migratieachterg...;2005;2831;2605;226
6511;Totaal mannen en vrouwen;70 tot 75 jaar;Overige niet-westerse migratieachterg...;2006;3018;2808;210
6512;Totaal mannen en vrouwen;70 tot 75 jaar;Overige niet-westerse migratieachterg...;2007;3231;3020;211
6513;Totaal mannen en vrouwen;70 tot 75 jaar;Overige niet-westerse migratieachterg...;2008;3523;3301;222
6514;Totaal mannen en vrouwen;70 tot 75 jaar;Overige niet-westerse migratieachterg...;2009;3855;3620;235
6515;Totaal mannen en vrouwen;70 tot 75 jaar;Overige niet-westerse migratieachterg...;2010;4316;4073;243
6516;Totaal mannen en vrouwen;70 tot 75 jaar;Overige niet-westerse migratieachterg...;2011;4670;4421;249
6517;Totaal mannen en vrouwen;70 tot 75 jaar;Overige niet-westerse migratieachterg...;2012;4942;4688;254
6518;Totaal mannen en vrouwen;70 tot 75 jaar;Overige niet-westerse migratieachterg...;2013;5337;5077;260
6519;Totaal mannen en vrouwen;70 tot 75 jaar;Overige niet-westerse migratieachterg...;2014;5755;5473;282
6520;Totaal mannen en vrouwen;70 tot 75 jaar;Overige niet-westerse migratieachterg...;2015;6227;5903;324
6521;Totaal mannen en vrouwen;70 tot 75 jaar;Overige niet-westerse migratieachterg...;2016;6968;6633;335
6522;Totaal mannen en vrouwen;70 tot 75 jaar;Overige niet-westerse migratieachterg...;2017;7980;7579;401
6523;Totaal mannen en vrouwen;70 tot 75 jaar;Overige niet-westerse migratieachterg...;2018;8986;8504;482
6524;Totaal mannen en vrouwen;70 tot 75 jaar;Overige niet-westerse migratieachterg...;2019;10248;9704;544
6525;Totaal mannen en vrouwen;70 tot 75 jaar;Overige niet-westerse migratieachterg...;2020;11373;10810;563
6526;Totaal mannen en vrouwen;70 tot 75 jaar;Overige niet-westerse migratieachterg...;2021;12953;12344;609
6527;Totaal mannen en vrouwen;70 tot 75 jaar;Overige niet-westerse migratieachterg...;2022;14391;13802;589
6528;Totaal mannen en vrouwen;75 tot 80 jaar;Met migratieachtergrond;1972;12399;8564;3835
6529;Totaal mannen en vrouwen;75 tot 80 jaar;Met migratieachtergrond;1973;12818;8994;3824
6530;Totaal mannen en vrouwen;75 tot 80 jaar;Met migratieachtergrond;1974;13584;9703;3881
6531;Totaal mannen en vrouwen;75 tot 80 jaar;Met migratieachtergrond;1975;14865;10681;4184
6532;Totaal mannen en vrouwen;75 tot 80 jaar;Met migratieachtergrond;1976;16009;11959;4050
6533;Totaal mannen en vrouwen;75 tot 80 jaar;Met migratieachtergrond;1977;17456;13058;4398
6534;Totaal mannen en vrouwen;75 tot 80 jaar;Met migratieachtergrond;1978;18597;13813;4784
6535;Totaal mannen en vrouwen;75 tot 80 jaar;Met migratieachtergrond;1979;19745;14684;5061
6536;Totaal mannen en vrouwen;75 tot 80 jaar;Met migratieachtergrond;1980;20437;15175;5262
6537;Totaal mannen en vrouwen;75 tot 80 jaar;Met migratieachtergrond;1981;21910;16220;5690
6538;Totaal mannen en vrouwen;75 tot 80 jaar;Met migratieachtergrond;1982;22388;16690;5698
6539;Totaal mannen en vrouwen;75 tot 80 jaar;Met migratieachtergrond;1983;23223;17575;5648
6540;Totaal mannen en vrouwen;75 tot 80 jaar;Met migratieachtergrond;1984;24793;18808;5985
6541;Totaal mannen en vrouwen;75 tot 80 jaar;Met migratieachtergrond;1985;26312;20225;6087
6542;Totaal mannen en vrouwen;75 tot 80 jaar;Met migratieachtergrond;1986;27431;21182;6249
6543;Totaal mannen en vrouwen;75 tot 80 jaar;Met migratieachtergrond;1987;28584;22210;6374
6544;Totaal mannen en vrouwen;75 tot 80 jaar;Met migratieachtergrond;1988;29849;23253;6596
6545;Totaal mannen en vrouwen;75 tot 80 jaar;Met migratieachtergrond;1989;30868;24001;6867
6546;Totaal mannen en vrouwen;75 tot 80 jaar;Met migratieachtergrond;1990;31374;24139;7235
6547;Totaal mannen en vrouwen;75 tot 80 jaar;Met migratieachtergrond;1991;31155;23599;7556
6548;Totaal mannen en vrouwen;75 tot 80 jaar;Met migratieachtergrond;1992;30261;22172;8089
6549;Totaal mannen en vrouwen;75 tot 80 jaar;Met migratieachtergrond;1993;29133;20344;8789
6550;Totaal mannen en vrouwen;75 tot 80 jaar;Met migratieachtergrond;1994;27770;18652;9118
6551;Totaal mannen en vrouwen;75 tot 80 jaar;Met migratieachtergrond;1995;27405;17717;9688
6552;Totaal mannen en vrouwen;75 tot 80 jaar;Met migratieachtergrond;1996;29013;18200;10813
6553;Totaal mannen en vrouwen;75 tot 80 jaar;Met migratieachtergrond;1997;31163;19290;11873
6554;Totaal mannen en vrouwen;75 tot 80 jaar;Met migratieachtergrond;1998;33615;20999;12616
6555;Totaal mannen en vrouwen;75 tot 80 jaar;Met migratieachtergrond;1999;36471;22747;13724
6556;Totaal mannen en vrouwen;75 tot 80 jaar;Met migratieachtergrond;2000;38888;24108;14780
6557;Totaal mannen en vrouwen;75 tot 80 jaar;Met migratieachtergrond;2001;40223;24866;15357
6558;Totaal mannen en vrouwen;75 tot 80 jaar;Met migratieachtergrond;2002;41454;25274;16180
6559;Totaal mannen en vrouwen;75 tot 80 jaar;Met migratieachtergrond;2003;42381;25123;17258
6560;Totaal mannen en vrouwen;75 tot 80 jaar;Met migratieachtergrond;2004;43384;24990;18394
6561;Totaal mannen en vrouwen;75 tot 80 jaar;Met migratieachtergrond;2005;44393;24747;19646
6562;Totaal mannen en vrouwen;75 tot 80 jaar;Met migratieachtergrond;2006;46388;25198;21190
6563;Totaal mannen en vrouwen;75 tot 80 jaar;Met migratieachtergrond;2007;48110;25327;22783
6564;Totaal mannen en vrouwen;75 tot 80 jaar;Met migratieachtergrond;2008;50835;26321;24514
6565;Totaal mannen en vrouwen;75 tot 80 jaar;Met migratieachtergrond;2009;53286;27395;25891
6566;Totaal mannen en vrouwen;75 tot 80 jaar;Met migratieachtergrond;2010;56499;28930;27569
6567;Totaal mannen en vrouwen;75 tot 80 jaar;Met migratieachtergrond;2011;59560;30386;29174
6568;Totaal mannen en vrouwen;75 tot 80 jaar;Met migratieachtergrond;2012;63621;32877;30744
6569;Totaal mannen en vrouwen;75 tot 80 jaar;Met migratieachtergrond;2013;67241;35312;31929
6570;Totaal mannen en vrouwen;75 tot 80 jaar;Met migratieachtergrond;2014;71898;38468;33430
6571;Totaal mannen en vrouwen;75 tot 80 jaar;Met migratieachtergrond;2015;76143;41648;34495
6572;Totaal mannen en vrouwen;75 tot 80 jaar;Met migratieachtergrond;2016;81267;45822;35445
6573;Totaal mannen en vrouwen;75 tot 80 jaar;Met migratieachtergrond;2017;83817;48096;35721
6574;Totaal mannen en vrouwen;75 tot 80 jaar;Met migratieachtergrond;2018;86938;50977;35961
6575;Totaal mannen en vrouwen;75 tot 80 jaar;Met migratieachtergrond;2019;87375;51203;36172
6576;Totaal mannen en vrouwen;75 tot 80 jaar;Met migratieachtergrond;2020;87963;51769;36194
6577;Totaal mannen en vrouwen;75 tot 80 jaar;Met migratieachtergrond;2021;87234;51595;35639
6578;Totaal mannen en vrouwen;75 tot 80 jaar;Met migratieachtergrond;2022;92512;53458;39054
6579;Totaal mannen en vrouwen;75 tot 80 jaar;Westerse migratieachtergrond;1972;12166;8331;3835
6580;Totaal mannen en vrouwen;75 tot 80 jaar;Westerse migratieachtergrond;1973;12532;8708;3824
6581;Totaal mannen en vrouwen;75 tot 80 jaar;Westerse migratieachtergrond;1974;13234;9353;3881
6582;Totaal mannen en vrouwen;75 tot 80 jaar;Westerse migratieachtergrond;1975;14364;10180;4184
6583;Totaal mannen en vrouwen;75 tot 80 jaar;Westerse migratieachtergrond;1976;15272;11232;4040
6584;Totaal mannen en vrouwen;75 tot 80 jaar;Westerse migratieachtergrond;1977;16620;12256;4364
6585;Totaal mannen en vrouwen;75 tot 80 jaar;Westerse migratieachtergrond;1978;17659;12913;4746
6586;Totaal mannen en vrouwen;75 tot 80 jaar;Westerse migratieachtergrond;1979;18692;13672;5020
6587;Totaal mannen en vrouwen;75 tot 80 jaar;Westerse migratieachtergrond;1980;19323;14113;5210
6588;Totaal mannen en vrouwen;75 tot 80 jaar;Westerse migratieachtergrond;1981;20728;15092;5636
6589;Totaal mannen en vrouwen;75 tot 80 jaar;Westerse migratieachtergrond;1982;21159;15509;5650
6590;Totaal mannen en vrouwen;75 tot 80 jaar;Westerse migratieachtergrond;1983;21980;16389;5591
6591;Totaal mannen en vrouwen;75 tot 80 jaar;Westerse migratieachtergrond;1984;23526;17623;5903
6592;Totaal mannen en vrouwen;75 tot 80 jaar;Westerse migratieachtergrond;1985;24956;18953;6003
6593;Totaal mannen en vrouwen;75 tot 80 jaar;Westerse migratieachtergrond;1986;25956;19793;6163
6594;Totaal mannen en vrouwen;75 tot 80 jaar;Westerse migratieachtergrond;1987;26983;20713;6270
6595;Totaal mannen en vrouwen;75 tot 80 jaar;Westerse migratieachtergrond;1988;28128;21630;6498
6596;Totaal mannen en vrouwen;75 tot 80 jaar;Westerse migratieachtergrond;1989;29038;22269;6769
6597;Totaal mannen en vrouwen;75 tot 80 jaar;Westerse migratieachtergrond;1990;29458;22329;7129
6598;Totaal mannen en vrouwen;75 tot 80 jaar;Westerse migratieachtergrond;1991;29152;21721;7431
6599;Totaal mannen en vrouwen;75 tot 80 jaar;Westerse migratieachtergrond;1992;28097;20137;7960
6600;Totaal mannen en vrouwen;75 tot 80 jaar;Westerse migratieachtergrond;1993;26798;18160;8638
6601;Totaal mannen en vrouwen;75 tot 80 jaar;Westerse migratieachtergrond;1994;25333;16366;8967
6602;Totaal mannen en vrouwen;75 tot 80 jaar;Westerse migratieachtergrond;1995;24895;15379;9516
6603;Totaal mannen en vrouwen;75 tot 80 jaar;Westerse migratieachtergrond;1996;26307;15680;10627
6604;Totaal mannen en vrouwen;75 tot 80 jaar;Westerse migratieachtergrond;1997;28258;16585;11673
6605;Totaal mannen en vrouwen;75 tot 80 jaar;Westerse migratieachtergrond;1998;30453;18054;12399
6606;Totaal mannen en vrouwen;75 tot 80 jaar;Westerse migratieachtergrond;1999;32974;19499;13475
6607;Totaal mannen en vrouwen;75 tot 80 jaar;Westerse migratieachtergrond;2000;34923;20430;14493
6608;Totaal mannen en vrouwen;75 tot 80 jaar;Westerse migratieachtergrond;2001;35844;20797;15047
6609;Totaal mannen en vrouwen;75 tot 80 jaar;Westerse migratieachtergrond;2002;36692;20849;15843
6610;Totaal mannen en vrouwen;75 tot 80 jaar;Westerse migratieachtergrond;2003;37335;20429;16906
6611;Totaal mannen en vrouwen;75 tot 80 jaar;Westerse migratieachtergrond;2004;37983;19949;18034
6612;Totaal mannen en vrouwen;75 tot 80 jaar;Westerse migratieachtergrond;2005;38579;19307;19272
6613;Totaal mannen en vrouwen;75 tot 80 jaar;Westerse migratieachtergrond;2006;39800;19003;20797
6614;Totaal mannen en vrouwen;75 tot 80 jaar;Westerse migratieachtergrond;2007;40953;18577;22376
6615;Totaal mannen en vrouwen;75 tot 80 jaar;Westerse migratieachtergrond;2008;42650;18563;24087
6616;Totaal mannen en vrouwen;75 tot 80 jaar;Westerse migratieachtergrond;2009;44056;18598;25458
6617;Totaal mannen en vrouwen;75 tot 80 jaar;Westerse migratieachtergrond;2010;46053;18922;27131
6618;Totaal mannen en vrouwen;75 tot 80 jaar;Westerse migratieachtergrond;2011;47983;19242;28741
6619;Totaal mannen en vrouwen;75 tot 80 jaar;Westerse migratieachtergrond;2012;50471;20162;30309
6620;Totaal mannen en vrouwen;75 tot 80 jaar;Westerse migratieachtergrond;2013;52492;21013;31479
6621;Totaal mannen en vrouwen;75 tot 80 jaar;Westerse migratieachtergrond;2014;55257;22289;32968
6622;Totaal mannen en vrouwen;75 tot 80 jaar;Westerse migratieachtergrond;2015;57759;23748;34011
6623;Totaal mannen en vrouwen;75 tot 80 jaar;Westerse migratieachtergrond;2016;60386;25442;34944
6624;Totaal mannen en vrouwen;75 tot 80 jaar;Westerse migratieachtergrond;2017;61764;26557;35207
6625;Totaal mannen en vrouwen;75 tot 80 jaar;Westerse migratieachtergrond;2018;63123;27676;35447
6626;Totaal mannen en vrouwen;75 tot 80 jaar;Westerse migratieachtergrond;2019;62647;27009;35638
6627;Totaal mannen en vrouwen;75 tot 80 jaar;Westerse migratieachtergrond;2020;61990;26374;35616
6628;Totaal mannen en vrouwen;75 tot 80 jaar;Westerse migratieachtergrond;2021;60623;25573;35050
6629;Totaal mannen en vrouwen;75 tot 80 jaar;Westerse migratieachtergrond;2022;64442;26090;38352
6630;Totaal mannen en vrouwen;75 tot 80 jaar;Niet-westerse migratieachtergrond;1972;233;233;0
6631;Totaal mannen en vrouwen;75 tot 80 jaar;Niet-westerse migratieachtergrond;1973;286;286;0
6632;Totaal mannen en vrouwen;75 tot 80 jaar;Niet-westerse migratieachtergrond;1974;350;350;0
6633;Totaal mannen en vrouwen;75 tot 80 jaar;Niet-westerse migratieachtergrond;1975;501;501;0
6634;Totaal mannen en vrouwen;75 tot 80 jaar;Niet-westerse migratieachtergrond;1976;737;727;10
6635;Totaal mannen en vrouwen;75 tot 80 jaar;Niet-westerse migratieachtergrond;1977;836;802;34
6636;Totaal mannen en vrouwen;75 tot 80 jaar;Niet-westerse migratieachtergrond;1978;938;900;38
6637;Totaal mannen en vrouwen;75 tot 80 jaar;Niet-westerse migratieachtergrond;1979;1053;1012;41
6638;Totaal mannen en vrouwen;75 tot 80 jaar;Niet-westerse migratieachtergrond;1980;1114;1062;52
6639;Totaal mannen en vrouwen;75 tot 80 jaar;Niet-westerse migratieachtergrond;1981;1182;1128;54
6640;Totaal mannen en vrouwen;75 tot 80 jaar;Niet-westerse migratieachtergrond;1982;1229;1181;48
6641;Totaal mannen en vrouwen;75 tot 80 jaar;Niet-westerse migratieachtergrond;1983;1243;1186;57
6642;Totaal mannen en vrouwen;75 tot 80 jaar;Niet-westerse migratieachtergrond;1984;1267;1185;82
6643;Totaal mannen en vrouwen;75 tot 80 jaar;Niet-westerse migratieachtergrond;1985;1356;1272;84
6644;Totaal mannen en vrouwen;75 tot 80 jaar;Niet-westerse migratieachtergrond;1986;1475;1389;86
6645;Totaal mannen en vrouwen;75 tot 80 jaar;Niet-westerse migratieachtergrond;1987;1601;1497;104
6646;Totaal mannen en vrouwen;75 tot 80 jaar;Niet-westerse migratieachtergrond;1988;1721;1623;98
6647;Totaal mannen en vrouwen;75 tot 80 jaar;Niet-westerse migratieachtergrond;1989;1830;1732;98
6648;Totaal mannen en vrouwen;75 tot 80 jaar;Niet-westerse migratieachtergrond;1990;1916;1810;106
6649;Totaal mannen en vrouwen;75 tot 80 jaar;Niet-westerse migratieachtergrond;1991;2003;1878;125
6650;Totaal mannen en vrouwen;75 tot 80 jaar;Niet-westerse migratieachtergrond;1992;2164;2035;129
6651;Totaal mannen en vrouwen;75 tot 80 jaar;Niet-westerse migratieachtergrond;1993;2335;2184;151
6652;Totaal mannen en vrouwen;75 tot 80 jaar;Niet-westerse migratieachtergrond;1994;2437;2286;151
6653;Totaal mannen en vrouwen;75 tot 80 jaar;Niet-westerse migratieachtergrond;1995;2510;2338;172
6654;Totaal mannen en vrouwen;75 tot 80 jaar;Niet-westerse migratieachtergrond;1996;2706;2520;186
6655;Totaal mannen en vrouwen;75 tot 80 jaar;Niet-westerse migratieachtergrond;1997;2905;2705;200
6656;Totaal mannen en vrouwen;75 tot 80 jaar;Niet-westerse migratieachtergrond;1998;3162;2945;217
6657;Totaal mannen en vrouwen;75 tot 80 jaar;Niet-westerse migratieachtergrond;1999;3497;3248;249
6658;Totaal mannen en vrouwen;75 tot 80 jaar;Niet-westerse migratieachtergrond;2000;3965;3678;287
6659;Totaal mannen en vrouwen;75 tot 80 jaar;Niet-westerse migratieachtergrond;2001;4379;4069;310
6660;Totaal mannen en vrouwen;75 tot 80 jaar;Niet-westerse migratieachtergrond;2002;4762;4425;337
6661;Totaal mannen en vrouwen;75 tot 80 jaar;Niet-westerse migratieachtergrond;2003;5046;4694;352
6662;Totaal mannen en vrouwen;75 tot 80 jaar;Niet-westerse migratieachtergrond;2004;5401;5041;360
6663;Totaal mannen en vrouwen;75 tot 80 jaar;Niet-westerse migratieachtergrond;2005;5814;5440;374
6664;Totaal mannen en vrouwen;75 tot 80 jaar;Niet-westerse migratieachtergrond;2006;6588;6195;393
6665;Totaal mannen en vrouwen;75 tot 80 jaar;Niet-westerse migratieachtergrond;2007;7157;6750;407
6666;Totaal mannen en vrouwen;75 tot 80 jaar;Niet-westerse migratieachtergrond;2008;8185;7758;427
6667;Totaal mannen en vrouwen;75 tot 80 jaar;Niet-westerse migratieachtergrond;2009;9230;8797;433
6668;Totaal mannen en vrouwen;75 tot 80 jaar;Niet-westerse migratieachtergrond;2010;10446;10008;438
6669;Totaal mannen en vrouwen;75 tot 80 jaar;Niet-westerse migratieachtergrond;2011;11577;11144;433
6670;Totaal mannen en vrouwen;75 tot 80 jaar;Niet-westerse migratieachtergrond;2012;13150;12715;435
6671;Totaal mannen en vrouwen;75 tot 80 jaar;Niet-westerse migratieachtergrond;2013;14749;14299;450
6672;Totaal mannen en vrouwen;75 tot 80 jaar;Niet-westerse migratieachtergrond;2014;16641;16179;462
6673;Totaal mannen en vrouwen;75 tot 80 jaar;Niet-westerse migratieachtergrond;2015;18384;17900;484
6674;Totaal mannen en vrouwen;75 tot 80 jaar;Niet-westerse migratieachtergrond;2016;20881;20380;501
6675;Totaal mannen en vrouwen;75 tot 80 jaar;Niet-westerse migratieachtergrond;2017;22053;21539;514
6676;Totaal mannen en vrouwen;75 tot 80 jaar;Niet-westerse migratieachtergrond;2018;23815;23301;514
6677;Totaal mannen en vrouwen;75 tot 80 jaar;Niet-westerse migratieachtergrond;2019;24728;24194;534
6678;Totaal mannen en vrouwen;75 tot 80 jaar;Niet-westerse migratieachtergrond;2020;25973;25395;578
6679;Totaal mannen en vrouwen;75 tot 80 jaar;Niet-westerse migratieachtergrond;2021;26611;26022;589
6680;Totaal mannen en vrouwen;75 tot 80 jaar;Niet-westerse migratieachtergrond;2022;28070;27368;702
6681;Totaal mannen en vrouwen;75 tot 80 jaar;Marokko;1972;0;0;0
6682;Totaal mannen en vrouwen;75 tot 80 jaar;Marokko;1973;1;1;0
6683;Totaal mannen en vrouwen;75 tot 80 jaar;Marokko;1974;1;1;0
6684;Totaal mannen en vrouwen;75 tot 80 jaar;Marokko;1975;1;1;0
6685;Totaal mannen en vrouwen;75 tot 80 jaar;Marokko;1976;3;3;0
6686;Totaal mannen en vrouwen;75 tot 80 jaar;Marokko;1977;3;3;0
6687;Totaal mannen en vrouwen;75 tot 80 jaar;Marokko;1978;4;4;0
6688;Totaal mannen en vrouwen;75 tot 80 jaar;Marokko;1979;4;4;0
6689;Totaal mannen en vrouwen;75 tot 80 jaar;Marokko;1980;5;5;0
6690;Totaal mannen en vrouwen;75 tot 80 jaar;Marokko;1981;7;7;0
6691;Totaal mannen en vrouwen;75 tot 80 jaar;Marokko;1982;6;6;0
6692;Totaal mannen en vrouwen;75 tot 80 jaar;Marokko;1983;10;10;0
6693;Totaal mannen en vrouwen;75 tot 80 jaar;Marokko;1984;10;10;0
6694;Totaal mannen en vrouwen;75 tot 80 jaar;Marokko;1985;14;14;0
6695;Totaal mannen en vrouwen;75 tot 80 jaar;Marokko;1986;20;20;0
6696;Totaal mannen en vrouwen;75 tot 80 jaar;Marokko;1987;23;23;0
6697;Totaal mannen en vrouwen;75 tot 80 jaar;Marokko;1988;34;34;0
6698;Totaal mannen en vrouwen;75 tot 80 jaar;Marokko;1989;38;38;0
6699;Totaal mannen en vrouwen;75 tot 80 jaar;Marokko;1990;48;48;0
6700;Totaal mannen en vrouwen;75 tot 80 jaar;Marokko;1991;52;52;0
6701;Totaal mannen en vrouwen;75 tot 80 jaar;Marokko;1992;53;53;0
6702;Totaal mannen en vrouwen;75 tot 80 jaar;Marokko;1993;64;64;0
6703;Totaal mannen en vrouwen;75 tot 80 jaar;Marokko;1994;71;71;0
6704;Totaal mannen en vrouwen;75 tot 80 jaar;Marokko;1995;92;92;0
6705;Totaal mannen en vrouwen;75 tot 80 jaar;Marokko;1996;154;154;0
6706;Totaal mannen en vrouwen;75 tot 80 jaar;Marokko;1997;168;168;0
6707;Totaal mannen en vrouwen;75 tot 80 jaar;Marokko;1998;189;188;1
6708;Totaal mannen en vrouwen;75 tot 80 jaar;Marokko;1999;215;214;1
6709;Totaal mannen en vrouwen;75 tot 80 jaar;Marokko;2000;253;252;1
6710;Totaal mannen en vrouwen;75 tot 80 jaar;Marokko;2001;271;270;1
6711;Totaal mannen en vrouwen;75 tot 80 jaar;Marokko;2002;331;330;1
6712;Totaal mannen en vrouwen;75 tot 80 jaar;Marokko;2003;400;400;0
6713;Totaal mannen en vrouwen;75 tot 80 jaar;Marokko;2004;468;468;0
6714;Totaal mannen en vrouwen;75 tot 80 jaar;Marokko;2005;525;525;0
6715;Totaal mannen en vrouwen;75 tot 80 jaar;Marokko;2006;855;855;0
6716;Totaal mannen en vrouwen;75 tot 80 jaar;Marokko;2007;978;978;0
6717;Totaal mannen en vrouwen;75 tot 80 jaar;Marokko;2008;1250;1250;0
6718;Totaal mannen en vrouwen;75 tot 80 jaar;Marokko;2009;1490;1490;0
6719;Totaal mannen en vrouwen;75 tot 80 jaar;Marokko;2010;1913;1913;0
6720;Totaal mannen en vrouwen;75 tot 80 jaar;Marokko;2011;2255;2255;0
6721;Totaal mannen en vrouwen;75 tot 80 jaar;Marokko;2012;2948;2948;0
6722;Totaal mannen en vrouwen;75 tot 80 jaar;Marokko;2013;3500;3500;0
6723;Totaal mannen en vrouwen;75 tot 80 jaar;Marokko;2014;4278;4278;0
6724;Totaal mannen en vrouwen;75 tot 80 jaar;Marokko;2015;4660;4660;0
6725;Totaal mannen en vrouwen;75 tot 80 jaar;Marokko;2016;5699;5698;1
6726;Totaal mannen en vrouwen;75 tot 80 jaar;Marokko;2017;5747;5746;1
6727;Totaal mannen en vrouwen;75 tot 80 jaar;Marokko;2018;6281;6280;1
6728;Totaal mannen en vrouwen;75 tot 80 jaar;Marokko;2019;6261;6260;1
6729;Totaal mannen en vrouwen;75 tot 80 jaar;Marokko;2020;6487;6486;1
6730;Totaal mannen en vrouwen;75 tot 80 jaar;Marokko;2021;5830;5830;0
6731;Totaal mannen en vrouwen;75 tot 80 jaar;Marokko;2022;5784;5784;0
6732;Totaal mannen en vrouwen;75 tot 80 jaar;(voormalige) Nederlandse Antillen, Aruba;1972;30;30;0
6733;Totaal mannen en vrouwen;75 tot 80 jaar;(voormalige) Nederlandse Antillen, Aruba;1973;37;37;0
6734;Totaal mannen en vrouwen;75 tot 80 jaar;(voormalige) Nederlandse Antillen, Aruba;1974;35;35;0
6735;Totaal mannen en vrouwen;75 tot 80 jaar;(voormalige) Nederlandse Antillen, Aruba;1975;41;41;0
6736;Totaal mannen en vrouwen;75 tot 80 jaar;(voormalige) Nederlandse Antillen, Aruba;1976;46;46;0
6737;Totaal mannen en vrouwen;75 tot 80 jaar;(voormalige) Nederlandse Antillen, Aruba;1977;49;49;0
6738;Totaal mannen en vrouwen;75 tot 80 jaar;(voormalige) Nederlandse Antillen, Aruba;1978;52;52;0
6739;Totaal mannen en vrouwen;75 tot 80 jaar;(voormalige) Nederlandse Antillen, Aruba;1979;66;61;5
6740;Totaal mannen en vrouwen;75 tot 80 jaar;(voormalige) Nederlandse Antillen, Aruba;1980;77;69;8
6741;Totaal mannen en vrouwen;75 tot 80 jaar;(voormalige) Nederlandse Antillen, Aruba;1981;95;78;17
6742;Totaal mannen en vrouwen;75 tot 80 jaar;(voormalige) Nederlandse Antillen, Aruba;1982;119;97;22
6743;Totaal mannen en vrouwen;75 tot 80 jaar;(voormalige) Nederlandse Antillen, Aruba;1983;118;94;24
6744;Totaal mannen en vrouwen;75 tot 80 jaar;(voormalige) Nederlandse Antillen, Aruba;1984;124;97;27
6745;Totaal mannen en vrouwen;75 tot 80 jaar;(voormalige) Nederlandse Antillen, Aruba;1985;126;102;24
6746;Totaal mannen en vrouwen;75 tot 80 jaar;(voormalige) Nederlandse Antillen, Aruba;1986;142;122;20
6747;Totaal mannen en vrouwen;75 tot 80 jaar;(voormalige) Nederlandse Antillen, Aruba;1987;162;140;22
6748;Totaal mannen en vrouwen;75 tot 80 jaar;(voormalige) Nederlandse Antillen, Aruba;1988;187;166;21
6749;Totaal mannen en vrouwen;75 tot 80 jaar;(voormalige) Nederlandse Antillen, Aruba;1989;199;179;20
6750;Totaal mannen en vrouwen;75 tot 80 jaar;(voormalige) Nederlandse Antillen, Aruba;1990;215;195;20
6751;Totaal mannen en vrouwen;75 tot 80 jaar;(voormalige) Nederlandse Antillen, Aruba;1991;233;209;24
6752;Totaal mannen en vrouwen;75 tot 80 jaar;(voormalige) Nederlandse Antillen, Aruba;1992;262;241;21
6753;Totaal mannen en vrouwen;75 tot 80 jaar;(voormalige) Nederlandse Antillen, Aruba;1993;288;264;24
6754;Totaal mannen en vrouwen;75 tot 80 jaar;(voormalige) Nederlandse Antillen, Aruba;1994;322;297;25
6755;Totaal mannen en vrouwen;75 tot 80 jaar;(voormalige) Nederlandse Antillen, Aruba;1995;235;205;30
6756;Totaal mannen en vrouwen;75 tot 80 jaar;(voormalige) Nederlandse Antillen, Aruba;1996;260;230;30
6757;Totaal mannen en vrouwen;75 tot 80 jaar;(voormalige) Nederlandse Antillen, Aruba;1997;257;220;37
6758;Totaal mannen en vrouwen;75 tot 80 jaar;(voormalige) Nederlandse Antillen, Aruba;1998;262;224;38
6759;Totaal mannen en vrouwen;75 tot 80 jaar;(voormalige) Nederlandse Antillen, Aruba;1999;277;239;38
6760;Totaal mannen en vrouwen;75 tot 80 jaar;(voormalige) Nederlandse Antillen, Aruba;2000;287;242;45
6761;Totaal mannen en vrouwen;75 tot 80 jaar;(voormalige) Nederlandse Antillen, Aruba;2001;313;272;41
6762;Totaal mannen en vrouwen;75 tot 80 jaar;(voormalige) Nederlandse Antillen, Aruba;2002;323;283;40
6763;Totaal mannen en vrouwen;75 tot 80 jaar;(voormalige) Nederlandse Antillen, Aruba;2003;368;326;42
6764;Totaal mannen en vrouwen;75 tot 80 jaar;(voormalige) Nederlandse Antillen, Aruba;2004;401;361;40
6765;Totaal mannen en vrouwen;75 tot 80 jaar;(voormalige) Nederlandse Antillen, Aruba;2005;434;400;34
6766;Totaal mannen en vrouwen;75 tot 80 jaar;(voormalige) Nederlandse Antillen, Aruba;2006;476;446;30
6767;Totaal mannen en vrouwen;75 tot 80 jaar;(voormalige) Nederlandse Antillen, Aruba;2007;492;465;27
6768;Totaal mannen en vrouwen;75 tot 80 jaar;(voormalige) Nederlandse Antillen, Aruba;2008;561;532;29
6769;Totaal mannen en vrouwen;75 tot 80 jaar;(voormalige) Nederlandse Antillen, Aruba;2009;623;589;34
6770;Totaal mannen en vrouwen;75 tot 80 jaar;(voormalige) Nederlandse Antillen, Aruba;2010;710;671;39
6771;Totaal mannen en vrouwen;75 tot 80 jaar;(voormalige) Nederlandse Antillen, Aruba;2011;741;702;39
6772;Totaal mannen en vrouwen;75 tot 80 jaar;(voormalige) Nederlandse Antillen, Aruba;2012;791;750;41
6773;Totaal mannen en vrouwen;75 tot 80 jaar;(voormalige) Nederlandse Antillen, Aruba;2013;853;813;40
6774;Totaal mannen en vrouwen;75 tot 80 jaar;(voormalige) Nederlandse Antillen, Aruba;2014;920;883;37
6775;Totaal mannen en vrouwen;75 tot 80 jaar;(voormalige) Nederlandse Antillen, Aruba;2015;1018;983;35
6776;Totaal mannen en vrouwen;75 tot 80 jaar;(voormalige) Nederlandse Antillen, Aruba;2016;1191;1152;39
6777;Totaal mannen en vrouwen;75 tot 80 jaar;(voormalige) Nederlandse Antillen, Aruba;2017;1284;1249;35
6778;Totaal mannen en vrouwen;75 tot 80 jaar;(voormalige) Nederlandse Antillen, Aruba;2018;1497;1463;34
6779;Totaal mannen en vrouwen;75 tot 80 jaar;(voormalige) Nederlandse Antillen, Aruba;2019;1658;1624;34
6780;Totaal mannen en vrouwen;75 tot 80 jaar;(voormalige) Nederlandse Antillen, Aruba;2020;1898;1861;37
6781;Totaal mannen en vrouwen;75 tot 80 jaar;(voormalige) Nederlandse Antillen, Aruba;2021;2130;2095;35
6782;Totaal mannen en vrouwen;75 tot 80 jaar;(voormalige) Nederlandse Antillen, Aruba;2022;2353;2312;41
6783;Totaal mannen en vrouwen;75 tot 80 jaar;Suriname;1972;203;203;0
6784;Totaal mannen en vrouwen;75 tot 80 jaar;Suriname;1973;224;224;0
6785;Totaal mannen en vrouwen;75 tot 80 jaar;Suriname;1974;265;265;0
6786;Totaal mannen en vrouwen;75 tot 80 jaar;Suriname;1975;323;323;0
6787;Totaal mannen en vrouwen;75 tot 80 jaar;Suriname;1976;456;446;10
6788;Totaal mannen en vrouwen;75 tot 80 jaar;Suriname;1977;534;507;27
6789;Totaal mannen en vrouwen;75 tot 80 jaar;Suriname;1978;589;564;25
6790;Totaal mannen en vrouwen;75 tot 80 jaar;Suriname;1979;634;610;24
6791;Totaal mannen en vrouwen;75 tot 80 jaar;Suriname;1980;667;646;21
6792;Totaal mannen en vrouwen;75 tot 80 jaar;Suriname;1981;719;707;12
6793;Totaal mannen en vrouwen;75 tot 80 jaar;Suriname;1982;733;728;5
6794;Totaal mannen en vrouwen;75 tot 80 jaar;Suriname;1983;720;704;16
6795;Totaal mannen en vrouwen;75 tot 80 jaar;Suriname;1984;746;712;34
6796;Totaal mannen en vrouwen;75 tot 80 jaar;Suriname;1985;811;774;37
6797;Totaal mannen en vrouwen;75 tot 80 jaar;Suriname;1986;871;835;36
6798;Totaal mannen en vrouwen;75 tot 80 jaar;Suriname;1987;936;896;40
6799;Totaal mannen en vrouwen;75 tot 80 jaar;Suriname;1988;1023;987;36
6800;Totaal mannen en vrouwen;75 tot 80 jaar;Suriname;1989;1097;1062;35
6801;Totaal mannen en vrouwen;75 tot 80 jaar;Suriname;1990;1156;1110;46
6802;Totaal mannen en vrouwen;75 tot 80 jaar;Suriname;1991;1213;1157;56
6803;Totaal mannen en vrouwen;75 tot 80 jaar;Suriname;1992;1315;1254;61
6804;Totaal mannen en vrouwen;75 tot 80 jaar;Suriname;1993;1391;1321;70
6805;Totaal mannen en vrouwen;75 tot 80 jaar;Suriname;1994;1456;1393;63
6806;Totaal mannen en vrouwen;75 tot 80 jaar;Suriname;1995;1431;1366;65
6807;Totaal mannen en vrouwen;75 tot 80 jaar;Suriname;1996;1482;1412;70
6808;Totaal mannen en vrouwen;75 tot 80 jaar;Suriname;1997;1589;1518;71
6809;Totaal mannen en vrouwen;75 tot 80 jaar;Suriname;1998;1705;1630;75
6810;Totaal mannen en vrouwen;75 tot 80 jaar;Suriname;1999;1827;1741;86
6811;Totaal mannen en vrouwen;75 tot 80 jaar;Suriname;2000;2058;1967;91
6812;Totaal mannen en vrouwen;75 tot 80 jaar;Suriname;2001;2226;2131;95
6813;Totaal mannen en vrouwen;75 tot 80 jaar;Suriname;2002;2312;2200;112
6814;Totaal mannen en vrouwen;75 tot 80 jaar;Suriname;2003;2296;2182;114
6815;Totaal mannen en vrouwen;75 tot 80 jaar;Suriname;2004;2347;2231;116
6816;Totaal mannen en vrouwen;75 tot 80 jaar;Suriname;2005;2451;2321;130
6817;Totaal mannen en vrouwen;75 tot 80 jaar;Suriname;2006;2539;2398;141
6818;Totaal mannen en vrouwen;75 tot 80 jaar;Suriname;2007;2677;2529;148
6819;Totaal mannen en vrouwen;75 tot 80 jaar;Suriname;2008;2873;2704;169
6820;Totaal mannen en vrouwen;75 tot 80 jaar;Suriname;2009;3056;2879;177
6821;Totaal mannen en vrouwen;75 tot 80 jaar;Suriname;2010;3263;3073;190
6822;Totaal mannen en vrouwen;75 tot 80 jaar;Suriname;2011;3537;3339;198
6823;Totaal mannen en vrouwen;75 tot 80 jaar;Suriname;2012;3763;3568;195
6824;Totaal mannen en vrouwen;75 tot 80 jaar;Suriname;2013;4029;3826;203
6825;Totaal mannen en vrouwen;75 tot 80 jaar;Suriname;2014;4322;4109;213
6826;Totaal mannen en vrouwen;75 tot 80 jaar;Suriname;2015;4657;4428;229
6827;Totaal mannen en vrouwen;75 tot 80 jaar;Suriname;2016;4863;4631;232
6828;Totaal mannen en vrouwen;75 tot 80 jaar;Suriname;2017;5219;4979;240
6829;Totaal mannen en vrouwen;75 tot 80 jaar;Suriname;2018;5558;5323;235
6830;Totaal mannen en vrouwen;75 tot 80 jaar;Suriname;2019;5863;5632;231
6831;Totaal mannen en vrouwen;75 tot 80 jaar;Suriname;2020;6197;5967;230
6832;Totaal mannen en vrouwen;75 tot 80 jaar;Suriname;2021;6782;6542;240
6833;Totaal mannen en vrouwen;75 tot 80 jaar;Suriname;2022;7359;7079;280
6834;Totaal mannen en vrouwen;75 tot 80 jaar;Turkije;1972;0;0;0
6835;Totaal mannen en vrouwen;75 tot 80 jaar;Turkije;1973;6;6;0
6836;Totaal mannen en vrouwen;75 tot 80 jaar;Turkije;1974;14;14;0
6837;Totaal mannen en vrouwen;75 tot 80 jaar;Turkije;1975;20;20;0
6838;Totaal mannen en vrouwen;75 tot 80 jaar;Turkije;1976;29;29;0
6839;Totaal mannen en vrouwen;75 tot 80 jaar;Turkije;1977;44;44;0
6840;Totaal mannen en vrouwen;75 tot 80 jaar;Turkije;1978;48;48;0
6841;Totaal mannen en vrouwen;75 tot 80 jaar;Turkije;1979;63;63;0
6842;Totaal mannen en vrouwen;75 tot 80 jaar;Turkije;1980;75;75;0
6843;Totaal mannen en vrouwen;75 tot 80 jaar;Turkije;1981;98;98;0
6844;Totaal mannen en vrouwen;75 tot 80 jaar;Turkije;1982;91;91;0
6845;Totaal mannen en vrouwen;75 tot 80 jaar;Turkije;1983;88;88;0
6846;Totaal mannen en vrouwen;75 tot 80 jaar;Turkije;1984;81;81;0
6847;Totaal mannen en vrouwen;75 tot 80 jaar;Turkije;1985;81;81;0
6848;Totaal mannen en vrouwen;75 tot 80 jaar;Turkije;1986;78;78;0
6849;Totaal mannen en vrouwen;75 tot 80 jaar;Turkije;1987;76;73;3
6850;Totaal mannen en vrouwen;75 tot 80 jaar;Turkije;1988;76;73;3
6851;Totaal mannen en vrouwen;75 tot 80 jaar;Turkije;1989;72;67;5
6852;Totaal mannen en vrouwen;75 tot 80 jaar;Turkije;1990;79;74;5
6853;Totaal mannen en vrouwen;75 tot 80 jaar;Turkije;1991;88;83;5
6854;Totaal mannen en vrouwen;75 tot 80 jaar;Turkije;1992;105;102;3
6855;Totaal mannen en vrouwen;75 tot 80 jaar;Turkije;1993;136;133;3
6856;Totaal mannen en vrouwen;75 tot 80 jaar;Turkije;1994;137;136;1
6857;Totaal mannen en vrouwen;75 tot 80 jaar;Turkije;1995;138;134;4
6858;Totaal mannen en vrouwen;75 tot 80 jaar;Turkije;1996;152;148;4
6859;Totaal mannen en vrouwen;75 tot 80 jaar;Turkije;1997;177;174;3
6860;Totaal mannen en vrouwen;75 tot 80 jaar;Turkije;1998;218;213;5
6861;Totaal mannen en vrouwen;75 tot 80 jaar;Turkije;1999;250;242;8
6862;Totaal mannen en vrouwen;75 tot 80 jaar;Turkije;2000;289;282;7
6863;Totaal mannen en vrouwen;75 tot 80 jaar;Turkije;2001;317;310;7
6864;Totaal mannen en vrouwen;75 tot 80 jaar;Turkije;2002;428;420;8
6865;Totaal mannen en vrouwen;75 tot 80 jaar;Turkije;2003;514;508;6
6866;Totaal mannen en vrouwen;75 tot 80 jaar;Turkije;2004;624;617;7
6867;Totaal mannen en vrouwen;75 tot 80 jaar;Turkije;2005;757;749;8
6868;Totaal mannen en vrouwen;75 tot 80 jaar;Turkije;2006;943;934;9
6869;Totaal mannen en vrouwen;75 tot 80 jaar;Turkije;2007;1134;1125;9
6870;Totaal mannen en vrouwen;75 tot 80 jaar;Turkije;2008;1400;1390;10
6871;Totaal mannen en vrouwen;75 tot 80 jaar;Turkije;2009;1802;1794;8
6872;Totaal mannen en vrouwen;75 tot 80 jaar;Turkije;2010;2126;2120;6
6873;Totaal mannen en vrouwen;75 tot 80 jaar;Turkije;2011;2395;2388;7
6874;Totaal mannen en vrouwen;75 tot 80 jaar;Turkije;2012;2766;2759;7
6875;Totaal mannen en vrouwen;75 tot 80 jaar;Turkije;2013;3236;3229;7
6876;Totaal mannen en vrouwen;75 tot 80 jaar;Turkije;2014;3687;3681;6
6877;Totaal mannen en vrouwen;75 tot 80 jaar;Turkije;2015;4202;4194;8
6878;Totaal mannen en vrouwen;75 tot 80 jaar;Turkije;2016;4983;4978;5
6879;Totaal mannen en vrouwen;75 tot 80 jaar;Turkije;2017;5338;5331;7
6880;Totaal mannen en vrouwen;75 tot 80 jaar;Turkije;2018;5668;5659;9
6881;Totaal mannen en vrouwen;75 tot 80 jaar;Turkije;2019;5672;5662;10
6882;Totaal mannen en vrouwen;75 tot 80 jaar;Turkije;2020;5679;5670;9
6883;Totaal mannen en vrouwen;75 tot 80 jaar;Turkije;2021;5524;5514;10
6884;Totaal mannen en vrouwen;75 tot 80 jaar;Turkije;2022;5434;5421;13
6885;Totaal mannen en vrouwen;75 tot 80 jaar;Overige niet-westerse migratieachterg...;1972;0;0;0
6886;Totaal mannen en vrouwen;75 tot 80 jaar;Overige niet-westerse migratieachterg...;1973;18;18;0
6887;Totaal mannen en vrouwen;75 tot 80 jaar;Overige niet-westerse migratieachterg...;1974;35;35;0
6888;Totaal mannen en vrouwen;75 tot 80 jaar;Overige niet-westerse migratieachterg...;1975;116;116;0
6889;Totaal mannen en vrouwen;75 tot 80 jaar;Overige niet-westerse migratieachterg...;1976;203;203;0
6890;Totaal mannen en vrouwen;75 tot 80 jaar;Overige niet-westerse migratieachterg...;1977;206;199;7
6891;Totaal mannen en vrouwen;75 tot 80 jaar;Overige niet-westerse migratieachterg...;1978;245;232;13
6892;Totaal mannen en vrouwen;75 tot 80 jaar;Overige niet-westerse migratieachterg...;1979;286;274;12
6893;Totaal mannen en vrouwen;75 tot 80 jaar;Overige niet-westerse migratieachterg...;1980;290;267;23
6894;Totaal mannen en vrouwen;75 tot 80 jaar;Overige niet-westerse migratieachterg...;1981;263;238;25
6895;Totaal mannen en vrouwen;75 tot 80 jaar;Overige niet-westerse migratieachterg...;1982;280;259;21
6896;Totaal mannen en vrouwen;75 tot 80 jaar;Overige niet-westerse migratieachterg...;1983;307;290;17
6897;Totaal mannen en vrouwen;75 tot 80 jaar;Overige niet-westerse migratieachterg...;1984;306;285;21
6898;Totaal mannen en vrouwen;75 tot 80 jaar;Overige niet-westerse migratieachterg...;1985;324;301;23
6899;Totaal mannen en vrouwen;75 tot 80 jaar;Overige niet-westerse migratieachterg...;1986;364;334;30
6900;Totaal mannen en vrouwen;75 tot 80 jaar;Overige niet-westerse migratieachterg...;1987;404;365;39
6901;Totaal mannen en vrouwen;75 tot 80 jaar;Overige niet-westerse migratieachterg...;1988;401;363;38
6902;Totaal mannen en vrouwen;75 tot 80 jaar;Overige niet-westerse migratieachterg...;1989;424;386;38
6903;Totaal mannen en vrouwen;75 tot 80 jaar;Overige niet-westerse migratieachterg...;1990;418;383;35
6904;Totaal mannen en vrouwen;75 tot 80 jaar;Overige niet-westerse migratieachterg...;1991;417;377;40
6905;Totaal mannen en vrouwen;75 tot 80 jaar;Overige niet-westerse migratieachterg...;1992;429;385;44
6906;Totaal mannen en vrouwen;75 tot 80 jaar;Overige niet-westerse migratieachterg...;1993;456;402;54
6907;Totaal mannen en vrouwen;75 tot 80 jaar;Overige niet-westerse migratieachterg...;1994;451;389;62
6908;Totaal mannen en vrouwen;75 tot 80 jaar;Overige niet-westerse migratieachterg...;1995;614;541;73
6909;Totaal mannen en vrouwen;75 tot 80 jaar;Overige niet-westerse migratieachterg...;1996;658;576;82
6910;Totaal mannen en vrouwen;75 tot 80 jaar;Overige niet-westerse migratieachterg...;1997;714;625;89
6911;Totaal mannen en vrouwen;75 tot 80 jaar;Overige niet-westerse migratieachterg...;1998;788;690;98
6912;Totaal mannen en vrouwen;75 tot 80 jaar;Overige niet-westerse migratieachterg...;1999;928;812;116
6913;Totaal mannen en vrouwen;75 tot 80 jaar;Overige niet-westerse migratieachterg...;2000;1078;935;143
6914;Totaal mannen en vrouwen;75 tot 80 jaar;Overige niet-westerse migratieachterg...;2001;1252;1086;166
6915;Totaal mannen en vrouwen;75 tot 80 jaar;Overige niet-westerse migratieachterg...;2002;1368;1192;176
6916;Totaal mannen en vrouwen;75 tot 80 jaar;Overige niet-westerse migratieachterg...;2003;1468;1278;190
6917;Totaal mannen en vrouwen;75 tot 80 jaar;Overige niet-westerse migratieachterg...;2004;1561;1364;197
6918;Totaal mannen en vrouwen;75 tot 80 jaar;Overige niet-westerse migratieachterg...;2005;1647;1445;202
6919;Totaal mannen en vrouwen;75 tot 80 jaar;Overige niet-westerse migratieachterg...;2006;1775;1562;213
6920;Totaal mannen en vrouwen;75 tot 80 jaar;Overige niet-westerse migratieachterg...;2007;1876;1653;223
6921;Totaal mannen en vrouwen;75 tot 80 jaar;Overige niet-westerse migratieachterg...;2008;2101;1882;219
6922;Totaal mannen en vrouwen;75 tot 80 jaar;Overige niet-westerse migratieachterg...;2009;2259;2045;214
6923;Totaal mannen en vrouwen;75 tot 80 jaar;Overige niet-westerse migratieachterg...;2010;2434;2231;203
6924;Totaal mannen en vrouwen;75 tot 80 jaar;Overige niet-westerse migratieachterg...;2011;2649;2460;189
6925;Totaal mannen en vrouwen;75 tot 80 jaar;Overige niet-westerse migratieachterg...;2012;2882;2690;192
6926;Totaal mannen en vrouwen;75 tot 80 jaar;Overige niet-westerse migratieachterg...;2013;3131;2931;200
6927;Totaal mannen en vrouwen;75 tot 80 jaar;Overige niet-westerse migratieachterg...;2014;3434;3228;206
6928;Totaal mannen en vrouwen;75 tot 80 jaar;Overige niet-westerse migratieachterg...;2015;3847;3635;212
6929;Totaal mannen en vrouwen;75 tot 80 jaar;Overige niet-westerse migratieachterg...;2016;4145;3921;224
6930;Totaal mannen en vrouwen;75 tot 80 jaar;Overige niet-westerse migratieachterg...;2017;4465;4234;231
6931;Totaal mannen en vrouwen;75 tot 80 jaar;Overige niet-westerse migratieachterg...;2018;4811;4576;235
6932;Totaal mannen en vrouwen;75 tot 80 jaar;Overige niet-westerse migratieachterg...;2019;5274;5016;258
6933;Totaal mannen en vrouwen;75 tot 80 jaar;Overige niet-westerse migratieachterg...;2020;5712;5411;301
6934;Totaal mannen en vrouwen;75 tot 80 jaar;Overige niet-westerse migratieachterg...;2021;6345;6041;304
6935;Totaal mannen en vrouwen;75 tot 80 jaar;Overige niet-westerse migratieachterg...;2022;7140;6772;368
6936;Totaal mannen en vrouwen;80 tot 85 jaar;Met migratieachtergrond;1972;6241;4217;2024
6937;Totaal mannen en vrouwen;80 tot 85 jaar;Met migratieachtergrond;1973;6175;4128;2047
6938;Totaal mannen en vrouwen;80 tot 85 jaar;Met migratieachtergrond;1974;6229;4073;2156
6939;Totaal mannen en vrouwen;80 tot 85 jaar;Met migratieachtergrond;1975;6275;3965;2310
6940;Totaal mannen en vrouwen;80 tot 85 jaar;Met migratieachtergrond;1976;6751;4253;2498
6941;Totaal mannen en vrouwen;80 tot 85 jaar;Met migratieachtergrond;1977;6961;4422;2539
6942;Totaal mannen en vrouwen;80 tot 85 jaar;Met migratieachtergrond;1978;7698;5070;2628
6943;Totaal mannen en vrouwen;80 tot 85 jaar;Met migratieachtergrond;1979;8024;5444;2580
6944;Totaal mannen en vrouwen;80 tot 85 jaar;Met migratieachtergrond;1980;9157;6328;2829
6945;Totaal mannen en vrouwen;80 tot 85 jaar;Met migratieachtergrond;1981;9774;6974;2800
6946;Totaal mannen en vrouwen;80 tot 85 jaar;Met migratieachtergrond;1982;10956;7876;3080
6947;Totaal mannen en vrouwen;80 tot 85 jaar;Met migratieachtergrond;1983;11703;8391;3312
6948;Totaal mannen en vrouwen;80 tot 85 jaar;Met migratieachtergrond;1984;12654;9107;3547
6949;Totaal mannen en vrouwen;80 tot 85 jaar;Met migratieachtergrond;1985;13267;9552;3715
6950;Totaal mannen en vrouwen;80 tot 85 jaar;Met migratieachtergrond;1986;14231;10250;3981
6951;Totaal mannen en vrouwen;80 tot 85 jaar;Met migratieachtergrond;1987;14613;10640;3973
6952;Totaal mannen en vrouwen;80 tot 85 jaar;Met migratieachtergrond;1988;15403;11455;3948
6953;Totaal mannen en vrouwen;80 tot 85 jaar;Met migratieachtergrond;1989;16652;12451;4201
6954;Totaal mannen en vrouwen;80 tot 85 jaar;Met migratieachtergrond;1990;17747;13461;4286
6955;Totaal mannen en vrouwen;80 tot 85 jaar;Met migratieachtergrond;1991;18583;14191;4392
6956;Totaal mannen en vrouwen;80 tot 85 jaar;Met migratieachtergrond;1992;19300;14857;4443
6957;Totaal mannen en vrouwen;80 tot 85 jaar;Met migratieachtergrond;1993;20325;15693;4632
6958;Totaal mannen en vrouwen;80 tot 85 jaar;Met migratieachtergrond;1994;21118;16267;4851
6959;Totaal mannen en vrouwen;80 tot 85 jaar;Met migratieachtergrond;1995;22000;16825;5175
6960;Totaal mannen en vrouwen;80 tot 85 jaar;Met migratieachtergrond;1996;21403;16055;5348
6961;Totaal mannen en vrouwen;80 tot 85 jaar;Met migratieachtergrond;1997;20752;15024;5728
6962;Totaal mannen en vrouwen;80 tot 85 jaar;Met migratieachtergrond;1998;20068;13839;6229
6963;Totaal mannen en vrouwen;80 tot 85 jaar;Met migratieachtergrond;1999;19619;13109;6510
6964;Totaal mannen en vrouwen;80 tot 85 jaar;Met migratieachtergrond;2000;19613;12682;6931
6965;Totaal mannen en vrouwen;80 tot 85 jaar;Met migratieachtergrond;2001;21087;13260;7827
6966;Totaal mannen en vrouwen;80 tot 85 jaar;Met migratieachtergrond;2002;22821;14176;8645
6967;Totaal mannen en vrouwen;80 tot 85 jaar;Met migratieachtergrond;2003;24524;15417;9107
6968;Totaal mannen en vrouwen;80 tot 85 jaar;Met migratieachtergrond;2004;26649;16726;9923
6969;Totaal mannen en vrouwen;80 tot 85 jaar;Met migratieachtergrond;2005;28456;17799;10657
6970;Totaal mannen en vrouwen;80 tot 85 jaar;Met migratieachtergrond;2006;29556;18331;11225
6971;Totaal mannen en vrouwen;80 tot 85 jaar;Met migratieachtergrond;2007;30512;18578;11934
6972;Totaal mannen en vrouwen;80 tot 85 jaar;Met migratieachtergrond;2008;31484;18624;12860
6973;Totaal mannen en vrouwen;80 tot 85 jaar;Met migratieachtergrond;2009;32474;18628;13846
6974;Totaal mannen en vrouwen;80 tot 85 jaar;Met migratieachtergrond;2010;33625;18701;14924
6975;Totaal mannen en vrouwen;80 tot 85 jaar;Met migratieachtergrond;2011;35460;19262;16198
6976;Totaal mannen en vrouwen;80 tot 85 jaar;Met migratieachtergrond;2012;37077;19563;17514
6977;Totaal mannen en vrouwen;80 tot 85 jaar;Met migratieachtergrond;2013;39315;20472;18843
6978;Totaal mannen en vrouwen;80 tot 85 jaar;Met migratieachtergrond;2014;41458;21312;20146
6979;Totaal mannen en vrouwen;80 tot 85 jaar;Met migratieachtergrond;2015;44092;22484;21608
6980;Totaal mannen en vrouwen;80 tot 85 jaar;Met migratieachtergrond;2016;46668;23697;22971
6981;Totaal mannen en vrouwen;80 tot 85 jaar;Met migratieachtergrond;2017;49993;25677;24316
6982;Totaal mannen en vrouwen;80 tot 85 jaar;Met migratieachtergrond;2018;52969;27665;25304
6983;Totaal mannen en vrouwen;80 tot 85 jaar;Met migratieachtergrond;2019;56967;30370;26597
6984;Totaal mannen en vrouwen;80 tot 85 jaar;Met migratieachtergrond;2020;60561;32932;27629
6985;Totaal mannen en vrouwen;80 tot 85 jaar;Met migratieachtergrond;2021;64293;35968;28325
6986;Totaal mannen en vrouwen;80 tot 85 jaar;Met migratieachtergrond;2022;65915;37431;28484
6987;Totaal mannen en vrouwen;80 tot 85 jaar;Westerse migratieachtergrond;1972;6127;4103;2024
6988;Totaal mannen en vrouwen;80 tot 85 jaar;Westerse migratieachtergrond;1973;6043;3996;2047
6989;Totaal mannen en vrouwen;80 tot 85 jaar;Westerse migratieachtergrond;1974;6077;3921;2156
6990;Totaal mannen en vrouwen;80 tot 85 jaar;Westerse migratieachtergrond;1975;6099;3789;2310
6991;Totaal mannen en vrouwen;80 tot 85 jaar;Westerse migratieachtergrond;1976;6540;4042;2498
6992;Totaal mannen en vrouwen;80 tot 85 jaar;Westerse migratieachtergrond;1977;6733;4194;2539
6993;Totaal mannen en vrouwen;80 tot 85 jaar;Westerse migratieachtergrond;1978;7413;4785;2628
6994;Totaal mannen en vrouwen;80 tot 85 jaar;Westerse migratieachtergrond;1979;7692;5112;2580
6995;Totaal mannen en vrouwen;80 tot 85 jaar;Westerse migratieachtergrond;1980;8719;5890;2829
6996;Totaal mannen en vrouwen;80 tot 85 jaar;Westerse migratieachtergrond;1981;9203;6411;2792
6997;Totaal mannen en vrouwen;80 tot 85 jaar;Westerse migratieachtergrond;1982;10311;7255;3056
6998;Totaal mannen en vrouwen;80 tot 85 jaar;Westerse migratieachtergrond;1983;11003;7718;3285
6999;Totaal mannen en vrouwen;80 tot 85 jaar;Westerse migratieachtergrond;1984;11888;8369;3519
7000;Totaal mannen en vrouwen;80 tot 85 jaar;Westerse migratieachtergrond;1985;12483;8805;3678
7001;Totaal mannen en vrouwen;80 tot 85 jaar;Westerse migratieachtergrond;1986;13432;9488;3944
7002;Totaal mannen en vrouwen;80 tot 85 jaar;Westerse migratieachtergrond;1987;13771;9831;3940
7003;Totaal mannen en vrouwen;80 tot 85 jaar;Westerse migratieachtergrond;1988;14502;10596;3906
7004;Totaal mannen en vrouwen;80 tot 85 jaar;Westerse migratieachtergrond;1989;15715;11572;4143
7005;Totaal mannen en vrouwen;80 tot 85 jaar;Westerse migratieachtergrond;1990;16722;12496;4226
7006;Totaal mannen en vrouwen;80 tot 85 jaar;Westerse migratieachtergrond;1991;17480;13148;4332
7007;Totaal mannen en vrouwen;80 tot 85 jaar;Westerse migratieachtergrond;1992;18104;13732;4372
7008;Totaal mannen en vrouwen;80 tot 85 jaar;Westerse migratieachtergrond;1993;19060;14496;4564
7009;Totaal mannen en vrouwen;80 tot 85 jaar;Westerse migratieachtergrond;1994;19751;14968;4783
7010;Totaal mannen en vrouwen;80 tot 85 jaar;Westerse migratieachtergrond;1995;20528;15432;5096
7011;Totaal mannen en vrouwen;80 tot 85 jaar;Westerse migratieachtergrond;1996;19852;14600;5252
7012;Totaal mannen en vrouwen;80 tot 85 jaar;Westerse migratieachtergrond;1997;19155;13530;5625
7013;Totaal mannen en vrouwen;80 tot 85 jaar;Westerse migratieachtergrond;1998;18384;12276;6108
7014;Totaal mannen en vrouwen;80 tot 85 jaar;Westerse migratieachtergrond;1999;17879;11486;6393
7015;Totaal mannen en vrouwen;80 tot 85 jaar;Westerse migratieachtergrond;2000;17831;11024;6807
7016;Totaal mannen en vrouwen;80 tot 85 jaar;Westerse migratieachtergrond;2001;19113;11419;7694
7017;Totaal mannen en vrouwen;80 tot 85 jaar;Westerse migratieachtergrond;2002;20642;12152;8490
7018;Totaal mannen en vrouwen;80 tot 85 jaar;Westerse migratieachtergrond;2003;22143;13206;8937
7019;Totaal mannen en vrouwen;80 tot 85 jaar;Westerse migratieachtergrond;2004;23997;14270;9727
7020;Totaal mannen en vrouwen;80 tot 85 jaar;Westerse migratieachtergrond;2005;25511;15073;10438
7021;Totaal mannen en vrouwen;80 tot 85 jaar;Westerse migratieachtergrond;2006;26361;15368;10993
7022;Totaal mannen en vrouwen;80 tot 85 jaar;Westerse migratieachtergrond;2007;27119;15446;11673
7023;Totaal mannen en vrouwen;80 tot 85 jaar;Westerse migratieachtergrond;2008;27929;15336;12593
7024;Totaal mannen en vrouwen;80 tot 85 jaar;Westerse migratieachtergrond;2009;28543;14980;13563
7025;Totaal mannen en vrouwen;80 tot 85 jaar;Westerse migratieachtergrond;2010;29298;14670;14628
7026;Totaal mannen en vrouwen;80 tot 85 jaar;Westerse migratieachtergrond;2011;30491;14613;15878
7027;Totaal mannen en vrouwen;80 tot 85 jaar;Westerse migratieachtergrond;2012;31619;14433;17186
7028;Totaal mannen en vrouwen;80 tot 85 jaar;Westerse migratieachtergrond;2013;33010;14509;18501
7029;Totaal mannen en vrouwen;80 tot 85 jaar;Westerse migratieachtergrond;2014;34342;14552;19790
7030;Totaal mannen en vrouwen;80 tot 85 jaar;Westerse migratieachtergrond;2015;36115;14858;21257
7031;Totaal mannen en vrouwen;80 tot 85 jaar;Westerse migratieachtergrond;2016;37778;15159;22619
7032;Totaal mannen en vrouwen;80 tot 85 jaar;Westerse migratieachtergrond;2017;39834;15873;23961
7033;Totaal mannen en vrouwen;80 tot 85 jaar;Westerse migratieachtergrond;2018;41580;16645;24935
7034;Totaal mannen en vrouwen;80 tot 85 jaar;Westerse migratieachtergrond;2019;44007;17790;26217
7035;Totaal mannen en vrouwen;80 tot 85 jaar;Westerse migratieachtergrond;2020;46194;18960;27234
7036;Totaal mannen en vrouwen;80 tot 85 jaar;Westerse migratieachtergrond;2021;48141;20228;27913
7037;Totaal mannen en vrouwen;80 tot 85 jaar;Westerse migratieachtergrond;2022;49096;21040;28056
7038;Totaal mannen en vrouwen;80 tot 85 jaar;Niet-westerse migratieachtergrond;1972;114;114;0
7039;Totaal mannen en vrouwen;80 tot 85 jaar;Niet-westerse migratieachtergrond;1973;132;132;0
7040;Totaal mannen en vrouwen;80 tot 85 jaar;Niet-westerse migratieachtergrond;1974;152;152;0
7041;Totaal mannen en vrouwen;80 tot 85 jaar;Niet-westerse migratieachtergrond;1975;176;176;0
7042;Totaal mannen en vrouwen;80 tot 85 jaar;Niet-westerse migratieachtergrond;1976;211;211;0
7043;Totaal mannen en vrouwen;80 tot 85 jaar;Niet-westerse migratieachtergrond;1977;228;228;0
7044;Totaal mannen en vrouwen;80 tot 85 jaar;Niet-westerse migratieachtergrond;1978;285;285;0
7045;Totaal mannen en vrouwen;80 tot 85 jaar;Niet-westerse migratieachtergrond;1979;332;332;0
7046;Totaal mannen en vrouwen;80 tot 85 jaar;Niet-westerse migratieachtergrond;1980;438;438;0
7047;Totaal mannen en vrouwen;80 tot 85 jaar;Niet-westerse migratieachtergrond;1981;571;563;8
7048;Totaal mannen en vrouwen;80 tot 85 jaar;Niet-westerse migratieachtergrond;1982;645;621;24
7049;Totaal mannen en vrouwen;80 tot 85 jaar;Niet-westerse migratieachtergrond;1983;700;673;27
7050;Totaal mannen en vrouwen;80 tot 85 jaar;Niet-westerse migratieachtergrond;1984;766;738;28
7051;Totaal mannen en vrouwen;80 tot 85 jaar;Niet-westerse migratieachtergrond;1985;784;747;37
7052;Totaal mannen en vrouwen;80 tot 85 jaar;Niet-westerse migratieachtergrond;1986;799;762;37
7053;Totaal mannen en vrouwen;80 tot 85 jaar;Niet-westerse migratieachtergrond;1987;842;809;33
7054;Totaal mannen en vrouwen;80 tot 85 jaar;Niet-westerse migratieachtergrond;1988;901;859;42
7055;Totaal mannen en vrouwen;80 tot 85 jaar;Niet-westerse migratieachtergrond;1989;937;879;58
7056;Totaal mannen en vrouwen;80 tot 85 jaar;Niet-westerse migratieachtergrond;1990;1025;965;60
7057;Totaal mannen en vrouwen;80 tot 85 jaar;Niet-westerse migratieachtergrond;1991;1103;1043;60
7058;Totaal mannen en vrouwen;80 tot 85 jaar;Niet-westerse migratieachtergrond;1992;1196;1125;71
7059;Totaal mannen en vrouwen;80 tot 85 jaar;Niet-westerse migratieachtergrond;1993;1265;1197;68
7060;Totaal mannen en vrouwen;80 tot 85 jaar;Niet-westerse migratieachtergrond;1994;1367;1299;68
7061;Totaal mannen en vrouwen;80 tot 85 jaar;Niet-westerse migratieachtergrond;1995;1472;1393;79
7062;Totaal mannen en vrouwen;80 tot 85 jaar;Niet-westerse migratieachtergrond;1996;1551;1455;96
7063;Totaal mannen en vrouwen;80 tot 85 jaar;Niet-westerse migratieachtergrond;1997;1597;1494;103
7064;Totaal mannen en vrouwen;80 tot 85 jaar;Niet-westerse migratieachtergrond;1998;1684;1563;121
7065;Totaal mannen en vrouwen;80 tot 85 jaar;Niet-westerse migratieachtergrond;1999;1740;1623;117
7066;Totaal mannen en vrouwen;80 tot 85 jaar;Niet-westerse migratieachtergrond;2000;1782;1658;124
7067;Totaal mannen en vrouwen;80 tot 85 jaar;Niet-westerse migratieachtergrond;2001;1974;1841;133
7068;Totaal mannen en vrouwen;80 tot 85 jaar;Niet-westerse migratieachtergrond;2002;2179;2024;155
7069;Totaal mannen en vrouwen;80 tot 85 jaar;Niet-westerse migratieachtergrond;2003;2381;2211;170
7070;Totaal mannen en vrouwen;80 tot 85 jaar;Niet-westerse migratieachtergrond;2004;2652;2456;196
7071;Totaal mannen en vrouwen;80 tot 85 jaar;Niet-westerse migratieachtergrond;2005;2945;2726;219
7072;Totaal mannen en vrouwen;80 tot 85 jaar;Niet-westerse migratieachtergrond;2006;3195;2963;232
7073;Totaal mannen en vrouwen;80 tot 85 jaar;Niet-westerse migratieachtergrond;2007;3393;3132;261
7074;Totaal mannen en vrouwen;80 tot 85 jaar;Niet-westerse migratieachtergrond;2008;3555;3288;267
7075;Totaal mannen en vrouwen;80 tot 85 jaar;Niet-westerse migratieachtergrond;2009;3931;3648;283
7076;Totaal mannen en vrouwen;80 tot 85 jaar;Niet-westerse migratieachtergrond;2010;4327;4031;296
7077;Totaal mannen en vrouwen;80 tot 85 jaar;Niet-westerse migratieachtergrond;2011;4969;4649;320
7078;Totaal mannen en vrouwen;80 tot 85 jaar;Niet-westerse migratieachtergrond;2012;5458;5130;328
7079;Totaal mannen en vrouwen;80 tot 85 jaar;Niet-westerse migratieachtergrond;2013;6305;5963;342
7080;Totaal mannen en vrouwen;80 tot 85 jaar;Niet-westerse migratieachtergrond;2014;7116;6760;356
7081;Totaal mannen en vrouwen;80 tot 85 jaar;Niet-westerse migratieachtergrond;2015;7977;7626;351
7082;Totaal mannen en vrouwen;80 tot 85 jaar;Niet-westerse migratieachtergrond;2016;8890;8538;352
7083;Totaal mannen en vrouwen;80 tot 85 jaar;Niet-westerse migratieachtergrond;2017;10159;9804;355
7084;Totaal mannen en vrouwen;80 tot 85 jaar;Niet-westerse migratieachtergrond;2018;11389;11020;369
7085;Totaal mannen en vrouwen;80 tot 85 jaar;Niet-westerse migratieachtergrond;2019;12960;12580;380
7086;Totaal mannen en vrouwen;80 tot 85 jaar;Niet-westerse migratieachtergrond;2020;14367;13972;395
7087;Totaal mannen en vrouwen;80 tot 85 jaar;Niet-westerse migratieachtergrond;2021;16152;15740;412
7088;Totaal mannen en vrouwen;80 tot 85 jaar;Niet-westerse migratieachtergrond;2022;16819;16391;428
7089;Totaal mannen en vrouwen;80 tot 85 jaar;Marokko;1972;0;0;0
7090;Totaal mannen en vrouwen;80 tot 85 jaar;Marokko;1973;0;0;0
7091;Totaal mannen en vrouwen;80 tot 85 jaar;Marokko;1974;0;0;0
7092;Totaal mannen en vrouwen;80 tot 85 jaar;Marokko;1975;0;0;0
7093;Totaal mannen en vrouwen;80 tot 85 jaar;Marokko;1976;0;0;0
7094;Totaal mannen en vrouwen;80 tot 85 jaar;Marokko;1977;1;1;0
7095;Totaal mannen en vrouwen;80 tot 85 jaar;Marokko;1978;1;1;0
7096;Totaal mannen en vrouwen;80 tot 85 jaar;Marokko;1979;2;2;0
7097;Totaal mannen en vrouwen;80 tot 85 jaar;Marokko;1980;3;3;0
7098;Totaal mannen en vrouwen;80 tot 85 jaar;Marokko;1981;3;3;0
7099;Totaal mannen en vrouwen;80 tot 85 jaar;Marokko;1982;4;4;0
7100;Totaal mannen en vrouwen;80 tot 85 jaar;Marokko;1983;4;4;0
7101;Totaal mannen en vrouwen;80 tot 85 jaar;Marokko;1984;5;5;0
7102;Totaal mannen en vrouwen;80 tot 85 jaar;Marokko;1985;5;5;0
7103;Totaal mannen en vrouwen;80 tot 85 jaar;Marokko;1986;7;7;0
7104;Totaal mannen en vrouwen;80 tot 85 jaar;Marokko;1987;8;8;0
7105;Totaal mannen en vrouwen;80 tot 85 jaar;Marokko;1988;13;13;0
7106;Totaal mannen en vrouwen;80 tot 85 jaar;Marokko;1989;13;13;0
7107;Totaal mannen en vrouwen;80 tot 85 jaar;Marokko;1990;13;13;0
7108;Totaal mannen en vrouwen;80 tot 85 jaar;Marokko;1991;17;17;0
7109;Totaal mannen en vrouwen;80 tot 85 jaar;Marokko;1992;20;20;0
7110;Totaal mannen en vrouwen;80 tot 85 jaar;Marokko;1993;25;25;0
7111;Totaal mannen en vrouwen;80 tot 85 jaar;Marokko;1994;33;33;0
7112;Totaal mannen en vrouwen;80 tot 85 jaar;Marokko;1995;36;36;0
7113;Totaal mannen en vrouwen;80 tot 85 jaar;Marokko;1996;44;44;0
7114;Totaal mannen en vrouwen;80 tot 85 jaar;Marokko;1997;52;52;0
7115;Totaal mannen en vrouwen;80 tot 85 jaar;Marokko;1998;52;52;0
7116;Totaal mannen en vrouwen;80 tot 85 jaar;Marokko;1999;62;62;0
7117;Totaal mannen en vrouwen;80 tot 85 jaar;Marokko;2000;63;63;0
7118;Totaal mannen en vrouwen;80 tot 85 jaar;Marokko;2001;112;112;0
7119;Totaal mannen en vrouwen;80 tot 85 jaar;Marokko;2002;120;120;0
7120;Totaal mannen en vrouwen;80 tot 85 jaar;Marokko;2003;133;132;1
7121;Totaal mannen en vrouwen;80 tot 85 jaar;Marokko;2004;150;149;1
7122;Totaal mannen en vrouwen;80 tot 85 jaar;Marokko;2005;166;166;0
7123;Totaal mannen en vrouwen;80 tot 85 jaar;Marokko;2006;184;184;0
7124;Totaal mannen en vrouwen;80 tot 85 jaar;Marokko;2007;222;222;0
7125;Totaal mannen en vrouwen;80 tot 85 jaar;Marokko;2008;286;286;0
7126;Totaal mannen en vrouwen;80 tot 85 jaar;Marokko;2009;341;341;0
7127;Totaal mannen en vrouwen;80 tot 85 jaar;Marokko;2010;396;396;0
7128;Totaal mannen en vrouwen;80 tot 85 jaar;Marokko;2011;666;666;0
7129;Totaal mannen en vrouwen;80 tot 85 jaar;Marokko;2012;777;777;0
7130;Totaal mannen en vrouwen;80 tot 85 jaar;Marokko;2013;976;976;0
7131;Totaal mannen en vrouwen;80 tot 85 jaar;Marokko;2014;1170;1170;0
7132;Totaal mannen en vrouwen;80 tot 85 jaar;Marokko;2015;1475;1475;0
7133;Totaal mannen en vrouwen;80 tot 85 jaar;Marokko;2016;1754;1754;0
7134;Totaal mannen en vrouwen;80 tot 85 jaar;Marokko;2017;2323;2323;0
7135;Totaal mannen en vrouwen;80 tot 85 jaar;Marokko;2018;2742;2742;0
7136;Totaal mannen en vrouwen;80 tot 85 jaar;Marokko;2019;3365;3365;0
7137;Totaal mannen en vrouwen;80 tot 85 jaar;Marokko;2020;3662;3662;0
7138;Totaal mannen en vrouwen;80 tot 85 jaar;Marokko;2021;4475;4475;0
7139;Totaal mannen en vrouwen;80 tot 85 jaar;Marokko;2022;4451;4451;0
7140;Totaal mannen en vrouwen;80 tot 85 jaar;(voormalige) Nederlandse Antillen, Aruba;1972;12;12;0
7141;Totaal mannen en vrouwen;80 tot 85 jaar;(voormalige) Nederlandse Antillen, Aruba;1973;12;12;0
7142;Totaal mannen en vrouwen;80 tot 85 jaar;(voormalige) Nederlandse Antillen, Aruba;1974;16;16;0
7143;Totaal mannen en vrouwen;80 tot 85 jaar;(voormalige) Nederlandse Antillen, Aruba;1975;19;19;0
7144;Totaal mannen en vrouwen;80 tot 85 jaar;(voormalige) Nederlandse Antillen, Aruba;1976;22;22;0
7145;Totaal mannen en vrouwen;80 tot 85 jaar;(voormalige) Nederlandse Antillen, Aruba;1977;21;21;0
7146;Totaal mannen en vrouwen;80 tot 85 jaar;(voormalige) Nederlandse Antillen, Aruba;1978;27;27;0
7147;Totaal mannen en vrouwen;80 tot 85 jaar;(voormalige) Nederlandse Antillen, Aruba;1979;27;27;0
7148;Totaal mannen en vrouwen;80 tot 85 jaar;(voormalige) Nederlandse Antillen, Aruba;1980;31;31;0
7149;Totaal mannen en vrouwen;80 tot 85 jaar;(voormalige) Nederlandse Antillen, Aruba;1981;36;36;0
7150;Totaal mannen en vrouwen;80 tot 85 jaar;(voormalige) Nederlandse Antillen, Aruba;1982;39;39;0
7151;Totaal mannen en vrouwen;80 tot 85 jaar;(voormalige) Nederlandse Antillen, Aruba;1983;43;43;0
7152;Totaal mannen en vrouwen;80 tot 85 jaar;(voormalige) Nederlandse Antillen, Aruba;1984;54;50;4
7153;Totaal mannen en vrouwen;80 tot 85 jaar;(voormalige) Nederlandse Antillen, Aruba;1985;64;58;6
7154;Totaal mannen en vrouwen;80 tot 85 jaar;(voormalige) Nederlandse Antillen, Aruba;1986;77;65;12
7155;Totaal mannen en vrouwen;80 tot 85 jaar;(voormalige) Nederlandse Antillen, Aruba;1987;91;75;16
7156;Totaal mannen en vrouwen;80 tot 85 jaar;(voormalige) Nederlandse Antillen, Aruba;1988;97;79;18
7157;Totaal mannen en vrouwen;80 tot 85 jaar;(voormalige) Nederlandse Antillen, Aruba;1989;100;81;19
7158;Totaal mannen en vrouwen;80 tot 85 jaar;(voormalige) Nederlandse Antillen, Aruba;1990;117;100;17
7159;Totaal mannen en vrouwen;80 tot 85 jaar;(voormalige) Nederlandse Antillen, Aruba;1991;117;103;14
7160;Totaal mannen en vrouwen;80 tot 85 jaar;(voormalige) Nederlandse Antillen, Aruba;1992;125;110;15
7161;Totaal mannen en vrouwen;80 tot 85 jaar;(voormalige) Nederlandse Antillen, Aruba;1993;128;113;15
7162;Totaal mannen en vrouwen;80 tot 85 jaar;(voormalige) Nederlandse Antillen, Aruba;1994;130;116;14
7163;Totaal mannen en vrouwen;80 tot 85 jaar;(voormalige) Nederlandse Antillen, Aruba;1995;120;105;15
7164;Totaal mannen en vrouwen;80 tot 85 jaar;(voormalige) Nederlandse Antillen, Aruba;1996;126;106;20
7165;Totaal mannen en vrouwen;80 tot 85 jaar;(voormalige) Nederlandse Antillen, Aruba;1997;135;117;18
7166;Totaal mannen en vrouwen;80 tot 85 jaar;(voormalige) Nederlandse Antillen, Aruba;1998;147;127;20
7167;Totaal mannen en vrouwen;80 tot 85 jaar;(voormalige) Nederlandse Antillen, Aruba;1999;154;133;21
7168;Totaal mannen en vrouwen;80 tot 85 jaar;(voormalige) Nederlandse Antillen, Aruba;2000;166;141;25
7169;Totaal mannen en vrouwen;80 tot 85 jaar;(voormalige) Nederlandse Antillen, Aruba;2001;193;166;27
7170;Totaal mannen en vrouwen;80 tot 85 jaar;(voormalige) Nederlandse Antillen, Aruba;2002;210;177;33
7171;Totaal mannen en vrouwen;80 tot 85 jaar;(voormalige) Nederlandse Antillen, Aruba;2003;203;172;31
7172;Totaal mannen en vrouwen;80 tot 85 jaar;(voormalige) Nederlandse Antillen, Aruba;2004;227;195;32
7173;Totaal mannen en vrouwen;80 tot 85 jaar;(voormalige) Nederlandse Antillen, Aruba;2005;231;193;38
7174;Totaal mannen en vrouwen;80 tot 85 jaar;(voormalige) Nederlandse Antillen, Aruba;2006;228;192;36
7175;Totaal mannen en vrouwen;80 tot 85 jaar;(voormalige) Nederlandse Antillen, Aruba;2007;235;200;35
7176;Totaal mannen en vrouwen;80 tot 85 jaar;(voormalige) Nederlandse Antillen, Aruba;2008;247;211;36
7177;Totaal mannen en vrouwen;80 tot 85 jaar;(voormalige) Nederlandse Antillen, Aruba;2009;260;229;31
7178;Totaal mannen en vrouwen;80 tot 85 jaar;(voormalige) Nederlandse Antillen, Aruba;2010;309;283;26
7179;Totaal mannen en vrouwen;80 tot 85 jaar;(voormalige) Nederlandse Antillen, Aruba;2011;339;314;25
7180;Totaal mannen en vrouwen;80 tot 85 jaar;(voormalige) Nederlandse Antillen, Aruba;2012;373;350;23
7181;Totaal mannen en vrouwen;80 tot 85 jaar;(voormalige) Nederlandse Antillen, Aruba;2013;434;407;27
7182;Totaal mannen en vrouwen;80 tot 85 jaar;(voormalige) Nederlandse Antillen, Aruba;2014;475;444;31
7183;Totaal mannen en vrouwen;80 tot 85 jaar;(voormalige) Nederlandse Antillen, Aruba;2015;514;482;32
7184;Totaal mannen en vrouwen;80 tot 85 jaar;(voormalige) Nederlandse Antillen, Aruba;2016;532;503;29
7185;Totaal mannen en vrouwen;80 tot 85 jaar;(voormalige) Nederlandse Antillen, Aruba;2017;597;566;31
7186;Totaal mannen en vrouwen;80 tot 85 jaar;(voormalige) Nederlandse Antillen, Aruba;2018;657;628;29
7187;Totaal mannen en vrouwen;80 tot 85 jaar;(voormalige) Nederlandse Antillen, Aruba;2019;739;711;28
7188;Totaal mannen en vrouwen;80 tot 85 jaar;(voormalige) Nederlandse Antillen, Aruba;2020;833;806;27
7189;Totaal mannen en vrouwen;80 tot 85 jaar;(voormalige) Nederlandse Antillen, Aruba;2021;966;935;31
7190;Totaal mannen en vrouwen;80 tot 85 jaar;(voormalige) Nederlandse Antillen, Aruba;2022;1048;1020;28
7191;Totaal mannen en vrouwen;80 tot 85 jaar;Suriname;1972;102;102;0
7192;Totaal mannen en vrouwen;80 tot 85 jaar;Suriname;1973;116;116;0
7193;Totaal mannen en vrouwen;80 tot 85 jaar;Suriname;1974;126;126;0
7194;Totaal mannen en vrouwen;80 tot 85 jaar;Suriname;1975;141;141;0
7195;Totaal mannen en vrouwen;80 tot 85 jaar;Suriname;1976;165;165;0
7196;Totaal mannen en vrouwen;80 tot 85 jaar;Suriname;1977;170;170;0
7197;Totaal mannen en vrouwen;80 tot 85 jaar;Suriname;1978;198;198;0
7198;Totaal mannen en vrouwen;80 tot 85 jaar;Suriname;1979;217;217;0
7199;Totaal mannen en vrouwen;80 tot 85 jaar;Suriname;1980;244;244;0
7200;Totaal mannen en vrouwen;80 tot 85 jaar;Suriname;1981;291;283;8
7201;Totaal mannen en vrouwen;80 tot 85 jaar;Suriname;1982;340;322;18
7202;Totaal mannen en vrouwen;80 tot 85 jaar;Suriname;1983;374;357;17
7203;Totaal mannen en vrouwen;80 tot 85 jaar;Suriname;1984;410;395;15
7204;Totaal mannen en vrouwen;80 tot 85 jaar;Suriname;1985;423;409;14
7205;Totaal mannen en vrouwen;80 tot 85 jaar;Suriname;1986;447;440;7
7206;Totaal mannen en vrouwen;80 tot 85 jaar;Suriname;1987;480;477;3
7207;Totaal mannen en vrouwen;80 tot 85 jaar;Suriname;1988;510;498;12
7208;Totaal mannen en vrouwen;80 tot 85 jaar;Suriname;1989;541;516;25
7209;Totaal mannen en vrouwen;80 tot 85 jaar;Suriname;1990;594;568;26
7210;Totaal mannen en vrouwen;80 tot 85 jaar;Suriname;1991;633;608;25
7211;Totaal mannen en vrouwen;80 tot 85 jaar;Suriname;1992;677;649;28
7212;Totaal mannen en vrouwen;80 tot 85 jaar;Suriname;1993;729;703;26
7213;Totaal mannen en vrouwen;80 tot 85 jaar;Suriname;1994;773;748;25
7214;Totaal mannen en vrouwen;80 tot 85 jaar;Suriname;1995;779;744;35
7215;Totaal mannen en vrouwen;80 tot 85 jaar;Suriname;1996;853;810;43
7216;Totaal mannen en vrouwen;80 tot 85 jaar;Suriname;1997;922;875;47
7217;Totaal mannen en vrouwen;80 tot 85 jaar;Suriname;1998;954;900;54
7218;Totaal mannen en vrouwen;80 tot 85 jaar;Suriname;1999;994;945;49
7219;Totaal mannen en vrouwen;80 tot 85 jaar;Suriname;2000;994;949;45
7220;Totaal mannen en vrouwen;80 tot 85 jaar;Suriname;2001;1053;1011;42
7221;Totaal mannen en vrouwen;80 tot 85 jaar;Suriname;2002;1137;1085;52
7222;Totaal mannen en vrouwen;80 tot 85 jaar;Suriname;2003;1229;1171;58
7223;Totaal mannen en vrouwen;80 tot 85 jaar;Suriname;2004;1346;1279;67
7224;Totaal mannen en vrouwen;80 tot 85 jaar;Suriname;2005;1481;1411;70
7225;Totaal mannen en vrouwen;80 tot 85 jaar;Suriname;2006;1582;1510;72
7226;Totaal mannen en vrouwen;80 tot 85 jaar;Suriname;2007;1599;1508;91
7227;Totaal mannen en vrouwen;80 tot 85 jaar;Suriname;2008;1592;1500;92
7228;Totaal mannen en vrouwen;80 tot 85 jaar;Suriname;2009;1704;1609;95
7229;Totaal mannen en vrouwen;80 tot 85 jaar;Suriname;2010;1838;1731;107
7230;Totaal mannen en vrouwen;80 tot 85 jaar;Suriname;2011;1911;1796;115
7231;Totaal mannen en vrouwen;80 tot 85 jaar;Suriname;2012;2019;1902;117
7232;Totaal mannen en vrouwen;80 tot 85 jaar;Suriname;2013;2177;2044;133
7233;Totaal mannen en vrouwen;80 tot 85 jaar;Suriname;2014;2317;2174;143
7234;Totaal mannen en vrouwen;80 tot 85 jaar;Suriname;2015;2473;2323;150
7235;Totaal mannen en vrouwen;80 tot 85 jaar;Suriname;2016;2734;2571;163
7236;Totaal mannen en vrouwen;80 tot 85 jaar;Suriname;2017;2935;2775;160
7237;Totaal mannen en vrouwen;80 tot 85 jaar;Suriname;2018;3147;2982;165
7238;Totaal mannen en vrouwen;80 tot 85 jaar;Suriname;2019;3427;3244;183
7239;Totaal mannen en vrouwen;80 tot 85 jaar;Suriname;2020;3687;3498;189
7240;Totaal mannen en vrouwen;80 tot 85 jaar;Suriname;2021;3787;3603;184
7241;Totaal mannen en vrouwen;80 tot 85 jaar;Suriname;2022;4028;3838;190
7242;Totaal mannen en vrouwen;80 tot 85 jaar;Turkije;1972;0;0;0
7243;Totaal mannen en vrouwen;80 tot 85 jaar;Turkije;1973;1;1;0
7244;Totaal mannen en vrouwen;80 tot 85 jaar;Turkije;1974;4;4;0
7245;Totaal mannen en vrouwen;80 tot 85 jaar;Turkije;1975;8;8;0
7246;Totaal mannen en vrouwen;80 tot 85 jaar;Turkije;1976;12;12;0
7247;Totaal mannen en vrouwen;80 tot 85 jaar;Turkije;1977;21;21;0
7248;Totaal mannen en vrouwen;80 tot 85 jaar;Turkije;1978;34;34;0
7249;Totaal mannen en vrouwen;80 tot 85 jaar;Turkije;1979;49;49;0
7250;Totaal mannen en vrouwen;80 tot 85 jaar;Turkije;1980;70;70;0
7251;Totaal mannen en vrouwen;80 tot 85 jaar;Turkije;1981;98;98;0
7252;Totaal mannen en vrouwen;80 tot 85 jaar;Turkije;1982;115;115;0
7253;Totaal mannen en vrouwen;80 tot 85 jaar;Turkije;1983;113;113;0
7254;Totaal mannen en vrouwen;80 tot 85 jaar;Turkije;1984;112;112;0
7255;Totaal mannen en vrouwen;80 tot 85 jaar;Turkije;1985;105;105;0
7256;Totaal mannen en vrouwen;80 tot 85 jaar;Turkije;1986;100;100;0
7257;Totaal mannen en vrouwen;80 tot 85 jaar;Turkije;1987;92;92;0
7258;Totaal mannen en vrouwen;80 tot 85 jaar;Turkije;1988;92;92;0
7259;Totaal mannen en vrouwen;80 tot 85 jaar;Turkije;1989;86;86;0
7260;Totaal mannen en vrouwen;80 tot 85 jaar;Turkije;1990;91;91;0
7261;Totaal mannen en vrouwen;80 tot 85 jaar;Turkije;1991;88;88;0
7262;Totaal mannen en vrouwen;80 tot 85 jaar;Turkije;1992;85;83;2
7263;Totaal mannen en vrouwen;80 tot 85 jaar;Turkije;1993;89;87;2
7264;Totaal mannen en vrouwen;80 tot 85 jaar;Turkije;1994;112;108;4
7265;Totaal mannen en vrouwen;80 tot 85 jaar;Turkije;1995;132;128;4
7266;Totaal mannen en vrouwen;80 tot 85 jaar;Turkije;1996;135;131;4
7267;Totaal mannen en vrouwen;80 tot 85 jaar;Turkije;1997;103;100;3
7268;Totaal mannen en vrouwen;80 tot 85 jaar;Turkije;1998;111;108;3
7269;Totaal mannen en vrouwen;80 tot 85 jaar;Turkije;1999;107;106;1
7270;Totaal mannen en vrouwen;80 tot 85 jaar;Turkije;2000;109;105;4
7271;Totaal mannen en vrouwen;80 tot 85 jaar;Turkije;2001;122;119;3
7272;Totaal mannen en vrouwen;80 tot 85 jaar;Turkije;2002;139;137;2
7273;Totaal mannen en vrouwen;80 tot 85 jaar;Turkije;2003;159;156;3
7274;Totaal mannen en vrouwen;80 tot 85 jaar;Turkije;2004;178;172;6
7275;Totaal mannen en vrouwen;80 tot 85 jaar;Turkije;2005;210;205;5
7276;Totaal mannen en vrouwen;80 tot 85 jaar;Turkije;2006;237;233;4
7277;Totaal mannen en vrouwen;80 tot 85 jaar;Turkije;2007;310;305;5
7278;Totaal mannen en vrouwen;80 tot 85 jaar;Turkije;2008;362;358;4
7279;Totaal mannen en vrouwen;80 tot 85 jaar;Turkije;2009;449;442;7
7280;Totaal mannen en vrouwen;80 tot 85 jaar;Turkije;2010;537;529;8
7281;Totaal mannen en vrouwen;80 tot 85 jaar;Turkije;2011;674;666;8
7282;Totaal mannen en vrouwen;80 tot 85 jaar;Turkije;2012;788;780;8
7283;Totaal mannen en vrouwen;80 tot 85 jaar;Turkije;2013;999;992;7
7284;Totaal mannen en vrouwen;80 tot 85 jaar;Turkije;2014;1298;1292;6
7285;Totaal mannen en vrouwen;80 tot 85 jaar;Turkije;2015;1507;1502;5
7286;Totaal mannen en vrouwen;80 tot 85 jaar;Turkije;2016;1695;1689;6
7287;Totaal mannen en vrouwen;80 tot 85 jaar;Turkije;2017;1936;1932;4
7288;Totaal mannen en vrouwen;80 tot 85 jaar;Turkije;2018;2254;2250;4
7289;Totaal mannen en vrouwen;80 tot 85 jaar;Turkije;2019;2570;2566;4
7290;Totaal mannen en vrouwen;80 tot 85 jaar;Turkije;2020;2955;2949;6
7291;Totaal mannen en vrouwen;80 tot 85 jaar;Turkije;2021;3472;3467;5
7292;Totaal mannen en vrouwen;80 tot 85 jaar;Turkije;2022;3662;3655;7
7293;Totaal mannen en vrouwen;80 tot 85 jaar;Overige niet-westerse migratieachterg...;1972;0;0;0
7294;Totaal mannen en vrouwen;80 tot 85 jaar;Overige niet-westerse migratieachterg...;1973;3;3;0
7295;Totaal mannen en vrouwen;80 tot 85 jaar;Overige niet-westerse migratieachterg...;1974;6;6;0
7296;Totaal mannen en vrouwen;80 tot 85 jaar;Overige niet-westerse migratieachterg...;1975;8;8;0
7297;Totaal mannen en vrouwen;80 tot 85 jaar;Overige niet-westerse migratieachterg...;1976;12;12;0
7298;Totaal mannen en vrouwen;80 tot 85 jaar;Overige niet-westerse migratieachterg...;1977;15;15;0
7299;Totaal mannen en vrouwen;80 tot 85 jaar;Overige niet-westerse migratieachterg...;1978;25;25;0
7300;Totaal mannen en vrouwen;80 tot 85 jaar;Overige niet-westerse migratieachterg...;1979;37;37;0
7301;Totaal mannen en vrouwen;80 tot 85 jaar;Overige niet-westerse migratieachterg...;1980;90;90;0
7302;Totaal mannen en vrouwen;80 tot 85 jaar;Overige niet-westerse migratieachterg...;1981;143;143;0
7303;Totaal mannen en vrouwen;80 tot 85 jaar;Overige niet-westerse migratieachterg...;1982;147;141;6
7304;Totaal mannen en vrouwen;80 tot 85 jaar;Overige niet-westerse migratieachterg...;1983;166;156;10
7305;Totaal mannen en vrouwen;80 tot 85 jaar;Overige niet-westerse migratieachterg...;1984;185;176;9
7306;Totaal mannen en vrouwen;80 tot 85 jaar;Overige niet-westerse migratieachterg...;1985;187;170;17
7307;Totaal mannen en vrouwen;80 tot 85 jaar;Overige niet-westerse migratieachterg...;1986;168;150;18
7308;Totaal mannen en vrouwen;80 tot 85 jaar;Overige niet-westerse migratieachterg...;1987;171;157;14
7309;Totaal mannen en vrouwen;80 tot 85 jaar;Overige niet-westerse migratieachterg...;1988;189;177;12
7310;Totaal mannen en vrouwen;80 tot 85 jaar;Overige niet-westerse migratieachterg...;1989;197;183;14
7311;Totaal mannen en vrouwen;80 tot 85 jaar;Overige niet-westerse migratieachterg...;1990;210;193;17
7312;Totaal mannen en vrouwen;80 tot 85 jaar;Overige niet-westerse migratieachterg...;1991;248;227;21
7313;Totaal mannen en vrouwen;80 tot 85 jaar;Overige niet-westerse migratieachterg...;1992;289;263;26
7314;Totaal mannen en vrouwen;80 tot 85 jaar;Overige niet-westerse migratieachterg...;1993;294;269;25
7315;Totaal mannen en vrouwen;80 tot 85 jaar;Overige niet-westerse migratieachterg...;1994;319;294;25
7316;Totaal mannen en vrouwen;80 tot 85 jaar;Overige niet-westerse migratieachterg...;1995;405;380;25
7317;Totaal mannen en vrouwen;80 tot 85 jaar;Overige niet-westerse migratieachterg...;1996;393;364;29
7318;Totaal mannen en vrouwen;80 tot 85 jaar;Overige niet-westerse migratieachterg...;1997;385;350;35
7319;Totaal mannen en vrouwen;80 tot 85 jaar;Overige niet-westerse migratieachterg...;1998;420;376;44
7320;Totaal mannen en vrouwen;80 tot 85 jaar;Overige niet-westerse migratieachterg...;1999;423;377;46
7321;Totaal mannen en vrouwen;80 tot 85 jaar;Overige niet-westerse migratieachterg...;2000;450;400;50
7322;Totaal mannen en vrouwen;80 tot 85 jaar;Overige niet-westerse migratieachterg...;2001;494;433;61
7323;Totaal mannen en vrouwen;80 tot 85 jaar;Overige niet-westerse migratieachterg...;2002;573;505;68
7324;Totaal mannen en vrouwen;80 tot 85 jaar;Overige niet-westerse migratieachterg...;2003;657;580;77
7325;Totaal mannen en vrouwen;80 tot 85 jaar;Overige niet-westerse migratieachterg...;2004;751;661;90
7326;Totaal mannen en vrouwen;80 tot 85 jaar;Overige niet-westerse migratieachterg...;2005;857;751;106
7327;Totaal mannen en vrouwen;80 tot 85 jaar;Overige niet-westerse migratieachterg...;2006;964;844;120
7328;Totaal mannen en vrouwen;80 tot 85 jaar;Overige niet-westerse migratieachterg...;2007;1027;897;130
7329;Totaal mannen en vrouwen;80 tot 85 jaar;Overige niet-westerse migratieachterg...;2008;1068;933;135
7330;Totaal mannen en vrouwen;80 tot 85 jaar;Overige niet-westerse migratieachterg...;2009;1177;1027;150
7331;Totaal mannen en vrouwen;80 tot 85 jaar;Overige niet-westerse migratieachterg...;2010;1247;1092;155
7332;Totaal mannen en vrouwen;80 tot 85 jaar;Overige niet-westerse migratieachterg...;2011;1379;1207;172
7333;Totaal mannen en vrouwen;80 tot 85 jaar;Overige niet-westerse migratieachterg...;2012;1501;1321;180
7334;Totaal mannen en vrouwen;80 tot 85 jaar;Overige niet-westerse migratieachterg...;2013;1719;1544;175
7335;Totaal mannen en vrouwen;80 tot 85 jaar;Overige niet-westerse migratieachterg...;2014;1856;1680;176
7336;Totaal mannen en vrouwen;80 tot 85 jaar;Overige niet-westerse migratieachterg...;2015;2008;1844;164
7337;Totaal mannen en vrouwen;80 tot 85 jaar;Overige niet-westerse migratieachterg...;2016;2175;2021;154
7338;Totaal mannen en vrouwen;80 tot 85 jaar;Overige niet-westerse migratieachterg...;2017;2368;2208;160
7339;Totaal mannen en vrouwen;80 tot 85 jaar;Overige niet-westerse migratieachterg...;2018;2589;2418;171
7340;Totaal mannen en vrouwen;80 tot 85 jaar;Overige niet-westerse migratieachterg...;2019;2859;2694;165
7341;Totaal mannen en vrouwen;80 tot 85 jaar;Overige niet-westerse migratieachterg...;2020;3230;3057;173
7342;Totaal mannen en vrouwen;80 tot 85 jaar;Overige niet-westerse migratieachterg...;2021;3452;3260;192
7343;Totaal mannen en vrouwen;80 tot 85 jaar;Overige niet-westerse migratieachterg...;2022;3630;3427;203
7344;Totaal mannen en vrouwen;85 tot 90 jaar;Met migratieachtergrond;1972;2718;1788;930
7345;Totaal mannen en vrouwen;85 tot 90 jaar;Met migratieachtergrond;1973;2989;2029;960
7346;Totaal mannen en vrouwen;85 tot 90 jaar;Met migratieachtergrond;1974;3258;2302;956
7347;Totaal mannen en vrouwen;85 tot 90 jaar;Met migratieachtergrond;1975;3484;2508;976
7348;Totaal mannen en vrouwen;85 tot 90 jaar;Met migratieachtergrond;1976;3683;2576;1107
7349;Totaal mannen en vrouwen;85 tot 90 jaar;Met migratieachtergrond;1977;4078;2842;1236
7350;Totaal mannen en vrouwen;85 tot 90 jaar;Met migratieachtergrond;1978;4128;2881;1247
7351;Totaal mannen en vrouwen;85 tot 90 jaar;Met migratieachtergrond;1979;4307;2978;1329
7352;Totaal mannen en vrouwen;85 tot 90 jaar;Met migratieachtergrond;1980;4382;2992;1390
7353;Totaal mannen en vrouwen;85 tot 90 jaar;Met migratieachtergrond;1981;4616;3155;1461
7354;Totaal mannen en vrouwen;85 tot 90 jaar;Met migratieachtergrond;1982;4849;3343;1506
7355;Totaal mannen en vrouwen;85 tot 90 jaar;Met migratieachtergrond;1983;4878;3519;1359
7356;Totaal mannen en vrouwen;85 tot 90 jaar;Met migratieachtergrond;1984;5071;3726;1345
7357;Totaal mannen en vrouwen;85 tot 90 jaar;Met migratieachtergrond;1985;5880;4345;1535
7358;Totaal mannen en vrouwen;85 tot 90 jaar;Met migratieachtergrond;1986;6266;4730;1536
7359;Totaal mannen en vrouwen;85 tot 90 jaar;Met migratieachtergrond;1987;7010;5253;1757
7360;Totaal mannen en vrouwen;85 tot 90 jaar;Met migratieachtergrond;1988;7674;5720;1954
7361;Totaal mannen en vrouwen;85 tot 90 jaar;Met migratieachtergrond;1989;8248;6179;2069
7362;Totaal mannen en vrouwen;85 tot 90 jaar;Met migratieachtergrond;1990;8463;6365;2098
7363;Totaal mannen en vrouwen;85 tot 90 jaar;Met migratieachtergrond;1991;9071;6805;2266
7364;Totaal mannen en vrouwen;85 tot 90 jaar;Met migratieachtergrond;1992;9170;7010;2160
7365;Totaal mannen en vrouwen;85 tot 90 jaar;Met migratieachtergrond;1993;9685;7527;2158
7366;Totaal mannen en vrouwen;85 tot 90 jaar;Met migratieachtergrond;1994;10382;8072;2310
7367;Totaal mannen en vrouwen;85 tot 90 jaar;Met migratieachtergrond;1995;11745;9326;2419
7368;Totaal mannen en vrouwen;85 tot 90 jaar;Met migratieachtergrond;1996;12283;9766;2517
7369;Totaal mannen en vrouwen;85 tot 90 jaar;Met migratieachtergrond;1997;12424;9873;2551
7370;Totaal mannen en vrouwen;85 tot 90 jaar;Met migratieachtergrond;1998;12664;10029;2635
7371;Totaal mannen en vrouwen;85 tot 90 jaar;Met migratieachtergrond;1999;12665;9903;2762
7372;Totaal mannen en vrouwen;85 tot 90 jaar;Met migratieachtergrond;2000;12717;9777;2940
7373;Totaal mannen en vrouwen;85 tot 90 jaar;Met migratieachtergrond;2001;12429;9353;3076
7374;Totaal mannen en vrouwen;85 tot 90 jaar;Met migratieachtergrond;2002;12100;8835;3265
7375;Totaal mannen en vrouwen;85 tot 90 jaar;Met migratieachtergrond;2003;11701;8129;3572
7376;Totaal mannen en vrouwen;85 tot 90 jaar;Met migratieachtergrond;2004;11343;7621;3722
7377;Totaal mannen en vrouwen;85 tot 90 jaar;Met migratieachtergrond;2005;11573;7507;4066
7378;Totaal mannen en vrouwen;85 tot 90 jaar;Met migratieachtergrond;2006;12548;7977;4571
7379;Totaal mannen en vrouwen;85 tot 90 jaar;Met migratieachtergrond;2007;13753;8644;5109
7380;Totaal mannen en vrouwen;85 tot 90 jaar;Met migratieachtergrond;2008;14979;9484;5495
7381;Totaal mannen en vrouwen;85 tot 90 jaar;Met migratieachtergrond;2009;16349;10361;5988
7382;Totaal mannen en vrouwen;85 tot 90 jaar;Met migratieachtergrond;2010;17681;11115;6566
7383;Totaal mannen en vrouwen;85 tot 90 jaar;Met migratieachtergrond;2011;18710;11697;7013
7384;Totaal mannen en vrouwen;85 tot 90 jaar;Met migratieachtergrond;2012;19383;11869;7514
7385;Totaal mannen en vrouwen;85 tot 90 jaar;Met migratieachtergrond;2013;20163;11960;8203
7386;Totaal mannen en vrouwen;85 tot 90 jaar;Met migratieachtergrond;2014;20810;12047;8763
7387;Totaal mannen en vrouwen;85 tot 90 jaar;Met migratieachtergrond;2015;21790;12209;9581
7388;Totaal mannen en vrouwen;85 tot 90 jaar;Met migratieachtergrond;2016;22918;12549;10369
7389;Totaal mannen en vrouwen;85 tot 90 jaar;Met migratieachtergrond;2017;24002;12759;11243
7390;Totaal mannen en vrouwen;85 tot 90 jaar;Met migratieachtergrond;2018;25638;13409;12229
7391;Totaal mannen en vrouwen;85 tot 90 jaar;Met migratieachtergrond;2019;27064;14018;13046
7392;Totaal mannen en vrouwen;85 tot 90 jaar;Met migratieachtergrond;2020;29002;14890;14112
7393;Totaal mannen en vrouwen;85 tot 90 jaar;Met migratieachtergrond;2021;30473;15449;15024
7394;Totaal mannen en vrouwen;85 tot 90 jaar;Met migratieachtergrond;2022;32397;16612;15785
7395;Totaal mannen en vrouwen;85 tot 90 jaar;Westerse migratieachtergrond;1972;2666;1736;930
7396;Totaal mannen en vrouwen;85 tot 90 jaar;Westerse migratieachtergrond;1973;2936;1976;960
7397;Totaal mannen en vrouwen;85 tot 90 jaar;Westerse migratieachtergrond;1974;3201;2245;956
7398;Totaal mannen en vrouwen;85 tot 90 jaar;Westerse migratieachtergrond;1975;3426;2450;976
7399;Totaal mannen en vrouwen;85 tot 90 jaar;Westerse migratieachtergrond;1976;3614;2507;1107
7400;Totaal mannen en vrouwen;85 tot 90 jaar;Westerse migratieachtergrond;1977;4004;2768;1236
7401;Totaal mannen en vrouwen;85 tot 90 jaar;Westerse migratieachtergrond;1978;4047;2800;1247
7402;Totaal mannen en vrouwen;85 tot 90 jaar;Westerse migratieachtergrond;1979;4210;2881;1329
7403;Totaal mannen en vrouwen;85 tot 90 jaar;Westerse migratieachtergrond;1980;4272;2882;1390
7404;Totaal mannen en vrouwen;85 tot 90 jaar;Westerse migratieachtergrond;1981;4494;3033;1461
7405;Totaal mannen en vrouwen;85 tot 90 jaar;Westerse migratieachtergrond;1982;4725;3219;1506
7406;Totaal mannen en vrouwen;85 tot 90 jaar;Westerse migratieachtergrond;1983;4729;3370;1359
7407;Totaal mannen en vrouwen;85 tot 90 jaar;Westerse migratieachtergrond;1984;4899;3554;1345
7408;Totaal mannen en vrouwen;85 tot 90 jaar;Westerse migratieachtergrond;1985;5656;4121;1535
7409;Totaal mannen en vrouwen;85 tot 90 jaar;Westerse migratieachtergrond;1986;5974;4443;1531
7410;Totaal mannen en vrouwen;85 tot 90 jaar;Westerse migratieachtergrond;1987;6668;4926;1742
7411;Totaal mannen en vrouwen;85 tot 90 jaar;Westerse migratieachtergrond;1988;7290;5351;1939
7412;Totaal mannen en vrouwen;85 tot 90 jaar;Westerse migratieachtergrond;1989;7814;5761;2053
7413;Totaal mannen en vrouwen;85 tot 90 jaar;Westerse migratieachtergrond;1990;8015;5937;2078
7414;Totaal mannen en vrouwen;85 tot 90 jaar;Westerse migratieachtergrond;1991;8618;6372;2246
7415;Totaal mannen en vrouwen;85 tot 90 jaar;Westerse migratieachtergrond;1992;8688;6548;2140
7416;Totaal mannen en vrouwen;85 tot 90 jaar;Westerse migratieachtergrond;1993;9150;7016;2134
7417;Totaal mannen en vrouwen;85 tot 90 jaar;Westerse migratieachtergrond;1994;9830;7554;2276
7418;Totaal mannen en vrouwen;85 tot 90 jaar;Westerse migratieachtergrond;1995;11063;8680;2383
7419;Totaal mannen en vrouwen;85 tot 90 jaar;Westerse migratieachtergrond;1996;11536;9056;2480
7420;Totaal mannen en vrouwen;85 tot 90 jaar;Westerse migratieachtergrond;1997;11657;9152;2505
7421;Totaal mannen en vrouwen;85 tot 90 jaar;Westerse migratieachtergrond;1998;11888;9295;2593
7422;Totaal mannen en vrouwen;85 tot 90 jaar;Westerse migratieachtergrond;1999;11857;9144;2713
7423;Totaal mannen en vrouwen;85 tot 90 jaar;Westerse migratieachtergrond;2000;11852;8970;2882
7424;Totaal mannen en vrouwen;85 tot 90 jaar;Westerse migratieachtergrond;2001;11507;8495;3012
7425;Totaal mannen en vrouwen;85 tot 90 jaar;Westerse migratieachtergrond;2002;11113;7912;3201
7426;Totaal mannen en vrouwen;85 tot 90 jaar;Westerse migratieachtergrond;2003;10619;7122;3497
7427;Totaal mannen en vrouwen;85 tot 90 jaar;Westerse migratieachtergrond;2004;10259;6603;3656
7428;Totaal mannen en vrouwen;85 tot 90 jaar;Westerse migratieachtergrond;2005;10466;6476;3990
7429;Totaal mannen en vrouwen;85 tot 90 jaar;Westerse migratieachtergrond;2006;11366;6884;4482
7430;Totaal mannen en vrouwen;85 tot 90 jaar;Westerse migratieachtergrond;2007;12433;7423;5010
7431;Totaal mannen en vrouwen;85 tot 90 jaar;Westerse migratieachtergrond;2008;13498;8118;5380
7432;Totaal mannen en vrouwen;85 tot 90 jaar;Westerse migratieachtergrond;2009;14736;8879;5857
7433;Totaal mannen en vrouwen;85 tot 90 jaar;Westerse migratieachtergrond;2010;15923;9499;6424
7434;Totaal mannen en vrouwen;85 tot 90 jaar;Westerse migratieachtergrond;2011;16758;9886;6872
7435;Totaal mannen en vrouwen;85 tot 90 jaar;Westerse migratieachtergrond;2012;17248;9894;7354
7436;Totaal mannen en vrouwen;85 tot 90 jaar;Westerse migratieachtergrond;2013;17859;9828;8031
7437;Totaal mannen en vrouwen;85 tot 90 jaar;Westerse migratieachtergrond;2014;18241;9665;8576
7438;Totaal mannen en vrouwen;85 tot 90 jaar;Westerse migratieachtergrond;2015;18905;9526;9379
7439;Totaal mannen en vrouwen;85 tot 90 jaar;Westerse migratieachtergrond;2016;19605;9448;10157
7440;Totaal mannen en vrouwen;85 tot 90 jaar;Westerse migratieachtergrond;2017;20365;9336;11029
7441;Totaal mannen en vrouwen;85 tot 90 jaar;Westerse migratieachtergrond;2018;21431;9422;12009
7442;Totaal mannen en vrouwen;85 tot 90 jaar;Westerse migratieachtergrond;2019;22350;9540;12810
7443;Totaal mannen en vrouwen;85 tot 90 jaar;Westerse migratieachtergrond;2020;23707;9822;13885
7444;Totaal mannen en vrouwen;85 tot 90 jaar;Westerse migratieachtergrond;2021;24688;9901;14787
7445;Totaal mannen en vrouwen;85 tot 90 jaar;Westerse migratieachtergrond;2022;25871;10332;15539
7446;Totaal mannen en vrouwen;85 tot 90 jaar;Niet-westerse migratieachtergrond;1972;52;52;0
7447;Totaal mannen en vrouwen;85 tot 90 jaar;Niet-westerse migratieachtergrond;1973;53;53;0
7448;Totaal mannen en vrouwen;85 tot 90 jaar;Niet-westerse migratieachtergrond;1974;57;57;0
7449;Totaal mannen en vrouwen;85 tot 90 jaar;Niet-westerse migratieachtergrond;1975;58;58;0
7450;Totaal mannen en vrouwen;85 tot 90 jaar;Niet-westerse migratieachtergrond;1976;69;69;0
7451;Totaal mannen en vrouwen;85 tot 90 jaar;Niet-westerse migratieachtergrond;1977;74;74;0
7452;Totaal mannen en vrouwen;85 tot 90 jaar;Niet-westerse migratieachtergrond;1978;81;81;0
7453;Totaal mannen en vrouwen;85 tot 90 jaar;Niet-westerse migratieachtergrond;1979;97;97;0
7454;Totaal mannen en vrouwen;85 tot 90 jaar;Niet-westerse migratieachtergrond;1980;110;110;0
7455;Totaal mannen en vrouwen;85 tot 90 jaar;Niet-westerse migratieachtergrond;1981;122;122;0
7456;Totaal mannen en vrouwen;85 tot 90 jaar;Niet-westerse migratieachtergrond;1982;124;124;0
7457;Totaal mannen en vrouwen;85 tot 90 jaar;Niet-westerse migratieachtergrond;1983;149;149;0
7458;Totaal mannen en vrouwen;85 tot 90 jaar;Niet-westerse migratieachtergrond;1984;172;172;0
7459;Totaal mannen en vrouwen;85 tot 90 jaar;Niet-westerse migratieachtergrond;1985;224;224;0
7460;Totaal mannen en vrouwen;85 tot 90 jaar;Niet-westerse migratieachtergrond;1986;292;287;5
7461;Totaal mannen en vrouwen;85 tot 90 jaar;Niet-westerse migratieachtergrond;1987;342;327;15
7462;Totaal mannen en vrouwen;85 tot 90 jaar;Niet-westerse migratieachtergrond;1988;384;369;15
7463;Totaal mannen en vrouwen;85 tot 90 jaar;Niet-westerse migratieachtergrond;1989;434;418;16
7464;Totaal mannen en vrouwen;85 tot 90 jaar;Niet-westerse migratieachtergrond;1990;448;428;20
7465;Totaal mannen en vrouwen;85 tot 90 jaar;Niet-westerse migratieachtergrond;1991;453;433;20
7466;Totaal mannen en vrouwen;85 tot 90 jaar;Niet-westerse migratieachtergrond;1992;482;462;20
7467;Totaal mannen en vrouwen;85 tot 90 jaar;Niet-westerse migratieachtergrond;1993;535;511;24
7468;Totaal mannen en vrouwen;85 tot 90 jaar;Niet-westerse migratieachtergrond;1994;552;518;34
7469;Totaal mannen en vrouwen;85 tot 90 jaar;Niet-westerse migratieachtergrond;1995;682;646;36
7470;Totaal mannen en vrouwen;85 tot 90 jaar;Niet-westerse migratieachtergrond;1996;747;710;37
7471;Totaal mannen en vrouwen;85 tot 90 jaar;Niet-westerse migratieachtergrond;1997;767;721;46
7472;Totaal mannen en vrouwen;85 tot 90 jaar;Niet-westerse migratieachtergrond;1998;776;734;42
7473;Totaal mannen en vrouwen;85 tot 90 jaar;Niet-westerse migratieachtergrond;1999;808;759;49
7474;Totaal mannen en vrouwen;85 tot 90 jaar;Niet-westerse migratieachtergrond;2000;865;807;58
7475;Totaal mannen en vrouwen;85 tot 90 jaar;Niet-westerse migratieachtergrond;2001;922;858;64
7476;Totaal mannen en vrouwen;85 tot 90 jaar;Niet-westerse migratieachtergrond;2002;987;923;64
7477;Totaal mannen en vrouwen;85 tot 90 jaar;Niet-westerse migratieachtergrond;2003;1082;1007;75
7478;Totaal mannen en vrouwen;85 tot 90 jaar;Niet-westerse migratieachtergrond;2004;1084;1018;66
7479;Totaal mannen en vrouwen;85 tot 90 jaar;Niet-westerse migratieachtergrond;2005;1107;1031;76
7480;Totaal mannen en vrouwen;85 tot 90 jaar;Niet-westerse migratieachtergrond;2006;1182;1093;89
7481;Totaal mannen en vrouwen;85 tot 90 jaar;Niet-westerse migratieachtergrond;2007;1320;1221;99
7482;Totaal mannen en vrouwen;85 tot 90 jaar;Niet-westerse migratieachtergrond;2008;1481;1366;115
7483;Totaal mannen en vrouwen;85 tot 90 jaar;Niet-westerse migratieachtergrond;2009;1613;1482;131
7484;Totaal mannen en vrouwen;85 tot 90 jaar;Niet-westerse migratieachtergrond;2010;1758;1616;142
7485;Totaal mannen en vrouwen;85 tot 90 jaar;Niet-westerse migratieachtergrond;2011;1952;1811;141
7486;Totaal mannen en vrouwen;85 tot 90 jaar;Niet-westerse migratieachtergrond;2012;2135;1975;160
7487;Totaal mannen en vrouwen;85 tot 90 jaar;Niet-westerse migratieachtergrond;2013;2304;2132;172
7488;Totaal mannen en vrouwen;85 tot 90 jaar;Niet-westerse migratieachtergrond;2014;2569;2382;187
7489;Totaal mannen en vrouwen;85 tot 90 jaar;Niet-westerse migratieachtergrond;2015;2885;2683;202
7490;Totaal mannen en vrouwen;85 tot 90 jaar;Niet-westerse migratieachtergrond;2016;3313;3101;212
7491;Totaal mannen en vrouwen;85 tot 90 jaar;Niet-westerse migratieachtergrond;2017;3637;3423;214
7492;Totaal mannen en vrouwen;85 tot 90 jaar;Niet-westerse migratieachtergrond;2018;4207;3987;220
7493;Totaal mannen en vrouwen;85 tot 90 jaar;Niet-westerse migratieachtergrond;2019;4714;4478;236
7494;Totaal mannen en vrouwen;85 tot 90 jaar;Niet-westerse migratieachtergrond;2020;5295;5068;227
7495;Totaal mannen en vrouwen;85 tot 90 jaar;Niet-westerse migratieachtergrond;2021;5785;5548;237
7496;Totaal mannen en vrouwen;85 tot 90 jaar;Niet-westerse migratieachtergrond;2022;6526;6280;246
7497;Totaal mannen en vrouwen;85 tot 90 jaar;Marokko;1972;0;0;0
7498;Totaal mannen en vrouwen;85 tot 90 jaar;Marokko;1973;0;0;0
7499;Totaal mannen en vrouwen;85 tot 90 jaar;Marokko;1974;0;0;0
7500;Totaal mannen en vrouwen;85 tot 90 jaar;Marokko;1975;0;0;0
7501;Totaal mannen en vrouwen;85 tot 90 jaar;Marokko;1976;0;0;0
7502;Totaal mannen en vrouwen;85 tot 90 jaar;Marokko;1977;0;0;0
7503;Totaal mannen en vrouwen;85 tot 90 jaar;Marokko;1978;0;0;0
7504;Totaal mannen en vrouwen;85 tot 90 jaar;Marokko;1979;1;1;0
7505;Totaal mannen en vrouwen;85 tot 90 jaar;Marokko;1980;1;1;0
7506;Totaal mannen en vrouwen;85 tot 90 jaar;Marokko;1981;1;1;0
7507;Totaal mannen en vrouwen;85 tot 90 jaar;Marokko;1982;1;1;0
7508;Totaal mannen en vrouwen;85 tot 90 jaar;Marokko;1983;2;2;0
7509;Totaal mannen en vrouwen;85 tot 90 jaar;Marokko;1984;2;2;0
7510;Totaal mannen en vrouwen;85 tot 90 jaar;Marokko;1985;3;3;0
7511;Totaal mannen en vrouwen;85 tot 90 jaar;Marokko;1986;5;5;0
7512;Totaal mannen en vrouwen;85 tot 90 jaar;Marokko;1987;5;5;0
7513;Totaal mannen en vrouwen;85 tot 90 jaar;Marokko;1988;6;6;0
7514;Totaal mannen en vrouwen;85 tot 90 jaar;Marokko;1989;8;8;0
7515;Totaal mannen en vrouwen;85 tot 90 jaar;Marokko;1990;9;9;0
7516;Totaal mannen en vrouwen;85 tot 90 jaar;Marokko;1991;8;8;0
7517;Totaal mannen en vrouwen;85 tot 90 jaar;Marokko;1992;8;8;0
7518;Totaal mannen en vrouwen;85 tot 90 jaar;Marokko;1993;9;9;0
7519;Totaal mannen en vrouwen;85 tot 90 jaar;Marokko;1994;7;7;0
7520;Totaal mannen en vrouwen;85 tot 90 jaar;Marokko;1995;10;10;0
7521;Totaal mannen en vrouwen;85 tot 90 jaar;Marokko;1996;12;12;0
7522;Totaal mannen en vrouwen;85 tot 90 jaar;Marokko;1997;11;11;0
7523;Totaal mannen en vrouwen;85 tot 90 jaar;Marokko;1998;15;15;0
7524;Totaal mannen en vrouwen;85 tot 90 jaar;Marokko;1999;16;16;0
7525;Totaal mannen en vrouwen;85 tot 90 jaar;Marokko;2000;29;29;0
7526;Totaal mannen en vrouwen;85 tot 90 jaar;Marokko;2001;29;29;0
7527;Totaal mannen en vrouwen;85 tot 90 jaar;Marokko;2002;34;34;0
7528;Totaal mannen en vrouwen;85 tot 90 jaar;Marokko;2003;31;31;0
7529;Totaal mannen en vrouwen;85 tot 90 jaar;Marokko;2004;31;31;0
7530;Totaal mannen en vrouwen;85 tot 90 jaar;Marokko;2005;32;32;0
7531;Totaal mannen en vrouwen;85 tot 90 jaar;Marokko;2006;65;65;0
7532;Totaal mannen en vrouwen;85 tot 90 jaar;Marokko;2007;72;72;0
7533;Totaal mannen en vrouwen;85 tot 90 jaar;Marokko;2008;77;77;0
7534;Totaal mannen en vrouwen;85 tot 90 jaar;Marokko;2009;87;87;0
7535;Totaal mannen en vrouwen;85 tot 90 jaar;Marokko;2010;91;91;0
7536;Totaal mannen en vrouwen;85 tot 90 jaar;Marokko;2011;113;113;0
7537;Totaal mannen en vrouwen;85 tot 90 jaar;Marokko;2012;142;142;0
7538;Totaal mannen en vrouwen;85 tot 90 jaar;Marokko;2013;197;197;0
7539;Totaal mannen en vrouwen;85 tot 90 jaar;Marokko;2014;244;244;0
7540;Totaal mannen en vrouwen;85 tot 90 jaar;Marokko;2015;278;278;0
7541;Totaal mannen en vrouwen;85 tot 90 jaar;Marokko;2016;479;479;0
7542;Totaal mannen en vrouwen;85 tot 90 jaar;Marokko;2017;533;533;0
7543;Totaal mannen en vrouwen;85 tot 90 jaar;Marokko;2018;675;675;0
7544;Totaal mannen en vrouwen;85 tot 90 jaar;Marokko;2019;778;778;0
7545;Totaal mannen en vrouwen;85 tot 90 jaar;Marokko;2020;1008;1008;0
7546;Totaal mannen en vrouwen;85 tot 90 jaar;Marokko;2021;1183;1183;0
7547;Totaal mannen en vrouwen;85 tot 90 jaar;Marokko;2022;1533;1533;0
7548;Totaal mannen en vrouwen;85 tot 90 jaar;(voormalige) Nederlandse Antillen, Aruba;1972;7;7;0
7549;Totaal mannen en vrouwen;85 tot 90 jaar;(voormalige) Nederlandse Antillen, Aruba;1973;7;7;0
7550;Totaal mannen en vrouwen;85 tot 90 jaar;(voormalige) Nederlandse Antillen, Aruba;1974;6;6;0
7551;Totaal mannen en vrouwen;85 tot 90 jaar;(voormalige) Nederlandse Antillen, Aruba;1975;5;5;0
7552;Totaal mannen en vrouwen;85 tot 90 jaar;(voormalige) Nederlandse Antillen, Aruba;1976;5;5;0
7553;Totaal mannen en vrouwen;85 tot 90 jaar;(voormalige) Nederlandse Antillen, Aruba;1977;6;6;0
7554;Totaal mannen en vrouwen;85 tot 90 jaar;(voormalige) Nederlandse Antillen, Aruba;1978;7;7;0
7555;Totaal mannen en vrouwen;85 tot 90 jaar;(voormalige) Nederlandse Antillen, Aruba;1979;10;10;0
7556;Totaal mannen en vrouwen;85 tot 90 jaar;(voormalige) Nederlandse Antillen, Aruba;1980;11;11;0
7557;Totaal mannen en vrouwen;85 tot 90 jaar;(voormalige) Nederlandse Antillen, Aruba;1981;13;13;0
7558;Totaal mannen en vrouwen;85 tot 90 jaar;(voormalige) Nederlandse Antillen, Aruba;1982;13;13;0
7559;Totaal mannen en vrouwen;85 tot 90 jaar;(voormalige) Nederlandse Antillen, Aruba;1983;17;17;0
7560;Totaal mannen en vrouwen;85 tot 90 jaar;(voormalige) Nederlandse Antillen, Aruba;1984;17;17;0
7561;Totaal mannen en vrouwen;85 tot 90 jaar;(voormalige) Nederlandse Antillen, Aruba;1985;21;21;0
7562;Totaal mannen en vrouwen;85 tot 90 jaar;(voormalige) Nederlandse Antillen, Aruba;1986;25;25;0
7563;Totaal mannen en vrouwen;85 tot 90 jaar;(voormalige) Nederlandse Antillen, Aruba;1987;29;29;0
7564;Totaal mannen en vrouwen;85 tot 90 jaar;(voormalige) Nederlandse Antillen, Aruba;1988;33;33;0
7565;Totaal mannen en vrouwen;85 tot 90 jaar;(voormalige) Nederlandse Antillen, Aruba;1989;39;37;2
7566;Totaal mannen en vrouwen;85 tot 90 jaar;(voormalige) Nederlandse Antillen, Aruba;1990;45;41;4
7567;Totaal mannen en vrouwen;85 tot 90 jaar;(voormalige) Nederlandse Antillen, Aruba;1991;51;44;7
7568;Totaal mannen en vrouwen;85 tot 90 jaar;(voormalige) Nederlandse Antillen, Aruba;1992;61;51;10
7569;Totaal mannen en vrouwen;85 tot 90 jaar;(voormalige) Nederlandse Antillen, Aruba;1993;64;54;10
7570;Totaal mannen en vrouwen;85 tot 90 jaar;(voormalige) Nederlandse Antillen, Aruba;1994;62;51;11
7571;Totaal mannen en vrouwen;85 tot 90 jaar;(voormalige) Nederlandse Antillen, Aruba;1995;56;46;10
7572;Totaal mannen en vrouwen;85 tot 90 jaar;(voormalige) Nederlandse Antillen, Aruba;1996;55;46;9
7573;Totaal mannen en vrouwen;85 tot 90 jaar;(voormalige) Nederlandse Antillen, Aruba;1997;61;49;12
7574;Totaal mannen en vrouwen;85 tot 90 jaar;(voormalige) Nederlandse Antillen, Aruba;1998;51;42;9
7575;Totaal mannen en vrouwen;85 tot 90 jaar;(voormalige) Nederlandse Antillen, Aruba;1999;50;39;11
7576;Totaal mannen en vrouwen;85 tot 90 jaar;(voormalige) Nederlandse Antillen, Aruba;2000;67;56;11
7577;Totaal mannen en vrouwen;85 tot 90 jaar;(voormalige) Nederlandse Antillen, Aruba;2001;72;58;14
7578;Totaal mannen en vrouwen;85 tot 90 jaar;(voormalige) Nederlandse Antillen, Aruba;2002;84;73;11
7579;Totaal mannen en vrouwen;85 tot 90 jaar;(voormalige) Nederlandse Antillen, Aruba;2003;108;91;17
7580;Totaal mannen en vrouwen;85 tot 90 jaar;(voormalige) Nederlandse Antillen, Aruba;2004;113;96;17
7581;Totaal mannen en vrouwen;85 tot 90 jaar;(voormalige) Nederlandse Antillen, Aruba;2005;112;90;22
7582;Totaal mannen en vrouwen;85 tot 90 jaar;(voormalige) Nederlandse Antillen, Aruba;2006;123;99;24
7583;Totaal mannen en vrouwen;85 tot 90 jaar;(voormalige) Nederlandse Antillen, Aruba;2007;126;98;28
7584;Totaal mannen en vrouwen;85 tot 90 jaar;(voormalige) Nederlandse Antillen, Aruba;2008;122;97;25
7585;Totaal mannen en vrouwen;85 tot 90 jaar;(voormalige) Nederlandse Antillen, Aruba;2009;134;109;25
7586;Totaal mannen en vrouwen;85 tot 90 jaar;(voormalige) Nederlandse Antillen, Aruba;2010;136;108;28
7587;Totaal mannen en vrouwen;85 tot 90 jaar;(voormalige) Nederlandse Antillen, Aruba;2011;126;104;22
7588;Totaal mannen en vrouwen;85 tot 90 jaar;(voormalige) Nederlandse Antillen, Aruba;2012;128;110;18
7589;Totaal mannen en vrouwen;85 tot 90 jaar;(voormalige) Nederlandse Antillen, Aruba;2013;149;129;20
7590;Totaal mannen en vrouwen;85 tot 90 jaar;(voormalige) Nederlandse Antillen, Aruba;2014;171;153;18
7591;Totaal mannen en vrouwen;85 tot 90 jaar;(voormalige) Nederlandse Antillen, Aruba;2015;206;191;15
7592;Totaal mannen en vrouwen;85 tot 90 jaar;(voormalige) Nederlandse Antillen, Aruba;2016;209;193;16
7593;Totaal mannen en vrouwen;85 tot 90 jaar;(voormalige) Nederlandse Antillen, Aruba;2017;230;213;17
7594;Totaal mannen en vrouwen;85 tot 90 jaar;(voormalige) Nederlandse Antillen, Aruba;2018;280;261;19
7595;Totaal mannen en vrouwen;85 tot 90 jaar;(voormalige) Nederlandse Antillen, Aruba;2019;302;282;20
7596;Totaal mannen en vrouwen;85 tot 90 jaar;(voormalige) Nederlandse Antillen, Aruba;2020;342;321;21
7597;Totaal mannen en vrouwen;85 tot 90 jaar;(voormalige) Nederlandse Antillen, Aruba;2021;339;318;21
7598;Totaal mannen en vrouwen;85 tot 90 jaar;(voormalige) Nederlandse Antillen, Aruba;2022;377;358;19
7599;Totaal mannen en vrouwen;85 tot 90 jaar;Suriname;1972;45;45;0
7600;Totaal mannen en vrouwen;85 tot 90 jaar;Suriname;1973;46;46;0
7601;Totaal mannen en vrouwen;85 tot 90 jaar;Suriname;1974;48;48;0
7602;Totaal mannen en vrouwen;85 tot 90 jaar;Suriname;1975;50;50;0
7603;Totaal mannen en vrouwen;85 tot 90 jaar;Suriname;1976;59;59;0
7604;Totaal mannen en vrouwen;85 tot 90 jaar;Suriname;1977;59;59;0
7605;Totaal mannen en vrouwen;85 tot 90 jaar;Suriname;1978;61;61;0
7606;Totaal mannen en vrouwen;85 tot 90 jaar;Suriname;1979;68;68;0
7607;Totaal mannen en vrouwen;85 tot 90 jaar;Suriname;1980;75;75;0
7608;Totaal mannen en vrouwen;85 tot 90 jaar;Suriname;1981;76;76;0
7609;Totaal mannen en vrouwen;85 tot 90 jaar;Suriname;1982;77;77;0
7610;Totaal mannen en vrouwen;85 tot 90 jaar;Suriname;1983;85;85;0
7611;Totaal mannen en vrouwen;85 tot 90 jaar;Suriname;1984;96;96;0
7612;Totaal mannen en vrouwen;85 tot 90 jaar;Suriname;1985;110;110;0
7613;Totaal mannen en vrouwen;85 tot 90 jaar;Suriname;1986;138;133;5
7614;Totaal mannen en vrouwen;85 tot 90 jaar;Suriname;1987;176;165;11
7615;Totaal mannen en vrouwen;85 tot 90 jaar;Suriname;1988;206;197;9
7616;Totaal mannen en vrouwen;85 tot 90 jaar;Suriname;1989;230;222;8
7617;Totaal mannen en vrouwen;85 tot 90 jaar;Suriname;1990;236;230;6
7618;Totaal mannen en vrouwen;85 tot 90 jaar;Suriname;1991;248;245;3
7619;Totaal mannen en vrouwen;85 tot 90 jaar;Suriname;1992;265;263;2
7620;Totaal mannen en vrouwen;85 tot 90 jaar;Suriname;1993;293;286;7
7621;Totaal mannen en vrouwen;85 tot 90 jaar;Suriname;1994;312;297;15
7622;Totaal mannen en vrouwen;85 tot 90 jaar;Suriname;1995;372;356;16
7623;Totaal mannen en vrouwen;85 tot 90 jaar;Suriname;1996;399;383;16
7624;Totaal mannen en vrouwen;85 tot 90 jaar;Suriname;1997;376;360;16
7625;Totaal mannen en vrouwen;85 tot 90 jaar;Suriname;1998;403;387;16
7626;Totaal mannen en vrouwen;85 tot 90 jaar;Suriname;1999;442;423;19
7627;Totaal mannen en vrouwen;85 tot 90 jaar;Suriname;2000;466;438;28
7628;Totaal mannen en vrouwen;85 tot 90 jaar;Suriname;2001;525;494;31
7629;Totaal mannen en vrouwen;85 tot 90 jaar;Suriname;2002;579;547;32
7630;Totaal mannen en vrouwen;85 tot 90 jaar;Suriname;2003;613;579;34
7631;Totaal mannen en vrouwen;85 tot 90 jaar;Suriname;2004;618;592;26
7632;Totaal mannen en vrouwen;85 tot 90 jaar;Suriname;2005;622;598;24
7633;Totaal mannen en vrouwen;85 tot 90 jaar;Suriname;2006;619;591;28
7634;Totaal mannen en vrouwen;85 tot 90 jaar;Suriname;2007;689;655;34
7635;Totaal mannen en vrouwen;85 tot 90 jaar;Suriname;2008;779;736;43
7636;Totaal mannen en vrouwen;85 tot 90 jaar;Suriname;2009;815;766;49
7637;Totaal mannen en vrouwen;85 tot 90 jaar;Suriname;2010;874;828;46
7638;Totaal mannen en vrouwen;85 tot 90 jaar;Suriname;2011;964;921;43
7639;Totaal mannen en vrouwen;85 tot 90 jaar;Suriname;2012;1003;945;58
7640;Totaal mannen en vrouwen;85 tot 90 jaar;Suriname;2013;1029;966;63
7641;Totaal mannen en vrouwen;85 tot 90 jaar;Suriname;2014;1099;1033;66
7642;Totaal mannen en vrouwen;85 tot 90 jaar;Suriname;2015;1197;1124;73
7643;Totaal mannen en vrouwen;85 tot 90 jaar;Suriname;2016;1234;1156;78
7644;Totaal mannen en vrouwen;85 tot 90 jaar;Suriname;2017;1316;1239;77
7645;Totaal mannen en vrouwen;85 tot 90 jaar;Suriname;2018;1424;1339;85
7646;Totaal mannen en vrouwen;85 tot 90 jaar;Suriname;2019;1524;1432;92
7647;Totaal mannen en vrouwen;85 tot 90 jaar;Suriname;2020;1639;1545;94
7648;Totaal mannen en vrouwen;85 tot 90 jaar;Suriname;2021;1794;1690;104
7649;Totaal mannen en vrouwen;85 tot 90 jaar;Suriname;2022;1913;1804;109
7650;Totaal mannen en vrouwen;85 tot 90 jaar;Turkije;1972;0;0;0
7651;Totaal mannen en vrouwen;85 tot 90 jaar;Turkije;1973;0;0;0
7652;Totaal mannen en vrouwen;85 tot 90 jaar;Turkije;1974;1;1;0
7653;Totaal mannen en vrouwen;85 tot 90 jaar;Turkije;1975;1;1;0
7654;Totaal mannen en vrouwen;85 tot 90 jaar;Turkije;1976;2;2;0
7655;Totaal mannen en vrouwen;85 tot 90 jaar;Turkije;1977;5;5;0
7656;Totaal mannen en vrouwen;85 tot 90 jaar;Turkije;1978;7;7;0
7657;Totaal mannen en vrouwen;85 tot 90 jaar;Turkije;1979;11;11;0
7658;Totaal mannen en vrouwen;85 tot 90 jaar;Turkije;1980;15;15;0
7659;Totaal mannen en vrouwen;85 tot 90 jaar;Turkije;1981;23;23;0
7660;Totaal mannen en vrouwen;85 tot 90 jaar;Turkije;1982;25;25;0
7661;Totaal mannen en vrouwen;85 tot 90 jaar;Turkije;1983;30;30;0
7662;Totaal mannen en vrouwen;85 tot 90 jaar;Turkije;1984;36;36;0
7663;Totaal mannen en vrouwen;85 tot 90 jaar;Turkije;1985;44;44;0
7664;Totaal mannen en vrouwen;85 tot 90 jaar;Turkije;1986;55;55;0
7665;Totaal mannen en vrouwen;85 tot 90 jaar;Turkije;1987;63;63;0
7666;Totaal mannen en vrouwen;85 tot 90 jaar;Turkije;1988;64;64;0
7667;Totaal mannen en vrouwen;85 tot 90 jaar;Turkije;1989;67;67;0
7668;Totaal mannen en vrouwen;85 tot 90 jaar;Turkije;1990;66;66;0
7669;Totaal mannen en vrouwen;85 tot 90 jaar;Turkije;1991;63;63;0
7670;Totaal mannen en vrouwen;85 tot 90 jaar;Turkije;1992;58;58;0
7671;Totaal mannen en vrouwen;85 tot 90 jaar;Turkije;1993;60;60;0
7672;Totaal mannen en vrouwen;85 tot 90 jaar;Turkije;1994;62;62;0
7673;Totaal mannen en vrouwen;85 tot 90 jaar;Turkije;1995;63;63;0
7674;Totaal mannen en vrouwen;85 tot 90 jaar;Turkije;1996;68;68;0
7675;Totaal mannen en vrouwen;85 tot 90 jaar;Turkije;1997;77;75;2
7676;Totaal mannen en vrouwen;85 tot 90 jaar;Turkije;1998;63;62;1
7677;Totaal mannen en vrouwen;85 tot 90 jaar;Turkije;1999;64;61;3
7678;Totaal mannen en vrouwen;85 tot 90 jaar;Turkije;2000;70;67;3
7679;Totaal mannen en vrouwen;85 tot 90 jaar;Turkije;2001;62;60;2
7680;Totaal mannen en vrouwen;85 tot 90 jaar;Turkije;2002;59;57;2
7681;Totaal mannen en vrouwen;85 tot 90 jaar;Turkije;2003;66;65;1
7682;Totaal mannen en vrouwen;85 tot 90 jaar;Turkije;2004;59;59;0
7683;Totaal mannen en vrouwen;85 tot 90 jaar;Turkije;2005;60;58;2
7684;Totaal mannen en vrouwen;85 tot 90 jaar;Turkije;2006;71;69;2
7685;Totaal mannen en vrouwen;85 tot 90 jaar;Turkije;2007;82;81;1
7686;Totaal mannen en vrouwen;85 tot 90 jaar;Turkije;2008;93;91;2
7687;Totaal mannen en vrouwen;85 tot 90 jaar;Turkije;2009;113;110;3
7688;Totaal mannen en vrouwen;85 tot 90 jaar;Turkije;2010;129;125;4
7689;Totaal mannen en vrouwen;85 tot 90 jaar;Turkije;2011;141;137;4
7690;Totaal mannen en vrouwen;85 tot 90 jaar;Turkije;2012;182;179;3
7691;Totaal mannen en vrouwen;85 tot 90 jaar;Turkije;2013;213;211;2
7692;Totaal mannen en vrouwen;85 tot 90 jaar;Turkije;2014;269;265;4
7693;Totaal mannen en vrouwen;85 tot 90 jaar;Turkije;2015;331;326;5
7694;Totaal mannen en vrouwen;85 tot 90 jaar;Turkije;2016;416;411;5
7695;Totaal mannen en vrouwen;85 tot 90 jaar;Turkije;2017;490;485;5
7696;Totaal mannen en vrouwen;85 tot 90 jaar;Turkije;2018;610;605;5
7697;Totaal mannen en vrouwen;85 tot 90 jaar;Turkije;2019;800;796;4
7698;Totaal mannen en vrouwen;85 tot 90 jaar;Turkije;2020;923;921;2
7699;Totaal mannen en vrouwen;85 tot 90 jaar;Turkije;2021;984;981;3
7700;Totaal mannen en vrouwen;85 tot 90 jaar;Turkije;2022;1077;1074;3
7701;Totaal mannen en vrouwen;85 tot 90 jaar;Overige niet-westerse migratieachterg...;1972;0;0;0
7702;Totaal mannen en vrouwen;85 tot 90 jaar;Overige niet-westerse migratieachterg...;1973;0;0;0
7703;Totaal mannen en vrouwen;85 tot 90 jaar;Overige niet-westerse migratieachterg...;1974;2;2;0
7704;Totaal mannen en vrouwen;85 tot 90 jaar;Overige niet-westerse migratieachterg...;1975;2;2;0
7705;Totaal mannen en vrouwen;85 tot 90 jaar;Overige niet-westerse migratieachterg...;1976;3;3;0
7706;Totaal mannen en vrouwen;85 tot 90 jaar;Overige niet-westerse migratieachterg...;1977;4;4;0
7707;Totaal mannen en vrouwen;85 tot 90 jaar;Overige niet-westerse migratieachterg...;1978;6;6;0
7708;Totaal mannen en vrouwen;85 tot 90 jaar;Overige niet-westerse migratieachterg...;1979;7;7;0
7709;Totaal mannen en vrouwen;85 tot 90 jaar;Overige niet-westerse migratieachterg...;1980;8;8;0
7710;Totaal mannen en vrouwen;85 tot 90 jaar;Overige niet-westerse migratieachterg...;1981;9;9;0
7711;Totaal mannen en vrouwen;85 tot 90 jaar;Overige niet-westerse migratieachterg...;1982;8;8;0
7712;Totaal mannen en vrouwen;85 tot 90 jaar;Overige niet-westerse migratieachterg...;1983;15;15;0
7713;Totaal mannen en vrouwen;85 tot 90 jaar;Overige niet-westerse migratieachterg...;1984;21;21;0
7714;Totaal mannen en vrouwen;85 tot 90 jaar;Overige niet-westerse migratieachterg...;1985;46;46;0
7715;Totaal mannen en vrouwen;85 tot 90 jaar;Overige niet-westerse migratieachterg...;1986;69;69;0
7716;Totaal mannen en vrouwen;85 tot 90 jaar;Overige niet-westerse migratieachterg...;1987;69;65;4
7717;Totaal mannen en vrouwen;85 tot 90 jaar;Overige niet-westerse migratieachterg...;1988;75;69;6
7718;Totaal mannen en vrouwen;85 tot 90 jaar;Overige niet-westerse migratieachterg...;1989;90;84;6
7719;Totaal mannen en vrouwen;85 tot 90 jaar;Overige niet-westerse migratieachterg...;1990;92;82;10
7720;Totaal mannen en vrouwen;85 tot 90 jaar;Overige niet-westerse migratieachterg...;1991;83;73;10
7721;Totaal mannen en vrouwen;85 tot 90 jaar;Overige niet-westerse migratieachterg...;1992;90;82;8
7722;Totaal mannen en vrouwen;85 tot 90 jaar;Overige niet-westerse migratieachterg...;1993;109;102;7
7723;Totaal mannen en vrouwen;85 tot 90 jaar;Overige niet-westerse migratieachterg...;1994;109;101;8
7724;Totaal mannen en vrouwen;85 tot 90 jaar;Overige niet-westerse migratieachterg...;1995;181;171;10
7725;Totaal mannen en vrouwen;85 tot 90 jaar;Overige niet-westerse migratieachterg...;1996;213;201;12
7726;Totaal mannen en vrouwen;85 tot 90 jaar;Overige niet-westerse migratieachterg...;1997;242;226;16
7727;Totaal mannen en vrouwen;85 tot 90 jaar;Overige niet-westerse migratieachterg...;1998;244;228;16
7728;Totaal mannen en vrouwen;85 tot 90 jaar;Overige niet-westerse migratieachterg...;1999;236;220;16
7729;Totaal mannen en vrouwen;85 tot 90 jaar;Overige niet-westerse migratieachterg...;2000;233;217;16
7730;Totaal mannen en vrouwen;85 tot 90 jaar;Overige niet-westerse migratieachterg...;2001;234;217;17
7731;Totaal mannen en vrouwen;85 tot 90 jaar;Overige niet-westerse migratieachterg...;2002;231;212;19
7732;Totaal mannen en vrouwen;85 tot 90 jaar;Overige niet-westerse migratieachterg...;2003;264;241;23
7733;Totaal mannen en vrouwen;85 tot 90 jaar;Overige niet-westerse migratieachterg...;2004;263;240;23
7734;Totaal mannen en vrouwen;85 tot 90 jaar;Overige niet-westerse migratieachterg...;2005;281;253;28
7735;Totaal mannen en vrouwen;85 tot 90 jaar;Overige niet-westerse migratieachterg...;2006;304;269;35
7736;Totaal mannen en vrouwen;85 tot 90 jaar;Overige niet-westerse migratieachterg...;2007;351;315;36
7737;Totaal mannen en vrouwen;85 tot 90 jaar;Overige niet-westerse migratieachterg...;2008;410;365;45
7738;Totaal mannen en vrouwen;85 tot 90 jaar;Overige niet-westerse migratieachterg...;2009;464;410;54
7739;Totaal mannen en vrouwen;85 tot 90 jaar;Overige niet-westerse migratieachterg...;2010;528;464;64
7740;Totaal mannen en vrouwen;85 tot 90 jaar;Overige niet-westerse migratieachterg...;2011;608;536;72
7741;Totaal mannen en vrouwen;85 tot 90 jaar;Overige niet-westerse migratieachterg...;2012;680;599;81
7742;Totaal mannen en vrouwen;85 tot 90 jaar;Overige niet-westerse migratieachterg...;2013;716;629;87
7743;Totaal mannen en vrouwen;85 tot 90 jaar;Overige niet-westerse migratieachterg...;2014;786;687;99
7744;Totaal mannen en vrouwen;85 tot 90 jaar;Overige niet-westerse migratieachterg...;2015;873;764;109
7745;Totaal mannen en vrouwen;85 tot 90 jaar;Overige niet-westerse migratieachterg...;2016;975;862;113
7746;Totaal mannen en vrouwen;85 tot 90 jaar;Overige niet-westerse migratieachterg...;2017;1068;953;115
7747;Totaal mannen en vrouwen;85 tot 90 jaar;Overige niet-westerse migratieachterg...;2018;1218;1107;111
7748;Totaal mannen en vrouwen;85 tot 90 jaar;Overige niet-westerse migratieachterg...;2019;1310;1190;120
7749;Totaal mannen en vrouwen;85 tot 90 jaar;Overige niet-westerse migratieachterg...;2020;1383;1273;110
7750;Totaal mannen en vrouwen;85 tot 90 jaar;Overige niet-westerse migratieachterg...;2021;1485;1376;109
7751;Totaal mannen en vrouwen;85 tot 90 jaar;Overige niet-westerse migratieachterg...;2022;1626;1511;115
7752;Totaal mannen en vrouwen;90 tot 95 jaar;Met migratieachtergrond;1972;794;488;306
7753;Totaal mannen en vrouwen;90 tot 95 jaar;Met migratieachtergrond;1973;959;618;341
7754;Totaal mannen en vrouwen;90 tot 95 jaar;Met migratieachtergrond;1974;1053;690;363
7755;Totaal mannen en vrouwen;90 tot 95 jaar;Met migratieachtergrond;1975;1192;810;382
7756;Totaal mannen en vrouwen;90 tot 95 jaar;Met migratieachtergrond;1976;1678;1108;570
7757;Totaal mannen en vrouwen;90 tot 95 jaar;Met migratieachtergrond;1977;1783;1228;555
7758;Totaal mannen en vrouwen;90 tot 95 jaar;Met migratieachtergrond;1978;1965;1372;593
7759;Totaal mannen en vrouwen;90 tot 95 jaar;Met migratieachtergrond;1979;2035;1461;574
7760;Totaal mannen en vrouwen;90 tot 95 jaar;Met migratieachtergrond;1980;2224;1591;633
7761;Totaal mannen en vrouwen;90 tot 95 jaar;Met migratieachtergrond;1981;2276;1634;642
7762;Totaal mannen en vrouwen;90 tot 95 jaar;Met migratieachtergrond;1982;2498;1787;711
7763;Totaal mannen en vrouwen;90 tot 95 jaar;Met migratieachtergrond;1983;2017;1574;443
7764;Totaal mannen en vrouwen;90 tot 95 jaar;Met migratieachtergrond;1984;2198;1655;543
7765;Totaal mannen en vrouwen;90 tot 95 jaar;Met migratieachtergrond;1985;2237;1648;589
7766;Totaal mannen en vrouwen;90 tot 95 jaar;Met migratieachtergrond;1986;2378;1728;650
7767;Totaal mannen en vrouwen;90 tot 95 jaar;Met migratieachtergrond;1987;2462;1821;641
7768;Totaal mannen en vrouwen;90 tot 95 jaar;Met migratieachtergrond;1988;2729;2034;695
7769;Totaal mannen en vrouwen;90 tot 95 jaar;Met migratieachtergrond;1989;2845;2145;700
7770;Totaal mannen en vrouwen;90 tot 95 jaar;Met migratieachtergrond;1990;2964;2283;681
7771;Totaal mannen en vrouwen;90 tot 95 jaar;Met migratieachtergrond;1991;3250;2511;739
7772;Totaal mannen en vrouwen;90 tot 95 jaar;Met migratieachtergrond;1992;3436;2682;754
7773;Totaal mannen en vrouwen;90 tot 95 jaar;Met migratieachtergrond;1993;3747;2898;849
7774;Totaal mannen en vrouwen;90 tot 95 jaar;Met migratieachtergrond;1994;3853;2994;859
7775;Totaal mannen en vrouwen;90 tot 95 jaar;Met migratieachtergrond;1995;3928;3121;807
7776;Totaal mannen en vrouwen;90 tot 95 jaar;Met migratieachtergrond;1996;4257;3390;867
7777;Totaal mannen en vrouwen;90 tot 95 jaar;Met migratieachtergrond;1997;4320;3439;881
7778;Totaal mannen en vrouwen;90 tot 95 jaar;Met migratieachtergrond;1998;4535;3652;883
7779;Totaal mannen en vrouwen;90 tot 95 jaar;Met migratieachtergrond;1999;4821;3878;943
7780;Totaal mannen en vrouwen;90 tot 95 jaar;Met migratieachtergrond;2000;5000;4030;970
7781;Totaal mannen en vrouwen;90 tot 95 jaar;Met migratieachtergrond;2001;5081;4087;994
7782;Totaal mannen en vrouwen;90 tot 95 jaar;Met migratieachtergrond;2002;5123;4089;1034
7783;Totaal mannen en vrouwen;90 tot 95 jaar;Met migratieachtergrond;2003;5198;4143;1055
7784;Totaal mannen en vrouwen;90 tot 95 jaar;Met migratieachtergrond;2004;5246;4146;1100
7785;Totaal mannen en vrouwen;90 tot 95 jaar;Met migratieachtergrond;2005;5240;4080;1160
7786;Totaal mannen en vrouwen;90 tot 95 jaar;Met migratieachtergrond;2006;5175;3940;1235
7787;Totaal mannen en vrouwen;90 tot 95 jaar;Met migratieachtergrond;2007;5143;3788;1355
7788;Totaal mannen en vrouwen;90 tot 95 jaar;Met migratieachtergrond;2008;5022;3537;1485
7789;Totaal mannen en vrouwen;90 tot 95 jaar;Met migratieachtergrond;2009;4896;3301;1595
7790;Totaal mannen en vrouwen;90 tot 95 jaar;Met migratieachtergrond;2010;5074;3287;1787
7791;Totaal mannen en vrouwen;90 tot 95 jaar;Met migratieachtergrond;2011;5643;3613;2030
7792;Totaal mannen en vrouwen;90 tot 95 jaar;Met migratieachtergrond;2012;6412;4057;2355
7793;Totaal mannen en vrouwen;90 tot 95 jaar;Met migratieachtergrond;2013;6856;4381;2475
7794;Totaal mannen en vrouwen;90 tot 95 jaar;Met migratieachtergrond;2014;7611;4867;2744
7795;Totaal mannen en vrouwen;90 tot 95 jaar;Met migratieachtergrond;2015;8308;5297;3011
7796;Totaal mannen en vrouwen;90 tot 95 jaar;Met migratieachtergrond;2016;8676;5482;3194
7797;Totaal mannen en vrouwen;90 tot 95 jaar;Met migratieachtergrond;2017;8988;5540;3448
7798;Totaal mannen en vrouwen;90 tot 95 jaar;Met migratieachtergrond;2018;9381;5612;3769
7799;Totaal mannen en vrouwen;90 tot 95 jaar;Met migratieachtergrond;2019;9630;5632;3998
7800;Totaal mannen en vrouwen;90 tot 95 jaar;Met migratieachtergrond;2020;10052;5729;4323
7801;Totaal mannen en vrouwen;90 tot 95 jaar;Met migratieachtergrond;2021;10479;5877;4602
7802;Totaal mannen en vrouwen;90 tot 95 jaar;Met migratieachtergrond;2022;10811;5862;4949
7803;Totaal mannen en vrouwen;90 tot 95 jaar;Westerse migratieachtergrond;1972;794;488;306
7804;Totaal mannen en vrouwen;90 tot 95 jaar;Westerse migratieachtergrond;1973;952;611;341
7805;Totaal mannen en vrouwen;90 tot 95 jaar;Westerse migratieachtergrond;1974;1041;678;363
7806;Totaal mannen en vrouwen;90 tot 95 jaar;Westerse migratieachtergrond;1975;1175;793;382
7807;Totaal mannen en vrouwen;90 tot 95 jaar;Westerse migratieachtergrond;1976;1657;1087;570
7808;Totaal mannen en vrouwen;90 tot 95 jaar;Westerse migratieachtergrond;1977;1760;1205;555
7809;Totaal mannen en vrouwen;90 tot 95 jaar;Westerse migratieachtergrond;1978;1938;1345;593
7810;Totaal mannen en vrouwen;90 tot 95 jaar;Westerse migratieachtergrond;1979;2002;1428;574
7811;Totaal mannen en vrouwen;90 tot 95 jaar;Westerse migratieachtergrond;1980;2187;1554;633
7812;Totaal mannen en vrouwen;90 tot 95 jaar;Westerse migratieachtergrond;1981;2233;1591;642
7813;Totaal mannen en vrouwen;90 tot 95 jaar;Westerse migratieachtergrond;1982;2454;1743;711
7814;Totaal mannen en vrouwen;90 tot 95 jaar;Westerse migratieachtergrond;1983;1970;1527;443
7815;Totaal mannen en vrouwen;90 tot 95 jaar;Westerse migratieachtergrond;1984;2151;1608;543
7816;Totaal mannen en vrouwen;90 tot 95 jaar;Westerse migratieachtergrond;1985;2189;1600;589
7817;Totaal mannen en vrouwen;90 tot 95 jaar;Westerse migratieachtergrond;1986;2327;1677;650
7818;Totaal mannen en vrouwen;90 tot 95 jaar;Westerse migratieachtergrond;1987;2413;1772;641
7819;Totaal mannen en vrouwen;90 tot 95 jaar;Westerse migratieachtergrond;1988;2666;1971;695
7820;Totaal mannen en vrouwen;90 tot 95 jaar;Westerse migratieachtergrond;1989;2773;2073;700
7821;Totaal mannen en vrouwen;90 tot 95 jaar;Westerse migratieachtergrond;1990;2866;2185;681
7822;Totaal mannen en vrouwen;90 tot 95 jaar;Westerse migratieachtergrond;1991;3123;2384;739
7823;Totaal mannen en vrouwen;90 tot 95 jaar;Westerse migratieachtergrond;1992;3293;2541;752
7824;Totaal mannen en vrouwen;90 tot 95 jaar;Westerse migratieachtergrond;1993;3585;2739;846
7825;Totaal mannen en vrouwen;90 tot 95 jaar;Westerse migratieachtergrond;1994;3686;2830;856
7826;Totaal mannen en vrouwen;90 tot 95 jaar;Westerse migratieachtergrond;1995;3709;2910;799
7827;Totaal mannen en vrouwen;90 tot 95 jaar;Westerse migratieachtergrond;1996;4026;3167;859
7828;Totaal mannen en vrouwen;90 tot 95 jaar;Westerse migratieachtergrond;1997;4090;3217;873
7829;Totaal mannen en vrouwen;90 tot 95 jaar;Westerse migratieachtergrond;1998;4265;3395;870
7830;Totaal mannen en vrouwen;90 tot 95 jaar;Westerse migratieachtergrond;1999;4525;3602;923
7831;Totaal mannen en vrouwen;90 tot 95 jaar;Westerse migratieachtergrond;2000;4685;3736;949
7832;Totaal mannen en vrouwen;90 tot 95 jaar;Westerse migratieachtergrond;2001;4736;3761;975
7833;Totaal mannen en vrouwen;90 tot 95 jaar;Westerse migratieachtergrond;2002;4752;3743;1009
7834;Totaal mannen en vrouwen;90 tot 95 jaar;Westerse migratieachtergrond;2003;4849;3815;1034
7835;Totaal mannen en vrouwen;90 tot 95 jaar;Westerse migratieachtergrond;2004;4866;3787;1079
7836;Totaal mannen en vrouwen;90 tot 95 jaar;Westerse migratieachtergrond;2005;4843;3704;1139
7837;Totaal mannen en vrouwen;90 tot 95 jaar;Westerse migratieachtergrond;2006;4745;3537;1208
7838;Totaal mannen en vrouwen;90 tot 95 jaar;Westerse migratieachtergrond;2007;4686;3359;1327
7839;Totaal mannen en vrouwen;90 tot 95 jaar;Westerse migratieachtergrond;2008;4537;3080;1457
7840;Totaal mannen en vrouwen;90 tot 95 jaar;Westerse migratieachtergrond;2009;4421;2855;1566
7841;Totaal mannen en vrouwen;90 tot 95 jaar;Westerse migratieachtergrond;2010;4610;2860;1750
7842;Totaal mannen en vrouwen;90 tot 95 jaar;Westerse migratieachtergrond;2011;5104;3114;1990
7843;Totaal mannen en vrouwen;90 tot 95 jaar;Westerse migratieachtergrond;2012;5764;3463;2301
7844;Totaal mannen en vrouwen;90 tot 95 jaar;Westerse migratieachtergrond;2013;6154;3736;2418
7845;Totaal mannen en vrouwen;90 tot 95 jaar;Westerse migratieachtergrond;2014;6810;4131;2679
7846;Totaal mannen en vrouwen;90 tot 95 jaar;Westerse migratieachtergrond;2015;7443;4502;2941
7847;Totaal mannen en vrouwen;90 tot 95 jaar;Westerse migratieachtergrond;2016;7711;4591;3120
7848;Totaal mannen en vrouwen;90 tot 95 jaar;Westerse migratieachtergrond;2017;7923;4562;3361
7849;Totaal mannen en vrouwen;90 tot 95 jaar;Westerse migratieachtergrond;2018;8219;4548;3671
7850;Totaal mannen en vrouwen;90 tot 95 jaar;Westerse migratieachtergrond;2019;8328;4429;3899
7851;Totaal mannen en vrouwen;90 tot 95 jaar;Westerse migratieachtergrond;2020;8614;4376;4238
7852;Totaal mannen en vrouwen;90 tot 95 jaar;Westerse migratieachtergrond;2021;8864;4350;4514
7853;Totaal mannen en vrouwen;90 tot 95 jaar;Westerse migratieachtergrond;2022;9062;4205;4857
7854;Totaal mannen en vrouwen;90 tot 95 jaar;Niet-westerse migratieachtergrond;1972;0;0;0
7855;Totaal mannen en vrouwen;90 tot 95 jaar;Niet-westerse migratieachtergrond;1973;7;7;0
7856;Totaal mannen en vrouwen;90 tot 95 jaar;Niet-westerse migratieachtergrond;1974;12;12;0
7857;Totaal mannen en vrouwen;90 tot 95 jaar;Niet-westerse migratieachtergrond;1975;17;17;0
7858;Totaal mannen en vrouwen;90 tot 95 jaar;Niet-westerse migratieachtergrond;1976;21;21;0
7859;Totaal mannen en vrouwen;90 tot 95 jaar;Niet-westerse migratieachtergrond;1977;23;23;0
7860;Totaal mannen en vrouwen;90 tot 95 jaar;Niet-westerse migratieachtergrond;1978;27;27;0
7861;Totaal mannen en vrouwen;90 tot 95 jaar;Niet-westerse migratieachtergrond;1979;33;33;0
7862;Totaal mannen en vrouwen;90 tot 95 jaar;Niet-westerse migratieachtergrond;1980;37;37;0
7863;Totaal mannen en vrouwen;90 tot 95 jaar;Niet-westerse migratieachtergrond;1981;43;43;0
7864;Totaal mannen en vrouwen;90 tot 95 jaar;Niet-westerse migratieachtergrond;1982;44;44;0
7865;Totaal mannen en vrouwen;90 tot 95 jaar;Niet-westerse migratieachtergrond;1983;47;47;0
7866;Totaal mannen en vrouwen;90 tot 95 jaar;Niet-westerse migratieachtergrond;1984;47;47;0
7867;Totaal mannen en vrouwen;90 tot 95 jaar;Niet-westerse migratieachtergrond;1985;48;48;0
7868;Totaal mannen en vrouwen;90 tot 95 jaar;Niet-westerse migratieachtergrond;1986;51;51;0
7869;Totaal mannen en vrouwen;90 tot 95 jaar;Niet-westerse migratieachtergrond;1987;49;49;0
7870;Totaal mannen en vrouwen;90 tot 95 jaar;Niet-westerse migratieachtergrond;1988;63;63;0
7871;Totaal mannen en vrouwen;90 tot 95 jaar;Niet-westerse migratieachtergrond;1989;72;72;0
7872;Totaal mannen en vrouwen;90 tot 95 jaar;Niet-westerse migratieachtergrond;1990;98;98;0
7873;Totaal mannen en vrouwen;90 tot 95 jaar;Niet-westerse migratieachtergrond;1991;127;127;0
7874;Totaal mannen en vrouwen;90 tot 95 jaar;Niet-westerse migratieachtergrond;1992;143;141;2
7875;Totaal mannen en vrouwen;90 tot 95 jaar;Niet-westerse migratieachtergrond;1993;162;159;3
7876;Totaal mannen en vrouwen;90 tot 95 jaar;Niet-westerse migratieachtergrond;1994;167;164;3
7877;Totaal mannen en vrouwen;90 tot 95 jaar;Niet-westerse migratieachtergrond;1995;219;211;8
7878;Totaal mannen en vrouwen;90 tot 95 jaar;Niet-westerse migratieachtergrond;1996;231;223;8
7879;Totaal mannen en vrouwen;90 tot 95 jaar;Niet-westerse migratieachtergrond;1997;230;222;8
7880;Totaal mannen en vrouwen;90 tot 95 jaar;Niet-westerse migratieachtergrond;1998;270;257;13
7881;Totaal mannen en vrouwen;90 tot 95 jaar;Niet-westerse migratieachtergrond;1999;296;276;20
7882;Totaal mannen en vrouwen;90 tot 95 jaar;Niet-westerse migratieachtergrond;2000;315;294;21
7883;Totaal mannen en vrouwen;90 tot 95 jaar;Niet-westerse migratieachtergrond;2001;345;326;19
7884;Totaal mannen en vrouwen;90 tot 95 jaar;Niet-westerse migratieachtergrond;2002;371;346;25
7885;Totaal mannen en vrouwen;90 tot 95 jaar;Niet-westerse migratieachtergrond;2003;349;328;21
7886;Totaal mannen en vrouwen;90 tot 95 jaar;Niet-westerse migratieachtergrond;2004;380;359;21
7887;Totaal mannen en vrouwen;90 tot 95 jaar;Niet-westerse migratieachtergrond;2005;397;376;21
7888;Totaal mannen en vrouwen;90 tot 95 jaar;Niet-westerse migratieachtergrond;2006;430;403;27
7889;Totaal mannen en vrouwen;90 tot 95 jaar;Niet-westerse migratieachtergrond;2007;457;429;28
7890;Totaal mannen en vrouwen;90 tot 95 jaar;Niet-westerse migratieachtergrond;2008;485;457;28
7891;Totaal mannen en vrouwen;90 tot 95 jaar;Niet-westerse migratieachtergrond;2009;475;446;29
7892;Totaal mannen en vrouwen;90 tot 95 jaar;Niet-westerse migratieachtergrond;2010;464;427;37
7893;Totaal mannen en vrouwen;90 tot 95 jaar;Niet-westerse migratieachtergrond;2011;539;499;40
7894;Totaal mannen en vrouwen;90 tot 95 jaar;Niet-westerse migratieachtergrond;2012;648;594;54
7895;Totaal mannen en vrouwen;90 tot 95 jaar;Niet-westerse migratieachtergrond;2013;702;645;57
7896;Totaal mannen en vrouwen;90 tot 95 jaar;Niet-westerse migratieachtergrond;2014;801;736;65
7897;Totaal mannen en vrouwen;90 tot 95 jaar;Niet-westerse migratieachtergrond;2015;865;795;70
7898;Totaal mannen en vrouwen;90 tot 95 jaar;Niet-westerse migratieachtergrond;2016;965;891;74
7899;Totaal mannen en vrouwen;90 tot 95 jaar;Niet-westerse migratieachtergrond;2017;1065;978;87
7900;Totaal mannen en vrouwen;90 tot 95 jaar;Niet-westerse migratieachtergrond;2018;1162;1064;98
7901;Totaal mannen en vrouwen;90 tot 95 jaar;Niet-westerse migratieachtergrond;2019;1302;1203;99
7902;Totaal mannen en vrouwen;90 tot 95 jaar;Niet-westerse migratieachtergrond;2020;1438;1353;85
7903;Totaal mannen en vrouwen;90 tot 95 jaar;Niet-westerse migratieachtergrond;2021;1615;1527;88
7904;Totaal mannen en vrouwen;90 tot 95 jaar;Niet-westerse migratieachtergrond;2022;1749;1657;92
7905;Totaal mannen en vrouwen;90 tot 95 jaar;Marokko;1972;0;0;0
7906;Totaal mannen en vrouwen;90 tot 95 jaar;Marokko;1973;0;0;0
7907;Totaal mannen en vrouwen;90 tot 95 jaar;Marokko;1974;0;0;0
7908;Totaal mannen en vrouwen;90 tot 95 jaar;Marokko;1975;0;0;0
7909;Totaal mannen en vrouwen;90 tot 95 jaar;Marokko;1976;0;0;0
7910;Totaal mannen en vrouwen;90 tot 95 jaar;Marokko;1977;0;0;0
7911;Totaal mannen en vrouwen;90 tot 95 jaar;Marokko;1978;0;0;0
7912;Totaal mannen en vrouwen;90 tot 95 jaar;Marokko;1979;0;0;0
7913;Totaal mannen en vrouwen;90 tot 95 jaar;Marokko;1980;0;0;0
7914;Totaal mannen en vrouwen;90 tot 95 jaar;Marokko;1981;0;0;0
7915;Totaal mannen en vrouwen;90 tot 95 jaar;Marokko;1982;0;0;0
7916;Totaal mannen en vrouwen;90 tot 95 jaar;Marokko;1983;0;0;0
7917;Totaal mannen en vrouwen;90 tot 95 jaar;Marokko;1984;1;1;0
7918;Totaal mannen en vrouwen;90 tot 95 jaar;Marokko;1985;1;1;0
7919;Totaal mannen en vrouwen;90 tot 95 jaar;Marokko;1986;1;1;0
7920;Totaal mannen en vrouwen;90 tot 95 jaar;Marokko;1987;1;1;0
7921;Totaal mannen en vrouwen;90 tot 95 jaar;Marokko;1988;1;1;0
7922;Totaal mannen en vrouwen;90 tot 95 jaar;Marokko;1989;2;2;0
7923;Totaal mannen en vrouwen;90 tot 95 jaar;Marokko;1990;3;3;0
7924;Totaal mannen en vrouwen;90 tot 95 jaar;Marokko;1991;3;3;0
7925;Totaal mannen en vrouwen;90 tot 95 jaar;Marokko;1992;2;2;0
7926;Totaal mannen en vrouwen;90 tot 95 jaar;Marokko;1993;2;2;0
7927;Totaal mannen en vrouwen;90 tot 95 jaar;Marokko;1994;3;3;0
7928;Totaal mannen en vrouwen;90 tot 95 jaar;Marokko;1995;3;3;0
7929;Totaal mannen en vrouwen;90 tot 95 jaar;Marokko;1996;3;3;0
7930;Totaal mannen en vrouwen;90 tot 95 jaar;Marokko;1997;3;3;0
7931;Totaal mannen en vrouwen;90 tot 95 jaar;Marokko;1998;6;6;0
7932;Totaal mannen en vrouwen;90 tot 95 jaar;Marokko;1999;6;6;0
7933;Totaal mannen en vrouwen;90 tot 95 jaar;Marokko;2000;4;4;0
7934;Totaal mannen en vrouwen;90 tot 95 jaar;Marokko;2001;6;6;0
7935;Totaal mannen en vrouwen;90 tot 95 jaar;Marokko;2002;8;8;0
7936;Totaal mannen en vrouwen;90 tot 95 jaar;Marokko;2003;8;8;0
7937;Totaal mannen en vrouwen;90 tot 95 jaar;Marokko;2004;8;8;0
7938;Totaal mannen en vrouwen;90 tot 95 jaar;Marokko;2005;14;14;0
7939;Totaal mannen en vrouwen;90 tot 95 jaar;Marokko;2006;15;15;0
7940;Totaal mannen en vrouwen;90 tot 95 jaar;Marokko;2007;15;15;0
7941;Totaal mannen en vrouwen;90 tot 95 jaar;Marokko;2008;14;14;0
7942;Totaal mannen en vrouwen;90 tot 95 jaar;Marokko;2009;13;13;0
7943;Totaal mannen en vrouwen;90 tot 95 jaar;Marokko;2010;10;10;0
7944;Totaal mannen en vrouwen;90 tot 95 jaar;Marokko;2011;30;30;0
7945;Totaal mannen en vrouwen;90 tot 95 jaar;Marokko;2012;41;41;0
7946;Totaal mannen en vrouwen;90 tot 95 jaar;Marokko;2013;42;42;0
7947;Totaal mannen en vrouwen;90 tot 95 jaar;Marokko;2014;44;44;0
7948;Totaal mannen en vrouwen;90 tot 95 jaar;Marokko;2015;51;51;0
7949;Totaal mannen en vrouwen;90 tot 95 jaar;Marokko;2016;67;67;0
7950;Totaal mannen en vrouwen;90 tot 95 jaar;Marokko;2017;94;94;0
7951;Totaal mannen en vrouwen;90 tot 95 jaar;Marokko;2018;123;123;0
7952;Totaal mannen en vrouwen;90 tot 95 jaar;Marokko;2019;144;144;0
7953;Totaal mannen en vrouwen;90 tot 95 jaar;Marokko;2020;160;160;0
7954;Totaal mannen en vrouwen;90 tot 95 jaar;Marokko;2021;249;249;0
7955;Totaal mannen en vrouwen;90 tot 95 jaar;Marokko;2022;268;268;0
7956;Totaal mannen en vrouwen;90 tot 95 jaar;(voormalige) Nederlandse Antillen, Aruba;1972;0;0;0
7957;Totaal mannen en vrouwen;90 tot 95 jaar;(voormalige) Nederlandse Antillen, Aruba;1973;1;1;0
7958;Totaal mannen en vrouwen;90 tot 95 jaar;(voormalige) Nederlandse Antillen, Aruba;1974;2;2;0
7959;Totaal mannen en vrouwen;90 tot 95 jaar;(voormalige) Nederlandse Antillen, Aruba;1975;3;3;0
7960;Totaal mannen en vrouwen;90 tot 95 jaar;(voormalige) Nederlandse Antillen, Aruba;1976;3;3;0
7961;Totaal mannen en vrouwen;90 tot 95 jaar;(voormalige) Nederlandse Antillen, Aruba;1977;3;3;0
7962;Totaal mannen en vrouwen;90 tot 95 jaar;(voormalige) Nederlandse Antillen, Aruba;1978;3;3;0
7963;Totaal mannen en vrouwen;90 tot 95 jaar;(voormalige) Nederlandse Antillen, Aruba;1979;3;3;0
7964;Totaal mannen en vrouwen;90 tot 95 jaar;(voormalige) Nederlandse Antillen, Aruba;1980;2;2;0
7965;Totaal mannen en vrouwen;90 tot 95 jaar;(voormalige) Nederlandse Antillen, Aruba;1981;2;2;0
7966;Totaal mannen en vrouwen;90 tot 95 jaar;(voormalige) Nederlandse Antillen, Aruba;1982;3;3;0
7967;Totaal mannen en vrouwen;90 tot 95 jaar;(voormalige) Nederlandse Antillen, Aruba;1983;4;4;0
7968;Totaal mannen en vrouwen;90 tot 95 jaar;(voormalige) Nederlandse Antillen, Aruba;1984;4;4;0
7969;Totaal mannen en vrouwen;90 tot 95 jaar;(voormalige) Nederlandse Antillen, Aruba;1985;5;5;0
7970;Totaal mannen en vrouwen;90 tot 95 jaar;(voormalige) Nederlandse Antillen, Aruba;1986;6;6;0
7971;Totaal mannen en vrouwen;90 tot 95 jaar;(voormalige) Nederlandse Antillen, Aruba;1987;5;5;0
7972;Totaal mannen en vrouwen;90 tot 95 jaar;(voormalige) Nederlandse Antillen, Aruba;1988;8;8;0
7973;Totaal mannen en vrouwen;90 tot 95 jaar;(voormalige) Nederlandse Antillen, Aruba;1989;7;7;0
7974;Totaal mannen en vrouwen;90 tot 95 jaar;(voormalige) Nederlandse Antillen, Aruba;1990;10;10;0
7975;Totaal mannen en vrouwen;90 tot 95 jaar;(voormalige) Nederlandse Antillen, Aruba;1991;11;11;0
7976;Totaal mannen en vrouwen;90 tot 95 jaar;(voormalige) Nederlandse Antillen, Aruba;1992;13;13;0
7977;Totaal mannen en vrouwen;90 tot 95 jaar;(voormalige) Nederlandse Antillen, Aruba;1993;15;15;0
7978;Totaal mannen en vrouwen;90 tot 95 jaar;(voormalige) Nederlandse Antillen, Aruba;1994;16;15;1
7979;Totaal mannen en vrouwen;90 tot 95 jaar;(voormalige) Nederlandse Antillen, Aruba;1995;7;5;2
7980;Totaal mannen en vrouwen;90 tot 95 jaar;(voormalige) Nederlandse Antillen, Aruba;1996;14;11;3
7981;Totaal mannen en vrouwen;90 tot 95 jaar;(voormalige) Nederlandse Antillen, Aruba;1997;17;13;4
7982;Totaal mannen en vrouwen;90 tot 95 jaar;(voormalige) Nederlandse Antillen, Aruba;1998;25;19;6
7983;Totaal mannen en vrouwen;90 tot 95 jaar;(voormalige) Nederlandse Antillen, Aruba;1999;27;21;6
7984;Totaal mannen en vrouwen;90 tot 95 jaar;(voormalige) Nederlandse Antillen, Aruba;2000;22;17;5
7985;Totaal mannen en vrouwen;90 tot 95 jaar;(voormalige) Nederlandse Antillen, Aruba;2001;23;18;5
7986;Totaal mannen en vrouwen;90 tot 95 jaar;(voormalige) Nederlandse Antillen, Aruba;2002;32;25;7
7987;Totaal mannen en vrouwen;90 tot 95 jaar;(voormalige) Nederlandse Antillen, Aruba;2003;23;18;5
7988;Totaal mannen en vrouwen;90 tot 95 jaar;(voormalige) Nederlandse Antillen, Aruba;2004;23;17;6
7989;Totaal mannen en vrouwen;90 tot 95 jaar;(voormalige) Nederlandse Antillen, Aruba;2005;25;20;5
7990;Totaal mannen en vrouwen;90 tot 95 jaar;(voormalige) Nederlandse Antillen, Aruba;2006;28;21;7
7991;Totaal mannen en vrouwen;90 tot 95 jaar;(voormalige) Nederlandse Antillen, Aruba;2007;34;27;7
7992;Totaal mannen en vrouwen;90 tot 95 jaar;(voormalige) Nederlandse Antillen, Aruba;2008;46;37;9
7993;Totaal mannen en vrouwen;90 tot 95 jaar;(voormalige) Nederlandse Antillen, Aruba;2009;44;36;8
7994;Totaal mannen en vrouwen;90 tot 95 jaar;(voormalige) Nederlandse Antillen, Aruba;2010;37;27;10
7995;Totaal mannen en vrouwen;90 tot 95 jaar;(voormalige) Nederlandse Antillen, Aruba;2011;52;41;11
7996;Totaal mannen en vrouwen;90 tot 95 jaar;(voormalige) Nederlandse Antillen, Aruba;2012;66;49;17
7997;Totaal mannen en vrouwen;90 tot 95 jaar;(voormalige) Nederlandse Antillen, Aruba;2013;52;40;12
7998;Totaal mannen en vrouwen;90 tot 95 jaar;(voormalige) Nederlandse Antillen, Aruba;2014;63;50;13
7999;Totaal mannen en vrouwen;90 tot 95 jaar;(voormalige) Nederlandse Antillen, Aruba;2015;61;48;13
8000;Totaal mannen en vrouwen;90 tot 95 jaar;(voormalige) Nederlandse Antillen, Aruba;2016;55;45;10
8001;Totaal mannen en vrouwen;90 tot 95 jaar;(voormalige) Nederlandse Antillen, Aruba;2017;57;50;7
8002;Totaal mannen en vrouwen;90 tot 95 jaar;(voormalige) Nederlandse Antillen, Aruba;2018;68;56;12
8003;Totaal mannen en vrouwen;90 tot 95 jaar;(voormalige) Nederlandse Antillen, Aruba;2019;83;73;10
8004;Totaal mannen en vrouwen;90 tot 95 jaar;(voormalige) Nederlandse Antillen, Aruba;2020;108;100;8
8005;Totaal mannen en vrouwen;90 tot 95 jaar;(voormalige) Nederlandse Antillen, Aruba;2021;116;106;10
8006;Totaal mannen en vrouwen;90 tot 95 jaar;(voormalige) Nederlandse Antillen, Aruba;2022;122;111;11
8007;Totaal mannen en vrouwen;90 tot 95 jaar;Suriname;1972;0;0;0
8008;Totaal mannen en vrouwen;90 tot 95 jaar;Suriname;1973;5;5;0
8009;Totaal mannen en vrouwen;90 tot 95 jaar;Suriname;1974;9;9;0
8010;Totaal mannen en vrouwen;90 tot 95 jaar;Suriname;1975;12;12;0
8011;Totaal mannen en vrouwen;90 tot 95 jaar;Suriname;1976;15;15;0
8012;Totaal mannen en vrouwen;90 tot 95 jaar;Suriname;1977;16;16;0
8013;Totaal mannen en vrouwen;90 tot 95 jaar;Suriname;1978;19;19;0
8014;Totaal mannen en vrouwen;90 tot 95 jaar;Suriname;1979;20;20;0
8015;Totaal mannen en vrouwen;90 tot 95 jaar;Suriname;1980;23;23;0
8016;Totaal mannen en vrouwen;90 tot 95 jaar;Suriname;1981;24;24;0
8017;Totaal mannen en vrouwen;90 tot 95 jaar;Suriname;1982;23;23;0
8018;Totaal mannen en vrouwen;90 tot 95 jaar;Suriname;1983;24;24;0
8019;Totaal mannen en vrouwen;90 tot 95 jaar;Suriname;1984;26;26;0
8020;Totaal mannen en vrouwen;90 tot 95 jaar;Suriname;1985;28;28;0
8021;Totaal mannen en vrouwen;90 tot 95 jaar;Suriname;1986;29;29;0
8022;Totaal mannen en vrouwen;90 tot 95 jaar;Suriname;1987;28;28;0
8023;Totaal mannen en vrouwen;90 tot 95 jaar;Suriname;1988;34;34;0
8024;Totaal mannen en vrouwen;90 tot 95 jaar;Suriname;1989;38;38;0
8025;Totaal mannen en vrouwen;90 tot 95 jaar;Suriname;1990;45;45;0
8026;Totaal mannen en vrouwen;90 tot 95 jaar;Suriname;1991;56;56;0
8027;Totaal mannen en vrouwen;90 tot 95 jaar;Suriname;1992;69;69;0
8028;Totaal mannen en vrouwen;90 tot 95 jaar;Suriname;1993;83;83;0
8029;Totaal mannen en vrouwen;90 tot 95 jaar;Suriname;1994;88;88;0
8030;Totaal mannen en vrouwen;90 tot 95 jaar;Suriname;1995;126;124;2
8031;Totaal mannen en vrouwen;90 tot 95 jaar;Suriname;1996;136;135;1
8032;Totaal mannen en vrouwen;90 tot 95 jaar;Suriname;1997;142;141;1
8033;Totaal mannen en vrouwen;90 tot 95 jaar;Suriname;1998;157;152;5
8034;Totaal mannen en vrouwen;90 tot 95 jaar;Suriname;1999;168;158;10
8035;Totaal mannen en vrouwen;90 tot 95 jaar;Suriname;2000;179;168;11
8036;Totaal mannen en vrouwen;90 tot 95 jaar;Suriname;2001;187;177;10
8037;Totaal mannen en vrouwen;90 tot 95 jaar;Suriname;2002;184;174;10
8038;Totaal mannen en vrouwen;90 tot 95 jaar;Suriname;2003;177;170;7
8039;Totaal mannen en vrouwen;90 tot 95 jaar;Suriname;2004;208;201;7
8040;Totaal mannen en vrouwen;90 tot 95 jaar;Suriname;2005;210;203;7
8041;Totaal mannen en vrouwen;90 tot 95 jaar;Suriname;2006;240;229;11
8042;Totaal mannen en vrouwen;90 tot 95 jaar;Suriname;2007;261;250;11
8043;Totaal mannen en vrouwen;90 tot 95 jaar;Suriname;2008;271;263;8
8044;Totaal mannen en vrouwen;90 tot 95 jaar;Suriname;2009;265;255;10
8045;Totaal mannen en vrouwen;90 tot 95 jaar;Suriname;2010;255;243;12
8046;Totaal mannen en vrouwen;90 tot 95 jaar;Suriname;2011;270;258;12
8047;Totaal mannen en vrouwen;90 tot 95 jaar;Suriname;2012;315;298;17
8048;Totaal mannen en vrouwen;90 tot 95 jaar;Suriname;2013;357;336;21
8049;Totaal mannen en vrouwen;90 tot 95 jaar;Suriname;2014;400;374;26
8050;Totaal mannen en vrouwen;90 tot 95 jaar;Suriname;2015;417;393;24
8051;Totaal mannen en vrouwen;90 tot 95 jaar;Suriname;2016;467;444;23
8052;Totaal mannen en vrouwen;90 tot 95 jaar;Suriname;2017;497;460;37
8053;Totaal mannen en vrouwen;90 tot 95 jaar;Suriname;2018;514;475;39
8054;Totaal mannen en vrouwen;90 tot 95 jaar;Suriname;2019;544;507;37
8055;Totaal mannen en vrouwen;90 tot 95 jaar;Suriname;2020;577;545;32
8056;Totaal mannen en vrouwen;90 tot 95 jaar;Suriname;2021;583;549;34
8057;Totaal mannen en vrouwen;90 tot 95 jaar;Suriname;2022;618;587;31
8058;Totaal mannen en vrouwen;90 tot 95 jaar;Turkije;1972;0;0;0
8059;Totaal mannen en vrouwen;90 tot 95 jaar;Turkije;1973;1;1;0
8060;Totaal mannen en vrouwen;90 tot 95 jaar;Turkije;1974;1;1;0
8061;Totaal mannen en vrouwen;90 tot 95 jaar;Turkije;1975;2;2;0
8062;Totaal mannen en vrouwen;90 tot 95 jaar;Turkije;1976;3;3;0
8063;Totaal mannen en vrouwen;90 tot 95 jaar;Turkije;1977;4;4;0
8064;Totaal mannen en vrouwen;90 tot 95 jaar;Turkije;1978;5;5;0
8065;Totaal mannen en vrouwen;90 tot 95 jaar;Turkije;1979;9;9;0
8066;Totaal mannen en vrouwen;90 tot 95 jaar;Turkije;1980;11;11;0
8067;Totaal mannen en vrouwen;90 tot 95 jaar;Turkije;1981;16;16;0
8068;Totaal mannen en vrouwen;90 tot 95 jaar;Turkije;1982;16;16;0
8069;Totaal mannen en vrouwen;90 tot 95 jaar;Turkije;1983;16;16;0
8070;Totaal mannen en vrouwen;90 tot 95 jaar;Turkije;1984;13;13;0
8071;Totaal mannen en vrouwen;90 tot 95 jaar;Turkije;1985;11;11;0
8072;Totaal mannen en vrouwen;90 tot 95 jaar;Turkije;1986;11;11;0
8073;Totaal mannen en vrouwen;90 tot 95 jaar;Turkije;1987;11;11;0
8074;Totaal mannen en vrouwen;90 tot 95 jaar;Turkije;1988;14;14;0
8075;Totaal mannen en vrouwen;90 tot 95 jaar;Turkije;1989;16;16;0
8076;Totaal mannen en vrouwen;90 tot 95 jaar;Turkije;1990;21;21;0
8077;Totaal mannen en vrouwen;90 tot 95 jaar;Turkije;1991;27;27;0
8078;Totaal mannen en vrouwen;90 tot 95 jaar;Turkije;1992;30;30;0
8079;Totaal mannen en vrouwen;90 tot 95 jaar;Turkije;1993;30;30;0
8080;Totaal mannen en vrouwen;90 tot 95 jaar;Turkije;1994;32;32;0
8081;Totaal mannen en vrouwen;90 tot 95 jaar;Turkije;1995;28;28;0
8082;Totaal mannen en vrouwen;90 tot 95 jaar;Turkije;1996;27;27;0
8083;Totaal mannen en vrouwen;90 tot 95 jaar;Turkije;1997;23;23;0
8084;Totaal mannen en vrouwen;90 tot 95 jaar;Turkije;1998;30;30;0
8085;Totaal mannen en vrouwen;90 tot 95 jaar;Turkije;1999;29;29;0
8086;Totaal mannen en vrouwen;90 tot 95 jaar;Turkije;2000;29;29;0
8087;Totaal mannen en vrouwen;90 tot 95 jaar;Turkije;2001;34;34;0
8088;Totaal mannen en vrouwen;90 tot 95 jaar;Turkije;2002;33;32;1
8089;Totaal mannen en vrouwen;90 tot 95 jaar;Turkije;2003;30;29;1
8090;Totaal mannen en vrouwen;90 tot 95 jaar;Turkije;2004;33;32;1
8091;Totaal mannen en vrouwen;90 tot 95 jaar;Turkije;2005;37;36;1
8092;Totaal mannen en vrouwen;90 tot 95 jaar;Turkije;2006;34;33;1
8093;Totaal mannen en vrouwen;90 tot 95 jaar;Turkije;2007;26;25;1
8094;Totaal mannen en vrouwen;90 tot 95 jaar;Turkije;2008;25;24;1
8095;Totaal mannen en vrouwen;90 tot 95 jaar;Turkije;2009;20;20;0
8096;Totaal mannen en vrouwen;90 tot 95 jaar;Turkije;2010;24;23;1
8097;Totaal mannen en vrouwen;90 tot 95 jaar;Turkije;2011;30;29;1
8098;Totaal mannen en vrouwen;90 tot 95 jaar;Turkije;2012;38;37;1
8099;Totaal mannen en vrouwen;90 tot 95 jaar;Turkije;2013;39;38;1
8100;Totaal mannen en vrouwen;90 tot 95 jaar;Turkije;2014;55;53;2
8101;Totaal mannen en vrouwen;90 tot 95 jaar;Turkije;2015;65;64;1
8102;Totaal mannen en vrouwen;90 tot 95 jaar;Turkije;2016;73;72;1
8103;Totaal mannen en vrouwen;90 tot 95 jaar;Turkije;2017;97;96;1
8104;Totaal mannen en vrouwen;90 tot 95 jaar;Turkije;2018;111;111;0
8105;Totaal mannen en vrouwen;90 tot 95 jaar;Turkije;2019;138;136;2
8106;Totaal mannen en vrouwen;90 tot 95 jaar;Turkije;2020;159;158;1
8107;Totaal mannen en vrouwen;90 tot 95 jaar;Turkije;2021;188;187;1
8108;Totaal mannen en vrouwen;90 tot 95 jaar;Turkije;2022;213;212;1
8109;Totaal mannen en vrouwen;90 tot 95 jaar;Overige niet-westerse migratieachterg...;1972;0;0;0
8110;Totaal mannen en vrouwen;90 tot 95 jaar;Overige niet-westerse migratieachterg...;1973;0;0;0
8111;Totaal mannen en vrouwen;90 tot 95 jaar;Overige niet-westerse migratieachterg...;1974;0;0;0
8112;Totaal mannen en vrouwen;90 tot 95 jaar;Overige niet-westerse migratieachterg...;1975;0;0;0
8113;Totaal mannen en vrouwen;90 tot 95 jaar;Overige niet-westerse migratieachterg...;1976;0;0;0
8114;Totaal mannen en vrouwen;90 tot 95 jaar;Overige niet-westerse migratieachterg...;1977;0;0;0
8115;Totaal mannen en vrouwen;90 tot 95 jaar;Overige niet-westerse migratieachterg...;1978;0;0;0
8116;Totaal mannen en vrouwen;90 tot 95 jaar;Overige niet-westerse migratieachterg...;1979;1;1;0
8117;Totaal mannen en vrouwen;90 tot 95 jaar;Overige niet-westerse migratieachterg...;1980;1;1;0
8118;Totaal mannen en vrouwen;90 tot 95 jaar;Overige niet-westerse migratieachterg...;1981;1;1;0
8119;Totaal mannen en vrouwen;90 tot 95 jaar;Overige niet-westerse migratieachterg...;1982;2;2;0
8120;Totaal mannen en vrouwen;90 tot 95 jaar;Overige niet-westerse migratieachterg...;1983;3;3;0
8121;Totaal mannen en vrouwen;90 tot 95 jaar;Overige niet-westerse migratieachterg...;1984;3;3;0
8122;Totaal mannen en vrouwen;90 tot 95 jaar;Overige niet-westerse migratieachterg...;1985;3;3;0
8123;Totaal mannen en vrouwen;90 tot 95 jaar;Overige niet-westerse migratieachterg...;1986;4;4;0
8124;Totaal mannen en vrouwen;90 tot 95 jaar;Overige niet-westerse migratieachterg...;1987;4;4;0
8125;Totaal mannen en vrouwen;90 tot 95 jaar;Overige niet-westerse migratieachterg...;1988;6;6;0
8126;Totaal mannen en vrouwen;90 tot 95 jaar;Overige niet-westerse migratieachterg...;1989;9;9;0
8127;Totaal mannen en vrouwen;90 tot 95 jaar;Overige niet-westerse migratieachterg...;1990;19;19;0
8128;Totaal mannen en vrouwen;90 tot 95 jaar;Overige niet-westerse migratieachterg...;1991;30;30;0
8129;Totaal mannen en vrouwen;90 tot 95 jaar;Overige niet-westerse migratieachterg...;1992;29;27;2
8130;Totaal mannen en vrouwen;90 tot 95 jaar;Overige niet-westerse migratieachterg...;1993;32;29;3
8131;Totaal mannen en vrouwen;90 tot 95 jaar;Overige niet-westerse migratieachterg...;1994;28;26;2
8132;Totaal mannen en vrouwen;90 tot 95 jaar;Overige niet-westerse migratieachterg...;1995;55;51;4
8133;Totaal mannen en vrouwen;90 tot 95 jaar;Overige niet-westerse migratieachterg...;1996;51;47;4
8134;Totaal mannen en vrouwen;90 tot 95 jaar;Overige niet-westerse migratieachterg...;1997;45;42;3
8135;Totaal mannen en vrouwen;90 tot 95 jaar;Overige niet-westerse migratieachterg...;1998;52;50;2
8136;Totaal mannen en vrouwen;90 tot 95 jaar;Overige niet-westerse migratieachterg...;1999;66;62;4
8137;Totaal mannen en vrouwen;90 tot 95 jaar;Overige niet-westerse migratieachterg...;2000;81;76;5
8138;Totaal mannen en vrouwen;90 tot 95 jaar;Overige niet-westerse migratieachterg...;2001;95;91;4
8139;Totaal mannen en vrouwen;90 tot 95 jaar;Overige niet-westerse migratieachterg...;2002;114;107;7
8140;Totaal mannen en vrouwen;90 tot 95 jaar;Overige niet-westerse migratieachterg...;2003;111;103;8
8141;Totaal mannen en vrouwen;90 tot 95 jaar;Overige niet-westerse migratieachterg...;2004;108;101;7
8142;Totaal mannen en vrouwen;90 tot 95 jaar;Overige niet-westerse migratieachterg...;2005;111;103;8
8143;Totaal mannen en vrouwen;90 tot 95 jaar;Overige niet-westerse migratieachterg...;2006;113;105;8
8144;Totaal mannen en vrouwen;90 tot 95 jaar;Overige niet-westerse migratieachterg...;2007;121;112;9
8145;Totaal mannen en vrouwen;90 tot 95 jaar;Overige niet-westerse migratieachterg...;2008;129;119;10
8146;Totaal mannen en vrouwen;90 tot 95 jaar;Overige niet-westerse migratieachterg...;2009;133;122;11
8147;Totaal mannen en vrouwen;90 tot 95 jaar;Overige niet-westerse migratieachterg...;2010;138;124;14
8148;Totaal mannen en vrouwen;90 tot 95 jaar;Overige niet-westerse migratieachterg...;2011;157;141;16
8149;Totaal mannen en vrouwen;90 tot 95 jaar;Overige niet-westerse migratieachterg...;2012;188;169;19
8150;Totaal mannen en vrouwen;90 tot 95 jaar;Overige niet-westerse migratieachterg...;2013;212;189;23
8151;Totaal mannen en vrouwen;90 tot 95 jaar;Overige niet-westerse migratieachterg...;2014;239;215;24
8152;Totaal mannen en vrouwen;90 tot 95 jaar;Overige niet-westerse migratieachterg...;2015;271;239;32
8153;Totaal mannen en vrouwen;90 tot 95 jaar;Overige niet-westerse migratieachterg...;2016;303;263;40
8154;Totaal mannen en vrouwen;90 tot 95 jaar;Overige niet-westerse migratieachterg...;2017;320;278;42
8155;Totaal mannen en vrouwen;90 tot 95 jaar;Overige niet-westerse migratieachterg...;2018;346;299;47
8156;Totaal mannen en vrouwen;90 tot 95 jaar;Overige niet-westerse migratieachterg...;2019;393;343;50
8157;Totaal mannen en vrouwen;90 tot 95 jaar;Overige niet-westerse migratieachterg...;2020;434;390;44
8158;Totaal mannen en vrouwen;90 tot 95 jaar;Overige niet-westerse migratieachterg...;2021;479;436;43
8159;Totaal mannen en vrouwen;90 tot 95 jaar;Overige niet-westerse migratieachterg...;2022;528;479;49
8160;Totaal mannen en vrouwen;95 jaar of ouder;Met migratieachtergrond;1972;133;74;59
8161;Totaal mannen en vrouwen;95 jaar of ouder;Met migratieachtergrond;1973;175;106;69
8162;Totaal mannen en vrouwen;95 jaar of ouder;Met migratieachtergrond;1974;221;137;84
8163;Totaal mannen en vrouwen;95 jaar of ouder;Met migratieachtergrond;1975;262;169;93
8164;Totaal mannen en vrouwen;95 jaar of ouder;Met migratieachtergrond;1976;591;414;177
8165;Totaal mannen en vrouwen;95 jaar of ouder;Met migratieachtergrond;1977;618;410;208
8166;Totaal mannen en vrouwen;95 jaar of ouder;Met migratieachtergrond;1978;652;435;217
8167;Totaal mannen en vrouwen;95 jaar of ouder;Met migratieachtergrond;1979;692;454;238
8168;Totaal mannen en vrouwen;95 jaar of ouder;Met migratieachtergrond;1980;761;502;259
8169;Totaal mannen en vrouwen;95 jaar of ouder;Met migratieachtergrond;1981;891;616;275
8170;Totaal mannen en vrouwen;95 jaar of ouder;Met migratieachtergrond;1982;942;658;284
8171;Totaal mannen en vrouwen;95 jaar of ouder;Met migratieachtergrond;1983;349;269;80
8172;Totaal mannen en vrouwen;95 jaar of ouder;Met migratieachtergrond;1984;453;378;75
8173;Totaal mannen en vrouwen;95 jaar of ouder;Met migratieachtergrond;1985;587;480;107
8174;Totaal mannen en vrouwen;95 jaar of ouder;Met migratieachtergrond;1986;687;542;145
8175;Totaal mannen en vrouwen;95 jaar of ouder;Met migratieachtergrond;1987;705;559;146
8176;Totaal mannen en vrouwen;95 jaar of ouder;Met migratieachtergrond;1988;801;614;187
8177;Totaal mannen en vrouwen;95 jaar of ouder;Met migratieachtergrond;1989;886;666;220
8178;Totaal mannen en vrouwen;95 jaar of ouder;Met migratieachtergrond;1990;691;521;170
8179;Totaal mannen en vrouwen;95 jaar of ouder;Met migratieachtergrond;1991;805;607;198
8180;Totaal mannen en vrouwen;95 jaar of ouder;Met migratieachtergrond;1992;776;588;188
8181;Totaal mannen en vrouwen;95 jaar of ouder;Met migratieachtergrond;1993;862;662;200
8182;Totaal mannen en vrouwen;95 jaar of ouder;Met migratieachtergrond;1994;869;672;197
8183;Totaal mannen en vrouwen;95 jaar of ouder;Met migratieachtergrond;1995;844;687;157
8184;Totaal mannen en vrouwen;95 jaar of ouder;Met migratieachtergrond;1996;892;729;163
8185;Totaal mannen en vrouwen;95 jaar of ouder;Met migratieachtergrond;1997;929;752;177
8186;Totaal mannen en vrouwen;95 jaar of ouder;Met migratieachtergrond;1998;981;795;186
8187;Totaal mannen en vrouwen;95 jaar of ouder;Met migratieachtergrond;1999;1013;815;198
8188;Totaal mannen en vrouwen;95 jaar of ouder;Met migratieachtergrond;2000;1070;859;211
8189;Totaal mannen en vrouwen;95 jaar of ouder;Met migratieachtergrond;2001;1171;937;234
8190;Totaal mannen en vrouwen;95 jaar of ouder;Met migratieachtergrond;2002;1204;971;233
8191;Totaal mannen en vrouwen;95 jaar of ouder;Met migratieachtergrond;2003;1234;1021;213
8192;Totaal mannen en vrouwen;95 jaar of ouder;Met migratieachtergrond;2004;1318;1088;230
8193;Totaal mannen en vrouwen;95 jaar of ouder;Met migratieachtergrond;2005;1387;1149;238
8194;Totaal mannen en vrouwen;95 jaar of ouder;Met migratieachtergrond;2006;1436;1180;256
8195;Totaal mannen en vrouwen;95 jaar of ouder;Met migratieachtergrond;2007;1427;1177;250
8196;Totaal mannen en vrouwen;95 jaar of ouder;Met migratieachtergrond;2008;1524;1241;283
8197;Totaal mannen en vrouwen;95 jaar of ouder;Met migratieachtergrond;2009;1563;1245;318
8198;Totaal mannen en vrouwen;95 jaar of ouder;Met migratieachtergrond;2010;1605;1270;335
8199;Totaal mannen en vrouwen;95 jaar of ouder;Met migratieachtergrond;2011;1596;1225;371
8200;Totaal mannen en vrouwen;95 jaar of ouder;Met migratieachtergrond;2012;1610;1206;404
8201;Totaal mannen en vrouwen;95 jaar of ouder;Met migratieachtergrond;2013;1603;1137;466
8202;Totaal mannen en vrouwen;95 jaar of ouder;Met migratieachtergrond;2014;1566;1093;473
8203;Totaal mannen en vrouwen;95 jaar of ouder;Met migratieachtergrond;2015;1618;1092;526
8204;Totaal mannen en vrouwen;95 jaar of ouder;Met migratieachtergrond;2016;1764;1169;595
8205;Totaal mannen en vrouwen;95 jaar of ouder;Met migratieachtergrond;2017;1990;1325;665
8206;Totaal mannen en vrouwen;95 jaar of ouder;Met migratieachtergrond;2018;2086;1368;718
8207;Totaal mannen en vrouwen;95 jaar of ouder;Met migratieachtergrond;2019;2341;1537;804
8208;Totaal mannen en vrouwen;95 jaar of ouder;Met migratieachtergrond;2020;2470;1597;873
8209;Totaal mannen en vrouwen;95 jaar of ouder;Met migratieachtergrond;2021;2541;1655;886
8210;Totaal mannen en vrouwen;95 jaar of ouder;Met migratieachtergrond;2022;2635;1671;964
8211;Totaal mannen en vrouwen;95 jaar of ouder;Westerse migratieachtergrond;1972;133;74;59
8212;Totaal mannen en vrouwen;95 jaar of ouder;Westerse migratieachtergrond;1973;175;106;69
8213;Totaal mannen en vrouwen;95 jaar of ouder;Westerse migratieachtergrond;1974;221;137;84
8214;Totaal mannen en vrouwen;95 jaar of ouder;Westerse migratieachtergrond;1975;262;169;93
8215;Totaal mannen en vrouwen;95 jaar of ouder;Westerse migratieachtergrond;1976;591;414;177
8216;Totaal mannen en vrouwen;95 jaar of ouder;Westerse migratieachtergrond;1977;618;410;208
8217;Totaal mannen en vrouwen;95 jaar of ouder;Westerse migratieachtergrond;1978;648;431;217
8218;Totaal mannen en vrouwen;95 jaar of ouder;Westerse migratieachtergrond;1979;689;451;238
8219;Totaal mannen en vrouwen;95 jaar of ouder;Westerse migratieachtergrond;1980;755;496;259
8220;Totaal mannen en vrouwen;95 jaar of ouder;Westerse migratieachtergrond;1981;883;608;275
8221;Totaal mannen en vrouwen;95 jaar of ouder;Westerse migratieachtergrond;1982;933;649;284
8222;Totaal mannen en vrouwen;95 jaar of ouder;Westerse migratieachtergrond;1983;339;259;80
8223;Totaal mannen en vrouwen;95 jaar of ouder;Westerse migratieachtergrond;1984;439;364;75
8224;Totaal mannen en vrouwen;95 jaar of ouder;Westerse migratieachtergrond;1985;573;466;107
8225;Totaal mannen en vrouwen;95 jaar of ouder;Westerse migratieachtergrond;1986;674;529;145
8226;Totaal mannen en vrouwen;95 jaar of ouder;Westerse migratieachtergrond;1987;691;545;146
8227;Totaal mannen en vrouwen;95 jaar of ouder;Westerse migratieachtergrond;1988;787;600;187
8228;Totaal mannen en vrouwen;95 jaar of ouder;Westerse migratieachtergrond;1989;871;651;220
8229;Totaal mannen en vrouwen;95 jaar of ouder;Westerse migratieachtergrond;1990;677;507;170
8230;Totaal mannen en vrouwen;95 jaar of ouder;Westerse migratieachtergrond;1991;792;594;198
8231;Totaal mannen en vrouwen;95 jaar of ouder;Westerse migratieachtergrond;1992;760;572;188
8232;Totaal mannen en vrouwen;95 jaar of ouder;Westerse migratieachtergrond;1993;844;644;200
8233;Totaal mannen en vrouwen;95 jaar of ouder;Westerse migratieachtergrond;1994;849;652;197
8234;Totaal mannen en vrouwen;95 jaar of ouder;Westerse migratieachtergrond;1995;791;635;156
8235;Totaal mannen en vrouwen;95 jaar of ouder;Westerse migratieachtergrond;1996;832;671;161
8236;Totaal mannen en vrouwen;95 jaar of ouder;Westerse migratieachtergrond;1997;864;690;174
8237;Totaal mannen en vrouwen;95 jaar of ouder;Westerse migratieachtergrond;1998;908;726;182
8238;Totaal mannen en vrouwen;95 jaar of ouder;Westerse migratieachtergrond;1999;935;739;196
8239;Totaal mannen en vrouwen;95 jaar of ouder;Westerse migratieachtergrond;2000;995;784;211
8240;Totaal mannen en vrouwen;95 jaar of ouder;Westerse migratieachtergrond;2001;1086;854;232
8241;Totaal mannen en vrouwen;95 jaar of ouder;Westerse migratieachtergrond;2002;1112;881;231
8242;Totaal mannen en vrouwen;95 jaar of ouder;Westerse migratieachtergrond;2003;1129;920;209
8243;Totaal mannen en vrouwen;95 jaar of ouder;Westerse migratieachtergrond;2004;1206;982;224
8244;Totaal mannen en vrouwen;95 jaar of ouder;Westerse migratieachtergrond;2005;1266;1035;231
8245;Totaal mannen en vrouwen;95 jaar of ouder;Westerse migratieachtergrond;2006;1302;1054;248
8246;Totaal mannen en vrouwen;95 jaar of ouder;Westerse migratieachtergrond;2007;1294;1052;242
8247;Totaal mannen en vrouwen;95 jaar of ouder;Westerse migratieachtergrond;2008;1391;1115;276
8248;Totaal mannen en vrouwen;95 jaar of ouder;Westerse migratieachtergrond;2009;1427;1113;314
8249;Totaal mannen en vrouwen;95 jaar of ouder;Westerse migratieachtergrond;2010;1453;1123;330
8250;Totaal mannen en vrouwen;95 jaar of ouder;Westerse migratieachtergrond;2011;1422;1058;364
8251;Totaal mannen en vrouwen;95 jaar of ouder;Westerse migratieachtergrond;2012;1430;1032;398
8252;Totaal mannen en vrouwen;95 jaar of ouder;Westerse migratieachtergrond;2013;1418;960;458
8253;Totaal mannen en vrouwen;95 jaar of ouder;Westerse migratieachtergrond;2014;1371;907;464
8254;Totaal mannen en vrouwen;95 jaar of ouder;Westerse migratieachtergrond;2015;1404;893;511
8255;Totaal mannen en vrouwen;95 jaar of ouder;Westerse migratieachtergrond;2016;1521;946;575
8256;Totaal mannen en vrouwen;95 jaar of ouder;Westerse migratieachtergrond;2017;1712;1075;637
8257;Totaal mannen en vrouwen;95 jaar of ouder;Westerse migratieachtergrond;2018;1812;1119;693
8258;Totaal mannen en vrouwen;95 jaar of ouder;Westerse migratieachtergrond;2019;2036;1255;781
8259;Totaal mannen en vrouwen;95 jaar of ouder;Westerse migratieachtergrond;2020;2152;1304;848
8260;Totaal mannen en vrouwen;95 jaar of ouder;Westerse migratieachtergrond;2021;2199;1340;859
8261;Totaal mannen en vrouwen;95 jaar of ouder;Westerse migratieachtergrond;2022;2268;1341;927
8262;Totaal mannen en vrouwen;95 jaar of ouder;Niet-westerse migratieachtergrond;1972;0;0;0
8263;Totaal mannen en vrouwen;95 jaar of ouder;Niet-westerse migratieachtergrond;1973;0;0;0
8264;Totaal mannen en vrouwen;95 jaar of ouder;Niet-westerse migratieachtergrond;1974;0;0;0
8265;Totaal mannen en vrouwen;95 jaar of ouder;Niet-westerse migratieachtergrond;1975;0;0;0
8266;Totaal mannen en vrouwen;95 jaar of ouder;Niet-westerse migratieachtergrond;1976;0;0;0
8267;Totaal mannen en vrouwen;95 jaar of ouder;Niet-westerse migratieachtergrond;1977;0;0;0
8268;Totaal mannen en vrouwen;95 jaar of ouder;Niet-westerse migratieachtergrond;1978;4;4;0
8269;Totaal mannen en vrouwen;95 jaar of ouder;Niet-westerse migratieachtergrond;1979;3;3;0
8270;Totaal mannen en vrouwen;95 jaar of ouder;Niet-westerse migratieachtergrond;1980;6;6;0
8271;Totaal mannen en vrouwen;95 jaar of ouder;Niet-westerse migratieachtergrond;1981;8;8;0
8272;Totaal mannen en vrouwen;95 jaar of ouder;Niet-westerse migratieachtergrond;1982;9;9;0
8273;Totaal mannen en vrouwen;95 jaar of ouder;Niet-westerse migratieachtergrond;1983;10;10;0
8274;Totaal mannen en vrouwen;95 jaar of ouder;Niet-westerse migratieachtergrond;1984;14;14;0
8275;Totaal mannen en vrouwen;95 jaar of ouder;Niet-westerse migratieachtergrond;1985;14;14;0
8276;Totaal mannen en vrouwen;95 jaar of ouder;Niet-westerse migratieachtergrond;1986;13;13;0
8277;Totaal mannen en vrouwen;95 jaar of ouder;Niet-westerse migratieachtergrond;1987;14;14;0
8278;Totaal mannen en vrouwen;95 jaar of ouder;Niet-westerse migratieachtergrond;1988;14;14;0
8279;Totaal mannen en vrouwen;95 jaar of ouder;Niet-westerse migratieachtergrond;1989;15;15;0
8280;Totaal mannen en vrouwen;95 jaar of ouder;Niet-westerse migratieachtergrond;1990;14;14;0
8281;Totaal mannen en vrouwen;95 jaar of ouder;Niet-westerse migratieachtergrond;1991;13;13;0
8282;Totaal mannen en vrouwen;95 jaar of ouder;Niet-westerse migratieachtergrond;1992;16;16;0
8283;Totaal mannen en vrouwen;95 jaar of ouder;Niet-westerse migratieachtergrond;1993;18;18;0
8284;Totaal mannen en vrouwen;95 jaar of ouder;Niet-westerse migratieachtergrond;1994;20;20;0
8285;Totaal mannen en vrouwen;95 jaar of ouder;Niet-westerse migratieachtergrond;1995;53;52;1
8286;Totaal mannen en vrouwen;95 jaar of ouder;Niet-westerse migratieachtergrond;1996;60;58;2
8287;Totaal mannen en vrouwen;95 jaar of ouder;Niet-westerse migratieachtergrond;1997;65;62;3
8288;Totaal mannen en vrouwen;95 jaar of ouder;Niet-westerse migratieachtergrond;1998;73;69;4
8289;Totaal mannen en vrouwen;95 jaar of ouder;Niet-westerse migratieachtergrond;1999;78;76;2
8290;Totaal mannen en vrouwen;95 jaar of ouder;Niet-westerse migratieachtergrond;2000;75;75;0
8291;Totaal mannen en vrouwen;95 jaar of ouder;Niet-westerse migratieachtergrond;2001;85;83;2
8292;Totaal mannen en vrouwen;95 jaar of ouder;Niet-westerse migratieachtergrond;2002;92;90;2
8293;Totaal mannen en vrouwen;95 jaar of ouder;Niet-westerse migratieachtergrond;2003;105;101;4
8294;Totaal mannen en vrouwen;95 jaar of ouder;Niet-westerse migratieachtergrond;2004;112;106;6
8295;Totaal mannen en vrouwen;95 jaar of ouder;Niet-westerse migratieachtergrond;2005;121;114;7
8296;Totaal mannen en vrouwen;95 jaar of ouder;Niet-westerse migratieachtergrond;2006;134;126;8
8297;Totaal mannen en vrouwen;95 jaar of ouder;Niet-westerse migratieachtergrond;2007;133;125;8
8298;Totaal mannen en vrouwen;95 jaar of ouder;Niet-westerse migratieachtergrond;2008;133;126;7
8299;Totaal mannen en vrouwen;95 jaar of ouder;Niet-westerse migratieachtergrond;2009;136;132;4
8300;Totaal mannen en vrouwen;95 jaar of ouder;Niet-westerse migratieachtergrond;2010;152;147;5
8301;Totaal mannen en vrouwen;95 jaar of ouder;Niet-westerse migratieachtergrond;2011;174;167;7
8302;Totaal mannen en vrouwen;95 jaar of ouder;Niet-westerse migratieachtergrond;2012;180;174;6
8303;Totaal mannen en vrouwen;95 jaar of ouder;Niet-westerse migratieachtergrond;2013;185;177;8
8304;Totaal mannen en vrouwen;95 jaar of ouder;Niet-westerse migratieachtergrond;2014;195;186;9
8305;Totaal mannen en vrouwen;95 jaar of ouder;Niet-westerse migratieachtergrond;2015;214;199;15
8306;Totaal mannen en vrouwen;95 jaar of ouder;Niet-westerse migratieachtergrond;2016;243;223;20
8307;Totaal mannen en vrouwen;95 jaar of ouder;Niet-westerse migratieachtergrond;2017;278;250;28
8308;Totaal mannen en vrouwen;95 jaar of ouder;Niet-westerse migratieachtergrond;2018;274;249;25
8309;Totaal mannen en vrouwen;95 jaar of ouder;Niet-westerse migratieachtergrond;2019;305;282;23
8310;Totaal mannen en vrouwen;95 jaar of ouder;Niet-westerse migratieachtergrond;2020;318;293;25
8311;Totaal mannen en vrouwen;95 jaar of ouder;Niet-westerse migratieachtergrond;2021;342;315;27
8312;Totaal mannen en vrouwen;95 jaar of ouder;Niet-westerse migratieachtergrond;2022;367;330;37
8313;Totaal mannen en vrouwen;95 jaar of ouder;Marokko;1972;0;0;0
8314;Totaal mannen en vrouwen;95 jaar of ouder;Marokko;1973;0;0;0
8315;Totaal mannen en vrouwen;95 jaar of ouder;Marokko;1974;0;0;0
8316;Totaal mannen en vrouwen;95 jaar of ouder;Marokko;1975;0;0;0
8317;Totaal mannen en vrouwen;95 jaar of ouder;Marokko;1976;0;0;0
8318;Totaal mannen en vrouwen;95 jaar of ouder;Marokko;1977;0;0;0
8319;Totaal mannen en vrouwen;95 jaar of ouder;Marokko;1978;1;1;0
8320;Totaal mannen en vrouwen;95 jaar of ouder;Marokko;1979;0;0;0
8321;Totaal mannen en vrouwen;95 jaar of ouder;Marokko;1980;0;0;0
8322;Totaal mannen en vrouwen;95 jaar of ouder;Marokko;1981;1;1;0
8323;Totaal mannen en vrouwen;95 jaar of ouder;Marokko;1982;1;1;0
8324;Totaal mannen en vrouwen;95 jaar of ouder;Marokko;1983;1;1;0
8325;Totaal mannen en vrouwen;95 jaar of ouder;Marokko;1984;1;1;0
8326;Totaal mannen en vrouwen;95 jaar of ouder;Marokko;1985;2;2;0
8327;Totaal mannen en vrouwen;95 jaar of ouder;Marokko;1986;2;2;0
8328;Totaal mannen en vrouwen;95 jaar of ouder;Marokko;1987;2;2;0
8329;Totaal mannen en vrouwen;95 jaar of ouder;Marokko;1988;2;2;0
8330;Totaal mannen en vrouwen;95 jaar of ouder;Marokko;1989;2;2;0
8331;Totaal mannen en vrouwen;95 jaar of ouder;Marokko;1990;1;1;0
8332;Totaal mannen en vrouwen;95 jaar of ouder;Marokko;1991;1;1;0
8333;Totaal mannen en vrouwen;95 jaar of ouder;Marokko;1992;1;1;0
8334;Totaal mannen en vrouwen;95 jaar of ouder;Marokko;1993;1;1;0
8335;Totaal mannen en vrouwen;95 jaar of ouder;Marokko;1994;0;0;0
8336;Totaal mannen en vrouwen;95 jaar of ouder;Marokko;1995;1;1;0
8337;Totaal mannen en vrouwen;95 jaar of ouder;Marokko;1996;3;3;0
8338;Totaal mannen en vrouwen;95 jaar of ouder;Marokko;1997;3;3;0
8339;Totaal mannen en vrouwen;95 jaar of ouder;Marokko;1998;2;2;0
8340;Totaal mannen en vrouwen;95 jaar of ouder;Marokko;1999;2;2;0
8341;Totaal mannen en vrouwen;95 jaar of ouder;Marokko;2000;2;2;0
8342;Totaal mannen en vrouwen;95 jaar of ouder;Marokko;2001;4;4;0
8343;Totaal mannen en vrouwen;95 jaar of ouder;Marokko;2002;3;3;0
8344;Totaal mannen en vrouwen;95 jaar of ouder;Marokko;2003;3;3;0
8345;Totaal mannen en vrouwen;95 jaar of ouder;Marokko;2004;2;2;0
8346;Totaal mannen en vrouwen;95 jaar of ouder;Marokko;2005;0;0;0
8347;Totaal mannen en vrouwen;95 jaar of ouder;Marokko;2006;3;3;0
8348;Totaal mannen en vrouwen;95 jaar of ouder;Marokko;2007;6;6;0
8349;Totaal mannen en vrouwen;95 jaar of ouder;Marokko;2008;6;6;0
8350;Totaal mannen en vrouwen;95 jaar of ouder;Marokko;2009;5;5;0
8351;Totaal mannen en vrouwen;95 jaar of ouder;Marokko;2010;8;8;0
8352;Totaal mannen en vrouwen;95 jaar of ouder;Marokko;2011;8;8;0
8353;Totaal mannen en vrouwen;95 jaar of ouder;Marokko;2012;7;7;0
8354;Totaal mannen en vrouwen;95 jaar of ouder;Marokko;2013;7;7;0
8355;Totaal mannen en vrouwen;95 jaar of ouder;Marokko;2014;7;7;0
8356;Totaal mannen en vrouwen;95 jaar of ouder;Marokko;2015;6;6;0
8357;Totaal mannen en vrouwen;95 jaar of ouder;Marokko;2016;15;15;0
8358;Totaal mannen en vrouwen;95 jaar of ouder;Marokko;2017;14;14;0
8359;Totaal mannen en vrouwen;95 jaar of ouder;Marokko;2018;18;18;0
8360;Totaal mannen en vrouwen;95 jaar of ouder;Marokko;2019;18;18;0
8361;Totaal mannen en vrouwen;95 jaar of ouder;Marokko;2020;22;22;0
8362;Totaal mannen en vrouwen;95 jaar of ouder;Marokko;2021;33;33;0
8363;Totaal mannen en vrouwen;95 jaar of ouder;Marokko;2022;35;35;0
8364;Totaal mannen en vrouwen;95 jaar of ouder;(voormalige) Nederlandse Antillen, Aruba;1972;0;0;0
8365;Totaal mannen en vrouwen;95 jaar of ouder;(voormalige) Nederlandse Antillen, Aruba;1973;0;0;0
8366;Totaal mannen en vrouwen;95 jaar of ouder;(voormalige) Nederlandse Antillen, Aruba;1974;0;0;0
8367;Totaal mannen en vrouwen;95 jaar of ouder;(voormalige) Nederlandse Antillen, Aruba;1975;0;0;0
8368;Totaal mannen en vrouwen;95 jaar of ouder;(voormalige) Nederlandse Antillen, Aruba;1976;0;0;0
8369;Totaal mannen en vrouwen;95 jaar of ouder;(voormalige) Nederlandse Antillen, Aruba;1977;0;0;0
8370;Totaal mannen en vrouwen;95 jaar of ouder;(voormalige) Nederlandse Antillen, Aruba;1978;0;0;0
8371;Totaal mannen en vrouwen;95 jaar of ouder;(voormalige) Nederlandse Antillen, Aruba;1979;0;0;0
8372;Totaal mannen en vrouwen;95 jaar of ouder;(voormalige) Nederlandse Antillen, Aruba;1980;1;1;0
8373;Totaal mannen en vrouwen;95 jaar of ouder;(voormalige) Nederlandse Antillen, Aruba;1981;1;1;0
8374;Totaal mannen en vrouwen;95 jaar of ouder;(voormalige) Nederlandse Antillen, Aruba;1982;0;0;0
8375;Totaal mannen en vrouwen;95 jaar of ouder;(voormalige) Nederlandse Antillen, Aruba;1983;0;0;0
8376;Totaal mannen en vrouwen;95 jaar of ouder;(voormalige) Nederlandse Antillen, Aruba;1984;0;0;0
8377;Totaal mannen en vrouwen;95 jaar of ouder;(voormalige) Nederlandse Antillen, Aruba;1985;0;0;0
8378;Totaal mannen en vrouwen;95 jaar of ouder;(voormalige) Nederlandse Antillen, Aruba;1986;0;0;0
8379;Totaal mannen en vrouwen;95 jaar of ouder;(voormalige) Nederlandse Antillen, Aruba;1987;1;1;0
8380;Totaal mannen en vrouwen;95 jaar of ouder;(voormalige) Nederlandse Antillen, Aruba;1988;1;1;0
8381;Totaal mannen en vrouwen;95 jaar of ouder;(voormalige) Nederlandse Antillen, Aruba;1989;1;1;0
8382;Totaal mannen en vrouwen;95 jaar of ouder;(voormalige) Nederlandse Antillen, Aruba;1990;1;1;0
8383;Totaal mannen en vrouwen;95 jaar of ouder;(voormalige) Nederlandse Antillen, Aruba;1991;1;1;0
8384;Totaal mannen en vrouwen;95 jaar of ouder;(voormalige) Nederlandse Antillen, Aruba;1992;1;1;0
8385;Totaal mannen en vrouwen;95 jaar of ouder;(voormalige) Nederlandse Antillen, Aruba;1993;2;2;0
8386;Totaal mannen en vrouwen;95 jaar of ouder;(voormalige) Nederlandse Antillen, Aruba;1994;3;3;0
8387;Totaal mannen en vrouwen;95 jaar of ouder;(voormalige) Nederlandse Antillen, Aruba;1995;1;1;0
8388;Totaal mannen en vrouwen;95 jaar of ouder;(voormalige) Nederlandse Antillen, Aruba;1996;1;1;0
8389;Totaal mannen en vrouwen;95 jaar of ouder;(voormalige) Nederlandse Antillen, Aruba;1997;2;2;0
8390;Totaal mannen en vrouwen;95 jaar of ouder;(voormalige) Nederlandse Antillen, Aruba;1998;3;3;0
8391;Totaal mannen en vrouwen;95 jaar of ouder;(voormalige) Nederlandse Antillen, Aruba;1999;4;4;0
8392;Totaal mannen en vrouwen;95 jaar of ouder;(voormalige) Nederlandse Antillen, Aruba;2000;2;2;0
8393;Totaal mannen en vrouwen;95 jaar of ouder;(voormalige) Nederlandse Antillen, Aruba;2001;5;4;1
8394;Totaal mannen en vrouwen;95 jaar of ouder;(voormalige) Nederlandse Antillen, Aruba;2002;5;4;1
8395;Totaal mannen en vrouwen;95 jaar of ouder;(voormalige) Nederlandse Antillen, Aruba;2003;5;4;1
8396;Totaal mannen en vrouwen;95 jaar of ouder;(voormalige) Nederlandse Antillen, Aruba;2004;7;5;2
8397;Totaal mannen en vrouwen;95 jaar of ouder;(voormalige) Nederlandse Antillen, Aruba;2005;3;2;1
8398;Totaal mannen en vrouwen;95 jaar of ouder;(voormalige) Nederlandse Antillen, Aruba;2006;5;4;1
8399;Totaal mannen en vrouwen;95 jaar of ouder;(voormalige) Nederlandse Antillen, Aruba;2007;6;5;1
8400;Totaal mannen en vrouwen;95 jaar of ouder;(voormalige) Nederlandse Antillen, Aruba;2008;4;3;1
8401;Totaal mannen en vrouwen;95 jaar of ouder;(voormalige) Nederlandse Antillen, Aruba;2009;2;1;1
8402;Totaal mannen en vrouwen;95 jaar of ouder;(voormalige) Nederlandse Antillen, Aruba;2010;9;7;2
8403;Totaal mannen en vrouwen;95 jaar of ouder;(voormalige) Nederlandse Antillen, Aruba;2011;10;7;3
8404;Totaal mannen en vrouwen;95 jaar of ouder;(voormalige) Nederlandse Antillen, Aruba;2012;11;8;3
8405;Totaal mannen en vrouwen;95 jaar of ouder;(voormalige) Nederlandse Antillen, Aruba;2013;16;11;5
8406;Totaal mannen en vrouwen;95 jaar of ouder;(voormalige) Nederlandse Antillen, Aruba;2014;17;13;4
8407;Totaal mannen en vrouwen;95 jaar of ouder;(voormalige) Nederlandse Antillen, Aruba;2015;16;12;4
8408;Totaal mannen en vrouwen;95 jaar of ouder;(voormalige) Nederlandse Antillen, Aruba;2016;21;15;6
8409;Totaal mannen en vrouwen;95 jaar of ouder;(voormalige) Nederlandse Antillen, Aruba;2017;25;17;8
8410;Totaal mannen en vrouwen;95 jaar of ouder;(voormalige) Nederlandse Antillen, Aruba;2018;16;12;4
8411;Totaal mannen en vrouwen;95 jaar of ouder;(voormalige) Nederlandse Antillen, Aruba;2019;23;18;5
8412;Totaal mannen en vrouwen;95 jaar of ouder;(voormalige) Nederlandse Antillen, Aruba;2020;23;18;5
8413;Totaal mannen en vrouwen;95 jaar of ouder;(voormalige) Nederlandse Antillen, Aruba;2021;29;24;5
8414;Totaal mannen en vrouwen;95 jaar of ouder;(voormalige) Nederlandse Antillen, Aruba;2022;24;21;3
8415;Totaal mannen en vrouwen;95 jaar of ouder;Suriname;1972;0;0;0
8416;Totaal mannen en vrouwen;95 jaar of ouder;Suriname;1973;0;0;0
8417;Totaal mannen en vrouwen;95 jaar of ouder;Suriname;1974;0;0;0
8418;Totaal mannen en vrouwen;95 jaar of ouder;Suriname;1975;0;0;0
8419;Totaal mannen en vrouwen;95 jaar of ouder;Suriname;1976;0;0;0
8420;Totaal mannen en vrouwen;95 jaar of ouder;Suriname;1977;0;0;0
8421;Totaal mannen en vrouwen;95 jaar of ouder;Suriname;1978;2;2;0
8422;Totaal mannen en vrouwen;95 jaar of ouder;Suriname;1979;2;2;0
8423;Totaal mannen en vrouwen;95 jaar of ouder;Suriname;1980;4;4;0
8424;Totaal mannen en vrouwen;95 jaar of ouder;Suriname;1981;4;4;0
8425;Totaal mannen en vrouwen;95 jaar of ouder;Suriname;1982;5;5;0
8426;Totaal mannen en vrouwen;95 jaar of ouder;Suriname;1983;5;5;0
8427;Totaal mannen en vrouwen;95 jaar of ouder;Suriname;1984;6;6;0
8428;Totaal mannen en vrouwen;95 jaar of ouder;Suriname;1985;6;6;0
8429;Totaal mannen en vrouwen;95 jaar of ouder;Suriname;1986;6;6;0
8430;Totaal mannen en vrouwen;95 jaar of ouder;Suriname;1987;6;6;0
8431;Totaal mannen en vrouwen;95 jaar of ouder;Suriname;1988;6;6;0
8432;Totaal mannen en vrouwen;95 jaar of ouder;Suriname;1989;7;7;0
8433;Totaal mannen en vrouwen;95 jaar of ouder;Suriname;1990;7;7;0
8434;Totaal mannen en vrouwen;95 jaar of ouder;Suriname;1991;7;7;0
8435;Totaal mannen en vrouwen;95 jaar of ouder;Suriname;1992;8;8;0
8436;Totaal mannen en vrouwen;95 jaar of ouder;Suriname;1993;8;8;0
8437;Totaal mannen en vrouwen;95 jaar of ouder;Suriname;1994;9;9;0
8438;Totaal mannen en vrouwen;95 jaar of ouder;Suriname;1995;32;32;0
8439;Totaal mannen en vrouwen;95 jaar of ouder;Suriname;1996;33;32;1
8440;Totaal mannen en vrouwen;95 jaar of ouder;Suriname;1997;41;39;2
8441;Totaal mannen en vrouwen;95 jaar of ouder;Suriname;1998;43;41;2
8442;Totaal mannen en vrouwen;95 jaar of ouder;Suriname;1999;41;40;1
8443;Totaal mannen en vrouwen;95 jaar of ouder;Suriname;2000;43;43;0
8444;Totaal mannen en vrouwen;95 jaar of ouder;Suriname;2001;46;46;0
8445;Totaal mannen en vrouwen;95 jaar of ouder;Suriname;2002;52;52;0
8446;Totaal mannen en vrouwen;95 jaar of ouder;Suriname;2003;63;61;2
8447;Totaal mannen en vrouwen;95 jaar of ouder;Suriname;2004;59;56;3
8448;Totaal mannen en vrouwen;95 jaar of ouder;Suriname;2005;67;63;4
8449;Totaal mannen en vrouwen;95 jaar of ouder;Suriname;2006;67;63;4
8450;Totaal mannen en vrouwen;95 jaar of ouder;Suriname;2007;57;54;3
8451;Totaal mannen en vrouwen;95 jaar of ouder;Suriname;2008;61;59;2
8452;Totaal mannen en vrouwen;95 jaar of ouder;Suriname;2009;68;67;1
8453;Totaal mannen en vrouwen;95 jaar of ouder;Suriname;2010;68;66;2
8454;Totaal mannen en vrouwen;95 jaar of ouder;Suriname;2011;92;89;3
8455;Totaal mannen en vrouwen;95 jaar of ouder;Suriname;2012;102;101;1
8456;Totaal mannen en vrouwen;95 jaar of ouder;Suriname;2013;98;97;1
8457;Totaal mannen en vrouwen;95 jaar of ouder;Suriname;2014;100;98;2
8458;Totaal mannen en vrouwen;95 jaar of ouder;Suriname;2015;111;106;5
8459;Totaal mannen en vrouwen;95 jaar of ouder;Suriname;2016;116;111;5
8460;Totaal mannen en vrouwen;95 jaar of ouder;Suriname;2017;139;131;8
8461;Totaal mannen en vrouwen;95 jaar of ouder;Suriname;2018;135;127;8
8462;Totaal mannen en vrouwen;95 jaar of ouder;Suriname;2019;160;148;12
8463;Totaal mannen en vrouwen;95 jaar of ouder;Suriname;2020;149;140;9
8464;Totaal mannen en vrouwen;95 jaar of ouder;Suriname;2021;153;144;9
8465;Totaal mannen en vrouwen;95 jaar of ouder;Suriname;2022;170;150;20
8466;Totaal mannen en vrouwen;95 jaar of ouder;Turkije;1972;0;0;0
8467;Totaal mannen en vrouwen;95 jaar of ouder;Turkije;1973;0;0;0
8468;Totaal mannen en vrouwen;95 jaar of ouder;Turkije;1974;0;0;0
8469;Totaal mannen en vrouwen;95 jaar of ouder;Turkije;1975;0;0;0
8470;Totaal mannen en vrouwen;95 jaar of ouder;Turkije;1976;0;0;0
8471;Totaal mannen en vrouwen;95 jaar of ouder;Turkije;1977;0;0;0
8472;Totaal mannen en vrouwen;95 jaar of ouder;Turkije;1978;1;1;0
8473;Totaal mannen en vrouwen;95 jaar of ouder;Turkije;1979;1;1;0
8474;Totaal mannen en vrouwen;95 jaar of ouder;Turkije;1980;1;1;0
8475;Totaal mannen en vrouwen;95 jaar of ouder;Turkije;1981;2;2;0
8476;Totaal mannen en vrouwen;95 jaar of ouder;Turkije;1982;3;3;0
8477;Totaal mannen en vrouwen;95 jaar of ouder;Turkije;1983;4;4;0
8478;Totaal mannen en vrouwen;95 jaar of ouder;Turkije;1984;7;7;0
8479;Totaal mannen en vrouwen;95 jaar of ouder;Turkije;1985;6;6;0
8480;Totaal mannen en vrouwen;95 jaar of ouder;Turkije;1986;5;5;0
8481;Totaal mannen en vrouwen;95 jaar of ouder;Turkije;1987;5;5;0
8482;Totaal mannen en vrouwen;95 jaar of ouder;Turkije;1988;4;4;0
8483;Totaal mannen en vrouwen;95 jaar of ouder;Turkije;1989;4;4;0
8484;Totaal mannen en vrouwen;95 jaar of ouder;Turkije;1990;4;4;0
8485;Totaal mannen en vrouwen;95 jaar of ouder;Turkije;1991;3;3;0
8486;Totaal mannen en vrouwen;95 jaar of ouder;Turkije;1992;4;4;0
8487;Totaal mannen en vrouwen;95 jaar of ouder;Turkije;1993;3;3;0
8488;Totaal mannen en vrouwen;95 jaar of ouder;Turkije;1994;4;4;0
8489;Totaal mannen en vrouwen;95 jaar of ouder;Turkije;1995;7;7;0
8490;Totaal mannen en vrouwen;95 jaar of ouder;Turkije;1996;8;8;0
8491;Totaal mannen en vrouwen;95 jaar of ouder;Turkije;1997;7;7;0
8492;Totaal mannen en vrouwen;95 jaar of ouder;Turkije;1998;7;7;0
8493;Totaal mannen en vrouwen;95 jaar of ouder;Turkije;1999;12;12;0
8494;Totaal mannen en vrouwen;95 jaar of ouder;Turkije;2000;12;12;0
8495;Totaal mannen en vrouwen;95 jaar of ouder;Turkije;2001;11;11;0
8496;Totaal mannen en vrouwen;95 jaar of ouder;Turkije;2002;12;12;0
8497;Totaal mannen en vrouwen;95 jaar of ouder;Turkije;2003;13;13;0
8498;Totaal mannen en vrouwen;95 jaar of ouder;Turkije;2004;14;14;0
8499;Totaal mannen en vrouwen;95 jaar of ouder;Turkije;2005;15;15;0
8500;Totaal mannen en vrouwen;95 jaar of ouder;Turkije;2006;17;17;0
8501;Totaal mannen en vrouwen;95 jaar of ouder;Turkije;2007;17;17;0
8502;Totaal mannen en vrouwen;95 jaar of ouder;Turkije;2008;16;16;0
8503;Totaal mannen en vrouwen;95 jaar of ouder;Turkije;2009;15;14;1
8504;Totaal mannen en vrouwen;95 jaar of ouder;Turkije;2010;17;17;0
8505;Totaal mannen en vrouwen;95 jaar of ouder;Turkije;2011;13;13;0
8506;Totaal mannen en vrouwen;95 jaar of ouder;Turkije;2012;9;9;0
8507;Totaal mannen en vrouwen;95 jaar of ouder;Turkije;2013;8;8;0
8508;Totaal mannen en vrouwen;95 jaar of ouder;Turkije;2014;8;8;0
8509;Totaal mannen en vrouwen;95 jaar of ouder;Turkije;2015;10;9;1
8510;Totaal mannen en vrouwen;95 jaar of ouder;Turkije;2016;11;10;1
8511;Totaal mannen en vrouwen;95 jaar of ouder;Turkije;2017;16;15;1
8512;Totaal mannen en vrouwen;95 jaar of ouder;Turkije;2018;20;19;1
8513;Totaal mannen en vrouwen;95 jaar of ouder;Turkije;2019;21;20;1
8514;Totaal mannen en vrouwen;95 jaar of ouder;Turkije;2020;29;28;1
8515;Totaal mannen en vrouwen;95 jaar of ouder;Turkije;2021;28;27;1
8516;Totaal mannen en vrouwen;95 jaar of ouder;Turkije;2022;37;36;1
8517;Totaal mannen en vrouwen;95 jaar of ouder;Overige niet-westerse migratieachterg...;1972;0;0;0
8518;Totaal mannen en vrouwen;95 jaar of ouder;Overige niet-westerse migratieachterg...;1973;0;0;0
8519;Totaal mannen en vrouwen;95 jaar of ouder;Overige niet-westerse migratieachterg...;1974;0;0;0
8520;Totaal mannen en vrouwen;95 jaar of ouder;Overige niet-westerse migratieachterg...;1975;0;0;0
8521;Totaal mannen en vrouwen;95 jaar of ouder;Overige niet-westerse migratieachterg...;1976;0;0;0
8522;Totaal mannen en vrouwen;95 jaar of ouder;Overige niet-westerse migratieachterg...;1977;0;0;0
8523;Totaal mannen en vrouwen;95 jaar of ouder;Overige niet-westerse migratieachterg...;1978;0;0;0
8524;Totaal mannen en vrouwen;95 jaar of ouder;Overige niet-westerse migratieachterg...;1979;0;0;0
8525;Totaal mannen en vrouwen;95 jaar of ouder;Overige niet-westerse migratieachterg...;1980;0;0;0
8526;Totaal mannen en vrouwen;95 jaar of ouder;Overige niet-westerse migratieachterg...;1981;0;0;0
8527;Totaal mannen en vrouwen;95 jaar of ouder;Overige niet-westerse migratieachterg...;1982;0;0;0
8528;Totaal mannen en vrouwen;95 jaar of ouder;Overige niet-westerse migratieachterg...;1983;0;0;0
8529;Totaal mannen en vrouwen;95 jaar of ouder;Overige niet-westerse migratieachterg...;1984;0;0;0
8530;Totaal mannen en vrouwen;95 jaar of ouder;Overige niet-westerse migratieachterg...;1985;0;0;0
8531;Totaal mannen en vrouwen;95 jaar of ouder;Overige niet-westerse migratieachterg...;1986;0;0;0
8532;Totaal mannen en vrouwen;95 jaar of ouder;Overige niet-westerse migratieachterg...;1987;0;0;0
8533;Totaal mannen en vrouwen;95 jaar of ouder;Overige niet-westerse migratieachterg...;1988;1;1;0
8534;Totaal mannen en vrouwen;95 jaar of ouder;Overige niet-westerse migratieachterg...;1989;1;1;0
8535;Totaal mannen en vrouwen;95 jaar of ouder;Overige niet-westerse migratieachterg...;1990;1;1;0
8536;Totaal mannen en vrouwen;95 jaar of ouder;Overige niet-westerse migratieachterg...;1991;1;1;0
8537;Totaal mannen en vrouwen;95 jaar of ouder;Overige niet-westerse migratieachterg...;1992;2;2;0
8538;Totaal mannen en vrouwen;95 jaar of ouder;Overige niet-westerse migratieachterg...;1993;4;4;0
8539;Totaal mannen en vrouwen;95 jaar of ouder;Overige niet-westerse migratieachterg...;1994;4;4;0
8540;Totaal mannen en vrouwen;95 jaar of ouder;Overige niet-westerse migratieachterg...;1995;12;11;1
8541;Totaal mannen en vrouwen;95 jaar of ouder;Overige niet-westerse migratieachterg...;1996;15;14;1
8542;Totaal mannen en vrouwen;95 jaar of ouder;Overige niet-westerse migratieachterg...;1997;12;11;1
8543;Totaal mannen en vrouwen;95 jaar of ouder;Overige niet-westerse migratieachterg...;1998;18;16;2
8544;Totaal mannen en vrouwen;95 jaar of ouder;Overige niet-westerse migratieachterg...;1999;19;18;1
8545;Totaal mannen en vrouwen;95 jaar of ouder;Overige niet-westerse migratieachterg...;2000;16;16;0
8546;Totaal mannen en vrouwen;95 jaar of ouder;Overige niet-westerse migratieachterg...;2001;19;18;1
8547;Totaal mannen en vrouwen;95 jaar of ouder;Overige niet-westerse migratieachterg...;2002;20;19;1
8548;Totaal mannen en vrouwen;95 jaar of ouder;Overige niet-westerse migratieachterg...;2003;21;20;1
8549;Totaal mannen en vrouwen;95 jaar of ouder;Overige niet-westerse migratieachterg...;2004;30;29;1
8550;Totaal mannen en vrouwen;95 jaar of ouder;Overige niet-westerse migratieachterg...;2005;36;34;2
8551;Totaal mannen en vrouwen;95 jaar of ouder;Overige niet-westerse migratieachterg...;2006;42;39;3
8552;Totaal mannen en vrouwen;95 jaar of ouder;Overige niet-westerse migratieachterg...;2007;47;43;4
8553;Totaal mannen en vrouwen;95 jaar of ouder;Overige niet-westerse migratieachterg...;2008;46;42;4
8554;Totaal mannen en vrouwen;95 jaar of ouder;Overige niet-westerse migratieachterg...;2009;46;45;1
8555;Totaal mannen en vrouwen;95 jaar of ouder;Overige niet-westerse migratieachterg...;2010;50;49;1
8556;Totaal mannen en vrouwen;95 jaar of ouder;Overige niet-westerse migratieachterg...;2011;51;50;1
8557;Totaal mannen en vrouwen;95 jaar of ouder;Overige niet-westerse migratieachterg...;2012;51;49;2
8558;Totaal mannen en vrouwen;95 jaar of ouder;Overige niet-westerse migratieachterg...;2013;56;54;2
8559;Totaal mannen en vrouwen;95 jaar of ouder;Overige niet-westerse migratieachterg...;2014;63;60;3
8560;Totaal mannen en vrouwen;95 jaar of ouder;Overige niet-westerse migratieachterg...;2015;71;66;5
8561;Totaal mannen en vrouwen;95 jaar of ouder;Overige niet-westerse migratieachterg...;2016;80;72;8
8562;Totaal mannen en vrouwen;95 jaar of ouder;Overige niet-westerse migratieachterg...;2017;84;73;11
8563;Totaal mannen en vrouwen;95 jaar of ouder;Overige niet-westerse migratieachterg...;2018;85;73;12
8564;Totaal mannen en vrouwen;95 jaar of ouder;Overige niet-westerse migratieachterg...;2019;83;78;5
8565;Totaal mannen en vrouwen;95 jaar of ouder;Overige niet-westerse migratieachterg...;2020;95;85;10
8566;Totaal mannen en vrouwen;95 jaar of ouder;Overige niet-westerse migratieachterg...;2021;99;87;12
8567;Totaal mannen en vrouwen;95 jaar of ouder;Overige niet-westerse migratieachterg...;2022;101;88;13
8568;Mannen;Totaal;Met migratieachtergrond;1972;612889;279270;333619
8569;Mannen;Totaal;Met migratieachtergrond;1973;627550;285867;341683
8570;Mannen;Totaal;Met migratieachtergrond;1974;645641;296725;348916
8571;Mannen;Totaal;Met migratieachtergrond;1975;669659;313384;356275
8572;Mannen;Totaal;Met migratieachtergrond;1976;714083;350257;363826
8573;Mannen;Totaal;Met migratieachtergrond;1977;730402;358452;371950
8574;Mannen;Totaal;Met migratieachtergrond;1978;748277;367570;380707
8575;Mannen;Totaal;Met migratieachtergrond;1979;771865;381614;390251
8576;Mannen;Totaal;Met migratieachtergrond;1980;805264;404860;400404
8577;Mannen;Totaal;Met migratieachtergrond;1981;843546;431757;411789
8578;Mannen;Totaal;Met migratieachtergrond;1982;864194;440788;423406
8579;Mannen;Totaal;Met migratieachtergrond;1983;876935;442636;434299
8580;Mannen;Totaal;Met migratieachtergrond;1984;888288;442360;445928
8581;Mannen;Totaal;Met migratieachtergrond;1985;901944;444276;457668
8582;Mannen;Totaal;Met migratieachtergrond;1986;924023;454246;469777
8583;Mannen;Totaal;Met migratieachtergrond;1987;949211;466772;482439
8584;Mannen;Totaal;Met migratieachtergrond;1988;980989;485868;495121
8585;Mannen;Totaal;Met migratieachtergrond;1989;1009373;500901;508472
8586;Mannen;Totaal;Met migratieachtergrond;1990;1039302;516564;522738
8587;Mannen;Totaal;Met migratieachtergrond;1991;1082155;544452;537703
8588;Mannen;Totaal;Met migratieachtergrond;1992;1124501;571507;552994
8589;Mannen;Totaal;Met migratieachtergrond;1993;1161621;593317;568304
8590;Mannen;Totaal;Met migratieachtergrond;1994;1199247;615632;583615
8591;Mannen;Totaal;Met migratieachtergrond;1995;1227530;628775;598755
8592;Mannen;Totaal;Met migratieachtergrond;1996;1252018;638232;613786
8593;Mannen;Totaal;Met migratieachtergrond;1997;1277090;648537;628553
8594;Mannen;Totaal;Met migratieachtergrond;1998;1308881;664788;644093
8595;Mannen;Totaal;Met migratieachtergrond;1999;1347250;685764;661486
8596;Mannen;Totaal;Met migratieachtergrond;2000;1384460;705295;679165
8597;Mannen;Totaal;Met migratieachtergrond;2001;1432048;734277;697771
8598;Mannen;Totaal;Met migratieachtergrond;2002;1480305;763856;716449
8599;Mannen;Totaal;Met migratieachtergrond;2003;1514785;780880;733905
8600;Mannen;Totaal;Met migratieachtergrond;2004;1535336;785050;750286
8601;Mannen;Totaal;Met migratieachtergrond;2005;1547179;781740;765439
8602;Mannen;Totaal;Met migratieachtergrond;2006;1554981;775859;779122
8603;Mannen;Totaal;Met migratieachtergrond;2007;1563182;770945;792237
8604;Mannen;Totaal;Met migratieachtergrond;2008;1584288;778721;805567
8605;Mannen;Totaal;Met migratieachtergrond;2009;1621222;800363;820859
8606;Mannen;Totaal;Met migratieachtergrond;2010;1656555;818390;838165
8607;Mannen;Totaal;Met migratieachtergrond;2011;1687076;832688;854388
8608;Mannen;Totaal;Met migratieachtergrond;2012;1719340;849200;870140
8609;Mannen;Totaal;Met migratieachtergrond;2013;1740189;856153;884036
8610;Mannen;Totaal;Met migratieachtergrond;2014;1764756;866848;897908
8611;Mannen;Totaal;Met migratieachtergrond;2015;1799906;887552;912354
8612;Mannen;Totaal;Met migratieachtergrond;2016;1845059;918539;926520
8613;Mannen;Totaal;Met migratieachtergrond;2017;1903271;961366;941905
8614;Mannen;Totaal;Met migratieachtergrond;2018;1956095;998369;957726
8615;Mannen;Totaal;Met migratieachtergrond;2019;2013071;1039072;973999
8616;Mannen;Totaal;Met migratieachtergrond;2020;2081575;1090098;991477
8617;Mannen;Totaal;Met migratieachtergrond;2021;2126416;1116733;1009683
8618;Mannen;Totaal;Met migratieachtergrond;2022;2192177;1165082;1027095
8619;Mannen;Totaal;Westerse migratieachtergrond;1972;506138;189811;316327
8620;Mannen;Totaal;Westerse migratieachtergrond;1973;511588;189460;322128
8621;Mannen;Totaal;Westerse migratieachtergrond;1974;516427;189421;327006
8622;Mannen;Totaal;Westerse migratieachtergrond;1975;522221;190699;331522
8623;Mannen;Totaal;Westerse migratieachtergrond;1976;528022;192313;335709
8624;Mannen;Totaal;Westerse migratieachtergrond;1977;531224;191359;339865
8625;Mannen;Totaal;Westerse migratieachtergrond;1978;535158;191103;344055
8626;Mannen;Totaal;Westerse migratieachtergrond;1979;539953;191560;348393
8627;Mannen;Totaal;Westerse migratieachtergrond;1980;544451;191918;352533
8628;Mannen;Totaal;Westerse migratieachtergrond;1981;548841;191925;356916
8629;Mannen;Totaal;Westerse migratieachtergrond;1982;551120;190243;360877
8630;Mannen;Totaal;Westerse migratieachtergrond;1983;551586;187513;364073
8631;Mannen;Totaal;Westerse migratieachtergrond;1984;551801;183967;367834
8632;Mannen;Totaal;Westerse migratieachtergrond;1985;553267;181932;371335
8633;Mannen;Totaal;Westerse migratieachtergrond;1986;558899;183925;374974
8634;Mannen;Totaal;Westerse migratieachtergrond;1987;565400;186703;378697
8635;Mannen;Totaal;Westerse migratieachtergrond;1988;571993;190095;381898
8636;Mannen;Totaal;Westerse migratieachtergrond;1989;578544;193706;384838
8637;Mannen;Totaal;Westerse migratieachtergrond;1990;584396;196215;388181
8638;Mannen;Totaal;Westerse migratieachtergrond;1991;593968;202503;391465
8639;Mannen;Totaal;Westerse migratieachtergrond;1992;604254;209490;394764
8640;Mannen;Totaal;Westerse migratieachtergrond;1993;615806;218332;397474
8641;Mannen;Totaal;Westerse migratieachtergrond;1994;626917;226621;400296
8642;Mannen;Totaal;Westerse migratieachtergrond;1995;636450;234125;402325
8643;Mannen;Totaal;Westerse migratieachtergrond;1996;640084;235525;404559
8644;Mannen;Totaal;Westerse migratieachtergrond;1997;641961;235784;406177
8645;Mannen;Totaal;Westerse migratieachtergrond;1998;645799;237850;407949
8646;Mannen;Totaal;Westerse migratieachtergrond;1999;650594;240581;410013
8647;Mannen;Totaal;Westerse migratieachtergrond;2000;657443;245107;412336
8648;Mannen;Totaal;Westerse migratieachtergrond;2001;667666;253034;414632
8649;Mannen;Totaal;Westerse migratieachtergrond;2002;677610;260765;416845
8650;Mannen;Totaal;Westerse migratieachtergrond;2003;681098;262630;418468
8651;Mannen;Totaal;Westerse migratieachtergrond;2004;681536;261539;419997
8652;Mannen;Totaal;Westerse migratieachtergrond;2005;681595;260315;421280
8653;Mannen;Totaal;Westerse migratieachtergrond;2006;682545;260513;422032
8654;Mannen;Totaal;Westerse migratieachtergrond;2007;684538;261560;422978
8655;Mannen;Totaal;Westerse migratieachtergrond;2008;693249;269300;423949
8656;Mannen;Totaal;Westerse migratieachtergrond;2009;708004;282360;425644
8657;Mannen;Totaal;Westerse migratieachtergrond;2010;718448;289927;428521
8658;Mannen;Totaal;Westerse migratieachtergrond;2011;730502;299427;431075
8659;Mannen;Totaal;Westerse migratieachtergrond;2012;744719;311369;433350
8660;Mannen;Totaal;Westerse migratieachtergrond;2013;754020;318612;435408
8661;Mannen;Totaal;Westerse migratieachtergrond;2014;763821;326299;437522
8662;Mannen;Totaal;Westerse migratieachtergrond;2015;778528;338478;440050
8663;Mannen;Totaal;Westerse migratieachtergrond;2016;793090;350827;442263
8664;Mannen;Totaal;Westerse migratieachtergrond;2017;809618;365034;444584
8665;Mannen;Totaal;Westerse migratieachtergrond;2018;829829;382743;447086
8666;Mannen;Totaal;Westerse migratieachtergrond;2019;853419;404021;449398
8667;Mannen;Totaal;Westerse migratieachtergrond;2020;881896;429750;452146
8668;Mannen;Totaal;Westerse migratieachtergrond;2021;898211;443440;454771
8669;Mannen;Totaal;Westerse migratieachtergrond;2022;923001;465753;457248
8670;Mannen;Totaal;Niet-westerse migratieachtergrond;1972;106751;89459;17292
8671;Mannen;Totaal;Niet-westerse migratieachtergrond;1973;115962;96407;19555
8672;Mannen;Totaal;Niet-westerse migratieachtergrond;1974;129214;107304;21910
8673;Mannen;Totaal;Niet-westerse migratieachtergrond;1975;147438;122685;24753
8674;Mannen;Totaal;Niet-westerse migratieachtergrond;1976;186061;157944;28117
8675;Mannen;Totaal;Niet-westerse migratieachtergrond;1977;199178;167093;32085
8676;Mannen;Totaal;Niet-westerse migratieachtergrond;1978;213119;176467;36652
8677;Mannen;Totaal;Niet-westerse migratieachtergrond;1979;231912;190054;41858
8678;Mannen;Totaal;Niet-westerse migratieachtergrond;1980;260813;212942;47871
8679;Mannen;Totaal;Niet-westerse migratieachtergrond;1981;294705;239832;54873
8680;Mannen;Totaal;Niet-westerse migratieachtergrond;1982;313074;250545;62529
8681;Mannen;Totaal;Niet-westerse migratieachtergrond;1983;325349;255123;70226
8682;Mannen;Totaal;Niet-westerse migratieachtergrond;1984;336487;258393;78094
8683;Mannen;Totaal;Niet-westerse migratieachtergrond;1985;348677;262344;86333
8684;Mannen;Totaal;Niet-westerse migratieachtergrond;1986;365124;270321;94803
8685;Mannen;Totaal;Niet-westerse migratieachtergrond;1987;383811;280069;103742
8686;Mannen;Totaal;Niet-westerse migratieachtergrond;1988;408996;295773;113223
8687;Mannen;Totaal;Niet-westerse migratieachtergrond;1989;430829;307195;123634
8688;Mannen;Totaal;Niet-westerse migratieachtergrond;1990;454906;320349;134557
8689;Mannen;Totaal;Niet-westerse migratieachtergrond;1991;488187;341949;146238
8690;Mannen;Totaal;Niet-westerse migratieachtergrond;1992;520247;362017;158230
8691;Mannen;Totaal;Niet-westerse migratieachtergrond;1993;545815;374985;170830
8692;Mannen;Totaal;Niet-westerse migratieachtergrond;1994;572330;389011;183319
8693;Mannen;Totaal;Niet-westerse migratieachtergrond;1995;591080;394650;196430
8694;Mannen;Totaal;Niet-westerse migratieachtergrond;1996;611934;402707;209227
8695;Mannen;Totaal;Niet-westerse migratieachtergrond;1997;635129;412753;222376
8696;Mannen;Totaal;Niet-westerse migratieachtergrond;1998;663082;426938;236144
8697;Mannen;Totaal;Niet-westerse migratieachtergrond;1999;696656;445183;251473
8698;Mannen;Totaal;Niet-westerse migratieachtergrond;2000;727017;460188;266829
8699;Mannen;Totaal;Niet-westerse migratieachtergrond;2001;764382;481243;283139
8700;Mannen;Totaal;Niet-westerse migratieachtergrond;2002;802695;503091;299604
8701;Mannen;Totaal;Niet-westerse migratieachtergrond;2003;833687;518250;315437
8702;Mannen;Totaal;Niet-westerse migratieachtergrond;2004;853800;523511;330289
8703;Mannen;Totaal;Niet-westerse migratieachtergrond;2005;865584;521425;344159
8704;Mannen;Totaal;Niet-westerse migratieachtergrond;2006;872436;515346;357090
8705;Mannen;Totaal;Niet-westerse migratieachtergrond;2007;878644;509385;369259
8706;Mannen;Totaal;Niet-westerse migratieachtergrond;2008;891039;509421;381618
8707;Mannen;Totaal;Niet-westerse migratieachtergrond;2009;913218;518003;395215
8708;Mannen;Totaal;Niet-westerse migratieachtergrond;2010;938107;528463;409644
8709;Mannen;Totaal;Niet-westerse migratieachtergrond;2011;956574;533261;423313
8710;Mannen;Totaal;Niet-westerse migratieachtergrond;2012;974621;537831;436790
8711;Mannen;Totaal;Niet-westerse migratieachtergrond;2013;986169;537541;448628
8712;Mannen;Totaal;Niet-westerse migratieachtergrond;2014;1000935;540549;460386
8713;Mannen;Totaal;Niet-westerse migratieachtergrond;2015;1021378;549074;472304
8714;Mannen;Totaal;Niet-westerse migratieachtergrond;2016;1051969;567712;484257
8715;Mannen;Totaal;Niet-westerse migratieachtergrond;2017;1093653;596332;497321
8716;Mannen;Totaal;Niet-westerse migratieachtergrond;2018;1126266;615626;510640
8717;Mannen;Totaal;Niet-westerse migratieachtergrond;2019;1159652;635051;524601
8718;Mannen;Totaal;Niet-westerse migratieachtergrond;2020;1199679;660348;539331
8719;Mannen;Totaal;Niet-westerse migratieachtergrond;2021;1228205;673293;554912
8720;Mannen;Totaal;Niet-westerse migratieachtergrond;2022;1269176;699329;569847
8721;Mannen;Totaal;Marokko;1972;20896;20340;556
8722;Mannen;Totaal;Marokko;1973;21769;20961;808
8723;Mannen;Totaal;Marokko;1974;22852;21693;1159
8724;Mannen;Totaal;Marokko;1975;24393;22794;1599
8725;Mannen;Totaal;Marokko;1976;30276;28096;2180
8726;Mannen;Totaal;Marokko;1977;33382;30487;2895
8727;Mannen;Totaal;Marokko;1978;36482;32661;3821
8728;Mannen;Totaal;Marokko;1979;40392;35543;4849
8729;Mannen;Totaal;Marokko;1980;44784;38651;6133
8730;Mannen;Totaal;Marokko;1981;50706;43180;7526
8731;Mannen;Totaal;Marokko;1982;55636;46475;9161
8732;Mannen;Totaal;Marokko;1983;59015;48105;10910
8733;Mannen;Totaal;Marokko;1984;61609;48903;12706
8734;Mannen;Totaal;Marokko;1985;64420;49896;14524
8735;Mannen;Totaal;Marokko;1986;68385;51940;16445
8736;Mannen;Totaal;Marokko;1987;73092;54607;18485
8737;Mannen;Totaal;Marokko;1988;78258;57544;20714
8738;Mannen;Totaal;Marokko;1989;84391;61251;23140
8739;Mannen;Totaal;Marokko;1990;90903;65129;25774
8740;Mannen;Totaal;Marokko;1991;98422;69826;28596
8741;Mannen;Totaal;Marokko;1992;105523;74141;31382
8742;Mannen;Totaal;Marokko;1993;111445;77036;34409
8743;Mannen;Totaal;Marokko;1994;115990;78662;37328
8744;Mannen;Totaal;Marokko;1995;119735;79654;40081
8745;Mannen;Totaal;Marokko;1996;122701;79768;42933
8746;Mannen;Totaal;Marokko;1997;126240;80283;45957
8747;Mannen;Totaal;Marokko;1998;130624;81617;49007
8748;Mannen;Totaal;Marokko;1999;135629;83287;52342
8749;Mannen;Totaal;Marokko;2000;140163;84416;55747
8750;Mannen;Totaal;Marokko;2001;145202;85725;59477
8751;Mannen;Totaal;Marokko;2002;150601;87331;63270
8752;Mannen;Totaal;Marokko;2003;155743;88733;67010
8753;Mannen;Totaal;Marokko;2004;160781;89832;70949
8754;Mannen;Totaal;Marokko;2005;165225;90389;74836
8755;Mannen;Totaal;Marokko;2006;168555;90019;78536
8756;Mannen;Totaal;Marokko;2007;171257;89281;81976
8757;Mannen;Totaal;Marokko;2008;173742;88539;85203
8758;Mannen;Totaal;Marokko;2009;176647;88084;88563
8759;Mannen;Totaal;Marokko;2010;180226;88121;92105
8760;Mannen;Totaal;Marokko;2011;183349;88002;95347
8761;Mannen;Totaal;Marokko;2012;186815;88090;98725
8762;Mannen;Totaal;Marokko;2013;189366;87676;101690
8763;Mannen;Totaal;Marokko;2014;192355;87531;104824
8764;Mannen;Totaal;Marokko;2015;195062;87361;107701
8765;Mannen;Totaal;Marokko;2016;197360;87048;110312
8766;Mannen;Totaal;Marokko;2017;199757;86866;112891
8767;Mannen;Totaal;Marokko;2018;202213;86749;115464
8768;Mannen;Totaal;Marokko;2019;204800;87035;117765
8769;Mannen;Totaal;Marokko;2020;207662;87466;120196
8770;Mannen;Totaal;Marokko;2021;210175;87381;122794
8771;Mannen;Totaal;Marokko;2022;212467;87347;125120
8772;Mannen;Totaal;(voormalige) Nederlandse Antillen, Aruba;1972;11504;8424;3080
8773;Mannen;Totaal;(voormalige) Nederlandse Antillen, Aruba;1973;12284;8874;3410
8774;Mannen;Totaal;(voormalige) Nederlandse Antillen, Aruba;1974;13059;9380;3679
8775;Mannen;Totaal;(voormalige) Nederlandse Antillen, Aruba;1975;13949;9969;3980
8776;Mannen;Totaal;(voormalige) Nederlandse Antillen, Aruba;1976;15058;10771;4287
8777;Mannen;Totaal;(voormalige) Nederlandse Antillen, Aruba;1977;16168;11577;4591
8778;Mannen;Totaal;(voormalige) Nederlandse Antillen, Aruba;1978;17468;12535;4933
8779;Mannen;Totaal;(voormalige) Nederlandse Antillen, Aruba;1979;19051;13767;5284
8780;Mannen;Totaal;(voormalige) Nederlandse Antillen, Aruba;1980;20586;14917;5669
8781;Mannen;Totaal;(voormalige) Nederlandse Antillen, Aruba;1981;22577;16459;6118
8782;Mannen;Totaal;(voormalige) Nederlandse Antillen, Aruba;1982;23831;17291;6540
8783;Mannen;Totaal;(voormalige) Nederlandse Antillen, Aruba;1983;24774;17760;7014
8784;Mannen;Totaal;(voormalige) Nederlandse Antillen, Aruba;1984;25597;18099;7498
8785;Mannen;Totaal;(voormalige) Nederlandse Antillen, Aruba;1985;26595;18593;8002
8786;Mannen;Totaal;(voormalige) Nederlandse Antillen, Aruba;1986;28480;19964;8516
8787;Mannen;Totaal;(voormalige) Nederlandse Antillen, Aruba;1987;30665;21607;9058
8788;Mannen;Totaal;(voormalige) Nederlandse Antillen, Aruba;1988;33131;23485;9646
8789;Mannen;Totaal;(voormalige) Nederlandse Antillen, Aruba;1989;35545;25241;10304
8790;Mannen;Totaal;(voormalige) Nederlandse Antillen, Aruba;1990;37644;26631;11013
8791;Mannen;Totaal;(voormalige) Nederlandse Antillen, Aruba;1991;39654;27857;11797
8792;Mannen;Totaal;(voormalige) Nederlandse Antillen, Aruba;1992;41601;28990;12611
8793;Mannen;Totaal;(voormalige) Nederlandse Antillen, Aruba;1993;42536;29082;13454
8794;Mannen;Totaal;(voormalige) Nederlandse Antillen, Aruba;1994;42966;28681;14285
8795;Mannen;Totaal;(voormalige) Nederlandse Antillen, Aruba;1995;42729;27599;15130
8796;Mannen;Totaal;(voormalige) Nederlandse Antillen, Aruba;1996;43077;27275;15802
8797;Mannen;Totaal;(voormalige) Nederlandse Antillen, Aruba;1997;44110;27584;16526
8798;Mannen;Totaal;(voormalige) Nederlandse Antillen, Aruba;1998;45844;28521;17323
8799;Mannen;Totaal;(voormalige) Nederlandse Antillen, Aruba;1999;49211;30922;18289
8800;Mannen;Totaal;(voormalige) Nederlandse Antillen, Aruba;2000;53067;33776;19291
8801;Mannen;Totaal;(voormalige) Nederlandse Antillen, Aruba;2001;57837;37391;20446
8802;Mannen;Totaal;(voormalige) Nederlandse Antillen, Aruba;2002;61698;39979;21719
8803;Mannen;Totaal;(voormalige) Nederlandse Antillen, Aruba;2003;63789;40972;22817
8804;Mannen;Totaal;(voormalige) Nederlandse Antillen, Aruba;2004;64496;40807;23689
8805;Mannen;Totaal;(voormalige) Nederlandse Antillen, Aruba;2005;64565;40120;24445
8806;Mannen;Totaal;(voormalige) Nederlandse Antillen, Aruba;2006;64223;39100;25123
8807;Mannen;Totaal;(voormalige) Nederlandse Antillen, Aruba;2007;64399;38535;25864
8808;Mannen;Totaal;(voormalige) Nederlandse Antillen, Aruba;2008;65398;38643;26755
8809;Mannen;Totaal;(voormalige) Nederlandse Antillen, Aruba;2009;66927;39122;27805
8810;Mannen;Totaal;(voormalige) Nederlandse Antillen, Aruba;2010;68872;39916;28956
8811;Mannen;Totaal;(voormalige) Nederlandse Antillen, Aruba;2011;70374;40286;30088
8812;Mannen;Totaal;(voormalige) Nederlandse Antillen, Aruba;2012;71779;40700;31079
8813;Mannen;Totaal;(voormalige) Nederlandse Antillen, Aruba;2013;72524;40605;31919
8814;Mannen;Totaal;(voormalige) Nederlandse Antillen, Aruba;2014;73307;40482;32825
8815;Mannen;Totaal;(voormalige) Nederlandse Antillen, Aruba;2015;74546;40708;33838
8816;Mannen;Totaal;(voormalige) Nederlandse Antillen, Aruba;2016;75701;40902;34799
8817;Mannen;Totaal;(voormalige) Nederlandse Antillen, Aruba;2017;76997;41171;35826
8818;Mannen;Totaal;(voormalige) Nederlandse Antillen, Aruba;2018;78779;41934;36845
8819;Mannen;Totaal;(voormalige) Nederlandse Antillen, Aruba;2019;80752;42798;37954
8820;Mannen;Totaal;(voormalige) Nederlandse Antillen, Aruba;2020;83246;44059;39187
8821;Mannen;Totaal;(voormalige) Nederlandse Antillen, Aruba;2021;85900;45386;40514
8822;Mannen;Totaal;(voormalige) Nederlandse Antillen, Aruba;2022;88723;46952;41771
8823;Mannen;Totaal;Suriname;1972;27123;19767;7356
8824;Mannen;Totaal;Suriname;1973;30697;22675;8022
8825;Mannen;Totaal;Suriname;1974;35553;26897;8656
8826;Mannen;Totaal;Suriname;1975;43861;34461;9400
8827;Mannen;Totaal;Suriname;1976;62128;51748;10380
8828;Mannen;Totaal;Suriname;1977;63562;51932;11630
8829;Mannen;Totaal;Suriname;1978;65408;52564;12844
8830;Mannen;Totaal;Suriname;1979;68980;54845;14135
8831;Mannen;Totaal;Suriname;1980;78424;62820;15604
8832;Mannen;Totaal;Suriname;1981;87967;70515;17452
8833;Mannen;Totaal;Suriname;1982;90092;70689;19403
8834;Mannen;Totaal;Suriname;1983;91815;70416;21399
8835;Mannen;Totaal;Suriname;1984;94768;71317;23451
8836;Mannen;Totaal;Suriname;1985;97481;71745;25736
8837;Mannen;Totaal;Suriname;1986;100809;72774;28035
8838;Mannen;Totaal;Suriname;1987;104328;73935;30393
8839;Mannen;Totaal;Suriname;1988;108067;75404;32663
8840;Mannen;Totaal;Suriname;1989;110868;75792;35076
8841;Mannen;Totaal;Suriname;1990;113929;76576;37353
8842;Mannen;Totaal;Suriname;1991;118439;78684;39755
8843;Mannen;Totaal;Suriname;1992;122678;80512;42166
8844;Mannen;Totaal;Suriname;1993;126920;82391;44529
8845;Mannen;Totaal;Suriname;1994;131421;84591;46830
8846;Mannen;Totaal;Suriname;1995;133770;84739;49031
8847;Mannen;Totaal;Suriname;1996;135843;84503;51340
8848;Mannen;Totaal;Suriname;1997;137804;84354;53450
8849;Mannen;Totaal;Suriname;1998;139950;84308;55642
8850;Mannen;Totaal;Suriname;1999;142915;84927;57988
8851;Mannen;Totaal;Suriname;2000;145354;85023;60331
8852;Mannen;Totaal;Suriname;2001;148191;85440;62751
8853;Mannen;Totaal;Suriname;2002;151174;85912;65262
8854;Mannen;Totaal;Suriname;2003;153589;86060;67529
8855;Mannen;Totaal;Suriname;2004;155569;86066;69503
8856;Mannen;Totaal;Suriname;2005;157394;86013;71381
8857;Mannen;Totaal;Suriname;2006;158385;85307;73078
8858;Mannen;Totaal;Suriname;2007;158906;84275;74631
8859;Mannen;Totaal;Suriname;2008;159801;83678;76123
8860;Mannen;Totaal;Suriname;2009;161100;83377;77723
8861;Mannen;Totaal;Suriname;2010;162885;83359;79526
8862;Mannen;Totaal;Suriname;2011;163874;82828;81046
8863;Mannen;Totaal;Suriname;2012;164875;82439;82436
8864;Mannen;Totaal;Suriname;2013;165084;81607;83477
8865;Mannen;Totaal;Suriname;2014;165354;80766;84588
8866;Mannen;Totaal;Suriname;2015;165438;79881;85557
8867;Mannen;Totaal;Suriname;2016;165685;79140;86545
8868;Mannen;Totaal;Suriname;2017;166011;78594;87417
8869;Mannen;Totaal;Suriname;2018;166827;78365;88462
8870;Mannen;Totaal;Suriname;2019;167775;78290;89485
8871;Mannen;Totaal;Suriname;2020;168933;78395;90538
8872;Mannen;Totaal;Suriname;2021;169882;78121;91761
8873;Mannen;Totaal;Suriname;2022;170709;77862;92847
8874;Mannen;Totaal;Turkije;1972;25426;23923;1503
8875;Mannen;Totaal;Turkije;1973;27405;25278;2127
8876;Mannen;Totaal;Turkije;1974;31619;28777;2842
8877;Mannen;Totaal;Turkije;1975;36316;32603;3713
8878;Mannen;Totaal;Turkije;1976;43603;38882;4721
8879;Mannen;Totaal;Turkije;1977;47532;41696;5836
8880;Mannen;Totaal;Turkije;1978;51619;44429;7190
8881;Mannen;Totaal;Turkije;1979;56918;48118;8800
8882;Mannen;Totaal;Turkije;1980;64253;53655;10598
8883;Mannen;Totaal;Turkije;1981;73965;61279;12686
8884;Mannen;Totaal;Turkije;1982;78995;64025;14970
8885;Mannen;Totaal;Turkije;1983;81504;64409;17095
8886;Mannen;Totaal;Turkije;1984;82912;63739;19173
8887;Mannen;Totaal;Turkije;1985;84525;63275;21250
8888;Mannen;Totaal;Turkije;1986;87884;64556;23328
8889;Mannen;Totaal;Turkije;1987;92697;67179;25518
8890;Mannen;Totaal;Turkije;1988;97739;69732;28007
8891;Mannen;Totaal;Turkije;1989;103661;72791;30870
8892;Mannen;Totaal;Turkije;1990;110514;76486;34028
8893;Mannen;Totaal;Turkije;1991;119356;82007;37349
8894;Mannen;Totaal;Turkije;1992;128308;87475;40833
8895;Mannen;Totaal;Turkije;1993;133427;89086;44341
8896;Mannen;Totaal;Turkije;1994;138005;90350;47655
8897;Mannen;Totaal;Turkije;1995;141188;90436;50752
8898;Mannen;Totaal;Turkije;1996;144719;90699;54020
8899;Mannen;Totaal;Turkije;1997;147926;90597;57329
8900;Mannen;Totaal;Turkije;1998;152429;91644;60785
8901;Mannen;Totaal;Turkije;1999;156839;92409;64430
8902;Mannen;Totaal;Turkije;2000;161054;93237;67817
8903;Mannen;Totaal;Turkije;2001;166518;95192;71326
8904;Mannen;Totaal;Turkije;2002;172200;97413;74787
8905;Mannen;Totaal;Turkije;2003;177650;99536;78114
8906;Mannen;Totaal;Turkije;2004;182874;101670;81204
8907;Mannen;Totaal;Turkije;2005;186153;101952;84201
8908;Mannen;Totaal;Turkije;2006;188594;101583;87011
8909;Mannen;Totaal;Turkije;2007;190421;100911;89510
8910;Mannen;Totaal;Turkije;2008;192448;100434;92014
8911;Mannen;Totaal;Turkije;2009;195478;100948;94530
8912;Mannen;Totaal;Turkije;2010;198430;101494;96936
8913;Mannen;Totaal;Turkije;2011;201070;101870;99200
8914;Mannen;Totaal;Turkije;2012;203156;101863;101293
8915;Mannen;Totaal;Turkije;2013;204133;101096;103037
8916;Mannen;Totaal;Turkije;2014;204427;100030;104397
8917;Mannen;Totaal;Turkije;2015;204333;98536;105797
8918;Mannen;Totaal;Turkije;2016;204700;97430;107270
8919;Mannen;Totaal;Turkije;2017;206072;97048;109024
8920;Mannen;Totaal;Turkije;2018;208112;97565;110547
8921;Mannen;Totaal;Turkije;2019;211077;98734;112343
8922;Mannen;Totaal;Turkije;2020;214673;100726;113947
8923;Mannen;Totaal;Turkije;2021;217389;101711;115678
8924;Mannen;Totaal;Turkije;2022;221580;104313;117267
8925;Mannen;Totaal;Overige niet-westerse migratieachterg...;1972;21802;17005;4797
8926;Mannen;Totaal;Overige niet-westerse migratieachterg...;1973;23807;18619;5188
8927;Mannen;Totaal;Overige niet-westerse migratieachterg...;1974;26131;20557;5574
8928;Mannen;Totaal;Overige niet-westerse migratieachterg...;1975;28919;22858;6061
8929;Mannen;Totaal;Overige niet-westerse migratieachterg...;1976;34996;28447;6549
8930;Mannen;Totaal;Overige niet-westerse migratieachterg...;1977;38534;31401;7133
8931;Mannen;Totaal;Overige niet-westerse migratieachterg...;1978;42142;34278;7864
8932;Mannen;Totaal;Overige niet-westerse migratieachterg...;1979;46571;37781;8790
8933;Mannen;Totaal;Overige niet-westerse migratieachterg...;1980;52766;42899;9867
8934;Mannen;Totaal;Overige niet-westerse migratieachterg...;1981;59490;48399;11091
8935;Mannen;Totaal;Overige niet-westerse migratieachterg...;1982;64520;52065;12455
8936;Mannen;Totaal;Overige niet-westerse migratieachterg...;1983;68241;54433;13808
8937;Mannen;Totaal;Overige niet-westerse migratieachterg...;1984;71601;56335;15266
8938;Mannen;Totaal;Overige niet-westerse migratieachterg...;1985;75656;58835;16821
8939;Mannen;Totaal;Overige niet-westerse migratieachterg...;1986;79566;61087;18479
8940;Mannen;Totaal;Overige niet-westerse migratieachterg...;1987;83029;62741;20288
8941;Mannen;Totaal;Overige niet-westerse migratieachterg...;1988;91801;69608;22193
8942;Mannen;Totaal;Overige niet-westerse migratieachterg...;1989;96364;72120;24244
8943;Mannen;Totaal;Overige niet-westerse migratieachterg...;1990;101916;75527;26389
8944;Mannen;Totaal;Overige niet-westerse migratieachterg...;1991;112316;83575;28741
8945;Mannen;Totaal;Overige niet-westerse migratieachterg...;1992;122137;90899;31238
8946;Mannen;Totaal;Overige niet-westerse migratieachterg...;1993;131487;97390;34097
8947;Mannen;Totaal;Overige niet-westerse migratieachterg...;1994;143948;106727;37221
8948;Mannen;Totaal;Overige niet-westerse migratieachterg...;1995;153658;112222;41436
8949;Mannen;Totaal;Overige niet-westerse migratieachterg...;1996;165594;120462;45132
8950;Mannen;Totaal;Overige niet-westerse migratieachterg...;1997;179049;129935;49114
8951;Mannen;Totaal;Overige niet-westerse migratieachterg...;1998;194235;140848;53387
8952;Mannen;Totaal;Overige niet-westerse migratieachterg...;1999;212062;153638;58424
8953;Mannen;Totaal;Overige niet-westerse migratieachterg...;2000;227379;163736;63643
8954;Mannen;Totaal;Overige niet-westerse migratieachterg...;2001;246634;177495;69139
8955;Mannen;Totaal;Overige niet-westerse migratieachterg...;2002;267022;192456;74566
8956;Mannen;Totaal;Overige niet-westerse migratieachterg...;2003;282916;202949;79967
8957;Mannen;Totaal;Overige niet-westerse migratieachterg...;2004;290080;205136;84944
8958;Mannen;Totaal;Overige niet-westerse migratieachterg...;2005;292247;202951;89296
8959;Mannen;Totaal;Overige niet-westerse migratieachterg...;2006;292679;199337;93342
8960;Mannen;Totaal;Overige niet-westerse migratieachterg...;2007;293661;196383;97278
8961;Mannen;Totaal;Overige niet-westerse migratieachterg...;2008;299650;198127;101523
8962;Mannen;Totaal;Overige niet-westerse migratieachterg...;2009;313066;206472;106594
8963;Mannen;Totaal;Overige niet-westerse migratieachterg...;2010;327694;215573;112121
8964;Mannen;Totaal;Overige niet-westerse migratieachterg...;2011;337907;220275;117632
8965;Mannen;Totaal;Overige niet-westerse migratieachterg...;2012;347996;224739;123257
8966;Mannen;Totaal;Overige niet-westerse migratieachterg...;2013;355062;226557;128505
8967;Mannen;Totaal;Overige niet-westerse migratieachterg...;2014;365492;231740;133752
8968;Mannen;Totaal;Overige niet-westerse migratieachterg...;2015;381999;242588;139411
8969;Mannen;Totaal;Overige niet-westerse migratieachterg...;2016;408523;263192;145331
8970;Mannen;Totaal;Overige niet-westerse migratieachterg...;2017;444816;292653;152163
8971;Mannen;Totaal;Overige niet-westerse migratieachterg...;2018;470335;311013;159322
8972;Mannen;Totaal;Overige niet-westerse migratieachterg...;2019;495248;328194;167054
8973;Mannen;Totaal;Overige niet-westerse migratieachterg...;2020;525165;349702;175463
8974;Mannen;Totaal;Overige niet-westerse migratieachterg...;2021;544859;360694;184165
8975;Mannen;Totaal;Overige niet-westerse migratieachterg...;2022;575697;382855;192842
8976;Mannen;0 tot 5 jaar;Met migratieachtergrond;1972;57795;10992;46803
8977;Mannen;0 tot 5 jaar;Met migratieachtergrond;1973;58843;11581;47262
8978;Mannen;0 tot 5 jaar;Met migratieachtergrond;1974;58949;12082;46867
8979;Mannen;0 tot 5 jaar;Met migratieachtergrond;1975;58524;12621;45903
8980;Mannen;0 tot 5 jaar;Met migratieachtergrond;1976;60189;14807;45382
8981;Mannen;0 tot 5 jaar;Met migratieachtergrond;1977;60027;14175;45852
8982;Mannen;0 tot 5 jaar;Met migratieachtergrond;1978;60243;13431;46812
8983;Mannen;0 tot 5 jaar;Met migratieachtergrond;1979;62431;13127;49304
8984;Mannen;0 tot 5 jaar;Met migratieachtergrond;1980;65763;13483;52280
8985;Mannen;0 tot 5 jaar;Met migratieachtergrond;1981;70488;14183;56305
8986;Mannen;0 tot 5 jaar;Met migratieachtergrond;1982;73507;13241;60266
8987;Mannen;0 tot 5 jaar;Met migratieachtergrond;1983;74644;11405;63239
8988;Mannen;0 tot 5 jaar;Met migratieachtergrond;1984;75181;9556;65625
8989;Mannen;0 tot 5 jaar;Met migratieachtergrond;1985;75898;8163;67735
8990;Mannen;0 tot 5 jaar;Met migratieachtergrond;1986;77004;8214;68790
8991;Mannen;0 tot 5 jaar;Met migratieachtergrond;1987;78733;8797;69936
8992;Mannen;0 tot 5 jaar;Met migratieachtergrond;1988;80836;9366;71470
8993;Mannen;0 tot 5 jaar;Met migratieachtergrond;1989;83262;9489;73773
8994;Mannen;0 tot 5 jaar;Met migratieachtergrond;1990;86111;9480;76631
8995;Mannen;0 tot 5 jaar;Met migratieachtergrond;1991;90113;9941;80172
8996;Mannen;0 tot 5 jaar;Met migratieachtergrond;1992;93462;10067;83395
8997;Mannen;0 tot 5 jaar;Met migratieachtergrond;1993;96544;9973;86571
8998;Mannen;0 tot 5 jaar;Met migratieachtergrond;1994;99439;10259;89180
8999;Mannen;0 tot 5 jaar;Met migratieachtergrond;1995;101206;9797;91409
9000;Mannen;0 tot 5 jaar;Met migratieachtergrond;1996;100894;8247;92647
9001;Mannen;0 tot 5 jaar;Met migratieachtergrond;1997;101859;8074;93785
9002;Mannen;0 tot 5 jaar;Met migratieachtergrond;1998;103025;7779;95246
9003;Mannen;0 tot 5 jaar;Met migratieachtergrond;1999;106271;8133;98138
9004;Mannen;0 tot 5 jaar;Met migratieachtergrond;2000;109376;8575;100801
9005;Mannen;0 tot 5 jaar;Met migratieachtergrond;2001;113757;9009;104748
9006;Mannen;0 tot 5 jaar;Met migratieachtergrond;2002;117429;9042;108387
9007;Mannen;0 tot 5 jaar;Met migratieachtergrond;2003;119414;8144;111270
9008;Mannen;0 tot 5 jaar;Met migratieachtergrond;2004;119946;7241;112705
9009;Mannen;0 tot 5 jaar;Met migratieachtergrond;2005;119274;6525;112749
9010;Mannen;0 tot 5 jaar;Met migratieachtergrond;2006;117489;5971;111518
9011;Mannen;0 tot 5 jaar;Met migratieachtergrond;2007;115581;5922;109659
9012;Mannen;0 tot 5 jaar;Met migratieachtergrond;2008;114255;6220;108035
9013;Mannen;0 tot 5 jaar;Met migratieachtergrond;2009;114728;7169;107559
9014;Mannen;0 tot 5 jaar;Met migratieachtergrond;2010;115359;7734;107625
9015;Mannen;0 tot 5 jaar;Met migratieachtergrond;2011;116347;8267;108080
9016;Mannen;0 tot 5 jaar;Met migratieachtergrond;2012;117244;8701;108543
9017;Mannen;0 tot 5 jaar;Met migratieachtergrond;2013;117167;8598;108569
9018;Mannen;0 tot 5 jaar;Met migratieachtergrond;2014;116005;8647;107358
9019;Mannen;0 tot 5 jaar;Met migratieachtergrond;2015;116159;9116;107043
9020;Mannen;0 tot 5 jaar;Met migratieachtergrond;2016;116783;10527;106256
9021;Mannen;0 tot 5 jaar;Met migratieachtergrond;2017;118533;11980;106553
9022;Mannen;0 tot 5 jaar;Met migratieachtergrond;2018;119821;12800;107021
9023;Mannen;0 tot 5 jaar;Met migratieachtergrond;2019;121237;13020;108217
9024;Mannen;0 tot 5 jaar;Met migratieachtergrond;2020;122622;13086;109536
9025;Mannen;0 tot 5 jaar;Met migratieachtergrond;2021;122500;11641;110859
9026;Mannen;0 tot 5 jaar;Met migratieachtergrond;2022;123665;11879;111786
9027;Mannen;0 tot 5 jaar;Westerse migratieachtergrond;1972;47872;9089;38783
9028;Mannen;0 tot 5 jaar;Westerse migratieachtergrond;1973;47146;9079;38067
9029;Mannen;0 tot 5 jaar;Westerse migratieachtergrond;1974;45143;8575;36568
9030;Mannen;0 tot 5 jaar;Westerse migratieachtergrond;1975;42092;7775;34317
9031;Mannen;0 tot 5 jaar;Westerse migratieachtergrond;1976;39722;7461;32261
9032;Mannen;0 tot 5 jaar;Westerse migratieachtergrond;1977;38106;7240;30866
9033;Mannen;0 tot 5 jaar;Westerse migratieachtergrond;1978;36494;7042;29452
9034;Mannen;0 tot 5 jaar;Westerse migratieachtergrond;1979;35980;6955;29025
9035;Mannen;0 tot 5 jaar;Westerse migratieachtergrond;1980;35336;6586;28750
9036;Mannen;0 tot 5 jaar;Westerse migratieachtergrond;1981;35080;6054;29026
9037;Mannen;0 tot 5 jaar;Westerse migratieachtergrond;1982;35041;5868;29173
9038;Mannen;0 tot 5 jaar;Westerse migratieachtergrond;1983;34324;5460;28864
9039;Mannen;0 tot 5 jaar;Westerse migratieachtergrond;1984;33592;5110;28482
9040;Mannen;0 tot 5 jaar;Westerse migratieachtergrond;1985;32915;4698;28217
9041;Mannen;0 tot 5 jaar;Westerse migratieachtergrond;1986;32371;4690;27681
9042;Mannen;0 tot 5 jaar;Westerse migratieachtergrond;1987;32329;4865;27464
9043;Mannen;0 tot 5 jaar;Westerse migratieachtergrond;1988;31820;4630;27190
9044;Mannen;0 tot 5 jaar;Westerse migratieachtergrond;1989;31377;4483;26894
9045;Mannen;0 tot 5 jaar;Westerse migratieachtergrond;1990;31481;4452;27029
9046;Mannen;0 tot 5 jaar;Westerse migratieachtergrond;1991;31887;4590;27297
9047;Mannen;0 tot 5 jaar;Westerse migratieachtergrond;1992;32053;4649;27404
9048;Mannen;0 tot 5 jaar;Westerse migratieachtergrond;1993;32218;4836;27382
9049;Mannen;0 tot 5 jaar;Westerse migratieachtergrond;1994;32952;5124;27828
9050;Mannen;0 tot 5 jaar;Westerse migratieachtergrond;1995;31891;5151;26740
9051;Mannen;0 tot 5 jaar;Westerse migratieachtergrond;1996;30826;4028;26798
9052;Mannen;0 tot 5 jaar;Westerse migratieachtergrond;1997;30532;3816;26716
9053;Mannen;0 tot 5 jaar;Westerse migratieachtergrond;1998;30338;3577;26761
9054;Mannen;0 tot 5 jaar;Westerse migratieachtergrond;1999;30579;3610;26969
9055;Mannen;0 tot 5 jaar;Westerse migratieachtergrond;2000;31250;3825;27425
9056;Mannen;0 tot 5 jaar;Westerse migratieachtergrond;2001;32130;4104;28026
9057;Mannen;0 tot 5 jaar;Westerse migratieachtergrond;2002;32729;4189;28540
9058;Mannen;0 tot 5 jaar;Westerse migratieachtergrond;2003;32960;3853;29107
9059;Mannen;0 tot 5 jaar;Westerse migratieachtergrond;2004;32916;3550;29366
9060;Mannen;0 tot 5 jaar;Westerse migratieachtergrond;2005;32683;3403;29280
9061;Mannen;0 tot 5 jaar;Westerse migratieachtergrond;2006;32294;3326;28968
9062;Mannen;0 tot 5 jaar;Westerse migratieachtergrond;2007;32183;3476;28707
9063;Mannen;0 tot 5 jaar;Westerse migratieachtergrond;2008;32294;3778;28516
9064;Mannen;0 tot 5 jaar;Westerse migratieachtergrond;2009;33272;4448;28824
9065;Mannen;0 tot 5 jaar;Westerse migratieachtergrond;2010;34295;4714;29581
9066;Mannen;0 tot 5 jaar;Westerse migratieachtergrond;2011;35612;5108;30504
9067;Mannen;0 tot 5 jaar;Westerse migratieachtergrond;2012;36775;5467;31308
9068;Mannen;0 tot 5 jaar;Westerse migratieachtergrond;2013;37665;5600;32065
9069;Mannen;0 tot 5 jaar;Westerse migratieachtergrond;2014;38081;5591;32490
9070;Mannen;0 tot 5 jaar;Westerse migratieachtergrond;2015;38691;5627;33064
9071;Mannen;0 tot 5 jaar;Westerse migratieachtergrond;2016;39147;5700;33447
9072;Mannen;0 tot 5 jaar;Westerse migratieachtergrond;2017;39978;5830;34148
9073;Mannen;0 tot 5 jaar;Westerse migratieachtergrond;2018;40763;5912;34851
9074;Mannen;0 tot 5 jaar;Westerse migratieachtergrond;2019;41735;6238;35497
9075;Mannen;0 tot 5 jaar;Westerse migratieachtergrond;2020;42625;6430;36195
9076;Mannen;0 tot 5 jaar;Westerse migratieachtergrond;2021;42965;6159;36806
9077;Mannen;0 tot 5 jaar;Westerse migratieachtergrond;2022;43747;6005;37742
9078;Mannen;0 tot 5 jaar;Niet-westerse migratieachtergrond;1972;9923;1903;8020
9079;Mannen;0 tot 5 jaar;Niet-westerse migratieachtergrond;1973;11697;2502;9195
9080;Mannen;0 tot 5 jaar;Niet-westerse migratieachtergrond;1974;13806;3507;10299
9081;Mannen;0 tot 5 jaar;Niet-westerse migratieachtergrond;1975;16432;4846;11586
9082;Mannen;0 tot 5 jaar;Niet-westerse migratieachtergrond;1976;20467;7346;13121
9083;Mannen;0 tot 5 jaar;Niet-westerse migratieachtergrond;1977;21921;6935;14986
9084;Mannen;0 tot 5 jaar;Niet-westerse migratieachtergrond;1978;23749;6389;17360
9085;Mannen;0 tot 5 jaar;Niet-westerse migratieachtergrond;1979;26451;6172;20279
9086;Mannen;0 tot 5 jaar;Niet-westerse migratieachtergrond;1980;30427;6897;23530
9087;Mannen;0 tot 5 jaar;Niet-westerse migratieachtergrond;1981;35408;8129;27279
9088;Mannen;0 tot 5 jaar;Niet-westerse migratieachtergrond;1982;38466;7373;31093
9089;Mannen;0 tot 5 jaar;Niet-westerse migratieachtergrond;1983;40320;5945;34375
9090;Mannen;0 tot 5 jaar;Niet-westerse migratieachtergrond;1984;41589;4446;37143
9091;Mannen;0 tot 5 jaar;Niet-westerse migratieachtergrond;1985;42983;3465;39518
9092;Mannen;0 tot 5 jaar;Niet-westerse migratieachtergrond;1986;44633;3524;41109
9093;Mannen;0 tot 5 jaar;Niet-westerse migratieachtergrond;1987;46404;3932;42472
9094;Mannen;0 tot 5 jaar;Niet-westerse migratieachtergrond;1988;49016;4736;44280
9095;Mannen;0 tot 5 jaar;Niet-westerse migratieachtergrond;1989;51885;5006;46879
9096;Mannen;0 tot 5 jaar;Niet-westerse migratieachtergrond;1990;54630;5028;49602
9097;Mannen;0 tot 5 jaar;Niet-westerse migratieachtergrond;1991;58226;5351;52875
9098;Mannen;0 tot 5 jaar;Niet-westerse migratieachtergrond;1992;61409;5418;55991
9099;Mannen;0 tot 5 jaar;Niet-westerse migratieachtergrond;1993;64326;5137;59189
9100;Mannen;0 tot 5 jaar;Niet-westerse migratieachtergrond;1994;66487;5135;61352
9101;Mannen;0 tot 5 jaar;Niet-westerse migratieachtergrond;1995;69315;4646;64669
9102;Mannen;0 tot 5 jaar;Niet-westerse migratieachtergrond;1996;70068;4219;65849
9103;Mannen;0 tot 5 jaar;Niet-westerse migratieachtergrond;1997;71327;4258;67069
9104;Mannen;0 tot 5 jaar;Niet-westerse migratieachtergrond;1998;72687;4202;68485
9105;Mannen;0 tot 5 jaar;Niet-westerse migratieachtergrond;1999;75692;4523;71169
9106;Mannen;0 tot 5 jaar;Niet-westerse migratieachtergrond;2000;78126;4750;73376
9107;Mannen;0 tot 5 jaar;Niet-westerse migratieachtergrond;2001;81627;4905;76722
9108;Mannen;0 tot 5 jaar;Niet-westerse migratieachtergrond;2002;84700;4853;79847
9109;Mannen;0 tot 5 jaar;Niet-westerse migratieachtergrond;2003;86454;4291;82163
9110;Mannen;0 tot 5 jaar;Niet-westerse migratieachtergrond;2004;87030;3691;83339
9111;Mannen;0 tot 5 jaar;Niet-westerse migratieachtergrond;2005;86591;3122;83469
9112;Mannen;0 tot 5 jaar;Niet-westerse migratieachtergrond;2006;85195;2645;82550
9113;Mannen;0 tot 5 jaar;Niet-westerse migratieachtergrond;2007;83398;2446;80952
9114;Mannen;0 tot 5 jaar;Niet-westerse migratieachtergrond;2008;81961;2442;79519
9115;Mannen;0 tot 5 jaar;Niet-westerse migratieachtergrond;2009;81456;2721;78735
9116;Mannen;0 tot 5 jaar;Niet-westerse migratieachtergrond;2010;81064;3020;78044
9117;Mannen;0 tot 5 jaar;Niet-westerse migratieachtergrond;2011;80735;3159;77576
9118;Mannen;0 tot 5 jaar;Niet-westerse migratieachtergrond;2012;80469;3234;77235
9119;Mannen;0 tot 5 jaar;Niet-westerse migratieachtergrond;2013;79502;2998;76504
9120;Mannen;0 tot 5 jaar;Niet-westerse migratieachtergrond;2014;77924;3056;74868
9121;Mannen;0 tot 5 jaar;Niet-westerse migratieachtergrond;2015;77468;3489;73979
9122;Mannen;0 tot 5 jaar;Niet-westerse migratieachtergrond;2016;77636;4827;72809
9123;Mannen;0 tot 5 jaar;Niet-westerse migratieachtergrond;2017;78555;6150;72405
9124;Mannen;0 tot 5 jaar;Niet-westerse migratieachtergrond;2018;79058;6888;72170
9125;Mannen;0 tot 5 jaar;Niet-westerse migratieachtergrond;2019;79502;6782;72720
9126;Mannen;0 tot 5 jaar;Niet-westerse migratieachtergrond;2020;79997;6656;73341
9127;Mannen;0 tot 5 jaar;Niet-westerse migratieachtergrond;2021;79535;5482;74053
9128;Mannen;0 tot 5 jaar;Niet-westerse migratieachtergrond;2022;79918;5874;74044
9129;Mannen;0 tot 5 jaar;Marokko;1972;518;30;488
9130;Mannen;0 tot 5 jaar;Marokko;1973;840;152;688
9131;Mannen;0 tot 5 jaar;Marokko;1974;1252;284;968
9132;Mannen;0 tot 5 jaar;Marokko;1975;1710;405;1305
9133;Mannen;0 tot 5 jaar;Marokko;1976;2295;532;1763
9134;Mannen;0 tot 5 jaar;Marokko;1977;2958;666;2292
9135;Mannen;0 tot 5 jaar;Marokko;1978;3792;818;2974
9136;Mannen;0 tot 5 jaar;Marokko;1979;4666;1004;3662
9137;Mannen;0 tot 5 jaar;Marokko;1980;5659;1139;4520
9138;Mannen;0 tot 5 jaar;Marokko;1981;6747;1395;5352
9139;Mannen;0 tot 5 jaar;Marokko;1982;7714;1417;6297
9140;Mannen;0 tot 5 jaar;Marokko;1983;8404;1252;7152
9141;Mannen;0 tot 5 jaar;Marokko;1984;8931;987;7944
9142;Mannen;0 tot 5 jaar;Marokko;1985;9323;810;8513
9143;Mannen;0 tot 5 jaar;Marokko;1986;9935;867;9068
9144;Mannen;0 tot 5 jaar;Marokko;1987;10459;964;9495
9145;Mannen;0 tot 5 jaar;Marokko;1988;11008;1020;9988
9146;Mannen;0 tot 5 jaar;Marokko;1989;11676;1045;10631
9147;Mannen;0 tot 5 jaar;Marokko;1990;12462;1006;11456
9148;Mannen;0 tot 5 jaar;Marokko;1991;13347;977;12370
9149;Mannen;0 tot 5 jaar;Marokko;1992;14050;920;13130
9150;Mannen;0 tot 5 jaar;Marokko;1993;14732;788;13944
9151;Mannen;0 tot 5 jaar;Marokko;1994;15160;707;14453
9152;Mannen;0 tot 5 jaar;Marokko;1995;15448;642;14806
9153;Mannen;0 tot 5 jaar;Marokko;1996;15427;555;14872
9154;Mannen;0 tot 5 jaar;Marokko;1997;15597;451;15146
9155;Mannen;0 tot 5 jaar;Marokko;1998;15670;442;15228
9156;Mannen;0 tot 5 jaar;Marokko;1999;16023;400;15623
9157;Mannen;0 tot 5 jaar;Marokko;2000;16466;422;16044
9158;Mannen;0 tot 5 jaar;Marokko;2001;17343;399;16944
9159;Mannen;0 tot 5 jaar;Marokko;2002;18088;393;17695
9160;Mannen;0 tot 5 jaar;Marokko;2003;18808;371;18437
9161;Mannen;0 tot 5 jaar;Marokko;2004;19606;357;19249
9162;Mannen;0 tot 5 jaar;Marokko;2005;20208;331;19877
9163;Mannen;0 tot 5 jaar;Marokko;2006;20432;283;20149
9164;Mannen;0 tot 5 jaar;Marokko;2007;20386;235;20151
9165;Mannen;0 tot 5 jaar;Marokko;2008;20208;186;20022
9166;Mannen;0 tot 5 jaar;Marokko;2009;19967;147;19820
9167;Mannen;0 tot 5 jaar;Marokko;2010;19617;152;19465
9168;Mannen;0 tot 5 jaar;Marokko;2011;19107;156;18951
9169;Mannen;0 tot 5 jaar;Marokko;2012;18830;160;18670
9170;Mannen;0 tot 5 jaar;Marokko;2013;18434;154;18280
9171;Mannen;0 tot 5 jaar;Marokko;2014;17726;146;17580
9172;Mannen;0 tot 5 jaar;Marokko;2015;17190;137;17053
9173;Mannen;0 tot 5 jaar;Marokko;2016;16566;129;16437
9174;Mannen;0 tot 5 jaar;Marokko;2017;15814;132;15682
9175;Mannen;0 tot 5 jaar;Marokko;2018;15084;148;14936
9176;Mannen;0 tot 5 jaar;Marokko;2019;14390;264;14126
9177;Mannen;0 tot 5 jaar;Marokko;2020;13764;318;13446
9178;Mannen;0 tot 5 jaar;Marokko;2021;13147;286;12861
9179;Mannen;0 tot 5 jaar;Marokko;2022;12492;294;12198
9180;Mannen;0 tot 5 jaar;(voormalige) Nederlandse Antillen, Aruba;1972;1986;326;1660
9181;Mannen;0 tot 5 jaar;(voormalige) Nederlandse Antillen, Aruba;1973;2035;304;1731
9182;Mannen;0 tot 5 jaar;(voormalige) Nederlandse Antillen, Aruba;1974;2017;293;1724
9183;Mannen;0 tot 5 jaar;(voormalige) Nederlandse Antillen, Aruba;1975;1987;301;1686
9184;Mannen;0 tot 5 jaar;(voormalige) Nederlandse Antillen, Aruba;1976;1940;322;1618
9185;Mannen;0 tot 5 jaar;(voormalige) Nederlandse Antillen, Aruba;1977;1900;320;1580
9186;Mannen;0 tot 5 jaar;(voormalige) Nederlandse Antillen, Aruba;1978;1925;323;1602
9187;Mannen;0 tot 5 jaar;(voormalige) Nederlandse Antillen, Aruba;1979;2042;355;1687
9188;Mannen;0 tot 5 jaar;(voormalige) Nederlandse Antillen, Aruba;1980;2156;378;1778
9189;Mannen;0 tot 5 jaar;(voormalige) Nederlandse Antillen, Aruba;1981;2357;427;1930
9190;Mannen;0 tot 5 jaar;(voormalige) Nederlandse Antillen, Aruba;1982;2473;417;2056
9191;Mannen;0 tot 5 jaar;(voormalige) Nederlandse Antillen, Aruba;1983;2601;405;2196
9192;Mannen;0 tot 5 jaar;(voormalige) Nederlandse Antillen, Aruba;1984;2692;358;2334
9193;Mannen;0 tot 5 jaar;(voormalige) Nederlandse Antillen, Aruba;1985;2791;331;2460
9194;Mannen;0 tot 5 jaar;(voormalige) Nederlandse Antillen, Aruba;1986;2969;440;2529
9195;Mannen;0 tot 5 jaar;(voormalige) Nederlandse Antillen, Aruba;1987;3218;570;2648
9196;Mannen;0 tot 5 jaar;(voormalige) Nederlandse Antillen, Aruba;1988;3483;722;2761
9197;Mannen;0 tot 5 jaar;(voormalige) Nederlandse Antillen, Aruba;1989;3740;804;2936
9198;Mannen;0 tot 5 jaar;(voormalige) Nederlandse Antillen, Aruba;1990;3988;842;3146
9199;Mannen;0 tot 5 jaar;(voormalige) Nederlandse Antillen, Aruba;1991;4234;814;3420
9200;Mannen;0 tot 5 jaar;(voormalige) Nederlandse Antillen, Aruba;1992;4540;841;3699
9201;Mannen;0 tot 5 jaar;(voormalige) Nederlandse Antillen, Aruba;1993;4660;698;3962
9202;Mannen;0 tot 5 jaar;(voormalige) Nederlandse Antillen, Aruba;1994;4728;586;4142
9203;Mannen;0 tot 5 jaar;(voormalige) Nederlandse Antillen, Aruba;1995;4757;451;4306
9204;Mannen;0 tot 5 jaar;(voormalige) Nederlandse Antillen, Aruba;1996;4682;391;4291
9205;Mannen;0 tot 5 jaar;(voormalige) Nederlandse Antillen, Aruba;1997;4632;391;4241
9206;Mannen;0 tot 5 jaar;(voormalige) Nederlandse Antillen, Aruba;1998;4621;440;4181
9207;Mannen;0 tot 5 jaar;(voormalige) Nederlandse Antillen, Aruba;1999;4884;668;4216
9208;Mannen;0 tot 5 jaar;(voormalige) Nederlandse Antillen, Aruba;2000;5197;878;4319
9209;Mannen;0 tot 5 jaar;(voormalige) Nederlandse Antillen, Aruba;2001;5580;1074;4506
9210;Mannen;0 tot 5 jaar;(voormalige) Nederlandse Antillen, Aruba;2002;5909;1043;4866
9211;Mannen;0 tot 5 jaar;(voormalige) Nederlandse Antillen, Aruba;2003;6023;839;5184
9212;Mannen;0 tot 5 jaar;(voormalige) Nederlandse Antillen, Aruba;2004;5958;608;5350
9213;Mannen;0 tot 5 jaar;(voormalige) Nederlandse Antillen, Aruba;2005;5756;413;5343
9214;Mannen;0 tot 5 jaar;(voormalige) Nederlandse Antillen, Aruba;2006;5538;262;5276
9215;Mannen;0 tot 5 jaar;(voormalige) Nederlandse Antillen, Aruba;2007;5372;209;5163
9216;Mannen;0 tot 5 jaar;(voormalige) Nederlandse Antillen, Aruba;2008;5267;195;5072
9217;Mannen;0 tot 5 jaar;(voormalige) Nederlandse Antillen, Aruba;2009;5416;226;5190
9218;Mannen;0 tot 5 jaar;(voormalige) Nederlandse Antillen, Aruba;2010;5535;263;5272
9219;Mannen;0 tot 5 jaar;(voormalige) Nederlandse Antillen, Aruba;2011;5770;294;5476
9220;Mannen;0 tot 5 jaar;(voormalige) Nederlandse Antillen, Aruba;2012;5842;302;5540
9221;Mannen;0 tot 5 jaar;(voormalige) Nederlandse Antillen, Aruba;2013;5717;275;5442
9222;Mannen;0 tot 5 jaar;(voormalige) Nederlandse Antillen, Aruba;2014;5622;249;5373
9223;Mannen;0 tot 5 jaar;(voormalige) Nederlandse Antillen, Aruba;2015;5653;224;5429
9224;Mannen;0 tot 5 jaar;(voormalige) Nederlandse Antillen, Aruba;2016;5536;230;5306
9225;Mannen;0 tot 5 jaar;(voormalige) Nederlandse Antillen, Aruba;2017;5573;255;5318
9226;Mannen;0 tot 5 jaar;(voormalige) Nederlandse Antillen, Aruba;2018;5596;267;5329
9227;Mannen;0 tot 5 jaar;(voormalige) Nederlandse Antillen, Aruba;2019;5644;328;5316
9228;Mannen;0 tot 5 jaar;(voormalige) Nederlandse Antillen, Aruba;2020;5639;387;5252
9229;Mannen;0 tot 5 jaar;(voormalige) Nederlandse Antillen, Aruba;2021;5726;410;5316
9230;Mannen;0 tot 5 jaar;(voormalige) Nederlandse Antillen, Aruba;2022;5727;418;5309
9231;Mannen;0 tot 5 jaar;Suriname;1972;3915;785;3130
9232;Mannen;0 tot 5 jaar;Suriname;1973;4180;826;3354
9233;Mannen;0 tot 5 jaar;Suriname;1974;4555;1062;3493
9234;Mannen;0 tot 5 jaar;Suriname;1975;5259;1657;3602
9235;Mannen;0 tot 5 jaar;Suriname;1976;7306;3391;3915
9236;Mannen;0 tot 5 jaar;Suriname;1977;7097;2678;4419
9237;Mannen;0 tot 5 jaar;Suriname;1978;6870;1884;4986
9238;Mannen;0 tot 5 jaar;Suriname;1979;6952;1291;5661
9239;Mannen;0 tot 5 jaar;Suriname;1980;7861;1456;6405
9240;Mannen;0 tot 5 jaar;Suriname;1981;9151;1847;7304
9241;Mannen;0 tot 5 jaar;Suriname;1982;9519;1474;8045
9242;Mannen;0 tot 5 jaar;Suriname;1983;9885;1020;8865
9243;Mannen;0 tot 5 jaar;Suriname;1984;10300;653;9647
9244;Mannen;0 tot 5 jaar;Suriname;1985;10884;388;10496
9245;Mannen;0 tot 5 jaar;Suriname;1986;11353;375;10978
9246;Mannen;0 tot 5 jaar;Suriname;1987;11817;415;11402
9247;Mannen;0 tot 5 jaar;Suriname;1988;12133;454;11679
9248;Mannen;0 tot 5 jaar;Suriname;1989;12473;418;12055
9249;Mannen;0 tot 5 jaar;Suriname;1990;12463;402;12061
9250;Mannen;0 tot 5 jaar;Suriname;1991;12678;494;12184
9251;Mannen;0 tot 5 jaar;Suriname;1992;12767;510;12257
9252;Mannen;0 tot 5 jaar;Suriname;1993;12899;531;12368
9253;Mannen;0 tot 5 jaar;Suriname;1994;12854;578;12276
9254;Mannen;0 tot 5 jaar;Suriname;1995;12703;434;12269
9255;Mannen;0 tot 5 jaar;Suriname;1996;12401;287;12114
9256;Mannen;0 tot 5 jaar;Suriname;1997;12035;221;11814
9257;Mannen;0 tot 5 jaar;Suriname;1998;11907;178;11729
9258;Mannen;0 tot 5 jaar;Suriname;1999;11942;207;11735
9259;Mannen;0 tot 5 jaar;Suriname;2000;12017;231;11786
9260;Mannen;0 tot 5 jaar;Suriname;2001;12188;250;11938
9261;Mannen;0 tot 5 jaar;Suriname;2002;12471;237;12234
9262;Mannen;0 tot 5 jaar;Suriname;2003;12447;208;12239
9263;Mannen;0 tot 5 jaar;Suriname;2004;12308;213;12095
9264;Mannen;0 tot 5 jaar;Suriname;2005;11924;180;11744
9265;Mannen;0 tot 5 jaar;Suriname;2006;11400;144;11256
9266;Mannen;0 tot 5 jaar;Suriname;2007;10767;114;10653
9267;Mannen;0 tot 5 jaar;Suriname;2008;10164;98;10066
9268;Mannen;0 tot 5 jaar;Suriname;2009;9751;92;9659
9269;Mannen;0 tot 5 jaar;Suriname;2010;9459;120;9339
9270;Mannen;0 tot 5 jaar;Suriname;2011;9134;116;9018
9271;Mannen;0 tot 5 jaar;Suriname;2012;8758;100;8658
9272;Mannen;0 tot 5 jaar;Suriname;2013;8285;89;8196
9273;Mannen;0 tot 5 jaar;Suriname;2014;7780;80;7700
9274;Mannen;0 tot 5 jaar;Suriname;2015;7215;70;7145
9275;Mannen;0 tot 5 jaar;Suriname;2016;6730;73;6657
9276;Mannen;0 tot 5 jaar;Suriname;2017;6303;87;6216
9277;Mannen;0 tot 5 jaar;Suriname;2018;6004;109;5895
9278;Mannen;0 tot 5 jaar;Suriname;2019;5652;130;5522
9279;Mannen;0 tot 5 jaar;Suriname;2020;5418;171;5247
9280;Mannen;0 tot 5 jaar;Suriname;2021;5202;144;5058
9281;Mannen;0 tot 5 jaar;Suriname;2022;5029;122;4907
9282;Mannen;0 tot 5 jaar;Turkije;1972;1752;450;1302
9283;Mannen;0 tot 5 jaar;Turkije;1973;2519;731;1788
9284;Mannen;0 tot 5 jaar;Turkije;1974;3535;1183;2352
9285;Mannen;0 tot 5 jaar;Turkije;1975;4600;1606;2994
9286;Mannen;0 tot 5 jaar;Turkije;1976;5469;1812;3657
9287;Mannen;0 tot 5 jaar;Turkije;1977;6215;1905;4310
9288;Mannen;0 tot 5 jaar;Turkije;1978;7058;1998;5060
9289;Mannen;0 tot 5 jaar;Turkije;1979;8119;2140;5979
9290;Mannen;0 tot 5 jaar;Turkije;1980;9347;2413;6934
9291;Mannen;0 tot 5 jaar;Turkije;1981;10850;2803;8047
9292;Mannen;0 tot 5 jaar;Turkije;1982;11650;2401;9249
9293;Mannen;0 tot 5 jaar;Turkije;1983;11778;1712;10066
9294;Mannen;0 tot 5 jaar;Turkije;1984;11621;1055;10566
9295;Mannen;0 tot 5 jaar;Turkije;1985;11515;625;10890
9296;Mannen;0 tot 5 jaar;Turkije;1986;11434;518;10916
9297;Mannen;0 tot 5 jaar;Turkije;1987;11497;650;10847
9298;Mannen;0 tot 5 jaar;Turkije;1988;11972;758;11214
9299;Mannen;0 tot 5 jaar;Turkije;1989;12820;812;12008
9300;Mannen;0 tot 5 jaar;Turkije;1990;13826;738;13088
9301;Mannen;0 tot 5 jaar;Turkije;1991;15057;720;14337
9302;Mannen;0 tot 5 jaar;Turkije;1992;16330;693;15637
9303;Mannen;0 tot 5 jaar;Turkije;1993;17298;625;16673
9304;Mannen;0 tot 5 jaar;Turkije;1994;17713;568;17145
9305;Mannen;0 tot 5 jaar;Turkije;1995;17981;494;17487
9306;Mannen;0 tot 5 jaar;Turkije;1996;17959;455;17504
9307;Mannen;0 tot 5 jaar;Turkije;1997;17878;448;17430
9308;Mannen;0 tot 5 jaar;Turkije;1998;17935;444;17491
9309;Mannen;0 tot 5 jaar;Turkije;1999;18210;440;17770
9310;Mannen;0 tot 5 jaar;Turkije;2000;18065;429;17636
9311;Mannen;0 tot 5 jaar;Turkije;2001;18196;402;17794
9312;Mannen;0 tot 5 jaar;Turkije;2002;18225;406;17819
9313;Mannen;0 tot 5 jaar;Turkije;2003;17992;387;17605
9314;Mannen;0 tot 5 jaar;Turkije;2004;17502;368;17134
9315;Mannen;0 tot 5 jaar;Turkije;2005;17171;320;16851
9316;Mannen;0 tot 5 jaar;Turkije;2006;16798;281;16517
9317;Mannen;0 tot 5 jaar;Turkije;2007;16247;235;16012
9318;Mannen;0 tot 5 jaar;Turkije;2008;15772;201;15571
9319;Mannen;0 tot 5 jaar;Turkije;2009;15321;217;15104
9320;Mannen;0 tot 5 jaar;Turkije;2010;14787;231;14556
9321;Mannen;0 tot 5 jaar;Turkije;2011;14230;249;13981
9322;Mannen;0 tot 5 jaar;Turkije;2012;13686;261;13425
9323;Mannen;0 tot 5 jaar;Turkije;2013;13209;238;12971
9324;Mannen;0 tot 5 jaar;Turkije;2014;12561;242;12319
9325;Mannen;0 tot 5 jaar;Turkije;2015;12264;251;12013
9326;Mannen;0 tot 5 jaar;Turkije;2016;11831;256;11575
9327;Mannen;0 tot 5 jaar;Turkije;2017;11687;423;11264
9328;Mannen;0 tot 5 jaar;Turkije;2018;11432;686;10746
9329;Mannen;0 tot 5 jaar;Turkije;2019;11365;844;10521
9330;Mannen;0 tot 5 jaar;Turkije;2020;10895;929;9966
9331;Mannen;0 tot 5 jaar;Turkije;2021;10316;835;9481
9332;Mannen;0 tot 5 jaar;Turkije;2022;9915;935;8980
9333;Mannen;0 tot 5 jaar;Overige niet-westerse migratieachterg...;1972;1752;312;1440
9334;Mannen;0 tot 5 jaar;Overige niet-westerse migratieachterg...;1973;2123;489;1634
9335;Mannen;0 tot 5 jaar;Overige niet-westerse migratieachterg...;1974;2447;685;1762
9336;Mannen;0 tot 5 jaar;Overige niet-westerse migratieachterg...;1975;2876;877;1999
9337;Mannen;0 tot 5 jaar;Overige niet-westerse migratieachterg...;1976;3457;1289;2168
9338;Mannen;0 tot 5 jaar;Overige niet-westerse migratieachterg...;1977;3751;1366;2385
9339;Mannen;0 tot 5 jaar;Overige niet-westerse migratieachterg...;1978;4104;1366;2738
9340;Mannen;0 tot 5 jaar;Overige niet-westerse migratieachterg...;1979;4672;1382;3290
9341;Mannen;0 tot 5 jaar;Overige niet-westerse migratieachterg...;1980;5404;1511;3893
9342;Mannen;0 tot 5 jaar;Overige niet-westerse migratieachterg...;1981;6303;1657;4646
9343;Mannen;0 tot 5 jaar;Overige niet-westerse migratieachterg...;1982;7110;1664;5446
9344;Mannen;0 tot 5 jaar;Overige niet-westerse migratieachterg...;1983;7652;1556;6096
9345;Mannen;0 tot 5 jaar;Overige niet-westerse migratieachterg...;1984;8045;1393;6652
9346;Mannen;0 tot 5 jaar;Overige niet-westerse migratieachterg...;1985;8470;1311;7159
9347;Mannen;0 tot 5 jaar;Overige niet-westerse migratieachterg...;1986;8942;1324;7618
9348;Mannen;0 tot 5 jaar;Overige niet-westerse migratieachterg...;1987;9413;1333;8080
9349;Mannen;0 tot 5 jaar;Overige niet-westerse migratieachterg...;1988;10420;1782;8638
9350;Mannen;0 tot 5 jaar;Overige niet-westerse migratieachterg...;1989;11176;1927;9249
9351;Mannen;0 tot 5 jaar;Overige niet-westerse migratieachterg...;1990;11891;2040;9851
9352;Mannen;0 tot 5 jaar;Overige niet-westerse migratieachterg...;1991;12910;2346;10564
9353;Mannen;0 tot 5 jaar;Overige niet-westerse migratieachterg...;1992;13722;2454;11268
9354;Mannen;0 tot 5 jaar;Overige niet-westerse migratieachterg...;1993;14737;2495;12242
9355;Mannen;0 tot 5 jaar;Overige niet-westerse migratieachterg...;1994;16032;2696;13336
9356;Mannen;0 tot 5 jaar;Overige niet-westerse migratieachterg...;1995;18426;2625;15801
9357;Mannen;0 tot 5 jaar;Overige niet-westerse migratieachterg...;1996;19599;2531;17068
9358;Mannen;0 tot 5 jaar;Overige niet-westerse migratieachterg...;1997;21185;2747;18438
9359;Mannen;0 tot 5 jaar;Overige niet-westerse migratieachterg...;1998;22554;2698;19856
9360;Mannen;0 tot 5 jaar;Overige niet-westerse migratieachterg...;1999;24633;2808;21825
9361;Mannen;0 tot 5 jaar;Overige niet-westerse migratieachterg...;2000;26381;2790;23591
9362;Mannen;0 tot 5 jaar;Overige niet-westerse migratieachterg...;2001;28320;2780;25540
9363;Mannen;0 tot 5 jaar;Overige niet-westerse migratieachterg...;2002;30007;2774;27233
9364;Mannen;0 tot 5 jaar;Overige niet-westerse migratieachterg...;2003;31184;2486;28698
9365;Mannen;0 tot 5 jaar;Overige niet-westerse migratieachterg...;2004;31656;2145;29511
9366;Mannen;0 tot 5 jaar;Overige niet-westerse migratieachterg...;2005;31532;1878;29654
9367;Mannen;0 tot 5 jaar;Overige niet-westerse migratieachterg...;2006;31027;1675;29352
9368;Mannen;0 tot 5 jaar;Overige niet-westerse migratieachterg...;2007;30626;1653;28973
9369;Mannen;0 tot 5 jaar;Overige niet-westerse migratieachterg...;2008;30550;1762;28788
9370;Mannen;0 tot 5 jaar;Overige niet-westerse migratieachterg...;2009;31001;2039;28962
9371;Mannen;0 tot 5 jaar;Overige niet-westerse migratieachterg...;2010;31666;2254;29412
9372;Mannen;0 tot 5 jaar;Overige niet-westerse migratieachterg...;2011;32494;2344;30150
9373;Mannen;0 tot 5 jaar;Overige niet-westerse migratieachterg...;2012;33353;2411;30942
9374;Mannen;0 tot 5 jaar;Overige niet-westerse migratieachterg...;2013;33857;2242;31615
9375;Mannen;0 tot 5 jaar;Overige niet-westerse migratieachterg...;2014;34235;2339;31896
9376;Mannen;0 tot 5 jaar;Overige niet-westerse migratieachterg...;2015;35146;2807;32339
9377;Mannen;0 tot 5 jaar;Overige niet-westerse migratieachterg...;2016;36973;4139;32834
9378;Mannen;0 tot 5 jaar;Overige niet-westerse migratieachterg...;2017;39178;5253;33925
9379;Mannen;0 tot 5 jaar;Overige niet-westerse migratieachterg...;2018;40942;5678;35264
9380;Mannen;0 tot 5 jaar;Overige niet-westerse migratieachterg...;2019;42451;5216;37235
9381;Mannen;0 tot 5 jaar;Overige niet-westerse migratieachterg...;2020;44281;4851;39430
9382;Mannen;0 tot 5 jaar;Overige niet-westerse migratieachterg...;2021;45144;3807;41337
9383;Mannen;0 tot 5 jaar;Overige niet-westerse migratieachterg...;2022;46755;4105;42650
9384;Mannen;5 tot 10 jaar;Met migratieachtergrond;1972;55883;13892;41991
9385;Mannen;5 tot 10 jaar;Met migratieachtergrond;1973;57192;14458;42734
9386;Mannen;5 tot 10 jaar;Met migratieachtergrond;1974;58636;15436;43200
9387;Mannen;5 tot 10 jaar;Met migratieachtergrond;1975;61151;17233;43918
9388;Mannen;5 tot 10 jaar;Met migratieachtergrond;1976;64728;20309;44419
9389;Mannen;5 tot 10 jaar;Met migratieachtergrond;1977;65952;21086;44866
9390;Mannen;5 tot 10 jaar;Met migratieachtergrond;1978;67706;22381;45325
9391;Mannen;5 tot 10 jaar;Met migratieachtergrond;1979;68353;23373;44980
9392;Mannen;5 tot 10 jaar;Met migratieachtergrond;1980;68750;24670;44080
9393;Mannen;5 tot 10 jaar;Met migratieachtergrond;1981;69459;25772;43687
9394;Mannen;5 tot 10 jaar;Met migratieachtergrond;1982;68472;24437;44035
9395;Mannen;5 tot 10 jaar;Met migratieachtergrond;1983;67402;22488;44914
9396;Mannen;5 tot 10 jaar;Met migratieachtergrond;1984;67713;20423;47290
9397;Mannen;5 tot 10 jaar;Met migratieachtergrond;1985;68468;18358;50110
9398;Mannen;5 tot 10 jaar;Met migratieachtergrond;1986;70941;16887;54054
9399;Mannen;5 tot 10 jaar;Met migratieachtergrond;1987;74305;16191;58114
9400;Mannen;5 tot 10 jaar;Met migratieachtergrond;1988;76832;15489;61343
9401;Mannen;5 tot 10 jaar;Met migratieachtergrond;1989;78368;14683;63685
9402;Mannen;5 tot 10 jaar;Met migratieachtergrond;1990;80936;14876;66060
9403;Mannen;5 tot 10 jaar;Met migratieachtergrond;1991;82894;15888;67006
9404;Mannen;5 tot 10 jaar;Met migratieachtergrond;1992;85268;17098;68170
9405;Mannen;5 tot 10 jaar;Met migratieachtergrond;1993;87695;18084;69611
9406;Mannen;5 tot 10 jaar;Met migratieachtergrond;1994;90991;19210;71781
9407;Mannen;5 tot 10 jaar;Met migratieachtergrond;1995;93731;19455;74276
9408;Mannen;5 tot 10 jaar;Met migratieachtergrond;1996;96988;19474;77514
9409;Mannen;5 tot 10 jaar;Met migratieachtergrond;1997;100275;19584;80691
9410;Mannen;5 tot 10 jaar;Met migratieachtergrond;1998;103390;19657;83733
9411;Mannen;5 tot 10 jaar;Met migratieachtergrond;1999;105605;19569;86036
9412;Mannen;5 tot 10 jaar;Met migratieachtergrond;2000;107674;19216;88458
9413;Mannen;5 tot 10 jaar;Met migratieachtergrond;2001;109048;19358;89690
9414;Mannen;5 tot 10 jaar;Met migratieachtergrond;2002;110551;19748;90803
9415;Mannen;5 tot 10 jaar;Met migratieachtergrond;2003;111266;19205;92061
9416;Mannen;5 tot 10 jaar;Met migratieachtergrond;2004;112049;18049;94000
9417;Mannen;5 tot 10 jaar;Met migratieachtergrond;2005;112362;16444;95918
9418;Mannen;5 tot 10 jaar;Met migratieachtergrond;2006;113540;14898;98642
9419;Mannen;5 tot 10 jaar;Met migratieachtergrond;2007;114185;13051;101134
9420;Mannen;5 tot 10 jaar;Met migratieachtergrond;2008;115042;11836;103206
9421;Mannen;5 tot 10 jaar;Met migratieachtergrond;2009;116104;11459;104645
9422;Mannen;5 tot 10 jaar;Met migratieachtergrond;2010;117123;11628;105495
9423;Mannen;5 tot 10 jaar;Met migratieachtergrond;2011;117253;12165;105088
9424;Mannen;5 tot 10 jaar;Met migratieachtergrond;2012;117225;13082;104143
9425;Mannen;5 tot 10 jaar;Met migratieachtergrond;2013;116960;14037;102923
9426;Mannen;5 tot 10 jaar;Met migratieachtergrond;2014;117500;15221;102279
9427;Mannen;5 tot 10 jaar;Met migratieachtergrond;2015;118385;16463;101922
9428;Mannen;5 tot 10 jaar;Met migratieachtergrond;2016;120518;18611;101907
9429;Mannen;5 tot 10 jaar;Met migratieachtergrond;2017;123227;21005;102222
9430;Mannen;5 tot 10 jaar;Met migratieachtergrond;2018;125910;23427;102483
9431;Mannen;5 tot 10 jaar;Met migratieachtergrond;2019;126892;25109;101783
9432;Mannen;5 tot 10 jaar;Met migratieachtergrond;2020;128722;26939;101783
9433;Mannen;5 tot 10 jaar;Met migratieachtergrond;2021;129100;27491;101609
9434;Mannen;5 tot 10 jaar;Met migratieachtergrond;2022;130445;28434;102011
9435;Mannen;5 tot 10 jaar;Westerse migratieachtergrond;1972;48774;10298;38476
9436;Mannen;5 tot 10 jaar;Westerse migratieachtergrond;1973;48678;10050;38628
9437;Mannen;5 tot 10 jaar;Westerse migratieachtergrond;1974;48369;9930;38439
9438;Mannen;5 tot 10 jaar;Westerse migratieachtergrond;1975;48472;10156;38316
9439;Mannen;5 tot 10 jaar;Westerse migratieachtergrond;1976;47626;9878;37748
9440;Mannen;5 tot 10 jaar;Westerse migratieachtergrond;1977;46420;9426;36994
9441;Mannen;5 tot 10 jaar;Westerse migratieachtergrond;1978;45942;9619;36323
9442;Mannen;5 tot 10 jaar;Westerse migratieachtergrond;1979;44143;9227;34916
9443;Mannen;5 tot 10 jaar;Westerse migratieachtergrond;1980;41471;8696;32775
9444;Mannen;5 tot 10 jaar;Westerse migratieachtergrond;1981;38831;7919;30912
9445;Mannen;5 tot 10 jaar;Westerse migratieachtergrond;1982;36339;6878;29461
9446;Mannen;5 tot 10 jaar;Westerse migratieachtergrond;1983;34217;6163;28054
9447;Mannen;5 tot 10 jaar;Westerse migratieachtergrond;1984;33121;5550;27571
9448;Mannen;5 tot 10 jaar;Westerse migratieachtergrond;1985;32186;4975;27211
9449;Mannen;5 tot 10 jaar;Westerse migratieachtergrond;1986;31908;4455;27453
9450;Mannen;5 tot 10 jaar;Westerse migratieachtergrond;1987;32408;4693;27715
9451;Mannen;5 tot 10 jaar;Westerse migratieachtergrond;1988;32288;4643;27645
9452;Mannen;5 tot 10 jaar;Westerse migratieachtergrond;1989;31662;4445;27217
9453;Mannen;5 tot 10 jaar;Westerse migratieachtergrond;1990;31800;4592;27208
9454;Mannen;5 tot 10 jaar;Westerse migratieachtergrond;1991;31208;4651;26557
9455;Mannen;5 tot 10 jaar;Westerse migratieachtergrond;1992;31373;5027;26346
9456;Mannen;5 tot 10 jaar;Westerse migratieachtergrond;1993;31555;5562;25993
9457;Mannen;5 tot 10 jaar;Westerse migratieachtergrond;1994;31784;6191;25593
9458;Mannen;5 tot 10 jaar;Westerse migratieachtergrond;1995;31986;6713;25273
9459;Mannen;5 tot 10 jaar;Westerse migratieachtergrond;1996;32413;7157;25256
9460;Mannen;5 tot 10 jaar;Westerse migratieachtergrond;1997;32561;7316;25245
9461;Mannen;5 tot 10 jaar;Westerse migratieachtergrond;1998;32436;7299;25137
9462;Mannen;5 tot 10 jaar;Westerse migratieachtergrond;1999;32390;7205;25185
9463;Mannen;5 tot 10 jaar;Westerse migratieachtergrond;2000;32311;7054;25257
9464;Mannen;5 tot 10 jaar;Westerse migratieachtergrond;2001;32361;7081;25280
9465;Mannen;5 tot 10 jaar;Westerse migratieachtergrond;2002;32448;7155;25293
9466;Mannen;5 tot 10 jaar;Westerse migratieachtergrond;2003;32374;7009;25365
9467;Mannen;5 tot 10 jaar;Westerse migratieachtergrond;2004;32142;6709;25433
9468;Mannen;5 tot 10 jaar;Westerse migratieachtergrond;2005;32185;6412;25773
9469;Mannen;5 tot 10 jaar;Westerse migratieachtergrond;2006;32145;6067;26078
9470;Mannen;5 tot 10 jaar;Westerse migratieachtergrond;2007;32003;5688;26315
9471;Mannen;5 tot 10 jaar;Westerse migratieachtergrond;2008;32357;5626;26731
9472;Mannen;5 tot 10 jaar;Westerse migratieachtergrond;2009;32768;5754;27014
9473;Mannen;5 tot 10 jaar;Westerse migratieachtergrond;2010;33159;6033;27126
9474;Mannen;5 tot 10 jaar;Westerse migratieachtergrond;2011;33514;6427;27087
9475;Mannen;5 tot 10 jaar;Westerse migratieachtergrond;2012;34147;7139;27008
9476;Mannen;5 tot 10 jaar;Westerse migratieachtergrond;2013;34842;7908;26934
9477;Mannen;5 tot 10 jaar;Westerse migratieachtergrond;2014;35708;8495;27213
9478;Mannen;5 tot 10 jaar;Westerse migratieachtergrond;2015;36876;9112;27764
9479;Mannen;5 tot 10 jaar;Westerse migratieachtergrond;2016;38186;9669;28517
9480;Mannen;5 tot 10 jaar;Westerse migratieachtergrond;2017;39008;9871;29137
9481;Mannen;5 tot 10 jaar;Westerse migratieachtergrond;2018;39838;10036;29802
9482;Mannen;5 tot 10 jaar;Westerse migratieachtergrond;2019;40505;10272;30233
9483;Mannen;5 tot 10 jaar;Westerse migratieachtergrond;2020;41293;10692;30601
9484;Mannen;5 tot 10 jaar;Westerse migratieachtergrond;2021;41658;10663;30995
9485;Mannen;5 tot 10 jaar;Westerse migratieachtergrond;2022;42268;10814;31454
9486;Mannen;5 tot 10 jaar;Niet-westerse migratieachtergrond;1972;7109;3594;3515
9487;Mannen;5 tot 10 jaar;Niet-westerse migratieachtergrond;1973;8514;4408;4106
9488;Mannen;5 tot 10 jaar;Niet-westerse migratieachtergrond;1974;10267;5506;4761
9489;Mannen;5 tot 10 jaar;Niet-westerse migratieachtergrond;1975;12679;7077;5602
9490;Mannen;5 tot 10 jaar;Niet-westerse migratieachtergrond;1976;17102;10431;6671
9491;Mannen;5 tot 10 jaar;Niet-westerse migratieachtergrond;1977;19532;11660;7872
9492;Mannen;5 tot 10 jaar;Niet-westerse migratieachtergrond;1978;21764;12762;9002
9493;Mannen;5 tot 10 jaar;Niet-westerse migratieachtergrond;1979;24210;14146;10064
9494;Mannen;5 tot 10 jaar;Niet-westerse migratieachtergrond;1980;27279;15974;11305
9495;Mannen;5 tot 10 jaar;Niet-westerse migratieachtergrond;1981;30628;17853;12775
9496;Mannen;5 tot 10 jaar;Niet-westerse migratieachtergrond;1982;32133;17559;14574
9497;Mannen;5 tot 10 jaar;Niet-westerse migratieachtergrond;1983;33185;16325;16860
9498;Mannen;5 tot 10 jaar;Niet-westerse migratieachtergrond;1984;34592;14873;19719
9499;Mannen;5 tot 10 jaar;Niet-westerse migratieachtergrond;1985;36282;13383;22899
9500;Mannen;5 tot 10 jaar;Niet-westerse migratieachtergrond;1986;39033;12432;26601
9501;Mannen;5 tot 10 jaar;Niet-westerse migratieachtergrond;1987;41897;11498;30399
9502;Mannen;5 tot 10 jaar;Niet-westerse migratieachtergrond;1988;44544;10846;33698
9503;Mannen;5 tot 10 jaar;Niet-westerse migratieachtergrond;1989;46706;10238;36468
9504;Mannen;5 tot 10 jaar;Niet-westerse migratieachtergrond;1990;49136;10284;38852
9505;Mannen;5 tot 10 jaar;Niet-westerse migratieachtergrond;1991;51686;11237;40449
9506;Mannen;5 tot 10 jaar;Niet-westerse migratieachtergrond;1992;53895;12071;41824
9507;Mannen;5 tot 10 jaar;Niet-westerse migratieachtergrond;1993;56140;12522;43618
9508;Mannen;5 tot 10 jaar;Niet-westerse migratieachtergrond;1994;59207;13019;46188
9509;Mannen;5 tot 10 jaar;Niet-westerse migratieachtergrond;1995;61745;12742;49003
9510;Mannen;5 tot 10 jaar;Niet-westerse migratieachtergrond;1996;64575;12317;52258
9511;Mannen;5 tot 10 jaar;Niet-westerse migratieachtergrond;1997;67714;12268;55446
9512;Mannen;5 tot 10 jaar;Niet-westerse migratieachtergrond;1998;70954;12358;58596
9513;Mannen;5 tot 10 jaar;Niet-westerse migratieachtergrond;1999;73215;12364;60851
9514;Mannen;5 tot 10 jaar;Niet-westerse migratieachtergrond;2000;75363;12162;63201
9515;Mannen;5 tot 10 jaar;Niet-westerse migratieachtergrond;2001;76687;12277;64410
9516;Mannen;5 tot 10 jaar;Niet-westerse migratieachtergrond;2002;78103;12593;65510
9517;Mannen;5 tot 10 jaar;Niet-westerse migratieachtergrond;2003;78892;12196;66696
9518;Mannen;5 tot 10 jaar;Niet-westerse migratieachtergrond;2004;79907;11340;68567
9519;Mannen;5 tot 10 jaar;Niet-westerse migratieachtergrond;2005;80177;10032;70145
9520;Mannen;5 tot 10 jaar;Niet-westerse migratieachtergrond;2006;81395;8831;72564
9521;Mannen;5 tot 10 jaar;Niet-westerse migratieachtergrond;2007;82182;7363;74819
9522;Mannen;5 tot 10 jaar;Niet-westerse migratieachtergrond;2008;82685;6210;76475
9523;Mannen;5 tot 10 jaar;Niet-westerse migratieachtergrond;2009;83336;5705;77631
9524;Mannen;5 tot 10 jaar;Niet-westerse migratieachtergrond;2010;83964;5595;78369
9525;Mannen;5 tot 10 jaar;Niet-westerse migratieachtergrond;2011;83739;5738;78001
9526;Mannen;5 tot 10 jaar;Niet-westerse migratieachtergrond;2012;83078;5943;77135
9527;Mannen;5 tot 10 jaar;Niet-westerse migratieachtergrond;2013;82118;6129;75989
9528;Mannen;5 tot 10 jaar;Niet-westerse migratieachtergrond;2014;81792;6726;75066
9529;Mannen;5 tot 10 jaar;Niet-westerse migratieachtergrond;2015;81509;7351;74158
9530;Mannen;5 tot 10 jaar;Niet-westerse migratieachtergrond;2016;82332;8942;73390
9531;Mannen;5 tot 10 jaar;Niet-westerse migratieachtergrond;2017;84219;11134;73085
9532;Mannen;5 tot 10 jaar;Niet-westerse migratieachtergrond;2018;86072;13391;72681
9533;Mannen;5 tot 10 jaar;Niet-westerse migratieachtergrond;2019;86387;14837;71550
9534;Mannen;5 tot 10 jaar;Niet-westerse migratieachtergrond;2020;87429;16247;71182
9535;Mannen;5 tot 10 jaar;Niet-westerse migratieachtergrond;2021;87442;16828;70614
9536;Mannen;5 tot 10 jaar;Niet-westerse migratieachtergrond;2022;88177;17620;70557
9537;Mannen;5 tot 10 jaar;Marokko;1972;74;15;59
9538;Mannen;5 tot 10 jaar;Marokko;1973;271;167;104
9539;Mannen;5 tot 10 jaar;Marokko;1974;523;357;166
9540;Mannen;5 tot 10 jaar;Marokko;1975;819;565;254
9541;Mannen;5 tot 10 jaar;Marokko;1976;1205;849;356
9542;Mannen;5 tot 10 jaar;Marokko;1977;1679;1181;498
9543;Mannen;5 tot 10 jaar;Marokko;1978;2272;1582;690
9544;Mannen;5 tot 10 jaar;Marokko;1979;2984;2025;959
9545;Mannen;5 tot 10 jaar;Marokko;1980;3713;2428;1285
9546;Mannen;5 tot 10 jaar;Marokko;1981;4703;2980;1723
9547;Mannen;5 tot 10 jaar;Marokko;1982;5524;3291;2233
9548;Mannen;5 tot 10 jaar;Marokko;1983;6153;3262;2891
9549;Mannen;5 tot 10 jaar;Marokko;1984;6649;3086;3563
9550;Mannen;5 tot 10 jaar;Marokko;1985;7323;2923;4400
9551;Mannen;5 tot 10 jaar;Marokko;1986;8232;3012;5220
9552;Mannen;5 tot 10 jaar;Marokko;1987;9201;3046;6155
9553;Mannen;5 tot 10 jaar;Marokko;1988;10050;3041;7009
9554;Mannen;5 tot 10 jaar;Marokko;1989;10794;2996;7798
9555;Mannen;5 tot 10 jaar;Marokko;1990;11289;2921;8368
9556;Mannen;5 tot 10 jaar;Marokko;1991;11801;2881;8920
9557;Mannen;5 tot 10 jaar;Marokko;1992;12117;2769;9348
9558;Mannen;5 tot 10 jaar;Marokko;1993;12548;2713;9835
9559;Mannen;5 tot 10 jaar;Marokko;1994;13040;2566;10474
9560;Mannen;5 tot 10 jaar;Marokko;1995;13560;2245;11315
9561;Mannen;5 tot 10 jaar;Marokko;1996;14093;1900;12193
9562;Mannen;5 tot 10 jaar;Marokko;1997;14590;1653;12937
9563;Mannen;5 tot 10 jaar;Marokko;1998;15132;1420;13712
9564;Mannen;5 tot 10 jaar;Marokko;1999;15454;1207;14247
9565;Mannen;5 tot 10 jaar;Marokko;2000;15709;1052;14657
9566;Mannen;5 tot 10 jaar;Marokko;2001;15695;943;14752
9567;Mannen;5 tot 10 jaar;Marokko;2002;15883;868;15015
9568;Mannen;5 tot 10 jaar;Marokko;2003;15999;865;15134
9569;Mannen;5 tot 10 jaar;Marokko;2004;16321;825;15496
9570;Mannen;5 tot 10 jaar;Marokko;2005;16667;769;15898
9571;Mannen;5 tot 10 jaar;Marokko;2006;17396;705;16691
9572;Mannen;5 tot 10 jaar;Marokko;2007;17980;619;17361
9573;Mannen;5 tot 10 jaar;Marokko;2008;18541;538;18003
9574;Mannen;5 tot 10 jaar;Marokko;2009;19176;485;18691
9575;Mannen;5 tot 10 jaar;Marokko;2010;19681;422;19259
9576;Mannen;5 tot 10 jaar;Marokko;2011;19925;370;19555
9577;Mannen;5 tot 10 jaar;Marokko;2012;19981;326;19655
9578;Mannen;5 tot 10 jaar;Marokko;2013;19895;304;19591
9579;Mannen;5 tot 10 jaar;Marokko;2014;19724;261;19463
9580;Mannen;5 tot 10 jaar;Marokko;2015;19384;261;19123
9581;Mannen;5 tot 10 jaar;Marokko;2016;18846;258;18588
9582;Mannen;5 tot 10 jaar;Marokko;2017;18566;273;18293
9583;Mannen;5 tot 10 jaar;Marokko;2018;18260;290;17970
9584;Mannen;5 tot 10 jaar;Marokko;2019;17664;378;17286
9585;Mannen;5 tot 10 jaar;Marokko;2020;17255;441;16814
9586;Mannen;5 tot 10 jaar;Marokko;2021;16777;502;16275
9587;Mannen;5 tot 10 jaar;Marokko;2022;16116;536;15580
9588;Mannen;5 tot 10 jaar;(voormalige) Nederlandse Antillen, Aruba;1972;1382;652;730
9589;Mannen;5 tot 10 jaar;(voormalige) Nederlandse Antillen, Aruba;1973;1485;621;864
9590;Mannen;5 tot 10 jaar;(voormalige) Nederlandse Antillen, Aruba;1974;1659;643;1016
9591;Mannen;5 tot 10 jaar;(voormalige) Nederlandse Antillen, Aruba;1975;1885;636;1249
9592;Mannen;5 tot 10 jaar;(voormalige) Nederlandse Antillen, Aruba;1976;2157;686;1471
9593;Mannen;5 tot 10 jaar;(voormalige) Nederlandse Antillen, Aruba;1977;2337;726;1611
9594;Mannen;5 tot 10 jaar;(voormalige) Nederlandse Antillen, Aruba;1978;2459;780;1679
9595;Mannen;5 tot 10 jaar;(voormalige) Nederlandse Antillen, Aruba;1979;2512;838;1674
9596;Mannen;5 tot 10 jaar;(voormalige) Nederlandse Antillen, Aruba;1980;2503;866;1637
9597;Mannen;5 tot 10 jaar;(voormalige) Nederlandse Antillen, Aruba;1981;2535;964;1571
9598;Mannen;5 tot 10 jaar;(voormalige) Nederlandse Antillen, Aruba;1982;2510;978;1532
9599;Mannen;5 tot 10 jaar;(voormalige) Nederlandse Antillen, Aruba;1983;2492;939;1553
9600;Mannen;5 tot 10 jaar;(voormalige) Nederlandse Antillen, Aruba;1984;2563;922;1641
9601;Mannen;5 tot 10 jaar;(voormalige) Nederlandse Antillen, Aruba;1985;2643;912;1731
9602;Mannen;5 tot 10 jaar;(voormalige) Nederlandse Antillen, Aruba;1986;2871;989;1882
9603;Mannen;5 tot 10 jaar;(voormalige) Nederlandse Antillen, Aruba;1987;3103;1092;2011
9604;Mannen;5 tot 10 jaar;(voormalige) Nederlandse Antillen, Aruba;1988;3398;1244;2154
9605;Mannen;5 tot 10 jaar;(voormalige) Nederlandse Antillen, Aruba;1989;3651;1360;2291
9606;Mannen;5 tot 10 jaar;(voormalige) Nederlandse Antillen, Aruba;1990;3917;1499;2418
9607;Mannen;5 tot 10 jaar;(voormalige) Nederlandse Antillen, Aruba;1991;4191;1702;2489
9608;Mannen;5 tot 10 jaar;(voormalige) Nederlandse Antillen, Aruba;1992;4428;1819;2609
9609;Mannen;5 tot 10 jaar;(voormalige) Nederlandse Antillen, Aruba;1993;4485;1765;2720
9610;Mannen;5 tot 10 jaar;(voormalige) Nederlandse Antillen, Aruba;1994;4524;1629;2895
9611;Mannen;5 tot 10 jaar;(voormalige) Nederlandse Antillen, Aruba;1995;4561;1438;3123
9612;Mannen;5 tot 10 jaar;(voormalige) Nederlandse Antillen, Aruba;1996;4566;1233;3333
9613;Mannen;5 tot 10 jaar;(voormalige) Nederlandse Antillen, Aruba;1997;4725;1154;3571
9614;Mannen;5 tot 10 jaar;(voormalige) Nederlandse Antillen, Aruba;1998;4902;1082;3820
9615;Mannen;5 tot 10 jaar;(voormalige) Nederlandse Antillen, Aruba;1999;5257;1246;4011
9616;Mannen;5 tot 10 jaar;(voormalige) Nederlandse Antillen, Aruba;2000;5595;1411;4184
9617;Mannen;5 tot 10 jaar;(voormalige) Nederlandse Antillen, Aruba;2001;6012;1763;4249
9618;Mannen;5 tot 10 jaar;(voormalige) Nederlandse Antillen, Aruba;2002;6259;2035;4224
9619;Mannen;5 tot 10 jaar;(voormalige) Nederlandse Antillen, Aruba;2003;6262;2116;4146
9620;Mannen;5 tot 10 jaar;(voormalige) Nederlandse Antillen, Aruba;2004;6162;2034;4128
9621;Mannen;5 tot 10 jaar;(voormalige) Nederlandse Antillen, Aruba;2005;5955;1796;4159
9622;Mannen;5 tot 10 jaar;(voormalige) Nederlandse Antillen, Aruba;2006;5721;1510;4211
9623;Mannen;5 tot 10 jaar;(voormalige) Nederlandse Antillen, Aruba;2007;5617;1204;4413
9624;Mannen;5 tot 10 jaar;(voormalige) Nederlandse Antillen, Aruba;2008;5607;952;4655
9625;Mannen;5 tot 10 jaar;(voormalige) Nederlandse Antillen, Aruba;2009;5577;737;4840
9626;Mannen;5 tot 10 jaar;(voormalige) Nederlandse Antillen, Aruba;2010;5551;627;4924
9627;Mannen;5 tot 10 jaar;(voormalige) Nederlandse Antillen, Aruba;2011;5509;553;4956
9628;Mannen;5 tot 10 jaar;(voormalige) Nederlandse Antillen, Aruba;2012;5437;539;4898
9629;Mannen;5 tot 10 jaar;(voormalige) Nederlandse Antillen, Aruba;2013;5403;532;4871
9630;Mannen;5 tot 10 jaar;(voormalige) Nederlandse Antillen, Aruba;2014;5485;554;4931
9631;Mannen;5 tot 10 jaar;(voormalige) Nederlandse Antillen, Aruba;2015;5545;575;4970
9632;Mannen;5 tot 10 jaar;(voormalige) Nederlandse Antillen, Aruba;2016;5711;560;5151
9633;Mannen;5 tot 10 jaar;(voormalige) Nederlandse Antillen, Aruba;2017;5763;551;5212
9634;Mannen;5 tot 10 jaar;(voormalige) Nederlandse Antillen, Aruba;2018;5838;638;5200
9635;Mannen;5 tot 10 jaar;(voormalige) Nederlandse Antillen, Aruba;2019;5874;663;5211
9636;Mannen;5 tot 10 jaar;(voormalige) Nederlandse Antillen, Aruba;2020;6032;727;5305
9637;Mannen;5 tot 10 jaar;(voormalige) Nederlandse Antillen, Aruba;2021;6037;785;5252
9638;Mannen;5 tot 10 jaar;(voormalige) Nederlandse Antillen, Aruba;2022;6207;908;5299
9639;Mannen;5 tot 10 jaar;Suriname;1972;3383;1632;1751
9640;Mannen;5 tot 10 jaar;Suriname;1973;3952;1984;1968
9641;Mannen;5 tot 10 jaar;Suriname;1974;4590;2440;2150
9642;Mannen;5 tot 10 jaar;Suriname;1975;5656;3266;2390
9643;Mannen;5 tot 10 jaar;Suriname;1976;8305;5594;2711
9644;Mannen;5 tot 10 jaar;Suriname;1977;8776;5726;3050
9645;Mannen;5 tot 10 jaar;Suriname;1978;8904;5639;3265
9646;Mannen;5 tot 10 jaar;Suriname;1979;9033;5634;3399
9647;Mannen;5 tot 10 jaar;Suriname;1980;9522;6020;3502
9648;Mannen;5 tot 10 jaar;Suriname;1981;10017;6215;3802
9649;Mannen;5 tot 10 jaar;Suriname;1982;9827;5539;4288
9650;Mannen;5 tot 10 jaar;Suriname;1983;9566;4732;4834
9651;Mannen;5 tot 10 jaar;Suriname;1984;9474;3977;5497
9652;Mannen;5 tot 10 jaar;Suriname;1985;9423;3196;6227
9653;Mannen;5 tot 10 jaar;Suriname;1986;9860;2743;7117
9654;Mannen;5 tot 10 jaar;Suriname;1987;10207;2346;7861
9655;Mannen;5 tot 10 jaar;Suriname;1988;10604;1917;8687
9656;Mannen;5 tot 10 jaar;Suriname;1989;10938;1470;9468
9657;Mannen;5 tot 10 jaar;Suriname;1990;11595;1280;10315
9658;Mannen;5 tot 10 jaar;Suriname;1991;12181;1384;10797
9659;Mannen;5 tot 10 jaar;Suriname;1992;12773;1549;11224
9660;Mannen;5 tot 10 jaar;Suriname;1993;13141;1639;11502
9661;Mannen;5 tot 10 jaar;Suriname;1994;13624;1748;11876
9662;Mannen;5 tot 10 jaar;Suriname;1995;13631;1681;11950
9663;Mannen;5 tot 10 jaar;Suriname;1996;13598;1512;12086
9664;Mannen;5 tot 10 jaar;Suriname;1997;13511;1352;12159
9665;Mannen;5 tot 10 jaar;Suriname;1998;13476;1229;12247
9666;Mannen;5 tot 10 jaar;Suriname;1999;13292;1113;12179
9667;Mannen;5 tot 10 jaar;Suriname;2000;13111;911;12200
9668;Mannen;5 tot 10 jaar;Suriname;2001;12834;777;12057
9669;Mannen;5 tot 10 jaar;Suriname;2002;12555;736;11819
9670;Mannen;5 tot 10 jaar;Suriname;2003;12431;685;11746
9671;Mannen;5 tot 10 jaar;Suriname;2004;12374;671;11703
9672;Mannen;5 tot 10 jaar;Suriname;2005;12502;727;11775
9673;Mannen;5 tot 10 jaar;Suriname;2006;12560;679;11881
9674;Mannen;5 tot 10 jaar;Suriname;2007;12694;569;12125
9675;Mannen;5 tot 10 jaar;Suriname;2008;12565;455;12110
9676;Mannen;5 tot 10 jaar;Suriname;2009;12371;401;11970
9677;Mannen;5 tot 10 jaar;Suriname;2010;12001;336;11665
9678;Mannen;5 tot 10 jaar;Suriname;2011;11478;295;11183
9679;Mannen;5 tot 10 jaar;Suriname;2012;10894;282;10612
9680;Mannen;5 tot 10 jaar;Suriname;2013;10277;258;10019
9681;Mannen;5 tot 10 jaar;Suriname;2014;9794;257;9537
9682;Mannen;5 tot 10 jaar;Suriname;2015;9415;245;9170
9683;Mannen;5 tot 10 jaar;Suriname;2016;9002;215;8787
9684;Mannen;5 tot 10 jaar;Suriname;2017;8654;198;8456
9685;Mannen;5 tot 10 jaar;Suriname;2018;8248;198;8050
9686;Mannen;5 tot 10 jaar;Suriname;2019;7875;229;7646
9687;Mannen;5 tot 10 jaar;Suriname;2020;7446;274;7172
9688;Mannen;5 tot 10 jaar;Suriname;2021;7028;315;6713
9689;Mannen;5 tot 10 jaar;Suriname;2022;6660;376;6284
9690;Mannen;5 tot 10 jaar;Turkije;1972;487;347;140
9691;Mannen;5 tot 10 jaar;Turkije;1973;1027;759;268
9692;Mannen;5 tot 10 jaar;Turkije;1974;1624;1217;407
9693;Mannen;5 tot 10 jaar;Turkije;1975;2368;1756;612
9694;Mannen;5 tot 10 jaar;Turkije;1976;3130;2223;907
9695;Mannen;5 tot 10 jaar;Turkije;1977;4036;2751;1285
9696;Mannen;5 tot 10 jaar;Turkije;1978;4978;3225;1753
9697;Mannen;5 tot 10 jaar;Turkije;1979;6106;3810;2296
9698;Mannen;5 tot 10 jaar;Turkije;1980;7354;4439;2915
9699;Mannen;5 tot 10 jaar;Turkije;1981;8674;5122;3552
9700;Mannen;5 tot 10 jaar;Turkije;1982;9230;5046;4184
9701;Mannen;5 tot 10 jaar;Turkije;1983;9589;4681;4908
9702;Mannen;5 tot 10 jaar;Turkije;1984;10009;4202;5807
9703;Mannen;5 tot 10 jaar;Turkije;1985;10436;3695;6741
9704;Mannen;5 tot 10 jaar;Turkije;1986;10917;3077;7840
9705;Mannen;5 tot 10 jaar;Turkije;1987;11535;2499;9036
9706;Mannen;5 tot 10 jaar;Turkije;1988;11867;2006;9861
9707;Mannen;5 tot 10 jaar;Turkije;1989;12037;1666;10371
9708;Mannen;5 tot 10 jaar;Turkije;1990;12185;1481;10704
9709;Mannen;5 tot 10 jaar;Turkije;1991;12313;1573;10740
9710;Mannen;5 tot 10 jaar;Turkije;1992;12426;1746;10680
9711;Mannen;5 tot 10 jaar;Turkije;1993;12921;1876;11045
9712;Mannen;5 tot 10 jaar;Turkije;1994;13784;1958;11826
9713;Mannen;5 tot 10 jaar;Turkije;1995;14771;1841;12930
9714;Mannen;5 tot 10 jaar;Turkije;1996;15816;1680;14136
9715;Mannen;5 tot 10 jaar;Turkije;1997;16875;1493;15382
9716;Mannen;5 tot 10 jaar;Turkije;1998;17712;1360;16352
9717;Mannen;5 tot 10 jaar;Turkije;1999;18051;1199;16852
9718;Mannen;5 tot 10 jaar;Turkije;2000;18262;1052;17210
9719;Mannen;5 tot 10 jaar;Turkije;2001;18233;964;17269
9720;Mannen;5 tot 10 jaar;Turkije;2002;18221;962;17259
9721;Mannen;5 tot 10 jaar;Turkije;2003;18297;948;17349
9722;Mannen;5 tot 10 jaar;Turkije;2004;18577;954;17623
9723;Mannen;5 tot 10 jaar;Turkije;2005;18406;892;17514
9724;Mannen;5 tot 10 jaar;Turkije;2006;18416;812;17604
9725;Mannen;5 tot 10 jaar;Turkije;2007;18267;733;17534
9726;Mannen;5 tot 10 jaar;Turkije;2008;17889;633;17256
9727;Mannen;5 tot 10 jaar;Turkije;2009;17292;552;16740
9728;Mannen;5 tot 10 jaar;Turkije;2010;16899;485;16414
9729;Mannen;5 tot 10 jaar;Turkije;2011;16487;436;16051
9730;Mannen;5 tot 10 jaar;Turkije;2012;15959;394;15565
9731;Mannen;5 tot 10 jaar;Turkije;2013;15423;382;15041
9732;Mannen;5 tot 10 jaar;Turkije;2014;14842;353;14489
9733;Mannen;5 tot 10 jaar;Turkije;2015;14171;349;13822
9734;Mannen;5 tot 10 jaar;Turkije;2016;13590;375;13215
9735;Mannen;5 tot 10 jaar;Turkije;2017;13093;398;12695
9736;Mannen;5 tot 10 jaar;Turkije;2018;12760;463;12297
9737;Mannen;5 tot 10 jaar;Turkije;2019;12412;639;11773
9738;Mannen;5 tot 10 jaar;Turkije;2020;12545;939;11606
9739;Mannen;5 tot 10 jaar;Turkije;2021;12490;1241;11249
9740;Mannen;5 tot 10 jaar;Turkije;2022;12704;1722;10982
9741;Mannen;5 tot 10 jaar;Overige niet-westerse migratieachterg...;1972;1783;948;835
9742;Mannen;5 tot 10 jaar;Overige niet-westerse migratieachterg...;1973;1779;877;902
9743;Mannen;5 tot 10 jaar;Overige niet-westerse migratieachterg...;1974;1871;849;1022
9744;Mannen;5 tot 10 jaar;Overige niet-westerse migratieachterg...;1975;1951;854;1097
9745;Mannen;5 tot 10 jaar;Overige niet-westerse migratieachterg...;1976;2305;1079;1226
9746;Mannen;5 tot 10 jaar;Overige niet-westerse migratieachterg...;1977;2704;1276;1428
9747;Mannen;5 tot 10 jaar;Overige niet-westerse migratieachterg...;1978;3151;1536;1615
9748;Mannen;5 tot 10 jaar;Overige niet-westerse migratieachterg...;1979;3575;1839;1736
9749;Mannen;5 tot 10 jaar;Overige niet-westerse migratieachterg...;1980;4187;2221;1966
9750;Mannen;5 tot 10 jaar;Overige niet-westerse migratieachterg...;1981;4699;2572;2127
9751;Mannen;5 tot 10 jaar;Overige niet-westerse migratieachterg...;1982;5042;2705;2337
9752;Mannen;5 tot 10 jaar;Overige niet-westerse migratieachterg...;1983;5385;2711;2674
9753;Mannen;5 tot 10 jaar;Overige niet-westerse migratieachterg...;1984;5897;2686;3211
9754;Mannen;5 tot 10 jaar;Overige niet-westerse migratieachterg...;1985;6457;2657;3800
9755;Mannen;5 tot 10 jaar;Overige niet-westerse migratieachterg...;1986;7153;2611;4542
9756;Mannen;5 tot 10 jaar;Overige niet-westerse migratieachterg...;1987;7851;2515;5336
9757;Mannen;5 tot 10 jaar;Overige niet-westerse migratieachterg...;1988;8625;2638;5987
9758;Mannen;5 tot 10 jaar;Overige niet-westerse migratieachterg...;1989;9286;2746;6540
9759;Mannen;5 tot 10 jaar;Overige niet-westerse migratieachterg...;1990;10150;3103;7047
9760;Mannen;5 tot 10 jaar;Overige niet-westerse migratieachterg...;1991;11200;3697;7503
9761;Mannen;5 tot 10 jaar;Overige niet-westerse migratieachterg...;1992;12151;4188;7963
9762;Mannen;5 tot 10 jaar;Overige niet-westerse migratieachterg...;1993;13045;4529;8516
9763;Mannen;5 tot 10 jaar;Overige niet-westerse migratieachterg...;1994;14235;5118;9117
9764;Mannen;5 tot 10 jaar;Overige niet-westerse migratieachterg...;1995;15222;5537;9685
9765;Mannen;5 tot 10 jaar;Overige niet-westerse migratieachterg...;1996;16502;5992;10510
9766;Mannen;5 tot 10 jaar;Overige niet-westerse migratieachterg...;1997;18013;6616;11397
9767;Mannen;5 tot 10 jaar;Overige niet-westerse migratieachterg...;1998;19732;7267;12465
9768;Mannen;5 tot 10 jaar;Overige niet-westerse migratieachterg...;1999;21161;7599;13562
9769;Mannen;5 tot 10 jaar;Overige niet-westerse migratieachterg...;2000;22686;7736;14950
9770;Mannen;5 tot 10 jaar;Overige niet-westerse migratieachterg...;2001;23913;7830;16083
9771;Mannen;5 tot 10 jaar;Overige niet-westerse migratieachterg...;2002;25185;7992;17193
9772;Mannen;5 tot 10 jaar;Overige niet-westerse migratieachterg...;2003;25903;7582;18321
9773;Mannen;5 tot 10 jaar;Overige niet-westerse migratieachterg...;2004;26473;6856;19617
9774;Mannen;5 tot 10 jaar;Overige niet-westerse migratieachterg...;2005;26647;5848;20799
9775;Mannen;5 tot 10 jaar;Overige niet-westerse migratieachterg...;2006;27302;5125;22177
9776;Mannen;5 tot 10 jaar;Overige niet-westerse migratieachterg...;2007;27624;4238;23386
9777;Mannen;5 tot 10 jaar;Overige niet-westerse migratieachterg...;2008;28083;3632;24451
9778;Mannen;5 tot 10 jaar;Overige niet-westerse migratieachterg...;2009;28920;3530;25390
9779;Mannen;5 tot 10 jaar;Overige niet-westerse migratieachterg...;2010;29832;3725;26107
9780;Mannen;5 tot 10 jaar;Overige niet-westerse migratieachterg...;2011;30340;4084;26256
9781;Mannen;5 tot 10 jaar;Overige niet-westerse migratieachterg...;2012;30807;4402;26405
9782;Mannen;5 tot 10 jaar;Overige niet-westerse migratieachterg...;2013;31120;4653;26467
9783;Mannen;5 tot 10 jaar;Overige niet-westerse migratieachterg...;2014;31947;5301;26646
9784;Mannen;5 tot 10 jaar;Overige niet-westerse migratieachterg...;2015;32994;5921;27073
9785;Mannen;5 tot 10 jaar;Overige niet-westerse migratieachterg...;2016;35183;7534;27649
9786;Mannen;5 tot 10 jaar;Overige niet-westerse migratieachterg...;2017;38143;9714;28429
9787;Mannen;5 tot 10 jaar;Overige niet-westerse migratieachterg...;2018;40966;11802;29164
9788;Mannen;5 tot 10 jaar;Overige niet-westerse migratieachterg...;2019;42562;12928;29634
9789;Mannen;5 tot 10 jaar;Overige niet-westerse migratieachterg...;2020;44151;13866;30285
9790;Mannen;5 tot 10 jaar;Overige niet-westerse migratieachterg...;2021;45110;13985;31125
9791;Mannen;5 tot 10 jaar;Overige niet-westerse migratieachterg...;2022;46490;14078;32412
9792;Mannen;10 tot 15 jaar;Met migratieachtergrond;1972;48411;11863;36548
9793;Mannen;10 tot 15 jaar;Met migratieachtergrond;1973;50948;13388;37560
9794;Mannen;10 tot 15 jaar;Met migratieachtergrond;1974;53586;15126;38460
9795;Mannen;10 tot 15 jaar;Met migratieachtergrond;1975;57031;17281;39750
9796;Mannen;10 tot 15 jaar;Met migratieachtergrond;1976;61220;20322;40898
9797;Mannen;10 tot 15 jaar;Met migratieachtergrond;1977;63202;21676;41526
9798;Mannen;10 tot 15 jaar;Met migratieachtergrond;1978;64495;22341;42154
9799;Mannen;10 tot 15 jaar;Met migratieachtergrond;1979;66453;23840;42613
9800;Mannen;10 tot 15 jaar;Met migratieachtergrond;1980;69586;26266;43320
9801;Mannen;10 tot 15 jaar;Met migratieachtergrond;1981;73417;29346;44071
9802;Mannen;10 tot 15 jaar;Met migratieachtergrond;1982;74587;30125;44462
9803;Mannen;10 tot 15 jaar;Met migratieachtergrond;1983;75828;30924;44904
9804;Mannen;10 tot 15 jaar;Met migratieachtergrond;1984;74823;30367;44456
9805;Mannen;10 tot 15 jaar;Met migratieachtergrond;1985;72458;29045;43413
9806;Mannen;10 tot 15 jaar;Met migratieachtergrond;1986;70889;27918;42971
9807;Mannen;10 tot 15 jaar;Met migratieachtergrond;1987;69634;26378;43256
9808;Mannen;10 tot 15 jaar;Met migratieachtergrond;1988;69546;25437;44109
9809;Mannen;10 tot 15 jaar;Met migratieachtergrond;1989;71153;24641;46512
9810;Mannen;10 tot 15 jaar;Met migratieachtergrond;1990;73631;24105;49526
9811;Mannen;10 tot 15 jaar;Met migratieachtergrond;1991;77098;23616;53482
9812;Mannen;10 tot 15 jaar;Met migratieachtergrond;1992;81025;23529;57496
9813;Mannen;10 tot 15 jaar;Met migratieachtergrond;1993;84002;23249;60753
9814;Mannen;10 tot 15 jaar;Met migratieachtergrond;1994;86717;23600;63117
9815;Mannen;10 tot 15 jaar;Met migratieachtergrond;1995;89343;24317;65026
9816;Mannen;10 tot 15 jaar;Met migratieachtergrond;1996;90793;24872;65921
9817;Mannen;10 tot 15 jaar;Met migratieachtergrond;1997;92844;26129;66715
9818;Mannen;10 tot 15 jaar;Met migratieachtergrond;1998;95269;27049;68220
9819;Mannen;10 tot 15 jaar;Met migratieachtergrond;1999;98704;28027;70677
9820;Mannen;10 tot 15 jaar;Met migratieachtergrond;2000;102100;28845;73255
9821;Mannen;10 tot 15 jaar;Met migratieachtergrond;2001;106358;29781;76577
9822;Mannen;10 tot 15 jaar;Met migratieachtergrond;2002;109884;30032;79852
9823;Mannen;10 tot 15 jaar;Met migratieachtergrond;2003;112898;29971;82927
9824;Mannen;10 tot 15 jaar;Met migratieachtergrond;2004;113487;28480;85007
9825;Mannen;10 tot 15 jaar;Met migratieachtergrond;2005;113117;26213;86904
9826;Mannen;10 tot 15 jaar;Met migratieachtergrond;2006;111342;23887;87455
9827;Mannen;10 tot 15 jaar;Met migratieachtergrond;2007;110249;22316;87933
9828;Mannen;10 tot 15 jaar;Met migratieachtergrond;2008;109899;21164;88735
9829;Mannen;10 tot 15 jaar;Met migratieachtergrond;2009;110868;20321;90547
9830;Mannen;10 tot 15 jaar;Met migratieachtergrond;2010;112232;19603;92629
9831;Mannen;10 tot 15 jaar;Met migratieachtergrond;2011;114678;18958;95720
9832;Mannen;10 tot 15 jaar;Met migratieachtergrond;2012;116511;17877;98634
9833;Mannen;10 tot 15 jaar;Met migratieachtergrond;2013;117643;16856;100787
9834;Mannen;10 tot 15 jaar;Met migratieachtergrond;2014;118938;16833;102105
9835;Mannen;10 tot 15 jaar;Met migratieachtergrond;2015;120180;17569;102611
9836;Mannen;10 tot 15 jaar;Met migratieachtergrond;2016;121322;19191;102131
9837;Mannen;10 tot 15 jaar;Met migratieachtergrond;2017;123480;22097;101383
9838;Mannen;10 tot 15 jaar;Met migratieachtergrond;2018;125627;24986;100641
9839;Mannen;10 tot 15 jaar;Met migratieachtergrond;2019;127873;27383;100490
9840;Mannen;10 tot 15 jaar;Met migratieachtergrond;2020;130487;29967;100520
9841;Mannen;10 tot 15 jaar;Met migratieachtergrond;2021;132819;31744;101075
9842;Mannen;10 tot 15 jaar;Met migratieachtergrond;2022;135506;33938;101568
9843;Mannen;10 tot 15 jaar;Westerse migratieachtergrond;1972;42413;7592;34821
9844;Mannen;10 tot 15 jaar;Westerse migratieachtergrond;1973;43560;7912;35648
9845;Mannen;10 tot 15 jaar;Westerse migratieachtergrond;1974;44490;8248;36242
9846;Mannen;10 tot 15 jaar;Westerse migratieachtergrond;1975;45647;8507;37140
9847;Mannen;10 tot 15 jaar;Westerse migratieachtergrond;1976;46372;8507;37865
9848;Mannen;10 tot 15 jaar;Westerse migratieachtergrond;1977;46941;8963;37978
9849;Mannen;10 tot 15 jaar;Westerse migratieachtergrond;1978;46671;8642;38029
9850;Mannen;10 tot 15 jaar;Westerse migratieachtergrond;1979;46472;8624;37848
9851;Mannen;10 tot 15 jaar;Westerse migratieachtergrond;1980;46464;8726;37738
9852;Mannen;10 tot 15 jaar;Westerse migratieachtergrond;1981;46185;8739;37446
9853;Mannen;10 tot 15 jaar;Westerse migratieachtergrond;1982;45172;8495;36677
9854;Mannen;10 tot 15 jaar;Westerse migratieachtergrond;1983;45491;9466;36025
9855;Mannen;10 tot 15 jaar;Westerse migratieachtergrond;1984;43849;9309;34540
9856;Mannen;10 tot 15 jaar;Westerse migratieachtergrond;1985;40901;8600;32301
9857;Mannen;10 tot 15 jaar;Westerse migratieachtergrond;1986;38055;7625;30430
9858;Mannen;10 tot 15 jaar;Westerse migratieachtergrond;1987;35418;6473;28945
9859;Mannen;10 tot 15 jaar;Westerse migratieachtergrond;1988;33286;5762;27524
9860;Mannen;10 tot 15 jaar;Westerse migratieachtergrond;1989;32267;5184;27083
9861;Mannen;10 tot 15 jaar;Westerse migratieachtergrond;1990;32069;5147;26922
9862;Mannen;10 tot 15 jaar;Westerse migratieachtergrond;1991;32196;5004;27192
9863;Mannen;10 tot 15 jaar;Westerse migratieachtergrond;1992;32661;5240;27421
9864;Mannen;10 tot 15 jaar;Westerse migratieachtergrond;1993;32863;5483;27380
9865;Mannen;10 tot 15 jaar;Westerse migratieachtergrond;1994;32764;5797;26967
9866;Mannen;10 tot 15 jaar;Westerse migratieachtergrond;1995;33387;6905;26482
9867;Mannen;10 tot 15 jaar;Westerse migratieachtergrond;1996;32891;7069;25822
9868;Mannen;10 tot 15 jaar;Westerse migratieachtergrond;1997;32705;7366;25339
9869;Mannen;10 tot 15 jaar;Westerse migratieachtergrond;1998;32694;7565;25129
9870;Mannen;10 tot 15 jaar;Westerse migratieachtergrond;1999;32882;7843;25039
9871;Mannen;10 tot 15 jaar;Westerse migratieachtergrond;2000;33017;8155;24862
9872;Mannen;10 tot 15 jaar;Westerse migratieachtergrond;2001;33591;8781;24810
9873;Mannen;10 tot 15 jaar;Westerse migratieachtergrond;2002;34040;9222;24818
9874;Mannen;10 tot 15 jaar;Westerse migratieachtergrond;2003;33849;9202;24647
9875;Mannen;10 tot 15 jaar;Westerse migratieachtergrond;2004;33643;8928;24715
9876;Mannen;10 tot 15 jaar;Westerse migratieachtergrond;2005;33274;8486;24788
9877;Mannen;10 tot 15 jaar;Westerse migratieachtergrond;2006;32641;7905;24736
9878;Mannen;10 tot 15 jaar;Westerse migratieachtergrond;2007;32163;7491;24672
9879;Mannen;10 tot 15 jaar;Westerse migratieachtergrond;2008;32189;7483;24706
9880;Mannen;10 tot 15 jaar;Westerse migratieachtergrond;2009;32361;7584;24777
9881;Mannen;10 tot 15 jaar;Westerse migratieachtergrond;2010;32665;7588;25077
9882;Mannen;10 tot 15 jaar;Westerse migratieachtergrond;2011;33089;7572;25517
9883;Mannen;10 tot 15 jaar;Westerse migratieachtergrond;2012;33463;7602;25861
9884;Mannen;10 tot 15 jaar;Westerse migratieachtergrond;2013;34064;7726;26338
9885;Mannen;10 tot 15 jaar;Westerse migratieachtergrond;2014;34544;7895;26649
9886;Mannen;10 tot 15 jaar;Westerse migratieachtergrond;2015;34999;8260;26739
9887;Mannen;10 tot 15 jaar;Westerse migratieachtergrond;2016;35532;8869;26663
9888;Mannen;10 tot 15 jaar;Westerse migratieachtergrond;2017;36280;9688;26592
9889;Mannen;10 tot 15 jaar;Westerse migratieachtergrond;2018;37075;10502;26573
9890;Mannen;10 tot 15 jaar;Westerse migratieachtergrond;2019;38208;11387;26821
9891;Mannen;10 tot 15 jaar;Westerse migratieachtergrond;2020;39568;12216;27352
9892;Mannen;10 tot 15 jaar;Westerse migratieachtergrond;2021;40909;12758;28151
9893;Mannen;10 tot 15 jaar;Westerse migratieachtergrond;2022;41758;13029;28729
9894;Mannen;10 tot 15 jaar;Niet-westerse migratieachtergrond;1972;5998;4271;1727
9895;Mannen;10 tot 15 jaar;Niet-westerse migratieachtergrond;1973;7388;5476;1912
9896;Mannen;10 tot 15 jaar;Niet-westerse migratieachtergrond;1974;9096;6878;2218
9897;Mannen;10 tot 15 jaar;Niet-westerse migratieachtergrond;1975;11384;8774;2610
9898;Mannen;10 tot 15 jaar;Niet-westerse migratieachtergrond;1976;14848;11815;3033
9899;Mannen;10 tot 15 jaar;Niet-westerse migratieachtergrond;1977;16261;12713;3548
9900;Mannen;10 tot 15 jaar;Niet-westerse migratieachtergrond;1978;17824;13699;4125
9901;Mannen;10 tot 15 jaar;Niet-westerse migratieachtergrond;1979;19981;15216;4765
9902;Mannen;10 tot 15 jaar;Niet-westerse migratieachtergrond;1980;23122;17540;5582
9903;Mannen;10 tot 15 jaar;Niet-westerse migratieachtergrond;1981;27232;20607;6625
9904;Mannen;10 tot 15 jaar;Niet-westerse migratieachtergrond;1982;29415;21630;7785
9905;Mannen;10 tot 15 jaar;Niet-westerse migratieachtergrond;1983;30337;21458;8879
9906;Mannen;10 tot 15 jaar;Niet-westerse migratieachtergrond;1984;30974;21058;9916
9907;Mannen;10 tot 15 jaar;Niet-westerse migratieachtergrond;1985;31557;20445;11112
9908;Mannen;10 tot 15 jaar;Niet-westerse migratieachtergrond;1986;32834;20293;12541
9909;Mannen;10 tot 15 jaar;Niet-westerse migratieachtergrond;1987;34216;19905;14311
9910;Mannen;10 tot 15 jaar;Niet-westerse migratieachtergrond;1988;36260;19675;16585
9911;Mannen;10 tot 15 jaar;Niet-westerse migratieachtergrond;1989;38886;19457;19429
9912;Mannen;10 tot 15 jaar;Niet-westerse migratieachtergrond;1990;41562;18958;22604
9913;Mannen;10 tot 15 jaar;Niet-westerse migratieachtergrond;1991;44902;18612;26290
9914;Mannen;10 tot 15 jaar;Niet-westerse migratieachtergrond;1992;48364;18289;30075
9915;Mannen;10 tot 15 jaar;Niet-westerse migratieachtergrond;1993;51139;17766;33373
9916;Mannen;10 tot 15 jaar;Niet-westerse migratieachtergrond;1994;53953;17803;36150
9917;Mannen;10 tot 15 jaar;Niet-westerse migratieachtergrond;1995;55956;17412;38544
9918;Mannen;10 tot 15 jaar;Niet-westerse migratieachtergrond;1996;57902;17803;40099
9919;Mannen;10 tot 15 jaar;Niet-westerse migratieachtergrond;1997;60139;18763;41376
9920;Mannen;10 tot 15 jaar;Niet-westerse migratieachtergrond;1998;62575;19484;43091
9921;Mannen;10 tot 15 jaar;Niet-westerse migratieachtergrond;1999;65822;20184;45638
9922;Mannen;10 tot 15 jaar;Niet-westerse migratieachtergrond;2000;69083;20690;48393
9923;Mannen;10 tot 15 jaar;Niet-westerse migratieachtergrond;2001;72767;21000;51767
9924;Mannen;10 tot 15 jaar;Niet-westerse migratieachtergrond;2002;75844;20810;55034
9925;Mannen;10 tot 15 jaar;Niet-westerse migratieachtergrond;2003;79049;20769;58280
9926;Mannen;10 tot 15 jaar;Niet-westerse migratieachtergrond;2004;79844;19552;60292
9927;Mannen;10 tot 15 jaar;Niet-westerse migratieachtergrond;2005;79843;17727;62116
9928;Mannen;10 tot 15 jaar;Niet-westerse migratieachtergrond;2006;78701;15982;62719
9929;Mannen;10 tot 15 jaar;Niet-westerse migratieachtergrond;2007;78086;14825;63261
9930;Mannen;10 tot 15 jaar;Niet-westerse migratieachtergrond;2008;77710;13681;64029
9931;Mannen;10 tot 15 jaar;Niet-westerse migratieachtergrond;2009;78507;12737;65770
9932;Mannen;10 tot 15 jaar;Niet-westerse migratieachtergrond;2010;79567;12015;67552
9933;Mannen;10 tot 15 jaar;Niet-westerse migratieachtergrond;2011;81589;11386;70203
9934;Mannen;10 tot 15 jaar;Niet-westerse migratieachtergrond;2012;83048;10275;72773
9935;Mannen;10 tot 15 jaar;Niet-westerse migratieachtergrond;2013;83579;9130;74449
9936;Mannen;10 tot 15 jaar;Niet-westerse migratieachtergrond;2014;84394;8938;75456
9937;Mannen;10 tot 15 jaar;Niet-westerse migratieachtergrond;2015;85181;9309;75872
9938;Mannen;10 tot 15 jaar;Niet-westerse migratieachtergrond;2016;85790;10322;75468
9939;Mannen;10 tot 15 jaar;Niet-westerse migratieachtergrond;2017;87200;12409;74791
9940;Mannen;10 tot 15 jaar;Niet-westerse migratieachtergrond;2018;88552;14484;74068
9941;Mannen;10 tot 15 jaar;Niet-westerse migratieachtergrond;2019;89665;15996;73669
9942;Mannen;10 tot 15 jaar;Niet-westerse migratieachtergrond;2020;90919;17751;73168
9943;Mannen;10 tot 15 jaar;Niet-westerse migratieachtergrond;2021;91910;18986;72924
9944;Mannen;10 tot 15 jaar;Niet-westerse migratieachtergrond;2022;93748;20909;72839
9945;Mannen;10 tot 15 jaar;Marokko;1972;16;12;4
9946;Mannen;10 tot 15 jaar;Marokko;1973;220;212;8
9947;Mannen;10 tot 15 jaar;Marokko;1974;470;457;13
9948;Mannen;10 tot 15 jaar;Marokko;1975;741;718;23
9949;Mannen;10 tot 15 jaar;Marokko;1976;1078;1038;40
9950;Mannen;10 tot 15 jaar;Marokko;1977;1490;1412;78
9951;Mannen;10 tot 15 jaar;Marokko;1978;2005;1882;123
9952;Mannen;10 tot 15 jaar;Marokko;1979;2632;2448;184
9953;Mannen;10 tot 15 jaar;Marokko;1980;3262;2993;269
9954;Mannen;10 tot 15 jaar;Marokko;1981;4152;3782;370
9955;Mannen;10 tot 15 jaar;Marokko;1982;4806;4299;507
9956;Mannen;10 tot 15 jaar;Marokko;1983;5162;4469;693
9957;Mannen;10 tot 15 jaar;Marokko;1984;5353;4398;955
9958;Mannen;10 tot 15 jaar;Marokko;1985;5601;4331;1270
9959;Mannen;10 tot 15 jaar;Marokko;1986;6195;4499;1696
9960;Mannen;10 tot 15 jaar;Marokko;1987;6928;4732;2196
9961;Mannen;10 tot 15 jaar;Marokko;1988;7831;4985;2846
9962;Mannen;10 tot 15 jaar;Marokko;1989;8757;5245;3512
9963;Mannen;10 tot 15 jaar;Marokko;1990;9842;5498;4344
9964;Mannen;10 tot 15 jaar;Marokko;1991;10738;5578;5160
9965;Mannen;10 tot 15 jaar;Marokko;1992;11566;5477;6089
9966;Mannen;10 tot 15 jaar;Marokko;1993;12139;5198;6941
9967;Mannen;10 tot 15 jaar;Marokko;1994;12629;4900;7729
9968;Mannen;10 tot 15 jaar;Marokko;1995;12702;4432;8270
9969;Mannen;10 tot 15 jaar;Marokko;1996;12850;4015;8835
9970;Mannen;10 tot 15 jaar;Marokko;1997;12893;3642;9251
9971;Mannen;10 tot 15 jaar;Marokko;1998;13136;3407;9729
9972;Mannen;10 tot 15 jaar;Marokko;1999;13562;3190;10372
9973;Mannen;10 tot 15 jaar;Marokko;2000;14104;2895;11209
9974;Mannen;10 tot 15 jaar;Marokko;2001;14653;2561;12092
9975;Mannen;10 tot 15 jaar;Marokko;2002;15169;2321;12848
9976;Mannen;10 tot 15 jaar;Marokko;2003;15698;2042;13656
9977;Mannen;10 tot 15 jaar;Marokko;2004;15944;1743;14201
9978;Mannen;10 tot 15 jaar;Marokko;2005;16059;1484;14575
9979;Mannen;10 tot 15 jaar;Marokko;2006;15917;1290;14627
9980;Mannen;10 tot 15 jaar;Marokko;2007;15971;1118;14853
9981;Mannen;10 tot 15 jaar;Marokko;2008;15930;1046;14884
9982;Mannen;10 tot 15 jaar;Marokko;2009;16130;936;15194
9983;Mannen;10 tot 15 jaar;Marokko;2010;16467;880;15587
9984;Mannen;10 tot 15 jaar;Marokko;2011;17200;795;16405
9985;Mannen;10 tot 15 jaar;Marokko;2012;17774;708;17066
9986;Mannen;10 tot 15 jaar;Marokko;2013;18360;611;17749
9987;Mannen;10 tot 15 jaar;Marokko;2014;19028;562;18466
9988;Mannen;10 tot 15 jaar;Marokko;2015;19513;500;19013
9989;Mannen;10 tot 15 jaar;Marokko;2016;19734;447;19287
9990;Mannen;10 tot 15 jaar;Marokko;2017;19825;397;19428
9991;Mannen;10 tot 15 jaar;Marokko;2018;19808;404;19404
9992;Mannen;10 tot 15 jaar;Marokko;2019;19702;391;19311
9993;Mannen;10 tot 15 jaar;Marokko;2020;19502;474;19028
9994;Mannen;10 tot 15 jaar;Marokko;2021;19088;511;18577
9995;Mannen;10 tot 15 jaar;Marokko;2022;18898;578;18320
9996;Mannen;10 tot 15 jaar;(voormalige) Nederlandse Antillen, Aruba;1972;1121;815;306
9997;Mannen;10 tot 15 jaar;(voormalige) Nederlandse Antillen, Aruba;1973;1266;892;374
9998;Mannen;10 tot 15 jaar;(voormalige) Nederlandse Antillen, Aruba;1974;1385;932;453
9999;Mannen;10 tot 15 jaar;(voormalige) Nederlandse Antillen, Aruba;1975;1455;950;505
