ID;Leeftijd;Perioden;TotaalBevolking_1;Mannen_2;Vrouwen_3
0;Totaal over alle leeftijden;2003;16201839;8022412;8179427
1;Totaal over alle leeftijden;2004;16283902;8065598;8218304
2;Totaal over alle leeftijden;2005;16356552;8103889;8252663
3;Totaal over alle leeftijden;2006;16422783;8138767;8284016
4;Totaal over alle leeftijden;2007;16485208;8171586;8313622
5;Totaal over alle leeftijden;2008;16546018;8203598;8342420
6;Totaal over alle leeftijden;2009;16606603;8235558;8371045
7;Totaal over alle leeftijden;2010;16667122;8267474;8399648
8;Totaal over alle leeftijden;2011;16727456;8299247;8428209
9;Totaal over alle leeftijden;2012;16786969;8330514;8456455
10;Totaal over alle leeftijden;2013;16844912;8360831;8484081
11;Totaal over alle leeftijden;2014;16901111;8390065;8511046
12;Totaal over alle leeftijden;2015;16955698;8418255;8537443
13;Totaal over alle leeftijden;2016;17008998;8445548;8563450
14;Totaal over alle leeftijden;2017;17061173;8471997;8589176
15;Totaal over alle leeftijden;2018;17112380;8497668;8614712
16;Totaal over alle leeftijden;2019;17162629;8522560;8640069
17;Totaal over alle leeftijden;2020;17211923;8546680;8665243
18;Totaal over alle leeftijden;2021;17259948;8569887;8690061
19;Totaal over alle leeftijden;2022;17306574;8592111;8714463
20;Totaal over alle leeftijden;2023;17351617;8613278;8738339
21;Totaal over alle leeftijden;2024;17394855;8633289;8761566
22;Totaal over alle leeftijden;2025;17436141;8652102;8784039
23;Totaal over alle leeftijden;2026;17475258;8669629;8805629
24;Totaal over alle leeftijden;2027;17512037;8685820;8826217
25;Totaal over alle leeftijden;2028;17546307;8700617;8845690
26;Totaal over alle leeftijden;2029;17577859;8713966;8863893
27;Totaal over alle leeftijden;2030;17606563;8725838;8880725
28;Totaal over alle leeftijden;2031;17632175;8736150;8896025
29;Totaal over alle leeftijden;2032;17654594;8744890;8909704
30;Totaal over alle leeftijden;2033;17673669;8752019;8921650
31;Totaal over alle leeftijden;2034;17689276;8757532;8931744
32;Totaal over alle leeftijden;2035;17701403;8761425;8939978
33;Totaal over alle leeftijden;2036;17710150;8763793;8946357
34;Totaal over alle leeftijden;2037;17715565;8764668;8950897
35;Totaal over alle leeftijden;2038;17717934;8764203;8953731
36;Totaal over alle leeftijden;2039;17717495;8762495;8955000
37;Totaal over alle leeftijden;2040;17714591;8759731;8954860
38;Totaal over alle leeftijden;2041;17709488;8756035;8953453
39;Totaal over alle leeftijden;2042;17702503;8751557;8950946
40;Totaal over alle leeftijden;2043;17693956;8746482;8947474
41;Totaal over alle leeftijden;2044;17684149;8740931;8943218
42;Totaal over alle leeftijden;2045;17673359;8735065;8938294
43;Totaal over alle leeftijden;2046;17661924;8729036;8932888
44;Totaal over alle leeftijden;2047;17650106;8722980;8927126
45;Totaal over alle leeftijden;2048;17638236;8717035;8921201
46;Totaal over alle leeftijden;2049;17626529;8711318;8915211
47;Totaal over alle leeftijden;2050;17615232;8705950;8909282
48;0;2003;201682;103318;98364
49;0;2004;200253;102585;97668
50;0;2005;196820;100825;95995
51;0;2006;193335;99039;94296
52;0;2007;190022;97342;92680
53;0;2008;187016;95804;91212
54;0;2009;184646;94592;90054
55;0;2010;182741;93618;89123
56;0;2011;181536;93002;88534
57;0;2012;180906;92681;88225
58;0;2013;180780;92617;88163
59;0;2014;181141;92803;88338
60;0;2015;181768;93125;88643
61;0;2016;182674;93590;89084
62;0;2017;183771;94152;89619
63;0;2018;185023;94794;90229
64;0;2019;186398;95499;90899
65;0;2020;187834;96234;91600
66;0;2021;189097;96881;92216
67;0;2022;190333;97515;92818
68;0;2023;191432;98078;93354
69;0;2024;192389;98569;93820
70;0;2025;193255;99013;94242
71;0;2026;193975;99382;94593
72;0;2027;194556;99680;94876
73;0;2028;195034;99925;95109
74;0;2029;195344;100084;95260
75;0;2030;195592;100211;95381
76;0;2031;195616;100224;95392
77;0;2032;195520;100175;95345
78;0;2033;195225;100024;95201
79;0;2034;194716;99763;94953
80;0;2035;194051;99423;94628
81;0;2036;193266;99021;94245
82;0;2037;192331;98542;93789
83;0;2038;191404;98067;93337
84;0;2039;190443;97575;92868
85;0;2040;189571;97128;92443
86;0;2041;188786;96726;92060
87;0;2042;188126;96388;91738
88;0;2043;187669;96154;91515
89;0;2044;187390;96011;91379
90;0;2045;187276;95953;91323
91;0;2046;187386;96009;91377
92;0;2047;187591;96115;91476
93;0;2048;187978;96313;91665
94;0;2049;188453;96557;91896
95;0;2050;189028;96851;92177
96;1;2003;204353;104662;99691
97;1;2004;201899;103423;98476
98;1;2005;200438;102673;97765
99;1;2006;197015;100916;96099
100;1;2007;193567;99146;94421
101;1;2008;190312;97480;92832
102;1;2009;187372;95977;91395
103;1;2010;185069;94800;90269
104;1;2011;183216;93855;89361
105;1;2012;182044;93257;88787
106;1;2013;181433;92946;88487
107;1;2014;181314;92887;88427
108;1;2015;181678;93075;88603
109;1;2016;182305;93396;88909
110;1;2017;183209;93860;89349
111;1;2018;184304;94421;89883
112;1;2019;185549;95060;90489
113;1;2020;186919;95763;91156
114;1;2021;188347;96494;91853
115;1;2022;189602;97138;92464
116;1;2023;190833;97769;93064
117;1;2024;191925;98329;93596
118;1;2025;192875;98816;94059
119;1;2026;193736;99257;94479
120;1;2027;194453;99626;94827
121;1;2028;195030;99922;95108
122;1;2029;195504;100165;95339
123;1;2030;195812;100323;95489
124;1;2031;196060;100451;95609
125;1;2032;196082;100462;95620
126;1;2033;195986;100413;95573
127;1;2034;195693;100263;95430
128;1;2035;195186;100004;95182
129;1;2036;194523;99665;94858
130;1;2037;193744;99267;94477
131;1;2038;192813;98790;94023
132;1;2039;191892;98319;93573
133;1;2040;190935;97828;93107
134;1;2041;190067;97384;92683
135;1;2042;189286;96984;92302
136;1;2043;188630;96648;91982
137;1;2044;188175;96416;91759
138;1;2045;187898;96274;91624
139;1;2046;187786;96217;91569
140;1;2047;187895;96273;91622
141;1;2048;188098;96378;91720
142;1;2049;188483;96575;91908
143;1;2050;188957;96818;92139
144;2;2003;209044;106746;102298
145;2;2004;204751;104847;99904
146;2;2005;202284;103596;98688
147;2;2006;200830;102849;97981
148;2;2007;197445;101111;96334
149;2;2008;194063;99375;94688
150;2;2009;190882;97747;93135
151;2;2010;188010;96283;91727
152;2;2011;185763;95136;90627
153;2;2012;183948;94212;89736
154;2;2013;182793;93623;89170
155;2;2014;182189;93317;88872
156;2;2015;182072;93259;88813
157;2;2016;182440;93449;88991
158;2;2017;183067;93770;89297
159;2;2018;183972;94236;89736
160;2;2019;185061;94793;90268
161;2;2020;186303;95431;90872
162;2;2021;187667;96131;91536
163;2;2022;189088;96859;92229
164;2;2023;190340;97503;92837
165;2;2024;191564;98130;93434
166;2;2025;192651;98687;93964
167;2;2026;193597;99173;94424
168;2;2027;194453;99612;94841
169;2;2028;195165;99978;95187
170;2;2029;195741;100274;95467
171;2;2030;196213;100517;95696
172;2;2031;196518;100674;95844
173;2;2032;196766;100801;95965
174;2;2033;196788;100814;95974
175;2;2034;196692;100765;95927
176;2;2035;196400;100615;95785
177;2;2036;195896;100359;95537
178;2;2037;195237;100022;95215
179;2;2038;194462;99626;94836
180;2;2039;193534;99151;94383
181;2;2040;192619;98683;93936
182;2;2041;191665;98195;93470
183;2;2042;190804;97755;93049
184;2;2043;190026;97357;92669
185;2;2044;189373;97022;92351
186;2;2045;188921;96792;92129
187;2;2046;188645;96651;91994
188;2;2047;188533;96594;91939
189;2;2048;188643;96652;91991
190;2;2049;188847;96757;92090
191;2;2050;189230;96953;92277
192;3;2003;204346;104720;99626
193;3;2004;209379;106902;102477
194;3;2005;205098;105004;100094
195;3;2006;202670;103771;98899
196;3;2007;201252;103041;98211
197;3;2008;197935;101338;96597
198;3;2009;194626;99643;94983
199;3;2010;191513;98052;93461
200;3;2011;188695;96616;92079
201;3;2012;186485;95490;90995
202;3;2013;184683;94575;90108
203;3;2014;183538;93991;89547
204;3;2015;182937;93687;89250
205;3;2016;182826;93631;89195
206;3;2017;183195;93823;89372
207;3;2018;183822;94143;89679
208;3;2019;184727;94610;90117
209;3;2020;185814;95167;90647
210;3;2021;187055;95805;91250
211;3;2022;188412;96502;91910
212;3;2023;189827;97227;92600
213;3;2024;191076;97870;93206
214;3;2025;192293;98494;93799
215;3;2026;193377;99050;94327
216;3;2027;194319;99534;94785
217;3;2028;195172;99972;95200
218;3;2029;195881;100337;95544
219;3;2030;196455;100632;95823
220;3;2031;196926;100875;96051
221;3;2032;197229;101031;96198
222;3;2033;197477;101159;96318
223;3;2034;197499;101172;96327
224;3;2035;197402;101123;96279
225;3;2036;197113;100975;96138
226;3;2037;196612;100721;95891
227;3;2038;195956;100386;95570
228;3;2039;195184;99992;95192
229;3;2040;194262;99520;94742
230;3;2041;193350;99054;94296
231;3;2042;192403;98570;93833
232;3;2043;191546;98133;93413
233;3;2044;190771;97736;93035
234;3;2045;190121;97403;92718
235;3;2046;189671;97174;92497
236;3;2047;189397;97035;92362
237;3;2048;189288;96980;92308
238;3;2049;189397;97037;92360
239;3;2050;189601;97143;92458
240;4;2003;202854;103771;99083
241;4;2004;204729;104898;99831
242;4;2005;209682;107041;102641
243;4;2006;205454;105165;100289
244;4;2007;203093;103964;99129
245;4;2008;201737;103269;98468
246;4;2009;198490;101603;96887
247;4;2010;195251;99947;95304
248;4;2011;192190;98385;93805
249;4;2012;189404;96966;92438
250;4;2013;187210;95851;91359
251;4;2014;185417;94940;90477
252;4;2015;184275;94358;89917
253;4;2016;183683;94059;89624
254;4;2017;183572;94003;89569
255;4;2018;183946;94197;89749
256;4;2019;184574;94518;90056
257;4;2020;185478;94984;90494
258;4;2021;186562;95540;91022
259;4;2022;187797;96175;91622
260;4;2023;189151;96871;92280
261;4;2024;190562;97595;92967
262;4;2025;191805;98234;93571
263;4;2026;193019;98858;94161
264;4;2027;194099;99413;94686
265;4;2028;195038;99894;95144
266;4;2029;195888;100332;95556
267;4;2030;196594;100696;95898
268;4;2031;197166;100990;96176
269;4;2032;197637;101234;96403
270;4;2033;197938;101389;96549
271;4;2034;198186;101517;96669
272;4;2035;198209;101532;96677
273;4;2036;198113;101483;96630
274;4;2037;197825;101336;96489
275;4;2038;197326;101083;96243
276;4;2039;196674;100751;95923
277;4;2040;195906;100359;95547
278;4;2041;194987;99889;95098
279;4;2042;194080;99426;94654
280;4;2043;193137;98945;94192
281;4;2044;192285;98510;93775
282;4;2045;191514;98116;93398
283;4;2046;190868;97785;93083
284;4;2047;190420;97558;92862
285;4;2048;190147;97419;92728
286;4;2049;190040;97366;92674
287;4;2050;190149;97423;92726
288;5;2003;196477;100128;96349
289;5;2004;203242;103950;99292
290;5;2005;205061;105050;100011
291;5;2006;209977;107173;102804
292;5;2007;205832;105336;100496
293;5;2008;203556;104180;99376
294;5;2009;202270;103523;98747
295;5;2010;199089;101894;97195
296;5;2011;195900;100266;95634
297;5;2012;192871;98723;94148
298;5;2013;190101;97312;92789
299;5;2014;187912;96200;91712
300;5;2015;186123;95291;90832
301;5;2016;184985;94710;90275
302;5;2017;184399;94415;89984
303;5;2018;184293;94361;89932
304;5;2019;184668;94556;90112
305;5;2020;185297;94878;90419
306;5;2021;186199;95343;90856
307;5;2022;187282;95899;91383
308;5;2023;188513;96533;91980
309;5;2024;189862;97227;92635
310;5;2025;191269;97948;93321
311;5;2026;192508;98586;93922
312;5;2027;193719;99208;94511
313;5;2028;194794;99761;95033
314;5;2029;195730;100242;95488
315;5;2030;196578;100679;95899
316;5;2031;197282;101042;96240
317;5;2032;197853;101335;96518
318;5;2033;198322;101579;96743
319;5;2034;198622;101735;96887
320;5;2035;198869;101862;97007
321;5;2036;198893;101878;97015
322;5;2037;198797;101829;96968
323;5;2038;198511;101684;96827
324;5;2039;198014;101431;96583
325;5;2040;197366;101103;96263
326;5;2041;196601;100712;95889
327;5;2042;195687;100245;95442
328;5;2043;194785;99785;95000
329;5;2044;193846;99306;94540
330;5;2045;192997;98873;94124
331;5;2046;192231;98482;93749
332;5;2047;191586;98152;93434
333;5;2048;191139;97925;93214
334;5;2049;190870;97789;93081
335;5;2050;190762;97735;93027
336;6;2003;194800;100154;94646
337;6;2004;196884;100326;96558
338;6;2005;203574;104102;99472
339;6;2006;205382;105198;100184
340;6;2007;210296;107321;102975
341;6;2008;206247;105531;100716
342;6;2009;204059;104422;99637
343;6;2010;202833;103799;99034
344;6;2011;199702;102198;97504
345;6;2012;196545;100587;95958
346;6;2013;193529;99053;94476
347;6;2014;190761;97642;93119
348;6;2015;188574;96530;92044
349;6;2016;186789;95625;91164
350;6;2017;185657;95046;90611
351;6;2018;185076;94754;90322
352;6;2019;184972;94701;90271
353;6;2020;185350;94898;90452
354;6;2021;185979;95221;90758
355;6;2022;186878;95684;91194
356;6;2023;187959;96239;91720
357;6;2024;189187;96872;92315
358;6;2025;190534;97565;92969
359;6;2026;191934;98283;93651
360;6;2027;193172;98921;94251
361;6;2028;194378;99541;94837
362;6;2029;195449;100092;95357
363;6;2030;196384;100573;95811
364;6;2031;197229;101008;96221
365;6;2032;197931;101371;96560
366;6;2033;198501;101664;96837
367;6;2034;198968;101907;97061
368;6;2035;199268;102063;97205
369;6;2036;199516;102191;97325
370;6;2037;199538;102206;97332
371;6;2038;199445;102159;97286
372;6;2039;199158;102014;97144
373;6;2040;198665;101764;96901
374;6;2041;198021;101438;96583
375;6;2042;197258;101048;96210
376;6;2043;196347;100583;95764
377;6;2044;195450;100126;95324
378;6;2045;194513;99648;94865
379;6;2046;193668;99217;94451
380;6;2047;192906;98829;94077
381;6;2048;192264;98500;93764
382;6;2049;191818;98274;93544
383;6;2050;191551;98139;93412
384;7;2003;195207;99756;95451
385;7;2004;195210;100352;94858
386;7;2005;197241;100499;96742
387;7;2006;203901;104253;99648
388;7;2007;205730;105362;100368
389;7;2008;210668;107498;103170
390;7;2009;206711;105755;100956
391;7;2010;204598;104686;99912
392;7;2011;203416;104088;99328
393;7;2012;200315;102504;97811
394;7;2013;197171;100901;96270
395;7;2014;194157;99368;94789
396;7;2015;191392;97959;93433
397;7;2016;189209;96848;92361
398;7;2017;187428;95945;91483
399;7;2018;186300;95369;90931
400;7;2019;185723;95078;90645
401;7;2020;185622;95027;90595
402;7;2021;186001;95225;90776
403;7;2022;186629;95547;91082
404;7;2023;187528;96011;91517
405;7;2024;188605;96564;92041
406;7;2025;189831;97197;92634
407;7;2026;191174;97888;93286
408;7;2027;192570;98604;93966
409;7;2028;193806;99241;94565
410;7;2029;195008;99860;95148
411;7;2030;196078;100410;95668
412;7;2031;197010;100890;96120
413;7;2032;197852;101324;96528
414;7;2033;198553;101687;96866
415;7;2034;199121;101979;97142
416;7;2035;199588;102223;97365
417;7;2036;199888;102379;97509
418;7;2037;200133;102506;97627
419;7;2038;200158;102523;97635
420;7;2039;200065;102476;97589
421;7;2040;199781;102333;97448
422;7;2041;199289;102084;97205
423;7;2042;198647;101759;96888
424;7;2043;197887;101371;96516
425;7;2044;196980;100908;96072
426;7;2045;196085;100452;95633
427;7;2046;195151;99976;95175
428;7;2047;194310;99548;94762
429;7;2048;193551;99161;94390
430;7;2049;192912;98834;94078
431;7;2050;192468;98609;93859
432;8;2003;200415;102511;97904
433;8;2004;195637;99964;95673
434;8;2005;195575;100525;95050
435;8;2006;197594;100667;96927
436;8;2007;204258;104419;99839
437;8;2008;206123;105549;100574
438;8;2009;211093;107704;103389
439;8;2010;207213;106000;101213
440;8;2011;205158;104962;100196
441;8;2012;204006;104381;99625
442;8;2013;200919;102805;98114
443;8;2014;197775;101202;96573
444;8;2015;194762;99669;95093
445;8;2016;192004;98264;93740
446;8;2017;189821;97153;92668
447;8;2018;188046;96254;91792
448;8;2019;186921;95679;91242
449;8;2020;186347;95390;90957
450;8;2021;186251;95342;90909
451;8;2022;186629;95539;91090
452;8;2023;187257;95862;91395
453;8;2024;188154;96325;91829
454;8;2025;189229;96877;92352
455;8;2026;190452;97509;92943
456;8;2027;191793;98199;93594
457;8;2028;193185;98914;94271
458;8;2029;194419;99550;94869
459;8;2030;195619;100168;95451
460;8;2031;196685;100717;95968
461;8;2032;197618;101198;96420
462;8;2033;198456;101630;96826
463;8;2034;199157;101993;97164
464;8;2035;199722;102284;97438
465;8;2036;200189;102528;97661
466;8;2037;200489;102685;97804
467;8;2038;200733;102811;97922
468;8;2039;200759;102829;97930
469;8;2040;200667;102783;97884
470;8;2041;200382;102640;97742
471;8;2042;199894;102393;97501
472;8;2043;199254;102069;97185
473;8;2044;198495;101681;96814
474;8;2045;197592;101221;96371
475;8;2046;196699;100766;95933
476;8;2047;195770;100293;95477
477;8;2048;194931;99866;95065
478;8;2049;194176;99481;94695
479;8;2050;193539;99156;94383
480;9;2003;199855;102087;97768
481;9;2004;200841;102709;98132
482;9;2005;196028;100149;95879
483;9;2006;195938;100694;95244
484;9;2007;197971;100847;97124
485;9;2008;204657;104608;100049
486;9;2009;206566;105762;100804
487;9;2010;211564;107934;103630
488;9;2011;207745;106261;101484
489;9;2012;205728;105244;100484
490;9;2013;204586;104669;99917
491;9;2014;201503;103096;98407
492;9;2015;198359;101492;96867
493;9;2016;195348;99960;95388
494;9;2017;192594;98558;94036
495;9;2018;190413;97448;92965
496;9;2019;188645;96553;92092
497;9;2020;187524;95979;91545
498;9;2021;186952;95691;91261
499;9;2022;186859;95645;91214
500;9;2023;187235;95841;91394
501;9;2024;187864;96165;91699
502;9;2025;188760;96628;92132
503;9;2026;189834;97180;92654
504;9;2027;191054;97811;93243
505;9;2028;192392;98499;93893
506;9;2029;193782;99214;94568
507;9;2030;195013;99848;95165
508;9;2031;196211;100466;95745
509;9;2032;197275;101014;96261
510;9;2033;198206;101494;96712
511;9;2034;199042;101926;97116
512;9;2035;199742;102288;97454
513;9;2036;200306;102579;97727
514;9;2037;200772;102823;97949
515;9;2038;201072;102980;98092
516;9;2039;201317;103107;98210
517;9;2040;201342;103125;98217
518;9;2041;201252;103080;98172
519;9;2042;200967;102937;98030
520;9;2043;200482;102692;97790
521;9;2044;199843;102370;97473
522;9;2045;199088;101984;97104
523;9;2046;198186;101524;96662
524;9;2047;197297;101072;96225
525;9;2048;196370;100600;95770
526;9;2049;195534;100174;95360
527;9;2050;194781;99791;94990
528;10;2003;201788;103344;98444
529;10;2004;200282;102283;97999
530;10;2005;201232;102889;98343
531;10;2006;196417;100331;96086
532;10;2007;196329;100875;95454
533;10;2008;198393;101046;97347
534;10;2009;205108;104821;100287
535;10;2010;207053;105995;101058
536;10;2011;212068;108177;103891
537;10;2012;208293;106527;101766
538;10;2013;206299;105522;100777
539;10;2014;205155;104946;100209
540;10;2015;202073;103374;98699
541;10;2016;198933;101771;97162
542;10;2017;195926;100242;95684
543;10;2018;193174;98841;94333
544;10;2019;190996;97733;93263
545;10;2020;189233;96840;92393
546;10;2021;188113;96267;91846
547;10;2022;187544;95981;91563
548;10;2023;187453;95936;91517
549;10;2024;187828;96132;91696
550;10;2025;188458;96457;92001
551;10;2026;189352;96919;92433
552;10;2027;190424;97471;92953
553;10;2028;191644;98102;93542
554;10;2029;192979;98788;94191
555;10;2030;194367;99503;94864
556;10;2031;195595;100136;95459
557;10;2032;196792;100754;96038
558;10;2033;197855;101302;96553
559;10;2034;198784;101781;97003
560;10;2035;199618;102212;97406
561;10;2036;200317;102574;97743
562;10;2037;200882;102866;98016
563;10;2038;201346;103109;98237
564;10;2039;201645;103266;98379
565;10;2040;201891;103394;98497
566;10;2041;201916;103412;98504
567;10;2042;201827;103368;98459
568;10;2043;201542;103225;98317
569;10;2044;201059;102982;98077
570;10;2045;200423;102661;97762
571;10;2046;199669;102276;97393
572;10;2047;198770;101818;96952
573;10;2048;197883;101366;96517
574;10;2049;196960;100897;96063
575;10;2050;196126;100472;95654
576;11;2003;204506;104481;100025
577;11;2004;202230;103548;98682
578;11;2005;200676;102463;98213
579;11;2006;201621;103066;98555
580;11;2007;196826;100522;96304
581;11;2008;196760;101075;95685
582;11;2009;198860;101267;97593
583;11;2010;205600;105052;100548
584;11;2011;207576;106246;101330
585;11;2012;212598;108433;104165
586;11;2013;208849;106794;102055
587;11;2014;206865;105794;101071
588;11;2015;205720;105216;100504
589;11;2016;202642;103647;98995
590;11;2017;199502;102045;97457
591;11;2018;196497;100516;95981
592;11;2019;193751;99119;94632
593;11;2020;191575;98012;93563
594;11;2021;189813;97119;92694
595;11;2022;188697;96549;92148
596;11;2023;188131;96264;91867
597;11;2024;188038;96218;91820
598;11;2025;188416;96416;92000
599;11;2026;189045;96741;92304
600;11;2027;189938;97203;92735
601;11;2028;191009;97755;93254
602;11;2029;192229;98386;93843
603;11;2030;193562;99072;94490
604;11;2031;194948;99786;95162
605;11;2032;196175;100419;95756
606;11;2033;197369;101036;96333
607;11;2034;198429;101582;96847
608;11;2035;199358;102062;97296
609;11;2036;200192;102493;97699
610;11;2037;200889;102855;98034
611;11;2038;201453;103146;98307
612;11;2039;201917;103389;98528
613;11;2040;202217;103547;98670
614;11;2041;202460;103673;98787
615;11;2042;202486;103693;98793
616;11;2043;202398;103649;98749
617;11;2044;202114;103507;98607
618;11;2045;201634;103266;98368
619;11;2046;200998;102945;98053
620;11;2047;200246;102561;97685
621;11;2048;199350;102105;97245
622;11;2049;198465;101654;96811
623;11;2050;197545;101187;96358
624;12;2003;204952;105065;99887
625;12;2004;204948;104684;100264
626;12;2005;202640;103737;98903
627;12;2006;201072;102645;98427
628;12;2007;202032;103255;98777
629;12;2008;197274;100732;96542
630;12;2009;197239;101301;95938
631;12;2010;199369;101509;97860
632;12;2011;206127;105303;100824
633;12;2012;208124;106508;101616
634;12;2013;213139;108692;104447
635;12;2014;209408;107061;102347
636;12;2015;207431;106065;101366
637;12;2016;206284;105486;100798
638;12;2017;203208;103917;99291
639;12;2018;200074;102319;97755
640;12;2019;197072;100792;96280
641;12;2020;194325;99394;94931
642;12;2021;192154;98290;93864
643;12;2022;190396;97399;92997
644;12;2023;189279;96829;92450
645;12;2024;188716;96546;92170
646;12;2025;188624;96501;92123
647;12;2026;189003;96699;92304
648;12;2027;189632;97025;92607
649;12;2028;190525;97487;93038
650;12;2029;191595;98038;93557
651;12;2030;192812;98669;94143
652;12;2031;194142;99353;94789
653;12;2032;195528;100067;95461
654;12;2033;196755;100701;96054
655;12;2034;197947;101317;96630
656;12;2035;199004;101861;97143
657;12;2036;199933;102342;97591
658;12;2037;200765;102772;97993
659;12;2038;201461;103134;98327
660;12;2039;202024;103425;98599
661;12;2040;202488;103668;98820
662;12;2041;202788;103826;98962
663;12;2042;203032;103953;99079
664;12;2043;203059;103973;99086
665;12;2044;202969;103929;99040
666;12;2045;202687;103788;98899
667;12;2046;202208;103547;98661
668;12;2047;201573;103227;98346
669;12;2048;200825;102845;97980
670;12;2049;199930;102390;97540
671;12;2050;199046;101940;97106
672;13;2003;197029;100439;96590
673;13;2004;205416;105284;100132
674;13;2005;205372;104884;100488
675;13;2006;203057;103936;99121
676;13;2007;201495;102844;98651
677;13;2008;202492;103475;99017
678;13;2009;197778;100975;96803
679;13;2010;197770;101558;96212
680;13;2011;199924;101779;98145
681;13;2012;206690;105577;101113
682;13;2013;208689;106782;101907
683;13;2014;213691;108959;104732
684;13;2015;209977;107336;102641
685;13;2016;208005;106344;101661
686;13;2017;206860;105766;101094
687;13;2018;203784;104196;99588
688;13;2019;200653;102599;98054
689;13;2020;197654;101074;96580
690;13;2021;194910;99678;95232
691;13;2022;192741;98575;94166
692;13;2023;190984;97684;93300
693;13;2024;189872;97117;92755
694;13;2025;189308;96834;92474
695;13;2026;189219;96791;92428
696;13;2027;189597;96988;92609
697;13;2028;190227;97315;92912
698;13;2029;191119;97777;93342
699;13;2030;192188;98328;93860
700;13;2031;193404;98958;94446
701;13;2032;194733;99642;95091
702;13;2033;196116;100355;95761
703;13;2034;197340;100987;96353
704;13;2035;198531;101602;96929
705;13;2036;199588;102147;97441
706;13;2037;200516;102627;97889
707;13;2038;201346;103057;98289
708;13;2039;202041;103418;98623
709;13;2040;202604;103709;98895
710;13;2041;203067;103952;99115
711;13;2042;203367;104110;99257
712;13;2043;203612;104238;99374
713;13;2044;203638;104258;99380
714;13;2045;203548;104214;99334
715;13;2046;203268;104074;99194
716;13;2047;202789;103833;98956
717;13;2048;202157;103515;98642
718;13;2049;201409;103133;98276
719;13;2050;200516;102679;97837
720;14;2003;195123;99792;95331
721;14;2004;197600;100751;96849
722;14;2005;205911;105550;100361
723;14;2006;205843;105136;100707
724;14;2007;203535;104187;99348
725;14;2008;202004;103108;98896
726;14;2009;203038;103759;99279
727;14;2010;198366;101282;97084
728;14;2011;198376;101872;96504
729;14;2012;200549;102105;98444
730;14;2013;207309;105898;101411
731;14;2014;209305;107100;102205
732;14;2015;214290;109268;105022
733;14;2016;210591;107652;102939
734;14;2017;208624;106662;101962
735;14;2018;207480;106084;101396
736;14;2019;204406;104515;99891
737;14;2020;201276;102919;98357
738;14;2021;198276;101393;96883
739;14;2022;195534;99997;95537
740;14;2023;193366;98894;94472
741;14;2024;191612;98005;93607
742;14;2025;190500;97437;93063
743;14;2026;189937;97155;92782
744;14;2027;189848;97111;92737
745;14;2028;190226;97309;92917
746;14;2029;190856;97635;93221
747;14;2030;191745;98096;93649
748;14;2031;192812;98645;94167
749;14;2032;194026;99274;94752
750;14;2033;195354;99957;95397
751;14;2034;196733;100668;96065
752;14;2035;197956;101299;96657
753;14;2036;199144;101913;97231
754;14;2037;200199;102456;97743
755;14;2038;201125;102935;98190
756;14;2039;201953;103364;98589
757;14;2040;202646;103724;98922
758;14;2041;203208;104014;99194
759;14;2042;203671;104256;99415
760;14;2043;203969;104413;99556
761;14;2044;204213;104540;99673
762;14;2045;204239;104560;99679
763;14;2046;204150;104516;99634
764;14;2047;203867;104375;99492
765;14;2048;203389;104134;99255
766;14;2049;202756;103814;98942
767;14;2050;202008;103432;98576
768;15;2003;196220;100789;95431
769;15;2004;195900;100289;95611
770;15;2005;198272;101178;97094
771;15;2006;206515;105924;100591
772;15;2007;206440;105497;100943
773;15;2008;204160;104558;99602
774;15;2009;202667;103496;99171
775;15;2010;203739;104166;99573
776;15;2011;199099;101705;97394
777;15;2012;199118;102298;96820
778;15;2013;201292;102531;98761
779;15;2014;208039;106315;101724
780;15;2015;210029;107512;102517
781;15;2016;215001;109674;105327
782;15;2017;211314;108062;103252
783;15;2018;209349;107070;102279
784;15;2019;208202;106490;101712
785;15;2020;205127;104918;100209
786;15;2021;201998;103321;98677
787;15;2022;198996;101792;97204
788;15;2023;196252;100394;95858
789;15;2024;194084;99290;94794
790;15;2025;192330;98399;93931
791;15;2026;191218;97830;93388
792;15;2027;190653;97545;93108
793;15;2028;190561;97499;93062
794;15;2029;190938;97695;93243
795;15;2030;191564;98018;93546
796;15;2031;192450;98476;93974
797;15;2032;193514;99023;94491
798;15;2033;194724;99648;95076
799;15;2034;196047;100327;95720
800;15;2035;197422;101035;96387
801;15;2036;198641;101663;96978
802;15;2037;199825;102274;97551
803;15;2038;200874;102812;98062
804;15;2039;201798;103289;98509
805;15;2040;202622;103715;98907
806;15;2041;203312;104072;99240
807;15;2042;203869;104358;99511
808;15;2043;204329;104598;99731
809;15;2044;204624;104752;99872
810;15;2045;204864;104875;99989
811;15;2046;204888;104893;99995
812;15;2047;204796;104846;99950
813;15;2048;204512;104703;99809
814;15;2049;204031;104459;99572
815;15;2050;203396;104137;99259
816;16;2003;195462;99833;95629
817;16;2004;197228;101485;95743
818;16;2005;196774;100884;95890
819;16;2006;199054;101701;97353
820;16;2007;207252;106402;100850
821;16;2008;207201;105983;101218
822;16;2009;204965;105065;99900
823;16;2010;203510;104020;99490
824;16;2011;204609;104703;99906
825;16;2012;199994;102253;97741
826;16;2013;200010;102840;97170
827;16;2014;202175;103066;99109
828;16;2015;208905;106839;102066
829;16;2016;210888;108030;102858
830;16;2017;215842;110181;105661
831;16;2018;212168;108573;103595
832;16;2019;210203;107579;102624
833;16;2020;209050;106992;102058
834;16;2021;205972;105417;100555
835;16;2022;202838;103815;99023
836;16;2023;199834;102282;97552
837;16;2024;197088;100881;96207
838;16;2025;194916;99772;95144
839;16;2026;193157;98876;94281
840;16;2027;192043;98304;93739
841;16;2028;191476;98015;93461
842;16;2029;191380;97965;93415
843;16;2030;191751;98155;93596
844;16;2031;192373;98474;93899
845;16;2032;193253;98926;94327
846;16;2033;194311;99468;94843
847;16;2034;195514;100087;95427
848;16;2035;196829;100760;96069
849;16;2036;198197;101462;96735
850;16;2037;199410;102085;97325
851;16;2038;200588;102690;97898
852;16;2039;201630;103222;98408
853;16;2040;202547;103693;98854
854;16;2041;203366;104114;99252
855;16;2042;204048;104464;99584
856;16;2043;204601;104746;99855
857;16;2044;205054;104980;100074
858;16;2045;205344;105129;100215
859;16;2046;205578;105246;100332
860;16;2047;205597;105259;100338
861;16;2048;205500;105207;100293
862;16;2049;205211;105059;100152
863;16;2050;204727;104811;99916
864;17;2003;191181;98082;93099
865;17;2004;196619;100636;95983
866;17;2005;198234;102169;96065
867;17;2006;197682;101485;96197
868;17;2007;199916;102260;97656
869;17;2008;208115;106951;101164
870;17;2009;208110;106556;101554
871;17;2010;205920;105661;100259
872;17;2011;204500;104630;99870
873;17;2012;205621;105321;100300
874;17;2013;201016;102875;98141
875;17;2014;201022;103453;97569
876;17;2015;203177;103672;99505
877;17;2016;209888;107432;102456
878;17;2017;211862;108615;103247
879;17;2018;216795;110753;106042
880;17;2019;213130;109146;103984
881;17;2020;211164;108148;103016
882;17;2021;210004;107555;102449
883;17;2022;206922;105974;100948
884;17;2023;203784;104367;99417
885;17;2024;200777;102830;97947
886;17;2025;198027;101424;96603
887;17;2026;195851;100310;95541
888;17;2027;194090;99410;94680
889;17;2028;192971;98831;94140
890;17;2029;192399;98538;93861
891;17;2030;192299;98483;93816
892;17;2031;192663;98666;93997
893;17;2032;193278;98978;94300
894;17;2033;194150;99424;94726
895;17;2034;195202;99960;95242
896;17;2035;196397;100572;95825
897;17;2036;197703;101237;96466
898;17;2037;199064;101933;97131
899;17;2038;200268;102548;97720
900;17;2039;201439;103147;98292
901;17;2040;202472;103671;98801
902;17;2041;203383;104136;99247
903;17;2042;204191;104549;99642
904;17;2043;204866;104892;99974
905;17;2044;205413;105168;100245
906;17;2045;205858;105394;100464
907;17;2046;206142;105538;100604
908;17;2047;206370;105649;100721
909;17;2048;206381;105654;100727
910;17;2049;206278;105596;100682
911;17;2050;205984;105442;100542
912;18;2003;189122;97433;91689
913;18;2004;192373;98676;93697
914;18;2005;197696;101148;96548
915;18;2006;199250;102630;96620
916;18;2007;198681;101926;96755
917;18;2008;200940;102713;98227
918;18;2009;209177;107421;101756
919;18;2010;209232;107058;102174
920;18;2011;207095;106189;100906
921;18;2012;205709;105173;100536
922;18;2013;206843;105870;100973
923;18;2014;202245;103427;98818
924;18;2015;202240;103995;98245
925;18;2016;204386;104211;100175
926;18;2017;211078;107958;103120
927;18;2018;213048;109138;103910
928;18;2019;217963;111266;106697
929;18;2020;214308;109662;104646
930;18;2021;212348;108664;103684
931;18;2022;211184;108068;103116
932;18;2023;208101;106486;101615
933;18;2024;204963;104878;100085
934;18;2025;201955;103338;98617
935;18;2026;199207;101932;97275
936;18;2027;197033;100818;96215
937;18;2028;195271;99916;95355
938;18;2029;194150;99334;94816
939;18;2030;193577;99039;94538
940;18;2031;193475;98981;94494
941;18;2032;193838;99163;94675
942;18;2033;194446;99470;94976
943;18;2034;195314;99912;95402
944;18;2035;196361;100444;95917
945;18;2036;197551;101052;96499
946;18;2037;198853;101714;97139
947;18;2038;200206;102404;97802
948;18;2039;201404;103014;98390
949;18;2040;202569;103609;98960
950;18;2041;203598;104130;99468
951;18;2042;204504;104591;99913
952;18;2043;205307;104999;100308
953;18;2044;205976;105337;100639
954;18;2045;206519;105610;100909
955;18;2046;206961;105833;101128
956;18;2047;207239;105972;101267
957;18;2048;207464;106080;101384
958;18;2049;207470;106080;101390
959;18;2050;207365;106020;101345
960;19;2003;185449;94983;90466
961;19;2004;190328;97765;92563
962;19;2005;193508;98976;94532
963;19;2006;198803;101431;97372
964;19;2007;200379;102919;97460
965;19;2008;199867;102243;97624
966;19;2009;202195;103068;99127
967;19;2010;210486;107800;102686
968;19;2011;210611;107471;103140
969;19;2012;208525;106628;101897
970;19;2013;207165;105625;101540
971;19;2014;208306;106327;101979
972;19;2015;203719;103891;99828
973;19;2016;203707;104454;99253
974;19;2017;205846;104669;101177
975;19;2018;212521;108407;104114
976;19;2019;214488;109586;104902
977;19;2020;219386;111707;107679
978;19;2021;215749;110112;105637
979;19;2022;213795;109117;104678
980;19;2023;212632;108523;104109
981;19;2024;209555;106945;102610
982;19;2025;206422;105340;101082
983;19;2026;203420;103804;99616
984;19;2027;200676;102400;98276
985;19;2028;198506;101288;97218
986;19;2029;196751;100391;96360
987;19;2030;195634;99811;95823
988;19;2031;195062;99518;95544
989;19;2032;194963;99462;95501
990;19;2033;195326;99644;95682
991;19;2034;195934;99952;95982
992;19;2035;196802;100394;96408
993;19;2036;197847;100926;96921
994;19;2037;199034;101532;97502
995;19;2038;200334;102194;98140
996;19;2039;201684;102883;98801
997;19;2040;202879;103491;99388
998;19;2041;204041;104085;99956
999;19;2042;205069;104606;100463
1000;19;2043;205974;105067;100907
1001;19;2044;206775;105474;101301
1002;19;2045;207441;105811;101630
1003;19;2046;207983;106083;101900
1004;19;2047;208423;106306;102117
1005;19;2048;208703;106446;102257
1006;19;2049;208927;106554;102373
1007;19;2050;208933;106554;102379
1008;20;2003;188528;96168;92360
1009;20;2004;186762;95310;91452
1010;20;2005;191524;98040;93484
1011;20;2006;194691;99246;95445
1012;20;2007;200017;101709;98308
1013;20;2008;201672;103229;98443
1014;20;2009;201262;102602;98660
1015;20;2010;203676;103469;100207
1016;20;2011;212019;108220;103799
1017;20;2012;212207;107924;104283
1018;20;2013;210152;107097;103055
1019;20;2014;208808;106104;102704
1020;20;2015;209953;106812;103141
1021;20;2016;205384;104386;100998
1022;20;2017;205365;104945;100420
1023;20;2018;207497;105160;102337
1024;20;2019;214151;108885;105266
1025;20;2020;216116;110064;106052
1026;20;2021;220994;112178;108816
1027;20;2022;217377;110594;106783
1028;20;2023;215433;109605;105828
1029;20;2024;214271;109013;105258
1030;20;2025;211203;107441;103762
1031;20;2026;208079;105842;102237
1032;20;2027;205083;104311;100772
1033;20;2028;202349;102913;99436
1034;20;2029;200187;101807;98380
1035;20;2030;198439;100915;97524
1036;20;2031;197329;100340;96989
1037;20;2032;196760;100049;96711
1038;20;2033;196665;99996;96669
1039;20;2034;197029;100180;96849
1040;20;2035;197637;100488;97149
1041;20;2036;198504;100931;97573
1042;20;2037;199548;101464;98084
1043;20;2038;200733;102070;98663
1044;20;2039;202031;102731;99300
1045;20;2040;203376;103418;99958
1046;20;2041;204570;104026;100544
1047;20;2042;205730;104620;101110
1048;20;2043;206754;105139;101615
1049;20;2044;207657;105600;102057
1050;20;2045;208458;106008;102450
1051;20;2046;209124;106346;102778
1052;20;2047;209665;106618;103047
1053;20;2048;210104;106841;103263
1054;20;2049;210384;106982;103402
1055;20;2050;210609;107091;103518
1056;21;2003;194828;98410;96418
1057;21;2004;189946;96544;93402
1058;21;2005;188096;95647;92449
1059;21;2006;192808;98348;94460
1060;21;2007;196027;99575;96452
1061;21;2008;201446;102074;99372
1062;21;2009;203219;103641;99578
1063;21;2010;202926;103068;99858
1064;21;2011;205425;103976;101449
1065;21;2012;213793;108733;105060
1066;21;2013;214014;108458;105556
1067;21;2014;211978;107642;104336
1068;21;2015;210648;106659;103989
1069;21;2016;211797;107372;104425
1070;21;2017;207250;104960;102290
1071;21;2018;207225;105514;101711
1072;21;2019;209348;105728;103620
1073;21;2020;215974;109437;106537
1074;21;2021;217933;110613;107320
1075;21;2022;222786;112716;110070
1076;21;2023;219191;111144;108047
1077;21;2024;217261;110164;107097
1078;21;2025;216103;109576;106527
1079;21;2026;213045;108011;105034
1080;21;2027;209930;106418;103512
1081;21;2028;206947;104896;102051
1082;21;2029;204222;103504;100718
1083;21;2030;202070;102404;99666
1084;21;2031;200330;101518;98812
1085;21;2032;199227;100948;98279
1086;21;2033;198663;100661;98002
1087;21;2034;198570;100610;97960
1088;21;2035;198936;100796;98140
1089;21;2036;199544;101105;98439
1090;21;2037;200409;101548;98861
1091;21;2038;201451;102080;99371
1092;21;2039;202633;102686;99947
1093;21;2040;203928;103346;100582
1094;21;2041;205271;104033;101238
1095;21;2042;206460;104639;101821
1096;21;2043;207617;105232;102385
1097;21;2044;208639;105751;102888
1098;21;2045;209540;106212;103328
1099;21;2046;210339;106620;103719
1100;21;2047;211003;106957;104046
1101;21;2048;211544;107230;104314
1102;21;2049;211984;107454;104530
1103;21;2050;212264;107596;104668
1104;22;2003;198737;100371;98366
1105;22;2004;196342;98869;97473
1106;22;2005;191337;96934;94403
1107;22;2006;189489;96028;93461
1108;22;2007;194232;98734;95498
1109;22;2008;197564;100009;97555
1110;22;2009;203111;102560;100551
1111;22;2010;205011;104176;100835
1112;22;2011;204823;103654;101169
1113;22;2012;207373;104588;102785
1114;22;2013;215725;109333;106392
1115;22;2014;215958;109072;106886
1116;22;2015;213936;108265;105671
1117;22;2016;212622;107292;105330
1118;22;2017;213774;108007;105767
1119;22;2018;209252;105612;103640
1120;22;2019;209221;106160;103061
1121;22;2020;211335;106373;104962
1122;22;2021;217929;110063;107866
1123;22;2022;219880;111236;108644
1124;22;2023;224704;113326;111378
1125;22;2024;221136;111768;109368
1126;22;2025;219220;110797;108423
1127;22;2026;218066;110212;107854
1128;22;2027;215019;108654;106365
1129;22;2028;211919;107072;104847
1130;22;2029;208948;105557;103391
1131;22;2030;206234;104173;102061
1132;22;2031;204094;103081;101013
1133;22;2032;202363;102200;100163
1134;22;2033;201268;101637;99631
1135;22;2034;200710;101354;99356
1136;22;2035;200619;101305;99314
1137;22;2036;200985;101492;99493
1138;22;2037;201593;101802;99791
1139;22;2038;202457;102246;100211
1140;22;2039;203496;102777;100719
1141;22;2040;204674;103381;101293
1142;22;2041;205963;104039;101924
1143;22;2042;207302;104724;102578
1144;22;2043;208487;105330;103157
1145;22;2044;209640;105920;103720
1146;22;2045;210659;106439;104220
1147;22;2046;211555;106898;104657
1148;22;2047;212353;107306;105047
1149;22;2048;213015;107642;105373
1150;22;2049;213554;107915;105639
1151;22;2050;213993;108139;105854
1152;23;2003;193969;97549;96420
1153;23;2004;200257;100886;99371
1154;23;2005;197730;99319;98411
1155;23;2006;192703;97353;95350
1156;23;2007;190940;96475;94465
1157;23;2008;195773;99213;96560
1158;23;2009;199253;100555;98698
1159;23;2010;204923;103155;101768
1160;23;2011;206927;104816;102111
1161;23;2012;206804;104327;102477
1162;23;2013;209362;105273;104089
1163;23;2014;217667;109992;107675
1164;23;2015;217907;109742;108165
1165;23;2016;215904;108946;106958
1166;23;2017;214607;107983;106624
1167;23;2018;215761;108701;107060
1168;23;2019;211264;106322;104942
1169;23;2020;211229;106865;104364
1170;23;2021;213332;107077;106255
1171;23;2022;219889;110745;109144
1172;23;2023;221830;111913;109917
1173;23;2024;226625;113990;112635
1174;23;2025;223083;112445;110638
1175;23;2026;221182;111484;109698
1176;23;2027;220035;110904;109131
1177;23;2028;217000;109354;107646
1178;23;2029;213916;107782;106134
1179;23;2030;210962;106278;104684
1180;23;2031;208261;104902;103359
1181;23;2032;206132;103818;102314
1182;23;2033;204415;102946;101469
1183;23;2034;203327;102387;100940
1184;23;2035;202774;102108;100666
1185;23;2036;202686;102062;100624
1186;23;2037;203052;102250;100802
1187;23;2038;203658;102560;101098
1188;23;2039;204518;103002;101516
1189;23;2040;205554;103532;102022
1190;23;2041;206728;104135;102593
1191;23;2042;208010;104790;103220
1192;23;2043;209344;105473;103871
1193;23;2044;210524;106076;104448
1194;23;2045;211670;106663;105007
1195;23;2046;212686;107181;105505
1196;23;2047;213578;107638;105940
1197;23;2048;214372;108044;106328
1198;23;2049;215031;108380;106651
1199;23;2050;215570;108654;106916
1200;24;2003;196614;98972;97642
1201;24;2004;195446;98126;97320
1202;24;2005;201552;101365;100187
1203;24;2006;199003;99777;99226
1204;24;2007;194044;97819;96225
1205;24;2008;192430;97003;95427
1206;24;2009;197378;99791;97587
1207;24;2010;200995;101197;99798
1208;24;2011;206754;103837;102917
1209;24;2012;208814;105522;103292
1210;24;2013;208706;105047;103659
1211;24;2014;211244;105992;105252
1212;24;2015;219496;110682;108814
1213;24;2016;219744;110441;109303
1214;24;2017;217759;109657;108102
1215;24;2018;216480;108705;107775
1216;24;2019;217634;109424;108210
1217;24;2020;213168;107063;106105
1218;24;2021;213125;107600;105525
1219;24;2022;215214;107810;107404
1220;24;2023;221733;111455;110278
1221;24;2024;223663;112618;111045
1222;24;2025;228424;114679;113745
1223;24;2026;224911;113149;111762
1224;24;2027;223027;112198;110829
1225;24;2028;221886;111622;110264
1226;24;2029;218868;110082;108786
1227;24;2030;215802;108522;107280
1228;24;2031;212864;107028;105836
1229;24;2032;210179;105662;104517
1230;24;2033;208065;104587;103478
1231;24;2034;206358;103722;102636
1232;24;2035;205278;103168;102110
1233;24;2036;204731;102894;101837
1234;24;2037;204647;102850;101797
1235;24;2038;205011;103037;101974
1236;24;2039;205615;103348;102267
1237;24;2040;206472;103788;102684
1238;24;2041;207503;104317;103186
1239;24;2042;208670;104916;103754
1240;24;2043;209947;105569;104378
1241;24;2044;211273;106248;105025
1242;24;2045;212447;106849;105598
1243;24;2046;213585;107432;106153
1244;24;2047;214597;107948;106649
1245;24;2048;215485;108403;107082
1246;24;2049;216274;108807;107467
1247;24;2050;216929;109141;107788
1248;25;2003;195680;98414;97266
1249;25;2004;197938;99540;98398
1250;25;2005;196651;98648;98003
1251;25;2006;202683;101834;100849
1252;25;2007;200200;100267;99933
1253;25;2008;195375;98356;97019
1254;25;2009;193935;97618;96317
1255;25;2010;198981;100451;98530
1256;25;2011;202696;101908;100788
1257;25;2012;208491;104566;103925
1258;25;2013;210554;106253;104301
1259;25;2014;210441;105782;104659
1260;25;2015;212953;106723;106230
1261;25;2016;221146;111380;109766
1262;25;2017;221408;111152;110256
1263;25;2018;219440;110377;109063
1264;25;2019;218180;109438;108742
1265;25;2020;219332;110157;109175
1266;25;2021;214897;107815;107082
1267;25;2022;214848;108345;106503
1268;25;2023;216923;108553;108370
1269;25;2024;223400;112174;111226
1270;25;2025;225317;113330;111987
1271;25;2026;230044;115376;114668
1272;25;2027;226563;113862;112701
1273;25;2028;224694;112919;111775
1274;25;2029;223562;112349;111213
1275;25;2030;220562;110820;109742
1276;25;2031;217516;109272;108244
1277;25;2032;214596;107789;106807
1278;25;2033;211927;106432;105495
1279;25;2034;209827;105366;104461
1280;25;2035;208132;104508;103624
1281;25;2036;207063;103961;103102
1282;25;2037;206520;103690;102830
1283;25;2038;206438;103648;102790
1284;25;2039;206801;103836;102965
1285;25;2040;207404;104147;103257
1286;25;2041;208255;104584;103671
1287;25;2042;209280;105110;104170
1288;25;2043;210442;105707;104735
1289;25;2044;211710;106355;105355
1290;25;2045;213029;107032;105997
1291;25;2046;214196;107628;106568
1292;25;2047;215326;108208;107118
1293;25;2048;216332;108721;107611
1294;25;2049;217214;109173;108041
1295;25;2050;217999;109575;108424
1296;26;2003;199465;100925;98540
1297;26;2004;196893;98998;97895
1298;26;2005;198974;100021;98953
1299;26;2006;197680;99131;98549
1300;26;2007;203726;102308;101418
1301;26;2008;201371;100797;100574
1302;26;2009;196706;98951;97755
1303;26;2010;195417;98281;97136
1304;26;2011;200526;101144;99382
1305;26;2012;204286;102630;101656
1306;26;2013;210063;105282;104781
1307;26;2014;212107;106959;105148
1308;26;2015;211984;106492;105492
1309;26;2016;214473;107428;107045
1310;26;2017;222610;112054;110556
1311;26;2018;222882;111837;111045
1312;26;2019;220931;111071;109860
1313;26;2020;219688;110146;109542
1314;26;2021;220839;110864;109975
1315;26;2022;216435;108540;107895
1316;26;2023;216379;109064;107315
1317;26;2024;218441;109270;109171
1318;26;2025;224877;112868;112009
1319;26;2026;226782;114019;112763
1320;26;2027;231472;116047;115425
1321;26;2028;228024;114549;113475
1322;26;2029;226173;113617;112556
1323;26;2030;225046;113050;111996
1324;26;2031;222067;111534;110533
1325;26;2032;219039;109996;109043
1326;26;2033;216140;108525;107615
1327;26;2034;213489;107179;106310
1328;26;2035;211404;106122;105282
1329;26;2036;209721;105271;104450
1330;26;2037;208659;104729;103930
1331;26;2038;208124;104463;103661
1332;26;2039;208043;104423;103620
1333;26;2040;208405;104610;103795
1334;26;2041;209003;104919;104084
1335;26;2042;209852;105356;104496
1336;26;2043;210870;105879;104991
1337;26;2044;212025;106472;105553
1338;26;2045;213284;107116;106168
1339;26;2046;214596;107789;106807
1340;26;2047;215753;108380;107373
1341;26;2048;216877;108957;107920
1342;26;2049;217875;109466;108409
1343;26;2050;218751;109915;108836
1344;27;2003;202535;102011;100524
1345;27;2004;200531;101457;99074
1346;27;2005;197837;99469;98368
1347;27;2006;199855;100443;99412
1348;27;2007;198640;99598;99042
1349;27;2008;204757;102801;101956
1350;27;2009;202553;101362;101191
1351;27;2010;198024;99570;98454
1352;27;2011;196857;98958;97899
1353;27;2012;201976;101828;100148
1354;27;2013;205732;103317;102415
1355;27;2014;211469;105952;105517
1356;27;2015;213492;107620;105872
1357;27;2016;213361;107155;106206
1358;27;2017;215827;108087;107740
1359;27;2018;223911;112684;111227
1360;27;2019;224192;112476;111716
1361;27;2020;222260;111721;110539
1362;27;2021;221033;110808;110225
1363;27;2022;222180;111525;110655
1364;27;2023;217808;109220;108588
1365;27;2024;217748;109740;108008
1366;27;2025;219796;109944;109852
1367;27;2026;226193;113519;112674
1368;27;2027;228086;114664;113422
1369;27;2028;232743;116678;116065
1370;27;2029;229325;115194;114131
1371;27;2030;227492;114272;113220
1372;27;2031;226372;113709;112663
1373;27;2032;223413;112206;111207
1374;27;2033;220405;110680;109725
1375;27;2034;217526;109221;108305
1376;27;2035;214892;107884;107008
1377;27;2036;212822;106836;105986
1378;27;2037;211150;105992;105158
1379;27;2038;210097;105456;104641
1380;27;2039;209567;105193;104374
1381;27;2040;209489;105155;104334
1382;27;2041;209848;105341;104507
1383;27;2042;210445;105650;104795
1384;27;2043;211288;106085;105203
1385;27;2044;212300;106604;105696
1386;27;2045;213447;107194;106253
1387;27;2046;214698;107834;106864
1388;27;2047;216001;108502;107499
1389;27;2048;217152;109090;108062
1390;27;2049;218268;109663;108605
1391;27;2050;219258;110167;109091
1392;28;2003;212796;107244;105552
1393;28;2004;203457;102482;100975
1394;28;2005;201340;101856;99484
1395;28;2006;198631;99858;98773
1396;28;2007;200675;100832;99843
1397;28;2008;199599;100066;99533
1398;28;2009;205811;103310;102501
1399;28;2010;203741;101938;101803
1400;28;2011;199311;100186;99125
1401;28;2012;198211;99606;98605
1402;28;2013;203295;102459;100836
1403;28;2014;207027;103942;103085
1404;28;2015;212724;106560;106164
1405;28;2016;214728;108219;106509
1406;28;2017;214591;107757;106834
1407;28;2018;217038;108687;108351
1408;28;2019;225072;113256;111816
1409;28;2020;225361;113058;112303
1410;28;2021;223444;112311;111133
1411;28;2022;222235;111412;110823
1412;28;2023;223378;112127;111251
1413;28;2024;219038;109842;109196
1414;28;2025;218973;110356;108617
1415;28;2026;221014;110562;110452
1416;28;2027;227371;114114;113257
1417;28;2028;229253;115254;113999
1418;28;2029;233877;117252;116625
1419;28;2030;230492;115786;114706
1420;28;2031;228675;114873;113802
1421;28;2032;227563;114316;113247
1422;28;2033;224624;112824;111800
1423;28;2034;221635;111309;110326
1424;28;2035;218772;109860;108912
1425;28;2036;216159;108536;107623
1426;28;2037;214102;107496;106606
1427;28;2038;212442;106659;105783
1428;28;2039;211397;106128;105269
1429;28;2040;210872;105868;105004
1430;28;2041;210796;105833;104963
1431;28;2042;211153;106019;105134
1432;28;2043;211747;106326;105421
1433;28;2044;212586;106759;105827
1434;28;2045;213591;107275;106316
1435;28;2046;214733;107862;106871
1436;28;2047;215977;108499;107478
1437;28;2048;217271;109162;108109
1438;28;2049;218413;109745;108668
1439;28;2050;219522;110315;109207
1440;29;2003;221870;111643;110227
1441;29;2004;213536;107620;105916
1442;29;2005;204126;102804;101322
1443;29;2006;202006;102163;99843
1444;29;2007;199367;100201;99166
1445;29;2008;201500;101214;100286
1446;29;2009;200579;100538;100041
1447;29;2010;206872;103817;103055
1448;29;2011;204894;102492;102402
1449;29;2012;200515;100758;99757
1450;29;2013;199437;100189;99248
1451;29;2014;204471;103017;101454
1452;29;2015;208178;104493;103685
1453;29;2016;213839;107095;106744
1454;29;2017;215826;108745;107081
1455;29;2018;215687;108289;107398
1456;29;2019;218117;109216;108901
1457;29;2020;226103;113758;112345
1458;29;2021;226400;113570;112830
1459;29;2022;224498;112832;111666
1460;29;2023;223304;111944;111360
1461;29;2024;224446;112660;111786
1462;29;2025;220137;110394;109743
1463;29;2026;220070;110905;109165
1464;29;2027;222100;111111;110989
1465;29;2028;228424;114643;113781
1466;29;2029;230293;115777;114516
1467;29;2030;234888;117762;117126
1468;29;2031;231534;116311;115223
1469;29;2032;229733;115407;114326
1470;29;2033;228629;114856;113773
1471;29;2034;225710;113376;112334
1472;29;2035;222738;111872;110866
1473;29;2036;219895;110435;109460
1474;29;2037;217296;109120;108176
1475;29;2038;215254;108089;107165
1476;29;2039;213606;107259;106347
1477;29;2040;212567;106733;105834
1478;29;2041;212048;106477;105571
1479;29;2042;211974;106444;105530
1480;29;2043;212331;106630;105701
1481;29;2044;212920;106935;105985
1482;29;2045;213756;107367;106389
1483;29;2046;214756;107880;106876
1484;29;2047;215890;108464;107426
1485;29;2048;217126;109096;108030
1486;29;2049;218413;109756;108657
1487;29;2050;219549;110336;109213
1488;30;2003;241594;121610;119984
1489;30;2004;222450;111918;110532
1490;30;2005;214040;107852;106188
1491;30;2006;204665;103040;101625
1492;30;2007;202620;102426;100194
1493;30;2008;200107;100536;99571
1494;30;2009;202348;101601;100747
1495;30;2010;201564;101006;100558
1496;30;2011;207903;104304;103599
1497;30;2012;205976;103006;102970
1498;30;2013;201606;101269;100337
1499;30;2014;200526;100699;99827
1500;30;2015;205506;103500;102006
1501;30;2016;209192;104972;104220
1502;30;2017;214825;107560;107265
1503;30;2018;216799;109204;107595
1504;30;2019;216656;108752;107904
1505;30;2020;219072;109678;109394
1506;30;2021;227011;114194;112817
1507;30;2022;227312;114013;113299
1508;30;2023;225426;113284;112142
1509;30;2024;224247;112408;111839
1510;30;2025;225391;113127;112264
1511;30;2026;221109;110878;110231
1512;30;2027;221040;111386;109654
1513;30;2028;223063;111593;111470
1514;30;2029;229354;115106;114248
1515;30;2030;231213;116235;114978
1516;30;2031;235781;118208;117573
1517;30;2032;232455;116771;115684
1518;30;2033;230670;115877;114793
1519;30;2034;229574;115330;114244
1520;30;2035;226673;113863;112810
1521;30;2036;223719;112369;111350
1522;30;2037;220894;110944;109950
1523;30;2038;218310;109638;108672
1524;30;2039;216282;108616;107666
1525;30;2040;214642;107791;106851
1526;30;2041;213612;107270;106342
1527;30;2042;213097;107018;106079
1528;30;2043;213023;106985;106038
1529;30;2044;213380;107172;106208
1530;30;2045;213966;107476;106490
1531;30;2046;214799;107906;106893
1532;30;2047;215794;108417;107377
1533;30;2048;216921;108997;107924
1534;30;2049;218150;109626;108524
1535;30;2050;219431;110283;109148
1536;31;2003;254209;128799;125410
1537;31;2004;241913;121727;120186
1538;31;2005;222807;112056;110751
1539;31;2006;214419;107999;106420
1540;31;2007;205152;103233;101919
1541;31;2008;203235;102679;100556
1542;31;2009;200864;100871;99993
1543;31;2010;203196;101982;101214
1544;31;2011;202513;101448;101065
1545;31;2012;208859;104748;104111
1546;31;2013;206936;103452;103484
1547;31;2014;202556;101703;100853
1548;31;2015;201470;101130;100340
1549;31;2016;206402;103907;102495
1550;31;2017;210070;105374;104696
1551;31;2018;215677;107951;107726
1552;31;2019;217639;109589;108050
1553;31;2020;217494;109141;108353
1554;31;2021;219893;110064;109829
1555;31;2022;227789;114555;113234
1556;31;2023;228097;114384;113713
1557;31;2024;226224;113663;112561
1558;31;2025;225062;112800;112262
1559;31;2026;226204;113518;112686
1560;31;2027;221951;111288;110663
1561;31;2028;221881;111793;110088
1562;31;2029;223897;112002;111895
1563;31;2030;230157;115496;114661
1564;31;2031;232007;116621;115386
1565;31;2032;236548;118581;117967
1566;31;2033;233250;117159;116091
1567;31;2034;231480;116274;115206
1568;31;2035;230391;115732;114659
1569;31;2036;227507;114275;113232
1570;31;2037;224569;112791;111778
1571;31;2038;221761;111377;110384
1572;31;2039;219190;110079;109111
1573;31;2040;217175;109065;108110
1574;31;2041;215546;108248;107298
1575;31;2042;214523;107732;106791
1576;31;2043;214011;107482;106529
1577;31;2044;213939;107450;106489
1578;31;2045;214295;107637;106658
1579;31;2046;214877;107939;106938
1580;31;2047;215706;108368;107338
1581;31;2048;216695;108875;107820
1582;31;2049;217816;109452;108364
1583;31;2050;219039;110077;108962
1584;32;2003;266186;135092;131094
1585;32;2004;254372;128813;125559
1586;32;2005;242031;121721;120310
1587;32;2006;223050;112117;110933
1588;32;2007;214752;108106;106646
1589;32;2008;205641;103418;102223
1590;32;2009;203866;102936;100930
1591;32;2010;201614;101197;100417
1592;32;2011;204012;102342;101670
1593;32;2012;203383;101844;101539
1594;32;2013;209703;105129;104574
1595;32;2014;207768;103826;103942
1596;32;2015;203371;102064;101307
1597;32;2016;202282;101489;100793
1598;32;2017;207169;104243;102926
1599;32;2018;210825;105709;105116
1600;32;2019;216409;108276;108133
1601;32;2020;218360;109908;108452
1602;32;2021;218210;109463;108747
1603;32;2022;220595;110384;110211
1604;32;2023;228451;114852;113599
1605;32;2024;228766;114690;114076
1606;32;2025;226905;113976;112929
1607;32;2026;225756;113124;112632
1608;32;2027;226899;113843;113056
1609;32;2028;222671;111629;111042
1610;32;2029;222601;112133;110468
1611;32;2030;224612;112344;112268
1612;32;2031;230843;115820;115023
1613;32;2032;232684;116941;115743
1614;32;2033;237201;118890;118311
1615;32;2034;233930;117481;116449
1616;32;2035;232171;116603;115568
1617;32;2036;231090;116067;115023
1618;32;2037;228222;114619;113603
1619;32;2038;225299;113146;112153
1620;32;2039;222507;111741;110766
1621;32;2040;219950;110452;109498
1622;32;2041;217944;109444;108500
1623;32;2042;216325;108633;107692
1624;32;2043;215308;108122;107186
1625;32;2044;214800;107874;106926
1626;32;2045;214729;107844;106885
1627;32;2046;215084;108030;107054
1628;32;2047;215663;108331;107332
1629;32;2048;216489;108758;107731
1630;32;2049;217472;109262;108210
1631;32;2050;218588;109836;108752
1632;33;2003;273028;138969;134059
1633;33;2004;266131;134958;131173
1634;33;2005;254348;128713;125635
1635;33;2006;242053;121647;120406
1636;33;2007;223249;112141;111108
1637;33;2008;215086;108206;106880
1638;33;2009;206139;103603;102536
1639;33;2010;204494;103187;101307
1640;33;2011;202328;101501;100827
1641;33;2012;204750;102656;102094
1642;33;2013;204144;102180;101964
1643;33;2014;210416;105438;104978
1644;33;2015;208468;104129;104339
1645;33;2016;204057;102355;101702
1646;33;2017;202966;101780;101186
1647;33;2018;207813;104512;103301
1648;33;2019;211456;105977;105479
1649;33;2020;217016;108531;108485
1650;33;2021;218955;110157;108798
1651;33;2022;218803;109716;109087
1652;33;2023;221175;110635;110540
1653;33;2024;228993;115081;113912
1654;33;2025;229314;114928;114386
1655;33;2026;227465;114221;113244
1656;33;2027;226332;113381;112951
1657;33;2028;227472;114099;113373
1658;33;2029;223271;111902;111369
1659;33;2030;223198;112403;110795
1660;33;2031;225204;112615;112589
1661;33;2032;231408;116076;115332
1662;33;2033;233240;117192;116048
1663;33;2034;237734;119131;118603
1664;33;2035;234488;117734;116754
1665;33;2036;232741;116863;115878
1666;33;2037;231666;116331;115335
1667;33;2038;228814;114894;113920
1668;33;2039;225906;113430;112476
1669;33;2040;223125;112032;111093
1670;33;2041;220582;110752;109830
1671;33;2042;218587;109751;108836
1672;33;2043;216975;108945;108030
1673;33;2044;215967;108440;107527
1674;33;2045;215459;108192;107267
1675;33;2046;215391;108164;107227
1676;33;2047;215743;108349;107394
1677;33;2048;216319;108648;107671
1678;33;2049;217141;109073;108068
1679;33;2050;218120;109574;108546
1680;34;2003;261796;133156;128640
1681;34;2004;272889;138772;134117
1682;34;2005;265909;134725;131184
1683;34;2006;254236;128554;125682
1684;34;2007;242037;121544;120493
1685;34;2008;223446;112159;111287
1686;34;2009;215431;108310;107121
1687;34;2010;206628;103782;102846
1688;34;2011;205078;103415;101663
1689;34;2012;202965;101763;101202
1690;34;2013;205378;102912;102466
1691;34;2014;204775;102446;102329
1692;34;2015;210999;105676;105323
1693;34;2016;209040;104363;104677
1694;34;2017;204615;102578;102037
1695;34;2018;203524;102003;101521
1696;34;2019;208333;104716;103617
1697;34;2020;211964;106178;105786
1698;34;2021;217499;108720;108779
1699;34;2022;219430;110342;109088
1700;34;2023;219274;109904;109370
1701;34;2024;221633;110820;110813
1702;34;2025;229417;115246;114171
1703;34;2026;229744;115101;114643
1704;34;2027;227905;114400;113505
1705;34;2028;226785;113570;113215
1706;34;2029;227924;114288;113636
1707;34;2030;223748;112108;111640
1708;34;2031;223672;112605;111067
1709;34;2032;225674;112820;112854
1710;34;2033;231850;116263;115587
1711;34;2034;233674;117376;116298
1712;34;2035;238149;119305;118844
1713;34;2036;234925;117920;117005
1714;34;2037;233189;117056;116133
1715;34;2038;232120;116528;115592
1716;34;2039;229280;115098;114182
1717;34;2040;226387;113645;112742
1718;34;2041;223620;112255;111365
1719;34;2042;221088;110982;110106
1720;34;2043;219102;109987;109115
1721;34;2044;217498;109186;108312
1722;34;2045;216494;108684;107810
1723;34;2046;215989;108438;107551
1724;34;2047;215923;108411;107512
1725;34;2048;216272;108595;107677
1726;34;2049;216845;108893;107952
1727;34;2050;217663;109315;108348
1728;35;2003;259721;132380;127341
1729;35;2004;261611;132932;128679
1730;35;2005;272585;138482;134103
1731;35;2006;265602;134442;131160
1732;35;2007;254082;128369;125713
1733;35;2008;242017;121439;120578
1734;35;2009;223643;112178;111465
1735;35;2010;215756;108402;107354
1736;35;2011;207069;103937;103132
1737;35;2012;205579;103602;101977
1738;35;2013;203485;101966;101519
1739;35;2014;205875;103103;102772
1740;35;2015;205271;102644;102627
1741;35;2016;211452;105850;105602
1742;35;2017;209482;104532;104950
1743;35;2018;205049;102740;102309
1744;35;2019;203957;102164;101793
1745;35;2020;208729;104857;103872
1746;35;2021;212346;106316;106030
1747;35;2022;217857;108846;109011
1748;35;2023;219779;110463;109316
1749;35;2024;219621;110029;109592
1750;35;2025;221969;110943;111026
1751;35;2026;229721;115350;114371
1752;35;2027;230052;115212;114840
1753;35;2028;228223;114516;113707
1754;35;2029;227115;113697;113418
1755;35;2030;228253;114414;113839
1756;35;2031;224099;112248;111851
1757;35;2032;224021;112743;111278
1758;35;2033;226017;112959;113058
1759;35;2034;232170;116387;115783
1760;35;2035;233985;117496;116489
1761;35;2036;238440;119416;119024
1762;35;2037;235238;118041;117197
1763;35;2038;233513;117185;116328
1764;35;2039;232448;116659;115789
1765;35;2040;229622;115238;114384
1766;35;2041;226741;113793;112948
1767;35;2042;223985;112410;111575
1768;35;2043;221464;111144;110320
1769;35;2044;219486;110155;109331
1770;35;2045;217889;109358;108531
1771;35;2046;216889;108858;108031
1772;35;2047;216388;108615;107773
1773;35;2048;216321;108588;107733
1774;35;2049;216669;108771;107898
1775;35;2050;217239;109067;108172
1776;36;2003;261358;133384;127974
1777;36;2004;259477;132127;127350
1778;36;2005;261267;132622;128645
1779;36;2006;272191;138142;134049
1780;36;2007;265259;134138;131121
1781;36;2008;253921;128181;125740
1782;36;2009;241996;121337;120659
1783;36;2010;223816;112189;111627
1784;36;2011;216031;108473;107558
1785;36;2012;207426;104053;103373
1786;36;2013;205962;103731;102231
1787;36;2014;203874;102104;101770
1788;36;2015;206237;103227;103010
1789;36;2016;205630;102772;102858
1790;36;2017;211772;105956;105816
1791;36;2018;209794;104635;105159
1792;36;2019;205349;102835;102514
1793;36;2020;204257;102259;101998
1794;36;2021;208993;104933;104060
1795;36;2022;212596;106388;106208
1796;36;2023;218087;108909;109178
1797;36;2024;220000;110521;109479
1798;36;2025;219840;110090;109750
1799;36;2026;222178;111002;111176
1800;36;2027;229899;115391;114508
1801;36;2028;230233;115258;114975
1802;36;2029;228413;114568;113845
1803;36;2030;227316;113757;113559
1804;36;2031;228451;114473;113978
1805;36;2032;224319;112322;111997
1806;36;2033;224239;112813;111426
1807;36;2034;226231;113032;113199
1808;36;2035;232359;116444;115915
1809;36;2036;234165;117549;116616
1810;36;2037;238602;119460;119142
1811;36;2038;235418;118094;117324
1812;36;2039;233703;117244;116459
1813;36;2040;232644;116722;115922
1814;36;2041;229830;115309;114521
1815;36;2042;226960;113872;113088
1816;36;2043;224215;112496;111719
1817;36;2044;221706;111237;110469
1818;36;2045;219735;110252;109483
1819;36;2046;218144;109459;108685
1820;36;2047;217148;108962;108186
1821;36;2048;216648;108720;107928
1822;36;2049;216580;108692;107888
1823;36;2050;216928;108876;108052
1824;37;2003;266378;136192;130186
1825;37;2004;261049;133074;127975
1826;37;2005;259086;131793;127293
1827;37;2006;260842;132265;128577
1828;37;2007;271767;137786;133981
1829;37;2008;264920;133839;131081
1830;37;2009;253760;127996;125764
1831;37;2010;241960;121228;120732
1832;37;2011;223943;112176;111767
1833;37;2012;216229;108504;107725
1834;37;2013;207679;104114;103565
1835;37;2014;206226;103798;102428
1836;37;2015;204136;102176;101960
1837;37;2016;206478;103288;103190
1838;37;2017;205867;102837;103030
1839;37;2018;211973;106001;105972
1840;37;2019;209985;104676;105309
1841;37;2020;205534;102872;102662
1842;37;2021;204440;102295;102145
1843;37;2022;209143;104951;104192
1844;37;2023;212732;106402;106330
1845;37;2024;218203;108912;109291
1846;37;2025;220109;110521;109588
1847;37;2026;219945;110092;109853
1848;37;2027;222273;111001;111272
1849;37;2028;229963;115372;114591
1850;37;2029;230303;115246;115057
1851;37;2030;228490;114561;113929
1852;37;2031;227403;113757;113646
1853;37;2032;228536;114472;114064
1854;37;2033;224425;112335;112090
1855;37;2034;224341;112823;111518
1856;37;2035;226328;113042;113286
1857;37;2036;232435;116441;115994
1858;37;2037;234231;117541;116690
1859;37;2038;238650;119442;119208
1860;37;2039;235485;118086;117399
1861;37;2040;233778;117242;116536
1862;37;2041;232724;116723;116001
1863;37;2042;229919;115316;114603
1864;37;2043;227062;113887;113175
1865;37;2044;224328;112518;111810
1866;37;2045;221828;111265;110563
1867;37;2046;219863;110284;109579
1868;37;2047;218280;109496;108784
1869;37;2048;217286;109001;108285
1870;37;2049;216788;108760;108028
1871;37;2050;216720;108731;107989
1872;38;2003;271006;138191;132815
1873;38;2004;265928;135807;130121
1874;38;2005;260604;132692;127912
1875;38;2006;258625;131422;127203
1876;38;2007;260388;131895;128493
1877;38;2008;271348;137436;133912
1878;38;2009;264589;133548;131041
1879;38;2010;253590;127808;125782
1880;38;2011;241890;121103;120787
1881;38;2012;224006;112131;111875
1882;38;2013;216332;108486;107846
1883;38;2014;207823;104121;103702
1884;38;2015;206379;103810;102569
1885;38;2016;204284;102191;102093
1886;38;2017;206605;103292;103313
1887;38;2018;205997;102848;103149
1888;38;2019;212067;105991;106076
1889;38;2020;210070;104663;105407
1890;38;2021;205611;102852;102759
1891;38;2022;204516;102276;102240
1892;38;2023;209185;104913;104272
1893;38;2024;212763;106361;106402
1894;38;2025;218213;108861;109352
1895;38;2026;220111;110465;109646
1896;38;2027;219948;110040;109908
1897;38;2028;222264;110946;111318
1898;38;2029;229925;115298;114627
1899;38;2030;230269;115179;115090
1900;38;2031;228464;114498;113966
1901;38;2032;227387;113703;113684
1902;38;2033;228517;114416;114101
1903;38;2034;224423;112291;112132
1904;38;2035;224338;112776;111562
1905;38;2036;226320;112996;113324
1906;38;2037;232404;116380;116024
1907;38;2038;234192;117476;116716
1908;38;2039;238593;119368;119225
1909;38;2040;235446;118022;117424
1910;38;2041;233747;117182;116565
1911;38;2042;232697;116666;116031
1912;38;2043;229904;115266;114638
1913;38;2044;227056;113843;113213
1914;38;2045;224331;112480;111851
1915;38;2046;221840;111233;110607
1916;38;2047;219883;110257;109626
1917;38;2048;218304;109471;108833
1918;38;2049;217313;108978;108335
1919;38;2050;216817;108738;108079
1920;39;2003;267241;136295;130946
1921;39;2004;270465;137764;132701
1922;39;2005;265360;135363;129997
1923;39;2006;260093;132277;127816
1924;39;2007;258136;131038;127098
1925;39;2008;259940;131533;128407
1926;39;2009;270936;137096;133840
1927;39;2010;264258;133263;130995
1928;39;2011;253392;127610;125782
1929;39;2012;241769;120955;120814
1930;39;2013;223987;112046;111941
1931;39;2014;216343;108422;107921
1932;39;2015;207866;104076;103790
1933;39;2016;206429;103768;102661
1934;39;2017;204334;102155;102179
1935;39;2018;206636;103247;103389
1936;39;2019;206024;102805;103219
1937;39;2020;212061;105930;106131
1938;39;2021;210057;104600;105457
1939;39;2022;205593;102785;102808
1940;39;2023;204494;102207;102287
1941;39;2024;209134;104828;104306
1942;39;2025;212700;106273;106427
1943;39;2026;218133;108764;109369
1944;39;2027;220023;110363;109660
1945;39;2028;219857;109940;109917
1946;39;2029;222165;110844;111321
1947;39;2030;229796;115178;114618
1948;39;2031;230145;115065;115080
1949;39;2032;228345;114387;113958
1950;39;2033;227278;113600;113678
1951;39;2034;228405;114311;114094
1952;39;2035;224329;112198;112131
1953;39;2036;224241;112680;111561
1954;39;2037;226219;112901;113318
1955;39;2038;232281;116271;116010
1956;39;2039;234062;117363;116699
1957;39;2040;238445;119246;119199
1958;39;2041;235314;117909;117405
1959;39;2042;233623;117073;116550
1960;39;2043;232576;116559;116017
1961;39;2044;229792;115165;114627
1962;39;2045;226955;113748;113207
1963;39;2046;224239;112391;111848
1964;39;2047;221755;111149;110606
1965;39;2048;219805;110177;109628
1966;39;2049;218232;109395;108837
1967;39;2050;217244;108904;108340
1968;40;2003;262405;133169;129236
1969;40;2004;266693;135872;130821
1970;40;2005;269821;137286;132535
1971;40;2006;264736;134894;129842
1972;40;2007;259552;131853;127699
1973;40;2008;257645;130661;126984
1974;40;2009;259497;131184;128313
1975;40;2010;270522;136764;133758
1976;40;2011;263903;132973;130930
1977;40;2012;253148;127393;125755
1978;40;2013;241577;120775;120802
1979;40;2014;223880;111919;111961
1980;40;2015;216263;108314;107949
1981;40;2016;207820;103989;103831
1982;40;2017;206390;103685;102705
1983;40;2018;204292;102076;102216
1984;40;2019;206577;103159;103418
1985;40;2020;205964;102721;103243
1986;40;2021;211968;105829;106139
1987;40;2022;209959;104498;105461
1988;40;2023;205490;102679;102811
1989;40;2024;204388;102100;102288
1990;40;2025;209001;104706;104295
1991;40;2026;212555;106146;106409
1992;40;2027;217972;108630;109342
1993;40;2028;219854;110224;109630
1994;40;2029;219686;109803;109883
1995;40;2030;221985;110704;111281
1996;40;2031;229590;115022;114568
1997;40;2032;229939;114912;115027
1998;40;2033;228146;114238;113908
1999;40;2034;227087;113458;113629
2000;40;2035;228212;114168;114044
2001;40;2036;224153;112065;112088
2002;40;2037;224063;112545;111518
2003;40;2038;226034;112765;113269
2004;40;2039;232077;116123;115954
2005;40;2040;233849;117210;116639
2006;40;2041;238216;119084;119132
2007;40;2042;235100;117755;117345
2008;40;2043;233415;116923;116492
2009;40;2044;232371;116410;115961
2010;40;2045;229598;115023;114575
2011;40;2046;226770;113612;113158
2012;40;2047;224063;112261;111802
2013;40;2048;221588;111024;110564
2014;40;2049;219643;110055;109588
2015;40;2050;218074;109276;108798
2016;41;2003;260454;131951;128503
2017;41;2004;261834;132745;129089
2018;41;2005;266045;135400;130645
2019;41;2006;269124;136788;132336
2020;41;2007;264093;134424;129669
2021;41;2008;259012;131441;127571
2022;41;2009;257169;130303;126866
2023;41;2010;259056;130846;128210
2024;41;2011;270090;136433;133657
2025;41;2012;263514;132675;130839
2026;41;2013;252843;127152;125691
2027;41;2014;241312;120563;120749
2028;41;2015;223694;111757;111937
2029;41;2016;216103;108171;107932
2030;41;2017;207692;103865;103827
2031;41;2018;206268;103565;102703
2032;41;2019;204170;101960;102210
2033;41;2020;206437;103035;103402
2034;41;2021;205821;102599;103222
2035;41;2022;211794;105690;106104
2036;41;2023;209781;104359;105422
2037;41;2024;205309;102537;102772
2038;41;2025;204207;101958;102249
2039;41;2026;208792;104548;104244
2040;41;2027;212335;105985;106350
2041;41;2028;217734;108460;109274
2042;41;2029;219609;110048;109561
2043;41;2030;219440;109631;109809
2044;41;2031;221731;110530;111201
2045;41;2032;229308;114830;114478
2046;41;2033;229661;114725;114936
2047;41;2034;227873;114054;113819
2048;41;2035;226822;113280;113542
2049;41;2036;227942;113987;113955
2050;41;2037;223900;111895;112005
2051;41;2038;223807;112372;111435
2052;41;2039;225773;112592;113181
2053;41;2040;231796;115938;115858
2054;41;2041;233561;117021;116540
2055;41;2042;237910;118886;119024
2056;41;2043;234810;117565;117245
2057;41;2044;233132;116737;116395
2058;41;2045;232092;116226;115866
2059;41;2046;229327;114844;114483
2060;41;2047;226509;113439;113070
2061;41;2048;223811;112093;111718
2062;41;2049;221343;110860;110483
2063;41;2050;219404;109895;109509
2064;42;2003;254249;128995;125254
2065;42;2004;259862;131531;128331
2066;42;2005;261166;132276;128890
2067;42;2006;265344;134910;130434
2068;42;2007;268410;136290;132120
2069;42;2008;263447;133965;129482
2070;42;2009;258468;131042;127426
2071;42;2010;256681;129950;126731
2072;42;2011;258594;130509;128085
2073;42;2012;269618;136092;133526
2074;42;2013;263071;132357;130714
2075;42;2014;252466;126880;125586
2076;42;2015;240973;120320;120653
2077;42;2016;223432;111563;111869
2078;42;2017;215864;107993;107871
2079;42;2018;207488;103708;103780
2080;42;2019;206071;103412;102659
2081;42;2020;203971;101810;102161
2082;42;2021;206223;102878;103345
2083;42;2022;205604;102444;103160
2084;42;2023;211548;105520;106028
2085;42;2024;209531;104188;105343
2086;42;2025;205059;102364;102695
2087;42;2026;203956;101785;102171
2088;42;2027;208514;104360;104154
2089;42;2028;212047;105794;106253
2090;42;2029;217429;108260;109169
2091;42;2030;219297;109844;109453
2092;42;2031;219126;109428;109698
2093;42;2032;221409;110325;111084
2094;42;2033;228960;114609;114351
2095;42;2034;229313;114507;114806
2096;42;2035;227532;113839;113693
2097;42;2036;226488;113072;113416
2098;42;2037;227606;113777;113829
2099;42;2038;223578;111694;111884
2100;42;2039;223483;112168;111315
2101;42;2040;225443;112388;113055
2102;42;2041;231448;115722;115726
2103;42;2042;233205;116800;116405
2104;42;2043;237538;118657;118881
2105;42;2044;234451;117342;117109
2106;42;2045;232781;116519;116262
2107;42;2046;231743;116009;115734
2108;42;2047;228989;114634;114355
2109;42;2048;226179;113234;112945
2110;42;2049;223491;111894;111597
2111;42;2050;221030;110665;110365
2112;43;2003;252491;127651;124840
2113;43;2004;253563;128530;125033
2114;43;2005;259178;131070;128108
2115;43;2006;260446;131789;128657
2116;43;2007;264620;134419;130201
2117;43;2008;267689;135802;131887
2118;43;2009;262804;133522;129282
2119;43;2010;257916;130654;127262
2120;43;2011;256174;129601;126573
2121;43;2012;258094;130164;127930
2122;43;2013;269090;135733;133357
2123;43;2014;262561;132015;130546
2124;43;2015;252018;126582;125436
2125;43;2016;240563;120049;120514
2126;43;2017;223097;111339;111758
2127;43;2018;215558;107788;107770
2128;43;2019;207213;103522;103691
2129;43;2020;205802;103230;102572
2130;43;2021;203700;101631;102069
2131;43;2022;205936;102692;103244
2132;43;2023;205316;102261;103055
2133;43;2024;211233;105322;105911
2134;43;2025;209213;103990;105223
2135;43;2026;204742;102165;102577
2136;43;2027;203638;101586;102052
2137;43;2028;208171;104146;104025
2138;43;2029;211693;105577;106116
2139;43;2030;217059;108035;109024
2140;43;2031;218919;109613;109306
2141;43;2032;218748;109200;109548
2142;43;2033;221022;110094;110928
2143;43;2034;228547;114362;114185
2144;43;2035;228903;114265;114638
2145;43;2036;227126;113599;113527
2146;43;2037;226091;112838;113253
2147;43;2038;227206;113541;113665
2148;43;2039;223194;111468;111726
2149;43;2040;223095;111939;111156
2150;43;2041;225050;112158;112892
2151;43;2042;231035;115480;115555
2152;43;2043;232785;116554;116231
2153;43;2044;237102;118402;118700
2154;43;2045;234028;117094;116934
2155;43;2046;232363;116273;116090
2156;43;2047;231330;115766;115564
2157;43;2048;228585;114396;114189
2158;43;2049;225785;113002;112783
2159;43;2050;223105;111667;111438
2160;44;2003;245885;124295;121590
2161;44;2004;251822;127216;124606
2162;44;2005;252795;128031;124764
2163;44;2006;258440;130592;127848
2164;44;2007;259695;131299;128396
2165;44;2008;263883;133936;129947
2166;44;2009;266964;135329;131635
2167;44;2010;262147;133088;129059
2168;44;2011;257340;130268;127072
2169;44;2012;255626;129245;126381
2170;44;2013;257536;129802;127734
2171;44;2014;268496;135354;133142
2172;44;2015;261982;131651;130331
2173;44;2016;251499;126260;125239
2174;44;2017;240085;119755;120330
2175;44;2018;222694;111090;111604
2176;44;2019;215180;107556;107624
2177;44;2020;206868;103310;103558
2178;44;2021;205463;103021;102442
2179;44;2022;203360;101426;101934
2180;44;2023;205582;102480;103102
2181;44;2024;204962;102053;102909
2182;44;2025;210850;105098;105752
2183;44;2026;208830;103768;105062
2184;44;2027;204361;101942;102419
2185;44;2028;203259;101365;101894
2186;44;2029;207769;103912;103857
2187;44;2030;211279;105338;105941
2188;44;2031;216627;107787;108840
2189;44;2032;218480;109360;109120
2190;44;2033;218307;108949;109358
2191;44;2034;220573;109840;110733
2192;44;2035;228072;114092;113980
2193;44;2036;228429;113998;114431
2194;44;2037;226660;113336;113324
2195;44;2038;225630;112580;113050
2196;44;2039;226742;113281;113461
2197;44;2040;222746;111218;111528
2198;44;2041;222645;111686;110959
2199;44;2042;224594;111905;112689
2200;44;2043;230559;115213;115346
2201;44;2044;232302;116284;116018
2202;44;2045;236603;118123;118480
2203;44;2046;233543;116821;116722
2204;44;2047;231886;116005;115881
2205;44;2048;230856;115500;115356
2206;44;2049;228120;114135;113985
2207;44;2050;225330;112747;112583
2208;45;2003;241545;122001;119544
2209;45;2004;245187;123860;121327
2210;45;2005;251071;126749;124322
2211;45;2006;251981;127522;124459
2212;45;2007;257676;130114;127562
2213;45;2008;258936;130822;128114
2214;45;2009;263141;133470;129671
2215;45;2010;266231;134871;131360
2216;45;2011;261469;132663;128806
2217;45;2012;256724;129880;126844
2218;45;2013;255023;128876;126147
2219;45;2014;256918;129425;127493
2220;45;2015;267838;134956;132882
2221;45;2016;261339;131268;130071
2222;45;2017;250915;125917;124998
2223;45;2018;239542;119441;120101
2224;45;2019;222225;110819;111406
2225;45;2020;214738;107302;107436
2226;45;2021;206460;103077;103383
2227;45;2022;205062;102792;102270
2228;45;2023;202961;101202;101759
2229;45;2024;205170;102250;102920
2230;45;2025;204549;101826;102723
2231;45;2026;210411;104857;105554
2232;45;2027;208390;103528;104862
2233;45;2028;203927;101703;102224
2234;45;2029;202824;101126;101698
2235;45;2030;207310;103660;103650
2236;45;2031;210809;105082;105727
2237;45;2032;216140;107522;108618
2238;45;2033;217985;109090;108895
2239;45;2034;217814;108683;109131
2240;45;2035;220070;109570;110500
2241;45;2036;227543;113806;113737
2242;45;2037;227903;113716;114187
2243;45;2038;226138;113056;113082
2244;45;2039;225115;112305;112810
2245;45;2040;226224;113004;113220
2246;45;2041;222243;110950;111293
2247;45;2042;222139;111414;110725
2248;45;2043;224083;111633;112450
2249;45;2044;230027;114929;115098
2250;45;2045;231764;115996;115768
2251;45;2046;236048;117826;118222
2252;45;2047;233003;116531;116472
2253;45;2048;231353;115719;115634
2254;45;2049;230327;115216;115111
2255;45;2050;227600;113856;113744
2256;46;2003;237852;120408;117444
2257;46;2004;240816;121564;119252
2258;46;2005;244409;123389;121020
2259;46;2006;250265;126262;124003
2260;46;2007;251140;127009;124131
2261;46;2008;256889;129637;127252
2262;46;2009;258160;130352;127808
2263;46;2010;262379;133007;129372
2264;46;2011;265468;134412;131056
2265;46;2012;260750;132229;128521
2266;46;2013;256052;129476;126576
2267;46;2014;254360;128489;125871
2268;46;2015;256236;129027;127209
2269;46;2016;267113;134537;132576
2270;46;2017;260633;130865;129768
2271;46;2018;250267;125553;124714
2272;46;2019;238936;119105;119831
2273;46;2020;221697;110529;111168
2274;46;2021;214237;107030;107207
2275;46;2022;205993;102824;103169
2276;46;2023;204602;102543;102059
2277;46;2024;202505;100959;101546
2278;46;2025;204698;102000;102698
2279;46;2026;204078;101579;102499
2280;46;2027;209915;104597;105318
2281;46;2028;207896;103270;104626
2282;46;2029;203438;101446;101992
2283;46;2030;202338;100872;101466
2284;46;2031;206799;103391;103408
2285;46;2032;210288;104810;105478
2286;46;2033;215599;107240;108359
2287;46;2034;217438;108804;108634
2288;46;2035;217267;108399;108868
2289;46;2036;219515;109283;110232
2290;46;2037;226961;113503;113458
2291;46;2038;227322;113416;113906
2292;46;2039;225563;112759;112804
2293;46;2040;224546;112012;112534
2294;46;2041;225653;112710;112943
2295;46;2042;221689;110666;111023
2296;46;2043;221584;111128;110456
2297;46;2044;223521;111345;112176
2298;46;2045;229445;114629;114816
2299;46;2046;231174;115691;115483
2300;46;2047;235443;117514;117929
2301;46;2048;232411;116225;116186
2302;46;2049;230768;115416;115352
2303;46;2050;229746;114915;114831
2304;47;2003;232551;117006;115545
2305;47;2004;237089;119953;117136
2306;47;2005;240012;121087;118925
2307;47;2006;243580;122896;120684
2308;47;2007;249427;125766;123661
2309;47;2008;250278;126495;123783
2310;47;2009;256081;129161;126920
2311;47;2010;257361;129880;127481
2312;47;2011;261586;132540;129046
2313;47;2012;264663;133941;130722
2314;47;2013;259975;131775;128200
2315;47;2014;255316;129046;126270
2316;47;2015;253630;128073;125557
2317;47;2016;255490;128604;126886
2318;47;2017;266327;134093;132234
2319;47;2018;259866;130437;129429
2320;47;2019;249557;125163;124394
2321;47;2020;238271;118746;119525
2322;47;2021;221107;110214;110893
2323;47;2022;213676;106732;106944
2324;47;2023;205470;102550;102920
2325;47;2024;204087;102272;101815
2326;47;2025;201992;100694;101298
2327;47;2026;204174;101730;102444
2328;47;2027;203554;101311;102243
2329;47;2028;209366;104316;105050
2330;47;2029;207348;102991;104357
2331;47;2030;202897;101169;101728
2332;47;2031;201799;100596;101203
2333;47;2032;206238;103102;103136
2334;47;2033;209713;104516;105197
2335;47;2034;215007;106938;108069
2336;47;2035;216839;108497;108342
2337;47;2036;216668;108094;108574
2338;47;2037;218908;108975;109933
2339;47;2038;226327;113180;113147
2340;47;2039;226689;113095;113594
2341;47;2040;224937;112442;112495
2342;47;2041;223927;111700;112227
2343;47;2042;225032;112396;112636
2344;47;2043;221082;110360;110722
2345;47;2044;220976;110819;110157
2346;47;2045;222907;111036;111871
2347;47;2046;228811;114307;114504
2348;47;2047;230532;115365;115167
2349;47;2048;234786;117181;117605
2350;47;2049;231768;115898;115870
2351;47;2050;230133;115094;115039
2352;48;2003;229674;116123;113551
2353;48;2004;231767;116546;115221
2354;48;2005;236248;119455;116793
2355;48;2006;239156;120586;118570
2356;48;2007;242716;122387;120329
2357;48;2008;248565;125262;123303
2358;48;2009;249403;125981;123422
2359;48;2010;255251;128678;126573
2360;48;2011;256532;129398;127134
2361;48;2012;260749;132053;128696
2362;48;2013;263807;133447;130360
2363;48;2014;259144;131295;127849
2364;48;2015;254520;128588;125932
2365;48;2016;252846;127630;125216
2366;48;2017;254689;128153;126536
2367;48;2018;265482;133620;131862
2368;48;2019;259044;129982;129062
2369;48;2020;248793;124746;124047
2370;48;2021;237552;118359;119193
2371;48;2022;220468;109874;110594
2372;48;2023;213067;106410;106657
2373;48;2024;204898;102249;102649
2374;48;2025;203524;101977;101547
2375;48;2026;201433;100404;101029
2376;48;2027;203605;101436;102169
2377;48;2028;202987;101020;101967
2378;48;2029;208771;104011;104760
2379;48;2030;206757;102690;104067
2380;48;2031;202316;100871;101445
2381;48;2032;201219;100299;100920
2382;48;2033;205636;102792;102844
2383;48;2034;209099;104202;104897
2384;48;2035;214374;106615;107759
2385;48;2036;216200;108169;108031
2386;48;2037;216029;107768;108261
2387;48;2038;218260;108646;109614
2388;48;2039;225651;112834;112817
2389;48;2040;226014;112752;113262
2390;48;2041;224270;112102;112168
2391;48;2042;223267;111365;111902
2392;48;2043;224367;112058;112309
2393;48;2044;220434;110032;110402
2394;48;2045;220329;110489;109840
2395;48;2046;222254;110706;111548
2396;48;2047;228137;113965;114172
2397;48;2048;229850;115018;114832
2398;48;2049;234089;116826;117263
2399;48;2050;231086;115550;115536
2400;49;2003;226685;114629;112056
2401;49;2004;228845;115631;113214
2402;49;2005;230908;116040;114868
2403;49;2006;235359;118929;116430
2404;49;2007;238266;120064;118202
2405;49;2008;241829;121868;119961
2406;49;2009;247681;124747;122934
2407;49;2010;248505;125457;123048
2408;49;2011;254387;128179;126208
2409;49;2012;255663;128897;126766
2410;49;2013;259863;131541;128322
2411;49;2014;262894;132923;129971
2412;49;2015;258255;130785;127470
2413;49;2016;253666;128099;125567
2414;49;2017;252005;127158;124847
2415;49;2018;253831;127672;126159
2416;49;2019;264578;133116;131462
2417;49;2020;258163;129495;128668
2418;49;2021;247973;124299;123674
2419;49;2022;236781;117945;118836
2420;49;2023;219778;109506;110272
2421;49;2024;212408;106060;106348
2422;49;2025;204280;101924;102356
2423;49;2026;202915;101656;101259
2424;49;2027;200830;100090;100740
2425;49;2028;202992;101118;101874
2426;49;2029;202376;100706;101670
2427;49;2030;208134;103683;104451
2428;49;2031;206123;102365;103758
2429;49;2032;201692;100549;101143
2430;49;2033;200599;99979;100620
2431;49;2034;204992;102459;102533
2432;49;2035;208443;103865;104578
2433;49;2036;213698;106268;107430
2434;49;2037;215517;107816;107701
2435;49;2038;215347;107418;107929
2436;49;2039;217570;108293;109277
2437;49;2040;224932;112464;112468
2438;49;2041;225298;112386;112912
2439;49;2042;223561;111739;111822
2440;49;2043;222566;111008;111558
2441;49;2044;223662;111698;111964
2442;49;2045;219747;109682;110065
2443;49;2046;219640;110136;109504
2444;49;2047;221559;110352;111207
2445;49;2048;227421;113598;113823
2446;49;2049;229127;114648;114479
2447;49;2050;233349;116447;116902
2448;50;2003;227433;115102;112331
2449;50;2004;225835;114124;111711
2450;50;2005;227955;115104;112851
2451;50;2006;230009;115513;114496
2452;50;2007;234443;118390;116053
2453;50;2008;237363;119538;117825
2454;50;2009;240928;121346;119582
2455;50;2010;246782;124229;122553
2456;50;2011;247589;124926;122663
2457;50;2012;253490;127664;125826
2458;50;2013;254750;128371;126379
2459;50;2014;258928;131002;127926
2460;50;2015;261932;132370;129562
2461;50;2016;257319;130247;127072
2462;50;2017;252766;127584;125182
2463;50;2018;251116;126658;124458
2464;50;2019;252925;127163;125762
2465;50;2020;263626;132583;131043
2466;50;2021;257236;128982;128254
2467;50;2022;247105;123824;123281
2468;50;2023;235964;117503;118461
2469;50;2024;219046;109113;109933
2470;50;2025;211710;105686;106024
2471;50;2026;203622;101573;102049
2472;50;2027;202266;101310;100956
2473;50;2028;200187;99751;100436
2474;50;2029;202337;100773;101564
2475;50;2030;201725;100365;101360
2476;50;2031;207456;103329;104127
2477;50;2032;205451;102015;103436
2478;50;2033;201032;100203;100829
2479;50;2034;199942;99635;100307
2480;50;2035;204313;102102;102211
2481;50;2036;207750;103503;104247
2482;50;2037;212986;105897;107089
2483;50;2038;214798;107440;107358
2484;50;2039;214630;107045;107585
2485;50;2040;216844;107916;108928
2486;50;2041;224176;112069;112107
2487;50;2042;224543;111994;112549
2488;50;2043;222814;111350;111464
2489;50;2044;221826;110625;111201
2490;50;2045;222919;111312;111607
2491;50;2046;219022;109306;109716
2492;50;2047;218914;109757;109157
2493;50;2048;220827;109973;110854
2494;50;2049;226667;113206;113461
2495;50;2050;228368;114252;114116
2496;51;2003;219905;111509;108396
2497;51;2004;226525;114562;111963
2498;51;2005;224919;113580;111339
2499;51;2006;227023;114553;112470
2500;51;2007;229080;114970;114110
2501;51;2008;233508;117842;115666
2502;51;2009;236440;119004;117436
2503;51;2010;240009;120815;119194
2504;51;2011;245853;123695;122158
2505;51;2012;246639;124378;122261
2506;51;2013;252547;127123;125424
2507;51;2014;253788;127819;125969
2508;51;2015;257943;130436;127507
2509;51;2016;260920;131790;129130
2510;51;2017;256334;129682;126652
2511;51;2018;251818;127043;124775
2512;51;2019;250180;126130;124050
2513;51;2020;251975;126629;125346
2514;51;2021;262628;132024;130604
2515;51;2022;256264;128442;127822
2516;51;2023;246192;123321;122871
2517;51;2024;235106;117035;118071
2518;51;2025;218273;108694;109579
2519;51;2026;210973;105288;105685
2520;51;2027;202927;101198;101729
2521;51;2028;201581;100940;100641
2522;51;2029;199509;99389;100120
2523;51;2030;201648;100406;101242
2524;51;2031;201041;100003;101038
2525;51;2032;206746;102953;103793
2526;51;2033;204745;101643;103102
2527;51;2034;200340;99836;100504
2528;51;2035;199255;99271;99984
2529;51;2036;203603;101724;101879
2530;51;2037;207025;103119;103906
2531;51;2038;212241;105504;106737
2532;51;2039;214046;107041;107005
2533;51;2040;213879;106649;107230
2534;51;2041;216084;107516;108568
2535;51;2042;223386;111651;111735
2536;51;2043;223755;111579;112176
2537;51;2044;222035;110939;111096
2538;51;2045;221054;110219;110835
2539;51;2046;222143;110903;111240
2540;51;2047;218265;108909;109356
2541;51;2048;218157;109357;108800
2542;51;2049;220065;109573;110492
2543;51;2050;225881;112791;113090
2544;52;2003;221386;112185;109201
2545;52;2004;218986;110958;108028
2546;52;2005;225544;113981;111563
2547;52;2006;223950;113008;110942
2548;52;2007;226048;113980;112068
2549;52;2008;228117;114412;113705
2550;52;2009;232542;117281;115261
2551;52;2010;235485;118456;117029
2552;52;2011;239052;120266;118786
2553;52;2012;244878;123138;121740
2554;52;2013;245636;123802;121834
2555;52;2014;251541;126550;124991
2556;52;2015;252767;127236;125531
2557;52;2016;256897;129838;127059
2558;52;2017;259850;131181;128669
2559;52;2018;255290;129086;126204
2560;52;2019;250810;126470;124340
2561;52;2020;249186;125572;123614
2562;52;2021;250966;126064;124902
2563;52;2022;261567;131431;130136
2564;52;2023;255233;127871;127362
2565;52;2024;245222;122788;122434
2566;52;2025;234192;116538;117654
2567;52;2026;217447;108246;109201
2568;52;2027;210184;104862;105322
2569;52;2028;202182;100798;101384
2570;52;2029;200846;100544;100302
2571;52;2030;198783;99001;99782
2572;52;2031;200911;100013;100898
2573;52;2032;200307;99614;100693
2574;52;2033;205986;102550;103436
2575;52;2034;203992;101245;102747
2576;52;2035;199602;99444;100158
2577;52;2036;198521;98881;99640
2578;52;2037;202845;101321;101524
2579;52;2038;206255;102711;103544
2580;52;2039;211450;105086;106364
2581;52;2040;213247;106616;106631
2582;52;2041;213083;106228;106855
2583;52;2042;215279;107092;108187
2584;52;2043;222550;111208;111342
2585;52;2044;222919;111138;111781
2586;52;2045;221209;110503;110706
2587;52;2046;220234;109787;110447
2588;52;2047;221321;110469;110852
2589;52;2048;217462;108486;108976
2590;52;2049;217354;108931;108423
2591;52;2050;219256;109147;110109
2592;53;2003;224336;113846;110490
2593;53;2004;220364;111570;108794
2594;53;2005;217990;110362;107628
2595;53;2006;224504;113365;111139
2596;53;2007;222933;112409;110524
2597;53;2008;225035;113389;111646
2598;53;2009;227120;113838;113282
2599;53;2010;231539;116700;114839
2600;53;2011;234487;117885;116602
2601;53;2012;238042;119689;118353
2602;53;2013;243840;122547;121293
2603;53;2014;244572;123192;121380
2604;53;2015;250472;125940;124532
2605;53;2016;251682;126617;125065
2606;53;2017;255789;129205;126584
2607;53;2018;258721;130537;128184
2608;53;2019;254187;128457;125730
2609;53;2020;249746;125865;123881
2610;53;2021;248137;124982;123155
2611;53;2022;249901;125466;124435
2612;53;2023;260450;130806;129644
2613;53;2024;254145;127267;126878
2614;53;2025;244197;122222;121975
2615;53;2026;233225;116009;117216
2616;53;2027;216573;107770;108803
2617;53;2028;209347;104406;104941
2618;53;2029;201390;100368;101022
2619;53;2030;200065;100119;99946
2620;53;2031;198011;98585;99426
2621;53;2032;200131;99593;100538
2622;53;2033;199530;99197;100333
2623;53;2034;205182;102120;103062
2624;53;2035;203195;100820;102375
2625;53;2036;198823;99026;99797
2626;53;2037;197747;98466;99281
2627;53;2038;202048;100892;101156
2628;53;2039;205443;102277;103166
2629;53;2040;210616;104641;105975
2630;53;2041;212406;106165;106241
2631;53;2042;212244;105780;106464
2632;53;2043;214431;106640;107791
2633;53;2044;221670;110738;110932
2634;53;2045;222042;110671;111371
2635;53;2046;220340;110039;110301
2636;53;2047;219374;109329;110045
2637;53;2048;220458;110009;110449
2638;53;2049;216617;108035;108582
2639;53;2050;216510;108479;108031
2640;54;2003;231324;117527;113797
2641;54;2004;223220;113170;110050
2642;54;2005;219262;110907;108355
2643;54;2006;216927;109728;107199
2644;54;2007;223408;112719;110689
2645;54;2008;221868;111786;110082
2646;54;2009;223974;112772;111202
2647;54;2010;226073;113237;112836
2648;54;2011;230480;116091;114389
2649;54;2012;233426;117280;116146
2650;54;2013;236964;119075;117889
2651;54;2014;242731;121916;120815
2652;54;2015;243436;122542;120894
2653;54;2016;249330;125290;124040
2654;54;2017;250526;125958;124568
2655;54;2018;254610;128532;126078
2656;54;2019;257519;129853;127666
2657;54;2020;253015;127789;125226
2658;54;2021;248609;125219;123390
2659;54;2022;247014;124350;122664
2660;54;2023;248763;124827;123936
2661;54;2024;259258;130139;129119
2662;54;2025;252988;126623;126365
2663;54;2026;243103;121617;121486
2664;54;2027;232191;115442;116749
2665;54;2028;215633;107257;108376
2666;54;2029;208448;103916;104532
2667;54;2030;200539;99906;100633
2668;54;2031;199226;99662;99564
2669;54;2032;197182;98137;99045
2670;54;2033;199292;99141;100151
2671;54;2034;198695;98749;99946
2672;54;2035;204320;101657;102663
2673;54;2036;202343;100364;101979
2674;54;2037;197989;98578;99411
2675;54;2038;196919;98021;98898
2676;54;2039;201195;100433;100762
2677;54;2040;204576;101812;102764
2678;54;2041;209726;104165;105561
2679;54;2042;211510;105683;105827
2680;54;2043;211349;105301;106048
2681;54;2044;213527;106157;107370
2682;54;2045;220734;110235;110499
2683;54;2046;221107;110170;110937
2684;54;2047;219416;109543;109873
2685;54;2048;218458;108839;109619
2686;54;2049;219540;109518;110022
2687;54;2050;215720;107556;108164
2688;55;2003;243299;123095;120204
2689;55;2004;230063;116763;113300
2690;55;2005;222014;112444;109570
2691;55;2006;218080;110201;107879
2692;55;2007;215796;109057;106739
2693;55;2008;222251;112042;110209
2694;55;2009;220744;111133;109611
2695;55;2010;222857;112127;110730
2696;55;2011;224960;112602;112358
2697;55;2012;229349;115443;113906
2698;55;2013;232286;116631;115655
2699;55;2014;235804;118414;117390
2700;55;2015;241539;121238;120301
2701;55;2016;242222;121849;120373
2702;55;2017;248106;124594;123512
2703;55;2018;249290;125254;124036
2704;55;2019;253349;127812;125537
2705;55;2020;256236;129124;127112
2706;55;2021;251764;127077;124687
2707;55;2022;247394;124530;122864
2708;55;2023;245816;123676;122140
2709;55;2024;247552;124147;123405
2710;55;2025;257992;129430;128562
2711;55;2026;251755;125937;125818
2712;55;2027;241938;120972;120966
2713;55;2028;231091;114839;116252
2714;55;2029;214630;106709;107921
2715;55;2030;207487;103391;104096
2716;55;2031;199627;99409;100218
2717;55;2032;198326;99171;99155
2718;55;2033;196293;97656;98637
2719;55;2034;198393;98655;99738
2720;55;2035;197802;98268;99534
2721;55;2036;203398;101160;102238
2722;55;2037;201433;99876;101557
2723;55;2038;197097;98097;99000
2724;55;2039;196033;97544;98489
2725;55;2040;200287;99942;100345
2726;55;2041;203652;101315;102337
2727;55;2042;208780;103657;105123
2728;55;2043;210556;105168;105388
2729;55;2044;210398;104789;105609
2730;55;2045;212567;105642;106925
2731;55;2046;219740;109699;110041
2732;55;2047;220116;109638;110478
2733;55;2048;218435;109015;109420
2734;55;2049;217485;108317;109168
2735;55;2050;218565;108993;109572
2736;56;2003;250649;127423;123226
2737;56;2004;241856;122218;119638
2738;56;2005;228707;115940;112767
2739;56;2006;220723;111666;109057
2740;56;2007;216826;109451;107375
2741;56;2008;214598;108347;106251
2742;56;2009;221026;111325;109701
2743;56;2010;219553;110440;109113
2744;56;2011;221667;111440;110227
2745;56;2012;223770;111921;111849
2746;56;2013;228132;114743;113389
2747;56;2014;231057;115929;115128
2748;56;2015;234555;117700;116855
2749;56;2016;240259;120507;119752
2750;56;2017;240920;121103;119817
2751;56;2018;246789;123842;122947
2752;56;2019;247964;124498;123466
2753;56;2020;252000;127040;124960
2754;56;2021;254866;128342;126524
2755;56;2022;250426;126312;124114
2756;56;2023;246094;123790;122304
2757;56;2024;244532;122950;121582
2758;56;2025;246256;123417;122839
2759;56;2026;256637;128667;127970
2760;56;2027;250441;125201;125240
2761;56;2028;240690;120277;120413
2762;56;2029;229911;114187;115724
2763;56;2030;213552;106115;107437
2764;56;2031;206453;102822;103631
2765;56;2032;198646;98871;99775
2766;56;2033;197357;98637;98720
2767;56;2034;195334;97132;98202
2768;56;2035;197426;98127;99299
2769;56;2036;196842;97746;99096
2770;56;2037;202411;100623;101788
2771;56;2038;200455;99345;101110
2772;56;2039;196140;97576;98564
2773;56;2040;195084;97028;98056
2774;56;2041;199314;99412;99902
2775;56;2042;202664;100779;101885
2776;56;2043;207768;103109;104659
2777;56;2044;209536;104612;104924
2778;56;2045;209381;104237;105144
2779;56;2046;211542;105087;106455
2780;56;2047;218680;109122;109558
2781;56;2048;219058;109064;109994
2782;56;2049;217388;108446;108942
2783;56;2050;216448;107754;108694
2784;57;2003;179973;91090;88883
2785;57;2004;249042;126434;122608
2786;57;2005;240301;121273;119028
2787;57;2006;227249;115057;112192
2788;57;2007;219345;110837;108508
2789;57;2008;215488;108655;106833
2790;57;2009;213316;107590;105726
2791;57;2010;219715;110559;109156
2792;57;2011;218273;109696;108577
2793;57;2012;220381;110696;109685
2794;57;2013;222481;111181;111300
2795;57;2014;226816;113983;112833
2796;57;2015;229731;115168;114563
2797;57;2016;233208;116928;116280
2798;57;2017;238881;119718;119163
2799;57;2018;239522;120300;119222
2800;57;2019;245376;123032;122344
2801;57;2020;246541;123683;122858
2802;57;2021;250553;126209;124344
2803;57;2022;253399;127501;125898
2804;57;2023;248992;125490;123502
2805;57;2024;244700;122994;121706
2806;57;2025;243157;122169;120988
2807;57;2026;244869;122631;122238
2808;57;2027;255190;127848;127342
2809;57;2028;249033;124409;124624
2810;57;2029;239354;119528;119826
2811;57;2030;228647;113485;115162
2812;57;2031;212395;105474;106921
2813;57;2032;205344;102208;103136
2814;57;2033;197591;98289;99302
2815;57;2034;196315;98061;98254
2816;57;2035;194306;96567;97739
2817;57;2036;196389;97558;98831
2818;57;2037;195812;97182;98630
2819;57;2038;201350;100042;101308
2820;57;2039;199408;98774;100634
2821;57;2040;195115;97015;98100
2822;57;2041;194066;96472;97594
2823;57;2042;198272;98841;99431
2824;57;2043;201607;100201;101406
2825;57;2044;206686;102519;104167
2826;57;2045;208446;104015;104431
2827;57;2046;208295;103644;104651
2828;57;2047;210447;104489;105958
2829;57;2048;217548;108502;109046
2830;57;2049;217928;108446;109482
2831;57;2050;216271;107834;108437
2832;58;2003;187580;94846;92734
2833;58;2004;178769;90343;88426
2834;58;2005;247302;125362;121940
2835;58;2006;238626;120256;118370
2836;58;2007;225685;114109;111576
2837;58;2008;217869;109951;107918
2838;58;2009;214062;107806;106256
2839;58;2010;211944;106778;105166
2840;58;2011;218309;109735;108574
2841;58;2012;216890;108890;108000
2842;58;2013;218990;109888;109102
2843;58;2014;221085;110376;110709
2844;58;2015;225389;113157;112232
2845;58;2016;228294;114340;113954
2846;58;2017;231750;116088;115662
2847;58;2018;237390;118859;118531
2848;58;2019;238015;119431;118584
2849;58;2020;243850;122154;121696
2850;58;2021;245006;122800;122206
2851;58;2022;248995;125310;123685
2852;58;2023;251820;126593;125227
2853;58;2024;247449;124601;122848
2854;58;2025;243197;122131;121066
2855;58;2026;241674;121322;120352
2856;58;2027;243376;121781;121595
2857;58;2028;253635;126963;126672
2858;58;2029;247522;123554;123968
2859;58;2030;237916;118717;119199
2860;58;2031;227285;112723;114562
2861;58;2032;211145;104776;106369
2862;58;2033;204143;101538;102605
2863;58;2034;196448;97653;98795
2864;58;2035;195187;97432;97755
2865;58;2036;193192;95950;97242
2866;58;2037;195265;96936;98329
2867;58;2038;194695;96565;98130
2868;58;2039;200204;99409;100795
2869;58;2040;198276;98151;100125
2870;58;2041;194008;96404;97604
2871;58;2042;192968;95866;97102
2872;58;2043;197148;98218;98930
2873;58;2044;200466;99572;100894
2874;58;2045;205520;101877;103643
2875;58;2046;207273;103366;103907
2876;58;2047;207126;103000;104126
2877;58;2048;209268;103841;105427
2878;58;2049;216331;107829;108502
2879;58;2050;216715;107777;108938
2880;59;2003;177360;89739;87621
2881;59;2004;186203;93987;92216
2882;59;2005;177455;89529;87926
2883;59;2006;245429;124209;121220
2884;59;2007;236832;119164;117668
2885;59;2008;224011;113096;110915
2886;59;2009;216289;109003;107286
2887;59;2010;212527;106892;105635
2888;59;2011;210464;105900;104564
2889;59;2012;216787;108840;107947
2890;59;2013;215391;108012;107379
2891;59;2014;217481;109008;108473
2892;59;2015;219571;109498;110073
2893;59;2016;223845;112258;111587
2894;59;2017;226739;113439;113300
2895;59;2018;230175;115175;115000
2896;59;2019;235783;117929;117854
2897;59;2020;236395;118491;117904
2898;59;2021;242206;121202;121004
2899;59;2022;243355;121845;121510
2900;59;2023;247319;124338;122981
2901;59;2024;250126;125612;124514
2902;59;2025;245794;123642;122152
2903;59;2026;241586;121200;120386
2904;59;2027;240083;120407;119676
2905;59;2028;241774;120863;120911
2906;59;2029;251968;126008;125960
2907;59;2030;245902;122630;123272
2908;59;2031;236373;117839;118534
2909;59;2032;225822;111898;113924
2910;59;2033;209803;104021;105782
2911;59;2034;202852;100812;102040
2912;59;2035;195217;96962;98255
2913;59;2036;193971;96747;97224
2914;59;2037;191992;95279;96713
2915;59;2038;194057;96261;97796
2916;59;2039;193495;95896;97599
2917;59;2040;198972;98721;100251
2918;59;2041;197058;97474;99584
2919;59;2042;192819;95742;97077
2920;59;2043;191789;95210;96579
2921;59;2044;195943;97546;98397
2922;59;2045;199244;98892;100352
2923;59;2046;204271;101183;103088
2924;59;2047;206016;102664;103352
2925;59;2048;205875;102303;103572
2926;59;2049;208007;103140;104867
2927;59;2050;215030;107103;107927
2928;60;2003;163205;82467;80738
2929;60;2004;175933;88837;87096
2930;60;2005;184698;93047;91651
2931;60;2006;176027;88644;87383
2932;60;2007;243413;122966;120447
2933;60;2008;234907;117992;116915
2934;60;2009;222217;112009;110208
2935;60;2010;214586;107978;106608
2936;60;2011;210872;105903;104969
2937;60;2012;208859;104944;103915
2938;60;2013;215135;107863;107272
2939;60;2014;213764;107054;106710
2940;60;2015;215845;108049;107796
2941;60;2016;217928;108540;109388
2942;60;2017;222174;111280;110894
2943;60;2018;225056;112458;112598
2944;60;2019;228470;114181;114289
2945;60;2020;234043;116914;117129
2946;60;2021;234644;117470;117174
2947;60;2022;240431;120168;120263
2948;60;2023;241572;120807;120765
2949;60;2024;245511;123282;122229
2950;60;2025;248300;124548;123752
2951;60;2026;244010;122601;121409
2952;60;2027;239847;120189;119658
2953;60;2028;238365;119411;118954
2954;60;2029;240047;119865;120182
2955;60;2030;250173;124971;125202
2956;60;2031;244158;121627;122531
2957;60;2032;234712;116886;117826
2958;60;2033;224246;111001;113245
2959;60;2034;208352;103197;105155
2960;60;2035;201459;100021;101438
2961;60;2036;193888;96209;97679
2962;60;2037;192658;96001;96657
2963;60;2038;190697;94547;96150
2964;60;2039;192752;95524;97228
2965;60;2040;192199;95166;97033
2966;60;2041;197643;97972;99671
2967;60;2042;195746;96737;99009
2968;60;2043;191536;95019;96517
2969;60;2044;190517;94494;96023
2970;60;2045;194644;96813;97831
2971;60;2046;197926;98150;99776
2972;60;2047;202925;100426;102499
2973;60;2048;204662;101899;102763
2974;60;2049;204526;101544;102982
2975;60;2050;206649;102377;104272
2976;61;2003;154697;77880;76817
2977;61;2004;161765;81556;80209
2978;61;2005;174378;87856;86522
2979;61;2006;183062;92027;91035
2980;61;2007;174483;87686;86797
2981;61;2008;241247;121631;119616
2982;61;2009;232839;116734;116105
2983;61;2010;220286;110838;109448
2984;61;2011;212750;106872;105878
2985;61;2012;209086;104834;104252
2986;61;2013;207118;103905;103213
2987;61;2014;213346;106802;106544
2988;61;2015;211998;106009;105989
2989;61;2016;214071;107002;107069
2990;61;2017;216151;107498;108653
2991;61;2018;220366;110214;110152
2992;61;2019;223236;111390;111846
2993;61;2020;226629;113100;113529
2994;61;2021;232164;115812;116352
2995;61;2022;232757;116361;116396
2996;61;2023;238516;119045;119471
2997;61;2024;239652;119681;119971
2998;61;2025;243565;122137;121428
2999;61;2026;246335;123394;122941
3000;61;2027;242089;121473;120616
3001;61;2028;237976;119093;118883
3002;61;2029;236518;118333;118185
3003;61;2030;238192;118786;119406
3004;61;2031;248243;123848;124395
3005;61;2032;242285;120542;121743
3006;61;2033;232925;115853;117072
3007;61;2034;222550;110028;112522
3008;61;2035;206791;102303;104488
3009;61;2036;199957;99160;100797
3010;61;2037;192455;95389;97066
3011;61;2038;191242;95188;96054
3012;61;2039;189300;93750;95550
3013;61;2040;191346;94722;96624
3014;61;2041;190803;94372;96431
3015;61;2042;196212;97157;99055
3016;61;2043;194333;95935;98398
3017;61;2044;190155;94233;95922
3018;61;2045;189148;93715;95433
3019;61;2046;193247;96016;97231
3020;61;2047;196511;97345;99166
3021;61;2048;201480;99605;101875
3022;61;2049;203208;101069;102139
3023;61;2050;203079;100720;102359
3024;62;2003;157867;78829;79038
3025;62;2004;153210;76934;76276
3026;62;2005;160196;80563;79633
3027;62;2006;172692;86792;85900
3028;62;2007;181297;90925;90372
3029;62;2008;172819;86653;86166
3030;62;2009;238921;120195;118726
3031;62;2010;230613;115376;115237
3032;62;2011;218204;109572;108632
3033;62;2012;210768;105674;105094
3034;62;2013;207149;103669;103480
3035;62;2014;205229;102772;102457
3036;62;2015;211405;105643;105762
3037;62;2016;210085;104871;105214
3038;62;2017;212149;105861;106288
3039;62;2018;214226;106361;107865
3040;62;2019;218409;109054;109355
3041;62;2020;221266;110226;111040
3042;62;2021;224637;111924;112713
3043;62;2022;230132;114613;115519
3044;62;2023;230719;115157;115562
3045;62;2024;236447;117824;118623
3046;62;2025;237578;118458;119120
3047;62;2026;241466;120895;120571
3048;62;2027;244217;122143;122074
3049;62;2028;240020;120250;119770
3050;62;2029;235958;117903;118055
3051;62;2030;234525;117161;117364
3052;62;2031;236190;117612;118578
3053;62;2032;246164;122629;123535
3054;62;2033;240267;119363;120904
3055;62;2034;230999;114731;116268
3056;62;2035;220721;108969;111752
3057;62;2036;205105;101328;103777
3058;62;2037;198337;98223;100114
3059;62;2038;190907;94495;96412
3060;62;2039;189712;94301;95411
3061;62;2040;187792;92881;94911
3062;62;2041;189828;93848;95980
3063;62;2042;189296;93505;95791
3064;62;2043;194667;96268;98399
3065;62;2044;192809;95061;97748
3066;62;2045;188666;93377;95289
3067;62;2046;187671;92867;94804
3068;62;2047;191742;95149;96593
3069;62;2048;194986;96469;98517
3070;62;2049;199924;98713;101211
3071;62;2050;201643;100167;101476
3072;63;2003;150844;74658;76186
3073;63;2004;156170;77748;78422
3074;63;2005;151580;75899;75681
3075;63;2006;158485;79482;79003
3076;63;2007;170866;85641;85225
3077;63;2008;179390;89735;89655
3078;63;2009;171021;85537;85484
3079;63;2010;236412;118645;117767
3080;63;2011;228215;113911;114304
3081;63;2012;215955;108201;107754
3082;63;2013;208622;104373;104249
3083;63;2014;205053;102404;102649
3084;63;2015;203180;101538;101642
3085;63;2016;209304;104383;104921
3086;63;2017;208012;103631;104381
3087;63;2018;210068;104620;105448
3088;63;2019;212140;105123;107017
3089;63;2020;216289;107790;108499
3090;63;2021;219133;108958;110175
3091;63;2022;222481;110643;111838
3092;63;2023;227934;113308;114626
3093;63;2024;228518;113848;114670
3094;63;2025;234210;116496;117714
3095;63;2026;235341;117130;118211
3096;63;2027;239198;119544;119654
3097;63;2028;241932;120784;121148
3098;63;2029;237787;118921;118866
3099;63;2030;233779;116610;117169
3100;63;2031;232374;115887;116487
3101;63;2032;234032;116338;117694
3102;63;2033;243923;121305;122618
3103;63;2034;238090;118082;120008
3104;63;2035;228922;113510;115412
3105;63;2036;218750;107818;110932
3106;63;2037;203287;100268;103019
3107;63;2038;196588;97202;99386
3108;63;2039;189236;93521;95715
3109;63;2040;188059;93335;94724
3110;63;2041;186162;91933;94229
3111;63;2042;188188;92894;95294
3112;63;2043;187668;92560;95108
3113;63;2044;193001;95300;97701
3114;63;2045;191166;94109;97057
3115;63;2046;187060;92444;94616
3116;63;2047;186080;91943;94137
3117;63;2048;190119;94205;95914
3118;63;2049;193343;95516;97827
3119;63;2050;198247;97741;100506
3120;64;2003;146506;72423;74083
3121;64;2004;149067;73530;75537
3122;64;2005;154322;76574;77748
3123;64;2006;149807;74776;75031
3124;64;2007;156633;78314;78319
3125;64;2008;168890;84399;84491
3126;64;2009;177329;88450;88879
3127;64;2010;169075;84332;84743
3128;64;2011;233704;116974;116730
3129;64;2012;225620;112327;113293
3130;64;2013;213520;106714;106806
3131;64;2014;206295;102959;103336
3132;64;2015;202783;101030;101753
3133;64;2016;200959;100195;100764
3134;64;2017;207025;103011;104014
3135;64;2018;205765;102281;103484
3136;64;2019;207813;103267;104546
3137;64;2020;209880;103774;106106
3138;64;2021;213994;106415;107579
3139;64;2022;216824;107579;109245
3140;64;2023;220150;109251;110899
3141;64;2024;225556;111888;113668
3142;64;2025;226139;112426;113713
3143;64;2026;231792;115052;116740
3144;64;2027;232921;115686;117235
3145;64;2028;236750;118078;118672
3146;64;2029;239466;119310;120156
3147;64;2030;235376;117478;117898
3148;64;2031;231428;115206;116222
3149;64;2032;230050;114503;115547
3150;64;2033;231701;114953;116748
3151;64;2034;241504;119868;121636
3152;64;2035;235742;116692;119050
3153;64;2036;226680;112184;114496
3154;64;2037;216620;106566;110054
3155;64;2038;201321;99113;102208
3156;64;2039;194696;96089;98607
3157;64;2040;187428;92459;94969
3158;64;2041;186271;92281;93990
3159;64;2042;184401;90900;93501
3160;64;2043;186416;91855;94561
3161;64;2044;185909;91530;94379
3162;64;2045;191200;94244;96956
3163;64;2046;189389;93070;96319
3164;64;2047;185325;91427;93898
3165;64;2048;184360;90936;93424
3166;64;2049;188367;93176;95191
3167;64;2050;191568;94476;97092
3168;65;2003;136652;66801;69851
3169;65;2004;144528;71136;73392
3170;65;2005;147059;72233;74826
3171;65;2006;152236;75225;77011
3172;65;2007;147809;73486;74323
3173;65;2008;154549;76974;77575
3174;65;2009;166661;82969;83692
3175;65;2010;175005;86968;88037
3176;65;2011;166868;82927;83941
3177;65;2012;230683;115073;115610
3178;65;2013;222724;110521;112203
3179;65;2014;210795;105014;105781
3180;65;2015;203689;101340;102349
3181;65;2016;200240;99456;100784
3182;65;2017;198469;98654;99815
3183;65;2018;204475;101440;103035
3184;65;2019;203247;100732;102515
3185;65;2020;205287;101716;103571
3186;65;2021;207349;102227;105122
3187;65;2022;211426;104839;106587
3188;65;2023;214239;105996;108243
3189;65;2024;217540;107653;109887
3190;65;2025;222897;110261;112636
3191;65;2026;223476;110794;112682
3192;65;2027;229087;113397;115690
3193;65;2028;230217;114032;116185
3194;65;2029;234010;116396;117614
3195;65;2030;236707;117618;119089
3196;65;2031;232677;115819;116858
3197;65;2032;228791;113588;115203
3198;65;2033;227443;112905;114538
3199;65;2034;229088;113357;115731
3200;65;2035;238796;118215;120581
3201;65;2036;233110;115089;118021
3202;65;2037;224160;110649;113511
3203;65;2038;214225;105113;109112
3204;65;2039;199101;97763;101338
3205;65;2040;192556;94785;97771
3206;65;2041;185375;91207;94168
3207;65;2042;184241;91038;93203
3208;65;2043;182398;89679;92719
3209;65;2044;184401;90627;93774
3210;65;2045;183908;90311;93597
3211;65;2046;189154;92998;96156
3212;65;2047;187369;91842;95527
3213;65;2048;183349;90222;93127
3214;65;2049;182402;89742;92660
3215;65;2050;186373;91958;94415
3216;66;2003;134265;65346;68919
3217;66;2004;134667;65528;69139
3218;66;2005;142419;69783;72636
3219;66;2006;144923;70873;74050
3220;66;2007;150026;73816;76210
3221;66;2008;145690;72138;73552
3222;66;2009;152346;75577;76769
3223;66;2010;164306;81482;82824
3224;66;2011;172547;85423;87124
3225;66;2012;164540;81469;83071
3226;66;2013;227474;113076;114398
3227;66;2014;219648;108623;111025
3228;66;2015;207902;103228;104674
3229;66;2016;200923;99639;101284
3230;66;2017;197541;97802;99739
3231;66;2018;195822;97032;98790
3232;66;2019;201767;99787;101980
3233;66;2020;200572;99101;101471
3234;66;2021;202604;100083;102521
3235;66;2022;204659;100597;104062
3236;66;2023;208697;103179;105518
3237;66;2024;211491;104328;107163
3238;66;2025;214767;105970;108797
3239;66;2026;220072;108547;111525
3240;66;2027;220652;109077;111575
3241;66;2028;226215;111654;114561
3242;66;2029;227345;112289;115056
3243;66;2030;231102;114625;116477
3244;66;2031;233779;115837;117942
3245;66;2032;229814;114075;115739
3246;66;2033;225995;111888;114107
3247;66;2034;224680;111226;113454
3248;66;2035;226319;111679;114640
3249;66;2036;235924;116476;119448
3250;66;2037;230321;113405;116916
3251;66;2038;221492;109038;112454
3252;66;2039;211689;103589;108100
3253;66;2040;196754;96351;100403
3254;66;2041;190295;93422;96873
3255;66;2042;183210;89902;93308
3256;66;2043;182099;89742;92357
3257;66;2044;180286;88406;91880
3258;66;2045;182276;89346;92930
3259;66;2046;181799;89041;92758
3260;66;2047;186995;91697;95298
3261;66;2048;185240;90562;94678
3262;66;2049;181269;88967;92302
3263;66;2050;180339;88498;91841
3264;67;2003;129933;62580;67353
3265;67;2004;132130;63986;68144
3266;67;2005;132537;64178;68359
3267;67;2006;140167;68356;71811
3268;67;2007;142644;69440;73204
3269;67;2008;147671;72335;75336
3270;67;2009;143433;70720;72713
3271;67;2010;149997;74106;75891
3272;67;2011;161794;79913;81881
3273;67;2012;169926;83796;86130
3274;67;2013;162057;79931;82126
3275;67;2014;224045;110960;113085
3276;67;2015;216363;106612;109751
3277;67;2016;204812;101335;103477
3278;67;2017;197965;97833;100132
3279;67;2018;194656;96045;98611
3280;67;2019;192991;95308;97683
3281;67;2020;198867;98027;100840
3282;67;2021;197709;97367;100342
3283;67;2022;199732;98345;101387
3284;67;2023;201782;98864;102918
3285;67;2024;205777;101413;104364
3286;67;2025;208553;102555;105998
3287;67;2026;211803;104181;107622
3288;67;2027;217050;106724;110326
3289;67;2028;217635;107254;110381
3290;67;2029;223145;109802;113343
3291;67;2030;224276;110438;113838
3292;67;2031;227994;112744;115250
3293;67;2032;230652;113946;116706
3294;67;2033;226757;112223;114534
3295;67;2034;223010;110084;112926
3296;67;2035;221729;109444;112285
3297;67;2036;223361;109897;113464
3298;67;2037;232857;114628;118229
3299;67;2038;227342;111615;115727
3300;67;2039;218642;107326;111316
3301;67;2040;208981;101971;107010
3302;67;2041;194249;94853;99396
3303;67;2042;187883;91977;95906
3304;67;2043;180901;88519;92382
3305;67;2044;179814;88368;91446
3306;67;2045;178036;87059;90977
3307;67;2046;180012;87991;92021
3308;67;2047;179550;87696;91854
3309;67;2048;184695;90320;94375
3310;67;2049;182970;89206;93764
3311;67;2050;179052;87639;91413
3312;68;2003;126797;60319;66478
3313;68;2004;127673;61158;66515
3314;68;2005;129833;62541;67292
3315;68;2006;130247;62746;67501
3316;68;2007;137750;66844;70906
3317;68;2008;140205;67924;72281
3318;68;2009;145156;70771;74385
3319;68;2010;141019;69220;71799
3320;68;2011;147486;72549;74937
3321;68;2012;159109;78254;80855
3322;68;2013;167122;82072;85050
3323;68;2014;159404;78303;81101
3324;68;2015;220378;108714;111664
3325;68;2016;212847;104474;108373
3326;68;2017;201507;99323;102184
3327;68;2018;194799;95911;98888
3328;68;2019;191566;94174;97392
3329;68;2020;189959;93472;96487
3330;68;2021;195761;96153;99608
3331;68;2022;194644;95520;99124
3332;68;2023;196656;96494;100162
3333;68;2024;198699;97017;101682
3334;68;2025;202647;99529;103118
3335;68;2026;205404;100664;104740
3336;68;2027;208623;102271;106352
3337;68;2028;213812;104780;109032
3338;68;2029;214401;105309;109092
3339;68;2030;219854;107825;112029
3340;68;2031;220985;108462;112523
3341;68;2032;224665;110738;113927
3342;68;2033;227300;111928;115372
3343;68;2034;223480;110247;113233
3344;68;2035;219809;108158;111651
3345;68;2036;218564;107541;111023
3346;68;2037;220191;107996;112195
3347;68;2038;229569;112656;116913
3348;68;2039;224149;109705;114444
3349;68;2040;215589;105500;110089
3350;68;2041;206080;100245;105835
3351;68;2042;191565;93256;98309
3352;68;2043;185300;90437;94863
3353;68;2044;178428;87045;91383
3354;68;2045;177367;86904;90463
3355;68;2046;175625;85623;90002
3356;68;2047;177586;86546;91040
3357;68;2048;177142;86263;90879
3358;68;2049;182231;88852;93379
3359;68;2050;180542;87763;92779
3360;69;2003;122409;57508;64901
3361;69;2004;124376;58809;65567
3362;69;2005;125241;59642;65599
3363;69;2006;127370;61006;66364
3364;69;2007;127792;61225;66567
3365;69;2008;135161;65240;69921
3366;69;2009;137596;66319;71277
3367;69;2010;142465;69113;73352
3368;69;2011;138431;67625;70806
3369;69;2012;144795;70895;73900
3370;69;2013;156229;76487;79742
3371;69;2014;164116;80236;83880
3372;69;2015;156559;76570;79989
3373;69;2016;216448;106320;110128
3374;69;2017;209079;102194;106885
3375;69;2018;197963;97176;100787
3376;69;2019;191399;93857;97542
3377;69;2020;188249;92175;96074
3378;69;2021;186700;91508;95192
3379;69;2022;192425;94148;98277
3380;69;2023;191350;93543;97807
3381;69;2024;193351;94512;98839
3382;69;2025;195386;95039;100347
3383;69;2026;199285;97513;101772
3384;69;2027;202021;98639;103382
3385;69;2028;205208;100227;104981
3386;69;2029;210332;102697;107635
3387;69;2030;210927;103227;107700
3388;69;2031;216317;105708;110609
3389;69;2032;217449;106345;111104
3390;69;2033;221087;108589;112498
3391;69;2034;223700;109768;113932
3392;69;2035;219959;108131;111828
3393;69;2036;216370;106096;110274
3394;69;2037;215165;105504;109661
3395;69;2038;216784;105960;110824
3396;69;2039;226033;110541;115492
3397;69;2040;220717;107657;113060
3398;69;2041;212306;103542;108764
3399;69;2042;202961;98395;104566
3400;69;2043;188681;91545;97136
3401;69;2044;182522;88786;93736
3402;69;2045;175769;85466;90303
3403;69;2046;174735;85335;89400
3404;69;2047;173032;84084;88948
3405;69;2048;174978;84998;89980
3406;69;2049;174554;84728;89826
3407;69;2050;179581;87278;92303
3408;70;2003;123046;57083;65963
3409;70;2004;119843;55923;63920
3410;70;2005;121780;57207;64573
3411;70;2006;122635;58034;64601
3412;70;2007;124733;59380;65353
3413;70;2008;125166;59613;65553
3414;70;2009;132396;63542;68854
3415;70;2010;134802;64614;70188
3416;70;2011;139585;67353;72232
3417;70;2012;135660;65928;69732
3418;70;2013;141913;69134;72779
3419;70;2014;153144;74607;78537
3420;70;2015;160898;78281;82617
3421;70;2016;153510;74722;78788
3422;70;2017;212240;103769;108471
3423;70;2018;205046;99765;105281
3424;70;2019;194169;94886;99283
3425;70;2020;187763;91667;96096
3426;70;2021;184698;90041;94657
3427;70;2022;183210;89411;93799
3428;70;2023;188851;92006;96845
3429;70;2024;187821;91430;96391
3430;70;2025;189809;92393;97416
3431;70;2026;191835;92923;98912
3432;70;2027;195680;95356;100324
3433;70;2028;198391;96472;101919
3434;70;2029;201543;98039;103504
3435;70;2030;206597;100467;106130
3436;70;2031;207200;100998;106202
3437;70;2032;212520;103440;109080
3438;70;2033;213653;104077;109576
3439;70;2034;217246;106286;110960
3440;70;2035;219836;107453;112383
3441;70;2036;216181;105864;110317
3442;70;2037;212676;103884;108792
3443;70;2038;211512;103318;108194
3444;70;2039;213124;103775;109349
3445;70;2040;222234;108273;113961
3446;70;2041;217029;105461;111568
3447;70;2042;208776;101440;107336
3448;70;2043;199607;96408;103199
3449;70;2044;185579;89706;95873
3450;70;2045;179536;87012;92524
3451;70;2046;172909;83768;89141
3452;70;2047;171906;83649;88257
3453;70;2048;170245;82430;87815
3454;70;2049;172172;83333;88839
3455;70;2050;171769;83076;88693
3456;71;2003;117983;53966;64017
3457;71;2004;120190;55340;64850
3458;71;2005;117078;54238;62840
3459;71;2006;118983;55503;63480
3460;71;2007;119831;56325;63506
3461;71;2008;121897;57654;64243
3462;71;2009;122343;57903;64440
3463;71;2010;129421;61738;67683
3464;71;2011;131797;62801;68996
3465;71;2012;136488;65481;71007
3466;71;2013;132673;64119;68554
3467;71;2014;138809;67255;71554
3468;71;2015;149820;72599;77221
3469;71;2016;157430;76194;81236
3470;71;2017;150226;72749;77477
3471;71;2018;207710;101045;106665
3472;71;2019;200703;97169;103534
3473;71;2020;190082;92437;97645
3474;71;2021;183842;89323;94519
3475;71;2022;180870;87757;93113
3476;71;2023;179444;87163;92281
3477;71;2024;184994;89709;95285
3478;71;2025;184011;89164;94847
3479;71;2026;185985;90119;95866
3480;71;2027;187999;90652;97347
3481;71;2028;191785;93039;98746
3482;71;2029;194472;94145;100327
3483;71;2030;197583;95687;101896
3484;71;2031;202563;98072;104491
3485;71;2032;203173;98604;104569
3486;71;2033;208418;101004;107414
3487;71;2034;209551;101640;107911
3488;71;2035;213094;103810;109284
3489;71;2036;215658;104964;110694
3490;71;2037;212094;103425;108669
3491;71;2038;208682;101506;107176
3492;71;2039;207560;100965;106595
3493;71;2040;209163;101423;107740
3494;71;2041;218125;105831;112294
3495;71;2042;213039;103096;109943
3496;71;2043;204957;99177;105780
3497;71;2044;195978;94268;101710
3498;71;2045;182223;87726;94497
3499;71;2046;176304;85102;91202
3500;71;2047;169812;81938;87874
3501;71;2048;168842;81832;87010
3502;71;2049;167224;80646;86578
3503;71;2050;169133;81538;87595
3504;72;2003;116824;52756;64068
3505;72;2004;114930;52136;62794
3506;72;2005;117094;53485;63609
3507;72;2006;114079;52443;61636
3508;72;2007;115954;53691;62263
3509;72;2008;116795;54506;62289
3510;72;2009;118827;55815;63012
3511;72;2010;119286;56080;63206
3512;72;2011;126202;59814;66388
3513;72;2012;128544;60866;67678
3514;72;2013;133134;63482;69652
3515;72;2014;129440;62186;67254
3516;72;2015;135447;65246;70201
3517;72;2016;146219;70451;75768
3518;72;2017;153671;73959;79712
3519;72;2018;146666;70634;76032
3520;72;2019;202802;98125;104677
3521;72;2020;195999;94386;101613
3522;72;2021;185654;89812;95842
3523;72;2022;179593;86808;92785
3524;72;2023;176720;85305;91415
3525;72;2024;175358;84748;90610
3526;72;2025;180808;87240;93568
3527;72;2026;179876;86727;93149
3528;72;2027;181833;87674;94159
3529;72;2028;183833;88208;95625
3530;72;2029;187557;90547;97010
3531;72;2030;190213;91640;98573
3532;72;2031;193282;93156;100126
3533;72;2032;198179;95493;102686
3534;72;2033;198798;96025;102773
3535;72;2034;203958;98378;105580
3536;72;2035;205091;99013;106078
3537;72;2036;208580;101142;107438
3538;72;2037;211114;102280;108834
3539;72;2038;207649;100795;106854
3540;72;2039;204336;98940;105396
3541;72;2040;203260;98427;104833
3542;72;2041;204855;98886;105969
3543;72;2042;213654;103197;110457
3544;72;2043;208697;100543;108154
3545;72;2044;200800;96733;104067
3546;72;2045;192027;91957;100070
3547;72;2046;178567;85586;92981
3548;72;2047;172782;83036;89746
3549;72;2048;166440;79960;86480
3550;72;2049;165502;79866;85636
3551;72;2050;163934;78717;85217
3552;73;2003;108760;48063;60697
3553;73;2004;113439;50761;62678
3554;73;2005;111621;50191;61430
3555;73;2006;113740;51516;62224
3556;73;2007;110831;50537;60294
3557;73;2008;112671;51764;60907
3558;73;2009;113506;52574;60932
3559;73;2010;115499;53858;61641
3560;73;2011;115969;54136;61833
3561;73;2012;122711;57764;64947
3562;73;2013;125016;58802;66214
3563;73;2014;129499;61349;68150
3564;73;2015;125932;60121;65811
3565;73;2016;131800;63100;68700
3566;73;2017;142311;68154;74157
3567;73;2018;149593;71568;78025
3568;73;2019;142802;68371;74431
3569;73;2020;197477;95000;102477
3570;73;2021;190894;91405;99489
3571;73;2022;180848;86998;93850
3572;73;2023;174979;84110;90869
3573;73;2024;172211;82673;89538
3574;73;2025;170917;82154;88763
3575;73;2026;176260;84589;91671
3576;73;2027;175381;84109;91272
3577;73;2028;177317;85044;92273
3578;73;2029;179301;85580;93721
3579;73;2030;182955;87865;95090
3580;73;2031;185577;88943;96634
3581;73;2032;188599;90431;98168
3582;73;2033;193404;92715;100689
3583;73;2034;194033;93248;100785
3584;73;2035;199100;95549;103551
3585;73;2036;200232;96182;104050
3586;73;2037;203660;98265;105395
3587;73;2038;206163;99387;106776
3588;73;2039;202805;97959;104846
3589;73;2040;199599;96172;103427
3590;73;2041;198572;95688;102884
3591;73;2042;200157;96148;104009
3592;73;2043;208777;100353;108424
3593;73;2044;203960;97786;106174
3594;73;2045;196266;94094;102172
3595;73;2046;187716;89460;98256
3596;73;2047;174578;83274;91304
3597;73;2048;168940;80804;88136
3598;73;2049;162758;77822;84936
3599;73;2050;161858;77741;84117
3600;74;2003;105488;45706;59782
3601;74;2004;105241;46040;59201
3602;74;2005;109779;48650;61129
3603;74;2006;108042;48132;59910
3604;74;2007;110112;49429;60683
3605;74;2008;107320;48517;58803
3606;74;2009;109123;49722;59401
3607;74;2010;109949;50523;59426
3608;74;2011;111899;51780;60119
3609;74;2012;112383;52071;60312
3610;74;2013;118935;55582;63353
3611;74;2014;121196;56603;64593
3612;74;2015;125565;59077;66488
3613;74;2016;122133;57918;64215
3614;74;2017;127849;60807;67042
3615;74;2018;138076;65699;72377
3616;74;2019;145172;69011;76161
3617;74;2020;138611;65949;72662
3618;74;2021;191704;91655;100049
3619;74;2022;185357;88213;97144
3620;74;2023;175635;83983;91652
3621;74;2024;169972;81218;88754
3622;74;2025;167318;79851;87467
3623;74;2026;166093;79370;86723
3624;74;2027;171316;81741;89575
3625;74;2028;170493;81295;89198
3626;74;2029;172409;82219;90190
3627;74;2030;174373;82755;91618
3628;74;2031;177950;84982;92968
3629;74;2032;180534;86043;94491
3630;74;2033;183503;87499;96004
3631;74;2034;188209;89726;98483
3632;74;2035;188847;90258;98589
3633;74;2036;193811;92503;101308
3634;74;2037;194940;93132;101808
3635;74;2038;198303;95166;103137
3636;74;2039;200770;96268;104502
3637;74;2040;197527;94901;102626
3638;74;2041;194434;93186;101248
3639;74;2042;193461;92733;100728
3640;74;2043;195033;93193;101840
3641;74;2044;203459;97283;106176
3642;74;2045;198793;94810;103983
3643;74;2046;191318;91244;100074
3644;74;2047;183011;86763;96248
3645;74;2048;170224;80776;89448
3646;74;2049;164746;78392;86354
3647;74;2050;158738;75510;83228
3648;75;2003;98169;41858;56311
3649;75;2004;101679;43569;58110
3650;75;2005;101459;43916;57543
3651;75;2006;105849;46434;59415
3652;75;2007;104197;45967;58230
3653;75;2008;106213;47233;58980
3654;75;2009;103542;46388;57154
3655;75;2010;105303;47566;57737
3656;75;2011;106123;48358;57765
3657;75;2012;108028;49585;58443
3658;75;2013;108521;49886;58635
3659;75;2014;114869;53273;61596
3660;75;2015;117084;54274;62810
3661;75;2016;121329;56668;64661
3662;75;2017;118040;55579;62461
3663;75;2018;123593;58375;65218
3664;75;2019;133511;63092;70419
3665;75;2020;140405;66294;74111
3666;75;2021;134091;63373;70718
3667;75;2022;185479;88097;97382
3668;75;2023;179385;84815;94570
3669;75;2024;170010;80772;89238
3670;75;2025;164567;78136;86431
3671;75;2026;162033;76842;85191
3672;75;2027;160882;76400;84482
3673;75;2028;165974;78701;87273
3674;75;2029;165211;78291;86920
3675;75;2030;167099;79200;87899
3676;75;2031;169040;79734;89306
3677;75;2032;172534;81898;90636
3678;75;2033;175074;82939;92135
3679;75;2034;177984;84361;93623
3680;75;2035;182580;86525;96055
3681;75;2036;183228;87056;96172
3682;75;2037;188078;89239;98839
3683;75;2038;189204;89863;99341
3684;75;2039;192495;91843;100652
3685;75;2040;194920;92923;101997
3686;75;2041;191801;91621;100180
3687;75;2042;188831;89982;98849
3688;75;2043;187915;89561;98354
3689;75;2044;189473;90020;99453
3690;75;2045;197684;93985;103699
3691;75;2046;193180;91612;101568
3692;75;2047;185943;88181;97762
3693;75;2048;177900;83864;94036
3694;75;2049;165494;78091;87403
3695;75;2050;160188;75798;84390
3696;76;2003;95178;39686;55492
3697;76;2004;94228;39689;54539
3698;76;2005;97618;41341;56277
3699;76;2006;97426;41699;55727
3700;76;2007;101656;44118;57538
3701;76;2008;100094;43704;56390
3702;76;2009;102053;44935;57118
3703;76;2010;99512;44159;55353
3704;76;2011;101225;45305;55920
3705;76;2012;102035;46084;55951
3706;76;2013;103892;47278;56614
3707;76;2014;104395;47589;56806
3708;76;2015;110524;50841;59683
3709;76;2016;112688;51820;60868
3710;76;2017;116797;54127;62670
3711;76;2018;113659;53110;60549
3712;76;2019;119035;55803;63232
3713;76;2020;128620;60334;68286
3714;76;2021;135297;63419;71878
3715;76;2022;129246;60646;68600
3716;76;2023;178804;84327;94477
3717;76;2024;172979;81213;91766
3718;76;2025;163975;77366;86609
3719;76;2026;158766;74865;83901
3720;76;2027;156359;73646;82713
3721;76;2028;155283;73243;82040
3722;76;2029;160234;75469;84765
3723;76;2030;159531;75095;84436
3724;76;2031;161389;75987;85402
3725;76;2032;163303;76519;86784
3726;76;2033;166706;78614;88092
3727;76;2034;169195;79632;89563
3728;76;2035;172039;81014;91025
3729;76;2036;176515;83111;93404
3730;76;2037;177172;83639;93533
3731;76;2038;181897;85755;96142
3732;76;2039;183018;86373;96645
3733;76;2040;186228;88293;97935
3734;76;2041;188609;89350;99259
3735;76;2042;185622;88115;97507
3736;76;2043;182782;86557;96225
3737;76;2044;181925;86168;95757
3738;76;2045;183465;86625;96840
3739;76;2046;191444;90456;100988
3740;76;2047;187116;88189;98927
3741;76;2048;180134;84901;95233
3742;76;2049;172374;80759;91615
3743;76;2050;160378;75213;85165
3744;77;2003;90292;36390;53902
3745;77;2004;90951;37416;53535
3746;77;2005;90060;37448;52612
3747;77;2006;93323;39036;54287
3748;77;2007;93158;39402;53756
3749;77;2008;97220;41718;55502
3750;77;2009;95751;41355;54396
3751;77;2010;97649;42548;55101
3752;77;2011;95240;41839;53401
3753;77;2012;96904;42950;53954
3754;77;2013;97704;43714;53990
3755;77;2014;99507;44870;54637
3756;77;2015;100019;45188;54831
3757;77;2016;105915;48299;57616
3758;77;2017;108020;49251;58769
3759;77;2018;111986;51466;60520
3760;77;2019;109006;50521;58485
3761;77;2020;114193;53105;61088
3762;77;2021;123421;57438;65983
3763;77;2022;129864;60397;69467
3764;77;2023;124089;57777;66312
3765;77;2024;171701;80360;91341
3766;77;2025;166159;77421;88738
3767;77;2026;157547;73777;83770
3768;77;2027;152583;71415;81168
3769;77;2028;150308;70273;80035
3770;77;2029;149309;69910;79399
3771;77;2030;154106;72054;82052
3772;77;2031;153467;71717;81750
3773;77;2032;155290;72589;82701
3774;77;2033;157172;73117;84055
3775;77;2034;160475;75138;85337
3776;77;2035;162908;76129;86779
3777;77;2036;165681;77470;88211
3778;77;2037;170025;79493;90532
3779;77;2038;170691;80018;90673
3780;77;2039;175277;82059;93218
3781;77;2040;176390;82670;93720
3782;77;2041;179513;84526;94987
3783;77;2042;181842;85555;96287
3784;77;2043;178995;84391;94604
3785;77;2044;176292;82916;93376
3786;77;2045;175498;82561;92937
3787;77;2046;177017;83015;94002
3788;77;2047;184745;86702;98043
3789;77;2048;180603;84546;96057
3790;77;2049;173891;81408;92483
3791;77;2050;166434;77451;88983
3792;78;2003;87073;33949;53124
3793;78;2004;85885;34099;51786
3794;78;2005;86521;35091;51430
3795;78;2006;85694;35151;50543
3796;78;2007;88820;36671;52149
3797;78;2008;88683;37043;51640
3798;78;2009;92565;39248;53317
3799;78;2010;91193;38936;52257
3800;78;2011;93024;40085;52939
3801;78;2012;90755;39443;51312
3802;78;2013;92366;40516;51850
3803;78;2014;93152;41261;51891
3804;78;2015;94898;42376;52522
3805;78;2016;95416;42698;52718
3806;78;2017;101066;45660;55406
3807;78;2018;103109;46582;56527
3808;78;2019;106922;48699;58223
3809;78;2020;104105;47827;56278
3810;78;2021;109089;50293;58796
3811;78;2022;117938;54418;63520
3812;78;2023;124131;57243;66888
3813;78;2024;118645;54780;63865
3814;78;2025;164201;76215;87986
3815;78;2026;158953;73454;85499
3816;78;2027;150753;70022;80731
3817;78;2028;146044;67803;78241
3818;78;2029;143906;66740;77166
3819;78;2030;142985;66416;76569
3820;78;2031;147617;68473;79144
3821;78;2032;147041;68172;78869
3822;78;2033;148824;69021;79803
3823;78;2034;150668;69542;81126
3824;78;2035;153862;71483;82379
3825;78;2036;156233;72446;83787
3826;78;2037;158926;73740;85186
3827;78;2038;163128;75684;87444
3828;78;2039;163800;76203;87597
3829;78;2040;168238;78166;90072
3830;78;2041;169339;78766;90573
3831;78;2042;172367;80552;91815
3832;78;2043;174640;81552;93088
3833;78;2044;171939;80461;91478
3834;78;2045;169378;79072;90306
3835;78;2046;168646;78749;89897
3836;78;2047;170141;79199;90942
3837;78;2048;177599;82733;94866
3838;78;2049;173651;80692;92959
3839;78;2050;167228;77713;89515
3840;79;2003;83959;32275;51684
3841;79;2004;82426;31606;50820
3842;79;2005;81314;31776;49538
3843;79;2006;81926;32730;49196
3844;79;2007;81161;32814;48347
3845;79;2008;84145;34262;49883
3846;79;2009;84035;34638;49397
3847;79;2010;87731;36727;51004
3848;79;2011;86456;36462;49994
3849;79;2012;88216;37564;50652
3850;79;2013;86090;36987;49103
3851;79;2014;87642;38017;49625
3852;79;2015;88413;38739;49674
3853;79;2016;90095;39808;50287
3854;79;2017;90619;40133;50486
3855;79;2018;96009;42938;53071
3856;79;2019;97983;43826;54157
3857;79;2020;101634;45839;55795
3858;79;2021;98985;45040;53945
3859;79;2022;103754;47383;56371
3860;79;2023;112203;51289;60914
3861;79;2024;118132;53973;64159
3862;79;2025;112946;51672;61274
3863;79;2026;156346;71913;84433
3864;79;2027;151401;69334;82067
3865;79;2028;143627;66118;77509
3866;79;2029;139183;64045;75138
3867;79;2030;137186;63063;74123
3868;79;2031;136342;62776;73566
3869;79;2032;140796;64740;76056
3870;79;2033;140283;64475;75808
3871;79;2034;142020;65298;76722
3872;79;2035;143822;65810;78012
3873;79;2036;146899;67666;79233
3874;79;2037;149200;68596;80604
3875;79;2038;151806;69840;81966
3876;79;2039;155855;71699;84156
3877;79;2040;156530;72210;84320
3878;79;2041;160807;74088;86719
3879;79;2042;161894;74676;87218
3880;79;2043;164818;76387;88431
3881;79;2044;167027;77353;89674
3882;79;2045;164476;76336;88140
3883;79;2046;162063;75036;87027
3884;79;2047;161394;74747;86647
3885;79;2048;162860;75190;87670
3886;79;2049;170030;78561;91469
3887;79;2050;166285;76640;89645
3888;80;2003;76761;28714;48047
3889;80;2004;79072;29844;49228
3890;80;2005;77658;29256;48402
3891;80;2006;76620;29441;47179
3892;80;2007;77206;30353;46853
3893;80;2008;76504;30460;46044
3894;80;2009;79337;31830;47507
3895;80;2010;79253;32206;47047
3896;80;2011;82756;34174;48582
3897;80;2012;81579;33953;47626
3898;80;2013;83264;35004;48260
3899;80;2014;81281;34489;46792
3900;80;2015;82771;35472;47299
3901;80;2016;83523;36169;47354
3902;80;2017;85138;37188;47950
3903;80;2018;85662;37512;48150
3904;80;2019;90783;40155;50628
3905;80;2020;92683;41006;51677
3906;80;2021;96163;42910;53253
3907;80;2022;93683;42182;51501
3908;80;2023;98226;44396;53830
3909;80;2024;106259;48076;58183
3910;80;2025;111909;50612;61297
3911;80;2026;107029;48473;58556
3912;80;2027;148189;67484;80705
3913;80;2028;143554;65089;78465
3914;80;2029;136219;62093;74126
3915;80;2030;132045;60168;71877
3916;80;2031;130189;59266;70923
3917;80;2032;129423;59016;70407
3918;80;2033;133689;60882;72807
3919;80;2034;133238;60652;72586
3920;80;2035;134921;61444;73477
3921;80;2036;136673;61944;74729
3922;80;2037;139624;63709;75915
3923;80;2038;141848;64604;77244
3924;80;2039;144360;65793;78567
3925;80;2040;148245;67563;80682
3926;80;2041;148919;68063;80856
3927;80;2042;153025;69851;83174
3928;80;2043;154092;70423;83669
3929;80;2044;156902;72054;84848
3930;80;2045;159041;72983;86058
3931;80;2046;156644;72041;84603
3932;80;2047;154382;70832;83550
3933;80;2048;153776;70575;83201
3934;80;2049;155207;71009;84198
3935;80;2050;162070;74208;87862
3936;81;2003;71934;25826;46108
3937;81;2004;71872;26347;45525
3938;81;2005;74051;27411;46640
3939;81;2006;72755;26900;45855
3940;81;2007;71793;27098;44695
3941;81;2008;72351;27965;44386
3942;81;2009;71711;28089;43622
3943;81;2010;74388;29378;45010
3944;81;2011;74327;29749;44578
3945;81;2012;77629;31591;46038
3946;81;2013;76550;31411;45139
3947;81;2014;78153;32405;45748
3948;81;2015;76318;31951;44367
3949;81;2016;77740;32883;44857
3950;81;2017;78467;33548;44919
3951;81;2018;80010;34514;45496
3952;81;2019;80533;34835;45698
3953;81;2020;85370;37308;48062
3954;81;2021;87188;38118;49070
3955;81;2022;90488;39908;50580
3956;81;2023;88179;39249;48930
3957;81;2024;92485;41328;51157
3958;81;2025;100080;44772;55308
3959;81;2026;105436;47153;58283
3960;81;2027;100872;45180;55692
3961;81;2028;139693;62918;76775
3962;81;2029;135375;60711;74664
3963;81;2030;128492;57938;70554
3964;81;2031;124594;56163;68431
3965;81;2032;122880;55340;67540
3966;81;2033;122189;55125;67064
3967;81;2034;126253;56886;69367
3968;81;2035;125862;56689;69173
3969;81;2036;127486;57448;70038
3970;81;2037;129180;57933;71247
3971;81;2038;131996;59602;72394
3972;81;2039;134135;60456;73679
3973;81;2040;136542;61586;74956
3974;81;2041;140250;63260;76990
3975;81;2042;140919;63746;77173
3976;81;2043;144839;65438;79401
3977;81;2044;145881;65991;79890
3978;81;2045;148568;67536;81032
3979;81;2046;150628;68424;82204
3980;81;2047;148388;67558;80830
3981;81;2048;146280;66440;79840
3982;81;2049;145737;66215;79522
3983;81;2050;147126;66637;80489
3984;82;2003;67142;23490;43652
3985;82;2004;66863;23478;43385
3986;82;2005;66813;23979;42834
3987;82;2006;68856;24975;43881
3988;82;2007;67674;24534;43140
3989;82;2008;66788;24740;42048
3990;82;2009;67316;25556;41760
3991;82;2010;66738;25694;41044
3992;82;2011;69250;26896;42354
3993;82;2012;69213;27258;41955
3994;82;2013;72304;28969;43335
3995;82;2014;71321;28825;42496
3996;82;2015;72837;29758;43079
3997;82;2016;71149;29361;41788
3998;82;2017;72496;30236;42260
3999;82;2018;73198;30867;42331
4000;82;2019;74660;31774;42886
4001;82;2020;75176;32087;43089
4002;82;2021;79713;34383;45330
4003;82;2022;81442;35148;46294
4004;82;2023;84548;36816;47732
4005;82;2024;82415;36226;46189
4006;82;2025;86465;38161;48304
4007;82;2026;93597;41359;52238
4008;82;2027;98640;43577;55063
4009;82;2028;94400;41770;52630
4010;82;2029;130761;58190;72571
4011;82;2030;126766;56171;70595
4012;82;2031;120355;53626;66729
4013;82;2032;116740;52002;64738
4014;82;2033;115170;51258;63912
4015;82;2034;114553;51076;63477
4016;82;2035;118398;52725;65673
4017;82;2036;118064;52559;65505
4018;82;2037;119619;53279;66340
4019;82;2038;121247;53746;67501
4020;82;2039;123915;55311;68604
4021;82;2040;125955;56119;69836
4022;82;2041;128246;57184;71062
4023;82;2042;131762;58755;73007
4024;82;2043;132420;59224;73196
4025;82;2044;136135;60810;75325
4026;82;2045;137145;61341;75804
4027;82;2046;139697;62793;76904
4028;82;2047;141666;63634;78032
4029;82;2048;139588;62844;76744
4030;82;2049;137638;61820;75818
4031;82;2050;137155;61624;75531
4032;83;2003;51744;17361;34383
4033;83;2004;61856;21129;40727
4034;83;2005;61619;21143;40476
4035;83;2006;61577;21618;39959
4036;83;2007;63474;22540;40934
4037;83;2008;62409;22166;40243
4038;83;2009;61599;22374;39225
4039;83;2010;62094;23133;38961
4040;83;2011;61576;23279;38297
4041;83;2012;63913;24389;39524
4042;83;2013;63896;24738;39158
4043;83;2014;66764;26310;40454
4044;83;2015;65879;26199;39680
4045;83;2016;67300;27066;40234
4046;83;2017;65761;26722;39039
4047;83;2018;67027;27536;39491
4048;83;2019;67696;28127;39569
4049;83;2020;69070;28970;40100
4050;83;2021;69573;29272;40301
4051;83;2022;73791;31382;42409
4052;83;2023;75420;32096;43324
4053;83;2024;78319;33635;44684
4054;83;2025;76363;33111;43252
4055;83;2026;80142;34896;45246
4056;83;2027;86781;37836;48945
4057;83;2028;91486;39880;51606
4058;83;2029;87584;38243;49341
4059;83;2030;121346;53294;68052
4060;83;2031;117683;51465;66218
4061;83;2032;111761;49152;62609
4062;83;2033;108439;47681;60758
4063;83;2034;107015;47016;59999
4064;83;2035;106471;46864;59607
4065;83;2036;110076;48392;61684
4066;83;2037;109796;48255;61541
4067;83;2038;111271;48931;62340
4068;83;2039;112823;49375;63448
4069;83;2040;115325;50827;64498
4070;83;2041;117256;51585;65671
4071;83;2042;119418;52578;66840
4072;83;2043;122721;54037;68684
4073;83;2044;123361;54483;68878
4074;83;2045;126853;55957;70896
4075;83;2046;127821;56459;71362
4076;83;2047;130222;57810;72412
4077;83;2048;132088;58599;73489
4078;83;2049;130177;57886;72291
4079;83;2050;128388;56955;71433
4080;84;2003;44913;14296;30617
4081;84;2004;47189;15430;31759
4082;84;2005;56414;18800;37614
4083;84;2006;56213;18834;37379
4084;84;2007;56179;19278;36901
4085;84;2008;57923;20122;37801
4086;84;2009;56972;19809;37163
4087;84;2010;56240;20014;36226
4088;84;2011;56699;20713;35986
4089;84;2012;56242;20862;35380
4090;84;2013;58392;21873;36519
4091;84;2014;58393;22204;36189
4092;84;2015;61026;23631;37395
4093;84;2016;60237;23548;36689
4094;84;2017;61555;24344;37211
4095;84;2018;60166;24050;36116
4096;84;2019;61342;24797;36545
4097;84;2020;61972;25344;36628
4098;84;2021;63249;26118;37131
4099;84;2022;63733;26403;37330
4100;84;2023;67615;28321;39294
4101;84;2024;69134;28979;40155
4102;84;2025;71810;30382;41428
4103;84;2026;70036;29923;40113
4104;84;2027;73524;31549;41975
4105;84;2028;79639;34220;45419
4106;84;2029;83985;36083;47902
4107;84;2030;80428;34615;45813
4108;84;2031;111457;48255;63202
4109;84;2032;108133;46616;61517
4110;84;2033;102719;44537;58182
4111;84;2034;99696;43219;56477
4112;84;2035;98417;42630;55787
4113;84;2036;97942;42506;55436
4114;84;2037;101287;43905;57382
4115;84;2038;101058;43794;57264
4116;84;2039;102443;44421;58022
4117;84;2040;103904;44837;59067
4118;84;2041;106226;46168;60058
4119;84;2042;108034;46869;61165
4120;84;2043;110051;47784;62267
4121;84;2044;113122;49122;64000
4122;84;2045;113736;49541;64195
4123;84;2046;116982;50893;66089
4124;84;2047;117900;51363;66537
4125;84;2048;120134;52603;67531
4126;84;2049;121883;53334;68549
4127;84;2050;120141;52696;67445
4128;85;2003;41450;12794;28656
4129;85;2004;40491;12538;27953
4130;85;2005;42541;13548;28993
4131;85;2006;50859;16525;34334
4132;85;2007;50691;16573;34118
4133;85;2008;50663;16982;33681
4134;85;2009;52246;17743;34503
4135;85;2010;51409;17484;33925
4136;85;2011;50754;17681;33073
4137;85;2012;51173;18314;32859
4138;85;2013;50771;18460;32311
4139;85;2014;52729;19370;33359
4140;85;2015;52743;19677;33066
4141;85;2016;55133;20957;34176
4142;85;2017;54437;20897;33540
4143;85;2018;55643;21616;34027
4144;85;2019;54404;21367;33037
4145;85;2020;55483;22044;33439
4146;85;2021;56068;22542;33526
4147;85;2022;57239;23242;33997
4148;85;2023;57698;23508;34190
4149;85;2024;61227;25227;36000
4150;85;2025;62625;25825;36800
4151;85;2026;65066;27087;37979
4152;85;2027;63474;26689;36785
4153;85;2028;66655;28150;38505
4154;85;2029;72220;30544;41676
4155;85;2030;76187;32219;43968
4156;85;2031;72982;30920;42062
4157;85;2032;101159;43117;58042
4158;85;2033;98179;41667;56512
4159;85;2034;93284;39822;53462
4160;85;2035;90567;38656;51911
4161;85;2036;89431;38141;51290
4162;85;2037;89020;38040;50980
4163;85;2038;92087;39304;52783
4164;85;2039;91903;39215;52688
4165;85;2040;93186;39788;53398
4166;85;2041;94543;40171;54372
4167;85;2042;96672;41374;55298
4168;85;2043;98342;42013;56329
4169;85;2044;100201;42844;57357
4170;85;2045;103018;44053;58965
4171;85;2046;103597;44439;59158
4172;85;2047;106578;45662;60916
4173;85;2048;107435;46094;61341
4174;85;2049;109486;47217;62269
4175;85;2050;111103;47882;63221
4176;86;2003;36346;10639;25707
4177;86;2004;36875;11056;25819
4178;86;2005;36029;10846;25183
4179;86;2006;37850;11733;26117
4180;86;2007;45253;14327;30926
4181;86;2008;45115;14383;30732
4182;86;2009;45093;14753;30340
4183;86;2010;46511;15429;31082
4184;86;2011;45782;15217;30565
4185;86;2012;45204;15402;29802
4186;86;2013;45580;15965;29615
4187;86;2014;45232;16105;29127
4188;86;2015;46990;16911;30079
4189;86;2016;47012;17190;29822
4190;86;2017;49150;18319;30831
4191;86;2018;48545;18278;30267
4192;86;2019;49634;18918;30716
4193;86;2020;48542;18710;29832
4194;86;2021;49517;19312;30205
4195;86;2022;50052;19759;30293
4196;86;2023;51110;20382;30728
4197;86;2024;51536;20624;30912
4198;86;2025;54701;22141;32560
4199;86;2026;55970;22676;33294
4200;86;2027;58163;23793;34370
4201;86;2028;56753;23452;33301
4202;86;2029;59613;24745;34868
4203;86;2030;64608;26858;37750
4204;86;2031;68178;28341;39837
4205;86;2032;65329;27207;38122
4206;86;2033;90568;37950;52618
4207;86;2034;87931;36686;51245
4208;86;2035;83564;35071;48493
4209;86;2036;81154;34055;47099
4210;86;2037;80156;33609;46547
4211;86;2038;79808;33530;46278
4212;86;2039;82578;34652;47926
4213;86;2040;82433;34583;47850
4214;86;2041;83602;35096;48506
4215;86;2042;84844;35442;49402
4216;86;2043;86766;36512;50254
4217;86;2044;88286;37083;51203
4218;86;2045;89973;37825;52148
4219;86;2046;92522;38901;53621
4220;86;2047;93056;39249;53807
4221;86;2048;95754;40337;55417
4222;86;2049;96542;40727;55815
4223;86;2050;98397;41727;56670
4224;87;2003;31412;8870;22542
4225;87;2004;31867;9046;22821
4226;87;2005;32330;9412;22918
4227;87;2006;31597;9244;22353
4228;87;2007;33191;10010;23181
4229;87;2008;39681;12234;27447
4230;87;2009;39571;12295;27276
4231;87;2010;39552;12622;26930
4232;87;2011;40803;13211;27592
4233;87;2012;40178;13041;27137
4234;87;2013;39673;13209;26464
4235;87;2014;40006;13702;26304
4236;87;2015;39709;13831;25878
4237;87;2016;41261;14532;26729
4238;87;2017;41289;14781;26508
4239;87;2018;43175;15761;27414
4240;87;2019;42654;15734;26920
4241;87;2020;43623;16293;27330
4242;87;2021;42673;16122;26551
4243;87;2022;43540;16648;26892
4244;87;2023;44019;17041;26978
4245;87;2024;44960;17585;27375
4246;87;2025;45349;17801;27548
4247;87;2026;48142;19118;29024
4248;87;2027;49274;19586;29688
4249;87;2028;51215;20558;30657
4250;87;2029;49982;20270;29712
4251;87;2030;52513;21394;31119
4252;87;2031;56929;23228;33701
4253;87;2032;60091;24518;35573
4254;87;2033;57594;23543;34051
4255;87;2034;79856;32847;47009
4256;87;2035;77555;31761;45794
4257;87;2036;73718;30371;43347
4258;87;2037;71609;29498;42111
4259;87;2038;70747;29119;41628
4260;87;2039;70454;29057;41397
4261;87;2040;72917;30036;42881
4262;87;2041;72803;29981;42822
4263;87;2042;73851;30432;43419
4264;87;2043;74969;30739;44230
4265;87;2044;76674;31672;45002
4266;87;2045;78035;32174;45861
4267;87;2046;79539;32823;46716
4268;87;2047;81806;33762;48044
4269;87;2048;82291;34070;48221
4270;87;2049;84692;35020;49672
4271;87;2050;85400;35363;50037
4272;88;2003;28263;7645;20618
4273;88;2004;27098;7412;19686
4274;88;2005;27496;7567;19929
4275;88;2006;27894;7882;20012
4276;88;2007;27267;7749;19518
4277;88;2008;28641;8400;20241
4278;88;2009;34241;10275;23966
4279;88;2010;34154;10335;23819
4280;88;2011;34138;10619;23519
4281;88;2012;35223;11123;24100
4282;88;2013;34694;10987;23707
4283;88;2014;34261;11136;23125
4284;88;2015;34550;11560;22990
4285;88;2016;34299;11676;22623
4286;88;2017;35648;12274;23374
4287;88;2018;35679;12491;23188
4288;88;2019;37312;13325;23987
4289;88;2020;36872;13309;23563
4290;88;2021;37715;13787;23928
4291;88;2022;36903;13649;23254
4292;88;2023;37659;14100;23559
4293;88;2024;38080;14437;23643
4294;88;2025;38902;14904;23998
4295;88;2026;39248;15092;24156
4296;88;2027;41671;16213;25458
4297;88;2028;42663;16615;26048
4298;88;2029;44350;17444;26906
4299;88;2030;43289;17205;26084
4300;88;2031;45489;18163;27326
4301;88;2032;49326;19726;29600
4302;88;2033;52078;20825;31253
4303;88;2034;49927;20003;29924
4304;88;2035;69230;27911;41319
4305;88;2036;67256;26995;40261
4306;88;2037;63937;25818;38119
4307;88;2038;62121;25081;37040
4308;88;2039;61388;24764;36624
4309;88;2040;61143;24715;36428
4310;88;2041;63293;25552;37741
4311;88;2042;63207;25510;37697
4312;88;2043;64128;25898;38230
4313;88;2044;65114;26162;38952
4314;88;2045;66600;26961;39639
4315;88;2046;67793;27391;40402
4316;88;2047;69110;27947;41163
4317;88;2048;71092;28751;42341
4318;88;2049;71520;29017;42503
4319;88;2050;73618;29829;43789
4320;89;2003;23335;5989;17346
4321;89;2004;23956;6270;17686
4322;89;2005;22971;6085;16886
4323;89;2006;23313;6220;17093
4324;89;2007;23649;6485;17164
4325;89;2008;23122;6382;16740
4326;89;2009;24284;6924;17360
4327;89;2010;29031;8475;20556
4328;89;2011;28962;8531;20431
4329;89;2012;28949;8772;20177
4330;89;2013;29874;9194;20680
4331;89;2014;29436;9088;20348
4332;89;2015;29069;9216;19853
4333;89;2016;29314;9572;19742
4334;89;2017;29105;9673;19432
4335;89;2018;30257;10174;20083
4336;89;2019;30286;10358;19928
4337;89;2020;31675;11054;20621
4338;89;2021;31308;11045;20263
4339;89;2022;32029;11446;20583
4340;89;2023;31344;11335;20009
4341;89;2024;31992;11714;20278
4342;89;2025;32354;11998;20356
4343;89;2026;33056;12389;20667
4344;89;2027;33359;12549;20810
4345;89;2028;35421;13484;21937
4346;89;2029;36273;13822;22451
4347;89;2030;37712;14515;23197
4348;89;2031;36813;14319;22494
4349;89;2032;38691;15120;23571
4350;89;2033;41962;16423;25539
4351;89;2034;44313;17342;26971
4352;89;2035;42490;16660;25830
4353;89;2036;58922;23250;35672
4354;89;2037;57256;22490;34766
4355;89;2038;54436;21513;32923
4356;89;2039;52901;20902;31999
4357;89;2040;52287;20641;31646
4358;89;2041;52085;20603;31482
4359;89;2042;53926;21303;32623
4360;89;2043;53861;21270;32591
4361;89;2044;54653;21596;33057
4362;89;2045;55506;21819;33687
4363;89;2046;56772;22486;34286
4364;89;2047;57800;22848;34952
4365;89;2048;58930;23314;35616
4366;89;2049;60625;23986;36639
4367;89;2050;60994;24209;36785
4368;90;2003;18774;4535;14239
4369;90;2004;19399;4812;14587
4370;90;2005;19915;5043;14872
4371;90;2006;19098;4900;14198
4372;90;2007;19385;5013;14372
4373;90;2008;19662;5231;14431
4374;90;2009;19228;5153;14075
4375;90;2010;20193;5595;14598
4376;90;2011;24141;6854;17287
4377;90;2012;24089;6904;17185
4378;90;2013;24077;7103;16974
4379;90;2014;24849;7449;17400
4380;90;2015;24492;7367;17125
4381;90;2016;24187;7475;16712
4382;90;2017;24391;7768;16623
4383;90;2018;24220;7853;16367
4384;90;2019;25183;8263;16920
4385;90;2020;25210;8415;16795
4386;90;2021;26368;8984;17384
4387;90;2022;26066;8980;17086
4388;90;2023;26671;9309;17362
4389;90;2024;26104;9221;16883
4390;90;2025;26646;9532;17114
4391;90;2026;26950;9765;17185
4392;90;2027;27540;10087;17453
4393;90;2028;27797;10219;17578
4394;90;2029;29518;10983;18535
4395;90;2030;30234;11260;18974
4396;90;2031;31436;11827;19609
4397;90;2032;30689;11669;19020
4398;90;2033;32260;12324;19936
4399;90;2034;34994;13389;21605
4400;90;2035;36961;14140;22821
4401;90;2036;35446;13585;21861
4402;90;2037;49157;18961;30196
4403;90;2038;47778;18343;29435
4404;90;2039;45428;17548;27880
4405;90;2040;44154;17052;27102
4406;90;2041;43647;16840;26807
4407;90;2042;43484;16810;26674
4408;90;2043;45027;17383;27644
4409;90;2044;44979;17357;27622
4410;90;2045;45645;17624;28021
4411;90;2046;46366;17807;28559
4412;90;2047;47424;18353;29071
4413;90;2048;48289;18649;29640
4414;90;2049;49237;19030;30207
4415;90;2050;50658;19579;31079
4416;91;2003;14376;3346;11030
4417;91;2004;15317;3567;11750
4418;91;2005;15826;3789;12037
4419;91;2006;16246;3975;12271
4420;91;2007;15580;3866;11714
4421;91;2008;15816;3959;11857
4422;91;2009;16042;4135;11907
4423;91;2010;15690;4076;11614
4424;91;2011;16475;4429;12046
4425;91;2012;19696;5429;14267
4426;91;2013;19658;5472;14186
4427;91;2014;19648;5633;14015
4428;91;2015;20281;5911;14370
4429;91;2016;19995;5849;14146
4430;91;2017;19746;5937;13809
4431;91;2018;19911;6172;13739
4432;91;2019;19773;6242;13531
4433;91;2020;20563;6570;13993
4434;91;2021;20588;6694;13894
4435;91;2022;21534;7149;14385
4436;91;2023;21291;7148;14143
4437;91;2024;21787;7412;14375
4438;91;2025;21327;7344;13983
4439;91;2026;21771;7593;14178
4440;91;2027;22022;7781;14241
4441;91;2028;22505;8038;14467
4442;91;2029;22719;8145;14574
4443;91;2030;24127;8755;15372
4444;91;2031;24718;8978;15740
4445;91;2032;25701;9431;16270
4446;91;2033;25092;9307;15785
4447;91;2034;26378;9830;16548
4448;91;2035;28618;10680;17938
4449;91;2036;30233;11281;18952
4450;91;2037;28997;10839;18158
4451;91;2038;40216;15130;25086
4452;91;2039;39096;14638;24458
4453;91;2040;37175;14005;23170
4454;91;2041;36136;13609;22527
4455;91;2042;35727;13441;22286
4456;91;2043;35596;13418;22178
4457;91;2044;36864;13875;22989
4458;91;2045;36829;13856;22973
4459;91;2046;37377;14069;23308
4460;91;2047;37974;14215;23759
4461;91;2048;38839;14651;24188
4462;91;2049;39552;14888;24664
4463;91;2050;40330;15192;25138
4464;92;2003;11535;2469;9066
4465;92;2004;11520;2572;8948
4466;92;2005;12277;2745;9532
4467;92;2006;12683;2920;9763
4468;92;2007;13019;3066;9953
4469;92;2008;12487;2985;9502
4470;92;2009;12677;3059;9618
4471;92;2010;12857;3198;9659
4472;92;2011;12577;3155;9422
4473;92;2012;13206;3431;9775
4474;92;2013;15788;4209;11579
4475;92;2014;15759;4244;11515
4476;92;2015;15751;4372;11379
4477;92;2016;16261;4590;11671
4478;92;2017;16036;4544;11492
4479;92;2018;15837;4615;11222
4480;92;2019;15967;4799;11168
4481;92;2020;15859;4856;11003
4482;92;2021;16495;5113;11382
4483;92;2022;16515;5211;11304
4484;92;2023;17274;5566;11708
4485;92;2024;17082;5567;11515
4486;92;2025;17481;5774;11707
4487;92;2026;17113;5722;11391
4488;92;2027;17472;5918;11554
4489;92;2028;17673;6065;11608
4490;92;2029;18062;6267;11795
4491;92;2030;18237;6351;11886
4492;92;2031;19367;6828;12539
4493;92;2032;19846;7003;12843
4494;92;2033;20637;7358;13279
4495;92;2034;20147;7261;12886
4496;92;2035;21183;7671;13512
4497;92;2036;22985;8335;14650
4498;92;2037;24285;8804;15481
4499;92;2038;23295;8460;14835
4500;92;2039;32309;11810;20499
4501;92;2040;31416;11426;19990
4502;92;2041;29873;10933;18940
4503;92;2042;29042;10624;18418
4504;92;2043;28716;10493;18223
4505;92;2044;28614;10476;18138
4506;92;2045;29637;10833;18804
4507;92;2046;29611;10818;18793
4508;92;2047;30055;10985;19070
4509;92;2048;30540;11099;19441
4510;92;2049;31235;11440;19795
4511;92;2050;31810;11624;20186
4512;93;2003;8961;1756;7205
4513;93;2004;9086;1853;7233
4514;93;2005;9071;1933;7138
4515;93;2006;9669;2066;7603
4516;93;2007;9986;2199;7787
4517;93;2008;10250;2312;7938
4518;93;2009;9832;2253;7579
4519;93;2010;9984;2312;7672
4520;93;2011;10125;2419;7706
4521;93;2012;9906;2388;7518
4522;93;2013;10399;2598;7801
4523;93;2014;12434;3190;9244
4524;93;2015;12414;3219;9195
4525;93;2016;12406;3317;9089
4526;93;2017;12810;3485;9325
4527;93;2018;12636;3451;9185
4528;93;2019;12479;3507;8972
4529;93;2020;12581;3648;8933
4530;93;2021;12496;3693;8803
4531;93;2022;12999;3890;9109
4532;93;2023;13017;3966;9051
4533;93;2024;13615;4238;9377
4534;93;2025;13464;4239;9225
4535;93;2026;13780;4398;9382
4536;93;2027;13492;4360;9132
4537;93;2028;13775;4510;9265
4538;93;2029;13935;4623;9312
4539;93;2030;14243;4778;9465
4540;93;2031;14383;4843;9540
4541;93;2032;15275;5207;10068
4542;93;2033;15655;5341;10314
4543;93;2034;16280;5613;10667
4544;93;2035;15894;5540;10354
4545;93;2036;16712;5853;10859
4546;93;2037;18136;6360;11776
4547;93;2038;19166;6719;12447
4548;93;2039;18387;6457;11930
4549;93;2040;25503;9014;16489
4550;93;2041;24804;8722;16082
4551;93;2042;23586;8346;15240
4552;93;2043;22932;8110;14822
4553;93;2044;22679;8011;14668
4554;93;2045;22599;7997;14602
4555;93;2046;23410;8270;15140
4556;93;2047;23393;8259;15134
4557;93;2048;23745;8386;15359
4558;93;2049;24134;8474;15660
4559;93;2050;24681;8734;15947
4560;94;2003;6597;1289;5308
4561;94;2004;6928;1284;5644
4562;94;2005;7022;1357;5665
4563;94;2006;7009;1418;5591
4564;94;2007;7472;1517;5955
4565;94;2008;7716;1617;6099
4566;94;2009;7919;1702;6217
4567;94;2010;7597;1661;5936
4568;94;2011;7715;1705;6010
4569;94;2012;7824;1786;6038
4570;94;2013;7657;1765;5892
4571;94;2014;8038;1922;6116
4572;94;2015;9609;2360;7249
4573;94;2016;9597;2384;7213
4574;94;2017;9590;2458;7132
4575;94;2018;9904;2584;7320
4576;94;2019;9773;2560;7213
4577;94;2020;9651;2602;7049
4578;94;2021;9729;2709;7020
4579;94;2022;9665;2743;6922
4580;94;2023;10055;2890;7165
4581;94;2024;10070;2948;7122
4582;94;2025;10532;3151;7381
4583;94;2026;10417;3153;7264
4584;94;2027;10663;3272;7391
4585;94;2028;10440;3244;7196
4586;94;2029;10660;3356;7304
4587;94;2030;10784;3441;7343
4588;94;2031;11023;3557;7466
4589;94;2032;11135;3607;7528
4590;94;2033;11825;3879;7946
4591;94;2034;12122;3979;8143
4592;94;2035;12606;4182;8424
4593;94;2036;12307;4128;8179
4594;94;2037;12943;4362;8581
4595;94;2038;14047;4740;9307
4596;94;2039;14848;5008;9840
4597;94;2040;14247;4813;9434
4598;94;2041;19761;6720;13041
4599;94;2042;19224;6502;12722
4600;94;2043;18280;6222;12058
4601;94;2044;17777;6047;11730
4602;94;2045;17583;5973;11610
4603;94;2046;17523;5963;11560
4604;94;2047;18155;6167;11988
4605;94;2048;18143;6158;11985
4606;94;2049;18419;6254;12165
4607;94;2050;18725;6319;12406
4608;95;2003;4714;822;3892
4609;95;2004;4986;917;4069
4610;95;2005;5243;916;4327
4611;95;2006;5313;970;4343
4612;95;2007;5299;1014;4285
4613;95;2008;5651;1087;4564
4614;95;2009;5835;1160;4675
4615;95;2010;5988;1222;4766
4616;95;2011;5745;1194;4551
4617;95;2012;5836;1227;4609
4618;95;2013;5917;1286;4631
4619;95;2014;5793;1272;4521
4620;95;2015;6080;1386;4694
4621;95;2016;7270;1704;5566
4622;95;2017;7263;1722;5541
4623;95;2018;7257;1776;5481
4624;95;2019;7496;1868;5628
4625;95;2020;7400;1852;5548
4626;95;2021;7308;1884;5424
4627;95;2022;7367;1962;5405
4628;95;2023;7318;1987;5331
4629;95;2024;7616;2095;5521
4630;95;2025;7627;2137;5490
4631;95;2026;7977;2285;5692
4632;95;2027;7892;2287;5605
4633;95;2028;8079;2374;5705
4634;95;2029;7912;2355;5557
4635;95;2030;8079;2437;5642
4636;95;2031;8173;2499;5674
4637;95;2032;8355;2584;5771
4638;95;2033;8441;2620;5821
4639;95;2034;8965;2818;6147
4640;95;2035;9193;2892;6301
4641;95;2036;9560;3039;6521
4642;95;2037;9334;3001;6333
4643;95;2038;9817;3171;6646
4644;95;2039;10657;3446;7211
4645;95;2040;11267;3641;7626
4646;95;2041;10812;3500;7312
4647;95;2042;14998;4887;10111
4648;95;2043;14595;4729;9866
4649;95;2044;13879;4525;9354
4650;95;2045;13499;4398;9101
4651;95;2046;13355;4344;9011
4652;95;2047;13310;4337;8973
4653;95;2048;13793;4486;9307
4654;95;2049;13787;4480;9307
4655;95;2050;13998;4549;9449
4656;96;2003;3342;596;2746
4657;96;2004;3473;569;2904
4658;96;2005;3672;636;3036
4659;96;2006;3864;636;3228
4660;96;2007;3914;674;3240
4661;96;2008;3903;706;3197
4662;96;2009;4163;758;3405
4663;96;2010;4298;810;3488
4664;96;2011;4412;855;3557
4665;96;2012;4233;836;3397
4666;96;2013;4302;860;3442
4667;96;2014;4362;902;3460
4668;96;2015;4272;893;3379
4669;96;2016;4484;974;3510
4670;96;2017;5361;1198;4163
4671;96;2018;5358;1211;4147
4672;96;2019;5355;1251;4104
4673;96;2020;5532;1316;4216
4674;96;2021;5464;1305;4159
4675;96;2022;5396;1328;4068
4676;96;2023;5439;1384;4055
4677;96;2024;5404;1402;4002
4678;96;2025;5626;1479;4147
4679;96;2026;5634;1509;4125
4680;96;2027;5894;1614;4280
4681;96;2028;5832;1616;4216
4682;96;2029;5971;1678;4293
4683;96;2030;5848;1665;4183
4684;96;2031;5973;1723;4250
4685;96;2032;6044;1768;4276
4686;96;2033;6179;1828;4351
4687;96;2034;6244;1854;4390
4688;96;2035;6633;1995;4638
4689;96;2036;6803;2047;4756
4690;96;2037;7075;2152;4923
4691;96;2038;6908;2125;4783
4692;96;2039;7266;2245;5021
4693;96;2040;7891;2441;5450
4694;96;2041;8344;2579;5765
4695;96;2042;8009;2479;5530
4696;96;2043;11110;3462;7648
4697;96;2044;10815;3350;7465
4698;96;2045;10285;3206;7079
4699;96;2046;10006;3116;6890
4700;96;2047;9900;3078;6822
4701;96;2048;9869;3073;6796
4702;96;2049;10229;3178;7051
4703;96;2050;10226;3174;7052
4704;97;2003;2174;357;1817
4705;97;2004;2379;400;1979
4706;97;2005;2476;383;2093
4707;97;2006;2617;429;2188
4708;97;2007;2756;430;2326
4709;97;2008;2791;456;2335
4710;97;2009;2783;479;2304
4711;97;2010;2968;514;2454
4712;97;2011;3064;550;2514
4713;97;2012;3146;581;2565
4714;97;2013;3020;569;2451
4715;97;2014;3070;586;2484
4716;97;2015;3113;615;2498
4717;97;2016;3051;610;2441
4718;97;2017;3202;665;2537
4719;97;2018;3830;819;3011
4720;97;2019;3830;829;3001
4721;97;2020;3828;856;2972
4722;97;2021;3956;901;3055
4723;97;2022;3910;895;3015
4724;97;2023;3862;911;2951
4725;97;2024;3892;949;2943
4726;97;2025;3869;963;2906
4727;97;2026;4028;1015;3013
4728;97;2027;4037;1037;3000
4729;97;2028;4223;1109;3114
4730;97;2029;4180;1111;3069
4731;97;2030;4281;1154;3127
4732;97;2031;4193;1145;3048
4733;97;2032;4283;1185;3098
4734;97;2033;4334;1216;3118
4735;97;2034;4433;1258;3175
4736;97;2035;4481;1276;3205
4737;97;2036;4760;1373;3387
4738;97;2037;4884;1409;3475
4739;97;2038;5081;1482;3599
4740;97;2039;4961;1463;3498
4741;97;2040;5220;1547;3673
4742;97;2041;5669;1681;3988
4743;97;2042;5997;1777;4220
4744;97;2043;5757;1708;4049
4745;97;2044;7987;2385;5602
4746;97;2045;7778;2308;5470
4747;97;2046;7398;2209;5189
4748;97;2047;7198;2147;5051
4749;97;2048;7124;2121;5003
4750;97;2049;7103;2118;4985
4751;97;2050;7363;2190;5173
4752;98;2003;1451;254;1197
4753;98;2004;1484;232;1252
4754;98;2005;1625;261;1364
4755;98;2006;1692;250;1442
4756;98;2007;1788;281;1507
4757;98;2008;1884;282;1602
4758;98;2009;1908;300;1608
4759;98;2010;1902;315;1587
4760;98;2011;2030;339;1691
4761;98;2012;2096;363;1733
4762;98;2013;2153;384;1769
4763;98;2014;2067;376;1691
4764;98;2015;2103;388;1715
4765;98;2016;2133;408;1725
4766;98;2017;2091;404;1687
4767;98;2018;2196;442;1754
4768;98;2019;2628;544;2084
4769;98;2020;2629;551;2078
4770;98;2021;2629;569;2060
4771;98;2022;2719;600;2119
4772;98;2023;2688;596;2092
4773;98;2024;2656;607;2049
4774;98;2025;2679;633;2046
4775;98;2026;2663;642;2021
4776;98;2027;2774;677;2097
4777;98;2028;2781;692;2089
4778;98;2029;2910;740;2170
4779;98;2030;2881;741;2140
4780;98;2031;2951;770;2181
4781;98;2032;2893;765;2128
4782;98;2033;2956;792;2164
4783;98;2034;2992;813;2179
4784;98;2035;3061;841;2220
4785;98;2036;3095;853;2242
4786;98;2037;3289;918;2371
4787;98;2038;3375;942;2433
4788;98;2039;3512;991;2521
4789;98;2040;3429;978;2451
4790;98;2041;3609;1034;2575
4791;98;2042;3921;1124;2797
4792;98;2043;4149;1188;2961
4793;98;2044;3984;1142;2842
4794;98;2045;5529;1595;3934
4795;98;2046;5386;1544;3842
4796;98;2047;5124;1478;3646
4797;98;2048;4986;1436;3550
4798;98;2049;4937;1419;3518
4799;98;2050;4922;1416;3506
4800;99;2003;2223;360;1863
4801;99;2004;2375;387;1988
4802;99;2005;2494;391;2103
4803;99;2006;2664;413;2251
4804;99;2007;2818;421;2397
4805;99;2008;2980;446;2534
4806;99;2009;3148;463;2685
4807;99;2010;3274;486;2788
4808;99;2011;3352;511;2841
4809;99;2012;3489;544;2945
4810;99;2013;3621;580;3041
4811;99;2014;3747;618;3129
4812;99;2015;3774;637;3137
4813;99;2016;3818;658;3160
4814;99;2017;3869;685;3184
4815;99;2018;3877;700;3177
4816;99;2019;3954;735;3219
4817;99;2020;4288;823;3465
4818;99;2021;4509;885;3624
4819;99;2022;4657;938;3719
4820;99;2023;4815;992;3823
4821;99;2024;4901;1024;3877
4822;99;2025;4940;1053;3887
4823;99;2026;4982;1088;3894
4824;99;2027;5004;1118;3886
4825;99;2028;5093;1160;3933
4826;99;2029;5159;1197;3962
4827;99;2030;5288;1252;4036
4828;99;2031;5358;1290;4068
4829;99;2032;5452;1333;4119
4830;99;2033;5478;1357;4121
4831;99;2034;5538;1391;4147
4832;99;2035;5604;1426;4178
4833;99;2036;5695;1468;4227
4834;99;2037;5780;1503;4277
4835;99;2038;5965;1568;4397
4836;99;2039;6145;1625;4520
4837;99;2040;6356;1694;4662
4838;99;2041;6442;1731;4711
4839;99;2042;6619;1791;4828
4840;99;2043;6944;1889;5055
4841;99;2044;7310;1993;5317
4842;99;2045;7444;2031;5413
4843;99;2046;8553;2349;6204
4844;99;2047;9192;2522;6670
4845;99;2048;9443;2591;6852
4846;99;2049;9521;2609;6912
4847;99;2050;9540;2608;6932
4848;0-4 jaar;2003;1022279;523217;499062
4849;0-4 jaar;2004;1021011;522655;498356
4850;0-4 jaar;2005;1014322;519139;495183
4851;0-4 jaar;2006;999304;511740;487564
4852;0-4 jaar;2007;985379;504604;480775
4853;0-4 jaar;2008;971063;497266;473797
4854;0-4 jaar;2009;956016;489562;466454
4855;0-4 jaar;2010;942584;482700;459884
4856;0-4 jaar;2011;931400;476994;454406
4857;0-4 jaar;2012;922787;472606;450181
4858;0-4 jaar;2013;916899;469612;447287
4859;0-4 jaar;2014;913599;467938;445661
4860;0-4 jaar;2015;912730;467504;445226
4861;0-4 jaar;2016;913928;468125;445803
4862;0-4 jaar;2017;916814;469608;447206
4863;0-4 jaar;2018;921067;471791;449276
4864;0-4 jaar;2019;926309;474480;451829
4865;0-4 jaar;2020;932348;477579;454769
4866;0-4 jaar;2021;938728;480851;457877
4867;0-4 jaar;2022;945232;484189;461043
4868;0-4 jaar;2023;951583;487448;464135
4869;0-4 jaar;2024;957516;490493;467023
4870;0-4 jaar;2025;962879;493244;469635
4871;0-4 jaar;2026;967704;495720;471984
4872;0-4 jaar;2027;971880;497865;474015
4873;0-4 jaar;2028;975439;499691;475748
4874;0-4 jaar;2029;978358;501192;477166
4875;0-4 jaar;2030;980666;502379;478287
4876;0-4 jaar;2031;982286;503214;479072
4877;0-4 jaar;2032;983234;503703;479531
4878;0-4 jaar;2033;983414;503799;479615
4879;0-4 jaar;2034;982786;503480;479306
4880;0-4 jaar;2035;981248;502697;478551
4881;0-4 jaar;2036;978911;501503;477408
4882;0-4 jaar;2037;975749;499888;475861
4883;0-4 jaar;2038;971961;497952;474009
4884;0-4 jaar;2039;967727;495788;471939
4885;0-4 jaar;2040;963293;493518;469775
4886;0-4 jaar;2041;958855;491248;467607
4887;0-4 jaar;2042;954699;489123;465576
4888;0-4 jaar;2043;951008;487237;463771
4889;0-4 jaar;2044;947994;485695;462299
4890;0-4 jaar;2045;945730;484538;461192
4891;0-4 jaar;2046;944356;483836;460520
4892;0-4 jaar;2047;943836;483575;460261
4893;0-4 jaar;2048;944154;483742;460412
4894;0-4 jaar;2049;945220;484292;460928
4895;0-4 jaar;2050;946965;485188;461777
4896;5-9 jaar;2003;986754;504636;482118
4897;5-9 jaar;2004;991814;507301;484513
4898;5-9 jaar;2005;997479;510325;487154
4899;5-9 jaar;2006;1012792;517985;494807
4900;5-9 jaar;2007;1024087;523285;500802
4901;5-9 jaar;2008;1031251;527366;503885
4902;5-9 jaar;2009;1030699;527166;503533
4903;5-9 jaar;2010;1025297;524313;500984
4904;5-9 jaar;2011;1011921;517775;494146
4905;5-9 jaar;2012;999465;511439;488026
4906;5-9 jaar;2013;986306;504740;481566
4907;5-9 jaar;2014;972108;497508;474600
4908;5-9 jaar;2015;959210;490941;468269
4909;5-9 jaar;2016;948335;485407;462928
4910;5-9 jaar;2017;939899;481117;458782
4911;5-9 jaar;2018;934128;478186;455942
4912;5-9 jaar;2019;930929;476567;454362
4913;5-9 jaar;2020;930140;476172;453968
4914;5-9 jaar;2021;931382;476822;454560
4915;5-9 jaar;2022;934277;478314;455963
4916;5-9 jaar;2023;938492;480486;458006
4917;5-9 jaar;2024;943672;483153;460519
4918;5-9 jaar;2025;949623;486215;463408
4919;5-9 jaar;2026;955902;489446;466456
4920;5-9 jaar;2027;962308;492743;469565
4921;5-9 jaar;2028;968555;495956;472599
4922;5-9 jaar;2029;974388;498958;475430
4923;5-9 jaar;2030;979672;501678;477994
4924;5-9 jaar;2031;984417;504123;480294
4925;5-9 jaar;2032;988529;506242;482287
4926;5-9 jaar;2033;992038;508054;483984
4927;5-9 jaar;2034;994910;509540;485370
4928;5-9 jaar;2035;997189;510720;486469
4929;5-9 jaar;2036;998792;511555;487237
4930;5-9 jaar;2037;999729;512049;487680
4931;5-9 jaar;2038;999919;512157;487762
4932;5-9 jaar;2039;999313;511857;487456
4933;5-9 jaar;2040;997821;511108;486713
4934;5-9 jaar;2041;995545;509954;485591
4935;5-9 jaar;2042;992453;508382;484071
4936;5-9 jaar;2043;988755;506500;482255
4937;5-9 jaar;2044;984614;504391;480223
4938;5-9 jaar;2045;980275;502178;478097
4939;5-9 jaar;2046;975935;499965;475970
4940;5-9 jaar;2047;971869;497894;473975
4941;5-9 jaar;2048;968255;496052;472203
4942;5-9 jaar;2049;965310;494552;470758
4943;5-9 jaar;2050;963101;493430;469671
4944;10-14 jaar;2003;1003398;513121;490277
4945;10-14 jaar;2004;1010476;516550;493926
4946;10-14 jaar;2005;1015831;519523;496308
4947;10-14 jaar;2006;1008010;515114;492896
4948;10-14 jaar;2007;1000217;511683;488534
4949;10-14 jaar;2008;996923;509436;487487
4950;10-14 jaar;2009;1002023;512123;489900
4951;10-14 jaar;2010;1008158;515396;492762
4952;10-14 jaar;2011;1024071;523377;500694
4953;10-14 jaar;2012;1036254;529150;507104
4954;10-14 jaar;2013;1044285;533688;510597
4955;10-14 jaar;2014;1044424;533860;510564
4956;10-14 jaar;2015;1039491;531259;508232
4957;10-14 jaar;2016;1026455;524900;501555
4958;10-14 jaar;2017;1014120;518632;495488
4959;10-14 jaar;2018;1001009;511956;489053
4960;10-14 jaar;2019;986878;504758;482120
4961;10-14 jaar;2020;974063;498239;475824
4962;10-14 jaar;2021;963266;492747;470519
4963;10-14 jaar;2022;954912;488501;466411
4964;10-14 jaar;2023;949213;485607;463606
4965;10-14 jaar;2024;946066;484018;462048
4966;10-14 jaar;2025;945306;483645;461661
4967;10-14 jaar;2026;946556;484305;462251
4968;10-14 jaar;2027;949439;485798;463641
4969;10-14 jaar;2028;953631;487968;465663
4970;10-14 jaar;2029;958778;490624;468154
4971;10-14 jaar;2030;964674;493668;471006
4972;10-14 jaar;2031;970901;496878;474023
4973;10-14 jaar;2032;977254;500156;477098
4974;10-14 jaar;2033;983449;503351;480098
4975;10-14 jaar;2034;989233;506335;482898
4976;10-14 jaar;2035;994467;509036;485431
4977;10-14 jaar;2036;999174;511469;487705
4978;10-14 jaar;2037;1003251;513576;489675
4979;10-14 jaar;2038;1006731;515381;491350
4980;10-14 jaar;2039;1009580;516862;492718
4981;10-14 jaar;2040;1011846;518042;493804
4982;10-14 jaar;2041;1013439;518877;494562
4983;10-14 jaar;2042;1014383;519380;495003
4984;10-14 jaar;2043;1014580;519498;495082
4985;10-14 jaar;2044;1013993;519216;494777
4986;10-14 jaar;2045;1012531;518489;494042
4987;10-14 jaar;2046;1010293;517358;492935
4988;10-14 jaar;2047;1007245;515814;491431
4989;10-14 jaar;2048;1003604;513965;489639
4990;10-14 jaar;2049;999520;511888;487632
4991;10-14 jaar;2050;995241;509710;485531
4992;15-19 jaar;2003;957434;491120;466314
4993;15-19 jaar;2004;972448;498851;473597
4994;15-19 jaar;2005;984484;504355;480129
4995;15-19 jaar;2006;1001304;513171;488133
4996;15-19 jaar;2007;1012668;519004;493664
4997;15-19 jaar;2008;1020283;522448;497835
4998;15-19 jaar;2009;1027114;525606;501508
4999;15-19 jaar;2010;1032887;528705;504182
5000;15-19 jaar;2011;1025914;524698;501216
5001;15-19 jaar;2012;1018967;521673;497294
5002;15-19 jaar;2013;1016326;519741;496585
5003;15-19 jaar;2014;1021787;522588;499199
5004;15-19 jaar;2015;1028070;525909;502161
5005;15-19 jaar;2016;1043870;533801;510069
5006;15-19 jaar;2017;1055942;539485;516457
5007;15-19 jaar;2018;1063881;543941;519940
5008;15-19 jaar;2019;1063986;544067;519919
5009;15-19 jaar;2020;1059035;541427;517608
5010;15-19 jaar;2021;1046071;535069;511002
5011;15-19 jaar;2022;1033735;528766;504969
5012;15-19 jaar;2023;1020603;522052;498551
5013;15-19 jaar;2024;1006467;514824;491643
5014;15-19 jaar;2025;993650;508273;485377
5015;15-19 jaar;2026;982853;502752;480101
5016;15-19 jaar;2027;974495;498477;476018
5017;15-19 jaar;2028;968785;495549;473236
5018;15-19 jaar;2029;965618;493923;471695
5019;15-19 jaar;2030;964825;493506;471319
5020;15-19 jaar;2031;966023;494115;471908
5021;15-19 jaar;2032;968846;495552;473294
5022;15-19 jaar;2033;972957;497654;475303
5023;15-19 jaar;2034;978011;500238;477773
5024;15-19 jaar;2035;983811;503205;480606
5025;15-19 jaar;2036;989939;506340;483599
5026;15-19 jaar;2037;996186;509538;486648
5027;15-19 jaar;2038;1002270;512648;489622
5028;15-19 jaar;2039;1007955;515555;492400
5029;15-19 jaar;2040;1013089;518179;494910
5030;15-19 jaar;2041;1017700;520537;497163
5031;15-19 jaar;2042;1021681;522568;499113
5032;15-19 jaar;2043;1025077;524302;500775
5033;15-19 jaar;2044;1027842;525711;502131
5034;15-19 jaar;2045;1030026;526819;503207
5035;15-19 jaar;2046;1031552;527593;503959
5036;15-19 jaar;2047;1032425;528032;504393
5037;15-19 jaar;2048;1032560;528090;504470
5038;15-19 jaar;2049;1031917;527748;504169
5039;15-19 jaar;2050;1030405;526964;503441
5040;20-24 jaar;2003;972676;491470;481206
5041;20-24 jaar;2004;968753;489735;479018
5042;20-24 jaar;2005;970239;491305;478934
5043;20-24 jaar;2006;968694;490752;477942
5044;20-24 jaar;2007;975260;494312;480948
5045;20-24 jaar;2008;988885;501528;487357
5046;20-24 jaar;2009;1004223;509149;495074
5047;20-24 jaar;2010;1017531;515065;502466
5048;20-24 jaar;2011;1035948;524503;511445
5049;20-24 jaar;2012;1048991;531094;517897
5050;20-24 jaar;2013;1057959;535208;522751
5051;20-24 jaar;2014;1065655;538802;526853
5052;20-24 jaar;2015;1071940;542160;529780
5053;20-24 jaar;2016;1065451;538437;527014
5054;20-24 jaar;2017;1058755;535552;523203
5055;20-24 jaar;2018;1056215;533692;522523
5056;20-24 jaar;2019;1061618;536519;525099
5057;20-24 jaar;2020;1067822;539802;528020
5058;20-24 jaar;2021;1083313;547531;535782
5059;20-24 jaar;2022;1095146;553101;542045
5060;20-24 jaar;2023;1102891;557443;545448
5061;20-24 jaar;2024;1102956;557553;545403
5062;20-24 jaar;2025;1098033;554938;543095
5063;20-24 jaar;2026;1085283;548698;536585
5064;20-24 jaar;2027;1073094;542485;530609
5065;20-24 jaar;2028;1060101;535857;524244
5066;20-24 jaar;2029;1046141;528732;517409
5067;20-24 jaar;2030;1033507;522292;511215
5068;20-24 jaar;2031;1022878;516869;506009
5069;20-24 jaar;2032;1014661;512677;501984
5070;20-24 jaar;2033;1009076;509827;499249
5071;20-24 jaar;2034;1005994;508253;497741
5072;20-24 jaar;2035;1005244;507865;497379
5073;20-24 jaar;2036;1006450;508484;497966
5074;20-24 jaar;2037;1009249;509914;499335
5075;20-24 jaar;2038;1013310;511993;501317
5076;20-24 jaar;2039;1018293;514544;503749
5077;20-24 jaar;2040;1024004;517465;506539
5078;20-24 jaar;2041;1030035;520550;509485
5079;20-24 jaar;2042;1036172;523689;512483
5080;20-24 jaar;2043;1042149;526743;515406
5081;20-24 jaar;2044;1047733;529595;518138
5082;20-24 jaar;2045;1052774;532171;520603
5083;20-24 jaar;2046;1057289;534477;522812
5084;20-24 jaar;2047;1061196;536467;524729
5085;20-24 jaar;2048;1064520;538160;526360
5086;20-24 jaar;2049;1067227;539538;527689
5087;20-24 jaar;2050;1069365;540621;528744
5088;25-29 jaar;2003;1032346;520237;512109
5089;25-29 jaar;2004;1012355;510097;502258
5090;25-29 jaar;2005;998928;502798;496130
5091;25-29 jaar;2006;1000855;503429;497426
5092;25-29 jaar;2007;1002608;503206;499402
5093;25-29 jaar;2008;1002602;503234;499368
5094;25-29 jaar;2009;999584;501779;497805
5095;25-29 jaar;2010;1003035;504057;498978
5096;25-29 jaar;2011;1004284;504688;499596
5097;25-29 jaar;2012;1013479;509388;504091
5098;25-29 jaar;2013;1029081;517500;511581
5099;25-29 jaar;2014;1045515;525652;519863
5100;25-29 jaar;2015;1059331;531888;527443
5101;25-29 jaar;2016;1077547;541277;536270
5102;25-29 jaar;2017;1090262;547795;542467
5103;25-29 jaar;2018;1098958;551874;547084
5104;25-29 jaar;2019;1106492;555457;551035
5105;25-29 jaar;2020;1112744;558840;553904
5106;25-29 jaar;2021;1106613;555368;551245
5107;25-29 jaar;2022;1100196;552654;547542
5108;25-29 jaar;2023;1097792;550908;546884
5109;25-29 jaar;2024;1103073;553686;549387
5110;25-29 jaar;2025;1109100;556892;552208
5111;25-29 jaar;2026;1124103;564381;559722
5112;25-29 jaar;2027;1135592;569798;565794
5113;25-29 jaar;2028;1143138;574043;569095
5114;25-29 jaar;2029;1143230;574189;569041
5115;25-29 jaar;2030;1138480;571690;566790
5116;25-29 jaar;2031;1126164;565699;560465
5117;25-29 jaar;2032;1114344;559714;554630
5118;25-29 jaar;2033;1101725;553317;548408
5119;25-29 jaar;2034;1088187;546451;541736
5120;25-29 jaar;2035;1075938;540246;535692
5121;25-29 jaar;2036;1065660;535039;530621
5122;25-29 jaar;2037;1057727;531027;526700
5123;25-29 jaar;2038;1052355;528315;524040
5124;25-29 jaar;2039;1049414;526839;522575
5125;25-29 jaar;2040;1048737;526513;522224
5126;25-29 jaar;2041;1049950;527154;522796
5127;25-29 jaar;2042;1052704;528579;524125
5128;25-29 jaar;2043;1056678;530627;526051
5129;25-29 jaar;2044;1061541;533125;528416
5130;25-29 jaar;2045;1067107;535984;531123
5131;25-29 jaar;2046;1072979;538993;533986
5132;25-29 jaar;2047;1078947;542053;536894
5133;25-29 jaar;2048;1084758;545026;539732
5134;25-29 jaar;2049;1090183;547803;542380
5135;25-29 jaar;2050;1095079;550308;544771
5136;30-34 jaar;2003;1296813;657626;639187
5137;30-34 jaar;2004;1257755;636188;621567
5138;30-34 jaar;2005;1199135;605067;594068
5139;30-34 jaar;2006;1138423;573357;565066
5140;30-34 jaar;2007;1087810;547450;540360
5141;30-34 jaar;2008;1047515;526998;520517
5142;30-34 jaar;2009;1028648;517321;511327
5143;30-34 jaar;2010;1017496;511154;506342
5144;30-34 jaar;2011;1021834;513010;508824
5145;30-34 jaar;2012;1025933;514017;511916
5146;30-34 jaar;2013;1027767;514942;512825
5147;30-34 jaar;2014;1026041;514112;511929
5148;30-34 jaar;2015;1029814;516499;513315
5149;30-34 jaar;2016;1030973;517086;513887
5150;30-34 jaar;2017;1039645;521535;518110
5151;30-34 jaar;2018;1054638;529379;525259
5152;30-34 jaar;2019;1070493;537310;533183
5153;30-34 jaar;2020;1083906;543436;540470
5154;30-34 jaar;2021;1101568;552598;548970
5155;30-34 jaar;2022;1113929;559010;554919
5156;30-34 jaar;2023;1122423;563059;559364
5157;30-34 jaar;2024;1129863;566662;563201
5158;30-34 jaar;2025;1136089;570077;566012
5159;30-34 jaar;2026;1130278;566842;563436
5160;30-34 jaar;2027;1124127;564298;559829
5161;30-34 jaar;2028;1121872;562684;559188
5162;30-34 jaar;2029;1127047;565431;561616
5163;30-34 jaar;2030;1132928;568586;564342
5164;30-34 jaar;2031;1147507;575869;571638
5165;30-34 jaar;2032;1158769;581189;577580
5166;30-34 jaar;2033;1166211;585381;580830
5167;30-34 jaar;2034;1166392;585592;580800
5168;30-34 jaar;2035;1161872;583237;578635
5169;30-34 jaar;2036;1149982;577494;572488
5170;30-34 jaar;2037;1138540;571741;566799
5171;30-34 jaar;2038;1126304;565583;560721
5172;30-34 jaar;2039;1113165;558964;554201
5173;30-34 jaar;2040;1101279;552985;548294
5174;30-34 jaar;2041;1091304;547969;543335
5175;30-34 jaar;2042;1083620;544116;539504
5176;30-34 jaar;2043;1078419;541521;536898
5177;30-34 jaar;2044;1075584;540122;535462
5178;30-34 jaar;2045;1074943;539833;535110
5179;30-34 jaar;2046;1076140;540477;535663
5180;30-34 jaar;2047;1078829;541876;536953
5181;30-34 jaar;2048;1082696;543873;538823
5182;30-34 jaar;2049;1087424;546306;541118
5183;30-34 jaar;2050;1092841;549085;543756
5184;35-39 jaar;2003;1325704;676442;649262
5185;35-39 jaar;2004;1318530;671704;646826
5186;35-39 jaar;2005;1318902;670952;647950
5187;35-39 jaar;2006;1317353;668548;648805
5188;35-39 jaar;2007;1309632;663226;646406
5189;35-39 jaar;2008;1292146;652428;639718
5190;35-39 jaar;2009;1254924;632155;622769
5191;35-39 jaar;2010;1199380;602890;596490
5192;35-39 jaar;2011;1142325;573299;569026
5193;35-39 jaar;2012;1095009;549245;545764
5194;35-39 jaar;2013;1057445;530343;527102
5195;35-39 jaar;2014;1040141;521548;518593
5196;35-39 jaar;2015;1029889;515933;513956
5197;35-39 jaar;2016;1034273;517869;516404
5198;35-39 jaar;2017;1038060;518772;519288
5199;35-39 jaar;2018;1039449;519471;519978
5200;35-39 jaar;2019;1037382;518471;518911
5201;35-39 jaar;2020;1040651;520581;520070
5202;35-39 jaar;2021;1041447;520996;520451
5203;35-39 jaar;2022;1049705;525246;524459
5204;35-39 jaar;2023;1064277;532894;531383
5205;35-39 jaar;2024;1079721;540651;539070
5206;35-39 jaar;2025;1092831;546688;546143
5207;35-39 jaar;2026;1110088;555673;554415
5208;35-39 jaar;2027;1122195;562007;560188
5209;35-39 jaar;2028;1130540;566032;564508
5210;35-39 jaar;2029;1137921;569653;568268
5211;35-39 jaar;2030;1144124;573089;571035
5212;35-39 jaar;2031;1138562;570041;568521
5213;35-39 jaar;2032;1132608;567627;564981
5214;35-39 jaar;2033;1130476;566123;564353
5215;35-39 jaar;2034;1135570;568844;566726
5216;35-39 jaar;2035;1141339;571956;569383
5217;35-39 jaar;2036;1155601;579082;576519
5218;35-39 jaar;2037;1166694;584323;582371
5219;35-39 jaar;2038;1174054;588468;585586
5220;35-39 jaar;2039;1174291;588720;585571
5221;35-39 jaar;2040;1169935;586470;583465
5222;35-39 jaar;2041;1158356;580916;577440
5223;35-39 jaar;2042;1147184;575337;571847
5224;35-39 jaar;2043;1135221;569352;565869
5225;35-39 jaar;2044;1122368;562918;559450
5226;35-39 jaar;2045;1110738;557103;553635
5227;35-39 jaar;2046;1100975;552225;548750
5228;35-39 jaar;2047;1093454;548479;544975
5229;35-39 jaar;2048;1088364;545957;542407
5230;35-39 jaar;2049;1085582;544596;540986
5231;35-39 jaar;2050;1084948;544316;540632
5232;40-44 jaar;2003;1275484;646061;629423
5233;40-44 jaar;2004;1293774;655894;637880
5234;40-44 jaar;2005;1309005;664063;644942
5235;40-44 jaar;2006;1318090;668973;649117
5236;40-44 jaar;2007;1316370;668285;648085
5237;40-44 jaar;2008;1311676;665805;645871
5238;40-44 jaar;2009;1304902;661380;643522
5239;40-44 jaar;2010;1306322;661302;645020
5240;40-44 jaar;2011;1306101;659784;646317
5241;40-44 jaar;2012;1300000;655569;644431
5242;40-44 jaar;2013;1284117;645819;638298
5243;40-44 jaar;2014;1248715;626731;621984
5244;40-44 jaar;2015;1194930;598624;596306
5245;40-44 jaar;2016;1139417;570032;569385
5246;40-44 jaar;2017;1093128;546637;546491
5247;40-44 jaar;2018;1056300;528227;528073
5248;40-44 jaar;2019;1039211;519609;519602
5249;40-44 jaar;2020;1029042;514106;514936
5250;40-44 jaar;2021;1033175;515958;517217
5251;40-44 jaar;2022;1036653;516750;519903
5252;40-44 jaar;2023;1037717;517299;520418
5253;40-44 jaar;2024;1035423;516200;519223
5254;40-44 jaar;2025;1038330;518116;520214
5255;40-44 jaar;2026;1038875;518412;520463
5256;40-44 jaar;2027;1046820;522503;524317
5257;40-44 jaar;2028;1061065;529989;531076
5258;40-44 jaar;2029;1076186;537600;538586
5259;40-44 jaar;2030;1089060;543552;545508
5260;40-44 jaar;2031;1105993;552380;553613
5261;40-44 jaar;2032;1117884;558627;559257
5262;40-44 jaar;2033;1126096;562615;563481
5263;40-44 jaar;2034;1133393;566221;567172
5264;40-44 jaar;2035;1139541;569644;569897
5265;40-44 jaar;2036;1134138;566721;567417
5266;40-44 jaar;2037;1128320;564391;563929
5267;40-44 jaar;2038;1126255;562952;563303
5268;40-44 jaar;2039;1131269;565632;565637
5269;40-44 jaar;2040;1136929;568693;568236
5270;40-44 jaar;2041;1150920;575671;575249
5271;40-44 jaar;2042;1161844;580826;581018
5272;40-44 jaar;2043;1169107;584912;584195
5273;40-44 jaar;2044;1169358;585175;584183
5274;40-44 jaar;2045;1165102;582985;582117
5275;40-44 jaar;2046;1153746;577559;576187
5276;40-44 jaar;2047;1142777;572105;570672
5277;40-44 jaar;2048;1131019;566247;564772
5278;40-44 jaar;2049;1118382;559946;558436
5279;40-44 jaar;2050;1106943;554250;552693
5280;45-49 jaar;2003;1168307;590167;578140
5281;45-49 jaar;2004;1183704;597554;586150
5282;45-49 jaar;2005;1202648;606720;595928
5283;45-49 jaar;2006;1220341;616195;604146
5284;45-49 jaar;2007;1239225;625340;613885
5285;45-49 jaar;2008;1256497;634084;622413
5286;45-49 jaar;2009;1274466;643711;630755
5287;45-49 jaar;2010;1289727;651893;637834
5288;45-49 jaar;2011;1299442;657192;642250
5289;45-49 jaar;2012;1298549;657000;641549
5290;45-49 jaar;2013;1294720;655115;639605
5291;45-49 jaar;2014;1288632;651178;637454
5292;45-49 jaar;2015;1290479;651429;639050
5293;45-49 jaar;2016;1290454;650138;640316
5294;45-49 jaar;2017;1284569;646186;638383
5295;45-49 jaar;2018;1268988;636723;632265
5296;45-49 jaar;2019;1234340;618185;616155
5297;45-49 jaar;2020;1181662;590818;590844
5298;45-49 jaar;2021;1127329;562979;564350
5299;45-49 jaar;2022;1081980;540167;541813
5300;45-49 jaar;2023;1045878;522211;523667
5301;45-49 jaar;2024;1029068;513790;515278
5302;45-49 jaar;2025;1019043;508421;510622
5303;45-49 jaar;2026;1023011;510226;512785
5304;45-49 jaar;2027;1026294;510962;515332
5305;45-49 jaar;2028;1027168;511427;515741
5306;45-49 jaar;2029;1024757;510280;514477
5307;45-49 jaar;2030;1027436;512074;515362
5308;45-49 jaar;2031;1027846;512305;515541
5309;45-49 jaar;2032;1035577;516282;519295
5310;45-49 jaar;2033;1049532;523617;525915
5311;45-49 jaar;2034;1064350;531086;533264
5312;45-49 jaar;2035;1076993;536946;540047
5313;45-49 jaar;2036;1093624;545620;548004
5314;45-49 jaar;2037;1105318;551778;553540
5315;45-49 jaar;2038;1113394;555716;557678
5316;45-49 jaar;2039;1120588;559286;561302
5317;45-49 jaar;2040;1126653;562674;563979
5318;45-49 jaar;2041;1121391;559848;561543
5319;45-49 jaar;2042;1115688;557580;558108
5320;45-49 jaar;2043;1113682;556187;557495
5321;45-49 jaar;2044;1118620;558823;559797
5322;45-49 jaar;2045;1124192;561832;562360
5323;45-49 jaar;2046;1137927;568666;569261
5324;45-49 jaar;2047;1148674;573727;574947
5325;45-49 jaar;2048;1155821;577741;578080
5326;45-49 jaar;2049;1156079;578004;578075
5327;45-49 jaar;2050;1151914;575862;576052
5328;50-54 jaar;2003;1124384;570169;554215
5329;50-54 jaar;2004;1114930;564384;550546
5330;50-54 jaar;2005;1115670;563934;551736
5331;50-54 jaar;2006;1122413;566167;556246
5332;50-54 jaar;2007;1135912;572468;563444
5333;50-54 jaar;2008;1145891;576967;568924
5334;50-54 jaar;2009;1161004;584241;576763
5335;50-54 jaar;2010;1179888;593437;586451
5336;50-54 jaar;2011;1197461;602863;594598
5337;50-54 jaar;2012;1216475;612149;604326
5338;50-54 jaar;2013;1233737;620918;612819
5339;50-54 jaar;2014;1251560;630479;621081
5340;50-54 jaar;2015;1266550;638524;628026
5341;50-54 jaar;2016;1276148;643782;632366
5342;50-54 jaar;2017;1275265;643610;631655
5343;50-54 jaar;2018;1271555;641856;629699
5344;50-54 jaar;2019;1265621;638073;627548
5345;50-54 jaar;2020;1267548;638438;629110
5346;50-54 jaar;2021;1267576;637271;630305
5347;50-54 jaar;2022;1261851;633513;628338
5348;50-54 jaar;2023;1246602;624328;622274
5349;50-54 jaar;2024;1212777;606342;606435
5350;50-54 jaar;2025;1161360;579763;581597
5351;50-54 jaar;2026;1108370;552733;555637
5352;50-54 jaar;2027;1064141;530582;533559
5353;50-54 jaar;2028;1028930;513152;515778
5354;50-54 jaar;2029;1012530;504990;507540
5355;50-54 jaar;2030;1002760;499797;502963
5356;50-54 jaar;2031;1006645;501592;505053
5357;50-54 jaar;2032;1009817;502312;507505
5358;50-54 jaar;2033;1010585;502734;507851
5359;50-54 jaar;2034;1008151;501585;506566
5360;50-54 jaar;2035;1010685;503294;507391
5361;50-54 jaar;2036;1011040;503498;507542
5362;50-54 jaar;2037;1018592;507381;511211
5363;50-54 jaar;2038;1032261;514568;517693
5364;50-54 jaar;2039;1046764;521882;524882
5365;50-54 jaar;2040;1059162;527634;531528
5366;50-54 jaar;2041;1075475;536143;539332
5367;50-54 jaar;2042;1086962;542200;544762
5368;50-54 jaar;2043;1094899;546078;548821
5369;50-54 jaar;2044;1101977;549597;552380
5370;50-54 jaar;2045;1107958;552940;555018
5371;50-54 jaar;2046;1102846;550205;552641
5372;50-54 jaar;2047;1097290;548007;549283
5373;50-54 jaar;2048;1095362;546664;548698
5374;50-54 jaar;2049;1100243;549263;550980
5375;50-54 jaar;2050;1105735;552225;553510
5376;55-59 jaar;2003;1038861;526193;512668
5377;55-59 jaar;2004;1085933;549745;536188
5378;55-59 jaar;2005;1115779;564548;551231
5379;55-59 jaar;2006;1150107;581389;568718
5380;55-59 jaar;2007;1114484;562618;551866
5381;55-59 jaar;2008;1094217;552091;542126
5382;55-59 jaar;2009;1085437;546857;538580
5383;55-59 jaar;2010;1086596;546796;539800
5384;55-59 jaar;2011;1093673;549373;544300
5385;55-59 jaar;2012;1107177;555790;551387
5386;55-59 jaar;2013;1117280;560455;556825
5387;55-59 jaar;2014;1132243;567710;564533
5388;55-59 jaar;2015;1150785;576761;574024
5389;55-59 jaar;2016;1167828;585882;581946
5390;55-59 jaar;2017;1186396;594942;591454
5391;55-59 jaar;2018;1203166;603430;599736
5392;55-59 jaar;2019;1220487;612702;607785
5393;55-59 jaar;2020;1235022;620492;614530
5394;55-59 jaar;2021;1244395;625630;618765
5395;55-59 jaar;2022;1243569;625498;618071
5396;55-59 jaar;2023;1240041;623887;616154
5397;55-59 jaar;2024;1234359;620304;614055
5398;55-59 jaar;2025;1236396;620789;615607
5399;55-59 jaar;2026;1236521;619757;616764
5400;55-59 jaar;2027;1231028;616209;614819
5401;55-59 jaar;2028;1216223;607351;608872
5402;55-59 jaar;2029;1183385;589986;593399
5403;55-59 jaar;2030;1133504;564338;569166
5404;55-59 jaar;2031;1082133;538267;543866
5405;55-59 jaar;2032;1039283;516924;522359
5406;55-59 jaar;2033;1005187;500141;505046
5407;55-59 jaar;2034;989342;492313;497029
5408;55-59 jaar;2035;979938;487356;492582
5409;55-59 jaar;2036;983792;489161;494631
5410;55-59 jaar;2037;986913;489896;497017
5411;55-59 jaar;2038;987654;490310;497344
5412;55-59 jaar;2039;985280;489199;496081
5413;55-59 jaar;2040;987734;490857;496877
5414;55-59 jaar;2041;988098;491077;497021
5415;55-59 jaar;2042;995503;494885;500618
5416;55-59 jaar;2043;1008868;501906;506962
5417;55-59 jaar;2044;1023029;509038;513991
5418;55-59 jaar;2045;1035158;514663;520495
5419;55-59 jaar;2046;1051121;522979;528142
5420;55-59 jaar;2047;1062385;528913;533472
5421;55-59 jaar;2048;1070184;532725;537459
5422;55-59 jaar;2049;1077139;536178;540961
5423;55-59 jaar;2050;1083029;539461;543568
5424;60-64 jaar;2003;773119;386257;386862
5425;60-64 jaar;2004;796145;398605;397540
5426;60-64 jaar;2005;825174;413939;411235
5427;60-64 jaar;2006;840073;421721;418352
5428;60-64 jaar;2007;926692;465532;461160
5429;60-64 jaar;2008;997253;500410;496843
5430;60-64 jaar;2009;1042327;522925;519402
5431;60-64 jaar;2010;1070972;537169;533803
5432;60-64 jaar;2011;1103745;553232;550513
5433;60-64 jaar;2012;1070288;535980;534308
5434;60-64 jaar;2013;1051544;526524;525020
5435;60-64 jaar;2014;1043687;521991;521696
5436;60-64 jaar;2015;1045211;522269;522942
5437;60-64 jaar;2016;1052347;524991;527356
5438;60-64 jaar;2017;1065511;531281;534230
5439;60-64 jaar;2018;1075481;535934;539547
5440;60-64 jaar;2019;1090068;543015;547053
5441;60-64 jaar;2020;1108107;551804;556303
5442;60-64 jaar;2021;1124572;560579;563993
5443;60-64 jaar;2022;1142625;569364;573261
5444;60-64 jaar;2023;1158891;577568;581323
5445;60-64 jaar;2024;1175684;586523;589161
5446;60-64 jaar;2025;1189792;594065;595727
5447;60-64 jaar;2026;1198944;599072;599872
5448;60-64 jaar;2027;1198272;599035;599237
5449;60-64 jaar;2028;1195043;597616;597427
5450;60-64 jaar;2029;1189776;594332;595444
5451;60-64 jaar;2030;1192045;595006;597039
5452;60-64 jaar;2031;1192393;594180;598213
5453;60-64 jaar;2032;1187243;590898;596345
5454;60-64 jaar;2033;1173062;582475;590587
5455;60-64 jaar;2034;1141495;565906;575589
5456;60-64 jaar;2035;1093635;541495;552140
5457;60-64 jaar;2036;1044380;516699;527681
5458;60-64 jaar;2037;1003357;496447;506910
5459;60-64 jaar;2038;970755;480545;490210
5460;60-64 jaar;2039;955696;473185;482511
5461;60-64 jaar;2040;946824;468563;478261
5462;60-64 jaar;2041;950707;470406;480301
5463;60-64 jaar;2042;953843;471193;482650
5464;60-64 jaar;2043;954620;471637;482983
5465;60-64 jaar;2044;952391;470618;481773
5466;60-64 jaar;2045;954824;472258;482566
5467;60-64 jaar;2046;955293;472547;482746
5468;60-64 jaar;2047;962583;476290;486293
5469;60-64 jaar;2048;975607;483114;492493
5470;60-64 jaar;2049;989368;490018;499350
5471;60-64 jaar;2050;1001186;495481;505705
5472;65-69 jaar;2003;650056;312554;337502
5473;65-69 jaar;2004;663374;320617;342757
5474;65-69 jaar;2005;677089;328377;348712
5475;65-69 jaar;2006;694943;338206;356737
5476;65-69 jaar;2007;706021;344811;361210
5477;65-69 jaar;2008;723276;354611;368665
5478;65-69 jaar;2009;745192;366356;378836
5479;65-69 jaar;2010;772792;380889;391903
5480;65-69 jaar;2011;787126;388437;398689
5481;65-69 jaar;2012;869053;429487;439566
5482;65-69 jaar;2013;935606;462087;473519
5483;65-69 jaar;2014;978008;483136;494872
5484;65-69 jaar;2015;1004891;496464;508427
5485;65-69 jaar;2016;1035270;511224;524046
5486;65-69 jaar;2017;1004561;495806;508755
5487;65-69 jaar;2018;987715;487604;500111
5488;65-69 jaar;2019;980970;483858;497112
5489;65-69 jaar;2020;982934;484491;498443
5490;65-69 jaar;2021;990123;487338;502785
5491;65-69 jaar;2022;1002886;493449;509437
5492;65-69 jaar;2023;1012724;498076;514648
5493;65-69 jaar;2024;1026858;504923;521935
5494;65-69 jaar;2025;1044250;513354;530896
5495;65-69 jaar;2026;1060040;521699;538341
5496;65-69 jaar;2027;1077433;530108;547325
5497;65-69 jaar;2028;1093087;537947;555140
5498;65-69 jaar;2029;1109233;546493;562740
5499;65-69 jaar;2030;1122866;553733;569133
5500;65-69 jaar;2031;1131752;558570;573182
5501;65-69 jaar;2032;1131371;558692;572679
5502;65-69 jaar;2033;1128582;557533;571049
5503;65-69 jaar;2034;1123958;554682;569276
5504;65-69 jaar;2035;1126612;555627;570985
5505;65-69 jaar;2036;1127329;555099;572230
5506;65-69 jaar;2037;1122694;552182;570512
5507;65-69 jaar;2038;1109412;544382;565030
5508;65-69 jaar;2039;1079614;528924;550690
5509;65-69 jaar;2040;1034597;506264;528333
5510;65-69 jaar;2041;988305;483269;505036
5511;65-69 jaar;2042;949860;464568;485292
5512;65-69 jaar;2043;919379;449922;469457
5513;65-69 jaar;2044;905451;443232;462219
5514;65-69 jaar;2045;897356;439086;458270
5515;65-69 jaar;2046;901325;440988;460337
5516;65-69 jaar;2047;904532;441865;462667
5517;65-69 jaar;2048;905404;442365;463039
5518;65-69 jaar;2049;903426;441495;461931
5519;65-69 jaar;2050;905887;443136;462751
5520;70-74 jaar;2003;572101;257574;314527
5521;70-74 jaar;2004;573643;260200;313443
5522;70-74 jaar;2005;577352;263771;313581
5523;70-74 jaar;2006;577479;265628;311851
5524;70-74 jaar;2007;581461;269362;312099
5525;70-74 jaar;2008;583849;272054;311795
5526;70-74 jaar;2009;596195;279556;316639
5527;70-74 jaar;2010;608957;286813;322144
5528;70-74 jaar;2011;625452;295884;329568
5529;70-74 jaar;2012;635786;302110;333676
5530;70-74 jaar;2013;651671;311119;340552
5531;70-74 jaar;2014;672088;322000;350088
5532;70-74 jaar;2015;697662;335324;362338
5533;70-74 jaar;2016;711092;342385;368707
5534;70-74 jaar;2017;786297;379438;406859
5535;70-74 jaar;2018;847091;408711;438380
5536;70-74 jaar;2019;885648;427562;458086
5537;70-74 jaar;2020;909932;439439;470493
5538;70-74 jaar;2021;936792;452236;484556
5539;70-74 jaar;2022;909878;439187;470691
5540;70-74 jaar;2023;895629;432567;463062
5541;70-74 jaar;2024;890356;429778;460578
5542;70-74 jaar;2025;892863;430802;462061
5543;70-74 jaar;2026;900049;433728;466321
5544;70-74 jaar;2027;912209;439532;472677
5545;70-74 jaar;2028;921819;444058;477761
5546;70-74 jaar;2029;935282;450530;484752
5547;70-74 jaar;2030;951721;458414;493307
5548;70-74 jaar;2031;966572;466151;500421
5549;70-74 jaar;2032;983005;474011;508994
5550;70-74 jaar;2033;997776;481320;516456
5551;70-74 jaar;2034;1012997;489278;523719
5552;70-74 jaar;2035;1025968;496083;529885
5553;70-74 jaar;2036;1034462;500655;533807
5554;70-74 jaar;2037;1034484;500986;533498
5555;70-74 jaar;2038;1032309;500172;532137
5556;70-74 jaar;2039;1028595;497907;530688
5557;70-74 jaar;2040;1031783;499196;532587
5558;70-74 jaar;2041;1033015;499052;533963
5559;70-74 jaar;2042;1029087;496614;532473
5560;70-74 jaar;2043;1017071;489674;527397
5561;70-74 jaar;2044;989776;475776;514000
5562;70-74 jaar;2045;948845;455599;493246
5563;70-74 jaar;2046;906814;435160;471654
5564;70-74 jaar;2047;872089;418660;453429
5565;70-74 jaar;2048;844691;405802;438889
5566;70-74 jaar;2049;832402;400059;432343
5567;70-74 jaar;2050;825432;396582;428850
5568;75-79 jaar;2003;454671;184158;270513
5569;75-79 jaar;2004;455169;186379;268790
5570;75-79 jaar;2005;456972;189572;267400
5571;75-79 jaar;2006;464218;195050;269168
5572;75-79 jaar;2007;468992;198972;270020
5573;75-79 jaar;2008;476355;203960;272395
5574;75-79 jaar;2009;477946;206564;271382
5575;75-79 jaar;2010;481388;209936;271452
5576;75-79 jaar;2011;482068;212049;270019
5577;75-79 jaar;2012;485938;215626;270312
5578;75-79 jaar;2013;488573;218381;270192
5579;75-79 jaar;2014;499565;225010;274555
5580;75-79 jaar;2015;510938;231418;279520
5581;75-79 jaar;2016;525443;239293;286150
5582;75-79 jaar;2017;534542;244750;289792
5583;75-79 jaar;2018;548356;252471;295885
5584;75-79 jaar;2019;566457;261941;304516
5585;75-79 jaar;2020;588957;273399;315558
5586;75-79 jaar;2021;600883;279563;321320
5587;75-79 jaar;2022;666281;310941;355340
5588;75-79 jaar;2023;718612;335451;383161
5589;75-79 jaar;2024;751467;351098;400369
5590;75-79 jaar;2025;771848;360810;411038
5591;75-79 jaar;2026;793645;370851;422794
5592;75-79 jaar;2027;771978;360817;411161
5593;75-79 jaar;2028;761236;356138;405098
5594;75-79 jaar;2029;757843;354455;403388
5595;75-79 jaar;2030;760907;355828;405079
5596;75-79 jaar;2031;767855;358687;409168
5597;75-79 jaar;2032;778964;363918;415046
5598;75-79 jaar;2033;788059;368166;419893
5599;75-79 jaar;2034;800342;373971;426371
5600;75-79 jaar;2035;815211;380961;434250
5601;75-79 jaar;2036;828556;387749;440807
5602;75-79 jaar;2037;843401;394707;448694
5603;75-79 jaar;2038;856726;401160;455566
5604;75-79 jaar;2039;870445;408177;462268
5605;75-79 jaar;2040;882306;414262;468044
5606;75-79 jaar;2041;890069;418351;471718
5607;75-79 jaar;2042;890556;418880;471676
5608;75-79 jaar;2043;889150;418448;470702
5609;75-79 jaar;2044;886656;416918;469738
5610;75-79 jaar;2045;890501;418579;471922
5611;75-79 jaar;2046;892350;418868;473482
5612;75-79 jaar;2047;889339;417018;472321
5613;75-79 jaar;2048;879096;411234;467862
5614;75-79 jaar;2049;855440;399511;455929
5615;75-79 jaar;2050;820513;382815;437698
5616;80-84 jaar;2003;312494;109687;202807
5617;80-84 jaar;2004;326852;116228;210624
5618;80-84 jaar;2005;336555;120589;215966
5619;80-84 jaar;2006;336021;121768;214253
5620;80-84 jaar;2007;336326;123803;212523
5621;80-84 jaar;2008;335975;125453;210522
5622;80-84 jaar;2009;336935;127658;209277
5623;80-84 jaar;2010;338713;130425;208288
5624;80-84 jaar;2011;344608;134811;209797
5625;80-84 jaar;2012;348576;138053;210523
5626;80-84 jaar;2013;354406;141995;212411
5627;80-84 jaar;2014;355912;144233;211679
5628;80-84 jaar;2015;358831;147011;211820
5629;80-84 jaar;2016;359949;149027;210922
5630;80-84 jaar;2017;363417;152038;211379
5631;80-84 jaar;2018;366063;154479;211584
5632;80-84 jaar;2019;375014;159688;215326
5633;80-84 jaar;2020;384271;164715;219556
5634;80-84 jaar;2021;395886;170801;225085
5635;80-84 jaar;2022;403137;175023;228114
5636;80-84 jaar;2023;413988;180878;233110
5637;80-84 jaar;2024;428612;188244;240368
5638;80-84 jaar;2025;446627;197038;249589
5639;80-84 jaar;2026;456240;201804;254436
5640;80-84 jaar;2027;508006;225626;282380
5641;80-84 jaar;2028;548772;243877;304895
5642;80-84 jaar;2029;573924;255320;318604
5643;80-84 jaar;2030;589077;262186;326891
5644;80-84 jaar;2031;604278;268775;335503
5645;80-84 jaar;2032;588937;262126;326811
5646;80-84 jaar;2033;582206;259483;322723
5647;80-84 jaar;2034;580755;258849;321906
5648;80-84 jaar;2035;584069;260352;323717
5649;80-84 jaar;2036;590241;262849;327392
5650;80-84 jaar;2037;599506;267081;332425
5651;80-84 jaar;2038;607420;270677;336743
5652;80-84 jaar;2039;617676;275356;342320
5653;80-84 jaar;2040;629971;280932;349039
5654;80-84 jaar;2041;640897;286260;354637
5655;80-84 jaar;2042;653158;291799;361359
5656;80-84 jaar;2043;664123;296906;367217
5657;80-84 jaar;2044;675401;302460;372941
5658;80-84 jaar;2045;685343;307358;377985
5659;80-84 jaar;2046;691772;310610;381162
5660;80-84 jaar;2047;692558;311197;381361
5661;80-84 jaar;2048;691866;311061;380805
5662;80-84 jaar;2049;690642;310264;380378
5663;80-84 jaar;2050;694880;312120;382760
5664;85-89 jaar;2003;160806;45937;114869
5665;85-89 jaar;2004;160287;46322;113965
5666;85-89 jaar;2005;161367;47458;113909
5667;85-89 jaar;2006;171513;51604;119909
5668;85-89 jaar;2007;180051;55144;124907
5669;85-89 jaar;2008;187222;58381;128841
5670;85-89 jaar;2009;195435;61990;133445
5671;85-89 jaar;2010;200657;64345;136312
5672;85-89 jaar;2011;200439;65259;135180
5673;85-89 jaar;2012;200727;66652;134075
5674;85-89 jaar;2013;200592;67815;132777
5675;85-89 jaar;2014;201664;69401;132263
5676;85-89 jaar;2015;203061;71195;131866
5677;85-89 jaar;2016;207019;73927;133092
5678;85-89 jaar;2017;209629;75944;133685
5679;85-89 jaar;2018;213299;78320;134979
5680;85-89 jaar;2019;214290;79702;134588
5681;85-89 jaar;2020;216195;81410;134785
5682;85-89 jaar;2021;217281;82808;134473
5683;85-89 jaar;2022;219763;84744;135019
5684;85-89 jaar;2023;221830;86366;135464
5685;85-89 jaar;2024;227795;89587;138208
5686;85-89 jaar;2025;233931;92669;141262
5687;85-89 jaar;2026;241482;96362;145120
5688;85-89 jaar;2027;245941;98830;147111
5689;85-89 jaar;2028;252707;102259;150448
5690;85-89 jaar;2029;262438;106825;155613
5691;85-89 jaar;2030;274309;112191;162118
5692;85-89 jaar;2031;280391;114971;165420
5693;85-89 jaar;2032;314596;129688;184908
5694;85-89 jaar;2033;340381;140408;199973
5695;85-89 jaar;2034;355311;146700;208611
5696;85-89 jaar;2035;363406;150059;213347
5697;85-89 jaar;2036;370481;152812;217669
5698;85-89 jaar;2037;361978;149455;212523
5699;85-89 jaar;2038;359199;148547;210652
5700;85-89 jaar;2039;359224;148590;210634
5701;85-89 jaar;2040;361966;149763;212203
5702;85-89 jaar;2041;366326;151403;214923
5703;85-89 jaar;2042;372500;154061;218439
5704;85-89 jaar;2043;378066;156432;221634
5705;85-89 jaar;2044;384928;159357;225571
5706;85-89 jaar;2045;393132;162832;230300
5707;85-89 jaar;2046;400223;166040;234183
5708;85-89 jaar;2047;408350;169468;238882
5709;85-89 jaar;2048;415502;172566;242936
5710;85-89 jaar;2049;422865;175967;246898
5711;85-89 jaar;2050;429512;179010;250502
5712;90-94 jaar;2003;60243;13395;46848
5713;90-94 jaar;2004;62250;14088;48162
5714;90-94 jaar;2005;64111;14867;49244
5715;90-94 jaar;2006;64705;15279;49426
5716;90-94 jaar;2007;65442;15661;49781
5717;90-94 jaar;2008;65931;16104;49827
5718;90-94 jaar;2009;65698;16302;49396
5719;90-94 jaar;2010;66321;16842;49479
5720;90-94 jaar;2011;71033;18562;52471
5721;90-94 jaar;2012;74721;19938;54783
5722;90-94 jaar;2013;77579;21147;56432
5723;90-94 jaar;2014;80728;22438;58290
5724;90-94 jaar;2015;82547;23229;59318
5725;90-94 jaar;2016;82446;23615;58831
5726;90-94 jaar;2017;82573;24192;58381
5727;90-94 jaar;2018;82508;24675;57833
5728;90-94 jaar;2019;83175;25371;57804
5729;90-94 jaar;2020;83864;26091;57773
5730;90-94 jaar;2021;85676;27193;58483
5731;90-94 jaar;2022;86779;27973;58806
5732;90-94 jaar;2023;88308;28879;59429
5733;90-94 jaar;2024;88658;29386;59272
5734;90-94 jaar;2025;89450;30040;59410
5735;90-94 jaar;2026;90031;30631;59400
5736;90-94 jaar;2027;91189;31418;59771
5737;90-94 jaar;2028;92190;32076;60114
5738;90-94 jaar;2029;94894;33374;61520
5739;90-94 jaar;2030;97625;34585;63040
5740;90-94 jaar;2031;100927;36033;64894
5741;90-94 jaar;2032;102646;36917;65729
5742;90-94 jaar;2033;105469;38209;67260
5743;90-94 jaar;2034;109921;40072;69849
5744;90-94 jaar;2035;115262;42213;73049
5745;90-94 jaar;2036;117683;43182;74501
5746;90-94 jaar;2037;133518;49326;84192
5747;90-94 jaar;2038;144502;53392;91110
5748;90-94 jaar;2039;150068;55461;94607
5749;90-94 jaar;2040;152495;56310;96185
5750;90-94 jaar;2041;154221;56824;97397
5751;90-94 jaar;2042;151063;55723;95340
5752;90-94 jaar;2043;150551;55626;94925
5753;90-94 jaar;2044;150913;55766;95147
5754;90-94 jaar;2045;152293;56283;96010
5755;90-94 jaar;2046;154287;56927;97360
5756;90-94 jaar;2047;157001;57979;99022
5757;90-94 jaar;2048;159556;58943;100613
5758;90-94 jaar;2049;162577;60086;102491
5759;90-94 jaar;2050;166204;61448;104756
5760;95 jaar of ouder;2003;13904;2389;11515
5761;95 jaar of ouder;2004;14697;2505;12192
5762;95 jaar of ouder;2005;15510;2587;12923
5763;95 jaar of ouder;2006;16150;2698;13452
5764;95 jaar of ouder;2007;16575;2820;13755
5765;95 jaar of ouder;2008;17209;2977;14232
5766;95 jaar of ouder;2009;17837;3160;14677
5767;95 jaar of ouder;2010;18430;3347;15083
5768;95 jaar of ouder;2011;18603;3449;15154
5769;95 jaar of ouder;2012;18800;3551;15249
5770;95 jaar of ouder;2013;19013;3679;15334
5771;95 jaar of ouder;2014;19039;3754;15285
5772;95 jaar of ouder;2015;19342;3919;15423
5773;95 jaar of ouder;2016;20756;4354;16402
5774;95 jaar of ouder;2017;21786;4674;17112
5775;95 jaar of ouder;2018;22518;4948;17570
5776;95 jaar of ouder;2019;23263;5227;18036
5777;95 jaar of ouder;2020;23677;5398;18279
5778;95 jaar of ouder;2021;23866;5544;18322
5779;95 jaar of ouder;2022;24049;5723;18326
5780;95 jaar of ouder;2023;24122;5870;18252
5781;95 jaar of ouder;2024;24469;6077;18392
5782;95 jaar of ouder;2025;24741;6265;18476
5783;95 jaar of ouder;2026;25284;6539;18745
5784;95 jaar of ouder;2027;25601;6733;18868
5785;95 jaar of ouder;2028;26008;6951;19057
5786;95 jaar of ouder;2029;26132;7081;19051
5787;95 jaar of ouder;2030;26377;7249;19128
5788;95 jaar of ouder;2031;26648;7427;19221
5789;95 jaar of ouder;2032;27027;7635;19392
5790;95 jaar of ouder;2033;27388;7813;19575
5791;95 jaar of ouder;2034;28172;8134;20038
5792;95 jaar of ouder;2035;28972;8430;20542
5793;95 jaar of ouder;2036;29913;8780;21133
5794;95 jaar of ouder;2037;30362;8983;21379
5795;95 jaar of ouder;2038;31146;9288;21858
5796;95 jaar of ouder;2039;32541;9770;22771
5797;95 jaar of ouder;2040;34163;10301;23862
5798;95 jaar of ouder;2041;34876;10525;24351
5799;95 jaar of ouder;2042;39544;12058;27486
5800;95 jaar of ouder;2043;42555;12976;29579
5801;95 jaar of ouder;2044;43975;13395;30580
5802;95 jaar of ouder;2045;44535;13538;30997
5803;95 jaar of ouder;2046;44698;13562;31136
5804;95 jaar of ouder;2047;44724;13562;31162
5805;95 jaar of ouder;2048;45215;13707;31508
5806;95 jaar of ouder;2049;45577;13804;31773
5807;95 jaar of ouder;2050;46049;13937;32112
5808;0-9 jaar;2003;2009033;1027853;981180
5809;0-9 jaar;2004;2012825;1029956;982869
5810;0-9 jaar;2005;2011801;1029464;982337
5811;0-9 jaar;2006;2012096;1029725;982371
5812;0-9 jaar;2007;2009466;1027889;981577
5813;0-9 jaar;2008;2002314;1024632;977682
5814;0-9 jaar;2009;1986715;1016728;969987
5815;0-9 jaar;2010;1967881;1007013;960868
5816;0-9 jaar;2011;1943321;994769;948552
5817;0-9 jaar;2012;1922252;984045;938207
5818;0-9 jaar;2013;1903205;974352;928853
5819;0-9 jaar;2014;1885707;965446;920261
5820;0-9 jaar;2015;1871940;958445;913495
5821;0-9 jaar;2016;1862263;953532;908731
5822;0-9 jaar;2017;1856713;950725;905988
5823;0-9 jaar;2018;1855195;949977;905218
5824;0-9 jaar;2019;1857238;951047;906191
5825;0-9 jaar;2020;1862488;953751;908737
5826;0-9 jaar;2021;1870110;957673;912437
5827;0-9 jaar;2022;1879509;962503;917006
5828;0-9 jaar;2023;1890075;967934;922141
5829;0-9 jaar;2024;1901188;973646;927542
5830;0-9 jaar;2025;1912502;979459;933043
5831;0-9 jaar;2026;1923606;985166;938440
5832;0-9 jaar;2027;1934188;990608;943580
5833;0-9 jaar;2028;1943994;995647;948347
5834;0-9 jaar;2029;1952746;1000150;952596
5835;0-9 jaar;2030;1960338;1004057;956281
5836;0-9 jaar;2031;1966703;1007337;959366
5837;0-9 jaar;2032;1971763;1009945;961818
5838;0-9 jaar;2033;1975452;1011853;963599
5839;0-9 jaar;2034;1977696;1013020;964676
5840;0-9 jaar;2035;1978437;1013417;965020
5841;0-9 jaar;2036;1977703;1013058;964645
5842;0-9 jaar;2037;1975478;1011937;963541
5843;0-9 jaar;2038;1971880;1010109;961771
5844;0-9 jaar;2039;1967040;1007645;959395
5845;0-9 jaar;2040;1961114;1004626;956488
5846;0-9 jaar;2041;1954400;1001202;953198
5847;0-9 jaar;2042;1947152;997505;949647
5848;0-9 jaar;2043;1939763;993737;946026
5849;0-9 jaar;2044;1932608;990086;942522
5850;0-9 jaar;2045;1926005;986716;939289
5851;0-9 jaar;2046;1920291;983801;936490
5852;0-9 jaar;2047;1915705;981469;934236
5853;0-9 jaar;2048;1912409;979794;932615
5854;0-9 jaar;2049;1910530;978844;931686
5855;0-9 jaar;2050;1910066;978618;931448
5856;10-19 jaar;2003;1960832;1004241;956591
5857;10-19 jaar;2004;1982924;1015401;967523
5858;10-19 jaar;2005;2000315;1023878;976437
5859;10-19 jaar;2006;2009314;1028285;981029
5860;10-19 jaar;2007;2012885;1030687;982198
5861;10-19 jaar;2008;2017206;1031884;985322
5862;10-19 jaar;2009;2029137;1037729;991408
5863;10-19 jaar;2010;2041045;1044101;996944
5864;10-19 jaar;2011;2049985;1048075;1001910
5865;10-19 jaar;2012;2055221;1050823;1004398
5866;10-19 jaar;2013;2060611;1053429;1007182
5867;10-19 jaar;2014;2066211;1056448;1009763
5868;10-19 jaar;2015;2067561;1057168;1010393
5869;10-19 jaar;2016;2070325;1058701;1011624
5870;10-19 jaar;2017;2070062;1058117;1011945
5871;10-19 jaar;2018;2064890;1055897;1008993
5872;10-19 jaar;2019;2050864;1048825;1002039
5873;10-19 jaar;2020;2033098;1039666;993432
5874;10-19 jaar;2021;2009337;1027816;981521
5875;10-19 jaar;2022;1988647;1017267;971380
5876;10-19 jaar;2023;1969816;1007659;962157
5877;10-19 jaar;2024;1952533;998842;953691
5878;10-19 jaar;2025;1938956;991918;947038
5879;10-19 jaar;2026;1929409;987057;942352
5880;10-19 jaar;2027;1923934;984275;939659
5881;10-19 jaar;2028;1922416;983517;938899
5882;10-19 jaar;2029;1924396;984547;939849
5883;10-19 jaar;2030;1929499;987174;942325
5884;10-19 jaar;2031;1936924;990993;945931
5885;10-19 jaar;2032;1946100;995708;950392
5886;10-19 jaar;2033;1956406;1001005;955401
5887;10-19 jaar;2034;1967244;1006573;960671
5888;10-19 jaar;2035;1978278;1012241;966037
5889;10-19 jaar;2036;1989113;1017809;971304
5890;10-19 jaar;2037;1999437;1023114;976323
5891;10-19 jaar;2038;2009001;1028029;980972
5892;10-19 jaar;2039;2017535;1032417;985118
5893;10-19 jaar;2040;2024935;1036221;988714
5894;10-19 jaar;2041;2031139;1039414;991725
5895;10-19 jaar;2042;2036064;1041948;994116
5896;10-19 jaar;2043;2039657;1043800;995857
5897;10-19 jaar;2044;2041835;1044927;996908
5898;10-19 jaar;2045;2042557;1045308;997249
5899;10-19 jaar;2046;2041845;1044951;996894
5900;10-19 jaar;2047;2039670;1043846;995824
5901;10-19 jaar;2048;2036164;1042055;994109
5902;10-19 jaar;2049;2031437;1039636;991801
5903;10-19 jaar;2050;2025646;1036674;988972
5904;20-29 jaar;2003;2005022;1011707;993315
5905;20-29 jaar;2004;1981108;999832;981276
5906;20-29 jaar;2005;1969167;994103;975064
5907;20-29 jaar;2006;1969549;994181;975368
5908;20-29 jaar;2007;1977868;997518;980350
5909;20-29 jaar;2008;1991487;1004762;986725
5910;20-29 jaar;2009;2003807;1010928;992879
5911;20-29 jaar;2010;2020566;1019122;1001444
5912;20-29 jaar;2011;2040232;1029191;1011041
5913;20-29 jaar;2012;2062470;1040482;1021988
5914;20-29 jaar;2013;2087040;1052708;1034332
5915;20-29 jaar;2014;2111170;1064454;1046716
5916;20-29 jaar;2015;2131271;1074048;1057223
5917;20-29 jaar;2016;2142998;1079714;1063284
5918;20-29 jaar;2017;2149017;1083347;1065670
5919;20-29 jaar;2018;2155173;1085566;1069607
5920;20-29 jaar;2019;2168110;1091976;1076134
5921;20-29 jaar;2020;2180566;1098642;1081924
5922;20-29 jaar;2021;2189926;1102899;1087027
5923;20-29 jaar;2022;2195342;1105755;1089587
5924;20-29 jaar;2023;2200683;1108351;1092332
5925;20-29 jaar;2024;2206029;1111239;1094790
5926;20-29 jaar;2025;2207133;1111830;1095303
5927;20-29 jaar;2026;2209386;1113079;1096307
5928;20-29 jaar;2027;2208686;1112283;1096403
5929;20-29 jaar;2028;2203239;1109900;1093339
5930;20-29 jaar;2029;2189371;1102921;1086450
5931;20-29 jaar;2030;2171987;1093982;1078005
5932;20-29 jaar;2031;2149042;1082568;1066474
5933;20-29 jaar;2032;2129005;1072391;1056614
5934;20-29 jaar;2033;2110801;1063144;1047657
5935;20-29 jaar;2034;2094181;1054704;1039477
5936;20-29 jaar;2035;2081182;1048111;1033071
5937;20-29 jaar;2036;2072110;1043523;1028587
5938;20-29 jaar;2037;2066976;1040941;1026035
5939;20-29 jaar;2038;2065665;1040308;1025357
5940;20-29 jaar;2039;2067707;1041383;1026324
5941;20-29 jaar;2040;2072741;1043978;1028763
5942;20-29 jaar;2041;2079985;1047704;1032281
5943;20-29 jaar;2042;2088876;1052268;1036608
5944;20-29 jaar;2043;2098827;1057370;1041457
5945;20-29 jaar;2044;2109274;1062720;1046554
5946;20-29 jaar;2045;2119881;1068155;1051726
5947;20-29 jaar;2046;2130268;1073470;1056798
5948;20-29 jaar;2047;2140143;1078520;1061623
5949;20-29 jaar;2048;2149278;1083186;1066092
5950;20-29 jaar;2049;2157410;1087341;1070069
5951;20-29 jaar;2050;2164444;1090929;1073515
5952;30-39 jaar;2003;2622517;1334068;1288449
5953;30-39 jaar;2004;2576285;1307892;1268393
5954;30-39 jaar;2005;2518037;1276019;1242018
5955;30-39 jaar;2006;2455776;1241905;1213871
5956;30-39 jaar;2007;2397442;1210676;1186766
5957;30-39 jaar;2008;2339661;1179426;1160235
5958;30-39 jaar;2009;2283572;1149476;1134096
5959;30-39 jaar;2010;2216876;1114044;1102832
5960;30-39 jaar;2011;2164159;1086309;1077850
5961;30-39 jaar;2012;2120942;1063262;1057680
5962;30-39 jaar;2013;2085212;1045285;1039927
5963;30-39 jaar;2014;2066182;1035660;1030522
5964;30-39 jaar;2015;2059703;1032432;1027271
5965;30-39 jaar;2016;2065246;1034955;1030291
5966;30-39 jaar;2017;2077705;1040307;1037398
5967;30-39 jaar;2018;2094087;1048850;1045237
5968;30-39 jaar;2019;2107875;1055781;1052094
5969;30-39 jaar;2020;2124557;1064017;1060540
5970;30-39 jaar;2021;2143015;1073594;1069421
5971;30-39 jaar;2022;2163634;1084256;1079378
5972;30-39 jaar;2023;2186700;1095953;1090747
5973;30-39 jaar;2024;2209584;1107313;1102271
5974;30-39 jaar;2025;2228920;1116765;1112155
5975;30-39 jaar;2026;2240366;1122515;1117851
5976;30-39 jaar;2027;2246322;1126305;1120017
5977;30-39 jaar;2028;2252412;1128716;1123696
5978;30-39 jaar;2029;2264968;1135084;1129884
5979;30-39 jaar;2030;2277052;1141675;1135377
5980;30-39 jaar;2031;2286069;1145910;1140159
5981;30-39 jaar;2032;2291377;1148816;1142561
5982;30-39 jaar;2033;2296687;1151504;1145183
5983;30-39 jaar;2034;2301962;1154436;1147526
5984;30-39 jaar;2035;2303211;1155193;1148018
5985;30-39 jaar;2036;2305583;1156576;1149007
5986;30-39 jaar;2037;2305234;1156064;1149170
5987;30-39 jaar;2038;2300358;1154051;1146307
5988;30-39 jaar;2039;2287456;1147684;1139772
5989;30-39 jaar;2040;2271214;1139455;1131759
5990;30-39 jaar;2041;2249660;1128885;1120775
5991;30-39 jaar;2042;2230804;1119453;1111351
5992;30-39 jaar;2043;2213640;1110873;1102767
5993;30-39 jaar;2044;2197952;1103040;1094912
5994;30-39 jaar;2045;2185681;1096936;1088745
5995;30-39 jaar;2046;2177115;1092702;1084413
5996;30-39 jaar;2047;2172283;1090355;1081928
5997;30-39 jaar;2048;2171060;1089830;1081230
5998;30-39 jaar;2049;2173006;1090902;1082104
5999;30-39 jaar;2050;2177789;1093401;1084388
6000;40-49 jaar;2003;2443791;1236228;1207563
6001;40-49 jaar;2004;2477478;1253448;1224030
6002;40-49 jaar;2005;2511653;1270783;1240870
6003;40-49 jaar;2006;2538431;1285168;1253263
6004;40-49 jaar;2007;2555595;1293625;1261970
6005;40-49 jaar;2008;2568173;1299889;1268284
6006;40-49 jaar;2009;2579368;1305091;1274277
6007;40-49 jaar;2010;2596049;1313195;1282854
6008;40-49 jaar;2011;2605543;1316976;1288567
6009;40-49 jaar;2012;2598549;1312569;1285980
6010;40-49 jaar;2013;2578837;1300934;1277903
6011;40-49 jaar;2014;2537347;1277909;1259438
6012;40-49 jaar;2015;2485409;1250053;1235356
6013;40-49 jaar;2016;2429871;1220170;1209701
6014;40-49 jaar;2017;2377697;1192823;1184874
6015;40-49 jaar;2018;2325288;1164950;1160338
6016;40-49 jaar;2019;2273551;1137794;1135757
6017;40-49 jaar;2020;2210704;1104924;1105780
6018;40-49 jaar;2021;2160504;1078937;1081567
6019;40-49 jaar;2022;2118633;1056917;1061716
6020;40-49 jaar;2023;2083595;1039510;1044085
6021;40-49 jaar;2024;2064491;1029990;1034501
6022;40-49 jaar;2025;2057373;1026537;1030836
6023;40-49 jaar;2026;2061886;1028638;1033248
6024;40-49 jaar;2027;2073114;1033465;1039649
6025;40-49 jaar;2028;2088233;1041416;1046817
6026;40-49 jaar;2029;2100943;1047880;1053063
6027;40-49 jaar;2030;2116496;1055626;1060870
6028;40-49 jaar;2031;2133839;1064685;1069154
6029;40-49 jaar;2032;2153461;1074909;1078552
6030;40-49 jaar;2033;2175628;1086232;1089396
6031;40-49 jaar;2034;2197743;1097307;1100436
6032;40-49 jaar;2035;2216534;1106590;1109944
6033;40-49 jaar;2036;2227762;1112341;1115421
6034;40-49 jaar;2037;2233638;1116169;1117469
6035;40-49 jaar;2038;2239649;1118668;1120981
6036;40-49 jaar;2039;2251857;1124918;1126939
6037;40-49 jaar;2040;2263582;1131367;1132215
6038;40-49 jaar;2041;2272311;1135519;1136792
6039;40-49 jaar;2042;2277532;1138406;1139126
6040;40-49 jaar;2043;2282789;1141099;1141690
6041;40-49 jaar;2044;2287978;1143998;1143980
6042;40-49 jaar;2045;2289294;1144817;1144477
6043;40-49 jaar;2046;2291673;1146225;1145448
6044;40-49 jaar;2047;2291451;1145832;1145619
6045;40-49 jaar;2048;2286840;1143988;1142852
6046;40-49 jaar;2049;2274461;1137950;1136511
6047;40-49 jaar;2050;2258857;1130112;1128745
6048;50-59 jaar;2003;2163245;1096362;1066883
6049;50-59 jaar;2004;2200863;1114129;1086734
6050;50-59 jaar;2005;2231449;1128482;1102967
6051;50-59 jaar;2006;2272520;1147556;1124964
6052;50-59 jaar;2007;2250396;1135086;1115310
6053;50-59 jaar;2008;2240108;1129058;1111050
6054;50-59 jaar;2009;2246441;1131098;1115343
6055;50-59 jaar;2010;2266484;1140233;1126251
6056;50-59 jaar;2011;2291134;1152236;1138898
6057;50-59 jaar;2012;2323652;1167939;1155713
6058;50-59 jaar;2013;2351017;1181373;1169644
6059;50-59 jaar;2014;2383803;1198189;1185614
6060;50-59 jaar;2015;2417335;1215285;1202050
6061;50-59 jaar;2016;2443976;1229664;1214312
6062;50-59 jaar;2017;2461661;1238552;1223109
6063;50-59 jaar;2018;2474721;1245286;1229435
6064;50-59 jaar;2019;2486108;1250775;1235333
6065;50-59 jaar;2020;2502570;1258930;1243640
6066;50-59 jaar;2021;2511971;1262901;1249070
6067;50-59 jaar;2022;2505420;1259011;1246409
6068;50-59 jaar;2023;2486643;1248215;1238428
6069;50-59 jaar;2024;2447136;1226646;1220490
6070;50-59 jaar;2025;2397756;1200552;1197204
6071;50-59 jaar;2026;2344891;1172490;1172401
6072;50-59 jaar;2027;2295169;1146791;1148378
6073;50-59 jaar;2028;2245153;1120503;1124650
6074;50-59 jaar;2029;2195915;1094976;1100939
6075;50-59 jaar;2030;2136264;1064135;1072129
6076;50-59 jaar;2031;2088778;1039859;1048919
6077;50-59 jaar;2032;2049100;1019236;1029864
6078;50-59 jaar;2033;2015772;1002875;1012897
6079;50-59 jaar;2034;1997493;993898;1003595
6080;50-59 jaar;2035;1990623;990650;999973
6081;50-59 jaar;2036;1994832;992659;1002173
6082;50-59 jaar;2037;2005505;997277;1008228
6083;50-59 jaar;2038;2019915;1004878;1015037
6084;50-59 jaar;2039;2032044;1011081;1020963
6085;50-59 jaar;2040;2046896;1018491;1028405
6086;50-59 jaar;2041;2063573;1027220;1036353
6087;50-59 jaar;2042;2082465;1037085;1045380
6088;50-59 jaar;2043;2103767;1047984;1055783
6089;50-59 jaar;2044;2125006;1058635;1066371
6090;50-59 jaar;2045;2143116;1067603;1075513
6091;50-59 jaar;2046;2153967;1073184;1080783
6092;50-59 jaar;2047;2159675;1076920;1082755
6093;50-59 jaar;2048;2165546;1079389;1086157
6094;50-59 jaar;2049;2177382;1085441;1091941
6095;50-59 jaar;2050;2188764;1091686;1097078
6096;60-69 jaar;2003;1423175;698811;724364
6097;60-69 jaar;2004;1459519;719222;740297
6098;60-69 jaar;2005;1502263;742316;759947
6099;60-69 jaar;2006;1535016;759927;775089
6100;60-69 jaar;2007;1632713;810343;822370
6101;60-69 jaar;2008;1720529;855021;865508
6102;60-69 jaar;2009;1787519;889281;898238
6103;60-69 jaar;2010;1843764;918058;925706
6104;60-69 jaar;2011;1890871;941669;949202
6105;60-69 jaar;2012;1939341;965467;973874
6106;60-69 jaar;2013;1987150;988611;998539
6107;60-69 jaar;2014;2021695;1005127;1016568
6108;60-69 jaar;2015;2050102;1018733;1031369
6109;60-69 jaar;2016;2087617;1036215;1051402
6110;60-69 jaar;2017;2070072;1027087;1042985
6111;60-69 jaar;2018;2063196;1023538;1039658
6112;60-69 jaar;2019;2071038;1026873;1044165
6113;60-69 jaar;2020;2091041;1036295;1054746
6114;60-69 jaar;2021;2114695;1047917;1066778
6115;60-69 jaar;2022;2145511;1062813;1082698
6116;60-69 jaar;2023;2171615;1075644;1095971
6117;60-69 jaar;2024;2202542;1091446;1111096
6118;60-69 jaar;2025;2234042;1107419;1126623
6119;60-69 jaar;2026;2258984;1120771;1138213
6120;60-69 jaar;2027;2275705;1129143;1146562
6121;60-69 jaar;2028;2288130;1135563;1152567
6122;60-69 jaar;2029;2299009;1140825;1158184
6123;60-69 jaar;2030;2314911;1148739;1166172
6124;60-69 jaar;2031;2324145;1152750;1171395
6125;60-69 jaar;2032;2318614;1149590;1169024
6126;60-69 jaar;2033;2301644;1140008;1161636
6127;60-69 jaar;2034;2265453;1120588;1144865
6128;60-69 jaar;2035;2220247;1097122;1123125
6129;60-69 jaar;2036;2171709;1071798;1099911
6130;60-69 jaar;2037;2126051;1048629;1077422
6131;60-69 jaar;2038;2080167;1024927;1055240
6132;60-69 jaar;2039;2035310;1002109;1033201
6133;60-69 jaar;2040;1981421;974827;1006594
6134;60-69 jaar;2041;1939012;953675;985337
6135;60-69 jaar;2042;1903703;935761;967942
6136;60-69 jaar;2043;1873999;921559;952440
6137;60-69 jaar;2044;1857842;913850;943992
6138;60-69 jaar;2045;1852180;911344;940836
6139;60-69 jaar;2046;1856618;913535;943083
6140;60-69 jaar;2047;1867115;918155;948960
6141;60-69 jaar;2048;1881011;925479;955532
6142;60-69 jaar;2049;1892794;931513;961281
6143;60-69 jaar;2050;1907073;938617;968456
6144;70-79 jaar;2003;1026772;441732;585040
6145;70-79 jaar;2004;1028812;446579;582233
6146;70-79 jaar;2005;1034324;453343;580981
6147;70-79 jaar;2006;1041697;460678;581019
6148;70-79 jaar;2007;1050453;468334;582119
6149;70-79 jaar;2008;1060204;476014;584190
6150;70-79 jaar;2009;1074141;486120;588021
6151;70-79 jaar;2010;1090345;496749;593596
6152;70-79 jaar;2011;1107520;507933;599587
6153;70-79 jaar;2012;1121724;517736;603988
6154;70-79 jaar;2013;1140244;529500;610744
6155;70-79 jaar;2014;1171653;547010;624643
6156;70-79 jaar;2015;1208600;566742;641858
6157;70-79 jaar;2016;1236535;581678;654857
6158;70-79 jaar;2017;1320839;624188;696651
6159;70-79 jaar;2018;1395447;661182;734265
6160;70-79 jaar;2019;1452105;689503;762602
6161;70-79 jaar;2020;1498889;712838;786051
6162;70-79 jaar;2021;1537675;731799;805876
6163;70-79 jaar;2022;1576159;750128;826031
6164;70-79 jaar;2023;1614241;768018;846223
6165;70-79 jaar;2024;1641823;780876;860947
6166;70-79 jaar;2025;1664711;791612;873099
6167;70-79 jaar;2026;1693694;804579;889115
6168;70-79 jaar;2027;1684187;800349;883838
6169;70-79 jaar;2028;1683055;800196;882859
6170;70-79 jaar;2029;1693125;804985;888140
6171;70-79 jaar;2030;1712628;814242;898386
6172;70-79 jaar;2031;1734427;824838;909589
6173;70-79 jaar;2032;1761969;837929;924040
6174;70-79 jaar;2033;1785835;849486;936349
6175;70-79 jaar;2034;1813339;863249;950090
6176;70-79 jaar;2035;1841179;877044;964135
6177;70-79 jaar;2036;1863018;888404;974614
6178;70-79 jaar;2037;1877885;895693;982192
6179;70-79 jaar;2038;1889035;901332;987703
6180;70-79 jaar;2039;1899040;906084;992956
6181;70-79 jaar;2040;1914089;913458;1000631
6182;70-79 jaar;2041;1923084;917403;1005681
6183;70-79 jaar;2042;1919643;915494;1004149
6184;70-79 jaar;2043;1906221;908122;998099
6185;70-79 jaar;2044;1876432;892694;983738
6186;70-79 jaar;2045;1839346;874178;965168
6187;70-79 jaar;2046;1799164;854028;945136
6188;70-79 jaar;2047;1761428;835678;925750
6189;70-79 jaar;2048;1723787;817036;906751
6190;70-79 jaar;2049;1687842;799570;888272
6191;70-79 jaar;2050;1645945;779397;866548
6192;80-89 jaar;2003;473300;155624;317676
6193;80-89 jaar;2004;487139;162550;324589
6194;80-89 jaar;2005;497922;168047;329875
6195;80-89 jaar;2006;507534;173372;334162
6196;80-89 jaar;2007;516377;178947;337430
6197;80-89 jaar;2008;523197;183834;339363
6198;80-89 jaar;2009;532370;189648;342722
6199;80-89 jaar;2010;539370;194770;344600
6200;80-89 jaar;2011;545047;200070;344977
6201;80-89 jaar;2012;549303;204705;344598
6202;80-89 jaar;2013;554998;209810;345188
6203;80-89 jaar;2014;557576;213634;343942
6204;80-89 jaar;2015;561892;218206;343686
6205;80-89 jaar;2016;566968;222954;344014
6206;80-89 jaar;2017;573046;227982;345064
6207;80-89 jaar;2018;579362;232799;346563
6208;80-89 jaar;2019;589304;239390;349914
6209;80-89 jaar;2020;600466;246125;354341
6210;80-89 jaar;2021;613167;253609;359558
6211;80-89 jaar;2022;622900;259767;363133
6212;80-89 jaar;2023;635818;267244;368574
6213;80-89 jaar;2024;656407;277831;378576
6214;80-89 jaar;2025;680558;289707;390851
6215;80-89 jaar;2026;697722;298166;399556
6216;80-89 jaar;2027;753947;324456;429491
6217;80-89 jaar;2028;801479;346136;455343
6218;80-89 jaar;2029;836362;362145;474217
6219;80-89 jaar;2030;863386;374377;489009
6220;80-89 jaar;2031;884669;383746;500923
6221;80-89 jaar;2032;903533;391814;511719
6222;80-89 jaar;2033;922587;399891;522696
6223;80-89 jaar;2034;936066;405549;530517
6224;80-89 jaar;2035;947475;410411;537064
6225;80-89 jaar;2036;960722;415661;545061
6226;80-89 jaar;2037;961484;416536;544948
6227;80-89 jaar;2038;966619;419224;547395
6228;80-89 jaar;2039;976900;423946;552954
6229;80-89 jaar;2040;991937;430695;561242
6230;80-89 jaar;2041;1007223;437663;569560
6231;80-89 jaar;2042;1025658;445860;579798
6232;80-89 jaar;2043;1042189;453338;588851
6233;80-89 jaar;2044;1060329;461817;598512
6234;80-89 jaar;2045;1078475;470190;608285
6235;80-89 jaar;2046;1091995;476650;615345
6236;80-89 jaar;2047;1100908;480665;620243
6237;80-89 jaar;2048;1107368;483627;623741
6238;80-89 jaar;2049;1113507;486231;627276
6239;80-89 jaar;2050;1124392;491130;633262
6240;90 jaar of ouder;2003;74147;15784;58363
6241;90 jaar of ouder;2004;76947;16593;60354
6242;90 jaar of ouder;2005;79621;17454;62167
6243;90 jaar of ouder;2006;80855;17977;62878
6244;90 jaar of ouder;2007;82017;18481;63536
6245;90 jaar of ouder;2008;83140;19081;64059
6246;90 jaar of ouder;2009;83535;19462;64073
6247;90 jaar of ouder;2010;84751;20189;64562
6248;90 jaar of ouder;2011;89636;22011;67625
6249;90 jaar of ouder;2012;93521;23489;70032
6250;90 jaar of ouder;2013;96592;24826;71766
6251;90 jaar of ouder;2014;99767;26192;73575
6252;90 jaar of ouder;2015;101889;27148;74741
6253;90 jaar of ouder;2016;103202;27969;75233
6254;90 jaar of ouder;2017;104359;28866;75493
6255;90 jaar of ouder;2018;105026;29623;75403
6256;90 jaar of ouder;2019;106438;30598;75840
6257;90 jaar of ouder;2020;107541;31489;76052
6258;90 jaar of ouder;2021;109542;32737;76805
6259;90 jaar of ouder;2022;110828;33696;77132
6260;90 jaar of ouder;2023;112430;34749;77681
6261;90 jaar of ouder;2024;113127;35463;77664
6262;90 jaar of ouder;2025;114191;36305;77886
6263;90 jaar of ouder;2026;115315;37170;78145
6264;90 jaar of ouder;2027;116790;38151;78639
6265;90 jaar of ouder;2028;118198;39027;79171
6266;90 jaar of ouder;2029;121026;40455;80571
6267;90 jaar of ouder;2030;124002;41834;82168
6268;90 jaar of ouder;2031;127575;43460;84115
6269;90 jaar of ouder;2032;129673;44552;85121
6270;90 jaar of ouder;2033;132857;46022;86835
6271;90 jaar of ouder;2034;138093;48206;89887
6272;90 jaar of ouder;2035;144234;50643;93591
6273;90 jaar of ouder;2036;147596;51962;95634
6274;90 jaar of ouder;2037;163880;58309;105571
6275;90 jaar of ouder;2038;175648;62680;112968
6276;90 jaar of ouder;2039;182609;65231;117378
6277;90 jaar of ouder;2040;186658;66611;120047
6278;90 jaar of ouder;2041;189097;67349;121748
6279;90 jaar of ouder;2042;190607;67781;122826
6280;90 jaar of ouder;2043;193106;68602;124504
6281;90 jaar of ouder;2044;194888;69161;125727
6282;90 jaar of ouder;2045;196828;69821;127007
6283;90 jaar of ouder;2046;198985;70489;128496
6284;90 jaar of ouder;2047;201725;71541;130184
6285;90 jaar of ouder;2048;204771;72650;132121
6286;90 jaar of ouder;2049;208154;73890;134264
6287;90 jaar of ouder;2050;212253;75385;136868
6288;0-19 jaar;2003;3969865;2032094;1937771
6289;0-19 jaar;2004;3995749;2045357;1950392
6290;0-19 jaar;2005;4012116;2053342;1958774
6291;0-19 jaar;2006;4021410;2058010;1963400
6292;0-19 jaar;2007;4022351;2058576;1963775
6293;0-19 jaar;2008;4019520;2056516;1963004
6294;0-19 jaar;2009;4015852;2054457;1961395
6295;0-19 jaar;2010;4008926;2051114;1957812
6296;0-19 jaar;2011;3993306;2042844;1950462
6297;0-19 jaar;2012;3977473;2034868;1942605
6298;0-19 jaar;2013;3963816;2027781;1936035
6299;0-19 jaar;2014;3951918;2021894;1930024
6300;0-19 jaar;2015;3939501;2015613;1923888
6301;0-19 jaar;2016;3932588;2012233;1920355
6302;0-19 jaar;2017;3926775;2008842;1917933
6303;0-19 jaar;2018;3920085;2005874;1914211
6304;0-19 jaar;2019;3908102;1999872;1908230
6305;0-19 jaar;2020;3895586;1993417;1902169
6306;0-19 jaar;2021;3879447;1985489;1893958
6307;0-19 jaar;2022;3868156;1979770;1888386
6308;0-19 jaar;2023;3859891;1975593;1884298
6309;0-19 jaar;2024;3853721;1972488;1881233
6310;0-19 jaar;2025;3851458;1971377;1880081
6311;0-19 jaar;2026;3853015;1972223;1880792
6312;0-19 jaar;2027;3858122;1974883;1883239
6313;0-19 jaar;2028;3866410;1979164;1887246
6314;0-19 jaar;2029;3877142;1984697;1892445
6315;0-19 jaar;2030;3889837;1991231;1898606
6316;0-19 jaar;2031;3903627;1998330;1905297
6317;0-19 jaar;2032;3917863;2005653;1912210
6318;0-19 jaar;2033;3931858;2012858;1919000
6319;0-19 jaar;2034;3944940;2019593;1925347
6320;0-19 jaar;2035;3956715;2025658;1931057
6321;0-19 jaar;2036;3966816;2030867;1935949
6322;0-19 jaar;2037;3974915;2035051;1939864
6323;0-19 jaar;2038;3980881;2038138;1942743
6324;0-19 jaar;2039;3984575;2040062;1944513
6325;0-19 jaar;2040;3986049;2040847;1945202
6326;0-19 jaar;2041;3985539;2040616;1944923
6327;0-19 jaar;2042;3983216;2039453;1943763
6328;0-19 jaar;2043;3979420;2037537;1941883
6329;0-19 jaar;2044;3974443;2035013;1939430
6330;0-19 jaar;2045;3968562;2032024;1936538
6331;0-19 jaar;2046;3962136;2028752;1933384
6332;0-19 jaar;2047;3955375;2025315;1930060
6333;0-19 jaar;2048;3948573;2021849;1926724
6334;0-19 jaar;2049;3941967;2018480;1923487
6335;0-19 jaar;2050;3935712;2015292;1920420
6336;20-64 jaar;2003;10007694;5064622;4943072
6337;20-64 jaar;2004;10031879;5073906;4957973
6338;20-64 jaar;2005;10055480;5083326;4972154
6339;20-64 jaar;2006;10076349;5090531;4985818
6340;20-64 jaar;2007;10107993;5102437;5005556
6341;20-64 jaar;2008;10136682;5113545;5023137
6342;20-64 jaar;2009;10155515;5119518;5035997
6343;20-64 jaar;2010;10170947;5123763;5047184
6344;20-64 jaar;2011;10204813;5137944;5066869
6345;20-64 jaar;2012;10175901;5120232;5055669
6346;20-64 jaar;2013;10153650;5106824;5046826
6347;20-64 jaar;2014;10142189;5098203;5043986
6348;20-64 jaar;2015;10138929;5094087;5044842
6349;20-64 jaar;2016;10134438;5089494;5044944
6350;20-64 jaar;2017;10131591;5086310;5045281
6351;20-64 jaar;2018;10124750;5080586;5044164
6352;20-64 jaar;2019;10125712;5079341;5046371
6353;20-64 jaar;2020;10126504;5078317;5048187
6354;20-64 jaar;2021;10129988;5078910;5051078
6355;20-64 jaar;2022;10125654;5075303;5050351
6356;20-64 jaar;2023;10116512;5069597;5046915
6357;20-64 jaar;2024;10102924;5061711;5041213
6358;20-64 jaar;2025;10080974;5049749;5031225
6359;20-64 jaar;2026;10055473;5035794;5019679
6360;20-64 jaar;2027;10021563;5017879;5003684
6361;20-64 jaar;2028;9984080;4998151;4985929
6362;20-64 jaar;2029;9940973;4975193;4965780
6363;20-64 jaar;2030;9893844;4950424;4943420
6364;20-64 jaar;2031;9850121;4927202;4922919
6365;20-64 jaar;2032;9810186;4906250;4903936
6366;20-64 jaar;2033;9771950;4886230;4885720
6367;20-64 jaar;2034;9732874;4866251;4866623
6368;20-64 jaar;2035;9685185;4842039;4843146
6369;20-64 jaar;2036;9644667;4821798;4822869
6370;20-64 jaar;2037;9614710;4806898;4807812
6371;20-64 jaar;2038;9596342;4798450;4797892
6372;20-64 jaar;2039;9594760;4798251;4796509
6373;20-64 jaar;2040;9601257;4801854;4799403
6374;20-64 jaar;2041;9616236;4809734;4806502
6375;20-64 jaar;2042;9633520;4818405;4815115
6376;20-64 jaar;2043;9653643;4828963;4824680
6377;20-64 jaar;2044;9672601;4839011;4833590
6378;20-64 jaar;2045;9692796;4849769;4843027
6379;20-64 jaar;2046;9708316;4858128;4850188
6380;20-64 jaar;2047;9726135;4867917;4858218
6381;20-64 jaar;2048;9748331;4879507;4868824
6382;20-64 jaar;2049;9771627;4891652;4879975
6383;20-64 jaar;2050;9791040;4901609;4889431
6384;65 jaar of ouder;2003;2224275;925694;1298581
6385;65 jaar of ouder;2004;2256272;946339;1309933
6386;65 jaar of ouder;2005;2288956;967221;1321735
6387;65 jaar of ouder;2006;2325029;990233;1334796
6388;65 jaar of ouder;2007;2354868;1010573;1344295
6389;65 jaar of ouder;2008;2389817;1033540;1356277
6390;65 jaar of ouder;2009;2435238;1061586;1373652
6391;65 jaar of ouder;2010;2487258;1092597;1394661
6392;65 jaar of ouder;2011;2529329;1118451;1410878
6393;65 jaar of ouder;2012;2633601;1175417;1458184
6394;65 jaar of ouder;2013;2727440;1226223;1501217
6395;65 jaar of ouder;2014;2807004;1269972;1537032
6396;65 jaar of ouder;2015;2877272;1308560;1568712
6397;65 jaar of ouder;2016;2941975;1343825;1598150
6398;65 jaar of ouder;2017;3002805;1376842;1625963
6399;65 jaar of ouder;2018;3067550;1411208;1656342
6400;65 jaar of ouder;2019;3128817;1443349;1685468
6401;65 jaar of ouder;2020;3189830;1474943;1714887
6402;65 jaar of ouder;2021;3250507;1505483;1745024
6403;65 jaar of ouder;2022;3312773;1537040;1775733
6404;65 jaar of ouder;2023;3375213;1568087;1807126
6405;65 jaar of ouder;2024;3438215;1599093;1839122
6406;65 jaar of ouder;2025;3503710;1630978;1872732
6407;65 jaar of ouder;2026;3566771;1661614;1905157
6408;65 jaar of ouder;2027;3632357;1693064;1939293
6409;65 jaar of ouder;2028;3695819;1723306;1972513
6410;65 jaar of ouder;2029;3759746;1754078;2005668
6411;65 jaar of ouder;2030;3822882;1784186;2038696
6412;65 jaar of ouder;2031;3878423;1810614;2067809
6413;65 jaar of ouder;2032;3926546;1832987;2093559
6414;65 jaar of ouder;2033;3969861;1852932;2116929
6415;65 jaar of ouder;2034;4011456;1871686;2139770
6416;65 jaar of ouder;2035;4059500;1893725;2165775
6417;65 jaar of ouder;2036;4098665;1911126;2187539
6418;65 jaar of ouder;2037;4125943;1922720;2203223
6419;65 jaar of ouder;2038;4140714;1927618;2213096
6420;65 jaar of ouder;2039;4138163;1924185;2213978
6421;65 jaar of ouder;2040;4127281;1917028;2210253
6422;65 jaar of ouder;2041;4107709;1905684;2202025
6423;65 jaar of ouder;2042;4085768;1893703;2192065
6424;65 jaar of ouder;2043;4060895;1879984;2180911
6425;65 jaar of ouder;2044;4037100;1866904;2170196
6426;65 jaar of ouder;2045;4012005;1853275;2158730
6427;65 jaar of ouder;2046;3991469;1842155;2149314
6428;65 jaar of ouder;2047;3968593;1829749;2138844
6429;65 jaar of ouder;2048;3941330;1815678;2125652
6430;65 jaar of ouder;2049;3912929;1801186;2111743
6431;65 jaar of ouder;2050;3888477;1789048;2099429
