ID;SoortMisdrijf;Perioden;TotaalGeregistreerd_1;TotaalOpgehelderd_2;TotaalGehoordeVerdachten_3;TotaalMannen_4;MeerderjarigeMannen_5;MinderjarigeMannen_6;TotaalVrouwen_7;MeerderjarigeVrouwen_8;MinderjarigeVrouwen_9;TotaalGeregistreerd_10;TotaalOpgehelderd_11;TotaalGehoordeVerdachten_12;TotaalMannen_13;MeerderjarigeMannen_14;MinderjarigeMannen_15;TotaalVrouwen_16;MeerderjarigeVrouwen_17;MinderjarigeVrouwen_18
0;0;1999;1303446;210236;279320;246619;204954;41665;32701;26021;6680;10098;1629;2164;3830;3490;7364;505;439;1235
1;0;2000;1328909;206771;282215;249547;208239;41308;32668;26331;6337;10230;1592;2172;3850;3524;7213;502;442;1161
2;0;2001;1379454;233102;294424;259238;219340;39898;35186;27757;7429;10551;1783;2252;3972;3690;6857;537;463;1339
3;0;2002;1401871;255983;319310;279658;236328;43330;39652;31838;7814;10654;1945;2427;4256;3952;7324;602;529;1383
4;0;2003;1369271;279986;345985;302041;255218;46823;43944;35375;8569;10346;2115;2614;4569;4249;7752;663;585;1487
5;0;2004;1319482;288796;360853;314762;262258;52504;46091;36986;9105;9928;2173;2715;4742;4352;8591;693;609;1560
6;0;2005;1255079;278611;349620;302140;248000;54140;47480;36590;10890;9412;2089;2622;4539;4104;8815;711;601;1859
7;0;2006;1218447;278566;358349;307636;249528;58108;50713;38432;12281;9115;2084;2681;4611;4119;9456;757;629;2091
8;0;2007;1214503;275880;353971;301825;245838;55987;52146;39236;12910;9065;2059;2642;4514;4050;9086;777;641;2193
9;Wetboek van Strafrecht totaal;1999;1159539;146945;206437;180254;140792;39462;26183;19695;6488;8983;1138;1599;2800;2397;6975;405;332;1199
10;Wetboek van Strafrecht totaal;2000;1183623;142410;207035;180989;141731;39258;26046;19820;6226;9111;1096;1594;2793;2399;6855;400;332;1140
11;Wetboek van Strafrecht totaal;2001;1223521;158545;210232;182542;144869;37673;27690;20424;7266;9358;1213;1608;2797;2437;6474;423;341;1310
12;Wetboek van Strafrecht totaal;2002;1238590;173017;229872;198819;157960;40859;31053;23417;7636;9413;1315;1747;3025;2641;6906;471;389;1351
13;Wetboek van Strafrecht totaal;2003;1189602;184481;244494;211045;166893;44152;33449;25092;8357;8988;1394;1847;3192;2778;7309;505;415;1450
14;Wetboek van Strafrecht totaal;2004;1139473;191690;255967;221247;171686;49561;34720;25857;8863;8573;1442;1926;3333;2849;8109;522;426;1519
15;Wetboek van Strafrecht totaal;2005;1076475;181302;244177;208652;157884;50768;35525;24990;10535;8073;1360;1831;3134;2613;8266;532;410;1799
16;Wetboek van Strafrecht totaal;2006;1039192;179301;249697;211413;156907;54506;38284;26394;11890;7774;1341;1868;3169;2590;8870;572;432;2025
17;Wetboek van Strafrecht totaal;2007;1031967;176494;245946;206373;154282;52091;39573;27041;12532;7703;1317;1836;3086;2542;8454;590;442;2129
18;Geweldsmisdrijven totaal;1999;87132;38821;51716;47441;39026;8415;4275;2881;1394;675;301;401;737;665;1487;66;49;258
19;Geweldsmisdrijven totaal;2000;91738;39554;53899;49528;40860;8668;4371;3140;1231;706;304;415;764;692;1514;67;53;225
20;Geweldsmisdrijven totaal;2001;101320;45178;56811;51812;42804;9008;4999;3386;1613;775;346;435;794;720;1548;76;56;291
21;Geweldsmisdrijven totaal;2002;104336;50016;61481;55786;46450;9336;5695;3998;1697;793;380;467;849;777;1578;86;66;300
22;Geweldsmisdrijven totaal;2003;106410;55892;66655;60327;50664;9663;6328;4646;1682;804;422;504;913;843;1600;96;77;292
23;Geweldsmisdrijven totaal;2004;109887;62587;75255;67584;56222;11362;7671;5739;1932;827;471;566;1018;933;1859;115;95;331
24;Geweldsmisdrijven totaal;2005;110509;65072;78275;69654;57588;12066;8621;6246;2375;829;488;587;1046;953;1965;129;103;405
25;Geweldsmisdrijven totaal;2006;109154;65231;80529;71158;58621;12537;9371;6831;2540;817;488;602;1067;968;2040;140;112;433
26;Geweldsmisdrijven totaal;2007;111888;66323;83362;73330;60167;13163;10032;7385;2647;835;495;622;1097;991;2136;149;121;450
27;Verkrachting;1999;1805;974;1175;1151;966;185;24;22;2;14;8;9;18;16;33;0;0;0
28;Verkrachting;2000;1672;862;1035;1018;854;164;17;13;4;13;7;8;16;14;29;0;0;1
29;Verkrachting;2001;1719;932;1054;1036;834;202;18;13;5;13;7;8;16;14;35;0;0;1
30;Verkrachting;2002;1600;917;1041;1017;857;160;24;15;9;12;7;8;15;14;27;0;0;2
31;Verkrachting;2003;1477;911;1054;1035;845;190;19;14;5;11;7;8;16;14;31;0;0;1
32;Verkrachting;2004;1578;973;1184;1154;889;265;30;22;8;12;7;9;17;15;43;0;0;1
33;Verkrachting;2005;1540;986;1165;1135;869;266;30;18;12;12;7;9;17;14;43;0;0;2
34;Verkrachting;2006;1434;859;976;949;781;168;27;23;4;11;6;7;14;13;27;0;0;1
35;Verkrachting;2007;1267;759;904;887;734;153;17;14;3;9;6;7;13;12;25;0;0;1
36;Feitelijke aanranding der eerbaarheid;1999;2977;1189;1441;1427;908;519;14;9;5;23;9;11;22;15;92;0;0;1
37;Feitelijke aanranding der eerbaarheid;2000;2918;1189;1431;1414;906;508;17;10;7;22;9;11;22;15;89;0;0;1
38;Feitelijke aanranding der eerbaarheid;2001;2847;1125;1307;1299;887;412;8;5;3;22;9;10;20;15;71;0;0;1
39;Feitelijke aanranding der eerbaarheid;2002;2584;1159;1329;1312;867;445;17;6;11;20;9;10;20;14;75;0;0;2
40;Feitelijke aanranding der eerbaarheid;2003;2724;1275;1478;1469;990;479;9;6;3;21;10;11;22;16;79;0;0;1
41;Feitelijke aanranding der eerbaarheid;2004;2513;1229;1418;1407;912;495;11;9;2;19;9;11;21;15;81;0;0;0
42;Feitelijke aanranding der eerbaarheid;2005;2560;1275;1411;1395;952;443;16;9;7;19;10;11;21;16;72;0;0;1
43;Feitelijke aanranding der eerbaarheid;2006;2432;1219;1364;1350;966;384;14;12;2;18;9;10;20;16;62;0;0;0
44;Feitelijke aanranding der eerbaarheid;2007;2192;1045;1214;1195;845;350;19;11;8;16;8;9;18;14;57;0;0;1
45;Overige seksuele misdrijven;1999;2534;1405;1540;1503;1308;195;37;32;5;20;11;12;23;22;34;1;1;1
46;Overige seksuele misdrijven;2000;2545;1430;1594;1558;1348;210;36;29;7;20;11;12;24;23;37;1;0;1
47;Overige seksuele misdrijven;2001;2483;1352;1444;1394;1208;186;50;38;12;19;10;11;21;20;32;1;1;2
48;Overige seksuele misdrijven;2002;2116;1185;1259;1220;1052;168;39;32;7;16;9;10;19;18;28;1;1;1
49;Overige seksuele misdrijven;2003;2134;1231;1308;1269;1079;190;39;33;6;16;9;10;19;18;31;1;1;1
50;Overige seksuele misdrijven;2004;2087;1279;1377;1314;1084;230;63;45;18;16;10;10;20;18;38;1;1;3
51;Overige seksuele misdrijven;2005;2084;1211;1326;1287;1011;276;39;34;5;16;9;10;19;17;45;1;1;1
52;Overige seksuele misdrijven;2006;2137;1221;1348;1285;1085;200;63;48;15;16;9;10;19;18;33;1;1;3
53;Overige seksuele misdrijven;2007;1971;1020;1101;1058;891;167;43;37;6;15;8;8;16;15;27;1;1;1
54;Tegen het leven en persoon;1999;18607;9221;11548;10783;9596;1187;765;628;137;144;71;89;167;163;210;12;11;25
55;Tegen het leven en persoon;2000;20271;9720;12261;11392;10156;1236;869;712;157;156;75;94;176;172;216;13;12;29
56;Tegen het leven en persoon;2001;23627;11900;13524;12554;11260;1294;970;800;170;181;91;103;192;189;222;15;13;31
57;Tegen het leven en persoon;2002;26049;13732;15566;14351;12833;1518;1215;1002;213;198;104;118;218;215;257;18;17;38
58;Tegen het leven en persoon;2003;28090;16308;17400;16042;14340;1702;1358;1112;246;212;123;131;243;239;282;21;18;43
59;Tegen het leven en persoon;2004;32139;19756;21418;19461;17230;2231;1957;1590;367;242;149;161;293;286;365;29;26;63
60;Tegen het leven en persoon;2005;31969;19632;21154;19115;16828;2287;2039;1644;395;240;147;159;287;278;372;31;27;67
61;Tegen het leven en persoon;2006;31004;18830;20908;18764;16458;2306;2144;1711;433;232;141;156;281;272;375;32;28;74
62;Tegen het leven en persoon;2007;31999;19137;21539;19336;16904;2432;2203;1761;442;239;143;161;289;278;395;33;29;75
63;Mishandeling;1999;42451;21660;28577;25586;21545;4041;2991;1882;1109;329;168;221;397;367;714;46;32;205
64;Mishandeling;2000;44340;22318;29883;26923;22751;4172;2960;2038;922;341;172;230;415;385;729;45;34;169
65;Mishandeling;2001;48641;25662;32522;29049;24335;4714;3473;2200;1273;372;196;249;445;409;810;53;37;230
66;Mishandeling;2002;50565;28091;34051;30281;25552;4729;3770;2487;1283;384;213;259;461;427;799;57;41;227
67;Mishandeling;2003;51238;31185;36959;32646;27925;4721;4313;3056;1257;387;236;279;494;465;782;65;51;218
68;Mishandeling;2004;53081;34163;41260;36322;30745;5577;4938;3580;1358;399;257;310;547;510;913;74;59;233
69;Mishandeling;2005;56107;37279;45510;39597;33084;6513;5913;4081;1832;421;280;341;595;547;1060;89;67;313
70;Mishandeling;2006;57651;39041;48748;42249;35093;7156;6499;4593;1906;431;292;365;633;579;1164;97;75;325
71;Mishandeling;2007;60711;40599;51668;44513;36594;7919;7155;5116;2039;453;303;386;666;603;1285;107;84;346
72;Diefstal met geweld;1999;17685;4011;6798;6387;4307;2080;411;279;132;137;31;53;99;73;368;6;5;24
73;Diefstal met geweld;2000;19004;3729;7187;6745;4534;2211;442;315;127;146;29;55;104;77;386;7;5;23
74;Diefstal met geweld;2001;21174;3914;6491;6050;4001;2049;441;307;134;162;30;50;93;67;352;7;5;24
75;Diefstal met geweld;2002;20647;4623;7794;7197;4999;2198;597;429;168;157;35;59;110;84;372;9;7;30
76;Diefstal met geweld;2003;20018;4662;7952;7402;5165;2237;550;397;153;151;35;60;112;86;370;8;7;27
77;Diefstal met geweld;2004;17683;4831;7982;7355;4929;2426;627;461;166;133;36;60;111;82;397;9;8;28
78;Diefstal met geweld;2005;15463;4309;7107;6564;4436;2128;543;428;115;116;32;53;99;73;346;8;7;20
79;Diefstal met geweld;2006;13716;3726;6640;6075;3884;2191;565;398;167;103;28;50;91;64;357;8;7;28
80;Diefstal met geweld;2007;13082;3460;6462;5908;3894;2014;554;410;144;98;26;48;88;64;327;8;7;24
81;Afpersing;1999;1073;361;637;604;396;208;33;29;4;8;3;5;9;7;37;1;0;1
82;Afpersing;2000;988;306;508;478;311;167;30;23;7;8;2;4;7;5;29;0;0;1
83;Afpersing;2001;829;293;469;430;279;151;39;23;16;6;2;4;7;5;26;1;0;3
84;Afpersing;2002;775;309;441;408;290;118;33;27;6;6;2;3;6;5;20;1;0;1
85;Afpersing;2003;729;320;504;464;320;144;40;28;12;6;2;4;7;5;24;1;0;2
86;Afpersing;2004;806;356;616;571;433;138;45;32;13;6;3;5;9;7;23;1;1;2
87;Afpersing;2005;786;380;602;561;408;153;41;32;9;6;3;5;8;7;25;1;1;2
88;Afpersing;2006;780;335;545;486;354;132;59;46;13;6;3;4;7;6;21;1;1;2
89;Afpersing;2007;666;303;474;433;305;128;41;36;5;5;2;4;6;5;21;1;1;1
90;Vermogensmisdrijven totaal;1999;877480;81662;115024;96028;75633;20395;18996;14647;4349;6798;633;891;1491;1288;3605;294;247;804
91;Vermogensmisdrijven totaal;2000;895510;75187;111652;93186;73225;19961;18466;14321;4145;6893;579;859;1438;1239;3486;284;240;759
92;Vermogensmisdrijven totaal;2001;921842;81910;109588;90594;72559;18035;18994;14183;4811;7051;626;838;1388;1221;3099;290;237;867
93;Vermogensmisdrijven totaal;2002;927632;86676;116386;95690;77758;17932;20696;16093;4603;7050;659;884;1456;1300;3031;314;267;814
94;Vermogensmisdrijven totaal;2003;880107;88661;119999;98656;79529;19127;21343;16399;4944;6650;670;907;1492;1324;3166;322;271;858
95;Vermogensmisdrijven totaal;2004;815460;85546;116783;96037;75151;20886;20746;15560;5186;6136;644;879;1447;1247;3417;312;256;889
96;Vermogensmisdrijven totaal;2005;743598;74463;103518;83288;62949;20339;20230;14241;5989;5577;558;776;1251;1042;3311;303;234;1022
97;Vermogensmisdrijven totaal;2006;703280;71271;102364;80645;59713;20932;21719;14685;7034;5261;533;766;1209;986;3406;324;240;1198
98;Vermogensmisdrijven totaal;2007;684241;67740;95655;73575;55495;18080;22080;14747;7333;5107;506;714;1100;914;2934;329;241;1245
99;Valsheidsmisdrijven;1999;7658;2376;3614;2804;2563;241;810;773;37;59;18;28;44;44;43;13;13;7
100;Valsheidsmisdrijven;2000;7017;1786;3417;2652;2378;274;765;714;51;54;14;26;41;40;48;12;12;9
101;Valsheidsmisdrijven;2001;8903;3743;4763;3670;3314;356;1093;1030;63;68;29;36;56;56;61;17;17;11
102;Valsheidsmisdrijven;2002;8653;4218;5176;3926;3689;237;1250;1164;86;66;32;39;60;62;40;19;19;15
103;Valsheidsmisdrijven;2003;9813;4255;5083;3843;3580;263;1240;1160;80;74;32;38;58;60;44;19;19;14
104;Valsheidsmisdrijven;2004;8733;3903;4625;3528;3295;233;1097;1019;78;66;29;35;53;55;38;16;17;13
105;Valsheidsmisdrijven;2005;5065;1378;1883;1441;1331;110;442;407;35;38;10;14;22;22;18;7;7;6
106;Valsheidsmisdrijven;2006;4830;1307;1968;1465;1336;129;503;471;32;36;10;15;22;22;21;8;8;5
107;Valsheidsmisdrijven;2007;5659;1120;1732;1330;1215;115;402;367;35;42;8;13;20;20;19;6;6;6
108;Eenvoudige diefstal;1999;366103;40972;53105;40005;32527;7478;13100;9920;3180;2836;317;411;621;554;1322;202;167;588
109;Eenvoudige diefstal;2000;364876;37051;50537;37778;30391;7387;12759;9767;2992;2809;285;389;583;514;1290;196;164;548
110;Eenvoudige diefstal;2001;368698;39660;49425;36030;29124;6906;13395;9670;3725;2820;303;378;552;490;1187;205;161;672
111;Eenvoudige diefstal;2002;370054;41574;51790;37262;30911;6351;14528;10931;3597;2812;316;394;567;517;1073;221;182;636
112;Eenvoudige diefstal;2003;367012;43000;53941;39272;32135;7137;14669;10831;3838;2773;325;408;594;535;1182;221;179;666
113;Eenvoudige diefstal;2004;333963;40390;51969;37766;29849;7917;14203;10034;4169;2513;304;391;569;495;1295;213;165;714
114;Eenvoudige diefstal;2005;315633;35992;47344;33122;25014;8108;14222;9442;4780;2367;270;355;498;414;1320;213;155;816
115;Eenvoudige diefstal;2006;293930;34369;47424;32084;23623;8461;15340;9439;5901;2199;257;355;481;390;1377;229;155;1005
116;Eenvoudige diefstal;2007;302621;34446;46268;30524;22837;7687;15744;9594;6150;2259;257;345;457;376;1247;235;157;1045
117;Gekwalificeerde diefstal;1999;482359;30120;47524;44332;32619;11713;3192;2296;896;3737;233;368;689;555;2070;49;39;166
118;Gekwalificeerde diefstal;2000;500944;28200;46739;43577;32244;11333;3162;2316;846;3856;217;360;672;546;1979;49;39;155
119;Gekwalificeerde diefstal;2001;519146;28606;43503;40931;31226;9705;2572;1864;708;3971;219;333;627;525;1668;39;31;128
120;Gekwalificeerde diefstal;2002;522988;30878;47488;44533;34230;10303;2955;2331;624;3974;235;361;678;572;1741;45;39;110
121;Gekwalificeerde diefstal;2003;475221;29964;45724;42786;32412;10374;2938;2219;719;3591;226;345;647;540;1717;44;37;125
122;Gekwalificeerde diefstal;2004;443599;29358;45855;42952;31611;11341;2903;2218;685;3338;221;345;647;525;1856;44;37;117
123;Gekwalificeerde diefstal;2005;393164;25001;39729;36882;26438;10444;2847;2018;829;2949;187;298;554;437;1700;43;33;142
124;Gekwalificeerde diefstal;2006;372143;22641;37196;34457;23944;10513;2739;2008;731;2784;169;278;516;395;1711;41;33;124
125;Gekwalificeerde diefstal;2007;340020;19402;31743;29107;20700;8407;2636;1944;692;2538;145;237;435;341;1364;39;32;118
126;Verduistering;1999;7802;2785;3349;2641;2365;276;708;556;152;60;22;26;41;40;49;11;9;28
127;Verduistering;2000;7850;2734;3248;2486;2197;289;762;601;161;60;21;25;38;37;50;12;10;29
128;Verduistering;2001;8564;3233;3317;2544;2279;265;773;606;167;66;25;25;39;38;46;12;10;30
129;Verduistering;2002;8607;3505;3711;2801;2508;293;910;713;197;65;27;28;43;42;50;14;12;35
130;Verduistering;2003;9143;3782;4027;2979;2638;341;1048;859;189;69;29;30;45;44;56;16;14;33
131;Verduistering;2004;8714;3640;3831;2842;2588;254;989;836;153;66;27;29;43;43;42;15;14;26
132;Verduistering;2005;7953;3537;3830;2794;2533;261;1036;863;173;60;27;29;42;42;42;16;14;30
133;Verduistering;2006;7750;3563;3854;2794;2495;299;1060;895;165;58;27;29;42;41;49;16;15;28
134;Verduistering;2007;8101;3676;4013;2897;2581;316;1116;867;249;60;27;30;43;43;51;17;14;42
135;Bedrog;1999;11641;3826;4821;3881;3605;276;940;891;49;90;30;37;60;61;49;15;15;9
136;Bedrog;2000;12742;3672;4875;4067;3835;232;808;736;72;98;28;38;63;65;41;12;12;13
137;Bedrog;2001;13808;4227;5098;4305;4073;232;793;719;74;106;32;39;66;69;40;12;12;13
138;Bedrog;2002;14597;3884;4709;4005;3792;213;704;648;56;111;30;36;61;63;36;11;11;10
139;Bedrog;2003;15870;4779;7102;6093;5841;252;1009;952;57;120;36;54;92;97;42;15;16;10
140;Bedrog;2004;16883;4847;5860;4773;4513;260;1087;1028;59;127;36;44;72;75;43;16;17;10
141;Bedrog;2005;17846;4778;5674;4499;4148;351;1175;1067;108;134;36;43;68;69;57;18;18;18
142;Bedrog;2006;20296;5235;6187;4813;4531;282;1374;1261;113;152;39;46;72;75;46;21;21;19
143;Bedrog;2007;23779;5195;6449;4973;4650;323;1476;1384;92;177;39;48;74;77;52;22;23;16
144;Heling en schuldheling;1999;1917;1583;2611;2365;1954;411;246;211;35;15;12;20;37;33;73;4;4;6
145;Heling en schuldheling;2000;2081;1744;2836;2626;2180;446;210;187;23;16;13;22;41;37;78;3;3;4
146;Heling en schuldheling;2001;2723;2441;3482;3114;2543;571;368;294;74;21;19;27;48;43;98;6;5;13
147;Heling en schuldheling;2002;2733;2617;3512;3163;2628;535;349;306;43;21;20;27;48;44;90;5;5;8
148;Heling en schuldheling;2003;3048;2881;4122;3683;2923;760;439;378;61;23;22;31;56;49;126;7;6;11
149;Heling en schuldheling;2004;3568;3408;4643;4176;3295;881;467;425;42;27;26;35;63;55;144;7;7;7
150;Heling en schuldheling;2005;3937;3777;5058;4550;3485;1065;508;444;64;30;28;38;68;58;173;8;7;11
151;Heling en schuldheling;2006;4331;4156;5735;5032;3784;1248;703;611;92;32;31;43;75;62;203;10;10;16
152;Heling en schuldheling;2007;4061;3901;5450;4744;3512;1232;706;591;115;30;29;41;71;58;200;11;10;20
153;Vernieling en openbare orde totaal;1999;189010;22465;35200;32745;22458;10287;2455;1769;686;1464;174;273;509;382;1818;38;30;127
154;Vernieling en openbare orde totaal;2000;190024;23139;36067;33431;23221;10210;2636;1854;782;1463;178;278;516;393;1783;40;31;143
155;Vernieling en openbare orde totaal;2001;193129;26114;37867;34826;24671;10155;3041;2269;772;1477;200;290;534;415;1745;46;38;139
156;Vernieling en openbare orde totaal;2002;197513;29828;44912;41130;28116;13014;3782;2568;1214;1501;227;341;626;470;2200;57;43;215
157;Vernieling en openbare orde totaal;2003;192514;32091;49115;44365;29741;14624;4750;3185;1565;1455;242;371;671;495;2421;72;53;272
158;Vernieling en openbare orde totaal;2004;202999;35093;54472;49383;32861;16522;5089;3533;1556;1527;264;410;744;545;2703;76;58;267
159;Vernieling en openbare orde totaal;2005;211414;33665;53227;47815;30392;17423;5412;3445;1967;1585;252;399;718;503;2837;81;57;336
160;Vernieling en openbare orde totaal;2006;215225;34454;57273;51559;31416;20143;5714;3631;2083;1610;258;428;773;519;3278;85;59;355
161;Vernieling en openbare orde totaal;2007;223430;33923;57315;51350;31627;19723;5965;3682;2283;1668;253;428;768;521;3201;89;60;388
162;Tegen de openbare orde;1999;4525;2414;5161;4599;3058;1541;562;295;267;35;19;40;71;52;272;9;5;49
163;Tegen de openbare orde;2000;4813;2683;5951;5265;3670;1595;686;296;390;37;21;46;81;62;279;11;5;71
164;Tegen de openbare orde;2001;5907;3904;7434;6659;4891;1768;775;445;330;45;30;57;102;82;304;12;7;60
165;Tegen de openbare orde;2002;10462;6330;12972;11520;8310;3210;1452;770;682;80;48;99;175;139;543;22;13;121
166;Tegen de openbare orde;2003;12539;7911;16158;14371;9727;4644;1787;930;857;95;60;122;217;162;769;27;15;149
167;Tegen de openbare orde;2004;13451;8502;18766;16806;11128;5678;1960;1094;866;101;64;141;253;185;929;29;18;148
168;Tegen de openbare orde;2005;12256;7358;16754;14684;9125;5559;2070;1033;1037;92;55;126;221;151;905;31;17;177
169;Tegen de openbare orde;2006;12494;7672;18473;16176;10144;6032;2297;1146;1151;93;57;138;242;167;982;34;19;196
170;Tegen de openbare orde;2007;12986;7603;18512;15978;10131;5847;2534;1275;1259;97;57;138;239;167;949;38;21;214
171;Discriminatie;1999;429;147;194;177;165;12;17;15;2;3;1;2;3;3;2;0;0;0
172;Discriminatie;2000;386;115;177;161;138;23;16;16;0;3;1;1;2;2;4;0;0;0
173;Discriminatie;2001;575;202;248;208;165;43;40;33;7;4;2;2;3;3;7;1;1;1
174;Discriminatie;2002;473;189;269;220;171;49;49;25;24;4;1;2;3;3;8;1;0;4
175;Discriminatie;2003;396;169;227;194;137;57;33;29;4;3;1;2;3;2;9;0;0;1
176;Discriminatie;2004;507;225;320;235;145;90;85;32;53;4;2;2;4;2;15;1;1;9
177;Discriminatie;2005;535;225;313;269;162;107;44;21;23;4;2;2;4;3;17;1;0;4
178;Discriminatie;2006;525;210;254;204;129;75;50;30;20;4;2;2;3;2;12;1;0;3
179;Discriminatie;2007;520;214;257;220;137;83;37;24;13;4;2;2;3;2;13;1;0;2
180;Gemeengevaarlijke misdrijven;1999;8424;1514;2652;2471;1426;1045;181;145;36;65;12;21;38;24;185;3;2;7
181;Gemeengevaarlijke misdrijven;2000;8679;1352;2389;2218;1246;972;171;136;35;67;10;18;34;21;170;3;2;6
182;Gemeengevaarlijke misdrijven;2001;8739;1569;2554;2377;1437;940;177;120;57;67;12;20;36;24;162;3;2;10
183;Gemeengevaarlijke misdrijven;2002;8269;1497;2583;2353;1310;1043;230;170;60;63;11;20;36;22;176;3;3;11
184;Gemeengevaarlijke misdrijven;2003;9326;1769;2986;2723;1434;1289;263;206;57;70;13;23;41;24;213;4;3;10
185;Gemeengevaarlijke misdrijven;2004;9021;1772;2979;2765;1470;1295;214;154;60;68;13;22;42;24;212;3;3;10
186;Gemeengevaarlijke misdrijven;2005;8889;1648;3097;2850;1226;1624;247;158;89;67;12;23;43;20;264;4;3;15
187;Gemeengevaarlijke misdrijven;2006;8878;1604;3191;2904;1083;1821;287;149;138;66;12;24;44;18;296;4;2;23
188;Gemeengevaarlijke misdrijven;2007;8849;1590;3067;2841;1236;1605;226;114;112;66;12;23;42;20;260;3;2;19
189;Tegen het openbaar gezag;1999;2757;2229;3139;2866;2672;194;273;239;34;21;17;24;45;45;34;4;4;6
190;Tegen het openbaar gezag;2000;3401;2824;3637;3316;3063;253;321;299;22;26;22;28;51;52;44;5;5;4
191;Tegen het openbaar gezag;2001;3509;3205;3626;3248;2990;258;378;357;21;27;25;28;50;50;44;6;6;4
192;Tegen het openbaar gezag;2002;3756;3587;3979;3628;3352;276;351;320;31;29;27;30;55;56;47;5;5;5
193;Tegen het openbaar gezag;2003;4592;4388;4890;4276;3918;358;614;577;37;35;33;37;65;65;59;9;10;6
194;Tegen het openbaar gezag;2004;5528;5296;5833;5070;4677;393;763;719;44;42;40;44;76;78;64;11;12;8
195;Tegen het openbaar gezag;2005;4920;4742;5327;4643;4273;370;684;633;51;37;36;40;70;71;60;10;10;9
196;Tegen het openbaar gezag;2006;4893;4707;5258;4617;4135;482;641;558;83;37;35;39;69;68;78;10;9;14
197;Tegen het openbaar gezag;2007;4733;4547;5124;4619;4097;522;505;451;54;35;34;38;69;67;85;8;7;9
198;Schennis der eerbaarheid;1999;2340;829;906;897;828;69;9;8;1;18;6;7;14;14;12;0;0;0
199;Schennis der eerbaarheid;2000;2442;894;997;981;893;88;16;15;1;19;7;8;15;15;15;0;0;0
200;Schennis der eerbaarheid;2001;2202;859;918;918;848;70;0;0;0;17;7;7;14;14;12;0;0;0
201;Schennis der eerbaarheid;2002;2191;879;953;940;859;81;13;12;1;17;7;7;14;14;14;0;0;0
202;Schennis der eerbaarheid;2003;2435;947;1000;986;932;54;14;14;0;18;7;8;15;16;9;0;0;0
203;Schennis der eerbaarheid;2004;2323;992;1058;1044;977;67;14;14;0;17;7;8;16;16;11;0;0;0
204;Schennis der eerbaarheid;2005;2129;875;911;907;834;73;4;4;0;16;7;7;14;14;12;0;0;0
205;Schennis der eerbaarheid;2006;2081;897;967;951;882;69;16;15;1;16;7;7;14;15;11;0;0;0
206;Schennis der eerbaarheid;2007;1854;731;799;789;732;57;10;9;1;14;5;6;12;12;9;0;0;0
207;Vernieling;1999;170535;15332;23148;21735;14309;7426;1413;1067;346;1321;119;179;338;244;1313;22;18;64
208;Vernieling;2000;170303;15271;22916;21490;14211;7279;1426;1092;334;1311;118;176;332;241;1271;22;18;61
209;Vernieling;2001;172197;16375;23087;21416;14340;7076;1671;1314;357;1317;125;177;328;241;1216;26;22;64
210;Vernieling;2002;172362;17346;24156;22469;14114;8355;1687;1271;416;1310;132;184;342;236;1412;26;21;74
211;Vernieling;2003;163226;16907;23854;21815;13593;8222;2039;1429;610;1233;128;180;330;226;1361;31;24;106
212;Vernieling;2004;172169;18306;25516;23463;14464;8999;2053;1520;533;1295;138;192;354;240;1472;31;25;91
213;Vernieling;2005;182685;18817;26825;24462;14772;9690;2363;1596;767;1370;141;201;367;244;1578;35;26;131
214;Vernieling;2006;186354;19364;29130;26707;15043;11664;2423;1733;690;1394;145;218;400;248;1898;36;28;117
215;Vernieling;2007;194488;19238;29556;26903;15294;11609;2653;1809;844;1452;144;221;402;252;1884;40;30;143
216;Overige misdrijven Wetboek v. Strafrecht;1999;5917;3997;4497;4040;3675;365;457;398;59;46;31;35;63;63;65;7;7;11
217;Overige misdrijven Wetboek v. Strafrecht;2000;6351;4530;5417;4844;4425;419;573;505;68;49;35;42;75;75;73;9;8;12
218;Overige misdrijven Wetboek v. Strafrecht;2001;7230;5343;5966;5310;4835;475;656;586;70;55;41;46;81;81;82;10;10;13
219;Overige misdrijven Wetboek v. Strafrecht;2002;9109;6497;7093;6213;5636;577;880;758;122;69;49;54;95;94;98;13;13;22
220;Overige misdrijven Wetboek v. Strafrecht;2003;10571;7837;8725;7697;6959;738;1028;862;166;80;59;66;116;116;122;16;14;29
221;Overige misdrijven Wetboek v. Strafrecht;2004;11127;8464;9457;8243;7452;791;1214;1025;189;84;64;71;124;124;129;18;17;32
222;Overige misdrijven Wetboek v. Strafrecht;2005;10954;8102;9157;7895;6955;940;1262;1058;204;82;61;69;119;115;153;19;17;35
223;Overige misdrijven Wetboek v. Strafrecht;2006;11533;8345;9531;8051;7157;894;1480;1247;233;86;62;71;121;118;145;22;20;40
224;Overige misdrijven Wetboek v. Strafrecht;2007;12408;8508;9614;8118;6993;1125;1496;1227;269;93;64;72;121;115;183;22;20;46
225;Wegenverkeerswet totaal;1999;128734;51544;53406;48817;47825;992;4589;4529;60;997;399;414;758;814;175;71;76;11
226;Wegenverkeerswet totaal;2000;131139;53426;56873;52112;51122;990;4761;4717;44;1009;411;438;804;865;173;73;79;8
227;Wegenverkeerswet totaal;2001;138254;59110;63287;57997;56949;1048;5290;5224;66;1057;452;484;889;958;180;81;87;12
228;Wegenverkeerswet totaal;2002;142483;63762;63779;58078;57083;995;5701;5646;55;1083;485;485;884;955;168;87;94;10
229;Wegenverkeerswet totaal;2003;153614;71270;69941;63131;62053;1078;6810;6743;67;1161;538;528;955;1033;178;103;111;12
230;Wegenverkeerswet totaal;2004;153794;72635;71874;64455;63335;1120;7419;7329;90;1157;547;541;971;1051;183;112;121;15
231;Wegenverkeerswet totaal;2005;153230;73557;72864;65073;63634;1439;7791;7644;147;1149;552;546;977;1053;234;117;125;25
232;Wegenverkeerswet totaal;2006;153873;75517;75667;67466;65833;1633;8201;8058;143;1151;565;566;1011;1087;266;122;132;24
233;Wegenverkeerswet totaal;2007;157791;76431;76409;67847;65938;1909;8562;8364;198;1178;570;570;1015;1086;310;128;137;34
234;Rijden onder invloed;1999;41151;40772;41146;38139;37754;385;3007;2993;14;319;316;319;592;643;68;46;50;3
235;Rijden onder invloed;2000;43370;43039;44432;41110;40683;427;3322;3304;18;334;331;342;634;689;75;51;55;3
236;Rijden onder invloed;2001;47665;47497;50755;46940;46444;496;3815;3793;22;365;363;388;719;781;85;58;63;4
237;Rijden onder invloed;2002;52445;52210;52544;48273;47750;523;4271;4257;14;399;397;399;735;799;88;65;71;2
238;Rijden onder invloed;2003;57863;57705;57897;52747;52154;593;5150;5113;37;437;436;437;798;868;98;78;85;6
239;Rijden onder invloed;2004;58732;58292;58682;53229;52651;578;5453;5405;48;442;439;442;802;874;95;82;89;8
240;Rijden onder invloed;2005;59067;58973;59260;53591;52644;947;5669;5570;99;443;442;444;805;871;154;85;91;17
241;Rijden onder invloed;2006;61355;61035;61546;55612;54488;1124;5934;5833;101;459;457;460;834;900;183;89;95;17
242;Rijden onder invloed;2007;61622;61216;61790;55615;54318;1297;6175;6035;140;460;457;461;832;895;210;92;99;24
243;Doorrijden na ongeval;1999;83789;8324;9210;7868;7469;399;1342;1310;32;649;64;71;122;127;71;21;22;6
244;Doorrijden na ongeval;2000;84267;8165;8942;7691;7344;347;1251;1232;19;649;63;69;119;124;61;19;21;3
245;Doorrijden na ongeval;2001;86824;8613;8777;7519;7181;338;1258;1232;26;664;66;67;115;121;58;19;21;5
246;Doorrijden na ongeval;2002;87241;9211;8470;7194;6877;317;1276;1242;34;663;70;64;109;115;54;19;21;6
247;Doorrijden na ongeval;2003;91170;9586;8877;7381;7081;300;1496;1480;16;689;72;67;112;118;50;23;24;3
248;Doorrijden na ongeval;2004;90500;10368;9857;8094;7746;348;1763;1731;32;681;78;74;122;129;57;26;29;5
249;Doorrijden na ongeval;2005;89522;10517;9956;8036;7763;273;1920;1884;36;671;79;75;121;128;44;29;31;6
250;Doorrijden na ongeval;2006;87863;10409;10344;8296;7979;317;2048;2018;30;657;78;77;124;132;52;31;33;5
251;Doorrijden na ongeval;2007;90325;10511;10584;8432;8092;340;2152;2108;44;674;78;79;126;133;55;32;34;7
252;Overige misdrijven Wegenverkeerswet;1999;3794;2448;3050;2810;2602;208;240;226;14;29;19;24;44;44;37;4;4;3
253;Overige misdrijven Wegenverkeerswet;2000;3502;2222;3499;3311;3095;216;188;181;7;27;17;27;51;52;38;3;3;1
254;Overige misdrijven Wegenverkeerswet;2001;3765;3000;3755;3538;3324;214;217;199;18;29;23;29;54;56;37;3;3;3
255;Overige misdrijven Wegenverkeerswet;2002;2797;2341;2765;2611;2456;155;154;147;7;21;18;21;40;41;26;2;2;1
256;Overige misdrijven Wegenverkeerswet;2003;4581;3979;3167;3003;2818;185;164;150;14;35;30;24;45;47;31;2;2;2
257;Overige misdrijven Wegenverkeerswet;2004;4562;3975;3335;3132;2938;194;203;193;10;34;30;25;47;49;32;3;3;2
258;Overige misdrijven Wegenverkeerswet;2005;4641;4067;3648;3446;3227;219;202;190;12;35;31;27;52;53;36;3;3;2
259;Overige misdrijven Wegenverkeerswet;2006;4655;4073;3777;3558;3366;192;219;207;12;35;30;28;53;56;31;3;3;2
260;Overige misdrijven Wegenverkeerswet;2007;5844;4704;4035;3800;3528;272;235;221;14;44;35;30;57;58;44;4;4;2
261;Wet op de economische delicten;1999;3709;2094;2907;2700;2515;185;207;202;5;29;16;23;42;43;33;3;3;1
262;Wet op de economische delicten;2000;3528;1886;2780;2619;2447;172;161;152;9;27;15;21;40;41;30;2;3;2
263;Wet op de economische delicten;2001;3595;2507;2963;2797;2670;127;166;156;10;27;19;23;43;45;22;3;3;2
264;Wet op de economische delicten;2002;3610;2708;3289;3085;3021;64;204;204;0;27;21;25;47;51;11;3;3;0
265;Wet op de economische delicten;2003;3985;3162;3830;3638;3550;88;192;181;11;30;24;29;55;59;15;3;3;2
266;Wet op de economische delicten;2004;4195;3527;4282;4064;3918;146;218;206;12;32;27;32;61;65;24;3;3;2
267;Wet op de economische delicten;2005;3974;3258;4066;3844;3684;160;222;210;12;30;24;30;58;61;26;3;3;2
268;Wet op de economische delicten;2006;3210;2706;3441;3216;3007;209;225;186;39;24;20;26;48;50;34;3;3;7
269;Wet op de economische delicten;2007;3150;2526;3145;2946;2786;160;199;170;29;24;19;23;44;46;26;3;3;5
270;Milieuhygiënische wetten;1999;2886;1507;1918;1757;1705;52;161;158;3;22;12;15;27;29;9;2;3;1
271;Milieuhygiënische wetten;2000;2809;1320;1916;1795;1738;57;121;116;5;22;10;15;28;29;10;2;2;1
272;Milieuhygiënische wetten;2001;2923;1889;2118;1984;1961;23;134;125;9;22;14;16;30;33;4;2;2;2
273;Milieuhygiënische wetten;2002;3079;2220;2685;2498;2464;34;187;187;0;23;17;20;38;41;6;3;3;0
274;Milieuhygiënische wetten;2003;3268;2507;2990;2829;2767;62;161;150;11;25;19;23;43;46;10;2;2;2
275;Milieuhygiënische wetten;2004;3506;2868;3411;3223;3135;88;188;180;8;26;22;26;49;52;14;3;3;1
276;Milieuhygiënische wetten;2005;3127;2501;3104;2922;2819;103;182;170;12;23;19;23;44;47;17;3;3;2
277;Milieuhygiënische wetten;2006;2634;2186;2781;2592;2458;134;189;151;38;20;16;21;39;41;22;3;2;6
278;Milieuhygiënische wetten;2007;2592;2072;2559;2384;2251;133;175;146;29;19;15;19;36;37;22;3;2;5
279;Overige misdr. Wet  op de econ. delicten;1999;823;587;989;943;810;133;46;44;2;6;5;8;15;14;24;1;1;0
280;Overige misdr. Wet  op de econ. delicten;2000;719;566;864;824;709;115;40;36;4;6;4;7;13;12;20;1;1;1
281;Overige misdr. Wet  op de econ. delicten;2001;672;618;845;813;709;104;32;31;1;5;5;6;12;12;18;0;1;0
282;Overige misdr. Wet  op de econ. delicten;2002;531;488;604;587;557;30;17;17;0;4;4;5;9;9;5;0;0;0
283;Overige misdr. Wet  op de econ. delicten;2003;717;655;840;809;783;26;31;31;0;5;5;6;12;13;4;0;1;0
284;Overige misdr. Wet  op de econ. delicten;2004;689;659;871;841;783;58;30;26;4;5;5;7;13;13;9;0;0;1
285;Overige misdr. Wet  op de econ. delicten;2005;847;757;962;922;865;57;40;40;0;6;6;7;14;14;9;1;1;0
286;Overige misdr. Wet  op de econ. delicten;2006;576;520;660;624;549;75;36;35;1;4;4;5;9;9;12;1;1;0
287;Overige misdr. Wet  op de econ. delicten;2007;558;454;586;562;535;27;24;24;0;4;3;4;8;9;4;0;0;0
288;Opiumwet;1999;7613;6480;11490;10091;9767;324;1399;1304;95;59;50;89;157;166;57;22;22;18
289;Opiumwet;2000;7474;6448;11643;10230;9906;324;1413;1379;34;58;50;90;158;168;57;22;23;6
290;Opiumwet;2001;10380;9574;13661;11965;11561;404;1696;1633;63;79;73;104;183;194;69;26;27;11
291;Opiumwet;2002;12752;12278;17037;14752;14171;581;2285;2203;82;97;93;129;224;237;98;35;37;15
292;Opiumwet;2003;15633;15034;20877;17951;17321;630;2926;2824;102;118;114;158;272;288;104;44;47;18
293;Opiumwet;2004;15662;14994;22034;18905;18235;670;3129;3036;93;118;113;166;285;303;110;47;50;16
294;Opiumwet;2005;15305;14730;21793;18489;17773;716;3304;3163;141;115;110;163;278;294;117;49;52;24
295;Opiumwet;2006;16361;15548;23088;19659;18925;734;3429;3294;135;122;116;173;295;312;119;51;54;23
296;Opiumwet;2007;15657;14848;21794;18567;17819;748;3227;3124;103;117;111;163;278;294;121;48;51;17
297;Wet Wapens en Munitie;1999;3432;2832;4063;3803;3136;667;260;230;30;27;22;31;59;53;118;4;4;6
298;Wet Wapens en Munitie;2000;2966;2472;3693;3411;2861;550;282;258;24;23;19;28;53;48;96;4;4;4
299;Wet Wapens en Munitie;2001;3508;3231;4094;3764;3132;632;330;307;23;27;25;31;58;53;109;5;5;4
300;Wet Wapens en Munitie;2002;3941;3770;4830;4454;3638;816;376;337;39;30;29;37;68;61;138;6;6;7
301;Wet Wapens en Munitie;2003;5913;5584;6346;5807;4944;863;539;507;32;45;42;48;88;82;143;8;8;6
302;Wet Wapens en Munitie;2004;6124;5731;6455;5866;4879;987;589;544;45;46;43;49;88;81;161;9;9;8
303;Wet Wapens en Munitie;2005;5804;5491;6407;5799;4760;1039;608;556;52;44;41;48;87;79;169;9;9;9
304;Wet Wapens en Munitie;2006;5476;5198;6116;5573;4573;1000;543;478;65;41;39;46;84;75;163;8;8;11
305;Wet Wapens en Munitie;2007;5532;5255;6308;5748;4705;1043;560;512;48;41;39;47;86;78;169;8;8;8
306;Wetboek van Militair Strafrecht;1999;230;200;220;220;220;0;0;0;0;2;2;2;3;4;0;0;0;0
307;Wetboek van Militair Strafrecht;2000;95;67;73;70;70;0;3;3;0;1;1;1;1;1;0;0;0;0
308;Wetboek van Militair Strafrecht;2001;116;82;93;90;90;0;3;3;0;1;1;1;1;2;0;0;0;0
309;Wetboek van Militair Strafrecht;2002;148;108;115;111;111;0;4;4;0;1;1;1;2;2;0;0;0;0
310;Wetboek van Militair Strafrecht;2003;218;164;166;157;156;1;9;9;0;2;1;1;2;3;0;0;0;0
311;Wetboek van Militair Strafrecht;2004;24;15;16;16;16;0;0;0;0;0;0;0;0;0;0;0;0;0
312;Wetboek van Militair Strafrecht;2005;22;15;19;18;18;0;1;1;0;0;0;0;0;0;0;0;0;0
313;Wetboek van Militair Strafrecht;2006;91;65;71;67;67;0;4;4;0;1;0;1;1;1;0;0;0;0
314;Wetboek van Militair Strafrecht;2007;91;48;51;50;50;0;1;1;0;1;0;0;1;1;0;0;0;0
315;Overige wetten;1999;189;141;797;734;699;35;63;61;2;1;1;6;11;12;6;1;1;0
316;Overige wetten;2000;84;62;118;116;102;14;2;2;0;1;0;1;2;2;2;0;0;0
317;Overige wetten;2001;80;53;94;83;69;14;11;10;1;1;0;1;1;1;2;0;0;0
318;Overige wetten;2002;347;340;388;359;344;15;29;27;2;3;3;3;5;6;3;0;0;0
319;Overige wetten;2003;306;291;331;312;301;11;19;19;0;2;2;3;5;5;2;0;0;0
320;Overige wetten;2004;210;204;225;209;189;20;16;14;2;2;2;2;3;3;3;0;0;0
321;Overige wetten;2005;269;258;294;265;247;18;29;26;3;2;2;2;4;4;3;0;0;1
322;Overige wetten;2006;244;231;269;242;216;26;27;18;9;2;2;2;4;4;4;0;0;2
323;Overige wetten;2007;315;278;318;294;258;36;24;24;0;2;2;2;4;4;6;0;0;0
