ID;Leeftijd;Perioden;TotaalAantalHuishoudens_1;Eenpersoonshuishouden_2;TotaalMeerpersoonshuishoudens_3;k_2Personen_4;k_3Personen_5;k_4Personen_6;k_5OfMeerPersonen_7
0;Totaal over alle leeftijden;2003;7001384;2402927;4598457;2282742;899159;968460;448096
1;Totaal over alle leeftijden;2004;7061120;2447664;4613456;2291913;894148;978323;449072
2;Totaal over alle leeftijden;2005;7117670;2490564;4627106;2299698;889908;988219;449281
3;Totaal over alle leeftijden;2006;7172903;2533200;4639703;2307344;886529;997232;448598
4;Totaal over alle leeftijden;2007;7227827;2575700;4652127;2315887;884578;1004866;446796
5;Totaal over alle leeftijden;2008;7283343;2618406;4664937;2326136;883139;1011490;444172
6;Totaal over alle leeftijden;2009;7340047;2661605;4678442;2337371;882953;1017101;441017
7;Totaal over alle leeftijden;2010;7397851;2705143;4692708;2350827;883652;1021299;436930
8;Totaal over alle leeftijden;2011;7456046;2748484;4707562;2365978;884857;1024236;432491
9;Totaal over alle leeftijden;2012;7514111;2791375;4722736;2382773;885887;1026292;427784
10;Totaal over alle leeftijden;2013;7571417;2833542;4737875;2400828;886469;1027444;423134
11;Totaal over alle leeftijden;2014;7627416;2874681;4752735;2420176;886511;1027868;418180
12;Totaal over alle leeftijden;2015;7681773;2914591;4767182;2439904;885974;1027918;413386
13;Totaal over alle leeftijden;2016;7734574;2953434;4781140;2459396;884972;1027971;408801
14;Totaal over alle leeftijden;2017;7785879;2991418;4794461;2477768;883512;1028521;404660
15;Totaal over alle leeftijden;2018;7835664;3028544;4807120;2495080;882078;1029216;400746
16;Totaal over alle leeftijden;2019;7883934;3064866;4819068;2510898;880580;1030244;397346
17;Totaal over alle leeftijden;2020;7930283;3099911;4830372;2526629;879113;1030553;394077
18;Totaal over alle leeftijden;2021;7974799;3133699;4841100;2541824;877463;1030570;391243
19;Totaal over alle leeftijden;2022;8017648;3166328;4851320;2556599;875269;1030392;389060
20;Totaal over alle leeftijden;2023;8058553;3197483;4861070;2571827;872176;1029748;387319
21;Totaal over alle leeftijden;2024;8097083;3226851;4870232;2587248;868013;1028895;386076
22;Totaal over alle leeftijden;2025;8132961;3254219;4878742;2602549;862758;1028071;385364
23;Totaal over alle leeftijden;2026;8165768;3279364;4886404;2617058;856677;1027523;385146
24;Totaal over alle leeftijden;2027;8195406;3302263;4893143;2630299;849959;1027536;385349
25;Totaal over alle leeftijden;2028;8221626;3322899;4898727;2641701;842856;1028254;385916
26;Totaal over alle leeftijden;2029;8244296;3341105;4903191;2650998;835626;1029766;386801
27;Totaal over alle leeftijden;2030;8263454;3357023;4906431;2657961;828500;1032068;387902
28;Totaal over alle leeftijden;2031;8279191;3370847;4908344;2662433;821709;1035074;389128
29;Totaal over alle leeftijden;2032;8291763;3382692;4909071;2664658;815350;1038646;390417
30;Totaal over alle leeftijden;2033;8301458;3392738;4908720;2664913;809559;1042564;391684
31;Totaal over alle leeftijden;2034;8308454;3401085;4907369;2663449;804425;1046616;392879
32;Totaal over alle leeftijden;2035;8313089;3407859;4905230;2660692;800021;1050561;393956
33;Totaal over alle leeftijden;2036;8315671;3413201;4902470;2657001;796407;1054176;394886
34;Totaal over alle leeftijden;2037;8316408;3417106;4899302;2652716;793631;1057314;395641
35;Totaal over alle leeftijden;2038;8315668;3419812;4895856;2648188;791584;1059896;396188
36;Totaal over alle leeftijden;2039;8313647;3421335;4892312;2643653;790337;1061796;396526
37;Totaal over alle leeftijden;2040;8310588;3421736;4888852;2639437;789728;1063063;396624
38;Totaal over alle leeftijden;2041;8306787;3421192;4885595;2635766;789638;1063711;396480
39;Totaal over alle leeftijden;2042;8302239;3419663;4882576;2632663;790010;1063798;396105
40;Totaal over alle leeftijden;2043;8297116;3417227;4879889;2630283;790691;1063378;395537
41;Totaal over alle leeftijden;2044;8291470;3413882;4877588;2628645;791618;1062539;394786
42;Totaal over alle leeftijden;2045;8285311;3409600;4875711;2627792;792644;1061372;393903
43;Totaal over alle leeftijden;2046;8278729;3404452;4874277;2627660;793745;1059968;392904
44;Totaal over alle leeftijden;2047;8271767;3398434;4873333;2628228;794871;1058412;391822
45;Totaal over alle leeftijden;2048;8264339;3391416;4872923;2629489;795950;1056774;390710
46;Totaal over alle leeftijden;2049;8256647;3383579;4873068;2631415;796970;1055101;389582
47;Totaal over alle leeftijden;2050;8248697;3374906;4873791;2633956;797916;1053427;388492
48;100;2003;454648;257973;196675;151775;33508;9453;1939
49;100;2004;456135;260230;195905;150955;33552;9427;1971
50;100;2005;458364;262817;195547;150457;33644;9460;1986
51;100;2006;457838;264052;193786;148949;33525;9342;1970
52;100;2007;459242;266217;193025;148603;33285;9187;1950
53;100;2008;464891;270023;194868;150506;33276;9136;1950
54;100;2009;473255;274878;198377;153832;33421;9152;1972
55;100;2010;480861;279038;201823;157317;33360;9150;1996
56;100;2011;487573;282661;204912;160720;33100;9076;2016
57;100;2012;491864;285010;206854;163160;32679;8991;2024
58;100;2013;495976;286968;209008;165581;32423;8960;2044
59;100;2014;500216;288917;211299;167909;32313;8994;2083
60;100;2015;502997;290113;212884;169546;32175;9040;2123
61;100;2016;501652;289220;212432;169556;31741;8999;2136
62;100;2017;500259;288587;211672;169276;31316;8940;2140
63;100;2018;500554;288908;211646;169476;31096;8923;2151
64;100;2019;502160;290100;212060;169994;30985;8918;2163
65;100;2020;503799;291269;212530;170578;30888;8898;2166
66;100;2021;508301;293677;214624;172358;31109;8971;2186
67;100;2022;513511;296032;217479;174642;31505;9106;2226
68;100;2023;517149;297584;219565;176285;31790;9226;2264
69;100;2024;516900;296956;219944;176604;31782;9274;2284
70;100;2025;514793;295217;219576;176319;31659;9294;2304
71;100;2026;508689;291608;217081;174440;31153;9196;2292
72;100;2027;503324;288291;215033;172891;30731;9126;2285
73;100;2028;497751;284910;212841;171221;30291;9055;2274
74;100;2029;491659;281347;210312;169318;29779;8960;2255
75;100;2030;486216;278214;208002;167592;29298;8874;2238
76;100;2031;481670;275636;206034;166137;28876;8799;2222
77;100;2032;478211;273697;204514;165055;28513;8737;2209
78;100;2033;475921;272443;203478;164348;28234;8694;2202
79;100;2034;474718;271814;202904;164005;28034;8664;2201
80;100;2035;474567;271768;202799;164028;27913;8659;2199
81;100;2036;475292;272216;203076;164349;27857;8668;2202
82;100;2037;476736;273048;203688;164926;27866;8691;2205
83;100;2038;478737;274204;204533;165687;27914;8719;2213
84;100;2039;481107;275551;205556;166582;27995;8758;2221
85;100;2040;483745;277023;206722;167592;28098;8802;2230
86;100;2041;486529;278565;207964;168664;28208;8850;2242
87;100;2042;489339;280105;209234;169758;28327;8892;2257
88;100;2043;492069;281604;210465;170839;28431;8925;2270
89;100;2044;494616;282993;211623;171892;28501;8948;2282
90;100;2045;496890;284258;212632;172863;28530;8950;2289
91;100;2046;498926;285402;213524;173794;28507;8936;2287
92;100;2047;500665;286385;214280;174577;28492;8925;2286
93;100;2048;502117;287197;214920;175247;28476;8913;2284
94;100;2049;503290;287847;215443;175790;28466;8904;2283
95;100;2050;504163;288323;215840;176206;28456;8895;2283
96;101;2003;1382546;481143;901403;372907;229983;219164;79349
97;101;2004;1351717;475120;876597;362335;222542;214329;77391
98;101;2005;1312473;465670;846803;352733;213226;206172;74672
99;101;2006;1279748;458442;821306;346341;204730;198425;71810
100;101;2007;1252610;451975;800635;341466;197968;191849;69352
101;101;2008;1229635;446640;782995;337149;192649;186637;66560
102;101;2009;1217351;444282;773069;334907;189493;183486;65183
103;101;2010;1212711;444118;768593;334819;187794;182001;63979
104;101;2011;1215672;445759;769913;336319;187744;182011;63839
105;101;2012;1223604;448851;774753;339271;188697;182704;64081
106;101;2013;1233454;452791;780663;343238;189308;183530;64587
107;101;2014;1242131;456146;785985;347357;189590;184037;65001
108;101;2015;1252628;459927;792701;352236;190024;184911;65530
109;101;2016;1263809;464501;799308;358380;190174;185005;65749
110;101;2017;1276379;469274;807105;364638;190629;185674;66164
111;101;2018;1290702;473830;816872;370488;191580;187729;67075
112;101;2019;1305001;477784;827217;375816;192681;190494;68226
113;101;2020;1317104;480910;836194;380601;193409;192920;69264
114;101;2021;1324266;482110;842156;383691;193525;194824;70116
115;101;2022;1327444;482284;845160;385687;192995;195849;70629
116;101;2023;1331469;482559;848910;388104;192610;197012;71184
117;101;2024;1338793;484604;854189;391501;192532;198361;71795
118;101;2025;1345739;486794;858945;394965;192377;199341;72262
119;101;2026;1351461;488873;862588;398905;192136;199234;72313
120;101;2027;1354985;489997;864988;401890;191862;198943;72293
121;101;2028;1358781;490878;867903;404415;191901;199143;72444
122;101;2029;1362403;491583;870820;406582;191996;199582;72660
123;101;2030;1363727;491218;872509;407891;191839;199953;72826
124;101;2031;1365681;490742;874939;408704;191762;201187;73286
125;101;2032;1366333;489476;876857;408871;191421;202713;73852
126;101;2033;1363553;487299;876254;408137;190410;203531;74176
127;101;2034;1356103;483672;872431;406580;188643;203144;74064
128;101;2035;1346670;479470;867200;404674;186571;202190;73765
129;101;2036;1333717;474530;859187;402385;183932;199880;72990
130;101;2037;1322534;470204;852330;400500;181612;197885;72333
131;101;2038;1312356;466365;845991;399006;179441;195873;71671
132;101;2039;1303011;462974;840037;397910;177442;193719;70966
133;101;2040;1295703;460359;835344;397359;175805;191823;70357
134;101;2041;1290612;458564;832048;397347;174578;190259;69864
135;101;2042;1287726;457528;830198;397845;173774;189071;69508
136;101;2043;1287002;457240;829762;398816;173356;188296;69294
137;101;2044;1288194;457621;830573;400175;173301;187883;69214
138;101;2045;1291063;458534;832529;401879;173557;187834;69259
139;101;2046;1295184;459864;835320;403777;174059;188076;69408
140;101;2047;1300259;461531;838728;405890;174683;188530;69625
141;101;2048;1305910;463379;842531;408157;175343;189142;69889
142;101;2049;1311831;465316;846515;410531;175976;189836;70172
143;101;2050;1317847;467284;850563;412966;176573;190563;70461
144;102;2003;1506148;341683;1164465;196642;224278;476475;267070
145;102;2004;1518878;352649;1166229;194190;227659;480440;263940
146;102;2005;1533625;364030;1169595;191568;231619;485568;260840
147;102;2006;1544213;373976;1170237;188785;234607;489386;257459
148;102;2007;1544139;380945;1163194;185039;235431;489577;253147
149;102;2008;1536552;384935;1151617;181747;233710;487288;248872
150;102;2009;1515551;384388;1131163;176878;229383;481867;243035
151;102;2010;1487799;381945;1105854;171789;223356;474154;236555
152;102;2011;1457952;378658;1079294;167527;216624;465629;229514
153;102;2012;1429189;375321;1053868;164725;209320;457087;222736
154;102;2013;1400041;370807;1029234;162288;202229;448699;216018
155;102;2014;1370803;365779;1005024;160614;194621;440484;209305
156;102;2015;1334284;357947;976337;158615;185824;429960;201938
157;102;2016;1304604;351433;953171;156818;178808;421885;195660
158;102;2017;1279890;345341;934549;155022;173280;415656;190591
159;102;2018;1258341;340113;918228;152982;169156;410110;185980
160;102;2019;1246478;337332;909146;152303;166142;407315;183386
161;102;2020;1241660;336056;905604;152960;164058;406736;181850
162;102;2021;1244006;336165;907841;154458;163119;408527;181737
163;102;2022;1250961;337118;913843;156449;163069;411865;182460
164;102;2023;1259447;338795;920652;159176;162636;415403;183437
165;102;2024;1266803;340060;926743;161830;162049;418548;184316
166;102;2025;1276075;341702;934373;164945;161630;422270;185528
167;102;2026;1286061;343597;942464;168541;161019;426111;186793
168;102;2027;1297454;345823;951631;172059;160775;430485;188312
169;102;2028;1310644;348338;962306;175622;160965;435551;190168
170;102;2029;1324056;350687;973369;179180;161413;440708;192068
171;102;2030;1335599;352487;983112;182522;161802;445156;193632
172;102;2031;1342440;353175;989265;185197;161644;447932;194492
173;102;2032;1345511;353141;992370;187372;161062;449248;194688
174;102;2033;1349879;353232;996647;189594;160916;451110;195027
175;102;2034;1357545;354506;1003039;192092;161363;453891;195693
176;102;2035;1364642;355835;1008807;194380;161826;456384;196217
177;102;2036;1370518;356682;1013836;196453;162257;458532;196594
178;102;2037;1373883;356998;1016885;198009;162355;459788;196733
179;102;2038;1377431;357336;1020095;199430;162488;461164;197013
180;102;2039;1380739;357699;1023040;200717;162611;462397;197315
181;102;2040;1381735;357447;1024288;201609;162443;462889;197347
182;102;2041;1383344;357387;1025957;202502;162393;463580;197482
183;102;2042;1383696;356917;1026779;203182;162257;463901;197439
184;102;2043;1380751;355851;1024900;203474;161698;462889;196839
185;102;2044;1373197;353519;1019678;203210;160609;460314;195545
186;102;2045;1363761;350688;1013073;202719;159321;457063;193970
187;102;2046;1350929;347131;1003798;201816;157587;452541;191854
188;102;2047;1339757;343957;995800;200980;156147;448669;190004
189;102;2048;1329469;340965;988504;200194;154881;445119;188310
190;102;2049;1319994;338182;981812;199454;153747;441873;186738
191;102;2050;1312426;335865;976561;198862;152886;439332;185481
192;103;2003;1311515;294148;1017367;384408;290451;245271;97237
193;103;2004;1324569;306872;1017697;372531;287235;254886;103045
194;103;2005;1344800;320498;1024302;361712;286986;266740;108864
195;103;2006;1367004;334768;1032236;351748;287865;278483;114140
196;103;2007;1393708;349662;1044046;343188;290851;291158;118849
197;103;2008;1416826;363510;1053316;333035;294032;303401;122848
198;103;2009;1442654;378101;1064553;324962;298014;315184;126393
199;103;2010;1469003;392561;1076442;318598;302480;325911;129453
200;103;2011;1490259;405672;1084587;312412;305877;334626;131672
201;103;2012;1506406;416928;1089478;307044;308007;341494;132933
202;103;2013;1519313;427177;1092136;301950;309269;347028;133889
203;103;2014;1530838;436331;1094507;297288;310555;351989;134675
204;103;2015;1545058;445951;1099107;292738;311475;358685;136209
205;103;2016;1555342;454162;1101180;288371;311492;364124;137193
206;103;2017;1555235;459289;1095946;282121;309271;367396;137158
207;103;2018;1547829;461671;1086158;275534;305454;368772;136398
208;103;2019;1527203;459616;1067587;266897;300125;366761;133804
209;103;2020;1499643;455286;1044357;257718;294102;362081;130456
210;103;2021;1469654;450068;1019586;249951;287783;355433;126419
211;103;2022;1440557;444789;995768;243650;280958;348502;122658
212;103;2023;1411130;438388;972742;238497;273923;341223;119099
213;103;2024;1381611;431155;950456;234277;265878;334188;116113
214;103;2025;1345068;420543;924525;228461;256124;326583;113357
215;103;2026;1315406;411381;904025;223200;247930;321227;111668
216;103;2027;1290745;403105;887640;219003;241069;317139;110429
217;103;2028;1269272;396164;873108;215436;235091;313359;109222
218;103;2029;1257483;392469;865014;213780;231430;311368;108436
219;103;2030;1252712;390614;862098;213540;229213;311080;108265
220;103;2031;1255135;390624;864511;214636;228759;312514;108602
221;103;2032;1262159;391613;870546;216435;229380;315283;109448
222;103;2033;1270761;393433;877328;218932;230059;318080;110257
223;103;2034;1278244;394852;883392;221263;230530;320629;110970
224;103;2035;1287636;396760;890876;224159;231272;323602;111843
225;103;2036;1297733;398662;899071;226905;231851;327248;113067
226;103;2037;1309229;401122;908107;229824;233011;331011;114261
227;103;2038;1322498;404278;918220;233626;234882;334500;115212
228;103;2039;1336011;407532;928479;237839;237066;337592;115982
229;103;2040;1347587;410124;937463;241771;238920;340168;116604
230;103;2041;1354470;411522;942948;244936;240013;341298;116701
231;103;2042;1357494;411947;945547;247143;240369;341503;116532
232;103;2043;1361586;412335;949251;249353;241021;342254;116623
233;103;2044;1368869;413832;955037;251895;242115;343906;117121
234;103;2045;1375494;415250;960244;254121;243014;345478;117631
235;103;2046;1380791;415826;964965;255514;243570;347475;118406
236;103;2047;1383639;415919;967720;256470;243828;348618;118804
237;103;2048;1386685;416193;970492;257502;244365;349569;119056
238;103;2049;1389515;416589;972926;258442;245022;350275;119187
239;103;2050;1390100;416384;973716;258970;245447;350269;119030
240;104;2003;1018170;289933;728237;606916;101656;17211;2454
241;104;2004;1061750;305529;756221;631031;104161;18351;2678
242;104;2005;1099807;320936;778871;650865;105749;19386;2871
243;104;2006;1133244;335412;797832;666407;107549;20707;3169
244;104;2007;1168737;351871;816866;681826;109381;22212;3447
245;104;2008;1204437;368762;835675;695322;112309;24154;3890
246;104;2009;1232584;383988;848596;702075;115609;26531;4381
247;104;2010;1257062;398615;858447;704890;119481;29183;4893
248;104;2011;1287828;415487;872341;710667;124302;31977;5395
249;104;2012;1283871;420832;863039;693089;128960;35037;5953
250;104;2013;1286108;428050;858058;678889;134445;38191;6533
251;104;2014;1297672;438291;859381;670896;140154;41279;7052
252;104;2015;1316537;450544;865993;667529;146752;44191;7521
253;104;2016;1337292;463505;873787;666487;152527;46778;7995
254;104;2017;1362576;477607;884969;668617;158193;49621;8538
255;104;2018;1384470;490407;894063;669211;163367;52413;9072
256;104;2019;1408867;504075;904792;671101;168552;55444;9695
257;104;2020;1433599;517625;915974;673271;173882;58554;10267
258;104;2021;1453325;529406;923919;673276;178536;61396;10711
259;104;2022;1468146;539108;929038;671785;182645;63597;11011
260;104;2023;1479807;547555;932252;669336;186299;65358;11259
261;104;2024;1490219;555082;935137;666544;190148;66956;11489
262;104;2025;1503425;563440;939985;664654;194538;68960;11833
263;104;2026;1512712;570201;942511;662928;197494;70089;12000
264;104;2027;1512022;573336;938686;658666;197946;70125;11949
265;104;2028;1504177;573350;930827;653128;196582;69391;11726
266;104;2029;1483689;568231;915458;644345;192469;67345;11299
267;104;2030;1456722;560608;896114;632769;187326;65163;10856
268;104;2031;1427492;551960;875532;621045;181284;62762;10441
269;104;2032;1399204;543428;855776;609619;175266;60756;10135
270;104;2033;1370670;534042;836628;597497;169982;59213;9936
271;104;2034;1342226;524165;818061;584295;165565;58336;9865
272;104;2035;1307358;511132;796226;566837;161780;57764;9845
273;104;2036;1279310;500354;778956;551451;159671;57888;9946
274;104;2037;1255962;490957;765005;538919;158070;57994;10022
275;104;2038;1235635;483073;752562;528551;156301;57718;9992
276;104;2039;1224312;478786;745526;523140;154988;57442;9956
277;104;2040;1219699;476824;742875;520797;154546;57532;10000
278;104;2041;1221874;477168;744706;521752;154920;57927;10107
279;104;2042;1228414;478848;749566;524480;156122;58677;10287
280;104;2043;1236421;481432;754989;527979;157290;59290;10430
281;104;2044;1243279;483559;759720;531033;158362;59782;10543
282;104;2045;1251881;486271;765610;534900;159678;60358;10674
283;104;2046;1261305;489194;772111;538416;161560;61264;10871
284;104;2047;1272008;492721;779287;542854;163396;62011;11026
285;104;2048;1284224;496892;787332;548998;164842;62396;11096
286;104;2049;1296538;501045;795493;555747;166019;62598;11129
287;104;2050;1307048;504427;802621;561689;167004;62763;11165
288;105;2003;720258;305031;415227;398953;15558;686;30
289;105;2004;727942;306187;421755;405901;15140;684;30
290;105;2005;737581;308413;429168;413763;14693;681;31
291;105;2006;747269;310456;436813;422004;14108;669;32
292;105;2007;755255;312364;442891;428831;13375;653;32
293;105;2008;766039;315284;450755;437357;12729;637;32
294;105;2009;785530;321811;463719;450571;12477;638;33
295;105;2010;808958;330082;478876;465692;12500;650;34
296;105;2011;827252;336982;490270;477162;12413;660;35
297;105;2012;881394;356855;524539;510484;13303;715;37
298;105;2013;930861;376265;554596;540033;13757;766;40
299;105;2014;969340;392267;577073;562130;14095;807;41
300;105;2015;1002401;407382;595019;579743;14389;845;42
301;105;2016;1031148;421267;609881;594223;14730;884;44
302;105;2017;1061155;437035;624120;607959;15185;931;45
303;105;2018;1091306;453120;638186;621554;15626;960;46
304;105;2019;1114717;466783;647934;630813;16082;993;46
305;105;2020;1134827;479256;655571;637975;16514;1035;47
306;105;2021;1160302;494587;665715;647648;16937;1083;47
307;105;2022;1156502;495288;661214;642922;17137;1108;47
308;105;2023;1158470;498478;659992;641302;17504;1140;46
309;105;2024;1168531;505353;663178;644110;17850;1171;47
310;105;2025;1185177;514982;670195;650569;18364;1215;47
311;105;2026;1203254;525410;677844;657904;18644;1249;47
312;105;2027;1225426;537386;688040;667608;19093;1291;48
313;105;2028;1244682;547898;696784;676073;19346;1317;48
314;105;2029;1266041;559439;706602;685531;19669;1353;49
315;105;2030;1287684;570959;716725;695342;19951;1382;50
316;105;2031;1304622;580635;723987;702409;20122;1406;50
317;105;2032;1316963;588214;728749;707035;20246;1418;50
318;105;2033;1326334;594490;731844;710076;20291;1427;50
319;105;2034;1334636;599987;734649;712759;20410;1430;50
320;105;2035;1345683;606346;739337;717292;20564;1431;50
321;105;2036;1352962;611084;741878;719837;20568;1423;50
322;105;2037;1351205;611804;739401;717697;20256;1399;49
323;105;2038;1342778;609331;733447;712121;19908;1369;49
324;105;2039;1322820;601539;721281;700522;19386;1325;48
325;105;2040;1297206;591042;706164;685982;18859;1276;47
326;105;2041;1269475;579571;689904;670342;18298;1219;45
327;105;2042;1242740;568471;674269;655258;17794;1174;43
328;105;2043;1216141;556899;659242;640642;17417;1141;42
329;105;2044;1190126;545114;645012;626709;17144;1118;41
330;105;2045;1159219;530386;628833;610888;16812;1093;40
331;105;2046;1134819;518318;616501;598772;16616;1075;38
332;105;2047;1114703;508054;606649;589132;16421;1059;37
333;105;2048;1097090;499366;597724;580509;16140;1039;36
334;105;2049;1087137;494543;592594;575598;15937;1024;35
335;105;2050;1083170;492455;590715;573771;15890;1019;35
336;106;2003;480012;321605;158407;154993;3254;146;14
337;106;2004;489228;327114;162114;158579;3371;150;14
338;106;2005;496442;331090;165352;161704;3480;154;14
339;106;2006;500624;331923;168701;164940;3589;158;14
340;106;2007;503514;332001;171513;167652;3685;161;15
341;106;2008;507667;332913;174754;170786;3788;164;16
342;106;2009;508952;332030;176922;172873;3867;166;16
343;106;2010;511711;331985;179726;175585;3956;169;16
344;106;2011;515495;332940;182555;178323;4043;173;16
345;106;2012;519976;334192;185784;181453;4138;177;16
346;106;2013;524977;335833;189144;184712;4234;180;18
347;106;2014;532069;338462;193607;189050;4353;186;18
348;106;2015;540483;341993;198490;193801;4479;192;18
349;106;2016;549371;345657;203714;198886;4611;198;19
350;106;2017;556213;348592;207621;202678;4722;202;19
351;106;2018;565367;352739;212628;207548;4855;206;19
352;106;2019;580989;360622;220367;215082;5050;215;20
353;106;2020;599618;370207;229411;223893;5273;224;21
354;106;2021;613482;377697;235785;230091;5444;229;21
355;106;2022;657215;400726;256489;250287;5923;256;23
356;106;2023;695925;422152;273773;267125;6349;275;24
357;106;2024;725389;439208;286181;279207;6667;282;25
358;106;2025;749762;454296;295466;288232;6919;289;26
359;106;2026;770315;467535;302780;295356;7104;294;26
360;106;2027;790400;481354;309046;301467;7252;301;26
361;106;2028;810662;495060;315602;307860;7406;309;27
362;106;2029;825960;505643;320317;312440;7536;314;27
363;106;2030;838967;514597;324370;316358;7667;318;27
364;106;2031;854664;525419;329245;321082;7809;327;27
365;106;2032;853748;523669;330079;321885;7838;329;27
366;106;2033;857014;524649;332365;324104;7903;331;27
367;106;2034;865472;529158;336314;327943;8009;335;27
368;106;2035;878487;536584;341903;333373;8162;340;28
369;106;2036;891914;544544;347370;338684;8313;345;28
370;106;2037;908143;554097;354046;345176;8490;352;28
371;106;2038;922300;562234;360066;351032;8649;357;28
372;106;2039;937728;571188;366540;357328;8821;363;28
373;106;2040;953128;580007;373121;363728;8994;370;29
374;106;2041;964693;586681;378012;368482;9129;372;29
375;106;2042;972609;591047;381562;371940;9223;370;29
376;106;2043;978182;593846;384336;374651;9287;369;29
377;106;2044;983169;595877;387292;377555;9339;369;29
378;106;2045;990998;598842;392156;382331;9424;372;29
379;106;2046;995489;599968;395521;385640;9480;372;29
380;106;2047;993194;597044;396150;386279;9476;366;29
381;106;2048;985588;591016;394572;384770;9415;359;28
382;106;2049;969208;580067;389141;379514;9252;348;27
383;106;2050;949025;566794;382231;372823;9044;338;26
384;107;2003;122860;106632;16228;15715;458;52;3
385;107;2004;125164;108711;16453;15922;474;54;3
386;107;2005;128272;111328;16944;16389;496;56;3
387;107;2006;136150;117915;18235;17631;540;60;4
388;107;2007;143384;124019;19365;18710;585;66;4
389;107;2008;149525;129201;20324;19622;628;70;4
390;107;2009;155869;134499;21370;20622;670;74;4
391;107;2010;160920;138686;22234;21447;705;78;4
392;107;2011;164892;141939;22953;22135;733;81;4
393;107;2012;168375;144717;23658;22809;761;84;4
394;107;2013;170954;146706;24248;23374;782;87;5
395;107;2014;174432;149378;25054;24152;808;89;5
396;107;2015;177158;151342;25816;24887;833;91;5
397;107;2016;180206;153463;26743;25780;864;94;5
398;107;2017;182336;154840;27496;26504;890;97;5
399;107;2018;184781;156474;28307;27286;917;99;5
400;107;2019;185743;156864;28879;27838;935;100;6
401;107;2020;187017;157411;29606;28541;958;101;6
402;107;2021;188360;158031;30329;29240;980;103;6
403;107;2022;190116;158955;31161;30043;1007;105;6
404;107;2023;191933;159936;31997;30849;1035;107;6
405;107;2024;195420;162235;33185;31991;1076;111;7
406;107;2025;199363;164930;34433;33195;1116;115;7
407;107;2026;204010;168193;35817;34526;1165;119;7
408;107;2027;207024;170272;36752;35424;1199;122;7
409;107;2028;211417;173428;37989;36616;1241;125;7
410;107;2029;218707;178801;39906;38467;1301;131;7
411;107;2030;227405;185327;42078;40563;1370;137;8
412;107;2031;232915;189537;43378;41809;1419;142;8
413;107;2032;254860;206161;48699;46945;1589;157;8
414;107;2033;272356;219702;52654;50744;1728;173;9
415;107;2034;284108;229113;54995;52970;1834;182;9
416;107;2035;292222;235787;56435;54345;1895;186;9
417;107;2036;297901;240520;57381;55266;1919;187;9
418;107;2037;302163;244076;58087;55957;1931;189;10
419;107;2038;306964;247842;59122;56962;1959;191;10
420;107;2039;310195;250262;59933;57744;1984;195;10
421;107;2040;313186;252340;60846;58622;2017;197;10
422;107;2041;316825;254851;61974;59712;2052;200;10
423;107;2042;318695;255664;63031;60728;2090;203;10
424;107;2043;321816;257469;64347;61997;2133;207;10
425;107;2044;326142;260194;65948;63541;2186;211;10
426;107;2045;331875;264008;67867;65395;2246;216;10
427;107;2046;337108;267387;69721;67187;2303;221;10
428;107;2047;343382;271526;71856;69256;2364;226;10
429;107;2048;348858;274939;73919;71258;2422;229;10
430;107;2049;354567;278421;76146;73417;2484;235;10
431;107;2050;360132;281673;78459;75662;2547;240;10
432;108;2003;5227;4779;448;433;13;2;0
433;108;2004;5737;5252;485;469;14;2;0
434;108;2005;6306;5782;524;507;15;2;0
435;108;2006;6813;6256;557;539;16;2;0
436;108;2007;7238;6646;592;572;17;3;0
437;108;2008;7771;7138;633;612;18;3;0
438;108;2009;8301;7628;673;651;19;3;0
439;108;2010;8826;8113;713;690;20;3;0
440;108;2011;9123;8386;737;713;21;3;0
441;108;2012;9432;8669;763;738;22;3;0
442;108;2013;9733;8945;788;763;22;3;0
443;108;2014;9915;9110;805;780;22;3;0
444;108;2015;10227;9392;835;809;23;3;0
445;108;2016;11150;10226;924;895;25;4;0
446;108;2017;11836;10853;983;953;26;4;0
447;108;2018;12314;11282;1032;1001;27;4;0
448;108;2019;12776;11690;1086;1054;28;4;0
449;108;2020;13016;11891;1125;1092;29;4;0
450;108;2021;13103;11958;1145;1111;30;4;0
451;108;2022;13196;12028;1168;1134;30;4;0
452;108;2023;13223;12036;1187;1153;30;4;0
453;108;2024;13417;12198;1219;1184;31;4;0
454;108;2025;13559;12315;1244;1209;31;4;0
455;108;2026;13860;12566;1294;1258;32;4;0
456;108;2027;14026;12699;1327;1291;32;4;0
457;108;2028;14240;12873;1367;1330;33;4;0
458;108;2029;14298;12905;1393;1355;33;5;0
459;108;2030;14422;12999;1423;1384;34;5;0
460;108;2031;14572;13119;1453;1414;34;5;0
461;108;2032;14774;13293;1481;1441;35;5;0
462;108;2033;14970;13448;1522;1481;36;5;0
463;108;2034;15402;13818;1584;1542;37;5;0
464;108;2035;15824;14177;1647;1604;38;5;0
465;108;2036;16324;14609;1715;1671;39;5;0
466;108;2037;16553;14800;1753;1708;40;5;0
467;108;2038;16969;15149;1820;1773;42;5;0
468;108;2039;17724;15804;1920;1871;44;5;0
469;108;2040;18599;16570;2029;1977;46;6;0
470;108;2041;18965;16883;2082;2029;47;6;0
471;108;2042;21526;19136;2390;2329;54;7;0
472;108;2043;23148;20551;2597;2532;58;7;0
473;108;2044;23878;21173;2705;2635;61;8;1
474;108;2045;24130;21363;2767;2696;62;8;1
475;108;2046;24178;21362;2816;2744;63;8;1
476;108;2047;24160;21297;2863;2790;64;8;1
477;108;2048;24398;21469;2929;2854;66;8;1
478;108;2049;24567;21569;2998;2922;67;8;1
479;108;2050;24786;21701;3085;3007;69;8;1
480;1;2003;68546;50242;18304;13654;4067;545;38
481;1;2004;70071;51538;18533;13835;4111;549;38
482;1;2005;71413;52543;18870;14242;4043;548;37
483;1;2006;72685;53515;19170;14655;3934;544;37
484;1;2007;73135;53903;19232;14878;3783;534;37
485;1;2008;73682;54306;19376;15167;3648;524;37
486;1;2009;75003;55274;19729;15633;3537;521;38
487;1;2010;76418;56312;20106;16132;3419;517;38
488;1;2011;76181;56126;20055;16374;3149;495;37
489;1;2012;75600;55710;19890;16396;2974;483;37
490;1;2013;75364;55526;19838;16442;2878;481;37
491;1;2014;75187;55407;19780;16432;2830;481;37
492;1;2015;74584;54999;19585;16284;2785;479;37
493;1;2016;75172;55462;19710;16405;2784;483;38
494;1;2017;76544;56443;20101;16760;2813;490;38
495;1;2018;78068;57559;20509;17124;2845;501;39
496;1;2019;78780;58081;20699;17304;2850;506;39
497;1;2020;79185;58328;20857;17462;2847;509;39
498;1;2021;78129;57559;20570;17228;2799;504;39
499;1;2022;77426;57031;20395;17088;2766;502;39
500;1;2023;76658;56450;20208;16942;2727;500;39
501;1;2024;75549;55626;19923;16709;2681;495;38
502;1;2025;74468;54823;19645;16483;2634;490;38
503;1;2026;73475;54096;19379;16264;2592;485;38
504;1;2027;72632;53474;19158;16081;2558;482;37
505;1;2028;71979;52996;18983;15938;2530;479;36
506;1;2029;71514;52658;18856;15835;2506;479;36
507;1;2030;71256;52469;18787;15782;2489;480;36
508;1;2031;71177;52415;18762;15765;2480;481;36
509;1;2032;71260;52475;18785;15794;2472;483;36
510;1;2033;71468;52631;18837;15847;2469;485;36
511;1;2034;71759;52851;18908;15913;2473;486;36
512;1;2035;72131;53123;19008;16004;2479;489;36
513;1;2036;72551;53438;19113;16098;2486;492;37
514;1;2037;73013;53774;19239;16210;2496;496;37
515;1;2038;73489;54128;19361;16316;2510;498;37
516;1;2039;73953;54473;19480;16424;2517;502;37
517;1;2040;74371;54780;19591;16528;2521;505;37
518;1;2041;74763;55067;19696;16638;2516;505;37
519;1;2042;75110;55322;19788;16732;2513;505;38
520;1;2043;75411;55542;19869;16819;2508;504;38
521;1;2044;75671;55730;19941;16895;2504;504;38
522;1;2045;75875;55884;19991;16948;2502;503;38
523;1;2046;76048;56008;20040;17000;2499;503;38
524;1;2047;76171;56101;20070;17031;2498;503;38
525;1;2048;76241;56153;20088;17052;2496;502;38
526;1;2049;76268;56170;20098;17063;2495;502;38
527;1;2050;76228;56141;20087;17054;2494;501;38
528;2;2003;386102;207731;178371;138121;29441;8908;1901
529;2;2004;386064;208692;177372;137120;29441;8878;1933
530;2;2005;386951;210274;176677;136215;29601;8912;1949
531;2;2006;385153;210537;174616;134294;29591;8798;1933
532;2;2007;386107;212314;173793;133725;29502;8653;1913
533;2;2008;391209;215717;175492;135339;29628;8612;1913
534;2;2009;398252;219604;178648;138199;29884;8631;1934
535;2;2010;404443;222726;181717;141185;29941;8633;1958
536;2;2011;411392;226535;184857;144346;29951;8581;1979
537;2;2012;416264;229300;186964;146764;29705;8508;1987
538;2;2013;420612;231442;189170;149139;29545;8479;2007
539;2;2014;425029;233510;191519;151477;29483;8513;2046
540;2;2015;428413;235114;193299;153262;29390;8561;2086
541;2;2016;426480;233758;192722;153151;28957;8516;2098
542;2;2017;423715;232144;191571;152516;28503;8450;2102
543;2;2018;422486;231349;191137;152352;28251;8422;2112
544;2;2019;423380;232019;191361;152690;28135;8412;2124
545;2;2020;424614;232941;191673;153116;28041;8389;2127
546;2;2021;430172;236118;194054;155130;28310;8467;2147
547;2;2022;436085;239001;197084;157554;28739;8604;2187
548;2;2023;440491;241134;199357;159343;29063;8726;2225
549;2;2024;441351;241330;200021;159895;29101;8779;2246
550;2;2025;440325;240394;199931;159836;29025;8804;2266
551;2;2026;435214;237512;197702;158176;28561;8711;2254
552;2;2027;430692;234817;195875;156810;28173;8644;2248
553;2;2028;425772;231914;193858;155283;27761;8576;2238
554;2;2029;420145;228689;191456;153483;27273;8481;2219
555;2;2030;414960;225745;189215;151810;26809;8394;2202
556;2;2031;410493;223221;187272;150372;26396;8318;2186
557;2;2032;406951;221222;185729;149261;26041;8254;2173
558;2;2033;404453;219812;184641;148501;25765;8209;2166
559;2;2034;402959;218963;183996;148092;25561;8178;2165
560;2;2035;402436;218645;183791;148024;25434;8170;2163
561;2;2036;402741;218778;183963;148251;25371;8176;2165
562;2;2037;403723;219274;184449;148716;25370;8195;2168
563;2;2038;405248;220076;185172;149371;25404;8221;2176
564;2;2039;407154;221078;186076;150158;25478;8256;2184
565;2;2040;409374;222243;187131;151064;25577;8297;2193
566;2;2041;411766;223498;188268;152026;25692;8345;2205
567;2;2042;414229;224783;189446;153026;25814;8387;2219
568;2;2043;416658;226062;190596;154020;25923;8421;2232
569;2;2044;418945;227263;191682;154997;25997;8444;2244
570;2;2045;421015;228374;192641;155915;26028;8447;2251
571;2;2046;422878;229394;193484;156794;26008;8433;2249
572;2;2047;424494;230284;194210;157546;25994;8422;2248
573;2;2048;425876;231044;194832;158195;25980;8411;2246
574;2;2049;427022;231677;195345;158727;25971;8402;2245
575;2;2050;427935;232182;195753;159152;25962;8394;2245
576;3;2003;610390;247614;362776;214543;84353;48456;15424
577;3;2004;599476;245386;354090;209345;82649;46926;15170
578;3;2005;592534;243918;348616;206304;81514;45767;15031
579;3;2006;594274;245496;348778;206665;81480;45485;15148
580;3;2007;596530;246488;350042;207614;81550;45583;15295
581;3;2008;597232;247046;350186;208103;81002;45576;15505
582;3;2009;595907;246939;348968;207875;80128;45314;15651
583;3;2010;597663;248225;349438;208245;80117;45262;15814
584;3;2011;598028;248817;349211;208906;79689;44748;15868
585;3;2012;603012;251422;351590;211403;79789;44423;15975
586;3;2013;612063;255306;356757;215224;80601;44683;16249
587;3;2014;622017;259086;362931;219293;81733;45296;16609
588;3;2015;630714;262092;368622;223238;82604;45831;16949
589;3;2016;641273;266350;374923;227793;83496;46363;17271
590;3;2017;648760;269347;379413;231451;83847;46629;17486
591;3;2018;654357;271245;383112;234256;84172;46955;17729
592;3;2019;659221;272746;386475;236548;84530;47389;18008
593;3;2020;662905;273949;388956;238271;84690;47746;18249
594;3;2021;659639;272126;387513;237824;83903;47504;18282
595;3;2022;655548;270300;385248;236905;82989;47096;18258
596;3;2023;654342;269466;384876;237126;82561;46905;18284
597;3;2024;657180;270683;386497;238689;82584;46876;18348
598;3;2025;660600;272172;388428;240504;82696;46829;18399
599;3;2026;669571;275824;393747;244094;83710;47319;18624
600;3;2027;677072;278417;398655;246944;84761;48023;18927
601;3;2028;681715;280009;401706;248593;85380;48552;19181
602;3;2029;682033;279775;402258;248972;85305;48690;19291
603;3;2030;679624;278333;401291;248454;84841;48658;19338
604;3;2031;672405;275167;397238;246484;83539;48038;19177
605;3;2032;665691;272089;393602;244641;82373;47534;19054
606;3;2033;658464;268817;389647;242611;81135;46990;18911
607;3;2034;650646;265367;385279;240445;79776;46333;18725
608;3;2035;643546;262253;381293;238500;78533;45711;18549
609;3;2036;637591;259640;377951;236943;77452;45160;18396
610;3;2037;632995;257611;375384;235829;76579;44698;18278
611;3;2038;629907;256208;373699;235229;75922;44352;18196
612;3;2039;628235;255405;372830;235095;75480;44102;18153
613;3;2040;627895;255137;372758;235398;75247;43966;18147
614;3;2041;628660;255324;373336;236044;75200;43921;18171
615;3;2042;630320;255874;374446;236964;75308;43954;18220
616;3;2043;632686;256720;375966;238095;75531;44049;18291
617;3;2044;635563;257775;377788;239367;75860;44187;18374
618;3;2045;638851;258995;379856;240762;76260;44365;18469
619;3;2046;642317;260295;382022;242175;76704;44564;18579
620;3;2047;645841;261642;384199;243664;77107;44748;18680
621;3;2048;649253;262974;386279;245176;77429;44912;18762
622;3;2049;652434;264232;388202;246724;77626;45029;18823
623;3;2050;655292;265385;389907;248263;77719;45076;18849
624;4;2003;772156;233529;538627;158364;145630;170708;63925
625;4;2004;752241;229734;522507;152990;139893;167403;62221
626;4;2005;719939;221752;498187;146429;131712;160405;59641
627;4;2006;685474;212946;472528;139676;123250;152940;56662
628;4;2007;656080;205487;450593;133852;116418;146266;54057
629;4;2008;632403;199594;432809;129046;111647;141061;51055
630;4;2009;621444;197343;424101;127032;109365;138172;49532
631;4;2010;615048;195893;419155;126574;107677;136739;48165
632;4;2011;617644;196942;420702;127413;108055;137263;47971
633;4;2012;620592;197429;423163;127868;108908;138281;48106
634;4;2013;621391;197485;423906;128014;108707;138847;48338
635;4;2014;620114;197060;423054;128064;107857;138741;48392
636;4;2015;621914;197835;424079;128998;107420;139080;48581
637;4;2016;622536;198151;424385;130587;106678;138642;48478
638;4;2017;627619;199927;427692;133187;106782;139045;48678
639;4;2018;636345;202585;433760;136232;107408;140774;49346
640;4;2019;645780;205038;440742;139268;108151;143105;50218
641;4;2020;654199;206961;447238;142330;108719;145174;51015
642;4;2021;664627;209984;454643;145867;109622;147320;51834
643;4;2022;671896;211984;459912;148782;110006;148753;52371
644;4;2023;677127;213093;464034;150978;110049;150107;52900
645;4;2024;681613;213921;467692;152812;109948;151485;53447
646;4;2025;685139;214622;470517;154461;109681;152512;53863
647;4;2026;681890;213049;468841;154811;108426;151915;53689
648;4;2027;677913;211580;466333;154946;107101;150920;53366
649;4;2028;677066;210869;466197;155822;106521;150591;53263
650;4;2029;680370;211808;468562;157610;106691;150892;53369
651;4;2030;684103;212885;471218;159437;106998;151295;53488
652;4;2031;693276;215575;477701;162220;108223;153149;54109
653;4;2032;700642;217387;483255;164230;109048;155179;54798
654;4;2033;705089;218482;486607;165526;109275;156541;55265
655;4;2034;705457;218305;487152;166135;108867;156811;55339
656;4;2035;703124;217217;485907;166174;108038;156479;55216
657;4;2036;696126;214890;481236;165442;106480;154720;54594
658;4;2037;689539;212593;476946;164671;105033;153187;54055
659;4;2038;682449;210157;472292;163777;103519;151521;53475
660;4;2039;674776;207569;467207;162815;101962;149617;52813
661;4;2040;667808;205222;462586;161961;100558;147857;52210
662;4;2041;661952;203240;458712;161303;99378;146338;51693
663;4;2042;657406;201654;455752;160881;98466;145117;51288
664;4;2043;654316;200520;453796;160721;97825;144247;51003
665;4;2044;652631;199846;452785;160808;97441;143696;50840
666;4;2045;652212;199539;452673;161117;97297;143469;50790
667;4;2046;652867;199569;453298;161602;97355;143512;50829
668;4;2047;654418;199889;454529;162226;97576;143782;50945
669;4;2048;656657;200405;456252;162981;97914;144230;51127
670;4;2049;659397;201084;458313;163807;98350;144807;51349
671;4;2050;662555;201899;460656;164703;98854;145487;51612
672;5;2003;769587;184932;584655;98843;114494;242589;128729
673;5;2004;768542;188305;580237;96520;116293;241948;125476
674;5;2005;771549;192773;578776;93987;118720;243406;122663
675;5;2006;773949;196838;577111;91844;120371;244437;120459
676;5;2007;772375;199696;572679;89634;120592;244201;118252
677;5;2008;764986;200016;564970;88253;118315;241939;116463
678;5;2009;745459;196771;548688;86199;113001;236790;112698
679;5;2010;714578;190319;524259;83684;105642;227330;107603
680;5;2011;682116;183367;498749;81258;98032;217677;101782
681;5;2012;654541;177363;477178;79462;91509;209578;96629
682;5;2013;632266;172465;459801;77158;87415;203528;91700
683;5;2014;621890;170406;451484;76198;85395;200775;89116
684;5;2015;615776;168923;446853;75947;84134;199603;87169
685;5;2016;618176;169403;448773;76172;84518;201118;86965
686;5;2017;620852;169450;451402;76365;85059;202871;87107
687;5;2018;621413;169284;452129;76734;84715;203587;87093
688;5;2019;619961;168783;451178;77196;83773;203430;86779
689;5;2020;621347;169175;452172;78127;83135;204095;86815
690;5;2021;621545;169050;452495;79433;82160;204305;86597
691;5;2022;626083;170112;455971;81138;81905;205930;86998
692;5;2023;634263;172021;462242;83218;82141;208843;88040
693;5;2024;643247;173843;469404;85378;82561;212170;89295
694;5;2025;651325;175219;476106;87562;82927;215188;90429
695;5;2026;661247;177405;483842;89922;83576;218643;91701
696;5;2027;668206;178800;489406;91972;83784;221133;92517
697;5;2028;673308;179584;493724;93656;83786;223110;93172
698;5;2029;677780;180201;497579;95204;83754;224853;93768
699;5;2030;681265;180694;500571;96615;83652;226148;94156
700;5;2031;678245;179344;498901;97292;82758;225253;93598
701;5;2032;674436;178085;496351;97784;81816;223911;92840
702;5;2033;673721;177430;496291;98571;81466;223726;92528
703;5;2034;676865;178034;498831;99713;81697;224741;92680
704;5;2035;680394;178781;501613;100788;82013;225927;92885
705;5;2036;689191;180844;508347;102346;83099;228996;93906
706;5;2037;696340;182364;513976;103564;83934;231617;94861
707;5;2038;700655;183362;517293;104451;84319;233129;95394
708;5;2039;700957;183255;517702;104927;84192;233240;95343
709;5;2040;698625;182410;516215;105083;83728;232456;94948
710;5;2041;691698;180477;511221;104772;82640;229989;93820
711;5;2042;685131;178564;506567;104381;81654;227728;92804
712;5;2043;678068;176534;501534;103886;80628;225288;91732
713;5;2044;670408;174347;496061;103304;79557;222646;90554
714;5;2045;663437;172343;491094;102767;78600;220245;89482
715;5;2046;657564;170649;486915;102309;77813;218223;88570
716;5;2047;653058;169358;483700;101975;77224;216656;87845
717;5;2048;649913;168367;481546;101775;76848;215593;87330
718;5;2049;648137;167745;480392;101704;76664;215009;87015
719;5;2050;647590;167406;480184;101763;76657;214874;86890
720;6;2003;736561;156751;579810;97799;109784;233886;138341
721;6;2004;750336;164344;585992;97670;111366;238492;138464
722;6;2005;762076;171257;590819;97581;112899;242162;138177
723;6;2006;770264;177138;593126;96941;114236;244949;137000
724;6;2007;771764;181249;590515;95405;114839;245376;134895
725;6;2008;771566;184919;586647;93494;115395;245349;132409
726;6;2009;770092;187617;582475;90679;116382;245077;130337
727;6;2010;773221;191626;581595;88105;117714;246824;128952
728;6;2011;775836;195291;580545;86269;118592;247952;127732
729;6;2012;774648;197958;576690;85263;117811;247509;126107
730;6;2013;767775;198342;569433;85130;114814;245171;124318
731;6;2014;748913;195373;553540;84416;109226;239709;120189
732;6;2015;718508;189024;529484;82668;101690;230357;114769
733;6;2016;686428;182030;504398;80646;94290;220767;108695
734;6;2017;659038;175891;483147;78657;88221;212785;103484
735;6;2018;636928;170829;466099;76248;84441;206523;98887
736;6;2019;626517;168549;457968;75107;82369;203885;96607
737;6;2020;620313;166881;453432;74833;80923;202641;95035
738;6;2021;622461;167115;455346;75025;80959;204222;95140
739;6;2022;624878;167006;457872;75311;81164;205935;95462
740;6;2023;625184;166774;458410;75958;80495;206560;95397
741;6;2024;623556;166217;457339;76452;79488;206378;95021
742;6;2025;624750;166483;458267;77383;78703;207082;95099
743;6;2026;624814;166192;458622;78619;77443;207468;95092
744;6;2027;629248;167023;462225;80087;76991;209352;95795
745;6;2028;637336;168754;468582;81966;77179;212441;96996
746;6;2029;646276;170486;475790;83976;77659;215855;98300
747;6;2030;654334;171793;482541;85907;78150;219008;99476
748;6;2031;664195;173831;490364;87905;78886;222679;100894
749;6;2032;671075;175056;496019;89588;79246;225337;101848
750;6;2033;676158;175802;500356;91023;79450;227384;102499
751;6;2034;680680;176472;504208;92379;79666;229150;103013
752;6;2035;684248;177054;507194;93592;79813;230457;103332
753;6;2036;681327;175838;505489;94107;79158;229536;102688
754;6;2037;677543;174634;502909;94445;78421;228171;101872
755;6;2038;676776;173974;502802;94979;78169;228035;101619
756;6;2039;679782;174444;505338;95790;78419;229157;101972
757;6;2040;683110;175037;508073;96526;78715;230433;102399
758;6;2041;691646;176910;514736;97730;79753;233591;103662
759;6;2042;698565;178353;520212;98801;80603;236173;104635
760;6;2043;702683;179317;523366;99588;81070;237601;105107
761;6;2044;702789;179172;523617;99906;81052;237668;104991
762;6;2045;700324;178345;521979;99952;80721;236818;104488
763;6;2046;693365;176482;516883;99507;79774;234318;103284
764;6;2047;686699;174599;512100;99005;78923;232013;102159
765;6;2048;679556;172598;506958;98419;78033;229526;100980
766;6;2049;671857;170437;501420;97750;77083;226864;99723
767;6;2050;664836;168459;496377;97099;76229;224458;98591
768;7;2003;671982;141656;530326;133135;147457;172076;77658
769;7;2004;685251;149527;535724;130358;145531;178017;81818
770;7;2005;700563;157540;543023;127373;144770;185152;85728
771;7;2006;714067;165302;548765;123975;144247;191568;88975
772;7;2007;728916;172929;555987;122160;144509;197926;91392
773;7;2008;742268;180150;562118;120519;145019;203588;92992
774;7;2009;755487;187231;568256;119452;145933;208613;94258
775;7;2010;766950;193720;573230;119042;146259;212531;95398
776;7;2011;775060;199190;575870;118467;146105;215395;95903
777;7;2012;776584;202807;573777;116491;144932;216766;95588
778;7;2013;776402;205947;570455;114056;143527;217637;95235
779;7;2014;774932;208117;566815;111303;142438;218370;94704
780;7;2015;777986;211506;566480;108650;142011;220975;94844
781;7;2016;780380;214570;565810;106660;141545;222789;94816
782;7;2017;778939;216677;562262;105385;139560;223106;94211
783;7;2018;771851;216572;555279;104530;135879;221844;93026
784;7;2019;752813;212985;539828;102675;130121;217064;89968
785;7;2020;722309;205765;516544;99562;122287;208789;85906
786;7;2021;690165;197919;492246;96424;114536;199822;81464
787;7;2022;662737;191028;471709;93665;108047;192262;77735
788;7;2023;640605;185337;455268;91132;103339;186041;74756
789;7;2024;630139;182712;447427;90151;100569;183376;73331
790;7;2025;623935;180844;443091;89908;98754;181959;72470
791;7;2026;626088;181072;445016;90029;98992;183263;72732
792;7;2027;628521;181019;447502;90094;99650;184714;73044
793;7;2028;628876;180843;448033;90375;99556;185178;72924
794;7;2029;627328;180307;447021;90348;99123;184975;72575
795;7;2030;628561;180599;447962;91008;98747;185612;72595
796;7;2031;628678;180261;448417;91973;97676;186111;72657
797;7;2032;633198;181139;452059;93291;97463;188010;73295
798;7;2033;641352;183027;458325;95181;98113;190828;74203
799;7;2034;650332;184985;465347;97264;99147;193822;75114
800;7;2035;658426;186501;471925;99261;100142;196571;75951
801;7;2036;668333;188733;479600;101390;101352;199824;77034
802;7;2037;675271;190137;485134;103082;102083;202182;77787
803;7;2038;680353;191005;489348;104567;102637;203895;78249
804;7;2039;684890;191832;493058;106008;103198;205273;78579
805;7;2040;688420;192507;495913;107294;103582;206260;78777
806;7;2041;685440;191233;494207;107683;102918;205325;78281
807;7;2042;681568;189931;491637;107850;102074;204032;77681
808;7;2043;680682;189202;491480;108269;101788;203879;77544
809;7;2044;683555;189639;493916;109039;102045;204925;77907
810;7;2045;686760;190197;496563;109754;102368;206114;78327
811;7;2046;695131;192159;502972;111046;103643;208939;79344
812;7;2047;701921;193737;508184;112221;104861;211085;80017
813;7;2048;705958;194790;511168;113084;105628;212172;80284
814;7;2049;705988;194659;511329;113331;105755;212097;80146
815;7;2050;703443;193777;509666;113252;105502;211207;79705
816;8;2003;639533;152492;487041;251273;142994;73195;19579
817;8;2004;639318;157345;481973;242173;141704;76869;21227
818;8;2005;644237;162958;481279;234339;142216;81588;23136
819;8;2006;652937;169466;483471;227773;143618;86915;25165
820;8;2007;664792;176733;488059;221028;146342;93232;27457
821;8;2008;674558;183360;491198;212516;149013;99813;29856
822;8;2009;687167;190870;496297;205510;152081;106571;32135
823;8;2010;702053;198841;503212;199556;156221;113380;34055
824;8;2011;715199;206482;508717;193945;159772;119231;35769
825;8;2012;729822;214121;515701;190553;163075;124728;37345
826;8;2013;742911;221230;521681;187894;165742;129391;38654
827;8;2014;755906;228214;527692;185985;168117;133619;39971
828;8;2015;767072;234445;532627;184088;169464;137710;41365
829;8;2016;774962;239592;535370;181711;169947;141335;42377
830;8;2017;776296;242612;533684;176736;169711;144290;42947
831;8;2018;775978;245099;530879;171004;169575;146928;43372
832;8;2019;774390;246631;527759;164222;170004;149697;43836
833;8;2020;777334;249521;527813;158156;171815;153292;44550
834;8;2021;779489;252149;527340;153527;173247;155611;44955
835;8;2022;777820;253761;524059;149985;172911;156240;44923
836;8;2023;770525;253051;517474;147365;170584;155182;44343
837;8;2024;751472;248443;503029;144126;165309;150812;42782
838;8;2025;721133;239699;481434;138553;157370;144624;40887
839;8;2026;689318;230309;459009;133171;148938;137964;38936
840;8;2027;662224;222086;440138;128909;141419;132425;37385
841;8;2028;640396;215321;425075;125061;135535;128181;36298
842;8;2029;630155;212162;417993;123432;132307;126393;35861
843;8;2030;624151;210015;414136;122532;130466;125468;35670
844;8;2031;626457;210363;416094;122663;131083;126403;35945
845;8;2032;628961;210474;418487;123144;131917;127273;36153
846;8;2033;629409;210406;419003;123751;131946;127252;36054
847;8;2034;627912;209867;418045;123999;131383;126807;35856
848;8;2035;629210;210259;418951;124898;131130;127031;35892
849;8;2036;629400;209929;419471;125515;130499;127424;36033
850;8;2037;633958;210985;422973;126742;130928;128829;36474
851;8;2038;642145;213273;428872;129059;132245;130605;36963
852;8;2039;651121;215700;435421;131831;133868;132319;37403
853;8;2040;659167;217617;441550;134477;135338;133908;37827
854;8;2041;669030;220289;448741;137253;137095;135973;38420
855;8;2042;675926;222016;453910;139293;138295;137471;38851
856;8;2043;680904;223133;457771;141084;139233;138375;39079
857;8;2044;685314;224193;461121;142856;140070;138981;39214
858;8;2045;688734;225053;463681;144367;140646;139364;39304
859;8;2046;685660;223667;461993;144468;139927;138536;39062
860;8;2047;681718;222182;459536;144249;138967;137533;38787
861;8;2048;680727;221403;459324;144418;138737;137397;38772
862;8;2049;683527;221930;461597;145111;139267;138178;39041
863;8;2050;686657;222607;464050;145718;139945;139062;39325
864;9;2003;582070;154459;427611;334460;75226;15575;2350
865;9;2004;612257;165709;446548;349200;78077;16702;2569
866;9;2005;633420;175692;457728;357684;79593;17691;2760
867;9;2006;657223;186683;470540;366727;81762;19010;3041
868;9;2007;641594;186585;455009;350719;80756;20225;3309
869;9;2008;634216;188590;445626;338005;81879;22021;3721
870;9;2009;633594;192444;441150;328740;84012;24210;4188
871;9;2010;638170;197485;440685;322010;87324;26659;4692
872;9;2011;646521;203623;442898;317322;91236;29177;5163
873;9;2012;657983;210665;447318;313666;95960;31997;5695
874;9;2013;667501;217059;450442;308757;100618;34825;6242
875;9;2014;679773;224376;455397;306105;105024;37531;6737
876;9;2015;694292;232286;462006;304870;109892;40072;7172
877;9;2016;707049;239717;467332;303535;113856;42314;7627
878;9;2017;721332;247272;474060;303713;117482;44729;8136
879;9;2018;734070;254182;479888;303734;120518;47022;8614
880;9;2019;746699;261003;485696;303136;123780;49586;9194
881;9;2020;757492;267005;490487;301579;126957;52233;9718
882;9;2021;765041;271803;493238;298682;129817;54626;10113
883;9;2022;766172;274305;491867;293234;131993;56281;10359
884;9;2023;765675;276221;489454;287405;133972;57522;10555
885;9;2024;763978;277262;486716;281430;135949;58605;10732
886;9;2025;766849;279979;486870;277160;138565;60112;11033
887;9;2026;768915;282335;486580;274434;140065;60899;11182
888;9;2027;767226;283471;483755;272097;139770;60760;11128
889;9;2028;759969;282090;477879;269161;137909;59908;10901
890;9;2029;741177;276372;464805;263366;133265;57710;10464
891;9;2030;711388;266338;445050;252692;127130;55236;9992
892;9;2031;680198;255702;424496;241494;120694;52732;9576
893;9;2032;653697;246531;407166;231852;115193;50830;9291
894;9;2033;632370;239072;393298;223579;111036;49549;9134
895;9;2034;622378;235603;386775;219554;108990;49121;9110
896;9;2035;616521;233312;383209;217214;107893;48974;9128
897;9;2036;618790;233829;384961;217774;108459;49477;9251
898;9;2037;621177;234092;387085;218965;108965;49822;9333
899;9;2038;621516;234039;387477;219828;108664;49680;9305
900;9;2039;619926;233438;386488;219836;107983;49408;9261
901;9;2040;621066;233878;387188;220555;107846;49487;9300
902;9;2041;621139;233633;387506;220515;107841;49760;9390
903;9;2042;625522;234964;390558;221806;108743;50448;9561
904;9;2043;633421;237604;395817;224924;110062;51120;9711
905;9;2044;642013;240345;401668;228736;111418;51685;9829
906;9;2045;649695;242563;407132;232246;112698;52237;9951
907;9;2046;659187;245628;413559;235987;114379;53059;10134
908;9;2047;665773;247660;418113;238582;115615;53648;10268
909;9;2048;670481;248989;421492;240841;116407;53919;10325
910;9;2049;674622;250208;424414;243025;116992;54047;10350
911;9;2050;677818;251180;426638;244746;117394;54125;10373
912;10;2003;436100;135474;300626;272456;26430;1636;104
913;10;2004;449493;139820;309673;281831;26084;1649;109
914;10;2005;466387;145244;321143;293181;26156;1695;111
915;10;2006;476021;148729;327292;299680;25787;1697;128
916;10;2007;527143;165286;361857;331107;28625;1987;138
917;10;2008;570221;180172;390049;357317;30430;2133;169
918;10;2009;598990;191544;407446;373335;31597;2321;193
919;10;2010;618892;201130;417762;382880;32157;2524;201
920;10;2011;641307;211864;429443;393345;33066;2800;232
921;10;2012;625888;210167;415721;379423;33000;3040;258
922;10;2013;618607;210991;407616;370132;33827;3366;291
923;10;2014;617899;213915;403984;364791;35130;3748;315
924;10;2015;622245;218258;403987;362659;36860;4119;349
925;10;2016;630243;223788;406455;362952;38671;4464;368
926;10;2017;641244;230335;410909;364904;40711;4892;402
927;10;2018;650400;236225;414175;365477;42849;5391;458
928;10;2019;662168;243072;419096;367965;44772;5858;501
929;10;2020;676107;250620;425487;371692;46925;6321;549
930;10;2021;688284;257603;430681;374594;48719;6770;598
931;10;2022;701974;264803;437171;378551;50652;7316;652
932;10;2023;714132;271334;442798;381931;52327;7836;704
933;10;2024;726241;277820;448421;385114;54199;8351;757
934;10;2025;736576;283461;453115;387494;55973;8848;800
935;10;2026;743797;287866;455931;388494;57429;9190;818
936;10;2027;744796;289865;454931;386569;58176;9365;821
937;10;2028;744208;291260;452948;383967;58673;9483;825
938;10;2029;742512;291859;450653;380979;59204;9635;835
939;10;2030;745334;294270;451064;380077;60196;9927;864
940;10;2031;747294;296258;451036;379551;60590;10030;865
941;10;2032;745507;296897;448610;377767;60073;9926;844
942;10;2033;738300;294970;443330;373918;58946;9664;802
943;10;2034;719848;288562;431286;364741;56575;9215;755
944;10;2035;690837;277820;413017;349623;53887;8790;717
945;10;2036;660520;266525;393995;333677;51212;8411;695
946;10;2037;634785;256865;377920;319954;49105;8172;689
947;10;2038;614119;249034;365085;308723;47637;8038;687
948;10;2039;604386;245348;359038;303304;47005;8034;695
949;10;2040;598633;242946;355687;300242;46700;8045;700
950;10;2041;600735;243535;357200;301237;47079;8167;717
951;10;2042;602892;243884;359008;302674;47379;8229;726
952;10;2043;603000;243828;359172;303055;47228;8170;719
953;10;2044;601266;243214;358052;302297;46944;8097;714
954;10;2045;602186;243708;358478;302654;46980;8121;723
955;10;2046;602118;243566;358552;302429;47181;8205;737
956;10;2047;606235;245061;361174;304272;47781;8363;758
957;10;2048;613743;247903;365840;308157;48435;8477;771
958;10;2049;621916;250837;371079;312722;49027;8551;779
959;10;2050;629230;253247;375983;316943;49610;8638;792
960;11;2003;375349;140094;235255;223237;11493;508;17
961;11;2004;382905;142255;240650;229122;11010;501;17
962;11;2005;391159;144993;246166;235135;10520;494;17
963;11;2006;401409;148394;253015;242549;9967;481;18
964;11;2007;407692;150634;257058;247239;9334;467;18
965;11;2008;417456;154419;263037;253745;8819;455;18
966;11;2009;430081;158732;271349;262335;8546;449;19
967;11;2010;446028;164286;281742;272812;8457;454;19
968;11;2011;454992;167610;287382;278669;8239;454;20
969;11;2012;503561;185265;318296;308723;9050;501;22
970;11;2013;544234;200798;343436;333479;9393;540;24
971;11;2014;571118;212228;358890;348719;9577;569;25
972;11;2015;589463;221385;368078;357773;9685;595;25
973;11;2016;610102;231878;378224;367641;9928;628;27
974;11;2017;595154;228493;366661;356181;9824;630;26
975;11;2018;588103;227958;360145;349649;9830;641;25
976;11;2019;587223;229777;357446;346734;10029;658;25
977;11;2020;591154;233266;357888;346873;10310;680;25
978;11;2021;598516;238042;360474;349187;10562;700;25
979;11;2022;608730;243956;364774;353089;10932;728;25
980;11;2023;617290;249178;368112;355945;11383;759;25
981;11;2024;628294;255408;372886;360309;11761;790;26
982;11;2025;641414;262422;378992;365881;12257;828;26
983;11;2026;652846;268815;384031;370663;12487;855;26
984;11;2027;665732;275494;390238;376474;12853;884;27
985;11;2028;677148;281490;395658;381683;13041;907;27
986;11;2029;688483;287448;401035;386809;13269;930;27
987;11;2030;698135;292526;405609;391200;13432;949;28
988;11;2031;704783;296409;408374;393882;13503;961;28
989;11;2032;705528;297830;407698;393199;13506;965;28
990;11;2033;704762;298633;406129;391698;13443;961;27
991;11;2034;703025;298684;404341;389910;13450;954;27
992;11;2035;705660;300535;405125;390642;13508;948;27
993;11;2036;707332;301955;405377;390957;13456;937;27
994;11;2037;705324;301965;403359;389271;13149;913;26
995;11;2038;698116;299486;398630;384906;12816;882;26
996;11;2039;680181;292500;387681;374501;12311;844;25
997;11;2040;652497;281191;371306;358742;11743;797;24
998;11;2041;623671;269338;354333;342397;11163;751;22
999;11;2042;599351;259258;340093;328662;10694;716;21
1000;11;2043;579831;251063;328768;317655;10401;692;20
1001;11;2044;570633;247125;323508;312479;10326;683;20
1002;11;2045;565180;244590;320590;309614;10278;678;20
1003;11;2046;567166;245187;321979;310900;10378;682;19
1004;11;2047;569206;245645;323561;312428;10430;684;19
1005;11;2048;569268;245676;323592;312551;10343;679;19
1006;11;2049;567562;245124;322438;311515;10233;672;18
1007;11;2050;568405;245708;322697;311762;10244;673;18
1008;12;2003;344909;164937;179972;175716;4065;178;13
1009;12;2004;345037;163932;181105;176779;4130;183;13
1010;12;2005;346422;163420;183002;178628;4173;187;14
1011;12;2006;345860;162062;183798;179455;4141;188;14
1012;12;2007;347563;161730;185833;181592;4041;186;14
1013;12;2008;348583;160865;187718;183612;3910;182;14
1014;12;2009;355449;163079;192370;188236;3931;189;14
1015;12;2010;362930;165796;197134;192880;4043;196;15
1016;12;2011;372260;169372;202888;198493;4174;206;15
1017;12;2012;377833;171590;206243;201761;4253;214;15
1018;12;2013;386627;175467;211160;206554;4364;226;16
1019;12;2014;398222;180039;218183;213411;4518;238;16
1020;12;2015;412938;185997;226941;221970;4704;250;17
1021;12;2016;421046;189389;231657;226582;4802;256;17
1022;12;2017;466001;208542;257459;251778;5361;301;19
1023;12;2018;503203;225162;278041;271905;5796;319;21
1024;12;2019;527494;237006;290488;284079;6053;335;21
1025;12;2020;543673;245990;297683;291102;6204;355;22
1026;12;2021;561786;256545;305241;298461;6375;383;22
1027;12;2022;547772;251332;296440;289833;6205;380;22
1028;12;2023;541180;249300;291880;285357;6121;381;21
1029;12;2024;540237;249945;290292;283801;6089;381;21
1030;12;2025;543763;252560;291203;284688;6107;387;21
1031;12;2026;550408;256595;293813;287241;6157;394;21
1032;12;2027;559694;261892;297802;291134;6240;407;21
1033;12;2028;567534;266408;301126;294390;6305;410;21
1034;12;2029;577558;271991;305567;298722;6400;423;22
1035;12;2030;589549;278433;311116;304142;6519;433;22
1036;12;2031;599839;284226;315613;308527;6619;445;22
1037;12;2032;611435;290384;321051;313836;6740;453;22
1038;12;2033;621572;295857;325715;318378;6848;466;23
1039;12;2034;631611;301303;330308;322849;6960;476;23
1040;12;2035;640023;305811;334212;326650;7056;483;23
1041;12;2036;645630;309129;336501;328880;7112;486;23
1042;12;2037;645881;309839;336042;328426;7107;486;23
1043;12;2038;644662;309845;334817;327215;7092;487;23
1044;12;2039;642639;309039;333600;326021;7075;481;23
1045;12;2040;644709;309851;334858;327240;7116;479;23
1046;12;2041;645804;310233;335571;327945;7135;468;23
1047;12;2042;643389;309213;334176;326596;7100;458;22
1048;12;2043;636310;305836;330474;322987;7016;449;22
1049;12;2044;619493;297989;321504;314230;6818;435;21
1050;12;2045;594039;285796;308243;301274;6534;415;20
1051;12;2046;567653;273131;294522;287872;6238;393;19
1052;12;2047;545497;262409;283088;276704;5991;375;18
1053;12;2048;527822;253690;274132;267958;5797;360;17
1054;12;2049;519575;249419;270156;264083;5704;352;17
1055;12;2050;514765;246747;268018;262009;5646;346;17
1056;13;2003;284505;175181;109324;107009;2215;91;9
1057;13;2004;284356;173839;110517;108155;2261;92;9
1058;13;2005;284818;172893;111925;109508;2314;94;9
1059;13;2006;288774;174118;114656;112156;2394;97;9
1060;13;2007;291422;174655;116767;114198;2461;99;9
1061;13;2008;295676;176254;119422;116771;2540;101;10
1062;13;2009;296161;175581;120580;117879;2588;103;10
1063;13;2010;297741;175455;122286;119527;2644;105;10
1064;13;2011;297720;174420;123300;120500;2683;107;10
1065;13;2012;299567;174446;125121;122261;2740;110;10
1066;13;2013;300805;173999;126806;123891;2792;112;11
1067;13;2014;307031;176663;130368;127355;2885;117;11
1068;13;2015;313770;179746;134024;130911;2980;122;11
1069;13;2016;322116;183792;138324;135096;3089;127;12
1070;13;2017;327080;186204;140876;137568;3166;130;12
1071;13;2018;334846;190251;144595;141184;3265;134;12
1072;13;2019;345311;195294;150017;146463;3400;141;13
1073;13;2020;358511;201830;156681;152957;3563;148;13
1074;13;2021;365703;205381;160322;156494;3664;151;13
1075;13;2022;405551;226172;179379;175093;4095;176;15
1076;13;2023;438116;243818;194298;189631;4458;193;16
1077;13;2024;458987;255780;203207;198303;4691;197;16
1078;13;2025;472550;264257;208293;203229;4846;201;17
1079;13;2026;487238;273937;213301;208106;4974;204;17
1080;13;2027;475272;267345;207927;202855;4854;202;16
1081;13;2028;469912;264278;205634;200609;4806;203;16
1082;13;2029;469258;264009;205249;200225;4805;203;16
1083;13;2030;472421;265900;206521;201457;4843;205;16
1084;13;2031;478224;269276;208948;203816;4909;207;16
1085;13;2032;486268;273993;212275;207051;4995;213;16
1086;13;2033;493148;277948;215200;209893;5075;216;16
1087;13;2034;501843;282959;218884;213473;5174;221;16
1088;13;2035;512249;288895;223354;217816;5295;226;17
1089;13;2036;521128;294066;227062;221417;5398;230;17
1090;13;2037;531156;299673;231483;225715;5517;234;17
1091;13;2038;539895;304523;235372;229494;5623;238;17
1092;13;2039;548563;309319;239244;233257;5727;243;17
1093;13;2040;555866;313145;242721;236634;5822;247;18
1094;13;2041;560580;315662;244918;238766;5887;247;18
1095;13;2042;560691;315389;245302;239137;5904;243;18
1096;13;2043;559491;314295;245196;239043;5896;240;17
1097;13;2044;557743;312519;245224;239092;5878;237;17
1098;13;2045;559788;312502;247286;241132;5899;238;17
1099;13;2046;560774;312023;248751;242585;5912;237;17
1100;13;2047;558513;309998;248515;242377;5890;231;17
1101;13;2048;552020;305692;246328;240266;5822;224;16
1102;13;2049;536984;296936;240048;234163;5655;214;16
1103;13;2050;514824;284098;230726;225094;5413;204;15
1104;14;2003;195507;146424;49083;47984;1039;55;5
1105;14;2004;204872;153275;51597;50424;1110;58;5
1106;14;2005;211624;158197;53427;52196;1166;60;5
1107;14;2006;211850;157805;54045;52784;1195;61;5
1108;14;2007;212092;157346;54746;53454;1224;62;6
1109;14;2008;211991;156659;55332;54015;1248;63;6
1110;14;2009;212791;156449;56342;54994;1279;63;6
1111;14;2010;213970;156530;57440;56058;1312;64;6
1112;14;2011;217775;158520;59255;57823;1360;66;6
1113;14;2012;220409;159746;60663;59192;1398;67;6
1114;14;2013;224172;161834;62338;60821;1442;68;7
1115;14;2014;225038;161799;63239;61695;1468;69;7
1116;14;2015;226713;162247;64466;62890;1499;70;7
1117;14;2016;227255;161865;65390;63790;1522;71;7
1118;14;2017;229133;162388;66745;65110;1556;72;7
1119;14;2018;230521;162488;68033;66364;1590;72;7
1120;14;2019;235678;165328;70350;68619;1650;74;7
1121;14;2020;241107;168377;72730;70936;1710;76;8
1122;14;2021;247779;172316;75463;73597;1780;78;8
1123;14;2022;251664;174554;77110;75194;1828;80;8
1124;14;2023;257809;178334;79475;77494;1891;82;8
1125;14;2024;266402;183428;82974;80904;1976;85;9
1126;14;2025;277212;190039;87173;85003;2073;88;9
1127;14;2026;283077;193598;89479;87250;2130;90;9
1128;14;2027;315128;214009;101119;98612;2398;99;10
1129;14;2028;340750;230782;109968;107251;2600;106;11
1130;14;2029;356702;241634;115068;112215;2731;111;11
1131;14;2030;366546;248697;117849;114901;2824;113;11
1132;14;2031;376440;256143;120297;117266;2900;120;11
1133;14;2032;367480;249676;117804;114834;2843;116;11
1134;14;2033;363866;246701;117165;114211;2828;115;11
1135;14;2034;363629;246199;117430;114470;2835;114;11
1136;14;2035;366238;247689;118549;115557;2867;114;11
1137;14;2036;370786;250478;120308;117267;2915;115;11
1138;14;2037;376987;254424;122563;119461;2973;118;11
1139;14;2038;382405;257711;124694;121538;3026;119;11
1140;14;2039;389165;261869;127296;124071;3094;120;11
1141;14;2040;397262;266862;130400;127094;3172;123;11
1142;14;2041;404113;271019;133094;129716;3242;125;11
1143;14;2042;411918;275658;136260;132803;3319;127;11
1144;14;2043;418691;279551;139140;135608;3391;129;12
1145;14;2044;425426;283358;142068;138463;3461;132;12
1146;14;2045;431210;286340;144870;141199;3525;134;12
1147;14;2046;434715;287945;146770;143055;3568;135;12
1148;14;2047;434681;287046;147635;143902;3586;135;12
1149;14;2048;433568;285324;148244;144504;3593;135;12
1150;14;2049;432224;283131;149093;145351;3597;134;11
1151;14;2050;434201;282696;151505;147729;3631;134;11
1152;15;2003;93869;80414;13455;13033;380;40;2
1153;15;2004;94390;80871;13519;13085;391;41;2
1154;15;2005;95828;81927;13901;13447;409;43;2
1155;15;2006;102750;87600;15150;14648;452;47;3
1156;15;2007;108917;92709;16208;15659;494;52;3
1157;15;2008;114125;97040;17085;16491;535;56;3
1158;15;2009;119940;101856;18084;17445;576;60;3
1159;15;2010;124006;105185;18821;18147;608;63;3
1160;15;2011;124646;105463;19183;18488;627;65;3
1161;15;2012;125364;105769;19595;18878;647;67;3
1162;15;2013;125757;105817;19940;19204;663;69;4
1163;15;2014;126900;106437;20463;19707;682;70;4
1164;15;2015;128116;107099;21017;20239;702;72;4
1165;15;2016;130860;109026;21834;21026;730;74;4
1166;15;2017;132665;110194;22471;21636;754;77;4
1167;15;2018;135011;111821;23190;22327;780;79;4
1168;15;2019;135472;111847;23625;22745;796;80;4
1169;15;2020;136356;112144;24212;23311;816;81;4
1170;15;2021;136681;111970;24711;23790;834;83;4
1171;15;2022;137869;112491;25378;24431;858;85;4
1172;15;2023;138860;112840;26020;25048;882;86;4
1173;15;2024;142250;115160;27090;26074;921;90;5
1174;15;2025;145833;117655;28178;27120;959;94;5
1175;15;2026;150208;120802;29406;28298;1005;98;5
1176;15;2027;152620;122476;30144;29002;1036;101;5
1177;15;2028;156491;125289;31202;30019;1074;104;5
1178;15;2029;162244;129435;32809;31567;1128;109;5
1179;15;2030;169378;134710;34668;33356;1191;115;6
1180;15;2031;173017;137398;35619;34262;1232;119;6
1181;15;2032;194069;153327;40742;39204;1398;134;6
1182;15;2033;209992;165585;44407;42720;1531;149;7
1183;15;2034;219163;172868;46295;44504;1627;157;7
1184;15;2035;224160;176919;47241;45398;1676;160;7
1185;15;2036;228495;180532;47963;46099;1696;161;7
1186;15;2037;223329;176123;47206;45366;1674;159;7
1187;15;2038;221705;174442;47263;45418;1679;159;7
1188;15;2039;221816;174209;47607;45745;1694;161;7
1189;15;2040;223537;175249;48288;46396;1722;163;7
1190;15;2041;226336;177094;49242;47315;1754;166;7
1191;15;2042;230087;179679;50408;48437;1795;169;7
1192;15;2043;233502;181907;51595;49580;1835;173;7
1193;15;2044;237648;184628;53020;50951;1885;177;7
1194;15;2045;242638;187974;54664;52536;1939;182;7
1195;15;2046;246752;190586;56166;53984;1989;186;7
1196;15;2047;251544;193664;57880;55642;2041;190;7
1197;15;2048;255616;196122;59494;57204;2090;193;7
1198;15;2049;259678;198501;61177;58831;2141;198;7
1199;15;2050;263242;200360;62882;60482;2191;202;7
1200;16;2003;28991;26218;2773;2682;78;12;1
1201;16;2004;30774;27840;2934;2837;83;13;1
1202;16;2005;32444;29401;3043;2942;87;13;1
1203;16;2006;33400;30315;3085;2983;88;13;1
1204;16;2007;34467;31310;3157;3051;91;14;1
1205;16;2008;35400;32161;3239;3131;93;14;1
1206;16;2009;35929;32643;3286;3177;94;14;1
1207;16;2010;36914;33501;3413;3300;97;15;1
1208;16;2011;40246;36476;3770;3647;106;16;1
1209;16;2012;43011;38948;4063;3931;114;17;1
1210;16;2013;45197;40889;4308;4170;119;18;1
1211;16;2014;47532;42941;4591;4445;126;19;1
1212;16;2015;49042;44243;4799;4648;131;19;1
1213;16;2016;49346;44437;4909;4754;134;20;1
1214;16;2017;49671;44646;5025;4868;136;20;1
1215;16;2018;49770;44653;5117;4959;137;20;1
1216;16;2019;50271;45017;5254;5093;139;20;2
1217;16;2020;50661;45267;5394;5230;142;20;2
1218;16;2021;51679;46061;5618;5450;146;20;2
1219;16;2022;52247;46464;5783;5612;149;20;2
1220;16;2023;53073;47096;5977;5801;153;21;2
1221;16;2024;53170;47075;6095;5917;155;21;2
1222;16;2025;53530;47275;6255;6075;157;21;2
1223;16;2026;53802;47391;6411;6228;160;21;2
1224;16;2027;54404;47796;6608;6422;163;21;2
1225;16;2028;54926;48139;6787;6597;167;21;2
1226;16;2029;56463;49366;7097;6900;173;22;2
1227;16;2030;58027;50617;7410;7207;179;22;2
1228;16;2031;59898;52139;7759;7547;187;23;2
1229;16;2032;60791;52834;7957;7741;191;23;2
1230;16;2033;62364;54117;8247;8024;197;24;2
1231;16;2034;64945;56245;8700;8466;207;25;2
1232;16;2035;68062;58868;9194;8947;219;26;2
1233;16;2036;69406;59988;9418;9167;223;26;2
1234;16;2037;78834;67953;10881;10591;257;30;3
1235;16;2038;85259;73400;11859;11544;280;32;3
1236;16;2039;88379;76053;12326;11999;290;34;3
1237;16;2040;89649;77091;12558;12226;295;34;3
1238;16;2041;90489;77757;12732;12397;298;34;3
1239;16;2042;88608;75985;12623;12291;295;34;3
1240;16;2043;88314;75562;12752;12417;298;34;3
1241;16;2044;88494;75566;12928;12590;301;34;3
1242;16;2045;89237;76034;13203;12859;307;34;3
1243;16;2046;90356;76801;13555;13203;314;35;3
1244;16;2047;91838;77862;13976;13614;323;36;3
1245;16;2048;93242;78817;14425;14054;332;36;3
1246;16;2049;94889;79920;14969;14586;343;37;3
1247;16;2050;96890;81313;15577;15180;356;38;3
1248;17;2003;5227;4779;448;433;13;2;0
1249;17;2004;5737;5252;485;469;14;2;0
1250;17;2005;6306;5782;524;507;15;2;0
1251;17;2006;6813;6256;557;539;16;2;0
1252;17;2007;7238;6646;592;572;17;3;0
1253;17;2008;7771;7138;633;612;18;3;0
1254;17;2009;8301;7628;673;651;19;3;0
1255;17;2010;8826;8113;713;690;20;3;0
1256;17;2011;9123;8386;737;713;21;3;0
1257;17;2012;9432;8669;763;738;22;3;0
1258;17;2013;9733;8945;788;763;22;3;0
1259;17;2014;9915;9110;805;780;22;3;0
1260;17;2015;10227;9392;835;809;23;3;0
1261;17;2016;11150;10226;924;895;25;4;0
1262;17;2017;11836;10853;983;953;26;4;0
1263;17;2018;12314;11282;1032;1001;27;4;0
1264;17;2019;12776;11690;1086;1054;28;4;0
1265;17;2020;13016;11891;1125;1092;29;4;0
1266;17;2021;13103;11958;1145;1111;30;4;0
1267;17;2022;13196;12028;1168;1134;30;4;0
1268;17;2023;13223;12036;1187;1153;30;4;0
1269;17;2024;13417;12198;1219;1184;31;4;0
1270;17;2025;13559;12315;1244;1209;31;4;0
1271;17;2026;13860;12566;1294;1258;32;4;0
1272;17;2027;14026;12699;1327;1291;32;4;0
1273;17;2028;14240;12873;1367;1330;33;4;0
1274;17;2029;14298;12905;1393;1355;33;5;0
1275;17;2030;14422;12999;1423;1384;34;5;0
1276;17;2031;14572;13119;1453;1414;34;5;0
1277;17;2032;14774;13293;1481;1441;35;5;0
1278;17;2033;14970;13448;1522;1481;36;5;0
1279;17;2034;15402;13818;1584;1542;37;5;0
1280;17;2035;15824;14177;1647;1604;38;5;0
1281;17;2036;16324;14609;1715;1671;39;5;0
1282;17;2037;16553;14800;1753;1708;40;5;0
1283;17;2038;16969;15149;1820;1773;42;5;0
1284;17;2039;17724;15804;1920;1871;44;5;0
1285;17;2040;18599;16570;2029;1977;46;6;0
1286;17;2041;18965;16883;2082;2029;47;6;0
1287;17;2042;21526;19136;2390;2329;54;7;0
1288;17;2043;23148;20551;2597;2532;58;7;0
1289;17;2044;23878;21173;2705;2635;61;8;1
1290;17;2045;24130;21363;2767;2696;62;8;1
1291;17;2046;24178;21362;2816;2744;63;8;1
1292;17;2047;24160;21297;2863;2790;64;8;1
1293;17;2048;24398;21469;2929;2854;66;8;1
1294;17;2049;24567;21569;2998;2922;67;8;1
1295;17;2050;24786;21701;3085;3007;69;8;1
