ID;AlleLeeftijden;Geslacht;RegioS2005;Perioden;TotaleBevolking_1;Autochtoon_2;Totaal1eEn2eGeneratie_3;k_1eGeneratie_4;k_2eGeneratie_5;Totaal1eEn2eGeneratie_6;k_1eGeneratie_7;k_2eGeneratie_8;Regiocode_9
0;Totaal over alle leeftijden;Totaal bevolking;Nederland;2006;16328200;13180474;1427296;582180;845116;1720430;1016412;704018;1
1;Totaal over alle leeftijden;Totaal bevolking;Nederland;2007;16360887;13181138;1432793;584348;848445;1746956;1015756;731200;1
2;Totaal over alle leeftijden;Totaal bevolking;Nederland;2008;16393833;13179242;1440581;588931;851650;1774010;1016518;757492;1
3;Totaal over alle leeftijden;Totaal bevolking;Nederland;2009;16427652;13175034;1451053;596198;854855;1801565;1018682;782883;1
4;Totaal over alle leeftijden;Totaal bevolking;Nederland;2010;16462595;13168820;1464237;606154;858083;1829538;1022008;807530;1
5;Totaal over alle leeftijden;Totaal bevolking;Nederland;2011;16498384;13160920;1479930;618510;861420;1857534;1026134;831400;1
6;Totaal over alle leeftijden;Totaal bevolking;Nederland;2012;16534458;13151460;1497621;632723;864898;1885377;1030887;854490;1
7;Totaal over alle leeftijden;Totaal bevolking;Nederland;2013;16570527;13140792;1516691;648144;868547;1913044;1036166;876878;1
8;Totaal over alle leeftijden;Totaal bevolking;Nederland;2014;16606081;13129284;1536187;663749;872438;1940610;1042009;898601;1
9;Totaal over alle leeftijden;Totaal bevolking;Nederland;2015;16640640;13117174;1555429;678924;876505;1968037;1048338;919699;1
10;Totaal over alle leeftijden;Totaal bevolking;Nederland;2016;16674211;13104583;1574258;693491;880767;1995370;1055116;940254;1
11;Totaal over alle leeftijden;Totaal bevolking;Nederland;2017;16706859;13091718;1592580;707415;885165;2022561;1062278;960283;1
12;Totaal over alle leeftijden;Totaal bevolking;Nederland;2018;16738665;13078536;1610522;720829;889693;2049607;1069745;979862;1
13;Totaal over alle leeftijden;Totaal bevolking;Nederland;2019;16769801;13065270;1628112;733792;894320;2076419;1077458;998961;1
14;Totaal over alle leeftijden;Totaal bevolking;Nederland;2020;16800181;13051734;1645433;746400;899033;2103014;1085323;1017691;1
15;Totaal over alle leeftijden;Totaal bevolking;Nederland;2021;16829578;13037774;1662497;758687;903810;2129307;1093256;1036051;1
16;Totaal over alle leeftijden;Totaal bevolking;Nederland;2022;16857880;13023228;1679358;770725;908633;2155294;1101175;1054119;1
17;Totaal over alle leeftijden;Totaal bevolking;Nederland;2023;16884884;13007811;1696120;782582;913538;2180953;1109084;1071869;1
18;Totaal over alle leeftijden;Totaal bevolking;Nederland;2024;16910345;12991307;1712752;794261;918491;2206286;1116885;1089401;1
19;Totaal over alle leeftijden;Totaal bevolking;Nederland;2025;16934122;12973351;1729347;805827;923520;2231424;1124686;1106738;1
20;Totaal over alle leeftijden;Totaal bevolking;Noord-Nederland (LD);2006;1701655;1530165;97465;38420;59045;74025;48011;26014;1
21;Totaal over alle leeftijden;Totaal bevolking;Noord-Nederland (LD);2007;1703245;1528630;98793;39206;59587;75822;48708;27114;1
22;Totaal over alle leeftijden;Totaal bevolking;Noord-Nederland (LD);2008;1705037;1526888;100345;40271;60074;77804;49574;28230;1
23;Totaal over alle leeftijden;Totaal bevolking;Noord-Nederland (LD);2009;1706947;1524704;102282;41590;60692;79961;50577;29384;1
24;Totaal over alle leeftijden;Totaal bevolking;Noord-Nederland (LD);2010;1709272;1522657;104368;43101;61267;82247;51696;30551;1
25;Totaal over alle leeftijden;Totaal bevolking;Noord-Nederland (LD);2011;1711692;1520336;106775;44927;61848;84581;52869;31712;1
26;Totaal over alle leeftijden;Totaal bevolking;Noord-Nederland (LD);2012;1714628;1518059;109508;47084;62424;87061;54135;32926;1
27;Totaal over alle leeftijden;Totaal bevolking;Noord-Nederland (LD);2013;1717618;1515594;112403;49356;63047;89621;55477;34144;1
28;Totaal over alle leeftijden;Totaal bevolking;Noord-Nederland (LD);2014;1720685;1513072;115371;51684;63687;92242;56833;35409;1
29;Totaal over alle leeftijden;Totaal bevolking;Noord-Nederland (LD);2015;1724121;1510927;118401;54091;64310;94793;58216;36577;1
30;Totaal over alle leeftijden;Totaal bevolking;Noord-Nederland (LD);2016;1727608;1508676;121495;56442;65053;97437;59656;37781;1
31;Totaal over alle leeftijden;Totaal bevolking;Noord-Nederland (LD);2017;1730968;1506157;124603;58875;65728;100208;61145;39063;1
32;Totaal over alle leeftijden;Totaal bevolking;Noord-Nederland (LD);2018;1734219;1503596;127625;61179;66446;102998;62688;40310;1
33;Totaal over alle leeftijden;Totaal bevolking;Noord-Nederland (LD);2019;1737312;1501043;130473;63344;67129;105796;64260;41536;1
34;Totaal over alle leeftijden;Totaal bevolking;Noord-Nederland (LD);2020;1740343;1498338;133332;65498;67834;108673;65962;42711;1
35;Totaal over alle leeftijden;Totaal bevolking;Noord-Nederland (LD);2021;1743433;1495524;136266;67596;68670;111643;67759;43884;1
36;Totaal over alle leeftijden;Totaal bevolking;Noord-Nederland (LD);2022;1746559;1492562;139191;69745;69446;114806;69662;45144;1
37;Totaal over alle leeftijden;Totaal bevolking;Noord-Nederland (LD);2023;1749391;1489324;142101;71852;70249;117966;71598;46368;1
38;Totaal over alle leeftijden;Totaal bevolking;Noord-Nederland (LD);2024;1752314;1486000;145010;74023;70987;121304;73636;47668;1
39;Totaal over alle leeftijden;Totaal bevolking;Noord-Nederland (LD);2025;1754963;1482270;147917;76274;71643;124776;75813;48963;1
40;Totaal over alle leeftijden;Totaal bevolking;Oost-Nederland (LD);2006;3455781;2933815;255995;92662;163333;265971;158288;107683;2
41;Totaal over alle leeftijden;Totaal bevolking;Oost-Nederland (LD);2007;3465498;2936496;256872;93013;163859;272130;159921;112209;2
42;Totaal over alle leeftijden;Totaal bevolking;Oost-Nederland (LD);2008;3475184;2938896;257972;93761;164211;278316;161684;116632;2
43;Totaal over alle leeftijden;Totaal bevolking;Oost-Nederland (LD);2009;3485543;2941012;259655;95039;164616;284876;163761;121115;2
44;Totaal over alle leeftijden;Totaal bevolking;Oost-Nederland (LD);2010;3495047;2942148;261615;96552;165063;291284;165718;125566;2
45;Totaal over alle leeftijden;Totaal bevolking;Oost-Nederland (LD);2011;3504668;2942905;264093;98508;165585;297670;167888;129782;2
46;Totaal over alle leeftijden;Totaal bevolking;Oost-Nederland (LD);2012;3513988;2943189;266745;100786;165959;304054;169984;134070;2
47;Totaal over alle leeftijden;Totaal bevolking;Oost-Nederland (LD);2013;3523231;2943099;269663;103221;166442;310469;172296;138173;2
48;Totaal over alle leeftijden;Totaal bevolking;Oost-Nederland (LD);2014;3532277;2942939;272549;105660;166889;316789;174506;142283;2
49;Totaal over alle leeftijden;Totaal bevolking;Oost-Nederland (LD);2015;3540843;2942489;275496;108086;167410;322858;176778;146080;2
50;Totaal over alle leeftijden;Totaal bevolking;Oost-Nederland (LD);2016;3549120;2941936;278186;110408;167778;328998;179088;149910;2
51;Totaal over alle leeftijden;Totaal bevolking;Oost-Nederland (LD);2017;3556834;2941177;280799;112568;168231;334858;181370;153488;2
52;Totaal over alle leeftijden;Totaal bevolking;Oost-Nederland (LD);2018;3564720;2940308;283512;114825;168687;340900;183751;157149;2
53;Totaal over alle leeftijden;Totaal bevolking;Oost-Nederland (LD);2019;3572316;2939612;285976;116802;169174;346728;186079;160649;2
54;Totaal over alle leeftijden;Totaal bevolking;Oost-Nederland (LD);2020;3579747;2938770;288477;118802;169675;352500;188434;164066;2
55;Totaal over alle leeftijden;Totaal bevolking;Oost-Nederland (LD);2021;3586742;2937846;290721;120512;170209;358175;190616;167559;2
56;Totaal over alle leeftijden;Totaal bevolking;Oost-Nederland (LD);2022;3593417;2936996;292943;122234;170709;363478;192635;170843;2
57;Totaal over alle leeftijden;Totaal bevolking;Oost-Nederland (LD);2023;3599759;2935770;294943;123768;171175;369046;194846;174200;2
58;Totaal over alle leeftijden;Totaal bevolking;Oost-Nederland (LD);2024;3605691;2934231;297088;125507;171581;374372;196936;177436;2
59;Totaal over alle leeftijden;Totaal bevolking;Oost-Nederland (LD);2025;3611502;2932623;299193;127109;172084;379686;198950;180736;2
60;Totaal over alle leeftijden;Totaal bevolking;West-Nederland (LD);2006;7625951;5755821;725686;324595;401091;1144444;672119;472325;3
61;Totaal over alle leeftijden;Totaal bevolking;West-Nederland (LD);2007;7648729;5757908;731055;326987;404068;1159766;669472;490294;3
62;Totaal over alle leeftijden;Totaal bevolking;West-Nederland (LD);2008;7672385;5759135;737941;330783;407158;1175309;667794;507515;3
63;Totaal over alle leeftijden;Totaal bevolking;West-Nederland (LD);2009;7696499;5759663;746036;335943;410093;1190800;666828;523972;3
64;Totaal over alle leeftijden;Totaal bevolking;West-Nederland (LD);2010;7721692;5759228;755960;342690;413270;1206504;666774;539730;3
65;Totaal over alle leeftijden;Totaal bevolking;West-Nederland (LD);2011;7747436;5757959;767175;350639;416536;1222302;667195;555107;3
66;Totaal over alle leeftijden;Totaal bevolking;West-Nederland (LD);2012;7773664;5756193;779553;359415;420138;1237918;668180;569738;3
67;Totaal over alle leeftijden;Totaal bevolking;West-Nederland (LD);2013;7800182;5754240;792819;369106;423713;1253123;669240;583883;3
68;Totaal over alle leeftijden;Totaal bevolking;West-Nederland (LD);2014;7826107;5751542;806292;378827;427465;1268273;670807;597466;3
69;Totaal over alle leeftijden;Totaal bevolking;West-Nederland (LD);2015;7851553;5748388;819530;388213;431317;1283635;672746;610889;3
70;Totaal over alle leeftijden;Totaal bevolking;West-Nederland (LD);2016;7876722;5745231;832648;397308;435340;1298843;675011;623832;3
71;Totaal over alle leeftijden;Totaal bevolking;West-Nederland (LD);2017;7901680;5742277;845510;405963;439547;1313893;677472;636421;3
72;Totaal over alle leeftijden;Totaal bevolking;West-Nederland (LD);2018;7926118;5739360;857970;414293;443677;1328788;680062;648726;3
73;Totaal over alle leeftijden;Totaal bevolking;West-Nederland (LD);2019;7950465;5735924;870721;422653;448068;1343820;683004;660816;3
74;Totaal over alle leeftijden;Totaal bevolking;West-Nederland (LD);2020;7974526;5732562;883456;430889;452567;1358508;685902;672606;3
75;Totaal over alle leeftijden;Totaal bevolking;West-Nederland (LD);2021;7997919;5728952;896044;439126;456918;1372923;688912;684011;3
76;Totaal over alle leeftijden;Totaal bevolking;West-Nederland (LD);2022;8021025;5725227;908651;447228;461423;1387147;691840;695307;3
77;Totaal over alle leeftijden;Totaal bevolking;West-Nederland (LD);2023;8043472;5721340;921257;455292;465965;1400875;694638;706237;3
78;Totaal over alle leeftijden;Totaal bevolking;West-Nederland (LD);2024;8064919;5716818;933752;463002;470750;1414349;697268;717081;3
79;Totaal over alle leeftijden;Totaal bevolking;West-Nederland (LD);2025;8085332;5711640;946259;470682;475577;1427433;699684;727749;3
80;Totaal over alle leeftijden;Totaal bevolking;Zuid-Nederland (LD);2006;3544813;2960673;348150;126503;221647;235990;137994;97996;4
81;Totaal over alle leeftijden;Totaal bevolking;Zuid-Nederland (LD);2007;3543415;2958104;346073;125142;220931;239238;137655;101583;4
82;Totaal over alle leeftijden;Totaal bevolking;Zuid-Nederland (LD);2008;3541227;2954323;344323;124116;220207;242581;137466;105115;4
83;Totaal over alle leeftijden;Totaal bevolking;Zuid-Nederland (LD);2009;3538663;2949655;343080;123626;219454;245928;137516;108412;4
84;Totaal over alle leeftijden;Totaal bevolking;Zuid-Nederland (LD);2010;3536584;2944787;342294;123811;218483;249503;137820;111683;4
85;Totaal over alle leeftijden;Totaal bevolking;Zuid-Nederland (LD);2011;3534588;2939720;341887;124436;217451;252981;138182;114799;4
86;Totaal over alle leeftijden;Totaal bevolking;Zuid-Nederland (LD);2012;3532178;2934019;341815;125438;216377;256344;138588;117756;4
87;Totaal over alle leeftijden;Totaal bevolking;Zuid-Nederland (LD);2013;3529496;2927859;341806;126461;215345;259831;139153;120678;4
88;Totaal over alle leeftijden;Totaal bevolking;Zuid-Nederland (LD);2014;3527012;2921731;341975;127578;214397;263306;139863;123443;4
89;Totaal over alle leeftijden;Totaal bevolking;Zuid-Nederland (LD);2015;3524123;2915370;342002;128534;213468;266751;140598;126153;4
90;Totaal over alle leeftijden;Totaal bevolking;Zuid-Nederland (LD);2016;3520761;2908740;341929;129333;212596;270092;141361;128731;4
91;Totaal over alle leeftijden;Totaal bevolking;Zuid-Nederland (LD);2017;3517377;2902107;341668;130009;211659;273602;142291;131311;4
92;Totaal over alle leeftijden;Totaal bevolking;Zuid-Nederland (LD);2018;3513608;2895272;341415;130532;210883;276921;143244;133677;4
93;Totaal over alle leeftijden;Totaal bevolking;Zuid-Nederland (LD);2019;3509708;2888691;340942;130993;209949;280075;144115;135960;4
94;Totaal over alle leeftijden;Totaal bevolking;Zuid-Nederland (LD);2020;3505565;2882064;340168;131211;208957;283333;145025;138308;4
95;Totaal over alle leeftijden;Totaal bevolking;Zuid-Nederland (LD);2021;3501484;2875452;339466;131453;208013;286566;145969;140597;4
96;Totaal over alle leeftijden;Totaal bevolking;Zuid-Nederland (LD);2022;3496879;2868443;338573;131518;207055;289863;147038;142825;4
97;Totaal over alle leeftijden;Totaal bevolking;Zuid-Nederland (LD);2023;3492262;2861377;337819;131670;206149;293066;148002;145064;4
98;Totaal over alle leeftijden;Totaal bevolking;Zuid-Nederland (LD);2024;3487421;2854258;336902;131729;205173;296261;149045;147216;4
99;Totaal over alle leeftijden;Totaal bevolking;Zuid-Nederland (LD);2025;3482325;2846818;335978;131762;204216;299529;150239;149290;4
100;Totaal over alle leeftijden;Totaal bevolking;Groningen (PV);2006;573086;501379;39139;16228;22911;32568;20963;11605;20
101;Totaal over alle leeftijden;Totaal bevolking;Groningen (PV);2007;572923;500231;39628;16653;22975;33064;21138;11926;20
102;Totaal over alle leeftijden;Totaal bevolking;Groningen (PV);2008;573763;499752;40261;17183;23078;33750;21395;12355;20
103;Totaal over alle leeftijden;Totaal bevolking;Groningen (PV);2009;575292;499530;41113;17851;23262;34649;21827;12822;20
104;Totaal over alle leeftijden;Totaal bevolking;Groningen (PV);2010;577117;499447;42021;18611;23410;35649;22403;13246;20
105;Totaal over alle leeftijden;Totaal bevolking;Groningen (PV);2011;579005;499195;43252;19540;23712;36558;22872;13686;20
106;Totaal over alle leeftijden;Totaal bevolking;Groningen (PV);2012;581169;499022;44555;20598;23957;37592;23456;14136;20
107;Totaal over alle leeftijden;Totaal bevolking;Groningen (PV);2013;583344;498805;45923;21726;24197;38616;24002;14614;20
108;Totaal over alle leeftijden;Totaal bevolking;Groningen (PV);2014;585620;498651;47290;22881;24409;39679;24558;15121;20
109;Totaal over alle leeftijden;Totaal bevolking;Groningen (PV);2015;588002;498559;48694;24039;24655;40749;25119;15630;20
110;Totaal over alle leeftijden;Totaal bevolking;Groningen (PV);2016;590384;498362;50081;25187;24894;41941;25804;16137;20
111;Totaal over alle leeftijden;Totaal bevolking;Groningen (PV);2017;592710;498132;51519;26361;25158;43059;26431;16628;20
112;Totaal over alle leeftijden;Totaal bevolking;Groningen (PV);2018;594946;497983;52806;27395;25411;44157;27063;17094;20
113;Totaal over alle leeftijden;Totaal bevolking;Groningen (PV);2019;597140;497769;54064;28397;25667;45307;27689;17618;20
114;Totaal over alle leeftijden;Totaal bevolking;Groningen (PV);2020;599215;497362;55345;29282;26063;46508;28404;18104;20
115;Totaal over alle leeftijden;Totaal bevolking;Groningen (PV);2021;601299;496799;56719;30238;26481;47781;29233;18548;20
116;Totaal over alle leeftijden;Totaal bevolking;Groningen (PV);2022;603392;496193;57976;31164;26812;49223;30090;19133;20
117;Totaal over alle leeftijden;Totaal bevolking;Groningen (PV);2023;605322;495495;59199;32051;27148;50628;30969;19659;20
118;Totaal over alle leeftijden;Totaal bevolking;Groningen (PV);2024;607208;494738;60322;32947;27375;52148;31924;20224;20
119;Totaal over alle leeftijden;Totaal bevolking;Groningen (PV);2025;609037;493670;61632;33922;27710;53735;32900;20835;20
120;Totaal over alle leeftijden;Totaal bevolking;Friesland (PV);2006;645238;588775;31026;11713;19313;25437;16917;8520;21
121;Totaal over alle leeftijden;Totaal bevolking;Friesland (PV);2007;646232;588382;31675;11963;19712;26175;17216;8959;21
122;Totaal over alle leeftijden;Totaal bevolking;Friesland (PV);2008;646536;587329;32349;12344;20005;26858;17528;9330;21
123;Totaal over alle leeftijden;Totaal bevolking;Friesland (PV);2009;646574;585878;33113;12791;20322;27583;17850;9733;21
124;Totaal over alle leeftijden;Totaal bevolking;Friesland (PV);2010;646636;584486;33845;13276;20569;28305;18149;10156;21
125;Totaal over alle leeftijden;Totaal bevolking;Friesland (PV);2011;646749;582998;34626;13815;20811;29125;18563;10562;21
126;Totaal over alle leeftijden;Totaal bevolking;Friesland (PV);2012;646992;581570;35494;14457;21037;29928;18903;11025;21
127;Totaal over alle leeftijden;Totaal bevolking;Friesland (PV);2013;647294;580016;36463;15199;21264;30815;19387;11428;21
128;Totaal over alle leeftijden;Totaal bevolking;Friesland (PV);2014;647540;578392;37443;15921;21522;31705;19841;11864;21
129;Totaal over alle leeftijden;Totaal bevolking;Friesland (PV);2015;647961;576924;38457;16648;21809;32580;20346;12234;21
130;Totaal over alle leeftijden;Totaal bevolking;Friesland (PV);2016;648441;575517;39574;17378;22196;33350;20736;12614;21
131;Totaal over alle leeftijden;Totaal bevolking;Friesland (PV);2017;648881;574032;40490;18033;22457;34359;21278;13081;21
132;Totaal over alle leeftijden;Totaal bevolking;Friesland (PV);2018;649273;572382;41584;18799;22785;35307;21767;13540;21
133;Totaal over alle leeftijden;Totaal bevolking;Friesland (PV);2019;649614;570890;42551;19483;23068;36173;22266;13907;21
134;Totaal over alle leeftijden;Totaal bevolking;Friesland (PV);2020;650038;569462;43469;20194;23275;37107;22805;14302;21
135;Totaal over alle leeftijden;Totaal bevolking;Friesland (PV);2021;650484;568035;44401;20857;23544;38048;23349;14699;21
136;Totaal over alle leeftijden;Totaal bevolking;Friesland (PV);2022;650941;566568;45362;21533;23829;39011;23973;15038;21
137;Totaal over alle leeftijden;Totaal bevolking;Friesland (PV);2023;651362;564991;46367;22252;24115;40004;24572;15432;21
138;Totaal over alle leeftijden;Totaal bevolking;Friesland (PV);2024;651899;563433;47423;23033;24390;41043;25175;15868;21
139;Totaal over alle leeftijden;Totaal bevolking;Friesland (PV);2025;652316;561880;48339;23724;24615;42097;25848;16249;21
140;Totaal over alle leeftijden;Totaal bevolking;Drenthe (PV);2006;483331;440011;27300;10479;16821;16020;10131;5889;22
141;Totaal over alle leeftijden;Totaal bevolking;Drenthe (PV);2007;484090;440017;27490;10590;16900;16583;10354;6229;22
142;Totaal over alle leeftijden;Totaal bevolking;Drenthe (PV);2008;484738;439807;27735;10744;16991;17196;10651;6545;22
143;Totaal over alle leeftijden;Totaal bevolking;Drenthe (PV);2009;485081;439296;28056;10948;17108;17729;10900;6829;22
144;Totaal over alle leeftijden;Totaal bevolking;Drenthe (PV);2010;485519;438724;28502;11214;17288;18293;11144;7149;22
145;Totaal over alle leeftijden;Totaal bevolking;Drenthe (PV);2011;485938;438143;28897;11572;17325;18898;11434;7464;22
146;Totaal over alle leeftijden;Totaal bevolking;Drenthe (PV);2012;486467;437467;29459;12029;17430;19541;11776;7765;22
147;Totaal over alle leeftijden;Totaal bevolking;Drenthe (PV);2013;486980;436773;30017;12431;17586;20190;12088;8102;22
148;Totaal over alle leeftijden;Totaal bevolking;Drenthe (PV);2014;487525;436029;30638;12882;17756;20858;12434;8424;22
149;Totaal over alle leeftijden;Totaal bevolking;Drenthe (PV);2015;488158;435444;31250;13404;17846;21464;12751;8713;22
150;Totaal over alle leeftijden;Totaal bevolking;Drenthe (PV);2016;488783;434797;31840;13877;17963;22146;13116;9030;22
151;Totaal over alle leeftijden;Totaal bevolking;Drenthe (PV);2017;489377;433993;32594;14481;18113;22790;13436;9354;22
152;Totaal over alle leeftijden;Totaal bevolking;Drenthe (PV);2018;490000;433231;33235;14985;18250;23534;13858;9676;22
153;Totaal over alle leeftijden;Totaal bevolking;Drenthe (PV);2019;490558;432384;33858;15464;18394;24316;14305;10011;22
154;Totaal over alle leeftijden;Totaal bevolking;Drenthe (PV);2020;491090;431514;34518;16022;18496;25058;14753;10305;22
155;Totaal over alle leeftijden;Totaal bevolking;Drenthe (PV);2021;491650;430690;35146;16501;18645;25814;15177;10637;22
156;Totaal over alle leeftijden;Totaal bevolking;Drenthe (PV);2022;492226;429801;35853;17048;18805;26572;15599;10973;22
157;Totaal over alle leeftijden;Totaal bevolking;Drenthe (PV);2023;492707;428838;36535;17549;18986;27334;16057;11277;22
158;Totaal over alle leeftijden;Totaal bevolking;Drenthe (PV);2024;493207;427829;37265;18043;19222;28113;16537;11576;22
159;Totaal over alle leeftijden;Totaal bevolking;Drenthe (PV);2025;493610;426720;37946;18628;19318;28944;17065;11879;22
160;Totaal over alle leeftijden;Totaal bevolking;Overijssel (PV);2006;1111346;957140;76980;27297;49683;77226;45586;31640;23
161;Totaal over alle leeftijden;Totaal bevolking;Overijssel (PV);2007;1113580;958103;76987;27318;49669;78490;45592;32898;23
162;Totaal over alle leeftijden;Totaal bevolking;Overijssel (PV);2008;1116541;959533;77228;27477;49751;79780;45691;34089;23
163;Totaal over alle leeftijden;Totaal bevolking;Overijssel (PV);2009;1119430;960641;77595;27789;49806;81194;45853;35341;23
164;Totaal over alle leeftijden;Totaal bevolking;Overijssel (PV);2010;1122193;961349;78155;28266;49889;82689;46155;36534;23
165;Totaal over alle leeftijden;Totaal bevolking;Overijssel (PV);2011;1124940;962064;78693;28742;49951;84183;46475;37708;23
166;Totaal over alle leeftijden;Totaal bevolking;Overijssel (PV);2012;1127623;962658;79376;29353;50023;85589;46718;38871;23
167;Totaal over alle leeftijden;Totaal bevolking;Overijssel (PV);2013;1130329;963023;80203;29988;50215;87103;47137;39966;23
168;Totaal over alle leeftijden;Totaal bevolking;Overijssel (PV);2014;1132932;963342;80939;30584;50355;88651;47535;41116;23
169;Totaal over alle leeftijden;Totaal bevolking;Overijssel (PV);2015;1135415;963501;81743;31179;50564;90171;48048;42123;23
170;Totaal over alle leeftijden;Totaal bevolking;Overijssel (PV);2016;1137809;963485;82529;31761;50768;91795;48546;43249;23
171;Totaal over alle leeftijden;Totaal bevolking;Overijssel (PV);2017;1139967;963596;83169;32245;50924;93202;48968;44234;23
172;Totaal over alle leeftijden;Totaal bevolking;Overijssel (PV);2018;1142314;963824;83830;32799;51031;94660;49441;45219;23
173;Totaal over alle leeftijden;Totaal bevolking;Overijssel (PV);2019;1144550;963908;84539;33300;51239;96103;49915;46188;23
174;Totaal over alle leeftijden;Totaal bevolking;Overijssel (PV);2020;1146727;964033;85219;33712;51507;97475;50365;47110;23
175;Totaal over alle leeftijden;Totaal bevolking;Overijssel (PV);2021;1148782;964007;85864;34030;51834;98911;50814;48097;23
176;Totaal over alle leeftijden;Totaal bevolking;Overijssel (PV);2022;1150738;964174;86316;34370;51946;100248;51270;48978;23
177;Totaal over alle leeftijden;Totaal bevolking;Overijssel (PV);2023;1152535;964161;86684;34570;52114;101690;51764;49926;23
178;Totaal over alle leeftijden;Totaal bevolking;Overijssel (PV);2024;1154127;963977;87123;34872;52251;103027;52276;50751;23
179;Totaal over alle leeftijden;Totaal bevolking;Overijssel (PV);2025;1155748;963943;87419;35067;52352;104386;52777;51609;23
180;Totaal over alle leeftijden;Totaal bevolking;Flevoland (PV);2006;370111;278016;29900;12367;17533;62195;36850;25345;24
181;Totaal over alle leeftijden;Totaal bevolking;Flevoland (PV);2007;374708;279994;30334;12740;17594;64380;37927;26453;24
182;Totaal over alle leeftijden;Totaal bevolking;Flevoland (PV);2008;379440;282039;30764;13206;17558;66637;39035;27602;24
183;Totaal over alle leeftijden;Totaal bevolking;Flevoland (PV);2009;384844;284313;31418;13817;17601;69113;40397;28716;24
184;Totaal over alle leeftijden;Totaal bevolking;Flevoland (PV);2010;389988;286522;32107;14466;17641;71359;41463;29896;24
185;Totaal over alle leeftijden;Totaal bevolking;Flevoland (PV);2011;395216;288584;32972;15226;17746;73660;42610;31050;24
186;Totaal over alle leeftijden;Totaal bevolking;Flevoland (PV);2012;400475;290525;33937;16065;17872;76013;43812;32201;24
187;Totaal over alle leeftijden;Totaal bevolking;Flevoland (PV);2013;405678;292555;34849;16962;17887;78274;44967;33307;24
188;Totaal over alle leeftijden;Totaal bevolking;Flevoland (PV);2014;410839;294472;35880;17873;18007;80487;46068;34419;24
189;Totaal over alle leeftijden;Totaal bevolking;Flevoland (PV);2015;415954;296450;36890;18780;18110;82614;47136;35478;24
190;Totaal over alle leeftijden;Totaal bevolking;Flevoland (PV);2016;420941;298285;37880;19672;18208;84776;48212;36564;24
191;Totaal over alle leeftijden;Totaal bevolking;Flevoland (PV);2017;425861;299987;38952;20574;18378;86922;49386;37536;24
192;Totaal over alle leeftijden;Totaal bevolking;Flevoland (PV);2018;430738;301731;39995;21385;18610;89012;50406;38606;24
193;Totaal over alle leeftijden;Totaal bevolking;Flevoland (PV);2019;435547;303461;41036;22217;18819;91050;51333;39717;24
194;Totaal over alle leeftijden;Totaal bevolking;Flevoland (PV);2020;440213;305057;42074;23070;19004;93082;52284;40798;24
195;Totaal over alle leeftijden;Totaal bevolking;Flevoland (PV);2021;444823;306773;43123;23854;19269;94927;53163;41764;24
196;Totaal over alle leeftijden;Totaal bevolking;Flevoland (PV);2022;449354;308412;44205;24613;19592;96737;53960;42777;24
197;Totaal over alle leeftijden;Totaal bevolking;Flevoland (PV);2023;453766;310004;45240;25432;19808;98522;54716;43806;24
198;Totaal over alle leeftijden;Totaal bevolking;Flevoland (PV);2024;458032;311424;46328;26271;20057;100280;55454;44826;24
199;Totaal over alle leeftijden;Totaal bevolking;Flevoland (PV);2025;462195;312748;47440;27089;20351;102007;56254;45753;24
200;Totaal over alle leeftijden;Totaal bevolking;Gelderland (PV);2006;1974324;1698659;149115;52998;96117;126550;75852;50698;25
201;Totaal over alle leeftijden;Totaal bevolking;Gelderland (PV);2007;1977210;1698399;149551;52955;96596;129260;76402;52858;25
202;Totaal over alle leeftijden;Totaal bevolking;Gelderland (PV);2008;1979203;1697324;149980;53078;96902;131899;76958;54941;25
203;Totaal over alle leeftijden;Totaal bevolking;Gelderland (PV);2009;1981269;1696058;150642;53433;97209;134569;77511;57058;25
204;Totaal over alle leeftijden;Totaal bevolking;Gelderland (PV);2010;1982866;1694277;151353;53820;97533;137236;78100;59136;25
205;Totaal over alle leeftijden;Totaal bevolking;Gelderland (PV);2011;1984512;1692257;152428;54540;97888;139827;78803;61024;25
206;Totaal over alle leeftijden;Totaal bevolking;Gelderland (PV);2012;1985890;1690006;153432;55368;98064;142452;79454;62998;25
207;Totaal over alle leeftijden;Totaal bevolking;Gelderland (PV);2013;1987224;1687521;154611;56271;98340;145092;80192;64900;25
208;Totaal over alle leeftijden;Totaal bevolking;Gelderland (PV);2014;1988506;1685125;155730;57203;98527;147651;80903;66748;25
209;Totaal over alle leeftijden;Totaal bevolking;Gelderland (PV);2015;1989474;1682538;156863;58127;98736;150073;81594;68479;25
210;Totaal over alle leeftijden;Totaal bevolking;Gelderland (PV);2016;1990370;1680166;157777;58975;98802;152427;82330;70097;25
211;Totaal over alle leeftijden;Totaal bevolking;Gelderland (PV);2017;1991006;1677594;158678;59749;98929;154734;83016;71718;25
212;Totaal over alle leeftijden;Totaal bevolking;Gelderland (PV);2018;1991668;1674753;159687;60641;99046;157228;83904;73324;25
213;Totaal over alle leeftijden;Totaal bevolking;Gelderland (PV);2019;1992219;1672243;160401;61285;99116;159575;84831;74744;25
214;Totaal over alle leeftijden;Totaal bevolking;Gelderland (PV);2020;1992807;1669680;161184;62020;99164;161943;85785;76158;25
215;Totaal over alle leeftijden;Totaal bevolking;Gelderland (PV);2021;1993137;1667066;161734;62628;99106;164337;86639;77698;25
216;Totaal over alle leeftijden;Totaal bevolking;Gelderland (PV);2022;1993325;1664410;162422;63251;99171;166493;87405;79088;25
217;Totaal over alle leeftijden;Totaal bevolking;Gelderland (PV);2023;1993458;1661605;163019;63766;99253;168834;88366;80468;25
218;Totaal over alle leeftijden;Totaal bevolking;Gelderland (PV);2024;1993532;1658830;163637;64364;99273;171065;89206;81859;25
219;Totaal over alle leeftijden;Totaal bevolking;Gelderland (PV);2025;1993559;1655932;164334;64953;99381;173293;89919;83374;25
220;Totaal over alle leeftijden;Totaal bevolking;Utrecht (PV);2006;1173190;946226;95995;36718;59277;130969;74765;56204;26
221;Totaal over alle leeftijden;Totaal bevolking;Utrecht (PV);2007;1178722;948542;96473;37010;59463;133707;75261;58446;26
222;Totaal over alle leeftijden;Totaal bevolking;Utrecht (PV);2008;1184013;950205;97062;37366;59696;136746;75881;60865;26
223;Totaal over alle leeftijden;Totaal bevolking;Utrecht (PV);2009;1189484;952260;97801;37881;59920;139423;76305;63118;26
224;Totaal over alle leeftijden;Totaal bevolking;Utrecht (PV);2010;1193026;952549;98657;38438;60219;141820;76520;65300;26
225;Totaal over alle leeftijden;Totaal bevolking;Utrecht (PV);2011;1196641;953049;99416;38939;60477;144176;76823;67353;26
226;Totaal over alle leeftijden;Totaal bevolking;Utrecht (PV);2012;1200235;953289;100386;39656;60730;146560;77196;69364;26
227;Totaal over alle leeftijden;Totaal bevolking;Utrecht (PV);2013;1203769;953499;101447;40388;61059;148823;77594;71229;26
228;Totaal over alle leeftijden;Totaal bevolking;Utrecht (PV);2014;1207087;953818;102333;41145;61188;150936;77976;72960;26
229;Totaal over alle leeftijden;Totaal bevolking;Utrecht (PV);2015;1210352;953950;103337;41892;61445;153065;78304;74761;26
230;Totaal over alle leeftijden;Totaal bevolking;Utrecht (PV);2016;1213608;954102;104360;42633;61727;155146;78738;76408;26
231;Totaal over alle leeftijden;Totaal bevolking;Utrecht (PV);2017;1216670;954334;105359;43475;61884;156977;79061;77916;26
232;Totaal over alle leeftijden;Totaal bevolking;Utrecht (PV);2018;1219644;954586;106249;44155;62094;158809;79321;79488;26
233;Totaal over alle leeftijden;Totaal bevolking;Utrecht (PV);2019;1222515;954559;107301;44929;62372;160655;79616;81039;26
234;Totaal over alle leeftijden;Totaal bevolking;Utrecht (PV);2020;1225275;954526;108032;45462;62570;162717;80113;82604;26
235;Totaal over alle leeftijden;Totaal bevolking;Utrecht (PV);2021;1227900;954394;108894;46051;62843;164612;80630;83982;26
236;Totaal over alle leeftijden;Totaal bevolking;Utrecht (PV);2022;1230455;954233;109703;46580;63123;166519;81093;85426;26
237;Totaal over alle leeftijden;Totaal bevolking;Utrecht (PV);2023;1232936;954125;110552;47242;63310;168259;81534;86725;26
238;Totaal over alle leeftijden;Totaal bevolking;Utrecht (PV);2024;1235257;953865;111253;47790;63463;170139;82032;88107;26
239;Totaal over alle leeftijden;Totaal bevolking;Utrecht (PV);2025;1237474;953466;112085;48329;63756;171923;82471;89452;26
240;Totaal over alle leeftijden;Totaal bevolking;Noord-Holland (PV);2006;2604282;1919677;272898;124181;148717;411707;240874;170833;27
241;Totaal over alle leeftijden;Totaal bevolking;Noord-Holland (PV);2007;2614359;1922935;275199;125249;149950;416225;239417;176808;27
242;Totaal over alle leeftijden;Totaal bevolking;Noord-Holland (PV);2008;2624115;1925539;277971;126805;151166;420605;238246;182359;27
243;Totaal over alle leeftijden;Totaal bevolking;Noord-Holland (PV);2009;2633594;1927750;280977;128816;152161;424867;237270;187597;27
244;Totaal over alle leeftijden;Totaal bevolking;Noord-Holland (PV);2010;2645975;1931113;285007;131569;153438;429855;237016;192839;27
245;Totaal over alle leeftijden;Totaal bevolking;Noord-Holland (PV);2011;2658250;1934030;289389;134780;154609;434831;236784;198047;27
246;Totaal over alle leeftijden;Totaal bevolking;Noord-Holland (PV);2012;2670639;1936618;294301;138252;156049;439720;236903;202817;27
247;Totaal over alle leeftijden;Totaal bevolking;Noord-Holland (PV);2013;2682954;1938795;299579;142107;157472;444580;237036;207544;27
248;Totaal over alle leeftijden;Totaal bevolking;Noord-Holland (PV);2014;2694923;1940583;304810;145956;158854;449530;237508;212022;27
249;Totaal over alle leeftijden;Totaal bevolking;Noord-Holland (PV);2015;2706723;1942234;309808;149632;160176;454681;238106;216575;27
250;Totaal over alle leeftijden;Totaal bevolking;Noord-Holland (PV);2016;2718304;1943510;314856;153243;161613;459938;238936;221002;27
251;Totaal over alle leeftijden;Totaal bevolking;Noord-Holland (PV);2017;2729774;1944835;319839;156670;163169;465100;239721;225379;27
252;Totaal over alle leeftijden;Totaal bevolking;Noord-Holland (PV);2018;2740799;1946062;324549;159923;164626;470188;240713;229475;27
253;Totaal over alle leeftijden;Totaal bevolking;Noord-Holland (PV);2019;2751840;1946916;329359;163226;166133;475565;241952;233613;27
254;Totaal over alle leeftijden;Totaal bevolking;Noord-Holland (PV);2020;2762724;1947920;334199;166468;167731;480605;243035;237570;27
255;Totaal over alle leeftijden;Totaal bevolking;Noord-Holland (PV);2021;2773386;1948725;338828;169747;169081;485833;244175;241658;27
256;Totaal over alle leeftijden;Totaal bevolking;Noord-Holland (PV);2022;2783882;1949485;343357;172932;170425;491040;245486;245554;27
257;Totaal over alle leeftijden;Totaal bevolking;Noord-Holland (PV);2023;2794126;1950120;348089;176170;171919;495917;246615;249302;27
258;Totaal over alle leeftijden;Totaal bevolking;Noord-Holland (PV);2024;2804011;1950051;352897;179343;173554;501063;247884;253179;27
259;Totaal over alle leeftijden;Totaal bevolking;Noord-Holland (PV);2025;2813403;1949903;357479;182469;175010;506021;249025;256996;27
260;Totaal over alle leeftijden;Totaal bevolking;Zuid-Holland (PV);2006;3470852;2569349;318163;146126;172037;583340;345491;237849;28
261;Totaal over alle leeftijden;Totaal bevolking;Zuid-Holland (PV);2007;3478802;2567122;320953;147268;173685;590727;343575;247152;28
262;Totaal over alle leeftijden;Totaal bevolking;Zuid-Holland (PV);2008;3488296;2565438;324539;149143;175396;598319;342292;256027;28
263;Totaal over alle leeftijden;Totaal bevolking;Zuid-Holland (PV);2009;3498383;2563211;328939;151757;177182;606233;341638;264595;28
264;Totaal over alle leeftijden;Totaal bevolking;Zuid-Holland (PV);2010;3508473;2560610;334006;155178;178828;613857;341357;272500;28
265;Totaal over alle leeftijden;Totaal bevolking;Zuid-Holland (PV);2011;3519073;2557349;340001;159353;180648;621723;341490;280233;28
266;Totaal over alle leeftijden;Totaal bevolking;Zuid-Holland (PV);2012;3530073;2554273;346360;163798;182562;629440;341726;287714;28
267;Totaal over alle leeftijden;Totaal bevolking;Zuid-Holland (PV);2013;3541453;2551473;353077;168737;184340;636903;342017;294886;28
268;Totaal over alle leeftijden;Totaal bevolking;Zuid-Holland (PV);2014;3552759;2548056;360266;173612;186654;644437;342554;301883;28
269;Totaal over alle leeftijden;Totaal bevolking;Zuid-Holland (PV);2015;3563896;2544618;367415;178450;188965;651863;343286;308577;28
270;Totaal over alle leeftijden;Totaal bevolking;Zuid-Holland (PV);2016;3574963;2541408;374355;183083;191272;659200;344029;315171;28
271;Totaal over alle leeftijden;Totaal bevolking;Zuid-Holland (PV);2017;3586122;2538251;381249;187425;193824;666622;345088;321534;28
272;Totaal over alle leeftijden;Totaal bevolking;Zuid-Holland (PV);2018;3597097;2535129;388013;191684;196329;673955;346129;327826;28
273;Totaal over alle leeftijden;Totaal bevolking;Zuid-Holland (PV);2019;3608162;2532052;394971;195974;198997;681139;347251;333888;28
274;Totaal over alle leeftijden;Totaal bevolking;Zuid-Holland (PV);2020;3619050;2528996;402034;200353;201681;688020;348210;339810;28
275;Totaal over alle leeftijden;Totaal bevolking;Zuid-Holland (PV);2021;3629632;2525821;409066;204629;204437;694745;349269;345476;28
276;Totaal over alle leeftijden;Totaal bevolking;Zuid-Holland (PV);2022;3640162;2522703;416276;208892;207384;701183;350091;351092;28
277;Totaal over alle leeftijden;Totaal bevolking;Zuid-Holland (PV);2023;3650374;2519498;423211;212937;210274;707665;350935;356730;28
278;Totaal over alle leeftijden;Totaal bevolking;Zuid-Holland (PV);2024;3660061;2516477;430090;216848;213242;713494;351496;361998;28
279;Totaal over alle leeftijden;Totaal bevolking;Zuid-Holland (PV);2025;3669307;2513118;437051;220781;216270;719138;351953;367185;28
280;Totaal over alle leeftijden;Totaal bevolking;Zeeland (PV);2006;377627;320569;38630;17570;21060;18428;10989;7439;29
281;Totaal over alle leeftijden;Totaal bevolking;Zeeland (PV);2007;376846;319309;38430;17460;20970;19107;11219;7888;29
282;Totaal over alle leeftijden;Totaal bevolking;Zeeland (PV);2008;375961;317953;38369;17469;20900;19639;11375;8264;29
283;Totaal over alle leeftijden;Totaal bevolking;Zeeland (PV);2009;375038;316442;38319;17489;20830;20277;11615;8662;29
284;Totaal over alle leeftijden;Totaal bevolking;Zeeland (PV);2010;374218;314956;38290;17505;20785;20972;11881;9091;29
285;Totaal over alle leeftijden;Totaal bevolking;Zeeland (PV);2011;373472;313531;38369;17567;20802;21572;12098;9474;29
286;Totaal over alle leeftijden;Totaal bevolking;Zeeland (PV);2012;372717;312013;38506;17709;20797;22198;12355;9843;29
287;Totaal over alle leeftijden;Totaal bevolking;Zeeland (PV);2013;372006;310473;38716;17874;20842;22817;12593;10224;29
288;Totaal over alle leeftijden;Totaal bevolking;Zeeland (PV);2014;371338;309085;38883;18114;20769;23370;12769;10601;29
289;Totaal over alle leeftijden;Totaal bevolking;Zeeland (PV);2015;370582;307586;38970;18239;20731;24026;13050;10976;29
290;Totaal over alle leeftijden;Totaal bevolking;Zeeland (PV);2016;369847;306211;39077;18349;20728;24559;13308;11251;29
291;Totaal over alle leeftijden;Totaal bevolking;Zeeland (PV);2017;369114;304857;39063;18393;20670;25194;13602;11592;29
292;Totaal over alle leeftijden;Totaal bevolking;Zeeland (PV);2018;368578;303583;39159;18531;20628;25836;13899;11937;29
293;Totaal over alle leeftijden;Totaal bevolking;Zeeland (PV);2019;367948;302397;39090;18524;20566;26461;14185;12276;29
294;Totaal over alle leeftijden;Totaal bevolking;Zeeland (PV);2020;367477;301120;39191;18606;20585;27166;14544;12622;29
295;Totaal over alle leeftijden;Totaal bevolking;Zeeland (PV);2021;367001;300012;39256;18699;20557;27733;14838;12895;29
296;Totaal over alle leeftijden;Totaal bevolking;Zeeland (PV);2022;366526;298806;39315;18824;20491;28405;15170;13235;29
297;Totaal over alle leeftijden;Totaal bevolking;Zeeland (PV);2023;366036;297597;39405;18943;20462;29034;15554;13480;29
298;Totaal over alle leeftijden;Totaal bevolking;Zeeland (PV);2024;365590;296425;39512;19021;20491;29653;15856;13797;29
299;Totaal over alle leeftijden;Totaal bevolking;Zeeland (PV);2025;365148;295153;39644;19103;20541;30351;16235;14116;29
300;Totaal over alle leeftijden;Totaal bevolking;Noord-Brabant (PV);2006;2413141;2049557;186943;70014;116929;176641;102045;74596;30
301;Totaal over alle leeftijden;Totaal bevolking;Noord-Brabant (PV);2007;2415916;2049286;187494;70117;117377;179136;101848;77288;30
302;Totaal over alle leeftijden;Totaal bevolking;Noord-Brabant (PV);2008;2418310;2048464;188175;70444;117731;181671;101762;79909;30
303;Totaal over alle leeftijden;Totaal bevolking;Noord-Brabant (PV);2009;2419954;2046890;188899;70871;118028;184165;101811;82354;30
304;Totaal over alle leeftijden;Totaal bevolking;Noord-Brabant (PV);2010;2422092;2045229;190001;71806;118195;186862;102081;84781;30
305;Totaal over alle leeftijden;Totaal bevolking;Noord-Brabant (PV);2011;2424226;2043495;191256;72900;118356;189475;102382;87093;30
306;Totaal over alle leeftijden;Totaal bevolking;Noord-Brabant (PV);2012;2425843;2041350;192601;74178;118423;191892;102628;89264;30
307;Totaal over alle leeftijden;Totaal bevolking;Noord-Brabant (PV);2013;2427479;2038774;194240;75541;118699;194465;103058;91407;30
308;Totaal over alle leeftijden;Totaal bevolking;Noord-Brabant (PV);2014;2429056;2036079;195887;77008;118879;197090;103689;93401;30
309;Totaal over alle leeftijden;Totaal bevolking;Noord-Brabant (PV);2015;2430209;2033228;197361;78273;119088;199620;104188;95432;30
310;Totaal over alle leeftijden;Totaal bevolking;Noord-Brabant (PV);2016;2431106;2030134;198901;79514;119387;202071;104771;97300;30
311;Totaal over alle leeftijden;Totaal bevolking;Noord-Brabant (PV);2017;2431902;2027119;200127;80572;119555;204656;105442;99214;30
312;Totaal over alle leeftijden;Totaal bevolking;Noord-Brabant (PV);2018;2432360;2023634;201512;81517;119995;207214;106240;100974;30
313;Totaal over alle leeftijden;Totaal bevolking;Noord-Brabant (PV);2019;2432573;2020454;202670;82464;120206;209449;106811;102638;30
314;Totaal over alle leeftijden;Totaal bevolking;Noord-Brabant (PV);2020;2432684;2017280;203557;83199;120358;211847;107455;104392;30
315;Totaal over alle leeftijden;Totaal bevolking;Noord-Brabant (PV);2021;2432586;2013792;204535;83978;120557;214259;108136;106123;30
316;Totaal over alle leeftijden;Totaal bevolking;Noord-Brabant (PV);2022;2432251;2010249;205399;84574;120825;216603;108891;107712;30
317;Totaal over alle leeftijden;Totaal bevolking;Noord-Brabant (PV);2023;2431762;2006614;206266;85154;121112;218882;109575;109307;30
318;Totaal over alle leeftijden;Totaal bevolking;Noord-Brabant (PV);2024;2431168;2002979;206924;85745;121179;221265;110354;110911;30
319;Totaal over alle leeftijden;Totaal bevolking;Noord-Brabant (PV);2025;2430229;1999034;207585;86225;121360;223610;111159;112451;30
320;Totaal over alle leeftijden;Totaal bevolking;Limburg (PV);2006;1131672;911116;161207;56489;104718;59349;35949;23400;31
321;Totaal over alle leeftijden;Totaal bevolking;Limburg (PV);2007;1127499;908818;158579;55025;103554;60102;35807;24295;31
322;Totaal over alle leeftijden;Totaal bevolking;Limburg (PV);2008;1122917;905859;156148;53672;102476;60910;35704;25206;31
323;Totaal over alle leeftijden;Totaal bevolking;Limburg (PV);2009;1118709;902765;154181;52755;101426;61763;35705;26058;31
324;Totaal over alle leeftijden;Totaal bevolking;Limburg (PV);2010;1114492;899558;152293;52005;100288;62641;35739;26902;31
325;Totaal over alle leeftijden;Totaal bevolking;Limburg (PV);2011;1110362;896225;150631;51536;99095;63506;35800;27706;31
326;Totaal over alle leeftijden;Totaal bevolking;Limburg (PV);2012;1106335;892669;149214;51260;97954;64452;35960;28492;31
327;Totaal over alle leeftijden;Totaal bevolking;Limburg (PV);2013;1102017;889085;147566;50920;96646;65366;36095;29271;31
328;Totaal over alle leeftijden;Totaal bevolking;Limburg (PV);2014;1097956;885652;146088;50570;95518;66216;36174;30042;31
329;Totaal over alle leeftijden;Totaal bevolking;Limburg (PV);2015;1093914;882142;144641;50261;94380;67131;36410;30721;31
330;Totaal over alle leeftijden;Totaal bevolking;Limburg (PV);2016;1089655;878606;143028;49819;93209;68021;36590;31431;31
331;Totaal over alle leeftijden;Totaal bevolking;Limburg (PV);2017;1085475;874988;141541;49437;92104;68946;36849;32097;31
332;Totaal over alle leeftijden;Totaal bevolking;Limburg (PV);2018;1081248;871638;139903;49015;90888;69707;37004;32703;31
333;Totaal over alle leeftijden;Totaal bevolking;Limburg (PV);2019;1077135;868237;138272;48529;89743;70626;37304;33322;31
334;Totaal over alle leeftijden;Totaal bevolking;Limburg (PV);2020;1072881;864784;136611;48012;88599;71486;37570;33916;31
335;Totaal over alle leeftijden;Totaal bevolking;Limburg (PV);2021;1068898;861660;134931;47475;87456;72307;37833;34474;31
336;Totaal over alle leeftijden;Totaal bevolking;Limburg (PV);2022;1064628;858194;133174;46944;86230;73260;38147;35113;31
337;Totaal over alle leeftijden;Totaal bevolking;Limburg (PV);2023;1060500;854763;131553;46516;85037;74184;38427;35757;31
338;Totaal over alle leeftijden;Totaal bevolking;Limburg (PV);2024;1056253;851279;129978;45984;83994;74996;38691;36305;31
339;Totaal over alle leeftijden;Totaal bevolking;Limburg (PV);2025;1052096;847784;128393;45537;82856;75919;39080;36839;31
340;Totaal over alle leeftijden;Totaal bevolking;Oost-Groningen (CR);2006;153440;138927;9231;3684;5547;5282;3549;1733;1
341;Totaal over alle leeftijden;Totaal bevolking;Oost-Groningen (CR);2007;152818;138204;9295;3714;5581;5319;3561;1758;1
342;Totaal over alle leeftijden;Totaal bevolking;Oost-Groningen (CR);2008;151791;137118;9292;3730;5562;5381;3581;1800;1
343;Totaal over alle leeftijden;Totaal bevolking;Oost-Groningen (CR);2009;150640;135889;9330;3779;5551;5421;3599;1822;1
344;Totaal over alle leeftijden;Totaal bevolking;Oost-Groningen (CR);2010;149535;134704;9346;3818;5528;5485;3624;1861;1
345;Totaal over alle leeftijden;Totaal bevolking;Oost-Groningen (CR);2011;148435;133424;9454;3902;5552;5557;3649;1908;1
346;Totaal over alle leeftijden;Totaal bevolking;Oost-Groningen (CR);2012;147398;132267;9509;3991;5518;5622;3681;1941;1
347;Totaal over alle leeftijden;Totaal bevolking;Oost-Groningen (CR);2013;146363;131095;9571;4064;5507;5697;3726;1971;1
348;Totaal over alle leeftijden;Totaal bevolking;Oost-Groningen (CR);2014;145395;129879;9702;4177;5525;5814;3804;2010;1
349;Totaal over alle leeftijden;Totaal bevolking;Oost-Groningen (CR);2015;144478;128808;9842;4329;5513;5828;3800;2028;1
350;Totaal over alle leeftijden;Totaal bevolking;Oost-Groningen (CR);2016;143623;127687;9992;4462;5530;5944;3893;2051;1
351;Totaal over alle leeftijden;Totaal bevolking;Oost-Groningen (CR);2017;142789;126648;10094;4569;5525;6047;3952;2095;1
352;Totaal over alle leeftijden;Totaal bevolking;Oost-Groningen (CR);2018;141971;125698;10154;4660;5494;6119;3979;2140;1
353;Totaal over alle leeftijden;Totaal bevolking;Oost-Groningen (CR);2019;141177;124752;10214;4728;5486;6211;4036;2175;1
354;Totaal over alle leeftijden;Totaal bevolking;Oost-Groningen (CR);2020;140424;123829;10298;4793;5505;6297;4082;2215;1
355;Totaal over alle leeftijden;Totaal bevolking;Oost-Groningen (CR);2021;139720;122885;10420;4873;5547;6415;4186;2229;1
356;Totaal over alle leeftijden;Totaal bevolking;Oost-Groningen (CR);2022;139064;122019;10510;4965;5545;6535;4262;2273;1
357;Totaal over alle leeftijden;Totaal bevolking;Oost-Groningen (CR);2023;138395;121156;10571;5001;5570;6668;4378;2290;1
358;Totaal over alle leeftijden;Totaal bevolking;Oost-Groningen (CR);2024;137771;120306;10648;5051;5597;6817;4482;2335;1
359;Totaal over alle leeftijden;Totaal bevolking;Oost-Groningen (CR);2025;137219;119543;10722;5144;5578;6954;4561;2393;1
360;Totaal over alle leeftijden;Totaal bevolking;Delfzijl en omgeving (CR);2006;51628;44805;3622;1481;2141;3201;2073;1128;2
361;Totaal over alle leeftijden;Totaal bevolking;Delfzijl en omgeving (CR);2007;51448;44598;3640;1504;2136;3210;2069;1141;2
362;Totaal over alle leeftijden;Totaal bevolking;Delfzijl en omgeving (CR);2008;51169;44292;3657;1519;2138;3220;2050;1170;2
363;Totaal over alle leeftijden;Totaal bevolking;Delfzijl en omgeving (CR);2009;50850;43990;3660;1537;2123;3200;2037;1163;2
364;Totaal over alle leeftijden;Totaal bevolking;Delfzijl en omgeving (CR);2010;50554;43670;3665;1565;2100;3219;2037;1182;2
365;Totaal over alle leeftijden;Totaal bevolking;Delfzijl en omgeving (CR);2011;50260;43364;3689;1598;2091;3207;2029;1178;2
366;Totaal over alle leeftijden;Totaal bevolking;Delfzijl en omgeving (CR);2012;49989;43027;3760;1654;2106;3202;2035;1167;2
367;Totaal over alle leeftijden;Totaal bevolking;Delfzijl en omgeving (CR);2013;49734;42683;3817;1697;2120;3234;2048;1186;2
368;Totaal over alle leeftijden;Totaal bevolking;Delfzijl en omgeving (CR);2014;49484;42414;3835;1717;2118;3235;2030;1205;2
369;Totaal over alle leeftijden;Totaal bevolking;Delfzijl en omgeving (CR);2015;49254;42134;3889;1769;2120;3231;2010;1221;2
370;Totaal over alle leeftijden;Totaal bevolking;Delfzijl en omgeving (CR);2016;49033;41866;3942;1822;2120;3225;2012;1213;2
371;Totaal over alle leeftijden;Totaal bevolking;Delfzijl en omgeving (CR);2017;48831;41594;4005;1877;2128;3232;2015;1217;2
372;Totaal over alle leeftijden;Totaal bevolking;Delfzijl en omgeving (CR);2018;48643;41342;4024;1905;2119;3277;2046;1231;2
373;Totaal over alle leeftijden;Totaal bevolking;Delfzijl en omgeving (CR);2019;48428;41090;4059;1957;2102;3279;2046;1233;2
374;Totaal over alle leeftijden;Totaal bevolking;Delfzijl en omgeving (CR);2020;48228;40827;4095;1982;2113;3306;2072;1234;2
375;Totaal over alle leeftijden;Totaal bevolking;Delfzijl en omgeving (CR);2021;48031;40565;4158;2039;2119;3308;2054;1254;2
376;Totaal over alle leeftijden;Totaal bevolking;Delfzijl en omgeving (CR);2022;47868;40284;4216;2087;2129;3368;2100;1268;2
377;Totaal over alle leeftijden;Totaal bevolking;Delfzijl en omgeving (CR);2023;47709;40027;4265;2125;2140;3417;2138;1279;2
378;Totaal over alle leeftijden;Totaal bevolking;Delfzijl en omgeving (CR);2024;47573;39771;4325;2168;2157;3477;2191;1286;2
379;Totaal over alle leeftijden;Totaal bevolking;Delfzijl en omgeving (CR);2025;47421;39535;4360;2194;2166;3526;2228;1298;2
380;Totaal over alle leeftijden;Totaal bevolking;Overig Groningen (CR);2006;368018;317647;26286;11063;15223;24085;15341;8744;3
381;Totaal over alle leeftijden;Totaal bevolking;Overig Groningen (CR);2007;368657;317429;26693;11435;15258;24535;15508;9027;3
382;Totaal over alle leeftijden;Totaal bevolking;Overig Groningen (CR);2008;370803;318342;27312;11934;15378;25149;15764;9385;3
383;Totaal over alle leeftijden;Totaal bevolking;Overig Groningen (CR);2009;373802;319651;28123;12535;15588;26028;16191;9837;3
384;Totaal over alle leeftijden;Totaal bevolking;Overig Groningen (CR);2010;377028;321073;29010;13228;15782;26945;16742;10203;3
385;Totaal over alle leeftijden;Totaal bevolking;Overig Groningen (CR);2011;380310;322407;30109;14040;16069;27794;17194;10600;3
386;Totaal over alle leeftijden;Totaal bevolking;Overig Groningen (CR);2012;383782;323728;31286;14953;16333;28768;17740;11028;3
387;Totaal over alle leeftijden;Totaal bevolking;Overig Groningen (CR);2013;387247;325027;32535;15965;16570;29685;18228;11457;3
388;Totaal over alle leeftijden;Totaal bevolking;Overig Groningen (CR);2014;390741;326358;33753;16987;16766;30630;18724;11906;3
389;Totaal over alle leeftijden;Totaal bevolking;Overig Groningen (CR);2015;394270;327617;34963;17941;17022;31690;19309;12381;3
390;Totaal over alle leeftijden;Totaal bevolking;Overig Groningen (CR);2016;397728;328809;36147;18903;17244;32772;19899;12873;3
391;Totaal over alle leeftijden;Totaal bevolking;Overig Groningen (CR);2017;401090;329890;37420;19915;17505;33780;20464;13316;3
392;Totaal over alle leeftijden;Totaal bevolking;Overig Groningen (CR);2018;404332;330943;38628;20830;17798;34761;21038;13723;3
393;Totaal over alle leeftijden;Totaal bevolking;Overig Groningen (CR);2019;407535;331927;39791;21712;18079;35817;21607;14210;3
394;Totaal over alle leeftijden;Totaal bevolking;Overig Groningen (CR);2020;410563;332706;40952;22507;18445;36905;22250;14655;3
395;Totaal over alle leeftijden;Totaal bevolking;Overig Groningen (CR);2021;413548;333349;42141;23326;18815;38058;22993;15065;3
396;Totaal over alle leeftijden;Totaal bevolking;Overig Groningen (CR);2022;416460;333890;43250;24112;19138;39320;23728;15592;3
397;Totaal over alle leeftijden;Totaal bevolking;Overig Groningen (CR);2023;419218;334312;44363;24925;19438;40543;24453;16090;3
398;Totaal over alle leeftijden;Totaal bevolking;Overig Groningen (CR);2024;421864;334661;45349;25728;19621;41854;25251;16603;3
399;Totaal over alle leeftijden;Totaal bevolking;Overig Groningen (CR);2025;424397;334592;46550;26584;19966;43255;26111;17144;3
400;Totaal over alle leeftijden;Totaal bevolking;Noord-Friesland (CR);2006;332657;302809;15747;6032;9715;14101;9474;4627;4
401;Totaal over alle leeftijden;Totaal bevolking;Noord-Friesland (CR);2007;333203;302612;16118;6158;9960;14473;9608;4865;4
402;Totaal over alle leeftijden;Totaal bevolking;Noord-Friesland (CR);2008;333740;302449;16508;6408;10100;14783;9704;5079;4
403;Totaal over alle leeftijden;Totaal bevolking;Noord-Friesland (CR);2009;334162;302049;16962;6682;10280;15151;9844;5307;4
404;Totaal over alle leeftijden;Totaal bevolking;Noord-Friesland (CR);2010;334610;301717;17369;6956;10413;15524;9965;5559;4
405;Totaal over alle leeftijden;Totaal bevolking;Noord-Friesland (CR);2011;335104;301349;17831;7232;10599;15924;10129;5795;4
406;Totaal over alle leeftijden;Totaal bevolking;Noord-Friesland (CR);2012;335606;300954;18329;7566;10763;16323;10275;6048;4
407;Totaal over alle leeftijden;Totaal bevolking;Noord-Friesland (CR);2013;336163;300523;18860;7953;10907;16780;10505;6275;4
408;Totaal over alle leeftijden;Totaal bevolking;Noord-Friesland (CR);2014;336688;299999;19442;8349;11093;17247;10726;6521;4
409;Totaal over alle leeftijden;Totaal bevolking;Noord-Friesland (CR);2015;337283;299549;19991;8703;11288;17743;11029;6714;4
410;Totaal over alle leeftijden;Totaal bevolking;Noord-Friesland (CR);2016;337887;299215;20590;9101;11489;18082;11196;6886;4
411;Totaal over alle leeftijden;Totaal bevolking;Noord-Friesland (CR);2017;338450;298726;21115;9453;11662;18609;11474;7135;4
412;Totaal over alle leeftijden;Totaal bevolking;Noord-Friesland (CR);2018;338973;298202;21651;9826;11825;19120;11732;7388;4
413;Totaal over alle leeftijden;Totaal bevolking;Noord-Friesland (CR);2019;339447;297720;22165;10178;11987;19562;11966;7596;4
414;Totaal over alle leeftijden;Totaal bevolking;Noord-Friesland (CR);2020;339969;297330;22590;10529;12061;20049;12239;7810;4
415;Totaal over alle leeftijden;Totaal bevolking;Noord-Friesland (CR);2021;340481;296855;23062;10817;12245;20564;12543;8021;4
416;Totaal over alle leeftijden;Totaal bevolking;Noord-Friesland (CR);2022;340972;296353;23576;11139;12437;21043;12851;8192;4
417;Totaal over alle leeftijden;Totaal bevolking;Noord-Friesland (CR);2023;341427;295850;24054;11470;12584;21523;13122;8401;4
418;Totaal over alle leeftijden;Totaal bevolking;Noord-Friesland (CR);2024;341928;295275;24596;11834;12762;22057;13397;8660;4
419;Totaal over alle leeftijden;Totaal bevolking;Noord-Friesland (CR);2025;342322;294753;25031;12154;12877;22538;13685;8853;4
420;Totaal over alle leeftijden;Totaal bevolking;Zuidwest-Friesland (CR);2006;105035;96336;5560;2022;3538;3139;1906;1233;5
421;Totaal over alle leeftijden;Totaal bevolking;Zuidwest-Friesland (CR);2007;105215;96231;5677;2054;3623;3307;2010;1297;5
422;Totaal over alle leeftijden;Totaal bevolking;Zuidwest-Friesland (CR);2008;105263;95985;5808;2113;3695;3470;2134;1336;5
423;Totaal over alle leeftijden;Totaal bevolking;Zuidwest-Friesland (CR);2009;105280;95717;5891;2138;3753;3672;2254;1418;5
424;Totaal over alle leeftijden;Totaal bevolking;Zuidwest-Friesland (CR);2010;105280;95457;5993;2177;3816;3830;2337;1493;5
425;Totaal over alle leeftijden;Totaal bevolking;Zuidwest-Friesland (CR);2011;105263;95187;6052;2236;3816;4024;2446;1578;5
426;Totaal over alle leeftijden;Totaal bevolking;Zuidwest-Friesland (CR);2012;105303;94932;6187;2334;3853;4184;2534;1650;5
427;Totaal over alle leeftijden;Totaal bevolking;Zuidwest-Friesland (CR);2013;105330;94679;6285;2410;3875;4366;2651;1715;5
428;Totaal over alle leeftijden;Totaal bevolking;Zuidwest-Friesland (CR);2014;105331;94429;6372;2479;3893;4530;2721;1809;5
429;Totaal over alle leeftijden;Totaal bevolking;Zuidwest-Friesland (CR);2015;105364;94200;6495;2555;3940;4669;2799;1870;5
430;Totaal over alle leeftijden;Totaal bevolking;Zuidwest-Friesland (CR);2016;105409;93966;6634;2600;4034;4809;2850;1959;5
431;Totaal over alle leeftijden;Totaal bevolking;Zuidwest-Friesland (CR);2017;105463;93763;6714;2646;4068;4986;2959;2027;5
432;Totaal over alle leeftijden;Totaal bevolking;Zuidwest-Friesland (CR);2018;105518;93479;6884;2747;4137;5155;3050;2105;5
433;Totaal over alle leeftijden;Totaal bevolking;Zuidwest-Friesland (CR);2019;105561;93284;7000;2808;4192;5277;3115;2162;5
434;Totaal over alle leeftijden;Totaal bevolking;Zuidwest-Friesland (CR);2020;105627;93005;7145;2887;4258;5477;3230;2247;5
435;Totaal over alle leeftijden;Totaal bevolking;Zuidwest-Friesland (CR);2021;105700;92802;7272;3003;4269;5626;3307;2319;5
436;Totaal over alle leeftijden;Totaal bevolking;Zuidwest-Friesland (CR);2022;105775;92614;7388;3065;4323;5773;3388;2385;5
437;Totaal over alle leeftijden;Totaal bevolking;Zuidwest-Friesland (CR);2023;105830;92336;7564;3196;4368;5930;3485;2445;5
438;Totaal over alle leeftijden;Totaal bevolking;Zuidwest-Friesland (CR);2024;105906;92111;7701;3292;4409;6094;3600;2494;5
439;Totaal over alle leeftijden;Totaal bevolking;Zuidwest-Friesland (CR);2025;106002;91866;7828;3386;4442;6308;3740;2568;5
440;Totaal over alle leeftijden;Totaal bevolking;Zuidoost-Friesland (CR);2006;207546;189630;9719;3659;6060;8197;5537;2660;6
441;Totaal over alle leeftijden;Totaal bevolking;Zuidoost-Friesland (CR);2007;207814;189539;9880;3751;6129;8395;5598;2797;6
442;Totaal over alle leeftijden;Totaal bevolking;Zuidoost-Friesland (CR);2008;207533;188895;10033;3823;6210;8605;5690;2915;6
443;Totaal over alle leeftijden;Totaal bevolking;Zuidoost-Friesland (CR);2009;207132;188112;10260;3971;6289;8760;5752;3008;6
444;Totaal over alle leeftijden;Totaal bevolking;Zuidoost-Friesland (CR);2010;206746;187312;10483;4143;6340;8951;5847;3104;6
445;Totaal over alle leeftijden;Totaal bevolking;Zuidoost-Friesland (CR);2011;206382;186462;10743;4347;6396;9177;5988;3189;6
446;Totaal over alle leeftijden;Totaal bevolking;Zuidoost-Friesland (CR);2012;206083;185684;10978;4557;6421;9421;6094;3327;6
447;Totaal over alle leeftijden;Totaal bevolking;Zuidoost-Friesland (CR);2013;205801;184814;11318;4836;6482;9669;6231;3438;6
448;Totaal over alle leeftijden;Totaal bevolking;Zuidoost-Friesland (CR);2014;205521;183964;11629;5093;6536;9928;6394;3534;6
449;Totaal over alle leeftijden;Totaal bevolking;Zuidoost-Friesland (CR);2015;205314;183175;11971;5390;6581;10168;6518;3650;6
450;Totaal over alle leeftijden;Totaal bevolking;Zuidoost-Friesland (CR);2016;205145;182336;12350;5677;6673;10459;6690;3769;6
451;Totaal over alle leeftijden;Totaal bevolking;Zuidoost-Friesland (CR);2017;204968;181543;12661;5934;6727;10764;6845;3919;6
452;Totaal over alle leeftijden;Totaal bevolking;Zuidoost-Friesland (CR);2018;204782;180701;13049;6226;6823;11032;6985;4047;6
453;Totaal over alle leeftijden;Totaal bevolking;Zuidoost-Friesland (CR);2019;204606;179886;13386;6497;6889;11334;7185;4149;6
454;Totaal over alle leeftijden;Totaal bevolking;Zuidoost-Friesland (CR);2020;204442;179127;13734;6778;6956;11581;7336;4245;6
455;Totaal over alle leeftijden;Totaal bevolking;Zuidoost-Friesland (CR);2021;204303;178378;14067;7037;7030;11858;7499;4359;6
456;Totaal over alle leeftijden;Totaal bevolking;Zuidoost-Friesland (CR);2022;204194;177601;14398;7329;7069;12195;7734;4461;6
457;Totaal over alle leeftijden;Totaal bevolking;Zuidoost-Friesland (CR);2023;204105;176805;14749;7586;7163;12551;7965;4586;6
458;Totaal over alle leeftijden;Totaal bevolking;Zuidoost-Friesland (CR);2024;204065;176047;15126;7907;7219;12892;8178;4714;6
459;Totaal over alle leeftijden;Totaal bevolking;Zuidoost-Friesland (CR);2025;203992;175261;15480;8184;7296;13251;8423;4828;6
460;Totaal over alle leeftijden;Totaal bevolking;Noord-Drenthe (CR);2006;184444;167444;10766;4260;6506;6234;3989;2245;7
461;Totaal over alle leeftijden;Totaal bevolking;Noord-Drenthe (CR);2007;184997;167593;10914;4382;6532;6490;4133;2357;7
462;Totaal over alle leeftijden;Totaal bevolking;Noord-Drenthe (CR);2008;185768;167835;11152;4555;6597;6781;4329;2452;7
463;Totaal over alle leeftijden;Totaal bevolking;Noord-Drenthe (CR);2009;186439;167981;11369;4712;6657;7089;4517;2572;7
464;Totaal over alle leeftijden;Totaal bevolking;Noord-Drenthe (CR);2010;187196;168117;11700;4940;6760;7379;4705;2674;7
465;Totaal over alle leeftijden;Totaal bevolking;Noord-Drenthe (CR);2011;187922;168240;11990;5210;6780;7692;4888;2804;7
466;Totaal over alle leeftijden;Totaal bevolking;Noord-Drenthe (CR);2012;188736;168301;12405;5529;6876;8030;5082;2948;7
467;Totaal over alle leeftijden;Totaal bevolking;Noord-Drenthe (CR);2013;189522;168337;12824;5849;6975;8361;5275;3086;7
468;Totaal over alle leeftijden;Totaal bevolking;Noord-Drenthe (CR);2014;190335;168322;13297;6209;7088;8716;5482;3234;7
469;Totaal over alle leeftijden;Totaal bevolking;Noord-Drenthe (CR);2015;191201;168399;13769;6594;7175;9033;5682;3351;7
470;Totaal over alle leeftijden;Totaal bevolking;Noord-Drenthe (CR);2016;192049;168416;14243;7002;7241;9390;5899;3491;7
471;Totaal over alle leeftijden;Totaal bevolking;Noord-Drenthe (CR);2017;192897;168381;14779;7470;7309;9737;6084;3653;7
472;Totaal over alle leeftijden;Totaal bevolking;Noord-Drenthe (CR);2018;193733;168278;15318;7895;7423;10137;6316;3821;7
473;Totaal over alle leeftijden;Totaal bevolking;Noord-Drenthe (CR);2019;194516;168160;15805;8320;7485;10551;6557;3994;7
474;Totaal over alle leeftijden;Totaal bevolking;Noord-Drenthe (CR);2020;195287;167958;16366;8775;7591;10963;6827;4136;7
475;Totaal over alle leeftijden;Totaal bevolking;Noord-Drenthe (CR);2021;196031;167751;16891;9188;7703;11389;7095;4294;7
476;Totaal over alle leeftijden;Totaal bevolking;Noord-Drenthe (CR);2022;196812;167527;17446;9621;7825;11839;7387;4452;7
477;Totaal over alle leeftijden;Totaal bevolking;Noord-Drenthe (CR);2023;197526;167272;17975;10034;7941;12279;7658;4621;7
478;Totaal over alle leeftijden;Totaal bevolking;Noord-Drenthe (CR);2024;198228;166922;18544;10456;8088;12762;7979;4783;7
479;Totaal over alle leeftijden;Totaal bevolking;Noord-Drenthe (CR);2025;198863;166529;19094;10918;8176;13240;8301;4939;7
480;Totaal over alle leeftijden;Totaal bevolking;Zuidoost-Drenthe (CR);2006;170799;154879;10405;3926;6479;5515;3484;2031;8
481;Totaal over alle leeftijden;Totaal bevolking;Zuidoost-Drenthe (CR);2007;170732;154637;10383;3903;6480;5712;3529;2183;8
482;Totaal over alle leeftijden;Totaal bevolking;Zuidoost-Drenthe (CR);2008;170707;154416;10364;3892;6472;5927;3583;2344;8
483;Totaal over alle leeftijden;Totaal bevolking;Zuidoost-Drenthe (CR);2009;170584;154081;10406;3917;6489;6097;3617;2480;8
484;Totaal over alle leeftijden;Totaal bevolking;Zuidoost-Drenthe (CR);2010;170483;153706;10504;3968;6536;6273;3632;2641;8
485;Totaal over alle leeftijden;Totaal bevolking;Zuidoost-Drenthe (CR);2011;170374;153335;10580;4029;6551;6459;3684;2775;8
486;Totaal over alle leeftijden;Totaal bevolking;Zuidoost-Drenthe (CR);2012;170295;152957;10672;4123;6549;6666;3767;2899;8
487;Totaal over alle leeftijden;Totaal bevolking;Zuidoost-Drenthe (CR);2013;170213;152578;10745;4168;6577;6890;3834;3056;8
488;Totaal over alle leeftijden;Totaal bevolking;Zuidoost-Drenthe (CR);2014;170140;152187;10811;4236;6575;7142;3941;3201;8
489;Totaal over alle leeftijden;Totaal bevolking;Zuidoost-Drenthe (CR);2015;170081;151853;10892;4327;6565;7336;3990;3346;8
490;Totaal over alle leeftijden;Totaal bevolking;Zuidoost-Drenthe (CR);2016;170025;151513;10953;4345;6608;7559;4059;3500;8
491;Totaal over alle leeftijden;Totaal bevolking;Zuidoost-Drenthe (CR);2017;169954;151130;11081;4433;6648;7743;4117;3626;8
492;Totaal over alle leeftijden;Totaal bevolking;Zuidoost-Drenthe (CR);2018;169904;150810;11103;4476;6627;7991;4244;3747;8
493;Totaal over alle leeftijden;Totaal bevolking;Zuidoost-Drenthe (CR);2019;169855;150467;11139;4499;6640;8249;4350;3899;8
494;Totaal over alle leeftijden;Totaal bevolking;Zuidoost-Drenthe (CR);2020;169784;150130;11197;4546;6651;8457;4437;4020;8
495;Totaal over alle leeftijden;Totaal bevolking;Zuidoost-Drenthe (CR);2021;169742;149827;11215;4562;6653;8700;4526;4174;8
496;Totaal over alle leeftijden;Totaal bevolking;Zuidoost-Drenthe (CR);2022;169697;149513;11300;4613;6687;8884;4576;4308;8
497;Totaal over alle leeftijden;Totaal bevolking;Zuidoost-Drenthe (CR);2023;169623;149162;11357;4650;6707;9104;4687;4417;8
498;Totaal over alle leeftijden;Totaal bevolking;Zuidoost-Drenthe (CR);2024;169584;148807;11429;4694;6735;9348;4824;4524;8
499;Totaal over alle leeftijden;Totaal bevolking;Zuidoost-Drenthe (CR);2025;169507;148430;11493;4751;6742;9584;4938;4646;8
500;Totaal over alle leeftijden;Totaal bevolking;Zuidwest-Drenthe (CR);2006;128088;117688;6129;2293;3836;4271;2658;1613;9
501;Totaal over alle leeftijden;Totaal bevolking;Zuidwest-Drenthe (CR);2007;128361;117787;6193;2305;3888;4381;2692;1689;9
502;Totaal over alle leeftijden;Totaal bevolking;Zuidwest-Drenthe (CR);2008;128263;117556;6219;2297;3922;4488;2739;1749;9
503;Totaal over alle leeftijden;Totaal bevolking;Zuidwest-Drenthe (CR);2009;128058;117234;6281;2319;3962;4543;2766;1777;9
504;Totaal over alle leeftijden;Totaal bevolking;Zuidwest-Drenthe (CR);2010;127840;116901;6298;2306;3992;4641;2807;1834;9
505;Totaal over alle leeftijden;Totaal bevolking;Zuidwest-Drenthe (CR);2011;127642;116568;6327;2333;3994;4747;2862;1885;9
506;Totaal over alle leeftijden;Totaal bevolking;Zuidwest-Drenthe (CR);2012;127436;116209;6382;2377;4005;4845;2927;1918;9
507;Totaal over alle leeftijden;Totaal bevolking;Zuidwest-Drenthe (CR);2013;127245;115858;6448;2414;4034;4939;2979;1960;9
508;Totaal over alle leeftijden;Totaal bevolking;Zuidwest-Drenthe (CR);2014;127050;115520;6530;2437;4093;5000;3011;1989;9
509;Totaal over alle leeftijden;Totaal bevolking;Zuidwest-Drenthe (CR);2015;126876;115192;6589;2483;4106;5095;3079;2016;9
510;Totaal over alle leeftijden;Totaal bevolking;Zuidwest-Drenthe (CR);2016;126709;114868;6644;2530;4114;5197;3158;2039;9
511;Totaal over alle leeftijden;Totaal bevolking;Zuidwest-Drenthe (CR);2017;126526;114482;6734;2578;4156;5310;3235;2075;9
512;Totaal over alle leeftijden;Totaal bevolking;Zuidwest-Drenthe (CR);2018;126363;114143;6814;2614;4200;5406;3298;2108;9
513;Totaal over alle leeftijden;Totaal bevolking;Zuidwest-Drenthe (CR);2019;126187;113757;6914;2645;4269;5516;3398;2118;9
514;Totaal over alle leeftijden;Totaal bevolking;Zuidwest-Drenthe (CR);2020;126019;113426;6955;2701;4254;5638;3489;2149;9
515;Totaal over alle leeftijden;Totaal bevolking;Zuidwest-Drenthe (CR);2021;125877;113112;7040;2751;4289;5725;3556;2169;9
516;Totaal over alle leeftijden;Totaal bevolking;Zuidwest-Drenthe (CR);2022;125717;112761;7107;2814;4293;5849;3636;2213;9
517;Totaal over alle leeftijden;Totaal bevolking;Zuidwest-Drenthe (CR);2023;125558;112404;7203;2865;4338;5951;3712;2239;9
518;Totaal over alle leeftijden;Totaal bevolking;Zuidwest-Drenthe (CR);2024;125395;112100;7292;2893;4399;6003;3734;2269;9
519;Totaal over alle leeftijden;Totaal bevolking;Zuidwest-Drenthe (CR);2025;125240;111761;7359;2959;4400;6120;3826;2294;9
520;Totaal over alle leeftijden;Totaal bevolking;Noord-Overijssel (CR);2006;343575;312685;15525;5439;10086;15365;9314;6051;10
521;Totaal over alle leeftijden;Totaal bevolking;Noord-Overijssel (CR);2007;344351;312841;15775;5558;10217;15735;9432;6303;10
522;Totaal over alle leeftijden;Totaal bevolking;Noord-Overijssel (CR);2008;345404;313292;15991;5666;10325;16121;9555;6566;10
523;Totaal over alle leeftijden;Totaal bevolking;Noord-Overijssel (CR);2009;346360;313492;16292;5818;10474;16576;9699;6877;10
524;Totaal over alle leeftijden;Totaal bevolking;Noord-Overijssel (CR);2010;347267;313636;16631;6007;10624;17000;9873;7127;10
525;Totaal over alle leeftijden;Totaal bevolking;Noord-Overijssel (CR);2011;348194;313765;16964;6226;10738;17465;10076;7389;10
526;Totaal over alle leeftijden;Totaal bevolking;Noord-Overijssel (CR);2012;349104;314010;17266;6431;10835;17828;10246;7582;10
527;Totaal over alle leeftijden;Totaal bevolking;Noord-Overijssel (CR);2013;350006;313986;17722;6701;11021;18298;10478;7820;10
528;Totaal over alle leeftijden;Totaal bevolking;Noord-Overijssel (CR);2014;350897;314064;18094;6945;11149;18739;10659;8080;10
529;Totaal over alle leeftijden;Totaal bevolking;Noord-Overijssel (CR);2015;351807;314049;18538;7207;11331;19220;10914;8306;10
530;Totaal over alle leeftijden;Totaal bevolking;Noord-Overijssel (CR);2016;352670;313983;18934;7463;11471;19753;11132;8621;10
531;Totaal over alle leeftijden;Totaal bevolking;Noord-Overijssel (CR);2017;353482;313979;19293;7669;11624;20210;11369;8841;10
532;Totaal over alle leeftijden;Totaal bevolking;Noord-Overijssel (CR);2018;354299;313931;19691;7915;11776;20677;11618;9059;10
533;Totaal over alle leeftijden;Totaal bevolking;Noord-Overijssel (CR);2019;355084;313840;20089;8151;11938;21155;11839;9316;10
534;Totaal over alle leeftijden;Totaal bevolking;Noord-Overijssel (CR);2020;355864;313762;20477;8365;12112;21625;12106;9519;10
535;Totaal over alle leeftijden;Totaal bevolking;Noord-Overijssel (CR);2021;356613;313620;20911;8596;12315;22082;12313;9769;10
536;Totaal over alle leeftijden;Totaal bevolking;Noord-Overijssel (CR);2022;357332;313467;21315;8820;12495;22550;12527;10023;10
537;Totaal over alle leeftijden;Totaal bevolking;Noord-Overijssel (CR);2023;358006;313354;21622;8994;12628;23030;12767;10263;10
538;Totaal over alle leeftijden;Totaal bevolking;Noord-Overijssel (CR);2024;358627;313085;21992;9217;12775;23550;13075;10475;10
539;Totaal over alle leeftijden;Totaal bevolking;Noord-Overijssel (CR);2025;359212;312938;22297;9436;12861;23977;13258;10719;10
540;Totaal over alle leeftijden;Totaal bevolking;Zuidwest-Overijssel (CR);2006;151137;127198;10357;4248;6109;13582;8368;5214;11
541;Totaal over alle leeftijden;Totaal bevolking;Zuidwest-Overijssel (CR);2007;151968;127442;10551;4409;6142;13975;8476;5499;11
542;Totaal over alle leeftijden;Totaal bevolking;Zuidwest-Overijssel (CR);2008;153079;127940;10800;4605;6195;14339;8571;5768;11
543;Totaal over alle leeftijden;Totaal bevolking;Zuidwest-Overijssel (CR);2009;154324;128421;11130;4858;6272;14773;8718;6055;11
544;Totaal over alle leeftijden;Totaal bevolking;Zuidwest-Overijssel (CR);2010;155465;128707;11528;5142;6386;15230;8878;6352;11
545;Totaal over alle leeftijden;Totaal bevolking;Zuidwest-Overijssel (CR);2011;156610;129105;11886;5425;6461;15619;8997;6622;11
546;Totaal over alle leeftijden;Totaal bevolking;Zuidwest-Overijssel (CR);2012;157739;129400;12307;5789;6518;16032;9096;6936;11
547;Totaal over alle leeftijden;Totaal bevolking;Zuidwest-Overijssel (CR);2013;158852;129744;12696;6090;6606;16412;9201;7211;11
548;Totaal over alle leeftijden;Totaal bevolking;Zuidwest-Overijssel (CR);2014;159938;129963;13177;6427;6750;16798;9306;7492;11
549;Totaal over alle leeftijden;Totaal bevolking;Zuidwest-Overijssel (CR);2015;160980;130165;13599;6704;6895;17216;9450;7766;11
550;Totaal over alle leeftijden;Totaal bevolking;Zuidwest-Overijssel (CR);2016;161947;130231;14089;7028;7061;17627;9563;8064;11
551;Totaal over alle leeftijden;Totaal bevolking;Zuidwest-Overijssel (CR);2017;162922;130312;14524;7314;7210;18086;9758;8328;11
552;Totaal over alle leeftijden;Totaal bevolking;Zuidwest-Overijssel (CR);2018;163874;130453;14888;7592;7296;18533;9962;8571;11
553;Totaal over alle leeftijden;Totaal bevolking;Zuidwest-Overijssel (CR);2019;164764;130570;15256;7822;7434;18938;10136;8802;11
554;Totaal over alle leeftijden;Totaal bevolking;Zuidwest-Overijssel (CR);2020;165581;130727;15623;8019;7604;19231;10220;9011;11
555;Totaal over alle leeftijden;Totaal bevolking;Zuidwest-Overijssel (CR);2021;166375;130913;15905;8164;7741;19557;10311;9246;11
556;Totaal over alle leeftijden;Totaal bevolking;Zuidwest-Overijssel (CR);2022;167132;131178;16132;8290;7842;19822;10357;9465;11
557;Totaal over alle leeftijden;Totaal bevolking;Zuidwest-Overijssel (CR);2023;167807;131377;16367;8383;7984;20063;10397;9666;11
558;Totaal over alle leeftijden;Totaal bevolking;Zuidwest-Overijssel (CR);2024;168431;131585;16583;8486;8097;20263;10403;9860;11
559;Totaal over alle leeftijden;Totaal bevolking;Zuidwest-Overijssel (CR);2025;169024;131813;16691;8467;8224;20520;10443;10077;11
560;Totaal over alle leeftijden;Totaal bevolking;Twente (CR);2006;616634;517257;51098;17610;33488;48279;27904;20375;12
561;Totaal over alle leeftijden;Totaal bevolking;Twente (CR);2007;617261;517820;50661;17351;33310;48780;27684;21096;12
562;Totaal over alle leeftijden;Totaal bevolking;Twente (CR);2008;618058;518301;50437;17206;33231;49320;27565;21755;12
563;Totaal over alle leeftijden;Totaal bevolking;Twente (CR);2009;618746;518728;50173;17113;33060;49845;27436;22409;12
564;Totaal over alle leeftijden;Totaal bevolking;Twente (CR);2010;619461;519006;49996;17117;32879;50459;27404;23055;12
565;Totaal over alle leeftijden;Totaal bevolking;Twente (CR);2011;620136;519194;49843;17091;32752;51099;27402;23697;12
566;Totaal over alle leeftijden;Totaal bevolking;Twente (CR);2012;620780;519248;49803;17133;32670;51729;27376;24353;12
567;Totaal over alle leeftijden;Totaal bevolking;Twente (CR);2013;621471;519293;49785;17197;32588;52393;27458;24935;12
568;Totaal over alle leeftijden;Totaal bevolking;Twente (CR);2014;622097;519315;49668;17212;32456;53114;27570;25544;12
569;Totaal over alle leeftijden;Totaal bevolking;Twente (CR);2015;622628;519287;49606;17268;32338;53735;27684;26051;12
570;Totaal over alle leeftijden;Totaal bevolking;Twente (CR);2016;623192;519271;49506;17270;32236;54415;27851;26564;12
571;Totaal over alle leeftijden;Totaal bevolking;Twente (CR);2017;623563;519305;49352;17262;32090;54906;27841;27065;12
572;Totaal over alle leeftijden;Totaal bevolking;Twente (CR);2018;624141;519440;49251;17292;31959;55450;27861;27589;12
573;Totaal over alle leeftijden;Totaal bevolking;Twente (CR);2019;624702;519498;49194;17327;31867;56010;27940;28070;12
574;Totaal over alle leeftijden;Totaal bevolking;Twente (CR);2020;625282;519544;49119;17328;31791;56619;28039;28580;12
575;Totaal over alle leeftijden;Totaal bevolking;Twente (CR);2021;625794;519474;49048;17270;31778;57272;28190;29082;12
576;Totaal over alle leeftijden;Totaal bevolking;Twente (CR);2022;626274;519529;48869;17260;31609;57876;28386;29490;12
577;Totaal over alle leeftijden;Totaal bevolking;Twente (CR);2023;626722;519430;48695;17193;31502;58597;28600;29997;12
578;Totaal over alle leeftijden;Totaal bevolking;Twente (CR);2024;627069;519307;48548;17169;31379;59214;28798;30416;12
579;Totaal over alle leeftijden;Totaal bevolking;Twente (CR);2025;627512;519192;48431;17164;31267;59889;29076;30813;12
580;Totaal over alle leeftijden;Totaal bevolking;Veluwe (CR);2006;645265;568281;39509;15150;24359;37475;22600;14875;13
581;Totaal over alle leeftijden;Totaal bevolking;Veluwe (CR);2007;646030;567895;39661;15133;24528;38474;22705;15769;13
582;Totaal over alle leeftijden;Totaal bevolking;Veluwe (CR);2008;646356;567011;39907;15244;24663;39438;22876;16562;13
583;Totaal over alle leeftijden;Totaal bevolking;Veluwe (CR);2009;646707;566070;40209;15366;24843;40428;23128;17300;13
584;Totaal over alle leeftijden;Totaal bevolking;Veluwe (CR);2010;646907;564822;40585;15540;25045;41500;23404;18096;13
585;Totaal over alle leeftijden;Totaal bevolking;Veluwe (CR);2011;647063;563587;41026;15896;25130;42450;23628;18822;13
586;Totaal over alle leeftijden;Totaal bevolking;Veluwe (CR);2012;647243;562265;41505;16270;25235;43473;23859;19614;13
587;Totaal over alle leeftijden;Totaal bevolking;Veluwe (CR);2013;647431;560985;42024;16637;25387;44422;24089;20333;13
588;Totaal over alle leeftijden;Totaal bevolking;Veluwe (CR);2014;647564;559757;42459;17018;25441;45348;24311;21037;13
589;Totaal over alle leeftijden;Totaal bevolking;Veluwe (CR);2015;647633;558361;42965;17385;25580;46307;24636;21671;13
590;Totaal over alle leeftijden;Totaal bevolking;Veluwe (CR);2016;647692;557124;43363;17676;25687;47205;24953;22252;13
591;Totaal over alle leeftijden;Totaal bevolking;Veluwe (CR);2017;647713;555858;43800;17975;25825;48055;25219;22836;13
592;Totaal over alle leeftijden;Totaal bevolking;Veluwe (CR);2018;647712;554483;44183;18306;25877;49046;25568;23478;13
593;Totaal over alle leeftijden;Totaal bevolking;Veluwe (CR);2019;647736;553274;44543;18571;25972;49919;25871;24048;13
594;Totaal over alle leeftijden;Totaal bevolking;Veluwe (CR);2020;647790;551998;44897;18884;26013;50895;26288;24607;13
595;Totaal over alle leeftijden;Totaal bevolking;Veluwe (CR);2021;647724;550710;45154;19149;26005;51860;26637;25223;13
596;Totaal over alle leeftijden;Totaal bevolking;Veluwe (CR);2022;647638;549316;45597;19446;26151;52725;26980;25745;13
597;Totaal over alle leeftijden;Totaal bevolking;Veluwe (CR);2023;647562;547989;45966;19728;26238;53607;27306;26301;13
598;Totaal over alle leeftijden;Totaal bevolking;Veluwe (CR);2024;647449;546734;46264;19938;26326;54451;27621;26830;13
599;Totaal over alle leeftijden;Totaal bevolking;Veluwe (CR);2025;647318;545336;46653;20147;26506;55329;27929;27400;13
600;Totaal over alle leeftijden;Totaal bevolking;Achterhoek (CR);2006;402879;356601;28873;9669;19204;17405;10456;6949;14
601;Totaal over alle leeftijden;Totaal bevolking;Achterhoek (CR);2007;402957;355807;29163;9774;19389;17987;10821;7166;14
602;Totaal over alle leeftijden;Totaal bevolking;Achterhoek (CR);2008;402869;354820;29446;9921;19525;18603;11174;7429;14
603;Totaal over alle leeftijden;Totaal bevolking;Achterhoek (CR);2009;402716;353782;29715;10068;19647;19219;11521;7698;14
604;Totaal over alle leeftijden;Totaal bevolking;Achterhoek (CR);2010;402370;352659;29956;10254;19702;19755;11806;7949;14
605;Totaal over alle leeftijden;Totaal bevolking;Achterhoek (CR);2011;402011;351395;30305;10473;19832;20311;12120;8191;14
606;Totaal over alle leeftijden;Totaal bevolking;Achterhoek (CR);2012;401549;350091;30603;10733;19870;20855;12428;8427;14
607;Totaal over alle leeftijden;Totaal bevolking;Achterhoek (CR);2013;401112;348746;30888;10937;19951;21478;12784;8694;14
608;Totaal over alle leeftijden;Totaal bevolking;Achterhoek (CR);2014;400686;347486;31154;11135;20019;22046;13093;8953;14
609;Totaal over alle leeftijden;Totaal bevolking;Achterhoek (CR);2015;400231;346144;31467;11390;20077;22620;13363;9257;14
610;Totaal over alle leeftijden;Totaal bevolking;Achterhoek (CR);2016;399766;344896;31716;11583;20133;23154;13646;9508;14
611;Totaal over alle leeftijden;Totaal bevolking;Achterhoek (CR);2017;399267;343582;32013;11816;20197;23672;13900;9772;14
612;Totaal over alle leeftijden;Totaal bevolking;Achterhoek (CR);2018;398817;342263;32326;12039;20287;24228;14190;10038;14
613;Totaal over alle leeftijden;Totaal bevolking;Achterhoek (CR);2019;398396;341008;32610;12256;20354;24778;14482;10296;14
614;Totaal over alle leeftijden;Totaal bevolking;Achterhoek (CR);2020;398003;339797;32867;12436;20431;25339;14794;10545;14
615;Totaal over alle leeftijden;Totaal bevolking;Achterhoek (CR);2021;397580;338597;33133;12649;20484;25850;15064;10786;14
616;Totaal over alle leeftijden;Totaal bevolking;Achterhoek (CR);2022;397169;337440;33308;12776;20532;26421;15369;11052;14
617;Totaal over alle leeftijden;Totaal bevolking;Achterhoek (CR);2023;396695;336191;33509;12934;20575;26995;15697;11298;14
618;Totaal over alle leeftijden;Totaal bevolking;Achterhoek (CR);2024;396353;335023;33811;13139;20672;27519;15923;11596;14
619;Totaal over alle leeftijden;Totaal bevolking;Achterhoek (CR);2025;396001;333920;34060;13354;20706;28021;16148;11873;14
620;Totaal over alle leeftijden;Totaal bevolking;Arnhem/Nijmegen (CR);2006;692786;566836;67617;23755;43862;58333;35312;23021;15
621;Totaal over alle leeftijden;Totaal bevolking;Arnhem/Nijmegen (CR);2007;694629;568120;67394;23571;43823;59115;35262;23853;15
622;Totaal over alle leeftijden;Totaal bevolking;Arnhem/Nijmegen (CR);2008;696561;569521;67155;23375;43780;59885;35179;24706;15
623;Totaal over alle leeftijden;Totaal bevolking;Arnhem/Nijmegen (CR);2009;698625;570835;67099;23390;43709;60691;35055;25636;15
624;Totaal over alle leeftijden;Totaal bevolking;Arnhem/Nijmegen (CR);2010;700663;572169;66999;23330;43669;61495;35010;26485;15
625;Totaal over alle leeftijden;Totaal bevolking;Arnhem/Nijmegen (CR);2011;702799;573389;67080;23362;43718;62330;35083;27247;15
626;Totaal over alle leeftijden;Totaal bevolking;Arnhem/Nijmegen (CR);2012;704772;574493;67105;23460;43645;63174;35133;28041;15
627;Totaal over alle leeftijden;Totaal bevolking;Arnhem/Nijmegen (CR);2013;706684;575382;67284;23676;43608;64018;35245;28773;15
628;Totaal over alle leeftijden;Totaal bevolking;Arnhem/Nijmegen (CR);2014;708594;576266;67508;23859;43649;64820;35308;29512;15
629;Totaal over alle leeftijden;Totaal bevolking;Arnhem/Nijmegen (CR);2015;710317;577107;67659;24046;43613;65551;35345;30206;15
630;Totaal over alle leeftijden;Totaal bevolking;Arnhem/Nijmegen (CR);2016;711995;577915;67736;24290;43446;66344;35452;30892;15
631;Totaal over alle leeftijden;Totaal bevolking;Arnhem/Nijmegen (CR);2017;713472;578580;67775;24451;43324;67117;35548;31569;15
632;Totaal over alle leeftijden;Totaal bevolking;Arnhem/Nijmegen (CR);2018;714928;579215;67878;24639;43239;67835;35686;32149;15
633;Totaal over alle leeftijden;Totaal bevolking;Arnhem/Nijmegen (CR);2019;716270;579854;67812;24714;43098;68604;35896;32708;15
634;Totaal over alle leeftijden;Totaal bevolking;Arnhem/Nijmegen (CR);2020;717586;580402;67844;24849;42995;69340;36093;33247;15
635;Totaal over alle leeftijden;Totaal bevolking;Arnhem/Nijmegen (CR);2021;718755;580957;67697;24888;42809;70101;36263;33838;15
636;Totaal over alle leeftijden;Totaal bevolking;Arnhem/Nijmegen (CR);2022;719834;581469;67615;24982;42633;70750;36352;34398;15
637;Totaal over alle leeftijden;Totaal bevolking;Arnhem/Nijmegen (CR);2023;720858;581958;67473;24984;42489;71427;36538;34889;15
638;Totaal over alle leeftijden;Totaal bevolking;Arnhem/Nijmegen (CR);2024;721761;582288;67339;25047;42292;72134;36761;35373;15
639;Totaal over alle leeftijden;Totaal bevolking;Arnhem/Nijmegen (CR);2025;722611;582538;67262;25144;42118;72811;36899;35912;15
640;Totaal over alle leeftijden;Totaal bevolking;Zuidwest-Gelderland (CR);2006;233394;206941;13116;4424;8692;13337;7484;5853;16
641;Totaal over alle leeftijden;Totaal bevolking;Zuidwest-Gelderland (CR);2007;233594;206577;13333;4477;8856;13684;7614;6070;16
642;Totaal over alle leeftijden;Totaal bevolking;Zuidwest-Gelderland (CR);2008;233417;205972;13472;4538;8934;13973;7729;6244;16
643;Totaal over alle leeftijden;Totaal bevolking;Zuidwest-Gelderland (CR);2009;233221;205371;13619;4609;9010;14231;7807;6424;16
644;Totaal over alle leeftijden;Totaal bevolking;Zuidwest-Gelderland (CR);2010;232926;204627;13813;4696;9117;14486;7880;6606;16
645;Totaal over alle leeftijden;Totaal bevolking;Zuidwest-Gelderland (CR);2011;232639;203886;14017;4809;9208;14736;7972;6764;16
646;Totaal over alle leeftijden;Totaal bevolking;Zuidwest-Gelderland (CR);2012;232326;203157;14219;4905;9314;14950;8034;6916;16
647;Totaal over alle leeftijden;Totaal bevolking;Zuidwest-Gelderland (CR);2013;231997;202408;14415;5021;9394;15174;8074;7100;16
648;Totaal over alle leeftijden;Totaal bevolking;Zuidwest-Gelderland (CR);2014;231662;201616;14609;5191;9418;15437;8191;7246;16
649;Totaal over alle leeftijden;Totaal bevolking;Zuidwest-Gelderland (CR);2015;231293;200926;14772;5306;9466;15595;8250;7345;16
650;Totaal over alle leeftijden;Totaal bevolking;Zuidwest-Gelderland (CR);2016;230917;200231;14962;5426;9536;15724;8279;7445;16
651;Totaal over alle leeftijden;Totaal bevolking;Zuidwest-Gelderland (CR);2017;230554;199574;15090;5507;9583;15890;8349;7541;16
652;Totaal over alle leeftijden;Totaal bevolking;Zuidwest-Gelderland (CR);2018;230211;198792;15300;5657;9643;16119;8460;7659;16
653;Totaal over alle leeftijden;Totaal bevolking;Zuidwest-Gelderland (CR);2019;229817;198107;15436;5744;9692;16274;8582;7692;16
654;Totaal over alle leeftijden;Totaal bevolking;Zuidwest-Gelderland (CR);2020;229428;197483;15576;5851;9725;16369;8610;7759;16
655;Totaal over alle leeftijden;Totaal bevolking;Zuidwest-Gelderland (CR);2021;229078;196802;15750;5942;9808;16526;8675;7851;16
656;Totaal over alle leeftijden;Totaal bevolking;Zuidwest-Gelderland (CR);2022;228684;196185;15902;6047;9855;16597;8704;7893;16
657;Totaal over alle leeftijden;Totaal bevolking;Zuidwest-Gelderland (CR);2023;228343;195467;16071;6120;9951;16805;8825;7980;16
658;Totaal over alle leeftijden;Totaal bevolking;Zuidwest-Gelderland (CR);2024;227969;194785;16223;6240;9983;16961;8901;8060;16
659;Totaal over alle leeftijden;Totaal bevolking;Zuidwest-Gelderland (CR);2025;227629;194138;16359;6308;10051;17132;8943;8189;16
660;Totaal over alle leeftijden;Totaal bevolking;Utrecht (CR);2006;1173190;946226;95995;36718;59277;130969;74765;56204;17
661;Totaal over alle leeftijden;Totaal bevolking;Utrecht (CR);2007;1178722;948542;96473;37010;59463;133707;75261;58446;17
662;Totaal over alle leeftijden;Totaal bevolking;Utrecht (CR);2008;1184013;950205;97062;37366;59696;136746;75881;60865;17
663;Totaal over alle leeftijden;Totaal bevolking;Utrecht (CR);2009;1189484;952260;97801;37881;59920;139423;76305;63118;17
664;Totaal over alle leeftijden;Totaal bevolking;Utrecht (CR);2010;1193026;952549;98657;38438;60219;141820;76520;65300;17
665;Totaal over alle leeftijden;Totaal bevolking;Utrecht (CR);2011;1196641;953049;99416;38939;60477;144176;76823;67353;17
666;Totaal over alle leeftijden;Totaal bevolking;Utrecht (CR);2012;1200235;953289;100386;39656;60730;146560;77196;69364;17
667;Totaal over alle leeftijden;Totaal bevolking;Utrecht (CR);2013;1203769;953499;101447;40388;61059;148823;77594;71229;17
668;Totaal over alle leeftijden;Totaal bevolking;Utrecht (CR);2014;1207087;953818;102333;41145;61188;150936;77976;72960;17
669;Totaal over alle leeftijden;Totaal bevolking;Utrecht (CR);2015;1210352;953950;103337;41892;61445;153065;78304;74761;17
670;Totaal over alle leeftijden;Totaal bevolking;Utrecht (CR);2016;1213608;954102;104360;42633;61727;155146;78738;76408;17
671;Totaal over alle leeftijden;Totaal bevolking;Utrecht (CR);2017;1216670;954334;105359;43475;61884;156977;79061;77916;17
672;Totaal over alle leeftijden;Totaal bevolking;Utrecht (CR);2018;1219644;954586;106249;44155;62094;158809;79321;79488;17
673;Totaal over alle leeftijden;Totaal bevolking;Utrecht (CR);2019;1222515;954559;107301;44929;62372;160655;79616;81039;17
674;Totaal over alle leeftijden;Totaal bevolking;Utrecht (CR);2020;1225275;954526;108032;45462;62570;162717;80113;82604;17
675;Totaal over alle leeftijden;Totaal bevolking;Utrecht (CR);2021;1227900;954394;108894;46051;62843;164612;80630;83982;17
676;Totaal over alle leeftijden;Totaal bevolking;Utrecht (CR);2022;1230455;954233;109703;46580;63123;166519;81093;85426;17
677;Totaal over alle leeftijden;Totaal bevolking;Utrecht (CR);2023;1232936;954125;110552;47242;63310;168259;81534;86725;17
678;Totaal over alle leeftijden;Totaal bevolking;Utrecht (CR);2024;1235257;953865;111253;47790;63463;170139;82032;88107;17
679;Totaal over alle leeftijden;Totaal bevolking;Utrecht (CR);2025;1237474;953466;112085;48329;63756;171923;82471;89452;17
680;Totaal over alle leeftijden;Totaal bevolking;Kop van Noord-Holland (CR);2006;367928;321960;24720;9204;15516;21248;12488;8760;18
681;Totaal over alle leeftijden;Totaal bevolking;Kop van Noord-Holland (CR);2007;369069;321885;25159;9332;15827;22025;12802;9223;18
682;Totaal over alle leeftijden;Totaal bevolking;Kop van Noord-Holland (CR);2008;369595;321240;25704;9547;16157;22651;12993;9658;18
683;Totaal over alle leeftijden;Totaal bevolking;Kop van Noord-Holland (CR);2009;370052;320503;26202;9750;16452;23347;13291;10056;18
684;Totaal over alle leeftijden;Totaal bevolking;Kop van Noord-Holland (CR);2010;370218;319507;26706;9957;16749;24005;13573;10432;18
685;Totaal over alle leeftijden;Totaal bevolking;Kop van Noord-Holland (CR);2011;370281;318454;27188;10188;17000;24639;13824;10815;18
686;Totaal over alle leeftijden;Totaal bevolking;Kop van Noord-Holland (CR);2012;370334;317431;27708;10429;17279;25195;14096;11099;18
687;Totaal over alle leeftijden;Totaal bevolking;Kop van Noord-Holland (CR);2013;370373;316394;28166;10681;17485;25813;14401;11412;18
688;Totaal over alle leeftijden;Totaal bevolking;Kop van Noord-Holland (CR);2014;370401;315193;28755;10996;17759;26453;14695;11758;18
689;Totaal over alle leeftijden;Totaal bevolking;Kop van Noord-Holland (CR);2015;370472;314049;29352;11283;18069;27071;14911;12160;18
690;Totaal over alle leeftijden;Totaal bevolking;Kop van Noord-Holland (CR);2016;370513;312881;29939;11611;18328;27693;15172;12521;18
691;Totaal over alle leeftijden;Totaal bevolking;Kop van Noord-Holland (CR);2017;370582;311557;30507;11898;18609;28518;15598;12920;18
692;Totaal over alle leeftijden;Totaal bevolking;Kop van Noord-Holland (CR);2018;370617;310435;30991;12132;18859;29191;15923;13268;18
693;Totaal over alle leeftijden;Totaal bevolking;Kop van Noord-Holland (CR);2019;370717;309177;31639;12468;19171;29901;16300;13601;18
694;Totaal over alle leeftijden;Totaal bevolking;Kop van Noord-Holland (CR);2020;370808;307975;32241;12780;19461;30592;16637;13955;18
695;Totaal over alle leeftijden;Totaal bevolking;Kop van Noord-Holland (CR);2021;370942;306761;32811;13065;19746;31370;17015;14355;18
696;Totaal over alle leeftijden;Totaal bevolking;Kop van Noord-Holland (CR);2022;371089;305771;33298;13354;19944;32020;17347;14673;18
697;Totaal over alle leeftijden;Totaal bevolking;Kop van Noord-Holland (CR);2023;371233;304694;33817;13613;20204;32722;17720;15002;18
698;Totaal over alle leeftijden;Totaal bevolking;Kop van Noord-Holland (CR);2024;371433;303532;34368;13918;20450;33533;18146;15387;18
699;Totaal over alle leeftijden;Totaal bevolking;Kop van Noord-Holland (CR);2025;371583;302393;34975;14185;20790;34215;18497;15718;18
700;Totaal over alle leeftijden;Totaal bevolking;Alkmaar en omgeving (CR);2006;227329;190767;18780;7349;11431;17782;10359;7423;19
701;Totaal over alle leeftijden;Totaal bevolking;Alkmaar en omgeving (CR);2007;228622;191898;18677;7211;11466;18047;10418;7629;19
702;Totaal over alle leeftijden;Totaal bevolking;Alkmaar en omgeving (CR);2008;230160;193051;18719;7133;11586;18390;10495;7895;19
703;Totaal over alle leeftijden;Totaal bevolking;Alkmaar en omgeving (CR);2009;231648;194308;18705;7078;11627;18635;10529;8106;19
704;Totaal over alle leeftijden;Totaal bevolking;Alkmaar en omgeving (CR);2010;232871;195349;18739;7039;11700;18783;10509;8274;19
705;Totaal over alle leeftijden;Totaal bevolking;Alkmaar en omgeving (CR);2011;234078;196346;18773;7051;11722;18959;10444;8515;19
706;Totaal over alle leeftijden;Totaal bevolking;Alkmaar en omgeving (CR);2012;235303;197304;18839;7048;11791;19160;10430;8730;19
707;Totaal over alle leeftijden;Totaal bevolking;Alkmaar en omgeving (CR);2013;236546;198135;18980;7102;11878;19431;10470;8961;19
708;Totaal over alle leeftijden;Totaal bevolking;Alkmaar en omgeving (CR);2014;237710;198999;19054;7135;11919;19657;10514;9143;19
709;Totaal over alle leeftijden;Totaal bevolking;Alkmaar en omgeving (CR);2015;238874;199800;19193;7218;11975;19881;10563;9318;19
710;Totaal over alle leeftijden;Totaal bevolking;Alkmaar en omgeving (CR);2016;239986;200575;19289;7254;12035;20122;10651;9471;19
711;Totaal over alle leeftijden;Totaal bevolking;Alkmaar en omgeving (CR);2017;241123;201276;19465;7328;12137;20382;10702;9680;19
712;Totaal over alle leeftijden;Totaal bevolking;Alkmaar en omgeving (CR);2018;242197;202083;19491;7329;12162;20623;10795;9828;19
713;Totaal over alle leeftijden;Totaal bevolking;Alkmaar en omgeving (CR);2019;243333;202796;19629;7412;12217;20908;10924;9984;19
714;Totaal over alle leeftijden;Totaal bevolking;Alkmaar en omgeving (CR);2020;244392;203607;19624;7396;12228;21161;11034;10127;19
715;Totaal over alle leeftijden;Totaal bevolking;Alkmaar en omgeving (CR);2021;245470;204363;19703;7428;12275;21404;11102;10302;19
716;Totaal over alle leeftijden;Totaal bevolking;Alkmaar en omgeving (CR);2022;246525;205037;19787;7462;12325;21701;11208;10493;19
717;Totaal over alle leeftijden;Totaal bevolking;Alkmaar en omgeving (CR);2023;247566;205756;19836;7498;12338;21974;11294;10680;19
718;Totaal over alle leeftijden;Totaal bevolking;Alkmaar en omgeving (CR);2024;248562;206350;19853;7501;12352;22359;11436;10923;19
719;Totaal over alle leeftijden;Totaal bevolking;Alkmaar en omgeving (CR);2025;249500;206859;19996;7572;12424;22645;11517;11128;19
720;Totaal over alle leeftijden;Totaal bevolking;IJmond (CR);2006;187868;160073;15616;6016;9600;12179;6875;5304;20
721;Totaal over alle leeftijden;Totaal bevolking;IJmond (CR);2007;188771;160432;15770;6084;9686;12569;6984;5585;20
722;Totaal over alle leeftijden;Totaal bevolking;IJmond (CR);2008;189758;160851;15981;6173;9808;12926;7094;5832;20
723;Totaal over alle leeftijden;Totaal bevolking;IJmond (CR);2009;190726;161243;16132;6248;9884;13351;7216;6135;20
724;Totaal over alle leeftijden;Totaal bevolking;IJmond (CR);2010;191515;161481;16364;6369;9995;13670;7320;6350;20
725;Totaal over alle leeftijden;Totaal bevolking;IJmond (CR);2011;192283;161621;16620;6512;10108;14042;7429;6613;20
726;Totaal over alle leeftijden;Totaal bevolking;IJmond (CR);2012;193105;161797;16917;6659;10258;14391;7557;6834;20
727;Totaal over alle leeftijden;Totaal bevolking;IJmond (CR);2013;193885;161968;17195;6805;10390;14722;7639;7083;20
728;Totaal over alle leeftijden;Totaal bevolking;IJmond (CR);2014;194628;162130;17443;6955;10488;15055;7741;7314;20
729;Totaal over alle leeftijden;Totaal bevolking;IJmond (CR);2015;195361;162302;17654;7072;10582;15405;7837;7568;20
730;Totaal over alle leeftijden;Totaal bevolking;IJmond (CR);2016;196116;162412;17917;7202;10715;15787;7961;7826;20
731;Totaal over alle leeftijden;Totaal bevolking;IJmond (CR);2017;196863;162643;18120;7321;10799;16100;8059;8041;20
732;Totaal over alle leeftijden;Totaal bevolking;IJmond (CR);2018;197556;162912;18285;7414;10871;16359;8141;8218;20
733;Totaal over alle leeftijden;Totaal bevolking;IJmond (CR);2019;198299;163174;18495;7538;10957;16630;8219;8411;20
734;Totaal over alle leeftijden;Totaal bevolking;IJmond (CR);2020;199044;163386;18696;7635;11061;16962;8330;8632;20
735;Totaal over alle leeftijden;Totaal bevolking;IJmond (CR);2021;199772;163582;18906;7772;11134;17284;8453;8831;20
736;Totaal over alle leeftijden;Totaal bevolking;IJmond (CR);2022;200469;163852;19062;7876;11186;17555;8565;8990;20
737;Totaal over alle leeftijden;Totaal bevolking;IJmond (CR);2023;201260;164159;19246;8003;11243;17855;8661;9194;20
738;Totaal over alle leeftijden;Totaal bevolking;IJmond (CR);2024;201997;164419;19435;8145;11290;18143;8776;9367;20
739;Totaal over alle leeftijden;Totaal bevolking;IJmond (CR);2025;202692;164731;19550;8252;11298;18411;8863;9548;20
740;Totaal over alle leeftijden;Totaal bevolking;Agglomeratie Haarlem (CR);2006;217089;170682;23972;9438;14534;22435;12882;9553;21
741;Totaal over alle leeftijden;Totaal bevolking;Agglomeratie Haarlem (CR);2007;217437;170147;24222;9489;14733;23068;13029;10039;21
742;Totaal over alle leeftijden;Totaal bevolking;Agglomeratie Haarlem (CR);2008;217964;169568;24559;9655;14904;23837;13271;10566;21
743;Totaal over alle leeftijden;Totaal bevolking;Agglomeratie Haarlem (CR);2009;218423;168988;24910;9816;15094;24525;13518;11007;21
744;Totaal over alle leeftijden;Totaal bevolking;Agglomeratie Haarlem (CR);2010;218681;168227;25272;10042;15230;25182;13680;11502;21
745;Totaal over alle leeftijden;Totaal bevolking;Agglomeratie Haarlem (CR);2011;218978;167496;25702;10339;15363;25780;13819;11961;21
746;Totaal over alle leeftijden;Totaal bevolking;Agglomeratie Haarlem (CR);2012;219276;166790;26083;10603;15480;26403;13978;12425;21
747;Totaal over alle leeftijden;Totaal bevolking;Agglomeratie Haarlem (CR);2013;219560;165917;26579;10948;15631;27064;14147;12917;21
748;Totaal over alle leeftijden;Totaal bevolking;Agglomeratie Haarlem (CR);2014;219865;165031;27116;11311;15805;27718;14360;13358;21
749;Totaal over alle leeftijden;Totaal bevolking;Agglomeratie Haarlem (CR);2015;220173;164215;27617;11680;15937;28341;14569;13772;21
750;Totaal over alle leeftijden;Totaal bevolking;Agglomeratie Haarlem (CR);2016;220503;163358;28084;11992;16092;29061;14835;14226;21
751;Totaal over alle leeftijden;Totaal bevolking;Agglomeratie Haarlem (CR);2017;220854;162583;28573;12286;16287;29698;15056;14642;21
752;Totaal over alle leeftijden;Totaal bevolking;Agglomeratie Haarlem (CR);2018;221190;161695;29066;12625;16441;30429;15320;15109;21
753;Totaal over alle leeftijden;Totaal bevolking;Agglomeratie Haarlem (CR);2019;221539;160851;29487;12923;16564;31201;15585;15616;21
754;Totaal over alle leeftijden;Totaal bevolking;Agglomeratie Haarlem (CR);2020;221955;160088;29888;13183;16705;31979;15846;16133;21
755;Totaal over alle leeftijden;Totaal bevolking;Agglomeratie Haarlem (CR);2021;222342;159275;30329;13488;16841;32738;16120;16618;21
756;Totaal over alle leeftijden;Totaal bevolking;Agglomeratie Haarlem (CR);2022;222766;158537;30669;13755;16914;33560;16428;17132;21
757;Totaal over alle leeftijden;Totaal bevolking;Agglomeratie Haarlem (CR);2023;223240;157809;31134;14091;17043;34297;16727;17570;21
758;Totaal over alle leeftijden;Totaal bevolking;Agglomeratie Haarlem (CR);2024;223766;157101;31618;14340;17278;35047;17028;18019;21
759;Totaal over alle leeftijden;Totaal bevolking;Agglomeratie Haarlem (CR);2025;224273;156326;32043;14630;17413;35904;17309;18595;21
760;Totaal over alle leeftijden;Totaal bevolking;Zaanstreek (CR);2006;156660;120835;12921;5162;7759;22904;12586;10318;22
761;Totaal over alle leeftijden;Totaal bevolking;Zaanstreek (CR);2007;157706;120864;13035;5195;7840;23807;12713;11094;22
762;Totaal over alle leeftijden;Totaal bevolking;Zaanstreek (CR);2008;158806;120940;13138;5229;7909;24728;12870;11858;22
763;Totaal over alle leeftijden;Totaal bevolking;Zaanstreek (CR);2009;159889;120985;13241;5310;7931;25663;13077;12586;22
764;Totaal over alle leeftijden;Totaal bevolking;Zaanstreek (CR);2010;161412;121306;13470;5425;8045;26636;13270;13366;22
765;Totaal over alle leeftijden;Totaal bevolking;Zaanstreek (CR);2011;162921;121578;13710;5573;8137;27633;13438;14195;22
766;Totaal over alle leeftijden;Totaal bevolking;Zaanstreek (CR);2012;164433;121772;14014;5727;8287;28647;13615;15032;22
767;Totaal over alle leeftijden;Totaal bevolking;Zaanstreek (CR);2013;165942;121991;14289;5891;8398;29662;13783;15879;22
768;Totaal over alle leeftijden;Totaal bevolking;Zaanstreek (CR);2014;167415;122237;14519;6039;8480;30659;13986;16673;22
769;Totaal over alle leeftijden;Totaal bevolking;Zaanstreek (CR);2015;168829;122436;14785;6182;8603;31608;14146;17462;22
770;Totaal over alle leeftijden;Totaal bevolking;Zaanstreek (CR);2016;170213;122641;15039;6331;8708;32533;14284;18249;22
771;Totaal over alle leeftijden;Totaal bevolking;Zaanstreek (CR);2017;171556;122817;15294;6473;8821;33445;14447;18998;22
772;Totaal over alle leeftijden;Totaal bevolking;Zaanstreek (CR);2018;172867;122974;15522;6585;8937;34371;14603;19768;22
773;Totaal over alle leeftijden;Totaal bevolking;Zaanstreek (CR);2019;174167;123107;15760;6716;9044;35300;14760;20540;22
774;Totaal over alle leeftijden;Totaal bevolking;Zaanstreek (CR);2020;175410;123255;16010;6843;9167;36145;14864;21281;22
775;Totaal over alle leeftijden;Totaal bevolking;Zaanstreek (CR);2021;176628;123377;16223;6958;9265;37028;15021;22007;22
776;Totaal over alle leeftijden;Totaal bevolking;Zaanstreek (CR);2022;177817;123503;16449;7062;9387;37865;15123;22742;22
777;Totaal over alle leeftijden;Totaal bevolking;Zaanstreek (CR);2023;178940;123626;16687;7158;9529;38627;15192;23435;22
778;Totaal over alle leeftijden;Totaal bevolking;Zaanstreek (CR);2024;180006;123725;16885;7238;9647;39396;15269;24127;22
779;Totaal over alle leeftijden;Totaal bevolking;Zaanstreek (CR);2025;181006;123796;17110;7356;9754;40100;15327;24773;22
780;Totaal over alle leeftijden;Totaal bevolking;Groot-Amsterdam (CR);2006;1206641;759853;150823;77035;73788;295965;174789;121176;23
781;Totaal over alle leeftijden;Totaal bevolking;Groot-Amsterdam (CR);2007;1212694;763233;152257;78069;74188;297204;172511;124693;23
782;Totaal over alle leeftijden;Totaal bevolking;Groot-Amsterdam (CR);2008;1218335;766289;153724;79268;74456;298322;170553;127769;23
783;Totaal over alle leeftijden;Totaal bevolking;Groot-Amsterdam (CR);2009;1223925;769114;155497;80768;74729;299314;168646;130668;23
784;Totaal over alle leeftijden;Totaal bevolking;Groot-Amsterdam (CR);2010;1233045;773641;158104;82864;75240;301300;167685;133615;23
785;Totaal over alle leeftijden;Totaal bevolking;Groot-Amsterdam (CR);2011;1242180;778033;160954;85181;75773;303193;166820;136373;23
786;Totaal over alle leeftijden;Totaal bevolking;Groot-Amsterdam (CR);2012;1251362;782190;164046;87747;76299;305126;166198;138928;23
787;Totaal over alle leeftijden;Totaal bevolking;Groot-Amsterdam (CR);2013;1260496;786196;167437;90518;76919;306863;165540;141323;23
788;Totaal over alle leeftijden;Totaal bevolking;Groot-Amsterdam (CR);2014;1269442;789964;170794;93179;77615;308684;165091;143593;23
789;Totaal over alle leeftijden;Totaal bevolking;Groot-Amsterdam (CR);2015;1278216;793458;173954;95745;78209;310804;164911;145893;23
790;Totaal over alle leeftijden;Totaal bevolking;Groot-Amsterdam (CR);2016;1286800;796696;177193;98312;78881;312911;164829;148082;23
791;Totaal over alle leeftijden;Totaal bevolking;Groot-Amsterdam (CR);2017;1295202;800052;180262;100666;79596;314888;164646;150242;23
792;Totaal over alle leeftijden;Totaal bevolking;Groot-Amsterdam (CR);2018;1303347;803155;183333;103035;80298;316859;164618;152241;23
793;Totaal over alle leeftijden;Totaal bevolking;Groot-Amsterdam (CR);2019;1311329;806040;186417;105287;81130;318872;164699;154173;23
794;Totaal over alle leeftijden;Totaal bevolking;Groot-Amsterdam (CR);2020;1319122;808795;189568;107587;81981;320759;164780;155979;23
795;Totaal over alle leeftijden;Totaal bevolking;Groot-Amsterdam (CR);2021;1326635;811478;192441;109783;82658;322716;164796;157920;23
796;Totaal over alle leeftijden;Totaal bevolking;Groot-Amsterdam (CR);2022;1333989;813799;195419;112008;83411;324771;165070;159701;23
797;Totaal over alle leeftijden;Totaal bevolking;Groot-Amsterdam (CR);2023;1341008;816018;198427;114195;84232;326563;165153;161410;23
798;Totaal over alle leeftijden;Totaal bevolking;Groot-Amsterdam (CR);2024;1347666;817770;201536;116391;85145;328360;165233;163127;23
799;Totaal over alle leeftijden;Totaal bevolking;Groot-Amsterdam (CR);2025;1354050;819434;204456;118563;85893;330160;165369;164791;23
800;Totaal over alle leeftijden;Totaal bevolking;Het Gooi en Vechtstreek (CR);2006;240767;195507;26066;9977;16089;19194;10895;8299;24
801;Totaal over alle leeftijden;Totaal bevolking;Het Gooi en Vechtstreek (CR);2007;240060;194476;26079;9869;16210;19505;10960;8545;24
802;Totaal over alle leeftijden;Totaal bevolking;Het Gooi en Vechtstreek (CR);2008;239497;193600;26146;9800;16346;19751;10970;8781;24
803;Totaal over alle leeftijden;Totaal bevolking;Het Gooi en Vechtstreek (CR);2009;238931;192609;26290;9846;16444;20032;10993;9039;24
804;Totaal over alle leeftijden;Totaal bevolking;Het Gooi en Vechtstreek (CR);2010;238233;191602;26352;9873;16479;20279;10979;9300;24
805;Totaal over alle leeftijden;Totaal bevolking;Het Gooi en Vechtstreek (CR);2011;237529;190502;26442;9936;16506;20585;11010;9575;24
806;Totaal over alle leeftijden;Totaal bevolking;Het Gooi en Vechtstreek (CR);2012;236826;189334;26694;10039;16655;20798;11029;9769;24
807;Totaal over alle leeftijden;Totaal bevolking;Het Gooi en Vechtstreek (CR);2013;236152;188194;26933;10162;16771;21025;11056;9969;24
808;Totaal over alle leeftijden;Totaal bevolking;Het Gooi en Vechtstreek (CR);2014;235462;187029;27129;10341;16788;21304;11121;10183;24
809;Totaal over alle leeftijden;Totaal bevolking;Het Gooi en Vechtstreek (CR);2015;234798;185974;27253;10452;16801;21571;11169;10402;24
810;Totaal over alle leeftijden;Totaal bevolking;Het Gooi en Vechtstreek (CR);2016;234173;184947;27395;10541;16854;21831;11204;10627;24
811;Totaal over alle leeftijden;Totaal bevolking;Het Gooi en Vechtstreek (CR);2017;233594;183907;27618;10698;16920;22069;11213;10856;24
812;Totaal over alle leeftijden;Totaal bevolking;Het Gooi en Vechtstreek (CR);2018;233025;182808;27861;10803;17058;22356;11313;11043;24
813;Totaal over alle leeftijden;Totaal bevolking;Het Gooi en Vechtstreek (CR);2019;232456;181771;27932;10882;17050;22753;11465;11288;24
814;Totaal over alle leeftijden;Totaal bevolking;Het Gooi en Vechtstreek (CR);2020;231993;180814;28172;11044;17128;23007;11544;11463;24
815;Totaal over alle leeftijden;Totaal bevolking;Het Gooi en Vechtstreek (CR);2021;231597;179889;28415;11253;17162;23293;11668;11625;24
816;Totaal over alle leeftijden;Totaal bevolking;Het Gooi en Vechtstreek (CR);2022;231227;178986;28673;11415;17258;23568;11745;11823;24
817;Totaal over alle leeftijden;Totaal bevolking;Het Gooi en Vechtstreek (CR);2023;230879;178058;28942;11612;17330;23879;11868;12011;24
818;Totaal over alle leeftijden;Totaal bevolking;Het Gooi en Vechtstreek (CR);2024;230581;177154;29202;11810;17392;24225;11996;12229;24
819;Totaal over alle leeftijden;Totaal bevolking;Het Gooi en Vechtstreek (CR);2025;230299;176364;29349;11911;17438;24586;12143;12443;24
820;Totaal over alle leeftijden;Totaal bevolking;Agglomeratie Leiden en Bollenstreek (CR);2006;390698;324161;36505;16909;19596;30032;17987;12045;25
821;Totaal over alle leeftijden;Totaal bevolking;Agglomeratie Leiden en Bollenstreek (CR);2007;391661;323647;37168;17248;19920;30846;18245;12601;25
822;Totaal over alle leeftijden;Totaal bevolking;Agglomeratie Leiden en Bollenstreek (CR);2008;393023;323474;37845;17544;20301;31704;18496;13208;25
823;Totaal over alle leeftijden;Totaal bevolking;Agglomeratie Leiden en Bollenstreek (CR);2009;394620;323216;38770;18089;20681;32634;18864;13770;25
824;Totaal over alle leeftijden;Totaal bevolking;Agglomeratie Leiden en Bollenstreek (CR);2010;396322;323021;39798;18763;21035;33503;19206;14297;25
825;Totaal over alle leeftijden;Totaal bevolking;Agglomeratie Leiden en Bollenstreek (CR);2011;398011;322735;40921;19508;21413;34355;19515;14840;25
826;Totaal over alle leeftijden;Totaal bevolking;Agglomeratie Leiden en Bollenstreek (CR);2012;399788;322405;42064;20244;21820;35319;19907;15412;25
827;Totaal over alle leeftijden;Totaal bevolking;Agglomeratie Leiden en Bollenstreek (CR);2013;401645;322117;43201;21036;22165;36327;20334;15993;25
828;Totaal over alle leeftijden;Totaal bevolking;Agglomeratie Leiden en Bollenstreek (CR);2014;403412;321729;44423;21886;22537;37260;20706;16554;25
829;Totaal over alle leeftijden;Totaal bevolking;Agglomeratie Leiden en Bollenstreek (CR);2015;405120;321416;45573;22659;22914;38131;21028;17103;25
830;Totaal over alle leeftijden;Totaal bevolking;Agglomeratie Leiden en Bollenstreek (CR);2016;406849;321063;46712;23432;23280;39074;21397;17677;25
831;Totaal over alle leeftijden;Totaal bevolking;Agglomeratie Leiden en Bollenstreek (CR);2017;408592;320571;47867;24146;23721;40154;21883;18271;25
832;Totaal over alle leeftijden;Totaal bevolking;Agglomeratie Leiden en Bollenstreek (CR);2018;410310;320170;48945;24828;24117;41195;22335;18860;25
833;Totaal over alle leeftijden;Totaal bevolking;Agglomeratie Leiden en Bollenstreek (CR);2019;412045;319873;49997;25449;24548;42175;22831;19344;25
834;Totaal over alle leeftijden;Totaal bevolking;Agglomeratie Leiden en Bollenstreek (CR);2020;413783;319468;51043;26100;24943;43272;23292;19980;25
835;Totaal over alle leeftijden;Totaal bevolking;Agglomeratie Leiden en Bollenstreek (CR);2021;415432;319088;52079;26743;25336;44265;23742;20523;25
836;Totaal over alle leeftijden;Totaal bevolking;Agglomeratie Leiden en Bollenstreek (CR);2022;417119;318681;53095;27320;25775;45343;24248;21095;25
837;Totaal over alle leeftijden;Totaal bevolking;Agglomeratie Leiden en Bollenstreek (CR);2023;418819;318345;54097;27886;26211;46377;24726;21651;25
838;Totaal over alle leeftijden;Totaal bevolking;Agglomeratie Leiden en Bollenstreek (CR);2024;420309;317869;54980;28384;26596;47460;25217;22243;25
839;Totaal over alle leeftijden;Totaal bevolking;Agglomeratie Leiden en Bollenstreek (CR);2025;421805;317426;55915;28878;27037;48464;25656;22808;25
840;Totaal over alle leeftijden;Totaal bevolking;Agglomeratie 's-Gravenhage (CR);2006;779382;495846;98446;49175;49271;185090;113680;71410;26
841;Totaal over alle leeftijden;Totaal bevolking;Agglomeratie 's-Gravenhage (CR);2007;781757;495774;99185;49914;49271;186798;112771;74027;26
842;Totaal over alle leeftijden;Totaal bevolking;Agglomeratie 's-Gravenhage (CR);2008;784575;495652;100339;51003;49336;188584;112040;76544;26
843;Totaal over alle leeftijden;Totaal bevolking;Agglomeratie 's-Gravenhage (CR);2009;787531;495218;101761;52406;49355;190552;111555;78997;26
844;Totaal over alle leeftijden;Totaal bevolking;Agglomeratie 's-Gravenhage (CR);2010;790538;494449;103619;54211;49408;192470;111184;81286;26
845;Totaal over alle leeftijden;Totaal bevolking;Agglomeratie 's-Gravenhage (CR);2011;793702;493242;106044;56403;49641;194416;110911;83505;26
846;Totaal over alle leeftijden;Totaal bevolking;Agglomeratie 's-Gravenhage (CR);2012;796957;491974;108608;58770;49838;196375;110745;85630;26
847;Totaal over alle leeftijden;Totaal bevolking;Agglomeratie 's-Gravenhage (CR);2013;800319;490669;111523;61397;50126;198127;110568;87559;26
848;Totaal over alle leeftijden;Totaal bevolking;Agglomeratie 's-Gravenhage (CR);2014;803658;489054;114593;63998;50595;200011;110500;89511;26
849;Totaal over alle leeftijden;Totaal bevolking;Agglomeratie 's-Gravenhage (CR);2015;807004;487467;117711;66590;51121;201826;110489;91337;26
850;Totaal over alle leeftijden;Totaal bevolking;Agglomeratie 's-Gravenhage (CR);2016;810305;485663;120882;69118;51764;203760;110523;93237;26
851;Totaal over alle leeftijden;Totaal bevolking;Agglomeratie 's-Gravenhage (CR);2017;813643;484086;123970;71536;52434;205587;110695;94892;26
852;Totaal over alle leeftijden;Totaal bevolking;Agglomeratie 's-Gravenhage (CR);2018;816964;482367;127212;74025;53187;207385;110789;96596;26
853;Totaal over alle leeftijden;Totaal bevolking;Agglomeratie 's-Gravenhage (CR);2019;820284;480604;130600;76564;54036;209080;110896;98184;26
854;Totaal over alle leeftijden;Totaal bevolking;Agglomeratie 's-Gravenhage (CR);2020;823518;478752;134104;79139;54965;210662;110963;99699;26
855;Totaal over alle leeftijden;Totaal bevolking;Agglomeratie 's-Gravenhage (CR);2021;826711;476725;137576;81574;56002;212410;111191;101219;26
856;Totaal over alle leeftijden;Totaal bevolking;Agglomeratie 's-Gravenhage (CR);2022;829868;474682;141277;84091;57186;213909;111261;102648;26
857;Totaal over alle leeftijden;Totaal bevolking;Agglomeratie 's-Gravenhage (CR);2023;832943;472556;144875;86537;58338;215512;111340;104172;26
858;Totaal over alle leeftijden;Totaal bevolking;Agglomeratie 's-Gravenhage (CR);2024;835894;470677;148528;88945;59583;216689;111160;105529;26
859;Totaal over alle leeftijden;Totaal bevolking;Agglomeratie 's-Gravenhage (CR);2025;838738;468692;152191;91337;60854;217855;110925;106930;26
860;Totaal over alle leeftijden;Totaal bevolking;Delft en Westland (CR);2006;211107;174151;16756;7620;9136;20200;12838;7362;27
861;Totaal over alle leeftijden;Totaal bevolking;Delft en Westland (CR);2007;211863;173680;17101;7720;9381;21082;13092;7990;27
862;Totaal over alle leeftijden;Totaal bevolking;Delft en Westland (CR);2008;212709;173256;17528;7877;9651;21925;13309;8616;27
863;Totaal over alle leeftijden;Totaal bevolking;Delft en Westland (CR);2009;213607;172847;17964;8050;9914;22796;13528;9268;27
864;Totaal over alle leeftijden;Totaal bevolking;Delft en Westland (CR);2010;214492;172518;18365;8244;10121;23609;13749;9860;27
865;Totaal over alle leeftijden;Totaal bevolking;Delft en Westland (CR);2011;215408;172138;18883;8500;10383;24387;14017;10370;27
866;Totaal over alle leeftijden;Totaal bevolking;Delft en Westland (CR);2012;216325;171811;19330;8690;10640;25184;14254;10930;27
867;Totaal over alle leeftijden;Totaal bevolking;Delft en Westland (CR);2013;217316;171584;19847;9002;10845;25885;14415;11470;27
868;Totaal over alle leeftijden;Totaal bevolking;Delft en Westland (CR);2014;218314;171223;20375;9279;11096;26716;14687;12029;27
869;Totaal over alle leeftijden;Totaal bevolking;Delft en Westland (CR);2015;219301;170874;20876;9598;11278;27551;14941;12610;27
870;Totaal over alle leeftijden;Totaal bevolking;Delft en Westland (CR);2016;220246;170580;21377;9872;11505;28289;15206;13083;27
871;Totaal over alle leeftijden;Totaal bevolking;Delft en Westland (CR);2017;221229;170275;21872;10149;11723;29082;15468;13614;27
872;Totaal over alle leeftijden;Totaal bevolking;Delft en Westland (CR);2018;222207;169959;22409;10408;12001;29839;15713;14126;27
873;Totaal over alle leeftijden;Totaal bevolking;Delft en Westland (CR);2019;223173;169633;23003;10735;12268;30537;15936;14601;27
874;Totaal over alle leeftijden;Totaal bevolking;Delft en Westland (CR);2020;224103;169353;23539;11079;12460;31211;16118;15093;27
875;Totaal over alle leeftijden;Totaal bevolking;Delft en Westland (CR);2021;225041;169008;24068;11398;12670;31965;16371;15594;27
876;Totaal over alle leeftijden;Totaal bevolking;Delft en Westland (CR);2022;225921;168646;24634;11716;12918;32641;16557;16084;27
877;Totaal over alle leeftijden;Totaal bevolking;Delft en Westland (CR);2023;226787;168400;25102;11935;13167;33285;16718;16567;27
878;Totaal over alle leeftijden;Totaal bevolking;Delft en Westland (CR);2024;227584;167984;25647;12228;13419;33953;16860;17093;27
879;Totaal over alle leeftijden;Totaal bevolking;Delft en Westland (CR);2025;228368;167627;26193;12516;13677;34548;17002;17546;27
880;Totaal over alle leeftijden;Totaal bevolking;Oost-Zuid-Holland (CR);2006;323404;275737;21937;8309;13628;25730;14376;11354;28
881;Totaal over alle leeftijden;Totaal bevolking;Oost-Zuid-Holland (CR);2007;323480;274773;22236;8338;13898;26471;14566;11905;28
882;Totaal over alle leeftijden;Totaal bevolking;Oost-Zuid-Holland (CR);2008;323116;273547;22512;8420;14092;27057;14701;12356;28
883;Totaal over alle leeftijden;Totaal bevolking;Oost-Zuid-Holland (CR);2009;322735;272205;22866;8557;14309;27664;14852;12812;28
884;Totaal over alle leeftijden;Totaal bevolking;Oost-Zuid-Holland (CR);2010;322260;270827;23196;8759;14437;28237;15017;13220;28
885;Totaal over alle leeftijden;Totaal bevolking;Oost-Zuid-Holland (CR);2011;321844;269438;23620;8960;14660;28786;15143;13643;28
886;Totaal over alle leeftijden;Totaal bevolking;Oost-Zuid-Holland (CR);2012;321429;268011;24062;9233;14829;29356;15277;14079;28
887;Totaal over alle leeftijden;Totaal bevolking;Oost-Zuid-Holland (CR);2013;320968;266550;24524;9506;15018;29894;15464;14430;28
888;Totaal over alle leeftijden;Totaal bevolking;Oost-Zuid-Holland (CR);2014;320482;265075;24948;9723;15225;30459;15667;14792;28
889;Totaal over alle leeftijden;Totaal bevolking;Oost-Zuid-Holland (CR);2015;320020;263601;25481;9972;15509;30938;15825;15113;28
890;Totaal over alle leeftijden;Totaal bevolking;Oost-Zuid-Holland (CR);2016;319541;262220;25892;10183;15709;31429;15995;15434;28
891;Totaal over alle leeftijden;Totaal bevolking;Oost-Zuid-Holland (CR);2017;319110;260866;26329;10396;15933;31915;16142;15773;28
892;Totaal over alle leeftijden;Totaal bevolking;Oost-Zuid-Holland (CR);2018;318678;259506;26753;10666;16087;32419;16378;16041;28
893;Totaal over alle leeftijden;Totaal bevolking;Oost-Zuid-Holland (CR);2019;318262;258074;27173;10898;16275;33015;16622;16393;28
894;Totaal over alle leeftijden;Totaal bevolking;Oost-Zuid-Holland (CR);2020;317821;256671;27653;11124;16529;33497;16819;16678;28
895;Totaal over alle leeftijden;Totaal bevolking;Oost-Zuid-Holland (CR);2021;317369;255256;28178;11379;16799;33935;17021;16914;28
896;Totaal over alle leeftijden;Totaal bevolking;Oost-Zuid-Holland (CR);2022;316929;253894;28648;11616;17032;34387;17223;17164;28
897;Totaal over alle leeftijden;Totaal bevolking;Oost-Zuid-Holland (CR);2023;316479;252578;29028;11789;17239;34873;17392;17481;28
898;Totaal over alle leeftijden;Totaal bevolking;Oost-Zuid-Holland (CR);2024;316070;251300;29493;11999;17494;35277;17553;17724;28
899;Totaal over alle leeftijden;Totaal bevolking;Oost-Zuid-Holland (CR);2025;315568;249912;29933;12209;17724;35723;17757;17966;28
900;Totaal over alle leeftijden;Totaal bevolking;Groot-Rijnmond (CR);2006;1362733;966085;115158;52657;62501;281490;163628;117862;29
901;Totaal over alle leeftijden;Totaal bevolking;Groot-Rijnmond (CR);2007;1365656;966406;115675;52620;63055;283575;161815;121760;29
902;Totaal over alle leeftijden;Totaal bevolking;Groot-Rijnmond (CR);2008;1368383;966380;116329;52770;63559;285674;160385;125289;29
903;Totaal over alle leeftijden;Totaal bevolking;Groot-Rijnmond (CR);2009;1371223;966217;117154;53019;64135;287852;159249;128603;29
904;Totaal over alle leeftijden;Totaal bevolking;Groot-Rijnmond (CR);2010;1374098;965953;118188;53469;64719;289957;158304;131653;29
905;Totaal over alle leeftijden;Totaal bevolking;Groot-Rijnmond (CR);2011;1377223;965711;119280;54134;65146;292232;157668;134564;29
906;Totaal over alle leeftijden;Totaal bevolking;Groot-Rijnmond (CR);2012;1380516;965691;120532;54807;65725;294293;157002;137291;29
907;Totaal over alle leeftijden;Totaal bevolking;Groot-Rijnmond (CR);2013;1384030;965830;121753;55539;66214;296447;156482;139965;29
908;Totaal over alle leeftijden;Totaal bevolking;Groot-Rijnmond (CR);2014;1387542;965894;123273;56306;66967;298375;155951;142424;29
909;Totaal over alle leeftijden;Totaal bevolking;Groot-Rijnmond (CR);2015;1391016;965941;124605;57006;67599;300470;155662;144808;29
910;Totaal over alle leeftijden;Totaal bevolking;Groot-Rijnmond (CR);2016;1394539;966398;125842;57704;68138;302299;155202;147097;29
911;Totaal over alle leeftijden;Totaal bevolking;Groot-Rijnmond (CR);2017;1398084;966768;127040;58253;68787;304276;154901;149375;29
912;Totaal over alle leeftijden;Totaal bevolking;Groot-Rijnmond (CR);2018;1401590;967314;128136;58648;69488;306140;154609;151531;29
913;Totaal over alle leeftijden;Totaal bevolking;Groot-Rijnmond (CR);2019;1405112;967922;129247;59141;70106;307943;154348;153595;29
914;Totaal over alle leeftijden;Totaal bevolking;Groot-Rijnmond (CR);2020;1408660;968640;130324;59593;70731;309696;154123;155573;29
915;Totaal over alle leeftijden;Totaal bevolking;Groot-Rijnmond (CR);2021;1412113;969557;131331;60031;71300;311225;153828;157397;29
916;Totaal over alle leeftijden;Totaal bevolking;Groot-Rijnmond (CR);2022;1415614;970465;132398;60505;71893;312751;153443;159308;29
917;Totaal over alle leeftijden;Totaal bevolking;Groot-Rijnmond (CR);2023;1418967;971211;133523;60957;72566;314233;153116;161117;29
918;Totaal over alle leeftijden;Totaal bevolking;Groot-Rijnmond (CR);2024;1422208;972214;134440;61341;73099;315554;152828;162726;29
919;Totaal over alle leeftijden;Totaal bevolking;Groot-Rijnmond (CR);2025;1425345;973076;135469;61829;73640;316800;152460;164340;29
920;Totaal over alle leeftijden;Totaal bevolking;Zuidoost-Zuid-Holland (CR);2006;403528;333369;29361;11456;17905;40798;22982;17816;30
921;Totaal over alle leeftijden;Totaal bevolking;Zuidoost-Zuid-Holland (CR);2007;404385;332842;29588;11428;18160;41955;23086;18869;30
922;Totaal over alle leeftijden;Totaal bevolking;Zuidoost-Zuid-Holland (CR);2008;406490;333129;29986;11529;18457;43375;23361;20014;30
923;Totaal over alle leeftijden;Totaal bevolking;Zuidoost-Zuid-Holland (CR);2009;408667;333508;30424;11636;18788;44735;23590;21145;30
924;Totaal over alle leeftijden;Totaal bevolking;Zuidoost-Zuid-Holland (CR);2010;410763;333842;30840;11732;19108;46081;23897;22184;30
925;Totaal over alle leeftijden;Totaal bevolking;Zuidoost-Zuid-Holland (CR);2011;412885;334085;31253;11848;19405;47547;24236;23311;30
926;Totaal over alle leeftijden;Totaal bevolking;Zuidoost-Zuid-Holland (CR);2012;415058;334381;31764;12054;19710;48913;24541;24372;30
927;Totaal over alle leeftijden;Totaal bevolking;Zuidoost-Zuid-Holland (CR);2013;417175;334723;32229;12257;19972;50223;24754;25469;30
928;Totaal over alle leeftijden;Totaal bevolking;Zuidoost-Zuid-Holland (CR);2014;419351;335081;32654;12420;20234;51616;25043;26573;30
929;Totaal over alle leeftijden;Totaal bevolking;Zuidoost-Zuid-Holland (CR);2015;421435;335319;33169;12625;20544;52947;25341;27606;30
930;Totaal over alle leeftijden;Totaal bevolking;Zuidoost-Zuid-Holland (CR);2016;423483;335484;33650;12774;20876;54349;25706;28643;30
931;Totaal over alle leeftijden;Totaal bevolking;Zuidoost-Zuid-Holland (CR);2017;425464;335685;34171;12945;21226;55608;25999;29609;30
932;Totaal over alle leeftijden;Totaal bevolking;Zuidoost-Zuid-Holland (CR);2018;427348;335813;34558;13109;21449;56977;26305;30672;30
933;Totaal over alle leeftijden;Totaal bevolking;Zuidoost-Zuid-Holland (CR);2019;429286;335946;34951;13187;21764;58389;26618;31771;30
934;Totaal over alle leeftijden;Totaal bevolking;Zuidoost-Zuid-Holland (CR);2020;431165;336112;35371;13318;22053;59682;26895;32787;30
935;Totaal over alle leeftijden;Totaal bevolking;Zuidoost-Zuid-Holland (CR);2021;432966;336187;35834;13504;22330;60945;27116;33829;30
936;Totaal over alle leeftijden;Totaal bevolking;Zuidoost-Zuid-Holland (CR);2022;434711;336335;36224;13644;22580;62152;27359;34793;30
937;Totaal over alle leeftijden;Totaal bevolking;Zuidoost-Zuid-Holland (CR);2023;436379;336408;36586;13833;22753;63385;27643;35742;30
938;Totaal over alle leeftijden;Totaal bevolking;Zuidoost-Zuid-Holland (CR);2024;437996;336433;37002;13951;23051;64561;27878;36683;30
939;Totaal over alle leeftijden;Totaal bevolking;Zuidoost-Zuid-Holland (CR);2025;439483;336385;37350;14012;23338;65748;28153;37595;30
940;Totaal over alle leeftijden;Totaal bevolking;Zeeuwsch-Vlaanderen (CR);2006;107311;83880;18919;9167;9752;4512;2613;1899;31
941;Totaal over alle leeftijden;Totaal bevolking;Zeeuwsch-Vlaanderen (CR);2007;106898;83676;18601;8988;9613;4621;2602;2019;31
942;Totaal over alle leeftijden;Totaal bevolking;Zeeuwsch-Vlaanderen (CR);2008;106373;83294;18390;8905;9485;4689;2571;2118;31
943;Totaal over alle leeftijden;Totaal bevolking;Zeeuwsch-Vlaanderen (CR);2009;105826;82949;18077;8776;9301;4800;2600;2200;31
944;Totaal over alle leeftijden;Totaal bevolking;Zeeuwsch-Vlaanderen (CR);2010;105292;82567;17796;8613;9183;4929;2624;2305;31
945;Totaal over alle leeftijden;Totaal bevolking;Zeeuwsch-Vlaanderen (CR);2011;104776;82187;17539;8468;9071;5050;2648;2402;31
946;Totaal over alle leeftijden;Totaal bevolking;Zeeuwsch-Vlaanderen (CR);2012;104249;81732;17383;8428;8955;5134;2667;2467;31
947;Totaal over alle leeftijden;Totaal bevolking;Zeeuwsch-Vlaanderen (CR);2013;103724;81300;17192;8337;8855;5232;2678;2554;31
948;Totaal over alle leeftijden;Totaal bevolking;Zeeuwsch-Vlaanderen (CR);2014;103240;80865;17043;8282;8761;5332;2690;2642;31
949;Totaal over alle leeftijden;Totaal bevolking;Zeeuwsch-Vlaanderen (CR);2015;102743;80380;16919;8240;8679;5444;2729;2715;31
950;Totaal over alle leeftijden;Totaal bevolking;Zeeuwsch-Vlaanderen (CR);2016;102249;80039;16736;8187;8549;5474;2716;2758;31
951;Totaal over alle leeftijden;Totaal bevolking;Zeeuwsch-Vlaanderen (CR);2017;101721;79700;16452;8036;8416;5569;2726;2843;31
952;Totaal over alle leeftijden;Totaal bevolking;Zeeuwsch-Vlaanderen (CR);2018;101265;79332;16267;7961;8306;5666;2747;2919;31
953;Totaal over alle leeftijden;Totaal bevolking;Zeeuwsch-Vlaanderen (CR);2019;100806;78977;16055;7870;8185;5774;2779;2995;31
954;Totaal over alle leeftijden;Totaal bevolking;Zeeuwsch-Vlaanderen (CR);2020;100395;78600;15895;7769;8126;5900;2830;3070;31
955;Totaal over alle leeftijden;Totaal bevolking;Zeeuwsch-Vlaanderen (CR);2021;99970;78275;15743;7690;8053;5952;2845;3107;31
956;Totaal over alle leeftijden;Totaal bevolking;Zeeuwsch-Vlaanderen (CR);2022;99573;77928;15569;7644;7925;6076;2861;3215;31
957;Totaal over alle leeftijden;Totaal bevolking;Zeeuwsch-Vlaanderen (CR);2023;99153;77577;15434;7601;7833;6142;2890;3252;31
958;Totaal over alle leeftijden;Totaal bevolking;Zeeuwsch-Vlaanderen (CR);2024;98724;77264;15254;7508;7746;6206;2890;3316;31
959;Totaal over alle leeftijden;Totaal bevolking;Zeeuwsch-Vlaanderen (CR);2025;98319;76923;15112;7431;7681;6284;2916;3368;31
960;Totaal over alle leeftijden;Totaal bevolking;Overig Zeeland (CR);2006;270316;236689;19711;8403;11308;13916;8376;5540;32
961;Totaal over alle leeftijden;Totaal bevolking;Overig Zeeland (CR);2007;269948;235633;19829;8472;11357;14486;8617;5869;32
962;Totaal over alle leeftijden;Totaal bevolking;Overig Zeeland (CR);2008;269588;234659;19979;8564;11415;14950;8804;6146;32
963;Totaal over alle leeftijden;Totaal bevolking;Overig Zeeland (CR);2009;269212;233493;20242;8713;11529;15477;9015;6462;32
964;Totaal over alle leeftijden;Totaal bevolking;Overig Zeeland (CR);2010;268926;232389;20494;8892;11602;16043;9257;6786;32
965;Totaal over alle leeftijden;Totaal bevolking;Overig Zeeland (CR);2011;268696;231344;20830;9099;11731;16522;9450;7072;32
966;Totaal over alle leeftijden;Totaal bevolking;Overig Zeeland (CR);2012;268468;230281;21123;9281;11842;17064;9688;7376;32
967;Totaal over alle leeftijden;Totaal bevolking;Overig Zeeland (CR);2013;268282;229173;21524;9537;11987;17585;9915;7670;32
968;Totaal over alle leeftijden;Totaal bevolking;Overig Zeeland (CR);2014;268098;228220;21840;9832;12008;18038;10079;7959;32
969;Totaal over alle leeftijden;Totaal bevolking;Overig Zeeland (CR);2015;267839;227206;22051;9999;12052;18582;10321;8261;32
970;Totaal over alle leeftijden;Totaal bevolking;Overig Zeeland (CR);2016;267598;226172;22341;10162;12179;19085;10592;8493;32
971;Totaal over alle leeftijden;Totaal bevolking;Overig Zeeland (CR);2017;267393;225157;22611;10357;12254;19625;10876;8749;32
972;Totaal over alle leeftijden;Totaal bevolking;Overig Zeeland (CR);2018;267313;224251;22892;10570;12322;20170;11152;9018;32
973;Totaal over alle leeftijden;Totaal bevolking;Overig Zeeland (CR);2019;267142;223420;23035;10654;12381;20687;11406;9281;32
974;Totaal over alle leeftijden;Totaal bevolking;Overig Zeeland (CR);2020;267082;222520;23296;10837;12459;21266;11714;9552;32
975;Totaal over alle leeftijden;Totaal bevolking;Overig Zeeland (CR);2021;267031;221737;23513;11009;12504;21781;11993;9788;32
976;Totaal over alle leeftijden;Totaal bevolking;Overig Zeeland (CR);2022;266953;220878;23746;11180;12566;22329;12309;10020;32
977;Totaal over alle leeftijden;Totaal bevolking;Overig Zeeland (CR);2023;266883;220020;23971;11342;12629;22892;12664;10228;32
978;Totaal over alle leeftijden;Totaal bevolking;Overig Zeeland (CR);2024;266866;219161;24258;11513;12745;23447;12966;10481;32
979;Totaal over alle leeftijden;Totaal bevolking;Overig Zeeland (CR);2025;266829;218230;24532;11672;12860;24067;13319;10748;32
980;Totaal over alle leeftijden;Totaal bevolking;West-Noord-Brabant (CR);2006;607221;508412;49745;19071;30674;49064;27783;21281;33
981;Totaal over alle leeftijden;Totaal bevolking;West-Noord-Brabant (CR);2007;608337;508518;49769;19035;30734;50050;27962;22088;33
982;Totaal over alle leeftijden;Totaal bevolking;West-Noord-Brabant (CR);2008;609275;508327;49893;19173;30720;51055;28161;22894;33
983;Totaal over alle leeftijden;Totaal bevolking;West-Noord-Brabant (CR);2009;609953;507993;49961;19265;30696;51999;28340;23659;33
984;Totaal over alle leeftijden;Totaal bevolking;West-Noord-Brabant (CR);2010;610913;507619;50209;19521;30688;53085;28638;24447;33
985;Totaal over alle leeftijden;Totaal bevolking;West-Noord-Brabant (CR);2011;611886;507267;50478;19866;30612;54141;29004;25137;33
986;Totaal over alle leeftijden;Totaal bevolking;West-Noord-Brabant (CR);2012;612763;506720;50874;20280;30594;55169;29293;25876;33
987;Totaal over alle leeftijden;Totaal bevolking;West-Noord-Brabant (CR);2013;613706;506257;51342;20752;30590;56107;29553;26554;33
988;Totaal over alle leeftijden;Totaal bevolking;West-Noord-Brabant (CR);2014;614595;505764;51777;21172;30605;57054;29915;27139;33
989;Totaal over alle leeftijden;Totaal bevolking;West-Noord-Brabant (CR);2015;615476;505237;52193;21638;30555;58046;30281;27765;33
990;Totaal over alle leeftijden;Totaal bevolking;West-Noord-Brabant (CR);2016;616265;504514;52762;22062;30700;58989;30659;28330;33
991;Totaal over alle leeftijden;Totaal bevolking;West-Noord-Brabant (CR);2017;617036;503921;53198;22442;30756;59917;31011;28906;33
992;Totaal over alle leeftijden;Totaal bevolking;West-Noord-Brabant (CR);2018;617697;503105;53675;22812;30863;60917;31375;29542;33
993;Totaal over alle leeftijden;Totaal bevolking;West-Noord-Brabant (CR);2019;618331;502559;54013;23150;30863;61759;31696;30063;33
994;Totaal over alle leeftijden;Totaal bevolking;West-Noord-Brabant (CR);2020;619002;501979;54374;23435;30939;62649;31972;30677;33
995;Totaal over alle leeftijden;Totaal bevolking;West-Noord-Brabant (CR);2021;619555;501346;54698;23737;30961;63511;32302;31209;33
996;Totaal over alle leeftijden;Totaal bevolking;West-Noord-Brabant (CR);2022;620031;500624;55080;23988;31092;64327;32674;31653;33
997;Totaal over alle leeftijden;Totaal bevolking;West-Noord-Brabant (CR);2023;620513;499781;55530;24279;31251;65202;33071;32131;33
998;Totaal over alle leeftijden;Totaal bevolking;West-Noord-Brabant (CR);2024;620929;498940;55891;24513;31378;66098;33500;32598;33
999;Totaal over alle leeftijden;Totaal bevolking;West-Noord-Brabant (CR);2025;621210;498128;56167;24647;31520;66915;33827;33088;33
1000;Totaal over alle leeftijden;Totaal bevolking;Midden-Noord-Brabant (CR);2006;451856;383460;31741;11496;20245;36655;21265;15390;34
1001;Totaal over alle leeftijden;Totaal bevolking;Midden-Noord-Brabant (CR);2007;453178;384120;31943;11485;20458;37115;21073;16042;34
1002;Totaal over alle leeftijden;Totaal bevolking;Midden-Noord-Brabant (CR);2008;454924;385059;32167;11489;20678;37698;20953;16745;34
1003;Totaal over alle leeftijden;Totaal bevolking;Midden-Noord-Brabant (CR);2009;456320;385659;32326;11468;20858;38335;20901;17434;34
1004;Totaal over alle leeftijden;Totaal bevolking;Midden-Noord-Brabant (CR);2010;458131;386600;32593;11559;21034;38938;20898;18040;34
1005;Totaal over alle leeftijden;Totaal bevolking;Midden-Noord-Brabant (CR);2011;459885;387536;32843;11632;21211;39506;20891;18615;34
1006;Totaal over alle leeftijden;Totaal bevolking;Midden-Noord-Brabant (CR);2012;461526;388355;33021;11770;21251;40150;20879;19271;34
1007;Totaal over alle leeftijden;Totaal bevolking;Midden-Noord-Brabant (CR);2013;463174;389002;33317;11919;21398;40855;20942;19913;34
1008;Totaal over alle leeftijden;Totaal bevolking;Midden-Noord-Brabant (CR);2014;464765;389621;33668;12095;21573;41476;20998;20478;34
1009;Totaal over alle leeftijden;Totaal bevolking;Midden-Noord-Brabant (CR);2015;466262;390288;33971;12228;21743;42003;21010;20993;34
1010;Totaal over alle leeftijden;Totaal bevolking;Midden-Noord-Brabant (CR);2016;467704;390992;34187;12332;21855;42525;21037;21488;34
1011;Totaal over alle leeftijden;Totaal bevolking;Midden-Noord-Brabant (CR);2017;469048;391518;34421;12446;21975;43109;21100;22009;34
1012;Totaal over alle leeftijden;Totaal bevolking;Midden-Noord-Brabant (CR);2018;470358;391897;34738;12580;22158;43723;21270;22453;34
1013;Totaal over alle leeftijden;Totaal bevolking;Midden-Noord-Brabant (CR);2019;471561;392467;34897;12661;22236;44197;21328;22869;34
1014;Totaal over alle leeftijden;Totaal bevolking;Midden-Noord-Brabant (CR);2020;472699;392958;35021;12763;22258;44720;21338;23382;34
1015;Totaal over alle leeftijden;Totaal bevolking;Midden-Noord-Brabant (CR);2021;473718;393285;35172;12838;22334;45261;21425;23836;34
1016;Totaal over alle leeftijden;Totaal bevolking;Midden-Noord-Brabant (CR);2022;474632;393522;35280;12871;22409;45830;21575;24255;34
1017;Totaal over alle leeftijden;Totaal bevolking;Midden-Noord-Brabant (CR);2023;475523;393840;35376;12901;22475;46307;21665;24642;34
1018;Totaal over alle leeftijden;Totaal bevolking;Midden-Noord-Brabant (CR);2024;476300;394042;35428;12928;22500;46830;21795;25035;34
1019;Totaal over alle leeftijden;Totaal bevolking;Midden-Noord-Brabant (CR);2025;476967;394180;35488;12951;22537;47299;21857;25442;34
1020;Totaal over alle leeftijden;Totaal bevolking;Noordoost-Noord-Brabant (CR);2006;628790;548565;41919;15207;26712;38306;21978;16328;35
1021;Totaal over alle leeftijden;Totaal bevolking;Noordoost-Noord-Brabant (CR);2007;628499;547834;42016;15185;26831;38649;21901;16748;35
1022;Totaal over alle leeftijden;Totaal bevolking;Noordoost-Noord-Brabant (CR);2008;628196;547011;42170;15289;26881;39015;21905;17110;35
1023;Totaal over alle leeftijden;Totaal bevolking;Noordoost-Noord-Brabant (CR);2009;627674;545900;42420;15428;26992;39354;21918;17436;35
1024;Totaal over alle leeftijden;Totaal bevolking;Noordoost-Noord-Brabant (CR);2010;627312;544871;42738;15635;27103;39703;21953;17750;35
1025;Totaal over alle leeftijden;Totaal bevolking;Noordoost-Noord-Brabant (CR);2011;626985;543791;43108;15900;27208;40086;21935;18151;35
1026;Totaal over alle leeftijden;Totaal bevolking;Noordoost-Noord-Brabant (CR);2012;626493;542635;43426;16143;27283;40432;22017;18415;35
1027;Totaal over alle leeftijden;Totaal bevolking;Noordoost-Noord-Brabant (CR);2013;625998;541362;43807;16429;27378;40829;22165;18664;35
1028;Totaal over alle leeftijden;Totaal bevolking;Noordoost-Noord-Brabant (CR);2014;625516;540100;44180;16729;27451;41236;22250;18986;35
1029;Totaal over alle leeftijden;Totaal bevolking;Noordoost-Noord-Brabant (CR);2015;624875;538729;44567;17016;27551;41579;22267;19312;35
1030;Totaal over alle leeftijden;Totaal bevolking;Noordoost-Noord-Brabant (CR);2016;624222;537340;44942;17326;27616;41940;22350;19590;35
1031;Totaal over alle leeftijden;Totaal bevolking;Noordoost-Noord-Brabant (CR);2017;623574;536001;45249;17597;27652;42324;22457;19867;35
1032;Totaal over alle leeftijden;Totaal bevolking;Noordoost-Noord-Brabant (CR);2018;622800;534596;45532;17810;27722;42672;22549;20123;35
1033;Totaal over alle leeftijden;Totaal bevolking;Noordoost-Noord-Brabant (CR);2019;622013;533016;45956;18108;27848;43041;22626;20415;35
1034;Totaal over alle leeftijden;Totaal bevolking;Noordoost-Noord-Brabant (CR);2020;621251;531556;46281;18338;27943;43414;22778;20636;35
1035;Totaal over alle leeftijden;Totaal bevolking;Noordoost-Noord-Brabant (CR);2021;620460;529946;46697;18604;28093;43817;22890;20927;35
1036;Totaal over alle leeftijden;Totaal bevolking;Noordoost-Noord-Brabant (CR);2022;619639;528433;46924;18753;28171;44282;23047;21235;35
1037;Totaal over alle leeftijden;Totaal bevolking;Noordoost-Noord-Brabant (CR);2023;618779;527018;47140;18919;28221;44621;23099;21522;35
1038;Totaal over alle leeftijden;Totaal bevolking;Noordoost-Noord-Brabant (CR);2024;617951;525664;47260;19105;28155;45027;23171;21856;35
1039;Totaal over alle leeftijden;Totaal bevolking;Noordoost-Noord-Brabant (CR);2025;617068;524101;47512;19308;28204;45455;23334;22121;35
1040;Totaal over alle leeftijden;Totaal bevolking;Zuidoost-Noord-Brabant (CR);2006;725274;609120;63538;24240;39298;52616;31019;21597;36
1041;Totaal over alle leeftijden;Totaal bevolking;Zuidoost-Noord-Brabant (CR);2007;725902;608814;63766;24412;39354;53322;30912;22410;36
1042;Totaal over alle leeftijden;Totaal bevolking;Zuidoost-Noord-Brabant (CR);2008;725915;608067;63945;24493;39452;53903;30743;23160;36
1043;Totaal over alle leeftijden;Totaal bevolking;Zuidoost-Noord-Brabant (CR);2009;726007;607338;64192;24710;39482;54477;30652;23825;36
1044;Totaal over alle leeftijden;Totaal bevolking;Zuidoost-Noord-Brabant (CR);2010;725736;606139;64461;25091;39370;55136;30592;24544;36
1045;Totaal over alle leeftijden;Totaal bevolking;Zuidoost-Noord-Brabant (CR);2011;725470;604901;64827;25502;39325;55742;30552;25190;36
1046;Totaal over alle leeftijden;Totaal bevolking;Zuidoost-Noord-Brabant (CR);2012;725061;603640;65280;25985;39295;56141;30439;25702;36
1047;Totaal over alle leeftijden;Totaal bevolking;Zuidoost-Noord-Brabant (CR);2013;724601;602153;65774;26441;39333;56674;30398;26276;36
1048;Totaal over alle leeftijden;Totaal bevolking;Zuidoost-Noord-Brabant (CR);2014;724180;600594;66262;27012;39250;57324;30526;26798;36
1049;Totaal over alle leeftijden;Totaal bevolking;Zuidoost-Noord-Brabant (CR);2015;723596;598974;66630;27391;39239;57992;30630;27362;36
1050;Totaal over alle leeftijden;Totaal bevolking;Zuidoost-Noord-Brabant (CR);2016;722915;597288;67010;27794;39216;58617;30725;27892;36
1051;Totaal over alle leeftijden;Totaal bevolking;Zuidoost-Noord-Brabant (CR);2017;722244;595679;67259;28087;39172;59306;30874;28432;36
1052;Totaal over alle leeftijden;Totaal bevolking;Zuidoost-Noord-Brabant (CR);2018;721505;594036;67567;28315;39252;59902;31046;28856;36
1053;Totaal over alle leeftijden;Totaal bevolking;Zuidoost-Noord-Brabant (CR);2019;720668;592412;67804;28545;39259;60452;31161;29291;36
1054;Totaal over alle leeftijden;Totaal bevolking;Zuidoost-Noord-Brabant (CR);2020;719732;590787;67881;28663;39218;61064;31367;29697;36
1055;Totaal over alle leeftijden;Totaal bevolking;Zuidoost-Noord-Brabant (CR);2021;718853;589215;67968;28799;39169;61670;31519;30151;36
1056;Totaal over alle leeftijden;Totaal bevolking;Zuidoost-Noord-Brabant (CR);2022;717949;587670;68115;28962;39153;62164;31595;30569;36
1057;Totaal over alle leeftijden;Totaal bevolking;Zuidoost-Noord-Brabant (CR);2023;716947;585975;68220;29055;39165;62752;31740;31012;36
1058;Totaal over alle leeftijden;Totaal bevolking;Zuidoost-Noord-Brabant (CR);2024;715988;584333;68345;29199;39146;63310;31888;31422;36
1059;Totaal over alle leeftijden;Totaal bevolking;Zuidoost-Noord-Brabant (CR);2025;714984;582625;68418;29319;39099;63941;32141;31800;36
1060;Totaal over alle leeftijden;Totaal bevolking;Noord-Limburg (CR);2006;278665;232153;29225;10907;18318;17287;10183;7104;37
1061;Totaal over alle leeftijden;Totaal bevolking;Noord-Limburg (CR);2007;279027;232151;29235;10916;18319;17641;10264;7377;37
1062;Totaal over alle leeftijden;Totaal bevolking;Noord-Limburg (CR);2008;279091;231935;29212;10915;18297;17944;10335;7609;37
1063;Totaal over alle leeftijden;Totaal bevolking;Noord-Limburg (CR);2009;279207;231611;29310;11021;18289;18286;10430;7856;37
1064;Totaal over alle leeftijden;Totaal bevolking;Noord-Limburg (CR);2010;279243;231151;29480;11191;18289;18612;10498;8114;37
1065;Totaal over alle leeftijden;Totaal bevolking;Noord-Limburg (CR);2011;279259;230732;29622;11357;18265;18905;10546;8359;37
1066;Totaal over alle leeftijden;Totaal bevolking;Noord-Limburg (CR);2012;279244;230153;29840;11550;18290;19251;10643;8608;37
1067;Totaal over alle leeftijden;Totaal bevolking;Noord-Limburg (CR);2013;279135;229568;29999;11759;18240;19568;10724;8844;37
1068;Totaal over alle leeftijden;Totaal bevolking;Noord-Limburg (CR);2014;279059;229125;30169;11946;18223;19765;10737;9028;37
1069;Totaal over alle leeftijden;Totaal bevolking;Noord-Limburg (CR);2015;278962;228469;30407;12186;18221;20086;10824;9262;37
1070;Totaal over alle leeftijden;Totaal bevolking;Noord-Limburg (CR);2016;278792;227860;30572;12363;18209;20360;10872;9488;37
1071;Totaal over alle leeftijden;Totaal bevolking;Noord-Limburg (CR);2017;278655;227303;30736;12509;18227;20616;10959;9657;37
1072;Totaal over alle leeftijden;Totaal bevolking;Noord-Limburg (CR);2018;278423;226726;30893;12688;18205;20804;10969;9835;37
1073;Totaal over alle leeftijden;Totaal bevolking;Noord-Limburg (CR);2019;278178;226253;30908;12760;18148;21017;11003;10014;37
1074;Totaal over alle leeftijden;Totaal bevolking;Noord-Limburg (CR);2020;277892;225609;31026;12873;18153;21257;11073;10184;37
1075;Totaal over alle leeftijden;Totaal bevolking;Noord-Limburg (CR);2021;277664;225084;31111;12959;18152;21469;11138;10331;37
1076;Totaal over alle leeftijden;Totaal bevolking;Noord-Limburg (CR);2022;277352;224489;31146;13038;18108;21717;11233;10484;37
1077;Totaal over alle leeftijden;Totaal bevolking;Noord-Limburg (CR);2023;277040;223950;31153;13134;18019;21937;11283;10654;37
1078;Totaal over alle leeftijden;Totaal bevolking;Noord-Limburg (CR);2024;276719;223430;31250;13208;18042;22039;11239;10800;37
1079;Totaal over alle leeftijden;Totaal bevolking;Noord-Limburg (CR);2025;276384;222932;31246;13264;17982;22206;11260;10946;37
1080;Totaal over alle leeftijden;Totaal bevolking;Midden-Limburg (CR);2006;234752;194817;26536;8998;17538;13399;7911;5488;38
1081;Totaal over alle leeftijden;Totaal bevolking;Midden-Limburg (CR);2007;234701;194779;26370;8919;17451;13552;7857;5695;38
1082;Totaal over alle leeftijden;Totaal bevolking;Midden-Limburg (CR);2008;234267;194278;26221;8816;17405;13768;7861;5907;38
1083;Totaal over alle leeftijden;Totaal bevolking;Midden-Limburg (CR);2009;233917;193807;26128;8796;17332;13982;7882;6100;38
1084;Totaal over alle leeftijden;Totaal bevolking;Midden-Limburg (CR);2010;233482;193350;25979;8798;17181;14153;7888;6265;38
1085;Totaal over alle leeftijden;Totaal bevolking;Midden-Limburg (CR);2011;233000;192772;25869;8795;17074;14359;7886;6473;38
1086;Totaal over alle leeftijden;Totaal bevolking;Midden-Limburg (CR);2012;232532;192221;25808;8864;16944;14503;7885;6618;38
1087;Totaal over alle leeftijden;Totaal bevolking;Midden-Limburg (CR);2013;232019;191572;25758;8913;16845;14689;7910;6779;38
1088;Totaal over alle leeftijden;Totaal bevolking;Midden-Limburg (CR);2014;231543;191018;25704;8952;16752;14821;7902;6919;38
1089;Totaal over alle leeftijden;Totaal bevolking;Midden-Limburg (CR);2015;231038;190453;25598;9005;16593;14987;7932;7055;38
1090;Totaal over alle leeftijden;Totaal bevolking;Midden-Limburg (CR);2016;230492;189800;25488;9006;16482;15204;7987;7217;38
1091;Totaal over alle leeftijden;Totaal bevolking;Midden-Limburg (CR);2017;229926;189179;25350;8987;16363;15397;8029;7368;38
1092;Totaal over alle leeftijden;Totaal bevolking;Midden-Limburg (CR);2018;229391;188633;25214;8970;16244;15544;8066;7478;38
1093;Totaal over alle leeftijden;Totaal bevolking;Midden-Limburg (CR);2019;228884;187974;25120;8971;16149;15790;8163;7627;38
1094;Totaal over alle leeftijden;Totaal bevolking;Midden-Limburg (CR);2020;228315;187350;24926;8871;16055;16039;8255;7784;38
1095;Totaal over alle leeftijden;Totaal bevolking;Midden-Limburg (CR);2021;227770;186844;24742;8850;15892;16184;8276;7908;38
1096;Totaal over alle leeftijden;Totaal bevolking;Midden-Limburg (CR);2022;227224;186170;24680;8902;15778;16374;8333;8041;38
1097;Totaal over alle leeftijden;Totaal bevolking;Midden-Limburg (CR);2023;226707;185509;24573;8849;15724;16625;8452;8173;38
1098;Totaal over alle leeftijden;Totaal bevolking;Midden-Limburg (CR);2024;226144;184906;24390;8791;15599;16848;8520;8328;38
1099;Totaal over alle leeftijden;Totaal bevolking;Midden-Limburg (CR);2025;225614;184245;24285;8781;15504;17084;8639;8445;38
1100;Totaal over alle leeftijden;Totaal bevolking;Zuid-Limburg (CR);2006;618255;484146;105446;36584;68862;28663;17855;10808;39
1101;Totaal over alle leeftijden;Totaal bevolking;Zuid-Limburg (CR);2007;613771;481888;102974;35190;67784;28909;17686;11223;39
1102;Totaal over alle leeftijden;Totaal bevolking;Zuid-Limburg (CR);2008;609559;479646;100715;33941;66774;29198;17508;11690;39
1103;Totaal over alle leeftijden;Totaal bevolking;Zuid-Limburg (CR);2009;605585;477347;98743;32938;65805;29495;17393;12102;39
1104;Totaal over alle leeftijden;Totaal bevolking;Zuid-Limburg (CR);2010;601767;475057;96834;32016;64818;29876;17353;12523;39
1105;Totaal over alle leeftijden;Totaal bevolking;Zuid-Limburg (CR);2011;598103;472721;95140;31384;63756;30242;17368;12874;39
1106;Totaal over alle leeftijden;Totaal bevolking;Zuid-Limburg (CR);2012;594559;470295;93566;30846;62720;30698;17432;13266;39
1107;Totaal over alle leeftijden;Totaal bevolking;Zuid-Limburg (CR);2013;590863;467945;91809;30248;61561;31109;17461;13648;39
1108;Totaal over alle leeftijden;Totaal bevolking;Zuid-Limburg (CR);2014;587354;465509;90215;29672;60543;31630;17535;14095;39
1109;Totaal over alle leeftijden;Totaal bevolking;Zuid-Limburg (CR);2015;583914;463220;88636;29070;59566;32058;17654;14404;39
1110;Totaal over alle leeftijden;Totaal bevolking;Zuid-Limburg (CR);2016;580371;460946;86968;28450;58518;32457;17731;14726;39
1111;Totaal over alle leeftijden;Totaal bevolking;Zuid-Limburg (CR);2017;576894;458506;85455;27941;57514;32933;17861;15072;39
1112;Totaal over alle leeftijden;Totaal bevolking;Zuid-Limburg (CR);2018;573434;456279;83796;27357;56439;33359;17969;15390;39
1113;Totaal over alle leeftijden;Totaal bevolking;Zuid-Limburg (CR);2019;570073;454010;82244;26798;55446;33819;18138;15681;39
1114;Totaal over alle leeftijden;Totaal bevolking;Zuid-Limburg (CR);2020;566674;451825;80659;26268;54391;34190;18242;15948;39
1115;Totaal over alle leeftijden;Totaal bevolking;Zuid-Limburg (CR);2021;563464;449732;79078;25666;53412;34654;18419;16235;39
1116;Totaal over alle leeftijden;Totaal bevolking;Zuid-Limburg (CR);2022;560052;447535;77348;25004;52344;35169;18581;16588;39
1117;Totaal over alle leeftijden;Totaal bevolking;Zuid-Limburg (CR);2023;556753;445304;75827;24533;51294;35622;18692;16930;39
1118;Totaal over alle leeftijden;Totaal bevolking;Zuid-Limburg (CR);2024;553390;442943;74338;23985;50353;36109;18932;17177;39
1119;Totaal over alle leeftijden;Totaal bevolking;Zuid-Limburg (CR);2025;550098;440607;72862;23492;49370;36629;19181;17448;39
1120;Totaal over alle leeftijden;Totaal bevolking;Flevoland (CR);2006;370111;278016;29900;12367;17533;62195;36850;25345;40
1121;Totaal over alle leeftijden;Totaal bevolking;Flevoland (CR);2007;374708;279994;30334;12740;17594;64380;37927;26453;40
1122;Totaal over alle leeftijden;Totaal bevolking;Flevoland (CR);2008;379440;282039;30764;13206;17558;66637;39035;27602;40
1123;Totaal over alle leeftijden;Totaal bevolking;Flevoland (CR);2009;384844;284313;31418;13817;17601;69113;40397;28716;40
1124;Totaal over alle leeftijden;Totaal bevolking;Flevoland (CR);2010;389988;286522;32107;14466;17641;71359;41463;29896;40
1125;Totaal over alle leeftijden;Totaal bevolking;Flevoland (CR);2011;395216;288584;32972;15226;17746;73660;42610;31050;40
1126;Totaal over alle leeftijden;Totaal bevolking;Flevoland (CR);2012;400475;290525;33937;16065;17872;76013;43812;32201;40
1127;Totaal over alle leeftijden;Totaal bevolking;Flevoland (CR);2013;405678;292555;34849;16962;17887;78274;44967;33307;40
1128;Totaal over alle leeftijden;Totaal bevolking;Flevoland (CR);2014;410839;294472;35880;17873;18007;80487;46068;34419;40
1129;Totaal over alle leeftijden;Totaal bevolking;Flevoland (CR);2015;415954;296450;36890;18780;18110;82614;47136;35478;40
1130;Totaal over alle leeftijden;Totaal bevolking;Flevoland (CR);2016;420941;298285;37880;19672;18208;84776;48212;36564;40
1131;Totaal over alle leeftijden;Totaal bevolking;Flevoland (CR);2017;425861;299987;38952;20574;18378;86922;49386;37536;40
1132;Totaal over alle leeftijden;Totaal bevolking;Flevoland (CR);2018;430738;301731;39995;21385;18610;89012;50406;38606;40
1133;Totaal over alle leeftijden;Totaal bevolking;Flevoland (CR);2019;435547;303461;41036;22217;18819;91050;51333;39717;40
1134;Totaal over alle leeftijden;Totaal bevolking;Flevoland (CR);2020;440213;305057;42074;23070;19004;93082;52284;40798;40
1135;Totaal over alle leeftijden;Totaal bevolking;Flevoland (CR);2021;444823;306773;43123;23854;19269;94927;53163;41764;40
1136;Totaal over alle leeftijden;Totaal bevolking;Flevoland (CR);2022;449354;308412;44205;24613;19592;96737;53960;42777;40
1137;Totaal over alle leeftijden;Totaal bevolking;Flevoland (CR);2023;453766;310004;45240;25432;19808;98522;54716;43806;40
1138;Totaal over alle leeftijden;Totaal bevolking;Flevoland (CR);2024;458032;311424;46328;26271;20057;100280;55454;44826;40
1139;Totaal over alle leeftijden;Totaal bevolking;Flevoland (CR);2025;462195;312748;47440;27089;20351;102007;56254;45753;40
1140;Totaal over alle leeftijden;Totaal bevolking;Groningen (GA);2006;198456;163767;17981;7847;10134;16708;10608;6100;1
1141;Totaal over alle leeftijden;Totaal bevolking;Groningen (GA);2007;198827;163903;18110;8079;10031;16814;10555;6259;1
1142;Totaal over alle leeftijden;Totaal bevolking;Groningen (GA);2008;200099;164634;18410;8394;10016;17055;10564;6491;1
1143;Totaal over alle leeftijden;Totaal bevolking;Groningen (GA);2009;201940;165660;18812;8748;10064;17468;10690;6778;1
1144;Totaal over alle leeftijden;Totaal bevolking;Groningen (GA);2010;203913;166725;19297;9159;10138;17891;10864;7027;1
1145;Totaal over alle leeftijden;Totaal bevolking;Groningen (GA);2011;205942;167808;19847;9596;10251;18287;10981;7306;1
1146;Totaal over alle leeftijden;Totaal bevolking;Groningen (GA);2012;208070;168795;20509;10167;10342;18766;11162;7604;1
1147;Totaal over alle leeftijden;Totaal bevolking;Groningen (GA);2013;210226;169823;21235;10796;10439;19168;11272;7896;1
1148;Totaal over alle leeftijden;Totaal bevolking;Groningen (GA);2014;212384;170903;21852;11356;10496;19629;11425;8204;1
1149;Totaal over alle leeftijden;Totaal bevolking;Groningen (GA);2015;214538;171937;22446;11861;10585;20155;11625;8530;1
1150;Totaal over alle leeftijden;Totaal bevolking;Groningen (GA);2016;216631;172901;23038;12340;10698;20692;11844;8848;1
1151;Totaal over alle leeftijden;Totaal bevolking;Groningen (GA);2017;218676;173824;23668;12840;10828;21184;12042;9142;1
1152;Totaal over alle leeftijden;Totaal bevolking;Groningen (GA);2018;220654;174733;24220;13229;10991;21701;12293;9408;1
1153;Totaal over alle leeftijden;Totaal bevolking;Groningen (GA);2019;222579;175553;24801;13658;11143;22225;12506;9719;1
1154;Totaal over alle leeftijden;Totaal bevolking;Groningen (GA);2020;224400;176245;25364;14024;11340;22791;12782;10009;1
1155;Totaal over alle leeftijden;Totaal bevolking;Groningen (GA);2021;226182;176886;25926;14399;11527;23370;13118;10252;1
1156;Totaal over alle leeftijden;Totaal bevolking;Groningen (GA);2022;227927;177422;26426;14731;11695;24079;13452;10627;1
1157;Totaal over alle leeftijden;Totaal bevolking;Groningen (GA);2023;229565;177937;26871;15022;11849;24757;13794;10963;1
1158;Totaal over alle leeftijden;Totaal bevolking;Groningen (GA);2024;231126;178328;27311;15338;11973;25487;14169;11318;1
1159;Totaal over alle leeftijden;Totaal bevolking;Groningen (GA);2025;232595;178542;27843;15678;12165;26210;14578;11632;1
1160;Totaal over alle leeftijden;Totaal bevolking;Leeuwarden (GA);2006;91517;76922;6331;2586;3745;8264;5389;2875;2
1161;Totaal over alle leeftijden;Totaal bevolking;Leeuwarden (GA);2007;92051;77283;6397;2623;3774;8371;5346;3025;2
1162;Totaal over alle leeftijden;Totaal bevolking;Leeuwarden (GA);2008;92743;77842;6499;2745;3754;8402;5266;3136;2
1163;Totaal over alle leeftijden;Totaal bevolking;Leeuwarden (GA);2009;93413;78246;6654;2877;3777;8513;5252;3261;2
1164;Totaal over alle leeftijden;Totaal bevolking;Leeuwarden (GA);2010;94120;78670;6787;3000;3787;8663;5260;3403;2
1165;Totaal over alle leeftijden;Totaal bevolking;Leeuwarden (GA);2011;94848;79114;6929;3101;3828;8805;5255;3550;2
1166;Totaal over alle leeftijden;Totaal bevolking;Leeuwarden (GA);2012;95601;79564;7079;3250;3829;8958;5259;3699;2
1167;Totaal over alle leeftijden;Totaal bevolking;Leeuwarden (GA);2013;96362;79992;7257;3400;3857;9113;5301;3812;2
1168;Totaal over alle leeftijden;Totaal bevolking;Leeuwarden (GA);2014;97111;80350;7457;3550;3907;9304;5343;3961;2
1169;Totaal over alle leeftijden;Totaal bevolking;Leeuwarden (GA);2015;97878;80714;7659;3705;3954;9505;5427;4078;2
1170;Totaal over alle leeftijden;Totaal bevolking;Leeuwarden (GA);2016;98630;81129;7849;3849;4000;9652;5480;4172;2
1171;Totaal over alle leeftijden;Totaal bevolking;Leeuwarden (GA);2017;99346;81477;7989;3960;4029;9880;5606;4274;2
1172;Totaal over alle leeftijden;Totaal bevolking;Leeuwarden (GA);2018;100048;81755;8214;4125;4089;10079;5671;4408;2
1173;Totaal over alle leeftijden;Totaal bevolking;Leeuwarden (GA);2019;100717;82060;8392;4255;4137;10265;5711;4554;2
1174;Totaal over alle leeftijden;Totaal bevolking;Leeuwarden (GA);2020;101378;82408;8494;4379;4115;10476;5831;4645;2
1175;Totaal over alle leeftijden;Totaal bevolking;Leeuwarden (GA);2021;102023;82736;8607;4453;4154;10680;5935;4745;2
1176;Totaal over alle leeftijden;Totaal bevolking;Leeuwarden (GA);2022;102636;82962;8824;4611;4213;10850;6046;4804;2
1177;Totaal over alle leeftijden;Totaal bevolking;Leeuwarden (GA);2023;103221;83199;9015;4747;4268;11007;6096;4911;2
1178;Totaal over alle leeftijden;Totaal bevolking;Leeuwarden (GA);2024;103792;83424;9193;4870;4323;11175;6170;5005;2
1179;Totaal over alle leeftijden;Totaal bevolking;Leeuwarden (GA);2025;104315;83528;9344;4996;4348;11443;6322;5121;2
1180;Totaal over alle leeftijden;Totaal bevolking;Zwolle (GA);2006;112369;95610;7379;2627;4752;9380;5669;3711;3
1181;Totaal over alle leeftijden;Totaal bevolking;Zwolle (GA);2007;112866;95889;7467;2721;4746;9510;5684;3826;3
1182;Totaal over alle leeftijden;Totaal bevolking;Zwolle (GA);2008;113771;96548;7531;2797;4734;9692;5707;3985;3
1183;Totaal over alle leeftijden;Totaal bevolking;Zwolle (GA);2009;114657;97145;7641;2886;4755;9871;5757;4114;3
1184;Totaal over alle leeftijden;Totaal bevolking;Zwolle (GA);2010;115568;97709;7791;3008;4783;10068;5854;4214;3
1185;Totaal over alle leeftijden;Totaal bevolking;Zwolle (GA);2011;116485;98240;7937;3138;4799;10308;5949;4359;3
1186;Totaal over alle leeftijden;Totaal bevolking;Zwolle (GA);2012;117408;98834;8083;3268;4815;10491;6034;4457;3
1187;Totaal over alle leeftijden;Totaal bevolking;Zwolle (GA);2013;118323;99277;8309;3455;4854;10737;6148;4589;3
1188;Totaal over alle leeftijden;Totaal bevolking;Zwolle (GA);2014;119228;99759;8522;3621;4901;10947;6248;4699;3
1189;Totaal over alle leeftijden;Totaal bevolking;Zwolle (GA);2015;120113;100198;8720;3770;4950;11195;6390;4805;3
1190;Totaal over alle leeftijden;Totaal bevolking;Zwolle (GA);2016;120988;100574;8929;3914;5015;11485;6514;4971;3
1191;Totaal over alle leeftijden;Totaal bevolking;Zwolle (GA);2017;121813;100954;9146;4050;5096;11713;6628;5085;3
1192;Totaal over alle leeftijden;Totaal bevolking;Zwolle (GA);2018;122640;101317;9334;4195;5139;11989;6799;5190;3
1193;Totaal over alle leeftijden;Totaal bevolking;Zwolle (GA);2019;123445;101641;9565;4361;5204;12239;6894;5345;3
1194;Totaal over alle leeftijden;Totaal bevolking;Zwolle (GA);2020;124209;101953;9737;4459;5278;12519;7053;5466;3
1195;Totaal over alle leeftijden;Totaal bevolking;Zwolle (GA);2021;124951;102224;9987;4603;5384;12740;7157;5583;3
1196;Totaal over alle leeftijden;Totaal bevolking;Zwolle (GA);2022;125660;102471;10155;4708;5447;13034;7274;5760;3
1197;Totaal over alle leeftijden;Totaal bevolking;Zwolle (GA);2023;126342;102712;10318;4785;5533;13312;7396;5916;3
1198;Totaal over alle leeftijden;Totaal bevolking;Zwolle (GA);2024;126980;102826;10549;4916;5633;13605;7570;6035;3
1199;Totaal over alle leeftijden;Totaal bevolking;Zwolle (GA);2025;127595;103078;10715;5064;5651;13802;7670;6132;3
1200;Totaal over alle leeftijden;Totaal bevolking;Enschede (GA);2006;153112;113208;18537;7054;11483;21367;12445;8922;4
1201;Totaal over alle leeftijden;Totaal bevolking;Enschede (GA);2007;154004;114071;18371;6861;11510;21562;12257;9305;4
1202;Totaal over alle leeftijden;Totaal bevolking;Enschede (GA);2008;154983;114984;18221;6733;11488;21778;12120;9658;4
1203;Totaal over alle leeftijden;Totaal bevolking;Enschede (GA);2009;155969;115848;18070;6654;11416;22051;12025;10026;4
1204;Totaal over alle leeftijden;Totaal bevolking;Enschede (GA);2010;156973;116698;17935;6586;11349;22340;11953;10387;4
1205;Totaal over alle leeftijden;Totaal bevolking;Enschede (GA);2011;157983;117442;17871;6520;11351;22670;11925;10745;4
1206;Totaal over alle leeftijden;Totaal bevolking;Enschede (GA);2012;159014;118181;17807;6499;11308;23026;11926;11100;4
1207;Totaal over alle leeftijden;Totaal bevolking;Enschede (GA);2013;160053;118946;17761;6479;11282;23346;11898;11448;4
1208;Totaal over alle leeftijden;Totaal bevolking;Enschede (GA);2014;161057;119758;17662;6428;11234;23637;11870;11767;4
1209;Totaal over alle leeftijden;Totaal bevolking;Enschede (GA);2015;162014;120506;17574;6368;11206;23934;11875;12059;4
1210;Totaal over alle leeftijden;Totaal bevolking;Enschede (GA);2016;162985;121269;17459;6291;11168;24257;11925;12332;4
1211;Totaal over alle leeftijden;Totaal bevolking;Enschede (GA);2017;163875;122084;17267;6239;11028;24524;11935;12589;4
1212;Totaal over alle leeftijden;Totaal bevolking;Enschede (GA);2018;164798;122814;17182;6193;10989;24802;11908;12894;4
1213;Totaal over alle leeftijden;Totaal bevolking;Enschede (GA);2019;165707;123630;17063;6127;10936;25014;11879;13135;4
1214;Totaal over alle leeftijden;Totaal bevolking;Enschede (GA);2020;166593;124361;16930;6079;10851;25302;11885;13417;4
1215;Totaal over alle leeftijden;Totaal bevolking;Enschede (GA);2021;167430;125037;16820;6008;10812;25573;11914;13659;4
1216;Totaal over alle leeftijden;Totaal bevolking;Enschede (GA);2022;168243;125758;16684;5937;10747;25801;11941;13860;4
1217;Totaal over alle leeftijden;Totaal bevolking;Enschede (GA);2023;169026;126366;16498;5836;10662;26162;12031;14131;4
1218;Totaal over alle leeftijden;Totaal bevolking;Enschede (GA);2024;169759;126875;16353;5750;10603;26531;12157;14374;4
1219;Totaal over alle leeftijden;Totaal bevolking;Enschede (GA);2025;170479;127387;16215;5683;10532;26877;12276;14601;4
1220;Totaal over alle leeftijden;Totaal bevolking;Apeldoorn (GA);2006;156401;133292;11966;4358;7608;11143;6507;4636;5
1221;Totaal over alle leeftijden;Totaal bevolking;Apeldoorn (GA);2007;156418;133230;11794;4246;7548;11394;6508;4886;5
1222;Totaal over alle leeftijden;Totaal bevolking;Apeldoorn (GA);2008;156835;133460;11686;4193;7493;11689;6543;5146;5
1223;Totaal over alle leeftijden;Totaal bevolking;Apeldoorn (GA);2009;157374;133723;11635;4184;7451;12016;6639;5377;5
1224;Totaal over alle leeftijden;Totaal bevolking;Apeldoorn (GA);2010;157828;133918;11561;4152;7409;12349;6710;5639;5
1225;Totaal over alle leeftijden;Totaal bevolking;Apeldoorn (GA);2011;158288;134087;11556;4197;7359;12645;6782;5863;5
1226;Totaal over alle leeftijden;Totaal bevolking;Apeldoorn (GA);2012;158712;134189;11545;4235;7310;12978;6879;6099;5
1227;Totaal over alle leeftijden;Totaal bevolking;Apeldoorn (GA);2013;159126;134262;11561;4275;7286;13303;6963;6340;5
1228;Totaal over alle leeftijden;Totaal bevolking;Apeldoorn (GA);2014;159533;134355;11554;4312;7242;13624;7031;6593;5
1229;Totaal over alle leeftijden;Totaal bevolking;Apeldoorn (GA);2015;159907;134382;11518;4341;7177;14007;7137;6870;5
1230;Totaal over alle leeftijden;Totaal bevolking;Apeldoorn (GA);2016;160286;134382;11524;4347;7177;14380;7284;7096;5
1231;Totaal over alle leeftijden;Totaal bevolking;Apeldoorn (GA);2017;160614;134414;11532;4373;7159;14668;7373;7295;5
1232;Totaal over alle leeftijden;Totaal bevolking;Apeldoorn (GA);2018;160944;134437;11502;4382;7120;15005;7455;7550;5
1233;Totaal over alle leeftijden;Totaal bevolking;Apeldoorn (GA);2019;161249;134468;11443;4368;7075;15338;7575;7763;5
1234;Totaal over alle leeftijden;Totaal bevolking;Apeldoorn (GA);2020;161571;134472;11444;4434;7010;15655;7678;7977;5
1235;Totaal over alle leeftijden;Totaal bevolking;Apeldoorn (GA);2021;161843;134430;11418;4456;6962;15995;7812;8183;5
1236;Totaal over alle leeftijden;Totaal bevolking;Apeldoorn (GA);2022;162086;134347;11438;4484;6954;16301;7908;8393;5
1237;Totaal over alle leeftijden;Totaal bevolking;Apeldoorn (GA);2023;162330;134275;11450;4502;6948;16605;7989;8616;5
1238;Totaal over alle leeftijden;Totaal bevolking;Apeldoorn (GA);2024;162561;134196;11443;4526;6917;16922;8078;8844;5
1239;Totaal over alle leeftijden;Totaal bevolking;Apeldoorn (GA);2025;162759;134080;11471;4541;6930;17208;8169;9039;5
1240;Totaal over alle leeftijden;Totaal bevolking;Arnhem (GA);2006;142858;103536;16010;6373;9637;23312;14269;9043;6
1241;Totaal over alle leeftijden;Totaal bevolking;Arnhem (GA);2007;143088;103994;15823;6331;9492;23271;13992;9279;6
1242;Totaal over alle leeftijden;Totaal bevolking;Arnhem (GA);2008;143383;104470;15734;6313;9421;23179;13706;9473;6
1243;Totaal over alle leeftijden;Totaal bevolking;Arnhem (GA);2009;143698;104863;15625;6333;9292;23210;13496;9714;6
1244;Totaal over alle leeftijden;Totaal bevolking;Arnhem (GA);2010;144014;105288;15539;6333;9206;23187;13302;9885;6
1245;Totaal over alle leeftijden;Totaal bevolking;Arnhem (GA);2011;144367;105679;15519;6361;9158;23169;13124;10045;6
1246;Totaal over alle leeftijden;Totaal bevolking;Arnhem (GA);2012;144721;106059;15482;6413;9069;23180;12964;10216;6
1247;Totaal over alle leeftijden;Totaal bevolking;Arnhem (GA);2013;145042;106312;15471;6460;9011;23259;12897;10362;6
1248;Totaal over alle leeftijden;Totaal bevolking;Arnhem (GA);2014;145347;106599;15483;6514;8969;23265;12751;10514;6
1249;Totaal over alle leeftijden;Totaal bevolking;Arnhem (GA);2015;145617;106894;15462;6577;8885;23261;12622;10639;6
1250;Totaal over alle leeftijden;Totaal bevolking;Arnhem (GA);2016;145915;107128;15485;6673;8812;23302;12539;10763;6
1251;Totaal over alle leeftijden;Totaal bevolking;Arnhem (GA);2017;146141;107427;15428;6704;8724;23286;12431;10855;6
1252;Totaal over alle leeftijden;Totaal bevolking;Arnhem (GA);2018;146395;107569;15462;6772;8690;23364;12415;10949;6
1253;Totaal over alle leeftijden;Totaal bevolking;Arnhem (GA);2019;146586;107780;15406;6759;8647;23400;12421;10979;6
1254;Totaal over alle leeftijden;Totaal bevolking;Arnhem (GA);2020;146801;108001;15423;6831;8592;23377;12375;11002;6
1255;Totaal over alle leeftijden;Totaal bevolking;Arnhem (GA);2021;146972;108179;15384;6841;8543;23409;12346;11063;6
1256;Totaal over alle leeftijden;Totaal bevolking;Arnhem (GA);2022;147113;108391;15353;6896;8457;23369;12222;11147;6
1257;Totaal over alle leeftijden;Totaal bevolking;Arnhem (GA);2023;147261;108579;15309;6889;8420;23373;12190;11183;6
1258;Totaal over alle leeftijden;Totaal bevolking;Arnhem (GA);2024;147384;108714;15295;6941;8354;23375;12162;11213;6
1259;Totaal over alle leeftijden;Totaal bevolking;Arnhem (GA);2025;147527;108866;15339;6993;8346;23322;12049;11273;6
1260;Totaal over alle leeftijden;Totaal bevolking;Nijmegen (GA);2006;158437;120917;18395;7080;11315;19125;11536;7589;7
1261;Totaal over alle leeftijden;Totaal bevolking;Nijmegen (GA);2007;159156;121721;18176;6870;11306;19259;11401;7858;7
1262;Totaal over alle leeftijden;Totaal bevolking;Nijmegen (GA);2008;159981;122596;17963;6681;11282;19422;11251;8171;7
1263;Totaal over alle leeftijden;Totaal bevolking;Nijmegen (GA);2009;160850;123487;17818;6572;11246;19545;11088;8457;7
1264;Totaal over alle leeftijden;Totaal bevolking;Nijmegen (GA);2010;161749;124465;17612;6397;11215;19672;10937;8735;7
1265;Totaal over alle leeftijden;Totaal bevolking;Nijmegen (GA);2011;162666;125416;17460;6298;11162;19790;10871;8919;7
1266;Totaal over alle leeftijden;Totaal bevolking;Nijmegen (GA);2012;163564;126296;17301;6200;11101;19967;10817;9150;7
1267;Totaal over alle leeftijden;Totaal bevolking;Nijmegen (GA);2013;164467;127093;17275;6207;11068;20099;10736;9363;7
1268;Totaal over alle leeftijden;Totaal bevolking;Nijmegen (GA);2014;165359;127954;17161;6154;11007;20244;10684;9560;7
1269;Totaal over alle leeftijden;Totaal bevolking;Nijmegen (GA);2015;166187;128753;17090;6094;10996;20344;10629;9715;7
1270;Totaal over alle leeftijden;Totaal bevolking;Nijmegen (GA);2016;166981;129567;16976;6076;10900;20438;10527;9911;7
1271;Totaal over alle leeftijden;Totaal bevolking;Nijmegen (GA);2017;167773;130219;16928;6082;10846;20626;10503;10123;7
1272;Totaal over alle leeftijden;Totaal bevolking;Nijmegen (GA);2018;168518;130970;16832;6024;10808;20716;10434;10282;7
1273;Totaal over alle leeftijden;Totaal bevolking;Nijmegen (GA);2019;169201;131663;16713;5971;10742;20825;10392;10433;7
1274;Totaal over alle leeftijden;Totaal bevolking;Nijmegen (GA);2020;169875;132322;16564;5902;10662;20989;10382;10607;7
1275;Totaal over alle leeftijden;Totaal bevolking;Nijmegen (GA);2021;170491;132922;16433;5837;10596;21136;10360;10776;7
1276;Totaal over alle leeftijden;Totaal bevolking;Nijmegen (GA);2022;171082;133559;16287;5751;10536;21236;10349;10887;7
1277;Totaal over alle leeftijden;Totaal bevolking;Nijmegen (GA);2023;171617;134122;16174;5685;10489;21321;10349;10972;7
1278;Totaal over alle leeftijden;Totaal bevolking;Nijmegen (GA);2024;172127;134626;16008;5617;10391;21493;10379;11114;7
1279;Totaal over alle leeftijden;Totaal bevolking;Nijmegen (GA);2025;172600;135143;15876;5570;10306;21581;10337;11244;7
1280;Totaal over alle leeftijden;Totaal bevolking;Amersfoort (GA);2006;164409;130861;13915;5222;8693;19633;11571;8062;8
1281;Totaal over alle leeftijden;Totaal bevolking;Amersfoort (GA);2007;165515;131525;13981;5320;8661;20009;11576;8433;8
1282;Totaal over alle leeftijden;Totaal bevolking;Amersfoort (GA);2008;166645;132059;14072;5461;8611;20514;11682;8832;8
1283;Totaal over alle leeftijden;Totaal bevolking;Amersfoort (GA);2009;167680;132572;14144;5557;8587;20964;11710;9254;8
1284;Totaal over alle leeftijden;Totaal bevolking;Amersfoort (GA);2010;168781;133075;14305;5701;8604;21401;11761;9640;8
1285;Totaal over alle leeftijden;Totaal bevolking;Amersfoort (GA);2011;169904;133630;14432;5815;8617;21842;11819;10023;8
1286;Totaal over alle leeftijden;Totaal bevolking;Amersfoort (GA);2012;171001;134050;14606;5989;8617;22345;11921;10424;8
1287;Totaal over alle leeftijden;Totaal bevolking;Amersfoort (GA);2013;172074;134434;14806;6170;8636;22834;12039;10795;8
1288;Totaal over alle leeftijden;Totaal bevolking;Amersfoort (GA);2014;173111;134798;15012;6375;8637;23301;12152;11149;8
1289;Totaal over alle leeftijden;Totaal bevolking;Amersfoort (GA);2015;174099;135144;15225;6566;8659;23730;12247;11483;8
1290;Totaal over alle leeftijden;Totaal bevolking;Amersfoort (GA);2016;175060;135455;15469;6763;8706;24136;12323;11813;8
1291;Totaal over alle leeftijden;Totaal bevolking;Amersfoort (GA);2017;176008;135690;15750;7007;8743;24568;12442;12126;8
1292;Totaal over alle leeftijden;Totaal bevolking;Amersfoort (GA);2018;176934;135984;15964;7183;8781;24986;12549;12437;8
1293;Totaal over alle leeftijden;Totaal bevolking;Amersfoort (GA);2019;177785;136223;16181;7366;8815;25381;12633;12748;8
1294;Totaal over alle leeftijden;Totaal bevolking;Amersfoort (GA);2020;178644;136454;16372;7538;8834;25818;12770;13048;8
1295;Totaal over alle leeftijden;Totaal bevolking;Amersfoort (GA);2021;179435;136661;16552;7697;8855;26222;12892;13330;8
1296;Totaal over alle leeftijden;Totaal bevolking;Amersfoort (GA);2022;180210;136867;16738;7838;8900;26605;12983;13622;8
1297;Totaal over alle leeftijden;Totaal bevolking;Amersfoort (GA);2023;180945;137022;16958;8011;8947;26965;13081;13884;8
1298;Totaal over alle leeftijden;Totaal bevolking;Amersfoort (GA);2024;181627;137216;17132;8178;8954;27279;13156;14123;8
1299;Totaal over alle leeftijden;Totaal bevolking;Amersfoort (GA);2025;182264;137283;17324;8284;9040;27657;13283;14374;8
1300;Totaal over alle leeftijden;Totaal bevolking;Utrecht (GA);2006;412277;302364;38242;16002;22240;71671;40830;30841;9
1301;Totaal over alle leeftijden;Totaal bevolking;Utrecht (GA);2007;415695;304822;38180;16073;22107;72693;40802;31891;9
1302;Totaal over alle leeftijden;Totaal bevolking;Utrecht (GA);2008;419286;307145;38223;16171;22052;73918;40876;33042;9
1303;Totaal over alle leeftijden;Totaal bevolking;Utrecht (GA);2009;423166;309937;38402;16384;22018;74827;40838;33989;9
1304;Totaal over alle leeftijden;Totaal bevolking;Utrecht (GA);2010;425582;311569;38463;16509;21954;75550;40681;34869;9
1305;Totaal over alle leeftijden;Totaal bevolking;Utrecht (GA);2011;428044;313294;38577;16642;21935;76173;40513;35660;9
1306;Totaal over alle leeftijden;Totaal bevolking;Utrecht (GA);2012;430539;314893;38779;16869;21910;76867;40457;36410;9
1307;Totaal over alle leeftijden;Totaal bevolking;Utrecht (GA);2013;432995;316550;39003;17091;21912;77442;40347;37095;9
1308;Totaal over alle leeftijden;Totaal bevolking;Utrecht (GA);2014;435379;318226;39173;17264;21909;77980;40276;37704;9
1309;Totaal over alle leeftijden;Totaal bevolking;Utrecht (GA);2015;437718;319775;39339;17455;21884;78604;40200;38404;9
1310;Totaal over alle leeftijden;Totaal bevolking;Utrecht (GA);2016;440023;321315;39557;17684;21873;79151;40141;39010;9
1311;Totaal over alle leeftijden;Totaal bevolking;Utrecht (GA);2017;442223;322825;39914;18030;21884;79484;39993;39491;9
1312;Totaal over alle leeftijden;Totaal bevolking;Utrecht (GA);2018;444362;324310;40084;18198;21886;79968;39903;40065;9
1313;Totaal over alle leeftijden;Totaal bevolking;Utrecht (GA);2019;446454;325845;40296;18388;21908;80313;39791;40522;9
1314;Totaal over alle leeftijden;Totaal bevolking;Utrecht (GA);2020;448437;327245;40372;18458;21914;80820;39781;41039;9
1315;Totaal over alle leeftijden;Totaal bevolking;Utrecht (GA);2021;450409;328531;40528;18590;21938;81350;39858;41492;9
1316;Totaal over alle leeftijden;Totaal bevolking;Utrecht (GA);2022;452292;329758;40684;18677;22007;81850;39932;41918;9
1317;Totaal over alle leeftijden;Totaal bevolking;Utrecht (GA);2023;454119;331066;40825;18863;21962;82228;39948;42280;9
1318;Totaal over alle leeftijden;Totaal bevolking;Utrecht (GA);2024;455814;332088;40917;18935;21982;82809;40090;42719;9
1319;Totaal over alle leeftijden;Totaal bevolking;Utrecht (GA);2025;457484;333197;41078;19054;22024;83209;40135;43074;9
1320;Totaal over alle leeftijden;Totaal bevolking;Amsterdam (GA);2006;1021796;599445;134321;70179;64142;288030;169719;118311;10
1321;Totaal over alle leeftijden;Totaal bevolking;Amsterdam (GA);2007;1025452;601254;135287;70825;64462;288911;166923;121988;10
1322;Totaal over alle leeftijden;Totaal bevolking;Amsterdam (GA);2008;1028487;602641;136266;71594;64672;289580;164429;125151;10
1323;Totaal over alle leeftijden;Totaal bevolking;Amsterdam (GA);2009;1031541;603879;137493;72662;64831;290169;162049;128120;10
1324;Totaal over alle leeftijden;Totaal bevolking;Amsterdam (GA);2010;1037110;606198;139402;74167;65235;291510;160424;131086;10
1325;Totaal over alle leeftijden;Totaal bevolking;Amsterdam (GA);2011;1042722;608247;141598;75950;65648;292877;158924;133953;10
1326;Totaal over alle leeftijden;Totaal bevolking;Amsterdam (GA);2012;1048399;610135;143931;77866;66065;294333;157725;136608;10
1327;Totaal over alle leeftijden;Totaal bevolking;Amsterdam (GA);2013;1054068;611969;146551;79996;66555;295548;156513;139035;10
1328;Totaal over alle leeftijden;Totaal bevolking;Amsterdam (GA);2014;1059628;613725;149057;82009;67048;296846;155531;141315;10
1329;Totaal over alle leeftijden;Totaal bevolking;Amsterdam (GA);2015;1065044;615277;151461;83884;67577;298306;154718;143588;10
1330;Totaal over alle leeftijden;Totaal bevolking;Amsterdam (GA);2016;1070365;616705;153914;85741;68173;299746;153979;145767;10
1331;Totaal over alle leeftijden;Totaal bevolking;Amsterdam (GA);2017;1075539;618190;156195;87423;68772;301154;153270;147884;10
1332;Totaal over alle leeftijden;Totaal bevolking;Amsterdam (GA);2018;1080592;619552;158424;89078;69346;302616;152672;149944;10
1333;Totaal over alle leeftijden;Totaal bevolking;Amsterdam (GA);2019;1085580;620746;160753;90699;70054;304081;152179;151902;10
1334;Totaal over alle leeftijden;Totaal bevolking;Amsterdam (GA);2020;1090438;621976;163093;92364;70729;305369;151695;153674;10
1335;Totaal over alle leeftijden;Totaal bevolking;Amsterdam (GA);2021;1095123;623062;165230;93955;71275;306831;151233;155598;10
1336;Totaal over alle leeftijden;Totaal bevolking;Amsterdam (GA);2022;1099768;623973;167436;95562;71874;308359;150959;157400;10
1337;Totaal over alle leeftijden;Totaal bevolking;Amsterdam (GA);2023;1104176;624729;169749;97161;72588;309698;150550;159148;10
1338;Totaal over alle leeftijden;Totaal bevolking;Amsterdam (GA);2024;1108375;625346;172067;98774;73293;310962;150136;160826;10
1339;Totaal over alle leeftijden;Totaal bevolking;Amsterdam (GA);2025;1112431;625929;174354;100444;73910;312148;149782;162366;10
1340;Totaal over alle leeftijden;Totaal bevolking;Haarlem (GA);2006;189279;147627;20798;8044;12754;20854;11969;8885;11
1341;Totaal over alle leeftijden;Totaal bevolking;Haarlem (GA);2007;189705;147347;20970;8059;12911;21388;12044;9344;11
1342;Totaal over alle leeftijden;Totaal bevolking;Haarlem (GA);2008;190286;147019;21252;8174;13078;22015;12208;9807;11
1343;Totaal over alle leeftijden;Totaal bevolking;Haarlem (GA);2009;190834;146677;21553;8309;13244;22604;12393;10211;11
1344;Totaal over alle leeftijden;Totaal bevolking;Haarlem (GA);2010;191185;146179;21837;8482;13355;23169;12500;10669;11
1345;Totaal over alle leeftijden;Totaal bevolking;Haarlem (GA);2011;191582;145692;22215;8735;13480;23675;12587;11088;11
1346;Totaal over alle leeftijden;Totaal bevolking;Haarlem (GA);2012;191981;145212;22540;8942;13598;24229;12700;11529;11
1347;Totaal over alle leeftijden;Totaal bevolking;Haarlem (GA);2013;192374;144620;22957;9232;13725;24797;12821;11976;11
1348;Totaal over alle leeftijden;Totaal bevolking;Haarlem (GA);2014;192774;144010;23408;9543;13865;25356;12985;12371;11
1349;Totaal over alle leeftijden;Totaal bevolking;Haarlem (GA);2015;193175;143431;23847;9856;13991;25897;13136;12761;11
1350;Totaal over alle leeftijden;Totaal bevolking;Haarlem (GA);2016;193577;142828;24248;10113;14135;26501;13328;13173;11
1351;Totaal over alle leeftijden;Totaal bevolking;Haarlem (GA);2017;194006;142307;24626;10336;14290;27073;13511;13562;11
1352;Totaal over alle leeftijden;Totaal bevolking;Haarlem (GA);2018;194452;141705;25038;10609;14429;27709;13730;13979;11
1353;Totaal over alle leeftijden;Totaal bevolking;Haarlem (GA);2019;194900;141112;25420;10852;14568;28368;13937;14431;11
1354;Totaal over alle leeftijden;Totaal bevolking;Haarlem (GA);2020;195403;140567;25784;11080;14704;29052;14145;14907;11
1355;Totaal over alle leeftijden;Totaal bevolking;Haarlem (GA);2021;195900;140022;26161;11338;14823;29717;14356;15361;11
1356;Totaal over alle leeftijden;Totaal bevolking;Haarlem (GA);2022;196427;139541;26475;11570;14905;30411;14572;15839;11
1357;Totaal over alle leeftijden;Totaal bevolking;Haarlem (GA);2023;196976;139022;26900;11854;15046;31054;14803;16251;11
1358;Totaal over alle leeftijden;Totaal bevolking;Haarlem (GA);2024;197536;138493;27349;12081;15268;31694;15042;16652;11
1359;Totaal over alle leeftijden;Totaal bevolking;Haarlem (GA);2025;198109;137920;27732;12338;15394;32457;15264;17193;11
1360;Totaal over alle leeftijden;Totaal bevolking;Leiden (GA);2006;254371;203892;26043;12395;13648;24436;14658;9778;12
1361;Totaal over alle leeftijden;Totaal bevolking;Leiden (GA);2007;254457;203314;26259;12534;13725;24884;14689;10195;12
1362;Totaal over alle leeftijden;Totaal bevolking;Leiden (GA);2008;254697;202858;26512;12622;13890;25327;14704;10623;12
1363;Totaal over alle leeftijden;Totaal bevolking;Leiden (GA);2009;255078;202292;26966;12901;14065;25820;14788;11032;12
1364;Totaal over alle leeftijden;Totaal bevolking;Leiden (GA);2010;255509;201710;27532;13298;14234;26267;14891;11376;12
1365;Totaal over alle leeftijden;Totaal bevolking;Leiden (GA);2011;255942;201116;28103;13702;14401;26723;14982;11741;12
1366;Totaal over alle leeftijden;Totaal bevolking;Leiden (GA);2012;256426;200576;28676;14078;14598;27174;15093;12081;12
1367;Totaal over alle leeftijden;Totaal bevolking;Leiden (GA);2013;256974;200021;29300;14548;14752;27653;15225;12428;12
1368;Totaal over alle leeftijden;Totaal bevolking;Leiden (GA);2014;257473;199351;29978;15058;14920;28144;15388;12756;12
1369;Totaal over alle leeftijden;Totaal bevolking;Leiden (GA);2015;257963;198812;30576;15496;15080;28575;15495;13080;12
1370;Totaal over alle leeftijden;Totaal bevolking;Leiden (GA);2016;258469;198178;31182;15915;15267;29109;15683;13426;12
1371;Totaal over alle leeftijden;Totaal bevolking;Leiden (GA);2017;259008;197546;31796;16304;15492;29666;15896;13770;12
1372;Totaal over alle leeftijden;Totaal bevolking;Leiden (GA);2018;259545;196953;32373;16675;15698;30219;16107;14112;12
1373;Totaal over alle leeftijden;Totaal bevolking;Leiden (GA);2019;260089;196370;32907;16996;15911;30812;16408;14404;12
1374;Totaal over alle leeftijden;Totaal bevolking;Leiden (GA);2020;260670;195788;33459;17343;16116;31423;16641;14782;12
1375;Totaal over alle leeftijden;Totaal bevolking;Leiden (GA);2021;261227;195184;34046;17717;16329;31997;16916;15081;12
1376;Totaal over alle leeftijden;Totaal bevolking;Leiden (GA);2022;261800;194606;34564;17991;16573;32630;17201;15429;12
1377;Totaal over alle leeftijden;Totaal bevolking;Leiden (GA);2023;262428;194069;35124;18325;16799;33235;17455;15780;12
1378;Totaal over alle leeftijden;Totaal bevolking;Leiden (GA);2024;262963;193390;35666;18632;17034;33907;17774;16133;12
1379;Totaal over alle leeftijden;Totaal bevolking;Leiden (GA);2025;263488;192803;36196;18941;17255;34489;18041;16448;12
1380;Totaal over alle leeftijden;Totaal bevolking;'s-Gravenhage (GA);2006;620872;374152;82995;43313;39682;163725;101259;62466;13
1381;Totaal over alle leeftijden;Totaal bevolking;'s-Gravenhage (GA);2007;621947;373515;83823;44105;39718;164609;99993;64616;13
1382;Totaal over alle leeftijden;Totaal bevolking;'s-Gravenhage (GA);2008;622675;372310;84971;45214;39757;165394;98830;66564;13
1383;Totaal over alle leeftijden;Totaal bevolking;'s-Gravenhage (GA);2009;623507;370804;86343;46582;39761;166360;97883;68477;13
1384;Totaal over alle leeftijden;Totaal bevolking;'s-Gravenhage (GA);2010;624399;369037;88120;48316;39804;167242;97067;70175;13
1385;Totaal over alle leeftijden;Totaal bevolking;'s-Gravenhage (GA);2011;625395;366912;90328;50376;39952;168155;96361;71794;13
1386;Totaal over alle leeftijden;Totaal bevolking;'s-Gravenhage (GA);2012;626506;364636;92763;52640;40123;169107;95799;73308;13
1387;Totaal over alle leeftijden;Totaal bevolking;'s-Gravenhage (GA);2013;627691;362290;95501;55124;40377;169900;95285;74615;13
1388;Totaal over alle leeftijden;Totaal bevolking;'s-Gravenhage (GA);2014;628878;359696;98361;57577;40784;170821;94874;75947;13
1389;Totaal over alle leeftijden;Totaal bevolking;'s-Gravenhage (GA);2015;630095;357202;101232;60003;41229;171661;94541;77120;13
1390;Totaal over alle leeftijden;Totaal bevolking;'s-Gravenhage (GA);2016;631346;354556;104157;62364;41793;172633;94260;78373;13
1391;Totaal over alle leeftijden;Totaal bevolking;'s-Gravenhage (GA);2017;632634;352130;107007;64607;42400;173497;94091;79406;13
1392;Totaal over alle leeftijden;Totaal bevolking;'s-Gravenhage (GA);2018;633953;349600;109973;66906;43067;174380;93883;80497;13
1393;Totaal over alle leeftijden;Totaal bevolking;'s-Gravenhage (GA);2019;635295;347042;113050;69232;43818;175203;93733;81470;13
1394;Totaal over alle leeftijden;Totaal bevolking;'s-Gravenhage (GA);2020;636622;344427;116229;71614;44615;175966;93571;82395;13
1395;Totaal over alle leeftijden;Totaal bevolking;'s-Gravenhage (GA);2021;637942;341750;119365;73838;45527;176827;93573;83254;13
1396;Totaal over alle leeftijden;Totaal bevolking;'s-Gravenhage (GA);2022;639282;339075;122717;76165;46552;177490;93431;84059;13
1397;Totaal over alle leeftijden;Totaal bevolking;'s-Gravenhage (GA);2023;640600;336180;126118;78461;47657;178302;93305;84997;13
1398;Totaal over alle leeftijden;Totaal bevolking;'s-Gravenhage (GA);2024;641887;333604;129470;80718;48752;178813;92984;85829;13
1399;Totaal over alle leeftijden;Totaal bevolking;'s-Gravenhage (GA);2025;643141;331005;132834;82946;49888;179302;92633;86669;13
1400;Totaal over alle leeftijden;Totaal bevolking;Rotterdam (GA);2006;997427;641749;91823;44049;47774;263855;153504;110351;14
1401;Totaal over alle leeftijden;Totaal bevolking;Rotterdam (GA);2007;998557;642145;91668;43789;47879;264744;151009;113735;14
1402;Totaal over alle leeftijden;Totaal bevolking;Rotterdam (GA);2008;999765;642475;91624;43709;47915;265666;148914;116752;14
1403;Totaal over alle leeftijden;Totaal bevolking;Rotterdam (GA);2009;1001068;642694;91828;43751;48077;266546;147094;119452;14
1404;Totaal over alle leeftijden;Totaal bevolking;Rotterdam (GA);2010;1002531;642888;92210;43960;48250;267433;145497;121936;14
1405;Totaal over alle leeftijden;Totaal bevolking;Rotterdam (GA);2011;1004175;643078;92627;44323;48304;268470;144275;124195;14
1406;Totaal over alle leeftijden;Totaal bevolking;Rotterdam (GA);2012;1006037;643544;93175;44734;48441;269318;143034;126284;14
1407;Totaal over alle leeftijden;Totaal bevolking;Rotterdam (GA);2013;1008068;644146;93697;45155;48542;270225;141927;128298;14
1408;Totaal over alle leeftijden;Totaal bevolking;Rotterdam (GA);2014;1010098;644718;94417;45609;48808;270963;140815;130148;14
1409;Totaal over alle leeftijden;Totaal bevolking;Rotterdam (GA);2015;1012196;645286;95043;46000;49043;271867;139983;131884;14
1410;Totaal over alle leeftijden;Totaal bevolking;Rotterdam (GA);2016;1014391;646331;95627;46363;49264;272433;138952;133481;14
1411;Totaal over alle leeftijden;Totaal bevolking;Rotterdam (GA);2017;1016615;647268;96216;46691;49525;273131;138106;135025;14
1412;Totaal over alle leeftijden;Totaal bevolking;Rotterdam (GA);2018;1018831;648292;96709;46870;49839;273830;137315;136515;14
1413;Totaal over alle leeftijden;Totaal bevolking;Rotterdam (GA);2019;1021131;649408;97199;47098;50101;274524;136602;137922;14
1414;Totaal over alle leeftijden;Totaal bevolking;Rotterdam (GA);2020;1023460;650707;97663;47300;50363;275090;135904;139186;14
1415;Totaal over alle leeftijden;Totaal bevolking;Rotterdam (GA);2021;1025801;652223;98024;47427;50597;275554;135206;140348;14
1416;Totaal over alle leeftijden;Totaal bevolking;Rotterdam (GA);2022;1028192;653729;98475;47644;50831;275988;134379;141609;14
1417;Totaal over alle leeftijden;Totaal bevolking;Rotterdam (GA);2023;1030565;655158;98994;47852;51142;276413;133636;142777;14
1418;Totaal over alle leeftijden;Totaal bevolking;Rotterdam (GA);2024;1032858;656830;99304;47968;51336;276724;132935;143789;14
1419;Totaal over alle leeftijden;Totaal bevolking;Rotterdam (GA);2025;1035107;658365;99798;48197;51601;276944;132172;144772;14
1420;Totaal over alle leeftijden;Totaal bevolking;Dordrecht (GA);2006;248427;199356;19526;7632;11894;29545;16631;12914;15
1421;Totaal over alle leeftijden;Totaal bevolking;Dordrecht (GA);2007;249082;199139;19575;7574;12001;30368;16599;13769;15
1422;Totaal over alle leeftijden;Totaal bevolking;Dordrecht (GA);2008;250831;199553;19808;7629;12179;31470;16743;14727;15
1423;Totaal over alle leeftijden;Totaal bevolking;Dordrecht (GA);2009;252631;200036;20076;7701;12375;32519;16855;15664;15
1424;Totaal over alle leeftijden;Totaal bevolking;Dordrecht (GA);2010;254415;200443;20333;7747;12586;33639;17090;16549;15
1425;Totaal over alle leeftijden;Totaal bevolking;Dordrecht (GA);2011;256200;200916;20487;7765;12722;34797;17313;17484;15
1426;Totaal over alle leeftijden;Totaal bevolking;Dordrecht (GA);2012;258050;201397;20709;7842;12867;35944;17543;18401;15
1427;Totaal over alle leeftijden;Totaal bevolking;Dordrecht (GA);2013;259870;201926;20963;7947;13016;36981;17685;19296;15
1428;Totaal over alle leeftijden;Totaal bevolking;Dordrecht (GA);2014;261728;202407;21205;8037;13168;38116;17915;20201;15
1429;Totaal over alle leeftijden;Totaal bevolking;Dordrecht (GA);2015;263522;202871;21470;8128;13342;39181;18103;21078;15
1430;Totaal over alle leeftijden;Totaal bevolking;Dordrecht (GA);2016;265289;203284;21675;8168;13507;40330;18351;21979;15
1431;Totaal over alle leeftijden;Totaal bevolking;Dordrecht (GA);2017;267045;203711;21931;8229;13702;41403;18549;22854;15
1432;Totaal over alle leeftijden;Totaal bevolking;Dordrecht (GA);2018;268751;204100;22121;8299;13822;42530;18753;23777;15
1433;Totaal over alle leeftijden;Totaal bevolking;Dordrecht (GA);2019;270441;204505;22276;8263;14013;43660;18960;24700;15
1434;Totaal over alle leeftijden;Totaal bevolking;Dordrecht (GA);2020;272155;204910;22500;8333;14167;44745;19147;25598;15
1435;Totaal over alle leeftijden;Totaal bevolking;Dordrecht (GA);2021;273806;205303;22715;8377;14338;45788;19288;26500;15
1436;Totaal over alle leeftijden;Totaal bevolking;Dordrecht (GA);2022;275446;205734;22921;8431;14490;46791;19444;27347;15
1437;Totaal over alle leeftijden;Totaal bevolking;Dordrecht (GA);2023;277050;206089;23151;8524;14627;47810;19634;28176;15
1438;Totaal over alle leeftijden;Totaal bevolking;Dordrecht (GA);2024;278601;206454;23372;8570;14802;48775;19779;28996;15
1439;Totaal over alle leeftijden;Totaal bevolking;Dordrecht (GA);2025;280048;206782;23554;8596;14958;49712;19923;29789;15
1440;Totaal over alle leeftijden;Totaal bevolking;Breda (GA);2006;169031;135268;16287;6162;10125;17476;9915;7561;16
1441;Totaal over alle leeftijden;Totaal bevolking;Breda (GA);2007;169316;135352;16194;6133;10061;17770;9942;7828;16
1442;Totaal over alle leeftijden;Totaal bevolking;Breda (GA);2008;169850;135573;16213;6189;10024;18064;9957;8107;16
1443;Totaal over alle leeftijden;Totaal bevolking;Breda (GA);2009;170289;135713;16196;6218;9978;18380;10015;8365;16
1444;Totaal over alle leeftijden;Totaal bevolking;Breda (GA);2010;170890;135938;16215;6304;9911;18737;10093;8644;16
1445;Totaal over alle leeftijden;Totaal bevolking;Breda (GA);2011;171478;136133;16225;6401;9824;19120;10217;8903;16
1446;Totaal over alle leeftijden;Totaal bevolking;Breda (GA);2012;172067;136263;16305;6513;9792;19499;10306;9193;16
1447;Totaal over alle leeftijden;Totaal bevolking;Breda (GA);2013;172659;136391;16448;6635;9813;19820;10362;9458;16
1448;Totaal over alle leeftijden;Totaal bevolking;Breda (GA);2014;173220;136504;16539;6765;9774;20177;10461;9716;16
1449;Totaal over alle leeftijden;Totaal bevolking;Breda (GA);2015;173776;136619;16644;6892;9752;20513;10547;9966;16
1450;Totaal over alle leeftijden;Totaal bevolking;Breda (GA);2016;174308;136642;16813;7020;9793;20853;10653;10200;16
1451;Totaal over alle leeftijden;Totaal bevolking;Breda (GA);2017;174801;136654;16963;7151;9812;21184;10742;10442;16
1452;Totaal over alle leeftijden;Totaal bevolking;Breda (GA);2018;175271;136567;17103;7247;9856;21601;10868;10733;16
1453;Totaal over alle leeftijden;Totaal bevolking;Breda (GA);2019;175736;136616;17190;7338;9852;21930;10961;10969;16
1454;Totaal over alle leeftijden;Totaal bevolking;Breda (GA);2020;176178;136592;17298;7433;9865;22288;11058;11230;16
1455;Totaal over alle leeftijden;Totaal bevolking;Breda (GA);2021;176565;136545;17400;7540;9860;22620;11148;11472;16
1456;Totaal over alle leeftijden;Totaal bevolking;Breda (GA);2022;176932;136419;17531;7627;9904;22982;11285;11697;16
1457;Totaal over alle leeftijden;Totaal bevolking;Breda (GA);2023;177297;136271;17718;7750;9968;23308;11400;11908;16
1458;Totaal over alle leeftijden;Totaal bevolking;Breda (GA);2024;177615;136187;17778;7798;9980;23650;11547;12103;16
1459;Totaal over alle leeftijden;Totaal bevolking;Breda (GA);2025;177891;136071;17820;7819;10001;24000;11661;12339;16
1460;Totaal over alle leeftijden;Totaal bevolking;Tilburg (GA);2006;221686;177216;17235;6342;10893;27235;15680;11555;17
1461;Totaal over alle leeftijden;Totaal bevolking;Tilburg (GA);2007;222801;178089;17244;6288;10956;27468;15395;12073;17
1462;Totaal over alle leeftijden;Totaal bevolking;Tilburg (GA);2008;224492;179386;17254;6210;11044;27852;15223;12629;17
1463;Totaal over alle leeftijden;Totaal bevolking;Tilburg (GA);2009;225924;180332;17295;6146;11149;28297;15101;13196;17
1464;Totaal over alle leeftijden;Totaal bevolking;Tilburg (GA);2010;227667;181649;17367;6148;11219;28651;14971;13680;17
1465;Totaal over alle leeftijden;Totaal bevolking;Tilburg (GA);2011;229443;182967;17449;6136;11313;29027;14882;14145;17
1466;Totaal over alle leeftijden;Totaal bevolking;Tilburg (GA);2012;231163;184266;17459;6159;11300;29438;14764;14674;17
1467;Totaal over alle leeftijden;Totaal bevolking;Tilburg (GA);2013;232852;185413;17562;6203;11359;29877;14715;15162;17
1468;Totaal over alle leeftijden;Totaal bevolking;Tilburg (GA);2014;234521;186494;17709;6260;11449;30318;14671;15647;17
1469;Totaal over alle leeftijden;Totaal bevolking;Tilburg (GA);2015;236117;187668;17782;6265;11517;30667;14600;16067;17
1470;Totaal over alle leeftijden;Totaal bevolking;Tilburg (GA);2016;237655;188807;17856;6226;11630;30992;14545;16447;17
1471;Totaal over alle leeftijden;Totaal bevolking;Tilburg (GA);2017;239105;189806;17925;6218;11707;31374;14496;16878;17
1472;Totaal over alle leeftijden;Totaal bevolking;Tilburg (GA);2018;240509;190727;18026;6219;11807;31756;14530;17226;17
1473;Totaal over alle leeftijden;Totaal bevolking;Tilburg (GA);2019;241858;191749;18065;6205;11860;32044;14506;17538;17
1474;Totaal over alle leeftijden;Totaal bevolking;Tilburg (GA);2020;243123;192695;18080;6238;11842;32348;14435;17913;17
1475;Totaal over alle leeftijden;Totaal bevolking;Tilburg (GA);2021;244303;193485;18133;6247;11886;32685;14433;18252;17
1476;Totaal over alle leeftijden;Totaal bevolking;Tilburg (GA);2022;245408;194211;18167;6228;11939;33030;14437;18593;17
1477;Totaal over alle leeftijden;Totaal bevolking;Tilburg (GA);2023;246484;194928;18191;6219;11972;33365;14446;18919;17
1478;Totaal over alle leeftijden;Totaal bevolking;Tilburg (GA);2024;247444;195593;18190;6213;11977;33661;14445;19216;17
1479;Totaal over alle leeftijden;Totaal bevolking;Tilburg (GA);2025;248307;196222;18198;6187;12011;33887;14368;19519;17
1480;Totaal over alle leeftijden;Totaal bevolking;'s-Hertogenbosch (GA);2006;158367;130717;13464;4977;8487;14186;8106;6080;18
1481;Totaal over alle leeftijden;Totaal bevolking;'s-Hertogenbosch (GA);2007;158387;130659;13331;4924;8407;14397;8121;6276;18
1482;Totaal over alle leeftijden;Totaal bevolking;'s-Hertogenbosch (GA);2008;158656;130811;13226;4904;8322;14619;8145;6474;18
1483;Totaal over alle leeftijden;Totaal bevolking;'s-Hertogenbosch (GA);2009;158828;130759;13210;4926;8284;14859;8183;6676;18
1484;Totaal over alle leeftijden;Totaal bevolking;'s-Hertogenbosch (GA);2010;159137;130824;13233;4959;8274;15080;8218;6862;18
1485;Totaal over alle leeftijden;Totaal bevolking;'s-Hertogenbosch (GA);2011;159451;130891;13282;5019;8263;15278;8211;7067;18
1486;Totaal over alle leeftijden;Totaal bevolking;'s-Hertogenbosch (GA);2012;159698;130924;13291;5052;8239;15483;8246;7237;18
1487;Totaal over alle leeftijden;Totaal bevolking;'s-Hertogenbosch (GA);2013;159969;130913;13295;5107;8188;15761;8370;7391;18
1488;Totaal over alle leeftijden;Totaal bevolking;'s-Hertogenbosch (GA);2014;160234;130875;13359;5183;8176;16000;8427;7573;18
1489;Totaal over alle leeftijden;Totaal bevolking;'s-Hertogenbosch (GA);2015;160448;130796;13443;5242;8201;16209;8456;7753;18
1490;Totaal over alle leeftijden;Totaal bevolking;'s-Hertogenbosch (GA);2016;160636;130745;13486;5289;8197;16405;8499;7906;18
1491;Totaal over alle leeftijden;Totaal bevolking;'s-Hertogenbosch (GA);2017;160819;130739;13484;5312;8172;16596;8557;8039;18
1492;Totaal over alle leeftijden;Totaal bevolking;'s-Hertogenbosch (GA);2018;160963;130634;13522;5349;8173;16807;8610;8197;18
1493;Totaal over alle leeftijden;Totaal bevolking;'s-Hertogenbosch (GA);2019;161095;130436;13611;5415;8196;17048;8663;8385;18
1494;Totaal over alle leeftijden;Totaal bevolking;'s-Hertogenbosch (GA);2020;161217;130319;13659;5474;8185;17239;8750;8489;18
1495;Totaal over alle leeftijden;Totaal bevolking;'s-Hertogenbosch (GA);2021;161309;130152;13730;5509;8221;17427;8789;8638;18
1496;Totaal over alle leeftijden;Totaal bevolking;'s-Hertogenbosch (GA);2022;161408;129983;13738;5508;8230;17687;8891;8796;18
1497;Totaal over alle leeftijden;Totaal bevolking;'s-Hertogenbosch (GA);2023;161455;129826;13792;5542;8250;17837;8914;8923;18
1498;Totaal over alle leeftijden;Totaal bevolking;'s-Hertogenbosch (GA);2024;161519;129675;13815;5575;8240;18029;8954;9075;18
1499;Totaal over alle leeftijden;Totaal bevolking;'s-Hertogenbosch (GA);2025;161546;129402;13870;5604;8266;18274;9040;9234;18
1500;Totaal over alle leeftijden;Totaal bevolking;Eindhoven (GA);2006;321835;252253;33991;13827;20164;35591;21126;14465;19
1501;Totaal over alle leeftijden;Totaal bevolking;Eindhoven (GA);2007;322066;252199;34041;13880;20161;35826;20818;15008;19
1502;Totaal over alle leeftijden;Totaal bevolking;Eindhoven (GA);2008;321788;251851;33977;13854;20123;35960;20498;15462;19
1503;Totaal over alle leeftijden;Totaal bevolking;Eindhoven (GA);2009;321541;251510;33947;13828;20119;36084;20198;15886;19
1504;Totaal over alle leeftijden;Totaal bevolking;Eindhoven (GA);2010;321189;250866;34001;13968;20033;36322;20007;16315;19
1505;Totaal over alle leeftijden;Totaal bevolking;Eindhoven (GA);2011;320857;250328;34063;14106;19957;36466;19771;16695;19
1506;Totaal over alle leeftijden;Totaal bevolking;Eindhoven (GA);2012;320509;249813;34168;14312;19856;36528;19530;16998;19
1507;Totaal over alle leeftijden;Totaal bevolking;Eindhoven (GA);2013;320118;249117;34331;14546;19785;36670;19325;17345;19
1508;Totaal over alle leeftijden;Totaal bevolking;Eindhoven (GA);2014;319761;248347;34542;14832;19710;36872;19229;17643;19
1509;Totaal over alle leeftijden;Totaal bevolking;Eindhoven (GA);2015;319339;247553;34636;14998;19638;37150;19159;17991;19
1510;Totaal over alle leeftijden;Totaal bevolking;Eindhoven (GA);2016;318908;246677;34865;15241;19624;37366;19096;18270;19
1511;Totaal over alle leeftijden;Totaal bevolking;Eindhoven (GA);2017;318492;245858;34999;15426;19573;37635;19072;18563;19
1512;Totaal over alle leeftijden;Totaal bevolking;Eindhoven (GA);2018;318004;245048;35090;15476;19614;37866;19080;18786;19
1513;Totaal over alle leeftijden;Totaal bevolking;Eindhoven (GA);2019;317516;244271;35202;15607;19595;38043;19033;19010;19
1514;Totaal over alle leeftijden;Totaal bevolking;Eindhoven (GA);2020;316956;243491;35181;15611;19570;38284;19054;19230;19
1515;Totaal over alle leeftijden;Totaal bevolking;Eindhoven (GA);2021;316408;242761;35176;15617;19559;38471;19011;19460;19
1516;Totaal over alle leeftijden;Totaal bevolking;Eindhoven (GA);2022;315871;242090;35147;15635;19512;38634;18962;19672;19
1517;Totaal over alle leeftijden;Totaal bevolking;Eindhoven (GA);2023;315285;241306;35115;15637;19478;38864;18927;19937;19
1518;Totaal over alle leeftijden;Totaal bevolking;Eindhoven (GA);2024;314749;240574;35107;15638;19469;39068;18912;20156;19
1519;Totaal over alle leeftijden;Totaal bevolking;Eindhoven (GA);2025;314178;239826;35018;15611;19407;39334;18968;20366;19
1520;Totaal over alle leeftijden;Totaal bevolking;Geleen/Sittard (GA);2006;139697;113410;19890;5626;14264;6397;3939;2458;20
1521;Totaal over alle leeftijden;Totaal bevolking;Geleen/Sittard (GA);2007;138952;113141;19407;5366;14041;6404;3896;2508;20
1522;Totaal over alle leeftijden;Totaal bevolking;Geleen/Sittard (GA);2008;138248;112849;18979;5134;13845;6420;3831;2589;20
1523;Totaal over alle leeftijden;Totaal bevolking;Geleen/Sittard (GA);2009;137590;112485;18641;4967;13674;6464;3803;2661;20
1524;Totaal over alle leeftijden;Totaal bevolking;Geleen/Sittard (GA);2010;136936;112178;18251;4791;13460;6507;3756;2751;20
1525;Totaal over alle leeftijden;Totaal bevolking;Geleen/Sittard (GA);2011;136290;111772;17954;4684;13270;6564;3744;2820;20
1526;Totaal over alle leeftijden;Totaal bevolking;Geleen/Sittard (GA);2012;135668;111435;17618;4591;13027;6615;3739;2876;20
1527;Totaal over alle leeftijden;Totaal bevolking;Geleen/Sittard (GA);2013;135002;111035;17300;4487;12813;6667;3725;2942;20
1528;Totaal over alle leeftijden;Totaal bevolking;Geleen/Sittard (GA);2014;134372;110602;17023;4408;12615;6747;3731;3016;20
1529;Totaal over alle leeftijden;Totaal bevolking;Geleen/Sittard (GA);2015;133752;110235;16732;4305;12427;6785;3713;3072;20
1530;Totaal over alle leeftijden;Totaal bevolking;Geleen/Sittard (GA);2016;133091;109819;16464;4232;12232;6808;3692;3116;20
1531;Totaal over alle leeftijden;Totaal bevolking;Geleen/Sittard (GA);2017;132440;109400;16194;4157;12037;6846;3678;3168;20
1532;Totaal over alle leeftijden;Totaal bevolking;Geleen/Sittard (GA);2018;131795;108970;15867;4038;11829;6958;3713;3245;20
1533;Totaal over alle leeftijden;Totaal bevolking;Geleen/Sittard (GA);2019;131159;108524;15624;3969;11655;7011;3719;3292;20
1534;Totaal over alle leeftijden;Totaal bevolking;Geleen/Sittard (GA);2020;130503;108056;15351;3888;11463;7096;3737;3359;20
1535;Totaal over alle leeftijden;Totaal bevolking;Geleen/Sittard (GA);2021;129885;107610;15088;3804;11284;7187;3785;3402;20
1536;Totaal over alle leeftijden;Totaal bevolking;Geleen/Sittard (GA);2022;129212;107166;14775;3711;11064;7271;3802;3469;20
1537;Totaal over alle leeftijden;Totaal bevolking;Geleen/Sittard (GA);2023;128587;106736;14493;3656;10837;7358;3828;3530;20
1538;Totaal over alle leeftijden;Totaal bevolking;Geleen/Sittard (GA);2024;127916;106234;14239;3577;10662;7443;3852;3591;20
1539;Totaal over alle leeftijden;Totaal bevolking;Geleen/Sittard (GA);2025;127264;105806;13959;3481;10478;7499;3885;3614;20
1540;Totaal over alle leeftijden;Totaal bevolking;Heerlen (GA);2006;208501;151703;46648;15648;31000;10150;6154;3996;21
1541;Totaal over alle leeftijden;Totaal bevolking;Heerlen (GA);2007;206382;150862;45392;14949;30443;10128;6000;4128;21
1542;Totaal over alle leeftijden;Totaal bevolking;Heerlen (GA);2008;204393;150188;44086;14277;29809;10119;5888;4231;21
1543;Totaal over alle leeftijden;Totaal bevolking;Heerlen (GA);2009;202515;149502;42884;13669;29215;10129;5786;4343;21
1544;Totaal over alle leeftijden;Totaal bevolking;Heerlen (GA);2010;200732;148712;41819;13194;28625;10201;5740;4461;21
1545;Totaal over alle leeftijden;Totaal bevolking;Heerlen (GA);2011;198985;147968;40791;12765;28026;10226;5676;4550;21
1546;Totaal over alle leeftijden;Totaal bevolking;Heerlen (GA);2012;197306;147155;39849;12385;27464;10302;5679;4623;21
1547;Totaal over alle leeftijden;Totaal bevolking;Heerlen (GA);2013;195575;146426;38816;12007;26809;10333;5619;4714;21
1548;Totaal over alle leeftijden;Totaal bevolking;Heerlen (GA);2014;193934;145749;37849;11657;26192;10336;5537;4799;21
1549;Totaal over alle leeftijden;Totaal bevolking;Heerlen (GA);2015;192331;145110;36875;11298;25577;10346;5493;4853;21
1550;Totaal over alle leeftijden;Totaal bevolking;Heerlen (GA);2016;190723;144470;35890;10858;25032;10363;5462;4901;21
1551;Totaal over alle leeftijden;Totaal bevolking;Heerlen (GA);2017;189133;143803;34970;10489;24481;10360;5420;4940;21
1552;Totaal over alle leeftijden;Totaal bevolking;Heerlen (GA);2018;187558;143204;34014;10132;23882;10340;5352;4988;21
1553;Totaal over alle leeftijden;Totaal bevolking;Heerlen (GA);2019;186031;142621;33066;9759;23307;10344;5335;5009;21
1554;Totaal over alle leeftijden;Totaal bevolking;Heerlen (GA);2020;184510;142053;32195;9461;22734;10262;5271;4991;21
1555;Totaal over alle leeftijden;Totaal bevolking;Heerlen (GA);2021;183091;141485;31365;9160;22205;10241;5263;4978;21
1556;Totaal over alle leeftijden;Totaal bevolking;Heerlen (GA);2022;181605;140921;30449;8812;21637;10235;5239;4996;21
1557;Totaal over alle leeftijden;Totaal bevolking;Heerlen (GA);2023;180140;140341;29598;8571;21027;10201;5199;5002;21
1558;Totaal over alle leeftijden;Totaal bevolking;Heerlen (GA);2024;178693;139691;28775;8292;20483;10227;5216;5011;21
1559;Totaal over alle leeftijden;Totaal bevolking;Heerlen (GA);2025;177290;139049;27997;8084;19913;10244;5187;5057;21
1560;Totaal over alle leeftijden;Totaal bevolking;Maastricht (GA);2006;120817;94747;17263;7142;10121;8807;5582;3225;22
1561;Totaal over alle leeftijden;Totaal bevolking;Maastricht (GA);2007;120420;94603;16898;6967;9931;8919;5542;3377;22
1562;Totaal over alle leeftijden;Totaal bevolking;Maastricht (GA);2008;120152;94408;16663;6843;9820;9081;5498;3583;22
1563;Totaal over alle leeftijden;Totaal bevolking;Maastricht (GA);2009;119922;94308;16429;6767;9662;9185;5458;3727;22
1564;Totaal over alle leeftijden;Totaal bevolking;Maastricht (GA);2010;119737;94155;16261;6702;9559;9321;5481;3840;22
1565;Totaal over alle leeftijden;Totaal bevolking;Maastricht (GA);2011;119625;93960;16191;6745;9446;9474;5530;3944;22
1566;Totaal over alle leeftijden;Totaal bevolking;Maastricht (GA);2012;119537;93747;16131;6784;9347;9659;5550;4109;22
1567;Totaal over alle leeftijden;Totaal bevolking;Maastricht (GA);2013;119419;93574;16038;6814;9224;9807;5582;4225;22
1568;Totaal over alle leeftijden;Totaal bevolking;Maastricht (GA);2014;119341;93420;15879;6788;9091;10042;5663;4379;22
1569;Totaal over alle leeftijden;Totaal bevolking;Maastricht (GA);2015;119249;93272;15731;6734;8997;10246;5759;4487;22
1570;Totaal over alle leeftijden;Totaal bevolking;Maastricht (GA);2016;119118;93059;15598;6738;8860;10461;5848;4613;22
1571;Totaal over alle leeftijden;Totaal bevolking;Maastricht (GA);2017;118996;92793;15480;6746;8734;10723;5953;4770;22
1572;Totaal over alle leeftijden;Totaal bevolking;Maastricht (GA);2018;118849;92639;15296;6684;8612;10914;6033;4881;22
1573;Totaal over alle leeftijden;Totaal bevolking;Maastricht (GA);2019;118699;92421;15138;6638;8500;11140;6143;4997;22
1574;Totaal over alle leeftijden;Totaal bevolking;Maastricht (GA);2020;118524;92215;14982;6598;8384;11327;6222;5105;22
1575;Totaal over alle leeftijden;Totaal bevolking;Maastricht (GA);2021;118347;91993;14790;6495;8295;11564;6310;5254;22
1576;Totaal over alle leeftijden;Totaal bevolking;Maastricht (GA);2022;118133;91717;14581;6391;8190;11835;6422;5413;22
1577;Totaal over alle leeftijden;Totaal bevolking;Maastricht (GA);2023;117918;91426;14436;6328;8108;12056;6487;5569;22
1578;Totaal over alle leeftijden;Totaal bevolking;Maastricht (GA);2024;117661;91147;14234;6222;8012;12280;6636;5644;22
1579;Totaal over alle leeftijden;Totaal bevolking;Maastricht (GA);2025;117404;90768;14074;6144;7930;12562;6793;5769;22
1580;Totaal over alle leeftijden;Totaal bevolking;Groningen (SG);2006;343284;297098;25157;10660;14497;21029;13561;7468;1
1581;Totaal over alle leeftijden;Totaal bevolking;Groningen (SG);2007;343892;296951;25514;10990;14524;21427;13697;7730;1
1582;Totaal over alle leeftijden;Totaal bevolking;Groningen (SG);2008;346007;297833;26156;11498;14658;22018;13943;8075;1
1583;Totaal over alle leeftijden;Totaal bevolking;Groningen (SG);2009;348926;299146;26930;12075;14855;22850;14343;8507;1
1584;Totaal over alle leeftijden;Totaal bevolking;Groningen (SG);2010;352059;300569;27784;12724;15060;23706;14822;8884;1
1585;Totaal over alle leeftijden;Totaal bevolking;Groningen (SG);2011;355239;301970;28745;13462;15283;24524;15216;9308;1
1586;Totaal over alle leeftijden;Totaal bevolking;Groningen (SG);2012;358606;303277;29867;14353;15514;25462;15690;9772;1
1587;Totaal over alle leeftijden;Totaal bevolking;Groningen (SG);2013;361951;304511;31094;15300;15794;26346;16126;10220;1
1588;Totaal over alle leeftijden;Totaal bevolking;Groningen (SG);2014;365315;305777;32270;16256;16014;27268;16580;10688;1
1589;Totaal over alle leeftijden;Totaal bevolking;Groningen (SG);2015;368735;307008;33446;17179;16267;28281;17089;11192;1
1590;Totaal over alle leeftijden;Totaal bevolking;Groningen (SG);2016;372067;308177;34588;18099;16489;29302;17653;11649;1
1591;Totaal over alle leeftijden;Totaal bevolking;Groningen (SG);2017;375325;309262;35785;19024;16761;30278;18186;12092;1
1592;Totaal over alle leeftijden;Totaal bevolking;Groningen (SG);2018;378453;310310;36875;19848;17027;31268;18769;12499;1
1593;Totaal over alle leeftijden;Totaal bevolking;Groningen (SG);2019;381548;311320;37958;20664;17294;32270;19280;12990;1
1594;Totaal over alle leeftijden;Totaal bevolking;Groningen (SG);2020;384491;312035;39117;21433;17684;33339;19890;13449;1
1595;Totaal over alle leeftijden;Totaal bevolking;Groningen (SG);2021;387385;312706;40247;22184;18063;34432;20575;13857;1
1596;Totaal over alle leeftijden;Totaal bevolking;Groningen (SG);2022;390223;313189;41306;22905;18401;35728;21306;14422;1
1597;Totaal over alle leeftijden;Totaal bevolking;Groningen (SG);2023;392907;313607;42377;23668;18709;36923;21988;14935;1
1598;Totaal over alle leeftijden;Totaal bevolking;Groningen (SG);2024;395467;313848;43387;24440;18947;38232;22743;15489;1
1599;Totaal over alle leeftijden;Totaal bevolking;Groningen (SG);2025;397926;313815;44592;25273;19319;39519;23513;16006;1
1600;Totaal over alle leeftijden;Totaal bevolking;Leeuwarden (SG);2006;159086;140315;8901;3461;5440;9870;6511;3359;2
1601;Totaal over alle leeftijden;Totaal bevolking;Leeuwarden (SG);2007;159586;140472;9040;3522;5518;10074;6544;3530;2
1602;Totaal over alle leeftijden;Totaal bevolking;Leeuwarden (SG);2008;160259;140847;9241;3676;5565;10171;6502;3669;2
1603;Totaal over alle leeftijden;Totaal bevolking;Leeuwarden (SG);2009;160893;141093;9456;3836;5620;10344;6518;3826;2
1604;Totaal over alle leeftijden;Totaal bevolking;Leeuwarden (SG);2010;161581;141330;9679;4006;5673;10572;6560;4012;2
1605;Totaal over alle leeftijden;Totaal bevolking;Leeuwarden (SG);2011;162277;141576;9912;4173;5739;10789;6594;4195;2
1606;Totaal over alle leeftijden;Totaal bevolking;Leeuwarden (SG);2012;163011;141809;10190;4403;5787;11012;6644;4368;2
1607;Totaal over alle leeftijden;Totaal bevolking;Leeuwarden (SG);2013;163750;142002;10484;4625;5859;11264;6740;4524;2
1608;Totaal over alle leeftijden;Totaal bevolking;Leeuwarden (SG);2014;164485;142155;10765;4832;5933;11565;6861;4704;2
1609;Totaal over alle leeftijden;Totaal bevolking;Leeuwarden (SG);2015;165255;142346;11057;5029;6028;11852;7015;4837;2
1610;Totaal over alle leeftijden;Totaal bevolking;Leeuwarden (SG);2016;166008;142587;11364;5235;6129;12057;7106;4951;2
1611;Totaal over alle leeftijden;Totaal bevolking;Leeuwarden (SG);2017;166730;142699;11640;5418;6222;12391;7291;5100;2
1612;Totaal over alle leeftijden;Totaal bevolking;Leeuwarden (SG);2018;167421;142778;11955;5642;6313;12688;7412;5276;2
1613;Totaal over alle leeftijden;Totaal bevolking;Leeuwarden (SG);2019;168096;142879;12248;5868;6380;12969;7521;5448;2
1614;Totaal over alle leeftijden;Totaal bevolking;Leeuwarden (SG);2020;168755;143037;12449;6072;6377;13269;7700;5569;2
1615;Totaal over alle leeftijden;Totaal bevolking;Leeuwarden (SG);2021;169408;143180;12660;6199;6461;13568;7864;5704;2
1616;Totaal over alle leeftijden;Totaal bevolking;Leeuwarden (SG);2022;170053;143227;12949;6410;6539;13877;8064;5813;2
1617;Totaal over alle leeftijden;Totaal bevolking;Leeuwarden (SG);2023;170645;143293;13222;6608;6614;14130;8181;5949;2
1618;Totaal over alle leeftijden;Totaal bevolking;Leeuwarden (SG);2024;171233;143361;13490;6782;6708;14382;8298;6084;2
1619;Totaal over alle leeftijden;Totaal bevolking;Leeuwarden (SG);2025;171759;143306;13728;6956;6772;14725;8485;6240;2
1620;Totaal over alle leeftijden;Totaal bevolking;Zwolle (SG);2006;168550;148570;9258;3276;5982;10722;6600;4122;3
1621;Totaal over alle leeftijden;Totaal bevolking;Zwolle (SG);2007;169053;148690;9449;3406;6043;10914;6640;4274;3
1622;Totaal over alle leeftijden;Totaal bevolking;Zwolle (SG);2008;169861;149091;9595;3502;6093;11175;6714;4461;3
1623;Totaal over alle leeftijden;Totaal bevolking;Zwolle (SG);2009;170617;149382;9812;3627;6185;11423;6797;4626;3
1624;Totaal over alle leeftijden;Totaal bevolking;Zwolle (SG);2010;171404;149640;10052;3786;6266;11712;6943;4769;3
1625;Totaal over alle leeftijden;Totaal bevolking;Zwolle (SG);2011;172172;149863;10275;3951;6324;12034;7092;4942;3
1626;Totaal over alle leeftijden;Totaal bevolking;Zwolle (SG);2012;172959;150172;10518;4146;6372;12269;7197;5072;3
1627;Totaal over alle leeftijden;Totaal bevolking;Zwolle (SG);2013;173749;150344;10824;4368;6456;12581;7337;5244;3
1628;Totaal over alle leeftijden;Totaal bevolking;Zwolle (SG);2014;174507;150567;11072;4549;6523;12868;7479;5389;3
1629;Totaal over alle leeftijden;Totaal bevolking;Zwolle (SG);2015;175248;150736;11338;4729;6609;13174;7641;5533;3
1630;Totaal over alle leeftijden;Totaal bevolking;Zwolle (SG);2016;175986;150885;11593;4879;6714;13508;7778;5730;3
1631;Totaal over alle leeftijden;Totaal bevolking;Zwolle (SG);2017;176685;150996;11880;5054;6826;13809;7930;5879;3
1632;Totaal over alle leeftijden;Totaal bevolking;Zwolle (SG);2018;177388;151094;12152;5238;6914;14142;8117;6025;3
1633;Totaal over alle leeftijden;Totaal bevolking;Zwolle (SG);2019;178091;151176;12439;5430;7009;14476;8250;6226;3
1634;Totaal over alle leeftijden;Totaal bevolking;Zwolle (SG);2020;178726;151250;12679;5572;7107;14797;8420;6377;3
1635;Totaal over alle leeftijden;Totaal bevolking;Zwolle (SG);2021;179355;151273;12982;5738;7244;15100;8561;6539;3
1636;Totaal over alle leeftijden;Totaal bevolking;Zwolle (SG);2022;179948;151285;13197;5859;7338;15466;8721;6745;3
1637;Totaal over alle leeftijden;Totaal bevolking;Zwolle (SG);2023;180511;151324;13388;5939;7449;15799;8869;6930;3
1638;Totaal over alle leeftijden;Totaal bevolking;Zwolle (SG);2024;181034;151194;13665;6094;7571;16175;9087;7088;3
1639;Totaal over alle leeftijden;Totaal bevolking;Zwolle (SG);2025;181550;151186;13895;6258;7637;16469;9225;7244;3
1640;Totaal over alle leeftijden;Totaal bevolking;Enschede (SG);2006;308755;242526;33146;11736;21410;33083;19237;13846;4
1641;Totaal over alle leeftijden;Totaal bevolking;Enschede (SG);2007;309350;243347;32701;11448;21253;33302;18990;14312;4
1642;Totaal over alle leeftijden;Totaal bevolking;Enschede (SG);2008;310061;244115;32427;11264;21163;33519;18796;14723;4
1643;Totaal over alle leeftijden;Totaal bevolking;Enschede (SG);2009;310727;244874;32088;11116;20972;33765;18617;15148;4
1644;Totaal over alle leeftijden;Totaal bevolking;Enschede (SG);2010;311429;245465;31802;11020;20782;34162;18545;15617;4
1645;Totaal over alle leeftijden;Totaal bevolking;Enschede (SG);2011;312114;245984;31620;10923;20697;34510;18461;16049;4
1646;Totaal over alle leeftijden;Totaal bevolking;Enschede (SG);2012;312824;246481;31451;10895;20556;34892;18408;16484;4
1647;Totaal over alle leeftijden;Totaal bevolking;Enschede (SG);2013;313544;246998;31273;10832;20441;35273;18380;16893;4
1648;Totaal over alle leeftijden;Totaal bevolking;Enschede (SG);2014;314234;247483;31063;10768;20295;35688;18382;17306;4
1649;Totaal over alle leeftijden;Totaal bevolking;Enschede (SG);2015;314865;247975;30859;10711;20148;36031;18391;17640;4
1650;Totaal over alle leeftijden;Totaal bevolking;Enschede (SG);2016;315536;248460;30662;10637;20025;36414;18448;17966;4
1651;Totaal over alle leeftijden;Totaal bevolking;Enschede (SG);2017;316092;248982;30400;10577;19823;36710;18416;18294;4
1652;Totaal over alle leeftijden;Totaal bevolking;Enschede (SG);2018;316759;249482;30222;10520;19702;37055;18384;18671;4
1653;Totaal over alle leeftijden;Totaal bevolking;Enschede (SG);2019;317413;250018;30038;10450;19588;37357;18385;18972;4
1654;Totaal over alle leeftijden;Totaal bevolking;Enschede (SG);2020;318072;250530;29842;10401;19441;37700;18384;19316;4
1655;Totaal over alle leeftijden;Totaal bevolking;Enschede (SG);2021;318684;250952;29701;10327;19374;38031;18422;19609;4
1656;Totaal over alle leeftijden;Totaal bevolking;Enschede (SG);2022;319239;251467;29411;10213;19198;38361;18486;19875;4
1657;Totaal over alle leeftijden;Totaal bevolking;Enschede (SG);2023;319801;251870;29114;10062;19052;38817;18613;20204;4
1658;Totaal over alle leeftijden;Totaal bevolking;Enschede (SG);2024;320306;252192;28880;9983;18897;39234;18723;20511;4
1659;Totaal over alle leeftijden;Totaal bevolking;Enschede (SG);2025;320856;252503;28655;9908;18747;39698;18903;20795;4
1660;Totaal over alle leeftijden;Totaal bevolking;Apeldoorn (SG);2006;212999;184288;15385;5592;9793;13326;7779;5547;5
1661;Totaal over alle leeftijden;Totaal bevolking;Apeldoorn (SG);2007;212981;184054;15261;5487;9774;13666;7836;5830;5
1662;Totaal over alle leeftijden;Totaal bevolking;Apeldoorn (SG);2008;213365;184087;15205;5461;9744;14073;7943;6130;5
1663;Totaal over alle leeftijden;Totaal bevolking;Apeldoorn (SG);2009;213867;184191;15191;5457;9734;14485;8092;6393;5
1664;Totaal over alle leeftijden;Totaal bevolking;Apeldoorn (SG);2010;214277;184192;15185;5455;9730;14900;8214;6686;5
1665;Totaal over alle leeftijden;Totaal bevolking;Apeldoorn (SG);2011;214681;184163;15243;5534;9709;15275;8334;6941;5
1666;Totaal over alle leeftijden;Totaal bevolking;Apeldoorn (SG);2012;215028;184056;15280;5597;9683;15692;8478;7214;5
1667;Totaal over alle leeftijden;Totaal bevolking;Apeldoorn (SG);2013;215398;183908;15364;5681;9683;16126;8626;7500;5
1668;Totaal over alle leeftijden;Totaal bevolking;Apeldoorn (SG);2014;215740;183810;15405;5747;9658;16525;8736;7789;5
1669;Totaal over alle leeftijden;Totaal bevolking;Apeldoorn (SG);2015;216071;183613;15463;5825;9638;16995;8895;8100;5
1670;Totaal over alle leeftijden;Totaal bevolking;Apeldoorn (SG);2016;216375;183424;15524;5850;9674;17427;9066;8361;5
1671;Totaal over alle leeftijden;Totaal bevolking;Apeldoorn (SG);2017;216637;183260;15622;5923;9699;17755;9171;8584;5
1672;Totaal over alle leeftijden;Totaal bevolking;Apeldoorn (SG);2018;216916;183093;15651;5987;9664;18172;9288;8884;5
1673;Totaal over alle leeftijden;Totaal bevolking;Apeldoorn (SG);2019;217169;182925;15659;6003;9656;18585;9447;9138;5
1674;Totaal over alle leeftijden;Totaal bevolking;Apeldoorn (SG);2020;217446;182796;15673;6092;9581;18977;9602;9375;5
1675;Totaal over alle leeftijden;Totaal bevolking;Apeldoorn (SG);2021;217679;182585;15686;6134;9552;19408;9762;9646;5
1676;Totaal over alle leeftijden;Totaal bevolking;Apeldoorn (SG);2022;217884;182342;15770;6197;9573;19772;9899;9873;5
1677;Totaal over alle leeftijden;Totaal bevolking;Apeldoorn (SG);2023;218082;182111;15830;6238;9592;20141;9989;10152;5
1678;Totaal over alle leeftijden;Totaal bevolking;Apeldoorn (SG);2024;218267;181915;15843;6271;9572;20509;10099;10410;5
1679;Totaal over alle leeftijden;Totaal bevolking;Apeldoorn (SG);2025;218407;181639;15898;6314;9584;20870;10201;10669;5
1680;Totaal over alle leeftijden;Totaal bevolking;Arnhem (SG);2006;345304;281376;32480;11659;20821;31448;19177;12271;6
1681;Totaal over alle leeftijden;Totaal bevolking;Arnhem (SG);2007;345592;281488;32347;11630;20717;31757;19054;12703;6
1682;Totaal over alle leeftijden;Totaal bevolking;Arnhem (SG);2008;345948;281717;32247;11559;20688;31984;18892;13092;6
1683;Totaal over alle leeftijden;Totaal bevolking;Arnhem (SG);2009;346345;281735;32267;11607;20660;32343;18758;13585;6
1684;Totaal over alle leeftijden;Totaal bevolking;Arnhem (SG);2010;346765;281766;32293;11679;20614;32706;18683;14023;6
1685;Totaal over alle leeftijden;Totaal bevolking;Arnhem (SG);2011;347196;281749;32357;11720;20637;33090;18648;14442;6
1686;Totaal over alle leeftijden;Totaal bevolking;Arnhem (SG);2012;347624;281760;32420;11821;20599;33444;18604;14840;6
1687;Totaal over alle leeftijden;Totaal bevolking;Arnhem (SG);2013;347990;281603;32534;11933;20601;33853;18658;15195;6
1688;Totaal over alle leeftijden;Totaal bevolking;Arnhem (SG);2014;348325;281418;32736;12051;20685;34171;18584;15587;6
1689;Totaal over alle leeftijden;Totaal bevolking;Arnhem (SG);2015;348599;281366;32764;12166;20598;34469;18510;15959;6
1690;Totaal over alle leeftijden;Totaal bevolking;Arnhem (SG);2016;348935;281230;32873;12319;20554;34832;18523;16309;6
1691;Totaal over alle leeftijden;Totaal bevolking;Arnhem (SG);2017;349129;281162;32843;12375;20468;35124;18497;16627;6
1692;Totaal over alle leeftijden;Totaal bevolking;Arnhem (SG);2018;349406;280963;32946;12518;20428;35497;18578;16919;6
1693;Totaal over alle leeftijden;Totaal bevolking;Arnhem (SG);2019;349623;280815;32943;12540;20403;35865;18690;17175;6
1694;Totaal over alle leeftijden;Totaal bevolking;Arnhem (SG);2020;349821;280664;33006;12640;20366;36151;18754;17397;6
1695;Totaal over alle leeftijden;Totaal bevolking;Arnhem (SG);2021;349979;280548;32945;12670;20275;36486;18813;17673;6
1696;Totaal over alle leeftijden;Totaal bevolking;Arnhem (SG);2022;350109;280409;32948;12773;20175;36752;18773;17979;6
1697;Totaal over alle leeftijden;Totaal bevolking;Arnhem (SG);2023;350234;280300;32859;12770;20089;37075;18833;18242;6
1698;Totaal over alle leeftijden;Totaal bevolking;Arnhem (SG);2024;350282;280158;32877;12856;20021;37247;18812;18435;6
1699;Totaal over alle leeftijden;Totaal bevolking;Arnhem (SG);2025;350394;279987;32919;12961;19958;37488;18804;18684;6
1700;Totaal over alle leeftijden;Totaal bevolking;Nijmegen (SG);2006;276544;224858;28520;10047;18473;23166;13974;9192;7
1701;Totaal over alle leeftijden;Totaal bevolking;Nijmegen (SG);2007;277728;225851;28378;9881;18497;23499;13970;9529;7
1702;Totaal over alle leeftijden;Totaal bevolking;Nijmegen (SG);2008;278999;226897;28217;9719;18498;23885;13965;9920;7
1703;Totaal over alle leeftijden;Totaal bevolking;Nijmegen (SG);2009;280368;228021;28131;9658;18473;24216;13921;10295;7
1704;Totaal over alle leeftijden;Totaal bevolking;Nijmegen (SG);2010;281665;229144;28001;9507;18494;24520;13860;10660;7
1705;Totaal over alle leeftijden;Totaal bevolking;Nijmegen (SG);2011;283029;230250;27959;9458;18501;24820;13885;10935;7
1706;Totaal over alle leeftijden;Totaal bevolking;Nijmegen (SG);2012;284336;231259;27887;9417;18470;25190;13914;11276;7
1707;Totaal over alle leeftijden;Totaal bevolking;Nijmegen (SG);2013;285610;232191;27916;9471;18445;25503;13926;11577;7
1708;Totaal over alle leeftijden;Totaal bevolking;Nijmegen (SG);2014;286885;233151;27890;9478;18412;25844;13985;11859;7
1709;Totaal over alle leeftijden;Totaal bevolking;Nijmegen (SG);2015;288067;234013;27934;9504;18430;26120;14013;12107;7
1710;Totaal over alle leeftijden;Totaal bevolking;Nijmegen (SG);2016;289178;234860;27905;9563;18342;26413;14031;12382;7
1711;Totaal over alle leeftijden;Totaal bevolking;Nijmegen (SG);2017;290249;235552;27941;9619;18322;26756;14067;12689;7
1712;Totaal over alle leeftijden;Totaal bevolking;Nijmegen (SG);2018;291229;236333;27891;9622;18269;27005;14070;12935;7
1713;Totaal over alle leeftijden;Totaal bevolking;Nijmegen (SG);2019;292167;237084;27812;9610;18202;27271;14083;13188;7
1714;Totaal over alle leeftijden;Totaal bevolking;Nijmegen (SG);2020;293080;237771;27724;9603;18121;27585;14151;13434;7
1715;Totaal over alle leeftijden;Totaal bevolking;Nijmegen (SG);2021;293908;238373;27614;9572;18042;27921;14223;13698;7
1716;Totaal over alle leeftijden;Totaal bevolking;Nijmegen (SG);2022;294683;239039;27496;9526;17970;28148;14268;13880;7
1717;Totaal over alle leeftijden;Totaal bevolking;Nijmegen (SG);2023;295407;239618;27405;9510;17895;28384;14339;14045;7
1718;Totaal over alle leeftijden;Totaal bevolking;Nijmegen (SG);2024;296087;240123;27231;9471;17760;28733;14456;14277;7
1719;Totaal over alle leeftijden;Totaal bevolking;Nijmegen (SG);2025;296683;240598;27079;9418;17661;29006;14513;14493;7
1720;Totaal over alle leeftijden;Totaal bevolking;Amersfoort (SG);2006;267629;220451;20312;7543;12769;26866;15812;11054;8
1721;Totaal over alle leeftijden;Totaal bevolking;Amersfoort (SG);2007;268875;221103;20418;7640;12778;27354;15838;11516;8
1722;Totaal over alle leeftijden;Totaal bevolking;Amersfoort (SG);2008;270058;221584;20559;7769;12790;27915;15933;11982;8
1723;Totaal over alle leeftijden;Totaal bevolking;Amersfoort (SG);2009;271142;221996;20707;7857;12850;28439;15979;12460;8
1724;Totaal over alle leeftijden;Totaal bevolking;Amersfoort (SG);2010;272315;222358;20962;8021;12941;28995;16047;12948;8
1725;Totaal over alle leeftijden;Totaal bevolking;Amersfoort (SG);2011;273475;222820;21138;8154;12984;29517;16099;13418;8
1726;Totaal over alle leeftijden;Totaal bevolking;Amersfoort (SG);2012;274626;223087;21408;8369;13039;30131;16214;13917;8
1727;Totaal over alle leeftijden;Totaal bevolking;Amersfoort (SG);2013;275725;223328;21680;8589;13091;30717;16340;14377;8
1728;Totaal over alle leeftijden;Totaal bevolking;Amersfoort (SG);2014;276801;223612;21935;8831;13104;31254;16449;14805;8
1729;Totaal over alle leeftijden;Totaal bevolking;Amersfoort (SG);2015;277815;223896;22183;9024;13159;31736;16535;15201;8
1730;Totaal over alle leeftijden;Totaal bevolking;Amersfoort (SG);2016;278817;224137;22458;9253;13205;32222;16632;15590;8
1731;Totaal over alle leeftijden;Totaal bevolking;Amersfoort (SG);2017;279803;224295;22775;9524;13251;32733;16783;15950;8
1732;Totaal over alle leeftijden;Totaal bevolking;Amersfoort (SG);2018;280781;224506;23061;9771;13290;33214;16860;16354;8
1733;Totaal over alle leeftijden;Totaal bevolking;Amersfoort (SG);2019;281672;224629;23328;10007;13321;33715;16973;16742;8
1734;Totaal over alle leeftijden;Totaal bevolking;Amersfoort (SG);2020;282585;224797;23590;10219;13371;34198;17119;17079;8
1735;Totaal over alle leeftijden;Totaal bevolking;Amersfoort (SG);2021;283389;224869;23845;10421;13424;34675;17274;17401;8
1736;Totaal over alle leeftijden;Totaal bevolking;Amersfoort (SG);2022;284202;224949;24102;10603;13499;35151;17390;17761;8
1737;Totaal over alle leeftijden;Totaal bevolking;Amersfoort (SG);2023;284967;224976;24385;10800;13585;35606;17502;18104;8
1738;Totaal over alle leeftijden;Totaal bevolking;Amersfoort (SG);2024;285670;225026;24643;11024;13619;36001;17586;18415;8
1739;Totaal over alle leeftijden;Totaal bevolking;Amersfoort (SG);2025;286337;224945;24921;11175;13746;36471;17749;18722;8
1740;Totaal over alle leeftijden;Totaal bevolking;Utrecht (SG);2006;572644;436268;51993;20833;31160;84383;47884;36499;9
1741;Totaal over alle leeftijden;Totaal bevolking;Utrecht (SG);2007;576920;438852;51995;20921;31074;86073;48147;37926;9
1742;Totaal over alle leeftijden;Totaal bevolking;Utrecht (SG);2008;581456;441367;52077;21035;31042;88012;48517;39495;9
1743;Totaal over alle leeftijden;Totaal bevolking;Utrecht (SG);2009;586355;444389;52364;21315;31049;89602;48723;40879;9
1744;Totaal over alle leeftijden;Totaal bevolking;Utrecht (SG);2010;589365;445816;52595;21539;31056;90954;48765;42189;9
1745;Totaal over alle leeftijden;Totaal bevolking;Utrecht (SG);2011;592447;447464;52799;21738;31061;92184;48775;43409;9
1746;Totaal over alle leeftijden;Totaal bevolking;Utrecht (SG);2012;595538;448933;53046;21999;31047;93559;48946;44613;9
1747;Totaal over alle leeftijden;Totaal bevolking;Utrecht (SG);2013;598589;450483;53398;22306;31092;94708;49019;45689;9
1748;Totaal over alle leeftijden;Totaal bevolking;Utrecht (SG);2014;601522;452079;53662;22588;31074;95781;49050;46731;9
1749;Totaal over alle leeftijden;Totaal bevolking;Utrecht (SG);2015;604428;453451;53971;22871;31100;97006;49167;47839;9
1750;Totaal over alle leeftijden;Totaal bevolking;Utrecht (SG);2016;607336;454939;54265;23159;31106;98132;49282;48850;9
1751;Totaal over alle leeftijden;Totaal bevolking;Utrecht (SG);2017;610124;456492;54676;23575;31101;98956;49262;49694;9
1752;Totaal over alle leeftijden;Totaal bevolking;Utrecht (SG);2018;612850;457965;54937;23824;31113;99948;49342;50606;9
1753;Totaal over alle leeftijden;Totaal bevolking;Utrecht (SG);2019;615518;459414;55269;24112;31157;100835;49346;51489;9
1754;Totaal over alle leeftijden;Totaal bevolking;Utrecht (SG);2020;618060;460743;55418;24238;31180;101899;49521;52378;9
1755;Totaal over alle leeftijden;Totaal bevolking;Utrecht (SG);2021;620597;462030;55607;24408;31199;102960;49780;53180;9
1756;Totaal over alle leeftijden;Totaal bevolking;Utrecht (SG);2022;623060;463250;55825;24571;31254;103985;49973;54012;9
1757;Totaal over alle leeftijden;Totaal bevolking;Utrecht (SG);2023;625444;464545;56037;24826;31211;104862;50145;54717;9
1758;Totaal over alle leeftijden;Totaal bevolking;Utrecht (SG);2024;627690;465547;56203;24970;31233;105940;50404;55536;9
1759;Totaal over alle leeftijden;Totaal bevolking;Utrecht (SG);2025;629875;466675;56440;25135;31305;106760;50507;56253;9
1760;Totaal over alle leeftijden;Totaal bevolking;Amsterdam (SG);2006;1464412;930180;175663;86857;88806;358569;210856;147713;10
1761;Totaal over alle leeftijden;Totaal bevolking;Amsterdam (SG);2007;1474760;935286;177276;88016;89260;362198;209532;152666;10
1762;Totaal over alle leeftijden;Totaal bevolking;Amsterdam (SG);2008;1484854;940228;178951;89402;89549;365675;208482;157193;10
1763;Totaal over alle leeftijden;Totaal bevolking;Amsterdam (SG);2009;1495378;945132;180983;91208;89775;369263;207677;161586;10
1764;Totaal over alle leeftijden;Totaal bevolking;Amsterdam (SG);2010;1509418;951828;183939;93572;90367;373651;207581;166070;10
1765;Totaal over alle leeftijden;Totaal bevolking;Amsterdam (SG);2011;1523538;958301;187231;96312;90919;378006;207583;170423;10
1766;Totaal over alle leeftijden;Totaal bevolking;Amsterdam (SG);2012;1537723;964432;190789;99262;91527;382502;207963;174539;10
1767;Totaal over alle leeftijden;Totaal bevolking;Amsterdam (SG);2013;1551827;970451;194686;102496;92190;386690;208237;178453;10
1768;Totaal over alle leeftijden;Totaal bevolking;Amsterdam (SG);2014;1565723;976282;198556;105604;92952;390885;208719;182166;10
1769;Totaal over alle leeftijden;Totaal bevolking;Amsterdam (SG);2015;1579299;981821;202245;108613;93632;395233;209341;185892;10
1770;Totaal over alle leeftijden;Totaal bevolking;Amsterdam (SG);2016;1592649;987001;206032;111627;94405;399616;210093;189523;10
1771;Totaal over alle leeftijden;Totaal bevolking;Amsterdam (SG);2017;1605704;992223;209718;114455;95263;403763;210760;193003;10
1772;Totaal over alle leeftijden;Totaal bevolking;Amsterdam (SG);2018;1618465;997198;213361;117210;96151;407906;211484;196422;10
1773;Totaal over alle leeftijden;Totaal bevolking;Amsterdam (SG);2019;1631023;1001936;217120;119957;97163;411967;212263;199704;10
1774;Totaal over alle leeftijden;Totaal bevolking;Amsterdam (SG);2020;1643284;1006535;220908;122721;98187;415841;213008;202833;10
1775;Totaal over alle leeftijden;Totaal bevolking;Amsterdam (SG);2021;1655170;1010979;224477;125425;99052;419714;213643;206071;10
1776;Totaal over alle leeftijden;Totaal bevolking;Amsterdam (SG);2022;1666826;1015051;228157;128099;100058;423618;214428;209190;10
1777;Totaal over alle leeftijden;Totaal bevolking;Amsterdam (SG);2023;1678046;1018965;231851;130749;101102;427230;215019;212211;10
1778;Totaal over alle leeftijden;Totaal bevolking;Amsterdam (SG);2024;1688768;1022482;235595;133367;102228;430691;215488;215203;10
1779;Totaal over alle leeftijden;Totaal bevolking;Amsterdam (SG);2025;1699096;1025717;239257;136039;103218;434122;216057;218065;10
1780;Totaal over alle leeftijden;Totaal bevolking;Haarlem (SG);2006;404957;330755;39588;15454;24134;34614;19757;14857;11
1781;Totaal over alle leeftijden;Totaal bevolking;Haarlem (SG);2007;406208;330579;39992;15573;24419;35637;20013;15624;11
1782;Totaal over alle leeftijden;Totaal bevolking;Haarlem (SG);2008;407722;330419;40540;15828;24712;36763;20365;16398;11
1783;Totaal over alle leeftijden;Totaal bevolking;Haarlem (SG);2009;409149;330231;41042;16064;24978;37876;20734;17142;11
1784;Totaal over alle leeftijden;Totaal bevolking;Haarlem (SG);2010;410196;329708;41636;16411;25225;38852;21000;17852;11
1785;Totaal over alle leeftijden;Totaal bevolking;Haarlem (SG);2011;411261;329117;42322;16851;25471;39822;21248;18574;11
1786;Totaal over alle leeftijden;Totaal bevolking;Haarlem (SG);2012;412381;328587;43000;17262;25738;40794;21535;19259;11
1787;Totaal over alle leeftijden;Totaal bevolking;Haarlem (SG);2013;413445;327885;43774;17753;26021;41786;21786;20000;11
1788;Totaal over alle leeftijden;Totaal bevolking;Haarlem (SG);2014;414493;327161;44559;18266;26293;42773;22101;20672;11
1789;Totaal over alle leeftijden;Totaal bevolking;Haarlem (SG);2015;415534;326517;45271;18752;26519;43746;22406;21340;11
1790;Totaal over alle leeftijden;Totaal bevolking;Haarlem (SG);2016;416619;325770;46001;19194;26807;44848;22796;22052;11
1791;Totaal over alle leeftijden;Totaal bevolking;Haarlem (SG);2017;417717;325226;46693;19607;27086;45798;23115;22683;11
1792;Totaal over alle leeftijden;Totaal bevolking;Haarlem (SG);2018;418746;324607;47351;20039;27312;46788;23461;23327;11
1793;Totaal over alle leeftijden;Totaal bevolking;Haarlem (SG);2019;419838;324025;47982;20461;27521;47831;23804;24027;11
1794;Totaal over alle leeftijden;Totaal bevolking;Haarlem (SG);2020;420999;323474;48584;20818;27766;48941;24176;24765;11
1795;Totaal over alle leeftijden;Totaal bevolking;Haarlem (SG);2021;422114;322857;49235;21260;27975;50022;24573;25449;11
1796;Totaal over alle leeftijden;Totaal bevolking;Haarlem (SG);2022;423235;322389;49731;21631;28100;51115;24993;26122;11
1797;Totaal over alle leeftijden;Totaal bevolking;Haarlem (SG);2023;424500;321968;50380;22094;28286;52152;25388;26764;11
1798;Totaal over alle leeftijden;Totaal bevolking;Haarlem (SG);2024;425763;321520;51053;22485;28568;53190;25804;27386;11
1799;Totaal over alle leeftijden;Totaal bevolking;Haarlem (SG);2025;426965;321057;51593;22882;28711;54315;26172;28143;11
1800;Totaal over alle leeftijden;Totaal bevolking;Leiden (SG);2006;333337;273035;32520;15200;17320;27782;16642;11140;12
1801;Totaal over alle leeftijden;Totaal bevolking;Leiden (SG);2007;334092;272517;33062;15501;17561;28513;16867;11646;12
1802;Totaal over alle leeftijden;Totaal bevolking;Leiden (SG);2008;335171;272271;33623;15754;17869;29277;17083;12194;12
1803;Totaal over alle leeftijden;Totaal bevolking;Leiden (SG);2009;336464;271919;34455;16268;18187;30090;17387;12703;12
1804;Totaal over alle leeftijden;Totaal bevolking;Leiden (SG);2010;337826;271603;35365;16893;18472;30858;17679;13179;12
1805;Totaal over alle leeftijden;Totaal bevolking;Leiden (SG);2011;339174;271223;36358;17582;18776;31593;17928;13665;12
1806;Totaal over alle leeftijden;Totaal bevolking;Leiden (SG);2012;340593;270840;37347;18248;19099;32406;18242;14164;12
1807;Totaal over alle leeftijden;Totaal bevolking;Leiden (SG);2013;342109;270448;38386;19012;19374;33275;18598;14677;12
1808;Totaal over alle leeftijden;Totaal bevolking;Leiden (SG);2014;343548;269985;39475;19786;19689;34088;18920;15168;12
1809;Totaal over alle leeftijden;Totaal bevolking;Leiden (SG);2015;344958;269616;40518;20518;20000;34824;19177;15647;12
1810;Totaal over alle leeftijden;Totaal bevolking;Leiden (SG);2016;346393;269192;41553;21233;20320;35648;19487;16161;12
1811;Totaal over alle leeftijden;Totaal bevolking;Leiden (SG);2017;347841;268678;42595;21906;20689;36568;19894;16674;12
1812;Totaal over alle leeftijden;Totaal bevolking;Leiden (SG);2018;349259;268259;43518;22524;20994;37482;20289;17193;12
1813;Totaal over alle leeftijden;Totaal bevolking;Leiden (SG);2019;350694;267904;44421;23086;21335;38369;20740;17629;12
1814;Totaal over alle leeftijden;Totaal bevolking;Leiden (SG);2020;352172;267489;45358;23686;21672;39325;21147;18178;12
1815;Totaal over alle leeftijden;Totaal bevolking;Leiden (SG);2021;353574;267066;46300;24279;22021;40208;21549;18659;12
1816;Totaal over alle leeftijden;Totaal bevolking;Leiden (SG);2022;354974;266648;47178;24784;22394;41148;21970;19178;12
1817;Totaal over alle leeftijden;Totaal bevolking;Leiden (SG);2023;356428;266270;48067;25292;22775;42091;22412;19679;12
1818;Totaal over alle leeftijden;Totaal bevolking;Leiden (SG);2024;357711;265755;48895;25762;23133;43061;22845;20216;12
1819;Totaal over alle leeftijden;Totaal bevolking;Leiden (SG);2025;359002;265347;49686;26211;23475;43969;23252;20717;12
1820;Totaal over alle leeftijden;Totaal bevolking;'s-Gravenhage (SG);2006;990489;669997;115202;56795;58407;205290;126518;78772;13
1821;Totaal over alle leeftijden;Totaal bevolking;'s-Gravenhage (SG);2007;993620;669454;116286;57634;58652;207880;125863;82017;13
1822;Totaal over alle leeftijden;Totaal bevolking;'s-Gravenhage (SG);2008;997284;668908;117867;58880;58987;210509;125349;85160;13
1823;Totaal over alle leeftijden;Totaal bevolking;'s-Gravenhage (SG);2009;1001138;668065;119725;60456;59269;213348;125083;88265;13
1824;Totaal over alle leeftijden;Totaal bevolking;'s-Gravenhage (SG);2010;1005030;666967;121984;62455;59529;216079;124933;91146;13
1825;Totaal over alle leeftijden;Totaal bevolking;'s-Gravenhage (SG);2011;1009110;665380;124927;64903;60024;218803;124928;93875;13
1826;Totaal over alle leeftijden;Totaal bevolking;'s-Gravenhage (SG);2012;1013282;663785;127938;67460;60478;221559;124999;96560;13
1827;Totaal over alle leeftijden;Totaal bevolking;'s-Gravenhage (SG);2013;1017635;662253;131370;70399;60971;224012;124983;99029;13
1828;Totaal over alle leeftijden;Totaal bevolking;'s-Gravenhage (SG);2014;1021972;660277;134968;73277;61691;226727;125187;101540;13
1829;Totaal over alle leeftijden;Totaal bevolking;'s-Gravenhage (SG);2015;1026305;658341;138587;76188;62399;229377;125430;103947;13
1830;Totaal over alle leeftijden;Totaal bevolking;'s-Gravenhage (SG);2016;1030551;656243;142259;78990;63269;232049;125729;106320;13
1831;Totaal over alle leeftijden;Totaal bevolking;'s-Gravenhage (SG);2017;1034872;654361;145842;81685;64157;234669;126163;108506;13
1832;Totaal over alle leeftijden;Totaal bevolking;'s-Gravenhage (SG);2018;1039171;652326;149621;84433;65188;237224;126502;110722;13
1833;Totaal over alle leeftijden;Totaal bevolking;'s-Gravenhage (SG);2019;1043457;650237;153603;87299;66304;239617;126832;112785;13
1834;Totaal over alle leeftijden;Totaal bevolking;'s-Gravenhage (SG);2020;1047621;648105;157643;90218;67425;241873;127081;114792;13
1835;Totaal over alle leeftijden;Totaal bevolking;'s-Gravenhage (SG);2021;1051752;645733;161644;92972;68672;244375;127562;116813;13
1836;Totaal over alle leeftijden;Totaal bevolking;'s-Gravenhage (SG);2022;1055789;643328;165911;95807;70104;246550;127818;118732;13
1837;Totaal over alle leeftijden;Totaal bevolking;'s-Gravenhage (SG);2023;1059730;640956;169977;98472;71505;248797;128058;120739;13
1838;Totaal over alle leeftijden;Totaal bevolking;'s-Gravenhage (SG);2024;1063478;638661;174175;101173;73002;250642;128020;122622;13
1839;Totaal over alle leeftijden;Totaal bevolking;'s-Gravenhage (SG);2025;1067106;636319;178384;103853;74531;252403;127927;124476;13
1840;Totaal over alle leeftijden;Totaal bevolking;Rotterdam (SG);2006;1183569;803057;105751;49388;56363;274761;159800;114961;14
1841;Totaal over alle leeftijden;Totaal bevolking;Rotterdam (SG);2007;1185048;803226;105750;49177;56573;276072;157542;118530;14
1842;Totaal over alle leeftijden;Totaal bevolking;Rotterdam (SG);2008;1186581;803201;105899;49162;56737;277481;155705;121776;14
1843;Totaal over alle leeftijden;Totaal bevolking;Rotterdam (SG);2009;1188231;803110;106235;49267;56968;278886;154152;124734;14
1844;Totaal over alle leeftijden;Totaal bevolking;Rotterdam (SG);2010;1189989;802938;106782;49547;57235;280269;152801;127468;14
1845;Totaal over alle leeftijden;Totaal bevolking;Rotterdam (SG);2011;1191964;802806;107392;50002;57390;281766;151765;130001;14
1846;Totaal over alle leeftijden;Totaal bevolking;Rotterdam (SG);2012;1194154;802898;108137;50503;57634;283119;150770;132349;14
1847;Totaal over alle leeftijden;Totaal bevolking;Rotterdam (SG);2013;1196512;803199;108850;51028;57822;284463;149870;134593;14
1848;Totaal over alle leeftijden;Totaal bevolking;Rotterdam (SG);2014;1198883;803422;109795;51561;58234;285666;148970;136696;14
1849;Totaal over alle leeftijden;Totaal bevolking;Rotterdam (SG);2015;1201289;803674;110633;52050;58583;286982;148332;138650;14
1850;Totaal over alle leeftijden;Totaal bevolking;Rotterdam (SG);2016;1203820;804388;111394;52536;58858;288038;147554;140484;14
1851;Totaal over alle leeftijden;Totaal bevolking;Rotterdam (SG);2017;1206353;805027;112135;52918;59217;289191;146891;142300;14
1852;Totaal over alle leeftijden;Totaal bevolking;Rotterdam (SG);2018;1208863;805778;112769;53152;59617;290316;146292;144024;14
1853;Totaal over alle leeftijden;Totaal bevolking;Rotterdam (SG);2019;1211474;806641;113443;53465;59978;291390;145740;145650;14
1854;Totaal over alle leeftijden;Totaal bevolking;Rotterdam (SG);2020;1214120;807635;114055;53727;60328;292430;145227;147203;14
1855;Totaal over alle leeftijden;Totaal bevolking;Rotterdam (SG);2021;1216772;808841;114647;53957;60690;293284;144671;148613;14
1856;Totaal over alle leeftijden;Totaal bevolking;Rotterdam (SG);2022;1219496;810094;115297;54272;61025;294105;144023;150082;14
1857;Totaal over alle leeftijden;Totaal bevolking;Rotterdam (SG);2023;1222152;811207;116006;54565;61441;294939;143464;151475;14
1858;Totaal over alle leeftijden;Totaal bevolking;Rotterdam (SG);2024;1224731;812574;116535;54789;61746;295622;142932;152690;14
1859;Totaal over alle leeftijden;Totaal bevolking;Rotterdam (SG);2025;1227212;813871;117146;55112;62034;296195;142317;153878;14
1860;Totaal over alle leeftijden;Totaal bevolking;Dordrecht (SG);2006;290758;236163;22437;8786;13651;32158;18196;13962;15
1861;Totaal over alle leeftijden;Totaal bevolking;Dordrecht (SG);2007;291581;235993;22545;8742;13803;33043;18187;14856;15
1862;Totaal over alle leeftijden;Totaal bevolking;Dordrecht (SG);2008;293862;236764;22836;8815;14021;34262;18388;15874;15
1863;Totaal over alle leeftijden;Totaal bevolking;Dordrecht (SG);2009;296215;237603;23179;8898;14281;35433;18561;16872;15
1864;Totaal over alle leeftijden;Totaal bevolking;Dordrecht (SG);2010;298525;238402;23479;8965;14514;36644;18845;17799;15
1865;Totaal over alle leeftijden;Totaal bevolking;Dordrecht (SG);2011;300859;239221;23714;9021;14693;37924;19124;18800;15
1866;Totaal over alle leeftijden;Totaal bevolking;Dordrecht (SG);2012;303258;240034;24014;9135;14879;39210;19416;19794;15
1867;Totaal over alle leeftijden;Totaal bevolking;Dordrecht (SG);2013;305617;240879;24363;9279;15084;40375;19618;20757;15
1868;Totaal over alle leeftijden;Totaal bevolking;Dordrecht (SG);2014;307999;241704;24672;9388;15284;41623;19884;21739;15
1869;Totaal over alle leeftijden;Totaal bevolking;Dordrecht (SG);2015;310319;242470;25030;9512;15518;42819;20131;22688;15
1870;Totaal over alle leeftijden;Totaal bevolking;Dordrecht (SG);2016;312586;243172;25306;9591;15715;44108;20444;23664;15
1871;Totaal over alle leeftijden;Totaal bevolking;Dordrecht (SG);2017;314823;243919;25623;9677;15946;45281;20693;24588;15
1872;Totaal over alle leeftijden;Totaal bevolking;Dordrecht (SG);2018;316984;244571;25862;9779;16083;46551;20975;25576;15
1873;Totaal over alle leeftijden;Totaal bevolking;Dordrecht (SG);2019;319112;245228;26054;9762;16292;47830;21244;26586;15
1874;Totaal over alle leeftijden;Totaal bevolking;Dordrecht (SG);2020;321232;245874;26337;9849;16488;49021;21492;27529;15
1875;Totaal over alle leeftijden;Totaal bevolking;Dordrecht (SG);2021;323290;246495;26625;9941;16684;50170;21663;28507;15
1876;Totaal over alle leeftijden;Totaal bevolking;Dordrecht (SG);2022;325306;247158;26870;10010;16860;51278;21852;29426;15
1877;Totaal over alle leeftijden;Totaal bevolking;Dordrecht (SG);2023;327255;247716;27146;10123;17023;52393;22086;30307;15
1878;Totaal over alle leeftijden;Totaal bevolking;Dordrecht (SG);2024;329137;248261;27424;10194;17230;53452;22240;31212;15
1879;Totaal over alle leeftijden;Totaal bevolking;Dordrecht (SG);2025;330875;248733;27664;10235;17429;54478;22421;32057;15
1880;Totaal over alle leeftijden;Totaal bevolking;Breda (SG);2006;309161;255823;27106;10149;16957;26232;14856;11376;16
1881;Totaal over alle leeftijden;Totaal bevolking;Breda (SG);2007;310423;256485;27152;10170;16982;26786;14993;11793;16
1882;Totaal over alle leeftijden;Totaal bevolking;Breda (SG);2008;312070;257334;27370;10332;17038;27366;15129;12237;16
1883;Totaal over alle leeftijden;Totaal bevolking;Breda (SG);2009;313453;257986;27486;10453;17033;27981;15319;12662;16
1884;Totaal over alle leeftijden;Totaal bevolking;Breda (SG);2010;315167;258775;27756;10715;17041;28636;15528;13108;16
1885;Totaal over alle leeftijden;Totaal bevolking;Breda (SG);2011;316877;259558;27989;10965;17024;29330;15788;13542;16
1886;Totaal over alle leeftijden;Totaal bevolking;Breda (SG);2012;318561;260220;28321;11243;17078;30020;16018;14002;16
1887;Totaal over alle leeftijden;Totaal bevolking;Breda (SG);2013;320253;260922;28691;11558;17133;30640;16197;14443;16
1888;Totaal over alle leeftijden;Totaal bevolking;Breda (SG);2014;321870;261579;28995;11817;17178;31296;16470;14826;16
1889;Totaal over alle leeftijden;Totaal bevolking;Breda (SG);2015;323467;262241;29284;12108;17176;31942;16712;15230;16
1890;Totaal over alle leeftijden;Totaal bevolking;Breda (SG);2016;325001;262687;29704;12419;17285;32610;16991;15619;16
1891;Totaal over alle leeftijden;Totaal bevolking;Breda (SG);2017;326478;263142;30079;12707;17372;33257;17202;16055;16
1892;Totaal over alle leeftijden;Totaal bevolking;Breda (SG);2018;327833;263441;30411;12931;17480;33981;17480;16501;16
1893;Totaal over alle leeftijden;Totaal bevolking;Breda (SG);2019;329173;263930;30694;13176;17518;34549;17671;16878;16
1894;Totaal over alle leeftijden;Totaal bevolking;Breda (SG);2020;330479;264350;30945;13344;17601;35184;17878;17306;16
1895;Totaal over alle leeftijden;Totaal bevolking;Breda (SG);2021;331680;264674;31220;13593;17627;35786;18090;17696;16
1896;Totaal over alle leeftijden;Totaal bevolking;Breda (SG);2022;332837;264867;31561;13812;17749;36409;18350;18059;16
1897;Totaal over alle leeftijden;Totaal bevolking;Breda (SG);2023;333934;265016;31883;14026;17857;37035;18600;18435;16
1898;Totaal over alle leeftijden;Totaal bevolking;Breda (SG);2024;334916;265185;32103;14184;17919;37628;18840;18788;16
1899;Totaal over alle leeftijden;Totaal bevolking;Breda (SG);2025;335794;265234;32309;14300;18009;38251;19087;19164;16
1900;Totaal over alle leeftijden;Totaal bevolking;Tilburg (SG);2006;287714;236233;21514;7795;13719;29967;17251;12716;17
1901;Totaal over alle leeftijden;Totaal bevolking;Tilburg (SG);2007;288951;237037;21626;7805;13821;30288;17021;13267;17
1902;Totaal over alle leeftijden;Totaal bevolking;Tilburg (SG);2008;290679;238198;21731;7784;13947;30750;16895;13855;17
1903;Totaal over alle leeftijden;Totaal bevolking;Tilburg (SG);2009;292130;238985;21856;7777;14079;31289;16830;14459;17
1904;Totaal over alle leeftijden;Totaal bevolking;Tilburg (SG);2010;293921;240120;22049;7852;14197;31752;16776;14976;17
1905;Totaal over alle leeftijden;Totaal bevolking;Tilburg (SG);2011;295711;241294;22231;7916;14315;32186;16716;15470;17
1906;Totaal over alle leeftijden;Totaal bevolking;Tilburg (SG);2012;297422;242373;22357;8027;14330;32692;16653;16039;17
1907;Totaal over alle leeftijden;Totaal bevolking;Tilburg (SG);2013;299108;243309;22558;8148;14410;33241;16660;16581;17
1908;Totaal over alle leeftijden;Totaal bevolking;Tilburg (SG);2014;300799;244176;22839;8316;14523;33784;16692;17092;17
1909;Totaal over alle leeftijden;Totaal bevolking;Tilburg (SG);2015;302380;245149;23045;8431;14614;34186;16663;17523;17
1910;Totaal over alle leeftijden;Totaal bevolking;Tilburg (SG);2016;303902;246085;23211;8471;14740;34606;16672;17934;17
1911;Totaal over alle leeftijden;Totaal bevolking;Tilburg (SG);2017;305342;246885;23342;8534;14808;35115;16705;18410;17
1912;Totaal over alle leeftijden;Totaal bevolking;Tilburg (SG);2018;306723;247610;23529;8597;14932;35584;16811;18773;17
1913;Totaal over alle leeftijden;Totaal bevolking;Tilburg (SG);2019;308041;248429;23641;8649;14992;35971;16845;19126;17
1914;Totaal over alle leeftijden;Totaal bevolking;Tilburg (SG);2020;309297;249158;23754;8742;15012;36385;16827;19558;17
1915;Totaal over alle leeftijden;Totaal bevolking;Tilburg (SG);2021;310429;249748;23862;8807;15055;36819;16875;19944;17
1916;Totaal over alle leeftijden;Totaal bevolking;Tilburg (SG);2022;311503;250251;23938;8842;15096;37314;16996;20318;17
1917;Totaal over alle leeftijden;Totaal bevolking;Tilburg (SG);2023;312553;250768;23997;8868;15129;37788;17101;20687;17
1918;Totaal over alle leeftijden;Totaal bevolking;Tilburg (SG);2024;313478;251188;24058;8911;15147;38232;17206;21026;17
1919;Totaal over alle leeftijden;Totaal bevolking;Tilburg (SG);2025;314298;251612;24096;8912;15184;38590;17226;21364;17
1920;Totaal over alle leeftijden;Totaal bevolking;'s-Hertogenbosch (SG);2006;186042;156579;14714;5391;9323;14749;8434;6315;18
1921;Totaal over alle leeftijden;Totaal bevolking;'s-Hertogenbosch (SG);2007;185975;156420;14592;5335;9257;14963;8454;6509;18
1922;Totaal over alle leeftijden;Totaal bevolking;'s-Hertogenbosch (SG);2008;186133;156424;14506;5326;9180;15203;8487;6716;18
1923;Totaal over alle leeftijden;Totaal bevolking;'s-Hertogenbosch (SG);2009;186207;156244;14497;5354;9143;15466;8533;6933;18
1924;Totaal over alle leeftijden;Totaal bevolking;'s-Hertogenbosch (SG);2010;186392;156152;14537;5391;9146;15703;8578;7125;18
1925;Totaal over alle leeftijden;Totaal bevolking;'s-Hertogenbosch (SG);2011;186581;156055;14605;5456;9149;15921;8576;7345;18
1926;Totaal over alle leeftijden;Totaal bevolking;'s-Hertogenbosch (SG);2012;186705;155926;14636;5490;9146;16143;8621;7522;18
1927;Totaal over alle leeftijden;Totaal bevolking;'s-Hertogenbosch (SG);2013;186834;155746;14648;5547;9101;16440;8754;7686;18
1928;Totaal over alle leeftijden;Totaal bevolking;'s-Hertogenbosch (SG);2014;186966;155553;14729;5619;9110;16684;8814;7870;18
1929;Totaal over alle leeftijden;Totaal bevolking;'s-Hertogenbosch (SG);2015;187040;155295;14840;5683;9157;16905;8840;8065;18
1930;Totaal over alle leeftijden;Totaal bevolking;'s-Hertogenbosch (SG);2016;187093;155069;14902;5742;9160;17122;8889;8233;18
1931;Totaal over alle leeftijden;Totaal bevolking;'s-Hertogenbosch (SG);2017;187161;154887;14933;5775;9158;17341;8959;8382;18
1932;Totaal over alle leeftijden;Totaal bevolking;'s-Hertogenbosch (SG);2018;187176;154615;15011;5824;9187;17550;9009;8541;18
1933;Totaal over alle leeftijden;Totaal bevolking;'s-Hertogenbosch (SG);2019;187176;154253;15120;5899;9221;17803;9066;8737;18
1934;Totaal over alle leeftijden;Totaal bevolking;'s-Hertogenbosch (SG);2020;187171;153984;15186;5960;9226;18001;9159;8842;18
1935;Totaal over alle leeftijden;Totaal bevolking;'s-Hertogenbosch (SG);2021;187159;153666;15296;6023;9273;18197;9203;8994;18
1936;Totaal over alle leeftijden;Totaal bevolking;'s-Hertogenbosch (SG);2022;187152;153360;15316;6022;9294;18476;9310;9166;18
1937;Totaal over alle leeftijden;Totaal bevolking;'s-Hertogenbosch (SG);2023;187087;153067;15371;6052;9319;18649;9339;9310;18
1938;Totaal over alle leeftijden;Totaal bevolking;'s-Hertogenbosch (SG);2024;187039;152777;15403;6080;9323;18859;9389;9470;18
1939;Totaal over alle leeftijden;Totaal bevolking;'s-Hertogenbosch (SG);2025;186962;152370;15466;6111;9355;19126;9487;9639;18
1940;Totaal over alle leeftijden;Totaal bevolking;Eindhoven (SG);2006;404330;324407;41388;16161;25227;38535;22875;15660;19
1941;Totaal over alle leeftijden;Totaal bevolking;Eindhoven (SG);2007;404238;323908;41451;16286;25165;38879;22655;16224;19
1942;Totaal over alle leeftijden;Totaal bevolking;Eindhoven (SG);2008;403587;323055;41448;16311;25137;39084;22379;16705;19
1943;Totaal over alle leeftijden;Totaal bevolking;Eindhoven (SG);2009;403002;322179;41504;16398;25106;39319;22143;17176;19
1944;Totaal over alle leeftijden;Totaal bevolking;Eindhoven (SG);2010;402284;320970;41676;16668;25008;39638;21998;17640;19
1945;Totaal over alle leeftijden;Totaal bevolking;Eindhoven (SG);2011;401573;319811;41862;16945;24917;39900;21829;18071;19
1946;Totaal over alle leeftijden;Totaal bevolking;Eindhoven (SG);2012;400812;318739;42065;17282;24783;40008;21623;18385;19
1947;Totaal over alle leeftijden;Totaal bevolking;Eindhoven (SG);2013;400030;317437;42335;17627;24708;40258;21478;18780;19
1948;Totaal over alle leeftijden;Totaal bevolking;Eindhoven (SG);2014;399287;316047;42668;18068;24600;40572;21459;19113;19
1949;Totaal over alle leeftijden;Totaal bevolking;Eindhoven (SG);2015;398473;314669;42882;18372;24510;40922;21440;19482;19
1950;Totaal over alle leeftijden;Totaal bevolking;Eindhoven (SG);2016;397621;313239;43162;18698;24464;41220;21432;19788;19
1951;Totaal over alle leeftijden;Totaal bevolking;Eindhoven (SG);2017;396810;311878;43336;18953;24383;41596;21450;20146;19
1952;Totaal over alle leeftijden;Totaal bevolking;Eindhoven (SG);2018;395943;310525;43474;19076;24398;41944;21534;20410;19
1953;Totaal over alle leeftijden;Totaal bevolking;Eindhoven (SG);2019;395061;309193;43654;19287;24367;42214;21545;20669;19
1954;Totaal over alle leeftijden;Totaal bevolking;Eindhoven (SG);2020;394095;307871;43668;19337;24331;42556;21629;20927;19
1955;Totaal over alle leeftijden;Totaal bevolking;Eindhoven (SG);2021;393191;306641;43687;19411;24276;42863;21655;21208;19
1956;Totaal over alle leeftijden;Totaal bevolking;Eindhoven (SG);2022;392296;305436;43765;19520;24245;43095;21628;21467;19
1957;Totaal over alle leeftijden;Totaal bevolking;Eindhoven (SG);2023;391358;304173;43762;19574;24188;43423;21646;21777;19
1958;Totaal over alle leeftijden;Totaal bevolking;Eindhoven (SG);2024;390487;302916;43829;19668;24161;43742;21689;22053;19
1959;Totaal over alle leeftijden;Totaal bevolking;Eindhoven (SG);2025;389611;301620;43828;19731;24097;44163;21839;22324;19
1960;Totaal over alle leeftijden;Totaal bevolking;Geleen/Sittard (SG);2006;153114;124566;21805;6166;15639;6743;4173;2570;20
1961;Totaal over alle leeftijden;Totaal bevolking;Geleen/Sittard (SG);2007;152266;124218;21307;5891;15416;6741;4117;2624;20
1962;Totaal over alle leeftijden;Totaal bevolking;Geleen/Sittard (SG);2008;151446;123855;20847;5643;15204;6744;4033;2711;20
1963;Totaal over alle leeftijden;Totaal bevolking;Geleen/Sittard (SG);2009;150691;123398;20505;5468;15037;6788;3998;2790;20
1964;Totaal over alle leeftijden;Totaal bevolking;Geleen/Sittard (SG);2010;149933;123006;20093;5277;14816;6834;3947;2887;20
1965;Totaal over alle leeftijden;Totaal bevolking;Geleen/Sittard (SG);2011;149183;122500;19789;5178;14611;6894;3932;2962;20
1966;Totaal over alle leeftijden;Totaal bevolking;Geleen/Sittard (SG);2012;148451;122062;19440;5079;14361;6949;3925;3024;20
1967;Totaal over alle leeftijden;Totaal bevolking;Geleen/Sittard (SG);2013;147677;121555;19106;4972;14134;7016;3913;3103;20
1968;Totaal over alle leeftijden;Totaal bevolking;Geleen/Sittard (SG);2014;146936;120996;18826;4888;13938;7114;3928;3186;20
1969;Totaal over alle leeftijden;Totaal bevolking;Geleen/Sittard (SG);2015;146216;120514;18522;4778;13744;7180;3929;3251;20
1970;Totaal over alle leeftijden;Totaal bevolking;Geleen/Sittard (SG);2016;145453;120014;18221;4703;13518;7218;3915;3303;20
1971;Totaal over alle leeftijden;Totaal bevolking;Geleen/Sittard (SG);2017;144698;119509;17929;4625;13304;7260;3896;3364;20
1972;Totaal over alle leeftijden;Totaal bevolking;Geleen/Sittard (SG);2018;143947;118968;17591;4497;13094;7388;3940;3448;20
1973;Totaal over alle leeftijden;Totaal bevolking;Geleen/Sittard (SG);2019;143214;118429;17310;4423;12887;7475;3966;3509;20
1974;Totaal over alle leeftijden;Totaal bevolking;Geleen/Sittard (SG);2020;142459;117878;17011;4336;12675;7570;3988;3582;20
1975;Totaal over alle leeftijden;Totaal bevolking;Geleen/Sittard (SG);2021;141750;117354;16727;4245;12482;7669;4034;3635;20
1976;Totaal over alle leeftijden;Totaal bevolking;Geleen/Sittard (SG);2022;140976;116841;16377;4139;12238;7758;4046;3712;20
1977;Totaal over alle leeftijden;Totaal bevolking;Geleen/Sittard (SG);2023;140253;116298;16083;4084;11999;7872;4086;3786;20
1978;Totaal over alle leeftijden;Totaal bevolking;Geleen/Sittard (SG);2024;139472;115683;15818;4011;11807;7971;4123;3848;20
1979;Totaal over alle leeftijden;Totaal bevolking;Geleen/Sittard (SG);2025;138714;115174;15511;3908;11603;8029;4166;3863;20
1980;Totaal over alle leeftijden;Totaal bevolking;Heerlen (SG);2006;256932;192158;53612;17656;35956;11162;6783;4379;21
1981;Totaal over alle leeftijden;Totaal bevolking;Heerlen (SG);2007;254509;190950;52325;16938;35387;11234;6683;4551;21
1982;Totaal over alle leeftijden;Totaal bevolking;Heerlen (SG);2008;252194;189904;50976;16237;34739;11314;6629;4685;21
1983;Totaal over alle leeftijden;Totaal bevolking;Heerlen (SG);2009;249994;188834;49753;15639;34114;11407;6564;4843;21
1984;Totaal over alle leeftijden;Totaal bevolking;Heerlen (SG);2010;247897;187666;48672;15147;33525;11559;6554;5005;21
1985;Totaal over alle leeftijden;Totaal bevolking;Heerlen (SG);2011;245835;186580;47609;14718;32891;11646;6513;5133;21
1986;Totaal over alle leeftijden;Totaal bevolking;Heerlen (SG);2012;243836;185398;46641;14341;32300;11797;6549;5248;21
1987;Totaal over alle leeftijden;Totaal bevolking;Heerlen (SG);2013;241797;184372;45502;13920;31582;11923;6542;5381;21
1988;Totaal over alle leeftijden;Totaal bevolking;Heerlen (SG);2014;239859;183352;44494;13555;30939;12013;6486;5527;21
1989;Totaal over alle leeftijden;Totaal bevolking;Heerlen (SG);2015;237959;182380;43488;13180;30308;12091;6452;5639;21
1990;Totaal over alle leeftijden;Totaal bevolking;Heerlen (SG);2016;236040;181412;42437;12747;29690;12191;6445;5746;21
1991;Totaal over alle leeftijden;Totaal bevolking;Heerlen (SG);2017;234154;180404;41454;12344;29110;12296;6459;5837;21
1992;Totaal over alle leeftijden;Totaal bevolking;Heerlen (SG);2018;232290;179450;40497;12011;28486;12343;6407;5936;21
1993;Totaal over alle leeftijden;Totaal bevolking;Heerlen (SG);2019;230479;178537;39506;11618;27888;12436;6431;6005;21
1994;Totaal over alle leeftijden;Totaal bevolking;Heerlen (SG);2020;228658;177639;38593;11315;27278;12426;6388;6038;21
1995;Totaal over alle leeftijden;Totaal bevolking;Heerlen (SG);2021;226962;176819;37670;11008;26662;12473;6400;6073;21
1996;Totaal over alle leeftijden;Totaal bevolking;Heerlen (SG);2022;225184;175999;36639;10639;26000;12546;6395;6151;21
1997;Totaal over alle leeftijden;Totaal bevolking;Heerlen (SG);2023;223452;175150;35705;10356;25349;12597;6383;6214;21
1998;Totaal over alle leeftijden;Totaal bevolking;Heerlen (SG);2024;221744;174243;34820;10058;24762;12681;6420;6261;21
1999;Totaal over alle leeftijden;Totaal bevolking;Heerlen (SG);2025;220099;173362;33953;9819;24134;12784;6438;6346;21
2000;Totaal over alle leeftijden;Totaal bevolking;Maastricht (SG);2006;183084;149247;23712;9203;14509;10125;6417;3708;22
2001;Totaal over alle leeftijden;Totaal bevolking;Maastricht (SG);2007;182144;148572;23287;9008;14279;10285;6396;3889;22
2002;Totaal over alle leeftijden;Totaal bevolking;Maastricht (SG);2008;181335;147804;23055;8887;14168;10476;6359;4117;22
2003;Totaal over alle leeftijden;Totaal bevolking;Maastricht (SG);2009;180571;147119;22809;8793;14016;10643;6356;4287;22
2004;Totaal over alle leeftijden;Totaal bevolking;Maastricht (SG);2010;179870;146457;22593;8722;13871;10820;6382;4438;22
2005;Totaal over alle leeftijden;Totaal bevolking;Maastricht (SG);2011;179238;145748;22474;8750;13724;11016;6443;4573;22
2006;Totaal over alle leeftijden;Totaal bevolking;Maastricht (SG);2012;178628;145036;22349;8776;13573;11243;6473;4770;22
2007;Totaal over alle leeftijden;Totaal bevolking;Maastricht (SG);2013;177983;144367;22180;8777;13403;11436;6515;4921;22
2008;Totaal over alle leeftijden;Totaal bevolking;Maastricht (SG);2014;177386;143625;22012;8747;13265;11749;6620;5129;22
2009;Totaal over alle leeftijden;Totaal bevolking;Maastricht (SG);2015;176786;142916;21867;8709;13158;12003;6751;5252;22
2010;Totaal over alle leeftijden;Totaal bevolking;Maastricht (SG);2016;176137;142204;21688;8683;13005;12245;6839;5406;22
2011;Totaal over alle leeftijden;Totaal bevolking;Maastricht (SG);2017;175524;141396;21552;8705;12847;12576;6985;5591;22
2012;Totaal over alle leeftijden;Totaal bevolking;Maastricht (SG);2018;174902;140772;21313;8647;12666;12817;7098;5719;22
2013;Totaal over alle leeftijden;Totaal bevolking;Maastricht (SG);2019;174300;140040;21159;8632;12527;13101;7232;5869;22
2014;Totaal over alle leeftijden;Totaal bevolking;Maastricht (SG);2020;173661;139392;20899;8570;12329;13370;7346;6024;22
2015;Totaal over alle leeftijden;Totaal bevolking;Maastricht (SG);2021;173042;138724;20652;8461;12191;13666;7458;6208;22
2016;Totaal over alle leeftijden;Totaal bevolking;Maastricht (SG);2022;172367;137978;20384;8336;12048;14005;7608;6397;22
2017;Totaal over alle leeftijden;Totaal bevolking;Maastricht (SG);2023;171684;137216;20180;8267;11913;14288;7699;6589;22
2018;Totaal over alle leeftijden;Totaal bevolking;Maastricht (SG);2024;170971;136456;19944;8163;11781;14571;7862;6709;22
2019;Totaal over alle leeftijden;Totaal bevolking;Maastricht (SG);2025;170263;135638;19707;8050;11657;14918;8044;6874;22
2020;Totaal over alle leeftijden;Totaal bevolking;Aa en Hunze;2006;24954;23709;916;332;584;329;198;131;1680
2021;Totaal over alle leeftijden;Totaal bevolking;Aa en Hunze;2007;24785;23550;899;333;566;336;211;125;1680
2022;Totaal over alle leeftijden;Totaal bevolking;Aa en Hunze;2008;24550;23320;876;332;544;354;229;125;1680
2023;Totaal over alle leeftijden;Totaal bevolking;Aa en Hunze;2009;24283;23075;847;332;515;361;248;113;1680
2024;Totaal over alle leeftijden;Totaal bevolking;Aa en Hunze;2010;24018;22811;843;342;501;364;261;103;1680
2025;Totaal over alle leeftijden;Totaal bevolking;Aa en Hunze;2011;23757;22552;839;346;493;366;269;97;1680
2026;Totaal over alle leeftijden;Totaal bevolking;Aa en Hunze;2012;23506;22278;847;353;494;381;284;97;1680
2027;Totaal over alle leeftijden;Totaal bevolking;Aa en Hunze;2013;23260;22009;853;357;496;398;304;94;1680
2028;Totaal over alle leeftijden;Totaal bevolking;Aa en Hunze;2014;23031;21766;851;362;489;414;321;93;1680
2029;Totaal over alle leeftijden;Totaal bevolking;Aa en Hunze;2015;22808;21540;842;368;474;426;337;89;1680
2030;Totaal over alle leeftijden;Totaal bevolking;Aa en Hunze;2016;22588;21310;837;387;450;441;351;90;1680
2031;Totaal over alle leeftijden;Totaal bevolking;Aa en Hunze;2017;22370;21092;836;400;436;442;358;84;1680
2032;Totaal over alle leeftijden;Totaal bevolking;Aa en Hunze;2018;22166;20874;852;422;430;440;353;87;1680
2033;Totaal over alle leeftijden;Totaal bevolking;Aa en Hunze;2019;21965;20663;845;437;408;457;369;88;1680
2034;Totaal over alle leeftijden;Totaal bevolking;Aa en Hunze;2020;21782;20444;868;471;397;470;393;77;1680
2035;Totaal over alle leeftijden;Totaal bevolking;Aa en Hunze;2021;21611;20219;892;503;389;500;425;75;1680
2036;Totaal over alle leeftijden;Totaal bevolking;Aa en Hunze;2022;21449;20008;907;525;382;534;457;77;1680
2037;Totaal over alle leeftijden;Totaal bevolking;Aa en Hunze;2023;21293;19803;929;543;386;561;481;80;1680
2038;Totaal over alle leeftijden;Totaal bevolking;Aa en Hunze;2024;21140;19621;936;565;371;583;502;81;1680
2039;Totaal over alle leeftijden;Totaal bevolking;Aa en Hunze;2025;20993;19444;946;582;364;603;521;82;1680
2040;Totaal over alle leeftijden;Totaal bevolking;Aalburg;2006;12297;11787;371;124;247;139;91;48;738
2041;Totaal over alle leeftijden;Totaal bevolking;Aalburg;2007;12335;11790;394;126;268;151;100;51;738
2042;Totaal over alle leeftijden;Totaal bevolking;Aalburg;2008;12333;11759;417;133;284;157;104;53;738
2043;Totaal over alle leeftijden;Totaal bevolking;Aalburg;2009;12333;11727;437;138;299;169;111;58;738
2044;Totaal over alle leeftijden;Totaal bevolking;Aalburg;2010;12331;11687;469;147;322;175;116;59;738
2045;Totaal over alle leeftijden;Totaal bevolking;Aalburg;2011;12326;11649;487;151;336;190;125;65;738
2046;Totaal over alle leeftijden;Totaal bevolking;Aalburg;2012;12307;11589;507;159;348;211;139;72;738
2047;Totaal over alle leeftijden;Totaal bevolking;Aalburg;2013;12305;11544;533;170;363;228;150;78;738
2048;Totaal over alle leeftijden;Totaal bevolking;Aalburg;2014;12293;11503;559;179;380;231;150;81;738
2049;Totaal over alle leeftijden;Totaal bevolking;Aalburg;2015;12275;11446;588;184;404;241;161;80;738
2050;Totaal over alle leeftijden;Totaal bevolking;Aalburg;2016;12258;11401;609;200;409;248;162;86;738
2051;Totaal over alle leeftijden;Totaal bevolking;Aalburg;2017;12242;11364;621;204;417;257;168;89;738
2052;Totaal over alle leeftijden;Totaal bevolking;Aalburg;2018;12214;11304;639;209;430;271;170;101;738
2053;Totaal over alle leeftijden;Totaal bevolking;Aalburg;2019;12186;11255;661;217;444;270;168;102;738
2054;Totaal over alle leeftijden;Totaal bevolking;Aalburg;2020;12162;11223;668;217;451;271;164;107;738
2055;Totaal over alle leeftijden;Totaal bevolking;Aalburg;2021;12143;11172;694;230;464;277;167;110;738
2056;Totaal over alle leeftijden;Totaal bevolking;Aalburg;2022;12114;11122;702;238;464;290;170;120;738
2057;Totaal over alle leeftijden;Totaal bevolking;Aalburg;2023;12088;11073;722;239;483;293;169;124;738
2058;Totaal over alle leeftijden;Totaal bevolking;Aalburg;2024;12051;11024;722;234;488;305;180;125;738
2059;Totaal over alle leeftijden;Totaal bevolking;Aalburg;2025;12010;10969;725;236;489;316;186;130;738
2060;Totaal over alle leeftijden;Totaal bevolking;Aalsmeer;2006;23048;20157;1895;965;930;996;607;389;358
2061;Totaal over alle leeftijden;Totaal bevolking;Aalsmeer;2007;23068;20067;1970;1019;951;1031;633;398;358
2062;Totaal over alle leeftijden;Totaal bevolking;Aalsmeer;2008;23087;19953;2056;1077;979;1078;664;414;358
2063;Totaal over alle leeftijden;Totaal bevolking;Aalsmeer;2009;23100;19795;2180;1159;1021;1125;704;421;358
2064;Totaal over alle leeftijden;Totaal bevolking;Aalsmeer;2010;23177;19692;2309;1263;1046;1176;747;429;358
2065;Totaal over alle leeftijden;Totaal bevolking;Aalsmeer;2011;23255;19617;2392;1337;1055;1246;804;442;358
2066;Totaal over alle leeftijden;Totaal bevolking;Aalsmeer;2012;23332;19523;2531;1447;1084;1278;828;450;358
2067;Totaal over alle leeftijden;Totaal bevolking;Aalsmeer;2013;23406;19437;2637;1542;1095;1332;867;465;358
2068;Totaal over alle leeftijden;Totaal bevolking;Aalsmeer;2014;23473;19333;2752;1622;1130;1388;917;471;358
2069;Totaal over alle leeftijden;Totaal bevolking;Aalsmeer;2015;23531;19197;2888;1725;1163;1446;964;482;358
2070;Totaal over alle leeftijden;Totaal bevolking;Aalsmeer;2016;23586;19096;2987;1804;1183;1503;1017;486;358
2071;Totaal over alle leeftijden;Totaal bevolking;Aalsmeer;2017;23641;19012;3069;1878;1191;1560;1061;499;358
2072;Totaal over alle leeftijden;Totaal bevolking;Aalsmeer;2018;23677;18912;3147;1942;1205;1618;1108;510;358
2073;Totaal over alle leeftijden;Totaal bevolking;Aalsmeer;2019;23712;18808;3198;1968;1230;1706;1184;522;358
2074;Totaal over alle leeftijden;Totaal bevolking;Aalsmeer;2020;23722;18701;3250;1992;1258;1771;1236;535;358
2075;Totaal over alle leeftijden;Totaal bevolking;Aalsmeer;2021;23729;18637;3270;1992;1278;1822;1269;553;358
2076;Totaal over alle leeftijden;Totaal bevolking;Aalsmeer;2022;23740;18524;3307;2017;1290;1909;1349;560;358
2077;Totaal over alle leeftijden;Totaal bevolking;Aalsmeer;2023;23736;18436;3333;2044;1289;1967;1392;575;358
2078;Totaal over alle leeftijden;Totaal bevolking;Aalsmeer;2024;23723;18317;3380;2063;1317;2026;1447;579;358
2079;Totaal over alle leeftijden;Totaal bevolking;Aalsmeer;2025;23708;18203;3407;2061;1346;2098;1505;593;358
2080;Totaal over alle leeftijden;Totaal bevolking;Aalten;2006;27523;23936;2646;1056;1590;941;583;358;197
2081;Totaal over alle leeftijden;Totaal bevolking;Aalten;2007;27542;23904;2666;1052;1614;972;594;378;197
2082;Totaal over alle leeftijden;Totaal bevolking;Aalten;2008;27522;23850;2671;1054;1617;1001;607;394;197
2083;Totaal over alle leeftijden;Totaal bevolking;Aalten;2009;27492;23791;2683;1052;1631;1018;620;398;197
2084;Totaal over alle leeftijden;Totaal bevolking;Aalten;2010;27445;23732;2662;1034;1628;1051;631;420;197
2085;Totaal over alle leeftijden;Totaal bevolking;Aalten;2011;27405;23632;2684;1028;1656;1089;659;430;197
2086;Totaal over alle leeftijden;Totaal bevolking;Aalten;2012;27334;23517;2704;1037;1667;1113;682;431;197
2087;Totaal over alle leeftijden;Totaal bevolking;Aalten;2013;27291;23454;2703;1026;1677;1134;686;448;197
2088;Totaal over alle leeftijden;Totaal bevolking;Aalten;2014;27250;23343;2725;1033;1692;1182;712;470;197
2089;Totaal over alle leeftijden;Totaal bevolking;Aalten;2015;27203;23266;2724;1031;1693;1213;734;479;197
2090;Totaal over alle leeftijden;Totaal bevolking;Aalten;2016;27134;23208;2681;1000;1681;1245;749;496;197
2091;Totaal over alle leeftijden;Totaal bevolking;Aalten;2017;27059;23110;2683;998;1685;1266;764;502;197
2092;Totaal over alle leeftijden;Totaal bevolking;Aalten;2018;26997;23027;2674;985;1689;1296;783;513;197
2093;Totaal over alle leeftijden;Totaal bevolking;Aalten;2019;26925;22926;2694;987;1707;1305;787;518;197
2094;Totaal over alle leeftijden;Totaal bevolking;Aalten;2020;26907;22847;2728;987;1741;1332;802;530;197
2095;Totaal over alle leeftijden;Totaal bevolking;Aalten;2021;26850;22762;2743;987;1756;1345;806;539;197
2096;Totaal over alle leeftijden;Totaal bevolking;Aalten;2022;26788;22703;2726;987;1739;1359;829;530;197
2097;Totaal over alle leeftijden;Totaal bevolking;Aalten;2023;26718;22609;2719;993;1726;1390;851;539;197
2098;Totaal over alle leeftijden;Totaal bevolking;Aalten;2024;26680;22567;2717;996;1721;1396;856;540;197
2099;Totaal over alle leeftijden;Totaal bevolking;Aalten;2025;26611;22492;2701;992;1709;1418;866;552;197
2100;Totaal over alle leeftijden;Totaal bevolking;Ter Aar;2006;9083;8363;429;161;268;291;164;127;480
2101;Totaal over alle leeftijden;Totaal bevolking;Ter Aar;2007;9063;8271;471;187;284;321;182;139;480
2102;Totaal over alle leeftijden;Totaal bevolking;Ter Aar;2008;9035;8197;488;191;297;350;202;148;480
2103;Totaal over alle leeftijden;Totaal bevolking;Ter Aar;2009;9001;8119;516;199;317;366;202;164;480
2104;Totaal over alle leeftijden;Totaal bevolking;Ter Aar;2010;8969;8036;544;211;333;389;217;172;480
2105;Totaal over alle leeftijden;Totaal bevolking;Ter Aar;2011;8931;7951;569;214;355;411;226;185;480
2106;Totaal over alle leeftijden;Totaal bevolking;Ter Aar;2012;8883;7870;587;224;363;426;227;199;480
2107;Totaal over alle leeftijden;Totaal bevolking;Ter Aar;2013;8840;7777;615;241;374;448;247;201;480
2108;Totaal over alle leeftijden;Totaal bevolking;Ter Aar;2014;8793;7684;633;250;383;476;265;211;480
2109;Totaal over alle leeftijden;Totaal bevolking;Ter Aar;2015;8757;7602;665;259;406;490;274;216;480
2110;Totaal over alle leeftijden;Totaal bevolking;Ter Aar;2016;8721;7517;687;269;418;517;285;232;480
2111;Totaal over alle leeftijden;Totaal bevolking;Ter Aar;2017;8675;7423;722;291;431;530;289;241;480
2112;Totaal over alle leeftijden;Totaal bevolking;Ter Aar;2018;8633;7338;739;296;443;556;302;254;480
2113;Totaal over alle leeftijden;Totaal bevolking;Ter Aar;2019;8594;7253;774;312;462;567;308;259;480
2114;Totaal over alle leeftijden;Totaal bevolking;Ter Aar;2020;8552;7182;796;322;474;574;315;259;480
2115;Totaal over alle leeftijden;Totaal bevolking;Ter Aar;2021;8517;7103;825;337;488;589;324;265;480
2116;Totaal over alle leeftijden;Totaal bevolking;Ter Aar;2022;8469;7031;843;352;491;595;322;273;480
2117;Totaal over alle leeftijden;Totaal bevolking;Ter Aar;2023;8436;6943;867;361;506;626;332;294;480
2118;Totaal over alle leeftijden;Totaal bevolking;Ter Aar;2024;8386;6862;883;365;518;641;341;300;480
2119;Totaal over alle leeftijden;Totaal bevolking;Ter Aar;2025;8338;6767;912;385;527;659;355;304;480
2120;Totaal over alle leeftijden;Totaal bevolking;Abcoude;2006;8635;7243;944;337;607;448;242;206;305
2121;Totaal over alle leeftijden;Totaal bevolking;Abcoude;2007;8604;7184;956;341;615;464;250;214;305
2122;Totaal over alle leeftijden;Totaal bevolking;Abcoude;2008;8579;7123;973;337;636;483;257;226;305
2123;Totaal over alle leeftijden;Totaal bevolking;Abcoude;2009;8537;7039;994;350;644;504;273;231;305
2124;Totaal over alle leeftijden;Totaal bevolking;Abcoude;2010;8500;6968;1008;355;653;524;291;233;305
2125;Totaal over alle leeftijden;Totaal bevolking;Abcoude;2011;8451;6891;1023;367;656;537;286;251;305
2126;Totaal over alle leeftijden;Totaal bevolking;Abcoude;2012;8403;6793;1042;376;666;568;296;272;305
2127;Totaal over alle leeftijden;Totaal bevolking;Abcoude;2013;8359;6727;1037;368;669;595;311;284;305
2128;Totaal over alle leeftijden;Totaal bevolking;Abcoude;2014;8309;6635;1051;371;680;623;327;296;305
2129;Totaal over alle leeftijden;Totaal bevolking;Abcoude;2015;8255;6569;1061;382;679;625;321;304;305
2130;Totaal over alle leeftijden;Totaal bevolking;Abcoude;2016;8200;6476;1082;395;687;642;343;299;305
2131;Totaal over alle leeftijden;Totaal bevolking;Abcoude;2017;8146;6396;1103;406;697;647;348;299;305
2132;Totaal over alle leeftijden;Totaal bevolking;Abcoude;2018;8094;6328;1104;405;699;662;354;308;305
2133;Totaal over alle leeftijden;Totaal bevolking;Abcoude;2019;8039;6243;1119;415;704;677;359;318;305
2134;Totaal over alle leeftijden;Totaal bevolking;Abcoude;2020;7988;6145;1124;419;705;719;388;331;305
2135;Totaal over alle leeftijden;Totaal bevolking;Abcoude;2021;7938;6069;1139;423;716;730;399;331;305
2136;Totaal over alle leeftijden;Totaal bevolking;Abcoude;2022;7874;5988;1150;432;718;736;408;328;305
2137;Totaal over alle leeftijden;Totaal bevolking;Abcoude;2023;7815;5902;1161;448;713;752;408;344;305
2138;Totaal over alle leeftijden;Totaal bevolking;Abcoude;2024;7766;5832;1176;451;725;758;404;354;305
2139;Totaal over alle leeftijden;Totaal bevolking;Abcoude;2025;7721;5767;1189;466;723;765;414;351;305
2140;Totaal over alle leeftijden;Totaal bevolking;Achtkarspelen;2006;28388;27474;603;183;420;311;198;113;59
2141;Totaal over alle leeftijden;Totaal bevolking;Achtkarspelen;2007;28394;27414;642;198;444;338;217;121;59
2142;Totaal over alle leeftijden;Totaal bevolking;Achtkarspelen;2008;28352;27318;673;208;465;361;234;127;59
2143;Totaal over alle leeftijden;Totaal bevolking;Achtkarspelen;2009;28297;27192;718;229;489;387;258;129;59
2144;Totaal over alle leeftijden;Totaal bevolking;Achtkarspelen;2010;28246;27076;754;248;506;416;281;135;59
2145;Totaal over alle leeftijden;Totaal bevolking;Achtkarspelen;2011;28184;26952;784;268;516;448;304;144;59
2146;Totaal over alle leeftijden;Totaal bevolking;Achtkarspelen;2012;28127;26827;823;285;538;477;332;145;59
2147;Totaal over alle leeftijden;Totaal bevolking;Achtkarspelen;2013;28074;26701;857;312;545;516;364;152;59
2148;Totaal over alle leeftijden;Totaal bevolking;Achtkarspelen;2014;28017;26581;896;328;568;540;390;150;59
2149;Totaal over alle leeftijden;Totaal bevolking;Achtkarspelen;2015;27961;26442;947;354;593;572;410;162;59
2150;Totaal over alle leeftijden;Totaal bevolking;Achtkarspelen;2016;27910;26340;980;377;603;590;423;167;59
2151;Totaal over alle leeftijden;Totaal bevolking;Achtkarspelen;2017;27855;26246;998;396;602;611;436;175;59
2152;Totaal over alle leeftijden;Totaal bevolking;Achtkarspelen;2018;27797;26135;1023;408;615;639;462;177;59
2153;Totaal over alle leeftijden;Totaal bevolking;Achtkarspelen;2019;27724;25995;1066;438;628;663;483;180;59
2154;Totaal over alle leeftijden;Totaal bevolking;Achtkarspelen;2020;27663;25878;1096;458;638;689;498;191;59
2155;Totaal over alle leeftijden;Totaal bevolking;Achtkarspelen;2021;27608;25758;1136;481;655;714;512;202;59
2156;Totaal over alle leeftijden;Totaal bevolking;Achtkarspelen;2022;27561;25663;1161;488;673;737;534;203;59
2157;Totaal over alle leeftijden;Totaal bevolking;Achtkarspelen;2023;27509;25537;1202;509;693;770;557;213;59
2158;Totaal over alle leeftijden;Totaal bevolking;Achtkarspelen;2024;27462;25422;1228;527;701;812;586;226;59
2159;Totaal over alle leeftijden;Totaal bevolking;Achtkarspelen;2025;27404;25309;1259;546;713;836;605;231;59
2160;Totaal over alle leeftijden;Totaal bevolking;Alblasserdam;2006;18413;15943;1347;575;772;1123;593;530;482
2161;Totaal over alle leeftijden;Totaal bevolking;Alblasserdam;2007;18386;15889;1352;569;783;1145;597;548;482
2162;Totaal over alle leeftijden;Totaal bevolking;Alblasserdam;2008;18481;15939;1365;573;792;1177;617;560;482
2163;Totaal over alle leeftijden;Totaal bevolking;Alblasserdam;2009;18583;16001;1387;576;811;1195;624;571;482
2164;Totaal over alle leeftijden;Totaal bevolking;Alblasserdam;2010;18680;16087;1386;579;807;1207;632;575;482
2165;Totaal over alle leeftijden;Totaal bevolking;Alblasserdam;2011;18777;16139;1406;592;814;1232;642;590;482
2166;Totaal over alle leeftijden;Totaal bevolking;Alblasserdam;2012;18876;16190;1426;603;823;1260;656;604;482
2167;Totaal over alle leeftijden;Totaal bevolking;Alblasserdam;2013;18958;16246;1453;606;847;1259;658;601;482
2168;Totaal over alle leeftijden;Totaal bevolking;Alblasserdam;2014;19039;16306;1458;601;857;1275;665;610;482
2169;Totaal over alle leeftijden;Totaal bevolking;Alblasserdam;2015;19128;16374;1467;605;862;1287;674;613;482
2170;Totaal over alle leeftijden;Totaal bevolking;Alblasserdam;2016;19195;16418;1482;617;865;1295;677;618;482
2171;Totaal over alle leeftijden;Totaal bevolking;Alblasserdam;2017;19270;16484;1486;617;869;1300;687;613;482
2172;Totaal over alle leeftijden;Totaal bevolking;Alblasserdam;2018;19327;16525;1487;621;866;1315;694;621;482
2173;Totaal over alle leeftijden;Totaal bevolking;Alblasserdam;2019;19383;16592;1470;616;854;1321;693;628;482
2174;Totaal over alle leeftijden;Totaal bevolking;Alblasserdam;2020;19436;16619;1482;612;870;1335;708;627;482
2175;Totaal over alle leeftijden;Totaal bevolking;Alblasserdam;2021;19492;16639;1510;622;888;1343;705;638;482
2176;Totaal over alle leeftijden;Totaal bevolking;Alblasserdam;2022;19534;16679;1498;610;888;1357;710;647;482
2177;Totaal over alle leeftijden;Totaal bevolking;Alblasserdam;2023;19562;16699;1497;603;894;1366;720;646;482
2178;Totaal over alle leeftijden;Totaal bevolking;Alblasserdam;2024;19593;16708;1513;608;905;1372;718;654;482
2179;Totaal over alle leeftijden;Totaal bevolking;Alblasserdam;2025;19602;16713;1516;599;917;1373;715;658;482
2180;Totaal over alle leeftijden;Totaal bevolking;Albrandswaard;2006;20752;17691;1534;549;985;1527;854;673;613
2181;Totaal over alle leeftijden;Totaal bevolking;Albrandswaard;2007;21110;17885;1594;566;1028;1631;916;715;613
2182;Totaal over alle leeftijden;Totaal bevolking;Albrandswaard;2008;21459;18052;1647;586;1061;1760;981;779;613
2183;Totaal over alle leeftijden;Totaal bevolking;Albrandswaard;2009;21806;18235;1686;598;1088;1885;1046;839;613
2184;Totaal over alle leeftijden;Totaal bevolking;Albrandswaard;2010;22132;18400;1734;618;1116;1998;1101;897;613
2185;Totaal over alle leeftijden;Totaal bevolking;Albrandswaard;2011;22458;18552;1783;634;1149;2123;1168;955;613
2186;Totaal over alle leeftijden;Totaal bevolking;Albrandswaard;2012;22796;18716;1825;649;1176;2255;1234;1021;613
2187;Totaal over alle leeftijden;Totaal bevolking;Albrandswaard;2013;23135;18880;1879;677;1202;2376;1285;1091;613
2188;Totaal over alle leeftijden;Totaal bevolking;Albrandswaard;2014;23456;19050;1915;683;1232;2491;1338;1153;613
2189;Totaal over alle leeftijden;Totaal bevolking;Albrandswaard;2015;23763;19225;1946;694;1252;2592;1390;1202;613
2190;Totaal over alle leeftijden;Totaal bevolking;Albrandswaard;2016;24058;19383;1987;709;1278;2688;1447;1241;613
2191;Totaal over alle leeftijden;Totaal bevolking;Albrandswaard;2017;24356;19545;2020;720;1300;2791;1484;1307;613
2192;Totaal over alle leeftijden;Totaal bevolking;Albrandswaard;2018;24643;19702;2052;734;1318;2889;1526;1363;613
2193;Totaal over alle leeftijden;Totaal bevolking;Albrandswaard;2019;24914;19831;2096;746;1350;2987;1564;1423;613
2194;Totaal over alle leeftijden;Totaal bevolking;Albrandswaard;2020;25181;19965;2133;754;1379;3083;1594;1489;613
2195;Totaal over alle leeftijden;Totaal bevolking;Albrandswaard;2021;25431;20093;2190;778;1412;3148;1602;1546;613
2196;Totaal over alle leeftijden;Totaal bevolking;Albrandswaard;2022;25677;20205;2252;813;1439;3220;1640;1580;613
2197;Totaal over alle leeftijden;Totaal bevolking;Albrandswaard;2023;25896;20318;2299;834;1465;3279;1669;1610;613
2198;Totaal over alle leeftijden;Totaal bevolking;Albrandswaard;2024;26117;20432;2345;862;1483;3340;1702;1638;613
2199;Totaal over alle leeftijden;Totaal bevolking;Albrandswaard;2025;26301;20513;2379;877;1502;3409;1731;1678;613
2200;Totaal over alle leeftijden;Totaal bevolking;Alkemade;2006;14565;13521;586;207;379;458;299;159;483
2201;Totaal over alle leeftijden;Totaal bevolking;Alkemade;2007;14627;13518;619;218;401;490;313;177;483
2202;Totaal over alle leeftijden;Totaal bevolking;Alkemade;2008;14703;13515;656;232;424;532;326;206;483
2203;Totaal over alle leeftijden;Totaal bevolking;Alkemade;2009;14783;13524;687;249;438;572;346;226;483
2204;Totaal over alle leeftijden;Totaal bevolking;Alkemade;2010;14867;13544;725;269;456;598;357;241;483
2205;Totaal over alle leeftijden;Totaal bevolking;Alkemade;2011;14948;13547;768;287;481;633;381;252;483
2206;Totaal over alle leeftijden;Totaal bevolking;Alkemade;2012;15042;13536;818;313;505;688;411;277;483
2207;Totaal over alle leeftijden;Totaal bevolking;Alkemade;2013;15124;13551;849;318;531;724;426;298;483
2208;Totaal over alle leeftijden;Totaal bevolking;Alkemade;2014;15201;13553;875;337;538;773;449;324;483
2209;Totaal over alle leeftijden;Totaal bevolking;Alkemade;2015;15256;13539;907;349;558;810;469;341;483
2210;Totaal over alle leeftijden;Totaal bevolking;Alkemade;2016;15318;13536;950;366;584;832;481;351;483
2211;Totaal over alle leeftijden;Totaal bevolking;Alkemade;2017;15387;13513;979;376;603;895;509;386;483
2212;Totaal over alle leeftijden;Totaal bevolking;Alkemade;2018;15460;13482;1035;397;638;943;544;399;483
2213;Totaal over alle leeftijden;Totaal bevolking;Alkemade;2019;15533;13483;1080;418;662;970;549;421;483
2214;Totaal over alle leeftijden;Totaal bevolking;Alkemade;2020;15584;13458;1118;439;679;1008;565;443;483
2215;Totaal over alle leeftijden;Totaal bevolking;Alkemade;2021;15639;13434;1163;457;706;1042;587;455;483
2216;Totaal over alle leeftijden;Totaal bevolking;Alkemade;2022;15702;13423;1204;486;718;1075;606;469;483
2217;Totaal over alle leeftijden;Totaal bevolking;Alkemade;2023;15760;13409;1252;517;735;1099;613;486;483
2218;Totaal over alle leeftijden;Totaal bevolking;Alkemade;2024;15790;13377;1292;531;761;1121;629;492;483
2219;Totaal over alle leeftijden;Totaal bevolking;Alkemade;2025;15820;13347;1331;546;785;1142;634;508;483
2220;Totaal over alle leeftijden;Totaal bevolking;Alkmaar;2006;93625;74048;8649;3546;5103;10928;6369;4559;361
2221;Totaal over alle leeftijden;Totaal bevolking;Alkmaar;2007;93576;74335;8412;3382;5030;10829;6232;4597;361
2222;Totaal over alle leeftijden;Totaal bevolking;Alkmaar;2008;93632;74666;8214;3207;5007;10752;6100;4652;361
2223;Totaal over alle leeftijden;Totaal bevolking;Alkmaar;2009;93660;75002;7976;3063;4913;10682;5950;4732;361
2224;Totaal over alle leeftijden;Totaal bevolking;Alkmaar;2010;93618;75300;7805;2955;4850;10513;5783;4730;361
2225;Totaal over alle leeftijden;Totaal bevolking;Alkmaar;2011;93558;75561;7619;2845;4774;10378;5596;4782;361
2226;Totaal over alle leeftijden;Totaal bevolking;Alkmaar;2012;93500;75770;7470;2770;4700;10260;5461;4799;361
2227;Totaal over alle leeftijden;Totaal bevolking;Alkmaar;2013;93456;75914;7323;2677;4646;10219;5390;4829;361
2228;Totaal over alle leeftijden;Totaal bevolking;Alkmaar;2014;93419;76052;7223;2636;4587;10144;5293;4851;361
2229;Totaal over alle leeftijden;Totaal bevolking;Alkmaar;2015;93377;76201;7104;2589;4515;10072;5213;4859;361
2230;Totaal over alle leeftijden;Totaal bevolking;Alkmaar;2016;93350;76323;7027;2537;4490;10000;5153;4847;361
2231;Totaal over alle leeftijden;Totaal bevolking;Alkmaar;2017;93344;76407;6982;2501;4481;9955;5083;4872;361
2232;Totaal over alle leeftijden;Totaal bevolking;Alkmaar;2018;93328;76553;6872;2450;4422;9903;5045;4858;361
2233;Totaal over alle leeftijden;Totaal bevolking;Alkmaar;2019;93334;76698;6785;2408;4377;9851;5031;4820;361
2234;Totaal over alle leeftijden;Totaal bevolking;Alkmaar;2020;93345;76886;6653;2332;4321;9806;4998;4808;361
2235;Totaal over alle leeftijden;Totaal bevolking;Alkmaar;2021;93377;77023;6550;2267;4283;9804;4959;4845;361
2236;Totaal over alle leeftijden;Totaal bevolking;Alkmaar;2022;93410;77109;6488;2260;4228;9813;4951;4862;361
2237;Totaal over alle leeftijden;Totaal bevolking;Alkmaar;2023;93449;77234;6429;2215;4214;9786;4927;4859;361
2238;Totaal over alle leeftijden;Totaal bevolking;Alkmaar;2024;93482;77317;6350;2191;4159;9815;4927;4888;361
2239;Totaal over alle leeftijden;Totaal bevolking;Alkmaar;2025;93536;77418;6290;2168;4122;9828;4907;4921;361
2240;Totaal over alle leeftijden;Totaal bevolking;Almelo;2006;72116;55803;6764;2463;4301;9549;5282;4267;141
2241;Totaal over alle leeftijden;Totaal bevolking;Almelo;2007;72247;55872;6718;2482;4236;9657;5226;4431;141
2242;Totaal over alle leeftijden;Totaal bevolking;Almelo;2008;72389;55937;6664;2502;4162;9788;5209;4579;141
2243;Totaal over alle leeftijden;Totaal bevolking;Almelo;2009;72534;55987;6644;2529;4115;9903;5188;4715;141
2244;Totaal over alle leeftijden;Totaal bevolking;Almelo;2010;72676;56057;6641;2595;4046;9978;5153;4825;141
2245;Totaal over alle leeftijden;Totaal bevolking;Almelo;2011;72809;56119;6621;2657;3964;10069;5131;4938;141
2246;Totaal over alle leeftijden;Totaal bevolking;Almelo;2012;72930;56158;6630;2692;3938;10142;5106;5036;141
2247;Totaal over alle leeftijden;Totaal bevolking;Almelo;2013;73053;56165;6667;2761;3906;10221;5116;5105;141
2248;Totaal over alle leeftijden;Totaal bevolking;Almelo;2014;73179;56208;6664;2809;3855;10307;5120;5187;141
2249;Totaal over alle leeftijden;Totaal bevolking;Almelo;2015;73276;56204;6700;2875;3825;10372;5138;5234;141
2250;Totaal over alle leeftijden;Totaal bevolking;Almelo;2016;73368;56170;6725;2926;3799;10473;5172;5301;141
2251;Totaal over alle leeftijden;Totaal bevolking;Almelo;2017;73412;56209;6687;2931;3756;10516;5139;5377;141
2252;Totaal over alle leeftijden;Totaal bevolking;Almelo;2018;73485;56184;6730;2985;3745;10571;5131;5440;141
2253;Totaal over alle leeftijden;Totaal bevolking;Almelo;2019;73559;56194;6749;3028;3721;10616;5112;5504;141
2254;Totaal over alle leeftijden;Totaal bevolking;Almelo;2020;73631;56186;6781;3041;3740;10664;5100;5564;141
2255;Totaal over alle leeftijden;Totaal bevolking;Almelo;2021;73677;56172;6780;3033;3747;10725;5093;5632;141
2256;Totaal over alle leeftijden;Totaal bevolking;Almelo;2022;73730;56172;6777;3064;3713;10781;5111;5670;141
2257;Totaal over alle leeftijden;Totaal bevolking;Almelo;2023;73760;56165;6793;3080;3713;10802;5103;5699;141
2258;Totaal over alle leeftijden;Totaal bevolking;Almelo;2024;73773;56172;6753;3065;3688;10848;5123;5725;141
2259;Totaal over alle leeftijden;Totaal bevolking;Almelo;2025;73792;56179;6750;3070;3680;10863;5129;5734;141
2260;Totaal over alle leeftijden;Totaal bevolking;Almere;2006;179045;119148;16790;6823;9967;43107;25500;17607;34
2261;Totaal over alle leeftijden;Totaal bevolking;Almere;2007;182807;120995;17042;7016;10026;44770;26417;18353;34
2262;Totaal over alle leeftijden;Totaal bevolking;Almere;2008;186719;122969;17329;7280;10049;46421;27270;19151;34
2263;Totaal over alle leeftijden;Totaal bevolking;Almere;2009;191099;125134;17707;7614;10093;48258;28276;19982;34
2264;Totaal over alle leeftijden;Totaal bevolking;Almere;2010;195287;127273;18125;7965;10160;49889;29054;20835;34
2265;Totaal over alle leeftijden;Totaal bevolking;Almere;2011;199509;129335;18578;8376;10202;51596;29900;21696;34
2266;Totaal over alle leeftijden;Totaal bevolking;Almere;2012;203747;131314;19114;8832;10282;53319;30812;22507;34
2267;Totaal over alle leeftijden;Totaal bevolking;Almere;2013;207927;133340;19612;9321;10291;54975;31688;23287;34
2268;Totaal over alle leeftijden;Totaal bevolking;Almere;2014;212089;135359;20155;9786;10369;56575;32535;24040;34
2269;Totaal over alle leeftijden;Totaal bevolking;Almere;2015;216184;137316;20735;10283;10452;58133;33345;24788;34
2270;Totaal over alle leeftijden;Totaal bevolking;Almere;2016;220224;139260;21254;10742;10512;59710;34126;25584;34
2271;Totaal over alle leeftijden;Totaal bevolking;Almere;2017;224205;141140;21849;11218;10631;61216;34931;26285;34
2272;Totaal over alle leeftijden;Totaal bevolking;Almere;2018;228109;142993;22438;11652;10786;62678;35649;27029;34
2273;Totaal over alle leeftijden;Totaal bevolking;Almere;2019;231955;144870;23047;12091;10956;64038;36315;27723;34
2274;Totaal over alle leeftijden;Totaal bevolking;Almere;2020;235716;146686;23611;12531;11080;65419;36981;28438;34
2275;Totaal over alle leeftijden;Totaal bevolking;Almere;2021;239404;148475;24245;12986;11259;66684;37563;29121;34
2276;Totaal over alle leeftijden;Totaal bevolking;Almere;2022;243037;150215;24887;13421;11466;67935;38108;29827;34
2277;Totaal over alle leeftijden;Totaal bevolking;Almere;2023;246581;151938;25474;13825;11649;69169;38656;30513;34
2278;Totaal over alle leeftijden;Totaal bevolking;Almere;2024;249999;153597;26074;14246;11828;70328;39120;31208;34
2279;Totaal over alle leeftijden;Totaal bevolking;Almere;2025;253320;155111;26718;14662;12056;71491;39584;31907;34
2280;Totaal over alle leeftijden;Totaal bevolking;Alphen aan den Rijn;2006;71217;57628;6213;2415;3798;7376;4207;3169;484
2281;Totaal over alle leeftijden;Totaal bevolking;Alphen aan den Rijn;2007;71533;57830;6196;2430;3766;7507;4193;3314;484
2282;Totaal over alle leeftijden;Totaal bevolking;Alphen aan den Rijn;2008;71667;57897;6168;2436;3732;7602;4156;3446;484
2283;Totaal over alle leeftijden;Totaal bevolking;Alphen aan den Rijn;2009;71791;57908;6171;2473;3698;7712;4139;3573;484
2284;Totaal over alle leeftijden;Totaal bevolking;Alphen aan den Rijn;2010;71901;57859;6216;2542;3674;7826;4137;3689;484
2285;Totaal over alle leeftijden;Totaal bevolking;Alphen aan den Rijn;2011;72021;57783;6285;2623;3662;7953;4160;3793;484
2286;Totaal over alle leeftijden;Totaal bevolking;Alphen aan den Rijn;2012;72132;57678;6383;2720;3663;8071;4176;3895;484
2287;Totaal over alle leeftijden;Totaal bevolking;Alphen aan den Rijn;2013;72254;57602;6493;2841;3652;8159;4187;3972;484
2288;Totaal over alle leeftijden;Totaal bevolking;Alphen aan den Rijn;2014;72376;57500;6592;2932;3660;8284;4212;4072;484
2289;Totaal over alle leeftijden;Totaal bevolking;Alphen aan den Rijn;2015;72491;57396;6699;3020;3679;8396;4241;4155;484
2290;Totaal over alle leeftijden;Totaal bevolking;Alphen aan den Rijn;2016;72579;57258;6822;3112;3710;8499;4256;4243;484
2291;Totaal over alle leeftijden;Totaal bevolking;Alphen aan den Rijn;2017;72680;57110;6936;3192;3744;8634;4293;4341;484
2292;Totaal over alle leeftijden;Totaal bevolking;Alphen aan den Rijn;2018;72779;56965;7043;3281;3762;8771;4345;4426;484
2293;Totaal over alle leeftijden;Totaal bevolking;Alphen aan den Rijn;2019;72892;56797;7131;3343;3788;8964;4407;4557;484
2294;Totaal over alle leeftijden;Totaal bevolking;Alphen aan den Rijn;2020;73002;56598;7279;3442;3837;9125;4480;4645;484
2295;Totaal over alle leeftijden;Totaal bevolking;Alphen aan den Rijn;2021;73101;56411;7430;3548;3882;9260;4525;4735;484
2296;Totaal over alle leeftijden;Totaal bevolking;Alphen aan den Rijn;2022;73191;56203;7557;3634;3923;9431;4616;4815;484
2297;Totaal over alle leeftijden;Totaal bevolking;Alphen aan den Rijn;2023;73268;56064;7613;3650;3963;9591;4668;4923;484
2298;Totaal over alle leeftijden;Totaal bevolking;Alphen aan den Rijn;2024;73352;55955;7717;3705;4012;9680;4688;4992;484
2299;Totaal over alle leeftijden;Totaal bevolking;Alphen aan den Rijn;2025;73418;55812;7830;3783;4047;9776;4710;5066;484
2300;Totaal over alle leeftijden;Totaal bevolking;Alphen-Chaam;2006;9461;8228;1080;297;783;153;98;55;1723
2301;Totaal over alle leeftijden;Totaal bevolking;Alphen-Chaam;2007;9480;8228;1087;305;782;165;106;59;1723
2302;Totaal over alle leeftijden;Totaal bevolking;Alphen-Chaam;2008;9476;8215;1085;307;778;176;114;62;1723
2303;Totaal over alle leeftijden;Totaal bevolking;Alphen-Chaam;2009;9471;8185;1099;311;788;187;122;65;1723
2304;Totaal over alle leeftijden;Totaal bevolking;Alphen-Chaam;2010;9458;8145;1105;310;795;208;141;67;1723
2305;Totaal over alle leeftijden;Totaal bevolking;Alphen-Chaam;2011;9442;8105;1117;314;803;220;147;73;1723
2306;Totaal over alle leeftijden;Totaal bevolking;Alphen-Chaam;2012;9423;8085;1102;307;795;236;157;79;1723
2307;Totaal over alle leeftijden;Totaal bevolking;Alphen-Chaam;2013;9400;8063;1092;304;788;245;156;89;1723
2308;Totaal over alle leeftijden;Totaal bevolking;Alphen-Chaam;2014;9378;8035;1087;310;777;256;162;94;1723
2309;Totaal over alle leeftijden;Totaal bevolking;Alphen-Chaam;2015;9362;8007;1087;306;781;268;173;95;1723
2310;Totaal over alle leeftijden;Totaal bevolking;Alphen-Chaam;2016;9351;7993;1082;315;767;276;181;95;1723
2311;Totaal over alle leeftijden;Totaal bevolking;Alphen-Chaam;2017;9327;7949;1086;318;768;292;197;95;1723
2312;Totaal over alle leeftijden;Totaal bevolking;Alphen-Chaam;2018;9305;7906;1099;333;766;300;203;97;1723
2313;Totaal over alle leeftijden;Totaal bevolking;Alphen-Chaam;2019;9282;7876;1091;337;754;315;209;106;1723
2314;Totaal over alle leeftijden;Totaal bevolking;Alphen-Chaam;2020;9260;7851;1079;334;745;330;220;110;1723
2315;Totaal over alle leeftijden;Totaal bevolking;Alphen-Chaam;2021;9236;7825;1070;332;738;341;226;115;1723
2316;Totaal over alle leeftijden;Totaal bevolking;Alphen-Chaam;2022;9208;7785;1079;332;747;344;226;118;1723
2317;Totaal over alle leeftijden;Totaal bevolking;Alphen-Chaam;2023;9181;7735;1089;349;740;357;230;127;1723
2318;Totaal over alle leeftijden;Totaal bevolking;Alphen-Chaam;2024;9154;7690;1103;347;756;361;231;130;1723
2319;Totaal over alle leeftijden;Totaal bevolking;Alphen-Chaam;2025;9127;7645;1112;354;758;370;236;134;1723
2320;Totaal over alle leeftijden;Totaal bevolking;Ambt Montfort;2006;10961;9452;1309;452;857;200;119;81;1679
2321;Totaal over alle leeftijden;Totaal bevolking;Ambt Montfort;2007;10912;9397;1307;449;858;208;126;82;1679
2322;Totaal over alle leeftijden;Totaal bevolking;Ambt Montfort;2008;10858;9321;1317;456;861;220;134;86;1679
2323;Totaal over alle leeftijden;Totaal bevolking;Ambt Montfort;2009;10808;9277;1306;450;856;225;139;86;1679
2324;Totaal over alle leeftijden;Totaal bevolking;Ambt Montfort;2010;10760;9234;1289;444;845;237;152;85;1679
2325;Totaal over alle leeftijden;Totaal bevolking;Ambt Montfort;2011;10702;9155;1289;446;843;258;166;92;1679
2326;Totaal over alle leeftijden;Totaal bevolking;Ambt Montfort;2012;10635;9089;1289;449;840;257;165;92;1679
2327;Totaal over alle leeftijden;Totaal bevolking;Ambt Montfort;2013;10576;9004;1295;444;851;277;176;101;1679
2328;Totaal over alle leeftijden;Totaal bevolking;Ambt Montfort;2014;10523;8950;1288;439;849;285;182;103;1679
2329;Totaal over alle leeftijden;Totaal bevolking;Ambt Montfort;2015;10466;8880;1293;445;848;293;192;101;1679
2330;Totaal over alle leeftijden;Totaal bevolking;Ambt Montfort;2016;10397;8819;1278;434;844;300;195;105;1679
2331;Totaal over alle leeftijden;Totaal bevolking;Ambt Montfort;2017;10338;8741;1276;430;846;321;211;110;1679
2332;Totaal over alle leeftijden;Totaal bevolking;Ambt Montfort;2018;10283;8702;1255;428;827;326;218;108;1679
2333;Totaal over alle leeftijden;Totaal bevolking;Ambt Montfort;2019;10222;8653;1230;429;801;339;229;110;1679
2334;Totaal over alle leeftijden;Totaal bevolking;Ambt Montfort;2020;10158;8601;1211;432;779;346;233;113;1679
2335;Totaal over alle leeftijden;Totaal bevolking;Ambt Montfort;2021;10093;8563;1176;419;757;354;246;108;1679
2336;Totaal over alle leeftijden;Totaal bevolking;Ambt Montfort;2022;10033;8507;1157;414;743;369;257;112;1679
2337;Totaal over alle leeftijden;Totaal bevolking;Ambt Montfort;2023;9978;8442;1153;410;743;383;265;118;1679
2338;Totaal over alle leeftijden;Totaal bevolking;Ambt Montfort;2024;9907;8381;1144;414;730;382;261;121;1679
2339;Totaal over alle leeftijden;Totaal bevolking;Ambt Montfort;2025;9844;8330;1126;413;713;388;261;127;1679
2340;Totaal over alle leeftijden;Totaal bevolking;Ameland;2006;3613;3353;173;92;81;87;66;21;60
2341;Totaal over alle leeftijden;Totaal bevolking;Ameland;2007;3648;3352;187;95;92;109;84;25;60
2342;Totaal over alle leeftijden;Totaal bevolking;Ameland;2008;3689;3357;194;91;103;138;104;34;60
2343;Totaal over alle leeftijden;Totaal bevolking;Ameland;2009;3714;3357;206;97;109;151;112;39;60
2344;Totaal over alle leeftijden;Totaal bevolking;Ameland;2010;3717;3356;210;105;105;151;106;45;60
2345;Totaal over alle leeftijden;Totaal bevolking;Ameland;2011;3767;3373;225;110;115;169;119;50;60
2346;Totaal over alle leeftijden;Totaal bevolking;Ameland;2012;3782;3364;238;112;126;180;131;49;60
2347;Totaal over alle leeftijden;Totaal bevolking;Ameland;2013;3823;3376;261;122;139;186;132;54;60
2348;Totaal over alle leeftijden;Totaal bevolking;Ameland;2014;3833;3375;280;131;149;178;123;55;60
2349;Totaal over alle leeftijden;Totaal bevolking;Ameland;2015;3846;3368;281;140;141;197;137;60;60
2350;Totaal over alle leeftijden;Totaal bevolking;Ameland;2016;3860;3364;290;146;144;206;143;63;60
2351;Totaal over alle leeftijden;Totaal bevolking;Ameland;2017;3891;3378;298;151;147;215;139;76;60
2352;Totaal over alle leeftijden;Totaal bevolking;Ameland;2018;3900;3369;297;148;149;234;149;85;60
2353;Totaal over alle leeftijden;Totaal bevolking;Ameland;2019;3925;3371;322;162;160;232;150;82;60
2354;Totaal over alle leeftijden;Totaal bevolking;Ameland;2020;3966;3387;341;171;170;238;156;82;60
2355;Totaal over alle leeftijden;Totaal bevolking;Ameland;2021;3974;3366;354;174;180;254;160;94;60
2356;Totaal over alle leeftijden;Totaal bevolking;Ameland;2022;3985;3359;367;180;187;259;167;92;60
2357;Totaal over alle leeftijden;Totaal bevolking;Ameland;2023;3990;3340;375;182;193;275;179;96;60
2358;Totaal over alle leeftijden;Totaal bevolking;Ameland;2024;4020;3357;376;183;193;287;183;104;60
2359;Totaal over alle leeftijden;Totaal bevolking;Ameland;2025;4037;3346;391;189;202;300;198;102;60
2360;Totaal over alle leeftijden;Totaal bevolking;Amerongen;2006;7118;6372;500;170;330;246;135;111;306
2361;Totaal over alle leeftijden;Totaal bevolking;Amerongen;2007;7038;6246;523;179;344;269;152;117;306
2362;Totaal over alle leeftijden;Totaal bevolking;Amerongen;2008;6974;6146;529;186;343;299;167;132;306
2363;Totaal over alle leeftijden;Totaal bevolking;Amerongen;2009;6906;6039;549;194;355;318;182;136;306
2364;Totaal over alle leeftijden;Totaal bevolking;Amerongen;2010;6824;5922;561;191;370;341;197;144;306
2365;Totaal over alle leeftijden;Totaal bevolking;Amerongen;2011;6751;5813;574;195;379;364;216;148;306
2366;Totaal over alle leeftijden;Totaal bevolking;Amerongen;2012;6687;5718;591;206;385;378;221;157;306
2367;Totaal over alle leeftijden;Totaal bevolking;Amerongen;2013;6619;5624;591;207;384;404;232;172;306
2368;Totaal over alle leeftijden;Totaal bevolking;Amerongen;2014;6544;5513;600;207;393;431;250;181;306
2369;Totaal over alle leeftijden;Totaal bevolking;Amerongen;2015;6477;5418;604;205;399;455;261;194;306
2370;Totaal over alle leeftijden;Totaal bevolking;Amerongen;2016;6412;5316;633;222;411;463;267;196;306
2371;Totaal over alle leeftijden;Totaal bevolking;Amerongen;2017;6333;5217;635;230;405;481;280;201;306
2372;Totaal over alle leeftijden;Totaal bevolking;Amerongen;2018;6270;5111;654;233;421;505;296;209;306
2373;Totaal over alle leeftijden;Totaal bevolking;Amerongen;2019;6204;5006;676;245;431;522;304;218;306
2374;Totaal over alle leeftijden;Totaal bevolking;Amerongen;2020;6131;4921;664;238;426;546;321;225;306
2375;Totaal over alle leeftijden;Totaal bevolking;Amerongen;2021;6061;4821;681;243;438;559;321;238;306
2376;Totaal over alle leeftijden;Totaal bevolking;Amerongen;2022;5989;4745;678;237;441;566;321;245;306
2377;Totaal over alle leeftijden;Totaal bevolking;Amerongen;2023;5916;4641;695;242;453;580;336;244;306
2378;Totaal over alle leeftijden;Totaal bevolking;Amerongen;2024;5851;4539;712;243;469;600;345;255;306
2379;Totaal over alle leeftijden;Totaal bevolking;Amerongen;2025;5778;4451;711;245;466;616;359;257;306
2380;Totaal over alle leeftijden;Totaal bevolking;Amersfoort;2006;135570;105832;11478;4351;7127;18260;10705;7555;307
2381;Totaal over alle leeftijden;Totaal bevolking;Amersfoort;2007;136818;106629;11544;4449;7095;18645;10733;7912;307
2382;Totaal over alle leeftijden;Totaal bevolking;Amersfoort;2008;138061;107309;11636;4583;7053;19116;10843;8273;307
2383;Totaal over alle leeftijden;Totaal bevolking;Amersfoort;2009;139210;107993;11677;4674;7003;19540;10865;8675;307
2384;Totaal over alle leeftijden;Totaal bevolking;Amersfoort;2010;140449;108688;11807;4806;7001;19954;10924;9030;307
2385;Totaal over alle leeftijden;Totaal bevolking;Amersfoort;2011;141706;109420;11926;4923;7003;20360;10974;9386;307
2386;Totaal over alle leeftijden;Totaal bevolking;Amersfoort;2012;142945;110025;12089;5111;6978;20831;11081;9750;307
2387;Totaal over alle leeftijden;Totaal bevolking;Amersfoort;2013;144151;110607;12260;5281;6979;21284;11191;10093;307
2388;Totaal over alle leeftijden;Totaal bevolking;Amersfoort;2014;145316;111141;12484;5490;6994;21691;11289;10402;307
2389;Totaal over alle leeftijden;Totaal bevolking;Amersfoort;2015;146435;111674;12674;5675;6999;22087;11380;10707;307
2390;Totaal over alle leeftijden;Totaal bevolking;Amersfoort;2016;147520;112166;12903;5868;7035;22451;11448;11003;307
2391;Totaal over alle leeftijden;Totaal bevolking;Amersfoort;2017;148577;112569;13157;6095;7062;22851;11566;11285;307
2392;Totaal over alle leeftijden;Totaal bevolking;Amersfoort;2018;149615;113037;13349;6264;7085;23229;11671;11558;307
2393;Totaal over alle leeftijden;Totaal bevolking;Amersfoort;2019;150593;113436;13556;6446;7110;23601;11754;11847;307
2394;Totaal over alle leeftijden;Totaal bevolking;Amersfoort;2020;151545;113794;13754;6605;7149;23997;11872;12125;307
2395;Totaal over alle leeftijden;Totaal bevolking;Amersfoort;2021;152441;114124;13944;6757;7187;24373;11998;12375;307
2396;Totaal over alle leeftijden;Totaal bevolking;Amersfoort;2022;153322;114446;14138;6913;7225;24738;12091;12647;307
2397;Totaal over alle leeftijden;Totaal bevolking;Amersfoort;2023;154147;114736;14355;7087;7268;25056;12181;12875;307
2398;Totaal over alle leeftijden;Totaal bevolking;Amersfoort;2024;154910;115062;14514;7242;7272;25334;12249;13085;307
2399;Totaal over alle leeftijden;Totaal bevolking;Amersfoort;2025;155627;115244;14710;7345;7365;25673;12372;13301;307
2400;Totaal over alle leeftijden;Totaal bevolking;Amstelveen;2006;78225;55397;13496;7410;6086;9332;5709;3623;362
2401;Totaal over alle leeftijden;Totaal bevolking;Amstelveen;2007;78085;55038;13460;7372;6088;9587;5691;3896;362
2402;Totaal over alle leeftijden;Totaal bevolking;Amstelveen;2008;78013;54682;13506;7426;6080;9825;5675;4150;362
2403;Totaal over alle leeftijden;Totaal bevolking;Amstelveen;2009;77954;54290;13599;7521;6078;10065;5662;4403;362
2404;Totaal over alle leeftijden;Totaal bevolking;Amstelveen;2010;77946;53903;13720;7639;6081;10323;5680;4643;362
2405;Totaal over alle leeftijden;Totaal bevolking;Amstelveen;2011;77920;53493;13921;7841;6080;10506;5694;4812;362
2406;Totaal over alle leeftijden;Totaal bevolking;Amstelveen;2012;77914;53094;14104;8028;6076;10716;5695;5021;362
2407;Totaal over alle leeftijden;Totaal bevolking;Amstelveen;2013;77909;52711;14314;8244;6070;10884;5720;5164;362
2408;Totaal over alle leeftijden;Totaal bevolking;Amstelveen;2014;77910;52335;14497;8434;6063;11078;5735;5343;362
2409;Totaal over alle leeftijden;Totaal bevolking;Amstelveen;2015;77906;51947;14645;8570;6075;11314;5776;5538;362
2410;Totaal over alle leeftijden;Totaal bevolking;Amstelveen;2016;77926;51549;14838;8725;6113;11539;5821;5718;362
2411;Totaal over alle leeftijden;Totaal bevolking;Amstelveen;2017;77944;51226;14995;8854;6141;11723;5821;5902;362
2412;Totaal over alle leeftijden;Totaal bevolking;Amstelveen;2018;77968;50876;15213;9019;6194;11879;5820;6059;362
2413;Totaal over alle leeftijden;Totaal bevolking;Amstelveen;2019;78014;50505;15431;9171;6260;12078;5876;6202;362
2414;Totaal over alle leeftijden;Totaal bevolking;Amstelveen;2020;78073;50144;15634;9290;6344;12295;5936;6359;362
2415;Totaal over alle leeftijden;Totaal bevolking;Amstelveen;2021;78130;49774;15883;9467;6416;12473;5927;6546;362
2416;Totaal over alle leeftijden;Totaal bevolking;Amstelveen;2022;78225;49441;16098;9604;6494;12686;5992;6694;362
2417;Totaal over alle leeftijden;Totaal bevolking;Amstelveen;2023;78282;49147;16310;9727;6583;12825;5973;6852;362
2418;Totaal over alle leeftijden;Totaal bevolking;Amstelveen;2024;78384;48874;16506;9838;6668;13004;6025;6979;362
2419;Totaal over alle leeftijden;Totaal bevolking;Amstelveen;2025;78494;48612;16696;9930;6766;13186;6060;7126;362
2420;Totaal over alle leeftijden;Totaal bevolking;Amsterdam;2006;743772;390682;103691;55839;47852;249399;147788;101611;363
2421;Totaal over alle leeftijden;Totaal bevolking;Amsterdam;2007;746760;393296;104479;56459;48020;248985;144946;104039;363
2422;Totaal over alle leeftijden;Totaal bevolking;Amsterdam;2008;748966;395354;105248;57141;48107;248364;142369;105995;363
2423;Totaal over alle leeftijden;Totaal bevolking;Amsterdam;2009;751217;397333;106217;58022;48195;247667;139840;107827;363
2424;Totaal over alle leeftijden;Totaal bevolking;Amsterdam;2010;755497;400074;107722;59270;48452;247701;138070;109631;363
2425;Totaal over alle leeftijden;Totaal bevolking;Amsterdam;2011;759866;402661;109412;60669;48743;247793;136448;111345;363
2426;Totaal over alle leeftijden;Totaal bevolking;Amsterdam;2012;764259;405126;111178;62195;48983;247955;135146;112809;363
2427;Totaal over alle leeftijden;Totaal bevolking;Amsterdam;2013;768643;407482;113222;63911;49311;247939;133806;114133;363
2428;Totaal over alle leeftijden;Totaal bevolking;Amsterdam;2014;772935;409727;115228;65546;49682;247980;132660;115320;363
2429;Totaal over alle leeftijden;Totaal bevolking;Amsterdam;2015;777154;411838;117156;67119;50037;248160;131677;116483;363
2430;Totaal over alle leeftijden;Totaal bevolking;Amsterdam;2016;781255;413829;119073;68644;50429;248353;130771;117582;363
2431;Totaal over alle leeftijden;Totaal bevolking;Amsterdam;2017;785262;415836;120807;69990;50817;248619;129936;118683;363
2432;Totaal over alle leeftijden;Totaal bevolking;Amsterdam;2018;789151;417746;122487;71324;51163;248918;129191;119727;363
2433;Totaal over alle leeftijden;Totaal bevolking;Amsterdam;2019;792957;419518;124261;72654;51607;249178;128504;120674;363
2434;Totaal over alle leeftijden;Totaal bevolking;Amsterdam;2020;796672;421254;126077;74034;52043;249341;127898;121443;363
2435;Totaal over alle leeftijden;Totaal bevolking;Amsterdam;2021;800242;422889;127676;75300;52376;249677;127321;122356;363
2436;Totaal over alle leeftijden;Totaal bevolking;Amsterdam;2022;803737;424320;129346;76623;52723;250071;126877;123194;363
2437;Totaal over alle leeftijden;Totaal bevolking;Amsterdam;2023;807109;425549;131131;77957;53174;250429;126429;124000;363
2438;Totaal over alle leeftijden;Totaal bevolking;Amsterdam;2024;810288;426646;132949;79312;53637;250693;125915;124778;363
2439;Totaal over alle leeftijden;Totaal bevolking;Amsterdam;2025;813337;427691;134730;80720;54010;250916;125464;125452;363
2440;Totaal over alle leeftijden;Totaal bevolking;Andijk;2006;6514;5827;440;177;263;247;162;85;364
2441;Totaal over alle leeftijden;Totaal bevolking;Andijk;2007;6553;5803;466;189;277;284;186;98;364
2442;Totaal over alle leeftijden;Totaal bevolking;Andijk;2008;6582;5769;493;196;297;320;212;108;364
2443;Totaal over alle leeftijden;Totaal bevolking;Andijk;2009;6597;5735;519;200;319;343;228;115;364
2444;Totaal over alle leeftijden;Totaal bevolking;Andijk;2010;6609;5689;541;209;332;379;245;134;364
2445;Totaal over alle leeftijden;Totaal bevolking;Andijk;2011;6621;5646;577;223;354;398;256;142;364
2446;Totaal over alle leeftijden;Totaal bevolking;Andijk;2012;6626;5593;603;234;369;430;274;156;364
2447;Totaal over alle leeftijden;Totaal bevolking;Andijk;2013;6645;5560;634;245;389;451;287;164;364
2448;Totaal over alle leeftijden;Totaal bevolking;Andijk;2014;6642;5507;655;260;395;480;300;180;364
2449;Totaal over alle leeftijden;Totaal bevolking;Andijk;2015;6652;5479;672;270;402;501;310;191;364
2450;Totaal over alle leeftijden;Totaal bevolking;Andijk;2016;6643;5433;679;270;409;531;329;202;364
2451;Totaal over alle leeftijden;Totaal bevolking;Andijk;2017;6648;5395;699;285;414;554;332;222;364
2452;Totaal over alle leeftijden;Totaal bevolking;Andijk;2018;6645;5354;722;297;425;569;336;233;364
2453;Totaal over alle leeftijden;Totaal bevolking;Andijk;2019;6649;5314;745;303;442;590;347;243;364
2454;Totaal over alle leeftijden;Totaal bevolking;Andijk;2020;6647;5260;774;318;456;613;361;252;364
2455;Totaal over alle leeftijden;Totaal bevolking;Andijk;2021;6647;5230;794;333;461;623;360;263;364
2456;Totaal over alle leeftijden;Totaal bevolking;Andijk;2022;6651;5215;795;333;462;641;363;278;364
2457;Totaal over alle leeftijden;Totaal bevolking;Andijk;2023;6640;5190;806;335;471;644;364;280;364
2458;Totaal over alle leeftijden;Totaal bevolking;Andijk;2024;6633;5129;842;354;488;662;374;288;364
2459;Totaal over alle leeftijden;Totaal bevolking;Andijk;2025;6629;5101;864;359;505;664;372;292;364
2460;Totaal over alle leeftijden;Totaal bevolking;Anna Paulowna;2006;14374;13106;795;246;549;473;286;187;366
2461;Totaal over alle leeftijden;Totaal bevolking;Anna Paulowna;2007;14467;13124;819;261;558;524;316;208;366
2462;Totaal over alle leeftijden;Totaal bevolking;Anna Paulowna;2008;14514;13085;857;273;584;572;346;226;366
2463;Totaal over alle leeftijden;Totaal bevolking;Anna Paulowna;2009;14546;13049;898;288;610;599;371;228;366
2464;Totaal over alle leeftijden;Totaal bevolking;Anna Paulowna;2010;14578;13017;942;305;637;619;379;240;366
2465;Totaal over alle leeftijden;Totaal bevolking;Anna Paulowna;2011;14590;12980;962;311;651;648;396;252;366
2466;Totaal over alle leeftijden;Totaal bevolking;Anna Paulowna;2012;14616;12931;986;328;658;699;432;267;366
2467;Totaal over alle leeftijden;Totaal bevolking;Anna Paulowna;2013;14624;12892;997;329;668;735;451;284;366
2468;Totaal over alle leeftijden;Totaal bevolking;Anna Paulowna;2014;14637;12836;1021;340;681;780;483;297;366
2469;Totaal over alle leeftijden;Totaal bevolking;Anna Paulowna;2015;14657;12779;1070;360;710;808;492;316;366
2470;Totaal over alle leeftijden;Totaal bevolking;Anna Paulowna;2016;14689;12735;1107;373;734;847;513;334;366
2471;Totaal over alle leeftijden;Totaal bevolking;Anna Paulowna;2017;14711;12672;1136;381;755;903;549;354;366
2472;Totaal over alle leeftijden;Totaal bevolking;Anna Paulowna;2018;14725;12629;1148;378;770;948;574;374;366
2473;Totaal over alle leeftijden;Totaal bevolking;Anna Paulowna;2019;14736;12578;1172;392;780;986;591;395;366
2474;Totaal over alle leeftijden;Totaal bevolking;Anna Paulowna;2020;14750;12518;1208;399;809;1024;605;419;366
2475;Totaal over alle leeftijden;Totaal bevolking;Anna Paulowna;2021;14755;12471;1245;418;827;1039;612;427;366
2476;Totaal over alle leeftijden;Totaal bevolking;Anna Paulowna;2022;14776;12420;1270;433;837;1086;642;444;366
2477;Totaal over alle leeftijden;Totaal bevolking;Anna Paulowna;2023;14789;12360;1290;435;855;1139;676;463;366
2478;Totaal over alle leeftijden;Totaal bevolking;Anna Paulowna;2024;14803;12306;1300;439;861;1197;696;501;366
2479;Totaal over alle leeftijden;Totaal bevolking;Anna Paulowna;2025;14815;12253;1315;441;874;1247;711;536;366
2480;Totaal over alle leeftijden;Totaal bevolking;Apeldoorn;2006;156401;133292;11966;4358;7608;11143;6507;4636;200
2481;Totaal over alle leeftijden;Totaal bevolking;Apeldoorn;2007;156418;133230;11794;4246;7548;11394;6508;4886;200
2482;Totaal over alle leeftijden;Totaal bevolking;Apeldoorn;2008;156835;133460;11686;4193;7493;11689;6543;5146;200
2483;Totaal over alle leeftijden;Totaal bevolking;Apeldoorn;2009;157374;133723;11635;4184;7451;12016;6639;5377;200
2484;Totaal over alle leeftijden;Totaal bevolking;Apeldoorn;2010;157828;133918;11561;4152;7409;12349;6710;5639;200
2485;Totaal over alle leeftijden;Totaal bevolking;Apeldoorn;2011;158288;134087;11556;4197;7359;12645;6782;5863;200
2486;Totaal over alle leeftijden;Totaal bevolking;Apeldoorn;2012;158712;134189;11545;4235;7310;12978;6879;6099;200
2487;Totaal over alle leeftijden;Totaal bevolking;Apeldoorn;2013;159126;134262;11561;4275;7286;13303;6963;6340;200
2488;Totaal over alle leeftijden;Totaal bevolking;Apeldoorn;2014;159533;134355;11554;4312;7242;13624;7031;6593;200
2489;Totaal over alle leeftijden;Totaal bevolking;Apeldoorn;2015;159907;134382;11518;4341;7177;14007;7137;6870;200
2490;Totaal over alle leeftijden;Totaal bevolking;Apeldoorn;2016;160286;134382;11524;4347;7177;14380;7284;7096;200
2491;Totaal over alle leeftijden;Totaal bevolking;Apeldoorn;2017;160614;134414;11532;4373;7159;14668;7373;7295;200
2492;Totaal over alle leeftijden;Totaal bevolking;Apeldoorn;2018;160944;134437;11502;4382;7120;15005;7455;7550;200
2493;Totaal over alle leeftijden;Totaal bevolking;Apeldoorn;2019;161249;134468;11443;4368;7075;15338;7575;7763;200
2494;Totaal over alle leeftijden;Totaal bevolking;Apeldoorn;2020;161571;134472;11444;4434;7010;15655;7678;7977;200
2495;Totaal over alle leeftijden;Totaal bevolking;Apeldoorn;2021;161843;134430;11418;4456;6962;15995;7812;8183;200
2496;Totaal over alle leeftijden;Totaal bevolking;Apeldoorn;2022;162086;134347;11438;4484;6954;16301;7908;8393;200
2497;Totaal over alle leeftijden;Totaal bevolking;Apeldoorn;2023;162330;134275;11450;4502;6948;16605;7989;8616;200
2498;Totaal over alle leeftijden;Totaal bevolking;Apeldoorn;2024;162561;134196;11443;4526;6917;16922;8078;8844;200
2499;Totaal over alle leeftijden;Totaal bevolking;Apeldoorn;2025;162759;134080;11471;4541;6930;17208;8169;9039;200
2500;Totaal over alle leeftijden;Totaal bevolking;Appingedam;2006;12267;10761;929;378;551;577;353;224;3
2501;Totaal over alle leeftijden;Totaal bevolking;Appingedam;2007;12315;10792;928;381;547;595;369;226;3
2502;Totaal over alle leeftijden;Totaal bevolking;Appingedam;2008;12344;10790;930;381;549;624;392;232;3
2503;Totaal over alle leeftijden;Totaal bevolking;Appingedam;2009;12360;10783;947;391;556;630;396;234;3
2504;Totaal over alle leeftijden;Totaal bevolking;Appingedam;2010;12376;10771;967;403;564;638;403;235;3
2505;Totaal over alle leeftijden;Totaal bevolking;Appingedam;2011;12393;10772;970;405;565;651;416;235;3
2506;Totaal over alle leeftijden;Totaal bevolking;Appingedam;2012;12418;10753;989;415;574;676;434;242;3
2507;Totaal over alle leeftijden;Totaal bevolking;Appingedam;2013;12443;10739;1008;429;579;696;443;253;3
2508;Totaal over alle leeftijden;Totaal bevolking;Appingedam;2014;12458;10725;1026;432;594;707;436;271;3
2509;Totaal over alle leeftijden;Totaal bevolking;Appingedam;2015;12477;10729;1040;448;592;708;434;274;3
2510;Totaal over alle leeftijden;Totaal bevolking;Appingedam;2016;12493;10725;1055;466;589;713;442;271;3
2511;Totaal over alle leeftijden;Totaal bevolking;Appingedam;2017;12520;10725;1068;478;590;727;458;269;3
2512;Totaal over alle leeftijden;Totaal bevolking;Appingedam;2018;12547;10708;1078;496;582;761;484;277;3
2513;Totaal over alle leeftijden;Totaal bevolking;Appingedam;2019;12561;10713;1095;522;573;753;482;271;3
2514;Totaal over alle leeftijden;Totaal bevolking;Appingedam;2020;12571;10708;1101;534;567;762;490;272;3
2515;Totaal over alle leeftijden;Totaal bevolking;Appingedam;2021;12580;10713;1093;540;553;774;491;283;3
2516;Totaal over alle leeftijden;Totaal bevolking;Appingedam;2022;12594;10694;1105;556;549;795;506;289;3
2517;Totaal over alle leeftijden;Totaal bevolking;Appingedam;2023;12605;10672;1108;554;554;825;521;304;3
2518;Totaal over alle leeftijden;Totaal bevolking;Appingedam;2024;12605;10630;1133;569;564;842;532;310;3
2519;Totaal over alle leeftijden;Totaal bevolking;Appingedam;2025;12610;10601;1151;580;571;858;545;313;3
2520;Totaal over alle leeftijden;Totaal bevolking;Arcen en Velden;2006;8971;7633;1176;382;794;162;109;53;885
2521;Totaal over alle leeftijden;Totaal bevolking;Arcen en Velden;2007;8976;7617;1174;373;801;185;125;60;885
2522;Totaal over alle leeftijden;Totaal bevolking;Arcen en Velden;2008;8972;7587;1190;381;809;195;134;61;885
2523;Totaal over alle leeftijden;Totaal bevolking;Arcen en Velden;2009;8966;7554;1210;390;820;202;140;62;885
2524;Totaal over alle leeftijden;Totaal bevolking;Arcen en Velden;2010;8955;7521;1212;390;822;222;151;71;885
2525;Totaal over alle leeftijden;Totaal bevolking;Arcen en Velden;2011;8940;7487;1211;384;827;242;165;77;885
2526;Totaal over alle leeftijden;Totaal bevolking;Arcen en Velden;2012;8917;7457;1203;375;828;257;173;84;885
2527;Totaal over alle leeftijden;Totaal bevolking;Arcen en Velden;2013;8895;7415;1202;381;821;278;185;93;885
2528;Totaal over alle leeftijden;Totaal bevolking;Arcen en Velden;2014;8874;7376;1208;381;827;290;192;98;885
2529;Totaal over alle leeftijden;Totaal bevolking;Arcen en Velden;2015;8862;7348;1218;390;828;296;195;101;885
2530;Totaal over alle leeftijden;Totaal bevolking;Arcen en Velden;2016;8850;7323;1218;393;825;309;197;112;885
2531;Totaal over alle leeftijden;Totaal bevolking;Arcen en Velden;2017;8844;7291;1224;407;817;329;207;122;885
2532;Totaal over alle leeftijden;Totaal bevolking;Arcen en Velden;2018;8819;7269;1222;408;814;328;201;127;885
2533;Totaal over alle leeftijden;Totaal bevolking;Arcen en Velden;2019;8807;7248;1214;403;811;345;207;138;885
2534;Totaal over alle leeftijden;Totaal bevolking;Arcen en Velden;2020;8786;7215;1213;403;810;358;212;146;885
2535;Totaal over alle leeftijden;Totaal bevolking;Arcen en Velden;2021;8762;7179;1212;407;805;371;220;151;885
2536;Totaal over alle leeftijden;Totaal bevolking;Arcen en Velden;2022;8747;7162;1208;404;804;377;225;152;885
2537;Totaal over alle leeftijden;Totaal bevolking;Arcen en Velden;2023;8723;7129;1194;396;798;400;235;165;885
2538;Totaal over alle leeftijden;Totaal bevolking;Arcen en Velden;2024;8704;7099;1202;396;806;403;230;173;885
2539;Totaal over alle leeftijden;Totaal bevolking;Arcen en Velden;2025;8688;7069;1207;399;808;412;230;182;885
2540;Totaal over alle leeftijden;Totaal bevolking;Arnhem;2006;141216;102161;15829;6302;9527;23226;14217;9009;202
2541;Totaal over alle leeftijden;Totaal bevolking;Arnhem;2007;141388;102580;15638;6263;9375;23170;13931;9239;202
2542;Totaal over alle leeftijden;Totaal bevolking;Arnhem;2008;141651;103045;15526;6243;9283;23080;13646;9434;202
2543;Totaal over alle leeftijden;Totaal bevolking;Arnhem;2009;141950;103437;15411;6259;9152;23102;13432;9670;202
2544;Totaal over alle leeftijden;Totaal bevolking;Arnhem;2010;142256;103851;15325;6259;9066;23080;13234;9846;202
2545;Totaal over alle leeftijden;Totaal bevolking;Arnhem;2011;142581;104225;15299;6278;9021;23057;13053;10004;202
2546;Totaal over alle leeftijden;Totaal bevolking;Arnhem;2012;142921;104605;15259;6321;8938;23057;12886;10171;202
2547;Totaal over alle leeftijden;Totaal bevolking;Arnhem;2013;143233;104863;15244;6369;8875;23126;12818;10308;202
2548;Totaal over alle leeftijden;Totaal bevolking;Arnhem;2014;143520;105143;15247;6415;8832;23130;12672;10458;202
2549;Totaal over alle leeftijden;Totaal bevolking;Arnhem;2015;143788;105455;15220;6474;8746;23113;12533;10580;202
2550;Totaal over alle leeftijden;Totaal bevolking;Arnhem;2016;144061;105682;15234;6569;8665;23145;12450;10695;202
2551;Totaal over alle leeftijden;Totaal bevolking;Arnhem;2017;144282;105983;15181;6601;8580;23118;12335;10783;202
2552;Totaal over alle leeftijden;Totaal bevolking;Arnhem;2018;144526;106119;15212;6665;8547;23195;12321;10874;202
2553;Totaal over alle leeftijden;Totaal bevolking;Arnhem;2019;144736;106360;15160;6654;8506;23216;12316;10900;202
2554;Totaal over alle leeftijden;Totaal bevolking;Arnhem;2020;144949;106574;15186;6732;8454;23189;12264;10925;202
2555;Totaal over alle leeftijden;Totaal bevolking;Arnhem;2021;145136;106760;15140;6741;8399;23236;12248;10988;202
2556;Totaal over alle leeftijden;Totaal bevolking;Arnhem;2022;145280;106978;15109;6789;8320;23193;12116;11077;202
2557;Totaal over alle leeftijden;Totaal bevolking;Arnhem;2023;145430;107167;15067;6780;8287;23196;12083;11113;202
2558;Totaal over alle leeftijden;Totaal bevolking;Arnhem;2024;145537;107297;15058;6833;8225;23182;12046;11136;202
2559;Totaal over alle leeftijden;Totaal bevolking;Arnhem;2025;145655;107442;15083;6877;8206;23130;11939;11191;202
2560;Totaal over alle leeftijden;Totaal bevolking;Assen;2006;62673;53876;5093;2083;3010;3704;2336;1368;106
2561;Totaal over alle leeftijden;Totaal bevolking;Assen;2007;63679;54620;5206;2189;3017;3853;2415;1438;106
2562;Totaal over alle leeftijden;Totaal bevolking;Assen;2008;64877;55503;5341;2321;3020;4033;2535;1498;106
2563;Totaal over alle leeftijden;Totaal bevolking;Assen;2009;65991;56289;5488;2422;3066;4214;2643;1571;106
2564;Totaal over alle leeftijden;Totaal bevolking;Assen;2010;67127;57066;5700;2583;3117;4361;2729;1632;106
2565;Totaal over alle leeftijden;Totaal bevolking;Assen;2011;68259;57814;5913;2768;3145;4532;2827;1705;106
2566;Totaal over alle leeftijden;Totaal bevolking;Assen;2012;69413;58560;6135;2969;3166;4718;2933;1785;106
2567;Totaal over alle leeftijden;Totaal bevolking;Assen;2013;70543;59265;6393;3186;3207;4885;3031;1854;106
2568;Totaal over alle leeftijden;Totaal bevolking;Assen;2014;71674;59889;6673;3420;3253;5112;3179;1933;106
2569;Totaal over alle leeftijden;Totaal bevolking;Assen;2015;72802;60511;6966;3661;3305;5325;3320;2005;106
2570;Totaal over alle leeftijden;Totaal bevolking;Assen;2016;73889;61097;7245;3904;3341;5547;3444;2103;106
2571;Totaal over alle leeftijden;Totaal bevolking;Assen;2017;74975;61608;7590;4170;3420;5777;3564;2213;106
2572;Totaal over alle leeftijden;Totaal bevolking;Assen;2018;76022;62123;7907;4418;3489;5992;3679;2313;106
2573;Totaal over alle leeftijden;Totaal bevolking;Assen;2019;77030;62569;8225;4692;3533;6236;3805;2431;106
2574;Totaal over alle leeftijden;Totaal bevolking;Assen;2020;77994;63010;8510;4938;3572;6474;3966;2508;106
2575;Totaal over alle leeftijden;Totaal bevolking;Assen;2021;78925;63423;8804;5172;3632;6698;4088;2610;106
2576;Totaal over alle leeftijden;Totaal bevolking;Assen;2022;79845;63799;9100;5401;3699;6946;4239;2707;106
2577;Totaal over alle leeftijden;Totaal bevolking;Assen;2023;80710;64132;9373;5612;3761;7205;4394;2811;106
2578;Totaal over alle leeftijden;Totaal bevolking;Assen;2024;81536;64365;9681;5820;3861;7490;4589;2901;106
2579;Totaal over alle leeftijden;Totaal bevolking;Assen;2025;82292;64563;9947;6048;3899;7782;4789;2993;106
2580;Totaal over alle leeftijden;Totaal bevolking;Asten;2006;16232;15149;638;216;422;445;260;185;743
2581;Totaal over alle leeftijden;Totaal bevolking;Asten;2007;16202;15100;651;216;435;451;265;186;743
2582;Totaal over alle leeftijden;Totaal bevolking;Asten;2008;16168;15043;661;218;443;464;273;191;743
2583;Totaal over alle leeftijden;Totaal bevolking;Asten;2009;16138;14969;692;236;456;477;279;198;743
2584;Totaal over alle leeftijden;Totaal bevolking;Asten;2010;16102;14928;697;242;455;477;276;201;743
2585;Totaal over alle leeftijden;Totaal bevolking;Asten;2011;16061;14889;692;240;452;480;275;205;743
2586;Totaal over alle leeftijden;Totaal bevolking;Asten;2012;16009;14836;694;243;451;479;279;200;743
2587;Totaal over alle leeftijden;Totaal bevolking;Asten;2013;15965;14785;706;256;450;474;279;195;743
2588;Totaal over alle leeftijden;Totaal bevolking;Asten;2014;15928;14735;701;256;445;492;292;200;743
2589;Totaal over alle leeftijden;Totaal bevolking;Asten;2015;15882;14670;703;262;441;509;299;210;743
2590;Totaal over alle leeftijden;Totaal bevolking;Asten;2016;15827;14625;692;270;422;510;290;220;743
2591;Totaal over alle leeftijden;Totaal bevolking;Asten;2017;15773;14564;702;269;433;507;288;219;743
2592;Totaal over alle leeftijden;Totaal bevolking;Asten;2018;15728;14505;719;286;433;504;286;218;743
2593;Totaal over alle leeftijden;Totaal bevolking;Asten;2019;15682;14446;727;288;439;509;294;215;743
2594;Totaal over alle leeftijden;Totaal bevolking;Asten;2020;15632;14376;736;296;440;520;297;223;743
2595;Totaal over alle leeftijden;Totaal bevolking;Asten;2021;15584;14330;745;302;443;509;289;220;743
2596;Totaal over alle leeftijden;Totaal bevolking;Asten;2022;15535;14276;749;305;444;510;291;219;743
2597;Totaal over alle leeftijden;Totaal bevolking;Asten;2023;15486;14217;749;306;443;520;301;219;743
2598;Totaal over alle leeftijden;Totaal bevolking;Asten;2024;15434;14152;756;308;448;526;300;226;743
2599;Totaal over alle leeftijden;Totaal bevolking;Asten;2025;15379;14091;750;308;442;538;307;231;743
2600;Totaal over alle leeftijden;Totaal bevolking;Baarle-Nassau;2006;6588;4866;1586;549;1037;136;88;48;744
2601;Totaal over alle leeftijden;Totaal bevolking;Baarle-Nassau;2007;6593;4878;1554;530;1024;161;107;54;744
2602;Totaal over alle leeftijden;Totaal bevolking;Baarle-Nassau;2008;6587;4861;1539;520;1019;187;122;65;744
2603;Totaal over alle leeftijden;Totaal bevolking;Baarle-Nassau;2009;6582;4871;1509;512;997;202;134;68;744
2604;Totaal over alle leeftijden;Totaal bevolking;Baarle-Nassau;2010;6575;4861;1504;512;992;210;133;77;744
2605;Totaal over alle leeftijden;Totaal bevolking;Baarle-Nassau;2011;6571;4867;1494;518;976;210;131;79;744
2606;Totaal over alle leeftijden;Totaal bevolking;Baarle-Nassau;2012;6565;4883;1456;508;948;226;143;83;744
2607;Totaal over alle leeftijden;Totaal bevolking;Baarle-Nassau;2013;6555;4866;1442;508;934;247;154;93;744
2608;Totaal over alle leeftijden;Totaal bevolking;Baarle-Nassau;2014;6535;4851;1423;506;917;261;163;98;744
2609;Totaal over alle leeftijden;Totaal bevolking;Baarle-Nassau;2015;6515;4844;1408;509;899;263;164;99;744
2610;Totaal over alle leeftijden;Totaal bevolking;Baarle-Nassau;2016;6499;4851;1369;497;872;279;173;106;744
2611;Totaal over alle leeftijden;Totaal bevolking;Baarle-Nassau;2017;6492;4845;1369;497;872;278;174;104;744
2612;Totaal over alle leeftijden;Totaal bevolking;Baarle-Nassau;2018;6480;4820;1363;496;867;297;185;112;744
2613;Totaal over alle leeftijden;Totaal bevolking;Baarle-Nassau;2019;6467;4807;1350;495;855;310;194;116;744
2614;Totaal over alle leeftijden;Totaal bevolking;Baarle-Nassau;2020;6455;4829;1307;481;826;319;201;118;744
2615;Totaal over alle leeftijden;Totaal bevolking;Baarle-Nassau;2021;6447;4819;1293;480;813;335;209;126;744
2616;Totaal over alle leeftijden;Totaal bevolking;Baarle-Nassau;2022;6425;4813;1282;475;807;330;211;119;744
2617;Totaal over alle leeftijden;Totaal bevolking;Baarle-Nassau;2023;6411;4796;1268;469;799;347;218;129;744
2618;Totaal over alle leeftijden;Totaal bevolking;Baarle-Nassau;2024;6393;4801;1225;458;767;367;228;139;744
2619;Totaal over alle leeftijden;Totaal bevolking;Baarle-Nassau;2025;6374;4780;1213;459;754;381;235;146;744
2620;Totaal over alle leeftijden;Totaal bevolking;Baarn;2006;24317;20502;2226;755;1471;1589;939;650;308
2621;Totaal over alle leeftijden;Totaal bevolking;Baarn;2007;24228;20338;2266;765;1501;1624;954;670;308
2622;Totaal over alle leeftijden;Totaal bevolking;Baarn;2008;24160;20186;2302;791;1511;1672;966;706;308
2623;Totaal over alle leeftijden;Totaal bevolking;Baarn;2009;24074;20009;2349;842;1507;1716;978;738;308
2624;Totaal over alle leeftijden;Totaal bevolking;Baarn;2010;23991;19818;2378;873;1505;1795;1019;776;308
2625;Totaal over alle leeftijden;Totaal bevolking;Baarn;2011;23899;19640;2433;925;1508;1826;1046;780;308
2626;Totaal over alle leeftijden;Totaal bevolking;Baarn;2012;23813;19453;2494;979;1515;1866;1075;791;308
2627;Totaal over alle leeftijden;Totaal bevolking;Baarn;2013;23748;19255;2574;1046;1528;1919;1081;838;308
2628;Totaal over alle leeftijden;Totaal bevolking;Baarn;2014;23677;19101;2624;1108;1516;1952;1102;850;308
2629;Totaal over alle leeftijden;Totaal bevolking;Baarn;2015;23597;18897;2698;1152;1546;2002;1122;880;308
2630;Totaal over alle leeftijden;Totaal bevolking;Baarn;2016;23532;18727;2734;1175;1559;2071;1151;920;308
2631;Totaal over alle leeftijden;Totaal bevolking;Baarn;2017;23444;18566;2767;1195;1572;2111;1161;950;308
2632;Totaal over alle leeftijden;Totaal bevolking;Baarn;2018;23374;18422;2798;1214;1584;2154;1176;978;308
2633;Totaal over alle leeftijden;Totaal bevolking;Baarn;2019;23304;18284;2840;1252;1588;2180;1186;994;308
2634;Totaal over alle leeftijden;Totaal bevolking;Baarn;2020;23251;18155;2871;1271;1600;2225;1207;1018;308
2635;Totaal over alle leeftijden;Totaal bevolking;Baarn;2021;23187;18010;2895;1296;1599;2282;1237;1045;308
2636;Totaal over alle leeftijden;Totaal bevolking;Baarn;2022;23135;17872;2907;1313;1594;2356;1282;1074;308
2637;Totaal over alle leeftijden;Totaal bevolking;Baarn;2023;23091;17772;2914;1335;1579;2405;1319;1086;308
2638;Totaal over alle leeftijden;Totaal bevolking;Baarn;2024;23046;17638;2950;1379;1571;2458;1351;1107;308
2639;Totaal over alle leeftijden;Totaal bevolking;Baarn;2025;23001;17490;2991;1413;1578;2520;1365;1155;308
2640;Totaal over alle leeftijden;Totaal bevolking;Barendrecht;2006;39814;34064;2682;990;1692;3068;1705;1363;489
2641;Totaal over alle leeftijden;Totaal bevolking;Barendrecht;2007;41125;34989;2792;1048;1744;3344;1905;1439;489
2642;Totaal over alle leeftijden;Totaal bevolking;Barendrecht;2008;42443;35905;2903;1124;1779;3635;2102;1533;489
2643;Totaal over alle leeftijden;Totaal bevolking;Barendrecht;2009;43765;36838;3035;1205;1830;3892;2275;1617;489
2644;Totaal over alle leeftijden;Totaal bevolking;Barendrecht;2010;45058;37743;3144;1271;1873;4171;2469;1702;489
2645;Totaal over alle leeftijden;Totaal bevolking;Barendrecht;2011;46379;38674;3256;1358;1898;4449;2654;1795;489
2646;Totaal over alle leeftijden;Totaal bevolking;Barendrecht;2012;47689;39624;3357;1425;1932;4708;2810;1898;489
2647;Totaal over alle leeftijden;Totaal bevolking;Barendrecht;2013;49019;40552;3471;1507;1964;4996;2990;2006;489
2648;Totaal over alle leeftijden;Totaal bevolking;Barendrecht;2014;50334;41433;3627;1607;2020;5274;3172;2102;489
2649;Totaal over alle leeftijden;Totaal bevolking;Barendrecht;2015;51592;42318;3738;1682;2056;5536;3349;2187;489
2650;Totaal over alle leeftijden;Totaal bevolking;Barendrecht;2016;52813;43198;3833;1759;2074;5782;3495;2287;489
2651;Totaal over alle leeftijden;Totaal bevolking;Barendrecht;2017;53999;44055;3934;1833;2101;6010;3638;2372;489
2652;Totaal over alle leeftijden;Totaal bevolking;Barendrecht;2018;55147;44898;4030;1888;2142;6219;3750;2469;489
2653;Totaal over alle leeftijden;Totaal bevolking;Barendrecht;2019;56261;45722;4126;1964;2162;6413;3860;2553;489
2654;Totaal over alle leeftijden;Totaal bevolking;Barendrecht;2020;57337;46502;4218;2014;2204;6617;3984;2633;489
2655;Totaal over alle leeftijden;Totaal bevolking;Barendrecht;2021;58384;47306;4306;2065;2241;6772;4056;2716;489
2656;Totaal over alle leeftijden;Totaal bevolking;Barendrecht;2022;59377;48066;4397;2119;2278;6914;4122;2792;489
2657;Totaal over alle leeftijden;Totaal bevolking;Barendrecht;2023;60335;48790;4480;2178;2302;7065;4180;2885;489
2658;Totaal over alle leeftijden;Totaal bevolking;Barendrecht;2024;61220;49436;4554;2238;2316;7230;4268;2962;489
2659;Totaal over alle leeftijden;Totaal bevolking;Barendrecht;2025;62047;50062;4644;2294;2350;7341;4329;3012;489
2660;Totaal over alle leeftijden;Totaal bevolking;Barneveld;2006;50745;46412;2193;935;1258;2140;1373;767;203
2661;Totaal over alle leeftijden;Totaal bevolking;Barneveld;2007;51107;46600;2253;980;1273;2254;1423;831;203
2662;Totaal over alle leeftijden;Totaal bevolking;Barneveld;2008;51263;46566;2311;1013;1298;2386;1479;907;203
2663;Totaal over alle leeftijden;Totaal bevolking;Barneveld;2009;51416;46531;2379;1058;1321;2506;1535;971;203
2664;Totaal over alle leeftijden;Totaal bevolking;Barneveld;2010;51560;46460;2456;1115;1341;2644;1599;1045;203
2665;Totaal over alle leeftijden;Totaal bevolking;Barneveld;2011;51693;46379;2545;1182;1363;2769;1637;1132;203
2666;Totaal over alle leeftijden;Totaal bevolking;Barneveld;2012;51826;46266;2652;1269;1383;2908;1702;1206;203
2667;Totaal over alle leeftijden;Totaal bevolking;Barneveld;2013;51959;46187;2736;1331;1405;3036;1749;1287;203
2668;Totaal over alle leeftijden;Totaal bevolking;Barneveld;2014;52085;46083;2836;1415;1421;3166;1821;1345;203
2669;Totaal over alle leeftijden;Totaal bevolking;Barneveld;2015;52192;45975;2930;1494;1436;3287;1860;1427;203
2670;Totaal over alle leeftijden;Totaal bevolking;Barneveld;2016;52306;45839;3037;1590;1447;3430;1923;1507;203
2671;Totaal over alle leeftijden;Totaal bevolking;Barneveld;2017;52427;45715;3137;1672;1465;3575;1995;1580;203
2672;Totaal over alle leeftijden;Totaal bevolking;Barneveld;2018;52519;45557;3238;1747;1491;3724;2085;1639;203
2673;Totaal over alle leeftijden;Totaal bevolking;Barneveld;2019;52617;45390;3351;1823;1528;3876;2180;1696;203
2674;Totaal over alle leeftijden;Totaal bevolking;Barneveld;2020;52719;45195;3475;1934;1541;4049;2297;1752;203
2675;Totaal over alle leeftijden;Totaal bevolking;Barneveld;2021;52813;45025;3571;2022;1549;4217;2389;1828;203
2676;Totaal over alle leeftijden;Totaal bevolking;Barneveld;2022;52894;44843;3690;2099;1591;4361;2476;1885;203
2677;Totaal over alle leeftijden;Totaal bevolking;Barneveld;2023;52962;44698;3751;2171;1580;4513;2553;1960;203
2678;Totaal over alle leeftijden;Totaal bevolking;Barneveld;2024;53015;44548;3810;2225;1585;4657;2615;2042;203
2679;Totaal over alle leeftijden;Totaal bevolking;Barneveld;2025;53079;44394;3867;2271;1596;4818;2724;2094;203
2680;Totaal over alle leeftijden;Totaal bevolking;Bedum;2006;10758;10140;439;138;301;179;119;60;5
2681;Totaal over alle leeftijden;Totaal bevolking;Bedum;2007;10901;10208;472;155;317;221;152;69;5
2682;Totaal over alle leeftijden;Totaal bevolking;Bedum;2008;11184;10412;517;165;352;255;184;71;5
2683;Totaal over alle leeftijden;Totaal bevolking;Bedum;2009;11527;10643;574;195;379;310;228;82;5
2684;Totaal over alle leeftijden;Totaal bevolking;Bedum;2010;11876;10899;622;227;395;355;261;94;5
2685;Totaal over alle leeftijden;Totaal bevolking;Bedum;2011;12228;11141;674;262;412;413;310;103;5
2686;Totaal over alle leeftijden;Totaal bevolking;Bedum;2012;12590;11366;746;306;440;478;363;115;5
2687;Totaal over alle leeftijden;Totaal bevolking;Bedum;2013;12942;11565;822;346;476;555;430;125;5
2688;Totaal over alle leeftijden;Totaal bevolking;Bedum;2014;13293;11777;896;394;502;620;481;139;5
2689;Totaal over alle leeftijden;Totaal bevolking;Bedum;2015;13639;11958;980;445;535;701;551;150;5
2690;Totaal over alle leeftijden;Totaal bevolking;Bedum;2016;13984;12136;1065;504;561;783;619;164;5
2691;Totaal over alle leeftijden;Totaal bevolking;Bedum;2017;14315;12326;1142;550;592;847;671;176;5
2692;Totaal over alle leeftijden;Totaal bevolking;Bedum;2018;14623;12498;1211;620;591;914;726;188;5
2693;Totaal over alle leeftijden;Totaal bevolking;Bedum;2019;14933;12661;1295;692;603;977;776;201;5
2694;Totaal over alle leeftijden;Totaal bevolking;Bedum;2020;15224;12790;1388;754;634;1046;829;217;5
2695;Totaal over alle leeftijden;Totaal bevolking;Bedum;2021;15514;12915;1476;810;666;1123;890;233;5
2696;Totaal over alle leeftijden;Totaal bevolking;Bedum;2022;15801;12992;1583;889;694;1226;969;257;5
2697;Totaal over alle leeftijden;Totaal bevolking;Bedum;2023;16076;13073;1691;961;730;1312;1032;280;5
2698;Totaal over alle leeftijden;Totaal bevolking;Bedum;2024;16317;13179;1774;1033;741;1364;1073;291;5
2699;Totaal over alle leeftijden;Totaal bevolking;Bedum;2025;16545;13230;1877;1105;772;1438;1134;304;5
2700;Totaal over alle leeftijden;Totaal bevolking;Beek (L.);2006;16757;14428;1823;491;1332;506;292;214;888
2701;Totaal over alle leeftijden;Totaal bevolking;Beek (L.);2007;16577;14280;1792;488;1304;505;286;219;888
2702;Totaal over alle leeftijden;Totaal bevolking;Beek (L.);2008;16401;14140;1759;476;1283;502;283;219;888
2703;Totaal over alle leeftijden;Totaal bevolking;Beek (L.);2009;16228;13999;1731;468;1263;498;274;224;888
2704;Totaal over alle leeftijden;Totaal bevolking;Beek (L.);2010;16046;13871;1684;452;1232;491;265;226;888
2705;Totaal over alle leeftijden;Totaal bevolking;Beek (L.);2011;15872;13725;1666;446;1220;481;251;230;888
2706;Totaal over alle leeftijden;Totaal bevolking;Beek (L.);2012;15699;13567;1649;445;1204;483;251;232;888
2707;Totaal over alle leeftijden;Totaal bevolking;Beek (L.);2013;15520;13395;1634;448;1186;491;265;226;888
2708;Totaal over alle leeftijden;Totaal bevolking;Beek (L.);2014;15345;13250;1609;432;1177;486;256;230;888
2709;Totaal over alle leeftijden;Totaal bevolking;Beek (L.);2015;15173;13086;1596;432;1164;491;264;227;888
2710;Totaal over alle leeftijden;Totaal bevolking;Beek (L.);2016;15007;12920;1591;437;1154;496;268;228;888
2711;Totaal over alle leeftijden;Totaal bevolking;Beek (L.);2017;14840;12767;1572;433;1139;501;267;234;888
2712;Totaal over alle leeftijden;Totaal bevolking;Beek (L.);2018;14678;12620;1546;427;1119;512;272;240;888
2713;Totaal over alle leeftijden;Totaal bevolking;Beek (L.);2019;14516;12480;1524;433;1091;512;269;243;888
2714;Totaal over alle leeftijden;Totaal bevolking;Beek (L.);2020;14355;12313;1526;424;1102;516;271;245;888
2715;Totaal over alle leeftijden;Totaal bevolking;Beek (L.);2021;14205;12186;1496;420;1076;523;275;248;888
2716;Totaal over alle leeftijden;Totaal bevolking;Beek (L.);2022;14041;12045;1477;419;1058;519;268;251;888
2717;Totaal over alle leeftijden;Totaal bevolking;Beek (L.);2023;13887;11931;1445;410;1035;511;259;252;888
2718;Totaal over alle leeftijden;Totaal bevolking;Beek (L.);2024;13738;11801;1434;413;1021;503;260;243;888
2719;Totaal over alle leeftijden;Totaal bevolking;Beek (L.);2025;13588;11668;1413;411;1002;507;263;244;888
2720;Totaal over alle leeftijden;Totaal bevolking;Beemster;2006;8644;7827;568;181;387;249;158;91;370
2721;Totaal over alle leeftijden;Totaal bevolking;Beemster;2007;8704;7810;618;205;413;276;175;101;370
2722;Totaal over alle leeftijden;Totaal bevolking;Beemster;2008;8759;7789;652;217;435;318;199;119;370
2723;Totaal over alle leeftijden;Totaal bevolking;Beemster;2009;8818;7768;682;228;454;368;231;137;370
2724;Totaal over alle leeftijden;Totaal bevolking;Beemster;2010;8902;7762;729;243;486;411;256;155;370
2725;Totaal over alle leeftijden;Totaal bevolking;Beemster;2011;8989;7774;772;266;506;443;268;175;370
2726;Totaal over alle leeftijden;Totaal bevolking;Beemster;2012;9068;7773;814;276;538;481;290;191;370
2727;Totaal over alle leeftijden;Totaal bevolking;Beemster;2013;9152;7770;844;280;564;538;318;220;370
2728;Totaal over alle leeftijden;Totaal bevolking;Beemster;2014;9225;7752;890;296;594;583;346;237;370
2729;Totaal over alle leeftijden;Totaal bevolking;Beemster;2015;9292;7738;920;297;623;634;369;265;370
2730;Totaal over alle leeftijden;Totaal bevolking;Beemster;2016;9365;7730;948;310;638;687;391;296;370
2731;Totaal over alle leeftijden;Totaal bevolking;Beemster;2017;9436;7731;977;317;660;728;412;316;370
2732;Totaal over alle leeftijden;Totaal bevolking;Beemster;2018;9503;7722;1009;332;677;772;435;337;370
2733;Totaal over alle leeftijden;Totaal bevolking;Beemster;2019;9566;7720;1033;345;688;813;449;364;370
2734;Totaal over alle leeftijden;Totaal bevolking;Beemster;2020;9620;7695;1074;368;706;851;460;391;370
2735;Totaal over alle leeftijden;Totaal bevolking;Beemster;2021;9683;7655;1120;395;725;908;490;418;370
2736;Totaal over alle leeftijden;Totaal bevolking;Beemster;2022;9733;7639;1145;409;736;949;507;442;370
2737;Totaal over alle leeftijden;Totaal bevolking;Beemster;2023;9779;7618;1175;422;753;986;526;460;370
2738;Totaal over alle leeftijden;Totaal bevolking;Beemster;2024;9832;7583;1209;435;774;1040;552;488;370
2739;Totaal over alle leeftijden;Totaal bevolking;Beemster;2025;9877;7551;1245;449;796;1081;572;509;370
2740;Totaal over alle leeftijden;Totaal bevolking;Beesel;2006;13474;11372;1497;457;1040;605;357;248;889
2741;Totaal over alle leeftijden;Totaal bevolking;Beesel;2007;13488;11365;1503;465;1038;620;367;253;889
2742;Totaal over alle leeftijden;Totaal bevolking;Beesel;2008;13469;11337;1499;468;1031;633;376;257;889
2743;Totaal over alle leeftijden;Totaal bevolking;Beesel;2009;13450;11306;1504;479;1025;640;381;259;889
2744;Totaal over alle leeftijden;Totaal bevolking;Beesel;2010;13428;11289;1501;480;1021;638;373;265;889
2745;Totaal over alle leeftijden;Totaal bevolking;Beesel;2011;13406;11255;1507;489;1018;644;378;266;889
2746;Totaal over alle leeftijden;Totaal bevolking;Beesel;2012;13384;11214;1515;487;1028;655;391;264;889
2747;Totaal over alle leeftijden;Totaal bevolking;Beesel;2013;13353;11189;1513;487;1026;651;393;258;889
2748;Totaal over alle leeftijden;Totaal bevolking;Beesel;2014;13328;11167;1506;490;1016;655;392;263;889
2749;Totaal over alle leeftijden;Totaal bevolking;Beesel;2015;13300;11132;1505;504;1001;663;401;262;889
2750;Totaal over alle leeftijden;Totaal bevolking;Beesel;2016;13261;11116;1486;499;987;659;390;269;889
2751;Totaal over alle leeftijden;Totaal bevolking;Beesel;2017;13229;11096;1479;493;986;654;385;269;889
2752;Totaal over alle leeftijden;Totaal bevolking;Beesel;2018;13190;11054;1483;497;986;653;391;262;889
2753;Totaal over alle leeftijden;Totaal bevolking;Beesel;2019;13161;11021;1479;500;979;661;395;266;889
2754;Totaal over alle leeftijden;Totaal bevolking;Beesel;2020;13128;10989;1467;489;978;672;395;277;889
2755;Totaal over alle leeftijden;Totaal bevolking;Beesel;2021;13094;10964;1458;482;976;672;393;279;889
2756;Totaal over alle leeftijden;Totaal bevolking;Beesel;2022;13050;10925;1451;484;967;674;393;281;889
2757;Totaal over alle leeftijden;Totaal bevolking;Beesel;2023;13015;10902;1445;486;959;668;389;279;889
2758;Totaal over alle leeftijden;Totaal bevolking;Beesel;2024;12986;10871;1451;489;962;664;388;276;889
2759;Totaal over alle leeftijden;Totaal bevolking;Beesel;2025;12946;10841;1443;481;962;662;388;274;889
2760;Totaal over alle leeftijden;Totaal bevolking;Bellingwedde;2006;9586;8484;847;350;497;255;198;57;7
2761;Totaal over alle leeftijden;Totaal bevolking;Bellingwedde;2007;9536;8424;845;348;497;267;200;67;7
2762;Totaal over alle leeftijden;Totaal bevolking;Bellingwedde;2008;9461;8351;834;351;483;276;204;72;7
2763;Totaal over alle leeftijden;Totaal bevolking;Bellingwedde;2009;9390;8259;835;349;486;296;218;78;7
2764;Totaal over alle leeftijden;Totaal bevolking;Bellingwedde;2010;9327;8174;838;360;478;315;231;84;7
2765;Totaal over alle leeftijden;Totaal bevolking;Bellingwedde;2011;9259;8084;835;364;471;340;249;91;7
2766;Totaal over alle leeftijden;Totaal bevolking;Bellingwedde;2012;9184;8002;832;376;456;350;258;92;7
2767;Totaal over alle leeftijden;Totaal bevolking;Bellingwedde;2013;9109;7922;827;385;442;360;266;94;7
2768;Totaal over alle leeftijden;Totaal bevolking;Bellingwedde;2014;9044;7818;844;402;442;382;283;99;7
2769;Totaal over alle leeftijden;Totaal bevolking;Bellingwedde;2015;8977;7736;846;420;426;395;292;103;7
2770;Totaal over alle leeftijden;Totaal bevolking;Bellingwedde;2016;8915;7653;857;436;421;405;295;110;7
2771;Totaal over alle leeftijden;Totaal bevolking;Bellingwedde;2017;8855;7566;873;442;431;416;294;122;7
2772;Totaal over alle leeftijden;Totaal bevolking;Bellingwedde;2018;8802;7507;880;455;425;415;285;130;7
2773;Totaal over alle leeftijden;Totaal bevolking;Bellingwedde;2019;8747;7448;875;457;418;424;297;127;7
2774;Totaal over alle leeftijden;Totaal bevolking;Bellingwedde;2020;8688;7378;867;457;410;443;307;136;7
2775;Totaal over alle leeftijden;Totaal bevolking;Bellingwedde;2021;8634;7306;869;463;406;459;327;132;7
2776;Totaal over alle leeftijden;Totaal bevolking;Bellingwedde;2022;8576;7220;891;483;408;465;328;137;7
2777;Totaal over alle leeftijden;Totaal bevolking;Bellingwedde;2023;8513;7140;888;481;407;485;342;143;7
2778;Totaal over alle leeftijden;Totaal bevolking;Bellingwedde;2024;8461;7066;910;496;414;485;347;138;7
2779;Totaal over alle leeftijden;Totaal bevolking;Bellingwedde;2025;8409;6995;910;509;401;504;358;146;7
2780;Totaal over alle leeftijden;Totaal bevolking;Bennebroek;2006;5265;4438;582;224;358;245;154;91;372
2781;Totaal over alle leeftijden;Totaal bevolking;Bennebroek;2007;5223;4318;616;238;378;289;193;96;372
2782;Totaal over alle leeftijden;Totaal bevolking;Bennebroek;2008;5202;4232;630;254;376;340;233;107;372
2783;Totaal over alle leeftijden;Totaal bevolking;Bennebroek;2009;5166;4153;629;254;375;384;261;123;372
2784;Totaal over alle leeftijden;Totaal bevolking;Bennebroek;2010;5124;4048;653;273;380;423;279;144;372
2785;Totaal over alle leeftijden;Totaal bevolking;Bennebroek;2011;5086;3954;676;289;387;456;298;158;372
2786;Totaal over alle leeftijden;Totaal bevolking;Bennebroek;2012;5040;3862;698;309;389;480;307;173;372
2787;Totaal over alle leeftijden;Totaal bevolking;Bennebroek;2013;4986;3763;724;319;405;499;323;176;372
2788;Totaal over alle leeftijden;Totaal bevolking;Bennebroek;2014;4942;3650;763;335;428;529;335;194;372
2789;Totaal over alle leeftijden;Totaal bevolking;Bennebroek;2015;4897;3562;791;353;438;544;350;194;372
2790;Totaal over alle leeftijden;Totaal bevolking;Bennebroek;2016;4861;3454;829;378;451;578;364;214;372
2791;Totaal over alle leeftijden;Totaal bevolking;Bennebroek;2017;4816;3366;858;402;456;592;369;223;372
2792;Totaal over alle leeftijden;Totaal bevolking;Bennebroek;2018;4757;3268;873;421;452;616;377;239;372
2793;Totaal over alle leeftijden;Totaal bevolking;Bennebroek;2019;4705;3178;883;437;446;644;384;260;372
2794;Totaal over alle leeftijden;Totaal bevolking;Bennebroek;2020;4667;3113;893;441;452;661;391;270;372
2795;Totaal over alle leeftijden;Totaal bevolking;Bennebroek;2021;4625;3033;915;462;453;677;391;286;372
2796;Totaal over alle leeftijden;Totaal bevolking;Bennebroek;2022;4578;2952;923;470;453;703;397;306;372
2797;Totaal over alle leeftijden;Totaal bevolking;Bennebroek;2023;4540;2896;914;468;446;730;414;316;372
2798;Totaal over alle leeftijden;Totaal bevolking;Bennebroek;2024;4505;2823;924;470;454;758;433;325;372
2799;Totaal over alle leeftijden;Totaal bevolking;Bennebroek;2025;4455;2770;914;456;458;771;429;342;372
2800;Totaal over alle leeftijden;Totaal bevolking;Bergambacht;2006;9356;8623;450;167;283;283;158;125;491
2801;Totaal over alle leeftijden;Totaal bevolking;Bergambacht;2007;9345;8542;485;175;310;318;183;135;491
2802;Totaal over alle leeftijden;Totaal bevolking;Bergambacht;2008;9330;8476;510;186;324;344;200;144;491
2803;Totaal over alle leeftijden;Totaal bevolking;Bergambacht;2009;9302;8370;550;200;350;382;222;160;491
2804;Totaal over alle leeftijden;Totaal bevolking;Bergambacht;2010;9271;8286;585;213;372;400;233;167;491
2805;Totaal over alle leeftijden;Totaal bevolking;Bergambacht;2011;9232;8191;616;220;396;425;244;181;491
2806;Totaal over alle leeftijden;Totaal bevolking;Bergambacht;2012;9207;8104;648;227;421;455;260;195;491
2807;Totaal over alle leeftijden;Totaal bevolking;Bergambacht;2013;9166;8009;673;231;442;484;276;208;491
2808;Totaal over alle leeftijden;Totaal bevolking;Bergambacht;2014;9118;7917;697;235;462;504;280;224;491
2809;Totaal over alle leeftijden;Totaal bevolking;Bergambacht;2015;9080;7824;722;242;480;534;302;232;491
2810;Totaal over alle leeftijden;Totaal bevolking;Bergambacht;2016;9045;7726;756;251;505;563;317;246;491
2811;Totaal over alle leeftijden;Totaal bevolking;Bergambacht;2017;9004;7638;775;259;516;591;334;257;491
2812;Totaal over alle leeftijden;Totaal bevolking;Bergambacht;2018;8969;7548;794;265;529;627;357;270;491
2813;Totaal over alle leeftijden;Totaal bevolking;Bergambacht;2019;8928;7443;819;279;540;666;378;288;491
2814;Totaal over alle leeftijden;Totaal bevolking;Bergambacht;2020;8880;7330;862;294;568;688;382;306;491
2815;Totaal over alle leeftijden;Totaal bevolking;Bergambacht;2021;8822;7247;878;304;574;697;380;317;491
2816;Totaal over alle leeftijden;Totaal bevolking;Bergambacht;2022;8792;7168;907;323;584;717;390;327;491
2817;Totaal over alle leeftijden;Totaal bevolking;Bergambacht;2023;8749;7072;932;328;604;745;404;341;491
2818;Totaal over alle leeftijden;Totaal bevolking;Bergambacht;2024;8696;6985;953;337;616;758;414;344;491
2819;Totaal over alle leeftijden;Totaal bevolking;Bergambacht;2025;8653;6894;980;349;631;779;427;352;491
2820;Totaal over alle leeftijden;Totaal bevolking;Bergeijk;2006;18068;16466;1326;353;973;276;174;102;1724
2821;Totaal over alle leeftijden;Totaal bevolking;Bergeijk;2007;18060;16452;1321;351;970;287;180;107;1724
2822;Totaal over alle leeftijden;Totaal bevolking;Bergeijk;2008;18051;16429;1321;356;965;301;190;111;1724
2823;Totaal over alle leeftijden;Totaal bevolking;Bergeijk;2009;18043;16399;1327;358;969;317;205;112;1724
2824;Totaal over alle leeftijden;Totaal bevolking;Bergeijk;2010;18020;16371;1325;362;963;324;215;109;1724
2825;Totaal over alle leeftijden;Totaal bevolking;Bergeijk;2011;18000;16346;1329;359;970;325;216;109;1724
2826;Totaal over alle leeftijden;Totaal bevolking;Bergeijk;2012;17968;16305;1335;367;968;328;211;117;1724
2827;Totaal over alle leeftijden;Totaal bevolking;Bergeijk;2013;17936;16246;1361;375;986;329;218;111;1724
2828;Totaal over alle leeftijden;Totaal bevolking;Bergeijk;2014;17902;16207;1362;374;988;333;218;115;1724
2829;Totaal over alle leeftijden;Totaal bevolking;Bergeijk;2015;17861;16140;1377;384;993;344;227;117;1724
2830;Totaal over alle leeftijden;Totaal bevolking;Bergeijk;2016;17823;16088;1384;389;995;351;229;122;1724
2831;Totaal over alle leeftijden;Totaal bevolking;Bergeijk;2017;17778;16047;1369;373;996;362;236;126;1724
2832;Totaal over alle leeftijden;Totaal bevolking;Bergeijk;2018;17739;16014;1366;374;992;359;229;130;1724
2833;Totaal over alle leeftijden;Totaal bevolking;Bergeijk;2019;17694;15965;1360;370;990;369;237;132;1724
2834;Totaal over alle leeftijden;Totaal bevolking;Bergeijk;2020;17652;15913;1358;376;982;381;246;135;1724
2835;Totaal over alle leeftijden;Totaal bevolking;Bergeijk;2021;17615;15888;1336;374;962;391;256;135;1724
2836;Totaal over alle leeftijden;Totaal bevolking;Bergeijk;2022;17577;15837;1326;378;948;414;267;147;1724
2837;Totaal over alle leeftijden;Totaal bevolking;Bergeijk;2023;17542;15767;1344;380;964;431;283;148;1724
2838;Totaal over alle leeftijden;Totaal bevolking;Bergeijk;2024;17501;15716;1342;379;963;443;291;152;1724
2839;Totaal over alle leeftijden;Totaal bevolking;Bergeijk;2025;17459;15672;1327;381;946;460;298;162;1724
2840;Totaal over alle leeftijden;Totaal bevolking;Bergen (L.);2006;13506;11318;1938;637;1301;250;185;65;893
2841;Totaal over alle leeftijden;Totaal bevolking;Bergen (L.);2007;13476;11314;1914;619;1295;248;178;70;893
2842;Totaal over alle leeftijden;Totaal bevolking;Bergen (L.);2008;13440;11287;1898;606;1292;255;180;75;893
2843;Totaal over alle leeftijden;Totaal bevolking;Bergen (L.);2009;13407;11233;1902;602;1300;272;192;80;893
2844;Totaal over alle leeftijden;Totaal bevolking;Bergen (L.);2010;13365;11204;1888;592;1296;273;189;84;893
2845;Totaal over alle leeftijden;Totaal bevolking;Bergen (L.);2011;13320;11160;1880;582;1298;280;194;86;893
2846;Totaal over alle leeftijden;Totaal bevolking;Bergen (L.);2012;13280;11134;1864;577;1287;282;194;88;893
2847;Totaal over alle leeftijden;Totaal bevolking;Bergen (L.);2013;13237;11089;1860;571;1289;288;196;92;893
2848;Totaal over alle leeftijden;Totaal bevolking;Bergen (L.);2014;13195;11068;1839;561;1278;288;192;96;893
2849;Totaal over alle leeftijden;Totaal bevolking;Bergen (L.);2015;13152;11012;1832;546;1286;308;207;101;893
2850;Totaal over alle leeftijden;Totaal bevolking;Bergen (L.);2016;13102;10975;1801;540;1261;326;214;112;893
2851;Totaal over alle leeftijden;Totaal bevolking;Bergen (L.);2017;13061;10951;1778;536;1242;332;216;116;893
2852;Totaal over alle leeftijden;Totaal bevolking;Bergen (L.);2018;13013;10900;1770;528;1242;343;226;117;893
2853;Totaal over alle leeftijden;Totaal bevolking;Bergen (L.);2019;12960;10867;1740;510;1230;353;232;121;893
2854;Totaal over alle leeftijden;Totaal bevolking;Bergen (L.);2020;12914;10821;1732;515;1217;361;237;124;893
2855;Totaal over alle leeftijden;Totaal bevolking;Bergen (L.);2021;12872;10772;1721;522;1199;379;249;130;893
2856;Totaal over alle leeftijden;Totaal bevolking;Bergen (L.);2022;12833;10759;1685;516;1169;389;251;138;893
2857;Totaal over alle leeftijden;Totaal bevolking;Bergen (L.);2023;12782;10709;1677;515;1162;396;255;141;893
2858;Totaal over alle leeftijden;Totaal bevolking;Bergen (L.);2024;12738;10653;1679;520;1159;406;260;146;893
2859;Totaal over alle leeftijden;Totaal bevolking;Bergen (L.);2025;12687;10611;1659;511;1148;417;266;151;893
2860;Totaal over alle leeftijden;Totaal bevolking;Bergen (NH.);2006;31957;28051;2940;1286;1654;966;634;332;373
2861;Totaal over alle leeftijden;Totaal bevolking;Bergen (NH.);2007;32068;28131;2923;1249;1674;1014;659;355;373
2862;Totaal over alle leeftijden;Totaal bevolking;Bergen (NH.);2008;32210;28195;2944;1247;1697;1071;677;394;373
2863;Totaal over alle leeftijden;Totaal bevolking;Bergen (NH.);2009;32348;28274;2964;1251;1713;1110;702;408;373
2864;Totaal over alle leeftijden;Totaal bevolking;Bergen (NH.);2010;32458;28325;2980;1244;1736;1153;725;428;373
2865;Totaal over alle leeftijden;Totaal bevolking;Bergen (NH.);2011;32546;28365;2996;1252;1744;1185;730;455;373
2866;Totaal over alle leeftijden;Totaal bevolking;Bergen (NH.);2012;32645;28441;2980;1229;1751;1224;745;479;373
2867;Totaal over alle leeftijden;Totaal bevolking;Bergen (NH.);2013;32739;28477;3013;1246;1767;1249;746;503;373
2868;Totaal over alle leeftijden;Totaal bevolking;Bergen (NH.);2014;32836;28526;3015;1242;1773;1295;763;532;373
2869;Totaal over alle leeftijden;Totaal bevolking;Bergen (NH.);2015;32937;28563;3038;1265;1773;1336;772;564;373
2870;Totaal over alle leeftijden;Totaal bevolking;Bergen (NH.);2016;33021;28605;3029;1255;1774;1387;806;581;373
2871;Totaal over alle leeftijden;Totaal bevolking;Bergen (NH.);2017;33117;28658;3037;1251;1786;1422;813;609;373
2872;Totaal over alle leeftijden;Totaal bevolking;Bergen (NH.);2018;33211;28718;3037;1251;1786;1456;819;637;373
2873;Totaal over alle leeftijden;Totaal bevolking;Bergen (NH.);2019;33321;28737;3070;1268;1802;1514;848;666;373
2874;Totaal over alle leeftijden;Totaal bevolking;Bergen (NH.);2020;33420;28786;3067;1266;1801;1567;876;691;373
2875;Totaal over alle leeftijden;Totaal bevolking;Bergen (NH.);2021;33520;28851;3077;1271;1806;1592;888;704;373
2876;Totaal over alle leeftijden;Totaal bevolking;Bergen (NH.);2022;33622;28920;3075;1260;1815;1627;906;721;373
2877;Totaal over alle leeftijden;Totaal bevolking;Bergen (NH.);2023;33726;28982;3048;1245;1803;1696;933;763;373
2878;Totaal over alle leeftijden;Totaal bevolking;Bergen (NH.);2024;33835;29024;3039;1233;1806;1772;967;805;373
2879;Totaal over alle leeftijden;Totaal bevolking;Bergen (NH.);2025;33931;29066;3044;1235;1809;1821;986;835;373
2880;Totaal over alle leeftijden;Totaal bevolking;Bergen op Zoom;2006;66050;51945;5669;2309;3360;8436;4697;3739;748
2881;Totaal over alle leeftijden;Totaal bevolking;Bergen op Zoom;2007;66007;51718;5698;2350;3348;8591;4716;3875;748
2882;Totaal over alle leeftijden;Totaal bevolking;Bergen op Zoom;2008;65840;51407;5688;2386;3302;8745;4735;4010;748
2883;Totaal over alle leeftijden;Totaal bevolking;Bergen op Zoom;2009;65655;51128;5684;2419;3265;8843;4711;4132;748
2884;Totaal over alle leeftijden;Totaal bevolking;Bergen op Zoom;2010;65465;50812;5691;2467;3224;8962;4721;4241;748
2885;Totaal over alle leeftijden;Totaal bevolking;Bergen op Zoom;2011;65309;50470;5755;2564;3191;9084;4736;4348;748
2886;Totaal over alle leeftijden;Totaal bevolking;Bergen op Zoom;2012;65127;50130;5811;2657;3154;9186;4764;4422;748
2887;Totaal over alle leeftijden;Totaal bevolking;Bergen op Zoom;2013;64940;49782;5855;2742;3113;9303;4795;4508;748
2888;Totaal over alle leeftijden;Totaal bevolking;Bergen op Zoom;2014;64772;49452;5919;2834;3085;9401;4846;4555;748
2889;Totaal over alle leeftijden;Totaal bevolking;Bergen op Zoom;2015;64607;49082;5999;2941;3058;9526;4906;4620;748
2890;Totaal over alle leeftijden;Totaal bevolking;Bergen op Zoom;2016;64434;48746;6072;3003;3069;9616;4939;4677;748
2891;Totaal over alle leeftijden;Totaal bevolking;Bergen op Zoom;2017;64272;48439;6116;3069;3047;9717;5007;4710;748
2892;Totaal over alle leeftijden;Totaal bevolking;Bergen op Zoom;2018;64095;48099;6186;3154;3032;9810;5076;4734;748
2893;Totaal over alle leeftijden;Totaal bevolking;Bergen op Zoom;2019;63912;47774;6255;3205;3050;9883;5089;4794;748
2894;Totaal over alle leeftijden;Totaal bevolking;Bergen op Zoom;2020;63749;47487;6281;3257;3024;9981;5136;4845;748
2895;Totaal over alle leeftijden;Totaal bevolking;Bergen op Zoom;2021;63587;47180;6315;3298;3017;10092;5213;4879;748
2896;Totaal over alle leeftijden;Totaal bevolking;Bergen op Zoom;2022;63411;46903;6318;3307;3011;10190;5282;4908;748
2897;Totaal over alle leeftijden;Totaal bevolking;Bergen op Zoom;2023;63253;46586;6383;3344;3039;10284;5367;4917;748
2898;Totaal over alle leeftijden;Totaal bevolking;Bergen op Zoom;2024;63100;46285;6432;3376;3056;10383;5451;4932;748
2899;Totaal over alle leeftijden;Totaal bevolking;Bergen op Zoom;2025;62941;45998;6469;3395;3074;10474;5522;4952;748
2900;Totaal over alle leeftijden;Totaal bevolking;Bergschenhoek;2006;16277;13946;1190;416;774;1141;606;535;492
2901;Totaal over alle leeftijden;Totaal bevolking;Bergschenhoek;2007;16346;13966;1209;418;791;1171;621;550;492
2902;Totaal over alle leeftijden;Totaal bevolking;Bergschenhoek;2008;16417;13976;1239;425;814;1202;628;574;492
2903;Totaal over alle leeftijden;Totaal bevolking;Bergschenhoek;2009;16484;13962;1282;426;856;1240;649;591;492
2904;Totaal over alle leeftijden;Totaal bevolking;Bergschenhoek;2010;16545;13947;1309;428;881;1289;685;604;492
2905;Totaal over alle leeftijden;Totaal bevolking;Bergschenhoek;2011;16601;13940;1339;441;898;1322;703;619;492
2906;Totaal over alle leeftijden;Totaal bevolking;Bergschenhoek;2012;16662;13936;1348;440;908;1378;724;654;492
2907;Totaal over alle leeftijden;Totaal bevolking;Bergschenhoek;2013;16741;13908;1396;453;943;1437;748;689;492
2908;Totaal over alle leeftijden;Totaal bevolking;Bergschenhoek;2014;16817;13883;1442;474;968;1492;766;726;492
2909;Totaal over alle leeftijden;Totaal bevolking;Bergschenhoek;2015;16884;13858;1475;491;984;1551;794;757;492
2910;Totaal over alle leeftijden;Totaal bevolking;Bergschenhoek;2016;16946;13839;1492;498;994;1615;827;788;492
2911;Totaal over alle leeftijden;Totaal bevolking;Bergschenhoek;2017;17002;13797;1526;503;1023;1679;856;823;492
2912;Totaal over alle leeftijden;Totaal bevolking;Bergschenhoek;2018;17058;13785;1548;521;1027;1725;878;847;492
2913;Totaal over alle leeftijden;Totaal bevolking;Bergschenhoek;2019;17121;13753;1574;534;1040;1794;906;888;492
2914;Totaal over alle leeftijden;Totaal bevolking;Bergschenhoek;2020;17179;13745;1602;548;1054;1832;930;902;492
2915;Totaal over alle leeftijden;Totaal bevolking;Bergschenhoek;2021;17224;13723;1620;554;1066;1881;939;942;492
2916;Totaal over alle leeftijden;Totaal bevolking;Bergschenhoek;2022;17279;13704;1642;561;1081;1933;964;969;492
2917;Totaal over alle leeftijden;Totaal bevolking;Bergschenhoek;2023;17328;13691;1663;563;1100;1974;976;998;492
2918;Totaal over alle leeftijden;Totaal bevolking;Bergschenhoek;2024;17364;13659;1679;584;1095;2026;1006;1020;492
2919;Totaal over alle leeftijden;Totaal bevolking;Bergschenhoek;2025;17395;13616;1715;598;1117;2064;1009;1055;492
2920;Totaal over alle leeftijden;Totaal bevolking;Berkel en Rodenrijs;2006;19674;17011;1242;461;781;1421;792;629;493
2921;Totaal over alle leeftijden;Totaal bevolking;Berkel en Rodenrijs;2007;20703;17581;1382;509;873;1740;973;767;493
2922;Totaal over alle leeftijden;Totaal bevolking;Berkel en Rodenrijs;2008;21707;18156;1505;545;960;2046;1162;884;493
2923;Totaal over alle leeftijden;Totaal bevolking;Berkel en Rodenrijs;2009;22721;18716;1624;588;1036;2381;1334;1047;493
2924;Totaal over alle leeftijden;Totaal bevolking;Berkel en Rodenrijs;2010;23715;19270;1756;644;1112;2689;1478;1211;493
2925;Totaal over alle leeftijden;Totaal bevolking;Berkel en Rodenrijs;2011;24732;19801;1884;700;1184;3047;1650;1397;493
2926;Totaal over alle leeftijden;Totaal bevolking;Berkel en Rodenrijs;2012;25762;20339;2023;735;1288;3400;1811;1589;493
2927;Totaal over alle leeftijden;Totaal bevolking;Berkel en Rodenrijs;2013;26775;20839;2166;785;1381;3770;1983;1787;493
2928;Totaal over alle leeftijden;Totaal bevolking;Berkel en Rodenrijs;2014;27757;21329;2305;836;1469;4123;2125;1998;493
2929;Totaal over alle leeftijden;Totaal bevolking;Berkel en Rodenrijs;2015;28717;21803;2415;866;1549;4499;2256;2243;493
2930;Totaal over alle leeftijden;Totaal bevolking;Berkel en Rodenrijs;2016;29621;22248;2521;899;1622;4852;2384;2468;493
2931;Totaal over alle leeftijden;Totaal bevolking;Berkel en Rodenrijs;2017;30539;22651;2652;935;1717;5236;2542;2694;493
2932;Totaal over alle leeftijden;Totaal bevolking;Berkel en Rodenrijs;2018;31414;23080;2767;970;1797;5567;2677;2890;493
2933;Totaal over alle leeftijden;Totaal bevolking;Berkel en Rodenrijs;2019;32275;23483;2893;1016;1877;5899;2798;3101;493
2934;Totaal over alle leeftijden;Totaal bevolking;Berkel en Rodenrijs;2020;33104;23854;2987;1046;1941;6263;2935;3328;493
2935;Totaal over alle leeftijden;Totaal bevolking;Berkel en Rodenrijs;2021;33911;24196;3116;1092;2024;6599;3047;3552;493
2936;Totaal over alle leeftijden;Totaal bevolking;Berkel en Rodenrijs;2022;34669;24520;3235;1150;2085;6914;3138;3776;493
2937;Totaal over alle leeftijden;Totaal bevolking;Berkel en Rodenrijs;2023;35398;24855;3326;1195;2131;7217;3235;3982;493
2938;Totaal over alle leeftijden;Totaal bevolking;Berkel en Rodenrijs;2024;36075;25171;3427;1222;2205;7477;3293;4184;493
2939;Totaal over alle leeftijden;Totaal bevolking;Berkel en Rodenrijs;2025;36722;25470;3503;1248;2255;7749;3364;4385;493
2940;Totaal over alle leeftijden;Totaal bevolking;Berkelland;2006;45135;41310;2544;779;1765;1281;778;503;1859
2941;Totaal over alle leeftijden;Totaal bevolking;Berkelland;2007;44940;41039;2571;785;1786;1330;823;507;1859
2942;Totaal over alle leeftijden;Totaal bevolking;Berkelland;2008;44765;40731;2635;829;1806;1399;857;542;1859
2943;Totaal over alle leeftijden;Totaal bevolking;Berkelland;2009;44546;40374;2688;845;1843;1484;913;571;1859
2944;Totaal over alle leeftijden;Totaal bevolking;Berkelland;2010;44311;40043;2723;864;1859;1545;946;599;1859
2945;Totaal over alle leeftijden;Totaal bevolking;Berkelland;2011;44082;39696;2760;871;1889;1626;992;634;1859
2946;Totaal over alle leeftijden;Totaal bevolking;Berkelland;2012;43843;39336;2802;880;1922;1705;1029;676;1859
2947;Totaal over alle leeftijden;Totaal bevolking;Berkelland;2013;43607;38969;2841;908;1933;1797;1096;701;1859
2948;Totaal over alle leeftijden;Totaal bevolking;Berkelland;2014;43389;38635;2897;945;1952;1857;1131;726;1859
2949;Totaal over alle leeftijden;Totaal bevolking;Berkelland;2015;43172;38277;2968;963;2005;1927;1161;766;1859
2950;Totaal over alle leeftijden;Totaal bevolking;Berkelland;2016;42951;37949;3024;997;2027;1978;1172;806;1859
2951;Totaal over alle leeftijden;Totaal bevolking;Berkelland;2017;42716;37615;3058;1032;2026;2043;1204;839;1859
2952;Totaal over alle leeftijden;Totaal bevolking;Berkelland;2018;42518;37314;3099;1068;2031;2105;1229;876;1859
2953;Totaal over alle leeftijden;Totaal bevolking;Berkelland;2019;42307;37023;3104;1060;2044;2180;1268;912;1859
2954;Totaal over alle leeftijden;Totaal bevolking;Berkelland;2020;42116;36704;3168;1085;2083;2244;1298;946;1859
2955;Totaal over alle leeftijden;Totaal bevolking;Berkelland;2021;41916;36409;3205;1118;2087;2302;1328;974;1859
2956;Totaal over alle leeftijden;Totaal bevolking;Berkelland;2022;41719;36110;3234;1122;2112;2375;1364;1011;1859
2957;Totaal over alle leeftijden;Totaal bevolking;Berkelland;2023;41530;35832;3272;1141;2131;2426;1398;1028;1859
2958;Totaal over alle leeftijden;Totaal bevolking;Berkelland;2024;41349;35538;3312;1160;2152;2499;1441;1058;1859
2959;Totaal over alle leeftijden;Totaal bevolking;Berkelland;2025;41178;35320;3327;1172;2155;2531;1454;1077;1859
2960;Totaal over alle leeftijden;Totaal bevolking;Bernheze;2006;29534;27745;1306;381;925;483;305;178;1721
2961;Totaal over alle leeftijden;Totaal bevolking;Bernheze;2007;29613;27787;1330;381;949;496;316;180;1721
2962;Totaal over alle leeftijden;Totaal bevolking;Bernheze;2008;29761;27890;1365;382;983;506;315;191;1721
2963;Totaal over alle leeftijden;Totaal bevolking;Bernheze;2009;29866;27958;1399;383;1016;509;317;192;1721
2964;Totaal over alle leeftijden;Totaal bevolking;Bernheze;2010;30008;28060;1424;392;1032;524;328;196;1721
2965;Totaal over alle leeftijden;Totaal bevolking;Bernheze;2011;30144;28146;1456;397;1059;542;336;206;1721
2966;Totaal over alle leeftijden;Totaal bevolking;Bernheze;2012;30288;28253;1475;407;1068;560;346;214;1721
2967;Totaal over alle leeftijden;Totaal bevolking;Bernheze;2013;30415;28332;1485;413;1072;598;367;231;1721
2968;Totaal over alle leeftijden;Totaal bevolking;Bernheze;2014;30533;28421;1490;416;1074;622;383;239;1721
2969;Totaal over alle leeftijden;Totaal bevolking;Bernheze;2015;30631;28483;1510;420;1090;638;391;247;1721
2970;Totaal over alle leeftijden;Totaal bevolking;Bernheze;2016;30736;28521;1544;429;1115;671;412;259;1721
2971;Totaal over alle leeftijden;Totaal bevolking;Bernheze;2017;30854;28600;1564;440;1124;690;423;267;1721
2972;Totaal over alle leeftijden;Totaal bevolking;Bernheze;2018;30952;28664;1576;440;1136;712;432;280;1721
2973;Totaal over alle leeftijden;Totaal bevolking;Bernheze;2019;31041;28728;1585;446;1139;728;442;286;1721
2974;Totaal over alle leeftijden;Totaal bevolking;Bernheze;2020;31129;28775;1595;440;1155;759;459;300;1721
2975;Totaal over alle leeftijden;Totaal bevolking;Bernheze;2021;31198;28811;1604;441;1163;783;474;309;1721
2976;Totaal over alle leeftijden;Totaal bevolking;Bernheze;2022;31269;28855;1615;439;1176;799;481;318;1721
2977;Totaal over alle leeftijden;Totaal bevolking;Bernheze;2023;31326;28880;1628;433;1195;818;487;331;1721
2978;Totaal over alle leeftijden;Totaal bevolking;Bernheze;2024;31384;28898;1642;435;1207;844;503;341;1721
2979;Totaal over alle leeftijden;Totaal bevolking;Bernheze;2025;31431;28919;1655;442;1213;857;507;350;1721
2980;Totaal over alle leeftijden;Totaal bevolking;Bernisse;2006;12748;11624;799;264;535;325;196;129;568
2981;Totaal over alle leeftijden;Totaal bevolking;Bernisse;2007;12746;11559;826;276;550;361;216;145;568
2982;Totaal over alle leeftijden;Totaal bevolking;Bernisse;2008;12743;11477;877;290;587;389;234;155;568
2983;Totaal over alle leeftijden;Totaal bevolking;Bernisse;2009;12742;11412;906;299;607;424;255;169;568
2984;Totaal over alle leeftijden;Totaal bevolking;Bernisse;2010;12735;11348;919;301;618;468;284;184;568
2985;Totaal over alle leeftijden;Totaal bevolking;Bernisse;2011;12727;11293;931;301;630;503;304;199;568
2986;Totaal over alle leeftijden;Totaal bevolking;Bernisse;2012;12722;11207;970;316;654;545;327;218;568
2987;Totaal over alle leeftijden;Totaal bevolking;Bernisse;2013;12712;11142;991;326;665;579;341;238;568
2988;Totaal over alle leeftijden;Totaal bevolking;Bernisse;2014;12700;11073;1006;340;666;621;357;264;568
2989;Totaal over alle leeftijden;Totaal bevolking;Bernisse;2015;12691;10997;1022;347;675;672;383;289;568
2990;Totaal over alle leeftijden;Totaal bevolking;Bernisse;2016;12696;10927;1053;364;689;716;400;316;568
2991;Totaal over alle leeftijden;Totaal bevolking;Bernisse;2017;12681;10859;1073;367;706;749;403;346;568
2992;Totaal over alle leeftijden;Totaal bevolking;Bernisse;2018;12662;10807;1081;370;711;774;402;372;568
2993;Totaal over alle leeftijden;Totaal bevolking;Bernisse;2019;12653;10726;1120;381;739;807;414;393;568
2994;Totaal over alle leeftijden;Totaal bevolking;Bernisse;2020;12632;10650;1130;385;745;852;440;412;568
2995;Totaal over alle leeftijden;Totaal bevolking;Bernisse;2021;12617;10571;1155;386;769;891;470;421;568
2996;Totaal over alle leeftijden;Totaal bevolking;Bernisse;2022;12610;10476;1188;397;791;946;492;454;568
2997;Totaal over alle leeftijden;Totaal bevolking;Bernisse;2023;12590;10402;1197;406;791;991;514;477;568
2998;Totaal over alle leeftijden;Totaal bevolking;Bernisse;2024;12577;10313;1244;412;832;1020;525;495;568
2999;Totaal over alle leeftijden;Totaal bevolking;Bernisse;2025;12565;10235;1267;436;831;1063;541;522;568
3000;Totaal over alle leeftijden;Totaal bevolking;Best;2006;28513;24720;2288;858;1430;1505;887;618;753
3001;Totaal over alle leeftijden;Totaal bevolking;Best;2007;28471;24547;2344;923;1421;1580;961;619;753
3002;Totaal over alle leeftijden;Totaal bevolking;Best;2008;28415;24359;2420;998;1422;1636;1019;617;753
3003;Totaal over alle leeftijden;Totaal bevolking;Best;2009;28371;24126;2529;1097;1432;1716;1078;638;753
3004;Totaal over alle leeftijden;Totaal bevolking;Best;2010;28315;23899;2628;1199;1429;1788;1138;650;753
3005;Totaal over alle leeftijden;Totaal bevolking;Best;2011;28250;23665;2718;1305;1413;1867;1195;672;753
3006;Totaal over alle leeftijden;Totaal bevolking;Best;2012;28175;23419;2832;1425;1407;1924;1245;679;753
3007;Totaal over alle leeftijden;Totaal bevolking;Best;2013;28115;23149;2958;1549;1409;2008;1309;699;753
3008;Totaal over alle leeftijden;Totaal bevolking;Best;2014;28048;22862;3087;1668;1419;2099;1386;713;753
3009;Totaal over alle leeftijden;Totaal bevolking;Best;2015;27971;22620;3196;1775;1421;2155;1436;719;753
3010;Totaal over alle leeftijden;Totaal bevolking;Best;2016;27887;22386;3279;1852;1427;2222;1491;731;753
3011;Totaal over alle leeftijden;Totaal bevolking;Best;2017;27796;22144;3350;1938;1412;2302;1540;762;753
3012;Totaal over alle leeftijden;Totaal bevolking;Best;2018;27710;21911;3424;2013;1411;2375;1609;766;753
3013;Totaal over alle leeftijden;Totaal bevolking;Best;2019;27601;21700;3458;2056;1402;2443;1673;770;753
3014;Totaal over alle leeftijden;Totaal bevolking;Best;2020;27499;21459;3519;2118;1401;2521;1733;788;753
3015;Totaal over alle leeftijden;Totaal bevolking;Best;2021;27405;21227;3590;2198;1392;2588;1785;803;753
3016;Totaal over alle leeftijden;Totaal bevolking;Best;2022;27318;20987;3676;2272;1404;2655;1829;826;753
3017;Totaal over alle leeftijden;Totaal bevolking;Best;2023;27218;20770;3714;2315;1399;2734;1891;843;753
3018;Totaal over alle leeftijden;Totaal bevolking;Best;2024;27135;20555;3762;2384;1378;2818;1944;874;753
3019;Totaal over alle leeftijden;Totaal bevolking;Best;2025;27062;20295;3845;2457;1388;2922;2030;892;753
3020;Totaal over alle leeftijden;Totaal bevolking;Beuningen;2006;25488;22573;1970;554;1416;945;573;372;209
3021;Totaal over alle leeftijden;Totaal bevolking;Beuningen;2007;25569;22581;2002;555;1447;986;605;381;209
3022;Totaal over alle leeftijden;Totaal bevolking;Beuningen;2008;25644;22595;2026;564;1462;1023;627;396;209
3023;Totaal over alle leeftijden;Totaal bevolking;Beuningen;2009;25727;22624;2041;578;1463;1062;646;416;209
3024;Totaal over alle leeftijden;Totaal bevolking;Beuningen;2010;25781;22657;2051;558;1493;1073;651;422;209
3025;Totaal over alle leeftijden;Totaal bevolking;Beuningen;2011;25858;22679;2072;563;1509;1107;663;444;209
3026;Totaal over alle leeftijden;Totaal bevolking;Beuningen;2012;25928;22680;2095;576;1519;1153;685;468;209
3027;Totaal over alle leeftijden;Totaal bevolking;Beuningen;2013;25992;22685;2108;595;1513;1199;709;490;209
3028;Totaal over alle leeftijden;Totaal bevolking;Beuningen;2014;26058;22710;2131;604;1527;1217;705;512;209
3029;Totaal over alle leeftijden;Totaal bevolking;Beuningen;2015;26124;22715;2146;621;1525;1263;732;531;209
3030;Totaal over alle leeftijden;Totaal bevolking;Beuningen;2016;26177;22721;2161;640;1521;1295;747;548;209
3031;Totaal over alle leeftijden;Totaal bevolking;Beuningen;2017;26222;22727;2182;658;1524;1313;760;553;209
3032;Totaal over alle leeftijden;Totaal bevolking;Beuningen;2018;26255;22721;2199;662;1537;1335;760;575;209
3033;Totaal over alle leeftijden;Totaal bevolking;Beuningen;2019;26311;22741;2213;668;1545;1357;771;586;209
3034;Totaal over alle leeftijden;Totaal bevolking;Beuningen;2020;26341;22751;2213;670;1543;1377;783;594;209
3035;Totaal over alle leeftijden;Totaal bevolking;Beuningen;2021;26386;22749;2210;668;1542;1427;803;624;209
3036;Totaal over alle leeftijden;Totaal bevolking;Beuningen;2022;26420;22775;2214;683;1531;1431;791;640;209
3037;Totaal over alle leeftijden;Totaal bevolking;Beuningen;2023;26463;22770;2233;693;1540;1460;801;659;209
3038;Totaal over alle leeftijden;Totaal bevolking;Beuningen;2024;26482;22743;2247;697;1550;1492;819;673;209
3039;Totaal over alle leeftijden;Totaal bevolking;Beuningen;2025;26497;22747;2242;690;1552;1508;828;680;209
3040;Totaal over alle leeftijden;Totaal bevolking;Beverwijk;2006;36735;29686;3540;1466;2074;3509;2011;1498;375
3041;Totaal over alle leeftijden;Totaal bevolking;Beverwijk;2007;36893;29738;3555;1491;2064;3600;2027;1573;375
3042;Totaal over alle leeftijden;Totaal bevolking;Beverwijk;2008;37070;29802;3600;1522;2078;3668;2043;1625;375
3043;Totaal over alle leeftijden;Totaal bevolking;Beverwijk;2009;37239;29875;3625;1546;2079;3739;2055;1684;375
3044;Totaal over alle leeftijden;Totaal bevolking;Beverwijk;2010;37379;29894;3688;1598;2090;3797;2078;1719;375
3045;Totaal over alle leeftijden;Totaal bevolking;Beverwijk;2011;37510;29889;3768;1656;2112;3853;2101;1752;375
3046;Totaal over alle leeftijden;Totaal bevolking;Beverwijk;2012;37651;29913;3838;1706;2132;3900;2126;1774;375
3047;Totaal over alle leeftijden;Totaal bevolking;Beverwijk;2013;37786;29926;3908;1740;2168;3952;2140;1812;375
3048;Totaal over alle leeftijden;Totaal bevolking;Beverwijk;2014;37915;29950;3960;1774;2186;4005;2163;1842;375
3049;Totaal over alle leeftijden;Totaal bevolking;Beverwijk;2015;38057;29967;4007;1812;2195;4083;2186;1897;375
3050;Totaal over alle leeftijden;Totaal bevolking;Beverwijk;2016;38188;29980;4078;1858;2220;4130;2194;1936;375
3051;Totaal over alle leeftijden;Totaal bevolking;Beverwijk;2017;38312;30020;4148;1916;2232;4144;2187;1957;375
3052;Totaal over alle leeftijden;Totaal bevolking;Beverwijk;2018;38433;30065;4168;1924;2244;4200;2186;2014;375
3053;Totaal over alle leeftijden;Totaal bevolking;Beverwijk;2019;38562;30115;4214;1943;2271;4233;2203;2030;375
3054;Totaal over alle leeftijden;Totaal bevolking;Beverwijk;2020;38694;30125;4279;2002;2277;4290;2232;2058;375
3055;Totaal over alle leeftijden;Totaal bevolking;Beverwijk;2021;38834;30158;4339;2049;2290;4337;2250;2087;375
3056;Totaal over alle leeftijden;Totaal bevolking;Beverwijk;2022;38957;30189;4377;2072;2305;4391;2273;2118;375
3057;Totaal over alle leeftijden;Totaal bevolking;Beverwijk;2023;39099;30256;4425;2128;2297;4418;2282;2136;375
3058;Totaal over alle leeftijden;Totaal bevolking;Beverwijk;2024;39227;30307;4464;2170;2294;4456;2297;2159;375
3059;Totaal over alle leeftijden;Totaal bevolking;Beverwijk;2025;39351;30320;4516;2202;2314;4515;2327;2188;375
3060;Totaal over alle leeftijden;Totaal bevolking;het Bildt;2006;11028;10102;543;244;299;383;291;92;63
3061;Totaal over alle leeftijden;Totaal bevolking;het Bildt;2007;11035;10071;560;248;312;404;309;95;63
3062;Totaal over alle leeftijden;Totaal bevolking;het Bildt;2008;11024;10032;590;257;333;402;304;98;63
3063;Totaal over alle leeftijden;Totaal bevolking;het Bildt;2009;11017;10021;599;268;331;397;296;101;63
3064;Totaal over alle leeftijden;Totaal bevolking;het Bildt;2010;11010;9977;627;278;349;406;288;118;63
3065;Totaal over alle leeftijden;Totaal bevolking;het Bildt;2011;11002;9948;654;293;361;400;282;118;63
3066;Totaal over alle leeftijden;Totaal bevolking;het Bildt;2012;10990;9896;689;319;370;405;279;126;63
3067;Totaal over alle leeftijden;Totaal bevolking;het Bildt;2013;10971;9842;710;331;379;419;282;137;63
3068;Totaal over alle leeftijden;Totaal bevolking;het Bildt;2014;10956;9806;717;337;380;433;294;139;63
3069;Totaal over alle leeftijden;Totaal bevolking;het Bildt;2015;10938;9764;727;338;389;447;306;141;63
3070;Totaal over alle leeftijden;Totaal bevolking;het Bildt;2016;10927;9720;750;353;397;457;316;141;63
3071;Totaal over alle leeftijden;Totaal bevolking;het Bildt;2017;10907;9678;747;355;392;482;331;151;63
3072;Totaal over alle leeftijden;Totaal bevolking;het Bildt;2018;10893;9634;765;371;394;494;338;156;63
3073;Totaal over alle leeftijden;Totaal bevolking;het Bildt;2019;10882;9612;772;386;386;498;334;164;63
3074;Totaal over alle leeftijden;Totaal bevolking;het Bildt;2020;10869;9564;802;410;392;503;331;172;63
3075;Totaal over alle leeftijden;Totaal bevolking;het Bildt;2021;10853;9526;808;411;397;519;338;181;63
3076;Totaal over alle leeftijden;Totaal bevolking;het Bildt;2022;10838;9475;809;415;394;554;358;196;63
3077;Totaal over alle leeftijden;Totaal bevolking;het Bildt;2023;10819;9437;812;418;394;570;367;203;63
3078;Totaal over alle leeftijden;Totaal bevolking;het Bildt;2024;10801;9416;818;417;401;567;365;202;63
3079;Totaal over alle leeftijden;Totaal bevolking;het Bildt;2025;10782;9379;829;414;415;574;370;204;63
3080;Totaal over alle leeftijden;Totaal bevolking;De Bilt;2006;41764;35230;4098;1438;2660;2436;1246;1190;310
3081;Totaal over alle leeftijden;Totaal bevolking;De Bilt;2007;41502;34744;4147;1455;2692;2611;1316;1295;310
3082;Totaal over alle leeftijden;Totaal bevolking;De Bilt;2008;41267;34346;4143;1468;2675;2778;1366;1412;310
3083;Totaal over alle leeftijden;Totaal bevolking;De Bilt;2009;41032;33890;4201;1488;2713;2941;1385;1556;310
3084;Totaal over alle leeftijden;Totaal bevolking;De Bilt;2010;40783;33396;4290;1556;2734;3097;1414;1683;310
3085;Totaal over alle leeftijden;Totaal bevolking;De Bilt;2011;40536;32967;4297;1573;2724;3272;1450;1822;310
3086;Totaal over alle leeftijden;Totaal bevolking;De Bilt;2012;40285;32497;4322;1605;2717;3466;1510;1956;310
3087;Totaal over alle leeftijden;Totaal bevolking;De Bilt;2013;40036;31998;4391;1646;2745;3647;1543;2104;310
3088;Totaal over alle leeftijden;Totaal bevolking;De Bilt;2014;39780;31541;4427;1677;2750;3812;1566;2246;310
3089;Totaal over alle leeftijden;Totaal bevolking;De Bilt;2015;39550;31070;4484;1705;2779;3996;1593;2403;310
3090;Totaal over alle leeftijden;Totaal bevolking;De Bilt;2016;39319;30618;4525;1720;2805;4176;1609;2567;310
3091;Totaal over alle leeftijden;Totaal bevolking;De Bilt;2017;39092;30209;4550;1751;2799;4333;1647;2686;310
3092;Totaal over alle leeftijden;Totaal bevolking;De Bilt;2018;38885;29812;4581;1770;2811;4492;1667;2825;310
3093;Totaal over alle leeftijden;Totaal bevolking;De Bilt;2019;38675;29397;4608;1777;2831;4670;1688;2982;310
3094;Totaal over alle leeftijden;Totaal bevolking;De Bilt;2020;38466;29029;4612;1784;2828;4825;1709;3116;310
3095;Totaal over alle leeftijden;Totaal bevolking;De Bilt;2021;38276;28661;4627;1795;2832;4988;1742;3246;310
3096;Totaal over alle leeftijden;Totaal bevolking;De Bilt;2022;38118;28280;4634;1808;2826;5204;1761;3443;310
3097;Totaal over alle leeftijden;Totaal bevolking;De Bilt;2023;37959;27953;4659;1842;2817;5347;1777;3570;310
3098;Totaal over alle leeftijden;Totaal bevolking;De Bilt;2024;37817;27614;4687;1869;2818;5516;1789;3727;310
3099;Totaal over alle leeftijden;Totaal bevolking;De Bilt;2025;37681;27289;4728;1884;2844;5664;1787;3877;310
3100;Totaal over alle leeftijden;Totaal bevolking;Binnenmaas;2006;19673;18014;1111;370;741;548;334;214;585
3101;Totaal over alle leeftijden;Totaal bevolking;Binnenmaas;2007;19799;18052;1136;376;760;611;372;239;585
3102;Totaal over alle leeftijden;Totaal bevolking;Binnenmaas;2008;19845;18024;1166;383;783;655;396;259;585
3103;Totaal over alle leeftijden;Totaal bevolking;Binnenmaas;2009;19902;18013;1183;387;796;706;428;278;585
3104;Totaal over alle leeftijden;Totaal bevolking;Binnenmaas;2010;19944;17960;1219;400;819;765;449;316;585
3105;Totaal over alle leeftijden;Totaal bevolking;Binnenmaas;2011;19993;17922;1257;418;839;814;476;338;585
3106;Totaal over alle leeftijden;Totaal bevolking;Binnenmaas;2012;20030;17872;1306;436;870;852;483;369;585
3107;Totaal over alle leeftijden;Totaal bevolking;Binnenmaas;2013;20085;17827;1343;457;886;915;517;398;585
3108;Totaal over alle leeftijden;Totaal bevolking;Binnenmaas;2014;20144;17816;1367;463;904;961;538;423;585
3109;Totaal over alle leeftijden;Totaal bevolking;Binnenmaas;2015;20192;17789;1394;488;906;1009;567;442;585
3110;Totaal over alle leeftijden;Totaal bevolking;Binnenmaas;2016;20220;17752;1413;503;910;1055;581;474;585
3111;Totaal over alle leeftijden;Totaal bevolking;Binnenmaas;2017;20261;17714;1443;512;931;1104;598;506;585
3112;Totaal over alle leeftijden;Totaal bevolking;Binnenmaas;2018;20307;17684;1467;527;940;1156;616;540;585
3113;Totaal over alle leeftijden;Totaal bevolking;Binnenmaas;2019;20345;17659;1470;524;946;1216;646;570;585
3114;Totaal over alle leeftijden;Totaal bevolking;Binnenmaas;2020;20384;17600;1526;545;981;1258;666;592;585
3115;Totaal over alle leeftijden;Totaal bevolking;Binnenmaas;2021;20416;17549;1558;565;993;1309;691;618;585
3116;Totaal over alle leeftijden;Totaal bevolking;Binnenmaas;2022;20440;17506;1593;575;1018;1341;708;633;585
3117;Totaal over alle leeftijden;Totaal bevolking;Binnenmaas;2023;20474;17463;1617;585;1032;1394;728;666;585
3118;Totaal over alle leeftijden;Totaal bevolking;Binnenmaas;2024;20502;17411;1635;593;1042;1456;753;703;585
3119;Totaal over alle leeftijden;Totaal bevolking;Binnenmaas;2025;20533;17388;1650;596;1054;1495;783;712;585
3120;Totaal over alle leeftijden;Totaal bevolking;Bladel;2006;19152;17609;1183;371;812;360;230;130;1728
3121;Totaal over alle leeftijden;Totaal bevolking;Bladel;2007;19246;17654;1207;377;830;385;247;138;1728
3122;Totaal over alle leeftijden;Totaal bevolking;Bladel;2008;19335;17723;1211;385;826;401;255;146;1728
3123;Totaal over alle leeftijden;Totaal bevolking;Bladel;2009;19431;17785;1234;386;848;412;265;147;1728
3124;Totaal over alle leeftijden;Totaal bevolking;Bladel;2010;19514;17838;1241;389;852;435;277;158;1728
3125;Totaal over alle leeftijden;Totaal bevolking;Bladel;2011;19584;17888;1261;394;867;435;273;162;1728
3126;Totaal over alle leeftijden;Totaal bevolking;Bladel;2012;19660;17917;1291;405;886;452;284;168;1728
3127;Totaal over alle leeftijden;Totaal bevolking;Bladel;2013;19715;17961;1298;408;890;456;285;171;1728
3128;Totaal over alle leeftijden;Totaal bevolking;Bladel;2014;19782;17995;1321;420;901;466;293;173;1728
3129;Totaal over alle leeftijden;Totaal bevolking;Bladel;2015;19836;18024;1341;425;916;471;290;181;1728
3130;Totaal over alle leeftijden;Totaal bevolking;Bladel;2016;19885;18064;1348;439;909;473;288;185;1728
3131;Totaal over alle leeftijden;Totaal bevolking;Bladel;2017;19935;18097;1352;450;902;486;298;188;1728
3132;Totaal over alle leeftijden;Totaal bevolking;Bladel;2018;19975;18135;1348;446;902;492;297;195;1728
3133;Totaal over alle leeftijden;Totaal bevolking;Bladel;2019;20013;18151;1354;444;910;508;308;200;1728
3134;Totaal over alle leeftijden;Totaal bevolking;Bladel;2020;20050;18153;1367;454;913;530;321;209;1728
3135;Totaal over alle leeftijden;Totaal bevolking;Bladel;2021;20091;18173;1393;460;933;525;314;211;1728
3136;Totaal over alle leeftijden;Totaal bevolking;Bladel;2022;20127;18184;1409;468;941;534;311;223;1728
3137;Totaal over alle leeftijden;Totaal bevolking;Bladel;2023;20147;18187;1420;480;940;540;307;233;1728
3138;Totaal over alle leeftijden;Totaal bevolking;Bladel;2024;20171;18191;1433;490;943;547;306;241;1728
3139;Totaal over alle leeftijden;Totaal bevolking;Bladel;2025;20187;18185;1463;509;954;539;294;245;1728
3140;Totaal over alle leeftijden;Totaal bevolking;Blaricum;2006;9134;7534;1163;429;734;437;246;191;376
3141;Totaal over alle leeftijden;Totaal bevolking;Blaricum;2007;9090;7433;1178;427;751;479;283;196;376
3142;Totaal over alle leeftijden;Totaal bevolking;Blaricum;2008;9041;7318;1197;437;760;526;313;213;376
3143;Totaal over alle leeftijden;Totaal bevolking;Blaricum;2009;8975;7223;1206;448;758;546;332;214;376
3144;Totaal over alle leeftijden;Totaal bevolking;Blaricum;2010;8906;7124;1224;450;774;558;339;219;376
3145;Totaal over alle leeftijden;Totaal bevolking;Blaricum;2011;8842;7022;1245;458;787;575;340;235;376
3146;Totaal over alle leeftijden;Totaal bevolking;Blaricum;2012;8788;6900;1285;473;812;603;357;246;376
3147;Totaal over alle leeftijden;Totaal bevolking;Blaricum;2013;8735;6797;1297;489;808;641;380;261;376
3148;Totaal over alle leeftijden;Totaal bevolking;Blaricum;2014;8676;6703;1308;492;816;665;393;272;376
3149;Totaal over alle leeftijden;Totaal bevolking;Blaricum;2015;8623;6622;1334;497;837;667;382;285;376
3150;Totaal over alle leeftijden;Totaal bevolking;Blaricum;2016;8563;6530;1343;498;845;690;386;304;376
3151;Totaal over alle leeftijden;Totaal bevolking;Blaricum;2017;8505;6436;1358;511;847;711;395;316;376
3152;Totaal over alle leeftijden;Totaal bevolking;Blaricum;2018;8444;6334;1385;532;853;725;395;330;376
3153;Totaal over alle leeftijden;Totaal bevolking;Blaricum;2019;8386;6233;1394;547;847;759;412;347;376
3154;Totaal over alle leeftijden;Totaal bevolking;Blaricum;2020;8328;6143;1412;563;849;773;413;360;376
3155;Totaal over alle leeftijden;Totaal bevolking;Blaricum;2021;8289;6058;1425;556;869;806;423;383;376
3156;Totaal over alle leeftijden;Totaal bevolking;Blaricum;2022;8235;5970;1429;553;876;836;433;403;376
3157;Totaal over alle leeftijden;Totaal bevolking;Blaricum;2023;8191;5886;1434;561;873;871;449;422;376
3158;Totaal over alle leeftijden;Totaal bevolking;Blaricum;2024;8136;5789;1458;575;883;889;452;437;376
3159;Totaal over alle leeftijden;Totaal bevolking;Blaricum;2025;8087;5720;1451;577;874;916;464;452;376
3160;Totaal over alle leeftijden;Totaal bevolking;Bleiswijk;2006;10627;9241;700;249;451;686;373;313;495
3161;Totaal over alle leeftijden;Totaal bevolking;Bleiswijk;2007;10705;9245;741;270;471;719;388;331;495
3162;Totaal over alle leeftijden;Totaal bevolking;Bleiswijk;2008;10775;9259;762;277;485;754;401;353;495
3163;Totaal over alle leeftijden;Totaal bevolking;Bleiswijk;2009;10847;9259;802;295;507;786;411;375;495
3164;Totaal over alle leeftijden;Totaal bevolking;Bleiswijk;2010;10921;9254;840;299;541;827;444;383;495
3165;Totaal over alle leeftijden;Totaal bevolking;Bleiswijk;2011;10986;9227;877;307;570;882;479;403;495
3166;Totaal over alle leeftijden;Totaal bevolking;Bleiswijk;2012;11060;9221;914;321;593;925;505;420;495
3167;Totaal over alle leeftijden;Totaal bevolking;Bleiswijk;2013;11120;9207;958;343;615;955;511;444;495
3168;Totaal over alle leeftijden;Totaal bevolking;Bleiswijk;2014;11183;9197;990;362;628;996;536;460;495
3169;Totaal over alle leeftijden;Totaal bevolking;Bleiswijk;2015;11240;9170;1041;388;653;1029;554;475;495
3170;Totaal over alle leeftijden;Totaal bevolking;Bleiswijk;2016;11315;9128;1106;416;690;1081;571;510;495
3171;Totaal over alle leeftijden;Totaal bevolking;Bleiswijk;2017;11377;9103;1137;430;707;1137;587;550;495
3172;Totaal over alle leeftijden;Totaal bevolking;Bleiswijk;2018;11434;9069;1177;446;731;1188;608;580;495
3173;Totaal over alle leeftijden;Totaal bevolking;Bleiswijk;2019;11497;9054;1215;454;761;1228;628;600;495
3174;Totaal over alle leeftijden;Totaal bevolking;Bleiswijk;2020;11556;9024;1271;480;791;1261;635;626;495
3175;Totaal over alle leeftijden;Totaal bevolking;Bleiswijk;2021;11585;9007;1285;493;792;1293;662;631;495
3176;Totaal over alle leeftijden;Totaal bevolking;Bleiswijk;2022;11632;8994;1303;505;798;1335;668;667;495
3177;Totaal over alle leeftijden;Totaal bevolking;Bleiswijk;2023;11655;8942;1363;520;843;1350;672;678;495
3178;Totaal over alle leeftijden;Totaal bevolking;Bleiswijk;2024;11680;8920;1391;540;851;1369;682;687;495
3179;Totaal over alle leeftijden;Totaal bevolking;Bleiswijk;2025;11722;8864;1436;556;880;1422;695;727;495
3180;Totaal over alle leeftijden;Totaal bevolking;Bloemendaal;2006;16850;13618;2501;832;1669;731;369;362;377
3181;Totaal over alle leeftijden;Totaal bevolking;Bloemendaal;2007;16733;13382;2525;824;1701;826;418;408;377
3182;Totaal over alle leeftijden;Totaal bevolking;Bloemendaal;2008;16640;13133;2593;857;1736;914;473;441;377
3183;Totaal over alle leeftijden;Totaal bevolking;Bloemendaal;2009;16544;12892;2619;862;1757;1033;533;500;377
3184;Totaal over alle leeftijden;Totaal bevolking;Bloemendaal;2010;16416;12633;2661;881;1780;1122;571;551;377
3185;Totaal over alle leeftijden;Totaal bevolking;Bloemendaal;2011;16314;12386;2717;939;1778;1211;599;612;377
3186;Totaal over alle leeftijden;Totaal bevolking;Bloemendaal;2012;16187;12159;2723;963;1760;1305;629;676;377
3187;Totaal over alle leeftijden;Totaal bevolking;Bloemendaal;2013;16070;11894;2791;1004;1787;1385;649;736;377
3188;Totaal over alle leeftijden;Totaal bevolking;Bloemendaal;2014;15944;11654;2845;1054;1791;1445;668;777;377
3189;Totaal over alle leeftijden;Totaal bevolking;Bloemendaal;2015;15835;11402;2916;1104;1812;1517;685;832;377
3190;Totaal over alle leeftijden;Totaal bevolking;Bloemendaal;2016;15730;11145;2970;1158;1812;1615;732;883;377
3191;Totaal over alle leeftijden;Totaal bevolking;Bloemendaal;2017;15633;10919;2999;1185;1814;1715;758;957;377
3192;Totaal over alle leeftijden;Totaal bevolking;Bloemendaal;2018;15542;10704;3041;1202;1839;1797;788;1009;377
3193;Totaal over alle leeftijden;Totaal bevolking;Bloemendaal;2019;15441;10502;3075;1234;1841;1864;801;1063;377
3194;Totaal over alle leeftijden;Totaal bevolking;Bloemendaal;2020;15371;10321;3090;1244;1846;1960;832;1128;377
3195;Totaal over alle leeftijden;Totaal bevolking;Bloemendaal;2021;15303;10128;3136;1290;1846;2039;854;1185;377
3196;Totaal over alle leeftijden;Totaal bevolking;Bloemendaal;2022;15233;9966;3143;1307;1836;2124;877;1247;377
3197;Totaal over alle leeftijden;Totaal bevolking;Bloemendaal;2023;15173;9795;3171;1337;1834;2207;889;1318;377
3198;Totaal over alle leeftijden;Totaal bevolking;Bloemendaal;2024;15112;9606;3210;1343;1867;2296;927;1369;377
3199;Totaal over alle leeftijden;Totaal bevolking;Bloemendaal;2025;15068;9415;3268;1404;1864;2385;957;1428;377
3200;Totaal over alle leeftijden;Totaal bevolking;Boarnsterhim;2006;19566;18430;762;224;538;374;250;124;55
3201;Totaal over alle leeftijden;Totaal bevolking;Boarnsterhim;2007;19611;18426;786;225;561;399;267;132;55
3202;Totaal over alle leeftijden;Totaal bevolking;Boarnsterhim;2008;19672;18457;784;231;553;431;291;140;55
3203;Totaal over alle leeftijden;Totaal bevolking;Boarnsterhim;2009;19725;18447;813;247;566;465;313;152;55
3204;Totaal over alle leeftijden;Totaal bevolking;Boarnsterhim;2010;19777;18467;832;259;573;478;325;153;55
3205;Totaal over alle leeftijden;Totaal bevolking;Boarnsterhim;2011;19830;18470;858;270;588;502;347;155;55
3206;Totaal over alle leeftijden;Totaal bevolking;Boarnsterhim;2012;19880;18451;878;282;596;551;380;171;55
3207;Totaal over alle leeftijden;Totaal bevolking;Boarnsterhim;2013;19924;18457;893;285;608;574;396;178;55
3208;Totaal over alle leeftijden;Totaal bevolking;Boarnsterhim;2014;19977;18433;930;298;632;614;421;193;55
3209;Totaal over alle leeftijden;Totaal bevolking;Boarnsterhim;2015;20018;18410;962;309;653;646;451;195;55
3210;Totaal over alle leeftijden;Totaal bevolking;Boarnsterhim;2016;20068;18394;995;332;663;679;478;201;55
3211;Totaal over alle leeftijden;Totaal bevolking;Boarnsterhim;2017;20109;18361;1030;351;679;718;502;216;55
3212;Totaal over alle leeftijden;Totaal bevolking;Boarnsterhim;2018;20151;18352;1053;377;676;746;528;218;55
3213;Totaal over alle leeftijden;Totaal bevolking;Boarnsterhim;2019;20192;18329;1076;388;688;787;561;226;55
3214;Totaal over alle leeftijden;Totaal bevolking;Boarnsterhim;2020;20235;18326;1106;405;701;803;565;238;55
3215;Totaal over alle leeftijden;Totaal bevolking;Boarnsterhim;2021;20273;18303;1139;437;702;831;585;246;55
3216;Totaal over alle leeftijden;Totaal bevolking;Boarnsterhim;2022;20306;18266;1179;459;720;861;608;253;55
3217;Totaal over alle leeftijden;Totaal bevolking;Boarnsterhim;2023;20340;18259;1194;469;725;887;619;268;55
3218;Totaal over alle leeftijden;Totaal bevolking;Boarnsterhim;2024;20369;18206;1231;493;738;932;650;282;55
3219;Totaal over alle leeftijden;Totaal bevolking;Boarnsterhim;2025;20402;18171;1275;525;750;956;671;285;55
3220;Totaal over alle leeftijden;Totaal bevolking;Bodegraven;2006;19473;17230;1106;430;676;1137;630;507;497
3221;Totaal over alle leeftijden;Totaal bevolking;Bodegraven;2007;19444;17129;1136;435;701;1179;649;530;497
3222;Totaal over alle leeftijden;Totaal bevolking;Bodegraven;2008;19406;17030;1172;446;726;1204;657;547;497
3223;Totaal over alle leeftijden;Totaal bevolking;Bodegraven;2009;19357;16911;1207;462;745;1239;680;559;497
3224;Totaal over alle leeftijden;Totaal bevolking;Bodegraven;2010;19308;16794;1245;484;761;1269;691;578;497
3225;Totaal over alle leeftijden;Totaal bevolking;Bodegraven;2011;19255;16693;1262;487;775;1300;704;596;497
3226;Totaal over alle leeftijden;Totaal bevolking;Bodegraven;2012;19217;16624;1289;495;794;1304;691;613;497
3227;Totaal over alle leeftijden;Totaal bevolking;Bodegraven;2013;19171;16530;1312;502;810;1329;710;619;497
3228;Totaal over alle leeftijden;Totaal bevolking;Bodegraven;2014;19117;16417;1339;505;834;1361;726;635;497
3229;Totaal over alle leeftijden;Totaal bevolking;Bodegraven;2015;19078;16322;1378;512;866;1378;731;647;497
3230;Totaal over alle leeftijden;Totaal bevolking;Bodegraven;2016;19026;16247;1385;521;864;1394;743;651;497
3231;Totaal over alle leeftijden;Totaal bevolking;Bodegraven;2017;18969;16152;1400;510;890;1417;750;667;497
3232;Totaal over alle leeftijden;Totaal bevolking;Bodegraven;2018;18923;16044;1436;528;908;1443;763;680;497
3233;Totaal over alle leeftijden;Totaal bevolking;Bodegraven;2019;18870;15957;1461;543;918;1452;765;687;497
3234;Totaal over alle leeftijden;Totaal bevolking;Bodegraven;2020;18806;15872;1473;540;933;1461;758;703;497
3235;Totaal over alle leeftijden;Totaal bevolking;Bodegraven;2021;18747;15782;1498;547;951;1467;756;711;497
3236;Totaal over alle leeftijden;Totaal bevolking;Bodegraven;2022;18677;15698;1515;551;964;1464;762;702;497
3237;Totaal over alle leeftijden;Totaal bevolking;Bodegraven;2023;18627;15618;1526;570;956;1483;760;723;497
3238;Totaal over alle leeftijden;Totaal bevolking;Bodegraven;2024;18585;15550;1529;577;952;1506;761;745;497
3239;Totaal over alle leeftijden;Totaal bevolking;Bodegraven;2025;18521;15449;1540;585;955;1532;773;759;497
3240;Totaal over alle leeftijden;Totaal bevolking;Boekel;2006;9554;9018;378;112;266;158;102;56;755
3241;Totaal over alle leeftijden;Totaal bevolking;Boekel;2007;9606;9017;410;118;292;179;117;62;755
3242;Totaal over alle leeftijden;Totaal bevolking;Boekel;2008;9637;8992;443;127;316;202;136;66;755
3243;Totaal over alle leeftijden;Totaal bevolking;Boekel;2009;9658;8964;461;137;324;233;161;72;755
3244;Totaal over alle leeftijden;Totaal bevolking;Boekel;2010;9677;8951;478;146;332;248;171;77;755
3245;Totaal over alle leeftijden;Totaal bevolking;Boekel;2011;9694;8927;495;153;342;272;191;81;755
3246;Totaal over alle leeftijden;Totaal bevolking;Boekel;2012;9698;8894;519;162;357;285;201;84;755
3247;Totaal over alle leeftijden;Totaal bevolking;Boekel;2013;9714;8873;547;175;372;294;204;90;755
3248;Totaal over alle leeftijden;Totaal bevolking;Boekel;2014;9717;8834;570;180;390;313;220;93;755
3249;Totaal over alle leeftijden;Totaal bevolking;Boekel;2015;9727;8805;595;190;405;327;228;99;755
3250;Totaal over alle leeftijden;Totaal bevolking;Boekel;2016;9716;8771;605;191;414;340;239;101;755
3251;Totaal over alle leeftijden;Totaal bevolking;Boekel;2017;9707;8729;616;193;423;362;253;109;755
3252;Totaal over alle leeftijden;Totaal bevolking;Boekel;2018;9709;8686;641;205;436;382;268;114;755
3253;Totaal over alle leeftijden;Totaal bevolking;Boekel;2019;9707;8647;669;219;450;391;269;122;755
3254;Totaal over alle leeftijden;Totaal bevolking;Boekel;2020;9701;8600;683;218;465;418;281;137;755
3255;Totaal over alle leeftijden;Totaal bevolking;Boekel;2021;9695;8551;709;230;479;435;287;148;755
3256;Totaal over alle leeftijden;Totaal bevolking;Boekel;2022;9685;8504;725;240;485;456;296;160;755
3257;Totaal over alle leeftijden;Totaal bevolking;Boekel;2023;9670;8455;733;243;490;482;308;174;755
3258;Totaal over alle leeftijden;Totaal bevolking;Boekel;2024;9663;8416;741;246;495;506;323;183;755
3259;Totaal over alle leeftijden;Totaal bevolking;Boekel;2025;9649;8366;759;258;501;524;331;193;755
3260;Totaal over alle leeftijden;Totaal bevolking;Ten Boer;2006;7261;6769;310;91;219;182;109;73;9
3261;Totaal over alle leeftijden;Totaal bevolking;Ten Boer;2007;7268;6748;332;107;225;188;122;66;9
3262;Totaal over alle leeftijden;Totaal bevolking;Ten Boer;2008;7326;6751;373;134;239;202;134;68;9
3263;Totaal over alle leeftijden;Totaal bevolking;Ten Boer;2009;7397;6766;402;154;248;229;158;71;9
3264;Totaal over alle leeftijden;Totaal bevolking;Ten Boer;2010;7471;6773;437;183;254;261;187;74;9
3265;Totaal over alle leeftijden;Totaal bevolking;Ten Boer;2011;7545;6781;477;213;264;287;207;80;9
3266;Totaal over alle leeftijden;Totaal bevolking;Ten Boer;2012;7625;6782;514;252;262;329;236;93;9
3267;Totaal over alle leeftijden;Totaal bevolking;Ten Boer;2013;7700;6765;564;294;270;371;268;103;9
3268;Totaal over alle leeftijden;Totaal bevolking;Ten Boer;2014;7774;6760;616;338;278;398;295;103;9
3269;Totaal over alle leeftijden;Totaal bevolking;Ten Boer;2015;7847;6747;675;385;290;425;320;105;9
3270;Totaal over alle leeftijden;Totaal bevolking;Ten Boer;2016;7922;6721;740;438;302;461;350;111;9
3271;Totaal over alle leeftijden;Totaal bevolking;Ten Boer;2017;7995;6713;787;462;325;495;383;112;9
3272;Totaal over alle leeftijden;Totaal bevolking;Ten Boer;2018;8062;6703;837;492;345;522;402;120;9
3273;Totaal over alle leeftijden;Totaal bevolking;Ten Boer;2019;8139;6707;865;514;351;567;446;121;9
3274;Totaal over alle leeftijden;Totaal bevolking;Ten Boer;2020;8206;6676;915;545;370;615;481;134;9
3275;Totaal over alle leeftijden;Totaal bevolking;Ten Boer;2021;8268;6674;936;552;384;658;512;146;9
3276;Totaal over alle leeftijden;Totaal bevolking;Ten Boer;2022;8322;6665;956;574;382;701;548;153;9
3277;Totaal over alle leeftijden;Totaal bevolking;Ten Boer;2023;8371;6628;1025;631;394;718;561;157;9
3278;Totaal over alle leeftijden;Totaal bevolking;Ten Boer;2024;8416;6605;1065;674;391;746;576;170;9
3279;Totaal over alle leeftijden;Totaal bevolking;Ten Boer;2025;8469;6581;1112;701;411;776;596;180;9
3280;Totaal over alle leeftijden;Totaal bevolking;Bolsward;2006;9440;8504;524;210;314;412;277;135;64
3281;Totaal over alle leeftijden;Totaal bevolking;Bolsward;2007;9454;8511;523;209;314;420;278;142;64
3282;Totaal over alle leeftijden;Totaal bevolking;Bolsward;2008;9440;8489;522;208;314;429;287;142;64
3283;Totaal over alle leeftijden;Totaal bevolking;Bolsward;2009;9423;8453;533;212;321;437;290;147;64
3284;Totaal over alle leeftijden;Totaal bevolking;Bolsward;2010;9405;8429;532;204;328;444;296;148;64
3285;Totaal over alle leeftijden;Totaal bevolking;Bolsward;2011;9389;8397;530;217;313;462;310;152;64
3286;Totaal over alle leeftijden;Totaal bevolking;Bolsward;2012;9378;8372;552;231;321;454;307;147;64
3287;Totaal over alle leeftijden;Totaal bevolking;Bolsward;2013;9362;8333;560;234;326;469;320;149;64
3288;Totaal over alle leeftijden;Totaal bevolking;Bolsward;2014;9350;8283;589;256;333;478;320;158;64
3289;Totaal over alle leeftijden;Totaal bevolking;Bolsward;2015;9336;8246;594;257;337;496;336;160;64
3290;Totaal over alle leeftijden;Totaal bevolking;Bolsward;2016;9323;8213;613;267;346;497;334;163;64
3291;Totaal over alle leeftijden;Totaal bevolking;Bolsward;2017;9312;8195;612;259;353;505;342;163;64
3292;Totaal over alle leeftijden;Totaal bevolking;Bolsward;2018;9296;8150;622;265;357;524;352;172;64
3293;Totaal over alle leeftijden;Totaal bevolking;Bolsward;2019;9281;8111;633;279;354;537;361;176;64
3294;Totaal over alle leeftijden;Totaal bevolking;Bolsward;2020;9264;8059;656;293;363;549;362;187;64
3295;Totaal over alle leeftijden;Totaal bevolking;Bolsward;2021;9259;8040;655;304;351;564;377;187;64
3296;Totaal over alle leeftijden;Totaal bevolking;Bolsward;2022;9253;8022;665;302;363;566;376;190;64
3297;Totaal over alle leeftijden;Totaal bevolking;Bolsward;2023;9242;7989;675;315;360;578;381;197;64
3298;Totaal over alle leeftijden;Totaal bevolking;Bolsward;2024;9223;7962;679;315;364;582;384;198;64
3299;Totaal over alle leeftijden;Totaal bevolking;Bolsward;2025;9212;7916;685;319;366;611;408;203;64
3300;Totaal over alle leeftijden;Totaal bevolking;Borger-Odoorn;2006;26146;24788;1003;323;680;355;210;145;1681
3301;Totaal over alle leeftijden;Totaal bevolking;Borger-Odoorn;2007;25997;24604;1013;319;694;380;226;154;1681
3302;Totaal over alle leeftijden;Totaal bevolking;Borger-Odoorn;2008;25791;24375;1015;326;689;401;244;157;1681
3303;Totaal over alle leeftijden;Totaal bevolking;Borger-Odoorn;2009;25568;24134;1030;333;697;404;248;156;1681
3304;Totaal over alle leeftijden;Totaal bevolking;Borger-Odoorn;2010;25360;23886;1057;345;712;417;257;160;1681
3305;Totaal over alle leeftijden;Totaal bevolking;Borger-Odoorn;2011;25153;23637;1070;347;723;446;279;167;1681
3306;Totaal over alle leeftijden;Totaal bevolking;Borger-Odoorn;2012;24949;23400;1069;358;711;480;316;164;1681
3307;Totaal over alle leeftijden;Totaal bevolking;Borger-Odoorn;2013;24743;23176;1087;374;713;480;307;173;1681
3308;Totaal over alle leeftijden;Totaal bevolking;Borger-Odoorn;2014;24537;22931;1101;384;717;505;330;175;1681
3309;Totaal over alle leeftijden;Totaal bevolking;Borger-Odoorn;2015;24350;22726;1108;394;714;516;331;185;1681
3310;Totaal over alle leeftijden;Totaal bevolking;Borger-Odoorn;2016;24171;22503;1139;409;730;529;332;197;1681
3311;Totaal over alle leeftijden;Totaal bevolking;Borger-Odoorn;2017;23992;22276;1159;426;733;557;353;204;1681
3312;Totaal over alle leeftijden;Totaal bevolking;Borger-Odoorn;2018;23816;22097;1147;431;716;572;370;202;1681
3313;Totaal over alle leeftijden;Totaal bevolking;Borger-Odoorn;2019;23644;21894;1167;443;724;583;381;202;1681
3314;Totaal over alle leeftijden;Totaal bevolking;Borger-Odoorn;2020;23482;21698;1166;445;721;618;403;215;1681
3315;Totaal over alle leeftijden;Totaal bevolking;Borger-Odoorn;2021;23336;21533;1164;450;714;639;415;224;1681
3316;Totaal over alle leeftijden;Totaal bevolking;Borger-Odoorn;2022;23196;21364;1188;465;723;644;419;225;1681
3317;Totaal over alle leeftijden;Totaal bevolking;Borger-Odoorn;2023;23061;21180;1217;469;748;664;431;233;1681
3318;Totaal over alle leeftijden;Totaal bevolking;Borger-Odoorn;2024;22948;21014;1246;495;751;688;453;235;1681
3319;Totaal over alle leeftijden;Totaal bevolking;Borger-Odoorn;2025;22837;20844;1266;517;749;727;473;254;1681
3320;Totaal over alle leeftijden;Totaal bevolking;Borne;2006;20428;18222;1414;416;998;792;513;279;147
3321;Totaal over alle leeftijden;Totaal bevolking;Borne;2007;20306;18088;1425;423;1002;793;500;293;147
3322;Totaal over alle leeftijden;Totaal bevolking;Borne;2008;20190;17938;1450;437;1013;802;498;304;147
3323;Totaal over alle leeftijden;Totaal bevolking;Borne;2009;20058;17786;1463;441;1022;809;487;322;147
3324;Totaal over alle leeftijden;Totaal bevolking;Borne;2010;19931;17637;1470;441;1029;824;488;336;147
3325;Totaal over alle leeftijden;Totaal bevolking;Borne;2011;19799;17474;1477;439;1038;848;492;356;147
3326;Totaal over alle leeftijden;Totaal bevolking;Borne;2012;19665;17329;1484;448;1036;852;483;369;147
3327;Totaal over alle leeftijden;Totaal bevolking;Borne;2013;19518;17153;1487;458;1029;878;499;379;147
3328;Totaal over alle leeftijden;Totaal bevolking;Borne;2014;19385;16983;1489;465;1024;913;509;404;147
3329;Totaal over alle leeftijden;Totaal bevolking;Borne;2015;19252;16842;1481;474;1007;929;511;418;147
3330;Totaal over alle leeftijden;Totaal bevolking;Borne;2016;19122;16685;1483;478;1005;954;511;443;147
3331;Totaal over alle leeftijden;Totaal bevolking;Borne;2017;19010;16546;1492;482;1010;972;508;464;147
3332;Totaal over alle leeftijden;Totaal bevolking;Borne;2018;18900;16406;1512;499;1013;982;504;478;147
3333;Totaal over alle leeftijden;Totaal bevolking;Borne;2019;18796;16245;1532;515;1017;1019;534;485;147
3334;Totaal over alle leeftijden;Totaal bevolking;Borne;2020;18706;16103;1547;515;1032;1056;556;500;147
3335;Totaal over alle leeftijden;Totaal bevolking;Borne;2021;18613;15968;1555;527;1028;1090;567;523;147
3336;Totaal over alle leeftijden;Totaal bevolking;Borne;2022;18513;15846;1531;518;1013;1136;590;546;147
3337;Totaal over alle leeftijden;Totaal bevolking;Borne;2023;18425;15727;1527;511;1016;1171;611;560;147
3338;Totaal over alle leeftijden;Totaal bevolking;Borne;2024;18334;15634;1518;525;993;1182;598;584;147
3339;Totaal over alle leeftijden;Totaal bevolking;Borne;2025;18251;15505;1528;527;1001;1218;610;608;147
3340;Totaal over alle leeftijden;Totaal bevolking;Borsele;2006;21989;20433;1178;449;729;378;209;169;654
3341;Totaal over alle leeftijden;Totaal bevolking;Borsele;2007;21908;20299;1195;445;750;414;237;177;654
3342;Totaal over alle leeftijden;Totaal bevolking;Borsele;2008;21830;20157;1221;465;756;452;264;188;654
3343;Totaal over alle leeftijden;Totaal bevolking;Borsele;2009;21743;20001;1255;481;774;487;287;200;654
3344;Totaal over alle leeftijden;Totaal bevolking;Borsele;2010;21655;19844;1285;486;799;526;319;207;654
3345;Totaal over alle leeftijden;Totaal bevolking;Borsele;2011;21569;19702;1314;495;819;553;336;217;654
3346;Totaal over alle leeftijden;Totaal bevolking;Borsele;2012;21472;19567;1333;509;824;572;347;225;654
3347;Totaal over alle leeftijden;Totaal bevolking;Borsele;2013;21387;19420;1362;524;838;605;360;245;654
3348;Totaal over alle leeftijden;Totaal bevolking;Borsele;2014;21295;19296;1371;531;840;628;375;253;654
3349;Totaal over alle leeftijden;Totaal bevolking;Borsele;2015;21198;19157;1404;552;852;637;380;257;654
3350;Totaal over alle leeftijden;Totaal bevolking;Borsele;2016;21109;19005;1434;571;863;670;402;268;654
3351;Totaal over alle leeftijden;Totaal bevolking;Borsele;2017;21012;18877;1456;575;881;679;399;280;654
3352;Totaal over alle leeftijden;Totaal bevolking;Borsele;2018;20923;18752;1462;570;892;709;413;296;654
3353;Totaal over alle leeftijden;Totaal bevolking;Borsele;2019;20833;18626;1474;583;891;733;426;307;654
3354;Totaal over alle leeftijden;Totaal bevolking;Borsele;2020;20736;18498;1490;598;892;748;434;314;654
3355;Totaal over alle leeftijden;Totaal bevolking;Borsele;2021;20654;18385;1515;619;896;754;442;312;654
3356;Totaal over alle leeftijden;Totaal bevolking;Borsele;2022;20569;18277;1530;616;914;762;441;321;654
3357;Totaal over alle leeftijden;Totaal bevolking;Borsele;2023;20485;18146;1557;635;922;782;460;322;654
3358;Totaal over alle leeftijden;Totaal bevolking;Borsele;2024;20411;18053;1558;634;924;800;464;336;654
3359;Totaal over alle leeftijden;Totaal bevolking;Borsele;2025;20329;17939;1564;636;928;826;475;351;654
3360;Totaal over alle leeftijden;Totaal bevolking;Boskoop;2006;15168;13225;856;334;522;1087;643;444;499
3361;Totaal over alle leeftijden;Totaal bevolking;Boskoop;2007;15152;13164;872;333;539;1116;652;464;499
3362;Totaal over alle leeftijden;Totaal bevolking;Boskoop;2008;15108;13071;888;339;549;1149;673;476;499
3363;Totaal over alle leeftijden;Totaal bevolking;Boskoop;2009;15080;12970;938;361;577;1172;681;491;499
3364;Totaal over alle leeftijden;Totaal bevolking;Boskoop;2010;15044;12882;965;370;595;1197;683;514;499
3365;Totaal over alle leeftijden;Totaal bevolking;Boskoop;2011;15004;12790;996;385;611;1218;686;532;499
3366;Totaal over alle leeftijden;Totaal bevolking;Boskoop;2012;14974;12703;1030;396;634;1241;691;550;499
3367;Totaal over alle leeftijden;Totaal bevolking;Boskoop;2013;14947;12611;1067;416;651;1269;706;563;499
3368;Totaal over alle leeftijden;Totaal bevolking;Boskoop;2014;14911;12530;1086;406;680;1295;725;570;499
3369;Totaal over alle leeftijden;Totaal bevolking;Boskoop;2015;14858;12431;1109;409;700;1318;734;584;499
3370;Totaal over alle leeftijden;Totaal bevolking;Boskoop;2016;14807;12319;1138;419;719;1350;755;595;499
3371;Totaal over alle leeftijden;Totaal bevolking;Boskoop;2017;14752;12204;1173;420;753;1375;755;620;499
3372;Totaal over alle leeftijden;Totaal bevolking;Boskoop;2018;14698;12111;1210;433;777;1377;745;632;499
3373;Totaal over alle leeftijden;Totaal bevolking;Boskoop;2019;14643;11988;1239;439;800;1416;763;653;499
3374;Totaal over alle leeftijden;Totaal bevolking;Boskoop;2020;14598;11906;1252;458;794;1440;777;663;499
3375;Totaal over alle leeftijden;Totaal bevolking;Boskoop;2021;14557;11803;1287;467;820;1467;796;671;499
3376;Totaal over alle leeftijden;Totaal bevolking;Boskoop;2022;14507;11699;1318;484;834;1490;808;682;499
3377;Totaal over alle leeftijden;Totaal bevolking;Boskoop;2023;14455;11601;1336;483;853;1518;822;696;499
3378;Totaal over alle leeftijden;Totaal bevolking;Boskoop;2024;14385;11477;1367;490;877;1541;836;705;499
3379;Totaal over alle leeftijden;Totaal bevolking;Boskoop;2025;14338;11375;1391;496;895;1572;850;722;499
3380;Totaal over alle leeftijden;Totaal bevolking;Boxmeer;2006;29054;25806;2191;847;1344;1057;668;389;756
3381;Totaal over alle leeftijden;Totaal bevolking;Boxmeer;2007;28915;25619;2235;874;1361;1061;659;402;756
3382;Totaal over alle leeftijden;Totaal bevolking;Boxmeer;2008;28745;25411;2256;912;1344;1078;672;406;756
3383;Totaal over alle leeftijden;Totaal bevolking;Boxmeer;2009;28594;25157;2327;991;1336;1110;701;409;756
3384;Totaal over alle leeftijden;Totaal bevolking;Boxmeer;2010;28440;24899;2408;1079;1329;1133;715;418;756
3385;Totaal over alle leeftijden;Totaal bevolking;Boxmeer;2011;28291;24644;2525;1198;1327;1122;715;407;756
3386;Totaal over alle leeftijden;Totaal bevolking;Boxmeer;2012;28134;24360;2629;1323;1306;1145;733;412;756
3387;Totaal over alle leeftijden;Totaal bevolking;Boxmeer;2013;27982;24077;2746;1432;1314;1159;743;416;756
3388;Totaal over alle leeftijden;Totaal bevolking;Boxmeer;2014;27822;23800;2846;1546;1300;1176;767;409;756
3389;Totaal over alle leeftijden;Totaal bevolking;Boxmeer;2015;27665;23493;2979;1684;1295;1193;771;422;756
3390;Totaal over alle leeftijden;Totaal bevolking;Boxmeer;2016;27511;23181;3134;1820;1314;1196;768;428;756
3391;Totaal over alle leeftijden;Totaal bevolking;Boxmeer;2017;27361;22885;3259;1935;1324;1217;785;432;756
3392;Totaal over alle leeftijden;Totaal bevolking;Boxmeer;2018;27220;22585;3389;2063;1326;1246;805;441;756
3393;Totaal over alle leeftijden;Totaal bevolking;Boxmeer;2019;27072;22303;3517;2202;1315;1252;804;448;756
3394;Totaal over alle leeftijden;Totaal bevolking;Boxmeer;2020;26927;22008;3649;2327;1322;1270;810;460;756
3395;Totaal over alle leeftijden;Totaal bevolking;Boxmeer;2021;26794;21705;3804;2457;1347;1285;811;474;756
3396;Totaal over alle leeftijden;Totaal bevolking;Boxmeer;2022;26654;21439;3920;2555;1365;1295;818;477;756
3397;Totaal over alle leeftijden;Totaal bevolking;Boxmeer;2023;26531;21169;4036;2680;1356;1326;833;493;756
3398;Totaal over alle leeftijden;Totaal bevolking;Boxmeer;2024;26401;20911;4136;2793;1343;1354;846;508;756
3399;Totaal over alle leeftijden;Totaal bevolking;Boxmeer;2025;26290;20637;4273;2919;1354;1380;870;510;756
3400;Totaal over alle leeftijden;Totaal bevolking;Boxtel;2006;29642;25979;1719;627;1092;1944;1084;860;757
3401;Totaal over alle leeftijden;Totaal bevolking;Boxtel;2007;29522;25885;1716;607;1109;1921;1037;884;757
3402;Totaal over alle leeftijden;Totaal bevolking;Boxtel;2008;29369;25757;1712;600;1112;1900;1020;880;757
3403;Totaal over alle leeftijden;Totaal bevolking;Boxtel;2009;29205;25624;1707;588;1119;1874;999;875;757
3404;Totaal over alle leeftijden;Totaal bevolking;Boxtel;2010;29034;25478;1692;572;1120;1864;978;886;757
3405;Totaal over alle leeftijden;Totaal bevolking;Boxtel;2011;28865;25337;1681;569;1112;1847;956;891;757
3406;Totaal over alle leeftijden;Totaal bevolking;Boxtel;2012;28698;25189;1679;565;1114;1830;934;896;757
3407;Totaal over alle leeftijden;Totaal bevolking;Boxtel;2013;28532;25072;1656;568;1088;1804;919;885;757
3408;Totaal over alle leeftijden;Totaal bevolking;Boxtel;2014;28381;24923;1646;562;1084;1812;914;898;757
3409;Totaal over alle leeftijden;Totaal bevolking;Boxtel;2015;28224;24794;1651;574;1077;1779;895;884;757
3410;Totaal over alle leeftijden;Totaal bevolking;Boxtel;2016;28057;24651;1633;567;1066;1773;889;884;757
3411;Totaal over alle leeftijden;Totaal bevolking;Boxtel;2017;27910;24538;1610;556;1054;1762;877;885;757
3412;Totaal over alle leeftijden;Totaal bevolking;Boxtel;2018;27766;24413;1610;557;1053;1743;865;878;757
3413;Totaal over alle leeftijden;Totaal bevolking;Boxtel;2019;27620;24291;1600;547;1053;1729;857;872;757
3414;Totaal over alle leeftijden;Totaal bevolking;Boxtel;2020;27475;24159;1584;541;1043;1732;852;880;757
3415;Totaal over alle leeftijden;Totaal bevolking;Boxtel;2021;27343;24031;1595;547;1048;1717;843;874;757
3416;Totaal over alle leeftijden;Totaal bevolking;Boxtel;2022;27191;23885;1584;530;1054;1722;840;882;757
3417;Totaal over alle leeftijden;Totaal bevolking;Boxtel;2023;27049;23764;1595;533;1062;1690;826;864;757
3418;Totaal over alle leeftijden;Totaal bevolking;Boxtel;2024;26932;23675;1573;538;1035;1684;811;873;757
3419;Totaal over alle leeftijden;Totaal bevolking;Boxtel;2025;26802;23560;1570;531;1039;1672;800;872;757
3420;Totaal over alle leeftijden;Totaal bevolking;Breda;2006;169031;135268;16287;6162;10125;17476;9915;7561;758
3421;Totaal over alle leeftijden;Totaal bevolking;Breda;2007;169316;135352;16194;6133;10061;17770;9942;7828;758
3422;Totaal over alle leeftijden;Totaal bevolking;Breda;2008;169850;135573;16213;6189;10024;18064;9957;8107;758
3423;Totaal over alle leeftijden;Totaal bevolking;Breda;2009;170289;135713;16196;6218;9978;18380;10015;8365;758
3424;Totaal over alle leeftijden;Totaal bevolking;Breda;2010;170890;135938;16215;6304;9911;18737;10093;8644;758
3425;Totaal over alle leeftijden;Totaal bevolking;Breda;2011;171478;136133;16225;6401;9824;19120;10217;8903;758
3426;Totaal over alle leeftijden;Totaal bevolking;Breda;2012;172067;136263;16305;6513;9792;19499;10306;9193;758
3427;Totaal over alle leeftijden;Totaal bevolking;Breda;2013;172659;136391;16448;6635;9813;19820;10362;9458;758
3428;Totaal over alle leeftijden;Totaal bevolking;Breda;2014;173220;136504;16539;6765;9774;20177;10461;9716;758
3429;Totaal over alle leeftijden;Totaal bevolking;Breda;2015;173776;136619;16644;6892;9752;20513;10547;9966;758
3430;Totaal over alle leeftijden;Totaal bevolking;Breda;2016;174308;136642;16813;7020;9793;20853;10653;10200;758
3431;Totaal over alle leeftijden;Totaal bevolking;Breda;2017;174801;136654;16963;7151;9812;21184;10742;10442;758
3432;Totaal over alle leeftijden;Totaal bevolking;Breda;2018;175271;136567;17103;7247;9856;21601;10868;10733;758
3433;Totaal over alle leeftijden;Totaal bevolking;Breda;2019;175736;136616;17190;7338;9852;21930;10961;10969;758
3434;Totaal over alle leeftijden;Totaal bevolking;Breda;2020;176178;136592;17298;7433;9865;22288;11058;11230;758
3435;Totaal over alle leeftijden;Totaal bevolking;Breda;2021;176565;136545;17400;7540;9860;22620;11148;11472;758
3436;Totaal over alle leeftijden;Totaal bevolking;Breda;2022;176932;136419;17531;7627;9904;22982;11285;11697;758
3437;Totaal over alle leeftijden;Totaal bevolking;Breda;2023;177297;136271;17718;7750;9968;23308;11400;11908;758
3438;Totaal over alle leeftijden;Totaal bevolking;Breda;2024;177615;136187;17778;7798;9980;23650;11547;12103;758
3439;Totaal over alle leeftijden;Totaal bevolking;Breda;2025;177891;136071;17820;7819;10001;24000;11661;12339;758
3440;Totaal over alle leeftijden;Totaal bevolking;Breukelen;2006;14388;12607;1209;439;770;572;337;235;311
3441;Totaal over alle leeftijden;Totaal bevolking;Breukelen;2007;14364;12533;1223;455;768;608;356;252;311
3442;Totaal over alle leeftijden;Totaal bevolking;Breukelen;2008;14324;12435;1261;468;793;628;361;267;311
3443;Totaal over alle leeftijden;Totaal bevolking;Breukelen;2009;14270;12323;1290;481;809;657;378;279;311
3444;Totaal over alle leeftijden;Totaal bevolking;Breukelen;2010;14230;12193;1339;520;819;698;391;307;311
3445;Totaal over alle leeftijden;Totaal bevolking;Breukelen;2011;14177;12057;1381;545;836;739;410;329;311
3446;Totaal over alle leeftijden;Totaal bevolking;Breukelen;2012;14121;11931;1424;588;836;766;410;356;311
3447;Totaal over alle leeftijden;Totaal bevolking;Breukelen;2013;14077;11809;1470;625;845;798;417;381;311
3448;Totaal over alle leeftijden;Totaal bevolking;Breukelen;2014;14028;11668;1531;675;856;829;427;402;311
3449;Totaal over alle leeftijden;Totaal bevolking;Breukelen;2015;13982;11516;1612;723;889;854;438;416;311
3450;Totaal over alle leeftijden;Totaal bevolking;Breukelen;2016;13941;11411;1657;762;895;873;434;439;311
3451;Totaal over alle leeftijden;Totaal bevolking;Breukelen;2017;13890;11260;1728;816;912;902;444;458;311
3452;Totaal over alle leeftijden;Totaal bevolking;Breukelen;2018;13852;11127;1777;861;916;948;463;485;311
3453;Totaal over alle leeftijden;Totaal bevolking;Breukelen;2019;13815;10996;1836;913;923;983;479;504;311
3454;Totaal over alle leeftijden;Totaal bevolking;Breukelen;2020;13773;10850;1895;969;926;1028;488;540;311
3455;Totaal over alle leeftijden;Totaal bevolking;Breukelen;2021;13724;10696;1970;1013;957;1058;490;568;311
3456;Totaal over alle leeftijden;Totaal bevolking;Breukelen;2022;13664;10576;2004;1050;954;1084;489;595;311
3457;Totaal over alle leeftijden;Totaal bevolking;Breukelen;2023;13617;10455;2039;1088;951;1123;515;608;311
3458;Totaal over alle leeftijden;Totaal bevolking;Breukelen;2024;13591;10313;2097;1150;947;1181;542;639;311
3459;Totaal over alle leeftijden;Totaal bevolking;Breukelen;2025;13547;10161;2168;1204;964;1218;558;660;311
3460;Totaal over alle leeftijden;Totaal bevolking;Brielle;2006;16186;14205;1347;514;833;634;349;285;501
3461;Totaal over alle leeftijden;Totaal bevolking;Brielle;2007;16135;14089;1364;528;836;682;387;295;501
3462;Totaal over alle leeftijden;Totaal bevolking;Brielle;2008;16092;13984;1376;526;850;732;425;307;501
3463;Totaal over alle leeftijden;Totaal bevolking;Brielle;2009;16054;13896;1372;534;838;786;449;337;501
3464;Totaal over alle leeftijden;Totaal bevolking;Brielle;2010;16005;13787;1379;534;845;839;484;355;501
3465;Totaal over alle leeftijden;Totaal bevolking;Brielle;2011;15964;13676;1417;554;863;871;501;370;501
3466;Totaal over alle leeftijden;Totaal bevolking;Brielle;2012;15921;13570;1434;558;876;917;526;391;501
3467;Totaal over alle leeftijden;Totaal bevolking;Brielle;2013;15874;13492;1428;562;866;954;537;417;501
3468;Totaal over alle leeftijden;Totaal bevolking;Brielle;2014;15832;13387;1446;570;876;999;555;444;501
3469;Totaal over alle leeftijden;Totaal bevolking;Brielle;2015;15774;13304;1444;568;876;1026;567;459;501
3470;Totaal over alle leeftijden;Totaal bevolking;Brielle;2016;15735;13209;1452;574;878;1074;595;479;501
3471;Totaal over alle leeftijden;Totaal bevolking;Brielle;2017;15693;13114;1472;581;891;1107;615;492;501
3472;Totaal over alle leeftijden;Totaal bevolking;Brielle;2018;15658;13039;1482;589;893;1137;625;512;501
3473;Totaal over alle leeftijden;Totaal bevolking;Brielle;2019;15620;12957;1499;606;893;1164;628;536;501
3474;Totaal over alle leeftijden;Totaal bevolking;Brielle;2020;15582;12885;1501;603;898;1196;642;554;501
3475;Totaal over alle leeftijden;Totaal bevolking;Brielle;2021;15551;12806;1515;609;906;1230;648;582;501
3476;Totaal over alle leeftijden;Totaal bevolking;Brielle;2022;15528;12734;1525;620;905;1269;660;609;501
3477;Totaal over alle leeftijden;Totaal bevolking;Brielle;2023;15497;12669;1526;631;895;1302;678;624;501
3478;Totaal over alle leeftijden;Totaal bevolking;Brielle;2024;15479;12585;1549;647;902;1345;698;647;501
3479;Totaal over alle leeftijden;Totaal bevolking;Brielle;2025;15446;12505;1558;657;901;1383;716;667;501
3480;Totaal over alle leeftijden;Totaal bevolking;Bronckhorst;2006;38221;35809;1660;504;1156;752;497;255;1876
3481;Totaal over alle leeftijden;Totaal bevolking;Bronckhorst;2007;38375;35729;1773;531;1242;873;580;293;1876
3482;Totaal over alle leeftijden;Totaal bevolking;Bronckhorst;2008;38463;35572;1905;584;1321;986;669;317;1876
3483;Totaal over alle leeftijden;Totaal bevolking;Bronckhorst;2009;38506;35393;2007;626;1381;1106;748;358;1876
3484;Totaal over alle leeftijden;Totaal bevolking;Bronckhorst;2010;38522;35188;2126;674;1452;1208;801;407;1876
3485;Totaal over alle leeftijden;Totaal bevolking;Bronckhorst;2011;38535;34994;2228;718;1510;1313;863;450;1876
3486;Totaal over alle leeftijden;Totaal bevolking;Bronckhorst;2012;38535;34785;2320;751;1569;1430;937;493;1876
3487;Totaal over alle leeftijden;Totaal bevolking;Bronckhorst;2013;38499;34560;2385;797;1588;1554;1000;554;1876
3488;Totaal over alle leeftijden;Totaal bevolking;Bronckhorst;2014;38497;34340;2483;848;1635;1674;1061;613;1876
3489;Totaal over alle leeftijden;Totaal bevolking;Bronckhorst;2015;38489;34140;2564;887;1677;1785;1115;670;1876
3490;Totaal over alle leeftijden;Totaal bevolking;Bronckhorst;2016;38460;33963;2644;924;1720;1853;1152;701;1876
3491;Totaal over alle leeftijden;Totaal bevolking;Bronckhorst;2017;38461;33814;2694;944;1750;1953;1192;761;1876
3492;Totaal over alle leeftijden;Totaal bevolking;Bronckhorst;2018;38436;33615;2781;986;1795;2040;1247;793;1876
3493;Totaal over alle leeftijden;Totaal bevolking;Bronckhorst;2019;38414;33437;2855;1028;1827;2122;1274;848;1876
3494;Totaal over alle leeftijden;Totaal bevolking;Bronckhorst;2020;38405;33282;2931;1068;1863;2192;1303;889;1876
3495;Totaal over alle leeftijden;Totaal bevolking;Bronckhorst;2021;38376;33081;3019;1102;1917;2276;1337;939;1876
3496;Totaal over alle leeftijden;Totaal bevolking;Bronckhorst;2022;38378;32901;3108;1142;1966;2369;1375;994;1876
3497;Totaal over alle leeftijden;Totaal bevolking;Bronckhorst;2023;38363;32700;3189;1180;2009;2474;1451;1023;1876
3498;Totaal over alle leeftijden;Totaal bevolking;Bronckhorst;2024;38381;32571;3257;1219;2038;2553;1492;1061;1876
3499;Totaal over alle leeftijden;Totaal bevolking;Bronckhorst;2025;38353;32361;3340;1285;2055;2652;1533;1119;1876
3500;Totaal over alle leeftijden;Totaal bevolking;Brummen;2006;21331;18965;1316;413;903;1050;592;458;213
3501;Totaal over alle leeftijden;Totaal bevolking;Brummen;2007;21273;18864;1328;419;909;1081;613;468;213
3502;Totaal over alle leeftijden;Totaal bevolking;Brummen;2008;21252;18775;1356;431;925;1121;642;479;213
3503;Totaal over alle leeftijden;Totaal bevolking;Brummen;2009;21235;18713;1372;446;926;1150;663;487;213
3504;Totaal over alle leeftijden;Totaal bevolking;Brummen;2010;21207;18663;1387;468;919;1157;666;491;213
3505;Totaal over alle leeftijden;Totaal bevolking;Brummen;2011;21165;18590;1401;466;935;1174;679;495;213
3506;Totaal over alle leeftijden;Totaal bevolking;Brummen;2012;21133;18549;1389;474;915;1195;693;502;213
3507;Totaal over alle leeftijden;Totaal bevolking;Brummen;2013;21087;18486;1392;473;919;1209;706;503;213
3508;Totaal over alle leeftijden;Totaal bevolking;Brummen;2014;21053;18393;1408;481;927;1252;729;523;213
3509;Totaal over alle leeftijden;Totaal bevolking;Brummen;2015;21010;18309;1427;505;922;1274;744;530;213
3510;Totaal over alle leeftijden;Totaal bevolking;Brummen;2016;20961;18249;1409;496;913;1303;754;549;213
3511;Totaal over alle leeftijden;Totaal bevolking;Brummen;2017;20917;18175;1422;507;915;1320;757;563;213
3512;Totaal over alle leeftijden;Totaal bevolking;Brummen;2018;20878;18079;1454;525;929;1345;781;564;213
3513;Totaal over alle leeftijden;Totaal bevolking;Brummen;2019;20834;18010;1477;545;932;1347;789;558;213
3514;Totaal over alle leeftijden;Totaal bevolking;Brummen;2020;20788;17947;1490;563;927;1351;781;570;213
3515;Totaal over alle leeftijden;Totaal bevolking;Brummen;2021;20736;17885;1502;560;942;1349;791;558;213
3516;Totaal over alle leeftijden;Totaal bevolking;Brummen;2022;20694;17820;1507;562;945;1367;799;568;213
3517;Totaal over alle leeftijden;Totaal bevolking;Brummen;2023;20665;17782;1499;560;939;1384;799;585;213
3518;Totaal over alle leeftijden;Totaal bevolking;Brummen;2024;20637;17721;1524;583;941;1392;790;602;213
3519;Totaal over alle leeftijden;Totaal bevolking;Brummen;2025;20605;17633;1547;595;952;1425;813;612;213
3520;Totaal over alle leeftijden;Totaal bevolking;Brunssum;2006;29018;21975;5982;1385;4597;1061;598;463;899
3521;Totaal over alle leeftijden;Totaal bevolking;Brunssum;2007;28776;21883;5836;1319;4517;1057;587;470;899
3522;Totaal over alle leeftijden;Totaal bevolking;Brunssum;2008;28548;21817;5677;1237;4440;1054;584;470;899
3523;Totaal over alle leeftijden;Totaal bevolking;Brunssum;2009;28341;21748;5550;1193;4357;1043;575;468;899
3524;Totaal over alle leeftijden;Totaal bevolking;Brunssum;2010;28156;21659;5446;1156;4290;1051;572;479;899
3525;Totaal over alle leeftijden;Totaal bevolking;Brunssum;2011;27964;21564;5350;1131;4219;1050;564;486;899
3526;Totaal over alle leeftijden;Totaal bevolking;Brunssum;2012;27777;21476;5252;1089;4163;1049;559;490;899
3527;Totaal over alle leeftijden;Totaal bevolking;Brunssum;2013;27585;21400;5125;1058;4067;1060;562;498;899
3528;Totaal over alle leeftijden;Totaal bevolking;Brunssum;2014;27400;21322;5024;1021;4003;1054;555;499;899
3529;Totaal over alle leeftijden;Totaal bevolking;Brunssum;2015;27220;21257;4915;999;3916;1048;548;500;899
3530;Totaal over alle leeftijden;Totaal bevolking;Brunssum;2016;27028;21187;4797;946;3851;1044;548;496;899
3531;Totaal over alle leeftijden;Totaal bevolking;Brunssum;2017;26837;21104;4695;926;3769;1038;544;494;899
3532;Totaal over alle leeftijden;Totaal bevolking;Brunssum;2018;26638;21050;4565;898;3667;1023;531;492;899
3533;Totaal over alle leeftijden;Totaal bevolking;Brunssum;2019;26455;20984;4452;858;3594;1019;529;490;899
3534;Totaal over alle leeftijden;Totaal bevolking;Brunssum;2020;26268;20891;4358;838;3520;1019;524;495;899
3535;Totaal over alle leeftijden;Totaal bevolking;Brunssum;2021;26102;20840;4241;806;3435;1021;521;500;899
3536;Totaal over alle leeftijden;Totaal bevolking;Brunssum;2022;25931;20780;4139;791;3348;1012;518;494;899
3537;Totaal over alle leeftijden;Totaal bevolking;Brunssum;2023;25759;20720;4044;789;3255;995;508;487;899
3538;Totaal over alle leeftijden;Totaal bevolking;Brunssum;2024;25583;20645;3956;778;3178;982;499;483;899
3539;Totaal over alle leeftijden;Totaal bevolking;Brunssum;2025;25415;20559;3874;767;3107;982;496;486;899
3540;Totaal over alle leeftijden;Totaal bevolking;Bunnik;2006;14214;12581;1070;350;720;563;300;263;312
3541;Totaal over alle leeftijden;Totaal bevolking;Bunnik;2007;14263;12542;1096;359;737;625;328;297;312
3542;Totaal over alle leeftijden;Totaal bevolking;Bunnik;2008;14330;12504;1145;369;776;681;363;318;312
3543;Totaal over alle leeftijden;Totaal bevolking;Bunnik;2009;14390;12478;1199;382;817;713;376;337;312
3544;Totaal over alle leeftijden;Totaal bevolking;Bunnik;2010;14416;12388;1258;404;854;770;404;366;312
3545;Totaal over alle leeftijden;Totaal bevolking;Bunnik;2011;14448;12323;1302;421;881;823;420;403;312
3546;Totaal over alle leeftijden;Totaal bevolking;Bunnik;2012;14456;12243;1324;422;902;889;448;441;312
3547;Totaal over alle leeftijden;Totaal bevolking;Bunnik;2013;14482;12163;1368;445;923;951;474;477;312
3548;Totaal over alle leeftijden;Totaal bevolking;Bunnik;2014;14480;12077;1413;457;956;990;486;504;312
3549;Totaal over alle leeftijden;Totaal bevolking;Bunnik;2015;14483;11993;1440;470;970;1050;504;546;312
3550;Totaal over alle leeftijden;Totaal bevolking;Bunnik;2016;14503;11938;1459;475;984;1106;526;580;312
3551;Totaal over alle leeftijden;Totaal bevolking;Bunnik;2017;14522;11871;1493;489;1004;1158;532;626;312
3552;Totaal over alle leeftijden;Totaal bevolking;Bunnik;2018;14533;11797;1538;510;1028;1198;551;647;312
3553;Totaal over alle leeftijden;Totaal bevolking;Bunnik;2019;14532;11719;1568;527;1041;1245;570;675;312
3554;Totaal over alle leeftijden;Totaal bevolking;Bunnik;2020;14536;11634;1603;551;1052;1299;594;705;312
3555;Totaal over alle leeftijden;Totaal bevolking;Bunnik;2021;14548;11549;1655;575;1080;1344;607;737;312
3556;Totaal over alle leeftijden;Totaal bevolking;Bunnik;2022;14555;11466;1692;589;1103;1397;609;788;312
3557;Totaal over alle leeftijden;Totaal bevolking;Bunnik;2023;14576;11395;1730;599;1131;1451;632;819;312
3558;Totaal over alle leeftijden;Totaal bevolking;Bunnik;2024;14578;11305;1772;619;1153;1501;646;855;312
3559;Totaal over alle leeftijden;Totaal bevolking;Bunnik;2025;14582;11241;1782;636;1146;1559;667;892;312
3560;Totaal over alle leeftijden;Totaal bevolking;Bunschoten;2006;19470;18043;629;228;401;798;480;318;313
3561;Totaal over alle leeftijden;Totaal bevolking;Bunschoten;2007;19575;18098;661;238;423;816;485;331;313
3562;Totaal over alle leeftijden;Totaal bevolking;Bunschoten;2008;19680;18152;697;250;447;831;486;345;313
3563;Totaal over alle leeftijden;Totaal bevolking;Bunschoten;2009;19787;18197;732;256;476;858;503;355;313
3564;Totaal over alle leeftijden;Totaal bevolking;Bunschoten;2010;19900;18238;771;261;510;891;518;373;313
3565;Totaal over alle leeftijden;Totaal bevolking;Bunschoten;2011;20016;18295;805;271;534;916;528;388;313
3566;Totaal over alle leeftijden;Totaal bevolking;Bunschoten;2012;20126;18336;844;289;555;946;538;408;313
3567;Totaal over alle leeftijden;Totaal bevolking;Bunschoten;2013;20218;18372;873;298;575;973;556;417;313
3568;Totaal over alle leeftijden;Totaal bevolking;Bunschoten;2014;20314;18425;895;303;592;994;570;424;313
3569;Totaal over alle leeftijden;Totaal bevolking;Bunschoten;2015;20418;18472;929;310;619;1017;576;441;313
3570;Totaal over alle leeftijden;Totaal bevolking;Bunschoten;2016;20517;18513;964;322;642;1040;580;460;313
3571;Totaal over alle leeftijden;Totaal bevolking;Bunschoten;2017;20604;18557;981;330;651;1066;595;471;313
3572;Totaal over alle leeftijden;Totaal bevolking;Bunschoten;2018;20696;18595;1022;347;675;1079;603;476;313
3573;Totaal over alle leeftijden;Totaal bevolking;Bunschoten;2019;20783;18607;1065;363;702;1111;613;498;313
3574;Totaal over alle leeftijden;Totaal bevolking;Bunschoten;2020;20868;18646;1105;383;722;1117;613;504;313
3575;Totaal over alle leeftijden;Totaal bevolking;Bunschoten;2021;20944;18663;1137;396;741;1144;630;514;313
3576;Totaal over alle leeftijden;Totaal bevolking;Bunschoten;2022;21023;18671;1171;419;752;1181;648;533;313
3577;Totaal over alle leeftijden;Totaal bevolking;Bunschoten;2023;21091;18690;1210;436;774;1191;652;539;313
3578;Totaal over alle leeftijden;Totaal bevolking;Bunschoten;2024;21149;18693;1233;443;790;1223;665;558;313
3579;Totaal over alle leeftijden;Totaal bevolking;Bunschoten;2025;21200;18680;1272;449;823;1248;682;566;313
3580;Totaal over alle leeftijden;Totaal bevolking;Buren;2006;25694;24098;1161;363;798;435;279;156;214
3581;Totaal over alle leeftijden;Totaal bevolking;Buren;2007;25605;23929;1198;379;819;478;310;168;214
3582;Totaal over alle leeftijden;Totaal bevolking;Buren;2008;25497;23775;1209;388;821;513;336;177;214
3583;Totaal over alle leeftijden;Totaal bevolking;Buren;2009;25410;23606;1247;405;842;557;367;190;214
3584;Totaal over alle leeftijden;Totaal bevolking;Buren;2010;25307;23450;1273;422;851;584;376;208;214
3585;Totaal over alle leeftijden;Totaal bevolking;Buren;2011;25199;23262;1314;456;858;623;405;218;214
3586;Totaal over alle leeftijden;Totaal bevolking;Buren;2012;25105;23101;1345;474;871;659;428;231;214
3587;Totaal over alle leeftijden;Totaal bevolking;Buren;2013;25001;22910;1382;514;868;709;463;246;214
3588;Totaal over alle leeftijden;Totaal bevolking;Buren;2014;24907;22727;1422;555;867;758;492;266;214
3589;Totaal over alle leeftijden;Totaal bevolking;Buren;2015;24796;22534;1472;596;876;790;507;283;214
3590;Totaal over alle leeftijden;Totaal bevolking;Buren;2016;24692;22337;1527;637;890;828;526;302;214
3591;Totaal over alle leeftijden;Totaal bevolking;Buren;2017;24596;22179;1552;643;909;865;536;329;214
3592;Totaal over alle leeftijden;Totaal bevolking;Buren;2018;24493;21996;1586;668;918;911;562;349;214
3593;Totaal over alle leeftijden;Totaal bevolking;Buren;2019;24377;21855;1604;677;927;918;556;362;214
3594;Totaal over alle leeftijden;Totaal bevolking;Buren;2020;24281;21691;1643;705;938;947;567;380;214
3595;Totaal over alle leeftijden;Totaal bevolking;Buren;2021;24192;21573;1652;717;935;967;572;395;214
3596;Totaal over alle leeftijden;Totaal bevolking;Buren;2022;24097;21427;1674;735;939;996;587;409;214
3597;Totaal over alle leeftijden;Totaal bevolking;Buren;2023;23993;21281;1686;748;938;1026;591;435;214
3598;Totaal over alle leeftijden;Totaal bevolking;Buren;2024;23909;21130;1713;778;935;1066;616;450;214
3599;Totaal over alle leeftijden;Totaal bevolking;Buren;2025;23818;21000;1737;801;936;1081;626;455;214
3600;Totaal over alle leeftijden;Totaal bevolking;Bussum;2006;30958;25052;3751;1398;2353;2155;1185;970;381
3601;Totaal over alle leeftijden;Totaal bevolking;Bussum;2007;30798;24816;3750;1415;2335;2232;1221;1011;381
3602;Totaal over alle leeftijden;Totaal bevolking;Bussum;2008;30666;24622;3779;1456;2323;2265;1208;1057;381
3603;Totaal over alle leeftijden;Totaal bevolking;Bussum;2009;30553;24423;3806;1509;2297;2324;1231;1093;381
3604;Totaal over alle leeftijden;Totaal bevolking;Bussum;2010;30402;24212;3846;1574;2272;2344;1224;1120;381
3605;Totaal over alle leeftijden;Totaal bevolking;Bussum;2011;30259;23985;3884;1619;2265;2390;1226;1164;381
3606;Totaal over alle leeftijden;Totaal bevolking;Bussum;2012;30102;23748;3955;1682;2273;2399;1215;1184;381
3607;Totaal over alle leeftijden;Totaal bevolking;Bussum;2013;29936;23525;3993;1717;2276;2418;1221;1197;381
3608;Totaal over alle leeftijden;Totaal bevolking;Bussum;2014;29790;23295;4050;1792;2258;2445;1220;1225;381
3609;Totaal over alle leeftijden;Totaal bevolking;Bussum;2015;29667;23091;4089;1861;2228;2487;1240;1247;381
3610;Totaal over alle leeftijden;Totaal bevolking;Bussum;2016;29526;22932;4118;1915;2203;2476;1227;1249;381
3611;Totaal over alle leeftijden;Totaal bevolking;Bussum;2017;29407;22707;4181;1980;2201;2519;1249;1270;381
3612;Totaal over alle leeftijden;Totaal bevolking;Bussum;2018;29301;22468;4246;2027;2219;2587;1278;1309;381
3613;Totaal over alle leeftijden;Totaal bevolking;Bussum;2019;29179;22270;4279;2049;2230;2630;1283;1347;381
3614;Totaal over alle leeftijden;Totaal bevolking;Bussum;2020;29075;22082;4333;2098;2235;2660;1300;1360;381
3615;Totaal over alle leeftijden;Totaal bevolking;Bussum;2021;28994;21902;4420;2158;2262;2672;1302;1370;381
3616;Totaal over alle leeftijden;Totaal bevolking;Bussum;2022;28910;21731;4452;2176;2276;2727;1325;1402;381
3617;Totaal over alle leeftijden;Totaal bevolking;Bussum;2023;28842;21555;4507;2228;2279;2780;1361;1419;381
3618;Totaal over alle leeftijden;Totaal bevolking;Bussum;2024;28775;21370;4569;2289;2280;2836;1379;1457;381
3619;Totaal over alle leeftijden;Totaal bevolking;Bussum;2025;28717;21178;4634;2318;2316;2905;1428;1477;381
3620;Totaal over alle leeftijden;Totaal bevolking;Capelle aan den IJssel;2006;64675;47709;6725;2947;3778;10241;6338;3903;502
3621;Totaal over alle leeftijden;Totaal bevolking;Capelle aan den IJssel;2007;64402;47300;6592;2906;3686;10510;6466;4044;502
3622;Totaal over alle leeftijden;Totaal bevolking;Capelle aan den IJssel;2008;64148;46888;6485;2874;3611;10775;6563;4212;502
3623;Totaal over alle leeftijden;Totaal bevolking;Capelle aan den IJssel;2009;63894;46441;6435;2865;3570;11018;6671;4347;502
3624;Totaal over alle leeftijden;Totaal bevolking;Capelle aan den IJssel;2010;63652;46005;6417;2903;3514;11230;6748;4482;502
3625;Totaal over alle leeftijden;Totaal bevolking;Capelle aan den IJssel;2011;63428;45609;6404;2934;3470;11415;6829;4586;502
3626;Totaal over alle leeftijden;Totaal bevolking;Capelle aan den IJssel;2012;63232;45260;6375;2959;3416;11597;6909;4688;502
3627;Totaal over alle leeftijden;Totaal bevolking;Capelle aan den IJssel;2013;63037;44912;6364;2998;3366;11761;6976;4785;502
3628;Totaal over alle leeftijden;Totaal bevolking;Capelle aan den IJssel;2014;62863;44539;6368;3024;3344;11956;7044;4912;502
3629;Totaal over alle leeftijden;Totaal bevolking;Capelle aan den IJssel;2015;62707;44200;6403;3059;3344;12104;7100;5004;502
3630;Totaal over alle leeftijden;Totaal bevolking;Capelle aan den IJssel;2016;62596;43865;6447;3131;3316;12284;7148;5136;502
3631;Totaal over alle leeftijden;Totaal bevolking;Capelle aan den IJssel;2017;62479;43603;6425;3150;3275;12451;7204;5247;502
3632;Totaal over alle leeftijden;Totaal bevolking;Capelle aan den IJssel;2018;62369;43327;6440;3181;3259;12602;7243;5359;502
3633;Totaal over alle leeftijden;Totaal bevolking;Capelle aan den IJssel;2019;62270;43150;6378;3177;3201;12742;7262;5480;502
3634;Totaal over alle leeftijden;Totaal bevolking;Capelle aan den IJssel;2020;62180;43028;6332;3173;3159;12820;7255;5565;502
3635;Totaal over alle leeftijden;Totaal bevolking;Capelle aan den IJssel;2021;62091;42829;6336;3179;3157;12926;7250;5676;502
3636;Totaal over alle leeftijden;Totaal bevolking;Capelle aan den IJssel;2022;62042;42668;6353;3202;3151;13021;7220;5801;502
3637;Totaal over alle leeftijden;Totaal bevolking;Capelle aan den IJssel;2023;61998;42572;6325;3194;3131;13101;7202;5899;502
3638;Totaal over alle leeftijden;Totaal bevolking;Capelle aan den IJssel;2024;61962;42399;6329;3201;3128;13234;7210;6024;502
3639;Totaal over alle leeftijden;Totaal bevolking;Capelle aan den IJssel;2025;61948;42260;6339;3205;3134;13349;7199;6150;502
3640;Totaal over alle leeftijden;Totaal bevolking;Castricum;2006;35223;31861;2316;758;1558;1046;551;495;383
3641;Totaal over alle leeftijden;Totaal bevolking;Castricum;2007;35357;31895;2361;772;1589;1101;582;519;383
3642;Totaal over alle leeftijden;Totaal bevolking;Castricum;2008;35510;31929;2409;788;1621;1172;626;546;383
3643;Totaal over alle leeftijden;Totaal bevolking;Castricum;2009;35655;31989;2429;799;1630;1237;652;585;383
3644;Totaal over alle leeftijden;Totaal bevolking;Castricum;2010;35766;31957;2491;819;1672;1318;698;620;383
3645;Totaal over alle leeftijden;Totaal bevolking;Castricum;2011;35884;31936;2551;851;1700;1397;734;663;383
3646;Totaal over alle leeftijden;Totaal bevolking;Castricum;2012;35996;31923;2614;874;1740;1459;768;691;383
3647;Totaal over alle leeftijden;Totaal bevolking;Castricum;2013;36112;31922;2671;904;1767;1519;787;732;383
3648;Totaal over alle leeftijden;Totaal bevolking;Castricum;2014;36222;31908;2735;935;1800;1579;811;768;383
3649;Totaal over alle leeftijden;Totaal bevolking;Castricum;2015;36316;31904;2768;947;1821;1644;846;798;383
3650;Totaal over alle leeftijden;Totaal bevolking;Castricum;2016;36422;31906;2805;954;1851;1711;884;827;383
3651;Totaal over alle leeftijden;Totaal bevolking;Castricum;2017;36535;31894;2856;975;1881;1785;917;868;383
3652;Totaal over alle leeftijden;Totaal bevolking;Castricum;2018;36623;31887;2890;999;1891;1846;961;885;383
3653;Totaal over alle leeftijden;Totaal bevolking;Castricum;2019;36735;31904;2925;1002;1923;1906;977;929;383
3654;Totaal over alle leeftijden;Totaal bevolking;Castricum;2020;36837;31896;2953;1006;1947;1988;1013;975;383
3655;Totaal over alle leeftijden;Totaal bevolking;Castricum;2021;36943;31893;2986;1034;1952;2064;1055;1009;383
3656;Totaal over alle leeftijden;Totaal bevolking;Castricum;2022;37044;31912;3009;1043;1966;2123;1074;1049;383
3657;Totaal over alle leeftijden;Totaal bevolking;Castricum;2023;37153;31935;3024;1057;1967;2194;1102;1092;383
3658;Totaal over alle leeftijden;Totaal bevolking;Castricum;2024;37263;31954;3050;1076;1974;2259;1132;1127;383
3659;Totaal over alle leeftijden;Totaal bevolking;Castricum;2025;37374;31969;3087;1093;1994;2318;1138;1180;383
3660;Totaal over alle leeftijden;Totaal bevolking;Coevorden;2006;36131;33110;2002;813;1189;1019;715;304;109
3661;Totaal over alle leeftijden;Totaal bevolking;Coevorden;2007;36025;32988;1998;808;1190;1039;718;321;109
3662;Totaal over alle leeftijden;Totaal bevolking;Coevorden;2008;35847;32811;1983;806;1177;1053;720;333;109
3663;Totaal over alle leeftijden;Totaal bevolking;Coevorden;2009;35662;32612;1985;819;1166;1065;713;352;109
3664;Totaal over alle leeftijden;Totaal bevolking;Coevorden;2010;35464;32410;1994;840;1154;1060;685;375;109
3665;Totaal over alle leeftijden;Totaal bevolking;Coevorden;2011;35267;32180;2030;865;1165;1057;672;385;109
3666;Totaal over alle leeftijden;Totaal bevolking;Coevorden;2012;35077;31957;2055;895;1160;1065;665;400;109
3667;Totaal over alle leeftijden;Totaal bevolking;Coevorden;2013;34890;31717;2071;907;1164;1102;673;429;109
3668;Totaal over alle leeftijden;Totaal bevolking;Coevorden;2014;34717;31519;2077;927;1150;1121;681;440;109
3669;Totaal over alle leeftijden;Totaal bevolking;Coevorden;2015;34541;31301;2102;961;1141;1138;679;459;109
3670;Totaal over alle leeftijden;Totaal bevolking;Coevorden;2016;34371;31098;2099;953;1146;1174;694;480;109
3671;Totaal over alle leeftijden;Totaal bevolking;Coevorden;2017;34209;30876;2124;984;1140;1209;710;499;109
3672;Totaal over alle leeftijden;Totaal bevolking;Coevorden;2018;34053;30674;2113;970;1143;1266;751;515;109
3673;Totaal over alle leeftijden;Totaal bevolking;Coevorden;2019;33905;30484;2118;992;1126;1303;776;527;109
3674;Totaal over alle leeftijden;Totaal bevolking;Coevorden;2020;33758;30290;2150;1014;1136;1318;787;531;109
3675;Totaal over alle leeftijden;Totaal bevolking;Coevorden;2021;33620;30149;2131;999;1132;1340;792;548;109
3676;Totaal over alle leeftijden;Totaal bevolking;Coevorden;2022;33484;30006;2117;990;1127;1361;787;574;109
3677;Totaal over alle leeftijden;Totaal bevolking;Coevorden;2023;33348;29832;2130;1009;1121;1386;796;590;109
3678;Totaal over alle leeftijden;Totaal bevolking;Coevorden;2024;33211;29667;2123;997;1126;1421;813;608;109
3679;Totaal over alle leeftijden;Totaal bevolking;Coevorden;2025;33081;29490;2146;1010;1136;1445;824;621;109
3680;Totaal over alle leeftijden;Totaal bevolking;Cranendonck;2006;19929;17220;2246;715;1531;463;271;192;1706
3681;Totaal over alle leeftijden;Totaal bevolking;Cranendonck;2007;19813;17156;2211;688;1523;446;255;191;1706
3682;Totaal over alle leeftijden;Totaal bevolking;Cranendonck;2008;19708;17080;2185;677;1508;443;242;201;1706
3683;Totaal over alle leeftijden;Totaal bevolking;Cranendonck;2009;19601;17018;2132;652;1480;451;248;203;1706
3684;Totaal over alle leeftijden;Totaal bevolking;Cranendonck;2010;19489;16953;2089;634;1455;447;245;202;1706
3685;Totaal over alle leeftijden;Totaal bevolking;Cranendonck;2011;19397;16899;2059;626;1433;439;232;207;1706
3686;Totaal over alle leeftijden;Totaal bevolking;Cranendonck;2012;19284;16818;2015;598;1417;451;239;212;1706
3687;Totaal over alle leeftijden;Totaal bevolking;Cranendonck;2013;19175;16731;1998;581;1417;446;236;210;1706
3688;Totaal over alle leeftijden;Totaal bevolking;Cranendonck;2014;19074;16655;1973;569;1404;446;233;213;1706
3689;Totaal over alle leeftijden;Totaal bevolking;Cranendonck;2015;18963;16572;1934;544;1390;457;240;217;1706
3690;Totaal over alle leeftijden;Totaal bevolking;Cranendonck;2016;18861;16485;1911;546;1365;465;251;214;1706
3691;Totaal over alle leeftijden;Totaal bevolking;Cranendonck;2017;18762;16431;1872;527;1345;459;236;223;1706
3692;Totaal over alle leeftijden;Totaal bevolking;Cranendonck;2018;18659;16361;1841;518;1323;457;233;224;1706
3693;Totaal over alle leeftijden;Totaal bevolking;Cranendonck;2019;18570;16290;1821;516;1305;459;230;229;1706
3694;Totaal over alle leeftijden;Totaal bevolking;Cranendonck;2020;18475;16218;1786;500;1286;471;236;235;1706
3695;Totaal over alle leeftijden;Totaal bevolking;Cranendonck;2021;18385;16116;1784;502;1282;485;241;244;1706
3696;Totaal over alle leeftijden;Totaal bevolking;Cranendonck;2022;18286;16036;1769;498;1271;481;237;244;1706
3697;Totaal over alle leeftijden;Totaal bevolking;Cranendonck;2023;18199;15975;1742;484;1258;482;231;251;1706
3698;Totaal over alle leeftijden;Totaal bevolking;Cranendonck;2024;18101;15921;1701;468;1233;479;231;248;1706
3699;Totaal over alle leeftijden;Totaal bevolking;Cranendonck;2025;18019;15825;1700;473;1227;494;233;261;1706
3700;Totaal over alle leeftijden;Totaal bevolking;Cromstrijen;2006;13023;12040;665;229;436;318;198;120;611
3701;Totaal over alle leeftijden;Totaal bevolking;Cromstrijen;2007;12980;11930;687;230;457;363;225;138;611
3702;Totaal over alle leeftijden;Totaal bevolking;Cromstrijen;2008;12936;11830;712;241;471;394;240;154;611
3703;Totaal over alle leeftijden;Totaal bevolking;Cromstrijen;2009;12890;11726;727;248;479;437;261;176;611
3704;Totaal over alle leeftijden;Totaal bevolking;Cromstrijen;2010;12847;11646;754;262;492;447;264;183;611
3705;Totaal over alle leeftijden;Totaal bevolking;Cromstrijen;2011;12817;11568;773;273;500;476;285;191;611
3706;Totaal over alle leeftijden;Totaal bevolking;Cromstrijen;2012;12768;11468;795;282;513;505;303;202;611
3707;Totaal over alle leeftijden;Totaal bevolking;Cromstrijen;2013;12724;11367;816;293;523;541;317;224;611
3708;Totaal over alle leeftijden;Totaal bevolking;Cromstrijen;2014;12683;11279;846;305;541;558;329;229;611
3709;Totaal over alle leeftijden;Totaal bevolking;Cromstrijen;2015;12637;11193;872;324;548;572;335;237;611
3710;Totaal over alle leeftijden;Totaal bevolking;Cromstrijen;2016;12585;11099;899;341;558;587;340;247;611
3711;Totaal over alle leeftijden;Totaal bevolking;Cromstrijen;2017;12539;11011;918;348;570;610;352;258;611
3712;Totaal over alle leeftijden;Totaal bevolking;Cromstrijen;2018;12493;10910;945;361;584;638;365;273;611
3713;Totaal over alle leeftijden;Totaal bevolking;Cromstrijen;2019;12455;10832;959;366;593;664;378;286;611
3714;Totaal over alle leeftijden;Totaal bevolking;Cromstrijen;2020;12425;10747;978;376;602;700;394;306;611
3715;Totaal over alle leeftijden;Totaal bevolking;Cromstrijen;2021;12385;10655;985;384;601;745;416;329;611
3716;Totaal over alle leeftijden;Totaal bevolking;Cromstrijen;2022;12348;10559;1008;390;618;781;436;345;611
3717;Totaal over alle leeftijden;Totaal bevolking;Cromstrijen;2023;12304;10470;1021;395;626;813;450;363;611
3718;Totaal over alle leeftijden;Totaal bevolking;Cromstrijen;2024;12262;10380;1057;409;648;825;456;369;611
3719;Totaal over alle leeftijden;Totaal bevolking;Cromstrijen;2025;12218;10276;1081;418;663;861;474;387;611
3720;Totaal over alle leeftijden;Totaal bevolking;Cuijk;2006;23993;19718;2343;879;1464;1932;1051;881;1684
3721;Totaal over alle leeftijden;Totaal bevolking;Cuijk;2007;23886;19644;2324;879;1445;1918;1024;894;1684
3722;Totaal over alle leeftijden;Totaal bevolking;Cuijk;2008;23755;19580;2291;868;1423;1884;984;900;1684
3723;Totaal over alle leeftijden;Totaal bevolking;Cuijk;2009;23626;19522;2263;862;1401;1841;948;893;1684
3724;Totaal over alle leeftijden;Totaal bevolking;Cuijk;2010;23505;19464;2223;841;1382;1818;929;889;1684
3725;Totaal over alle leeftijden;Totaal bevolking;Cuijk;2011;23384;19377;2211;833;1378;1796;897;899;1684
3726;Totaal over alle leeftijden;Totaal bevolking;Cuijk;2012;23241;19326;2150;804;1346;1765;877;888;1684
3727;Totaal over alle leeftijden;Totaal bevolking;Cuijk;2013;23127;19257;2149;803;1346;1721;851;870;1684
3728;Totaal over alle leeftijden;Totaal bevolking;Cuijk;2014;22998;19178;2135;802;1333;1685;821;864;1684
3729;Totaal over alle leeftijden;Totaal bevolking;Cuijk;2015;22869;19090;2119;791;1328;1660;807;853;1684
3730;Totaal over alle leeftijden;Totaal bevolking;Cuijk;2016;22755;18982;2130;799;1331;1643;791;852;1684
3731;Totaal over alle leeftijden;Totaal bevolking;Cuijk;2017;22627;18884;2130;802;1328;1613;785;828;1684
3732;Totaal over alle leeftijden;Totaal bevolking;Cuijk;2018;22485;18795;2114;801;1313;1576;769;807;1684
3733;Totaal over alle leeftijden;Totaal bevolking;Cuijk;2019;22356;18704;2090;788;1302;1562;756;806;1684
3734;Totaal over alle leeftijden;Totaal bevolking;Cuijk;2020;22232;18607;2085;801;1284;1540;739;801;1684
3735;Totaal over alle leeftijden;Totaal bevolking;Cuijk;2021;22123;18539;2065;783;1282;1519;739;780;1684
3736;Totaal over alle leeftijden;Totaal bevolking;Cuijk;2022;22018;18450;2067;789;1278;1501;737;764;1684
3737;Totaal over alle leeftijden;Totaal bevolking;Cuijk;2023;21907;18371;2053;775;1278;1483;727;756;1684
3738;Totaal over alle leeftijden;Totaal bevolking;Cuijk;2024;21785;18283;2033;786;1247;1469;717;752;1684
3739;Totaal over alle leeftijden;Totaal bevolking;Cuijk;2025;21678;18202;2015;790;1225;1461;716;745;1684
3740;Totaal over alle leeftijden;Totaal bevolking;Culemborg;2006;27281;21435;2267;811;1456;3579;2040;1539;216
3741;Totaal over alle leeftijden;Totaal bevolking;Culemborg;2007;27442;21528;2288;823;1465;3626;2017;1609;216
3742;Totaal over alle leeftijden;Totaal bevolking;Culemborg;2008;27500;21534;2308;835;1473;3658;1991;1667;216
3743;Totaal over alle leeftijden;Totaal bevolking;Culemborg;2009;27543;21544;2310;844;1466;3689;1984;1705;216
3744;Totaal over alle leeftijden;Totaal bevolking;Culemborg;2010;27578;21529;2337;876;1461;3712;1976;1736;216
3745;Totaal over alle leeftijden;Totaal bevolking;Culemborg;2011;27613;21518;2340;885;1455;3755;1984;1771;216
3746;Totaal over alle leeftijden;Totaal bevolking;Culemborg;2012;27637;21527;2343;916;1427;3767;1974;1793;216
3747;Totaal over alle leeftijden;Totaal bevolking;Culemborg;2013;27659;21491;2376;947;1429;3792;1953;1839;216
3748;Totaal over alle leeftijden;Totaal bevolking;Culemborg;2014;27683;21448;2393;975;1418;3842;1984;1858;216
3749;Totaal over alle leeftijden;Totaal bevolking;Culemborg;2015;27698;21426;2408;989;1419;3864;1979;1885;216
3750;Totaal over alle leeftijden;Totaal bevolking;Culemborg;2016;27718;21412;2412;1010;1402;3894;1976;1918;216
3751;Totaal over alle leeftijden;Totaal bevolking;Culemborg;2017;27728;21385;2438;1038;1400;3905;1957;1948;216
3752;Totaal over alle leeftijden;Totaal bevolking;Culemborg;2018;27721;21325;2447;1058;1389;3949;1969;1980;216
3753;Totaal over alle leeftijden;Totaal bevolking;Culemborg;2019;27723;21277;2463;1078;1385;3983;1994;1989;216
3754;Totaal over alle leeftijden;Totaal bevolking;Culemborg;2020;27718;21249;2465;1096;1369;4004;1999;2005;216
3755;Totaal over alle leeftijden;Totaal bevolking;Culemborg;2021;27713;21173;2505;1133;1372;4035;2007;2028;216
3756;Totaal over alle leeftijden;Totaal bevolking;Culemborg;2022;27700;21140;2528;1159;1369;4032;2002;2030;216
3757;Totaal over alle leeftijden;Totaal bevolking;Culemborg;2023;27716;21126;2514;1155;1359;4076;2026;2050;216
3758;Totaal over alle leeftijden;Totaal bevolking;Culemborg;2024;27709;21064;2572;1192;1380;4073;2013;2060;216
3759;Totaal over alle leeftijden;Totaal bevolking;Culemborg;2025;27712;21023;2597;1221;1376;4092;2028;2064;216
3760;Totaal over alle leeftijden;Totaal bevolking;Dalfsen;2006;26223;25172;674;216;458;377;237;140;148
3761;Totaal over alle leeftijden;Totaal bevolking;Dalfsen;2007;26213;25108;699;221;478;406;259;147;148
3762;Totaal over alle leeftijden;Totaal bevolking;Dalfsen;2008;26160;24998;723;218;505;439;286;153;148
3763;Totaal over alle leeftijden;Totaal bevolking;Dalfsen;2009;26088;24870;752;229;523;466;295;171;148
3764;Totaal over alle leeftijden;Totaal bevolking;Dalfsen;2010;26019;24734;787;246;541;498;308;190;148
3765;Totaal over alle leeftijden;Totaal bevolking;Dalfsen;2011;25934;24583;810;255;555;541;338;203;148
3766;Totaal over alle leeftijden;Totaal bevolking;Dalfsen;2012;25856;24455;829;269;560;572;357;215;148
3767;Totaal over alle leeftijden;Totaal bevolking;Dalfsen;2013;25776;24313;860;277;583;603;381;222;148
3768;Totaal over alle leeftijden;Totaal bevolking;Dalfsen;2014;25696;24182;872;277;595;642;405;237;148
3769;Totaal over alle leeftijden;Totaal bevolking;Dalfsen;2015;25624;24054;895;285;610;675;419;256;148
3770;Totaal over alle leeftijden;Totaal bevolking;Dalfsen;2016;25556;23948;907;291;616;701;425;276;148
3771;Totaal over alle leeftijden;Totaal bevolking;Dalfsen;2017;25480;23828;914;293;621;738;454;284;148
3772;Totaal over alle leeftijden;Totaal bevolking;Dalfsen;2018;25406;23702;950;301;649;754;458;296;148
3773;Totaal over alle leeftijden;Totaal bevolking;Dalfsen;2019;25341;23571;965;303;662;805;493;312;148
3774;Totaal over alle leeftijden;Totaal bevolking;Dalfsen;2020;25269;23466;989;313;676;814;499;315;148
3775;Totaal over alle leeftijden;Totaal bevolking;Dalfsen;2021;25207;23344;1013;318;695;850;515;335;148
3776;Totaal over alle leeftijden;Totaal bevolking;Dalfsen;2022;25142;23207;1056;331;725;879;536;343;148
3777;Totaal over alle leeftijden;Totaal bevolking;Dalfsen;2023;25078;23109;1069;336;733;900;549;351;148
3778;Totaal over alle leeftijden;Totaal bevolking;Dalfsen;2024;25003;22985;1086;349;737;932;572;360;148
3779;Totaal over alle leeftijden;Totaal bevolking;Dalfsen;2025;24944;22843;1121;360;761;980;599;381;148
3780;Totaal over alle leeftijden;Totaal bevolking;Dantumadeel;2006;19749;19083;426;147;279;240;160;80;65
3781;Totaal over alle leeftijden;Totaal bevolking;Dantumadeel;2007;19709;19001;462;157;305;246;161;85;65
3782;Totaal over alle leeftijden;Totaal bevolking;Dantumadeel;2008;19654;18904;479;168;311;271;177;94;65
3783;Totaal over alle leeftijden;Totaal bevolking;Dantumadeel;2009;19602;18805;511;180;331;286;191;95;65
3784;Totaal over alle leeftijden;Totaal bevolking;Dantumadeel;2010;19540;18709;527;186;341;304;199;105;65
3785;Totaal over alle leeftijden;Totaal bevolking;Dantumadeel;2011;19481;18615;553;198;355;313;209;104;65
3786;Totaal over alle leeftijden;Totaal bevolking;Dantumadeel;2012;19427;18520;572;199;373;335;227;108;65
3787;Totaal over alle leeftijden;Totaal bevolking;Dantumadeel;2013;19368;18413;598;211;387;357;241;116;65
3788;Totaal over alle leeftijden;Totaal bevolking;Dantumadeel;2014;19321;18329;620;225;395;372;253;119;65
3789;Totaal over alle leeftijden;Totaal bevolking;Dantumadeel;2015;19271;18238;649;240;409;384;263;121;65
3790;Totaal over alle leeftijden;Totaal bevolking;Dantumadeel;2016;19229;18156;678;253;425;395;268;127;65
3791;Totaal over alle leeftijden;Totaal bevolking;Dantumadeel;2017;19188;18062;712;268;444;414;278;136;65
3792;Totaal over alle leeftijden;Totaal bevolking;Dantumadeel;2018;19156;17992;732;279;453;432;293;139;65
3793;Totaal over alle leeftijden;Totaal bevolking;Dantumadeel;2019;19117;17916;759;288;471;442;300;142;65
3794;Totaal over alle leeftijden;Totaal bevolking;Dantumadeel;2020;19079;17824;796;302;494;459;303;156;65
3795;Totaal over alle leeftijden;Totaal bevolking;Dantumadeel;2021;19031;17736;811;315;496;484;319;165;65
3796;Totaal over alle leeftijden;Totaal bevolking;Dantumadeel;2022;18990;17655;829;320;509;506;332;174;65
3797;Totaal over alle leeftijden;Totaal bevolking;Dantumadeel;2023;18961;17575;855;333;522;531;349;182;65
3798;Totaal over alle leeftijden;Totaal bevolking;Dantumadeel;2024;18935;17495;881;346;535;559;365;194;65
3799;Totaal over alle leeftijden;Totaal bevolking;Dantumadeel;2025;18903;17424;894;358;536;585;383;202;65
3800;Totaal over alle leeftijden;Totaal bevolking;Delft;2006;95371;69269;10887;5560;5327;15215;9907;5308;503
3801;Totaal over alle leeftijden;Totaal bevolking;Delft;2007;95403;68733;10970;5575;5395;15700;9906;5794;503
3802;Totaal over alle leeftijden;Totaal bevolking;Delft;2008;95484;68271;11065;5627;5438;16148;9898;6250;503
3803;Totaal over alle leeftijden;Totaal bevolking;Delft;2009;95600;67804;11184;5693;5491;16612;9897;6715;503
3804;Totaal over alle leeftijden;Totaal bevolking;Delft;2010;95720;67372;11299;5783;5516;17049;9914;7135;503
3805;Totaal over alle leeftijden;Totaal bevolking;Delft;2011;95869;66945;11476;5918;5558;17448;9937;7511;503
3806;Totaal over alle leeftijden;Totaal bevolking;Delft;2012;96040;66533;11632;6011;5621;17875;9984;7891;503
3807;Totaal over alle leeftijden;Totaal bevolking;Delft;2013;96265;66206;11829;6173;5656;18230;9974;8256;503
3808;Totaal over alle leeftijden;Totaal bevolking;Delft;2014;96482;65835;12015;6306;5709;18632;10021;8611;503
3809;Totaal over alle leeftijden;Totaal bevolking;Delft;2015;96699;65447;12218;6462;5756;19034;10047;8987;503
3810;Totaal over alle leeftijden;Totaal bevolking;Delft;2016;96921;65096;12417;6612;5805;19408;10125;9283;503
3811;Totaal over alle leeftijden;Totaal bevolking;Delft;2017;97175;64790;12577;6739;5838;19808;10204;9604;503
3812;Totaal over alle leeftijden;Totaal bevolking;Delft;2018;97445;64447;12820;6880;5940;20178;10261;9917;503
3813;Totaal over alle leeftijden;Totaal bevolking;Delft;2019;97725;64101;13065;7029;6036;20559;10327;10232;503
3814;Totaal over alle leeftijden;Totaal bevolking;Delft;2020;97990;63823;13274;7216;6058;20893;10342;10551;503
3815;Totaal over alle leeftijden;Totaal bevolking;Delft;2021;98285;63506;13494;7388;6106;21285;10432;10853;503
3816;Totaal over alle leeftijden;Totaal bevolking;Delft;2022;98566;63204;13730;7539;6191;21632;10514;11118;503
3817;Totaal over alle leeftijden;Totaal bevolking;Delft;2023;98859;62968;13919;7632;6287;21972;10565;11407;503
3818;Totaal over alle leeftijden;Totaal bevolking;Delft;2024;99133;62654;14153;7760;6393;22326;10590;11736;503
3819;Totaal over alle leeftijden;Totaal bevolking;Delft;2025;99399;62375;14382;7902;6480;22642;10637;12005;503
3820;Totaal over alle leeftijden;Totaal bevolking;Delfzijl;2006;28441;23787;2226;951;1275;2428;1591;837;10
3821;Totaal over alle leeftijden;Totaal bevolking;Delfzijl;2007;28264;23646;2226;953;1273;2392;1546;846;10
3822;Totaal over alle leeftijden;Totaal bevolking;Delfzijl;2008;28043;23459;2238;961;1277;2346;1490;856;10
3823;Totaal over alle leeftijden;Totaal bevolking;Delfzijl;2009;27794;23274;2223;964;1259;2297;1457;840;10
3824;Totaal over alle leeftijden;Totaal bevolking;Delfzijl;2010;27570;23088;2199;963;1236;2283;1434;849;10
3825;Totaal over alle leeftijden;Totaal bevolking;Delfzijl;2011;27346;22894;2207;975;1232;2245;1400;845;10
3826;Totaal over alle leeftijden;Totaal bevolking;Delfzijl;2012;27131;22708;2233;997;1236;2190;1368;822;10
3827;Totaal over alle leeftijden;Totaal bevolking;Delfzijl;2013;26920;22493;2239;1000;1239;2188;1368;820;10
3828;Totaal over alle leeftijden;Totaal bevolking;Delfzijl;2014;26728;22343;2218;1000;1218;2167;1345;822;10
3829;Totaal over alle leeftijden;Totaal bevolking;Delfzijl;2015;26555;22168;2232;1022;1210;2155;1324;831;10
3830;Totaal over alle leeftijden;Totaal bevolking;Delfzijl;2016;26379;22002;2243;1047;1196;2134;1313;821;10
3831;Totaal over alle leeftijden;Totaal bevolking;Delfzijl;2017;26208;21845;2257;1067;1190;2106;1287;819;10
3832;Totaal over alle leeftijden;Totaal bevolking;Delfzijl;2018;26050;21673;2259;1070;1189;2118;1297;821;10
3833;Totaal over alle leeftijden;Totaal bevolking;Delfzijl;2019;25891;21516;2252;1082;1170;2123;1297;826;10
3834;Totaal over alle leeftijden;Totaal bevolking;Delfzijl;2020;25736;21357;2270;1085;1185;2109;1288;821;10
3835;Totaal over alle leeftijden;Totaal bevolking;Delfzijl;2021;25592;21193;2311;1103;1208;2088;1267;821;10
3836;Totaal over alle leeftijden;Totaal bevolking;Delfzijl;2022;25463;21032;2326;1116;1210;2105;1284;821;10
3837;Totaal over alle leeftijden;Totaal bevolking;Delfzijl;2023;25344;20880;2368;1147;1221;2096;1288;808;10
3838;Totaal over alle leeftijden;Totaal bevolking;Delfzijl;2024;25243;20742;2384;1175;1209;2117;1315;802;10
3839;Totaal over alle leeftijden;Totaal bevolking;Delfzijl;2025;25133;20596;2395;1187;1208;2142;1334;808;10
3840;Totaal over alle leeftijden;Totaal bevolking;Deurne;2006;31783;29513;1465;521;944;805;472;333;762
3841;Totaal over alle leeftijden;Totaal bevolking;Deurne;2007;31706;29437;1472;523;949;797;460;337;762
3842;Totaal over alle leeftijden;Totaal bevolking;Deurne;2008;31630;29325;1494;529;965;811;476;335;762
3843;Totaal over alle leeftijden;Totaal bevolking;Deurne;2009;31567;29252;1510;541;969;805;469;336;762
3844;Totaal over alle leeftijden;Totaal bevolking;Deurne;2010;31478;29182;1497;541;956;799;454;345;762
3845;Totaal over alle leeftijden;Totaal bevolking;Deurne;2011;31399;29069;1505;547;958;825;469;356;762
3846;Totaal over alle leeftijden;Totaal bevolking;Deurne;2012;31313;28940;1532;555;977;841;487;354;762
3847;Totaal over alle leeftijden;Totaal bevolking;Deurne;2013;31226;28807;1570;578;992;849;487;362;762
3848;Totaal over alle leeftijden;Totaal bevolking;Deurne;2014;31144;28700;1579;588;991;865;497;368;762
3849;Totaal over alle leeftijden;Totaal bevolking;Deurne;2015;31047;28605;1566;584;982;876;496;380;762
3850;Totaal over alle leeftijden;Totaal bevolking;Deurne;2016;30944;28491;1557;577;980;896;503;393;762
3851;Totaal over alle leeftijden;Totaal bevolking;Deurne;2017;30849;28393;1536;553;983;920;514;406;762
3852;Totaal over alle leeftijden;Totaal bevolking;Deurne;2018;30754;28282;1538;551;987;934;514;420;762
3853;Totaal over alle leeftijden;Totaal bevolking;Deurne;2019;30656;28165;1523;552;971;968;535;433;762
3854;Totaal over alle leeftijden;Totaal bevolking;Deurne;2020;30547;28060;1509;569;940;978;538;440;762
3855;Totaal over alle leeftijden;Totaal bevolking;Deurne;2021;30447;27976;1487;567;920;984;533;451;762
3856;Totaal over alle leeftijden;Totaal bevolking;Deurne;2022;30362;27873;1498;574;924;991;526;465;762
3857;Totaal over alle leeftijden;Totaal bevolking;Deurne;2023;30274;27748;1524;595;929;1002;522;480;762
3858;Totaal over alle leeftijden;Totaal bevolking;Deurne;2024;30186;27652;1529;600;929;1005;525;480;762
3859;Totaal over alle leeftijden;Totaal bevolking;Deurne;2025;30109;27550;1547;612;935;1012;530;482;762
3860;Totaal over alle leeftijden;Totaal bevolking;Deventer;2006;96670;76076;8521;3585;4936;12073;7379;4694;150
3861;Totaal over alle leeftijden;Totaal bevolking;Deventer;2007;97438;76347;8686;3733;4953;12405;7457;4948;150
3862;Totaal over alle leeftijden;Totaal bevolking;Deventer;2008;98582;76937;8894;3918;4976;12751;7543;5208;150
3863;Totaal over alle leeftijden;Totaal bevolking;Deventer;2009;99868;77520;9198;4163;5035;13150;7673;5477;150
3864;Totaal over alle leeftijden;Totaal bevolking;Deventer;2010;101054;77970;9535;4428;5107;13549;7798;5751;150
3865;Totaal over alle leeftijden;Totaal bevolking;Deventer;2011;102248;78485;9865;4711;5154;13898;7891;6007;150
3866;Totaal over alle leeftijden;Totaal bevolking;Deventer;2012;103427;78909;10256;5052;5204;14262;7983;6279;150
3867;Totaal over alle leeftijden;Totaal bevolking;Deventer;2013;104600;79377;10609;5340;5269;14614;8074;6540;150
3868;Totaal over alle leeftijden;Totaal bevolking;Deventer;2014;105742;79754;11030;5656;5374;14958;8167;6791;150
3869;Totaal over alle leeftijden;Totaal bevolking;Deventer;2015;106847;80139;11385;5917;5468;15323;8276;7047;150
3870;Totaal over alle leeftijden;Totaal bevolking;Deventer;2016;107867;80382;11805;6212;5593;15680;8361;7319;150
3871;Totaal over alle leeftijden;Totaal bevolking;Deventer;2017;108891;80614;12189;6483;5706;16088;8525;7563;150
3872;Totaal over alle leeftijden;Totaal bevolking;Deventer;2018;109884;80874;12516;6735;5781;16494;8715;7779;150
3873;Totaal over alle leeftijden;Totaal bevolking;Deventer;2019;110822;81137;12824;6919;5905;16861;8856;8005;150
3874;Totaal over alle leeftijden;Totaal bevolking;Deventer;2020;111689;81449;13138;7109;6029;17102;8917;8185;150
3875;Totaal over alle leeftijden;Totaal bevolking;Deventer;2021;112535;81778;13368;7224;6144;17389;8988;8401;150
3876;Totaal over alle leeftijden;Totaal bevolking;Deventer;2022;113344;82169;13546;7336;6210;17629;9022;8607;150
3877;Totaal over alle leeftijden;Totaal bevolking;Deventer;2023;114071;82507;13743;7413;6330;17821;9050;8771;150
3878;Totaal over alle leeftijden;Totaal bevolking;Deventer;2024;114745;82834;13938;7504;6434;17973;9030;8943;150
3879;Totaal over alle leeftijden;Totaal bevolking;Deventer;2025;115381;83200;14006;7477;6529;18175;9054;9121;150
3880;Totaal over alle leeftijden;Totaal bevolking;Diemen;2006;23708;15402;2783;1294;1489;5523;3172;2351;384
3881;Totaal over alle leeftijden;Totaal bevolking;Diemen;2007;23508;15090;2820;1296;1524;5598;3065;2533;384
3882;Totaal over alle leeftijden;Totaal bevolking;Diemen;2008;23338;14847;2826;1284;1542;5665;2966;2699;384
3883;Totaal over alle leeftijden;Totaal bevolking;Diemen;2009;23157;14605;2847;1285;1562;5705;2876;2829;384
3884;Totaal over alle leeftijden;Totaal bevolking;Diemen;2010;22956;14356;2860;1300;1560;5740;2805;2935;384
3885;Totaal over alle leeftijden;Totaal bevolking;Diemen;2011;22743;14124;2871;1310;1561;5748;2705;3043;384
3886;Totaal over alle leeftijden;Totaal bevolking;Diemen;2012;22547;13882;2883;1329;1554;5782;2625;3157;384
3887;Totaal over alle leeftijden;Totaal bevolking;Diemen;2013;22370;13676;2922;1351;1571;5772;2530;3242;384
3888;Totaal over alle leeftijden;Totaal bevolking;Diemen;2014;22200;13457;2955;1367;1588;5788;2459;3329;384
3889;Totaal over alle leeftijden;Totaal bevolking;Diemen;2015;22014;13237;2968;1373;1595;5809;2397;3412;384
3890;Totaal over alle leeftijden;Totaal bevolking;Diemen;2016;21860;13025;2995;1377;1618;5840;2355;3485;384
3891;Totaal over alle leeftijden;Totaal bevolking;Diemen;2017;21712;12822;3061;1411;1650;5829;2302;3527;384
3892;Totaal over alle leeftijden;Totaal bevolking;Diemen;2018;21566;12627;3106;1426;1680;5833;2271;3562;384
3893;Totaal over alle leeftijden;Totaal bevolking;Diemen;2019;21429;12411;3162;1439;1723;5856;2241;3615;384
3894;Totaal over alle leeftijden;Totaal bevolking;Diemen;2020;21313;12254;3204;1464;1740;5855;2180;3675;384
3895;Totaal over alle leeftijden;Totaal bevolking;Diemen;2021;21184;12081;3241;1479;1762;5862;2139;3723;384
3896;Totaal over alle leeftijden;Totaal bevolking;Diemen;2022;21085;11898;3287;1501;1786;5900;2124;3776;384
3897;Totaal over alle leeftijden;Totaal bevolking;Diemen;2023;20974;11751;3314;1518;1796;5909;2098;3811;384
3898;Totaal over alle leeftijden;Totaal bevolking;Diemen;2024;20866;11599;3368;1564;1804;5899;2051;3848;384
3899;Totaal over alle leeftijden;Totaal bevolking;Diemen;2025;20790;11466;3407;1609;1798;5917;2021;3896;384
3900;Totaal over alle leeftijden;Totaal bevolking;Dinkelland;2006;26121;24124;1669;498;1171;328;200;128;1774
3901;Totaal over alle leeftijden;Totaal bevolking;Dinkelland;2007;26069;24047;1672;498;1174;350;210;140;1774
3902;Totaal over alle leeftijden;Totaal bevolking;Dinkelland;2008;26026;23970;1676;497;1179;380;227;153;1774
3903;Totaal over alle leeftijden;Totaal bevolking;Dinkelland;2009;25974;23885;1691;495;1196;398;235;163;1774
3904;Totaal over alle leeftijden;Totaal bevolking;Dinkelland;2010;25923;23827;1691;484;1207;405;235;170;1774
3905;Totaal over alle leeftijden;Totaal bevolking;Dinkelland;2011;25870;23758;1690;489;1201;422;244;178;1774
3906;Totaal over alle leeftijden;Totaal bevolking;Dinkelland;2012;25809;23686;1700;489;1211;423;248;175;1774
3907;Totaal over alle leeftijden;Totaal bevolking;Dinkelland;2013;25754;23619;1693;491;1202;442;252;190;1774
3908;Totaal over alle leeftijden;Totaal bevolking;Dinkelland;2014;25691;23538;1686;486;1200;467;269;198;1774
3909;Totaal over alle leeftijden;Totaal bevolking;Dinkelland;2015;25632;23460;1693;488;1205;479;273;206;1774
3910;Totaal over alle leeftijden;Totaal bevolking;Dinkelland;2016;25576;23381;1693;493;1200;502;284;218;1774
3911;Totaal over alle leeftijden;Totaal bevolking;Dinkelland;2017;25522;23310;1695;487;1208;517;282;235;1774
3912;Totaal over alle leeftijden;Totaal bevolking;Dinkelland;2018;25472;23261;1679;481;1198;532;286;246;1774
3913;Totaal over alle leeftijden;Totaal bevolking;Dinkelland;2019;25426;23190;1681;483;1198;555;301;254;1774
3914;Totaal over alle leeftijden;Totaal bevolking;Dinkelland;2020;25380;23114;1680;487;1193;586;315;271;1774
3915;Totaal over alle leeftijden;Totaal bevolking;Dinkelland;2021;25338;23040;1684;493;1191;614;327;287;1774
3916;Totaal over alle leeftijden;Totaal bevolking;Dinkelland;2022;25297;22954;1697;495;1202;646;350;296;1774
3917;Totaal over alle leeftijden;Totaal bevolking;Dinkelland;2023;25260;22891;1699;499;1200;670;360;310;1774
3918;Totaal over alle leeftijden;Totaal bevolking;Dinkelland;2024;25219;22821;1699;497;1202;699;380;319;1774
3919;Totaal over alle leeftijden;Totaal bevolking;Dinkelland;2025;25179;22773;1694;502;1192;712;381;331;1774
3920;Totaal over alle leeftijden;Totaal bevolking;Dirksland;2006;8238;7780;288;125;163;170;98;72;504
3921;Totaal over alle leeftijden;Totaal bevolking;Dirksland;2007;8246;7729;311;130;181;206;119;87;504
3922;Totaal over alle leeftijden;Totaal bevolking;Dirksland;2008;8240;7660;342;136;206;238;141;97;504
3923;Totaal over alle leeftijden;Totaal bevolking;Dirksland;2009;8225;7584;375;140;235;266;153;113;504
3924;Totaal over alle leeftijden;Totaal bevolking;Dirksland;2010;8215;7514;410;150;260;291;169;122;504
3925;Totaal over alle leeftijden;Totaal bevolking;Dirksland;2011;8213;7452;446;167;279;315;177;138;504
3926;Totaal over alle leeftijden;Totaal bevolking;Dirksland;2012;8195;7393;458;175;283;344;190;154;504
3927;Totaal over alle leeftijden;Totaal bevolking;Dirksland;2013;8177;7328;475;183;292;374;204;170;504
3928;Totaal over alle leeftijden;Totaal bevolking;Dirksland;2014;8172;7268;506;201;305;398;228;170;504
3929;Totaal over alle leeftijden;Totaal bevolking;Dirksland;2015;8153;7210;540;211;329;403;229;174;504
3930;Totaal over alle leeftijden;Totaal bevolking;Dirksland;2016;8135;7153;559;229;330;423;236;187;504
3931;Totaal over alle leeftijden;Totaal bevolking;Dirksland;2017;8120;7088;599;242;357;433;244;189;504
3932;Totaal over alle leeftijden;Totaal bevolking;Dirksland;2018;8108;7025;619;249;370;464;260;204;504
3933;Totaal over alle leeftijden;Totaal bevolking;Dirksland;2019;8088;6959;646;264;382;483;269;214;504
3934;Totaal over alle leeftijden;Totaal bevolking;Dirksland;2020;8071;6893;661;264;397;517;286;231;504
3935;Totaal over alle leeftijden;Totaal bevolking;Dirksland;2021;8054;6837;689;274;415;528;275;253;504
3936;Totaal over alle leeftijden;Totaal bevolking;Dirksland;2022;8032;6760;707;282;425;565;292;273;504
3937;Totaal over alle leeftijden;Totaal bevolking;Dirksland;2023;8006;6683;739;288;451;584;295;289;504
3938;Totaal over alle leeftijden;Totaal bevolking;Dirksland;2024;7981;6609;759;293;466;613;302;311;504
3939;Totaal over alle leeftijden;Totaal bevolking;Dirksland;2025;7960;6533;793;310;483;634;312;322;504
3940;Totaal over alle leeftijden;Totaal bevolking;Doesburg;2006;11661;9390;1140;417;723;1131;651;480;221
3941;Totaal over alle leeftijden;Totaal bevolking;Doesburg;2007;11738;9475;1132;412;720;1131;644;487;221
3942;Totaal over alle leeftijden;Totaal bevolking;Doesburg;2008;11818;9530;1139;409;730;1149;648;501;221
3943;Totaal over alle leeftijden;Totaal bevolking;Doesburg;2009;11899;9581;1165;418;747;1153;655;498;221
3944;Totaal over alle leeftijden;Totaal bevolking;Doesburg;2010;11973;9659;1156;407;749;1158;659;499;221
3945;Totaal over alle leeftijden;Totaal bevolking;Doesburg;2011;12052;9712;1169;424;745;1171;668;503;221
3946;Totaal over alle leeftijden;Totaal bevolking;Doesburg;2012;12134;9775;1173;424;749;1186;673;513;221
3947;Totaal over alle leeftijden;Totaal bevolking;Doesburg;2013;12215;9850;1177;416;761;1188;673;515;221
3948;Totaal over alle leeftijden;Totaal bevolking;Doesburg;2014;12292;9912;1177;419;758;1203;677;526;221
3949;Totaal over alle leeftijden;Totaal bevolking;Doesburg;2015;12363;9925;1212;427;785;1226;691;535;221
3950;Totaal over alle leeftijden;Totaal bevolking;Doesburg;2016;12423;9972;1203;421;782;1248;707;541;221
3951;Totaal over alle leeftijden;Totaal bevolking;Doesburg;2017;12499;10002;1225;432;793;1272;715;557;221
3952;Totaal over alle leeftijden;Totaal bevolking;Doesburg;2018;12546;10048;1240;436;804;1258;712;546;221
3953;Totaal over alle leeftijden;Totaal bevolking;Doesburg;2019;12582;10098;1240;438;802;1244;695;549;221
3954;Totaal over alle leeftijden;Totaal bevolking;Doesburg;2020;12639;10128;1269;452;817;1242;687;555;221
3955;Totaal over alle leeftijden;Totaal bevolking;Doesburg;2021;12696;10162;1280;451;829;1254;695;559;221
3956;Totaal over alle leeftijden;Totaal bevolking;Doesburg;2022;12743;10178;1289;444;845;1276;709;567;221
3957;Totaal over alle leeftijden;Totaal bevolking;Doesburg;2023;12790;10208;1289;440;849;1293;719;574;221
3958;Totaal over alle leeftijden;Totaal bevolking;Doesburg;2024;12825;10242;1300;451;849;1283;710;573;221
3959;Totaal over alle leeftijden;Totaal bevolking;Doesburg;2025;12871;10256;1325;461;864;1290;714;576;221
3960;Totaal over alle leeftijden;Totaal bevolking;Doetinchem;2006;56376;48786;4327;1535;2792;3263;2025;1238;222
3961;Totaal over alle leeftijden;Totaal bevolking;Doetinchem;2007;56455;48822;4357;1535;2822;3276;2011;1265;222
3962;Totaal over alle leeftijden;Totaal bevolking;Doetinchem;2008;56441;48777;4339;1526;2813;3325;2026;1299;222
3963;Totaal over alle leeftijden;Totaal bevolking;Doetinchem;2009;56421;48709;4345;1536;2809;3367;2017;1350;222
3964;Totaal over alle leeftijden;Totaal bevolking;Doetinchem;2010;56359;48612;4338;1559;2779;3409;2016;1393;222
3965;Totaal over alle leeftijden;Totaal bevolking;Doetinchem;2011;56318;48506;4384;1613;2771;3428;2019;1409;222
3966;Totaal over alle leeftijden;Totaal bevolking;Doetinchem;2012;56235;48337;4427;1668;2759;3471;2039;1432;222
3967;Totaal over alle leeftijden;Totaal bevolking;Doetinchem;2013;56148;48165;4452;1710;2742;3531;2062;1469;222
3968;Totaal over alle leeftijden;Totaal bevolking;Doetinchem;2014;56052;48027;4466;1730;2736;3559;2058;1501;222
3969;Totaal over alle leeftijden;Totaal bevolking;Doetinchem;2015;55970;47864;4478;1770;2708;3628;2080;1548;222
3970;Totaal over alle leeftijden;Totaal bevolking;Doetinchem;2016;55880;47712;4494;1782;2712;3674;2116;1558;222
3971;Totaal over alle leeftijden;Totaal bevolking;Doetinchem;2017;55788;47571;4490;1802;2688;3727;2137;1590;222
3972;Totaal over alle leeftijden;Totaal bevolking;Doetinchem;2018;55700;47436;4479;1812;2667;3785;2164;1621;222
3973;Totaal over alle leeftijden;Totaal bevolking;Doetinchem;2019;55641;47279;4496;1836;2660;3866;2207;1659;222
3974;Totaal over alle leeftijden;Totaal bevolking;Doetinchem;2020;55560;47099;4521;1865;2656;3940;2253;1687;222
3975;Totaal over alle leeftijden;Totaal bevolking;Doetinchem;2021;55513;47000;4528;1910;2618;3985;2273;1712;222
3976;Totaal over alle leeftijden;Totaal bevolking;Doetinchem;2022;55432;46861;4547;1925;2622;4024;2292;1732;222
3977;Totaal over alle leeftijden;Totaal bevolking;Doetinchem;2023;55314;46644;4594;1970;2624;4076;2316;1760;222
3978;Totaal over alle leeftijden;Totaal bevolking;Doetinchem;2024;55235;46472;4637;2014;2623;4126;2298;1828;222
3979;Totaal over alle leeftijden;Totaal bevolking;Doetinchem;2025;55178;46368;4633;2041;2592;4177;2315;1862;222
3980;Totaal over alle leeftijden;Totaal bevolking;Dongen;2006;25683;22329;1614;677;937;1740;1157;583;766
3981;Totaal over alle leeftijden;Totaal bevolking;Dongen;2007;25699;22317;1637;677;960;1745;1132;613;766
3982;Totaal over alle leeftijden;Totaal bevolking;Dongen;2008;25753;22339;1667;675;992;1747;1102;645;766
3983;Totaal over alle leeftijden;Totaal bevolking;Dongen;2009;25792;22369;1672;669;1003;1751;1082;669;766
3984;Totaal over alle leeftijden;Totaal bevolking;Dongen;2010;25844;22426;1676;672;1004;1742;1055;687;766
3985;Totaal over alle leeftijden;Totaal bevolking;Dongen;2011;25890;22462;1680;662;1018;1748;1048;700;766
3986;Totaal over alle leeftijden;Totaal bevolking;Dongen;2012;25944;22508;1693;674;1019;1743;1030;713;766
3987;Totaal over alle leeftijden;Totaal bevolking;Dongen;2013;25997;22546;1712;674;1038;1739;1011;728;766
3988;Totaal over alle leeftijden;Totaal bevolking;Dongen;2014;26032;22568;1743;671;1072;1721;988;733;766
3989;Totaal over alle leeftijden;Totaal bevolking;Dongen;2015;26086;22571;1774;672;1102;1741;984;757;766
3990;Totaal over alle leeftijden;Totaal bevolking;Dongen;2016;26136;22592;1788;687;1101;1756;978;778;766
3991;Totaal over alle leeftijden;Totaal bevolking;Dongen;2017;26179;22618;1793;692;1101;1768;977;791;766
3992;Totaal over alle leeftijden;Totaal bevolking;Dongen;2018;26244;22621;1830;699;1131;1793;981;812;766
3993;Totaal over alle leeftijden;Totaal bevolking;Dongen;2019;26269;22620;1832;705;1127;1817;989;828;766
3994;Totaal over alle leeftijden;Totaal bevolking;Dongen;2020;26298;22612;1850;714;1136;1836;973;863;766
3995;Totaal over alle leeftijden;Totaal bevolking;Dongen;2021;26323;22605;1869;713;1156;1849;963;886;766
3996;Totaal over alle leeftijden;Totaal bevolking;Dongen;2022;26348;22633;1874;708;1166;1841;958;883;766
3997;Totaal over alle leeftijden;Totaal bevolking;Dongen;2023;26371;22657;1888;720;1168;1826;945;881;766
3998;Totaal over alle leeftijden;Totaal bevolking;Dongen;2024;26392;22672;1897;724;1173;1823;930;893;766
3999;Totaal over alle leeftijden;Totaal bevolking;Dongen;2025;26412;22686;1893;726;1167;1833;936;897;766
4000;Totaal over alle leeftijden;Totaal bevolking;Dongeradeel;2006;25225;23304;1020;442;578;901;679;222;58
4001;Totaal over alle leeftijden;Totaal bevolking;Dongeradeel;2007;25208;23239;1061;442;619;908;670;238;58
4002;Totaal over alle leeftijden;Totaal bevolking;Dongeradeel;2008;25147;23158;1094;439;655;895;641;254;58
4003;Totaal over alle leeftijden;Totaal bevolking;Dongeradeel;2009;25067;23050;1093;434;659;924;648;276;58
4004;Totaal over alle leeftijden;Totaal bevolking;Dongeradeel;2010;24992;22955;1128;448;680;909;636;273;58
4005;Totaal over alle leeftijden;Totaal bevolking;Dongeradeel;2011;24919;22830;1174;458;716;915;631;284;58
4006;Totaal over alle leeftijden;Totaal bevolking;Dongeradeel;2012;24852;22724;1196;467;729;932;644;288;58
4007;Totaal over alle leeftijden;Totaal bevolking;Dongeradeel;2013;24789;22641;1198;476;722;950;645;305;58
4008;Totaal over alle leeftijden;Totaal bevolking;Dongeradeel;2014;24720;22500;1250;496;754;970;650;320;58
4009;Totaal over alle leeftijden;Totaal bevolking;Dongeradeel;2015;24669;22407;1277;514;763;985;657;328;58
4010;Totaal over alle leeftijden;Totaal bevolking;Dongeradeel;2016;24610;22279;1330;541;789;1001;660;341;58
4011;Totaal over alle leeftijden;Totaal bevolking;Dongeradeel;2017;24558;22168;1365;565;800;1025;670;355;58
4012;Totaal over alle leeftijden;Totaal bevolking;Dongeradeel;2018;24501;22092;1374;559;815;1035;662;373;58
4013;Totaal over alle leeftijden;Totaal bevolking;Dongeradeel;2019;24453;22014;1387;566;821;1052;660;392;58
4014;Totaal over alle leeftijden;Totaal bevolking;Dongeradeel;2020;24409;21905;1424;596;828;1080;673;407;58
4015;Totaal over alle leeftijden;Totaal bevolking;Dongeradeel;2021;24383;21828;1461;605;856;1094;675;419;58
4016;Totaal over alle leeftijden;Totaal bevolking;Dongeradeel;2022;24348;21766;1492;621;871;1090;660;430;58
4017;Totaal over alle leeftijden;Totaal bevolking;Dongeradeel;2023;24316;21693;1526;643;883;1097;669;428;58
4018;Totaal over alle leeftijden;Totaal bevolking;Dongeradeel;2024;24287;21594;1570;668;902;1123;678;445;58
4019;Totaal over alle leeftijden;Totaal bevolking;Dongeradeel;2025;24253;21551;1582;678;904;1120;676;444;58
4020;Totaal over alle leeftijden;Totaal bevolking;Doorn;2006;10134;8540;1043;451;592;551;373;178;315
4021;Totaal over alle leeftijden;Totaal bevolking;Doorn;2007;10072;8450;1068;449;619;554;368;186;315
4022;Totaal over alle leeftijden;Totaal bevolking;Doorn;2008;9999;8366;1086;430;656;547;358;189;315
4023;Totaal over alle leeftijden;Totaal bevolking;Doorn;2009;9925;8282;1077;424;653;566;360;206;315
4024;Totaal over alle leeftijden;Totaal bevolking;Doorn;2010;9852;8198;1087;423;664;567;359;208;315
4025;Totaal over alle leeftijden;Totaal bevolking;Doorn;2011;9783;8096;1089;418;671;598;378;220;315
4026;Totaal over alle leeftijden;Totaal bevolking;Doorn;2012;9708;8021;1100;415;685;587;356;231;315
4027;Totaal over alle leeftijden;Totaal bevolking;Doorn;2013;9642;7906;1131;420;711;605;364;241;315
4028;Totaal over alle leeftijden;Totaal bevolking;Doorn;2014;9577;7799;1143;421;722;635;373;262;315
4029;Totaal over alle leeftijden;Totaal bevolking;Doorn;2015;9511;7691;1153;423;730;667;380;287;315
4030;Totaal over alle leeftijden;Totaal bevolking;Doorn;2016;9445;7600;1162;422;740;683;391;292;315
4031;Totaal over alle leeftijden;Totaal bevolking;Doorn;2017;9396;7506;1168;417;751;722;402;320;315
4032;Totaal over alle leeftijden;Totaal bevolking;Doorn;2018;9328;7415;1170;422;748;743;414;329;315
4033;Totaal over alle leeftijden;Totaal bevolking;Doorn;2019;9275;7301;1195;429;766;779;429;350;315
4034;Totaal over alle leeftijden;Totaal bevolking;Doorn;2020;9225;7203;1219;448;771;803;439;364;315
4035;Totaal over alle leeftijden;Totaal bevolking;Doorn;2021;9155;7116;1213;444;769;826;449;377;315
4036;Totaal over alle leeftijden;Totaal bevolking;Doorn;2022;9111;7039;1224;450;774;848;456;392;315
4037;Totaal over alle leeftijden;Totaal bevolking;Doorn;2023;9049;6958;1237;457;780;854;452;402;315
4038;Totaal over alle leeftijden;Totaal bevolking;Doorn;2024;8986;6887;1236;448;788;863;450;413;315
4039;Totaal over alle leeftijden;Totaal bevolking;Doorn;2025;8947;6810;1242;460;782;895;459;436;315
4040;Totaal over alle leeftijden;Totaal bevolking;Dordrecht;2006;119530;88254;11190;4570;6620;20086;11326;8760;505
4041;Totaal over alle leeftijden;Totaal bevolking;Dordrecht;2007;119595;88169;11004;4437;6567;20422;11145;9277;505
4042;Totaal over alle leeftijden;Totaal bevolking;Dordrecht;2008;120280;88468;10935;4369;6566;20877;11051;9826;505
4043;Totaal over alle leeftijden;Totaal bevolking;Dordrecht;2009;120981;88764;10898;4308;6590;21319;10972;10347;505
4044;Totaal over alle leeftijden;Totaal bevolking;Dordrecht;2010;121687;89033;10852;4235;6617;21802;10976;10826;505
4045;Totaal over alle leeftijden;Totaal bevolking;Dordrecht;2011;122405;89311;10762;4143;6619;22332;10997;11335;505
4046;Totaal over alle leeftijden;Totaal bevolking;Dordrecht;2012;123143;89567;10738;4086;6652;22838;10972;11866;505
4047;Totaal over alle leeftijden;Totaal bevolking;Dordrecht;2013;123865;89860;10718;4062;6656;23287;10930;12357;505
4048;Totaal over alle leeftijden;Totaal bevolking;Dordrecht;2014;124617;90092;10745;4051;6694;23780;10951;12829;505
4049;Totaal over alle leeftijden;Totaal bevolking;Dordrecht;2015;125328;90356;10730;4008;6722;24242;10959;13283;505
4050;Totaal over alle leeftijden;Totaal bevolking;Dordrecht;2016;126026;90583;10704;3973;6731;24739;10992;13747;505
4051;Totaal over alle leeftijden;Totaal bevolking;Dordrecht;2017;126719;90814;10738;3943;6795;25167;10979;14188;505
4052;Totaal over alle leeftijden;Totaal bevolking;Dordrecht;2018;127388;90977;10724;3925;6799;25687;10999;14688;505
4053;Totaal over alle leeftijden;Totaal bevolking;Dordrecht;2019;128049;91225;10663;3834;6829;26161;11008;15153;505
4054;Totaal over alle leeftijden;Totaal bevolking;Dordrecht;2020;128698;91456;10672;3820;6852;26570;11001;15569;505
4055;Totaal over alle leeftijden;Totaal bevolking;Dordrecht;2021;129334;91630;10704;3806;6898;27000;10981;16019;505
4056;Totaal over alle leeftijden;Totaal bevolking;Dordrecht;2022;129942;91850;10652;3771;6881;27440;10996;16444;505
4057;Totaal over alle leeftijden;Totaal bevolking;Dordrecht;2023;130543;92030;10687;3777;6910;27826;10998;16828;505
4058;Totaal over alle leeftijden;Totaal bevolking;Dordrecht;2024;131116;92247;10710;3769;6941;28159;11001;17158;505
4059;Totaal over alle leeftijden;Totaal bevolking;Dordrecht;2025;131632;92436;10675;3753;6922;28521;11006;17515;505
4060;Totaal over alle leeftijden;Totaal bevolking;Drechterland;2006;10570;9785;485;155;330;300;183;117;498
4061;Totaal over alle leeftijden;Totaal bevolking;Drechterland;2007;10772;9907;516;166;350;349;211;138;498
4062;Totaal over alle leeftijden;Totaal bevolking;Drechterland;2008;10903;9963;565;178;387;375;220;155;498
4063;Totaal over alle leeftijden;Totaal bevolking;Drechterland;2009;11035;10022;601;188;413;412;236;176;498
4064;Totaal over alle leeftijden;Totaal bevolking;Drechterland;2010;11153;10069;642;207;435;442;253;189;498
4065;Totaal over alle leeftijden;Totaal bevolking;Drechterland;2011;11267;10109;684;224;460;474;278;196;498
4066;Totaal over alle leeftijden;Totaal bevolking;Drechterland;2012;11371;10156;706;236;470;509;297;212;498
4067;Totaal over alle leeftijden;Totaal bevolking;Drechterland;2013;11478;10181;742;249;493;555;321;234;498
4068;Totaal over alle leeftijden;Totaal bevolking;Drechterland;2014;11575;10220;773;264;509;582;343;239;498
4069;Totaal over alle leeftijden;Totaal bevolking;Drechterland;2015;11669;10253;809;275;534;607;347;260;498
4070;Totaal over alle leeftijden;Totaal bevolking;Drechterland;2016;11754;10291;835;284;551;628;354;274;498
4071;Totaal over alle leeftijden;Totaal bevolking;Drechterland;2017;11841;10318;873;306;567;650;363;287;498
4072;Totaal over alle leeftijden;Totaal bevolking;Drechterland;2018;11928;10350;894;315;579;684;384;300;498
4073;Totaal over alle leeftijden;Totaal bevolking;Drechterland;2019;12005;10362;931;341;590;712;395;317;498
4074;Totaal over alle leeftijden;Totaal bevolking;Drechterland;2020;12081;10367;974;359;615;740;411;329;498
4075;Totaal over alle leeftijden;Totaal bevolking;Drechterland;2021;12154;10372;1003;371;632;779;429;350;498
4076;Totaal over alle leeftijden;Totaal bevolking;Drechterland;2022;12226;10374;1045;382;663;807;438;369;498
4077;Totaal over alle leeftijden;Totaal bevolking;Drechterland;2023;12289;10387;1076;400;676;826;436;390;498
4078;Totaal over alle leeftijden;Totaal bevolking;Drechterland;2024;12350;10395;1114;409;705;841;441;400;498
4079;Totaal over alle leeftijden;Totaal bevolking;Drechterland;2025;12410;10394;1143;417;726;873;458;415;498
4080;Totaal over alle leeftijden;Totaal bevolking;Driebergen-Rijsenburg;2006;18304;15352;1604;525;1079;1348;732;616;316
4081;Totaal over alle leeftijden;Totaal bevolking;Driebergen-Rijsenburg;2007;18206;15223;1591;527;1064;1392;752;640;316
4082;Totaal over alle leeftijden;Totaal bevolking;Driebergen-Rijsenburg;2008;18109;15090;1588;535;1053;1431;773;658;316
4083;Totaal over alle leeftijden;Totaal bevolking;Driebergen-Rijsenburg;2009;18023;14981;1581;541;1040;1461;789;672;316
4084;Totaal over alle leeftijden;Totaal bevolking;Driebergen-Rijsenburg;2010;17912;14829;1596;564;1032;1487;805;682;316
4085;Totaal over alle leeftijden;Totaal bevolking;Driebergen-Rijsenburg;2011;17802;14682;1598;575;1023;1522;811;711;316
4086;Totaal over alle leeftijden;Totaal bevolking;Driebergen-Rijsenburg;2012;17699;14563;1593;587;1006;1543;812;731;316
4087;Totaal over alle leeftijden;Totaal bevolking;Driebergen-Rijsenburg;2013;17599;14406;1609;590;1019;1584;831;753;316
4088;Totaal over alle leeftijden;Totaal bevolking;Driebergen-Rijsenburg;2014;17471;14279;1591;588;1003;1601;832;769;316
4089;Totaal over alle leeftijden;Totaal bevolking;Driebergen-Rijsenburg;2015;17373;14163;1591;586;1005;1619;830;789;316
4090;Totaal over alle leeftijden;Totaal bevolking;Driebergen-Rijsenburg;2016;17277;14023;1608;603;1005;1646;843;803;316
4091;Totaal over alle leeftijden;Totaal bevolking;Driebergen-Rijsenburg;2017;17197;13907;1618;609;1009;1672;854;818;316
4092;Totaal over alle leeftijden;Totaal bevolking;Driebergen-Rijsenburg;2018;17124;13784;1635;628;1007;1705;873;832;316
4093;Totaal over alle leeftijden;Totaal bevolking;Driebergen-Rijsenburg;2019;17033;13685;1630;630;1000;1718;881;837;316
4094;Totaal over alle leeftijden;Totaal bevolking;Driebergen-Rijsenburg;2020;16945;13581;1619;626;993;1745;884;861;316
4095;Totaal over alle leeftijden;Totaal bevolking;Driebergen-Rijsenburg;2021;16859;13467;1618;625;993;1774;893;881;316
4096;Totaal over alle leeftijden;Totaal bevolking;Driebergen-Rijsenburg;2022;16785;13351;1653;647;1006;1781;894;887;316
4097;Totaal over alle leeftijden;Totaal bevolking;Driebergen-Rijsenburg;2023;16711;13240;1645;651;994;1826;909;917;316
4098;Totaal over alle leeftijden;Totaal bevolking;Driebergen-Rijsenburg;2024;16655;13151;1665;670;995;1839;903;936;316
4099;Totaal over alle leeftijden;Totaal bevolking;Driebergen-Rijsenburg;2025;16579;13073;1638;667;971;1868;914;954;316
4100;Totaal over alle leeftijden;Totaal bevolking;Drimmelen;2006;26792;25058;1276;407;869;458;280;178;1719
4101;Totaal over alle leeftijden;Totaal bevolking;Drimmelen;2007;26810;25040;1289;419;870;481;294;187;1719
4102;Totaal over alle leeftijden;Totaal bevolking;Drimmelen;2008;26764;24944;1313;428;885;507;310;197;1719
4103;Totaal over alle leeftijden;Totaal bevolking;Drimmelen;2009;26723;24832;1344;438;906;547;332;215;1719
4104;Totaal over alle leeftijden;Totaal bevolking;Drimmelen;2010;26669;24733;1373;459;914;563;344;219;1719
4105;Totaal over alle leeftijden;Totaal bevolking;Drimmelen;2011;26632;24645;1384;469;915;603;362;241;1719
4106;Totaal over alle leeftijden;Totaal bevolking;Drimmelen;2012;26579;24546;1403;475;928;630;374;256;1719
4107;Totaal over alle leeftijden;Totaal bevolking;Drimmelen;2013;26530;24455;1419;481;938;656;387;269;1719
4108;Totaal over alle leeftijden;Totaal bevolking;Drimmelen;2014;26480;24376;1428;494;934;676;397;279;1719
4109;Totaal over alle leeftijden;Totaal bevolking;Drimmelen;2015;26445;24304;1437;501;936;704;407;297;1719
4110;Totaal over alle leeftijden;Totaal bevolking;Drimmelen;2016;26393;24203;1476;515;961;714;406;308;1719
4111;Totaal over alle leeftijden;Totaal bevolking;Drimmelen;2017;26359;24128;1488;522;966;743;406;337;1719
4112;Totaal over alle leeftijden;Totaal bevolking;Drimmelen;2018;26317;24038;1515;520;995;764;416;348;1719
4113;Totaal over alle leeftijden;Totaal bevolking;Drimmelen;2019;26286;23959;1540;534;1006;787;430;357;1719
4114;Totaal over alle leeftijden;Totaal bevolking;Drimmelen;2020;26248;23899;1560;538;1022;789;426;363;1719
4115;Totaal over alle leeftijden;Totaal bevolking;Drimmelen;2021;26213;23808;1591;542;1049;814;433;381;1719
4116;Totaal over alle leeftijden;Totaal bevolking;Drimmelen;2022;26176;23753;1592;542;1050;831;444;387;1719
4117;Totaal over alle leeftijden;Totaal bevolking;Drimmelen;2023;26135;23686;1589;539;1050;860;449;411;1719
4118;Totaal over alle leeftijden;Totaal bevolking;Drimmelen;2024;26091;23627;1579;544;1035;885;451;434;1719
4119;Totaal over alle leeftijden;Totaal bevolking;Drimmelen;2025;26043;23512;1610;557;1053;921;469;452;1719
4120;Totaal over alle leeftijden;Totaal bevolking;Dronten;2006;38073;32477;2836;1366;1470;2760;1701;1059;303
4121;Totaal over alle leeftijden;Totaal bevolking;Dronten;2007;38038;32324;2877;1425;1452;2837;1718;1119;303
4122;Totaal over alle leeftijden;Totaal bevolking;Dronten;2008;37977;32089;2930;1493;1437;2958;1768;1190;303
4123;Totaal over alle leeftijden;Totaal bevolking;Dronten;2009;37916;31856;3006;1543;1463;3054;1804;1250;303
4124;Totaal over alle leeftijden;Totaal bevolking;Dronten;2010;37841;31599;3118;1644;1474;3124;1828;1296;303
4125;Totaal over alle leeftijden;Totaal bevolking;Dronten;2011;37773;31303;3257;1745;1512;3213;1880;1333;303
4126;Totaal over alle leeftijden;Totaal bevolking;Dronten;2012;37722;30987;3389;1865;1524;3346;1944;1402;303
4127;Totaal over alle leeftijden;Totaal bevolking;Dronten;2013;37660;30699;3537;2000;1537;3424;1968;1456;303
4128;Totaal over alle leeftijden;Totaal bevolking;Dronten;2014;37591;30412;3657;2102;1555;3522;2001;1521;303
4129;Totaal over alle leeftijden;Totaal bevolking;Dronten;2015;37539;30153;3788;2221;1567;3598;2036;1562;303
4130;Totaal over alle leeftijden;Totaal bevolking;Dronten;2016;37481;29905;3879;2305;1574;3697;2089;1608;303
4131;Totaal over alle leeftijden;Totaal bevolking;Dronten;2017;37407;29631;3985;2410;1575;3791;2142;1649;303
4132;Totaal over alle leeftijden;Totaal bevolking;Dronten;2018;37350;29306;4108;2504;1604;3936;2192;1744;303
4133;Totaal over alle leeftijden;Totaal bevolking;Dronten;2019;37298;29054;4210;2611;1599;4034;2225;1809;303
4134;Totaal over alle leeftijden;Totaal bevolking;Dronten;2020;37252;28781;4308;2692;1616;4163;2278;1885;303
4135;Totaal over alle leeftijden;Totaal bevolking;Dronten;2021;37202;28549;4374;2729;1645;4279;2321;1958;303
4136;Totaal over alle leeftijden;Totaal bevolking;Dronten;2022;37153;28298;4476;2803;1673;4379;2351;2028;303
4137;Totaal over alle leeftijden;Totaal bevolking;Dronten;2023;37104;28099;4561;2871;1690;4444;2351;2093;303
4138;Totaal over alle leeftijden;Totaal bevolking;Dronten;2024;37055;27896;4667;2934;1733;4492;2366;2126;303
4139;Totaal over alle leeftijden;Totaal bevolking;Dronten;2025;37018;27655;4781;3005;1776;4582;2434;2148;303
4140;Totaal over alle leeftijden;Totaal bevolking;Druten;2006;18072;16050;1030;289;741;992;564;428;225
4141;Totaal over alle leeftijden;Totaal bevolking;Druten;2007;18139;16081;1054;298;756;1004;568;436;225
4142;Totaal over alle leeftijden;Totaal bevolking;Druten;2008;18154;16078;1067;302;765;1009;570;439;225
4143;Totaal over alle leeftijden;Totaal bevolking;Druten;2009;18180;16101;1049;299;750;1030;582;448;225
4144;Totaal over alle leeftijden;Totaal bevolking;Druten;2010;18193;16090;1057;304;753;1046;587;459;225
4145;Totaal over alle leeftijden;Totaal bevolking;Druten;2011;18207;16082;1063;303;760;1062;596;466;225
4146;Totaal over alle leeftijden;Totaal bevolking;Druten;2012;18214;16056;1079;313;766;1079;607;472;225
4147;Totaal over alle leeftijden;Totaal bevolking;Druten;2013;18209;16036;1101;324;777;1072;604;468;225
4148;Totaal over alle leeftijden;Totaal bevolking;Druten;2014;18225;16022;1118;337;781;1085;604;481;225
4149;Totaal over alle leeftijden;Totaal bevolking;Druten;2015;18237;15976;1149;340;809;1112;614;498;225
4150;Totaal over alle leeftijden;Totaal bevolking;Druten;2016;18246;15964;1156;349;807;1126;623;503;225
4151;Totaal over alle leeftijden;Totaal bevolking;Druten;2017;18242;15947;1175;354;821;1120;619;501;225
4152;Totaal over alle leeftijden;Totaal bevolking;Druten;2018;18240;15928;1187;357;830;1125;619;506;225
4153;Totaal over alle leeftijden;Totaal bevolking;Druten;2019;18220;15873;1204;366;838;1143;639;504;225
4154;Totaal over alle leeftijden;Totaal bevolking;Druten;2020;18213;15835;1224;370;854;1154;638;516;225
4155;Totaal over alle leeftijden;Totaal bevolking;Druten;2021;18183;15812;1223;379;844;1148;628;520;225
4156;Totaal over alle leeftijden;Totaal bevolking;Druten;2022;18174;15773;1233;383;850;1168;641;527;225
4157;Totaal over alle leeftijden;Totaal bevolking;Druten;2023;18169;15753;1239;382;857;1177;641;536;225
4158;Totaal over alle leeftijden;Totaal bevolking;Druten;2024;18163;15697;1257;382;875;1209;662;547;225
4159;Totaal over alle leeftijden;Totaal bevolking;Druten;2025;18141;15650;1257;393;864;1234;676;558;225
4160;Totaal over alle leeftijden;Totaal bevolking;Duiven;2006;25549;22455;2133;608;1525;961;569;392;226
4161;Totaal over alle leeftijden;Totaal bevolking;Duiven;2007;25388;22282;2131;616;1515;975;567;408;226
4162;Totaal over alle leeftijden;Totaal bevolking;Duiven;2008;25225;22149;2101;604;1497;975;568;407;226
4163;Totaal over alle leeftijden;Totaal bevolking;Duiven;2009;25062;21996;2091;608;1483;975;561;414;226
4164;Totaal over alle leeftijden;Totaal bevolking;Duiven;2010;24906;21802;2105;612;1493;999;566;433;226
4165;Totaal over alle leeftijden;Totaal bevolking;Duiven;2011;24756;21603;2126;616;1510;1027;579;448;226
4166;Totaal over alle leeftijden;Totaal bevolking;Duiven;2012;24594;21405;2131;618;1513;1058;601;457;226
4167;Totaal over alle leeftijden;Totaal bevolking;Duiven;2013;24426;21213;2126;626;1500;1087;622;465;226
4168;Totaal over alle leeftijden;Totaal bevolking;Duiven;2014;24267;21034;2148;632;1516;1085;612;473;226
4169;Totaal over alle leeftijden;Totaal bevolking;Duiven;2015;24096;20844;2135;632;1503;1117;621;496;226
4170;Totaal over alle leeftijden;Totaal bevolking;Duiven;2016;23950;20645;2148;632;1516;1157;651;506;226
4171;Totaal over alle leeftijden;Totaal bevolking;Duiven;2017;23799;20486;2132;632;1500;1181;670;511;226
4172;Totaal over alle leeftijden;Totaal bevolking;Duiven;2018;23663;20297;2132;631;1501;1234;699;535;226
4173;Totaal over alle leeftijden;Totaal bevolking;Duiven;2019;23526;20142;2118;637;1481;1266;713;553;226
4174;Totaal over alle leeftijden;Totaal bevolking;Duiven;2020;23394;19978;2120;637;1483;1296;720;576;226
4175;Totaal over alle leeftijden;Totaal bevolking;Duiven;2021;23265;19827;2107;647;1460;1331;741;590;226
4176;Totaal over alle leeftijden;Totaal bevolking;Duiven;2022;23138;19686;2086;643;1443;1366;746;620;226
4177;Totaal over alle leeftijden;Totaal bevolking;Duiven;2023;23019;19523;2099;653;1446;1397;762;635;226
4178;Totaal over alle leeftijden;Totaal bevolking;Duiven;2024;22894;19395;2102;656;1446;1397;751;646;226
4179;Totaal over alle leeftijden;Totaal bevolking;Duiven;2025;22787;19256;2101;668;1433;1430;771;659;226
4180;Totaal over alle leeftijden;Totaal bevolking;Echt-Susteren;2006;32341;26905;4603;1321;3282;833;599;234;1711
4181;Totaal over alle leeftijden;Totaal bevolking;Echt-Susteren;2007;32321;26894;4576;1313;3263;851;592;259;1711
4182;Totaal over alle leeftijden;Totaal bevolking;Echt-Susteren;2008;32203;26812;4529;1283;3246;862;583;279;1711
4183;Totaal over alle leeftijden;Totaal bevolking;Echt-Susteren;2009;32102;26723;4503;1283;3220;876;582;294;1711
4184;Totaal over alle leeftijden;Totaal bevolking;Echt-Susteren;2010;31992;26637;4461;1285;3176;894;587;307;1711
4185;Totaal over alle leeftijden;Totaal bevolking;Echt-Susteren;2011;31885;26551;4417;1272;3145;917;590;327;1711
4186;Totaal over alle leeftijden;Totaal bevolking;Echt-Susteren;2012;31787;26453;4398;1278;3120;936;595;341;1711
4187;Totaal over alle leeftijden;Totaal bevolking;Echt-Susteren;2013;31670;26325;4392;1307;3085;953;608;345;1711
4188;Totaal over alle leeftijden;Totaal bevolking;Echt-Susteren;2014;31571;26201;4401;1343;3058;969;617;352;1711
4189;Totaal over alle leeftijden;Totaal bevolking;Echt-Susteren;2015;31458;26082;4381;1347;3034;995;630;365;1711
4190;Totaal over alle leeftijden;Totaal bevolking;Echt-Susteren;2016;31349;26002;4332;1340;2992;1015;627;388;1711
4191;Totaal over alle leeftijden;Totaal bevolking;Echt-Susteren;2017;31245;25899;4274;1331;2943;1072;652;420;1711
4192;Totaal over alle leeftijden;Totaal bevolking;Echt-Susteren;2018;31126;25767;4272;1337;2935;1087;651;436;1711
4193;Totaal over alle leeftijden;Totaal bevolking;Echt-Susteren;2019;31003;25678;4224;1336;2888;1101;643;458;1711
4194;Totaal over alle leeftijden;Totaal bevolking;Echt-Susteren;2020;30895;25570;4186;1316;2870;1139;659;480;1711
4195;Totaal over alle leeftijden;Totaal bevolking;Echt-Susteren;2021;30782;25466;4164;1323;2841;1152;654;498;1711
4196;Totaal over alle leeftijden;Totaal bevolking;Echt-Susteren;2022;30656;25332;4144;1336;2808;1180;664;516;1711
4197;Totaal over alle leeftijden;Totaal bevolking;Echt-Susteren;2023;30521;25200;4109;1335;2774;1212;676;536;1711
4198;Totaal over alle leeftijden;Totaal bevolking;Echt-Susteren;2024;30401;25097;4057;1318;2739;1247;680;567;1711
4199;Totaal over alle leeftijden;Totaal bevolking;Echt-Susteren;2025;30284;24964;4011;1300;2711;1309;718;591;1711
4200;Totaal over alle leeftijden;Totaal bevolking;Edam-Volendam;2006;28237;26298;1070;349;721;869;514;355;385
4201;Totaal over alle leeftijden;Totaal bevolking;Edam-Volendam;2007;28264;26277;1091;351;740;896;522;374;385
4202;Totaal over alle leeftijden;Totaal bevolking;Edam-Volendam;2008;28316;26265;1131;361;770;920;524;396;385
4203;Totaal over alle leeftijden;Totaal bevolking;Edam-Volendam;2009;28356;26256;1159;365;794;941;535;406;385
4204;Totaal over alle leeftijden;Totaal bevolking;Edam-Volendam;2010;28404;26215;1199;382;817;990;561;429;385
4205;Totaal over alle leeftijden;Totaal bevolking;Edam-Volendam;2011;28435;26163;1235;388;847;1037;587;450;385
4206;Totaal over alle leeftijden;Totaal bevolking;Edam-Volendam;2012;28461;26108;1288;406;882;1065;598;467;385
4207;Totaal over alle leeftijden;Totaal bevolking;Edam-Volendam;2013;28485;26070;1320;411;909;1095;604;491;385
4208;Totaal over alle leeftijden;Totaal bevolking;Edam-Volendam;2014;28498;26017;1350;424;926;1131;618;513;385
4209;Totaal over alle leeftijden;Totaal bevolking;Edam-Volendam;2015;28522;25969;1379;437;942;1174;642;532;385
4210;Totaal over alle leeftijden;Totaal bevolking;Edam-Volendam;2016;28539;25933;1394;445;949;1212;653;559;385
4211;Totaal over alle leeftijden;Totaal bevolking;Edam-Volendam;2017;28568;25870;1443;460;983;1255;670;585;385
4212;Totaal over alle leeftijden;Totaal bevolking;Edam-Volendam;2018;28583;25797;1477;473;1004;1309;701;608;385
4213;Totaal over alle leeftijden;Totaal bevolking;Edam-Volendam;2019;28603;25741;1517;494;1023;1345;709;636;385
4214;Totaal over alle leeftijden;Totaal bevolking;Edam-Volendam;2020;28610;25687;1529;499;1030;1394;732;662;385
4215;Totaal over alle leeftijden;Totaal bevolking;Edam-Volendam;2021;28624;25649;1549;510;1039;1426;740;686;385
4216;Totaal over alle leeftijden;Totaal bevolking;Edam-Volendam;2022;28625;25588;1581;514;1067;1456;752;704;385
4217;Totaal over alle leeftijden;Totaal bevolking;Edam-Volendam;2023;28640;25531;1612;526;1086;1497;762;735;385
4218;Totaal over alle leeftijden;Totaal bevolking;Edam-Volendam;2024;28644;25459;1652;545;1107;1533;773;760;385
4219;Totaal over alle leeftijden;Totaal bevolking;Edam-Volendam;2025;28641;25396;1654;552;1102;1591;798;793;385
4220;Totaal over alle leeftijden;Totaal bevolking;Ede;2006;106600;91373;7490;2810;4680;7737;4265;3472;228
4221;Totaal over alle leeftijden;Totaal bevolking;Ede;2007;106770;91316;7441;2785;4656;8013;4283;3730;228
4222;Totaal over alle leeftijden;Totaal bevolking;Ede;2008;106756;91150;7335;2744;4591;8271;4312;3959;228
4223;Totaal over alle leeftijden;Totaal bevolking;Ede;2009;106719;90990;7259;2712;4547;8470;4293;4177;228
4224;Totaal over alle leeftijden;Totaal bevolking;Ede;2010;106643;90795;7176;2665;4511;8672;4281;4391;228
4225;Totaal over alle leeftijden;Totaal bevolking;Ede;2011;106557;90541;7137;2675;4462;8879;4290;4589;228
4226;Totaal over alle leeftijden;Totaal bevolking;Ede;2012;106493;90321;7084;2667;4417;9088;4287;4801;228
4227;Totaal over alle leeftijden;Totaal bevolking;Ede;2013;106434;90126;7076;2667;4409;9232;4269;4963;228
4228;Totaal over alle leeftijden;Totaal bevolking;Ede;2014;106396;89930;7059;2675;4384;9407;4263;5144;228
4229;Totaal over alle leeftijden;Totaal bevolking;Ede;2015;106321;89741;7043;2665;4378;9537;4283;5254;228
4230;Totaal over alle leeftijden;Totaal bevolking;Ede;2016;106240;89537;6992;2666;4326;9711;4314;5397;228
4231;Totaal over alle leeftijden;Totaal bevolking;Ede;2017;106162;89330;6949;2651;4298;9883;4335;5548;228
4232;Totaal over alle leeftijden;Totaal bevolking;Ede;2018;106073;89105;6918;2639;4279;10050;4380;5670;228
4233;Totaal over alle leeftijden;Totaal bevolking;Ede;2019;106012;88915;6915;2647;4268;10182;4381;5801;228
4234;Totaal over alle leeftijden;Totaal bevolking;Ede;2020;105944;88693;6939;2655;4284;10312;4386;5926;228
4235;Totaal over alle leeftijden;Totaal bevolking;Ede;2021;105856;88483;6917;2655;4262;10456;4414;6042;228
4236;Totaal over alle leeftijden;Totaal bevolking;Ede;2022;105788;88310;6884;2650;4234;10594;4436;6158;228
4237;Totaal over alle leeftijden;Totaal bevolking;Ede;2023;105722;88089;6896;2675;4221;10737;4471;6266;228
4238;Totaal over alle leeftijden;Totaal bevolking;Ede;2024;105677;87895;6903;2674;4229;10879;4513;6366;228
4239;Totaal over alle leeftijden;Totaal bevolking;Ede;2025;105602;87702;6942;2668;4274;10958;4506;6452;228
4240;Totaal over alle leeftijden;Totaal bevolking;Eemnes;2006;8979;7745;852;281;571;382;204;178;317
4241;Totaal over alle leeftijden;Totaal bevolking;Eemnes;2007;9059;7779;878;286;592;402;212;190;317
4242;Totaal over alle leeftijden;Totaal bevolking;Eemnes;2008;9137;7788;921;304;617;428;223;205;317
4243;Totaal over alle leeftijden;Totaal bevolking;Eemnes;2009;9207;7782;961;308;653;464;241;223;317
4244;Totaal over alle leeftijden;Totaal bevolking;Eemnes;2010;9282;7795;996;328;668;491;260;231;317
4245;Totaal over alle leeftijden;Totaal bevolking;Eemnes;2011;9363;7818;1022;342;680;523;279;244;317
4246;Totaal over alle leeftijden;Totaal bevolking;Eemnes;2012;9439;7829;1064;352;712;546;294;252;317
4247;Totaal over alle leeftijden;Totaal bevolking;Eemnes;2013;9510;7837;1096;363;733;577;312;265;317
4248;Totaal over alle leeftijden;Totaal bevolking;Eemnes;2014;9570;7837;1136;373;763;597;332;265;317
4249;Totaal over alle leeftijden;Totaal bevolking;Eemnes;2015;9634;7876;1155;388;767;603;332;271;317
4250;Totaal over alle leeftijden;Totaal bevolking;Eemnes;2016;9696;7884;1177;392;785;635;353;282;317
4251;Totaal over alle leeftijden;Totaal bevolking;Eemnes;2017;9745;7867;1207;402;805;671;381;290;317
4252;Totaal over alle leeftijden;Totaal bevolking;Eemnes;2018;9796;7872;1246;415;831;678;379;299;317
4253;Totaal over alle leeftijden;Totaal bevolking;Eemnes;2019;9861;7879;1289;436;853;693;388;305;317
4254;Totaal over alle leeftijden;Totaal bevolking;Eemnes;2020;9924;7862;1327;450;877;735;417;318;317
4255;Totaal over alle leeftijden;Totaal bevolking;Eemnes;2021;9981;7875;1353;452;901;753;427;326;317
4256;Totaal over alle leeftijden;Totaal bevolking;Eemnes;2022;10023;7845;1377;465;912;801;450;351;317
4257;Totaal over alle leeftijden;Totaal bevolking;Eemnes;2023;10072;7823;1422;482;940;827;451;376;317
4258;Totaal over alle leeftijden;Totaal bevolking;Eemnes;2024;10100;7803;1434;481;953;863;465;398;317
4259;Totaal over alle leeftijden;Totaal bevolking;Eemnes;2025;10141;7790;1443;492;951;908;479;429;317
4260;Totaal over alle leeftijden;Totaal bevolking;Eemsmond;2006;16725;15592;700;267;433;433;320;113;1651
4261;Totaal over alle leeftijden;Totaal bevolking;Eemsmond;2007;16662;15504;714;277;437;444;322;122;1651
4262;Totaal over alle leeftijden;Totaal bevolking;Eemsmond;2008;16551;15360;725;281;444;466;338;128;1651
4263;Totaal over alle leeftijden;Totaal bevolking;Eemsmond;2009;16426;15221;732;292;440;473;351;122;1651
4264;Totaal over alle leeftijden;Totaal bevolking;Eemsmond;2010;16313;15035;768;313;455;510;384;126;1651
4265;Totaal over alle leeftijden;Totaal bevolking;Eemsmond;2011;16197;14863;811;349;462;523;401;122;1651
4266;Totaal over alle leeftijden;Totaal bevolking;Eemsmond;2012;16086;14682;854;370;484;550;428;122;1651
4267;Totaal over alle leeftijden;Totaal bevolking;Eemsmond;2013;15969;14554;866;395;471;549;423;126;1651
4268;Totaal over alle leeftijden;Totaal bevolking;Eemsmond;2014;15858;14391;897;426;471;570;440;130;1651
4269;Totaal over alle leeftijden;Totaal bevolking;Eemsmond;2015;15756;14237;925;456;469;594;459;135;1651
4270;Totaal over alle leeftijden;Totaal bevolking;Eemsmond;2016;15674;14088;969;487;482;617;473;144;1651
4271;Totaal over alle leeftijden;Totaal bevolking;Eemsmond;2017;15593;13955;1000;526;474;638;491;147;1651
4272;Totaal over alle leeftijden;Totaal bevolking;Eemsmond;2018;15515;13814;1048;560;488;653;500;153;1651
4273;Totaal over alle leeftijden;Totaal bevolking;Eemsmond;2019;15433;13686;1071;587;484;676;518;158;1651
4274;Totaal over alle leeftijden;Totaal bevolking;Eemsmond;2020;15361;13570;1106;621;485;685;520;165;1651
4275;Totaal over alle leeftijden;Totaal bevolking;Eemsmond;2021;15298;13429;1145;647;498;724;543;181;1651
4276;Totaal over alle leeftijden;Totaal bevolking;Eemsmond;2022;15228;13312;1189;678;511;727;552;175;1651
4277;Totaal over alle leeftijden;Totaal bevolking;Eemsmond;2023;15170;13181;1226;708;518;763;585;178;1651
4278;Totaal over alle leeftijden;Totaal bevolking;Eemsmond;2024;15123;13075;1247;737;510;801;614;187;1651
4279;Totaal over alle leeftijden;Totaal bevolking;Eemsmond;2025;15078;12948;1291;789;502;839;637;202;1651
4280;Totaal over alle leeftijden;Totaal bevolking;Eersel;2006;18196;16870;1025;338;687;301;204;97;770
4281;Totaal over alle leeftijden;Totaal bevolking;Eersel;2007;18139;16784;1049;342;707;306;207;99;770
4282;Totaal over alle leeftijden;Totaal bevolking;Eersel;2008;18078;16690;1073;351;722;315;206;109;770
4283;Totaal over alle leeftijden;Totaal bevolking;Eersel;2009;18023;16592;1102;374;728;329;222;107;770
4284;Totaal over alle leeftijden;Totaal bevolking;Eersel;2010;17959;16484;1132;395;737;343;229;114;770
4285;Totaal over alle leeftijden;Totaal bevolking;Eersel;2011;17884;16387;1147;417;730;350;233;117;770
4286;Totaal over alle leeftijden;Totaal bevolking;Eersel;2012;17798;16289;1155;429;726;354;233;121;770
4287;Totaal over alle leeftijden;Totaal bevolking;Eersel;2013;17726;16223;1152;428;724;351;226;125;770
4288;Totaal over alle leeftijden;Totaal bevolking;Eersel;2014;17652;16144;1153;432;721;355;229;126;770
4289;Totaal over alle leeftijden;Totaal bevolking;Eersel;2015;17576;16062;1157;435;722;357;226;131;770
4290;Totaal over alle leeftijden;Totaal bevolking;Eersel;2016;17491;15963;1149;434;715;379;244;135;770
4291;Totaal over alle leeftijden;Totaal bevolking;Eersel;2017;17410;15871;1162;447;715;377;245;132;770
4292;Totaal over alle leeftijden;Totaal bevolking;Eersel;2018;17332;15777;1177;457;720;378;250;128;770
4293;Totaal over alle leeftijden;Totaal bevolking;Eersel;2019;17257;15680;1190;467;723;387;253;134;770
4294;Totaal over alle leeftijden;Totaal bevolking;Eersel;2020;17186;15597;1201;472;729;388;251;137;770
4295;Totaal over alle leeftijden;Totaal bevolking;Eersel;2021;17117;15495;1215;478;737;407;263;144;770
4296;Totaal over alle leeftijden;Totaal bevolking;Eersel;2022;17054;15420;1211;479;732;423;275;148;770
4297;Totaal over alle leeftijden;Totaal bevolking;Eersel;2023;16996;15345;1220;485;735;431;275;156;770
4298;Totaal over alle leeftijden;Totaal bevolking;Eersel;2024;16937;15266;1234;499;735;437;279;158;770
4299;Totaal over alle leeftijden;Totaal bevolking;Eersel;2025;16875;15186;1249;504;745;440;276;164;770
4300;Totaal over alle leeftijden;Totaal bevolking;Eijsden;2006;11763;10254;1294;381;913;215;135;80;905
4301;Totaal over alle leeftijden;Totaal bevolking;Eijsden;2007;11702;10190;1275;382;893;237;146;91;905
4302;Totaal over alle leeftijden;Totaal bevolking;Eijsden;2008;11646;10123;1278;392;886;245;159;86;905
4303;Totaal over alle leeftijden;Totaal bevolking;Eijsden;2009;11579;10043;1279;391;888;257;168;89;905
4304;Totaal over alle leeftijden;Totaal bevolking;Eijsden;2010;11522;9988;1260;393;867;274;181;93;905
4305;Totaal over alle leeftijden;Totaal bevolking;Eijsden;2011;11461;9896;1277;397;880;288;184;104;905
4306;Totaal over alle leeftijden;Totaal bevolking;Eijsden;2012;11400;9822;1272;403;869;306;194;112;905
4307;Totaal over alle leeftijden;Totaal bevolking;Eijsden;2013;11336;9756;1264;395;869;316;194;122;905
4308;Totaal over alle leeftijden;Totaal bevolking;Eijsden;2014;11272;9688;1260;399;861;324;195;129;905
4309;Totaal over alle leeftijden;Totaal bevolking;Eijsden;2015;11209;9605;1283;412;871;321;192;129;905
4310;Totaal over alle leeftijden;Totaal bevolking;Eijsden;2016;11145;9546;1276;405;871;323;187;136;905
4311;Totaal over alle leeftijden;Totaal bevolking;Eijsden;2017;11084;9460;1277;411;866;347;203;144;905
4312;Totaal over alle leeftijden;Totaal bevolking;Eijsden;2018;11028;9390;1275;414;861;363;212;151;905
4313;Totaal over alle leeftijden;Totaal bevolking;Eijsden;2019;10978;9320;1292;420;872;366;211;155;905
4314;Totaal over alle leeftijden;Totaal bevolking;Eijsden;2020;10917;9244;1284;427;857;389;223;166;905
4315;Totaal over alle leeftijden;Totaal bevolking;Eijsden;2021;10856;9182;1267;423;844;407;234;173;905
4316;Totaal over alle leeftijden;Totaal bevolking;Eijsden;2022;10791;9107;1262;425;837;422;248;174;905
4317;Totaal over alle leeftijden;Totaal bevolking;Eijsden;2023;10720;9040;1244;424;820;436;252;184;905
4318;Totaal over alle leeftijden;Totaal bevolking;Eijsden;2024;10655;8987;1223;427;796;445;251;194;905
4319;Totaal over alle leeftijden;Totaal bevolking;Eijsden;2025;10596;8908;1223;430;793;465;262;203;905
4320;Totaal over alle leeftijden;Totaal bevolking;Eindhoven;2006;210072;155752;23922;10162;13760;30398;18017;12381;772
4321;Totaal over alle leeftijden;Totaal bevolking;Eindhoven;2007;210470;156134;23836;10127;13709;30500;17642;12858;772
4322;Totaal over alle leeftijden;Totaal bevolking;Eindhoven;2008;210344;156261;23615;9960;13655;30468;17256;13212;772
4323;Totaal over alle leeftijden;Totaal bevolking;Eindhoven;2009;210248;156369;23421;9798;13623;30458;16930;13528;772
4324;Totaal over alle leeftijden;Totaal bevolking;Eindhoven;2010;210113;156347;23258;9728;13530;30508;16655;13853;772
4325;Totaal over alle leeftijden;Totaal bevolking;Eindhoven;2011;209991;156375;23082;9658;13424;30534;16365;14169;772
4326;Totaal over alle leeftijden;Totaal bevolking;Eindhoven;2012;209870;156442;22956;9635;13321;30472;16058;14414;772
4327;Totaal over alle leeftijden;Totaal bevolking;Eindhoven;2013;209742;156405;22837;9624;13213;30500;15822;14678;772
4328;Totaal over alle leeftijden;Totaal bevolking;Eindhoven;2014;209623;156280;22770;9633;13137;30573;15690;14883;772
4329;Totaal over alle leeftijden;Totaal bevolking;Eindhoven;2015;209468;156193;22595;9565;13030;30680;15549;15131;772
4330;Totaal over alle leeftijden;Totaal bevolking;Eindhoven;2016;209313;155995;22556;9590;12966;30762;15444;15318;772
4331;Totaal over alle leeftijden;Totaal bevolking;Eindhoven;2017;209168;155811;22469;9603;12866;30888;15361;15527;772
4332;Totaal over alle leeftijden;Totaal bevolking;Eindhoven;2018;208970;155660;22311;9476;12835;30999;15330;15669;772
4333;Totaal over alle leeftijden;Totaal bevolking;Eindhoven;2019;208760;155517;22175;9446;12729;31068;15263;15805;772
4334;Totaal over alle leeftijden;Totaal bevolking;Eindhoven;2020;208531;155324;22027;9383;12644;31180;15232;15948;772
4335;Totaal over alle leeftijden;Totaal bevolking;Eindhoven;2021;208306;155179;21903;9296;12607;31224;15153;16071;772
4336;Totaal over alle leeftijden;Totaal bevolking;Eindhoven;2022;208086;155031;21785;9276;12509;31270;15097;16173;772
4337;Totaal over alle leeftijden;Totaal bevolking;Eindhoven;2023;207864;154807;21650;9216;12434;31407;15043;16364;772
4338;Totaal over alle leeftijden;Totaal bevolking;Eindhoven;2024;207650;154627;21528;9178;12350;31495;15014;16481;772
4339;Totaal over alle leeftijden;Totaal bevolking;Eindhoven;2025;207415;154373;21437;9137;12300;31605;15035;16570;772
4340;Totaal over alle leeftijden;Totaal bevolking;Elburg;2006;22363;21034;806;271;535;523;336;187;230
4341;Totaal over alle leeftijden;Totaal bevolking;Elburg;2007;22479;21090;836;282;554;553;360;193;230
4342;Totaal over alle leeftijden;Totaal bevolking;Elburg;2008;22523;21063;873;295;578;587;376;211;230
4343;Totaal over alle leeftijden;Totaal bevolking;Elburg;2009;22562;21060;894;314;580;608;387;221;230
4344;Totaal over alle leeftijden;Totaal bevolking;Elburg;2010;22596;21013;952;345;607;631;393;238;230
4345;Totaal over alle leeftijden;Totaal bevolking;Elburg;2011;22627;21010;974;355;619;643;394;249;230
4346;Totaal over alle leeftijden;Totaal bevolking;Elburg;2012;22664;20965;1029;379;650;670;403;267;230
4347;Totaal over alle leeftijden;Totaal bevolking;Elburg;2013;22688;20914;1058;395;663;716;431;285;230
4348;Totaal over alle leeftijden;Totaal bevolking;Elburg;2014;22709;20901;1076;411;665;732;425;307;230
4349;Totaal over alle leeftijden;Totaal bevolking;Elburg;2015;22737;20878;1096;422;674;763;437;326;230
4350;Totaal over alle leeftijden;Totaal bevolking;Elburg;2016;22758;20848;1130;447;683;780;444;336;230
4351;Totaal over alle leeftijden;Totaal bevolking;Elburg;2017;22772;20837;1142;452;690;793;449;344;230
4352;Totaal over alle leeftijden;Totaal bevolking;Elburg;2018;22786;20782;1166;465;701;838;474;364;230
4353;Totaal over alle leeftijden;Totaal bevolking;Elburg;2019;22811;20765;1182;474;708;864;489;375;230
4354;Totaal over alle leeftijden;Totaal bevolking;Elburg;2020;22825;20743;1211;492;719;871;496;375;230
4355;Totaal over alle leeftijden;Totaal bevolking;Elburg;2021;22831;20737;1221;496;725;873;487;386;230
4356;Totaal over alle leeftijden;Totaal bevolking;Elburg;2022;22849;20709;1245;509;736;895;494;401;230
4357;Totaal over alle leeftijden;Totaal bevolking;Elburg;2023;22849;20662;1270;520;750;917;505;412;230
4358;Totaal over alle leeftijden;Totaal bevolking;Elburg;2024;22844;20640;1274;515;759;930;504;426;230
4359;Totaal over alle leeftijden;Totaal bevolking;Elburg;2025;22844;20596;1302;522;780;946;514;432;230
4360;Totaal over alle leeftijden;Totaal bevolking;Emmen;2006;108522;96981;7400;2790;4610;4141;2559;1582;114
4361;Totaal over alle leeftijden;Totaal bevolking;Emmen;2007;108710;97045;7372;2776;4596;4293;2585;1708;114
4362;Totaal over alle leeftijden;Totaal bevolking;Emmen;2008;109069;97230;7366;2760;4606;4473;2619;1854;114
4363;Totaal over alle leeftijden;Totaal bevolking;Emmen;2009;109354;97335;7391;2765;4626;4628;2656;1972;114
4364;Totaal over alle leeftijden;Totaal bevolking;Emmen;2010;109659;97410;7453;2783;4670;4796;2690;2106;114
4365;Totaal over alle leeftijden;Totaal bevolking;Emmen;2011;109954;97518;7480;2817;4663;4956;2733;2223;114
4366;Totaal over alle leeftijden;Totaal bevolking;Emmen;2012;110269;97600;7548;2870;4678;5121;2786;2335;114
4367;Totaal over alle leeftijden;Totaal bevolking;Emmen;2013;110580;97685;7587;2887;4700;5308;2854;2454;114
4368;Totaal over alle leeftijden;Totaal bevolking;Emmen;2014;110886;97737;7633;2925;4708;5516;2930;2586;114
4369;Totaal over alle leeftijden;Totaal bevolking;Emmen;2015;111190;97826;7682;2972;4710;5682;2980;2702;114
4370;Totaal over alle leeftijden;Totaal bevolking;Emmen;2016;111483;97912;7715;2983;4732;5856;3033;2823;114
4371;Totaal over alle leeftijden;Totaal bevolking;Emmen;2017;111753;97978;7798;3023;4775;5977;3054;2923;114
4372;Totaal over alle leeftijden;Totaal bevolking;Emmen;2018;112035;98039;7843;3075;4768;6153;3123;3030;114
4373;Totaal over alle leeftijden;Totaal bevolking;Emmen;2019;112306;98089;7854;3064;4790;6363;3193;3170;114
4374;Totaal over alle leeftijden;Totaal bevolking;Emmen;2020;112544;98142;7881;3087;4794;6521;3247;3274;114
4375;Totaal over alle leeftijden;Totaal bevolking;Emmen;2021;112786;98145;7920;3113;4807;6721;3319;3402;114
4376;Totaal over alle leeftijden;Totaal bevolking;Emmen;2022;113017;98143;7995;3158;4837;6879;3370;3509;114
4377;Totaal over alle leeftijden;Totaal bevolking;Emmen;2023;113214;98150;8010;3172;4838;7054;3460;3594;114
4378;Totaal over alle leeftijden;Totaal bevolking;Emmen;2024;113425;98126;8060;3202;4858;7239;3558;3681;114
4379;Totaal over alle leeftijden;Totaal bevolking;Emmen;2025;113589;98096;8081;3224;4857;7412;3641;3771;114
4380;Totaal over alle leeftijden;Totaal bevolking;Enkhuizen;2006;17323;15024;1138;457;681;1161;666;495;388
4381;Totaal over alle leeftijden;Totaal bevolking;Enkhuizen;2007;17307;14973;1160;450;710;1174;673;501;388
4382;Totaal over alle leeftijden;Totaal bevolking;Enkhuizen;2008;17273;14905;1187;464;723;1181;672;509;388
4383;Totaal over alle leeftijden;Totaal bevolking;Enkhuizen;2009;17236;14837;1212;477;735;1187;668;519;388
4384;Totaal over alle leeftijden;Totaal bevolking;Enkhuizen;2010;17181;14729;1255;501;754;1197;664;533;388
4385;Totaal over alle leeftijden;Totaal bevolking;Enkhuizen;2011;17134;14652;1260;512;748;1222;674;548;388
4386;Totaal over alle leeftijden;Totaal bevolking;Enkhuizen;2012;17088;14559;1294;529;765;1235;688;547;388
4387;Totaal over alle leeftijden;Totaal bevolking;Enkhuizen;2013;17032;14476;1316;543;773;1240;699;541;388
4388;Totaal over alle leeftijden;Totaal bevolking;Enkhuizen;2014;16986;14369;1380;566;814;1237;689;548;388
4389;Totaal over alle leeftijden;Totaal bevolking;Enkhuizen;2015;16944;14277;1405;574;831;1262;699;563;388
4390;Totaal over alle leeftijden;Totaal bevolking;Enkhuizen;2016;16901;14182;1440;586;854;1279;705;574;388
4391;Totaal over alle leeftijden;Totaal bevolking;Enkhuizen;2017;16852;14089;1472;580;892;1291;716;575;388
4392;Totaal over alle leeftijden;Totaal bevolking;Enkhuizen;2018;16813;14025;1484;585;899;1304;706;598;388
4393;Totaal over alle leeftijden;Totaal bevolking;Enkhuizen;2019;16771;13958;1502;581;921;1311;707;604;388
4394;Totaal over alle leeftijden;Totaal bevolking;Enkhuizen;2020;16734;13873;1525;583;942;1336;725;611;388
4395;Totaal over alle leeftijden;Totaal bevolking;Enkhuizen;2021;16704;13802;1543;597;946;1359;738;621;388
4396;Totaal over alle leeftijden;Totaal bevolking;Enkhuizen;2022;16673;13714;1564;601;963;1395;766;629;388
4397;Totaal over alle leeftijden;Totaal bevolking;Enkhuizen;2023;16649;13642;1589;619;970;1418;767;651;388
4398;Totaal over alle leeftijden;Totaal bevolking;Enkhuizen;2024;16618;13592;1595;625;970;1431;774;657;388
4399;Totaal over alle leeftijden;Totaal bevolking;Enkhuizen;2025;16585;13520;1627;635;992;1438;777;661;388
4400;Totaal over alle leeftijden;Totaal bevolking;Enschede;2006;153112;113208;18537;7054;11483;21367;12445;8922;153
4401;Totaal over alle leeftijden;Totaal bevolking;Enschede;2007;154004;114071;18371;6861;11510;21562;12257;9305;153
4402;Totaal over alle leeftijden;Totaal bevolking;Enschede;2008;154983;114984;18221;6733;11488;21778;12120;9658;153
4403;Totaal over alle leeftijden;Totaal bevolking;Enschede;2009;155969;115848;18070;6654;11416;22051;12025;10026;153
4404;Totaal over alle leeftijden;Totaal bevolking;Enschede;2010;156973;116698;17935;6586;11349;22340;11953;10387;153
4405;Totaal over alle leeftijden;Totaal bevolking;Enschede;2011;157983;117442;17871;6520;11351;22670;11925;10745;153
4406;Totaal over alle leeftijden;Totaal bevolking;Enschede;2012;159014;118181;17807;6499;11308;23026;11926;11100;153
4407;Totaal over alle leeftijden;Totaal bevolking;Enschede;2013;160053;118946;17761;6479;11282;23346;11898;11448;153
4408;Totaal over alle leeftijden;Totaal bevolking;Enschede;2014;161057;119758;17662;6428;11234;23637;11870;11767;153
4409;Totaal over alle leeftijden;Totaal bevolking;Enschede;2015;162014;120506;17574;6368;11206;23934;11875;12059;153
4410;Totaal over alle leeftijden;Totaal bevolking;Enschede;2016;162985;121269;17459;6291;11168;24257;11925;12332;153
4411;Totaal over alle leeftijden;Totaal bevolking;Enschede;2017;163875;122084;17267;6239;11028;24524;11935;12589;153
4412;Totaal over alle leeftijden;Totaal bevolking;Enschede;2018;164798;122814;17182;6193;10989;24802;11908;12894;153
4413;Totaal over alle leeftijden;Totaal bevolking;Enschede;2019;165707;123630;17063;6127;10936;25014;11879;13135;153
4414;Totaal over alle leeftijden;Totaal bevolking;Enschede;2020;166593;124361;16930;6079;10851;25302;11885;13417;153
4415;Totaal over alle leeftijden;Totaal bevolking;Enschede;2021;167430;125037;16820;6008;10812;25573;11914;13659;153
4416;Totaal over alle leeftijden;Totaal bevolking;Enschede;2022;168243;125758;16684;5937;10747;25801;11941;13860;153
4417;Totaal over alle leeftijden;Totaal bevolking;Enschede;2023;169026;126366;16498;5836;10662;26162;12031;14131;153
4418;Totaal over alle leeftijden;Totaal bevolking;Enschede;2024;169759;126875;16353;5750;10603;26531;12157;14374;153
4419;Totaal over alle leeftijden;Totaal bevolking;Enschede;2025;170479;127387;16215;5683;10532;26877;12276;14601;153
4420;Totaal over alle leeftijden;Totaal bevolking;Epe;2006;33276;29561;2142;796;1346;1573;898;675;232
4421;Totaal over alle leeftijden;Totaal bevolking;Epe;2007;33291;29515;2166;811;1355;1610;920;690;232
4422;Totaal over alle leeftijden;Totaal bevolking;Epe;2008;33251;29426;2163;815;1348;1662;949;713;232
4423;Totaal over alle leeftijden;Totaal bevolking;Epe;2009;33196;29358;2166;805;1361;1672;957;715;232
4424;Totaal over alle leeftijden;Totaal bevolking;Epe;2010;33143;29263;2185;814;1371;1695;976;719;232
4425;Totaal over alle leeftijden;Totaal bevolking;Epe;2011;33085;29155;2209;836;1373;1721;992;729;232
4426;Totaal over alle leeftijden;Totaal bevolking;Epe;2012;33015;29049;2228;850;1378;1738;1010;728;232
4427;Totaal over alle leeftijden;Totaal bevolking;Epe;2013;32969;28950;2244;863;1381;1775;1037;738;232
4428;Totaal over alle leeftijden;Totaal bevolking;Epe;2014;32913;28855;2260;886;1374;1798;1049;749;232
4429;Totaal over alle leeftijden;Totaal bevolking;Epe;2015;32866;28728;2294;903;1391;1844;1082;762;232
4430;Totaal over alle leeftijden;Totaal bevolking;Epe;2016;32806;28632;2316;912;1404;1858;1086;772;232
4431;Totaal over alle leeftijden;Totaal bevolking;Epe;2017;32745;28532;2344;927;1417;1869;1087;782;232
4432;Totaal over alle leeftijden;Totaal bevolking;Epe;2018;32699;28434;2370;958;1412;1895;1100;795;232
4433;Totaal over alle leeftijden;Totaal bevolking;Epe;2019;32650;28349;2381;968;1413;1920;1119;801;232
4434;Totaal over alle leeftijden;Totaal bevolking;Epe;2020;32597;28260;2393;975;1418;1944;1144;800;232
4435;Totaal over alle leeftijden;Totaal bevolking;Epe;2021;32552;28180;2397;970;1427;1975;1152;823;232
4436;Totaal over alle leeftijden;Totaal bevolking;Epe;2022;32506;28115;2395;978;1417;1996;1178;818;232
4437;Totaal over alle leeftijden;Totaal bevolking;Epe;2023;32461;28014;2416;987;1429;2031;1196;835;232
4438;Totaal over alle leeftijden;Totaal bevolking;Epe;2024;32417;27943;2417;990;1427;2057;1213;844;232
4439;Totaal over alle leeftijden;Totaal bevolking;Epe;2025;32369;27840;2435;1006;1429;2094;1231;863;232
4440;Totaal over alle leeftijden;Totaal bevolking;Ermelo;2006;26355;23955;1468;505;963;932;539;393;233
4441;Totaal over alle leeftijden;Totaal bevolking;Ermelo;2007;26208;23796;1463;504;959;949;545;404;233
4442;Totaal over alle leeftijden;Totaal bevolking;Ermelo;2008;26066;23654;1457;496;961;955;539;416;233
4443;Totaal over alle leeftijden;Totaal bevolking;Ermelo;2009;25920;23452;1468;505;963;1000;572;428;233
4444;Totaal over alle leeftijden;Totaal bevolking;Ermelo;2010;25765;23243;1475;517;958;1047;610;437;233
4445;Totaal over alle leeftijden;Totaal bevolking;Ermelo;2011;25610;23032;1508;524;984;1070;623;447;233
4446;Totaal over alle leeftijden;Totaal bevolking;Ermelo;2012;25468;22842;1511;522;989;1115;651;464;233
4447;Totaal over alle leeftijden;Totaal bevolking;Ermelo;2013;25309;22680;1491;502;989;1138;663;475;233
4448;Totaal over alle leeftijden;Totaal bevolking;Ermelo;2014;25166;22471;1513;509;1004;1182;679;503;233
4449;Totaal over alle leeftijden;Totaal bevolking;Ermelo;2015;25018;22284;1531;509;1022;1203;684;519;233
4450;Totaal over alle leeftijden;Totaal bevolking;Ermelo;2016;24874;22131;1528;510;1018;1215;697;518;233
4451;Totaal over alle leeftijden;Totaal bevolking;Ermelo;2017;24722;21961;1543;517;1026;1218;703;515;233
4452;Totaal over alle leeftijden;Totaal bevolking;Ermelo;2018;24582;21786;1568;541;1027;1228;706;522;233
4453;Totaal over alle leeftijden;Totaal bevolking;Ermelo;2019;24440;21601;1580;559;1021;1259;709;550;233
4454;Totaal over alle leeftijden;Totaal bevolking;Ermelo;2020;24339;21465;1558;555;1003;1316;739;577;233
4455;Totaal over alle leeftijden;Totaal bevolking;Ermelo;2021;24230;21315;1569;576;993;1346;746;600;233
4456;Totaal over alle leeftijden;Totaal bevolking;Ermelo;2022;24116;21165;1600;581;1019;1351;762;589;233
4457;Totaal over alle leeftijden;Totaal bevolking;Ermelo;2023;24016;21002;1631;601;1030;1383;791;592;233
4458;Totaal over alle leeftijden;Totaal bevolking;Ermelo;2024;23926;20876;1636;608;1028;1414;809;605;233
4459;Totaal over alle leeftijden;Totaal bevolking;Ermelo;2025;23835;20725;1658;620;1038;1452;828;624;233
4460;Totaal over alle leeftijden;Totaal bevolking;Etten-Leur;2006;39555;32910;3275;1342;1933;3370;2034;1336;777
4461;Totaal over alle leeftijden;Totaal bevolking;Etten-Leur;2007;40054;33253;3347;1379;1968;3454;2068;1386;777
4462;Totaal over alle leeftijden;Totaal bevolking;Etten-Leur;2008;40703;33708;3442;1413;2029;3553;2095;1458;777
4463;Totaal over alle leeftijden;Totaal bevolking;Etten-Leur;2009;41263;34079;3519;1465;2054;3665;2145;1520;777
4464;Totaal over alle leeftijden;Totaal bevolking;Etten-Leur;2010;41929;34502;3638;1550;2088;3789;2217;1572;777
4465;Totaal over alle leeftijden;Totaal bevolking;Etten-Leur;2011;42596;34953;3741;1612;2129;3902;2268;1634;777
4466;Totaal over alle leeftijden;Totaal bevolking;Etten-Leur;2012;43258;35362;3878;1700;2178;4018;2326;1692;777
4467;Totaal over alle leeftijden;Totaal bevolking;Etten-Leur;2013;43916;35776;3993;1799;2194;4147;2394;1753;777
4468;Totaal over alle leeftijden;Totaal bevolking;Etten-Leur;2014;44558;36184;4085;1862;2223;4289;2490;1799;777
4469;Totaal over alle leeftijden;Totaal bevolking;Etten-Leur;2015;45163;36551;4217;1966;2251;4395;2547;1848;777
4470;Totaal over alle leeftijden;Totaal bevolking;Etten-Leur;2016;45779;36889;4328;2045;2283;4562;2656;1906;777
4471;Totaal over alle leeftijden;Totaal bevolking;Etten-Leur;2017;46367;37208;4438;2122;2316;4721;2752;1969;777
4472;Totaal over alle leeftijden;Totaal bevolking;Etten-Leur;2018;46911;37529;4509;2182;2327;4873;2842;2031;777
4473;Totaal over alle leeftijden;Totaal bevolking;Etten-Leur;2019;47446;37848;4627;2279;2348;4971;2894;2077;777
4474;Totaal over alle leeftijden;Totaal bevolking;Etten-Leur;2020;47970;38155;4713;2322;2391;5102;2961;2141;777
4475;Totaal over alle leeftijden;Totaal bevolking;Etten-Leur;2021;48459;38410;4818;2418;2400;5231;3028;2203;777
4476;Totaal over alle leeftijden;Totaal bevolking;Etten-Leur;2022;48941;38618;4936;2499;2437;5387;3109;2278;777
4477;Totaal over alle leeftijden;Totaal bevolking;Etten-Leur;2023;49389;38812;5021;2554;2467;5556;3203;2353;777
4478;Totaal over alle leeftijden;Totaal bevolking;Etten-Leur;2024;49798;39022;5108;2615;2493;5668;3254;2414;777
4479;Totaal over alle leeftijden;Totaal bevolking;Etten-Leur;2025;50180;39158;5217;2688;2529;5805;3331;2474;777
4480;Totaal over alle leeftijden;Totaal bevolking;Ferwerderadiel;2006;9089;8570;332;118;214;187;109;78;1722
4481;Totaal over alle leeftijden;Totaal bevolking;Ferwerderadiel;2007;9101;8549;342;127;215;210;125;85;1722
4482;Totaal over alle leeftijden;Totaal bevolking;Ferwerderadiel;2008;9102;8512;355;135;220;235;143;92;1722
4483;Totaal over alle leeftijden;Totaal bevolking;Ferwerderadiel;2009;9101;8469;380;143;237;252;155;97;1722
4484;Totaal over alle leeftijden;Totaal bevolking;Ferwerderadiel;2010;9101;8437;399;153;246;265;162;103;1722
4485;Totaal over alle leeftijden;Totaal bevolking;Ferwerderadiel;2011;9097;8395;423;162;261;279;177;102;1722
4486;Totaal over alle leeftijden;Totaal bevolking;Ferwerderadiel;2012;9091;8353;443;174;269;295;190;105;1722
4487;Totaal over alle leeftijden;Totaal bevolking;Ferwerderadiel;2013;9093;8318;456;181;275;319;209;110;1722
4488;Totaal over alle leeftijden;Totaal bevolking;Ferwerderadiel;2014;9094;8294;475;186;289;325;212;113;1722
4489;Totaal over alle leeftijden;Totaal bevolking;Ferwerderadiel;2015;9097;8254;502;202;300;341;223;118;1722
4490;Totaal over alle leeftijden;Totaal bevolking;Ferwerderadiel;2016;9100;8222;525;221;304;353;226;127;1722
4491;Totaal over alle leeftijden;Totaal bevolking;Ferwerderadiel;2017;9096;8180;551;228;323;365;234;131;1722
4492;Totaal over alle leeftijden;Totaal bevolking;Ferwerderadiel;2018;9091;8147;566;236;330;378;239;139;1722
4493;Totaal over alle leeftijden;Totaal bevolking;Ferwerderadiel;2019;9085;8105;593;244;349;387;252;135;1722
4494;Totaal over alle leeftijden;Totaal bevolking;Ferwerderadiel;2020;9073;8086;594;244;350;393;250;143;1722
4495;Totaal over alle leeftijden;Totaal bevolking;Ferwerderadiel;2021;9070;8053;610;252;358;407;262;145;1722
4496;Totaal over alle leeftijden;Totaal bevolking;Ferwerderadiel;2022;9060;8019;617;260;357;424;273;151;1722
4497;Totaal over alle leeftijden;Totaal bevolking;Ferwerderadiel;2023;9051;7980;632;281;351;439;291;148;1722
4498;Totaal over alle leeftijden;Totaal bevolking;Ferwerderadiel;2024;9049;7945;644;288;356;460;303;157;1722
4499;Totaal over alle leeftijden;Totaal bevolking;Ferwerderadiel;2025;9044;7913;679;306;373;452;296;156;1722
4500;Totaal over alle leeftijden;Totaal bevolking;Franekeradeel;2006;21058;19135;1077;399;678;846;618;228;70
4501;Totaal over alle leeftijden;Totaal bevolking;Franekeradeel;2007;21060;19105;1112;415;697;843;606;237;70
4502;Totaal over alle leeftijden;Totaal bevolking;Franekeradeel;2008;21024;19046;1133;433;700;845;603;242;70
4503;Totaal over alle leeftijden;Totaal bevolking;Franekeradeel;2009;20989;18983;1159;444;715;847;595;252;70
4504;Totaal over alle leeftijden;Totaal bevolking;Franekeradeel;2010;20948;18917;1170;451;719;861;600;261;70
4505;Totaal over alle leeftijden;Totaal bevolking;Franekeradeel;2011;20897;18864;1186;455;731;847;582;265;70
4506;Totaal over alle leeftijden;Totaal bevolking;Franekeradeel;2012;20857;18800;1200;459;741;857;574;283;70
4507;Totaal over alle leeftijden;Totaal bevolking;Franekeradeel;2013;20812;18755;1232;480;752;825;548;277;70
4508;Totaal over alle leeftijden;Totaal bevolking;Franekeradeel;2014;20765;18687;1259;503;756;819;544;275;70
4509;Totaal over alle leeftijden;Totaal bevolking;Franekeradeel;2015;20733;18626;1274;514;760;833;549;284;70
4510;Totaal over alle leeftijden;Totaal bevolking;Franekeradeel;2016;20706;18578;1297;538;759;831;543;288;70
4511;Totaal over alle leeftijden;Totaal bevolking;Franekeradeel;2017;20668;18522;1301;541;760;845;556;289;70
4512;Totaal over alle leeftijden;Totaal bevolking;Franekeradeel;2018;20635;18448;1324;556;768;863;574;289;70
4513;Totaal over alle leeftijden;Totaal bevolking;Franekeradeel;2019;20596;18390;1310;558;752;896;601;295;70
4514;Totaal over alle leeftijden;Totaal bevolking;Franekeradeel;2020;20569;18332;1323;564;759;914;615;299;70
4515;Totaal over alle leeftijden;Totaal bevolking;Franekeradeel;2021;20548;18273;1335;573;762;940;632;308;70
4516;Totaal over alle leeftijden;Totaal bevolking;Franekeradeel;2022;20520;18202;1360;588;772;958;645;313;70
4517;Totaal over alle leeftijden;Totaal bevolking;Franekeradeel;2023;20497;18128;1378;601;777;991;658;333;70
4518;Totaal over alle leeftijden;Totaal bevolking;Franekeradeel;2024;20473;18075;1385;608;777;1013;664;349;70
4519;Totaal over alle leeftijden;Totaal bevolking;Franekeradeel;2025;20465;18045;1393;618;775;1027;667;360;70
4520;Totaal over alle leeftijden;Totaal bevolking;Gaasterlân-Sleat;2006;10255;9749;379;134;245;127;75;52;653
4521;Totaal over alle leeftijden;Totaal bevolking;Gaasterlân-Sleat;2007;10265;9722;386;143;243;157;99;58;653
4522;Totaal over alle leeftijden;Totaal bevolking;Gaasterlân-Sleat;2008;10255;9689;394;146;248;172;116;56;653
4523;Totaal over alle leeftijden;Totaal bevolking;Gaasterlân-Sleat;2009;10255;9654;406;148;258;195;132;63;653
4524;Totaal over alle leeftijden;Totaal bevolking;Gaasterlân-Sleat;2010;10243;9614;416;152;264;213;146;67;653
4525;Totaal over alle leeftijden;Totaal bevolking;Gaasterlân-Sleat;2011;10241;9582;427;163;264;232;147;85;653
4526;Totaal over alle leeftijden;Totaal bevolking;Gaasterlân-Sleat;2012;10236;9556;440;171;269;240;154;86;653
4527;Totaal over alle leeftijden;Totaal bevolking;Gaasterlân-Sleat;2013;10225;9522;451;178;273;252;168;84;653
4528;Totaal over alle leeftijden;Totaal bevolking;Gaasterlân-Sleat;2014;10227;9505;456;187;269;266;176;90;653
4529;Totaal over alle leeftijden;Totaal bevolking;Gaasterlân-Sleat;2015;10215;9464;469;206;263;282;184;98;653
4530;Totaal over alle leeftijden;Totaal bevolking;Gaasterlân-Sleat;2016;10208;9429;485;212;273;294;191;103;653
4531;Totaal over alle leeftijden;Totaal bevolking;Gaasterlân-Sleat;2017;10203;9390;497;219;278;316;204;112;653
4532;Totaal over alle leeftijden;Totaal bevolking;Gaasterlân-Sleat;2018;10194;9345;519;233;286;330;212;118;653
4533;Totaal over alle leeftijden;Totaal bevolking;Gaasterlân-Sleat;2019;10198;9340;534;244;290;324;200;124;653
4534;Totaal over alle leeftijden;Totaal bevolking;Gaasterlân-Sleat;2020;10188;9293;547;252;295;348;211;137;653
4535;Totaal over alle leeftijden;Totaal bevolking;Gaasterlân-Sleat;2021;10178;9250;574;262;312;354;211;143;653
4536;Totaal over alle leeftijden;Totaal bevolking;Gaasterlân-Sleat;2022;10172;9212;590;275;315;370;214;156;653
4537;Totaal over alle leeftijden;Totaal bevolking;Gaasterlân-Sleat;2023;10164;9169;604;287;317;391;224;167;653
4538;Totaal over alle leeftijden;Totaal bevolking;Gaasterlân-Sleat;2024;10159;9107;620;296;324;432;253;179;653
4539;Totaal over alle leeftijden;Totaal bevolking;Gaasterlân-Sleat;2025;10156;9070;642;313;329;444;254;190;653
4540;Totaal over alle leeftijden;Totaal bevolking;Geertruidenberg;2006;20802;19041;1237;438;799;524;322;202;779
4541;Totaal over alle leeftijden;Totaal bevolking;Geertruidenberg;2007;20828;19030;1270;437;833;528;326;202;779
4542;Totaal over alle leeftijden;Totaal bevolking;Geertruidenberg;2008;20809;18988;1271;433;838;550;335;215;779
4543;Totaal over alle leeftijden;Totaal bevolking;Geertruidenberg;2009;20789;18955;1270;431;839;564;343;221;779
4544;Totaal over alle leeftijden;Totaal bevolking;Geertruidenberg;2010;20767;18905;1278;431;847;584;353;231;779
4545;Totaal over alle leeftijden;Totaal bevolking;Geertruidenberg;2011;20738;18831;1300;438;862;607;366;241;779
4546;Totaal over alle leeftijden;Totaal bevolking;Geertruidenberg;2012;20711;18767;1319;456;863;625;381;244;779
4547;Totaal over alle leeftijden;Totaal bevolking;Geertruidenberg;2013;20695;18713;1338;468;870;644;390;254;779
4548;Totaal over alle leeftijden;Totaal bevolking;Geertruidenberg;2014;20656;18654;1347;475;872;655;399;256;779
4549;Totaal over alle leeftijden;Totaal bevolking;Geertruidenberg;2015;20620;18570;1364;478;886;686;422;264;779
4550;Totaal over alle leeftijden;Totaal bevolking;Geertruidenberg;2016;20590;18501;1393;486;907;696;425;271;779
4551;Totaal over alle leeftijden;Totaal bevolking;Geertruidenberg;2017;20560;18438;1404;491;913;718;444;274;779
4552;Totaal over alle leeftijden;Totaal bevolking;Geertruidenberg;2018;20534;18376;1428;504;924;730;448;282;779
4553;Totaal over alle leeftijden;Totaal bevolking;Geertruidenberg;2019;20505;18310;1440;510;930;755;465;290;779
4554;Totaal over alle leeftijden;Totaal bevolking;Geertruidenberg;2020;20472;18235;1452;516;936;785;487;298;779
4555;Totaal over alle leeftijden;Totaal bevolking;Geertruidenberg;2021;20439;18182;1450;518;932;807;495;312;779
4556;Totaal over alle leeftijden;Totaal bevolking;Geertruidenberg;2022;20405;18119;1466;526;940;820;499;321;779
4557;Totaal over alle leeftijden;Totaal bevolking;Geertruidenberg;2023;20385;18075;1470;528;942;840;513;327;779
4558;Totaal over alle leeftijden;Totaal bevolking;Geertruidenberg;2024;20373;18007;1487;529;958;879;537;342;779
4559;Totaal over alle leeftijden;Totaal bevolking;Geertruidenberg;2025;20334;17950;1492;538;954;892;539;353;779
4560;Totaal over alle leeftijden;Totaal bevolking;Geldermalsen;2006;26539;24470;1250;394;856;819;503;316;236
4561;Totaal over alle leeftijden;Totaal bevolking;Geldermalsen;2007;26735;24601;1276;404;872;858;531;327;236
4562;Totaal over alle leeftijden;Totaal bevolking;Geldermalsen;2008;26841;24652;1307;403;904;882;544;338;236
4563;Totaal over alle leeftijden;Totaal bevolking;Geldermalsen;2009;26947;24685;1339;406;933;923;568;355;236
4564;Totaal over alle leeftijden;Totaal bevolking;Geldermalsen;2010;27030;24698;1373;409;964;959;584;375;236
4565;Totaal over alle leeftijden;Totaal bevolking;Geldermalsen;2011;27126;24710;1415;419;996;1001;609;392;236
4566;Totaal over alle leeftijden;Totaal bevolking;Geldermalsen;2012;27206;24707;1456;430;1026;1043;637;406;236
4567;Totaal over alle leeftijden;Totaal bevolking;Geldermalsen;2013;27282;24733;1482;435;1047;1067;649;418;236
4568;Totaal over alle leeftijden;Totaal bevolking;Geldermalsen;2014;27371;24752;1510;451;1059;1109;667;442;236
4569;Totaal over alle leeftijden;Totaal bevolking;Geldermalsen;2015;27454;24761;1545;477;1068;1148;683;465;236
4570;Totaal over alle leeftijden;Totaal bevolking;Geldermalsen;2016;27521;24784;1558;475;1083;1179;700;479;236
4571;Totaal over alle leeftijden;Totaal bevolking;Geldermalsen;2017;27593;24771;1603;492;1111;1219;727;492;236
4572;Totaal over alle leeftijden;Totaal bevolking;Geldermalsen;2018;27659;24757;1646;518;1128;1256;752;504;236
4573;Totaal over alle leeftijden;Totaal bevolking;Geldermalsen;2019;27712;24718;1681;535;1146;1313;803;510;236
4574;Totaal over alle leeftijden;Totaal bevolking;Geldermalsen;2020;27755;24717;1708;552;1156;1330;811;519;236
4575;Totaal over alle leeftijden;Totaal bevolking;Geldermalsen;2021;27803;24694;1742;554;1188;1367;837;530;236
4576;Totaal over alle leeftijden;Totaal bevolking;Geldermalsen;2022;27843;24687;1775;561;1214;1381;839;542;236
4577;Totaal over alle leeftijden;Totaal bevolking;Geldermalsen;2023;27878;24664;1794;570;1224;1420;871;549;236
4578;Totaal over alle leeftijden;Totaal bevolking;Geldermalsen;2024;27907;24661;1797;570;1227;1449;882;567;236
4579;Totaal over alle leeftijden;Totaal bevolking;Geldermalsen;2025;27933;24636;1831;585;1246;1466;880;586;236
4580;Totaal over alle leeftijden;Totaal bevolking;Geldrop-Mierlo;2006;37288;32025;3234;1131;2103;2029;1152;877;1771
4581;Totaal over alle leeftijden;Totaal bevolking;Geldrop-Mierlo;2007;37147;31837;3252;1123;2129;2058;1171;887;1771
4582;Totaal over alle leeftijden;Totaal bevolking;Geldrop-Mierlo;2008;37017;31669;3286;1126;2160;2062;1158;904;1771
4583;Totaal over alle leeftijden;Totaal bevolking;Geldrop-Mierlo;2009;36888;31528;3286;1125;2161;2074;1143;931;1771
4584;Totaal over alle leeftijden;Totaal bevolking;Geldrop-Mierlo;2010;36744;31348;3312;1149;2163;2084;1151;933;1771
4585;Totaal over alle leeftijden;Totaal bevolking;Geldrop-Mierlo;2011;36588;31215;3292;1132;2160;2081;1146;935;1771
4586;Totaal over alle leeftijden;Totaal bevolking;Geldrop-Mierlo;2012;36428;31059;3289;1142;2147;2080;1143;937;1771
4587;Totaal over alle leeftijden;Totaal bevolking;Geldrop-Mierlo;2013;36243;30892;3285;1126;2159;2066;1123;943;1771
4588;Totaal over alle leeftijden;Totaal bevolking;Geldrop-Mierlo;2014;36103;30715;3288;1128;2160;2100;1132;968;1771
4589;Totaal over alle leeftijden;Totaal bevolking;Geldrop-Mierlo;2015;35941;30534;3290;1120;2170;2117;1131;986;1771
4590;Totaal over alle leeftijden;Totaal bevolking;Geldrop-Mierlo;2016;35769;30325;3324;1128;2196;2120;1125;995;1771
4591;Totaal over alle leeftijden;Totaal bevolking;Geldrop-Mierlo;2017;35613;30162;3312;1120;2192;2139;1130;1009;1771
4592;Totaal over alle leeftijden;Totaal bevolking;Geldrop-Mierlo;2018;35462;29973;3342;1133;2209;2147;1131;1016;1771
4593;Totaal over alle leeftijden;Totaal bevolking;Geldrop-Mierlo;2019;35317;29822;3345;1146;2199;2150;1124;1026;1771
4594;Totaal over alle leeftijden;Totaal bevolking;Geldrop-Mierlo;2020;35151;29648;3331;1129;2202;2172;1130;1042;1771
4595;Totaal over alle leeftijden;Totaal bevolking;Geldrop-Mierlo;2021;34991;29467;3322;1124;2198;2202;1148;1054;1771
4596;Totaal over alle leeftijden;Totaal bevolking;Geldrop-Mierlo;2022;34842;29323;3310;1120;2190;2209;1139;1070;1771
4597;Totaal over alle leeftijden;Totaal bevolking;Geldrop-Mierlo;2023;34682;29183;3305;1120;2185;2194;1120;1074;1771
4598;Totaal over alle leeftijden;Totaal bevolking;Geldrop-Mierlo;2024;34535;29030;3315;1129;2186;2190;1130;1060;1771
4599;Totaal over alle leeftijden;Totaal bevolking;Geldrop-Mierlo;2025;34396;28881;3292;1131;2161;2223;1135;1088;1771
4600;Totaal over alle leeftijden;Totaal bevolking;Gemert-Bakel;2006;27733;25613;1641;650;991;479;307;172;1652
4601;Totaal over alle leeftijden;Totaal bevolking;Gemert-Bakel;2007;27808;25637;1670;665;1005;501;326;175;1652
4602;Totaal over alle leeftijden;Totaal bevolking;Gemert-Bakel;2008;27881;25660;1703;669;1034;518;339;179;1652
4603;Totaal over alle leeftijden;Totaal bevolking;Gemert-Bakel;2009;27950;25698;1725;678;1047;527;346;181;1652
4604;Totaal over alle leeftijden;Totaal bevolking;Gemert-Bakel;2010;27998;25719;1728;679;1049;551;358;193;1652
4605;Totaal over alle leeftijden;Totaal bevolking;Gemert-Bakel;2011;28055;25742;1738;686;1052;575;377;198;1652
4606;Totaal over alle leeftijden;Totaal bevolking;Gemert-Bakel;2012;28103;25733;1775;689;1086;595;380;215;1652
4607;Totaal over alle leeftijden;Totaal bevolking;Gemert-Bakel;2013;28133;25748;1769;680;1089;616;392;224;1652
4608;Totaal over alle leeftijden;Totaal bevolking;Gemert-Bakel;2014;28164;25745;1806;700;1106;613;390;223;1652
4609;Totaal over alle leeftijden;Totaal bevolking;Gemert-Bakel;2015;28203;25737;1836;706;1130;630;402;228;1652
4610;Totaal over alle leeftijden;Totaal bevolking;Gemert-Bakel;2016;28233;25752;1831;717;1114;650;414;236;1652
4611;Totaal over alle leeftijden;Totaal bevolking;Gemert-Bakel;2017;28262;25736;1852;719;1133;674;426;248;1652
4612;Totaal over alle leeftijden;Totaal bevolking;Gemert-Bakel;2018;28273;25732;1868;726;1142;673;427;246;1652
4613;Totaal over alle leeftijden;Totaal bevolking;Gemert-Bakel;2019;28283;25732;1872;717;1155;679;421;258;1652
4614;Totaal over alle leeftijden;Totaal bevolking;Gemert-Bakel;2020;28305;25713;1888;720;1168;704;443;261;1652
4615;Totaal over alle leeftijden;Totaal bevolking;Gemert-Bakel;2021;28320;25703;1890;718;1172;727;456;271;1652
4616;Totaal over alle leeftijden;Totaal bevolking;Gemert-Bakel;2022;28327;25695;1892;714;1178;740;470;270;1652
4617;Totaal over alle leeftijden;Totaal bevolking;Gemert-Bakel;2023;28333;25683;1900;716;1184;750;475;275;1652
4618;Totaal over alle leeftijden;Totaal bevolking;Gemert-Bakel;2024;28343;25658;1917;732;1185;768;487;281;1652
4619;Totaal over alle leeftijden;Totaal bevolking;Gemert-Bakel;2025;28354;25643;1918;743;1175;793;502;291;1652
4620;Totaal over alle leeftijden;Totaal bevolking;Gennep;2006;16968;14462;1833;542;1291;673;405;268;907
4621;Totaal over alle leeftijden;Totaal bevolking;Gennep;2007;17010;14514;1815;540;1275;681;409;272;907
4622;Totaal over alle leeftijden;Totaal bevolking;Gennep;2008;17005;14517;1809;525;1284;679;417;262;907
4623;Totaal over alle leeftijden;Totaal bevolking;Gennep;2009;17010;14525;1816;520;1296;669;404;265;907
4624;Totaal over alle leeftijden;Totaal bevolking;Gennep;2010;17002;14521;1817;525;1292;664;397;267;907
4625;Totaal over alle leeftijden;Totaal bevolking;Gennep;2011;17001;14507;1813;526;1287;681;409;272;907
4626;Totaal over alle leeftijden;Totaal bevolking;Gennep;2012;16994;14479;1826;525;1301;689;413;276;907
4627;Totaal over alle leeftijden;Totaal bevolking;Gennep;2013;16977;14435;1833;543;1290;709;421;288;907
4628;Totaal over alle leeftijden;Totaal bevolking;Gennep;2014;16966;14424;1826;541;1285;716;416;300;907
4629;Totaal over alle leeftijden;Totaal bevolking;Gennep;2015;16958;14395;1826;552;1274;737;425;312;907
4630;Totaal over alle leeftijden;Totaal bevolking;Gennep;2016;16938;14375;1821;556;1265;742;423;319;907
4631;Totaal over alle leeftijden;Totaal bevolking;Gennep;2017;16921;14332;1833;560;1273;756;424;332;907
4632;Totaal over alle leeftijden;Totaal bevolking;Gennep;2018;16924;14323;1844;578;1266;757;416;341;907
4633;Totaal over alle leeftijden;Totaal bevolking;Gennep;2019;16916;14303;1844;578;1266;769;419;350;907
4634;Totaal over alle leeftijden;Totaal bevolking;Gennep;2020;16887;14268;1847;581;1266;772;411;361;907
4635;Totaal over alle leeftijden;Totaal bevolking;Gennep;2021;16877;14255;1839;580;1259;783;417;366;907
4636;Totaal over alle leeftijden;Totaal bevolking;Gennep;2022;16860;14213;1838;579;1259;809;434;375;907
4637;Totaal over alle leeftijden;Totaal bevolking;Gennep;2023;16839;14171;1830;595;1235;838;437;401;907
4638;Totaal over alle leeftijden;Totaal bevolking;Gennep;2024;16820;14157;1827;604;1223;836;427;409;907
4639;Totaal over alle leeftijden;Totaal bevolking;Gennep;2025;16788;14125;1826;613;1213;837;431;406;907
4640;Totaal over alle leeftijden;Totaal bevolking;Giessenlanden;2006;14341;13422;649;228;421;270;163;107;689
4641;Totaal over alle leeftijden;Totaal bevolking;Giessenlanden;2007;14324;13342;683;225;458;299;180;119;689
4642;Totaal over alle leeftijden;Totaal bevolking;Giessenlanden;2008;14284;13240;711;238;473;333;193;140;689
4643;Totaal over alle leeftijden;Totaal bevolking;Giessenlanden;2009;14243;13134;742;247;495;367;210;157;689
4644;Totaal over alle leeftijden;Totaal bevolking;Giessenlanden;2010;14205;13030;786;265;521;389;218;171;689
4645;Totaal over alle leeftijden;Totaal bevolking;Giessenlanden;2011;14169;12940;808;275;533;421;237;184;689
4646;Totaal over alle leeftijden;Totaal bevolking;Giessenlanden;2012;14122;12826;845;291;554;451;245;206;689
4647;Totaal over alle leeftijden;Totaal bevolking;Giessenlanden;2013;14077;12735;868;300;568;474;254;220;689
4648;Totaal over alle leeftijden;Totaal bevolking;Giessenlanden;2014;14043;12621;904;311;593;518;276;242;689
4649;Totaal over alle leeftijden;Totaal bevolking;Giessenlanden;2015;13984;12508;927;321;606;549;286;263;689
4650;Totaal over alle leeftijden;Totaal bevolking;Giessenlanden;2016;13946;12409;949;326;623;588;313;275;689
4651;Totaal over alle leeftijden;Totaal bevolking;Giessenlanden;2017;13894;12286;976;340;636;632;334;298;689
4652;Totaal over alle leeftijden;Totaal bevolking;Giessenlanden;2018;13848;12182;999;353;646;667;350;317;689
4653;Totaal over alle leeftijden;Totaal bevolking;Giessenlanden;2019;13808;12080;1017;363;654;711;364;347;689
4654;Totaal over alle leeftijden;Totaal bevolking;Giessenlanden;2020;13767;11972;1048;382;666;747;383;364;689
4655;Totaal over alle leeftijden;Totaal bevolking;Giessenlanden;2021;13714;11864;1062;395;667;788;397;391;689
4656;Totaal over alle leeftijden;Totaal bevolking;Giessenlanden;2022;13650;11739;1093;408;685;818;406;412;689
4657;Totaal over alle leeftijden;Totaal bevolking;Giessenlanden;2023;13606;11656;1102;420;682;848;421;427;689
4658;Totaal over alle leeftijden;Totaal bevolking;Giessenlanden;2024;13555;11549;1137;433;704;869;431;438;689
4659;Totaal over alle leeftijden;Totaal bevolking;Giessenlanden;2025;13493;11436;1157;444;713;900;445;455;689
4660;Totaal over alle leeftijden;Totaal bevolking;Gilze en Rijen;2006;25119;21754;1802;628;1174;1563;873;690;784
4661;Totaal over alle leeftijden;Totaal bevolking;Gilze en Rijen;2007;25144;21690;1845;672;1173;1609;910;699;784
4662;Totaal over alle leeftijden;Totaal bevolking;Gilze en Rijen;2008;25208;21629;1915;712;1203;1664;952;712;784
4663;Totaal over alle leeftijden;Totaal bevolking;Gilze en Rijen;2009;25248;21571;1965;768;1197;1712;980;732;784
4664;Totaal over alle leeftijden;Totaal bevolking;Gilze en Rijen;2010;25318;21501;2039;820;1219;1778;1037;741;784
4665;Totaal over alle leeftijden;Totaal bevolking;Gilze en Rijen;2011;25383;21440;2126;889;1237;1817;1069;748;784
4666;Totaal over alle leeftijden;Totaal bevolking;Gilze en Rijen;2012;25437;21335;2222;954;1268;1880;1116;764;784
4667;Totaal over alle leeftijden;Totaal bevolking;Gilze en Rijen;2013;25509;21237;2311;1031;1280;1961;1162;799;784
4668;Totaal over alle leeftijden;Totaal bevolking;Gilze en Rijen;2014;25580;21140;2425;1131;1294;2015;1204;811;784
4669;Totaal over alle leeftijden;Totaal bevolking;Gilze en Rijen;2015;25627;21074;2519;1214;1305;2034;1226;808;784
4670;Totaal over alle leeftijden;Totaal bevolking;Gilze en Rijen;2016;25675;21000;2579;1275;1304;2096;1275;821;784
4671;Totaal over alle leeftijden;Totaal bevolking;Gilze en Rijen;2017;25728;20905;2650;1348;1302;2173;1326;847;784
4672;Totaal over alle leeftijden;Totaal bevolking;Gilze en Rijen;2018;25772;20829;2711;1403;1308;2232;1381;851;784
4673;Totaal over alle leeftijden;Totaal bevolking;Gilze en Rijen;2019;25807;20726;2803;1472;1331;2278;1424;854;784
4674;Totaal over alle leeftijden;Totaal bevolking;Gilze en Rijen;2020;25850;20642;2853;1525;1328;2355;1484;871;784
4675;Totaal over alle leeftijden;Totaal bevolking;Gilze en Rijen;2021;25876;20547;2885;1566;1319;2444;1538;906;784
4676;Totaal over alle leeftijden;Totaal bevolking;Gilze en Rijen;2022;25912;20436;2941;1615;1326;2535;1619;916;784
4677;Totaal over alle leeftijden;Totaal bevolking;Gilze en Rijen;2023;25936;20335;2957;1639;1318;2644;1703;941;784
4678;Totaal over alle leeftijden;Totaal bevolking;Gilze en Rijen;2024;25974;20203;2997;1674;1323;2774;1808;966;784
4679;Totaal over alle leeftijden;Totaal bevolking;Gilze en Rijen;2025;26001;20102;3029;1694;1335;2870;1889;981;784
4680;Totaal over alle leeftijden;Totaal bevolking;Goedereede;2006;11617;11006;381;141;240;230;136;94;511
4681;Totaal over alle leeftijden;Totaal bevolking;Goedereede;2007;11637;10958;411;159;252;268;156;112;511
4682;Totaal over alle leeftijden;Totaal bevolking;Goedereede;2008;11650;10884;451;180;271;315;188;127;511
4683;Totaal over alle leeftijden;Totaal bevolking;Goedereede;2009;11652;10811;483;194;289;358;208;150;511
4684;Totaal over alle leeftijden;Totaal bevolking;Goedereede;2010;11660;10746;515;208;307;399;222;177;511
4685;Totaal over alle leeftijden;Totaal bevolking;Goedereede;2011;11669;10681;555;228;327;433;246;187;511
4686;Totaal over alle leeftijden;Totaal bevolking;Goedereede;2012;11663;10626;600;250;350;437;246;191;511
4687;Totaal over alle leeftijden;Totaal bevolking;Goedereede;2013;11662;10538;642;271;371;482;270;212;511
4688;Totaal over alle leeftijden;Totaal bevolking;Goedereede;2014;11654;10491;666;281;385;497;276;221;511
4689;Totaal over alle leeftijden;Totaal bevolking;Goedereede;2015;11656;10427;706;288;418;523;290;233;511
4690;Totaal over alle leeftijden;Totaal bevolking;Goedereede;2016;11657;10359;748;300;448;550;306;244;511
4691;Totaal over alle leeftijden;Totaal bevolking;Goedereede;2017;11663;10273;803;326;477;587;331;256;511
4692;Totaal over alle leeftijden;Totaal bevolking;Goedereede;2018;11661;10216;836;328;508;609;333;276;511
4693;Totaal over alle leeftijden;Totaal bevolking;Goedereede;2019;11658;10137;875;341;534;646;348;298;511
4694;Totaal over alle leeftijden;Totaal bevolking;Goedereede;2020;11644;10067;904;356;548;673;360;313;511
4695;Totaal over alle leeftijden;Totaal bevolking;Goedereede;2021;11636;10011;928;366;562;697;368;329;511
4696;Totaal over alle leeftijden;Totaal bevolking;Goedereede;2022;11631;9944;962;378;584;725;382;343;511
4697;Totaal over alle leeftijden;Totaal bevolking;Goedereede;2023;11612;9879;989;380;609;744;391;353;511
4698;Totaal over alle leeftijden;Totaal bevolking;Goedereede;2024;11603;9827;1021;387;634;755;399;356;511
4699;Totaal over alle leeftijden;Totaal bevolking;Goedereede;2025;11597;9773;1043;400;643;781;398;383;511
4700;Totaal over alle leeftijden;Totaal bevolking;Goes;2006;36561;31874;2593;1060;1533;2094;1245;849;664
4701;Totaal over alle leeftijden;Totaal bevolking;Goes;2007;36610;31883;2613;1059;1554;2114;1250;864;664
4702;Totaal over alle leeftijden;Totaal bevolking;Goes;2008;36676;31931;2619;1077;1542;2126;1263;863;664
4703;Totaal over alle leeftijden;Totaal bevolking;Goes;2009;36722;31952;2635;1081;1554;2135;1248;887;664
4704;Totaal over alle leeftijden;Totaal bevolking;Goes;2010;36797;31985;2643;1096;1547;2169;1265;904;664
4705;Totaal over alle leeftijden;Totaal bevolking;Goes;2011;36853;31992;2658;1118;1540;2203;1279;924;664
4706;Totaal over alle leeftijden;Totaal bevolking;Goes;2012;36917;32019;2684;1150;1534;2214;1289;925;664
4707;Totaal over alle leeftijden;Totaal bevolking;Goes;2013;36982;32016;2731;1187;1544;2235;1291;944;664
4708;Totaal over alle leeftijden;Totaal bevolking;Goes;2014;37053;32059;2744;1209;1535;2250;1269;981;664
4709;Totaal over alle leeftijden;Totaal bevolking;Goes;2015;37107;32117;2722;1196;1526;2268;1279;989;664
4710;Totaal over alle leeftijden;Totaal bevolking;Goes;2016;37174;32137;2734;1206;1528;2303;1299;1004;664
4711;Totaal over alle leeftijden;Totaal bevolking;Goes;2017;37242;32225;2714;1185;1529;2303;1303;1000;664
4712;Totaal over alle leeftijden;Totaal bevolking;Goes;2018;37344;32287;2720;1202;1518;2337;1318;1019;664
4713;Totaal over alle leeftijden;Totaal bevolking;Goes;2019;37424;32348;2729;1208;1521;2347;1308;1039;664
4714;Totaal over alle leeftijden;Totaal bevolking;Goes;2020;37545;32378;2757;1220;1537;2410;1364;1046;664
4715;Totaal over alle leeftijden;Totaal bevolking;Goes;2021;37658;32474;2761;1221;1540;2423;1366;1057;664
4716;Totaal over alle leeftijden;Totaal bevolking;Goes;2022;37777;32519;2779;1237;1542;2479;1397;1082;664
4717;Totaal over alle leeftijden;Totaal bevolking;Goes;2023;37893;32544;2811;1249;1562;2538;1430;1108;664
4718;Totaal over alle leeftijden;Totaal bevolking;Goes;2024;38015;32621;2835;1257;1578;2559;1441;1118;664
4719;Totaal over alle leeftijden;Totaal bevolking;Goes;2025;38142;32665;2887;1296;1591;2590;1464;1126;664
4720;Totaal over alle leeftijden;Totaal bevolking;Goirle;2006;22520;20102;1603;434;1169;815;445;370;785
4721;Totaal over alle leeftijden;Totaal bevolking;Goirle;2007;22539;20021;1642;436;1206;876;475;401;785
4722;Totaal over alle leeftijden;Totaal bevolking;Goirle;2008;22611;19978;1677;436;1241;956;510;446;785
4723;Totaal over alle leeftijden;Totaal bevolking;Goirle;2009;22652;19903;1721;447;1274;1028;534;494;785
4724;Totaal over alle leeftijden;Totaal bevolking;Goirle;2010;22714;19877;1748;445;1303;1089;539;550;785
4725;Totaal over alle leeftijden;Totaal bevolking;Goirle;2011;22782;19856;1774;440;1334;1152;559;593;785
4726;Totaal over alle leeftijden;Totaal bevolking;Goirle;2012;22846;19834;1788;439;1349;1224;580;644;785
4727;Totaal over alle leeftijden;Totaal bevolking;Goirle;2013;22899;19786;1808;443;1365;1305;604;701;785
4728;Totaal over alle leeftijden;Totaal bevolking;Goirle;2014;22957;19731;1846;459;1387;1380;632;748;785
4729;Totaal over alle leeftijden;Totaal bevolking;Goirle;2015;23016;19686;1876;469;1407;1454;648;806;785
4730;Totaal over alle leeftijden;Totaal bevolking;Goirle;2016;23069;19629;1915;475;1440;1525;656;869;785
4731;Totaal over alle leeftijden;Totaal bevolking;Goirle;2017;23119;19562;1949;477;1472;1608;680;928;785
4732;Totaal over alle leeftijden;Totaal bevolking;Goirle;2018;23168;19511;1980;483;1497;1677;689;988;785
4733;Totaal over alle leeftijden;Totaal bevolking;Goirle;2019;23202;19470;1983;476;1507;1749;691;1058;785
4734;Totaal over alle leeftijden;Totaal bevolking;Goirle;2020;23237;19412;2011;490;1521;1814;698;1116;785
4735;Totaal over alle leeftijden;Totaal bevolking;Goirle;2021;23262;19379;2023;511;1512;1860;701;1159;785
4736;Totaal over alle leeftijden;Totaal bevolking;Goirle;2022;23273;19303;2042;520;1522;1928;705;1223;785
4737;Totaal over alle leeftijden;Totaal bevolking;Goirle;2023;23296;19239;2077;526;1551;1980;701;1279;785
4738;Totaal over alle leeftijden;Totaal bevolking;Goirle;2024;23302;19161;2087;519;1568;2054;708;1346;785
4739;Totaal over alle leeftijden;Totaal bevolking;Goirle;2025;23294;19095;2092;521;1571;2107;710;1397;785
4740;Totaal over alle leeftijden;Totaal bevolking;Gorinchem;2006;34348;26509;3054;1396;1658;4785;2648;2137;512
4741;Totaal over alle leeftijden;Totaal bevolking;Gorinchem;2007;34172;26335;3004;1365;1639;4833;2634;2199;512
4742;Totaal over alle leeftijden;Totaal bevolking;Gorinchem;2008;33969;26201;2936;1330;1606;4832;2614;2218;512
4743;Totaal over alle leeftijden;Totaal bevolking;Gorinchem;2009;33760;26038;2883;1312;1571;4839;2583;2256;512
4744;Totaal over alle leeftijden;Totaal bevolking;Gorinchem;2010;33556;25890;2838;1295;1543;4828;2531;2297;512
4745;Totaal over alle leeftijden;Totaal bevolking;Gorinchem;2011;33336;25675;2833;1300;1533;4828;2494;2334;512
4746;Totaal over alle leeftijden;Totaal bevolking;Gorinchem;2012;33129;25519;2837;1324;1513;4773;2456;2317;512
4747;Totaal over alle leeftijden;Totaal bevolking;Gorinchem;2013;32916;25346;2811;1303;1508;4759;2422;2337;512
4748;Totaal over alle leeftijden;Totaal bevolking;Gorinchem;2014;32721;25217;2774;1294;1480;4730;2367;2363;512
4749;Totaal over alle leeftijden;Totaal bevolking;Gorinchem;2015;32524;25037;2755;1306;1449;4732;2363;2369;512
4750;Totaal over alle leeftijden;Totaal bevolking;Gorinchem;2016;32321;24881;2747;1301;1446;4693;2327;2366;512
4751;Totaal over alle leeftijden;Totaal bevolking;Gorinchem;2017;32133;24696;2746;1305;1441;4691;2324;2367;512
4752;Totaal over alle leeftijden;Totaal bevolking;Gorinchem;2018;31937;24554;2725;1290;1435;4658;2303;2355;512
4753;Totaal over alle leeftijden;Totaal bevolking;Gorinchem;2019;31767;24411;2727;1304;1423;4629;2269;2360;512
4754;Totaal over alle leeftijden;Totaal bevolking;Gorinchem;2020;31580;24291;2705;1286;1419;4584;2241;2343;512
4755;Totaal over alle leeftijden;Totaal bevolking;Gorinchem;2021;31393;24129;2718;1303;1415;4546;2220;2326;512
4756;Totaal over alle leeftijden;Totaal bevolking;Gorinchem;2022;31212;23962;2731;1296;1435;4519;2212;2307;512
4757;Totaal over alle leeftijden;Totaal bevolking;Gorinchem;2023;31025;23821;2721;1301;1420;4483;2193;2290;512
4758;Totaal over alle leeftijden;Totaal bevolking;Gorinchem;2024;30861;23664;2714;1299;1415;4483;2214;2269;512
4759;Totaal over alle leeftijden;Totaal bevolking;Gorinchem;2025;30737;23547;2683;1278;1405;4507;2251;2256;512
4760;Totaal over alle leeftijden;Totaal bevolking;Gouda;2006;71279;56373;5157;2096;3061;9749;5233;4516;513
4761;Totaal over alle leeftijden;Totaal bevolking;Gouda;2007;71090;56085;5061;2032;3029;9944;5211;4733;513
4762;Totaal over alle leeftijden;Totaal bevolking;Gouda;2008;70872;55843;4994;2009;2985;10035;5135;4900;513
4763;Totaal over alle leeftijden;Totaal bevolking;Gouda;2009;70667;55584;4943;1965;2978;10140;5083;5057;513
4764;Totaal over alle leeftijden;Totaal bevolking;Gouda;2010;70472;55321;4901;1941;2960;10250;5058;5192;513
4765;Totaal over alle leeftijden;Totaal bevolking;Gouda;2011;70281;55036;4905;1957;2948;10340;5008;5332;513
4766;Totaal over alle leeftijden;Totaal bevolking;Gouda;2012;70108;54802;4879;1958;2921;10427;4961;5466;513
4767;Totaal over alle leeftijden;Totaal bevolking;Gouda;2013;69939;54485;4913;1982;2931;10541;4966;5575;513
4768;Totaal over alle leeftijden;Totaal bevolking;Gouda;2014;69761;54189;4906;2004;2902;10666;4968;5698;513
4769;Totaal over alle leeftijden;Totaal bevolking;Gouda;2015;69600;53911;4962;2031;2931;10727;4955;5772;513
4770;Totaal over alle leeftijden;Totaal bevolking;Gouda;2016;69447;53697;4950;2037;2913;10800;4937;5863;513
4771;Totaal over alle leeftijden;Totaal bevolking;Gouda;2017;69314;53502;4951;2044;2907;10861;4948;5913;513
4772;Totaal over alle leeftijden;Totaal bevolking;Gouda;2018;69176;53292;4971;2084;2887;10913;4956;5957;513
4773;Totaal over alle leeftijden;Totaal bevolking;Gouda;2019;69045;53091;4967;2089;2878;10987;4973;6014;513
4774;Totaal over alle leeftijden;Totaal bevolking;Gouda;2020;68895;52897;4968;2082;2886;11030;4988;6042;513
4775;Totaal over alle leeftijden;Totaal bevolking;Gouda;2021;68782;52687;4997;2118;2879;11098;5038;6060;513
4776;Totaal over alle leeftijden;Totaal bevolking;Gouda;2022;68670;52523;5028;2117;2911;11119;5030;6089;513
4777;Totaal over alle leeftijden;Totaal bevolking;Gouda;2023;68563;52361;5047;2144;2903;11155;5030;6125;513
4778;Totaal over alle leeftijden;Totaal bevolking;Gouda;2024;68459;52190;5053;2151;2902;11216;5072;6144;513
4779;Totaal over alle leeftijden;Totaal bevolking;Gouda;2025;68375;52047;5082;2179;2903;11246;5080;6166;513
4780;Totaal over alle leeftijden;Totaal bevolking;Graafstroom;2006;9799;9331;296;94;202;172;105;67;693
4781;Totaal over alle leeftijden;Totaal bevolking;Graafstroom;2007;9792;9274;313;109;204;205;128;77;693
4782;Totaal over alle leeftijden;Totaal bevolking;Graafstroom;2008;9781;9216;336;115;221;229;142;87;693
4783;Totaal over alle leeftijden;Totaal bevolking;Graafstroom;2009;9770;9159;364;132;232;247;156;91;693
4784;Totaal over alle leeftijden;Totaal bevolking;Graafstroom;2010;9746;9084;385;139;246;277;177;100;693
4785;Totaal over alle leeftijden;Totaal bevolking;Graafstroom;2011;9737;9011;427;151;276;299;191;108;693
4786;Totaal over alle leeftijden;Totaal bevolking;Graafstroom;2012;9718;8946;456;163;293;316;199;117;693
4787;Totaal over alle leeftijden;Totaal bevolking;Graafstroom;2013;9697;8881;477;180;297;339;211;128;693
4788;Totaal over alle leeftijden;Totaal bevolking;Graafstroom;2014;9688;8816;502;193;309;370;228;142;693
4789;Totaal over alle leeftijden;Totaal bevolking;Graafstroom;2015;9669;8737;537;206;331;395;236;159;693
4790;Totaal over alle leeftijden;Totaal bevolking;Graafstroom;2016;9646;8659;572;214;358;415;251;164;693
4791;Totaal over alle leeftijden;Totaal bevolking;Graafstroom;2017;9630;8589;604;233;371;437;264;173;693
4792;Totaal over alle leeftijden;Totaal bevolking;Graafstroom;2018;9599;8499;643;246;397;457;276;181;693
4793;Totaal over alle leeftijden;Totaal bevolking;Graafstroom;2019;9614;8446;690;269;421;478;287;191;693
4794;Totaal over alle leeftijden;Totaal bevolking;Graafstroom;2020;9597;8381;717;274;443;499;292;207;693
4795;Totaal over alle leeftijden;Totaal bevolking;Graafstroom;2021;9567;8306;734;276;458;527;302;225;693
4796;Totaal over alle leeftijden;Totaal bevolking;Graafstroom;2022;9546;8242;764;297;467;540;308;232;693
4797;Totaal over alle leeftijden;Totaal bevolking;Graafstroom;2023;9517;8150;796;314;482;571;323;248;693
4798;Totaal over alle leeftijden;Totaal bevolking;Graafstroom;2024;9496;8074;823;328;495;599;344;255;693
4799;Totaal over alle leeftijden;Totaal bevolking;Graafstroom;2025;9480;7993;863;342;521;624;361;263;693
4800;Totaal over alle leeftijden;Totaal bevolking;Graft-De Rijp;2006;6558;5970;402;122;280;186;114;72;365
4801;Totaal over alle leeftijden;Totaal bevolking;Graft-De Rijp;2007;6596;5944;440;146;294;212;125;87;365
4802;Totaal over alle leeftijden;Totaal bevolking;Graft-De Rijp;2008;6638;5925;466;153;313;247;153;94;365
4803;Totaal over alle leeftijden;Totaal bevolking;Graft-De Rijp;2009;6659;5889;491;164;327;279;181;98;365
4804;Totaal over alle leeftijden;Totaal bevolking;Graft-De Rijp;2010;6715;5884;526;180;346;305;200;105;365
4805;Totaal over alle leeftijden;Totaal bevolking;Graft-De Rijp;2011;6713;5828;551;198;353;334;215;119;365
4806;Totaal over alle leeftijden;Totaal bevolking;Graft-De Rijp;2012;6731;5791;587;214;373;353;227;126;365
4807;Totaal over alle leeftijden;Totaal bevolking;Graft-De Rijp;2013;6737;5746;614;232;382;377;237;140;365
4808;Totaal over alle leeftijden;Totaal bevolking;Graft-De Rijp;2014;6728;5694;628;239;389;406;253;153;365
4809;Totaal over alle leeftijden;Totaal bevolking;Graft-De Rijp;2015;6735;5643;667;261;406;425;266;159;365
4810;Totaal over alle leeftijden;Totaal bevolking;Graft-De Rijp;2016;6755;5619;684;268;416;452;274;178;365
4811;Totaal over alle leeftijden;Totaal bevolking;Graft-De Rijp;2017;6767;5581;712;276;436;474;287;187;365
4812;Totaal over alle leeftijden;Totaal bevolking;Graft-De Rijp;2018;6760;5543;732;293;439;485;283;202;365
4813;Totaal over alle leeftijden;Totaal bevolking;Graft-De Rijp;2019;6746;5482;760;303;457;504;291;213;365
4814;Totaal over alle leeftijden;Totaal bevolking;Graft-De Rijp;2020;6739;5428;778;307;471;533;300;233;365
4815;Totaal over alle leeftijden;Totaal bevolking;Graft-De Rijp;2021;6741;5379;814;324;490;548;308;240;365
4816;Totaal over alle leeftijden;Totaal bevolking;Graft-De Rijp;2022;6744;5351;835;336;499;558;312;246;365
4817;Totaal over alle leeftijden;Totaal bevolking;Graft-De Rijp;2023;6733;5301;851;347;504;581;325;256;365
4818;Totaal over alle leeftijden;Totaal bevolking;Graft-De Rijp;2024;6724;5249;869;358;511;606;338;268;365
4819;Totaal over alle leeftijden;Totaal bevolking;Graft-De Rijp;2025;6703;5182;896;373;523;625;343;282;365
4820;Totaal over alle leeftijden;Totaal bevolking;Grave;2006;12764;10983;1146;422;724;635;464;171;786
4821;Totaal over alle leeftijden;Totaal bevolking;Grave;2007;12690;10881;1163;427;736;646;471;175;786
4822;Totaal over alle leeftijden;Totaal bevolking;Grave;2008;12590;10779;1181;448;733;630;455;175;786
4823;Totaal over alle leeftijden;Totaal bevolking;Grave;2009;12490;10710;1174;441;733;606;425;181;786
4824;Totaal over alle leeftijden;Totaal bevolking;Grave;2010;12413;10613;1186;450;736;614;432;182;786
4825;Totaal over alle leeftijden;Totaal bevolking;Grave;2011;12333;10508;1206;454;752;619;429;190;786
4826;Totaal over alle leeftijden;Totaal bevolking;Grave;2012;12248;10399;1244;488;756;605;416;189;786
4827;Totaal over alle leeftijden;Totaal bevolking;Grave;2013;12170;10298;1266;500;766;606;414;192;786
4828;Totaal over alle leeftijden;Totaal bevolking;Grave;2014;12077;10198;1281;520;761;598;398;200;786
4829;Totaal over alle leeftijden;Totaal bevolking;Grave;2015;11999;10084;1299;530;769;616;410;206;786
4830;Totaal over alle leeftijden;Totaal bevolking;Grave;2016;11930;9966;1337;548;789;627;408;219;786
4831;Totaal over alle leeftijden;Totaal bevolking;Grave;2017;11855;9855;1366;569;797;634;402;232;786
4832;Totaal over alle leeftijden;Totaal bevolking;Grave;2018;11777;9747;1381;578;803;649;412;237;786
4833;Totaal over alle leeftijden;Totaal bevolking;Grave;2019;11710;9653;1396;589;807;661;409;252;786
4834;Totaal over alle leeftijden;Totaal bevolking;Grave;2020;11636;9570;1397;580;817;669;415;254;786
4835;Totaal over alle leeftijden;Totaal bevolking;Grave;2021;11557;9469;1407;586;821;681;415;266;786
4836;Totaal over alle leeftijden;Totaal bevolking;Grave;2022;11467;9353;1430;582;848;684;404;280;786
4837;Totaal over alle leeftijden;Totaal bevolking;Grave;2023;11400;9282;1418;586;832;700;409;291;786
4838;Totaal over alle leeftijden;Totaal bevolking;Grave;2024;11329;9217;1418;591;827;694;393;301;786
4839;Totaal over alle leeftijden;Totaal bevolking;Grave;2025;11262;9150;1417;579;838;695;396;299;786
4840;Totaal over alle leeftijden;Totaal bevolking;'s-Gravendeel;2006;8842;8134;414;143;271;294;176;118;517
4841;Totaal over alle leeftijden;Totaal bevolking;'s-Gravendeel;2007;8851;8063;455;155;300;333;193;140;517
4842;Totaal over alle leeftijden;Totaal bevolking;'s-Gravendeel;2008;8847;7986;489;169;320;372;216;156;517
4843;Totaal over alle leeftijden;Totaal bevolking;'s-Gravendeel;2009;8850;7912;524;192;332;414;229;185;517
4844;Totaal over alle leeftijden;Totaal bevolking;'s-Gravendeel;2010;8842;7839;555;204;351;448;242;206;517
4845;Totaal over alle leeftijden;Totaal bevolking;'s-Gravendeel;2011;8846;7775;586;218;368;485;262;223;517
4846;Totaal over alle leeftijden;Totaal bevolking;'s-Gravendeel;2012;8843;7704;621;235;386;518;281;237;517
4847;Totaal over alle leeftijden;Totaal bevolking;'s-Gravendeel;2013;8831;7647;652;244;408;532;289;243;517
4848;Totaal over alle leeftijden;Totaal bevolking;'s-Gravendeel;2014;8817;7584;673;256;417;560;303;257;517
4849;Totaal over alle leeftijden;Totaal bevolking;'s-Gravendeel;2015;8810;7526;695;269;426;589;313;276;517
4850;Totaal over alle leeftijden;Totaal bevolking;'s-Gravendeel;2016;8810;7461;720;279;441;629;341;288;517
4851;Totaal over alle leeftijden;Totaal bevolking;'s-Gravendeel;2017;8788;7389;740;289;451;659;352;307;517
4852;Totaal over alle leeftijden;Totaal bevolking;'s-Gravendeel;2018;8758;7314;756;300;456;688;365;323;517
4853;Totaal over alle leeftijden;Totaal bevolking;'s-Gravendeel;2019;8731;7253;771;313;458;707;369;338;517
4854;Totaal over alle leeftijden;Totaal bevolking;'s-Gravendeel;2020;8723;7197;798;324;474;728;367;361;517
4855;Totaal over alle leeftijden;Totaal bevolking;'s-Gravendeel;2021;8706;7124;821;329;492;761;378;383;517
4856;Totaal over alle leeftijden;Totaal bevolking;'s-Gravendeel;2022;8689;7050;857;353;504;782;384;398;517
4857;Totaal over alle leeftijden;Totaal bevolking;'s-Gravendeel;2023;8665;6985;875;360;515;805;395;410;517
4858;Totaal over alle leeftijden;Totaal bevolking;'s-Gravendeel;2024;8654;6903;906;379;527;845;413;432;517
4859;Totaal over alle leeftijden;Totaal bevolking;'s-Gravendeel;2025;8640;6860;925;379;546;855;402;453;517
4860;Totaal over alle leeftijden;Totaal bevolking;'s-Gravenhage (gemeente);2006;474336;266539;60530;31855;28675;147267;91245;56022;518
4861;Totaal over alle leeftijden;Totaal bevolking;'s-Gravenhage (gemeente);2007;475676;266605;61473;32785;28688;147598;89971;57627;518
4862;Totaal over alle leeftijden;Totaal bevolking;'s-Gravenhage (gemeente);2008;476609;266176;62595;33895;28700;147838;88819;59019;518
4863;Totaal over alle leeftijden;Totaal bevolking;'s-Gravenhage (gemeente);2009;477609;265404;63926;35240;28686;148279;87921;60358;518
4864;Totaal over alle leeftijden;Totaal bevolking;'s-Gravenhage (gemeente);2010;478671;264496;65557;36861;28696;148618;87127;61491;518
4865;Totaal over alle leeftijden;Totaal bevolking;'s-Gravenhage (gemeente);2011;479789;263280;67530;38709;28821;148979;86430;62549;518
4866;Totaal over alle leeftijden;Totaal bevolking;'s-Gravenhage (gemeente);2012;480966;261937;69620;40703;28917;149409;85889;63520;518
4867;Totaal over alle leeftijden;Totaal bevolking;'s-Gravenhage (gemeente);2013;482174;260410;72013;42909;29104;149751;85369;64382;518
4868;Totaal over alle leeftijden;Totaal bevolking;'s-Gravenhage (gemeente);2014;483364;258701;74502;45101;29401;150161;84932;65229;518
4869;Totaal over alle leeftijden;Totaal bevolking;'s-Gravenhage (gemeente);2015;484561;256985;77117;47328;29789;150459;84495;65964;518
4870;Totaal over alle leeftijden;Totaal bevolking;'s-Gravenhage (gemeente);2016;485737;255127;79682;49469;30213;150928;84158;66770;518
4871;Totaal over alle leeftijden;Totaal bevolking;'s-Gravenhage (gemeente);2017;486909;253301;82280;51566;30714;151328;83976;67352;518
4872;Totaal over alle leeftijden;Totaal bevolking;'s-Gravenhage (gemeente);2018;488076;251433;84897;53703;31194;151746;83736;68010;518
4873;Totaal over alle leeftijden;Totaal bevolking;'s-Gravenhage (gemeente);2019;489225;249551;87626;55843;31783;152048;83519;68529;518
4874;Totaal over alle leeftijden;Totaal bevolking;'s-Gravenhage (gemeente);2020;490325;247617;90343;57991;32352;152365;83333;69032;518
4875;Totaal over alle leeftijden;Totaal bevolking;'s-Gravenhage (gemeente);2021;491367;245604;93076;60058;33018;152687;83245;69442;518
4876;Totaal over alle leeftijden;Totaal bevolking;'s-Gravenhage (gemeente);2022;492419;243540;95912;62152;33760;152967;83072;69895;518
4877;Totaal over alle leeftijden;Totaal bevolking;'s-Gravenhage (gemeente);2023;493398;241351;98781;64191;34590;153266;82881;70385;518
4878;Totaal over alle leeftijden;Totaal bevolking;'s-Gravenhage (gemeente);2024;494336;239410;101588;66228;35360;153338;82563;70775;518
4879;Totaal over alle leeftijden;Totaal bevolking;'s-Gravenhage (gemeente);2025;495228;237408;104381;68215;36166;153439;82198;71241;518
4880;Totaal over alle leeftijden;Totaal bevolking;Groenlo;2006;30128;27377;1758;537;1221;993;623;370;240
4881;Totaal over alle leeftijden;Totaal bevolking;Groenlo;2007;30082;27291;1788;544;1244;1003;624;379;240
4882;Totaal over alle leeftijden;Totaal bevolking;Groenlo;2008;29990;27116;1829;569;1260;1045;649;396;240
4883;Totaal over alle leeftijden;Totaal bevolking;Groenlo;2009;29909;27001;1841;577;1264;1067;659;408;240
4884;Totaal over alle leeftijden;Totaal bevolking;Groenlo;2010;29816;26850;1878;611;1267;1088;674;414;240
4885;Totaal over alle leeftijden;Totaal bevolking;Groenlo;2011;29718;26692;1910;628;1282;1116;681;435;240
4886;Totaal over alle leeftijden;Totaal bevolking;Groenlo;2012;29622;26535;1951;672;1279;1136;698;438;240
4887;Totaal over alle leeftijden;Totaal bevolking;Groenlo;2013;29529;26341;1995;686;1309;1193;736;457;240
4888;Totaal over alle leeftijden;Totaal bevolking;Groenlo;2014;29444;26212;2011;694;1317;1221;766;455;240
4889;Totaal over alle leeftijden;Totaal bevolking;Groenlo;2015;29367;26080;2029;719;1310;1258;779;479;240
4890;Totaal over alle leeftijden;Totaal bevolking;Groenlo;2016;29284;25895;2095;765;1330;1294;791;503;240
4891;Totaal over alle leeftijden;Totaal bevolking;Groenlo;2017;29201;25758;2131;783;1348;1312;801;511;240
4892;Totaal over alle leeftijden;Totaal bevolking;Groenlo;2018;29093;25616;2140;799;1341;1337;826;511;240
4893;Totaal over alle leeftijden;Totaal bevolking;Groenlo;2019;29009;25474;2170;812;1358;1365;841;524;240
4894;Totaal over alle leeftijden;Totaal bevolking;Groenlo;2020;28920;25337;2206;829;1377;1377;855;522;240
4895;Totaal over alle leeftijden;Totaal bevolking;Groenlo;2021;28851;25205;2232;854;1378;1414;867;547;240
4896;Totaal over alle leeftijden;Totaal bevolking;Groenlo;2022;28779;25059;2262;869;1393;1458;889;569;240
4897;Totaal over alle leeftijden;Totaal bevolking;Groenlo;2023;28689;24929;2261;875;1386;1499;913;586;240
4898;Totaal over alle leeftijden;Totaal bevolking;Groenlo;2024;28605;24814;2270;877;1393;1521;927;594;240
4899;Totaal over alle leeftijden;Totaal bevolking;Groenlo;2025;28542;24662;2297;887;1410;1583;966;617;240
4900;Totaal over alle leeftijden;Totaal bevolking;Groesbeek;2006;18863;16496;1907;492;1415;460;286;174;241
4901;Totaal over alle leeftijden;Totaal bevolking;Groesbeek;2007;18873;16460;1921;518;1403;492;300;192;241
4902;Totaal over alle leeftijden;Totaal bevolking;Groesbeek;2008;18884;16418;1920;525;1395;546;339;207;241
4903;Totaal over alle leeftijden;Totaal bevolking;Groesbeek;2009;18916;16414;1922;543;1379;580;358;222;241
4904;Totaal over alle leeftijden;Totaal bevolking;Groesbeek;2010;18926;16357;1955;562;1393;614;381;233;241
4905;Totaal over alle leeftijden;Totaal bevolking;Groesbeek;2011;18935;16338;1951;576;1375;646;400;246;241
4906;Totaal over alle leeftijden;Totaal bevolking;Groesbeek;2012;18937;16314;1963;599;1364;660;403;257;241
4907;Totaal over alle leeftijden;Totaal bevolking;Groesbeek;2013;18948;16293;1981;611;1370;674;405;269;241
4908;Totaal over alle leeftijden;Totaal bevolking;Groesbeek;2014;18958;16248;2014;641;1373;696;416;280;241
4909;Totaal over alle leeftijden;Totaal bevolking;Groesbeek;2015;18974;16193;2057;668;1389;724;421;303;241
4910;Totaal over alle leeftijden;Totaal bevolking;Groesbeek;2016;18973;16142;2069;703;1366;762;450;312;241
4911;Totaal over alle leeftijden;Totaal bevolking;Groesbeek;2017;18972;16103;2077;711;1366;792;462;330;241
4912;Totaal over alle leeftijden;Totaal bevolking;Groesbeek;2018;18979;16061;2098;741;1357;820;476;344;241
4913;Totaal over alle leeftijden;Totaal bevolking;Groesbeek;2019;18979;16023;2106;762;1344;850;487;363;241
4914;Totaal over alle leeftijden;Totaal bevolking;Groesbeek;2020;18988;15999;2127;785;1342;862;489;373;241
4915;Totaal over alle leeftijden;Totaal bevolking;Groesbeek;2021;18982;15976;2125;801;1324;881;486;395;241
4916;Totaal over alle leeftijden;Totaal bevolking;Groesbeek;2022;18991;15923;2162;824;1338;906;492;414;241
4917;Totaal over alle leeftijden;Totaal bevolking;Groesbeek;2023;18984;15872;2164;829;1335;948;527;421;241
4918;Totaal over alle leeftijden;Totaal bevolking;Groesbeek;2024;18990;15836;2161;830;1331;993;542;451;241
4919;Totaal over alle leeftijden;Totaal bevolking;Groesbeek;2025;18979;15821;2146;836;1310;1012;549;463;241
4920;Totaal over alle leeftijden;Totaal bevolking;Groningen (gemeente);2006;179535;147125;16435;7201;9234;15975;10125;5850;14
4921;Totaal over alle leeftijden;Totaal bevolking;Groningen (gemeente);2007;179965;147389;16531;7423;9108;16045;10056;5989;14
4922;Totaal over alle leeftijden;Totaal bevolking;Groningen (gemeente);2008;181273;148207;16797;7719;9078;16269;10068;6201;14
4923;Totaal over alle leeftijden;Totaal bevolking;Groningen (gemeente);2009;183149;149360;17166;8078;9088;16623;10166;6457;14
4924;Totaal over alle leeftijden;Totaal bevolking;Groningen (gemeente);2010;185137;150544;17596;8466;9130;16997;10320;6677;14
4925;Totaal over alle leeftijden;Totaal bevolking;Groningen (gemeente);2011;187182;151703;18118;8885;9233;17361;10431;6930;14
4926;Totaal over alle leeftijden;Totaal bevolking;Groningen (gemeente);2012;189326;152799;18731;9428;9303;17796;10603;7193;14
4927;Totaal over alle leeftijden;Totaal bevolking;Groningen (gemeente);2013;191491;153898;19433;10030;9403;18160;10702;7458;14
4928;Totaal over alle leeftijden;Totaal bevolking;Groningen (gemeente);2014;193654;155063;20002;10578;9424;18589;10857;7732;14
4929;Totaal over alle leeftijden;Totaal bevolking;Groningen (gemeente);2015;195800;156173;20590;11071;9519;19037;11025;8012;14
4930;Totaal over alle leeftijden;Totaal bevolking;Groningen (gemeente);2016;197881;157234;21144;11532;9612;19503;11224;8279;14
4931;Totaal over alle leeftijden;Totaal bevolking;Groningen (gemeente);2017;199922;158249;21713;12000;9713;19960;11405;8555;14
4932;Totaal over alle leeftijden;Totaal bevolking;Groningen (gemeente);2018;201896;159238;22217;12367;9850;20441;11653;8788;14
4933;Totaal over alle leeftijden;Totaal bevolking;Groningen (gemeente);2019;203803;160112;22765;12775;9990;20926;11855;9071;14
4934;Totaal over alle leeftijden;Totaal bevolking;Groningen (gemeente);2020;205604;160858;23284;13121;10163;21462;12137;9325;14
4935;Totaal over alle leeftijden;Totaal bevolking;Groningen (gemeente);2021;207370;161541;23807;13474;10333;22022;12471;9551;14
4936;Totaal over alle leeftijden;Totaal bevolking;Groningen (gemeente);2022;209091;162123;24261;13779;10482;22707;12793;9914;14
4937;Totaal over alle leeftijden;Totaal bevolking;Groningen (gemeente);2023;210706;162712;24647;14050;10597;23347;13116;10231;14
4938;Totaal over alle leeftijden;Totaal bevolking;Groningen (gemeente);2024;212243;163192;25031;14343;10688;24020;13478;10542;14
4939;Totaal over alle leeftijden;Totaal bevolking;Groningen (gemeente);2025;213691;163497;25506;14650;10856;24688;13864;10824;14
4940;Totaal over alle leeftijden;Totaal bevolking;Grootegast;2006;11769;11274;333;124;209;162;108;54;15
4941;Totaal over alle leeftijden;Totaal bevolking;Grootegast;2007;11685;11122;374;139;235;189;125;64;15
4942;Totaal over alle leeftijden;Totaal bevolking;Grootegast;2008;11578;10981;380;141;239;217;141;76;15
4943;Totaal over alle leeftijden;Totaal bevolking;Grootegast;2009;11470;10820;395;155;240;255;164;91;15
4944;Totaal over alle leeftijden;Totaal bevolking;Grootegast;2010;11363;10672;413;166;247;278;175;103;15
4945;Totaal over alle leeftijden;Totaal bevolking;Grootegast;2011;11265;10515;432;182;250;318;198;120;15
4946;Totaal over alle leeftijden;Totaal bevolking;Grootegast;2012;11167;10380;462;196;266;325;204;121;15
4947;Totaal over alle leeftijden;Totaal bevolking;Grootegast;2013;11066;10218;492;216;276;356;233;123;15
4948;Totaal over alle leeftijden;Totaal bevolking;Grootegast;2014;10971;10092;521;243;278;358;231;127;15
4949;Totaal over alle leeftijden;Totaal bevolking;Grootegast;2015;10888;9973;546;268;278;369;243;126;15
4950;Totaal over alle leeftijden;Totaal bevolking;Grootegast;2016;10812;9841;576;301;275;395;260;135;15
4951;Totaal over alle leeftijden;Totaal bevolking;Grootegast;2017;10738;9716;627;341;286;395;255;140;15
4952;Totaal over alle leeftijden;Totaal bevolking;Grootegast;2018;10657;9588;658;364;294;411;262;149;15
4953;Totaal over alle leeftijden;Totaal bevolking;Grootegast;2019;10582;9472;676;378;298;434;276;158;15
4954;Totaal over alle leeftijden;Totaal bevolking;Grootegast;2020;10517;9338;721;416;305;458;284;174;15
4955;Totaal over alle leeftijden;Totaal bevolking;Grootegast;2021;10453;9222;757;442;315;474;296;178;15
4956;Totaal over alle leeftijden;Totaal bevolking;Grootegast;2022;10393;9088;812;484;328;493;307;186;15
4957;Totaal over alle leeftijden;Totaal bevolking;Grootegast;2023;10335;8976;851;516;335;508;308;200;15
4958;Totaal over alle leeftijden;Totaal bevolking;Grootegast;2024;10281;8869;876;531;345;536;330;206;15
4959;Totaal over alle leeftijden;Totaal bevolking;Grootegast;2025;10239;8764;913;566;347;562;354;208;15
4960;Totaal over alle leeftijden;Totaal bevolking;Gulpen-Wittem;2006;14944;12906;1800;552;1248;238;181;57;1729
4961;Totaal over alle leeftijden;Totaal bevolking;Gulpen-Wittem;2007;14777;12780;1763;542;1221;234;176;58;1729
4962;Totaal over alle leeftijden;Totaal bevolking;Gulpen-Wittem;2008;14614;12633;1744;528;1216;237;169;68;1729
4963;Totaal over alle leeftijden;Totaal bevolking;Gulpen-Wittem;2009;14463;12489;1739;522;1217;235;164;71;1729
4964;Totaal over alle leeftijden;Totaal bevolking;Gulpen-Wittem;2010;14308;12342;1726;508;1218;240;163;77;1729
4965;Totaal over alle leeftijden;Totaal bevolking;Gulpen-Wittem;2011;14163;12224;1684;505;1179;255;170;85;1729
4966;Totaal over alle leeftijden;Totaal bevolking;Gulpen-Wittem;2012;14029;12091;1664;509;1155;274;178;96;1729
4967;Totaal over alle leeftijden;Totaal bevolking;Gulpen-Wittem;2013;13876;11931;1666;520;1146;279;176;103;1729
4968;Totaal over alle leeftijden;Totaal bevolking;Gulpen-Wittem;2014;13721;11773;1658;524;1134;290;179;111;1729
4969;Totaal over alle leeftijden;Totaal bevolking;Gulpen-Wittem;2015;13585;11633;1646;532;1114;306;185;121;1729
4970;Totaal over alle leeftijden;Totaal bevolking;Gulpen-Wittem;2016;13446;11486;1637;534;1103;323;190;133;1729
4971;Totaal over alle leeftijden;Totaal bevolking;Gulpen-Wittem;2017;13298;11338;1627;549;1078;333;195;138;1729
4972;Totaal over alle leeftijden;Totaal bevolking;Gulpen-Wittem;2018;13145;11219;1581;550;1031;345;205;140;1729
4973;Totaal over alle leeftijden;Totaal bevolking;Gulpen-Wittem;2019;13004;11104;1550;554;996;350;202;148;1729
4974;Totaal over alle leeftijden;Totaal bevolking;Gulpen-Wittem;2020;12871;10991;1518;540;978;362;214;148;1729
4975;Totaal over alle leeftijden;Totaal bevolking;Gulpen-Wittem;2021;12747;10882;1492;528;964;373;219;154;1729
4976;Totaal over alle leeftijden;Totaal bevolking;Gulpen-Wittem;2022;12632;10747;1505;538;967;380;223;157;1729
4977;Totaal over alle leeftijden;Totaal bevolking;Gulpen-Wittem;2023;12528;10653;1485;529;956;390;223;167;1729
4978;Totaal over alle leeftijden;Totaal bevolking;Gulpen-Wittem;2024;12414;10542;1464;518;946;408;233;175;1729
4979;Totaal over alle leeftijden;Totaal bevolking;Gulpen-Wittem;2025;12296;10435;1450;526;924;411;235;176;1729
4980;Totaal over alle leeftijden;Totaal bevolking;Haaksbergen;2006;24411;21467;1844;503;1341;1100;614;486;158
4981;Totaal over alle leeftijden;Totaal bevolking;Haaksbergen;2007;24356;21409;1829;498;1331;1118;627;491;158
4982;Totaal over alle leeftijden;Totaal bevolking;Haaksbergen;2008;24314;21360;1810;491;1319;1144;648;496;158
4983;Totaal over alle leeftijden;Totaal bevolking;Haaksbergen;2009;24255;21313;1793;491;1302;1149;641;508;158
4984;Totaal over alle leeftijden;Totaal bevolking;Haaksbergen;2010;24188;21253;1789;494;1295;1146;634;512;158
4985;Totaal over alle leeftijden;Totaal bevolking;Haaksbergen;2011;24134;21186;1790;490;1300;1158;648;510;158
4986;Totaal over alle leeftijden;Totaal bevolking;Haaksbergen;2012;24074;21123;1790;485;1305;1161;637;524;158
4987;Totaal over alle leeftijden;Totaal bevolking;Haaksbergen;2013;24017;21056;1798;491;1307;1163;639;524;158
4988;Totaal over alle leeftijden;Totaal bevolking;Haaksbergen;2014;23956;20977;1782;491;1291;1197;653;544;158
4989;Totaal over alle leeftijden;Totaal bevolking;Haaksbergen;2015;23902;20890;1793;499;1294;1219;659;560;158
4990;Totaal over alle leeftijden;Totaal bevolking;Haaksbergen;2016;23845;20819;1783;500;1283;1243;666;577;158
4991;Totaal over alle leeftijden;Totaal bevolking;Haaksbergen;2017;23787;20758;1787;500;1287;1242;657;585;158
4992;Totaal over alle leeftijden;Totaal bevolking;Haaksbergen;2018;23730;20706;1781;501;1280;1243;649;594;158
4993;Totaal over alle leeftijden;Totaal bevolking;Haaksbergen;2019;23680;20641;1775;514;1261;1264;662;602;158
4994;Totaal over alle leeftijden;Totaal bevolking;Haaksbergen;2020;23633;20565;1768;519;1249;1300;681;619;158
4995;Totaal over alle leeftijden;Totaal bevolking;Haaksbergen;2021;23575;20500;1759;516;1243;1316;686;630;158
4996;Totaal over alle leeftijden;Totaal bevolking;Haaksbergen;2022;23530;20438;1763;520;1243;1329;696;633;158
4997;Totaal over alle leeftijden;Totaal bevolking;Haaksbergen;2023;23484;20372;1761;525;1236;1351;702;649;158
4998;Totaal over alle leeftijden;Totaal bevolking;Haaksbergen;2024;23440;20338;1753;525;1228;1349;700;649;158
4999;Totaal over alle leeftijden;Totaal bevolking;Haaksbergen;2025;23401;20285;1765;530;1235;1351;700;651;158
5000;Totaal over alle leeftijden;Totaal bevolking;Haaren;2006;13921;13112;597;177;420;212;125;87;788
5001;Totaal over alle leeftijden;Totaal bevolking;Haaren;2007;13854;13010;613;186;427;231;136;95;788
5002;Totaal over alle leeftijden;Totaal bevolking;Haaren;2008;13794;12911;642;192;450;241;137;104;788
5003;Totaal over alle leeftijden;Totaal bevolking;Haaren;2009;13729;12818;654;197;457;257;149;108;788
5004;Totaal over alle leeftijden;Totaal bevolking;Haaren;2010;13661;12699;689;210;479;273;157;116;788
5005;Totaal over alle leeftijden;Totaal bevolking;Haaren;2011;13585;12593;702;217;485;290;167;123;788
5006;Totaal over alle leeftijden;Totaal bevolking;Haaren;2012;13507;12489;720;225;495;298;171;127;788
5007;Totaal over alle leeftijden;Totaal bevolking;Haaren;2013;13432;12375;751;240;511;306;177;129;788
5008;Totaal over alle leeftijden;Totaal bevolking;Haaren;2014;13359;12272;764;253;511;323;192;131;788
5009;Totaal over alle leeftijden;Totaal bevolking;Haaren;2015;13288;12163;780;265;515;345;206;139;788
5010;Totaal over alle leeftijden;Totaal bevolking;Haaren;2016;13215;12056;815;273;542;344;202;142;788
5011;Totaal over alle leeftijden;Totaal bevolking;Haaren;2017;13142;11941;849;293;556;352;204;148;788
5012;Totaal over alle leeftijden;Totaal bevolking;Haaren;2018;13063;11822;884;306;578;357;205;152;788
5013;Totaal over alle leeftijden;Totaal bevolking;Haaren;2019;12993;11721;901;315;586;371;209;162;788
5014;Totaal over alle leeftijden;Totaal bevolking;Haaren;2020;12926;11632;912;324;588;382;218;164;788
5015;Totaal over alle leeftijden;Totaal bevolking;Haaren;2021;12854;11526;947;334;613;381;215;166;788
5016;Totaal over alle leeftijden;Totaal bevolking;Haaren;2022;12788;11445;952;341;611;391;216;175;788
5017;Totaal over alle leeftijden;Totaal bevolking;Haaren;2023;12711;11352;950;339;611;409;220;189;788
5018;Totaal over alle leeftijden;Totaal bevolking;Haaren;2024;12654;11265;961;335;626;428;229;199;788
5019;Totaal over alle leeftijden;Totaal bevolking;Haaren;2025;12592;11188;962;337;625;442;228;214;788
5020;Totaal over alle leeftijden;Totaal bevolking;Haarlem;2006;146983;113028;15092;6078;9014;18863;10907;7956;392
5021;Totaal over alle leeftijden;Totaal bevolking;Haarlem;2007;147413;113001;15175;6097;9078;19237;10917;8320;392
5022;Totaal over alle leeftijden;Totaal bevolking;Haarlem;2008;147945;112958;15325;6160;9165;19662;10982;8680;392
5023;Totaal over alle leeftijden;Totaal bevolking;Haarlem;2009;148457;112899;15513;6238;9275;20045;11084;8961;392
5024;Totaal over alle leeftijden;Totaal bevolking;Haarlem;2010;148846;112720;15689;6348;9341;20437;11130;9307;392
5025;Totaal over alle leeftijden;Totaal bevolking;Haarlem;2011;149252;112588;15908;6492;9416;20756;11172;9584;392
5026;Totaal over alle leeftijden;Totaal bevolking;Haarlem;2012;149675;112407;16150;6639;9511;21118;11231;9887;392
5027;Totaal over alle leeftijden;Totaal bevolking;Haarlem;2013;150094;112194;16404;6839;9565;21496;11292;10204;392
5028;Totaal over alle leeftijden;Totaal bevolking;Haarlem;2014;150512;111928;16676;7018;9658;21908;11409;10499;392
5029;Totaal over alle leeftijden;Totaal bevolking;Haarlem;2015;150908;111699;16934;7219;9715;22275;11495;10780;392
5030;Totaal over alle leeftijden;Totaal bevolking;Haarlem;2016;151319;111451;17183;7378;9805;22685;11615;11070;392
5031;Totaal over alle leeftijden;Totaal bevolking;Haarlem;2017;151751;111244;17464;7552;9912;23043;11728;11315;392
5032;Totaal over alle leeftijden;Totaal bevolking;Haarlem;2018;152180;110978;17726;7730;9996;23476;11874;11602;392
5033;Totaal over alle leeftijden;Totaal bevolking;Haarlem;2019;152625;110727;17958;7881;10077;23940;12022;11918;392
5034;Totaal over alle leeftijden;Totaal bevolking;Haarlem;2020;153086;110479;18236;8069;10167;24371;12136;12235;392
5035;Totaal over alle leeftijden;Totaal bevolking;Haarlem;2021;153540;110204;18470;8245;10225;24866;12302;12564;392
5036;Totaal over alle leeftijden;Totaal bevolking;Haarlem;2022;154020;109964;18744;8444;10300;25312;12440;12872;392
5037;Totaal over alle leeftijden;Totaal bevolking;Haarlem;2023;154519;109726;19040;8631;10409;25753;12612;13141;392
5038;Totaal over alle leeftijden;Totaal bevolking;Haarlem;2024;155016;109482;19327;8791;10536;26207;12766;13441;392
5039;Totaal over alle leeftijden;Totaal bevolking;Haarlem;2025;155525;109190;19575;8968;10607;26760;12898;13862;392
5040;Totaal over alle leeftijden;Totaal bevolking;Haarlemmerliede en Spaarnwoude;2006;5532;4840;417;137;280;275;147;128;393
5041;Totaal over alle leeftijden;Totaal bevolking;Haarlemmerliede en Spaarnwoude;2007;5509;4762;459;160;299;288;158;130;393
5042;Totaal over alle leeftijden;Totaal bevolking;Haarlemmerliede en Spaarnwoude;2008;5484;4684;475;174;301;325;175;150;393
5043;Totaal over alle leeftijden;Totaal bevolking;Haarlemmerliede en Spaarnwoude;2009;5460;4610;511;194;317;339;184;155;393
5044;Totaal over alle leeftijden;Totaal bevolking;Haarlemmerliede en Spaarnwoude;2010;5433;4541;541;211;330;351;192;159;393
5045;Totaal over alle leeftijden;Totaal bevolking;Haarlemmerliede en Spaarnwoude;2011;5405;4476;564;227;337;365;206;159;393
5046;Totaal over alle leeftijden;Totaal bevolking;Haarlemmerliede en Spaarnwoude;2012;5382;4425;586;245;341;371;209;162;393
5047;Totaal over alle leeftijden;Totaal bevolking;Haarlemmerliede en Spaarnwoude;2013;5356;4343;617;267;350;396;221;175;393
5048;Totaal over alle leeftijden;Totaal bevolking;Haarlemmerliede en Spaarnwoude;2014;5324;4277;633;285;348;414;226;188;393
5049;Totaal over alle leeftijden;Totaal bevolking;Haarlemmerliede en Spaarnwoude;2015;5310;4232;655;300;355;423;226;197;393
5050;Totaal over alle leeftijden;Totaal bevolking;Haarlemmerliede en Spaarnwoude;2016;5296;4196;659;307;352;441;242;199;393
5051;Totaal over alle leeftijden;Totaal bevolking;Haarlemmerliede en Spaarnwoude;2017;5288;4140;689;321;368;459;251;208;393
5052;Totaal over alle leeftijden;Totaal bevolking;Haarlemmerliede en Spaarnwoude;2018;5262;4061;714;326;388;487;264;223;393
5053;Totaal over alle leeftijden;Totaal bevolking;Haarlemmerliede en Spaarnwoude;2019;5232;3993;732;351;381;507;268;239;393
5054;Totaal over alle leeftijden;Totaal bevolking;Haarlemmerliede en Spaarnwoude;2020;5211;3940;752;372;380;519;271;248;393
5055;Totaal over alle leeftijden;Totaal bevolking;Haarlemmerliede en Spaarnwoude;2021;5181;3866;776;380;396;539;282;257;393
5056;Totaal over alle leeftijden;Totaal bevolking;Haarlemmerliede en Spaarnwoude;2022;5148;3812;785;389;396;551;296;255;393
5057;Totaal over alle leeftijden;Totaal bevolking;Haarlemmerliede en Spaarnwoude;2023;5133;3766;816;407;409;551;296;255;393
5058;Totaal over alle leeftijden;Totaal bevolking;Haarlemmerliede en Spaarnwoude;2024;5150;3743;828;416;412;579;312;267;393
5059;Totaal over alle leeftijden;Totaal bevolking;Haarlemmerliede en Spaarnwoude;2025;5148;3708;852;435;417;588;317;271;393
5060;Totaal over alle leeftijden;Totaal bevolking;Haarlemmermeer;2006;134119;107051;12961;5508;7453;14107;8030;6077;394
5061;Totaal over alle leeftijden;Totaal bevolking;Haarlemmermeer;2007;136624;108685;13171;5737;7434;14768;8381;6387;394
5062;Totaal over alle leeftijden;Totaal bevolking;Haarlemmermeer;2008;139231;110374;13411;5993;7418;15446;8761;6685;394
5063;Totaal over alle leeftijden;Totaal bevolking;Haarlemmermeer;2009;141836;112020;13688;6286;7402;16128;9133;6995;394
5064;Totaal over alle leeftijden;Totaal bevolking;Haarlemmermeer;2010;145376;114264;14098;6656;7442;17014;9644;7370;394
5065;Totaal over alle leeftijden;Totaal bevolking;Haarlemmermeer;2011;148928;116535;14524;7079;7445;17869;10150;7719;394
5066;Totaal over alle leeftijden;Totaal bevolking;Haarlemmermeer;2012;152492;118686;15066;7541;7525;18740;10652;8088;394
5067;Totaal over alle leeftijden;Totaal bevolking;Haarlemmermeer;2013;156036;120824;15625;8050;7575;19587;11089;8498;394
5068;Totaal over alle leeftijden;Totaal bevolking;Haarlemmermeer;2014;159513;122878;16222;8552;7670;20413;11539;8874;394
5069;Totaal over alle leeftijden;Totaal bevolking;Haarlemmermeer;2015;162926;124809;16777;9024;7753;21340;12035;9305;394
5070;Totaal over alle leeftijden;Totaal bevolking;Haarlemmermeer;2016;166230;126591;17404;9580;7824;22235;12524;9711;394
5071;Totaal over alle leeftijden;Totaal bevolking;Haarlemmermeer;2017;169469;128432;17998;10111;7887;23039;12930;10109;394
5072;Totaal over alle leeftijden;Totaal bevolking;Haarlemmermeer;2018;172634;130178;18610;10628;7982;23846;13369;10477;394
5073;Totaal over alle leeftijden;Totaal bevolking;Haarlemmermeer;2019;175728;131794;19292;11203;8089;24642;13809;10833;394
5074;Totaal over alle leeftijden;Totaal bevolking;Haarlemmermeer;2020;178739;133355;19942;11737;8205;25442;14206;11236;394
5075;Totaal over alle leeftijden;Totaal bevolking;Haarlemmermeer;2021;181624;134820;20583;12288;8295;26221;14598;11623;394
5076;Totaal over alle leeftijden;Totaal bevolking;Haarlemmermeer;2022;184402;136254;21189;12788;8401;26959;14965;11994;394
5077;Totaal over alle leeftijden;Totaal bevolking;Haarlemmermeer;2023;187093;137613;21869;13321;8548;27611;15258;12353;394
5078;Totaal over alle leeftijden;Totaal bevolking;Haarlemmermeer;2024;189636;138821;22504;13796;8708;28311;15575;12736;394
5079;Totaal over alle leeftijden;Totaal bevolking;Haarlemmermeer;2025;192006;139900;23104;14281;8823;29002;15892;13110;394
5080;Totaal over alle leeftijden;Totaal bevolking;Haelen;2006;9966;8819;943;346;597;204;115;89;914
5081;Totaal over alle leeftijden;Totaal bevolking;Haelen;2007;9930;8777;940;347;593;213;120;93;914
5082;Totaal over alle leeftijden;Totaal bevolking;Haelen;2008;9884;8710;943;346;597;231;131;100;914
5083;Totaal over alle leeftijden;Totaal bevolking;Haelen;2009;9849;8642;954;353;601;253;143;110;914
5084;Totaal over alle leeftijden;Totaal bevolking;Haelen;2010;9812;8592;962;359;603;258;151;107;914
5085;Totaal over alle leeftijden;Totaal bevolking;Haelen;2011;9773;8513;991;365;626;269;156;113;914
5086;Totaal over alle leeftijden;Totaal bevolking;Haelen;2012;9729;8443;991;369;622;295;168;127;914
5087;Totaal over alle leeftijden;Totaal bevolking;Haelen;2013;9675;8373;988;367;621;314;182;132;914
5088;Totaal over alle leeftijden;Totaal bevolking;Haelen;2014;9628;8317;995;369;626;316;176;140;914
5089;Totaal over alle leeftijden;Totaal bevolking;Haelen;2015;9580;8224;1023;382;641;333;192;141;914
5090;Totaal over alle leeftijden;Totaal bevolking;Haelen;2016;9519;8150;1028;383;645;341;195;146;914
5091;Totaal over alle leeftijden;Totaal bevolking;Haelen;2017;9469;8087;1027;380;647;355;200;155;914
5092;Totaal over alle leeftijden;Totaal bevolking;Haelen;2018;9411;8033;1007;370;637;371;204;167;914
5093;Totaal over alle leeftijden;Totaal bevolking;Haelen;2019;9369;7974;1013;374;639;382;212;170;914
5094;Totaal over alle leeftijden;Totaal bevolking;Haelen;2020;9316;7928;998;367;631;390;214;176;914
5095;Totaal over alle leeftijden;Totaal bevolking;Haelen;2021;9266;7866;1003;362;641;397;215;182;914
5096;Totaal over alle leeftijden;Totaal bevolking;Haelen;2022;9207;7777;1025;365;660;405;221;184;914
5097;Totaal over alle leeftijden;Totaal bevolking;Haelen;2023;9174;7718;1035;367;668;421;236;185;914
5098;Totaal over alle leeftijden;Totaal bevolking;Haelen;2024;9112;7640;1038;373;665;434;243;191;914
5099;Totaal over alle leeftijden;Totaal bevolking;Haelen;2025;9064;7571;1052;384;668;441;248;193;914
5100;Totaal over alle leeftijden;Totaal bevolking;Halderberge;2006;29426;26064;1571;601;970;1791;1039;752;1655
5101;Totaal over alle leeftijden;Totaal bevolking;Halderberge;2007;29378;25982;1605;610;995;1791;1020;771;1655
5102;Totaal over alle leeftijden;Totaal bevolking;Halderberge;2008;29285;25876;1607;615;992;1802;1034;768;1655
5103;Totaal over alle leeftijden;Totaal bevolking;Halderberge;2009;29180;25745;1626;616;1010;1809;1034;775;1655
5104;Totaal over alle leeftijden;Totaal bevolking;Halderberge;2010;29071;25628;1630;605;1025;1813;1032;781;1655
5105;Totaal over alle leeftijden;Totaal bevolking;Halderberge;2011;28958;25496;1639;605;1034;1823;1047;776;1655
5106;Totaal over alle leeftijden;Totaal bevolking;Halderberge;2012;28844;25363;1666;620;1046;1815;1035;780;1655
5107;Totaal over alle leeftijden;Totaal bevolking;Halderberge;2013;28742;25228;1706;632;1074;1808;1025;783;1655
5108;Totaal over alle leeftijden;Totaal bevolking;Halderberge;2014;28644;25113;1749;652;1097;1782;1008;774;1655
5109;Totaal over alle leeftijden;Totaal bevolking;Halderberge;2015;28546;24995;1777;665;1112;1774;1006;768;1655
5110;Totaal over alle leeftijden;Totaal bevolking;Halderberge;2016;28438;24865;1797;671;1126;1776;1013;763;1655
5111;Totaal over alle leeftijden;Totaal bevolking;Halderberge;2017;28338;24738;1819;675;1144;1781;1016;765;1655
5112;Totaal over alle leeftijden;Totaal bevolking;Halderberge;2018;28236;24616;1822;674;1148;1798;1020;778;1655
5113;Totaal over alle leeftijden;Totaal bevolking;Halderberge;2019;28144;24494;1847;690;1157;1803;1019;784;1655
5114;Totaal over alle leeftijden;Totaal bevolking;Halderberge;2020;28064;24380;1858;692;1166;1826;1035;791;1655
5115;Totaal over alle leeftijden;Totaal bevolking;Halderberge;2021;27966;24270;1888;715;1173;1808;1018;790;1655
5116;Totaal over alle leeftijden;Totaal bevolking;Halderberge;2022;27889;24183;1900;721;1179;1806;1007;799;1655
5117;Totaal over alle leeftijden;Totaal bevolking;Halderberge;2023;27814;24083;1912;718;1194;1819;1014;805;1655
5118;Totaal over alle leeftijden;Totaal bevolking;Halderberge;2024;27736;23981;1946;749;1197;1809;1009;800;1655
5119;Totaal over alle leeftijden;Totaal bevolking;Halderberge;2025;27669;23908;1951;738;1213;1810;1007;803;1655
5120;Totaal over alle leeftijden;Totaal bevolking;Hardenberg;2006;58001;54597;2322;582;1740;1082;698;384;160
5121;Totaal over alle leeftijden;Totaal bevolking;Hardenberg;2007;58160;54646;2365;594;1771;1149;730;419;160
5122;Totaal over alle leeftijden;Totaal bevolking;Hardenberg;2008;58178;54638;2377;602;1775;1163;722;441;160
5123;Totaal over alle leeftijden;Totaal bevolking;Hardenberg;2009;58171;54545;2398;613;1785;1228;743;485;160
5124;Totaal over alle leeftijden;Totaal bevolking;Hardenberg;2010;58155;54451;2415;608;1807;1289;755;534;160
5125;Totaal over alle leeftijden;Totaal bevolking;Hardenberg;2011;58141;54348;2439;625;1814;1354;781;573;160
5126;Totaal over alle leeftijden;Totaal bevolking;Hardenberg;2012;58117;54244;2478;642;1836;1395;792;603;160
5127;Totaal over alle leeftijden;Totaal bevolking;Hardenberg;2013;58080;54107;2520;648;1872;1453;820;633;160
5128;Totaal over alle leeftijden;Totaal bevolking;Hardenberg;2014;58049;54025;2531;668;1863;1493;833;660;160
5129;Totaal over alle leeftijden;Totaal bevolking;Hardenberg;2015;58009;53903;2562;683;1879;1544;842;702;160
5130;Totaal over alle leeftijden;Totaal bevolking;Hardenberg;2016;57973;53771;2573;696;1877;1629;884;745;160
5131;Totaal over alle leeftijden;Totaal bevolking;Hardenberg;2017;57941;53674;2585;714;1871;1682;905;777;160
5132;Totaal over alle leeftijden;Totaal bevolking;Hardenberg;2018;57904;53564;2626;742;1884;1714;900;814;160
5133;Totaal over alle leeftijden;Totaal bevolking;Hardenberg;2019;57861;53446;2651;761;1890;1764;927;837;160
5134;Totaal over alle leeftijden;Totaal bevolking;Hardenberg;2020;57829;53346;2688;774;1914;1795;949;846;160
5135;Totaal over alle leeftijden;Totaal bevolking;Hardenberg;2021;57787;53235;2717;793;1924;1835;966;869;160
5136;Totaal over alle leeftijden;Totaal bevolking;Hardenberg;2022;57747;53114;2745;814;1931;1888;998;890;160
5137;Totaal over alle leeftijden;Totaal bevolking;Hardenberg;2023;57700;53023;2757;825;1932;1920;1010;910;160
5138;Totaal over alle leeftijden;Totaal bevolking;Hardenberg;2024;57665;52925;2758;826;1932;1982;1038;944;160
5139;Totaal over alle leeftijden;Totaal bevolking;Hardenberg;2025;57619;52837;2773;833;1940;2009;1040;969;160
5140;Totaal over alle leeftijden;Totaal bevolking;Harderwijk;2006;41500;34902;2472;814;1658;4126;2372;1754;243
5141;Totaal over alle leeftijden;Totaal bevolking;Harderwijk;2007;41877;35214;2472;820;1652;4191;2369;1822;243
5142;Totaal over alle leeftijden;Totaal bevolking;Harderwijk;2008;42062;35353;2495;844;1651;4214;2353;1861;243
5143;Totaal over alle leeftijden;Totaal bevolking;Harderwijk;2009;42230;35439;2520;840;1680;4271;2356;1915;243
5144;Totaal over alle leeftijden;Totaal bevolking;Harderwijk;2010;42363;35482;2543;861;1682;4338;2379;1959;243
5145;Totaal over alle leeftijden;Totaal bevolking;Harderwijk;2011;42502;35582;2539;861;1678;4381;2388;1993;243
5146;Totaal over alle leeftijden;Totaal bevolking;Harderwijk;2012;42648;35687;2553;868;1685;4408;2369;2039;243
5147;Totaal over alle leeftijden;Totaal bevolking;Harderwijk;2013;42790;35767;2586;907;1679;4437;2365;2072;243
5148;Totaal over alle leeftijden;Totaal bevolking;Harderwijk;2014;42919;35833;2624;941;1683;4462;2380;2082;243
5149;Totaal over alle leeftijden;Totaal bevolking;Harderwijk;2015;43059;35894;2672;971;1701;4493;2388;2105;243
5150;Totaal over alle leeftijden;Totaal bevolking;Harderwijk;2016;43182;35990;2697;992;1705;4495;2375;2120;243
5151;Totaal over alle leeftijden;Totaal bevolking;Harderwijk;2017;43295;36080;2715;1023;1692;4500;2375;2125;243
5152;Totaal over alle leeftijden;Totaal bevolking;Harderwijk;2018;43414;36154;2736;1046;1690;4524;2384;2140;243
5153;Totaal over alle leeftijden;Totaal bevolking;Harderwijk;2019;43528;36244;2780;1078;1702;4504;2383;2121;243
5154;Totaal over alle leeftijden;Totaal bevolking;Harderwijk;2020;43620;36322;2787;1085;1702;4511;2380;2131;243
5155;Totaal over alle leeftijden;Totaal bevolking;Harderwijk;2021;43721;36418;2808;1108;1700;4495;2382;2113;243
5156;Totaal over alle leeftijden;Totaal bevolking;Harderwijk;2022;43806;36470;2821;1130;1691;4515;2403;2112;243
5157;Totaal over alle leeftijden;Totaal bevolking;Harderwijk;2023;43899;36523;2859;1149;1710;4517;2421;2096;243
5158;Totaal over alle leeftijden;Totaal bevolking;Harderwijk;2024;43973;36605;2861;1155;1706;4507;2440;2067;243
5159;Totaal over alle leeftijden;Totaal bevolking;Harderwijk;2025;44055;36649;2881;1162;1719;4525;2453;2072;243
5160;Totaal over alle leeftijden;Totaal bevolking;Hardinxveld-Giessendam;2006;17787;16872;562;194;368;353;202;151;523
5161;Totaal over alle leeftijden;Totaal bevolking;Hardinxveld-Giessendam;2007;17731;16751;591;211;380;389;222;167;523
5162;Totaal over alle leeftijden;Totaal bevolking;Hardinxveld-Giessendam;2008;17686;16618;639;231;408;429;246;183;523
5163;Totaal over alle leeftijden;Totaal bevolking;Hardinxveld-Giessendam;2009;17656;16518;668;240;428;470;270;200;523
5164;Totaal over alle leeftijden;Totaal bevolking;Hardinxveld-Giessendam;2010;17602;16406;698;249;449;498;276;222;523
5165;Totaal over alle leeftijden;Totaal bevolking;Hardinxveld-Giessendam;2011;17536;16270;735;274;461;531;292;239;523
5166;Totaal over alle leeftijden;Totaal bevolking;Hardinxveld-Giessendam;2012;17480;16150;771;283;488;559;312;247;523
5167;Totaal over alle leeftijden;Totaal bevolking;Hardinxveld-Giessendam;2013;17422;16048;800;294;506;574;313;261;523
5168;Totaal over alle leeftijden;Totaal bevolking;Hardinxveld-Giessendam;2014;17362;15924;845;311;534;593;323;270;523
5169;Totaal over alle leeftijden;Totaal bevolking;Hardinxveld-Giessendam;2015;17303;15804;886;338;548;613;331;282;523
5170;Totaal over alle leeftijden;Totaal bevolking;Hardinxveld-Giessendam;2016;17251;15693;917;348;569;641;344;297;523
5171;Totaal over alle leeftijden;Totaal bevolking;Hardinxveld-Giessendam;2017;17206;15594;936;351;585;676;361;315;523
5172;Totaal over alle leeftijden;Totaal bevolking;Hardinxveld-Giessendam;2018;17157;15464;976;368;608;717;381;336;523
5173;Totaal over alle leeftijden;Totaal bevolking;Hardinxveld-Giessendam;2019;17122;15348;1019;386;633;755;395;360;523
5174;Totaal over alle leeftijden;Totaal bevolking;Hardinxveld-Giessendam;2020;17077;15248;1048;399;649;781;403;378;523
5175;Totaal over alle leeftijden;Totaal bevolking;Hardinxveld-Giessendam;2021;17031;15165;1067;411;656;799;420;379;523
5176;Totaal over alle leeftijden;Totaal bevolking;Hardinxveld-Giessendam;2022;16988;15053;1109;423;686;826;434;392;523
5177;Totaal over alle leeftijden;Totaal bevolking;Hardinxveld-Giessendam;2023;16947;14948;1135;431;704;864;457;407;523
5178;Totaal over alle leeftijden;Totaal bevolking;Hardinxveld-Giessendam;2024;16897;14855;1157;445;712;885;459;426;523
5179;Totaal over alle leeftijden;Totaal bevolking;Hardinxveld-Giessendam;2025;16839;14719;1204;462;742;916;470;446;523
5180;Totaal over alle leeftijden;Totaal bevolking;Haren;2006;18921;16642;1546;646;900;733;483;250;17
5181;Totaal over alle leeftijden;Totaal bevolking;Haren;2007;18862;16514;1579;656;923;769;499;270;17
5182;Totaal over alle leeftijden;Totaal bevolking;Haren;2008;18826;16427;1613;675;938;786;496;290;17
5183;Totaal over alle leeftijden;Totaal bevolking;Haren;2009;18791;16300;1646;670;976;845;524;321;17
5184;Totaal over alle leeftijden;Totaal bevolking;Haren;2010;18776;16181;1701;693;1008;894;544;350;17
5185;Totaal over alle leeftijden;Totaal bevolking;Haren;2011;18760;16105;1729;711;1018;926;550;376;17
5186;Totaal over alle leeftijden;Totaal bevolking;Haren;2012;18744;15996;1778;739;1039;970;559;411;17
5187;Totaal over alle leeftijden;Totaal bevolking;Haren;2013;18735;15925;1802;766;1036;1008;570;438;17
5188;Totaal over alle leeftijden;Totaal bevolking;Haren;2014;18730;15840;1850;778;1072;1040;568;472;17
5189;Totaal over alle leeftijden;Totaal bevolking;Haren;2015;18738;15764;1856;790;1066;1118;600;518;17
5190;Totaal over alle leeftijden;Totaal bevolking;Haren;2016;18750;15667;1894;808;1086;1189;620;569;17
5191;Totaal over alle leeftijden;Totaal bevolking;Haren;2017;18754;15575;1955;840;1115;1224;637;587;17
5192;Totaal over alle leeftijden;Totaal bevolking;Haren;2018;18758;15495;2003;862;1141;1260;640;620;17
5193;Totaal over alle leeftijden;Totaal bevolking;Haren;2019;18776;15441;2036;883;1153;1299;651;648;17
5194;Totaal over alle leeftijden;Totaal bevolking;Haren;2020;18796;15387;2080;903;1177;1329;645;684;17
5195;Totaal over alle leeftijden;Totaal bevolking;Haren;2021;18812;15345;2119;925;1194;1348;647;701;17
5196;Totaal over alle leeftijden;Totaal bevolking;Haren;2022;18836;15299;2165;952;1213;1372;659;713;17
5197;Totaal over alle leeftijden;Totaal bevolking;Haren;2023;18859;15225;2224;972;1252;1410;678;732;17
5198;Totaal over alle leeftijden;Totaal bevolking;Haren;2024;18883;15136;2280;995;1285;1467;691;776;17
5199;Totaal over alle leeftijden;Totaal bevolking;Haren;2025;18904;15045;2337;1028;1309;1522;714;808;17
5200;Totaal over alle leeftijden;Totaal bevolking;Harenkarspel;2006;15836;14653;818;330;488;365;225;140;395
5201;Totaal over alle leeftijden;Totaal bevolking;Harenkarspel;2007;15884;14623;859;344;515;402;247;155;395
5202;Totaal over alle leeftijden;Totaal bevolking;Harenkarspel;2008;15887;14542;898;354;544;447;274;173;395
5203;Totaal over alle leeftijden;Totaal bevolking;Harenkarspel;2009;15901;14478;934;373;561;489;299;190;395
5204;Totaal over alle leeftijden;Totaal bevolking;Harenkarspel;2010;15894;14399;969;381;588;526;323;203;395
5205;Totaal over alle leeftijden;Totaal bevolking;Harenkarspel;2011;15894;14329;1013;394;619;552;339;213;395
5206;Totaal over alle leeftijden;Totaal bevolking;Harenkarspel;2012;15892;14274;1033;405;628;585;354;231;395
5207;Totaal over alle leeftijden;Totaal bevolking;Harenkarspel;2013;15882;14203;1069;414;655;610;369;241;395
5208;Totaal over alle leeftijden;Totaal bevolking;Harenkarspel;2014;15888;14145;1091;419;672;652;382;270;395
5209;Totaal over alle leeftijden;Totaal bevolking;Harenkarspel;2015;15888;14077;1125;436;689;686;404;282;395
5210;Totaal over alle leeftijden;Totaal bevolking;Harenkarspel;2016;15879;13991;1169;452;717;719;413;306;395
5211;Totaal over alle leeftijden;Totaal bevolking;Harenkarspel;2017;15875;13923;1207;466;741;745;424;321;395
5212;Totaal over alle leeftijden;Totaal bevolking;Harenkarspel;2018;15865;13837;1238;478;760;790;457;333;395
5213;Totaal over alle leeftijden;Totaal bevolking;Harenkarspel;2019;15859;13765;1270;497;773;824;475;349;395
5214;Totaal over alle leeftijden;Totaal bevolking;Harenkarspel;2020;15851;13698;1310;508;802;843;471;372;395
5215;Totaal over alle leeftijden;Totaal bevolking;Harenkarspel;2021;15838;13594;1360;540;820;884;499;385;395
5216;Totaal over alle leeftijden;Totaal bevolking;Harenkarspel;2022;15836;13553;1377;548;829;906;501;405;395
5217;Totaal over alle leeftijden;Totaal bevolking;Harenkarspel;2023;15822;13487;1394;551;843;941;526;415;395
5218;Totaal over alle leeftijden;Totaal bevolking;Harenkarspel;2024;15818;13430;1416;568;848;972;529;443;395
5219;Totaal over alle leeftijden;Totaal bevolking;Harenkarspel;2025;15805;13369;1431;582;849;1005;543;462;395
5220;Totaal over alle leeftijden;Totaal bevolking;Harlingen;2006;15870;13778;1257;540;717;835;587;248;72
5221;Totaal over alle leeftijden;Totaal bevolking;Harlingen;2007;15877;13777;1260;534;726;840;589;251;72
5222;Totaal over alle leeftijden;Totaal bevolking;Harlingen;2008;15847;13743;1263;536;727;841;589;252;72
5223;Totaal over alle leeftijden;Totaal bevolking;Harlingen;2009;15808;13724;1259;528;731;825;571;254;72
5224;Totaal over alle leeftijden;Totaal bevolking;Harlingen;2010;15776;13709;1252;516;736;815;553;262;72
5225;Totaal over alle leeftijden;Totaal bevolking;Harlingen;2011;15740;13647;1262;527;735;831;570;261;72
5226;Totaal over alle leeftijden;Totaal bevolking;Harlingen;2012;15704;13593;1282;546;736;829;562;267;72
5227;Totaal over alle leeftijden;Totaal bevolking;Harlingen;2013;15677;13536;1289;553;736;852;573;279;72
5228;Totaal over alle leeftijden;Totaal bevolking;Harlingen;2014;15640;13473;1312;582;730;855;564;291;72
5229;Totaal over alle leeftijden;Totaal bevolking;Harlingen;2015;15608;13417;1321;592;729;870;577;293;72
5230;Totaal over alle leeftijden;Totaal bevolking;Harlingen;2016;15583;13396;1328;608;720;859;571;288;72
5231;Totaal over alle leeftijden;Totaal bevolking;Harlingen;2017;15558;13347;1346;629;717;865;566;299;72
5232;Totaal over alle leeftijden;Totaal bevolking;Harlingen;2018;15540;13297;1365;646;719;878;571;307;72
5233;Totaal over alle leeftijden;Totaal bevolking;Harlingen;2019;15522;13277;1376;651;725;869;571;298;72
5234;Totaal over alle leeftijden;Totaal bevolking;Harlingen;2020;15505;13252;1373;651;722;880;580;300;72
5235;Totaal over alle leeftijden;Totaal bevolking;Harlingen;2021;15497;13197;1400;656;744;900;604;296;72
5236;Totaal over alle leeftijden;Totaal bevolking;Harlingen;2022;15488;13177;1410;660;750;901;598;303;72
5237;Totaal over alle leeftijden;Totaal bevolking;Harlingen;2023;15473;13138;1417;665;752;918;606;312;72
5238;Totaal over alle leeftijden;Totaal bevolking;Harlingen;2024;15465;13091;1443;698;745;931;613;318;72
5239;Totaal over alle leeftijden;Totaal bevolking;Harlingen;2025;15450;13019;1484;725;759;947;623;324;72
5240;Totaal over alle leeftijden;Totaal bevolking;Hattem;2006;11704;10845;550;179;371;309;184;125;244
5241;Totaal over alle leeftijden;Totaal bevolking;Hattem;2007;11679;10763;581;183;398;335;196;139;244
5242;Totaal over alle leeftijden;Totaal bevolking;Hattem;2008;11648;10676;612;187;425;360;216;144;244
5243;Totaal over alle leeftijden;Totaal bevolking;Hattem;2009;11608;10574;643;193;450;391;236;155;244
5244;Totaal over alle leeftijden;Totaal bevolking;Hattem;2010;11561;10477;668;200;468;416;247;169;244
5245;Totaal over alle leeftijden;Totaal bevolking;Hattem;2011;11513;10385;690;207;483;438;262;176;244
5246;Totaal over alle leeftijden;Totaal bevolking;Hattem;2012;11469;10289;728;229;499;452;266;186;244
5247;Totaal over alle leeftijden;Totaal bevolking;Hattem;2013;11434;10230;744;239;505;460;263;197;244
5248;Totaal over alle leeftijden;Totaal bevolking;Hattem;2014;11393;10156;753;239;514;484;276;208;244
5249;Totaal over alle leeftijden;Totaal bevolking;Hattem;2015;11353;10086;778;253;525;489;274;215;244
5250;Totaal over alle leeftijden;Totaal bevolking;Hattem;2016;11315;10002;811;255;556;502;280;222;244
5251;Totaal over alle leeftijden;Totaal bevolking;Hattem;2017;11281;9925;849;269;580;507;277;230;244
5252;Totaal over alle leeftijden;Totaal bevolking;Hattem;2018;11253;9862;868;276;592;523;273;250;244
5253;Totaal over alle leeftijden;Totaal bevolking;Hattem;2019;11227;9799;884;282;602;544;280;264;244
5254;Totaal over alle leeftijden;Totaal bevolking;Hattem;2020;11188;9736;891;281;610;561;290;271;244
5255;Totaal over alle leeftijden;Totaal bevolking;Hattem;2021;11155;9664;899;290;609;592;306;286;244
5256;Totaal over alle leeftijden;Totaal bevolking;Hattem;2022;11129;9597;901;284;617;631;333;298;244
5257;Totaal over alle leeftijden;Totaal bevolking;Hattem;2023;11099;9534;917;290;627;648;334;314;244
5258;Totaal over alle leeftijden;Totaal bevolking;Hattem;2024;11076;9475;923;287;636;678;353;325;244
5259;Totaal over alle leeftijden;Totaal bevolking;Hattem;2025;11059;9417;929;281;648;713;365;348;244
5260;Totaal over alle leeftijden;Totaal bevolking;Heel;2006;8314;7361;802;217;585;151;93;58;1937
5261;Totaal over alle leeftijden;Totaal bevolking;Heel;2007;8282;7331;802;210;592;149;91;58;1937
5262;Totaal over alle leeftijden;Totaal bevolking;Heel;2008;8252;7302;798;210;588;152;94;58;1937
5263;Totaal over alle leeftijden;Totaal bevolking;Heel;2009;8209;7245;807;214;593;157;98;59;1937
5264;Totaal over alle leeftijden;Totaal bevolking;Heel;2010;8180;7191;825;219;606;164;106;58;1937
5265;Totaal over alle leeftijden;Totaal bevolking;Heel;2011;8149;7135;834;225;609;180;115;65;1937
5266;Totaal over alle leeftijden;Totaal bevolking;Heel;2012;8112;7094;835;230;605;183;119;64;1937
5267;Totaal over alle leeftijden;Totaal bevolking;Heel;2013;8086;7058;836;228;608;192;122;70;1937
5268;Totaal over alle leeftijden;Totaal bevolking;Heel;2014;8060;7009;849;238;611;202;121;81;1937
5269;Totaal over alle leeftijden;Totaal bevolking;Heel;2015;8026;6951;860;246;614;215;120;95;1937
5270;Totaal over alle leeftijden;Totaal bevolking;Heel;2016;7996;6891;880;256;624;225;130;95;1937
5271;Totaal over alle leeftijden;Totaal bevolking;Heel;2017;7963;6846;870;260;610;247;144;103;1937
5272;Totaal over alle leeftijden;Totaal bevolking;Heel;2018;7917;6795;864;256;608;258;150;108;1937
5273;Totaal over alle leeftijden;Totaal bevolking;Heel;2019;7885;6719;883;273;610;283;165;118;1937
5274;Totaal over alle leeftijden;Totaal bevolking;Heel;2020;7854;6671;886;281;605;297;171;126;1937
5275;Totaal over alle leeftijden;Totaal bevolking;Heel;2021;7814;6626;880;279;601;308;176;132;1937
5276;Totaal over alle leeftijden;Totaal bevolking;Heel;2022;7775;6563;881;289;592;331;182;149;1937
5277;Totaal over alle leeftijden;Totaal bevolking;Heel;2023;7741;6529;871;282;589;341;193;148;1937
5278;Totaal over alle leeftijden;Totaal bevolking;Heel;2024;7708;6494;870;279;591;344;193;151;1937
5279;Totaal over alle leeftijden;Totaal bevolking;Heel;2025;7675;6460;866;280;586;349;187;162;1937
5280;Totaal over alle leeftijden;Totaal bevolking;Heemskerk;2006;36158;29741;3462;1490;1972;2955;1715;1240;396
5281;Totaal over alle leeftijden;Totaal bevolking;Heemskerk;2007;36576;30002;3530;1506;2024;3044;1731;1313;396
5282;Totaal over alle leeftijden;Totaal bevolking;Heemskerk;2008;37022;30301;3598;1530;2068;3123;1737;1386;396
5283;Totaal over alle leeftijden;Totaal bevolking;Heemskerk;2009;37472;30561;3664;1544;2120;3247;1758;1489;396
5284;Totaal over alle leeftijden;Totaal bevolking;Heemskerk;2010;37871;30830;3729;1565;2164;3312;1764;1548;396
5285;Totaal over alle leeftijden;Totaal bevolking;Heemskerk;2011;38248;31058;3789;1596;2193;3401;1767;1634;396
5286;Totaal over alle leeftijden;Totaal bevolking;Heemskerk;2012;38649;31273;3882;1622;2260;3494;1775;1719;396
5287;Totaal over alle leeftijden;Totaal bevolking;Heemskerk;2013;39042;31507;3923;1645;2278;3612;1788;1824;396
5288;Totaal over alle leeftijden;Totaal bevolking;Heemskerk;2014;39411;31721;3975;1656;2319;3715;1795;1920;396
5289;Totaal over alle leeftijden;Totaal bevolking;Heemskerk;2015;39767;31939;4022;1666;2356;3806;1800;2006;396
5290;Totaal over alle leeftijden;Totaal bevolking;Heemskerk;2016;40139;32167;4064;1670;2394;3908;1819;2089;396
5291;Totaal over alle leeftijden;Totaal bevolking;Heemskerk;2017;40493;32386;4079;1681;2398;4028;1847;2181;396
5292;Totaal over alle leeftijden;Totaal bevolking;Heemskerk;2018;40835;32609;4131;1697;2434;4095;1871;2224;396
5293;Totaal over alle leeftijden;Totaal bevolking;Heemskerk;2019;41199;32833;4201;1729;2472;4165;1885;2280;396
5294;Totaal over alle leeftijden;Totaal bevolking;Heemskerk;2020;41554;33048;4266;1750;2516;4240;1902;2338;396
5295;Totaal over alle leeftijden;Totaal bevolking;Heemskerk;2021;41889;33261;4293;1759;2534;4335;1921;2414;396
5296;Totaal over alle leeftijden;Totaal bevolking;Heemskerk;2022;42226;33507;4327;1770;2557;4392;1935;2457;396
5297;Totaal over alle leeftijden;Totaal bevolking;Heemskerk;2023;42580;33715;4366;1779;2587;4499;1965;2534;396
5298;Totaal over alle leeftijden;Totaal bevolking;Heemskerk;2024;42901;33904;4414;1800;2614;4583;1996;2587;396
5299;Totaal over alle leeftijden;Totaal bevolking;Heemskerk;2025;43212;34153;4438;1832;2606;4621;1990;2631;396
5300;Totaal over alle leeftijden;Totaal bevolking;Heemstede;2006;25446;20981;3205;1134;2071;1260;693;567;397
5301;Totaal over alle leeftijden;Totaal bevolking;Heemstede;2007;25559;20964;3270;1138;2132;1325;709;616;397
5302;Totaal over alle leeftijden;Totaal bevolking;Heemstede;2008;25701;20928;3334;1157;2177;1439;753;686;397
5303;Totaal over alle leeftijden;Totaal bevolking;Heemstede;2009;25833;20886;3421;1209;2212;1526;776;750;397
5304;Totaal over alle leeftijden;Totaal bevolking;Heemstede;2010;25923;20826;3487;1253;2234;1610;799;811;397
5305;Totaal over alle leeftijden;Totaal bevolking;Heemstede;2011;26016;20718;3590;1304;2286;1708;816;892;397
5306;Totaal over alle leeftijden;Totaal bevolking;Heemstede;2012;26119;20646;3667;1340;2327;1806;840;966;397
5307;Totaal over alle leeftijden;Totaal bevolking;Heemstede;2013;26210;20532;3762;1389;2373;1916;880;1036;397
5308;Totaal over alle leeftijden;Totaal bevolking;Heemstede;2014;26318;20428;3887;1471;2416;2003;908;1095;397
5309;Totaal over alle leeftijden;Totaal bevolking;Heemstede;2015;26432;20330;3997;1533;2464;2105;956;1149;397
5310;Totaal over alle leeftijden;Totaal bevolking;Heemstede;2016;26528;20232;4095;1577;2518;2201;981;1220;397
5311;Totaal over alle leeftijden;Totaal bevolking;Heemstede;2017;26622;20144;4163;1599;2564;2315;1025;1290;397
5312;Totaal over alle leeftijden;Totaal bevolking;Heemstede;2018;26730;20023;4271;1677;2594;2436;1068;1368;397
5313;Totaal over alle leeftijden;Totaal bevolking;Heemstede;2019;26834;19883;4387;1737;2650;2564;1114;1450;397
5314;Totaal over alle leeftijden;Totaal bevolking;Heemstede;2020;26946;19767;4458;1767;2691;2721;1177;1544;397
5315;Totaal over alle leeftijden;Totaal bevolking;Heemstede;2021;27057;19690;4555;1803;2752;2812;1200;1612;397
5316;Totaal over alle leeftijden;Totaal bevolking;Heemstede;2022;27174;19611;4588;1819;2769;2975;1255;1720;397
5317;Totaal over alle leeftijden;Totaal bevolking;Heemstede;2023;27284;19501;4689;1886;2803;3094;1302;1792;397
5318;Totaal over alle leeftijden;Totaal bevolking;Heemstede;2024;27408;19405;4812;1947;2865;3191;1349;1842;397
5319;Totaal over alle leeftijden;Totaal bevolking;Heemstede;2025;27516;19315;4889;1966;2923;3312;1409;1903;397
5320;Totaal over alle leeftijden;Totaal bevolking;Heerde;2006;18254;16943;655;254;401;656;510;146;246
5321;Totaal over alle leeftijden;Totaal bevolking;Heerde;2007;18295;16930;702;281;421;663;501;162;246
5322;Totaal over alle leeftijden;Totaal bevolking;Heerde;2008;18282;16869;729;300;429;684;505;179;246
5323;Totaal over alle leeftijden;Totaal bevolking;Heerde;2009;18264;16793;776;319;457;695;509;186;246
5324;Totaal over alle leeftijden;Totaal bevolking;Heerde;2010;18256;16720;806;332;474;730;534;196;246
5325;Totaal over alle leeftijden;Totaal bevolking;Heerde;2011;18240;16655;838;351;487;747;543;204;246
5326;Totaal over alle leeftijden;Totaal bevolking;Heerde;2012;18226;16594;878;380;498;754;540;214;246
5327;Totaal over alle leeftijden;Totaal bevolking;Heerde;2013;18216;16524;911;397;514;781;545;236;246
5328;Totaal over alle leeftijden;Totaal bevolking;Heerde;2014;18190;16470;925;412;513;795;550;245;246
5329;Totaal over alle leeftijden;Totaal bevolking;Heerde;2015;18158;16398;945;421;524;815;558;257;246
5330;Totaal over alle leeftijden;Totaal bevolking;Heerde;2016;18127;16361;946;419;527;820;559;261;246
5331;Totaal over alle leeftijden;Totaal bevolking;Heerde;2017;18111;16289;971;442;529;851;571;280;246
5332;Totaal over alle leeftijden;Totaal bevolking;Heerde;2018;18089;16213;1000;466;534;876;587;289;246
5333;Totaal over alle leeftijden;Totaal bevolking;Heerde;2019;18078;16165;1025;484;541;888;583;305;246
5334;Totaal over alle leeftijden;Totaal bevolking;Heerde;2020;18060;16095;1062;519;543;903;578;325;246
5335;Totaal over alle leeftijden;Totaal bevolking;Heerde;2021;18042;16041;1083;527;556;918;583;335;246
5336;Totaal over alle leeftijden;Totaal bevolking;Heerde;2022;18017;16010;1085;536;549;922;578;344;246
5337;Totaal over alle leeftijden;Totaal bevolking;Heerde;2023;17992;15969;1084;528;556;939;590;349;246
5338;Totaal over alle leeftijden;Totaal bevolking;Heerde;2024;17975;15908;1107;542;565;960;592;368;246
5339;Totaal over alle leeftijden;Totaal bevolking;Heerde;2025;17952;15848;1130;553;577;974;591;383;246
5340;Totaal over alle leeftijden;Totaal bevolking;Heerenveen;2006;43376;38254;2369;981;1388;2753;1813;940;74
5341;Totaal over alle leeftijden;Totaal bevolking;Heerenveen;2007;43445;38257;2384;1004;1380;2804;1818;986;74
5342;Totaal over alle leeftijden;Totaal bevolking;Heerenveen;2008;43395;38124;2413;1034;1379;2858;1851;1007;74
5343;Totaal over alle leeftijden;Totaal bevolking;Heerenveen;2009;43333;38004;2449;1061;1388;2880;1870;1010;74
5344;Totaal over alle leeftijden;Totaal bevolking;Heerenveen;2010;43284;37816;2541;1117;1424;2927;1892;1035;74
5345;Totaal over alle leeftijden;Totaal bevolking;Heerenveen;2011;43238;37675;2591;1161;1430;2972;1925;1047;74
5346;Totaal over alle leeftijden;Totaal bevolking;Heerenveen;2012;43205;37553;2650;1232;1418;3002;1942;1060;74
5347;Totaal over alle leeftijden;Totaal bevolking;Heerenveen;2013;43180;37373;2750;1315;1435;3057;1975;1082;74
5348;Totaal over alle leeftijden;Totaal bevolking;Heerenveen;2014;43147;37178;2828;1377;1451;3141;2047;1094;74
5349;Totaal over alle leeftijden;Totaal bevolking;Heerenveen;2015;43143;37039;2912;1459;1453;3192;2056;1136;74
5350;Totaal over alle leeftijden;Totaal bevolking;Heerenveen;2016;43144;36890;2988;1526;1462;3266;2106;1160;74
5351;Totaal over alle leeftijden;Totaal bevolking;Heerenveen;2017;43132;36706;3072;1594;1478;3354;2160;1194;74
5352;Totaal over alle leeftijden;Totaal bevolking;Heerenveen;2018;43126;36503;3184;1654;1530;3439;2223;1216;74
5353;Totaal over alle leeftijden;Totaal bevolking;Heerenveen;2019;43111;36348;3267;1716;1551;3496;2267;1229;74
5354;Totaal over alle leeftijden;Totaal bevolking;Heerenveen;2020;43113;36194;3359;1799;1560;3560;2298;1262;74
5355;Totaal over alle leeftijden;Totaal bevolking;Heerenveen;2021;43101;36016;3412;1849;1563;3673;2371;1302;74
5356;Totaal over alle leeftijden;Totaal bevolking;Heerenveen;2022;43107;35836;3500;1944;1556;3771;2431;1340;74
5357;Totaal over alle leeftijden;Totaal bevolking;Heerenveen;2023;43116;35646;3586;2000;1586;3884;2492;1392;74
5358;Totaal over alle leeftijden;Totaal bevolking;Heerenveen;2024;43125;35464;3676;2058;1618;3985;2571;1414;74
5359;Totaal over alle leeftijden;Totaal bevolking;Heerenveen;2025;43145;35251;3794;2134;1660;4100;2650;1450;74
5360;Totaal over alle leeftijden;Totaal bevolking;Heerhugowaard;2006;48619;40764;3820;1327;2493;4035;2282;1753;398
5361;Totaal over alle leeftijden;Totaal bevolking;Heerhugowaard;2007;49708;41578;3890;1364;2526;4240;2375;1865;398
5362;Totaal over alle leeftijden;Totaal bevolking;Heerhugowaard;2008;50901;42427;4001;1415;2586;4473;2485;1988;398
5363;Totaal over alle leeftijden;Totaal bevolking;Heerhugowaard;2009;52068;43324;4094;1466;2628;4650;2578;2072;398
5364;Totaal over alle leeftijden;Totaal bevolking;Heerhugowaard;2010;53146;44120;4195;1511;2684;4831;2636;2195;398
5365;Totaal over alle leeftijden;Totaal bevolking;Heerhugowaard;2011;54229;44900;4298;1569;2729;5031;2704;2327;398
5366;Totaal over alle leeftijden;Totaal bevolking;Heerhugowaard;2012;55304;45684;4416;1628;2788;5204;2762;2442;398
5367;Totaal over alle leeftijden;Totaal bevolking;Heerhugowaard;2013;56384;46438;4551;1708;2843;5395;2825;2570;398
5368;Totaal over alle leeftijden;Totaal bevolking;Heerhugowaard;2014;57424;47216;4641;1755;2886;5567;2924;2643;398
5369;Totaal over alle leeftijden;Totaal bevolking;Heerhugowaard;2015;58444;47924;4784;1825;2959;5736;2997;2739;398
5370;Totaal over alle leeftijden;Totaal bevolking;Heerhugowaard;2016;59418;48620;4879;1881;2998;5919;3068;2851;398
5371;Totaal over alle leeftijden;Totaal bevolking;Heerhugowaard;2017;60375;49279;4991;1937;3054;6105;3143;2962;398
5372;Totaal over alle leeftijden;Totaal bevolking;Heerhugowaard;2018;61291;49958;5066;1967;3099;6267;3209;3058;398
5373;Totaal over alle leeftijden;Totaal bevolking;Heerhugowaard;2019;62220;50623;5148;2000;3148;6449;3279;3170;398
5374;Totaal over alle leeftijden;Totaal bevolking;Heerhugowaard;2020;63112;51307;5192;2009;3183;6613;3357;3256;398
5375;Totaal over alle leeftijden;Totaal bevolking;Heerhugowaard;2021;63978;51938;5285;2058;3227;6755;3423;3332;398
5376;Totaal over alle leeftijden;Totaal bevolking;Heerhugowaard;2022;64804;52539;5355;2071;3284;6910;3476;3434;398
5377;Totaal over alle leeftijden;Totaal bevolking;Heerhugowaard;2023;65613;53154;5418;2116;3302;7041;3526;3515;398
5378;Totaal over alle leeftijden;Totaal bevolking;Heerhugowaard;2024;66376;53689;5469;2116;3353;7218;3585;3633;398
5379;Totaal over alle leeftijden;Totaal bevolking;Heerhugowaard;2025;67106;54177;5572;2156;3416;7357;3636;3721;398
5380;Totaal over alle leeftijden;Totaal bevolking;Heerlen;2006;91389;66709;18309;5684;12625;6371;3865;2506;917
5381;Totaal over alle leeftijden;Totaal bevolking;Heerlen;2007;90383;66187;17875;5476;12399;6321;3747;2574;917
5382;Totaal over alle leeftijden;Totaal bevolking;Heerlen;2008;89443;65757;17384;5274;12110;6302;3663;2639;917
5383;Totaal over alle leeftijden;Totaal bevolking;Heerlen;2009;88555;65290;16942;5075;11867;6323;3608;2715;917
5384;Totaal over alle leeftijden;Totaal bevolking;Heerlen;2010;87699;64798;16568;4934;11634;6333;3560;2773;917
5385;Totaal over alle leeftijden;Totaal bevolking;Heerlen;2011;86877;64375;16158;4808;11350;6344;3537;2807;917
5386;Totaal over alle leeftijden;Totaal bevolking;Heerlen;2012;86088;63887;15807;4711;11096;6394;3556;2838;917
5387;Totaal over alle leeftijden;Totaal bevolking;Heerlen;2013;85269;63445;15435;4607;10828;6389;3516;2873;917
5388;Totaal over alle leeftijden;Totaal bevolking;Heerlen;2014;84487;63020;15069;4528;10541;6398;3493;2905;917
5389;Totaal over alle leeftijden;Totaal bevolking;Heerlen;2015;83720;62662;14682;4413;10269;6376;3468;2908;917
5390;Totaal over alle leeftijden;Totaal bevolking;Heerlen;2016;82959;62255;14358;4305;10053;6346;3434;2912;917
5391;Totaal over alle leeftijden;Totaal bevolking;Heerlen;2017;82211;61865;14007;4190;9817;6339;3412;2927;917
5392;Totaal over alle leeftijden;Totaal bevolking;Heerlen;2018;81467;61521;13616;4060;9556;6330;3376;2954;917
5393;Totaal over alle leeftijden;Totaal bevolking;Heerlen;2019;80762;61169;13268;3945;9323;6325;3364;2961;917
5394;Totaal over alle leeftijden;Totaal bevolking;Heerlen;2020;80036;60892;12900;3844;9056;6244;3323;2921;917
5395;Totaal over alle leeftijden;Totaal bevolking;Heerlen;2021;79355;60556;12567;3742;8825;6232;3328;2904;917
5396;Totaal over alle leeftijden;Totaal bevolking;Heerlen;2022;78637;60227;12197;3628;8569;6213;3313;2900;917
5397;Totaal over alle leeftijden;Totaal bevolking;Heerlen;2023;77931;59909;11847;3525;8322;6175;3280;2895;917
5398;Totaal over alle leeftijden;Totaal bevolking;Heerlen;2024;77240;59524;11519;3427;8092;6197;3303;2894;917
5399;Totaal over alle leeftijden;Totaal bevolking;Heerlen;2025;76561;59207;11163;3316;7847;6191;3278;2913;917
5400;Totaal over alle leeftijden;Totaal bevolking;Heeze-Leende;2006;15193;13870;1016;344;672;307;183;124;1658
5401;Totaal over alle leeftijden;Totaal bevolking;Heeze-Leende;2007;15232;13871;1030;346;684;331;201;130;1658
5402;Totaal over alle leeftijden;Totaal bevolking;Heeze-Leende;2008;15262;13852;1067;353;714;343;210;133;1658
5403;Totaal over alle leeftijden;Totaal bevolking;Heeze-Leende;2009;15296;13850;1087;364;723;359;222;137;1658
5404;Totaal over alle leeftijden;Totaal bevolking;Heeze-Leende;2010;15310;13817;1119;379;740;374;224;150;1658
5405;Totaal over alle leeftijden;Totaal bevolking;Heeze-Leende;2011;15330;13778;1145;400;745;407;245;162;1658
5406;Totaal over alle leeftijden;Totaal bevolking;Heeze-Leende;2012;15340;13755;1165;405;760;420;249;171;1658
5407;Totaal over alle leeftijden;Totaal bevolking;Heeze-Leende;2013;15347;13702;1197;434;763;448;259;189;1658
5408;Totaal over alle leeftijden;Totaal bevolking;Heeze-Leende;2014;15353;13642;1227;451;776;484;280;204;1658
5409;Totaal over alle leeftijden;Totaal bevolking;Heeze-Leende;2015;15349;13602;1242;466;776;505;292;213;1658
5410;Totaal over alle leeftijden;Totaal bevolking;Heeze-Leende;2016;15343;13565;1257;479;778;521;293;228;1658
5411;Totaal over alle leeftijden;Totaal bevolking;Heeze-Leende;2017;15343;13525;1280;488;792;538;304;234;1658
5412;Totaal over alle leeftijden;Totaal bevolking;Heeze-Leende;2018;15350;13496;1307;500;807;547;304;243;1658
5413;Totaal over alle leeftijden;Totaal bevolking;Heeze-Leende;2019;15343;13457;1321;505;816;565;309;256;1658
5414;Totaal over alle leeftijden;Totaal bevolking;Heeze-Leende;2020;15331;13424;1349;520;829;558;299;259;1658
5415;Totaal over alle leeftijden;Totaal bevolking;Heeze-Leende;2021;15329;13387;1369;516;853;573;314;259;1658
5416;Totaal over alle leeftijden;Totaal bevolking;Heeze-Leende;2022;15319;13342;1391;521;870;586;320;266;1658
5417;Totaal over alle leeftijden;Totaal bevolking;Heeze-Leende;2023;15319;13309;1397;518;879;613;340;273;1658
5418;Totaal over alle leeftijden;Totaal bevolking;Heeze-Leende;2024;15321;13276;1410;524;886;635;350;285;1658
5419;Totaal over alle leeftijden;Totaal bevolking;Heeze-Leende;2025;15314;13240;1413;528;885;661;361;300;1658
5420;Totaal over alle leeftijden;Totaal bevolking;Heiloo;2006;22013;19616;1654;568;1086;743;458;285;399
5421;Totaal over alle leeftijden;Totaal bevolking;Heiloo;2007;22002;19541;1673;580;1093;788;482;306;399
5422;Totaal over alle leeftijden;Totaal bevolking;Heiloo;2008;22008;19436;1726;595;1131;846;514;332;399
5423;Totaal over alle leeftijden;Totaal bevolking;Heiloo;2009;22010;19342;1767;605;1162;901;550;351;399
5424;Totaal over alle leeftijden;Totaal bevolking;Heiloo;2010;21987;19246;1786;616;1170;955;586;369;399
5425;Totaal over alle leeftijden;Totaal bevolking;Heiloo;2011;21965;19164;1822;631;1191;979;603;376;399
5426;Totaal over alle leeftijden;Totaal bevolking;Heiloo;2012;21936;19050;1871;644;1227;1015;619;396;399
5427;Totaal over alle leeftijden;Totaal bevolking;Heiloo;2013;21912;18947;1905;649;1256;1060;643;417;399
5428;Totaal over alle leeftijden;Totaal bevolking;Heiloo;2014;21880;18842;1939;654;1285;1099;660;439;399
5429;Totaal over alle leeftijden;Totaal bevolking;Heiloo;2015;21857;18747;1968;664;1304;1142;671;471;399
5430;Totaal over alle leeftijden;Totaal bevolking;Heiloo;2016;21844;18662;1998;675;1323;1184;698;486;399
5431;Totaal over alle leeftijden;Totaal bevolking;Heiloo;2017;21834;18576;2020;700;1320;1238;722;516;399
5432;Totaal over alle leeftijden;Totaal bevolking;Heiloo;2018;21821;18486;2035;708;1327;1300;759;541;399
5433;Totaal over alle leeftijden;Totaal bevolking;Heiloo;2019;21804;18396;2068;734;1334;1340;772;568;399
5434;Totaal over alle leeftijden;Totaal bevolking;Heiloo;2020;21787;18310;2088;757;1331;1389;788;601;399
5435;Totaal over alle leeftijden;Totaal bevolking;Heiloo;2021;21779;18224;2122;775;1347;1433;805;628;399
5436;Totaal over alle leeftijden;Totaal bevolking;Heiloo;2022;21780;18146;2145;787;1358;1489;839;650;399
5437;Totaal over alle leeftijden;Totaal bevolking;Heiloo;2023;21766;18067;2161;800;1361;1538;863;675;399
5438;Totaal over alle leeftijden;Totaal bevolking;Heiloo;2024;21766;17998;2172;822;1350;1596;902;694;399
5439;Totaal over alle leeftijden;Totaal bevolking;Heiloo;2025;21764;17909;2211;846;1365;1644;926;718;399
5440;Totaal over alle leeftijden;Totaal bevolking;Helden;2006;19489;17618;1090;378;712;781;427;354;918
5441;Totaal over alle leeftijden;Totaal bevolking;Helden;2007;19487;17561;1130;383;747;796;435;361;918
5442;Totaal over alle leeftijden;Totaal bevolking;Helden;2008;19460;17503;1145;385;760;812;449;363;918
5443;Totaal over alle leeftijden;Totaal bevolking;Helden;2009;19437;17453;1157;386;771;827;461;366;918
5444;Totaal over alle leeftijden;Totaal bevolking;Helden;2010;19410;17386;1169;395;774;855;480;375;918
5445;Totaal over alle leeftijden;Totaal bevolking;Helden;2011;19380;17312;1192;411;781;876;495;381;918
5446;Totaal over alle leeftijden;Totaal bevolking;Helden;2012;19325;17220;1216;421;795;889;502;387;918
5447;Totaal over alle leeftijden;Totaal bevolking;Helden;2013;19290;17148;1228;431;797;914;517;397;918
5448;Totaal over alle leeftijden;Totaal bevolking;Helden;2014;19256;17084;1234;428;806;938;533;405;918
5449;Totaal over alle leeftijden;Totaal bevolking;Helden;2015;19205;17002;1252;436;816;951;542;409;918
5450;Totaal over alle leeftijden;Totaal bevolking;Helden;2016;19152;16914;1272;439;833;966;544;422;918
5451;Totaal over alle leeftijden;Totaal bevolking;Helden;2017;19109;16846;1283;444;839;980;558;422;918
5452;Totaal over alle leeftijden;Totaal bevolking;Helden;2018;19068;16801;1291;445;846;976;554;422;918
5453;Totaal over alle leeftijden;Totaal bevolking;Helden;2019;19027;16737;1302;455;847;988;563;425;918
5454;Totaal over alle leeftijden;Totaal bevolking;Helden;2020;18987;16643;1334;464;870;1010;577;433;918
5455;Totaal over alle leeftijden;Totaal bevolking;Helden;2021;18955;16560;1372;472;900;1023;587;436;918
5456;Totaal over alle leeftijden;Totaal bevolking;Helden;2022;18907;16491;1371;469;902;1045;598;447;918
5457;Totaal over alle leeftijden;Totaal bevolking;Helden;2023;18872;16427;1376;472;904;1069;607;462;918
5458;Totaal over alle leeftijden;Totaal bevolking;Helden;2024;18836;16377;1376;464;912;1083;611;472;918
5459;Totaal over alle leeftijden;Totaal bevolking;Helden;2025;18798;16322;1391;470;921;1085;612;473;918
5460;Totaal over alle leeftijden;Totaal bevolking;Den Helder;2006;59671;49193;5660;2079;3581;4818;2866;1952;400
5461;Totaal over alle leeftijden;Totaal bevolking;Den Helder;2007;59541;49172;5529;2037;3492;4840;2790;2050;400
5462;Totaal over alle leeftijden;Totaal bevolking;Den Helder;2008;59417;49146;5448;2018;3430;4823;2688;2135;400
5463;Totaal over alle leeftijden;Totaal bevolking;Den Helder;2009;59277;49062;5365;1982;3383;4850;2663;2187;400
5464;Totaal over alle leeftijden;Totaal bevolking;Den Helder;2010;59120;48902;5331;1963;3368;4887;2642;2245;400
5465;Totaal over alle leeftijden;Totaal bevolking;Den Helder;2011;58953;48726;5278;1957;3321;4949;2606;2343;400
5466;Totaal over alle leeftijden;Totaal bevolking;Den Helder;2012;58794;48548;5241;1981;3260;5005;2606;2399;400
5467;Totaal over alle leeftijden;Totaal bevolking;Den Helder;2013;58643;48359;5244;2018;3226;5040;2611;2429;400
5468;Totaal over alle leeftijden;Totaal bevolking;Den Helder;2014;58494;48138;5186;2004;3182;5170;2669;2501;400
5469;Totaal over alle leeftijden;Totaal bevolking;Den Helder;2015;58355;47956;5147;2003;3144;5252;2711;2541;400
5470;Totaal over alle leeftijden;Totaal bevolking;Den Helder;2016;58219;47721;5149;2046;3103;5349;2759;2590;400
5471;Totaal over alle leeftijden;Totaal bevolking;Den Helder;2017;58098;47425;5171;2065;3106;5502;2841;2661;400
5472;Totaal over alle leeftijden;Totaal bevolking;Den Helder;2018;57974;47175;5159;2058;3101;5640;2948;2692;400
5473;Totaal over alle leeftijden;Totaal bevolking;Den Helder;2019;57875;46892;5184;2090;3094;5799;3062;2737;400
5474;Totaal over alle leeftijden;Totaal bevolking;Den Helder;2020;57773;46620;5189;2119;3070;5964;3194;2770;400
5475;Totaal over alle leeftijden;Totaal bevolking;Den Helder;2021;57683;46380;5202;2142;3060;6101;3276;2825;400
5476;Totaal over alle leeftijden;Totaal bevolking;Den Helder;2022;57605;46182;5164;2136;3028;6259;3391;2868;400
5477;Totaal over alle leeftijden;Totaal bevolking;Den Helder;2023;57529;45905;5176;2154;3022;6448;3523;2925;400
5478;Totaal over alle leeftijden;Totaal bevolking;Den Helder;2024;57464;45651;5201;2192;3009;6612;3651;2961;400
5479;Totaal over alle leeftijden;Totaal bevolking;Den Helder;2025;57401;45410;5206;2186;3020;6785;3775;3010;400
5480;Totaal over alle leeftijden;Totaal bevolking;Hellendoorn;2006;36152;33905;1560;481;1079;687;423;264;163
5481;Totaal over alle leeftijden;Totaal bevolking;Hellendoorn;2007;36078;33796;1578;476;1102;704;426;278;163
5482;Totaal over alle leeftijden;Totaal bevolking;Hellendoorn;2008;36001;33690;1610;486;1124;701;422;279;163
5483;Totaal over alle leeftijden;Totaal bevolking;Hellendoorn;2009;35937;33595;1604;486;1118;738;453;285;163
5484;Totaal over alle leeftijden;Totaal bevolking;Hellendoorn;2010;35869;33499;1606;484;1122;764;467;297;163
5485;Totaal over alle leeftijden;Totaal bevolking;Hellendoorn;2011;35784;33392;1599;480;1119;793;487;306;163
5486;Totaal over alle leeftijden;Totaal bevolking;Hellendoorn;2012;35713;33263;1624;494;1130;826;507;319;163
5487;Totaal over alle leeftijden;Totaal bevolking;Hellendoorn;2013;35633;33147;1639;502;1137;847;509;338;163
5488;Totaal over alle leeftijden;Totaal bevolking;Hellendoorn;2014;35549;33021;1660;507;1153;868;525;343;163
5489;Totaal over alle leeftijden;Totaal bevolking;Hellendoorn;2015;35463;32904;1666;519;1147;893;532;361;163
5490;Totaal over alle leeftijden;Totaal bevolking;Hellendoorn;2016;35385;32767;1696;535;1161;922;554;368;163
5491;Totaal over alle leeftijden;Totaal bevolking;Hellendoorn;2017;35300;32651;1708;541;1167;941;569;372;163
5492;Totaal over alle leeftijden;Totaal bevolking;Hellendoorn;2018;35223;32542;1726;552;1174;955;578;377;163
5493;Totaal over alle leeftijden;Totaal bevolking;Hellendoorn;2019;35149;32427;1749;566;1183;973;589;384;163
5494;Totaal over alle leeftijden;Totaal bevolking;Hellendoorn;2020;35078;32330;1746;554;1192;1002;615;387;163
5495;Totaal over alle leeftijden;Totaal bevolking;Hellendoorn;2021;35022;32200;1759;560;1199;1063;653;410;163
5496;Totaal over alle leeftijden;Totaal bevolking;Hellendoorn;2022;34966;32091;1778;572;1206;1097;665;432;163
5497;Totaal over alle leeftijden;Totaal bevolking;Hellendoorn;2023;34902;31979;1791;592;1199;1132;678;454;163
5498;Totaal over alle leeftijden;Totaal bevolking;Hellendoorn;2024;34827;31870;1800;611;1189;1157;699;458;163
5499;Totaal over alle leeftijden;Totaal bevolking;Hellendoorn;2025;34772;31738;1834;631;1203;1200;720;480;163
5500;Totaal over alle leeftijden;Totaal bevolking;Hellevoetsluis;2006;40047;33150;3522;1405;2117;3375;2035;1340;530
5501;Totaal over alle leeftijden;Totaal bevolking;Hellevoetsluis;2007;40116;33235;3480;1398;2082;3401;2042;1359;530
5502;Totaal over alle leeftijden;Totaal bevolking;Hellevoetsluis;2008;40184;33264;3438;1386;2052;3482;2086;1396;530
5503;Totaal over alle leeftijden;Totaal bevolking;Hellevoetsluis;2009;40267;33285;3416;1386;2030;3566;2133;1433;530
5504;Totaal over alle leeftijden;Totaal bevolking;Hellevoetsluis;2010;40338;33284;3417;1394;2023;3637;2172;1465;530
5505;Totaal over alle leeftijden;Totaal bevolking;Hellevoetsluis;2011;40431;33311;3411;1400;2011;3709;2186;1523;530
5506;Totaal over alle leeftijden;Totaal bevolking;Hellevoetsluis;2012;40520;33320;3397;1421;1976;3803;2231;1572;530
5507;Totaal over alle leeftijden;Totaal bevolking;Hellevoetsluis;2013;40609;33344;3391;1432;1959;3874;2277;1597;530
5508;Totaal over alle leeftijden;Totaal bevolking;Hellevoetsluis;2014;40718;33364;3419;1440;1979;3935;2316;1619;530
5509;Totaal over alle leeftijden;Totaal bevolking;Hellevoetsluis;2015;40817;33386;3449;1464;1985;3982;2351;1631;530
5510;Totaal over alle leeftijden;Totaal bevolking;Hellevoetsluis;2016;40909;33421;3449;1502;1947;4039;2391;1648;530
5511;Totaal over alle leeftijden;Totaal bevolking;Hellevoetsluis;2017;41014;33451;3447;1516;1931;4116;2454;1662;530
5512;Totaal over alle leeftijden;Totaal bevolking;Hellevoetsluis;2018;41108;33469;3431;1522;1909;4208;2515;1693;530
5513;Totaal over alle leeftijden;Totaal bevolking;Hellevoetsluis;2019;41200;33523;3405;1522;1883;4272;2563;1709;530
5514;Totaal over alle leeftijden;Totaal bevolking;Hellevoetsluis;2020;41296;33512;3421;1531;1890;4363;2604;1759;530
5515;Totaal over alle leeftijden;Totaal bevolking;Hellevoetsluis;2021;41395;33549;3416;1549;1867;4430;2650;1780;530
5516;Totaal over alle leeftijden;Totaal bevolking;Hellevoetsluis;2022;41505;33578;3415;1550;1865;4512;2704;1808;530
5517;Totaal over alle leeftijden;Totaal bevolking;Hellevoetsluis;2023;41619;33588;3432;1551;1881;4599;2757;1842;530
5518;Totaal over alle leeftijden;Totaal bevolking;Hellevoetsluis;2024;41728;33610;3443;1578;1865;4675;2812;1863;530
5519;Totaal over alle leeftijden;Totaal bevolking;Hellevoetsluis;2025;41838;33663;3441;1601;1840;4734;2848;1886;530
5520;Totaal over alle leeftijden;Totaal bevolking;Helmond;2006;84547;66688;8325;3459;4866;9534;5341;4193;794
5521;Totaal over alle leeftijden;Totaal bevolking;Helmond;2007;85214;67143;8310;3460;4850;9761;5378;4383;794
5522;Totaal over alle leeftijden;Totaal bevolking;Helmond;2008;85828;67543;8303;3456;4847;9982;5395;4587;794
5523;Totaal over alle leeftijden;Totaal bevolking;Helmond;2009;86442;67947;8312;3504;4808;10183;5427;4756;794
5524;Totaal over alle leeftijden;Totaal bevolking;Helmond;2010;86985;68280;8296;3542;4754;10409;5463;4946;794
5525;Totaal over alle leeftijden;Totaal bevolking;Helmond;2011;87524;68584;8326;3586;4740;10614;5510;5104;794
5526;Totaal over alle leeftijden;Totaal bevolking;Helmond;2012;88038;68874;8398;3653;4745;10766;5536;5230;794
5527;Totaal over alle leeftijden;Totaal bevolking;Helmond;2013;88533;69182;8430;3682;4748;10921;5579;5342;794
5528;Totaal over alle leeftijden;Totaal bevolking;Helmond;2014;89020;69461;8461;3731;4730;11098;5646;5452;794
5529;Totaal over alle leeftijden;Totaal bevolking;Helmond;2015;89477;69733;8477;3765;4712;11267;5709;5558;794
5530;Totaal over alle leeftijden;Totaal bevolking;Helmond;2016;89898;69981;8493;3771;4722;11424;5746;5678;794
5531;Totaal over alle leeftijden;Totaal bevolking;Helmond;2017;90291;70196;8495;3812;4683;11600;5820;5780;794
5532;Totaal over alle leeftijden;Totaal bevolking;Helmond;2018;90683;70393;8540;3852;4688;11750;5864;5886;794
5533;Totaal over alle leeftijden;Totaal bevolking;Helmond;2019;91018;70619;8526;3840;4686;11873;5893;5980;794
5534;Totaal over alle leeftijden;Totaal bevolking;Helmond;2020;91349;70869;8480;3819;4661;12000;5941;6059;794
5535;Totaal over alle leeftijden;Totaal bevolking;Helmond;2021;91648;71023;8449;3817;4632;12176;6004;6172;794
5536;Totaal over alle leeftijden;Totaal bevolking;Helmond;2022;91923;71193;8434;3805;4629;12296;6038;6258;794
5537;Totaal over alle leeftijden;Totaal bevolking;Helmond;2023;92169;71330;8411;3803;4608;12428;6112;6316;794
5538;Totaal over alle leeftijden;Totaal bevolking;Helmond;2024;92380;71435;8403;3813;4590;12542;6171;6371;794
5539;Totaal over alle leeftijden;Totaal bevolking;Helmond;2025;92573;71590;8366;3810;4556;12617;6230;6387;794
5540;Totaal over alle leeftijden;Totaal bevolking;Hendrik-Ido-Ambacht;2006;23918;20864;1564;579;985;1490;972;518;531
5541;Totaal over alle leeftijden;Totaal bevolking;Hendrik-Ido-Ambacht;2007;24113;20965;1618;599;1019;1530;991;539;531
5542;Totaal over alle leeftijden;Totaal bevolking;Hendrik-Ido-Ambacht;2008;24550;21272;1663;613;1050;1615;1028;587;531
5543;Totaal over alle leeftijden;Totaal bevolking;Hendrik-Ido-Ambacht;2009;25001;21566;1716;621;1095;1719;1082;637;531
5544;Totaal over alle leeftijden;Totaal bevolking;Hendrik-Ido-Ambacht;2010;25430;21872;1760;639;1121;1798;1123;675;531
5545;Totaal over alle leeftijden;Totaal bevolking;Hendrik-Ido-Ambacht;2011;25882;22166;1821;664;1157;1895;1169;726;531
5546;Totaal over alle leeftijden;Totaal bevolking;Hendrik-Ido-Ambacht;2012;26332;22447;1879;690;1189;2006;1217;789;531
5547;Totaal over alle leeftijden;Totaal bevolking;Hendrik-Ido-Ambacht;2013;26789;22707;1947;726;1221;2135;1275;860;531
5548;Totaal over alle leeftijden;Totaal bevolking;Hendrik-Ido-Ambacht;2014;27232;22991;2009;750;1259;2232;1304;928;531
5549;Totaal over alle leeftijden;Totaal bevolking;Hendrik-Ido-Ambacht;2015;27669;23225;2093;779;1314;2351;1354;997;531
5550;Totaal over alle leeftijden;Totaal bevolking;Hendrik-Ido-Ambacht;2016;28102;23470;2149;806;1343;2483;1416;1067;531
5551;Totaal over alle leeftijden;Totaal bevolking;Hendrik-Ido-Ambacht;2017;28508;23724;2206;831;1375;2578;1457;1121;531
5552;Totaal over alle leeftijden;Totaal bevolking;Hendrik-Ido-Ambacht;2018;28906;23946;2254;859;1395;2706;1528;1178;531
5553;Totaal over alle leeftijden;Totaal bevolking;Hendrik-Ido-Ambacht;2019;29288;24131;2308;883;1425;2849;1591;1258;531
5554;Totaal over alle leeftijden;Totaal bevolking;Hendrik-Ido-Ambacht;2020;29641;24345;2355;904;1451;2941;1637;1304;531
5555;Totaal over alle leeftijden;Totaal bevolking;Hendrik-Ido-Ambacht;2021;29992;24553;2400;942;1458;3039;1670;1369;531
5556;Totaal over alle leeftijden;Totaal bevolking;Hendrik-Ido-Ambacht;2022;30326;24745;2451;969;1482;3130;1698;1432;531
5557;Totaal over alle leeftijden;Totaal bevolking;Hendrik-Ido-Ambacht;2023;30643;24928;2498;996;1502;3217;1732;1485;531
5558;Totaal over alle leeftijden;Totaal bevolking;Hendrik-Ido-Ambacht;2024;30943;25099;2539;1016;1523;3305;1743;1562;531
5559;Totaal over alle leeftijden;Totaal bevolking;Hendrik-Ido-Ambacht;2025;31225;25238;2594;1040;1554;3393;1783;1610;531
5560;Totaal over alle leeftijden;Totaal bevolking;Hengelo (O.);2006;81450;65306;7713;2709;5004;8431;4849;3582;164
5561;Totaal over alle leeftijden;Totaal bevolking;Hengelo (O.);2007;81293;65413;7486;2629;4857;8394;4754;3640;164
5562;Totaal over alle leeftijden;Totaal bevolking;Hengelo (O.);2008;81158;65475;7336;2562;4774;8347;4690;3657;164
5563;Totaal over alle leeftijden;Totaal bevolking;Hengelo (O.);2009;81000;65549;7175;2509;4666;8276;4609;3667;164
5564;Totaal over alle leeftijden;Totaal bevolking;Hengelo (O.);2010;80860;65520;7047;2498;4549;8293;4575;3718;164
5565;Totaal over alle leeftijden;Totaal bevolking;Hengelo (O.);2011;80703;65527;6929;2469;4460;8247;4493;3754;164
5566;Totaal over alle leeftijden;Totaal bevolking;Hengelo (O.);2012;80551;65496;6809;2447;4362;8246;4469;3777;164
5567;Totaal over alle leeftijden;Totaal bevolking;Hengelo (O.);2013;80403;65502;6666;2383;4283;8235;4442;3793;164
5568;Totaal over alle leeftijden;Totaal bevolking;Hengelo (O.);2014;80261;65433;6557;2369;4188;8271;4447;3824;164
5569;Totaal over alle leeftijden;Totaal bevolking;Hengelo (O.);2015;80109;65404;6467;2370;4097;8238;4406;3832;164
5570;Totaal over alle leeftijden;Totaal bevolking;Hengelo (O.);2016;79976;65346;6397;2369;4028;8233;4404;3829;164
5571;Totaal over alle leeftijden;Totaal bevolking;Hengelo (O.);2017;79809;65264;6329;2361;3968;8216;4379;3837;164
5572;Totaal over alle leeftijden;Totaal bevolking;Hengelo (O.);2018;79676;65209;6246;2339;3907;8221;4369;3852;164
5573;Totaal over alle leeftijden;Totaal bevolking;Hengelo (O.);2019;79551;65173;6166;2320;3846;8212;4338;3874;164
5574;Totaal over alle leeftijden;Totaal bevolking;Hengelo (O.);2020;79445;65154;6089;2320;3769;8202;4319;3883;164
5575;Totaal over alle leeftijden;Totaal bevolking;Hengelo (O.);2021;79336;65116;6057;2318;3739;8163;4282;3881;164
5576;Totaal over alle leeftijden;Totaal bevolking;Hengelo (O.);2022;79210;65076;5956;2296;3660;8178;4278;3900;164
5577;Totaal over alle leeftijden;Totaal bevolking;Hengelo (O.);2023;79115;65054;5850;2254;3596;8211;4302;3909;164
5578;Totaal over alle leeftijden;Totaal bevolking;Hengelo (O.);2024;79010;65026;5790;2241;3549;8194;4280;3914;164
5579;Totaal over alle leeftijden;Totaal bevolking;Hengelo (O.);2025;78943;65017;5730;2233;3497;8196;4290;3906;164
5580;Totaal over alle leeftijden;Totaal bevolking;'s-Hertogenbosch;2006;133648;109028;11268;4336;6932;13352;7625;5727;796
5581;Totaal over alle leeftijden;Totaal bevolking;'s-Hertogenbosch;2007;133878;109212;11148;4296;6852;13518;7621;5897;796
5582;Totaal over alle leeftijden;Totaal bevolking;'s-Hertogenbosch;2008;134359;109589;11064;4290;6774;13706;7639;6067;796
5583;Totaal over alle leeftijden;Totaal bevolking;'s-Hertogenbosch;2009;134735;109768;11061;4324;6737;13906;7652;6254;796
5584;Totaal over alle leeftijden;Totaal bevolking;'s-Hertogenbosch;2010;135249;110077;11094;4363;6731;14078;7674;6404;796
5585;Totaal over alle leeftijden;Totaal bevolking;'s-Hertogenbosch;2011;135764;110384;11127;4419;6708;14253;7671;6582;796
5586;Totaal over alle leeftijden;Totaal bevolking;'s-Hertogenbosch;2012;136244;110657;11159;4469;6690;14428;7705;6723;796
5587;Totaal over alle leeftijden;Totaal bevolking;'s-Hertogenbosch;2013;136726;110875;11174;4523;6651;14677;7815;6862;796
5588;Totaal over alle leeftijden;Totaal bevolking;'s-Hertogenbosch;2014;137199;111083;11257;4616;6641;14859;7862;6997;796
5589;Totaal over alle leeftijden;Totaal bevolking;'s-Hertogenbosch;2015;137617;111224;11350;4676;6674;15043;7889;7154;796
5590;Totaal over alle leeftijden;Totaal bevolking;'s-Hertogenbosch;2016;137992;111428;11372;4706;6666;15192;7917;7275;796
5591;Totaal over alle leeftijden;Totaal bevolking;'s-Hertogenbosch;2017;138350;111632;11371;4727;6644;15347;7958;7389;796
5592;Totaal over alle leeftijden;Totaal bevolking;'s-Hertogenbosch;2018;138680;111770;11378;4754;6624;15532;8012;7520;796
5593;Totaal over alle leeftijden;Totaal bevolking;'s-Hertogenbosch;2019;139000;111770;11490;4826;6664;15740;8075;7665;796
5594;Totaal over alle leeftijden;Totaal bevolking;'s-Hertogenbosch;2020;139288;111838;11530;4869;6661;15920;8164;7756;796
5595;Totaal over alle leeftijden;Totaal bevolking;'s-Hertogenbosch;2021;139544;111868;11606;4910;6696;16070;8191;7879;796
5596;Totaal over alle leeftijden;Totaal bevolking;'s-Hertogenbosch;2022;139793;111909;11605;4910;6695;16279;8273;8006;796
5597;Totaal over alle leeftijden;Totaal bevolking;'s-Hertogenbosch;2023;140001;111939;11664;4943;6721;16398;8290;8108;796
5598;Totaal over alle leeftijden;Totaal bevolking;'s-Hertogenbosch;2024;140211;111937;11709;4976;6733;16565;8327;8238;796
5599;Totaal over alle leeftijden;Totaal bevolking;'s-Hertogenbosch;2025;140383;111841;11771;5014;6757;16771;8393;8378;796
5600;Totaal over alle leeftijden;Totaal bevolking;Heumen;2006;16550;14613;1430;443;987;507;288;219;252
5601;Totaal over alle leeftijden;Totaal bevolking;Heumen;2007;16572;14594;1447;454;993;531;310;221;252
5602;Totaal over alle leeftijden;Totaal bevolking;Heumen;2008;16588;14549;1471;464;1007;568;339;229;252
5603;Totaal over alle leeftijden;Totaal bevolking;Heumen;2009;16606;14526;1468;459;1009;612;372;240;252
5604;Totaal over alle leeftijden;Totaal bevolking;Heumen;2010;16606;14500;1461;461;1000;645;389;256;252
5605;Totaal over alle leeftijden;Totaal bevolking;Heumen;2011;16618;14465;1492;471;1021;661;399;262;252
5606;Totaal over alle leeftijden;Totaal bevolking;Heumen;2012;16620;14425;1501;467;1034;694;413;281;252
5607;Totaal over alle leeftijden;Totaal bevolking;Heumen;2013;16630;14394;1513;470;1043;723;419;304;252
5608;Totaal over alle leeftijden;Totaal bevolking;Heumen;2014;16639;14348;1525;475;1050;766;455;311;252
5609;Totaal over alle leeftijden;Totaal bevolking;Heumen;2015;16640;14331;1525;482;1043;784;464;320;252
5610;Totaal over alle leeftijden;Totaal bevolking;Heumen;2016;16645;14263;1558;490;1068;824;482;342;252
5611;Totaal over alle leeftijden;Totaal bevolking;Heumen;2017;16631;14197;1579;505;1074;855;501;354;252
5612;Totaal over alle leeftijden;Totaal bevolking;Heumen;2018;16609;14143;1590;516;1074;876;514;362;252
5613;Totaal over alle leeftijden;Totaal bevolking;Heumen;2019;16618;14076;1622;526;1096;920;542;378;252
5614;Totaal over alle leeftijden;Totaal bevolking;Heumen;2020;16614;14040;1624;530;1094;950;554;396;252
5615;Totaal over alle leeftijden;Totaal bevolking;Heumen;2021;16608;13963;1656;553;1103;989;581;408;252
5616;Totaal over alle leeftijden;Totaal bevolking;Heumen;2022;16582;13935;1645;554;1091;1002;587;415;252
5617;Totaal over alle leeftijden;Totaal bevolking;Heumen;2023;16566;13915;1632;551;1081;1019;592;427;252
5618;Totaal over alle leeftijden;Totaal bevolking;Heumen;2024;16553;13888;1612;557;1055;1053;606;447;252
5619;Totaal over alle leeftijden;Totaal bevolking;Heumen;2025;16538;13843;1621;559;1062;1074;619;455;252
5620;Totaal over alle leeftijden;Totaal bevolking;Heusden;2006;43013;38152;2422;886;1536;2439;1374;1065;797
5621;Totaal over alle leeftijden;Totaal bevolking;Heusden;2007;43077;38154;2445;895;1550;2478;1375;1103;797
5622;Totaal over alle leeftijden;Totaal bevolking;Heusden;2008;43216;38237;2465;910;1555;2514;1392;1122;797
5623;Totaal over alle leeftijden;Totaal bevolking;Heusden;2009;43316;38269;2495;913;1582;2552;1405;1147;797
5624;Totaal over alle leeftijden;Totaal bevolking;Heusden;2010;43453;38365;2516;925;1591;2572;1410;1162;797
5625;Totaal over alle leeftijden;Totaal bevolking;Heusden;2011;43609;38439;2539;932;1607;2631;1434;1197;797
5626;Totaal over alle leeftijden;Totaal bevolking;Heusden;2012;43756;38488;2580;939;1641;2688;1466;1222;797
5627;Totaal over alle leeftijden;Totaal bevolking;Heusden;2013;43865;38555;2594;948;1646;2716;1483;1233;797
5628;Totaal over alle leeftijden;Totaal bevolking;Heusden;2014;43994;38618;2614;959;1655;2762;1496;1266;797
5629;Totaal over alle leeftijden;Totaal bevolking;Heusden;2015;44093;38676;2622;978;1644;2795;1514;1281;797
5630;Totaal over alle leeftijden;Totaal bevolking;Heusden;2016;44214;38742;2637;996;1641;2835;1538;1297;797
5631;Totaal over alle leeftijden;Totaal bevolking;Heusden;2017;44325;38773;2651;1003;1648;2901;1552;1349;797
5632;Totaal over alle leeftijden;Totaal bevolking;Heusden;2018;44431;38810;2662;1000;1662;2959;1575;1384;797
5633;Totaal over alle leeftijden;Totaal bevolking;Heusden;2019;44522;38828;2692;1004;1688;3002;1597;1405;797
5634;Totaal over alle leeftijden;Totaal bevolking;Heusden;2020;44614;38868;2726;1013;1713;3020;1599;1421;797
5635;Totaal over alle leeftijden;Totaal bevolking;Heusden;2021;44691;38881;2750;1025;1725;3060;1620;1440;797
5636;Totaal over alle leeftijden;Totaal bevolking;Heusden;2022;44760;38884;2773;1039;1734;3103;1626;1477;797
5637;Totaal over alle leeftijden;Totaal bevolking;Heusden;2023;44826;38901;2781;1053;1728;3144;1631;1513;797
5638;Totaal over alle leeftijden;Totaal bevolking;Heusden;2024;44895;38915;2789;1061;1728;3191;1647;1544;797
5639;Totaal over alle leeftijden;Totaal bevolking;Heusden;2025;44959;38926;2791;1049;1742;3242;1673;1569;797
5640;Totaal over alle leeftijden;Totaal bevolking;Heythuysen;2006;12182;10751;1077;437;640;354;251;103;920
5641;Totaal over alle leeftijden;Totaal bevolking;Heythuysen;2007;12095;10680;1074;437;637;341;233;108;920
5642;Totaal over alle leeftijden;Totaal bevolking;Heythuysen;2008;12013;10594;1067;418;649;352;239;113;920
5643;Totaal over alle leeftijden;Totaal bevolking;Heythuysen;2009;11942;10526;1057;409;648;359;241;118;920
5644;Totaal over alle leeftijden;Totaal bevolking;Heythuysen;2010;11866;10464;1048;400;648;354;231;123;920
5645;Totaal over alle leeftijden;Totaal bevolking;Heythuysen;2011;11784;10369;1057;397;660;358;234;124;920
5646;Totaal over alle leeftijden;Totaal bevolking;Heythuysen;2012;11719;10285;1078;405;673;356;230;126;920
5647;Totaal over alle leeftijden;Totaal bevolking;Heythuysen;2013;11650;10220;1071;404;667;359;226;133;920
5648;Totaal over alle leeftijden;Totaal bevolking;Heythuysen;2014;11577;10142;1079;403;676;356;219;137;920
5649;Totaal over alle leeftijden;Totaal bevolking;Heythuysen;2015;11494;10056;1082;403;679;356;212;144;920
5650;Totaal over alle leeftijden;Totaal bevolking;Heythuysen;2016;11411;9981;1079;396;683;351;207;144;920
5651;Totaal over alle leeftijden;Totaal bevolking;Heythuysen;2017;11327;9867;1093;405;688;367;208;159;920
5652;Totaal over alle leeftijden;Totaal bevolking;Heythuysen;2018;11258;9788;1105;398;707;365;201;164;920
5653;Totaal over alle leeftijden;Totaal bevolking;Heythuysen;2019;11194;9678;1126;405;721;390;211;179;920
5654;Totaal over alle leeftijden;Totaal bevolking;Heythuysen;2020;11122;9605;1120;405;715;397;209;188;920
5655;Totaal over alle leeftijden;Totaal bevolking;Heythuysen;2021;11060;9543;1114;406;708;403;216;187;920
5656;Totaal over alle leeftijden;Totaal bevolking;Heythuysen;2022;11008;9470;1112;406;706;426;225;201;920
5657;Totaal over alle leeftijden;Totaal bevolking;Heythuysen;2023;10956;9393;1115;409;706;448;235;213;920
5658;Totaal over alle leeftijden;Totaal bevolking;Heythuysen;2024;10891;9315;1132;416;716;444;230;214;920
5659;Totaal over alle leeftijden;Totaal bevolking;Heythuysen;2025;10833;9253;1129;413;716;451;241;210;920
5660;Totaal over alle leeftijden;Totaal bevolking;Hillegom;2006;20524;17852;1681;733;948;991;565;426;534
5661;Totaal over alle leeftijden;Totaal bevolking;Hillegom;2007;20564;17813;1721;743;978;1030;579;451;534
5662;Totaal over alle leeftijden;Totaal bevolking;Hillegom;2008;20637;17816;1768;767;1001;1053;590;463;534
5663;Totaal over alle leeftijden;Totaal bevolking;Hillegom;2009;20708;17816;1804;778;1026;1088;604;484;534
5664;Totaal over alle leeftijden;Totaal bevolking;Hillegom;2010;20804;17805;1857;804;1053;1142;638;504;534
5665;Totaal over alle leeftijden;Totaal bevolking;Hillegom;2011;20897;17808;1895;825;1070;1194;667;527;534
5666;Totaal over alle leeftijden;Totaal bevolking;Hillegom;2012;20977;17793;1949;839;1110;1235;684;551;534
5667;Totaal over alle leeftijden;Totaal bevolking;Hillegom;2013;21072;17804;1982;852;1130;1286;711;575;534
5668;Totaal over alle leeftijden;Totaal bevolking;Hillegom;2014;21168;17809;2022;873;1149;1337;735;602;534
5669;Totaal over alle leeftijden;Totaal bevolking;Hillegom;2015;21253;17813;2052;886;1166;1388;753;635;534
5670;Totaal over alle leeftijden;Totaal bevolking;Hillegom;2016;21339;17809;2079;911;1168;1451;784;667;534
5671;Totaal over alle leeftijden;Totaal bevolking;Hillegom;2017;21411;17797;2125;929;1196;1489;809;680;534
5672;Totaal over alle leeftijden;Totaal bevolking;Hillegom;2018;21502;17798;2176;963;1213;1528;815;713;534
5673;Totaal over alle leeftijden;Totaal bevolking;Hillegom;2019;21582;17804;2224;987;1237;1554;842;712;534
5674;Totaal over alle leeftijden;Totaal bevolking;Hillegom;2020;21653;17776;2267;1005;1262;1610;865;745;534
5675;Totaal over alle leeftijden;Totaal bevolking;Hillegom;2021;21718;17771;2297;1018;1279;1650;882;768;534
5676;Totaal over alle leeftijden;Totaal bevolking;Hillegom;2022;21799;17750;2349;1044;1305;1700;908;792;534
5677;Totaal over alle leeftijden;Totaal bevolking;Hillegom;2023;21869;17737;2398;1073;1325;1734;928;806;534
5678;Totaal over alle leeftijden;Totaal bevolking;Hillegom;2024;21937;17754;2400;1081;1319;1783;945;838;534
5679;Totaal over alle leeftijden;Totaal bevolking;Hillegom;2025;22010;17741;2452;1087;1365;1817;956;861;534
5680;Totaal over alle leeftijden;Totaal bevolking;Hilvarenbeek;2006;15142;14144;798;247;551;200;128;72;798
5681;Totaal over alle leeftijden;Totaal bevolking;Hilvarenbeek;2007;15199;14151;827;262;565;221;140;81;798
5682;Totaal over alle leeftijden;Totaal bevolking;Hilvarenbeek;2008;15207;14131;838;270;568;238;149;89;798
5683;Totaal over alle leeftijden;Totaal bevolking;Hilvarenbeek;2009;15217;14107;847;273;574;263;162;101;798
5684;Totaal over alle leeftijden;Totaal bevolking;Hilvarenbeek;2010;15227;14081;874;285;589;272;165;107;798
5685;Totaal over alle leeftijden;Totaal bevolking;Hilvarenbeek;2011;15229;14061;887;291;596;281;172;109;798
5686;Totaal over alle leeftijden;Totaal bevolking;Hilvarenbeek;2012;15224;14032;901;300;601;291;174;117;798
5687;Totaal over alle leeftijden;Totaal bevolking;Hilvarenbeek;2013;15222;14004;911;298;613;307;179;128;798
5688;Totaal over alle leeftijden;Totaal bevolking;Hilvarenbeek;2014;15221;13985;915;304;611;321;187;134;798
5689;Totaal over alle leeftijden;Totaal bevolking;Hilvarenbeek;2015;15216;13945;932;313;619;339;201;138;798
5690;Totaal over alle leeftijden;Totaal bevolking;Hilvarenbeek;2016;15209;13897;950;326;624;362;215;147;798
5691;Totaal over alle leeftijden;Totaal bevolking;Hilvarenbeek;2017;15199;13873;951;327;624;375;225;150;798
5692;Totaal over alle leeftijden;Totaal bevolking;Hilvarenbeek;2018;15193;13823;971;342;629;399;238;161;798
5693;Totaal over alle leeftijden;Totaal bevolking;Hilvarenbeek;2019;15186;13799;973;342;631;414;245;169;798
5694;Totaal over alle leeftijden;Totaal bevolking;Hilvarenbeek;2020;15190;13764;988;341;647;438;252;186;798
5695;Totaal over alle leeftijden;Totaal bevolking;Hilvarenbeek;2021;15181;13737;988;343;645;456;260;196;798
5696;Totaal over alle leeftijden;Totaal bevolking;Hilvarenbeek;2022;15176;13700;990;352;638;486;274;212;798
5697;Totaal over alle leeftijden;Totaal bevolking;Hilvarenbeek;2023;15165;13669;995;354;641;501;281;220;798
5698;Totaal over alle leeftijden;Totaal bevolking;Hilvarenbeek;2024;15154;13630;1011;357;654;513;283;230;798
5699;Totaal over alle leeftijden;Totaal bevolking;Hilvarenbeek;2025;15138;13614;1001;359;642;523;285;238;798
5700;Totaal over alle leeftijden;Totaal bevolking;Hilversum;2006;83167;66250;8820;3540;5280;8097;4683;3414;402
5701;Totaal over alle leeftijden;Totaal bevolking;Hilversum;2007;82945;66048;8687;3415;5272;8210;4680;3530;402
5702;Totaal over alle leeftijden;Totaal bevolking;Hilversum;2008;82782;65868;8602;3296;5306;8312;4680;3632;402
5703;Totaal over alle leeftijden;Totaal bevolking;Hilversum;2009;82614;65674;8523;3221;5302;8417;4678;3739;402
5704;Totaal over alle leeftijden;Totaal bevolking;Hilversum;2010;82430;65482;8419;3140;5279;8529;4668;3861;402
5705;Totaal over alle leeftijden;Totaal bevolking;Hilversum;2011;82245;65253;8356;3100;5256;8636;4659;3977;402
5706;Totaal over alle leeftijden;Totaal bevolking;Hilversum;2012;82050;65069;8300;3055;5245;8681;4638;4043;402
5707;Totaal over alle leeftijden;Totaal bevolking;Hilversum;2013;81885;64856;8259;3006;5253;8770;4653;4117;402
5708;Totaal over alle leeftijden;Totaal bevolking;Hilversum;2014;81703;64592;8224;2990;5234;8887;4678;4209;402
5709;Totaal over alle leeftijden;Totaal bevolking;Hilversum;2015;81531;64406;8161;2952;5209;8964;4670;4294;402
5710;Totaal over alle leeftijden;Totaal bevolking;Hilversum;2016;81363;64164;8142;2916;5226;9057;4682;4375;402
5711;Totaal over alle leeftijden;Totaal bevolking;Hilversum;2017;81223;63957;8130;2918;5212;9136;4664;4472;402
5712;Totaal over alle leeftijden;Totaal bevolking;Hilversum;2018;81066;63726;8105;2907;5198;9235;4706;4529;402
5713;Totaal over alle leeftijden;Totaal bevolking;Hilversum;2019;80912;63496;8036;2866;5170;9380;4769;4611;402
5714;Totaal over alle leeftijden;Totaal bevolking;Hilversum;2020;80811;63284;8063;2879;5184;9464;4800;4664;402
5715;Totaal over alle leeftijden;Totaal bevolking;Hilversum;2021;80720;63122;8045;2905;5140;9553;4831;4722;402
5716;Totaal over alle leeftijden;Totaal bevolking;Hilversum;2022;80640;62943;8064;2915;5149;9633;4838;4795;402
5717;Totaal over alle leeftijden;Totaal bevolking;Hilversum;2023;80562;62802;8031;2913;5118;9729;4858;4871;402
5718;Totaal over alle leeftijden;Totaal bevolking;Hilversum;2024;80509;62612;8083;2955;5128;9814;4889;4925;402
5719;Totaal over alle leeftijden;Totaal bevolking;Hilversum;2025;80463;62521;8014;2951;5063;9928;4924;5004;402
5720;Totaal over alle leeftijden;Totaal bevolking;Hof van Twente;2006;34797;31854;1877;643;1234;1066;703;363;1735
5721;Totaal over alle leeftijden;Totaal bevolking;Hof van Twente;2007;34810;31861;1878;641;1237;1071;700;371;1735
5722;Totaal over alle leeftijden;Totaal bevolking;Hof van Twente;2008;34826;31828;1897;646;1251;1101;719;382;1735
5723;Totaal over alle leeftijden;Totaal bevolking;Hof van Twente;2009;34815;31810;1903;648;1255;1102;712;390;1735
5724;Totaal over alle leeftijden;Totaal bevolking;Hof van Twente;2010;34812;31790;1933;668;1265;1089;710;379;1735
5725;Totaal over alle leeftijden;Totaal bevolking;Hof van Twente;2011;34804;31781;1917;659;1258;1106;717;389;1735
5726;Totaal over alle leeftijden;Totaal bevolking;Hof van Twente;2012;34783;31728;1931;659;1272;1124;720;404;1735
5727;Totaal over alle leeftijden;Totaal bevolking;Hof van Twente;2013;34778;31692;1942;672;1270;1144;742;402;1735
5728;Totaal over alle leeftijden;Totaal bevolking;Hof van Twente;2014;34768;31656;1955;680;1275;1157;750;407;1735
5729;Totaal over alle leeftijden;Totaal bevolking;Hof van Twente;2015;34761;31624;1938;682;1256;1199;774;425;1735
5730;Totaal over alle leeftijden;Totaal bevolking;Hof van Twente;2016;34735;31614;1915;672;1243;1206;766;440;1735
5731;Totaal over alle leeftijden;Totaal bevolking;Hof van Twente;2017;34711;31572;1936;688;1248;1203;747;456;1735
5732;Totaal over alle leeftijden;Totaal bevolking;Hof van Twente;2018;34703;31571;1919;691;1228;1213;750;463;1735
5733;Totaal over alle leeftijden;Totaal bevolking;Hof van Twente;2019;34698;31537;1936;701;1235;1225;752;473;1735
5734;Totaal over alle leeftijden;Totaal bevolking;Hof van Twente;2020;34702;31505;1934;698;1236;1263;779;484;1735
5735;Totaal over alle leeftijden;Totaal bevolking;Hof van Twente;2021;34697;31476;1920;695;1225;1301;799;502;1735
5736;Totaal over alle leeftijden;Totaal bevolking;Hof van Twente;2022;34690;31449;1929;719;1210;1312;806;506;1735
5737;Totaal over alle leeftijden;Totaal bevolking;Hof van Twente;2023;34676;31401;1925;723;1202;1350;829;521;1735
5738;Totaal over alle leeftijden;Totaal bevolking;Hof van Twente;2024;34671;31375;1934;732;1202;1362;820;542;1735
5739;Totaal over alle leeftijden;Totaal bevolking;Hof van Twente;2025;34664;31345;1928;722;1206;1391;841;550;1735
5740;Totaal over alle leeftijden;Totaal bevolking;Hoogeveen;2006;54503;49677;2959;1131;1828;1867;1123;744;118
5741;Totaal over alle leeftijden;Totaal bevolking;Hoogeveen;2007;54759;49874;2983;1135;1848;1902;1116;786;118
5742;Totaal over alle leeftijden;Totaal bevolking;Hoogeveen;2008;54823;49914;2971;1120;1851;1938;1120;818;118
5743;Totaal over alle leeftijden;Totaal bevolking;Hoogeveen;2009;54860;49939;2964;1114;1850;1957;1127;830;118
5744;Totaal over alle leeftijden;Totaal bevolking;Hoogeveen;2010;54882;49948;2945;1095;1850;1989;1140;849;118
5745;Totaal over alle leeftijden;Totaal bevolking;Hoogeveen;2011;54903;49945;2964;1101;1863;1994;1139;855;118
5746;Totaal over alle leeftijden;Totaal bevolking;Hoogeveen;2012;54908;49919;2952;1096;1856;2037;1149;888;118
5747;Totaal over alle leeftijden;Totaal bevolking;Hoogeveen;2013;54921;49901;2953;1102;1851;2067;1148;919;118
5748;Totaal over alle leeftijden;Totaal bevolking;Hoogeveen;2014;54922;49883;2948;1101;1847;2091;1148;943;118
5749;Totaal over alle leeftijden;Totaal bevolking;Hoogeveen;2015;54942;49867;2954;1097;1857;2121;1167;954;118
5750;Totaal over alle leeftijden;Totaal bevolking;Hoogeveen;2016;54943;49837;2948;1100;1848;2158;1200;958;118
5751;Totaal over alle leeftijden;Totaal bevolking;Hoogeveen;2017;54942;49786;2966;1109;1857;2190;1229;961;118
5752;Totaal over alle leeftijden;Totaal bevolking;Hoogeveen;2018;54946;49759;2989;1112;1877;2198;1238;960;118
5753;Totaal over alle leeftijden;Totaal bevolking;Hoogeveen;2019;54940;49723;3011;1109;1902;2206;1236;970;118
5754;Totaal over alle leeftijden;Totaal bevolking;Hoogeveen;2020;54933;49712;3001;1123;1878;2220;1256;964;118
5755;Totaal over alle leeftijden;Totaal bevolking;Hoogeveen;2021;54941;49672;3021;1131;1890;2248;1277;971;118
5756;Totaal over alle leeftijden;Totaal bevolking;Hoogeveen;2022;54931;49622;3015;1134;1881;2294;1300;994;118
5757;Totaal over alle leeftijden;Totaal bevolking;Hoogeveen;2023;54931;49577;3051;1148;1903;2303;1303;1000;118
5758;Totaal over alle leeftijden;Totaal bevolking;Hoogeveen;2024;54924;49504;3077;1158;1919;2343;1329;1014;118
5759;Totaal over alle leeftijden;Totaal bevolking;Hoogeveen;2025;54895;49462;3084;1170;1914;2349;1338;1011;118
5760;Totaal over alle leeftijden;Totaal bevolking;Hoogezand-Sappemeer;2006;34229;28425;2254;891;1363;3550;2074;1476;18
5761;Totaal over alle leeftijden;Totaal bevolking;Hoogezand-Sappemeer;2007;34227;28376;2276;900;1376;3575;2074;1501;18
5762;Totaal over alle leeftijden;Totaal bevolking;Hoogezand-Sappemeer;2008;34409;28503;2311;918;1393;3595;2078;1517;18
5763;Totaal over alle leeftijden;Totaal bevolking;Hoogezand-Sappemeer;2009;34673;28680;2379;954;1425;3614;2063;1551;18
5764;Totaal over alle leeftijden;Totaal bevolking;Hoogezand-Sappemeer;2010;34971;28848;2433;1008;1425;3690;2123;1567;18
5765;Totaal over alle leeftijden;Totaal bevolking;Hoogezand-Sappemeer;2011;35263;29029;2516;1060;1456;3718;2151;1567;18
5766;Totaal over alle leeftijden;Totaal bevolking;Hoogezand-Sappemeer;2012;35571;29196;2603;1120;1483;3772;2193;1579;18
5767;Totaal over alle leeftijden;Totaal bevolking;Hoogezand-Sappemeer;2013;35885;29363;2674;1188;1486;3848;2235;1613;18
5768;Totaal over alle leeftijden;Totaal bevolking;Hoogezand-Sappemeer;2014;36199;29534;2771;1265;1506;3894;2262;1632;18
5769;Totaal over alle leeftijden;Totaal bevolking;Hoogezand-Sappemeer;2015;36519;29710;2852;1344;1508;3957;2296;1661;18
5770;Totaal over alle leeftijden;Totaal bevolking;Hoogezand-Sappemeer;2016;36830;29873;2939;1410;1529;4018;2314;1704;18
5771;Totaal over alle leeftijden;Totaal bevolking;Hoogezand-Sappemeer;2017;37130;30036;3027;1498;1529;4067;2335;1732;18
5772;Totaal over alle leeftijden;Totaal bevolking;Hoogezand-Sappemeer;2018;37432;30160;3154;1590;1564;4118;2364;1754;18
5773;Totaal over alle leeftijden;Totaal bevolking;Hoogezand-Sappemeer;2019;37723;30296;3265;1672;1593;4162;2393;1769;18
5774;Totaal over alle leeftijden;Totaal bevolking;Hoogezand-Sappemeer;2020;37998;30416;3345;1733;1612;4237;2442;1795;18
5775;Totaal over alle leeftijden;Totaal bevolking;Hoogezand-Sappemeer;2021;38261;30497;3444;1815;1629;4320;2489;1831;18
5776;Totaal over alle leeftijden;Totaal bevolking;Hoogezand-Sappemeer;2022;38526;30617;3521;1886;1635;4388;2536;1852;18
5777;Totaal over alle leeftijden;Totaal bevolking;Hoogezand-Sappemeer;2023;38764;30704;3624;1980;1644;4436;2585;1851;18
5778;Totaal over alle leeftijden;Totaal bevolking;Hoogezand-Sappemeer;2024;39001;30819;3673;2038;1635;4509;2643;1866;18
5779;Totaal over alle leeftijden;Totaal bevolking;Hoogezand-Sappemeer;2025;39218;30844;3763;2099;1664;4611;2702;1909;18
5780;Totaal over alle leeftijden;Totaal bevolking;Hoorn;2006;68241;55544;5025;1916;3109;7672;4267;3405;405
5781;Totaal over alle leeftijden;Totaal bevolking;Hoorn;2007;68330;55687;4920;1875;3045;7723;4263;3460;405
5782;Totaal over alle leeftijden;Totaal bevolking;Hoorn;2008;68352;55751;4882;1873;3009;7719;4220;3499;405
5783;Totaal over alle leeftijden;Totaal bevolking;Hoorn;2009;68352;55761;4817;1862;2955;7774;4213;3561;405
5784;Totaal over alle leeftijden;Totaal bevolking;Hoorn;2010;68293;55761;4739;1847;2892;7793;4195;3598;405
5785;Totaal over alle leeftijden;Totaal bevolking;Hoorn;2011;68225;55744;4716;1864;2852;7765;4168;3597;405
5786;Totaal over alle leeftijden;Totaal bevolking;Hoorn;2012;68167;55759;4664;1856;2808;7744;4158;3586;405
5787;Totaal over alle leeftijden;Totaal bevolking;Hoorn;2013;68086;55789;4563;1820;2743;7734;4161;3573;405
5788;Totaal over alle leeftijden;Totaal bevolking;Hoorn;2014;68032;55751;4578;1847;2731;7703;4134;3569;405
5789;Totaal over alle leeftijden;Totaal bevolking;Hoorn;2015;67973;55751;4583;1863;2720;7639;4077;3562;405
5790;Totaal over alle leeftijden;Totaal bevolking;Hoorn;2016;67927;55749;4562;1901;2661;7616;4044;3572;405
5791;Totaal over alle leeftijden;Totaal bevolking;Hoorn;2017;67895;55694;4551;1912;2639;7650;4071;3579;405
5792;Totaal over alle leeftijden;Totaal bevolking;Hoorn;2018;67851;55650;4543;1931;2612;7658;4065;3593;405
5793;Totaal over alle leeftijden;Totaal bevolking;Hoorn;2019;67811;55597;4551;1953;2598;7663;4085;3578;405
5794;Totaal over alle leeftijden;Totaal bevolking;Hoorn;2020;67791;55568;4563;1971;2592;7660;4066;3594;405
5795;Totaal over alle leeftijden;Totaal bevolking;Hoorn;2021;67781;55545;4574;1998;2576;7662;4052;3610;405
5796;Totaal over alle leeftijden;Totaal bevolking;Hoorn;2022;67769;55592;4567;2016;2551;7610;4013;3597;405
5797;Totaal over alle leeftijden;Totaal bevolking;Hoorn;2023;67771;55600;4554;2028;2526;7617;4024;3593;405
5798;Totaal over alle leeftijden;Totaal bevolking;Hoorn;2024;67786;55567;4558;2052;2506;7661;4064;3597;405
5799;Totaal over alle leeftijden;Totaal bevolking;Hoorn;2025;67815;55555;4586;2083;2503;7674;4071;3603;405
5800;Totaal over alle leeftijden;Totaal bevolking;Horst aan de Maas;2006;28785;26472;1639;586;1053;674;418;256;1507
5801;Totaal over alle leeftijden;Totaal bevolking;Horst aan de Maas;2007;28743;26403;1653;591;1062;687;423;264;1507
5802;Totaal over alle leeftijden;Totaal bevolking;Horst aan de Maas;2008;28676;26306;1656;594;1062;714;432;282;1507
5803;Totaal over alle leeftijden;Totaal bevolking;Horst aan de Maas;2009;28601;26206;1654;596;1058;741;451;290;1507
5804;Totaal over alle leeftijden;Totaal bevolking;Horst aan de Maas;2010;28535;26113;1668;602;1066;754;461;293;1507
5805;Totaal over alle leeftijden;Totaal bevolking;Horst aan de Maas;2011;28461;26002;1695;616;1079;764;459;305;1507
5806;Totaal over alle leeftijden;Totaal bevolking;Horst aan de Maas;2012;28382;25889;1714;636;1078;779;459;320;1507
5807;Totaal over alle leeftijden;Totaal bevolking;Horst aan de Maas;2013;28285;25771;1729;647;1082;785;458;327;1507
5808;Totaal over alle leeftijden;Totaal bevolking;Horst aan de Maas;2014;28199;25665;1744;660;1084;790;455;335;1507
5809;Totaal over alle leeftijden;Totaal bevolking;Horst aan de Maas;2015;28117;25556;1749;673;1076;812;470;342;1507
5810;Totaal over alle leeftijden;Totaal bevolking;Horst aan de Maas;2016;28028;25419;1781;681;1100;828;480;348;1507
5811;Totaal over alle leeftijden;Totaal bevolking;Horst aan de Maas;2017;27951;25313;1801;685;1116;837;483;354;1507
5812;Totaal over alle leeftijden;Totaal bevolking;Horst aan de Maas;2018;27864;25189;1839;712;1127;836;476;360;1507
5813;Totaal over alle leeftijden;Totaal bevolking;Horst aan de Maas;2019;27775;25067;1858;736;1122;850;475;375;1507
5814;Totaal over alle leeftijden;Totaal bevolking;Horst aan de Maas;2020;27684;24951;1870;753;1117;863;478;385;1507
5815;Totaal over alle leeftijden;Totaal bevolking;Horst aan de Maas;2021;27601;24829;1900;781;1119;872;488;384;1507
5816;Totaal over alle leeftijden;Totaal bevolking;Horst aan de Maas;2022;27507;24706;1909;801;1108;892;488;404;1507
5817;Totaal over alle leeftijden;Totaal bevolking;Horst aan de Maas;2023;27418;24595;1916;812;1104;907;495;412;1507
5818;Totaal over alle leeftijden;Totaal bevolking;Horst aan de Maas;2024;27335;24504;1913;825;1088;918;499;419;1507
5819;Totaal over alle leeftijden;Totaal bevolking;Horst aan de Maas;2025;27258;24400;1914;839;1075;944;508;436;1507
5820;Totaal over alle leeftijden;Totaal bevolking;Houten;2006;43949;38400;2806;866;1940;2743;1529;1214;321
5821;Totaal over alle leeftijden;Totaal bevolking;Houten;2007;44886;39177;2836;890;1946;2873;1623;1250;321
5822;Totaal over alle leeftijden;Totaal bevolking;Houten;2008;45832;39905;2887;910;1977;3040;1711;1329;321
5823;Totaal over alle leeftijden;Totaal bevolking;Houten;2009;46849;40713;2939;955;1984;3197;1823;1374;321
5824;Totaal over alle leeftijden;Totaal bevolking;Houten;2010;47549;41233;2984;978;2006;3332;1913;1419;321
5825;Totaal over alle leeftijden;Totaal bevolking;Houten;2011;48249;41732;3037;1011;2026;3480;2002;1478;321
5826;Totaal over alle leeftijden;Totaal bevolking;Houten;2012;48952;42236;3088;1047;2041;3628;2074;1554;321
5827;Totaal over alle leeftijden;Totaal bevolking;Houten;2013;49641;42766;3139;1082;2057;3736;2134;1602;321
5828;Totaal over alle leeftijden;Totaal bevolking;Houten;2014;50313;43316;3177;1137;2040;3820;2179;1641;321
5829;Totaal over alle leeftijden;Totaal bevolking;Houten;2015;50965;43797;3237;1166;2071;3931;2245;1686;321
5830;Totaal over alle leeftijden;Totaal bevolking;Houten;2016;51606;44286;3284;1209;2075;4036;2298;1738;321
5831;Totaal over alle leeftijden;Totaal bevolking;Houten;2017;52229;44808;3302;1239;2063;4119;2347;1772;321
5832;Totaal over alle leeftijden;Totaal bevolking;Houten;2018;52827;45319;3322;1274;2048;4186;2392;1794;321
5833;Totaal over alle leeftijden;Totaal bevolking;Houten;2019;53420;45771;3360;1303;2057;4289;2446;1843;321
5834;Totaal over alle leeftijden;Totaal bevolking;Houten;2020;53983;46221;3393;1332;2061;4369;2483;1886;321
5835;Totaal over alle leeftijden;Totaal bevolking;Houten;2021;54526;46674;3410;1363;2047;4442;2526;1916;321
5836;Totaal over alle leeftijden;Totaal bevolking;Houten;2022;55054;47114;3438;1397;2041;4502;2577;1925;321
5837;Totaal over alle leeftijden;Totaal bevolking;Houten;2023;55545;47519;3440;1413;2027;4586;2626;1960;321
5838;Totaal over alle leeftijden;Totaal bevolking;Houten;2024;56013;47919;3434;1427;2007;4660;2672;1988;321
5839;Totaal over alle leeftijden;Totaal bevolking;Houten;2025;56434;48238;3443;1437;2006;4753;2718;2035;321
5840;Totaal over alle leeftijden;Totaal bevolking;Huizen;2006;41962;34311;4160;1502;2658;3491;1889;1602;406
5841;Totaal over alle leeftijden;Totaal bevolking;Huizen;2007;41937;34240;4183;1498;2685;3514;1885;1629;406
5842;Totaal over alle leeftijden;Totaal bevolking;Huizen;2008;41936;34219;4200;1493;2707;3517;1864;1653;406
5843;Totaal over alle leeftijden;Totaal bevolking;Huizen;2009;41932;34153;4241;1489;2752;3538;1856;1682;406
5844;Totaal over alle leeftijden;Totaal bevolking;Huizen;2010;41912;34082;4260;1504;2756;3570;1866;1704;406
5845;Totaal over alle leeftijden;Totaal bevolking;Huizen;2011;41893;34018;4274;1505;2769;3601;1873;1728;406
5846;Totaal over alle leeftijden;Totaal bevolking;Huizen;2012;41876;33916;4345;1528;2817;3615;1859;1756;406
5847;Totaal over alle leeftijden;Totaal bevolking;Huizen;2013;41853;33794;4401;1542;2859;3658;1862;1796;406
5848;Totaal over alle leeftijden;Totaal bevolking;Huizen;2014;41831;33696;4428;1563;2865;3707;1871;1836;406
5849;Totaal over alle leeftijden;Totaal bevolking;Huizen;2015;41804;33583;4482;1588;2894;3739;1864;1875;406
5850;Totaal over alle leeftijden;Totaal bevolking;Huizen;2016;41784;33497;4504;1623;2881;3783;1876;1907;406
5851;Totaal over alle leeftijden;Totaal bevolking;Huizen;2017;41772;33424;4526;1629;2897;3822;1865;1957;406
5852;Totaal over alle leeftijden;Totaal bevolking;Huizen;2018;41774;33334;4585;1644;2941;3855;1871;1984;406
5853;Totaal over alle leeftijden;Totaal bevolking;Huizen;2019;41771;33272;4612;1663;2949;3887;1879;2008;406
5854;Totaal over alle leeftijden;Totaal bevolking;Huizen;2020;41783;33215;4661;1686;2975;3907;1874;2033;406
5855;Totaal over alle leeftijden;Totaal bevolking;Huizen;2021;41783;33158;4678;1710;2968;3947;1902;2045;406
5856;Totaal over alle leeftijden;Totaal bevolking;Huizen;2022;41807;33059;4767;1756;3011;3981;1905;2076;406
5857;Totaal over alle leeftijden;Totaal bevolking;Huizen;2023;41829;33009;4840;1796;3044;3980;1892;2088;406
5858;Totaal over alle leeftijden;Totaal bevolking;Huizen;2024;41855;32956;4867;1813;3054;4032;1914;2118;406
5859;Totaal over alle leeftijden;Totaal bevolking;Huizen;2025;41881;32893;4924;1835;3089;4064;1915;2149;406
5860;Totaal over alle leeftijden;Totaal bevolking;Hulst;2006;27915;21546;5765;2730;3035;604;375;229;677
5861;Totaal over alle leeftijden;Totaal bevolking;Hulst;2007;27921;21556;5721;2700;3021;644;397;247;677
5862;Totaal over alle leeftijden;Totaal bevolking;Hulst;2008;27933;21563;5683;2671;3012;687;403;284;677
5863;Totaal over alle leeftijden;Totaal bevolking;Hulst;2009;27944;21548;5651;2651;3000;745;430;315;677
5864;Totaal over alle leeftijden;Totaal bevolking;Hulst;2010;27945;21552;5597;2597;3000;796;450;346;677
5865;Totaal over alle leeftijden;Totaal bevolking;Hulst;2011;27948;21574;5512;2541;2971;862;490;372;677
5866;Totaal over alle leeftijden;Totaal bevolking;Hulst;2012;27949;21542;5509;2565;2944;898;493;405;677
5867;Totaal over alle leeftijden;Totaal bevolking;Hulst;2013;27952;21520;5472;2535;2937;960;525;435;677
5868;Totaal over alle leeftijden;Totaal bevolking;Hulst;2014;27959;21474;5455;2526;2929;1030;549;481;677
5869;Totaal over alle leeftijden;Totaal bevolking;Hulst;2015;27966;21421;5474;2550;2924;1071;567;504;677
5870;Totaal over alle leeftijden;Totaal bevolking;Hulst;2016;27955;21421;5429;2532;2897;1105;579;526;677
5871;Totaal over alle leeftijden;Totaal bevolking;Hulst;2017;27938;21394;5386;2513;2873;1158;608;550;677
5872;Totaal over alle leeftijden;Totaal bevolking;Hulst;2018;27934;21381;5340;2501;2839;1213;639;574;677
5873;Totaal over alle leeftijden;Totaal bevolking;Hulst;2019;27927;21325;5339;2507;2832;1263;661;602;677
5874;Totaal over alle leeftijden;Totaal bevolking;Hulst;2020;27919;21273;5312;2470;2842;1334;687;647;677
5875;Totaal over alle leeftijden;Totaal bevolking;Hulst;2021;27904;21252;5268;2430;2838;1384;705;679;677
5876;Totaal over alle leeftijden;Totaal bevolking;Hulst;2022;27881;21223;5235;2425;2810;1423;712;711;677
5877;Totaal over alle leeftijden;Totaal bevolking;Hulst;2023;27874;21201;5205;2428;2777;1468;729;739;677
5878;Totaal over alle leeftijden;Totaal bevolking;Hulst;2024;27840;21160;5179;2399;2780;1501;732;769;677
5879;Totaal over alle leeftijden;Totaal bevolking;Hulst;2025;27815;21113;5152;2394;2758;1550;748;802;677
5880;Totaal over alle leeftijden;Totaal bevolking;Hunsel;2006;6300;5518;676;210;466;106;71;35;925
5881;Totaal over alle leeftijden;Totaal bevolking;Hunsel;2007;6344;5540;679;211;468;125;85;40;925
5882;Totaal over alle leeftijden;Totaal bevolking;Hunsel;2008;6378;5545;697;225;472;136;94;42;925
5883;Totaal over alle leeftijden;Totaal bevolking;Hunsel;2009;6399;5545;698;232;466;156;113;43;925
5884;Totaal over alle leeftijden;Totaal bevolking;Hunsel;2010;6420;5555;687;228;459;178;123;55;925
5885;Totaal over alle leeftijden;Totaal bevolking;Hunsel;2011;6442;5554;693;230;463;195;135;60;925
5886;Totaal over alle leeftijden;Totaal bevolking;Hunsel;2012;6455;5540;711;247;464;204;140;64;925
5887;Totaal over alle leeftijden;Totaal bevolking;Hunsel;2013;6470;5541;710;246;464;219;150;69;925
5888;Totaal over alle leeftijden;Totaal bevolking;Hunsel;2014;6484;5544;714;248;466;226;150;76;925
5889;Totaal over alle leeftijden;Totaal bevolking;Hunsel;2015;6507;5553;718;256;462;236;150;86;925
5890;Totaal over alle leeftijden;Totaal bevolking;Hunsel;2016;6517;5532;735;257;478;250;160;90;925
5891;Totaal over alle leeftijden;Totaal bevolking;Hunsel;2017;6524;5511;761;268;493;252;159;93;925
5892;Totaal over alle leeftijden;Totaal bevolking;Hunsel;2018;6540;5505;776;279;497;259;163;96;925
5893;Totaal over alle leeftijden;Totaal bevolking;Hunsel;2019;6554;5498;783;271;512;273;168;105;925
5894;Totaal over alle leeftijden;Totaal bevolking;Hunsel;2020;6562;5487;791;267;524;284;174;110;925
5895;Totaal over alle leeftijden;Totaal bevolking;Hunsel;2021;6568;5479;799;273;526;290;173;117;925
5896;Totaal over alle leeftijden;Totaal bevolking;Hunsel;2022;6573;5474;801;276;525;298;174;124;925
5897;Totaal over alle leeftijden;Totaal bevolking;Hunsel;2023;6570;5469;791;277;514;310;176;134;925
5898;Totaal over alle leeftijden;Totaal bevolking;Hunsel;2024;6576;5446;805;281;524;325;187;138;925
5899;Totaal over alle leeftijden;Totaal bevolking;Hunsel;2025;6576;5420;808;287;521;348;205;143;925
5900;Totaal over alle leeftijden;Totaal bevolking;IJsselstein;2006;33271;27082;2344;829;1515;3845;2089;1756;353
5901;Totaal over alle leeftijden;Totaal bevolking;IJsselstein;2007;33210;27018;2353;840;1513;3839;2059;1780;353
5902;Totaal over alle leeftijden;Totaal bevolking;IJsselstein;2008;33133;26953;2354;823;1531;3826;2028;1798;353
5903;Totaal over alle leeftijden;Totaal bevolking;IJsselstein;2009;33065;26901;2331;812;1519;3833;1997;1836;353
5904;Totaal over alle leeftijden;Totaal bevolking;IJsselstein;2010;32970;26832;2309;795;1514;3829;1970;1859;353
5905;Totaal over alle leeftijden;Totaal bevolking;IJsselstein;2011;32858;26772;2290;790;1500;3796;1946;1850;353
5906;Totaal over alle leeftijden;Totaal bevolking;IJsselstein;2012;32758;26659;2294;793;1501;3805;1942;1863;353
5907;Totaal over alle leeftijden;Totaal bevolking;IJsselstein;2013;32666;26567;2306;799;1507;3793;1917;1876;353
5908;Totaal over alle leeftijden;Totaal bevolking;IJsselstein;2014;32570;26473;2302;799;1503;3795;1908;1887;353
5909;Totaal over alle leeftijden;Totaal bevolking;IJsselstein;2015;32472;26376;2315;810;1505;3781;1901;1880;353
5910;Totaal over alle leeftijden;Totaal bevolking;IJsselstein;2016;32387;26339;2305;818;1487;3743;1870;1873;353
5911;Totaal over alle leeftijden;Totaal bevolking;IJsselstein;2017;32294;26217;2360;852;1508;3717;1847;1870;353
5912;Totaal over alle leeftijden;Totaal bevolking;IJsselstein;2018;32204;26130;2379;863;1516;3695;1835;1860;353
5913;Totaal over alle leeftijden;Totaal bevolking;IJsselstein;2019;32120;26058;2377;875;1502;3685;1843;1842;353
5914;Totaal over alle leeftijden;Totaal bevolking;IJsselstein;2020;32043;25989;2383;871;1512;3671;1842;1829;353
5915;Totaal over alle leeftijden;Totaal bevolking;IJsselstein;2021;31972;25934;2381;859;1522;3657;1827;1830;353
5916;Totaal over alle leeftijden;Totaal bevolking;IJsselstein;2022;31887;25844;2403;866;1537;3640;1823;1817;353
5917;Totaal over alle leeftijden;Totaal bevolking;IJsselstein;2023;31812;25785;2392;876;1516;3635;1846;1789;353
5918;Totaal over alle leeftijden;Totaal bevolking;IJsselstein;2024;31735;25678;2397;878;1519;3660;1853;1807;353
5919;Totaal over alle leeftijden;Totaal bevolking;IJsselstein;2025;31669;25622;2384;867;1517;3663;1855;1808;353
5920;Totaal over alle leeftijden;Totaal bevolking;Jacobswoude;2006;10687;9829;567;199;368;291;174;117;645
5921;Totaal over alle leeftijden;Totaal bevolking;Jacobswoude;2007;10744;9788;615;209;406;341;203;138;645
5922;Totaal over alle leeftijden;Totaal bevolking;Jacobswoude;2008;10766;9732;652;224;428;382;229;153;645
5923;Totaal over alle leeftijden;Totaal bevolking;Jacobswoude;2009;10779;9655;696;242;454;428;251;177;645
5924;Totaal over alle leeftijden;Totaal bevolking;Jacobswoude;2010;10765;9597;708;247;461;460;269;191;645
5925;Totaal over alle leeftijden;Totaal bevolking;Jacobswoude;2011;10779;9546;740;258;482;493;282;211;645
5926;Totaal over alle leeftijden;Totaal bevolking;Jacobswoude;2012;10787;9468;780;274;506;539;304;235;645
5927;Totaal over alle leeftijden;Totaal bevolking;Jacobswoude;2013;10786;9401;802;282;520;583;331;252;645
5928;Totaal over alle leeftijden;Totaal bevolking;Jacobswoude;2014;10774;9310;833;293;540;631;354;277;645
5929;Totaal over alle leeftijden;Totaal bevolking;Jacobswoude;2015;10771;9242;850;307;543;679;378;301;645
5930;Totaal over alle leeftijden;Totaal bevolking;Jacobswoude;2016;10759;9160;878;314;564;721;403;318;645
5931;Totaal over alle leeftijden;Totaal bevolking;Jacobswoude;2017;10753;9098;895;323;572;760;423;337;645
5932;Totaal over alle leeftijden;Totaal bevolking;Jacobswoude;2018;10743;9042;913;334;579;788;436;352;645
5933;Totaal over alle leeftijden;Totaal bevolking;Jacobswoude;2019;10739;9000;928;345;583;811;438;373;645
5934;Totaal over alle leeftijden;Totaal bevolking;Jacobswoude;2020;10727;8942;943;357;586;842;457;385;645
5935;Totaal over alle leeftijden;Totaal bevolking;Jacobswoude;2021;10710;8876;969;366;603;865;463;402;645
5936;Totaal over alle leeftijden;Totaal bevolking;Jacobswoude;2022;10697;8806;997;374;623;894;478;416;645
5937;Totaal over alle leeftijden;Totaal bevolking;Jacobswoude;2023;10695;8754;1023;397;626;918;487;431;645
5938;Totaal over alle leeftijden;Totaal bevolking;Jacobswoude;2024;10685;8665;1068;427;641;952;503;449;645
5939;Totaal over alle leeftijden;Totaal bevolking;Jacobswoude;2025;10654;8581;1088;438;650;985;532;453;645
5940;Totaal over alle leeftijden;Totaal bevolking;Kampen;2006;49101;45101;1762;709;1053;2238;1308;930;166
5941;Totaal over alle leeftijden;Totaal bevolking;Kampen;2007;49194;45147;1777;702;1075;2270;1313;957;166
5942;Totaal over alle leeftijden;Totaal bevolking;Kampen;2008;49394;45275;1804;704;1100;2315;1331;984;166
5943;Totaal over alle leeftijden;Totaal bevolking;Kampen;2009;49604;45399;1840;722;1118;2365;1345;1020;166
5944;Totaal over alle leeftijden;Totaal bevolking;Kampen;2010;49792;45528;1875;738;1137;2389;1344;1045;166
5945;Totaal over alle leeftijden;Totaal bevolking;Kampen;2011;49997;45654;1921;761;1160;2422;1363;1059;166
5946;Totaal over alle leeftijden;Totaal bevolking;Kampen;2012;50186;45794;1923;777;1146;2469;1394;1075;166
5947;Totaal over alle leeftijden;Totaal bevolking;Kampen;2013;50383;45891;1975;803;1172;2517;1421;1096;166
5948;Totaal over alle leeftijden;Totaal bevolking;Kampen;2014;50574;46017;1993;822;1171;2564;1422;1142;166
5949;Totaal over alle leeftijden;Totaal bevolking;Kampen;2015;50769;46113;2039;839;1200;2617;1462;1155;166
5950;Totaal over alle leeftijden;Totaal bevolking;Kampen;2016;50942;46189;2090;862;1228;2663;1475;1188;166
5951;Totaal over alle leeftijden;Totaal bevolking;Kampen;2017;51110;46283;2118;878;1240;2709;1497;1212;166
5952;Totaal over alle leeftijden;Totaal bevolking;Kampen;2018;51264;46383;2134;895;1239;2747;1512;1235;166
5953;Totaal over alle leeftijden;Totaal bevolking;Kampen;2019;51411;46472;2156;909;1247;2783;1529;1254;166
5954;Totaal over alle leeftijden;Totaal bevolking;Kampen;2020;51563;46492;2209;948;1261;2862;1563;1299;166
5955;Totaal over alle leeftijden;Totaal bevolking;Kampen;2021;51697;46521;2246;976;1270;2930;1589;1341;166
5956;Totaal over alle leeftijden;Totaal bevolking;Kampen;2022;51828;46565;2275;998;1277;2988;1626;1362;166
5957;Totaal over alle leeftijden;Totaal bevolking;Kampen;2023;51960;46596;2329;1044;1285;3035;1655;1380;166
5958;Totaal over alle leeftijden;Totaal bevolking;Kampen;2024;52070;46656;2354;1055;1299;3060;1661;1399;166
5959;Totaal over alle leeftijden;Totaal bevolking;Kampen;2025;52171;46696;2360;1053;1307;3115;1678;1437;166
5960;Totaal over alle leeftijden;Totaal bevolking;Kapelle;2006;11629;10741;627;209;418;261;157;104;678
5961;Totaal over alle leeftijden;Totaal bevolking;Kapelle;2007;11594;10633;663;223;440;298;184;114;678
5962;Totaal over alle leeftijden;Totaal bevolking;Kapelle;2008;11538;10519;699;228;471;320;202;118;678
5963;Totaal over alle leeftijden;Totaal bevolking;Kapelle;2009;11470;10389;729;234;495;352;214;138;678
5964;Totaal over alle leeftijden;Totaal bevolking;Kapelle;2010;11412;10272;756;250;506;384;237;147;678
5965;Totaal over alle leeftijden;Totaal bevolking;Kapelle;2011;11343;10145;797;275;522;401;243;158;678
5966;Totaal over alle leeftijden;Totaal bevolking;Kapelle;2012;11275;10020;814;277;537;441;265;176;678
5967;Totaal over alle leeftijden;Totaal bevolking;Kapelle;2013;11214;9892;851;293;558;471;284;187;678
5968;Totaal over alle leeftijden;Totaal bevolking;Kapelle;2014;11144;9781;880;302;578;483;278;205;678
5969;Totaal over alle leeftijden;Totaal bevolking;Kapelle;2015;11075;9643;912;313;599;520;294;226;678
5970;Totaal over alle leeftijden;Totaal bevolking;Kapelle;2016;11008;9540;929;315;614;539;305;234;678
5971;Totaal over alle leeftijden;Totaal bevolking;Kapelle;2017;10948;9425;948;330;618;575;312;263;678
5972;Totaal over alle leeftijden;Totaal bevolking;Kapelle;2018;10890;9338;958;346;612;594;318;276;678
5973;Totaal over alle leeftijden;Totaal bevolking;Kapelle;2019;10820;9225;977;365;612;618;333;285;678
5974;Totaal over alle leeftijden;Totaal bevolking;Kapelle;2020;10754;9125;992;375;617;637;341;296;678
5975;Totaal over alle leeftijden;Totaal bevolking;Kapelle;2021;10698;9030;1014;382;632;654;342;312;678
5976;Totaal over alle leeftijden;Totaal bevolking;Kapelle;2022;10660;8952;1030;387;643;678;354;324;678
5977;Totaal over alle leeftijden;Totaal bevolking;Kapelle;2023;10603;8871;1028;391;637;704;362;342;678
5978;Totaal over alle leeftijden;Totaal bevolking;Kapelle;2024;10538;8776;1044;410;634;718;366;352;678
5979;Totaal over alle leeftijden;Totaal bevolking;Kapelle;2025;10483;8691;1064;418;646;728;372;356;678
5980;Totaal over alle leeftijden;Totaal bevolking;Katwijk;2006;42048;38407;1891;809;1082;1750;1078;672;537
5981;Totaal over alle leeftijden;Totaal bevolking;Katwijk;2007;42115;38382;1938;834;1104;1795;1091;704;537
5982;Totaal over alle leeftijden;Totaal bevolking;Katwijk;2008;42220;38402;1980;851;1129;1838;1103;735;537
5983;Totaal over alle leeftijden;Totaal bevolking;Katwijk;2009;42339;38384;2050;866;1184;1905;1140;765;537
5984;Totaal over alle leeftijden;Totaal bevolking;Katwijk;2010;42482;38382;2133;901;1232;1967;1173;794;537
5985;Totaal over alle leeftijden;Totaal bevolking;Katwijk;2011;42608;38405;2177;920;1257;2026;1199;827;537
5986;Totaal over alle leeftijden;Totaal bevolking;Katwijk;2012;42746;38404;2241;951;1290;2101;1251;850;537
5987;Totaal over alle leeftijden;Totaal bevolking;Katwijk;2013;42890;38412;2328;1000;1328;2150;1277;873;537
5988;Totaal over alle leeftijden;Totaal bevolking;Katwijk;2014;43007;38400;2402;1032;1370;2205;1315;890;537
5989;Totaal over alle leeftijden;Totaal bevolking;Katwijk;2015;43140;38398;2471;1058;1413;2271;1354;917;537
5990;Totaal over alle leeftijden;Totaal bevolking;Katwijk;2016;43267;38395;2543;1106;1437;2329;1371;958;537
5991;Totaal over alle leeftijden;Totaal bevolking;Katwijk;2017;43397;38378;2623;1151;1472;2396;1410;986;537
5992;Totaal over alle leeftijden;Totaal bevolking;Katwijk;2018;43525;38386;2693;1188;1505;2446;1433;1013;537
5993;Totaal over alle leeftijden;Totaal bevolking;Katwijk;2019;43636;38349;2791;1239;1552;2496;1459;1037;537
5994;Totaal over alle leeftijden;Totaal bevolking;Katwijk;2020;43754;38332;2859;1288;1571;2563;1497;1066;537
5995;Totaal over alle leeftijden;Totaal bevolking;Katwijk;2021;43881;38303;2941;1347;1594;2637;1514;1123;537
5996;Totaal over alle leeftijden;Totaal bevolking;Katwijk;2022;44004;38282;3021;1402;1619;2701;1540;1161;537
5997;Totaal over alle leeftijden;Totaal bevolking;Katwijk;2023;44117;38256;3107;1452;1655;2754;1545;1209;537
5998;Totaal over alle leeftijden;Totaal bevolking;Katwijk;2024;44215;38239;3142;1473;1669;2834;1595;1239;537
5999;Totaal over alle leeftijden;Totaal bevolking;Katwijk;2025;44314;38204;3224;1532;1692;2886;1610;1276;537
6000;Totaal over alle leeftijden;Totaal bevolking;Kerkrade;2006;48971;33217;13993;6275;7718;1761;1119;642;928
6001;Totaal over alle leeftijden;Totaal bevolking;Kerkrade;2007;48416;33118;13521;5976;7545;1777;1097;680;928
6002;Totaal over alle leeftijden;Totaal bevolking;Kerkrade;2008;47886;33032;13063;5704;7359;1791;1081;710;928
6003;Totaal over alle leeftijden;Totaal bevolking;Kerkrade;2009;47374;32976;12605;5437;7168;1793;1058;735;928
6004;Totaal over alle leeftijden;Totaal bevolking;Kerkrade;2010;46893;32913;12168;5214;6954;1812;1059;753;928
6005;Totaal over alle leeftijden;Totaal bevolking;Kerkrade;2011;46426;32792;11810;5015;6795;1824;1034;790;928
6006;Totaal over alle leeftijden;Totaal bevolking;Kerkrade;2012;45972;32685;11441;4829;6612;1846;1026;820;928
6007;Totaal over alle leeftijden;Totaal bevolking;Kerkrade;2013;45519;32607;11052;4653;6399;1860;1007;853;928
6008;Totaal over alle leeftijden;Totaal bevolking;Kerkrade;2014;45099;32514;10722;4479;6243;1863;977;886;928
6009;Totaal over alle leeftijden;Totaal bevolking;Kerkrade;2015;44688;32371;10424;4335;6089;1893;978;915;928
6010;Totaal over alle leeftijden;Totaal bevolking;Kerkrade;2016;44280;32298;10045;4137;5908;1937;989;948;928
6011;Totaal over alle leeftijden;Totaal bevolking;Kerkrade;2017;43871;32227;9711;3945;5766;1933;975;958;928
6012;Totaal over alle leeftijden;Totaal bevolking;Kerkrade;2018;43475;32136;9400;3781;5619;1939;963;976;928
6013;Totaal over alle leeftijden;Totaal bevolking;Kerkrade;2019;43077;32069;9064;3619;5445;1944;964;980;928
6014;Totaal over alle leeftijden;Totaal bevolking;Kerkrade;2020;42702;32002;8771;3483;5288;1929;950;979;928
6015;Totaal over alle leeftijden;Totaal bevolking;Kerkrade;2021;42344;31927;8505;3335;5170;1912;944;968;928
6016;Totaal over alle leeftijden;Totaal bevolking;Kerkrade;2022;41983;31858;8207;3156;5051;1918;935;983;928
6017;Totaal over alle leeftijden;Totaal bevolking;Kerkrade;2023;41624;31748;7960;3061;4899;1916;931;985;928
6018;Totaal over alle leeftijden;Totaal bevolking;Kerkrade;2024;41275;31663;7706;2938;4768;1906;924;982;928
6019;Totaal over alle leeftijden;Totaal bevolking;Kerkrade;2025;40928;31540;7477;2853;4624;1911;914;997;928
6020;Totaal over alle leeftijden;Totaal bevolking;Kessel;2006;4421;3977;364;130;234;80;56;24;929
6021;Totaal over alle leeftijden;Totaal bevolking;Kessel;2007;4505;4009;399;139;260;97;67;30;929
6022;Totaal over alle leeftijden;Totaal bevolking;Kessel;2008;4594;4068;416;152;264;110;78;32;929
6023;Totaal over alle leeftijden;Totaal bevolking;Kessel;2009;4672;4113;437;157;280;122;84;38;929
6024;Totaal over alle leeftijden;Totaal bevolking;Kessel;2010;4721;4127;454;159;295;140;100;40;929
6025;Totaal over alle leeftijden;Totaal bevolking;Kessel;2011;4794;4171;469;168;301;154;106;48;929
6026;Totaal over alle leeftijden;Totaal bevolking;Kessel;2012;4848;4183;491;183;308;174;116;58;929
6027;Totaal over alle leeftijden;Totaal bevolking;Kessel;2013;4882;4190;498;180;318;194;124;70;929
6028;Totaal over alle leeftijden;Totaal bevolking;Kessel;2014;4945;4217;515;193;322;213;133;80;929
6029;Totaal over alle leeftijden;Totaal bevolking;Kessel;2015;4984;4226;525;197;328;233;143;90;929
6030;Totaal over alle leeftijden;Totaal bevolking;Kessel;2016;5018;4234;537;202;335;247;151;96;929
6031;Totaal over alle leeftijden;Totaal bevolking;Kessel;2017;5048;4232;559;207;352;257;156;101;929
6032;Totaal over alle leeftijden;Totaal bevolking;Kessel;2018;5086;4227;593;221;372;266;158;108;929
6033;Totaal over alle leeftijden;Totaal bevolking;Kessel;2019;5120;4249;589;215;374;282;164;118;929
6034;Totaal over alle leeftijden;Totaal bevolking;Kessel;2020;5149;4258;594;222;372;297;169;128;929
6035;Totaal over alle leeftijden;Totaal bevolking;Kessel;2021;5200;4277;610;228;382;313;176;137;929
6036;Totaal over alle leeftijden;Totaal bevolking;Kessel;2022;5222;4286;624;246;378;312;177;135;929
6037;Totaal over alle leeftijden;Totaal bevolking;Kessel;2023;5259;4310;634;256;378;315;181;134;929
6038;Totaal over alle leeftijden;Totaal bevolking;Kessel;2024;5268;4286;647;267;380;335;193;142;929
6039;Totaal over alle leeftijden;Totaal bevolking;Kessel;2025;5311;4311;658;272;386;342;194;148;929
6040;Totaal over alle leeftijden;Totaal bevolking;Kollumerland en Nieuwkruisland;2006;13092;12593;328;124;204;171;110;61;79
6041;Totaal over alle leeftijden;Totaal bevolking;Kollumerland en Nieuwkruisland;2007;13053;12513;352;133;219;188;127;61;79
6042;Totaal over alle leeftijden;Totaal bevolking;Kollumerland en Nieuwkruisland;2008;13004;12416;368;146;222;220;154;66;79
6043;Totaal over alle leeftijden;Totaal bevolking;Kollumerland en Nieuwkruisland;2009;12947;12287;413;168;245;247;176;71;79
6044;Totaal over alle leeftijden;Totaal bevolking;Kollumerland en Nieuwkruisland;2010;12888;12175;432;177;255;281;197;84;79
6045;Totaal over alle leeftijden;Totaal bevolking;Kollumerland en Nieuwkruisland;2011;12831;12076;443;198;245;312;220;92;79
6046;Totaal over alle leeftijden;Totaal bevolking;Kollumerland en Nieuwkruisland;2012;12782;11988;470;215;255;324;218;106;79
6047;Totaal over alle leeftijden;Totaal bevolking;Kollumerland en Nieuwkruisland;2013;12736;11890;492;233;259;354;237;117;79
6048;Totaal over alle leeftijden;Totaal bevolking;Kollumerland en Nieuwkruisland;2014;12699;11806;521;256;265;372;250;122;79
6049;Totaal over alle leeftijden;Totaal bevolking;Kollumerland en Nieuwkruisland;2015;12656;11734;544;270;274;378;260;118;79
6050;Totaal over alle leeftijden;Totaal bevolking;Kollumerland en Nieuwkruisland;2016;12617;11643;576;280;296;398;275;123;79
6051;Totaal over alle leeftijden;Totaal bevolking;Kollumerland en Nieuwkruisland;2017;12580;11558;604;296;308;418;286;132;79
6052;Totaal over alle leeftijden;Totaal bevolking;Kollumerland en Nieuwkruisland;2018;12546;11470;624;316;308;452;307;145;79
6053;Totaal over alle leeftijden;Totaal bevolking;Kollumerland en Nieuwkruisland;2019;12499;11380;649;328;321;470;320;150;79
6054;Totaal over alle leeftijden;Totaal bevolking;Kollumerland en Nieuwkruisland;2020;12463;11314;660;333;327;489;327;162;79
6055;Totaal over alle leeftijden;Totaal bevolking;Kollumerland en Nieuwkruisland;2021;12431;11220;690;358;332;521;350;171;79
6056;Totaal over alle leeftijden;Totaal bevolking;Kollumerland en Nieuwkruisland;2022;12394;11138;712;367;345;544;367;177;79
6057;Totaal over alle leeftijden;Totaal bevolking;Kollumerland en Nieuwkruisland;2023;12361;11061;737;378;359;563;382;181;79
6058;Totaal over alle leeftijden;Totaal bevolking;Kollumerland en Nieuwkruisland;2024;12320;10985;754;393;361;581;397;184;79
6059;Totaal over alle leeftijden;Totaal bevolking;Kollumerland en Nieuwkruisland;2025;12281;10910;762;404;358;609;414;195;79
6060;Totaal over alle leeftijden;Totaal bevolking;Korendijk;2006;11081;10368;460;167;293;253;159;94;588
6061;Totaal over alle leeftijden;Totaal bevolking;Korendijk;2007;11086;10307;492;174;318;287;183;104;588
6062;Totaal over alle leeftijden;Totaal bevolking;Korendijk;2008;11092;10251;539;188;351;302;190;112;588
6063;Totaal over alle leeftijden;Totaal bevolking;Korendijk;2009;11084;10191;565;191;374;328;207;121;588
6064;Totaal over alle leeftijden;Totaal bevolking;Korendijk;2010;11080;10136;590;196;394;354;225;129;588
6065;Totaal over alle leeftijden;Totaal bevolking;Korendijk;2011;11068;10052;616;214;402;400;245;155;588
6066;Totaal over alle leeftijden;Totaal bevolking;Korendijk;2012;11049;9994;639;232;407;416;254;162;588
6067;Totaal over alle leeftijden;Totaal bevolking;Korendijk;2013;11043;9932;670;240;430;441;270;171;588
6068;Totaal over alle leeftijden;Totaal bevolking;Korendijk;2014;11028;9841;724;258;466;463;279;184;588
6069;Totaal over alle leeftijden;Totaal bevolking;Korendijk;2015;11019;9776;750;263;487;493;295;198;588
6070;Totaal over alle leeftijden;Totaal bevolking;Korendijk;2016;11004;9692;787;281;506;525;304;221;588
6071;Totaal over alle leeftijden;Totaal bevolking;Korendijk;2017;10996;9617;813;301;512;566;315;251;588
6072;Totaal over alle leeftijden;Totaal bevolking;Korendijk;2018;10990;9558;832;314;518;600;326;274;588
6073;Totaal over alle leeftijden;Totaal bevolking;Korendijk;2019;10964;9485;858;326;532;621;333;288;588
6074;Totaal over alle leeftijden;Totaal bevolking;Korendijk;2020;10956;9418;888;341;547;650;348;302;588
6075;Totaal over alle leeftijden;Totaal bevolking;Korendijk;2021;10932;9351;905;353;552;676;365;311;588
6076;Totaal over alle leeftijden;Totaal bevolking;Korendijk;2022;10909;9293;925;358;567;691;370;321;588
6077;Totaal over alle leeftijden;Totaal bevolking;Korendijk;2023;10890;9216;958;372;586;716;377;339;588
6078;Totaal over alle leeftijden;Totaal bevolking;Korendijk;2024;10873;9158;971;375;596;744;380;364;588
6079;Totaal over alle leeftijden;Totaal bevolking;Korendijk;2025;10857;9073;1008;384;624;776;399;377;588
6080;Totaal over alle leeftijden;Totaal bevolking;Krimpen aan den IJssel;2006;29172;25325;2364;889;1475;1483;880;603;542
6081;Totaal over alle leeftijden;Totaal bevolking;Krimpen aan den IJssel;2007;29112;25178;2404;889;1515;1530;871;659;542
6082;Totaal over alle leeftijden;Totaal bevolking;Krimpen aan den IJssel;2008;29053;25029;2444;892;1552;1580;860;720;542
6083;Totaal over alle leeftijden;Totaal bevolking;Krimpen aan den IJssel;2009;28994;24873;2481;895;1586;1640;862;778;542
6084;Totaal over alle leeftijden;Totaal bevolking;Krimpen aan den IJssel;2010;28933;24714;2503;885;1618;1716;876;840;542
6085;Totaal over alle leeftijden;Totaal bevolking;Krimpen aan den IJssel;2011;28875;24563;2531;878;1653;1781;895;886;542
6086;Totaal over alle leeftijden;Totaal bevolking;Krimpen aan den IJssel;2012;28817;24423;2558;878;1680;1836;896;940;542
6087;Totaal over alle leeftijden;Totaal bevolking;Krimpen aan den IJssel;2013;28760;24271;2583;886;1697;1906;896;1010;542
6088;Totaal over alle leeftijden;Totaal bevolking;Krimpen aan den IJssel;2014;28701;24115;2622;896;1726;1964;895;1069;542
6089;Totaal over alle leeftijden;Totaal bevolking;Krimpen aan den IJssel;2015;28643;23964;2637;881;1756;2042;919;1123;542
6090;Totaal over alle leeftijden;Totaal bevolking;Krimpen aan den IJssel;2016;28605;23825;2674;893;1781;2106;927;1179;542
6091;Totaal over alle leeftijden;Totaal bevolking;Krimpen aan den IJssel;2017;28578;23680;2725;930;1795;2173;941;1232;542
6092;Totaal over alle leeftijden;Totaal bevolking;Krimpen aan den IJssel;2018;28549;23539;2772;944;1828;2238;954;1284;542
6093;Totaal over alle leeftijden;Totaal bevolking;Krimpen aan den IJssel;2019;28527;23411;2811;948;1863;2305;958;1347;542
6094;Totaal over alle leeftijden;Totaal bevolking;Krimpen aan den IJssel;2020;28485;23288;2841;941;1900;2356;954;1402;542
6095;Totaal over alle leeftijden;Totaal bevolking;Krimpen aan den IJssel;2021;28454;23157;2884;947;1937;2413;955;1458;542
6096;Totaal over alle leeftijden;Totaal bevolking;Krimpen aan den IJssel;2022;28429;23041;2925;958;1967;2463;960;1503;542
6097;Totaal over alle leeftijden;Totaal bevolking;Krimpen aan den IJssel;2023;28419;22922;2974;986;1988;2523;959;1564;542
6098;Totaal over alle leeftijden;Totaal bevolking;Krimpen aan den IJssel;2024;28400;22800;3030;1010;2020;2570;957;1613;542
6099;Totaal over alle leeftijden;Totaal bevolking;Krimpen aan den IJssel;2025;28390;22696;3038;1007;2031;2656;979;1677;542
6100;Totaal over alle leeftijden;Totaal bevolking;Laarbeek;2006;21634;20173;1118;456;662;343;231;112;1659
6101;Totaal over alle leeftijden;Totaal bevolking;Laarbeek;2007;21601;20099;1147;463;684;355;239;116;1659
6102;Totaal over alle leeftijden;Totaal bevolking;Laarbeek;2008;21575;20045;1158;469;689;372;253;119;1659
6103;Totaal over alle leeftijden;Totaal bevolking;Laarbeek;2009;21539;19987;1174;470;704;378;257;121;1659
6104;Totaal over alle leeftijden;Totaal bevolking;Laarbeek;2010;21503;19925;1201;472;729;377;256;121;1659
6105;Totaal over alle leeftijden;Totaal bevolking;Laarbeek;2011;21457;19839;1233;482;751;385;258;127;1659
6106;Totaal over alle leeftijden;Totaal bevolking;Laarbeek;2012;21409;19744;1270;503;767;395;263;132;1659
6107;Totaal over alle leeftijden;Totaal bevolking;Laarbeek;2013;21357;19646;1291;507;784;420;272;148;1659
6108;Totaal over alle leeftijden;Totaal bevolking;Laarbeek;2014;21303;19569;1288;512;776;446;288;158;1659
6109;Totaal over alle leeftijden;Totaal bevolking;Laarbeek;2015;21256;19488;1311;517;794;457;288;169;1659
6110;Totaal over alle leeftijden;Totaal bevolking;Laarbeek;2016;21210;19392;1344;523;821;474;289;185;1659
6111;Totaal over alle leeftijden;Totaal bevolking;Laarbeek;2017;21155;19324;1346;517;829;485;288;197;1659
6112;Totaal over alle leeftijden;Totaal bevolking;Laarbeek;2018;21108;19217;1386;527;859;505;304;201;1659
6113;Totaal over alle leeftijden;Totaal bevolking;Laarbeek;2019;21051;19141;1394;524;870;516;308;208;1659
6114;Totaal over alle leeftijden;Totaal bevolking;Laarbeek;2020;20983;19060;1405;526;879;518;311;207;1659
6115;Totaal over alle leeftijden;Totaal bevolking;Laarbeek;2021;20933;18977;1422;536;886;534;322;212;1659
6116;Totaal over alle leeftijden;Totaal bevolking;Laarbeek;2022;20884;18912;1427;543;884;545;325;220;1659
6117;Totaal over alle leeftijden;Totaal bevolking;Laarbeek;2023;20828;18843;1435;532;903;550;327;223;1659
6118;Totaal over alle leeftijden;Totaal bevolking;Laarbeek;2024;20777;18777;1428;520;908;572;333;239;1659
6119;Totaal over alle leeftijden;Totaal bevolking;Laarbeek;2025;20725;18686;1457;518;939;582;331;251;1659
6120;Totaal over alle leeftijden;Totaal bevolking;Landerd;2006;14806;13806;698;285;413;302;204;98;1685
6121;Totaal over alle leeftijden;Totaal bevolking;Landerd;2007;14838;13798;726;289;437;314;209;105;1685
6122;Totaal over alle leeftijden;Totaal bevolking;Landerd;2008;14850;13759;756;299;457;335;222;113;1685
6123;Totaal over alle leeftijden;Totaal bevolking;Landerd;2009;14848;13731;778;304;474;339;224;115;1685
6124;Totaal over alle leeftijden;Totaal bevolking;Landerd;2010;14835;13675;795;313;482;365;243;122;1685
6125;Totaal over alle leeftijden;Totaal bevolking;Landerd;2011;14826;13654;797;315;482;375;247;128;1685
6126;Totaal over alle leeftijden;Totaal bevolking;Landerd;2012;14819;13624;796;304;492;399;263;136;1685
6127;Totaal over alle leeftijden;Totaal bevolking;Landerd;2013;14816;13587;808;311;497;421;277;144;1685
6128;Totaal over alle leeftijden;Totaal bevolking;Landerd;2014;14818;13564;832;315;517;422;279;143;1685
6129;Totaal over alle leeftijden;Totaal bevolking;Landerd;2015;14813;13531;851;329;522;431;277;154;1685
6130;Totaal over alle leeftijden;Totaal bevolking;Landerd;2016;14812;13509;859;340;519;444;284;160;1685
6131;Totaal over alle leeftijden;Totaal bevolking;Landerd;2017;14808;13481;879;346;533;448;283;165;1685
6132;Totaal over alle leeftijden;Totaal bevolking;Landerd;2018;14795;13462;886;356;530;447;275;172;1685
6133;Totaal over alle leeftijden;Totaal bevolking;Landerd;2019;14774;13426;892;354;538;456;280;176;1685
6134;Totaal over alle leeftijden;Totaal bevolking;Landerd;2020;14758;13390;898;356;542;470;290;180;1685
6135;Totaal over alle leeftijden;Totaal bevolking;Landerd;2021;14744;13352;910;355;555;482;299;183;1685
6136;Totaal over alle leeftijden;Totaal bevolking;Landerd;2022;14737;13307;932;371;561;498;304;194;1685
6137;Totaal over alle leeftijden;Totaal bevolking;Landerd;2023;14716;13279;937;367;570;500;312;188;1685
6138;Totaal over alle leeftijden;Totaal bevolking;Landerd;2024;14698;13228;944;369;575;526;322;204;1685
6139;Totaal over alle leeftijden;Totaal bevolking;Landerd;2025;14687;13189;956;371;585;542;332;210;1685
6140;Totaal over alle leeftijden;Totaal bevolking;Landgraaf;2006;39123;29802;8364;2304;6060;957;572;385;882
6141;Totaal over alle leeftijden;Totaal bevolking;Landgraaf;2007;38807;29674;8160;2178;5982;973;569;404;882
6142;Totaal over alle leeftijden;Totaal bevolking;Landgraaf;2008;38516;29582;7962;2062;5900;972;560;412;882
6143;Totaal over alle leeftijden;Totaal bevolking;Landgraaf;2009;38245;29488;7787;1964;5823;970;545;425;882
6144;Totaal over alle leeftijden;Totaal bevolking;Landgraaf;2010;37984;29342;7637;1890;5747;1005;549;456;882
6145;Totaal over alle leeftijden;Totaal bevolking;Landgraaf;2011;37718;29237;7473;1811;5662;1008;541;467;882
6146;Totaal over alle leeftijden;Totaal bevolking;Landgraaf;2012;37469;29107;7349;1756;5593;1013;538;475;882
6147;Totaal over alle leeftijden;Totaal bevolking;Landgraaf;2013;37202;28974;7204;1689;5515;1024;534;490;882
6148;Totaal over alle leeftijden;Totaal bevolking;Landgraaf;2014;36948;28893;7034;1629;5405;1021;512;509;882
6149;Totaal over alle leeftijden;Totaal bevolking;Landgraaf;2015;36703;28820;6854;1551;5303;1029;499;530;882
6150;Totaal over alle leeftijden;Totaal bevolking;Landgraaf;2016;36456;28730;6690;1470;5220;1036;491;545;882
6151;Totaal over alle leeftijden;Totaal bevolking;Landgraaf;2017;36214;28607;6557;1428;5129;1050;489;561;882
6152;Totaal over alle leeftijden;Totaal bevolking;Landgraaf;2018;35978;28497;6433;1393;5040;1048;482;566;882
6153;Totaal over alle leeftijden;Totaal bevolking;Landgraaf;2019;35737;28399;6282;1337;4945;1056;478;578;882
6154;Totaal over alle leeftijden;Totaal bevolking;Landgraaf;2020;35504;28268;6166;1296;4870;1070;474;596;882
6155;Totaal over alle leeftijden;Totaal bevolking;Landgraaf;2021;35290;28162;6052;1277;4775;1076;470;606;882
6156;Totaal over alle leeftijden;Totaal bevolking;Landgraaf;2022;35054;28056;5906;1237;4669;1092;473;619;882
6157;Totaal over alle leeftijden;Totaal bevolking;Landgraaf;2023;34826;27964;5747;1196;4551;1115;480;635;882
6158;Totaal over alle leeftijden;Totaal bevolking;Landgraaf;2024;34595;27859;5594;1149;4445;1142;490;652;882
6159;Totaal over alle leeftijden;Totaal bevolking;Landgraaf;2025;34386;27743;5483;1148;4335;1160;499;661;882
6160;Totaal over alle leeftijden;Totaal bevolking;Landsmeer;2006;10279;8982;841;284;557;456;236;220;415
6161;Totaal over alle leeftijden;Totaal bevolking;Landsmeer;2007;10257;8889;872;296;576;496;263;233;415
6162;Totaal over alle leeftijden;Totaal bevolking;Landsmeer;2008;10241;8796;908;306;602;537;285;252;415
6163;Totaal over alle leeftijden;Totaal bevolking;Landsmeer;2009;10219;8715;912;302;610;592;323;269;415
6164;Totaal over alle leeftijden;Totaal bevolking;Landsmeer;2010;10211;8653;941;312;629;617;320;297;415
6165;Totaal over alle leeftijden;Totaal bevolking;Landsmeer;2011;10198;8559;966;323;643;673;345;328;415
6166;Totaal over alle leeftijden;Totaal bevolking;Landsmeer;2012;10184;8477;1003;341;662;704;355;349;415
6167;Totaal over alle leeftijden;Totaal bevolking;Landsmeer;2013;10166;8403;1023;343;680;740;375;365;415
6168;Totaal over alle leeftijden;Totaal bevolking;Landsmeer;2014;10144;8327;1049;353;696;768;385;383;415
6169;Totaal over alle leeftijden;Totaal bevolking;Landsmeer;2015;10132;8248;1074;359;715;810;401;409;415
6170;Totaal over alle leeftijden;Totaal bevolking;Landsmeer;2016;10122;8170;1110;379;731;842;406;436;415
6171;Totaal over alle leeftijden;Totaal bevolking;Landsmeer;2017;10100;8086;1147;398;749;867;409;458;415
6172;Totaal over alle leeftijden;Totaal bevolking;Landsmeer;2018;10088;8002;1173;413;760;913;419;494;415
6173;Totaal over alle leeftijden;Totaal bevolking;Landsmeer;2019;10078;7939;1196;416;780;943;427;516;415
6174;Totaal over alle leeftijden;Totaal bevolking;Landsmeer;2020;10061;7864;1214;423;791;983;435;548;415
6175;Totaal over alle leeftijden;Totaal bevolking;Landsmeer;2021;10049;7807;1228;431;797;1014;434;580;415
6176;Totaal over alle leeftijden;Totaal bevolking;Landsmeer;2022;10035;7742;1249;429;820;1044;454;590;415
6177;Totaal over alle leeftijden;Totaal bevolking;Landsmeer;2023;10020;7661;1281;447;834;1078;451;627;415
6178;Totaal over alle leeftijden;Totaal bevolking;Landsmeer;2024;9999;7574;1311;460;851;1114;464;650;415
6179;Totaal over alle leeftijden;Totaal bevolking;Landsmeer;2025;9981;7498;1343;463;880;1140;472;668;415
6180;Totaal over alle leeftijden;Totaal bevolking;Langedijk;2006;26124;23676;1453;530;923;995;539;456;416
6181;Totaal over alle leeftijden;Totaal bevolking;Langedijk;2007;26240;23728;1475;524;951;1037;574;463;416
6182;Totaal over alle leeftijden;Totaal bevolking;Langedijk;2008;26379;23789;1513;540;973;1077;597;480;416
6183;Totaal over alle leeftijden;Totaal bevolking;Langedijk;2009;26504;23856;1547;549;998;1101;613;488;416
6184;Totaal over alle leeftijden;Totaal bevolking;Langedijk;2010;26610;23908;1580;557;1023;1122;630;492;416
6185;Totaal over alle leeftijden;Totaal bevolking;Langedijk;2011;26728;23939;1627;583;1044;1162;657;505;416
6186;Totaal over alle leeftijden;Totaal bevolking;Langedijk;2012;26836;23957;1668;599;1069;1211;683;528;416
6187;Totaal over alle leeftijden;Totaal bevolking;Langedijk;2013;26951;23988;1727;631;1096;1236;688;548;416
6188;Totaal over alle leeftijden;Totaal bevolking;Langedijk;2014;27051;24036;1757;642;1115;1258;687;571;416
6189;Totaal over alle leeftijden;Totaal bevolking;Langedijk;2015;27162;24079;1805;661;1144;1278;706;572;416
6190;Totaal over alle leeftijden;Totaal bevolking;Langedijk;2016;27261;24117;1851;688;1163;1293;713;580;416
6191;Totaal over alle leeftijden;Totaal bevolking;Langedijk;2017;27359;24154;1897;709;1188;1308;725;583;416
6192;Totaal over alle leeftijden;Totaal bevolking;Langedijk;2018;27459;24204;1922;713;1209;1333;738;595;416
6193;Totaal over alle leeftijden;Totaal bevolking;Langedijk;2019;27556;24220;1968;751;1217;1368;761;607;416
6194;Totaal over alle leeftijden;Totaal bevolking;Langedijk;2020;27640;24242;2012;777;1235;1386;772;614;416
6195;Totaal over alle leeftijden;Totaal bevolking;Langedijk;2021;27732;24292;2038;794;1244;1402;779;623;416
6196;Totaal over alle leeftijden;Totaal bevolking;Langedijk;2022;27833;24340;2059;804;1255;1434;792;642;416
6197;Totaal over alle leeftijden;Totaal bevolking;Langedijk;2023;27935;24377;2087;819;1268;1471;796;675;416
6198;Totaal over alle leeftijden;Totaal bevolking;Langedijk;2024;28036;24409;2121;831;1290;1506;803;703;416
6199;Totaal over alle leeftijden;Totaal bevolking;Langedijk;2025;28115;24426;2161;849;1312;1528;802;726;416
6200;Totaal over alle leeftijden;Totaal bevolking;Laren (NH.);2006;11287;8991;1547;670;877;749;517;232;417
6201;Totaal over alle leeftijden;Totaal bevolking;Laren (NH.);2007;11167;8897;1532;646;886;738;496;242;417
6202;Totaal over alle leeftijden;Totaal bevolking;Laren (NH.);2008;11054;8791;1539;619;920;724;479;245;417
6203;Totaal over alle leeftijden;Totaal bevolking;Laren (NH.);2009;10934;8651;1566;647;919;717;460;257;417
6204;Totaal over alle leeftijden;Totaal bevolking;Laren (NH.);2010;10820;8544;1556;635;921;720;455;265;417
6205;Totaal over alle leeftijden;Totaal bevolking;Laren (NH.);2011;10700;8399;1563;643;920;738;453;285;417
6206;Totaal over alle leeftijden;Totaal bevolking;Laren (NH.);2012;10569;8237;1556;634;922;776;468;308;417
6207;Totaal over alle leeftijden;Totaal bevolking;Laren (NH.);2013;10457;8087;1595;665;930;775;449;326;417
6208;Totaal over alle leeftijden;Totaal bevolking;Laren (NH.);2014;10332;7959;1593;663;930;780;442;338;417
6209;Totaal over alle leeftijden;Totaal bevolking;Laren (NH.);2015;10209;7796;1602;666;936;811;454;357;417
6210;Totaal over alle leeftijden;Totaal bevolking;Laren (NH.);2016;10102;7693;1593;652;941;816;444;372;417
6211;Totaal over alle leeftijden;Totaal bevolking;Laren (NH.);2017;10010;7575;1601;664;937;834;454;380;417
6212;Totaal over alle leeftijden;Totaal bevolking;Laren (NH.);2018;9915;7466;1589;647;942;860;469;391;417
6213;Totaal over alle leeftijden;Totaal bevolking;Laren (NH.);2019;9819;7360;1578;642;936;881;484;397;417
6214;Totaal over alle leeftijden;Totaal bevolking;Laren (NH.);2020;9738;7256;1581;642;939;901;482;419;417
6215;Totaal over alle leeftijden;Totaal bevolking;Laren (NH.);2021;9645;7162;1572;648;924;911;481;430;417
6216;Totaal over alle leeftijden;Totaal bevolking;Laren (NH.);2022;9562;7083;1565;646;919;914;482;432;417
6217;Totaal over alle leeftijden;Totaal bevolking;Laren (NH.);2023;9493;6991;1564;662;902;938;494;444;417
6218;Totaal over alle leeftijden;Totaal bevolking;Laren (NH.);2024;9413;6883;1561;656;905;969;508;461;417
6219;Totaal over alle leeftijden;Totaal bevolking;Laren (NH.);2025;9357;6794;1549;637;912;1014;527;487;417
6220;Totaal over alle leeftijden;Totaal bevolking;Leek;2006;19415;17634;958;392;566;823;600;223;22
6221;Totaal over alle leeftijden;Totaal bevolking;Leek;2007;19483;17645;997;404;593;841;616;225;22
6222;Totaal over alle leeftijden;Totaal bevolking;Leek;2008;19706;17796;1036;435;601;874;635;239;22
6223;Totaal over alle leeftijden;Totaal bevolking;Leek;2009;19979;17963;1085;470;615;931;674;257;22
6224;Totaal over alle leeftijden;Totaal bevolking;Leek;2010;20269;18148;1145;497;648;976;711;265;22
6225;Totaal over alle leeftijden;Totaal bevolking;Leek;2011;20557;18299;1212;539;673;1046;761;285;22
6226;Totaal over alle leeftijden;Totaal bevolking;Leek;2012;20859;18482;1274;580;694;1103;802;301;22
6227;Totaal over alle leeftijden;Totaal bevolking;Leek;2013;21151;18650;1338;624;714;1163;849;314;22
6228;Totaal over alle leeftijden;Totaal bevolking;Leek;2014;21448;18781;1436;698;738;1231;899;332;22
6229;Totaal over alle leeftijden;Totaal bevolking;Leek;2015;21746;18931;1502;752;750;1313;954;359;22
6230;Totaal over alle leeftijden;Totaal bevolking;Leek;2016;22033;19075;1586;820;766;1372;998;374;22
6231;Totaal over alle leeftijden;Totaal bevolking;Leek;2017;22310;19176;1688;907;781;1446;1050;396;22
6232;Totaal over alle leeftijden;Totaal bevolking;Leek;2018;22592;19288;1796;988;808;1508;1094;414;22
6233;Totaal over alle leeftijden;Totaal bevolking;Leek;2019;22868;19384;1891;1061;830;1593;1140;453;22
6234;Totaal over alle leeftijden;Totaal bevolking;Leek;2020;23121;19455;1986;1120;866;1680;1203;477;22
6235;Totaal over alle leeftijden;Totaal bevolking;Leek;2021;23392;19511;2115;1209;906;1766;1275;491;22
6236;Totaal over alle leeftijden;Totaal bevolking;Leek;2022;23637;19575;2206;1281;925;1856;1339;517;22
6237;Totaal over alle leeftijden;Totaal bevolking;Leek;2023;23879;19608;2325;1374;951;1946;1409;537;22
6238;Totaal over alle leeftijden;Totaal bevolking;Leek;2024;24107;19622;2433;1475;958;2052;1487;565;22
6239;Totaal over alle leeftijden;Totaal bevolking;Leek;2025;24329;19612;2562;1574;988;2155;1546;609;22
6240;Totaal over alle leeftijden;Totaal bevolking;Leerdam;2006;21003;16657;1673;539;1134;2673;1406;1267;545
6241;Totaal over alle leeftijden;Totaal bevolking;Leerdam;2007;21143;16727;1674;535;1139;2742;1431;1311;545
6242;Totaal over alle leeftijden;Totaal bevolking;Leerdam;2008;21201;16701;1702;538;1164;2798;1445;1353;545
6243;Totaal over alle leeftijden;Totaal bevolking;Leerdam;2009;21269;16722;1708;524;1184;2839;1446;1393;545
6244;Totaal over alle leeftijden;Totaal bevolking;Leerdam;2010;21315;16745;1721;525;1196;2849;1443;1406;545
6245;Totaal over alle leeftijden;Totaal bevolking;Leerdam;2011;21357;16724;1755;538;1217;2878;1453;1425;545
6246;Totaal over alle leeftijden;Totaal bevolking;Leerdam;2012;21407;16739;1783;543;1240;2885;1450;1435;545
6247;Totaal over alle leeftijden;Totaal bevolking;Leerdam;2013;21446;16732;1807;566;1241;2907;1443;1464;545
6248;Totaal over alle leeftijden;Totaal bevolking;Leerdam;2014;21495;16759;1816;572;1244;2920;1440;1480;545
6249;Totaal over alle leeftijden;Totaal bevolking;Leerdam;2015;21537;16764;1858;582;1276;2915;1433;1482;545
6250;Totaal over alle leeftijden;Totaal bevolking;Leerdam;2016;21587;16751;1917;602;1315;2919;1434;1485;545
6251;Totaal over alle leeftijden;Totaal bevolking;Leerdam;2017;21608;16778;1948;600;1348;2882;1411;1471;545
6252;Totaal over alle leeftijden;Totaal bevolking;Leerdam;2018;21635;16790;1960;603;1357;2885;1389;1496;545
6253;Totaal over alle leeftijden;Totaal bevolking;Leerdam;2019;21672;16788;1991;611;1380;2893;1396;1497;545
6254;Totaal over alle leeftijden;Totaal bevolking;Leerdam;2020;21705;16784;2023;630;1393;2898;1379;1519;545
6255;Totaal over alle leeftijden;Totaal bevolking;Leerdam;2021;21741;16784;2052;635;1417;2905;1383;1522;545
6256;Totaal over alle leeftijden;Totaal bevolking;Leerdam;2022;21775;16806;2048;631;1417;2921;1402;1519;545
6257;Totaal over alle leeftijden;Totaal bevolking;Leerdam;2023;21804;16809;2054;633;1421;2941;1408;1533;545
6258;Totaal over alle leeftijden;Totaal bevolking;Leerdam;2024;21812;16804;2067;631;1436;2941;1412;1529;545
6259;Totaal over alle leeftijden;Totaal bevolking;Leerdam;2025;21817;16819;2072;626;1446;2926;1402;1524;545
6260;Totaal over alle leeftijden;Totaal bevolking;Leersum;2006;7444;6326;629;259;370;489;335;154;326
6261;Totaal over alle leeftijden;Totaal bevolking;Leersum;2007;7423;6281;643;254;389;499;339;160;326
6262;Totaal over alle leeftijden;Totaal bevolking;Leersum;2008;7382;6222;653;259;394;507;342;165;326
6263;Totaal over alle leeftijden;Totaal bevolking;Leersum;2009;7338;6151;670;265;405;517;344;173;326
6264;Totaal over alle leeftijden;Totaal bevolking;Leersum;2010;7292;6077;678;275;403;537;351;186;326
6265;Totaal over alle leeftijden;Totaal bevolking;Leersum;2011;7247;6008;692;280;412;547;353;194;326
6266;Totaal over alle leeftijden;Totaal bevolking;Leersum;2012;7206;5928;714;301;413;564;362;202;326
6267;Totaal over alle leeftijden;Totaal bevolking;Leersum;2013;7157;5830;758;310;448;569;356;213;326
6268;Totaal over alle leeftijden;Totaal bevolking;Leersum;2014;7102;5753;764;307;457;585;359;226;326
6269;Totaal over alle leeftijden;Totaal bevolking;Leersum;2015;7063;5688;788;319;469;587;362;225;326
6270;Totaal over alle leeftijden;Totaal bevolking;Leersum;2016;7011;5601;817;339;478;593;360;233;326
6271;Totaal over alle leeftijden;Totaal bevolking;Leersum;2017;6965;5547;819;343;476;599;364;235;326
6272;Totaal over alle leeftijden;Totaal bevolking;Leersum;2018;6912;5466;829;353;476;617;376;241;326
6273;Totaal over alle leeftijden;Totaal bevolking;Leersum;2019;6868;5382;842;360;482;644;385;259;326
6274;Totaal over alle leeftijden;Totaal bevolking;Leersum;2020;6821;5303;861;363;498;657;386;271;326
6275;Totaal over alle leeftijden;Totaal bevolking;Leersum;2021;6775;5226;884;370;514;665;394;271;326
6276;Totaal over alle leeftijden;Totaal bevolking;Leersum;2022;6721;5170;886;372;514;665;392;273;326
6277;Totaal over alle leeftijden;Totaal bevolking;Leersum;2023;6685;5087;905;375;530;693;399;294;326
6278;Totaal over alle leeftijden;Totaal bevolking;Leersum;2024;6640;5001;920;384;536;719;414;305;326
6279;Totaal over alle leeftijden;Totaal bevolking;Leersum;2025;6601;4923;937;396;541;741;424;317;326
6280;Totaal over alle leeftijden;Totaal bevolking;Leeuwarden;2006;91517;76922;6331;2586;3745;8264;5389;2875;80
6281;Totaal over alle leeftijden;Totaal bevolking;Leeuwarden;2007;92051;77283;6397;2623;3774;8371;5346;3025;80
6282;Totaal over alle leeftijden;Totaal bevolking;Leeuwarden;2008;92743;77842;6499;2745;3754;8402;5266;3136;80
6283;Totaal over alle leeftijden;Totaal bevolking;Leeuwarden;2009;93413;78246;6654;2877;3777;8513;5252;3261;80
6284;Totaal over alle leeftijden;Totaal bevolking;Leeuwarden;2010;94120;78670;6787;3000;3787;8663;5260;3403;80
6285;Totaal over alle leeftijden;Totaal bevolking;Leeuwarden;2011;94848;79114;6929;3101;3828;8805;5255;3550;80
6286;Totaal over alle leeftijden;Totaal bevolking;Leeuwarden;2012;95601;79564;7079;3250;3829;8958;5259;3699;80
6287;Totaal over alle leeftijden;Totaal bevolking;Leeuwarden;2013;96362;79992;7257;3400;3857;9113;5301;3812;80
6288;Totaal over alle leeftijden;Totaal bevolking;Leeuwarden;2014;97111;80350;7457;3550;3907;9304;5343;3961;80
6289;Totaal over alle leeftijden;Totaal bevolking;Leeuwarden;2015;97878;80714;7659;3705;3954;9505;5427;4078;80
6290;Totaal over alle leeftijden;Totaal bevolking;Leeuwarden;2016;98630;81129;7849;3849;4000;9652;5480;4172;80
6291;Totaal over alle leeftijden;Totaal bevolking;Leeuwarden;2017;99346;81477;7989;3960;4029;9880;5606;4274;80
6292;Totaal over alle leeftijden;Totaal bevolking;Leeuwarden;2018;100048;81755;8214;4125;4089;10079;5671;4408;80
6293;Totaal over alle leeftijden;Totaal bevolking;Leeuwarden;2019;100717;82060;8392;4255;4137;10265;5711;4554;80
6294;Totaal over alle leeftijden;Totaal bevolking;Leeuwarden;2020;101378;82408;8494;4379;4115;10476;5831;4645;80
6295;Totaal over alle leeftijden;Totaal bevolking;Leeuwarden;2021;102023;82736;8607;4453;4154;10680;5935;4745;80
6296;Totaal over alle leeftijden;Totaal bevolking;Leeuwarden;2022;102636;82962;8824;4611;4213;10850;6046;4804;80
6297;Totaal over alle leeftijden;Totaal bevolking;Leeuwarden;2023;103221;83199;9015;4747;4268;11007;6096;4911;80
6298;Totaal over alle leeftijden;Totaal bevolking;Leeuwarden;2024;103792;83424;9193;4870;4323;11175;6170;5005;80
6299;Totaal over alle leeftijden;Totaal bevolking;Leeuwarden;2025;104315;83528;9344;4996;4348;11443;6322;5121;80
6300;Totaal over alle leeftijden;Totaal bevolking;Leeuwarderadeel;2006;10588;9836;467;133;334;285;179;106;81
6301;Totaal over alle leeftijden;Totaal bevolking;Leeuwarderadeel;2007;10596;9811;482;138;344;303;192;111;81
6302;Totaal over alle leeftijden;Totaal bevolking;Leeuwarderadeel;2008;10611;9792;504;150;354;315;195;120;81
6303;Totaal over alle leeftijden;Totaal bevolking;Leeuwarderadeel;2009;10623;9779;513;156;357;331;204;127;81
6304;Totaal over alle leeftijden;Totaal bevolking;Leeuwarderadeel;2010;10642;9759;533;167;366;350;217;133;81
6305;Totaal over alle leeftijden;Totaal bevolking;Leeuwarderadeel;2011;10654;9732;552;184;368;370;224;146;81
6306;Totaal over alle leeftijden;Totaal bevolking;Leeuwarderadeel;2012;10665;9687;591;201;390;387;244;143;81
6307;Totaal over alle leeftijden;Totaal bevolking;Leeuwarderadeel;2013;10685;9652;620;216;404;413;259;154;81
6308;Totaal over alle leeftijden;Totaal bevolking;Leeuwarderadeel;2014;10701;9617;633;226;407;451;290;161;81
6309;Totaal over alle leeftijden;Totaal bevolking;Leeuwarderadeel;2015;10724;9593;667;245;422;464;304;160;81
6310;Totaal over alle leeftijden;Totaal bevolking;Leeuwarderadeel;2016;10738;9576;687;251;436;475;304;171;81
6311;Totaal over alle leeftijden;Totaal bevolking;Leeuwarderadeel;2017;10761;9563;709;255;454;489;302;187;81
6312;Totaal over alle leeftijden;Totaal bevolking;Leeuwarderadeel;2018;10778;9529;730;265;465;519;310;209;81
6313;Totaal over alle leeftijden;Totaal bevolking;Leeuwarderadeel;2019;10796;9502;752;287;465;542;327;215;81
6314;Totaal over alle leeftijden;Totaal bevolking;Leeuwarderadeel;2020;10809;9471;781;305;476;557;338;219;81
6315;Totaal over alle leeftijden;Totaal bevolking;Leeuwarderadeel;2021;10826;9464;788;315;473;574;354;220;81
6316;Totaal over alle leeftijden;Totaal bevolking;Leeuwarderadeel;2022;10854;9445;815;331;484;594;369;225;81
6317;Totaal over alle leeftijden;Totaal bevolking;Leeuwarderadeel;2023;10879;9436;838;348;490;605;377;228;81
6318;Totaal over alle leeftijden;Totaal bevolking;Leeuwarderadeel;2024;10901;9411;865;370;495;625;389;236;81
6319;Totaal over alle leeftijden;Totaal bevolking;Leeuwarderadeel;2025;10923;9415;874;388;486;634;391;243;81
6320;Totaal over alle leeftijden;Totaal bevolking;Leiden;2006;118331;87721;13806;6858;6948;16804;10135;6669;546
6321;Totaal over alle leeftijden;Totaal bevolking;Leiden;2007;118116;87340;13800;6855;6945;16976;10027;6949;546
6322;Totaal over alle leeftijden;Totaal bevolking;Leiden;2008;117953;86941;13851;6861;6990;17161;9937;7224;546
6323;Totaal over alle leeftijden;Totaal bevolking;Leiden;2009;117825;86516;13961;6962;6999;17348;9891;7457;546
6324;Totaal over alle leeftijden;Totaal bevolking;Leiden;2010;117705;86080;14122;7129;6993;17503;9825;7678;546
6325;Totaal over alle leeftijden;Totaal bevolking;Leiden;2011;117593;85613;14351;7311;7040;17629;9753;7876;546
6326;Totaal over alle leeftijden;Totaal bevolking;Leiden;2012;117534;85177;14570;7455;7115;17787;9710;8077;546
6327;Totaal over alle leeftijden;Totaal bevolking;Leiden;2013;117482;84776;14756;7616;7140;17950;9692;8258;546
6328;Totaal over alle leeftijden;Totaal bevolking;Leiden;2014;117445;84289;15018;7827;7191;18138;9687;8451;546
6329;Totaal over alle leeftijden;Totaal bevolking;Leiden;2015;117388;83921;15181;7961;7220;18286;9666;8620;546
6330;Totaal over alle leeftijden;Totaal bevolking;Leiden;2016;117346;83467;15378;8110;7268;18501;9707;8794;546
6331;Totaal over alle leeftijden;Totaal bevolking;Leiden;2017;117341;83062;15585;8247;7338;18694;9734;8960;546
6332;Totaal over alle leeftijden;Totaal bevolking;Leiden;2018;117339;82636;15780;8362;7418;18923;9777;9146;546
6333;Totaal over alle leeftijden;Totaal bevolking;Leiden;2019;117369;82255;15938;8463;7475;19176;9886;9290;546
6334;Totaal over alle leeftijden;Totaal bevolking;Leiden;2020;117406;81863;16104;8575;7529;19439;9962;9477;546
6335;Totaal over alle leeftijden;Totaal bevolking;Leiden;2021;117460;81499;16317;8718;7599;19644;10066;9578;546
6336;Totaal over alle leeftijden;Totaal bevolking;Leiden;2022;117516;81084;16485;8815;7670;19947;10200;9747;546
6337;Totaal over alle leeftijden;Totaal bevolking;Leiden;2023;117590;80712;16697;8959;7738;20181;10303;9878;546
6338;Totaal over alle leeftijden;Totaal bevolking;Leiden;2024;117711;80346;16873;9076;7797;20492;10455;10037;546
6339;Totaal over alle leeftijden;Totaal bevolking;Leiden;2025;117809;79919;17087;9193;7894;20803;10620;10183;546
6340;Totaal over alle leeftijden;Totaal bevolking;Leiderdorp;2006;25865;21087;2556;1008;1548;2222;1268;954;547
6341;Totaal over alle leeftijden;Totaal bevolking;Leiderdorp;2007;25771;20933;2588;1014;1574;2250;1276;974;547
6342;Totaal over alle leeftijden;Totaal bevolking;Leiderdorp;2008;25679;20795;2608;1010;1598;2276;1263;1013;547
6343;Totaal over alle leeftijden;Totaal bevolking;Leiderdorp;2009;25590;20651;2651;1027;1624;2288;1251;1037;547
6344;Totaal over alle leeftijden;Totaal bevolking;Leiderdorp;2010;25499;20515;2683;1037;1646;2301;1243;1058;547
6345;Totaal over alle leeftijden;Totaal bevolking;Leiderdorp;2011;25421;20391;2692;1044;1648;2338;1240;1098;547
6346;Totaal over alle leeftijden;Totaal bevolking;Leiderdorp;2012;25337;20242;2740;1077;1663;2355;1238;1117;547
6347;Totaal over alle leeftijden;Totaal bevolking;Leiderdorp;2013;25266;20077;2790;1106;1684;2399;1256;1143;547
6348;Totaal over alle leeftijden;Totaal bevolking;Leiderdorp;2014;25184;19942;2820;1132;1688;2422;1257;1165;547
6349;Totaal over alle leeftijden;Totaal bevolking;Leiderdorp;2015;25131;19809;2870;1171;1699;2452;1241;1211;547
6350;Totaal over alle leeftijden;Totaal bevolking;Leiderdorp;2016;25076;19672;2930;1205;1725;2474;1233;1241;547
6351;Totaal over alle leeftijden;Totaal bevolking;Leiderdorp;2017;25013;19482;2979;1226;1753;2552;1274;1278;547
6352;Totaal over alle leeftijden;Totaal bevolking;Leiderdorp;2018;24967;19368;3007;1245;1762;2592;1301;1291;547
6353;Totaal over alle leeftijden;Totaal bevolking;Leiderdorp;2019;24908;19218;3038;1266;1772;2652;1330;1322;547
6354;Totaal over alle leeftijden;Totaal bevolking;Leiderdorp;2020;24874;19091;3078;1293;1785;2705;1356;1349;547
6355;Totaal over alle leeftijden;Totaal bevolking;Leiderdorp;2021;24840;18943;3123;1319;1804;2774;1406;1368;547
6356;Totaal over alle leeftijden;Totaal bevolking;Leiderdorp;2022;24815;18822;3159;1333;1826;2834;1425;1409;547
6357;Totaal over alle leeftijden;Totaal bevolking;Leiderdorp;2023;24804;18710;3189;1343;1846;2905;1438;1467;547
6358;Totaal over alle leeftijden;Totaal bevolking;Leiderdorp;2024;24773;18557;3257;1378;1879;2959;1450;1509;547
6359;Totaal over alle leeftijden;Totaal bevolking;Leiderdorp;2025;24744;18461;3270;1399;1871;3013;1470;1543;547
6360;Totaal over alle leeftijden;Totaal bevolking;Leidschendam-Voorburg;2006;74205;54773;10095;4641;5454;9337;5714;3623;1916
6361;Totaal over alle leeftijden;Totaal bevolking;Leidschendam-Voorburg;2007;74150;54533;10004;4543;5461;9613;5709;3904;1916
6362;Totaal over alle leeftijden;Totaal bevolking;Leidschendam-Voorburg;2008;74125;54290;9963;4482;5481;9872;5693;4179;1916
6363;Totaal over alle leeftijden;Totaal bevolking;Leidschendam-Voorburg;2009;74121;54069;9935;4423;5512;10117;5642;4475;1916
6364;Totaal over alle leeftijden;Totaal bevolking;Leidschendam-Voorburg;2010;74115;53784;9965;4421;5544;10366;5602;4764;1916
6365;Totaal over alle leeftijden;Totaal bevolking;Leidschendam-Voorburg;2011;74127;53481;10011;4426;5585;10635;5562;5073;1916
6366;Totaal over alle leeftijden;Totaal bevolking;Leidschendam-Voorburg;2012;74165;53159;10106;4487;5619;10900;5523;5377;1916
6367;Totaal over alle leeftijden;Totaal bevolking;Leidschendam-Voorburg;2013;74243;52921;10212;4555;5657;11110;5524;5586;1916
6368;Totaal over alle leeftijden;Totaal bevolking;Leidschendam-Voorburg;2014;74317;52617;10362;4650;5712;11338;5530;5808;1916
6369;Totaal over alle leeftijden;Totaal bevolking;Leidschendam-Voorburg;2015;74404;52311;10511;4791;5720;11582;5577;6005;1916
6370;Totaal over alle leeftijden;Totaal bevolking;Leidschendam-Voorburg;2016;74529;52070;10679;4897;5782;11780;5588;6192;1916
6371;Totaal over alle leeftijden;Totaal bevolking;Leidschendam-Voorburg;2017;74671;51859;10837;5015;5822;11975;5556;6419;1916
6372;Totaal over alle leeftijden;Totaal bevolking;Leidschendam-Voorburg;2018;74835;51605;11053;5146;5907;12177;5560;6617;1916
6373;Totaal over alle leeftijden;Totaal bevolking;Leidschendam-Voorburg;2019;75025;51313;11293;5309;5984;12419;5583;6836;1916
6374;Totaal over alle leeftijden;Totaal bevolking;Leidschendam-Voorburg;2020;75229;51065;11552;5458;6094;12612;5591;7021;1916
6375;Totaal over alle leeftijden;Totaal bevolking;Leidschendam-Voorburg;2021;75438;50757;11798;5602;6196;12883;5627;7256;1916
6376;Totaal over alle leeftijden;Totaal bevolking;Leidschendam-Voorburg;2022;75668;50503;12104;5800;6304;13061;5663;7398;1916
6377;Totaal over alle leeftijden;Totaal bevolking;Leidschendam-Voorburg;2023;75907;50205;12433;6001;6432;13269;5659;7610;1916
6378;Totaal over alle leeftijden;Totaal bevolking;Leidschendam-Voorburg;2024;76143;49946;12730;6151;6579;13467;5642;7825;1916
6379;Totaal over alle leeftijden;Totaal bevolking;Leidschendam-Voorburg;2025;76422;49725;13051;6315;6736;13646;5629;8017;1916
6380;Totaal over alle leeftijden;Totaal bevolking;Lelystad;2006;70119;51539;6229;2509;3720;12351;7187;5164;995
6381;Totaal over alle leeftijden;Totaal bevolking;Lelystad;2007;70542;51682;6226;2543;3683;12634;7246;5388;995
6382;Totaal over alle leeftijden;Totaal bevolking;Lelystad;2008;71043;51929;6192;2579;3613;12922;7344;5578;995
6383;Totaal over alle leeftijden;Totaal bevolking;Lelystad;2009;71751;52229;6263;2679;3584;13259;7511;5748;995
6384;Totaal over alle leeftijden;Totaal bevolking;Lelystad;2010;72433;52529;6290;2763;3527;13614;7674;5940;995
6385;Totaal over alle leeftijden;Totaal bevolking;Lelystad;2011;73113;52786;6391;2855;3536;13936;7836;6100;995
6386;Totaal over alle leeftijden;Totaal bevolking;Lelystad;2012;73808;53048;6497;2959;3538;14263;7964;6299;995
6387;Totaal over alle leeftijden;Totaal bevolking;Lelystad;2013;74496;53349;6548;3061;3487;14599;8120;6479;995
6388;Totaal over alle leeftijden;Totaal bevolking;Lelystad;2014;75154;53574;6675;3207;3468;14905;8228;6677;995
6389;Totaal over alle leeftijden;Totaal bevolking;Lelystad;2015;75815;53812;6795;3324;3471;15208;8349;6859;995
6390;Totaal over alle leeftijden;Totaal bevolking;Lelystad;2016;76448;54044;6922;3461;3461;15482;8472;7010;995
6391;Totaal over alle leeftijden;Totaal bevolking;Lelystad;2017;77064;54203;7066;3591;3475;15795;8648;7147;995
6392;Totaal over alle leeftijden;Totaal bevolking;Lelystad;2018;77663;54422;7171;3683;3488;16070;8798;7272;995
6393;Totaal over alle leeftijden;Totaal bevolking;Lelystad;2019;78249;54598;7280;3795;3485;16371;8915;7456;995
6394;Totaal over alle leeftijden;Totaal bevolking;Lelystad;2020;78814;54748;7420;3936;3484;16646;8991;7655;995
6395;Totaal over alle leeftijden;Totaal bevolking;Lelystad;2021;79355;54925;7539;4044;3495;16891;9101;7790;995
6396;Totaal over alle leeftijden;Totaal bevolking;Lelystad;2022;79877;55096;7681;4137;3544;17100;9164;7936;995
6397;Totaal over alle leeftijden;Totaal bevolking;Lelystad;2023;80359;55178;7802;4258;3544;17379;9254;8125;995
6398;Totaal over alle leeftijden;Totaal bevolking;Lelystad;2024;80836;55228;7941;4401;3540;17667;9383;8284;995
6399;Totaal over alle leeftijden;Totaal bevolking;Lelystad;2025;81273;55307;8026;4488;3538;17940;9521;8419;995
6400;Totaal over alle leeftijden;Totaal bevolking;Lemsterland;2006;13437;11994;863;372;491;580;393;187;82
6401;Totaal over alle leeftijden;Totaal bevolking;Lemsterland;2007;13556;12076;880;376;504;600;397;203;82
6402;Totaal over alle leeftijden;Totaal bevolking;Lemsterland;2008;13629;12101;912;401;511;616;405;211;82
6403;Totaal over alle leeftijden;Totaal bevolking;Lemsterland;2009;13694;12120;938;408;530;636;418;218;82
6404;Totaal over alle leeftijden;Totaal bevolking;Lemsterland;2010;13749;12157;940;408;532;652;428;224;82
6405;Totaal over alle leeftijden;Totaal bevolking;Lemsterland;2011;13793;12192;944;413;531;657;424;233;82
6406;Totaal over alle leeftijden;Totaal bevolking;Lemsterland;2012;13849;12226;951;420;531;672;436;236;82
6407;Totaal over alle leeftijden;Totaal bevolking;Lemsterland;2013;13903;12252;959;425;534;692;451;241;82
6408;Totaal over alle leeftijden;Totaal bevolking;Lemsterland;2014;13946;12272;973;431;542;701;452;249;82
6409;Totaal over alle leeftijden;Totaal bevolking;Lemsterland;2015;14001;12295;1006;455;551;700;454;246;82
6410;Totaal over alle leeftijden;Totaal bevolking;Lemsterland;2016;14052;12325;1024;460;564;703;450;253;82
6411;Totaal over alle leeftijden;Totaal bevolking;Lemsterland;2017;14104;12344;1032;456;576;728;463;265;82
6412;Totaal over alle leeftijden;Totaal bevolking;Lemsterland;2018;14151;12349;1047;463;584;755;473;282;82
6413;Totaal over alle leeftijden;Totaal bevolking;Lemsterland;2019;14202;12370;1074;484;590;758;471;287;82
6414;Totaal over alle leeftijden;Totaal bevolking;Lemsterland;2020;14246;12387;1092;495;597;767;471;296;82
6415;Totaal over alle leeftijden;Totaal bevolking;Lemsterland;2021;14290;12395;1108;512;596;787;489;298;82
6416;Totaal over alle leeftijden;Totaal bevolking;Lemsterland;2022;14332;12404;1114;517;597;814;502;312;82
6417;Totaal over alle leeftijden;Totaal bevolking;Lemsterland;2023;14361;12393;1137;534;603;831;519;312;82
6418;Totaal over alle leeftijden;Totaal bevolking;Lemsterland;2024;14404;12405;1164;551;613;835;514;321;82
6419;Totaal over alle leeftijden;Totaal bevolking;Lemsterland;2025;14431;12379;1183;562;621;869;541;328;82
6420;Totaal over alle leeftijden;Totaal bevolking;Leusden;2006;28839;25029;2437;871;1566;1373;866;507;327
6421;Totaal over alle leeftijden;Totaal bevolking;Leusden;2007;28697;24896;2437;871;1566;1364;843;521;327
6422;Totaal over alle leeftijden;Totaal bevolking;Leusden;2008;28584;24750;2436;878;1558;1398;839;559;327
6423;Totaal over alle leeftijden;Totaal bevolking;Leusden;2009;28470;24579;2467;883;1584;1424;845;579;327
6424;Totaal over alle leeftijden;Totaal bevolking;Leusden;2010;28332;24387;2498;895;1603;1447;837;610;327
6425;Totaal over alle leeftijden;Totaal bevolking;Leusden;2011;28198;24210;2506;892;1614;1482;845;637;327
6426;Totaal over alle leeftijden;Totaal bevolking;Leusden;2012;28056;24025;2517;878;1639;1514;840;674;327
6427;Totaal over alle leeftijden;Totaal bevolking;Leusden;2013;27923;23827;2546;889;1657;1550;848;702;327
6428;Totaal over alle leeftijden;Totaal bevolking;Leusden;2014;27795;23657;2528;885;1643;1610;863;747;327
6429;Totaal over alle leeftijden;Totaal bevolking;Leusden;2015;27664;23470;2551;891;1660;1643;867;776;327
6430;Totaal over alle leeftijden;Totaal bevolking;Leusden;2016;27540;23289;2566;895;1671;1685;875;810;327
6431;Totaal over alle leeftijden;Totaal bevolking;Leusden;2017;27431;23121;2593;912;1681;1717;876;841;327
6432;Totaal over alle leeftijden;Totaal bevolking;Leusden;2018;27319;22947;2615;919;1696;1757;878;879;327
6433;Totaal over alle leeftijden;Totaal bevolking;Leusden;2019;27192;22787;2625;920;1705;1780;879;901;327
6434;Totaal over alle leeftijden;Totaal bevolking;Leusden;2020;27099;22660;2618;933;1685;1821;898;923;327
6435;Totaal over alle leeftijden;Totaal bevolking;Leusden;2021;26994;22537;2608;940;1668;1849;894;955;327
6436;Totaal over alle leeftijden;Totaal bevolking;Leusden;2022;26888;22421;2600;925;1675;1867;892;975;327
6437;Totaal over alle leeftijden;Totaal bevolking;Leusden;2023;26798;22286;2603;924;1679;1909;900;1009;327
6438;Totaal over alle leeftijden;Totaal bevolking;Leusden;2024;26717;22154;2618;936;1682;1945;907;1038;327
6439;Totaal over alle leeftijden;Totaal bevolking;Leusden;2025;26637;22039;2614;939;1675;1984;911;1073;327
6440;Totaal over alle leeftijden;Totaal bevolking;Liemeer;2006;6753;6182;386;154;232;185;111;74;1673
6441;Totaal over alle leeftijden;Totaal bevolking;Liemeer;2007;6734;6123;408;164;244;203;122;81;1673
6442;Totaal over alle leeftijden;Totaal bevolking;Liemeer;2008;6712;6059;430;168;262;223;138;85;1673
6443;Totaal over alle leeftijden;Totaal bevolking;Liemeer;2009;6691;6002;443;174;269;246;154;92;1673
6444;Totaal over alle leeftijden;Totaal bevolking;Liemeer;2010;6662;5926;456;177;279;280;172;108;1673
6445;Totaal over alle leeftijden;Totaal bevolking;Liemeer;2011;6635;5870;470;186;284;295;176;119;1673
6446;Totaal over alle leeftijden;Totaal bevolking;Liemeer;2012;6611;5799;495;205;290;317;188;129;1673
6447;Totaal over alle leeftijden;Totaal bevolking;Liemeer;2013;6583;5741;505;210;295;337;200;137;1673
6448;Totaal over alle leeftijden;Totaal bevolking;Liemeer;2014;6551;5678;521;226;295;352;209;143;1673
6449;Totaal over alle leeftijden;Totaal bevolking;Liemeer;2015;6548;5633;546;236;310;369;222;147;1673
6450;Totaal over alle leeftijden;Totaal bevolking;Liemeer;2016;6516;5569;564;235;329;383;230;153;1673
6451;Totaal over alle leeftijden;Totaal bevolking;Liemeer;2017;6493;5507;579;241;338;407;239;168;1673
6452;Totaal over alle leeftijden;Totaal bevolking;Liemeer;2018;6497;5478;588;243;345;431;251;180;1673
6453;Totaal over alle leeftijden;Totaal bevolking;Liemeer;2019;6478;5407;621;252;369;450;269;181;1673
6454;Totaal over alle leeftijden;Totaal bevolking;Liemeer;2020;6453;5344;645;258;387;464;279;185;1673
6455;Totaal over alle leeftijden;Totaal bevolking;Liemeer;2021;6437;5290;663;261;402;484;292;192;1673
6456;Totaal over alle leeftijden;Totaal bevolking;Liemeer;2022;6430;5255;676;272;404;499;305;194;1673
6457;Totaal over alle leeftijden;Totaal bevolking;Liemeer;2023;6413;5213;689;291;398;511;313;198;1673
6458;Totaal over alle leeftijden;Totaal bevolking;Liemeer;2024;6425;5182;723;300;423;520;317;203;1673
6459;Totaal over alle leeftijden;Totaal bevolking;Liemeer;2025;6399;5124;736;309;427;539;327;212;1673
6460;Totaal over alle leeftijden;Totaal bevolking;Liesveld;2006;9855;9264;377;133;244;214;136;78;694
6461;Totaal over alle leeftijden;Totaal bevolking;Liesveld;2007;9865;9216;413;139;274;236;151;85;694
6462;Totaal over alle leeftijden;Totaal bevolking;Liesveld;2008;9860;9157;444;148;296;259;166;93;694
6463;Totaal over alle leeftijden;Totaal bevolking;Liesveld;2009;9858;9103;464;162;302;291;187;104;694
6464;Totaal over alle leeftijden;Totaal bevolking;Liesveld;2010;9834;9045;482;163;319;307;198;109;694
6465;Totaal over alle leeftijden;Totaal bevolking;Liesveld;2011;9835;8987;511;172;339;337;217;120;694
6466;Totaal over alle leeftijden;Totaal bevolking;Liesveld;2012;9821;8910;548;184;364;363;230;133;694
6467;Totaal over alle leeftijden;Totaal bevolking;Liesveld;2013;9812;8844;565;190;375;403;249;154;694
6468;Totaal over alle leeftijden;Totaal bevolking;Liesveld;2014;9805;8781;598;208;390;426;263;163;694
6469;Totaal over alle leeftijden;Totaal bevolking;Liesveld;2015;9787;8708;630;229;401;449;272;177;694
6470;Totaal over alle leeftijden;Totaal bevolking;Liesveld;2016;9775;8630;659;242;417;486;290;196;694
6471;Totaal over alle leeftijden;Totaal bevolking;Liesveld;2017;9751;8560;684;253;431;507;307;200;694
6472;Totaal over alle leeftijden;Totaal bevolking;Liesveld;2018;9728;8497;707;263;444;524;317;207;694
6473;Totaal over alle leeftijden;Totaal bevolking;Liesveld;2019;9709;8413;738;273;465;558;335;223;694
6474;Totaal over alle leeftijden;Totaal bevolking;Liesveld;2020;9684;8336;762;283;479;586;350;236;694
6475;Totaal over alle leeftijden;Totaal bevolking;Liesveld;2021;9653;8260;788;300;488;605;359;246;694
6476;Totaal over alle leeftijden;Totaal bevolking;Liesveld;2022;9623;8209;803;315;488;611;356;255;694
6477;Totaal over alle leeftijden;Totaal bevolking;Liesveld;2023;9597;8139;827;332;495;631;361;270;694
6478;Totaal over alle leeftijden;Totaal bevolking;Liesveld;2024;9572;8097;846;338;508;629;353;276;694
6479;Totaal over alle leeftijden;Totaal bevolking;Liesveld;2025;9548;8025;872;354;518;651;362;289;694
6480;Totaal over alle leeftijden;Totaal bevolking;Lingewaal;2006;10840;9972;486;158;328;382;237;145;733
6481;Totaal over alle leeftijden;Totaal bevolking;Lingewaal;2007;10846;9938;506;167;339;402;251;151;733
6482;Totaal over alle leeftijden;Totaal bevolking;Lingewaal;2008;10850;9891;529;172;357;430;265;165;733
6483;Totaal over alle leeftijden;Totaal bevolking;Lingewaal;2009;10859;9857;547;187;360;455;277;178;733
6484;Totaal over alle leeftijden;Totaal bevolking;Lingewaal;2010;10843;9812;566;195;371;465;279;186;733
6485;Totaal over alle leeftijden;Totaal bevolking;Lingewaal;2011;10833;9777;575;193;382;481;289;192;733
6486;Totaal over alle leeftijden;Totaal bevolking;Lingewaal;2012;10821;9733;591;202;389;497;298;199;733
6487;Totaal over alle leeftijden;Totaal bevolking;Lingewaal;2013;10814;9687;606;206;400;521;310;211;733
6488;Totaal over alle leeftijden;Totaal bevolking;Lingewaal;2014;10807;9638;625;216;409;544;319;225;733
6489;Totaal over alle leeftijden;Totaal bevolking;Lingewaal;2015;10789;9587;640;219;421;562;328;234;733
6490;Totaal over alle leeftijden;Totaal bevolking;Lingewaal;2016;10779;9542;655;228;427;582;333;249;733
6491;Totaal over alle leeftijden;Totaal bevolking;Lingewaal;2017;10765;9503;657;231;426;605;340;265;733
6492;Totaal over alle leeftijden;Totaal bevolking;Lingewaal;2018;10748;9453;669;242;427;626;345;281;733
6493;Totaal over alle leeftijden;Totaal bevolking;Lingewaal;2019;10734;9405;678;243;435;651;361;290;733
6494;Totaal over alle leeftijden;Totaal bevolking;Lingewaal;2020;10728;9365;690;247;443;673;367;306;733
6495;Totaal over alle leeftijden;Totaal bevolking;Lingewaal;2021;10715;9312;709;254;455;694;378;316;733
6496;Totaal over alle leeftijden;Totaal bevolking;Lingewaal;2022;10697;9272;716;256;460;709;381;328;733
6497;Totaal over alle leeftijden;Totaal bevolking;Lingewaal;2023;10686;9227;731;255;476;728;385;343;733
6498;Totaal over alle leeftijden;Totaal bevolking;Lingewaal;2024;10670;9161;737;262;475;772;400;372;733
6499;Totaal over alle leeftijden;Totaal bevolking;Lingewaal;2025;10653;9111;740;259;481;802;409;393;733
6500;Totaal over alle leeftijden;Totaal bevolking;Lingewaard;2006;43406;39482;2921;725;2196;1003;587;416;1705
6501;Totaal over alle leeftijden;Totaal bevolking;Lingewaard;2007;43625;39587;2959;729;2230;1079;622;457;1705
6502;Totaal over alle leeftijden;Totaal bevolking;Lingewaard;2008;43845;39732;2976;726;2250;1137;639;498;1705
6503;Totaal over alle leeftijden;Totaal bevolking;Lingewaard;2009;44057;39847;3000;729;2271;1210;672;538;1705
6504;Totaal over alle leeftijden;Totaal bevolking;Lingewaard;2010;44272;39957;3033;739;2294;1282;687;595;1705
6505;Totaal over alle leeftijden;Totaal bevolking;Lingewaard;2011;44474;40059;3065;735;2330;1350;713;637;1705
6506;Totaal over alle leeftijden;Totaal bevolking;Lingewaard;2012;44669;40137;3111;744;2367;1421;732;689;1705
6507;Totaal over alle leeftijden;Totaal bevolking;Lingewaard;2013;44858;40216;3156;757;2399;1486;744;742;1705
6508;Totaal over alle leeftijden;Totaal bevolking;Lingewaard;2014;45033;40289;3195;768;2427;1549;759;790;1705
6509;Totaal over alle leeftijden;Totaal bevolking;Lingewaard;2015;45208;40372;3225;781;2444;1611;775;836;1705
6510;Totaal over alle leeftijden;Totaal bevolking;Lingewaard;2016;45381;40456;3251;794;2457;1674;802;872;1705
6511;Totaal over alle leeftijden;Totaal bevolking;Lingewaard;2017;45537;40558;3258;798;2460;1721;805;916;1705
6512;Totaal over alle leeftijden;Totaal bevolking;Lingewaard;2018;45692;40614;3277;812;2465;1801;842;959;1705
6513;Totaal over alle leeftijden;Totaal bevolking;Lingewaard;2019;45836;40673;3301;805;2496;1862;863;999;1705
6514;Totaal over alle leeftijden;Totaal bevolking;Lingewaard;2020;45955;40740;3304;814;2490;1911;883;1028;1705
6515;Totaal over alle leeftijden;Totaal bevolking;Lingewaard;2021;46077;40796;3309;824;2485;1972;884;1088;1705
6516;Totaal over alle leeftijden;Totaal bevolking;Lingewaard;2022;46194;40850;3331;842;2489;2013;905;1108;1705
6517;Totaal over alle leeftijden;Totaal bevolking;Lingewaard;2023;46314;40886;3324;849;2475;2104;948;1156;1705
6518;Totaal over alle leeftijden;Totaal bevolking;Lingewaard;2024;46410;40900;3367;871;2496;2143;949;1194;1705
6519;Totaal over alle leeftijden;Totaal bevolking;Lingewaard;2025;46505;40933;3382;873;2509;2190;971;1219;1705
6520;Totaal over alle leeftijden;Totaal bevolking;Lisse;2006;22272;19753;1718;769;949;801;481;320;553
6521;Totaal over alle leeftijden;Totaal bevolking;Lisse;2007;22378;19799;1766;786;980;813;486;327;553
6522;Totaal over alle leeftijden;Totaal bevolking;Lisse;2008;22512;19872;1798;791;1007;842;497;345;553
6523;Totaal over alle leeftijden;Totaal bevolking;Lisse;2009;22665;19957;1824;794;1030;884;527;357;553
6524;Totaal over alle leeftijden;Totaal bevolking;Lisse;2010;22825;20069;1851;797;1054;905;532;373;553
6525;Totaal over alle leeftijden;Totaal bevolking;Lisse;2011;22992;20157;1900;814;1086;935;539;396;553
6526;Totaal over alle leeftijden;Totaal bevolking;Lisse;2012;23176;20236;1950;844;1106;990;570;420;553
6527;Totaal over alle leeftijden;Totaal bevolking;Lisse;2013;23340;20314;1984;854;1130;1042;599;443;553
6528;Totaal over alle leeftijden;Totaal bevolking;Lisse;2014;23495;20382;2051;890;1161;1062;602;460;553
6529;Totaal over alle leeftijden;Totaal bevolking;Lisse;2015;23653;20448;2096;906;1190;1109;629;480;553
6530;Totaal over alle leeftijden;Totaal bevolking;Lisse;2016;23799;20526;2130;922;1208;1143;645;498;553
6531;Totaal over alle leeftijden;Totaal bevolking;Lisse;2017;23953;20583;2168;935;1233;1202;671;531;553
6532;Totaal over alle leeftijden;Totaal bevolking;Lisse;2018;24089;20631;2216;944;1272;1242;687;555;553
6533;Totaal over alle leeftijden;Totaal bevolking;Lisse;2019;24236;20682;2272;958;1314;1282;700;582;553
6534;Totaal over alle leeftijden;Totaal bevolking;Lisse;2020;24374;20745;2300;970;1330;1329;715;614;553
6535;Totaal over alle leeftijden;Totaal bevolking;Lisse;2021;24501;20817;2319;989;1330;1365;724;641;553
6536;Totaal over alle leeftijden;Totaal bevolking;Lisse;2022;24644;20860;2364;1006;1358;1420;764;656;553
6537;Totaal over alle leeftijden;Totaal bevolking;Lisse;2023;24762;20929;2380;1004;1376;1453;773;680;553
6538;Totaal over alle leeftijden;Totaal bevolking;Lisse;2024;24871;20983;2393;1010;1383;1495;798;697;553
6539;Totaal over alle leeftijden;Totaal bevolking;Lisse;2025;24973;20991;2446;1034;1412;1536;814;722;553
6540;Totaal over alle leeftijden;Totaal bevolking;Lith;2006;6813;6382;282;84;198;149;94;55;808
6541;Totaal over alle leeftijden;Totaal bevolking;Lith;2007;6843;6377;302;98;204;164;104;60;808
6542;Totaal over alle leeftijden;Totaal bevolking;Lith;2008;6848;6355;312;101;211;181;112;69;808
6543;Totaal over alle leeftijden;Totaal bevolking;Lith;2009;6857;6320;337;113;224;200;129;71;808
6544;Totaal over alle leeftijden;Totaal bevolking;Lith;2010;6852;6283;362;124;238;207;130;77;808
6545;Totaal over alle leeftijden;Totaal bevolking;Lith;2011;6855;6250;384;133;251;221;132;89;808
6546;Totaal over alle leeftijden;Totaal bevolking;Lith;2012;6850;6222;390;133;257;238;146;92;808
6547;Totaal over alle leeftijden;Totaal bevolking;Lith;2013;6844;6181;418;144;274;245;153;92;808
6548;Totaal over alle leeftijden;Totaal bevolking;Lith;2014;6838;6139;441;153;288;258;161;97;808
6549;Totaal over alle leeftijden;Totaal bevolking;Lith;2015;6831;6092;472;170;302;267;161;106;808
6550;Totaal over alle leeftijden;Totaal bevolking;Lith;2016;6819;6057;487;187;300;275;170;105;808
6551;Totaal over alle leeftijden;Totaal bevolking;Lith;2017;6807;6023;502;199;303;282;175;107;808
6552;Totaal over alle leeftijden;Totaal bevolking;Lith;2018;6790;5991;504;198;306;295;183;112;808
6553;Totaal over alle leeftijden;Totaal bevolking;Lith;2019;6780;5946;519;208;311;315;190;125;808
6554;Totaal over alle leeftijden;Totaal bevolking;Lith;2020;6768;5901;530;214;316;337;195;142;808
6555;Totaal over alle leeftijden;Totaal bevolking;Lith;2021;6748;5855;548;218;330;345;203;142;808
6556;Totaal over alle leeftijden;Totaal bevolking;Lith;2022;6737;5804;553;216;337;380;229;151;808
6557;Totaal over alle leeftijden;Totaal bevolking;Lith;2023;6724;5757;583;223;360;384;224;160;808
6558;Totaal over alle leeftijden;Totaal bevolking;Lith;2024;6705;5729;588;228;360;388;217;171;808
6559;Totaal over alle leeftijden;Totaal bevolking;Lith;2025;6677;5694;584;233;351;399;228;171;808
6560;Totaal over alle leeftijden;Totaal bevolking;Littenseradiel;2006;10916;10337;436;138;298;143;99;44;140
6561;Totaal over alle leeftijden;Totaal bevolking;Littenseradiel;2007;10932;10309;452;148;304;171;125;46;140
6562;Totaal over alle leeftijden;Totaal bevolking;Littenseradiel;2008;10956;10281;474;164;310;201;151;50;140
6563;Totaal over alle leeftijden;Totaal bevolking;Littenseradiel;2009;10971;10245;495;181;314;231;177;54;140
6564;Totaal over alle leeftijden;Totaal bevolking;Littenseradiel;2010;10986;10209;513;200;313;264;199;65;140
6565;Totaal over alle leeftijden;Totaal bevolking;Littenseradiel;2011;11006;10185;534;211;323;287;212;75;140
6566;Totaal over alle leeftijden;Totaal bevolking;Littenseradiel;2012;11013;10158;557;223;334;298;217;81;140
6567;Totaal over alle leeftijden;Totaal bevolking;Littenseradiel;2013;11029;10112;594;248;346;323;243;80;140
6568;Totaal over alle leeftijden;Totaal bevolking;Littenseradiel;2014;11050;10075;628;279;349;347;259;88;140
6569;Totaal over alle leeftijden;Totaal bevolking;Littenseradiel;2015;11072;10033;662;302;360;377;281;96;140
6570;Totaal over alle leeftijden;Totaal bevolking;Littenseradiel;2016;11091;10003;691;326;365;397;295;102;140
6571;Totaal over alle leeftijden;Totaal bevolking;Littenseradiel;2017;11103;9968;714;344;370;421;309;112;140
6572;Totaal over alle leeftijden;Totaal bevolking;Littenseradiel;2018;11121;9924;752;379;373;445;319;126;140
6573;Totaal over alle leeftijden;Totaal bevolking;Littenseradiel;2019;11130;9900;775;399;376;455;319;136;140
6574;Totaal over alle leeftijden;Totaal bevolking;Littenseradiel;2020;11149;9863;816;433;383;470;325;145;140
6575;Totaal over alle leeftijden;Totaal bevolking;Littenseradiel;2021;11157;9845;835;441;394;477;331;146;140
6576;Totaal over alle leeftijden;Totaal bevolking;Littenseradiel;2022;11166;9820;856;453;403;490;341;149;140
6577;Totaal over alle leeftijden;Totaal bevolking;Littenseradiel;2023;11181;9799;867;462;405;515;361;154;140
6578;Totaal over alle leeftijden;Totaal bevolking;Littenseradiel;2024;11196;9748;913;496;417;535;373;162;140
6579;Totaal over alle leeftijden;Totaal bevolking;Littenseradiel;2025;11198;9733;923;501;422;542;380;162;140
6580;Totaal over alle leeftijden;Totaal bevolking;Lochem;2006;32784;29715;1872;598;1274;1197;723;474;262
6581;Totaal over alle leeftijden;Totaal bevolking;Lochem;2007;32680;29538;1894;623;1271;1248;765;483;262
6582;Totaal over alle leeftijden;Totaal bevolking;Lochem;2008;32541;29317;1938;649;1289;1286;785;501;262
6583;Totaal over alle leeftijden;Totaal bevolking;Lochem;2009;32409;29109;1957;660;1297;1343;830;513;262
6584;Totaal over alle leeftijden;Totaal bevolking;Lochem;2010;32266;28880;2008;694;1314;1378;869;509;262
6585;Totaal over alle leeftijden;Totaal bevolking;Lochem;2011;32128;28660;2040;711;1329;1428;894;534;262
6586;Totaal over alle leeftijden;Totaal bevolking;Lochem;2012;31961;28426;2058;731;1327;1477;907;570;262
6587;Totaal over alle leeftijden;Totaal bevolking;Lochem;2013;31825;28195;2104;748;1356;1526;940;586;262
6588;Totaal over alle leeftijden;Totaal bevolking;Lochem;2014;31676;27991;2131;766;1365;1554;958;596;262
6589;Totaal over alle leeftijden;Totaal bevolking;Lochem;2015;31510;27780;2166;786;1380;1564;954;610;262
6590;Totaal over alle leeftijden;Totaal bevolking;Lochem;2016;31384;27594;2186;806;1380;1604;967;637;262
6591;Totaal over alle leeftijden;Totaal bevolking;Lochem;2017;31241;27374;2229;831;1398;1638;987;651;262
6592;Totaal over alle leeftijden;Totaal bevolking;Lochem;2018;31118;27148;2285;871;1414;1685;1021;664;262
6593;Totaal over alle leeftijden;Totaal bevolking;Lochem;2019;30997;26977;2305;895;1410;1715;1040;675;262
6594;Totaal over alle leeftijden;Totaal bevolking;Lochem;2020;30872;26811;2296;904;1392;1765;1068;697;262
6595;Totaal over alle leeftijden;Totaal bevolking;Lochem;2021;30755;26606;2319;908;1411;1830;1092;738;262
6596;Totaal over alle leeftijden;Totaal bevolking;Lochem;2022;30637;26449;2319;920;1399;1869;1123;746;262
6597;Totaal over alle leeftijden;Totaal bevolking;Lochem;2023;30531;26284;2327;927;1400;1920;1148;772;262
6598;Totaal over alle leeftijden;Totaal bevolking;Lochem;2024;30427;26106;2362;954;1408;1959;1158;801;262
6599;Totaal over alle leeftijden;Totaal bevolking;Lochem;2025;30326;25951;2393;970;1423;1982;1151;831;262
6600;Totaal over alle leeftijden;Totaal bevolking;Loenen;2006;8286;7121;795;281;514;370;209;161;329
6601;Totaal over alle leeftijden;Totaal bevolking;Loenen;2007;8238;7030;819;292;527;389;215;174;329
6602;Totaal over alle leeftijden;Totaal bevolking;Loenen;2008;8192;6954;835;298;537;403;227;176;329
6603;Totaal over alle leeftijden;Totaal bevolking;Loenen;2009;8128;6844;873;309;564;411;233;178;329
6604;Totaal over alle leeftijden;Totaal bevolking;Loenen;2010;8076;6757;871;316;555;448;247;201;329
6605;Totaal over alle leeftijden;Totaal bevolking;Loenen;2011;8024;6671;871;308;563;482;260;222;329
6606;Totaal over alle leeftijden;Totaal bevolking;Loenen;2012;7978;6577;887;320;567;514;276;238;329
6607;Totaal over alle leeftijden;Totaal bevolking;Loenen;2013;7932;6491;899;327;572;542;290;252;329
6608;Totaal over alle leeftijden;Totaal bevolking;Loenen;2014;7894;6405;924;343;581;565;303;262;329
6609;Totaal over alle leeftijden;Totaal bevolking;Loenen;2015;7836;6320;943;355;588;573;307;266;329
6610;Totaal over alle leeftijden;Totaal bevolking;Loenen;2016;7786;6235;961;362;599;590;322;268;329
6611;Totaal over alle leeftijden;Totaal bevolking;Loenen;2017;7741;6152;975;372;603;614;331;283;329
6612;Totaal over alle leeftijden;Totaal bevolking;Loenen;2018;7696;6066;986;370;616;644;340;304;329
6613;Totaal over alle leeftijden;Totaal bevolking;Loenen;2019;7644;5947;1010;376;634;687;364;323;329
6614;Totaal over alle leeftijden;Totaal bevolking;Loenen;2020;7592;5873;1010;387;623;709;374;335;329
6615;Totaal over alle leeftijden;Totaal bevolking;Loenen;2021;7542;5781;1042;396;646;719;376;343;329
6616;Totaal over alle leeftijden;Totaal bevolking;Loenen;2022;7482;5683;1065;403;662;734;380;354;329
6617;Totaal over alle leeftijden;Totaal bevolking;Loenen;2023;7440;5611;1076;403;673;753;396;357;329
6618;Totaal over alle leeftijden;Totaal bevolking;Loenen;2024;7381;5523;1081;417;664;777;416;361;329
6619;Totaal over alle leeftijden;Totaal bevolking;Loenen;2025;7327;5436;1095;425;670;796;424;372;329
6620;Totaal over alle leeftijden;Totaal bevolking;Loon op Zand;2006;22904;21036;1209;424;785;659;388;271;809
6621;Totaal over alle leeftijden;Totaal bevolking;Loon op Zand;2007;22864;20956;1229;428;801;679;400;279;809
6622;Totaal over alle leeftijden;Totaal bevolking;Loon op Zand;2008;22843;20882;1270;449;821;691;408;283;809
6623;Totaal over alle leeftijden;Totaal bevolking;Loon op Zand;2009;22802;20822;1273;450;823;707;420;287;809
6624;Totaal over alle leeftijden;Totaal bevolking;Loon op Zand;2010;22798;20758;1302;455;847;738;446;292;809
6625;Totaal over alle leeftijden;Totaal bevolking;Loon op Zand;2011;22770;20693;1317;466;851;760;459;301;809
6626;Totaal over alle leeftijden;Totaal bevolking;Loon op Zand;2012;22735;20630;1340;471;869;765;461;304;809
6627;Totaal over alle leeftijden;Totaal bevolking;Loon op Zand;2013;22703;20574;1354;482;872;775;466;309;809
6628;Totaal over alle leeftijden;Totaal bevolking;Loon op Zand;2014;22669;20483;1376;491;885;810;481;329;809
6629;Totaal over alle leeftijden;Totaal bevolking;Loon op Zand;2015;22638;20410;1406;500;906;822;488;334;809
6630;Totaal over alle leeftijden;Totaal bevolking;Loon op Zand;2016;22602;20342;1432;518;914;828;485;343;809
6631;Totaal over alle leeftijden;Totaal bevolking;Loon op Zand;2017;22560;20271;1448;530;918;841;500;341;809
6632;Totaal over alle leeftijden;Totaal bevolking;Loon op Zand;2018;22535;20225;1458;550;908;852;508;344;809
6633;Totaal over alle leeftijden;Totaal bevolking;Loon op Zand;2019;22513;20173;1486;556;930;854;509;345;809
6634;Totaal over alle leeftijden;Totaal bevolking;Loon op Zand;2020;22475;20109;1492;567;925;874;519;355;809
6635;Totaal over alle leeftijden;Totaal bevolking;Loon op Zand;2021;22442;20062;1490;567;923;890;529;361;809
6636;Totaal over alle leeftijden;Totaal bevolking;Loon op Zand;2022;22412;20002;1510;584;926;900;539;361;809
6637;Totaal over alle leeftijden;Totaal bevolking;Loon op Zand;2023;22381;19950;1531;601;930;900;538;362;809
6638;Totaal over alle leeftijden;Totaal bevolking;Loon op Zand;2024;22367;19915;1544;598;946;908;537;371;809
6639;Totaal over alle leeftijden;Totaal bevolking;Loon op Zand;2025;22340;19853;1561;603;958;926;549;377;809
6640;Totaal over alle leeftijden;Totaal bevolking;Lopik;2006;14109;13096;518;185;333;495;283;212;331
6641;Totaal over alle leeftijden;Totaal bevolking;Lopik;2007;14238;13148;559;199;360;531;311;220;331
6642;Totaal over alle leeftijden;Totaal bevolking;Lopik;2008;14312;13145;595;214;381;572;330;242;331
6643;Totaal over alle leeftijden;Totaal bevolking;Lopik;2009;14377;13147;614;217;397;616;352;264;331
6644;Totaal over alle leeftijden;Totaal bevolking;Lopik;2010;14437;13157;653;231;422;627;362;265;331
6645;Totaal over alle leeftijden;Totaal bevolking;Lopik;2011;14505;13159;696;243;453;650;369;281;331
6646;Totaal over alle leeftijden;Totaal bevolking;Lopik;2012;14556;13149;731;256;475;676;380;296;331
6647;Totaal over alle leeftijden;Totaal bevolking;Lopik;2013;14613;13140;754;263;491;719;398;321;331
6648;Totaal over alle leeftijden;Totaal bevolking;Lopik;2014;14679;13157;785;285;500;737;409;328;331
6649;Totaal over alle leeftijden;Totaal bevolking;Lopik;2015;14731;13137;828;304;524;766;435;331;331
6650;Totaal over alle leeftijden;Totaal bevolking;Lopik;2016;14780;13135;857;318;539;788;442;346;331
6651;Totaal over alle leeftijden;Totaal bevolking;Lopik;2017;14834;13139;883;322;561;812;456;356;331
6652;Totaal over alle leeftijden;Totaal bevolking;Lopik;2018;14877;13126;911;337;574;840;474;366;331
6653;Totaal over alle leeftijden;Totaal bevolking;Lopik;2019;14927;13117;950;354;596;860;484;376;331
6654;Totaal over alle leeftijden;Totaal bevolking;Lopik;2020;14974;13086;993;366;627;895;496;399;331
6655;Totaal over alle leeftijden;Totaal bevolking;Lopik;2021;15013;13043;1046;386;660;924;511;413;331
6656;Totaal over alle leeftijden;Totaal bevolking;Lopik;2022;15043;13018;1086;403;683;939;517;422;331
6657;Totaal over alle leeftijden;Totaal bevolking;Lopik;2023;15076;12999;1112;417;695;965;529;436;331
6658;Totaal over alle leeftijden;Totaal bevolking;Lopik;2024;15091;12971;1132;426;706;988;541;447;331
6659;Totaal over alle leeftijden;Totaal bevolking;Lopik;2025;15118;12934;1158;444;714;1026;566;460;331
6660;Totaal over alle leeftijden;Totaal bevolking;Loppersum;2006;10920;10257;467;152;315;196;129;67;24
6661;Totaal over alle leeftijden;Totaal bevolking;Loppersum;2007;10869;10160;486;170;316;223;154;69;24
6662;Totaal over alle leeftijden;Totaal bevolking;Loppersum;2008;10782;10043;489;177;312;250;168;82;24
6663;Totaal over alle leeftijden;Totaal bevolking;Loppersum;2009;10696;9933;490;182;308;273;184;89;24
6664;Totaal over alle leeftijden;Totaal bevolking;Loppersum;2010;10608;9811;499;199;300;298;200;98;24
6665;Totaal over alle leeftijden;Totaal bevolking;Loppersum;2011;10521;9698;512;218;294;311;213;98;24
6666;Totaal over alle leeftijden;Totaal bevolking;Loppersum;2012;10440;9566;538;242;296;336;233;103;24
6667;Totaal over alle leeftijden;Totaal bevolking;Loppersum;2013;10371;9451;570;268;302;350;237;113;24
6668;Totaal over alle leeftijden;Totaal bevolking;Loppersum;2014;10298;9346;591;285;306;361;249;112;24
6669;Totaal over alle leeftijden;Totaal bevolking;Loppersum;2015;10222;9237;617;299;318;368;252;116;24
6670;Totaal over alle leeftijden;Totaal bevolking;Loppersum;2016;10161;9139;644;309;335;378;257;121;24
6671;Totaal over alle leeftijden;Totaal bevolking;Loppersum;2017;10103;9024;680;332;348;399;270;129;24
6672;Totaal over alle leeftijden;Totaal bevolking;Loppersum;2018;10046;8961;687;339;348;398;265;133;24
6673;Totaal over alle leeftijden;Totaal bevolking;Loppersum;2019;9976;8861;712;353;359;403;267;136;24
6674;Totaal over alle leeftijden;Totaal bevolking;Loppersum;2020;9921;8762;724;363;361;435;294;141;24
6675;Totaal over alle leeftijden;Totaal bevolking;Loppersum;2021;9859;8659;754;396;358;446;296;150;24
6676;Totaal over alle leeftijden;Totaal bevolking;Loppersum;2022;9811;8558;785;415;370;468;310;158;24
6677;Totaal over alle leeftijden;Totaal bevolking;Loppersum;2023;9760;8475;789;424;365;496;329;167;24
6678;Totaal over alle leeftijden;Totaal bevolking;Loppersum;2024;9725;8399;808;424;384;518;344;174;24
6679;Totaal over alle leeftijden;Totaal bevolking;Loppersum;2025;9678;8338;814;427;387;526;349;177;24
6680;Totaal over alle leeftijden;Totaal bevolking;Losser;2006;22490;19178;2817;760;2057;495;302;193;168
6681;Totaal over alle leeftijden;Totaal bevolking;Losser;2007;22451;19120;2805;741;2064;526;321;205;168
6682;Totaal over alle leeftijden;Totaal bevolking;Losser;2008;22411;19036;2819;739;2080;556;336;220;168
6683;Totaal over alle leeftijden;Totaal bevolking;Losser;2009;22366;18979;2802;727;2075;585;353;232;168
6684;Totaal over alle leeftijden;Totaal bevolking;Losser;2010;22323;18914;2779;713;2066;630;377;253;168
6685;Totaal over alle leeftijden;Totaal bevolking;Losser;2011;22285;18845;2784;708;2076;656;390;266;168
6686;Totaal over alle leeftijden;Totaal bevolking;Losser;2012;22244;18769;2781;701;2080;694;398;296;168
6687;Totaal over alle leeftijden;Totaal bevolking;Losser;2013;22209;18722;2776;701;2075;711;396;315;168
6688;Totaal over alle leeftijden;Totaal bevolking;Losser;2014;22172;18631;2789;700;2089;752;408;344;168
6689;Totaal over alle leeftijden;Totaal bevolking;Losser;2015;22136;18590;2751;680;2071;795;433;362;168
6690;Totaal over alle leeftijden;Totaal bevolking;Losser;2016;22102;18544;2722;669;2053;836;446;390;168
6691;Totaal over alle leeftijden;Totaal bevolking;Losser;2017;22063;18484;2710;669;2041;869;454;415;168
6692;Totaal over alle leeftijden;Totaal bevolking;Losser;2018;22045;18431;2707;668;2039;907;463;444;168
6693;Totaal over alle leeftijden;Totaal bevolking;Losser;2019;22019;18380;2691;658;2033;948;479;469;168
6694;Totaal over alle leeftijden;Totaal bevolking;Losser;2020;21988;18325;2691;655;2036;972;485;487;168
6695;Totaal over alle leeftijden;Totaal bevolking;Losser;2021;21969;18273;2687;642;2045;1009;500;509;168
6696;Totaal over alle leeftijden;Totaal bevolking;Losser;2022;21932;18225;2660;625;2035;1047;515;532;168
6697;Totaal over alle leeftijden;Totaal bevolking;Losser;2023;21906;18183;2655;617;2038;1068;519;549;168
6698;Totaal over alle leeftijden;Totaal bevolking;Losser;2024;21877;18152;2620;609;2011;1105;531;574;168
6699;Totaal over alle leeftijden;Totaal bevolking;Losser;2025;21851;18100;2614;614;2000;1137;543;594;168
6700;Totaal over alle leeftijden;Totaal bevolking;Maarn;2006;6017;5276;508;164;344;233;131;102;332
6701;Totaal over alle leeftijden;Totaal bevolking;Maarn;2007;6017;5226;525;173;352;266;157;109;332
6702;Totaal over alle leeftijden;Totaal bevolking;Maarn;2008;5994;5177;533;176;357;284;165;119;332
6703;Totaal over alle leeftijden;Totaal bevolking;Maarn;2009;5979;5126;543;185;358;310;185;125;332
6704;Totaal over alle leeftijden;Totaal bevolking;Maarn;2010;5957;5048;583;196;387;326;194;132;332
6705;Totaal over alle leeftijden;Totaal bevolking;Maarn;2011;5922;4976;607;207;400;339;206;133;332
6706;Totaal over alle leeftijden;Totaal bevolking;Maarn;2012;5881;4913;620;213;407;348;209;139;332
6707;Totaal over alle leeftijden;Totaal bevolking;Maarn;2013;5849;4862;620;205;415;367;221;146;332
6708;Totaal over alle leeftijden;Totaal bevolking;Maarn;2014;5823;4802;633;210;423;388;239;149;332
6709;Totaal over alle leeftijden;Totaal bevolking;Maarn;2015;5803;4733;649;219;430;421;257;164;332
6710;Totaal over alle leeftijden;Totaal bevolking;Maarn;2016;5781;4662;664;233;431;455;281;174;332
6711;Totaal over alle leeftijden;Totaal bevolking;Maarn;2017;5748;4605;663;233;430;480;290;190;332
6712;Totaal over alle leeftijden;Totaal bevolking;Maarn;2018;5706;4516;708;252;456;482;289;193;332
6713;Totaal over alle leeftijden;Totaal bevolking;Maarn;2019;5682;4452;725;262;463;505;286;219;332
6714;Totaal over alle leeftijden;Totaal bevolking;Maarn;2020;5657;4377;736;263;473;544;304;240;332
6715;Totaal over alle leeftijden;Totaal bevolking;Maarn;2021;5622;4303;764;285;479;555;307;248;332
6716;Totaal over alle leeftijden;Totaal bevolking;Maarn;2022;5591;4238;768;277;491;585;318;267;332
6717;Totaal over alle leeftijden;Totaal bevolking;Maarn;2023;5551;4154;800;288;512;597;327;270;332
6718;Totaal over alle leeftijden;Totaal bevolking;Maarn;2024;5519;4095;821;299;522;603;335;268;332
6719;Totaal over alle leeftijden;Totaal bevolking;Maarn;2025;5483;4005;843;304;539;635;348;287;332
6720;Totaal over alle leeftijden;Totaal bevolking;Maarssen;2006;39995;32984;3437;1186;2251;3574;2019;1555;333
6721;Totaal over alle leeftijden;Totaal bevolking;Maarssen;2007;39781;32735;3454;1196;2258;3592;2002;1590;333
6722;Totaal over alle leeftijden;Totaal bevolking;Maarssen;2008;39571;32494;3437;1191;2246;3640;1997;1643;333
6723;Totaal over alle leeftijden;Totaal bevolking;Maarssen;2009;39368;32254;3462;1217;2245;3652;1993;1659;333
6724;Totaal over alle leeftijden;Totaal bevolking;Maarssen;2010;39164;32031;3446;1229;2217;3687;1996;1691;333
6725;Totaal over alle leeftijden;Totaal bevolking;Maarssen;2011;38948;31798;3439;1233;2206;3711;1992;1719;333
6726;Totaal over alle leeftijden;Totaal bevolking;Maarssen;2012;38747;31568;3441;1254;2187;3738;2001;1737;333
6727;Totaal over alle leeftijden;Totaal bevolking;Maarssen;2013;38519;31364;3418;1230;2188;3737;1991;1746;333
6728;Totaal over alle leeftijden;Totaal bevolking;Maarssen;2014;38312;31130;3428;1238;2190;3754;2002;1752;333
6729;Totaal over alle leeftijden;Totaal bevolking;Maarssen;2015;38124;30947;3413;1263;2150;3764;1969;1795;333
6730;Totaal over alle leeftijden;Totaal bevolking;Maarssen;2016;37935;30745;3403;1246;2157;3787;1957;1830;333
6731;Totaal over alle leeftijden;Totaal bevolking;Maarssen;2017;37758;30553;3411;1284;2127;3794;1966;1828;333
6732;Totaal over alle leeftijden;Totaal bevolking;Maarssen;2018;37585;30371;3397;1296;2101;3817;1972;1845;333
6733;Totaal over alle leeftijden;Totaal bevolking;Maarssen;2019;37437;30219;3401;1316;2085;3817;1963;1854;333
6734;Totaal over alle leeftijden;Totaal bevolking;Maarssen;2020;37281;30042;3386;1316;2070;3853;1990;1863;333
6735;Totaal over alle leeftijden;Totaal bevolking;Maarssen;2021;37142;29852;3428;1345;2083;3862;1990;1872;333
6736;Totaal over alle leeftijden;Totaal bevolking;Maarssen;2022;37015;29692;3434;1354;2080;3889;1979;1910;333
6737;Totaal over alle leeftijden;Totaal bevolking;Maarssen;2023;36882;29551;3426;1374;2052;3905;2001;1904;333
6738;Totaal over alle leeftijden;Totaal bevolking;Maarssen;2024;36763;29396;3433;1371;2062;3934;2010;1924;333
6739;Totaal over alle leeftijden;Totaal bevolking;Maarssen;2025;36668;29258;3450;1382;2068;3960;2007;1953;333
6740;Totaal over alle leeftijden;Totaal bevolking;Maasbracht;2006;13786;11891;1641;459;1182;254;173;81;933
6741;Totaal over alle leeftijden;Totaal bevolking;Maasbracht;2007;13762;11859;1644;462;1182;259;173;86;933
6742;Totaal over alle leeftijden;Totaal bevolking;Maasbracht;2008;13715;11796;1643;458;1185;276;184;92;933
6743;Totaal over alle leeftijden;Totaal bevolking;Maasbracht;2009;13672;11740;1626;455;1171;306;207;99;933
6744;Totaal over alle leeftijden;Totaal bevolking;Maasbracht;2010;13622;11690;1610;461;1149;322;211;111;933
6745;Totaal over alle leeftijden;Totaal bevolking;Maasbracht;2011;13576;11634;1597;467;1130;345;225;120;933
6746;Totaal over alle leeftijden;Totaal bevolking;Maasbracht;2012;13527;11583;1584;460;1124;360;239;121;933
6747;Totaal over alle leeftijden;Totaal bevolking;Maasbracht;2013;13467;11521;1584;466;1118;362;243;119;933
6748;Totaal over alle leeftijden;Totaal bevolking;Maasbracht;2014;13410;11481;1564;465;1099;365;247;118;933
6749;Totaal over alle leeftijden;Totaal bevolking;Maasbracht;2015;13364;11451;1545;469;1076;368;246;122;933
6750;Totaal over alle leeftijden;Totaal bevolking;Maasbracht;2016;13309;11378;1546;478;1068;385;257;128;933
6751;Totaal over alle leeftijden;Totaal bevolking;Maasbracht;2017;13252;11322;1542;481;1061;388;251;137;933
6752;Totaal over alle leeftijden;Totaal bevolking;Maasbracht;2018;13200;11284;1527;483;1044;389;254;135;933
6753;Totaal over alle leeftijden;Totaal bevolking;Maasbracht;2019;13165;11227;1531;489;1042;407;254;153;933
6754;Totaal over alle leeftijden;Totaal bevolking;Maasbracht;2020;13125;11163;1535;481;1054;427;268;159;933
6755;Totaal over alle leeftijden;Totaal bevolking;Maasbracht;2021;13063;11120;1525;484;1041;418;256;162;933
6756;Totaal over alle leeftijden;Totaal bevolking;Maasbracht;2022;13021;11081;1519;489;1030;421;252;169;933
6757;Totaal over alle leeftijden;Totaal bevolking;Maasbracht;2023;12977;11045;1497;484;1013;435;255;180;933
6758;Totaal over alle leeftijden;Totaal bevolking;Maasbracht;2024;12917;10999;1484;480;1004;434;257;177;933
6759;Totaal over alle leeftijden;Totaal bevolking;Maasbracht;2025;12864;10950;1481;486;995;433;249;184;933
6760;Totaal over alle leeftijden;Totaal bevolking;Maasbree;2006;12883;11747;926;257;669;210;130;80;934
6761;Totaal over alle leeftijden;Totaal bevolking;Maasbree;2007;12928;11764;948;270;678;216;132;84;934
6762;Totaal over alle leeftijden;Totaal bevolking;Maasbree;2008;12933;11732;966;281;685;235;148;87;934
6763;Totaal over alle leeftijden;Totaal bevolking;Maasbree;2009;12940;11706;982;284;698;252;157;95;934
6764;Totaal over alle leeftijden;Totaal bevolking;Maasbree;2010;12945;11675;993;292;701;277;175;102;934
6765;Totaal over alle leeftijden;Totaal bevolking;Maasbree;2011;12950;11662;1000;290;710;288;181;107;934
6766;Totaal over alle leeftijden;Totaal bevolking;Maasbree;2012;12956;11630;1023;307;716;303;189;114;934
6767;Totaal over alle leeftijden;Totaal bevolking;Maasbree;2013;12969;11621;1033;324;709;315;191;124;934
6768;Totaal over alle leeftijden;Totaal bevolking;Maasbree;2014;12964;11601;1042;331;711;321;193;128;934
6769;Totaal over alle leeftijden;Totaal bevolking;Maasbree;2015;12958;11572;1059;335;724;327;192;135;934
6770;Totaal over alle leeftijden;Totaal bevolking;Maasbree;2016;12963;11538;1076;352;724;349;199;150;934
6771;Totaal over alle leeftijden;Totaal bevolking;Maasbree;2017;12968;11498;1102;363;739;368;208;160;934
6772;Totaal over alle leeftijden;Totaal bevolking;Maasbree;2018;12950;11460;1113;369;744;377;207;170;934
6773;Totaal over alle leeftijden;Totaal bevolking;Maasbree;2019;12939;11420;1123;365;758;396;214;182;934
6774;Totaal over alle leeftijden;Totaal bevolking;Maasbree;2020;12923;11395;1125;368;757;403;217;186;934
6775;Totaal over alle leeftijden;Totaal bevolking;Maasbree;2021;12921;11367;1133;373;760;421;219;202;934
6776;Totaal over alle leeftijden;Totaal bevolking;Maasbree;2022;12911;11317;1163;391;772;431;225;206;934
6777;Totaal over alle leeftijden;Totaal bevolking;Maasbree;2023;12907;11275;1190;403;787;442;227;215;934
6778;Totaal over alle leeftijden;Totaal bevolking;Maasbree;2024;12905;11266;1198;417;781;441;217;224;934
6779;Totaal over alle leeftijden;Totaal bevolking;Maasbree;2025;12897;11253;1188;411;777;456;224;232;934
6780;Totaal over alle leeftijden;Totaal bevolking;Maasdonk;2006;11333;10767;376;126;250;190;125;65;1671
6781;Totaal over alle leeftijden;Totaal bevolking;Maasdonk;2007;11319;10710;399;133;266;210;139;71;1671
6782;Totaal over alle leeftijden;Totaal bevolking;Maasdonk;2008;11311;10658;425;146;279;228;147;81;1671
6783;Totaal over alle leeftijden;Totaal bevolking;Maasdonk;2009;11290;10600;446;157;289;244;159;85;1671
6784;Totaal over alle leeftijden;Totaal bevolking;Maasdonk;2010;11276;10551;473;165;308;252;163;89;1671
6785;Totaal over alle leeftijden;Totaal bevolking;Maasdonk;2011;11260;10478;513;176;337;269;176;93;1671
6786;Totaal over alle leeftijden;Totaal bevolking;Maasdonk;2012;11252;10419;545;185;360;288;190;98;1671
6787;Totaal over alle leeftijden;Totaal bevolking;Maasdonk;2013;11236;10362;574;195;379;300;198;102;1671
6788;Totaal over alle leeftijden;Totaal bevolking;Maasdonk;2014;11217;10308;601;202;399;308;203;105;1671
6789;Totaal over alle leeftijden;Totaal bevolking;Maasdonk;2015;11197;10245;618;202;416;334;218;116;1671
6790;Totaal over alle leeftijden;Totaal bevolking;Maasdonk;2016;11185;10191;640;215;425;354;222;132;1671
6791;Totaal over alle leeftijden;Totaal bevolking;Maasdonk;2017;11156;10146;648;222;426;362;230;132;1671
6792;Totaal over alle leeftijden;Totaal bevolking;Maasdonk;2018;11125;10085;670;229;441;370;235;135;1671
6793;Totaal over alle leeftijden;Totaal bevolking;Maasdonk;2019;11100;10021;696;240;456;383;240;143;1671
6794;Totaal over alle leeftijden;Totaal bevolking;Maasdonk;2020;11073;9964;723;251;472;386;240;146;1671
6795;Totaal over alle leeftijden;Totaal bevolking;Maasdonk;2021;11056;9917;738;256;482;401;248;153;1671
6796;Totaal over alle leeftijden;Totaal bevolking;Maasdonk;2022;11031;9871;752;267;485;408;253;155;1671
6797;Totaal over alle leeftijden;Totaal bevolking;Maasdonk;2023;11016;9830;758;262;496;428;266;162;1671
6798;Totaal over alle leeftijden;Totaal bevolking;Maasdonk;2024;11005;9784;768;267;501;453;275;178;1671
6799;Totaal over alle leeftijden;Totaal bevolking;Maasdonk;2025;10981;9719;789;277;512;473;280;193;1671
6800;Totaal over alle leeftijden;Totaal bevolking;Maasdriel;2006;23459;21895;1055;384;671;509;321;188;263
6801;Totaal over alle leeftijden;Totaal bevolking;Maasdriel;2007;23442;21815;1069;383;686;558;363;195;263
6802;Totaal over alle leeftijden;Totaal bevolking;Maasdriel;2008;23394;21716;1079;386;693;599;394;205;263
6803;Totaal over alle leeftijden;Totaal bevolking;Maasdriel;2009;23346;21629;1097;388;709;620;407;213;263
6804;Totaal over alle leeftijden;Totaal bevolking;Maasdriel;2010;23268;21500;1124;394;730;644;422;222;263
6805;Totaal over alle leeftijden;Totaal bevolking;Maasdriel;2011;23212;21402;1137;393;744;673;436;237;263
6806;Totaal over alle leeftijden;Totaal bevolking;Maasdriel;2012;23144;21281;1165;396;769;698;437;261;263
6807;Totaal over alle leeftijden;Totaal bevolking;Maasdriel;2013;23070;21181;1172;389;783;717;446;271;263
6808;Totaal over alle leeftijden;Totaal bevolking;Maasdriel;2014;23005;21082;1187;389;798;736;447;289;263
6809;Totaal over alle leeftijden;Totaal bevolking;Maasdriel;2015;22938;20977;1200;392;808;761;456;305;263
6810;Totaal over alle leeftijden;Totaal bevolking;Maasdriel;2016;22858;20843;1211;388;823;804;484;320;263
6811;Totaal over alle leeftijden;Totaal bevolking;Maasdriel;2017;22792;20731;1226;399;827;835;494;341;263
6812;Totaal over alle leeftijden;Totaal bevolking;Maasdriel;2018;22725;20625;1240;405;835;860;510;350;263
6813;Totaal over alle leeftijden;Totaal bevolking;Maasdriel;2019;22659;20514;1242;402;840;903;536;367;263
6814;Totaal over alle leeftijden;Totaal bevolking;Maasdriel;2020;22593;20433;1239;405;834;921;547;374;263
6815;Totaal over alle leeftijden;Totaal bevolking;Maasdriel;2021;22531;20336;1254;406;848;941;549;392;263
6816;Totaal over alle leeftijden;Totaal bevolking;Maasdriel;2022;22463;20243;1266;416;850;954;557;397;263
6817;Totaal over alle leeftijden;Totaal bevolking;Maasdriel;2023;22398;20130;1279;430;849;989;576;413;263
6818;Totaal over alle leeftijden;Totaal bevolking;Maasdriel;2024;22333;20045;1285;444;841;1003;570;433;263
6819;Totaal over alle leeftijden;Totaal bevolking;Maasdriel;2025;22279;19969;1286;434;852;1024;568;456;263
6820;Totaal over alle leeftijden;Totaal bevolking;Maassluis;2006;32675;25223;2339;922;1417;5113;2808;2305;556
6821;Totaal over alle leeftijden;Totaal bevolking;Maassluis;2007;32688;25182;2348;932;1416;5158;2784;2374;556
6822;Totaal over alle leeftijden;Totaal bevolking;Maassluis;2008;32719;25163;2365;917;1448;5191;2754;2437;556
6823;Totaal over alle leeftijden;Totaal bevolking;Maassluis;2009;32753;25161;2383;923;1460;5209;2720;2489;556
6824;Totaal over alle leeftijden;Totaal bevolking;Maassluis;2010;32787;25153;2394;931;1463;5240;2698;2542;556
6825;Totaal over alle leeftijden;Totaal bevolking;Maassluis;2011;32831;25117;2422;941;1481;5292;2690;2602;556
6826;Totaal over alle leeftijden;Totaal bevolking;Maassluis;2012;32890;25131;2430;945;1485;5329;2688;2641;556
6827;Totaal over alle leeftijden;Totaal bevolking;Maassluis;2013;32950;25133;2452;945;1507;5365;2675;2690;556
6828;Totaal over alle leeftijden;Totaal bevolking;Maassluis;2014;32990;25162;2441;934;1507;5387;2659;2728;556
6829;Totaal over alle leeftijden;Totaal bevolking;Maassluis;2015;33030;25140;2444;948;1496;5446;2670;2776;556
6830;Totaal over alle leeftijden;Totaal bevolking;Maassluis;2016;33092;25161;2463;945;1518;5468;2651;2817;556
6831;Totaal over alle leeftijden;Totaal bevolking;Maassluis;2017;33127;25146;2491;953;1538;5490;2649;2841;556
6832;Totaal over alle leeftijden;Totaal bevolking;Maassluis;2018;33165;25135;2512;953;1559;5518;2638;2880;556
6833;Totaal over alle leeftijden;Totaal bevolking;Maassluis;2019;33213;25171;2525;957;1568;5517;2631;2886;556
6834;Totaal over alle leeftijden;Totaal bevolking;Maassluis;2020;33264;25199;2559;966;1593;5506;2610;2896;556
6835;Totaal over alle leeftijden;Totaal bevolking;Maassluis;2021;33324;25230;2579;967;1612;5515;2602;2913;556
6836;Totaal over alle leeftijden;Totaal bevolking;Maassluis;2022;33396;25257;2592;980;1612;5547;2607;2940;556
6837;Totaal over alle leeftijden;Totaal bevolking;Maassluis;2023;33457;25280;2658;1019;1639;5519;2589;2930;556
6838;Totaal over alle leeftijden;Totaal bevolking;Maassluis;2024;33509;25326;2673;1006;1667;5510;2567;2943;556
6839;Totaal over alle leeftijden;Totaal bevolking;Maassluis;2025;33561;25349;2676;1007;1669;5536;2552;2984;556
6840;Totaal over alle leeftijden;Totaal bevolking;Maastricht;2006;120817;94747;17263;7142;10121;8807;5582;3225;935
6841;Totaal over alle leeftijden;Totaal bevolking;Maastricht;2007;120420;94603;16898;6967;9931;8919;5542;3377;935
6842;Totaal over alle leeftijden;Totaal bevolking;Maastricht;2008;120152;94408;16663;6843;9820;9081;5498;3583;935
6843;Totaal over alle leeftijden;Totaal bevolking;Maastricht;2009;119922;94308;16429;6767;9662;9185;5458;3727;935
6844;Totaal over alle leeftijden;Totaal bevolking;Maastricht;2010;119737;94155;16261;6702;9559;9321;5481;3840;935
6845;Totaal over alle leeftijden;Totaal bevolking;Maastricht;2011;119625;93960;16191;6745;9446;9474;5530;3944;935
6846;Totaal over alle leeftijden;Totaal bevolking;Maastricht;2012;119537;93747;16131;6784;9347;9659;5550;4109;935
6847;Totaal over alle leeftijden;Totaal bevolking;Maastricht;2013;119419;93574;16038;6814;9224;9807;5582;4225;935
6848;Totaal over alle leeftijden;Totaal bevolking;Maastricht;2014;119341;93420;15879;6788;9091;10042;5663;4379;935
6849;Totaal over alle leeftijden;Totaal bevolking;Maastricht;2015;119249;93272;15731;6734;8997;10246;5759;4487;935
6850;Totaal over alle leeftijden;Totaal bevolking;Maastricht;2016;119118;93059;15598;6738;8860;10461;5848;4613;935
6851;Totaal over alle leeftijden;Totaal bevolking;Maastricht;2017;118996;92793;15480;6746;8734;10723;5953;4770;935
6852;Totaal over alle leeftijden;Totaal bevolking;Maastricht;2018;118849;92639;15296;6684;8612;10914;6033;4881;935
6853;Totaal over alle leeftijden;Totaal bevolking;Maastricht;2019;118699;92421;15138;6638;8500;11140;6143;4997;935
6854;Totaal over alle leeftijden;Totaal bevolking;Maastricht;2020;118524;92215;14982;6598;8384;11327;6222;5105;935
6855;Totaal over alle leeftijden;Totaal bevolking;Maastricht;2021;118347;91993;14790;6495;8295;11564;6310;5254;935
6856;Totaal over alle leeftijden;Totaal bevolking;Maastricht;2022;118133;91717;14581;6391;8190;11835;6422;5413;935
6857;Totaal over alle leeftijden;Totaal bevolking;Maastricht;2023;117918;91426;14436;6328;8108;12056;6487;5569;935
6858;Totaal over alle leeftijden;Totaal bevolking;Maastricht;2024;117661;91147;14234;6222;8012;12280;6636;5644;935
6859;Totaal over alle leeftijden;Totaal bevolking;Maastricht;2025;117404;90768;14074;6144;7930;12562;6793;5769;935
6860;Totaal over alle leeftijden;Totaal bevolking;Margraten;2006;13408;11782;1397;451;946;229;138;91;936
6861;Totaal over alle leeftijden;Totaal bevolking;Margraten;2007;13313;11656;1417;458;959;240;141;99;936
6862;Totaal over alle leeftijden;Totaal bevolking;Margraten;2008;13199;11519;1434;473;961;246;145;101;936
6863;Totaal over alle leeftijden;Totaal bevolking;Margraten;2009;13085;11379;1432;476;956;274;158;116;936
6864;Totaal over alle leeftijden;Totaal bevolking;Margraten;2010;12980;11255;1427;468;959;298;164;134;936
6865;Totaal over alle leeftijden;Totaal bevolking;Margraten;2011;12861;11153;1394;457;937;314;171;143;936
6866;Totaal over alle leeftijden;Totaal bevolking;Margraten;2012;12750;11052;1377;451;926;321;173;148;936
6867;Totaal over alle leeftijden;Totaal bevolking;Margraten;2013;12629;10933;1362;439;923;334;178;156;936
6868;Totaal over alle leeftijden;Totaal bevolking;Margraten;2014;12516;10783;1370;432;938;363;193;170;936
6869;Totaal over alle leeftijden;Totaal bevolking;Margraten;2015;12402;10654;1365;437;928;383;208;175;936
6870;Totaal over alle leeftijden;Totaal bevolking;Margraten;2016;12292;10539;1365;431;934;388;201;187;936
6871;Totaal over alle leeftijden;Totaal bevolking;Margraten;2017;12188;10416;1363;425;938;409;215;194;936
6872;Totaal over alle leeftijden;Totaal bevolking;Margraten;2018;12092;10313;1349;427;922;430;229;201;936
6873;Totaal over alle leeftijden;Totaal bevolking;Margraten;2019;12003;10187;1363;443;920;453;238;215;936
6874;Totaal over alle leeftijden;Totaal bevolking;Margraten;2020;11907;10094;1336;442;894;477;248;229;936
6875;Totaal over alle leeftijden;Totaal bevolking;Margraten;2021;11816;9993;1333;458;875;490;252;238;936
6876;Totaal over alle leeftijden;Totaal bevolking;Margraten;2022;11714;9874;1321;453;868;519;269;250;936
6877;Totaal over alle leeftijden;Totaal bevolking;Margraten;2023;11613;9760;1328;464;864;525;266;259;936
6878;Totaal over alle leeftijden;Totaal bevolking;Margraten;2024;11521;9647;1319;463;856;555;277;278;936
6879;Totaal over alle leeftijden;Totaal bevolking;Margraten;2025;11421;9553;1290;446;844;578;278;300;936
6880;Totaal over alle leeftijden;Totaal bevolking;De Marne;2006;11236;10226;564;234;330;446;340;106;1663
6881;Totaal over alle leeftijden;Totaal bevolking;De Marne;2007;11240;10189;580;240;340;471;347;124;1663
6882;Totaal over alle leeftijden;Totaal bevolking;De Marne;2008;11228;10163;594;240;354;471;340;131;1663
6883;Totaal over alle leeftijden;Totaal bevolking;De Marne;2009;11210;10119;616;244;372;475;336;139;1663
6884;Totaal over alle leeftijden;Totaal bevolking;De Marne;2010;11199;10088;633;252;381;478;336;142;1663
6885;Totaal over alle leeftijden;Totaal bevolking;De Marne;2011;11184;10036;657;269;388;491;338;153;1663
6886;Totaal over alle leeftijden;Totaal bevolking;De Marne;2012;11170;9983;683;283;400;504;345;159;1663
6887;Totaal over alle leeftijden;Totaal bevolking;De Marne;2013;11146;9928;707;297;410;511;353;158;1663
6888;Totaal over alle leeftijden;Totaal bevolking;De Marne;2014;11141;9886;721;303;418;534;365;169;1663
6889;Totaal over alle leeftijden;Totaal bevolking;De Marne;2015;11129;9848;753;318;435;528;369;159;1663
6890;Totaal over alle leeftijden;Totaal bevolking;De Marne;2016;11123;9797;777;342;435;549;387;162;1663
6891;Totaal over alle leeftijden;Totaal bevolking;De Marne;2017;11110;9720;809;369;440;581;413;168;1663
6892;Totaal over alle leeftijden;Totaal bevolking;De Marne;2018;11097;9665;855;411;444;577;402;175;1663
6893;Totaal over alle leeftijden;Totaal bevolking;De Marne;2019;11079;9591;882;433;449;606;429;177;1663
6894;Totaal over alle leeftijden;Totaal bevolking;De Marne;2020;11065;9527;911;460;451;627;446;181;1663
6895;Totaal over alle leeftijden;Totaal bevolking;De Marne;2021;11044;9461;944;487;457;639;458;181;1663
6896;Totaal over alle leeftijden;Totaal bevolking;De Marne;2022;11028;9402;987;523;464;639;455;184;1663
6897;Totaal over alle leeftijden;Totaal bevolking;De Marne;2023;11008;9335;1011;547;464;662;462;200;1663
6898;Totaal over alle leeftijden;Totaal bevolking;De Marne;2024;11000;9281;1058;588;470;661;466;195;1663
6899;Totaal over alle leeftijden;Totaal bevolking;De Marne;2025;10994;9223;1086;614;472;685;484;201;1663
6900;Totaal over alle leeftijden;Totaal bevolking;Marum;2006;10315;9379;553;259;294;383;283;100;25
6901;Totaal over alle leeftijden;Totaal bevolking;Marum;2007;10300;9349;541;249;292;410;297;113;25
6902;Totaal over alle leeftijden;Totaal bevolking;Marum;2008;10258;9282;562;263;299;414;304;110;25
6903;Totaal over alle leeftijden;Totaal bevolking;Marum;2009;10214;9217;570;266;304;427;314;113;25
6904;Totaal over alle leeftijden;Totaal bevolking;Marum;2010;10183;9158;595;281;314;430;316;114;25
6905;Totaal over alle leeftijden;Totaal bevolking;Marum;2011;10146;9072;638;315;323;436;317;119;25
6906;Totaal over alle leeftijden;Totaal bevolking;Marum;2012;10114;9018;661;330;331;435;311;124;25
6907;Totaal over alle leeftijden;Totaal bevolking;Marum;2013;10090;8931;706;355;351;453;324;129;25
6908;Totaal over alle leeftijden;Totaal bevolking;Marum;2014;10053;8854;735;388;347;464;334;130;25
6909;Totaal over alle leeftijden;Totaal bevolking;Marum;2015;10032;8793;754;403;351;485;351;134;25
6910;Totaal over alle leeftijden;Totaal bevolking;Marum;2016;10001;8700;776;434;342;525;373;152;25
6911;Totaal over alle leeftijden;Totaal bevolking;Marum;2017;9961;8617;815;457;358;529;377;152;25
6912;Totaal over alle leeftijden;Totaal bevolking;Marum;2018;9930;8544;845;490;355;541;390;151;25
6913;Totaal over alle leeftijden;Totaal bevolking;Marum;2019;9905;8476;880;514;366;549;389;160;25
6914;Totaal over alle leeftijden;Totaal bevolking;Marum;2020;9880;8419;899;520;379;562;393;169;25
6915;Totaal over alle leeftijden;Totaal bevolking;Marum;2021;9860;8346;931;544;387;583;409;174;25
6916;Totaal over alle leeftijden;Totaal bevolking;Marum;2022;9838;8291;941;547;394;606;425;181;25
6917;Totaal over alle leeftijden;Totaal bevolking;Marum;2023;9824;8222;984;578;406;618;432;186;25
6918;Totaal over alle leeftijden;Totaal bevolking;Marum;2024;9808;8159;998;587;411;651;459;192;25
6919;Totaal over alle leeftijden;Totaal bevolking;Marum;2025;9793;8068;1033;616;417;692;486;206;25
6920;Totaal over alle leeftijden;Totaal bevolking;Medemblik;2006;8104;6800;527;225;302;777;487;290;420
6921;Totaal over alle leeftijden;Totaal bevolking;Medemblik;2007;8080;6771;545;228;317;764;476;288;420
6922;Totaal over alle leeftijden;Totaal bevolking;Medemblik;2008;8060;6709;577;245;332;774;481;293;420
6923;Totaal over alle leeftijden;Totaal bevolking;Medemblik;2009;8034;6664;606;250;356;764;477;287;420
6924;Totaal over alle leeftijden;Totaal bevolking;Medemblik;2010;8010;6616;635;256;379;759;471;288;420
6925;Totaal over alle leeftijden;Totaal bevolking;Medemblik;2011;7981;6572;645;264;381;764;468;296;420
6926;Totaal over alle leeftijden;Totaal bevolking;Medemblik;2012;7940;6518;670;270;400;752;457;295;420
6927;Totaal over alle leeftijden;Totaal bevolking;Medemblik;2013;7918;6485;686;281;405;747;450;297;420
6928;Totaal over alle leeftijden;Totaal bevolking;Medemblik;2014;7897;6431;708;297;411;758;454;304;420
6929;Totaal over alle leeftijden;Totaal bevolking;Medemblik;2015;7872;6369;734;302;432;769;458;311;420
6930;Totaal over alle leeftijden;Totaal bevolking;Medemblik;2016;7843;6313;747;305;442;783;466;317;420
6931;Totaal over alle leeftijden;Totaal bevolking;Medemblik;2017;7817;6267;771;324;447;779;466;313;420
6932;Totaal over alle leeftijden;Totaal bevolking;Medemblik;2018;7786;6215;795;332;463;776;462;314;420
6933;Totaal over alle leeftijden;Totaal bevolking;Medemblik;2019;7755;6173;806;332;474;776;451;325;420
6934;Totaal over alle leeftijden;Totaal bevolking;Medemblik;2020;7734;6123;834;341;493;777;449;328;420
6935;Totaal over alle leeftijden;Totaal bevolking;Medemblik;2021;7705;6072;845;343;502;788;450;338;420
6936;Totaal over alle leeftijden;Totaal bevolking;Medemblik;2022;7676;6012;873;355;518;791;453;338;420
6937;Totaal over alle leeftijden;Totaal bevolking;Medemblik;2023;7643;5949;898;358;540;796;454;342;420
6938;Totaal over alle leeftijden;Totaal bevolking;Medemblik;2024;7613;5885;923;364;559;805;467;338;420
6939;Totaal over alle leeftijden;Totaal bevolking;Medemblik;2025;7587;5844;934;374;560;809;472;337;420
6940;Totaal over alle leeftijden;Totaal bevolking;Meerlo-Wanssum;2006;7702;7050;509;161;348;143;98;45;993
6941;Totaal over alle leeftijden;Totaal bevolking;Meerlo-Wanssum;2007;7682;7003;522;162;360;157;115;42;993
6942;Totaal over alle leeftijden;Totaal bevolking;Meerlo-Wanssum;2008;7650;6942;533;165;368;175;131;44;993
6943;Totaal over alle leeftijden;Totaal bevolking;Meerlo-Wanssum;2009;7616;6863;554;171;383;199;148;51;993
6944;Totaal over alle leeftijden;Totaal bevolking;Meerlo-Wanssum;2010;7583;6806;572;178;394;205;147;58;993
6945;Totaal over alle leeftijden;Totaal bevolking;Meerlo-Wanssum;2011;7548;6747;582;183;399;219;149;70;993
6946;Totaal over alle leeftijden;Totaal bevolking;Meerlo-Wanssum;2012;7521;6703;583;190;393;235;156;79;993
6947;Totaal over alle leeftijden;Totaal bevolking;Meerlo-Wanssum;2013;7488;6629;619;203;416;240;158;82;993
6948;Totaal over alle leeftijden;Totaal bevolking;Meerlo-Wanssum;2014;7453;6571;634;213;421;248;158;90;993
6949;Totaal over alle leeftijden;Totaal bevolking;Meerlo-Wanssum;2015;7421;6499;654;220;434;268;171;97;993
6950;Totaal over alle leeftijden;Totaal bevolking;Meerlo-Wanssum;2016;7384;6446;661;222;439;277;170;107;993
6951;Totaal over alle leeftijden;Totaal bevolking;Meerlo-Wanssum;2017;7349;6390;676;222;454;283;174;109;993
6952;Totaal over alle leeftijden;Totaal bevolking;Meerlo-Wanssum;2018;7315;6334;680;230;450;301;183;118;993
6953;Totaal over alle leeftijden;Totaal bevolking;Meerlo-Wanssum;2019;7284;6304;681;228;453;299;185;114;993
6954;Totaal over alle leeftijden;Totaal bevolking;Meerlo-Wanssum;2020;7249;6258;681;223;458;310;188;122;993
6955;Totaal over alle leeftijden;Totaal bevolking;Meerlo-Wanssum;2021;7216;6228;678;223;455;310;189;121;993
6956;Totaal over alle leeftijden;Totaal bevolking;Meerlo-Wanssum;2022;7177;6168;693;232;461;316;196;120;993
6957;Totaal over alle leeftijden;Totaal bevolking;Meerlo-Wanssum;2023;7152;6143;690;233;457;319;199;120;993
6958;Totaal over alle leeftijden;Totaal bevolking;Meerlo-Wanssum;2024;7131;6105;710;236;474;316;198;118;993
6959;Totaal over alle leeftijden;Totaal bevolking;Meerlo-Wanssum;2025;7109;6062;716;249;467;331;203;128;993
6960;Totaal over alle leeftijden;Totaal bevolking;Meerssen;2006;19709;17481;1786;529;1257;442;272;170;938
6961;Totaal over alle leeftijden;Totaal bevolking;Meerssen;2007;19547;17314;1778;530;1248;455;282;173;938
6962;Totaal over alle leeftijden;Totaal bevolking;Meerssen;2008;19375;17124;1786;525;1261;465;280;185;938
6963;Totaal over alle leeftijden;Totaal bevolking;Meerssen;2009;19214;16942;1796;532;1264;476;292;184;938
6964;Totaal over alle leeftijden;Totaal bevolking;Meerssen;2010;19047;16767;1799;546;1253;481;285;196;938
6965;Totaal over alle leeftijden;Totaal bevolking;Meerssen;2011;18897;16615;1791;539;1252;491;286;205;938
6966;Totaal over alle leeftijden;Totaal bevolking;Meerssen;2012;18730;16433;1790;530;1260;507;286;221;938
6967;Totaal over alle leeftijden;Totaal bevolking;Meerssen;2013;18566;16287;1760;514;1246;519;288;231;938
6968;Totaal over alle leeftijden;Totaal bevolking;Meerssen;2014;18401;16077;1776;522;1254;548;299;249;938
6969;Totaal over alle leeftijden;Totaal bevolking;Meerssen;2015;18246;15897;1775;518;1257;574;317;257;938
6970;Totaal over alle leeftijden;Totaal bevolking;Meerssen;2016;18084;15725;1773;516;1257;586;326;260;938
6971;Totaal over alle leeftijden;Totaal bevolking;Meerssen;2017;17925;15536;1775;533;1242;614;341;273;938
6972;Totaal over alle leeftijden;Totaal bevolking;Meerssen;2018;17773;15360;1790;542;1248;623;344;279;938
6973;Totaal over alle leeftijden;Totaal bevolking;Meerssen;2019;17624;15194;1785;547;1238;645;352;293;938
6974;Totaal over alle leeftijden;Totaal bevolking;Meerssen;2020;17474;15048;1769;549;1220;657;350;307;938
6975;Totaal over alle leeftijden;Totaal bevolking;Meerssen;2021;17336;14911;1741;537;1204;684;360;324;938
6976;Totaal over alle leeftijden;Totaal bevolking;Meerssen;2022;17195;14768;1731;536;1195;696;354;342;938
6977;Totaal over alle leeftijden;Totaal bevolking;Meerssen;2023;17042;14621;1701;524;1177;720;370;350;938
6978;Totaal over alle leeftijden;Totaal bevolking;Meerssen;2024;16895;14456;1713;532;1181;726;372;354;938
6979;Totaal over alle leeftijden;Totaal bevolking;Meerssen;2025;16746;14319;1697;523;1174;730;371;359;938
6980;Totaal over alle leeftijden;Totaal bevolking;Meijel;2006;5874;5504;264;66;198;106;74;32;941
6981;Totaal over alle leeftijden;Totaal bevolking;Meijel;2007;5914;5504;288;76;212;122;85;37;941
6982;Totaal over alle leeftijden;Totaal bevolking;Meijel;2008;5941;5508;304;82;222;129;90;39;941
6983;Totaal over alle leeftijden;Totaal bevolking;Meijel;2009;5970;5498;328;91;237;144;93;51;941
6984;Totaal over alle leeftijden;Totaal bevolking;Meijel;2010;6003;5506;344;99;245;153;96;57;941
6985;Totaal over alle leeftijden;Totaal bevolking;Meijel;2011;6023;5491;365;106;259;167;106;61;941
6986;Totaal over alle leeftijden;Totaal bevolking;Meijel;2012;6041;5481;382;111;271;178;112;66;941
6987;Totaal over alle leeftijden;Totaal bevolking;Meijel;2013;6086;5493;409;123;286;184;115;69;941
6988;Totaal over alle leeftijden;Totaal bevolking;Meijel;2014;6102;5483;427;129;298;192;120;72;941
6989;Totaal over alle leeftijden;Totaal bevolking;Meijel;2015;6122;5465;449;140;309;208;126;82;941
6990;Totaal over alle leeftijden;Totaal bevolking;Meijel;2016;6139;5452;464;150;314;223;132;91;941
6991;Totaal over alle leeftijden;Totaal bevolking;Meijel;2017;6153;5423;493;164;329;237;141;96;941
6992;Totaal over alle leeftijden;Totaal bevolking;Meijel;2018;6154;5400;509;167;342;245;147;98;941
6993;Totaal over alle leeftijden;Totaal bevolking;Meijel;2019;6155;5379;523;166;357;253;152;101;941
6994;Totaal over alle leeftijden;Totaal bevolking;Meijel;2020;6164;5356;545;174;371;263;153;110;941
6995;Totaal over alle leeftijden;Totaal bevolking;Meijel;2021;6170;5338;559;180;379;273;158;115;941
6996;Totaal over alle leeftijden;Totaal bevolking;Meijel;2022;6176;5313;575;179;396;288;170;118;941
6997;Totaal over alle leeftijden;Totaal bevolking;Meijel;2023;6181;5302;581;181;400;298;172;126;941
6998;Totaal over alle leeftijden;Totaal bevolking;Meijel;2024;6186;5275;608;188;420;303;170;133;941
6999;Totaal over alle leeftijden;Totaal bevolking;Meijel;2025;6181;5244;618;196;422;319;174;145;941
7000;Totaal over alle leeftijden;Totaal bevolking;Menaldumadeel;2006;13952;13234;505;138;367;213;137;76;83
7001;Totaal over alle leeftijden;Totaal bevolking;Menaldumadeel;2007;13918;13163;521;143;378;234;153;81;83
7002;Totaal over alle leeftijden;Totaal bevolking;Menaldumadeel;2008;13887;13090;541;146;395;256;166;90;83
7003;Totaal over alle leeftijden;Totaal bevolking;Menaldumadeel;2009;13855;13026;557;148;409;272;172;100;83
7004;Totaal over alle leeftijden;Totaal bevolking;Menaldumadeel;2010;13823;12967;569;155;414;287;182;105;83
7005;Totaal over alle leeftijden;Totaal bevolking;Menaldumadeel;2011;13788;12910;574;164;410;304;191;113;83
7006;Totaal over alle leeftijden;Totaal bevolking;Menaldumadeel;2012;13767;12872;590;179;411;305;187;118;83
7007;Totaal over alle leeftijden;Totaal bevolking;Menaldumadeel;2013;13734;12802;610;192;418;322;200;122;83
7008;Totaal over alle leeftijden;Totaal bevolking;Menaldumadeel;2014;13716;12738;632;209;423;346;214;132;83
7009;Totaal over alle leeftijden;Totaal bevolking;Menaldumadeel;2015;13694;12684;643;212;431;367;230;137;83
7010;Totaal over alle leeftijden;Totaal bevolking;Menaldumadeel;2016;13671;12620;670;227;443;381;244;137;83
7011;Totaal over alle leeftijden;Totaal bevolking;Menaldumadeel;2017;13659;12530;730;259;471;399;255;144;83
7012;Totaal over alle leeftijden;Totaal bevolking;Menaldumadeel;2018;13634;12473;734;251;483;427;276;151;83
7013;Totaal over alle leeftijden;Totaal bevolking;Menaldumadeel;2019;13613;12408;754;265;489;451;298;153;83
7014;Totaal over alle leeftijden;Totaal bevolking;Menaldumadeel;2020;13599;12355;763;278;485;481;319;162;83
7015;Totaal over alle leeftijden;Totaal bevolking;Menaldumadeel;2021;13586;12305;786;286;500;495;329;166;83
7016;Totaal over alle leeftijden;Totaal bevolking;Menaldumadeel;2022;13572;12265;792;288;504;515;342;173;83
7017;Totaal over alle leeftijden;Totaal bevolking;Menaldumadeel;2023;13556;12208;810;303;507;538;358;180;83
7018;Totaal over alle leeftijden;Totaal bevolking;Menaldumadeel;2024;13546;12154;845;321;524;547;367;180;83
7019;Totaal over alle leeftijden;Totaal bevolking;Menaldumadeel;2025;13530;12108;860;330;530;562;375;187;83
7020;Totaal over alle leeftijden;Totaal bevolking;Menterwolde;2006;12546;11762;533;180;353;251;152;99;1987
7021;Totaal over alle leeftijden;Totaal bevolking;Menterwolde;2007;12501;11688;542;190;352;271;171;100;1987
7022;Totaal over alle leeftijden;Totaal bevolking;Menterwolde;2008;12414;11570;559;191;368;285;182;103;1987
7023;Totaal over alle leeftijden;Totaal bevolking;Menterwolde;2009;12324;11450;575;194;381;299;190;109;1987
7024;Totaal over alle leeftijden;Totaal bevolking;Menterwolde;2010;12231;11335;588;207;381;308;196;112;1987
7025;Totaal over alle leeftijden;Totaal bevolking;Menterwolde;2011;12134;11205;606;222;384;323;203;120;1987
7026;Totaal over alle leeftijden;Totaal bevolking;Menterwolde;2012;12040;11095;613;231;382;332;208;124;1987
7027;Totaal over alle leeftijden;Totaal bevolking;Menterwolde;2013;11948;10986;615;236;379;347;226;121;1987
7028;Totaal over alle leeftijden;Totaal bevolking;Menterwolde;2014;11869;10868;637;247;390;364;235;129;1987
7029;Totaal over alle leeftijden;Totaal bevolking;Menterwolde;2015;11792;10776;647;253;394;369;243;126;1987
7030;Totaal over alle leeftijden;Totaal bevolking;Menterwolde;2016;11717;10673;659;261;398;385;256;129;1987
7031;Totaal over alle leeftijden;Totaal bevolking;Menterwolde;2017;11650;10585;664;265;399;401;271;130;1987
7032;Totaal over alle leeftijden;Totaal bevolking;Menterwolde;2018;11577;10480;683;278;405;414;278;136;1987
7033;Totaal over alle leeftijden;Totaal bevolking;Menterwolde;2019;11509;10387;699;287;412;423;284;139;1987
7034;Totaal over alle leeftijden;Totaal bevolking;Menterwolde;2020;11439;10272;729;292;437;438;293;145;1987
7035;Totaal over alle leeftijden;Totaal bevolking;Menterwolde;2021;11372;10175;752;299;453;445;298;147;1987
7036;Totaal over alle leeftijden;Totaal bevolking;Menterwolde;2022;11306;10094;764;304;460;448;293;155;1987
7037;Totaal over alle leeftijden;Totaal bevolking;Menterwolde;2023;11243;10001;783;312;471;459;298;161;1987
7038;Totaal over alle leeftijden;Totaal bevolking;Menterwolde;2024;11180;9908;781;309;472;491;315;176;1987
7039;Totaal over alle leeftijden;Totaal bevolking;Menterwolde;2025;11122;9804;806;324;482;512;329;183;1987
7040;Totaal over alle leeftijden;Totaal bevolking;Meppel;2006;31029;27671;1616;605;1011;1742;1125;617;119
7041;Totaal over alle leeftijden;Totaal bevolking;Meppel;2007;31260;27888;1624;604;1020;1748;1124;624;119
7042;Totaal over alle leeftijden;Totaal bevolking;Meppel;2008;31361;27972;1649;614;1035;1740;1108;632;119
7043;Totaal over alle leeftijden;Totaal bevolking;Meppel;2009;31425;28018;1670;632;1038;1737;1104;633;119
7044;Totaal over alle leeftijden;Totaal bevolking;Meppel;2010;31475;28051;1682;643;1039;1742;1096;646;119
7045;Totaal over alle leeftijden;Totaal bevolking;Meppel;2011;31546;28097;1684;648;1036;1765;1105;660;119
7046;Totaal over alle leeftijden;Totaal bevolking;Meppel;2012;31616;28135;1702;671;1031;1779;1127;652;119
7047;Totaal over alle leeftijden;Totaal bevolking;Meppel;2013;31683;28174;1717;678;1039;1792;1147;645;119
7048;Totaal over alle leeftijden;Totaal bevolking;Meppel;2014;31745;28214;1748;696;1052;1783;1148;635;119
7049;Totaal over alle leeftijden;Totaal bevolking;Meppel;2015;31806;28231;1760;727;1033;1815;1179;636;119
7050;Totaal over alle leeftijden;Totaal bevolking;Meppel;2016;31886;28244;1789;754;1035;1853;1209;644;119
7051;Totaal over alle leeftijden;Totaal bevolking;Meppel;2017;31930;28258;1801;767;1034;1871;1225;646;119
7052;Totaal over alle leeftijden;Totaal bevolking;Meppel;2018;31992;28252;1833;802;1031;1907;1249;658;119
7053;Totaal over alle leeftijden;Totaal bevolking;Meppel;2019;32031;28232;1847;825;1022;1952;1289;663;119
7054;Totaal over alle leeftijden;Totaal bevolking;Meppel;2020;32089;28221;1870;832;1038;1998;1322;676;119
7055;Totaal over alle leeftijden;Totaal bevolking;Meppel;2021;32144;28204;1908;863;1045;2032;1358;674;119
7056;Totaal over alle leeftijden;Totaal bevolking;Meppel;2022;32195;28178;1931;882;1049;2086;1401;685;119
7057;Totaal over alle leeftijden;Totaal bevolking;Meppel;2023;32227;28154;1954;907;1047;2119;1433;686;119
7058;Totaal over alle leeftijden;Totaal bevolking;Meppel;2024;32252;28176;1965;907;1058;2111;1413;698;119
7059;Totaal over alle leeftijden;Totaal bevolking;Meppel;2025;32291;28145;1992;934;1058;2154;1450;704;119
7060;Totaal over alle leeftijden;Totaal bevolking;Middelburg (Z.);2006;46210;38692;4046;1800;2246;3472;2106;1366;687
7061;Totaal over alle leeftijden;Totaal bevolking;Middelburg (Z.);2007;46156;38559;4004;1814;2190;3593;2161;1432;687
7062;Totaal over alle leeftijden;Totaal bevolking;Middelburg (Z.);2008;46150;38553;3933;1829;2104;3664;2204;1460;687
7063;Totaal over alle leeftijden;Totaal bevolking;Middelburg (Z.);2009;46184;38468;3964;1867;2097;3752;2275;1477;687
7064;Totaal over alle leeftijden;Totaal bevolking;Middelburg (Z.);2010;46271;38403;3979;1907;2072;3889;2353;1536;687
7065;Totaal over alle leeftijden;Totaal bevolking;Middelburg (Z.);2011;46375;38325;4016;1937;2079;4034;2444;1590;687
7066;Totaal over alle leeftijden;Totaal bevolking;Middelburg (Z.);2012;46485;38225;4068;1971;2097;4192;2525;1667;687
7067;Totaal over alle leeftijden;Totaal bevolking;Middelburg (Z.);2013;46606;38130;4160;2059;2101;4316;2599;1717;687
7068;Totaal over alle leeftijden;Totaal bevolking;Middelburg (Z.);2014;46738;38038;4252;2163;2089;4448;2681;1767;687
7069;Totaal over alle leeftijden;Totaal bevolking;Middelburg (Z.);2015;46861;37919;4313;2232;2081;4629;2820;1809;687
7070;Totaal over alle leeftijden;Totaal bevolking;Middelburg (Z.);2016;46982;37785;4407;2322;2085;4790;2955;1835;687
7071;Totaal over alle leeftijden;Totaal bevolking;Middelburg (Z.);2017;47112;37632;4482;2410;2072;4998;3104;1894;687
7072;Totaal over alle leeftijden;Totaal bevolking;Middelburg (Z.);2018;47249;37515;4544;2476;2068;5190;3246;1944;687
7073;Totaal over alle leeftijden;Totaal bevolking;Middelburg (Z.);2019;47386;37414;4576;2531;2045;5396;3397;1999;687
7074;Totaal over alle leeftijden;Totaal bevolking;Middelburg (Z.);2020;47554;37351;4626;2596;2030;5577;3533;2044;687
7075;Totaal over alle leeftijden;Totaal bevolking;Middelburg (Z.);2021;47719;37233;4680;2646;2034;5806;3712;2094;687
7076;Totaal over alle leeftijden;Totaal bevolking;Middelburg (Z.);2022;47856;37087;4764;2698;2066;6005;3880;2125;687
7077;Totaal over alle leeftijden;Totaal bevolking;Middelburg (Z.);2023;47998;36978;4788;2742;2046;6232;4063;2169;687
7078;Totaal over alle leeftijden;Totaal bevolking;Middelburg (Z.);2024;48159;36841;4863;2801;2062;6455;4253;2202;687
7079;Totaal over alle leeftijden;Totaal bevolking;Middelburg (Z.);2025;48306;36653;4888;2828;2060;6765;4493;2272;687
7080;Totaal over alle leeftijden;Totaal bevolking;Middelharnis;2006;17463;16412;685;231;454;366;237;129;559
7081;Totaal over alle leeftijden;Totaal bevolking;Middelharnis;2007;17517;16389;735;247;488;393;252;141;559
7082;Totaal over alle leeftijden;Totaal bevolking;Middelharnis;2008;17532;16338;772;253;519;422;272;150;559
7083;Totaal over alle leeftijden;Totaal bevolking;Middelharnis;2009;17554;16273;815;263;552;466;305;161;559
7084;Totaal over alle leeftijden;Totaal bevolking;Middelharnis;2010;17568;16220;831;278;553;517;344;173;559
7085;Totaal over alle leeftijden;Totaal bevolking;Middelharnis;2011;17574;16153;864;292;572;557;371;186;559
7086;Totaal over alle leeftijden;Totaal bevolking;Middelharnis;2012;17582;16081;892;307;585;609;405;204;559
7087;Totaal over alle leeftijden;Totaal bevolking;Middelharnis;2013;17593;16024;929;327;602;640;420;220;559
7088;Totaal over alle leeftijden;Totaal bevolking;Middelharnis;2014;17615;15953;969;336;633;693;467;226;559
7089;Totaal over alle leeftijden;Totaal bevolking;Middelharnis;2015;17624;15881;995;343;652;748;498;250;559
7090;Totaal over alle leeftijden;Totaal bevolking;Middelharnis;2016;17630;15810;1015;348;667;805;530;275;559
7091;Totaal over alle leeftijden;Totaal bevolking;Middelharnis;2017;17644;15754;1035;346;689;855;560;295;559
7092;Totaal over alle leeftijden;Totaal bevolking;Middelharnis;2018;17650;15701;1061;358;703;888;587;301;559
7093;Totaal over alle leeftijden;Totaal bevolking;Middelharnis;2019;17665;15643;1089;371;718;933;614;319;559
7094;Totaal over alle leeftijden;Totaal bevolking;Middelharnis;2020;17674;15573;1130;379;751;971;636;335;559
7095;Totaal over alle leeftijden;Totaal bevolking;Middelharnis;2021;17679;15518;1150;391;759;1011;659;352;559
7096;Totaal over alle leeftijden;Totaal bevolking;Middelharnis;2022;17681;15443;1198;401;797;1040;670;370;559
7097;Totaal over alle leeftijden;Totaal bevolking;Middelharnis;2023;17684;15409;1212;410;802;1063;683;380;559
7098;Totaal over alle leeftijden;Totaal bevolking;Middelharnis;2024;17689;15343;1236;425;811;1110;717;393;559
7099;Totaal over alle leeftijden;Totaal bevolking;Middelharnis;2025;17688;15293;1241;427;814;1154;741;413;559
7100;Totaal over alle leeftijden;Totaal bevolking;Midden-Delfland;2006;17369;15688;1028;330;698;653;402;251;1842
7101;Totaal over alle leeftijden;Totaal bevolking;Midden-Delfland;2007;17458;15618;1104;353;751;736;453;283;1842
7102;Totaal over alle leeftijden;Totaal bevolking;Midden-Delfland;2008;17529;15543;1172;384;788;814;503;311;1842
7103;Totaal over alle leeftijden;Totaal bevolking;Midden-Delfland;2009;17645;15485;1270;411;859;890;534;356;1842
7104;Totaal over alle leeftijden;Totaal bevolking;Midden-Delfland;2010;17750;15426;1355;441;914;969;569;400;1842
7105;Totaal over alle leeftijden;Totaal bevolking;Midden-Delfland;2011;17844;15357;1433;477;956;1054;623;431;1842
7106;Totaal over alle leeftijden;Totaal bevolking;Midden-Delfland;2012;17944;15301;1516;518;998;1127;658;469;1842
7107;Totaal over alle leeftijden;Totaal bevolking;Midden-Delfland;2013;18025;15228;1596;561;1035;1201;688;513;1842
7108;Totaal over alle leeftijden;Totaal bevolking;Midden-Delfland;2014;18113;15149;1693;605;1088;1271;724;547;1842
7109;Totaal over alle leeftijden;Totaal bevolking;Midden-Delfland;2015;18188;15064;1748;635;1113;1376;772;604;1842
7110;Totaal over alle leeftijden;Totaal bevolking;Midden-Delfland;2016;18280;15001;1819;660;1159;1460;813;647;1842
7111;Totaal over alle leeftijden;Totaal bevolking;Midden-Delfland;2017;18369;14943;1879;691;1188;1547;853;694;1842
7112;Totaal over alle leeftijden;Totaal bevolking;Midden-Delfland;2018;18444;14854;1947;707;1240;1643;888;755;1842
7113;Totaal over alle leeftijden;Totaal bevolking;Midden-Delfland;2019;18509;14795;2004;751;1253;1710;928;782;1842
7114;Totaal over alle leeftijden;Totaal bevolking;Midden-Delfland;2020;18591;14723;2083;778;1305;1785;966;819;1842
7115;Totaal over alle leeftijden;Totaal bevolking;Midden-Delfland;2021;18666;14650;2156;819;1337;1860;989;871;1842
7116;Totaal over alle leeftijden;Totaal bevolking;Midden-Delfland;2022;18717;14563;2239;856;1383;1915;997;918;1842
7117;Totaal over alle leeftijden;Totaal bevolking;Midden-Delfland;2023;18769;14480;2300;879;1421;1989;1029;960;1842
7118;Totaal over alle leeftijden;Totaal bevolking;Midden-Delfland;2024;18819;14377;2370;914;1456;2072;1071;1001;1842
7119;Totaal over alle leeftijden;Totaal bevolking;Midden-Delfland;2025;18887;14289;2456;962;1494;2142;1098;1044;1842
7120;Totaal over alle leeftijden;Totaal bevolking;Midden-Drenthe;2006;32785;30916;1428;513;915;441;270;171;1731
7121;Totaal over alle leeftijden;Totaal bevolking;Midden-Drenthe;2007;32686;30789;1417;515;902;480;303;177;1731
7122;Totaal over alle leeftijden;Totaal bevolking;Midden-Drenthe;2008;32519;30593;1443;517;926;483;308;175;1731
7123;Totaal over alle leeftijden;Totaal bevolking;Midden-Drenthe;2009;32325;30350;1443;520;923;532;344;188;1731
7124;Totaal over alle leeftijden;Totaal bevolking;Midden-Drenthe;2010;32139;30121;1462;510;952;556;368;188;1731
7125;Totaal over alle leeftijden;Totaal bevolking;Midden-Drenthe;2011;31943;29881;1469;519;950;593;397;196;1731
7126;Totaal over alle leeftijden;Totaal bevolking;Midden-Drenthe;2012;31765;29649;1488;527;961;628;430;198;1731
7127;Totaal over alle leeftijden;Totaal bevolking;Midden-Drenthe;2013;31597;29441;1483;527;956;673;463;210;1731
7128;Totaal over alle leeftijden;Totaal bevolking;Midden-Drenthe;2014;31418;29231;1503;541;962;684;470;214;1731
7129;Totaal over alle leeftijden;Totaal bevolking;Midden-Drenthe;2015;31244;29042;1507;537;970;695;485;210;1731
7130;Totaal over alle leeftijden;Totaal bevolking;Midden-Drenthe;2016;31095;28843;1526;542;984;726;513;213;1731
7131;Totaal over alle leeftijden;Totaal bevolking;Midden-Drenthe;2017;30934;28652;1541;568;973;741;522;219;1731
7132;Totaal over alle leeftijden;Totaal bevolking;Midden-Drenthe;2018;30802;28447;1562;575;987;793;563;230;1731
7133;Totaal over alle leeftijden;Totaal bevolking;Midden-Drenthe;2019;30655;28271;1564;581;983;820;591;229;1731
7134;Totaal over alle leeftijden;Totaal bevolking;Midden-Drenthe;2020;30514;28092;1582;586;996;840;608;232;1731
7135;Totaal over alle leeftijden;Totaal bevolking;Midden-Drenthe;2021;30384;27918;1580;591;989;886;650;236;1731
7136;Totaal over alle leeftijden;Totaal bevolking;Midden-Drenthe;2022;30268;27754;1598;611;987;916;685;231;1731
7137;Totaal over alle leeftijden;Totaal bevolking;Midden-Drenthe;2023;30148;27589;1615;624;991;944;712;232;1731
7138;Totaal over alle leeftijden;Totaal bevolking;Midden-Drenthe;2024;30049;27444;1636;639;997;969;729;240;1731
7139;Totaal over alle leeftijden;Totaal bevolking;Midden-Drenthe;2025;29942;27294;1646;654;992;1002;752;250;1731
7140;Totaal over alle leeftijden;Totaal bevolking;Mill en Sint Hubert;2006;11061;10499;407;101;306;155;92;63;815
7141;Totaal over alle leeftijden;Totaal bevolking;Mill en Sint Hubert;2007;11041;10435;441;114;327;165;97;68;815
7142;Totaal over alle leeftijden;Totaal bevolking;Mill en Sint Hubert;2008;11014;10375;464;120;344;175;103;72;815
7143;Totaal over alle leeftijden;Totaal bevolking;Mill en Sint Hubert;2009;10985;10312;483;125;358;190;112;78;815
7144;Totaal over alle leeftijden;Totaal bevolking;Mill en Sint Hubert;2010;10963;10248;503;132;371;212;126;86;815
7145;Totaal over alle leeftijden;Totaal bevolking;Mill en Sint Hubert;2011;10938;10191;522;142;380;225;136;89;815
7146;Totaal over alle leeftijden;Totaal bevolking;Mill en Sint Hubert;2012;10907;10110;552;155;397;245;143;102;815
7147;Totaal over alle leeftijden;Totaal bevolking;Mill en Sint Hubert;2013;10866;10039;576;160;416;251;140;111;815
7148;Totaal over alle leeftijden;Totaal bevolking;Mill en Sint Hubert;2014;10833;9977;588;172;416;268;142;126;815
7149;Totaal over alle leeftijden;Totaal bevolking;Mill en Sint Hubert;2015;10803;9898;623;186;437;282;147;135;815
7150;Totaal over alle leeftijden;Totaal bevolking;Mill en Sint Hubert;2016;10766;9832;639;201;438;295;154;141;815
7151;Totaal over alle leeftijden;Totaal bevolking;Mill en Sint Hubert;2017;10731;9775;645;206;439;311;163;148;815
7152;Totaal over alle leeftijden;Totaal bevolking;Mill en Sint Hubert;2018;10691;9720;648;206;442;323;172;151;815
7153;Totaal over alle leeftijden;Totaal bevolking;Mill en Sint Hubert;2019;10649;9650;654;207;447;345;192;153;815
7154;Totaal over alle leeftijden;Totaal bevolking;Mill en Sint Hubert;2020;10620;9581;676;210;466;363;201;162;815
7155;Totaal over alle leeftijden;Totaal bevolking;Mill en Sint Hubert;2021;10596;9516;693;218;475;387;214;173;815
7156;Totaal over alle leeftijden;Totaal bevolking;Mill en Sint Hubert;2022;10575;9452;708;227;481;415;229;186;815
7157;Totaal over alle leeftijden;Totaal bevolking;Mill en Sint Hubert;2023;10546;9391;716;230;486;439;234;205;815
7158;Totaal over alle leeftijden;Totaal bevolking;Mill en Sint Hubert;2024;10501;9334;724;237;487;443;233;210;815
7159;Totaal over alle leeftijden;Totaal bevolking;Mill en Sint Hubert;2025;10463;9270;749;248;501;444;234;210;815
7160;Totaal over alle leeftijden;Totaal bevolking;Millingen aan de Rijn;2006;6098;5185;788;244;544;125;80;45;265
7161;Totaal over alle leeftijden;Totaal bevolking;Millingen aan de Rijn;2007;6198;5251;800;249;551;147;92;55;265
7162;Totaal over alle leeftijden;Totaal bevolking;Millingen aan de Rijn;2008;6273;5302;809;258;551;162;98;64;265
7163;Totaal over alle leeftijden;Totaal bevolking;Millingen aan de Rijn;2009;6356;5351;823;258;565;182;108;74;265
7164;Totaal over alle leeftijden;Totaal bevolking;Millingen aan de Rijn;2010;6438;5398;835;263;572;205;124;81;265
7165;Totaal over alle leeftijden;Totaal bevolking;Millingen aan de Rijn;2011;6526;5452;852;277;575;222;132;90;265
7166;Totaal over alle leeftijden;Totaal bevolking;Millingen aan de Rijn;2012;6597;5493;865;290;575;239;140;99;265
7167;Totaal over alle leeftijden;Totaal bevolking;Millingen aan de Rijn;2013;6674;5532;882;300;582;260;154;106;265
7168;Totaal over alle leeftijden;Totaal bevolking;Millingen aan de Rijn;2014;6748;5579;888;304;584;281;167;114;265
7169;Totaal over alle leeftijden;Totaal bevolking;Millingen aan de Rijn;2015;6826;5622;896;309;587;308;186;122;265
7170;Totaal over alle leeftijden;Totaal bevolking;Millingen aan de Rijn;2016;6890;5659;899;306;593;332;194;138;265
7171;Totaal over alle leeftijden;Totaal bevolking;Millingen aan de Rijn;2017;6953;5698;899;311;588;356;206;150;265
7172;Totaal over alle leeftijden;Totaal bevolking;Millingen aan de Rijn;2018;7013;5727;913;314;599;373;215;158;265
7173;Totaal over alle leeftijden;Totaal bevolking;Millingen aan de Rijn;2019;7074;5771;918;324;594;385;217;168;265
7174;Totaal over alle leeftijden;Totaal bevolking;Millingen aan de Rijn;2020;7132;5801;924;325;599;407;230;177;265
7175;Totaal over alle leeftijden;Totaal bevolking;Millingen aan de Rijn;2021;7186;5832;934;326;608;420;232;188;265
7176;Totaal over alle leeftijden;Totaal bevolking;Millingen aan de Rijn;2022;7235;5853;947;331;616;435;235;200;265
7177;Totaal over alle leeftijden;Totaal bevolking;Millingen aan de Rijn;2023;7279;5880;943;328;615;456;245;211;265
7178;Totaal over alle leeftijden;Totaal bevolking;Millingen aan de Rijn;2024;7315;5907;945;326;619;463;252;211;265
7179;Totaal over alle leeftijden;Totaal bevolking;Millingen aan de Rijn;2025;7353;5924;950;328;622;479;258;221;265
7180;Totaal over alle leeftijden;Totaal bevolking;Moerdijk;2006;36762;33630;1913;693;1220;1219;733;486;1709
7181;Totaal over alle leeftijden;Totaal bevolking;Moerdijk;2007;36783;33611;1929;701;1228;1243;754;489;1709
7182;Totaal over alle leeftijden;Totaal bevolking;Moerdijk;2008;36725;33479;1965;706;1259;1281;769;512;1709
7183;Totaal over alle leeftijden;Totaal bevolking;Moerdijk;2009;36681;33389;1969;706;1263;1323;790;533;1709
7184;Totaal over alle leeftijden;Totaal bevolking;Moerdijk;2010;36619;33280;1988;706;1282;1351;798;553;1709
7185;Totaal over alle leeftijden;Totaal bevolking;Moerdijk;2011;36571;33174;1995;709;1286;1402;821;581;1709
7186;Totaal over alle leeftijden;Totaal bevolking;Moerdijk;2012;36502;33045;2020;718;1302;1437;829;608;1709
7187;Totaal over alle leeftijden;Totaal bevolking;Moerdijk;2013;36438;32930;2034;711;1323;1474;860;614;1709
7188;Totaal over alle leeftijden;Totaal bevolking;Moerdijk;2014;36387;32837;2057;721;1336;1493;865;628;1709
7189;Totaal over alle leeftijden;Totaal bevolking;Moerdijk;2015;36331;32736;2070;730;1340;1525;883;642;1709
7190;Totaal over alle leeftijden;Totaal bevolking;Moerdijk;2016;36274;32636;2091;730;1361;1547;888;659;1709
7191;Totaal over alle leeftijden;Totaal bevolking;Moerdijk;2017;36228;32557;2108;731;1377;1563;894;669;1709
7192;Totaal over alle leeftijden;Totaal bevolking;Moerdijk;2018;36179;32456;2140;744;1396;1583;893;690;1709
7193;Totaal over alle leeftijden;Totaal bevolking;Moerdijk;2019;36129;32361;2153;753;1400;1615;923;692;1709
7194;Totaal over alle leeftijden;Totaal bevolking;Moerdijk;2020;36081;32274;2165;763;1402;1642;934;708;1709
7195;Totaal over alle leeftijden;Totaal bevolking;Moerdijk;2021;36039;32180;2186;774;1412;1673;947;726;1709
7196;Totaal over alle leeftijden;Totaal bevolking;Moerdijk;2022;35988;32105;2213;781;1432;1670;949;721;1709
7197;Totaal over alle leeftijden;Totaal bevolking;Moerdijk;2023;35935;32004;2238;781;1457;1693;951;742;1709
7198;Totaal over alle leeftijden;Totaal bevolking;Moerdijk;2024;35894;31924;2263;795;1468;1707;963;744;1709
7199;Totaal over alle leeftijden;Totaal bevolking;Moerdijk;2025;35855;31846;2293;801;1492;1716;969;747;1709
7200;Totaal over alle leeftijden;Totaal bevolking;Montferland;2006;35476;31467;3069;929;2140;940;593;347;1955
7201;Totaal over alle leeftijden;Totaal bevolking;Montferland;2007;35529;31430;3099;948;2151;1000;635;365;1955
7202;Totaal over alle leeftijden;Totaal bevolking;Montferland;2008;35565;31403;3111;970;2141;1051;668;383;1955
7203;Totaal over alle leeftijden;Totaal bevolking;Montferland;2009;35589;31340;3156;1005;2151;1093;698;395;1955
7204;Totaal over alle leeftijden;Totaal bevolking;Montferland;2010;35608;31277;3181;1029;2152;1150;738;412;1955
7205;Totaal over alle leeftijden;Totaal bevolking;Montferland;2011;35616;31171;3240;1060;2180;1205;775;430;1955
7206;Totaal over alle leeftijden;Totaal bevolking;Montferland;2012;35634;31097;3301;1094;2207;1236;799;437;1955
7207;Totaal over alle leeftijden;Totaal bevolking;Montferland;2013;35655;31026;3343;1120;2223;1286;829;457;1955
7208;Totaal over alle leeftijden;Totaal bevolking;Montferland;2014;35669;30981;3331;1137;2194;1357;873;484;1955
7209;Totaal over alle leeftijden;Totaal bevolking;Montferland;2015;35666;30889;3372;1164;2208;1405;902;503;1955
7210;Totaal over alle leeftijden;Totaal bevolking;Montferland;2016;35664;30786;3409;1205;2204;1469;945;524;1955
7211;Totaal over alle leeftijden;Totaal bevolking;Montferland;2017;35660;30660;3453;1250;2203;1547;995;552;1955
7212;Totaal over alle leeftijden;Totaal bevolking;Montferland;2018;35656;30533;3506;1290;2216;1617;1030;587;1955
7213;Totaal over alle leeftijden;Totaal bevolking;Montferland;2019;35663;30398;3577;1339;2238;1688;1071;617;1955
7214;Totaal over alle leeftijden;Totaal bevolking;Montferland;2020;35657;30301;3591;1362;2229;1765;1103;662;1955
7215;Totaal over alle leeftijden;Totaal bevolking;Montferland;2021;35635;30192;3578;1388;2190;1865;1155;710;1955
7216;Totaal over alle leeftijden;Totaal bevolking;Montferland;2022;35619;30077;3601;1406;2195;1941;1199;742;1955
7217;Totaal over alle leeftijden;Totaal bevolking;Montferland;2023;35603;29900;3653;1435;2218;2050;1281;769;1955
7218;Totaal over alle leeftijden;Totaal bevolking;Montferland;2024;35599;29768;3706;1460;2246;2125;1323;802;1955
7219;Totaal over alle leeftijden;Totaal bevolking;Montferland;2025;35584;29645;3738;1500;2238;2201;1377;824;1955
7220;Totaal over alle leeftijden;Totaal bevolking;Montfoort;2006;13401;12273;689;226;463;439;251;188;335
7221;Totaal over alle leeftijden;Totaal bevolking;Montfoort;2007;13376;12188;726;235;491;462;266;196;335
7222;Totaal over alle leeftijden;Totaal bevolking;Montfoort;2008;13319;12097;750;247;503;472;272;200;335
7223;Totaal over alle leeftijden;Totaal bevolking;Montfoort;2009;13279;12010;768;255;513;501;283;218;335
7224;Totaal over alle leeftijden;Totaal bevolking;Montfoort;2010;13229;11919;791;270;521;519;291;228;335
7225;Totaal over alle leeftijden;Totaal bevolking;Montfoort;2011;13191;11828;822;286;536;541;300;241;335
7226;Totaal over alle leeftijden;Totaal bevolking;Montfoort;2012;13152;11750;844;291;553;558;300;258;335
7227;Totaal over alle leeftijden;Totaal bevolking;Montfoort;2013;13116;11664;873;307;566;579;314;265;335
7228;Totaal over alle leeftijden;Totaal bevolking;Montfoort;2014;13064;11567;899;310;589;598;328;270;335
7229;Totaal over alle leeftijden;Totaal bevolking;Montfoort;2015;13010;11452;923;325;598;635;351;284;335
7230;Totaal over alle leeftijden;Totaal bevolking;Montfoort;2016;12972;11345;961;346;615;666;376;290;335
7231;Totaal over alle leeftijden;Totaal bevolking;Montfoort;2017;12929;11259;978;354;624;692;387;305;335
7232;Totaal over alle leeftijden;Totaal bevolking;Montfoort;2018;12874;11149;1018;366;652;707;388;319;335
7233;Totaal over alle leeftijden;Totaal bevolking;Montfoort;2019;12819;11057;1029;377;652;733;410;323;335
7234;Totaal over alle leeftijden;Totaal bevolking;Montfoort;2020;12770;10965;1047;382;665;758;416;342;335
7235;Totaal over alle leeftijden;Totaal bevolking;Montfoort;2021;12718;10879;1069;392;677;770;419;351;335
7236;Totaal over alle leeftijden;Totaal bevolking;Montfoort;2022;12677;10784;1089;398;691;804;432;372;335
7237;Totaal over alle leeftijden;Totaal bevolking;Montfoort;2023;12620;10694;1095;392;703;831;443;388;335
7238;Totaal over alle leeftijden;Totaal bevolking;Montfoort;2024;12570;10578;1135;413;722;857;453;404;335
7239;Totaal over alle leeftijden;Totaal bevolking;Montfoort;2025;12520;10478;1158;425;733;884;463;421;335
7240;Totaal over alle leeftijden;Totaal bevolking;Mook en Middelaar;2006;8051;6926;859;281;578;266;150;116;944
7241;Totaal over alle leeftijden;Totaal bevolking;Mook en Middelaar;2007;8113;6950;866;284;582;297;179;118;944
7242;Totaal over alle leeftijden;Totaal bevolking;Mook en Middelaar;2008;8168;6980;879;288;591;309;189;120;944
7243;Totaal over alle leeftijden;Totaal bevolking;Mook en Middelaar;2009;8227;6995;898;294;604;334;208;126;944
7244;Totaal over alle leeftijden;Totaal bevolking;Mook en Middelaar;2010;8270;7014;912;295;617;344;214;130;944
7245;Totaal over alle leeftijden;Totaal bevolking;Mook en Middelaar;2011;8324;7030;938;301;637;356;225;131;944
7246;Totaal over alle leeftijden;Totaal bevolking;Mook en Middelaar;2012;8390;7047;965;307;658;378;237;141;944
7247;Totaal over alle leeftijden;Totaal bevolking;Mook en Middelaar;2013;8423;7061;977;315;662;385;250;135;944
7248;Totaal over alle leeftijden;Totaal bevolking;Mook en Middelaar;2014;8463;7079;998;323;675;386;250;136;944
7249;Totaal over alle leeftijden;Totaal bevolking;Mook en Middelaar;2015;8500;7067;1036;337;699;397;257;140;944
7250;Totaal over alle leeftijden;Totaal bevolking;Mook en Middelaar;2016;8537;7069;1061;340;721;407;265;142;944
7251;Totaal over alle leeftijden;Totaal bevolking;Mook en Middelaar;2017;8571;7058;1085;340;745;428;270;158;944
7252;Totaal over alle leeftijden;Totaal bevolking;Mook en Middelaar;2018;8592;7064;1088;345;743;440;273;167;944
7253;Totaal over alle leeftijden;Totaal bevolking;Mook en Middelaar;2019;8618;7082;1087;340;747;449;274;175;944
7254;Totaal over alle leeftijden;Totaal bevolking;Mook en Middelaar;2020;8643;7074;1112;352;760;457;276;181;944
7255;Totaal over alle leeftijden;Totaal bevolking;Mook en Middelaar;2021;8663;7058;1126;358;768;479;287;192;944
7256;Totaal over alle leeftijden;Totaal bevolking;Mook en Middelaar;2022;8681;7024;1150;363;787;507;302;205;944
7257;Totaal over alle leeftijden;Totaal bevolking;Mook en Middelaar;2023;8696;7017;1163;375;788;516;302;214;944
7258;Totaal over alle leeftijden;Totaal bevolking;Mook en Middelaar;2024;8709;6994;1188;391;797;527;305;222;944
7259;Totaal over alle leeftijden;Totaal bevolking;Mook en Middelaar;2025;8732;6980;1192;394;798;560;318;242;944
7260;Totaal over alle leeftijden;Totaal bevolking;Moordrecht;2006;8153;6538;1100;378;722;515;292;223;563
7261;Totaal over alle leeftijden;Totaal bevolking;Moordrecht;2007;8145;6511;1108;373;735;526;301;225;563
7262;Totaal over alle leeftijden;Totaal bevolking;Moordrecht;2008;8124;6480;1113;368;745;531;302;229;563
7263;Totaal over alle leeftijden;Totaal bevolking;Moordrecht;2009;8100;6445;1116;360;756;539;311;228;563
7264;Totaal over alle leeftijden;Totaal bevolking;Moordrecht;2010;8078;6402;1117;360;757;559;329;230;563
7265;Totaal over alle leeftijden;Totaal bevolking;Moordrecht;2011;8047;6343;1130;354;776;574;332;242;563
7266;Totaal over alle leeftijden;Totaal bevolking;Moordrecht;2012;8024;6281;1146;365;781;597;348;249;563
7267;Totaal over alle leeftijden;Totaal bevolking;Moordrecht;2013;7990;6253;1139;353;786;598;347;251;563
7268;Totaal over alle leeftijden;Totaal bevolking;Moordrecht;2014;7958;6207;1139;358;781;612;355;257;563
7269;Totaal over alle leeftijden;Totaal bevolking;Moordrecht;2015;7936;6171;1149;361;788;616;351;265;563
7270;Totaal over alle leeftijden;Totaal bevolking;Moordrecht;2016;7900;6123;1156;362;794;621;358;263;563
7271;Totaal over alle leeftijden;Totaal bevolking;Moordrecht;2017;7869;6062;1160;372;788;647;373;274;563
7272;Totaal over alle leeftijden;Totaal bevolking;Moordrecht;2018;7836;6008;1164;387;777;664;378;286;563
7273;Totaal over alle leeftijden;Totaal bevolking;Moordrecht;2019;7804;5943;1173;397;776;688;392;296;563
7274;Totaal over alle leeftijden;Totaal bevolking;Moordrecht;2020;7772;5871;1199;408;791;702;395;307;563
7275;Totaal over alle leeftijden;Totaal bevolking;Moordrecht;2021;7732;5825;1198;410;788;709;396;313;563
7276;Totaal over alle leeftijden;Totaal bevolking;Moordrecht;2022;7688;5764;1196;408;788;728;405;323;563
7277;Totaal over alle leeftijden;Totaal bevolking;Moordrecht;2023;7653;5708;1207;404;803;738;419;319;563
7278;Totaal over alle leeftijden;Totaal bevolking;Moordrecht;2024;7613;5671;1210;405;805;732;409;323;563
7279;Totaal over alle leeftijden;Totaal bevolking;Moordrecht;2025;7574;5625;1205;401;804;744;420;324;563
7280;Totaal over alle leeftijden;Totaal bevolking;Muiden;2006;6600;5532;710;242;468;358;189;169;424
7281;Totaal over alle leeftijden;Totaal bevolking;Muiden;2007;6575;5460;744;253;491;371;194;177;424
7282;Totaal over alle leeftijden;Totaal bevolking;Muiden;2008;6554;5405;761;259;502;388;212;176;424
7283;Totaal over alle leeftijden;Totaal bevolking;Muiden;2009;6528;5337;782;277;505;409;218;191;424
7284;Totaal over alle leeftijden;Totaal bevolking;Muiden;2010;6501;5268;797;282;515;436;228;208;424
7285;Totaal over alle leeftijden;Totaal bevolking;Muiden;2011;6470;5196;814;301;513;460;241;219;424
7286;Totaal over alle leeftijden;Totaal bevolking;Muiden;2012;6435;5131;823;308;515;481;253;228;424
7287;Totaal over alle leeftijden;Totaal bevolking;Muiden;2013;6410;5050;864;327;537;496;257;239;424
7288;Totaal over alle leeftijden;Totaal bevolking;Muiden;2014;6379;4965;895;355;540;519;271;248;424
7289;Totaal over alle leeftijden;Totaal bevolking;Muiden;2015;6337;4902;905;366;539;530;283;247;424
7290;Totaal over alle leeftijden;Totaal bevolking;Muiden;2016;6310;4833;912;370;542;565;309;256;424
7291;Totaal over alle leeftijden;Totaal bevolking;Muiden;2017;6268;4757;932;382;550;579;322;257;424
7292;Totaal over alle leeftijden;Totaal bevolking;Muiden;2018;6232;4679;950;393;557;603;338;265;424
7293;Totaal over alle leeftijden;Totaal bevolking;Muiden;2019;6199;4600;974;420;554;625;346;279;424
7294;Totaal over alle leeftijden;Totaal bevolking;Muiden;2020;6164;4519;1001;438;563;644;354;290;424
7295;Totaal over alle leeftijden;Totaal bevolking;Muiden;2021;6131;4426;1019;447;572;686;378;308;424
7296;Totaal over alle leeftijden;Totaal bevolking;Muiden;2022;6097;4342;1028;458;570;727;405;322;424
7297;Totaal over alle leeftijden;Totaal bevolking;Muiden;2023;6064;4252;1048;482;566;764;433;331;424
7298;Totaal over alle leeftijden;Totaal bevolking;Muiden;2024;6033;4184;1075;504;571;774;443;331;424
7299;Totaal over alle leeftijden;Totaal bevolking;Muiden;2025;6007;4102;1079;517;562;826;489;337;424
7300;Totaal over alle leeftijden;Totaal bevolking;Naarden;2006;16856;13765;2078;737;1341;1013;560;453;425
7301;Totaal over alle leeftijden;Totaal bevolking;Naarden;2007;16803;13672;2108;753;1355;1023;565;458;425
7302;Totaal over alle leeftijden;Totaal bevolking;Naarden;2008;16745;13584;2113;748;1365;1048;582;466;425
7303;Totaal over alle leeftijden;Totaal bevolking;Naarden;2009;16706;13488;2141;758;1383;1077;597;480;425
7304;Totaal over alle leeftijden;Totaal bevolking;Naarden;2010;16633;13366;2168;767;1401;1099;594;505;425
7305;Totaal over alle leeftijden;Totaal bevolking;Naarden;2011;16565;13239;2195;787;1408;1131;618;513;425
7306;Totaal over alle leeftijden;Totaal bevolking;Naarden;2012;16505;13134;2215;793;1422;1156;635;521;425
7307;Totaal over alle leeftijden;Totaal bevolking;Naarden;2013;16448;13006;2267;830;1437;1175;649;526;425
7308;Totaal over alle leeftijden;Totaal bevolking;Naarden;2014;16376;12888;2293;853;1440;1195;662;533;425
7309;Totaal over alle leeftijden;Totaal bevolking;Naarden;2015;16314;12784;2309;868;1441;1221;667;554;425
7310;Totaal over alle leeftijden;Totaal bevolking;Naarden;2016;16250;12653;2335;882;1453;1262;679;583;425
7311;Totaal over alle leeftijden;Totaal bevolking;Naarden;2017;16193;12529;2385;920;1465;1279;682;597;425
7312;Totaal over alle leeftijden;Totaal bevolking;Naarden;2018;16137;12432;2432;939;1493;1273;670;603;425
7313;Totaal over alle leeftijden;Totaal bevolking;Naarden;2019;16074;12329;2432;943;1489;1313;686;627;425
7314;Totaal over alle leeftijden;Totaal bevolking;Naarden;2020;16016;12194;2473;969;1504;1349;696;653;425
7315;Totaal over alle leeftijden;Totaal bevolking;Naarden;2021;15981;12071;2536;1009;1527;1374;702;672;425
7316;Totaal over alle leeftijden;Totaal bevolking;Naarden;2022;15941;12015;2539;1008;1531;1387;701;686;425
7317;Totaal over alle leeftijden;Totaal bevolking;Naarden;2023;15881;11854;2609;1048;1561;1418;721;697;425
7318;Totaal over alle leeftijden;Totaal bevolking;Naarden;2024;15849;11740;2643;1076;1567;1466;743;723;425
7319;Totaal over alle leeftijden;Totaal bevolking;Naarden;2025;15807;11631;2678;1085;1593;1498;768;730;425
7320;Totaal over alle leeftijden;Totaal bevolking;Neder-Betuwe;2006;22323;20864;1012;311;701;447;257;190;1740
7321;Totaal over alle leeftijden;Totaal bevolking;Neder-Betuwe;2007;22283;20760;1039;316;723;484;274;210;1740
7322;Totaal over alle leeftijden;Totaal bevolking;Neder-Betuwe;2008;22242;20650;1060;316;744;532;301;231;1740
7323;Totaal over alle leeftijden;Totaal bevolking;Neder-Betuwe;2009;22200;20546;1075;322;753;579;314;265;1740
7324;Totaal over alle leeftijden;Totaal bevolking;Neder-Betuwe;2010;22150;20428;1098;327;771;624;334;290;1740
7325;Totaal over alle leeftijden;Totaal bevolking;Neder-Betuwe;2011;22085;20304;1118;330;788;663;345;318;1740
7326;Totaal over alle leeftijden;Totaal bevolking;Neder-Betuwe;2012;22037;20207;1134;327;807;696;355;341;1740
7327;Totaal over alle leeftijden;Totaal bevolking;Neder-Betuwe;2013;21979;20079;1167;339;828;733;357;376;1740
7328;Totaal over alle leeftijden;Totaal bevolking;Neder-Betuwe;2014;21912;19962;1193;350;843;757;372;385;1740
7329;Totaal over alle leeftijden;Totaal bevolking;Neder-Betuwe;2015;21844;19871;1204;358;846;769;366;403;1740
7330;Totaal over alle leeftijden;Totaal bevolking;Neder-Betuwe;2016;21776;19774;1235;377;858;767;356;411;1740
7331;Totaal over alle leeftijden;Totaal bevolking;Neder-Betuwe;2017;21726;19674;1248;383;865;804;368;436;1740
7332;Totaal over alle leeftijden;Totaal bevolking;Neder-Betuwe;2018;21671;19589;1254;385;869;828;382;446;1740
7333;Totaal over alle leeftijden;Totaal bevolking;Neder-Betuwe;2019;21625;19493;1269;382;887;863;405;458;1740
7334;Totaal over alle leeftijden;Totaal bevolking;Neder-Betuwe;2020;21575;19407;1278;401;877;890;420;470;1740
7335;Totaal over alle leeftijden;Totaal bevolking;Neder-Betuwe;2021;21519;19309;1286;407;879;924;442;482;1740
7336;Totaal over alle leeftijden;Totaal bevolking;Neder-Betuwe;2022;21466;19228;1299;421;878;939;441;498;1740
7337;Totaal over alle leeftijden;Totaal bevolking;Neder-Betuwe;2023;21411;19125;1340;432;908;946;444;502;1740
7338;Totaal over alle leeftijden;Totaal bevolking;Neder-Betuwe;2024;21368;19040;1349;435;914;979;463;516;1740
7339;Totaal over alle leeftijden;Totaal bevolking;Neder-Betuwe;2025;21320;18948;1373;436;937;999;465;534;1740
7340;Totaal over alle leeftijden;Totaal bevolking;Nederlek;2006;14833;13616;819;290;529;398;244;154;643
7341;Totaal over alle leeftijden;Totaal bevolking;Nederlek;2007;14824;13557;847;296;551;420;249;171;643
7342;Totaal over alle leeftijden;Totaal bevolking;Nederlek;2008;14810;13476;885;311;574;449;262;187;643
7343;Totaal over alle leeftijden;Totaal bevolking;Nederlek;2009;14785;13378;916;319;597;491;287;204;643
7344;Totaal over alle leeftijden;Totaal bevolking;Nederlek;2010;14764;13306;926;321;605;532;313;219;643
7345;Totaal over alle leeftijden;Totaal bevolking;Nederlek;2011;14749;13205;958;335;623;586;341;245;643
7346;Totaal over alle leeftijden;Totaal bevolking;Nederlek;2012;14728;13130;987;349;638;611;346;265;643
7347;Totaal over alle leeftijden;Totaal bevolking;Nederlek;2013;14703;13052;1019;363;656;632;349;283;643
7348;Totaal over alle leeftijden;Totaal bevolking;Nederlek;2014;14679;12942;1076;381;695;661;360;301;643
7349;Totaal over alle leeftijden;Totaal bevolking;Nederlek;2015;14654;12872;1102;392;710;680;366;314;643
7350;Totaal over alle leeftijden;Totaal bevolking;Nederlek;2016;14630;12787;1125;409;716;718;392;326;643
7351;Totaal over alle leeftijden;Totaal bevolking;Nederlek;2017;14603;12689;1160;418;742;754;410;344;643
7352;Totaal over alle leeftijden;Totaal bevolking;Nederlek;2018;14567;12578;1196;424;772;793;431;362;643
7353;Totaal over alle leeftijden;Totaal bevolking;Nederlek;2019;14545;12493;1226;431;795;826;452;374;643
7354;Totaal over alle leeftijden;Totaal bevolking;Nederlek;2020;14534;12426;1252;439;813;856;465;391;643
7355;Totaal over alle leeftijden;Totaal bevolking;Nederlek;2021;14514;12335;1283;451;832;896;487;409;643
7356;Totaal over alle leeftijden;Totaal bevolking;Nederlek;2022;14480;12256;1303;457;846;921;504;417;643
7357;Totaal over alle leeftijden;Totaal bevolking;Nederlek;2023;14469;12170;1330;463;867;969;529;440;643
7358;Totaal over alle leeftijden;Totaal bevolking;Nederlek;2024;14437;12079;1350;477;873;1008;558;450;643
7359;Totaal over alle leeftijden;Totaal bevolking;Nederlek;2025;14407;12005;1369;483;886;1033;567;466;643
7360;Totaal over alle leeftijden;Totaal bevolking;Nederweert;2006;16733;15631;873;238;635;229;146;83;946
7361;Totaal over alle leeftijden;Totaal bevolking;Nederweert;2007;16853;15705;899;250;649;249;158;91;946
7362;Totaal over alle leeftijden;Totaal bevolking;Nederweert;2008;16917;15714;923;257;666;280;177;103;946
7363;Totaal over alle leeftijden;Totaal bevolking;Nederweert;2009;16978;15728;951;271;680;299;189;110;946
7364;Totaal over alle leeftijden;Totaal bevolking;Nederweert;2010;17030;15721;987;284;703;322;194;128;946
7365;Totaal over alle leeftijden;Totaal bevolking;Nederweert;2011;17079;15724;1003;295;708;352;212;140;946
7366;Totaal over alle leeftijden;Totaal bevolking;Nederweert;2012;17138;15735;1021;312;709;382;227;155;946
7367;Totaal over alle leeftijden;Totaal bevolking;Nederweert;2013;17192;15748;1037;332;705;407;237;170;946
7368;Totaal over alle leeftijden;Totaal bevolking;Nederweert;2014;17247;15742;1070;351;719;435;253;182;946
7369;Totaal over alle leeftijden;Totaal bevolking;Nederweert;2015;17287;15737;1104;374;730;446;259;187;946
7370;Totaal over alle leeftijden;Totaal bevolking;Nederweert;2016;17326;15728;1131;385;746;467;271;196;946
7371;Totaal over alle leeftijden;Totaal bevolking;Nederweert;2017;17366;15724;1155;395;760;487;276;211;946
7372;Totaal over alle leeftijden;Totaal bevolking;Nederweert;2018;17402;15730;1175;407;768;497;276;221;946
7373;Totaal over alle leeftijden;Totaal bevolking;Nederweert;2019;17442;15722;1195;420;775;525;279;246;946
7374;Totaal over alle leeftijden;Totaal bevolking;Nederweert;2020;17470;15687;1227;424;803;556;290;266;946
7375;Totaal over alle leeftijden;Totaal bevolking;Nederweert;2021;17494;15676;1230;427;803;588;309;279;946
7376;Totaal over alle leeftijden;Totaal bevolking;Nederweert;2022;17513;15648;1243;433;810;622;337;285;946
7377;Totaal over alle leeftijden;Totaal bevolking;Nederweert;2023;17536;15614;1276;450;826;646;347;299;946
7378;Totaal over alle leeftijden;Totaal bevolking;Nederweert;2024;17548;15579;1304;465;839;665;356;309;946
7379;Totaal over alle leeftijden;Totaal bevolking;Nederweert;2025;17562;15542;1329;484;845;691;372;319;946
7380;Totaal over alle leeftijden;Totaal bevolking;Neerijnen;2006;11768;10972;486;145;341;310;173;137;304
7381;Totaal over alle leeftijden;Totaal bevolking;Neerijnen;2007;11837;10993;524;162;362;320;184;136;304
7382;Totaal over alle leeftijden;Totaal bevolking;Neerijnen;2008;11863;10978;535;167;368;350;204;146;304
7383;Totaal over alle leeftijden;Totaal bevolking;Neerijnen;2009;11893;10958;563;168;395;372;215;157;304
7384;Totaal over alle leeftijden;Totaal bevolking;Neerijnen;2010;11909;10923;589;176;413;397;232;165;304
7385;Totaal over alle leeftijden;Totaal bevolking;Neerijnen;2011;11927;10891;617;194;423;419;240;179;304
7386;Totaal over alle leeftijden;Totaal bevolking;Neerijnen;2012;11942;10854;650;197;453;438;249;189;304
7387;Totaal over alle leeftijden;Totaal bevolking;Neerijnen;2013;11963;10817;676;208;468;470;263;207;304
7388;Totaal over alle leeftijden;Totaal bevolking;Neerijnen;2014;11962;10777;689;219;470;496;279;217;304
7389;Totaal over alle leeftijden;Totaal bevolking;Neerijnen;2015;11972;10744;708;229;479;520;290;230;304
7390;Totaal over alle leeftijden;Totaal bevolking;Neerijnen;2016;11980;10711;734;241;493;535;297;238;304
7391;Totaal over alle leeftijden;Totaal bevolking;Neerijnen;2017;11981;10680;756;261;495;545;308;237;304
7392;Totaal over alle leeftijden;Totaal bevolking;Neerijnen;2018;11991;10639;786;271;515;566;318;248;304
7393;Totaal over alle leeftijden;Totaal bevolking;Neerijnen;2019;11989;10609;804;282;522;576;323;253;304
7394;Totaal over alle leeftijden;Totaal bevolking;Neerijnen;2020;11987;10579;814;280;534;594;334;260;304
7395;Totaal over alle leeftijden;Totaal bevolking;Neerijnen;2021;11983;10537;832;281;551;614;345;269;304
7396;Totaal over alle leeftijden;Totaal bevolking;Neerijnen;2022;11973;10514;832;278;554;627;353;274;304
7397;Totaal over alle leeftijden;Totaal bevolking;Neerijnen;2023;11967;10477;838;280;558;652;372;280;304
7398;Totaal over alle leeftijden;Totaal bevolking;Neerijnen;2024;11963;10424;855;286;569;684;396;288;304
7399;Totaal over alle leeftijden;Totaal bevolking;Neerijnen;2025;11956;10370;868;292;576;718;415;303;304
7400;Totaal over alle leeftijden;Totaal bevolking;Niedorp;2006;12081;11168;614;228;386;299;184;115;412
7401;Totaal over alle leeftijden;Totaal bevolking;Niedorp;2007;12154;11183;644;232;412;327;205;122;412
7402;Totaal over alle leeftijden;Totaal bevolking;Niedorp;2008;12189;11150;677;248;429;362;220;142;412
7403;Totaal over alle leeftijden;Totaal bevolking;Niedorp;2009;12230;11129;698;255;443;403;241;162;412
7404;Totaal over alle leeftijden;Totaal bevolking;Niedorp;2010;12254;11099;730;262;468;425;248;177;412
7405;Totaal over alle leeftijden;Totaal bevolking;Niedorp;2011;12271;11061;745;274;471;465;269;196;412
7406;Totaal over alle leeftijden;Totaal bevolking;Niedorp;2012;12304;11021;793;293;500;490;290;200;412
7407;Totaal over alle leeftijden;Totaal bevolking;Niedorp;2013;12326;10963;828;297;531;535;311;224;412
7408;Totaal over alle leeftijden;Totaal bevolking;Niedorp;2014;12354;10918;868;308;560;568;330;238;412
7409;Totaal over alle leeftijden;Totaal bevolking;Niedorp;2015;12363;10886;887;316;571;590;332;258;412
7410;Totaal over alle leeftijden;Totaal bevolking;Niedorp;2016;12378;10845;915;327;588;618;339;279;412
7411;Totaal over alle leeftijden;Totaal bevolking;Niedorp;2017;12386;10785;950;334;616;651;352;299;412
7412;Totaal over alle leeftijden;Totaal bevolking;Niedorp;2018;12409;10762;967;347;620;680;366;314;412
7413;Totaal over alle leeftijden;Totaal bevolking;Niedorp;2019;12422;10715;1001;365;636;706;378;328;412
7414;Totaal over alle leeftijden;Totaal bevolking;Niedorp;2020;12435;10684;1021;373;648;730;386;344;412
7415;Totaal over alle leeftijden;Totaal bevolking;Niedorp;2021;12457;10624;1064;392;672;769;413;356;412
7416;Totaal over alle leeftijden;Totaal bevolking;Niedorp;2022;12461;10571;1099;409;690;791;418;373;412
7417;Totaal over alle leeftijden;Totaal bevolking;Niedorp;2023;12476;10533;1126;426;700;817;440;377;412
7418;Totaal over alle leeftijden;Totaal bevolking;Niedorp;2024;12485;10481;1162;437;725;842;448;394;412
7419;Totaal over alle leeftijden;Totaal bevolking;Niedorp;2025;12493;10467;1172;446;726;854;454;400;412
7420;Totaal over alle leeftijden;Totaal bevolking;Nieuwegein;2006;61616;48876;5712;2144;3568;7028;4025;3003;356
7421;Totaal over alle leeftijden;Totaal bevolking;Nieuwegein;2007;61649;48890;5564;2087;3477;7195;4035;3160;356
7422;Totaal over alle leeftijden;Totaal bevolking;Nieuwegein;2008;61720;48841;5482;2044;3438;7397;4084;3313;356
7423;Totaal over alle leeftijden;Totaal bevolking;Nieuwegein;2009;61805;48865;5410;2008;3402;7530;4080;3450;356
7424;Totaal over alle leeftijden;Totaal bevolking;Nieuwegein;2010;61759;48771;5330;1996;3334;7658;4093;3565;356
7425;Totaal over alle leeftijden;Totaal bevolking;Nieuwegein;2011;61719;48643;5245;1970;3275;7831;4112;3719;356
7426;Totaal over alle leeftijden;Totaal bevolking;Nieuwegein;2012;61694;48513;5177;1941;3236;8004;4127;3877;356
7427;Totaal over alle leeftijden;Totaal bevolking;Nieuwegein;2013;61656;48429;5095;1905;3190;8132;4144;3988;356
7428;Totaal over alle leeftijden;Totaal bevolking;Nieuwegein;2014;61615;48361;4996;1885;3111;8258;4159;4099;356
7429;Totaal over alle leeftijden;Totaal bevolking;Nieuwegein;2015;61590;48234;4948;1858;3090;8408;4171;4237;356
7430;Totaal over alle leeftijden;Totaal bevolking;Nieuwegein;2016;61577;48176;4890;1848;3042;8511;4179;4332;356
7431;Totaal over alle leeftijden;Totaal bevolking;Nieuwegein;2017;61569;48076;4898;1870;3028;8595;4189;4406;356
7432;Totaal over alle leeftijden;Totaal bevolking;Nieuwegein;2018;61567;48000;4860;1862;2998;8707;4190;4517;356
7433;Totaal over alle leeftijden;Totaal bevolking;Nieuwegein;2019;61547;47945;4843;1854;2989;8759;4138;4621;356
7434;Totaal over alle leeftijden;Totaal bevolking;Nieuwegein;2020;61531;47861;4842;1866;2976;8828;4120;4708;356
7435;Totaal over alle leeftijden;Totaal bevolking;Nieuwegein;2021;61539;47815;4804;1850;2954;8920;4140;4780;356
7436;Totaal over alle leeftijden;Totaal bevolking;Nieuwegein;2022;61527;47750;4773;1838;2935;9004;4122;4882;356
7437;Totaal over alle leeftijden;Totaal bevolking;Nieuwegein;2023;61551;47723;4729;1814;2915;9099;4108;4991;356
7438;Totaal over alle leeftijden;Totaal bevolking;Nieuwegein;2024;61533;47666;4664;1771;2893;9203;4122;5081;356
7439;Totaal over alle leeftijden;Totaal bevolking;Nieuwegein;2025;61549;47680;4615;1748;2867;9254;4100;5154;356
7440;Totaal over alle leeftijden;Totaal bevolking;Nieuwerkerk aan den IJssel;2006;22275;19364;1505;523;982;1406;757;649;567
7441;Totaal over alle leeftijden;Totaal bevolking;Nieuwerkerk aan den IJssel;2007;22232;19264;1531;533;998;1437;779;658;567
7442;Totaal over alle leeftijden;Totaal bevolking;Nieuwerkerk aan den IJssel;2008;22170;19158;1551;534;1017;1461;793;668;567
7443;Totaal over alle leeftijden;Totaal bevolking;Nieuwerkerk aan den IJssel;2009;22109;19027;1588;549;1039;1494;803;691;567
7444;Totaal over alle leeftijden;Totaal bevolking;Nieuwerkerk aan den IJssel;2010;22051;18904;1611;556;1055;1536;834;702;567
7445;Totaal over alle leeftijden;Totaal bevolking;Nieuwerkerk aan den IJssel;2011;21985;18802;1624;573;1051;1559;848;711;567
7446;Totaal over alle leeftijden;Totaal bevolking;Nieuwerkerk aan den IJssel;2012;21907;18673;1651;580;1071;1583;867;716;567
7447;Totaal over alle leeftijden;Totaal bevolking;Nieuwerkerk aan den IJssel;2013;21847;18556;1693;596;1097;1598;885;713;567
7448;Totaal over alle leeftijden;Totaal bevolking;Nieuwerkerk aan den IJssel;2014;21789;18435;1713;602;1111;1641;912;729;567
7449;Totaal over alle leeftijden;Totaal bevolking;Nieuwerkerk aan den IJssel;2015;21725;18321;1731;607;1124;1673;927;746;567
7450;Totaal over alle leeftijden;Totaal bevolking;Nieuwerkerk aan den IJssel;2016;21665;18198;1756;615;1141;1711;943;768;567
7451;Totaal over alle leeftijden;Totaal bevolking;Nieuwerkerk aan den IJssel;2017;21598;18086;1776;631;1145;1736;947;789;567
7452;Totaal over alle leeftijden;Totaal bevolking;Nieuwerkerk aan den IJssel;2018;21552;17983;1807;640;1167;1762;959;803;567
7453;Totaal over alle leeftijden;Totaal bevolking;Nieuwerkerk aan den IJssel;2019;21496;17895;1825;644;1181;1776;970;806;567
7454;Totaal over alle leeftijden;Totaal bevolking;Nieuwerkerk aan den IJssel;2020;21453;17801;1833;655;1178;1819;992;827;567
7455;Totaal over alle leeftijden;Totaal bevolking;Nieuwerkerk aan den IJssel;2021;21399;17689;1874;670;1204;1836;992;844;567
7456;Totaal over alle leeftijden;Totaal bevolking;Nieuwerkerk aan den IJssel;2022;21361;17610;1886;674;1212;1865;1004;861;567
7457;Totaal over alle leeftijden;Totaal bevolking;Nieuwerkerk aan den IJssel;2023;21299;17504;1909;685;1224;1886;1005;881;567
7458;Totaal over alle leeftijden;Totaal bevolking;Nieuwerkerk aan den IJssel;2024;21239;17406;1943;695;1248;1890;999;891;567
7459;Totaal over alle leeftijden;Totaal bevolking;Nieuwerkerk aan den IJssel;2025;21190;17311;1961;704;1257;1918;1010;908;567
7460;Totaal over alle leeftijden;Totaal bevolking;Nieuwkoop;2006;11307;10167;629;219;410;511;265;246;569
7461;Totaal over alle leeftijden;Totaal bevolking;Nieuwkoop;2007;11367;10150;660;219;441;557;288;269;569
7462;Totaal over alle leeftijden;Totaal bevolking;Nieuwkoop;2008;11379;10112;683;233;450;584;299;285;569
7463;Totaal over alle leeftijden;Totaal bevolking;Nieuwkoop;2009;11375;10071;689;232;457;615;318;297;569
7464;Totaal over alle leeftijden;Totaal bevolking;Nieuwkoop;2010;11394;10024;722;250;472;648;338;310;569
7465;Totaal over alle leeftijden;Totaal bevolking;Nieuwkoop;2011;11404;9987;758;262;496;659;345;314;569
7466;Totaal over alle leeftijden;Totaal bevolking;Nieuwkoop;2012;11408;9939;782;276;506;687;359;328;569
7467;Totaal over alle leeftijden;Totaal bevolking;Nieuwkoop;2013;11410;9880;819;294;525;711;370;341;569
7468;Totaal over alle leeftijden;Totaal bevolking;Nieuwkoop;2014;11407;9834;847;302;545;726;385;341;569
7469;Totaal over alle leeftijden;Totaal bevolking;Nieuwkoop;2015;11405;9753;900;324;576;752;402;350;569
7470;Totaal over alle leeftijden;Totaal bevolking;Nieuwkoop;2016;11413;9720;926;336;590;767;412;355;569
7471;Totaal over alle leeftijden;Totaal bevolking;Nieuwkoop;2017;11426;9672;968;351;617;786;424;362;569
7472;Totaal over alle leeftijden;Totaal bevolking;Nieuwkoop;2018;11429;9633;1003;367;636;793;425;368;569
7473;Totaal over alle leeftijden;Totaal bevolking;Nieuwkoop;2019;11426;9571;1034;383;651;821;445;376;569
7474;Totaal over alle leeftijden;Totaal bevolking;Nieuwkoop;2020;11432;9531;1063;393;670;838;449;389;569
7475;Totaal over alle leeftijden;Totaal bevolking;Nieuwkoop;2021;11436;9470;1113;414;699;853;453;400;569
7476;Totaal over alle leeftijden;Totaal bevolking;Nieuwkoop;2022;11445;9428;1148;440;708;869;467;402;569
7477;Totaal over alle leeftijden;Totaal bevolking;Nieuwkoop;2023;11436;9412;1165;448;717;859;458;401;569
7478;Totaal over alle leeftijden;Totaal bevolking;Nieuwkoop;2024;11432;9360;1191;453;738;881;465;416;569
7479;Totaal over alle leeftijden;Totaal bevolking;Nieuwkoop;2025;11418;9283;1209;459;750;926;494;432;569
7480;Totaal over alle leeftijden;Totaal bevolking;Nieuw-Lekkerland;2006;9795;9042;481;159;322;272;164;108;571
7481;Totaal over alle leeftijden;Totaal bevolking;Nieuw-Lekkerland;2007;9853;9022;525;179;346;306;184;122;571
7482;Totaal over alle leeftijden;Totaal bevolking;Nieuw-Lekkerland;2008;9869;8983;552;191;361;334;198;136;571
7483;Totaal over alle leeftijden;Totaal bevolking;Nieuw-Lekkerland;2009;9882;8946;575;202;373;361;215;146;571
7484;Totaal over alle leeftijden;Totaal bevolking;Nieuw-Lekkerland;2010;9913;8905;617;216;401;391;230;161;571
7485;Totaal over alle leeftijden;Totaal bevolking;Nieuw-Lekkerland;2011;9922;8855;649;224;425;418;235;183;571
7486;Totaal over alle leeftijden;Totaal bevolking;Nieuw-Lekkerland;2012;9935;8802;692;236;456;441;243;198;571
7487;Totaal over alle leeftijden;Totaal bevolking;Nieuw-Lekkerland;2013;9940;8752;717;249;468;471;252;219;571
7488;Totaal over alle leeftijden;Totaal bevolking;Nieuw-Lekkerland;2014;9944;8706;739;251;488;499;261;238;571
7489;Totaal over alle leeftijden;Totaal bevolking;Nieuw-Lekkerland;2015;9964;8675;759;258;501;530;280;250;571
7490;Totaal over alle leeftijden;Totaal bevolking;Nieuw-Lekkerland;2016;9981;8625;803;276;527;553;287;266;571
7491;Totaal over alle leeftijden;Totaal bevolking;Nieuw-Lekkerland;2017;9998;8584;840;289;551;574;293;281;571
7492;Totaal over alle leeftijden;Totaal bevolking;Nieuw-Lekkerland;2018;10017;8546;873;310;563;598;302;296;571
7493;Totaal over alle leeftijden;Totaal bevolking;Nieuw-Lekkerland;2019;10023;8490;914;329;585;619;310;309;571
7494;Totaal over alle leeftijden;Totaal bevolking;Nieuw-Lekkerland;2020;10026;8453;936;336;600;637;319;318;571
7495;Totaal over alle leeftijden;Totaal bevolking;Nieuw-Lekkerland;2021;10037;8412;969;355;614;656;332;324;571
7496;Totaal over alle leeftijden;Totaal bevolking;Nieuw-Lekkerland;2022;10037;8367;994;369;625;676;339;337;571
7497;Totaal over alle leeftijden;Totaal bevolking;Nieuw-Lekkerland;2023;10030;8321;1013;380;633;696;353;343;571
7498;Totaal over alle leeftijden;Totaal bevolking;Nieuw-Lekkerland;2024;10035;8275;1037;388;649;723;362;361;571
7499;Totaal over alle leeftijden;Totaal bevolking;Nieuw-Lekkerland;2025;10029;8209;1057;387;670;763;373;390;571
7500;Totaal over alle leeftijden;Totaal bevolking;Nijefurd;2006;10917;10208;524;198;326;185;123;62;104
7501;Totaal over alle leeftijden;Totaal bevolking;Nijefurd;2007;10987;10214;557;209;348;216;139;77;104
7502;Totaal over alle leeftijden;Totaal bevolking;Nijefurd;2008;11017;10189;588;224;364;240;155;85;104
7503;Totaal over alle leeftijden;Totaal bevolking;Nijefurd;2009;11038;10153;605;240;365;280;185;95;104
7504;Totaal over alle leeftijden;Totaal bevolking;Nijefurd;2010;11060;10129;628;246;382;303;204;99;104
7505;Totaal over alle leeftijden;Totaal bevolking;Nijefurd;2011;11077;10117;635;248;387;325;219;106;104
7506;Totaal over alle leeftijden;Totaal bevolking;Nijefurd;2012;11097;10113;651;260;391;333;225;108;104
7507;Totaal over alle leeftijden;Totaal bevolking;Nijefurd;2013;11121;10080;681;272;409;360;243;117;104
7508;Totaal over alle leeftijden;Totaal bevolking;Nijefurd;2014;11139;10068;685;277;408;386;254;132;104
7509;Totaal over alle leeftijden;Totaal bevolking;Nijefurd;2015;11158;10054;695;283;412;409;265;144;104
7510;Totaal over alle leeftijden;Totaal bevolking;Nijefurd;2016;11183;10050;703;282;421;430;271;159;104
7511;Totaal over alle leeftijden;Totaal bevolking;Nijefurd;2017;11199;10039;717;289;428;443;274;169;104
7512;Totaal over alle leeftijden;Totaal bevolking;Nijefurd;2018;11223;10038;729;302;427;456;271;185;104
7513;Totaal over alle leeftijden;Totaal bevolking;Nijefurd;2019;11235;9993;749;312;437;493;292;201;104
7514;Totaal over alle leeftijden;Totaal bevolking;Nijefurd;2020;11251;9961;767;320;447;523;320;203;104
7515;Totaal over alle leeftijden;Totaal bevolking;Nijefurd;2021;11269;9928;806;341;465;535;326;209;104
7516;Totaal over alle leeftijden;Totaal bevolking;Nijefurd;2022;11280;9903;820;347;473;557;343;214;104
7517;Totaal over alle leeftijden;Totaal bevolking;Nijefurd;2023;11291;9886;838;368;470;567;341;226;104
7518;Totaal over alle leeftijden;Totaal bevolking;Nijefurd;2024;11301;9853;849;368;481;599;368;231;104
7519;Totaal over alle leeftijden;Totaal bevolking;Nijefurd;2025;11317;9814;882;379;503;621;381;240;104
7520;Totaal over alle leeftijden;Totaal bevolking;Nijkerk;2006;38545;34891;1752;608;1144;1902;1168;734;267
7521;Totaal over alle leeftijden;Totaal bevolking;Nijkerk;2007;38623;34891;1775;608;1167;1957;1199;758;267
7522;Totaal over alle leeftijden;Totaal bevolking;Nijkerk;2008;38631;34866;1813;624;1189;1952;1191;761;267
7523;Totaal over alle leeftijden;Totaal bevolking;Nijkerk;2009;38639;34799;1828;628;1200;2012;1236;776;267
7524;Totaal over alle leeftijden;Totaal bevolking;Nijkerk;2010;38651;34711;1876;660;1216;2064;1268;796;267
7525;Totaal over alle leeftijden;Totaal bevolking;Nijkerk;2011;38639;34634;1911;688;1223;2094;1286;808;267
7526;Totaal over alle leeftijden;Totaal bevolking;Nijkerk;2012;38641;34559;1947;706;1241;2135;1302;833;267
7527;Totaal over alle leeftijden;Totaal bevolking;Nijkerk;2013;38629;34504;1974;722;1252;2151;1309;842;267
7528;Totaal over alle leeftijden;Totaal bevolking;Nijkerk;2014;38626;34451;1996;742;1254;2179;1320;859;267
7529;Totaal over alle leeftijden;Totaal bevolking;Nijkerk;2015;38614;34409;2010;743;1267;2195;1334;861;267
7530;Totaal over alle leeftijden;Totaal bevolking;Nijkerk;2016;38610;34380;2014;767;1247;2216;1359;857;267
7531;Totaal over alle leeftijden;Totaal bevolking;Nijkerk;2017;38607;34315;2038;785;1253;2254;1382;872;267
7532;Totaal over alle leeftijden;Totaal bevolking;Nijkerk;2018;38607;34227;2091;828;1263;2289;1394;895;267
7533;Totaal over alle leeftijden;Totaal bevolking;Nijkerk;2019;38587;34152;2134;859;1275;2301;1406;895;267
7534;Totaal over alle leeftijden;Totaal bevolking;Nijkerk;2020;38578;34067;2180;880;1300;2331;1430;901;267
7535;Totaal over alle leeftijden;Totaal bevolking;Nijkerk;2021;38550;34002;2202;901;1301;2346;1447;899;267
7536;Totaal over alle leeftijden;Totaal bevolking;Nijkerk;2022;38536;33933;2241;924;1317;2362;1448;914;267
7537;Totaal over alle leeftijden;Totaal bevolking;Nijkerk;2023;38518;33881;2258;942;1316;2379;1459;920;267
7538;Totaal over alle leeftijden;Totaal bevolking;Nijkerk;2024;38505;33797;2308;977;1331;2400;1472;928;267
7539;Totaal over alle leeftijden;Totaal bevolking;Nijkerk;2025;38495;33701;2348;1009;1339;2446;1496;950;267
7540;Totaal over alle leeftijden;Totaal bevolking;Nijmegen;2006;158437;120917;18395;7080;11315;19125;11536;7589;268
7541;Totaal over alle leeftijden;Totaal bevolking;Nijmegen;2007;159156;121721;18176;6870;11306;19259;11401;7858;268
7542;Totaal over alle leeftijden;Totaal bevolking;Nijmegen;2008;159981;122596;17963;6681;11282;19422;11251;8171;268
7543;Totaal over alle leeftijden;Totaal bevolking;Nijmegen;2009;160850;123487;17818;6572;11246;19545;11088;8457;268
7544;Totaal over alle leeftijden;Totaal bevolking;Nijmegen;2010;161749;124465;17612;6397;11215;19672;10937;8735;268
7545;Totaal over alle leeftijden;Totaal bevolking;Nijmegen;2011;162666;125416;17460;6298;11162;19790;10871;8919;268
7546;Totaal over alle leeftijden;Totaal bevolking;Nijmegen;2012;163564;126296;17301;6200;11101;19967;10817;9150;268
7547;Totaal over alle leeftijden;Totaal bevolking;Nijmegen;2013;164467;127093;17275;6207;11068;20099;10736;9363;268
7548;Totaal over alle leeftijden;Totaal bevolking;Nijmegen;2014;165359;127954;17161;6154;11007;20244;10684;9560;268
7549;Totaal over alle leeftijden;Totaal bevolking;Nijmegen;2015;166187;128753;17090;6094;10996;20344;10629;9715;268
7550;Totaal over alle leeftijden;Totaal bevolking;Nijmegen;2016;166981;129567;16976;6076;10900;20438;10527;9911;268
7551;Totaal over alle leeftijden;Totaal bevolking;Nijmegen;2017;167773;130219;16928;6082;10846;20626;10503;10123;268
7552;Totaal over alle leeftijden;Totaal bevolking;Nijmegen;2018;168518;130970;16832;6024;10808;20716;10434;10282;268
7553;Totaal over alle leeftijden;Totaal bevolking;Nijmegen;2019;169201;131663;16713;5971;10742;20825;10392;10433;268
7554;Totaal over alle leeftijden;Totaal bevolking;Nijmegen;2020;169875;132322;16564;5902;10662;20989;10382;10607;268
7555;Totaal over alle leeftijden;Totaal bevolking;Nijmegen;2021;170491;132922;16433;5837;10596;21136;10360;10776;268
7556;Totaal over alle leeftijden;Totaal bevolking;Nijmegen;2022;171082;133559;16287;5751;10536;21236;10349;10887;268
7557;Totaal over alle leeftijden;Totaal bevolking;Nijmegen;2023;171617;134122;16174;5685;10489;21321;10349;10972;268
7558;Totaal over alle leeftijden;Totaal bevolking;Nijmegen;2024;172127;134626;16008;5617;10391;21493;10379;11114;268
7559;Totaal over alle leeftijden;Totaal bevolking;Nijmegen;2025;172600;135143;15876;5570;10306;21581;10337;11244;268
7560;Totaal over alle leeftijden;Totaal bevolking;Noord-Beveland;2006;7075;6324;553;291;262;198;128;70;1695
7561;Totaal over alle leeftijden;Totaal bevolking;Noord-Beveland;2007;7073;6259;575;301;274;239;154;85;1695
7562;Totaal over alle leeftijden;Totaal bevolking;Noord-Beveland;2008;7060;6212;589;305;284;259;165;94;1695
7563;Totaal over alle leeftijden;Totaal bevolking;Noord-Beveland;2009;7034;6138;606;304;302;290;184;106;1695
7564;Totaal over alle leeftijden;Totaal bevolking;Noord-Beveland;2010;7010;6076;613;301;312;321;198;123;1695
7565;Totaal over alle leeftijden;Totaal bevolking;Noord-Beveland;2011;6993;6015;626;309;317;352;218;134;1695
7566;Totaal over alle leeftijden;Totaal bevolking;Noord-Beveland;2012;6963;5955;636;310;326;372;230;142;1695
7567;Totaal over alle leeftijden;Totaal bevolking;Noord-Beveland;2013;6942;5877;668;321;347;397;246;151;1695
7568;Totaal over alle leeftijden;Totaal bevolking;Noord-Beveland;2014;6912;5785;703;334;369;424;269;155;1695
7569;Totaal over alle leeftijden;Totaal bevolking;Noord-Beveland;2015;6882;5726;714;339;375;442;272;170;1695
7570;Totaal over alle leeftijden;Totaal bevolking;Noord-Beveland;2016;6849;5671;729;337;392;449;272;177;1695
7571;Totaal over alle leeftijden;Totaal bevolking;Noord-Beveland;2017;6808;5611;740;340;400;457;278;179;1695
7572;Totaal over alle leeftijden;Totaal bevolking;Noord-Beveland;2018;6776;5559;751;336;415;466;275;191;1695
7573;Totaal over alle leeftijden;Totaal bevolking;Noord-Beveland;2019;6738;5490;774;340;434;474;277;197;1695
7574;Totaal over alle leeftijden;Totaal bevolking;Noord-Beveland;2020;6710;5450;783;341;442;477;280;197;1695
7575;Totaal over alle leeftijden;Totaal bevolking;Noord-Beveland;2021;6673;5392;788;334;454;493;285;208;1695
7576;Totaal over alle leeftijden;Totaal bevolking;Noord-Beveland;2022;6639;5338;792;339;453;509;282;227;1695
7577;Totaal over alle leeftijden;Totaal bevolking;Noord-Beveland;2023;6606;5270;807;350;457;529;291;238;1695
7578;Totaal over alle leeftijden;Totaal bevolking;Noord-Beveland;2024;6584;5210;830;362;468;544;298;246;1695
7579;Totaal over alle leeftijden;Totaal bevolking;Noord-Beveland;2025;6551;5165;830;369;461;556;297;259;1695
7580;Totaal over alle leeftijden;Totaal bevolking;Noordenveld;2006;32125;29599;1555;671;884;971;694;277;1699
7581;Totaal over alle leeftijden;Totaal bevolking;Noordenveld;2007;32040;29493;1574;674;900;973;684;289;1699
7582;Totaal over alle leeftijden;Totaal bevolking;Noordenveld;2008;32050;29446;1607;679;928;997;704;293;1699
7583;Totaal over alle leeftijden;Totaal bevolking;Noordenveld;2009;32060;29433;1618;674;944;1009;702;307;1699
7584;Totaal over alle leeftijden;Totaal bevolking;Noordenveld;2010;32103;29428;1637;682;955;1038;720;318;1699
7585;Totaal over alle leeftijden;Totaal bevolking;Noordenveld;2011;32136;29438;1626;685;941;1072;739;333;1699
7586;Totaal over alle leeftijden;Totaal bevolking;Noordenveld;2012;32177;29397;1662;700;962;1118;760;358;1699
7587;Totaal over alle leeftijden;Totaal bevolking;Noordenveld;2013;32209;29368;1683;706;977;1158;774;384;1699
7588;Totaal over alle leeftijden;Totaal bevolking;Noordenveld;2014;32255;29356;1723;720;1003;1176;768;408;1699
7589;Totaal over alle leeftijden;Totaal bevolking;Noordenveld;2015;32319;29348;1759;745;1014;1212;787;425;1699
7590;Totaal over alle leeftijden;Totaal bevolking;Noordenveld;2016;32386;29359;1797;769;1028;1230;799;431;1699
7591;Totaal over alle leeftijden;Totaal bevolking;Noordenveld;2017;32447;29342;1841;794;1047;1264;816;448;1699
7592;Totaal over alle leeftijden;Totaal bevolking;Noordenveld;2018;32506;29315;1874;823;1051;1317;851;466;1699
7593;Totaal over alle leeftijden;Totaal bevolking;Noordenveld;2019;32566;29316;1899;833;1066;1351;870;481;1699
7594;Totaal over alle leeftijden;Totaal bevolking;Noordenveld;2020;32635;29266;1975;864;1111;1394;876;518;1699
7595;Totaal over alle leeftijden;Totaal bevolking;Noordenveld;2021;32694;29225;2028;882;1146;1441;903;538;1699
7596;Totaal over alle leeftijden;Totaal bevolking;Noordenveld;2022;32763;29200;2075;904;1171;1488;928;560;1699
7597;Totaal over alle leeftijden;Totaal bevolking;Noordenveld;2023;32821;29170;2123;928;1195;1528;942;586;1699
7598;Totaal over alle leeftijden;Totaal bevolking;Noordenveld;2024;32875;29105;2184;965;1219;1586;974;612;1699
7599;Totaal over alle leeftijden;Totaal bevolking;Noordenveld;2025;32935;29049;2239;995;1244;1647;1011;636;1699
7600;Totaal over alle leeftijden;Totaal bevolking;Noorder-Koggenland;2006;10611;9586;739;230;509;286;166;120;529
7601;Totaal over alle leeftijden;Totaal bevolking;Noorder-Koggenland;2007;10605;9497;789;251;538;319;183;136;529
7602;Totaal over alle leeftijden;Totaal bevolking;Noorder-Koggenland;2008;10594;9429;825;271;554;340;195;145;529
7603;Totaal over alle leeftijden;Totaal bevolking;Noorder-Koggenland;2009;10587;9338;872;291;581;377;212;165;529
7604;Totaal over alle leeftijden;Totaal bevolking;Noorder-Koggenland;2010;10557;9234;904;306;598;419;239;180;529
7605;Totaal over alle leeftijden;Totaal bevolking;Noorder-Koggenland;2011;10534;9160;916;314;602;458;255;203;529
7606;Totaal over alle leeftijden;Totaal bevolking;Noorder-Koggenland;2012;10501;9073;928;322;606;500;287;213;529
7607;Totaal over alle leeftijden;Totaal bevolking;Noorder-Koggenland;2013;10476;8992;943;335;608;541;306;235;529
7608;Totaal over alle leeftijden;Totaal bevolking;Noorder-Koggenland;2014;10448;8891;967;348;619;590;333;257;529
7609;Totaal over alle leeftijden;Totaal bevolking;Noorder-Koggenland;2015;10418;8803;999;363;636;616;337;279;529
7610;Totaal over alle leeftijden;Totaal bevolking;Noorder-Koggenland;2016;10397;8717;1022;363;659;658;364;294;529
7611;Totaal over alle leeftijden;Totaal bevolking;Noorder-Koggenland;2017;10371;8633;1039;383;656;699;380;319;529
7612;Totaal over alle leeftijden;Totaal bevolking;Noorder-Koggenland;2018;10347;8561;1065;393;672;721;390;331;529
7613;Totaal over alle leeftijden;Totaal bevolking;Noorder-Koggenland;2019;10326;8473;1106;411;695;747;399;348;529
7614;Totaal over alle leeftijden;Totaal bevolking;Noorder-Koggenland;2020;10308;8404;1121;408;713;783;413;370;529
7615;Totaal over alle leeftijden;Totaal bevolking;Noorder-Koggenland;2021;10278;8339;1142;422;720;797;421;376;529
7616;Totaal over alle leeftijden;Totaal bevolking;Noorder-Koggenland;2022;10254;8267;1160;433;727;827;432;395;529
7617;Totaal over alle leeftijden;Totaal bevolking;Noorder-Koggenland;2023;10228;8185;1200;452;748;843;440;403;529
7618;Totaal over alle leeftijden;Totaal bevolking;Noorder-Koggenland;2024;10218;8113;1224;465;759;881;454;427;529
7619;Totaal over alle leeftijden;Totaal bevolking;Noorder-Koggenland;2025;10196;8065;1240;459;781;891;455;436;529
7620;Totaal over alle leeftijden;Totaal bevolking;Noordoostpolder;2006;45709;40684;2303;1024;1279;2722;1705;1017;171
7621;Totaal over alle leeftijden;Totaal bevolking;Noordoostpolder;2007;45779;40579;2376;1072;1304;2824;1753;1071;171
7622;Totaal over alle leeftijden;Totaal bevolking;Noordoostpolder;2008;45775;40408;2445;1132;1313;2922;1799;1123;171
7623;Totaal over alle leeftijden;Totaal bevolking;Noordoostpolder;2009;45767;40214;2521;1206;1315;3032;1880;1152;171
7624;Totaal over alle leeftijden;Totaal bevolking;Noordoostpolder;2010;45746;40025;2592;1261;1331;3129;1922;1207;171
7625;Totaal over alle leeftijden;Totaal bevolking;Noordoostpolder;2011;45729;39828;2684;1341;1343;3217;1950;1267;171
7626;Totaal over alle leeftijden;Totaal bevolking;Noordoostpolder;2012;45724;39641;2785;1437;1348;3298;1989;1309;171
7627;Totaal over alle leeftijden;Totaal bevolking;Noordoostpolder;2013;45697;39434;2877;1535;1342;3386;2031;1355;171
7628;Totaal over alle leeftijden;Totaal bevolking;Noordoostpolder;2014;45689;39219;2991;1625;1366;3479;2070;1409;171
7629;Totaal over alle leeftijden;Totaal bevolking;Noordoostpolder;2015;45678;39034;3085;1714;1371;3559;2105;1454;171
7630;Totaal over alle leeftijden;Totaal bevolking;Noordoostpolder;2016;45656;38818;3209;1822;1387;3629;2144;1485;171
7631;Totaal over alle leeftijden;Totaal bevolking;Noordoostpolder;2017;45642;38616;3305;1909;1396;3721;2206;1515;171
7632;Totaal over alle leeftijden;Totaal bevolking;Noordoostpolder;2018;45638;38425;3392;1983;1409;3821;2246;1575;171
7633;Totaal over alle leeftijden;Totaal bevolking;Noordoostpolder;2019;45631;38224;3462;2043;1419;3945;2279;1666;171
7634;Totaal over alle leeftijden;Totaal bevolking;Noordoostpolder;2020;45613;38002;3564;2119;1445;4047;2343;1704;171
7635;Totaal over alle leeftijden;Totaal bevolking;Noordoostpolder;2021;45618;37827;3648;2192;1456;4143;2391;1752;171
7636;Totaal over alle leeftijden;Totaal bevolking;Noordoostpolder;2022;45616;37623;3706;2242;1464;4287;2469;1818;171
7637;Totaal over alle leeftijden;Totaal bevolking;Noordoostpolder;2023;45611;37471;3772;2318;1454;4368;2508;1860;171
7638;Totaal over alle leeftijden;Totaal bevolking;Noordoostpolder;2024;45590;37272;3845;2388;1457;4473;2557;1916;171
7639;Totaal over alle leeftijden;Totaal bevolking;Noordoostpolder;2025;45576;37118;3929;2466;1463;4529;2600;1929;171
7640;Totaal over alle leeftijden;Totaal bevolking;Noordwijk;2006;24920;21523;2347;1112;1235;1050;625;425;575
7641;Totaal over alle leeftijden;Totaal bevolking;Noordwijk;2007;25246;21608;2481;1187;1294;1157;697;460;575
7642;Totaal over alle leeftijden;Totaal bevolking;Noordwijk;2008;25641;21765;2610;1285;1325;1266;767;499;575
7643;Totaal over alle leeftijden;Totaal bevolking;Noordwijk;2009;26080;21921;2776;1405;1371;1383;860;523;575
7644;Totaal over alle leeftijden;Totaal bevolking;Noordwijk;2010;26547;22071;2951;1554;1397;1525;948;577;575
7645;Totaal over alle leeftijden;Totaal bevolking;Noordwijk;2011;27002;22215;3137;1722;1415;1650;1020;630;575
7646;Totaal over alle leeftijden;Totaal bevolking;Noordwijk;2012;27457;22298;3363;1920;1443;1796;1117;679;575
7647;Totaal over alle leeftijden;Totaal bevolking;Noordwijk;2013;27922;22437;3550;2077;1473;1935;1200;735;575
7648;Totaal over alle leeftijden;Totaal bevolking;Noordwijk;2014;28369;22573;3734;2237;1497;2062;1276;786;575
7649;Totaal over alle leeftijden;Totaal bevolking;Noordwijk;2015;28812;22648;3965;2413;1552;2199;1354;845;575
7650;Totaal over alle leeftijden;Totaal bevolking;Noordwijk;2016;29247;22763;4162;2602;1560;2322;1418;904;575
7651;Totaal over alle leeftijden;Totaal bevolking;Noordwijk;2017;29671;22839;4376;2763;1613;2456;1486;970;575
7652;Totaal over alle leeftijden;Totaal bevolking;Noordwijk;2018;30081;22930;4580;2930;1650;2571;1559;1012;575
7653;Totaal over alle leeftijden;Totaal bevolking;Noordwijk;2019;30483;23026;4785;3084;1701;2672;1610;1062;575
7654;Totaal over alle leeftijden;Totaal bevolking;Noordwijk;2020;30881;23109;4974;3223;1751;2798;1679;1119;575
7655;Totaal over alle leeftijden;Totaal bevolking;Noordwijk;2021;31266;23177;5168;3352;1816;2921;1737;1184;575
7656;Totaal over alle leeftijden;Totaal bevolking;Noordwijk;2022;31624;23245;5349;3482;1867;3030;1793;1237;575
7657;Totaal over alle leeftijden;Totaal bevolking;Noordwijk;2023;31971;23300;5518;3577;1941;3153;1860;1293;575
7658;Totaal over alle leeftijden;Totaal bevolking;Noordwijk;2024;32290;23405;5631;3642;1989;3254;1893;1361;575
7659;Totaal over alle leeftijden;Totaal bevolking;Noordwijk;2025;32605;23473;5752;3705;2047;3380;1954;1426;575
7660;Totaal over alle leeftijden;Totaal bevolking;Noordwijkerhout;2006;15309;13646;1171;534;637;492;312;180;576
7661;Totaal over alle leeftijden;Totaal bevolking;Noordwijkerhout;2007;15429;13692;1198;547;651;539;348;191;576
7662;Totaal over alle leeftijden;Totaal bevolking;Noordwijkerhout;2008;15584;13760;1244;565;679;580;370;210;576
7663;Totaal over alle leeftijden;Totaal bevolking;Noordwijkerhout;2009;15732;13815;1284;592;692;633;406;227;576
7664;Totaal over alle leeftijden;Totaal bevolking;Noordwijkerhout;2010;15888;13882;1331;611;720;675;434;241;576
7665;Totaal over alle leeftijden;Totaal bevolking;Noordwijkerhout;2011;16050;13951;1397;646;751;702;451;251;576
7666;Totaal over alle leeftijden;Totaal bevolking;Noordwijkerhout;2012;16217;14022;1448;666;782;747;475;272;576
7667;Totaal over alle leeftijden;Totaal bevolking;Noordwijkerhout;2013;16384;14055;1520;711;809;809;517;292;576
7668;Totaal over alle leeftijden;Totaal bevolking;Noordwijkerhout;2014;16540;14100;1596;749;847;844;536;308;576
7669;Totaal over alle leeftijden;Totaal bevolking;Noordwijkerhout;2015;16709;14147;1666;797;869;896;559;337;576
7670;Totaal over alle leeftijden;Totaal bevolking;Noordwijkerhout;2016;16846;14213;1708;821;887;925;576;349;576
7671;Totaal over alle leeftijden;Totaal bevolking;Noordwijkerhout;2017;16989;14263;1763;851;912;963;601;362;576
7672;Totaal over alle leeftijden;Totaal bevolking;Noordwijkerhout;2018;17130;14307;1803;875;928;1020;634;386;576
7673;Totaal over alle leeftijden;Totaal bevolking;Noordwijkerhout;2019;17274;14359;1831;897;934;1084;685;399;576
7674;Totaal over alle leeftijden;Totaal bevolking;Noordwijkerhout;2020;17420;14414;1882;926;956;1124;705;419;576
7675;Totaal over alle leeftijden;Totaal bevolking;Noordwijkerhout;2021;17534;14440;1929;951;978;1165;726;439;576
7676;Totaal over alle leeftijden;Totaal bevolking;Noordwijkerhout;2022;17660;14492;1956;964;992;1212;750;462;576
7677;Totaal over alle leeftijden;Totaal bevolking;Noordwijkerhout;2023;17776;14538;1986;976;1010;1252;771;481;576
7678;Totaal over alle leeftijden;Totaal bevolking;Noordwijkerhout;2024;17878;14552;2015;999;1016;1311;796;515;576
7679;Totaal over alle leeftijden;Totaal bevolking;Noordwijkerhout;2025;17994;14585;2054;1022;1032;1355;814;541;576
7680;Totaal over alle leeftijden;Totaal bevolking;Nuenen, Gerwen en Nederwetten;2006;23036;20513;2009;633;1376;514;272;242;820
7681;Totaal over alle leeftijden;Totaal bevolking;Nuenen, Gerwen en Nederwetten;2007;22870;20327;2006;631;1375;537;283;254;820
7682;Totaal over alle leeftijden;Totaal bevolking;Nuenen, Gerwen en Nederwetten;2008;22694;20103;2023;627;1396;568;289;279;820
7683;Totaal over alle leeftijden;Totaal bevolking;Nuenen, Gerwen en Nederwetten;2009;22515;19876;2041;641;1400;598;300;298;820
7684;Totaal over alle leeftijden;Totaal bevolking;Nuenen, Gerwen en Nederwetten;2010;22339;19668;2063;645;1418;608;293;315;820
7685;Totaal over alle leeftijden;Totaal bevolking;Nuenen, Gerwen en Nederwetten;2011;22160;19436;2079;651;1428;645;307;338;820
7686;Totaal over alle leeftijden;Totaal bevolking;Nuenen, Gerwen en Nederwetten;2012;21962;19228;2087;652;1435;647;304;343;820
7687;Totaal over alle leeftijden;Totaal bevolking;Nuenen, Gerwen en Nederwetten;2013;21770;19013;2085;640;1445;672;308;364;820
7688;Totaal over alle leeftijden;Totaal bevolking;Nuenen, Gerwen en Nederwetten;2014;21588;18809;2095;646;1449;684;306;378;820
7689;Totaal over alle leeftijden;Totaal bevolking;Nuenen, Gerwen en Nederwetten;2015;21407;18619;2083;645;1438;705;314;391;820
7690;Totaal over alle leeftijden;Totaal bevolking;Nuenen, Gerwen en Nederwetten;2016;21219;18405;2102;649;1453;712;310;402;820
7691;Totaal over alle leeftijden;Totaal bevolking;Nuenen, Gerwen en Nederwetten;2017;21045;18227;2085;631;1454;733;306;427;820
7692;Totaal over alle leeftijden;Totaal bevolking;Nuenen, Gerwen en Nederwetten;2018;20887;18064;2067;625;1442;756;302;454;820
7693;Totaal over alle leeftijden;Totaal bevolking;Nuenen, Gerwen en Nederwetten;2019;20725;17854;2097;636;1461;774;301;473;820
7694;Totaal over alle leeftijden;Totaal bevolking;Nuenen, Gerwen en Nederwetten;2020;20556;17653;2091;619;1472;812;322;490;820
7695;Totaal over alle leeftijden;Totaal bevolking;Nuenen, Gerwen en Nederwetten;2021;20415;17483;2086;604;1482;846;331;515;820
7696;Totaal over alle leeftijden;Totaal bevolking;Nuenen, Gerwen en Nederwetten;2022;20266;17311;2096;605;1491;859;327;532;820
7697;Totaal over alle leeftijden;Totaal bevolking;Nuenen, Gerwen en Nederwetten;2023;20135;17141;2113;612;1501;881;328;553;820
7698;Totaal over alle leeftijden;Totaal bevolking;Nuenen, Gerwen en Nederwetten;2024;19991;16948;2133;618;1515;910;338;572;820
7699;Totaal over alle leeftijden;Totaal bevolking;Nuenen, Gerwen en Nederwetten;2025;19875;16799;2138;616;1522;938;338;600;820
7700;Totaal over alle leeftijden;Totaal bevolking;Nunspeet;2006;26606;24835;974;377;597;797;542;255;302
7701;Totaal over alle leeftijden;Totaal bevolking;Nunspeet;2007;26583;24757;1013;382;631;813;545;268;302
7702;Totaal over alle leeftijden;Totaal bevolking;Nunspeet;2008;26548;24636;1074;403;671;838;555;283;302
7703;Totaal over alle leeftijden;Totaal bevolking;Nunspeet;2009;26497;24532;1108;419;689;857;569;288;302
7704;Totaal over alle leeftijden;Totaal bevolking;Nunspeet;2010;26450;24421;1150;427;723;879;574;305;302
7705;Totaal over alle leeftijden;Totaal bevolking;Nunspeet;2011;26396;24320;1170;442;728;906;589;317;302
7706;Totaal over alle leeftijden;Totaal bevolking;Nunspeet;2012;26350;24199;1221;473;748;930;601;329;302
7707;Totaal over alle leeftijden;Totaal bevolking;Nunspeet;2013;26301;24084;1276;491;785;941;604;337;302
7708;Totaal over alle leeftijden;Totaal bevolking;Nunspeet;2014;26253;24005;1288;508;780;960;607;353;302
7709;Totaal over alle leeftijden;Totaal bevolking;Nunspeet;2015;26211;23883;1350;544;806;978;612;366;302
7710;Totaal over alle leeftijden;Totaal bevolking;Nunspeet;2016;26170;23817;1376;556;820;977;608;369;302
7711;Totaal over alle leeftijden;Totaal bevolking;Nunspeet;2017;26122;23716;1406;570;836;1000;616;384;302
7712;Totaal over alle leeftijden;Totaal bevolking;Nunspeet;2018;26079;23610;1433;586;847;1036;638;398;302
7713;Totaal over alle leeftijden;Totaal bevolking;Nunspeet;2019;26042;23537;1449;596;853;1056;637;419;302
7714;Totaal over alle leeftijden;Totaal bevolking;Nunspeet;2020;25998;23436;1477;608;869;1085;645;440;302
7715;Totaal over alle leeftijden;Totaal bevolking;Nunspeet;2021;25946;23314;1514;618;896;1118;664;454;302
7716;Totaal over alle leeftijden;Totaal bevolking;Nunspeet;2022;25901;23200;1571;636;935;1130;659;471;302
7717;Totaal over alle leeftijden;Totaal bevolking;Nunspeet;2023;25854;23126;1581;646;935;1147;669;478;302
7718;Totaal over alle leeftijden;Totaal bevolking;Nunspeet;2024;25810;23045;1613;663;950;1152;663;489;302
7719;Totaal over alle leeftijden;Totaal bevolking;Nunspeet;2025;25751;22969;1638;688;950;1144;652;492;302
7720;Totaal over alle leeftijden;Totaal bevolking;Nuth;2006;15768;13682;1743;404;1339;343;216;127;951
7721;Totaal over alle leeftijden;Totaal bevolking;Nuth;2007;15579;13480;1746;402;1344;353;225;128;951
7722;Totaal over alle leeftijden;Totaal bevolking;Nuth;2008;15397;13290;1750;403;1347;357;230;127;951
7723;Totaal over alle leeftijden;Totaal bevolking;Nuth;2009;15211;13101;1741;412;1329;369;237;132;951
7724;Totaal over alle leeftijden;Totaal bevolking;Nuth;2010;15026;12907;1752;418;1334;367;231;136;951
7725;Totaal over alle leeftijden;Totaal bevolking;Nuth;2011;14853;12759;1729;426;1303;365;225;140;951
7726;Totaal over alle leeftijden;Totaal bevolking;Nuth;2012;14667;12576;1706;419;1287;385;242;143;951
7727;Totaal over alle leeftijden;Totaal bevolking;Nuth;2013;14486;12399;1686;420;1266;401;251;150;951
7728;Totaal over alle leeftijden;Totaal bevolking;Nuth;2014;14324;12206;1688;420;1268;430;256;174;951
7729;Totaal over alle leeftijden;Totaal bevolking;Nuth;2015;14161;12037;1689;411;1278;435;247;188;951
7730;Totaal over alle leeftijden;Totaal bevolking;Nuth;2016;13989;11866;1687;426;1261;436;243;193;951
7731;Totaal over alle leeftijden;Totaal bevolking;Nuth;2017;13820;11702;1659;419;1240;459;256;203;951
7732;Totaal over alle leeftijden;Totaal bevolking;Nuth;2018;13665;11533;1663;432;1231;469;250;219;951
7733;Totaal over alle leeftijden;Totaal bevolking;Nuth;2019;13496;11353;1667;437;1230;476;256;220;951
7734;Totaal over alle leeftijden;Totaal bevolking;Nuth;2020;13327;11198;1653;439;1214;476;254;222;951
7735;Totaal over alle leeftijden;Totaal bevolking;Nuth;2021;13183;11065;1636;438;1198;482;249;233;951
7736;Totaal over alle leeftijden;Totaal bevolking;Nuth;2022;13030;10903;1633;449;1184;494;256;238;951
7737;Totaal over alle leeftijden;Totaal bevolking;Nuth;2023;12885;10759;1612;440;1172;514;256;258;951
7738;Totaal over alle leeftijden;Totaal bevolking;Nuth;2024;12743;10637;1599;442;1157;507;250;257;951
7739;Totaal over alle leeftijden;Totaal bevolking;Nuth;2025;12613;10514;1577;437;1140;522;252;270;951
7740;Totaal over alle leeftijden;Totaal bevolking;Obdam;2006;6948;6469;289;91;198;190;114;76;429
7741;Totaal over alle leeftijden;Totaal bevolking;Obdam;2007;7036;6486;328;109;219;222;134;88;429
7742;Totaal over alle leeftijden;Totaal bevolking;Obdam;2008;7108;6493;362;122;240;253;151;102;429
7743;Totaal over alle leeftijden;Totaal bevolking;Obdam;2009;7194;6506;401;134;267;287;172;115;429
7744;Totaal over alle leeftijden;Totaal bevolking;Obdam;2010;7278;6530;432;149;283;316;190;126;429
7745;Totaal over alle leeftijden;Totaal bevolking;Obdam;2011;7325;6517;463;165;298;345;209;136;429
7746;Totaal over alle leeftijden;Totaal bevolking;Obdam;2012;7374;6502;499;171;328;373;227;146;429
7747;Totaal over alle leeftijden;Totaal bevolking;Obdam;2013;7410;6473;551;186;365;386;233;153;429
7748;Totaal over alle leeftijden;Totaal bevolking;Obdam;2014;7443;6451;585;202;383;407;237;170;429
7749;Totaal over alle leeftijden;Totaal bevolking;Obdam;2015;7472;6431;618;212;406;423;244;179;429
7750;Totaal over alle leeftijden;Totaal bevolking;Obdam;2016;7509;6419;645;219;426;445;254;191;429
7751;Totaal over alle leeftijden;Totaal bevolking;Obdam;2017;7555;6418;675;229;446;462;272;190;429
7752;Totaal over alle leeftijden;Totaal bevolking;Obdam;2018;7588;6405;703;243;460;480;284;196;429
7753;Totaal over alle leeftijden;Totaal bevolking;Obdam;2019;7644;6403;733;255;478;508;295;213;429
7754;Totaal over alle leeftijden;Totaal bevolking;Obdam;2020;7660;6384;749;266;483;527;302;225;429
7755;Totaal over alle leeftijden;Totaal bevolking;Obdam;2021;7691;6370;773;275;498;548;313;235;429
7756;Totaal over alle leeftijden;Totaal bevolking;Obdam;2022;7744;6383;795;283;512;566;316;250;429
7757;Totaal over alle leeftijden;Totaal bevolking;Obdam;2023;7797;6383;825;294;531;589;326;263;429
7758;Totaal over alle leeftijden;Totaal bevolking;Obdam;2024;7853;6376;860;314;546;617;339;278;429
7759;Totaal over alle leeftijden;Totaal bevolking;Obdam;2025;7874;6371;871;325;546;632;348;284;429
7760;Totaal over alle leeftijden;Totaal bevolking;Oegstgeest;2006;21385;17000;3060;1478;1582;1325;775;550;579
7761;Totaal over alle leeftijden;Totaal bevolking;Oegstgeest;2007;21510;17014;3104;1537;1567;1392;809;583;579
7762;Totaal over alle leeftijden;Totaal bevolking;Oegstgeest;2008;21669;17037;3157;1593;1564;1475;865;610;579
7763;Totaal over alle leeftijden;Totaal bevolking;Oegstgeest;2009;21869;17039;3257;1689;1568;1573;905;668;579
7764;Totaal over alle leeftijden;Totaal bevolking;Oegstgeest;2010;22063;17022;3370;1795;1575;1671;963;708;579
7765;Totaal over alle leeftijden;Totaal bevolking;Oegstgeest;2011;22260;17008;3479;1900;1579;1773;1025;748;579
7766;Totaal over alle leeftijden;Totaal bevolking;Oegstgeest;2012;22452;17006;3583;2003;1580;1863;1067;796;579
7767;Totaal over alle leeftijden;Totaal bevolking;Oegstgeest;2013;22657;17006;3698;2117;1581;1953;1113;840;579
7768;Totaal over alle leeftijden;Totaal bevolking;Oegstgeest;2014;22857;16990;3840;2246;1594;2027;1155;872;579
7769;Totaal over alle leeftijden;Totaal bevolking;Oegstgeest;2015;23051;17002;3948;2352;1596;2101;1199;902;579
7770;Totaal over alle leeftijden;Totaal bevolking;Oegstgeest;2016;23261;17035;4036;2437;1599;2190;1247;943;579
7771;Totaal over alle leeftijden;Totaal bevolking;Oegstgeest;2017;23465;17045;4147;2526;1621;2273;1295;978;579
7772;Totaal over alle leeftijden;Totaal bevolking;Oegstgeest;2018;23661;17029;4286;2623;1663;2346;1333;1013;579
7773;Totaal over alle leeftijden;Totaal bevolking;Oegstgeest;2019;23858;17041;4390;2699;1691;2427;1381;1046;579
7774;Totaal over alle leeftijden;Totaal bevolking;Oegstgeest;2020;24048;17021;4495;2774;1721;2532;1438;1094;579
7775;Totaal over alle leeftijden;Totaal bevolking;Oegstgeest;2021;24231;16997;4607;2835;1772;2627;1472;1155;579
7776;Totaal over alle leeftijden;Totaal bevolking;Oegstgeest;2022;24419;17010;4697;2868;1829;2712;1511;1201;579
7777;Totaal over alle leeftijden;Totaal bevolking;Oegstgeest;2023;24623;17066;4782;2903;1879;2775;1555;1220;579
7778;Totaal over alle leeftijden;Totaal bevolking;Oegstgeest;2024;24798;17053;4887;2948;1939;2858;1602;1256;579
7779;Totaal over alle leeftijden;Totaal bevolking;Oegstgeest;2025;24947;17050;4960;2986;1974;2937;1653;1284;579
7780;Totaal over alle leeftijden;Totaal bevolking;Oirschot;2006;17789;16852;677;216;461;260;163;97;823
7781;Totaal over alle leeftijden;Totaal bevolking;Oirschot;2007;17851;16864;710;233;477;277;168;109;823
7782;Totaal over alle leeftijden;Totaal bevolking;Oirschot;2008;17914;16886;734;242;492;294;178;116;823
7783;Totaal over alle leeftijden;Totaal bevolking;Oirschot;2009;17985;16918;755;251;504;312;191;121;823
7784;Totaal over alle leeftijden;Totaal bevolking;Oirschot;2010;18029;16918;782;268;514;329;202;127;823
7785;Totaal over alle leeftijden;Totaal bevolking;Oirschot;2011;18066;16912;805;283;522;349;215;134;823
7786;Totaal over alle leeftijden;Totaal bevolking;Oirschot;2012;18120;16918;837;306;531;365;221;144;823
7787;Totaal over alle leeftijden;Totaal bevolking;Oirschot;2013;18172;16926;861;320;541;385;235;150;823
7788;Totaal over alle leeftijden;Totaal bevolking;Oirschot;2014;18220;16939;880;330;550;401;240;161;823
7789;Totaal over alle leeftijden;Totaal bevolking;Oirschot;2015;18257;16938;891;336;555;428;255;173;823
7790;Totaal over alle leeftijden;Totaal bevolking;Oirschot;2016;18297;16936;911;339;572;450;260;190;823
7791;Totaal over alle leeftijden;Totaal bevolking;Oirschot;2017;18338;16930;939;351;588;469;271;198;823
7792;Totaal over alle leeftijden;Totaal bevolking;Oirschot;2018;18380;16933;967;367;600;480;278;202;823
7793;Totaal over alle leeftijden;Totaal bevolking;Oirschot;2019;18413;16917;990;377;613;506;297;209;823
7794;Totaal over alle leeftijden;Totaal bevolking;Oirschot;2020;18446;16892;1024;399;625;530;310;220;823
7795;Totaal over alle leeftijden;Totaal bevolking;Oirschot;2021;18481;16874;1054;421;633;553;319;234;823
7796;Totaal over alle leeftijden;Totaal bevolking;Oirschot;2022;18498;16846;1078;436;642;574;336;238;823
7797;Totaal over alle leeftijden;Totaal bevolking;Oirschot;2023;18523;16815;1114;455;659;594;344;250;823
7798;Totaal over alle leeftijden;Totaal bevolking;Oirschot;2024;18541;16806;1127;464;663;608;344;264;823
7799;Totaal over alle leeftijden;Totaal bevolking;Oirschot;2025;18553;16799;1129;469;660;625;346;279;823
7800;Totaal over alle leeftijden;Totaal bevolking;Oisterwijk;2006;25767;23119;1679;578;1101;969;570;399;824
7801;Totaal over alle leeftijden;Totaal bevolking;Oisterwijk;2007;25807;23107;1710;583;1127;990;576;414;824
7802;Totaal over alle leeftijden;Totaal bevolking;Oisterwijk;2008;25772;23052;1724;592;1132;996;571;425;824
7803;Totaal over alle leeftijden;Totaal bevolking;Oisterwijk;2009;25741;22975;1749;590;1159;1017;587;430;824
7804;Totaal over alle leeftijden;Totaal bevolking;Oisterwijk;2010;25709;22889;1769;599;1170;1051;603;448;824
7805;Totaal over alle leeftijden;Totaal bevolking;Oisterwijk;2011;25656;22826;1769;600;1169;1061;593;468;824
7806;Totaal over alle leeftijden;Totaal bevolking;Oisterwijk;2012;25598;22740;1775;614;1161;1083;599;484;824
7807;Totaal over alle leeftijden;Totaal bevolking;Oisterwijk;2013;25525;22655;1774;616;1158;1096;604;492;824
7808;Totaal over alle leeftijden;Totaal bevolking;Oisterwijk;2014;25477;22557;1790;621;1169;1130;630;500;824
7809;Totaal over alle leeftijden;Totaal bevolking;Oisterwijk;2015;25420;22462;1812;639;1173;1146;636;510;824
7810;Totaal over alle leeftijden;Totaal bevolking;Oisterwijk;2016;25363;22381;1826;644;1182;1156;637;519;824
7811;Totaal over alle leeftijden;Totaal bevolking;Oisterwijk;2017;25310;22301;1816;641;1175;1193;658;535;824
7812;Totaal over alle leeftijden;Totaal bevolking;Oisterwijk;2018;25249;22231;1821;633;1188;1197;662;535;824
7813;Totaal over alle leeftijden;Totaal bevolking;Oisterwijk;2019;25190;22155;1800;630;1170;1235;670;565;824
7814;Totaal over alle leeftijden;Totaal bevolking;Oisterwijk;2020;25134;22057;1833;638;1195;1244;656;588;824
7815;Totaal over alle leeftijden;Totaal bevolking;Oisterwijk;2021;25069;21979;1856;651;1205;1234;644;590;824
7816;Totaal over alle leeftijden;Totaal bevolking;Oisterwijk;2022;25007;21904;1840;647;1193;1263;666;597;824
7817;Totaal over alle leeftijden;Totaal bevolking;Oisterwijk;2023;24968;21836;1854;656;1198;1278;671;607;824
7818;Totaal over alle leeftijden;Totaal bevolking;Oisterwijk;2024;24906;21762;1860;667;1193;1284;670;614;824
7819;Totaal over alle leeftijden;Totaal bevolking;Oisterwijk;2025;24852;21674;1868;672;1196;1310;684;626;824
7820;Totaal over alle leeftijden;Totaal bevolking;Oldebroek;2006;22832;21730;600;188;412;502;296;206;269
7821;Totaal over alle leeftijden;Totaal bevolking;Oldebroek;2007;22798;21630;626;186;440;542;311;231;269
7822;Totaal over alle leeftijden;Totaal bevolking;Oldebroek;2008;22724;21495;665;195;470;564;328;236;269
7823;Totaal over alle leeftijden;Totaal bevolking;Oldebroek;2009;22650;21343;708;215;493;599;351;248;269
7824;Totaal over alle leeftijden;Totaal bevolking;Oldebroek;2010;22581;21195;753;235;518;633;376;257;269
7825;Totaal over alle leeftijden;Totaal bevolking;Oldebroek;2011;22512;21040;794;254;540;678;390;288;269
7826;Totaal over alle leeftijden;Totaal bevolking;Oldebroek;2012;22439;20889;827;264;563;723;412;311;269
7827;Totaal over alle leeftijden;Totaal bevolking;Oldebroek;2013;22357;20740;875;284;591;742;420;322;269
7828;Totaal over alle leeftijden;Totaal bevolking;Oldebroek;2014;22285;20621;909;310;599;755;430;325;269
7829;Totaal over alle leeftijden;Totaal bevolking;Oldebroek;2015;22228;20501;930;319;611;797;478;319;269
7830;Totaal over alle leeftijden;Totaal bevolking;Oldebroek;2016;22156;20369;948;328;620;839;499;340;269
7831;Totaal over alle leeftijden;Totaal bevolking;Oldebroek;2017;22093;20256;975;332;643;862;503;359;269
7832;Totaal over alle leeftijden;Totaal bevolking;Oldebroek;2018;22029;20169;992;350;642;868;496;372;269
7833;Totaal over alle leeftijden;Totaal bevolking;Oldebroek;2019;21957;20040;1021;368;653;896;505;391;269
7834;Totaal over alle leeftijden;Totaal bevolking;Oldebroek;2020;21900;19952;1037;377;660;911;510;401;269
7835;Totaal over alle leeftijden;Totaal bevolking;Oldebroek;2021;21848;19858;1069;402;667;921;499;422;269
7836;Totaal over alle leeftijden;Totaal bevolking;Oldebroek;2022;21801;19724;1108;420;688;969;532;437;269
7837;Totaal over alle leeftijden;Totaal bevolking;Oldebroek;2023;21748;19639;1134;432;702;975;538;437;269
7838;Totaal over alle leeftijden;Totaal bevolking;Oldebroek;2024;21696;19525;1173;438;735;998;544;454;269
7839;Totaal over alle leeftijden;Totaal bevolking;Oldebroek;2025;21652;19415;1200;442;758;1037;559;478;269
7840;Totaal over alle leeftijden;Totaal bevolking;Oldenzaal;2006;31275;26612;2665;797;1868;1998;1128;870;173
7841;Totaal over alle leeftijden;Totaal bevolking;Oldenzaal;2007;31296;26655;2614;794;1820;2027;1158;869;173
7842;Totaal over alle leeftijden;Totaal bevolking;Oldenzaal;2008;31319;26682;2601;793;1808;2036;1152;884;173
7843;Totaal over alle leeftijden;Totaal bevolking;Oldenzaal;2009;31334;26712;2578;785;1793;2044;1143;901;173
7844;Totaal over alle leeftijden;Totaal bevolking;Oldenzaal;2010;31342;26696;2571;782;1789;2075;1152;923;173
7845;Totaal over alle leeftijden;Totaal bevolking;Oldenzaal;2011;31344;26696;2559;787;1772;2089;1161;928;173
7846;Totaal over alle leeftijden;Totaal bevolking;Oldenzaal;2012;31350;26706;2570;800;1770;2074;1132;942;173
7847;Totaal over alle leeftijden;Totaal bevolking;Oldenzaal;2013;31361;26675;2583;811;1772;2103;1145;958;173
7848;Totaal over alle leeftijden;Totaal bevolking;Oldenzaal;2014;31359;26678;2566;806;1760;2115;1148;967;173
7849;Totaal over alle leeftijden;Totaal bevolking;Oldenzaal;2015;31354;26633;2586;819;1767;2135;1166;969;173
7850;Totaal over alle leeftijden;Totaal bevolking;Oldenzaal;2016;31351;26616;2601;830;1771;2134;1162;972;173
7851;Totaal over alle leeftijden;Totaal bevolking;Oldenzaal;2017;31335;26604;2602;826;1776;2129;1140;989;173
7852;Totaal over alle leeftijden;Totaal bevolking;Oldenzaal;2018;31340;26622;2575;821;1754;2143;1140;1003;173
7853;Totaal over alle leeftijden;Totaal bevolking;Oldenzaal;2019;31340;26590;2586;830;1756;2164;1155;1009;173
7854;Totaal over alle leeftijden;Totaal bevolking;Oldenzaal;2020;31340;26587;2585;832;1753;2168;1139;1029;173
7855;Totaal over alle leeftijden;Totaal bevolking;Oldenzaal;2021;31336;26558;2582;832;1750;2196;1159;1037;173
7856;Totaal over alle leeftijden;Totaal bevolking;Oldenzaal;2022;31341;26562;2580;837;1743;2199;1162;1037;173
7857;Totaal over alle leeftijden;Totaal bevolking;Oldenzaal;2023;31329;26540;2584;844;1740;2205;1150;1055;173
7858;Totaal over alle leeftijden;Totaal bevolking;Oldenzaal;2024;31326;26505;2599;858;1741;2222;1157;1065;173
7859;Totaal over alle leeftijden;Totaal bevolking;Oldenzaal;2025;31332;26494;2568;851;1717;2270;1184;1086;173
7860;Totaal over alle leeftijden;Totaal bevolking;Olst-Wijhe;2006;17159;16016;709;230;479;434;248;186;1773
7861;Totaal over alle leeftijden;Totaal bevolking;Olst-Wijhe;2007;17174;16002;716;228;488;456;266;190;1773
7862;Totaal over alle leeftijden;Totaal bevolking;Olst-Wijhe;2008;17166;15953;737;240;497;476;279;197;1773
7863;Totaal over alle leeftijden;Totaal bevolking;Olst-Wijhe;2009;17147;15894;756;250;506;497;297;200;1773
7864;Totaal over alle leeftijden;Totaal bevolking;Olst-Wijhe;2010;17128;15834;771;252;519;523;319;204;1773
7865;Totaal over alle leeftijden;Totaal bevolking;Olst-Wijhe;2011;17104;15781;772;254;518;551;340;211;1773
7866;Totaal over alle leeftijden;Totaal bevolking;Olst-Wijhe;2012;17088;15731;786;270;516;571;341;230;1773
7867;Totaal over alle leeftijden;Totaal bevolking;Olst-Wijhe;2013;17062;15668;794;270;524;600;356;244;1773
7868;Totaal over alle leeftijden;Totaal bevolking;Olst-Wijhe;2014;17040;15606;819;280;539;615;354;261;1773
7869;Totaal over alle leeftijden;Totaal bevolking;Olst-Wijhe;2015;17015;15550;829;286;543;636;370;266;1773
7870;Totaal over alle leeftijden;Totaal bevolking;Olst-Wijhe;2016;16988;15476;859;299;560;653;368;285;1773
7871;Totaal over alle leeftijden;Totaal bevolking;Olst-Wijhe;2017;16965;15433;860;293;567;672;381;291;1773
7872;Totaal over alle leeftijden;Totaal bevolking;Olst-Wijhe;2018;16951;15384;880;303;577;687;387;300;1773
7873;Totaal over alle leeftijden;Totaal bevolking;Olst-Wijhe;2019;16925;15327;894;314;580;704;401;303;1773
7874;Totaal over alle leeftijden;Totaal bevolking;Olst-Wijhe;2020;16896;15251;919;320;599;726;405;321;1773
7875;Totaal over alle leeftijden;Totaal bevolking;Olst-Wijhe;2021;16870;15177;941;329;612;752;422;330;1773
7876;Totaal over alle leeftijden;Totaal bevolking;Olst-Wijhe;2022;16844;15107;975;341;634;762;424;338;1773
7877;Totaal over alle leeftijden;Totaal bevolking;Olst-Wijhe;2023;16814;15049;990;352;638;775;431;344;1773
7878;Totaal over alle leeftijden;Totaal bevolking;Olst-Wijhe;2024;16789;15005;988;355;633;796;444;352;1773
7879;Totaal over alle leeftijden;Totaal bevolking;Olst-Wijhe;2025;16768;14948;999;356;643;821;458;363;1773
7880;Totaal over alle leeftijden;Totaal bevolking;Ommen;2006;16826;15872;627;229;398;327;203;124;175
7881;Totaal over alle leeftijden;Totaal bevolking;Ommen;2007;16772;15779;643;232;411;350;216;134;175
7882;Totaal over alle leeftijden;Totaal bevolking;Ommen;2008;16717;15676;654;237;417;387;243;144;175
7883;Totaal over alle leeftijden;Totaal bevolking;Ommen;2009;16659;15551;684;250;434;424;268;156;175
7884;Totaal over alle leeftijden;Totaal bevolking;Ommen;2010;16576;15434;704;263;441;438;275;163;175
7885;Totaal over alle leeftijden;Totaal bevolking;Ommen;2011;16507;15312;733;275;458;462;293;169;175
7886;Totaal over alle leeftijden;Totaal bevolking;Ommen;2012;16429;15203;746;287;459;480;298;182;175
7887;Totaal over alle leeftijden;Totaal bevolking;Ommen;2013;16350;15064;777;305;472;509;314;195;175
7888;Totaal over alle leeftijden;Totaal bevolking;Ommen;2014;16274;14935;806;320;486;533;328;205;175
7889;Totaal over alle leeftijden;Totaal bevolking;Ommen;2015;16216;14817;837;350;487;562;351;211;175
7890;Totaal over alle leeftijden;Totaal bevolking;Ommen;2016;16150;14709;865;374;491;576;360;216;175
7891;Totaal over alle leeftijden;Totaal bevolking;Ommen;2017;16088;14599;889;393;496;600;376;224;175
7892;Totaal over alle leeftijden;Totaal bevolking;Ommen;2018;16028;14490;928;407;521;610;371;239;175
7893;Totaal over alle leeftijden;Totaal bevolking;Ommen;2019;15980;14392;946;409;537;642;386;256;175
7894;Totaal over alle leeftijden;Totaal bevolking;Ommen;2020;15944;14310;980;429;551;654;400;254;175
7895;Totaal over alle leeftijden;Totaal bevolking;Ommen;2021;15898;14224;995;435;560;679;416;263;175
7896;Totaal over alle leeftijden;Totaal bevolking;Ommen;2022;15852;14137;1038;453;585;677;422;255;175
7897;Totaal over alle leeftijden;Totaal bevolking;Ommen;2023;15809;14037;1061;465;596;711;440;271;175
7898;Totaal over alle leeftijden;Totaal bevolking;Ommen;2024;15763;13930;1093;483;610;740;463;277;175
7899;Totaal over alle leeftijden;Totaal bevolking;Ommen;2025;15718;13834;1125;501;624;759;472;287;175
7900;Totaal over alle leeftijden;Totaal bevolking;Onderbanken;2006;8426;6565;1672;415;1257;189;129;60;881
7901;Totaal over alle leeftijden;Totaal bevolking;Onderbanken;2007;8397;6542;1656;417;1239;199;135;64;881
7902;Totaal over alle leeftijden;Totaal bevolking;Onderbanken;2008;8362;6513;1637;400;1237;212;149;63;881
7903;Totaal over alle leeftijden;Totaal bevolking;Onderbanken;2009;8321;6465;1634;405;1229;222;156;66;881
7904;Totaal over alle leeftijden;Totaal bevolking;Onderbanken;2010;8283;6444;1612;391;1221;227;159;68;881
7905;Totaal over alle leeftijden;Totaal bevolking;Onderbanken;2011;8243;6432;1571;377;1194;240;168;72;881
7906;Totaal over alle leeftijden;Totaal bevolking;Onderbanken;2012;8220;6383;1582;387;1195;255;172;83;881
7907;Totaal over alle leeftijden;Totaal bevolking;Onderbanken;2013;8191;6367;1560;384;1176;264;180;84;881
7908;Totaal over alle leeftijden;Totaal bevolking;Onderbanken;2014;8149;6337;1545;390;1155;267;177;90;881
7909;Totaal over alle leeftijden;Totaal bevolking;Onderbanken;2015;8108;6304;1526;379;1147;278;181;97;881
7910;Totaal over alle leeftijden;Totaal bevolking;Onderbanken;2016;8077;6279;1500;376;1124;298;190;108;881
7911;Totaal over alle leeftijden;Totaal bevolking;Onderbanken;2017;8044;6243;1489;379;1110;312;202;110;881
7912;Totaal over alle leeftijden;Totaal bevolking;Onderbanken;2018;8002;6210;1470;378;1092;322;209;113;881
7913;Totaal over alle leeftijden;Totaal bevolking;Onderbanken;2019;7962;6198;1429;365;1064;335;214;121;881
7914;Totaal over alle leeftijden;Totaal bevolking;Onderbanken;2020;7918;6166;1407;359;1048;345;219;126;881
7915;Totaal over alle leeftijden;Totaal bevolking;Onderbanken;2021;7874;6146;1369;356;1013;359;226;133;881
7916;Totaal over alle leeftijden;Totaal bevolking;Onderbanken;2022;7830;6130;1329;355;974;371;227;144;881
7917;Totaal over alle leeftijden;Totaal bevolking;Onderbanken;2023;7791;6120;1294;344;950;377;227;150;881
7918;Totaal over alle leeftijden;Totaal bevolking;Onderbanken;2024;7743;6074;1279;342;937;390;235;155;881
7919;Totaal over alle leeftijden;Totaal bevolking;Onderbanken;2025;7701;6043;1265;340;925;393;241;152;881
7920;Totaal over alle leeftijden;Totaal bevolking;Oosterhout;2006;53017;44373;4240;1524;2716;4404;2320;2084;826
7921;Totaal over alle leeftijden;Totaal bevolking;Oosterhout;2007;53307;44522;4286;1530;2756;4499;2343;2156;826
7922;Totaal over alle leeftijden;Totaal bevolking;Oosterhout;2008;53724;44786;4320;1557;2763;4618;2391;2227;826
7923;Totaal over alle leeftijden;Totaal bevolking;Oosterhout;2009;54049;45012;4324;1561;2763;4713;2416;2297;826
7924;Totaal over alle leeftijden;Totaal bevolking;Oosterhout;2010;54462;45270;4372;1592;2780;4820;2430;2390;826
7925;Totaal over alle leeftijden;Totaal bevolking;Oosterhout;2011;54862;45508;4433;1634;2799;4921;2457;2464;826
7926;Totaal over alle leeftijden;Totaal bevolking;Oosterhout;2012;55274;45750;4494;1660;2834;5030;2485;2545;826
7927;Totaal over alle leeftijden;Totaal bevolking;Oosterhout;2013;55670;46025;4541;1697;2844;5104;2482;2622;826
7928;Totaal over alle leeftijden;Totaal bevolking;Oosterhout;2014;56042;46275;4594;1717;2877;5173;2496;2677;826
7929;Totaal over alle leeftijden;Totaal bevolking;Oosterhout;2015;56439;46519;4639;1760;2879;5281;2546;2735;826
7930;Totaal over alle leeftijden;Totaal bevolking;Oosterhout;2016;56804;46739;4686;1799;2887;5379;2578;2801;826
7931;Totaal over alle leeftijden;Totaal bevolking;Oosterhout;2017;57157;46950;4754;1833;2921;5453;2573;2880;826
7932;Totaal over alle leeftijden;Totaal bevolking;Oosterhout;2018;57473;47122;4807;1862;2945;5544;2600;2944;826
7933;Totaal over alle leeftijden;Totaal bevolking;Oosterhout;2019;57765;47352;4799;1866;2933;5614;2598;3016;826
7934;Totaal over alle leeftijden;Totaal bevolking;Oosterhout;2020;58075;47547;4822;1885;2937;5706;2623;3083;826
7935;Totaal over alle leeftijden;Totaal bevolking;Oosterhout;2021;58361;47748;4841;1911;2930;5772;2641;3131;826
7936;Totaal over alle leeftijden;Totaal bevolking;Oosterhout;2022;58634;47930;4886;1927;2959;5818;2640;3178;826
7937;Totaal over alle leeftijden;Totaal bevolking;Oosterhout;2023;58894;48107;4932;1956;2976;5855;2629;3226;826
7938;Totaal over alle leeftijden;Totaal bevolking;Oosterhout;2024;59131;48234;4977;1977;3000;5920;2630;3290;826
7939;Totaal over alle leeftijden;Totaal bevolking;Oosterhout;2025;59325;48400;4971;1957;3014;5954;2639;3315;826
7940;Totaal over alle leeftijden;Totaal bevolking;Oostflakkee;2006;10167;9551;386;129;257;230;140;90;580
7941;Totaal over alle leeftijden;Totaal bevolking;Oostflakkee;2007;10193;9484;435;143;292;274;171;103;580
7942;Totaal over alle leeftijden;Totaal bevolking;Oostflakkee;2008;10198;9430;463;153;310;305;192;113;580
7943;Totaal over alle leeftijden;Totaal bevolking;Oostflakkee;2009;10208;9373;492;163;329;343;221;122;580
7944;Totaal over alle leeftijden;Totaal bevolking;Oostflakkee;2010;10216;9322;527;170;357;367;236;131;580
7945;Totaal over alle leeftijden;Totaal bevolking;Oostflakkee;2011;10213;9268;548;173;375;397;253;144;580
7946;Totaal over alle leeftijden;Totaal bevolking;Oostflakkee;2012;10205;9198;579;182;397;428;269;159;580
7947;Totaal over alle leeftijden;Totaal bevolking;Oostflakkee;2013;10208;9153;597;194;403;458;283;175;580
7948;Totaal over alle leeftijden;Totaal bevolking;Oostflakkee;2014;10216;9103;641;218;423;472;289;183;580
7949;Totaal over alle leeftijden;Totaal bevolking;Oostflakkee;2015;10214;9031;672;235;437;511;319;192;580
7950;Totaal over alle leeftijden;Totaal bevolking;Oostflakkee;2016;10201;8971;704;255;449;526;323;203;580
7951;Totaal over alle leeftijden;Totaal bevolking;Oostflakkee;2017;10197;8914;717;263;454;566;342;224;580
7952;Totaal over alle leeftijden;Totaal bevolking;Oostflakkee;2018;10195;8841;762;272;490;592;353;239;580
7953;Totaal over alle leeftijden;Totaal bevolking;Oostflakkee;2019;10193;8805;777;281;496;611;347;264;580
7954;Totaal over alle leeftijden;Totaal bevolking;Oostflakkee;2020;10179;8749;806;292;514;624;348;276;580
7955;Totaal over alle leeftijden;Totaal bevolking;Oostflakkee;2021;10165;8688;839;311;528;638;348;290;580
7956;Totaal over alle leeftijden;Totaal bevolking;Oostflakkee;2022;10156;8642;852;315;537;662;357;305;580
7957;Totaal over alle leeftijden;Totaal bevolking;Oostflakkee;2023;10140;8581;888;332;556;671;360;311;580
7958;Totaal over alle leeftijden;Totaal bevolking;Oostflakkee;2024;10122;8513;914;336;578;695;373;322;580
7959;Totaal over alle leeftijden;Totaal bevolking;Oostflakkee;2025;10120;8461;941;353;588;718;381;337;580
7960;Totaal over alle leeftijden;Totaal bevolking;Ooststellingwerf;2006;26439;24394;1293;456;837;752;533;219;85
7961;Totaal over alle leeftijden;Totaal bevolking;Ooststellingwerf;2007;26323;24237;1317;467;850;769;532;237;85
7962;Totaal over alle leeftijden;Totaal bevolking;Ooststellingwerf;2008;26165;24044;1329;467;862;792;545;247;85
7963;Totaal over alle leeftijden;Totaal bevolking;Ooststellingwerf;2009;26013;23863;1366;491;875;784;530;254;85
7964;Totaal over alle leeftijden;Totaal bevolking;Ooststellingwerf;2010;25855;23673;1376;500;876;806;544;262;85
7965;Totaal over alle leeftijden;Totaal bevolking;Ooststellingwerf;2011;25709;23487;1406;532;874;816;550;266;85
7966;Totaal over alle leeftijden;Totaal bevolking;Ooststellingwerf;2012;25576;23297;1408;548;860;871;580;291;85
7967;Totaal over alle leeftijden;Totaal bevolking;Ooststellingwerf;2013;25444;23133;1417;569;848;894;591;303;85
7968;Totaal over alle leeftijden;Totaal bevolking;Ooststellingwerf;2014;25313;22962;1427;590;837;924;607;317;85
7969;Totaal over alle leeftijden;Totaal bevolking;Ooststellingwerf;2015;25195;22793;1454;602;852;948;632;316;85
7970;Totaal over alle leeftijden;Totaal bevolking;Ooststellingwerf;2016;25078;22631;1468;619;849;979;642;337;85
7971;Totaal over alle leeftijden;Totaal bevolking;Ooststellingwerf;2017;24959;22477;1492;622;870;990;653;337;85
7972;Totaal over alle leeftijden;Totaal bevolking;Ooststellingwerf;2018;24841;22347;1490;624;866;1004;654;350;85
7973;Totaal over alle leeftijden;Totaal bevolking;Ooststellingwerf;2019;24741;22186;1513;642;871;1042;693;349;85
7974;Totaal over alle leeftijden;Totaal bevolking;Ooststellingwerf;2020;24633;22033;1524;657;867;1076;718;358;85
7975;Totaal over alle leeftijden;Totaal bevolking;Ooststellingwerf;2021;24535;21891;1557;689;868;1087;723;364;85
7976;Totaal over alle leeftijden;Totaal bevolking;Ooststellingwerf;2022;24444;21736;1571;705;866;1137;738;399;85
7977;Totaal over alle leeftijden;Totaal bevolking;Ooststellingwerf;2023;24354;21553;1622;730;892;1179;769;410;85
7978;Totaal over alle leeftijden;Totaal bevolking;Ooststellingwerf;2024;24279;21409;1665;763;902;1205;771;434;85
7979;Totaal over alle leeftijden;Totaal bevolking;Ooststellingwerf;2025;24190;21253;1699;789;910;1238;798;440;85
7980;Totaal over alle leeftijden;Totaal bevolking;Oostzaan;2006;9152;8147;589;190;399;416;228;188;431
7981;Totaal over alle leeftijden;Totaal bevolking;Oostzaan;2007;9136;8077;621;207;414;438;245;193;431
7982;Totaal over alle leeftijden;Totaal bevolking;Oostzaan;2008;9123;8022;640;208;432;461;264;197;431
7983;Totaal over alle leeftijden;Totaal bevolking;Oostzaan;2009;9105;7951;677;222;455;477;271;206;431
7984;Totaal over alle leeftijden;Totaal bevolking;Oostzaan;2010;9088;7906;689;221;468;493;279;214;431
7985;Totaal over alle leeftijden;Totaal bevolking;Oostzaan;2011;9074;7832;718;234;484;524;294;230;431
7986;Totaal over alle leeftijden;Totaal bevolking;Oostzaan;2012;9062;7784;749;246;503;529;289;240;431
7987;Totaal over alle leeftijden;Totaal bevolking;Oostzaan;2013;9038;7706;781;256;525;551;299;252;431
7988;Totaal over alle leeftijden;Totaal bevolking;Oostzaan;2014;9024;7642;809;270;539;573;306;267;431
7989;Totaal over alle leeftijden;Totaal bevolking;Oostzaan;2015;9009;7571;833;281;552;605;321;284;431
7990;Totaal over alle leeftijden;Totaal bevolking;Oostzaan;2016;8989;7491;859;285;574;639;342;297;431
7991;Totaal over alle leeftijden;Totaal bevolking;Oostzaan;2017;8965;7403;891;297;594;671;355;316;431
7992;Totaal over alle leeftijden;Totaal bevolking;Oostzaan;2018;8952;7327;923;311;612;702;368;334;431
7993;Totaal over alle leeftijden;Totaal bevolking;Oostzaan;2019;8935;7266;943;303;640;726;371;355;431
7994;Totaal over alle leeftijden;Totaal bevolking;Oostzaan;2020;8909;7205;954;310;644;750;382;368;431
7995;Totaal over alle leeftijden;Totaal bevolking;Oostzaan;2021;8890;7134;979;320;659;777;391;386;431
7996;Totaal over alle leeftijden;Totaal bevolking;Oostzaan;2022;8869;7069;1007;343;664;793;389;404;431
7997;Totaal over alle leeftijden;Totaal bevolking;Oostzaan;2023;8851;6995;1026;354;672;830;407;423;431
7998;Totaal over alle leeftijden;Totaal bevolking;Oostzaan;2024;8832;6928;1048;362;686;856;412;444;431
7999;Totaal over alle leeftijden;Totaal bevolking;Oostzaan;2025;8823;6866;1068;366;702;889;438;451;431
8000;Totaal over alle leeftijden;Totaal bevolking;Opmeer;2006;11366;10608;488;148;340;270;153;117;432
8001;Totaal over alle leeftijden;Totaal bevolking;Opmeer;2007;11396;10588;519;154;365;289;161;128;432
8002;Totaal over alle leeftijden;Totaal bevolking;Opmeer;2008;11404;10547;550;153;397;307;169;138;432
8003;Totaal over alle leeftijden;Totaal bevolking;Opmeer;2009;11425;10501;585;170;415;339;181;158;432
8004;Totaal over alle leeftijden;Totaal bevolking;Opmeer;2010;11427;10442;625;189;436;360;198;162;432
8005;Totaal over alle leeftijden;Totaal bevolking;Opmeer;2011;11430;10379;671;204;467;380;210;170;432
8006;Totaal over alle leeftijden;Totaal bevolking;Opmeer;2012;11431;10345;694;205;489;392;218;174;432
8007;Totaal over alle leeftijden;Totaal bevolking;Opmeer;2013;11439;10311;716;216;500;412;223;189;432
8008;Totaal over alle leeftijden;Totaal bevolking;Opmeer;2014;11431;10253;740;232;508;438;239;199;432
8009;Totaal over alle leeftijden;Totaal bevolking;Opmeer;2015;11438;10218;759;237;522;461;246;215;432
8010;Totaal over alle leeftijden;Totaal bevolking;Opmeer;2016;11431;10175;779;249;530;477;251;226;432
8011;Totaal over alle leeftijden;Totaal bevolking;Opmeer;2017;11422;10103;812;272;540;507;266;241;432
8012;Totaal over alle leeftijden;Totaal bevolking;Opmeer;2018;11418;10045;840;286;554;533;280;253;432
8013;Totaal over alle leeftijden;Totaal bevolking;Opmeer;2019;11408;9966;896;299;597;546;285;261;432
8014;Totaal over alle leeftijden;Totaal bevolking;Opmeer;2020;11394;9910;918;307;611;566;302;264;432
8015;Totaal over alle leeftijden;Totaal bevolking;Opmeer;2021;11391;9850;953;322;631;588;305;283;432
8016;Totaal over alle leeftijden;Totaal bevolking;Opmeer;2022;11382;9792;969;330;639;621;322;299;432
8017;Totaal over alle leeftijden;Totaal bevolking;Opmeer;2023;11373;9738;993;324;669;642;327;315;432
8018;Totaal over alle leeftijden;Totaal bevolking;Opmeer;2024;11354;9687;1017;342;675;650;325;325;432
8019;Totaal over alle leeftijden;Totaal bevolking;Opmeer;2025;11334;9628;1040;354;686;666;327;339;432
8020;Totaal over alle leeftijden;Totaal bevolking;Opsterland;2006;29885;28341;1068;340;728;476;324;152;86
8021;Totaal over alle leeftijden;Totaal bevolking;Opsterland;2007;30033;28412;1087;354;733;534;363;171;86
8022;Totaal over alle leeftijden;Totaal bevolking;Opsterland;2008;30057;28365;1107;370;737;585;406;179;86
8023;Totaal over alle leeftijden;Totaal bevolking;Opsterland;2009;30068;28281;1153;408;745;634;434;200;86
8024;Totaal over alle leeftijden;Totaal bevolking;Opsterland;2010;30068;28230;1167;424;743;671;464;207;86
8025;Totaal over alle leeftijden;Totaal bevolking;Opsterland;2011;30074;28139;1207;456;751;728;510;218;86
8026;Totaal over alle leeftijden;Totaal bevolking;Opsterland;2012;30093;28078;1248;469;779;767;539;228;86
8027;Totaal over alle leeftijden;Totaal bevolking;Opsterland;2013;30111;27994;1289;503;786;828;589;239;86
8028;Totaal over alle leeftijden;Totaal bevolking;Opsterland;2014;30131;27919;1345;540;805;867;620;247;86
8029;Totaal over alle leeftijden;Totaal bevolking;Opsterland;2015;30151;27870;1378;585;793;903;641;262;86
8030;Totaal over alle leeftijden;Totaal bevolking;Opsterland;2016;30183;27779;1450;630;820;954;673;281;86
8031;Totaal over alle leeftijden;Totaal bevolking;Opsterland;2017;30213;27720;1492;667;825;1001;700;301;86
8032;Totaal over alle leeftijden;Totaal bevolking;Opsterland;2018;30236;27661;1547;721;826;1028;713;315;86
8033;Totaal over alle leeftijden;Totaal bevolking;Opsterland;2019;30263;27580;1596;760;836;1087;754;333;86
8034;Totaal over alle leeftijden;Totaal bevolking;Opsterland;2020;30290;27485;1660;806;854;1145;802;343;86
8035;Totaal over alle leeftijden;Totaal bevolking;Opsterland;2021;30333;27405;1724;847;877;1204;843;361;86
8036;Totaal over alle leeftijden;Totaal bevolking;Opsterland;2022;30367;27340;1784;891;893;1243;887;356;86
8037;Totaal over alle leeftijden;Totaal bevolking;Opsterland;2023;30403;27303;1823;926;897;1277;907;370;86
8038;Totaal over alle leeftijden;Totaal bevolking;Opsterland;2024;30439;27247;1858;977;881;1334;947;387;86
8039;Totaal over alle leeftijden;Totaal bevolking;Opsterland;2025;30471;27167;1909;1028;881;1395;988;407;86
8040;Totaal over alle leeftijden;Totaal bevolking;Oss;2006;77052;64586;5635;1940;3695;6831;3805;3026;828
8041;Totaal over alle leeftijden;Totaal bevolking;Oss;2007;77046;64562;5605;1924;3681;6879;3787;3092;828
8042;Totaal over alle leeftijden;Totaal bevolking;Oss;2008;77125;64595;5598;1913;3685;6932;3767;3165;828
8043;Totaal over alle leeftijden;Totaal bevolking;Oss;2009;77171;64609;5578;1898;3680;6984;3769;3215;828
8044;Totaal over alle leeftijden;Totaal bevolking;Oss;2010;77234;64667;5580;1901;3679;6987;3743;3244;828
8045;Totaal over alle leeftijden;Totaal bevolking;Oss;2011;77316;64734;5556;1911;3645;7026;3727;3299;828
8046;Totaal over alle leeftijden;Totaal bevolking;Oss;2012;77371;64786;5545;1907;3638;7040;3720;3320;828
8047;Totaal over alle leeftijden;Totaal bevolking;Oss;2013;77445;64815;5553;1915;3638;7077;3738;3339;828
8048;Totaal over alle leeftijden;Totaal bevolking;Oss;2014;77513;64836;5568;1945;3623;7109;3725;3384;828
8049;Totaal over alle leeftijden;Totaal bevolking;Oss;2015;77563;64854;5575;1960;3615;7134;3704;3430;828
8050;Totaal over alle leeftijden;Totaal bevolking;Oss;2016;77593;64877;5551;1969;3582;7165;3706;3459;828
8051;Totaal over alle leeftijden;Totaal bevolking;Oss;2017;77614;64860;5559;1981;3578;7195;3692;3503;828
8052;Totaal over alle leeftijden;Totaal bevolking;Oss;2018;77613;64855;5520;1974;3546;7238;3702;3536;828
8053;Totaal over alle leeftijden;Totaal bevolking;Oss;2019;77624;64847;5517;1988;3529;7260;3695;3565;828
8054;Totaal over alle leeftijden;Totaal bevolking;Oss;2020;77640;64845;5516;1990;3526;7279;3695;3584;828
8055;Totaal over alle leeftijden;Totaal bevolking;Oss;2021;77647;64817;5479;1997;3482;7351;3721;3630;828
8056;Totaal over alle leeftijden;Totaal bevolking;Oss;2022;77635;64820;5443;1999;3444;7372;3727;3645;828
8057;Totaal over alle leeftijden;Totaal bevolking;Oss;2023;77642;64777;5446;2018;3428;7419;3751;3668;828
8058;Totaal over alle leeftijden;Totaal bevolking;Oss;2024;77630;64803;5387;1993;3394;7440;3742;3698;828
8059;Totaal over alle leeftijden;Totaal bevolking;Oss;2025;77614;64770;5378;2020;3358;7466;3772;3694;828
8060;Totaal over alle leeftijden;Totaal bevolking;Oud-Beijerland;2006;23826;21486;1446;458;988;894;496;398;584
8061;Totaal over alle leeftijden;Totaal bevolking;Oud-Beijerland;2007;23886;21463;1475;464;1011;948;528;420;584
8062;Totaal over alle leeftijden;Totaal bevolking;Oud-Beijerland;2008;23889;21384;1508;470;1038;997;552;445;584
8063;Totaal over alle leeftijden;Totaal bevolking;Oud-Beijerland;2009;23905;21315;1552;487;1065;1038;575;463;584
8064;Totaal over alle leeftijden;Totaal bevolking;Oud-Beijerland;2010;23915;21245;1594;505;1089;1076;610;466;584
8065;Totaal over alle leeftijden;Totaal bevolking;Oud-Beijerland;2011;23917;21178;1624;515;1109;1115;619;496;584
8066;Totaal over alle leeftijden;Totaal bevolking;Oud-Beijerland;2012;23927;21126;1672;523;1149;1129;615;514;584
8067;Totaal over alle leeftijden;Totaal bevolking;Oud-Beijerland;2013;23929;21064;1688;525;1163;1177;640;537;584
8068;Totaal over alle leeftijden;Totaal bevolking;Oud-Beijerland;2014;23934;21000;1721;549;1172;1213;668;545;584
8069;Totaal over alle leeftijden;Totaal bevolking;Oud-Beijerland;2015;23941;20911;1762;575;1187;1268;698;570;584
8070;Totaal over alle leeftijden;Totaal bevolking;Oud-Beijerland;2016;23955;20854;1778;591;1187;1323;729;594;584
8071;Totaal over alle leeftijden;Totaal bevolking;Oud-Beijerland;2017;23969;20795;1812;603;1209;1362;747;615;584
8072;Totaal over alle leeftijden;Totaal bevolking;Oud-Beijerland;2018;23977;20730;1840;608;1232;1407;767;640;584
8073;Totaal over alle leeftijden;Totaal bevolking;Oud-Beijerland;2019;23972;20657;1886;632;1254;1429;777;652;584
8074;Totaal over alle leeftijden;Totaal bevolking;Oud-Beijerland;2020;23986;20633;1896;642;1254;1457;787;670;584
8075;Totaal over alle leeftijden;Totaal bevolking;Oud-Beijerland;2021;24005;20587;1951;672;1279;1467;789;678;584
8076;Totaal over alle leeftijden;Totaal bevolking;Oud-Beijerland;2022;24027;20517;1985;679;1306;1525;821;704;584
8077;Totaal over alle leeftijden;Totaal bevolking;Oud-Beijerland;2023;24031;20443;2006;701;1305;1582;849;733;584
8078;Totaal over alle leeftijden;Totaal bevolking;Oud-Beijerland;2024;24068;20398;2036;725;1311;1634;872;762;584
8079;Totaal over alle leeftijden;Totaal bevolking;Oud-Beijerland;2025;24101;20334;2086;743;1343;1681;892;789;584
8080;Totaal over alle leeftijden;Totaal bevolking;Ouder-Amstel;2006;12949;10333;1478;613;865;1138;602;536;437
8081;Totaal over alle leeftijden;Totaal bevolking;Ouder-Amstel;2007;12878;10142;1516;611;905;1220;619;601;437
8082;Totaal over alle leeftijden;Totaal bevolking;Ouder-Amstel;2008;12825;9964;1559;613;946;1302;629;673;437
8083;Totaal over alle leeftijden;Totaal bevolking;Ouder-Amstel;2009;12756;9824;1569;619;950;1363;613;750;437
8084;Totaal over alle leeftijden;Totaal bevolking;Ouder-Amstel;2010;12689;9630;1614;629;985;1445;619;826;437
8085;Totaal over alle leeftijden;Totaal bevolking;Ouder-Amstel;2011;12637;9480;1652;621;1031;1505;611;894;437
8086;Totaal over alle leeftijden;Totaal bevolking;Ouder-Amstel;2012;12565;9341;1657;623;1034;1567;594;973;437
8087;Totaal over alle leeftijden;Totaal bevolking;Ouder-Amstel;2013;12498;9172;1699;626;1073;1627;578;1049;437
8088;Totaal over alle leeftijden;Totaal bevolking;Ouder-Amstel;2014;12432;9005;1716;621;1095;1711;575;1136;437
8089;Totaal over alle leeftijden;Totaal bevolking;Ouder-Amstel;2015;12362;8854;1735;634;1101;1773;569;1204;437
8090;Totaal over alle leeftijden;Totaal bevolking;Ouder-Amstel;2016;12296;8718;1759;639;1120;1819;555;1264;437
8091;Totaal over alle leeftijden;Totaal bevolking;Ouder-Amstel;2017;12229;8553;1771;632;1139;1905;558;1347;437
8092;Totaal over alle leeftijden;Totaal bevolking;Ouder-Amstel;2018;12159;8424;1774;624;1150;1961;562;1399;437
8093;Totaal over alle leeftijden;Totaal bevolking;Ouder-Amstel;2019;12103;8302;1777;625;1152;2024;570;1454;437
8094;Totaal over alle leeftijden;Totaal bevolking;Ouder-Amstel;2020;12044;8180;1801;625;1176;2063;563;1500;437
8095;Totaal over alle leeftijden;Totaal bevolking;Ouder-Amstel;2021;12000;8070;1832;638;1194;2098;555;1543;437
8096;Totaal over alle leeftijden;Totaal bevolking;Ouder-Amstel;2022;11944;7940;1870;641;1229;2134;540;1594;437
8097;Totaal over alle leeftijden;Totaal bevolking;Ouder-Amstel;2023;11889;7823;1877;640;1237;2189;544;1645;437
8098;Totaal over alle leeftijden;Totaal bevolking;Ouder-Amstel;2024;11854;7682;1911;645;1266;2261;551;1710;437
8099;Totaal over alle leeftijden;Totaal bevolking;Ouder-Amstel;2025;11818;7560;1940;642;1298;2318;563;1755;437
8100;Totaal over alle leeftijden;Totaal bevolking;Ouderkerk;2006;8242;7693;335;108;227;214;124;90;644
8101;Totaal over alle leeftijden;Totaal bevolking;Ouderkerk;2007;8277;7665;366;127;239;246;140;106;644
8102;Totaal over alle leeftijden;Totaal bevolking;Ouderkerk;2008;8316;7651;391;143;248;274;163;111;644
8103;Totaal over alle leeftijden;Totaal bevolking;Ouderkerk;2009;8342;7623;413;148;265;306;179;127;644
8104;Totaal over alle leeftijden;Totaal bevolking;Ouderkerk;2010;8337;7564;441;154;287;332;196;136;644
8105;Totaal over alle leeftijden;Totaal bevolking;Ouderkerk;2011;8358;7531;474;166;308;353;206;147;644
8106;Totaal over alle leeftijden;Totaal bevolking;Ouderkerk;2012;8374;7489;507;173;334;378;220;158;644
8107;Totaal over alle leeftijden;Totaal bevolking;Ouderkerk;2013;8398;7455;537;186;351;406;229;177;644
8108;Totaal over alle leeftijden;Totaal bevolking;Ouderkerk;2014;8426;7415;578;196;382;433;246;187;644
8109;Totaal over alle leeftijden;Totaal bevolking;Ouderkerk;2015;8451;7383;614;210;404;454;251;203;644
8110;Totaal over alle leeftijden;Totaal bevolking;Ouderkerk;2016;8474;7346;655;221;434;473;263;210;644
8111;Totaal over alle leeftijden;Totaal bevolking;Ouderkerk;2017;8490;7321;674;233;441;495;280;215;644
8112;Totaal over alle leeftijden;Totaal bevolking;Ouderkerk;2018;8536;7312;714;243;471;510;280;230;644
8113;Totaal over alle leeftijden;Totaal bevolking;Ouderkerk;2019;8536;7272;733;257;476;531;292;239;644
8114;Totaal over alle leeftijden;Totaal bevolking;Ouderkerk;2020;8550;7234;776;279;497;540;292;248;644
8115;Totaal over alle leeftijden;Totaal bevolking;Ouderkerk;2021;8562;7203;801;288;513;558;302;256;644
8116;Totaal over alle leeftijden;Totaal bevolking;Ouderkerk;2022;8569;7167;828;308;520;574;309;265;644
8117;Totaal over alle leeftijden;Totaal bevolking;Ouderkerk;2023;8581;7138;849;312;537;594;315;279;644
8118;Totaal over alle leeftijden;Totaal bevolking;Ouderkerk;2024;8584;7101;869;313;556;614;332;282;644
8119;Totaal over alle leeftijden;Totaal bevolking;Ouderkerk;2025;8575;7057;889;320;569;629;348;281;644
8120;Totaal over alle leeftijden;Totaal bevolking;Oudewater;2006;9982;9295;407;122;285;280;171;109;589
8121;Totaal over alle leeftijden;Totaal bevolking;Oudewater;2007;10036;9290;439;135;304;307;188;119;589
8122;Totaal over alle leeftijden;Totaal bevolking;Oudewater;2008;10077;9273;463;141;322;341;206;135;589
8123;Totaal over alle leeftijden;Totaal bevolking;Oudewater;2009;10094;9237;487;144;343;370;220;150;589
8124;Totaal over alle leeftijden;Totaal bevolking;Oudewater;2010;10124;9210;508;149;359;406;234;172;589
8125;Totaal over alle leeftijden;Totaal bevolking;Oudewater;2011;10135;9164;539;160;379;432;244;188;589
8126;Totaal over alle leeftijden;Totaal bevolking;Oudewater;2012;10147;9112;572;167;405;463;257;206;589
8127;Totaal over alle leeftijden;Totaal bevolking;Oudewater;2013;10173;9089;596;175;421;488;263;225;589
8128;Totaal over alle leeftijden;Totaal bevolking;Oudewater;2014;10187;9038;629;191;438;520;278;242;589
8129;Totaal over alle leeftijden;Totaal bevolking;Oudewater;2015;10196;8992;650;202;448;554;289;265;589
8130;Totaal over alle leeftijden;Totaal bevolking;Oudewater;2016;10208;8933;684;213;471;591;307;284;589
8131;Totaal over alle leeftijden;Totaal bevolking;Oudewater;2017;10223;8907;697;218;479;619;320;299;589
8132;Totaal over alle leeftijden;Totaal bevolking;Oudewater;2018;10227;8871;713;223;490;643;322;321;589
8133;Totaal over alle leeftijden;Totaal bevolking;Oudewater;2019;10235;8816;744;240;504;675;335;340;589
8134;Totaal over alle leeftijden;Totaal bevolking;Oudewater;2020;10230;8772;756;252;504;702;343;359;589
8135;Totaal over alle leeftijden;Totaal bevolking;Oudewater;2021;10222;8727;781;269;512;714;341;373;589
8136;Totaal over alle leeftijden;Totaal bevolking;Oudewater;2022;10211;8685;798;275;523;728;336;392;589
8137;Totaal over alle leeftijden;Totaal bevolking;Oudewater;2023;10212;8652;816;296;520;744;345;399;589
8138;Totaal over alle leeftijden;Totaal bevolking;Oudewater;2024;10222;8616;837;297;540;769;349;420;589
8139;Totaal over alle leeftijden;Totaal bevolking;Oudewater;2025;10216;8552;864;311;553;800;355;445;589
8140;Totaal over alle leeftijden;Totaal bevolking;Oude IJsselstreek;2006;40153;34804;3034;887;2147;2315;1335;980;1509
8141;Totaal over alle leeftijden;Totaal bevolking;Oude IJsselstreek;2007;40001;34627;3021;886;2135;2353;1374;979;1509
8142;Totaal over alle leeftijden;Totaal bevolking;Oude IJsselstreek;2008;39832;34425;3031;891;2140;2376;1386;990;1509
8143;Totaal over alle leeftijden;Totaal bevolking;Oude IJsselstreek;2009;39663;34254;3023;890;2133;2386;1390;996;1509
8144;Totaal over alle leeftijden;Totaal bevolking;Oude IJsselstreek;2010;39475;34037;3040;899;2141;2398;1403;995;1509
8145;Totaal over alle leeftijden;Totaal bevolking;Oude IJsselstreek;2011;39310;33853;3031;912;2119;2426;1426;1000;1509
8146;Totaal over alle leeftijden;Totaal bevolking;Oude IJsselstreek;2012;39123;33677;3017;927;2090;2429;1428;1001;1509
8147;Totaal over alle leeftijden;Totaal bevolking;Oude IJsselstreek;2013;38940;33524;3001;926;2075;2415;1416;999;1509
8148;Totaal over alle leeftijden;Totaal bevolking;Oude IJsselstreek;2014;38744;33335;3010;929;2081;2399;1405;994;1509
8149;Totaal over alle leeftijden;Totaal bevolking;Oude IJsselstreek;2015;38568;33151;3022;943;2079;2395;1405;990;1509
8150;Totaal over alle leeftijden;Totaal bevolking;Oude IJsselstreek;2016;38398;32980;3014;948;2066;2404;1423;981;1509
8151;Totaal over alle leeftijden;Totaal bevolking;Oude IJsselstreek;2017;38228;32810;3025;959;2066;2393;1433;960;1509
8152;Totaal over alle leeftijden;Totaal bevolking;Oude IJsselstreek;2018;38066;32619;3032;966;2066;2415;1453;962;1509
8153;Totaal over alle leeftijden;Totaal bevolking;Oude IJsselstreek;2019;37886;32431;3035;977;2058;2420;1469;951;1509
8154;Totaal over alle leeftijden;Totaal bevolking;Oude IJsselstreek;2020;37721;32283;3005;971;2034;2433;1486;947;1509
8155;Totaal over alle leeftijden;Totaal bevolking;Oude IJsselstreek;2021;37560;32110;3012;979;2033;2438;1505;933;1509
8156;Totaal over alle leeftijden;Totaal bevolking;Oude IJsselstreek;2022;37407;31923;3013;980;2033;2471;1516;955;1509
8157;Totaal over alle leeftijden;Totaal bevolking;Oude IJsselstreek;2023;37264;31781;3014;990;2024;2469;1503;966;1509
8158;Totaal over alle leeftijden;Totaal bevolking;Oude IJsselstreek;2024;37131;31639;3018;991;2027;2474;1509;965;1509
8159;Totaal over alle leeftijden;Totaal bevolking;Oude IJsselstreek;2025;37015;31484;3045;996;2049;2486;1519;967;1509
8160;Totaal over alle leeftijden;Totaal bevolking;Overbetuwe;2006;41923;37699;2990;988;2002;1234;722;512;1734
8161;Totaal over alle leeftijden;Totaal bevolking;Overbetuwe;2007;42675;38284;3055;1007;2048;1336;775;561;1734
8162;Totaal over alle leeftijden;Totaal bevolking;Overbetuwe;2008;43420;38858;3115;998;2117;1447;832;615;1734
8163;Totaal over alle leeftijden;Totaal bevolking;Overbetuwe;2009;44183;39422;3205;1022;2183;1556;868;688;1734
8164;Totaal over alle leeftijden;Totaal bevolking;Overbetuwe;2010;44927;39994;3257;1044;2213;1676;909;767;1734
8165;Totaal over alle leeftijden;Totaal bevolking;Overbetuwe;2011;45664;40549;3327;1057;2270;1788;951;837;1734
8166;Totaal over alle leeftijden;Totaal bevolking;Overbetuwe;2012;46397;41079;3401;1091;2310;1917;1014;903;1734
8167;Totaal over alle leeftijden;Totaal bevolking;Overbetuwe;2013;47118;41614;3455;1099;2356;2049;1068;981;1734
8168;Totaal over alle leeftijden;Totaal bevolking;Overbetuwe;2014;47805;42125;3531;1119;2412;2149;1093;1056;1734
8169;Totaal over alle leeftijden;Totaal bevolking;Overbetuwe;2015;48470;42644;3568;1123;2445;2258;1139;1119;1734
8170;Totaal over alle leeftijden;Totaal bevolking;Overbetuwe;2016;49115;43132;3619;1148;2471;2364;1167;1197;1734
8171;Totaal over alle leeftijden;Totaal bevolking;Overbetuwe;2017;49713;43570;3668;1160;2508;2475;1197;1278;1734
8172;Totaal over alle leeftijden;Totaal bevolking;Overbetuwe;2018;50308;44004;3747;1194;2553;2557;1215;1342;1734
8173;Totaal over alle leeftijden;Totaal bevolking;Overbetuwe;2019;50897;44407;3803;1212;2591;2687;1261;1426;1734
8174;Totaal over alle leeftijden;Totaal bevolking;Overbetuwe;2020;51452;44820;3838;1240;2598;2794;1308;1486;1734
8175;Totaal over alle leeftijden;Totaal bevolking;Overbetuwe;2021;51969;45202;3869;1256;2613;2898;1346;1552;1734
8176;Totaal over alle leeftijden;Totaal bevolking;Overbetuwe;2022;52489;45562;3899;1275;2624;3028;1367;1661;1734
8177;Totaal over alle leeftijden;Totaal bevolking;Overbetuwe;2023;52949;45895;3927;1276;2651;3127;1382;1745;1734
8178;Totaal over alle leeftijden;Totaal bevolking;Overbetuwe;2024;53377;46237;3935;1287;2648;3205;1402;1803;1734
8179;Totaal over alle leeftijden;Totaal bevolking;Overbetuwe;2025;53772;46498;3979;1308;2671;3295;1423;1872;1734
8180;Totaal over alle leeftijden;Totaal bevolking;Papendrecht;2006;32431;27529;2622;980;1642;2280;1303;977;590
8181;Totaal over alle leeftijden;Totaal bevolking;Papendrecht;2007;32590;27646;2641;969;1672;2303;1280;1023;590
8182;Totaal over alle leeftijden;Totaal bevolking;Papendrecht;2008;33028;27932;2699;994;1705;2397;1290;1107;590
8183;Totaal over alle leeftijden;Totaal bevolking;Papendrecht;2009;33479;28242;2768;1027;1741;2469;1284;1185;590
8184;Totaal over alle leeftijden;Totaal bevolking;Papendrecht;2010;33901;28524;2831;1037;1794;2546;1300;1246;590
8185;Totaal over alle leeftijden;Totaal bevolking;Papendrecht;2011;34340;28844;2866;1047;1819;2630;1307;1323;590
8186;Totaal over alle leeftijden;Totaal bevolking;Papendrecht;2012;34797;29182;2891;1064;1827;2724;1334;1390;590
8187;Totaal over alle leeftijden;Totaal bevolking;Papendrecht;2013;35240;29486;2933;1104;1829;2821;1356;1465;590
8188;Totaal over alle leeftijden;Totaal bevolking;Papendrecht;2014;35669;29797;2964;1116;1848;2908;1367;1541;590
8189;Totaal over alle leeftijden;Totaal bevolking;Papendrecht;2015;36087;30081;3019;1127;1892;2987;1384;1603;590
8190;Totaal over alle leeftijden;Totaal bevolking;Papendrecht;2016;36492;30364;3052;1128;1924;3076;1389;1687;590
8191;Totaal over alle leeftijden;Totaal bevolking;Papendrecht;2017;36882;30632;3093;1154;1939;3157;1408;1749;590
8192;Totaal over alle leeftijden;Totaal bevolking;Papendrecht;2018;37270;30882;3141;1171;1970;3247;1436;1811;590
8193;Totaal over alle leeftijden;Totaal bevolking;Papendrecht;2019;37635;31143;3168;1160;2008;3324;1430;1894;590
8194;Totaal over alle leeftijden;Totaal bevolking;Papendrecht;2020;38010;31368;3215;1178;2037;3427;1443;1984;590
8195;Totaal over alle leeftijden;Totaal bevolking;Papendrecht;2021;38351;31611;3224;1177;2047;3516;1449;2067;590
8196;Totaal over alle leeftijden;Totaal bevolking;Papendrecht;2022;38696;31838;3267;1193;2074;3591;1461;2130;590
8197;Totaal over alle leeftijden;Totaal bevolking;Papendrecht;2023;39008;32016;3299;1211;2088;3693;1472;2221;590
8198;Totaal over alle leeftijden;Totaal bevolking;Papendrecht;2024;39307;32188;3329;1204;2125;3790;1474;2316;590
8199;Totaal over alle leeftijden;Totaal bevolking;Papendrecht;2025;39583;32346;3373;1205;2168;3864;1483;2381;590
8200;Totaal over alle leeftijden;Totaal bevolking;Pekela;2006;13301;12005;797;321;476;499;374;125;765
8201;Totaal over alle leeftijden;Totaal bevolking;Pekela;2007;13231;11938;816;330;486;477;354;123;765
8202;Totaal over alle leeftijden;Totaal bevolking;Pekela;2008;13125;11824;835;332;503;466;336;130;765
8203;Totaal over alle leeftijden;Totaal bevolking;Pekela;2009;13021;11699;865;347;518;457;322;135;765
8204;Totaal over alle leeftijden;Totaal bevolking;Pekela;2010;12928;11600;871;348;523;457;318;139;765
8205;Totaal over alle leeftijden;Totaal bevolking;Pekela;2011;12828;11481;886;365;521;461;318;143;765
8206;Totaal over alle leeftijden;Totaal bevolking;Pekela;2012;12740;11343;922;378;544;475;323;152;765
8207;Totaal over alle leeftijden;Totaal bevolking;Pekela;2013;12650;11227;940;386;554;483;322;161;765
8208;Totaal over alle leeftijden;Totaal bevolking;Pekela;2014;12558;11110;953;391;562;495;332;163;765
8209;Totaal over alle leeftijden;Totaal bevolking;Pekela;2015;12475;10994;989;412;577;492;333;159;765
8210;Totaal over alle leeftijden;Totaal bevolking;Pekela;2016;12398;10885;1013;432;581;500;333;167;765
8211;Totaal over alle leeftijden;Totaal bevolking;Pekela;2017;12324;10780;1030;449;581;514;345;169;765
8212;Totaal over alle leeftijden;Totaal bevolking;Pekela;2018;12244;10704;1029;453;576;511;345;166;765
8213;Totaal over alle leeftijden;Totaal bevolking;Pekela;2019;12173;10597;1046;458;588;530;358;172;765
8214;Totaal over alle leeftijden;Totaal bevolking;Pekela;2020;12086;10505;1046;463;583;535;359;176;765
8215;Totaal over alle leeftijden;Totaal bevolking;Pekela;2021;12022;10425;1043;466;577;554;379;175;765
8216;Totaal over alle leeftijden;Totaal bevolking;Pekela;2022;11965;10359;1044;473;571;562;387;175;765
8217;Totaal over alle leeftijden;Totaal bevolking;Pekela;2023;11903;10263;1056;468;588;584;401;183;765
8218;Totaal over alle leeftijden;Totaal bevolking;Pekela;2024;11850;10169;1078;489;589;603;416;187;765
8219;Totaal over alle leeftijden;Totaal bevolking;Pekela;2025;11796;10104;1101;514;587;591;403;188;765
8220;Totaal over alle leeftijden;Totaal bevolking;Purmerend;2006;77609;60317;6690;2548;4142;10602;6121;4481;439
8221;Totaal over alle leeftijden;Totaal bevolking;Purmerend;2007;78051;60535;6719;2593;4126;10797;6215;4582;439
8222;Totaal over alle leeftijden;Totaal bevolking;Purmerend;2008;78550;60775;6718;2649;4069;11057;6330;4727;439
8223;Totaal over alle leeftijden;Totaal bevolking;Purmerend;2009;79048;60981;6736;2689;4047;11331;6473;4858;439
8224;Totaal over alle leeftijden;Totaal bevolking;Purmerend;2010;79757;61333;6785;2756;4029;11639;6618;5021;439
8225;Totaal over alle leeftijden;Totaal bevolking;Purmerend;2011;80466;61757;6841;2825;4016;11868;6718;5150;439
8226;Totaal over alle leeftijden;Totaal bevolking;Purmerend;2012;81159;62162;6887;2873;4014;12110;6836;5274;439
8227;Totaal over alle leeftijden;Totaal bevolking;Purmerend;2013;81849;62544;6939;2934;4005;12366;6951;5415;439
8228;Totaal over alle leeftijden;Totaal bevolking;Purmerend;2014;82538;62896;7032;3009;4023;12610;7063;5547;439
8229;Totaal over alle leeftijden;Totaal bevolking;Purmerend;2015;83202;63300;7052;3076;3976;12850;7164;5686;439
8230;Totaal over alle leeftijden;Totaal bevolking;Purmerend;2016;83875;63638;7126;3177;3949;13111;7300;5811;439
8231;Totaal over alle leeftijden;Totaal bevolking;Purmerend;2017;84537;63970;7223;3273;3950;13344;7401;5943;439
8232;Totaal over alle leeftijden;Totaal bevolking;Purmerend;2018;85175;64311;7317;3372;3945;13547;7489;6058;439
8233;Totaal over alle leeftijden;Totaal bevolking;Purmerend;2019;85814;64690;7355;3418;3937;13769;7586;6183;439
8234;Totaal over alle leeftijden;Totaal bevolking;Purmerend;2020;86416;64993;7454;3482;3972;13969;7674;6295;439
8235;Totaal over alle leeftijden;Totaal bevolking;Purmerend;2021;87022;65374;7491;3546;3945;14157;7737;6420;439
8236;Totaal over alle leeftijden;Totaal bevolking;Purmerend;2022;87627;65699;7559;3616;3943;14369;7827;6542;439
8237;Totaal over alle leeftijden;Totaal bevolking;Purmerend;2023;88203;66100;7565;3650;3915;14538;7902;6636;439
8238;Totaal over alle leeftijden;Totaal bevolking;Purmerend;2024;88742;66406;7619;3704;3915;14717;7971;6746;439
8239;Totaal over alle leeftijden;Totaal bevolking;Purmerend;2025;89276;66715;7667;3762;3905;14894;8001;6893;439
8240;Totaal over alle leeftijden;Totaal bevolking;Putten;2006;23155;21726;834;301;533;595;367;228;273
8241;Totaal over alle leeftijden;Totaal bevolking;Putten;2007;23189;21688;875;303;572;626;385;241;273
8242;Totaal over alle leeftijden;Totaal bevolking;Putten;2008;23187;21623;908;321;587;656;402;254;273
8243;Totaal over alle leeftijden;Totaal bevolking;Putten;2009;23179;21554;949;332;617;676;410;266;273
8244;Totaal over alle leeftijden;Totaal bevolking;Putten;2010;23171;21496;983;338;645;692;418;274;273
8245;Totaal over alle leeftijden;Totaal bevolking;Putten;2011;23166;21437;1018;362;656;711;420;291;273
8246;Totaal over alle leeftijden;Totaal bevolking;Putten;2012;23153;21369;1052;386;666;732;420;312;273
8247;Totaal over alle leeftijden;Totaal bevolking;Putten;2013;23155;21314;1080;407;673;761;435;326;273
8248;Totaal over alle leeftijden;Totaal bevolking;Putten;2014;23139;21231;1118;426;692;790;454;336;273
8249;Totaal over alle leeftijden;Totaal bevolking;Putten;2015;23101;21140;1147;446;701;814;472;342;273
8250;Totaal over alle leeftijden;Totaal bevolking;Putten;2016;23088;21050;1190;456;734;848;499;349;273
8251;Totaal over alle leeftijden;Totaal bevolking;Putten;2017;23080;20974;1228;473;755;878;522;356;273
8252;Totaal over alle leeftijden;Totaal bevolking;Putten;2018;23055;20909;1246;483;763;900;540;360;273
8253;Totaal over alle leeftijden;Totaal bevolking;Putten;2019;23045;20865;1276;500;776;904;539;365;273
8254;Totaal over alle leeftijden;Totaal bevolking;Putten;2020;23029;20791;1291;506;785;947;563;384;273
8255;Totaal over alle leeftijden;Totaal bevolking;Putten;2021;23006;20733;1293;510;783;980;572;408;273
8256;Totaal over alle leeftijden;Totaal bevolking;Putten;2022;22993;20681;1313;532;781;999;579;420;273
8257;Totaal over alle leeftijden;Totaal bevolking;Putten;2023;22988;20630;1339;546;793;1019;585;434;273
8258;Totaal over alle leeftijden;Totaal bevolking;Putten;2024;22969;20568;1365;566;799;1036;598;438;273
8259;Totaal over alle leeftijden;Totaal bevolking;Putten;2025;22954;20502;1403;584;819;1049;612;437;273
8260;Totaal over alle leeftijden;Totaal bevolking;Pijnacker-Nootdorp;2006;40944;35007;2936;964;1972;3001;1533;1468;1926
8261;Totaal over alle leeftijden;Totaal bevolking;Pijnacker-Nootdorp;2007;41602;35347;3035;991;2044;3220;1588;1632;1926
8262;Totaal over alle leeftijden;Totaal bevolking;Pijnacker-Nootdorp;2008;43021;36223;3178;1011;2167;3620;1723;1897;1926
8263;Totaal over alle leeftijden;Totaal bevolking;Pijnacker-Nootdorp;2009;44456;37065;3358;1065;2293;4033;1856;2177;1926
8264;Totaal over alle leeftijden;Totaal bevolking;Pijnacker-Nootdorp;2010;45881;37856;3540;1120;2420;4485;1993;2492;1926
8265;Totaal over alle leeftijden;Totaal bevolking;Pijnacker-Nootdorp;2011;47321;38582;3742;1184;2558;4997;2162;2835;1926
8266;Totaal over alle leeftijden;Totaal bevolking;Pijnacker-Nootdorp;2012;48751;39292;3928;1263;2665;5531;2299;3232;1926
8267;Totaal over alle leeftijden;Totaal bevolking;Pijnacker-Nootdorp;2013;50191;40048;4133;1343;2790;6010;2407;3603;1926
8268;Totaal over alle leeftijden;Totaal bevolking;Pijnacker-Nootdorp;2014;51607;40752;4329;1437;2892;6526;2544;3982;1926
8269;Totaal over alle leeftijden;Totaal bevolking;Pijnacker-Nootdorp;2015;52983;41400;4522;1516;3006;7061;2678;4383;1926
8270;Totaal over alle leeftijden;Totaal bevolking;Pijnacker-Nootdorp;2016;54308;42026;4714;1591;3123;7568;2791;4777;1926
8271;Totaal over alle leeftijden;Totaal bevolking;Pijnacker-Nootdorp;2017;55627;42668;4904;1653;3251;8055;2927;5128;1926
8272;Totaal over alle leeftijden;Totaal bevolking;Pijnacker-Nootdorp;2018;56927;43274;5093;1741;3352;8560;3045;5515;1926
8273;Totaal over alle leeftijden;Totaal bevolking;Pijnacker-Nootdorp;2019;58188;43851;5274;1811;3463;9063;3159;5904;1926
8274;Totaal over alle leeftijden;Totaal bevolking;Pijnacker-Nootdorp;2020;59389;44425;5444;1888;3556;9520;3242;6278;1926
8275;Totaal over alle leeftijden;Totaal bevolking;Pijnacker-Nootdorp;2021;60564;44955;5598;1949;3649;10011;3339;6672;1926
8276;Totaal over alle leeftijden;Totaal bevolking;Pijnacker-Nootdorp;2022;61682;45410;5788;2026;3762;10484;3430;7054;1926
8277;Totaal over alle leeftijden;Totaal bevolking;Pijnacker-Nootdorp;2023;62781;45938;5916;2079;3837;10927;3527;7400;1926
8278;Totaal over alle leeftijden;Totaal bevolking;Pijnacker-Nootdorp;2024;63812;46460;6055;2117;3938;11297;3582;7715;1926
8279;Totaal over alle leeftijden;Totaal bevolking;Pijnacker-Nootdorp;2025;64770;46946;6178;2152;4026;11646;3626;8020;1926
8280;Totaal over alle leeftijden;Totaal bevolking;Raalte;2006;37308;35106;1127;433;694;1075;741;334;177
8281;Totaal over alle leeftijden;Totaal bevolking;Raalte;2007;37356;35093;1149;448;701;1114;753;361;177
8282;Totaal over alle leeftijden;Totaal bevolking;Raalte;2008;37331;35050;1169;447;722;1112;749;363;177
8283;Totaal over alle leeftijden;Totaal bevolking;Raalte;2009;37309;35007;1176;445;731;1126;748;378;177
8284;Totaal over alle leeftijden;Totaal bevolking;Raalte;2010;37283;34903;1222;462;760;1158;761;397;177
8285;Totaal over alle leeftijden;Totaal bevolking;Raalte;2011;37258;34839;1249;460;789;1170;766;404;177
8286;Totaal over alle leeftijden;Totaal bevolking;Raalte;2012;37224;34760;1265;467;798;1199;772;427;177
8287;Totaal over alle leeftijden;Totaal bevolking;Raalte;2013;37190;34699;1293;480;813;1198;771;427;177
8288;Totaal over alle leeftijden;Totaal bevolking;Raalte;2014;37156;34603;1328;491;837;1225;785;440;177
8289;Totaal over alle leeftijden;Totaal bevolking;Raalte;2015;37118;34476;1385;501;884;1257;804;453;177
8290;Totaal over alle leeftijden;Totaal bevolking;Raalte;2016;37092;34373;1425;517;908;1294;834;460;177
8291;Totaal over alle leeftijden;Totaal bevolking;Raalte;2017;37066;34265;1475;538;937;1326;852;474;177
8292;Totaal over alle leeftijden;Totaal bevolking;Raalte;2018;37039;34195;1492;554;938;1352;860;492;177
8293;Totaal over alle leeftijden;Totaal bevolking;Raalte;2019;37017;34106;1538;589;949;1373;879;494;177
8294;Totaal over alle leeftijden;Totaal bevolking;Raalte;2020;36996;34027;1566;590;976;1403;898;505;177
8295;Totaal over alle leeftijden;Totaal bevolking;Raalte;2021;36970;33958;1596;611;985;1416;901;515;177
8296;Totaal over alle leeftijden;Totaal bevolking;Raalte;2022;36944;33902;1611;613;998;1431;911;520;177
8297;Totaal over alle leeftijden;Totaal bevolking;Raalte;2023;36922;33821;1634;618;1016;1467;916;551;177
8298;Totaal over alle leeftijden;Totaal bevolking;Raalte;2024;36897;33746;1657;627;1030;1494;929;565;177
8299;Totaal over alle leeftijden;Totaal bevolking;Raalte;2025;36875;33665;1686;634;1052;1524;931;593;177
8300;Totaal over alle leeftijden;Totaal bevolking;Reeuwijk;2006;13018;11885;687;237;450;446;279;167;595
8301;Totaal over alle leeftijden;Totaal bevolking;Reeuwijk;2007;13045;11828;739;249;490;478;297;181;595
8302;Totaal over alle leeftijden;Totaal bevolking;Reeuwijk;2008;13042;11727;783;259;524;532;334;198;595
8303;Totaal over alle leeftijden;Totaal bevolking;Reeuwijk;2009;13044;11667;817;264;553;560;351;209;595
8304;Totaal over alle leeftijden;Totaal bevolking;Reeuwijk;2010;13021;11585;854;276;578;582;361;221;595
8305;Totaal over alle leeftijden;Totaal bevolking;Reeuwijk;2011;13018;11524;870;285;585;624;383;241;595
8306;Totaal over alle leeftijden;Totaal bevolking;Reeuwijk;2012;12998;11443;899;290;609;656;401;255;595
8307;Totaal over alle leeftijden;Totaal bevolking;Reeuwijk;2013;12982;11366;921;296;625;695;419;276;595
8308;Totaal over alle leeftijden;Totaal bevolking;Reeuwijk;2014;12962;11296;951;309;642;715;424;291;595
8309;Totaal over alle leeftijden;Totaal bevolking;Reeuwijk;2015;12936;11199;988;331;657;749;443;306;595
8310;Totaal over alle leeftijden;Totaal bevolking;Reeuwijk;2016;12928;11124;1018;344;674;786;465;321;595
8311;Totaal over alle leeftijden;Totaal bevolking;Reeuwijk;2017;12920;11064;1032;356;676;824;475;349;595
8312;Totaal over alle leeftijden;Totaal bevolking;Reeuwijk;2018;12901;10968;1066;362;704;867;501;366;595
8313;Totaal over alle leeftijden;Totaal bevolking;Reeuwijk;2019;12891;10887;1098;366;732;906;524;382;595
8314;Totaal over alle leeftijden;Totaal bevolking;Reeuwijk;2020;12881;10813;1124;387;737;944;546;398;595
8315;Totaal over alle leeftijden;Totaal bevolking;Reeuwijk;2021;12864;10753;1136;382;754;975;564;411;595
8316;Totaal over alle leeftijden;Totaal bevolking;Reeuwijk;2022;12843;10670;1172;400;772;1001;571;430;595
8317;Totaal over alle leeftijden;Totaal bevolking;Reeuwijk;2023;12809;10594;1196;406;790;1019;574;445;595
8318;Totaal over alle leeftijden;Totaal bevolking;Reeuwijk;2024;12802;10529;1229;425;804;1044;583;461;595
8319;Totaal over alle leeftijden;Totaal bevolking;Reeuwijk;2025;12793;10461;1260;446;814;1072;587;485;595
8320;Totaal over alle leeftijden;Totaal bevolking;Reiderland;2006;6956;5960;848;360;488;148;103;45;1661
8321;Totaal over alle leeftijden;Totaal bevolking;Reiderland;2007;6929;5941;832;353;479;156;113;43;1661
8322;Totaal over alle leeftijden;Totaal bevolking;Reiderland;2008;6893;5922;799;341;458;172;128;44;1661
8323;Totaal over alle leeftijden;Totaal bevolking;Reiderland;2009;6848;5883;785;335;450;180;133;47;1661
8324;Totaal over alle leeftijden;Totaal bevolking;Reiderland;2010;6799;5848;761;330;431;190;139;51;1661
8325;Totaal over alle leeftijden;Totaal bevolking;Reiderland;2011;6757;5783;764;333;431;210;152;58;1661
8326;Totaal over alle leeftijden;Totaal bevolking;Reiderland;2012;6718;5745;752;331;421;221;164;57;1661
8327;Totaal over alle leeftijden;Totaal bevolking;Reiderland;2013;6679;5724;724;322;402;231;171;60;1661
8328;Totaal over alle leeftijden;Totaal bevolking;Reiderland;2014;6646;5661;740;326;414;245;181;64;1661
8329;Totaal over alle leeftijden;Totaal bevolking;Reiderland;2015;6610;5610;750;332;418;250;184;66;1661
8330;Totaal over alle leeftijden;Totaal bevolking;Reiderland;2016;6577;5545;762;342;420;270;205;65;1661
8331;Totaal over alle leeftijden;Totaal bevolking;Reiderland;2017;6545;5514;753;338;415;278;211;67;1661
8332;Totaal over alle leeftijden;Totaal bevolking;Reiderland;2018;6520;5455;774;360;414;291;216;75;1661
8333;Totaal over alle leeftijden;Totaal bevolking;Reiderland;2019;6496;5409;782;374;408;305;223;82;1661
8334;Totaal over alle leeftijden;Totaal bevolking;Reiderland;2020;6472;5385;774;371;403;313;235;78;1661
8335;Totaal over alle leeftijden;Totaal bevolking;Reiderland;2021;6444;5356;772;376;396;316;237;79;1661
8336;Totaal over alle leeftijden;Totaal bevolking;Reiderland;2022;6414;5325;759;371;388;330;246;84;1661
8337;Totaal over alle leeftijden;Totaal bevolking;Reiderland;2023;6394;5288;764;373;391;342;260;82;1661
8338;Totaal over alle leeftijden;Totaal bevolking;Reiderland;2024;6362;5269;745;359;386;348;263;85;1661
8339;Totaal over alle leeftijden;Totaal bevolking;Reiderland;2025;6343;5231;747;371;376;365;278;87;1661
8340;Totaal over alle leeftijden;Totaal bevolking;Reimerswaal;2006;20989;19020;1201;454;747;768;455;313;703
8341;Totaal over alle leeftijden;Totaal bevolking;Reimerswaal;2007;20939;18938;1213;456;757;788;463;325;703
8342;Totaal over alle leeftijden;Totaal bevolking;Reimerswaal;2008;20874;18823;1235;459;776;816;478;338;703
8343;Totaal over alle leeftijden;Totaal bevolking;Reimerswaal;2009;20800;18687;1279;469;810;834;484;350;703
8344;Totaal over alle leeftijden;Totaal bevolking;Reimerswaal;2010;20722;18532;1323;489;834;867;490;377;703
8345;Totaal over alle leeftijden;Totaal bevolking;Reimerswaal;2011;20659;18420;1361;508;853;878;496;382;703
8346;Totaal over alle leeftijden;Totaal bevolking;Reimerswaal;2012;20588;18300;1394;522;872;894;499;395;703
8347;Totaal over alle leeftijden;Totaal bevolking;Reimerswaal;2013;20510;18186;1417;531;886;907;500;407;703
8348;Totaal over alle leeftijden;Totaal bevolking;Reimerswaal;2014;20437;18067;1447;545;902;923;509;414;703
8349;Totaal over alle leeftijden;Totaal bevolking;Reimerswaal;2015;20362;17950;1462;555;907;950;521;429;703
8350;Totaal over alle leeftijden;Totaal bevolking;Reimerswaal;2016;20279;17820;1488;559;929;971;527;444;703
8351;Totaal over alle leeftijden;Totaal bevolking;Reimerswaal;2017;20206;17676;1526;568;958;1004;543;461;703
8352;Totaal over alle leeftijden;Totaal bevolking;Reimerswaal;2018;20142;17560;1552;588;964;1030;556;474;703
8353;Totaal over alle leeftijden;Totaal bevolking;Reimerswaal;2019;20073;17457;1561;583;978;1055;567;488;703
8354;Totaal over alle leeftijden;Totaal bevolking;Reimerswaal;2020;19984;17329;1572;583;989;1083;576;507;703
8355;Totaal over alle leeftijden;Totaal bevolking;Reimerswaal;2021;19903;17191;1597;594;1003;1115;593;522;703
8356;Totaal over alle leeftijden;Totaal bevolking;Reimerswaal;2022;19829;17061;1639;615;1024;1129;607;522;703
8357;Totaal over alle leeftijden;Totaal bevolking;Reimerswaal;2023;19764;16953;1671;632;1039;1140;615;525;703
8358;Totaal over alle leeftijden;Totaal bevolking;Reimerswaal;2024;19697;16839;1707;646;1061;1151;616;535;703
8359;Totaal over alle leeftijden;Totaal bevolking;Reimerswaal;2025;19619;16711;1743;663;1080;1165;621;544;703
8360;Totaal over alle leeftijden;Totaal bevolking;Renkum;2006;31513;27019;2876;1106;1770;1618;1072;546;274
8361;Totaal over alle leeftijden;Totaal bevolking;Renkum;2007;31183;26652;2845;1111;1734;1686;1116;570;274
8362;Totaal over alle leeftijden;Totaal bevolking;Renkum;2008;30870;26291;2809;1119;1690;1770;1170;600;274
8363;Totaal over alle leeftijden;Totaal bevolking;Renkum;2009;30553;25927;2805;1123;1682;1821;1181;640;274
8364;Totaal over alle leeftijden;Totaal bevolking;Renkum;2010;30255;25572;2789;1137;1652;1894;1225;669;274
8365;Totaal over alle leeftijden;Totaal bevolking;Renkum;2011;29967;25209;2765;1137;1628;1993;1283;710;274
8366;Totaal over alle leeftijden;Totaal bevolking;Renkum;2012;29658;24876;2749;1156;1593;2033;1279;754;274
8367;Totaal over alle leeftijden;Totaal bevolking;Renkum;2013;29358;24542;2746;1180;1566;2070;1308;762;274
8368;Totaal over alle leeftijden;Totaal bevolking;Renkum;2014;29056;24141;2771;1205;1566;2144;1350;794;274
8369;Totaal over alle leeftijden;Totaal bevolking;Renkum;2015;28779;23844;2743;1214;1529;2192;1352;840;274
8370;Totaal over alle leeftijden;Totaal bevolking;Renkum;2016;28526;23544;2752;1232;1520;2230;1361;869;274
8371;Totaal over alle leeftijden;Totaal bevolking;Renkum;2017;28263;23224;2767;1247;1520;2272;1368;904;274
8372;Totaal over alle leeftijden;Totaal bevolking;Renkum;2018;28013;22951;2777;1284;1493;2285;1357;928;274
8373;Totaal over alle leeftijden;Totaal bevolking;Renkum;2019;27771;22670;2790;1303;1487;2311;1366;945;274
8374;Totaal over alle leeftijden;Totaal bevolking;Renkum;2020;27530;22380;2792;1296;1496;2358;1381;977;274
8375;Totaal over alle leeftijden;Totaal bevolking;Renkum;2021;27308;22149;2757;1284;1473;2402;1409;993;274
8376;Totaal over alle leeftijden;Totaal bevolking;Renkum;2022;27082;21867;2756;1297;1459;2459;1448;1011;274
8377;Totaal over alle leeftijden;Totaal bevolking;Renkum;2023;26873;21646;2714;1289;1425;2513;1468;1045;274
8378;Totaal over alle leeftijden;Totaal bevolking;Renkum;2024;26685;21456;2710;1304;1406;2519;1475;1044;274
8379;Totaal over alle leeftijden;Totaal bevolking;Renkum;2025;26510;21235;2694;1323;1371;2581;1511;1070;274
8380;Totaal over alle leeftijden;Totaal bevolking;Renswoude;2006;4389;4103;185;82;103;101;70;31;339
8381;Totaal over alle leeftijden;Totaal bevolking;Renswoude;2007;4454;4111;207;87;120;136;89;47;339
8382;Totaal over alle leeftijden;Totaal bevolking;Renswoude;2008;4496;4105;239;101;138;152;96;56;339
8383;Totaal over alle leeftijden;Totaal bevolking;Renswoude;2009;4542;4110;254;102;152;178;108;70;339
8384;Totaal over alle leeftijden;Totaal bevolking;Renswoude;2010;4564;4093;276;105;171;195;120;75;339
8385;Totaal over alle leeftijden;Totaal bevolking;Renswoude;2011;4596;4066;300;118;182;230;145;85;339
8386;Totaal over alle leeftijden;Totaal bevolking;Renswoude;2012;4655;4074;326;129;197;255;156;99;339
8387;Totaal over alle leeftijden;Totaal bevolking;Renswoude;2013;4660;4032;351;138;213;277;171;106;339
8388;Totaal over alle leeftijden;Totaal bevolking;Renswoude;2014;4706;4029;364;144;220;313;196;117;339
8389;Totaal over alle leeftijden;Totaal bevolking;Renswoude;2015;4750;4026;388;157;231;336;205;131;339
8390;Totaal over alle leeftijden;Totaal bevolking;Renswoude;2016;4781;4004;419;167;252;358;211;147;339
8391;Totaal over alle leeftijden;Totaal bevolking;Renswoude;2017;4789;3986;438;177;261;365;217;148;339
8392;Totaal over alle leeftijden;Totaal bevolking;Renswoude;2018;4806;3964;450;186;264;392;223;169;339
8393;Totaal over alle leeftijden;Totaal bevolking;Renswoude;2019;4815;3940;466;194;272;409;225;184;339
8394;Totaal over alle leeftijden;Totaal bevolking;Renswoude;2020;4821;3917;486;198;288;418;231;187;339
8395;Totaal over alle leeftijden;Totaal bevolking;Renswoude;2021;4850;3920;506;202;304;424;227;197;339
8396;Totaal over alle leeftijden;Totaal bevolking;Renswoude;2022;4868;3907;529;212;317;432;225;207;339
8397;Totaal over alle leeftijden;Totaal bevolking;Renswoude;2023;4890;3887;546;225;321;457;231;226;339
8398;Totaal over alle leeftijden;Totaal bevolking;Renswoude;2024;4931;3913;546;223;323;472;239;233;339
8399;Totaal over alle leeftijden;Totaal bevolking;Renswoude;2025;4971;3927;570;236;334;474;244;230;339
8400;Totaal over alle leeftijden;Totaal bevolking;Reusel-De Mierden;2006;12453;11503;760;213;547;190;118;72;1667
8401;Totaal over alle leeftijden;Totaal bevolking;Reusel-De Mierden;2007;12515;11526;786;225;561;203;126;77;1667
8402;Totaal over alle leeftijden;Totaal bevolking;Reusel-De Mierden;2008;12576;11551;810;234;576;215;134;81;1667
8403;Totaal over alle leeftijden;Totaal bevolking;Reusel-De Mierden;2009;12637;11571;829;240;589;237;155;82;1667
8404;Totaal over alle leeftijden;Totaal bevolking;Reusel-De Mierden;2010;12689;11602;844;245;599;243;160;83;1667
8405;Totaal over alle leeftijden;Totaal bevolking;Reusel-De Mierden;2011;12741;11639;847;246;601;255;169;86;1667
8406;Totaal over alle leeftijden;Totaal bevolking;Reusel-De Mierden;2012;12793;11666;861;253;608;266;175;91;1667
8407;Totaal over alle leeftijden;Totaal bevolking;Reusel-De Mierden;2013;12855;11677;898;263;635;280;184;96;1667
8408;Totaal over alle leeftijden;Totaal bevolking;Reusel-De Mierden;2014;12901;11687;916;267;649;298;189;109;1667
8409;Totaal over alle leeftijden;Totaal bevolking;Reusel-De Mierden;2015;12951;11698;943;267;676;310;193;117;1667
8410;Totaal over alle leeftijden;Totaal bevolking;Reusel-De Mierden;2016;13008;11716;970;276;694;322;202;120;1667
8411;Totaal over alle leeftijden;Totaal bevolking;Reusel-De Mierden;2017;13057;11737;990;285;705;330;205;125;1667
8412;Totaal over alle leeftijden;Totaal bevolking;Reusel-De Mierden;2018;13097;11749;999;288;711;349;212;137;1667
8413;Totaal over alle leeftijden;Totaal bevolking;Reusel-De Mierden;2019;13144;11749;1033;304;729;362;215;147;1667
8414;Totaal over alle leeftijden;Totaal bevolking;Reusel-De Mierden;2020;13194;11769;1052;311;741;373;221;152;1667
8415;Totaal over alle leeftijden;Totaal bevolking;Reusel-De Mierden;2021;13233;11774;1071;325;746;388;232;156;1667
8416;Totaal over alle leeftijden;Totaal bevolking;Reusel-De Mierden;2022;13267;11794;1075;333;742;398;241;157;1667
8417;Totaal over alle leeftijden;Totaal bevolking;Reusel-De Mierden;2023;13293;11794;1090;336;754;409;250;159;1667
8418;Totaal over alle leeftijden;Totaal bevolking;Reusel-De Mierden;2024;13336;11813;1105;343;762;418;249;169;1667
8419;Totaal over alle leeftijden;Totaal bevolking;Reusel-De Mierden;2025;13363;11808;1120;345;775;435;263;172;1667
8420;Totaal over alle leeftijden;Totaal bevolking;Rheden;2006;44178;37787;4003;1397;2606;2388;1431;957;275
8421;Totaal over alle leeftijden;Totaal bevolking;Rheden;2007;43869;37392;3985;1370;2615;2492;1464;1028;275
8422;Totaal over alle leeftijden;Totaal bevolking;Rheden;2008;43565;37028;3980;1345;2635;2557;1465;1092;275
8423;Totaal over alle leeftijden;Totaal bevolking;Rheden;2009;43270;36617;4018;1345;2673;2635;1471;1164;275
8424;Totaal over alle leeftijden;Totaal bevolking;Rheden;2010;42992;36244;4029;1352;2677;2719;1479;1240;275
8425;Totaal over alle leeftijden;Totaal bevolking;Rheden;2011;42691;35854;4027;1352;2675;2810;1483;1327;275
8426;Totaal over alle leeftijden;Totaal bevolking;Rheden;2012;42413;35504;4026;1344;2682;2883;1495;1388;275
8427;Totaal over alle leeftijden;Totaal bevolking;Rheden;2013;42128;35136;4050;1349;2701;2942;1497;1445;275
8428;Totaal over alle leeftijden;Totaal bevolking;Rheden;2014;41864;34767;4080;1349;2731;3017;1500;1517;275
8429;Totaal over alle leeftijden;Totaal bevolking;Rheden;2015;41583;34433;4102;1383;2719;3048;1471;1577;275
8430;Totaal over alle leeftijden;Totaal bevolking;Rheden;2016;41313;34092;4096;1387;2709;3125;1477;1648;275
8431;Totaal over alle leeftijden;Totaal bevolking;Rheden;2017;41041;33770;4074;1375;2699;3197;1494;1703;275
8432;Totaal over alle leeftijden;Totaal bevolking;Rheden;2018;40795;33477;4061;1367;2694;3257;1515;1742;275
8433;Totaal over alle leeftijden;Totaal bevolking;Rheden;2019;40555;33184;4037;1363;2674;3334;1529;1805;275
8434;Totaal over alle leeftijden;Totaal bevolking;Rheden;2020;40327;32876;4042;1361;2681;3409;1554;1855;275
8435;Totaal over alle leeftijden;Totaal bevolking;Rheden;2021;40108;32610;4036;1354;2682;3462;1552;1910;275
8436;Totaal over alle leeftijden;Totaal bevolking;Rheden;2022;39899;32352;4037;1355;2682;3510;1554;1956;275
8437;Totaal over alle leeftijden;Totaal bevolking;Rheden;2023;39695;32146;4004;1346;2658;3545;1554;1991;275
8438;Totaal over alle leeftijden;Totaal bevolking;Rheden;2024;39492;31893;4003;1346;2657;3596;1562;2034;275
8439;Totaal over alle leeftijden;Totaal bevolking;Rheden;2025;39319;31686;3985;1358;2627;3648;1559;2089;275
8440;Totaal over alle leeftijden;Totaal bevolking;Rhenen;2006;17699;15963;1013;337;676;723;397;326;340
8441;Totaal over alle leeftijden;Totaal bevolking;Rhenen;2007;17679;15899;1034;349;685;746;417;329;340
8442;Totaal over alle leeftijden;Totaal bevolking;Rhenen;2008;17633;15811;1053;345;708;769;431;338;340
8443;Totaal over alle leeftijden;Totaal bevolking;Rhenen;2009;17564;15712;1075;362;713;777;431;346;340
8444;Totaal over alle leeftijden;Totaal bevolking;Rhenen;2010;17500;15627;1099;380;719;774;417;357;340
8445;Totaal over alle leeftijden;Totaal bevolking;Rhenen;2011;17439;15524;1126;387;739;789;420;369;340
8446;Totaal over alle leeftijden;Totaal bevolking;Rhenen;2012;17375;15425;1148;398;750;802;423;379;340
8447;Totaal over alle leeftijden;Totaal bevolking;Rhenen;2013;17305;15313;1177;400;777;815;438;377;340
8448;Totaal over alle leeftijden;Totaal bevolking;Rhenen;2014;17246;15236;1178;408;770;832;448;384;340
8449;Totaal over alle leeftijden;Totaal bevolking;Rhenen;2015;17179;15155;1182;414;768;842;455;387;340
8450;Totaal over alle leeftijden;Totaal bevolking;Rhenen;2016;17120;15070;1191;422;769;859;462;397;340
8451;Totaal over alle leeftijden;Totaal bevolking;Rhenen;2017;17056;14951;1213;429;784;892;476;416;340
8452;Totaal over alle leeftijden;Totaal bevolking;Rhenen;2018;16980;14842;1234;432;802;904;479;425;340
8453;Totaal over alle leeftijden;Totaal bevolking;Rhenen;2019;16906;14719;1267;432;835;920;485;435;340
8454;Totaal over alle leeftijden;Totaal bevolking;Rhenen;2020;16844;14597;1296;440;856;951;499;452;340
8455;Totaal over alle leeftijden;Totaal bevolking;Rhenen;2021;16774;14473;1321;454;867;980;519;461;340
8456;Totaal over alle leeftijden;Totaal bevolking;Rhenen;2022;16711;14380;1339;465;874;992;527;465;340
8457;Totaal over alle leeftijden;Totaal bevolking;Rhenen;2023;16644;14269;1373;475;898;1002;530;472;340
8458;Totaal over alle leeftijden;Totaal bevolking;Rhenen;2024;16576;14153;1400;492;908;1023;539;484;340
8459;Totaal over alle leeftijden;Totaal bevolking;Rhenen;2025;16512;14048;1437;492;945;1027;540;487;340
8460;Totaal over alle leeftijden;Totaal bevolking;Ridderkerk;2006;45096;38822;3418;1423;1995;2856;1667;1189;597
8461;Totaal over alle leeftijden;Totaal bevolking;Ridderkerk;2007;45137;38734;3425;1411;2014;2978;1725;1253;597
8462;Totaal over alle leeftijden;Totaal bevolking;Ridderkerk;2008;45190;38628;3463;1433;2030;3099;1774;1325;597
8463;Totaal over alle leeftijden;Totaal bevolking;Ridderkerk;2009;45256;38577;3471;1438;2033;3208;1821;1387;597
8464;Totaal over alle leeftijden;Totaal bevolking;Ridderkerk;2010;45314;38489;3513;1464;2049;3312;1837;1475;597
8465;Totaal over alle leeftijden;Totaal bevolking;Ridderkerk;2011;45367;38412;3551;1481;2070;3404;1849;1555;597
8466;Totaal over alle leeftijden;Totaal bevolking;Ridderkerk;2012;45430;38337;3584;1481;2103;3509;1895;1614;597
8467;Totaal over alle leeftijden;Totaal bevolking;Ridderkerk;2013;45497;38257;3615;1490;2125;3625;1951;1674;597
8468;Totaal over alle leeftijden;Totaal bevolking;Ridderkerk;2014;45571;38189;3652;1512;2140;3730;1991;1739;597
8469;Totaal over alle leeftijden;Totaal bevolking;Ridderkerk;2015;45651;38090;3715;1536;2179;3846;2032;1814;597
8470;Totaal over alle leeftijden;Totaal bevolking;Ridderkerk;2016;45729;38011;3758;1550;2208;3960;2075;1885;597
8471;Totaal over alle leeftijden;Totaal bevolking;Ridderkerk;2017;45806;37973;3761;1535;2226;4072;2086;1986;597
8472;Totaal over alle leeftijden;Totaal bevolking;Ridderkerk;2018;45879;37932;3795;1549;2246;4152;2111;2041;597
8473;Totaal over alle leeftijden;Totaal bevolking;Ridderkerk;2019;45964;37887;3847;1578;2269;4230;2137;2093;597
8474;Totaal over alle leeftijden;Totaal bevolking;Ridderkerk;2020;46048;37837;3870;1584;2286;4341;2169;2172;597
8475;Totaal over alle leeftijden;Totaal bevolking;Ridderkerk;2021;46157;37779;3926;1605;2321;4452;2195;2257;597
8476;Totaal over alle leeftijden;Totaal bevolking;Ridderkerk;2022;46249;37777;3960;1621;2339;4512;2206;2306;597
8477;Totaal over alle leeftijden;Totaal bevolking;Ridderkerk;2023;46330;37737;3993;1634;2359;4600;2229;2371;597
8478;Totaal over alle leeftijden;Totaal bevolking;Ridderkerk;2024;46414;37712;4017;1650;2367;4685;2239;2446;597
8479;Totaal over alle leeftijden;Totaal bevolking;Ridderkerk;2025;46490;37705;4030;1649;2381;4755;2259;2496;597
8480;Totaal over alle leeftijden;Totaal bevolking;Rijnsburg;2006;14875;13615;806;347;459;454;277;177;602
8481;Totaal over alle leeftijden;Totaal bevolking;Rijnsburg;2007;14845;13544;819;349;470;482;300;182;602
8482;Totaal over alle leeftijden;Totaal bevolking;Rijnsburg;2008;14805;13469;845;361;484;491;309;182;602
8483;Totaal over alle leeftijden;Totaal bevolking;Rijnsburg;2009;14766;13399;851;360;491;516;325;191;602
8484;Totaal over alle leeftijden;Totaal bevolking;Rijnsburg;2010;14736;13303;901;374;527;532;342;190;602
8485;Totaal over alle leeftijden;Totaal bevolking;Rijnsburg;2011;14696;13207;935;386;549;554;351;203;602
8486;Totaal over alle leeftijden;Totaal bevolking;Rijnsburg;2012;14655;13119;969;397;572;567;356;211;602
8487;Totaal over alle leeftijden;Totaal bevolking;Rijnsburg;2013;14619;13020;1004;414;590;595;364;231;602
8488;Totaal over alle leeftijden;Totaal bevolking;Rijnsburg;2014;14592;12923;1041;432;609;628;385;243;602
8489;Totaal over alle leeftijden;Totaal bevolking;Rijnsburg;2015;14560;12832;1078;448;630;650;400;250;602
8490;Totaal over alle leeftijden;Totaal bevolking;Rijnsburg;2016;14536;12746;1117;461;656;673;419;254;602
8491;Totaal over alle leeftijden;Totaal bevolking;Rijnsburg;2017;14508;12664;1141;476;665;703;436;267;602
8492;Totaal over alle leeftijden;Totaal bevolking;Rijnsburg;2018;14464;12592;1161;491;670;711;440;271;602
8493;Totaal over alle leeftijden;Totaal bevolking;Rijnsburg;2019;14438;12515;1178;496;682;745;461;284;602
8494;Totaal over alle leeftijden;Totaal bevolking;Rijnsburg;2020;14411;12432;1218;514;704;761;462;299;602
8495;Totaal over alle leeftijden;Totaal bevolking;Rijnsburg;2021;14383;12359;1238;530;708;786;480;306;602
8496;Totaal over alle leeftijden;Totaal bevolking;Rijnsburg;2022;14351;12260;1271;546;725;820;508;312;602
8497;Totaal over alle leeftijden;Totaal bevolking;Rijnsburg;2023;14334;12172;1303;564;739;859;527;332;602
8498;Totaal over alle leeftijden;Totaal bevolking;Rijnsburg;2024;14301;12081;1331;584;747;889;537;352;602
8499;Totaal over alle leeftijden;Totaal bevolking;Rijnsburg;2025;14275;12003;1376;612;764;896;534;362;602
8500;Totaal over alle leeftijden;Totaal bevolking;Rijnwaarden;2006;11264;9875;1148;308;840;241;155;86;196
8501;Totaal over alle leeftijden;Totaal bevolking;Rijnwaarden;2007;11227;9823;1141;301;840;263;173;90;196
8502;Totaal over alle leeftijden;Totaal bevolking;Rijnwaarden;2008;11206;9786;1132;304;828;288;194;94;196
8503;Totaal over alle leeftijden;Totaal bevolking;Rijnwaarden;2009;11170;9743;1120;303;817;307;203;104;196
8504;Totaal over alle leeftijden;Totaal bevolking;Rijnwaarden;2010;11138;9703;1110;307;803;325;214;111;196
8505;Totaal over alle leeftijden;Totaal bevolking;Rijnwaarden;2011;11115;9647;1121;313;808;347;225;122;196
8506;Totaal over alle leeftijden;Totaal bevolking;Rijnwaarden;2012;11072;9603;1113;313;800;356;231;125;196
8507;Totaal over alle leeftijden;Totaal bevolking;Rijnwaarden;2013;11031;9563;1090;313;777;378;239;139;196
8508;Totaal over alle leeftijden;Totaal bevolking;Rijnwaarden;2014;10994;9495;1106;320;786;393;243;150;196
8509;Totaal over alle leeftijden;Totaal bevolking;Rijnwaarden;2015;10957;9442;1097;325;772;418;263;155;196
8510;Totaal over alle leeftijden;Totaal bevolking;Rijnwaarden;2016;10909;9392;1085;326;759;432;263;169;196
8511;Totaal over alle leeftijden;Totaal bevolking;Rijnwaarden;2017;10866;9340;1068;324;744;458;285;173;196
8512;Totaal over alle leeftijden;Totaal bevolking;Rijnwaarden;2018;10827;9279;1074;336;738;474;294;180;196
8513;Totaal over alle leeftijden;Totaal bevolking;Rijnwaarden;2019;10794;9246;1058;339;719;490;311;179;196
8514;Totaal over alle leeftijden;Totaal bevolking;Rijnwaarden;2020;10760;9212;1041;336;705;507;318;189;196
8515;Totaal over alle leeftijden;Totaal bevolking;Rijnwaarden;2021;10720;9162;1037;341;696;521;321;200;196
8516;Totaal over alle leeftijden;Totaal bevolking;Rijnwaarden;2022;10687;9089;1045;349;696;553;342;211;196
8517;Totaal over alle leeftijden;Totaal bevolking;Rijnwaarden;2023;10639;9026;1047;360;687;566;350;216;196
8518;Totaal over alle leeftijden;Totaal bevolking;Rijnwaarden;2024;10603;8974;1039;359;680;590;370;220;196
8519;Totaal over alle leeftijden;Totaal bevolking;Rijnwaarden;2025;10579;8921;1042;364;678;616;384;232;196
8520;Totaal over alle leeftijden;Totaal bevolking;Rijnwoude;2006;19092;17558;998;338;660;536;301;235;1672
8521;Totaal over alle leeftijden;Totaal bevolking;Rijnwoude;2007;19091;17475;1052;346;706;564;324;240;1672
8522;Totaal over alle leeftijden;Totaal bevolking;Rijnwoude;2008;19081;17400;1084;353;731;597;348;249;1672
8523;Totaal over alle leeftijden;Totaal bevolking;Rijnwoude;2009;19058;17322;1115;367;748;621;358;263;1672
8524;Totaal over alle leeftijden;Totaal bevolking;Rijnwoude;2010;19032;17253;1130;377;753;649;373;276;1672
8525;Totaal over alle leeftijden;Totaal bevolking;Rijnwoude;2011;19020;17157;1176;394;782;687;406;281;1672
8526;Totaal over alle leeftijden;Totaal bevolking;Rijnwoude;2012;18994;17066;1205;408;797;723;437;286;1672
8527;Totaal over alle leeftijden;Totaal bevolking;Rijnwoude;2013;18949;16977;1243;424;819;729;437;292;1672
8528;Totaal over alle leeftijden;Totaal bevolking;Rijnwoude;2014;18913;16872;1284;430;854;757;458;299;1672
8529;Totaal over alle leeftijden;Totaal bevolking;Rijnwoude;2015;18874;16786;1307;436;871;781;475;306;1672
8530;Totaal over alle leeftijden;Totaal bevolking;Rijnwoude;2016;18844;16687;1351;445;906;806;493;313;1672
8531;Totaal over alle leeftijden;Totaal bevolking;Rijnwoude;2017;18828;16610;1395;460;935;823;491;332;1672
8532;Totaal over alle leeftijden;Totaal bevolking;Rijnwoude;2018;18814;16536;1420;474;946;858;513;345;1672
8533;Totaal over alle leeftijden;Totaal bevolking;Rijnwoude;2019;18785;16436;1456;495;961;893;527;366;1672
8534;Totaal over alle leeftijden;Totaal bevolking;Rijnwoude;2020;18764;16347;1496;505;991;921;538;383;1672
8535;Totaal over alle leeftijden;Totaal bevolking;Rijnwoude;2021;18745;16260;1538;521;1017;947;557;390;1672
8536;Totaal over alle leeftijden;Totaal bevolking;Rijnwoude;2022;18720;16165;1575;528;1047;980;572;408;1672
8537;Totaal over alle leeftijden;Totaal bevolking;Rijnwoude;2023;18709;16048;1623;545;1078;1038;607;431;1672
8538;Totaal over alle leeftijden;Totaal bevolking;Rijnwoude;2024;18690;15969;1651;555;1096;1070;620;450;1672
8539;Totaal over alle leeftijden;Totaal bevolking;Rijnwoude;2025;18677;15882;1694;559;1135;1101;630;471;1672
8540;Totaal over alle leeftijden;Totaal bevolking;Rijssen-Holten;2006;36374;33908;1108;391;717;1358;754;604;1742
8541;Totaal over alle leeftijden;Totaal bevolking;Rijssen-Holten;2007;36421;33937;1104;394;710;1380;766;614;1742
8542;Totaal over alle leeftijden;Totaal bevolking;Rijssen-Holten;2008;36480;33969;1109;393;716;1402;773;629;1742
8543;Totaal over alle leeftijden;Totaal bevolking;Rijssen-Holten;2009;36534;33968;1147;403;744;1419;779;640;1742
8544;Totaal over alle leeftijden;Totaal bevolking;Rijssen-Holten;2010;36585;33983;1156;406;750;1446;795;651;1742
8545;Totaal over alle leeftijden;Totaal bevolking;Rijssen-Holten;2011;36625;33992;1164;406;758;1469;807;662;1742
8546;Totaal over alle leeftijden;Totaal bevolking;Rijssen-Holten;2012;36661;33982;1179;418;761;1500;809;691;1742
8547;Totaal over alle leeftijden;Totaal bevolking;Rijssen-Holten;2013;36714;33968;1203;425;778;1543;830;713;1742
8548;Totaal over alle leeftijden;Totaal bevolking;Rijssen-Holten;2014;36756;33967;1234;434;800;1555;826;729;1742
8549;Totaal over alle leeftijden;Totaal bevolking;Rijssen-Holten;2015;36786;33954;1248;443;805;1584;838;746;1742
8550;Totaal over alle leeftijden;Totaal bevolking;Rijssen-Holten;2016;36817;33960;1264;446;818;1593;831;762;1742
8551;Totaal over alle leeftijden;Totaal bevolking;Rijssen-Holten;2017;36843;33928;1291;462;829;1624;856;768;1742
8552;Totaal over alle leeftijden;Totaal bevolking;Rijssen-Holten;2018;36880;33945;1296;455;841;1639;864;775;1742
8553;Totaal over alle leeftijden;Totaal bevolking;Rijssen-Holten;2019;36912;33930;1326;473;853;1656;866;790;1742
8554;Totaal over alle leeftijden;Totaal bevolking;Rijssen-Holten;2020;36938;33950;1326;470;856;1662;865;797;1742
8555;Totaal over alle leeftijden;Totaal bevolking;Rijssen-Holten;2021;36964;33956;1350;478;872;1658;849;809;1742
8556;Totaal over alle leeftijden;Totaal bevolking;Rijssen-Holten;2022;36992;33939;1381;493;888;1672;861;811;1742
8557;Totaal over alle leeftijden;Totaal bevolking;Rijssen-Holten;2023;37025;33920;1408;510;898;1697;866;831;1742
8558;Totaal over alle leeftijden;Totaal bevolking;Rijssen-Holten;2024;37051;33902;1439;513;926;1710;863;847;1742
8559;Totaal over alle leeftijden;Totaal bevolking;Rijssen-Holten;2025;37076;33905;1459;522;937;1712;863;849;1742
8560;Totaal over alle leeftijden;Totaal bevolking;Rijswijk (ZH.);2006;46949;34819;6786;3285;3501;5344;3071;2273;603
8561;Totaal over alle leeftijden;Totaal bevolking;Rijswijk (ZH.);2007;46696;34460;6685;3190;3495;5551;3052;2499;603
8562;Totaal over alle leeftijden;Totaal bevolking;Rijswijk (ZH.);2008;46457;34039;6637;3145;3492;5781;3042;2739;603
8563;Totaal over alle leeftijden;Totaal bevolking;Rijswijk (ZH.);2009;46232;33653;6558;3073;3485;6021;3029;2992;603
8564;Totaal over alle leeftijden;Totaal bevolking;Rijswijk (ZH.);2010;45998;33258;6510;3022;3488;6230;3000;3230;603
8565;Totaal over alle leeftijden;Totaal bevolking;Rijswijk (ZH.);2011;45788;32827;6491;3017;3474;6470;3004;3466;603
8566;Totaal over alle leeftijden;Totaal bevolking;Rijswijk (ZH.);2012;45587;32405;6543;3048;3495;6639;2969;3670;603
8567;Totaal over alle leeftijden;Totaal bevolking;Rijswijk (ZH.);2013;45393;31977;6583;3067;3516;6833;2950;3883;603
8568;Totaal over alle leeftijden;Totaal bevolking;Rijswijk (ZH.);2014;45221;31556;6642;3107;3535;7023;2921;4102;603
8569;Totaal over alle leeftijden;Totaal bevolking;Rijswijk (ZH.);2015;45073;31197;6648;3120;3528;7228;2933;4295;603
8570;Totaal over alle leeftijden;Totaal bevolking;Rijswijk (ZH.);2016;44939;30815;6709;3144;3565;7415;2918;4497;603
8571;Totaal over alle leeftijden;Totaal bevolking;Rijswijk (ZH.);2017;44815;30496;6722;3158;3564;7597;2923;4674;603
8572;Totaal over alle leeftijden;Totaal bevolking;Rijswijk (ZH.);2018;44708;30172;6775;3171;3604;7761;2896;4865;603
8573;Totaal over alle leeftijden;Totaal bevolking;Rijswijk (ZH.);2019;44621;29871;6787;3190;3597;7963;2901;5062;603
8574;Totaal over alle leeftijden;Totaal bevolking;Rijswijk (ZH.);2020;44557;29545;6884;3249;3635;8128;2894;5234;603
8575;Totaal over alle leeftijden;Totaal bevolking;Rijswijk (ZH.);2021;44514;29237;6992;3330;3662;8285;2901;5384;603
8576;Totaal over alle leeftijden;Totaal bevolking;Rijswijk (ZH.);2022;44485;28960;7141;3414;3727;8384;2858;5526;603
8577;Totaal over alle leeftijden;Totaal bevolking;Rijswijk (ZH.);2023;44483;28640;7252;3460;3792;8591;2880;5711;603
8578;Totaal over alle leeftijden;Totaal bevolking;Rijswijk (ZH.);2024;44498;28409;7383;3532;3851;8706;2849;5857;603
8579;Totaal over alle leeftijden;Totaal bevolking;Rijswijk (ZH.);2025;44502;28142;7537;3604;3933;8823;2828;5995;603
8580;Totaal over alle leeftijden;Totaal bevolking;Roerdalen;2006;10392;8502;1596;650;946;294;227;67;1669
8581;Totaal over alle leeftijden;Totaal bevolking;Roerdalen;2007;10351;8476;1576;639;937;299;226;73;1669
8582;Totaal over alle leeftijden;Totaal bevolking;Roerdalen;2008;10295;8447;1552;627;925;296;216;80;1669
8583;Totaal over alle leeftijden;Totaal bevolking;Roerdalen;2009;10247;8402;1535;624;911;310;226;84;1669
8584;Totaal over alle leeftijden;Totaal bevolking;Roerdalen;2010;10204;8348;1544;626;918;312;229;83;1669
8585;Totaal over alle leeftijden;Totaal bevolking;Roerdalen;2011;10152;8322;1528;616;912;302;217;85;1669
8586;Totaal over alle leeftijden;Totaal bevolking;Roerdalen;2012;10087;8266;1525;614;911;296;207;89;1669
8587;Totaal over alle leeftijden;Totaal bevolking;Roerdalen;2013;10036;8229;1512;611;901;295;199;96;1669
8588;Totaal over alle leeftijden;Totaal bevolking;Roerdalen;2014;9988;8197;1489;591;898;302;199;103;1669
8589;Totaal over alle leeftijden;Totaal bevolking;Roerdalen;2015;9927;8149;1472;589;883;306;197;109;1669
8590;Totaal over alle leeftijden;Totaal bevolking;Roerdalen;2016;9880;8107;1449;577;872;324;205;119;1669
8591;Totaal over alle leeftijden;Totaal bevolking;Roerdalen;2017;9829;8046;1440;569;871;343;220;123;1669
8592;Totaal over alle leeftijden;Totaal bevolking;Roerdalen;2018;9783;7997;1433;566;867;353;229;124;1669
8593;Totaal over alle leeftijden;Totaal bevolking;Roerdalen;2019;9730;7969;1407;562;845;354;227;127;1669
8594;Totaal over alle leeftijden;Totaal bevolking;Roerdalen;2020;9675;7913;1388;553;835;374;238;136;1669
8595;Totaal over alle leeftijden;Totaal bevolking;Roerdalen;2021;9645;7901;1369;556;813;375;240;135;1669
8596;Totaal over alle leeftijden;Totaal bevolking;Roerdalen;2022;9603;7849;1362;554;808;392;240;152;1669
8597;Totaal over alle leeftijden;Totaal bevolking;Roerdalen;2023;9553;7804;1362;562;800;387;241;146;1669
8598;Totaal over alle leeftijden;Totaal bevolking;Roerdalen;2024;9513;7761;1350;559;791;402;248;154;1669
8599;Totaal over alle leeftijden;Totaal bevolking;Roerdalen;2025;9460;7725;1327;536;791;408;252;156;1669
8600;Totaal over alle leeftijden;Totaal bevolking;Roermond;2006;44811;32547;6187;2473;3714;6077;3419;2658;957
8601;Totaal over alle leeftijden;Totaal bevolking;Roermond;2007;44620;32559;6040;2409;3631;6021;3325;2696;957
8602;Totaal over alle leeftijden;Totaal bevolking;Roermond;2008;44316;32505;5865;2314;3551;5946;3238;2708;957
8603;Totaal over alle leeftijden;Totaal bevolking;Roermond;2009;44058;32417;5751;2258;3493;5890;3140;2750;957
8604;Totaal over alle leeftijden;Totaal bevolking;Roermond;2010;43778;32352;5595;2213;3382;5831;3060;2771;957
8605;Totaal over alle leeftijden;Totaal bevolking;Roermond;2011;43502;32238;5504;2175;3329;5760;2982;2778;957
8606;Totaal over alle leeftijden;Totaal bevolking;Roermond;2012;43235;32154;5402;2161;3241;5679;2921;2758;957
8607;Totaal over alle leeftijden;Totaal bevolking;Roermond;2013;42950;32034;5293;2128;3165;5623;2867;2756;957
8608;Totaal over alle leeftijden;Totaal bevolking;Roermond;2014;42680;31940;5187;2091;3096;5553;2806;2747;957
8609;Totaal over alle leeftijden;Totaal bevolking;Roermond;2015;42422;31861;5098;2072;3026;5463;2745;2718;957
8610;Totaal over alle leeftijden;Totaal bevolking;Roermond;2016;42152;31760;4998;2046;2952;5394;2686;2708;957
8611;Totaal over alle leeftijden;Totaal bevolking;Roermond;2017;41878;31680;4913;1997;2916;5285;2611;2674;957
8612;Totaal over alle leeftijden;Totaal bevolking;Roermond;2018;41620;31595;4811;1962;2849;5214;2565;2649;957
8613;Totaal over alle leeftijden;Totaal bevolking;Roermond;2019;41366;31463;4746;1911;2835;5157;2524;2633;957
8614;Totaal over alle leeftijden;Totaal bevolking;Roermond;2020;41113;31398;4615;1853;2762;5100;2482;2618;957
8615;Totaal over alle leeftijden;Totaal bevolking;Roermond;2021;40866;31310;4525;1821;2704;5031;2439;2592;957
8616;Totaal over alle leeftijden;Totaal bevolking;Roermond;2022;40628;31206;4464;1804;2660;4958;2384;2574;957
8617;Totaal over alle leeftijden;Totaal bevolking;Roermond;2023;40391;31102;4391;1756;2635;4898;2349;2549;957
8618;Totaal over alle leeftijden;Totaal bevolking;Roermond;2024;40147;31026;4293;1707;2586;4828;2324;2504;957
8619;Totaal over alle leeftijden;Totaal bevolking;Roermond;2025;39906;30943;4221;1687;2534;4742;2285;2457;957
8620;Totaal over alle leeftijden;Totaal bevolking;Roggel en Neer;2006;8395;7751;520;169;351;124;77;47;1670
8621;Totaal over alle leeftijden;Totaal bevolking;Roggel en Neer;2007;8418;7747;544;182;362;127;78;49;1670
8622;Totaal over alle leeftijden;Totaal bevolking;Roggel en Neer;2008;8424;7705;577;193;384;142;85;57;1670
8623;Totaal over alle leeftijden;Totaal bevolking;Roggel en Neer;2009;8426;7667;601;200;401;158;96;62;1670
8624;Totaal over alle leeftijden;Totaal bevolking;Roggel en Neer;2010;8425;7641;621;213;408;163;104;59;1670
8625;Totaal over alle leeftijden;Totaal bevolking;Roggel en Neer;2011;8430;7609;650;216;434;171;103;68;1670
8626;Totaal over alle leeftijden;Totaal bevolking;Roggel en Neer;2012;8430;7589;658;208;450;183;110;73;1670
8627;Totaal over alle leeftijden;Totaal bevolking;Roggel en Neer;2013;8430;7551;680;213;467;199;116;83;1670
8628;Totaal over alle leeftijden;Totaal bevolking;Roggel en Neer;2014;8423;7516;693;222;471;214;121;93;1670
8629;Totaal over alle leeftijden;Totaal bevolking;Roggel en Neer;2015;8415;7472;704;227;477;239;140;99;1670
8630;Totaal over alle leeftijden;Totaal bevolking;Roggel en Neer;2016;8406;7451;706;234;472;249;146;103;1670
8631;Totaal over alle leeftijden;Totaal bevolking;Roggel en Neer;2017;8389;7401;731;245;486;257;149;108;1670
8632;Totaal over alle leeftijden;Totaal bevolking;Roggel en Neer;2018;8385;7376;740;250;490;269;161;108;1670
8633;Totaal over alle leeftijden;Totaal bevolking;Roggel en Neer;2019;8367;7331;760;259;501;276;168;108;1670
8634;Totaal over alle leeftijden;Totaal bevolking;Roggel en Neer;2020;8348;7291;773;259;514;284;170;114;1670
8635;Totaal over alle leeftijden;Totaal bevolking;Roggel en Neer;2021;8322;7242;786;259;527;294;171;123;1670
8636;Totaal over alle leeftijden;Totaal bevolking;Roggel en Neer;2022;8302;7218;789;260;529;295;167;128;1670
8637;Totaal over alle leeftijden;Totaal bevolking;Roggel en Neer;2023;8287;7183;802;268;534;302;174;128;1670
8638;Totaal over alle leeftijden;Totaal bevolking;Roggel en Neer;2024;8268;7162;794;265;529;312;178;134;1670
8639;Totaal over alle leeftijden;Totaal bevolking;Roggel en Neer;2025;8245;7107;812;273;539;326;185;141;1670
8640;Totaal over alle leeftijden;Totaal bevolking;De Ronde Venen;2006;34476;30305;2326;890;1436;1845;986;859;736
8641;Totaal over alle leeftijden;Totaal bevolking;De Ronde Venen;2007;34393;30168;2347;897;1450;1878;985;893;736
8642;Totaal over alle leeftijden;Totaal bevolking;De Ronde Venen;2008;34296;30032;2367;914;1453;1897;967;930;736
8643;Totaal over alle leeftijden;Totaal bevolking;De Ronde Venen;2009;34187;29882;2371;928;1443;1934;963;971;736
8644;Totaal over alle leeftijden;Totaal bevolking;De Ronde Venen;2010;34081;29703;2412;951;1461;1966;950;1016;736
8645;Totaal over alle leeftijden;Totaal bevolking;De Ronde Venen;2011;33978;29558;2436;959;1477;1984;951;1033;736
8646;Totaal over alle leeftijden;Totaal bevolking;De Ronde Venen;2012;33883;29423;2467;965;1502;1993;958;1035;736
8647;Totaal over alle leeftijden;Totaal bevolking;De Ronde Venen;2013;33803;29270;2495;981;1514;2038;965;1073;736
8648;Totaal over alle leeftijden;Totaal bevolking;De Ronde Venen;2014;33701;29141;2508;986;1522;2052;967;1085;736
8649;Totaal over alle leeftijden;Totaal bevolking;De Ronde Venen;2015;33604;29005;2506;985;1521;2093;976;1117;736
8650;Totaal over alle leeftijden;Totaal bevolking;De Ronde Venen;2016;33507;28883;2494;982;1512;2130;990;1140;736
8651;Totaal over alle leeftijden;Totaal bevolking;De Ronde Venen;2017;33418;28772;2491;977;1514;2155;993;1162;736
8652;Totaal over alle leeftijden;Totaal bevolking;De Ronde Venen;2018;33327;28660;2498;985;1513;2169;999;1170;736
8653;Totaal over alle leeftijden;Totaal bevolking;De Ronde Venen;2019;33241;28549;2512;994;1518;2180;994;1186;736
8654;Totaal over alle leeftijden;Totaal bevolking;De Ronde Venen;2020;33154;28423;2521;1016;1505;2210;1002;1208;736
8655;Totaal over alle leeftijden;Totaal bevolking;De Ronde Venen;2021;33081;28322;2531;1040;1491;2228;1021;1207;736
8656;Totaal over alle leeftijden;Totaal bevolking;De Ronde Venen;2022;32992;28213;2535;1046;1489;2244;1026;1218;736
8657;Totaal over alle leeftijden;Totaal bevolking;De Ronde Venen;2023;32928;28118;2554;1067;1487;2256;1034;1222;736
8658;Totaal over alle leeftijden;Totaal bevolking;De Ronde Venen;2024;32875;28034;2576;1092;1484;2265;1034;1231;736
8659;Totaal over alle leeftijden;Totaal bevolking;De Ronde Venen;2025;32822;27940;2580;1098;1482;2302;1049;1253;736
8660;Totaal over alle leeftijden;Totaal bevolking;Roosendaal;2006;77393;61847;6529;2595;3934;9017;5030;3987;1674
8661;Totaal over alle leeftijden;Totaal bevolking;Roosendaal;2007;77334;61727;6448;2550;3898;9159;4977;4182;1674
8662;Totaal over alle leeftijden;Totaal bevolking;Roosendaal;2008;77131;61505;6361;2535;3826;9265;4931;4334;1674
8663;Totaal over alle leeftijden;Totaal bevolking;Roosendaal;2009;76936;61264;6337;2541;3796;9335;4871;4464;1674
8664;Totaal over alle leeftijden;Totaal bevolking;Roosendaal;2010;76729;60963;6270;2530;3740;9496;4891;4605;1674
8665;Totaal over alle leeftijden;Totaal bevolking;Roosendaal;2011;76501;60711;6231;2550;3681;9559;4871;4688;1674
8666;Totaal over alle leeftijden;Totaal bevolking;Roosendaal;2012;76262;60429;6165;2561;3604;9668;4873;4795;1674
8667;Totaal over alle leeftijden;Totaal bevolking;Roosendaal;2013;76046;60135;6178;2631;3547;9733;4856;4877;1674
8668;Totaal over alle leeftijden;Totaal bevolking;Roosendaal;2014;75833;59843;6151;2638;3513;9839;4857;4982;1674
8669;Totaal over alle leeftijden;Totaal bevolking;Roosendaal;2015;75621;59564;6169;2707;3462;9888;4829;5059;1674
8670;Totaal over alle leeftijden;Totaal bevolking;Roosendaal;2016;75409;59299;6156;2733;3423;9954;4836;5118;1674
8671;Totaal over alle leeftijden;Totaal bevolking;Roosendaal;2017;75197;59039;6141;2743;3398;10017;4850;5167;1674
8672;Totaal over alle leeftijden;Totaal bevolking;Roosendaal;2018;74997;58750;6167;2798;3369;10080;4840;5240;1674
8673;Totaal over alle leeftijden;Totaal bevolking;Roosendaal;2019;74794;58483;6163;2838;3325;10148;4882;5266;1674
8674;Totaal over alle leeftijden;Totaal bevolking;Roosendaal;2020;74610;58254;6186;2879;3307;10170;4852;5318;1674
8675;Totaal over alle leeftijden;Totaal bevolking;Roosendaal;2021;74412;58045;6179;2856;3323;10188;4848;5340;1674
8676;Totaal over alle leeftijden;Totaal bevolking;Roosendaal;2022;74210;57830;6181;2859;3322;10199;4886;5313;1674
8677;Totaal over alle leeftijden;Totaal bevolking;Roosendaal;2023;74026;57640;6176;2878;3298;10210;4897;5313;1674
8678;Totaal over alle leeftijden;Totaal bevolking;Roosendaal;2024;73865;57424;6177;2878;3299;10264;4910;5354;1674
8679;Totaal over alle leeftijden;Totaal bevolking;Roosendaal;2025;73695;57243;6160;2867;3293;10292;4905;5387;1674
8680;Totaal over alle leeftijden;Totaal bevolking;Rotterdam;2006;595015;332686;58466;30086;28380;203863;119251;84612;599
8681;Totaal over alle leeftijden;Totaal bevolking;Rotterdam;2007;595642;333969;58451;29896;28555;203222;116534;86688;599
8682;Totaal over alle leeftijden;Totaal bevolking;Rotterdam;2008;596310;335157;58470;29822;28648;202683;114187;88496;599
8683;Totaal over alle leeftijden;Totaal bevolking;Rotterdam;2009;597113;336283;58610;29823;28787;202220;112156;90064;599
8684;Totaal over alle leeftijden;Totaal bevolking;Rotterdam;2010;597968;337316;58866;29949;28917;201786;110361;91425;599
8685;Totaal over alle leeftijden;Totaal bevolking;Rotterdam;2011;598931;338248;59206;30194;29012;201477;108881;92596;599
8686;Totaal over alle leeftijden;Totaal bevolking;Rotterdam;2012;600009;339272;59618;30461;29157;201119;107457;93662;599
8687;Totaal over alle leeftijden;Totaal bevolking;Rotterdam;2013;601178;340433;59980;30719;29261;200765;106108;94657;599
8688;Totaal over alle leeftijden;Totaal bevolking;Rotterdam;2014;602344;341538;60464;31026;29438;200342;104813;95529;599
8689;Totaal over alle leeftijden;Totaal bevolking;Rotterdam;2015;603546;342613;60880;31293;29587;200053;103726;96327;599
8690;Totaal over alle leeftijden;Totaal bevolking;Rotterdam;2016;604795;343892;61256;31447;29809;199647;102653;96994;599
8691;Totaal over alle leeftijden;Totaal bevolking;Rotterdam;2017;606092;345089;61613;31602;30011;199390;101695;97695;599
8692;Totaal over alle leeftijden;Totaal bevolking;Rotterdam;2018;607357;346352;61858;31675;30183;199147;100787;98360;599
8693;Totaal over alle leeftijden;Totaal bevolking;Rotterdam;2019;608681;347502;62182;31798;30384;198997;99998;98999;599
8694;Totaal over alle leeftijden;Totaal bevolking;Rotterdam;2020;610019;348731;62491;31916;30575;198797;99270;99527;599
8695;Totaal over alle leeftijden;Totaal bevolking;Rotterdam;2021;611349;350065;62725;31980;30745;198559;98565;99994;599
8696;Totaal over alle leeftijden;Totaal bevolking;Rotterdam;2022;612702;351462;62966;32090;30876;198274;97762;100512;599
8697;Totaal over alle leeftijden;Totaal bevolking;Rotterdam;2023;614062;352738;63230;32187;31043;198094;97121;100973;599
8698;Totaal over alle leeftijden;Totaal bevolking;Rotterdam;2024;615368;354208;63423;32236;31187;197737;96410;101327;599
8699;Totaal over alle leeftijden;Totaal bevolking;Rotterdam;2025;616660;355591;63704;32373;31331;197365;95697;101668;599
8700;Totaal over alle leeftijden;Totaal bevolking;Rozenburg;2006;13109;10770;1329;584;745;1010;568;442;600
8701;Totaal over alle leeftijden;Totaal bevolking;Rozenburg;2007;13145;10777;1346;583;763;1022;575;447;600
8702;Totaal over alle leeftijden;Totaal bevolking;Rozenburg;2008;13186;10790;1359;583;776;1037;576;461;600
8703;Totaal over alle leeftijden;Totaal bevolking;Rozenburg;2009;13207;10794;1368;589;779;1045;578;467;600
8704;Totaal over alle leeftijden;Totaal bevolking;Rozenburg;2010;13232;10774;1385;584;801;1073;588;485;600
8705;Totaal over alle leeftijden;Totaal bevolking;Rozenburg;2011;13258;10776;1410;591;819;1072;575;497;600
8706;Totaal over alle leeftijden;Totaal bevolking;Rozenburg;2012;13294;10771;1417;597;820;1106;590;516;600
8707;Totaal over alle leeftijden;Totaal bevolking;Rozenburg;2013;13337;10772;1439;606;833;1126;598;528;600
8708;Totaal over alle leeftijden;Totaal bevolking;Rozenburg;2014;13369;10757;1457;604;853;1155;608;547;600
8709;Totaal over alle leeftijden;Totaal bevolking;Rozenburg;2015;13404;10750;1466;610;856;1188;619;569;600
8710;Totaal over alle leeftijden;Totaal bevolking;Rozenburg;2016;13440;10737;1487;610;877;1216;632;584;600
8711;Totaal over alle leeftijden;Totaal bevolking;Rozenburg;2017;13472;10739;1505;621;884;1228;633;595;600
8712;Totaal over alle leeftijden;Totaal bevolking;Rozenburg;2018;13500;10706;1537;634;903;1257;639;618;600
8713;Totaal over alle leeftijden;Totaal bevolking;Rozenburg;2019;13523;10694;1553;641;912;1276;643;633;600
8714;Totaal over alle leeftijden;Totaal bevolking;Rozenburg;2020;13560;10695;1566;650;916;1299;649;650;600
8715;Totaal over alle leeftijden;Totaal bevolking;Rozenburg;2021;13584;10661;1599;676;923;1324;656;668;600
8716;Totaal over alle leeftijden;Totaal bevolking;Rozenburg;2022;13591;10632;1601;674;927;1358;673;685;600
8717;Totaal over alle leeftijden;Totaal bevolking;Rozenburg;2023;13603;10618;1603;671;932;1382;686;696;600
8718;Totaal over alle leeftijden;Totaal bevolking;Rozenburg;2024;13618;10607;1605;672;933;1406;696;710;600
8719;Totaal over alle leeftijden;Totaal bevolking;Rozenburg;2025;13635;10601;1604;669;935;1430;707;723;600
8720;Totaal over alle leeftijden;Totaal bevolking;Rozendaal;2006;1642;1375;181;71;110;86;52;34;277
8721;Totaal over alle leeftijden;Totaal bevolking;Rozendaal;2007;1700;1414;185;68;117;101;61;40;277
8722;Totaal over alle leeftijden;Totaal bevolking;Rozendaal;2008;1732;1425;208;70;138;99;60;39;277
8723;Totaal over alle leeftijden;Totaal bevolking;Rozendaal;2009;1748;1426;214;74;140;108;64;44;277
8724;Totaal over alle leeftijden;Totaal bevolking;Rozendaal;2010;1758;1437;214;74;140;107;68;39;277
8725;Totaal over alle leeftijden;Totaal bevolking;Rozendaal;2011;1786;1454;220;83;137;112;71;41;277
8726;Totaal over alle leeftijden;Totaal bevolking;Rozendaal;2012;1800;1454;223;92;131;123;78;45;277
8727;Totaal over alle leeftijden;Totaal bevolking;Rozendaal;2013;1809;1449;227;91;136;133;79;54;277
8728;Totaal over alle leeftijden;Totaal bevolking;Rozendaal;2014;1827;1456;236;99;137;135;79;56;277
8729;Totaal over alle leeftijden;Totaal bevolking;Rozendaal;2015;1829;1439;242;103;139;148;89;59;277
8730;Totaal over alle leeftijden;Totaal bevolking;Rozendaal;2016;1854;1446;251;104;147;157;89;68;277
8731;Totaal over alle leeftijden;Totaal bevolking;Rozendaal;2017;1859;1444;247;103;144;168;96;72;277
8732;Totaal over alle leeftijden;Totaal bevolking;Rozendaal;2018;1869;1450;250;107;143;169;94;75;277
8733;Totaal over alle leeftijden;Totaal bevolking;Rozendaal;2019;1850;1420;246;105;141;184;105;79;277
8734;Totaal over alle leeftijden;Totaal bevolking;Rozendaal;2020;1852;1427;237;99;138;188;111;77;277
8735;Totaal over alle leeftijden;Totaal bevolking;Rozendaal;2021;1836;1419;244;100;144;173;98;75;277
8736;Totaal over alle leeftijden;Totaal bevolking;Rozendaal;2022;1833;1413;244;107;137;176;106;70;277
8737;Totaal over alle leeftijden;Totaal bevolking;Rozendaal;2023;1831;1412;242;109;133;177;107;70;277
8738;Totaal over alle leeftijden;Totaal bevolking;Rozendaal;2024;1847;1417;237;108;129;193;116;77;277
8739;Totaal over alle leeftijden;Totaal bevolking;Rozendaal;2025;1872;1424;256;116;140;192;110;82;277
8740;Totaal over alle leeftijden;Totaal bevolking;Rucphen;2006;22664;21055;1154;372;782;455;291;164;840
8741;Totaal over alle leeftijden;Totaal bevolking;Rucphen;2007;22674;21005;1188;385;803;481;308;173;840
8742;Totaal over alle leeftijden;Totaal bevolking;Rucphen;2008;22628;20926;1200;390;810;502;325;177;840
8743;Totaal over alle leeftijden;Totaal bevolking;Rucphen;2009;22584;20843;1223;396;827;518;334;184;840
8744;Totaal over alle leeftijden;Totaal bevolking;Rucphen;2010;22533;20745;1248;397;851;540;346;194;840
8745;Totaal over alle leeftijden;Totaal bevolking;Rucphen;2011;22484;20668;1266;408;858;550;362;188;840
8746;Totaal over alle leeftijden;Totaal bevolking;Rucphen;2012;22436;20561;1308;421;887;567;372;195;840
8747;Totaal over alle leeftijden;Totaal bevolking;Rucphen;2013;22386;20468;1321;433;888;597;388;209;840
8748;Totaal over alle leeftijden;Totaal bevolking;Rucphen;2014;22336;20363;1358;457;901;615;396;219;840
8749;Totaal over alle leeftijden;Totaal bevolking;Rucphen;2015;22291;20270;1370;462;908;651;412;239;840
8750;Totaal over alle leeftijden;Totaal bevolking;Rucphen;2016;22232;20163;1388;468;920;681;433;248;840
8751;Totaal over alle leeftijden;Totaal bevolking;Rucphen;2017;22179;20092;1404;483;921;683;426;257;840
8752;Totaal over alle leeftijden;Totaal bevolking;Rucphen;2018;22122;20018;1402;480;922;702;435;267;840
8753;Totaal over alle leeftijden;Totaal bevolking;Rucphen;2019;22071;19949;1402;492;910;720;446;274;840
8754;Totaal over alle leeftijden;Totaal bevolking;Rucphen;2020;22026;19869;1425;506;919;732;449;283;840
8755;Totaal over alle leeftijden;Totaal bevolking;Rucphen;2021;21988;19783;1448;514;934;757;465;292;840
8756;Totaal over alle leeftijden;Totaal bevolking;Rucphen;2022;21940;19706;1456;523;933;778;467;311;840
8757;Totaal over alle leeftijden;Totaal bevolking;Rucphen;2023;21891;19624;1478;532;946;789;471;318;840
8758;Totaal over alle leeftijden;Totaal bevolking;Rucphen;2024;21849;19530;1501;537;964;818;492;326;840
8759;Totaal over alle leeftijden;Totaal bevolking;Rucphen;2025;21805;19461;1502;550;952;842;506;336;840
8760;Totaal over alle leeftijden;Totaal bevolking;Sassenheim;2006;14912;12961;1177;505;672;774;455;319;604
8761;Totaal over alle leeftijden;Totaal bevolking;Sassenheim;2007;14953;12936;1219;528;691;798;472;326;604
8762;Totaal over alle leeftijden;Totaal bevolking;Sassenheim;2008;15008;12921;1250;533;717;837;496;341;604
8763;Totaal over alle leeftijden;Totaal bevolking;Sassenheim;2009;15082;12910;1309;558;751;863;511;352;604
8764;Totaal over alle leeftijden;Totaal bevolking;Sassenheim;2010;15145;12923;1356;582;774;866;513;353;604
8765;Totaal over alle leeftijden;Totaal bevolking;Sassenheim;2011;15198;12953;1395;600;795;850;498;352;604
8766;Totaal over alle leeftijden;Totaal bevolking;Sassenheim;2012;15256;12949;1426;614;812;881;509;372;604
8767;Totaal over alle leeftijden;Totaal bevolking;Sassenheim;2013;15330;12917;1498;652;846;915;525;390;604
8768;Totaal over alle leeftijden;Totaal bevolking;Sassenheim;2014;15415;12909;1548;668;880;958;538;420;604
8769;Totaal over alle leeftijden;Totaal bevolking;Sassenheim;2015;15476;12928;1581;686;895;967;540;427;604
8770;Totaal over alle leeftijden;Totaal bevolking;Sassenheim;2016;15554;12917;1636;715;921;1001;548;453;604
8771;Totaal over alle leeftijden;Totaal bevolking;Sassenheim;2017;15629;12900;1686;739;947;1043;572;471;604
8772;Totaal over alle leeftijden;Totaal bevolking;Sassenheim;2018;15683;12889;1712;755;957;1082;592;490;604
8773;Totaal over alle leeftijden;Totaal bevolking;Sassenheim;2019;15751;12899;1746;779;967;1106;597;509;604
8774;Totaal over alle leeftijden;Totaal bevolking;Sassenheim;2020;15819;12897;1793;806;987;1129;606;523;604
8775;Totaal over alle leeftijden;Totaal bevolking;Sassenheim;2021;15869;12885;1817;817;1000;1167;616;551;604
8776;Totaal over alle leeftijden;Totaal bevolking;Sassenheim;2022;15936;12880;1863;852;1011;1193;631;562;604
8777;Totaal over alle leeftijden;Totaal bevolking;Sassenheim;2023;15995;12848;1890;874;1016;1257;669;588;604
8778;Totaal over alle leeftijden;Totaal bevolking;Sassenheim;2024;16046;12820;1939;900;1039;1287;681;606;604
8779;Totaal over alle leeftijden;Totaal bevolking;Sassenheim;2025;16087;12814;1965;918;1047;1308;698;610;604
8780;Totaal over alle leeftijden;Totaal bevolking;Schagen;2006;18866;16217;1528;596;932;1121;778;343;441
8781;Totaal over alle leeftijden;Totaal bevolking;Schagen;2007;19002;16330;1539;603;936;1133;779;354;441
8782;Totaal over alle leeftijden;Totaal bevolking;Schagen;2008;19080;16354;1572;614;958;1154;788;366;441
8783;Totaal over alle leeftijden;Totaal bevolking;Schagen;2009;19155;16360;1616;637;979;1179;802;377;441
8784;Totaal over alle leeftijden;Totaal bevolking;Schagen;2010;19207;16344;1650;671;979;1213;832;381;441
8785;Totaal over alle leeftijden;Totaal bevolking;Schagen;2011;19266;16306;1717;706;1011;1243;842;401;441
8786;Totaal over alle leeftijden;Totaal bevolking;Schagen;2012;19318;16260;1798;762;1036;1260;844;416;441
8787;Totaal over alle leeftijden;Totaal bevolking;Schagen;2013;19368;16211;1870;822;1048;1287;858;429;441
8788;Totaal over alle leeftijden;Totaal bevolking;Schagen;2014;19422;16154;1944;880;1064;1324;885;439;441
8789;Totaal over alle leeftijden;Totaal bevolking;Schagen;2015;19476;16101;2009;923;1086;1366;911;455;441
8790;Totaal over alle leeftijden;Totaal bevolking;Schagen;2016;19528;16037;2082;977;1105;1409;928;481;441
8791;Totaal over alle leeftijden;Totaal bevolking;Schagen;2017;19578;15982;2154;1031;1123;1442;942;500;441
8792;Totaal over alle leeftijden;Totaal bevolking;Schagen;2018;19621;15948;2205;1059;1146;1468;952;516;441
8793;Totaal over alle leeftijden;Totaal bevolking;Schagen;2019;19676;15858;2295;1129;1166;1523;996;527;441
8794;Totaal over alle leeftijden;Totaal bevolking;Schagen;2020;19715;15778;2378;1183;1195;1559;1005;554;441
8795;Totaal over alle leeftijden;Totaal bevolking;Schagen;2021;19760;15682;2459;1235;1224;1619;1048;571;441
8796;Totaal over alle leeftijden;Totaal bevolking;Schagen;2022;19801;15594;2538;1296;1242;1669;1069;600;441
8797;Totaal over alle leeftijden;Totaal bevolking;Schagen;2023;19854;15558;2593;1334;1259;1703;1074;629;441
8798;Totaal over alle leeftijden;Totaal bevolking;Schagen;2024;19890;15475;2646;1375;1271;1769;1118;651;441
8799;Totaal over alle leeftijden;Totaal bevolking;Schagen;2025;19920;15390;2729;1424;1305;1801;1131;670;441
8800;Totaal over alle leeftijden;Totaal bevolking;Scheemda;2006;14209;13263;739;253;486;207;146;61;39
8801;Totaal over alle leeftijden;Totaal bevolking;Scheemda;2007;14145;13162;767;266;501;216;155;61;39
8802;Totaal over alle leeftijden;Totaal bevolking;Scheemda;2008;14066;13075;749;269;480;242;178;64;39
8803;Totaal over alle leeftijden;Totaal bevolking;Scheemda;2009;13980;12956;771;286;485;253;185;68;39
8804;Totaal over alle leeftijden;Totaal bevolking;Scheemda;2010;13901;12854;783;295;488;264;184;80;39
8805;Totaal over alle leeftijden;Totaal bevolking;Scheemda;2011;13823;12726;798;308;490;299;203;96;39
8806;Totaal over alle leeftijden;Totaal bevolking;Scheemda;2012;13744;12622;815;323;492;307;208;99;39
8807;Totaal over alle leeftijden;Totaal bevolking;Scheemda;2013;13661;12506;832;332;500;323;218;105;39
8808;Totaal over alle leeftijden;Totaal bevolking;Scheemda;2014;13582;12397;838;347;491;347;231;116;39
8809;Totaal over alle leeftijden;Totaal bevolking;Scheemda;2015;13514;12283;873;368;505;358;231;127;39
8810;Totaal over alle leeftijden;Totaal bevolking;Scheemda;2016;13450;12182;888;388;500;380;247;133;39
8811;Totaal over alle leeftijden;Totaal bevolking;Scheemda;2017;13382;12085;901;402;499;396;259;137;39
8812;Totaal over alle leeftijden;Totaal bevolking;Scheemda;2018;13316;11990;918;417;501;408;261;147;39
8813;Totaal over alle leeftijden;Totaal bevolking;Scheemda;2019;13243;11901;916;422;494;426;271;155;39
8814;Totaal over alle leeftijden;Totaal bevolking;Scheemda;2020;13189;11807;931;437;494;451;293;158;39
8815;Totaal over alle leeftijden;Totaal bevolking;Scheemda;2021;13136;11700;962;448;514;474;297;177;39
8816;Totaal over alle leeftijden;Totaal bevolking;Scheemda;2022;13077;11604;974;459;515;499;312;187;39
8817;Totaal over alle leeftijden;Totaal bevolking;Scheemda;2023;13020;11529;990;471;519;501;315;186;39
8818;Totaal over alle leeftijden;Totaal bevolking;Scheemda;2024;12967;11447;1005;474;531;515;325;190;39
8819;Totaal over alle leeftijden;Totaal bevolking;Scheemda;2025;12922;11361;1017;489;528;544;345;199;39
8820;Totaal over alle leeftijden;Totaal bevolking;Schermer;2006;4991;4612;264;92;172;115;77;38;458
8821;Totaal over alle leeftijden;Totaal bevolking;Schermer;2007;5028;4585;304;112;192;139;96;43;458
8822;Totaal over alle leeftijden;Totaal bevolking;Schermer;2008;5030;4538;321;129;192;171;122;49;458
8823;Totaal over alle leeftijden;Totaal bevolking;Schermer;2009;5058;4510;357;144;213;191;136;55;458
8824;Totaal over alle leeftijden;Totaal bevolking;Schermer;2010;5052;4450;393;156;237;209;149;60;458
8825;Totaal over alle leeftijden;Totaal bevolking;Schermer;2011;5052;4417;411;171;240;224;154;70;458
8826;Totaal over alle leeftijden;Totaal bevolking;Schermer;2012;5082;4402;434;178;256;246;160;86;458
8827;Totaal over alle leeftijden;Totaal bevolking;Schermer;2013;5104;4371;461;191;270;272;178;94;458
8828;Totaal over alle leeftijden;Totaal bevolking;Schermer;2014;5100;4327;479;206;273;294;187;107;458
8829;Totaal over alle leeftijden;Totaal bevolking;Schermer;2015;5097;4286;494;214;280;317;204;113;458
8830;Totaal over alle leeftijden;Totaal bevolking;Schermer;2016;5092;4248;505;218;287;339;213;126;458
8831;Totaal over alle leeftijden;Totaal bevolking;Schermer;2017;5094;4202;538;230;308;354;216;138;458
8832;Totaal over alle leeftijden;Totaal bevolking;Schermer;2018;5087;4164;559;240;319;364;225;139;458
8833;Totaal over alle leeftijden;Totaal bevolking;Schermer;2019;5098;4122;590;251;339;386;233;153;458
8834;Totaal over alle leeftijden;Totaal bevolking;Schermer;2020;5088;4076;612;255;357;400;243;157;458
8835;Totaal over alle leeftijden;Totaal bevolking;Schermer;2021;5084;4035;631;263;368;418;248;170;458
8836;Totaal over alle leeftijden;Totaal bevolking;Schermer;2022;5076;3983;665;280;385;428;244;184;458
8837;Totaal over alle leeftijden;Totaal bevolking;Schermer;2023;5077;3942;693;303;390;442;249;193;458
8838;Totaal over alle leeftijden;Totaal bevolking;Schermer;2024;5067;3913;702;308;394;452;252;200;458
8839;Totaal over alle leeftijden;Totaal bevolking;Schermer;2025;5048;3863;718;318;400;467;260;207;458
8840;Totaal over alle leeftijden;Totaal bevolking;Scherpenzeel;2006;9066;8472;381;134;247;213;116;97;279
8841;Totaal over alle leeftijden;Totaal bevolking;Scherpenzeel;2007;9094;8445;406;142;264;243;132;111;279
8842;Totaal over alle leeftijden;Totaal bevolking;Scherpenzeel;2008;9109;8403;434;151;283;272;155;117;279
8843;Totaal over alle leeftijden;Totaal bevolking;Scherpenzeel;2009;9109;8356;447;161;286;306;180;126;279
8844;Totaal over alle leeftijden;Totaal bevolking;Scherpenzeel;2010;9108;8313;460;159;301;335;193;142;279
8845;Totaal over alle leeftijden;Totaal bevolking;Scherpenzeel;2011;9108;8261;484;169;315;363;204;159;279
8846;Totaal over alle leeftijden;Totaal bevolking;Scherpenzeel;2012;9116;8222;506;184;322;388;220;168;279
8847;Totaal over alle leeftijden;Totaal bevolking;Scherpenzeel;2013;9117;8180;529;196;333;408;235;173;279
8848;Totaal over alle leeftijden;Totaal bevolking;Scherpenzeel;2014;9117;8135;550;210;340;432;253;179;279
8849;Totaal over alle leeftijden;Totaal bevolking;Scherpenzeel;2015;9110;8073;572;231;341;465;271;194;279
8850;Totaal over alle leeftijden;Totaal bevolking;Scherpenzeel;2016;9111;8026;598;247;351;487;280;207;279
8851;Totaal over alle leeftijden;Totaal bevolking;Scherpenzeel;2017;9113;7991;604;253;351;518;299;219;279
8852;Totaal over alle leeftijden;Totaal bevolking;Scherpenzeel;2018;9102;7937;621;270;351;544;314;230;279
8853;Totaal over alle leeftijden;Totaal bevolking;Scherpenzeel;2019;9099;7876;642;280;362;581;334;247;279
8854;Totaal over alle leeftijden;Totaal bevolking;Scherpenzeel;2020;9100;7817;685;299;386;598;344;254;279
8855;Totaal over alle leeftijden;Totaal bevolking;Scherpenzeel;2021;9098;7769;689;294;395;640;366;274;279
8856;Totaal over alle leeftijden;Totaal bevolking;Scherpenzeel;2022;9082;7704;718;303;415;660;371;289;279
8857;Totaal over alle leeftijden;Totaal bevolking;Scherpenzeel;2023;9068;7651;743;314;429;674;374;300;279
8858;Totaal over alle leeftijden;Totaal bevolking;Scherpenzeel;2024;9048;7606;751;320;431;691;382;309;279
8859;Totaal over alle leeftijden;Totaal bevolking;Scherpenzeel;2025;9037;7552;769;331;438;716;398;318;279
8860;Totaal over alle leeftijden;Totaal bevolking;Schiedam;2006;74613;51296;5773;2540;3233;17544;9582;7962;606
8861;Totaal over alle leeftijden;Totaal bevolking;Schiedam;2007;74318;50738;5732;2484;3248;17848;9349;8499;606
8862;Totaal over alle leeftijden;Totaal bevolking;Schiedam;2008;74009;50206;5682;2419;3263;18121;9177;8944;606
8863;Totaal over alle leeftijden;Totaal bevolking;Schiedam;2009;73702;49663;5658;2376;3282;18381;9005;9376;606
8864;Totaal over alle leeftijden;Totaal bevolking;Schiedam;2010;73438;49150;5654;2351;3303;18634;8833;9801;606
8865;Totaal over alle leeftijden;Totaal bevolking;Schiedam;2011;73192;48668;5632;2340;3292;18892;8681;10211;606
8866;Totaal over alle leeftijden;Totaal bevolking;Schiedam;2012;72957;48210;5628;2321;3307;19119;8537;10582;606
8867;Totaal over alle leeftijden;Totaal bevolking;Schiedam;2013;72751;47783;5647;2331;3316;19321;8397;10924;606
8868;Totaal over alle leeftijden;Totaal bevolking;Schiedam;2014;72555;47383;5658;2312;3346;19514;8244;11270;606
8869;Totaal over alle leeftijden;Totaal bevolking;Schiedam;2015;72386;47007;5662;2294;3368;19717;8107;11610;606
8870;Totaal over alle leeftijden;Totaal bevolking;Schiedam;2016;72216;46646;5661;2303;3358;19909;7989;11920;606
8871;Totaal over alle leeftijden;Totaal bevolking;Schiedam;2017;72040;46304;5670;2298;3372;20066;7851;12215;606
8872;Totaal over alle leeftijden;Totaal bevolking;Schiedam;2018;71928;46020;5734;2317;3417;20174;7736;12438;606
8873;Totaal over alle leeftijden;Totaal bevolking;Schiedam;2019;71829;45765;5776;2305;3471;20288;7600;12688;606
8874;Totaal over alle leeftijden;Totaal bevolking;Schiedam;2020;71737;45566;5742;2279;3463;20429;7542;12887;606
8875;Totaal over alle leeftijden;Totaal bevolking;Schiedam;2021;71681;45451;5699;2243;3456;20531;7446;13085;606
8876;Totaal over alle leeftijden;Totaal bevolking;Schiedam;2022;71642;45262;5732;2238;3494;20648;7369;13279;606
8877;Totaal over alle leeftijden;Totaal bevolking;Schiedam;2023;71602;45096;5766;2217;3549;20740;7247;13493;606
8878;Totaal over alle leeftijden;Totaal bevolking;Schiedam;2024;71579;44984;5767;2229;3538;20828;7153;13675;606
8879;Totaal over alle leeftijden;Totaal bevolking;Schiedam;2025;71563;44892;5784;2217;3567;20887;7053;13834;606
8880;Totaal over alle leeftijden;Totaal bevolking;Schiermonnikoog;2006;1018;945;57;27;30;16;10;6;88
8881;Totaal over alle leeftijden;Totaal bevolking;Schiermonnikoog;2007;1024;948;59;28;31;17;11;6;88
8882;Totaal over alle leeftijden;Totaal bevolking;Schiermonnikoog;2008;1031;939;67;36;31;25;18;7;88
8883;Totaal over alle leeftijden;Totaal bevolking;Schiermonnikoog;2009;1035;937;71;40;31;27;22;5;88
8884;Totaal over alle leeftijden;Totaal bevolking;Schiermonnikoog;2010;1037;926;79;45;34;32;26;6;88
8885;Totaal over alle leeftijden;Totaal bevolking;Schiermonnikoog;2011;1050;927;92;52;40;31;23;8;88
8886;Totaal over alle leeftijden;Totaal bevolking;Schiermonnikoog;2012;1059;935;96;52;44;28;22;6;88
8887;Totaal over alle leeftijden;Totaal bevolking;Schiermonnikoog;2013;1065;924;109;65;44;32;24;8;88
8888;Totaal over alle leeftijden;Totaal bevolking;Schiermonnikoog;2014;1066;914;113;73;40;39;29;10;88
8889;Totaal over alle leeftijden;Totaal bevolking;Schiermonnikoog;2015;1071;911;108;69;39;52;38;14;88
8890;Totaal over alle leeftijden;Totaal bevolking;Schiermonnikoog;2016;1074;896;119;74;45;59;43;16;88
8891;Totaal over alle leeftijden;Totaal bevolking;Schiermonnikoog;2017;1078;899;121;76;45;58;41;17;88
8892;Totaal over alle leeftijden;Totaal bevolking;Schiermonnikoog;2018;1076;884;129;75;54;63;43;20;88
8893;Totaal over alle leeftijden;Totaal bevolking;Schiermonnikoog;2019;1073;881;130;74;56;62;44;18;88
8894;Totaal over alle leeftijden;Totaal bevolking;Schiermonnikoog;2020;1071;869;139;84;55;63;43;20;88
8895;Totaal over alle leeftijden;Totaal bevolking;Schiermonnikoog;2021;1066;864;139;82;57;63;41;22;88
8896;Totaal over alle leeftijden;Totaal bevolking;Schiermonnikoog;2022;1067;852;151;88;63;64;43;21;88
8897;Totaal over alle leeftijden;Totaal bevolking;Schiermonnikoog;2023;1063;852;144;84;60;67;46;21;88
8898;Totaal over alle leeftijden;Totaal bevolking;Schiermonnikoog;2024;1069;844;155;91;64;70;47;23;88
8899;Totaal over alle leeftijden;Totaal bevolking;Schiermonnikoog;2025;1068;840;154;89;65;74;52;22;88
8900;Totaal over alle leeftijden;Totaal bevolking;Schijndel;2006;23298;21316;1218;566;652;764;522;242;844
8901;Totaal over alle leeftijden;Totaal bevolking;Schijndel;2007;23201;21219;1215;568;647;767;518;249;844
8902;Totaal over alle leeftijden;Totaal bevolking;Schijndel;2008;23102;21106;1233;564;669;763;513;250;844
8903;Totaal over alle leeftijden;Totaal bevolking;Schijndel;2009;22990;20989;1267;584;683;734;489;245;844
8904;Totaal over alle leeftijden;Totaal bevolking;Schijndel;2010;22892;20899;1271;572;699;722;472;250;844
8905;Totaal over alle leeftijden;Totaal bevolking;Schijndel;2011;22798;20774;1303;585;718;721;471;250;844
8906;Totaal over alle leeftijden;Totaal bevolking;Schijndel;2012;22689;20658;1312;596;716;719;462;257;844
8907;Totaal over alle leeftijden;Totaal bevolking;Schijndel;2013;22582;20523;1333;595;738;726;464;262;844
8908;Totaal over alle leeftijden;Totaal bevolking;Schijndel;2014;22476;20391;1343;603;740;742;473;269;844
8909;Totaal over alle leeftijden;Totaal bevolking;Schijndel;2015;22372;20289;1333;590;743;750;476;274;844
8910;Totaal over alle leeftijden;Totaal bevolking;Schijndel;2016;22270;20190;1328;589;739;752;470;282;844
8911;Totaal over alle leeftijden;Totaal bevolking;Schijndel;2017;22170;20090;1328;584;744;752;462;290;844
8912;Totaal over alle leeftijden;Totaal bevolking;Schijndel;2018;22065;19985;1328;590;738;752;458;294;844
8913;Totaal over alle leeftijden;Totaal bevolking;Schijndel;2019;21963;19875;1349;604;745;739;442;297;844
8914;Totaal over alle leeftijden;Totaal bevolking;Schijndel;2020;21863;19747;1366;608;758;750;449;301;844
8915;Totaal over alle leeftijden;Totaal bevolking;Schijndel;2021;21752;19623;1379;610;769;750;445;305;844
8916;Totaal over alle leeftijden;Totaal bevolking;Schijndel;2022;21651;19528;1383;599;784;740;431;309;844
8917;Totaal over alle leeftijden;Totaal bevolking;Schijndel;2023;21560;19441;1382;590;792;737;427;310;844
8918;Totaal over alle leeftijden;Totaal bevolking;Schijndel;2024;21463;19324;1397;599;798;742;432;310;844
8919;Totaal over alle leeftijden;Totaal bevolking;Schijndel;2025;21362;19210;1399;591;808;753;428;325;844
8920;Totaal over alle leeftijden;Totaal bevolking;Schinnen;2006;13417;11156;1915;540;1375;346;234;112;962
8921;Totaal over alle leeftijden;Totaal bevolking;Schinnen;2007;13314;11077;1900;525;1375;337;221;116;962
8922;Totaal over alle leeftijden;Totaal bevolking;Schinnen;2008;13198;11006;1868;509;1359;324;202;122;962
8923;Totaal over alle leeftijden;Totaal bevolking;Schinnen;2009;13101;10913;1864;501;1363;324;195;129;962
8924;Totaal over alle leeftijden;Totaal bevolking;Schinnen;2010;12997;10828;1842;486;1356;327;191;136;962
8925;Totaal over alle leeftijden;Totaal bevolking;Schinnen;2011;12893;10728;1835;494;1341;330;188;142;962
8926;Totaal over alle leeftijden;Totaal bevolking;Schinnen;2012;12783;10627;1822;488;1334;334;186;148;962
8927;Totaal over alle leeftijden;Totaal bevolking;Schinnen;2013;12675;10520;1806;485;1321;349;188;161;962
8928;Totaal over alle leeftijden;Totaal bevolking;Schinnen;2014;12564;10394;1803;480;1323;367;197;170;962
8929;Totaal over alle leeftijden;Totaal bevolking;Schinnen;2015;12464;10279;1790;473;1317;395;216;179;962
8930;Totaal over alle leeftijden;Totaal bevolking;Schinnen;2016;12362;10195;1757;471;1286;410;223;187;962
8931;Totaal over alle leeftijden;Totaal bevolking;Schinnen;2017;12258;10109;1735;468;1267;414;218;196;962
8932;Totaal over alle leeftijden;Totaal bevolking;Schinnen;2018;12152;9998;1724;459;1265;430;227;203;962
8933;Totaal over alle leeftijden;Totaal bevolking;Schinnen;2019;12055;9905;1686;454;1232;464;247;217;962
8934;Totaal over alle leeftijden;Totaal bevolking;Schinnen;2020;11956;9822;1660;448;1212;474;251;223;962
8935;Totaal over alle leeftijden;Totaal bevolking;Schinnen;2021;11865;9744;1639;441;1198;482;249;233;962
8936;Totaal over alle leeftijden;Totaal bevolking;Schinnen;2022;11764;9675;1602;428;1174;487;244;243;962
8937;Totaal over alle leeftijden;Totaal bevolking;Schinnen;2023;11666;9562;1590;428;1162;514;258;256;962
8938;Totaal over alle leeftijden;Totaal bevolking;Schinnen;2024;11556;9449;1579;434;1145;528;271;257;962
8939;Totaal over alle leeftijden;Totaal bevolking;Schinnen;2025;11450;9368;1552;427;1125;530;281;249;962
8940;Totaal over alle leeftijden;Totaal bevolking;Schoonhoven;2006;12426;10552;777;248;529;1097;620;477;608
8941;Totaal over alle leeftijden;Totaal bevolking;Schoonhoven;2007;12424;10504;797;248;549;1123;624;499;608
8942;Totaal over alle leeftijden;Totaal bevolking;Schoonhoven;2008;12417;10460;813;254;559;1144;628;516;608
8943;Totaal over alle leeftijden;Totaal bevolking;Schoonhoven;2009;12398;10385;860;277;583;1153;628;525;608
8944;Totaal over alle leeftijden;Totaal bevolking;Schoonhoven;2010;12395;10331;891;286;605;1173;637;536;608
8945;Totaal over alle leeftijden;Totaal bevolking;Schoonhoven;2011;12389;10306;914;301;613;1169;628;541;608
8946;Totaal over alle leeftijden;Totaal bevolking;Schoonhoven;2012;12364;10249;937;318;619;1178;633;545;608
8947;Totaal over alle leeftijden;Totaal bevolking;Schoonhoven;2013;12353;10217;944;319;625;1192;638;554;608
8948;Totaal over alle leeftijden;Totaal bevolking;Schoonhoven;2014;12359;10203;955;323;632;1201;644;557;608
8949;Totaal over alle leeftijden;Totaal bevolking;Schoonhoven;2015;12345;10158;975;327;648;1212;645;567;608
8950;Totaal over alle leeftijden;Totaal bevolking;Schoonhoven;2016;12330;10113;993;329;664;1224;643;581;608
8951;Totaal over alle leeftijden;Totaal bevolking;Schoonhoven;2017;12317;10070;1032;341;691;1215;643;572;608
8952;Totaal over alle leeftijden;Totaal bevolking;Schoonhoven;2018;12290;10030;1053;347;706;1207;637;570;608
8953;Totaal over alle leeftijden;Totaal bevolking;Schoonhoven;2019;12271;10009;1063;348;715;1199;634;565;608
8954;Totaal over alle leeftijden;Totaal bevolking;Schoonhoven;2020;12256;9969;1074;358;716;1213;646;567;608
8955;Totaal over alle leeftijden;Totaal bevolking;Schoonhoven;2021;12232;9912;1095;364;731;1225;650;575;608
8956;Totaal over alle leeftijden;Totaal bevolking;Schoonhoven;2022;12212;9857;1117;373;744;1238;661;577;608
8957;Totaal over alle leeftijden;Totaal bevolking;Schoonhoven;2023;12174;9809;1122;361;761;1243;659;584;608
8958;Totaal over alle leeftijden;Totaal bevolking;Schoonhoven;2024;12146;9738;1154;375;779;1254;655;599;608
8959;Totaal over alle leeftijden;Totaal bevolking;Schoonhoven;2025;12120;9668;1185;383;802;1267;660;607;608
8960;Totaal over alle leeftijden;Totaal bevolking;Schouwen-Duiveland;2006;34383;31391;2031;875;1156;961;607;354;1676
8961;Totaal over alle leeftijden;Totaal bevolking;Schouwen-Duiveland;2007;34418;31326;2035;879;1156;1057;653;404;1676
8962;Totaal over alle leeftijden;Totaal bevolking;Schouwen-Duiveland;2008;34440;31262;2048;864;1184;1130;683;447;1676
8963;Totaal over alle leeftijden;Totaal bevolking;Schouwen-Duiveland;2009;34463;31189;2060;886;1174;1214;729;485;1676
8964;Totaal over alle leeftijden;Totaal bevolking;Schouwen-Duiveland;2010;34493;31081;2107;906;1201;1305;783;522;1676
8965;Totaal over alle leeftijden;Totaal bevolking;Schouwen-Duiveland;2011;34521;31022;2151;928;1223;1348;800;548;1676
8966;Totaal over alle leeftijden;Totaal bevolking;Schouwen-Duiveland;2012;34557;30964;2181;938;1243;1412;825;587;1676
8967;Totaal over alle leeftijden;Totaal bevolking;Schouwen-Duiveland;2013;34592;30893;2216;949;1267;1483;864;619;1676
8968;Totaal over alle leeftijden;Totaal bevolking;Schouwen-Duiveland;2014;34613;30883;2212;963;1249;1518;867;651;1676
8969;Totaal over alle leeftijden;Totaal bevolking;Schouwen-Duiveland;2015;34627;30776;2264;988;1276;1587;886;701;1676
8970;Totaal over alle leeftijden;Totaal bevolking;Schouwen-Duiveland;2016;34638;30717;2275;988;1287;1646;919;727;1676
8971;Totaal over alle leeftijden;Totaal bevolking;Schouwen-Duiveland;2017;34657;30648;2290;995;1295;1719;960;759;1676
8972;Totaal over alle leeftijden;Totaal bevolking;Schouwen-Duiveland;2018;34677;30580;2317;1005;1312;1780;987;793;1676
8973;Totaal over alle leeftijden;Totaal bevolking;Schouwen-Duiveland;2019;34686;30534;2324;1009;1315;1828;995;833;1676
8974;Totaal over alle leeftijden;Totaal bevolking;Schouwen-Duiveland;2020;34700;30451;2326;1009;1317;1923;1045;878;1676
8975;Totaal over alle leeftijden;Totaal bevolking;Schouwen-Duiveland;2021;34713;30454;2314;997;1317;1945;1041;904;1676
8976;Totaal over alle leeftijden;Totaal bevolking;Schouwen-Duiveland;2022;34715;30396;2312;1029;1283;2007;1061;946;1676
8977;Totaal over alle leeftijden;Totaal bevolking;Schouwen-Duiveland;2023;34733;30337;2338;1048;1290;2058;1096;962;1676
8978;Totaal over alle leeftijden;Totaal bevolking;Schouwen-Duiveland;2024;34743;30288;2362;1062;1300;2093;1095;998;1676
8979;Totaal over alle leeftijden;Totaal bevolking;Schouwen-Duiveland;2025;34751;30225;2392;1071;1321;2134;1100;1034;1676
8980;Totaal over alle leeftijden;Totaal bevolking;Sevenum;2006;7533;7025;392;137;255;116;83;33;964
8981;Totaal over alle leeftijden;Totaal bevolking;Sevenum;2007;7597;7058;411;143;268;128;93;35;964
8982;Totaal over alle leeftijden;Totaal bevolking;Sevenum;2008;7638;7067;427;151;276;144;105;39;964
8983;Totaal over alle leeftijden;Totaal bevolking;Sevenum;2009;7677;7073;450;159;291;154;112;42;964
8984;Totaal over alle leeftijden;Totaal bevolking;Sevenum;2010;7718;7070;476;170;306;172;123;49;964
8985;Totaal over alle leeftijden;Totaal bevolking;Sevenum;2011;7741;7075;484;170;314;182;134;48;964
8986;Totaal over alle leeftijden;Totaal bevolking;Sevenum;2012;7781;7077;506;177;329;198;143;55;964
8987;Totaal over alle leeftijden;Totaal bevolking;Sevenum;2013;7805;7068;534;190;344;203;147;56;964
8988;Totaal over alle leeftijden;Totaal bevolking;Sevenum;2014;7835;7062;563;200;363;210;152;58;964
8989;Totaal over alle leeftijden;Totaal bevolking;Sevenum;2015;7867;7068;578;210;368;221;160;61;964
8990;Totaal over alle leeftijden;Totaal bevolking;Sevenum;2016;7899;7069;603;222;381;227;163;64;964
8991;Totaal over alle leeftijden;Totaal bevolking;Sevenum;2017;7923;7091;609;228;381;223;156;67;964
8992;Totaal over alle leeftijden;Totaal bevolking;Sevenum;2018;7944;7089;620;236;384;235;164;71;964
8993;Totaal over alle leeftijden;Totaal bevolking;Sevenum;2019;7966;7113;610;239;371;243;165;78;964
8994;Totaal over alle leeftijden;Totaal bevolking;Sevenum;2020;7984;7115;615;247;368;254;170;84;964
8995;Totaal over alle leeftijden;Totaal bevolking;Sevenum;2021;7995;7103;620;247;373;272;182;90;964
8996;Totaal over alle leeftijden;Totaal bevolking;Sevenum;2022;8017;7095;632;253;379;290;192;98;964
8997;Totaal over alle leeftijden;Totaal bevolking;Sevenum;2023;8028;7093;632;253;379;303;197;106;964
8998;Totaal over alle leeftijden;Totaal bevolking;Sevenum;2024;8046;7086;645;263;382;315;206;109;964
8999;Totaal over alle leeftijden;Totaal bevolking;Sevenum;2025;8056;7068;674;274;400;314;199;115;964
9000;Totaal over alle leeftijden;Totaal bevolking;Simpelveld;2006;11316;9138;2024;857;1167;154;102;52;965
9001;Totaal over alle leeftijden;Totaal bevolking;Simpelveld;2007;11245;9092;1984;829;1155;169;110;59;965
9002;Totaal over alle leeftijden;Totaal bevolking;Simpelveld;2008;11162;9046;1941;805;1136;175;114;61;965
9003;Totaal over alle leeftijden;Totaal bevolking;Simpelveld;2009;11081;8976;1912;788;1124;193;126;67;965
9004;Totaal over alle leeftijden;Totaal bevolking;Simpelveld;2010;11001;8921;1880;772;1108;200;130;70;965
9005;Totaal over alle leeftijden;Totaal bevolking;Simpelveld;2011;10921;8837;1880;769;1111;204;130;74;965
9006;Totaal over alle leeftijden;Totaal bevolking;Simpelveld;2012;10844;8788;1847;760;1087;209;130;79;965
9007;Totaal over alle leeftijden;Totaal bevolking;Simpelveld;2013;10766;8749;1794;727;1067;223;141;82;965
9008;Totaal over alle leeftijden;Totaal bevolking;Simpelveld;2014;10693;8686;1777;715;1062;230;140;90;965
9009;Totaal over alle leeftijden;Totaal bevolking;Simpelveld;2015;10623;8621;1758;709;1049;244;143;101;965
9010;Totaal over alle leeftijden;Totaal bevolking;Simpelveld;2016;10550;8562;1728;704;1024;260;148;112;965
9011;Totaal over alle leeftijden;Totaal bevolking;Simpelveld;2017;10478;8491;1706;684;1022;281;156;125;965
9012;Totaal over alle leeftijden;Totaal bevolking;Simpelveld;2018;10404;8432;1687;669;1018;285;156;129;965
9013;Totaal over alle leeftijden;Totaal bevolking;Simpelveld;2019;10348;8366;1681;661;1020;301;162;139;965
9014;Totaal over alle leeftijden;Totaal bevolking;Simpelveld;2020;10290;8320;1655;649;1006;315;169;146;965
9015;Totaal over alle leeftijden;Totaal bevolking;Simpelveld;2021;10225;8276;1632;640;992;317;172;145;965
9016;Totaal over alle leeftijden;Totaal bevolking;Simpelveld;2022;10157;8244;1593;616;977;320;174;146;965
9017;Totaal over alle leeftijden;Totaal bevolking;Simpelveld;2023;10087;8195;1565;598;967;327;173;154;965
9018;Totaal over alle leeftijden;Totaal bevolking;Simpelveld;2024;10033;8157;1542;582;960;334;176;158;965
9019;Totaal over alle leeftijden;Totaal bevolking;Simpelveld;2025;9976;8122;1502;558;944;352;192;160;965
9020;Totaal over alle leeftijden;Totaal bevolking;Sint Anthonis;2006;11861;11106;499;191;308;256;183;73;1702
9021;Totaal over alle leeftijden;Totaal bevolking;Sint Anthonis;2007;11869;11097;518;195;323;254;179;75;1702
9022;Totaal over alle leeftijden;Totaal bevolking;Sint Anthonis;2008;11848;11051;530;195;335;267;186;81;1702
9023;Totaal over alle leeftijden;Totaal bevolking;Sint Anthonis;2009;11831;11020;540;199;341;271;185;86;1702
9024;Totaal over alle leeftijden;Totaal bevolking;Sint Anthonis;2010;11798;10947;558;208;350;293;196;97;1702
9025;Totaal over alle leeftijden;Totaal bevolking;Sint Anthonis;2011;11774;10883;583;216;367;308;198;110;1702
9026;Totaal over alle leeftijden;Totaal bevolking;Sint Anthonis;2012;11751;10828;606;225;381;317;203;114;1702
9027;Totaal over alle leeftijden;Totaal bevolking;Sint Anthonis;2013;11726;10765;630;241;389;331;207;124;1702
9028;Totaal over alle leeftijden;Totaal bevolking;Sint Anthonis;2014;11700;10709;645;252;393;346;216;130;1702
9029;Totaal over alle leeftijden;Totaal bevolking;Sint Anthonis;2015;11669;10666;650;256;394;353;220;133;1702
9030;Totaal over alle leeftijden;Totaal bevolking;Sint Anthonis;2016;11636;10620;659;252;407;357;220;137;1702
9031;Totaal over alle leeftijden;Totaal bevolking;Sint Anthonis;2017;11603;10580;665;261;404;358;218;140;1702
9032;Totaal over alle leeftijden;Totaal bevolking;Sint Anthonis;2018;11571;10538;677;266;411;356;213;143;1702
9033;Totaal over alle leeftijden;Totaal bevolking;Sint Anthonis;2019;11544;10483;696;272;424;365;219;146;1702
9034;Totaal over alle leeftijden;Totaal bevolking;Sint Anthonis;2020;11509;10424;719;286;433;366;215;151;1702
9035;Totaal over alle leeftijden;Totaal bevolking;Sint Anthonis;2021;11477;10357;743;304;439;377;216;161;1702
9036;Totaal over alle leeftijden;Totaal bevolking;Sint Anthonis;2022;11452;10315;769;317;452;368;202;166;1702
9037;Totaal over alle leeftijden;Totaal bevolking;Sint Anthonis;2023;11433;10271;789;327;462;373;207;166;1702
9038;Totaal over alle leeftijden;Totaal bevolking;Sint Anthonis;2024;11404;10213;812;342;470;379;205;174;1702
9039;Totaal over alle leeftijden;Totaal bevolking;Sint Anthonis;2025;11373;10169;814;345;469;390;211;179;1702
9040;Totaal over alle leeftijden;Totaal bevolking;Sint-Michielsgestel;2006;27675;25862;1250;414;836;563;328;235;845
9041;Totaal over alle leeftijden;Totaal bevolking;Sint-Michielsgestel;2007;27588;25761;1261;411;850;566;333;233;845
9042;Totaal over alle leeftijden;Totaal bevolking;Sint-Michielsgestel;2008;27477;25613;1280;422;858;584;342;242;845
9043;Totaal over alle leeftijden;Totaal bevolking;Sint-Michielsgestel;2009;27379;25485;1287;428;859;607;350;257;845
9044;Totaal over alle leeftijden;Totaal bevolking;Sint-Michielsgestel;2010;27255;25328;1304;432;872;623;360;263;845
9045;Totaal over alle leeftijden;Totaal bevolking;Sint-Michielsgestel;2011;27130;25164;1323;437;886;643;365;278;845
9046;Totaal over alle leeftijden;Totaal bevolking;Sint-Michielsgestel;2012;27007;25002;1345;438;907;660;375;285;845
9047;Totaal over alle leeftijden;Totaal bevolking;Sint-Michielsgestel;2013;26865;24833;1353;440;913;679;384;295;845
9048;Totaal over alle leeftijden;Totaal bevolking;Sint-Michielsgestel;2014;26732;24678;1370;436;934;684;387;297;845
9049;Totaal over alle leeftijden;Totaal bevolking;Sint-Michielsgestel;2015;26592;24499;1397;441;956;696;384;312;845
9050;Totaal over alle leeftijden;Totaal bevolking;Sint-Michielsgestel;2016;26457;24324;1416;453;963;717;390;327;845
9051;Totaal over alle leeftijden;Totaal bevolking;Sint-Michielsgestel;2017;26342;24148;1449;463;986;745;402;343;845
9052;Totaal over alle leeftijden;Totaal bevolking;Sint-Michielsgestel;2018;26213;23981;1489;475;1014;743;399;344;845
9053;Totaal over alle leeftijden;Totaal bevolking;Sint-Michielsgestel;2019;26081;23817;1509;484;1025;755;403;352;845
9054;Totaal over alle leeftijden;Totaal bevolking;Sint-Michielsgestel;2020;25954;23665;1527;486;1041;762;409;353;845
9055;Totaal over alle leeftijden;Totaal bevolking;Sint-Michielsgestel;2021;25850;23514;1566;514;1052;770;414;356;845
9056;Totaal over alle leeftijden;Totaal bevolking;Sint-Michielsgestel;2022;25744;23377;1578;514;1064;789;419;370;845
9057;Totaal over alle leeftijden;Totaal bevolking;Sint-Michielsgestel;2023;25632;23241;1579;510;1069;812;425;387;845
9058;Totaal over alle leeftijden;Totaal bevolking;Sint-Michielsgestel;2024;25520;23102;1588;505;1083;830;435;395;845
9059;Totaal over alle leeftijden;Totaal bevolking;Sint-Michielsgestel;2025;25416;22968;1596;507;1089;852;447;405;845
9060;Totaal over alle leeftijden;Totaal bevolking;Sint-Oedenrode;2006;16999;15916;712;233;479;371;242;129;846
9061;Totaal over alle leeftijden;Totaal bevolking;Sint-Oedenrode;2007;16958;15857;715;232;483;386;247;139;846
9062;Totaal over alle leeftijden;Totaal bevolking;Sint-Oedenrode;2008;16875;15722;746;247;499;407;264;143;846
9063;Totaal over alle leeftijden;Totaal bevolking;Sint-Oedenrode;2009;16805;15619;765;252;513;421;270;151;846
9064;Totaal over alle leeftijden;Totaal bevolking;Sint-Oedenrode;2010;16733;15492;805;275;530;436;280;156;846
9065;Totaal over alle leeftijden;Totaal bevolking;Sint-Oedenrode;2011;16641;15358;828;287;541;455;292;163;846
9066;Totaal over alle leeftijden;Totaal bevolking;Sint-Oedenrode;2012;16559;15239;855;305;550;465;294;171;846
9067;Totaal over alle leeftijden;Totaal bevolking;Sint-Oedenrode;2013;16470;15126;868;310;558;476;308;168;846
9068;Totaal over alle leeftijden;Totaal bevolking;Sint-Oedenrode;2014;16390;15012;874;303;571;504;318;186;846
9069;Totaal over alle leeftijden;Totaal bevolking;Sint-Oedenrode;2015;16309;14901;883;303;580;525;323;202;846
9070;Totaal over alle leeftijden;Totaal bevolking;Sint-Oedenrode;2016;16231;14792;898;310;588;541;333;208;846
9071;Totaal over alle leeftijden;Totaal bevolking;Sint-Oedenrode;2017;16159;14656;929;328;601;574;354;220;846
9072;Totaal over alle leeftijden;Totaal bevolking;Sint-Oedenrode;2018;16074;14573;923;325;598;578;353;225;846
9073;Totaal over alle leeftijden;Totaal bevolking;Sint-Oedenrode;2019;15998;14451;954;338;616;593;361;232;846
9074;Totaal over alle leeftijden;Totaal bevolking;Sint-Oedenrode;2020;15927;14348;956;335;621;623;377;246;846
9075;Totaal over alle leeftijden;Totaal bevolking;Sint-Oedenrode;2021;15854;14235;962;332;630;657;389;268;846
9076;Totaal over alle leeftijden;Totaal bevolking;Sint-Oedenrode;2022;15770;14117;973;345;628;680;395;285;846
9077;Totaal over alle leeftijden;Totaal bevolking;Sint-Oedenrode;2023;15695;14032;973;356;617;690;393;297;846
9078;Totaal over alle leeftijden;Totaal bevolking;Sint-Oedenrode;2024;15622;13928;981;364;617;713;402;311;846
9079;Totaal over alle leeftijden;Totaal bevolking;Sint-Oedenrode;2025;15546;13831;1000;381;619;715;391;324;846
9080;Totaal over alle leeftijden;Totaal bevolking;Sittard-Geleen;2006;96494;76223;14958;4314;10644;5313;3298;2015;1883
9081;Totaal over alle leeftijden;Totaal bevolking;Sittard-Geleen;2007;96066;76202;14547;4081;10466;5317;3258;2059;1883
9082;Totaal over alle leeftijden;Totaal bevolking;Sittard-Geleen;2008;95696;76184;14188;3868;10320;5324;3197;2127;1883
9083;Totaal over alle leeftijden;Totaal bevolking;Sittard-Geleen;2009;95364;76087;13900;3712;10188;5377;3188;2189;1883
9084;Totaal over alle leeftijden;Totaal bevolking;Sittard-Geleen;2010;95043;76045;13566;3539;10027;5432;3154;2278;1883
9085;Totaal over alle leeftijden;Totaal bevolking;Sittard-Geleen;2011;94715;75921;13288;3441;9847;5506;3169;2337;1883
9086;Totaal over alle leeftijden;Totaal bevolking;Sittard-Geleen;2012;94409;75849;13003;3346;9657;5557;3177;2380;1883
9087;Totaal over alle leeftijden;Totaal bevolking;Sittard-Geleen;2013;94067;75739;12741;3255;9486;5587;3144;2443;1883
9088;Totaal over alle leeftijden;Totaal bevolking;Sittard-Geleen;2014;93764;75581;12519;3195;9324;5664;3154;2510;1883
9089;Totaal over alle leeftijden;Totaal bevolking;Sittard-Geleen;2015;93452;75487;12270;3089;9181;5695;3124;2571;1883
9090;Totaal over alle leeftijden;Totaal bevolking;Sittard-Geleen;2016;93102;75353;12030;3018;9012;5719;3109;2610;1883
9091;Totaal over alle leeftijden;Totaal bevolking;Sittard-Geleen;2017;92767;75245;11770;2943;8827;5752;3094;2658;1883
9092;Totaal over alle leeftijden;Totaal bevolking;Sittard-Geleen;2018;92433;75101;11499;2840;8659;5833;3117;2716;1883
9093;Totaal over alle leeftijden;Totaal bevolking;Sittard-Geleen;2019;92091;74927;11282;2763;8519;5882;3117;2765;1883
9094;Totaal over alle leeftijden;Totaal bevolking;Sittard-Geleen;2020;91742;74739;11044;2704;8340;5959;3134;2825;1883
9095;Totaal over alle leeftijden;Totaal bevolking;Sittard-Geleen;2021;91403;74540;10834;2623;8211;6029;3174;2855;1883
9096;Totaal over alle leeftijden;Totaal bevolking;Sittard-Geleen;2022;91039;74363;10570;2543;8027;6106;3203;2903;1883
9097;Totaal over alle leeftijden;Totaal bevolking;Sittard-Geleen;2023;90704;74174;10345;2505;7840;6185;3225;2960;1883
9098;Totaal over alle leeftijden;Totaal bevolking;Sittard-Geleen;2024;90335;73914;10143;2441;7702;6278;3254;3024;1883
9099;Totaal over alle leeftijden;Totaal bevolking;Sittard-Geleen;2025;89961;73723;9914;2363;7551;6324;3277;3047;1883
9100;Totaal over alle leeftijden;Totaal bevolking;Skarsterlân;2006;27053;25494;1095;354;741;464;305;159;51
9101;Totaal over alle leeftijden;Totaal bevolking;Skarsterlân;2007;27115;25478;1139;372;767;498;331;167;51
9102;Totaal over alle leeftijden;Totaal bevolking;Skarsterlân;2008;27113;25404;1175;385;790;534;357;177;51
9103;Totaal over alle leeftijden;Totaal bevolking;Skarsterlân;2009;27086;25288;1220;398;822;578;391;187;51
9104;Totaal over alle leeftijden;Totaal bevolking;Skarsterlân;2010;27063;25192;1267;432;835;604;403;201;51
9105;Totaal over alle leeftijden;Totaal bevolking;Skarsterlân;2011;27038;25080;1315;466;849;643;424;219;51
9106;Totaal over alle leeftijden;Totaal bevolking;Skarsterlân;2012;27025;24972;1370;493;877;683;445;238;51
9107;Totaal over alle leeftijden;Totaal bevolking;Skarsterlân;2013;27001;24898;1397;531;866;706;460;246;51
9108;Totaal over alle leeftijden;Totaal bevolking;Skarsterlân;2014;26981;24791;1463;567;896;727;476;251;51
9109;Totaal over alle leeftijden;Totaal bevolking;Skarsterlân;2015;26967;24671;1513;602;911;783;510;273;51
9110;Totaal over alle leeftijden;Totaal bevolking;Skarsterlân;2016;26959;24557;1567;631;936;835;555;280;51
9111;Totaal over alle leeftijden;Totaal bevolking;Skarsterlân;2017;26954;24472;1606;668;938;876;587;289;51
9112;Totaal over alle leeftijden;Totaal bevolking;Skarsterlân;2018;26952;24344;1684;722;962;924;628;296;51
9113;Totaal over alle leeftijden;Totaal bevolking;Skarsterlân;2019;26949;24228;1749;777;972;972;652;320;51
9114;Totaal over alle leeftijden;Totaal bevolking;Skarsterlân;2020;26943;24143;1804;817;987;996;677;319;51
9115;Totaal over alle leeftijden;Totaal bevolking;Skarsterlân;2021;26934;24065;1853;862;991;1016;689;327;51
9116;Totaal over alle leeftijden;Totaal bevolking;Skarsterlân;2022;26928;23954;1901;893;1008;1073;731;342;51
9117;Totaal over alle leeftijden;Totaal bevolking;Skarsterlân;2023;26923;23849;1946;927;1019;1128;764;364;51
9118;Totaal over alle leeftijden;Totaal bevolking;Skarsterlân;2024;26931;23761;1984;961;1023;1186;804;382;51
9119;Totaal over alle leeftijden;Totaal bevolking;Skarsterlân;2025;26936;23684;2033;1004;1029;1219;833;386;51
9120;Totaal over alle leeftijden;Totaal bevolking;Sliedrecht;2006;23790;21195;1095;353;742;1500;866;634;610
9121;Totaal over alle leeftijden;Totaal bevolking;Sliedrecht;2007;23723;21085;1127;365;762;1511;866;645;610
9122;Totaal over alle leeftijden;Totaal bevolking;Sliedrecht;2008;23709;21035;1148;372;776;1526;873;653;610
9123;Totaal over alle leeftijden;Totaal bevolking;Sliedrecht;2009;23690;20965;1190;385;805;1535;875;660;610
9124;Totaal over alle leeftijden;Totaal bevolking;Sliedrecht;2010;23692;20891;1226;395;831;1575;902;673;610
9125;Totaal over alle leeftijden;Totaal bevolking;Sliedrecht;2011;23674;20826;1242;404;838;1606;914;692;610
9126;Totaal over alle leeftijden;Totaal bevolking;Sliedrecht;2012;23660;20752;1269;426;843;1639;943;696;610
9127;Totaal over alle leeftijden;Totaal bevolking;Sliedrecht;2013;23662;20684;1298;436;862;1680;956;724;610
9128;Totaal over alle leeftijden;Totaal bevolking;Sliedrecht;2014;23651;20622;1324;446;878;1705;956;749;610
9129;Totaal over alle leeftijden;Totaal bevolking;Sliedrecht;2015;23637;20551;1356;462;894;1730;962;768;610
9130;Totaal over alle leeftijden;Totaal bevolking;Sliedrecht;2016;23617;20497;1370;469;901;1750;960;790;610
9131;Totaal over alle leeftijden;Totaal bevolking;Sliedrecht;2017;23603;20425;1411;483;928;1767;960;807;610
9132;Totaal over alle leeftijden;Totaal bevolking;Sliedrecht;2018;23579;20379;1431;498;933;1769;964;805;610
9133;Totaal over alle leeftijden;Totaal bevolking;Sliedrecht;2019;23570;20309;1456;493;963;1805;974;831;610
9134;Totaal over alle leeftijden;Totaal bevolking;Sliedrecht;2020;23560;20262;1462;503;959;1836;986;850;610
9135;Totaal over alle leeftijden;Totaal bevolking;Sliedrecht;2021;23552;20186;1507;525;982;1859;993;866;610
9136;Totaal over alle leeftijden;Totaal bevolking;Sliedrecht;2022;23536;20133;1537;530;1007;1866;991;875;610
9137;Totaal over alle leeftijden;Totaal bevolking;Sliedrecht;2023;23534;20088;1566;546;1020;1880;1001;879;610
9138;Totaal over alle leeftijden;Totaal bevolking;Sliedrecht;2024;23522;20031;1594;545;1049;1897;1010;887;610
9139;Totaal over alle leeftijden;Totaal bevolking;Sliedrecht;2025;23502;19977;1621;561;1060;1904;1006;898;610
9140;Totaal over alle leeftijden;Totaal bevolking;Slochteren;2006;14807;13975;607;219;388;225;123;102;40
9141;Totaal over alle leeftijden;Totaal bevolking;Slochteren;2007;14798;13921;627;234;393;250;147;103;40
9142;Totaal over alle leeftijden;Totaal bevolking;Slochteren;2008;14852;13921;638;241;397;293;181;112;40
9143;Totaal over alle leeftijden;Totaal bevolking;Slochteren;2009;14937;13932;662;253;409;343;216;127;40
9144;Totaal over alle leeftijden;Totaal bevolking;Slochteren;2010;15035;13980;674;270;404;381;249;132;40
9145;Totaal over alle leeftijden;Totaal bevolking;Slochteren;2011;15125;13987;717;295;422;421;285;136;40
9146;Totaal over alle leeftijden;Totaal bevolking;Slochteren;2012;15234;14024;752;311;441;458;315;143;40
9147;Totaal over alle leeftijden;Totaal bevolking;Slochteren;2013;15352;14075;797;348;449;480;335;145;40
9148;Totaal over alle leeftijden;Totaal bevolking;Slochteren;2014;15469;14114;843;380;463;512;358;154;40
9149;Totaal over alle leeftijden;Totaal bevolking;Slochteren;2015;15590;14147;895;404;491;548;393;155;40
9150;Totaal over alle leeftijden;Totaal bevolking;Slochteren;2016;15699;14199;933;433;500;567;403;164;40
9151;Totaal over alle leeftijden;Totaal bevolking;Slochteren;2017;15812;14230;984;489;495;598;424;174;40
9152;Totaal over alle leeftijden;Totaal bevolking;Slochteren;2018;15921;14240;1035;537;498;646;462;184;40
9153;Totaal over alle leeftijden;Totaal bevolking;Slochteren;2019;16036;14219;1110;588;522;707;503;204;40
9154;Totaal over alle leeftijden;Totaal bevolking;Slochteren;2020;16128;14232;1158;624;534;738;528;210;40
9155;Totaal over alle leeftijden;Totaal bevolking;Slochteren;2021;16218;14225;1219;673;546;774;564;210;40
9156;Totaal over alle leeftijden;Totaal bevolking;Slochteren;2022;16312;14248;1276;720;556;788;578;210;40
9157;Totaal over alle leeftijden;Totaal bevolking;Slochteren;2023;16409;14257;1332;761;571;820;596;224;40
9158;Totaal over alle leeftijden;Totaal bevolking;Slochteren;2024;16495;14261;1399;826;573;835;614;221;40
9159;Totaal over alle leeftijden;Totaal bevolking;Slochteren;2025;16578;14226;1460;877;583;892;660;232;40
9160;Totaal over alle leeftijden;Totaal bevolking;Sluis;2006;24190;18901;4686;2505;2181;603;433;170;1714
9161;Totaal over alle leeftijden;Totaal bevolking;Sluis;2007;24003;18778;4613;2471;2142;612;424;188;1714
9162;Totaal over alle leeftijden;Totaal bevolking;Sluis;2008;23784;18597;4555;2449;2106;632;427;205;1714
9163;Totaal over alle leeftijden;Totaal bevolking;Sluis;2009;23541;18444;4460;2404;2056;637;425;212;1714
9164;Totaal over alle leeftijden;Totaal bevolking;Sluis;2010;23319;18274;4380;2379;2001;665;441;224;1714
9165;Totaal over alle leeftijden;Totaal bevolking;Sluis;2011;23105;18099;4314;2338;1976;692;458;234;1714
9166;Totaal over alle leeftijden;Totaal bevolking;Sluis;2012;22885;17920;4248;2311;1937;717;470;247;1714
9167;Totaal over alle leeftijden;Totaal bevolking;Sluis;2013;22657;17752;4179;2280;1899;726;464;262;1714
9168;Totaal over alle leeftijden;Totaal bevolking;Sluis;2014;22456;17588;4124;2251;1873;744;481;263;1714
9169;Totaal over alle leeftijden;Totaal bevolking;Sluis;2015;22252;17402;4067;2214;1853;783;497;286;1714
9170;Totaal over alle leeftijden;Totaal bevolking;Sluis;2016;22047;17253;3996;2184;1812;798;506;292;1714
9171;Totaal over alle leeftijden;Totaal bevolking;Sluis;2017;21849;17115;3901;2124;1777;833;509;324;1714
9172;Totaal over alle leeftijden;Totaal bevolking;Sluis;2018;21676;16973;3849;2099;1750;854;512;342;1714
9173;Totaal over alle leeftijden;Totaal bevolking;Sluis;2019;21499;16846;3781;2072;1709;872;508;364;1714
9174;Totaal over alle leeftijden;Totaal bevolking;Sluis;2020;21338;16685;3757;2048;1709;896;518;378;1714
9175;Totaal over alle leeftijden;Totaal bevolking;Sluis;2021;21185;16552;3724;2031;1693;909;519;390;1714
9176;Totaal over alle leeftijden;Totaal bevolking;Sluis;2022;21043;16399;3707;2021;1686;937;538;399;1714
9177;Totaal over alle leeftijden;Totaal bevolking;Sluis;2023;20874;16234;3679;1999;1680;961;555;406;1714
9178;Totaal over alle leeftijden;Totaal bevolking;Sluis;2024;20715;16107;3622;1966;1656;986;572;414;1714
9179;Totaal over alle leeftijden;Totaal bevolking;Sluis;2025;20567;15998;3558;1930;1628;1011;586;425;1714
9180;Totaal over alle leeftijden;Totaal bevolking;Smallingerland;2006;54892;49509;2769;1111;1658;2614;1727;887;90
9181;Totaal over alle leeftijden;Totaal bevolking;Smallingerland;2007;55088;49602;2805;1129;1676;2681;1744;937;90
9182;Totaal over alle leeftijden;Totaal bevolking;Smallingerland;2008;55105;49541;2834;1134;1700;2730;1735;995;90
9183;Totaal over alle leeftijden;Totaal bevolking;Smallingerland;2009;55076;49406;2893;1171;1722;2777;1742;1035;90
9184;Totaal over alle leeftijden;Totaal bevolking;Smallingerland;2010;55048;49294;2942;1216;1726;2812;1747;1065;90
9185;Totaal over alle leeftijden;Totaal bevolking;Smallingerland;2011;55018;49149;3004;1264;1740;2865;1774;1091;90
9186;Totaal over alle leeftijden;Totaal bevolking;Smallingerland;2012;55008;48990;3072;1328;1744;2946;1796;1150;90
9187;Totaal over alle leeftijden;Totaal bevolking;Smallingerland;2013;55018;48808;3169;1395;1774;3041;1839;1202;90
9188;Totaal over alle leeftijden;Totaal bevolking;Smallingerland;2014;55026;48679;3223;1445;1778;3124;1871;1253;90
9189;Totaal over alle leeftijden;Totaal bevolking;Smallingerland;2015;55038;48524;3327;1533;1794;3187;1887;1300;90
9190;Totaal over alle leeftijden;Totaal bevolking;Smallingerland;2016;55067;48331;3464;1643;1821;3272;1926;1346;90
9191;Totaal over alle leeftijden;Totaal bevolking;Smallingerland;2017;55097;48170;3542;1707;1835;3385;1972;1413;90
9192;Totaal over alle leeftijden;Totaal bevolking;Smallingerland;2018;55112;48000;3632;1777;1855;3480;2003;1477;90
9193;Totaal over alle leeftijden;Totaal bevolking;Smallingerland;2019;55126;47863;3698;1835;1863;3565;2050;1515;90
9194;Totaal over alle leeftijden;Totaal bevolking;Smallingerland;2020;55142;47709;3803;1917;1886;3630;2077;1553;90
9195;Totaal over alle leeftijden;Totaal bevolking;Smallingerland;2021;55172;47573;3892;1972;1920;3707;2107;1600;90
9196;Totaal over alle leeftijden;Totaal bevolking;Smallingerland;2022;55212;47439;3997;2066;1931;3776;2153;1623;90
9197;Totaal over alle leeftijden;Totaal bevolking;Smallingerland;2023;55254;47296;4081;2138;1943;3877;2234;1643;90
9198;Totaal over alle leeftijden;Totaal bevolking;Smallingerland;2024;55310;47159;4194;2233;1961;3957;2272;1685;90
9199;Totaal over alle leeftijden;Totaal bevolking;Smallingerland;2025;55336;47023;4268;2288;1980;4045;2327;1718;90
9200;Totaal over alle leeftijden;Totaal bevolking;Sneek;2006;32599;29249;2074;739;1335;1276;705;571;91
9201;Totaal over alle leeftijden;Totaal bevolking;Sneek;2007;32535;29171;2070;728;1342;1294;720;574;91
9202;Totaal over alle leeftijden;Totaal bevolking;Sneek;2008;32487;29117;2073;720;1353;1297;729;568;91
9203;Totaal over alle leeftijden;Totaal bevolking;Sneek;2009;32427;29054;2060;707;1353;1313;730;583;91
9204;Totaal over alle leeftijden;Totaal bevolking;Sneek;2010;32379;28985;2076;719;1357;1318;717;601;91
9205;Totaal over alle leeftijden;Totaal bevolking;Sneek;2011;32321;28896;2075;723;1352;1350;746;604;91
9206;Totaal over alle leeftijden;Totaal bevolking;Sneek;2012;32281;28810;2092;748;1344;1379;764;615;91
9207;Totaal over alle leeftijden;Totaal bevolking;Sneek;2013;32242;28740;2098;769;1329;1404;781;623;91
9208;Totaal over alle leeftijden;Totaal bevolking;Sneek;2014;32192;28670;2080;776;1304;1442;811;631;91
9209;Totaal over alle leeftijden;Totaal bevolking;Sneek;2015;32160;28611;2076;774;1302;1473;829;644;91
9210;Totaal over alle leeftijden;Totaal bevolking;Sneek;2016;32139;28529;2102;780;1322;1508;833;675;91
9211;Totaal over alle leeftijden;Totaal bevolking;Sneek;2017;32104;28464;2106;797;1309;1534;859;675;91
9212;Totaal over alle leeftijden;Totaal bevolking;Sneek;2018;32080;28389;2133;813;1320;1558;883;675;91
9213;Totaal over alle leeftijden;Totaal bevolking;Sneek;2019;32041;28321;2152;808;1344;1568;900;668;91
9214;Totaal over alle leeftijden;Totaal bevolking;Sneek;2020;32033;28241;2166;816;1350;1626;949;677;91
9215;Totaal over alle leeftijden;Totaal bevolking;Sneek;2021;32015;28180;2171;844;1327;1664;969;695;91
9216;Totaal over alle leeftijden;Totaal bevolking;Sneek;2022;31999;28113;2180;851;1329;1706;1014;692;91
9217;Totaal over alle leeftijden;Totaal bevolking;Sneek;2023;31991;28047;2223;875;1348;1721;1032;689;91
9218;Totaal over alle leeftijden;Totaal bevolking;Sneek;2024;31982;28001;2238;903;1335;1743;1040;703;91
9219;Totaal over alle leeftijden;Totaal bevolking;Sneek;2025;31981;27918;2266;925;1341;1797;1084;713;91
9220;Totaal over alle leeftijden;Totaal bevolking;Soest;2006;45205;36656;4016;1485;2531;4533;2593;1940;342
9221;Totaal over alle leeftijden;Totaal bevolking;Soest;2007;45162;36589;4001;1474;2527;4572;2578;1994;342
9222;Totaal over alle leeftijden;Totaal bevolking;Soest;2008;45102;36507;3977;1434;2543;4618;2574;2044;342
9223;Totaal over alle leeftijden;Totaal bevolking;Soest;2009;45036;36428;4003;1416;2587;4605;2530;2075;342
9224;Totaal over alle leeftijden;Totaal bevolking;Soest;2010;44983;36334;4010;1399;2611;4639;2500;2139;342
9225;Totaal over alle leeftijden;Totaal bevolking;Soest;2011;44916;36261;3990;1380;2610;4665;2466;2199;342
9226;Totaal over alle leeftijden;Totaal bevolking;Soest;2012;44858;36142;4011;1385;2626;4705;2453;2252;342
9227;Totaal over alle leeftijden;Totaal bevolking;Soest;2013;44804;36018;4027;1399;2628;4759;2436;2323;342
9228;Totaal over alle leeftijden;Totaal bevolking;Soest;2014;44750;35938;4032;1411;2621;4780;2407;2373;342
9229;Totaal over alle leeftijden;Totaal bevolking;Soest;2015;44684;35871;4019;1405;2614;4794;2378;2416;342
9230;Totaal over alle leeftijden;Totaal bevolking;Soest;2016;44630;35789;4011;1401;2610;4830;2370;2460;342
9231;Totaal over alle leeftijden;Totaal bevolking;Soest;2017;44584;35733;4006;1402;2604;4845;2364;2481;342
9232;Totaal over alle leeftijden;Totaal bevolking;Soest;2018;44544;35700;3984;1413;2571;4860;2314;2546;342
9233;Totaal over alle leeftijden;Totaal bevolking;Soest;2019;44517;35647;3948;1419;2529;4922;2321;2601;342
9234;Totaal over alle leeftijden;Totaal bevolking;Soest;2020;44495;35630;3933;1418;2515;4932;2306;2626;342
9235;Totaal over alle leeftijden;Totaal bevolking;Soest;2021;44460;35543;3954;1427;2527;4963;2305;2658;342
9236;Totaal over alle leeftijden;Totaal bevolking;Soest;2022;44433;35478;3952;1422;2530;5003;2311;2692;342
9237;Totaal over alle leeftijden;Totaal bevolking;Soest;2023;44413;35383;3959;1411;2548;5071;2310;2761;342
9238;Totaal over alle leeftijden;Totaal bevolking;Soest;2024;44389;35320;3970;1426;2544;5099;2293;2806;342
9239;Totaal over alle leeftijden;Totaal bevolking;Soest;2025;44378;35281;3977;1433;2544;5120;2288;2832;342
9240;Totaal over alle leeftijden;Totaal bevolking;Someren;2006;18235;17187;730;227;503;318;190;128;847
9241;Totaal over alle leeftijden;Totaal bevolking;Someren;2007;18277;17183;751;237;514;343;205;138;847
9242;Totaal over alle leeftijden;Totaal bevolking;Someren;2008;18322;17185;777;243;534;360;213;147;847
9243;Totaal over alle leeftijden;Totaal bevolking;Someren;2009;18353;17173;809;258;551;371;223;148;847
9244;Totaal over alle leeftijden;Totaal bevolking;Someren;2010;18376;17152;834;275;559;390;235;155;847
9245;Totaal over alle leeftijden;Totaal bevolking;Someren;2011;18399;17118;878;291;587;403;251;152;847
9246;Totaal over alle leeftijden;Totaal bevolking;Someren;2012;18414;17106;887;297;590;421;259;162;847
9247;Totaal over alle leeftijden;Totaal bevolking;Someren;2013;18431;17082;908;302;606;441;268;173;847
9248;Totaal over alle leeftijden;Totaal bevolking;Someren;2014;18450;17068;927;314;613;455;272;183;847
9249;Totaal over alle leeftijden;Totaal bevolking;Someren;2015;18465;17036;970;328;642;459;273;186;847
9250;Totaal over alle leeftijden;Totaal bevolking;Someren;2016;18474;16991;1001;336;665;482;284;198;847
9251;Totaal over alle leeftijden;Totaal bevolking;Someren;2017;18481;16950;1028;343;685;503;293;210;847
9252;Totaal over alle leeftijden;Totaal bevolking;Someren;2018;18484;16917;1037;347;690;530;314;216;847
9253;Totaal over alle leeftijden;Totaal bevolking;Someren;2019;18483;16907;1039;354;685;537;316;221;847
9254;Totaal over alle leeftijden;Totaal bevolking;Someren;2020;18487;16872;1058;364;694;557;324;233;847
9255;Totaal over alle leeftijden;Totaal bevolking;Someren;2021;18479;16858;1066;372;694;555;321;234;847
9256;Totaal over alle leeftijden;Totaal bevolking;Someren;2022;18494;16826;1091;388;703;577;330;247;847
9257;Totaal over alle leeftijden;Totaal bevolking;Someren;2023;18480;16789;1112;391;721;579;327;252;847
9258;Totaal over alle leeftijden;Totaal bevolking;Someren;2024;18473;16754;1131;391;740;588;333;255;847
9259;Totaal over alle leeftijden;Totaal bevolking;Someren;2025;18463;16730;1151;388;763;582;331;251;847
9260;Totaal over alle leeftijden;Totaal bevolking;Son en Breugel;2006;15088;13397;1226;457;769;465;278;187;848
9261;Totaal over alle leeftijden;Totaal bevolking;Son en Breugel;2007;15217;13472;1268;477;791;477;286;191;848
9262;Totaal over alle leeftijden;Totaal bevolking;Son en Breugel;2008;15352;13557;1298;488;810;497;297;200;848
9263;Totaal over alle leeftijden;Totaal bevolking;Son en Breugel;2009;15474;13643;1328;496;832;503;295;208;848
9264;Totaal over alle leeftijden;Totaal bevolking;Son en Breugel;2010;15574;13708;1336;492;844;530;306;224;848
9265;Totaal over alle leeftijden;Totaal bevolking;Son en Breugel;2011;15696;13770;1367;501;866;559;325;234;848
9266;Totaal over alle leeftijden;Totaal bevolking;Son en Breugel;2012;15798;13847;1370;499;871;581;346;235;848
9267;Totaal over alle leeftijden;Totaal bevolking;Son en Breugel;2013;15890;13872;1402;515;887;616;369;247;848
9268;Totaal over alle leeftijden;Totaal bevolking;Son en Breugel;2014;15972;13904;1428;532;896;640;378;262;848
9269;Totaal over alle leeftijden;Totaal bevolking;Son en Breugel;2015;16050;13907;1458;527;931;685;403;282;848
9270;Totaal over alle leeftijden;Totaal bevolking;Son en Breugel;2016;16130;13960;1473;543;930;697;398;299;848
9271;Totaal over alle leeftijden;Totaal bevolking;Son en Breugel;2017;16196;13980;1495;548;947;721;423;298;848
9272;Totaal over alle leeftijden;Totaal bevolking;Son en Breugel;2018;16266;13991;1524;565;959;751;435;316;848
9273;Totaal over alle leeftijden;Totaal bevolking;Son en Breugel;2019;16333;13998;1561;578;983;774;446;328;848
9274;Totaal over alle leeftijden;Totaal bevolking;Son en Breugel;2020;16391;14005;1584;582;1002;802;466;336;848
9275;Totaal over alle leeftijden;Totaal bevolking;Son en Breugel;2021;16451;14037;1594;603;991;820;467;353;848
9276;Totaal over alle leeftijden;Totaal bevolking;Son en Breugel;2022;16500;14052;1605;610;995;843;472;371;848
9277;Totaal over alle leeftijden;Totaal bevolking;Son en Breugel;2023;16531;14042;1626;624;1002;863;490;373;848
9278;Totaal over alle leeftijden;Totaal bevolking;Son en Breugel;2024;16573;14049;1638;624;1014;886;490;396;848
9279;Totaal over alle leeftijden;Totaal bevolking;Son en Breugel;2025;16614;14065;1640;616;1024;909;494;415;848
9280;Totaal over alle leeftijden;Totaal bevolking;Spijkenisse;2006;74962;58386;6814;2793;4021;9762;5738;4024;612
9281;Totaal over alle leeftijden;Totaal bevolking;Spijkenisse;2007;74906;58195;6721;2774;3947;9990;5883;4107;612
9282;Totaal over alle leeftijden;Totaal bevolking;Spijkenisse;2008;74850;57967;6622;2778;3844;10261;6049;4212;612
9283;Totaal over alle leeftijden;Totaal bevolking;Spijkenisse;2009;74792;57743;6568;2776;3792;10481;6183;4298;612
9284;Totaal over alle leeftijden;Totaal bevolking;Spijkenisse;2010;74758;57532;6555;2782;3773;10671;6282;4389;612
9285;Totaal over alle leeftijden;Totaal bevolking;Spijkenisse;2011;74755;57392;6467;2776;3691;10896;6428;4468;612
9286;Totaal over alle leeftijden;Totaal bevolking;Spijkenisse;2012;74752;57218;6508;2847;3661;11026;6505;4521;612
9287;Totaal over alle leeftijden;Totaal bevolking;Spijkenisse;2013;74773;57071;6482;2862;3620;11220;6622;4598;612
9288;Totaal over alle leeftijden;Totaal bevolking;Spijkenisse;2014;74793;56935;6471;2889;3582;11387;6713;4674;612
9289;Totaal over alle leeftijden;Totaal bevolking;Spijkenisse;2015;74823;56783;6490;2929;3561;11550;6805;4745;612
9290;Totaal over alle leeftijden;Totaal bevolking;Spijkenisse;2016;74857;56719;6470;2951;3519;11668;6835;4833;612
9291;Totaal over alle leeftijden;Totaal bevolking;Spijkenisse;2017;74912;56629;6475;2963;3512;11808;6886;4922;612
9292;Totaal over alle leeftijden;Totaal bevolking;Spijkenisse;2018;74962;56560;6465;2948;3517;11937;6939;4998;612
9293;Totaal over alle leeftijden;Totaal bevolking;Spijkenisse;2019;75026;56526;6447;2967;3480;12053;7003;5050;612
9294;Totaal over alle leeftijden;Totaal bevolking;Spijkenisse;2020;75110;56502;6460;2981;3479;12148;7009;5139;612
9295;Totaal over alle leeftijden;Totaal bevolking;Spijkenisse;2021;75203;56541;6437;3000;3437;12225;7038;5187;612
9296;Totaal over alle leeftijden;Totaal bevolking;Spijkenisse;2022;75294;56544;6446;3020;3426;12304;7051;5253;612
9297;Totaal over alle leeftijden;Totaal bevolking;Spijkenisse;2023;75384;56525;6457;3030;3427;12402;7071;5331;612
9298;Totaal over alle leeftijden;Totaal bevolking;Spijkenisse;2024;75487;56654;6395;3008;3387;12438;7062;5376;612
9299;Totaal over alle leeftijden;Totaal bevolking;Spijkenisse;2025;75598;56640;6440;3039;3401;12518;7074;5444;612
9300;Totaal over alle leeftijden;Totaal bevolking;Stadskanaal;2006;33332;30801;1642;712;930;889;654;235;37
9301;Totaal over alle leeftijden;Totaal bevolking;Stadskanaal;2007;33278;30723;1659;728;931;896;653;243;37
9302;Totaal over alle leeftijden;Totaal bevolking;Stadskanaal;2008;33090;30504;1681;747;934;905;652;253;37
9303;Totaal over alle leeftijden;Totaal bevolking;Stadskanaal;2009;32860;30272;1683;764;919;905;651;254;37
9304;Totaal over alle leeftijden;Totaal bevolking;Stadskanaal;2010;32626;30033;1685;777;908;908;651;257;37
9305;Totaal over alle leeftijden;Totaal bevolking;Stadskanaal;2011;32392;29799;1693;785;908;900;638;262;37
9306;Totaal over alle leeftijden;Totaal bevolking;Stadskanaal;2012;32184;29579;1695;794;901;910;635;275;37
9307;Totaal over alle leeftijden;Totaal bevolking;Stadskanaal;2013;31976;29355;1707;807;900;914;644;270;37
9308;Totaal over alle leeftijden;Totaal bevolking;Stadskanaal;2014;31778;29132;1726;832;894;920;645;275;37
9309;Totaal over alle leeftijden;Totaal bevolking;Stadskanaal;2015;31595;28955;1729;848;881;911;642;269;37
9310;Totaal over alle leeftijden;Totaal bevolking;Stadskanaal;2016;31428;28734;1759;873;886;935;651;284;37
9311;Totaal over alle leeftijden;Totaal bevolking;Stadskanaal;2017;31255;28547;1768;890;878;940;655;285;37
9312;Totaal over alle leeftijden;Totaal bevolking;Stadskanaal;2018;31089;28359;1786;892;894;944;660;284;37
9313;Totaal over alle leeftijden;Totaal bevolking;Stadskanaal;2019;30925;28196;1781;915;866;948;647;301;37
9314;Totaal over alle leeftijden;Totaal bevolking;Stadskanaal;2020;30782;28027;1801;938;863;954;640;314;37
9315;Totaal over alle leeftijden;Totaal bevolking;Stadskanaal;2021;30641;27859;1817;943;874;965;649;316;37
9316;Totaal over alle leeftijden;Totaal bevolking;Stadskanaal;2022;30521;27703;1830;951;879;988;665;323;37
9317;Totaal over alle leeftijden;Totaal bevolking;Stadskanaal;2023;30386;27547;1839;963;876;1000;671;329;37
9318;Totaal over alle leeftijden;Totaal bevolking;Stadskanaal;2024;30266;27379;1850;974;876;1037;692;345;37
9319;Totaal over alle leeftijden;Totaal bevolking;Stadskanaal;2025;30156;27246;1846;979;867;1064;711;353;37
9320;Totaal over alle leeftijden;Totaal bevolking;Staphorst;2006;16057;15545;300;112;188;212;125;87;180
9321;Totaal over alle leeftijden;Totaal bevolking;Staphorst;2007;16243;15656;337;123;214;250;149;101;180
9322;Totaal over alle leeftijden;Totaal bevolking;Staphorst;2008;16436;15767;372;133;239;297;172;125;180
9323;Totaal over alle leeftijden;Totaal bevolking;Staphorst;2009;16616;15870;404;146;258;342;197;145;180
9324;Totaal over alle leeftijden;Totaal bevolking;Staphorst;2010;16778;15956;440;163;277;382;218;164;180
9325;Totaal over alle leeftijden;Totaal bevolking;Staphorst;2011;16942;16073;465;170;295;404;231;173;180
9326;Totaal over alle leeftijden;Totaal bevolking;Staphorst;2012;17115;16189;493;181;312;433;244;189;180
9327;Totaal over alle leeftijden;Totaal bevolking;Staphorst;2013;17286;16297;519;188;331;470;265;205;180
9328;Totaal over alle leeftijden;Totaal bevolking;Staphorst;2014;17467;16407;555;202;353;505;278;227;180
9329;Totaal over alle leeftijden;Totaal bevolking;Staphorst;2015;17633;16495;601;220;381;537;297;240;180
9330;Totaal over alle leeftijden;Totaal bevolking;Staphorst;2016;17790;16590;628;233;395;572;306;266;180
9331;Totaal over alle leeftijden;Totaal bevolking;Staphorst;2017;17944;16689;658;244;414;597;313;284;180
9332;Totaal over alle leeftijden;Totaal bevolking;Staphorst;2018;18116;16808;681;248;433;627;331;296;180
9333;Totaal over alle leeftijden;Totaal bevolking;Staphorst;2019;18261;16906;718;260;458;637;328;309;180
9334;Totaal over alle leeftijden;Totaal bevolking;Staphorst;2020;18412;17036;740;266;474;636;333;303;180
9335;Totaal over alle leeftijden;Totaal bevolking;Staphorst;2021;18577;17148;773;279;494;656;339;317;180
9336;Totaal over alle leeftijden;Totaal bevolking;Staphorst;2022;18737;17246;805;292;513;686;337;349;180
9337;Totaal over alle leeftijden;Totaal bevolking;Staphorst;2023;18887;17353;828;297;531;706;348;358;180
9338;Totaal over alle leeftijden;Totaal bevolking;Staphorst;2024;19037;17454;851;313;538;732;356;376;180
9339;Totaal over alle leeftijden;Totaal bevolking;Staphorst;2025;19173;17554;876;329;547;743;354;389;180
9340;Totaal over alle leeftijden;Totaal bevolking;Stede Broec;2006;21720;19612;1207;431;776;901;502;399;532
9341;Totaal over alle leeftijden;Totaal bevolking;Stede Broec;2007;21780;19599;1246;443;803;935;518;417;532
9342;Totaal over alle leeftijden;Totaal bevolking;Stede Broec;2008;21817;19563;1294;460;834;960;539;421;532
9343;Totaal over alle leeftijden;Totaal bevolking;Stede Broec;2009;21842;19512;1349;487;862;981;554;427;532
9344;Totaal over alle leeftijden;Totaal bevolking;Stede Broec;2010;21857;19469;1383;492;891;1005;557;448;532
9345;Totaal over alle leeftijden;Totaal bevolking;Stede Broec;2011;21874;19419;1434;508;926;1021;565;456;532
9346;Totaal over alle leeftijden;Totaal bevolking;Stede Broec;2012;21893;19370;1476;519;957;1047;574;473;532
9347;Totaal over alle leeftijden;Totaal bevolking;Stede Broec;2013;21905;19322;1509;536;973;1074;591;483;532
9348;Totaal over alle leeftijden;Totaal bevolking;Stede Broec;2014;21918;19274;1537;553;984;1107;612;495;532
9349;Totaal over alle leeftijden;Totaal bevolking;Stede Broec;2015;21940;19225;1583;567;1016;1132;617;515;532
9350;Totaal over alle leeftijden;Totaal bevolking;Stede Broec;2016;21952;19157;1637;582;1055;1158;626;532;532
9351;Totaal over alle leeftijden;Totaal bevolking;Stede Broec;2017;21955;19097;1665;588;1077;1193;640;553;532
9352;Totaal over alle leeftijden;Totaal bevolking;Stede Broec;2018;21961;19044;1694;597;1097;1223;654;569;532
9353;Totaal over alle leeftijden;Totaal bevolking;Stede Broec;2019;21973;19013;1709;611;1098;1251;667;584;532
9354;Totaal over alle leeftijden;Totaal bevolking;Stede Broec;2020;21986;18963;1724;619;1105;1299;693;606;532
9355;Totaal over alle leeftijden;Totaal bevolking;Stede Broec;2021;21999;18910;1756;619;1137;1333;709;624;532
9356;Totaal over alle leeftijden;Totaal bevolking;Stede Broec;2022;22021;18875;1785;630;1155;1361;715;646;532
9357;Totaal over alle leeftijden;Totaal bevolking;Stede Broec;2023;22036;18821;1818;644;1174;1397;736;661;532
9358;Totaal over alle leeftijden;Totaal bevolking;Stede Broec;2024;22063;18762;1852;649;1203;1449;743;706;532
9359;Totaal over alle leeftijden;Totaal bevolking;Stede Broec;2025;22065;18711;1877;655;1222;1477;760;717;532
9360;Totaal over alle leeftijden;Totaal bevolking;Steenbergen;2006;23376;21430;1240;443;797;706;393;313;851
9361;Totaal over alle leeftijden;Totaal bevolking;Steenbergen;2007;23302;21297;1257;447;810;748;424;324;851
9362;Totaal over alle leeftijden;Totaal bevolking;Steenbergen;2008;23206;21150;1280;457;823;776;431;345;851
9363;Totaal over alle leeftijden;Totaal bevolking;Steenbergen;2009;23111;20993;1297;454;843;821;455;366;851
9364;Totaal over alle leeftijden;Totaal bevolking;Steenbergen;2010;23001;20839;1303;455;848;859;468;391;851
9365;Totaal over alle leeftijden;Totaal bevolking;Steenbergen;2011;22900;20692;1313;454;859;895;486;409;851
9366;Totaal over alle leeftijden;Totaal bevolking;Steenbergen;2012;22792;20516;1345;469;876;931;501;430;851
9367;Totaal over alle leeftijden;Totaal bevolking;Steenbergen;2013;22698;20376;1347;470;877;975;525;450;851
9368;Totaal over alle leeftijden;Totaal bevolking;Steenbergen;2014;22598;20218;1359;482;877;1021;548;473;851
9369;Totaal over alle leeftijden;Totaal bevolking;Steenbergen;2015;22512;20089;1355;488;867;1068;566;502;851
9370;Totaal over alle leeftijden;Totaal bevolking;Steenbergen;2016;22419;19955;1370;504;866;1094;582;512;851
9371;Totaal over alle leeftijden;Totaal bevolking;Steenbergen;2017;22323;19813;1376;514;862;1134;602;532;851
9372;Totaal over alle leeftijden;Totaal bevolking;Steenbergen;2018;22244;19669;1419;538;881;1156;598;558;851
9373;Totaal over alle leeftijden;Totaal bevolking;Steenbergen;2019;22152;19544;1422;533;889;1186;614;572;851
9374;Totaal over alle leeftijden;Totaal bevolking;Steenbergen;2020;22067;19456;1426;530;896;1185;599;586;851
9375;Totaal over alle leeftijden;Totaal bevolking;Steenbergen;2021;21988;19343;1425;532;893;1220;617;603;851
9376;Totaal over alle leeftijden;Totaal bevolking;Steenbergen;2022;21905;19220;1452;555;897;1233;609;624;851
9377;Totaal over alle leeftijden;Totaal bevolking;Steenbergen;2023;21824;19081;1473;563;910;1270;617;653;851
9378;Totaal over alle leeftijden;Totaal bevolking;Steenbergen;2024;21749;18968;1484;560;924;1297;635;662;851
9379;Totaal over alle leeftijden;Totaal bevolking;Steenbergen;2025;21666;18858;1511;563;948;1297;623;674;851
9380;Totaal over alle leeftijden;Totaal bevolking;Steenwijkerland;2006;42698;39667;1766;718;1048;1265;762;503;1708
9381;Totaal over alle leeftijden;Totaal bevolking;Steenwijkerland;2007;42566;39528;1760;712;1048;1278;751;527;1708
9382;Totaal over alle leeftijden;Totaal bevolking;Steenwijkerland;2008;42403;39349;1779;714;1065;1275;744;531;1708
9383;Totaal over alle leeftijden;Totaal bevolking;Steenwijkerland;2009;42211;39137;1794;703;1091;1280;719;561;1708
9384;Totaal over alle leeftijden;Totaal bevolking;Steenwijkerland;2010;42023;38924;1805;706;1099;1294;725;569;1708
9385;Totaal over alle leeftijden;Totaal bevolking;Steenwijkerland;2011;41826;38705;1825;719;1106;1296;716;580;1708
9386;Totaal over alle leeftijden;Totaal bevolking;Steenwijkerland;2012;41633;38514;1837;707;1130;1282;712;570;1708
9387;Totaal over alle leeftijden;Totaal bevolking;Steenwijkerland;2013;41454;38317;1859;713;1146;1278;703;575;1708
9388;Totaal over alle leeftijden;Totaal bevolking;Steenwijkerland;2014;41257;38093;1886;719;1167;1278;700;578;1708
9389;Totaal over alle leeftijden;Totaal bevolking;Steenwijkerland;2015;41082;37875;1921;737;1184;1286;699;587;1708
9390;Totaal over alle leeftijden;Totaal bevolking;Steenwijkerland;2016;40915;37654;1958;759;1199;1303;711;592;1708
9391;Totaal over alle leeftijden;Totaal bevolking;Steenwijkerland;2017;40753;37471;1966;758;1208;1316;719;597;1708
9392;Totaal over alle leeftijden;Totaal bevolking;Steenwijkerland;2018;40589;37272;1985;775;1210;1332;728;604;1708
9393;Totaal over alle leeftijden;Totaal bevolking;Steenwijkerland;2019;40439;37084;2000;780;1220;1355;747;608;1708
9394;Totaal over alle leeftijden;Totaal bevolking;Steenwijkerland;2020;40296;36906;2016;792;1224;1374;749;625;1708
9395;Totaal over alle leeftijden;Totaal bevolking;Steenwijkerland;2021;40155;36719;2038;801;1237;1398;759;639;1708
9396;Totaal over alle leeftijden;Totaal bevolking;Steenwijkerland;2022;40017;36573;2051;811;1240;1393;765;628;1708
9397;Totaal over alle leeftijden;Totaal bevolking;Steenwijkerland;2023;39877;36401;2061;817;1244;1415;785;630;1708
9398;Totaal over alle leeftijden;Totaal bevolking;Steenwijkerland;2024;39756;36231;2083;837;1246;1442;808;634;1708
9399;Totaal over alle leeftijden;Totaal bevolking;Steenwijkerland;2025;39633;36056;2095;845;1250;1482;830;652;1708
9400;Totaal over alle leeftijden;Totaal bevolking;Stein (L.);2006;26446;22759;3109;821;2288;578;349;229;971
9401;Totaal over alle leeftijden;Totaal bevolking;Stein (L.);2007;26309;22659;3068;797;2271;582;352;230;971
9402;Totaal over alle leeftijden;Totaal bevolking;Stein (L.);2008;26151;22525;3032;790;2242;594;351;243;971
9403;Totaal over alle leeftijden;Totaal bevolking;Stein (L.);2009;25998;22399;3010;787;2223;589;341;248;971
9404;Totaal over alle leeftijden;Totaal bevolking;Stein (L.);2010;25847;22262;3001;800;2201;584;337;247;971
9405;Totaal over alle leeftijden;Totaal bevolking;Stein (L.);2011;25703;22126;3000;797;2203;577;324;253;971
9406;Totaal over alle leeftijden;Totaal bevolking;Stein (L.);2012;25560;22019;2966;800;2166;575;311;264;971
9407;Totaal over alle leeftijden;Totaal bevolking;Stein (L.);2013;25415;21901;2925;784;2141;589;316;273;971
9408;Totaal over alle leeftijden;Totaal bevolking;Stein (L.);2014;25263;21771;2895;781;2114;597;321;276;971
9409;Totaal over alle leeftijden;Totaal bevolking;Stein (L.);2015;25127;21662;2866;784;2082;599;325;274;971
9410;Totaal over alle leeftijden;Totaal bevolking;Stein (L.);2016;24982;21546;2843;777;2066;593;315;278;971
9411;Totaal over alle leeftijden;Totaal bevolking;Stein (L.);2017;24833;21388;2852;781;2071;593;317;276;971
9412;Totaal over alle leeftijden;Totaal bevolking;Stein (L.);2018;24684;21249;2822;771;2051;613;324;289;971
9413;Totaal over alle leeftijden;Totaal bevolking;Stein (L.);2019;24552;21117;2818;773;2045;617;333;284;971
9414;Totaal over alle leeftijden;Totaal bevolking;Stein (L.);2020;24406;21004;2781;760;2021;621;332;289;971
9415;Totaal over alle leeftijden;Totaal bevolking;Stein (L.);2021;24277;20884;2758;761;1997;635;336;299;971
9416;Totaal over alle leeftijden;Totaal bevolking;Stein (L.);2022;24132;20758;2728;749;1979;646;331;315;971
9417;Totaal over alle leeftijden;Totaal bevolking;Stein (L.);2023;23996;20631;2703;741;1962;662;344;318;971
9418;Totaal over alle leeftijden;Totaal bevolking;Stein (L.);2024;23843;20519;2662;723;1939;662;338;324;971
9419;Totaal over alle leeftijden;Totaal bevolking;Stein (L.);2025;23715;20415;2632;707;1925;668;345;323;971
9420;Totaal over alle leeftijden;Totaal bevolking;Strijen;2006;9256;8480;518;185;333;258;135;123;617
9421;Totaal over alle leeftijden;Totaal bevolking;Strijen;2007;9233;8411;545;196;349;277;145;132;617
9422;Totaal over alle leeftijden;Totaal bevolking;Strijen;2008;9205;8336;580;214;366;289;155;134;617
9423;Totaal over alle leeftijden;Totaal bevolking;Strijen;2009;9178;8261;606;222;384;311;166;145;617
9424;Totaal over alle leeftijden;Totaal bevolking;Strijen;2010;9146;8191;620;228;392;335;181;154;617
9425;Totaal over alle leeftijden;Totaal bevolking;Strijen;2011;9118;8132;631;238;393;355;193;162;617
9426;Totaal over alle leeftijden;Totaal bevolking;Strijen;2012;9085;8050;662;248;414;373;207;166;617
9427;Totaal over alle leeftijden;Totaal bevolking;Strijen;2013;9063;7989;686;254;432;388;220;168;617
9428;Totaal over alle leeftijden;Totaal bevolking;Strijen;2014;9030;7897;723;266;457;410;234;176;617
9429;Totaal over alle leeftijden;Totaal bevolking;Strijen;2015;8999;7835;736;274;462;428;244;184;617
9430;Totaal over alle leeftijden;Totaal bevolking;Strijen;2016;8976;7759;771;286;485;446;254;192;617
9431;Totaal over alle leeftijden;Totaal bevolking;Strijen;2017;8934;7703;776;293;483;455;256;199;617
9432;Totaal over alle leeftijden;Totaal bevolking;Strijen;2018;8904;7625;799;299;500;480;267;213;617
9433;Totaal over alle leeftijden;Totaal bevolking;Strijen;2019;8869;7542;829;310;519;498;272;226;617
9434;Totaal over alle leeftijden;Totaal bevolking;Strijen;2020;8832;7468;844;318;526;520;279;241;617
9435;Totaal over alle leeftijden;Totaal bevolking;Strijen;2021;8787;7391;857;331;526;539;296;243;617
9436;Totaal over alle leeftijden;Totaal bevolking;Strijen;2022;8745;7322;863;331;532;560;305;255;617
9437;Totaal over alle leeftijden;Totaal bevolking;Strijen;2023;8712;7234;886;339;547;592;321;271;617
9438;Totaal over alle leeftijden;Totaal bevolking;Strijen;2024;8674;7150;910;350;560;614;331;283;617
9439;Totaal over alle leeftijden;Totaal bevolking;Strijen;2025;8645;7067;937;364;573;641;347;294;617
9440;Totaal over alle leeftijden;Totaal bevolking;Swalmen;2006;8811;7437;1128;387;741;246;162;84;975
9441;Totaal over alle leeftijden;Totaal bevolking;Swalmen;2007;8780;7374;1148;387;761;258;174;84;975
9442;Totaal over alle leeftijden;Totaal bevolking;Swalmen;2008;8757;7324;1145;386;759;288;196;92;975
9443;Totaal over alle leeftijden;Totaal bevolking;Swalmen;2009;8731;7277;1160;386;774;294;199;95;975
9444;Totaal over alle leeftijden;Totaal bevolking;Swalmen;2010;8708;7233;1163;385;778;312;208;104;975
9445;Totaal over alle leeftijden;Totaal bevolking;Swalmen;2011;8668;7177;1174;384;790;317;210;107;975
9446;Totaal over alle leeftijden;Totaal bevolking;Swalmen;2012;8626;7131;1177;390;787;318;206;112;975
9447;Totaal over alle leeftijden;Totaal bevolking;Swalmen;2013;8596;7088;1184;394;790;324;212;112;975
9448;Totaal over alle leeftijden;Totaal bevolking;Swalmen;2014;8557;7042;1180;391;789;335;220;115;975
9449;Totaal over alle leeftijden;Totaal bevolking;Swalmen;2015;8524;6998;1177;396;781;349;227;122;975
9450;Totaal over alle leeftijden;Totaal bevolking;Swalmen;2016;8487;6961;1178;408;770;348;218;130;975
9451;Totaal over alle leeftijden;Totaal bevolking;Swalmen;2017;8449;6928;1170;404;766;351;219;132;975
9452;Totaal over alle leeftijden;Totaal bevolking;Swalmen;2018;8420;6902;1163;407;756;355;221;134;975
9453;Totaal over alle leeftijden;Totaal bevolking;Swalmen;2019;8382;6876;1155;398;757;351;213;138;975
9454;Totaal over alle leeftijden;Totaal bevolking;Swalmen;2020;8345;6824;1170;415;755;351;210;141;975
9455;Totaal over alle leeftijden;Totaal bevolking;Swalmen;2021;8318;6793;1164;405;759;361;212;149;975
9456;Totaal over alle leeftijden;Totaal bevolking;Swalmen;2022;8273;6761;1154;412;742;358;217;141;975
9457;Totaal over alle leeftijden;Totaal bevolking;Swalmen;2023;8233;6734;1143;407;736;356;206;150;975
9458;Totaal over alle leeftijden;Totaal bevolking;Swalmen;2024;8209;6716;1131;409;722;362;210;152;975
9459;Totaal over alle leeftijden;Totaal bevolking;Swalmen;2025;8180;6679;1134;412;722;367;205;162;975
9460;Totaal over alle leeftijden;Totaal bevolking;Terneuzen;2006;55206;43433;8468;3932;4536;3305;1805;1500;715
9461;Totaal over alle leeftijden;Totaal bevolking;Terneuzen;2007;54974;43342;8267;3817;4450;3365;1781;1584;715
9462;Totaal over alle leeftijden;Totaal bevolking;Terneuzen;2008;54656;43134;8152;3785;4367;3370;1741;1629;715
9463;Totaal over alle leeftijden;Totaal bevolking;Terneuzen;2009;54341;42957;7966;3721;4245;3418;1745;1673;715
9464;Totaal over alle leeftijden;Totaal bevolking;Terneuzen;2010;54028;42741;7819;3637;4182;3468;1733;1735;715
9465;Totaal over alle leeftijden;Totaal bevolking;Terneuzen;2011;53723;42514;7713;3589;4124;3496;1700;1796;715
9466;Totaal over alle leeftijden;Totaal bevolking;Terneuzen;2012;53415;42270;7626;3552;4074;3519;1704;1815;715
9467;Totaal over alle leeftijden;Totaal bevolking;Terneuzen;2013;53115;42028;7541;3522;4019;3546;1689;1857;715
9468;Totaal over alle leeftijden;Totaal bevolking;Terneuzen;2014;52825;41803;7464;3505;3959;3558;1660;1898;715
9469;Totaal over alle leeftijden;Totaal bevolking;Terneuzen;2015;52525;41557;7378;3476;3902;3590;1665;1925;715
9470;Totaal over alle leeftijden;Totaal bevolking;Terneuzen;2016;52247;41365;7311;3471;3840;3571;1631;1940;715
9471;Totaal over alle leeftijden;Totaal bevolking;Terneuzen;2017;51934;41191;7165;3399;3766;3578;1609;1969;715
9472;Totaal over alle leeftijden;Totaal bevolking;Terneuzen;2018;51655;40978;7078;3361;3717;3599;1596;2003;715
9473;Totaal over alle leeftijden;Totaal bevolking;Terneuzen;2019;51380;40806;6935;3291;3644;3639;1610;2029;715
9474;Totaal over alle leeftijden;Totaal bevolking;Terneuzen;2020;51138;40642;6826;3251;3575;3670;1625;2045;715
9475;Totaal over alle leeftijden;Totaal bevolking;Terneuzen;2021;50881;40471;6751;3229;3522;3659;1621;2038;715
9476;Totaal over alle leeftijden;Totaal bevolking;Terneuzen;2022;50649;40306;6627;3198;3429;3716;1611;2105;715
9477;Totaal over alle leeftijden;Totaal bevolking;Terneuzen;2023;50405;40142;6550;3174;3376;3713;1606;2107;715
9478;Totaal over alle leeftijden;Totaal bevolking;Terneuzen;2024;50169;39997;6453;3143;3310;3719;1586;2133;715
9479;Totaal over alle leeftijden;Totaal bevolking;Terneuzen;2025;49937;39812;6402;3107;3295;3723;1582;2141;715
9480;Totaal over alle leeftijden;Totaal bevolking;Terschelling;2006;4790;4452;253;80;173;85;49;36;93
9481;Totaal over alle leeftijden;Totaal bevolking;Terschelling;2007;4797;4446;252;86;166;99;60;39;93
9482;Totaal over alle leeftijden;Totaal bevolking;Terschelling;2008;4797;4429;261;93;168;107;67;40;93
9483;Totaal over alle leeftijden;Totaal bevolking;Terschelling;2009;4793;4422;261;93;168;110;67;43;93
9484;Totaal over alle leeftijden;Totaal bevolking;Terschelling;2010;4791;4411;264;97;167;116;75;41;93
9485;Totaal over alle leeftijden;Totaal bevolking;Terschelling;2011;4792;4395;266;93;173;131;86;45;93
9486;Totaal over alle leeftijden;Totaal bevolking;Terschelling;2012;4792;4383;272;103;169;137;82;55;93
9487;Totaal over alle leeftijden;Totaal bevolking;Terschelling;2013;4793;4357;283;113;170;153;98;55;93
9488;Totaal over alle leeftijden;Totaal bevolking;Terschelling;2014;4791;4345;281;111;170;165;105;60;93
9489;Totaal over alle leeftijden;Totaal bevolking;Terschelling;2015;4791;4331;293;118;175;167;105;62;93
9490;Totaal over alle leeftijden;Totaal bevolking;Terschelling;2016;4795;4321;298;118;180;176;111;65;93
9491;Totaal over alle leeftijden;Totaal bevolking;Terschelling;2017;4799;4304;309;132;177;186;120;66;93
9492;Totaal over alle leeftijden;Totaal bevolking;Terschelling;2018;4802;4294;316;135;181;192;127;65;93
9493;Totaal over alle leeftijden;Totaal bevolking;Terschelling;2019;4800;4274;324;139;185;202;135;67;93
9494;Totaal over alle leeftijden;Totaal bevolking;Terschelling;2020;4801;4264;320;140;180;217;149;68;93
9495;Totaal over alle leeftijden;Totaal bevolking;Terschelling;2021;4802;4249;334;159;175;219;144;75;93
9496;Totaal over alle leeftijden;Totaal bevolking;Terschelling;2022;4802;4242;338;162;176;222;145;77;93
9497;Totaal over alle leeftijden;Totaal bevolking;Terschelling;2023;4804;4234;341;164;177;229;150;79;93
9498;Totaal over alle leeftijden;Totaal bevolking;Terschelling;2024;4809;4194;367;178;189;248;162;86;93
9499;Totaal over alle leeftijden;Totaal bevolking;Terschelling;2025;4808;4205;351;175;176;252;164;88;93
9500;Totaal over alle leeftijden;Totaal bevolking;Texel;2006;13783;12497;934;406;528;352;210;142;448
9501;Totaal over alle leeftijden;Totaal bevolking;Texel;2007;13814;12442;979;414;565;393;235;158;448
9502;Totaal over alle leeftijden;Totaal bevolking;Texel;2008;13824;12400;994;424;570;430;255;175;448
9503;Totaal over alle leeftijden;Totaal bevolking;Texel;2009;13832;12350;1025;430;595;457;270;187;448
9504;Totaal over alle leeftijden;Totaal bevolking;Texel;2010;13840;12300;1046;434;612;494;290;204;448
9505;Totaal over alle leeftijden;Totaal bevolking;Texel;2011;13836;12242;1062;435;627;532;310;222;448
9506;Totaal over alle leeftijden;Totaal bevolking;Texel;2012;13829;12202;1072;432;640;555;326;229;448
9507;Totaal over alle leeftijden;Totaal bevolking;Texel;2013;13828;12165;1082;431;651;581;344;237;448
9508;Totaal over alle leeftijden;Totaal bevolking;Texel;2014;13823;12119;1102;446;656;602;341;261;448
9509;Totaal over alle leeftijden;Totaal bevolking;Texel;2015;13821;12064;1127;454;673;630;341;289;448
9510;Totaal over alle leeftijden;Totaal bevolking;Texel;2016;13817;12003;1152;460;692;662;353;309;448
9511;Totaal over alle leeftijden;Totaal bevolking;Texel;2017;13815;11959;1167;451;716;689;362;327;448
9512;Totaal over alle leeftijden;Totaal bevolking;Texel;2018;13811;11938;1156;446;710;717;373;344;448
9513;Totaal over alle leeftijden;Totaal bevolking;Texel;2019;13815;11925;1153;447;706;737;375;362;448
9514;Totaal over alle leeftijden;Totaal bevolking;Texel;2020;13817;11866;1186;470;716;765;393;372;448
9515;Totaal over alle leeftijden;Totaal bevolking;Texel;2021;13819;11826;1199;471;728;794;401;393;448
9516;Totaal over alle leeftijden;Totaal bevolking;Texel;2022;13818;11783;1223;495;728;812;414;398;448
9517;Totaal over alle leeftijden;Totaal bevolking;Texel;2023;13825;11734;1238;507;731;853;432;421;448
9518;Totaal over alle leeftijden;Totaal bevolking;Texel;2024;13832;11702;1256;517;739;874;446;428;448
9519;Totaal over alle leeftijden;Totaal bevolking;Texel;2025;13835;11658;1280;515;765;897;452;445;448
9520;Totaal over alle leeftijden;Totaal bevolking;Tholen;2006;24812;23014;1066;442;624;732;432;300;716
9521;Totaal over alle leeftijden;Totaal bevolking;Tholen;2007;24928;23022;1125;461;664;781;459;322;716
9522;Totaal over alle leeftijden;Totaal bevolking;Tholen;2008;24985;22982;1183;476;707;820;480;340;716
9523;Totaal over alle leeftijden;Totaal bevolking;Tholen;2009;25040;22944;1226;488;738;870;498;372;716
9524;Totaal over alle leeftijden;Totaal bevolking;Tholen;2010;25071;22872;1265;501;764;934;530;404;716
9525;Totaal over alle leeftijden;Totaal bevolking;Tholen;2011;25116;22844;1299;514;785;973;536;437;716
9526;Totaal over alle leeftijden;Totaal bevolking;Tholen;2012;25164;22777;1347;539;808;1040;561;479;716
9527;Totaal over alle leeftijden;Totaal bevolking;Tholen;2013;25214;22741;1388;560;828;1085;566;519;716
9528;Totaal over alle leeftijden;Totaal bevolking;Tholen;2014;25250;22692;1422;579;843;1136;574;562;716
9529;Totaal over alle leeftijden;Totaal bevolking;Tholen;2015;25279;22646;1455;601;854;1178;585;593;716
9530;Totaal over alle leeftijden;Totaal bevolking;Tholen;2016;25302;22599;1490;609;881;1213;602;611;716
9531;Totaal over alle leeftijden;Totaal bevolking;Tholen;2017;25332;22543;1534;633;901;1255;624;631;716
9532;Totaal over alle leeftijden;Totaal bevolking;Tholen;2018;25357;22496;1577;659;918;1284;645;639;716
9533;Totaal over alle leeftijden;Totaal bevolking;Tholen;2019;25386;22459;1597;659;938;1330;674;656;716
9534;Totaal over alle leeftijden;Totaal bevolking;Tholen;2020;25413;22404;1648;686;962;1361;683;678;716
9535;Totaal over alle leeftijden;Totaal bevolking;Tholen;2021;25439;22367;1685;710;975;1387;699;688;716
9536;Totaal over alle leeftijden;Totaal bevolking;Tholen;2022;25455;22304;1724;726;998;1427;711;716;716
9537;Totaal over alle leeftijden;Totaal bevolking;Tholen;2023;25467;22261;1757;734;1023;1449;718;731;716
9538;Totaal over alle leeftijden;Totaal bevolking;Tholen;2024;25479;22200;1781;751;1030;1498;726;772;716
9539;Totaal over alle leeftijden;Totaal bevolking;Tholen;2025;25497;22171;1799;760;1039;1527;735;792;716
9540;Totaal over alle leeftijden;Totaal bevolking;Thorn;2006;2605;2191;353;95;258;61;44;17;977
9541;Totaal over alle leeftijden;Totaal bevolking;Thorn;2007;2637;2201;367;101;266;69;47;22;977
9542;Totaal over alle leeftijden;Totaal bevolking;Thorn;2008;2680;2226;372;105;267;82;57;25;977
9543;Totaal over alle leeftijden;Totaal bevolking;Thorn;2009;2724;2265;380;105;275;79;53;26;977
9544;Totaal over alle leeftijden;Totaal bevolking;Thorn;2010;2760;2291;391;104;287;78;51;27;977
9545;Totaal over alle leeftijden;Totaal bevolking;Thorn;2011;2781;2298;399;115;284;84;53;31;977
9546;Totaal over alle leeftijden;Totaal bevolking;Thorn;2012;2819;2307;419;124;295;93;56;37;977
9547;Totaal over alle leeftijden;Totaal bevolking;Thorn;2013;2831;2306;425;133;292;100;61;39;977
9548;Totaal over alle leeftijden;Totaal bevolking;Thorn;2014;2857;2316;435;137;298;106;64;42;977
9549;Totaal over alle leeftijden;Totaal bevolking;Thorn;2015;2870;2318;439;143;296;113;68;45;977
9550;Totaal over alle leeftijden;Totaal bevolking;Thorn;2016;2891;2322;448;149;299;121;69;52;977
9551;Totaal over alle leeftijden;Totaal bevolking;Thorn;2017;2904;2331;446;148;298;127;71;56;977
9552;Totaal over alle leeftijden;Totaal bevolking;Thorn;2018;2912;2338;444;148;296;130;74;56;977
9553;Totaal over alle leeftijden;Totaal bevolking;Thorn;2019;2929;2333;451;155;296;145;82;63;977
9554;Totaal over alle leeftijden;Totaal bevolking;Thorn;2020;2933;2334;452;152;300;147;84;63;977
9555;Totaal over alle leeftijden;Totaal bevolking;Thorn;2021;2939;2335;451;154;297;153;83;70;977
9556;Totaal over alle leeftijden;Totaal bevolking;Thorn;2022;2947;2337;461;167;294;149;83;66;977
9557;Totaal over alle leeftijden;Totaal bevolking;Thorn;2023;2954;2344;459;168;291;151;86;65;977
9558;Totaal over alle leeftijden;Totaal bevolking;Thorn;2024;2949;2343;450;166;284;156;90;66;977
9559;Totaal over alle leeftijden;Totaal bevolking;Thorn;2025;2959;2343;453;165;288;163;89;74;977
9560;Totaal over alle leeftijden;Totaal bevolking;Tiel;2006;40542;31920;3384;1254;2130;5238;2764;2474;281
9561;Totaal over alle leeftijden;Totaal bevolking;Tiel;2007;40335;31726;3338;1217;2121;5271;2737;2534;281
9562;Totaal over alle leeftijden;Totaal bevolking;Tiel;2008;40118;31552;3297;1218;2079;5269;2713;2556;281
9563;Totaal over alle leeftijden;Totaal bevolking;Tiel;2009;39896;31399;3253;1221;2032;5244;2685;2559;281
9564;Totaal over alle leeftijden;Totaal bevolking;Tiel;2010;39680;31246;3200;1209;1991;5234;2658;2576;281
9565;Totaal over alle leeftijden;Totaal bevolking;Tiel;2011;39444;31077;3193;1224;1969;5174;2591;2583;281
9566;Totaal over alle leeftijden;Totaal bevolking;Tiel;2012;39209;30883;3170;1224;1946;5156;2561;2595;281
9567;Totaal over alle leeftijden;Totaal bevolking;Tiel;2013;38959;30719;3128;1214;1914;5112;2517;2595;281
9568;Totaal over alle leeftijden;Totaal bevolking;Tiel;2014;38723;30559;3098;1226;1872;5066;2474;2592;281
9569;Totaal over alle leeftijden;Totaal bevolking;Tiel;2015;38482;30411;3078;1236;1842;4993;2440;2553;281
9570;Totaal over alle leeftijden;Totaal bevolking;Tiel;2016;38257;30283;3058;1232;1826;4916;2391;2525;281
9571;Totaal over alle leeftijden;Totaal bevolking;Tiel;2017;38027;30173;3016;1223;1793;4838;2368;2470;281
9572;Totaal over alle leeftijden;Totaal bevolking;Tiel;2018;37829;30015;3030;1251;1779;4784;2343;2441;281
9573;Totaal over alle leeftijden;Totaal bevolking;Tiel;2019;37602;29876;3015;1260;1755;4711;2318;2393;281
9574;Totaal over alle leeftijden;Totaal bevolking;Tiel;2020;37382;29750;3024;1254;1770;4608;2263;2345;281
9575;Totaal over alle leeftijden;Totaal bevolking;Tiel;2021;37199;29638;3011;1251;1760;4550;2242;2308;281
9576;Totaal over alle leeftijden;Totaal bevolking;Tiel;2022;36998;29501;3014;1261;1753;4483;2224;2259;281
9577;Totaal over alle leeftijden;Totaal bevolking;Tiel;2023;36812;29351;3023;1272;1751;4438;2212;2226;281
9578;Totaal over alle leeftijden;Totaal bevolking;Tiel;2024;36622;29262;3008;1273;1735;4352;2180;2172;281
9579;Totaal over alle leeftijden;Totaal bevolking;Tiel;2025;36440;29127;2991;1263;1728;4322;2162;2160;281
9580;Totaal over alle leeftijden;Totaal bevolking;Tilburg;2006;199166;157114;15632;5908;9724;26420;15235;11185;855
9581;Totaal over alle leeftijden;Totaal bevolking;Tilburg;2007;200262;158068;15602;5852;9750;26592;14920;11672;855
9582;Totaal over alle leeftijden;Totaal bevolking;Tilburg;2008;201881;159408;15577;5774;9803;26896;14713;12183;855
9583;Totaal over alle leeftijden;Totaal bevolking;Tilburg;2009;203272;160429;15574;5699;9875;27269;14567;12702;855
9584;Totaal over alle leeftijden;Totaal bevolking;Tilburg;2010;204953;161772;15619;5703;9916;27562;14432;13130;855
9585;Totaal over alle leeftijden;Totaal bevolking;Tilburg;2011;206661;163111;15675;5696;9979;27875;14323;13552;855
9586;Totaal over alle leeftijden;Totaal bevolking;Tilburg;2012;208317;164432;15671;5720;9951;28214;14184;14030;855
9587;Totaal over alle leeftijden;Totaal bevolking;Tilburg;2013;209953;165627;15754;5760;9994;28572;14111;14461;855
9588;Totaal over alle leeftijden;Totaal bevolking;Tilburg;2014;211564;166763;15863;5801;10062;28938;14039;14899;855
9589;Totaal over alle leeftijden;Totaal bevolking;Tilburg;2015;213101;167982;15906;5796;10110;29213;13952;15261;855
9590;Totaal over alle leeftijden;Totaal bevolking;Tilburg;2016;214586;169178;15941;5751;10190;29467;13889;15578;855
9591;Totaal over alle leeftijden;Totaal bevolking;Tilburg;2017;215986;170244;15976;5741;10235;29766;13816;15950;855
9592;Totaal over alle leeftijden;Totaal bevolking;Tilburg;2018;217341;171216;16046;5736;10310;30079;13841;16238;855
9593;Totaal over alle leeftijden;Totaal bevolking;Tilburg;2019;218656;172279;16082;5729;10353;30295;13815;16480;855
9594;Totaal over alle leeftijden;Totaal bevolking;Tilburg;2020;219886;173283;16069;5748;10321;30534;13737;16797;855
9595;Totaal over alle leeftijden;Totaal bevolking;Tilburg;2021;221041;174106;16110;5736;10374;30825;13732;17093;855
9596;Totaal over alle leeftijden;Totaal bevolking;Tilburg;2022;222135;174908;16125;5708;10417;31102;13732;17370;855
9597;Totaal over alle leeftijden;Totaal bevolking;Tilburg;2023;223188;175689;16114;5693;10421;31385;13745;17640;855
9598;Totaal over alle leeftijden;Totaal bevolking;Tilburg;2024;224142;176432;16103;5694;10409;31607;13737;17870;855
9599;Totaal over alle leeftijden;Totaal bevolking;Tilburg;2025;225013;177127;16106;5666;10440;31780;13658;18122;855
9600;Totaal over alle leeftijden;Totaal bevolking;Tubbergen;2006;20575;19626;787;172;615;162;105;57;183
9601;Totaal over alle leeftijden;Totaal bevolking;Tubbergen;2007;20697;19691;806;180;626;200;130;70;183
9602;Totaal over alle leeftijden;Totaal bevolking;Tubbergen;2008;20827;19776;814;185;629;237;151;86;183
9603;Totaal over alle leeftijden;Totaal bevolking;Tubbergen;2009;20945;19849;825;190;635;271;171;100;183
9604;Totaal over alle leeftijden;Totaal bevolking;Tubbergen;2010;21054;19887;865;195;670;302;183;119;183
9605;Totaal over alle leeftijden;Totaal bevolking;Tubbergen;2011;21165;19945;875;201;674;345;203;142;183
9606;Totaal over alle leeftijden;Totaal bevolking;Tubbergen;2012;21275;20002;897;202;695;376;219;157;183
9607;Totaal over alle leeftijden;Totaal bevolking;Tubbergen;2013;21387;20045;927;217;710;415;241;174;183
9608;Totaal over alle leeftijden;Totaal bevolking;Tubbergen;2014;21486;20086;949;230;719;451;260;191;183
9609;Totaal over alle leeftijden;Totaal bevolking;Tubbergen;2015;21578;20129;981;240;741;468;263;205;183
9610;Totaal over alle leeftijden;Totaal bevolking;Tubbergen;2016;21666;20163;997;252;745;506;287;219;183
9611;Totaal over alle leeftijden;Totaal bevolking;Tubbergen;2017;21755;20192;1033;259;774;530;305;225;183
9612;Totaal over alle leeftijden;Totaal bevolking;Tubbergen;2018;21845;20229;1054;278;776;562;320;242;183
9613;Totaal over alle leeftijden;Totaal bevolking;Tubbergen;2019;21932;20264;1074;279;795;594;340;254;183
9614;Totaal over alle leeftijden;Totaal bevolking;Tubbergen;2020;22003;20284;1107;298;809;612;347;265;183
9615;Totaal over alle leeftijden;Totaal bevolking;Tubbergen;2021;22086;20313;1128;305;823;645;367;278;183
9616;Totaal over alle leeftijden;Totaal bevolking;Tubbergen;2022;22152;20327;1142;324;818;683;385;298;183
9617;Totaal over alle leeftijden;Totaal bevolking;Tubbergen;2023;22224;20340;1155;328;827;729;410;319;183
9618;Totaal over alle leeftijden;Totaal bevolking;Tubbergen;2024;22284;20359;1173;339;834;752;427;325;183
9619;Totaal over alle leeftijden;Totaal bevolking;Tubbergen;2025;22349;20368;1195;349;846;786;441;345;183
9620;Totaal over alle leeftijden;Totaal bevolking;Twenterand;2006;33945;32283;1151;350;801;511;324;187;1700
9621;Totaal over alle leeftijden;Totaal bevolking;Twenterand;2007;33850;32159;1174;355;819;517;320;197;1700
9622;Totaal over alle leeftijden;Totaal bevolking;Twenterand;2008;33758;32026;1199;361;838;533;315;218;1700
9623;Totaal over alle leeftijden;Totaal bevolking;Twenterand;2009;33664;31897;1220;361;859;547;313;234;1700
9624;Totaal over alle leeftijden;Totaal bevolking;Twenterand;2010;33584;31778;1238;370;868;568;326;242;1700
9625;Totaal over alle leeftijden;Totaal bevolking;Twenterand;2011;33489;31647;1255;373;882;587;334;253;1700
9626;Totaal over alle leeftijden;Totaal bevolking;Twenterand;2012;33397;31512;1271;381;890;614;341;273;1700
9627;Totaal over alle leeftijden;Totaal bevolking;Twenterand;2013;33294;31374;1292;387;905;628;348;280;1700
9628;Totaal over alle leeftijden;Totaal bevolking;Twenterand;2014;33194;31227;1307;386;921;660;363;297;1700
9629;Totaal over alle leeftijden;Totaal bevolking;Twenterand;2015;33100;31090;1319;392;927;691;377;314;1700
9630;Totaal over alle leeftijden;Totaal bevolking;Twenterand;2016;33013;30952;1338;390;948;723;388;335;1700
9631;Totaal over alle leeftijden;Totaal bevolking;Twenterand;2017;32914;30812;1350;393;957;752;396;356;1700
9632;Totaal over alle leeftijden;Totaal bevolking;Twenterand;2018;32832;30682;1376;401;975;774;412;362;1700
9633;Totaal over alle leeftijden;Totaal bevolking;Twenterand;2019;32737;30541;1381;404;977;815;428;387;1700
9634;Totaal over alle leeftijden;Totaal bevolking;Twenterand;2020;32649;30405;1406;416;990;838;434;404;1700
9635;Totaal over alle leeftijden;Totaal bevolking;Twenterand;2021;32555;30273;1422;414;1008;860;437;423;1700
9636;Totaal over alle leeftijden;Totaal bevolking;Twenterand;2022;32479;30145;1437;422;1015;897;458;439;1700
9637;Totaal over alle leeftijden;Totaal bevolking;Twenterand;2023;32400;30023;1462;424;1038;915;465;450;1700
9638;Totaal over alle leeftijden;Totaal bevolking;Twenterand;2024;32304;29880;1497;432;1065;927;466;461;1700
9639;Totaal over alle leeftijden;Totaal bevolking;Twenterand;2025;32232;29771;1497;441;1056;964;483;481;1700
9640;Totaal over alle leeftijden;Totaal bevolking;Tynaarlo;2006;31907;29344;1774;661;1113;789;491;298;1730
9641;Totaal over alle leeftijden;Totaal bevolking;Tynaarlo;2007;31807;29141;1818;671;1147;848;520;328;1730
9642;Totaal over alle leeftijden;Totaal bevolking;Tynaarlo;2008;31772;28973;1885;706;1179;914;553;361;1730
9643;Totaal over alle leeftijden;Totaal bevolking;Tynaarlo;2009;31780;28834;1973;764;1209;973;580;393;1730
9644;Totaal over alle leeftijden;Totaal bevolking;Tynaarlo;2010;31809;28691;2058;823;1235;1060;627;433;1730
9645;Totaal over alle leeftijden;Totaal bevolking;Tynaarlo;2011;31827;28555;2143;892;1251;1129;656;473;1730
9646;Totaal over alle leeftijden;Totaal bevolking;Tynaarlo;2012;31875;28417;2273;980;1293;1185;675;510;1730
9647;Totaal over alle leeftijden;Totaal bevolking;Tynaarlo;2013;31913;28254;2412;1073;1339;1247;703;544;1730
9648;Totaal over alle leeftijden;Totaal bevolking;Tynaarlo;2014;31957;28080;2547;1166;1381;1330;744;586;1730
9649;Totaal over alle leeftijden;Totaal bevolking;Tynaarlo;2015;32028;27958;2695;1283;1412;1375;753;622;1730
9650;Totaal over alle leeftijden;Totaal bevolking;Tynaarlo;2016;32091;27807;2838;1400;1438;1446;792;654;1730
9651;Totaal over alle leeftijden;Totaal bevolking;Tynaarlo;2017;32171;27687;2971;1538;1433;1513;824;689;1730
9652;Totaal over alle leeftijden;Totaal bevolking;Tynaarlo;2018;32237;27519;3123;1657;1466;1595;870;725;1730
9653;Totaal over alle leeftijden;Totaal bevolking;Tynaarlo;2019;32300;27341;3272;1777;1495;1687;922;765;1730
9654;Totaal over alle leeftijden;Totaal bevolking;Tynaarlo;2020;32362;27146;3431;1916;1515;1785;984;801;1730
9655;Totaal over alle leeftijden;Totaal bevolking;Tynaarlo;2021;32417;26966;3587;2040;1547;1864;1029;835;1730
9656;Totaal over alle leeftijden;Totaal bevolking;Tynaarlo;2022;32487;26766;3766;2180;1586;1955;1078;877;1730
9657;Totaal over alle leeftijden;Totaal bevolking;Tynaarlo;2023;32554;26578;3935;2327;1608;2041;1129;912;1730
9658;Totaal over alle leeftijden;Totaal bevolking;Tynaarlo;2024;32628;26387;4107;2467;1640;2134;1185;949;1730
9659;Totaal over alle leeftijden;Totaal bevolking;Tynaarlo;2025;32701;26179;4316;2639;1677;2206;1228;978;1730
9660;Totaal over alle leeftijden;Totaal bevolking;Tytsjerksteradiel;2006;32001;30221;1055;360;695;725;515;210;737
9661;Totaal over alle leeftijden;Totaal bevolking;Tytsjerksteradiel;2007;31986;30144;1080;370;710;762;544;218;737
9662;Totaal over alle leeftijden;Totaal bevolking;Tytsjerksteradiel;2008;31994;30091;1107;378;729;796;571;225;737
9663;Totaal over alle leeftijden;Totaal bevolking;Tytsjerksteradiel;2009;31985;30021;1133;387;746;831;594;237;737
9664;Totaal over alle leeftijden;Totaal bevolking;Tytsjerksteradiel;2010;31986;29957;1163;406;757;866;613;253;737
9665;Totaal over alle leeftijden;Totaal bevolking;Tytsjerksteradiel;2011;31985;29872;1203;431;772;910;642;268;737
9666;Totaal over alle leeftijden;Totaal bevolking;Tytsjerksteradiel;2012;31988;29790;1241;454;787;957;675;282;737
9667;Totaal over alle leeftijden;Totaal bevolking;Tytsjerksteradiel;2013;31998;29714;1287;486;801;997;698;299;737
9668;Totaal over alle leeftijden;Totaal bevolking;Tytsjerksteradiel;2014;32001;29644;1326;510;816;1031;720;311;737
9669;Totaal over alle leeftijden;Totaal bevolking;Tytsjerksteradiel;2015;32021;29591;1361;529;832;1069;748;321;737
9670;Totaal over alle leeftijden;Totaal bevolking;Tytsjerksteradiel;2016;32042;29542;1408;555;853;1092;762;330;737
9671;Totaal over alle leeftijden;Totaal bevolking;Tytsjerksteradiel;2017;32057;29451;1465;589;876;1141;797;344;737
9672;Totaal over alle leeftijden;Totaal bevolking;Tytsjerksteradiel;2018;32068;29387;1512;630;882;1169;817;352;737
9673;Totaal over alle leeftijden;Totaal bevolking;Tytsjerksteradiel;2019;32088;29297;1578;675;903;1213;851;362;737
9674;Totaal over alle leeftijden;Totaal bevolking;Tytsjerksteradiel;2020;32100;29239;1609;700;909;1252;881;371;737
9675;Totaal over alle leeftijden;Totaal bevolking;Tytsjerksteradiel;2021;32120;29149;1671;734;937;1300;908;392;737
9676;Totaal over alle leeftijden;Totaal bevolking;Tytsjerksteradiel;2022;32153;29080;1709;765;944;1364;949;415;737
9677;Totaal over alle leeftijden;Totaal bevolking;Tytsjerksteradiel;2023;32170;29013;1747;792;955;1410;983;427;737
9678;Totaal over alle leeftijden;Totaal bevolking;Tytsjerksteradiel;2024;32193;28956;1769;804;965;1468;1007;461;737
9679;Totaal over alle leeftijden;Totaal bevolking;Tytsjerksteradiel;2025;32209;28876;1821;828;993;1512;1027;485;737
9680;Totaal over alle leeftijden;Totaal bevolking;Ubbergen;2006;9330;8045;1049;297;752;236;155;81;282
9681;Totaal over alle leeftijden;Totaal bevolking;Ubbergen;2007;9291;8008;1034;291;743;249;160;89;282
9682;Totaal over alle leeftijden;Totaal bevolking;Ubbergen;2008;9253;7946;1044;290;754;263;170;93;282
9683;Totaal over alle leeftijden;Totaal bevolking;Ubbergen;2009;9223;7906;1041;296;745;276;179;97;282
9684;Totaal over alle leeftijden;Totaal bevolking;Ubbergen;2010;9181;7828;1057;304;753;296;192;104;282
9685;Totaal over alle leeftijden;Totaal bevolking;Ubbergen;2011;9145;7754;1080;314;766;311;196;115;282
9686;Totaal over alle leeftijden;Totaal bevolking;Ubbergen;2012;9096;7680;1088;325;763;328;204;124;282
9687;Totaal over alle leeftijden;Totaal bevolking;Ubbergen;2013;9045;7624;1078;324;754;343;218;125;282
9688;Totaal over alle leeftijden;Totaal bevolking;Ubbergen;2014;9004;7566;1065;326;739;373;235;138;282
9689;Totaal over alle leeftijden;Totaal bevolking;Ubbergen;2015;8967;7509;1065;332;733;393;246;147;282
9690;Totaal over alle leeftijden;Totaal bevolking;Ubbergen;2016;8924;7446;1075;337;738;403;254;149;282
9691;Totaal over alle leeftijden;Totaal bevolking;Ubbergen;2017;8888;7406;1061;342;719;421;262;159;282
9692;Totaal over alle leeftijden;Totaal bevolking;Ubbergen;2018;8845;7348;1064;352;712;433;262;171;282
9693;Totaal over alle leeftijden;Totaal bevolking;Ubbergen;2019;8792;7281;1053;347;706;458;277;181;282
9694;Totaal over alle leeftijden;Totaal bevolking;Ubbergen;2020;8760;7195;1075;353;722;490;296;194;282
9695;Totaal over alle leeftijden;Totaal bevolking;Ubbergen;2021;8718;7143;1079;354;725;496;299;197;282
9696;Totaal over alle leeftijden;Totaal bevolking;Ubbergen;2022;8678;7077;1079;360;719;522;312;210;282
9697;Totaal over alle leeftijden;Totaal bevolking;Ubbergen;2023;8639;7018;1084;367;717;537;310;227;282
9698;Totaal over alle leeftijden;Totaal bevolking;Ubbergen;2024;8612;6979;1074;362;712;559;317;242;282
9699;Totaal over alle leeftijden;Totaal bevolking;Ubbergen;2025;8565;6918;1067;352;715;580;327;253;282
9700;Totaal over alle leeftijden;Totaal bevolking;Uden;2006;40065;34464;2956;991;1965;2645;1494;1151;856
9701;Totaal over alle leeftijden;Totaal bevolking;Uden;2007;40034;34492;2929;972;1957;2613;1458;1155;856
9702;Totaal over alle leeftijden;Totaal bevolking;Uden;2008;39914;34433;2891;968;1923;2590;1440;1150;856
9703;Totaal over alle leeftijden;Totaal bevolking;Uden;2009;39808;34372;2887;964;1923;2549;1400;1149;856
9704;Totaal over alle leeftijden;Totaal bevolking;Uden;2010;39674;34291;2866;958;1908;2517;1359;1158;856
9705;Totaal over alle leeftijden;Totaal bevolking;Uden;2011;39562;34216;2856;963;1893;2490;1338;1152;856
9706;Totaal over alle leeftijden;Totaal bevolking;Uden;2012;39426;34121;2841;953;1888;2464;1325;1139;856
9707;Totaal over alle leeftijden;Totaal bevolking;Uden;2013;39297;34019;2820;941;1879;2458;1300;1158;856
9708;Totaal over alle leeftijden;Totaal bevolking;Uden;2014;39164;33943;2810;933;1877;2411;1271;1140;856
9709;Totaal over alle leeftijden;Totaal bevolking;Uden;2015;39018;33858;2777;925;1852;2383;1255;1128;856
9710;Totaal over alle leeftijden;Totaal bevolking;Uden;2016;38881;33763;2751;923;1828;2367;1250;1117;856
9711;Totaal over alle leeftijden;Totaal bevolking;Uden;2017;38756;33678;2721;933;1788;2357;1250;1107;856
9712;Totaal over alle leeftijden;Totaal bevolking;Uden;2018;38634;33585;2697;925;1772;2352;1238;1114;856
9713;Totaal over alle leeftijden;Totaal bevolking;Uden;2019;38509;33486;2703;930;1773;2320;1223;1097;856
9714;Totaal over alle leeftijden;Totaal bevolking;Uden;2020;38382;33387;2696;931;1765;2299;1216;1083;856
9715;Totaal over alle leeftijden;Totaal bevolking;Uden;2021;38254;33292;2666;924;1742;2296;1209;1087;856
9716;Totaal over alle leeftijden;Totaal bevolking;Uden;2022;38134;33185;2647;918;1729;2302;1218;1084;856
9717;Totaal over alle leeftijden;Totaal bevolking;Uden;2023;38003;33119;2617;899;1718;2267;1183;1084;856
9718;Totaal over alle leeftijden;Totaal bevolking;Uden;2024;37887;33026;2598;890;1708;2263;1182;1081;856
9719;Totaal over alle leeftijden;Totaal bevolking;Uden;2025;37788;32960;2579;884;1695;2249;1162;1087;856
9720;Totaal over alle leeftijden;Totaal bevolking;Uitgeest;2006;11845;10651;795;246;549;399;218;181;450
9721;Totaal over alle leeftijden;Totaal bevolking;Uitgeest;2007;12177;10872;856;269;587;449;242;207;450
9722;Totaal over alle leeftijden;Totaal bevolking;Uitgeest;2008;12522;11107;909;286;623;506;271;235;450
9723;Totaal over alle leeftijden;Totaal bevolking;Uitgeest;2009;12869;11321;971;304;667;577;314;263;450
9724;Totaal over alle leeftijden;Totaal bevolking;Uitgeest;2010;13185;11525;1029;323;706;631;351;280;450
9725;Totaal over alle leeftijden;Totaal bevolking;Uitgeest;2011;13513;11737;1090;341;749;686;383;303;450
9726;Totaal over alle leeftijden;Totaal bevolking;Uitgeest;2012;13838;11943;1143;358;785;752;420;332;450
9727;Totaal over alle leeftijden;Totaal bevolking;Uitgeest;2013;14147;12156;1200;369;831;791;434;357;450
9728;Totaal over alle leeftijden;Totaal bevolking;Uitgeest;2014;14448;12340;1260;391;869;848;463;385;450
9729;Totaal over alle leeftijden;Totaal bevolking;Uitgeest;2015;14739;12521;1325;413;912;893;479;414;450
9730;Totaal over alle leeftijden;Totaal bevolking;Uitgeest;2016;15032;12683;1394;432;962;955;504;451;450
9731;Totaal over alle leeftijden;Totaal bevolking;Uitgeest;2017;15314;12844;1459;454;1005;1011;534;477;450
9732;Totaal over alle leeftijden;Totaal bevolking;Uitgeest;2018;15583;13012;1520;477;1043;1051;547;504;450
9733;Totaal over alle leeftijden;Totaal bevolking;Uitgeest;2019;15839;13171;1562;495;1067;1106;564;542;450
9734;Totaal over alle leeftijden;Totaal bevolking;Uitgeest;2020;16091;13335;1599;507;1092;1157;575;582;450
9735;Totaal over alle leeftijden;Totaal bevolking;Uitgeest;2021;16345;13474;1663;527;1136;1208;600;608;450
9736;Totaal over alle leeftijden;Totaal bevolking;Uitgeest;2022;16566;13588;1740;557;1183;1238;614;624;450
9737;Totaal over alle leeftijden;Totaal bevolking;Uitgeest;2023;16798;13730;1789;580;1209;1279;622;657;450
9738;Totaal over alle leeftijden;Totaal bevolking;Uitgeest;2024;17017;13854;1852;604;1248;1311;622;689;450
9739;Totaal over alle leeftijden;Totaal bevolking;Uitgeest;2025;17207;13969;1897;633;1264;1341;636;705;450
9740;Totaal over alle leeftijden;Totaal bevolking;Uithoorn;2006;26682;22179;2590;1125;1465;1913;1057;856;451
9741;Totaal over alle leeftijden;Totaal bevolking;Uithoorn;2007;26994;22352;2639;1137;1502;2003;1098;905;451
9742;Totaal over alle leeftijden;Totaal bevolking;Uithoorn;2008;27339;22566;2669;1163;1506;2104;1140;964;451
9743;Totaal over alle leeftijden;Totaal bevolking;Uithoorn;2009;27667;22769;2726;1195;1531;2172;1162;1010;451
9744;Totaal over alle leeftijden;Totaal bevolking;Uithoorn;2010;28129;23075;2802;1251;1551;2252;1183;1069;451
9745;Totaal over alle leeftijden;Totaal bevolking;Uithoorn;2011;28601;23350;2898;1297;1601;2353;1228;1125;451
9746;Totaal over alle leeftijden;Totaal bevolking;Uithoorn;2012;29065;23573;3030;1385;1645;2462;1268;1194;451
9747;Totaal over alle leeftijden;Totaal bevolking;Uithoorn;2013;29527;23830;3138;1464;1674;2559;1316;1243;451
9748;Totaal over alle leeftijden;Totaal bevolking;Uithoorn;2014;29987;24082;3238;1545;1693;2667;1357;1310;451
9749;Totaal over alle leeftijden;Totaal bevolking;Uithoorn;2015;30442;24313;3341;1625;1716;2788;1424;1364;451
9750;Totaal over alle leeftijden;Totaal bevolking;Uithoorn;2016;30853;24527;3435;1696;1739;2891;1463;1428;451
9751;Totaal over alle leeftijden;Totaal bevolking;Uithoorn;2017;31261;24745;3521;1759;1762;2995;1504;1491;451
9752;Totaal over alle leeftijden;Totaal bevolking;Uithoorn;2018;31661;24957;3621;1820;1801;3083;1551;1532;451
9753;Totaal over alle leeftijden;Totaal bevolking;Uithoorn;2019;32039;25173;3689;1862;1827;3177;1583;1594;451
9754;Totaal over alle leeftijden;Totaal bevolking;Uithoorn;2020;32425;25354;3775;1931;1844;3296;1631;1665;451
9755;Totaal over alle leeftijden;Totaal bevolking;Uithoorn;2021;32789;25526;3837;1951;1886;3426;1707;1719;451
9756;Totaal over alle leeftijden;Totaal bevolking;Uithoorn;2022;33146;25694;3908;2006;1902;3544;1766;1778;451
9757;Totaal over alle leeftijden;Totaal bevolking;Uithoorn;2023;33474;25885;3975;2020;1955;3614;1818;1796;451
9758;Totaal over alle leeftijden;Totaal bevolking;Uithoorn;2024;33779;26018;4041;2062;1979;3720;1871;1849;451
9759;Totaal over alle leeftijden;Totaal bevolking;Uithoorn;2025;34079;26161;4093;2090;2003;3825;1908;1917;451
9760;Totaal over alle leeftijden;Totaal bevolking;Urk;2006;17785;17235;249;93;156;301;172;129;184
9761;Totaal over alle leeftijden;Totaal bevolking;Urk;2007;18128;17502;288;107;181;338;198;140;184
9762;Totaal over alle leeftijden;Totaal bevolking;Urk;2008;18508;17794;335;128;207;379;226;153;184
9763;Totaal over alle leeftijden;Totaal bevolking;Urk;2009;18893;18084;380;161;219;429;258;171;184
9764;Totaal over alle leeftijden;Totaal bevolking;Urk;2010;19270;18377;420;187;233;473;287;186;184
9765;Totaal over alle leeftijden;Totaal bevolking;Urk;2011;19685;18697;467;214;253;521;319;202;184
9766;Totaal over alle leeftijden;Totaal bevolking;Urk;2012;20069;18986;512;239;273;571;340;231;184
9767;Totaal over alle leeftijden;Totaal bevolking;Urk;2013;20493;19291;581;278;303;621;360;261;184
9768;Totaal over alle leeftijden;Totaal bevolking;Urk;2014;20917;19589;660;337;323;668;384;284;184
9769;Totaal over alle leeftijden;Totaal bevolking;Urk;2015;21345;19896;731;385;346;718;405;313;184
9770;Totaal over alle leeftijden;Totaal bevolking;Urk;2016;21739;20141;815;445;370;783;432;351;184
9771;Totaal over alle leeftijden;Totaal bevolking;Urk;2017;22153;20397;904;507;397;852;465;387;184
9772;Totaal over alle leeftijden;Totaal bevolking;Urk;2018;22596;20680;993;572;421;923;506;417;184
9773;Totaal over alle leeftijden;Totaal bevolking;Urk;2019;23037;20932;1101;653;448;1004;542;462;184
9774;Totaal over alle leeftijden;Totaal bevolking;Urk;2020;23447;21183;1197;726;471;1067;566;501;184
9775;Totaal over alle leeftijden;Totaal bevolking;Urk;2021;23879;21456;1298;807;491;1125;597;528;184
9776;Totaal over alle leeftijden;Totaal bevolking;Urk;2022;24306;21717;1409;893;516;1180;631;549;184
9777;Totaal over alle leeftijden;Totaal bevolking;Urk;2023;24745;21952;1550;1003;547;1243;660;583;184
9778;Totaal over alle leeftijden;Totaal bevolking;Urk;2024;25180;22161;1699;1123;576;1320;686;634;184
9779;Totaal over alle leeftijden;Totaal bevolking;Urk;2025;25632;22396;1844;1242;602;1392;724;668;184
9780;Totaal over alle leeftijden;Totaal bevolking;Utrecht (gemeente);2006;277395;193422;26749;11843;14906;57224;32697;24527;344
9781;Totaal over alle leeftijden;Totaal bevolking;Utrecht (gemeente);2007;281055;196179;26809;11950;14859;58067;32706;25361;344
9782;Totaal over alle leeftijden;Totaal bevolking;Utrecht (gemeente);2008;284862;198857;26950;12113;14837;59055;32767;26288;344
9783;Totaal over alle leeftijden;Totaal bevolking;Utrecht (gemeente);2009;288928;201917;27199;12347;14852;59812;32768;27044;344
9784;Totaal over alle leeftijden;Totaal bevolking;Utrecht (gemeente);2010;291689;203935;27378;12489;14889;60376;32622;27754;344
9785;Totaal over alle leeftijden;Totaal bevolking;Utrecht (gemeente);2011;294519;206081;27603;12649;14954;60835;32463;28372;344
9786;Totaal over alle leeftijden;Totaal bevolking;Utrecht (gemeente);2012;297340;208153;27867;12881;14986;61320;32387;28933;344
9787;Totaal over alle leeftijden;Totaal bevolking;Utrecht (gemeente);2013;300154;210190;28184;13157;15027;61780;32295;29485;344
9788;Totaal over alle leeftijden;Totaal bevolking;Utrecht (gemeente);2014;302882;212262;28447;13342;15105;62173;32207;29966;344
9789;Totaal over alle leeftijden;Totaal bevolking;Utrecht (gemeente);2015;305532;214218;28663;13524;15139;62651;32159;30492;344
9790;Totaal over alle leeftijden;Totaal bevolking;Utrecht (gemeente);2016;308124;216055;28959;13772;15187;63110;32135;30975;344
9791;Totaal over alle leeftijden;Totaal bevolking;Utrecht (gemeente);2017;310602;217979;29245;14024;15221;63378;31991;31387;344
9792;Totaal over alle leeftijden;Totaal bevolking;Utrecht (gemeente);2018;313006;219809;29448;14177;15271;63749;31906;31843;344
9793;Totaal over alle leeftijden;Totaal bevolking;Utrecht (gemeente);2019;315350;221623;29675;14343;15332;64052;31847;32205;344
9794;Totaal over alle leeftijden;Totaal bevolking;Utrecht (gemeente);2020;317582;223353;29761;14405;15356;64468;31829;32639;344
9795;Totaal over alle leeftijden;Totaal bevolking;Utrecht (gemeente);2021;319756;224930;29915;14536;15379;64911;31901;33010;344
9796;Totaal over alle leeftijden;Totaal bevolking;Utrecht (gemeente);2022;321863;226472;30074;14619;15455;65317;32008;33309;344
9797;Totaal over alle leeftijden;Totaal bevolking;Utrecht (gemeente);2023;323874;228007;30278;14799;15479;65589;31993;33596;344
9798;Totaal over alle leeftijden;Totaal bevolking;Utrecht (gemeente);2024;325783;229348;30423;14915;15508;66012;32105;33907;344
9799;Totaal over alle leeftijden;Totaal bevolking;Utrecht (gemeente);2025;327598;230637;30629;15057;15572;66332;32173;34159;344
9800;Totaal over alle leeftijden;Totaal bevolking;Vaals;2006;10181;5269;4517;3007;1510;395;301;94;981
9801;Totaal over alle leeftijden;Totaal bevolking;Vaals;2007;10075;5368;4292;2811;1481;415;314;101;981
9802;Totaal over alle leeftijden;Totaal bevolking;Vaals;2008;9970;5450;4093;2646;1447;427;318;109;981
9803;Totaal over alle leeftijden;Totaal bevolking;Vaals;2009;9866;5507;3937;2516;1421;422;311;111;981
9804;Totaal over alle leeftijden;Totaal bevolking;Vaals;2010;9759;5586;3750;2362;1388;423;307;116;981
9805;Totaal over alle leeftijden;Totaal bevolking;Vaals;2011;9684;5669;3584;2233;1351;431;310;121;981
9806;Totaal over alle leeftijden;Totaal bevolking;Vaals;2012;9615;5708;3472;2141;1331;435;307;128;981
9807;Totaal over alle leeftijden;Totaal bevolking;Vaals;2013;9530;5720;3355;2059;1296;455;315;140;981
9808;Totaal over alle leeftijden;Totaal bevolking;Vaals;2014;9452;5763;3225;1958;1267;464;322;142;981
9809;Totaal over alle leeftijden;Totaal bevolking;Vaals;2015;9368;5777;3113;1871;1242;478;337;141;981
9810;Totaal over alle leeftijden;Totaal bevolking;Vaals;2016;9295;5830;2985;1783;1202;480;342;138;981
9811;Totaal over alle leeftijden;Totaal bevolking;Vaals;2017;9220;5859;2893;1718;1175;468;326;142;981
9812;Totaal over alle leeftijden;Totaal bevolking;Vaals;2018;9150;5870;2814;1652;1162;466;319;147;981
9813;Totaal over alle leeftijden;Totaal bevolking;Vaals;2019;9076;5900;2719;1571;1148;457;307;150;981
9814;Totaal over alle leeftijden;Totaal bevolking;Vaals;2020;9025;5925;2638;1507;1131;462;306;156;981
9815;Totaal over alle leeftijden;Totaal bevolking;Vaals;2021;8963;5953;2537;1424;1113;473;308;165;981
9816;Totaal over alle leeftijden;Totaal bevolking;Vaals;2022;8893;5970;2443;1352;1091;480;309;171;981
9817;Totaal over alle leeftijden;Totaal bevolking;Vaals;2023;8836;5987;2374;1297;1077;475;301;174;981
9818;Totaal over alle leeftijden;Totaal bevolking;Vaals;2024;8789;6019;2292;1235;1057;478;294;184;981
9819;Totaal over alle leeftijden;Totaal bevolking;Vaals;2025;8726;5998;2241;1189;1052;487;298;189;981
9820;Totaal over alle leeftijden;Totaal bevolking;Valkenburg (ZH.);2006;4022;3649;239;89;150;134;86;48;619
9821;Totaal over alle leeftijden;Totaal bevolking;Valkenburg (ZH.);2007;4111;3674;265;102;163;172;108;64;619
9822;Totaal over alle leeftijden;Totaal bevolking;Valkenburg (ZH.);2008;4208;3719;285;109;176;204;122;82;619
9823;Totaal over alle leeftijden;Totaal bevolking;Valkenburg (ZH.);2009;4316;3766;323;119;204;227;134;93;619
9824;Totaal over alle leeftijden;Totaal bevolking;Valkenburg (ZH.);2010;4435;3818;366;136;230;251;151;100;619
9825;Totaal over alle leeftijden;Totaal bevolking;Valkenburg (ZH.);2011;4540;3872;402;153;249;266;166;100;619
9826;Totaal over alle leeftijden;Totaal bevolking;Valkenburg (ZH.);2012;4649;3923;439;168;271;287;180;107;619
9827;Totaal over alle leeftijden;Totaal bevolking;Valkenburg (ZH.);2013;4770;3993;464;178;286;313;197;116;619
9828;Totaal over alle leeftijden;Totaal bevolking;Valkenburg (ZH.);2014;4880;4045;502;191;311;333;207;126;619
9829;Totaal over alle leeftijden;Totaal bevolking;Valkenburg (ZH.);2015;4978;4095;534;202;332;349;220;129;619
9830;Totaal over alle leeftijden;Totaal bevolking;Valkenburg (ZH.);2016;5065;4115;570;217;353;380;240;140;619
9831;Totaal over alle leeftijden;Totaal bevolking;Valkenburg (ZH.);2017;5153;4155;594;231;363;404;253;151;619
9832;Totaal over alle leeftijden;Totaal bevolking;Valkenburg (ZH.);2018;5246;4179;632;249;383;435;266;169;619
9833;Totaal over alle leeftijden;Totaal bevolking;Valkenburg (ZH.);2019;5323;4206;664;265;399;453;272;181;619
9834;Totaal over alle leeftijden;Totaal bevolking;Valkenburg (ZH.);2020;5406;4239;686;266;420;481;287;194;619
9835;Totaal over alle leeftijden;Totaal bevolking;Valkenburg (ZH.);2021;5480;4263;720;283;437;497;292;205;619
9836;Totaal over alle leeftijden;Totaal bevolking;Valkenburg (ZH.);2022;5546;4278;751;299;452;517;301;216;619
9837;Totaal over alle leeftijden;Totaal bevolking;Valkenburg (ZH.);2023;5610;4293;777;319;458;540;310;230;619
9838;Totaal over alle leeftijden;Totaal bevolking;Valkenburg (ZH.);2024;5652;4296;800;335;465;556;309;247;619
9839;Totaal over alle leeftijden;Totaal bevolking;Valkenburg (ZH.);2025;5709;4337;803;339;464;569;311;258;619
9840;Totaal over alle leeftijden;Totaal bevolking;Valkenburg aan de Geul;2006;17387;14983;1972;700;1272;432;290;142;994
9841;Totaal over alle leeftijden;Totaal bevolking;Valkenburg aan de Geul;2007;17162;14809;1919;671;1248;434;285;149;994
9842;Totaal over alle leeftijden;Totaal bevolking;Valkenburg aan de Geul;2008;16963;14630;1894;654;1240;439;277;162;994
9843;Totaal over alle leeftijden;Totaal bevolking;Valkenburg aan de Geul;2009;16771;14447;1873;627;1246;451;280;171;994
9844;Totaal over alle leeftijden;Totaal bevolking;Valkenburg aan de Geul;2010;16584;14292;1846;613;1233;446;271;175;994
9845;Totaal over alle leeftijden;Totaal bevolking;Valkenburg aan de Geul;2011;16394;14124;1821;612;1209;449;272;177;994
9846;Totaal over alle leeftijden;Totaal bevolking;Valkenburg aan de Geul;2012;16211;13982;1779;608;1171;450;270;180;994
9847;Totaal over alle leeftijden;Totaal bevolking;Valkenburg aan de Geul;2013;16033;13817;1756;615;1141;460;273;187;994
9848;Totaal over alle leeftijden;Totaal bevolking;Valkenburg aan de Geul;2014;15856;13657;1727;606;1121;472;270;202;994
9849;Totaal over alle leeftijden;Totaal bevolking;Valkenburg aan de Geul;2015;15680;13488;1713;608;1105;479;275;204;994
9850;Totaal over alle leeftijden;Totaal bevolking;Valkenburg aan de Geul;2016;15498;13335;1676;593;1083;487;277;210;994
9851;Totaal over alle leeftijden;Totaal bevolking;Valkenburg aan de Geul;2017;15331;13191;1657;590;1067;483;273;210;994
9852;Totaal over alle leeftijden;Totaal bevolking;Valkenburg aan de Geul;2018;15160;13070;1603;580;1023;487;280;207;994
9853;Totaal over alle leeftijden;Totaal bevolking;Valkenburg aan de Geul;2019;14996;12918;1581;584;997;497;288;209;994
9854;Totaal over alle leeftijden;Totaal bevolking;Valkenburg aan de Geul;2020;14839;12791;1528;554;974;520;303;217;994
9855;Totaal over alle leeftijden;Totaal bevolking;Valkenburg aan de Geul;2021;14687;12645;1521;548;973;521;302;219;994
9856;Totaal over alle leeftijden;Totaal bevolking;Valkenburg aan de Geul;2022;14534;12512;1489;531;958;533;315;218;994
9857;Totaal over alle leeftijden;Totaal bevolking;Valkenburg aan de Geul;2023;14391;12369;1471;527;944;551;324;227;994
9858;Totaal over alle leeftijden;Totaal bevolking;Valkenburg aan de Geul;2024;14239;12219;1455;519;936;565;326;239;994
9859;Totaal over alle leeftijden;Totaal bevolking;Valkenburg aan de Geul;2025;14096;12090;1423;507;916;583;340;243;994
9860;Totaal over alle leeftijden;Totaal bevolking;Valkenswaard;2006;30946;26921;3100;843;2257;925;590;335;858
9861;Totaal over alle leeftijden;Totaal bevolking;Valkenswaard;2007;30831;26835;3060;852;2208;936;593;343;858
9862;Totaal over alle leeftijden;Totaal bevolking;Valkenswaard;2008;30690;26742;3028;832;2196;920;573;347;858
9863;Totaal over alle leeftijden;Totaal bevolking;Valkenswaard;2009;30575;26667;2987;832;2155;921;567;354;858
9864;Totaal over alle leeftijden;Totaal bevolking;Valkenswaard;2010;30441;26537;2984;856;2128;920;560;360;858
9865;Totaal over alle leeftijden;Totaal bevolking;Valkenswaard;2011;30306;26382;3002;883;2119;922;556;366;858
9866;Totaal over alle leeftijden;Totaal bevolking;Valkenswaard;2012;30166;26279;2978;893;2085;909;544;365;858
9867;Totaal over alle leeftijden;Totaal bevolking;Valkenswaard;2013;30027;26158;2961;892;2069;908;536;372;858
9868;Totaal over alle leeftijden;Totaal bevolking;Valkenswaard;2014;29890;26029;2944;922;2022;917;538;379;858
9869;Totaal over alle leeftijden;Totaal bevolking;Valkenswaard;2015;29756;25877;2967;954;2013;912;531;381;858
9870;Totaal over alle leeftijden;Totaal bevolking;Valkenswaard;2016;29607;25771;2916;956;1960;920;535;385;858
9871;Totaal over alle leeftijden;Totaal bevolking;Valkenswaard;2017;29477;25649;2902;958;1944;926;532;394;858
9872;Totaal over alle leeftijden;Totaal bevolking;Valkenswaard;2018;29342;25502;2893;962;1931;947;543;404;858
9873;Totaal over alle leeftijden;Totaal bevolking;Valkenswaard;2019;29219;25368;2897;988;1909;954;538;416;858
9874;Totaal over alle leeftijden;Totaal bevolking;Valkenswaard;2020;29084;25268;2877;989;1888;939;520;419;858
9875;Totaal over alle leeftijden;Totaal bevolking;Valkenswaard;2021;28963;25170;2835;992;1843;958;528;430;858
9876;Totaal over alle leeftijden;Totaal bevolking;Valkenswaard;2022;28841;25048;2846;1008;1838;947;510;437;858
9877;Totaal over alle leeftijden;Totaal bevolking;Valkenswaard;2023;28720;24956;2820;1010;1810;944;500;444;858
9878;Totaal over alle leeftijden;Totaal bevolking;Valkenswaard;2024;28612;24839;2827;1028;1799;946;495;451;858
9879;Totaal over alle leeftijden;Totaal bevolking;Valkenswaard;2025;28496;24700;2827;1047;1780;969;503;466;858
9880;Totaal over alle leeftijden;Totaal bevolking;Veendam;2006;28218;25110;1352;446;906;1756;1039;717;47
9881;Totaal over alle leeftijden;Totaal bevolking;Veendam;2007;28093;24973;1379;458;921;1741;1030;711;47
9882;Totaal over alle leeftijden;Totaal bevolking;Veendam;2008;27877;24779;1377;470;907;1721;1014;707;47
9883;Totaal over alle leeftijden;Totaal bevolking;Veendam;2009;27630;24536;1396;481;915;1698;1007;691;47
9884;Totaal over alle leeftijden;Totaal bevolking;Veendam;2010;27393;24297;1402;482;920;1694;1011;683;47
9885;Totaal over alle leeftijden;Totaal bevolking;Veendam;2011;27157;24066;1418;483;935;1673;1017;656;47
9886;Totaal over alle leeftijden;Totaal bevolking;Veendam;2012;26933;23869;1409;487;922;1655;1003;652;47
9887;Totaal over alle leeftijden;Totaal bevolking;Veendam;2013;26718;23639;1435;512;923;1644;999;645;47
9888;Totaal over alle leeftijden;Totaal bevolking;Veendam;2014;26510;23421;1464;531;933;1625;998;627;47
9889;Totaal over alle leeftijden;Totaal bevolking;Veendam;2015;26299;23226;1478;539;939;1595;985;610;47
9890;Totaal over alle leeftijden;Totaal bevolking;Veendam;2016;26105;23025;1507;554;953;1573;981;592;47
9891;Totaal over alle leeftijden;Totaal bevolking;Veendam;2017;25929;22817;1540;572;968;1572;987;585;47
9892;Totaal over alle leeftijden;Totaal bevolking;Veendam;2018;25755;22641;1560;598;962;1554;983;571;47
9893;Totaal over alle leeftijden;Totaal bevolking;Veendam;2019;25580;22451;1589;601;988;1540;981;559;47
9894;Totaal over alle leeftijden;Totaal bevolking;Veendam;2020;25418;22282;1607;611;996;1529;977;552;47
9895;Totaal over alle leeftijden;Totaal bevolking;Veendam;2021;25266;22124;1618;631;987;1524;979;545;47
9896;Totaal over alle leeftijden;Totaal bevolking;Veendam;2022;25122;21982;1630;642;988;1510;974;536;47
9897;Totaal over alle leeftijden;Totaal bevolking;Veendam;2023;24988;21808;1656;661;995;1524;1000;524;47
9898;Totaal over alle leeftijden;Totaal bevolking;Veendam;2024;24853;21651;1674;662;1012;1528;1019;509;47
9899;Totaal over alle leeftijden;Totaal bevolking;Veendam;2025;24732;21518;1699;676;1023;1515;1005;510;47
9900;Totaal over alle leeftijden;Totaal bevolking;Veenendaal;2006;61125;51929;3533;1298;2235;5663;3130;2533;345
9901;Totaal over alle leeftijden;Totaal bevolking;Veenendaal;2007;61176;51954;3493;1269;2224;5729;3079;2650;345
9902;Totaal over alle leeftijden;Totaal bevolking;Veenendaal;2008;61102;51843;3459;1262;2197;5800;3052;2748;345
9903;Totaal over alle leeftijden;Totaal bevolking;Veenendaal;2009;61028;51749;3426;1246;2180;5853;3015;2838;345
9904;Totaal over alle leeftijden;Totaal bevolking;Veenendaal;2010;60916;51625;3398;1225;2173;5893;2965;2928;345
9905;Totaal over alle leeftijden;Totaal bevolking;Veenendaal;2011;60815;51477;3374;1220;2154;5964;2948;3016;345
9906;Totaal over alle leeftijden;Totaal bevolking;Veenendaal;2012;60712;51352;3378;1222;2156;5982;2895;3087;345
9907;Totaal over alle leeftijden;Totaal bevolking;Veenendaal;2013;60605;51266;3352;1216;2136;5987;2871;3116;345
9908;Totaal over alle leeftijden;Totaal bevolking;Veenendaal;2014;60504;51133;3326;1207;2119;6045;2857;3188;345
9909;Totaal over alle leeftijden;Totaal bevolking;Veenendaal;2015;60411;50982;3348;1212;2136;6081;2839;3242;345
9910;Totaal over alle leeftijden;Totaal bevolking;Veenendaal;2016;60312;50883;3331;1203;2128;6098;2830;3268;345
9911;Totaal over alle leeftijden;Totaal bevolking;Veenendaal;2017;60207;50767;3317;1201;2116;6123;2815;3308;345
9912;Totaal over alle leeftijden;Totaal bevolking;Veenendaal;2018;60092;50722;3298;1205;2093;6072;2768;3304;345
9913;Totaal over alle leeftijden;Totaal bevolking;Veenendaal;2019;59978;50588;3293;1203;2090;6097;2741;3356;345
9914;Totaal over alle leeftijden;Totaal bevolking;Veenendaal;2020;59854;50480;3293;1202;2091;6081;2699;3382;345
9915;Totaal over alle leeftijden;Totaal bevolking;Veenendaal;2021;59742;50380;3288;1208;2080;6074;2656;3418;345
9916;Totaal over alle leeftijden;Totaal bevolking;Veenendaal;2022;59653;50270;3315;1225;2090;6068;2621;3447;345
9917;Totaal over alle leeftijden;Totaal bevolking;Veenendaal;2023;59557;50174;3322;1236;2086;6061;2594;3467;345
9918;Totaal over alle leeftijden;Totaal bevolking;Veenendaal;2024;59466;50161;3273;1212;2061;6032;2565;3467;345
9919;Totaal over alle leeftijden;Totaal bevolking;Veenendaal;2025;59357;50100;3243;1207;2036;6014;2556;3458;345
9920;Totaal over alle leeftijden;Totaal bevolking;Veere;2006;21778;20002;1296;546;750;480;299;181;717
9921;Totaal over alle leeftijden;Totaal bevolking;Veere;2007;21624;19740;1340;539;801;544;319;225;717
9922;Totaal over alle leeftijden;Totaal bevolking;Veere;2008;21466;19474;1379;541;838;613;344;269;717
9923;Totaal over alle leeftijden;Totaal bevolking;Veere;2009;21298;19207;1416;543;873;675;363;312;717
9924;Totaal over alle leeftijden;Totaal bevolking;Veere;2010;21130;18958;1448;548;900;724;376;348;717
9925;Totaal over alle leeftijden;Totaal bevolking;Veere;2011;20969;18711;1499;553;946;759;373;386;717
9926;Totaal over alle leeftijden;Totaal bevolking;Veere;2012;20828;18465;1525;546;979;838;399;439;717
9927;Totaal over alle leeftijden;Totaal bevolking;Veere;2013;20675;18211;1563;554;1009;901;418;483;717
9928;Totaal over alle leeftijden;Totaal bevolking;Veere;2014;20538;17987;1591;567;1024;960;440;520;717
9929;Totaal over alle leeftijden;Totaal bevolking;Veere;2015;20398;17746;1637;575;1062;1015;452;563;717
9930;Totaal over alle leeftijden;Totaal bevolking;Veere;2016;20258;17529;1664;586;1078;1065;459;606;717
9931;Totaal over alle leeftijden;Totaal bevolking;Veere;2017;20123;17316;1678;592;1086;1129;477;652;717
9932;Totaal over alle leeftijden;Totaal bevolking;Veere;2018;19998;17117;1716;600;1116;1165;489;676;717
9933;Totaal over alle leeftijden;Totaal bevolking;Veere;2019;19865;16908;1737;588;1149;1220;497;723;717
9934;Totaal over alle leeftijden;Totaal bevolking;Veere;2020;19759;16702;1768;603;1165;1289;509;780;717
9935;Totaal over alle leeftijden;Totaal bevolking;Veere;2021;19630;16518;1772;609;1163;1340;517;823;717
9936;Totaal over alle leeftijden;Totaal bevolking;Veere;2022;19515;16344;1785;611;1174;1386;534;852;717
9937;Totaal over alle leeftijden;Totaal bevolking;Veere;2023;19395;16178;1796;615;1181;1421;537;884;717
9938;Totaal over alle leeftijden;Totaal bevolking;Veere;2024;19289;15982;1833;632;1201;1474;558;916;717
9939;Totaal over alle leeftijden;Totaal bevolking;Veere;2025;19194;15819;1856;636;1220;1519;574;945;717
9940;Totaal over alle leeftijden;Totaal bevolking;Veghel;2006;37985;32631;2320;968;1352;3034;1610;1424;860
9941;Totaal over alle leeftijden;Totaal bevolking;Veghel;2007;38212;32870;2338;958;1380;3004;1574;1430;860
9942;Totaal over alle leeftijden;Totaal bevolking;Veghel;2008;38309;32976;2354;971;1383;2979;1553;1426;860
9943;Totaal over alle leeftijden;Totaal bevolking;Veghel;2009;38398;33062;2362;966;1396;2974;1543;1431;860
9944;Totaal over alle leeftijden;Totaal bevolking;Veghel;2010;38472;33137;2372;981;1391;2963;1543;1420;860
9945;Totaal over alle leeftijden;Totaal bevolking;Veghel;2011;38529;33227;2346;963;1383;2956;1517;1439;860
9946;Totaal over alle leeftijden;Totaal bevolking;Veghel;2012;38594;33304;2352;977;1375;2938;1506;1432;860
9947;Totaal over alle leeftijden;Totaal bevolking;Veghel;2013;38645;33360;2385;991;1394;2900;1468;1432;860
9948;Totaal over alle leeftijden;Totaal bevolking;Veghel;2014;38720;33424;2403;994;1409;2893;1457;1436;860
9949;Totaal over alle leeftijden;Totaal bevolking;Veghel;2015;38764;33512;2390;980;1410;2862;1424;1438;860
9950;Totaal over alle leeftijden;Totaal bevolking;Veghel;2016;38802;33570;2393;975;1418;2839;1405;1434;860
9951;Totaal over alle leeftijden;Totaal bevolking;Veghel;2017;38828;33620;2395;971;1424;2813;1390;1423;860
9952;Totaal over alle leeftijden;Totaal bevolking;Veghel;2018;38863;33665;2411;967;1444;2787;1380;1407;860
9953;Totaal over alle leeftijden;Totaal bevolking;Veghel;2019;38875;33703;2406;958;1448;2766;1375;1391;860
9954;Totaal over alle leeftijden;Totaal bevolking;Veghel;2020;38900;33766;2384;953;1431;2750;1368;1382;860
9955;Totaal over alle leeftijden;Totaal bevolking;Veghel;2021;38918;33803;2402;964;1438;2713;1339;1374;860
9956;Totaal over alle leeftijden;Totaal bevolking;Veghel;2022;38933;33859;2382;957;1425;2692;1331;1361;860
9957;Totaal over alle leeftijden;Totaal bevolking;Veghel;2023;38937;33880;2374;953;1421;2683;1322;1361;860
9958;Totaal over alle leeftijden;Totaal bevolking;Veghel;2024;38954;33938;2365;951;1414;2651;1303;1348;860
9959;Totaal over alle leeftijden;Totaal bevolking;Veghel;2025;38952;33971;2356;942;1414;2625;1288;1337;860
9960;Totaal over alle leeftijden;Totaal bevolking;Veldhoven;2006;43034;36907;4037;1485;2552;2090;1314;776;861
9961;Totaal over alle leeftijden;Totaal bevolking;Veldhoven;2007;42874;36628;4082;1544;2538;2164;1341;823;861
9962;Totaal over alle leeftijden;Totaal bevolking;Veldhoven;2008;42718;36282;4163;1641;2522;2273;1394;879;861
9963;Totaal over alle leeftijden;Totaal bevolking;Veldhoven;2009;42576;35943;4282;1749;2533;2351;1416;935;861
9964;Totaal over alle leeftijden;Totaal bevolking;Veldhoven;2010;42419;35542;4419;1913;2506;2458;1457;1001;861
9965;Totaal over alle leeftijden;Totaal bevolking;Veldhoven;2011;42256;35142;4585;2088;2497;2529;1492;1037;861
9966;Totaal over alle leeftijden;Totaal bevolking;Veldhoven;2012;42100;34748;4756;2270;2486;2596;1517;1079;861
9967;Totaal over alle leeftijden;Totaal bevolking;Veldhoven;2013;41956;34344;4948;2456;2492;2664;1533;1131;861
9968;Totaal over alle leeftijden;Totaal bevolking;Veldhoven;2014;41795;33941;5142;2667;2475;2712;1535;1177;861
9969;Totaal over alle leeftijden;Totaal bevolking;Veldhoven;2015;41629;33533;5315;2849;2466;2781;1559;1222;861
9970;Totaal over alle leeftijden;Totaal bevolking;Veldhoven;2016;41468;33125;5482;3001;2481;2861;1592;1269;861
9971;Totaal over alle leeftijden;Totaal bevolking;Veldhoven;2017;41304;32750;5623;3117;2506;2931;1603;1328;861
9972;Totaal over alle leeftijden;Totaal bevolking;Veldhoven;2018;41126;32380;5750;3205;2545;2996;1612;1384;861
9973;Totaal over alle leeftijden;Totaal bevolking;Veldhoven;2019;40951;31999;5899;3297;2602;3053;1610;1443;861
9974;Totaal over alle leeftijden;Totaal bevolking;Veldhoven;2020;40765;31676;5981;3341;2640;3108;1620;1488;861
9975;Totaal over alle leeftijden;Totaal bevolking;Veldhoven;2021;40582;31357;6045;3372;2673;3180;1634;1546;861
9976;Totaal over alle leeftijden;Totaal bevolking;Veldhoven;2022;40390;31070;6063;3346;2717;3257;1645;1612;861
9977;Totaal over alle leeftijden;Totaal bevolking;Veldhoven;2023;40189;30770;6100;3354;2746;3319;1654;1665;861
9978;Totaal over alle leeftijden;Totaal bevolking;Veldhoven;2024;39994;30457;6136;3347;2789;3401;1652;1749;861
9979;Totaal over alle leeftijden;Totaal bevolking;Veldhoven;2025;39788;30218;6099;3324;2775;3471;1662;1809;861
9980;Totaal over alle leeftijden;Totaal bevolking;Velsen;2006;67907;58134;5503;2056;3447;4270;2380;1890;453
9981;Totaal over alle leeftijden;Totaal bevolking;Velsen;2007;67768;57925;5468;2046;3422;4375;2402;1973;453
9982;Totaal over alle leeftijden;Totaal bevolking;Velsen;2008;67634;57712;5465;2047;3418;4457;2417;2040;453
9983;Totaal over alle leeftijden;Totaal bevolking;Velsen;2009;67491;57497;5443;2055;3388;4551;2437;2114;453
9984;Totaal over alle leeftijden;Totaal bevolking;Velsen;2010;67314;57275;5427;2064;3363;4612;2429;2183;453
9985;Totaal over alle leeftijden;Totaal bevolking;Velsen;2011;67128;57001;5422;2068;3354;4705;2444;2261;453
9986;Totaal over alle leeftijden;Totaal bevolking;Velsen;2012;66971;56745;5440;2099;3341;4786;2468;2318;453
9987;Totaal over alle leeftijden;Totaal bevolking;Velsen;2013;66798;56457;5493;2147;3346;4848;2490;2358;453
9988;Totaal over alle leeftijden;Totaal bevolking;Velsen;2014;66632;56211;5513;2199;3314;4908;2509;2399;453
9989;Totaal over alle leeftijden;Totaal bevolking;Velsen;2015;66482;55971;5532;2234;3298;4979;2526;2453;453
9990;Totaal over alle leeftijden;Totaal bevolking;Velsen;2016;66335;55676;5576;2288;3288;5083;2560;2523;453
9991;Totaal over alle leeftijden;Totaal bevolking;Velsen;2017;66209;55499;5578;2295;3283;5132;2574;2558;453
9992;Totaal over alle leeftijden;Totaal bevolking;Velsen;2018;66082;55339;5576;2317;3259;5167;2576;2591;453
9993;Totaal over alle leeftijden;Totaal bevolking;Velsen;2019;65964;55151;5593;2369;3224;5220;2590;2630;453
9994;Totaal over alle leeftijden;Totaal bevolking;Velsen;2020;65868;54982;5599;2370;3229;5287;2608;2679;453
9995;Totaal over alle leeftijden;Totaal bevolking;Velsen;2021;65761;54796;5625;2403;3222;5340;2627;2713;453
9996;Totaal over alle leeftijden;Totaal bevolking;Velsen;2022;65676;54656;5609;2434;3175;5411;2669;2742;453
9997;Totaal over alle leeftijden;Totaal bevolking;Velsen;2023;65630;54523;5642;2459;3183;5465;2690;2775;453
9998;Totaal over alle leeftijden;Totaal bevolking;Velsen;2024;65589;54400;5655;2495;3160;5534;2729;2805;453
9999;Totaal over alle leeftijden;Totaal bevolking;Velsen;2025;65548;54320;5612;2492;3120;5616;2772;2844;453
