ID;RegioS2005;Perioden;TotaleBevolking_1;k_0Tot20_2;k_20Tot65_3;k_65JaarOfOuder_4;Autochtoon_5;Totaal1eEn2eGeneratie_6;k_1eGeneratie_7;k_2eGeneratie_8;Totaal1eEn2eGeneratie_9;k_1eGeneratie_10;k_2eGeneratie_11;Totaal1eEn2eGeneratie_12;k_1eGeneratie_13;k_2eGeneratie_14;Totaal1eEn2eGeneratie_15;k_1eGeneratie_16;k_2eGeneratie_17;Totaal1eEn2eGeneratie_18;k_1eGeneratie_19;k_2eGeneratie_20;Totaal1eEn2eGeneratie_21;k_1eGeneratie_22;k_2eGeneratie_23;Totaal1eEn2eGeneratie_24;k_1eGeneratie_25;k_2eGeneratie_26;Levendgeborenen_27;Overledenen_28;Immigranten_29;EmigrantenInclusiefCorrecties_30;VestigersUitAndereGemeente_31;VertrekkersNaarAndereGemeente_32;Regiocode_33
0;Nederland;2006;16328200;3985794;10023366;2319040;13180474;1427296;582180;845116;1720430;1016412;704018;331397;187158;144239;129065;79382;49683;364828;196082;168746;322184;167888;154296;572956;385902;187054;187202.0;144355.0;97030.0;108278.0;606935.0;606933.0;1
1;Nederland;2007;16360888;3976473;10035733;2348682;13181139;1432793;584348;848445;1746956;1015756;731200;334236;186811;147425;129017;77945;51072;371183;197066;174117;329962;168639;161323;582560;385300;197260;184403.0;145537.0;100119.0;107118.0;605535.0;605534.0;1
2;Nederland;2008;16393835;3964846;10045234;2383755;13179244;1440581;588931;851650;1774010;1016518;757492;336901;186523;150378;129657;77261;52396;377368;198111;179257;337539;169409;168130;592548;385217;207331;182104.0;146850.0;103772.0;106279.0;605178.0;605176.0;1
3;Nederland;2009;16427653;3953160;10044764;2429729;13175035;1451053;596198;854855;1801565;1018682;782883;339432;186302;153130;130907;77250;53657;383376;199206;184170;344866;170193;174673;602982;385733;217249;180328.0;148189.0;107525.0;105784.0;605281.0;605282.0;1
4;Nederland;2010;16462596;3938861;10041207;2482528;13168821;1464237;606154;858083;1829538;1022008;807530;341854;186155;155699;132662;77724;54938;389230;200350;188880;351959;171000;180959;613834;386782;227052;178999.0;149617.0;110906.0;105576.0;605619.0;605619.0;1
5;Nederland;2011;16498384;3916201;10056623;2525560;13160920;1479930;618510;861420;1857534;1026134;831400;344163;186066;158097;134621;78406;56215;394925;201527;193398;358770;171809;186961;625056;388325;236731;177930.0;151111.0;113734.0;105574.0;606141.0;606142.0;1
6;Nederland;2012;16534456;3893522;10010145;2630789;13151458;1497621;632723;864898;1885377;1030887;854490;346404;186049;160355;136617;79119;57498;400445;202740;197705;365287;172631;192656;636621;390347;246274;177396.0;152674.0;115939.0;105698.0;606649.0;606649.0;1
7;Nederland;2013;16570525;3873487;9971111;2725927;13140790;1516691;648144;868547;1913044;1036166;876878;348584;186086;162498;138657;79848;58809;405799;203957;201842;371507;173472;198035;648497;392799;255698;177425.0;154389.0;117208.0;105831.0;607096.0;607095.0;1
8;Nederland;2014;16606076;3855659;9943637;2806780;13129279;1536187;663749;872438;1940610;1042009;898601;350672;186169;164503;140746;80605;60141;411014;205201;205813;377429;174315;203114;660750;395717;265033;177743.0;156147.0;117767.0;105948.0;607367.0;607367.0;1
9;Nederland;2015;16640638;3837808;9924611;2878219;13117172;1555429;678924;876505;1968037;1048338;919699;352704;186300;166404;142866;81393;61473;416138;206457;209681;383028;175139;207889;673300;399048;274252;178370.0;158007.0;118011.0;105974.0;607834.0;607833.0;1
10;Nederland;2016;16674205;3825839;9904776;2943590;13104577;1574258;693491;880767;1995370;1055116;940254;354691;186465;168226;145046;82192;62854;421134;207707;213427;388307;175942;212365;686191;402808;283383;179215.0;159956.0;118105.0;105916.0;608659.0;608659.0;1
11;Nederland;2017;16706855;3815453;9886333;3005069;13091714;1592580;707415;885165;2022561;1062278;960283;356607;186646;169961;147323;83035;64288;426004;208945;217059;393298;176739;216559;699329;406912;292417;180224.0;162039.0;118173.0;105789.0;609711.0;609711.0;1
12;Nederland;2018;16738666;3804526;9863986;3070154;13078537;1610522;720829;889693;2049607;1069745;979862;358491;186849;171642;149613;83898;65715;430796;210183;220613;397981;177496;220485;712726;411321;301405;181385.0;164160.0;118206.0;105576.0;611096.0;611096.0;1
13;Nederland;2019;16769798;3788738;9849454;3131606;13065267;1628112;733792;894320;2076419;1077458;998961;360300;187046;173254;151944;84768;67176;435476;211393;224083;402379;178230;224149;726319;416025;310294;182628.0;166475.0;118235.0;105306.0;612495.0;612494.0;1
14;Nederland;2020;16800179;3772640;9835084;3192455;13051732;1645433;746400;899033;2103014;1085323;1017691;362027;187212;174815;154365;85680;68685;440068;212570;227498;406503;178931;227572;740052;420931;319121;183707.0;168884.0;118221.0;104982.0;613677.0;613678.0;1
15;Nederland;2021;16829575;3753132;9823577;3252866;13037771;1662497;758687;903810;2129307;1093256;1036051;363647;187325;176322;156835;86598;70237;444575;213720;230855;410356;179589;230767;753897;426027;327870;184767.0;171400.0;118147.0;104586.0;614689.0;614689.0;1
16;Nederland;2022;16857876;3738164;9805456;3314256;13023223;1679358;770725;908633;2155295;1101175;1054120;365174;187381;177793;159373;87562;71811;448952;214783;234169;413985;180190;233795;767811;431260;336551;185722.0;174027.0;118086.0;104149.0;615275.0;615274.0;1
17;Nederland;2023;16884881;3726221;9783308;3375352;13007807;1696120;782582;913538;2180954;1109084;1071870;366595;187390;179205;161953;88539;73414;453203;215766;237437;417375;180756;236619;781829;436635;345194;186509.0;176811.0;118024.0;103653.0;615611.0;615611.0;1
18;Nederland;2024;16910339;3716760;9757151;3436428;12991300;1712752;794261;918491;2206287;1116885;1089402;367887;187303;180584;164595;89536;75059;457313;216657;240656;420564;181257;239307;795928;442129;353799;187232.0;179707.0;117973.0;103118.0;615614.0;615612.0;1
19;Nederland;2025;16934113;3713419;9721366;3499328;12973342;1729347;805827;923520;2231424;1124686;1106738;369107;187153;181954;167283;90564;76719;461343;217483;243860;423561;181712;241849;810130;447768;362362;;;;;;;1
20;Noord-Nederland (LD);2006;1701655;408649;1033831;259175;1530165;97465;38420;59045;74025;48011;26014;11206;5887;5319;7572;4799;2773;8072;4451;3621;5241;2598;2643;41934;30276;11658;18480.0;16358.0;7734.0;7368.0;69616.0;70628.0;1
21;Noord-Nederland (LD);2007;1703245;406474;1034835;261936;1528630;98793;39206;59587;75822;48708;27114;11482;5997;5485;7632;4783;2849;8279;4546;3733;5430;2677;2753;42999;30705;12294;18430.0;16426.0;8109.0;7301.0;69627.0;70768.0;1
22;Noord-Nederland (LD);2008;1705037;404679;1034713;265645;1526888;100345;40271;60074;77804;49574;28230;11743;6105;5638;7718;4831;2887;8460;4618;3842;5655;2760;2895;44228;31260;12968;18281.0;16634.0;8707.0;7447.0;69644.0;70766.0;1
23;Noord-Nederland (LD);2009;1706947;403552;1032892;270503;1524704;102282;41590;60692;79961;50577;29384;11969;6215;5754;7924;4952;2972;8705;4729;3976;5865;2837;3028;45498;31844;13654;18279.0;16654.0;9183.0;7491.0;69689.0;70820.0;1
24;Noord-Nederland (LD);2010;1709272;402400;1030782;276090;1522657;104368;43101;61267;82247;51696;30551;12214;6333;5881;8210;5168;3042;8907;4844;4063;6059;2911;3148;46857;32440;14417;18124.0;16788.0;9801.0;7669.0;69845.0;71018.0;1
25;Noord-Nederland (LD);2011;1711692;400498;1030051;281143;1520336;106775;44927;61848;84581;52869;31712;12428;6427;6001;8508;5380;3128;9091;4932;4159;6305;3003;3302;48249;33127;15122;18318.0;16906.0;10281.0;7698.0;69893.0;71090.0;1
26;Noord-Nederland (LD);2012;1714628;398847;1023936;291845;1518059;109508;47084;62424;87061;54135;32926;12670;6546;6124;8788;5597;3191;9323;5024;4299;6494;3074;3420;49786;33894;15892;18469.0;16982.0;10653.0;8071.0;70015.0;71212.0;1
27;Noord-Nederland (LD);2013;1717618;397947;1018405;301266;1515594;112403;49356;63047;89621;55477;34144;12936;6689;6247;9049;5785;3264;9565;5134;4431;6726;3171;3555;51345;34698;16647;18489.0;17316.0;11048.0;8079.0;70085.0;71279.0;1
28;Noord-Nederland (LD);2014;1720685;397243;1014380;309062;1513072;115371;51684;63687;92242;56833;35409;13151;6771;6380;9397;6025;3372;9823;5246;4577;6899;3254;3645;52972;35537;17435;18646.0;17270.0;11281.0;8089.0;70223.0;71453.0;1
29;Noord-Nederland (LD);2015;1724121;396770;1011624;315727;1510927;118401;54091;64310;94793;58216;36577;13370;6889;6481;9681;6226;3455;10063;5354;4709;7077;3325;3752;54602;36422;18180;18833.0;17409.0;11620.0;8314.0;70323.0;71670.0;1
30;Noord-Nederland (LD);2016;1727608;396536;1009209;321863;1508676;121495;56442;65053;97437;59656;37781;13591;7013;6578;9964;6425;3539;10335;5466;4869;7300;3407;3893;56247;37345;18902;18945.0;17664.0;11722.0;8424.0;70507.0;71856.0;1
31;Noord-Nederland (LD);2017;1730968;396619;1006521;327828;1506157;124603;58875;65728;100208;61145;39063;13808;7111;6697;10313;6672;3641;10545;5572;4973;7540;3506;4034;58002;38284;19718;19070.0;17834.0;11684.0;8502.0;70756.0;72069.0;1
32;Noord-Nederland (LD);2018;1734219;396718;1003305;334196;1503596;127625;61179;66446;102998;62688;40310;14036;7226;6810;10645;6916;3729;10802;5696;5106;7761;3599;4162;59754;39251;20503;19099.0;18090.0;11875.0;8575.0;71014.0;72358.0;1
33;Noord-Nederland (LD);2019;1737312;396422;1000518;340372;1501043;130473;63344;67129;105796;64260;41536;14240;7325;6915;10901;7118;3783;11061;5803;5258;8021;3726;4295;61573;40288;21285;19222.0;18329.0;12074.0;8754.0;71094.0;72402.0;1
34;Noord-Nederland (LD);2020;1740343;396139;997943;346261;1498338;133332;65498;67834;108673;65962;42711;14484;7438;7046;11234;7384;3850;11271;5906;5365;8263;3824;4439;63421;41410;22011;19321.0;18489.0;12264.0;8701.0;71211.0;72630.0;1
35;Noord-Nederland (LD);2021;1743433;396084;994959;352390;1495524;136266;67596;68670;111643;67759;43884;14704;7540;7164;11537;7630;3907;11534;6052;5482;8506;3934;4572;65362;42603;22759;19326.0;18672.0;12464.0;8693.0;71308.0;72752.0;1
36;Noord-Nederland (LD);2022;1746559;396448;991701;358410;1492562;139191;69745;69446;114806;69662;45144;14914;7656;7258;11972;7975;3997;11796;6196;5600;8761;4018;4743;67363;43817;23546;19394.0;19034.0;12620.0;8837.0;71489.0;72960.0;1
37;Noord-Nederland (LD);2023;1749391;397300;988067;364024;1489324;142101;71852;70249;117966;71598;46368;15109;7749;7360;12448;8359;4089;12110;6368;5742;8991;4134;4857;69308;44988;24320;19381.0;19218.0;13016.0;8837.0;71779.0;73333.0;1
38;Noord-Nederland (LD);2024;1752314;398854;983938;369522;1486000;145010;74023;70987;121304;73636;47668;15231;7801;7430;13023;8821;4202;12437;6537;5900;9231;4215;5016;71382;46262;25120;19289.0;19518.0;13141.0;8870.0;72029.0;73568.0;1
39;Noord-Nederland (LD);2025;1754963;399231;980904;374828;1482270;147917;76274;71643;124776;75813;48963;15407;7869;7538;13666;9322;4344;12795;6731;6064;9469;4329;5140;73439;47562;25877;;;;;;;1
40;Oost-Nederland (LD);2006;3455781;888078;2093158;474545;2933815;255995;92662;163333;265971;158288;107683;39742;21529;18213;18444;11096;7348;77417;40884;36533;32232;16446;15786;98136;68333;29803;41439.0;29631.0;14735.0;18018.0;121288.0;120373.0;2
41;Oost-Nederland (LD);2007;3465498;884727;2099654;481117;2936496;256872;93013;163859;272130;159921;112209;41028;22216;18812;18561;11062;7499;78492;40984;37508;33449;16740;16709;100601;68921;31680;40811.0;29859.0;15249.0;17683.0;121073.0;120203.0;2
42;Oost-Nederland (LD);2008;3475184;880911;2105143;489130;2938896;257972;93761;164211;278316;161684;116632;42200;22834;19366;18812;11129;7683;79609;41148;38461;34637;17016;17621;103059;69558;33501;40475.0;30137.0;15924.0;17621.0;121856.0;120399.0;2
43;Oost-Nederland (LD);2009;3485543;877734;2108505;499304;2941012;259655;95039;164616;284876;163761;121115;43514;23502;20012;19115;11299;7816;80724;41344;39380;35842;17333;18509;105681;70282;35399;40177.0;30620.0;16415.0;17602.0;121471.0;120564.0;2
44;Oost-Nederland (LD);2010;3495048;873899;2110583;510566;2942149;261615;96552;165063;291284;165718;125566;44701;24094;20607;19483;11473;8010;81728;41507;40221;37002;17644;19358;108370;70999;37371;40016.0;30897.0;16906.0;17461.0;121410.0;120614.0;2
45;Oost-Nederland (LD);2011;3504668;868674;2115961;520033;2942905;264093;98508;165585;297670;167888;129782;45828;24641;21187;19838;11711;8127;82728;41675;41053;38084;17909;20175;111193;71953;39240;39884.0;31446.0;17441.0;17595.0;121659.0;120883.0;2
46;Oost-Nederland (LD);2012;3513988;863247;2109088;541653;2943189;266745;100786;165959;304054;169984;134070;46878;25191;21687;20276;11956;8320;83619;41760;41859;39239;18244;20995;114040;72833;41207;39758.0;31669.0;17845.0;17603.0;121765.0;121120.0;2
47;Oost-Nederland (LD);2013;3523232;858815;2102962;561455;2943100;269663;103221;166442;310469;172296;138173;47973;25738;22235;20767;12255;8512;84489;41910;42579;40327;18548;21779;116913;73843;43070;40016.0;32169.0;17977.0;17542.0;121830.0;121342.0;2
48;Oost-Nederland (LD);2014;3532277;854555;2099334;578388;2942939;272549;105660;166889;316789;174506;142283;49041;26267;22774;21198;12482;8716;85286;42032;43254;41451;18854;22597;119813;74871;44942;40165.0;32538.0;18081.0;17739.0;121742.0;121415.0;2
49;Oost-Nederland (LD);2015;3540843;850361;2097384;593098;2942489;275496;108086;167410;322858;176778;146080;49997;26752;23245;21600;12737;8863;86093;42204;43889;42469;19144;23325;122699;75942;46757;40287.0;33032.0;18114.0;17628.0;121805.0;121526.0;2
50;Oost-Nederland (LD);2016;3549116;847893;2094667;606556;2941932;278186;110408;167778;328998;179088;149910;50906;27180;23726;22112;13036;9076;86837;42335;44502;43417;19428;23989;125726;77109;48617;40423.0;33598.0;18034.0;17662.0;121972.0;121732.0;2
51;Oost-Nederland (LD);2017;3556833;845732;2091228;619873;2941176;280799;112568;168231;334858;181370;153488;51818;27662;24156;22650;13323;9327;87448;42409;45039;44315;19655;24660;128628;78322;50306;40931.0;33928.0;18265.0;17715.0;122026.0;121953.0;2
52;Oost-Nederland (LD);2018;3564720;843715;2086678;634327;2940308;283512;114825;168687;340900;183751;157149;52695;28114;24581;23144;13593;9551;88131;42534;45597;45236;19901;25335;131695;79610;52085;41237.0;34405.0;18088.0;17734.0;122257.0;122143.0;2
53;Oost-Nederland (LD);2019;3572314;840335;2083897;648082;2939610;285976;116802;169174;346728;186079;160649;53522;28551;24971;23605;13853;9752;88773;42641;46132;46151;20151;26000;134678;80886;53792;41504.0;34861.0;17975.0;17386.0;122501.0;122599.0;2
54;Oost-Nederland (LD);2020;3579744;837060;2081091;661593;2938767;288477;118802;169675;352500;188434;164066;54325;28980;25345;24123;14168;9955;89357;42741;46616;47039;20410;26629;137656;82135;55521;41893.0;35458.0;17768.0;17429.0;122638.0;122744.0;2
55;Oost-Nederland (LD);2021;3586739;832876;2078572;675291;2937843;290721;120512;170209;358175;190616;167559;55024;29322;25702;24668;14447;10221;89889;42777;47112;47882;20640;27242;140713;83431;57282;42042.0;36118.0;17767.0;17289.0;122854.0;122907.0;2
56;Oost-Nederland (LD);2022;3593417;830017;2074465;688935;2936996;292943;122234;170709;363478;192635;170843;55706;29639;26067;25210;14704;10506;90268;42759;47509;48693;20878;27815;143601;84655;58946;42490.0;36622.0;17824.0;17356.0;122617.0;122941.0;2
57;Oost-Nederland (LD);2023;3599758;827895;2069310;702553;2935769;294943;123768;171175;369046;194846;174200;56381;30006;26375;25688;14907;10781;90772;42816;47956;49452;21043;28409;146753;86074;60679;42695.0;37303.0;17698.0;17200.0;122406.0;122674.0;2
58;Oost-Nederland (LD);2024;3605689;827016;2062410;716263;2934229;297088;125507;171581;374372;196936;177436;57040;30302;26738;26274;15183;11091;91225;42863;48362;50259;21261;28998;149574;87327;62247;42899.0;37854.0;17744.0;17005.0;122303.0;122608.0;2
59;Oost-Nederland (LD);2025;3611500;827380;2053855;730265;2932621;299193;127109;172084;379686;198950;180736;57709;30625;27084;26756;15378;11378;91688;42867;48821;50958;21418;29540;152576;88663;63913;;;;;;;2
60;West-Nederland (LD);2006;7625951;1851904;4715713;1058334;5755821;725686;324595;401091;1144444;672119;472325;257881;147684;110197;85147;52806;32341;219802;119111;100691;231987;122233;109754;349627;230285;119342;91076.0;66805.0;57683.0;58914.0;298856.0;299568.0;3
61;West-Nederland (LD);2007;7648730;1855274;4724575;1068881;5757909;731055;326987;404068;1159766;669472;490294;258726;146431;112295;85051;51657;33394;223926;119790;104136;237375;122567;114808;354689;229030;125659;89768.0;67074.0;59680.0;58503.0;297954.0;298605.0;3
62;West-Nederland (LD);2008;7672387;1857305;4733614;1081468;5759137;737941;330783;407158;1175309;667794;507515;259459;145235;114224;85476;51058;34418;227983;120539;107444;242578;122943;119635;359815;228021;131794;88415.0;67376.0;61691.0;58251.0;297468.0;298286.0;3
63;West-Nederland (LD);2009;7696500;1857814;4738559;1100127;5759664;746036;335943;410093;1190800;666828;523972;259981;144046;115935;86180;50806;35374;231785;121223;110562;247658;123286;124372;365194;227470;137724;87395.0;67788.0;63775.0;57889.0;297511.0;298270.0;3
64;West-Nederland (LD);2010;7721692;1856936;4741443;1123313;5759228;755960;342690;413270;1206504;666774;539730;260508;142993;117515;87277;50938;36339;235690;122045;113645;252552;123681;128871;370478;227121;143357;86576.0;68232.0;65640.0;58037.0;297873.0;298510.0;3
65;West-Nederland (LD);2011;7747436;1851658;4757891;1137887;5757959;767175;350639;416536;1222302;667195;555107;260928;142026;118902;88606;51251;37355;239529;122907;116622;257250;124101;133149;375989;226908;149081;85828.0;68660.0;67303.0;57823.0;297907.0;298798.0;3
66;West-Nederland (LD);2012;7773662;1846128;4737037;1190497;5756191;779553;359415;420138;1237918;668180;569738;261345;141095;120250;89844;51544;38300;243209;123805;119404;261685;124483;137202;381834;227252;154582;85415.0;69178.0;68535.0;57893.0;298169.0;298978.0;3
67;West-Nederland (LD);2013;7800179;1841044;4722853;1236282;5754237;792819;369106;423713;1253123;669240;583883;261544;140131;121413;91033;51793;39240;246800;124704;122096;265933;124924;141009;387813;227686;160127;84751.0;69607.0;69182.0;58329.0;298753.0;299319.0;3
68;West-Nederland (LD);2014;7826102;1836298;4715703;1274101;5751537;806292;378827;427465;1268273;670807;597466;261809;139331;122478;92219;52000;40219;250313;125614;124699;270001;125380;144621;393932;228480;165452;84723.0;70488.0;69563.0;58381.0;299038.0;299525.0;3
69;West-Nederland (LD);2015;7851551;1831313;4713114;1307124;5748386;819530;388213;431317;1283635;672746;610889;262058;138513;123545;93561;52319;41242;253775;126486;127289;273824;125805;148019;400416;229621;170795;84791.0;71150.0;69564.0;58198.0;299542.0;299910.0;3
70;West-Nederland (LD);2016;7876720;1828568;4710233;1337919;5745229;832648;397308;435340;1298843;675011;623832;262327;137802;124525;94833;52575;42258;257195;127389;129806;277485;126280;151205;407002;230963;176039;85108.0;71832.0;69869.0;58433.0;300178.0;300475.0;3
71;West-Nederland (LD);2017;7901677;1825933;4709691;1366053;5742274;845510;405963;439547;1313893;677472;636421;262421;136992;125429;96178;52885;43293;260672;128363;132309;281015;126809;154206;413606;232421;181185;85058.0;72650.0;69958.0;58252.0;301041.0;301296.0;3
72;West-Nederland (LD);2018;7926119;1822031;4707787;1396301;5739361;857970;414293;443677;1328788;680062;648726;262585;136266;126319;97469;53134;44335;263997;129264;134733;284255;127285;156970;420481;234114;186367;85609.0;73423.0;70201.0;58338.0;302004.0;302280.0;3
73;West-Nederland (LD);2019;7950464;1815710;4709629;1425125;5735923;870721;422653;448068;1343820;683004;660816;262773;135547;127226;98928;53506;45422;267373;130225;137148;287136;127632;159504;427608;236095;191513;86137.0;74557.0;70320.0;58411.0;303429.0;303431.0;3
74;West-Nederland (LD);2020;7974527;1808189;4712157;1454181;5732563;883456;430889;452567;1358508;685902;672606;262894;134844;128050;100344;53795;46549;270677;131113;139564;289902;128033;161869;434692;238118;196574;86133.0;75581.0;70512.0;58327.0;304752.0;304668.0;3
75;West-Nederland (LD);2021;7997919;1798178;4717178;1482563;5728952;896044;439126;456918;1372923;688912;684011;262977;134109;128868;101767;54115;47652;273913;132007;141906;292450;128451;163999;441818;240232;201586;86883.0;76723.0;70538.0;58198.0;305729.0;305734.0;3
76;West-Nederland (LD);2022;8021021;1789143;4720011;1511867;5725222;908651;447228;461423;1387148;691840;695308;263008;133331;129677;103163;54408;48755;277218;132849;144369;294732;128786;165946;449027;242467;206560;87123.0;77897.0;70365.0;57997.0;306704.0;306409.0;3
77;West-Nederland (LD);2023;8043470;1781090;4720809;1541571;5721337;921257;455292;465965;1400876;694638;706238;262946;132503;130443;104563;54699;49864;280197;133502;146695;296955;129175;167780;456216;244761;211455;87456.0;79170.0;70140.0;57972.0;307612.0;307241.0;3
78;West-Nederland (LD);2024;8064915;1772192;4721480;1571243;5716813;933752;463002;470750;1414350;697268;717082;262809;131684;131125;105834;54859;50975;283055;134026;149029;299011;129508;169503;463641;247188;216453;87921.0;80661.0;69943.0;57913.0;308187.0;307659.0;3
79;West-Nederland (LD);2025;8085325;1768410;4714764;1602151;5711633;946259;470682;475577;1427433;699684;727749;262546;130708;131838;107257;55156;52101;285650;134444;151206;301049;129821;171228;470930;249548;221382;;;;;;;3
80;Zuid-Nederland (LD);2006;3544813;837163;2180664;526986;2960673;348150;126503;221647;235990;137994;97996;22568;12058;10510;17902;10681;7221;59537;31636;27901;52724;26611;26113;83259;57008;26251;36207.0;31561.0;16878.0;23978.0;117175.0;116364.0;4
81;Zuid-Nederland (LD);2007;3543415;829998;2176669;536748;2958104;346073;125142;220931;239238;137655;101583;23000;12167;10833;17773;10443;7330;60486;31746;28740;53708;26655;27053;84271;56644;27627;35394.0;32178.0;17081.0;23631.0;116881.0;115958.0;4
82;Zuid-Nederland (LD);2008;3541227;821951;2171764;547512;2954323;344323;124116;220207;242581;137466;105115;23499;12349;11150;17651;10243;7408;61316;31806;29510;54669;26690;27979;85446;56378;29068;34933.0;32703.0;17450.0;22960.0;116210.0;115725.0;4
83;Zuid-Nederland (LD);2009;3538663;814060;2164808;559795;2949655;343080;123626;219454;245928;137516;108412;23968;12539;11429;17688;10193;7495;62162;31910;30252;55501;26737;28764;86609;56137;30472;34477.0;33127.0;18152.0;22802.0;116610.0;115628.0;4
84;Zuid-Nederland (LD);2010;3536584;805626;2158399;572559;2944787;342294;123811;218483;249503;137820;111683;24431;12735;11696;17692;10145;7547;62905;31954;30951;56346;26764;29582;88129;56222;31907;34283.0;33700.0;18559.0;22409.0;116491.0;115477.0;4
85;Zuid-Nederland (LD);2011;3534588;795371;2152720;586497;2939720;341887;124436;217451;252981;138182;114799;24979;12972;12007;17669;10064;7605;63577;32013;31564;57131;26796;30335;89625;56337;33288;33900.0;34099.0;18709.0;22458.0;116682.0;115371.0;4
86;Zuid-Nederland (LD);2012;3532178;785300;2140084;606794;2934019;341815;125438;216377;256344;138588;117756;25511;13217;12294;17709;10022;7687;64294;32151;32143;57869;26830;31039;90961;56368;34593;33754.0;34845.0;18906.0;22131.0;116700.0;115339.0;4
87;Zuid-Nederland (LD);2013;3529496;775681;2126891;626924;2927859;341806;126461;215345;259831;139153;120678;26131;13528;12603;17808;10015;7793;64945;32209;32736;58521;26829;31692;92426;56572;35854;34169.0;35297.0;19001.0;21881.0;116428.0;115155.0;4
88;Zuid-Nederland (LD);2014;3527012;767563;2114220;645229;2921731;341975;127578;214397;263306;139863;123443;26671;13800;12871;17932;10098;7834;65592;32309;33283;59078;26827;32251;94033;56829;37204;34209.0;35851.0;18842.0;21739.0;116364.0;114974.0;4
89;Zuid-Nederland (LD);2015;3524123;759364;2102489;662270;2915370;342002;128534;213468;266751;140598;126153;27279;14146;13133;18024;10111;7913;66207;32413;33794;59658;26865;32793;95583;57063;38520;34459.0;36416.0;18713.0;21834.0;116164.0;114727.0;4
90;Zuid-Nederland (LD);2016;3520761;752842;2090667;677252;2908740;341929;129333;212596;270092;141361;128731;27867;14470;13397;18137;10156;7981;66767;32517;34250;60105;26827;33278;97216;57391;39825;34739.0;36862.0;18480.0;21397.0;116002.0;114596.0;4
91;Zuid-Nederland (LD);2017;3517377;747169;2078893;691315;2902107;341668;130009;211659;273602;142291;131311;28560;14881;13679;18182;10155;8027;67339;32601;34738;60428;26769;33659;99093;57885;41208;35165.0;37627.0;18266.0;21320.0;115888.0;114393.0;4
92;Zuid-Nederland (LD);2018;3513608;742062;2066216;705330;2895272;341415;130532;210883;276921;143244;133677;29175;15243;13932;18355;10255;8100;67866;32689;35177;60729;26711;34018;100796;58346;42450;35440.0;38242.0;18042.0;20929.0;115821.0;114315.0;4
93;Zuid-Nederland (LD);2019;3509708;736271;2055410;718027;2888691;340942;130993;209949;280075;144115;135960;29765;15623;14142;18510;10291;8219;68269;32724;35545;61071;26721;34350;102460;58756;43704;35765.0;38728.0;17866.0;20755.0;115471.0;114062.0;4
94;Zuid-Nederland (LD);2020;3505565;731252;2043893;730420;2882064;340168;131211;208957;283333;145025;138308;30324;15950;14374;18664;10333;8331;68763;32810;35953;61299;26664;34635;104283;59268;45015;36360.0;39356.0;17677.0;20525.0;115076.0;113636.0;4
95;Zuid-Nederland (LD);2021;3501484;725994;2032868;742622;2875452;339466;131453;208013;286566;145969;140597;30942;16354;14588;18863;10406;8457;69239;32884;36355;61518;26564;34954;106004;59761;46243;36516.0;39887.0;17378.0;20406.0;114798.0;113296.0;4
96;Zuid-Nederland (LD);2022;3496879;722556;2019279;755044;2868443;338573;131518;207055;289863;147038;142825;31546;16755;14791;19028;10475;8553;69670;32979;36691;61799;26508;35291;107820;60321;47499;36715.0;40474.0;17277.0;19959.0;114465.0;112964.0;4
97;Zuid-Nederland (LD);2023;3492262;719936;2005122;767204;2861377;337819;131670;206149;293066;148002;145064;32159;17132;15027;19254;10574;8680;70124;33080;37044;61977;26404;35573;109552;60812;48740;36977.0;41120.0;17170.0;19644.0;113814.0;112363.0;4
98;Zuid-Nederland (LD);2024;3487421;718698;1989323;779400;2854258;336902;131729;205173;296261;149045;147216;32807;17516;15291;19464;10673;8791;70596;33231;37365;62063;26273;35790;111331;61352;49979;37123.0;41674.0;17145.0;19330.0;113095.0;111777.0;4
99;Zuid-Nederland (LD);2025;3482325;718398;1971843;792084;2846818;335978;131762;204216;299529;150239;149290;33445;17951;15494;19604;10708;8896;71210;33441;37769;62085;26144;35941;113185;61995;51190;;;;;;;4
100;Groningen (PV);2006;573086;128787;359981;84318;501379;39139;16228;22911;32568;20963;11605;6215;3377;2838;4333;2826;1507;4522;2451;2071;1575;751;824;15923;11558;4365;6044.0;5611.0;3869.0;3496.0;26972.0;28003.0;20
101;Groningen (PV);2007;572923;128628;359304;84991;500231;39628;16653;22975;33064;21138;11926;6239;3393;2846;4282;2768;1514;4598;2487;2111;1656;801;855;16289;11689;4600;6072.0;5625.0;4023.0;3506.0;27823.0;27993.0;20
102;Groningen (PV);2008;573763;128698;359024;86041;499752;40261;17183;23078;33750;21395;12355;6317;3418;2899;4252;2745;1507;4691;2524;2167;1767;840;927;16723;11868;4855;6101.0;5731.0;4379.0;3532.0;28256.0;28002.0;20
103;Groningen (PV);2009;575292;129109;358691;87492;499530;41113;17851;23262;34649;21827;12822;6381;3440;2941;4311;2776;1535;4795;2562;2233;1894;897;997;17268;12152;5116;6206.0;5718.0;4668.0;3591.0;28205.0;28000.0;20
104;Groningen (PV);2010;577117;129614;358274;89229;499447;42021;18611;23410;35649;22403;13246;6469;3494;2975;4434;2883;1551;4887;2611;2276;1996;934;1062;17863;12481;5382;6169.0;5716.0;4941.0;3681.0;28202.0;28090.0;20
105;Groningen (PV);2011;579005;129689;358353;90963;499195;43252;19540;23712;36558;22872;13686;6517;3520;2997;4571;2984;1587;4982;2655;2327;2103;976;1127;18385;12737;5648;6218.0;5721.0;5308.0;3731.0;28150.0;28107.0;20
106;Groningen (PV);2012;581169;129885;356689;94595;499022;44555;20598;23957;37592;23456;14136;6566;3541;3025;4715;3095;1620;5086;2698;2388;2193;1015;1178;19032;13107;5925;6342.0;5743.0;5511.0;3952.0;28163.0;28191.0;20
107;Groningen (PV);2013;583344;130365;355124;97855;498805;45923;21726;24197;38616;24002;14614;6629;3564;3065;4850;3200;1650;5193;2754;2439;2291;1050;1241;19653;13434;6219;6404.0;5875.0;5717.0;3971.0;28137.0;28185.0;20
108;Groningen (PV);2014;585620;130938;354296;100386;498651;47290;22881;24409;39679;24558;15121;6662;3569;3093;4975;3287;1688;5316;2803;2513;2379;1098;1281;20347;13801;6546;6450.0;5852.0;5854.0;3974.0;28204.0;28333.0;20
109;Groningen (PV);2015;588002;131456;353834;102712;498559;48694;24039;24655;40749;25119;15630;6729;3590;3139;5116;3387;1729;5435;2857;2578;2476;1132;1344;20993;14153;6840;6482.0;5916.0;6027.0;4107.0;28288.0;28434.0;20
110;Groningen (PV);2016;590384;131969;353567;104848;498362;50081;25187;24894;41941;25804;16137;6797;3636;3161;5243;3488;1755;5561;2905;2656;2577;1162;1415;21763;14613;7150;6561.0;5969.0;6114.0;4190.0;28358.0;28577.0;20
111;Groningen (PV);2017;592710;132787;353011;106912;498132;51519;26361;25158;43059;26431;16628;6860;3660;3200;5399;3611;1788;5636;2950;2686;2671;1195;1476;22493;15015;7478;6565.0;6019.0;6051.0;4200.0;28443.0;28655.0;20
112;Groningen (PV);2018;594946;133396;352309;109241;497983;52806;27395;25411;44157;27063;17094;6914;3685;3229;5549;3714;1835;5748;2995;2753;2789;1253;1536;23157;15416;7741;6547.0;6170.0;6210.0;4264.0;28603.0;28780.0;20
113;Groningen (PV);2019;597140;133915;351889;111336;497769;54064;28397;25667;45307;27689;17618;6986;3724;3262;5661;3803;1858;5827;3037;2790;2939;1318;1621;23894;15807;8087;6630.0;6202.0;6266.0;4421.0;28583.0;28831.0;20
114;Groningen (PV);2020;599215;134450;351482;113283;497362;55345;29282;26063;46508;28404;18104;7058;3755;3303;5777;3895;1882;5927;3079;2848;3106;1389;1717;24640;16286;8354;6592.0;6262.0;6352.0;4344.0;28606.0;28899.0;20
115;Groningen (PV);2021;601299;135013;350830;115456;496799;56719;30238;26481;47781;29233;18548;7110;3758;3352;5916;4034;1882;6044;3152;2892;3244;1450;1794;25467;16839;8628;6524.0;6294.0;6482.0;4300.0;28658.0;29041.0;20
116;Groningen (PV);2022;603392;135647;350229;117516;496193;57976;31164;26812;49223;30090;19133;7194;3782;3412;6134;4204;1930;6198;3242;2956;3391;1494;1897;26306;17368;8938;6538.0;6442.0;6622.0;4452.0;28769.0;29174.0;20
117;Groningen (PV);2023;605322;136497;349478;119347;495495;59199;32051;27148;50628;30969;19659;7261;3802;3459;6394;4416;1978;6349;3328;3021;3515;1558;1957;27109;17865;9244;6466.0;6506.0;6758.0;4440.0;28962.0;29401.0;20
118;Groningen (PV);2024;607208;137423;348529;121256;494738;60322;32947;27375;52148;31924;20224;7267;3797;3470;6763;4730;2033;6493;3411;3082;3656;1608;2048;27969;18378;9591;6534.0;6640.0;6964.0;4445.0;28946.0;29584.0;20
119;Groningen (PV);2025;609037;137882;348036;123119;493670;61632;33922;27710;53735;32900;20835;7325;3786;3539;7106;5015;2091;6631;3483;3148;3794;1674;2120;28879;18942;9937;;;;;;;20
120;Friesland (PV);2006;645238;161878;386954;96406;588775;31026;11713;19313;25437;16917;8520;3120;1600;1520;2101;1328;773;1791;1056;735;2304;1156;1148;16121;11777;4344;7280.0;6027.0;2307.0;1953.0;24901.0;25544.0;21
121;Friesland (PV);2007;646232;160811;387864;97557;588382;31675;11963;19712;26175;17216;8959;3249;1647;1602;2170;1349;821;1863;1090;773;2357;1167;1190;16536;11963;4573;7307.0;6072.0;2400.0;1901.0;24098.0;25569.0;21
122;Friesland (PV);2008;646536;159841;387719;98976;587329;32349;12344;20005;26858;17528;9330;3355;1694;1661;2241;1402;839;1919;1122;797;2422;1184;1238;16921;12126;4795;7201.0;6119.0;2571.0;1964.0;23806.0;25490.0;21
123;Friesland (PV);2009;646574;159146;386573;100855;585878;33113;12791;20322;27583;17850;9733;3436;1735;1701;2316;1448;868;2015;1174;841;2447;1181;1266;17369;12312;5057;7104.0;6095.0;2630.0;1946.0;23779.0;25461.0;21
124;Friesland (PV);2010;646636;158113;385359;103164;584486;33845;13276;20569;28305;18149;10156;3531;1775;1756;2412;1513;899;2077;1214;863;2483;1196;1287;17802;12451;5351;7075.0;6177.0;2856.0;1980.0;23804.0;25501.0;21
125;Friesland (PV);2011;646749;157209;384381;105159;582998;34626;13815;20811;29125;18563;10562;3604;1811;1793;2507;1571;936;2127;1239;888;2544;1222;1322;18343;12720;5623;7167.0;6211.0;2924.0;2001.0;23802.0;25486.0;21
126;Friesland (PV);2012;646992;156188;381626;109178;581570;35494;14457;21037;29928;18903;11025;3735;1875;1860;2589;1636;953;2194;1266;928;2595;1227;1368;18815;12899;5916;7144.0;6232.0;3032.0;2031.0;23837.0;25485.0;21
127;Friesland (PV);2013;647294;155487;379223;112584;580016;36463;15199;21264;30815;19387;11428;3858;1954;1904;2681;1702;979;2237;1282;955;2653;1254;1399;19386;13195;6191;7060.0;6346.0;3077.0;2055.0;23960.0;25490.0;21
128;Friesland (PV);2014;647540;154865;377275;115400;578392;37443;15921;21522;31705;19841;11864;3958;1999;1959;2807;1793;1014;2314;1317;997;2691;1258;1433;19935;13474;6461;7134.0;6324.0;3185.0;2042.0;23921.0;25479.0;21
129;Friesland (PV);2015;647961;154270;375859;117832;576924;38457;16648;21809;32580;20346;12234;4058;2062;1996;2910;1868;1042;2386;1345;1041;2731;1269;1462;20495;13802;6693;7189.0;6394.0;3245.0;2053.0;23980.0;25515.0;21
130;Friesland (PV);2016;648441;153858;374563;120020;575517;39574;17378;22196;33350;20736;12614;4146;2112;2034;2999;1924;1075;2481;1392;1089;2790;1283;1507;20934;14025;6909;7251.0;6491.0;3177.0;2094.0;24096.0;25567.0;21
131;Friesland (PV);2017;648881;153446;373228;122207;574032;40490;18033;22457;34359;21278;13081;4211;2139;2072;3115;2021;1094;2566;1436;1130;2872;1308;1564;21595;14374;7221;7270.0;6531.0;3182.0;2157.0;24161.0;25588.0;21
132;Friesland (PV);2018;649273;153238;371713;124322;572382;41584;18799;22785;35307;21767;13540;4327;2196;2131;3232;2113;1119;2659;1493;1166;2913;1307;1606;22176;14658;7518;7275.0;6608.0;3156.0;2136.0;24292.0;25694.0;21
133;Friesland (PV);2019;649614;152696;370394;126524;570890;42551;19483;23068;36173;22266;13907;4390;2233;2157;3308;2169;1139;2763;1537;1226;2956;1325;1631;22756;15002;7754;7292.0;6699.0;3261.0;2112.0;24317.0;25675.0;21
134;Friesland (PV);2020;650038;152342;369065;128631;569462;43469;20194;23275;37107;22805;14302;4492;2271;2221;3446;2283;1163;2825;1574;1251;2978;1317;1661;23366;15360;8006;7390.0;6757.0;3287.0;2145.0;24417.0;25782.0;21
135;Friesland (PV);2021;650484;151861;367718;130905;568035;44401;20857;23544;38048;23349;14699;4586;2331;2255;3560;2356;1204;2903;1613;1290;3036;1339;1697;23963;15710;8253;7413.0;6876.0;3316.0;2122.0;24426.0;25749.0;21
136;Friesland (PV);2022;650941;151667;366160;133114;566568;45362;21533;23829;39011;23973;15038;4668;2386;2282;3674;2449;1225;2958;1644;1314;3064;1337;1727;24647;16157;8490;7417.0;6962.0;3318.0;2104.0;24497.0;25796.0;21
137;Friesland (PV);2023;651362;151648;364598;135116;564991;46367;22252;24115;40004;24572;15432;4736;2420;2316;3800;2554;1246;3057;1695;1362;3111;1353;1758;25300;16550;8750;7438.0;7055.0;3466.0;2091.0;24582.0;25845.0;21
138;Friesland (PV);2024;651899;151903;362934;137062;563433;47423;23033;24390;41043;25175;15868;4803;2443;2360;3945;2643;1302;3160;1749;1411;3158;1362;1796;25977;16978;8999;7406.0;7118.0;3375.0;2154.0;24756.0;25898.0;21
139;Friesland (PV);2025;652316;151797;361459;139060;561880;48339;23724;24615;42097;25848;16249;4844;2475;2369;4116;2778;1338;3290;1823;1467;3195;1367;1828;26652;17405;9247;;;;;;;21
140;Drenthe (PV);2006;483331;117984;286896;78451;440011;27300;10479;16821;16020;10131;5889;1871;910;961;1138;645;493;1759;944;815;1362;691;671;9890;6941;2949;5156.0;4720.0;1558.0;1919.0;17743.0;17081.0;22
141;Drenthe (PV);2007;484090;117035;287667;79388;440017;27490;10590;16900;16583;10354;6229;1994;957;1037;1180;666;514;1818;969;849;1417;709;708;10174;7053;3121;5051.0;4729.0;1686.0;1894.0;17706.0;17206.0;22
142;Drenthe (PV);2008;484738;116140;287970;80628;439807;27735;10744;16991;17196;10651;6545;2071;993;1078;1225;684;541;1850;972;878;1466;736;730;10584;7266;3318;4979.0;4784.0;1757.0;1951.0;17582.0;17274.0;22
143;Drenthe (PV);2009;485081;115297;287628;82156;439296;28056;10948;17108;17729;10900;6829;2152;1040;1112;1297;728;569;1895;993;902;1524;759;765;10861;7380;3481;4969.0;4841.0;1885.0;1954.0;17705.0;17359.0;22
144;Drenthe (PV);2010;485519;114673;287149;83697;438724;28502;11214;17288;18293;11144;7149;2214;1064;1150;1364;772;592;1943;1019;924;1580;781;799;11192;7508;3684;4880.0;4895.0;2004.0;2008.0;17839.0;17427.0;22
145;Drenthe (PV);2011;485938;113600;287317;85021;438143;28897;11572;17325;18898;11434;7464;2307;1096;1211;1430;825;605;1982;1038;944;1658;805;853;11521;7670;3851;4933.0;4974.0;2049.0;1966.0;17941.0;17497.0;22
146;Drenthe (PV);2012;486467;112774;285621;88072;437467;29459;12029;17430;19541;11776;7765;2369;1130;1239;1484;866;618;2043;1060;983;1706;832;874;11939;7888;4051;4983.0;5007.0;2110.0;2088.0;18015.0;17536.0;22
147;Drenthe (PV);2013;486980;112095;284058;90827;436773;30017;12431;17586;20190;12088;8102;2449;1171;1278;1518;883;635;2135;1098;1037;1782;867;915;12306;8069;4237;5025.0;5095.0;2254.0;2053.0;17988.0;17604.0;22
148;Drenthe (PV);2014;487525;111440;282809;93276;436029;30638;12882;17756;20858;12434;8424;2531;1203;1328;1615;945;670;2193;1126;1067;1829;898;931;12690;8262;4428;5062.0;5094.0;2242.0;2073.0;18098.0;17641.0;22
149;Drenthe (PV);2015;488158;111044;281931;95183;435444;31250;13404;17846;21464;12751;8713;2583;1237;1346;1655;971;684;2242;1152;1090;1870;924;946;13114;8467;4647;5162.0;5099.0;2348.0;2154.0;18055.0;17721.0;22
150;Drenthe (PV);2016;488783;110709;281079;96995;434797;31840;13877;17963;22146;13116;9030;2648;1265;1383;1722;1013;709;2293;1169;1124;1933;962;971;13550;8707;4843;5133.0;5204.0;2431.0;2140.0;18053.0;17712.0;22
151;Drenthe (PV);2017;489377;110386;280282;98709;433993;32594;14481;18113;22790;13436;9354;2737;1312;1425;1799;1040;759;2343;1186;1157;1997;1003;994;13914;8895;5019;5235.0;5284.0;2451.0;2145.0;18152.0;17826.0;22
152;Drenthe (PV);2018;490000;110084;279283;100633;433231;33235;14985;18250;23534;13858;9676;2795;1345;1450;1864;1089;775;2395;1208;1187;2059;1039;1020;14421;9177;5244;5277.0;5312.0;2509.0;2175.0;18119.0;17884.0;22
153;Drenthe (PV);2019;490558;109811;278235;102512;432384;33858;15464;18394;24316;14305;10011;2864;1368;1496;1932;1146;786;2471;1229;1242;2126;1083;1043;14923;9479;5444;5300.0;5428.0;2547.0;2221.0;18194.0;17896.0;22
154;Drenthe (PV);2020;491090;109347;277396;104347;431514;34518;16022;18496;25058;14753;10305;2934;1412;1522;2011;1206;805;2519;1253;1266;2179;1118;1061;15415;9764;5651;5339.0;5470.0;2625.0;2212.0;18188.0;17949.0;22
155;Drenthe (PV);2021;491650;109210;276411;106029;430690;35146;16501;18645;25814;15177;10637;3008;1451;1557;2061;1240;821;2587;1287;1300;2226;1145;1081;15932;10054;5878;5389.0;5502.0;2666.0;2271.0;18224.0;17962.0;22
156;Drenthe (PV);2022;492226;109134;275312;107780;429801;35853;17048;18805;26572;15599;10973;3052;1488;1564;2164;1322;842;2640;1310;1330;2306;1187;1119;16410;10292;6118;5439.0;5630.0;2680.0;2281.0;18223.0;17990.0;22
157;Drenthe (PV);2023;492707;109155;273991;109561;428838;36535;17549;18986;27334;16057;11277;3112;1527;1585;2254;1389;865;2704;1345;1359;2365;1223;1142;16899;10573;6326;5477.0;5657.0;2792.0;2306.0;18235.0;18087.0;22
158;Drenthe (PV);2024;493207;109528;272475;111204;427829;37265;18043;19222;28113;16537;11576;3161;1561;1600;2315;1448;867;2784;1377;1407;2417;1245;1172;17436;10906;6530;5349.0;5760.0;2802.0;2271.0;18327.0;18086.0;22
159;Drenthe (PV);2025;493610;109552;271409;112649;426720;37946;18628;19318;28944;17065;11879;3238;1608;1630;2444;1529;915;2874;1425;1449;2480;1288;1192;17908;11215;6693;;;;;;;22
160;Overijssel (PV);2006;1111346;285626;667420;158300;957140;76980;27297;49683;77226;45586;31640;5520;2758;2762;4041;2385;1656;34297;17808;16489;4330;2095;2235;29038;20540;8498;13653.0;10001.0;4500.0;5599.0;33249.0;33668.0;23
161;Overijssel (PV);2007;1113580;284822;668596;160162;958103;76987;27318;49669;78490;45592;32898;5698;2820;2878;4076;2353;1723;34624;17816;16808;4540;2177;2363;29552;20426;9126;13535.0;10046.0;4563.0;5390.0;33767.0;33562.0;23
162;Overijssel (PV);2008;1116541;284117;669788;162636;959533;77228;27477;49751;79780;45691;34089;5919;2908;3011;4133;2372;1761;34960;17801;17159;4714;2247;2467;30054;20363;9691;13331.0;10210.0;4723.0;5396.0;33866.0;33507.0;23
163;Overijssel (PV);2009;1119430;283480;670199;165751;960641;77595;27789;49806;81194;45853;35341;6133;2999;3134;4203;2401;1802;35267;17794;17473;4928;2317;2611;30663;20342;10321;13184.0;10304.0;4963.0;5421.0;33784.0;33510.0;23
164;Overijssel (PV);2010;1122193;282595;670460;169138;961349;78155;28266;49889;82689;46155;36534;6325;3086;3239;4312;2439;1873;35574;17793;17781;5114;2381;2733;31364;20456;10908;13086.0;10367.0;4988.0;5367.0;33824.0;33505.0;23
165;Overijssel (PV);2011;1124940;281180;671743;172017;962064;78693;28742;49951;84183;46475;37708;6528;3178;3350;4437;2506;1931;35912;17820;18092;5265;2426;2839;32041;20545;11496;13133.0;10585.0;5147.0;5314.0;33809.0;33572.0;23
166;Overijssel (PV);2012;1127623;280015;669355;178253;962658;79376;29353;50023;85589;46718;38871;6716;3239;3477;4528;2552;1976;36134;17778;18356;5471;2509;2962;32740;20640;12100;12960.0;10644.0;5271.0;5249.0;33903.0;33616.0;23
167;Overijssel (PV);2013;1130329;278850;667454;184025;963023;80203;29988;50215;87103;47137;39966;6931;3325;3606;4622;2613;2009;36404;17809;18595;5715;2598;3117;33431;20792;12639;13058.0;10709.0;5184.0;5266.0;33852.0;33610.0;23
168;Overijssel (PV);2014;1132932;277738;666375;188819;963342;80939;30584;50355;88651;47535;41116;7185;3409;3776;4772;2701;2071;36580;17783;18797;5914;2650;3264;34200;20992;13208;13039.0;10908.0;5229.0;5303.0;33904.0;33554.0;23
169;Overijssel (PV);2015;1135415;276629;665948;192838;963501;81743;31179;50564;90171;48048;42123;7371;3497;3874;4886;2789;2097;36767;17801;18966;6162;2736;3426;34985;21225;13760;13110.0;11082.0;5256.0;5246.0;33920.0;33657.0;23
170;Overijssel (PV);2016;1137809;276325;664855;196629;963485;82529;31761;50768;91795;48546;43249;7529;3552;3977;5043;2866;2177;36977;17812;19165;6371;2793;3578;35875;21523;14352;13143.0;11134.0;5113.0;5335.0;34004.0;33749.0;23
171;Overijssel (PV);2017;1139967;275775;663911;200281;963596;83169;32245;50924;93202;48968;44234;7711;3618;4093;5163;2949;2214;37094;17757;19337;6590;2851;3739;36644;21793;14851;13360.0;11348.0;5231.0;5224.0;34004.0;33761.0;23
172;Overijssel (PV);2018;1142314;275362;662646;204306;963824;83830;32799;51031;94660;49441;45219;7939;3709;4230;5304;3007;2297;37227;17747;19480;6798;2905;3893;37392;22073;15319;13508.0;11456.0;5089.0;5214.0;34058.0;33859.0;23
173;Overijssel (PV);2019;1144550;274571;661838;208141;963908;84539;33300;51239;96103;49915;46188;8151;3805;4346;5377;3045;2332;37351;17716;19635;7025;2972;4053;38199;22377;15822;13448.0;11594.0;4994.0;5032.0;34261.0;34005.0;23
174;Overijssel (PV);2020;1146727;273484;661518;211725;964033;85219;33712;51507;97475;50365;47110;8344;3891;4453;5503;3124;2379;37438;17716;19722;7283;3056;4227;38907;22578;16329;13681.0;11748.0;4903.0;5083.0;34234.0;34033.0;23
175;Overijssel (PV);2021;1148782;272049;661199;215534;964007;85864;34030;51834;98911;50814;48097;8542;3990;4552;5668;3203;2465;37574;17698;19876;7471;3105;4366;39656;22818;16838;13786.0;11995.0;4883.0;5086.0;34389.0;34128.0;23
176;Overijssel (PV);2022;1150738;271180;660499;219059;964174;86316;34370;51946;100248;51270;48978;8690;4055;4635;5790;3273;2517;37617;17628;19989;7713;3182;4531;40438;23132;17306;13814.0;12182.0;4799.0;5086.0;34437.0;34096.0;23
177;Overijssel (PV);2023;1152535;270381;659242;222912;964161;86684;34570;52114;101690;51764;49926;8824;4105;4719;5937;3350;2587;37733;17626;20107;7946;3242;4704;41250;23441;17809;13888.0;12351.0;4646.0;5020.0;34371.0;34058.0;23
178;Overijssel (PV);2024;1154127;269870;657470;226787;963977;87123;34872;52251;103027;52276;50751;8985;4181;4804;6048;3387;2661;37859;17648;20211;8142;3297;4845;41993;23763;18230;14035.0;12423.0;4759.0;4971.0;34122.0;34028.0;23
179;Overijssel (PV);2025;1155748;269951;655187;230610;963943;87419;35067;52352;104386;52777;51609;9157;4265;4892;6185;3462;2723;37998;17661;20337;8356;3335;5021;42690;24054;18636;;;;;;;23
180;Flevoland (PV);2006;370111;109447;227848;32816;278016;29900;12367;17533;62195;36850;25345;22383;12718;9665;6129;3920;2209;5506;2970;2536;8637;4351;4286;19540;12891;6649;5393.0;2087.0;2819.0;2570.0;15148.0;14136.0;24
181;Flevoland (PV);2007;374708;109574;231445;33689;279994;30334;12740;17594;64380;37927;26453;23000;13139;9861;6157;3916;2241;5831;3125;2706;9104;4505;4599;20288;13242;7046;5303.0;2131.0;2998.0;2654.0;15404.0;14229.0;24
182;Flevoland (PV);2008;379440;109611;235080;34749;282039;30764;13206;17558;66637;39035;27602;23561;13498;10063;6278;3990;2288;6164;3272;2892;9622;4689;4933;21012;13586;7426;5344.0;2219.0;3282.0;2671.0;16019.0;14395.0;24
183;Flevoland (PV);2009;384844;109770;239024;36050;284313;31418;13817;17601;69113;40397;28716;24217;13927;10290;6452;4110;2342;6511;3460;3051;10145;4878;5267;21788;14022;7766;5407.0;2303.0;3404.0;2744.0;15893.0;14544.0;24
184;Flevoland (PV);2010;389988;110029;242344;37615;286522;32107;14466;17641;71359;41463;29896;24760;14252;10508;6554;4186;2368;6844;3608;3236;10682;5083;5599;22519;14334;8185;5457.0;2360.0;3661.0;2787.0;15907.0;14696.0;24
185;Flevoland (PV);2011;395216;110071;246279;38866;288584;32972;15226;17746;73660;42610;31050;25285;14534;10751;6706;4310;2396;7205;3764;3441;11200;5264;5936;23264;14738;8526;5484.0;2422.0;3896.0;2896.0;16018.0;14852.0;24
186;Flevoland (PV);2012;400475;110025;248780;41670;290525;33937;16065;17872;76013;43812;32201;25745;14848;10897;6913;4450;2463;7582;3926;3656;11739;5472;6267;24034;15116;8918;5563.0;2499.0;4078.0;3002.0;16049.0;15021.0;24
187;Flevoland (PV);2013;405678;110305;251201;44172;292555;34849;16962;17887;78274;44967;33307;26162;15155;11007;7119;4590;2529;7948;4091;3857;12215;5650;6565;24830;15481;9349;5604.0;2566.0;4178.0;3061.0;16119.0;15154.0;24
188;Flevoland (PV);2014;410839;110574;253664;46601;294472;35880;17873;18007;80487;46068;34419;26544;15445;11099;7257;4676;2581;8327;4268;4059;12723;5836;6887;25636;15843;9793;5748.0;2617.0;4287.0;3068.0;16028.0;15305.0;24
189;Flevoland (PV);2015;415954;110856;256214;48884;296450;36890;18780;18110;82614;47136;35478;26959;15731;11228;7419;4787;2632;8667;4429;4238;13187;6011;7176;26382;16178;10204;5748.0;2727.0;4356.0;3114.0;16111.0;15419.0;24
190;Flevoland (PV);2016;420941;111366;258538;51037;298285;37880;19672;18208;84776;48212;36564;27334;15988;11346;7584;4891;2693;9002;4580;4422;13667;6195;7472;27189;16558;10631;5839.0;2822.0;4518.0;3228.0;16100.0;15515.0;24
191;Flevoland (PV);2017;425861;112118;260446;53297;299987;38952;20574;18378;86922;49386;37536;27693;16250;11443;7785;5012;2773;9344;4759;4585;14111;6347;7764;27989;17018;10971;5980.0;2865.0;4587.0;3301.0;16127.0;15683.0;24
192;Flevoland (PV);2018;430738;112728;262290;55720;301731;39995;21385;18610;89012;50406;38606;27983;16469;11514;7962;5092;2870;9699;4908;4791;14580;6518;8062;28788;17419;11369;6018.0;2952.0;4684.0;3325.0;16169.0;15818.0;24
193;Flevoland (PV);2019;435547;113179;264073;58295;303461;41036;22217;18819;91050;51333;39717;28242;16650;11592;8133;5175;2958;10081;5064;5017;15028;6669;8359;29566;17775;11791;6158.0;3029.0;4679.0;3368.0;16153.0;15953.0;24
194;Flevoland (PV);2020;440213;113720;265600;60893;305057;42074;23070;19004;93082;52284;40798;28505;16832;11673;8293;5285;3008;10438;5203;5235;15455;6826;8629;30391;18138;12253;6235.0;3076.0;4712.0;3432.0;16207.0;16077.0;24
195;Flevoland (PV);2021;444823;114160;266976;63687;306773;43123;23854;19269;94927;53163;41764;28742;17009;11733;8420;5336;3084;10764;5334;5430;15868;6985;8883;31133;18499;12634;6288.0;3193.0;4771.0;3355.0;16176.0;16184.0;24
196;Flevoland (PV);2022;449354;114678;268179;66497;308412;44205;24613;19592;96737;53960;42777;28929;17127;11802;8613;5409;3204;11069;5475;5594;16246;7154;9092;31880;18795;13085;6461.0;3277.0;4908.0;3518.0;16079.0;16271.0;24
197;Flevoland (PV);2023;453766;115300;269084;69382;310004;45240;25432;19808;98522;54716;43806;29128;17278;11850;8725;5426;3299;11438;5608;5830;16613;7292;9321;32618;19112;13506;6572.0;3401.0;4924.0;3448.0;15961.0;16374.0;24
198;Flevoland (PV);2024;458032;116091;269785;72156;311424;46328;26271;20057;100280;55454;44826;29292;17384;11908;8911;5469;3442;11761;5761;6000;17007;7426;9581;33309;19414;13895;6631.0;3496.0;4954.0;3492.0;15962.0;16426.0;24
199;Flevoland (PV);2025;462195;116968;270248;74979;312748;47440;27089;20351;102007;56254;45753;29472;17524;11948;9020;5482;3538;12053;5870;6183;17329;7562;9767;34133;19816;14317;;;;;;;24
200;Gelderland (PV);2006;1974324;493005;1197890;283429;1698659;149115;52998;96117;126550;75852;50698;11839;6053;5786;8274;4791;3483;37614;20106;17508;19265;10000;9265;49558;34902;14656;22393.0;17543.0;7416.0;9849.0;72891.0;72569.0;25
201;Gelderland (PV);2007;1977210;490331;1199613;287266;1698399;149551;52955;96596;129260;76402;52858;12330;6257;6073;8328;4793;3535;38037;20043;17994;19805;10058;9747;50761;35253;15508;21973.0;17682.0;7688.0;9639.0;71902.0;72412.0;25
202;Gelderland (PV);2008;1979203;487183;1200275;291745;1697324;149980;53078;96902;131899;76958;54941;12720;6428;6292;8401;4767;3634;38485;20075;18410;20301;10080;10221;51993;35609;16384;21800.0;17708.0;7919.0;9554.0;71971.0;72497.0;25
203;Gelderland (PV);2009;1981269;484484;1199282;297503;1696058;150642;53433;97209;134569;77511;57058;13164;6576;6588;8460;4788;3672;38946;20090;18856;20769;10138;10631;53230;35918;17312;21586.0;18013.0;8048.0;9437.0;71794.0;72510.0;25
204;Gelderland (PV);2010;1982867;481275;1197779;303813;1694278;151353;53820;97533;137236;78100;59136;13616;6756;6860;8617;4848;3769;39310;20106;19204;21206;10180;11026;54487;36209;18278;21473.0;18170.0;8257.0;9307.0;71679.0;72413.0;25
205;Gelderland (PV);2011;1984512;477423;1197939;309150;1692257;152428;54540;97888;139827;78803;61024;14015;6929;7086;8695;4895;3800;39611;20091;19520;21619;10219;11400;55888;36670;19218;21267.0;18439.0;8398.0;9385.0;71832.0;72459.0;25
206;Gelderland (PV);2012;1985890;473207;1190953;321730;1690006;153432;55368;98064;142452;79454;62998;14417;7104;7313;8835;4954;3881;39903;20056;19847;22029;10263;11766;57266;37077;20189;21235.0;18526.0;8496.0;9352.0;71813.0;72483.0;25
207;Gelderland (PV);2013;1987225;469660;1184307;333258;1687522;154611;56271;98340;145092;80192;64900;14880;7258;7622;9026;5052;3974;40137;20010;20127;22397;10300;12097;58652;37570;21082;21354.0;18894.0;8615.0;9215.0;71859.0;72578.0;25
208;Gelderland (PV);2014;1988506;466243;1179295;342968;1685125;155730;57203;98527;147651;80903;66748;15312;7413;7899;9169;5105;4064;40379;19981;20398;22814;10368;12446;59977;38036;21941;21378.0;19013.0;8565.0;9368.0;71810.0;72556.0;25
209;Gelderland (PV);2015;1989474;462876;1175222;351376;1682538;156863;58127;98736;150073;81594;68479;15667;7524;8143;9295;5161;4134;40659;19974;20685;23120;10397;12723;61332;38539;22793;21429.0;19223.0;8502.0;9268.0;71774.0;72450.0;25
210;Gelderland (PV);2016;1990366;460202;1171274;358890;1680162;157777;58975;98802;152427;82330;70097;16043;7640;8403;9485;5279;4206;40858;19943;20915;23379;10440;12939;62662;39028;23634;21441.0;19642.0;8403.0;9099.0;71868.0;72468.0;25
211;Gelderland (PV);2017;1991005;457839;1166871;366295;1677593;158678;59749;98929;154734;83016;71718;16414;7794;8620;9702;5362;4340;41010;19893;21117;23614;10457;13157;63995;39511;24484;21591.0;19715.0;8447.0;9190.0;71895.0;72509.0;25
212;Gelderland (PV);2018;1991668;455625;1161742;374301;1674753;159687;60641;99046;157228;83904;73324;16773;7936;8837;9878;5494;4384;41205;19879;21326;23858;10478;13380;65515;40118;25397;21711.0;19997.0;8315.0;9195.0;72030.0;72466.0;25
213;Gelderland (PV);2019;1992217;452585;1157986;381646;1672241;160401;61285;99116;159575;84831;74744;17129;8096;9033;10095;5633;4462;41341;19861;21480;24098;10510;13588;66913;40734;26179;21898.0;20238.0;8302.0;8986.0;72087.0;72641.0;25
214;Gelderland (PV);2020;1992804;449856;1153973;388975;1669677;161184;62020;99164;161943;85785;76158;17476;8257;9219;10327;5759;4568;41481;19822;21659;24301;10528;13773;68358;41419;26939;21977.0;20634.0;8153.0;8914.0;72197.0;72634.0;25
215;Gelderland (PV);2021;1993134;446667;1150397;396070;1667063;161734;62628;99106;164337;86639;77698;17740;8323;9417;10580;5908;4672;41551;19745;21806;24543;10550;13993;69924;42114;27810;21968.0;20930.0;8113.0;8848.0;72289.0;72595.0;25
216;Gelderland (PV);2022;1993325;444159;1145787;403379;1664410;162422;63251;99171;166493;87405;79088;18087;8457;9630;10807;6022;4785;41582;19656;21926;24734;10542;14192;71283;42728;28555;22215.0;21163.0;8117.0;8752.0;72101.0;72574.0;25
217;Gelderland (PV);2023;1993457;442214;1140984;410259;1661604;163019;63766;99253;168834;88366;80468;18429;8623;9806;11026;6131;4895;41601;19582;22019;24893;10509;14384;72885;43521;29364;22235.0;21551.0;8128.0;8732.0;72074.0;72242.0;25
218;Gelderland (PV);2024;1993530;441055;1135155;417320;1658828;163637;64364;99273;171065;89206;81859;18763;8737;10026;11315;6327;4988;41605;19454;22151;25110;10538;14572;74272;44150;30122;22233.0;21935.0;8031.0;8542.0;72219.0;72154.0;25
219;Gelderland (PV);2025;1993557;440461;1128420;424676;1655930;164334;64953;99381;173293;89919;83374;19080;8836;10244;11551;6434;5117;41637;19336;22301;25273;10521;14752;75753;44793;30960;;;;;;;25
220;Utrecht (PV);2006;1173190;295777;728636;148777;946226;95995;36718;59277;130969;74765;56204;18548;9989;8559;7804;4229;3575;24501;13148;11353;43214;22879;20335;36902;24520;12382;15100.0;9251.0;5920.0;7123.0;49902.0;49095.0;26
221;Utrecht (PV);2007;1178722;297150;731018;150554;948542;96473;37010;59463;133707;75261;58446;18934;10094;8840;7881;4237;3644;24836;13205;11631;44129;22873;21256;37927;24852;13075;14947.0;9345.0;6117.0;7133.0;49663.0;49004.0;26
222;Utrecht (PV);2008;1184013;298292;733029;152692;950205;97062;37366;59696;136746;75881;60865;19379;10218;9161;8029;4320;3709;25181;13247;11934;45136;22913;22223;39021;25183;13838;14807.0;9354.0;6304.0;7120.0;49721.0;48950.0;26
223;Utrecht (PV);2009;1189484;299517;734320;155647;952260;97801;37881;59920;139423;76305;63118;19748;10313;9435;8144;4354;3790;25498;13269;12229;45974;22863;23111;40059;25506;14553;14677.0;9506.0;6525.0;7162.0;47837.0;48896.0;26
224;Utrecht (PV);2010;1193026;299785;734185;159056;952549;98657;38438;60219;141820;76520;65300;20093;10406;9687;8303;4425;3878;25796;13278;12518;46691;22777;23914;40937;25634;15303;14664.0;9559.0;6591.0;7246.0;47960.0;48848.0;26
225;Utrecht (PV);2011;1196641;299784;735478;161379;953049;99416;38939;60477;144176;76823;67353;20295;10392;9903;8489;4499;3990;26057;13295;12762;47385;22719;24666;41950;25918;16032;14382.0;9659.0;6899.0;7031.0;47746.0;48807.0;26
226;Utrecht (PV);2012;1200235;299353;731823;169059;953289;100386;39656;60730;146560;77196;69364;20565;10423;10142;8635;4567;4068;26337;13322;13015;48002;22646;25356;43021;26238;16783;14209.0;9760.0;6913.0;6970.0;47790.0;48708.0;26
227;Utrecht (PV);2013;1203769;298949;729002;175818;953499;101447;40388;61059;148823;77594;71229;20736;10445;10291;8795;4642;4153;26700;13371;13329;48558;22622;25936;44034;26514;17520;14076.0;9793.0;6864.0;7110.0;47935.0;48713.0;26
228;Utrecht (PV);2014;1207087;298468;727052;181567;953818;102333;41145;61188;150936;77976;72960;20846;10463;10383;8845;4641;4204;26916;13369;13547;49134;22593;26541;45195;26910;18285;13897.0;9996.0;6904.0;7071.0;48031.0;48595.0;26
229;Utrecht (PV);2015;1210352;297748;725952;186652;953950;103337;41892;61445;153065;78304;74761;21042;10477;10565;9011;4728;4283;27185;13414;13771;49579;22502;27077;46248;27183;19065;13815.0;10017.0;6889.0;6825.0;47910.0;48610.0;26
230;Utrecht (PV);2016;1213608;297447;724486;191675;954102;104360;42633;61727;155146;78738;76408;21204;10515;10689;9144;4760;4384;27400;13425;13975;50047;22456;27591;47351;27582;19769;13696.0;10204.0;6878.0;6997.0;48225.0;48641.0;26
231;Utrecht (PV);2017;1216670;296826;723676;196168;954334;105359;43475;61884;156977;79061;77916;21350;10528;10822;9257;4807;4450;27636;13457;14179;50374;22346;28028;48360;27923;20437;13626.0;10286.0;6848.0;6897.0;48380.0;48784.0;26
232;Utrecht (PV);2018;1219644;296117;722395;201132;954586;106249;44155;62094;158809;79321;79488;21546;10544;11002;9403;4838;4565;27801;13437;14364;50657;22276;28381;49402;28226;21176;13697.0;10423.0;6790.0;6934.0;48583.0;48943.0;26
233;Utrecht (PV);2019;1222515;294758;721917;205840;954559;107301;44929;62372;160655;79616;81039;21721;10562;11159;9589;4886;4703;28001;13443;14558;50867;22155;28712;50477;28570;21907;13622.0;10569.0;6790.0;6916.0;48857.0;49130.0;26
234;Utrecht (PV);2020;1225275;292914;721796;210565;954526;108032;45462;62570;162717;80113;82604;21899;10579;11320;9729;4931;4798;28266;13481;14785;51104;22081;29023;51719;29041;22678;13611.0;10838.0;6748.0;7006.0;49346.0;49344.0;26
235;Utrecht (PV);2021;1227900;290529;722313;215058;954394;108894;46051;62843;164612;80630;83982;22070;10595;11475;9919;5016;4903;28420;13484;14936;51264;22023;29241;52939;29512;23427;13484.0;10982.0;6778.0;6748.0;49526.0;49596.0;26
236;Utrecht (PV);2022;1230455;288187;722469;219799;954233;109703;46580;63123;166519;81093;85426;22256;10583;11673;10172;5145;5027;28575;13481;15094;51381;21970;29411;54135;29914;24221;13571.0;11203.0;6657.0;6753.0;49873.0;49752.0;26
237;Utrecht (PV);2023;1232936;286121;721957;224858;954125;110552;47242;63310;168259;81534;86725;22377;10535;11842;10347;5213;5134;28718;13455;15263;51502;21928;29574;55315;30403;24912;13587.0;11379.0;6687.0;6696.0;49847.0;49830.0;26
238;Utrecht (PV);2024;1235257;283929;721332;229996;953865;111253;47790;63463;170139;82032;88107;22539;10547;11992;10589;5321;5268;28867;13415;15452;51470;21829;29641;56674;30920;25754;13714.0;11649.0;6923.0;7017.0;50133.0;49987.0;26
239;Utrecht (PV);2025;1237474;282436;719781;235257;953466;112085;48329;63756;171923;82471;89452;22714;10514;12200;10837;5446;5391;28977;13382;15595;51485;21711;29774;57910;31418;26492;;;;;;;26
240;Noord-Holland (PV);2006;2604282;617358;1628379;358545;1919677;272898;124181;148717;411707;240874;170833;97158;55105;42053;22935;13275;9660;72810;40167;32643;86757;46189;40568;132047;86138;45909;31174.0;22659.0;21813.0;21587.0;101471.0;100251.0;27
241;Noord-Holland (PV);2007;2614359;621432;1630171;362756;1922935;275199;125249;149950;416225;239417;176808;97071;54343;42728;22926;13097;9829;73943;40278;33665;88507;46204;42303;133778;85495;48283;30588.0;22857.0;22524.0;21391.0;100715.0;99946.0;27
242;Noord-Holland (PV);2008;2624115;624189;1631945;367981;1925539;277971;126805;151166;420605;238246;182359;96942;53599;43343;23037;13019;10018;75043;40443;34600;90143;46230;43913;135440;84955;50485;29954.0;22927.0;23197.0;21248.0;100233.0;99860.0;27
243;Noord-Holland (PV);2009;2633594;625914;1632176;375504;1927750;280977;128816;152161;424867;237270;187597;96670;52825;43845;23170;13005;10165;76108;40570;35538;91748;46289;45459;137171;84581;52590;29492.0;23135.0;23899.0;21062.0;102893.0;99854.0;27
244;Noord-Holland (PV);2010;2645975;627775;1633626;384574;1931113;285007;131569;153438;429855;237016;192839;96654;52231;44423;23527;13190;10337;77225;40744;36481;93346;46421;46925;139103;84430;54673;28877.0;23313.0;24492.0;21178.0;103469.0;100203.0;27
245;Noord-Holland (PV);2011;2658250;627589;1639722;390939;1934030;289389;134780;154609;434831;236784;198047;96695;51751;44944;23863;13309;10554;78297;40900;37397;94902;46531;48371;141074;84293;56781;28624.0;23524.0;25031.0;21187.0;103705.0;100412.0;27
246;Noord-Holland (PV);2012;2670639;627324;1633738;409577;1936618;294301;138252;156049;439720;236903;202817;96715;51327;45388;24171;13475;10696;79318;41086;38232;96385;46622;49763;143131;84393;58738;28396.0;23808.0;25564.0;21246.0;103907.0;100628.0;27
247;Noord-Holland (PV);2013;2682954;626898;1629623;426433;1938795;299579;142107;157472;444580;237036;207544;96705;50875;45830;24516;13629;10887;80177;41210;38967;97833;46723;51110;145349;84599;60750;28055.0;24014.0;25984.0;21490.0;104201.0;100930.0;27
248;Noord-Holland (PV);2014;2694923;626318;1628497;440108;1940583;304810;145956;158854;449530;237508;212022;96741;50459;46282;24917;13830;11087;81137;41401;39736;99124;46812;52312;147611;85006;62605;28092.0;24281.0;26133.0;21486.0;104462.0;101302.0;27
249;Noord-Holland (PV);2015;2706723;625800;1628485;452438;1942234;309808;149632;160176;454681;238106;216575;96819;50098;46721;25352;14033;11319;82084;41565;40519;100432;46922;53510;149994;85488;64506;28022.0;24638.0;26238.0;21412.0;104763.0;101567.0;27
250;Noord-Holland (PV);2016;2718304;625693;1628680;463931;1943510;314856;153243;161613;459938;238936;221002;96968;49763;47205;25758;14231;11527;83040;41744;41296;101596;47044;54552;152576;86154;66422;28211.0;24944.0;26421.0;21618.0;105268.0;102036.0;27
251;Noord-Holland (PV);2017;2729774;625500;1630134;474140;1944835;319839;156670;163169;465100;239721;225379;97066;49456;47610;26129;14400;11729;83952;41907;42045;102817;47155;55662;155136;86803;68333;28169.0;25170.0;26446.0;21510.0;105408.0;102501.0;27
252;Noord-Holland (PV);2018;2740799;624518;1631191;485090;1946062;324549;159923;164626;470188;240713;229475;97032;49140;47892;26571;14594;11977;84828;42086;42742;103913;47255;56658;157844;87638;70206;28594.0;25568.0;26753.0;21670.0;105822.0;103060.0;27
253;Noord-Holland (PV);2019;2751840;622907;1633535;495398;1946916;329359;163226;166133;475565;241952;233613;97082;48859;48223;27136;14873;12263;85715;42265;43450;104880;47333;57547;160752;88622;72130;28849.0;25988.0;26893.0;21869.0;106412.0;103617.0;27
254;Noord-Holland (PV);2020;2762724;620879;1636084;505761;1947920;334199;166468;167731;480605;243035;237570;97191;48577;48614;27628;15085;12543;86507;42442;44065;105775;47420;58355;163504;89511;73993;28943.0;26367.0;27202.0;21837.0;106889.0;104366.0;27
255;Noord-Holland (PV);2021;2773386;617639;1639837;515910;1948725;338828;169747;169081;485833;244175;241658;97354;48327;49027;28215;15320;12895;87349;42641;44708;106704;47545;59159;166211;90342;75869;29323.0;26769.0;27333.0;21914.0;107241.0;104944.0;27
256;Noord-Holland (PV);2022;2783882;614998;1642490;526394;1949485;343357;172932;170425;491040;245486;245554;97469;48092;49377;28742;15570;13172;88188;42799;45389;107471;47615;59856;169170;91410;77760;29303.0;27172.0;27537.0;21748.0;107530.0;105415.0;27
257;Noord-Holland (PV);2023;2794126;612443;1644648;537035;1950120;348089;176170;171919;495917;246615;249302;97503;47794;49709;29392;15870;13522;88900;42893;46007;108200;47691;60509;171922;92367;79555;29656.0;27819.0;27645.0;21906.0;108049.0;105956.0;27
258;Noord-Holland (PV);2024;2804011;609693;1646531;547787;1950051;352897;179343;173554;501063;247884;253179;97570;47544;50026;30052;16167;13885;89555;42944;46611;108922;47713;61209;174964;93516;81448;30011.0;28300.0;27522.0;21918.0;108278.0;106404.0;27
259;Noord-Holland (PV);2025;2813403;608385;1646055;558963;1949903;357479;182469;175010;506021;249025;256996;97554;47257;50297;30689;16493;14196;90225;42997;47228;109558;47691;61867;177995;94587;83408;;;;;;;27
260;Zuid-Holland (PV);2006;3470852;847513;2136196;487143;2569349;318163;146126;172037;583340;345491;237849;139479;81165;58314;52578;34230;18348;119161;64155;55006;99858;52103;47755;172264;113838;58426;40838.0;31221.0;28210.0;28452.0;135506.0;137162.0;28
261;Zuid-Holland (PV);2007;3478803;846387;2141141;491275;2567123;320953;147268;173685;590727;343575;247152;139904;80512;59392;52374;33249;19125;121714;64649;57065;102488;52385;50103;174248;112783;61465;40328.0;31146.0;29254.0;28292.0;135689.0;136586.0;28
262;Zuid-Holland (PV);2008;3488298;845471;2146828;495999;2565440;324539;149143;175396;598319;342292;256027;140241;79899;60342;52505;32636;19869;124237;65165;59072;104944;52651;52293;176394;111943;64451;39813.0;31361.0;30338.0;28160.0;135606.0;136393.0;28
263;Zuid-Holland (PV);2009;3498384;844036;2150991;503357;2563212;328939;151757;177182;606233;341638;264595;140573;79353;61220;52896;32337;20559;126587;65675;60912;107477;52945;54532;178698;111331;67367;39361.0;31447.0;31416.0;27957.0;134847.0;136370.0;28
264;Zuid-Holland (PV);2010;3508473;841931;2153540;513002;2560610;334006;155178;178828;613857;341357;272500;140668;78782;61886;53428;32192;21236;128984;66293;62691;109932;53241;56691;180846;110853;69993;39218.0;31666.0;32576.0;27978.0;134555.0;136328.0;28
265;Zuid-Holland (PV);2011;3519073;837966;2163133;517974;2557349;340001;159353;180648;621723;341490;280233;140775;78294;62481;54166;32275;21891;131410;66956;64454;112260;53546;58714;183112;110417;72695;38962.0;31774.0;33394.0;27976.0;134540.0;136389.0;28
266;Zuid-Holland (PV);2012;3530071;834161;2153792;542118;2554271;346360;163798;182562;629440;341726;287714;140823;77729;63094;54869;32297;22572;133717;67615;66102;114480;53849;60631;185550;110235;75315;38950.0;31949.0;33982.0;27975.0;134589.0;136461.0;28
267;Zuid-Holland (PV);2013;3541450;830858;2148204;562388;2551470;353077;168737;184340;636903;342017;294886;140780;77180;63600;55515;32290;23225;136017;68320;67697;116557;54113;62444;188034;110112;77922;38778.0;32157.0;34310.0;28112.0;134717.0;136489.0;28
268;Zuid-Holland (PV);2014;3552754;827891;2145681;579182;2548051;360266;173612;186654;644437;342554;301883;140827;76767;64060;56213;32289;23924;138286;69019;69267;118601;54417;64184;190511;110060;80451;38837.0;32480.0;34483.0;28164.0;134690.0;136441.0;28
269;Zuid-Holland (PV);2015;3563894;825021;2145292;593581;2544616;367415;178450;188965;651863;343286;308577;140724;76264;64460;56881;32283;24598;140487;69677;70810;120506;54715;65791;193264;110345;82919;38957.0;32729.0;34415.0;28283.0;135027.0;136567.0;28
270;Zuid-Holland (PV);2016;3574961;823179;2145018;606764;2541406;374355;183083;191272;659200;344029;315171;140609;75817;64792;57561;32275;25286;142717;70386;72331;122360;54996;67364;195952;110553;85399;39233.0;32967.0;34621.0;28176.0;134853.0;136661.0;28
271;Zuid-Holland (PV);2017;3586119;822016;2144885;619218;2538248;381249;187425;193824;666622;345088;321534;140382;75281;65101;58367;32357;26010;144995;71146;73849;124171;55402;68769;198706;110900;87806;39144.0;33376.0;34597.0;28255.0;135474.0;136886.0;28
272;Zuid-Holland (PV);2018;3597098;820132;2144364;632602;2535130;388013;191684;196329;673955;346129;327826;140334;74850;65484;59020;32355;26665;147226;71865;75361;125832;55720;70112;201542;111340;90202;39258.0;33595.0;34637.0;28170.0;135851.0;137191.0;28
273;Zuid-Holland (PV);2019;3608161;817288;2145494;645379;2532051;394971;195974;198997;681139;347251;333888;140248;74383;65865;59708;32399;27309;149460;72645;76815;127347;55958;71389;204374;111867;92507;39475.0;34189.0;34645.0;28095.0;136435.0;137627.0;28
274;Zuid-Holland (PV);2020;3619051;813816;2146968;658267;2528997;402034;200353;201681;688020;348210;339810;140011;73921;66090;60473;32419;28054;151663;73303;78360;128753;56178;72575;207121;112390;94731;39404.0;34589.0;34596.0;27990.0;136825.0;137906.0;28
275;Zuid-Holland (PV);2021;3629632;809696;2148940;670996;2525821;409066;204629;204437;694745;349269;345476;139719;73416;66303;61075;32405;28670;153871;73988;79883;130011;56371;73640;210071;113091;96980;39815.0;35100.0;34458.0;28068.0;137348.0;138193.0;28
276;Zuid-Holland (PV);2022;3640158;805744;2150271;684143;2522698;416276;208892;207384;701184;350091;351093;139382;72849;66533;61653;32297;29356;156115;74653;81462;131190;56535;74655;212844;113758;99086;40035.0;35607.0;34198.0;28049.0;137638.0;138245.0;28
277;Zuid-Holland (PV);2023;3650372;802192;2151001;697179;2519495;423211;212937;210274;707666;350935;356731;139122;72363;66759;62198;32208;29990;158187;75218;82969;132313;56680;75633;215847;114468;101379;39932.0;36037.0;33724.0;27854.0;138183.0;138540.0;28
278;Zuid-Holland (PV);2024;3660057;797984;2151900;710173;2516472;430090;216848;213242;713495;351496;361999;138728;71778;66950;62549;31968;30581;160174;75728;84446;133387;56855;76532;218657;115164;103493;39909.0;36722.0;33413.0;27502.0;138246.0;138372.0;28
279;Zuid-Holland (PV);2025;3669300;796983;2148494;723823;2513111;437051;220781;216270;719138;351953;367185;138245;71102;67143;63042;31795;31247;161938;76110;85828;134396;57019;77377;221516;115920;105596;;;;;;;28
280;Zeeland (PV);2006;377627;91256;222502;63869;320569;38630;17570;21060;18428;10989;7439;2696;1425;1271;1830;1072;758;3330;1641;1689;2158;1062;1096;8414;5789;2625;3964.0;3674.0;1740.0;1752.0;11977.0;13060.0;29
281;Zeeland (PV);2007;376846;90305;222245;64296;319309;38430;17460;20970;19107;11219;7888;2817;1482;1335;1870;1074;796;3433;1658;1775;2251;1105;1146;8736;5900;2836;3905.0;3726.0;1785.0;1687.0;11887.0;13069.0;29
282;Zeeland (PV);2008;375961;89353;221812;64796;317953;38369;17469;20900;19639;11375;8264;2897;1519;1378;1905;1083;822;3522;1684;1838;2355;1149;1206;8960;5940;3020;3841.0;3734.0;1852.0;1723.0;11908.0;13083.0;29
283;Zeeland (PV);2009;375038;88347;221072;65619;316442;38319;17489;20830;20277;11615;8662;2990;1555;1435;1970;1110;860;3592;1709;1883;2459;1189;1270;9266;6052;3214;3865.0;3700.0;1935.0;1708.0;11934.0;13150.0;29
284;Zeeland (PV);2010;374218;87445;220092;66681;314956;38290;17505;20785;20972;11881;9091;3093;1574;1519;2019;1131;888;3685;1730;1955;2583;1242;1341;9592;6204;3388;3817.0;3694.0;1981.0;1635.0;11889.0;13131.0;29
285;Zeeland (PV);2011;373472;86319;219558;67595;313531;38369;17567;20802;21572;12098;9474;3163;1589;1574;2088;1168;920;3765;1756;2009;2703;1305;1398;9853;6280;3573;3860.0;3703.0;1979.0;1629.0;11916.0;13190.0;29
286;Zeeland (PV);2012;372717;85290;217684;69743;312013;38506;17709;20797;22198;12355;9843;3242;1616;1626;2169;1205;964;3837;1782;2055;2818;1366;1452;10132;6386;3746;3860.0;3661.0;2076.0;1702.0;11883.0;13181.0;29
287;Zeeland (PV);2013;372006;84339;216024;71643;310473;38716;17874;20842;22817;12593;10224;3323;1631;1692;2207;1232;975;3906;1803;2103;2985;1466;1519;10396;6461;3935;3842.0;3643.0;2024.0;1617.0;11900.0;13187.0;29
288;Zeeland (PV);2014;371338;83621;214473;73244;309085;38883;18114;20769;23370;12769;10601;3395;1642;1753;2244;1240;1004;3974;1825;2149;3142;1558;1584;10615;6504;4111;3897.0;3731.0;2043.0;1660.0;11855.0;13187.0;29
289;Zeeland (PV);2015;370582;82744;213385;74453;307586;38970;18239;20731;24026;13050;10976;3473;1674;1799;2317;1275;1042;4019;1830;2189;3307;1666;1641;10910;6605;4305;3997.0;3766.0;2022.0;1678.0;11842.0;13166.0;29
290;Zeeland (PV);2016;369847;82249;212049;75549;306211;39077;18349;20728;24559;13308;11251;3546;1707;1839;2370;1309;1061;4038;1834;2204;3482;1784;1698;11123;6674;4449;3968.0;3717.0;1949.0;1642.0;11832.0;13137.0;29
291;Zeeland (PV);2017;369114;81591;210996;76527;304857;39063;18393;20670;25194;13602;11592;3623;1727;1896;2425;1321;1104;4089;1853;2236;3653;1906;1747;11404;6795;4609;4119.0;3818.0;2067.0;1590.0;11779.0;13125.0;29
292;Zeeland (PV);2018;368578;81264;209837;77477;303583;39159;18531;20628;25836;13899;11937;3673;1732;1941;2475;1347;1128;4142;1876;2266;3853;2034;1819;11693;6910;4783;4060.0;3837.0;2021.0;1564.0;11748.0;13086.0;29
293;Zeeland (PV);2019;367948;80757;208683;78508;302397;39090;18524;20566;26461;14185;12276;3722;1743;1979;2495;1348;1147;4197;1872;2325;4042;2186;1856;12005;7036;4969;4191.0;3811.0;1992.0;1531.0;11725.0;13057.0;29
294;Zeeland (PV);2020;367477;80580;207309;79588;301120;39191;18606;20585;27166;14544;12622;3793;1767;2026;2514;1360;1154;4241;1887;2354;4270;2354;1916;12348;7176;5172;4175.0;3787.0;1966.0;1494.0;11692.0;13052.0;29
295;Zeeland (PV);2021;367001;80314;206088;80599;300012;39256;18699;20557;27733;14838;12895;3834;1771;2063;2558;1374;1184;4273;1894;2379;4471;2512;1959;12597;7287;5310;4261.0;3872.0;1969.0;1468.0;11614.0;13001.0;29
296;Zeeland (PV);2022;366526;80214;204781;81531;298806;39315;18824;20491;28405;15170;13235;3901;1807;2094;2596;1396;1200;4340;1916;2424;4690;2666;2024;12878;7385;5493;4214.0;3915.0;1973.0;1447.0;11663.0;12997.0;29
297;Zeeland (PV);2023;366036;80334;203203;82499;297597;39405;18943;20462;29034;15554;13480;3944;1811;2133;2626;1408;1218;4392;1936;2456;4940;2876;2064;13132;7523;5609;4281.0;3935.0;2084.0;1516.0;11533.0;12915.0;29
298;Zeeland (PV);2024;365590;80586;201717;83287;296425;39512;19021;20491;29653;15856;13797;3972;1815;2157;2644;1403;1241;4459;1939;2520;5232;3111;2121;13346;7588;5758;4287.0;3990.0;2085.0;1476.0;11530.0;12896.0;29
299;Zeeland (PV);2025;365148;80606;200434;84108;295153;39644;19103;20541;30351;16235;14116;4033;1835;2198;2689;1422;1267;4510;1955;2555;5610;3400;2210;13509;7623;5886;;;;;;;29
300;Noord-Brabant (PV);2006;2413141;585318;1485218;342605;2049557;186943;70014;116929;176641;102045;74596;19247;10396;8851;14294;8495;5799;47572;24966;22606;36219;17988;18231;59309;40200;19109;26099.0;20171.0;10961.0;14609.0;78167.0;77845.0;30
301;Noord-Brabant (PV);2007;2415916;581779;1484590;349547;2049286;187494;70117;117377;179136;101848;77288;19514;10434;9080;14157;8272;5885;48216;25024;23192;36954;18008;18946;60295;40110;20185;25536.0;20619.0;11091.0;14495.0;78380.0;77643.0;30
302;Noord-Brabant (PV);2008;2418310;577743;1483535;357032;2048464;188175;70444;117731;181671;101762;79909;19871;10551;9320;13997;8074;5923;48751;25031;23720;37675;18031;19644;61377;40075;21302;25170.0;21057.0;11324.0;14229.0;77893.0;77614.0;30
303;Noord-Brabant (PV);2009;2419954;573744;1480340;365870;2046890;188899;70871;118028;184165;101811;82354;20167;10648;9519;14009;8028;5981;49332;25118;24214;38305;18058;20247;62352;39959;22393;24902.0;21355.0;11836.0;14194.0;78390.0;77609.0;30
304;Noord-Brabant (PV);2010;2422092;569127;1477776;375189;2045229;190001;71806;118195;186862;102081;84781;20461;10748;9713;13979;7979;6000;49814;25120;24694;38962;18108;20854;63646;40126;23520;24701.0;21691.0;12280.0;14003.0;78348.0;77674.0;30
305;Noord-Brabant (PV);2011;2424226;563388;1475778;385060;2043495;191256;72900;118356;189475;102382;87093;20841;10898;9943;13965;7915;6050;50203;25107;25096;39549;18135;21414;64917;40327;24590;24376.0;22014.0;12306.0;14119.0;78680.0;77761.0;30
306;Noord-Brabant (PV);2012;2425843;557499;1468833;399511;2041350;192601;74178;118423;191892;102628;89264;21190;11026;10164;13966;7861;6105;50635;25172;25463;40116;18195;21921;65985;40374;25611;24363.0;22432.0;12553.0;13994.0;78755.0;77786.0;30
307;Noord-Brabant (PV);2013;2427479;551610;1462078;413791;2038774;194240;75541;118699;194465;103058;91407;21604;11215;10389;14038;7853;6185;51042;25165;25877;40597;18195;22402;67184;40630;26554;24596.0;22863.0;12650.0;13828.0;78657.0;77802.0;30
308;Noord-Brabant (PV);2014;2429056;546939;1455196;426921;2036079;195887;77008;118879;197090;103689;93401;21946;11375;10571;14144;7930;6214;51433;25198;26235;40996;18210;22786;68571;40976;27595;24526.0;23310.0;12631.0;13831.0;78846.0;77869.0;30
309;Noord-Brabant (PV);2015;2430209;541849;1449551;438809;2033228;197361;78273;119088;199620;104188;95432;22369;11607;10762;14172;7897;6275;51792;25232;26560;41451;18255;23196;69836;41197;28639;24706.0;23632.0;12640.0;13901.0;78691.0;77802.0;30
310;Noord-Brabant (PV);2016;2431106;537971;1443786;449349;2030134;198901;79514;119387;202071;104771;97300;22754;11802;10952;14201;7888;6313;52107;25273;26834;41812;18243;23569;71197;41565;29632;24961.0;23964.0;12492.0;13729.0;78681.0;77803.0;30
311;Noord-Brabant (PV);2017;2431902;534494;1438484;458924;2027119;200127;80572;119555;204656;105442;99214;23231;12066;11165;14162;7853;6309;52461;25313;27148;42098;18224;23874;72704;41986;30718;25165.0;24464.0;12456.0;13784.0;78734.0;77810.0;30
312;Noord-Brabant (PV);2018;2432360;531175;1432531;468654;2023634;201512;81517;119995;207214;106240;100974;23618;12292;11326;14273;7924;6349;52787;25375;27412;42400;18211;24189;74136;42438;31698;25341.0;24912.0;12327.0;13549.0;78746.0;77929.0;30
313;Noord-Brabant (PV);2019;2432573;527563;1427736;477274;2020454;202670;82464;120206;209449;106811;102638;23981;12521;11460;14346;7936;6410;53008;25370;27638;42666;18213;24453;75448;42771;32677;25636.0;25259.0;12297.0;13473.0;78556.0;77852.0;30
314;Noord-Brabant (PV);2020;2432684;524283;1422461;485940;2017280;203557;83199;120358;211847;107455;104392;24323;12707;11616;14488;7979;6509;53250;25386;27864;42889;18202;24687;76897;43181;33716;26044.0;25765.0;12187.0;13433.0;78429.0;77765.0;30
315;Noord-Brabant (PV);2021;2432586;520715;1417506;494365;2013792;204535;83978;120557;214259;108136;106123;24743;12965;11778;14576;7989;6587;53548;25417;28131;43036;18115;24921;78356;43650;34706;26188.0;26088.0;12020.0;13284.0;78308.0;77683.0;30
316;Noord-Brabant (PV);2022;2432251;518351;1410898;503002;2010249;205399;84574;120825;216603;108891;107712;25118;13237;11881;14636;7991;6645;53803;25482;28321;43243;18086;25157;79803;44095;35708;26294.0;26513.0;11945.0;13087.0;78178.0;77541.0;30
317;Noord-Brabant (PV);2023;2431762;516523;1403658;511581;2006614;206266;85154;121112;218882;109575;109307;25553;13507;12046;14749;8000;6749;54047;25527;28520;43376;18037;25339;81157;44504;36653;26522.0;27046.0;12006.0;12847.0;77846.0;77303.0;30
318;Noord-Brabant (PV);2024;2431168;515423;1395621;520124;2002979;206924;85745;121179;221265;110354;110911;25982;13760;12222;14883;8052;6831;54270;25597;28673;43520;17984;25536;82610;44961;37649;26698.0;27381.0;11987.0;12831.0;77382.0;77015.0;30
319;Noord-Brabant (PV);2025;2430229;515253;1385774;529202;1999034;207585;86225;121360;223610;111159;112451;26449;14084;12365;14907;8031;6876;54665;25707;28958;43557;17897;25660;84032;45440;38592;;;;;;;30
320;Limburg (PV);2006;1131672;251845;695446;184381;911116;161207;56489;104718;59349;35949;23400;3321;1662;1659;3608;2186;1422;11965;6670;5295;16505;8623;7882;23950;16808;7142;10108.0;11390.0;5917.0;9369.0;39008.0;38519.0;31
321;Limburg (PV);2007;1127499;248219;692079;187201;908818;158579;55025;103554;60102;35807;24295;3486;1733;1753;3616;2171;1445;12270;6722;5548;16754;8647;8107;23976;16534;7442;9858.0;11559.0;5990.0;9136.0;38501.0;38315.0;31
322;Limburg (PV);2008;1122917;244208;688229;190480;905859;156148;53672;102476;60910;35704;25206;3628;1798;1830;3654;2169;1485;12565;6775;5790;16994;8659;8335;24069;16303;7766;9763.0;11646.0;6126.0;8731.0;38317.0;38111.0;31
323;Limburg (PV);2009;1118709;240316;684468;193925;902765;154181;52755;101426;61763;35705;26058;3801;1891;1910;3679;2165;1514;12830;6792;6038;17196;8679;8517;24257;16178;8079;9575.0;11772.0;6316.0;8608.0;38220.0;38019.0;31
324;Limburg (PV);2010;1114492;236499;680623;197370;899558;152293;52005;100288;62641;35739;26902;3970;1987;1983;3713;2166;1547;13091;6834;6257;17384;8656;8728;24483;16096;8387;9582.0;12009.0;6279.0;8406.0;38143.0;37803.0;31
325;Limburg (PV);2011;1110362;231983;676942;201437;896225;150631;51536;99095;63506;35800;27706;4138;2074;2064;3704;2149;1555;13374;6906;6468;17582;8661;8921;24708;16010;8698;9524.0;12085.0;6403.0;8339.0;38002.0;37610.0;31
326;Limburg (PV);2012;1106335;227801;671251;207283;892669;149214;51260;97954;64452;35960;28492;4321;2191;2130;3743;2161;1582;13659;6979;6680;17753;8635;9118;24976;15994;8982;9391.0;12413.0;6353.0;8137.0;37945.0;37553.0;31
327;Limburg (PV);2013;1102017;224071;664813;213133;889085;147566;50920;96646;65366;36095;29271;4527;2313;2214;3770;2162;1608;13903;7044;6859;17924;8634;9290;25242;15942;9300;9573.0;12434.0;6351.0;8053.0;37771.0;37353.0;31
328;Limburg (PV);2014;1097956;220624;659024;218308;885652;146088;50570;95518;66216;36174;30042;4725;2425;2300;3788;2168;1620;14159;7111;7048;18082;8617;9465;25462;15853;9609;9683.0;12541.0;6211.0;7908.0;37518.0;37105.0;31
329;Limburg (PV);2015;1093914;217515;652938;223461;882142;144641;50261;94380;67131;36410;30721;4910;2539;2371;3852;2214;1638;14415;7181;7234;18207;8610;9597;25747;15866;9881;9753.0;12784.0;6073.0;7933.0;37473.0;36925.0;31
330;Limburg (PV);2016;1089655;214871;646881;227903;878606;143028;49819;93209;68021;36590;31431;5113;2668;2445;3936;2268;1668;14660;7244;7416;18293;8584;9709;26019;15826;10193;9778.0;12898.0;5988.0;7668.0;37321.0;36793.0;31
331;Limburg (PV);2017;1085475;212675;640409;232391;874988;141541;49437;92104;68946;36849;32097;5329;2815;2514;4020;2302;1718;14878;7288;7590;18330;8545;9785;26389;15899;10490;10000.0;13163.0;5810.0;7536.0;37154.0;36583.0;31
332;Limburg (PV);2018;1081248;210887;633685;236676;871638;139903;49015;90888;69707;37004;32703;5557;2951;2606;4082;2331;1751;15079;7314;7765;18329;8500;9829;26660;15908;10752;10099.0;13330.0;5715.0;7380.0;37075.0;36386.0;31
333;Limburg (PV);2019;1077135;208708;627674;240753;868237;138272;48529;89743;70626;37304;33322;5784;3102;2682;4164;2355;1809;15261;7354;7907;18405;8508;9897;27012;15985;11027;10129.0;13469.0;5569.0;7282.0;36915.0;36210.0;31
334;Limburg (PV);2020;1072881;206969;621432;244480;864784;136611;48012;88599;71486;37570;33916;6001;3243;2758;4176;2354;1822;15513;7424;8089;18410;8462;9948;27386;16087;11299;10316.0;13591.0;5490.0;7092.0;36647.0;35871.0;31
335;Limburg (PV);2021;1068898;205279;615362;248257;861660;134931;47475;87456;72307;37833;34474;6199;3389;2810;4287;2417;1870;15691;7467;8224;18482;8449;10033;27648;16111;11537;10328.0;13799.0;5358.0;7122.0;36490.0;35613.0;31
336;Limburg (PV);2022;1064628;204205;608381;252042;858194;133174;46944;86230;73260;38147;35113;6428;3518;2910;4392;2484;1908;15867;7497;8370;18556;8422;10134;28017;16226;11791;10421.0;13961.0;5332.0;6872.0;36287.0;35423.0;31
337;Limburg (PV);2023;1060500;203413;601464;255623;854763;131553;46516;85037;74184;38427;35757;6606;3625;2981;4505;2574;1931;16077;7553;8524;18601;8367;10234;28395;16308;12087;10455.0;14074.0;5164.0;6797.0;35968.0;35060.0;31
338;Limburg (PV);2024;1056253;203275;593702;259276;851279;129978;45984;83994;74996;38691;36305;6825;3756;3069;4581;2621;1960;16326;7634;8692;18543;8289;10254;28721;16391;12330;10425.0;14293.0;5158.0;6499.0;35713.0;34762.0;31
339;Limburg (PV);2025;1052096;203145;586069;262882;847784;128393;45537;82856;75919;39080;36839;6996;3867;3129;4697;2677;2020;16545;7734;8811;18528;8247;10281;29153;16555;12598;;;;;;;31
340;Oost-Groningen (CR);2006;153440;35150;92207;26083;138927;9231;3684;5547;5282;3549;1733;809;429;380;234;136;98;1136;594;542;112;64;48;2991;2326;665;1491.0;1731.0;498.0;579.0;6454.0;6770.0;1
341;Oost-Groningen (CR);2007;152818;34696;91893;26229;138204;9295;3714;5581;5319;3561;1758;808;435;373;264;158;106;1139;595;544;128;71;57;2980;2302;678;1467.0;1747.0;495.0;558.0;6076.0;6777.0;1
342;Oost-Groningen (CR);2008;151791;34216;91128;26447;137118;9292;3730;5562;5381;3581;1800;818;440;378;281;170;111;1126;586;540;144;80;64;3012;2305;707;1412.0;1780.0;526.0;536.0;5933.0;6720.0;1
343;Oost-Groningen (CR);2009;150640;33708;90197;26735;135889;9330;3779;5551;5421;3599;1822;826;448;378;294;173;121;1104;576;528;161;90;71;3036;2312;724;1421.0;1767.0;545.0;544.0;5894.0;6665.0;1
344;Oost-Groningen (CR);2010;149535;33276;89195;27064;134704;9346;3818;5528;5485;3624;1861;840;461;379;302;179;123;1100;579;521;171;95;76;3072;2310;762;1318.0;1739.0;559.0;564.0;5920.0;6606.0;1
345;Oost-Groningen (CR);2011;148435;32724;88280;27431;133424;9454;3902;5552;5557;3649;1908;824;452;372;323;192;131;1093;591;502;183;100;83;3134;2314;820;1340.0;1734.0;606.0;542.0;5861.0;6578.0;1
346;Oost-Groningen (CR);2012;147398;32206;86885;28307;132267;9509;3991;5518;5622;3681;1941;824;451;373;350;213;137;1081;584;497;184;102;82;3183;2331;852;1362.0;1717.0;579.0;590.0;5859.0;6544.0;1
347;Oost-Groningen (CR);2013;146363;31858;85434;29071;131095;9571;4064;5507;5697;3726;1971;809;448;361;365;222;143;1070;580;490;202;104;98;3251;2372;879;1307.0;1758.0;598.0;538.0;5864.0;6455.0;1
348;Oost-Groningen (CR);2014;145395;31461;84352;29582;129879;9702;4177;5525;5814;3804;2010;813;447;366;390;241;149;1063;576;487;215;115;100;3333;2425;908;1334.0;1719.0;595.0;531.0;5869.0;6471.0;1
349;Oost-Groningen (CR);2015;144478;31021;83347;30110;128808;9842;4329;5513;5828;3800;2028;816;447;369;403;240;163;1041;570;471;223;118;105;3345;2425;920;1326.0;1735.0;639.0;545.0;5895.0;6447.0;1
350;Oost-Groningen (CR);2016;143623;30634;82443;30546;127687;9992;4462;5530;5944;3893;2051;821;448;373;414;246;168;1029;573;456;223;116;107;3457;2510;947;1357.0;1756.0;633.0;587.0;5932.0;6414.0;1
351;Oost-Groningen (CR);2017;142789;30347;81533;30909;126648;10094;4569;5525;6047;3952;2095;841;456;385;422;251;171;1019;569;450;238;121;117;3527;2555;972;1361.0;1742.0;589.0;583.0;5931.0;6384.0;1
352;Oost-Groningen (CR);2018;141971;30056;80606;31309;125698;10154;4660;5494;6119;3979;2140;841;455;386;432;256;176;1016;571;445;246;119;127;3584;2578;1006;1355.0;1781.0;621.0;547.0;5927.0;6378.0;1
353;Oost-Groningen (CR);2019;141177;29744;79825;31608;124752;10214;4728;5486;6211;4036;2175;831;451;380;454;270;184;1011;567;444;253;123;130;3662;2625;1037;1409.0;1764.0;604.0;562.0;5888.0;6346.0;1
354;Oost-Groningen (CR);2020;140424;29438;79057;31929;123829;10298;4793;5505;6297;4082;2215;849;447;402;478;284;194;1002;561;441;269;129;140;3699;2661;1038;1429.0;1796.0;598.0;548.0;5930.0;6321.0;1
355;Oost-Groningen (CR);2021;139720;29247;78136;32337;122885;10420;4873;5547;6415;4186;2229;855;445;410;489;292;197;989;558;431;280;136;144;3802;2755;1047;1391.0;1764.0;610.0;487.0;5917.0;6334.0;1
356;Oost-Groningen (CR);2022;139064;29083;77274;32707;122019;10510;4965;5545;6535;4262;2273;875;450;425;509;307;202;989;561;428;298;146;152;3864;2798;1066;1405.0;1820.0;604.0;564.0;5960.0;6278.0;1
357;Oost-Groningen (CR);2023;138395;28937;76465;32993;121156;10571;5001;5570;6668;4378;2290;892;462;430;528;328;200;985;571;414;311;146;165;3952;2871;1081;1396.0;1836.0;623.0;538.0;5986.0;6264.0;1
358;Oost-Groningen (CR);2024;137771;28927;75528;33316;120306;10648;5051;5597;6817;4482;2335;894;460;434;549;345;204;994;574;420;326;151;175;4054;2952;1102;1463.0;1865.0;594.0;522.0;6015.0;6245.0;1
359;Oost-Groningen (CR);2025;137219;28926;74725;33568;119543;10722;5144;5578;6954;4561;2393;901;461;440;574;364;210;988;565;423;340;157;183;4151;3014;1137;;;;;;;1
360;Delfzijl en omgeving (CR);2006;51628;12004;30795;8829;44805;3622;1481;2141;3201;2073;1128;439;268;171;569;379;190;902;487;415;75;38;37;1216;901;315;518.0;544.0;181.0;163.0;2117.0;2293.0;2
361;Delfzijl en omgeving (CR);2007;51448;11890;30634;8924;44598;3640;1504;2136;3210;2069;1141;428;259;169;551;358;193;883;477;406;79;42;37;1269;933;336;521.0;521.0;182.0;179.0;2031.0;2316.0;2
362;Delfzijl en omgeving (CR);2008;51169;11702;30438;9029;44292;3657;1519;2138;3220;2050;1170;428;260;168;544;346;198;882;473;409;84;45;39;1282;926;356;518.0;539.0;216.0;166.0;1948.0;2303.0;2
363;Delfzijl en omgeving (CR);2009;50850;11569;30100;9181;43990;3660;1537;2123;3200;2037;1163;422;259;163;518;342;176;877;468;409;89;46;43;1294;922;372;496.0;547.0;227.0;176.0;1987.0;2285.0;2
364;Delfzijl en omgeving (CR);2010;50554;11407;29803;9344;43670;3665;1565;2100;3219;2037;1182;418;253;165;510;335;175;862;460;402;97;48;49;1332;941;391;507.0;537.0;235.0;184.0;1977.0;2298.0;2
365;Delfzijl en omgeving (CR);2011;50260;11215;29562;9483;43364;3689;1598;2091;3207;2029;1178;407;249;158;497;325;172;850;454;396;98;48;50;1355;953;402;496.0;538.0;249.0;162.0;1949.0;2268.0;2
366;Delfzijl en omgeving (CR);2012;49989;11101;29142;9746;43027;3760;1654;2106;3202;2035;1167;402;247;155;475;311;164;844;450;394;98;48;50;1383;979;404;531.0;532.0;253.0;174.0;1925.0;2258.0;2
367;Delfzijl en omgeving (CR);2013;49734;11006;28728;10000;42683;3817;1697;2120;3234;2048;1186;404;246;158;474;313;161;834;448;386;98;46;52;1424;995;429;522.0;568.0;248.0;176.0;1971.0;2246.0;2
368;Delfzijl en omgeving (CR);2014;49484;10934;28376;10174;42414;3835;1717;2118;3235;2030;1205;398;244;154;460;298;162;819;440;379;100;45;55;1458;1003;455;513.0;554.0;278.0;170.0;1943.0;2243.0;2
369;Delfzijl en omgeving (CR);2015;49254;10869;28091;10294;42134;3889;1769;2120;3231;2010;1221;395;237;158;458;291;167;812;440;372;103;47;56;1463;995;468;523.0;567.0;273.0;182.0;1965.0;2236.0;2
370;Delfzijl en omgeving (CR);2016;49033;10741;27894;10398;41866;3942;1822;2120;3225;2012;1213;390;235;155;438;276;162;794;435;359;106;48;58;1497;1018;479;533.0;560.0;253.0;163.0;1967.0;2234.0;2
371;Delfzijl en omgeving (CR);2017;48831;10692;27630;10509;41594;4005;1877;2128;3232;2015;1217;387;231;156;438;279;159;784;429;355;106;48;58;1517;1028;489;525.0;556.0;244.0;162.0;1981.0;2222.0;2
372;Delfzijl en omgeving (CR);2018;48643;10615;27371;10657;41342;4024;1905;2119;3277;2046;1231;387;231;156;445;288;157;776;427;349;116;50;66;1553;1050;503;521.0;585.0;238.0;143.0;1977.0;2220.0;2
373;Delfzijl en omgeving (CR);2019;48428;10546;27102;10780;41090;4059;1957;2102;3279;2046;1233;383;228;155;445;280;165;763;418;345;119;52;67;1569;1068;501;530.0;588.0;229.0;182.0;1992.0;2188.0;2
374;Delfzijl en omgeving (CR);2020;48228;10575;26833;10820;40827;4095;1982;2113;3306;2072;1234;383;226;157;441;283;158;757;409;348;119;51;68;1606;1103;503;525.0;584.0;250.0;172.0;1964.0;2181.0;2
375;Delfzijl en omgeving (CR);2021;48031;10529;26551;10951;40565;4158;2039;2119;3308;2054;1254;385;222;163;442;287;155;749;400;349;117;48;69;1615;1097;518;517.0;581.0;234.0;150.0;1982.0;2171.0;2
376;Delfzijl en omgeving (CR);2022;47868;10553;26264;11051;40284;4216;2087;2129;3368;2100;1268;366;205;161;451;294;157;746;402;344;114;47;67;1691;1152;539;525.0;590.0;236.0;167.0;2001.0;2165.0;2
377;Delfzijl en omgeving (CR);2023;47709;10568;26008;11133;40027;4265;2125;2140;3417;2138;1279;367;203;164;468;305;163;738;395;343;119;50;69;1725;1185;540;517.0;568.0;243.0;150.0;1982.0;2160.0;2
378;Delfzijl en omgeving (CR);2024;47573;10584;25817;11172;39771;4325;2168;2157;3477;2191;1286;370;203;167;494;326;168;712;383;329;120;52;68;1781;1227;554;500.0;583.0;253.0;165.0;2029.0;2185.0;2
379;Delfzijl en omgeving (CR);2025;47421;10559;25612;11250;39535;4360;2194;2166;3526;2228;1298;374;204;170;504;337;167;694;371;323;119;54;65;1835;1262;573;;;;;;;2
380;Overig Groningen (CR);2006;368018;81633;236979;49406;317647;26286;11063;15223;24085;15341;8744;4967;2680;2287;3530;2311;1219;2484;1370;1114;1388;649;739;11716;8331;3385;4035.0;3336.0;3190.0;2754.0;18401.0;18940.0;3
381;Overig Groningen (CR);2007;368657;82042;236777;49838;317429;26693;11435;15258;24535;15508;9027;5003;2699;2304;3467;2252;1215;2576;1415;1161;1449;688;761;12040;8454;3586;4084.0;3357.0;3346.0;2769.0;19716.0;18900.0;3
382;Overig Groningen (CR);2008;370803;82780;237458;50565;318342;27312;11934;15378;25149;15764;9385;5071;2718;2353;3427;2229;1198;2683;1465;1218;1539;715;824;12429;8637;3792;4171.0;3412.0;3637.0;2830.0;20375.0;18979.0;3
383;Overig Groningen (CR);2009;373802;83832;238394;51576;319651;28123;12535;15588;26028;16191;9837;5133;2733;2400;3499;2261;1238;2814;1518;1296;1644;761;883;12938;8918;4020;4289.0;3404.0;3896.0;2871.0;20324.0;19050.0;3
384;Overig Groningen (CR);2010;377028;84931;239276;52821;321073;29010;13228;15782;26945;16742;10203;5211;2780;2431;3622;2369;1253;2925;1572;1353;1728;791;937;13459;9230;4229;4344.0;3440.0;4147.0;2933.0;20305.0;19186.0;3
385;Overig Groningen (CR);2011;380310;85750;240511;54049;322407;30109;14040;16069;27794;17194;10600;5286;2819;2467;3751;2467;1284;3039;1610;1429;1822;828;994;13896;9470;4426;4382.0;3449.0;4453.0;3027.0;20340.0;19261.0;3
386;Overig Groningen (CR);2012;383782;86578;240662;56542;323728;31286;14953;16333;28768;17740;11028;5340;2843;2497;3890;2571;1319;3161;1664;1497;1911;865;1046;14466;9797;4669;4449.0;3494.0;4679.0;3188.0;20379.0;19389.0;3
387;Overig Groningen (CR);2013;387247;87501;240962;58784;325027;32535;15965;16570;29685;18228;11457;5416;2870;2546;4011;2665;1346;3289;1726;1563;1991;900;1091;14978;10067;4911;4575.0;3549.0;4871.0;3257.0;20302.0;19484.0;3
388;Overig Groningen (CR);2014;390741;88543;241568;60630;326358;33753;16987;16766;30630;18724;11906;5451;2878;2573;4125;2748;1377;3434;1787;1647;2064;938;1126;15556;10373;5183;4603.0;3579.0;4981.0;3273.0;20392.0;19619.0;3
389;Overig Groningen (CR);2015;394270;89566;242396;62308;327617;34963;17941;17022;31690;19309;12381;5518;2906;2612;4255;2856;1399;3582;1847;1735;2150;967;1183;16185;10733;5452;4633.0;3614.0;5115.0;3380.0;20428.0;19751.0;3
390;Overig Groningen (CR);2016;397728;90594;243230;63904;328809;36147;18903;17244;32772;19899;12873;5586;2953;2633;4391;2966;1425;3738;1897;1841;2248;998;1250;16809;11085;5724;4671.0;3653.0;5228.0;3440.0;20459.0;19929.0;3
391;Overig Groningen (CR);2017;401090;91748;243848;65494;329890;37420;19915;17505;33780;20464;13316;5632;2973;2659;4539;3081;1458;3833;1952;1881;2327;1026;1301;17449;11432;6017;4679.0;3721.0;5218.0;3455.0;20531.0;20049.0;3
392;Overig Groningen (CR);2018;404332;92725;244332;67275;330943;38628;20830;17798;34761;21038;13723;5686;2999;2687;4672;3170;1502;3956;1997;1959;2427;1084;1343;18020;11788;6232;4671.0;3804.0;5351.0;3574.0;20699.0;20182.0;3
393;Overig Groningen (CR);2019;407535;93625;244962;68948;331927;39791;21712;18079;35817;21607;14210;5772;3045;2727;4762;3253;1509;4053;2052;2001;2567;1143;1424;18663;12114;6549;4691.0;3850.0;5433.0;3677.0;20703.0;20297.0;3
394;Overig Groningen (CR);2020;410563;94437;245592;70534;332706;40952;22507;18445;36905;22250;14655;5826;3082;2744;4858;3328;1530;4168;2109;2059;2718;1209;1509;19335;12522;6813;4638.0;3882.0;5504.0;3624.0;20712.0;20397.0;3
395;Overig Groningen (CR);2021;413548;95237;246143;72168;333349;42141;23326;18815;38058;22993;15065;5870;3091;2779;4985;3455;1530;4306;2194;2112;2847;1266;1581;20050;12987;7063;4616.0;3949.0;5638.0;3663.0;20759.0;20536.0;3
396;Overig Groningen (CR);2022;416460;96011;246691;73758;333890;43250;24112;19138;39320;23728;15592;5953;3127;2826;5174;3603;1571;4463;2279;2184;2979;1301;1678;20751;13418;7333;4608.0;4032.0;5782.0;3721.0;20808.0;20731.0;3
397;Overig Groningen (CR);2023;419218;96992;247005;75221;334312;44363;24925;19438;40543;24453;16090;6002;3137;2865;5398;3783;1615;4626;2362;2264;3085;1362;1723;21432;13809;7623;4553.0;4102.0;5892.0;3752.0;20994.0;20977.0;3
398;Overig Groningen (CR);2024;421864;97912;247184;76768;334661;45349;25728;19621;41854;25251;16603;6003;3134;2869;5720;4059;1661;4787;2454;2333;3210;1405;1805;22134;14199;7935;4571.0;4192.0;6117.0;3758.0;20902.0;21154.0;3
399;Overig Groningen (CR);2025;424397;98397;247699;78301;334592;46550;26584;19966;43255;26111;17144;6050;3121;2929;6028;4314;1714;4949;2547;2402;3335;1463;1872;22893;14666;8227;;;;;;;3
400;Noord-Friesland (CR);2006;332657;82764;202292;47601;302809;15747;6032;9715;14101;9474;4627;1871;971;900;1203;801;402;712;428;284;1333;648;685;8982;6626;2356;3827.0;3078.0;1252.0;1064.0;12932.0;13343.0;4
401;Noord-Friesland (CR);2007;333203;82348;202752;48103;302612;16118;6158;9960;14473;9608;4865;1933;986;947;1227;801;426;751;454;297;1354;652;702;9208;6715;2493;3802.0;3093.0;1360.0;1060.0;12785.0;13279.0;4
402;Noord-Friesland (CR);2008;333740;82014;202882;48844;302449;16508;6408;10100;14783;9704;5079;1962;991;971;1258;815;443;786;470;316;1393;660;733;9384;6768;2616;3804.0;3101.0;1444.0;1106.0;12598.0;13234.0;4
403;Noord-Friesland (CR);2009;334162;81889;202443;49830;302049;16962;6682;10280;15151;9844;5307;1986;1005;981;1288;825;463;854;503;351;1398;656;742;9625;6855;2770;3770.0;3121.0;1460.0;1077.0;12604.0;13215.0;4
404;Noord-Friesland (CR);2010;334610;81629;201986;50995;301717;17369;6956;10413;15524;9965;5559;2027;1011;1016;1331;851;480;901;529;372;1422;669;753;9843;6905;2938;3745.0;3178.0;1557.0;1086.0;12647.0;13217.0;4
405;Noord-Friesland (CR);2011;335104;81402;201674;52028;301349;17831;7232;10599;15924;10129;5795;2027;1008;1019;1391;884;507;927;536;391;1446;671;775;10133;7030;3103;3755.0;3184.0;1553.0;1082.0;12642.0;13214.0;4
406;Noord-Friesland (CR);2012;335606;81008;200507;54091;300954;18329;7566;10763;16323;10275;6048;2090;1033;1057;1417;903;514;963;542;421;1475;676;799;10378;7121;3257;3799.0;3205.0;1629.0;1108.0;12635.0;13211.0;4
407;Noord-Friesland (CR);2013;336163;80810;199517;55836;300523;18860;7953;10907;16780;10505;6275;2131;1053;1078;1448;923;525;995;557;438;1493;675;818;10713;7297;3416;3744.0;3244.0;1629.0;1129.0;12687.0;13182.0;4
408;Noord-Friesland (CR);2014;336688;80638;198692;57358;299999;19442;8349;11093;17247;10726;6521;2178;1070;1108;1513;971;542;1046;579;467;1508;676;832;11002;7430;3572;3790.0;3224.0;1689.0;1138.0;12668.0;13197.0;4
409;Noord-Friesland (CR);2015;337283;80576;198005;58702;299549;19991;8703;11288;17743;11029;6714;2223;1098;1125;1537;992;545;1077;587;490;1524;682;842;11382;7670;3712;3792.0;3289.0;1710.0;1099.0;12703.0;13231.0;4
410;Noord-Friesland (CR);2016;337887;80419;197530;59938;299215;20590;9101;11489;18082;11196;6886;2255;1121;1134;1576;1014;562;1148;621;527;1542;677;865;11561;7763;3798;3812.0;3328.0;1634.0;1097.0;12753.0;13253.0;4
411;Noord-Friesland (CR);2017;338450;80362;196925;61163;298726;21115;9453;11662;18609;11474;7135;2286;1123;1163;1647;1064;583;1194;644;550;1589;698;891;11893;7945;3948;3823.0;3363.0;1669.0;1184.0;12814.0;13260.0;4
412;Noord-Friesland (CR);2018;338973;80420;196187;62366;298202;21651;9826;11825;19120;11732;7388;2331;1138;1193;1706;1101;605;1241;672;569;1609;695;914;12233;8126;4107;3792.0;3388.0;1672.0;1188.0;12870.0;13320.0;4
413;Noord-Friesland (CR);2019;339447;80239;195614;63594;297720;22165;10178;11987;19562;11966;7596;2340;1142;1198;1719;1102;617;1311;701;610;1625;700;925;12567;8321;4246;3829.0;3419.0;1735.0;1143.0;12802.0;13304.0;4
414;Noord-Friesland (CR);2020;339969;80179;194984;64806;297330;22590;10529;12061;20049;12239;7810;2386;1153;1233;1777;1146;631;1360;729;631;1634;702;932;12892;8509;4383;3840.0;3434.0;1749.0;1191.0;12888.0;13368.0;4
415;Noord-Friesland (CR);2021;340481;80033;194317;66131;296855;23062;10817;12245;20564;12543;8021;2411;1174;1237;1835;1179;656;1418;757;661;1663;711;952;13237;8722;4515;3840.0;3533.0;1741.0;1143.0;12919.0;13365.0;4
416;Noord-Friesland (CR);2022;340972;79976;193599;67397;296353;23576;11139;12437;21043;12851;8192;2434;1191;1243;1873;1206;667;1466;786;680;1673;710;963;13597;8958;4639;3856.0;3557.0;1697.0;1163.0;13006.0;13414.0;4
417;Noord-Friesland (CR);2023;341427;79881;193097;68449;295850;24054;11470;12584;21523;13122;8401;2453;1195;1258;1923;1236;687;1533;822;711;1694;719;975;13920;9150;4770;3852.0;3603.0;1830.0;1128.0;12958.0;13442.0;4
418;Noord-Friesland (CR);2024;341928;79958;192475;69495;295275;24596;11834;12762;22057;13397;8660;2469;1192;1277;1981;1249;732;1596;847;749;1721;721;1000;14290;9388;4902;3788.0;3665.0;1726.0;1187.0;13130.0;13428.0;4
419;Noord-Friesland (CR);2025;342322;79842;191904;70576;294753;25031;12154;12877;22538;13685;8853;2475;1202;1273;2054;1299;755;1663;881;782;1733;723;1010;14613;9580;5033;;;;;;;4
420;Zuidwest-Friesland (CR);2006;105035;27257;61892;15886;96336;5560;2022;3538;3139;1906;1233;386;174;212;174;77;97;404;226;178;198;97;101;1977;1332;645;1194.0;977.0;260.0;268.0;4060.0;4095.0;5
421;Zuidwest-Friesland (CR);2007;105215;27079;61971;16165;96231;5677;2054;3623;3307;2010;1297;409;183;226;199;93;106;423;236;187;209;100;109;2067;1398;669;1230.0;994.0;218.0;251.0;3961.0;4120.0;5
422;Zuidwest-Friesland (CR);2008;105263;26923;61915;16425;95985;5808;2113;3695;3470;2134;1336;441;200;241;225;114;111;427;243;184;218;106;112;2159;1471;688;1188.0;1025.0;261.0;256.0;3971.0;4131.0;5
423;Zuidwest-Friesland (CR);2009;105280;26772;61786;16722;95717;5891;2138;3753;3672;2254;1418;473;216;257;245;130;115;440;249;191;238;116;122;2276;1543;733;1173.0;989.0;267.0;261.0;3947.0;4149.0;5
424;Zuidwest-Friesland (CR);2010;105280;26523;61625;17132;95457;5993;2177;3816;3830;2337;1493;495;226;269;274;152;122;451;258;193;251;119;132;2359;1582;777;1138.0;1000.0;278.0;269.0;4001.0;4170.0;5
425;Zuidwest-Friesland (CR);2011;105263;26265;61517;17481;95187;6052;2236;3816;4024;2446;1578;519;235;284;303;174;129;465;265;200;273;131;142;2464;1641;823;1196.0;1019.0;311.0;280.0;4021.0;4187.0;5
426;Zuidwest-Friesland (CR);2012;105303;26052;61088;18163;94932;6187;2334;3853;4184;2534;1650;547;249;298;327;189;138;475;268;207;283;129;154;2552;1699;853;1189.0;1020.0;309.0;296.0;4042.0;4200.0;5
427;Zuidwest-Friesland (CR);2013;105330;25871;60744;18715;94679;6285;2410;3875;4366;2651;1715;581;270;311;345;199;146;488;272;216;301;137;164;2651;1773;878;1142.0;1021.0;320.0;273.0;4072.0;4245.0;5
428;Zuidwest-Friesland (CR);2014;105331;25698;60454;19179;94429;6372;2479;3893;4530;2721;1809;604;282;322;375;217;158;503;274;229;314;137;177;2734;1811;923;1176.0;1059.0;315.0;263.0;4079.0;4220.0;5
429;Zuidwest-Friesland (CR);2015;105364;25543;60279;19542;94200;6495;2555;3940;4669;2799;1870;629;298;331;405;244;161;517;280;237;325;139;186;2793;1838;955;1202.0;1043.0;333.0;276.0;4056.0;4231.0;5
430;Zuidwest-Friesland (CR);2016;105409;25508;60038;19863;93966;6634;2600;4034;4809;2850;1959;654;303;351;431;268;163;525;283;242;347;144;203;2852;1852;1000;1207.0;1058.0;321.0;319.0;4158.0;4259.0;5
431;Zuidwest-Friesland (CR);2017;105463;25403;59890;20170;93763;6714;2646;4068;4986;2959;2027;653;304;349;464;291;173;543;292;251;366;154;212;2960;1918;1042;1242.0;1066.0;311.0;283.0;4094.0;4250.0;5
432;Zuidwest-Friesland (CR);2018;105518;25325;59789;20404;93479;6884;2747;4137;5155;3050;2105;675;310;365;490;313;177;559;301;258;386;162;224;3045;1964;1081;1248.0;1099.0;326.0;286.0;4125.0;4279.0;5
433;Zuidwest-Friesland (CR);2019;105561;25252;59616;20693;93284;7000;2808;4192;5277;3115;2162;688;317;371;521;335;186;566;304;262;407;170;237;3095;1989;1106;1236.0;1111.0;351.0;298.0;4184.0;4299.0;5
434;Zuidwest-Friesland (CR);2020;105627;25159;59502;20966;93005;7145;2887;4258;5477;3230;2247;703;322;381;562;365;197;576;312;264;410;167;243;3226;2064;1162;1261.0;1125.0;340.0;250.0;4184.0;4334.0;5
435;Zuidwest-Friesland (CR);2021;105700;25054;59391;21255;92802;7272;3003;4269;5626;3307;2319;730;331;399;589;386;203;580;318;262;436;171;265;3291;2101;1190;1286.0;1112.0;335.0;302.0;4185.0;4320.0;5
436;Zuidwest-Friesland (CR);2022;105775;24999;59299;21477;92614;7388;3065;4323;5773;3388;2385;747;337;410;618;409;209;585;320;265;458;178;280;3365;2144;1221;1277.0;1172.0;356.0;267.0;4170.0;4311.0;5
437;Zuidwest-Friesland (CR);2023;105830;25023;58994;21813;92336;7564;3196;4368;5930;3485;2445;754;342;412;659;444;215;599;330;269;481;184;297;3437;2185;1252;1299.0;1167.0;312.0;286.0;4243.0;4326.0;5
438;Zuidwest-Friesland (CR);2024;105906;25042;58784;22080;92111;7701;3292;4409;6094;3600;2494;773;348;425;682;465;217;615;341;274;482;188;294;3542;2258;1284;1317.0;1174.0;351.0;248.0;4199.0;4352.0;5
439;Zuidwest-Friesland (CR);2025;106002;25068;58507;22427;91866;7828;3386;4442;6308;3740;2568;801;365;436;714;487;227;647;353;294;501;193;308;3645;2342;1303;;;;;;;5
440;Zuidoost-Friesland (CR);2006;207546;51857;122770;32919;189630;9719;3659;6060;8197;5537;2660;863;455;408;724;450;274;675;402;273;773;411;362;5162;3819;1343;2259.0;1972.0;795.0;621.0;7909.0;8106.0;6
441;Zuidoost-Friesland (CR);2007;207814;51384;123141;33289;189539;9880;3751;6129;8395;5598;2797;907;478;429;744;455;289;689;400;289;794;415;379;5261;3850;1411;2275.0;1985.0;822.0;590.0;7352.0;8170.0;6
442;Zuidoost-Friesland (CR);2008;207533;50904;122922;33707;188895;10033;3823;6210;8605;5690;2915;952;503;449;758;473;285;706;409;297;811;418;393;5378;3887;1491;2209.0;1993.0;866.0;602.0;7237.0;8125.0;6
443;Zuidoost-Friesland (CR);2009;207132;50485;122344;34303;188112;10260;3971;6289;8760;5752;3008;977;514;463;783;493;290;721;422;299;811;409;402;5468;3914;1554;2161.0;1985.0;903.0;608.0;7228.0;8097.0;6
444;Zuidoost-Friesland (CR);2010;206746;49961;121748;35037;187312;10483;4143;6340;8951;5847;3104;1009;538;471;807;510;297;725;427;298;810;408;402;5600;3964;1636;2192.0;1999.0;1021.0;625.0;7156.0;8114.0;6
445;Zuidoost-Friesland (CR);2011;206382;49542;121190;35650;186462;10743;4347;6396;9177;5988;3189;1058;568;490;813;513;300;735;438;297;825;420;405;5746;4049;1697;2216.0;2008.0;1060.0;639.0;7139.0;8085.0;6
446;Zuidoost-Friesland (CR);2012;206083;49128;120031;36924;185684;10978;4557;6421;9421;6094;3327;1098;593;505;845;544;301;756;456;300;837;422;415;5885;4079;1806;2156.0;2007.0;1094.0;627.0;7160.0;8074.0;6
447;Zuidoost-Friesland (CR);2013;205801;48806;118962;38033;184814;11318;4836;6482;9669;6231;3438;1146;631;515;888;580;308;754;453;301;859;442;417;6022;4125;1897;2174.0;2081.0;1128.0;653.0;7201.0;8063.0;6
448;Zuidoost-Friesland (CR);2014;205521;48529;118129;38863;183964;11629;5093;6536;9928;6394;3534;1176;647;529;919;605;314;765;464;301;869;445;424;6199;4233;1966;2168.0;2041.0;1181.0;641.0;7174.0;8062.0;6
449;Zuidoost-Friesland (CR);2015;205314;48151;117575;39588;183175;11971;5390;6581;10168;6518;3650;1206;666;540;968;632;336;792;478;314;882;448;434;6320;4294;2026;2195.0;2062.0;1202.0;678.0;7221.0;8053.0;6
450;Zuidoost-Friesland (CR);2016;205145;47931;116995;40219;182336;12350;5677;6673;10459;6690;3769;1237;688;549;992;642;350;808;488;320;901;462;439;6521;4410;2111;2232.0;2105.0;1222.0;678.0;7185.0;8055.0;6
451;Zuidoost-Friesland (CR);2017;204968;47681;116413;40874;181543;12661;5934;6727;10764;6845;3919;1272;712;560;1004;666;338;829;500;329;917;456;461;6742;4511;2231;2205.0;2102.0;1202.0;690.0;7253.0;8078.0;6
452;Zuidoost-Friesland (CR);2018;204782;47493;115737;41552;180701;13049;6226;6823;11032;6985;4047;1321;748;573;1036;699;337;859;520;339;918;450;468;6898;4568;2330;2235.0;2121.0;1158.0;662.0;7297.0;8095.0;6
453;Zuidoost-Friesland (CR);2019;204606;47205;115164;42237;179886;13386;6497;6889;11334;7185;4149;1362;774;588;1068;732;336;886;532;354;924;455;469;7094;4692;2402;2227.0;2169.0;1175.0;671.0;7331.0;8072.0;6
454;Zuidoost-Friesland (CR);2020;204442;47004;114579;42859;179127;13734;6778;6956;11581;7336;4245;1403;796;607;1107;772;335;889;533;356;934;448;486;7248;4787;2461;2289.0;2198.0;1198.0;704.0;7345.0;8080.0;6
455;Zuidoost-Friesland (CR);2021;204303;46774;114010;43519;178378;14067;7037;7030;11858;7499;4359;1445;826;619;1136;791;345;905;538;367;937;457;480;7435;4887;2548;2287.0;2231.0;1240.0;677.0;7322.0;8064.0;6
456;Zuidoost-Friesland (CR);2022;204194;46692;113262;44240;177601;14398;7329;7069;12195;7734;4461;1487;858;629;1183;834;349;907;538;369;933;449;484;7685;5055;2630;2284.0;2233.0;1265.0;674.0;7321.0;8071.0;6
457;Zuidoost-Friesland (CR);2023;204105;46744;112507;44854;176805;14749;7586;7163;12551;7965;4586;1529;883;646;1218;874;344;925;543;382;936;450;486;7943;5215;2728;2287.0;2285.0;1324.0;677.0;7381.0;8077.0;6
458;Zuidoost-Friesland (CR);2024;204065;46903;111675;45487;176047;15126;7907;7219;12892;8178;4714;1561;903;658;1282;929;353;949;561;388;955;453;502;8145;5332;2813;2301.0;2279.0;1298.0;719.0;7427.0;8118.0;6
459;Zuidoost-Friesland (CR);2025;203992;46887;111048;46057;175261;15480;8184;7296;13251;8423;4828;1568;908;660;1348;992;356;980;589;391;961;451;510;8394;5483;2911;;;;;;;6
460;Noord-Drenthe (CR);2006;184444;45529;109118;29797;167444;10766;4260;6506;6234;3989;2245;777;373;404;521;299;222;447;251;196;319;160;159;4170;2906;1264;1904.0;1789.0;775.0;671.0;8011.0;7686.0;7
461;Noord-Drenthe (CR);2007;184997;45169;109788;30040;167593;10914;4382;6532;6490;4133;2357;818;387;431;540;308;232;467;264;203;348;172;176;4317;3002;1315;1835.0;1810.0;900.0;684.0;8298.0;7784.0;7
462;Noord-Drenthe (CR);2008;185768;44843;110447;30478;167835;11152;4555;6597;6781;4329;2452;838;401;437;567;323;244;468;260;208;375;192;183;4533;3153;1380;1852.0;1820.0;951.0;714.0;8282.0;7901.0;7
463;Noord-Drenthe (CR);2009;186439;44624;110797;31018;167981;11369;4712;6657;7089;4517;2572;875;425;450;593;350;243;487;266;221;408;208;200;4726;3268;1458;1858.0;1837.0;1045.0;725.0;8379.0;7974.0;7
464;Noord-Drenthe (CR);2010;187196;44445;111124;31627;168117;11700;4940;6760;7379;4705;2674;885;435;450;625;374;251;499;272;227;438;224;214;4932;3400;1532;1819.0;1879.0;1144.0;793.0;8492.0;8059.0;7
465;Noord-Drenthe (CR);2011;187922;44002;111755;32165;168240;11990;5210;6780;7692;4888;2804;926;452;474;671;415;256;505;271;234;468;238;230;5122;3512;1610;1899.0;1880.0;1183.0;743.0;8486.0;8150.0;7
466;Noord-Drenthe (CR);2012;188736;43713;111647;33376;168301;12405;5529;6876;8030;5082;2948;941;453;488;684;428;256;526;279;247;497;255;242;5382;3667;1715;1920.0;1886.0;1219.0;849.0;8572.0;8204.0;7
467;Noord-Drenthe (CR);2013;189522;43607;111504;34411;168337;12824;5849;6975;8361;5275;3086;970;464;506;703;439;264;546;285;261;542;277;265;5600;3810;1790;1960.0;1925.0;1358.0;841.0;8551.0;8299.0;7
468;Noord-Drenthe (CR);2014;190335;43418;111591;35326;168322;13297;6209;7088;8716;5482;3234;998;475;523;741;462;279;567;299;268;565;287;278;5845;3959;1886;1983.0;1907.0;1377.0;882.0;8624.0;8347.0;7
469;Noord-Drenthe (CR);2015;191201;43366;111693;36142;168399;13769;6594;7175;9033;5682;3351;1023;497;526;751;470;281;576;304;272;580;291;289;6103;4120;1983;2048.0;1902.0;1460.0;921.0;8572.0;8426.0;7
470;Noord-Drenthe (CR);2016;192049;43342;111825;36882;168416;14243;7002;7241;9390;5899;3491;1050;513;537;791;492;299;595;310;285;606;308;298;6348;4276;2072;2042.0;1966.0;1547.0;958.0;8600.0;8429.0;7
471;Noord-Drenthe (CR);2017;192897;43377;111910;37610;168381;14779;7470;7309;9737;6084;3653;1072;526;546;836;514;322;613;315;298;634;331;303;6582;4398;2184;2094.0;1988.0;1581.0;967.0;8602.0;8504.0;7
472;Noord-Drenthe (CR);2018;193733;43423;111918;38392;168278;15318;7895;7423;10137;6316;3821;1098;541;557;864;537;327;631;316;315;647;334;313;6897;4588;2309;2159.0;2012.0;1650.0;1035.0;8580.0;8572.0;7
473;Noord-Drenthe (CR);2019;194516;43531;111824;39161;168160;15805;8320;7485;10551;6557;3994;1126;552;574;892;563;329;665;326;339;671;339;332;7197;4777;2420;2135.0;2054.0;1702.0;1044.0;8608.0;8587.0;7
474;Noord-Drenthe (CR);2020;195287;43594;111711;39982;167958;16366;8775;7591;10963;6827;4136;1156;578;578;933;602;331;681;335;346;697;362;335;7496;4950;2546;2107.0;2061.0;1750.0;1067.0;8648.0;8645.0;7
475;Noord-Drenthe (CR);2021;196031;43713;111587;40731;167751;16891;9188;7703;11389;7095;4294;1171;589;582;966;628;338;708;343;365;705;371;334;7839;5164;2675;2147.0;2067.0;1825.0;1097.0;8629.0;8659.0;7
476;Noord-Drenthe (CR);2022;196812;43920;111434;41458;167527;17446;9621;7825;11839;7387;4452;1164;604;560;1029;678;351;734;353;381;736;391;345;8176;5361;2815;2175.0;2113.0;1826.0;1131.0;8648.0;8707.0;7
477;Noord-Drenthe (CR);2023;197526;44147;111186;42193;167272;17975;10034;7941;12279;7658;4621;1190;624;566;1074;713;361;746;362;384;757;403;354;8512;5556;2956;2166.0;2141.0;1942.0;1178.0;8682.0;8783.0;7
478;Noord-Drenthe (CR);2024;198228;44446;110867;42915;166922;18544;10456;8088;12762;7979;4783;1228;640;588;1111;755;356;771;374;397;787;418;369;8865;5792;3073;2104.0;2164.0;2000.0;1133.0;8664.0;8852.0;7
479;Noord-Drenthe (CR);2025;198863;44586;110656;43621;166529;19094;10918;8176;13240;8301;4939;1253;657;596;1185;809;376;792;391;401;819;430;389;9191;6014;3177;;;;;;;7
480;Zuidoost-Drenthe (CR);2006;170799;40720;102247;27832;154879;10405;3926;6479;5515;3484;2031;599;306;293;376;218;158;980;523;457;406;197;209;3154;2240;914;1784.0;1717.0;567.0;895.0;5131.0;4944.0;8
481;Zuidoost-Drenthe (CR);2007;170732;40348;102130;28254;154637;10383;3903;6480;5712;3529;2183;644;320;324;393;226;167;1009;534;475;432;212;220;3234;2237;997;1734.0;1720.0;564.0;875.0;5225.0;4962.0;8
482;Zuidoost-Drenthe (CR);2008;170707;39988;101975;28744;154416;10364;3892;6472;5927;3583;2344;685;339;346;399;227;172;1039;542;497;464;225;239;3340;2250;1090;1691.0;1730.0;582.0;893.0;5164.0;4943.0;8
483;Zuidoost-Drenthe (CR);2009;170584;39583;101622;29379;154081;10406;3917;6489;6097;3617;2480;723;360;363;434;241;193;1049;550;499;487;232;255;3404;2234;1170;1690.0;1747.0;613.0;913.0;5197.0;4952.0;8
484;Zuidoost-Drenthe (CR);2010;170483;39335;101212;29936;153706;10504;3968;6536;6273;3632;2641;756;373;383;458;255;203;1077;564;513;518;245;273;3464;2195;1269;1679.0;1790.0;637.0;908.0;5208.0;4948.0;8
485;Zuidoost-Drenthe (CR);2011;170374;38962;100995;30417;153335;10580;4029;6551;6459;3684;2775;796;388;408;472;264;208;1102;577;525;552;250;302;3537;2205;1332;1659.0;1811.0;634.0;897.0;5260.0;4945.0;8
486;Zuidoost-Drenthe (CR);2012;170295;38578;100258;31459;152957;10672;4123;6549;6666;3767;2899;826;407;419;501;282;219;1136;591;545;577;259;318;3626;2228;1398;1669.0;1849.0;641.0;890.0;5283.0;4946.0;8
487;Zuidoost-Drenthe (CR);2013;170213;38218;99521;32474;152578;10745;4168;6577;6890;3834;3056;864;428;436;510;283;227;1191;619;572;597;266;331;3728;2238;1490;1661.0;1870.0;641.0;880.0;5283.0;4927.0;8
488;Zuidoost-Drenthe (CR);2014;170140;37948;98788;33404;152187;10811;4236;6575;7142;3941;3201;895;439;456;554;308;246;1214;625;589;615;277;338;3864;2292;1572;1678.0;1902.0;633.0;862.0;5310.0;4934.0;8
489;Zuidoost-Drenthe (CR);2015;170081;37717;98276;34088;151853;10892;4327;6565;7336;3990;3346;923;446;477;572;319;253;1244;638;606;629;283;346;3968;2304;1664;1716.0;1894.0;621.0;909.0;5327.0;4933.0;8
490;Zuidoost-Drenthe (CR);2016;170025;37521;97711;34793;151513;10953;4345;6608;7559;4059;3500;949;445;504;593;332;261;1271;648;623;650;288;362;4096;2346;1750;1724.0;1953.0;649.0;857.0;5297.0;4947.0;8
491;Zuidoost-Drenthe (CR);2017;169954;37350;97263;35341;151130;11081;4433;6648;7743;4117;3626;991;467;524;607;330;277;1296;656;640;671;292;379;4178;2372;1806;1756.0;1933.0;620.0;866.0;5324.0;4967.0;8
492;Zuidoost-Drenthe (CR);2018;169904;37129;96737;36038;150810;11103;4476;6627;7991;4244;3747;1018;481;537;625;340;285;1332;680;652;695;304;391;4321;2439;1882;1758.0;1972.0;618.0;829.0;5330.0;4970.0;8
493;Zuidoost-Drenthe (CR);2019;169855;36940;96242;36673;150467;11139;4499;6640;8249;4350;3899;1037;482;555;642;350;292;1374;690;684;724;317;407;4472;2511;1961;1773.0;2023.0;600.0;879.0;5399.0;4963.0;8
494;Zuidoost-Drenthe (CR);2020;169784;36703;95842;37239;150130;11197;4546;6651;8457;4437;4020;1059;492;567;665;360;305;1404;706;698;736;319;417;4593;2560;2033;1793.0;2027.0;636.0;851.0;5355.0;4969.0;8
495;Zuidoost-Drenthe (CR);2021;169742;36579;95374;37789;149827;11215;4562;6653;8700;4526;4174;1102;508;594;677;361;316;1438;724;714;765;330;435;4718;2603;2115;1819.0;2053.0;597.0;868.0;5409.0;4965.0;8
496;Zuidoost-Drenthe (CR);2022;169697;36432;94884;38381;149513;11300;4613;6687;8884;4576;4308;1133;520;613;700;382;318;1461;737;724;790;332;458;4800;2605;2195;1831.0;2087.0;619.0;855.0;5360.0;4957.0;8
497;Zuidoost-Drenthe (CR);2023;169623;36365;94237;39021;149162;11357;4650;6707;9104;4687;4417;1154;531;623;731;399;332;1499;759;740;802;341;461;4918;2657;2261;1864.0;2113.0;618.0;810.0;5319.0;4943.0;8
498;Zuidoost-Drenthe (CR);2024;169584;36437;93605;39542;148807;11429;4694;6735;9348;4824;4524;1164;552;612;752;407;345;1542;779;763;821;341;480;5069;2745;2324;1847.0;2149.0;571.0;836.0;5408.0;4935.0;8
499;Zuidoost-Drenthe (CR);2025;169507;36406;93121;39980;148430;11493;4751;6742;9584;4938;4646;1194;574;620;780;418;362;1599;809;790;850;354;496;5161;2783;2378;;;;;;;8
500;Zuidwest-Drenthe (CR);2006;128088;31735;75531;20822;117688;6129;2293;3836;4271;2658;1613;495;231;264;241;128;113;332;170;162;637;334;303;2566;1795;771;1468.0;1214.0;216.0;353.0;4601.0;4451.0;9
501;Zuidwest-Drenthe (CR);2007;128361;31518;75749;21094;117787;6193;2305;3888;4381;2692;1689;532;250;282;247;132;115;342;171;171;637;325;312;2623;1814;809;1482.0;1199.0;222.0;335.0;4183.0;4460.0;9
502;Zuidwest-Drenthe (CR);2008;128263;31309;75548;21406;117556;6219;2297;3922;4488;2739;1749;548;253;295;259;134;125;343;170;173;627;319;308;2711;1863;848;1436.0;1234.0;224.0;344.0;4136.0;4430.0;9
503;Zuidwest-Drenthe (CR);2009;128058;31090;75209;21759;117234;6281;2319;3962;4543;2766;1777;554;255;299;270;137;133;359;177;182;629;319;310;2731;1878;853;1421.0;1257.0;227.0;316.0;4129.0;4433.0;9
504;Zuidwest-Drenthe (CR);2010;127840;30893;74813;22134;116901;6298;2306;3992;4641;2807;1834;573;256;317;281;143;138;367;183;184;624;312;312;2796;1913;883;1382.0;1226.0;223.0;307.0;4139.0;4420.0;9
505;Zuidwest-Drenthe (CR);2011;127642;30636;74567;22439;116568;6327;2333;3994;4747;2862;1885;585;256;329;287;146;141;375;190;185;638;317;321;2862;1953;909;1375.0;1283.0;232.0;326.0;4195.0;4402.0;9
506;Zuidwest-Drenthe (CR);2012;127436;30483;73716;23237;116209;6382;2377;4005;4845;2927;1918;602;270;332;299;156;143;381;190;191;632;318;314;2931;1993;938;1394.0;1272.0;250.0;349.0;4160.0;4386.0;9
507;Zuidwest-Drenthe (CR);2013;127245;30270;73033;23942;115858;6448;2414;4034;4939;2979;1960;615;279;336;305;161;144;398;194;204;643;324;319;2978;2021;957;1404.0;1300.0;255.0;332.0;4154.0;4378.0;9
508;Zuidwest-Drenthe (CR);2014;127050;30074;72430;24546;115520;6530;2437;4093;5000;3011;1989;638;289;349;320;175;145;412;202;210;649;334;315;2981;2011;970;1401.0;1285.0;232.0;329.0;4164.0;4360.0;9
509;Zuidwest-Drenthe (CR);2015;126876;29961;71962;24953;115192;6589;2483;4106;5095;3079;2016;637;294;343;332;182;150;422;210;212;661;350;311;3043;2043;1000;1398.0;1303.0;267.0;324.0;4156.0;4362.0;9
510;Zuidwest-Drenthe (CR);2016;126709;29846;71543;25320;114868;6644;2530;4114;5197;3158;2039;649;307;342;338;189;149;427;211;216;677;366;311;3106;2085;1021;1367.0;1285.0;235.0;325.0;4156.0;4336.0;9
511;Zuidwest-Drenthe (CR);2017;126526;29659;71109;25758;114482;6734;2578;4156;5310;3235;2075;674;319;355;356;196;160;434;215;219;692;380;312;3154;2125;1029;1385.0;1363.0;250.0;312.0;4226.0;4355.0;9
512;Zuidwest-Drenthe (CR);2018;126363;29532;70628;26203;114143;6814;2614;4200;5406;3298;2108;679;323;356;375;212;163;432;212;220;717;401;316;3203;2150;1053;1360.0;1328.0;241.0;311.0;4209.0;4342.0;9
513;Zuidwest-Drenthe (CR);2019;126187;29340;70169;26678;113757;6914;2645;4269;5516;3398;2118;701;334;367;398;233;165;432;213;219;731;427;304;3254;2191;1063;1392.0;1351.0;245.0;298.0;4187.0;4346.0;9
514;Zuidwest-Drenthe (CR);2020;126019;29050;69843;27126;113426;6955;2701;4254;5638;3489;2149;719;342;377;413;244;169;434;212;222;746;437;309;3326;2254;1072;1439.0;1382.0;239.0;294.0;4185.0;4335.0;9
515;Zuidwest-Drenthe (CR);2021;125877;28918;69450;27509;113112;7040;2751;4289;5725;3556;2169;735;354;381;418;251;167;441;220;221;756;444;312;3375;2287;1088;1423.0;1382.0;244.0;306.0;4186.0;4338.0;9
516;Zuidwest-Drenthe (CR);2022;125717;28782;68994;27941;112761;7107;2814;4293;5849;3636;2213;755;364;391;435;262;173;445;220;225;780;464;316;3434;2326;1108;1433.0;1430.0;235.0;295.0;4215.0;4326.0;9
517;Zuidwest-Drenthe (CR);2023;125558;28643;68568;28347;112404;7203;2865;4338;5951;3712;2239;768;372;396;449;277;172;459;224;235;806;479;327;3469;2360;1109;1447.0;1403.0;232.0;318.0;4234.0;4361.0;9
518;Zuidwest-Drenthe (CR);2024;125395;28645;68003;28747;112100;7292;2893;4399;6003;3734;2269;769;369;400;452;286;166;471;224;247;809;486;323;3502;2369;1133;1398.0;1447.0;231.0;302.0;4255.0;4299.0;9
519;Zuidwest-Drenthe (CR);2025;125240;28560;67632;29048;111761;7359;2959;4400;6120;3826;2294;791;377;414;479;302;177;483;225;258;811;504;307;3556;2418;1138;;;;;;;9
520;Noord-Overijssel (CR);2006;343575;92696;204638;46241;312685;15525;5439;10086;15365;9314;6051;1641;789;852;1708;1097;611;3851;1998;1853;856;407;449;7309;5023;2286;4489.0;2884.0;899.0;1145.0;11053.0;11663.0;10
521;Noord-Overijssel (CR);2007;344351;92235;205353;46763;312841;15775;5558;10217;15735;9432;6303;1688;797;891;1695;1050;645;3909;2028;1881;925;437;488;7518;5120;2398;4448.0;2920.0;887.0;1096.0;11328.0;11632.0;10
522;Noord-Overijssel (CR);2008;345404;92002;205940;47462;313292;15991;5666;10325;16121;9555;6566;1759;818;941;1718;1050;668;3994;2036;1958;984;470;514;7666;5181;2485;4410.0;2981.0;930.0;1130.0;11295.0;11590.0;10
523;Noord-Overijssel (CR);2009;346360;91682;206261;48417;313492;16292;5818;10474;16576;9699;6877;1823;827;996;1743;1050;693;4047;2036;2011;1041;489;552;7922;5297;2625;4309.0;2999.0;1039.0;1159.0;11276.0;11585.0;10
524;Noord-Overijssel (CR);2010;347267;91397;206497;49373;313636;16631;6007;10624;17000;9873;7127;1912;878;1034;1755;1035;720;4108;2049;2059;1105;528;577;8120;5383;2737;4302.0;3021.0;1049.0;1107.0;11240.0;11559.0;10
525;Noord-Overijssel (CR);2011;348194;90860;206985;50349;313765;16964;6226;10738;17465;10076;7389;1988;917;1071;1773;1040;733;4185;2067;2118;1150;547;603;8369;5505;2864;4283.0;3076.0;1069.0;1145.0;11352.0;11586.0;10
526;Noord-Overijssel (CR);2012;349104;90433;206462;52209;314010;17266;6431;10835;17828;10246;7582;2024;938;1086;1791;1042;749;4222;2066;2156;1227;591;636;8564;5609;2955;4235.0;3116.0;1123.0;1115.0;11353.0;11600.0;10
527;Noord-Overijssel (CR);2013;350006;89996;206006;54004;313986;17722;6701;11021;18298;10478;7820;2102;971;1131;1799;1045;754;4301;2089;2212;1318;633;685;8778;5740;3038;4259.0;3100.0;1112.0;1153.0;11309.0;11572.0;10
528;Noord-Overijssel (CR);2014;350897;89589;205857;55451;314064;18094;6945;11149;18739;10659;8080;2178;997;1181;1854;1072;782;4324;2089;2235;1392;657;735;8991;5844;3147;4263.0;3135.0;1175.0;1132.0;11275.0;11563.0;10
529;Noord-Overijssel (CR);2015;351807;89392;205619;56796;314049;18538;7207;11331;19220;10914;8306;2257;1043;1214;1880;1097;783;4373;2095;2278;1481;690;791;9229;5989;3240;4232.0;3246.0;1188.0;1139.0;11348.0;11544.0;10
530;Noord-Overijssel (CR);2016;352670;89294;205458;57918;313983;18934;7463;11471;19753;11132;8621;2320;1067;1253;1941;1122;819;4426;2100;2326;1546;717;829;9520;6126;3394;4185.0;3199.0;1164.0;1114.0;11338.0;11604.0;10
531;Noord-Overijssel (CR);2017;353482;89138;205271;59073;313979;19293;7669;11624;20210;11369;8841;2380;1101;1279;1974;1150;824;4470;2100;2370;1637;743;894;9749;6275;3474;4304.0;3296.0;1238.0;1161.0;11314.0;11611.0;10
532;Noord-Overijssel (CR);2018;354299;88959;204905;60435;313931;19691;7915;11776;20677;11618;9059;2468;1132;1336;2001;1147;854;4531;2121;2410;1708;780;928;9969;6438;3531;4274.0;3319.0;1184.0;1183.0;11432.0;11641.0;10
533;Noord-Overijssel (CR);2019;355084;88643;204636;61805;313840;20089;8151;11938;21155;11839;9316;2535;1158;1377;2024;1145;879;4622;2160;2462;1801;820;981;10173;6556;3617;4294.0;3373.0;1198.0;1096.0;11431.0;11707.0;10
534;Noord-Overijssel (CR);2020;355864;88138;204649;63077;313762;20477;8365;12112;21625;12106;9519;2591;1180;1411;2057;1165;892;4692;2186;2506;1904;875;1029;10381;6700;3681;4321.0;3448.0;1228.0;1142.0;11480.0;11728.0;10
535;Noord-Overijssel (CR);2021;356613;87453;204684;64476;313620;20911;8596;12315;22082;12313;9769;2641;1213;1428;2106;1180;926;4764;2205;2559;1992;914;1078;10579;6801;3778;4355.0;3503.0;1250.0;1161.0;11510.0;11769.0;10
536;Noord-Overijssel (CR);2022;357332;86992;204570;65770;313467;21315;8820;12495;22550;12527;10023;2693;1243;1450;2127;1187;940;4831;2201;2630;2106;959;1147;10793;6937;3856;4343.0;3586.0;1271.0;1176.0;11517.0;11736.0;10
537;Noord-Overijssel (CR);2023;358006;86608;204118;67280;313354;21622;8994;12628;23030;12767;10263;2735;1259;1476;2174;1218;956;4871;2217;2654;2197;1004;1193;11053;7069;3984;4348.0;3618.0;1247.0;1170.0;11477.0;11708.0;10
538;Noord-Overijssel (CR);2024;358627;86357;203584;68686;313085;21992;9217;12775;23550;13075;10475;2794;1294;1500;2202;1224;978;4926;2234;2692;2273;1041;1232;11355;7282;4073;4365.0;3643.0;1252.0;1181.0;11414.0;11668.0;10
539;Noord-Overijssel (CR);2025;359212;86169;203026;70017;312938;22297;9436;12861;23977;13258;10719;2826;1313;1513;2225;1238;987;5001;2251;2750;2370;1076;1294;11555;7380;4175;;;;;;;10
540;Zuidwest-Overijssel (CR);2006;151137;38077;91675;21385;127198;10357;4248;6109;13582;8368;5214;786;391;395;551;305;246;6893;3677;3216;374;180;194;4978;3815;1163;1863.0;1344.0;1127.0;766.0;4586.0;4647.0;11
541;Zuidwest-Overijssel (CR);2007;151968;38197;92146;21625;127442;10551;4409;6142;13975;8476;5499;827;405;422;580;320;260;6982;3707;3275;416;196;220;5170;3848;1322;1866.0;1348.0;1202.0;757.0;4788.0;4648.0;11
542;Zuidwest-Overijssel (CR);2008;153079;38374;92750;21955;127940;10800;4605;6195;14339;8571;5768;870;419;451;601;342;259;7074;3735;3339;440;206;234;5354;3869;1485;1834.0;1369.0;1282.0;805.0;4959.0;4662.0;11
543;Zuidwest-Overijssel (CR);2009;154324;38525;93490;22309;128421;11130;4858;6272;14773;8718;6055;920;447;473;626;365;261;7179;3771;3408;488;218;270;5560;3917;1643;1842.0;1377.0;1343.0;799.0;4817.0;4687.0;11
544;Zuidwest-Overijssel (CR);2010;155465;38675;94069;22721;128707;11528;5142;6386;15230;8878;6352;966;469;497;677;404;273;7286;3791;3495;519;226;293;5782;3988;1794;1844.0;1380.0;1376.0;856.0;4895.0;4743.0;11
545;Zuidwest-Overijssel (CR);2011;156610;38692;94808;23110;129105;11886;5425;6461;15619;8997;6622;993;484;509;711;424;287;7402;3836;3566;544;228;316;5969;4025;1944;1893.0;1398.0;1452.0;860.0;4816.0;4782.0;11
546;Zuidwest-Overijssel (CR);2012;157739;38733;94924;24082;129400;12307;5789;6518;16032;9096;6936;1035;496;539;745;453;292;7500;3845;3655;576;231;345;6176;4071;2105;1847.0;1428.0;1456.0;857.0;4891.0;4804.0;11
547;Zuidwest-Overijssel (CR);2013;158852;38797;95096;24959;129744;12696;6090;6606;16412;9201;7211;1088;528;560;788;472;316;7558;3862;3696;606;241;365;6372;4098;2274;1890.0;1454.0;1486.0;889.0;4877.0;4832.0;11
548;Zuidwest-Overijssel (CR);2014;159938;38828;95466;25644;129963;13177;6427;6750;16798;9306;7492;1139;541;598;805;482;323;7607;3874;3733;641;257;384;6606;4152;2454;1855.0;1463.0;1483.0;897.0;4913.0;4859.0;11
549;Zuidwest-Overijssel (CR);2015;160980;38848;95877;26255;130165;13599;6704;6895;17216;9450;7766;1169;555;614;841;505;336;7672;3894;3778;688;275;413;6846;4221;2625;1891.0;1477.0;1453.0;917.0;4900.0;4898.0;11
550;Zuidwest-Overijssel (CR);2016;161947;38963;96108;26876;130231;14089;7028;7061;17627;9563;8064;1177;555;622;870;517;353;7754;3920;3834;714;286;428;7112;4285;2827;1904.0;1491.0;1457.0;937.0;4945.0;4918.0;11
551;Zuidwest-Overijssel (CR);2017;162922;39091;96294;27537;130312;14524;7314;7210;18086;9758;8328;1210;562;648;895;530;365;7826;3937;3889;762;301;461;7393;4428;2965;1888.0;1545.0;1461.0;918.0;5000.0;4945.0;11
552;Zuidwest-Overijssel (CR);2018;163874;39147;96555;28172;130453;14888;7592;7296;18533;9962;8571;1251;583;668;945;566;379;7875;3967;3908;797;309;488;7665;4537;3128;1948.0;1542.0;1454.0;973.0;4970.0;4981.0;11
553;Zuidwest-Overijssel (CR);2019;164764;39191;96755;28818;130570;15256;7822;7434;18938;10136;8802;1289;597;692;978;602;376;7910;3982;3928;835;324;511;7926;4631;3295;1916.0;1580.0;1334.0;969.0;5104.0;5005.0;11
554;Zuidwest-Overijssel (CR);2020;165581;39177;96999;29405;130727;15623;8019;7604;19231;10220;9011;1320;616;704;1000;620;380;7929;3977;3952;870;327;543;8112;4680;3432;1987.0;1596.0;1296.0;909.0;5023.0;5017.0;11
555;Zuidwest-Overijssel (CR);2021;166375;39154;97117;30104;130913;15905;8164;7741;19557;10311;9246;1358;633;725;1018;626;392;7945;3970;3975;907;336;571;8329;4746;3583;2000.0;1613.0;1255.0;945.0;5098.0;5049.0;11
556;Zuidwest-Overijssel (CR);2022;167132;39183;97149;30800;131178;16132;8290;7842;19822;10357;9465;1405;657;748;1047;636;411;7934;3944;3990;942;341;601;8494;4779;3715;2000.0;1674.0;1181.0;963.0;5180.0;5059.0;11
557;Zuidwest-Overijssel (CR);2023;167807;39102;97187;31518;131377;16367;8383;7984;20063;10397;9666;1428;676;752;1044;631;413;7963;3926;4037;977;353;624;8651;4811;3840;1999.0;1675.0;1099.0;910.0;5160.0;5052.0;11
558;Zuidwest-Overijssel (CR);2024;168431;39099;96961;32371;131585;16583;8486;8097;20263;10403;9860;1464;677;787;1060;647;413;7987;3907;4080;1024;363;661;8728;4809;3919;2044.0;1704.0;1086.0;961.0;5167.0;5053.0;11
559;Zuidwest-Overijssel (CR);2025;169024;39192;96727;33105;131813;16691;8467;8224;20520;10443;10077;1495;685;810;1080;653;427;7994;3899;4095;1074;369;705;8877;4837;4040;;;;;;;11
560;Twente (CR);2006;616634;154853;371107;90674;517257;51098;17610;33488;48279;27904;20375;3093;1578;1515;1782;983;799;23553;12133;11420;3100;1508;1592;16751;11702;5049;7301.0;5773.0;2474.0;3688.0;17610.0;17358.0;12
561;Twente (CR);2007;617261;154390;371097;91774;517820;50661;17351;33310;48780;27684;21096;3183;1618;1565;1801;983;818;23733;12081;11652;3199;1544;1655;16864;11458;5406;7221.0;5778.0;2474.0;3537.0;17651.0;17282.0;12
562;Twente (CR);2008;618058;153741;371098;93219;518301;50437;17206;33231;49320;27565;21755;3290;1671;1619;1814;980;834;23892;12030;11862;3290;1571;1719;17034;11313;5721;7087.0;5860.0;2511.0;3461.0;17612.0;17255.0;12
563;Twente (CR);2009;618746;153273;370448;95025;518728;50173;17113;33060;49845;27436;22409;3390;1725;1665;1834;986;848;24041;11987;12054;3399;1610;1789;17181;11128;6053;7033.0;5928.0;2581.0;3463.0;17691.0;17238.0;12
564;Twente (CR);2010;619461;152523;369894;97044;519006;49996;17117;32879;50459;27404;23055;3447;1739;1708;1880;1000;880;24180;11953;12227;3490;1627;1863;17462;11085;6377;6940.0;5966.0;2563.0;3404.0;17689.0;17203.0;12
565;Twente (CR);2011;620136;151628;369950;98558;519194;49843;17091;32752;51099;27402;23697;3547;1777;1770;1953;1042;911;24325;11917;12408;3571;1651;1920;17703;11015;6688;6957.0;6111.0;2626.0;3309.0;17641.0;17204.0;12
566;Twente (CR);2012;620780;150849;367969;101962;519248;49803;17133;32670;51729;27376;24353;3657;1805;1852;1992;1057;935;24412;11867;12545;3668;1687;1981;18000;10960;7040;6878.0;6100.0;2692.0;3277.0;17659.0;17212.0;12
567;Twente (CR);2013;621471;150057;366352;105062;519293;49785;17197;32588;52393;27458;24935;3741;1826;1915;2035;1096;939;24545;11858;12687;3791;1724;2067;18281;10954;7327;6909.0;6155.0;2586.0;3224.0;17666.0;17206.0;12
568;Twente (CR);2014;622097;149321;365052;107724;519315;49668;17212;32456;53114;27570;25544;3868;1871;1997;2113;1147;966;24649;11820;12829;3881;1736;2145;18603;10996;7607;6921.0;6310.0;2571.0;3274.0;17716.0;17132.0;12
569;Twente (CR);2015;622628;148389;364452;109787;519287;49606;17268;32338;53735;27684;26051;3945;1899;2046;2165;1187;978;24722;11812;12910;3993;1771;2222;18910;11015;7895;6987.0;6359.0;2615.0;3190.0;17672.0;17215.0;12
570;Twente (CR);2016;623192;148068;363289;111835;519271;49506;17270;32236;54415;27851;26564;4032;1930;2102;2232;1227;1005;24797;11792;13005;4111;1790;2321;19243;11112;8131;7054.0;6444.0;2492.0;3284.0;17721.0;17227.0;12
571;Twente (CR);2017;623563;147546;362346;113671;519305;49352;17262;32090;54906;27841;27065;4121;1955;2166;2294;1269;1025;24798;11720;13078;4191;1807;2384;19502;11090;8412;7168.0;6507.0;2532.0;3145.0;17690.0;17205.0;12
572;Twente (CR);2018;624141;147256;361186;115699;519440;49251;17292;31959;55450;27861;27589;4220;1994;2226;2358;1294;1064;24821;11659;13162;4293;1816;2477;19758;11098;8660;7286.0;6595.0;2451.0;3058.0;17656.0;17237.0;12
573;Twente (CR);2019;624702;146737;360447;117518;519498;49194;17327;31867;56010;27940;28070;4327;2050;2277;2375;1298;1077;24819;11574;13245;4389;1828;2561;20100;11190;8910;7238.0;6641.0;2462.0;2967.0;17726.0;17293.0;12
574;Twente (CR);2020;625282;146169;359870;119243;519544;49119;17328;31791;56619;28039;28580;4433;2095;2338;2446;1339;1107;24817;11553;13264;4509;1854;2655;20414;11198;9216;7373.0;6704.0;2379.0;3032.0;17731.0;17288.0;12
575;Twente (CR);2021;625794;145442;359398;120954;519474;49048;17270;31778;57272;28190;29082;4543;2144;2399;2544;1397;1147;24865;11523;13342;4572;1855;2717;20748;11271;9477;7431.0;6879.0;2378.0;2980.0;17781.0;17310.0;12
576;Twente (CR);2022;626274;145005;358780;122489;519529;48869;17260;31609;57876;28386;29490;4592;2155;2437;2616;1450;1166;24852;11483;13369;4665;1882;2783;21151;11416;9735;7471.0;6922.0;2347.0;2947.0;17740.0;17301.0;12
577;Twente (CR);2023;626722;144671;357937;124114;519430;48695;17193;31502;58597;28600;29997;4661;2170;2491;2719;1501;1218;24899;11483;13416;4772;1885;2887;21546;11561;9985;7541.0;7058.0;2300.0;2940.0;17734.0;17298.0;12
578;Twente (CR);2024;627069;144414;356925;125730;519307;48548;17169;31379;59214;28798;30416;4727;2210;2517;2786;1516;1270;24946;11507;13439;4845;1893;2952;21910;11672;10238;7626.0;7076.0;2421.0;2829.0;17541.0;17307.0;12
579;Twente (CR);2025;627512;144590;355434;127488;519192;48431;17164;31267;59889;29076;30813;4836;2267;2569;2880;1571;1309;25003;11511;13492;4912;1890;3022;22258;11837;10421;;;;;;;12
580;Veluwe (CR);2006;645265;167493;384507;93265;568281;39509;15150;24359;37475;22600;14875;3028;1550;1478;2002;1041;961;10922;5830;5092;5924;3056;2868;15599;11123;4476;7723.0;5710.0;2670.0;3404.0;20662.0;21231.0;13
581;Veluwe (CR);2007;646030;166167;385632;94231;567895;39661;15133;24528;38474;22705;15769;3211;1616;1595;2040;1060;980;11205;5850;5355;6126;3066;3060;15892;11113;4779;7580.0;5741.0;2868.0;3329.0;20093.0;21191.0;13
582;Veluwe (CR);2008;646356;164913;385899;95544;567011;39907;15244;24663;39438;22876;16562;3335;1665;1670;2094;1085;1009;11484;5887;5597;6293;3066;3227;16232;11173;5059;7587.0;5701.0;2942.0;3421.0;20024.0;21131.0;13
583;Veluwe (CR);2009;646707;163791;385449;97467;566070;40209;15366;24843;40428;23128;17300;3474;1722;1752;2119;1116;1003;11764;5947;5817;6485;3101;3384;16586;11242;5344;7552.0;5829.0;3039.0;3275.0;19742.0;21075.0;13
584;Veluwe (CR);2010;646907;162785;384654;99468;564822;40585;15540;25045;41500;23404;18096;3630;1784;1846;2198;1167;1031;12020;5997;6023;6653;3110;3543;16999;11346;5653;7471.0;5904.0;3138.0;3365.0;19755.0;20981.0;13
585;Veluwe (CR);2011;647063;161581;384518;100964;563587;41026;15896;25130;42450;23628;18822;3751;1826;1925;2234;1202;1032;12238;6040;6198;6817;3128;3689;17410;11432;5978;7434.0;5989.0;3199.0;3343.0;19762.0;20933.0;13
586;Veluwe (CR);2012;647243;160432;381874;104937;562265;41505;16270;25235;43473;23859;19614;3923;1891;2032;2321;1252;1069;12441;6048;6393;6978;3150;3828;17810;11518;6292;7381.0;5986.0;3228.0;3417.0;19816.0;20895.0;13
587;Veluwe (CR);2013;647431;159466;379330;108635;560985;42024;16637;25387;44422;24089;20333;4071;1934;2137;2403;1301;1102;12622;6045;6577;7143;3187;3956;18183;11622;6561;7409.0;6120.0;3385.0;3382.0;19738.0;20927.0;13
588;Veluwe (CR);2014;647564;158553;377395;111616;559757;42459;17018;25441;45348;24311;21037;4237;1986;2251;2472;1329;1143;12818;6082;6736;7291;3210;4081;18530;11704;6826;7390.0;6118.0;3358.0;3421.0;19640.0;20837.0;13
589;Veluwe (CR);2015;647633;157552;376064;114017;558361;42965;17385;25580;46307;24636;21671;4346;2019;2327;2551;1379;1172;13016;6125;6891;7417;3218;4199;18977;11895;7082;7419.0;6195.0;3280.0;3381.0;19666.0;20765.0;13
590;Veluwe (CR);2016;647692;156769;374813;116110;557124;43363;17676;25687;47205;24953;22252;4479;2087;2392;2624;1440;1184;13146;6123;7023;7536;3252;4284;19420;12051;7369;7340.0;6261.0;3324.0;3356.0;19668.0;20729.0;13
591;Veluwe (CR);2017;647713;156140;373316;118257;555858;43800;17975;25825;48055;25219;22836;4617;2150;2467;2710;1496;1214;13271;6134;7137;7634;3261;4373;19823;12178;7645;7329.0;6313.0;3306.0;3373.0;19738.0;20729.0;13
592;Veluwe (CR);2018;647712;155559;371668;120485;554483;44183;18306;25877;49046;25568;23478;4736;2172;2564;2823;1566;1257;13404;6163;7241;7745;3278;4467;20338;12389;7949;7351.0;6386.0;3317.0;3411.0;19772.0;20675.0;13
593;Veluwe (CR);2019;647736;154529;370509;122698;553274;44543;18571;25972;49919;25871;24048;4839;2201;2638;2943;1633;1310;13522;6190;7332;7855;3286;4569;20760;12561;8199;7393.0;6468.0;3301.0;3256.0;19772.0;20738.0;13
594;Veluwe (CR);2020;647790;153655;369280;124855;551998;44897;18884;26013;50895;26288;24607;4952;2252;2700;3077;1702;1375;13657;6193;7464;7956;3296;4660;21253;12845;8408;7362.0;6599.0;3284.0;3317.0;19844.0;20705.0;13
595;Veluwe (CR);2021;647724;152549;368151;127024;550710;45154;19149;26005;51860;26637;25223;5023;2264;2759;3164;1754;1410;13803;6231;7572;8049;3291;4758;21821;13097;8724;7346.0;6654.0;3266.0;3354.0;19898.0;20661.0;13
596;Veluwe (CR);2022;647638;151635;366839;129164;549316;45597;19446;26151;52725;26980;25745;5154;2313;2841;3275;1805;1470;13914;6256;7658;8130;3291;4839;22252;13315;8937;7472.0;6767.0;3267.0;3196.0;19714.0;20631.0;13
597;Veluwe (CR);2023;647562;151165;365300;131097;547989;45966;19728;26238;53607;27306;26301;5262;2364;2898;3390;1873;1517;13992;6263;7729;8221;3277;4944;22742;13529;9213;7447.0;6895.0;3315.0;3267.0;19812.0;20578.0;13
598;Veluwe (CR);2024;647449;150877;363345;133227;546734;46264;19938;26326;54451;27621;26830;5399;2402;2997;3512;1954;1558;14039;6259;7780;8322;3283;5039;23179;13723;9456;7465.0;6977.0;3324.0;3227.0;19795.0;20574.0;13
599;Veluwe (CR);2025;647318;150448;361558;135312;545336;46653;20147;26506;55329;27929;27400;5509;2446;3063;3627;2009;1618;14137;6251;7886;8390;3289;5101;23666;13934;9732;;;;;;;13
600;Achterhoek (CR);2006;402879;99230;239436;64213;356601;28873;9669;19204;17405;10456;6949;1131;541;590;785;417;368;7113;3725;3388;1404;716;688;6972;5057;1915;4156.0;3860.0;1047.0;1266.0;14141.0;14152.0;14
601;Achterhoek (CR);2007;402957;98249;239511;65197;355807;29163;9774;19389;17987;10821;7166;1233;599;634;847;453;394;7130;3721;3409;1468;745;723;7310;5305;2005;4000.0;3862.0;1087.0;1305.0;14163.0;14206.0;14
602;Achterhoek (CR);2008;402869;97036;239570;66263;354820;29446;9921;19525;18603;11174;7429;1345;656;689;903;483;420;7157;3728;3429;1535;776;759;7664;5532;2132;3976.0;3904.0;1124.0;1258.0;14205.0;14323.0;14
603;Achterhoek (CR);2009;402716;96014;239211;67491;353782;29715;10068;19647;19219;11521;7698;1472;720;752;981;544;437;7185;3726;3459;1598;798;800;7983;5732;2251;3871.0;3973.0;1132.0;1290.0;14345.0;14455.0;14
604;Achterhoek (CR);2010;402371;94826;238794;68751;352660;29956;10254;19702;19755;11806;7949;1603;787;816;1037;572;465;7179;3715;3464;1658;833;825;8278;5898;2380;3838.0;3983.0;1202.0;1235.0;14292.0;14499.0;14
605;Achterhoek (CR);2011;402011;93481;238626;69904;351395;30305;10473;19832;20311;12120;8191;1712;845;867;1093;605;488;7184;3709;3475;1729;855;874;8594;6107;2487;3766.0;4098.0;1212.0;1307.0;14512.0;14581.0;14
606;Achterhoek (CR);2012;401549;92065;237131;72353;350091;30603;10733;19870;20855;12428;8427;1784;889;895;1160;652;508;7181;3707;3474;1795;889;906;8933;6291;2642;3818.0;4080.0;1278.0;1300.0;14482.0;14644.0;14
607;Achterhoek (CR);2013;401113;90851;235684;74578;348747;30888;10937;19951;21478;12784;8694;1891;936;955;1216;692;524;7193;3703;3490;1862;922;940;9316;6529;2787;3883.0;4147.0;1292.0;1283.0;14509.0;14702.0;14
608;Achterhoek (CR);2014;400686;89730;234415;76541;347486;31154;11135;20019;22046;13093;8953;1997;985;1012;1274;735;539;7179;3685;3494;1908;945;963;9688;6743;2945;3944.0;4155.0;1299.0;1328.0;14500.0;14745.0;14
609;Achterhoek (CR);2015;400231;88673;233468;78090;346144;31467;11390;20077;22620;13363;9257;2121;1034;1087;1338;776;562;7147;3660;3487;1987;970;1017;10027;6924;3103;4011.0;4228.0;1299.0;1331.0;14502.0;14750.0;14
610;Achterhoek (CR);2016;399762;87905;232368;79489;344892;31716;11583;20133;23154;13646;9508;2224;1075;1149;1400;804;596;7154;3660;3494;2044;984;1060;10332;7123;3209;4083.0;4349.0;1238.0;1287.0;14581.0;14781.0;14
611;Achterhoek (CR);2017;399266;87173;231352;80741;343581;32013;11816;20197;23672;13900;9772;2333;1140;1193;1444;828;616;7134;3646;3488;2121;1005;1116;10641;7282;3359;4193.0;4337.0;1309.0;1285.0;14477.0;14818.0;14
612;Achterhoek (CR);2018;398817;86641;230038;82138;342263;32326;12039;20287;24228;14190;10038;2453;1194;1259;1487;862;625;7148;3653;3495;2175;1024;1151;10966;7458;3508;4244.0;4429.0;1331.0;1303.0;14534.0;14826.0;14
613;Achterhoek (CR);2019;398394;86146;228912;83336;341006;32610;12256;20354;24778;14482;10296;2558;1253;1305;1546;893;653;7157;3643;3514;2248;1054;1194;11270;7642;3628;4401.0;4422.0;1312.0;1320.0;14461.0;14851.0;14
614;Achterhoek (CR);2020;398000;85550;227858;84592;339794;32867;12436;20431;25339;14794;10545;2675;1305;1370;1610;939;671;7165;3644;3521;2311;1075;1236;11578;7831;3747;4385.0;4503.0;1298.0;1324.0;14595.0;14903.0;14
615;Achterhoek (CR);2021;397577;85051;226826;85700;338594;33133;12649;20484;25850;15064;10786;2779;1349;1430;1673;987;686;7125;3634;3491;2373;1098;1275;11901;7997;3904;4462.0;4554.0;1298.0;1260.0;14455.0;14855.0;14
616;Achterhoek (CR);2022;397169;84770;225543;86856;337440;33308;12776;20532;26421;15369;11052;2904;1408;1496;1741;1030;711;7100;3617;3483;2434;1111;1323;12242;8203;4039;4478.0;4591.0;1317.0;1314.0;14427.0;14812.0;14
617;Achterhoek (CR);2023;396694;84534;224073;88087;336190;33509;12934;20575;26995;15697;11298;3018;1463;1555;1775;1046;729;7090;3605;3485;2505;1139;1366;12607;8444;4163;4545.0;4682.0;1361.0;1262.0;14420.0;14754.0;14
618;Achterhoek (CR);2024;396351;84568;222657;89126;335021;33811;13139;20672;27519;15923;11596;3120;1496;1624;1832;1084;748;7104;3586;3518;2551;1156;1395;12912;8601;4311;4539.0;4734.0;1283.0;1264.0;14512.0;14725.0;14
619;Achterhoek (CR);2025;395999;84865;220697;90437;333918;34060;13354;20706;28021;16148;11873;3209;1541;1668;1886;1116;770;7064;3555;3509;2626;1173;1453;13237;8764;4473;;;;;;;14
620;Arnhem/Nijmegen (CR);2006;692786;162651;432834;97301;566836;67617;23755;43862;58333;35312;23021;6670;3477;3193;4966;3097;1869;16762;9134;7628;6818;3527;3291;23117;16077;7040;7527.0;6134.0;3128.0;4490.0;30924.0;29174.0;15
621;Arnhem/Nijmegen (CR);2007;694629;162512;433481;98636;568120;67394;23571;43823;59115;35262;23853;6834;3533;3301;4907;3032;1875;16840;9063;7777;7011;3562;3449;23523;16072;7451;7469.0;6175.0;3120.0;4346.0;30867.0;29059.0;15
622;Arnhem/Nijmegen (CR);2008;696561;162369;434141;100051;569521;67155;23375;43780;59885;35179;24706;6947;3577;3370;4857;2937;1920;16940;9035;7905;7217;3594;3623;23924;16036;7888;7357.0;6247.0;3254.0;4236.0;30937.0;29055.0;15
623;Arnhem/Nijmegen (CR);2009;698625;162196;434630;101799;570835;67099;23390;43709;60691;35055;25636;7075;3580;3495;4801;2858;1943;17060;8999;8061;7407;3631;3776;24348;15987;8361;7370.0;6279.0;3236.0;4223.0;30882.0;29002.0;15
624;Arnhem/Nijmegen (CR);2010;700663;161732;435082;103849;572169;66999;23330;43669;61495;35010;26485;7188;3615;3573;4813;2835;1978;17149;8991;8158;7591;3662;3929;24754;15907;8847;7377.0;6334.0;3266.0;4069.0;30777.0;28935.0;15
625;Arnhem/Nijmegen (CR);2011;702799;161011;435983;105805;573389;67080;23362;43718;62330;35083;27247;7331;3679;3652;4773;2789;1984;17213;8958;8255;7759;3687;4072;25254;15970;9284;7355.0;6421.0;3322.0;4102.0;30749.0;28999.0;15
626;Arnhem/Nijmegen (CR);2012;704772;160073;434505;110194;574493;67105;23460;43645;63174;35133;28041;7449;3724;3725;4733;2728;2005;17304;8925;8379;7939;3709;4230;25749;16047;9702;7342.0;6494.0;3312.0;4023.0;30716.0;29010.0;15
627;Arnhem/Nijmegen (CR);2013;706684;159384;433070;114230;575382;67284;23676;43608;64018;35245;28773;7610;3768;3842;4779;2734;2045;17324;8892;8432;8086;3727;4359;26219;16124;10095;7414.0;6619.0;3252.0;3957.0;30754.0;29000.0;15
628;Arnhem/Nijmegen (CR);2014;708594;158681;432165;117748;576266;67508;23859;43649;64820;35308;29512;7722;3805;3917;4766;2693;2073;17402;8859;8543;8294;3753;4541;26636;16198;10438;7370.0;6713.0;3199.0;3989.0;30823.0;29018.0;15
629;Arnhem/Nijmegen (CR);2015;710317;158007;431199;121111;577107;67659;24046;43613;65551;35345;30206;7819;3829;3990;4729;2646;2083;17495;8829;8666;8422;3768;4654;27086;16273;10813;7359.0;6781.0;3249.0;3900.0;30670.0;28974.0;15
630;Arnhem/Nijmegen (CR);2016;711995;157486;430415;124094;577915;67736;24290;43446;66344;35452;30892;7926;3833;4093;4758;2660;2098;17537;8803;8734;8524;3791;4733;27599;16365;11234;7325.0;6921.0;3119.0;3839.0;30747.0;29016.0;15
631;Arnhem/Nijmegen (CR);2017;713472;156911;429515;127046;578580;67775;24451;43324;67117;35548;31569;8041;3863;4178;4814;2648;2166;17586;8759;8827;8627;3812;4815;28049;16466;11583;7385.0;6948.0;3159.0;3909.0;30718.0;29023.0;15
632;Arnhem/Nijmegen (CR);2018;714928;156442;428129;130357;579215;67878;24639;43239;67835;35686;32149;8115;3915;4200;4817;2661;2156;17622;8706;8916;8742;3828;4914;28539;16576;11963;7406.0;7024.0;3001.0;3831.0;30740.0;29011.0;15
633;Arnhem/Nijmegen (CR);2019;716270;155549;427405;133316;579854;67812;24714;43098;68604;35896;32708;8232;3967;4265;4842;2685;2157;17630;8671;8959;8855;3842;5013;29045;16731;12314;7370.0;7153.0;3004.0;3772.0;30864.0;29073.0;15
634;Arnhem/Nijmegen (CR);2020;717586;154889;426490;136207;580402;67844;24849;42995;69340;36093;33247;8327;4019;4308;4857;2687;2170;17635;8627;9008;8960;3874;5086;29561;16886;12675;7468.0;7288.0;2977.0;3668.0;30712.0;29101.0;15
635;Arnhem/Nijmegen (CR);2021;718755;153914;425700;139141;580957;67697;24888;42809;70101;36263;33838;8404;4027;4377;4934;2722;2212;17596;8523;9073;9084;3900;5184;30083;17091;12992;7407.0;7431.0;2912.0;3623.0;30859.0;29105.0;15
636;Arnhem/Nijmegen (CR);2022;719834;153215;424367;142252;581469;67615;24982;42633;70750;36352;34398;8493;4057;4436;4951;2722;2229;17541;8443;9098;9191;3911;5280;30574;17219;13355;7464.0;7474.0;2874.0;3669.0;30895.0;29152.0;15
637;Arnhem/Nijmegen (CR);2023;720858;152360;423355;145143;581958;67473;24984;42489;71427;36538;34889;8576;4099;4477;5005;2740;2265;17489;8369;9120;9253;3896;5357;31104;17434;13670;7427.0;7611.0;2790.0;3601.0;30813.0;28972.0;15
638;Arnhem/Nijmegen (CR);2024;721761;151849;421733;148179;582288;67339;25047;42292;72134;36761;35373;8656;4147;4509;5076;2782;2294;17437;8279;9158;9380;3929;5451;31585;17624;13961;7409.0;7808.0;2765.0;3472.0;30828.0;28936.0;15
639;Arnhem/Nijmegen (CR);2025;722611;151580;419787;151244;582538;67262;25144;42118;72811;36899;35912;8747;4165;4582;5119;2798;2321;17389;8193;9196;9456;3923;5533;32100;17820;14280;;;;;;;15
640;Zuidwest-Gelderland (CR);2006;233394;63631;141113;28650;206941;13116;4424;8692;13337;7484;5853;1010;485;525;521;236;285;2817;1417;1400;5119;2701;2418;3870;2645;1225;2987.0;1839.0;571.0;689.0;7164.0;8012.0;16
641;Zuidwest-Gelderland (CR);2007;233594;63403;140989;29202;206577;13333;4477;8856;13684;7614;6070;1052;509;543;534;248;286;2862;1409;1453;5200;2685;2515;4036;2763;1273;2924.0;1904.0;613.0;659.0;6779.0;7956.0;16
642;Zuidwest-Gelderland (CR);2008;233417;62865;140665;29887;205972;13472;4538;8934;13973;7729;6244;1093;530;563;547;262;285;2904;1425;1479;5256;2644;2612;4173;2868;1305;2880.0;1856.0;599.0;639.0;6805.0;7988.0;16
643;Zuidwest-Gelderland (CR);2009;233221;62483;139992;30746;205371;13619;4609;9010;14231;7807;6424;1143;554;589;559;270;289;2937;1418;1519;5279;2608;2671;4313;2957;1356;2793.0;1932.0;641.0;649.0;6825.0;7978.0;16
644;Zuidwest-Gelderland (CR);2010;232926;61932;139249;31745;204627;13813;4696;9117;14486;7880;6606;1195;570;625;569;274;295;2962;1403;1559;5304;2575;2729;4456;3058;1398;2787.0;1949.0;651.0;638.0;6855.0;7998.0;16
645;Zuidwest-Gelderland (CR);2011;232639;61350;138812;32477;203886;14017;4809;9208;14736;7972;6764;1221;579;642;595;299;296;2976;1384;1592;5314;2549;2765;4630;3161;1469;2712.0;1931.0;665.0;633.0;6809.0;7946.0;16
646;Zuidwest-Gelderland (CR);2012;232326;60637;137443;34246;203157;14219;4905;9314;14950;8034;6916;1261;600;661;621;322;299;2977;1376;1601;5317;2515;2802;4774;3221;1553;2694.0;1966.0;678.0;612.0;6799.0;7934.0;16
647;Zuidwest-Gelderland (CR);2013;231997;59959;136223;35815;202408;14415;5021;9394;15174;8074;7100;1308;620;688;628;325;303;2998;1370;1628;5306;2464;2842;4934;3295;1639;2648.0;2008.0;686.0;593.0;6858.0;7949.0;16
648;Zuidwest-Gelderland (CR);2014;231662;59279;135320;37063;201616;14609;5191;9418;15437;8191;7246;1356;637;719;657;348;309;2980;1355;1625;5321;2460;2861;5123;3391;1732;2674.0;2027.0;709.0;630.0;6847.0;7956.0;16
649;Zuidwest-Gelderland (CR);2015;231293;58644;134491;38158;200926;14772;5306;9466;15595;8250;7345;1381;642;739;677;360;317;3001;1360;1641;5294;2441;2853;5242;3447;1795;2640.0;2019.0;674.0;656.0;6936.0;7961.0;16
650;Zuidwest-Gelderland (CR);2016;230917;58042;133678;39197;200231;14962;5426;9536;15724;8279;7445;1414;645;769;703;375;328;3021;1357;1664;5275;2413;2862;5311;3489;1822;2693.0;2111.0;722.0;617.0;6872.0;7942.0;16
651;Zuidwest-Gelderland (CR);2017;230554;57615;132688;40251;199574;15090;5507;9583;15890;8349;7541;1423;641;782;734;390;344;3019;1354;1665;5232;2379;2853;5482;3585;1897;2684.0;2117.0;673.0;623.0;6962.0;7939.0;16
652;Zuidwest-Gelderland (CR);2018;230211;56983;131907;41321;198792;15300;5657;9643;16119;8460;7659;1469;655;814;751;405;346;3031;1357;1674;5196;2348;2848;5672;3695;1977;2710.0;2158.0;666.0;650.0;6984.0;7954.0;16
653;Zuidwest-Gelderland (CR);2019;229817;56361;131160;42296;198107;15436;5744;9692;16274;8582;7692;1500;675;825;764;422;342;3032;1357;1675;5140;2328;2812;5838;3800;2038;2734.0;2195.0;685.0;638.0;6990.0;7979.0;16
654;Zuidwest-Gelderland (CR);2020;229428;55762;130345;43321;197483;15576;5851;9725;16369;8610;7759;1522;681;841;783;431;352;3024;1358;1666;5074;2283;2791;5966;3857;2109;2762.0;2244.0;594.0;605.0;7046.0;7925.0;16
655;Zuidwest-Gelderland (CR);2021;229078;55153;129720;44205;196802;15750;5942;9808;16526;8675;7851;1534;683;851;809;445;364;3027;1357;1670;5037;2261;2776;6119;3929;2190;2753.0;2291.0;637.0;611.0;7077.0;7974.0;16
656;Zuidwest-Gelderland (CR);2022;228684;54539;129038;45107;196185;15902;6047;9855;16597;8704;7893;1536;679;857;840;465;375;3027;1340;1687;4979;2229;2750;6215;3991;2224;2801.0;2331.0;659.0;573.0;7065.0;7979.0;16
657;Zuidwest-Gelderland (CR);2023;228343;54155;128256;45932;195467;16071;6120;9951;16805;8825;7980;1573;697;876;856;472;384;3030;1345;1685;4914;2197;2717;6432;4114;2318;2816.0;2363.0;662.0;602.0;7029.0;7938.0;16
658;Zuidwest-Gelderland (CR);2024;227969;53761;127420;46788;194785;16223;6240;9983;16961;8901;8060;1588;692;896;895;507;388;3025;1330;1695;4857;2170;2687;6596;4202;2394;2820.0;2416.0;659.0;579.0;7084.0;7919.0;16
659;Zuidwest-Gelderland (CR);2025;227629;53568;126378;47683;194138;16359;6308;10051;17132;8943;8189;1615;684;931;919;511;408;3047;1337;1710;4801;2136;2665;6750;4275;2475;;;;;;;16
660;Utrecht (CR);2006;1173190;295777;728636;148777;946226;95995;36718;59277;130969;74765;56204;18548;9989;8559;7804;4229;3575;24501;13148;11353;43214;22879;20335;36902;24520;12382;15100.0;9251.0;5920.0;7123.0;49902.0;49095.0;17
661;Utrecht (CR);2007;1178722;297150;731018;150554;948542;96473;37010;59463;133707;75261;58446;18934;10094;8840;7881;4237;3644;24836;13205;11631;44129;22873;21256;37927;24852;13075;14947.0;9345.0;6117.0;7133.0;49663.0;49004.0;17
662;Utrecht (CR);2008;1184013;298292;733029;152692;950205;97062;37366;59696;136746;75881;60865;19379;10218;9161;8029;4320;3709;25181;13247;11934;45136;22913;22223;39021;25183;13838;14807.0;9354.0;6304.0;7120.0;49721.0;48950.0;17
663;Utrecht (CR);2009;1189484;299517;734320;155647;952260;97801;37881;59920;139423;76305;63118;19748;10313;9435;8144;4354;3790;25498;13269;12229;45974;22863;23111;40059;25506;14553;14677.0;9506.0;6525.0;7162.0;47837.0;48896.0;17
664;Utrecht (CR);2010;1193026;299785;734185;159056;952549;98657;38438;60219;141820;76520;65300;20093;10406;9687;8303;4425;3878;25796;13278;12518;46691;22777;23914;40937;25634;15303;14664.0;9559.0;6591.0;7246.0;47960.0;48848.0;17
665;Utrecht (CR);2011;1196641;299784;735478;161379;953049;99416;38939;60477;144176;76823;67353;20295;10392;9903;8489;4499;3990;26057;13295;12762;47385;22719;24666;41950;25918;16032;14382.0;9659.0;6899.0;7031.0;47746.0;48807.0;17
666;Utrecht (CR);2012;1200235;299353;731823;169059;953289;100386;39656;60730;146560;77196;69364;20565;10423;10142;8635;4567;4068;26337;13322;13015;48002;22646;25356;43021;26238;16783;14209.0;9760.0;6913.0;6970.0;47790.0;48708.0;17
667;Utrecht (CR);2013;1203769;298949;729002;175818;953499;101447;40388;61059;148823;77594;71229;20736;10445;10291;8795;4642;4153;26700;13371;13329;48558;22622;25936;44034;26514;17520;14076.0;9793.0;6864.0;7110.0;47935.0;48713.0;17
668;Utrecht (CR);2014;1207087;298468;727052;181567;953818;102333;41145;61188;150936;77976;72960;20846;10463;10383;8845;4641;4204;26916;13369;13547;49134;22593;26541;45195;26910;18285;13897.0;9996.0;6904.0;7071.0;48031.0;48595.0;17
669;Utrecht (CR);2015;1210352;297748;725952;186652;953950;103337;41892;61445;153065;78304;74761;21042;10477;10565;9011;4728;4283;27185;13414;13771;49579;22502;27077;46248;27183;19065;13815.0;10017.0;6889.0;6825.0;47910.0;48610.0;17
670;Utrecht (CR);2016;1213608;297447;724486;191675;954102;104360;42633;61727;155146;78738;76408;21204;10515;10689;9144;4760;4384;27400;13425;13975;50047;22456;27591;47351;27582;19769;13696.0;10204.0;6878.0;6997.0;48225.0;48641.0;17
671;Utrecht (CR);2017;1216670;296826;723676;196168;954334;105359;43475;61884;156977;79061;77916;21350;10528;10822;9257;4807;4450;27636;13457;14179;50374;22346;28028;48360;27923;20437;13626.0;10286.0;6848.0;6897.0;48380.0;48784.0;17
672;Utrecht (CR);2018;1219644;296117;722395;201132;954586;106249;44155;62094;158809;79321;79488;21546;10544;11002;9403;4838;4565;27801;13437;14364;50657;22276;28381;49402;28226;21176;13697.0;10423.0;6790.0;6934.0;48583.0;48943.0;17
673;Utrecht (CR);2019;1222515;294758;721917;205840;954559;107301;44929;62372;160655;79616;81039;21721;10562;11159;9589;4886;4703;28001;13443;14558;50867;22155;28712;50477;28570;21907;13622.0;10569.0;6790.0;6916.0;48857.0;49130.0;17
674;Utrecht (CR);2020;1225275;292914;721796;210565;954526;108032;45462;62570;162717;80113;82604;21899;10579;11320;9729;4931;4798;28266;13481;14785;51104;22081;29023;51719;29041;22678;13611.0;10838.0;6748.0;7006.0;49346.0;49344.0;17
675;Utrecht (CR);2021;1227900;290529;722313;215058;954394;108894;46051;62843;164612;80630;83982;22070;10595;11475;9919;5016;4903;28420;13484;14936;51264;22023;29241;52939;29512;23427;13484.0;10982.0;6778.0;6748.0;49526.0;49596.0;17
676;Utrecht (CR);2022;1230455;288187;722469;219799;954233;109703;46580;63123;166519;81093;85426;22256;10583;11673;10172;5145;5027;28575;13481;15094;51381;21970;29411;54135;29914;24221;13571.0;11203.0;6657.0;6753.0;49873.0;49752.0;17
677;Utrecht (CR);2023;1232936;286121;721957;224858;954125;110552;47242;63310;168259;81534;86725;22377;10535;11842;10347;5213;5134;28718;13455;15263;51502;21928;29574;55315;30403;24912;13587.0;11379.0;6687.0;6696.0;49847.0;49830.0;17
678;Utrecht (CR);2024;1235257;283929;721332;229996;953865;111253;47790;63463;170139;82032;88107;22539;10547;11992;10589;5321;5268;28867;13415;15452;51470;21829;29641;56674;30920;25754;13714.0;11649.0;6923.0;7017.0;50133.0;49987.0;17
679;Utrecht (CR);2025;1237474;282436;719781;235257;953466;112085;48329;63756;171923;82471;89452;22714;10514;12200;10837;5446;5391;28977;13382;15595;51485;21711;29774;57910;31418;26492;;;;;;;17
680;Kop van Noord-Holland (CR);2006;367928;93936;226388;47604;321960;24720;9204;15516;21248;12488;8760;3930;1976;1954;2794;1564;1230;2795;1462;1333;1846;948;898;9883;6538;3345;4146.0;3032.0;1142.0;1587.0;14977.0;14523.0;18
681;Kop van Noord-Holland (CR);2007;369069;93469;226644;48956;321885;25159;9332;15827;22025;12802;9223;4091;2057;2034;2782;1531;1251;2874;1488;1386;1999;995;1004;10279;6731;3548;4132.0;3101.0;1222.0;1475.0;14210.0;14489.0;18
682;Kop van Noord-Holland (CR);2008;369595;92726;226397;50472;321240;25704;9547;16157;22651;12993;9658;4222;2112;2110;2814;1535;1279;2968;1510;1458;2125;1036;1089;10522;6800;3722;4035.0;3095.0;1298.0;1548.0;14194.0;14445.0;18
683;Kop van Noord-Holland (CR);2009;370052;92002;225638;52412;320503;26202;9750;16452;23347;13291;10056;4348;2164;2184;2847;1547;1300;3079;1554;1525;2230;1069;1161;10843;6957;3886;3970.0;3163.0;1370.0;1479.0;13840.0;14418.0;18
684;Kop van Noord-Holland (CR);2010;370218;91330;224343;54545;319507;26706;9957;16749;24005;13573;10432;4467;2228;2239;2928;1578;1350;3142;1590;1552;2335;1095;1240;11133;7082;4051;3883.0;3221.0;1336.0;1491.0;13958.0;14432.0;18
685;Kop van Noord-Holland (CR);2011;370281;90380;223538;56363;318454;27188;10188;17000;24639;13824;10815;4589;2261;2328;2959;1587;1372;3235;1644;1591;2451;1135;1316;11405;7197;4208;3887.0;3287.0;1351.0;1462.0;13926.0;14389.0;18
686;Kop van Noord-Holland (CR);2012;370334;89473;221113;59748;317431;27708;10429;17279;25195;14096;11099;4697;2314;2383;3020;1634;1386;3286;1673;1613;2555;1180;1375;11637;7295;4342;3836.0;3366.0;1404.0;1476.0;13972.0;14346.0;18
687;Kop van Noord-Holland (CR);2013;370373;88581;218818;62974;316394;28166;10681;17485;25813;14401;11412;4834;2387;2447;3009;1642;1367;3367;1719;1648;2664;1227;1437;11939;7426;4513;3745.0;3427.0;1497.0;1490.0;14026.0;14342.0;18
688;Kop van Noord-Holland (CR);2014;370401;87543;217161;65697;315193;28755;10996;17759;26453;14695;11758;4978;2473;2505;3021;1661;1360;3427;1743;1684;2771;1254;1517;12256;7564;4692;3786.0;3504.0;1449.0;1479.0;14061.0;14270.0;18
689;Kop van Noord-Holland (CR);2015;370472;86711;215509;68252;314049;29352;11283;18069;27071;14911;12160;5157;2551;2606;3046;1684;1362;3522;1780;1742;2882;1291;1591;12464;7605;4859;3810.0;3609.0;1474.0;1423.0;14052.0;14292.0;18
690;Kop van Noord-Holland (CR);2016;370513;86168;213952;70393;312881;29939;11611;18328;27693;15172;12521;5324;2619;2705;3095;1714;1381;3583;1815;1768;2973;1319;1654;12718;7705;5013;3844.0;3628.0;1514.0;1404.0;14000.0;14266.0;18
691;Kop van Noord-Holland (CR);2017;370582;85582;212697;72303;311557;30507;11898;18609;28518;15598;12920;5485;2709;2776;3177;1748;1429;3655;1856;1799;3087;1358;1729;13114;7927;5187;3782.0;3713.0;1520.0;1407.0;14119.0;14297.0;18
692;Kop van Noord-Holland (CR);2018;370617;85110;211220;74287;310435;30991;12132;18859;29191;15923;13268;5619;2806;2813;3188;1774;1414;3750;1897;1853;3190;1383;1807;13444;8063;5381;3926.0;3753.0;1559.0;1402.0;14026.0;14277.0;18
693;Kop van Noord-Holland (CR);2019;370717;84690;209853;76174;309177;31639;12468;19171;29901;16300;13601;5778;2920;2858;3248;1827;1421;3861;1934;1927;3270;1398;1872;13744;8221;5523;3964.0;3864.0;1512.0;1475.0;14224.0;14294.0;18
694;Kop van Noord-Holland (CR);2020;370808;84128;208747;77933;307975;32241;12780;19461;30592;16637;13955;5947;3025;2922;3299;1858;1441;3947;1980;1967;3378;1421;1957;14021;8353;5668;3982.0;3984.0;1635.0;1442.0;14246.0;14342.0;18
695;Kop van Noord-Holland (CR);2021;370942;83540;207826;79576;306761;32811;13065;19746;31370;17015;14355;6146;3130;3016;3390;1901;1489;4030;2020;2010;3479;1468;2011;14325;8496;5829;4022.0;4029.0;1599.0;1419.0;14290.0;14354.0;18
696;Kop van Noord-Holland (CR);2022;371089;83070;206847;81172;305771;33298;13354;19944;32020;17347;14673;6297;3237;3060;3431;1925;1506;4123;2076;2047;3546;1501;2045;14623;8608;6015;4005.0;4097.0;1639.0;1432.0;14271.0;14279.0;18
697;Kop van Noord-Holland (CR);2023;371233;82844;205725;82664;304694;33817;13613;20204;32722;17720;15002;6487;3364;3123;3507;1970;1537;4184;2128;2056;3662;1534;2128;14882;8724;6158;3921.0;4251.0;1642.0;1343.0;14558.0;14364.0;18
698;Kop van Noord-Holland (CR);2024;371433;82656;204757;84020;303532;34368;13918;20450;33533;18146;15387;6655;3483;3172;3593;2035;1558;4302;2199;2103;3777;1578;2199;15206;8851;6355;4076.0;4221.0;1584.0;1435.0;14483.0;14366.0;18
699;Kop van Noord-Holland (CR);2025;371583;82487;203698;85398;302393;34975;14185;20790;34215;18497;15718;6780;3593;3187;3598;2018;1580;4411;2257;2154;3890;1620;2270;15536;9009;6527;;;;;;;18
700;Alkmaar en omgeving (CR);2006;227329;55674;140052;31603;190767;18780;7349;11431;17782;10359;7423;2482;1219;1263;1869;1007;862;3620;1949;1671;2407;1301;1106;7404;4883;2521;2437.0;1889.0;980.0;1726.0;10391.0;8907.0;19
701;Alkmaar en omgeving (CR);2007;228622;55519;140812;32291;191898;18677;7211;11466;18047;10418;7629;2548;1239;1309;1881;1012;869;3635;1940;1695;2456;1306;1150;7527;4921;2606;2436.0;1875.0;969.0;1635.0;10559.0;8929.0;19
702;Alkmaar en omgeving (CR);2008;230160;55349;141660;33151;193051;18719;7133;11586;18390;10495;7895;2622;1254;1368;1894;1007;887;3654;1926;1728;2535;1317;1218;7685;4991;2694;2411.0;1920.0;945.0;1678.0;10724.0;8998.0;19
703;Alkmaar en omgeving (CR);2009;231648;55152;142291;34205;194308;18705;7078;11627;18635;10529;8106;2693;1271;1422;1894;1003;891;3664;1903;1761;2608;1326;1282;7776;5026;2750;2399.0;1953.0;933.0;1590.0;10479.0;9056.0;19
704;Alkmaar en omgeving (CR);2010;232871;54910;142396;35565;195349;18739;7039;11700;18783;10509;8274;2722;1276;1446;1900;997;903;3699;1897;1802;2635;1322;1313;7827;5017;2810;2378.0;1997.0;983.0;1590.0;10563.0;9129.0;19
705;Alkmaar en omgeving (CR);2011;234078;54549;142962;36567;196346;18773;7051;11722;18959;10444;8515;2761;1283;1478;1917;999;918;3724;1876;1848;2692;1337;1355;7865;4949;2916;2425.0;2019.0;973.0;1521.0;10524.0;9163.0;19
706;Alkmaar en omgeving (CR);2012;235303;54241;142531;38531;197304;18839;7048;11791;19160;10430;8730;2835;1308;1527;1910;990;920;3747;1872;1875;2729;1335;1394;7939;4925;3014;2394.0;2062.0;1000.0;1452.0;10548.0;9186.0;19
707;Alkmaar en omgeving (CR);2013;236546;54026;142118;40402;198135;18980;7102;11878;19431;10470;8961;2887;1325;1562;1939;1000;939;3748;1868;1880;2794;1350;1444;8063;4927;3136;2407.0;2096.0;970.0;1476.0;10560.0;9217.0;19
708;Alkmaar en omgeving (CR);2014;237710;53861;141824;42025;198999;19054;7135;11919;19657;10514;9143;2954;1352;1602;1927;983;944;3752;1864;1888;2839;1356;1483;8185;4959;3226;2464.0;2161.0;939.0;1417.0;10595.0;9269.0;19
709;Alkmaar en omgeving (CR);2015;238874;53748;141635;43491;199800;19193;7218;11975;19881;10563;9318;3008;1372;1636;1933;975;958;3747;1858;1889;2879;1354;1525;8314;5004;3310;2470.0;2209.0;958.0;1415.0;10561.0;9266.0;19
710;Alkmaar en omgeving (CR);2016;239986;53616;141673;44697;200575;19289;7254;12035;20122;10651;9471;3073;1397;1676;1956;991;965;3767;1855;1912;2897;1359;1538;8429;5049;3380;2520.0;2227.0;966.0;1424.0;10634.0;9348.0;19
711;Alkmaar en omgeving (CR);2017;241123;53725;141580;45818;201276;19465;7328;12137;20382;10702;9680;3134;1414;1720;1970;993;977;3781;1868;1913;2934;1354;1580;8563;5073;3490;2504.0;2269.0;892.0;1354.0;10655.0;9367.0;19
712;Alkmaar en omgeving (CR);2018;242197;53619;141591;46987;202083;19491;7329;12162;20623;10795;9828;3206;1438;1768;1984;987;997;3778;1866;1912;2964;1365;1599;8691;5139;3552;2569.0;2297.0;962.0;1349.0;10657.0;9413.0;19
713;Alkmaar en omgeving (CR);2019;243333;53646;141573;48114;202796;19629;7412;12217;20908;10924;9984;3258;1450;1808;2026;1010;1016;3787;1877;1910;2986;1371;1615;8851;5216;3635;2663.0;2383.0;954.0;1375.0;10672.0;9487.0;19
714;Alkmaar en omgeving (CR);2020;244392;53556;141665;49171;203607;19624;7396;12228;21161;11034;10127;3332;1483;1849;2033;1022;1011;3813;1895;1918;3003;1372;1631;8980;5262;3718;2622.0;2402.0;941.0;1307.0;10742.0;9532.0;19
715;Alkmaar en omgeving (CR);2021;245470;53389;141887;50194;204363;19703;7428;12275;21404;11102;10302;3413;1518;1895;2047;1028;1019;3822;1892;1930;3002;1347;1655;9120;5317;3803;2641.0;2443.0;941.0;1312.0;10785.0;9578.0;19
716;Alkmaar en omgeving (CR);2022;246525;53276;142085;51164;205037;19787;7462;12325;21701;11208;10493;3506;1542;1964;2080;1050;1030;3838;1887;1951;3022;1343;1679;9255;5386;3869;2676.0;2484.0;873.0;1229.0;10789.0;9601.0;19
717;Alkmaar en omgeving (CR);2023;247566;53194;142238;52134;205756;19836;7498;12338;21974;11294;10680;3546;1555;1991;2134;1083;1051;3833;1878;1955;3074;1355;1719;9387;5423;3964;2700.0;2533.0;911.0;1245.0;10775.0;9634.0;19
718;Alkmaar en omgeving (CR);2024;248562;53301;142286;52975;206350;19853;7501;12352;22359;11436;10923;3642;1584;2058;2179;1088;1091;3836;1872;1964;3089;1350;1739;9613;5542;4071;2769.0;2630.0;903.0;1211.0;10758.0;9669.0;19
719;Alkmaar en omgeving (CR);2025;249500;53454;142105;53941;206859;19996;7572;12424;22645;11517;11128;3717;1589;2128;2230;1107;1123;3863;1879;1984;3089;1335;1754;9746;5607;4139;;;;;;;19
720;IJmond (CR);2006;187868;46554;110574;30740;160073;15616;6016;9600;12179;6875;5304;1145;554;591;596;274;322;3830;2009;1821;1063;581;482;5545;3457;2088;1894.0;1804.0;583.0;704.0;7614.0;6686.0;20
721;IJmond (CR);2007;188771;46413;111334;31024;160432;15770;6084;9686;12569;6984;5585;1206;568;638;613;282;331;3903;2009;1894;1118;601;517;5729;3524;2205;1883.0;1833.0;632.0;759.0;7844.0;6796.0;20
722;IJmond (CR);2008;189758;46232;112247;31279;160851;15981;6173;9808;12926;7094;5832;1285;590;695;635;297;338;3948;2013;1935;1163;607;556;5895;3587;2308;1886.0;1835.0;615.0;705.0;7880.0;6882.0;20
723;IJmond (CR);2009;190726;45976;113028;31722;161243;16132;6248;9884;13351;7216;6135;1341;592;749;655;306;349;3984;2005;1979;1210;624;586;6161;3689;2472;1852.0;1856.0;678.0;786.0;7915.0;7025.0;20
724;IJmond (CR);2010;191515;45688;113631;32196;161481;16364;6369;9995;13670;7320;6350;1407;606;801;667;321;346;4011;2003;2008;1250;637;613;6335;3753;2582;1857.0;1868.0;710.0;744.0;7910.0;7107.0;20
725;IJmond (CR);2011;192283;45120;114722;32441;161621;16620;6512;10108;14042;7429;6613;1455;611;844;696;337;359;4046;1997;2049;1303;649;654;6542;3835;2707;1863.0;1890.0;712.0;718.0;8029.0;7194.0;20
726;IJmond (CR);2012;193105;44675;114683;33747;161797;16917;6659;10258;14391;7557;6834;1512;629;883;689;334;355;4081;2000;2081;1341;661;680;6768;3933;2835;1937.0;1912.0;735.0;782.0;8076.0;7288.0;20
727;IJmond (CR);2013;193885;44364;114702;34819;161968;17195;6805;10390;14722;7639;7083;1568;636;932;709;342;367;4097;1985;2112;1372;671;701;6976;4005;2971;1884.0;1957.0;731.0;781.0;8235.0;7373.0;20
728;IJmond (CR);2014;194628;43976;115068;35584;162130;17443;6955;10488;15055;7741;7314;1628;645;983;721;343;378;4115;1984;2131;1397;672;725;7194;4097;3097;2001.0;1985.0;714.0;761.0;8193.0;7444.0;20
729;IJmond (CR);2015;195361;43734;115450;36177;162302;17654;7072;10582;15405;7837;7568;1692;654;1038;747;350;397;4118;1968;2150;1439;684;755;7409;4181;3228;2028.0;2011.0;749.0;806.0;8309.0;7517.0;20
730;IJmond (CR);2016;196116;43581;115816;36719;162412;17917;7202;10715;15787;7961;7826;1766;669;1097;775;367;408;4148;1962;2186;1489;698;791;7609;4265;3344;2073.0;2006.0;724.0;800.0;8307.0;7559.0;20
731;IJmond (CR);2017;196863;43493;116089;37281;162643;18120;7321;10799;16100;8059;8041;1835;688;1147;814;386;428;4128;1941;2187;1532;710;822;7791;4334;3457;2110.0;2056.0;728.0;773.0;8264.0;7590.0;20
732;IJmond (CR);2018;197556;43390;116310;37856;162912;18285;7414;10871;16359;8141;8218;1862;694;1168;827;392;435;4143;1923;2220;1565;720;845;7962;4412;3550;2183.0;2053.0;743.0;814.0;8317.0;7640.0;20
733;IJmond (CR);2019;198299;43195;116691;38413;163174;18495;7538;10957;16630;8219;8411;1923;704;1219;836;395;441;4125;1917;2208;1575;714;861;8171;4489;3682;2256.0;2065.0;739.0;794.0;8249.0;7660.0;20
734;IJmond (CR);2020;199044;43154;116920;38970;163386;18696;7635;11061;16962;8330;8632;1995;710;1285;858;404;454;4128;1911;2217;1614;731;883;8367;4574;3793;2264.0;2072.0;729.0;760.0;8255.0;7702.0;20
735;IJmond (CR);2021;199772;43048;117157;39567;163582;18906;7772;11134;17284;8453;8831;2056;727;1329;893;414;479;4120;1899;2221;1649;737;912;8566;4676;3890;2297.0;2128.0;724.0;804.0;8326.0;7737.0;20
736;IJmond (CR);2022;200469;43109;117235;40125;163852;19062;7876;11186;17555;8565;8990;2131;761;1370;924;426;498;4116;1900;2216;1664;746;918;8720;4732;3988;2381.0;2133.0;744.0;723.0;8241.0;7748.0;20
737;IJmond (CR);2023;201260;43347;117080;40833;164159;19246;8003;11243;17855;8661;9194;2201;791;1410;950;442;508;4119;1879;2240;1693;746;947;8892;4803;4089;2392.0;2132.0;760.0;811.0;8324.0;7816.0;20
738;IJmond (CR);2024;201997;43512;116955;41530;164419;19435;8145;11290;18143;8776;9367;2244;794;1450;976;455;521;4110;1866;2244;1727;756;971;9086;4905;4181;2389.0;2222.0;777.0;798.0;8327.0;7803.0;20
739;IJmond (CR);2025;202692;43772;116553;42367;164731;19550;8252;11298;18411;8863;9548;2312;834;1478;1007;468;539;4088;1847;2241;1761;761;1000;9243;4953;4290;;;;;;;20
740;Agglomeratie Haarlem (CR);2006;217089;48714;131966;36409;170682;23972;9438;14534;22435;12882;9553;2626;1304;1322;1240;623;617;6396;3396;3000;4477;2525;1952;7696;5034;2662;2424.0;2327.0;1635.0;1863.0;10595.0;10129.0;21
741;Agglomeratie Haarlem (CR);2007;217437;49150;131897;36390;170147;24222;9489;14733;23068;13029;10039;2765;1355;1410;1270;619;651;6421;3378;3043;4585;2500;2085;8027;5177;2850;2364.0;2311.0;1782.0;1878.0;10686.0;10121.0;21
742;Agglomeratie Haarlem (CR);2008;217964;49470;131984;36510;169568;24559;9655;14904;23837;13271;10566;2891;1383;1508;1329;644;685;6450;3375;3075;4741;2507;2234;8426;5362;3064;2324.0;2247.0;1881.0;1834.0;10517.0;10197.0;21
743;Agglomeratie Haarlem (CR);2009;218423;49666;131932;36825;168988;24910;9816;15094;24525;13518;11007;2989;1398;1591;1358;659;699;6487;3377;3110;4897;2523;2374;8794;5561;3233;2295.0;2308.0;1996.0;1871.0;10381.0;10245.0;21
744;Agglomeratie Haarlem (CR);2010;218681;49777;131705;37199;168227;25272;10042;15230;25182;13680;11502;3083;1411;1672;1439;692;747;6518;3360;3158;5021;2521;2500;9121;5696;3425;2242.0;2286.0;2112.0;1970.0;10507.0;10316.0;21
745;Agglomeratie Haarlem (CR);2011;218978;49770;131918;37290;167496;25702;10339;15363;25780;13819;11961;3171;1422;1749;1480;712;768;6531;3350;3181;5172;2536;2636;9426;5799;3627;2247.0;2264.0;2204.0;2002.0;10460.0;10353.0;21
746;Agglomeratie Haarlem (CR);2012;219276;49794;130923;38559;166790;26083;10603;15480;26403;13978;12425;3276;1444;1832;1525;744;781;6541;3335;3206;5319;2544;2775;9742;5911;3831;2169.0;2285.0;2317.0;2013.0;10477.0;10388.0;21
747;Agglomeratie Haarlem (CR);2013;219560;49781;130088;39691;165917;26579;10948;15631;27064;14147;12917;3383;1477;1906;1585;780;805;6565;3326;3239;5462;2556;2906;10069;6008;4061;2171.0;2247.0;2410.0;2014.0;10419.0;10444.0;21
748;Agglomeratie Haarlem (CR);2014;219865;49785;129466;40614;165031;27116;11311;15805;27718;14360;13358;3481;1495;1986;1661;826;835;6600;3329;3271;5589;2556;3033;10387;6154;4233;2144.0;2286.0;2486.0;2097.0;10538.0;10493.0;21
749;Agglomeratie Haarlem (CR);2015;220173;49917;128888;41368;164215;27617;11680;15937;28341;14569;13772;3527;1505;2022;1708;862;846;6645;3328;3317;5716;2561;3155;10745;6313;4432;2125.0;2264.0;2490.0;2075.0;10523.0;10483.0;21
750;Agglomeratie Haarlem (CR);2016;220503;49943;128524;42036;163358;28084;11992;16092;29061;14835;14226;3615;1515;2100;1757;897;860;6695;3332;3363;5840;2577;3263;11154;6514;4640;2172.0;2270.0;2532.0;2150.0;10577.0;10528.0;21
751;Agglomeratie Haarlem (CR);2017;220854;49982;128301;42571;162583;28573;12286;16287;29698;15056;14642;3694;1539;2155;1794;909;885;6728;3328;3400;5964;2593;3371;11518;6687;4831;2161.0;2282.0;2617.0;2164.0;10593.0;10610.0;21
752;Agglomeratie Haarlem (CR);2018;221190;49942;128192;43056;161695;29066;12625;16441;30429;15320;15109;3763;1535;2228;1869;959;910;6752;3325;3427;6083;2599;3484;11962;6902;5060;2147.0;2321.0;2640.0;2207.0;10763.0;10701.0;21
753;Agglomeratie Haarlem (CR);2019;221539;49873;128052;43614;160851;29487;12923;16564;31201;15585;15616;3848;1537;2311;1916;972;944;6796;3331;3465;6196;2618;3578;12445;7127;5318;2202.0;2292.0;2679.0;2279.0;10801.0;10717.0;21
754;Agglomeratie Haarlem (CR);2020;221955;49871;127929;44155;160088;29888;13183;16705;31979;15846;16133;3920;1543;2377;1991;1008;983;6830;3320;3510;6325;2631;3694;12913;7344;5569;2169.0;2322.0;2707.0;2233.0;10891.0;10852.0;21
755;Agglomeratie Haarlem (CR);2021;222342;49701;127921;44720;159275;30329;13488;16841;32738;16120;16618;4013;1561;2452;2071;1052;1019;6888;3322;3566;6447;2651;3796;13319;7534;5785;2250.0;2368.0;2754.0;2271.0;10949.0;10909.0;21
756;Agglomeratie Haarlem (CR);2022;222766;49647;127755;45364;158537;30669;13755;16914;33560;16428;17132;4111;1573;2538;2185;1120;1065;6946;3328;3618;6539;2670;3869;13779;7737;6042;2208.0;2353.0;2849.0;2260.0;11023.0;11011.0;21
757;Agglomeratie Haarlem (CR);2023;223240;49492;127738;46010;157809;31134;14091;17043;34297;16727;17570;4162;1564;2598;2280;1161;1119;6964;3322;3642;6632;2694;3938;14259;7986;6273;2277.0;2394.0;2875.0;2369.0;11190.0;11076.0;21
758;Agglomeratie Haarlem (CR);2024;223766;49366;127653;46747;157101;31618;14340;17278;35047;17028;18019;4263;1590;2673;2384;1208;1176;6945;3296;3649;6722;2707;4015;14733;8227;6506;2270.0;2385.0;2895.0;2321.0;11226.0;11197.0;21
759;Agglomeratie Haarlem (CR);2025;224273;49347;127531;47395;156326;32043;14630;17413;35904;17309;18595;4333;1602;2731;2508;1279;1229;7001;3281;3720;6829;2718;4111;15233;8429;6804;;;;;;;21
760;Zaanstreek (CR);2006;156660;38279;95959;22422;120835;12921;5162;7759;22904;12586;10318;4355;2204;2151;779;407;372;10521;5648;4873;1663;762;901;5586;3565;2021;1949.0;1322.0;605.0;665.0;4446.0;3974.0;22
761;Zaanstreek (CR);2007;157706;38801;96017;22888;120864;13035;5195;7840;23807;12713;11094;4572;2226;2346;809;414;395;10757;5648;5109;1810;797;1013;5859;3628;2231;1856.0;1337.0;614.0;667.0;4610.0;3981.0;22
762;Zaanstreek (CR);2008;158806;39156;96266;23384;120940;13138;5229;7909;24728;12870;11858;4784;2242;2542;875;448;427;10980;5664;5316;1968;830;1138;6121;3686;2435;1849.0;1363.0;682.0;663.0;4553.0;3982.0;22
763;Zaanstreek (CR);2009;159889;39443;96422;24024;120985;13241;5310;7931;25663;13077;12586;4971;2268;2703;929;481;448;11207;5678;5529;2141;868;1273;6415;3782;2633;1813.0;1385.0;684.0;677.0;5105.0;4021.0;22
764;Zaanstreek (CR);2010;161412;39890;96827;24695;121306;13470;5425;8045;26636;13270;13366;5173;2281;2892;981;518;463;11435;5683;5752;2324;910;1414;6723;3878;2845;1798.0;1415.0;710.0;664.0;5141.0;4071.0;22
765;Zaanstreek (CR);2011;162921;40140;97583;25198;121578;13710;5573;8137;27633;13438;14195;5418;2325;3093;1045;551;494;11658;5676;5982;2500;937;1563;7012;3949;3063;1764.0;1423.0;763.0;686.0;5203.0;4117.0;22
766;Zaanstreek (CR);2012;164433;40309;97594;26530;121772;14014;5727;8287;28647;13615;15032;5634;2359;3275;1094;566;528;11884;5680;6204;2674;957;1717;7361;4053;3308;1792.0;1458.0;758.0;672.0;5250.0;4167.0;22
767;Zaanstreek (CR);2013;165942;40542;97647;27753;121991;14289;5891;8398;29662;13783;15879;5821;2359;3462;1174;604;570;12101;5684;6417;2844;982;1862;7722;4154;3568;1816.0;1458.0;759.0;690.0;5226.0;4191.0;22
768;Zaanstreek (CR);2014;167415;40791;97955;28669;122237;14519;6039;8480;30659;13986;16673;6006;2379;3627;1254;635;619;12327;5706;6621;3005;1009;1996;8067;4257;3810;1787.0;1471.0;766.0;730.0;5318.0;4264.0;22
769;Zaanstreek (CR);2015;168829;40932;98414;29483;122436;14785;6182;8603;31608;14146;17462;6183;2396;3787;1326;681;645;12512;5697;6815;3188;1033;2155;8399;4339;4060;1858.0;1495.0;777.0;754.0;5295.0;4309.0;22
770;Zaanstreek (CR);2016;170213;41203;98788;30222;122641;15039;6331;8708;32533;14284;18249;6344;2399;3945;1395;719;676;12665;5677;6988;3376;1065;2311;8753;4424;4329;1866.0;1547.0;800.0;753.0;5339.0;4370.0;22
771;Zaanstreek (CR);2017;171556;41394;99303;30859;122817;15294;6473;8821;33445;14447;18998;6491;2405;4086;1454;761;693;12854;5671;7183;3529;1079;2450;9117;4531;4586;1856.0;1555.0;768.0;731.0;5390.0;4423.0;22
772;Zaanstreek (CR);2018;172867;41513;99810;31544;122974;15522;6585;8937;34371;14603;19768;6637;2412;4225;1525;800;725;13013;5659;7354;3706;1092;2614;9490;4640;4850;1944.0;1577.0;817.0;715.0;5308.0;4486.0;22
773;Zaanstreek (CR);2019;174167;41575;100448;32144;123107;15760;6716;9044;35300;14760;20540;6758;2397;4361;1584;835;749;13159;5646;7513;3898;1112;2786;9901;4770;5131;1989.0;1604.0;813.0;752.0;5323.0;4535.0;22
774;Zaanstreek (CR);2020;175410;41722;100973;32715;123255;16010;6843;9167;36145;14864;21281;6870;2412;4458;1641;857;784;13325;5635;7690;4047;1120;2927;10262;4840;5422;2023.0;1651.0;811.0;730.0;5340.0;4580.0;22
775;Zaanstreek (CR);2021;176628;41784;101617;33227;123377;16223;6958;9265;37028;15021;22007;6967;2415;4552;1709;895;814;13463;5635;7828;4257;1147;3110;10632;4929;5703;2096.0;1670.0;813.0;740.0;5310.0;4629.0;22
776;Zaanstreek (CR);2022;177817;41846;102101;33870;123503;16449;7062;9387;37865;15123;22742;7070;2419;4651;1770;912;858;13590;5625;7965;4438;1154;3284;10997;5013;5984;2077.0;1706.0;826.0;776.0;5375.0;4682.0;22
777;Zaanstreek (CR);2023;178940;41927;102505;34508;123626;16687;7158;9529;38627;15192;23435;7167;2428;4739;1815;931;884;13700;5593;8107;4611;1175;3436;11334;5065;6269;2152.0;1746.0;811.0;758.0;5330.0;4728.0;22
778;Zaanstreek (CR);2024;180006;42004;102862;35140;123725;16885;7238;9647;39396;15269;24127;7286;2428;4858;1884;965;919;13791;5568;8223;4773;1182;3591;11662;5126;6536;2190.0;1787.0;822.0;722.0;5242.0;4758.0;22
779;Zaanstreek (CR);2025;181006;42120;103073;35813;123796;17110;7356;9754;40100;15327;24773;7362;2419;4943;1977;1025;952;13881;5537;8344;4926;1192;3734;11954;5154;6800;;;;;;;22
780;Groot-Amsterdam (CR);2006;1206641;277852;780421;148368;759853;150823;77035;73788;295965;174789;121176;80826;47061;33765;14460;8897;5563;42095;23791;18304;69968;37074;32894;88616;57966;30650;15909.0;9867.0;15294.0;12868.0;42060.0;44536.0;23
781;Groot-Amsterdam (CR);2007;1212694;282076;780843;149775;763233;152257;78069;74188;297204;172511;124693;79981;46075;33906;14366;8738;5628;42792;23917;18875;71153;37018;34135;88912;56763;32149;15554.0;9977.0;15632.0;12815.0;41329.0;44133.0;23
782;Groot-Amsterdam (CR);2008;1218335;285581;781128;151626;766289;153724;79268;74456;298322;170553;127769;79156;45172;33984;14287;8592;5695;43481;24075;19406;72175;36963;35212;89223;55751;33472;15163.0;10053.0;16060.0;12727.0;40896.0;43815.0;23
783;Groot-Amsterdam (CR);2009;1223925;288386;781183;154356;769114;155497;80768;74729;299314;168646;130668;78279;44278;34001;14293;8509;5784;44124;24193;19931;73152;36912;36240;89466;54754;34712;14875.0;10083.0;16478.0;12547.0;43897.0;43565.0;23
784;Groot-Amsterdam (CR);2010;1233045;291414;783773;157858;773641;158104;82864;75240;301300;167685;133615;77670;43575;34095;14419;8574;5845;44873;24376;20497;74219;36981;37238;90119;54179;35940;14449.0;10130.0;16793.0;12612.0;44174.0;43608.0;23
785;Groot-Amsterdam (CR);2011;1242180;293464;788346;160370;778033;160954;85181;75773;303193;166820;136373;77084;42971;34113;14564;8612;5952;45552;24539;21013;75179;36999;38180;90814;53699;37115;14254.0;10239.0;17141.0;12641.0;44261.0;43668.0;23
786;Groot-Amsterdam (CR);2012;1251362;295221;787830;168311;782190;164046;87747;76299;305126;166198;138928;76491;42385;34106;14724;8693;6031;46227;24720;21507;76132;37035;39097;91552;53365;38187;14033.0;10315.0;17450.0;12720.0;44344.0;43735.0;23
787;Groot-Amsterdam (CR);2013;1260496;296483;788571;175442;786196;167437;90518;76919;306863;165540;141323;75861;41795;34066;14874;8730;6144;46797;24865;21932;77029;37054;39975;92302;53096;39206;13813.0;10448.0;17687.0;12903.0;44500.0;43794.0;23
788;Groot-Amsterdam (CR);2014;1269442;297734;790479;181229;789964;170794;93179;77615;308684;165091;143593;75288;41201;34087;15063;8819;6244;47407;25024;22383;77869;37132;40737;93057;52915;40142;13721.0;10508.0;17837.0;12800.0;44445.0;44006.0;23
789;Groot-Amsterdam (CR);2015;1278216;298637;793038;186541;793458;173954;95745;78209;310804;164911;145893;74741;40672;34069;15306;8903;6403;48030;25204;22826;78673;37216;41457;94054;52916;41138;13478.0;10667.0;17869.0;12856.0;44850.0;44182.0;23
790;Groot-Amsterdam (CR);2016;1286800;299457;795343;192000;796696;177193;98312;78881;312911;164829;148082;74285;40200;34085;15460;8943;6517;48664;25384;23280;79359;37278;42081;95143;53024;42119;13432.0;10822.0;17968.0;13016.0;45170.0;44421.0;23
791;Groot-Amsterdam (CR);2017;1295202;299967;798540;196695;800052;180262;100666;79596;314888;164646;150242;73834;39740;34094;15585;8990;6595;49271;25531;23740;80110;37357;42753;96088;53028;43060;13457.0;10917.0;18012.0;13023.0;45188.0;44659.0;23
792;Groot-Amsterdam (CR);2018;1303347;299981;801295;202071;803155;183333;103035;80298;316859;164618;152241;73296;39268;34028;15827;9073;6754;49854;25705;24149;80740;37425;43315;97142;53147;43995;13505.0;11123.0;18131.0;13086.0;45468.0;44995.0;23
793;Groot-Amsterdam (CR);2019;1311329;299349;804990;206990;806040;186417;105287;81130;318872;164699;154173;72798;38835;33963;16132;9203;6929;50464;25871;24593;81260;37469;43791;98218;53321;44897;13442.0;11351.0;18305.0;13163.0;45822.0;45355.0;23
794;Groot-Amsterdam (CR);2020;1319122;298326;808448;212348;808795;189568;107587;81981;320759;164780;155979;72362;38381;33981;16387;9309;7078;50951;26027;24924;81747;37514;44233;99312;53549;45763;13535.0;11506.0;18403.0;13318.0;46039.0;45730.0;23
795;Groot-Amsterdam (CR);2021;1326635;296498;812568;217569;811478;192441;109783;82658;322716;164796;157920;71911;37927;33984;16644;9381;7263;51537;26219;25318;82200;37572;44628;100424;53697;46727;13622.0;11702.0;18497.0;13307.0;46212.0;46070.0;23
796;Groot-Amsterdam (CR);2022;1333989;294770;816101;223118;813799;195419;112008;83411;324771;165070;159701;71489;37516;33973;16865;9475;7390;52103;26361;25742;82577;37597;44980;101737;54121;47616;13574.0;11927.0;18585.0;13304.0;46460.0;46455.0;23
797;Groot-Amsterdam (CR);2023;1341008;292599;819672;228737;816018;198427;114195;84232;326563;165153;161410;71013;37034;33979;17211;9619;7592;52639;26492;26147;82839;37582;45257;102861;54426;48435;13813.0;12287.0;18580.0;13321.0;46454.0;46670.0;23
798;Groot-Amsterdam (CR);2024;1347666;290069;823027;234570;817770;201536;116391;85145;328360;165233;163127;70506;36597;33909;17517;9734;7783;53118;26560;26558;83111;37549;45562;104108;54793;49315;13913.0;12487.0;18513.0;13363.0;46636.0;46919.0;23
799;Groot-Amsterdam (CR);2025;1354050;288498;824964;240588;819434;204456;118563;85893;330160;165369;164791;70052;36148;33904;17840;9911;7929;53544;26630;26914;83305;37459;45846;105419;55221;50198;;;;;;;23
800;Het Gooi en Vechtstreek (CR);2006;240767;56349;143019;41399;195507;26066;9977;16089;19194;10895;8299;1794;787;1007;1197;503;694;3553;1912;1641;5333;2998;2335;7317;4695;2622;2415.0;2418.0;1574.0;2174.0;11388.0;11496.0;24
801;Het Gooi en Vechtstreek (CR);2007;240060;56004;142624;41432;194476;26079;9869;16210;19505;10960;8545;1908;823;1085;1205;501;704;3561;1898;1663;5386;2987;2399;7445;4751;2694;2363.0;2423.0;1673.0;2162.0;11477.0;11497.0;24
802;Het Gooi en Vechtstreek (CR);2008;239497;55675;142263;41559;193600;26146;9800;16346;19751;10970;8781;1982;846;1136;1203;496;707;3562;1880;1682;5436;2970;2466;7568;4778;2790;2286.0;2414.0;1716.0;2093.0;11469.0;11541.0;24
803;Het Gooi en Vechtstreek (CR);2009;238931;55289;141682;41960;192609;26290;9846;16444;20032;10993;9039;2049;854;1195;1194;500;694;3563;1860;1703;5510;2967;2543;7716;4812;2904;2288.0;2387.0;1760.0;2112.0;11276.0;11524.0;24
804;Het Gooi en Vechtstreek (CR);2010;238233;54766;140951;42516;191602;26352;9873;16479;20279;10979;9300;2132;854;1278;1193;510;683;3547;1835;1712;5562;2955;2607;7845;4825;3020;2270.0;2396.0;1848.0;2107.0;11216.0;11540.0;24
805;Het Gooi en Vechtstreek (CR);2011;237529;54166;140653;42710;190502;26442;9936;16506;20585;11010;9575;2217;878;1339;1202;511;691;3551;1818;1733;5605;2938;2667;8010;4865;3145;2184.0;2402.0;1887.0;2157.0;11302.0;11528.0;24
806;Het Gooi en Vechtstreek (CR);2012;236826;53611;139064;44151;189334;26694;10039;16655;20798;11029;9769;2270;888;1382;1209;514;695;3552;1806;1746;5635;2910;2725;8132;4911;3221;2235.0;2410.0;1900.0;2131.0;11240.0;11518.0;24
807;Het Gooi en Vechtstreek (CR);2013;236152;53121;137679;45352;188194;26933;10162;16771;21025;11056;9969;2351;896;1455;1226;531;695;3502;1763;1739;5668;2883;2785;8278;4983;3295;2219.0;2381.0;1930.0;2136.0;11235.0;11569.0;24
808;Het Gooi en Vechtstreek (CR);2014;235462;52628;136544;46290;187029;27129;10341;16788;21304;11121;10183;2406;914;1492;1270;563;707;3509;1751;1758;5654;2833;2821;8465;5060;3405;2189.0;2366.0;1942.0;2202.0;11312.0;11556.0;24
809;Het Gooi en Vechtstreek (CR);2015;234798;52121;135551;47126;185974;27253;10452;16801;21571;11169;10402;2511;948;1563;1286;578;708;3510;1730;1780;5655;2783;2872;8609;5130;3479;2253.0;2383.0;1921.0;2083.0;11173.0;11518.0;24
810;Het Gooi en Vechtstreek (CR);2016;234173;51725;134584;47864;184947;27395;10541;16854;21831;11204;10627;2561;964;1597;1320;600;720;3518;1719;1799;5662;2748;2914;8770;5173;3597;2304.0;2444.0;1917.0;2071.0;11241.0;11544.0;24
811;Het Gooi en Vechtstreek (CR);2017;233594;51357;133624;48613;183907;27618;10698;16920;22069;11213;10856;2593;961;1632;1335;613;722;3535;1712;1823;5661;2704;2957;8945;5223;3722;2299.0;2378.0;1909.0;2058.0;11199.0;11555.0;24
812;Het Gooi en Vechtstreek (CR);2018;233025;50963;132773;49289;182808;27861;10803;17058;22356;11313;11043;2649;987;1662;1351;609;742;3538;1711;1827;5665;2671;2994;9153;5335;3818;2320.0;2444.0;1901.0;2097.0;11283.0;11548.0;24
813;Het Gooi en Vechtstreek (CR);2019;232456;50579;131928;49949;181771;27932;10882;17050;22753;11465;11288;2719;1016;1703;1394;631;763;3523;1689;1834;5695;2651;3044;9422;5478;3944;2333.0;2429.0;1891.0;2031.0;11321.0;11569.0;24
814;Het Gooi en Vechtstreek (CR);2020;231993;50122;131402;50469;180814;28172;11044;17128;23007;11544;11463;2765;1023;1742;1419;627;792;3513;1674;1839;5661;2631;3030;9649;5589;4060;2348.0;2430.0;1976.0;2047.0;11376.0;11628.0;24
815;Het Gooi en Vechtstreek (CR);2021;231597;49679;130861;51057;179889;28415;11253;17162;23293;11668;11625;2848;1049;1799;1461;649;812;3489;1654;1835;5670;2623;3047;9825;5693;4132;2395.0;2429.0;2005.0;2061.0;11369.0;11667.0;24
816;Het Gooi en Vechtstreek (CR);2022;231227;49280;130366;51581;178986;28673;11415;17258;23568;11745;11823;2865;1044;1821;1487;662;825;3472;1622;1850;5685;2604;3081;10059;5813;4246;2382.0;2472.0;2021.0;2024.0;11371.0;11639.0;24
817;Het Gooi en Vechtstreek (CR);2023;230879;49040;129690;52149;178058;28942;11612;17330;23879;11868;12011;2927;1058;1869;1495;664;831;3461;1601;1860;5689;2605;3084;10307;5940;4367;2401.0;2476.0;2066.0;2059.0;11418.0;11668.0;24
818;Het Gooi en Vechtstreek (CR);2024;230581;48785;128991;52805;177154;29202;11810;17392;24225;11996;12229;2974;1068;1906;1519;682;837;3453;1583;1870;5723;2591;3132;10556;6072;4484;2404.0;2568.0;2028.0;2068.0;11606.0;11692.0;24
819;Het Gooi en Vechtstreek (CR);2025;230299;48707;128131;53461;176364;29349;11911;17438;24586;12143;12443;2998;1072;1926;1529;685;844;3437;1566;1871;5758;2606;3152;10864;6214;4650;;;;;;;24
820;Agglomeratie Leiden en Bollenstreek (CR);2006;390698;95499;241609;53590;324161;36505;16909;19596;30032;17987;12045;4192;2246;1946;2250;1225;1025;3659;1970;1689;6756;3591;3165;13175;8955;4220;4359.0;3284.0;2851.0;3007.0;16334.0;16317.0;25
821;Agglomeratie Leiden en Bollenstreek (CR);2007;391661;95228;241977;54456;323647;37168;17248;19920;30846;18245;12601;4431;2319;2112;2255;1216;1039;3701;1975;1726;6899;3603;3296;13560;9132;4428;4334.0;3291.0;2972.0;3076.0;16684.0;16283.0;25
822;Agglomeratie Leiden en Bollenstreek (CR);2008;393023;94958;242468;55597;323474;37845;17544;20301;31704;18496;13208;4615;2379;2236;2276;1204;1072;3785;1987;1798;7032;3623;3409;13996;9303;4693;4268.0;3336.0;3091.0;2923.0;16796.0;16339.0;25
823;Agglomeratie Leiden en Bollenstreek (CR);2009;394620;94718;242917;56985;323216;38770;18089;20681;32634;18864;13770;4826;2460;2366;2323;1224;1099;3848;1989;1859;7183;3660;3523;14454;9531;4923;4232.0;3442.0;3312.0;3045.0;16984.0;16358.0;25
824;Agglomeratie Leiden en Bollenstreek (CR);2010;396322;94402;243212;58708;323021;39798;18763;21035;33503;19206;14297;4958;2508;2450;2375;1234;1141;3915;2021;1894;7318;3657;3661;14937;9786;5151;4220.0;3441.0;3512.0;3111.0;16906.0;16419.0;25
825;Agglomeratie Leiden en Bollenstreek (CR);2011;398011;93795;244504;59712;322735;40921;19508;21413;34355;19515;14840;5090;2520;2570;2423;1263;1160;4011;2055;1956;7469;3684;3785;15362;9993;5369;4276.0;3516.0;3652.0;3091.0;16916.0;16497.0;25
826;Agglomeratie Leiden en Bollenstreek (CR);2012;399788;93215;243569;63004;322405;42064;20244;21820;35319;19907;15412;5257;2560;2697;2509;1299;1210;4052;2064;1988;7623;3734;3889;15878;10250;5628;4280.0;3546.0;3782.0;3089.0;16942.0;16544.0;25
827;Agglomeratie Leiden en Bollenstreek (CR);2013;401645;92846;243169;65630;322117;43201;21036;22165;36327;20334;15993;5420;2593;2827;2563;1328;1235;4162;2120;2042;7724;3747;3977;16458;10546;5912;4239.0;3589.0;3795.0;3216.0;17123.0;16614.0;25
828;Agglomeratie Leiden en Bollenstreek (CR);2014;403412;92604;243038;67770;321729;44423;21886;22537;37260;20706;16554;5595;2643;2952;2620;1343;1277;4237;2135;2102;7852;3787;4065;16956;10798;6158;4293.0;3687.0;3823.0;3255.0;17146.0;16639.0;25
829;Agglomeratie Leiden en Bollenstreek (CR);2015;405120;92549;242863;69708;321416;45573;22659;22914;38131;21028;17103;5707;2675;3032;2697;1366;1331;4283;2132;2151;7986;3815;4171;17458;11040;6418;4316.0;3716.0;3896.0;3308.0;17252.0;16731.0;25
830;Agglomeratie Leiden en Bollenstreek (CR);2016;406849;92469;242891;71489;321063;46712;23432;23280;39074;21397;17677;5826;2690;3136;2793;1415;1378;4360;2150;2210;8131;3845;4286;17964;11297;6667;4349.0;3767.0;3871.0;3282.0;17321.0;16774.0;25
831;Agglomeratie Leiden en Bollenstreek (CR);2017;408592;92398;242897;73297;320571;47867;24146;23721;40154;21883;18271;5965;2724;3241;2900;1456;1444;4433;2175;2258;8262;3880;4382;18594;11648;6946;4380.0;3854.0;3889.0;3315.0;17409.0;16836.0;25
832;Agglomeratie Leiden en Bollenstreek (CR);2018;410310;92429;242712;75169;320170;48945;24828;24117;41195;22335;18860;6111;2769;3342;3002;1510;1492;4526;2206;2320;8411;3915;4496;19145;11935;7210;4419.0;3945.0;3895.0;3306.0;17561.0;16935.0;25
833;Agglomeratie Leiden en Bollenstreek (CR);2019;412045;92378;242843;76824;319873;49997;25449;24548;42175;22831;19344;6247;2795;3452;3115;1577;1538;4590;2226;2364;8516;3940;4576;19707;12293;7414;4472.0;3991.0;3923.0;3424.0;17760.0;17032.0;25
834;Agglomeratie Leiden en Bollenstreek (CR);2020;413783;92288;242853;78642;319468;51043;26100;24943;43272;23292;19980;6417;2852;3565;3195;1627;1568;4671;2246;2425;8659;3949;4710;20330;12618;7712;4434.0;4056.0;3854.0;3313.0;17800.0;17101.0;25
835;Agglomeratie Leiden en Bollenstreek (CR);2021;415432;92219;242959;80254;319088;52079;26743;25336;44265;23742;20523;6497;2859;3638;3323;1697;1626;4730;2267;2463;8757;3957;4800;20958;12962;7996;4545.0;4127.0;3874.0;3370.0;17908.0;17177.0;25
836;Agglomeratie Leiden en Bollenstreek (CR);2022;417119;92128;242996;81995;318681;53095;27320;25775;45343;24248;21095;6646;2894;3752;3408;1724;1684;4819;2301;2518;8842;3956;4886;21628;13373;8255;4559.0;4243.0;3871.0;3393.0;18119.0;17236.0;25
837;Agglomeratie Leiden en Bollenstreek (CR);2023;418819;92034;243071;83714;318345;54097;27886;26211;46377;24726;21651;6783;2918;3865;3510;1779;1731;4900;2325;2575;8915;3965;4950;22269;13739;8530;4597.0;4268.0;3864.0;3322.0;17975.0;17399.0;25
838;Agglomeratie Leiden en Bollenstreek (CR);2024;420309;92082;242819;85408;317869;54980;28384;26596;47460;25217;22243;6915;2964;3951;3622;1812;1810;4987;2364;2623;9018;3981;5037;22918;14096;8822;4573.0;4372.0;3910.0;3292.0;17990.0;17347.0;25
839;Agglomeratie Leiden en Bollenstreek (CR);2025;421805;92430;242100;87275;317426;55915;28878;27037;48464;25656;22808;7043;2984;4059;3725;1873;1852;5090;2393;2697;9121;4001;5120;23485;14405;9080;;;;;;;25
840;Agglomeratie 's-Gravenhage (CR);2006;779382;184479;484276;110627;495846;98446;49175;49271;185090;113680;71410;56229;33664;22565;14555;9880;4675;34849;20260;14589;28196;15226;12970;51261;34650;16611;9579.0;7467.0;11379.0;8590.0;30307.0;32870.0;26
841;Agglomeratie 's-Gravenhage (CR);2007;781757;185082;486281;110394;495774;99185;49914;49271;186798;112771;74027;55816;33182;22634;14433;9607;4826;36000;20667;15333;29066;15370;13696;51483;33945;17538;9518.0;7383.0;11979.0;8501.0;29926.0;32759.0;26
842;Agglomeratie 's-Gravenhage (CR);2008;784575;185942;488601;110032;495652;100339;51003;49336;188584;112040;76544;55311;32628;22683;14417;9436;4981;37152;21137;16015;29916;15512;14404;51788;33327;18461;9402.0;7335.0;12620.0;8777.0;29704.0;32697.0;26
843;Agglomeratie 's-Gravenhage (CR);2009;787531;186704;490536;110291;495218;101761;52406;49355;190552;111555;78997;54888;32129;22759;14404;9311;5093;38277;21594;16683;30759;15649;15110;52224;32872;19352;9292.0;7335.0;13354.0;8722.0;29081.0;32699.0;26
844;Agglomeratie 's-Gravenhage (CR);2010;790538;187202;492028;111308;494449;103619;54211;49408;192470;111184;81286;54401;31660;22741;14500;9294;5206;39456;22082;17374;31656;15860;15796;52457;32288;20169;9286.0;7241.0;14029.0;8866.0;28574.0;32650.0;26
845;Agglomeratie 's-Gravenhage (CR);2011;793702;187207;495197;111298;493242;106044;56403;49641;194416;110911;83505;53883;31193;22690;14770;9373;5397;40618;22602;18016;32477;16035;16442;52668;31708;20960;9140.0;7128.0;14565.0;8983.0;28270.0;32658.0;26
846;Agglomeratie 's-Gravenhage (CR);2012;796957;187220;494191;115546;491974;108608;58770;49838;196375;110745;85630;53361;30765;22596;14950;9424;5526;41835;23107;18728;33201;16170;17031;53028;31279;21749;9145.0;7148.0;14977.0;9130.0;28147.0;32670.0;26
847;Agglomeratie 's-Gravenhage (CR);2013;800319;187178;494011;119130;490669;111523;61397;50126;198127;110568;87559;52862;30340;22522;15082;9463;5619;43018;23637;19381;33947;16323;17624;53218;30805;22413;9123.0;7188.0;15335.0;9308.0;27961.0;32636.0;26
848;Agglomeratie 's-Gravenhage (CR);2014;803658;187138;494576;121944;489054;114593;63998;50595;200011;110500;89511;52392;29962;22430;15188;9456;5732;44243;24201;20042;34673;16484;18189;53515;30397;23118;9115.0;7093.0;15513.0;9448.0;27842.0;32624.0;26
849;Agglomeratie 's-Gravenhage (CR);2015;807004;186924;495507;124573;487467;117711;66590;51121;201826;110489;91337;51836;29557;22279;15303;9442;5861;45484;24760;20724;35292;16608;18684;53911;30122;23789;9118.0;7098.0;15739.0;9621.0;27768.0;32663.0;26
850;Agglomeratie 's-Gravenhage (CR);2016;810305;187067;496265;126973;485663;120882;69118;51764;203760;110523;93237;51315;29163;22152;15417;9409;6008;46760;25341;21419;35908;16737;19171;54360;29873;24487;9163.0;7058.0;16029.0;9706.0;27543.0;32699.0;26
851;Agglomeratie 's-Gravenhage (CR);2017;813643;187207;497181;129255;484086;123970;71536;52434;205587;110695;94892;50744;28752;21992;15607;9464;6143;48059;25936;22123;36533;16934;19599;54644;29609;25035;9167.0;7055.0;16154.0;9845.0;27556.0;32721.0;26
852;Agglomeratie 's-Gravenhage (CR);2018;816964;187238;497788;131938;482367;127212;74025;53187;207385;110789;96596;50230;28383;21847;15742;9476;6266;49339;26509;22830;37074;17051;20023;55000;29370;25630;9158.0;7115.0;16311.0;9889.0;27608.0;32807.0;26
853;Agglomeratie 's-Gravenhage (CR);2019;820284;186701;499149;134434;480604;130600;76564;54036;209080;110896;98184;49677;27998;21679;15886;9476;6410;50624;27089;23535;37569;17163;20406;55324;29170;26154;9229.0;7174.0;16426.0;9960.0;27597.0;32941.0;26
854;Agglomeratie 's-Gravenhage (CR);2020;823518;185857;500851;136810;478752;134104;79139;54965;210662;110963;99699;49077;27617;21460;16054;9486;6568;51857;27628;24229;38070;17296;20774;55604;28936;26668;9254.0;7217.0;16613.0;10130.0;27669.0;33048.0;26
855;Agglomeratie 's-Gravenhage (CR);2021;826711;184743;502537;139431;476725;137576;81574;56002;212410;111191;101219;48523;27253;21270;16177;9486;6691;53126;28186;24940;38508;17429;21079;56076;28837;27239;9264.0;7224.0;16618.0;10143.0;27749.0;33158.0;26
856;Agglomeratie 's-Gravenhage (CR);2022;829868;183474;504065;142329;474682;141277;84091;57186;213909;111261;102648;47936;26846;21090;16267;9473;6794;54416;28734;25682;38900;17528;21372;56390;28680;27710;9268.0;7396.0;16610.0;10255.0;27930.0;33137.0;26
857;Agglomeratie 's-Gravenhage (CR);2023;832943;182154;505754;145035;472556;144875;86537;58338;215512;111340;104172;47413;26462;20951;16334;9427;6907;55624;29221;26403;39272;17632;21640;56869;28598;28271;9268.0;7464.0;16329.0;10274.0;28201.0;33151.0;26
858;Agglomeratie 's-Gravenhage (CR);2024;835894;180374;507812;147708;470677;148528;88945;59583;216689;111160;105529;46830;26061;20769;16261;9268;6993;56789;29634;27155;39636;17741;21895;57173;28456;28717;9353.0;7564.0;16078.0;10232.0;28272.0;33112.0;26
859;Agglomeratie 's-Gravenhage (CR);2025;838738;180321;507774;150643;468692;152191;91337;60854;217855;110925;106930;46261;25641;20620;16294;9136;7158;57788;29968;27820;39944;17811;22133;57568;28369;29199;;;;;;;26
860;Delft en Westland (CR);2006;211107;50656;131834;28617;174151;16756;7620;9136;20200;12838;7362;3383;1811;1572;1640;1022;618;2838;1591;1247;2779;1477;1302;9560;6937;2623;2240.0;1642.0;1812.0;1991.0;9868.0;9546.0;27
861;Delft en Westland (CR);2007;211864;50665;131988;29211;173681;17101;7720;9381;21082;13092;7990;3658;1895;1763;1712;1038;674;2921;1608;1313;2881;1514;1367;9911;7040;2871;2238.0;1691.0;1879.0;1923.0;9795.0;9476.0;27
862;Delft en Westland (CR);2008;212711;50649;132330;29732;173258;17528;7877;9651;21925;13309;8616;3900;1977;1923;1772;1057;715;3012;1621;1391;2989;1541;1448;10254;7115;3139;2268.0;1716.0;1895.0;1930.0;9804.0;9445.0;27
863;Delft en Westland (CR);2009;213608;50600;132463;30545;172848;17964;8050;9914;22796;13528;9268;4138;2056;2082;1854;1091;763;3118;1641;1477;3095;1573;1522;10589;7170;3419;2256.0;1753.0;1972.0;1924.0;9705.0;9399.0;27
864;Delft en Westland (CR);2010;214492;50504;132505;31483;172518;18365;8244;10121;23609;13749;9860;4352;2105;2247;1930;1133;797;3219;1670;1549;3193;1594;1599;10916;7251;3665;2250.0;1774.0;2007.0;1906.0;9717.0;9399.0;27
865;Delft en Westland (CR);2011;215408;50373;132965;32070;172138;18883;8500;10383;24387;14017;10370;4553;2178;2375;2000;1166;834;3290;1697;1593;3286;1618;1668;11258;7356;3902;2259.0;1811.0;2029.0;1951.0;9777.0;9405.0;27
866;Delft en Westland (CR);2012;216323;50195;132436;33692;171809;19330;8690;10640;25184;14254;10930;4715;2221;2494;2076;1199;877;3403;1743;1660;3395;1660;1735;11594;7430;4164;2336.0;1826.0;2055.0;1968.0;9781.0;9411.0;27
867;Delft en Westland (CR);2013;217313;49958;132188;35167;171581;19847;9002;10845;25885;14415;11470;4876;2251;2625;2143;1232;911;3510;1782;1728;3467;1656;1811;11889;7492;4397;2302.0;1848.0;2075.0;1944.0;9811.0;9422.0;27
868;Delft en Westland (CR);2014;218309;49756;132059;36494;171218;20375;9279;11096;26716;14687;12029;5074;2321;2753;2213;1264;949;3608;1817;1791;3573;1677;1896;12249;7606;4643;2343.0;1856.0;2051.0;1902.0;9733.0;9400.0;27
869;Delft en Westland (CR);2015;219299;49584;132060;37655;170872;20876;9598;11278;27551;14941;12610;5258;2378;2880;2258;1265;993;3718;1871;1847;3689;1715;1974;12627;7710;4917;2380.0;1900.0;2103.0;1954.0;9761.0;9455.0;27
870;Delft en Westland (CR);2016;220244;49423;132162;38659;170578;21377;9872;11505;28289;15206;13083;5427;2445;2982;2333;1294;1039;3832;1915;1917;3763;1741;2022;12933;7809;5124;2381.0;1950.0;2124.0;1960.0;9826.0;9459.0;27
871;Delft en Westland (CR);2017;221226;49478;132174;39574;170272;21872;10149;11723;29082;15468;13614;5534;2458;3076;2416;1343;1073;3949;1956;1993;3870;1773;2097;13312;7936;5376;2399.0;1988.0;2173.0;1936.0;9826.0;9519.0;27
872;Delft en Westland (CR);2018;222208;49422;132189;40597;169960;22409;10408;12001;29839;15713;14126;5684;2508;3176;2484;1368;1116;4054;2010;2044;3970;1797;2173;13646;8031;5615;2413.0;1985.0;2182.0;2017.0;9917.0;9565.0;27
873;Delft en Westland (CR);2019;223172;49441;132126;41605;169632;23003;10735;12268;30537;15936;14601;5811;2543;3268;2546;1400;1146;4190;2074;2116;4035;1807;2228;13953;8113;5840;2434.0;2034.0;2200.0;1917.0;9820.0;9587.0;27
874;Delft en Westland (CR);2020;224104;49447;132102;42555;169354;23539;11079;12460;31211;16118;15093;5924;2568;3356;2610;1420;1190;4299;2113;2186;4143;1830;2313;14236;8188;6048;2414.0;2055.0;2249.0;1974.0;9949.0;9649.0;27
875;Delft en Westland (CR);2021;225041;49443;132148;43450;169008;24068;11398;12670;31965;16371;15594;6062;2611;3451;2649;1444;1205;4435;2162;2273;4255;1854;2401;14566;8302;6264;2497.0;2105.0;2190.0;1947.0;9872.0;9645.0;27
876;Delft en Westland (CR);2022;225917;49495;131986;44436;168641;24634;11716;12918;32642;16557;16085;6153;2627;3526;2728;1487;1241;4562;2203;2359;4343;1874;2469;14856;8367;6489;2518.0;2105.0;2149.0;1994.0;9945.0;9654.0;27
877;Delft en Westland (CR);2023;226785;49445;131970;45370;168397;25102;11935;13167;33286;16718;16568;6228;2636;3592;2791;1508;1283;4650;2231;2419;4444;1889;2555;15174;8456;6718;2534.0;2177.0;2201.0;1942.0;9855.0;9678.0;27
878;Delft en Westland (CR);2024;227580;49384;131938;46258;167979;25647;12228;13419;33954;16860;17094;6303;2641;3662;2849;1514;1335;4780;2275;2505;4532;1892;2640;15490;8535;6955;2546.0;2214.0;2152.0;1896.0;9831.0;9652.0;27
879;Delft en Westland (CR);2025;228361;49496;131679;47186;167620;26193;12516;13677;34548;17002;17546;6364;2651;3713;2908;1526;1382;4871;2290;2581;4625;1925;2700;15779;8603;7176;;;;;;;27
880;Oost-Zuid-Holland (CR);2006;323404;85372;196106;41926;275737;21937;8309;13628;25730;14376;11354;3191;1619;1572;1618;880;738;1730;886;844;11318;5891;5427;7873;5100;2773;3838.0;2463.0;1112.0;1341.0;10625.0;11735.0;28
881;Oost-Zuid-Holland (CR);2007;323480;84691;195745;43044;274773;22236;8338;13898;26471;14566;11905;3312;1642;1670;1674;909;765;1783;897;886;11492;5840;5652;8210;5278;2932;3723.0;2506.0;1137.0;1344.0;10263.0;11682.0;28
882;Oost-Zuid-Holland (CR);2008;323116;83828;195088;44200;273547;22512;8420;14092;27057;14701;12356;3426;1681;1745;1703;912;791;1841;913;928;11566;5752;5814;8521;5443;3078;3716.0;2570.0;1174.0;1266.0;10143.0;11606.0;28
883;Oost-Zuid-Holland (CR);2009;322735;82934;194225;45576;272205;22866;8557;14309;27664;14852;12812;3517;1696;1821;1779;963;816;1907;932;975;11660;5694;5966;8801;5567;3234;3591.0;2576.0;1197.0;1270.0;10131.0;11569.0;28
884;Oost-Zuid-Holland (CR);2010;322260;82025;193170;47065;270827;23196;8759;14437;28237;15017;13220;3617;1730;1887;1811;983;828;1967;962;1005;11734;5618;6116;9108;5724;3384;3555.0;2629.0;1228.0;1317.0;10290.0;11572.0;28
885;Oost-Zuid-Holland (CR);2011;321844;81036;192507;48301;269438;23620;8960;14660;28786;15143;13643;3713;1755;1958;1857;1010;847;2028;988;1040;11821;5553;6268;9367;5837;3530;3442.0;2719.0;1226.0;1267.0;10391.0;11511.0;28
886;Oost-Zuid-Holland (CR);2012;321429;79935;190491;51003;268011;24062;9233;14829;29356;15277;14079;3826;1769;2057;1890;1009;881;2061;1007;1054;11938;5510;6428;9641;5982;3659;3401.0;2729.0;1282.0;1296.0;10404.0;11551.0;28
887;Oost-Zuid-Holland (CR);2013;320968;78944;188581;53443;266550;24524;9506;15018;29894;15464;14430;3916;1806;2110;1905;1020;885;2119;1028;1091;11995;5474;6521;9959;6136;3823;3365.0;2765.0;1391.0;1303.0;10310.0;11504.0;28
888;Oost-Zuid-Holland (CR);2014;320482;77919;187099;55464;265075;24948;9723;15225;30459;15667;14792;3980;1818;2162;1984;1055;929;2172;1054;1118;12065;5444;6621;10258;6296;3962;3317.0;2811.0;1360.0;1292.0;10441.0;11500.0;28
889;Oost-Zuid-Holland (CR);2015;320020;76987;185682;57351;263601;25481;9972;15509;30938;15825;15113;4064;1841;2223;2019;1081;938;2225;1084;1141;12068;5375;6693;10562;6444;4118;3277.0;2847.0;1340.0;1354.0;10561.0;11487.0;28
890;Oost-Zuid-Holland (CR);2016;319541;76163;184408;58970;262220;25892;10183;15709;31429;15995;15434;4151;1860;2291;2065;1111;954;2265;1109;1156;12106;5332;6774;10842;6583;4259;3424.0;2946.0;1369.0;1274.0;10413.0;11447.0;28
891;Oost-Zuid-Holland (CR);2017;319110;75463;183066;60581;260866;26329;10396;15933;31915;16142;15773;4255;1890;2365;2134;1147;987;2331;1138;1193;12106;5293;6813;11089;6674;4415;3338.0;2984.0;1357.0;1333.0;10609.0;11443.0;28
892;Oost-Zuid-Holland (CR);2018;318678;74695;181671;62312;259506;26753;10666;16087;32419;16378;16041;4337;1910;2427;2171;1172;999;2406;1165;1241;12094;5276;6818;11411;6855;4556;3361.0;3035.0;1397.0;1319.0;10592.0;11440.0;28
893;Oost-Zuid-Holland (CR);2019;318262;73879;180594;63789;258074;27173;10898;16275;33015;16622;16393;4493;1960;2533;2232;1197;1035;2459;1191;1268;12123;5264;6859;11708;7010;4698;3423.0;3125.0;1434.0;1307.0;10586.0;11477.0;28
894;Oost-Zuid-Holland (CR);2020;317821;73121;179482;65218;256671;27653;11124;16529;33497;16819;16678;4562;1967;2595;2299;1218;1081;2557;1227;1330;12053;5201;6852;12026;7206;4820;3382.0;3144.0;1395.0;1277.0;10613.0;11451.0;28
895;Oost-Zuid-Holland (CR);2021;317369;72371;178314;66684;255256;28178;11379;16799;33935;17021;16914;4675;2014;2661;2350;1222;1128;2619;1258;1361;11983;5152;6831;12308;7375;4933;3509.0;3262.0;1444.0;1275.0;10578.0;11454.0;28
896;Oost-Zuid-Holland (CR);2022;316929;71643;177242;68044;253894;28648;11616;17032;34387;17223;17164;4755;2024;2731;2397;1236;1161;2698;1295;1403;11902;5104;6798;12635;7564;5071;3516.0;3269.0;1375.0;1325.0;10644.0;11425.0;28
897;Oost-Zuid-Holland (CR);2023;316479;71141;176047;69291;252578;29028;11789;17239;34873;17392;17481;4822;2039;2783;2470;1263;1207;2755;1316;1439;11840;5063;6777;12986;7711;5275;3501.0;3325.0;1394.0;1329.0;10741.0;11423.0;28
898;Oost-Zuid-Holland (CR);2024;316070;70651;174815;70604;251300;29493;11999;17494;35277;17553;17724;4892;2061;2831;2517;1269;1248;2812;1357;1455;11764;5011;6753;13292;7855;5437;3471.0;3368.0;1402.0;1313.0;10702.0;11430.0;28
899;Oost-Zuid-Holland (CR);2025;315568;70309;173323;71936;249912;29933;12209;17724;35723;17757;17966;4952;2076;2876;2565;1288;1277;2893;1394;1499;11717;4979;6738;13596;8020;5576;;;;;;;28
900;Groot-Rijnmond (CR);2006;1362733;327156;841225;194352;966085;115158;52657;62501;281490;163628;117862;67398;39109;28289;27920;18401;9519;63447;33125;30322;44728;22875;21853;77997;50118;27879;15913.0;12756.0;9772.0;11711.0;54215.0;52595.0;29
901;Groot-Rijnmond (CR);2007;1365656;326729;843497;195430;966406;115675;52620;63055;283575;161815;121760;67404;38709;28695;27677;17732;9945;64451;33175;31276;45837;22963;22874;78206;49236;28970;15686.0;12720.0;9920.0;11562.0;53633.0;52321.0;29
902;Groot-Rijnmond (CR);2008;1368383;326037;845610;196736;966380;116329;52770;63559;285674;160385;125289;67427;38371;29056;27627;17317;10310;65363;33170;32193;46896;23075;23821;78361;48452;29909;15426.0;12774.0;10164.0;11420.0;53569.0;52199.0;29
903;Groot-Rijnmond (CR);2009;1371223;325065;847142;199016;966217;117154;53019;64135;287852;159249;128603;67373;38071;29302;27687;17029;10658;66156;33189;32967;47987;23170;24817;78649;47790;30859;15293.0;12648.0;10188.0;11226.0;53297.0;52120.0;29
904;Groot-Rijnmond (CR);2010;1374098;324001;848154;201943;965953;118188;53469;64719;289957;158304;131653;67260;37741;29519;27823;16816;11007;66981;33234;33747;48992;23256;25736;78901;47257;31644;15218.0;12830.0;10364.0;10985.0;53254.0;51982.0;29
905;Groot-Rijnmond (CR);2011;1377223;322137;851945;203141;965711;119280;54134;65146;292232;157668;134564;67198;37536;29662;27978;16709;11269;67830;33300;34530;49960;23357;26603;79266;46766;32500;15097.0;12836.0;10364.0;10940.0;53479.0;51951.0;29
906;Groot-Rijnmond (CR);2012;1380516;320311;848195;212010;965691;120532;54807;65725;294293;157002;137291;67063;37224;29839;28137;16585;11552;68631;33394;35237;50863;23426;27437;79599;46373;33226;15057.0;12855.0;10322.0;10695.0;53456.0;51870.0;29
907;Groot-Rijnmond (CR);2013;1384030;318948;845662;219420;965830;121753;55539;66214;296447;156482;139965;66937;36965;29972;28346;16452;11894;69299;33453;35846;51760;23527;28233;80105;46085;34020;15004.0;12908.0;10209.0;10573.0;53461.0;51779.0;29
908;Groot-Rijnmond (CR);2014;1387542;317672;844205;225665;965894;123273;56306;66967;298375;155951;142424;66785;36709;30076;28565;16358;12207;69950;33498;36452;52558;23620;28938;80517;45766;34751;14958.0;13051.0;10151.0;10507.0;53502.0;51656.0;29
909;Groot-Rijnmond (CR);2015;1391016;316385;844096;230535;965941;124605;57006;67599;300470;155662;144808;66621;36439;30182;28771;16265;12506;70596;33535;37061;53370;23729;29641;81112;45694;35418;14983.0;13143.0;9867.0;10304.0;53607.0;51581.0;29
910;Groot-Rijnmond (CR);2016;1394539;315491;843779;235269;966398;125842;57704;68138;302299;155202;147097;66456;36221;30235;28930;16134;12796;71178;33572;37606;54150;23821;30329;81585;45454;36131;15003.0;13205.0;9717.0;10240.0;53720.0;51536.0;29
911;Groot-Rijnmond (CR);2017;1398084;314944;843533;239607;966768;127040;58253;68787;304276;154901;149375;66264;35965;30299;29084;15988;13096;71773;33631;38142;54903;23940;30963;82252;45377;36875;14952.0;13341.0;9555.0;10102.0;53923.0;51565.0;29
912;Groot-Rijnmond (CR);2018;1401590;313830;843581;244179;967314;128136;58648;69488;306140;154609;151531;66128;35720;30408;29225;15863;13362;72304;33657;38647;55602;24074;31528;82881;45295;37586;14906.0;13359.0;9475.0;9892.0;53844.0;51551.0;29
913;Groot-Rijnmond (CR);2019;1405112;312549;843712;248851;967922;129247;59141;70106;307943;154348;153595;65930;35459;30471;29354;15746;13608;72860;33714;39146;56245;24170;32075;83554;45259;38295;14913.0;13602.0;9264.0;9807.0;54329.0;51639.0;29
914;Groot-Rijnmond (CR);2020;1408660;310808;844190;253662;968640;130324;59593;70731;309696;154123;155573;65718;35233;30485;29556;15632;13924;73377;33732;39645;56791;24231;32560;84254;45295;38959;14948.0;13769.0;9082.0;9658.0;54403.0;51641.0;29
915;Groot-Rijnmond (CR);2021;1412113;308998;844743;258372;969557;131331;60031;71300;311225;153828;157397;65457;34956;30501;29637;15482;14155;73952;33761;40191;57278;24286;32992;84901;45343;39558;14975.0;13992.0;8944.0;9640.0;54814.0;51706.0;29
916;Groot-Rijnmond (CR);2022;1415614;307292;845219;263103;970465;132398;60505;71893;312751;153443;159308;65180;34686;30494;29710;15265;14445;74496;33751;40745;57811;24338;33473;85554;45403;40151;15005.0;14134.0;8824.0;9501.0;54699.0;51641.0;29
917;Groot-Rijnmond (CR);2023;1418967;305668;845379;267920;971211;133523;60957;72566;314233;153116;161117;64976;34503;30473;29772;15077;14695;75036;33739;41297;58260;24367;33893;86189;45430;40759;14920.0;14266.0;8576.0;9360.0;54985.0;51721.0;29
918;Groot-Rijnmond (CR);2024;1422208;303789;845720;272699;972214;134440;61341;73099;315554;152828;162726;64704;34212;30492;29856;14957;14899;75491;33702;41789;58697;24448;34249;86806;45509;41297;14859.0;14564.0;8452.0;9204.0;55158.0;51663.0;29
919;Groot-Rijnmond (CR);2025;1425345;302725;844928;277692;973076;135469;61829;73640;316800;152460;164340;64391;33894;30497;29925;14789;15136;75813;33640;42173;59114;24491;34623;87557;45646;41911;;;;;;;29
920;Zuidoost-Zuid-Holland (CR);2006;403528;104351;241146;58031;333369;29361;11456;17905;40798;22982;17816;5086;2716;2370;4595;2822;1773;12638;6323;6315;6081;3043;3038;12398;8078;4320;4909.0;3609.0;1284.0;1812.0;14157.0;14099.0;30
921;Zuidoost-Zuid-Holland (CR);2007;404385;103992;241653;58740;332842;29588;11428;18160;41955;23086;18869;5283;2765;2518;4623;2747;1876;12858;6327;6531;6313;3095;3218;12878;8152;4726;4829.0;3555.0;1367.0;1886.0;15388.0;14065.0;30
922;Zuidoost-Zuid-Holland (CR);2008;406490;104057;242731;59702;333129;29986;11529;18457;43375;23361;20014;5562;2863;2699;4710;2710;2000;13084;6337;6747;6545;3148;3397;13474;8303;5171;4733.0;3630.0;1394.0;1844.0;15590.0;14107.0;30
923;Zuidoost-Zuid-Holland (CR);2009;408667;104015;243708;60944;333508;30424;11636;18788;44735;23590;21145;5831;2941;2890;4849;2719;2130;13281;6330;6951;6793;3199;3594;13981;8401;5580;4697.0;3693.0;1393.0;1770.0;15649.0;14225.0;30
924;Zuidoost-Zuid-Holland (CR);2010;410763;103797;244471;62495;333842;30840;11732;19108;46081;23897;22184;6080;3038;3042;4989;2732;2257;13446;6324;7122;7039;3256;3783;14527;8547;5980;4689.0;3751.0;1436.0;1793.0;15814.0;14306.0;30
925;Zuidoost-Zuid-Holland (CR);2011;412885;103418;246015;63452;334085;31253;11848;19405;47547;24236;23311;6338;3112;3226;5138;2754;2384;13633;6314;7319;7247;3299;3948;15191;8757;6434;4748.0;3764.0;1558.0;1744.0;15707.0;14367.0;30
926;Zuidoost-Zuid-Holland (CR);2012;415058;103285;244910;66863;334381;31764;12054;19710;48913;24541;24372;6601;3190;3411;5307;2781;2526;13735;6300;7435;7460;3349;4111;15810;8921;6889;4731.0;3845.0;1564.0;1797.0;15859.0;14415.0;30
927;Zuidoost-Zuid-Holland (CR);2013;417175;102984;244593;69598;334723;32229;12257;19972;50223;24754;25469;6769;3225;3544;5476;2795;2681;13909;6300;7609;7664;3386;4278;16405;9048;7357;4745.0;3859.0;1505.0;1768.0;16051.0;14534.0;30
928;Zuidoost-Zuid-Holland (CR);2014;419351;102802;244704;71845;335081;32654;12420;20234;51616;25043;26573;7001;3314;3687;5643;2813;2830;14076;6314;7762;7880;3405;4475;17016;9197;7819;4811.0;3982.0;1585.0;1760.0;16026.0;14622.0;30
929;Zuidoost-Zuid-Holland (CR);2015;421435;102592;245084;73759;335319;33169;12625;20544;52947;25341;27606;7238;3374;3864;5833;2864;2969;14181;6295;7886;8101;3473;4628;17594;9335;8259;4883.0;4025.0;1470.0;1742.0;16078.0;14650.0;30
930;Zuidoost-Zuid-Holland (CR);2016;423483;102566;245513;75404;335484;33650;12774;20876;54349;25706;28643;7434;3438;3996;6023;2912;3111;14322;6299;8023;8302;3520;4782;18268;9537;8731;4913.0;4041.0;1511.0;1714.0;16030.0;14746.0;30
931;Zuidoost-Zuid-Holland (CR);2017;425464;102526;246034;76904;335685;34171;12945;21226;55608;25999;29609;7620;3492;4128;6226;2959;3267;14450;6310;8140;8497;3582;4915;18815;9656;9159;4908.0;4154.0;1469.0;1724.0;16151.0;14802.0;30
932;Zuidoost-Zuid-Holland (CR);2018;427348;102518;246423;78407;335813;34558;13109;21449;56977;26305;30672;7844;3560;4284;6396;2966;3430;14597;6318;8279;8681;3607;5074;19459;9854;9605;5001.0;4156.0;1377.0;1747.0;16329.0;14893.0;30
933;Zuidoost-Zuid-Holland (CR);2019;429286;102340;247070;79876;335946;34951;13187;21764;58389;26618;31771;8090;3628;4462;6575;3003;3572;14737;6351;8386;8859;3614;5245;20128;10022;10106;5004.0;4263.0;1398.0;1680.0;16343.0;14951.0;30
934;Zuidoost-Zuid-Holland (CR);2020;431165;102295;247490;81380;336112;35371;13318;22053;59682;26895;32787;8313;3684;4629;6759;3036;3723;14902;6357;8545;9037;3671;5366;20671;10147;10524;4972.0;4348.0;1403.0;1638.0;16391.0;15016.0;30
935;Zuidoost-Zuid-Holland (CR);2021;432966;101922;248239;82805;336187;35834;13504;22330;60945;27116;33829;8505;3723;4782;6939;3074;3865;15009;6354;8655;9230;3693;5537;21262;10272;10990;5025.0;4390.0;1388.0;1693.0;16427.0;15053.0;30
936;Zuidoost-Zuid-Holland (CR);2022;434711;101712;248763;84236;336335;36224;13644;22580;62152;27359;34793;8712;3772;4940;7143;3112;4031;15124;6369;8755;9392;3735;5657;21781;10371;11410;5169.0;4460.0;1369.0;1581.0;16301.0;15152.0;30
937;Zuidoost-Zuid-Holland (CR);2023;436379;101750;248780;85849;336408;36586;13833;22753;63385;27643;35742;8900;3805;5095;7321;3154;4167;15222;6386;8836;9582;3764;5818;22360;10534;11826;5112.0;4537.0;1360.0;1627.0;16426.0;15168.0;30
938;Zuidoost-Zuid-Holland (CR);2024;437996;101704;248796;87496;336433;37002;13951;23051;64561;27878;36683;9084;3839;5245;7444;3148;4296;15315;6396;8919;9740;3782;5958;22978;10713;12265;5107.0;4640.0;1419.0;1565.0;16293.0;15168.0;30
939;Zuidoost-Zuid-Holland (CR);2025;439483;101702;248690;89091;336385;37350;14012;23338;65748;28153;37595;9234;3856;5378;7625;3183;4442;15483;6425;9058;9875;3812;6063;23531;10877;12654;;;;;;;30
940;Zeeuwsch-Vlaanderen (CR);2006;107311;24133;63270;19908;83880;18919;9167;9752;4512;2613;1899;364;195;169;562;352;210;1466;676;790;333;165;168;1787;1225;562;955.0;1140.0;783.0;933.0;2977.0;3062.0;31
941;Zeeuwsch-Vlaanderen (CR);2007;106898;23848;62957;20093;83676;18601;8988;9613;4621;2602;2019;384;206;178;558;337;221;1498;675;823;354;170;184;1827;1214;613;914.0;1192.0;783.0;904.0;2932.0;3064.0;31
942;Zeeuwsch-Vlaanderen (CR);2008;106373;23458;62597;20318;83294;18390;8905;9485;4689;2571;2118;398;210;188;547;325;222;1512;667;845;369;170;199;1863;1199;664;898.0;1190.0;801.0;937.0;2933.0;3060.0;31
943;Zeeuwsch-Vlaanderen (CR);2009;105826;23024;62186;20616;82949;18077;8776;9301;4800;2600;2200;424;216;208;560;325;235;1527;669;858;379;179;200;1910;1211;699;931.0;1192.0;804.0;925.0;2903.0;3058.0;31
944;Zeeuwsch-Vlaanderen (CR);2010;105292;22695;61631;20966;82567;17796;8613;9183;4929;2624;2305;455;226;229;549;319;230;1540;664;876;400;185;215;1985;1230;755;878.0;1177.0;786.0;865.0;2914.0;3060.0;31
945;Zeeuwsch-Vlaanderen (CR);2011;104776;22270;61122;21384;82187;17539;8468;9071;5050;2648;2402;486;239;247;556;313;243;1559;668;891;423;188;235;2026;1240;786;905.0;1200.0;772.0;839.0;2900.0;3064.0;31
946;Zeeuwsch-Vlaanderen (CR);2012;104249;21855;60398;21996;81732;17383;8428;8955;5134;2667;2467;507;253;254;570;321;249;1563;669;894;434;192;242;2060;1232;828;902.0;1179.0;797.0;885.0;2896.0;3062.0;31
947;Zeeuwsch-Vlaanderen (CR);2013;103724;21449;59753;22522;81300;17192;8337;8855;5232;2678;2554;514;253;261;570;331;239;1574;667;907;464;195;269;2110;1232;878;894.0;1191.0;766.0;813.0;2901.0;3049.0;31
948;Zeeuwsch-Vlaanderen (CR);2014;103240;21148;59040;23052;80865;17043;8282;8761;5332;2690;2642;541;268;273;579;329;250;1579;670;909;480;196;284;2153;1227;926;914.0;1208.0;763.0;811.0;2882.0;3037.0;31
949;Zeeuwsch-Vlaanderen (CR);2015;102743;20760;58580;23403;80380;16919;8240;8679;5444;2729;2715;558;277;281;582;328;254;1586;669;917;489;195;294;2229;1260;969;927.0;1212.0;760.0;807.0;2877.0;3038.0;31
950;Zeeuwsch-Vlaanderen (CR);2016;102249;20486;58024;23739;80039;16736;8187;8549;5474;2716;2758;571;283;288;587;322;265;1568;660;908;502;200;302;2246;1251;995;964.0;1244.0;679.0;818.0;2906.0;3015.0;31
951;Zeeuwsch-Vlaanderen (CR);2017;101721;20286;57430;24005;79700;16452;8036;8416;5569;2726;2843;593;291;302;589;313;276;1573;655;918;515;202;313;2299;1265;1034;983.0;1223.0;712.0;793.0;2863.0;3000.0;31
952;Zeeuwsch-Vlaanderen (CR);2018;101265;20064;56975;24226;79332;16267;7961;8306;5666;2747;2919;608;296;312;595;320;275;1572;652;920;534;208;326;2357;1271;1086;973.0;1220.0;692.0;727.0;2809.0;2984.0;31
953;Zeeuwsch-Vlaanderen (CR);2019;100806;19878;56407;24521;78977;16055;7870;8185;5774;2779;2995;626;302;324;585;310;275;1575;647;928;543;208;335;2445;1312;1133;1024.0;1232.0;680.0;735.0;2830.0;2976.0;31
954;Zeeuwsch-Vlaanderen (CR);2020;100395;19766;55841;24788;78600;15895;7769;8126;5900;2830;3070;632;307;325;580;316;264;1566;639;927;571;215;356;2551;1353;1198;996.0;1223.0;639.0;738.0;2872.0;2974.0;31
955;Zeeuwsch-Vlaanderen (CR);2021;99970;19551;55385;25034;78275;15743;7690;8053;5952;2845;3107;641;309;332;579;317;262;1555;631;924;580;215;365;2597;1373;1224;1052.0;1274.0;644.0;669.0;2789.0;2942.0;31
956;Zeeuwsch-Vlaanderen (CR);2022;99573;19446;54889;25238;77928;15569;7644;7925;6076;2861;3215;665;317;348;596;328;268;1564;630;934;603;215;388;2648;1371;1277;1012.0;1257.0;609.0;681.0;2841.0;2943.0;31
957;Zeeuwsch-Vlaanderen (CR);2023;99153;19368;54233;25552;77577;15434;7601;7833;6142;2890;3252;682;320;362;599;334;265;1560;628;932;615;222;393;2686;1386;1300;1042.0;1290.0;626.0;768.0;2860.0;2898.0;31
958;Zeeuwsch-Vlaanderen (CR);2024;98724;19296;53654;25774;77264;15254;7508;7746;6206;2890;3316;672;319;353;605;335;270;1562;614;948;637;231;406;2730;1391;1339;1056.0;1308.0;608.0;683.0;2799.0;2876.0;31
959;Zeeuwsch-Vlaanderen (CR);2025;98319;19334;53012;25973;76923;15112;7431;7681;6284;2916;3368;686;325;361;612;342;270;1560;613;947;657;241;416;2769;1395;1374;;;;;;;31
960;Overig Zeeland (CR);2006;270316;67123;159232;43961;236689;19711;8403;11308;13916;8376;5540;2332;1230;1102;1268;720;548;1864;965;899;1825;897;928;6627;4564;2063;3009.0;2534.0;957.0;819.0;9000.0;9998.0;32
961;Overig Zeeland (CR);2007;269948;66457;159288;44203;235633;19829;8472;11357;14486;8617;5869;2433;1276;1157;1312;737;575;1935;983;952;1897;935;962;6909;4686;2223;2991.0;2534.0;1002.0;783.0;8955.0;10005.0;32
962;Overig Zeeland (CR);2008;269588;65895;159215;44478;234659;19979;8564;11415;14950;8804;6146;2499;1309;1190;1358;758;600;2010;1017;993;1986;979;1007;7097;4741;2356;2943.0;2544.0;1051.0;786.0;8975.0;10023.0;32
963;Overig Zeeland (CR);2009;269212;65323;158886;45003;233493;20242;8713;11529;15477;9015;6462;2566;1339;1227;1410;785;625;2065;1040;1025;2080;1010;1070;7356;4841;2515;2934.0;2508.0;1131.0;783.0;9031.0;10092.0;32
964;Overig Zeeland (CR);2010;268926;64750;158461;45715;232389;20494;8892;11602;16043;9257;6786;2638;1348;1290;1470;812;658;2145;1066;1079;2183;1057;1126;7607;4974;2633;2939.0;2517.0;1195.0;770.0;8975.0;10071.0;32
965;Overig Zeeland (CR);2011;268696;64049;158436;46211;231344;20830;9099;11731;16522;9450;7072;2677;1350;1327;1532;855;677;2206;1088;1118;2280;1117;1163;7827;5040;2787;2955.0;2503.0;1207.0;790.0;9016.0;10126.0;32
966;Overig Zeeland (CR);2012;268468;63435;157286;47747;230281;21123;9281;11842;17064;9688;7376;2735;1363;1372;1599;884;715;2274;1113;1161;2384;1174;1210;8072;5154;2918;2958.0;2482.0;1279.0;817.0;8987.0;10119.0;32
967;Overig Zeeland (CR);2013;268282;62890;156271;49121;229173;21524;9537;11987;17585;9915;7670;2809;1378;1431;1637;901;736;2332;1136;1196;2521;1271;1250;8286;5229;3057;2948.0;2452.0;1258.0;804.0;8999.0;10138.0;32
968;Overig Zeeland (CR);2014;268098;62473;155433;50192;228220;21840;9832;12008;18038;10079;7959;2854;1374;1480;1665;911;754;2395;1155;1240;2662;1362;1300;8462;5277;3185;2983.0;2523.0;1280.0;849.0;8973.0;10150.0;32
969;Overig Zeeland (CR);2015;267839;61984;154805;51050;227206;22051;9999;12052;18582;10321;8261;2915;1397;1518;1735;947;788;2433;1161;1272;2818;1471;1347;8681;5345;3336;3070.0;2554.0;1262.0;871.0;8965.0;10128.0;32
970;Overig Zeeland (CR);2016;267598;61763;154025;51810;226172;22341;10162;12179;19085;10592;8493;2975;1424;1551;1783;987;796;2470;1174;1296;2980;1584;1396;8877;5423;3454;3004.0;2473.0;1270.0;824.0;8926.0;10122.0;32
971;Overig Zeeland (CR);2017;267393;61305;153566;52522;225157;22611;10357;12254;19625;10876;8749;3030;1436;1594;1836;1008;828;2516;1198;1318;3138;1704;1434;9105;5530;3575;3136.0;2595.0;1355.0;797.0;8916.0;10125.0;32
972;Overig Zeeland (CR);2018;267313;61200;152862;53251;224251;22892;10570;12322;20170;11152;9018;3065;1436;1629;1880;1027;853;2570;1224;1346;3319;1826;1493;9336;5639;3697;3087.0;2617.0;1329.0;837.0;8939.0;10102.0;32
973;Overig Zeeland (CR);2019;267142;60879;152276;53987;223420;23035;10654;12381;20687;11406;9281;3096;1441;1655;1910;1038;872;2622;1225;1397;3499;1978;1521;9560;5724;3836;3167.0;2579.0;1312.0;796.0;8895.0;10081.0;32
974;Overig Zeeland (CR);2020;267082;60814;151468;54800;222520;23296;10837;12459;21266;11714;9552;3161;1460;1701;1934;1044;890;2675;1248;1427;3699;2139;1560;9797;5823;3974;3179.0;2564.0;1327.0;756.0;8820.0;10078.0;32
975;Overig Zeeland (CR);2021;267031;60763;150703;55565;221737;23513;11009;12504;21781;11993;9788;3193;1462;1731;1979;1057;922;2718;1263;1455;3891;2297;1594;10000;5914;4086;3209.0;2598.0;1325.0;799.0;8825.0;10059.0;32
976;Overig Zeeland (CR);2022;266953;60768;149892;56293;220878;23746;11180;12566;22329;12309;10020;3236;1490;1746;2000;1068;932;2776;1286;1490;4087;2451;1636;10230;6014;4216;3202.0;2658.0;1364.0;766.0;8822.0;10054.0;32
977;Overig Zeeland (CR);2023;266883;60966;148970;56947;220020;23971;11342;12629;22892;12664;10228;3262;1491;1771;2027;1074;953;2832;1308;1524;4325;2654;1671;10446;6137;4309;3239.0;2645.0;1458.0;748.0;8673.0;10017.0;32
978;Overig Zeeland (CR);2024;266866;61290;148063;57513;219161;24258;11513;12745;23447;12966;10481;3300;1496;1804;2039;1068;971;2897;1325;1572;4595;2880;1715;10616;6197;4419;3231.0;2682.0;1477.0;793.0;8731.0;10020.0;32
979;Overig Zeeland (CR);2025;266829;61272;147422;58135;218230;24532;11672;12860;24067;13319;10748;3347;1510;1837;2077;1080;997;2950;1342;1608;4953;3159;1794;10740;6228;4512;;;;;;;32
980;West-Noord-Brabant (CR);2006;607221;143354;374459;89408;508412;49745;19071;30674;49064;27783;21281;4591;2426;2165;3432;1914;1518;11456;6059;5397;14365;7028;7337;15220;10356;4864;6350.0;5367.0;2963.0;3747.0;18885.0;18017.0;33
981;West-Noord-Brabant (CR);2007;608337;142505;374729;91103;508518;49769;19035;30734;50050;27962;22088;4707;2480;2227;3474;1941;1533;11674;6098;5576;14704;7040;7664;15491;10403;5088;6212.0;5452.0;3112.0;3696.0;18721.0;18011.0;33
982;West-Noord-Brabant (CR);2008;609275;141594;374788;92893;508327;49893;19173;30720;51055;28161;22894;4862;2537;2325;3526;1976;1550;11887;6130;5757;14931;7016;7915;15849;10502;5347;6106.0;5581.0;3188.0;3638.0;18560.0;18016.0;33
983;West-Noord-Brabant (CR);2009;609953;140768;374115;95070;507993;49961;19265;30696;51999;28340;23659;5020;2612;2408;3590;2018;1572;12122;6188;5934;15193;7030;8163;16074;10492;5582;6080.0;5602.0;3349.0;3625.0;18735.0;18028.0;33
984;West-Noord-Brabant (CR);2010;610913;139836;373463;97614;507619;50209;19521;30688;53085;28638;24447;5156;2674;2482;3650;2067;1583;12309;6220;6089;15455;7048;8407;16515;10629;5886;6033.0;5727.0;3490.0;3633.0;18856.0;18110.0;33
985;West-Noord-Brabant (CR);2011;611886;138573;373149;100164;507267;50478;19866;30612;54141;29004;25137;5311;2770;2541;3715;2110;1605;12463;6241;6222;15689;7061;8628;16963;10822;6141;5989.0;5752.0;3597.0;3770.0;18897.0;18134.0;33
986;West-Noord-Brabant (CR);2012;612763;137167;371486;104110;506720;50874;20280;30594;55169;29293;25876;5472;2845;2627;3790;2160;1630;12633;6267;6366;15934;7108;8826;17340;10913;6427;5946.0;5856.0;3654.0;3671.0;18985.0;18173.0;33
987;West-Noord-Brabant (CR);2013;613706;135840;369970;107896;506257;51342;20752;30590;56107;29553;26554;5661;2944;2717;3830;2166;1664;12789;6280;6509;16116;7097;9019;17711;11066;6645;6006.0;5955.0;3659.0;3624.0;18939.0;18197.0;33
988;West-Noord-Brabant (CR);2014;614595;134740;368523;111332;505764;51777;21172;30605;57054;29915;27139;5822;3023;2799;3913;2235;1678;12935;6318;6617;16255;7108;9147;18129;11231;6898;6027.0;6003.0;3768.0;3674.0;18987.0;18277.0;33
989;West-Noord-Brabant (CR);2015;615476;133685;367440;114351;505237;52193;21638;30555;58046;30281;27765;6010;3126;2884;3978;2270;1708;13055;6331;6724;16418;7133;9285;18585;11421;7164;6057.0;6110.0;3803.0;3742.0;19010.0;18276.0;33
990;West-Noord-Brabant (CR);2016;616265;132829;366386;117050;504514;52762;22062;30700;58989;30659;28330;6152;3224;2928;4046;2313;1733;13164;6345;6819;16559;7147;9412;19068;11630;7438;6118.0;6197.0;3796.0;3705.0;19031.0;18325.0;33
991;West-Noord-Brabant (CR);2017;617036;132131;365419;119486;503921;53198;22442;30756;59917;31011;28906;6371;3344;3027;4063;2327;1736;13314;6371;6943;16629;7136;9493;19540;11833;7707;6152.0;6278.0;3745.0;3720.0;19051.0;18329.0;33
992;West-Noord-Brabant (CR);2018;617697;131480;364150;122067;503105;53675;22812;30863;60917;31375;29542;6537;3434;3103;4174;2387;1787;13488;6413;7075;16724;7131;9593;19994;12010;7984;6223.0;6432.0;3763.0;3726.0;19161.0;18411.0;33
993;West-Noord-Brabant (CR);2019;618331;130716;363283;124332;502559;54013;23150;30863;61759;31696;30063;6724;3546;3178;4216;2384;1832;13608;6441;7167;16797;7136;9661;20414;12189;8225;6327.0;6517.0;3805.0;3705.0;19109.0;18412.0;33
994;West-Noord-Brabant (CR);2020;619002;130134;362287;126581;501979;54374;23435;30939;62649;31972;30677;6898;3645;3253;4324;2430;1894;13722;6455;7267;16889;7148;9741;20816;12294;8522;6329.0;6611.0;3772.0;3701.0;19170.0;18457.0;33
995;West-Noord-Brabant (CR);2021;619555;129414;361483;128658;501346;54698;23737;30961;63511;32302;31209;7093;3782;3311;4339;2440;1899;13856;6484;7372;16931;7131;9800;21292;12465;8827;6341.0;6697.0;3777.0;3741.0;19161.0;18425.0;33
996;West-Noord-Brabant (CR);2022;620031;128881;360203;130947;500624;55080;23988;31092;64327;32674;31653;7270;3905;3365;4397;2447;1950;13925;6517;7408;16966;7135;9831;21769;12670;9099;6427.0;6792.0;3701.0;3543.0;19034.0;18407.0;33
997;West-Noord-Brabant (CR);2023;620513;128405;359088;133020;499781;55530;24279;31251;65202;33071;32131;7507;4082;3425;4447;2447;2000;14035;6546;7489;16959;7132;9827;22254;12864;9390;6453.0;6885.0;3799.0;3606.0;18940.0;18355.0;33
998;West-Noord-Brabant (CR);2024;620929;128269;357435;135225;498940;55891;24513;31378;66098;33500;32598;7669;4208;3461;4525;2488;2037;14137;6583;7554;16978;7117;9861;22789;13104;9685;6494.0;7008.0;3787.0;3644.0;18896.0;18308.0;33
999;West-Noord-Brabant (CR);2025;621210;128393;355284;137533;498128;56167;24647;31520;66915;33827;33088;7862;4353;3509;4573;2496;2077;14265;6626;7639;16935;7076;9859;23280;13276;10004;;;;;;;33
1000;Midden-Noord-Brabant (CR);2006;451856;109516;280827;61513;383460;31741;11496;20245;36655;21265;15390;4310;2466;1844;4594;2921;1673;10857;5636;5221;5518;2776;2742;11376;7466;3910;5146.0;3785.0;1824.0;2829.0;15461.0;14520.0;34
1001;Midden-Noord-Brabant (CR);2007;453178;109233;281118;62827;384120;31943;11485;20458;37115;21073;16042;4393;2460;1933;4473;2757;1716;11008;5651;5357;5641;2783;2858;11600;7422;4178;5130.0;3927.0;1883.0;2851.0;15970.0;14492.0;34
1002;Midden-Noord-Brabant (CR);2008;454924;109032;281472;64420;385059;32167;11489;20678;37698;20953;16745;4490;2457;2033;4362;2604;1758;11151;5682;5469;5814;2808;3006;11881;7402;4479;5100.0;3978.0;1917.0;2789.0;15650.0;14526.0;34
1003;Midden-Noord-Brabant (CR);2009;456320;108758;281408;66154;385659;32326;11468;20858;38335;20901;17434;4567;2477;2090;4318;2539;1779;11320;5708;5612;5966;2819;3147;12164;7358;4806;5129.0;3992.0;1970.0;2725.0;15944.0;14546.0;34
1004;Midden-Noord-Brabant (CR);2010;458131;108531;281608;67992;386600;32593;11559;21034;38938;20898;18040;4658;2498;2160;4299;2478;1821;11445;5724;5721;6090;2820;3270;12446;7378;5068;5188.0;4085.0;2018.0;2754.0;15931.0;14568.0;34
1005;Midden-Noord-Brabant (CR);2011;459885;108036;282024;69825;387536;32843;11632;21211;39506;20891;18615;4737;2515;2222;4275;2420;1855;11539;5754;5785;6225;2828;3397;12730;7374;5356;5037.0;4116.0;1973.0;2686.0;16023.0;14599.0;34
1006;Midden-Noord-Brabant (CR);2012;461526;107493;281414;72619;388355;33021;11770;21251;40150;20879;19271;4836;2518;2318;4240;2353;1887;11668;5789;5879;6367;2833;3534;13039;7386;5653;5123.0;4264.0;2007.0;2645.0;16008.0;14609.0;34
1007;Midden-Noord-Brabant (CR);2013;463174;107074;280721;75379;389002;33317;11919;21398;40855;20942;19913;4931;2530;2401;4211;2299;1912;11813;5831;5982;6480;2843;3637;13420;7439;5981;5171.0;4280.0;2026.0;2613.0;15932.0;14657.0;34
1008;Midden-Noord-Brabant (CR);2014;464765;106827;280033;77905;389621;33668;12095;21573;41476;20998;20478;5041;2556;2485;4207;2268;1939;11935;5862;6073;6595;2855;3740;13698;7457;6241;5213.0;4436.0;1934.0;2551.0;15975.0;14663.0;34
1009;Midden-Noord-Brabant (CR);2015;466262;106455;279549;80258;390288;33971;12228;21743;42003;21010;20993;5102;2570;2532;4177;2225;1952;12041;5880;6161;6699;2860;3839;13984;7475;6509;5252.0;4436.0;1968.0;2538.0;15830.0;14670.0;34
1010;Midden-Noord-Brabant (CR);2016;467704;106383;279109;82212;390992;34187;12332;21855;42525;21037;21488;5172;2568;2604;4113;2173;1940;12144;5918;6226;6816;2859;3957;14280;7519;6761;5294.0;4546.0;1845.0;2516.0;15918.0;14667.0;34
1011;Midden-Noord-Brabant (CR);2017;469048;106430;278567;84051;391518;34421;12446;21975;43109;21100;22009;5260;2600;2660;4063;2130;1933;12260;5940;6320;6914;2871;4043;14612;7559;7053;5313.0;4636.0;1888.0;2513.0;15906.0;14676.0;34
1012;Midden-Noord-Brabant (CR);2018;470358;106336;278136;85886;391897;34738;12580;22158;43723;21270;22453;5373;2653;2720;4060;2128;1932;12358;5974;6384;7031;2898;4133;14901;7617;7284;5362.0;4710.0;1862.0;2479.0;15875.0;14728.0;34
1013;Midden-Noord-Brabant (CR);2019;471561;106152;277935;87474;392467;34897;12661;22236;44197;21328;22869;5430;2670;2760;4054;2115;1939;12427;5996;6431;7119;2909;4210;15167;7638;7529;5399.0;4775.0;1849.0;2421.0;15759.0;14707.0;34
1014;Midden-Noord-Brabant (CR);2020;472699;106152;277352;89195;392958;35021;12763;22258;44720;21338;23382;5465;2644;2821;4069;2088;1981;12534;6041;6493;7177;2906;4271;15475;7659;7816;5487.0;4908.0;1822.0;2433.0;15710.0;14698.0;34
1015;Midden-Noord-Brabant (CR);2021;473718;105904;277124;90690;393285;35172;12838;22334;45261;21425;23836;5533;2672;2861;4067;2050;2017;12605;6061;6544;7252;2920;4332;15804;7722;8082;5440.0;4991.0;1760.0;2425.0;15812.0;14711.0;34
1016;Midden-Noord-Brabant (CR);2022;474632;105784;276535;92313;393522;35280;12871;22409;45830;21575;24255;5597;2697;2900;4047;2031;2016;12701;6121;6580;7350;2919;4431;16135;7807;8328;5510.0;5020.0;1782.0;2331.0;15619.0;14718.0;34
1017;Midden-Noord-Brabant (CR);2023;475523;105891;275691;93941;393840;35376;12901;22475;46307;21665;24642;5646;2701;2945;4052;2028;2024;12785;6186;6599;7411;2903;4508;16413;7847;8566;5518.0;5202.0;1806.0;2335.0;15634.0;14677.0;34
1018;Midden-Noord-Brabant (CR);2024;476300;106030;274779;95491;394042;35428;12928;22500;46830;21795;25035;5735;2722;3013;4036;1988;2048;12903;6280;6623;7489;2905;4584;16667;7900;8767;5562.0;5224.0;1736.0;2310.0;15507.0;14638.0;34
1019;Midden-Noord-Brabant (CR);2025;476967;106098;273800;97069;394180;35488;12951;22537;47299;21857;25442;5824;2754;3070;3993;1955;2038;13054;6355;6699;7540;2905;4635;16888;7888;9000;;;;;;;34
1020;Noordoost-Noord-Brabant (CR);2006;628790;158337;384481;85972;548565;41919;15207;26712;38306;21978;16328;4576;2392;2184;2356;1333;1023;12127;6291;5836;6842;3438;3404;12405;8524;3881;6835.0;5076.0;1829.0;2688.0;19247.0;20487.0;35
1021;Noordoost-Noord-Brabant (CR);2007;628499;156845;383932;87722;547834;42016;15185;26831;38649;21901;16748;4612;2383;2229;2371;1330;1041;12198;6258;5940;6912;3451;3461;12556;8479;4077;6602.0;5160.0;1857.0;2590.0;19367.0;20415.0;35
1022;Noordoost-Noord-Brabant (CR);2008;628196;155295;383359;89542;547011;42170;15289;26881;39015;21905;17110;4664;2399;2265;2341;1314;1027;12261;6212;6049;7024;3459;3565;12725;8521;4204;6511.0;5278.0;1966.0;2618.0;19263.0;20419.0;35
1023;Noordoost-Noord-Brabant (CR);2009;627674;153536;382358;91780;545900;42420;15428;26992;39354;21918;17436;4685;2392;2293;2360;1320;1040;12304;6204;6100;7068;3446;3622;12937;8556;4381;6369.0;5397.0;2049.0;2676.0;19614.0;20364.0;35
1024;Noordoost-Noord-Brabant (CR);2010;627312;151613;381616;94083;544871;42738;15635;27103;39703;21953;17750;4711;2395;2316;2329;1314;1015;12336;6171;6165;7147;3441;3706;13180;8632;4548;6245.0;5440.0;2146.0;2510.0;19543.0;20355.0;35
1025;Noordoost-Noord-Brabant (CR);2011;626985;149610;380632;96743;543791;43108;15900;27208;40086;21935;18151;4773;2388;2385;2337;1311;1026;12370;6125;6245;7227;3435;3792;13379;8676;4703;6129.0;5572.0;2085.0;2509.0;19700.0;20369.0;35
1026;Noordoost-Noord-Brabant (CR);2012;626493;147542;378468;100483;542635;43426;16143;27283;40432;22017;18415;4797;2407;2390;2350;1325;1025;12393;6117;6276;7316;3445;3871;13576;8723;4853;6119.0;5624.0;2152.0;2562.0;19705.0;20325.0;35
1027;Noordoost-Noord-Brabant (CR);2013;625998;145434;376175;104389;541362;43807;16429;27378;40829;22165;18664;4845;2438;2407;2396;1356;1040;12404;6083;6321;7388;3465;3923;13796;8823;4973;6191.0;5810.0;2155.0;2507.0;19791.0;20340.0;35
1028;Noordoost-Noord-Brabant (CR);2014;625516;143788;373889;107839;540100;44180;16729;27451;41236;22250;18986;4880;2440;2440;2424;1363;1061;12411;6045;6366;7433;3455;3978;14088;8947;5141;6092.0;5910.0;2197.0;2541.0;19830.0;20352.0;35
1029;Noordoost-Noord-Brabant (CR);2015;624875;141818;371832;111225;538729;44567;17016;27551;41579;22267;19312;4927;2462;2465;2399;1344;1055;12434;6031;6403;7509;3464;4045;14310;8966;5344;6170.0;6024.0;2189.0;2513.0;19786.0;20329.0;35
1030;Noordoost-Noord-Brabant (CR);2016;624222;140173;369779;114270;537340;44942;17326;27616;41940;22350;19590;4985;2486;2499;2425;1364;1061;12436;5997;6439;7559;3463;4096;14535;9040;5495;6263.0;6100.0;2217.0;2473.0;19718.0;20327.0;35
1031;Noordoost-Noord-Brabant (CR);2017;623574;138574;367888;117112;536001;45249;17597;27652;42324;22457;19867;5022;2510;2512;2436;1370;1066;12398;5947;6451;7620;3478;4142;14848;9152;5696;6269.0;6241.0;2139.0;2515.0;19857.0;20338.0;35
1032;Noordoost-Noord-Brabant (CR);2018;622800;137041;365926;119833;534596;45532;17810;27722;42672;22549;20123;5007;2518;2489;2470;1402;1068;12347;5899;6448;7670;3451;4219;15178;9279;5899;6355.0;6337.0;2175.0;2409.0;19686.0;20320.0;35
1033;Noordoost-Noord-Brabant (CR);2019;622013;135545;364182;122286;533016;45956;18108;27848;43041;22626;20415;5014;2521;2493;2491;1415;1076;12310;5839;6471;7700;3450;4250;15526;9401;6125;6454.0;6452.0;2254.0;2402.0;19659.0;20331.0;35
1034;Noordoost-Noord-Brabant (CR);2020;621251;134078;362467;124706;531556;46281;18338;27943;43414;22778;20636;5033;2546;2487;2508;1435;1073;12261;5780;6481;7722;3453;4269;15890;9564;6326;6525.0;6565.0;2213.0;2462.0;19687.0;20257.0;35
1035;Noordoost-Noord-Brabant (CR);2021;620460;132594;360695;127171;529946;46697;18604;28093;43817;22890;20927;5069;2556;2513;2572;1474;1098;12259;5754;6505;7740;3422;4318;16177;9684;6493;6598.0;6657.0;2185.0;2400.0;19614.0;20222.0;35
1036;Noordoost-Noord-Brabant (CR);2022;619639;131477;358585;129577;528433;46924;18753;28171;44282;23047;21235;5102;2592;2510;2599;1485;1114;12272;5730;6542;7789;3415;4374;16520;9825;6695;6601.0;6827.0;2139.0;2374.0;19691.0;20162.0;35
1037;Noordoost-Noord-Brabant (CR);2023;618779;130573;356279;131927;527018;47140;18919;28221;44621;23099;21522;5139;2602;2537;2630;1511;1119;12252;5688;6564;7833;3399;4434;16767;9899;6868;6634.0;6943.0;2162.0;2328.0;19693.0;20093.0;35
1038;Noordoost-Noord-Brabant (CR);2024;617951;130006;353683;134262;525664;47260;19105;28155;45027;23171;21856;5170;2598;2572;2690;1548;1142;12212;5640;6572;7881;3382;4499;17074;10003;7071;6743.0;7030.0;2230.0;2308.0;19465.0;20027.0;35
1039;Noordoost-Noord-Brabant (CR);2025;617068;129749;350485;136834;524101;47512;19308;28204;45455;23334;22121;5213;2629;2584;2704;1545;1159;12191;5581;6610;7899;3351;4548;17448;10228;7220;;;;;;;35
1040;Zuidoost-Noord-Brabant (CR);2006;725274;174111;445451;105712;609120;63538;24240;39298;52616;31019;21597;5770;3112;2658;3912;2327;1585;13132;6980;6152;9494;4746;4748;20308;13854;6454;7768.0;5943.0;4345.0;5345.0;24574.0;24821.0;36
1041;Zuidoost-Noord-Brabant (CR);2007;725902;173196;444811;107895;608814;63766;24412;39354;53322;30912;22410;5802;3111;2691;3839;2244;1595;13336;7017;6319;9697;4734;4963;20648;13806;6842;7592.0;6080.0;4239.0;5358.0;24322.0;24725.0;36
1042;Zuidoost-Noord-Brabant (CR);2008;725915;171822;443916;110177;608067;63945;24493;39452;53903;30743;23160;5855;3158;2697;3768;2180;1588;13452;7007;6445;9906;4748;5158;20922;13650;7272;7453.0;6220.0;4253.0;5184.0;24420.0;24653.0;36
1043;Zuidoost-Noord-Brabant (CR);2009;726007;170682;442459;112866;607338;64192;24710;39482;54477;30652;23825;5895;3167;2728;3741;2151;1590;13586;7018;6568;10078;4763;5315;21177;13553;7624;7324.0;6364.0;4468.0;5168.0;24097.0;24671.0;36
1044;Zuidoost-Noord-Brabant (CR);2010;725736;169147;441089;115500;606139;64461;25091;39370;55136;30592;24544;5936;3181;2755;3701;2120;1581;13724;7005;6719;10270;4799;5471;21505;13487;8018;7235.0;6439.0;4626.0;5106.0;24018.0;24641.0;36
1045;Zuidoost-Noord-Brabant (CR);2011;725470;167169;439973;118328;604901;64827;25502;39325;55742;30552;25190;6020;3225;2795;3638;2074;1564;13831;6987;6844;10408;4811;5597;21845;13455;8390;7221.0;6574.0;4651.0;5154.0;24060.0;24659.0;36
1046;Zuidoost-Noord-Brabant (CR);2012;725061;165297;437465;122299;603640;65280;25985;39295;56141;30439;25702;6085;3256;2829;3586;2023;1563;13941;6999;6942;10499;4809;5690;22030;13352;8678;7175.0;6688.0;4740.0;5116.0;24057.0;24679.0;36
1047;Zuidoost-Noord-Brabant (CR);2013;724601;163262;435212;126127;602153;65774;26441;39333;56674;30398;26276;6167;3303;2864;3601;2032;1569;14036;6971;7065;10613;4790;5823;22257;13302;8955;7228.0;6818.0;4810.0;5084.0;23995.0;24608.0;36
1048;Zuidoost-Noord-Brabant (CR);2014;724180;161584;432751;129845;600594;66262;27012;39250;57324;30526;26798;6203;3356;2847;3600;2064;1536;14152;6973;7179;10713;4792;5921;22656;13341;9315;7194.0;6961.0;4732.0;5065.0;24054.0;24577.0;36
1049;Zuidoost-Noord-Brabant (CR);2015;723596;159891;430730;132975;598974;66630;27391;39239;57992;30630;27362;6330;3449;2881;3618;2058;1560;14262;6990;7272;10825;4798;6027;22957;13335;9622;7227.0;7062.0;4680.0;5108.0;24065.0;24527.0;36
1050;Zuidoost-Noord-Brabant (CR);2016;722915;158586;428512;135817;597288;67010;27794;39216;58617;30725;27892;6445;3524;2921;3617;2038;1579;14363;7013;7350;10878;4774;6104;23314;13376;9938;7286.0;7121.0;4634.0;5035.0;24014.0;24484.0;36
1051;Zuidoost-Noord-Brabant (CR);2017;722244;157359;426610;138275;595679;67259;28087;39172;59306;30874;28432;6578;3612;2966;3600;2026;1574;14489;7055;7434;10935;4739;6196;23704;13442;10262;7431.0;7309.0;4684.0;5036.0;23920.0;24467.0;36
1052;Zuidoost-Noord-Brabant (CR);2018;721505;156318;424319;140868;594036;67567;28315;39252;59902;31046;28856;6701;3687;3014;3569;2007;1562;14594;7089;7505;10975;4731;6244;24063;13532;10531;7401.0;7433.0;4527.0;4935.0;24024.0;24470.0;36
1053;Zuidoost-Noord-Brabant (CR);2019;720668;155150;422336;143182;592412;67804;28545;39259;60452;31161;29291;6813;3784;3029;3585;2022;1563;14663;7094;7569;11050;4718;6332;24341;13543;10798;7456.0;7515.0;4389.0;4945.0;24029.0;24402.0;36
1054;Zuidoost-Noord-Brabant (CR);2020;719732;153919;420355;145458;590787;67881;28663;39218;61064;31367;29697;6927;3872;3055;3587;2026;1561;14733;7110;7623;11101;4695;6406;24716;13664;11052;7703.0;7681.0;4380.0;4837.0;23862.0;24353.0;36
1055;Zuidoost-Noord-Brabant (CR);2021;718853;152803;418204;147846;589215;67968;28799;39169;61670;31519;30151;7048;3955;3093;3598;2025;1573;14828;7118;7710;11113;4642;6471;25083;13779;11304;7809.0;7743.0;4298.0;4718.0;23721.0;24325.0;36
1056;Zuidoost-Noord-Brabant (CR);2022;717949;152209;415575;150165;587670;68115;28962;39153;62164;31595;30569;7149;4043;3106;3593;2028;1565;14905;7114;7791;11138;4617;6521;25379;13793;11586;7756.0;7874.0;4323.0;4839.0;23834.0;24254.0;36
1057;Zuidoost-Noord-Brabant (CR);2023;716947;151654;412600;152693;585975;68220;29055;39165;62752;31740;31012;7261;4122;3139;3620;2014;1606;14975;7107;7868;11173;4603;6570;25723;13894;11829;7917.0;8016.0;4239.0;4578.0;23579.0;24178.0;36
1058;Zuidoost-Noord-Brabant (CR);2024;715988;151118;409724;155146;584333;68345;29199;39146;63310;31888;31422;7408;4232;3176;3632;2028;1604;15018;7094;7924;11172;4580;6592;26080;13954;12126;7899.0;8119.0;4234.0;4569.0;23514.0;24042.0;36
1059;Zuidoost-Noord-Brabant (CR);2025;714984;151013;406205;157766;582625;68418;29319;39099;63941;32141;31800;7550;4348;3202;3637;2035;1602;15155;7145;8010;11183;4565;6618;26416;14048;12368;;;;;;;36
1060;Noord-Limburg (CR);2006;278665;68244;169894;40527;232153;29225;10907;18318;17287;10183;7104;997;517;480;532;303;229;5687;3104;2583;4634;2452;2182;5437;3807;1630;2831.0;2442.0;1107.0;1194.0;7649.0;7596.0;37
1061;Noord-Limburg (CR);2007;279027;67535;170072;41420;232151;29235;10916;18319;17641;10264;7377;1027;531;496;547;311;236;5824;3131;2693;4724;2473;2251;5519;3818;1701;2742.0;2523.0;1136.0;1226.0;7527.0;7615.0;37
1062;Noord-Limburg (CR);2008;279091;66845;169767;42479;231935;29212;10915;18297;17944;10335;7609;1035;537;498;561;321;240;5956;3153;2803;4774;2470;2304;5618;3854;1764;2714.0;2508.0;1222.0;1198.0;7496.0;7631.0;37
1063;Noord-Limburg (CR);2009;279207;66041;169585;43581;231611;29310;11021;18289;18286;10430;7856;1054;547;507;576;331;245;6049;3149;2900;4825;2477;2348;5782;3926;1856;2683.0;2575.0;1257.0;1158.0;7496.0;7684.0;37
1064;Noord-Limburg (CR);2010;279243;65180;169461;44602;231151;29480;11191;18289;18612;10498;8114;1068;555;513;589;333;256;6163;3167;2996;4885;2474;2411;5907;3969;1938;2663.0;2658.0;1256.0;1189.0;7584.0;7661.0;37
1065;Noord-Limburg (CR);2011;279259;64207;169464;45588;230732;29622;11357;18265;18905;10546;8359;1092;563;529;574;321;253;6262;3186;3076;4961;2490;2471;6016;3986;2030;2627.0;2707.0;1253.0;1166.0;7684.0;7733.0;37
1066;Noord-Limburg (CR);2012;279244;63262;168500;47482;230153;29840;11550;18290;19251;10643;8608;1116;578;538;587;338;249;6397;3217;3180;5014;2468;2546;6137;4042;2095;2628.0;2792.0;1301.0;1139.0;7624.0;7761.0;37
1067;Noord-Limburg (CR);2013;279135;62318;167628;49189;229568;29999;11759;18240;19568;10724;8844;1133;590;543;588;336;252;6493;3236;3257;5085;2478;2607;6269;4084;2185;2625.0;2824.0;1331.0;1156.0;7684.0;7768.0;37
1068;Noord-Limburg (CR);2014;279059;61396;166947;50716;229125;30169;11946;18223;19765;10737;9028;1158;609;549;588;338;250;6598;3256;3342;5084;2447;2637;6337;4087;2250;2667.0;2840.0;1326.0;1150.0;7601.0;7721.0;37
1069;Noord-Limburg (CR);2015;278962;60562;166045;52355;228469;30407;12186;18221;20086;10824;9262;1182;618;564;601;350;251;6723;3292;3431;5107;2427;2680;6473;4137;2336;2712.0;2943.0;1277.0;1195.0;7726.0;7759.0;37
1070;Noord-Limburg (CR);2016;278792;59849;165181;53762;227860;30572;12363;18209;20360;10872;9488;1216;628;588;630;361;269;6797;3310;3487;5133;2418;2715;6584;4155;2429;2767.0;2925.0;1308.0;1139.0;7608.0;7774.0;37
1071;Noord-Limburg (CR);2017;278655;59286;164181;55188;227303;30736;12509;18227;20616;10959;9657;1245;658;587;644;367;277;6877;3329;3548;5129;2390;2739;6721;4215;2506;2814.0;3038.0;1276.0;1189.0;7662.0;7777.0;37
1072;Noord-Limburg (CR);2018;278423;58879;162990;56554;226726;30893;12688;18205;20804;10969;9835;1278;680;598;666;373;293;6948;3342;3606;5123;2360;2763;6789;4214;2575;2852.0;3136.0;1244.0;1148.0;7706.0;7780.0;37
1073;Noord-Limburg (CR);2019;278178;58388;162065;57725;226253;30908;12760;18148;21017;11003;10014;1297;688;609;685;373;312;6993;3349;3644;5143;2346;2797;6899;4247;2652;2872.0;3192.0;1243.0;1178.0;7726.0;7781.0;37
1074;Noord-Limburg (CR);2020;277892;57947;161045;58900;225609;31026;12873;18153;21257;11073;10184;1310;695;615;687;371;316;7087;3370;3717;5121;2323;2798;7052;4314;2738;2963.0;3215.0;1202.0;1144.0;7684.0;7740.0;37
1075;Noord-Limburg (CR);2021;277664;57540;160023;60101;225084;31111;12959;18152;21469;11138;10331;1337;709;628;719;390;329;7124;3379;3745;5140;2309;2831;7149;4351;2798;2983.0;3266.0;1220.0;1200.0;7639.0;7708.0;37
1076;Noord-Limburg (CR);2022;277352;57242;158822;61288;224489;31146;13038;18108;21717;11233;10484;1364;718;646;740;407;333;7163;3379;3784;5146;2300;2846;7304;4429;2875;3060.0;3330.0;1171.0;1152.0;7615.0;7694.0;37
1077;Noord-Limburg (CR);2023;277040;57017;157660;62363;223950;31153;13134;18019;21937;11283;10654;1373;719;654;767;424;343;7229;3392;3837;5167;2286;2881;7401;4462;2939;3120.0;3356.0;1159.0;1137.0;7500.0;7638.0;37
1078;Noord-Limburg (CR);2024;276719;57146;156038;63535;223430;31250;13208;18042;22039;11239;10800;1409;732;677;770;425;345;7249;3373;3876;5124;2243;2881;7487;4466;3021;3071.0;3407.0;1131.0;1056.0;7483.0;7570.0;37
1079;Noord-Limburg (CR);2025;276384;57226;154553;64605;222932;31246;13264;17982;22206;11260;10946;1421;736;685;789;433;356;7281;3369;3912;5102;2222;2880;7613;4500;3113;;;;;;;37
1080;Midden-Limburg (CR);2006;234752;53912;144006;36834;194817;26536;8998;17538;13399;7911;5488;679;337;342;960;537;423;2858;1563;1295;4214;2112;2102;4688;3362;1326;2146.0;2211.0;1023.0;1754.0;8312.0;7587.0;38
1081;Midden-Limburg (CR);2007;234701;53323;143686;37692;194779;26370;8919;17451;13552;7857;5695;729;350;379;956;521;435;2913;1563;1350;4258;2129;2129;4696;3294;1402;2115.0;2258.0;1065.0;1683.0;7912.0;7604.0;38
1082;Midden-Limburg (CR);2008;234267;52429;143203;38635;194278;26221;8816;17405;13768;7861;5907;757;358;399;968;530;438;2972;1576;1396;4317;2135;2182;4754;3262;1492;2135.0;2270.0;1123.0;1653.0;7884.0;7575.0;38
1083;Midden-Limburg (CR);2009;233917;51569;142721;39627;193807;26128;8796;17332;13982;7882;6100;802;378;424;974;529;445;3046;1590;1456;4365;2141;2224;4795;3244;1551;2045.0;2281.0;1139.0;1643.0;7874.0;7582.0;38
1084;Midden-Limburg (CR);2010;233482;50747;142079;40656;193350;25979;8798;17181;14153;7888;6265;850;409;441;966;519;447;3095;1598;1497;4399;2126;2273;4843;3236;1607;2007.0;2408.0;1159.0;1630.0;7952.0;7578.0;38
1085;Midden-Limburg (CR);2011;233000;49785;141656;41559;192772;25869;8795;17074;14359;7886;6473;880;423;457;957;508;449;3166;1603;1563;4427;2120;2307;4929;3232;1697;2039.0;2404.0;1208.0;1683.0;7907.0;7554.0;38
1086;Midden-Limburg (CR);2012;232532;48968;140546;43018;192221;25808;8864;16944;14503;7885;6618;921;450;471;963;506;457;3212;1605;1607;4443;2115;2328;4964;3209;1755;2003.0;2483.0;1177.0;1647.0;7980.0;7568.0;38
1087;Midden-Limburg (CR);2013;232019;48172;139336;44511;191572;25758;8913;16845;14689;7910;6779;975;476;499;962;499;463;3259;1613;1646;4450;2105;2345;5043;3217;1826;2066.0;2481.0;1202.0;1642.0;7878.0;7520.0;38
1088;Midden-Limburg (CR);2014;231543;47413;138306;45824;191018;25704;8952;16752;14821;7902;6919;1009;494;515;977;508;469;3277;1611;1666;4480;2109;2371;5078;3180;1898;2108.0;2519.0;1166.0;1624.0;7847.0;7514.0;38
1089;Midden-Limburg (CR);2015;231038;46822;137018;47198;190453;25598;9005;16593;14987;7932;7055;1037;512;525;994;521;473;3312;1616;1696;4511;2112;2399;5133;3171;1962;2138.0;2610.0;1177.0;1626.0;7824.0;7481.0;38
1090;Midden-Limburg (CR);2016;230492;46338;135863;48291;189800;25488;9006;16482;15204;7987;7217;1087;536;551;1006;528;478;3355;1626;1729;4534;2116;2418;5222;3181;2041;2168.0;2635.0;1093.0;1634.0;7907.0;7492.0;38
1091;Midden-Limburg (CR);2017;229926;45880;134531;49515;189179;25350;8987;16363;15397;8029;7368;1124;554;570;1011;514;497;3361;1604;1757;4547;2129;2418;5354;3228;2126;2277.0;2738.0;1081.0;1532.0;7834.0;7481.0;38
1092;Midden-Limburg (CR);2018;229391;45626;133201;50564;188633;25214;8970;16244;15544;8066;7478;1149;559;590;1020;519;501;3387;1600;1787;4532;2117;2415;5456;3271;2185;2273.0;2757.0;1095.0;1559.0;7833.0;7420.0;38
1093;Midden-Limburg (CR);2019;228884;45252;132095;51537;187974;25120;8971;16149;15790;8163;7627;1204;595;609;1021;522;499;3423;1606;1817;4554;2132;2422;5588;3308;2280;2284.0;2795.0;1078.0;1537.0;7768.0;7400.0;38
1094;Midden-Limburg (CR);2020;228315;44945;130885;52485;187350;24926;8871;16055;16039;8255;7784;1262;626;636;1041;530;511;3452;1607;1845;4578;2136;2442;5706;3356;2350;2331.0;2811.0;1066.0;1519.0;7706.0;7352.0;38
1095;Midden-Limburg (CR);2021;227770;44690;129680;53400;186844;24742;8850;15892;16184;8276;7908;1296;641;655;1057;544;513;3485;1608;1877;4599;2147;2452;5747;3336;2411;2379.0;2891.0;1057.0;1481.0;7705.0;7343.0;38
1096;Midden-Limburg (CR);2022;227224;44573;128414;54237;186170;24680;8902;15778;16374;8333;8041;1352;672;680;1063;549;514;3500;1603;1897;4616;2143;2473;5843;3366;2477;2416.0;2905.0;1082.0;1455.0;7630.0;7305.0;38
1097;Midden-Limburg (CR);2023;226707;44494;127133;55080;185509;24573;8849;15724;16625;8452;8173;1416;702;714;1084;571;513;3518;1600;1918;4638;2149;2489;5969;3430;2539;2423.0;2963.0;1022.0;1455.0;7609.0;7217.0;38
1098;Midden-Limburg (CR);2024;226144;44679;125526;55939;184906;24390;8791;15599;16848;8520;8328;1472;741;731;1102;570;532;3556;1598;1958;4656;2149;2507;6062;3462;2600;2485.0;3036.0;1052.0;1404.0;7522.0;7175.0;38
1099;Midden-Limburg (CR);2025;225614;44938;123909;56767;184245;24285;8781;15504;17084;8639;8445;1509;761;748;1140;599;541;3598;1615;1983;4645;2151;2494;6192;3513;2679;;;;;;;38
1100;Zuid-Limburg (CR);2006;618255;129689;381546;107020;484146;105446;36584;68862;28663;17855;10808;1645;808;837;2116;1346;770;3420;2003;1417;7657;4059;3598;13825;9639;4186;5131.0;6737.0;3787.0;6421.0;23047.0;23336.0;39
1101;Zuid-Limburg (CR);2007;613771;127361;378321;108089;481888;102974;35190;67784;28909;17686;11223;1730;852;878;2113;1339;774;3533;2028;1505;7772;4045;3727;13761;9422;4339;5001.0;6778.0;3789.0;6227.0;23062.0;23096.0;39
1102;Zuid-Limburg (CR);2008;609559;124934;375259;109366;479646;100715;33941;66774;29198;17508;11690;1836;903;933;2125;1318;807;3637;2046;1591;7903;4054;3849;13697;9187;4510;4914.0;6868.0;3781.0;5880.0;22937.0;22905.0;39
1103;Zuid-Limburg (CR);2009;605585;122706;372162;110717;477347;98743;32938;65805;29495;17393;12102;1945;966;979;2129;1305;824;3735;2053;1682;8006;4061;3945;13680;9008;4672;4847.0;6916.0;3920.0;5807.0;22850.0;22753.0;39
1104;Zuid-Limburg (CR);2010;601767;120572;369083;112112;475057;96834;32016;64818;29876;17353;12523;2052;1023;1029;2158;1314;844;3833;2069;1764;8100;4056;4044;13733;8891;4842;4912.0;6943.0;3864.0;5587.0;22607.0;22564.0;39
1105;Zuid-Limburg (CR);2011;598103;117991;365822;114290;472721;95140;31384;63756;30242;17368;12874;2166;1088;1078;2173;1320;853;3946;2117;1829;8194;4051;4143;13763;8792;4971;4858.0;6974.0;3942.0;5490.0;22411.0;22323.0;39
1106;Zuid-Limburg (CR);2012;594559;115571;362205;116783;470295;93566;30846;62720;30698;17432;13266;2284;1163;1121;2193;1317;876;4050;2157;1893;8296;4052;4244;13875;8743;5132;4760.0;7138.0;3875.0;5351.0;22341.0;22224.0;39
1107;Zuid-Limburg (CR);2013;590863;113581;357849;119433;467945;91809;30248;61561;31109;17461;13648;2419;1247;1172;2220;1327;893;4151;2195;1956;8389;4051;4338;13930;8641;5289;4882.0;7129.0;3818.0;5255.0;22209.0;22065.0;39
1108;Zuid-Limburg (CR);2014;587354;111815;353771;121768;465509;90215;29672;60543;31630;17535;14095;2558;1322;1236;2223;1322;901;4284;2244;2040;8518;4061;4457;14047;8586;5461;4908.0;7182.0;3719.0;5134.0;22070.0;21870.0;39
1109;Zuid-Limburg (CR);2015;583914;110131;349875;123908;463220;88636;29070;59566;32058;17654;14404;2691;1409;1282;2257;1343;914;4380;2273;2107;8589;4071;4518;14141;8558;5583;4903.0;7231.0;3619.0;5112.0;21923.0;21685.0;39
1110;Zuid-Limburg (CR);2016;580371;108684;345837;125850;460946;86968;28450;58518;32457;17731;14726;2810;1504;1306;2300;1379;921;4508;2308;2200;8626;4050;4576;14213;8490;5723;4843.0;7338.0;3587.0;4895.0;21806.0;21527.0;39
1111;Zuid-Limburg (CR);2017;576894;107509;341697;127688;458506;85455;27941;57514;32933;17861;15072;2960;1603;1357;2365;1421;944;4640;2355;2285;8654;4026;4628;14314;8456;5858;4909.0;7387.0;3453.0;4815.0;21658.0;21325.0;39
1112;Zuid-Limburg (CR);2018;573434;106382;337494;129558;456279;83796;27357;56439;33359;17969;15390;3130;1712;1418;2396;1439;957;4744;2372;2372;8674;4023;4651;14415;8423;5992;4974.0;7437.0;3376.0;4673.0;21536.0;21186.0;39
1113;Zuid-Limburg (CR);2019;570073;105068;333514;131491;454010;82244;26798;55446;33819;18138;15681;3283;1819;1464;2458;1460;998;4845;2399;2446;8708;4030;4678;14525;8430;6095;4973.0;7482.0;3248.0;4567.0;21421.0;21029.0;39
1114;Zuid-Limburg (CR);2020;566674;104077;329502;133095;451825;80659;26268;54391;34190;18242;15948;3429;1922;1507;2448;1453;995;4974;2447;2527;8711;4003;4708;14628;8417;6211;5022.0;7565.0;3222.0;4429.0;21257.0;20779.0;39
1115;Zuid-Limburg (CR);2021;563464;103049;325659;134756;449732;79078;25666;53412;34654;18419;16235;3566;2039;1527;2511;1483;1028;5082;2480;2602;8743;3993;4750;14752;8424;6328;4966.0;7642.0;3081.0;4441.0;21146.0;20562.0;39
1116;Zuid-Limburg (CR);2022;560052;102390;321145;136517;447535;77348;25004;52344;35169;18581;16588;3712;2128;1584;2589;1528;1061;5204;2515;2689;8794;3979;4815;14870;8431;6439;4945.0;7726.0;3079.0;4265.0;21042.0;20424.0;39
1117;Zuid-Limburg (CR);2023;556753;101902;316671;138180;445304;75827;24533;51294;35622;18692;16930;3817;2204;1613;2654;1579;1075;5330;2561;2769;8796;3932;4864;15025;8416;6609;4912.0;7755.0;2983.0;4205.0;20859.0;20205.0;39
1118;Zuid-Limburg (CR);2024;553390;101450;312138;139802;442943;74338;23985;50353;36109;18932;17177;3944;2283;1661;2709;1626;1083;5521;2663;2858;8763;3897;4866;15172;8463;6709;4869.0;7850.0;2975.0;4039.0;20708.0;20017.0;39
1119;Zuid-Limburg (CR);2025;550098;100981;307607;141510;440607;72862;23492;49370;36629;19181;17448;4066;2370;1696;2768;1645;1123;5666;2750;2916;8781;3874;4907;15348;8542;6806;;;;;;;39
1120;Flevoland (CR);2006;370111;109447;227848;32816;278016;29900;12367;17533;62195;36850;25345;22383;12718;9665;6129;3920;2209;5506;2970;2536;8637;4351;4286;19540;12891;6649;5393.0;2087.0;2819.0;2570.0;15148.0;14136.0;40
1121;Flevoland (CR);2007;374708;109574;231445;33689;279994;30334;12740;17594;64380;37927;26453;23000;13139;9861;6157;3916;2241;5831;3125;2706;9104;4505;4599;20288;13242;7046;5303.0;2131.0;2998.0;2654.0;15404.0;14229.0;40
1122;Flevoland (CR);2008;379440;109611;235080;34749;282039;30764;13206;17558;66637;39035;27602;23561;13498;10063;6278;3990;2288;6164;3272;2892;9622;4689;4933;21012;13586;7426;5344.0;2219.0;3282.0;2671.0;16019.0;14395.0;40
1123;Flevoland (CR);2009;384844;109770;239024;36050;284313;31418;13817;17601;69113;40397;28716;24217;13927;10290;6452;4110;2342;6511;3460;3051;10145;4878;5267;21788;14022;7766;5407.0;2303.0;3404.0;2744.0;15893.0;14544.0;40
1124;Flevoland (CR);2010;389988;110029;242344;37615;286522;32107;14466;17641;71359;41463;29896;24760;14252;10508;6554;4186;2368;6844;3608;3236;10682;5083;5599;22519;14334;8185;5457.0;2360.0;3661.0;2787.0;15907.0;14696.0;40
1125;Flevoland (CR);2011;395216;110071;246279;38866;288584;32972;15226;17746;73660;42610;31050;25285;14534;10751;6706;4310;2396;7205;3764;3441;11200;5264;5936;23264;14738;8526;5484.0;2422.0;3896.0;2896.0;16018.0;14852.0;40
1126;Flevoland (CR);2012;400475;110025;248780;41670;290525;33937;16065;17872;76013;43812;32201;25745;14848;10897;6913;4450;2463;7582;3926;3656;11739;5472;6267;24034;15116;8918;5563.0;2499.0;4078.0;3002.0;16049.0;15021.0;40
1127;Flevoland (CR);2013;405678;110305;251201;44172;292555;34849;16962;17887;78274;44967;33307;26162;15155;11007;7119;4590;2529;7948;4091;3857;12215;5650;6565;24830;15481;9349;5604.0;2566.0;4178.0;3061.0;16119.0;15154.0;40
1128;Flevoland (CR);2014;410839;110574;253664;46601;294472;35880;17873;18007;80487;46068;34419;26544;15445;11099;7257;4676;2581;8327;4268;4059;12723;5836;6887;25636;15843;9793;5748.0;2617.0;4287.0;3068.0;16028.0;15305.0;40
1129;Flevoland (CR);2015;415954;110856;256214;48884;296450;36890;18780;18110;82614;47136;35478;26959;15731;11228;7419;4787;2632;8667;4429;4238;13187;6011;7176;26382;16178;10204;5748.0;2727.0;4356.0;3114.0;16111.0;15419.0;40
1130;Flevoland (CR);2016;420941;111366;258538;51037;298285;37880;19672;18208;84776;48212;36564;27334;15988;11346;7584;4891;2693;9002;4580;4422;13667;6195;7472;27189;16558;10631;5839.0;2822.0;4518.0;3228.0;16100.0;15515.0;40
1131;Flevoland (CR);2017;425861;112118;260446;53297;299987;38952;20574;18378;86922;49386;37536;27693;16250;11443;7785;5012;2773;9344;4759;4585;14111;6347;7764;27989;17018;10971;5980.0;2865.0;4587.0;3301.0;16127.0;15683.0;40
1132;Flevoland (CR);2018;430738;112728;262290;55720;301731;39995;21385;18610;89012;50406;38606;27983;16469;11514;7962;5092;2870;9699;4908;4791;14580;6518;8062;28788;17419;11369;6018.0;2952.0;4684.0;3325.0;16169.0;15818.0;40
1133;Flevoland (CR);2019;435547;113179;264073;58295;303461;41036;22217;18819;91050;51333;39717;28242;16650;11592;8133;5175;2958;10081;5064;5017;15028;6669;8359;29566;17775;11791;6158.0;3029.0;4679.0;3368.0;16153.0;15953.0;40
1134;Flevoland (CR);2020;440213;113720;265600;60893;305057;42074;23070;19004;93082;52284;40798;28505;16832;11673;8293;5285;3008;10438;5203;5235;15455;6826;8629;30391;18138;12253;6235.0;3076.0;4712.0;3432.0;16207.0;16077.0;40
1135;Flevoland (CR);2021;444823;114160;266976;63687;306773;43123;23854;19269;94927;53163;41764;28742;17009;11733;8420;5336;3084;10764;5334;5430;15868;6985;8883;31133;18499;12634;6288.0;3193.0;4771.0;3355.0;16176.0;16184.0;40
1136;Flevoland (CR);2022;449354;114678;268179;66497;308412;44205;24613;19592;96737;53960;42777;28929;17127;11802;8613;5409;3204;11069;5475;5594;16246;7154;9092;31880;18795;13085;6461.0;3277.0;4908.0;3518.0;16079.0;16271.0;40
1137;Flevoland (CR);2023;453766;115300;269084;69382;310004;45240;25432;19808;98522;54716;43806;29128;17278;11850;8725;5426;3299;11438;5608;5830;16613;7292;9321;32618;19112;13506;6572.0;3401.0;4924.0;3448.0;15961.0;16374.0;40
1138;Flevoland (CR);2024;458032;116091;269785;72156;311424;46328;26271;20057;100280;55454;44826;29292;17384;11908;8911;5469;3442;11761;5761;6000;17007;7426;9581;33309;19414;13895;6631.0;3496.0;4954.0;3492.0;15962.0;16426.0;40
1139;Flevoland (CR);2025;462195;116968;270248;74979;312748;47440;27089;20351;102007;56254;45753;29472;17524;11948;9020;5482;3538;12053;5870;6183;17329;7562;9767;34133;19816;14317;;;;;;;40
1140;Groningen (SG);2006;343284;75069;220752;47463;297098;25157;10660;14497;21029;13561;7468;3716;1918;1798;3228;2096;1132;1472;827;645;1178;560;618;11435;8160;3275;3669.0;3096.0;3015.0;2629.0;17386.0;17778.0;1
1141;Groningen (SG);2007;343892;75349;220655;47888;296951;25514;10990;14524;21427;13697;7730;3773;1952;1821;3149;2029;1120;1561;877;684;1250;603;647;11694;8236;3458;3700.0;3112.0;3204.0;2619.0;18676.0;17759.0;1
1142;Groningen (SG);2008;346007;76041;221411;48555;297833;26156;11498;14658;22018;13943;8075;3851;1987;1864;3105;1992;1113;1657;920;737;1339;628;711;12066;8416;3650;3784.0;3156.0;3470.0;2739.0;19396.0;17869.0;1
1143;Groningen (SG);2009;348926;77006;222359;49561;299146;26930;12075;14855;22850;14343;8507;3947;2029;1918;3166;2015;1151;1774;968;806;1439;670;769;12524;8661;3863;3914.0;3144.0;3718.0;2780.0;19335.0;17945.0;1
1144;Groningen (SG);2010;352059;78018;223343;50698;300569;27784;12724;15060;23706;14822;8884;4037;2086;1951;3275;2103;1172;1864;1013;851;1515;695;820;13015;8925;4090;3934.0;3174.0;3922.0;2827.0;19392.0;18102.0;1
1145;Groningen (SG);2011;355239;78712;224757;51770;301970;28745;13462;15283;24524;15216;9308;4144;2130;2014;3378;2179;1199;1960;1053;907;1614;729;885;13428;9125;4303;4049.0;3197.0;4168.0;2893.0;19345.0;18139.0;1
1146;Groningen (SG);2012;358606;79494;225087;54025;303277;29867;14353;15514;25462;15690;9772;4193;2151;2042;3506;2275;1231;2075;1098;977;1712;767;945;13976;9399;4577;4095.0;3232.0;4397.0;3058.0;19383.0;18264.0;1
1147;Groningen (SG);2013;361951;80393;225530;56028;304511;31094;15300;15794;26346;16126;10220;4271;2175;2096;3616;2356;1260;2187;1157;1030;1801;802;999;14471;9636;4835;4207.0;3276.0;4601.0;3140.0;19348.0;18408.0;1
1148;Groningen (SG);2014;365315;81312;226333;57670;305777;32270;16256;16014;27268;16580;10688;4345;2198;2147;3740;2441;1299;2307;1216;1091;1885;854;1031;14991;9871;5120;4257.0;3296.0;4695.0;3141.0;19396.0;18512.0;1
1149;Groningen (SG);2015;368735;82369;227258;59108;307008;33446;17179;16267;28281;17089;11192;4441;2241;2200;3846;2520;1326;2433;1271;1162;1972;882;1090;15589;10175;5414;4317.0;3316.0;4791.0;3253.0;19431.0;18661.0;1
1150;Groningen (SG);2016;372067;83268;228280;60519;308177;34588;18099;16489;29302;17653;11649;4528;2299;2229;3960;2609;1351;2577;1331;1246;2071;915;1156;16166;10499;5667;4302.0;3371.0;4871.0;3292.0;19520.0;18796.0;1
1151;Groningen (SG);2017;375325;84347;229103;61875;309262;35785;19024;16761;30278;18186;12092;4597;2338;2259;4093;2701;1392;2660;1381;1279;2155;944;1211;16773;10822;5951;4330.0;3429.0;4933.0;3303.0;19505.0;18943.0;1
1152;Groningen (SG);2018;378453;85244;229766;63443;310310;36875;19848;17027;31268;18769;12499;4670;2375;2295;4221;2783;1438;2768;1416;1352;2254;1003;1251;17355;11192;6163;4338.0;3474.0;5047.0;3401.0;19636.0;19082.0;1
1153;Groningen (SG);2019;381548;86061;230552;64935;311320;37958;20664;17294;32270;19280;12990;4775;2418;2357;4283;2839;1444;2863;1469;1394;2385;1060;1325;17964;11494;6470;4331.0;3502.0;5134.0;3524.0;19672.0;19195.0;1
1154;Groningen (SG);2020;384491;86834;231230;66427;312035;39117;21433;17684;33339;19890;13449;4862;2465;2397;4369;2910;1459;2978;1528;1450;2530;1122;1408;18600;11865;6735;4318.0;3573.0;5180.0;3482.0;19750.0;19329.0;1
1155;Groningen (SG);2021;387385;87614;231875;67896;312706;40247;22184;18063;34432;20575;13857;4942;2489;2453;4454;2998;1456;3107;1611;1496;2654;1177;1477;19275;12300;6975;4254.0;3643.0;5332.0;3514.0;19784.0;19423.0;1
1156;Groningen (SG);2022;390223;88265;232535;69423;313189;41306;22905;18401;35728;21306;14422;5032;2533;2499;4631;3129;1502;3253;1687;1566;2788;1211;1577;20024;12746;7278;4263.0;3703.0;5431.0;3543.0;19847.0;19653.0;1
1157;Groningen (SG);2023;392907;89220;232872;70815;313607;42377;23668;18709;36923;21988;14935;5103;2548;2555;4827;3286;1541;3392;1764;1628;2901;1277;1624;20700;13113;7587;4220.0;3739.0;5602.0;3627.0;19925.0;19858.0;1
1158;Groningen (SG);2024;395467;90096;233060;72311;313848;43387;24440;18947;38232;22743;15489;5113;2551;2562;5097;3531;1566;3560;1849;1711;3036;1323;1713;21426;13489;7937;4226.0;3818.0;5736.0;3548.0;19842.0;20022.0;1
1159;Groningen (SG);2025;397926;90539;233554;73833;313815;44592;25273;19319;39519;23513;16006;5159;2545;2614;5354;3744;1610;3710;1935;1775;3168;1381;1787;22128;13908;8220;;;;;;;1
1160;Leeuwarden (SG);2006;159086;37642;98667;22777;140315;8901;3461;5440;9870;6511;3359;1502;786;716;916;633;283;531;306;225;1039;507;532;5882;4279;1603;1734.0;1570.0;726.0;668.0;7046.0;6775.0;2
1161;Leeuwarden (SG);2007;159586;37606;99078;22902;140472;9040;3522;5518;10074;6544;3530;1544;789;755;931;627;304;557;325;232;1056;509;547;5986;4294;1692;1774.0;1559.0;809.0;669.0;7024.0;6714.0;2
1162;Leeuwarden (SG);2008;160259;37667;99501;23091;140847;9241;3676;5565;10171;6502;3669;1544;784;760;938;626;312;576;328;248;1082;510;572;6031;4254;1777;1766.0;1562.0;867.0;712.0;6954.0;6686.0;2
1163;Leeuwarden (SG);2009;160893;37761;99714;23418;141093;9456;3836;5620;10344;6518;3826;1547;790;757;937;613;324;625;346;279;1091;509;582;6144;4260;1884;1785.0;1551.0;910.0;681.0;6880.0;6667.0;2
1164;Leeuwarden (SG);2010;161581;37890;99819;23872;141330;9679;4006;5673;10572;6560;4012;1565;793;772;957;620;337;645;353;292;1115;519;596;6290;4275;2015;1781.0;1576.0;965.0;693.0;6849.0;6644.0;2
1165;Leeuwarden (SG);2011;162277;37939;100076;24262;141576;9912;4173;5739;10789;6594;4195;1556;788;768;996;634;362;663;355;308;1133;517;616;6441;4300;2141;1796.0;1583.0;968.0;702.0;6902.0;6659.0;2
1166;Leeuwarden (SG);2012;163011;38007;99831;25173;141809;10190;4403;5787;11012;6644;4368;1584;802;782;1012;641;371;696;361;335;1157;519;638;6563;4321;2242;1807.0;1580.0;1020.0;702.0;6844.0;6664.0;2
1167;Leeuwarden (SG);2013;163750;38064;99789;25897;142002;10484;4625;5859;11264;6740;4524;1618;813;805;1024;647;377;714;369;345;1167;515;652;6741;4396;2345;1795.0;1605.0;1030.0;735.0;6895.0;6650.0;2
1168;Leeuwarden (SG);2014;164485;38113;99718;26654;142155;10765;4832;5933;11565;6861;4704;1647;825;822;1066;675;391;756;384;372;1176;513;663;6920;4464;2456;1823.0;1594.0;1029.0;744.0;6916.0;6666.0;2
1169;Leeuwarden (SG);2015;165255;38247;99704;27304;142346;11057;5029;6028;11852;7015;4837;1670;837;833;1087;691;396;773;383;390;1177;510;667;7145;4594;2551;1801.0;1623.0;1069.0;727.0;6902.0;6682.0;2
1170;Leeuwarden (SG);2016;166008;38252;99874;27882;142587;11364;5235;6129;12057;7106;4951;1667;851;816;1116;703;413;824;407;417;1195;508;687;7255;4637;2618;1830.0;1622.0;1025.0;689.0;6869.0;6714.0;2
1171;Leeuwarden (SG);2017;166730;38325;99904;28501;142699;11640;5418;6222;12391;7291;5100;1677;851;826;1172;743;429;849;416;433;1235;527;708;7458;4754;2704;1807.0;1635.0;1075.0;781.0;6942.0;6725.0;2
1172;Leeuwarden (SG);2018;167421;38479;99854;29088;142778;11955;5642;6313;12688;7412;5276;1704;864;840;1212;769;443;879;433;446;1251;524;727;7642;4822;2820;1825.0;1658.0;1068.0;777.0;6963.0;6767.0;2
1173;Leeuwarden (SG);2019;168096;38474;99938;29684;142879;12248;5868;6380;12969;7521;5448;1708;865;843;1212;763;449;929;448;481;1259;526;733;7861;4919;2942;1805.0;1680.0;1090.0;745.0;6931.0;6757.0;2
1174;Leeuwarden (SG);2020;168755;38577;99890;30288;143037;12449;6072;6377;13269;7700;5569;1734;877;857;1255;795;460;956;459;497;1267;531;736;8057;5038;3019;1821.0;1674.0;1071.0;768.0;6990.0;6806.0;2
1175;Leeuwarden (SG);2021;169408;38658;99744;31006;143180;12660;6199;6461;13568;7864;5704;1743;893;850;1284;808;476;992;477;515;1292;542;750;8257;5144;3113;1826.0;1727.0;1091.0;745.0;6994.0;6811.0;2
1176;Leeuwarden (SG);2022;170053;38706;99671;31676;143227;12949;6410;6539;13877;8064;5813;1762;910;852;1306;830;476;1016;492;524;1295;540;755;8498;5292;3206;1824.0;1730.0;1080.0;792.0;7046.0;6848.0;2
1177;Leeuwarden (SG);2023;170645;38743;99631;32271;143293;13222;6608;6614;14130;8181;5949;1763;909;854;1325;839;486;1054;510;544;1302;547;755;8686;5376;3310;1813.0;1777.0;1118.0;750.0;7052.0;6883.0;2
1178;Leeuwarden (SG);2024;171233;38780;99609;32844;143361;13490;6782;6708;14382;8298;6084;1760;905;855;1354;840;514;1097;526;571;1317;543;774;8854;5484;3370;1800.0;1782.0;1084.0;792.0;7075.0;6871.0;2
1179;Leeuwarden (SG);2025;171759;38755;99566;33438;143306;13728;6956;6772;14725;8485;6240;1764;910;854;1402;876;526;1151;553;598;1326;547;779;9082;5599;3483;;;;;;;2
1180;Zwolle (SG);2006;168550;42449;103289;22812;148570;9258;3276;5982;10722;6600;4122;1273;632;641;1277;829;448;2559;1350;1209;721;349;372;4892;3440;1452;2071.0;1518.0;726.0;714.0;6621.0;6693.0;3
1181;Zwolle (SG);2007;169053;42371;103788;22894;148690;9449;3406;6043;10914;6640;4274;1296;625;671;1254;780;474;2588;1367;1221;772;373;399;5004;3495;1509;2070.0;1525.0;758.0;691.0;6852.0;6673.0;3
1182;Zwolle (SG);2008;169861;42392;104322;23147;149091;9595;3502;6093;11175;6714;4461;1345;636;709;1251;764;487;2648;1366;1282;815;392;423;5116;3556;1560;2066.0;1542.0;763.0;743.0;6871.0;6670.0;3
1183;Zwolle (SG);2009;170617;42347;104803;23467;149382;9812;3627;6185;11423;6797;4626;1380;631;749;1256;751;505;2678;1372;1306;855;402;453;5254;3641;1613;2029.0;1552.0;848.0;738.0;6864.0;6672.0;3
1184;Zwolle (SG);2010;171404;42429;105142;23833;149640;10052;3786;6266;11712;6943;4769;1437;665;772;1256;732;524;2728;1393;1335;909;433;476;5382;3720;1662;2017.0;1540.0;865.0;731.0;6804.0;6660.0;3
1185;Zwolle (SG);2011;172172;42267;105670;24235;149863;10275;3951;6324;12034;7092;4942;1490;694;796;1257;736;521;2789;1406;1383;943;446;497;5555;3810;1745;2017.0;1569.0;892.0;755.0;6899.0;6705.0;3
1186;Zwolle (SG);2012;172959;42217;105586;25156;150172;10518;4146;6372;12269;7197;5072;1504;701;803;1272;738;534;2816;1409;1407;993;477;516;5684;3872;1812;2000.0;1594.0;944.0;731.0;6884.0;6733.0;3
1187;Zwolle (SG);2013;173749;42129;105637;25983;150344;10824;4368;6456;12581;7337;5244;1560;730;830;1271;732;539;2881;1427;1454;1067;502;565;5802;3946;1856;2019.0;1575.0;933.0;752.0;6846.0;6730.0;3
1188;Zwolle (SG);2014;174507;42068;105807;26632;150567;11072;4549;6523;12868;7479;5389;1610;750;860;1314;754;560;2894;1428;1466;1115;519;596;5935;4028;1907;2018.0;1580.0;955.0;788.0;6855.0;6735.0;3
1189;Zwolle (SG);2015;175248;42029;105980;27239;150736;11338;4729;6609;13174;7641;5533;1674;789;885;1325;767;558;2927;1427;1500;1167;545;622;6081;4113;1968;2030.0;1621.0;956.0;782.0;6877.0;6743.0;3
1190;Zwolle (SG);2016;175986;42089;106102;27795;150885;11593;4879;6714;13508;7778;5730;1716;801;915;1376;789;587;2956;1426;1530;1214;567;647;6246;4195;2051;1977.0;1580.0;970.0;749.0;6824.0;6767.0;3
1191;Zwolle (SG);2017;176685;42115;106252;28318;150996;11880;5054;6826;13809;7930;5879;1749;821;928;1399;818;581;2989;1422;1567;1280;582;698;6392;4287;2105;2032.0;1655.0;1040.0;783.0;6842.0;6790.0;3
1192;Zwolle (SG);2018;177388;42203;106211;28974;151094;12152;5238;6914;14142;8117;6025;1802;839;963;1419;820;599;3022;1433;1589;1334;611;723;6565;4414;2151;2088.0;1677.0;1029.0;827.0;6874.0;6807.0;3
1193;Zwolle (SG);2019;178091;42248;106300;29543;151176;12439;5430;7009;14476;8250;6226;1852;855;997;1436;816;620;3088;1458;1630;1408;648;760;6692;4473;2219;2047.0;1685.0;974.0;755.0;6891.0;6860.0;3
1194;Zwolle (SG);2020;178726;42130;106400;30196;151250;12679;5572;7107;14797;8420;6377;1883;869;1014;1455;831;624;3147;1478;1669;1472;685;787;6840;4557;2283;2066.0;1710.0;1023.0;787.0;6912.0;6897.0;3
1195;Zwolle (SG);2021;179355;41923;106535;30897;151273;12982;5738;7244;15100;8561;6539;1897;889;1008;1496;841;655;3201;1491;1710;1538;716;822;6968;4624;2344;2069.0;1749.0;1040.0;837.0;6965.0;6916.0;3
1196;Zwolle (SG);2022;179948;41742;106743;31463;151285;13197;5859;7338;15466;8721;6745;1959;927;1032;1490;824;666;3263;1495;1768;1621;750;871;7133;4725;2408;2073.0;1765.0;1068.0;822.0;6886.0;6903.0;3
1197;Zwolle (SG);2023;180511;41630;106641;32240;151324;13388;5939;7449;15799;8869;6930;2000;941;1059;1519;839;680;3300;1513;1787;1690;791;899;7290;4785;2505;2106.0;1790.0;1044.0;844.0;6875.0;6895.0;3
1198;Zwolle (SG);2024;181034;41522;106610;32902;151194;13665;6094;7571;16175;9087;7088;2036;966;1070;1525;838;687;3349;1524;1825;1753;819;934;7512;4940;2572;2082.0;1817.0;1068.0;794.0;6822.0;6873.0;3
1199;Zwolle (SG);2025;181550;41497;106464;33589;151186;13895;6258;7637;16469;9225;7244;2058;985;1073;1538;840;698;3391;1530;1861;1831;857;974;7651;5013;2638;;;;;;;3
1200;Enschede (SG);2006;308755;73219;190544;44992;242526;33146;11736;21410;33083;19237;13846;2507;1324;1183;1326;758;568;15222;7896;7326;2414;1177;1237;11614;8082;3532;3502.0;2942.0;1800.0;2659.0;10418.0;9551.0;4
1201;Enschede (SG);2007;309350;73310;190613;45427;243347;32701;11448;21253;33302;18990;14312;2556;1343;1213;1318;744;574;15341;7855;7486;2479;1204;1275;11608;7844;3764;3512.0;2933.0;1771.0;2533.0;10371.0;9497.0;4
1202;Enschede (SG);2008;310061;73317;190662;46082;244115;32427;11264;21163;33519;18796;14723;2598;1359;1239;1306;723;583;15449;7816;7633;2540;1221;1319;11626;7677;3949;3456.0;2964.0;1742.0;2470.0;10343.0;9461.0;4
1203;Enschede (SG);2009;310727;73339;190465;46923;244874;32088;11116;20972;33765;18617;15148;2648;1391;1257;1300;716;584;15571;7786;7785;2619;1252;1367;11627;7472;4155;3476.0;3021.0;1781.0;2442.0;10310.0;9418.0;4
1204;Enschede (SG);2010;311429;73275;190365;47789;245465;31802;11020;20782;34162;18545;15617;2664;1381;1283;1323;716;607;15680;7768;7912;2679;1260;1419;11816;7420;4396;3407.0;3005.0;1772.0;2399.0;10293.0;9407.0;4
1205;Enschede (SG);2011;312114;73012;190601;48501;245984;31620;10923;20697;34510;18461;16049;2706;1392;1314;1372;745;627;15805;7752;8053;2736;1267;1469;11891;7305;4586;3448.0;3058.0;1840.0;2291.0;10148.0;9388.0;4
1206;Enschede (SG);2012;312824;72872;189744;50208;246481;31451;10895;20556;34892;18408;16484;2768;1404;1364;1382;741;641;15872;7718;8154;2812;1301;1511;12058;7244;4814;3427.0;3054.0;1866.0;2322.0;10179.0;9389.0;4
1207;Enschede (SG);2013;313544;72737;189068;51739;246998;31273;10832;20441;35273;18380;16893;2815;1414;1401;1391;756;635;15981;7710;8271;2902;1330;1572;12184;7170;5014;3423.0;3116.0;1766.0;2248.0;10192.0;9353.0;4
1208;Enschede (SG);2014;314234;72604;188619;53011;247483;31063;10768;20295;35688;18382;17306;2883;1437;1446;1433;767;666;16070;7697;8373;2951;1331;1620;12351;7150;5201;3444.0;3152.0;1783.0;2295.0;10154.0;9319.0;4
1209;Enschede (SG);2015;314865;72343;188489;54033;247975;30859;10711;20148;36031;18391;17640;2909;1446;1463;1464;794;670;16131;7693;8438;3024;1354;1670;12503;7104;5399;3441.0;3189.0;1787.0;2186.0;10149.0;9355.0;4
1210;Enschede (SG);2016;315536;72434;187999;55103;248460;30662;10637;20025;36414;18448;17966;2951;1462;1489;1503;825;678;16192;7690;8502;3109;1371;1738;12659;7100;5559;3444.0;3244.0;1719.0;2242.0;10182.0;9331.0;4
1211;Enschede (SG);2017;316092;72371;187708;56013;248982;30400;10577;19823;36710;18416;18294;3011;1476;1535;1536;856;680;16202;7640;8562;3152;1381;1771;12809;7063;5746;3531.0;3263.0;1694.0;2134.0;10162.0;9344.0;4
1212;Enschede (SG);2018;316759;72421;187316;57022;249482;30222;10520;19702;37055;18384;18671;3054;1488;1566;1566;864;702;16243;7605;8638;3227;1386;1841;12965;7041;5924;3562.0;3297.0;1655.0;2092.0;10159.0;9355.0;4
1213;Enschede (SG);2019;317413;72285;187190;57938;250018;30038;10450;19588;37357;18385;18972;3093;1508;1585;1579;863;716;16268;7579;8689;3289;1390;1899;13128;7045;6083;3530.0;3297.0;1677.0;2041.0;10149.0;9377.0;4
1214;Enschede (SG);2020;318072;72129;187089;58854;250530;29842;10401;19441;37700;18384;19316;3159;1538;1621;1604;875;729;16308;7587;8721;3370;1402;1968;13259;6982;6277;3595.0;3333.0;1591.0;2028.0;10121.0;9363.0;4
1215;Enschede (SG);2021;318684;71894;187012;59778;250952;29701;10327;19374;38031;18422;19609;3203;1566;1637;1666;914;752;16359;7585;8774;3404;1400;2004;13399;6957;6442;3608.0;3432.0;1590.0;2025.0;10193.0;9402.0;4
1216;Enschede (SG);2022;319239;71802;186852;60585;251467;29411;10213;19198;38361;18486;19875;3220;1558;1662;1697;951;746;16340;7544;8796;3469;1415;2054;13635;7018;6617;3649.0;3458.0;1603.0;2003.0;10122.0;9379.0;4
1217;Enschede (SG);2023;319801;71822;186551;61428;251870;29114;10062;19052;38817;18613;20204;3256;1568;1688;1785;1000;785;16373;7555;8818;3536;1413;2123;13867;7077;6790;3692.0;3522.0;1554.0;1992.0;10125.0;9384.0;4
1218;Enschede (SG);2024;320306;71815;186249;62242;252192;28880;9983;18897;39234;18723;20511;3298;1589;1709;1810;995;815;16454;7598;8856;3582;1416;2166;14090;7125;6965;3728.0;3529.0;1625.0;1886.0;9970.0;9390.0;4
1219;Enschede (SG);2025;320856;71945;185787;63124;252503;28655;9908;18747;39698;18903;20795;3351;1607;1744;1867;1025;842;16543;7640;8903;3611;1406;2205;14326;7225;7101;;;;;;;4
1220;Apeldoorn (SG);2006;212999;51019;127811;34169;184288;15385;5592;9793;13326;7779;5547;1138;560;578;1149;634;515;5181;2718;2463;915;478;437;4943;3389;1554;2280.0;2092.0;816.0;1248.0;6226.0;6018.0;5
1221;Apeldoorn (SG);2007;212981;50619;127964;34398;184054;15261;5487;9774;13666;7836;5830;1209;592;617;1145;617;528;5289;2725;2564;970;491;479;5053;3411;1642;2231.0;2124.0;863.0;1221.0;6650.0;6029.0;5
1222;Apeldoorn (SG);2008;213365;50322;128289;34754;184087;15205;5461;9744;14073;7943;6130;1278;622;656;1143;614;529;5391;2742;2649;1042;518;524;5219;3447;1772;2222.0;2134.0;922.0;1212.0;6755.0;6066.0;5
1223;Apeldoorn (SG);2009;213867;50107;128453;35307;184191;15191;5457;9734;14485;8092;6393;1351;649;702;1163;632;531;5474;2754;2720;1104;549;555;5393;3508;1885;2248.0;2162.0;921.0;1161.0;6643.0;6100.0;5
1224;Apeldoorn (SG);2010;214277;49827;128419;36031;184192;15185;5455;9730;14900;8214;6686;1413;678;735;1191;652;539;5573;2777;2796;1173;561;612;5550;3546;2004;2225.0;2150.0;960.0;1239.0;6721.0;6127.0;5
1225;Apeldoorn (SG);2011;214681;49555;128586;36540;184163;15243;5534;9709;15275;8334;6941;1475;704;771;1177;648;529;5654;2798;2856;1232;573;659;5737;3611;2126;2210.0;2208.0;937.0;1215.0;6741.0;6135.0;5
1226;Apeldoorn (SG);2012;215028;49278;127803;37947;184056;15280;5597;9683;15692;8478;7214;1540;730;810;1184;659;525;5730;2795;2935;1294;589;705;5944;3705;2239;2204.0;2174.0;971.0;1224.0;6748.0;6176.0;5
1227;Apeldoorn (SG);2013;215398;49022;127038;39338;183908;15364;5681;9683;16126;8626;7500;1622;762;860;1198;666;532;5801;2798;3003;1367;615;752;6138;3785;2353;2230.0;2249.0;1013.0;1202.0;6748.0;6215.0;5
1228;Apeldoorn (SG);2014;215740;48760;126616;40364;183810;15405;5747;9658;16525;8736;7789;1672;784;888;1195;657;538;5902;2824;3078;1428;627;801;6328;3844;2484;2244.0;2246.0;1068.0;1243.0;6711.0;6223.0;5
1229;Apeldoorn (SG);2015;216071;48476;126318;41277;183613;15463;5825;9638;16995;8895;8100;1722;797;925;1218;669;549;5991;2847;3144;1507;642;865;6557;3940;2617;2288.0;2259.0;995.0;1203.0;6719.0;6246.0;5
1230;Apeldoorn (SG);2016;216375;48346;126000;42029;183424;15524;5850;9674;17427;9066;8361;1788;835;953;1224;679;545;6035;2841;3194;1579;664;915;6801;4047;2754;2311.0;2292.0;1012.0;1236.0;6709.0;6252.0;5
1231;Apeldoorn (SG);2017;216637;48280;125610;42747;183260;15622;5923;9699;17755;9171;8584;1833;865;968;1244;683;561;6085;2840;3245;1628;680;948;6965;4103;2862;2312.0;2296.0;991.0;1218.0;6713.0;6245.0;5
1232;Apeldoorn (SG);2018;216916;48226;125155;43535;183093;15651;5987;9664;18172;9288;8884;1917;884;1033;1278;694;584;6131;2846;3285;1677;701;976;7169;4163;3006;2316.0;2304.0;1002.0;1209.0;6687.0;6262.0;5
1233;Apeldoorn (SG);2019;217169;48011;124956;44202;182925;15659;6003;9656;18585;9447;9138;1970;901;1069;1307;705;602;6182;2851;3331;1751;724;1027;7375;4266;3109;2400.0;2330.0;995.0;1172.0;6631.0;6268.0;5
1234;Apeldoorn (SG);2020;217446;47939;124542;44965;182796;15673;6092;9581;18977;9602;9375;2022;928;1094;1357;731;626;6235;2857;3378;1812;732;1080;7551;4354;3197;2397.0;2393.0;996.0;1173.0;6664.0;6286.0;5
1235;Apeldoorn (SG);2021;217679;47793;124248;45638;182585;15686;6134;9552;19408;9762;9646;2069;951;1118;1373;744;629;6295;2862;3433;1870;743;1127;7801;4462;3339;2403.0;2394.0;992.0;1177.0;6634.0;6279.0;5
1236;Apeldoorn (SG);2022;217884;47763;123809;46312;182342;15770;6197;9573;19772;9899;9873;2097;956;1141;1402;747;655;6326;2871;3455;1922;758;1164;8025;4567;3458;2446.0;2413.0;997.0;1169.0;6584.0;6277.0;5
1237;Apeldoorn (SG);2023;218082;47747;123393;46942;182111;15830;6238;9592;20141;9989;10152;2128;977;1151;1434;758;676;6358;2865;3493;1980;762;1218;8241;4627;3614;2472.0;2461.0;1006.0;1134.0;6533.0;6259.0;5
1238;Apeldoorn (SG);2024;218267;47880;122798;47589;181915;15843;6271;9572;20509;10099;10410;2207;998;1209;1455;775;680;6384;2860;3524;2012;763;1249;8451;4703;3748;2484.0;2533.0;982.0;1177.0;6625.0;6272.0;5
1239;Apeldoorn (SG);2025;218407;47975;122206;48226;181639;15898;6314;9584;20870;10201;10669;2248;1025;1223;1469;780;689;6436;2866;3570;2047;760;1287;8670;4770;3900;;;;;;;5
1240;Arnhem (SG);2006;345304;81741;213320;50243;281376;32480;11659;20821;31448;19177;12271;3931;2081;1850;2386;1550;836;9432;5111;4321;3075;1578;1497;12624;8857;3767;3777.0;3229.0;1414.0;1814.0;15872.0;15753.0;6
1241;Arnhem (SG);2007;345592;81533;213420;50639;281488;32347;11630;20717;31757;19054;12703;3998;2100;1898;2355;1515;840;9456;5055;4401;3146;1593;1553;12802;8791;4011;3706.0;3176.0;1450.0;1758.0;15816.0;15709.0;6
1242;Arnhem (SG);2008;345948;81347;213553;51048;281717;32247;11559;20688;31984;18892;13092;4016;2115;1901;2302;1454;848;9493;5040;4453;3240;1597;1643;12933;8686;4247;3570.0;3244.0;1508.0;1728.0;15930.0;15662.0;6
1243;Arnhem (SG);2009;346345;80995;213694;51656;281735;32267;11607;20660;32343;18758;13585;4052;2102;1950;2294;1424;870;9524;4989;4535;3326;1616;1710;13147;8627;4520;3585.0;3204.0;1500.0;1721.0;15848.0;15599.0;6
1244;Arnhem (SG);2010;346765;80580;213816;52369;281766;32293;11679;20614;32706;18683;14023;4074;2090;1984;2304;1423;881;9558;4975;4583;3400;1621;1779;13370;8574;4796;3515.0;3253.0;1523.0;1704.0;15856.0;15527.0;6
1245;Arnhem (SG);2011;347196;79981;214208;53007;281749;32357;11720;20637;33090;18648;14442;4119;2117;2002;2295;1398;897;9566;4931;4635;3471;1616;1855;13639;8586;5053;3538.0;3254.0;1551.0;1651.0;15752.0;15534.0;6
1246;Arnhem (SG);2012;347624;79316;213223;55085;281760;32420;11821;20599;33444;18604;14840;4143;2128;2015;2273;1360;913;9586;4903;4683;3558;1628;1930;13884;8585;5299;3535.0;3277.0;1537.0;1657.0;15702.0;15502.0;6
1247;Arnhem (SG);2013;347990;78766;212213;57011;281603;32534;11933;20601;33853;18658;15195;4215;2153;2062;2280;1346;934;9571;4885;4686;3610;1642;1968;14177;8632;5545;3505.0;3334.0;1520.0;1653.0;15744.0;15479.0;6
1248;Arnhem (SG);2014;348325;78203;211484;58638;281418;32736;12051;20685;34171;18584;15587;4239;2148;2091;2248;1305;943;9577;4844;4733;3686;1638;2048;14421;8649;5772;3524.0;3365.0;1461.0;1638.0;15721.0;15456.0;6
1249;Arnhem (SG);2015;348599;77670;210706;60223;281366;32764;12166;20598;34469;18510;15959;4245;2150;2095;2230;1275;955;9595;4807;4788;3744;1639;2105;14655;8639;6016;3487.0;3382.0;1550.0;1581.0;15632.0;15396.0;6
1250;Arnhem (SG);2016;348935;77278;210037;61620;281230;32873;12319;20554;34832;18523;16309;4284;2144;2140;2250;1297;953;9614;4798;4816;3787;1650;2137;14897;8634;6263;3477.0;3441.0;1446.0;1587.0;15683.0;15410.0;6
1251;Arnhem (SG);2017;349129;76822;209337;62970;281162;32843;12375;20468;35124;18497;16627;4297;2141;2156;2279;1290;989;9598;4768;4830;3839;1662;2177;15111;8636;6475;3496.0;3401.0;1494.0;1628.0;15635.0;15355.0;6
1252;Arnhem (SG);2018;349406;76399;208444;64563;280963;32946;12518;20428;35497;18578;16919;4332;2167;2165;2273;1298;975;9612;4744;4868;3861;1658;2203;15419;8711;6708;3471.0;3490.0;1372.0;1609.0;15745.0;15299.0;6
1253;Arnhem (SG);2019;349623;75747;207853;66023;280815;32943;12540;20403;35865;18690;17175;4379;2180;2199;2294;1311;983;9573;4715;4858;3906;1667;2239;15713;8817;6896;3478.0;3528.0;1403.0;1516.0;15664.0;15341.0;6
1254;Arnhem (SG);2020;349821;75279;207170;67372;280664;33006;12640;20366;36151;18754;17397;4428;2209;2219;2293;1304;989;9566;4703;4863;3921;1671;2250;15943;8867;7076;3557.0;3573.0;1383.0;1502.0;15613.0;15350.0;6
1255;Arnhem (SG);2021;349979;74666;206548;68765;280548;32945;12670;20275;36486;18813;17673;4449;2204;2245;2340;1322;1018;9515;4636;4879;3973;1680;2293;16209;8971;7238;3516.0;3637.0;1346.0;1494.0;15684.0;15319.0;6
1256;Arnhem (SG);2022;350109;74161;205636;70312;280409;32948;12773;20175;36752;18773;17979;4491;2209;2282;2355;1326;1029;9445;4563;4882;4037;1682;2355;16424;8993;7431;3548.0;3669.0;1288.0;1517.0;15751.0;15316.0;6
1257;Arnhem (SG);2023;350234;73525;204974;71735;280300;32859;12770;20089;37075;18833;18242;4533;2211;2322;2405;1348;1057;9387;4517;4870;4085;1679;2406;16665;9078;7587;3484.0;3736.0;1264.0;1504.0;15738.0;15225.0;6
1258;Arnhem (SG);2024;350282;73069;203942;73271;280158;32877;12856;20021;37247;18812;18435;4535;2204;2331;2419;1355;1064;9312;4461;4851;4126;1678;2448;16855;9114;7741;3533.0;3790.0;1262.0;1420.0;15688.0;15196.0;6
1259;Arnhem (SG);2025;350394;72900;202677;74817;279987;32919;12961;19958;37488;18804;18684;4549;2192;2357;2448;1361;1087;9246;4409;4837;4159;1669;2490;17086;9173;7913;;;;;;;6
1260;Nijmegen (SG);2006;276544;63540;175507;37497;224858;28520;10047;18473;23166;13974;9192;2226;1143;1083;2388;1428;960;5514;3019;2495;3623;1899;1724;9415;6485;2930;2969.0;2336.0;1527.0;2384.0;12529.0;11150.0;7
1261;Nijmegen (SG);2007;277728;63655;175921;38152;225851;28378;9881;18497;23499;13970;9529;2311;1175;1136;2347;1386;961;5574;3021;2553;3721;1907;1814;9546;6481;3065;2977.0;2425.0;1459.0;2292.0;12601.0;11076.0;7
1262;Nijmegen (SG);2008;278999;63752;176396;38851;226897;28217;9719;18498;23885;13965;9920;2383;1197;1186;2341;1350;991;5639;3021;2618;3815;1926;1889;9707;6471;3236;3011.0;2426.0;1528.0;2208.0;12503.0;11060.0;7
1263;Nijmegen (SG);2009;280368;63924;176822;39622;228021;28131;9658;18473;24216;13921;10295;2452;1211;1241;2292;1300;992;5732;3044;2688;3902;1937;1965;9838;6429;3409;3014.0;2465.0;1517.0;2242.0;12510.0;11070.0;7
1264;Nijmegen (SG);2010;281665;63961;177120;40584;229144;28001;9507;18494;24520;13860;10660;2520;1244;1276;2280;1265;1015;5788;3060;2728;3987;1947;2040;9945;6344;3601;3075.0;2486.0;1506.0;2114.0;12398.0;11036.0;7
1265;Nijmegen (SG);2011;283029;63889;177566;41574;230250;27959;9458;18501;24820;13885;10935;2593;1272;1321;2231;1234;997;5822;3065;2757;4077;1971;2106;10097;6343;3754;3046.0;2506.0;1537.0;2156.0;12477.0;11120.0;7
1266;Nijmegen (SG);2012;284336;63746;177256;43334;231259;27887;9417;18470;25190;13914;11276;2667;1302;1365;2213;1215;998;5904;3072;2832;4139;1966;2173;10267;6359;3908;3038.0;2563.0;1502.0;2036.0;12424.0;11117.0;7
1267;Nijmegen (SG);2013;285610;63696;176981;44933;232191;27916;9471;18445;25503;13926;11577;2738;1326;1412;2228;1217;1011;5942;3065;2877;4220;1972;2248;10375;6346;4029;3072.0;2618.0;1480.0;2054.0;12511.0;11135.0;7
1268;Nijmegen (SG);2014;286885;63595;176935;46355;233151;27890;9478;18412;25844;13985;11859;2800;1361;1439;2234;1207;1027;5997;3070;2927;4331;1992;2339;10482;6355;4127;3050.0;2639.0;1469.0;2082.0;12502.0;11139.0;7
1269;Nijmegen (SG);2015;288067;63482;176832;47753;234013;27934;9504;18430;26120;14013;12107;2871;1373;1498;2205;1189;1016;6048;3070;2978;4379;1998;2381;10617;6383;4234;3027.0;2723.0;1455.0;1991.0;12477.0;11160.0;7
1270;Nijmegen (SG);2016;289178;63389;176861;48928;234860;27905;9563;18342;26413;14031;12382;2917;1369;1548;2203;1175;1028;6070;3059;3011;4422;2000;2422;10801;6428;4373;3039.0;2772.0;1410.0;1952.0;12477.0;11165.0;7
1271;Nijmegen (SG);2017;290249;63323;176695;50231;235552;27941;9619;18322;26756;14067;12689;2994;1386;1608;2224;1161;1063;6125;3046;3079;4456;2001;2455;10957;6473;4484;3053.0;2829.0;1396.0;1966.0;12524.0;11227.0;7
1272;Nijmegen (SG);2018;291229;63275;176390;51564;236333;27891;9622;18269;27005;14070;12935;3019;1404;1615;2213;1152;1061;6157;3025;3132;4521;2010;2511;11095;6479;4616;3078.0;2851.0;1374.0;1933.0;12504.0;11270.0;7
1273;Nijmegen (SG);2019;292167;63083;176349;52735;237084;27812;9610;18202;27271;14083;13188;3063;1434;1629;2213;1154;1059;6205;3018;3187;4561;1997;2564;11229;6480;4749;3050.0;2866.0;1344.0;1958.0;12567.0;11259.0;7
1274;Nijmegen (SG);2020;293080;62876;176255;53949;237771;27724;9603;18121;27585;14151;13434;3111;1461;1650;2208;1156;1052;6218;2997;3221;4615;2007;2608;11433;6530;4903;3055.0;2951.0;1338.0;1895.0;12524.0;11280.0;7
1275;Nijmegen (SG);2021;293908;62530;176232;55146;238373;27614;9572;18042;27921;14223;13698;3155;1468;1687;2226;1172;1054;6234;2969;3265;4655;2014;2641;11651;6600;5051;3026.0;3012.0;1278.0;1828.0;12563.0;11274.0;7
1276;Nijmegen (SG);2022;294683;62371;175876;56436;239039;27496;9526;17970;28148;14268;13880;3176;1484;1692;2217;1167;1050;6251;2962;3289;4669;2009;2660;11835;6646;5189;3030.0;3034.0;1302.0;1853.0;12561.0;11317.0;7
1277;Nijmegen (SG);2023;295407;62160;175597;57650;239618;27405;9510;17895;28384;14339;14045;3210;1521;1689;2209;1151;1058;6266;2946;3320;4663;1984;2679;12036;6737;5299;3037.0;3091.0;1229.0;1804.0;12501.0;11222.0;7
1278;Nijmegen (SG);2024;296087;62003;175189;58895;240123;27231;9471;17760;28733;14456;14277;3264;1556;1708;2236;1168;1068;6285;2912;3373;4713;1996;2717;12235;6824;5411;2992.0;3168.0;1224.0;1741.0;12493.0;11240.0;7
1279;Nijmegen (SG);2025;296683;61827;174691;60165;240598;27079;9418;17661;29006;14513;14493;3329;1579;1750;2230;1162;1068;6304;2899;3405;4726;1980;2746;12417;6893;5524;;;;;;;7
1280;Amersfoort (SG);2006;267629;71607;162454;33568;220451;20312;7543;12769;26866;15812;11054;2387;1199;1188;2119;1182;937;8336;4600;3736;5280;2813;2467;8744;6018;2726;3505.0;2085.0;1185.0;1152.0;8964.0;9187.0;8
1281;Amersfoort (SG);2007;268875;71633;163296;33946;221103;20418;7640;12778;27354;15838;11516;2494;1242;1252;2120;1169;951;8438;4592;3846;5422;2818;2604;8880;6017;2863;3393.0;2098.0;1244.0;1176.0;8996.0;9185.0;8
1282;Amersfoort (SG);2008;270058;71682;163975;34401;221584;20559;7769;12790;27915;15933;11982;2571;1270;1301;2150;1193;957;8560;4596;3964;5574;2832;2742;9060;6042;3018;3362.0;2099.0;1271.0;1158.0;8893.0;9192.0;8
1283;Amersfoort (SG);2009;271142;71787;164156;35199;221996;20707;7857;12850;28439;15979;12460;2649;1299;1350;2153;1190;963;8673;4590;4083;5708;2835;2873;9256;6065;3191;3290.0;2152.0;1303.0;1194.0;9126.0;9211.0;8
1284;Amersfoort (SG);2010;272315;71729;164653;35933;222358;20962;8021;12941;28995;16047;12948;2712;1325;1387;2154;1177;977;8802;4585;4217;5833;2848;2985;9494;6112;3382;3247.0;2173.0;1316.0;1178.0;9192.0;9257.0;8
1285;Amersfoort (SG);2011;273475;71607;165322;36546;222820;21138;8154;12984;29517;16099;13418;2783;1337;1446;2178;1192;986;8908;4578;4330;5964;2852;3112;9684;6140;3544;3163.0;2219.0;1393.0;1143.0;9217.0;9272.0;8
1286;Amersfoort (SG);2012;274626;71421;164837;38368;223087;21408;8369;13039;30131;16214;13917;2871;1366;1505;2211;1202;1009;8989;4559;4430;6099;2861;3238;9961;6226;3735;3127.0;2255.0;1391.0;1151.0;9288.0;9317.0;8
1287;Amersfoort (SG);2013;275725;71239;164570;39916;223328;21680;8589;13091;30717;16340;14377;2945;1383;1562;2236;1222;1014;9117;4554;4563;6202;2887;3315;10217;6294;3923;3138.0;2253.0;1399.0;1172.0;9332.0;9379.0;8
1288;Amersfoort (SG);2014;276801;70983;164560;41258;223612;21935;8831;13104;31254;16449;14805;3030;1412;1618;2249;1219;1030;9147;4518;4629;6303;2890;3413;10525;6410;4115;3113.0;2298.0;1383.0;1183.0;9418.0;9439.0;8
1289;Amersfoort (SG);2015;277815;70710;164673;42432;223896;22183;9024;13159;31736;16535;15201;3070;1420;1650;2256;1239;1017;9213;4524;4689;6392;2870;3522;10805;6482;4323;3136.0;2314.0;1401.0;1101.0;9346.0;9486.0;8
1290;Amersfoort (SG);2016;278817;70498;164730;43589;224137;22458;9253;13205;32222;16632;15590;3134;1447;1687;2286;1247;1039;9267;4511;4756;6435;2850;3585;11100;6577;4523;3148.0;2305.0;1427.0;1142.0;9370.0;9531.0;8
1291;Amersfoort (SG);2017;279803;70202;164988;44613;224295;22775;9524;13251;32733;16783;15950;3226;1492;1734;2269;1227;1042;9354;4519;4835;6484;2842;3642;11400;6703;4697;3185.0;2357.0;1459.0;1194.0;9431.0;9568.0;8
1292;Amersfoort (SG);2018;280781;69927;165148;45706;224506;23061;9771;13290;33214;16860;16354;3281;1495;1786;2289;1249;1040;9439;4525;4914;6547;2847;3700;11658;6744;4914;3201.0;2411.0;1459.0;1181.0;9430.0;9624.0;8
1293;Amersfoort (SG);2019;281672;69529;165346;46797;224629;23328;10007;13321;33715;16973;16742;3337;1501;1836;2315;1253;1062;9457;4503;4954;6626;2836;3790;11980;6880;5100;3261.0;2416.0;1481.0;1199.0;9494.0;9724.0;8
1294;Amersfoort (SG);2020;282585;69082;165559;47944;224797;23590;10219;13371;34198;17119;17079;3394;1515;1879;2342;1264;1078;9520;4510;5010;6658;2830;3828;12284;7000;5284;3252.0;2475.0;1462.0;1189.0;9522.0;9787.0;8
1295;Amersfoort (SG);2021;283389;68442;165961;48986;224869;23845;10421;13424;34675;17274;17401;3458;1535;1923;2371;1276;1095;9546;4508;5038;6691;2822;3869;12609;7133;5476;3228.0;2543.0;1450.0;1244.0;9730.0;9829.0;8
1296;Amersfoort (SG);2022;284202;67872;166259;50071;224949;24102;10603;13499;35151;17390;17761;3507;1547;1960;2415;1295;1120;9589;4490;5099;6713;2823;3890;12927;7235;5692;3335.0;2592.0;1442.0;1177.0;9587.0;9844.0;8
1297;Amersfoort (SG);2023;284967;67503;166221;51243;224976;24385;10800;13585;35606;17502;18104;3534;1536;1998;2452;1306;1146;9613;4456;5157;6743;2807;3936;13264;7397;5867;3284.0;2592.0;1476.0;1202.0;9610.0;9888.0;8
1298;Amersfoort (SG);2024;285670;67077;166118;52475;225026;24643;11024;13619;36001;17586;18415;3543;1534;2009;2501;1336;1165;9627;4418;5209;6742;2809;3933;13588;7489;6099;3293.0;2644.0;1505.0;1258.0;9652.0;9897.0;8
1299;Amersfoort (SG);2025;286337;66784;165763;53790;224945;24921;11175;13746;36471;17749;18722;3614;1549;2065;2535;1369;1166;9601;4388;5213;6779;2794;3985;13942;7649;6293;;;;;;;8
1300;Utrecht (SG);2006;572644;135935;367620;69089;436268;51993;20833;31160;84383;47884;36499;13950;7691;6259;4302;2362;1940;14183;7551;6632;31598;16864;14734;20350;13416;6934;7694.0;4372.0;3948.0;4726.0;29853.0;28172.0;9
1301;Utrecht (SG);2007;576920;137874;369473;69573;438852;51995;20921;31074;86073;48147;37926;14121;7714;6407;4334;2349;1985;14355;7592;6763;32254;16854;15400;21009;13638;7371;7770.0;4432.0;3970.0;4666.0;29876.0;28015.0;9
1302;Utrecht (SG);2008;581456;139769;371506;70181;441367;52077;21035;31042;88012;48517;39495;14353;7755;6598;4411;2384;2027;14525;7613;6912;32993;16886;16107;21730;13879;7851;7729.0;4391.0;4095.0;4750.0;30126.0;27948.0;9
1303;Utrecht (SG);2009;586355;141487;373622;71246;444389;52364;21315;31049;89602;48723;40879;14490;7776;6714;4499;2409;2090;14703;7633;7070;33590;16840;16750;22320;14065;8255;7751.0;4479.0;4249.0;4714.0;28079.0;27907.0;9
1304;Utrecht (SG);2010;589365;142773;374056;72536;445816;52595;21539;31056;90954;48765;42189;14631;7785;6846;4609;2465;2144;14821;7635;7186;34124;16759;17365;22769;14121;8648;7779.0;4455.0;4268.0;4777.0;28073.0;27833.0;9
1305;Utrecht (SG);2011;592447;143764;375471;73212;447464;52799;21738;31061;92184;48775;43409;14639;7718;6921;4719;2492;2227;14941;7656;7285;34597;16706;17891;23288;14203;9085;7685.0;4493.0;4432.0;4675.0;27868.0;27762.0;9
1306;Utrecht (SG);2012;595538;144644;374206;76688;448933;53046;21999;31047;93559;48946;44613;14737;7699;7038;4791;2529;2262;15094;7689;7405;35016;16642;18374;23921;14387;9534;7499.0;4517.0;4385.0;4571.0;27871.0;27662.0;9
1307;Utrecht (SG);2013;598589;145312;373536;79741;450483;53398;22306;31092;94708;49019;45689;14725;7662;7063;4879;2548;2331;15267;7721;7546;35450;16629;18821;24387;14459;9928;7439.0;4541.0;4373.0;4661.0;27852.0;27577.0;9
1308;Utrecht (SG);2014;601522;146010;373240;82272;452079;53662;22588;31074;95781;49050;46731;14675;7605;7070;4895;2533;2362;15422;7746;7676;35859;16593;19266;24930;14573;10357;7315.0;4596.0;4340.0;4577.0;27877.0;27501.0;9
1309;Utrecht (SG);2015;604428;146608;373135;84685;453451;53971;22871;31100;97006;49167;47839;14726;7573;7153;5015;2582;2433;15586;7781;7805;36171;16535;19636;25508;14696;10812;7223.0;4614.0;4290.0;4489.0;27935.0;27488.0;9
1310;Utrecht (SG);2016;607336;147374;372876;87086;454939;54265;23159;31106;98132;49282;48850;14773;7553;7220;5090;2589;2501;15679;7788;7891;36520;16492;20028;26070;14860;11210;7114.0;4748.0;4333.0;4558.0;28032.0;27438.0;9
1311;Utrecht (SG);2017;610124;147986;372969;89169;456492;54676;23575;31101;98956;49262;49694;14744;7498;7246;5175;2625;2550;15810;7810;8000;36718;16397;20321;26509;14932;11577;7009.0;4698.0;4283.0;4484.0;28075.0;27515.0;9
1312;Utrecht (SG);2018;612850;148424;372790;91636;457965;54937;23824;31113;99948;49342;50606;14798;7478;7320;5291;2642;2649;15866;7796;8070;36903;16339;20564;27090;15087;12003;6953.0;4793.0;4187.0;4484.0;28358.0;27614.0;9
1313;Utrecht (SG);2019;615518;148388;373150;93980;459414;55269;24112;31157;100835;49346;51489;14832;7464;7368;5385;2633;2752;16013;7816;8197;37012;16260;20752;27593;15173;12420;6863.0;4915.0;4146.0;4460.0;28567.0;27722.0;9
1314;Utrecht (SG);2020;618060;147899;373892;96269;460743;55418;24238;31180;101899;49521;52378;14851;7432;7419;5440;2635;2805;16170;7833;8337;37159;16216;20943;28279;15405;12874;6840.0;5001.0;4164.0;4493.0;28827.0;27868.0;9
1315;Utrecht (SG);2021;620597;147107;374956;98534;462030;55607;24408;31199;102960;49780;53180;14882;7402;7480;5565;2684;2881;16260;7838;8422;37260;16175;21085;28993;15681;13312;6715.0;5028.0;4173.0;4295.0;28952.0;28114.0;9
1316;Utrecht (SG);2022;623060;146237;375685;101138;463250;55825;24571;31254;103985;49973;54012;14942;7372;7570;5713;2755;2958;16350;7851;8499;37354;16130;21224;29626;15865;13761;6704.0;5190.0;4076.0;4289.0;29277.0;28262.0;9
1317;Utrecht (SG);2023;625444;145243;376334;103867;464545;56037;24826;31211;104862;50145;54717;14975;7314;7661;5781;2777;3004;16430;7847;8583;37438;16112;21326;30238;16095;14143;6711.0;5271.0;4061.0;4273.0;29309.0;28358.0;9
1318;Utrecht (SG);2024;627690;144016;377096;106578;465547;56203;24970;31233;105940;50404;55536;15051;7285;7766;5930;2826;3104;16521;7845;8676;37390;16025;21365;31048;16423;14625;6721.0;5362.0;4174.0;4437.0;29507.0;28488.0;9
1319;Utrecht (SG);2025;629875;143106;377280;109489;466675;56440;25135;31305;106760;50507;56253;15084;7232;7852;6087;2885;3202;16632;7843;8789;37315;15929;21386;31642;16618;15024;;;;;;;9
1320;Amsterdam (SG);2006;1464412;350000;941565;172847;930180;175663;86857;88806;358569;210856;147713;102427;59170;43257;19207;11911;7296;55310;30851;24459;76165;40145;36020;105460;68779;36681;19661.0;11391.0;16972.0;14633.0;52656.0;52995.0;10
1321;Amsterdam (SG);2007;1474760;354897;945177;174686;935286;177276;88016;89260;362198;209532;152666;102297;58574;43723;19180;11772;7408;56443;31092;25351;77869;40272;37597;106409;67822;38587;19249.0;11547.0;17412.0;14547.0;52194.0;52743.0;10
1322;Amsterdam (SG);2008;1484854;359004;948813;177037;940228;178951;89402;89549;365675;208482;157193;102121;57979;44142;19228;11694;7534;57592;31385;26207;79421;40397;39024;107313;67027;40286;18919.0;11658.0;17936.0;14547.0;52300.0;52509.0;10
1323;Amsterdam (SG);2009;1495378;362397;952425;180556;945132;180983;91208;89775;369263;207677;161586;101954;57475;44479;19387;11710;7677;58708;31654;27054;80983;40525;40458;108231;66313;41918;18591.0;11737.0;18429.0;14421.0;55520.0;52421.0;10
1324;Amsterdam (SG);2010;1509418;366141;958370;184907;951828;183939;93572;90367;373651;207581;166070;101976;57061;44915;19635;11848;7787;59890;31955;27935;82666;40805;41861;109484;65912;43572;18297.0;11833.0;18888.0;14382.0;55616.0;52565.0;10
1325;Amsterdam (SG);2011;1523538;368771;966700;188067;958301;187231;96312;90919;378006;207583;170423;102071;56760;45311;19932;11979;7953;61031;32235;28796;84204;40985;43219;110768;65624;45144;18074.0;11967.0;19326.0;14541.0;55950.0;52748.0;10
1326;Amsterdam (SG);2012;1537723;370940;968820;197963;964432;190789;99262;91527;382502;207963;174539;102088;56478;45610;20302;12180;8122;62178;32549;29629;85716;41174;44542;112218;65582;46636;17933.0;12104.0;19732.0;14596.0;56024.0;52983.0;10
1327;Amsterdam (SG);2013;1551827;372785;972181;206861;970451;194686;102496;92190;386690;208237;178453;101928;56119;45809;20679;12352;8327;63240;32830;30410;87127;41347;45780;113716;65589;48127;17854.0;12223.0;20004.0;14844.0;56089.0;53100.0;10
1328;Amsterdam (SG);2014;1565723;374762;976665;214296;976282;198556;105604;92952;390885;208719;182166;101811;55785;46026;21036;12528;8508;64350;33161;31189;88506;41577;46929;115182;65668;49514;17807.0;12338.0;20137.0;14743.0;56077.0;53464.0;10
1329;Amsterdam (SG);2015;1579299;376294;981829;221176;981821;202245;108613;93632;395233;209341;185892;101725;55481;46244;21478;12747;8731;65399;33480;31919;89875;41810;48065;116756;65823;50933;17661.0;12567.0;20282.0;14812.0;56467.0;53783.0;10
1330;Amsterdam (SG);2016;1592649;378018;986589;228042;987001;206032;111627;94405;399616;210093;189523;101680;55198;46482;21790;12889;8901;66427;33768;32659;91145;42043;49102;118574;66195;52379;17681.0;12830.0;20532.0;15023.0;56759.0;54160.0;10
1331;Amsterdam (SG);2017;1605704;379396;991996;234312;992223;209718;114455;95263;403763;210760;193003;101598;54928;46670;22092;13042;9050;67489;34052;33437;92387;42241;50146;120197;66497;53700;17731.0;12963.0;20544.0;15034.0;56895.0;54507.0;10
1332;Amsterdam (SG);2018;1618465;380134;997054;241277;997198;213361;117210;96151;407906;211484;196422;101389;54620;46769;22519;13225;9294;68497;34341;34156;93532;42414;51118;121969;66884;55085;17925.0;13205.0;20823.0;15088.0;57018.0;55009.0;10
1333;Amsterdam (SG);2019;1631023;380091;1002952;247980;1001936;217120;119957;97163;411967;212263;199704;101132;54293;46839;23011;13450;9561;69524;34633;34891;94564;42573;51991;123736;67314;56422;17984.0;13430.0;20937.0;15272.0;57391.0;55467.0;10
1334;Amsterdam (SG);2020;1643284;379819;1008228;255237;1006535;220908;122721;98187;415841;213008;202833;100963;53965;46998;23436;13666;9770;70467;34904;35563;95508;42743;52765;125467;67730;57737;18202.0;13668.0;21170.0;15379.0;57443.0;55982.0;10
1335;Amsterdam (SG);2021;1655170;378577;1014168;262425;1010979;224477;125425;99052;419714;213643;206071;100761;53643;47118;23851;13799;10052;71452;35202;36250;96430;42928;53502;127220;68071;59149;18387.0;13912.0;21268.0;15433.0;57645.0;56417.0;10
1336;Amsterdam (SG);2022;1666826;377368;1019339;270119;1015051;228157;128099;100058;423618;214428;209190;100512;53316;47196;24277;13952;10325;72420;35463;36957;97242;43052;54190;129167;68645;60522;18431.0;14257.0;21444.0;15513.0;57870.0;56866.0;10
1337;Amsterdam (SG);2023;1678046;375893;1024330;277823;1018965;231851;130749;101102;427230;215019;212211;100224;52944;47280;24727;14123;10604;73353;35681;37672;97983;43166;54817;130943;69105;61838;18787.0;14640.0;21371.0;15518.0;57805.0;57199.0;10
1338;Amsterdam (SG);2024;1688768;374077;1028967;285724;1022482;235595;133367;102228;430691;215488;215203;99908;52561;47347;25187;14279;10908;74175;35851;38324;98705;43233;55472;132716;69564;63152;18972.0;14981.0;21318.0;15494.0;57906.0;57507.0;10
1339;Amsterdam (SG);2025;1699096;373559;1031670;293867;1025717;239257;136039;103218;434122;216057;218065;99623;52181;47442;25690;14540;11150;74941;36006;38935;99315;43239;56076;134553;70091;64462;;;;;;;10
1340;Haarlem (SG);2006;404957;95268;242540;67149;330755;39588;15454;24134;34614;19757;14857;3771;1858;1913;1836;897;939;10226;5405;4821;5540;3106;2434;13241;8491;4750;4318.0;4131.0;2218.0;2567.0;18209.0;16815.0;11
1341;Haarlem (SG);2007;406208;95563;243231;67414;330579;39992;15573;24419;35637;20013;15624;3971;1923;2048;1883;901;982;10324;5387;4937;5703;3101;2602;13756;8701;5055;4247.0;4144.0;2414.0;2637.0;18530.0;16917.0;11
1342;Haarlem (SG);2008;407722;95702;244231;67789;330419;40540;15828;24712;36763;20365;16398;4176;1973;2203;1964;941;1023;10398;5388;5010;5904;3114;2790;14321;8949;5372;4210.0;4082.0;2496.0;2539.0;18397.0;17079.0;11
1343;Haarlem (SG);2009;409149;95642;244960;68547;330231;41042;16064;24978;37876;20734;17142;4330;1990;2340;2013;965;1048;10471;5382;5089;6107;3147;2960;14955;9250;5705;4147.0;4164.0;2674.0;2657.0;18296.0;17270.0;11
1344;Haarlem (SG);2010;410196;95465;245336;69395;329708;41636;16411;25225;38852;21000;17852;4490;2017;2473;2106;1013;1093;10529;5363;5166;6271;3158;3113;15456;9449;6007;4099.0;4154.0;2822.0;2714.0;18417.0;17423.0;11
1345;Haarlem (SG);2011;411261;94890;246640;69731;329117;42322;16851;25471;39822;21248;18574;4626;2033;2593;2176;1049;1127;10577;5347;5230;6475;3185;3290;15968;9634;6334;4110.0;4154.0;2916.0;2720.0;18489.0;17547.0;11
1346;Haarlem (SG);2012;412381;94469;245606;72306;328587;43000;17262;25738;40794;21535;19259;4788;2073;2715;2214;1078;1136;10622;5335;5287;6660;3205;3455;16510;9844;6666;4106.0;4197.0;3052.0;2795.0;18553.0;17676.0;11
1347;Haarlem (SG);2013;413445;94145;244790;74510;327885;43774;17753;26021;41786;21786;20000;4951;2113;2838;2294;1122;1172;10662;5311;5351;6834;3227;3607;17045;10013;7032;4055.0;4204.0;3141.0;2795.0;18654.0;17817.0;11
1348;Haarlem (SG);2014;414493;93761;244534;76198;327161;44559;18266;26293;42773;22101;20672;5109;2140;2969;2382;1169;1213;10715;5313;5402;6986;3228;3758;17581;10251;7330;4145.0;4271.0;3200.0;2858.0;18731.0;17937.0;11
1349;Haarlem (SG);2015;415534;93651;244338;77545;326517;45271;18752;26519;43746;22406;21340;5219;2159;3060;2455;1212;1243;10763;5296;5467;7155;3245;3910;18154;10494;7660;4153.0;4275.0;3239.0;2881.0;18832.0;18000.0;11
1350;Haarlem (SG);2016;416619;93524;244340;78755;325770;46001;19194;26807;44848;22796;22052;5381;2184;3197;2532;1264;1268;10843;5294;5549;7329;3275;4054;18763;10779;7984;4245.0;4276.0;3256.0;2950.0;18884.0;18087.0;11
1351;Haarlem (SG);2017;417717;93475;244390;79852;325226;46693;19607;27086;45798;23115;22683;5529;2227;3302;2608;1295;1313;10856;5269;5587;7496;3303;4193;19309;11021;8288;4271.0;4338.0;3345.0;2937.0;18857.0;18200.0;11
1352;Haarlem (SG);2018;418746;93332;244502;80912;324607;47351;20039;27312;46788;23461;23327;5625;2229;3396;2696;1351;1345;10895;5248;5647;7648;3319;4329;19924;11314;8610;4330.0;4374.0;3383.0;3021.0;19080.0;18341.0;11
1353;Haarlem (SG);2019;419838;93068;244743;82027;324025;47982;20461;27521;47831;23804;24027;5771;2241;3530;2752;1367;1385;10921;5248;5673;7771;3332;4439;20616;11616;9000;4458.0;4357.0;3418.0;3073.0;19050.0;18377.0;11
1354;Haarlem (SG);2020;420999;93025;244849;83125;323474;48584;20818;27766;48941;24176;24765;5915;2253;3662;2849;1412;1437;10958;5231;5727;7939;3362;4577;21280;11918;9362;4433.0;4394.0;3436.0;2993.0;19146.0;18554.0;11
1355;Haarlem (SG);2021;422114;92749;245078;84287;322857;49235;21260;27975;50022;24573;25449;6069;2288;3781;2964;1466;1498;11008;5221;5787;8096;3388;4708;21885;12210;9675;4547.0;4496.0;3478.0;3075.0;19275.0;18646.0;11
1356;Haarlem (SG);2022;423235;92756;244990;85489;322389;49731;21631;28100;51115;24993;26122;6242;2334;3908;3109;1546;1563;11062;5228;5834;8203;3416;4787;22499;12469;10030;4589.0;4486.0;3593.0;2983.0;19264.0;18759.0;11
1357;Haarlem (SG);2023;424500;92839;244818;86843;321968;50380;22094;28286;52152;25388;26764;6363;2355;4008;3230;1603;1627;11083;5201;5882;8325;3440;4885;23151;12789;10362;4669.0;4526.0;3635.0;3180.0;19514.0;18892.0;11
1358;Haarlem (SG);2024;425763;92878;244608;88277;321520;51053;22485;28568;53190;25804;27386;6507;2384;4123;3360;1663;1697;11055;5162;5893;8449;3463;4986;23819;13132;10687;4659.0;4607.0;3672.0;3119.0;19553.0;19000.0;11
1359;Haarlem (SG);2025;426965;93119;244084;89762;321057;51593;22882;28711;54315;26172;28143;6645;2436;4209;3515;1747;1768;11089;5128;5961;8590;3479;5111;24476;13382;11094;;;;;;;11
1360;Leiden (SG);2006;333337;81162;207038;45137;273035;32520;15200;17320;27782;16642;11140;3927;2117;1810;2096;1152;944;3519;1889;1630;6398;3409;2989;11842;8075;3767;3759.0;2792.0;2704.0;2750.0;14315.0;14506.0;12
1361;Leiden (SG);2007;334092;81036;207279;45777;272517;33062;15501;17561;28513;16867;11646;4139;2183;1956;2086;1133;953;3557;1894;1663;6529;3418;3111;12202;8239;3963;3756.0;2794.0;2822.0;2829.0;14558.0;14458.0;12
1362;Leiden (SG);2008;335171;80913;207584;46674;272271;33623;15754;17869;29277;17083;12194;4297;2230;2067;2099;1115;984;3633;1900;1733;6647;3435;3212;12601;8403;4198;3741.0;2824.0;2946.0;2702.0;14586.0;14488.0;12
1363;Leiden (SG);2009;336464;80830;207855;47779;271919;34455;16268;18187;30090;17387;12703;4479;2299;2180;2153;1141;1012;3690;1901;1789;6779;3468;3311;12989;8578;4411;3652.0;2913.0;3131.0;2776.0;14743.0;14489.0;12
1364;Leiden (SG);2010;337826;80598;208025;49203;271603;35365;16893;18472;30858;17679;13179;4589;2341;2248;2194;1143;1051;3754;1932;1822;6907;3466;3441;13414;8797;4617;3648.0;2914.0;3333.0;2875.0;14650.0;14516.0;12
1365;Leiden (SG);2011;339174;80096;209114;49964;271223;36358;17582;18776;31593;17928;13665;4699;2346;2353;2226;1163;1063;3839;1964;1875;7040;3486;3554;13789;8969;4820;3705.0;2958.0;3452.0;2859.0;14624.0;14579.0;12
1366;Leiden (SG);2012;340593;79713;208163;52717;270840;37347;18248;19099;32406;18242;14164;4831;2374;2457;2296;1187;1109;3867;1966;1901;7178;3530;3648;14234;9185;5049;3714.0;2983.0;3586.0;2865.0;14662.0;14626.0;12
1367;Leiden (SG);2013;342109;79484;207782;54843;270448;38386;19012;19374;33275;18598;14677;4968;2402;2566;2339;1212;1127;3964;2016;1948;7267;3541;3726;14737;9427;5310;3684.0;3024.0;3629.0;2955.0;14754.0;14674.0;12
1368;Leiden (SG);2014;343548;79332;207597;56619;269985;39475;19786;19689;34088;18920;15168;5111;2445;2666;2380;1224;1156;4033;2027;2006;7385;3578;3807;15179;9646;5533;3704.0;3103.0;3629.0;3029.0;14882.0;14697.0;12
1369;Leiden (SG);2015;344958;79317;207440;58201;269616;40518;20518;20000;34824;19177;15647;5202;2471;2731;2439;1236;1203;4074;2023;2051;7510;3605;3905;15599;9842;5757;3726.0;3110.0;3709.0;3055.0;14916.0;14771.0;12
1370;Leiden (SG);2016;346393;79261;207482;59650;269192;41553;21233;20320;35648;19487;16161;5301;2479;2822;2521;1278;1243;4143;2037;2106;7637;3633;4004;16046;10060;5986;3729.0;3181.0;3684.0;3044.0;15050.0;14812.0;12
1371;Leiden (SG);2017;347841;79192;207542;61107;268678;42595;21906;20689;36568;19894;16674;5413;2510;2903;2618;1318;1300;4205;2056;2149;7751;3663;4088;16581;10347;6234;3741.0;3240.0;3721.0;3053.0;15092.0;14882.0;12
1372;Leiden (SG);2018;349259;79225;207402;62632;268259;43518;22524;20994;37482;20289;17193;5537;2549;2988;2708;1368;1340;4286;2084;2202;7876;3691;4185;17075;10597;6478;3791.0;3307.0;3689.0;3074.0;15253.0;14948.0;12
1373;Leiden (SG);2019;350694;79188;207504;64002;267904;44421;23086;21335;38369;20740;17629;5661;2578;3083;2808;1424;1384;4342;2101;2241;7960;3705;4255;17598;10932;6666;3816.0;3356.0;3747.0;3156.0;15435.0;15039.0;12
1374;Leiden (SG);2020;352172;79110;207561;65501;267489;45358;23686;21672;39325;21147;18178;5801;2623;3178;2868;1470;1398;4410;2121;2289;8085;3711;4374;18161;11222;6939;3769.0;3388.0;3667.0;3061.0;15483.0;15096.0;12
1375;Leiden (SG);2021;353574;79046;207679;66849;267066;46300;24279;22021;40208;21549;18659;5871;2627;3244;2967;1528;1439;4467;2143;2324;8167;3717;4450;18736;11534;7202;3882.0;3459.0;3685.0;3088.0;15504.0;15159.0;12
1376;Leiden (SG);2022;354974;78953;207696;68325;266648;47178;24784;22394;41148;21970;19178;6000;2653;3347;3044;1553;1491;4545;2175;2370;8254;3717;4537;19305;11872;7433;3862.0;3560.0;3679.0;3115.0;15786.0;15221.0;12
1377;Leiden (SG);2023;356428;78862;207771;69795;266270;48067;25292;22775;42091;22412;19679;6118;2672;3446;3138;1604;1534;4616;2196;2420;8319;3724;4595;19900;12216;7684;3867.0;3581.0;3691.0;3075.0;15716.0;15373.0;12
1378;Leiden (SG);2024;357711;78867;207617;71227;265755;48895;25762;23133;43061;22845;20216;6233;2710;3523;3227;1630;1597;4689;2232;2457;8417;3737;4680;20495;12536;7959;3852.0;3671.0;3732.0;3053.0;15744.0;15341.0;12
1379;Leiden (SG);2025;359002;79051;207152;72799;265347;49686;26211;23475;43969;23252;20717;6337;2725;3612;3324;1685;1639;4789;2262;2527;8506;3757;4749;21013;12823;8190;;;;;;;12
1380;'s-Gravenhage (SG);2006;990489;235135;616110;139244;669997;115202;56795;58407;205290;126518;78772;59612;35475;24137;16195;10902;5293;37687;21851;15836;30975;16703;14272;60821;41587;19234;11819.0;9109.0;13191.0;10581.0;40175.0;42416.0;13
1381;'s-Gravenhage (SG);2007;993621;235747;618269;139605;669455;116286;57634;58652;207880;125863;82017;59474;35077;24397;16145;10645;5500;38921;22275;16646;31947;16884;15063;61394;40985;20409;11756.0;9074.0;13858.0;10424.0;39721.0;42235.0;13
1382;'s-Gravenhage (SG);2008;997286;236591;620931;139764;668910;117867;58880;58987;210509;125349;85160;59211;34605;24606;16189;10493;5696;40164;22758;17406;32905;17053;15852;62042;40442;21600;11670.0;9051.0;14515.0;10707.0;39508.0;42142.0;13
1383;'s-Gravenhage (SG);2009;1001139;237304;622999;140836;668066;119725;60456;59269;213348;125083;88265;59026;34185;24841;16258;10402;5856;41395;23235;18160;33854;17222;16632;62813;40042;22771;11548.0;9088.0;15326.0;10646.0;38786.0;42098.0;13
1384;'s-Gravenhage (SG);2010;1005030;237706;624533;142791;666967;121984;62455;59529;216079;124933;91146;58753;33765;24988;16430;10427;6003;42675;23752;18923;34849;17454;17395;63373;39539;23834;11536.0;9015.0;16036.0;10772.0;38291.0;42049.0;13
1385;'s-Gravenhage (SG);2011;1009110;237580;628162;143368;665380;124927;64903;60024;218803;124928;93875;58436;33371;25065;16770;10539;6231;43908;24299;19609;35763;17653;18110;63926;39064;24862;11399.0;8939.0;16594.0;10934.0;38047.0;42063.0;13
1386;'s-Gravenhage (SG);2012;1013280;237415;626627;149238;663783;127938;67460;60478;221559;124999;96560;58076;32986;25090;17026;10623;6403;45238;24850;20388;36596;17830;18766;64622;38709;25913;11481.0;8974.0;17032.0;11098.0;37928.0;42081.0;13
1387;'s-Gravenhage (SG);2013;1017632;237136;626199;154297;662250;131370;70399;60971;224012;124983;99029;57738;32591;25147;17225;10695;6530;46528;25419;21109;37414;17979;19435;65107;38297;26810;11425.0;9036.0;17410.0;11252.0;37772.0;42058.0;13
1388;'s-Gravenhage (SG);2014;1021967;236894;626635;158438;660272;134968;73277;61691;226727;125187;101540;57466;32283;25183;17401;10720;6681;47851;26018;21833;38246;18161;20085;65764;38003;27761;11458.0;8949.0;17564.0;11350.0;37575.0;42024.0;13
1389;'s-Gravenhage (SG);2015;1026303;236508;627567;162228;658339;138587;76188;62399;229377;125430;103947;57094;31935;25159;17561;10707;6854;49202;26631;22571;38981;18323;20658;66538;37832;28706;11498.0;8998.0;17842.0;11575.0;37529.0;42118.0;13
1390;'s-Gravenhage (SG);2016;1030549;236490;628427;165632;656241;142259;78990;63269;232049;125729;106320;56742;31608;25134;17750;10703;7047;50592;27256;23336;39671;18478;21193;67293;37682;29611;11544.0;9008.0;18153.0;11666.0;37369.0;42158.0;13
1391;'s-Gravenhage (SG);2017;1034869;236685;629355;168829;654358;145842;81685;64157;234669;126163;108506;56278;31210;25068;18023;10807;7216;52008;27892;24116;40403;18707;21696;67956;37545;30411;11566.0;9043.0;18327.0;11781.0;37382.0;42240.0;13
1392;'s-Gravenhage (SG);2018;1039172;236660;629977;172535;652327;149621;84433;65188;237224;126502;110722;55914;30891;25023;18226;10844;7382;53393;28519;24874;41044;18848;22196;68646;37401;31245;11571.0;9100.0;18493.0;11906.0;37525.0;42372.0;13
1393;'s-Gravenhage (SG);2019;1043456;236142;631275;176039;650236;153603;87299;66304;239617;126832;112785;55488;30541;24947;18432;10876;7556;54814;29163;25651;41604;18970;22634;69277;37283;31994;11663.0;9208.0;18626.0;11877.0;37417.0;42528.0;13
1394;'s-Gravenhage (SG);2020;1047622;235304;632953;179365;648106;157643;90218;67425;241873;127081;114792;55001;30185;24816;18664;10906;7758;56156;29741;26415;42213;19126;23087;69840;37124;32716;11668.0;9272.0;18862.0;12104.0;37618.0;42697.0;13
1395;'s-Gravenhage (SG);2021;1051752;234186;634685;182881;645733;161644;92972;68672;244375;127562;116813;54585;29864;24721;18826;10930;7896;57561;30348;27213;42763;19283;23480;70642;37139;33503;11761.0;9329.0;18808.0;12090.0;37621.0;42803.0;13
1396;'s-Gravenhage (SG);2022;1055785;232969;636051;186765;643323;165911;95807;70104;246551;127818;118733;54089;29473;24616;18995;10960;8035;58978;30937;28041;43243;19402;23841;71246;37047;34199;11786.0;9501.0;18759.0;12249.0;37875.0;42791.0;13
1397;'s-Gravenhage (SG);2023;1059728;231599;637724;190405;640953;169977;98472;71505;248798;128058;120740;53641;29098;24543;19125;10935;8190;60274;31452;28822;43716;19521;24195;72043;37054;34989;11802.0;9641.0;18530.0;12216.0;38056.0;42829.0;13
1398;'s-Gravenhage (SG);2024;1063474;229758;639750;193966;638656;174175;101173;73002;250643;128020;122623;53133;28702;24431;19110;10782;8328;61569;31909;29660;44168;19633;24535;72663;36991;35672;11899.0;9778.0;18230.0;12128.0;38103.0;42764.0;13
1399;'s-Gravenhage (SG);2025;1067099;229817;639453;197829;636312;178384;103853;74531;252403;127927;124476;52625;28292;24333;19202;10662;8540;62659;32258;30401;44569;19736;24833;73347;36972;36375;;;;;;;13
1400;Rotterdam (SG);2006;1183569;280287;732998;170284;803057;105751;49388;56363;274761;159800;114961;65868;38367;27501;27415;18168;9247;63063;32943;30120;43740;22379;21361;74675;47943;26732;13859.0;11343.0;9480.0;11265.0;47206.0;46535.0;14
1401;Rotterdam (SG);2007;1185048;279947;734446;170655;803226;105750;49177;56573;276072;157542;118530;65686;37895;27791;27086;17446;9640;64015;32970;31045;44785;22438;22347;74500;46793;27707;13671.0;11260.0;9636.0;11108.0;46708.0;46187.0;14
1402;Rotterdam (SG);2008;1186581;279450;736002;171129;803201;105899;49162;56737;277481;155705;121776;65562;37508;28054;26963;16984;9979;64890;32945;31945;45800;22539;23261;74266;45729;28537;13421.0;11275.0;9825.0;10985.0;46562.0;45963.0;14
1403;Rotterdam (SG);2009;1188231;278597;737234;172400;803110;106235;49267;56968;278886;154152;124734;65337;37152;28185;26948;16658;10290;65637;32943;32694;46813;22601;24212;74151;44798;29353;13336.0;11117.0;9837.0;10753.0;46199.0;45816.0;14
1404;Rotterdam (SG);2010;1189989;277705;738053;174231;802938;106782;49547;57235;280269;152801;127468;65089;36783;28306;27014;16410;10604;66418;32965;33453;47746;22653;25093;74002;43990;30012;13258.0;11262.0;10033.0;10487.0;45953.0;45593.0;14
1405;Rotterdam (SG);2011;1191964;276117;741170;174677;802806;107392;50002;57390;281766;151765;130001;64827;36504;28323;27101;16267;10834;67237;33023;34214;48640;22732;25908;73961;43239;30722;13118.0;11227.0;9999.0;10425.0;46127.0;45462.0;14
1406;Rotterdam (SG);2012;1194154;274585;737780;181789;802898;108137;50503;57634;283119;150770;132349;64501;36129;28372;27180;16106;11074;67995;33105;34890;49470;22783;26687;73973;42647;31326;13134.0;11215.0;9919.0;10194.0;46001.0;45364.0;14
1407;Rotterdam (SG);2013;1196512;273375;735424;187713;803199;108850;51028;57822;284463;149870;134593;64179;35807;28372;27303;15934;11369;68619;33153;35466;50305;22862;27443;74057;42114;31943;13036.0;11229.0;9812.0;10089.0;45954.0;45182.0;14
1408;Rotterdam (SG);2014;1198883;272286;733956;192641;803422;109795;51561;58234;285666;148970;136696;63859;35512;28347;27444;15795;11649;69231;33184;36047;51047;22929;28118;74085;41550;32535;12958.0;11324.0;9751.0;10012.0;45968.0;45000.0;14
1409;Rotterdam (SG);2015;1201289;271175;733707;196407;803674;110633;52050;58583;286982;148332;138650;63522;35203;28319;27548;15659;11889;69827;33214;36613;51784;23010;28774;74301;41246;33055;12910.0;11425.0;9493.0;9765.0;46119.0;44878.0;14
1410;Rotterdam (SG);2016;1203820;270447;733395;199978;804388;111394;52536;58858;288038;147554;140484;63171;34940;28231;27618;15487;12131;70377;33243;37134;52479;23080;29399;74393;40804;33589;12923.0;11438.0;9319.0;9697.0;46140.0;44780.0;14
1411;Rotterdam (SG);2017;1206353;270002;733040;203311;805027;112135;52918;59217;289191;146891;142300;62833;34641;28192;27663;15287;12376;70931;33288;37643;53129;23171;29958;74635;40504;34131;12821.0;11534.0;9156.0;9552.0;46252.0;44698.0;14
1412;Rotterdam (SG);2018;1208863;269014;732956;206893;805778;112769;53152;59617;290316;146292;144024;62529;34345;28184;27726;15129;12597;71413;33298;38115;53737;23270;30467;74911;40250;34661;12771.0;11591.0;9060.0;9356.0;46311.0;44666.0;14
1413;Rotterdam (SG);2019;1211474;267948;732923;210603;806641;113443;53465;59978;291390;145740;145650;62173;34048;28125;27787;14978;12809;71916;33339;38577;54306;23345;30961;75208;40030;35178;12777.0;11707.0;8843.0;9231.0;46554.0;44667.0;14
1414;Rotterdam (SG);2020;1214120;266340;733328;214452;807635;114055;53727;60328;292430;145227;147203;61854;33804;28050;27876;14821;13055;72381;33344;39037;54803;23402;31401;75516;39856;35660;12732.0;11815.0;8676.0;9131.0;46732.0;44618.0;14
1415;Rotterdam (SG);2021;1216772;264769;733698;218305;808841;114647;53957;60690;293284;144671;148613;61466;33509;27957;27882;14646;13236;72907;33355;39552;55215;23455;31760;75814;39706;36108;12780.0;12004.0;8508.0;9067.0;47077.0;44648.0;14
1416;Rotterdam (SG);2022;1219496;263245;734103;222148;810094;115297;54272;61025;294105;144023;150082;61069;33230;27839;27847;14389;13458;73420;33339;40081;55676;23494;32182;76093;39571;36522;12702.0;12121.0;8414.0;8966.0;47051.0;44515.0;14
1417;Rotterdam (SG);2023;1222152;261646;734407;226099;811207;116006;54565;61441;294939;143464;151475;60753;33026;27727;27821;14172;13649;73925;33315;40610;56061;23522;32539;76379;39429;36950;12678.0;12235.0;8181.0;8800.0;47258.0;44590.0;14
1418;Rotterdam (SG);2024;1224731;259895;734779;230057;812574;116535;54789;61746;295622;142932;152690;60370;32707;27663;27802;14018;13784;74331;33265;41066;56461;23607;32854;76658;39335;37323;12566.0;12438.0;8042.0;8646.0;47391.0;44510.0;14
1419;Rotterdam (SG);2025;1227212;258748;734243;234221;813871;117146;55112;62034;296195;142317;153878;59946;32377;27569;27793;13831;13962;74609;33191;41418;56798;23621;33177;77049;39297;37752;;;;;;;14
1420;Dordrecht (SG);2006;290758;73227;174415;43116;236163;22437;8786;13651;32158;18196;13962;4491;2421;2070;4279;2662;1617;9067;4516;4551;4135;2031;2104;10186;6566;3620;3453.0;2635.0;960.0;1468.0;10770.0;10281.0;15
1421;Dordrecht (SG);2007;291581;73049;174940;43592;235993;22545;8742;13803;33043;18187;14856;4639;2452;2187;4300;2583;1717;9228;4506;4722;4334;2072;2262;10542;6574;3968;3413.0;2610.0;1023.0;1503.0;12168.0;10225.0;15
1422;Dordrecht (SG);2008;293862;73309;176257;44296;236764;22836;8815;14021;34262;18388;15874;4881;2532;2349;4378;2544;1834;9420;4516;4904;4544;2129;2415;11039;6667;4372;3345.0;2639.0;1046.0;1501.0;12381.0;10314.0;15
1423;Dordrecht (SG);2009;296215;73530;177504;45181;237603;23179;8898;14281;35433;18561;16872;5111;2596;2515;4500;2542;1958;9584;4509;5075;4783;2196;2587;11455;6718;4737;3327.0;2685.0;1059.0;1423.0;12433.0;10434.0;15
1424;Dordrecht (SG);2010;298525;73554;178663;46308;238402;23479;8965;14514;36644;18845;17799;5334;2685;2649;4641;2556;2085;9753;4520;5233;5005;2256;2749;11911;6828;5083;3343.0;2754.0;1077.0;1461.0;12632.0;10525.0;15
1425;Dordrecht (SG);2011;300859;73478;180454;46927;239221;23714;9021;14693;37924;19124;18800;5554;2743;2811;4767;2562;2205;9928;4523;5405;5206;2314;2892;12469;6982;5487;3416.0;2743.0;1136.0;1409.0;12605.0;10631.0;15
1426;Dordrecht (SG);2012;303258;73553;180193;49512;240034;24014;9135;14879;39210;19416;19794;5792;2817;2975;4924;2580;2344;10052;4527;5525;5440;2373;3067;13002;7119;5883;3422.0;2810.0;1154.0;1433.0;12693.0;10680.0;15
1427;Dordrecht (SG);2013;305617;73518;180506;51593;240879;24363;9279;15084;40375;19618;20757;5923;2845;3078;5087;2594;2493;10227;4543;5684;5656;2425;3231;13482;7211;6271;3430.0;2823.0;1114.0;1447.0;12882.0;10801.0;15
1428;Dordrecht (SG);2014;307999;73593;181147;53259;241704;24672;9388;15284;41623;19884;21739;6131;2927;3204;5236;2605;2631;10404;4579;5825;5865;2467;3398;13987;7306;6681;3516.0;2906.0;1142.0;1409.0;12859.0;10905.0;15
1429;Dordrecht (SG);2015;310319;73642;182030;54647;242470;25030;9512;15518;42819;20131;22688;6327;2975;3352;5406;2645;2761;10547;4578;5969;6076;2539;3537;14463;7394;7069;3568.0;3000.0;1081.0;1408.0;12956.0;10955.0;15
1430;Dordrecht (SG);2016;312586;73825;182843;55918;243172;25306;9591;15715;44108;20444;23664;6493;3031;3462;5577;2673;2904;10711;4597;6114;6288;2594;3694;15039;7549;7490;3620.0;2974.0;1088.0;1407.0;12904.0;11014.0;15
1431;Dordrecht (SG);2017;314823;74040;183772;57011;243919;25623;9677;15946;45281;20693;24588;6653;3083;3570;5761;2709;3052;10853;4611;6242;6498;2649;3849;15516;7641;7875;3643.0;3079.0;1076.0;1366.0;12949.0;11088.0;15
1432;Dordrecht (SG);2018;316984;74280;184616;58088;244571;25862;9779;16083;46551;20975;25576;6845;3150;3695;5913;2705;3208;11035;4635;6400;6701;2689;4012;16057;7796;8261;3668.0;3070.0;989.0;1405.0;13115.0;11193.0;15
1433;Dordrecht (SG);2019;319112;74375;185572;59165;245228;26054;9762;16292;47830;21244;26586;7054;3209;3845;6073;2731;3342;11209;4676;6533;6881;2713;4168;16613;7915;8698;3688.0;3150.0;1014.0;1372.0;13144.0;11225.0;15
1434;Dordrecht (SG);2020;321232;74517;186351;60364;245874;26337;9849;16488;49021;21492;27529;7246;3250;3996;6246;2755;3491;11376;4698;6678;7074;2782;4292;17079;8007;9072;3720.0;3166.0;1022.0;1337.0;13118.0;11317.0;15
1435;Dordrecht (SG);2021;323290;74546;187290;61454;246495;26625;9941;16684;50170;21663;28507;7422;3282;4140;6402;2776;3626;11510;4705;6805;7268;2810;4458;17568;8090;9478;3745.0;3257.0;1029.0;1343.0;13194.0;11384.0;15
1436;Dordrecht (SG);2022;325306;74588;188209;62509;247158;26870;10010;16860;51278;21852;29426;7618;3339;4279;6588;2807;3781;11646;4716;6930;7436;2859;4577;17990;8131;9859;3857.0;3268.0;984.0;1277.0;13084.0;11450.0;15
1437;Dordrecht (SG);2023;327255;74788;188761;63706;247716;27146;10123;17023;52393;22086;30307;7779;3371;4408;6740;2833;3907;11771;4740;7031;7641;2901;4740;18462;8241;10221;3869.0;3354.0;933.0;1318.0;13166.0;11449.0;15
1438;Dordrecht (SG);2024;329137;74960;189150;65027;248261;27424;10194;17230;53452;22240;31212;7930;3386;4544;6848;2819;4029;11869;4736;7133;7810;2935;4875;18995;8364;10631;3821.0;3417.0;989.0;1276.0;13079.0;11486.0;15
1439;Dordrecht (SG);2025;330875;75163;189423;66289;248733;27664;10235;17429;54478;22421;32057;8066;3402;4664;6993;2833;4160;12031;4745;7286;7937;2970;4967;19451;8471;10980;;;;;;;15
1440;Breda (SG);2006;309161;73366;190533;45262;255823;27106;10149;16957;26232;14856;11376;2807;1490;1317;2559;1450;1109;5236;2721;2515;7034;3428;3606;8596;5767;2829;3341.0;2709.0;1704.0;2081.0;10566.0;9585.0;16
1441;Breda (SG);2007;310423;73295;191052;46076;256485;27152;10170;16982;26786;14993;11793;2870;1511;1359;2566;1447;1119;5352;2758;2594;7188;3448;3740;8810;5829;2981;3304.0;2771.0;1769.0;2044.0;10948.0;9594.0;16
1442;Breda (SG);2008;312070;73305;191862;46903;257334;27370;10332;17038;27366;15129;12237;2949;1533;1416;2591;1465;1126;5465;2783;2682;7324;3445;3879;9037;5903;3134;3282.0;2814.0;1852.0;1986.0;10640.0;9623.0;16
1443;Breda (SG);2009;313453;73297;192226;47930;257986;27486;10453;17033;27981;15319;12662;3048;1580;1468;2615;1482;1133;5592;2830;2762;7474;3465;4009;9252;5962;3290;3278.0;2832.0;1973.0;2018.0;10968.0;9683.0;16
1444;Breda (SG);2010;315167;73239;192778;49150;258775;27756;10715;17041;28636;15528;13108;3122;1613;1509;2639;1497;1142;5685;2858;2827;7627;3479;4148;9563;6081;3482;3244.0;2900.0;2042.0;2041.0;11062.0;9727.0;16
1445;Breda (SG);2011;316877;72937;193525;50415;259558;27989;10965;17024;29330;15788;13542;3219;1659;1560;2660;1509;1151;5776;2892;2884;7772;3493;4279;9903;6235;3668;3267.0;2924.0;2135.0;2117.0;11111.0;9813.0;16
1446;Breda (SG);2012;318561;72594;193623;52344;260220;28321;11243;17078;30020;16018;14002;3297;1689;1608;2705;1531;1174;5906;2929;2977;7909;3525;4384;10203;6344;3859;3256.0;2961.0;2147.0;2112.0;11201.0;9867.0;16
1447;Breda (SG);2013;320253;72314;193734;54205;260922;28691;11558;17133;30640;16197;14443;3414;1750;1664;2699;1506;1193;5994;2944;3050;8065;3539;4526;10468;6458;4010;3309.0;3037.0;2161.0;2081.0;11140.0;9909.0;16
1448;Breda (SG);2014;321870;72061;193938;55871;261579;28995;11817;17178;31296;16470;14826;3507;1785;1722;2732;1540;1192;6123;2997;3126;8178;3558;4620;10756;6590;4166;3287.0;3071.0;2248.0;2121.0;11219.0;9983.0;16
1449;Breda (SG);2015;323467;71817;194326;57324;262241;29284;12108;17176;31942;16712;15230;3595;1821;1774;2740;1538;1202;6227;3029;3198;8300;3592;4708;11080;6732;4348;3318.0;3133.0;2316.0;2136.0;11171.0;10024.0;16
1450;Breda (SG);2016;325001;71666;194581;58754;262687;29704;12419;17285;32610;16991;15619;3656;1855;1801;2759;1553;1206;6341;3063;3278;8426;3619;4807;11428;6901;4527;3390.0;3159.0;2230.0;2129.0;11197.0;10081.0;16
1451;Breda (SG);2017;326478;71632;194725;60121;263142;30079;12707;17372;33257;17202;16055;3750;1898;1852;2755;1553;1202;6467;3096;3371;8538;3637;4901;11747;7018;4729;3350.0;3199.0;2244.0;2183.0;11230.0;10104.0;16
1452;Breda (SG);2018;327833;71510;194880;61443;263441;30411;12931;17480;33981;17480;16501;3834;1928;1906;2811;1584;1227;6596;3143;3453;8640;3663;4977;12100;7162;4938;3427.0;3292.0;2228.0;2153.0;11290.0;10191.0;16
1453;Breda (SG);2019;329173;71374;195137;62662;263930;30694;13176;17518;34549;17671;16878;3921;1967;1954;2812;1569;1243;6685;3172;3513;8730;3689;5041;12401;7274;5127;3462.0;3338.0;2259.0;2158.0;11264.0;10218.0;16
1454;Breda (SG);2020;330479;71247;195387;63845;264350;30945;13344;17601;35184;17878;17306;3978;1982;1996;2862;1597;1265;6773;3199;3574;8858;3722;5136;12713;7378;5335;3405.0;3392.0;2246.0;2137.0;11324.0;10270.0;16
1455;Breda (SG);2021;331680;70985;195604;65091;264674;31220;13593;17627;35786;18090;17696;4039;2012;2027;2851;1594;1257;6896;3243;3653;8918;3728;5190;13082;7513;5569;3459.0;3436.0;2282.0;2141.0;11208.0;10249.0;16
1456;Breda (SG);2022;332837;70797;195652;66388;264867;31561;13812;17749;36409;18350;18059;4140;2069;2071;2853;1576;1277;6973;3284;3689;8984;3743;5241;13459;7678;5781;3486.0;3492.0;2257.0;2087.0;11164.0;10262.0;16
1457;Breda (SG);2023;333934;70643;195706;67585;265016;31883;14026;17857;37035;18600;18435;4244;2130;2114;2871;1572;1299;7099;3333;3766;9031;3764;5267;13790;7801;5989;3465.0;3531.0;2279.0;2093.0;11086.0;10259.0;16
1458;Breda (SG);2024;334916;70574;195539;68803;265185;32103;14184;17919;37628;18840;18788;4298;2162;2136;2889;1582;1307;7225;3383;3842;9108;3781;5327;14108;7932;6176;3523.0;3598.0;2241.0;2131.0;11035.0;10222.0;16
1459;Breda (SG);2025;335794;70750;194931;70113;265234;32309;14300;18009;38251;19087;19164;4385;2215;2170;2903;1584;1319;7358;3446;3912;9158;3787;5371;14447;8055;6392;;;;;;;16
1460;Tilburg (SG);2006;287714;68355;180882;38477;236233;21514;7795;13719;29967;17251;12716;3503;2016;1487;4174;2691;1483;8253;4302;3951;5229;2628;2601;8808;5614;3194;3355.0;2444.0;1506.0;2259.0;10523.0;9456.0;17
1461;Tilburg (SG);2007;288951;68504;181175;39272;237037;21626;7805;13821;30288;17021;13267;3561;2008;1553;4039;2523;1516;8401;4329;4072;5334;2626;2708;8953;5535;3418;3359.0;2510.0;1550.0;2249.0;10984.0;9418.0;17
1462;Tilburg (SG);2008;290679;68825;181644;40210;238198;21731;7784;13947;30750;16895;13855;3632;1999;1633;3926;2372;1554;8507;4350;4157;5482;2645;2837;9203;5529;3674;3356.0;2563.0;1614.0;2216.0;10683.0;9433.0;17
1463;Tilburg (SG);2009;292130;69047;181858;41225;238985;21856;7777;14079;31289;16830;14459;3692;2014;1678;3855;2278;1577;8665;4388;4277;5619;2645;2974;9458;5505;3953;3364.0;2558.0;1652.0;2162.0;10960.0;9480.0;17
1464;Tilburg (SG);2010;293921;69197;182411;42313;240120;22049;7852;14197;31752;16776;14976;3760;2023;1737;3822;2209;1613;8775;4415;4360;5720;2636;3084;9675;5493;4182;3443.0;2637.0;1706.0;2215.0;10970.0;9493.0;17
1465;Tilburg (SG);2011;295711;69218;183036;43457;241294;22231;7916;14315;32186;16716;15470;3815;2034;1781;3775;2132;1643;8890;4453;4437;5814;2626;3188;9892;5471;4421;3307.0;2641.0;1658.0;2130.0;11008.0;9496.0;17
1466;Tilburg (SG);2012;297422;69109;183209;45104;242373;22357;8027;14330;32692;16653;16039;3892;2032;1860;3726;2054;1672;9023;4494;4529;5938;2632;3306;10113;5441;4672;3371.0;2732.0;1701.0;2132.0;10991.0;9528.0;17
1467;Tilburg (SG);2013;299108;69188;183186;46734;243309;22558;8148;14410;33241;16660;16581;3964;2045;1919;3683;1988;1695;9157;4536;4621;6028;2632;3396;10409;5459;4950;3416.0;2718.0;1703.0;2062.0;10906.0;9559.0;17
1468;Tilburg (SG);2014;300799;69381;183147;48271;244176;22839;8316;14523;33784;16692;17092;4065;2068;1997;3659;1945;1714;9282;4569;4713;6118;2639;3479;10660;5471;5189;3443.0;2827.0;1648.0;2046.0;10915.0;9573.0;17
1469;Tilburg (SG);2015;302380;69417;183261;49702;245149;23045;8431;14614;34186;16663;17523;4097;2073;2024;3621;1889;1732;9377;4583;4794;6194;2633;3561;10897;5485;5412;3459.0;2853.0;1677.0;2066.0;10866.0;9586.0;17
1470;Tilburg (SG);2016;303902;69663;183323;50916;246085;23211;8471;14740;34606;16672;17934;4171;2085;2086;3545;1827;1718;9480;4626;4854;6283;2626;3657;11127;5508;5619;3469.0;2930.0;1590.0;2029.0;10944.0;9620.0;17
1471;Tilburg (SG);2017;305342;69907;183344;52091;246885;23342;8534;14808;35115;16705;18410;4242;2106;2136;3496;1792;1704;9594;4651;4943;6360;2629;3731;11423;5527;5896;3492.0;2984.0;1619.0;2021.0;10905.0;9650.0;17
1472;Tilburg (SG);2018;306723;69992;183514;53217;247610;23529;8597;14932;35584;16811;18773;4313;2133;2180;3468;1775;1693;9684;4688;4996;6455;2652;3803;11664;5563;6101;3516.0;3024.0;1595.0;2001.0;10903.0;9688.0;17
1473;Tilburg (SG);2019;308041;70062;183774;54205;248429;23641;8649;14992;35971;16845;19126;4343;2146;2197;3455;1754;1701;9761;4717;5044;6533;2653;3880;11879;5575;6304;3533.0;3041.0;1554.0;1967.0;10828.0;9680.0;17
1474;Tilburg (SG);2020;309297;70207;183751;55339;249158;23754;8742;15012;36385;16827;19558;4382;2129;2253;3456;1719;1737;9845;4768;5077;6578;2649;3929;12124;5562;6562;3577.0;3155.0;1564.0;1965.0;10780.0;9691.0;17
1475;Tilburg (SG);2021;310429;70141;184032;56256;249748;23862;8807;15055;36819;16875;19944;4429;2152;2277;3460;1692;1768;9928;4802;5126;6624;2650;3974;12378;5579;6799;3535.0;3189.0;1520.0;1941.0;10844.0;9717.0;17
1476;Tilburg (SG);2022;311503;70161;184034;57308;250251;23938;8842;15096;37314;16996;20318;4484;2180;2304;3441;1676;1765;10031;4864;5167;6693;2640;4053;12665;5636;7029;3568.0;3200.0;1503.0;1874.0;10743.0;9716.0;17
1477;Tilburg (SG);2023;312553;70349;183785;58419;250768;23997;8868;15129;37788;17101;20687;4525;2186;2339;3445;1673;1772;10145;4940;5205;6737;2620;4117;12936;5682;7254;3540.0;3336.0;1555.0;1859.0;10697.0;9701.0;17
1478;Tilburg (SG);2024;313478;70443;183546;59489;251188;24058;8911;15147;38232;17206;21026;4593;2196;2397;3420;1636;1784;10265;5036;5229;6798;2620;4178;13156;5718;7438;3596.0;3342.0;1485.0;1859.0;10635.0;9715.0;17
1479;Tilburg (SG);2025;314298;70423;183258;60617;251612;24096;8912;15184;38590;17226;21364;4658;2215;2443;3357;1592;1765;10412;5115;5297;6826;2613;4213;13337;5691;7646;;;;;;;17
1480;'s-Hertogenbosch (SG);2006;186042;44505;115497;26040;156579;14714;5391;9323;14749;8434;6315;2102;1059;1043;1135;664;471;2777;1458;1319;4127;2109;2018;4608;3144;1464;2076.0;1578.0;756.0;1022.0;6871.0;7181.0;18
1481;'s-Hertogenbosch (SG);2007;185975;44316;115289;26370;156420;14592;5335;9257;14963;8454;6509;2130;1068;1062;1147;667;480;2804;1459;1345;4183;2123;2060;4699;3137;1562;2015.0;1634.0;786.0;986.0;7094.0;7130.0;18
1482;'s-Hertogenbosch (SG);2008;186133;44133;115336;26664;156424;14506;5326;9180;15203;8487;6716;2189;1094;1095;1137;662;475;2859;1475;1384;4248;2125;2123;4770;3131;1639;1959.0;1662.0;800.0;946.0;7005.0;7095.0;18
1483;'s-Hertogenbosch (SG);2009;186207;43847;115279;27081;156244;14497;5354;9143;15466;8533;6933;2218;1102;1116;1162;670;492;2898;1499;1399;4296;2118;2178;4892;3144;1748;1878.0;1668.0;813.0;1003.0;7218.0;7071.0;18
1484;'s-Hertogenbosch (SG);2010;186392;43561;115222;27609;156152;14537;5391;9146;15703;8578;7125;2251;1107;1144;1118;660;458;2946;1497;1449;4368;2120;2248;5020;3194;1826;1874.0;1666.0;876.0;943.0;7134.0;7101.0;18
1485;'s-Hertogenbosch (SG);2011;186581;43226;115117;28238;156055;14605;5456;9149;15921;8576;7345;2307;1120;1187;1111;646;465;2978;1508;1470;4416;2096;2320;5109;3206;1903;1827.0;1705.0;845.0;945.0;7186.0;7097.0;18
1486;'s-Hertogenbosch (SG);2012;186705;42804;114666;29235;155926;14636;5490;9146;16143;8621;7522;2314;1118;1196;1102;641;461;3012;1520;1492;4473;2101;2372;5242;3241;2001;1801.0;1719.0;886.0;940.0;7180.0;7096.0;18
1487;'s-Hertogenbosch (SG);2013;186834;42325;114187;30322;155746;14648;5547;9101;16440;8754;7686;2348;1139;1209;1138;657;481;3034;1524;1510;4551;2123;2428;5369;3311;2058;1811.0;1781.0;906.0;916.0;7191.0;7102.0;18
1488;'s-Hertogenbosch (SG);2014;186966;41995;113765;31206;155553;14729;5619;9110;16684;8814;7870;2364;1146;1218;1167;665;502;3075;1533;1542;4593;2117;2476;5485;3353;2132;1813.0;1787.0;898.0;965.0;7204.0;7101.0;18
1489;'s-Hertogenbosch (SG);2015;187040;41580;113533;31927;155295;14840;5683;9157;16905;8840;8065;2386;1162;1224;1146;647;499;3106;1531;1575;4652;2121;2531;5615;3379;2236;1803.0;1822.0;896.0;991.0;7230.0;7087.0;18
1490;'s-Hertogenbosch (SG);2016;187093;41264;113066;32763;155069;14902;5742;9160;17122;8889;8233;2417;1168;1249;1152;648;504;3148;1538;1610;4679;2120;2559;5726;3415;2311;1809.0;1837.0;890.0;929.0;7210.0;7098.0;18
1491;'s-Hertogenbosch (SG);2017;187161;40894;112747;33520;154887;14933;5775;9158;17341;8959;8382;2460;1195;1265;1136;632;504;3176;1533;1643;4697;2130;2567;5872;3469;2403;1829.0;1874.0;888.0;956.0;7222.0;7115.0;18
1492;'s-Hertogenbosch (SG);2018;187176;40558;112358;34260;154615;15011;5824;9187;17550;9009;8541;2449;1210;1239;1148;649;499;3203;1534;1669;4728;2111;2617;6022;3505;2517;1834.0;1875.0;869.0;884.0;7142.0;7107.0;18
1493;'s-Hertogenbosch (SG);2019;187176;40223;112058;34895;154253;15120;5899;9221;17803;9066;8737;2474;1226;1248;1151;657;494;3240;1532;1708;4752;2112;2640;6186;3539;2647;1857.0;1911.0;917.0;896.0;7106.0;7105.0;18
1494;'s-Hertogenbosch (SG);2020;187171;39846;111763;35562;153984;15186;5960;9226;18001;9159;8842;2480;1237;1243;1188;691;497;3236;1511;1725;4757;2119;2638;6340;3601;2739;1858.0;1936.0;892.0;974.0;7236.0;7111.0;18
1495;'s-Hertogenbosch (SG);2021;187159;39391;111518;36250;153666;15296;6023;9273;18197;9203;8994;2498;1240;1258;1233;719;514;3258;1509;1749;4761;2099;2662;6447;3636;2811;1873.0;1979.0;895.0;880.0;7150.0;7090.0;18
1496;'s-Hertogenbosch (SG);2022;187152;39071;111093;36988;153360;15316;6022;9294;18476;9310;9166;2522;1261;1261;1254;729;525;3301;1520;1781;4786;2101;2685;6613;3699;2914;1859.0;2025.0;865.0;912.0;7225.0;7101.0;18
1497;'s-Hertogenbosch (SG);2023;187087;38664;110738;37685;153067;15371;6052;9319;18649;9339;9310;2539;1274;1265;1272;752;520;3348;1522;1826;4790;2083;2707;6700;3708;2992;1888.0;2046.0;875.0;879.0;7184.0;7092.0;18
1498;'s-Hertogenbosch (SG);2024;187039;38473;110159;38407;152777;15403;6080;9323;18859;9389;9470;2560;1275;1285;1321;794;527;3355;1506;1849;4798;2064;2734;6825;3750;3075;1885.0;2096.0;869.0;832.0;7159.0;7081.0;18
1499;'s-Hertogenbosch (SG);2025;186962;38252;109474;39236;152370;15466;6111;9355;19126;9487;9639;2597;1293;1304;1332;795;537;3392;1501;1891;4802;2050;2752;7003;3848;3155;;;;;;;18
1500;Eindhoven (SG);2006;404330;92590;249833;61907;324407;41388;16161;25227;38535;22875;15660;4605;2509;2096;2991;1823;1168;10446;5535;4911;5686;2813;2873;14807;10195;4612;4383.0;3453.0;3346.0;3629.0;15040.0;15808.0;19
1501;Eindhoven (SG);2007;404238;92504;248880;62854;323908;41451;16286;25165;38879;22655;16224;4625;2499;2126;2922;1745;1177;10542;5546;4996;5806;2804;3002;14984;10061;4923;4297.0;3504.0;3239.0;3616.0;14613.0;15693.0;19
1502;Eindhoven (SG);2008;403587;92164;247589;63834;323055;41448;16311;25137;39084;22379;16705;4641;2522;2119;2852;1680;1172;10571;5518;5053;5906;2803;3103;15114;9856;5258;4245.0;3581.0;3199.0;3523.0;14644.0;15580.0;19
1503;Eindhoven (SG);2009;403002;91883;246034;65085;322179;41504;16398;25106;39319;22143;17176;4652;2518;2134;2822;1642;1180;10604;5487;5117;6001;2805;3196;15240;9691;5549;4115.0;3650.0;3348.0;3423.0;14414.0;15531.0;19
1504;Eindhoven (SG);2010;402284;91376;244558;66350;320970;41676;16668;25008;39638;21998;17640;4674;2520;2154;2778;1612;1166;10639;5444;5195;6106;2831;3275;15441;9591;5850;4085.0;3658.0;3491.0;3470.0;14287.0;15464.0;19
1505;Eindhoven (SG);2011;401573;90631;243323;67619;319811;41862;16945;24917;39900;21829;18071;4729;2545;2184;2694;1555;1139;10659;5396;5263;6203;2843;3360;15615;9490;6125;4051.0;3756.0;3516.0;3452.0;14276.0;15419.0;19
1506;Eindhoven (SG);2012;400812;89889;241418;69505;318739;42065;17282;24783;40008;21623;18385;4756;2557;2199;2642;1503;1139;10684;5375;5309;6248;2828;3420;15678;9360;6318;3999.0;3829.0;3581.0;3421.0;14234.0;15373.0;19
1507;Eindhoven (SG);2013;400030;89032;239766;71232;317437;42335;17627;24708;40258;21478;18780;4795;2583;2212;2625;1481;1144;10680;5303;5377;6339;2822;3517;15819;9289;6530;3976.0;3843.0;3680.0;3414.0;14138.0;15311.0;19
1508;Eindhoven (SG);2014;399287;88416;238054;72817;316047;42668;18068;24600;40572;21459;19113;4813;2613;2200;2600;1489;1111;10700;5270;5430;6413;2825;3588;16046;9262;6784;3965.0;3951.0;3602.0;3402.0;14167.0;15217.0;19
1509;Eindhoven (SG);2015;398473;87787;236608;74078;314669;42882;18372;24510;40922;21440;19482;4919;2693;2226;2576;1463;1113;10722;5254;5468;6486;2825;3661;16219;9205;7014;3898.0;3948.0;3566.0;3447.0;14200.0;15147.0;19
1510;Eindhoven (SG);2016;397621;87268;235036;75317;313239;43162;18698;24464;41220;21432;19788;4989;2747;2242;2552;1439;1113;10717;5232;5485;6525;2813;3712;16437;9201;7236;3941.0;3981.0;3519.0;3366.0;14176.0;15124.0;19
1511;Eindhoven (SG);2017;396810;86741;233764;76305;311878;43336;18953;24383;41596;21450;20146;5081;2807;2274;2524;1425;1099;10738;5216;5522;6549;2795;3754;16704;9207;7497;3940.0;4038.0;3539.0;3432.0;14198.0;15094.0;19
1512;Eindhoven (SG);2018;395943;86169;232475;77299;310525;43474;19076;24398;41944;21534;20410;5145;2860;2285;2493;1405;1088;10764;5209;5555;6573;2791;3782;16969;9269;7700;3903.0;4070.0;3442.0;3342.0;14222.0;15067.0;19
1513;Eindhoven (SG);2019;395061;85506;231381;78174;309193;43654;19287;24367;42214;21545;20669;5231;2949;2282;2498;1405;1093;10761;5179;5582;6633;2795;3838;17091;9217;7874;3924.0;4182.0;3287.0;3354.0;14391.0;15063.0;19
1514;Eindhoven (SG);2020;394095;84804;230275;79016;307871;43668;19337;24331;42556;21629;20927;5320;3028;2292;2477;1394;1083;10749;5156;5593;6681;2788;3893;17329;9263;8066;4012.0;4229.0;3286.0;3244.0;14243.0;14999.0;19
1515;Eindhoven (SG);2021;393191;84070;229147;79974;306641;43687;19411;24276;42863;21655;21208;5411;3089;2322;2462;1387;1075;10745;5122;5623;6698;2754;3944;17547;9303;8244;4045.0;4248.0;3216.0;3183.0;14252.0;15015.0;19
1516;Eindhoven (SG);2022;392296;83549;227851;80896;305436;43765;19520;24245;43095;21628;21467;5492;3160;2332;2454;1387;1067;10749;5088;5661;6699;2742;3957;17701;9251;8450;4010.0;4320.0;3230.0;3286.0;14352.0;14953.0;19
1517;Eindhoven (SG);2023;391358;83020;226415;81923;304173;43762;19574;24188;43423;21646;21777;5585;3235;2350;2456;1366;1090;10765;5054;5711;6725;2722;4003;17892;9269;8623;4070.0;4360.0;3178.0;3142.0;14250.0;14917.0;19
1518;Eindhoven (SG);2024;390487;82476;224962;83049;302916;43829;19668;24161;43742;21689;22053;5693;3331;2362;2464;1376;1088;10741;5001;5740;6729;2708;4021;18115;9273;8842;4098.0;4393.0;3207.0;3123.0;14182.0;14889.0;19
1519;Eindhoven (SG);2025;389611;82072;223427;84112;301620;43828;19731;24097;44163;21839;22324;5793;3420;2373;2470;1383;1087;10790;4996;5794;6750;2697;4053;18360;9343;9017;;;;;;;19
1520;Geleen/Sittard (SG);2006;153114;33784;93689;25641;124566;21805;6166;15639;6743;4173;2570;388;188;200;375;221;154;621;446;175;2323;1244;1079;3036;2074;962;1278.0;1491.0;592.0;1278.0;5019.0;4982.0;20
1521;Geleen/Sittard (SG);2007;152266;33142;93084;26040;124218;21307;5891;15416;6741;4117;2624;388;182;206;391;235;156;636;444;192;2346;1237;1109;2980;2019;961;1242.0;1519.0;601.0;1234.0;5054.0;4972.0;20
1522;Geleen/Sittard (SG);2008;151446;32443;92548;26455;123855;20847;5643;15204;6744;4033;2711;406;190;216;393;237;156;650;429;221;2355;1227;1128;2940;1950;990;1233.0;1531.0;614.0;1163.0;5037.0;4955.0;20
1523;Geleen/Sittard (SG);2009;150691;31822;91935;26934;123398;20505;5468;15037;6788;3998;2790;425;200;225;390;234;156;672;424;248;2372;1234;1138;2929;1906;1023;1192.0;1589.0;635.0;1136.0;5080.0;4946.0;20
1524;Geleen/Sittard (SG);2010;149933;31221;91313;27399;123006;20093;5277;14816;6834;3947;2887;431;197;234;405;246;159;697;419;278;2397;1234;1163;2904;1851;1053;1163.0;1596.0;636.0;1138.0;5106.0;4931.0;20
1525;Geleen/Sittard (SG);2011;149183;30504;90668;28011;122500;19789;5178;14611;6894;3932;2962;447;202;245;416;256;160;729;430;299;2420;1235;1185;2882;1809;1073;1175.0;1625.0;665.0;1102.0;5027.0;4880.0;20
1526;Geleen/Sittard (SG);2012;148451;29799;89950;28702;122062;19440;5079;14361;6949;3925;3024;466;208;258;422;261;161;743;436;307;2427;1226;1201;2891;1794;1097;1149.0;1672.0;628.0;1065.0;5071.0;4890.0;20
1527;Geleen/Sittard (SG);2013;147677;29127;89032;29518;121555;19106;4972;14134;7016;3913;3103;474;209;265;452;276;176;767;444;323;2441;1224;1217;2882;1760;1122;1164.0;1692.0;631.0;1051.0;5040.0;4844.0;20
1528;Geleen/Sittard (SG);2014;146936;28565;88171;30200;120996;18826;4888;13938;7114;3928;3186;495;228;267;455;273;182;799;453;346;2469;1227;1242;2896;1747;1149;1197.0;1692.0;608.0;982.0;4990.0;4850.0;20
1529;Geleen/Sittard (SG);2015;146216;28081;87192;30943;120514;18522;4778;13744;7180;3929;3251;517;237;280;454;268;186;819;459;360;2474;1229;1245;2916;1736;1180;1208.0;1752.0;578.0;1032.0;5016.0;4795.0;20
1530;Geleen/Sittard (SG);2016;145453;27581;86285;31587;120014;18221;4703;13518;7218;3915;3303;524;247;277;469;277;192;851;464;387;2464;1219;1245;2910;1708;1202;1205.0;1777.0;572.0;989.0;4992.0;4775.0;20
1531;Geleen/Sittard (SG);2017;144698;27149;85343;32206;119509;17929;4625;13304;7260;3896;3364;541;256;285;460;269;191;896;481;415;2462;1211;1251;2901;1679;1222;1266.0;1798.0;539.0;963.0;4930.0;4739.0;20
1532;Geleen/Sittard (SG);2018;143947;26779;84333;32835;118968;17591;4497;13094;7388;3940;3448;562;267;295;460;270;190;928;488;440;2463;1198;1265;2975;1717;1258;1285.0;1824.0;544.0;941.0;4921.0;4733.0;20
1533;Geleen/Sittard (SG);2019;143214;26362;83457;33395;118429;17310;4423;12887;7475;3966;3509;581;281;300;472;283;189;953;500;453;2465;1195;1270;3004;1707;1297;1308.0;1812.0;544.0;966.0;4868.0;4709.0;20
1534;Geleen/Sittard (SG);2020;142459;26100;82438;33921;117878;17011;4336;12675;7570;3988;3582;598;292;306;483;297;186;981;503;478;2455;1192;1263;3053;1704;1349;1301.0;1848.0;550.0;889.0;4828.0;4668.0;20
1535;Geleen/Sittard (SG);2021;141750;25793;81556;34401;117354;16727;4245;12482;7669;4034;3635;602;297;305;502;312;190;1014;514;500;2438;1188;1250;3113;1723;1390;1285.0;1899.0;506.0;882.0;4808.0;4608.0;20
1536;Geleen/Sittard (SG);2022;140976;25555;80423;34998;116841;16377;4139;12238;7758;4046;3712;618;308;310;522;323;199;1051;517;534;2450;1185;1265;3117;1713;1404;1293.0;1896.0;562.0;845.0;4710.0;4559.0;20
1537;Geleen/Sittard (SG);2023;140253;25441;79326;35486;116298;16083;4084;11999;7872;4086;3786;635;319;316;545;343;202;1073;520;553;2436;1169;1267;3183;1735;1448;1278.0;1907.0;525.0;892.0;4726.0;4521.0;20
1538;Geleen/Sittard (SG);2024;139472;25289;78143;36040;115683;15818;4011;11807;7971;4123;3848;651;333;318;570;366;204;1113;535;578;2429;1155;1274;3208;1734;1474;1319.0;1944.0;516.0;856.0;4659.0;4466.0;20
1539;Geleen/Sittard (SG);2025;138714;25273;76812;36629;115174;15511;3908;11603;8029;4166;3863;664;348;316;584;383;201;1137;550;587;2429;1150;1279;3215;1735;1480;;;;;;;20
1540;Heerlen (SG);2006;256932;53408;157870;45654;192158;53612;17656;35956;11162;6783;4379;651;318;333;1045;680;365;1044;590;454;3324;1746;1578;5098;3449;1649;2152.0;3057.0;1254.0;2415.0;9565.0;9937.0;21
1541;Heerlen (SG);2007;254509;52307;156292;45910;190950;52325;16938;35387;11234;6683;4551;678;328;350;1032;661;371;1087;601;486;3345;1724;1621;5092;3369;1723;2067.0;3055.0;1200.0;2356.0;9648.0;9837.0;21
1542;Heerlen (SG);2008;252194;51124;154803;46267;189904;50976;16237;34739;11314;6629;4685;714;350;364;1014;636;378;1108;606;502;3383;1712;1671;5095;3325;1770;2024.0;3108.0;1192.0;2199.0;9618.0;9748.0;21
1543;Heerlen (SG);2009;249994;50060;153332;46602;188834;49753;15639;34114;11407;6564;4843;754;380;374;1006;617;389;1141;609;532;3410;1697;1713;5096;3261;1835;1990.0;3089.0;1269.0;2163.0;9563.0;9690.0;21
1544;Heerlen (SG);2010;247897;49016;151934;46947;187666;48672;15147;33525;11559;6554;5005;811;412;399;1014;610;404;1180;619;561;3430;1682;1748;5124;3231;1893;2059.0;3098.0;1188.0;2087.0;9437.0;9586.0;21
1545;Heerlen (SG);2011;245835;47806;150335;47694;186580;47609;14718;32891;11646;6513;5133;860;442;418;1003;589;414;1212;629;583;3434;1658;1776;5137;3195;1942;2000.0;3083.0;1204.0;2025.0;9370.0;9480.0;21
1546;Heerlen (SG);2012;243836;46737;148616;48483;185398;46641;14341;32300;11797;6549;5248;887;472;415;1016;594;422;1246;635;611;3457;1652;1805;5191;3196;1995;1958.0;3155.0;1178.0;1949.0;9311.0;9405.0;21
1547;Heerlen (SG);2013;241797;45849;146567;49381;184372;45502;13920;31582;11923;6542;5381;952;518;434;995;582;413;1277;646;631;3478;1636;1842;5221;3160;2061;2015.0;3128.0;1144.0;1865.0;9230.0;9346.0;21
1548;Heerlen (SG);2014;239859;45160;144533;50166;183352;44494;13555;30939;12013;6486;5527;999;536;463;988;574;414;1311;666;645;3499;1626;1873;5216;3084;2132;1989.0;3168.0;1057.0;1837.0;9246.0;9205.0;21
1549;Heerlen (SG);2015;237959;44408;142613;50938;182380;43488;13180;30308;12091;6452;5639;1036;563;473;981;560;421;1344;672;672;3505;1621;1884;5225;3036;2189;2020.0;3123.0;1038.0;1817.0;9070.0;9121.0;21
1550;Heerlen (SG);2016;236040;43871;140562;51607;181412;42437;12747;29690;12191;6445;5746;1070;594;476;971;554;417;1383;684;699;3495;1598;1897;5272;3015;2257;1940.0;3193.0;1004.0;1695.0;9087.0;9047.0;21
1551;Heerlen (SG);2017;234154;43376;138559;52219;180404;41454;12344;29110;12296;6459;5837;1115;636;479;975;557;418;1427;699;728;3470;1568;1902;5309;2999;2310;1987.0;3225.0;978.0;1662.0;8962.0;8925.0;21
1552;Heerlen (SG);2018;232290;42906;136516;52868;179450;40497;12011;28486;12343;6407;5936;1169;666;503;977;558;419;1453;698;755;3454;1554;1900;5290;2931;2359;2028.0;3215.0;916.0;1645.0;8934.0;8850.0;21
1553;Heerlen (SG);2019;230479;42404;134484;53591;178537;39506;11618;27888;12436;6431;6005;1223;696;527;1003;566;437;1486;703;783;3422;1533;1889;5302;2933;2369;2005.0;3235.0;822.0;1535.0;8857.0;8748.0;21
1554;Heerlen (SG);2020;228658;41996;132521;54141;177639;38593;11315;27278;12426;6388;6038;1267;726;541;980;558;422;1519;716;803;3401;1505;1896;5259;2883;2376;2045.0;3233.0;822.0;1456.0;8731.0;8642.0;21
1555;Heerlen (SG);2021;226962;41545;130661;54756;176819;37670;11008;26662;12473;6400;6073;1308;762;546;976;545;431;1533;727;806;3385;1489;1896;5271;2877;2394;2024.0;3267.0;755.0;1511.0;8725.0;8520.0;21
1556;Heerlen (SG);2022;225184;41244;128549;55391;175999;36639;10639;26000;12546;6395;6151;1357;794;563;996;554;442;1560;742;818;3360;1460;1900;5273;2845;2428;1997.0;3322.0;764.0;1428.0;8698.0;8466.0;21
1557;Heerlen (SG);2023;223452;41042;126372;56038;175150;35705;10356;25349;12597;6383;6214;1391;815;576;1019;571;448;1586;752;834;3318;1427;1891;5283;2818;2465;1993.0;3299.0;740.0;1363.0;8570.0;8373.0;21
1558;Heerlen (SG);2024;221744;40830;124330;56584;174243;34820;10058;24762;12681;6420;6261;1430;842;588;1025;569;456;1626;779;847;3288;1411;1877;5312;2819;2493;1939.0;3334.0;746.0;1261.0;8511.0;8277.0;21
1559;Heerlen (SG);2025;220099;40606;122305;57188;173362;33953;9819;24134;12784;6438;6346;1469;869;600;1043;570;473;1651;787;864;3284;1393;1891;5337;2819;2518;;;;;;;21
1560;Maastricht (SG);2006;183084;37351;114429;31304;149247;23712;9203;14509;10125;6417;3708;581;288;293;672;432;240;1711;931;780;1952;1035;917;5209;3731;1478;1532.0;1918.0;1802.0;2374.0;7340.0;7332.0;22
1561;Maastricht (SG);2007;182144;36953;113513;31678;148572;23287;9008;14279;10285;6396;3889;635;325;310;666;430;236;1763;944;819;2010;1043;967;5211;3654;1557;1522.0;1939.0;1840.0;2280.0;7252.0;7215.0;22
1562;Maastricht (SG);2008;181335;36575;112690;32070;147804;23055;8887;14168;10476;6359;4117;686;346;340;692;434;258;1827;969;858;2091;1075;1016;5180;3535;1645;1481.0;1958.0;1843.0;2210.0;7194.0;7129.0;22
1563;Maastricht (SG);2009;180571;36171;111877;32523;147119;22809;8793;14016;10643;6356;4287;736;372;364;706;442;264;1866;979;887;2145;1087;1058;5190;3476;1714;1485.0;1957.0;1892.0;2182.0;7109.0;7058.0;22
1564;Maastricht (SG);2010;179870;35811;111031;33028;146457;22593;8722;13871;10820;6382;4438;781;400;381;712;445;267;1898;992;906;2188;1095;1093;5241;3450;1791;1504.0;1984.0;1906.0;2092.0;7001.0;6977.0;22
1565;Maastricht (SG);2011;179238;35272;110211;33755;145748;22474;8750;13724;11016;6443;4573;830;430;400;725;461;264;1944;1018;926;2249;1110;1139;5268;3424;1844;1505.0;1980.0;1935.0;2114.0;6965.0;6928.0;22
1566;Maastricht (SG);2012;178628;34759;109211;34658;145036;22349;8776;13573;11243;6473;4770;895;465;430;727;448;279;1999;1045;954;2310;1124;1186;5312;3391;1921;1480.0;2031.0;1948.0;2093.0;6939.0;6897.0;22
1567;Maastricht (SG);2013;177983;34443;108057;35483;144367;22180;8777;13403;11436;6515;4921;953;500;453;742;452;290;2037;1062;975;2365;1139;1226;5339;3362;1977;1529.0;2019.0;1930.0;2089.0;6884.0;6836.0;22
1568;Maastricht (SG);2014;177386;34053;107064;36269;143625;22012;8747;13265;11749;6620;5129;1023;535;488;748;457;291;2098;1078;1020;2442;1156;1286;5438;3394;2044;1537.0;2036.0;1949.0;2074.0;6810.0;6800.0;22
1569;Maastricht (SG);2015;176786;33715;106250;36821;142916;21867;8709;13158;12003;6751;5252;1089;582;507;787;494;293;2135;1093;1042;2498;1167;1331;5494;3415;2079;1471.0;2062.0;1890.0;2043.0;6853.0;6763.0;22
1570;Maastricht (SG);2016;176137;33351;105416;37370;142204;21688;8683;13005;12245;6839;5406;1164;636;528;821;523;298;2188;1109;1079;2550;1175;1375;5522;3396;2126;1506.0;2079.0;1912.0;1995.0;6760.0;6725.0;22
1571;Maastricht (SG);2017;175524;33164;104443;37917;141396;21552;8705;12847;12576;6985;5591;1252;685;567;889;569;320;2229;1125;1104;2599;1185;1414;5607;3421;2186;1458.0;2083.0;1854.0;1953.0;6784.0;6691.0;22
1572;Maastricht (SG);2018;174902;32905;103518;38479;140772;21313;8647;12666;12817;7098;5719;1344;751;593;916;586;330;2272;1133;1139;2634;1208;1426;5651;3420;2231;1467.0;2111.0;1828.0;1892.0;6727.0;6629.0;22
1573;Maastricht (SG);2019;174300;32551;102684;39065;140040;21159;8632;12527;13101;7232;5869;1423;816;607;934;584;350;2314;1143;1171;2694;1238;1456;5736;3451;2285;1461.0;2150.0;1784.0;1885.0;6760.0;6615.0;22
1574;Maastricht (SG);2020;173661;32272;101848;39541;139392;20899;8570;12329;13370;7346;6024;1509;880;629;933;570;363;2381;1175;1206;2729;1242;1487;5818;3479;2339;1469.0;2171.0;1761.0;1876.0;6735.0;6541.0;22
1575;Maastricht (SG);2021;173042;32023;100948;40071;138724;20652;8461;12191;13666;7458;6208;1598;954;644;979;594;385;2436;1188;1248;2793;1253;1540;5860;3469;2391;1463.0;2184.0;1742.0;1870.0;6676.0;6509.0;22
1576;Maastricht (SG);2022;172367;31942;99873;40552;137978;20384;8336;12048;14005;7608;6397;1676;997;679;1015;619;396;2487;1203;1284;2863;1272;1591;5964;3517;2447;1429.0;2225.0;1688.0;1816.0;6720.0;6489.0;22
1577;Maastricht (SG);2023;171684;31729;98889;41066;137216;20180;8267;11913;14288;7699;6589;1723;1037;686;1033;630;403;2560;1234;1326;2921;1275;1646;6051;3523;2528;1413.0;2252.0;1641.0;1780.0;6674.0;6420.0;22
1578;Maastricht (SG);2024;170971;31625;97786;41560;136456;19944;8163;11781;14571;7862;6709;1787;1072;715;1053;653;400;2670;1297;1373;2922;1271;1651;6139;3569;2570;1422.0;2277.0;1644.0;1762.0;6622.0;6373.0;22
1579;Maastricht (SG);2025;170263;31365;96810;42088;135638;19707;8050;11657;14918;8044;6874;1851;1112;739;1074;650;424;2762;1360;1402;2946;1271;1675;6285;3651;2634;;;;;;;22
1580;Groningen (GA);2006;198456;37662;135341;25453;163767;17981;7847;10134;16708;10608;6100;3141;1645;1496;2849;1892;957;1234;682;552;1089;512;577;8395;5877;2518;2160.0;1816.0;2433.0;2200.0;10955.0;11186.0;1
1581;Groningen (GA);2007;198827;38469;134843;25515;163903;18110;8079;10031;16814;10555;6259;3160;1660;1500;2695;1768;927;1312;724;588;1135;538;597;8512;5865;2647;2237.0;1803.0;2531.0;2219.0;11558.0;11052.0;1
1582;Groningen (GA);2008;200099;39494;134873;25732;164634;18410;8394;10016;17055;10564;6491;3188;1683;1505;2588;1681;907;1391;756;635;1203;550;653;8685;5894;2791;2289.0;1831.0;2660.0;2264.0;11964.0;10996.0;1
1583;Groningen (GA);2009;201940;40660;135215;26065;165660;18812;8748;10064;17468;10690;6778;3236;1703;1533;2542;1625;917;1484;791;693;1275;576;699;8931;5995;2936;2366.0;1818.0;2846.0;2274.0;11802.0;10974.0;1
1584;Groningen (GA);2010;203913;41763;135661;26489;166725;19297;9159;10138;17891;10864;7027;3281;1734;1547;2571;1652;919;1553;823;730;1324;585;739;9162;6070;3092;2400.0;1816.0;2996.0;2345.0;11710.0;10938.0;1
1585;Groningen (GA);2011;205942;42682;136365;26895;167808;19847;9596;10251;18287;10981;7306;3336;1754;1582;2580;1653;927;1637;861;776;1396;609;787;9338;6104;3234;2476.0;1853.0;3148.0;2376.0;11607.0;10896.0;1
1586;Groningen (GA);2012;208070;43593;136492;27985;168795;20509;10167;10342;18766;11162;7604;3338;1754;1584;2626;1681;945;1725;896;829;1454;628;826;9623;6203;3420;2494.0;1878.0;3321.0;2452.0;11538.0;10886.0;1
1587;Groningen (GA);2013;210226;44610;136663;28953;169823;21235;10796;10439;19168;11272;7896;3359;1751;1608;2656;1698;958;1811;943;868;1506;645;861;9836;6235;3601;2515.0;1883.0;3411.0;2522.0;11516.0;10899.0;1
1588;Groningen (GA);2014;212384;45498;137090;29796;170903;21852;11356;10496;19629;11425;8204;3378;1756;1622;2681;1708;973;1914;995;919;1560;676;884;10096;6290;3806;2510.0;1912.0;3485.0;2534.0;11525.0;10932.0;1
1589;Groningen (GA);2015;214538;46385;137610;30543;171937;22446;11861;10585;20155;11625;8530;3411;1771;1640;2687;1703;984;2015;1042;973;1620;696;924;10422;6413;4009;2499.0;1927.0;3531.0;2592.0;11547.0;10979.0;1
1590;Groningen (GA);2016;216631;47134;138153;31344;172901;23038;12340;10698;20692;11844;8848;3445;1797;1648;2737;1742;995;2125;1083;1042;1690;710;980;10695;6512;4183;2481.0;1914.0;3559.0;2618.0;11579.0;11057.0;1
1591;Groningen (GA);2017;218676;47890;138702;32084;173824;23668;12840;10828;21184;12042;9142;3460;1811;1649;2795;1776;1019;2182;1121;1061;1739;722;1017;11008;6612;4396;2426.0;1941.0;3586.0;2654.0;11653.0;11110.0;1
1592;Groningen (GA);2018;220654;48423;139148;33083;174733;24220;13229;10991;21701;12293;9408;3501;1827;1674;2838;1800;1038;2263;1151;1112;1811;767;1044;11288;6748;4540;2376.0;2006.0;3634.0;2692.0;11753.0;11155.0;1
1593;Groningen (GA);2019;222579;48869;139742;33968;175553;24801;13658;11143;22225;12506;9719;3557;1863;1694;2838;1798;1040;2336;1194;1142;1903;808;1095;11591;6843;4748;2359.0;2000.0;3690.0;2767.0;11775.0;11252.0;1
1594;Groningen (GA);2020;224400;49243;140321;34836;176245;25364;14024;11340;22791;12782;10009;3610;1895;1715;2843;1801;1042;2423;1235;1188;2010;853;1157;11905;6998;4907;2347.0;2025.0;3720.0;2725.0;11770.0;11323.0;1
1595;Groningen (GA);2021;226182;49540;140921;35721;176886;25926;14399;11527;23370;13118;10252;3639;1904;1735;2861;1838;1023;2525;1304;1221;2091;893;1198;12254;7179;5075;2291.0;2079.0;3779.0;2773.0;11871.0;11374.0;1
1596;Groningen (GA);2022;227927;49784;141539;36604;177422;26426;14731;11695;24079;13452;10627;3691;1934;1757;2961;1907;1054;2639;1363;1276;2187;915;1272;12601;7333;5268;2289.0;2122.0;3838.0;2773.0;11872.0;11493.0;1
1597;Groningen (GA);2023;229565;50107;142000;37458;177937;26871;15022;11849;24757;13794;10963;3730;1930;1800;3077;1997;1080;2740;1427;1313;2268;957;1311;12942;7483;5459;2267.0;2130.0;3912.0;2808.0;11903.0;11604.0;1
1598;Groningen (GA);2024;231126;50381;142400;38345;178328;27311;15338;11973;25487;14169;11318;3708;1921;1787;3246;2148;1098;2863;1498;1365;2359;986;1373;13311;7616;5695;2251.0;2167.0;3965.0;2788.0;11876.0;11688.0;1
1599;Groningen (GA);2025;232595;50387;142940;39268;178542;27843;15678;12165;26210;14578;11632;3716;1904;1812;3412;2290;1122;2970;1559;1411;2438;1020;1418;13674;7805;5869;;;;;;;1
1600;Leeuwarden (GA);2006;91517;20146;58240;13131;76922;6331;2586;3745;8264;5389;2875;1353;727;626;795;569;226;471;257;214;992;486;506;4653;3350;1303;1018.0;990.0;589.0;560.0;4671.0;4198.0;2
1601;Leeuwarden (GA);2007;92051;20399;58538;13114;77283;6397;2623;3774;8371;5346;3025;1382;723;659;804;558;246;496;274;222;1003;484;519;4686;3307;1379;1040.0;975.0;647.0;549.0;4654.0;4134.0;2
1602;Leeuwarden (GA);2008;92743;20740;58877;13126;77842;6499;2745;3754;8402;5266;3136;1377;718;659;800;545;255;511;277;234;1025;482;543;4689;3244;1445;1048.0;972.0;676.0;584.0;4577.0;4079.0;2
1603;Leeuwarden (GA);2009;93413;21031;59195;13187;78246;6654;2877;3777;8513;5252;3261;1374;718;656;788;527;261;555;293;262;1030;479;551;4766;3235;1531;1064.0;964.0;715.0;577.0;4511.0;4049.0;2
1604;Leeuwarden (GA);2010;94120;21305;59430;13385;78670;6787;3000;3787;8663;5260;3403;1377;713;664;797;526;271;570;300;270;1043;484;559;4876;3237;1639;1070.0;987.0;742.0;581.0;4508.0;4024.0;2
1605;Leeuwarden (GA);2011;94848;21578;59746;13524;79114;6929;3101;3828;8805;5255;3550;1357;706;651;827;536;291;583;304;279;1059;483;576;4979;3226;1753;1089.0;979.0;756.0;571.0;4476.0;4025.0;2
1606;Leeuwarden (GA);2012;95601;21818;59790;13993;79564;7079;3250;3829;8958;5259;3699;1378;715;663;844;541;303;610;308;302;1076;486;590;5050;3209;1841;1075.0;971.0;782.0;586.0;4470.0;4017.0;2
1607;Leeuwarden (GA);2013;96362;22064;59909;14389;79992;7257;3400;3857;9113;5301;3812;1393;721;672;854;546;308;628;317;311;1082;481;601;5156;3236;1920;1067.0;975.0;812.0;612.0;4461.0;4011.0;2
1608;Leeuwarden (GA);2014;97111;22297;60043;14771;80350;7457;3550;3907;9304;5343;3961;1417;732;685;883;559;324;669;334;335;1086;479;607;5249;3239;2010;1078.0;975.0;800.0;594.0;4457.0;4007.0;2
1609;Leeuwarden (GA);2015;97878;22502;60294;15082;80714;7659;3705;3954;9505;5427;4078;1428;736;692;896;571;325;685;333;352;1080;474;606;5416;3313;2103;1061.0;973.0;821.0;589.0;4445.0;4020.0;2
1610;Leeuwarden (GA);2016;98630;22658;60532;15440;81129;7849;3849;4000;9652;5480;4172;1422;749;673;918;580;338;721;352;369;1091;470;621;5500;3329;2171;1041.0;994.0;802.0;581.0;4477.0;4040.0;2
1611;Leeuwarden (GA);2017;99346;22811;60796;15739;81477;7989;3960;4029;9880;5606;4274;1417;742;675;964;614;350;743;361;382;1122;484;638;5634;3405;2229;1013.0;996.0;841.0;624.0;4504.0;4044.0;2
1612;Leeuwarden (GA);2018;100048;23005;60927;16116;81755;8214;4125;4089;10079;5671;4408;1435;750;685;993;632;361;768;377;391;1138;482;656;5745;3430;2315;1036.0;1001.0;820.0;628.0;4501.0;4068.0;2
1613;Leeuwarden (GA);2019;100717;23097;61147;16473;82060;8392;4255;4137;10265;5711;4554;1439;749;690;980;614;366;815;390;425;1141;485;656;5890;3473;2417;1010.0;1026.0;843.0;601.0;4515.0;4088.0;2
1614;Leeuwarden (GA);2020;101378;23219;61312;16847;82408;8494;4379;4115;10476;5831;4645;1457;758;699;1009;630;379;839;400;439;1147;492;655;6024;3551;2473;1008.0;1014.0;827.0;626.0;4559.0;4120.0;2
1615;Leeuwarden (GA);2021;102023;23300;61427;17296;82736;8607;4453;4154;10680;5935;4745;1459;768;691;1026;634;392;871;418;453;1160;504;656;6164;3611;2553;997.0;1048.0;832.0;614.0;4580.0;4142.0;2
1616;Leeuwarden (GA);2022;102636;23339;61554;17743;82962;8824;4611;4213;10850;6046;4804;1462;778;684;1031;644;387;890;432;458;1166;500;666;6301;3692;2609;1001.0;1047.0;838.0;634.0;4595.0;4174.0;2
1617;Leeuwarden (GA);2023;103221;23342;61721;18158;83199;9015;4747;4268;11007;6096;4911;1459;775;684;1048;654;394;926;449;477;1173;506;667;6401;3712;2689;1009.0;1067.0;854.0;605.0;4570.0;4196.0;2
1618;Leeuwarden (GA);2024;103792;23370;61905;18517;83424;9193;4870;4323;11175;6170;5005;1451;769;682;1069;654;415;962;462;500;1180;502;678;6513;3783;2730;992.0;1074.0;858.0;634.0;4575.0;4204.0;2
1619;Leeuwarden (GA);2025;104315;23319;62053;18943;83528;9344;4996;4348;11443;6322;5121;1445;766;679;1103;689;414;1006;486;520;1191;508;683;6698;3873;2825;;;;;;;2
1620;Zwolle (GA);2006;112369;27822;70410;14137;95610;7379;2627;4752;9380;5669;3711;1193;591;602;1224;801;423;2419;1282;1137;680;329;351;3864;2666;1198;1447.0;1022.0;574.0;545.0;4763.0;4727.0;3
1621;Zwolle (GA);2007;112866;27922;70752;14192;95889;7467;2721;4746;9510;5684;3826;1211;586;625;1190;747;443;2445;1299;1146;724;349;375;3940;2703;1237;1456.0;1048.0;586.0;534.0;5123.0;4683.0;3
1622;Zwolle (GA);2008;113771;28170;71306;14295;96548;7531;2797;4734;9692;5707;3985;1249;594;655;1180;728;452;2495;1292;1203;763;365;398;4005;2728;1277;1456.0;1052.0;607.0;578.0;5107.0;4661.0;3
1623;Zwolle (GA);2009;114657;28351;71869;14437;97145;7641;2886;4755;9871;5757;4114;1277;586;691;1183;714;469;2511;1289;1222;791;368;423;4109;2800;1309;1430.0;1050.0;686.0;585.0;5088.0;4666.0;3
1624;Zwolle (GA);2010;115568;28592;72326;14650;97709;7791;3008;4783;10068;5854;4214;1317;611;706;1172;686;486;2543;1299;1244;833;394;439;4203;2864;1339;1415.0;1054.0;719.0;570.0;5051.0;4653.0;3
1625;Zwolle (GA);2011;116485;28696;72887;14902;98240;7937;3138;4799;10308;5949;4359;1357;632;725;1172;685;487;2597;1311;1286;861;402;459;4321;2919;1402;1412.0;1059.0;731.0;593.0;5099.0;4672.0;3
1626;Zwolle (GA);2012;117408;28826;73078;15504;98834;8083;3268;4815;10491;6034;4457;1366;634;732;1174;683;491;2617;1314;1303;913;432;481;4421;2971;1450;1384.0;1072.0;778.0;578.0;5090.0;4700.0;3
1627;Zwolle (GA);2013;118323;28910;73358;16055;99277;8309;3455;4854;10737;6148;4589;1408;661;747;1167;672;495;2672;1332;1340;976;457;519;4514;3026;1488;1381.0;1050.0;769.0;589.0;5079.0;4697.0;3
1628;Zwolle (GA);2014;119228;29010;73702;16516;99759;8522;3621;4901;10947;6248;4699;1444;677;767;1207;696;511;2672;1327;1345;1025;473;552;4599;3075;1524;1356.0;1068.0;806.0;619.0;5099.0;4702.0;3
1629;Zwolle (GA);2015;120113;29086;74062;16965;100198;8720;3770;4950;11195;6390;4805;1489;710;779;1214;707;507;2697;1325;1372;1075;500;575;4720;3148;1572;1370.0;1089.0;812.0;616.0;5092.0;4711.0;3
1630;Zwolle (GA);2016;120988;29252;74368;17368;100574;8929;3914;5015;11485;6514;4971;1525;716;809;1260;726;534;2717;1324;1393;1122;524;598;4861;3224;1637;1356.0;1091.0;821.0;616.0;5096.0;4759.0;3
1631;Zwolle (GA);2017;121813;29334;74741;17738;100954;9146;4050;5096;11713;6628;5085;1544;734;810;1271;748;523;2738;1317;1421;1183;535;648;4977;3294;1683;1384.0;1126.0;869.0;616.0;5071.0;4773.0;3
1632;Zwolle (GA);2018;122640;29485;74928;18227;101317;9334;4195;5139;11989;6799;5190;1592;754;838;1277;743;534;2770;1330;1440;1230;565;665;5120;3407;1713;1384.0;1134.0;860.0;628.0;5112.0;4809.0;3
1633;Zwolle (GA);2019;123445;29550;75195;18700;101641;9565;4361;5204;12239;6894;5345;1632;769;863;1283;731;552;2827;1354;1473;1296;600;696;5201;3440;1761;1368.0;1141.0;834.0;615.0;5155.0;4855.0;3
1634;Zwolle (GA);2020;124209;29455;75558;19196;101953;9737;4459;5278;12519;7053;5466;1653;783;870;1302;746;556;2876;1372;1504;1357;638;719;5331;3514;1817;1383.0;1159.0;873.0;628.0;5144.0;4889.0;3
1635;Zwolle (GA);2021;124951;29320;75918;19713;102224;9987;4603;5384;12740;7157;5583;1657;797;860;1333;748;585;2924;1384;1540;1413;669;744;5413;3559;1854;1384.0;1195.0;899.0;697.0;5201.0;4903.0;3
1636;Zwolle (GA);2022;125660;29211;76287;20162;102471;10155;4708;5447;13034;7274;5760;1696;820;876;1317;729;588;2974;1385;1589;1495;700;795;5552;3640;1912;1385.0;1215.0;916.0;673.0;5159.0;4909.0;3
1637;Zwolle (GA);2023;126342;29156;76386;20800;102712;10318;4785;5533;13312;7396;5916;1729;833;896;1338;737;601;3011;1404;1607;1556;741;815;5678;3681;1997;1390.0;1229.0;891.0;665.0;5141.0;4909.0;3
1638;Zwolle (GA);2024;126980;29053;76567;21360;102826;10549;4916;5633;13605;7570;6035;1756;856;900;1337;728;609;3045;1412;1633;1603;765;838;5864;3809;2055;1393.0;1239.0;901.0;635.0;5087.0;4912.0;3
1639;Zwolle (GA);2025;127595;29013;76666;21916;103078;10715;5064;5651;13802;7670;6132;1761;874;887;1346;726;620;3076;1413;1663;1663;798;865;5956;3859;2097;;;;;;;3
1640;Enschede (GA);2006;153112;34703;96966;21443;113208;18537;7054;11483;21367;12445;8922;1936;1040;896;769;446;323;8770;4503;4267;2128;1034;1094;7764;5422;2342;1707.0;1531.0;1351.0;1856.0;5969.0;4761.0;4
1641;Enschede (GA);2007;154004;35068;97280;21656;114071;18371;6861;11510;21562;12257;9305;1942;1037;905;766;437;329;8933;4506;4427;2163;1046;1117;7758;5231;2527;1704.0;1512.0;1354.0;1796.0;5946.0;4726.0;4
1642;Enschede (GA);2008;154983;35356;97616;22011;114984;18221;6733;11488;21778;12120;9658;1949;1042;907;752;418;334;9115;4519;4596;2198;1050;1148;7764;5091;2673;1736.0;1531.0;1341.0;1727.0;5853.0;4696.0;4
1643;Enschede (GA);2009;155969;35603;97909;22457;115848;18070;6654;11416;22051;12025;10026;1964;1049;915;760;424;336;9296;4539;4757;2251;1070;1181;7780;4943;2837;1774.0;1576.0;1359.0;1734.0;5849.0;4682.0;4
1644;Enschede (GA);2010;156973;35856;98224;22893;116698;17935;6586;11349;22340;11953;10387;1957;1043;914;773;425;348;9448;4562;4886;2298;1074;1224;7864;4849;3015;1760.0;1562.0;1354.0;1693.0;5809.0;4671.0;4
1645;Enschede (GA);2011;157983;36044;98717;23222;117442;17871;6520;11351;22670;11925;10745;1977;1051;926;827;456;371;9592;4572;5020;2341;1078;1263;7933;4768;3165;1789.0;1583.0;1383.0;1619.0;5723.0;4672.0;4
1646;Enschede (GA);2012;159014;36233;98667;24114;118181;17807;6499;11308;23026;11926;11100;2005;1049;956;834;456;378;9717;4581;5136;2404;1111;1293;8066;4729;3337;1799.0;1581.0;1401.0;1622.0;5700.0;4669.0;4
1647;Enschede (GA);2013;160053;36437;98677;24939;118946;17761;6479;11282;23346;11898;11448;2031;1048;983;847;461;386;9878;4620;5258;2466;1129;1337;8124;4640;3484;1803.0;1623.0;1350.0;1622.0;5741.0;4657.0;4
1648;Enschede (GA);2014;161057;36655;98842;25560;119758;17662;6428;11234;23637;11870;11767;2062;1054;1008;883;475;408;10026;4642;5384;2496;1126;1370;8170;4573;3597;1836.0;1644.0;1338.0;1626.0;5693.0;4650.0;4
1649;Enschede (GA);2015;162014;36798;99166;26050;120506;17574;6368;11206;23934;11875;12059;2067;1060;1007;929;508;421;10142;4665;5477;2540;1137;1403;8256;4505;3751;1816.0;1662.0;1328.0;1544.0;5687.0;4668.0;4
1650;Enschede (GA);2016;162985;37082;99336;26567;121269;17459;6291;11168;24257;11925;12332;2091;1065;1026;966;537;429;10254;4685;5569;2589;1148;1441;8357;4490;3867;1818.0;1668.0;1303.0;1580.0;5678.0;4677.0;4
1651;Enschede (GA);2017;163875;37241;99657;26977;122084;17267;6239;11028;24524;11935;12589;2126;1066;1060;1002;574;428;10317;4672;5645;2603;1153;1450;8476;4470;4006;1875.0;1710.0;1277.0;1519.0;5680.0;4691.0;4
1652;Enschede (GA);2018;164798;37487;99836;27475;122814;17182;6193;10989;24802;11908;12894;2143;1068;1075;1019;576;443;10422;4668;5754;2648;1155;1493;8570;4441;4129;1897.0;1713.0;1232.0;1490.0;5675.0;4703.0;4
1653;Enschede (GA);2019;165707;37587;100218;27902;123630;17063;6127;10936;25014;11879;13135;2171;1080;1091;1021;572;449;10516;4688;5828;2684;1157;1527;8622;4382;4240;1879.0;1724.0;1262.0;1463.0;5640.0;4718.0;4
1654;Enschede (GA);2020;166593;37686;100538;28369;124361;16930;6079;10851;25302;11885;13417;2229;1111;1118;1025;568;457;10616;4722;5894;2733;1167;1566;8699;4317;4382;1921.0;1747.0;1197.0;1437.0;5606.0;4712.0;4
1655;Enschede (GA);2021;167430;37754;100883;28793;125037;16820;6008;10812;25573;11914;13659;2249;1135;1114;1055;588;467;10706;4745;5961;2754;1159;1595;8809;4287;4522;1916.0;1778.0;1195.0;1425.0;5624.0;4730.0;4
1656;Enschede (GA);2022;168243;37834;101240;29169;125758;16684;5937;10747;25801;11941;13860;2248;1132;1116;1074;618;456;10751;4747;6004;2792;1164;1628;8936;4280;4656;1943.0;1806.0;1182.0;1397.0;5590.0;4741.0;4
1657;Enschede (GA);2023;169026;38055;101401;29570;126366;16498;5836;10662;26162;12031;14131;2278;1140;1138;1143;652;491;10828;4791;6037;2844;1162;1682;9069;4286;4783;1982.0;1846.0;1182.0;1376.0;5526.0;4746.0;4
1658;Enschede (GA);2024;169759;38252;101466;30041;126875;16353;5750;10603;26531;12157;14374;2301;1147;1154;1162;654;508;10959;4864;6095;2870;1161;1709;9239;4331;4908;1985.0;1862.0;1220.0;1341.0;5443.0;4738.0;4
1659;Enschede (GA);2025;170479;38416;101532;30531;127387;16215;5683;10532;26877;12276;14601;2331;1150;1181;1207;683;524;11097;4936;6161;2874;1141;1733;9368;4366;5002;;;;;;;4
1660;Apeldoorn (GA);2006;156401;37650;94445;24306;133292;11966;4358;7608;11143;6507;4636;1031;508;523;1031;587;444;3985;2073;1912;844;436;408;4252;2903;1349;1762.0;1562.0;682.0;1096.0;4518.0;4300.0;5
1661;Apeldoorn (GA);2007;156418;37483;94499;24436;133230;11794;4246;7548;11394;6508;4886;1093;534;559;1025;569;456;4072;2075;1997;896;448;448;4308;2882;1426;1730.0;1586.0;715.0;1059.0;4896.0;4286.0;5
1662;Apeldoorn (GA);2008;156835;37409;94783;24643;133460;11686;4193;7493;11689;6543;5146;1152;560;592;1007;549;458;4161;2088;2073;960;469;491;4409;2877;1532;1730.0;1577.0;745.0;1037.0;4971.0;4308.0;5
1663;Apeldoorn (GA);2009;157374;37417;94879;25078;133723;11635;4184;7451;12016;6639;5377;1213;584;629;1019;563;456;4245;2098;2147;1010;494;516;4529;2900;1629;1717.0;1614.0;771.0;1021.0;4915.0;4326.0;5
1664;Apeldoorn (GA);2010;157828;37333;94890;25605;133918;11561;4152;7409;12349;6710;5639;1265;609;656;1045;582;463;4332;2114;2218;1069;505;564;4638;2900;1738;1706.0;1592.0;789.0;1053.0;4931.0;4334.0;5
1665;Apeldoorn (GA);2011;158288;37238;95087;25963;134087;11556;4197;7359;12645;6782;5863;1315;627;688;1029;578;451;4405;2136;2269;1124;516;608;4772;2925;1847;1684.0;1647.0;772.0;1032.0;4981.0;4345.0;5
1666;Apeldoorn (GA);2012;158712;37122;94555;27035;134189;11545;4235;7310;12978;6879;6099;1371;654;717;1023;580;443;4471;2129;2342;1184;534;650;4929;2982;1947;1684.0;1623.0;808.0;1055.0;4960.0;4373.0;5
1667;Apeldoorn (GA);2013;159126;37008;94056;28062;134262;11561;4275;7286;13303;6963;6340;1440;680;760;1036;585;451;4527;2126;2401;1250;556;694;5050;3016;2034;1699.0;1691.0;841.0;1021.0;4952.0;4388.0;5
1668;Apeldoorn (GA);2014;159533;36876;93798;28859;134355;11554;4312;7242;13624;7031;6593;1480;703;777;1034;575;459;4622;2143;2479;1304;567;737;5184;3043;2141;1672.0;1708.0;869.0;1056.0;4985.0;4398.0;5
1669;Apeldoorn (GA);2015;159907;36698;93617;29592;134382;11518;4341;7177;14007;7137;6870;1521;715;806;1052;584;468;4717;2167;2550;1374;580;794;5343;3091;2252;1702.0;1695.0;840.0;1033.0;4967.0;4410.0;5
1670;Apeldoorn (GA);2016;160286;36639;93510;30137;134382;11524;4347;7177;14380;7284;7096;1578;753;825;1053;592;461;4777;2170;2607;1436;604;832;5536;3165;2371;1721.0;1727.0;848.0;1061.0;4961.0;4422.0;5
1671;Apeldoorn (GA);2017;160614;36623;93305;30686;134414;11532;4373;7159;14668;7373;7295;1625;789;836;1071;591;480;4826;2167;2659;1479;621;858;5667;3205;2462;1721.0;1721.0;813.0;1041.0;4972.0;4431.0;5
1672;Apeldoorn (GA);2018;160944;36609;93050;31285;134437;11502;4382;7120;15005;7455;7550;1697;809;888;1097;595;502;4866;2167;2699;1521;640;881;5824;3244;2580;1725.0;1735.0;810.0;1026.0;4961.0;4444.0;5
1673;Apeldoorn (GA);2019;161249;36469;92949;31831;134468;11443;4368;7075;15338;7575;7763;1738;822;916;1121;606;515;4907;2170;2737;1588;660;928;5984;3317;2667;1761.0;1769.0;827.0;991.0;4924.0;4445.0;5
1674;Apeldoorn (GA);2020;161571;36364;92773;32434;134472;11444;4434;7010;15655;7678;7977;1780;844;936;1171;631;540;4959;2175;2784;1640;668;972;6105;3360;2745;1760.0;1795.0;820.0;984.0;4912.0;4460.0;5
1675;Apeldoorn (GA);2021;161843;36244;92603;32996;134430;11418;4456;6962;15995;7812;8183;1810;862;948;1177;638;539;5017;2190;2827;1687;673;1014;6304;3449;2855;1768.0;1810.0;808.0;997.0;4920.0;4463.0;5
1676;Apeldoorn (GA);2022;162086;36181;92336;33569;134347;11438;4484;6954;16301;7908;8393;1836;867;969;1192;632;560;5071;2210;2861;1734;689;1045;6468;3510;2958;1813.0;1822.0;825.0;987.0;4863.0;4472.0;5
1677;Apeldoorn (GA);2023;162330;36116;92123;34091;134275;11450;4502;6948;16605;7989;8616;1856;886;970;1216;637;579;5096;2208;2888;1786;695;1091;6651;3563;3088;1809.0;1860.0;829.0;979.0;4887.0;4475.0;5
1678;Apeldoorn (GA);2024;162561;36147;91805;34609;134196;11443;4526;6917;16922;8078;8844;1922;904;1018;1233;650;583;5114;2195;2919;1819;697;1122;6834;3632;3202;1824.0;1915.0;806.0;991.0;4927.0;4474.0;5
1679;Apeldoorn (GA);2025;162759;36146;91441;35172;134080;11471;4541;6930;17208;8169;9039;1949;927;1022;1247;655;592;5163;2199;2964;1850;695;1155;6999;3693;3306;;;;;;;5
1680;Arnhem (GA);2006;142858;31708;92507;18643;103536;16010;6373;9637;23312;14269;9043;2886;1603;1283;1837;1257;580;7580;4154;3426;2641;1370;1271;8368;5885;2483;1669.0;1411.0;1035.0;1113.0;7373.0;7337.0;6
1681;Arnhem (GA);2007;143088;32042;92366;18680;103994;15823;6331;9492;23271;13992;9279;2881;1588;1293;1772;1191;581;7575;4096;3479;2663;1365;1298;8380;5752;2628;1639.0;1372.0;1059.0;1075.0;7251.0;7224.0;6
1682;Arnhem (GA);2008;143383;32340;92331;18712;104470;15734;6313;9421;23179;13706;9473;2824;1559;1265;1685;1111;574;7576;4074;3502;2713;1357;1356;8381;5605;2776;1585.0;1371.0;1086.0;1058.0;7199.0;7138.0;6
1683;Arnhem (GA);2009;143698;32570;92249;18879;104863;15625;6333;9292;23210;13496;9714;2805;1534;1271;1653;1071;582;7575;4023;3552;2762;1371;1391;8415;5497;2918;1551.0;1374.0;1066.0;1062.0;7177.0;7057.0;6
1684;Arnhem (GA);2010;144014;32724;92228;19062;105288;15539;6333;9206;23187;13302;9885;2762;1499;1263;1620;1049;571;7537;3989;3548;2801;1371;1430;8467;5394;3073;1525.0;1371.0;1108.0;1018.0;7089.0;6993.0;6
1685;Arnhem (GA);2011;144367;32789;92320;19258;105679;15519;6361;9158;23169;13124;10045;2748;1505;1243;1574;1011;563;7489;3937;3552;2843;1365;1478;8515;5306;3209;1508.0;1390.0;1115.0;989.0;7046.0;6949.0;6
1686;Arnhem (GA);2012;144721;32751;91900;20070;106059;15482;6413;9069;23180;12964;10216;2726;1499;1227;1541;975;566;7457;3893;3564;2883;1366;1517;8573;5231;3342;1468.0;1387.0;1092.0;972.0;7017.0;6914.0;6
1687;Arnhem (GA);2013;145042;32724;91489;20829;106312;15471;6460;9011;23259;12897;10362;2739;1512;1227;1533;949;584;7396;3868;3528;2901;1368;1533;8690;5200;3490;1422.0;1416.0;1063.0;971.0;7061.0;6872.0;6
1688;Arnhem (GA);2014;145347;32615;91328;21404;106599;15483;6514;8969;23265;12751;10514;2702;1493;1209;1478;896;582;7384;3845;3539;2936;1358;1578;8765;5159;3606;1400.0;1401.0;1026.0;968.0;7059.0;6864.0;6
1689;Arnhem (GA);2015;145617;32490;91171;21956;106894;15462;6577;8885;23261;12622;10639;2672;1481;1191;1433;847;586;7370;3813;3557;2945;1352;1593;8841;5129;3712;1362.0;1419.0;1066.0;914.0;7007.0;6822.0;6
1690;Arnhem (GA);2016;145915;32368;91037;22510;107128;15485;6673;8812;23302;12539;10763;2660;1466;1194;1429;855;574;7352;3799;3553;2947;1348;1599;8914;5071;3843;1349.0;1435.0;994.0;915.0;7039.0;6823.0;6
1691;Arnhem (GA);2017;146141;32269;90815;23057;107427;15428;6704;8724;23286;12431;10855;2638;1458;1180;1431;849;582;7290;3757;3533;2958;1345;1613;8969;5022;3947;1334.0;1426.0;1038.0;911.0;7013.0;6808.0;6
1692;Arnhem (GA);2018;146395;32118;90597;23680;107569;15462;6772;8690;23364;12415;10949;2625;1462;1163;1416;844;572;7280;3751;3529;2949;1334;1615;9094;5024;4070;1300.0;1454.0;952.0;918.0;7105.0;6812.0;6
1693;Arnhem (GA);2019;146586;31788;90518;24280;107780;15406;6759;8647;23400;12421;10979;2632;1461;1171;1406;842;564;7192;3713;3479;2960;1337;1623;9210;5068;4142;1285.0;1455.0;959.0;884.0;7108.0;6813.0;6
1694;Arnhem (GA);2020;146801;31519;90452;24830;108001;15423;6831;8592;23377;12375;11002;2642;1479;1163;1402;827;575;7154;3696;3458;2946;1339;1607;9233;5034;4199;1308.0;1491.0;936.0;873.0;7100.0;6824.0;6
1695;Arnhem (GA);2021;146972;31138;90444;25390;108179;15384;6841;8543;23409;12346;11063;2619;1459;1160;1417;835;582;7075;3635;3440;2953;1348;1605;9345;5069;4276;1285.0;1535.0;914.0;877.0;7184.0;6842.0;6
1696;Arnhem (GA);2022;147113;30822;90239;26052;108391;15353;6896;8457;23369;12222;11147;2602;1447;1155;1397;813;584;6975;3567;3408;2983;1346;1637;9412;5049;4363;1292.0;1535.0;900.0;871.0;7206.0;6855.0;6
1697;Arnhem (GA);2023;147261;30362;90228;26671;108579;15309;6889;8420;23373;12190;11183;2601;1442;1159;1403;822;581;6907;3528;3379;2975;1333;1642;9487;5065;4422;1246.0;1565.0;852.0;835.0;7225.0;6811.0;6
1698;Arnhem (GA);2024;147384;30009;90055;27320;108714;15295;6941;8354;23375;12162;11213;2602;1430;1172;1407;829;578;6811;3479;3332;2989;1334;1655;9566;5090;4476;1292.0;1585.0;858.0;805.0;7180.0;6808.0;6
1699;Arnhem (GA);2025;147527;29771;89763;27993;108866;15339;6993;8346;23322;12049;11273;2593;1414;1179;1395;815;580;6730;3426;3304;2977;1332;1645;9627;5062;4565;;;;;;;6
1700;Nijmegen (GA);2006;158437;33379;103942;21116;120917;18395;7080;11315;19125;11536;7589;1650;850;800;1896;1184;712;5076;2790;2286;3340;1751;1589;7163;4961;2202;1781.0;1352.0;1247.0;1887.0;7773.0;6864.0;7
1701;Nijmegen (GA);2007;159156;33778;104027;21351;121721;18176;6870;11306;19259;11401;7858;1711;874;837;1826;1119;707;5112;2781;2331;3413;1749;1664;7197;4878;2319;1854.0;1401.0;1201.0;1782.0;7697.0;6762.0;7
1702;Nijmegen (GA);2008;159981;34211;104182;21588;122596;17963;6681;11282;19422;11251;8171;1756;885;871;1806;1075;731;5135;2763;2372;3479;1751;1728;7246;4777;2469;1886.0;1386.0;1234.0;1730.0;7534.0;6683.0;7
1703;Nijmegen (GA);2009;160850;34734;104262;21854;123487;17818;6572;11246;19545;11088;8457;1801;890;911;1735;1013;722;5189;2773;2416;3538;1748;1790;7282;4664;2618;1902.0;1404.0;1224.0;1748.0;7523.0;6614.0;7
1704;Nijmegen (GA);2010;161749;35143;104349;22257;124465;17612;6397;11215;19672;10937;8735;1846;913;933;1712;973;739;5206;2765;2441;3607;1749;1858;7301;4537;2764;1934.0;1425.0;1231.0;1638.0;7375.0;6574.0;7
1705;Nijmegen (GA);2011;162666;35522;104455;22689;125416;17460;6298;11162;19790;10871;8919;1900;925;975;1659;940;719;5209;2759;2450;3674;1764;1910;7348;4483;2865;1913.0;1427.0;1229.0;1653.0;7377.0;6556.0;7
1706;Nijmegen (GA);2012;163564;35816;104164;23584;126296;17301;6200;11101;19967;10817;9150;1952;943;1009;1622;912;710;5249;2752;2497;3700;1742;1958;7444;4468;2976;1918.0;1456.0;1207.0;1569.0;7309.0;6524.0;7
1707;Nijmegen (GA);2013;164467;36128;103959;24380;127093;17275;6207;11068;20099;10736;9363;1997;953;1044;1634;912;722;5263;2743;2520;3755;1737;2018;7450;4391;3059;1900.0;1472.0;1138.0;1542.0;7369.0;6514.0;7
1708;Nijmegen (GA);2014;165359;36397;103924;25038;127954;17161;6154;11007;20244;10684;9560;2024;968;1056;1630;903;727;5303;2747;2556;3828;1743;2085;7459;4323;3136;1844.0;1508.0;1138.0;1550.0;7383.0;6492.0;7
1709;Nijmegen (GA);2015;166187;36601;103873;25713;128753;17090;6094;10996;20344;10629;9715;2064;970;1094;1586;875;711;5315;2735;2580;3842;1734;2108;7537;4315;3222;1825.0;1526.0;1140.0;1486.0;7320.0;6498.0;7
1710;Nijmegen (GA);2016;166981;36701;103978;26302;129567;16976;6076;10900;20438;10527;9911;2079;961;1118;1543;844;699;5319;2712;2607;3868;1727;2141;7629;4283;3346;1832.0;1548.0;1103.0;1444.0;7312.0;6481.0;7
1711;Nijmegen (GA);2017;167773;36856;103952;26965;130219;16928;6082;10846;20626;10503;10123;2136;974;1162;1552;828;724;5331;2695;2636;3879;1718;2161;7728;4288;3440;1789.0;1567.0;1059.0;1483.0;7434.0;6507.0;7
1712;Nijmegen (GA);2018;168518;36956;103813;27749;130970;16832;6024;10808;20716;10434;10282;2133;983;1150;1529;810;719;5334;2664;2670;3923;1728;2195;7797;4249;3548;1751.0;1601.0;1067.0;1446.0;7406.0;6515.0;7
1713;Nijmegen (GA);2019;169201;36946;103860;28395;131663;16713;5971;10742;20825;10392;10433;2143;995;1148;1512;812;700;5362;2650;2712;3938;1709;2229;7870;4226;3644;1739.0;1595.0;1016.0;1442.0;7446.0;6511.0;7
1714;Nijmegen (GA);2020;169875;36859;103953;29063;132322;16564;5902;10662;20989;10382;10607;2173;1015;1158;1506;806;700;5340;2619;2721;3976;1713;2263;7994;4229;3765;1700.0;1638.0;1017.0;1389.0;7437.0;6530.0;7
1715;Nijmegen (GA);2021;170491;36668;104076;29747;132922;16433;5837;10596;21136;10360;10776;2190;1013;1177;1511;811;700;5330;2587;2743;3993;1711;2282;8112;4238;3874;1679.0;1668.0;960.0;1348.0;7486.0;6535.0;7
1716;Nijmegen (GA);2022;171082;36574;104086;30422;133559;16287;5751;10536;21236;10349;10887;2198;1026;1172;1492;801;691;5320;2569;2751;3992;1703;2289;8234;4250;3984;1671.0;1689.0;959.0;1380.0;7499.0;6546.0;7
1717;Nijmegen (GA);2023;171617;36381;104117;31119;134122;16174;5685;10489;21321;10349;10972;2202;1042;1160;1475;782;693;5312;2550;2762;3974;1678;2296;8358;4297;4061;1680.0;1711.0;922.0;1332.0;7472.0;6543.0;7
1718;Nijmegen (GA);2024;172127;36276;104073;31778;134626;16008;5617;10391;21493;10379;11114;2239;1064;1175;1494;802;692;5304;2514;2790;4006;1680;2326;8450;4319;4131;1643.0;1752.0;914.0;1276.0;7470.0;6548.0;7
1719;Nijmegen (GA);2025;172600;36063;104004;32533;135143;15876;5570;10306;21581;10337;11244;2265;1069;1196;1478;788;690;5285;2486;2799;3995;1664;2331;8558;4330;4228;;;;;;;7
1720;Amersfoort (GA);2006;164409;44262;100684;19463;130861;13915;5222;8693;19633;11571;8062;1766;890;876;1706;978;728;5572;3086;2486;4002;2074;1928;6587;4543;2044;2287.0;1276.0;900.0;801.0;5959.0;5975.0;8
1721;Amersfoort (GA);2007;165515;44514;101395;19606;131525;13981;5320;8661;20009;11576;8433;1863;924;939;1698;961;737;5658;3093;2565;4113;2081;2032;6677;4517;2160;2196.0;1292.0;955.0;802.0;6043.0;5975.0;8
1722;Amersfoort (GA);2008;166645;44826;102019;19800;132059;14072;5461;8611;20514;11682;8832;1937;954;983;1724;979;745;5762;3111;2651;4251;2102;2149;6840;4536;2304;2161.0;1293.0;1007.0;838.0;5974.0;5981.0;8
1723;Amersfoort (GA);2009;167680;45077;102507;20096;132572;14144;5557;8587;20964;11710;9254;1994;970;1024;1739;982;757;5867;3117;2750;4372;2110;2262;6992;4531;2461;2115.0;1306.0;1014.0;841.0;6107.0;6001.0;8
1724;Amersfoort (GA);2010;168781;45220;103067;20494;133075;14305;5701;8604;21401;11761;9640;2041;989;1052;1748;971;777;5989;3137;2852;4460;2118;2342;7163;4546;2617;2079.0;1334.0;1067.0;826.0;6172.0;6044.0;8
1725;Amersfoort (GA);2011;169904;45319;103796;20789;133630;14432;5815;8617;21842;11819;10023;2089;992;1097;1763;981;782;6091;3150;2941;4576;2129;2447;7323;4567;2756;2033.0;1351.0;1116.0;817.0;6181.0;6078.0;8
1726;Amersfoort (GA);2012;171001;45339;103787;21875;134050;14606;5989;8617;22345;11921;10424;2151;1009;1142;1792;988;804;6179;3166;3013;4689;2141;2548;7534;4617;2917;1992.0;1370.0;1125.0;831.0;6260.0;6115.0;8
1727;Amersfoort (GA);2013;172074;45319;104060;22695;134434;14806;6170;8636;22834;12039;10795;2221;1028;1193;1810;1006;804;6307;3187;3120;4772;2162;2610;7724;4656;3068;1983.0;1364.0;1118.0;804.0;6266.0;6169.0;8
1728;Amersfoort (GA);2014;173111;45278;104383;23450;134798;15012;6375;8637;23301;12152;11149;2297;1063;1234;1820;1001;819;6365;3180;3185;4853;2161;2692;7966;4747;3219;1956.0;1392.0;1114.0;850.0;6369.0;6221.0;8
1729;Amersfoort (GA);2015;174099;45180;104789;24130;135144;15225;6566;8659;23730;12247;11483;2330;1081;1249;1813;1008;805;6432;3196;3236;4939;2145;2794;8216;4817;3399;1959.0;1403.0;1133.0;796.0;6336.0;6281.0;8
1730;Amersfoort (GA);2016;175060;45070;105140;24850;135455;15469;6763;8706;24136;12323;11813;2375;1104;1271;1832;1009;823;6507;3196;3311;5000;2139;2861;8422;4875;3547;1984.0;1399.0;1167.0;808.0;6290.0;6301.0;8
1731;Amersfoort (GA);2017;176008;44974;105535;25499;135690;15750;7007;8743;24568;12442;12126;2447;1144;1303;1822;991;831;6589;3211;3378;5056;2137;2919;8654;4959;3695;2000.0;1446.0;1198.0;847.0;6362.0;6358.0;8
1732;Amersfoort (GA);2018;176934;44794;105875;26265;135984;15964;7183;8781;24986;12549;12437;2490;1142;1348;1845;1012;833;6667;3224;3443;5115;2145;2970;8869;5026;3843;1998.0;1473.0;1172.0;837.0;6388.0;6414.0;8
1733;Amersfoort (GA);2019;177785;44552;106212;27021;136223;16181;7366;8815;25381;12633;12748;2521;1136;1385;1857;1017;840;6698;3214;3484;5188;2140;3048;9117;5126;3991;2044.0;1452.0;1215.0;864.0;6397.0;6492.0;8
1734;Amersfoort (GA);2020;178644;44284;106507;27853;136454;16372;7538;8834;25818;12770;13048;2572;1151;1421;1878;1026;852;6775;3238;3537;5218;2128;3090;9375;5227;4148;2019.0;1513.0;1191.0;874.0;6500.0;6547.0;8
1735;Amersfoort (GA);2021;179435;43839;107000;28596;136661;16552;7697;8855;26222;12892;13330;2628;1170;1458;1901;1031;870;6818;3249;3569;5246;2123;3123;9629;5319;4310;2032.0;1535.0;1194.0;919.0;6560.0;6575.0;8
1736;Amersfoort (GA);2022;180210;43470;107401;29339;136867;16738;7838;8900;26605;12983;13622;2659;1182;1477;1933;1045;888;6880;3247;3633;5264;2119;3145;9869;5390;4479;2084.0;1583.0;1197.0;862.0;6490.0;6605.0;8
1737;Amersfoort (GA);2023;180945;43216;107521;30208;137022;16958;8011;8947;26965;13081;13884;2677;1181;1496;1961;1050;911;6908;3227;3681;5291;2109;3182;10128;5514;4614;2027.0;1575.0;1225.0;875.0;6509.0;6640.0;8
1738;Amersfoort (GA);2024;181627;42888;107623;31116;137216;17132;8178;8954;27279;13156;14123;2684;1176;1508;1993;1068;925;6928;3201;3727;5285;2118;3167;10389;5593;4796;2070.0;1607.0;1246.0;901.0;6477.0;6664.0;8
1739;Amersfoort (GA);2025;182264;42647;107562;32055;137283;17324;8284;9040;27657;13283;14374;2735;1187;1548;2005;1088;917;6937;3192;3745;5308;2111;3197;10672;5705;4967;;;;;;;8
1740;Utrecht (GA);2006;412277;95004;272450;44823;302364;38242;16002;22240;71671;40830;30841;11716;6554;5162;3360;1904;1456;13305;7086;6219;27484;14688;12796;15806;10598;5208;5931.0;2932.0;3310.0;3854.0;21794.0;20872.0;9
1741;Utrecht (GA);2007;415695;97182;273120;45393;304822;38180;16073;22107;72693;40802;31891;11761;6519;5242;3336;1864;1472;13400;7091;6309;27973;14631;13342;16223;10697;5526;5991.0;2995.0;3337.0;3799.0;21683.0;20654.0;9
1742;Utrecht (GA);2008;419286;99327;273881;46078;307145;38223;16171;22052;73918;40876;33042;11851;6505;5346;3352;1869;1483;13453;7063;6390;28537;14615;13922;16725;10824;5901;5958.0;2990.0;3429.0;3823.0;21792.0;20514.0;9
1743;Utrecht (GA);2009;423166;101293;274806;47067;309937;38402;16384;22018;74827;40838;33989;11862;6475;5387;3378;1872;1506;13511;7037;6474;28954;14536;14418;17122;10918;6204;5923.0;3047.0;3552.0;3811.0;20169.0;20398.0;9
1744;Utrecht (GA);2010;425582;102742;274771;48069;311569;38463;16509;21954;75550;40681;34869;11889;6442;5447;3399;1890;1509;13531;7001;6530;29339;14448;14891;17392;10900;6492;5895.0;3035.0;3566.0;3831.0;20112.0;20271.0;9
1745;Utrecht (GA);2011;428044;103897;275421;48726;313294;38577;16642;21935;76173;40513;35660;11837;6367;5470;3449;1901;1548;13545;6981;6564;29650;14382;15268;17692;10882;6810;5806.0;3079.0;3639.0;3724.0;19958.0;20133.0;9
1746;Utrecht (GA);2012;430539;105016;274082;51441;314893;38779;16869;21910;76867;40457;36410;11838;6331;5507;3479;1919;1560;13578;6964;6614;29903;14288;15615;18069;10955;7114;5650.0;3117.0;3610.0;3649.0;19973.0;20044.0;9
1747;Utrecht (GA);2013;432995;105878;273399;53718;316550;39003;17091;21912;77442;40347;37095;11735;6275;5460;3523;1922;1601;13669;6971;6698;30139;14226;15913;18376;10953;7423;5500.0;3149.0;3618.0;3723.0;20038.0;19937.0;9
1748;Utrecht (GA);2014;435379;106647;273103;55629;318226;39173;17264;21909;77980;40276;37704;11644;6224;5420;3505;1905;1600;13703;6967;6736;30403;14179;16224;18725;11001;7724;5386.0;3189.0;3534.0;3618.0;20062.0;19868.0;9
1749;Utrecht (GA);2015;437718;107278;272956;57484;319775;39339;17455;21884;78604;40200;38404;11588;6151;5437;3579;1928;1651;13747;6963;6784;30565;14094;16471;19125;11064;8061;5301.0;3237.0;3508.0;3591.0;20149.0;19856.0;9
1750;Utrecht (GA);2016;440023;107902;272836;59285;321315;39557;17684;21873;79151;40141;39010;11546;6105;5441;3606;1917;1689;13762;6942;6820;30745;14021;16724;19492;11156;8336;5148.0;3321.0;3534.0;3598.0;20242.0;19841.0;9
1751;Utrecht (GA);2017;442223;108416;272909;60898;322825;39914;18030;21884;79484;39993;39491;11495;6057;5438;3639;1942;1697;13804;6941;6863;30822;13910;16912;19724;11143;8581;5045.0;3321.0;3506.0;3551.0;20304.0;19881.0;9
1752;Utrecht (GA);2018;444362;108690;272948;62724;324310;40084;18198;21886;79968;39903;40065;11470;6013;5457;3697;1934;1763;13793;6914;6879;30867;13832;17035;20141;11210;8931;4954.0;3411.0;3398.0;3520.0;20599.0;19962.0;9
1753;Utrecht (GA);2019;446454;108630;273344;64480;325845;40296;18388;21908;80313;39791;40522;11406;5953;5453;3752;1937;1815;13818;6902;6916;30861;13737;17124;20476;11262;9214;4894.0;3476.0;3381.0;3539.0;20747.0;20067.0;9
1754;Utrecht (GA);2020;448437;108169;274093;66175;327245;40372;18458;21914;80820;39781;41039;11365;5902;5463;3763;1926;1837;13885;6901;6984;30884;13666;17218;20923;11386;9537;4822.0;3556.0;3364.0;3525.0;20969.0;20153.0;9
1755;Utrecht (GA);2021;450409;107418;275145;67846;328531;40528;18590;21938;81350;39858;41492;11329;5848;5481;3826;1948;1878;13896;6892;7004;30895;13614;17281;21404;11556;9848;4750.0;3605.0;3348.0;3399.0;21081.0;20334.0;9
1756;Utrecht (GA);2022;452292;106595;275973;69724;329758;40684;18677;22007;81850;39932;41918;11311;5803;5508;3935;2006;1929;13888;6887;7001;30880;13555;17325;21836;11681;10155;4744.0;3736.0;3307.0;3392.0;21362.0;20503.0;9
1757;Utrecht (GA);2023;454119;105608;276822;71689;331066;40825;18863;21962;82228;39948;42280;11299;5736;5563;3970;2010;1960;13881;6874;7007;30860;13517;17343;22218;11811;10407;4755.0;3796.0;3297.0;3391.0;21377.0;20590.0;9
1758;Utrecht (GA);2024;455814;104379;277742;73693;332088;40917;18935;21982;82809;40090;42719;11288;5687;5601;4081;2059;2022;13899;6855;7044;30759;13444;17315;22782;12045;10737;4722.0;3878.0;3335.0;3476.0;21641.0;20718.0;9
1759;Utrecht (GA);2025;457484;103388;278340;75756;333197;41078;19054;22024;83209;40135;43074;11244;5625;5619;4179;2098;2081;13925;6838;7087;30639;13369;17270;23222;12205;11017;;;;;;;9
1760;Amsterdam (GA);2006;1021796;229371;664912;127513;599445;134321;70179;64142;288030;169719;118311;76712;44932;31780;13040;8095;4945;50160;28220;21940;67393;35631;31762;80725;52841;27884;13813.0;8720.0;14336.0;11671.0;33533.0;37691.0;10
1761;Amsterdam (GA);2007;1025452;233736;663675;128041;601254;135287;70825;64462;288911;166923;121988;75775;43836;31939;12923;7901;5022;51010;28309;22701;68511;35540;32971;80692;51337;29355;13398.0;8801.0;14568.0;11544.0;32565.0;37202.0;10
1762;Amsterdam (GA);2008;1028487;237159;662373;128955;602641;136266;71594;64672;289580;164429;125151;74852;42824;32028;12843;7761;5082;51807;28431;23376;69459;35417;34042;80619;49996;30623;13134.0;8785.0;14917.0;11450.0;31934.0;36744.0;10
1763;Amsterdam (GA);2009;1031541;240011;660871;130659;603879;137493;72662;64831;290169;162049;128120;73834;41827;32007;12832;7678;5154;52549;28499;24050;70408;35322;35086;80546;48723;31823;12771.0;8764.0;15211.0;11285.0;33980.0;36388.0;10
1764;Amsterdam (GA);2010;1037110;242994;661259;132857;606198;139402;74167;65235;291510;160424;131086;73090;40999;32091;12889;7713;5176;53392;28631;24761;71424;35330;36094;80715;47751;32964;12424.0;8788.0;15485.0;11194.0;33842.0;36214.0;10
1765;Amsterdam (GA);2011;1042722;245077;663352;134293;608247;141598;75950;65648;292877;158924;133953;72485;40325;32160;13000;7734;5266;54147;28712;25435;72279;35247;37032;80966;46906;34060;12120.0;8822.0;15684.0;11209.0;33926.0;36069.0;10
1766;Amsterdam (GA);2012;1048399;246899;661303;140197;610135;143931;77866;66065;294333;157725;136608;71825;39653;32172;13127;7776;5351;54918;28842;26076;73127;35198;37929;81336;46256;35080;11840.0;8850.0;15856.0;11164.0;33910.0;35977.0;10
1767;Amsterdam (GA);2013;1054068;248201;660210;145657;611969;146551;79996;66555;295548;156513;139035;71088;38955;32133;13271;7819;5452;55579;28936;26643;73871;35111;38760;81739;45692;36047;11615.0;8926.0;15983.0;11302.0;33988.0;35863.0;10
1768;Amsterdam (GA);2014;1059628;249462;660236;149930;613725;149057;82009;67048;296846;155531;141315;70409;38310;32099;13410;7865;5545;56306;29067;27239;74594;35105;39489;82127;45184;36943;11437.0;8915.0;16009.0;11176.0;33932.0;35934.0;10
1769;Amsterdam (GA);2015;1065044;250213;660975;153856;615277;151461;83884;67577;298306;154718;143588;69766;37721;32045;13610;7923;5687;56978;29186;27792;75307;35098;40209;82645;44790;37855;11204.0;9014.0;16037.0;11234.0;34230.0;35966.0;10
1770;Amsterdam (GA);2016;1070365;251019;661444;157902;616705;153914;85741;68173;299746;153979;145767;69177;37134;32043;13738;7950;5788;57611;29289;28322;75948;35093;40855;83272;44513;38759;11065.0;9152.0;16060.0;11285.0;34512.0;36093.0;10
1771;Amsterdam (GA);2017;1075539;251337;662977;161225;618190;156195;87423;68772;301154;153270;147884;68619;36599;32020;13857;7987;5870;58282;29384;28898;76544;35061;41483;83852;44239;39613;10965.0;9192.0;15999.0;11235.0;34653.0;36195.0;10
1772;Amsterdam (GA);2018;1080592;251054;664293;165245;619552;158424;89078;69346;302616;152672;149944;68025;36057;31968;14056;8055;6001;58897;29487;29410;77082;35009;42073;84556;44064;40492;10959.0;9324.0;16140.0;11234.0;34793.0;36414.0;10
1773;Amsterdam (GA);2019;1085580;250180;666551;168849;620746;160753;90699;70054;304081;152179;151902;67457;35532;31925;14279;8134;6145;59526;29598;29928;77546;34967;42579;85273;43948;41325;10857.0;9461.0;16219.0;11315.0;35145.0;36661.0;10
1774;Amsterdam (GA);2020;1090438;249045;668620;172773;621976;163093;92364;70729;305369;151695;153674;66921;35032;31889;14521;8229;6292;60044;29673;30371;77908;34924;42984;85975;43837;42138;10870.0;9593.0;16337.0;11369.0;35269.0;36895.0;10
1775;Amsterdam (GA);2021;1095123;247118;671473;176532;623062;165230;93955;71275;306831;151233;155598;66403;34522;31881;14759;8302;6457;60624;29804;30820;78310;34905;43405;86735;43700;43035;10892.0;9733.0;16307.0;11362.0;35587.0;37116.0;10
1776;Amsterdam (GA);2022;1099768;244963;674032;180773;623973;167436;95562;71874;308359;150959;157400;65921;34074;31847;14975;8379;6596;61194;29891;31303;78596;34834;43762;87673;43781;43892;10785.0;9909.0;16396.0;11356.0;35808.0;37385.0;10
1777;Amsterdam (GA);2023;1104176;242633;676716;184827;624729;169749;97161;72588;309698;150550;159148;65397;33563;31834;15252;8485;6767;61704;29933;31771;78788;34746;44042;88557;43823;44734;10959.0;10123.0;16299.0;11391.0;35971.0;37596.0;10
1778;Amsterdam (GA);2024;1108375;239859;679209;189307;625346;172067;98774;73293;310962;150136;160826;64884;33089;31795;15489;8561;6928;62163;29945;32218;78967;34621;44346;89459;43920;45539;10975.0;10326.0;16234.0;11310.0;36169.0;37769.0;10
1779;Amsterdam (GA);2025;1112431;237830;680739;193862;625929;174354;100444;73910;312148;149782;162366;64370;32604;31766;15811;8741;7070;62556;29953;32603;79080;34450;44630;90331;44034;46297;;;;;;;10
1780;Haarlem (GA);2006;189279;42859;115238;31182;147627;20798;8044;12754;20854;11969;8885;2401;1200;1201;1086;544;542;6255;3318;2937;4270;2422;1848;6842;4485;2357;2195.0;1988.0;1403.0;1624.0;9211.0;8785.0;11
1781;Haarlem (GA);2007;189705;43319;115272;31114;147347;20970;8059;12911;21388;12044;9344;2520;1237;1283;1113;532;581;6269;3293;2976;4363;2391;1972;7123;4591;2532;2127.0;1955.0;1506.0;1628.0;9302.0;8781.0;11
1782;Haarlem (GA);2008;190286;43662;115461;31163;147019;21252;8174;13078;22015;12208;9807;2617;1258;1359;1158;551;607;6290;3283;3007;4502;2398;2104;7448;4718;2730;2091.0;1903.0;1606.0;1594.0;9189.0;8853.0;11
1783;Haarlem (GA);2009;190834;43889;115599;31346;146677;21553;8309;13244;22604;12393;10211;2689;1258;1431;1185;564;621;6318;3286;3032;4635;2403;2232;7777;4882;2895;2067.0;1962.0;1681.0;1623.0;9075.0;8890.0;11
1784;Haarlem (GA);2010;191185;44009;115586;31590;146179;21837;8482;13355;23169;12500;10669;2765;1260;1505;1252;583;669;6336;3263;3073;4749;2398;2351;8067;4996;3071;2020.0;1939.0;1782.0;1665.0;9125.0;8932.0;11
1785;Haarlem (GA);2011;191582;44056;115884;31642;145692;22215;8735;13480;23675;12587;11088;2841;1270;1571;1285;600;685;6340;3245;3095;4875;2400;2475;8334;5072;3262;2007.0;1930.0;1839.0;1721.0;9163.0;8965.0;11
1786;Haarlem (GA);2012;191981;44118;115115;32748;145212;22540;8942;13598;24229;12700;11529;2940;1291;1649;1312;616;696;6339;3223;3116;5010;2401;2609;8628;5169;3459;1932.0;1932.0;1913.0;1729.0;9198.0;8997.0;11
1787;Haarlem (GA);2013;192374;44112;114530;33732;144620;22957;9232;13725;24797;12821;11976;3022;1305;1717;1362;649;713;6355;3209;3146;5137;2410;2727;8921;5248;3673;1931.0;1892.0;1960.0;1702.0;9127.0;9032.0;11
1788;Haarlem (GA);2014;192774;44109;114137;34528;144010;23408;9543;13865;25356;12985;12371;3114;1325;1789;1422;680;742;6374;3204;3170;5246;2404;2842;9200;5372;3828;1922.0;1935.0;2026.0;1804.0;9261.0;9083.0;11
1789;Haarlem (GA);2015;193175;44214;113784;35177;143431;23847;9856;13991;25897;13136;12761;3170;1339;1831;1446;696;750;6410;3197;3213;5365;2406;2959;9506;5498;4008;1907.0;1917.0;2028.0;1757.0;9226.0;9099.0;11
1790;Haarlem (GA);2016;193577;44302;113519;35756;142828;24248;10113;14135;26501;13328;13173;3243;1343;1900;1481;719;762;6453;3197;3256;5477;2415;3062;9847;5654;4193;1937.0;1920.0;2075.0;1817.0;9280.0;9142.0;11
1791;Haarlem (GA);2017;194006;44335;113427;36244;142307;24626;10336;14290;27073;13511;13562;3310;1361;1949;1521;733;788;6479;3187;3292;5578;2421;3157;10185;5809;4376;1930.0;1908.0;2142.0;1830.0;9311.0;9220.0;11
1792;Haarlem (GA);2018;194452;44294;113433;36725;141705;25038;10609;14429;27709;13730;13979;3377;1360;2017;1567;758;809;6490;3176;3314;5663;2419;3244;10612;6017;4595;1924.0;1962.0;2164.0;1882.0;9463.0;9286.0;11
1793;Haarlem (GA);2019;194900;44229;113462;37209;141112;25420;10852;14568;28368;13937;14431;3444;1358;2086;1594;763;831;6524;3181;3343;5752;2427;3325;11054;6208;4846;1949.0;1955.0;2201.0;1919.0;9528.0;9323.0;11
1794;Haarlem (GA);2020;195403;44212;113498;37693;140567;25784;11080;14704;29052;14145;14907;3499;1365;2134;1644;774;870;6552;3174;3378;5856;2424;3432;11501;6408;5093;1941.0;1948.0;2200.0;1915.0;9610.0;9419.0;11
1795;Haarlem (GA);2021;195900;44027;113597;38276;140022;26161;11338;14823;29717;14356;15361;3593;1385;2208;1704;801;903;6592;3168;3424;5967;2440;3527;11861;6562;5299;2003.0;2001.0;2244.0;1927.0;9673.0;9484.0;11
1796;Haarlem (GA);2022;196427;43966;113583;38878;139541;26475;11570;14905;30411;14572;15839;3678;1394;2284;1775;836;939;6637;3165;3472;6045;2453;3592;12276;6724;5552;1972.0;1996.0;2332.0;1947.0;9769.0;9598.0;11
1797;Haarlem (GA);2023;196976;43777;113680;39519;139022;26900;11854;15046;31054;14803;16251;3718;1376;2342;1842;854;988;6655;3164;3491;6133;2474;3659;12706;6935;5771;2013.0;2013.0;2368.0;2012.0;9879.0;9694.0;11
1798;Haarlem (GA);2024;197536;43566;113779;40191;138493;27349;12081;15268;31694;15042;16652;3803;1399;2404;1924;884;1040;6629;3138;3491;6203;2476;3727;13135;7145;5990;2018.0;2050.0;2389.0;1994.0;9957.0;9765.0;11
1799;Haarlem (GA);2025;198109;43493;113795;40821;137920;27732;12338;15394;32457;15264;17193;3866;1403;2463;2014;924;1090;6669;3118;3551;6298;2479;3819;13610;7340;6270;;;;;;;11
1800;Leiden (GA);2006;254371;61318;159048;34005;203892;26043;12395;13648;24436;14658;9778;3428;1864;1564;1843;1035;808;3298;1767;1531;5819;3105;2714;10048;6887;3161;2949.0;2123.0;2335.0;2401.0;10502.0;11193.0;12
1801;Leiden (GA);2007;254457;61317;158824;34316;203314;26259;12534;13725;24884;14689;10195;3586;1904;1682;1828;1012;816;3319;1763;1556;5917;3102;2815;10234;6908;3326;2936.0;2121.0;2388.0;2458.0;10571.0;11095.0;12
1802;Leiden (GA);2008;254697;61222;158646;34829;202858;26512;12622;13890;25327;14704;10623;3705;1935;1770;1812;977;835;3372;1756;1616;5999;3108;2891;10439;6928;3511;2927.0;2146.0;2442.0;2324.0;10468.0;11020.0;12
1803;Leiden (GA);2009;255078;61166;158388;35524;202292;26966;12901;14065;25820;14788;11032;3830;1977;1853;1835;987;848;3410;1749;1661;6101;3127;2974;10644;6948;3696;2839.0;2192.0;2590.0;2351.0;10461.0;10924.0;12
1804;Leiden (GA);2010;255509;61011;158114;36384;201710;27532;13298;14234;26267;14891;11376;3887;1997;1890;1854;976;878;3439;1765;1674;6198;3113;3085;10889;7040;3849;2827.0;2186.0;2714.0;2431.0;10408.0;10920.0;12
1805;Leiden (GA);2011;255942;60633;158504;36805;201116;28103;13702;14401;26723;14982;11741;3962;1998;1964;1865;985;880;3505;1792;1713;6309;3125;3184;11082;7082;4000;2864.0;2184.0;2792.0;2393.0;10299.0;10911.0;12
1806;Leiden (GA);2012;256426;60310;157367;38749;200576;28676;14078;14598;27174;15093;12081;4043;2010;2033;1893;993;900;3518;1792;1726;6406;3149;3257;11314;7149;4165;2846.0;2204.0;2846.0;2368.0;10271.0;10859.0;12
1807;Leiden (GA);2013;256974;60081;156662;40231;200021;29300;14548;14752;27653;15225;12428;4118;2015;2103;1911;1005;906;3584;1825;1759;6472;3156;3316;11568;7224;4344;2822.0;2229.0;2886.0;2421.0;10275.0;10853.0;12
1808;Leiden (GA);2014;257473;59909;156113;41451;199351;29978;15058;14920;28144;15388;12756;4193;2038;2155;1927;1001;926;3628;1829;1799;6557;3182;3375;11839;7338;4501;2810.0;2284.0;2853.0;2473.0;10409.0;10847.0;12
1809;Leiden (GA);2015;257963;59795;155589;42579;198812;30576;15496;15080;28575;15495;13080;4245;2048;2197;1953;1000;953;3638;1815;1823;6642;3202;3440;12097;7430;4667;2784.0;2283.0;2922.0;2492.0;10401.0;10841.0;12
1810;Leiden (GA);2016;258469;59619;155321;43529;198178;31182;15915;15267;29109;15683;13426;4299;2053;2246;2005;1024;981;3672;1817;1855;6726;3212;3514;12407;7577;4830;2743.0;2322.0;2873.0;2460.0;10548.0;10857.0;12
1811;Leiden (GA);2017;259008;59482;154993;44533;197546;31796;16304;15492;29666;15896;13770;4358;2070;2288;2060;1040;1020;3706;1826;1880;6803;3233;3570;12739;7727;5012;2749.0;2337.0;2913.0;2477.0;10533.0;10868.0;12
1812;Leiden (GA);2018;259545;59355;154516;45674;196953;32373;16675;15698;30219;16107;14112;4419;2088;2331;2121;1079;1042;3765;1847;1918;6897;3253;3644;13017;7840;5177;2728.0;2390.0;2882.0;2482.0;10657.0;10874.0;12
1813;Leiden (GA);2019;260089;59147;154312;46630;196370;32907;16996;15911;30812;16408;14404;4492;2103;2389;2187;1116;1071;3813;1862;1951;6949;3262;3687;13371;8065;5306;2748.0;2439.0;2908.0;2523.0;10816.0;10949.0;12
1814;Leiden (GA);2020;260670;58915;154094;47661;195788;33459;17343;16116;31423;16641;14782;4571;2121;2450;2219;1145;1074;3853;1875;1978;7037;3255;3782;13743;8245;5498;2712.0;2450.0;2861.0;2441.0;10825.0;10971.0;12
1815;Leiden (GA);2021;261227;58685;153928;48614;195184;34046;17717;16329;31997;16916;15081;4605;2121;2484;2286;1186;1100;3896;1897;1999;7083;3248;3835;14127;8464;5663;2765.0;2501.0;2879.0;2449.0;10851.0;10996.0;12
1816;Leiden (GA);2022;261800;58423;153766;49611;194606;34564;17991;16573;32630;17201;15429;4672;2129;2543;2346;1204;1142;3947;1923;2024;7127;3239;3888;14538;8706;5832;2727.0;2564.0;2880.0;2457.0;11047.0;11021.0;12
1817;Leiden (GA);2023;262428;58119;153704;50605;194069;35124;18325;16799;33235;17455;15780;4749;2137;2612;2414;1239;1175;3988;1929;2059;7162;3239;3923;14922;8911;6011;2738.0;2586.0;2878.0;2428.0;10988.0;11079.0;12
1818;Leiden (GA);2024;262963;57918;153468;51577;193390;35666;18632;17034;33907;17774;16133;4821;2165;2656;2461;1247;1214;4043;1951;2092;7227;3258;3969;15355;9153;6202;2711.0;2633.0;2929.0;2433.0;11005.0;11080.0;12
1819;Leiden (GA);2025;263488;57903;152929;52656;192803;36196;18941;17255;34489;18041;16448;4882;2178;2704;2537;1294;1243;4109;1976;2133;7273;3266;4007;15688;9327;6361;;;;;;;12
1820;'s-Gravenhage (GA);2006;620872;142558;385342;92972;374152;82995;43313;39682;163725;101259;62466;47233;28859;18374;11913;8267;3646;33864;19755;14109;26533;14379;12154;44182;29999;14183;7843.0;6468.0;10790.0;7417.0;23085.0;26785.0;13
1821;'s-Gravenhage (GA);2007;621947;143592;386114;92241;373515;83823;44105;39718;164609;99993;64616;46499;28222;18277;11764;7993;3771;34922;20122;14800;27277;14473;12804;44147;29183;14964;7745.0;6366.0;11351.0;7336.0;21944.0;26632.0;13
1822;'s-Gravenhage (GA);2008;622675;144584;386720;91371;372310;84971;45214;39757;165394;98830;66564;45660;27524;18136;11665;7797;3868;35984;20541;15443;28002;14573;13429;44083;28395;15688;7655.0;6265.0;11926.0;7566.0;21474.0;26420.0;13
1823;'s-Gravenhage (GA);2009;623507;145454;387025;91028;370804;86343;46582;39761;166360;97883;68477;44898;26876;18022;11590;7653;3937;37031;20955;16076;28703;14665;14038;44138;27734;16404;7516.0;6220.0;12606.0;7575.0;20855.0;26321.0;13
1824;'s-Gravenhage (GA);2010;624399;145934;387189;91276;369037;88120;48316;39804;167242;97067;70175;44055;26273;17782;11612;7594;4018;38118;21403;16715;29445;14810;14635;44012;26987;17025;7470.0;6116.0;13231.0;7647.0;20215.0;26182.0;13
1825;'s-Gravenhage (GA);2011;625395;146129;388588;90678;366912;90328;50376;39952;168155;96361;71794;43226;25696;17530;11783;7627;4156;39175;21868;17307;30132;14931;15201;43839;26239;17600;7335.0;5974.0;13743.0;7749.0;19794.0;26080.0;13
1826;'s-Gravenhage (GA);2012;626506;146208;387009;93289;364636;92763;52640;40123;169107;95799;73308;42429;25167;17262;11861;7641;4220;40295;22327;17968;30727;15016;15711;43795;25648;18147;7251.0;5963.0;14159.0;7888.0;19574.0;25985.0;13
1827;'s-Gravenhage (GA);2013;627691;146166;386125;95400;362290;95501;55124;40377;169900;95285;74615;41646;24648;16998;11890;7624;4266;41377;22822;18555;31304;15112;16192;43683;25079;18604;7209.0;5970.0;14459.0;7989.0;19300.0;25870.0;13
1828;'s-Gravenhage (GA);2014;628878;146190;385579;97109;359696;98361;57577;40784;170821;94874;75947;40938;24199;16739;11932;7587;4345;42490;23341;19149;31868;15213;16655;43593;24534;19059;7119.0;5865.0;14631.0;8118.0;19187.0;25775.0;13
1829;'s-Gravenhage (GA);2015;630095;145851;385656;98588;357202;101232;60003;41229;171661;94541;77120;40145;23746;16399;11951;7529;4422;43628;23859;19769;32332;15286;17046;43605;24121;19484;7072.0;5827.0;14853.0;8289.0;19139.0;25749.0;13
1830;'s-Gravenhage (GA);2016;631346;145741;385617;99988;354556;104157;62364;41793;172633;94260;78373;39394;23278;16116;11958;7457;4501;44797;24387;20410;32782;15365;17417;43702;23773;19929;7032.0;5771.0;15096.0;8403.0;19005.0;25724.0;13
1831;'s-Gravenhage (GA);2017;632634;145560;385736;101338;352130;107007;64607;42400;173497;94091;79406;38628;22831;15797;12042;7481;4561;45971;24934;21037;33253;15495;17758;43603;23350;20253;7020.0;5756.0;15188.0;8526.0;19032.0;25697.0;13
1832;'s-Gravenhage (GA);2018;633953;145189;385935;102829;349600;109973;66906;43067;174380;93883;80497;37900;22400;15500;12074;7458;4616;47131;25455;21676;33647;15561;18086;43628;23009;20619;6944.0;5770.0;15344.0;8521.0;19024.0;25728.0;13
1833;'s-Gravenhage (GA);2019;635295;144338;386723;104234;347042;113050;69232;43818;175203;93733;81470;37196;21990;15206;12126;7432;4694;48301;25987;22314;33995;15627;18368;43585;22697;20888;6932.0;5788.0;15429.0;8601.0;19077.0;25776.0;13
1834;'s-Gravenhage (GA);2020;636622;143243;387755;105624;344427;116229;71614;44615;175966;93571;82395;36469;21601;14868;12195;7411;4784;49413;26474;22939;34374;15717;18657;43515;22368;21147;6916.0;5802.0;15591.0;8751.0;19168.0;25851.0;13
1835;'s-Gravenhage (GA);2021;637942;141898;388889;107155;341750;119365;73838;45527;176827;93573;83254;35769;21222;14547;12218;7382;4836;50556;26996;23560;34687;15804;18883;43597;22169;21428;6889.0;5782.0;15627.0;8799.0;19290.0;25935.0;13
1836;'s-Gravenhage (GA);2022;639282;140301;390091;108890;339075;122717;76165;46552;177490;93431;84059;35059;20817;14242;12190;7319;4871;51731;27497;24234;34959;15863;19096;43551;21935;21616;6854.0;5897.0;15586.0;8846.0;19462.0;25891.0;13
1837;'s-Gravenhage (GA);2023;640600;138647;391412;110541;336180;126118;78461;47657;178302;93305;84997;34457;20414;14043;12180;7263;4917;52805;27923;24882;35193;15925;19268;43667;21780;21887;6833.0;5946.0;15363.0;8880.0;19743.0;25871.0;13
1838;'s-Gravenhage (GA);2024;641887;136606;393207;112074;333604;129470;80718;48752;178813;92984;85829;33806;20009;13797;12059;7116;4943;53848;28300;25548;35446;15998;19448;43654;21561;22093;6897.0;5994.0;15096.0;8843.0;19874.0;25821.0;13
1839;'s-Gravenhage (GA);2025;643141;136045;393224;113872;331005;132834;82946;49888;179302;92633;86669;33175;19601;13574;12008;6984;5024;54731;28593;26138;35645;16032;19613;43743;21423;22320;;;;;;;13
1840;Rotterdam (GA);2006;997427;235292;618777;143358;641749;91823;44049;47774;263855;153504;110351;63438;37137;26301;26060;17434;8626;61286;31997;29289;42831;21907;20924;70240;45029;25211;12045.0;9765.0;9053.0;10641.0;40457.0;40081.0;14
1841;Rotterdam (GA);2007;998557;235472;620076;143009;642145;91668;43789;47879;264744;151009;113735;63143;36624;26519;25709;16696;9013;62202;32011;30191;43861;21961;21900;69829;43717;26112;11842.0;9643.0;9192.0;10430.0;39906.0;39727.0;14
1842;Rotterdam (GA);2008;999765;235457;621430;142878;642475;91624;43709;47915;265666;148914;116752;62888;36197;26691;25554;16212;9342;63040;31981;31059;44828;22035;22793;69356;42489;26867;11717.0;9669.0;9349.0;10272.0;39570.0;39451.0;14
1843;Rotterdam (GA);2009;1001068;235226;622513;143329;642694;91828;43751;48077;266546;147094;119452;62508;35781;26727;25487;15857;9630;63746;31966;31780;45798;22083;23715;69007;41407;27600;11638.0;9503.0;9408.0;10060.0;39179.0;39258.0;14
1844;Rotterdam (GA);2010;1002531;235020;623226;144285;642888;92210;43960;48250;267433;145497;121936;62124;35355;26769;25494;15574;9920;64478;31968;32510;46691;22118;24573;68646;40482;28164;11519.0;9569.0;9539.0;9828.0;38944.0;39019.0;14
1845;Rotterdam (GA);2011;1004175;233995;626093;144087;643078;92627;44323;48304;268470;144275;124195;61752;35046;26706;25535;15412;10123;65260;32032;33228;47539;22181;25358;68384;39604;28780;11374.0;9513.0;9526.0;9739.0;38989.0;38825.0;14
1846;Rotterdam (GA);2012;1006037;233065;623543;149429;643544;93175;44734;48441;269318;143034;126284;61299;34631;26668;25525;15206;10319;65989;32108;33881;48342;22222;26120;68163;38867;29296;11376.0;9497.0;9412.0;9520.0;38848.0;38637.0;14
1847;Rotterdam (GA);2013;1008068;232323;621974;153771;644146;93697;45155;48542;270225;141927;128298;60844;34267;26577;25608;15006;10602;66587;32147;34440;49140;22281;26859;68046;38226;29820;11291.0;9482.0;9312.0;9420.0;38738.0;38470.0;14
1848;Rotterdam (GA);2014;1010098;231696;621025;157377;644718;94417;45609;48808;270963;140815;130148;60427;33945;26482;25709;14852;10857;67135;32149;34986;49838;22339;27499;67854;37530;30324;11139.0;9521.0;9254.0;9332.0;38743.0;38241.0;14
1849;Rotterdam (GA);2015;1012196;230982;621064;160150;645286;95043;46000;49043;271867;139983;131884;60001;33599;26402;25793;14714;11079;67717;32168;35549;50521;22406;28115;67835;37096;30739;11053.0;9568.0;9006.0;9093.0;38865.0;38131.0;14
1850;Rotterdam (GA);2016;1014391;230492;621122;162777;646331;95627;46363;49264;272433;138952;133481;59574;33317;26257;25801;14498;11303;68252;32209;36043;51166;22459;28707;67640;36469;31171;11036.0;9554.0;8850.0;8985.0;38835.0;38019.0;14
1851;Rotterdam (GA);2017;1016615;230233;621097;165285;647268;96216;46691;49525;273131;138106;135025;59129;32997;26132;25816;14275;11541;68762;32230;36532;51775;22544;29231;67649;36060;31589;10947.0;9605.0;8666.0;8856.0;38915.0;37907.0;14
1852;Rotterdam (GA);2018;1018831;229439;621414;167978;648292;96709;46870;49839;273830;137315;136515;58717;32652;26065;25839;14095;11744;69199;32218;36981;52353;22643;29710;67722;35707;32015;10870.0;9640.0;8542.0;8688.0;39004.0;37845.0;14
1853;Rotterdam (GA);2019;1021131;228585;621753;170793;649408;97199;47098;50101;274524;136602;137922;58257;32324;25933;25877;13954;11923;69688;32250;37438;52872;22704;30168;67830;35370;32460;10836.0;9747.0;8340.0;8542.0;39222.0;37836.0;14
1854;Rotterdam (GA);2020;1023460;227189;622467;173804;650707;97663;47300;50363;275090;135904;139186;57810;32025;25785;25931;13799;12132;70126;32237;37889;53332;22758;30574;67891;35085;32806;10755.0;9799.0;8147.0;8462.0;39432.0;37787.0;14
1855;Rotterdam (GA);2021;1025801;225669;623289;176843;652223;98024;47427;50597;275554;135206;140348;57343;31705;25638;25920;13615;12305;70618;32235;38383;53713;22806;30907;67960;34845;33115;10781.0;9932.0;7980.0;8410.0;39715.0;37807.0;14
1856;Rotterdam (GA);2022;1028192;224240;624019;179933;653729;98475;47644;50831;275988;134379;141609;56881;31401;25480;25845;13346;12499;71108;32210;38898;54137;22840;31297;68017;34582;33435;10673.0;10003.0;7877.0;8268.0;39763.0;37733.0;14
1857;Rotterdam (GA);2023;1030565;222626;624720;183219;655158;98994;47852;51142;276413;133636;142777;56497;31165;25332;25790;13119;12671;71563;32163;39400;54476;22861;31615;68087;34328;33759;10547.0;10120.0;7652.0;8101.0;40010.0;37759.0;14
1858;Rotterdam (GA);2024;1032858;220805;625545;186508;656830;99304;47968;51336;276724;132935;143789;56036;30821;25215;25754;12965;12789;71924;32095;39829;54829;22930;31899;68181;34124;34057;10544.0;10219.0;7538.0;7983.0;40005.0;37696.0;14
1859;Rotterdam (GA);2025;1035107;219572;625516;190019;658365;99798;48197;51601;276944;132172;144772;55538;30470;25068;25705;12747;12958;72193;32019;40174;55124;22937;32187;68384;33999;34385;;;;;;;14
1860;Dordrecht (GA);2006;248427;61613;149960;36854;199356;19526;7632;11894;29545;16631;12914;4181;2255;1926;4115;2592;1523;8353;4143;4210;3855;1897;1958;9041;5744;3297;2904.0;2285.0;876.0;1362.0;9277.0;8783.0;15
1861;Dordrecht (GA);2007;249082;61430;150457;37195;199139;19575;7574;12001;30368;16599;13769;4310;2276;2034;4130;2510;1620;8511;4135;4376;4056;1941;2115;9361;5737;3624;2882.0;2249.0;919.0;1389.0;10287.0;8715.0;15
1862;Dordrecht (GA);2008;250831;61626;151460;37745;199553;19808;7629;12179;31470;16743;14727;4535;2353;2182;4200;2465;1735;8705;4152;4553;4263;1999;2264;9767;5774;3993;2815.0;2276.0;939.0;1371.0;10435.0;8774.0;15
1863;Dordrecht (GA);2009;252631;61784;152389;38458;200036;20076;7701;12375;32519;16855;15664;4737;2407;2330;4314;2458;1856;8869;4149;4720;4492;2060;2432;10107;5781;4326;2803.0;2297.0;965.0;1321.0;10451.0;8845.0;15
1864;Dordrecht (GA);2010;254415;61819;153214;39382;200443;20333;7747;12586;33639;17090;16549;4942;2488;2454;4444;2464;1980;9034;4163;4871;4710;2116;2594;10509;5859;4650;2796.0;2352.0;950.0;1370.0;10654.0;8915.0;15
1865;Dordrecht (GA);2011;256200;61744;154577;39879;200916;20487;7765;12722;34797;17313;17484;5134;2536;2598;4563;2466;2097;9205;4172;5033;4906;2173;2733;10989;5966;5023;2859.0;2343.0;1030.0;1306.0;10561.0;8976.0;15
1866;Dordrecht (GA);2012;258050;61766;154218;42066;201397;20709;7842;12867;35944;17543;18401;5348;2605;2743;4700;2470;2230;9333;4177;5156;5133;2234;2899;11430;6057;5373;2863.0;2390.0;1011.0;1345.0;10675.0;9008.0;15
1867;Dordrecht (GA);2013;259870;61719;154345;43806;201926;20963;7947;13016;36981;17685;19296;5464;2630;2834;4844;2471;2373;9503;4196;5307;5341;2284;3057;11829;6104;5725;2884.0;2377.0;1002.0;1317.0;10742.0;9099.0;15
1868;Dordrecht (GA);2014;261728;61746;154745;45237;202407;21205;8037;13168;38116;17915;20201;5652;2709;2943;4977;2473;2504;9683;4239;5444;5545;2325;3220;12259;6169;6090;2909.0;2482.0;1017.0;1290.0;10815.0;9196.0;15
1869;Dordrecht (GA);2015;263522;61738;155376;46408;202871;21470;8128;13342;39181;18103;21078;5821;2753;3068;5134;2506;2628;9824;4237;5587;5741;2391;3350;12661;6216;6445;2970.0;2548.0;969.0;1294.0;10846.0;9204.0;15
1870;Dordrecht (GA);2016;265289;61878;155872;47539;203284;21675;8168;13507;40330;18351;21979;5968;2802;3166;5287;2523;2764;9988;4258;5730;5943;2445;3498;13144;6323;6821;2990.0;2528.0;975.0;1290.0;10850.0;9261.0;15
1871;Dordrecht (GA);2017;267045;61961;156584;48500;203711;21931;8229;13702;41403;18549;22854;6120;2850;3270;5456;2547;2909;10135;4271;5864;6137;2497;3640;13555;6384;7171;3030.0;2609.0;947.0;1258.0;10890.0;9317.0;15
1872;Dordrecht (GA);2018;268751;62151;157221;49379;204100;22121;8299;13822;42530;18753;23777;6302;2909;3393;5594;2533;3061;10320;4296;6024;6329;2533;3796;13985;6482;7503;3017.0;2607.0;878.0;1287.0;11079.0;9411.0;15
1873;Dordrecht (GA);2019;270441;62200;157947;50294;204505;22276;8263;14013;43660;18960;24700;6488;2962;3526;5730;2548;3182;10487;4335;6152;6498;2556;3942;14457;6559;7898;3031.0;2657.0;888.0;1262.0;11098.0;9407.0;15
1874;Dordrecht (GA);2020;272155;62258;158553;51344;204910;22500;8333;14167;44745;19147;25598;6663;2998;3665;5888;2555;3333;10660;4358;6302;6684;2624;4060;14850;6612;8238;3054.0;2677.0;910.0;1221.0;11055.0;9489.0;15
1875;Dordrecht (GA);2021;273806;62212;159349;52245;205303;22715;8377;14338;45788;19288;26500;6831;3022;3809;6030;2572;3458;10789;4368;6421;6863;2648;4215;15275;6678;8597;3085.0;2753.0;922.0;1219.0;11120.0;9544.0;15
1876;Dordrecht (GA);2022;275446;62217;160115;53114;205734;22921;8431;14490;46791;19444;27347;7014;3078;3936;6193;2594;3599;10928;4382;6546;7014;2693;4321;15642;6697;8945;3165.0;2749.0;869.0;1164.0;11075.0;9608.0;15
1877;Dordrecht (GA);2023;277050;62351;160552;54147;206089;23151;8524;14627;47810;19634;28176;7173;3110;4063;6321;2605;3716;11059;4409;6650;7198;2728;4470;16059;6782;9277;3171.0;2816.0;825.0;1213.0;11135.0;9586.0;15
1878;Dordrecht (GA);2024;278601;62444;160932;55225;206454;23372;8570;14802;48775;19779;28996;7307;3127;4180;6419;2592;3827;11161;4407;6754;7362;2766;4596;16526;6887;9639;3167.0;2869.0;888.0;1154.0;11019.0;9629.0;15
1879;Dordrecht (GA);2025;280048;62599;161145;56304;206782;23554;8596;14958;49712;19923;29789;7433;3133;4300;6546;2604;3942;11323;4418;6905;7484;2800;4684;16926;6968;9958;;;;;;;15
1880;Breda (GA);2006;169031;39429;104218;25384;135268;16287;6162;10125;17476;9915;7561;2122;1117;1005;1997;1185;812;2820;1447;1373;4911;2428;2483;5626;3738;1888;1953.0;1576.0;1242.0;1495.0;5670.0;5522.0;16
1881;Breda (GA);2007;169316;39531;104110;25675;135352;16194;6133;10061;17770;9942;7828;2171;1142;1029;1982;1163;819;2890;1476;1414;5011;2436;2575;5716;3725;1991;1927.0;1594.0;1292.0;1461.0;5814.0;5460.0;16
1882;Breda (GA);2008;169850;39704;104196;25950;135573;16213;6189;10024;18064;9957;8107;2213;1163;1050;1974;1163;811;2976;1500;1476;5091;2414;2677;5810;3717;2093;1936.0;1577.0;1329.0;1433.0;5587.0;5420.0;16
1883;Breda (GA);2009;170289;39923;104035;26331;135713;16196;6218;9978;18380;10015;8365;2282;1198;1084;1961;1148;813;3056;1542;1514;5192;2432;2760;5889;3695;2194;1917.0;1598.0;1357.0;1438.0;5741.0;5394.0;16
1884;Breda (GA);2010;170890;39999;104124;26767;135938;16215;6304;9911;18737;10093;8644;2315;1215;1100;1963;1151;812;3115;1568;1547;5292;2433;2859;6052;3726;2326;1874.0;1634.0;1406.0;1472.0;5774.0;5374.0;16
1885;Breda (GA);2011;171478;39956;104354;27168;136133;16225;6401;9824;19120;10217;8903;2363;1238;1125;1970;1153;817;3181;1593;1588;5371;2438;2933;6235;3795;2440;1878.0;1643.0;1456.0;1482.0;5741.0;5373.0;16
1886;Breda (GA);2012;172067;39912;104180;27975;136263;16305;6513;9792;19499;10306;9193;2413;1257;1156;1988;1163;825;3263;1618;1645;5443;2444;2999;6392;3824;2568;1838.0;1649.0;1484.0;1483.0;5773.0;5380.0;16
1887;Breda (GA);2013;172659;39897;103990;28772;136391;16448;6635;9813;19820;10362;9458;2466;1293;1173;1958;1115;843;3330;1635;1695;5527;2442;3085;6539;3877;2662;1841.0;1694.0;1468.0;1467.0;5776.0;5380.0;16
1888;Breda (GA);2014;173220;39814;103985;29421;136504;16539;6765;9774;20177;10461;9716;2523;1319;1204;1967;1129;838;3415;1664;1751;5589;2438;3151;6683;3911;2772;1812.0;1678.0;1523.0;1484.0;5774.0;5399.0;16
1889;Breda (GA);2015;173776;39684;104065;30027;136619;16644;6892;9752;20513;10547;9966;2569;1339;1230;1955;1116;839;3477;1674;1803;5638;2440;3198;6874;3978;2896;1806.0;1702.0;1533.0;1474.0;5769.0;5408.0;16
1890;Breda (GA);2016;174308;39579;104109;30620;136642;16813;7020;9793;20853;10653;10200;2593;1354;1239;1953;1109;844;3558;1686;1872;5685;2433;3252;7064;4071;2993;1793.0;1724.0;1499.0;1472.0;5804.0;5420.0;16
1891;Breda (GA);2017;174801;39519;104139;31143;136654;16963;7151;9812;21184;10742;10442;2639;1383;1256;1939;1097;842;3624;1697;1927;5746;2439;3307;7236;4126;3110;1779.0;1726.0;1526.0;1485.0;5792.0;5427.0;16
1892;Breda (GA);2018;175271;39395;104124;31752;136567;17103;7247;9856;21601;10868;10733;2694;1403;1291;1965;1107;858;3730;1724;2006;5799;2448;3351;7413;4186;3227;1778.0;1752.0;1474.0;1488.0;5898.0;5460.0;16
1893;Breda (GA);2019;175736;39249;104184;32303;136616;17190;7338;9852;21930;10961;10969;2739;1433;1306;1946;1079;867;3782;1737;2045;5856;2468;3388;7607;4244;3363;1769.0;1782.0;1512.0;1479.0;5882.0;5474.0;16
1894;Breda (GA);2020;176178;38992;104355;32831;136592;17298;7433;9865;22288;11058;11230;2757;1444;1313;1970;1091;879;3841;1751;2090;5930;2493;3437;7790;4279;3511;1736.0;1805.0;1499.0;1473.0;5910.0;5493.0;16
1895;Breda (GA);2021;176565;38692;104441;33432;136545;17400;7540;9860;22620;11148;11472;2791;1460;1331;1974;1084;890;3929;1775;2154;5944;2499;3445;7982;4330;3652;1741.0;1829.0;1479.0;1449.0;5904.0;5493.0;16
1896;Breda (GA);2022;176932;38369;104530;34033;136419;17531;7627;9904;22982;11285;11697;2860;1498;1362;1954;1052;902;3985;1810;2175;5973;2498;3475;8210;4427;3783;1735.0;1843.0;1506.0;1441.0;5896.0;5501.0;16
1897;Breda (GA);2023;177297;38051;104634;34612;136271;17718;7750;9968;23308;11400;11908;2924;1542;1382;1950;1045;905;4073;1843;2230;5993;2511;3482;8368;4459;3909;1715.0;1851.0;1514.0;1430.0;5846.0;5494.0;16
1898;Breda (GA);2024;177615;37748;104631;35236;136187;17778;7798;9980;23650;11547;12103;2948;1565;1383;1936;1047;889;4176;1886;2290;6018;2513;3505;8572;4536;4036;1724.0;1898.0;1500.0;1432.0;5847.0;5485.0;16
1899;Breda (GA);2025;177891;37593;104447;35851;136071;17820;7819;10001;24000;11661;12339;2989;1596;1393;1930;1039;891;4288;1925;2363;6052;2525;3527;8741;4576;4165;;;;;;;16
1900;Tilburg (GA);2006;221686;51634;141097;28955;177216;17235;6342;10893;27235;15680;11555;3313;1925;1388;4020;2630;1390;7269;3810;3459;4985;2493;2492;7648;4822;2826;2718.0;1952.0;1285.0;2061.0;8580.0;7467.0;17
1901;Tilburg (GA);2007;222801;51941;141453;29407;178089;17244;6288;10956;27468;15395;12073;3358;1910;1448;3873;2455;1418;7399;3826;3573;5084;2490;2594;7754;4714;3040;2735.0;1994.0;1306.0;2019.0;9060.0;7406.0;17
1902;Tilburg (GA);2008;224492;52431;142039;30022;179386;17254;6210;11044;27852;15223;12629;3424;1902;1522;3751;2300;1451;7491;3832;3659;5226;2510;2716;7960;4679;3281;2726.0;2006.0;1354.0;2003.0;8744.0;7394.0;17
1903;Tilburg (GA);2009;225924;52849;142356;30719;180332;17295;6146;11149;28297;15101;13196;3478;1916;1562;3667;2197;1470;7636;3857;3779;5345;2506;2839;8171;4625;3546;2736.0;2028.0;1340.0;1946.0;9036.0;7410.0;17
1904;Tilburg (GA);2010;227667;53242;142930;31495;181649;17367;6148;11219;28651;14971;13680;3528;1920;1608;3628;2125;1503;7727;3857;3870;5434;2490;2944;8334;4579;3755;2781.0;2086.0;1381.0;1960.0;9052.0;7403.0;17
1905;Tilburg (GA);2011;229443;53494;143617;32332;182967;17449;6136;11313;29027;14882;14145;3569;1926;1643;3580;2044;1536;7829;3887;3942;5524;2477;3047;8525;4548;3977;2718.0;2092.0;1333.0;1891.0;9045.0;7398.0;17
1906;Tilburg (GA);2012;231163;53681;143908;33574;184266;17459;6159;11300;29438;14764;14674;3633;1919;1714;3519;1956;1563;7947;3908;4039;5631;2479;3152;8708;4502;4206;2740.0;2161.0;1328.0;1867.0;9066.0;7428.0;17
1907;Tilburg (GA);2013;232852;53985;144065;34802;185413;17562;6203;11359;29877;14715;15162;3690;1924;1766;3481;1898;1583;8040;3918;4122;5711;2475;3236;8955;4500;4455;2779.0;2158.0;1334.0;1845.0;8988.0;7436.0;17
1908;Tilburg (GA);2014;234521;54345;144250;35926;186494;17709;6260;11449;30318;14671;15647;3788;1947;1841;3443;1847;1596;8137;3918;4219;5793;2481;3312;9157;4478;4679;2778.0;2220.0;1281.0;1802.0;8990.0;7450.0;17
1909;Tilburg (GA);2015;236117;54553;144581;36983;187668;17782;6265;11517;30667;14600;16067;3808;1951;1857;3405;1786;1619;8219;3910;4309;5867;2478;3389;9368;4475;4893;2800.0;2235.0;1269.0;1804.0;8943.0;7455.0;17
1910;Tilburg (GA);2016;237655;54857;144903;37895;188807;17856;6226;11630;30992;14545;16447;3874;1954;1920;3327;1723;1604;8288;3918;4370;5950;2470;3480;9553;4480;5073;2797.0;2299.0;1204.0;1758.0;8971.0;7479.0;17
1911;Tilburg (GA);2017;239105;55198;145142;38765;189806;17925;6218;11707;31374;14496;16878;3934;1968;1966;3265;1679;1586;8363;3909;4454;6026;2476;3550;9786;4464;5322;2821.0;2340.0;1224.0;1751.0;8937.0;7501.0;17
1912;Tilburg (GA);2018;240509;55371;145513;39625;190727;18026;6219;11807;31756;14530;17226;3992;1987;2005;3226;1654;1572;8416;3903;4513;6116;2499;3617;10006;4487;5519;2811.0;2374.0;1202.0;1737.0;8971.0;7539.0;17
1913;Tilburg (GA);2019;241858;55459;145987;40412;191749;18065;6205;11860;32044;14506;17538;4013;1993;2020;3203;1631;1572;8460;3901;4559;6184;2497;3687;10184;4484;5700;2830.0;2403.0;1180.0;1695.0;8897.0;7561.0;17
1914;Tilburg (GA);2020;243123;55638;146247;41238;192695;18080;6238;11842;32348;14435;17913;4041;1978;2063;3205;1596;1609;8501;3897;4604;6211;2488;3723;10390;4476;5914;2841.0;2450.0;1191.0;1695.0;8862.0;7583.0;17
1915;Tilburg (GA);2021;244303;55597;146716;41990;193485;18133;6247;11886;32685;14433;18252;4091;2004;2087;3203;1565;1638;8531;3888;4643;6252;2487;3765;10608;4489;6119;2809.0;2500.0;1139.0;1684.0;8917.0;7592.0;17
1916;Tilburg (GA);2022;245408;55619;146953;42836;194211;18167;6228;11939;33030;14437;18593;4133;2022;2111;3171;1540;1631;8567;3883;4684;6308;2472;3836;10851;4520;6331;2849.0;2496.0;1121.0;1634.0;8817.0;7593.0;17
1917;Tilburg (GA);2023;246484;55740;147018;43726;194928;18191;6219;11972;33365;14446;18919;4172;2029;2143;3172;1534;1638;8600;3884;4716;6344;2453;3891;11077;4546;6531;2794.0;2611.0;1147.0;1606.0;8822.0;7603.0;17
1918;Tilburg (GA);2024;247444;55745;147138;44561;195593;18190;6213;11977;33661;14445;19216;4223;2033;2190;3149;1499;1650;8631;3888;4743;6395;2448;3947;11263;4577;6686;2844.0;2624.0;1068.0;1601.0;8774.0;7612.0;17
1919;Tilburg (GA);2025;248307;55795;147063;45449;196222;18198;6187;12011;33887;14368;19519;4280;2047;2233;3086;1457;1629;8674;3878;4796;6418;2443;3975;11429;4543;6886;;;;;;;17
1920;'s-Hertogenbosch (GA);2006;158367;37461;99172;21734;130717;13464;4977;8487;14186;8106;6080;1987;1000;987;1073;632;441;2739;1435;1304;4106;2095;2011;4281;2944;1337;1803.0;1355.0;717.0;954.0;6066.0;6263.0;18
1921;'s-Hertogenbosch (GA);2007;158387;37407;99016;21964;130659;13331;4924;8407;14397;8121;6276;2018;1009;1009;1084;634;450;2768;1438;1330;4161;2108;2053;4366;2932;1434;1758.0;1393.0;740.0;932.0;6310.0;6222.0;18
1922;'s-Hertogenbosch (GA);2008;158656;37384;99107;22165;130811;13226;4904;8322;14619;8145;6474;2073;1035;1038;1070;626;444;2824;1454;1370;4222;2109;2113;4430;2921;1509;1722.0;1419.0;754.0;888.0;6174.0;6180.0;18
1923;'s-Hertogenbosch (GA);2009;158828;37266;99095;22467;130759;13210;4926;8284;14859;8183;6676;2097;1043;1054;1094;633;461;2859;1477;1382;4265;2099;2166;4544;2931;1613;1645.0;1425.0;771.0;925.0;6390.0;6159.0;18
1924;'s-Hertogenbosch (GA);2010;159137;37132;99125;22880;130824;13233;4959;8274;15080;8218;6862;2132;1050;1082;1052;623;429;2903;1473;1430;4338;2101;2237;4655;2971;1684;1641.0;1427.0;821.0;886.0;6332.0;6181.0;18
1925;'s-Hertogenbosch (GA);2011;159451;36949;99173;23329;130891;13282;5019;8263;15278;8211;7067;2183;1062;1121;1044;609;435;2928;1482;1446;4386;2077;2309;4737;2981;1756;1585.0;1462.0;811.0;887.0;6362.0;6173.0;18
1926;'s-Hertogenbosch (GA);2012;159698;36681;98861;24156;130924;13291;5052;8239;15483;8246;7237;2190;1059;1131;1039;607;432;2957;1494;1463;4439;2082;2357;4858;3004;1854;1578.0;1454.0;849.0;879.0;6336.0;6173.0;18
1927;'s-Hertogenbosch (GA);2013;159969;36409;98493;25067;130913;13295;5107;8188;15761;8370;7391;2223;1081;1142;1073;624;449;2976;1497;1479;4515;2105;2410;4974;3063;1911;1575.0;1518.0;861.0;858.0;6368.0;6181.0;18
1928;'s-Hertogenbosch (GA);2014;160234;36206;98223;25805;130875;13359;5183;8176;16000;8427;7573;2241;1093;1148;1102;632;470;3016;1506;1510;4552;2097;2455;5089;3099;1990;1568.0;1517.0;859.0;896.0;6372.0;6182.0;18
1929;'s-Hertogenbosch (GA);2015;160448;35958;98102;26388;130796;13443;5242;8201;16209;8456;7753;2260;1108;1152;1083;616;467;3048;1504;1544;4604;2099;2505;5214;3129;2085;1547.0;1553.0;855.0;917.0;6420.0;6181.0;18
1930;'s-Hertogenbosch (GA);2016;160636;35740;97774;27122;130745;13486;5289;8197;16405;8499;7906;2286;1112;1174;1089;617;472;3085;1511;1574;4628;2100;2528;5317;3159;2158;1547.0;1563.0;850.0;861.0;6380.0;6188.0;18
1931;'s-Hertogenbosch (GA);2017;160819;35472;97586;27761;130739;13484;5312;8172;16596;8557;8039;2326;1138;1188;1067;596;471;3110;1506;1604;4642;2108;2534;5451;3209;2242;1577.0;1593.0;844.0;888.0;6382.0;6194.0;18
1932;'s-Hertogenbosch (GA);2018;160963;35219;97321;28423;130634;13522;5349;8173;16807;8610;8197;2317;1152;1165;1078;612;466;3137;1508;1629;4671;2090;2581;5604;3248;2356;1579.0;1593.0;832.0;825.0;6326.0;6206.0;18
1933;'s-Hertogenbosch (GA);2019;161095;34996;97152;28947;130436;13611;5415;8196;17048;8663;8385;2338;1168;1170;1082;617;465;3171;1507;1664;4692;2090;2602;5765;3281;2484;1592.0;1623.0;875.0;832.0;6297.0;6205.0;18
1934;'s-Hertogenbosch (GA);2020;161217;34694;96976;29547;130319;13659;5474;8185;17239;8750;8489;2346;1180;1166;1118;652;466;3169;1487;1682;4692;2093;2599;5914;3338;2576;1587.0;1638.0;860.0;914.0;6398.0;6217.0;18
1935;'s-Hertogenbosch (GA);2021;161309;34359;96812;30138;130152;13730;5509;8221;17427;8789;8638;2363;1182;1181;1159;679;480;3191;1485;1706;4697;2073;2624;6017;3370;2647;1611.0;1669.0;854.0;820.0;6311.0;6209.0;18
1936;'s-Hertogenbosch (GA);2022;161408;34106;96517;30785;129983;13738;5508;8230;17687;8891;8796;2386;1202;1184;1178;689;489;3233;1497;1736;4714;2074;2640;6176;3429;2747;1598.0;1712.0;823.0;862.0;6393.0;6212.0;18
1937;'s-Hertogenbosch (GA);2023;161455;33748;96285;31422;129826;13792;5542;8250;17837;8914;8923;2406;1219;1187;1195;710;485;3276;1498;1778;4710;2053;2657;6250;3434;2816;1626.0;1735.0;834.0;830.0;6366.0;6217.0;18
1938;'s-Hertogenbosch (GA);2024;161519;33568;95911;32040;129675;13815;5575;8240;18029;8954;9075;2423;1219;1204;1243;751;492;3283;1482;1801;4713;2033;2680;6367;3469;2898;1630.0;1764.0;827.0;786.0;6326.0;6216.0;18
1939;'s-Hertogenbosch (GA);2025;161546;33375;95368;32803;129402;13870;5604;8266;18274;9040;9234;2457;1235;1222;1256;755;501;3320;1477;1843;4715;2018;2697;6526;3555;2971;;;;;;;18
1940;Eindhoven (GA);2006;321835;72143;199560;50132;252253;33991;13827;20164;35591;21126;14465;4262;2345;1917;2719;1672;1047;9761;5192;4569;5573;2756;2817;13276;9161;4115;3543.0;2859.0;2846.0;3197.0;12742.0;12869.0;19
1941;Eindhoven (GA);2007;322066;72378;198930;50758;252199;34041;13880;20161;35826;20818;15008;4272;2323;1949;2647;1594;1053;9855;5203;4652;5683;2746;2937;13369;8952;4417;3517.0;2900.0;2729.0;3103.0;12207.0;12741.0;19
1942;Eindhoven (GA);2008;321788;72376;198009;51403;251851;33977;13854;20123;35960;20498;15462;4274;2333;1941;2581;1533;1048;9890;5175;4715;5775;2740;3035;13440;8717;4723;3476.0;2959.0;2627.0;3036.0;12260.0;12624.0;19
1943;Eindhoven (GA);2009;321541;72389;196962;52190;251510;33947;13828;20119;36084;20198;15886;4272;2322;1950;2548;1493;1055;9921;5144;4777;5861;2740;3121;13482;8499;4983;3373.0;3001.0;2708.0;2918.0;12030.0;12553.0;19
1944;Eindhoven (GA);2010;321189;72185;195908;53096;250866;34001;13968;20033;36322;20007;16315;4283;2312;1971;2505;1463;1042;9954;5105;4849;5965;2765;3200;13615;8362;5253;3381.0;3025.0;2804.0;2950.0;11921.0;12481.0;19
1945;Eindhoven (GA);2011;320857;71800;195088;53969;250328;34063;14106;19957;36466;19771;16695;4309;2319;1990;2432;1413;1019;9978;5065;4913;6052;2774;3278;13695;8200;5495;3344.0;3078.0;2854.0;2911.0;11858.0;12435.0;19
1946;Eindhoven (GA);2012;320509;71397;193830;55282;249813;34168;14312;19856;36528;19530;16998;4309;2302;2007;2380;1360;1020;10020;5056;4964;6095;2760;3335;13724;8052;5672;3302.0;3138.0;2847.0;2868.0;11823.0;12376.0;19
1947;Eindhoven (GA);2013;320118;70920;192672;56526;249117;34331;14546;19785;36670;19325;17345;4306;2295;2011;2367;1344;1023;10016;4983;5033;6181;2756;3425;13800;7947;5853;3270.0;3139.0;2914.0;2862.0;11750.0;12315.0;19
1948;Eindhoven (GA);2014;319761;70581;191491;57689;248347;34542;14832;19710;36872;19229;17643;4291;2292;1999;2343;1347;996;10040;4954;5086;6249;2759;3490;13949;7877;6072;3246.0;3229.0;2836.0;2854.0;11782.0;12223.0;19
1949;Eindhoven (GA);2015;319339;70247;190496;58596;247553;34636;14998;19638;37150;19159;17991;4350;2334;2016;2331;1331;1000;10059;4942;5117;6321;2759;3562;14089;7793;6296;3192.0;3189.0;2826.0;2851.0;11755.0;12184.0;19
1950;Eindhoven (GA);2016;318908;69973;189456;59479;246677;34865;15241;19624;37366;19096;18270;4388;2358;2030;2318;1315;1003;10057;4926;5131;6347;2746;3601;14256;7751;6505;3231.0;3234.0;2806.0;2801.0;11719.0;12159.0;19
1951;Eindhoven (GA);2017;318492;69702;188586;60204;245858;34999;15426;19573;37635;19072;18563;4442;2380;2062;2292;1305;987;10063;4914;5149;6365;2728;3637;14473;7745;6728;3191.0;3295.0;2766.0;2827.0;11812.0;12154.0;19
1952;Eindhoven (GA);2018;318004;69326;187762;60916;245048;35090;15476;19614;37866;19080;18786;4464;2396;2068;2263;1281;982;10097;4915;5182;6383;2724;3659;14659;7764;6895;3174.0;3300.0;2674.0;2744.0;11798.0;12121.0;19
1953;Eindhoven (GA);2019;317516;68904;187058;61554;244271;35202;15607;19595;38043;19033;19010;4509;2442;2067;2283;1295;988;10094;4888;5206;6433;2729;3704;14724;7679;7045;3157.0;3380.0;2611.0;2762.0;11930.0;12146.0;19
1954;Eindhoven (GA);2020;316956;68426;186345;62185;243491;35181;15611;19570;38284;19054;19230;4550;2475;2075;2265;1285;980;10084;4872;5212;6466;2717;3749;14919;7705;7214;3221.0;3431.0;2539.0;2689.0;11877.0;12087.0;19
1955;Eindhoven (GA);2021;316408;67820;185664;62924;242761;35176;15617;19559;38471;19011;19460;4579;2487;2092;2248;1279;969;10083;4843;5240;6475;2683;3792;15086;7719;7367;3237.0;3444.0;2486.0;2608.0;11850.0;12090.0;19
1956;Eindhoven (GA);2022;315871;67351;184831;63689;242090;35147;15635;19512;38634;18962;19672;4616;2521;2095;2256;1284;972;10098;4815;5283;6474;2672;3802;15190;7670;7520;3216.0;3500.0;2458.0;2692.0;11932.0;12030.0;19
1957;Eindhoven (GA);2023;315285;66882;183889;64514;241306;35115;15637;19478;38864;18927;19937;4659;2550;2109;2244;1258;986;10125;4792;5333;6493;2651;3842;15343;7676;7667;3241.0;3510.0;2387.0;2559.0;11892.0;12026.0;19
1958;Eindhoven (GA);2024;314749;66371;182995;65383;240574;35107;15638;19469;39068;18912;20156;4702;2592;2110;2253;1268;985;10110;4751;5359;6487;2637;3850;15516;7664;7852;3245.0;3557.0;2363.0;2549.0;11859.0;11964.0;19
1959;Eindhoven (GA);2025;314178;65999;181965;66214;239826;35018;15611;19407;39334;18968;20366;4744;2634;2110;2242;1267;975;10165;4755;5410;6499;2625;3874;15684;7687;7997;;;;;;;19
1960;Geleen/Sittard (GA);2006;139697;30753;85524;23420;113410;19890;5626;14264;6397;3939;2458;380;187;193;353;213;140;586;428;158;2288;1225;1063;2790;1886;904;1172.0;1375.0;561.0;1187.0;4452.0;4379.0;20
1961;Geleen/Sittard (GA);2007;138952;30194;85007;23751;113141;19407;5366;14041;6404;3896;2508;382;181;201;368;226;142;604;429;175;2305;1216;1089;2745;1844;901;1151.0;1392.0;577.0;1149.0;4476.0;4374.0;20
1962;Geleen/Sittard (GA);2008;138248;29592;84557;24099;112849;18979;5134;13845;6420;3831;2589;398;189;209;370;228;142;619;416;203;2312;1208;1104;2721;1790;931;1125.0;1404.0;585.0;1068.0;4471.0;4373.0;20
1963;Geleen/Sittard (GA);2009;137590;29040;84068;24482;112485;18641;4967;13674;6464;3803;2661;416;199;217;367;226;141;639;411;228;2328;1214;1114;2714;1753;961;1096.0;1470.0;607.0;1058.0;4516.0;4350.0;20
1964;Geleen/Sittard (GA);2010;136936;28515;83564;24857;112178;18251;4791;13460;6507;3756;2751;422;196;226;383;237;146;670;411;259;2351;1217;1134;2681;1695;986;1077.0;1453.0;605.0;1055.0;4508.0;4336.0;20
1965;Geleen/Sittard (GA);2011;136290;27898;83010;25382;111772;17954;4684;13270;6564;3744;2820;436;201;235;389;243;146;700;420;280;2370;1215;1155;2669;1665;1004;1077.0;1483.0;627.0;1003.0;4456.0;4303.0;20
1966;Geleen/Sittard (GA);2012;135668;27288;82389;25991;111435;17618;4591;13027;6615;3739;2876;450;207;243;391;244;147;717;427;290;2373;1206;1167;2684;1655;1029;1059.0;1534.0;597.0;1001.0;4511.0;4302.0;20
1967;Geleen/Sittard (GA);2013;135002;26713;81585;26704;111035;17300;4487;12813;6667;3725;2942;460;207;253;418;261;157;741;435;306;2380;1203;1177;2668;1619;1049;1078.0;1543.0;598.0;966.0;4468.0;4276.0;20
1968;Geleen/Sittard (GA);2014;134372;26234;80821;27317;110602;17023;4408;12615;6747;3731;3016;479;226;253;420;258;162;770;444;326;2403;1205;1198;2675;1598;1077;1095.0;1547.0;579.0;920.0;4428.0;4263.0;20
1969;Geleen/Sittard (GA);2015;133752;25810;79951;27991;110235;16732;4305;12427;6785;3713;3072;499;234;265;412;249;163;790;450;340;2405;1205;1200;2679;1575;1104;1105.0;1600.0;552.0;959.0;4449.0;4221.0;20
1970;Geleen/Sittard (GA);2016;133091;25388;79119;28584;109819;16464;4232;12232;6808;3692;3116;503;244;259;427;258;169;822;455;367;2390;1193;1197;2666;1542;1124;1103.0;1608.0;539.0;911.0;4419.0;4208.0;20
1971;Geleen/Sittard (GA);2017;132440;24993;78297;29150;109400;16194;4157;12037;6846;3678;3168;519;252;267;415;249;166;866;472;394;2389;1186;1203;2657;1519;1138;1164.0;1640.0;507.0;897.0;4387.0;4176.0;20
1972;Geleen/Sittard (GA);2018;131795;24650;77399;29746;108970;15867;4038;11829;6958;3713;3245;541;263;278;417;250;167;898;478;420;2386;1173;1213;2716;1549;1167;1161.0;1661.0;510.0;876.0;4391.0;4173.0;20
1973;Geleen/Sittard (GA);2019;131159;24259;76634;30266;108524;15624;3969;11655;7011;3719;3292;559;277;282;424;259;165;920;488;432;2385;1170;1215;2723;1525;1198;1204.0;1650.0;502.0;888.0;4312.0;4147.0;20
1974;Geleen/Sittard (GA);2020;130503;24033;75704;30766;108056;15351;3888;11463;7096;3737;3359;573;288;285;432;270;162;947;491;456;2374;1166;1208;2770;1522;1248;1189.0;1687.0;506.0;812.0;4282.0;4112.0;20
1975;Geleen/Sittard (GA);2021;129885;23758;74931;31196;107610;15088;3804;11284;7187;3785;3402;575;293;282;451;287;164;977;500;477;2354;1162;1192;2830;1543;1287;1177.0;1727.0;477.0;822.0;4265.0;4056.0;20
1976;Geleen/Sittard (GA);2022;129212;23548;73892;31772;107166;14775;3711;11064;7271;3802;3469;591;304;287;469;297;172;1012;504;508;2360;1153;1207;2839;1544;1295;1190.0;1731.0;518.0;773.0;4182.0;4024.0;20
1977;Geleen/Sittard (GA);2023;128587;23460;72894;32233;106736;14493;3656;10837;7358;3828;3530;603;312;291;489;315;174;1033;505;528;2344;1139;1205;2889;1557;1332;1174.0;1742.0;493.0;832.0;4193.0;3967.0;20
1978;Geleen/Sittard (GA);2024;127916;23317;71858;32741;106234;14239;3577;10662;7443;3852;3591;616;325;291;506;329;177;1071;519;552;2336;1123;1213;2914;1556;1358;1212.0;1774.0;486.0;783.0;4116.0;3922.0;20
1979;Geleen/Sittard (GA);2025;127264;23313;70666;33285;105806;13959;3481;10478;7499;3885;3614;627;340;287;525;345;180;1096;534;562;2333;1118;1215;2918;1548;1370;;;;;;;20
1980;Heerlen (GA);2006;208501;42860;128787;36854;151703;46648;15648;31000;10150;6154;3996;547;270;277;972;641;331;961;549;412;3195;1671;1524;4475;3023;1452;1765.0;2556.0;1141.0;2082.0;7547.0;7950.0;21
1981;Heerlen (GA);2007;206382;41960;127537;36885;150862;45392;14949;30443;10128;6000;4128;560;273;287;941;613;328;988;552;436;3202;1644;1558;4437;2918;1519;1706.0;2537.0;1085.0;2030.0;7608.0;7841.0;21
1982;Heerlen (GA);2008;204393;41056;126328;37009;150188;44086;14277;29809;10119;5888;4231;579;287;292;907;576;331;1002;553;449;3222;1621;1601;4409;2851;1558;1656.0;2565.0;1080.0;1911.0;7610.0;7760.0;21
1983;Heerlen (GA);2009;202515;40229;125175;37111;149502;42884;13669;29215;10129;5786;4343;612;315;297;888;553;335;1018;547;471;3226;1597;1629;4385;2774;1611;1644.0;2564.0;1141.0;1828.0;7510.0;7704.0;21
1984;Heerlen (GA);2010;200732;39449;124066;37217;148712;41819;13194;28625;10201;5740;4461;651;338;313;877;536;341;1040;548;492;3239;1578;1661;4394;2740;1654;1658.0;2540.0;1074.0;1744.0;7386.0;7600.0;21
1985;Heerlen (GA);2011;198985;38509;122789;37687;147968;40791;12765;28026;10226;5676;4550;691;364;327;865;518;347;1058;552;506;3220;1548;1672;4392;2694;1698;1667.0;2533.0;1081.0;1708.0;7332.0;7530.0;21
1986;Heerlen (GA);2012;197306;37660;121402;38244;147155;39849;12385;27464;10302;5679;4623;705;388;317;869;519;350;1081;553;528;3222;1532;1690;4425;2687;1738;1608.0;2584.0;1048.0;1661.0;7280.0;7437.0;21
1987;Heerlen (GA);2013;195575;36974;119766;38835;146426;38816;12007;26809;10333;5619;4714;752;428;324;838;502;336;1102;559;543;3226;1509;1717;4415;2621;1794;1647.0;2559.0;1024.0;1586.0;7198.0;7376.0;21
1988;Heerlen (GA);2014;193934;36438;118139;39357;145749;37849;11657;26192;10336;5537;4799;788;442;346;824;493;331;1128;572;556;3221;1491;1730;4375;2539;1836;1636.0;2581.0;939.0;1535.0;7172.0;7249.0;21
1989;Heerlen (GA);2015;192331;35875;116495;39961;145110;36875;11298;25577;10346;5493;4853;813;464;349;822;484;338;1144;572;572;3206;1478;1728;4361;2495;1866;1633.0;2530.0;922.0;1552.0;7082.0;7178.0;21
1990;Heerlen (GA);2016;190723;35461;114769;40493;144470;35890;10858;25032;10363;5462;4901;835;486;349;812;481;331;1168;584;584;3180;1451;1729;4368;2460;1908;1597.0;2570.0;883.0;1425.0;7030.0;7118.0;21
1991;Heerlen (GA);2017;189133;35097;113051;40985;143803;34970;10489;24481;10360;5420;4940;861;514;347;806;477;329;1197;598;599;3140;1418;1722;4356;2413;1943;1596.0;2595.0;858.0;1387.0;6950.0;7015.0;21
1992;Heerlen (GA);2018;187558;34701;111366;41491;143204;34014;10132;23882;10340;5352;4988;887;532;355;803;472;331;1218;598;620;3110;1404;1706;4322;2346;1976;1626.0;2584.0;786.0;1368.0;6924.0;6931.0;21
1993;Heerlen (GA);2019;186031;34270;109647;42114;142621;33066;9759;23307;10344;5335;5009;924;557;367;804;464;340;1232;595;637;3065;1378;1687;4319;2341;1978;1601.0;2591.0;710.0;1250.0;6840.0;6843.0;21
1994;Heerlen (GA);2020;184510;33902;107972;42636;142053;32195;9461;22734;10262;5271;4991;953;582;371;777;453;324;1256;604;652;3028;1349;1679;4248;2283;1965;1617.0;2616.0;706.0;1164.0;6773.0;6762.0;21
1995;Heerlen (GA);2021;183091;33490;106459;43142;141485;31365;9160;22205;10241;5263;4978;976;608;368;763;437;326;1266;612;654;3004;1333;1671;4232;2273;1959;1632.0;2633.0;645.0;1218.0;6729.0;6654.0;21
1996;Heerlen (GA);2022;181605;33238;104706;43661;140921;30449;8812;21637;10235;5239;4996;1019;642;377;770;439;331;1275;618;657;2957;1300;1657;4214;2240;1974;1590.0;2664.0;639.0;1157.0;6709.0;6605.0;21
1997;Heerlen (GA);2023;180140;33038;102917;44185;140341;29598;8571;21027;10201;5199;5002;1043;658;385;783;451;332;1290;627;663;2907;1264;1643;4178;2199;1979;1593.0;2668.0;618.0;1094.0;6613.0;6525.0;21
1998;Heerlen (GA);2024;178693;32835;101214;44644;139691;28775;8292;20483;10227;5216;5011;1070;681;389;790;451;339;1320;653;667;2859;1245;1614;4188;2186;2002;1547.0;2691.0;634.0;1025.0;6565.0;6456.0;21
1999;Heerlen (GA);2025;177290;32615;99546;45129;139049;27997;8084;19913;10244;5187;5057;1093;699;394;802;448;354;1344;663;681;2838;1223;1615;4167;2154;2013;;;;;;;21
2000;Maastricht (GA);2006;120817;23369;77069;20379;94747;17263;7142;10121;8807;5582;3225;508;254;254;600;396;204;1595;867;728;1833;986;847;4271;3079;1192;1037.0;1356.0;1654.0;1966.0;5096.0;4874.0;22
2001;Maastricht (GA);2007;120420;23353;76540;20527;94603;16898;6967;9931;8919;5542;3377;551;288;263;590;390;200;1645;885;760;1878;989;889;4255;2990;1265;1064.0;1363.0;1684.0;1874.0;4973.0;4762.0;22
2002;Maastricht (GA);2008;120152;23396;76065;20691;94408;16663;6843;9820;9081;5498;3583;597;303;294;607;386;221;1698;907;791;1946;1016;930;4233;2886;1347;1026.0;1367.0;1701.0;1829.0;4892.0;4662.0;22
2003;Maastricht (GA);2009;119922;23393;75653;20876;94308;16429;6767;9662;9185;5458;3727;637;324;313;615;389;226;1728;913;815;1993;1027;966;4212;2805;1407;1034.0;1369.0;1720.0;1782.0;4804.0;4601.0;22
2004;Maastricht (GA);2010;119737;23400;75260;21077;94155;16261;6702;9559;9321;5481;3840;671;347;324;619;389;230;1746;924;822;2025;1031;994;4260;2790;1470;1051.0;1377.0;1739.0;1733.0;4733.0;4531.0;22
2005;Maastricht (GA);2011;119625;23294;74859;21472;93960;16191;6745;9446;9474;5530;3944;717;376;341;622;396;226;1787;946;841;2075;1044;1031;4273;2768;1505;1056.0;1368.0;1787.0;1743.0;4669.0;4495.0;22
2006;Maastricht (GA);2012;119537;23183;74348;22006;93747;16131;6784;9347;9659;5550;4109;775;409;366;621;383;238;1836;972;864;2120;1057;1063;4307;2729;1578;1031.0;1415.0;1786.0;1728.0;4651.0;4451.0;22
2007;Maastricht (GA);2013;119419;23184;73744;22491;93574;16038;6814;9224;9807;5582;4225;822;440;382;631;382;249;1872;989;883;2165;1068;1097;4317;2703;1614;1068.0;1403.0;1788.0;1711.0;4603.0;4429.0;22
2008;Maastricht (GA);2014;119341;23141;73253;22947;93420;15879;6788;9091;10042;5663;4379;873;469;404;632;385;247;1917;999;918;2240;1082;1158;4380;2728;1652;1063.0;1401.0;1791.0;1735.0;4583.0;4399.0;22
2009;Maastricht (GA);2015;119249;23115;72896;23238;93272;15731;6734;8997;10246;5759;4487;929;511;418;663;414;249;1949;1014;935;2289;1089;1200;4416;2731;1685;1027.0;1450.0;1761.0;1694.0;4585.0;4365.0;22
2010;Maastricht (GA);2016;119118;23022;72553;23543;93059;15598;6738;8860;10461;5848;4613;997;563;434;694;445;249;1995;1026;969;2333;1095;1238;4442;2719;1723;1022.0;1438.0;1766.0;1671.0;4548.0;4355.0;22
2011;Maastricht (GA);2017;118996;23012;72072;23912;92793;15480;6746;8734;10723;5953;4770;1073;611;462;757;487;270;2032;1041;991;2368;1099;1269;4493;2715;1778;976.0;1439.0;1711.0;1642.0;4583.0;4340.0;22
2012;Maastricht (GA);2018;118849;23001;71577;24271;92639;15296;6684;8612;10914;6033;4881;1152;669;483;778;504;274;2070;1050;1020;2392;1121;1271;4522;2689;1833;955.0;1454.0;1680.0;1588.0;4565.0;4315.0;22
2013;Maastricht (GA);2019;118699;22808;71234;24657;92421;15138;6638;8500;11140;6143;4997;1227;733;494;793;500;293;2099;1056;1043;2444;1149;1295;4577;2705;1872;964.0;1460.0;1662.0;1594.0;4559.0;4307.0;22
2014;Maastricht (GA);2020;118524;22701;70842;24981;92215;14982;6598;8384;11327;6222;5105;1294;793;501;792;486;306;2157;1086;1071;2466;1151;1315;4618;2706;1912;952.0;1474.0;1609.0;1557.0;4577.0;4290.0;22
2015;Maastricht (GA);2021;118347;22579;70357;25411;91993;14790;6495;8295;11564;6310;5254;1376;861;515;829;510;319;2203;1098;1105;2516;1156;1360;4640;2685;1955;942.0;1498.0;1600.0;1528.0;4545.0;4279.0;22
2016;Maastricht (GA);2022;118133;22523;69818;25792;91717;14581;6391;8190;11835;6422;5413;1442;899;543;856;530;326;2249;1112;1137;2567;1168;1399;4721;2713;2008;930.0;1506.0;1580.0;1478.0;4513.0;4258.0;22
2017;Maastricht (GA);2023;117918;22378;69367;26173;91426;14436;6328;8108;12056;6487;5569;1481;936;545;869;539;330;2310;1137;1173;2612;1172;1440;4784;2703;2081;904.0;1523.0;1531.0;1480.0;4534.0;4229.0;22
2018;Maastricht (GA);2024;117661;22315;68800;26546;91147;14234;6222;8012;12280;6636;5644;1531;964;567;881;559;322;2400;1198;1202;2603;1168;1435;4865;2747;2118;917.0;1560.0;1538.0;1449.0;4507.0;4217.0;22
2019;Maastricht (GA);2025;117404;22050;68395;26959;90768;14074;6144;7930;12562;6793;5769;1583;998;585;892;550;342;2489;1261;1228;2616;1170;1446;4982;2814;2168;;;;;;;22
2020;Aa en Hunze;2006;24954;5779;14845;4330;23709;916;332;584;329;198;131;58;23;35;25;7;18;7;5;2;8;5;3;231;158;73;211.0;292.0;79.0;54.0;1106.0;1218.0;1680
2021;Aa en Hunze;2007;24785;5636;14826;4323;23550;899;333;566;336;211;125;54;21;33;22;7;15;9;6;3;15;10;5;236;167;69;205.0;289.0;86.0;43.0;1013.0;1211.0;1680
2022;Aa en Hunze;2008;24550;5530;14681;4339;23320;876;332;544;354;229;125;47;16;31;22;8;14;9;6;3;23;18;5;253;181;72;212.0;288.0;91.0;43.0;987.0;1228.0;1680
2023;Aa en Hunze;2009;24283;5409;14488;4386;23075;847;332;515;361;248;113;43;15;28;19;9;10;11;8;3;29;25;4;259;191;68;198.0;289.0;89.0;43.0;1004.0;1225.0;1680
2024;Aa en Hunze;2010;24018;5296;14308;4414;22811;843;342;501;364;261;103;39;16;23;16;7;9;12;6;6;34;31;3;263;201;62;200.0;294.0;101.0;50.0;999.0;1217.0;1680
2025;Aa en Hunze;2011;23757;5176;14143;4438;22552;839;346;493;366;269;97;38;17;21;15;7;8;13;6;7;40;38;2;260;201;59;190.0;283.0;89.0;40.0;1002.0;1212.0;1680
2026;Aa en Hunze;2012;23506;5035;13929;4542;22278;847;353;494;381;284;97;35;14;21;14;6;8;13;6;7;46;44;2;273;214;59;198.0;295.0;97.0;50.0;999.0;1197.0;1680
2027;Aa en Hunze;2013;23260;4887;13740;4633;22009;853;357;496;398;304;94;33;12;21;13;6;7;12;6;6;52;49;3;288;231;57;201.0;290.0;114.0;50.0;987.0;1197.0;1680
2028;Aa en Hunze;2014;23031;4789;13498;4744;21766;851;362;489;414;321;93;34;13;21;13;8;5;11;5;6;58;52;6;298;243;55;203.0;282.0;83.0;58.0;1008.0;1178.0;1680
2029;Aa en Hunze;2015;22808;4719;13229;4860;21540;842;368;474;426;337;89;33;11;22;12;8;4;10;4;6;60;55;5;311;259;52;194.0;280.0;104.0;48.0;1002.0;1191.0;1680
2030;Aa en Hunze;2016;22588;4631;13030;4927;21310;837;387;450;441;351;90;34;11;23;13;9;4;11;3;8;70;63;7;313;265;48;190.0;291.0;101.0;54.0;1003.0;1169.0;1680
2031;Aa en Hunze;2017;22370;4525;12841;5004;21092;836;400;436;442;358;84;30;10;20;13;10;3;9;2;7;75;67;8;315;269;46;207.0;283.0;98.0;43.0;995.0;1180.0;1680
2032;Aa en Hunze;2018;22166;4447;12661;5058;20874;852;422;430;440;353;87;33;12;21;9;8;1;10;2;8;74;65;9;314;266;48;203.0;280.0;91.0;66.0;1009.0;1162.0;1680
2033;Aa en Hunze;2019;21965;4371;12490;5104;20663;845;437;408;457;369;88;37;12;25;10;8;2;8;1;7;75;66;9;327;282;45;201.0;292.0;120.0;50.0;975.0;1136.0;1680
2034;Aa en Hunze;2020;21782;4341;12279;5162;20444;868;471;397;470;393;77;34;11;23;12;10;2;6;1;5;80;72;8;338;299;39;211.0;297.0;122.0;52.0;984.0;1144.0;1680
2035;Aa en Hunze;2021;21611;4285;12137;5189;20219;892;503;389;500;425;75;33;13;20;13;9;4;9;3;6;84;78;6;361;322;39;206.0;275.0;132.0;57.0;978.0;1142.0;1680
2036;Aa en Hunze;2022;21449;4250;11949;5250;20008;907;525;382;534;457;77;33;14;19;15;11;4;14;5;9;97;87;10;375;340;35;205.0;293.0;125.0;48.0;969.0;1118.0;1680
2037;Aa en Hunze;2023;21293;4264;11736;5293;19803;929;543;386;561;481;80;31;13;18;16;10;6;13;3;10;101;92;9;400;363;37;218.0;290.0;129.0;60.0;979.0;1131.0;1680
2038;Aa en Hunze;2024;21140;4283;11553;5304;19621;936;565;371;583;502;81;32;15;17;13;7;6;12;3;9;112;100;12;414;377;37;192.0;297.0;140.0;58.0;1014.0;1136.0;1680
2039;Aa en Hunze;2025;20993;4279;11391;5323;19444;946;582;364;603;521;82;29;13;16;19;14;5;9;2;7;117;104;13;429;388;41;;;;;;;1680
2040;Aalburg;2006;12297;3677;7061;1559;11787;371;124;247;139;91;48;20;13;7;10;5;5;8;5;3;16;8;8;85;60;25;168.0;94.0;9.0;31.0;279.0;294.0;738
2041;Aalburg;2007;12335;3639;7123;1573;11790;394;126;268;151;100;51;21;13;8;8;2;6;9;6;3;18;10;8;95;69;26;171.0;105.0;8.0;29.0;250.0;299.0;738
2042;Aalburg;2008;12333;3606;7118;1609;11759;417;133;284;157;104;53;21;13;8;7;2;5;10;6;4;18;9;9;101;74;27;164.0;100.0;11.0;36.0;261.0;301.0;738
2043;Aalburg;2009;12333;3563;7128;1642;11727;437;138;299;169;111;58;24;13;11;7;2;5;12;7;5;20;11;9;106;78;28;169.0;104.0;9.0;39.0;261.0;298.0;738
2044;Aalburg;2010;12331;3537;7100;1694;11687;469;147;322;175;116;59;22;12;10;9;3;6;15;7;8;20;12;8;109;82;27;191.0;109.0;7.0;38.0;240.0;298.0;738
2045;Aalburg;2011;12326;3509;7085;1732;11649;487;151;336;190;125;65;25;14;11;8;2;6;15;8;7;21;13;8;121;88;33;175.0;108.0;8.0;38.0;246.0;302.0;738
2046;Aalburg;2012;12307;3473;7018;1816;11589;507;159;348;211;139;72;24;14;10;10;3;7;14;7;7;20;12;8;143;103;40;161.0;103.0;8.0;32.0;258.0;295.0;738
2047;Aalburg;2013;12305;3413;7012;1880;11544;533;170;363;228;150;78;24;14;10;9;3;6;16;9;7;22;14;8;157;110;47;166.0;115.0;8.0;37.0;262.0;298.0;738
2048;Aalburg;2014;12293;3375;6967;1951;11503;559;179;380;231;150;81;22;13;9;8;2;6;16;8;8;23;14;9;162;113;49;160.0;116.0;10.0;35.0;265.0;303.0;738
2049;Aalburg;2015;12275;3313;6945;2017;11446;588;184;404;241;161;80;24;14;10;7;2;5;15;8;7;25;15;10;170;122;48;169.0;113.0;11.0;29.0;248.0;305.0;738
2050;Aalburg;2016;12258;3287;6903;2068;11401;609;200;409;248;162;86;25;14;11;5;1;4;15;7;8;23;13;10;180;127;53;173.0;114.0;12.0;30.0;248.0;305.0;738
2051;Aalburg;2017;12242;3253;6853;2136;11364;621;204;417;257;168;89;25;14;11;6;2;4;15;7;8;27;16;11;184;129;55;165.0;119.0;9.0;40.0;261.0;304.0;738
2052;Aalburg;2018;12214;3208;6818;2188;11304;639;209;430;271;170;101;28;16;12;6;1;5;13;5;8;30;16;14;194;132;62;171.0;120.0;13.0;27.0;242.0;305.0;738
2053;Aalburg;2019;12186;3163;6802;2221;11255;661;217;444;270;168;102;26;15;11;9;2;7;13;5;8;32;17;15;190;129;61;175.0;119.0;9.0;25.0;241.0;304.0;738
2054;Aalburg;2020;12162;3156;6746;2260;11223;668;217;451;271;164;107;22;11;11;10;2;8;13;5;8;36;19;17;190;127;63;173.0;122.0;11.0;24.0;231.0;287.0;738
2055;Aalburg;2021;12143;3125;6710;2308;11172;694;230;464;277;167;110;19;9;10;11;3;8;13;4;9;39;20;19;195;131;64;170.0;131.0;10.0;31.0;250.0;296.0;738
2056;Aalburg;2022;12114;3102;6657;2355;11122;702;238;464;290;170;120;19;9;10;12;5;7;15;4;11;41;21;20;203;131;72;184.0;131.0;10.0;27.0;235.0;296.0;738
2057;Aalburg;2023;12088;3097;6603;2388;11073;722;239;483;293;169;124;22;9;13;13;7;6;18;6;12;43;22;21;197;125;72;162.0;135.0;9.0;27.0;250.0;296.0;738
2058;Aalburg;2024;12051;3087;6523;2441;11024;722;234;488;305;180;125;21;9;12;12;5;7;19;6;13;46;23;23;207;137;70;174.0;135.0;10.0;34.0;232.0;291.0;738
2059;Aalburg;2025;12010;3080;6468;2462;10969;725;236;489;316;186;130;22;11;11;12;5;7;22;7;15;46;23;23;214;140;74;;;;;;;738
2060;Aalsmeer;2006;23048;5456;13871;3721;20157;1895;965;930;996;607;389;146;57;89;42;19;23;29;12;17;262;143;119;517;376;141;223.0;197.0;239.0;170.0;767.0;848.0;358
2061;Aalsmeer;2007;23068;5464;13757;3847;20067;1970;1019;951;1031;633;398;148;55;93;37;15;22;28;12;16;266;148;118;552;403;149;215.0;206.0;261.0;197.0;786.0;838.0;358
2062;Aalsmeer;2008;23087;5460;13642;3985;19953;2056;1077;979;1078;664;414;144;51;93;38;15;23;27;11;16;281;159;122;588;428;160;202.0;215.0;308.0;178.0;738.0;845.0;358
2063;Aalsmeer;2009;23100;5462;13557;4081;19795;2180;1159;1021;1125;704;421;146;50;96;37;15;22;29;12;17;296;177;119;617;450;167;213.0;212.0;326.0;206.0;810.0;853.0;358
2064;Aalsmeer;2010;23177;5490;13463;4224;19692;2309;1263;1046;1176;747;429;144;49;95;42;17;25;26;12;14;304;182;122;660;487;173;192.0;214.0;363.0;241.0;857.0;879.0;358
2065;Aalsmeer;2011;23255;5475;13449;4331;19617;2392;1337;1055;1246;804;442;144;48;96;46;20;26;29;11;18;308;195;113;719;530;189;191.0;213.0;392.0;235.0;828.0;890.0;358
2066;Aalsmeer;2012;23332;5466;13340;4526;19523;2531;1447;1084;1278;828;450;143;45;98;39;21;18;30;11;19;320;208;112;746;543;203;191.0;226.0;410.0;270.0;851.0;886.0;358
2067;Aalsmeer;2013;23406;5461;13245;4700;19437;2637;1542;1095;1332;867;465;143;46;97;38;20;18;30;10;20;338;224;114;783;567;216;184.0;230.0;419.0;272.0;867.0;904.0;358
2068;Aalsmeer;2014;23473;5461;13169;4843;19333;2752;1622;1130;1388;917;471;140;43;97;44;26;18;31;10;21;352;240;112;821;598;223;194.0;241.0;453.0;289.0;840.0;900.0;358
2069;Aalsmeer;2015;23531;5473;13103;4955;19197;2888;1725;1163;1446;964;482;139;40;99;40;24;16;28;8;20;370;256;114;869;636;233;200.0;243.0;428.0;289.0;868.0;912.0;358
2070;Aalsmeer;2016;23586;5469;13046;5071;19096;2987;1804;1183;1503;1017;486;142;42;100;40;25;15;28;8;20;388;280;108;905;662;243;197.0;230.0;434.0;317.0;890.0;919.0;358
2071;Aalsmeer;2017;23641;5459;13055;5127;19012;3069;1878;1191;1560;1061;499;138;37;101;39;26;13;29;9;20;418;309;109;936;680;256;204.0;239.0;421.0;311.0;876.0;921.0;358
2072;Aalsmeer;2018;23677;5476;12967;5234;18912;3147;1942;1205;1618;1108;510;141;37;104;37;24;13;30;10;20;448;338;110;962;699;263;205.0;243.0;410.0;305.0;894.0;926.0;358
2073;Aalsmeer;2019;23712;5470;12948;5294;18808;3198;1968;1230;1706;1184;522;149;40;109;36;28;8;36;12;24;473;368;105;1012;736;276;207.0;249.0;413.0;315.0;897.0;944.0;358
2074;Aalsmeer;2020;23722;5477;12888;5357;18701;3250;1992;1258;1771;1236;535;149;37;112;36;29;7;31;11;20;511;402;109;1044;757;287;203.0;258.0;367.0;327.0;960.0;942.0;358
2075;Aalsmeer;2021;23729;5434;12876;5419;18637;3270;1992;1278;1822;1269;553;147;38;109;35;28;7;33;11;22;547;440;107;1060;752;308;216.0;262.0;372.0;255.0;886.0;954.0;358
2076;Aalsmeer;2022;23740;5421;12833;5486;18524;3307;2017;1290;1909;1349;560;148;40;108;38;30;8;35;10;25;590;485;105;1098;784;314;224.0;256.0;372.0;297.0;924.0;971.0;358
2077;Aalsmeer;2023;23736;5415;12762;5559;18436;3333;2044;1289;1967;1392;575;147;39;108;43;30;13;33;9;24;619;517;102;1125;797;328;240.0;267.0;381.0;278.0;872.0;963.0;358
2078;Aalsmeer;2024;23723;5429;12659;5635;18317;3380;2063;1317;2026;1447;579;145;36;109;44;35;9;33;10;23;646;545;101;1158;821;337;259.0;269.0;385.0;291.0;854.0;957.0;358
2079;Aalsmeer;2025;23708;5345;12643;5720;18203;3407;2061;1346;2098;1505;593;148;38;110;45;35;10;36;11;25;666;571;95;1203;850;353;;;;;;;358
2080;Aalten;2006;27523;7052;16165;4306;23936;2646;1056;1590;941;583;358;77;33;44;10;5;5;347;180;167;19;9;10;488;356;132;289.0;250.0;86.0;98.0;806.0;815.0;197
2081;Aalten;2007;27542;6981;16196;4365;23904;2666;1052;1614;972;594;378;78;31;47;21;8;13;351;178;173;21;9;12;501;368;133;277.0;252.0;82.0;94.0;785.0;825.0;197
2082;Aalten;2008;27522;6887;16222;4413;23850;2671;1054;1617;1001;607;394;84;32;52;21;9;12;348;174;174;24;8;16;524;384;140;271.0;249.0;98.0;91.0;775.0;838.0;197
2083;Aalten;2009;27492;6822;16162;4508;23791;2683;1052;1631;1018;620;398;90;37;53;28;14;14;345;170;175;33;13;20;522;386;136;287.0;254.0;86.0;83.0;763.0;853.0;197
2084;Aalten;2010;27445;6757;16125;4563;23732;2662;1034;1628;1051;631;420;102;44;58;29;13;16;338;161;177;38;16;22;544;397;147;285.0;262.0;96.0;79.0;767.0;852.0;197
2085;Aalten;2011;27405;6637;16156;4612;23632;2684;1028;1656;1089;659;430;105;46;59;29;13;16;334;159;175;47;21;26;574;420;154;250.0;252.0;85.0;83.0;771.0;842.0;197
2086;Aalten;2012;27334;6524;16045;4765;23517;2704;1037;1667;1113;682;431;108;47;61;29;15;14;328;155;173;56;26;30;592;439;153;286.0;252.0;86.0;90.0;776.0;848.0;197
2087;Aalten;2013;27291;6446;15900;4945;23454;2703;1026;1677;1134;686;448;112;47;65;30;13;17;316;143;173;68;33;35;608;450;158;280.0;260.0;93.0;81.0;763.0;836.0;197
2088;Aalten;2014;27250;6435;15765;5050;23343;2725;1033;1692;1182;712;470;123;51;72;40;19;21;316;142;174;75;38;37;628;462;166;283.0;255.0;76.0;80.0;779.0;853.0;197
2089;Aalten;2015;27203;6355;15698;5150;23266;2724;1031;1693;1213;734;479;128;56;72;46;21;25;308;136;172;82;41;41;649;480;169;285.0;288.0;74.0;88.0;792.0;845.0;197
2090;Aalten;2016;27134;6274;15650;5210;23208;2681;1000;1681;1245;749;496;135;57;78;47;24;23;305;134;171;89;43;46;669;491;178;269.0;294.0;61.0;76.0;797.0;837.0;197
2091;Aalten;2017;27059;6223;15546;5290;23110;2683;998;1685;1266;764;502;136;58;78;47;26;21;297;127;170;99;49;50;687;504;183;292.0;267.0;80.0;91.0;766.0;843.0;197
2092;Aalten;2018;26997;6193;15429;5375;23027;2674;985;1689;1296;783;513;144;62;82;46;27;19;299;128;171;103;53;50;704;513;191;293.0;276.0;69.0;95.0;779.0;847.0;197
2093;Aalten;2019;26925;6136;15339;5450;22926;2694;987;1707;1305;787;518;142;63;79;48;30;18;300;125;175;108;55;53;707;514;193;307.0;273.0;91.0;93.0;782.0;836.0;197
2094;Aalten;2020;26907;6098;15250;5559;22847;2728;987;1741;1332;802;530;142;63;79;58;37;21;299;126;173;117;62;55;716;514;202;306.0;287.0;87.0;92.0;762.0;842.0;197
2095;Aalten;2021;26850;6093;15152;5605;22762;2743;987;1756;1345;806;539;147;62;85;61;38;23;285;120;165;125;69;56;727;517;210;282.0;294.0;74.0;65.0;777.0;839.0;197
2096;Aalten;2022;26788;6032;15111;5645;22703;2726;987;1739;1359;829;530;153;66;87;64;40;24;278;119;159;130;73;57;734;531;203;290.0;291.0;76.0;91.0;782.0;840.0;197
2097;Aalten;2023;26718;5998;14977;5743;22609;2719;993;1726;1390;851;539;159;67;92;72;44;28;268;113;155;138;80;58;753;547;206;302.0;280.0;74.0;76.0;768.0;829.0;197
2098;Aalten;2024;26680;6017;14852;5811;22567;2717;996;1721;1396;856;540;156;63;93;72;45;27;263;111;152;145;86;59;760;551;209;299.0;312.0;69.0;82.0;774.0;822.0;197
2099;Aalten;2025;26611;6045;14680;5886;22492;2701;992;1709;1418;866;552;156;63;93;78;49;29;263;109;154;149;89;60;772;556;216;;;;;;;197
2100;Ter Aar;2006;9083;2488;5426;1169;8363;429;161;268;291;164;127;40;18;22;24;12;12;12;6;6;71;35;36;144;93;51;83.0;70.0;25.0;20.0;272.0;315.0;480
2101;Ter Aar;2007;9063;2418;5422;1223;8271;471;187;284;321;182;139;41;18;23;23;11;12;12;6;6;73;34;39;172;113;59;87.0;68.0;22.0;19.0;272.0;323.0;480
2102;Ter Aar;2008;9035;2362;5383;1290;8197;488;191;297;350;202;148;46;21;25;25;14;11;12;6;6;69;31;38;198;130;68;86.0;76.0;18.0;28.0;273.0;310.0;480
2103;Ter Aar;2009;9001;2289;5346;1366;8119;516;199;317;366;202;164;54;20;34;25;13;12;13;6;7;70;31;39;204;132;72;70.0;87.0;20.0;13.0;281.0;305.0;480
2104;Ter Aar;2010;8969;2203;5313;1453;8036;544;211;333;389;217;172;57;21;36;23;11;12;18;9;9;71;31;40;220;145;75;77.0;76.0;20.0;22.0;274.0;311.0;480
2105;Ter Aar;2011;8931;2135;5237;1559;7951;569;214;355;411;226;185;58;22;36;24;12;12;24;12;12;79;33;46;226;147;79;74.0;86.0;12.0;32.0;298.0;315.0;480
2106;Ter Aar;2012;8883;2080;5141;1662;7870;587;224;363;426;227;199;60;22;38;24;10;14;28;13;15;78;30;48;236;152;84;80.0;90.0;23.0;25.0;278.0;311.0;480
2107;Ter Aar;2013;8840;2022;5076;1742;7777;615;241;374;448;247;201;66;28;38;18;7;11;33;15;18;78;33;45;253;164;89;80.0;97.0;21.0;19.0;276.0;307.0;480
2108;Ter Aar;2014;8793;1983;4982;1828;7684;633;250;383;476;265;211;71;27;44;18;10;8;36;17;19;85;38;47;266;173;93;83.0;99.0;29.0;17.0;263.0;295.0;480
2109;Ter Aar;2015;8757;1976;4872;1909;7602;665;259;406;490;274;216;72;31;41;17;9;8;38;17;21;84;38;46;279;179;100;79.0;93.0;28.0;18.0;265.0;297.0;480
2110;Ter Aar;2016;8721;1952;4777;1992;7517;687;269;418;517;285;232;76;29;47;20;11;9;38;17;21;85;38;47;298;190;108;90.0;91.0;27.0;27.0;262.0;310.0;480
2111;Ter Aar;2017;8675;1943;4666;2066;7423;722;291;431;530;289;241;74;28;46;20;12;8;38;16;22;86;38;48;312;195;117;85.0;109.0;22.0;22.0;275.0;294.0;480
2112;Ter Aar;2018;8633;1919;4565;2149;7338;739;296;443;556;302;254;84;33;51;21;13;8;39;16;23;85;40;45;327;200;127;86.0;102.0;30.0;31.0;266.0;287.0;480
2113;Ter Aar;2019;8594;1893;4494;2207;7253;774;312;462;567;308;259;87;36;51;20;12;8;40;16;24;91;44;47;329;200;129;89.0;116.0;28.0;26.0;275.0;293.0;480
2114;Ter Aar;2020;8552;1866;4411;2275;7182;796;322;474;574;315;259;83;36;47;20;10;10;46;19;27;83;40;43;342;210;132;91.0;109.0;33.0;16.0;268.0;300.0;480
2115;Ter Aar;2021;8517;1853;4344;2320;7103;825;337;488;589;324;265;88;38;50;26;12;14;47;19;28;82;39;43;346;216;130;97.0;119.0;24.0;20.0;269.0;300.0;480
2116;Ter Aar;2022;8469;1849;4262;2358;7031;843;352;491;595;322;273;83;34;49;27;11;16;48;20;28;82;40;42;355;217;138;95.0;115.0;26.0;20.0;268.0;288.0;480
2117;Ter Aar;2023;8436;1856;4196;2384;6943;867;361;506;626;332;294;88;35;53;30;13;17;50;19;31;83;41;42;375;224;151;84.0;123.0;27.0;21.0;275.0;292.0;480
2118;Ter Aar;2024;8386;1847;4122;2417;6862;883;365;518;641;341;300;91;36;55;30;14;16;54;20;34;84;42;42;382;229;153;98.0;121.0;23.0;21.0;262.0;290.0;480
2119;Ter Aar;2025;8338;1867;4031;2440;6767;912;385;527;659;355;304;95;40;55;33;16;17;52;20;32;85;41;44;394;238;156;;;;;;;480
2120;Abcoude;2006;8635;2374;4889;1372;7243;944;337;607;448;242;206;104;42;62;36;12;24;9;5;4;14;9;5;285;174;111;78.0;76.0;21.0;36.0;310.0;328.0;305
2121;Abcoude;2007;8604;2319;4875;1410;7184;956;341;615;464;250;214;107;43;64;35;12;23;13;5;8;16;10;6;293;180;113;89.0;76.0;37.0;21.0;280.0;334.0;305
2122;Abcoude;2008;8579;2292;4832;1455;7123;973;337;636;483;257;226;108;40;68;37;12;25;17;7;10;15;8;7;306;190;116;81.0;88.0;32.0;24.0;303.0;344.0;305
2123;Abcoude;2009;8537;2279;4770;1488;7039;994;350;644;504;273;231;110;42;68;33;11;22;17;5;12;19;10;9;325;205;120;80.0;76.0;29.0;29.0;288.0;329.0;305
2124;Abcoude;2010;8500;2240;4722;1538;6968;1008;355;653;524;291;233;112;45;67;38;14;24;17;5;12;20;12;8;337;215;122;69.0;89.0;26.0;32.0;300.0;324.0;305
2125;Abcoude;2011;8451;2206;4689;1556;6891;1023;367;656;537;286;251;115;43;72;44;16;28;18;5;13;21;11;10;339;211;128;70.0;90.0;28.0;42.0;312.0;325.0;305
2126;Abcoude;2012;8403;2136;4647;1620;6793;1042;376;666;568;296;272;126;46;80;47;17;30;20;5;15;23;12;11;352;216;136;89.0;80.0;22.0;28.0;300.0;345.0;305
2127;Abcoude;2013;8359;2061;4609;1689;6727;1037;368;669;595;311;284;132;49;83;47;18;29;23;6;17;26;13;13;367;225;142;70.0;85.0;29.0;27.0;296.0;334.0;305
2128;Abcoude;2014;8309;2019;4547;1743;6635;1051;371;680;623;327;296;132;49;83;52;21;31;25;8;17;32;14;18;382;235;147;80.0;103.0;19.0;22.0;305.0;334.0;305
2129;Abcoude;2015;8255;1969;4528;1758;6569;1061;382;679;625;321;304;132;49;83;53;21;32;26;7;19;35;17;18;379;227;152;73.0;97.0;26.0;30.0;321.0;347.0;305
2130;Abcoude;2016;8200;1931;4466;1803;6476;1082;395;687;642;343;299;129;48;81;53;24;29;25;8;17;37;18;19;398;245;153;61.0;93.0;31.0;34.0;321.0;339.0;305
2131;Abcoude;2017;8146;1878;4433;1835;6396;1103;406;697;647;348;299;129;47;82;52;24;28;23;8;15;39;19;20;404;250;154;76.0;97.0;33.0;30.0;316.0;349.0;305
2132;Abcoude;2018;8094;1825;4392;1877;6328;1104;405;699;662;354;308;133;50;83;57;27;30;22;8;14;40;19;21;410;250;160;78.0;101.0;40.0;29.0;309.0;351.0;305
2133;Abcoude;2019;8039;1780;4363;1896;6243;1119;415;704;677;359;318;129;49;80;62;26;36;21;8;13;46;21;25;419;255;164;75.0;97.0;34.0;27.0;304.0;341.0;305
2134;Abcoude;2020;7988;1752;4309;1927;6145;1124;419;705;719;388;331;136;50;86;61;26;35;24;9;15;55;24;31;443;279;164;81.0;103.0;36.0;33.0;321.0;353.0;305
2135;Abcoude;2021;7938;1709;4274;1955;6069;1139;423;716;730;399;331;132;50;82;60;23;37;24;8;16;56;25;31;458;293;165;82.0;92.0;38.0;36.0;293.0;348.0;305
2136;Abcoude;2022;7874;1668;4209;1997;5988;1150;432;718;736;408;328;130;49;81;58;23;35;21;7;14;59;25;34;468;304;164;85.0;103.0;42.0;24.0;292.0;351.0;305
2137;Abcoude;2023;7815;1653;4123;2039;5902;1161;448;713;752;408;344;131;49;82;58;21;37;24;7;17;59;24;35;480;307;173;76.0;122.0;32.0;27.0;339.0;348.0;305
2138;Abcoude;2024;7766;1613;4116;2037;5832;1176;451;725;758;404;354;138;53;85;54;18;36;27;8;19;60;23;37;479;302;177;79.0;123.0;43.0;20.0;320.0;344.0;305
2139;Abcoude;2025;7721;1616;4072;2033;5767;1189;466;723;765;414;351;136;53;83;56;18;38;25;8;17;62;24;38;486;311;175;;;;;;;305
2140;Achtkarspelen;2006;28388;7382;17098;3908;27474;603;183;420;311;198;113;28;14;14;12;6;6;12;5;7;10;2;8;249;171;78;379.0;233.0;61.0;43.0;658.0;814.0;59
2141;Achtkarspelen;2007;28394;7341;17083;3970;27414;642;198;444;338;217;121;32;17;15;11;5;6;13;6;7;9;1;8;273;188;85;373.0;229.0;56.0;48.0;607.0;803.0;59
2142;Achtkarspelen;2008;28352;7312;16970;4070;27318;673;208;465;361;234;127;37;19;18;12;6;6;15;7;8;9;1;8;288;201;87;363.0;231.0;69.0;44.0;589.0;802.0;59
2143;Achtkarspelen;2009;28297;7264;16872;4161;27192;718;229;489;387;258;129;37;21;16;14;6;8;13;6;7;10;1;9;313;224;89;366.0;241.0;81.0;45.0;584.0;796.0;59
2144;Achtkarspelen;2010;28246;7212;16761;4273;27076;754;248;506;416;281;135;39;21;18;15;7;8;14;7;7;11;2;9;337;244;93;341.0;253.0;83.0;46.0;609.0;792.0;59
2145;Achtkarspelen;2011;28184;7170;16618;4396;26952;784;268;516;448;304;144;40;21;19;17;8;9;15;8;7;12;2;10;364;265;99;347.0;261.0;84.0;54.0;612.0;787.0;59
2146;Achtkarspelen;2012;28127;7127;16427;4573;26827;823;285;538;477;332;145;43;23;20;20;12;8;15;8;7;12;2;10;387;287;100;339.0;264.0;78.0;51.0;615.0;771.0;59
2147;Achtkarspelen;2013;28074;7121;16233;4720;26701;857;312;545;516;364;152;44;24;20;20;13;7;18;9;9;12;2;10;422;316;106;344.0;263.0;80.0;43.0;601.0;777.0;59
2148;Achtkarspelen;2014;28017;7124;16061;4832;26581;896;328;568;540;390;150;43;23;20;24;17;7;18;9;9;12;2;10;443;339;104;337.0;261.0;83.0;54.0;618.0;778.0;59
2149;Achtkarspelen;2015;27961;7124;15880;4957;26442;947;354;593;572;410;162;47;26;21;25;18;7;19;9;10;14;3;11;467;354;113;340.0;269.0;85.0;56.0;621.0;772.0;59
2150;Achtkarspelen;2016;27910;7075;15757;5078;26340;980;377;603;590;423;167;51;29;22;25;18;7;19;9;10;17;5;12;478;362;116;343.0;279.0;75.0;48.0;627.0;774.0;59
2151;Achtkarspelen;2017;27855;7044;15627;5184;26246;998;396;602;611;436;175;53;29;24;28;20;8;18;9;9;17;5;12;495;373;122;331.0;277.0;73.0;35.0;628.0;779.0;59
2152;Achtkarspelen;2018;27797;7006;15522;5269;26135;1023;408;615;639;462;177;53;29;24;27;20;7;18;10;8;18;6;12;523;397;126;300.0;278.0;77.0;42.0;642.0;777.0;59
2153;Achtkarspelen;2019;27724;6968;15380;5376;25995;1066;438;628;663;483;180;53;29;24;27;20;7;18;10;8;17;6;11;548;418;130;331.0;294.0;83.0;47.0;640.0;775.0;59
2154;Achtkarspelen;2020;27663;6925;15302;5436;25878;1096;458;638;689;498;191;50;28;22;30;23;7;19;8;11;15;5;10;575;434;141;319.0;287.0;94.0;48.0;637.0;771.0;59
2155;Achtkarspelen;2021;27608;6887;15209;5512;25758;1136;481;655;714;512;202;57;30;27;30;22;8;18;8;10;14;5;9;595;447;148;323.0;292.0;83.0;45.0;653.0;770.0;59
2156;Achtkarspelen;2022;27561;6828;15115;5618;25663;1161;488;673;737;534;203;56;30;26;31;21;10;20;9;11;15;5;10;615;469;146;327.0;295.0;79.0;45.0;659.0;776.0;59
2157;Achtkarspelen;2023;27509;6790;15023;5696;25537;1202;509;693;770;557;213;57;33;24;34;23;11;21;8;13;16;5;11;642;488;154;315.0;294.0;92.0;50.0;664.0;776.0;59
2158;Achtkarspelen;2024;27462;6754;14941;5767;25422;1228;527;701;812;586;226;56;33;23;39;25;14;24;8;16;17;5;12;676;515;161;309.0;298.0;82.0;45.0;674.0;778.0;59
2159;Achtkarspelen;2025;27404;6720;14832;5852;25309;1259;546;713;836;605;231;55;32;23;39;24;15;25;8;17;17;5;12;700;536;164;;;;;;;59
2160;Alblasserdam;2006;18413;5036;10376;3001;15943;1347;575;772;1123;593;530;83;43;40;64;20;44;552;288;264;122;60;62;302;182;120;246.0;171.0;34.0;56.0;456.0;534.0;482
2161;Alblasserdam;2007;18386;5056;10286;3044;15889;1352;569;783;1145;597;548;90;47;43;64;18;46;551;286;265;122;57;65;318;189;129;231.0;179.0;47.0;38.0;582.0;548.0;482
2162;Alblasserdam;2008;18481;5064;10320;3097;15939;1365;573;792;1177;617;560;98;47;51;66;20;46;543;280;263;121;56;65;349;214;135;227.0;183.0;43.0;46.0;601.0;542.0;482
2163;Alblasserdam;2009;18583;5110;10317;3156;16001;1387;576;811;1195;624;571;100;46;54;66;20;46;535;273;262;121;56;65;373;229;144;222.0;189.0;37.0;32.0;615.0;556.0;482
2164;Alblasserdam;2010;18680;5081;10379;3220;16087;1386;579;807;1207;632;575;101;48;53;67;21;46;529;268;261;123;57;66;387;238;149;234.0;186.0;49.0;36.0;600.0;564.0;482
2165;Alblasserdam;2011;18777;5077;10433;3267;16139;1406;592;814;1232;642;590;110;50;60;62;19;43;522;259;263;126;57;69;412;257;155;223.0;190.0;46.0;34.0;623.0;570.0;482
2166;Alblasserdam;2012;18876;5071;10390;3415;16190;1426;603;823;1260;656;604;115;48;67;66;23;43;516;260;256;129;56;73;434;269;165;225.0;205.0;60.0;31.0;622.0;586.0;482
2167;Alblasserdam;2013;18958;5053;10368;3537;16246;1453;606;847;1259;658;601;118;49;69;63;22;41;512;256;256;131;57;74;435;274;161;224.0;216.0;45.0;47.0;658.0;586.0;482
2168;Alblasserdam;2014;19039;5032;10416;3591;16306;1458;601;857;1275;665;610;122;49;73;64;22;42;503;250;253;129;55;74;457;289;168;241.0;200.0;47.0;44.0;625.0;581.0;482
2169;Alblasserdam;2015;19128;5023;10447;3658;16374;1467;605;862;1287;674;613;127;50;77;67;22;45;496;248;248;129;54;75;468;300;168;243.0;207.0;41.0;34.0;627.0;602.0;482
2170;Alblasserdam;2016;19195;5006;10507;3682;16418;1482;617;865;1295;677;618;131;50;81;71;25;46;486;243;243;129;54;75;478;305;173;248.0;195.0;50.0;41.0;611.0;597.0;482
2171;Alblasserdam;2017;19270;5024;10534;3712;16484;1486;617;869;1300;687;613;132;51;81;70;26;44;479;242;237;130;54;76;489;314;175;249.0;204.0;43.0;42.0;613.0;604.0;482
2172;Alblasserdam;2018;19327;5012;10540;3775;16525;1487;621;866;1315;694;621;131;52;79;73;29;44;475;239;236;132;55;77;504;319;185;260.0;212.0;39.0;42.0;608.0;598.0;482
2173;Alblasserdam;2019;19383;4962;10631;3790;16592;1470;616;854;1321;693;628;132;51;81;70;31;39;469;236;233;136;53;83;514;322;192;256.0;217.0;32.0;33.0;632.0;616.0;482
2174;Alblasserdam;2020;19436;4976;10657;3803;16619;1482;612;870;1335;708;627;132;52;80;68;31;37;462;233;229;141;52;89;532;340;192;254.0;216.0;35.0;28.0;624.0;615.0;482
2175;Alblasserdam;2021;19492;4979;10705;3808;16639;1510;622;888;1343;705;638;134;56;78;68;31;37;460;229;231;148;53;95;533;336;197;258.0;218.0;34.0;46.0;631.0;619.0;482
2176;Alblasserdam;2022;19534;4976;10710;3848;16679;1498;610;888;1357;710;647;137;56;81;72;33;39;454;227;227;150;53;97;544;341;203;274.0;230.0;38.0;48.0;618.0;625.0;482
2177;Alblasserdam;2023;19562;4971;10719;3872;16699;1497;603;894;1366;720;646;134;55;79;72;35;37;445;222;223;155;55;100;560;353;207;266.0;244.0;24.0;35.0;645.0;626.0;482
2178;Alblasserdam;2024;19593;4942;10737;3914;16708;1513;608;905;1372;718;654;135;53;82;72;30;42;438;220;218;156;55;101;571;360;211;255.0;234.0;35.0;39.0;613.0;622.0;482
2179;Alblasserdam;2025;19602;4930;10746;3926;16713;1516;599;917;1373;715;658;136;53;83;74;28;46;433;217;216;156;53;103;574;364;210;;;;;;;482
2180;Albrandswaard;2006;20752;5247;12782;2723;17691;1534;549;985;1527;854;673;643;326;317;110;53;57;116;56;60;87;43;44;571;376;195;235.0;168.0;41.0;49.0;1100.0;804.0;613
2181;Albrandswaard;2007;21110;5297;13022;2791;17885;1594;566;1028;1631;916;715;692;347;345;114;56;58;117;57;60;91;45;46;617;411;206;235.0;176.0;36.0;72.0;1143.0;816.0;613
2182;Albrandswaard;2008;21459;5331;13307;2821;18052;1647;586;1061;1760;981;779;739;361;378;128;66;62;122;59;63;100;52;48;671;443;228;226.0;175.0;39.0;57.0;1161.0;846.0;613
2183;Albrandswaard;2009;21806;5329;13573;2904;18235;1686;598;1088;1885;1046;839;788;374;414;138;73;65;128;63;65;107;55;52;724;481;243;217.0;183.0;32.0;70.0;1190.0;857.0;613
2184;Albrandswaard;2010;22132;5337;13821;2974;18400;1734;618;1116;1998;1101;897;836;393;443;144;73;71;134;65;69;114;57;57;770;513;257;217.0;178.0;35.0;63.0;1189.0;876.0;613
2185;Albrandswaard;2011;22458;5344;14106;3008;18552;1783;634;1149;2123;1168;955;878;407;471;151;77;74;138;67;71;124;60;64;832;557;275;227.0;186.0;39.0;63.0;1246.0;923.0;613
2186;Albrandswaard;2012;22796;5313;14258;3225;18716;1825;649;1176;2255;1234;1021;925;419;506;166;82;84;144;67;77;128;62;66;892;604;288;239.0;185.0;50.0;70.0;1245.0;945.0;613
2187;Albrandswaard;2013;23135;5320;14433;3382;18880;1879;677;1202;2376;1285;1091;975;431;544;171;83;88;155;71;84;129;63;66;946;637;309;247.0;196.0;47.0;71.0;1254.0;958.0;613
2188;Albrandswaard;2014;23456;5295;14611;3550;19050;1915;683;1232;2491;1338;1153;1008;435;573;184;91;93;158;73;85;140;67;73;1001;672;329;239.0;183.0;46.0;69.0;1274.0;999.0;613
2189;Albrandswaard;2015;23763;5333;14740;3690;19225;1946;694;1252;2592;1390;1202;1038;445;593;190;93;97;166;76;90;148;69;79;1050;707;343;257.0;207.0;46.0;59.0;1255.0;998.0;613
2190;Albrandswaard;2016;24058;5364;14888;3806;19383;1987;709;1278;2688;1447;1241;1062;451;611;200;98;102;172;78;94;157;72;85;1097;748;349;280.0;217.0;35.0;78.0;1281.0;1003.0;613
2191;Albrandswaard;2017;24356;5391;15046;3919;19545;2020;720;1300;2791;1484;1307;1113;468;645;212;104;108;175;79;96;159;71;88;1132;762;370;289.0;207.0;54.0;69.0;1256.0;1035.0;613
2192;Albrandswaard;2018;24643;5455;15141;4047;19702;2052;734;1318;2889;1526;1363;1144;480;664;209;100;109;185;82;103;168;73;95;1183;791;392;286.0;212.0;43.0;80.0;1283.0;1048.0;613
2193;Albrandswaard;2019;24914;5487;15245;4182;19831;2096;746;1350;2987;1564;1423;1181;493;688;214;97;117;188;79;109;170;73;97;1234;822;412;289.0;216.0;45.0;80.0;1261.0;1033.0;613
2194;Albrandswaard;2020;25181;5522;15350;4309;19965;2133;754;1379;3083;1594;1489;1216;505;711;220;97;123;192;80;112;173;72;101;1282;840;442;299.0;216.0;46.0;94.0;1261.0;1046.0;613
2195;Albrandswaard;2021;25431;5578;15408;4445;20093;2190;778;1412;3148;1602;1546;1247;518;729;226;100;126;194;80;114;168;66;102;1313;838;475;300.0;230.0;52.0;81.0;1260.0;1057.0;613
2196;Albrandswaard;2022;25677;5621;15499;4557;20205;2252;813;1439;3220;1640;1580;1271;529;742;229;104;125;197;82;115;166;64;102;1357;861;496;301.0;237.0;63.0;73.0;1219.0;1059.0;613
2197;Albrandswaard;2023;25896;5643;15572;4681;20318;2299;834;1465;3279;1669;1610;1279;528;751;236;106;130;205;86;119;174;64;110;1385;885;500;338.0;244.0;53.0;75.0;1190.0;1044.0;613
2198;Albrandswaard;2024;26117;5690;15629;4798;20432;2345;862;1483;3340;1702;1638;1294;535;759;246;114;132;214;91;123;181;67;114;1405;895;510;311.0;247.0;50.0;66.0;1200.0;1066.0;613
2199;Albrandswaard;2025;26301;5744;15648;4909;20513;2379;877;1502;3409;1731;1678;1315;541;774;252;117;135;217;89;128;187;69;118;1438;915;523;;;;;;;613
2200;Alkemade;2006;14565;3853;8749;1963;13521;586;207;379;458;299;159;57;35;22;32;12;20;11;5;6;58;34;24;300;213;87;163.0;114.0;33.0;56.0;371.0;334.0;483
2201;Alkemade;2007;14627;3827;8754;2046;13518;619;218;401;490;313;177;64;38;26;36;13;23;13;5;8;63;37;26;314;220;94;152.0;109.0;39.0;49.0;386.0;342.0;483
2202;Alkemade;2008;14703;3810;8774;2119;13515;656;232;424;532;326;206;72;40;32;41;15;26;18;9;9;67;37;30;334;225;109;130.0;116.0;28.0;46.0;431.0;346.0;483
2203;Alkemade;2009;14783;3797;8785;2201;13524;687;249;438;572;346;226;86;45;41;37;12;25;23;10;13;75;41;34;351;238;113;149.0;123.0;39.0;56.0;422.0;349.0;483
2204;Alkemade;2010;14867;3746;8832;2289;13544;725;269;456;598;357;241;93;47;46;40;13;27;23;11;12;74;40;34;368;246;122;156.0;122.0;36.0;42.0;413.0;358.0;483
2205;Alkemade;2011;14948;3739;8849;2360;13547;768;287;481;633;381;252;100;52;48;42;14;28;26;13;13;77;42;35;388;260;128;145.0;118.0;43.0;47.0;427.0;355.0;483
2206;Alkemade;2012;15042;3674;8857;2511;13536;818;313;505;688;411;277;111;55;56;50;19;31;28;15;13;80;44;36;419;278;141;152.0;129.0;41.0;53.0;434.0;362.0;483
2207;Alkemade;2013;15124;3605;8862;2657;13551;849;318;531;724;426;298;121;61;60;52;18;34;31;16;15;80;42;38;440;289;151;132.0;134.0;43.0;60.0;460.0;364.0;483
2208;Alkemade;2014;15201;3559;8856;2786;13553;875;337;538;773;449;324;131;62;69;55;17;38;35;18;17;84;44;40;468;308;160;153.0;139.0;37.0;48.0;420.0;368.0;483
2209;Alkemade;2015;15256;3525;8826;2905;13539;907;349;558;810;469;341;135;63;72;58;18;40;38;20;18;87;44;43;492;324;168;155.0;142.0;51.0;54.0;422.0;369.0;483
2210;Alkemade;2016;15318;3506;8789;3023;13536;950;366;584;832;481;351;142;67;75;57;18;39;38;20;18;87;44;43;508;332;176;148.0;142.0;48.0;46.0;428.0;368.0;483
2211;Alkemade;2017;15387;3479;8765;3143;13513;979;376;603;895;509;386;152;71;81;62;19;43;41;20;21;91;45;46;549;354;195;156.0;160.0;45.0;63.0;454.0;359.0;483
2212;Alkemade;2018;15460;3480;8736;3244;13482;1035;397;638;943;544;399;158;74;84;63;19;44;44;22;22;94;48;46;584;381;203;156.0;165.0;51.0;46.0;445.0;369.0;483
2213;Alkemade;2019;15533;3481;8702;3350;13483;1080;418;662;970;549;421;163;75;88;67;22;45;50;22;28;102;50;52;588;380;208;158.0;160.0;43.0;58.0;445.0;375.0;483
2214;Alkemade;2020;15584;3449;8673;3462;13458;1118;439;679;1008;565;443;167;74;93;72;21;51;49;21;28;110;52;58;610;397;213;171.0;171.0;53.0;52.0;427.0;374.0;483
2215;Alkemade;2021;15639;3449;8640;3550;13434;1163;457;706;1042;587;455;172;76;96;80;27;53;51;22;29;111;54;57;628;408;220;170.0;168.0;45.0;54.0;446.0;375.0;483
2216;Alkemade;2022;15702;3436;8608;3658;13423;1204;486;718;1075;606;469;175;79;96;84;28;56;52;21;31;113;54;59;651;424;227;171.0;174.0;40.0;51.0;437.0;365.0;483
2217;Alkemade;2023;15760;3435;8562;3763;13409;1252;517;735;1099;613;486;179;79;100;88;32;56;54;21;33;120;57;63;658;424;234;179.0;173.0;41.0;53.0;404.0;368.0;483
2218;Alkemade;2024;15790;3457;8475;3858;13377;1292;531;761;1121;629;492;183;81;102;87;30;57;59;23;36;121;59;62;671;436;235;167.0;191.0;48.0;64.0;436.0;368.0;483
2219;Alkemade;2025;15820;3484;8397;3939;13347;1331;546;785;1142;634;508;188;83;105;88;32;56;64;23;41;122;58;64;680;438;242;;;;;;;483
2220;Alkmaar;2006;93625;22224;59056;12345;74048;8649;3546;5103;10928;6369;4559;1403;708;695;1076;582;494;2750;1508;1242;1646;882;764;4053;2689;1364;1007.0;794.0;550.0;1086.0;4258.0;3987.0;361
2221;Alkmaar;2007;93576;22082;59024;12470;74335;8412;3382;5030;10829;6232;4597;1407;701;706;1039;563;476;2717;1477;1240;1669;875;794;3997;2616;1381;1025.0;798.0;564.0;1033.0;4233.0;3943.0;361
2222;Alkmaar;2008;93632;21971;58985;12676;74666;8214;3207;5007;10752;6100;4652;1414;691;723;1005;528;477;2682;1443;1239;1703;871;832;3948;2567;1381;1016.0;814.0;474.0;1019.0;4263.0;3894.0;361
2223;Alkmaar;2009;93660;21856;58924;12880;75002;7976;3063;4913;10682;5950;4732;1426;683;743;983;513;470;2649;1404;1245;1732;862;870;3892;2488;1404;985.0;806.0;482.0;955.0;4126.0;3877.0;361
2224;Alkmaar;2010;93618;21724;58596;13298;75300;7805;2955;4850;10513;5783;4730;1389;663;726;954;494;460;2637;1386;1251;1732;852;880;3801;2388;1413;966.0;821.0;453.0;942.0;4133.0;3852.0;361
2225;Alkmaar;2011;93558;21545;58471;13542;75561;7619;2845;4774;10378;5596;4782;1386;654;732;930;477;453;2619;1343;1276;1738;846;892;3705;2276;1429;957.0;824.0;468.0;892.0;4059.0;3828.0;361
2226;Alkmaar;2012;93500;21352;57966;14182;75770;7470;2770;4700;10260;5461;4799;1370;642;728;894;450;444;2613;1331;1282;1737;834;903;3646;2204;1442;911.0;846.0;466.0;856.0;4055.0;3774.0;361
2227;Alkmaar;2013;93456;21180;57515;14761;75914;7323;2677;4646;10219;5390;4829;1370;640;730;872;439;433;2583;1309;1274;1762;842;920;3632;2160;1472;926.0;848.0;438.0;817.0;4025.0;3764.0;361
2228;Alkmaar;2014;93419;21047;57040;15332;76052;7223;2636;4587;10144;5293;4851;1382;640;742;846;421;425;2561;1291;1270;1766;836;930;3589;2105;1484;920.0;875.0;426.0;809.0;4042.0;3750.0;361
2229;Alkmaar;2015;93377;20955;56593;15829;76201;7104;2589;4515;10072;5213;4859;1395;646;749;827;403;424;2517;1267;1250;1770;829;941;3563;2068;1495;897.0;867.0;399.0;788.0;4036.0;3708.0;361
2230;Alkmaar;2016;93350;20796;56295;16259;76323;7027;2537;4490;10000;5153;4847;1404;644;760;814;398;416;2496;1249;1247;1764;826;938;3522;2036;1486;907.0;872.0;432.0;757.0;3986.0;3710.0;361
2231;Alkmaar;2017;93344;20724;55875;16745;76407;6982;2501;4481;9955;5083;4872;1411;637;774;791;385;406;2474;1240;1234;1773;818;955;3506;2003;1503;884.0;889.0;370.0;714.0;4021.0;3694.0;361
2232;Alkmaar;2018;93328;20568;55531;17229;76553;6872;2450;4422;9903;5045;4858;1425;640;785;774;366;408;2447;1227;1220;1776;824;952;3481;1988;1493;899.0;887.0;381.0;711.0;4013.0;3691.0;361
2233;Alkmaar;2019;93334;20446;55161;17727;76698;6785;2408;4377;9851;5031;4820;1425;637;788;768;369;399;2423;1221;1202;1778;829;949;3457;1975;1482;912.0;912.0;376.0;718.0;4047.0;3703.0;361
2234;Alkmaar;2020;93345;20269;54881;18195;76886;6653;2332;4321;9806;4998;4808;1443;637;806;771;377;394;2401;1220;1181;1767;821;946;3424;1943;1481;925.0;940.0;363.0;655.0;4029.0;3697.0;361
2235;Alkmaar;2021;93377;20076;54647;18654;77023;6550;2267;4283;9804;4959;4845;1464;647;817;774;375;399;2387;1208;1179;1769;820;949;3410;1909;1501;924.0;942.0;379.0;656.0;4029.0;3706.0;361
2236;Alkmaar;2022;93410;19912;54421;19077;77109;6488;2260;4228;9813;4951;4862;1496;660;836;782;386;396;2373;1194;1179;1763;817;946;3399;1894;1505;929.0;946.0;352.0;623.0;4027.0;3706.0;361
2237;Alkmaar;2023;93449;19761;54170;19518;77234;6429;2215;4214;9786;4927;4859;1497;657;840;794;391;403;2347;1182;1165;1775;827;948;3373;1870;1503;920.0;964.0;369.0;627.0;4036.0;3707.0;361
2238;Alkmaar;2024;93482;19607;54031;19844;77317;6350;2191;4159;9815;4927;4888;1525;666;859;795;380;415;2312;1159;1153;1771;824;947;3412;1898;1514;948.0;978.0;356.0;613.0;4048.0;3713.0;361
2239;Alkmaar;2025;93536;19512;53744;20280;77418;6290;2168;4122;9828;4907;4921;1551;674;877;809;386;423;2296;1150;1146;1747;810;937;3425;1887;1538;;;;;;;361
2240;Almelo;2006;72116;18545;43152;10419;55803;6764;2463;4301;9549;5282;4267;326;142;184;282;148;134;5868;2968;2900;522;257;265;2551;1767;784;999.0;721.0;462.0;410.0;1764.0;1970.0;141
2241;Almelo;2007;72247;18679;43122;10446;55872;6718;2482;4236;9657;5226;4431;341;150;191;283;147;136;5920;2951;2969;538;257;281;2575;1721;854;965.0;724.0;484.0;425.0;1788.0;1947.0;141
2242;Almelo;2008;72389;18732;43116;10541;55937;6664;2502;4162;9788;5209;4579;369;166;203;280;144;136;5962;2942;3020;548;260;288;2629;1697;932;950.0;723.0;530.0;403.0;1738.0;1952.0;141
2243;Almelo;2009;72534;18863;42950;10721;55987;6644;2529;4115;9903;5188;4715;376;168;208;286;145;141;5988;2934;3054;559;261;298;2694;1680;1014;924.0;724.0;536.0;403.0;1755.0;1952.0;141
2244;Almelo;2010;72676;18902;42825;10949;56057;6641;2595;4046;9978;5153;4825;383;173;210;288;148;140;6019;2926;3093;569;261;308;2719;1645;1074;905.0;736.0;547.0;423.0;1766.0;1930.0;141
2245;Almelo;2011;72809;18925;42833;11051;56119;6621;2657;3964;10069;5131;4938;395;181;214;297;148;149;6053;2918;3135;568;267;301;2756;1617;1139;906.0;770.0;556.0;419.0;1780.0;1938.0;141
2246;Almelo;2012;72930;18960;42577;11393;56158;6630;2692;3938;10142;5106;5036;397;184;213;310;159;151;6066;2907;3159;571;266;305;2798;1590;1208;865.0;728.0;555.0;414.0;1774.0;1937.0;141
2247;Almelo;2013;73053;19008;42346;11699;56165;6667;2761;3906;10221;5116;5105;409;189;220;320;175;145;6077;2899;3178;579;267;312;2836;1586;1250;882.0;738.0;574.0;413.0;1759.0;1941.0;141
2248;Almelo;2014;73179;19041;42147;11991;56208;6664;2809;3855;10307;5120;5187;428;195;233;330;187;143;6084;2891;3193;596;272;324;2869;1575;1294;855.0;771.0;552.0;427.0;1803.0;1922.0;141
2249;Almelo;2015;73276;18995;42084;12197;56204;6700;2875;3825;10372;5138;5234;439;203;236;327;184;143;6088;2891;3197;613;276;337;2905;1584;1321;859.0;763.0;582.0;429.0;1780.0;1944.0;141
2250;Almelo;2016;73368;18999;41936;12433;56170;6725;2926;3799;10473;5172;5301;451;206;245;337;188;149;6080;2871;3209;626;271;355;2979;1636;1343;859.0;770.0;514.0;449.0;1845.0;1958.0;141
2251;Almelo;2017;73412;18993;41763;12656;56209;6687;2931;3756;10516;5139;5377;458;207;251;346;186;160;6079;2854;3225;630;272;358;3003;1620;1383;860.0;772.0;576.0;444.0;1804.0;1954.0;141
2252;Almelo;2018;73485;18976;41650;12859;56184;6730;2985;3745;10571;5131;5440;477;222;255;364;200;164;6073;2839;3234;647;273;374;3010;1597;1413;893.0;793.0;558.0;402.0;1789.0;1979.0;141
2253;Almelo;2019;73559;18943;41583;13033;56194;6749;3028;3721;10616;5112;5504;492;234;258;359;199;160;6044;2797;3247;663;275;388;3058;1607;1451;884.0;797.0;552.0;401.0;1806.0;1979.0;141
2254;Almelo;2020;73631;18902;41566;13163;56186;6781;3041;3740;10664;5100;5564;498;228;270;378;209;169;6014;2780;3234;661;275;386;3113;1608;1505;881.0;810.0;559.0;438.0;1845.0;1993.0;141
2255;Almelo;2021;73677;18803;41539;13335;56172;6780;3033;3747;10725;5093;5632;517;232;285;400;222;178;5988;2752;3236;661;273;388;3159;1614;1545;928.0;823.0;544.0;406.0;1797.0;1992.0;141
2256;Almelo;2022;73730;18770;41485;13475;56172;6777;3064;3713;10781;5111;5670;528;239;289;415;227;188;5988;2755;3233;663;274;389;3187;1616;1571;893.0;824.0;537.0;392.0;1820.0;2008.0;141
2257;Almelo;2023;73760;18639;41479;13642;56165;6793;3080;3713;10802;5103;5699;523;233;290;418;226;192;5975;2751;3224;668;275;393;3218;1618;1600;902.0;821.0;503.0;429.0;1865.0;2012.0;141
2258;Almelo;2024;73773;18571;41398;13804;56172;6753;3065;3688;10848;5123;5725;525;243;282;433;225;208;5936;2734;3202;670;275;395;3284;1646;1638;887.0;845.0;542.0;406.0;1857.0;2021.0;141
2259;Almelo;2025;73792;18463;41352;13977;56179;6750;3070;3680;10863;5129;5734;536;255;281;447;235;212;5905;2706;3199;671;271;400;3304;1662;1642;;;;;;;141
2260;Almere;2006;179045;53238;112756;13051;119148;16790;6823;9967;43107;25500;17607;17705;10116;7589;4120;2684;1436;2819;1469;1350;5504;2848;2656;12959;8383;4576;2708.0;828.0;1419.0;1509.0;8599.0;6640.0;34
2261;Almere;2007;182807;53545;115780;13482;120995;17042;7016;10026;44770;26417;18353;18235;10490;7745;4155;2693;1462;3019;1587;1432;5895;2996;2899;13466;8651;4815;2705.0;880.0;1526.0;1522.0;8834.0;6767.0;34
2262;Almere;2008;186719;53846;118886;13987;122969;17329;7280;10049;46421;27270;19151;18699;10792;7907;4232;2739;1493;3255;1708;1547;6311;3157;3154;13924;8874;5050;2746.0;914.0;1613.0;1561.0;9369.0;6890.0;34
2263;Almere;2009;191099;54221;122292;14586;125134;17707;7614;10093;48258;28276;19982;19258;11165;8093;4348;2813;1535;3510;1852;1658;6742;3312;3430;14400;9134;5266;2782.0;973.0;1709.0;1607.0;9295.0;7035.0;34
2264;Almere;2010;195287;54644;125307;15336;127273;18125;7965;10160;49889;29054;20835;19712;11442;8270;4439;2861;1578;3725;1966;1759;7200;3488;3712;14813;9297;5516;2861.0;1005.0;1849.0;1589.0;9264.0;7176.0;34
2265;Almere;2011;199509;54988;128597;15924;129335;18578;8376;10202;51596;29900;21696;20180;11711;8469;4543;2929;1614;3981;2096;1885;7636;3652;3984;15256;9512;5744;2884.0;1041.0;1940.0;1668.0;9403.0;7296.0;34
2266;Almere;2012;203747;55231;131223;17293;131314;19114;8832;10282;53319;30812;22507;20582;11973;8609;4702;3033;1669;4248;2236;2012;8060;3809;4251;15727;9761;5966;2932.0;1105.0;2048.0;1700.0;9431.0;7444.0;34
2267;Almere;2013;207927;55577;133842;18508;133340;19612;9321;10291;54975;31688;23287;20909;12217;8692;4857;3129;1728;4530;2368;2162;8449;3964;4485;16230;10010;6220;3024.0;1128.0;2085.0;1744.0;9456.0;7548.0;34
2268;Almere;2014;212089;56060;136292;19737;135359;20155;9786;10369;56575;32535;24040;21216;12460;8756;4971;3203;1768;4817;2520;2297;8862;4114;4748;16709;10238;6471;3091.0;1165.0;2152.0;1763.0;9426.0;7660.0;34
2269;Almere;2015;216184;56482;138675;21027;137316;20735;10283;10452;58133;33345;24788;21531;12676;8855;5116;3300;1816;5073;2669;2404;9277;4264;5013;17136;10436;6700;3155.0;1221.0;2196.0;1753.0;9425.0;7775.0;34
2270;Almere;2016;220224;57050;140994;22180;139260;21254;10742;10512;59710;34126;25584;21835;12870;8965;5234;3373;1861;5321;2794;2527;9694;4417;5277;17626;10672;6954;3227.0;1288.0;2313.0;1826.0;9423.0;7880.0;34
2271;Almere;2017;224205;57706;143021;23478;141140;21849;11218;10631;61216;34931;26285;22092;13054;9038;5366;3447;1919;5605;2942;2663;10088;4556;5532;18065;10932;7133;3278.0;1334.0;2326.0;1855.0;9471.0;7999.0;34
2272;Almere;2018;228109;58315;144921;24873;142993;22438;11652;10786;62678;35649;27029;22293;13209;9084;5494;3515;1979;5888;3071;2817;10480;4689;5791;18523;11165;7358;3352.0;1368.0;2388.0;1907.0;9493.0;8126.0;34
2273;Almere;2019;231955;58767;146782;26406;144870;23047;12091;10956;64038;36315;27723;22458;13340;9118;5625;3582;2043;6180;3213;2967;10832;4813;6019;18943;11367;7576;3445.0;1417.0;2389.0;1950.0;9498.0;8221.0;34
2274;Almere;2020;235716;59271;148405;28040;146686;23611;12531;11080;65419;36981;28438;22640;13459;9181;5764;3681;2083;6471;3342;3129;11191;4951;6240;19353;11548;7805;3528.0;1462.0;2432.0;1958.0;9453.0;8324.0;34
2275;Almere;2021;239404;59721;149907;29776;148475;24245;12986;11259;66684;37563;29121;22811;13593;9218;5859;3707;2152;6753;3458;3295;11504;5081;6423;19757;11724;8033;3580.0;1504.0;2441.0;1942.0;9451.0;8411.0;34
2276;Almere;2022;243037;60180;151251;31606;150215;24887;13421;11466;67935;38108;29827;22929;13681;9248;5999;3747;2252;7043;3590;3453;11805;5206;6599;20159;11884;8275;3690.0;1560.0;2492.0;2042.0;9418.0;8471.0;34
2277;Almere;2023;246581;60678;152428;33475;151938;25474;13825;11649;69169;38656;30513;23059;13782;9277;6065;3756;2309;7345;3715;3630;12119;5326;6793;20581;12077;8504;3778.0;1623.0;2487.0;1993.0;9294.0;8544.0;34
2278;Almere;2024;249999;61229;153457;35313;153597;26074;14246;11828;70328;39120;31208;23159;13834;9325;6181;3788;2393;7610;3843;3767;12430;5431;6999;20948;12224;8724;3849.0;1687.0;2470.0;2013.0;9268.0;8584.0;34
2279;Almere;2025;253320;62071;154053;37196;155111;26718;14662;12056;71491;39584;31907;23280;13915;9365;6275;3818;2457;7873;3961;3912;12711;5522;7189;21352;12368;8984;;;;;;;34
2280;Alphen aan den Rijn;2006;71217;18501;44656;8060;57628;6213;2415;3798;7376;4207;3169;1301;678;623;686;408;278;832;442;390;1826;917;909;2731;1762;969;874.0;504.0;444.0;455.0;2284.0;2337.0;484
2281;Alphen aan den Rijn;2007;71533;18461;44754;8318;57830;6196;2430;3766;7507;4193;3314;1309;670;639;691;399;292;844;437;407;1878;920;958;2785;1767;1018;857.0;499.0;471.0;437.0;2055.0;2320.0;484
2282;Alphen aan den Rijn;2008;71667;18396;44744;8527;57897;6168;2436;3732;7602;4156;3446;1327;665;662;676;380;296;851;430;421;1935;925;1010;2813;1756;1057;858.0;523.0;510.0;428.0;1998.0;2299.0;484
2283;Alphen aan den Rijn;2009;71791;18355;44654;8782;57908;6171;2473;3698;7712;4139;3573;1320;646;674;691;383;308;861;433;428;1979;920;1059;2861;1757;1104;838.0;525.0;554.0;451.0;1979.0;2290.0;484
2284;Alphen aan den Rijn;2010;71901;18295;44538;9068;57859;6216;2542;3674;7826;4137;3689;1333;635;698;693;395;298;861;430;431;2009;911;1098;2930;1766;1164;826.0;545.0;574.0;481.0;2018.0;2280.0;484
2285;Alphen aan den Rijn;2011;72021;18220;44454;9347;57783;6285;2623;3662;7953;4160;3793;1348;634;714;694;392;302;866;437;429;2054;910;1144;2991;1787;1204;781.0;535.0;567.0;426.0;1996.0;2280.0;484
2286;Alphen aan den Rijn;2012;72132;18079;44129;9924;57678;6383;2720;3663;8071;4176;3895;1366;635;731;701;387;314;850;422;428;2103;915;1188;3051;1817;1234;782.0;539.0;584.0;452.0;2011.0;2269.0;484
2287;Alphen aan den Rijn;2013;72254;18010;43752;10492;57602;6493;2841;3652;8159;4187;3972;1369;636;733;690;385;305;857;420;437;2154;914;1240;3089;1832;1257;757.0;563.0;648.0;470.0;2003.0;2257.0;484
2288;Alphen aan den Rijn;2014;72376;17871;43516;10989;57500;6592;2932;3660;8284;4212;4072;1368;630;738;707;389;318;871;425;446;2200;924;1276;3138;1844;1294;748.0;563.0;628.0;477.0;2047.0;2274.0;484
2289;Alphen aan den Rijn;2015;72491;17705;43324;11462;57396;6699;3020;3679;8396;4241;4155;1366;620;746;729;403;326;874;425;449;2227;930;1297;3200;1863;1337;724.0;573.0;634.0;507.0;2050.0;2249.0;484
2290;Alphen aan den Rijn;2016;72579;17582;43158;11839;57258;6822;3112;3710;8499;4256;4243;1376;614;762;730;397;333;872;427;445;2261;928;1333;3260;1890;1370;730.0;596.0;657.0;473.0;2043.0;2270.0;484
2291;Alphen aan den Rijn;2017;72680;17458;42988;12234;57110;6936;3192;3744;8634;4293;4341;1410;619;791;734;400;334;876;425;451;2295;932;1363;3319;1917;1402;751.0;602.0;644.0;519.0;2089.0;2270.0;484
2292;Alphen aan den Rijn;2018;72779;17338;42724;12717;56965;7043;3281;3762;8771;4345;4426;1418;610;808;731;397;334;888;436;452;2331;944;1387;3403;1958;1445;746.0;611.0;646.0;475.0;2076.0;2281.0;484
2293;Alphen aan den Rijn;2019;72892;17201;42594;13097;56797;7131;3343;3788;8964;4407;4557;1468;622;846;737;395;342;896;444;452;2354;938;1416;3509;2008;1501;764.0;625.0;694.0;453.0;2037.0;2312.0;484
2294;Alphen aan den Rijn;2020;73002;17066;42412;13524;56598;7279;3442;3837;9125;4480;4645;1481;633;848;758;399;359;911;451;460;2355;929;1426;3620;2068;1552;761.0;647.0;672.0;481.0;2094.0;2306.0;484
2295;Alphen aan den Rijn;2021;73101;16891;42285;13925;56411;7430;3548;3882;9260;4525;4735;1490;636;854;776;400;376;907;453;454;2378;930;1448;3709;2106;1603;774.0;684.0;715.0;496.0;2095.0;2323.0;484
2296;Alphen aan den Rijn;2022;73191;16694;42180;14317;56203;7557;3634;3923;9431;4616;4815;1507;634;873;779;400;379;919;458;461;2397;941;1456;3829;2183;1646;765.0;685.0;655.0;513.0;2164.0;2318.0;484
2297;Alphen aan den Rijn;2023;73268;16523;42034;14711;56064;7613;3650;3963;9591;4668;4923;1506;625;881;798;403;395;926;456;470;2415;946;1469;3946;2238;1708;756.0;686.0;671.0;538.0;2190.0;2320.0;484
2298;Alphen aan den Rijn;2024;73352;16377;41885;15090;55955;7717;3705;4012;9680;4688;4992;1504;625;879;799;395;404;931;460;471;2411;938;1473;4035;2270;1765;771.0;713.0;666.0;511.0;2179.0;2335.0;484
2299;Alphen aan den Rijn;2025;73418;16236;41732;15450;55812;7830;3783;4047;9776;4710;5066;1515;628;887;800;390;410;934;458;476;2441;947;1494;4086;2287;1799;;;;;;;484
2300;Alphen-Chaam;2006;9461;2397;5622;1442;8228;1080;297;783;153;98;55;17;5;12;15;7;8;2;2;0;6;4;2;113;80;33;90.0;79.0;23.0;26.0;297.0;285.0;1723
2301;Alphen-Chaam;2007;9480;2386;5608;1486;8228;1087;305;782;165;106;59;17;5;12;16;8;8;4;2;2;8;4;4;120;87;33;90.0;90.0;26.0;28.0;283.0;286.0;1723
2302;Alphen-Chaam;2008;9476;2344;5576;1556;8215;1085;307;778;176;114;62;18;7;11;15;7;8;6;3;3;10;3;7;127;94;33;88.0;81.0;24.0;31.0;282.0;289.0;1723
2303;Alphen-Chaam;2009;9471;2313;5524;1634;8185;1099;311;788;187;122;65;17;7;10;17;9;8;9;3;6;12;5;7;132;98;34;82.0;89.0;24.0;30.0;283.0;286.0;1723
2304;Alphen-Chaam;2010;9458;2285;5479;1694;8145;1105;310;795;208;141;67;17;7;10;17;8;9;11;4;7;14;6;8;149;116;33;81.0;88.0;28.0;29.0;286.0;294.0;1723
2305;Alphen-Chaam;2011;9442;2248;5416;1778;8105;1117;314;803;220;147;73;20;7;13;18;9;9;11;4;7;17;7;10;154;120;34;81.0;101.0;28.0;41.0;304.0;289.0;1723
2306;Alphen-Chaam;2012;9423;2208;5331;1884;8085;1102;307;795;236;157;79;22;7;15;19;9;10;12;5;7;17;6;11;166;130;36;84.0;95.0;23.0;32.0;294.0;301.0;1723
2307;Alphen-Chaam;2013;9400;2170;5279;1951;8063;1092;304;788;245;156;89;25;7;18;20;9;11;14;6;8;18;5;13;168;129;39;84.0;109.0;27.0;29.0;295.0;294.0;1723
2308;Alphen-Chaam;2014;9378;2121;5259;1998;8035;1087;310;777;256;162;94;23;7;16;23;10;13;14;6;8;23;6;17;173;133;40;92.0;112.0;21.0;20.0;290.0;288.0;1723
2309;Alphen-Chaam;2015;9362;2089;5232;2041;8007;1087;306;781;268;173;95;25;7;18;23;11;12;15;6;9;22;7;15;183;142;41;94.0;108.0;26.0;25.0;300.0;302.0;1723
2310;Alphen-Chaam;2016;9351;2052;5198;2101;7993;1082;315;767;276;181;95;24;8;16;23;11;12;17;6;11;22;9;13;190;147;43;85.0;115.0;17.0;31.0;308.0;288.0;1723
2311;Alphen-Chaam;2017;9327;2026;5162;2139;7949;1086;318;768;292;197;95;25;8;17;22;9;13;18;7;11;22;9;13;205;164;41;78.0;103.0;23.0;21.0;284.0;285.0;1723
2312;Alphen-Chaam;2018;9305;1998;5119;2188;7906;1099;333;766;300;203;97;27;8;19;21;8;13;20;9;11;23;9;14;209;169;40;86.0;110.0;24.0;26.0;297.0;294.0;1723
2313;Alphen-Chaam;2019;9282;1979;5069;2234;7876;1091;337;754;315;209;106;26;8;18;21;8;13;23;9;14;24;9;15;221;175;46;86.0;120.0;25.0;28.0;306.0;293.0;1723
2314;Alphen-Chaam;2020;9260;1967;4984;2309;7851;1079;334;745;330;220;110;27;9;18;22;9;13;30;11;19;23;8;15;228;183;45;92.0;119.0;26.0;29.0;297.0;294.0;1723
2315;Alphen-Chaam;2021;9236;1958;4938;2340;7825;1070;332;738;341;226;115;29;11;18;23;9;14;32;11;21;24;9;15;233;186;47;90.0;120.0;19.0;21.0;294.0;292.0;1723
2316;Alphen-Chaam;2022;9208;1958;4851;2399;7785;1079;332;747;344;226;118;30;11;19;22;9;13;35;11;24;26;10;16;231;185;46;82.0;122.0;29.0;23.0;303.0;296.0;1723
2317;Alphen-Chaam;2023;9181;1940;4813;2428;7735;1089;349;740;357;230;127;30;11;19;23;10;13;36;11;25;30;10;20;238;188;50;96.0;136.0;33.0;20.0;296.0;297.0;1723
2318;Alphen-Chaam;2024;9154;1946;4753;2455;7690;1103;347;756;361;231;130;32;10;22;23;11;12;34;11;23;30;11;19;242;188;54;93.0;126.0;28.0;21.0;286.0;288.0;1723
2319;Alphen-Chaam;2025;9127;1938;4698;2491;7645;1112;354;758;370;236;134;33;11;22;23;11;12;36;11;25;33;12;21;245;191;54;;;;;;;1723
2320;Ambt Montfort;2006;10961;2391;6790;1780;9452;1309;452;857;200;119;81;16;6;10;11;4;7;5;2;3;26;14;12;142;93;49;104.0;109.0;40.0;68.0;304.0;319.0;1679
2321;Ambt Montfort;2007;10912;2362;6700;1850;9397;1307;449;858;208;126;82;16;6;10;11;6;5;8;2;6;27;14;13;146;98;48;104.0;120.0;45.0;54.0;287.0;317.0;1679
2322;Ambt Montfort;2008;10858;2339;6625;1894;9321;1317;456;861;220;134;86;17;7;10;12;6;6;11;2;9;30;16;14;150;103;47;99.0;112.0;44.0;53.0;283.0;309.0;1679
2323;Ambt Montfort;2009;10808;2292;6543;1973;9277;1306;450;856;225;139;86;18;6;12;10;5;5;11;2;9;29;16;13;157;110;47;102.0;109.0;48.0;49.0;272.0;310.0;1679
2324;Ambt Montfort;2010;10760;2276;6422;2062;9234;1289;444;845;237;152;85;18;7;11;10;5;5;13;5;8;30;17;13;166;118;48;96.0;122.0;36.0;49.0;279.0;297.0;1679
2325;Ambt Montfort;2011;10702;2247;6352;2103;9155;1289;446;843;258;166;92;20;9;11;12;7;5;15;7;8;33;18;15;178;125;53;93.0;118.0;34.0;56.0;288.0;310.0;1679
2326;Ambt Montfort;2012;10635;2228;6220;2187;9089;1289;449;840;257;165;92;21;10;11;8;5;3;18;7;11;33;19;14;177;124;53;92.0;123.0;29.0;53.0;295.0;299.0;1679
2327;Ambt Montfort;2013;10576;2204;6105;2267;9004;1295;444;851;277;176;101;24;12;12;12;8;4;21;7;14;34;20;14;186;129;57;100.0;114.0;34.0;56.0;281.0;299.0;1679
2328;Ambt Montfort;2014;10523;2183;5982;2358;8950;1288;439;849;285;182;103;24;12;12;10;6;4;24;8;16;34;20;14;193;136;57;95.0;119.0;29.0;55.0;284.0;293.0;1679
2329;Ambt Montfort;2015;10466;2150;5870;2446;8880;1293;445;848;293;192;101;26;14;12;9;7;2;23;7;16;37;21;16;198;143;55;94.0;135.0;23.0;60.0;297.0;287.0;1679
2330;Ambt Montfort;2016;10397;2123;5765;2509;8819;1278;434;844;300;195;105;26;13;13;10;8;2;24;7;17;39;21;18;201;146;55;91.0;130.0;33.0;47.0;297.0;304.0;1679
2331;Ambt Montfort;2017;10338;2092;5644;2602;8741;1276;430;846;321;211;110;29;13;16;10;8;2;25;7;18;39;22;17;218;161;57;111.0;137.0;34.0;34.0;277.0;307.0;1679
2332;Ambt Montfort;2018;10283;2095;5544;2644;8702;1255;428;827;326;218;108;25;11;14;10;7;3;26;7;19;37;20;17;228;173;55;99.0;143.0;35.0;55.0;293.0;291.0;1679
2333;Ambt Montfort;2019;10222;2100;5440;2682;8653;1230;429;801;339;229;110;24;10;14;15;10;5;28;8;20;36;19;17;236;182;54;96.0;148.0;22.0;47.0;299.0;287.0;1679
2334;Ambt Montfort;2020;10158;2089;5359;2710;8601;1211;432;779;346;233;113;23;12;11;15;10;5;30;7;23;37;19;18;241;185;56;98.0;139.0;27.0;53.0;293.0;292.0;1679
2335;Ambt Montfort;2021;10093;2052;5299;2742;8563;1176;419;757;354;246;108;22;12;10;18;11;7;28;8;20;34;17;17;252;198;54;112.0;160.0;29.0;30.0;280.0;291.0;1679
2336;Ambt Montfort;2022;10033;2056;5218;2759;8507;1157;414;743;369;257;112;23;12;11;17;10;7;29;8;21;35;17;18;265;210;55;107.0;153.0;26.0;36.0;281.0;281.0;1679
2337;Ambt Montfort;2023;9978;2049;5123;2806;8442;1153;410;743;383;265;118;27;16;11;18;12;6;32;9;23;41;18;23;265;210;55;105.0;162.0;30.0;52.0;295.0;287.0;1679
2338;Ambt Montfort;2024;9907;2047;5018;2842;8381;1144;414;730;382;261;121;29;18;11;19;13;6;32;9;23;43;18;25;259;203;56;113.0;171.0;35.0;41.0;290.0;291.0;1679
2339;Ambt Montfort;2025;9844;2048;4941;2855;8330;1126;413;713;388;261;127;28;16;12;20;12;8;32;9;23;46;19;27;262;205;57;;;;;;;1679
2340;Ameland;2006;3613;907;2210;496;3353;173;92;81;87;66;21;2;0;2;6;3;3;1;0;1;1;1;0;77;62;15;44.0;38.0;26.0;7.0;240.0;231.0;60
2341;Ameland;2007;3648;923;2216;509;3352;187;95;92;109;84;25;4;0;4;8;6;2;1;0;1;2;1;1;94;77;17;42.0;29.0;28.0;10.0;247.0;238.0;60
2342;Ameland;2008;3689;930;2224;535;3357;194;91;103;138;104;34;8;2;6;11;8;3;1;0;1;4;1;3;114;93;21;45.0;28.0;24.0;14.0;239.0;242.0;60
2343;Ameland;2009;3714;942;2220;552;3357;206;97;109;151;112;39;9;3;6;11;7;4;1;0;1;4;1;3;126;101;25;47.0;37.0;21.0;13.0;240.0;256.0;60
2344;Ameland;2010;3717;953;2185;579;3356;210;105;105;151;106;45;11;4;7;13;8;5;1;0;1;4;1;3;122;93;29;47.0;27.0;33.0;7.0;247.0;246.0;60
2345;Ameland;2011;3767;961;2198;608;3373;225;110;115;169;119;50;15;6;9;17;12;5;1;0;1;3;0;3;133;101;32;58.0;41.0;27.0;13.0;239.0;256.0;60
2346;Ameland;2012;3782;981;2181;620;3364;238;112;126;180;131;49;16;7;9;15;11;4;1;0;1;3;0;3;145;113;32;50.0;33.0;40.0;11.0;242.0;249.0;60
2347;Ameland;2013;3823;1000;2180;643;3376;261;122;139;186;132;54;18;9;9;18;12;6;1;0;1;3;0;3;146;111;35;52.0;33.0;26.0;10.0;243.0;269.0;60
2348;Ameland;2014;3833;1012;2151;670;3375;280;131;149;178;123;55;19;9;10;17;13;4;1;0;1;3;0;3;138;101;37;42.0;37.0;44.0;13.0;242.0;265.0;60
2349;Ameland;2015;3846;1018;2180;648;3368;281;140;141;197;137;60;21;10;11;19;13;6;2;0;2;3;0;3;152;114;38;54.0;39.0;34.0;12.0;241.0;265.0;60
2350;Ameland;2016;3860;1023;2178;659;3364;290;146;144;206;143;63;23;10;13;17;12;5;2;0;2;4;0;4;160;121;39;64.0;32.0;38.0;15.0;243.0;269.0;60
2351;Ameland;2017;3891;1043;2162;686;3378;298;151;147;215;139;76;22;10;12;21;15;6;2;0;2;5;0;5;165;114;51;54.0;37.0;27.0;13.0;243.0;267.0;60
2352;Ameland;2018;3900;1059;2142;699;3369;297;148;149;234;149;85;24;10;14;24;17;7;3;0;3;6;1;5;177;121;56;55.0;38.0;40.0;6.0;248.0;274.0;60
2353;Ameland;2019;3925;1071;2146;708;3371;322;162;160;232;150;82;23;10;13;24;16;8;3;0;3;5;1;4;177;123;54;60.0;32.0;29.0;8.0;253.0;260.0;60
2354;Ameland;2020;3966;1060;2174;732;3387;341;171;170;238;156;82;23;9;14;27;18;9;3;0;3;4;1;3;181;128;53;58.0;33.0;35.0;16.0;243.0;280.0;60
2355;Ameland;2021;3974;1055;2180;739;3366;354;174;180;254;160;94;26;10;16;26;18;8;5;0;5;8;1;7;189;131;58;56.0;38.0;30.0;14.0;244.0;267.0;60
2356;Ameland;2022;3985;1068;2169;748;3359;367;180;187;259;167;92;25;10;15;28;18;10;5;0;5;8;1;7;193;138;55;59.0;43.0;30.0;12.0;251.0;285.0;60
2357;Ameland;2023;3990;1063;2187;740;3340;375;182;193;275;179;96;30;13;17;27;19;8;6;0;6;7;1;6;205;146;59;71.0;38.0;42.0;12.0;250.0;285.0;60
2358;Ameland;2024;4020;1076;2200;744;3357;376;183;193;287;183;104;30;12;18;28;19;9;8;1;7;6;1;5;215;150;65;57.0;30.0;28.0;16.0;250.0;273.0;60
2359;Ameland;2025;4037;1077;2203;757;3346;391;189;202;300;198;102;31;11;20;34;23;11;8;1;7;5;1;4;222;162;60;;;;;;;60
2360;Amerongen;2006;7118;1862;4030;1226;6372;500;170;330;246;135;111;29;13;16;28;13;15;21;15;6;54;21;33;114;73;41;77.0;70.0;19.0;16.0;284.0;374.0;306
2361;Amerongen;2007;7038;1839;3959;1240;6246;523;179;344;269;152;117;30;14;16;27;13;14;25;17;8;57;23;34;130;85;45;79.0;72.0;25.0;31.0;306.0;372.0;306
2362;Amerongen;2008;6974;1796;3911;1267;6146;529;186;343;299;167;132;40;20;20;27;13;14;25;16;9;57;23;34;150;95;55;72.0;83.0;23.0;14.0;304.0;371.0;306
2363;Amerongen;2009;6906;1800;3805;1301;6039;549;194;355;318;182;136;44;23;21;28;14;14;22;16;6;59;23;36;165;106;59;68.0;88.0;27.0;23.0;295.0;361.0;306
2364;Amerongen;2010;6824;1763;3749;1312;5922;561;191;370;341;197;144;53;29;24;27;13;14;22;15;7;56;21;35;183;119;64;75.0;74.0;23.0;23.0;284.0;358.0;306
2365;Amerongen;2011;6751;1748;3669;1334;5813;574;195;379;364;216;148;55;31;24;26;11;15;22;16;6;61;24;37;200;134;66;67.0;68.0;33.0;17.0;269.0;349.0;306
2366;Amerongen;2012;6687;1721;3595;1371;5718;591;206;385;378;221;157;54;30;24;30;11;19;25;17;8;61;24;37;208;139;69;69.0;72.0;33.0;27.0;279.0;350.0;306
2367;Amerongen;2013;6619;1718;3510;1391;5624;591;207;384;404;232;172;59;32;27;30;11;19;28;18;10;66;24;42;221;147;74;59.0;79.0;30.0;26.0;280.0;344.0;306
2368;Amerongen;2014;6544;1687;3453;1404;5513;600;207;393;431;250;181;58;32;26;35;13;22;30;18;12;68;23;45;240;164;76;78.0;74.0;25.0;18.0;260.0;339.0;306
2369;Amerongen;2015;6477;1674;3389;1414;5418;604;205;399;455;261;194;64;36;28;35;11;24;29;16;13;73;25;48;254;173;81;72.0;64.0;41.0;24.0;245.0;337.0;306
2370;Amerongen;2016;6412;1648;3308;1456;5316;633;222;411;463;267;196;68;37;31;35;15;20;32;18;14;71;26;45;257;171;86;67.0;79.0;19.0;23.0;279.0;345.0;306
2371;Amerongen;2017;6333;1614;3270;1449;5217;635;230;405;481;280;201;68;40;28;38;16;22;31;17;14;70;24;46;274;183;91;55.0;80.0;18.0;15.0;282.0;325.0;306
2372;Amerongen;2018;6270;1568;3249;1453;5111;654;233;421;505;296;209;71;40;31;38;16;22;30;17;13;74;26;48;292;197;95;83.0;70.0;29.0;36.0;270.0;343.0;306
2373;Amerongen;2019;6204;1549;3206;1449;5006;676;245;431;522;304;218;71;40;31;41;20;21;32;16;16;77;27;50;301;201;100;51.0;85.0;31.0;24.0;288.0;336.0;306
2374;Amerongen;2020;6131;1530;3134;1467;4921;664;238;426;546;321;225;73;40;33;41;20;21;37;19;18;79;30;49;316;212;104;73.0;85.0;23.0;19.0;264.0;328.0;306
2375;Amerongen;2021;6061;1516;3078;1467;4821;681;243;438;559;321;238;74;39;35;40;20;20;43;20;23;80;31;49;322;211;111;72.0;77.0;19.0;18.0;270.0;340.0;306
2376;Amerongen;2022;5989;1507;3007;1475;4745;678;237;441;566;321;245;77;40;37;41;23;18;48;21;27;80;31;49;320;206;114;53.0;73.0;30.0;17.0;279.0;346.0;306
2377;Amerongen;2023;5916;1483;2930;1503;4641;695;242;453;580;336;244;80;41;39;38;23;15;48;22;26;84;31;53;330;219;111;70.0;78.0;23.0;22.0;257.0;316.0;306
2378;Amerongen;2024;5851;1459;2887;1505;4539;712;243;469;600;345;255;85;43;42;41;24;17;49;24;25;93;33;60;332;221;111;66.0;95.0;21.0;20.0;282.0;328.0;306
2379;Amerongen;2025;5778;1446;2855;1477;4451;711;245;466;616;359;257;87;46;41;45;28;17;50;25;25;100;37;63;334;223;111;;;;;;;306
2380;Amersfoort;2006;135570;36671;83147;15752;105832;11478;4351;7127;18260;10705;7555;1558;807;751;1572;914;658;5524;3059;2465;3925;2040;1885;5681;3885;1796;1993.0;1078.0;843.0;687.0;4950.0;4781.0;307
2381;Amersfoort;2007;136818;37169;83773;15876;106629;11544;4449;7095;18645;10733;7912;1654;841;813;1565;896;669;5605;3066;2539;4025;2044;1981;5796;3886;1910;1908.0;1088.0;889.0;704.0;5022.0;4790.0;307
2382;Amersfoort;2008;138061;37639;84419;16003;107309;11636;4583;7053;19116;10843;8273;1717;867;850;1583;912;671;5702;3083;2619;4148;2060;2088;5966;3921;2045;1865.0;1097.0;938.0;738.0;4981.0;4804.0;307
2383;Amersfoort;2009;139210;38041;84948;16221;107993;11677;4674;7003;19540;10865;8675;1763;879;884;1599;913;686;5797;3085;2712;4267;2068;2199;6114;3920;2194;1844.0;1088.0;934.0;719.0;5079.0;4820.0;307
2384;Amersfoort;2010;140449;38359;85581;16509;108688;11807;4806;7001;19954;10924;9030;1806;895;911;1599;897;702;5915;3108;2807;4352;2078;2274;6282;3946;2336;1794.0;1126.0;979.0;719.0;5186.0;4865.0;307
2385;Amersfoort;2011;141706;38582;86380;16744;109420;11926;4923;7003;20360;10974;9386;1853;896;957;1608;905;703;6008;3117;2891;4464;2090;2374;6427;3966;2461;1762.0;1134.0;1046.0;712.0;5158.0;4893.0;307
2386;Amersfoort;2012;142945;38770;86561;17614;110025;12089;5111;6978;20831;11081;9750;1904;909;995;1639;913;726;6084;3129;2955;4567;2099;2468;6637;4031;2606;1726.0;1163.0;1059.0;726.0;5235.0;4932.0;307
2387;Amersfoort;2013;144151;38895;87010;18246;110607;12260;5281;6979;21284;11191;10093;1959;923;1036;1655;933;722;6206;3148;3058;4645;2117;2528;6819;4070;2749;1704.0;1140.0;1033.0;708.0;5268.0;4996.0;307
2388;Amersfoort;2014;145316;38976;87488;18852;111141;12484;5490;6994;21691;11289;10402;2029;960;1069;1659;926;733;6256;3141;3115;4715;2118;2597;7032;4144;2888;1676.0;1175.0;1050.0;759.0;5364.0;5046.0;307
2389;Amersfoort;2015;146435;38962;88049;19424;111674;12674;5675;6999;22087;11380;10707;2058;978;1080;1644;926;718;6313;3152;3161;4798;2104;2694;7274;4220;3054;1688.0;1185.0;1076.0;715.0;5309.0;5100.0;307
2390;Amersfoort;2016;147520;38955;88567;19998;112166;12903;5868;7035;22451;11448;11003;2098;999;1099;1654;925;729;6387;3155;3232;4847;2095;2752;7465;4274;3191;1707.0;1176.0;1100.0;732.0;5282.0;5136.0;307
2391;Amersfoort;2017;148577;38938;89081;20558;112569;13157;6095;7062;22851;11566;11285;2164;1036;1128;1652;906;746;6460;3171;3289;4883;2087;2796;7692;4366;3326;1722.0;1208.0;1137.0;754.0;5337.0;5210.0;307
2392;Amersfoort;2018;149615;38835;89628;21152;113037;13349;6264;7085;23229;11671;11558;2189;1032;1157;1668;925;743;6530;3179;3351;4936;2093;2843;7906;4442;3464;1694.0;1240.0;1116.0;760.0;5409.0;5257.0;307
2393;Amersfoort;2019;150593;38665;90154;21774;113436;13556;6446;7110;23601;11754;11847;2219;1024;1195;1677;929;748;6559;3172;3387;5003;2088;2915;8143;4541;3602;1745.0;1221.0;1133.0;772.0;5397.0;5341.0;307
2394;Amersfoort;2020;151545;38450;90622;22473;113794;13754;6605;7149;23997;11872;12125;2270;1035;1235;1686;935;751;6629;3194;3435;5030;2077;2953;8382;4631;3751;1709.0;1277.0;1136.0;771.0;5472.0;5388.0;307
2395;Amersfoort;2021;152441;38088;91285;23068;114124;13944;6757;7187;24373;11998;12375;2326;1059;1267;1709;944;765;6665;3201;3464;5052;2073;2979;8621;4721;3900;1733.0;1296.0;1143.0;810.0;5525.0;5430.0;307
2396;Amersfoort;2022;153322;37790;91809;23723;114446;14138;6913;7225;24738;12091;12647;2364;1073;1291;1736;953;783;6721;3200;3521;5064;2066;2998;8853;4799;4054;1787.0;1342.0;1143.0;775.0;5470.0;5468.0;307
2397;Amersfoort;2023;154147;37573;92100;24474;114736;14355;7087;7268;25056;12181;12875;2378;1072;1306;1767;962;805;6743;3184;3559;5083;2056;3027;9085;4907;4178;1738.0;1343.0;1158.0;779.0;5489.0;5511.0;307
2398;Amersfoort;2024;154910;37282;92355;25273;115062;14514;7242;7272;25334;12249;13085;2387;1072;1315;1795;978;817;6757;3156;3601;5073;2064;3009;9322;4979;4343;1774.0;1368.0;1172.0;794.0;5449.0;5529.0;307
2399;Amersfoort;2025;155627;37063;92473;26091;115244;14710;7345;7365;25673;12372;13301;2441;1085;1356;1812;1004;808;6751;3140;3611;5086;2057;3029;9583;5086;4497;;;;;;;307
2400;Amstelveen;2006;78225;17304;46835;14086;55397;13496;7410;6086;9332;5709;3623;1960;1007;953;663;367;296;468;255;213;695;344;351;5546;3736;1810;738.0;779.0;1709.0;1674.0;3479.0;3618.0;362
2401;Amstelveen;2007;78085;17360;46885;13840;55038;13460;7372;6088;9587;5691;3896;2022;1011;1011;634;333;301;505;269;236;757;357;400;5669;3721;1948;751.0;796.0;1760.0;1634.0;3443.0;3604.0;362
2402;Amstelveen;2008;78013;17408;46987;13618;54682;13506;7426;6080;9825;5675;4150;2082;1004;1078;625;329;296;535;282;253;823;370;453;5760;3690;2070;752.0;776.0;1836.0;1632.0;3350.0;3602.0;362
2403;Amstelveen;2009;77954;17354;47007;13593;54290;13599;7521;6078;10065;5662;4403;2139;1003;1136;614;331;283;566;288;278;898;385;513;5848;3655;2193;755.0;761.0;1948.0;1643.0;3271.0;3585.0;362
2404;Amstelveen;2010;77946;17345;47031;13570;53903;13720;7639;6081;10323;5680;4643;2193;994;1199;611;326;285;604;307;297;945;393;552;5970;3660;2310;749.0;761.0;2022.0;1667.0;3223.0;3597.0;362
2405;Amstelveen;2011;77920;17331;47163;13426;53493;13921;7841;6080;10506;5694;4812;2247;1007;1240;615;324;291;619;310;309;992;393;599;6033;3660;2373;764.0;757.0;2066.0;1671.0;3209.0;3618.0;362
2406;Amstelveen;2012;77914;17314;46994;13606;53094;14104;8028;6076;10716;5695;5021;2287;1000;1287;586;313;273;639;311;328;1060;410;650;6144;3661;2483;744.0;735.0;2126.0;1718.0;3188.0;3612.0;362
2407;Amstelveen;2013;77909;17234;46818;13857;52711;14314;8244;6070;10884;5720;5164;2321;996;1325;582;312;270;655;318;337;1111;414;697;6215;3680;2535;752.0;758.0;2188.0;1762.0;3211.0;3637.0;362
2408;Amstelveen;2014;77910;17175;46813;13922;52335;14497;8434;6063;11078;5735;5343;2349;987;1362;597;321;276;685;329;356;1173;428;745;6274;3670;2604;757.0;749.0;2180.0;1747.0;3189.0;3645.0;362
2409;Amstelveen;2015;77906;17012;46864;14030;51947;14645;8570;6075;11314;5776;5538;2358;976;1382;607;320;287;716;341;375;1251;446;805;6382;3693;2689;758.0;735.0;2213.0;1721.0;3165.0;3663.0;362
2410;Amstelveen;2016;77926;16943;46812;14171;51549;14838;8725;6113;11539;5821;5718;2370;970;1400;610;321;289;742;348;394;1330;465;865;6487;3717;2770;739.0;737.0;2227.0;1789.0;3264.0;3691.0;362
2411;Amstelveen;2017;77944;16822;46908;14214;51226;14995;8854;6141;11723;5821;5902;2370;954;1416;606;306;300;764;349;415;1418;487;931;6565;3725;2840;758.0;721.0;2272.0;1781.0;3208.0;3718.0;362
2412;Amstelveen;2018;77968;16691;46959;14318;50876;15213;9019;6194;11879;5820;6059;2357;935;1422;615;310;305;779;348;431;1494;510;984;6634;3717;2917;774.0;723.0;2322.0;1781.0;3173.0;3724.0;362
2413;Amstelveen;2019;78014;16570;47027;14417;50505;15431;9171;6260;12078;5876;6202;2353;931;1422;632;328;304;810;360;450;1568;533;1035;6715;3724;2991;764.0;722.0;2338.0;1812.0;3216.0;3737.0;362
2414;Amstelveen;2020;78073;16440;47084;14549;50144;15634;9290;6344;12295;5936;6359;2357;918;1439;648;345;303;843;375;468;1609;536;1073;6838;3762;3076;762.0;718.0;2395.0;1789.0;3156.0;3757.0;362
2415;Amstelveen;2021;78130;16263;47151;14716;49774;15883;9467;6416;12473;5927;6546;2344;887;1457;658;342;316;871;384;487;1693;554;1139;6907;3760;3147;793.0;706.0;2355.0;1767.0;3195.0;3781.0;362
2416;Amstelveen;2022;78225;16174;47131;14920;49441;16098;9604;6494;12686;5992;6694;2338;877;1461;677;354;323;901;396;505;1744;564;1180;7026;3801;3225;759.0;709.0;2379.0;1827.0;3247.0;3805.0;362
2417;Amstelveen;2023;78282;16056;47175;15051;49147;16310;9727;6583;12825;5973;6852;2330;859;1471;677;349;328;919;402;517;1800;569;1231;7099;3794;3305;784.0;725.0;2376.0;1848.0;3293.0;3789.0;362
2418;Amstelveen;2024;78384;15924;47165;15295;48874;16506;9838;6668;13004;6025;6979;2317;863;1454;681;350;331;950;416;534;1852;574;1278;7204;3822;3382;810.0;705.0;2291.0;1797.0;3298.0;3796.0;362
2419;Amstelveen;2025;78494;15900;47056;15538;48612;16696;9930;6766;13186;6060;7126;2309;858;1451;700;371;329;980;426;554;1914;578;1336;7283;3827;3456;;;;;;;362
2420;Amsterdam;2006;743772;163332;495622;84818;390682;103691;55839;47852;249399;147788;101611;68048;40534;27514;11109;7028;4081;38611;21986;16625;64519;34275;30244;67112;43965;23147;10718.0;6274.0;11720.0;8969.0;23541.0;27789.0;363
2421;Amsterdam;2007;746760;167143;494578;85039;393296;104479;56459;48020;248985;144946;104039;66752;39427;27325;11008;6882;4126;39199;22075;17124;65400;34141;31259;66626;42421;24205;10409.0;6302.0;11904.0;8894.0;22385.0;27332.0;363
2422;Amsterdam;2008;748966;170255;493152;85559;395354;105248;57141;48107;248364;142369;105995;65504;38444;27060;10890;6730;4160;39742;22179;17563;66098;33971;32127;66130;41045;25085;10156.0;6274.0;12074.0;8775.0;21946.0;26907.0;363
2423;Amsterdam;2009;751217;172939;491795;86483;397333;106217;58022;48195;247667;139840;107827;64207;37448;26759;10854;6629;4225;40221;22228;17993;66777;33823;32954;65608;39712;25896;9811.0;6261.0;12253.0;8627.0;23586.0;26516.0;363
2424;Amsterdam;2010;755497;175579;492024;87894;400074;107722;59270;48452;247701;138070;109631;63184;36644;26540;10879;6643;4236;40798;22344;18454;67540;33783;33757;65300;38656;26644;9516.0;6235.0;12410.0;8509.0;23441.0;26291.0;363
2425;Amsterdam;2011;759866;177607;493390;88869;402661;109412;60669;48743;247793;136448;111345;62270;35945;26325;10928;6640;4288;41320;22435;18885;68139;33681;34458;65136;37747;27389;9208.0;6260.0;12569.0;8524.0;23471.0;26110.0;363
2426;Amsterdam;2012;764259;179374;491900;92985;405126;111178;62195;48983;247955;135146;112809;61339;35271;26068;11022;6687;4335;41844;22564;19280;68715;33594;35121;65035;37030;28005;8943.0;6297.0;12703.0;8461.0;23445.0;25994.0;363
2427;Amsterdam;2013;768643;180656;491317;96670;407482;113222;63911;49311;247939;133806;114133;60404;34615;25789;11077;6695;4382;42284;22658;19626;69213;33487;35726;64961;36351;28610;8676.0;6310.0;12769.0;8530.0;23508.0;25863.0;363
2428;Amsterdam;2014;772935;181812;491370;99753;409727;115228;65546;49682;247980;132660;115320;59497;33979;25518;11110;6701;4409;42770;22765;20005;69685;33445;36240;64918;35770;29148;8524.0;6301.0;12782.0;8399.0;23408.0;25837.0;363
2429;Amsterdam;2015;777154;182730;491848;102576;411838;117156;67119;50037;248160;131677;116483;58669;33411;25258;11223;6722;4501;43228;22884;20344;70105;33399;36706;64935;35261;29674;8269.0;6401.0;12761.0;8447.0;23681.0;25809.0;363
2430;Amsterdam;2016;781255;183466;492229;105560;413829;119073;68644;50429;248353;130771;117582;57900;32846;25054;11275;6707;4568;43684;23002;20682;70449;33340;37109;65045;34876;30169;8110.0;6468.0;12735.0;8454.0;23886.0;25855.0;363
2431;Amsterdam;2017;785262;183798;493395;108069;415836;120807;69990;50817;248619;129936;118683;57188;32331;24857;11347;6726;4621;44129;23104;21025;70798;33279;37519;65157;34496;30661;7986.0;6527.0;12662.0;8402.0;24034.0;25910.0;363
2432;Amsterdam;2018;789151;183648;494396;111107;417746;122487;71324;51163;248918;129191;119727;56478;31824;24654;11452;6750;4702;44567;23218;21349;71065;33188;37877;65356;34211;31145;7883.0;6591.0;12724.0;8452.0;24238.0;26047.0;363
2433;Amsterdam;2019;792957;182990;496097;113870;419518;124261;72654;51607;249178;128504;120674;55774;31317;24457;11587;6776;4811;45025;23335;21690;71232;33100;38132;65560;33976;31584;7752.0;6720.0;12795.0;8456.0;24499.0;26208.0;363
2434;Amsterdam;2020;796672;181960;497788;116924;421254;126077;74034;52043;249341;127898;121443;55122;30850;24272;11741;6820;4921;45358;23414;21944;71393;33045;38348;65727;33769;31958;7723.0;6787.0;12842.0;8555.0;24681.0;26386.0;363
2435;Amsterdam;2021;800242;180274;500089;119879;422889;127676;75300;52376;249677;127321;122356;54527;30385;24142;11894;6861;5033;45771;23538;22233;71480;32979;38501;66005;33558;32447;7655.0;6919.0;12867.0;8557.0;24967.0;26569.0;363
2436;Amsterdam;2022;803737;178250;502363;123124;424320;129346;76623;52723;250071;126877;123194;53958;29956;24002;12028;6911;5117;46196;23632;22564;71512;32888;38624;66377;33490;32887;7599.0;7065.0;12916.0;8456.0;25089.0;26759.0;363
2437;Amsterdam;2023;807109;176016;504760;126333;425549;131131;77957;53174;250429;126429;124000;53337;29473;23864;12251;6999;5252;46583;23707;22876;71452;32771;38681;66806;33479;33327;7652.0;7209.0;12852.0;8506.0;25278.0;26942.0;363
2438;Amsterdam;2024;810288;173364;507108;129816;426646;132949;79312;53637;250693;125915;124778;52728;29011;23717;12404;7044;5360;46920;23731;23189;71404;32640;38764;67237;33489;33748;7596.0;7405.0;12834.0;8536.0;25577.0;27074.0;363
2439;Amsterdam;2025;813337;171301;508732;133304;427691;134730;80720;54010;250916;125464;125452;52162;28555;23607;12595;7136;5459;47216;23779;23437;71277;32456;38821;67666;33538;34128;;;;;;;363
2440;Andijk;2006;6514;1681;4008;825;5827;440;177;263;247;162;85;48;25;23;21;13;8;7;4;3;8;5;3;163;115;48;67.0;49.0;22.0;21.0;310.0;291.0;364
2441;Andijk;2007;6553;1654;4032;867;5803;466;189;277;284;186;98;59;31;28;19;13;6;11;7;4;16;8;8;179;127;52;74.0;51.0;24.0;11.0;277.0;285.0;364
2442;Andijk;2008;6582;1629;4049;904;5769;493;196;297;320;212;108;67;34;33;21;14;7;17;11;6;16;8;8;199;145;54;69.0;56.0;22.0;12.0;280.0;290.0;364
2443;Andijk;2009;6597;1626;4015;956;5735;519;200;319;343;228;115;78;40;38;23;13;10;19;12;7;19;10;9;204;153;51;66.0;58.0;24.0;17.0;283.0;286.0;364
2444;Andijk;2010;6609;1593;4011;1005;5689;541;209;332;379;245;134;84;41;43;27;14;13;27;16;11;22;10;12;219;164;55;67.0;60.0;22.0;16.0;285.0;285.0;364
2445;Andijk;2011;6621;1572;3991;1058;5646;577;223;354;398;256;142;86;41;45;31;18;13;29;17;12;25;12;13;227;168;59;69.0;62.0;25.0;19.0;288.0;296.0;364
2446;Andijk;2012;6626;1548;3947;1131;5593;603;234;369;430;274;156;88;41;47;31;19;12;30;17;13;27;13;14;254;184;70;69.0;68.0;32.0;15.0;291.0;291.0;364
2447;Andijk;2013;6645;1543;3907;1195;5560;634;245;389;451;287;164;88;42;46;34;22;12;33;17;16;29;13;16;267;193;74;58.0;68.0;28.0;22.0;303.0;302.0;364
2448;Andijk;2014;6642;1508;3866;1268;5507;655;260;395;480;300;180;92;42;50;32;20;12;38;19;19;35;13;22;283;206;77;62.0;64.0;22.0;16.0;299.0;298.0;364
2449;Andijk;2015;6652;1497;3817;1338;5479;672;270;402;501;310;191;99;44;55;29;17;12;44;23;21;38;16;22;291;210;81;55.0;72.0;27.0;27.0;316.0;308.0;364
2450;Andijk;2016;6643;1477;3777;1389;5433;679;270;409;531;329;202;101;44;57;33;21;12;48;25;23;42;18;24;307;221;86;75.0;83.0;22.0;24.0;305.0;287.0;364
2451;Andijk;2017;6648;1486;3722;1440;5395;699;285;414;554;332;222;99;42;57;39;22;17;53;26;27;45;21;24;318;221;97;67.0;76.0;23.0;25.0;298.0;291.0;364
2452;Andijk;2018;6645;1460;3705;1480;5354;722;297;425;569;336;233;105;44;61;38;23;15;51;26;25;49;23;26;326;220;106;73.0;86.0;25.0;24.0;299.0;283.0;364
2453;Andijk;2019;6649;1458;3673;1518;5314;745;303;442;590;347;243;104;44;60;35;22;13;54;25;29;55;24;31;342;232;110;71.0;85.0;33.0;20.0;297.0;298.0;364
2454;Andijk;2020;6647;1448;3649;1550;5260;774;318;456;613;361;252;110;47;63;39;24;15;54;25;29;61;27;34;349;238;111;71.0;79.0;25.0;20.0;300.0;296.0;364
2455;Andijk;2021;6647;1445;3619;1583;5230;794;333;461;623;360;263;123;49;74;42;25;17;52;25;27;61;29;32;345;232;113;88.0;83.0;22.0;18.0;291.0;297.0;364
2456;Andijk;2022;6651;1449;3574;1628;5215;795;333;462;641;363;278;125;47;78;46;30;16;52;24;28;64;30;34;354;232;122;79.0;99.0;29.0;22.0;291.0;292.0;364
2457;Andijk;2023;6640;1478;3545;1617;5190;806;335;471;644;364;280;129;53;76;41;25;16;53;25;28;65;30;35;356;231;125;69.0;84.0;19.0;22.0;299.0;288.0;364
2458;Andijk;2024;6633;1470;3501;1662;5129;842;354;488;662;374;288;132;55;77;42;26;16;58;27;31;69;32;37;361;234;127;71.0;78.0;26.0;17.0;289.0;294.0;364
2459;Andijk;2025;6629;1464;3474;1691;5101;864;359;505;664;372;292;134;58;76;43;27;16;56;25;31;72;32;40;359;230;129;;;;;;;364
2460;Anna Paulowna;2006;14374;3895;8795;1684;13106;795;246;549;473;286;187;64;31;33;95;51;44;19;13;6;8;4;4;287;187;100;167.0;94.0;30.0;33.0;559.0;536.0;366
2461;Anna Paulowna;2007;14467;3890;8797;1780;13124;819;261;558;524;316;208;77;39;38;103;56;47;19;14;5;10;4;6;315;203;112;171.0;101.0;24.0;34.0;524.0;539.0;366
2462;Anna Paulowna;2008;14514;3833;8805;1876;13085;857;273;584;572;346;226;85;41;44;105;62;43;21;16;5;18;8;10;343;219;124;168.0;106.0;30.0;44.0;537.0;552.0;366
2463;Anna Paulowna;2009;14546;3791;8793;1962;13049;898;288;610;599;371;228;88;46;42;107;68;39;27;18;9;18;9;9;359;230;129;161.0;107.0;34.0;36.0;531.0;555.0;366
2464;Anna Paulowna;2010;14578;3772;8756;2050;13017;942;305;637;619;379;240;92;49;43;107;68;39;33;21;12;22;11;11;365;230;135;160.0;119.0;35.0;35.0;525.0;556.0;366
2465;Anna Paulowna;2011;14590;3736;8735;2119;12980;962;311;651;648;396;252;97;51;46;110;70;40;37;25;12;26;11;15;378;239;139;162.0;111.0;34.0;27.0;520.0;554.0;366
2466;Anna Paulowna;2012;14616;3714;8617;2285;12931;986;328;658;699;432;267;101;56;45;120;77;43;40;26;14;35;13;22;403;260;143;153.0;122.0;24.0;26.0;534.0;553.0;366
2467;Anna Paulowna;2013;14624;3646;8532;2446;12892;997;329;668;735;451;284;110;61;49;119;75;44;47;30;17;37;13;24;422;272;150;158.0;126.0;33.0;29.0;527.0;552.0;366
2468;Anna Paulowna;2014;14637;3614;8484;2539;12836;1021;340;681;780;483;297;119;63;56;121;77;44;47;29;18;40;13;27;453;301;152;176.0;134.0;26.0;43.0;537.0;541.0;366
2469;Anna Paulowna;2015;14657;3554;8451;2652;12779;1070;360;710;808;492;316;124;62;62;123;79;44;46;28;18;47;15;32;468;308;160;166.0;130.0;26.0;30.0;544.0;545.0;366
2470;Anna Paulowna;2016;14689;3546;8418;2725;12735;1107;373;734;847;513;334;129;63;66;131;85;46;52;31;21;50;14;36;485;320;165;175.0;136.0;30.0;28.0;526.0;545.0;366
2471;Anna Paulowna;2017;14711;3540;8381;2790;12672;1136;381;755;903;549;354;132;63;69;140;91;49;55;32;23;58;18;40;518;345;173;164.0;155.0;29.0;42.0;572.0;553.0;366
2472;Anna Paulowna;2018;14725;3515;8321;2889;12629;1148;378;770;948;574;374;146;70;76;144;94;50;55;31;24;62;20;42;541;359;182;182.0;155.0;32.0;44.0;562.0;566.0;366
2473;Anna Paulowna;2019;14736;3509;8282;2945;12578;1172;392;780;986;591;395;149;72;77;149;94;55;59;31;28;66;22;44;563;372;191;177.0;137.0;32.0;34.0;534.0;558.0;366
2474;Anna Paulowna;2020;14750;3496;8218;3036;12518;1208;399;809;1024;605;419;157;77;80;153;95;58;63;32;31;74;24;50;577;377;200;178.0;150.0;29.0;39.0;548.0;563.0;366
2475;Anna Paulowna;2021;14755;3471;8193;3091;12471;1245;418;827;1039;612;427;166;79;87;153;96;57;61;33;28;74;23;51;585;381;204;187.0;157.0;35.0;32.0;544.0;561.0;366
2476;Anna Paulowna;2022;14776;3442;8198;3136;12420;1270;433;837;1086;642;444;172;85;87;155;97;58;63;34;29;83;24;59;613;402;211;166.0;166.0;32.0;23.0;568.0;564.0;366
2477;Anna Paulowna;2023;14789;3438;8144;3207;12360;1290;435;855;1139;676;463;181;90;91;159;100;59;63;34;29;92;29;63;644;423;221;172.0;168.0;37.0;35.0;579.0;572.0;366
2478;Anna Paulowna;2024;14803;3436;8094;3273;12306;1300;439;861;1197;696;501;189;95;94;171;104;67;71;36;35;100;29;71;666;432;234;177.0;162.0;35.0;50.0;574.0;568.0;366
2479;Anna Paulowna;2025;14815;3428;8062;3325;12253;1315;441;874;1247;711;536;196;95;101;174;105;69;73;39;34;113;33;80;691;439;252;;;;;;;366
2480;Apeldoorn;2006;156401;37650;94445;24306;133292;11966;4358;7608;11143;6507;4636;1031;508;523;1031;587;444;3985;2073;1912;844;436;408;4252;2903;1349;1762.0;1562.0;682.0;1096.0;4518.0;4300.0;200
2481;Apeldoorn;2007;156418;37483;94499;24436;133230;11794;4246;7548;11394;6508;4886;1093;534;559;1025;569;456;4072;2075;1997;896;448;448;4308;2882;1426;1730.0;1586.0;715.0;1059.0;4896.0;4286.0;200
2482;Apeldoorn;2008;156835;37409;94783;24643;133460;11686;4193;7493;11689;6543;5146;1152;560;592;1007;549;458;4161;2088;2073;960;469;491;4409;2877;1532;1730.0;1577.0;745.0;1037.0;4971.0;4308.0;200
2483;Apeldoorn;2009;157374;37417;94879;25078;133723;11635;4184;7451;12016;6639;5377;1213;584;629;1019;563;456;4245;2098;2147;1010;494;516;4529;2900;1629;1717.0;1614.0;771.0;1021.0;4915.0;4326.0;200
2484;Apeldoorn;2010;157828;37333;94890;25605;133918;11561;4152;7409;12349;6710;5639;1265;609;656;1045;582;463;4332;2114;2218;1069;505;564;4638;2900;1738;1706.0;1592.0;789.0;1053.0;4931.0;4334.0;200
2485;Apeldoorn;2011;158288;37238;95087;25963;134087;11556;4197;7359;12645;6782;5863;1315;627;688;1029;578;451;4405;2136;2269;1124;516;608;4772;2925;1847;1684.0;1647.0;772.0;1032.0;4981.0;4345.0;200
2486;Apeldoorn;2012;158712;37122;94555;27035;134189;11545;4235;7310;12978;6879;6099;1371;654;717;1023;580;443;4471;2129;2342;1184;534;650;4929;2982;1947;1684.0;1623.0;808.0;1055.0;4960.0;4373.0;200
2487;Apeldoorn;2013;159126;37008;94056;28062;134262;11561;4275;7286;13303;6963;6340;1440;680;760;1036;585;451;4527;2126;2401;1250;556;694;5050;3016;2034;1699.0;1691.0;841.0;1021.0;4952.0;4388.0;200
2488;Apeldoorn;2014;159533;36876;93798;28859;134355;11554;4312;7242;13624;7031;6593;1480;703;777;1034;575;459;4622;2143;2479;1304;567;737;5184;3043;2141;1672.0;1708.0;869.0;1056.0;4985.0;4398.0;200
2489;Apeldoorn;2015;159907;36698;93617;29592;134382;11518;4341;7177;14007;7137;6870;1521;715;806;1052;584;468;4717;2167;2550;1374;580;794;5343;3091;2252;1702.0;1695.0;840.0;1033.0;4967.0;4410.0;200
2490;Apeldoorn;2016;160286;36639;93510;30137;134382;11524;4347;7177;14380;7284;7096;1578;753;825;1053;592;461;4777;2170;2607;1436;604;832;5536;3165;2371;1721.0;1727.0;848.0;1061.0;4961.0;4422.0;200
2491;Apeldoorn;2017;160614;36623;93305;30686;134414;11532;4373;7159;14668;7373;7295;1625;789;836;1071;591;480;4826;2167;2659;1479;621;858;5667;3205;2462;1721.0;1721.0;813.0;1041.0;4972.0;4431.0;200
2492;Apeldoorn;2018;160944;36609;93050;31285;134437;11502;4382;7120;15005;7455;7550;1697;809;888;1097;595;502;4866;2167;2699;1521;640;881;5824;3244;2580;1725.0;1735.0;810.0;1026.0;4961.0;4444.0;200
2493;Apeldoorn;2019;161249;36469;92949;31831;134468;11443;4368;7075;15338;7575;7763;1738;822;916;1121;606;515;4907;2170;2737;1588;660;928;5984;3317;2667;1761.0;1769.0;827.0;991.0;4924.0;4445.0;200
2494;Apeldoorn;2020;161571;36364;92773;32434;134472;11444;4434;7010;15655;7678;7977;1780;844;936;1171;631;540;4959;2175;2784;1640;668;972;6105;3360;2745;1760.0;1795.0;820.0;984.0;4912.0;4460.0;200
2495;Apeldoorn;2021;161843;36244;92603;32996;134430;11418;4456;6962;15995;7812;8183;1810;862;948;1177;638;539;5017;2190;2827;1687;673;1014;6304;3449;2855;1768.0;1810.0;808.0;997.0;4920.0;4463.0;200
2496;Apeldoorn;2022;162086;36181;92336;33569;134347;11438;4484;6954;16301;7908;8393;1836;867;969;1192;632;560;5071;2210;2861;1734;689;1045;6468;3510;2958;1813.0;1822.0;825.0;987.0;4863.0;4472.0;200
2497;Apeldoorn;2023;162330;36116;92123;34091;134275;11450;4502;6948;16605;7989;8616;1856;886;970;1216;637;579;5096;2208;2888;1786;695;1091;6651;3563;3088;1809.0;1860.0;829.0;979.0;4887.0;4475.0;200
2498;Apeldoorn;2024;162561;36147;91805;34609;134196;11443;4526;6917;16922;8078;8844;1922;904;1018;1233;650;583;5114;2195;2919;1819;697;1122;6834;3632;3202;1824.0;1915.0;806.0;991.0;4927.0;4474.0;200
2499;Apeldoorn;2025;162759;36146;91441;35172;134080;11471;4541;6930;17208;8169;9039;1949;927;1022;1247;655;592;5163;2199;2964;1850;695;1155;6999;3693;3306;;;;;;;200
2500;Appingedam;2006;12267;2686;7277;2304;10761;929;378;551;577;353;224;76;52;24;22;11;11;219;114;105;44;20;24;216;156;60;135.0;138.0;45.0;24.0;540.0;511.0;3
2501;Appingedam;2007;12315;2712;7303;2300;10792;928;381;547;595;369;226;73;49;24;23;12;11;221;115;106;45;22;23;233;171;62;123.0;125.0;51.0;30.0;530.0;521.0;3
2502;Appingedam;2008;12344;2704;7335;2305;10790;930;381;549;624;392;232;75;49;26;26;15;11;222;118;104;47;24;23;254;186;68;124.0;129.0;56.0;35.0;515.0;519.0;3
2503;Appingedam;2009;12360;2708;7323;2329;10783;947;391;556;630;396;234;72;48;24;29;18;11;217;116;101;47;24;23;265;190;75;114.0;134.0;51.0;36.0;545.0;525.0;3
2504;Appingedam;2010;12376;2702;7323;2351;10771;967;403;564;638;403;235;72;48;24;28;16;12;210;113;97;48;24;24;280;202;78;131.0;145.0;58.0;38.0;538.0;531.0;3
2505;Appingedam;2011;12393;2700;7320;2373;10772;970;405;565;651;416;235;69;46;23;32;19;13;208;112;96;48;25;23;294;214;80;122.0;131.0;71.0;37.0;517.0;523.0;3
2506;Appingedam;2012;12418;2707;7287;2424;10753;989;415;574;676;434;242;73;47;26;34;21;13;206;111;95;48;24;24;315;231;84;137.0;125.0;68.0;40.0;518.0;532.0;3
2507;Appingedam;2013;12443;2718;7235;2490;10739;1008;429;579;696;443;253;75;47;28;37;23;14;207;112;95;49;24;25;328;237;91;135.0;142.0;66.0;51.0;538.0;531.0;3
2508;Appingedam;2014;12458;2748;7171;2539;10725;1026;432;594;707;436;271;76;48;28;36;20;16;205;108;97;51;25;26;339;235;104;121.0;129.0;73.0;35.0;524.0;536.0;3
2509;Appingedam;2015;12477;2759;7160;2558;10729;1040;448;592;708;434;274;75;46;29;41;25;16;205;107;98;49;26;23;338;230;108;132.0;144.0;68.0;53.0;545.0;535.0;3
2510;Appingedam;2016;12493;2742;7144;2607;10725;1055;466;589;713;442;271;72;42;30;41;24;17;203;109;94;49;26;23;348;241;107;146.0;136.0;79.0;38.0;524.0;548.0;3
2511;Appingedam;2017;12520;2745;7126;2649;10725;1068;478;590;727;458;269;69;40;29;43;26;17;200;109;91;49;26;23;366;257;109;152.0;131.0;70.0;26.0;506.0;546.0;3
2512;Appingedam;2018;12547;2780;7100;2667;10708;1078;496;582;761;484;277;70;38;32;47;27;20;195;109;86;53;28;25;396;282;114;146.0;151.0;88.0;29.0;522.0;562.0;3
2513;Appingedam;2019;12561;2789;7080;2692;10713;1095;522;573;753;482;271;63;33;30;52;30;22;190;107;83;52;28;24;396;284;112;143.0;151.0;69.0;45.0;549.0;559.0;3
2514;Appingedam;2020;12571;2812;7077;2682;10708;1101;534;567;762;490;272;66;32;34;49;27;22;186;106;80;48;27;21;413;298;115;140.0;137.0;74.0;44.0;533.0;555.0;3
2515;Appingedam;2021;12580;2788;7064;2728;10713;1093;540;553;774;491;283;69;32;37;51;29;22;180;102;78;46;26;20;428;302;126;146.0;144.0;69.0;36.0;536.0;559.0;3
2516;Appingedam;2022;12594;2795;7032;2767;10694;1105;556;549;795;506;289;71;31;40;54;30;24;175;102;73;45;26;19;450;317;133;149.0;152.0;60.0;46.0;561.0;561.0;3
2517;Appingedam;2023;12605;2822;6996;2787;10672;1108;554;554;825;521;304;68;29;39;58;29;29;173;100;73;46;26;20;480;337;143;129.0;145.0;73.0;44.0;555.0;567.0;3
2518;Appingedam;2024;12605;2823;6970;2812;10630;1133;569;564;842;532;310;64;26;38;63;33;30;172;101;71;43;25;18;500;347;153;135.0;143.0;75.0;32.0;547.0;574.0;3
2519;Appingedam;2025;12610;2843;6951;2816;10601;1151;580;571;858;545;313;66;25;41;68;37;31;166;99;67;41;25;16;517;359;158;;;;;;;3
2520;Arcen en Velden;2006;8971;2201;5491;1279;7633;1176;382;794;162;109;53;8;4;4;6;5;1;13;7;6;8;4;4;127;89;38;81.0;59.0;21.0;31.0;268.0;276.0;885
2521;Arcen en Velden;2007;8976;2140;5491;1345;7617;1174;373;801;185;125;60;9;5;4;7;5;2;16;8;8;7;3;4;146;104;42;88.0;71.0;26.0;27.0;255.0;277.0;885
2522;Arcen en Velden;2008;8972;2093;5476;1403;7587;1190;381;809;195;134;61;10;6;4;7;5;2;18;10;8;9;5;4;151;108;43;76.0;78.0;36.0;36.0;272.0;276.0;885
2523;Arcen en Velden;2009;8966;2039;5446;1481;7554;1210;390;820;202;140;62;10;7;3;9;7;2;21;12;9;9;5;4;153;109;44;71.0;71.0;32.0;27.0;260.0;279.0;885
2524;Arcen en Velden;2010;8955;1999;5408;1548;7521;1212;390;822;222;151;71;11;8;3;8;6;2;24;12;12;12;6;6;167;119;48;69.0;72.0;27.0;27.0;270.0;284.0;885
2525;Arcen en Velden;2011;8940;1939;5398;1603;7487;1211;384;827;242;165;77;14;9;5;9;7;2;27;15;12;12;6;6;180;128;52;70.0;91.0;20.0;28.0;294.0;289.0;885
2526;Arcen en Velden;2012;8917;1902;5333;1682;7457;1203;375;828;257;173;84;18;8;10;11;9;2;27;15;12;15;7;8;186;134;52;79.0;103.0;28.0;24.0;285.0;288.0;885
2527;Arcen en Velden;2013;8895;1852;5311;1732;7415;1202;381;821;278;185;93;20;10;10;13;11;2;31;15;16;19;9;10;195;140;55;82.0;91.0;25.0;31.0;287.0;293.0;885
2528;Arcen en Velden;2014;8874;1821;5264;1789;7376;1208;381;827;290;192;98;20;10;10;14;12;2;34;17;17;22;10;12;200;143;57;99.0;86.0;31.0;27.0;254.0;284.0;885
2529;Arcen en Velden;2015;8862;1808;5214;1840;7348;1218;390;828;296;195;101;21;10;11;15;13;2;34;17;17;23;11;12;203;144;59;92.0;91.0;24.0;28.0;269.0;278.0;885
2530;Arcen en Velden;2016;8850;1791;5163;1896;7323;1218;393;825;309;197;112;20;10;10;15;12;3;36;18;18;29;11;18;209;146;63;93.0;93.0;24.0;20.0;262.0;274.0;885
2531;Arcen en Velden;2017;8844;1778;5113;1953;7291;1224;407;817;329;207;122;20;10;10;16;13;3;40;21;19;33;11;22;220;152;68;83.0;101.0;23.0;32.0;275.0;275.0;885
2532;Arcen en Velden;2018;8819;1744;5077;1998;7269;1222;408;814;328;201;127;20;9;11;15;12;3;45;23;22;35;11;24;213;146;67;95.0;100.0;32.0;24.0;255.0;271.0;885
2533;Arcen en Velden;2019;8807;1755;5022;2030;7248;1214;403;811;345;207;138;22;10;12;18;14;4;46;22;24;40;11;29;219;150;69;87.0;102.0;23.0;25.0;276.0;278.0;885
2534;Arcen en Velden;2020;8786;1733;4968;2085;7215;1213;403;810;358;212;146;24;11;13;19;14;5;49;23;26;43;11;32;223;153;70;109.0;115.0;23.0;29.0;273.0;286.0;885
2535;Arcen en Velden;2021;8762;1728;4908;2126;7179;1212;407;805;371;220;151;25;12;13;20;16;4;50;21;29;48;11;37;228;160;68;101.0;96.0;29.0;31.0;257.0;278.0;885
2536;Arcen en Velden;2022;8747;1739;4824;2184;7162;1208;404;804;377;225;152;22;11;11;18;14;4;53;21;32;49;12;37;235;167;68;104.0;112.0;19.0;32.0;272.0;274.0;885
2537;Arcen en Velden;2023;8723;1751;4757;2215;7129;1194;396;798;400;235;165;24;11;13;20;17;3;56;22;34;54;13;41;246;172;74;100.0;115.0;25.0;31.0;268.0;268.0;885
2538;Arcen en Velden;2024;8704;1776;4694;2234;7099;1202;396;806;403;230;173;28;13;15;20;17;3;54;20;34;55;13;42;246;167;79;94.0;114.0;26.0;25.0;264.0;264.0;885
2539;Arcen en Velden;2025;8688;1795;4625;2268;7069;1207;399;808;412;230;182;28;13;15;23;19;4;54;19;35;59;14;45;248;165;83;;;;;;;885
2540;Arnhem;2006;141216;31323;91633;18260;102161;15829;6302;9527;23226;14217;9009;2875;1596;1279;1832;1256;576;7569;4146;3423;2634;1367;1267;8316;5852;2464;1655.0;1390.0;1031.0;1104.0;7172.0;7206.0;202
2541;Arnhem;2007;141388;31634;91459;18295;102580;15638;6263;9375;23170;13931;9239;2868;1580;1288;1768;1191;577;7563;4089;3474;2655;1362;1293;8316;5709;2607;1627.0;1346.0;1053.0;1064.0;7049.0;7074.0;202
2542;Arnhem;2008;141651;31924;91400;18327;103045;15526;6243;9283;23080;13646;9434;2814;1552;1262;1682;1111;571;7562;4067;3495;2704;1353;1351;8318;5563;2755;1569.0;1342.0;1079.0;1050.0;6993.0;6962.0;202
2543;Arnhem;2009;141950;32146;91309;18495;103437;15411;6259;9152;23102;13432;9670;2795;1527;1268;1651;1071;580;7560;4017;3543;2752;1367;1385;8344;5450;2894;1532.0;1346.0;1056.0;1053.0;6974.0;6869.0;202
2544;Arnhem;2010;142256;32282;91271;18703;103851;15325;6259;9066;23080;13234;9846;2755;1494;1261;1618;1049;569;7521;3981;3540;2789;1366;1423;8397;5344;3053;1504.0;1348.0;1102.0;1006.0;6880.0;6820.0;202
2545;Arnhem;2011;142581;32330;91360;18891;104225;15299;6278;9021;23057;13053;10004;2742;1500;1242;1571;1010;561;7473;3930;3543;2834;1361;1473;8437;5252;3185;1487.0;1360.0;1111.0;983.0;6840.0;6768.0;202
2546;Arnhem;2012;142921;32284;90944;19693;104605;15259;6321;8938;23057;12886;10171;2718;1493;1225;1537;974;563;7441;3887;3554;2871;1359;1512;8490;5173;3317;1451.0;1370.0;1081.0;961.0;6813.0;6719.0;202
2547;Arnhem;2013;143233;32251;90540;20442;104863;15244;6369;8875;23126;12818;10308;2728;1506;1222;1529;948;581;7380;3861;3519;2889;1361;1528;8600;5142;3458;1396.0;1385.0;1054.0;962.0;6854.0;6688.0;202
2548;Arnhem;2014;143520;32132;90367;21021;105143;15247;6415;8832;23130;12672;10458;2689;1486;1203;1475;895;580;7369;3838;3531;2923;1351;1572;8674;5102;3572;1377.0;1376.0;1015.0;957.0;6855.0;6664.0;202
2549;Arnhem;2015;143788;32016;90209;21563;105455;15220;6474;8746;23113;12533;10580;2656;1471;1185;1430;846;584;7354;3806;3548;2931;1345;1586;8742;5065;3677;1334.0;1390.0;1058.0;905.0;6805.0;6648.0;202
2550;Arnhem;2016;144061;31880;90065;22116;105682;15234;6569;8665;23145;12450;10695;2645;1457;1188;1422;852;570;7334;3792;3542;2931;1341;1590;8813;5008;3805;1325.0;1411.0;983.0;909.0;6830.0;6615.0;202
2551;Arnhem;2017;144282;31772;89843;22667;105983;15181;6601;8580;23118;12335;10783;2621;1448;1173;1424;846;578;7270;3749;3521;2935;1334;1601;8868;4958;3910;1306.0;1399.0;1029.0;895.0;6808.0;6619.0;202
2552;Arnhem;2018;144526;31600;89655;23271;106119;15212;6665;8547;23195;12321;10874;2608;1451;1157;1409;842;567;7258;3743;3515;2929;1325;1604;8991;4960;4031;1281.0;1431.0;944.0;887.0;6898.0;6612.0;202
2553;Arnhem;2019;144736;31290;89567;23879;106360;15160;6654;8506;23216;12316;10900;2611;1450;1161;1398;837;561;7170;3705;3465;2939;1327;1612;9098;4997;4101;1260.0;1423.0;953.0;871.0;6899.0;6621.0;202
2554;Arnhem;2020;144949;31018;89496;24435;106574;15186;6732;8454;23189;12264;10925;2619;1467;1152;1395;823;572;7129;3688;3441;2927;1329;1598;9119;4957;4162;1285.0;1458.0;926.0;854.0;6900.0;6628.0;202
2555;Arnhem;2021;145136;30637;89507;24992;106760;15140;6741;8399;23236;12248;10988;2602;1452;1150;1410;830;580;7052;3628;3424;2935;1339;1596;9237;4999;4238;1265.0;1511.0;904.0;862.0;6978.0;6642.0;202
2556;Arnhem;2022;145280;30326;89303;25651;106978;15109;6789;8320;23193;12116;11077;2587;1440;1147;1392;809;583;6952;3559;3393;2964;1335;1629;9298;4973;4325;1259.0;1508.0;891.0;863.0;7004.0;6643.0;202
2557;Arnhem;2023;145430;29875;89293;26262;107167;15067;6780;8287;23196;12083;11113;2589;1437;1152;1398;818;580;6882;3520;3362;2955;1323;1632;9372;4985;4387;1225.0;1533.0;842.0;823.0;7015.0;6630.0;202
2558;Arnhem;2024;145537;29517;89103;26917;107297;15058;6833;8225;23182;12046;11136;2590;1425;1165;1395;820;575;6785;3472;3313;2968;1324;1644;9444;5005;4439;1264.0;1558.0;850.0;800.0;6973.0;6622.0;202
2559;Arnhem;2025;145655;29281;88792;27582;107442;15083;6877;8206;23130;11939;11191;2580;1408;1172;1383;807;576;6701;3420;3281;2956;1323;1633;9510;4981;4529;;;;;;;202
2560;Assen;2006;62673;16151;37685;8837;53876;5093;2083;3010;3704;2336;1368;427;210;217;297;187;110;344;186;158;250;118;132;2386;1635;751;773.0;576.0;465.0;380.0;2984.0;2262.0;106
2561;Assen;2007;63679;16341;38409;8929;54620;5206;2189;3017;3853;2415;1438;448;218;230;302;188;114;357;193;164;261;118;143;2485;1698;787;739.0;597.0;553.0;424.0;3237.0;2312.0;106
2562;Assen;2008;64877;16517;39285;9075;55503;5341;2321;3020;4033;2535;1498;464;232;232;322;202;120;359;191;168;270;125;145;2618;1785;833;759.0;607.0;591.0;423.0;3169.0;2380.0;106
2563;Assen;2009;65991;16751;40029;9211;56289;5488;2422;3066;4214;2643;1571;484;253;231;335;213;122;372;196;176;284;128;156;2739;1853;886;778.0;616.0;640.0;442.0;3211.0;2440.0;106
2564;Assen;2010;67127;16958;40733;9436;57066;5700;2583;3117;4361;2729;1632;483;252;231;358;235;123;378;201;177;299;134;165;2843;1907;936;761.0;631.0;727.0;492.0;3261.0;2496.0;106
2565;Assen;2011;68259;17061;41578;9620;57814;5913;2768;3145;4532;2827;1705;498;257;241;383;262;121;384;200;184;310;139;171;2957;1969;988;804.0;647.0;737.0;484.0;3308.0;2570.0;106
2566;Assen;2012;69413;17234;42068;10111;58560;6135;2969;3166;4718;2933;1785;509;260;249;394;273;121;402;206;196;317;143;174;3096;2051;1045;795.0;653.0;770.0;536.0;3369.0;2617.0;106
2567;Assen;2013;70543;17408;42619;10516;59265;6393;3186;3207;4885;3031;1854;522;269;253;402;276;126;416;212;204;335;151;184;3210;2123;1087;832.0;673.0;864.0;534.0;3311.0;2671.0;106
2568;Assen;2014;71674;17594;43199;10881;59889;6673;3420;3253;5112;3179;1933;534;277;257;418;286;132;441;230;211;338;152;186;3381;2234;1147;829.0;678.0;920.0;573.0;3348.0;2724.0;106
2569;Assen;2015;72802;17811;43773;11218;60511;6966;3661;3305;5325;3320;2005;544;288;256;428;292;136;449;235;214;344;152;192;3560;2353;1207;859.0;685.0;968.0;620.0;3344.0;2784.0;106
2570;Assen;2016;73889;18027;44295;11567;61097;7245;3904;3341;5547;3444;2103;562;295;267;458;311;147;457;236;221;352;157;195;3718;2445;1273;888.0;686.0;1033.0;627.0;3294.0;2819.0;106
2571;Assen;2017;74975;18275;44736;11964;61608;7590;4170;3420;5777;3564;2213;570;302;268;484;324;160;472;238;234;370;171;199;3881;2529;1352;883.0;718.0;1048.0;668.0;3356.0;2861.0;106
2572;Assen;2018;76022;18449;45217;12356;62123;7907;4418;3489;5992;3679;2313;587;312;275;496;337;159;488;242;246;373;171;202;4048;2617;1431;918.0;732.0;1095.0;691.0;3325.0;2913.0;106
2573;Assen;2019;77030;18687;45600;12743;62569;8225;4692;3533;6236;3805;2431;604;330;274;514;354;160;522;255;267;392;175;217;4204;2691;1513;926.0;758.0;1115.0;708.0;3332.0;2948.0;106
2574;Assen;2020;77994;18885;45934;13175;63010;8510;4938;3572;6474;3966;2508;629;357;272;538;378;160;531;262;269;401;186;215;4375;2783;1592;896.0;746.0;1159.0;731.0;3339.0;2988.0;106
2575;Assen;2021;78925;19092;46249;13584;63423;8804;5172;3632;6698;4088;2610;634;362;272;559;396;163;552;268;284;396;184;212;4557;2878;1679;926.0;758.0;1178.0;746.0;3341.0;3025.0;106
2576;Assen;2022;79845;19352;46526;13967;63799;9100;5401;3699;6946;4239;2707;620;370;250;610;439;171;564;272;292;407;191;216;4745;2967;1778;937.0;774.0;1194.0;763.0;3328.0;3066.0;106
2577;Assen;2023;80710;19522;46823;14365;64132;9373;5612;3761;7205;4394;2811;635;384;251;642;465;177;577;282;295;410;189;221;4941;3074;1867;955.0;808.0;1269.0;799.0;3318.0;3117.0;106
2578;Assen;2024;81536;19705;47078;14753;64365;9681;5820;3861;7490;4589;2901;665;399;266;682;500;182;583;290;293;417;193;224;5143;3207;1936;922.0;813.0;1291.0;790.0;3301.0;3162.0;106
2579;Assen;2025;82292;19776;47352;15164;64563;9947;6048;3899;7782;4789;2993;693;417;276;737;537;200;596;301;295;430;198;232;5326;3336;1990;;;;;;;106
2580;Asten;2006;16232;4268;9832;2132;15149;638;216;422;445;260;185;30;14;16;12;6;6;10;3;7;112;54;58;281;183;98;171.0;117.0;42.0;74.0;422.0;476.0;743
2581;Asten;2007;16202;4207;9790;2205;15100;651;216;435;451;265;186;28;14;14;13;7;6;12;3;9;110;53;57;288;188;100;157.0;116.0;39.0;72.0;431.0;475.0;743
2582;Asten;2008;16168;4103;9796;2269;15043;661;218;443;464;273;191;28;15;13;12;7;5;14;3;11;111;52;59;299;196;103;162.0;123.0;39.0;82.0;433.0;460.0;743
2583;Asten;2009;16138;4036;9737;2365;14969;692;236;456;477;279;198;28;14;14;15;9;6;16;3;13;110;53;57;308;200;108;164.0;126.0;36.0;66.0;429.0;473.0;743
2584;Asten;2010;16102;3960;9678;2464;14928;697;242;455;477;276;201;27;14;13;14;7;7;18;4;14;109;52;57;309;199;110;154.0;130.0;36.0;53.0;426.0;478.0;743
2585;Asten;2011;16061;3897;9612;2552;14889;692;240;452;480;275;205;28;14;14;15;7;8;20;5;15;105;51;54;312;198;114;149.0;131.0;45.0;77.0;441.0;478.0;743
2586;Asten;2012;16009;3816;9547;2646;14836;694;243;451;479;279;200;24;13;11;16;8;8;20;5;15;103;50;53;316;203;113;161.0;139.0;45.0;66.0;428.0;477.0;743
2587;Asten;2013;15965;3751;9452;2762;14785;706;256;450;474;279;195;25;15;10;13;7;6;21;5;16;102;49;53;313;203;110;169.0;137.0;45.0;60.0;419.0;473.0;743
2588;Asten;2014;15928;3656;9378;2894;14735;701;256;445;492;292;200;25;16;9;16;8;8;22;5;17;103;51;52;326;212;114;171.0;146.0;55.0;71.0;422.0;474.0;743
2589;Asten;2015;15882;3606;9264;3012;14670;703;262;441;509;299;210;28;19;9;19;10;9;28;6;22;104;50;54;330;214;116;175.0;147.0;38.0;65.0;417.0;472.0;743
2590;Asten;2016;15827;3541;9175;3111;14625;692;270;422;510;290;220;29;19;10;18;9;9;31;7;24;97;45;52;335;210;125;168.0;146.0;35.0;70.0;435.0;477.0;743
2591;Asten;2017;15773;3495;9063;3215;14564;702;269;433;507;288;219;30;20;10;18;10;8;32;8;24;98;42;56;329;208;121;179.0;163.0;37.0;49.0;417.0;467.0;743
2592;Asten;2018;15728;3474;8954;3300;14505;719;286;433;504;286;218;29;16;13;17;9;8;37;9;28;95;42;53;326;210;116;171.0;165.0;42.0;63.0;437.0;469.0;743
2593;Asten;2019;15682;3455;8839;3388;14446;727;288;439;509;294;215;31;19;12;17;11;6;40;10;30;91;39;52;330;215;115;174.0;160.0;52.0;53.0;398.0;463.0;743
2594;Asten;2020;15632;3437;8718;3477;14376;736;296;440;520;297;223;30;17;13;18;12;6;43;10;33;91;38;53;338;220;118;179.0;168.0;47.0;63.0;420.0;466.0;743
2595;Asten;2021;15584;3410;8632;3542;14330;745;302;443;509;289;220;29;16;13;16;10;6;46;10;36;91;38;53;327;215;112;187.0;169.0;40.0;71.0;416.0;453.0;743
2596;Asten;2022;15535;3390;8553;3592;14276;749;305;444;510;291;219;29;16;13;13;6;7;48;11;37;91;38;53;329;220;109;180.0;172.0;45.0;62.0;413.0;454.0;743
2597;Asten;2023;15486;3354;8483;3649;14217;749;306;443;520;301;219;31;16;15;13;7;6;49;13;36;91;38;53;336;227;109;174.0;182.0;42.0;55.0;423.0;455.0;743
2598;Asten;2024;15434;3328;8407;3699;14152;756;308;448;526;300;226;32;18;14;16;9;7;51;12;39;91;39;52;336;222;114;181.0;184.0;32.0;62.0;421.0;445.0;743
2599;Asten;2025;15379;3338;8266;3775;14091;750;308;442;538;307;231;32;17;15;17;9;8;52;12;40;90;38;52;347;231;116;;;;;;;743
2600;Baarle-Nassau;2006;6588;1385;3973;1230;4866;1586;549;1037;136;88;48;14;5;9;11;5;6;11;6;5;9;4;5;91;68;23;49.0;73.0;26.0;35.0;225.0;186.0;744
2601;Baarle-Nassau;2007;6593;1384;3974;1235;4878;1554;530;1024;161;107;54;16;5;11;12;6;6;11;6;5;12;6;6;110;84;26;48.0;77.0;30.0;30.0;212.0;190.0;744
2602;Baarle-Nassau;2008;6587;1392;3922;1273;4861;1539;520;1019;187;122;65;19;6;13;13;6;7;14;8;6;17;9;8;124;93;31;46.0;80.0;29.0;29.0;221.0;192.0;744
2603;Baarle-Nassau;2009;6582;1388;3891;1303;4871;1509;512;997;202;134;68;20;7;13;17;8;9;14;8;6;18;9;9;133;102;31;45.0;69.0;32.0;32.0;207.0;189.0;744
2604;Baarle-Nassau;2010;6575;1381;3843;1351;4861;1504;512;992;210;133;77;23;8;15;17;7;10;17;8;9;20;10;10;133;100;33;45.0;71.0;35.0;25.0;206.0;196.0;744
2605;Baarle-Nassau;2011;6571;1365;3829;1377;4867;1494;518;976;210;131;79;24;8;16;14;5;9;17;10;7;22;11;11;133;97;36;57.0;83.0;30.0;32.0;210.0;187.0;744
2606;Baarle-Nassau;2012;6565;1373;3762;1430;4883;1456;508;948;226;143;83;26;9;17;15;6;9;20;12;8;22;11;11;143;105;38;58.0;73.0;28.0;22.0;195.0;196.0;744
2607;Baarle-Nassau;2013;6555;1374;3701;1480;4866;1442;508;934;247;154;93;31;9;22;19;9;10;22;14;8;23;11;12;152;111;41;49.0;82.0;29.0;30.0;220.0;206.0;744
2608;Baarle-Nassau;2014;6535;1348;3684;1503;4851;1423;506;917;261;163;98;29;8;21;22;11;11;25;16;9;27;12;15;158;116;42;56.0;86.0;22.0;25.0;209.0;197.0;744
2609;Baarle-Nassau;2015;6515;1338;3628;1549;4844;1408;509;899;263;164;99;30;9;21;23;12;11;25;16;9;28;12;16;157;115;42;49.0;86.0;19.0;30.0;228.0;194.0;744
2610;Baarle-Nassau;2016;6499;1326;3603;1570;4851;1369;497;872;279;173;106;32;10;22;25;14;11;26;16;10;33;15;18;163;118;45;56.0;78.0;17.0;25.0;212.0;190.0;744
2611;Baarle-Nassau;2017;6492;1339;3561;1592;4845;1369;497;872;278;174;104;32;11;21;25;14;11;29;18;11;33;15;18;159;116;43;60.0;89.0;17.0;23.0;210.0;186.0;744
2612;Baarle-Nassau;2018;6480;1360;3501;1619;4820;1363;496;867;297;185;112;35;14;21;30;18;12;29;18;11;38;17;21;165;118;47;63.0;89.0;22.0;21.0;197.0;185.0;744
2613;Baarle-Nassau;2019;6467;1369;3473;1625;4807;1350;495;855;310;194;116;38;16;22;32;20;12;28;17;11;40;17;23;172;124;48;66.0;91.0;28.0;30.0;212.0;196.0;744
2614;Baarle-Nassau;2020;6455;1386;3425;1644;4829;1307;481;826;319;201;118;37;15;22;31;20;11;30;16;14;41;17;24;180;133;47;66.0;85.0;24.0;26.0;205.0;194.0;744
2615;Baarle-Nassau;2021;6447;1389;3388;1670;4819;1293;480;813;335;209;126;41;15;26;31;20;11;31;17;14;46;19;27;186;138;48;57.0;102.0;24.0;29.0;225.0;198.0;744
2616;Baarle-Nassau;2022;6425;1403;3333;1689;4813;1282;475;807;330;211;119;42;17;25;30;20;10;29;16;13;46;19;27;183;139;44;73.0;87.0;17.0;21.0;198.0;194.0;744
2617;Baarle-Nassau;2023;6411;1400;3292;1719;4796;1268;469;799;347;218;129;44;16;28;30;19;11;29;16;13;48;20;28;196;147;49;70.0;90.0;26.0;29.0;205.0;199.0;744
2618;Baarle-Nassau;2024;6393;1420;3251;1722;4801;1225;458;767;367;228;139;47;18;29;34;21;13;32;17;15;50;19;31;204;153;51;56.0;88.0;20.0;19.0;203.0;190.0;744
2619;Baarle-Nassau;2025;6374;1430;3215;1729;4780;1213;459;754;381;235;146;46;17;29;34;21;13;34;18;16;54;19;35;213;160;53;;;;;;;744
2620;Baarn;2006;24317;5492;14695;4130;20502;2226;755;1471;1589;939;650;142;68;74;132;65;67;397;195;202;194;117;77;724;494;230;232.0;298.0;174.0;174.0;1043.0;1066.0;308
2621;Baarn;2007;24228;5472;14686;4070;20338;2266;765;1501;1624;954;670;152;70;82;146;75;71;400;192;208;195;120;75;731;497;234;212.0;287.0;173.0;177.0;1077.0;1065.0;308
2622;Baarn;2008;24160;5425;14673;4062;20186;2302;791;1511;1672;966;706;166;74;92;145;72;73;412;197;215;203;122;81;746;501;245;226.0;282.0;203.0;175.0;1016.0;1073.0;308
2623;Baarn;2009;24074;5411;14607;4056;20009;2349;842;1507;1716;978;738;172;76;96;147;72;75;412;191;221;212;127;85;773;512;261;222.0;284.0;240.0;200.0;1000.0;1063.0;308
2624;Baarn;2010;23991;5379;14549;4063;19818;2378;873;1505;1795;1019;776;191;82;109;146;72;74;428;198;230;219;131;88;811;536;275;233.0;293.0;254.0;223.0;1024.0;1085.0;308
2625;Baarn;2011;23899;5390;14451;4058;19640;2433;925;1508;1826;1046;780;197;87;110;147;71;76;424;193;231;223;132;91;835;563;272;201.0;276.0;289.0;220.0;1016.0;1100.0;308
2626;Baarn;2012;23813;5346;14324;4143;19453;2494;979;1515;1866;1075;791;203;88;115;151;77;74;430;196;234;230;135;95;852;579;273;219.0;279.0;310.0;214.0;986.0;1087.0;308
2627;Baarn;2013;23748;5326;14204;4218;19255;2574;1046;1528;1919;1081;838;206;88;118;159;80;79;431;191;240;240;136;104;883;586;297;234.0;268.0;296.0;234.0;997.0;1096.0;308
2628;Baarn;2014;23677;5349;14036;4292;19101;2624;1108;1516;1952;1102;850;219;100;119;159;81;78;430;187;243;240;136;104;904;598;306;217.0;268.0;338.0;271.0;1003.0;1102.0;308
2629;Baarn;2015;23597;5299;13945;4353;18897;2698;1152;1546;2002;1122;880;224;100;124;168;80;88;431;187;244;249;139;110;930;616;314;233.0;258.0;323.0;249.0;978.0;1094.0;308
2630;Baarn;2016;23532;5289;13878;4365;18727;2734;1175;1559;2071;1151;920;236;101;135;167;77;90;430;180;250;265;148;117;973;645;328;227.0;280.0;317.0;261.0;1008.0;1102.0;308
2631;Baarn;2017;23444;5304;13747;4393;18566;2767;1195;1572;2111;1161;950;243;105;138;175;79;96;430;173;257;268;147;121;995;657;338;224.0;257.0;342.0;250.0;985.0;1113.0;308
2632;Baarn;2018;23374;5305;13648;4421;18422;2798;1214;1584;2154;1176;978;250;107;143;172;76;96;437;174;263;277;149;128;1018;670;348;226.0;264.0;328.0;274.0;1000.0;1086.0;308
2633;Baarn;2019;23304;5270;13561;4473;18284;2840;1252;1588;2180;1186;994;254;113;141;176;76;100;437;169;268;279;150;129;1034;678;356;225.0;247.0;321.0;267.0;1006.0;1091.0;308
2634;Baarn;2020;23251;5237;13481;4533;18155;2871;1271;1600;2225;1207;1018;259;119;140;174;74;100;441;170;271;295;152;143;1056;692;364;235.0;249.0;324.0;273.0;1014.0;1116.0;308
2635;Baarn;2021;23187;5220;13341;4626;18010;2895;1296;1599;2282;1237;1045;266;120;146;179;79;100;435;166;269;305;158;147;1097;714;383;221.0;267.0;346.0;246.0;1002.0;1109.0;308
2636;Baarn;2022;23135;5215;13275;4645;17872;2907;1313;1594;2356;1282;1074;264;114;150;183;84;99;437;166;271;319;167;152;1153;751;402;228.0;270.0;342.0;247.0;1017.0;1115.0;308
2637;Baarn;2023;23091;5189;13211;4691;17772;2914;1335;1579;2405;1319;1086;276;119;157;194;95;99;435;168;267;339;177;162;1161;760;401;234.0;258.0;358.0;258.0;989.0;1111.0;308
2638;Baarn;2024;23046;5190;13128;4728;17638;2950;1379;1571;2458;1351;1107;272;113;159;207;104;103;439;169;270;346;178;168;1194;787;407;243.0;278.0;378.0;278.0;1011.0;1125.0;308
2639;Baarn;2025;23001;5254;13015;4732;17490;2991;1413;1578;2520;1365;1155;278;114;164;205;107;98;453;169;284;365;180;185;1219;795;424;;;;;;;308
2640;Barendrecht;2006;39814;10890;24289;4635;34064;2682;990;1692;3068;1705;1363;1122;612;510;222;117;105;384;186;198;423;207;216;917;583;334;524.0;242.0;59.0;123.0;2289.0;1197.0;489
2641;Barendrecht;2007;41125;11073;25253;4799;34989;2792;1048;1744;3344;1905;1439;1230;680;550;233;126;107;418;205;213;446;226;220;1017;668;349;523.0;240.0;84.0;114.0;2317.0;1256.0;489
2642;Barendrecht;2008;42443;11231;26247;4965;35905;2903;1124;1779;3635;2102;1533;1342;751;591;259;146;113;453;220;233;481;247;234;1100;738;362;508.0;266.0;100.0;135.0;2452.0;1336.0;489
2643;Barendrecht;2009;43765;11356;27241;5168;36838;3035;1205;1830;3892;2275;1617;1434;808;626;279;164;115;484;238;246;513;267;246;1182;798;384;527.0;248.0;92.0;136.0;2467.0;1412.0;489
2644;Barendrecht;2010;45058;11519;28170;5369;37743;3144;1271;1873;4171;2469;1702;1544;877;667;295;178;117;512;252;260;539;281;258;1281;881;400;555.0;270.0;94.0;150.0;2534.0;1442.0;489
2645;Barendrecht;2011;46379;11711;29114;5554;38674;3256;1358;1898;4449;2654;1795;1645;937;708;321;200;121;545;268;277;560;295;265;1378;954;424;577.0;290.0;101.0;168.0;2582.0;1491.0;489
2646;Barendrecht;2012;47689;11863;29811;6015;39624;3357;1425;1932;4708;2810;1898;1740;999;741;337;209;128;587;291;296;591;313;278;1453;998;455;588.0;276.0;106.0;147.0;2602.0;1546.0;489
2647;Barendrecht;2013;49019;12042;30544;6433;40552;3471;1507;1964;4996;2990;2006;1855;1063;792;355;223;132;623;314;309;620;326;294;1543;1064;479;621.0;295.0;122.0;162.0;2606.0;1580.0;489
2648;Barendrecht;2014;50334;12199;31323;6812;41433;3627;1607;2020;5274;3172;2102;1959;1125;834;381;239;142;666;335;331;645;343;302;1623;1130;493;638.0;318.0;111.0;159.0;2606.0;1621.0;489
2649;Barendrecht;2015;51592;12402;32075;7115;42318;3738;1682;2056;5536;3349;2187;2057;1183;874;403;253;150;702;353;349;677;365;312;1697;1195;502;647.0;331.0;119.0;179.0;2626.0;1667.0;489
2650;Barendrecht;2016;52813;12562;32816;7435;43198;3833;1759;2074;5782;3495;2287;2154;1244;910;422;267;155;735;369;366;714;386;328;1757;1229;528;697.0;332.0;131.0;189.0;2600.0;1724.0;489
2651;Barendrecht;2017;53999;12800;33402;7797;44055;3934;1833;2101;6010;3638;2372;2221;1281;940;441;276;165;768;387;381;737;400;337;1843;1294;549;726.0;341.0;132.0;190.0;2553.0;1736.0;489
2652;Barendrecht;2018;55147;13011;33993;8143;44898;4030;1888;2142;6219;3750;2469;2294;1317;977;458;287;171;803;403;400;749;406;343;1915;1337;578;725.0;359.0;122.0;185.0;2588.0;1780.0;489
2653;Barendrecht;2019;56261;13213;34591;8457;45722;4126;1964;2162;6413;3860;2553;2361;1351;1010;477;302;175;840;417;423;766;414;352;1969;1376;593;776.0;369.0;102.0;162.0;2547.0;1820.0;489
2654;Barendrecht;2020;57337;13423;35167;8747;46502;4218;2014;2204;6617;3984;2633;2419;1387;1032;493;315;178;864;430;434;788;417;371;2053;1435;618;804.0;389.0;117.0;179.0;2528.0;1834.0;489
2655;Barendrecht;2021;58384;13604;35748;9032;47306;4306;2065;2241;6772;4056;2716;2471;1423;1048;497;311;186;891;438;453;813;430;383;2100;1454;646;781.0;394.0;123.0;192.0;2542.0;1869.0;489
2656;Barendrecht;2022;59377;13705;36288;9384;48066;4397;2119;2278;6914;4122;2792;2528;1452;1076;508;315;193;916;449;467;826;440;386;2136;1466;670;804.0;410.0;132.0;190.0;2492.0;1877.0;489
2657;Barendrecht;2023;60335;13846;36710;9779;48790;4480;2178;2302;7065;4180;2885;2574;1469;1105;515;313;202;926;451;475;842;443;399;2208;1504;704;812.0;423.0;116.0;206.0;2478.0;1899.0;489
2658;Barendrecht;2024;61220;13970;37106;10144;49436;4554;2238;2316;7230;4268;2962;2626;1499;1127;541;329;212;954;466;488;859;457;402;2250;1517;733;799.0;420.0;135.0;183.0;2400.0;1909.0;489
2659;Barendrecht;2025;62047;14128;37360;10559;50062;4644;2294;2350;7341;4329;3012;2645;1513;1132;559;334;225;974;474;500;878;470;408;2285;1538;747;;;;;;;489
2660;Barneveld;2006;50745;15774;28822;6149;46412;2193;935;1258;2140;1373;767;141;77;64;53;25;28;710;360;350;223;135;88;1013;776;237;734.0;343.0;299.0;292.0;1579.0;1620.0;203
2661;Barneveld;2007;51107;15667;29160;6280;46600;2253;980;1273;2254;1423;831;160;91;69;59;33;26;747;371;376;227;132;95;1061;796;265;715.0;346.0;340.0;342.0;1431.0;1642.0;203
2662;Barneveld;2008;51263;15559;29261;6443;46566;2311;1013;1298;2386;1479;907;171;95;76;66;36;30;777;383;394;243;136;107;1129;829;300;727.0;365.0;356.0;333.0;1403.0;1638.0;203
2663;Barneveld;2009;51416;15441;29297;6678;46531;2379;1058;1321;2506;1535;971;179;97;82;75;49;26;804;394;410;261;141;120;1187;854;333;726.0;361.0;419.0;342.0;1341.0;1641.0;203
2664;Barneveld;2010;51560;15380;29350;6830;46460;2456;1115;1341;2644;1599;1045;187;98;89;90;62;28;835;409;426;261;137;124;1271;893;378;714.0;368.0;432.0;349.0;1349.0;1646.0;203
2665;Barneveld;2011;51693;15217;29496;6980;46379;2545;1182;1363;2769;1637;1132;202;107;95;104;73;31;864;409;455;270;139;131;1329;909;420;718.0;377.0;471.0;358.0;1325.0;1645.0;203
2666;Barneveld;2012;51826;15149;29435;7242;46266;2652;1269;1383;2908;1702;1206;213;109;104;125;84;41;884;417;467;285;144;141;1401;948;453;701.0;395.0;493.0;394.0;1375.0;1651.0;203
2667;Barneveld;2013;51959;15058;29374;7527;46187;2736;1331;1405;3036;1749;1287;231;118;113;145;101;44;891;411;480;307;149;158;1462;970;492;691.0;387.0;494.0;391.0;1380.0;1659.0;203
2668;Barneveld;2014;52085;14964;29334;7787;46083;2836;1415;1421;3166;1821;1345;244;122;122;165;116;49;899;405;494;331;159;172;1527;1019;508;709.0;395.0;529.0;417.0;1343.0;1663.0;203
2669;Barneveld;2015;52192;14861;29385;7946;45975;2930;1494;1436;3287;1860;1427;257;122;135;173;123;50;920;413;507;345;161;184;1592;1041;551;726.0;406.0;572.0;419.0;1300.0;1661.0;203
2670;Barneveld;2016;52306;14797;29427;8082;45839;3037;1590;1447;3430;1923;1507;273;131;142;189;139;50;962;427;535;357;164;193;1649;1062;587;702.0;416.0;590.0;414.0;1327.0;1671.0;203
2671;Barneveld;2017;52427;14716;29463;8248;45715;3137;1672;1465;3575;1995;1580;288;144;144;211;153;58;977;431;546;371;162;209;1728;1105;623;681.0;424.0;604.0;446.0;1354.0;1680.0;203
2672;Barneveld;2018;52519;14660;29475;8384;45557;3238;1747;1491;3724;2085;1639;298;149;149;231;171;60;995;441;554;388;167;221;1812;1157;655;662.0;425.0;601.0;459.0;1395.0;1682.0;203
2673;Barneveld;2019;52617;14515;29514;8588;45390;3351;1823;1528;3876;2180;1696;308;154;154;257;190;67;1003;445;558;407;171;236;1901;1220;681;679.0;425.0;650.0;450.0;1343.0;1701.0;203
2674;Barneveld;2020;52719;14462;29499;8758;45195;3475;1934;1541;4049;2297;1752;323;166;157;289;216;73;1024;454;570;420;177;243;1993;1284;709;658.0;442.0;668.0;485.0;1386.0;1697.0;203
2675;Barneveld;2021;52813;14387;29503;8923;45025;3571;2022;1549;4217;2389;1828;338;172;166;311;231;80;1037;463;574;439;183;256;2092;1340;752;669.0;442.0;672.0;512.0;1386.0;1701.0;203
2676;Barneveld;2022;52894;14256;29558;9080;44843;3690;2099;1591;4361;2476;1885;353;182;171;341;253;88;1054;473;581;444;186;258;2169;1382;787;655.0;449.0;691.0;495.0;1371.0;1709.0;203
2677;Barneveld;2023;52962;14230;29425;9307;44698;3751;2171;1580;4513;2553;1960;365;194;171;374;278;96;1074;479;595;451;181;270;2249;1421;828;639.0;476.0;682.0;487.0;1392.0;1702.0;203
2678;Barneveld;2024;53015;14205;29272;9538;44548;3810;2225;1585;4657;2615;2042;374;193;181;405;300;105;1081;475;606;471;188;283;2326;1459;867;659.0;475.0;716.0;503.0;1364.0;1701.0;203
2679;Barneveld;2025;53079;14131;29193;9755;44394;3867;2271;1596;4818;2724;2094;386;201;185;442;330;112;1080;474;606;477;191;286;2433;1528;905;;;;;;;203
2680;Bedum;2006;10758;2861;6470;1427;10140;439;138;301;179;119;60;22;7;15;21;12;9;4;1;3;8;2;6;124;97;27;106.0;86.0;42.0;25.0;532.0;427.0;5
2681;Bedum;2007;10901;2851;6586;1464;10208;472;155;317;221;152;69;26;8;18;27;17;10;6;2;4;8;2;6;154;123;31;113.0;98.0;47.0;24.0;677.0;434.0;5
2682;Bedum;2008;11184;2861;6799;1524;10412;517;165;352;255;184;71;27;7;20;31;20;11;7;3;4;8;2;6;182;152;30;104.0;95.0;62.0;31.0;766.0;465.0;5
2683;Bedum;2009;11527;2888;7039;1600;10643;574;195;379;310;228;82;34;9;25;36;25;11;11;6;5;9;2;7;220;186;34;117.0;97.0;70.0;34.0;786.0;493.0;5
2684;Bedum;2010;11876;2912;7280;1684;10899;622;227;395;355;261;94;39;10;29;39;26;13;12;7;5;11;2;9;254;216;38;129.0;106.0;81.0;32.0;808.0;527.0;5
2685;Bedum;2011;12228;2933;7511;1784;11141;674;262;412;413;310;103;49;14;35;46;31;15;12;7;5;10;2;8;296;256;40;141.0;96.0;104.0;51.0;829.0;564.0;5
2686;Bedum;2012;12590;2994;7703;1893;11366;746;306;440;478;363;115;51;15;36;50;33;17;16;7;9;10;2;8;351;306;45;137.0;105.0;114.0;59.0;847.0;581.0;5
2687;Bedum;2013;12942;3011;7946;1985;11565;822;346;476;555;430;125;55;16;39;52;34;18;18;8;10;11;2;9;419;370;49;154.0;108.0;113.0;46.0;845.0;609.0;5
2688;Bedum;2014;13293;3090;8122;2081;11777;896;394;502;620;481;139;56;16;40;61;42;19;19;8;11;12;2;10;472;413;59;168.0;111.0;129.0;51.0;848.0;634.0;5
2689;Bedum;2015;13639;3150;8318;2171;11958;980;445;535;701;551;150;61;18;43;76;55;21;21;9;12;13;2;11;530;467;63;180.0;108.0;141.0;55.0;839.0;652.0;5
2690;Bedum;2016;13984;3235;8507;2242;12136;1065;504;561;783;619;164;68;22;46;86;66;20;21;9;12;14;2;12;594;520;74;194.0;122.0;150.0;71.0;843.0;665.0;5
2691;Bedum;2017;14315;3345;8647;2323;12326;1142;550;592;847;671;176;71;24;47;87;69;18;24;9;15;16;2;14;649;567;82;195.0;125.0;148.0;58.0;836.0;688.0;5
2692;Bedum;2018;14623;3450;8782;2391;12498;1211;620;591;914;726;188;73;25;48;91;74;17;24;10;14;18;2;16;708;615;93;196.0;112.0;176.0;82.0;826.0;697.0;5
2693;Bedum;2019;14933;3555;8928;2450;12661;1295;692;603;977;776;201;74;25;49;99;82;17;24;9;15;20;2;18;760;658;102;216.0;124.0;185.0;95.0;801.0;692.0;5
2694;Bedum;2020;15224;3682;9018;2524;12790;1388;754;634;1046;829;217;72;26;46;103;84;19;25;9;16;21;3;18;825;707;118;220.0;128.0;174.0;75.0;811.0;716.0;5
2695;Bedum;2021;15514;3801;9116;2597;12915;1476;810;666;1123;890;233;72;24;48;109;90;19;26;8;18;20;2;18;896;766;130;220.0;141.0;212.0;79.0;800.0;729.0;5
2696;Bedum;2022;15801;3928;9205;2668;12992;1583;889;694;1226;969;257;75;23;52;123;103;20;26;7;19;24;2;22;978;834;144;229.0;128.0;220.0;101.0;798.0;744.0;5
2697;Bedum;2023;16076;4063;9273;2740;13073;1691;961;730;1312;1032;280;78;25;53;134;111;23;32;7;25;26;5;21;1042;884;158;208.0;124.0;240.0;110.0;801.0;775.0;5
2698;Bedum;2024;16317;4178;9334;2805;13179;1774;1033;741;1364;1073;291;77;25;52;146;121;25;34;8;26;28;5;23;1079;914;165;217.0;151.0;230.0;82.0;792.0;781.0;5
2699;Bedum;2025;16545;4297;9385;2863;13230;1877;1105;772;1438;1134;304;85;27;58;158;134;24;38;10;28;31;7;24;1126;956;170;;;;;;;5
2700;Beek (L.);2006;16757;3819;10115;2823;14428;1823;491;1332;506;292;214;24;9;15;33;21;12;59;38;21;147;69;78;243;155;88;140.0;142.0;41.0;112.0;567.0;676.0;888
2701;Beek (L.);2007;16577;3719;9994;2864;14280;1792;488;1304;505;286;219;26;8;18;31;20;11;58;37;21;147;69;78;243;152;91;129.0;135.0;35.0;85.0;567.0;689.0;888
2702;Beek (L.);2008;16401;3630;9881;2890;14140;1759;476;1283;502;283;219;28;9;19;31;22;9;53;33;20;146;69;77;244;150;94;137.0;144.0;32.0;88.0;580.0;690.0;888
2703;Beek (L.);2009;16228;3514;9753;2961;13999;1731;468;1263;498;274;224;28;11;17;28;19;9;52;31;21;149;70;79;241;143;98;117.0;160.0;33.0;92.0;594.0;673.0;888
2704;Beek (L.);2010;16046;3400;9642;3004;13871;1684;452;1232;491;265;226;27;11;16;29;19;10;48;27;21;147;69;78;240;139;101;115.0;154.0;37.0;97.0;597.0;674.0;888
2705;Beek (L.);2011;15872;3282;9520;3070;13725;1666;446;1220;481;251;230;27;9;18;27;16;11;49;27;22;142;65;77;236;134;102;116.0;150.0;36.0;77.0;562.0;662.0;888
2706;Beek (L.);2012;15699;3166;9383;3150;13567;1649;445;1204;483;251;232;29;10;19;28;16;12;47;25;22;138;64;74;241;136;105;118.0;154.0;35.0;83.0;572.0;666.0;888
2707;Beek (L.);2013;15520;3089;9183;3248;13395;1634;448;1186;491;265;226;26;10;16;30;18;12;46;24;22;139;65;74;250;148;102;121.0;166.0;33.0;87.0;585.0;663.0;888
2708;Beek (L.);2014;15345;2984;9037;3324;13250;1609;432;1177;486;256;230;26;9;17;28;17;11;46;23;23;133;61;72;253;146;107;121.0;159.0;37.0;89.0;574.0;659.0;888
2709;Beek (L.);2015;15173;2898;8885;3390;13086;1596;432;1164;491;264;227;26;9;17;29;18;11;45;23;22;124;55;69;267;159;108;125.0;164.0;32.0;86.0;563.0;638.0;888
2710;Beek (L.);2016;15007;2823;8716;3468;12920;1591;437;1154;496;268;228;24;9;15;28;18;10;45;23;22;124;55;69;275;163;112;115.0;170.0;41.0;80.0;563.0;636.0;888
2711;Beek (L.);2017;14840;2752;8568;3520;12767;1572;433;1139;501;267;234;25;9;16;28;16;12;45;22;23;126;56;70;277;164;113;137.0;168.0;27.0;94.0;568.0;635.0;888
2712;Beek (L.);2018;14678;2697;8412;3569;12620;1546;427;1119;512;272;240;25;10;15;30;15;15;45;22;23;124;56;68;288;169;119;129.0;176.0;38.0;74.0;559.0;639.0;888
2713;Beek (L.);2019;14516;2626;8277;3613;12480;1524;433;1091;512;269;243;28;9;19;32;15;17;44;21;23;119;54;65;289;170;119;127.0;149.0;33.0;85.0;551.0;639.0;888
2714;Beek (L.);2020;14355;2582;8112;3661;12313;1526;424;1102;516;271;245;28;9;19;32;14;18;45;20;25;117;52;65;294;176;118;134.0;155.0;31.0;81.0;544.0;625.0;888
2715;Beek (L.);2021;14205;2538;7968;3699;12186;1496;420;1076;523;275;248;31;10;21;33;14;19;45;21;24;115;51;64;299;179;120;136.0;182.0;26.0;72.0;541.0;617.0;888
2716;Beek (L.);2022;14041;2512;7803;3726;12045;1477;419;1058;519;268;251;32;10;22;31;13;18;45;20;25;114;48;66;297;177;120;120.0;177.0;28.0;64.0;538.0;601.0;888
2717;Beek (L.);2023;13887;2461;7640;3786;11931;1445;410;1035;511;259;252;32;10;22;32;15;17;44;18;26;108;45;63;295;171;124;137.0;179.0;27.0;70.0;514.0;581.0;888
2718;Beek (L.);2024;13738;2450;7475;3813;11801;1434;413;1021;503;260;243;26;8;18;33;16;17;43;18;25;99;41;58;302;177;125;136.0;186.0;24.0;63.0;513.0;577.0;888
2719;Beek (L.);2025;13588;2458;7273;3857;11668;1413;411;1002;507;263;244;30;8;22;33;17;16;41;16;25;97;40;57;306;182;124;;;;;;;888
2720;Beemster;2006;8644;2110;5196;1338;7827;568;181;387;249;158;91;43;22;21;14;10;4;15;10;5;9;6;3;168;110;58;68.0;78.0;26.0;34.0;423.0;344.0;370
2721;Beemster;2007;8704;2092;5207;1405;7810;618;205;413;276;175;101;48;21;27;15;11;4;17;10;7;11;6;5;185;127;58;71.0;90.0;37.0;31.0;411.0;341.0;370
2722;Beemster;2008;8759;2065;5219;1475;7789;652;217;435;318;199;119;54;24;30;20;15;5;18;10;8;16;8;8;210;142;68;64.0;79.0;36.0;32.0;417.0;349.0;370
2723;Beemster;2009;8818;2034;5231;1553;7768;682;228;454;368;231;137;68;32;36;24;16;8;21;11;10;19;9;10;236;163;73;66.0;93.0;33.0;22.0;452.0;352.0;370
2724;Beemster;2010;8902;2028;5248;1626;7762;729;243;486;411;256;155;77;34;43;28;18;10;22;10;12;24;11;13;260;183;77;61.0;100.0;31.0;39.0;498.0;364.0;370
2725;Beemster;2011;8989;2024;5273;1692;7774;772;266;506;443;268;175;86;38;48;31;18;13;22;9;13;32;12;20;272;191;81;57.0;100.0;34.0;31.0;500.0;384.0;370
2726;Beemster;2012;9068;1973;5315;1780;7773;814;276;538;481;290;191;90;38;52;34;19;15;28;14;14;33;12;21;296;207;89;77.0;95.0;26.0;33.0;487.0;379.0;370
2727;Beemster;2013;9152;1924;5355;1873;7770;844;280;564;538;318;220;105;42;63;38;21;17;31;15;16;35;13;22;329;227;102;77.0;109.0;48.0;42.0;484.0;385.0;370
2728;Beemster;2014;9225;1896;5396;1933;7752;890;296;594;583;346;237;111;41;70;45;26;19;36;17;19;37;14;23;354;248;106;73.0;112.0;39.0;33.0;503.0;404.0;370
2729;Beemster;2015;9292;1880;5420;1992;7738;920;297;623;634;369;265;124;44;80;52;30;22;40;18;22;44;17;27;374;260;114;72.0;106.0;37.0;50.0;511.0;393.0;370
2730;Beemster;2016;9365;1825;5474;2066;7730;948;310;638;687;391;296;136;46;90;65;36;29;42;17;25;48;19;29;396;273;123;79.0;109.0;28.0;39.0;498.0;390.0;370
2731;Beemster;2017;9436;1812;5496;2128;7731;977;317;660;728;412;316;147;47;100;71;40;31;48;18;30;51;21;30;411;286;125;85.0;107.0;35.0;39.0;495.0;404.0;370
2732;Beemster;2018;9503;1799;5486;2218;7722;1009;332;677;772;435;337;155;48;107;73;44;29;53;19;34;56;21;35;435;303;132;89.0;109.0;34.0;53.0;511.0;408.0;370
2733;Beemster;2019;9566;1786;5498;2282;7720;1033;345;688;813;449;364;167;53;114;73;44;29;53;20;33;60;22;38;460;310;150;83.0;130.0;38.0;36.0;512.0;415.0;370
2734;Beemster;2020;9620;1746;5553;2321;7695;1074;368;706;851;460;391;171;51;120;78;46;32;51;17;34;64;22;42;487;324;163;87.0;135.0;39.0;37.0;514.0;407.0;370
2735;Beemster;2021;9683;1733;5606;2344;7655;1120;395;725;908;490;418;182;54;128;82;47;35;57;19;38;73;25;48;514;345;169;97.0;120.0;31.0;40.0;492.0;410.0;370
2736;Beemster;2022;9733;1739;5584;2410;7639;1145;409;736;949;507;442;196;56;140;76;45;31;59;20;39;79;25;54;539;361;178;97.0;133.0;42.0;42.0;500.0;417.0;370
2737;Beemster;2023;9779;1765;5544;2470;7618;1175;422;753;986;526;460;209;59;150;73;43;30;59;21;38;81;27;54;564;376;188;97.0;146.0;44.0;35.0;511.0;417.0;370
2738;Beemster;2024;9832;1792;5531;2509;7583;1209;435;774;1040;552;488;215;56;159;79;46;33;61;23;38;88;30;58;597;397;200;100.0;131.0;46.0;49.0;494.0;415.0;370
2739;Beemster;2025;9877;1797;5541;2539;7551;1245;449;796;1081;572;509;222;57;165;74;43;31;63;22;41;94;30;64;628;420;208;;;;;;;370
2740;Beesel;2006;13474;3212;8324;1938;11372;1497;457;1040;605;357;248;10;4;6;17;9;8;74;44;30;322;159;163;182;141;41;135.0;102.0;36.0;36.0;409.0;427.0;889
2741;Beesel;2007;13488;3189;8307;1992;11365;1503;465;1038;620;367;253;12;7;5;16;7;9;75;43;32;319;156;163;198;154;44;143.0;114.0;33.0;40.0;386.0;431.0;889
2742;Beesel;2008;13469;3158;8253;2058;11337;1499;468;1031;633;376;257;14;9;5;18;8;10;73;39;34;313;152;161;215;168;47;126.0;113.0;33.0;37.0;395.0;424.0;889
2743;Beesel;2009;13450;3110;8212;2128;11306;1504;479;1025;640;381;259;16;9;7;18;8;10;69;36;33;307;149;158;230;179;51;126.0;117.0;37.0;42.0;421.0;447.0;889
2744;Beesel;2010;13428;3057;8201;2170;11289;1501;480;1021;638;373;265;15;7;8;17;8;9;68;33;35;301;144;157;237;181;56;132.0;121.0;32.0;37.0;410.0;439.0;889
2745;Beesel;2011;13406;3011;8192;2203;11255;1507;489;1018;644;378;266;18;10;8;18;9;9;69;34;35;294;139;155;245;186;59;133.0;113.0;24.0;46.0;406.0;429.0;889
2746;Beesel;2012;13384;2971;8120;2293;11214;1515;487;1028;655;391;264;19;11;8;23;13;10;69;34;35;288;134;154;256;199;57;130.0;141.0;35.0;40.0;426.0;443.0;889
2747;Beesel;2013;13353;2942;8033;2378;11189;1513;487;1026;651;393;258;22;13;9;20;11;9;65;31;34;286;135;151;258;203;55;130.0;135.0;41.0;38.0;409.0;433.0;889
2748;Beesel;2014;13328;2906;7988;2434;11167;1506;490;1016;655;392;263;22;13;9;20;10;10;64;30;34;280;130;150;269;209;60;120.0;140.0;36.0;29.0;410.0;428.0;889
2749;Beesel;2015;13300;2864;7931;2505;11132;1505;504;1001;663;401;262;23;15;8;20;11;9;71;33;38;274;128;146;275;214;61;122.0;144.0;27.0;49.0;443.0;440.0;889
2750;Beesel;2016;13261;2827;7859;2575;11116;1486;499;987;659;390;269;25;16;9;20;11;9;70;31;39;272;124;148;272;208;64;139.0;134.0;28.0;35.0;413.0;444.0;889
2751;Beesel;2017;13229;2786;7795;2648;11096;1479;493;986;654;385;269;23;15;8;20;10;10;67;30;37;268;123;145;276;207;69;120.0;151.0;30.0;38.0;430.0;432.0;889
2752;Beesel;2018;13190;2732;7740;2718;11054;1483;497;986;653;391;262;23;15;8;19;10;9;66;29;37;259;122;137;286;215;71;146.0;160.0;31.0;24.0;410.0;434.0;889
2753;Beesel;2019;13161;2725;7653;2783;11021;1479;500;979;661;395;266;24;14;10;19;11;8;68;29;39;252;118;134;298;223;75;134.0;163.0;34.0;35.0;430.0;434.0;889
2754;Beesel;2020;13128;2729;7564;2835;10989;1467;489;978;672;395;277;24;14;10;19;10;9;69;27;42;247;115;132;313;229;84;144.0;161.0;24.0;29.0;429.0;442.0;889
2755;Beesel;2021;13094;2703;7523;2868;10964;1458;482;976;672;393;279;29;17;12;21;11;10;72;28;44;237;111;126;313;226;87;134.0;157.0;31.0;46.0;427.0;432.0;889
2756;Beesel;2022;13050;2683;7477;2890;10925;1451;484;967;674;393;281;32;17;15;21;11;10;74;29;45;233;110;123;314;226;88;140.0;156.0;26.0;31.0;408.0;424.0;889
2757;Beesel;2023;13015;2651;7406;2958;10902;1445;486;959;668;389;279;31;16;15;23;13;10;73;28;45;228;106;122;313;226;87;163.0;162.0;35.0;37.0;397.0;428.0;889
2758;Beesel;2024;12986;2678;7333;2975;10871;1451;489;962;664;388;276;34;15;19;24;14;10;66;26;40;224;103;121;316;230;86;148.0;167.0;29.0;33.0;399.0;418.0;889
2759;Beesel;2025;12946;2690;7255;3001;10841;1443;481;962;662;388;274;32;14;18;27;14;13;67;27;40;217;99;118;319;234;85;;;;;;;889
2760;Bellingwedde;2006;9586;2088;5734;1764;8484;847;350;497;255;198;57;32;16;16;11;7;4;10;7;3;2;1;1;200;167;33;97.0;114.0;57.0;34.0;452.0;509.0;7
2761;Bellingwedde;2007;9536;2082;5698;1756;8424;845;348;497;267;200;67;33;14;19;14;8;6;11;8;3;2;1;1;207;169;38;76.0;108.0;51.0;39.0;463.0;518.0;7
2762;Bellingwedde;2008;9461;2049;5635;1777;8351;834;351;483;276;204;72;29;11;18;15;9;6;12;8;4;3;1;2;217;175;42;75.0;116.0;60.0;39.0;456.0;506.0;7
2763;Bellingwedde;2009;9390;2024;5566;1800;8259;835;349;486;296;218;78;31;12;19;17;10;7;13;8;5;4;2;2;231;186;45;81.0;121.0;74.0;27.0;446.0;517.0;7
2764;Bellingwedde;2010;9327;2011;5513;1803;8174;838;360;478;315;231;84;34;14;20;18;10;8;17;9;8;4;2;2;242;196;46;74.0;105.0;78.0;43.0;447.0;518.0;7
2765;Bellingwedde;2011;9259;1988;5439;1832;8084;835;364;471;340;249;91;31;13;18;20;12;8;15;7;8;4;2;2;270;215;55;73.0;111.0;89.0;36.0;431.0;522.0;7
2766;Bellingwedde;2012;9184;1955;5347;1882;8002;832;376;456;350;258;92;34;14;20;20;12;8;15;7;8;4;2;2;277;223;54;76.0;110.0;70.0;40.0;456.0;528.0;7
2767;Bellingwedde;2013;9109;1947;5253;1909;7922;827;385;442;360;266;94;33;15;18;25;17;8;15;7;8;9;2;7;278;225;53;79.0;100.0;70.0;29.0;441.0;528.0;7
2768;Bellingwedde;2014;9044;1918;5199;1927;7818;844;402;442;382;283;99;36;15;21;26;17;9;17;8;9;11;4;7;292;239;53;76.0;107.0;77.0;46.0;458.0;525.0;7
2769;Bellingwedde;2015;8977;1898;5125;1954;7736;846;420;426;395;292;103;36;13;23;26;16;10;14;7;7;11;5;6;308;251;57;87.0;103.0;81.0;41.0;446.0;533.0;7
2770;Bellingwedde;2016;8915;1896;5049;1970;7653;857;436;421;405;295;110;40;14;26;26;16;10;12;7;5;11;5;6;316;253;63;84.0;117.0;71.0;41.0;471.0;527.0;7
2771;Bellingwedde;2017;8855;1899;4983;1973;7566;873;442;431;416;294;122;47;18;29;26;17;9;14;6;8;14;5;9;315;248;67;92.0;101.0;76.0;38.0;445.0;526.0;7
2772;Bellingwedde;2018;8802;1905;4915;1982;7507;880;455;425;415;285;130;42;16;26;27;17;10;14;6;8;15;5;10;317;241;76;91.0;104.0;87.0;39.0;432.0;522.0;7
2773;Bellingwedde;2019;8747;1870;4876;2001;7448;875;457;418;424;297;127;39;15;24;29;18;11;16;6;10;14;6;8;326;252;74;92.0;114.0;67.0;44.0;457.0;520.0;7
2774;Bellingwedde;2020;8688;1878;4803;2007;7378;867;457;410;443;307;136;41;14;27;32;21;11;18;6;12;15;7;8;337;259;78;91.0;103.0;78.0;48.0;443.0;513.0;7
2775;Bellingwedde;2021;8634;1892;4745;1997;7306;869;463;406;459;327;132;44;18;26;33;22;11;18;7;11;14;5;9;350;275;75;83.0;112.0;78.0;36.0;445.0;515.0;7
2776;Bellingwedde;2022;8576;1899;4703;1974;7220;891;483;408;465;328;137;43;16;27;31;22;9;18;7;11;15;6;9;358;277;81;86.0;114.0;76.0;55.0;452.0;511.0;7
2777;Bellingwedde;2023;8513;1902;4652;1959;7140;888;481;407;485;342;143;46;17;29;32;23;9;18;8;10;17;7;10;372;287;85;82.0;109.0;74.0;38.0;456.0;516.0;7
2778;Bellingwedde;2024;8461;1914;4581;1966;7066;910;496;414;485;347;138;44;16;28;35;26;9;20;8;12;18;7;11;368;290;78;98.0;113.0;79.0;42.0;448.0;521.0;7
2779;Bellingwedde;2025;8409;1922;4536;1951;6995;910;509;401;504;358;146;45;15;30;40;32;8;21;7;14;18;7;11;380;297;83;;;;;;;7
2780;Bennebroek;2006;5265;1163;2806;1296;4438;582;224;358;245;154;91;27;17;10;38;18;20;11;4;7;19;11;8;150;104;46;37.0;77.0;52.0;37.0;387.0;403.0;372
2781;Bennebroek;2007;5223;1164;2761;1298;4318;616;238;378;289;193;96;29;18;11;35;18;17;15;7;8;21;12;9;189;138;51;39.0;80.0;64.0;40.0;411.0;412.0;372
2782;Bennebroek;2008;5202;1153;2751;1298;4232;630;254;376;340;233;107;37;20;17;41;22;19;20;12;8;24;13;11;218;166;52;39.0;88.0;62.0;32.0;405.0;422.0;372
2783;Bennebroek;2009;5166;1149;2715;1302;4153;629;254;375;384;261;123;45;24;21;44;23;21;20;11;9;29;14;15;246;189;57;40.0;75.0;77.0;45.0;389.0;427.0;372
2784;Bennebroek;2010;5124;1131;2672;1321;4048;653;273;380;423;279;144;49;25;24;47;25;22;23;10;13;34;15;19;270;204;66;45.0;82.0;73.0;51.0;428.0;450.0;372
2785;Bennebroek;2011;5086;1128;2655;1303;3954;676;289;387;456;298;158;55;28;27;47;26;21;26;11;15;41;19;22;287;214;73;47.0;76.0;82.0;49.0;401.0;451.0;372
2786;Bennebroek;2012;5040;1092;2662;1286;3862;698;309;389;480;307;173;54;23;31;49;29;20;30;11;19;42;19;23;305;225;80;43.0;77.0;85.0;52.0;385.0;437.0;372
2787;Bennebroek;2013;4986;1080;2626;1280;3763;724;319;405;499;323;176;58;29;29;46;25;21;31;13;18;44;20;24;320;236;84;43.0;74.0;97.0;69.0;399.0;442.0;372
2788;Bennebroek;2014;4942;1082;2598;1262;3650;763;335;428;529;335;194;63;28;35;48;26;22;33;14;19;48;22;26;337;245;92;45.0;77.0;106.0;60.0;392.0;451.0;372
2789;Bennebroek;2015;4897;1093;2556;1248;3562;791;353;438;544;350;194;64;31;33;48;28;20;30;13;17;45;21;24;357;257;100;42.0;70.0;108.0;56.0;380.0;440.0;372
2790;Bennebroek;2016;4861;1078;2527;1256;3454;829;378;451;578;364;214;73;35;38;53;32;21;28;14;14;47;20;27;377;263;114;51.0;72.0;109.0;72.0;381.0;444.0;372
2791;Bennebroek;2017;4816;1068;2491;1257;3366;858;402;456;592;369;223;80;37;43;51;30;21;28;15;13;47;18;29;386;269;117;48.0;85.0;123.0;81.0;380.0;442.0;372
2792;Bennebroek;2018;4757;1065;2451;1241;3268;873;421;452;616;377;239;81;37;44;55;35;20;31;17;14;54;16;38;395;272;123;44.0;81.0;112.0;67.0;384.0;443.0;372
2793;Bennebroek;2019;4705;1051;2404;1250;3178;883;437;446;644;384;260;85;39;46;59;32;27;33;16;17;61;17;44;406;280;126;47.0;66.0;116.0;83.0;375.0;427.0;372
2794;Bennebroek;2020;4667;1045;2360;1262;3113;893;441;452;661;391;270;93;39;54;65;37;28;37;16;21;63;20;43;403;279;124;40.0;84.0;107.0;58.0;399.0;445.0;372
2795;Bennebroek;2021;4625;1035;2355;1235;3033;915;462;453;677;391;286;93;39;54;68;40;28;42;17;25;70;20;50;404;275;129;46.0;73.0;121.0;75.0;382.0;447.0;372
2796;Bennebroek;2022;4578;1024;2304;1250;2952;923;470;453;703;397;306;97;40;57;73;40;33;45;20;25;77;20;57;411;277;134;49.0;78.0;119.0;56.0;370.0;441.0;372
2797;Bennebroek;2023;4540;1033;2293;1214;2896;914;468;446;730;414;316;101;43;58;80;44;36;46;21;25;75;18;57;428;288;140;43.0;90.0;99.0;85.0;416.0;419.0;372
2798;Bennebroek;2024;4505;1037;2276;1192;2823;924;470;454;758;433;325;108;46;62;83;45;38;47;22;25;82;22;60;438;298;140;44.0;67.0;95.0;73.0;380.0;428.0;372
2799;Bennebroek;2025;4455;1012;2291;1152;2770;914;456;458;771;429;342;110;48;62;92;51;41;52;23;29;82;23;59;435;284;151;;;;;;;372
2800;Bergambacht;2006;9356;2562;5410;1384;8623;450;167;283;283;158;125;22;12;10;17;6;11;5;0;5;106;59;47;133;81;52;123.0;85.0;18.0;15.0;312.0;365.0;491
2801;Bergambacht;2007;9345;2574;5350;1421;8542;485;175;310;318;183;135;25;12;13;22;9;13;6;2;4;104;59;45;161;101;60;113.0;85.0;23.0;18.0;299.0;347.0;491
2802;Bergambacht;2008;9330;2563;5309;1458;8476;510;186;324;344;200;144;27;13;14;27;14;13;9;3;6;111;63;48;170;107;63;107.0;77.0;22.0;17.0;293.0;355.0;491
2803;Bergambacht;2009;9302;2543;5277;1482;8370;550;200;350;382;222;160;31;16;15;32;21;11;14;5;9;111;59;52;194;121;73;107.0;80.0;25.0;21.0;288.0;352.0;491
2804;Bergambacht;2010;9271;2526;5221;1524;8286;585;213;372;400;233;167;34;18;16;34;22;12;15;6;9;112;59;53;205;128;77;93.0;88.0;18.0;14.0;301.0;352.0;491
2805;Bergambacht;2011;9232;2496;5201;1535;8191;616;220;396;425;244;181;38;19;19;35;22;13;18;6;12;113;61;52;221;136;85;109.0;91.0;19.0;16.0;302.0;346.0;491
2806;Bergambacht;2012;9207;2480;5118;1609;8104;648;227;421;455;260;195;44;22;22;39;25;14;20;6;14;113;60;53;239;147;92;102.0;91.0;17.0;25.0;307.0;354.0;491
2807;Bergambacht;2013;9166;2464;5017;1685;8009;673;231;442;484;276;208;51;26;25;43;28;15;22;7;15;111;60;51;257;155;102;109.0;94.0;20.0;14.0;291.0;359.0;491
2808;Bergambacht;2014;9118;2458;4925;1735;7917;697;235;462;504;280;224;54;27;27;47;28;19;22;6;16;111;58;53;270;161;109;97.0;83.0;25.0;28.0;307.0;357.0;491
2809;Bergambacht;2015;9080;2436;4860;1784;7824;722;242;480;534;302;232;62;33;29;49;31;18;22;6;16;115;59;56;286;173;113;94.0;86.0;18.0;19.0;308.0;349.0;491
2810;Bergambacht;2016;9045;2422;4786;1837;7726;756;251;505;563;317;246;67;37;30;51;34;17;23;5;18;117;58;59;305;183;122;93.0;95.0;22.0;20.0;310.0;350.0;491
2811;Bergambacht;2017;9004;2386;4747;1871;7638;775;259;516;591;334;257;72;41;31;52;35;17;27;6;21;114;59;55;326;193;133;93.0;101.0;29.0;23.0;306.0;339.0;491
2812;Bergambacht;2018;8969;2363;4684;1922;7548;794;265;529;627;357;270;78;42;36;58;39;19;25;6;19;113;57;56;353;213;140;98.0;103.0;17.0;18.0;303.0;342.0;491
2813;Bergambacht;2019;8928;2353;4628;1947;7443;819;279;540;666;378;288;85;46;39;63;42;21;29;6;23;118;59;59;371;225;146;100.0;91.0;26.0;20.0;291.0;353.0;491
2814;Bergambacht;2020;8880;2334;4550;1996;7330;862;294;568;688;382;306;91;48;43;65;43;22;31;7;24;118;55;63;383;229;154;86.0;100.0;20.0;24.0;306.0;346.0;491
2815;Bergambacht;2021;8822;2316;4486;2020;7247;878;304;574;697;380;317;102;49;53;64;43;21;34;7;27;113;54;59;384;227;157;109.0;104.0;19.0;21.0;311.0;343.0;491
2816;Bergambacht;2022;8792;2290;4431;2071;7168;907;323;584;717;390;327;111;53;58;68;43;25;34;8;26;115;57;58;389;229;160;102.0;104.0;25.0;25.0;296.0;337.0;491
2817;Bergambacht;2023;8749;2268;4394;2087;7072;932;328;604;745;404;341;113;52;61;73;47;26;37;8;29;118;58;60;404;239;165;95.0;98.0;26.0;16.0;302.0;361.0;491
2818;Bergambacht;2024;8696;2251;4331;2114;6985;953;337;616;758;414;344;114;53;61;65;43;22;39;10;29;115;59;56;425;249;176;93.0;92.0;29.0;29.0;301.0;346.0;491
2819;Bergambacht;2025;8653;2247;4263;2143;6894;980;349;631;779;427;352;115;52;63;67;44;23;40;10;30;116;61;55;441;260;181;;;;;;;491
2820;Bergeijk;2006;18068;4639;10824;2605;16466;1326;353;973;276;174;102;14;6;8;11;4;7;21;10;11;20;10;10;210;144;66;180.0;145.0;43.0;70.0;456.0;472.0;1724
2821;Bergeijk;2007;18060;4573;10805;2682;16452;1321;351;970;287;180;107;16;7;9;11;4;7;23;12;11;20;10;10;217;147;70;181.0;153.0;40.0;76.0;467.0;467.0;1724
2822;Bergeijk;2008;18051;4524;10760;2767;16429;1321;356;965;301;190;111;18;8;10;12;5;7;24;13;11;25;12;13;222;152;70;173.0;155.0;55.0;79.0;469.0;474.0;1724
2823;Bergeijk;2009;18043;4467;10714;2862;16399;1327;358;969;317;205;112;20;8;12;12;5;7;25;14;11;25;12;13;235;166;69;171.0;151.0;39.0;82.0;476.0;480.0;1724
2824;Bergeijk;2010;18020;4389;10628;3003;16371;1325;362;963;324;215;109;20;8;12;12;5;7;27;16;11;23;11;12;242;175;67;168.0;159.0;43.0;69.0;470.0;477.0;1724
2825;Bergeijk;2011;18000;4294;10597;3109;16346;1329;359;970;325;216;109;22;9;13;11;5;6;29;17;12;21;9;12;242;176;66;173.0;163.0;46.0;84.0;482.0;487.0;1724
2826;Bergeijk;2012;17968;4240;10484;3244;16305;1335;367;968;328;211;117;24;10;14;11;5;6;31;16;15;22;10;12;240;170;70;161.0;159.0;48.0;68.0;468.0;482.0;1724
2827;Bergeijk;2013;17936;4133;10409;3394;16246;1361;375;986;329;218;111;22;9;13;12;6;6;31;17;14;21;10;11;243;176;67;170.0;172.0;37.0;71.0;486.0;486.0;1724
2828;Bergeijk;2014;17902;4054;10324;3524;16207;1362;374;988;333;218;115;21;9;12;10;4;6;30;15;15;21;10;11;251;180;71;176.0;179.0;36.0;84.0;492.0;483.0;1724
2829;Bergeijk;2015;17861;3982;10236;3643;16140;1377;384;993;344;227;117;20;9;11;10;4;6;30;15;15;23;10;13;261;189;72;179.0;187.0;47.0;76.0;491.0;494.0;1724
2830;Bergeijk;2016;17823;3915;10204;3704;16088;1384;389;995;351;229;122;23;10;13;8;3;5;31;16;15;24;10;14;265;190;75;181.0;186.0;36.0;87.0;508.0;497.0;1724
2831;Bergeijk;2017;17778;3841;10183;3754;16047;1369;373;996;362;236;126;21;10;11;8;3;5;32;17;15;29;10;19;272;196;76;186.0;182.0;44.0;68.0;480.0;499.0;1724
2832;Bergeijk;2018;17739;3772;10106;3861;16014;1366;374;992;359;229;130;23;11;12;8;3;5;32;15;17;28;8;20;268;192;76;197.0;191.0;46.0;73.0;473.0;495.0;1724
2833;Bergeijk;2019;17694;3724;10025;3945;15965;1360;370;990;369;237;132;24;11;13;7;4;3;33;15;18;28;8;20;277;199;78;185.0;198.0;49.0;65.0;478.0;491.0;1724
2834;Bergeijk;2020;17652;3694;9964;3994;15913;1358;376;982;381;246;135;28;14;14;6;4;2;32;14;18;28;7;21;287;207;80;210.0;201.0;46.0;76.0;474.0;490.0;1724
2835;Bergeijk;2021;17615;3665;9867;4083;15888;1336;374;962;391;256;135;30;16;14;5;3;2;32;14;18;30;10;20;294;213;81;219.0;205.0;44.0;68.0;463.0;492.0;1724
2836;Bergeijk;2022;17577;3659;9798;4120;15837;1326;378;948;414;267;147;32;17;15;5;3;2;34;13;21;30;10;20;313;224;89;208.0;197.0;48.0;85.0;481.0;490.0;1724
2837;Bergeijk;2023;17542;3654;9674;4214;15767;1344;380;964;431;283;148;33;18;15;5;3;2;37;15;22;31;10;21;325;237;88;204.0;222.0;39.0;72.0;493.0;483.0;1724
2838;Bergeijk;2024;17501;3625;9608;4268;15716;1342;379;963;443;291;152;34;19;15;6;4;2;42;17;25;30;10;20;331;241;90;211.0;227.0;45.0;66.0;474.0;480.0;1724
2839;Bergeijk;2025;17459;3658;9479;4322;15672;1327;381;946;460;298;162;34;21;13;6;4;2;42;16;26;35;10;25;343;247;96;;;;;;;1724
2840;Bergen (L.);2006;13506;3343;8165;1998;11318;1938;637;1301;250;185;65;21;9;12;5;3;2;5;5;0;32;17;15;187;151;36;132.0;138.0;33.0;85.0;369.0;343.0;893
2841;Bergen (L.);2007;13476;3276;8161;2039;11314;1914;619;1295;248;178;70;22;9;13;8;5;3;7;5;2;34;18;16;177;141;36;142.0;139.0;36.0;71.0;353.0;357.0;893
2842;Bergen (L.);2008;13440;3235;8096;2109;11287;1898;606;1292;255;180;75;21;8;13;9;5;4;9;6;3;36;20;16;180;141;39;128.0;133.0;46.0;53.0;334.0;355.0;893
2843;Bergen (L.);2009;13407;3198;8026;2183;11233;1902;602;1300;272;192;80;19;7;12;9;5;4;11;7;4;38;21;17;195;152;43;115.0;142.0;36.0;76.0;386.0;360.0;893
2844;Bergen (L.);2010;13365;3105;8010;2250;11204;1888;592;1296;273;189;84;19;7;12;8;4;4;12;8;4;40;22;18;194;148;46;123.0;135.0;32.0;67.0;359.0;358.0;893
2845;Bergen (L.);2011;13320;3035;7980;2305;11160;1880;582;1298;280;194;86;18;7;11;10;5;5;14;9;5;42;23;19;196;150;46;116.0;143.0;34.0;57.0;362.0;352.0;893
2846;Bergen (L.);2012;13280;2965;7908;2407;11134;1864;577;1287;282;194;88;18;7;11;9;5;4;15;8;7;43;22;21;197;152;45;124.0;155.0;39.0;54.0;357.0;356.0;893
2847;Bergen (L.);2013;13237;2890;7851;2496;11089;1860;571;1289;288;196;92;17;7;10;8;4;4;14;8;6;45;22;23;204;155;49;134.0;154.0;43.0;71.0;359.0;353.0;893
2848;Bergen (L.);2014;13195;2825;7778;2592;11068;1839;561;1278;288;192;96;18;8;10;10;6;4;15;8;7;44;22;22;201;148;53;124.0;157.0;42.0;68.0;365.0;347.0;893
2849;Bergen (L.);2015;13152;2782;7699;2671;11012;1832;546;1286;308;207;101;17;9;8;9;6;3;20;10;10;49;24;25;213;158;55;139.0;178.0;38.0;65.0;372.0;353.0;893
2850;Bergen (L.);2016;13102;2765;7594;2743;10975;1801;540;1261;326;214;112;22;11;11;10;6;4;21;11;10;51;26;25;222;160;62;137.0;166.0;31.0;62.0;369.0;348.0;893
2851;Bergen (L.);2017;13061;2731;7507;2823;10951;1778;536;1242;332;216;116;22;10;12;10;5;5;23;12;11;49;24;25;228;165;63;142.0;174.0;32.0;59.0;368.0;357.0;893
2852;Bergen (L.);2018;13013;2708;7426;2879;10900;1770;528;1242;343;226;117;23;11;12;12;6;6;26;14;12;48;24;24;234;171;63;124.0;175.0;29.0;64.0;393.0;358.0;893
2853;Bergen (L.);2019;12960;2653;7358;2949;10867;1740;510;1230;353;232;121;26;12;14;13;7;6;27;16;11;50;25;25;237;172;65;142.0;176.0;31.0;53.0;361.0;350.0;893
2854;Bergen (L.);2020;12914;2621;7302;2991;10821;1732;515;1217;361;237;124;28;13;15;12;6;6;30;18;12;51;25;26;240;175;65;148.0;177.0;23.0;60.0;369.0;346.0;893
2855;Bergen (L.);2021;12872;2611;7231;3030;10772;1721;522;1199;379;249;130;32;14;18;15;8;7;33;18;15;52;26;26;247;183;64;143.0;187.0;26.0;59.0;385.0;347.0;893
2856;Bergen (L.);2022;12833;2608;7135;3090;10759;1685;516;1169;389;251;138;33;15;18;17;8;9;33;18;15;55;26;29;251;184;67;141.0;188.0;26.0;69.0;385.0;346.0;893
2857;Bergen (L.);2023;12782;2617;7039;3126;10709;1677;515;1162;396;255;141;31;14;17;20;10;10;33;18;15;57;27;30;255;186;69;163.0;176.0;33.0;58.0;334.0;342.0;893
2858;Bergen (L.);2024;12738;2642;6920;3176;10653;1679;520;1159;406;260;146;30;13;17;21;10;11;35;19;16;60;29;31;260;189;71;146.0;181.0;27.0;65.0;366.0;340.0;893
2859;Bergen (L.);2025;12687;2644;6850;3193;10611;1659;511;1148;417;266;151;30;13;17;19;9;10;37;21;16;59;30;29;272;193;79;;;;;;;893
2860;Bergen (NH.);2006;31957;6850;18844;6263;28051;2940;1286;1654;966;634;332;124;49;75;72;33;39;25;16;9;25;11;14;720;525;195;211.0;387.0;103.0;271.0;1513.0;1055.0;373
2861;Bergen (NH.);2007;32068;6784;18941;6343;28131;2923;1249;1674;1014;659;355;138;56;82;83;41;42;31;19;12;25;11;14;737;532;205;221.0;371.0;99.0;241.0;1495.0;1063.0;373
2862;Bergen (NH.);2008;32210;6672;19054;6484;28195;2944;1247;1697;1071;677;394;147;60;87;98;44;54;38;22;16;32;15;17;756;536;220;216.0;392.0;95.0;261.0;1563.0;1084.0;373
2863;Bergen (NH.);2009;32348;6607;19115;6626;28274;2964;1251;1713;1110;702;408;155;67;88;106;50;56;48;27;21;39;19;20;762;539;223;225.0;391.0;117.0;247.0;1497.0;1092.0;373
2864;Bergen (NH.);2010;32458;6546;19054;6858;28325;2980;1244;1736;1153;725;428;167;72;95;114;55;59;52;29;23;46;23;23;774;546;228;228.0;400.0;124.0;245.0;1501.0;1115.0;373
2865;Bergen (NH.);2011;32546;6473;19126;6947;28365;2996;1252;1744;1185;730;455;166;71;95;114;53;61;58;31;27;57;25;32;790;550;240;240.0;397.0;95.0;242.0;1533.0;1130.0;373
2866;Bergen (NH.);2012;32645;6401;18986;7258;28441;2980;1229;1751;1224;745;479;178;75;103;120;58;62;63;32;31;66;32;34;797;548;249;231.0;405.0;120.0;241.0;1536.0;1146.0;373
2867;Bergen (NH.);2013;32739;6314;18854;7571;28477;3013;1246;1767;1249;746;503;189;82;107;125;61;64;68;35;33;68;32;36;799;536;263;245.0;403.0;117.0;239.0;1529.0;1151.0;373
2868;Bergen (NH.);2014;32836;6277;18772;7787;28526;3015;1242;1773;1295;763;532;191;84;107;129;59;70;75;37;38;72;34;38;828;549;279;264.0;399.0;101.0;225.0;1513.0;1154.0;373
2869;Bergen (NH.);2015;32937;6217;18722;7998;28563;3038;1265;1773;1336;772;564;200;86;114;136;61;75;78;39;39;76;31;45;846;555;291;272.0;413.0;109.0;236.0;1517.0;1167.0;373
2870;Bergen (NH.);2016;33021;6140;18751;8130;28605;3029;1255;1774;1387;806;581;196;83;113;145;67;78;86;42;44;81;35;46;879;579;300;261.0;420.0;103.0;248.0;1573.0;1170.0;373
2871;Bergen (NH.);2017;33117;6138;18788;8191;28658;3037;1251;1786;1422;813;609;200;85;115;151;74;77;94;47;47;94;37;57;883;570;313;266.0;421.0;99.0;215.0;1554.0;1190.0;373
2872;Bergen (NH.);2018;33211;6123;18771;8317;28718;3037;1251;1786;1456;819;637;212;85;127;155;77;78;99;48;51;102;38;64;888;571;317;295.0;429.0;117.0;219.0;1518.0;1172.0;373
2873;Bergen (NH.);2019;33321;6147;18809;8365;28737;3070;1268;1802;1514;848;666;222;88;134;162;82;80;105;52;53;105;38;67;920;588;332;308.0;420.0;110.0;239.0;1528.0;1187.0;373
2874;Bergen (NH.);2020;33420;6131;18846;8443;28786;3067;1266;1801;1567;876;691;233;96;137;153;78;75;115;53;62;115;43;72;951;606;345;285.0;436.0;107.0;224.0;1548.0;1181.0;373
2875;Bergen (NH.);2021;33520;6132;18899;8489;28851;3077;1271;1806;1592;888;704;236;97;139;153;75;78;117;53;64;111;39;72;975;624;351;297.0;438.0;102.0;228.0;1557.0;1192.0;373
2876;Bergen (NH.);2022;33622;6138;18952;8532;28920;3075;1260;1815;1627;906;721;247;98;149;161;77;84;118;50;68;115;41;74;986;640;346;313.0;447.0;102.0;220.0;1555.0;1201.0;373
2877;Bergen (NH.);2023;33726;6153;18986;8587;28982;3048;1245;1803;1696;933;763;253;102;151;170;78;92;127;53;74;125;42;83;1021;658;363;306.0;448.0;94.0;206.0;1560.0;1200.0;373
2878;Bergen (NH.);2024;33835;6206;19033;8596;29024;3039;1233;1806;1772;967;805;264;105;159;174;82;92;133;56;77;138;44;94;1063;680;383;311.0;466.0;103.0;213.0;1563.0;1203.0;373
2879;Bergen (NH.);2025;33931;6271;19026;8634;29066;3044;1235;1809;1821;986;835;266;106;160;179;83;96;139;59;80;150;47;103;1087;691;396;;;;;;;373
2880;Bergen op Zoom;2006;66050;15870;40194;9986;51945;5669;2309;3360;8436;4697;3739;528;284;244;240;131;109;3157;1702;1455;2819;1405;1414;1692;1175;517;685.0;553.0;535.0;465.0;1520.0;1769.0;748
2881;Bergen op Zoom;2007;66007;15755;40076;10176;51718;5698;2350;3348;8591;4716;3875;534;289;245;256;140;116;3203;1711;1492;2890;1410;1480;1708;1166;542;688.0;576.0;559.0;493.0;1423.0;1772.0;748
2882;Bergen op Zoom;2008;65840;15641;39806;10393;51407;5688;2386;3302;8745;4735;4010;558;300;258;263;146;117;3239;1701;1538;2939;1414;1525;1746;1174;572;655.0;600.0;562.0;520.0;1477.0;1762.0;748
2883;Bergen op Zoom;2009;65655;15511;39571;10573;51128;5684;2419;3265;8843;4711;4132;582;312;270;258;144;114;3266;1691;1575;2995;1419;1576;1742;1145;597;649.0;592.0;581.0;515.0;1433.0;1747.0;748
2884;Bergen op Zoom;2010;65465;15341;39284;10840;50812;5691;2467;3224;8962;4721;4241;600;326;274;263;151;112;3296;1694;1602;3037;1417;1620;1766;1133;633;671.0;611.0;635.0;458.0;1349.0;1747.0;748
2885;Bergen op Zoom;2011;65309;15166;39001;11142;50470;5755;2564;3191;9084;4736;4348;621;349;272;274;162;112;3319;1684;1635;3079;1411;1668;1791;1130;661;606.0;616.0;656.0;516.0;1425.0;1739.0;748
2886;Bergen op Zoom;2012;65127;15007;38557;11563;50130;5811;2657;3154;9186;4764;4422;650;371;279;283;176;107;3326;1675;1651;3104;1409;1695;1823;1133;690;624.0;617.0;678.0;512.0;1373.0;1739.0;748
2887;Bergen op Zoom;2013;64940;14793;38188;11959;49782;5855;2742;3113;9303;4795;4508;681;395;286;303;186;117;3341;1657;1684;3113;1402;1711;1865;1155;710;615.0;630.0;708.0;512.0;1375.0;1726.0;748
2888;Bergen op Zoom;2014;64772;14684;37772;12316;49452;5919;2834;3085;9401;4846;4555;708;415;293;339;212;127;3323;1650;1673;3130;1401;1729;1901;1168;733;613.0;632.0;748.0;506.0;1341.0;1736.0;748
2889;Bergen op Zoom;2015;64607;14519;37382;12706;49082;5999;2941;3058;9526;4906;4620;753;454;299;366;227;139;3343;1644;1699;3122;1394;1728;1942;1187;755;605.0;632.0;738.0;528.0;1364.0;1724.0;748
2890;Bergen op Zoom;2016;64434;14414;37057;12963;48746;6072;3003;3069;9616;4939;4677;792;489;303;393;240;153;3329;1629;1700;3132;1391;1741;1970;1190;780;608.0;642.0;749.0;522.0;1358.0;1721.0;748
2891;Bergen op Zoom;2017;64272;14328;36740;13204;48439;6116;3069;3047;9717;5007;4710;860;537;323;398;240;158;3322;1627;1695;3103;1378;1725;2034;1225;809;613.0;651.0;721.0;548.0;1397.0;1712.0;748
2892;Bergen op Zoom;2018;64095;14247;36356;13492;48099;6186;3154;3032;9810;5076;4734;917;592;325;414;252;162;3332;1627;1705;3086;1363;1723;2061;1242;819;617.0;670.0;753.0;562.0;1396.0;1724.0;748
2893;Bergen op Zoom;2019;63912;14125;36109;13678;47774;6255;3205;3050;9883;5089;4794;966;626;340;420;248;172;3335;1620;1715;3061;1341;1720;2101;1254;847;641.0;675.0;778.0;546.0;1355.0;1721.0;748
2894;Bergen op Zoom;2020;63749;14038;35769;13942;47487;6281;3257;3024;9981;5136;4845;1034;682;352;436;253;183;3336;1609;1727;3039;1337;1702;2136;1255;881;645.0;672.0;775.0;546.0;1352.0;1718.0;748
2895;Bergen op Zoom;2021;63587;13974;35464;14149;47180;6315;3298;3017;10092;5213;4879;1112;748;364;441;251;190;3343;1607;1736;3019;1332;1687;2177;1275;902;642.0;698.0;761.0;570.0;1405.0;1717.0;748
2896;Bergen op Zoom;2022;63411;13918;35103;14390;46903;6318;3307;3011;10190;5282;4908;1177;802;375;444;245;199;3335;1601;1734;2991;1318;1673;2243;1316;927;653.0;696.0;750.0;515.0;1372.0;1721.0;748
2897;Bergen op Zoom;2023;63253;13881;34752;14620;46586;6383;3344;3039;10284;5367;4917;1245;875;370;463;252;211;3311;1588;1723;2945;1307;1638;2320;1345;975;656.0;702.0;807.0;548.0;1353.0;1720.0;748
2898;Bergen op Zoom;2024;63100;13862;34430;14808;46285;6432;3376;3056;10383;5451;4932;1322;944;378;482;257;225;3296;1582;1714;2889;1285;1604;2394;1383;1011;672.0;728.0;837.0;554.0;1345.0;1733.0;748
2899;Bergen op Zoom;2025;62941;13810;34120;15011;45998;6469;3395;3074;10474;5522;4952;1396;1011;385;488;262;226;3278;1572;1706;2830;1252;1578;2482;1425;1057;;;;;;;748
2900;Bergschenhoek;2006;16277;5213;9639;1425;13946;1190;416;774;1141;606;535;340;162;178;82;38;44;132;58;74;182;91;91;405;257;148;276.0;87.0;38.0;52.0;485.0;591.0;492
2901;Bergschenhoek;2007;16346;5283;9579;1484;13966;1209;418;791;1171;621;550;351;165;186;92;42;50;132;57;75;183;91;92;413;266;147;239.0;91.0;40.0;40.0;498.0;576.0;492
2902;Bergschenhoek;2008;16417;5321;9547;1549;13976;1239;425;814;1202;628;574;354;165;189;99;45;54;135;58;77;184;92;92;430;268;162;212.0;95.0;33.0;42.0;538.0;581.0;492
2903;Bergschenhoek;2009;16484;5310;9560;1614;13962;1282;426;856;1240;649;591;367;170;197;101;46;55;134;59;75;188;91;97;450;283;167;206.0;94.0;30.0;50.0;554.0;585.0;492
2904;Bergschenhoek;2010;16545;5318;9523;1704;13947;1309;428;881;1289;685;604;370;171;199;105;49;56;137;60;77;187;89;98;490;316;174;187.0;106.0;31.0;52.0;596.0;601.0;492
2905;Bergschenhoek;2011;16601;5269;9589;1743;13940;1339;441;898;1322;703;619;381;176;205;107;53;54;135;59;76;190;88;102;509;327;182;185.0;96.0;37.0;35.0;571.0;601.0;492
2906;Bergschenhoek;2012;16662;5181;9581;1900;13936;1348;440;908;1378;724;654;395;179;216;109;54;55;143;62;81;191;86;105;540;343;197;174.0;106.0;42.0;61.0;626.0;595.0;492
2907;Bergschenhoek;2013;16741;5115;9642;1984;13908;1396;453;943;1437;748;689;418;184;234;116;60;56;145;62;83;196;87;109;562;355;207;170.0;103.0;30.0;43.0;636.0;620.0;492
2908;Bergschenhoek;2014;16817;5031;9726;2060;13883;1442;474;968;1492;766;726;434;188;246;123;65;58;147;60;87;200;86;114;588;367;221;179.0;120.0;40.0;44.0;649.0;638.0;492
2909;Bergschenhoek;2015;16884;4950;9783;2151;13858;1475;491;984;1551;794;757;447;189;258;121;66;55;151;60;91;206;84;122;626;395;231;172.0;111.0;34.0;47.0;644.0;633.0;492
2910;Bergschenhoek;2016;16946;4834;9898;2214;13839;1492;498;994;1615;827;788;454;189;265;130;73;57;154;57;97;213;87;126;664;421;243;186.0;118.0;42.0;45.0;645.0;655.0;492
2911;Bergschenhoek;2017;17002;4756;9953;2293;13797;1526;503;1023;1679;856;823;460;189;271;143;80;63;162;57;105;219;89;130;695;441;254;200.0;132.0;43.0;58.0;665.0;661.0;492
2912;Bergschenhoek;2018;17058;4661;10046;2351;13785;1548;521;1027;1725;878;847;475;192;283;148;83;65;161;57;104;221;90;131;720;456;264;188.0;117.0;30.0;42.0;667.0;661.0;492
2913;Bergschenhoek;2019;17121;4542;10163;2416;13753;1574;534;1040;1794;906;888;491;197;294;156;88;68;165;57;108;224;89;135;758;475;283;211.0;135.0;47.0;50.0;689.0;704.0;492
2914;Bergschenhoek;2020;17179;4446;10271;2462;13745;1602;548;1054;1832;930;902;499;202;297;166;95;71;162;57;105;224;85;139;781;491;290;202.0;129.0;30.0;49.0;673.0;685.0;492
2915;Bergschenhoek;2021;17224;4324;10373;2527;13723;1620;554;1066;1881;939;942;518;211;307;172;92;80;162;56;106;226;84;142;803;496;307;218.0;134.0;37.0;61.0;696.0;705.0;492
2916;Bergschenhoek;2022;17279;4209;10479;2591;13704;1642;561;1081;1933;964;969;528;213;315;185;95;90;159;54;105;222;83;139;839;519;320;224.0;148.0;36.0;50.0;705.0;717.0;492
2917;Bergschenhoek;2023;17328;4161;10491;2676;13691;1663;563;1100;1974;976;998;540;216;324;200;95;105;162;55;107;221;81;140;851;529;322;221.0;146.0;46.0;57.0;679.0;709.0;492
2918;Bergschenhoek;2024;17364;4100;10511;2753;13659;1679;584;1095;2026;1006;1020;552;219;333;206;97;109;163;56;107;212;76;136;893;558;335;239.0;156.0;46.0;41.0;659.0;719.0;492
2919;Bergschenhoek;2025;17395;4062;10472;2861;13616;1715;598;1117;2064;1009;1055;557;216;341;209;90;119;169;60;109;218;80;138;911;563;348;;;;;;;492
2920;Berkel en Rodenrijs;2006;19674;5218;11952;2504;17011;1242;461;781;1421;792;629;291;133;158;112;44;68;44;19;25;277;138;139;697;458;239;212.0;152.0;45.0;62.0;1827.0;840.0;493
2921;Berkel en Rodenrijs;2007;20703;5378;12716;2609;17581;1382;509;873;1740;973;767;369;158;211;148;61;87;53;23;30;304;149;155;866;582;284;243.0;158.0;33.0;63.0;1866.0;919.0;493
2922;Berkel en Rodenrijs;2008;21707;5525;13455;2727;18156;1505;545;960;2046;1162;884;451;181;270;177;77;100;59;27;32;323;159;164;1036;718;318;265.0;154.0;52.0;70.0;1903.0;982.0;493
2923;Berkel en Rodenrijs;2009;22721;5689;14138;2894;18716;1624;588;1036;2381;1334;1047;541;211;330;213;92;121;67;30;37;354;170;184;1206;831;375;276.0;172.0;49.0;67.0;1968.0;1065.0;493
2924;Berkel en Rodenrijs;2010;23715;5902;14774;3039;19270;1756;644;1112;2689;1478;1211;633;235;398;250;110;140;76;33;43;374;177;197;1356;923;433;302.0;183.0;51.0;87.0;2044.0;1111.0;493
2925;Berkel en Rodenrijs;2011;24732;6124;15426;3182;19801;1884;700;1184;3047;1650;1397;729;261;468;295;128;167;88;38;50;400;181;219;1535;1042;493;326.0;190.0;60.0;102.0;2097.0;1162.0;493
2926;Berkel en Rodenrijs;2012;25762;6332;16007;3423;20339;2023;735;1288;3400;1811;1589;839;291;548;347;154;193;96;40;56;430;182;248;1688;1144;544;328.0;189.0;76.0;102.0;2130.0;1231.0;493
2927;Berkel en Rodenrijs;2013;26775;6540;16587;3648;20839;2166;785;1381;3770;1983;1787;932;316;616;386;169;217;101;39;62;461;192;269;1890;1267;623;349.0;207.0;66.0;107.0;2147.0;1266.0;493
2928;Berkel en Rodenrijs;2014;27757;6781;17127;3849;21329;2305;836;1469;4123;2125;1998;1030;334;696;432;192;240;114;42;72;479;192;287;2068;1365;703;384.0;207.0;76.0;110.0;2119.0;1303.0;493
2929;Berkel en Rodenrijs;2015;28717;6956;17717;4044;21803;2415;866;1549;4499;2256;2243;1136;352;784;490;208;282;128;44;84;502;194;308;2243;1458;785;404.0;236.0;75.0;119.0;2159.0;1380.0;493
2930;Berkel en Rodenrijs;2016;29621;7156;18241;4224;22248;2521;899;1622;4852;2384;2468;1239;372;867;534;224;310;138;46;92;530;203;327;2411;1539;872;403.0;224.0;75.0;125.0;2186.0;1402.0;493
2931;Berkel en Rodenrijs;2017;30539;7359;18780;4400;22651;2652;935;1717;5236;2542;2694;1327;393;934;584;246;338;150;51;99;564;210;354;2611;1642;969;422.0;228.0;81.0;125.0;2189.0;1466.0;493
2932;Berkel en Rodenrijs;2018;31414;7594;19216;4604;23080;2767;970;1797;5567;2677;2890;1419;416;1003;626;263;363;161;54;107;596;221;375;2765;1723;1042;437.0;242.0;93.0;136.0;2205.0;1497.0;493
2933;Berkel en Rodenrijs;2019;32275;7782;19735;4758;23483;2893;1016;1877;5899;2798;3101;1510;432;1078;656;264;392;170;57;113;620;225;395;2943;1820;1123;437.0;259.0;92.0;129.0;2211.0;1526.0;493
2934;Berkel en Rodenrijs;2020;33104;7964;20234;4906;23854;2987;1046;1941;6263;2935;3328;1588;448;1140;706;274;432;183;58;125;650;232;418;3136;1923;1213;471.0;264.0;114.0;127.0;2185.0;1574.0;493
2935;Berkel en Rodenrijs;2021;33911;8186;20666;5059;24196;3116;1092;2024;6599;3047;3552;1660;451;1209;752;287;465;196;62;134;685;230;455;3306;2017;1289;477.0;265.0;116.0;133.0;2159.0;1600.0;493
2936;Berkel en Rodenrijs;2022;34669;8317;21150;5202;24520;3235;1150;2085;6914;3138;3776;1731;460;1271;807;303;504;209;65;144;721;236;485;3446;2074;1372;488.0;274.0;86.0;145.0;2203.0;1631.0;493
2937;Berkel en Rodenrijs;2023;35398;8468;21559;5371;24855;3326;1195;2131;7217;3235;3982;1794;471;1323;842;313;529;213;66;147;732;229;503;3636;2156;1480;471.0;277.0;83.0;129.0;2197.0;1667.0;493
2938;Berkel en Rodenrijs;2024;36075;8590;21903;5582;25171;3427;1222;2205;7477;3293;4184;1834;471;1363;899;326;573;232;69;163;750;226;524;3762;2201;1561;490.0;294.0;83.0;128.0;2178.0;1685.0;493
2939;Berkel en Rodenrijs;2025;36722;8732;22208;5782;25470;3503;1248;2255;7749;3364;4385;1879;475;1404;940;337;603;238;66;172;775;230;545;3917;2256;1661;;;;;;;493
2940;Berkelland;2006;45136;11094;26782;7260;41311;2544;779;1765;1281;778;503;98;46;52;66;34;32;237;113;124;166;86;80;714;510;204;451.0;411.0;70.0;132.0;1648.0;1821.0;1859
2941;Berkelland;2007;44940;10882;26628;7430;41039;2571;785;1786;1330;823;507;97;49;48;71;37;34;236;114;122;170;87;83;756;549;207;443.0;399.0;98.0;139.0;1601.0;1795.0;1859
2942;Berkelland;2008;44764;10669;26490;7605;40730;2635;829;1806;1399;857;542;102;51;51;73;36;37;248;117;131;179;92;87;797;574;223;436.0;426.0;89.0;107.0;1617.0;1824.0;1859
2943;Berkelland;2009;44545;10471;26357;7717;40373;2688;845;1843;1484;913;571;105;54;51;81;44;37;259;121;138;186;93;93;853;615;238;387.0;452.0;93.0;110.0;1674.0;1836.0;1859
2944;Berkelland;2010;44311;10247;26222;7842;40043;2723;864;1859;1545;946;599;113;59;54;88;48;40;259;126;133;184;91;93;901;638;263;386.0;426.0;80.0;103.0;1657.0;1833.0;1859
2945;Berkelland;2011;44080;10044;26010;8026;39694;2760;871;1889;1626;992;634;123;61;62;91;51;40;270;128;142;192;96;96;950;672;278;397.0;460.0;100.0;114.0;1672.0;1842.0;1859
2946;Berkelland;2012;43841;9820;25743;8278;39335;2801;879;1922;1705;1029;676;140;68;72;94;50;44;271;128;143;193;97;96;1007;705;302;412.0;442.0;83.0;115.0;1650.0;1836.0;1859
2947;Berkelland;2013;43607;9616;25503;8488;38970;2840;907;1933;1797;1096;701;149;73;76;100;55;45;283;130;153;195;97;98;1070;759;311;424.0;450.0;86.0;85.0;1633.0;1838.0;1859
2948;Berkelland;2014;43389;9458;25263;8668;38636;2896;944;1952;1857;1131;726;164;81;83;95;58;37;291;133;158;196;95;101;1110;784;326;441.0;460.0;92.0;120.0;1654.0;1829.0;1859
2949;Berkelland;2015;43172;9302;25061;8809;38279;2966;962;2004;1927;1161;766;178;89;89;101;61;40;298;135;163;208;95;113;1143;803;340;425.0;458.0;97.0;129.0;1652.0;1818.0;1859
2950;Berkelland;2016;42949;9178;24831;8940;37949;3022;996;2026;1978;1172;806;193;92;101;100;56;44;306;132;174;211;95;116;1168;817;351;442.0;480.0;89.0;110.0;1665.0;1842.0;1859
2951;Berkelland;2017;42716;9058;24623;9035;37617;3056;1031;2025;2043;1204;839;205;95;110;103;57;46;316;135;181;217;92;125;1203;848;355;438.0;503.0;118.0;111.0;1659.0;1813.0;1859
2952;Berkelland;2018;42519;8987;24401;9131;37317;3097;1067;2030;2105;1229;876;217;99;118;106;59;47;328;136;192;218;94;124;1236;867;369;469.0;482.0;96.0;107.0;1643.0;1824.0;1859
2953;Berkelland;2019;42306;8884;24195;9227;37024;3102;1059;2043;2180;1268;912;222;99;123;112;65;47;332;135;197;228;98;130;1287;898;389;504.0;488.0;103.0;120.0;1620.0;1814.0;1859
2954;Berkelland;2020;42114;8873;23943;9298;36704;3166;1084;2082;2244;1298;946;235;108;127;117;66;51;347;136;211;227;92;135;1318;920;398;483.0;498.0;105.0;98.0;1630.0;1829.0;1859
2955;Berkelland;2021;41914;8813;23764;9337;36409;3203;1117;2086;2302;1328;974;238;106;132;129;75;54;359;143;216;227;92;135;1349;937;412;488.0;496.0;84.0;106.0;1624.0;1807.0;1859
2956;Berkelland;2022;41712;8764;23514;9434;36106;3232;1121;2111;2374;1364;1010;247;105;142;132;77;55;359;142;217;232;90;142;1404;973;431;485.0;486.0;87.0;131.0;1636.0;1787.0;1859
2957;Berkelland;2023;41528;8716;23292;9520;35831;3271;1141;2130;2426;1398;1028;244;110;134;133;73;60;364;145;219;240;91;149;1445;1004;441;471.0;497.0;106.0;123.0;1630.0;1779.0;1859
2958;Berkelland;2024;41348;8670;23126;9552;35538;3311;1160;2151;2499;1441;1058;250;112;138;144;83;61;371;146;225;236;90;146;1498;1035;463;496.0;523.0;110.0;116.0;1654.0;1792.0;1859
2959;Berkelland;2025;41173;8649;22898;9626;35318;3324;1171;2153;2531;1454;1077;245;114;131;146;87;59;378;147;231;229;87;142;1534;1044;490;;;;;;;1859
2960;Bernheze;2006;29534;7912;17821;3801;27745;1306;381;925;483;305;178;57;34;23;42;20;22;94;45;49;3;1;2;287;205;82;326.0;202.0;29.0;71.0;891.0;897.0;1721
2961;Bernheze;2007;29613;7782;17890;3941;27787;1330;381;949;496;316;180;61;37;24;40;19;21;95;44;51;4;2;2;296;214;82;301.0;194.0;31.0;79.0;996.0;909.0;1721
2962;Bernheze;2008;29761;7679;18019;4063;27890;1365;382;983;506;315;191;58;34;24;38;17;21;97;44;53;5;2;3;308;218;90;309.0;215.0;23.0;75.0;964.0;908.0;1721
2963;Bernheze;2009;29866;7584;18052;4230;27958;1399;383;1016;509;317;192;59;35;24;35;15;20;95;41;54;7;2;5;313;224;89;310.0;210.0;29.0;72.0;993.0;912.0;1721
2964;Bernheze;2010;30008;7483;18112;4413;28060;1424;392;1032;524;328;196;58;35;23;39;17;22;90;40;50;7;2;5;330;234;96;310.0;219.0;27.0;97.0;1030.0;915.0;1721
2965;Bernheze;2011;30144;7360;18178;4606;28146;1456;397;1059;542;336;206;56;34;22;40;19;21;95;41;54;8;2;6;343;240;103;302.0;229.0;34.0;71.0;1028.0;925.0;1721
2966;Bernheze;2012;30288;7283;18219;4786;28253;1475;407;1068;560;346;214;57;35;22;41;20;21;100;40;60;9;3;6;353;248;105;308.0;239.0;28.0;75.0;1039.0;933.0;1721
2967;Bernheze;2013;30415;7177;18270;4968;28332;1485;413;1072;598;367;231;61;37;24;40;20;20;103;40;63;14;5;9;380;265;115;322.0;246.0;25.0;81.0;1035.0;937.0;1721
2968;Bernheze;2014;30533;7122;18252;5159;28421;1490;416;1074;622;383;239;65;39;26;40;21;19;101;40;61;14;5;9;402;278;124;322.0;266.0;27.0;83.0;1054.0;957.0;1721
2969;Bernheze;2015;30631;7086;18150;5395;28483;1510;420;1090;638;391;247;66;39;27;35;20;15;104;42;62;14;5;9;419;285;134;323.0;251.0;35.0;70.0;1012.0;944.0;1721
2970;Bernheze;2016;30736;7020;18181;5535;28521;1544;429;1115;671;412;259;67;40;27;36;21;15;109;43;66;16;5;11;443;303;140;344.0;255.0;26.0;66.0;1020.0;954.0;1721
2971;Bernheze;2017;30854;6952;18203;5699;28600;1564;440;1124;690;423;267;70;41;29;39;24;15;111;44;67;15;3;12;455;311;144;354.0;259.0;26.0;74.0;1008.0;963.0;1721
2972;Bernheze;2018;30952;6899;18184;5869;28664;1576;440;1136;712;432;280;71;41;30;42;25;17;113;44;69;19;3;16;467;319;148;363.0;277.0;20.0;66.0;1028.0;983.0;1721
2973;Bernheze;2019;31041;6871;18130;6040;28728;1585;446;1139;728;442;286;74;44;30;42;25;17;117;44;73;19;3;16;476;326;150;364.0;276.0;32.0;63.0;995.0;970.0;1721
2974;Bernheze;2020;31129;6829;18072;6228;28775;1595;440;1155;759;459;300;78;44;34;37;23;14;123;45;78;23;3;20;498;344;154;378.0;292.0;27.0;74.0;1000.0;975.0;1721
2975;Bernheze;2021;31198;6767;18047;6384;28811;1604;441;1163;783;474;309;88;48;40;40;24;16;123;46;77;24;3;21;508;353;155;390.0;297.0;28.0;65.0;986.0;971.0;1721
2976;Bernheze;2022;31269;6735;17986;6548;28855;1615;439;1176;799;481;318;87;47;40;39;24;15;126;47;79;27;4;23;520;359;161;362.0;295.0;19.0;67.0;1002.0;971.0;1721
2977;Bernheze;2023;31326;6721;17887;6718;28880;1628;433;1195;818;487;331;86;45;41;40;24;16;125;47;78;26;4;22;541;367;174;378.0;309.0;34.0;70.0;986.0;966.0;1721
2978;Bernheze;2024;31384;6720;17789;6875;28898;1642;435;1207;844;503;341;88;46;42;35;23;12;124;47;77;32;6;26;565;381;184;365.0;321.0;25.0;74.0;1010.0;961.0;1721
2979;Bernheze;2025;31431;6756;17637;7038;28919;1655;442;1213;857;507;350;88;47;41;34;21;13;127;48;79;35;6;29;573;385;188;;;;;;;1721
2980;Bernisse;2006;12748;3046;7845;1857;11624;799;264;535;325;196;129;40;21;19;33;14;19;7;2;5;17;10;7;228;149;79;115.0;111.0;22.0;25.0;402.0;406.0;568
2981;Bernisse;2007;12746;3008;7771;1967;11559;826;276;550;361;216;145;44;21;23;38;19;19;12;4;8;21;11;10;246;161;85;109.0;119.0;26.0;35.0;422.0;406.0;568
2982;Bernisse;2008;12743;2959;7736;2048;11477;877;290;587;389;234;155;51;22;29;40;23;17;15;6;9;22;12;10;261;171;90;101.0;102.0;23.0;38.0;420.0;406.0;568
2983;Bernisse;2009;12742;2918;7661;2163;11412;906;299;607;424;255;169;61;27;34;41;23;18;16;6;10;22;11;11;284;188;96;93.0;108.0;23.0;27.0;420.0;408.0;568
2984;Bernisse;2010;12735;2848;7616;2271;11348;919;301;618;468;284;184;71;33;38;45;26;19;25;8;17;26;13;13;301;204;97;98.0;120.0;28.0;23.0;414.0;408.0;568
2985;Bernisse;2011;12727;2794;7559;2374;11293;931;301;630;503;304;199;80;37;43;44;26;18;28;9;19;30;14;16;321;218;103;97.0;117.0;26.0;30.0;421.0;404.0;568
2986;Bernisse;2012;12722;2751;7442;2529;11207;970;316;654;545;327;218;87;39;48;49;32;17;31;10;21;31;15;16;347;231;116;115.0;127.0;23.0;31.0;429.0;419.0;568
2987;Bernisse;2013;12712;2742;7328;2642;11142;991;326;665;579;341;238;87;36;51;53;34;19;35;11;24;34;17;17;370;243;127;104.0;135.0;23.0;28.0;449.0;422.0;568
2988;Bernisse;2014;12700;2710;7267;2723;11073;1006;340;666;621;357;264;92;38;54;58;34;24;39;11;28;39;19;20;393;255;138;101.0;136.0;26.0;27.0;429.0;402.0;568
2989;Bernisse;2015;12691;2657;7206;2828;10997;1022;347;675;672;383;289;99;41;58;60;36;24;42;12;30;42;20;22;429;274;155;118.0;140.0;28.0;33.0;452.0;419.0;568
2990;Bernisse;2016;12696;2642;7147;2907;10927;1053;364;689;716;400;316;104;42;62;68;38;30;44;13;31;49;21;28;451;286;165;111.0;148.0;30.0;35.0;443.0;414.0;568
2991;Bernisse;2017;12681;2614;7073;2994;10859;1073;367;706;749;403;346;108;38;70;73;41;32;46;14;32;55;24;31;467;286;181;103.0;161.0;27.0;55.0;477.0;410.0;568
2992;Bernisse;2018;12662;2595;7022;3045;10807;1081;370;711;774;402;372;120;40;80;77;43;34;44;14;30;60;25;35;473;280;193;115.0;150.0;37.0;29.0;416.0;402.0;568
2993;Bernisse;2019;12653;2545;7016;3092;10726;1120;381;739;807;414;393;126;38;88;82;45;37;47;17;30;65;25;40;487;289;198;127.0;160.0;39.0;48.0;437.0;418.0;568
2994;Bernisse;2020;12632;2526;6976;3130;10650;1130;385;745;852;440;412;131;41;90;91;48;43;48;17;31;70;25;45;512;309;203;115.0;157.0;36.0;15.0;436.0;431.0;568
2995;Bernisse;2021;12617;2514;6925;3178;10571;1155;386;769;891;470;421;135;40;95;94;52;42;48;17;31;75;27;48;539;334;205;120.0;161.0;33.0;28.0;451.0;421.0;568
2996;Bernisse;2022;12610;2509;6888;3213;10476;1188;397;791;946;492;454;149;45;104;104;56;48;46;16;30;83;28;55;564;347;217;129.0;175.0;35.0;40.0;432.0;403.0;568
2997;Bernisse;2023;12590;2523;6806;3261;10402;1197;406;791;991;514;477;156;48;108;109;58;51;54;19;35;83;27;56;589;362;227;130.0;166.0;31.0;23.0;434.0;421.0;568
2998;Bernisse;2024;12577;2525;6728;3324;10313;1244;412;832;1020;525;495;163;51;112;115;60;55;54;18;36;83;25;58;605;371;234;126.0;182.0;33.0;29.0;455.0;414.0;568
2999;Bernisse;2025;12565;2523;6681;3361;10235;1267;436;831;1063;541;522;167;53;114;128;64;64;55;18;37;85;25;60;628;381;247;;;;;;;568
3000;Best;2006;28513;7659;17403;3451;24720;2288;858;1430;1505;887;618;131;64;67;96;49;47;601;304;297;72;38;34;605;432;173;351.0;171.0;315.0;173.0;674.0;1044.0;753
3001;Best;2007;28471;7638;17303;3530;24547;2344;923;1421;1580;961;619;141;75;66;94;49;45;598;304;294;75;38;37;672;495;177;326.0;170.0;364.0;218.0;696.0;1056.0;753
3002;Best;2008;28415;7601;17161;3653;24359;2420;998;1422;1636;1019;617;154;91;63;90;48;42;593;305;288;76;40;36;723;535;188;314.0;183.0;408.0;209.0;686.0;1059.0;753
3003;Best;2009;28371;7576;17030;3765;24126;2529;1097;1432;1716;1078;638;161;99;62;92;50;42;591;305;286;79;40;39;793;584;209;306.0;197.0;454.0;230.0;680.0;1068.0;753
3004;Best;2010;28315;7549;16941;3825;23899;2628;1199;1429;1788;1138;650;180;117;63;89;49;40;587;300;287;78;39;39;854;633;221;280.0;189.0;505.0;249.0;677.0;1088.0;753
3005;Best;2011;28250;7524;16844;3882;23665;2718;1305;1413;1867;1195;672;202;136;66;84;46;38;579;294;285;85;41;44;917;678;239;280.0;201.0;497.0;257.0;696.0;1087.0;753
3006;Best;2012;28175;7487;16619;4069;23419;2832;1425;1407;1924;1245;679;226;163;63;83;44;39;558;281;277;85;40;45;972;717;255;274.0;207.0;559.0;276.0;683.0;1094.0;753
3007;Best;2013;28115;7411;16522;4182;23149;2958;1549;1409;2008;1309;699;265;198;67;83;41;42;549;279;270;83;37;46;1028;754;274;280.0;200.0;589.0;304.0;677.0;1111.0;753
3008;Best;2014;28048;7379;16355;4314;22862;3087;1668;1419;2099;1386;713;303;236;67;76;40;36;540;271;269;83;37;46;1097;802;295;279.0;213.0;582.0;300.0;691.0;1118.0;753
3009;Best;2015;27971;7320;16232;4419;22620;3196;1775;1421;2155;1436;719;341;273;68;70;40;30;539;266;273;81;37;44;1124;820;304;276.0;214.0;559.0;328.0;723.0;1103.0;753
3010;Best;2016;27887;7262;16098;4527;22386;3279;1852;1427;2222;1491;731;369;300;69;69;39;30;529;260;269;86;37;49;1169;855;314;271.0;210.0;563.0;334.0;730.0;1110.0;753
3011;Best;2017;27796;7184;16002;4610;22144;3350;1938;1412;2302;1540;762;407;339;68;67;36;31;532;256;276;88;36;52;1208;873;335;271.0;214.0;606.0;339.0;698.0;1111.0;753
3012;Best;2018;27710;7120;15870;4720;21911;3424;2013;1411;2375;1609;766;443;375;68;63;36;27;517;249;268;94;37;57;1258;912;346;253.0;221.0;594.0;360.0;745.0;1122.0;753
3013;Best;2019;27601;7023;15767;4811;21700;3458;2056;1402;2443;1673;770;491;421;70;58;31;27;504;241;263;96;38;58;1294;942;352;284.0;239.0;540.0;322.0;738.0;1102.0;753
3014;Best;2020;27499;6936;15676;4887;21459;3519;2118;1401;2521;1733;788;535;464;71;57;31;26;497;234;263;97;39;58;1335;965;370;279.0;237.0;587.0;326.0;716.0;1114.0;753
3015;Best;2021;27405;6889;15533;4983;21227;3590;2198;1392;2588;1785;803;583;508;75;58;31;27;482;226;256;97;39;58;1368;981;387;288.0;238.0;590.0;328.0;720.0;1126.0;753
3016;Best;2022;27318;6870;15411;5037;20987;3676;2272;1404;2655;1829;826;626;548;78;54;30;24;470;223;247;94;38;56;1411;990;421;290.0;238.0;607.0;368.0;741.0;1131.0;753
3017;Best;2023;27218;6837;15291;5090;20770;3714;2315;1399;2734;1891;843;673;594;79;57;31;26;456;213;243;95;38;57;1453;1015;438;289.0;259.0;636.0;359.0;737.0;1134.0;753
3018;Best;2024;27135;6804;15120;5211;20555;3762;2384;1378;2818;1944;874;728;645;83;61;33;28;441;200;241;99;38;61;1489;1028;461;310.0;239.0;688.0;353.0;686.0;1173.0;753
3019;Best;2025;27062;6768;14974;5320;20295;3845;2457;1388;2922;2030;892;779;693;86;66;36;30;426;187;239;103;38;65;1548;1076;472;;;;;;;753
3020;Beuningen;2006;25488;6916;15728;2844;22573;1970;554;1416;945;573;372;146;75;71;132;70;62;101;50;51;46;24;22;520;354;166;269.0;160.0;43.0;124.0;1030.0;979.0;209
3021;Beuningen;2007;25569;6781;15838;2950;22581;2002;555;1447;986;605;381;143;72;71;139;77;62;103;53;50;51;25;26;550;378;172;267.0;173.0;50.0;130.0;1028.0;970.0;209
3022;Beuningen;2008;25644;6660;15936;3048;22595;2026;564;1462;1023;627;396;145;72;73;136;76;60;109;54;55;54;26;28;579;399;180;260.0;184.0;60.0;125.0;1064.0;994.0;209
3023;Beuningen;2009;25727;6553;16042;3132;22624;2041;578;1463;1062;646;416;147;71;76;139;77;62;120;58;62;58;26;32;598;414;184;252.0;187.0;59.0;136.0;1068.0;1005.0;209
3024;Beuningen;2010;25781;6433;16128;3220;22657;2051;558;1493;1073;651;422;142;70;72;134;73;61;125;61;64;59;29;30;613;418;195;271.0;189.0;42.0;121.0;1082.0;1011.0;209
3025;Beuningen;2011;25858;6338;16185;3335;22679;2072;563;1509;1107;663;444;143;69;74;126;71;55;132;64;68;67;32;35;639;427;212;258.0;185.0;54.0;126.0;1091.0;1025.0;209
3026;Beuningen;2012;25928;6211;16203;3514;22680;2095;576;1519;1153;685;468;148;71;77;128;69;59;137;64;73;74;35;39;666;446;220;253.0;183.0;66.0;128.0;1092.0;1039.0;209
3027;Beuningen;2013;25992;6109;16188;3695;22685;2108;595;1513;1199;709;490;158;76;82;134;72;62;143;63;80;75;35;40;689;463;226;280.0;204.0;65.0;131.0;1085.0;1031.0;209
3028;Beuningen;2014;26058;6027;16124;3907;22710;2131;604;1527;1217;705;512;170;81;89;131;68;63;144;59;85;79;38;41;693;459;234;274.0;196.0;81.0;129.0;1084.0;1051.0;209
3029;Beuningen;2015;26124;5912;16131;4081;22715;2146;621;1525;1263;732;531;172;81;91;137;74;63;152;59;93;82;41;41;720;477;243;286.0;215.0;57.0;129.0;1102.0;1051.0;209
3030;Beuningen;2016;26177;5882;16073;4222;22721;2161;640;1521;1295;747;548;181;84;97;141;74;67;152;61;91;88;43;45;733;485;248;286.0;214.0;69.0;119.0;1077.0;1061.0;209
3031;Beuningen;2017;26222;5806;15977;4439;22727;2182;658;1524;1313;760;553;181;83;98;143;75;68;159;62;97;92;44;48;738;496;242;293.0;231.0;60.0;126.0;1083.0;1048.0;209
3032;Beuningen;2018;26255;5778;15861;4616;22721;2199;662;1537;1335;760;575;186;84;102;143;72;71;165;60;105;95;44;51;746;500;246;313.0;213.0;57.0;118.0;1068.0;1051.0;209
3033;Beuningen;2019;26311;5722;15822;4767;22741;2213;668;1545;1357;771;586;197;86;111;141;73;68;161;61;100;102;46;56;756;505;251;299.0;222.0;74.0;117.0;1055.0;1062.0;209
3034;Beuningen;2020;26341;5700;15713;4928;22751;2213;670;1543;1377;783;594;199;86;113;138;72;66;165;62;103;104;48;56;771;515;256;310.0;224.0;58.0;136.0;1077.0;1045.0;209
3035;Beuningen;2021;26386;5652;15644;5090;22749;2210;668;1542;1427;803;624;211;92;119;142;75;67;167;58;109;110;49;61;797;529;268;314.0;237.0;69.0;119.0;1045.0;1044.0;209
3036;Beuningen;2022;26420;5645;15482;5293;22775;2214;683;1531;1431;791;640;209;91;118;137;72;65;176;62;114;115;51;64;794;515;279;312.0;250.0;70.0;116.0;1069.0;1047.0;209
3037;Beuningen;2023;26463;5634;15352;5477;22770;2233;693;1540;1460;801;659;215;93;122;141;73;68;182;63;119;115;51;64;807;521;286;308.0;251.0;58.0;116.0;1051.0;1033.0;209
3038;Beuningen;2024;26482;5635;15197;5650;22743;2247;697;1550;1492;819;673;222;100;122;138;69;69;185;61;124;121;54;67;826;535;291;303.0;253.0;38.0;119.0;1073.0;1029.0;209
3039;Beuningen;2025;26497;5635;15079;5783;22747;2242;690;1552;1508;828;680;228;101;127;134;70;64;183;62;121;123;54;69;840;541;299;;;;;;;209
3040;Beverwijk;2006;36735;8572;21997;6166;29686;3540;1466;2074;3509;2011;1498;267;141;126;120;67;53;1505;824;681;300;171;129;1317;808;509;396.0;370.0;230.0;215.0;1517.0;1400.0;375
3041;Beverwijk;2007;36893;8631;22059;6203;29738;3555;1491;2064;3600;2027;1573;276;144;132;129;71;58;1509;807;702;324;178;146;1362;827;535;389.0;370.0;249.0;212.0;1540.0;1420.0;375
3042;Beverwijk;2008;37070;8704;22096;6270;29802;3600;1522;2078;3668;2043;1625;283;145;138;131;74;57;1519;804;715;330;180;150;1405;840;565;394.0;356.0;218.0;209.0;1548.0;1431.0;375
3043;Beverwijk;2009;37239;8761;22124;6354;29875;3625;1546;2079;3739;2055;1684;285;144;141;136;79;57;1517;783;734;332;177;155;1469;872;597;371.0;381.0;259.0;217.0;1546.0;1442.0;375
3044;Beverwijk;2010;37379;8764;22210;6405;29894;3688;1598;2090;3797;2078;1719;291;144;147;146;88;58;1525;783;742;340;180;160;1495;883;612;365.0;385.0;284.0;234.0;1557.0;1460.0;375
3045;Beverwijk;2011;37510;8728;22354;6428;29889;3768;1656;2112;3853;2101;1752;295;142;153;141;83;58;1522;780;742;353;187;166;1542;909;633;363.0;389.0;278.0;216.0;1573.0;1471.0;375
3046;Beverwijk;2012;37651;8686;22328;6637;29913;3838;1706;2132;3900;2126;1774;303;144;159;142;83;59;1529;788;741;352;185;167;1574;926;648;391.0;389.0;274.0;228.0;1571.0;1487.0;375
3047;Beverwijk;2013;37786;8676;22259;6851;29926;3908;1740;2168;3952;2140;1812;309;144;165;146;83;63;1522;781;741;353;186;167;1622;946;676;357.0;391.0;291.0;239.0;1598.0;1489.0;375
3048;Beverwijk;2014;37915;8633;22281;7001;29950;3960;1774;2186;4005;2163;1842;319;147;172;150;86;64;1514;773;741;361;187;174;1661;970;691;377.0;397.0;284.0;239.0;1624.0;1504.0;375
3049;Beverwijk;2015;38057;8634;22286;7137;29967;4007;1812;2195;4083;2186;1897;338;153;185;162;91;71;1496;756;740;366;190;176;1721;996;725;383.0;416.0;311.0;251.0;1624.0;1521.0;375
3050;Beverwijk;2016;38188;8634;22314;7240;29980;4078;1858;2220;4130;2194;1936;353;158;195;168;94;74;1494;755;739;376;195;181;1739;992;747;379.0;406.0;300.0;258.0;1640.0;1529.0;375
3051;Beverwijk;2017;38312;8620;22313;7379;30020;4148;1916;2232;4144;2187;1957;350;153;197;174;93;81;1486;746;740;376;198;178;1758;997;761;394.0;413.0;271.0;242.0;1641.0;1530.0;375
3052;Beverwijk;2018;38433;8627;22289;7517;30065;4168;1924;2244;4200;2186;2014;354;153;201;178;94;84;1477;732;745;383;198;185;1808;1009;799;387.0;415.0;296.0;250.0;1657.0;1546.0;375
3053;Beverwijk;2019;38562;8579;22377;7606;30115;4214;1943;2271;4233;2203;2030;366;160;206;176;93;83;1448;718;730;383;201;182;1860;1031;829;414.0;414.0;300.0;246.0;1616.0;1541.0;375
3054;Beverwijk;2020;38694;8594;22377;7723;30125;4279;2002;2277;4290;2232;2058;379;162;217;179;95;84;1436;713;723;388;207;181;1908;1055;853;413.0;423.0;300.0;223.0;1624.0;1553.0;375
3055;Beverwijk;2021;38834;8590;22419;7825;30158;4339;2049;2290;4337;2250;2087;392;173;219;180;95;85;1419;699;720;394;211;183;1952;1072;880;402.0;431.0;304.0;246.0;1660.0;1567.0;375
3056;Beverwijk;2022;38957;8606;22432;7919;30189;4377;2072;2305;4391;2273;2118;411;187;224;185;97;88;1405;689;716;398;215;183;1992;1085;907;432.0;428.0;304.0;217.0;1623.0;1576.0;375
3057;Beverwijk;2023;39099;8618;22402;8079;30256;4425;2128;2297;4418;2282;2136;429;199;230;192;103;89;1389;681;708;399;215;184;2009;1084;925;418.0;433.0;320.0;234.0;1663.0;1608.0;375
3058;Beverwijk;2024;39227;8633;22379;8215;30307;4464;2170;2294;4456;2297;2159;445;210;235;190;98;92;1372;669;703;410;219;191;2039;1101;938;426.0;457.0;339.0;243.0;1656.0;1600.0;375
3059;Beverwijk;2025;39351;8639;22328;8384;30320;4516;2202;2314;4515;2327;2188;480;232;248;199;101;98;1351;658;693;407;221;186;2078;1115;963;;;;;;;375
3060;het Bildt;2006;11028;2896;6547;1585;10102;543;244;299;383;291;92;24;8;16;25;15;10;21;18;3;4;2;2;309;248;61;122.0;84.0;30.0;25.0;422.0;457.0;63
3061;het Bildt;2007;11035;2854;6570;1611;10071;560;248;312;404;309;95;25;8;17;27;17;10;20;17;3;4;2;2;328;265;63;127.0;90.0;45.0;29.0;397.0;460.0;63
3062;het Bildt;2008;11024;2820;6572;1632;10032;590;257;333;402;304;98;27;9;18;26;17;9;19;16;3;5;3;2;325;259;66;125.0;97.0;66.0;19.0;386.0;468.0;63
3063;het Bildt;2009;11017;2803;6548;1666;10021;599;268;331;397;296;101;25;9;16;29;18;11;19;16;3;5;3;2;319;250;69;134.0;99.0;54.0;16.0;382.0;462.0;63
3064;het Bildt;2010;11010;2814;6503;1693;9977;627;278;349;406;288;118;30;10;20;28;17;11;20;14;6;6;3;3;322;244;78;120.0;90.0;65.0;24.0;375.0;454.0;63
3065;het Bildt;2011;11002;2770;6521;1711;9948;654;293;361;400;282;118;26;9;17;31;19;12;21;14;7;7;3;4;315;237;78;126.0;101.0;65.0;29.0;381.0;455.0;63
3066;het Bildt;2012;10990;2756;6452;1782;9896;689;319;370;405;279;126;29;9;20;30;19;11;24;14;10;9;3;6;313;234;79;113.0;92.0;64.0;24.0;383.0;463.0;63
3067;het Bildt;2013;10971;2730;6418;1823;9842;710;331;379;419;282;137;31;10;21;31;19;12;23;14;9;9;3;6;325;236;89;124.0;104.0;58.0;31.0;396.0;458.0;63
3068;het Bildt;2014;10956;2682;6396;1878;9806;717;337;380;433;294;139;34;11;23;35;23;12;21;13;8;10;3;7;333;244;89;122.0;101.0;41.0;39.0;408.0;450.0;63
3069;het Bildt;2015;10938;2685;6348;1905;9764;727;338;389;447;306;141;37;13;24;36;25;11;18;11;7;12;3;9;344;254;90;114.0;98.0;77.0;23.0;375.0;456.0;63
3070;het Bildt;2016;10927;2635;6359;1933;9720;750;353;397;457;316;141;34;13;21;38;25;13;21;11;10;13;3;10;351;264;87;134.0;101.0;43.0;18.0;381.0;461.0;63
3071;het Bildt;2017;10907;2622;6315;1970;9678;747;355;392;482;331;151;37;15;22;43;29;14;23;11;12;14;4;10;365;272;93;132.0;105.0;59.0;27.0;384.0;456.0;63
3072;het Bildt;2018;10893;2619;6298;1976;9634;765;371;394;494;338;156;40;17;23;41;28;13;23;10;13;11;4;7;379;279;100;145.0;105.0;50.0;23.0;387.0;468.0;63
3073;het Bildt;2019;10882;2613;6276;1993;9612;772;386;386;498;334;164;43;18;25;40;27;13;22;11;11;12;4;8;381;274;107;134.0;102.0;58.0;28.0;385.0;460.0;63
3074;het Bildt;2020;10869;2615;6237;2017;9564;802;410;392;503;331;172;41;17;24;41;26;15;22;11;11;11;3;8;388;274;114;119.0;96.0;52.0;25.0;392.0;460.0;63
3075;het Bildt;2021;10853;2606;6178;2069;9526;808;411;397;519;338;181;42;17;25;45;28;17;23;11;12;12;3;9;397;279;118;130.0;101.0;62.0;29.0;376.0;454.0;63
3076;het Bildt;2022;10838;2594;6136;2108;9475;809;415;394;554;358;196;44;19;25;48;30;18;24;11;13;12;3;9;426;295;131;122.0;96.0;54.0;33.0;390.0;458.0;63
3077;het Bildt;2023;10819;2592;6089;2138;9437;812;418;394;570;367;203;47;21;26;46;28;18;26;12;14;11;3;8;440;303;137;130.0;106.0;52.0;36.0;391.0;450.0;63
3078;het Bildt;2024;10801;2572;6056;2173;9416;818;417;401;567;365;202;47;21;26;45;26;19;26;12;14;12;3;9;437;303;134;125.0;106.0;43.0;32.0;401.0;446.0;63
3079;het Bildt;2025;10782;2567;6031;2184;9379;829;414;415;574;370;204;48;23;25;47;27;20;30;15;15;12;3;9;437;302;135;;;;;;;63
3080;De Bilt;2006;41764;10010;23783;7971;35230;4098;1438;2660;2436;1246;1190;399;179;220;163;61;102;121;54;67;697;331;366;1056;621;435;391.0;439.0;230.0;229.0;1875.0;2090.0;310
3081;De Bilt;2007;41502;9908;23702;7892;34744;4147;1455;2692;2611;1316;1295;432;195;237;168;63;105;131;53;78;748;344;404;1132;661;471;386.0;422.0;229.0;227.0;1898.0;2098.0;310
3082;De Bilt;2008;41267;9767;23691;7809;34346;4143;1468;2675;2778;1366;1412;468;205;263;179;62;117;147;59;88;797;349;448;1187;691;496;369.0;420.0;260.0;264.0;1905.0;2085.0;310
3083;De Bilt;2009;41032;9589;23694;7749;33890;4201;1488;2713;2941;1385;1556;494;209;285;192;63;129;177;68;109;846;348;498;1232;697;535;387.0;411.0;291.0;256.0;1863.0;2121.0;310
3084;De Bilt;2010;40783;9491;23536;7756;33396;4290;1556;2734;3097;1414;1683;531;218;313;205;69;136;201;75;126;888;343;545;1272;709;563;412.0;417.0;290.0;279.0;1875.0;2127.0;310
3085;De Bilt;2011;40536;9379;23492;7665;32967;4297;1573;2724;3272;1450;1822;553;219;334;218;72;146;230;79;151;936;347;589;1335;733;602;392.0;405.0;341.0;298.0;1845.0;2124.0;310
3086;De Bilt;2012;40285;9228;23280;7777;32497;4322;1605;2717;3466;1510;1956;573;222;351;226;78;148;262;85;177;994;357;637;1411;768;643;388.0;402.0;335.0;269.0;1800.0;2105.0;310
3087;De Bilt;2013;40036;9085;23065;7886;31998;4391;1646;2745;3647;1543;2104;602;221;381;234;79;155;283;92;191;1067;360;707;1461;791;670;395.0;383.0;324.0;293.0;1824.0;2129.0;310
3088;De Bilt;2014;39780;8994;22806;7980;31541;4427;1677;2750;3812;1566;2246;618;223;395;237;82;155;304;94;210;1121;359;762;1532;808;724;396.0;389.0;337.0;299.0;1825.0;2106.0;310
3089;De Bilt;2015;39550;8909;22594;8047;31070;4484;1705;2779;3996;1593;2403;648;227;421;248;84;164;329;99;230;1182;363;819;1589;820;769;397.0;381.0;333.0;282.0;1798.0;2099.0;310
3090;De Bilt;2016;39319;8864;22311;8144;30618;4525;1720;2805;4176;1609;2567;685;233;452;261;84;177;349;102;247;1239;369;870;1642;821;821;389.0;396.0;348.0;285.0;1802.0;2086.0;310
3091;De Bilt;2017;39092;8813;22154;8125;30209;4550;1751;2799;4333;1647;2686;694;231;463;276;89;187;377;106;271;1274;370;904;1712;851;861;398.0;365.0;335.0;293.0;1812.0;2099.0;310
3092;De Bilt;2018;38885;8769;21933;8183;29812;4581;1770;2811;4492;1667;2825;712;227;485;287;91;196;389;104;285;1336;366;970;1768;879;889;388.0;374.0;339.0;308.0;1810.0;2070.0;310
3093;De Bilt;2019;38675;8695;21797;8183;29397;4608;1777;2831;4670;1688;2982;740;234;506;297;91;206;418;108;310;1388;362;1026;1827;893;934;394.0;382.0;315.0;265.0;1818.0;2090.0;310
3094;De Bilt;2020;38466;8625;21651;8190;29029;4612;1784;2828;4825;1709;3116;754;236;518;304;96;208;438;107;331;1431;360;1071;1898;910;988;407.0;374.0;349.0;313.0;1827.0;2085.0;310
3095;De Bilt;2021;38276;8567;21512;8197;28661;4627;1795;2832;4988;1742;3246;767;239;528;317;98;219;457;104;353;1477;360;1117;1970;941;1029;398.0;358.0;345.0;274.0;1827.0;2098.0;310
3096;De Bilt;2022;38118;8508;21382;8228;28280;4634;1808;2826;5204;1761;3443;784;234;550;324;100;224;488;101;387;1547;366;1181;2061;960;1101;392.0;361.0;328.0;267.0;1826.0;2074.0;310
3097;De Bilt;2023;37959;8509;21178;8272;27953;4659;1842;2817;5347;1777;3570;798;227;571;333;102;231;500;99;401;1582;361;1221;2134;988;1146;405.0;365.0;331.0;263.0;1819.0;2068.0;310
3098;De Bilt;2024;37817;8498;21000;8319;27614;4687;1869;2818;5516;1789;3727;827;242;585;337;100;237;514;96;418;1612;336;1276;2226;1015;1211;406.0;353.0;356.0;281.0;1776.0;2042.0;310
3099;De Bilt;2025;37681;8517;20786;8378;27289;4728;1884;2844;5664;1787;3877;861;246;615;353;105;248;524;92;432;1652;333;1319;2274;1011;1263;;;;;;;310
3100;Binnenmaas;2006;19673;4571;12232;2870;18014;1111;370;741;548;334;214;144;83;61;38;26;12;27;13;14;29;13;16;310;199;111;197.0;140.0;28.0;50.0;792.0;703.0;585
3101;Binnenmaas;2007;19799;4545;12267;2987;18052;1136;376;760;611;372;239;157;90;67;42;29;13;33;14;19;36;15;21;343;224;119;189.0;148.0;30.0;50.0;740.0;716.0;585
3102;Binnenmaas;2008;19845;4512;12221;3112;18024;1166;383;783;655;396;259;167;93;74;45;32;13;33;13;20;39;17;22;371;241;130;187.0;150.0;31.0;47.0;750.0;715.0;585
3103;Binnenmaas;2009;19902;4486;12155;3261;18013;1183;387;796;706;428;278;179;93;86;48;31;17;36;16;20;46;22;24;397;266;131;177.0;156.0;36.0;59.0;769.0;723.0;585
3104;Binnenmaas;2010;19944;4448;12072;3424;17960;1219;400;819;765;449;316;190;95;95;53;33;20;37;15;22;50;22;28;435;284;151;159.0;143.0;33.0;44.0;769.0;726.0;585
3105;Binnenmaas;2011;19993;4376;12070;3547;17922;1257;418;839;814;476;338;204;103;101;55;36;19;39;15;24;54;21;33;462;301;161;175.0;158.0;40.0;46.0;768.0;745.0;585
3106;Binnenmaas;2012;20030;4309;11959;3762;17872;1306;436;870;852;483;369;208;99;109;59;35;24;42;16;26;60;23;37;483;310;173;169.0;155.0;35.0;41.0;786.0;743.0;585
3107;Binnenmaas;2013;20085;4273;11848;3964;17827;1343;457;886;915;517;398;223;105;118;64;38;26;41;14;27;58;21;37;529;339;190;173.0;164.0;36.0;47.0;805.0;749.0;585
3108;Binnenmaas;2014;20144;4224;11782;4138;17816;1367;463;904;961;538;423;234;107;127;63;38;25;41;13;28;62;23;39;561;357;204;170.0;169.0;36.0;42.0;796.0;744.0;585
3109;Binnenmaas;2015;20192;4188;11757;4247;17789;1394;488;906;1009;567;442;240;108;132;71;44;27;46;15;31;65;25;40;587;375;212;186.0;166.0;35.0;43.0;772.0;759.0;585
3110;Binnenmaas;2016;20220;4166;11674;4380;17752;1413;503;910;1055;581;474;255;115;140;79;50;29;44;13;31;68;26;42;609;377;232;170.0;164.0;31.0;55.0;807.0;751.0;585
3111;Binnenmaas;2017;20261;4130;11616;4515;17714;1443;512;931;1104;598;506;259;117;142;88;55;33;44;13;31;71;24;47;642;389;253;180.0;169.0;27.0;40.0;804.0;759.0;585
3112;Binnenmaas;2018;20307;4102;11608;4597;17684;1467;527;940;1156;616;540;262;117;145;91;56;35;46;13;33;79;27;52;678;403;275;202.0;165.0;39.0;45.0;762.0;759.0;585
3113;Binnenmaas;2019;20345;4105;11544;4696;17659;1470;524;946;1216;646;570;271;120;151;94;60;34;53;16;37;84;28;56;714;422;292;199.0;186.0;36.0;54.0;803.0;762.0;585
3114;Binnenmaas;2020;20384;4098;11474;4812;17600;1526;545;981;1258;666;592;272;116;156;107;67;40;56;16;40;88;29;59;735;438;297;195.0;191.0;29.0;33.0;808.0;777.0;585
3115;Binnenmaas;2021;20416;4033;11475;4908;17549;1558;565;993;1309;691;618;278;117;161;120;77;43;59;16;43;91;29;62;761;452;309;194.0;194.0;31.0;53.0;815.0;771.0;585
3116;Binnenmaas;2022;20440;4030;11418;4992;17506;1593;575;1018;1341;708;633;285;118;167;118;75;43;56;15;41;96;29;67;786;471;315;201.0;205.0;37.0;43.0;805.0;765.0;585
3117;Binnenmaas;2023;20474;4012;11389;5073;17463;1617;585;1032;1394;728;666;295;119;176;124;77;47;58;16;42;109;32;77;808;484;324;207.0;198.0;36.0;51.0;813.0;780.0;585
3118;Binnenmaas;2024;20502;3996;11367;5139;17411;1635;593;1042;1456;753;703;300;120;180;133;81;52;60;15;45;118;32;86;845;505;340;203.0;203.0;35.0;63.0;832.0;775.0;585
3119;Binnenmaas;2025;20533;3999;11320;5214;17388;1650;596;1054;1495;783;712;300;121;179;141;86;55;64;17;47;125;35;90;865;524;341;;;;;;;585
3120;Bladel;2006;19152;4901;11665;2586;17609;1183;371;812;360;230;130;35;19;16;28;13;15;2;2;0;45;21;24;250;175;75;199.0;145.0;45.0;82.0;617.0;541.0;1728
3121;Bladel;2007;19246;4852;11733;2661;17654;1207;377;830;385;247;138;38;18;20;29;14;15;1;1;0;48;22;26;269;192;77;194.0;140.0;53.0;82.0;611.0;548.0;1728
3122;Bladel;2008;19335;4763;11801;2771;17723;1211;385;826;401;255;146;39;17;22;28;13;15;1;1;0;53;23;30;280;201;79;201.0;148.0;51.0;73.0;620.0;554.0;1728
3123;Bladel;2009;19431;4712;11832;2887;17785;1234;386;848;412;265;147;37;16;21;32;17;15;0;0;0;54;24;30;289;208;81;200.0;155.0;52.0;85.0;620.0;553.0;1728
3124;Bladel;2010;19514;4682;11834;2998;17838;1241;389;852;435;277;158;39;16;23;34;19;15;1;1;0;55;24;31;306;217;89;200.0;169.0;46.0;85.0;629.0;554.0;1728
3125;Bladel;2011;19584;4612;11879;3093;17888;1261;394;867;435;273;162;39;16;23;32;17;15;2;1;1;54;23;31;308;216;92;207.0;171.0;37.0;76.0;636.0;563.0;1728
3126;Bladel;2012;19660;4569;11847;3244;17917;1291;405;886;452;284;168;36;16;20;31;18;13;6;2;4;58;24;34;321;224;97;198.0;169.0;53.0;86.0;633.0;578.0;1728
3127;Bladel;2013;19715;4510;11824;3381;17961;1298;408;890;456;285;171;39;16;23;32;18;14;5;2;3;54;23;31;326;226;100;206.0;184.0;55.0;79.0;634.0;565.0;1728
3128;Bladel;2014;19782;4466;11793;3523;17995;1321;420;901;466;293;173;38;16;22;32;18;14;7;2;5;52;23;29;337;234;103;205.0;189.0;51.0;88.0;658.0;584.0;1728
3129;Bladel;2015;19836;4416;11802;3618;18024;1341;425;916;471;290;181;39;15;24;30;16;14;9;4;5;52;22;30;341;233;108;212.0;177.0;48.0;84.0;635.0;588.0;1728
3130;Bladel;2016;19885;4365;11811;3709;18064;1348;439;909;473;288;185;41;16;25;30;16;14;10;5;5;53;22;31;339;229;110;219.0;193.0;45.0;70.0;628.0;579.0;1728
3131;Bladel;2017;19935;4350;11772;3813;18097;1352;450;902;486;298;188;42;16;26;28;14;14;11;5;6;52;22;30;353;241;112;229.0;208.0;48.0;80.0;638.0;587.0;1728
3132;Bladel;2018;19975;4343;11742;3890;18135;1348;446;902;492;297;195;42;15;27;27;14;13;14;6;8;52;22;30;357;240;117;211.0;208.0;37.0;80.0;668.0;589.0;1728
3133;Bladel;2019;20013;4303;11736;3974;18151;1354;444;910;508;308;200;41;15;26;26;14;12;17;7;10;53;21;32;371;251;120;221.0;199.0;55.0;75.0;617.0;583.0;1728
3134;Bladel;2020;20050;4263;11722;4065;18153;1367;454;913;530;321;209;41;16;25;29;14;15;19;7;12;54;20;34;387;264;123;239.0;205.0;69.0;85.0;601.0;581.0;1728
3135;Bladel;2021;20091;4272;11676;4143;18173;1393;460;933;525;314;211;40;17;23;28;14;14;22;7;15;54;20;34;381;256;125;259.0;214.0;37.0;75.0;604.0;578.0;1728
3136;Bladel;2022;20127;4269;11628;4230;18184;1409;468;941;534;311;223;39;17;22;25;13;12;26;7;19;56;21;35;388;253;135;245.0;220.0;59.0;90.0;612.0;588.0;1728
3137;Bladel;2023;20147;4283;11538;4326;18187;1420;480;940;540;307;233;41;18;23;23;12;11;25;7;18;56;21;35;395;249;146;253.0;227.0;45.0;74.0;599.0;578.0;1728
3138;Bladel;2024;20171;4291;11473;4407;18191;1433;490;943;547;306;241;40;17;23;22;11;11;26;9;17;54;21;33;405;248;157;245.0;229.0;53.0;65.0;583.0;577.0;1728
3139;Bladel;2025;20187;4309;11370;4508;18185;1463;509;954;539;294;245;40;17;23;20;9;11;26;8;18;56;23;33;397;237;160;;;;;;;1728
3140;Blaricum;2006;9134;1963;5562;1609;7534;1163;429;734;437;246;191;64;24;40;34;14;20;16;11;5;48;28;20;275;169;106;65.0;92.0;71.0;58.0;519.0;549.0;376
3141;Blaricum;2007;9090;1909;5498;1683;7433;1178;427;751;479;283;196;71;27;44;38;18;20;16;11;5;49;27;22;305;200;105;68.0;102.0;67.0;50.0;516.0;550.0;376
3142;Blaricum;2008;9041;1867;5426;1748;7318;1197;437;760;526;313;213;75;28;47;42;21;21;21;11;10;56;30;26;332;223;109;60.0;118.0;73.0;65.0;553.0;569.0;376
3143;Blaricum;2009;8975;1824;5315;1836;7223;1206;448;758;546;332;214;77;30;47;39;18;21;22;12;10;58;30;28;350;242;108;66.0;97.0;82.0;75.0;522.0;567.0;376
3144;Blaricum;2010;8906;1787;5233;1886;7124;1224;450;774;558;339;219;82;31;51;37;17;20;24;12;12;63;32;31;352;247;105;70.0;103.0;99.0;81.0;521.0;576.0;376
3145;Blaricum;2011;8842;1769;5123;1950;7022;1245;458;787;575;340;235;86;33;53;37;16;21;26;13;13;69;33;36;357;245;112;58.0;116.0;103.0;73.0;551.0;576.0;376
3146;Blaricum;2012;8788;1708;4997;2083;6900;1285;473;812;603;357;246;85;31;54;41;19;22;28;14;14;72;31;41;377;262;115;64.0;129.0;110.0;64.0;538.0;572.0;376
3147;Blaricum;2013;8735;1673;4915;2147;6797;1297;489;808;641;380;261;92;30;62;48;23;25;30;13;17;74;31;43;397;283;114;61.0;108.0;100.0;76.0;550.0;587.0;376
3148;Blaricum;2014;8676;1638;4841;2197;6703;1308;492;816;665;393;272;100;36;64;50;23;27;28;11;17;74;31;43;413;292;121;75.0;119.0;91.0;88.0;566.0;578.0;376
3149;Blaricum;2015;8623;1629;4762;2232;6622;1334;497;837;667;382;285;98;34;64;50;22;28;29;12;17;78;30;48;412;284;128;77.0;111.0;80.0;74.0;539.0;571.0;376
3150;Blaricum;2016;8563;1611;4644;2308;6530;1343;498;845;690;386;304;100;32;68;50;19;31;33;13;20;79;30;49;428;292;136;83.0;120.0;84.0;76.0;538.0;571.0;376
3151;Blaricum;2017;8505;1606;4560;2339;6436;1358;511;847;711;395;316;101;33;68;53;20;33;35;12;23;80;28;52;442;302;140;79.0;114.0;101.0;71.0;510.0;568.0;376
3152;Blaricum;2018;8444;1625;4446;2373;6334;1385;532;853;725;395;330;107;32;75;51;19;32;39;13;26;88;30;58;440;301;139;86.0;123.0;90.0;60.0;520.0;569.0;376
3153;Blaricum;2019;8386;1629;4372;2385;6233;1394;547;847;759;412;347;106;33;73;56;22;34;41;12;29;99;30;69;457;315;142;84.0;128.0;100.0;72.0;521.0;568.0;376
3154;Blaricum;2020;8328;1626;4320;2382;6143;1412;563;849;773;413;360;111;33;78;55;22;33;43;12;31;101;32;69;463;314;149;82.0;125.0;94.0;71.0;539.0;559.0;376
3155;Blaricum;2021;8289;1629;4294;2366;6058;1425;556;869;806;423;383;119;36;83;60;26;34;49;15;34;107;33;74;471;313;158;81.0;123.0;110.0;84.0;536.0;574.0;376
3156;Blaricum;2022;8235;1639;4235;2361;5970;1429;553;876;836;433;403;123;35;88;64;27;37;50;13;37;113;36;77;486;322;164;79.0;115.0;90.0;69.0;531.0;564.0;376
3157;Blaricum;2023;8191;1642;4191;2358;5886;1434;561;873;871;449;422;135;39;96;67;26;41;51;13;38;114;36;78;504;335;169;95.0;120.0;96.0;73.0;510.0;563.0;376
3158;Blaricum;2024;8136;1657;4154;2325;5789;1458;575;883;889;452;437;135;39;96;64;26;38;51;14;37;117;34;83;522;339;183;84.0;138.0;88.0;82.0;566.0;568.0;376
3159;Blaricum;2025;8087;1681;4080;2326;5720;1451;577;874;916;464;452;135;38;97;66;29;37;53;14;39;117;34;83;545;349;196;;;;;;;376
3160;Bleiswijk;2006;10627;3035;6334;1258;9241;700;249;451;686;373;313;127;64;63;40;18;22;48;20;28;233;124;109;238;147;91;132.0;68.0;29.0;29.0;437.0;423.0;495
3161;Bleiswijk;2007;10705;3004;6350;1351;9245;741;270;471;719;388;331;136;66;70;42;19;23;52;20;32;231;123;108;258;160;98;124.0;82.0;21.0;40.0;471.0;426.0;495
3162;Bleiswijk;2008;10775;2973;6368;1434;9259;762;277;485;754;401;353;151;70;81;47;21;26;54;21;33;228;115;113;274;174;100;108.0;84.0;24.0;26.0;482.0;434.0;495
3163;Bleiswijk;2009;10847;2961;6358;1528;9259;802;295;507;786;411;375;158;73;85;54;26;28;58;21;37;222;107;115;294;184;110;108.0;89.0;26.0;27.0;488.0;436.0;495
3164;Bleiswijk;2010;10921;2933;6367;1621;9254;840;299;541;827;444;383;165;80;85;61;31;30;56;20;36;222;106;116;323;207;116;121.0;94.0;26.0;43.0;492.0;437.0;495
3165;Bleiswijk;2011;10986;2890;6414;1682;9227;877;307;570;882;479;403;180;87;93;65;34;31;58;21;37;225;107;118;354;230;124;117.0;84.0;27.0;26.0;482.0;442.0;495
3166;Bleiswijk;2012;11060;2847;6417;1796;9221;914;321;593;925;505;420;193;93;100;67;35;32;60;22;38;220;105;115;385;250;135;119.0;96.0;28.0;44.0;515.0;460.0;495
3167;Bleiswijk;2013;11120;2812;6389;1919;9207;958;343;615;955;511;444;198;93;105;72;36;36;66;26;40;215;98;117;404;258;146;122.0;97.0;29.0;28.0;499.0;465.0;495
3168;Bleiswijk;2014;11183;2767;6398;2018;9197;990;362;628;996;536;460;207;92;115;78;37;41;71;27;44;211;98;113;429;282;147;116.0;98.0;31.0;22.0;498.0;468.0;495
3169;Bleiswijk;2015;11240;2744;6419;2077;9170;1041;388;653;1029;554;475;218;94;124;83;39;44;71;27;44;207;97;110;450;297;153;111.0;110.0;21.0;40.0;545.0;453.0;495
3170;Bleiswijk;2016;11315;2731;6403;2181;9128;1106;416;690;1081;571;510;232;96;136;84;39;45;73;27;46;217;99;118;475;310;165;133.0;107.0;31.0;35.0;512.0;471.0;495
3171;Bleiswijk;2017;11377;2712;6407;2258;9103;1137;430;707;1137;587;550;248;99;149;85;39;46;79;29;50;223;99;124;502;321;181;127.0;124.0;21.0;26.0;539.0;479.0;495
3172;Bleiswijk;2018;11434;2690;6398;2346;9069;1177;446;731;1188;608;580;252;98;154;90;41;49;84;31;53;222;95;127;540;343;197;133.0;106.0;27.0;26.0;522.0;486.0;495
3173;Bleiswijk;2019;11497;2648;6406;2443;9054;1215;454;761;1228;628;600;257;100;157;95;47;48;91;33;58;220;93;127;565;355;210;111.0;116.0;28.0;34.0;557.0;487.0;495
3174;Bleiswijk;2020;11556;2603;6422;2531;9024;1271;480;791;1261;635;626;265;96;169;102;52;50;93;35;58;222;92;130;579;360;219;141.0;128.0;25.0;30.0;498.0;479.0;495
3175;Bleiswijk;2021;11585;2604;6381;2600;9007;1285;493;792;1293;662;631;271;98;173;105;54;51;97;39;58;219;92;127;601;379;222;117.0;133.0;32.0;29.0;550.0;490.0;495
3176;Bleiswijk;2022;11632;2575;6389;2668;8994;1303;505;798;1335;668;667;277;90;187;114;58;56;100;42;58;218;87;131;626;391;235;145.0;128.0;23.0;47.0;524.0;492.0;495
3177;Bleiswijk;2023;11655;2576;6347;2732;8942;1363;520;843;1350;672;678;280;90;190;114;60;54;102;42;60;223;87;136;631;393;238;115.0;138.0;41.0;50.0;539.0;485.0;495
3178;Bleiswijk;2024;11680;2567;6328;2785;8920;1391;540;851;1369;682;687;283;91;192;112;57;55;106;43;63;223;89;134;645;402;243;132.0;130.0;30.0;32.0;520.0;476.0;495
3179;Bleiswijk;2025;11722;2566;6311;2845;8864;1436;556;880;1422;695;727;297;92;205;112;56;56;109;44;65;232;90;142;672;413;259;;;;;;;495
3180;Bloemendaal;2006;16850;4026;9389;3435;13618;2501;832;1669;731;369;362;103;38;65;85;31;54;50;18;32;25;7;18;468;275;193;110.0;180.0;171.0;172.0;1096.0;1142.0;377
3181;Bloemendaal;2007;16733;3967;9384;3382;13382;2525;824;1701;826;418;408;120;44;76;103;36;67;57;19;38;28;7;21;518;312;206;103.0;176.0;215.0;182.0;1107.0;1161.0;377
3182;Bloemendaal;2008;16640;3918;9342;3380;13133;2593;857;1736;914;473;441;129;49;80;110;37;73;70;26;44;34;7;27;571;354;217;116.0;164.0;249.0;205.0;1078.0;1173.0;377
3183;Bloemendaal;2009;16544;3863;9298;3383;12892;2619;862;1757;1033;533;500;145;46;99;123;44;79;81;29;52;44;8;36;640;406;234;116.0;181.0;283.0;213.0;1060.0;1193.0;377
3184;Bloemendaal;2010;16416;3773;9241;3402;12633;2661;881;1780;1122;571;551;160;48;112;130;45;85;87;27;60;60;11;49;685;440;245;109.0;167.0;312.0;212.0;1060.0;1204.0;377
3185;Bloemendaal;2011;16314;3704;9181;3429;12386;2717;939;1778;1211;599;612;169;48;121;135;50;85;94;24;70;71;12;59;742;465;277;123.0;157.0;329.0;258.0;1058.0;1222.0;377
3186;Bloemendaal;2012;16187;3664;9047;3476;12159;2723;963;1760;1305;629;676;183;46;137;137;52;85;111;26;85;80;14;66;794;491;303;106.0;167.0;357.0;271.0;1057.0;1200.0;377
3187;Bloemendaal;2013;16070;3622;8918;3530;11894;2791;1004;1787;1385;649;736;189;44;145;146;50;96;117;27;90;93;15;78;840;513;327;125.0;148.0;371.0;270.0;1016.0;1219.0;377
3188;Bloemendaal;2014;15944;3555;8831;3558;11654;2845;1054;1791;1445;668;777;196;46;150;155;52;103;122;26;96;108;17;91;864;527;337;122.0;157.0;366.0;285.0;1063.0;1219.0;377
3189;Bloemendaal;2015;15835;3517;8742;3576;11402;2916;1104;1812;1517;685;832;205;51;154;157;49;108;136;27;109;123;21;102;896;537;359;123.0;170.0;401.0;277.0;1044.0;1226.0;377
3190;Bloemendaal;2016;15730;3522;8606;3602;11145;2970;1158;1812;1615;732;883;212;50;162;164;49;115;147;30;117;133;23;110;959;580;379;122.0;149.0;416.0;287.0;1026.0;1224.0;377
3191;Bloemendaal;2017;15633;3474;8535;3624;10919;2999;1185;1814;1715;758;957;226;51;175;174;57;117;156;29;127;147;21;126;1012;600;412;122.0;132.0;432.0;323.0;1037.0;1226.0;377
3192;Bloemendaal;2018;15542;3447;8445;3650;10704;3041;1202;1839;1797;788;1009;229;46;183;181;60;121;172;34;138;144;22;122;1071;626;445;120.0;168.0;413.0;299.0;1058.0;1228.0;377
3193;Bloemendaal;2019;15441;3411;8370;3660;10502;3075;1234;1841;1864;801;1063;231;44;187;189;62;127;183;38;145;154;21;133;1107;636;471;127.0;160.0;409.0;309.0;1088.0;1222.0;377
3194;Bloemendaal;2020;15371;3389;8335;3647;10321;3090;1244;1846;1960;832;1128;230;43;187;205;71;134;198;37;161;164;24;140;1163;657;506;119.0;153.0;413.0;298.0;1076.0;1226.0;377
3195;Bloemendaal;2021;15303;3357;8254;3692;10128;3136;1290;1846;2039;854;1185;239;43;196;208;76;132;204;38;166;181;25;156;1207;672;535;132.0;157.0;417.0;314.0;1063.0;1210.0;377
3196;Bloemendaal;2022;15233;3360;8172;3701;9966;3143;1307;1836;2124;877;1247;245;43;202;215;80;135;217;37;180;192;26;166;1255;691;564;122.0;163.0;462.0;319.0;1078.0;1239.0;377
3197;Bloemendaal;2023;15173;3348;8142;3683;9795;3171;1337;1834;2207;889;1318;261;40;221;220;78;142;224;41;183;209;29;180;1293;701;592;122.0;150.0;448.0;321.0;1079.0;1238.0;377
3198;Bloemendaal;2024;15112;3358;8060;3694;9606;3210;1343;1867;2296;927;1369;271;42;229;227;80;147;227;41;186;223;28;195;1348;736;612;116.0;148.0;470.0;301.0;1074.0;1253.0;377
3199;Bloemendaal;2025;15068;3359;8038;3671;9415;3268;1404;1864;2385;957;1428;280;42;238;231;77;154;243;44;199;234;30;204;1397;764;633;;;;;;;377
3200;Boarnsterhim;2006;19566;4993;11923;2650;18430;762;224;538;374;250;124;29;11;18;46;29;17;9;8;1;7;4;3;283;198;85;239.0;141.0;54.0;31.0;658.0;738.0;55
3201;Boarnsterhim;2007;19611;4970;11945;2696;18426;786;225;561;399;267;132;34;13;21;44;28;16;10;8;2;8;4;4;303;214;89;219.0;142.0;61.0;41.0;694.0;735.0;55
3202;Boarnsterhim;2008;19672;4946;11939;2787;18457;784;231;553;431;291;140;36;12;24;49;33;16;12;10;2;10;6;4;324;230;94;215.0;148.0;66.0;32.0;683.0;731.0;55
3203;Boarnsterhim;2009;19725;4972;11845;2908;18447;813;247;566;465;313;152;40;13;27;57;39;18;14;10;4;11;6;5;343;245;98;214.0;148.0;56.0;38.0;692.0;730.0;55
3204;Boarnsterhim;2010;19777;4951;11791;3035;18467;832;259;573;478;325;153;43;13;30;64;46;18;17;11;6;11;7;4;343;248;95;217.0;157.0;55.0;34.0;701.0;732.0;55
3205;Boarnsterhim;2011;19830;4951;11735;3144;18470;858;270;588;502;347;155;45;11;34;67;48;19;13;9;4;10;7;3;367;272;95;193.0;148.0;64.0;35.0;715.0;742.0;55
3206;Boarnsterhim;2012;19880;4890;11692;3298;18451;878;282;596;551;380;171;54;16;38;70;48;22;12;8;4;11;9;2;404;299;105;218.0;161.0;54.0;33.0;720.0;755.0;55
3207;Boarnsterhim;2013;19924;4865;11597;3462;18457;893;285;608;574;396;178;54;16;38;74;50;24;13;9;4;12;10;2;421;311;110;203.0;156.0;59.0;26.0;715.0;742.0;55
3208;Boarnsterhim;2014;19977;4831;11530;3616;18433;930;298;632;614;421;193;57;16;41;82;53;29;15;10;5;13;11;2;447;331;116;207.0;151.0;63.0;37.0;712.0;754.0;55
3209;Boarnsterhim;2015;20018;4797;11489;3732;18410;962;309;653;646;451;195;58;16;42;79;52;27;14;9;5;14;12;2;481;362;119;202.0;157.0;73.0;27.0;722.0;763.0;55
3210;Boarnsterhim;2016;20068;4781;11444;3843;18394;995;332;663;679;478;201;62;15;47;81;58;23;17;10;7;19;16;3;500;379;121;202.0;167.0;68.0;40.0;728.0;755.0;55
3211;Boarnsterhim;2017;20109;4737;11442;3930;18361;1030;351;679;718;502;216;65;14;51;87;63;24;24;13;11;23;18;5;519;394;125;211.0;178.0;70.0;39.0;731.0;762.0;55
3212;Boarnsterhim;2018;20151;4711;11403;4037;18352;1053;377;676;746;528;218;68;15;53;89;67;22;23;13;10;23;18;5;543;415;128;223.0;173.0;69.0;41.0;733.0;773.0;55
3213;Boarnsterhim;2019;20192;4706;11324;4162;18329;1076;388;688;787;561;226;72;16;56;91;67;24;28;16;12;23;18;5;573;444;129;237.0;173.0;70.0;28.0;712.0;777.0;55
3214;Boarnsterhim;2020;20235;4690;11247;4298;18326;1106;405;701;803;565;238;74;14;60;90;68;22;30;17;13;25;18;7;584;448;136;216.0;180.0;79.0;35.0;741.0;784.0;55
3215;Boarnsterhim;2021;20273;4665;11187;4421;18303;1139;437;702;831;585;246;74;11;63;89;66;23;34;19;15;26;18;8;608;471;137;208.0;177.0;76.0;34.0;739.0;781.0;55
3216;Boarnsterhim;2022;20306;4632;11165;4509;18266;1179;459;720;861;608;253;74;11;63;98;70;28;34;18;16;30;20;10;625;489;136;215.0;198.0;59.0;32.0;766.0;780.0;55
3217;Boarnsterhim;2023;20340;4594;11152;4594;18259;1194;469;725;887;619;268;76;9;67;97;68;29;34;17;17;36;24;12;644;501;143;220.0;195.0;81.0;36.0;738.0;781.0;55
3218;Boarnsterhim;2024;20369;4581;11122;4666;18206;1231;493;738;932;650;282;80;9;71;98;67;31;35;17;18;39;28;11;680;529;151;222.0;190.0;67.0;29.0;747.0;788.0;55
3219;Boarnsterhim;2025;20402;4587;11058;4757;18171;1275;525;750;956;671;285;82;11;71;104;72;32;34;18;16;42;27;15;694;543;151;;;;;;;55
3220;Bodegraven;2006;19473;5512;11614;2347;17230;1106;430;676;1137;630;507;113;51;62;49;22;27;32;15;17;584;302;282;359;240;119;243.0;128.0;49.0;47.0;512.0;660.0;497
3221;Bodegraven;2007;19444;5426;11609;2409;17129;1136;435;701;1179;649;530;115;49;66;57;28;29;36;18;18;588;301;287;383;253;130;234.0;119.0;47.0;49.0;501.0;653.0;497
3222;Bodegraven;2008;19406;5365;11554;2487;17030;1172;446;726;1204;657;547;122;50;72;60;28;32;38;18;20;578;295;283;406;266;140;228.0;122.0;42.0;31.0;479.0;650.0;497
3223;Bodegraven;2009;19357;5276;11476;2605;16911;1207;462;745;1239;680;559;133;55;78;65;31;34;40;19;21;574;295;279;427;280;147;219.0;120.0;37.0;50.0;523.0;657.0;497
3224;Bodegraven;2010;19308;5213;11395;2700;16794;1245;484;761;1269;691;578;141;58;83;68;31;37;38;18;20;569;285;284;453;299;154;220.0;109.0;33.0;44.0;509.0;661.0;497
3225;Bodegraven;2011;19255;5132;11346;2777;16693;1262;487;775;1300;704;596;148;63;85;69;33;36;36;18;18;572;277;295;475;313;162;228.0;144.0;34.0;38.0;524.0;644.0;497
3226;Bodegraven;2012;19217;5067;11186;2964;16624;1289;495;794;1304;691;613;158;63;95;69;33;36;39;20;19;567;272;295;471;303;168;230.0;139.0;28.0;33.0;519.0;651.0;497
3227;Bodegraven;2013;19171;5001;11069;3101;16530;1312;502;810;1329;710;619;161;66;95;72;35;37;43;21;22;557;269;288;496;319;177;213.0;135.0;38.0;43.0;534.0;663.0;497
3228;Bodegraven;2014;19117;4930;10976;3211;16417;1339;505;834;1361;726;635;161;64;97;77;38;39;43;23;20;552;262;290;528;339;189;226.0;145.0;32.0;47.0;550.0;659.0;497
3229;Bodegraven;2015;19078;4840;10904;3334;16322;1378;512;866;1378;731;647;167;67;100;76;39;37;44;25;19;553;260;293;538;340;198;213.0;141.0;44.0;47.0;532.0;659.0;497
3230;Bodegraven;2016;19026;4772;10832;3422;16247;1385;521;864;1394;743;651;172;70;102;85;45;40;46;26;20;547;255;292;544;347;197;218.0;147.0;39.0;42.0;531.0;660.0;497
3231;Bodegraven;2017;18969;4712;10781;3476;16152;1400;510;890;1417;750;667;178;71;107;83;44;39;49;27;22;550;254;296;557;354;203;218.0;170.0;35.0;41.0;565.0;652.0;497
3232;Bodegraven;2018;18923;4671;10680;3572;16044;1436;528;908;1443;763;680;178;71;107;92;48;44;51;28;23;544;254;290;578;362;216;203.0;155.0;34.0;50.0;567.0;656.0;497
3233;Bodegraven;2019;18870;4562;10653;3655;15957;1461;543;918;1452;765;687;177;70;107;101;54;47;59;32;27;543;256;287;572;353;219;213.0;163.0;34.0;42.0;541.0;654.0;497
3234;Bodegraven;2020;18806;4495;10584;3727;15872;1473;540;933;1461;758;703;185;69;116;105;54;51;61;32;29;544;255;289;566;348;218;207.0;155.0;33.0;44.0;562.0;666.0;497
3235;Bodegraven;2021;18747;4413;10521;3813;15782;1498;547;951;1467;756;711;183;68;115;108;52;56;66;35;31;545;253;292;565;348;217;237.0;174.0;28.0;40.0;528.0;653.0;497
3236;Bodegraven;2022;18677;4379;10432;3866;15698;1515;551;964;1464;762;702;175;62;113;108;52;56;72;38;34;536;251;285;573;359;214;230.0;183.0;34.0;43.0;556.0;646.0;497
3237;Bodegraven;2023;18627;4354;10347;3926;15618;1526;570;956;1483;760;723;184;61;123;104;46;58;76;40;36;525;248;277;594;365;229;211.0;182.0;33.0;39.0;589.0;655.0;497
3238;Bodegraven;2024;18585;4320;10263;4002;15550;1529;577;952;1506;761;745;196;64;132;112;49;63;78;42;36;523;242;281;597;364;233;216.0;191.0;41.0;43.0;563.0;651.0;497
3239;Bodegraven;2025;18521;4283;10176;4062;15449;1540;585;955;1532;773;759;200;68;132;115;53;62;82;42;40;516;238;278;619;372;247;;;;;;;497
3240;Boekel;2006;9554;2697;5646;1211;9018;378;112;266;158;102;56;22;13;9;19;9;10;6;3;3;8;7;1;103;70;33;121.0;67.0;24.0;20.0;231.0;237.0;755
3241;Boekel;2007;9606;2731;5633;1242;9017;410;118;292;179;117;62;23;14;9;20;11;9;11;6;5;10;7;3;115;79;36;116.0;70.0;29.0;32.0;224.0;236.0;755
3242;Boekel;2008;9637;2707;5631;1299;8992;443;127;316;202;136;66;23;15;8;20;12;8;14;8;6;10;7;3;135;94;41;106.0;68.0;30.0;29.0;227.0;243.0;755
3243;Boekel;2009;9658;2699;5608;1351;8964;461;137;324;233;161;72;27;19;8;22;13;9;15;8;7;14;10;4;155;111;44;102.0;80.0;20.0;24.0;246.0;246.0;755
3244;Boekel;2010;9677;2657;5611;1409;8951;478;146;332;248;171;77;26;19;7;23;12;11;18;9;9;17;11;6;164;120;44;100.0;90.0;28.0;24.0;254.0;249.0;755
3245;Boekel;2011;9694;2631;5626;1437;8927;495;153;342;272;191;81;27;18;9;25;14;11;19;11;8;19;12;7;182;136;46;94.0;84.0;30.0;28.0;245.0;253.0;755
3246;Boekel;2012;9698;2585;5621;1492;8894;519;162;357;285;201;84;29;19;10;27;16;11;19;11;8;20;13;7;190;142;48;100.0;75.0;23.0;23.0;240.0;249.0;755
3247;Boekel;2013;9714;2549;5612;1553;8873;547;175;372;294;204;90;31;20;11;29;16;13;19;9;10;21;14;7;194;145;49;102.0;103.0;25.0;38.0;274.0;256.0;755
3248;Boekel;2014;9717;2528;5559;1630;8834;570;180;390;313;220;93;32;21;11;27;16;11;22;10;12;19;12;7;213;161;52;98.0;89.0;28.0;25.0;247.0;250.0;755
3249;Boekel;2015;9727;2481;5542;1704;8805;595;190;405;327;228;99;33;22;11;26;13;13;22;11;11;20;12;8;226;170;56;94.0;100.0;18.0;28.0;265.0;264.0;755
3250;Boekel;2016;9716;2465;5477;1774;8771;605;191;414;340;239;101;36;23;13;29;17;12;26;15;11;21;12;9;228;172;56;103.0;104.0;28.0;32.0;261.0;266.0;755
3251;Boekel;2017;9707;2418;5461;1828;8729;616;193;423;362;253;109;37;23;14;29;17;12;27;16;11;28;16;12;241;181;60;95.0;86.0;23.0;35.0;261.0;257.0;755
3252;Boekel;2018;9709;2380;5444;1885;8686;641;205;436;382;268;114;39;25;14;29;17;12;29;17;12;28;14;14;257;195;62;108.0;104.0;33.0;26.0;248.0;262.0;755
3253;Boekel;2019;9707;2353;5439;1915;8647;669;219;450;391;269;122;41;26;15;33;20;13;28;15;13;30;15;15;259;193;66;100.0;103.0;28.0;29.0;269.0;270.0;755
3254;Boekel;2020;9701;2322;5426;1953;8600;683;218;465;418;281;137;46;28;18;32;19;13;27;14;13;31;14;17;282;206;76;107.0;110.0;35.0;25.0;255.0;266.0;755
3255;Boekel;2021;9695;2276;5430;1989;8551;709;230;479;435;287;148;50;30;20;34;19;15;30;17;13;30;13;17;291;208;83;106.0;100.0;24.0;28.0;249.0;260.0;755
3256;Boekel;2022;9685;2237;5412;2036;8504;725;240;485;456;296;160;52;30;22;36;20;16;34;17;17;31;14;17;303;215;88;120.0;113.0;29.0;34.0;250.0;265.0;755
3257;Boekel;2023;9670;2221;5381;2068;8455;733;243;490;482;308;174;53;29;24;34;19;15;37;19;18;35;15;20;323;226;97;112.0;113.0;36.0;27.0;244.0;257.0;755
3258;Boekel;2024;9663;2206;5351;2106;8416;741;246;495;506;323;183;53;29;24;36;21;15;41;22;19;37;16;21;339;235;104;120.0;113.0;30.0;28.0;231.0;257.0;755
3259;Boekel;2025;9649;2212;5277;2160;8366;759;258;501;524;331;193;53;29;24;36;21;15;48;24;24;40;16;24;347;241;106;;;;;;;755
3260;Ten Boer;2006;7261;2068;4331;862;6769;310;91;219;182;109;73;25;10;15;18;4;14;10;6;4;2;1;1;127;88;39;93.0;61.0;34.0;17.0;424.0;470.0;9
3261;Ten Boer;2007;7268;2034;4355;879;6748;332;107;225;188;122;66;23;11;12;17;4;13;10;6;4;1;1;0;137;100;37;98.0;61.0;41.0;16.0;467.0;472.0;9
3262;Ten Boer;2008;7326;2012;4417;897;6751;373;134;239;202;134;68;25;11;14;20;6;14;10;6;4;3;2;1;144;109;35;110.0;65.0;59.0;22.0;485.0;496.0;9
3263;Ten Boer;2009;7397;2029;4442;926;6766;402;154;248;229;158;71;26;12;14;22;6;16;8;5;3;3;2;1;170;133;37;131.0;59.0;80.0;33.0;456.0;501.0;9
3264;Ten Boer;2010;7471;2064;4431;976;6773;437;183;254;261;187;74;27;15;12;24;8;16;7;5;2;2;2;0;201;157;44;113.0;60.0;84.0;28.0;482.0;517.0;9
3265;Ten Boer;2011;7545;2085;4438;1022;6781;477;213;264;287;207;80;26;15;11;25;9;16;6;4;2;0;0;0;230;179;51;97.0;60.0;97.0;36.0;502.0;519.0;9
3266;Ten Boer;2012;7625;2111;4421;1093;6782;514;252;262;329;236;93;31;18;13;27;11;16;7;4;3;1;1;0;263;202;61;98.0;62.0;101.0;46.0;520.0;536.0;9
3267;Ten Boer;2013;7700;2138;4410;1152;6765;564;294;270;371;268;103;37;21;16;32;13;19;8;4;4;1;1;0;293;229;64;101.0;66.0;120.0;65.0;522.0;538.0;9
3268;Ten Boer;2014;7774;2150;4428;1196;6760;616;338;278;398;295;103;35;19;16;33;16;17;8;4;4;3;2;1;319;254;65;102.0;70.0;114.0;36.0;525.0;561.0;9
3269;Ten Boer;2015;7847;2176;4440;1231;6747;675;385;290;425;320;105;37;20;17;37;20;17;7;4;3;3;2;1;341;274;67;113.0;76.0;124.0;55.0;530.0;558.0;9
3270;Ten Boer;2016;7922;2190;4457;1275;6721;740;438;302;461;350;111;38;21;17;40;20;20;8;5;3;1;1;0;374;303;71;115.0;70.0;123.0;49.0;522.0;569.0;9
3271;Ten Boer;2017;7995;2212;4463;1320;6713;787;462;325;495;383;112;39;20;19;42;22;20;7;5;2;2;1;1;405;335;70;126.0;70.0;136.0;40.0;499.0;584.0;9
3272;Ten Boer;2018;8062;2237;4476;1349;6703;837;492;345;522;402;120;37;20;17;43;23;20;11;6;5;5;2;3;426;351;75;130.0;72.0;117.0;49.0;530.0;578.0;9
3273;Ten Boer;2019;8139;2232;4525;1382;6707;865;514;351;567;446;121;41;22;19;45;27;18;11;6;5;5;2;3;465;389;76;130.0;70.0;128.0;53.0;532.0;598.0;9
3274;Ten Boer;2020;8206;2253;4522;1431;6676;915;545;370;615;481;134;42;22;20;52;32;20;12;6;6;7;2;5;502;419;83;120.0;80.0;122.0;53.0;537.0;585.0;9
3275;Ten Boer;2021;8268;2272;4529;1467;6674;936;552;384;658;512;146;44;23;21;60;36;24;11;6;5;8;3;5;535;444;91;107.0;71.0;136.0;41.0;531.0;609.0;9
3276;Ten Boer;2022;8322;2293;4537;1492;6665;956;574;382;701;548;153;46;23;23;63;42;21;14;8;6;10;3;7;568;472;96;123.0;69.0;138.0;47.0;518.0;614.0;9
3277;Ten Boer;2023;8371;2368;4474;1529;6628;1025;631;394;718;561;157;45;23;22;64;44;20;13;8;5;10;3;7;586;483;103;114.0;81.0;137.0;49.0;531.0;609.0;9
3278;Ten Boer;2024;8416;2408;4458;1550;6605;1065;674;391;746;576;170;47;23;24;65;46;19;12;6;6;10;3;7;612;498;114;110.0;82.0;168.0;76.0;552.0;621.0;9
3279;Ten Boer;2025;8469;2420;4466;1583;6581;1112;701;411;776;596;180;54;26;28;66;49;17;14;7;7;12;4;8;630;510;120;;;;;;;9
3280;Bolsward;2006;9440;2326;5590;1524;8504;524;210;314;412;277;135;11;5;6;20;9;11;119;73;46;12;4;8;250;186;64;109.0;107.0;36.0;30.0;397.0;390.0;64
3281;Bolsward;2007;9454;2314;5631;1509;8511;523;209;314;420;278;142;13;7;6;21;10;11;118;71;47;12;4;8;256;186;70;126.0;103.0;19.0;26.0;370.0;400.0;64
3282;Bolsward;2008;9440;2325;5612;1503;8489;522;208;314;429;287;142;14;8;6;23;13;10;115;71;44;12;4;8;265;191;74;98.0;101.0;29.0;32.0;379.0;390.0;64
3283;Bolsward;2009;9423;2296;5616;1511;8453;533;212;321;437;290;147;15;8;7;23;13;10;118;74;44;11;4;7;270;191;79;106.0;97.0;31.0;29.0;361.0;391.0;64
3284;Bolsward;2010;9405;2281;5610;1514;8429;532;204;328;444;296;148;18;9;9;22;13;9;114;73;41;11;4;7;279;197;82;113.0;105.0;43.0;30.0;353.0;389.0;64
3285;Bolsward;2011;9389;2281;5577;1531;8397;530;217;313;462;310;152;19;9;10;21;16;5;115;73;42;12;5;7;295;207;88;120.0;91.0;56.0;41.0;340.0;394.0;64
3286;Bolsward;2012;9378;2281;5515;1582;8372;552;231;321;454;307;147;19;9;10;24;18;6;111;71;40;13;5;8;287;204;83;110.0;104.0;51.0;33.0;353.0;394.0;64
3287;Bolsward;2013;9362;2282;5473;1607;8333;560;234;326;469;320;149;19;10;9;24;19;5;113;73;40;14;5;9;299;213;86;109.0;99.0;52.0;32.0;359.0;402.0;64
3288;Bolsward;2014;9350;2279;5437;1634;8283;589;256;333;478;320;158;20;11;9;25;19;6;111;71;40;16;5;11;306;214;92;110.0;93.0;42.0;30.0;357.0;400.0;64
3289;Bolsward;2015;9336;2281;5409;1646;8246;594;257;337;496;336;160;20;11;9;26;20;6;112;71;41;18;7;11;320;227;93;104.0;90.0;34.0;24.0;357.0;395.0;64
3290;Bolsward;2016;9323;2279;5408;1636;8213;613;267;346;497;334;163;20;10;10;28;20;8;104;68;36;20;8;12;325;228;97;100.0;96.0;38.0;38.0;379.0;394.0;64
3291;Bolsward;2017;9312;2258;5402;1652;8195;612;259;353;505;342;163;23;13;10;30;20;10;100;66;34;21;9;12;331;234;97;89.0;97.0;28.0;27.0;385.0;395.0;64
3292;Bolsward;2018;9296;2222;5433;1641;8150;622;265;357;524;352;172;31;14;17;29;19;10;97;65;32;22;9;13;345;245;100;112.0;99.0;41.0;30.0;351.0;390.0;64
3293;Bolsward;2019;9281;2220;5416;1645;8111;633;279;354;537;361;176;33;15;18;28;16;12;98;67;31;22;9;13;356;254;102;105.0;97.0;33.0;33.0;368.0;392.0;64
3294;Bolsward;2020;9264;2218;5378;1668;8059;656;293;363;549;362;187;36;16;20;27;17;10;96;64;32;23;9;14;367;256;111;114.0;94.0;41.0;23.0;354.0;397.0;64
3295;Bolsward;2021;9259;2199;5366;1694;8040;655;304;351;564;377;187;37;18;19;29;19;10;94;63;31;23;10;13;381;267;114;106.0;99.0;40.0;32.0;375.0;393.0;64
3296;Bolsward;2022;9253;2190;5358;1705;8022;665;302;363;566;376;190;39;18;21;29;19;10;92;62;30;23;10;13;383;267;116;105.0;100.0;37.0;28.0;363.0;389.0;64
3297;Bolsward;2023;9242;2172;5341;1729;7989;675;315;360;578;381;197;42;19;23;30;22;8;92;62;30;25;10;15;389;268;121;108.0;106.0;32.0;30.0;369.0;391.0;64
3298;Bolsward;2024;9223;2153;5341;1729;7962;679;315;364;582;384;198;40;19;21;36;25;11;92;62;30;24;10;14;390;268;122;112.0;98.0;33.0;28.0;362.0;392.0;64
3299;Bolsward;2025;9212;2157;5333;1722;7916;685;319;366;611;408;203;46;23;23;39;26;13;93;61;32;26;10;16;407;288;119;;;;;;;64
3300;Borger-Odoorn;2006;26146;6271;15695;4180;24788;1003;323;680;355;210;145;50;21;29;30;16;14;25;13;12;6;1;5;244;159;85;238.0;262.0;34.0;79.0;887.0;968.0;1681
3301;Borger-Odoorn;2007;25997;6139;15605;4253;24604;1013;319;694;380;226;154;53;22;31;27;14;13;26;13;13;10;2;8;264;175;89;223.0;245.0;26.0;81.0;851.0;981.0;1681
3302;Borger-Odoorn;2008;25791;6007;15424;4360;24375;1015;326;689;401;244;157;52;21;31;31;17;14;30;15;15;10;2;8;278;189;89;202.0;244.0;32.0;86.0;849.0;974.0;1681
3303;Borger-Odoorn;2009;25568;5800;15276;4492;24134;1030;333;697;404;248;156;52;22;30;34;18;16;30;15;15;11;3;8;277;190;87;209.0;246.0;46.0;81.0;834.0;970.0;1681
3304;Borger-Odoorn;2010;25360;5702;15042;4616;23886;1057;345;712;417;257;160;53;22;31;35;19;16;35;17;18;13;4;9;281;195;86;215.0;249.0;36.0;78.0;831.0;966.0;1681
3305;Borger-Odoorn;2011;25153;5545;14921;4687;23637;1070;347;723;446;279;167;57;23;34;36;19;17;36;18;18;15;4;11;302;215;87;211.0;262.0;33.0;81.0;864.0;975.0;1681
3306;Borger-Odoorn;2012;24949;5398;14704;4847;23400;1069;358;711;480;316;164;57;25;32;38;21;17;39;21;18;17;6;11;329;243;86;220.0;262.0;36.0;84.0;855.0;972.0;1681
3307;Borger-Odoorn;2013;24743;5243;14479;5021;23176;1087;374;713;480;307;173;64;28;36;40;23;17;41;21;20;18;7;11;317;228;89;205.0;265.0;33.0;92.0;868.0;957.0;1681
3308;Borger-Odoorn;2014;24537;5088;14270;5179;22931;1101;384;717;505;330;175;66;30;36;43;28;15;44;21;23;18;6;12;334;245;89;210.0;264.0;32.0;73.0;862.0;959.0;1681
3309;Borger-Odoorn;2015;24350;4954;14119;5277;22726;1108;394;714;516;331;185;70;32;38;43;28;15;45;21;24;20;7;13;338;243;95;232.0;264.0;38.0;90.0;858.0;954.0;1681
3310;Borger-Odoorn;2016;24171;4844;13928;5399;22503;1139;409;730;529;332;197;73;33;40;44;27;17;45;20;25;23;7;16;344;245;99;224.0;270.0;52.0;82.0;857.0;960.0;1681
3311;Borger-Odoorn;2017;23992;4766;13749;5477;22276;1159;426;733;557;353;204;74;32;42;44;27;17;44;20;24;22;6;16;373;268;105;228.0;270.0;44.0;86.0;874.0;965.0;1681
3312;Borger-Odoorn;2018;23816;4676;13586;5554;22097;1147;431;716;572;370;202;70;33;37;45;28;17;45;20;25;26;9;17;386;280;106;234.0;276.0;38.0;79.0;854.0;945.0;1681
3313;Borger-Odoorn;2019;23644;4601;13420;5623;21894;1167;443;724;583;381;202;70;32;38;49;30;19;42;19;23;26;9;17;396;291;105;239.0;282.0;41.0;90.0;868.0;940.0;1681
3314;Borger-Odoorn;2020;23482;4525;13263;5694;21698;1166;445;721;618;403;215;76;33;43;52;31;21;43;19;24;28;10;18;419;310;109;241.0;279.0;43.0;79.0;865.0;938.0;1681
3315;Borger-Odoorn;2021;23336;4495;13069;5772;21533;1164;450;714;639;415;224;81;34;47;56;34;22;47;21;26;30;11;19;425;315;110;248.0;285.0;35.0;80.0;871.0;934.0;1681
3316;Borger-Odoorn;2022;23196;4467;12891;5838;21364;1188;465;723;644;419;225;84;33;51;58;40;18;49;21;28;32;11;21;421;314;107;253.0;281.0;48.0;88.0;857.0;928.0;1681
3317;Borger-Odoorn;2023;23061;4457;12690;5914;21180;1217;469;748;664;431;233;84;31;53;64;44;20;49;22;27;32;11;21;435;323;112;280.0;294.0;46.0;68.0;827.0;913.0;1681
3318;Borger-Odoorn;2024;22948;4489;12490;5969;21014;1246;495;751;688;453;235;84;34;50;63;43;20;48;22;26;33;10;23;460;344;116;261.0;302.0;40.0;67.0;869.0;913.0;1681
3319;Borger-Odoorn;2025;22837;4539;12278;6020;20844;1266;517;749;727;473;254;86;35;51;67;44;23;47;23;24;36;11;25;491;360;131;;;;;;;1681
3320;Borne;2006;20428;5344;12152;2932;18222;1414;416;998;792;513;279;27;14;13;23;6;17;295;153;142;6;6;0;441;334;107;214.0;165.0;54.0;97.0;646.0;776.0;147
3321;Borne;2007;20306;5254;12074;2978;18088;1425;423;1002;793;500;293;34;18;16;25;7;18;289;148;141;10;6;4;435;321;114;224.0;179.0;64.0;84.0;644.0;786.0;147
3322;Borne;2008;20190;5148;12005;3037;17938;1450;437;1013;802;498;304;40;20;20;26;6;20;285;147;138;11;7;4;440;318;122;201.0;181.0;57.0;103.0;682.0;796.0;147
3323;Borne;2009;20058;5054;11914;3090;17786;1463;441;1022;809;487;322;46;24;22;25;6;19;283;147;136;18;10;8;437;300;137;201.0;160.0;70.0;88.0;643.0;794.0;147
3324;Borne;2010;19931;4939;11812;3180;17637;1470;441;1029;824;488;336;53;25;28;22;6;16;279;140;139;18;10;8;452;307;145;184.0;171.0;78.0;91.0;667.0;801.0;147
3325;Borne;2011;19799;4796;11803;3200;17474;1477;439;1038;848;492;356;53;23;30;26;8;18;278;136;142;17;10;7;474;315;159;188.0;172.0;79.0;88.0;653.0;796.0;147
3326;Borne;2012;19665;4681;11669;3315;17329;1484;448;1036;852;483;369;56;22;34;32;12;20;278;137;141;20;11;9;466;301;165;160.0;176.0;85.0;78.0;671.0;811.0;147
3327;Borne;2013;19518;4544;11571;3403;17153;1487;458;1029;878;499;379;59;24;35;37;17;20;275;134;141;21;12;9;486;312;174;181.0;174.0;81.0;77.0;654.0;803.0;147
3328;Borne;2014;19385;4428;11469;3488;16983;1489;465;1024;913;509;404;62;24;38;38;16;22;276;133;143;23;13;10;514;323;191;190.0;177.0;69.0;90.0;672.0;797.0;147
3329;Borne;2015;19252;4324;11335;3593;16842;1481;474;1007;929;511;418;62;21;41;37;13;24;270;130;140;29;13;16;531;334;197;198.0;183.0;71.0;94.0;682.0;803.0;147
3330;Borne;2016;19122;4255;11207;3660;16685;1483;478;1005;954;511;443;71;25;46;41;15;26;273;130;143;32;13;19;537;328;209;206.0;185.0;84.0;92.0;663.0;789.0;147
3331;Borne;2017;19010;4170;11100;3740;16546;1492;482;1010;972;508;464;69;24;45;43;17;26;278;126;152;36;15;21;546;326;220;217.0;174.0;81.0;82.0;654.0;807.0;147
3332;Borne;2018;18900;4163;10922;3815;16406;1512;499;1013;982;504;478;70;24;46;44;18;26;273;121;152;40;16;24;555;325;230;204.0;189.0;83.0;88.0;668.0;783.0;147
3333;Borne;2019;18796;4123;10817;3856;16245;1532;515;1017;1019;534;485;76;29;47;51;21;30;268;117;151;41;15;26;583;352;231;214.0;181.0;88.0;76.0;650.0;786.0;147
3334;Borne;2020;18706;4075;10719;3912;16103;1547;515;1032;1056;556;500;84;31;53;54;21;33;268;116;152;40;16;24;610;372;238;224.0;178.0;93.0;97.0;648.0;786.0;147
3335;Borne;2021;18613;4027;10617;3969;15968;1555;527;1028;1090;567;523;86;29;57;61;26;35;269;117;152;44;17;27;630;378;252;224.0;187.0;85.0;97.0;670.0;798.0;147
3336;Borne;2022;18513;4004;10505;4004;15846;1531;518;1013;1136;590;546;88;28;60;66;30;36;275;118;157;50;19;31;657;395;262;225.0;198.0;87.0;76.0;655.0;786.0;147
3337;Borne;2023;18425;3953;10428;4044;15727;1527;511;1016;1171;611;560;86;26;60;68;34;34;278;114;164;51;18;33;688;419;269;222.0;199.0;77.0;78.0;666.0;780.0;147
3338;Borne;2024;18334;3948;10334;4052;15634;1518;525;993;1182;598;584;91;26;65;72;36;36;277;110;167;55;20;35;687;406;281;219.0;203.0;96.0;84.0;662.0;777.0;147
3339;Borne;2025;18251;3966;10219;4066;15505;1528;527;1001;1218;610;608;97;28;69;75;37;38;279;110;169;58;21;37;709;414;295;;;;;;;147
3340;Borsele;2006;21989;6033;12816;3140;20433;1178;449;729;378;209;169;63;31;32;24;10;14;32;21;11;28;10;18;231;137;94;257.0;150.0;37.0;51.0;642.0;816.0;654
3341;Borsele;2007;21908;5925;12782;3201;20299;1195;445;750;414;237;177;70;35;35;26;12;14;32;21;11;31;12;19;255;157;98;247.0;141.0;44.0;52.0;636.0;815.0;654
3342;Borsele;2008;21830;5808;12713;3309;20157;1221;465;756;452;264;188;83;43;40;24;12;12;34;23;11;31;12;19;280;174;106;240.0;157.0;43.0;43.0;644.0;816.0;654
3343;Borsele;2009;21743;5715;12638;3390;20001;1255;481;774;487;287;200;88;47;41;29;15;14;35;23;12;32;13;19;303;189;114;239.0;152.0;42.0;49.0;652.0;821.0;654
3344;Borsele;2010;21655;5604;12589;3462;19844;1285;486;799;526;319;207;94;50;44;28;14;14;36;24;12;35;14;21;333;217;116;247.0;154.0;45.0;54.0;650.0;823.0;654
3345;Borsele;2011;21569;5494;12516;3559;19702;1314;495;819;553;336;217;91;47;44;31;15;16;40;25;15;35;15;20;356;234;122;239.0;153.0;31.0;62.0;675.0;831.0;654
3346;Borsele;2012;21472;5384;12391;3697;19567;1333;509;824;572;347;225;95;47;48;30;14;16;43;25;18;37;17;20;367;244;123;241.0;154.0;47.0;49.0;658.0;831.0;654
3347;Borsele;2013;21387;5268;12301;3818;19420;1362;524;838;605;360;245;108;50;58;31;13;18;47;25;22;39;18;21;380;254;126;248.0;156.0;42.0;49.0;657.0;835.0;654
3348;Borsele;2014;21295;5154;12217;3924;19296;1371;531;840;628;375;253;109;52;57;31;13;18;52;27;25;41;20;21;395;263;132;251.0;166.0;44.0;54.0;667.0;840.0;654
3349;Borsele;2015;21198;5052;12138;4008;19157;1404;552;852;637;380;257;111;54;57;31;14;17;50;27;23;43;21;22;402;264;138;259.0;168.0;54.0;58.0;661.0;839.0;654
3350;Borsele;2016;21109;4968;12023;4118;19005;1434;571;863;670;402;268;114;57;57;32;13;19;52;28;24;46;20;26;426;284;142;259.0;161.0;37.0;43.0;644.0;833.0;654
3351;Borsele;2017;21012;4890;11948;4174;18877;1456;575;881;679;399;280;119;56;63;34;14;20;52;27;25;47;21;26;427;281;146;254.0;170.0;52.0;63.0;653.0;818.0;654
3352;Borsele;2018;20923;4828;11794;4301;18752;1462;570;892;709;413;296;125;56;69;32;13;19;52;29;23;54;23;31;446;292;154;251.0;170.0;54.0;57.0;656.0;827.0;654
3353;Borsele;2019;20833;4763;11712;4358;18626;1474;583;891;733;426;307;129;56;73;34;14;20;56;28;28;57;25;32;457;303;154;255.0;177.0;47.0;66.0;666.0;826.0;654
3354;Borsele;2020;20736;4723;11568;4445;18498;1490;598;892;748;434;314;134;61;73;38;17;21;54;26;28;59;27;32;463;303;160;263.0;168.0;46.0;52.0;650.0;821.0;654
3355;Borsele;2021;20654;4677;11448;4529;18385;1515;619;896;754;442;312;133;56;77;39;19;20;56;28;28;62;26;36;464;313;151;272.0;186.0;50.0;54.0;637.0;806.0;654
3356;Borsele;2022;20569;4623;11355;4591;18277;1530;616;914;762;441;321;138;59;79;40;20;20;62;29;33;65;28;37;457;305;152;274.0;168.0;45.0;40.0;612.0;809.0;654
3357;Borsele;2023;20485;4622;11161;4702;18146;1557;635;922;782;460;322;139;60;79;43;23;20;61;28;33;68;28;40;471;321;150;275.0;187.0;45.0;46.0;625.0;789.0;654
3358;Borsele;2024;20411;4634;11009;4768;18053;1558;634;924;800;464;336;141;58;83;41;22;19;60;27;33;70;28;42;488;329;159;270.0;182.0;50.0;52.0;611.0;783.0;654
3359;Borsele;2025;20329;4642;10844;4843;17939;1564;636;928;826;475;351;146;61;85;41;23;18;63;26;37;77;28;49;499;337;162;;;;;;;654
3360;Boskoop;2006;15168;4043;9158;1967;13225;856;334;522;1087;643;444;71;37;34;29;15;14;34;17;17;640;358;282;313;216;97;193.0;110.0;35.0;38.0;485.0;582.0;499
3361;Boskoop;2007;15152;4037;9112;2003;13164;872;333;539;1116;652;464;79;39;40;34;21;13;37;16;21;638;351;287;328;225;103;190.0;112.0;25.0;36.0;472.0;587.0;499
3362;Boskoop;2008;15108;4003;9036;2069;13071;888;339;549;1149;673;476;86;43;43;37;25;12;43;18;25;635;343;292;348;244;104;193.0;120.0;30.0;37.0;477.0;572.0;499
3363;Boskoop;2009;15080;3979;8941;2160;12970;938;361;577;1172;681;491;99;49;50;41;28;13;43;18;25;623;330;293;366;256;110;181.0;119.0;23.0;36.0;478.0;566.0;499
3364;Boskoop;2010;15044;3959;8844;2241;12882;965;370;595;1197;683;514;112;53;59;42;30;12;43;18;25;620;321;299;380;261;119;186.0;121.0;24.0;48.0;491.0;571.0;499
3365;Boskoop;2011;15004;3906;8784;2314;12790;996;385;611;1218;686;532;123;57;66;45;30;15;42;17;25;618;316;302;390;266;124;167.0;118.0;25.0;32.0;497.0;568.0;499
3366;Boskoop;2012;14974;3823;8717;2434;12703;1030;396;634;1241;691;550;132;58;74;44;28;16;43;17;26;619;312;307;403;276;127;172.0;124.0;30.0;30.0;492.0;566.0;499
3367;Boskoop;2013;14947;3804;8598;2545;12611;1067;416;651;1269;706;563;136;59;77;53;31;22;43;16;27;609;311;298;428;289;139;159.0;130.0;32.0;35.0;511.0;575.0;499
3368;Boskoop;2014;14911;3734;8557;2620;12530;1086;406;680;1295;725;570;147;67;80;58;35;23;46;17;29;609;311;298;435;295;140;154.0;126.0;26.0;38.0;499.0;568.0;499
3369;Boskoop;2015;14858;3666;8473;2719;12431;1109;409;700;1318;734;584;150;70;80;62;38;24;50;19;31;598;299;299;458;308;150;157.0;123.0;20.0;33.0;501.0;572.0;499
3370;Boskoop;2016;14807;3629;8407;2771;12319;1138;419;719;1350;755;595;159;73;86;66;39;27;48;20;28;593;294;299;484;329;155;164.0;133.0;29.0;38.0;501.0;577.0;499
3371;Boskoop;2017;14752;3560;8343;2849;12204;1173;420;753;1375;755;620;167;74;93;77;45;32;53;22;31;582;284;298;496;330;166;170.0;130.0;28.0;31.0;494.0;586.0;499
3372;Boskoop;2018;14698;3492;8299;2907;12111;1210;433;777;1377;745;632;173;74;99;72;40;32;56;23;33;566;274;292;510;334;176;162.0;137.0;32.0;38.0;504.0;578.0;499
3373;Boskoop;2019;14643;3438;8250;2955;11988;1239;439;800;1416;763;653;179;79;100;80;44;36;57;22;35;564;268;296;536;350;186;167.0;142.0;34.0;29.0;499.0;576.0;499
3374;Boskoop;2020;14598;3401;8215;2982;11906;1252;458;794;1440;777;663;182;82;100;87;47;40;59;22;37;556;265;291;556;361;195;172.0;143.0;36.0;33.0;498.0;574.0;499
3375;Boskoop;2021;14557;3370;8172;3015;11803;1287;467;820;1467;796;671;190;85;105;93;50;43;65;26;39;550;260;290;569;375;194;165.0;132.0;31.0;28.0;481.0;566.0;499
3376;Boskoop;2022;14507;3314;8141;3052;11699;1318;484;834;1490;808;682;195;86;109;96;52;44;70;29;41;540;253;287;589;388;201;174.0;161.0;28.0;36.0;524.0;579.0;499
3377;Boskoop;2023;14455;3291;8112;3052;11601;1336;483;853;1518;822;696;205;91;114;99;55;44;69;28;41;539;253;286;606;395;211;177.0;148.0;34.0;36.0;487.0;584.0;499
3378;Boskoop;2024;14385;3248;8041;3096;11477;1367;490;877;1541;836;705;211;93;118;100;58;42;71;26;45;527;247;280;632;412;220;161.0;142.0;31.0;41.0;516.0;572.0;499
3379;Boskoop;2025;14338;3215;7954;3169;11375;1391;496;895;1572;850;722;217;97;120;103;59;44;73;26;47;522;243;279;657;425;232;;;;;;;499
3380;Boxmeer;2006;29054;7508;17511;4035;25806;2191;847;1344;1057;668;389;111;64;47;76;52;24;264;139;125;166;82;84;440;331;109;302.0;217.0;189.0;103.0;857.0;1169.0;756
3381;Boxmeer;2007;28915;7378;17444;4093;25619;2235;874;1361;1061;659;402;112;62;50;73;48;25;260;137;123;171;81;90;445;331;114;271.0;239.0;211.0;117.0;856.0;1152.0;756
3382;Boxmeer;2008;28745;7290;17287;4168;25411;2256;912;1344;1078;672;406;117;66;51;71;45;26;258;136;122;164;75;89;468;350;118;283.0;231.0;243.0;115.0;823.0;1156.0;756
3383;Boxmeer;2009;28594;7172;17176;4246;25157;2327;991;1336;1110;701;409;118;65;53;69;42;27;254;137;117;168;77;91;501;380;121;256.0;233.0;287.0;116.0;820.0;1167.0;756
3384;Boxmeer;2010;28440;7012;17106;4322;24899;2408;1079;1329;1133;715;418;120;66;54;70;42;28;257;140;117;171;77;94;515;390;125;248.0;238.0;301.0;109.0;798.0;1148.0;756
3385;Boxmeer;2011;28291;6874;17001;4416;24644;2525;1198;1327;1122;715;407;117;65;52;74;44;30;257;139;118;167;77;90;507;390;117;240.0;251.0;333.0;127.0;809.0;1164.0;756
3386;Boxmeer;2012;28134;6747;16805;4582;24360;2629;1323;1306;1145;733;412;118;69;49;73;44;29;259;142;117;176;79;97;519;399;120;267.0;250.0;348.0;153.0;792.0;1158.0;756
3387;Boxmeer;2013;27982;6623;16596;4763;24077;2746;1432;1314;1159;743;416;124;74;50;76;43;33;259;143;116;178;79;99;522;404;118;230.0;236.0;363.0;153.0;792.0;1152.0;756
3388;Boxmeer;2014;27822;6507;16393;4922;23800;2846;1546;1300;1176;767;409;119;68;51;73;42;31;254;142;112;171;77;94;559;438;121;241.0;250.0;390.0;161.0;788.0;1169.0;756
3389;Boxmeer;2015;27665;6354;16235;5076;23493;2979;1684;1295;1193;771;422;121;69;52;73;41;32;249;141;108;169;75;94;581;445;136;242.0;261.0;385.0;155.0;791.0;1158.0;756
3390;Boxmeer;2016;27511;6234;16035;5242;23181;3134;1820;1314;1196;768;428;119;67;52;70;38;32;253;139;114;167;74;93;587;450;137;249.0;274.0;411.0;179.0;795.0;1154.0;756
3391;Boxmeer;2017;27361;6142;15803;5416;22885;3259;1935;1324;1217;785;432;121;67;54;74;39;35;247;139;108;170;75;95;605;465;140;238.0;278.0;417.0;161.0;800.0;1158.0;756
3392;Boxmeer;2018;27220;6038;15641;5541;22585;3389;2063;1326;1246;805;441;127;68;59;79;43;36;242;140;102;167;73;94;631;481;150;250.0;278.0;427.0;198.0;806.0;1161.0;756
3393;Boxmeer;2019;27072;5957;15455;5660;22303;3517;2202;1315;1252;804;448;125;68;57;79;42;37;239;137;102;167;73;94;642;484;158;249.0;262.0;443.0;191.0;769.0;1154.0;756
3394;Boxmeer;2020;26927;5894;15220;5813;22008;3649;2327;1322;1270;810;460;123;67;56;79;42;37;234;138;96;164;69;95;670;494;176;253.0;294.0;464.0;190.0;783.0;1151.0;756
3395;Boxmeer;2021;26794;5818;15048;5928;21705;3804;2457;1347;1285;811;474;123;66;57;80;41;39;233;136;97;171;70;101;678;498;180;251.0;288.0;485.0;218.0;762.0;1134.0;756
3396;Boxmeer;2022;26654;5852;14752;6050;21439;3920;2555;1365;1295;818;477;124;68;56;70;34;36;231;133;98;168;70;98;702;513;189;252.0;285.0;505.0;220.0;761.0;1138.0;756
3397;Boxmeer;2023;26531;5865;14508;6158;21169;4036;2680;1356;1326;833;493;126;70;56;76;37;39;220;128;92;170;68;102;734;530;204;246.0;295.0;539.0;243.0;769.0;1145.0;756
3398;Boxmeer;2024;26401;5916;14256;6229;20911;4136;2793;1343;1354;846;508;122;68;54;80;38;42;218;126;92;169;67;102;765;547;218;278.0;300.0;567.0;229.0;733.0;1160.0;756
3399;Boxmeer;2025;26290;5887;14081;6322;20637;4273;2919;1354;1380;870;510;122;71;51;80;39;41;215;124;91;160;66;94;803;570;233;;;;;;;756
3400;Boxtel;2006;29642;7291;18258;4093;25979;1719;627;1092;1944;1084;860;200;113;87;208;124;84;325;163;162;501;232;269;710;452;258;317.0;280.0;61.0;148.0;842.0;914.0;757
3401;Boxtel;2007;29522;7186;18210;4126;25885;1716;607;1109;1921;1037;884;200;110;90;202;111;91;327;160;167;493;221;272;699;435;264;302.0;256.0;46.0;119.0;789.0;917.0;757
3402;Boxtel;2008;29369;7043;18117;4209;25757;1712;600;1112;1900;1020;880;194;104;90;190;104;86;322;156;166;499;221;278;695;435;260;297.0;273.0;52.0;156.0;819.0;901.0;757
3403;Boxtel;2009;29205;6907;17976;4322;25624;1707;588;1119;1874;999;875;193;100;93;179;95;84;316;153;163;489;216;273;697;435;262;302.0;273.0;53.0;140.0;779.0;896.0;757
3404;Boxtel;2010;29034;6772;17835;4427;25478;1692;572;1120;1864;978;886;195;102;93;171;86;85;315;147;168;489;211;278;694;432;262;309.0;277.0;46.0;127.0;765.0;889.0;757
3405;Boxtel;2011;28865;6676;17623;4566;25337;1681;569;1112;1847;956;891;188;98;90;172;86;86;312;143;169;484;210;274;691;419;272;300.0;262.0;39.0;131.0;761.0;876.0;757
3406;Boxtel;2012;28698;6549;17361;4788;25189;1679;565;1114;1830;934;896;188;100;88;171;86;85;313;142;171;483;207;276;675;399;276;288.0;268.0;46.0;126.0;753.0;866.0;757
3407;Boxtel;2013;28532;6432;17099;5001;25072;1656;568;1088;1804;919;885;190;103;87;171;88;83;316;144;172;471;200;271;656;384;272;290.0;273.0;41.0;110.0;760.0;862.0;757
3408;Boxtel;2014;28381;6308;16931;5142;24923;1646;562;1084;1812;914;898;195;104;91;170;88;82;322;146;176;466;198;268;659;378;281;293.0;277.0;49.0;107.0;725.0;847.0;757
3409;Boxtel;2015;28224;6267;16676;5281;24794;1651;574;1077;1779;895;884;191;102;89;172;89;83;318;149;169;460;196;264;638;359;279;291.0;291.0;51.0;121.0;729.0;834.0;757
3410;Boxtel;2016;28057;6223;16407;5427;24651;1633;567;1066;1773;889;884;187;99;88;169;89;80;318;143;175;453;191;262;646;367;279;289.0;279.0;48.0;116.0;735.0;829.0;757
3411;Boxtel;2017;27910;6156;16200;5554;24538;1610;556;1054;1762;877;885;190;99;91;166;89;77;318;142;176;450;187;263;638;360;278;289.0;299.0;43.0;106.0;742.0;820.0;757
3412;Boxtel;2018;27766;6110;15989;5667;24413;1610;557;1053;1743;865;878;190;99;91;167;93;74;320;141;179;446;184;262;620;348;272;286.0;312.0;46.0;104.0;750.0;811.0;757
3413;Boxtel;2019;27620;6026;15842;5752;24291;1600;547;1053;1729;857;872;189;100;89;160;88;72;316;139;177;442;181;261;622;349;273;288.0;301.0;61.0;111.0;730.0;815.0;757
3414;Boxtel;2020;27475;5956;15662;5857;24159;1584;541;1043;1732;852;880;193;98;95;157;87;70;318;136;182;442;181;261;622;350;272;292.0;297.0;34.0;110.0;747.0;802.0;757
3415;Boxtel;2021;27343;5891;15522;5930;24031;1595;547;1048;1717;843;874;191;94;97;152;83;69;315;135;180;436;180;256;623;351;272;285.0;303.0;37.0;124.0;767.0;818.0;757
3416;Boxtel;2022;27191;5810;15346;6035;23885;1584;530;1054;1722;840;882;191;94;97;152;81;71;316;136;180;431;176;255;632;353;279;278.0;319.0;45.0;106.0;750.0;795.0;757
3417;Boxtel;2023;27049;5701;15229;6119;23764;1595;533;1062;1690;826;864;185;91;94;147;77;70;310;135;175;426;173;253;622;350;272;292.0;328.0;30.0;101.0;778.0;789.0;757
3418;Boxtel;2024;26932;5673;15057;6202;23675;1573;538;1035;1684;811;873;179;85;94;148;75;73;312;132;180;425;170;255;620;349;271;265.0;317.0;28.0;114.0;782.0;780.0;757
3419;Boxtel;2025;26802;5641;14875;6286;23560;1570;531;1039;1672;800;872;172;85;87;142;67;75;314;132;182;428;171;257;616;345;271;;;;;;;757
3420;Breda;2006;169031;39429;104218;25384;135268;16287;6162;10125;17476;9915;7561;2122;1117;1005;1997;1185;812;2820;1447;1373;4911;2428;2483;5626;3738;1888;1953.0;1576.0;1242.0;1495.0;5670.0;5522.0;758
3421;Breda;2007;169316;39531;104110;25675;135352;16194;6133;10061;17770;9942;7828;2171;1142;1029;1982;1163;819;2890;1476;1414;5011;2436;2575;5716;3725;1991;1927.0;1594.0;1292.0;1461.0;5814.0;5460.0;758
3422;Breda;2008;169850;39704;104196;25950;135573;16213;6189;10024;18064;9957;8107;2213;1163;1050;1974;1163;811;2976;1500;1476;5091;2414;2677;5810;3717;2093;1936.0;1577.0;1329.0;1433.0;5587.0;5420.0;758
3423;Breda;2009;170289;39923;104035;26331;135713;16196;6218;9978;18380;10015;8365;2282;1198;1084;1961;1148;813;3056;1542;1514;5192;2432;2760;5889;3695;2194;1917.0;1598.0;1357.0;1438.0;5741.0;5394.0;758
3424;Breda;2010;170890;39999;104124;26767;135938;16215;6304;9911;18737;10093;8644;2315;1215;1100;1963;1151;812;3115;1568;1547;5292;2433;2859;6052;3726;2326;1874.0;1634.0;1406.0;1472.0;5774.0;5374.0;758
3425;Breda;2011;171478;39956;104354;27168;136133;16225;6401;9824;19120;10217;8903;2363;1238;1125;1970;1153;817;3181;1593;1588;5371;2438;2933;6235;3795;2440;1878.0;1643.0;1456.0;1482.0;5741.0;5373.0;758
3426;Breda;2012;172067;39912;104180;27975;136263;16305;6513;9792;19499;10306;9193;2413;1257;1156;1988;1163;825;3263;1618;1645;5443;2444;2999;6392;3824;2568;1838.0;1649.0;1484.0;1483.0;5773.0;5380.0;758
3427;Breda;2013;172659;39897;103990;28772;136391;16448;6635;9813;19820;10362;9458;2466;1293;1173;1958;1115;843;3330;1635;1695;5527;2442;3085;6539;3877;2662;1841.0;1694.0;1468.0;1467.0;5776.0;5380.0;758
3428;Breda;2014;173220;39814;103985;29421;136504;16539;6765;9774;20177;10461;9716;2523;1319;1204;1967;1129;838;3415;1664;1751;5589;2438;3151;6683;3911;2772;1812.0;1678.0;1523.0;1484.0;5774.0;5399.0;758
3429;Breda;2015;173776;39684;104065;30027;136619;16644;6892;9752;20513;10547;9966;2569;1339;1230;1955;1116;839;3477;1674;1803;5638;2440;3198;6874;3978;2896;1806.0;1702.0;1533.0;1474.0;5769.0;5408.0;758
3430;Breda;2016;174308;39579;104109;30620;136642;16813;7020;9793;20853;10653;10200;2593;1354;1239;1953;1109;844;3558;1686;1872;5685;2433;3252;7064;4071;2993;1793.0;1724.0;1499.0;1472.0;5804.0;5420.0;758
3431;Breda;2017;174801;39519;104139;31143;136654;16963;7151;9812;21184;10742;10442;2639;1383;1256;1939;1097;842;3624;1697;1927;5746;2439;3307;7236;4126;3110;1779.0;1726.0;1526.0;1485.0;5792.0;5427.0;758
3432;Breda;2018;175271;39395;104124;31752;136567;17103;7247;9856;21601;10868;10733;2694;1403;1291;1965;1107;858;3730;1724;2006;5799;2448;3351;7413;4186;3227;1778.0;1752.0;1474.0;1488.0;5898.0;5460.0;758
3433;Breda;2019;175736;39249;104184;32303;136616;17190;7338;9852;21930;10961;10969;2739;1433;1306;1946;1079;867;3782;1737;2045;5856;2468;3388;7607;4244;3363;1769.0;1782.0;1512.0;1479.0;5882.0;5474.0;758
3434;Breda;2020;176178;38992;104355;32831;136592;17298;7433;9865;22288;11058;11230;2757;1444;1313;1970;1091;879;3841;1751;2090;5930;2493;3437;7790;4279;3511;1736.0;1805.0;1499.0;1473.0;5910.0;5493.0;758
3435;Breda;2021;176565;38692;104441;33432;136545;17400;7540;9860;22620;11148;11472;2791;1460;1331;1974;1084;890;3929;1775;2154;5944;2499;3445;7982;4330;3652;1741.0;1829.0;1479.0;1449.0;5904.0;5493.0;758
3436;Breda;2022;176932;38369;104530;34033;136419;17531;7627;9904;22982;11285;11697;2860;1498;1362;1954;1052;902;3985;1810;2175;5973;2498;3475;8210;4427;3783;1735.0;1843.0;1506.0;1441.0;5896.0;5501.0;758
3437;Breda;2023;177297;38051;104634;34612;136271;17718;7750;9968;23308;11400;11908;2924;1542;1382;1950;1045;905;4073;1843;2230;5993;2511;3482;8368;4459;3909;1715.0;1851.0;1514.0;1430.0;5846.0;5494.0;758
3438;Breda;2024;177615;37748;104631;35236;136187;17778;7798;9980;23650;11547;12103;2948;1565;1383;1936;1047;889;4176;1886;2290;6018;2513;3505;8572;4536;4036;1724.0;1898.0;1500.0;1432.0;5847.0;5485.0;758
3439;Breda;2025;177891;37593;104447;35851;136071;17820;7819;10001;24000;11661;12339;2989;1596;1393;1930;1039;891;4288;1925;2363;6052;2525;3527;8741;4576;4165;;;;;;;758
3440;Breukelen;2006;14388;3763;8396;2229;12607;1209;439;770;572;337;235;99;44;55;32;18;14;28;10;18;106;49;57;307;216;91;182.0;127.0;82.0;75.0;526.0;614.0;311
3441;Breukelen;2007;14364;3754;8309;2301;12533;1223;455;768;608;356;252;109;50;59;32;17;15;34;12;22;106;48;58;327;229;98;168.0;138.0;91.0;83.0;531.0;607.0;311
3442;Breukelen;2008;14324;3714;8245;2365;12435;1261;468;793;628;361;267;105;46;59;38;22;16;33;9;24;108;50;58;344;234;110;151.0;146.0;100.0;90.0;539.0;607.0;311
3443;Breukelen;2009;14270;3711;8135;2424;12323;1290;481;809;657;378;279;109;47;62;39;24;15;40;14;26;116;52;64;353;241;112;150.0;142.0;98.0;89.0;534.0;593.0;311
3444;Breukelen;2010;14230;3676;8025;2529;12193;1339;520;819;698;391;307;118;51;67;43;27;16;43;16;27;119;50;69;375;247;128;148.0;158.0;129.0;76.0;514.0;611.0;311
3445;Breukelen;2011;14177;3634;7979;2564;12057;1381;545;836;739;410;329;125;53;72;47;30;17;43;17;26;124;51;73;400;259;141;142.0;155.0;130.0;87.0;524.0;611.0;311
3446;Breukelen;2012;14121;3615;7834;2672;11931;1424;588;836;766;410;356;132;54;78;54;33;21;49;16;33;124;49;75;407;258;149;149.0;163.0;132.0;90.0;533.0;605.0;311
3447;Breukelen;2013;14077;3581;7705;2791;11809;1470;625;845;798;417;381;132;51;81;52;31;21;57;17;40;131;50;81;426;268;158;135.0;162.0;138.0;99.0;546.0;606.0;311
3448;Breukelen;2014;14028;3551;7615;2862;11668;1531;675;856;829;427;402;136;50;86;57;31;26;59;19;40;137;52;85;440;275;165;144.0;159.0;157.0;101.0;521.0;608.0;311
3449;Breukelen;2015;13982;3505;7561;2916;11516;1612;723;889;854;438;416;139;50;89;60;31;29;61;19;42;144;58;86;450;280;170;132.0;179.0;159.0;110.0;558.0;603.0;311
3450;Breukelen;2016;13941;3487;7491;2963;11411;1657;762;895;873;434;439;140;51;89;63;31;32;66;20;46;142;57;85;462;275;187;140.0;158.0;168.0;126.0;528.0;606.0;311
3451;Breukelen;2017;13890;3426;7445;3019;11260;1728;816;912;902;444;458;150;56;94;70;37;33;68;20;48;146;59;87;468;272;196;159.0;169.0;176.0;102.0;515.0;618.0;311
3452;Breukelen;2018;13852;3415;7370;3067;11127;1777;861;916;948;463;485;160;62;98;77;38;39;69;18;51;157;60;97;485;285;200;136.0;178.0;185.0;121.0;547.0;604.0;311
3453;Breukelen;2019;13815;3378;7320;3117;10996;1836;913;923;983;479;504;167;68;99;75;36;39;71;20;51;164;58;106;506;297;209;145.0;177.0;180.0;105.0;529.0;614.0;311
3454;Breukelen;2020;13773;3354;7261;3158;10850;1895;969;926;1028;488;540;173;66;107;80;37;43;76;21;55;165;56;109;534;308;226;155.0;187.0;195.0;154.0;546.0;605.0;311
3455;Breukelen;2021;13724;3323;7226;3175;10696;1970;1013;957;1058;490;568;186;75;111;87;41;46;82;24;58;165;54;111;538;296;242;138.0;183.0;189.0;121.0;535.0;617.0;311
3456;Breukelen;2022;13664;3280;7179;3205;10576;2004;1050;954;1084;489;595;191;71;120;90;45;45;87;25;62;166;56;110;550;292;258;133.0;175.0;199.0;137.0;544.0;612.0;311
3457;Breukelen;2023;13617;3228;7144;3245;10455;2039;1088;951;1123;515;608;197;75;122;98;46;52;89;26;63;167;58;109;572;310;262;131.0;186.0;200.0;125.0;565.0;613.0;311
3458;Breukelen;2024;13591;3203;7109;3279;10313;2097;1150;947;1181;542;639;198;73;125;104;51;53;95;27;68;181;60;121;603;331;272;131.0;188.0;226.0;139.0;548.0;621.0;311
3459;Breukelen;2025;13547;3184;7083;3280;10161;2168;1204;964;1218;558;660;209;76;133;104;51;53;98;27;71;190;63;127;617;341;276;;;;;;;311
3460;Brielle;2006;16186;3769;10117;2300;14205;1347;514;833;634;349;285;91;41;50;92;40;52;79;37;42;27;14;13;345;217;128;156.0;146.0;25.0;33.0;556.0;610.0;501
3461;Brielle;2007;16135;3712;10026;2397;14089;1364;528;836;682;387;295;97;44;53;96;44;52;85;40;45;26;15;11;378;244;134;152.0;148.0;23.0;42.0;581.0;610.0;501
3462;Brielle;2008;16092;3661;9936;2495;13984;1376;526;850;732;425;307;106;51;55;101;49;52;86;40;46;31;17;14;408;268;140;138.0;145.0;19.0;43.0;614.0;619.0;501
3463;Brielle;2009;16054;3598;9868;2588;13896;1372;534;838;786;449;337;122;57;65;108;52;56;91;42;49;36;22;14;429;276;153;129.0;145.0;19.0;55.0;623.0;619.0;501
3464;Brielle;2010;16005;3529;9775;2701;13787;1379;534;845;839;484;355;135;66;69;115;59;56;95;46;49;39;23;16;455;290;165;134.0;154.0;29.0;39.0;606.0;617.0;501
3465;Brielle;2011;15964;3456;9723;2785;13676;1417;554;863;871;501;370;149;74;75;124;65;59;97;45;52;41;24;17;460;293;167;142.0;163.0;24.0;35.0;606.0;617.0;501
3466;Brielle;2012;15921;3384;9571;2966;13570;1434;558;876;917;526;391;158;78;80;129;67;62;104;45;59;46;24;22;480;312;168;133.0;162.0;29.0;34.0;614.0;628.0;501
3467;Brielle;2013;15874;3320;9460;3094;13492;1428;562;866;954;537;417;166;77;89;142;76;66;108;45;63;52;28;24;486;311;175;139.0;153.0;26.0;32.0;601.0;622.0;501
3468;Brielle;2014;15832;3256;9298;3278;13387;1446;570;876;999;555;444;177;79;98;150;80;70;111;47;64;58;26;32;503;323;180;140.0;174.0;24.0;39.0;613.0;623.0;501
3469;Brielle;2015;15774;3220;9188;3366;13304;1444;568;876;1026;567;459;184;82;102;154;83;71;108;46;62;63;28;35;517;328;189;157.0;169.0;25.0;46.0;606.0;611.0;501
3470;Brielle;2016;15735;3170;9087;3478;13209;1452;574;878;1074;595;479;199;87;112;155;86;69;110;47;63;70;31;39;540;344;196;155.0;175.0;29.0;49.0;603.0;605.0;501
3471;Brielle;2017;15693;3147;9009;3537;13114;1472;581;891;1107;615;492;205;89;116;150;84;66;112;49;63;75;34;41;565;359;206;149.0;185.0;30.0;37.0;628.0;620.0;501
3472;Brielle;2018;15658;3098;8927;3633;13039;1482;589;893;1137;625;512;207;89;118;160;90;70;118;52;66;77;33;44;575;361;214;143.0;178.0;22.0;40.0;627.0;613.0;501
3473;Brielle;2019;15620;3083;8824;3713;12957;1499;606;893;1164;628;536;217;90;127;169;92;77;120;50;70;80;34;46;578;362;216;147.0;202.0;27.0;47.0;643.0;606.0;501
3474;Brielle;2020;15582;3067;8755;3760;12885;1501;603;898;1196;642;554;222;89;133;177;97;80;119;50;69;90;36;54;588;370;218;140.0;185.0;19.0;34.0;642.0;618.0;501
3475;Brielle;2021;15551;3019;8672;3860;12806;1515;609;906;1230;648;582;229;91;138;181;101;80;123;51;72;96;36;60;601;369;232;150.0;198.0;27.0;29.0;640.0;613.0;501
3476;Brielle;2022;15528;2970;8631;3927;12734;1525;620;905;1269;660;609;235;95;140;183;101;82;126;50;76;101;37;64;624;377;247;156.0;208.0;18.0;39.0;646.0;611.0;501
3477;Brielle;2023;15497;2968;8574;3955;12669;1526;631;895;1302;678;624;236;95;141;197;110;87;130;50;80;111;39;72;628;384;244;159.0;206.0;26.0;45.0;669.0;622.0;501
3478;Brielle;2024;15479;2946;8567;3966;12585;1549;647;902;1345;698;647;244;99;145;193;104;89;134;53;81;117;40;77;657;402;255;147.0;212.0;21.0;32.0;652.0;610.0;501
3479;Brielle;2025;15446;2955;8480;4011;12505;1558;657;901;1383;716;667;250;102;148;196;103;93;134;52;82;123;41;82;680;418;262;;;;;;;501
3480;Bronckhorst;2006;38221;9153;22401;6667;35809;1660;504;1156;752;497;255;60;28;32;71;44;27;121;66;55;22;10;12;478;349;129;381.0;388.0;80.0;87.0;1547.0;1380.0;1876
3481;Bronckhorst;2007;38375;9156;22429;6790;35729;1773;531;1242;873;580;293;79;39;40;75;42;33;139;74;65;33;17;16;547;408;139;382.0;402.0;88.0;98.0;1527.0;1409.0;1876
3482;Bronckhorst;2008;38463;9101;22482;6880;35572;1905;584;1321;986;669;317;101;51;50;76;45;31;145;77;68;39;21;18;625;475;150;362.0;392.0;70.0;98.0;1519.0;1419.0;1876
3483;Bronckhorst;2009;38506;9039;22409;7058;35393;2007;626;1381;1106;748;358;109;54;55;79;48;31;165;81;84;50;28;22;703;537;166;358.0;412.0;79.0;86.0;1533.0;1455.0;1876
3484;Bronckhorst;2010;38522;8928;22326;7268;35188;2126;674;1452;1208;801;407;133;61;72;85;48;37;183;90;93;63;35;28;744;567;177;348.0;420.0;97.0;90.0;1530.0;1456.0;1876
3485;Bronckhorst;2011;38535;8780;22362;7393;34994;2228;718;1510;1313;863;450;152;70;82;91;52;39;194;93;101;67;36;31;809;612;197;368.0;425.0;93.0;111.0;1548.0;1475.0;1876
3486;Bronckhorst;2012;38535;8618;22246;7671;34785;2320;751;1569;1430;937;493;160;75;85;103;59;44;209;100;109;77;43;34;881;660;221;347.0;441.0;101.0;95.0;1556.0;1502.0;1876
3487;Bronckhorst;2013;38499;8471;22115;7913;34560;2385;797;1588;1554;1000;554;177;81;96;120;70;50;235;111;124;90;50;40;932;688;244;369.0;434.0;111.0;107.0;1561.0;1501.0;1876
3488;Bronckhorst;2014;38497;8384;22020;8093;34340;2483;848;1635;1674;1061;613;188;86;102;132;80;52;241;109;132;104;53;51;1009;733;276;355.0;433.0;110.0;97.0;1552.0;1502.0;1876
3489;Bronckhorst;2015;38489;8286;21950;8253;34140;2564;887;1677;1785;1115;670;206;93;113;137;83;54;260;111;149;111;58;53;1071;770;301;376.0;436.0;115.0;123.0;1550.0;1515.0;1876
3490;Bronckhorst;2016;38460;8224;21859;8377;33963;2644;924;1720;1853;1152;701;214;94;120;137;82;55;265;112;153;121;61;60;1116;803;313;400.0;455.0;111.0;106.0;1575.0;1520.0;1876
3491;Bronckhorst;2017;38461;8193;21742;8526;33814;2694;944;1750;1953;1192;761;231;103;128;143;88;55;280;115;165;135;64;71;1164;822;342;407.0;468.0;110.0;89.0;1540.0;1525.0;1876
3492;Bronckhorst;2018;38436;8179;21607;8650;33615;2781;986;1795;2040;1247;793;245;110;135;154;94;60;292;120;172;137;62;75;1212;861;351;387.0;471.0;121.0;126.0;1594.0;1524.0;1876
3493;Bronckhorst;2019;38414;8179;21494;8741;33437;2855;1028;1827;2122;1274;848;256;113;143;162;100;62;302;120;182;153;62;91;1249;879;370;427.0;459.0;111.0;114.0;1556.0;1529.0;1876
3494;Bronckhorst;2020;38405;8125;21408;8872;33282;2931;1068;1863;2192;1303;889;270;116;154;158;98;60;315;129;186;165;67;98;1284;893;391;454.0;477.0;107.0;132.0;1560.0;1543.0;1876
3495;Bronckhorst;2021;38376;8102;21295;8979;33081;3019;1102;1917;2276;1337;939;281;117;164;169;104;65;321;130;191;176;73;103;1329;913;416;446.0;467.0;125.0;110.0;1536.0;1526.0;1876
3496;Bronckhorst;2022;38378;8097;21166;9115;32901;3108;1142;1966;2369;1375;994;300;122;178;180;113;67;330;136;194;188;79;109;1371;925;446;442.0;471.0;124.0;107.0;1526.0;1528.0;1876
3497;Bronckhorst;2023;38363;8091;21032;9240;32700;3189;1180;2009;2474;1451;1023;318;133;185;193;124;69;339;141;198;201;85;116;1423;968;455;467.0;485.0;123.0;108.0;1565.0;1545.0;1876
3498;Bronckhorst;2024;38381;8118;20898;9365;32571;3257;1219;2038;2553;1492;1061;318;135;183;200;128;72;351;148;203;214;91;123;1470;990;480;445.0;496.0;117.0;113.0;1552.0;1540.0;1876
3499;Bronckhorst;2025;38353;8134;20772;9447;32361;3340;1285;2055;2652;1533;1119;336;141;195;210;136;74;359;148;211;230;94;136;1517;1014;503;;;;;;;1876
3500;Brummen;2006;21331;5163;12654;3514;18965;1316;413;903;1050;592;458;54;22;32;48;24;24;634;332;302;43;24;19;271;190;81;189.0;200.0;34.0;59.0;658.0;679.0;213
3501;Brummen;2007;21273;5077;12610;3586;18864;1328;419;909;1081;613;468;58;25;33;53;26;27;630;327;303;48;28;20;292;207;85;179.0;210.0;40.0;48.0;711.0;692.0;213
3502;Brummen;2008;21252;5005;12588;3659;18775;1356;431;925;1121;642;479;64;28;36;54;28;26;630;326;304;54;32;22;319;228;91;193.0;209.0;28.0;45.0;715.0;701.0;213
3503;Brummen;2009;21235;4944;12545;3746;18713;1372;446;926;1150;663;487;66;29;37;61;34;27;622;317;305;55;32;23;346;251;95;192.0;206.0;41.0;52.0;710.0;713.0;213
3504;Brummen;2010;21207;4841;12526;3840;18663;1387;468;919;1157;666;491;66;29;37;63;34;29;606;310;296;58;34;24;364;259;105;191.0;218.0;47.0;60.0;725.0;725.0;213
3505;Brummen;2011;21165;4731;12540;3894;18590;1401;466;935;1174;679;495;66;27;39;57;30;27;599;304;295;64;37;27;388;281;107;177.0;221.0;40.0;59.0;749.0;719.0;213
3506;Brummen;2012;21133;4640;12451;4042;18549;1389;474;915;1195;693;502;69;28;41;63;33;30;593;302;291;66;35;31;404;295;109;202.0;212.0;29.0;60.0;734.0;739.0;213
3507;Brummen;2013;21087;4563;12353;4171;18486;1392;473;919;1209;706;503;73;27;46;57;32;25;588;302;286;69;37;32;422;308;114;194.0;224.0;41.0;57.0;745.0;730.0;213
3508;Brummen;2014;21053;4463;12308;4282;18393;1408;481;927;1252;729;523;79;29;50;60;33;27;580;300;280;74;40;34;459;327;132;194.0;233.0;40.0;47.0;743.0;738.0;213
3509;Brummen;2015;21010;4403;12264;4343;18309;1427;505;922;1274;744;530;83;31;52;63;36;27;572;295;277;79;42;37;477;340;137;206.0;234.0;43.0;58.0;746.0;752.0;213
3510;Brummen;2016;20961;4338;12198;4425;18249;1409;496;913;1303;754;549;82;31;51;68;38;30;566;285;281;85;44;41;502;356;146;221.0;233.0;38.0;55.0;726.0;737.0;213
3511;Brummen;2017;20917;4262;12169;4486;18175;1422;507;915;1320;757;563;84;30;54;69;38;31;553;281;272;90;46;44;524;362;162;216.0;236.0;46.0;66.0;745.0;745.0;213
3512;Brummen;2018;20878;4248;12098;4532;18079;1454;525;929;1345;781;564;87;34;53;72;41;31;541;274;267;93;50;43;552;382;170;240.0;248.0;42.0;56.0;709.0;731.0;213
3513;Brummen;2019;20834;4230;12023;4581;18010;1477;545;932;1347;789;558;89;36;53;76;43;33;532;273;259;92;50;42;558;387;171;231.0;227.0;31.0;55.0;715.0;744.0;213
3514;Brummen;2020;20788;4202;11937;4649;17947;1490;563;927;1351;781;570;96;38;58;75;42;33;523;267;256;95;49;46;562;385;177;228.0;244.0;26.0;63.0;750.0;744.0;213
3515;Brummen;2021;20736;4163;11907;4666;17885;1502;560;942;1349;791;558;93;38;55;74;42;32;511;270;241;95;48;47;576;393;183;240.0;244.0;34.0;53.0;707.0;730.0;213
3516;Brummen;2022;20694;4166;11819;4709;17820;1507;562;945;1367;799;568;97;42;55;78;44;34;506;266;240;102;50;52;584;397;187;256.0;263.0;37.0;52.0;717.0;722.0;213
3517;Brummen;2023;20665;4162;11750;4753;17782;1499;560;939;1384;799;585;99;40;59;79;43;36;497;259;238;107;50;57;602;407;195;238.0;258.0;45.0;57.0;723.0;718.0;213
3518;Brummen;2024;20637;4181;11694;4762;17721;1524;583;941;1392;790;602;98;37;61;85;46;39;492;254;238;111;50;61;606;403;203;245.0;246.0;25.0;59.0;718.0;715.0;213
3519;Brummen;2025;20605;4206;11556;4843;17633;1547;595;952;1425;813;612;104;39;65;91;51;40;485;252;233;114;52;62;631;419;212;;;;;;;213
3520;Brunssum;2006;29018;6231;17541;5246;21975;5982;1385;4597;1061;598;463;65;35;30;117;71;46;42;25;17;429;201;228;408;266;142;265.0;367.0;69.0;235.0;1135.0;1107.0;899
3521;Brunssum;2007;28776;6152;17407;5217;21883;5836;1319;4517;1057;587;470;68;37;31;118;73;45;38;22;16;441;203;238;392;252;140;252.0;365.0;62.0;260.0;1178.0;1095.0;899
3522;Brunssum;2008;28548;6045;17310;5193;21817;5677;1237;4440;1054;584;470;69;39;30;108;65;43;34;18;16;443;204;239;400;258;142;242.0;369.0;76.0;208.0;1150.0;1099.0;899
3523;Brunssum;2009;28341;5933;17250;5158;21748;5550;1193;4357;1043;575;468;70;37;33;105;65;40;32;16;16;433;200;233;403;257;146;238.0;373.0;95.0;189.0;1141.0;1097.0;899
3524;Brunssum;2010;28156;5848;17163;5145;21659;5446;1156;4290;1051;572;479;71;38;33;102;62;40;34;16;18;441;199;242;403;257;146;242.0;360.0;68.0;206.0;1152.0;1090.0;899
3525;Brunssum;2011;27964;5691;17067;5206;21564;5350;1131;4219;1050;564;486;71;40;31;99;60;39;38;19;19;439;191;248;403;254;149;255.0;362.0;71.0;201.0;1146.0;1094.0;899
3526;Brunssum;2012;27777;5576;16938;5263;21476;5252;1089;4163;1049;559;490;75;43;32;101;60;41;41;19;22;434;187;247;398;250;148;256.0;374.0;70.0;194.0;1131.0;1080.0;899
3527;Brunssum;2013;27585;5470;16817;5298;21400;5125;1058;4067;1060;562;498;77;44;33;98;59;39;42;19;23;440;189;251;403;251;152;246.0;365.0;65.0;173.0;1121.0;1078.0;899
3528;Brunssum;2014;27400;5416;16660;5324;21322;5024;1021;4003;1054;555;499;72;39;33;99;61;38;44;21;23;441;188;253;398;246;152;257.0;367.0;52.0;179.0;1112.0;1057.0;899
3529;Brunssum;2015;27220;5350;16503;5367;21257;4915;999;3916;1048;548;500;72;39;33;99;65;34;45;21;24;437;184;253;395;239;156;254.0;360.0;56.0;196.0;1111.0;1056.0;899
3530;Brunssum;2016;27028;5300;16279;5449;21187;4797;946;3851;1044;548;496;71;40;31;90;59;31;45;21;24;437;186;251;401;242;159;251.0;368.0;51.0;158.0;1096.0;1062.0;899
3531;Brunssum;2017;26837;5258;16084;5495;21104;4695;926;3769;1038;544;494;74;42;32;90;61;29;47;22;25;434;183;251;393;236;157;253.0;372.0;55.0;173.0;1081.0;1044.0;899
3532;Brunssum;2018;26638;5203;15886;5549;21050;4565;898;3667;1023;531;492;74;43;31;86;57;29;48;22;26;425;179;246;390;230;160;255.0;350.0;39.0;172.0;1073.0;1032.0;899
3533;Brunssum;2019;26455;5131;15719;5605;20984;4452;858;3594;1019;529;490;77;45;32;85;52;33;48;21;27;410;172;238;399;239;160;254.0;354.0;44.0;142.0;1036.0;1028.0;899
3534;Brunssum;2020;26268;5080;15518;5670;20891;4358;838;3520;1019;524;495;82;48;34;80;48;32;46;19;27;410;170;240;401;239;162;254.0;361.0;62.0;139.0;1025.0;1012.0;899
3535;Brunssum;2021;26102;5010;15385;5707;20840;4241;806;3435;1021;521;500;84;48;36;77;45;32;48;19;29;403;167;236;409;242;167;262.0;359.0;52.0;154.0;1026.0;1003.0;899
3536;Brunssum;2022;25931;4970;15186;5775;20780;4139;791;3348;1012;518;494;90;52;38;74;46;28;51;21;30;399;166;233;398;233;165;256.0;357.0;49.0;139.0;1015.0;998.0;899
3537;Brunssum;2023;25759;4946;14938;5875;20720;4044;789;3255;995;508;487;95;55;40;75;47;28;51;21;30;388;161;227;386;224;162;263.0;371.0;45.0;131.0;1002.0;987.0;899
3538;Brunssum;2024;25583;4933;14737;5913;20645;3956;778;3178;982;499;483;94;56;38;76;47;29;55;20;35;381;159;222;376;217;159;268.0;371.0;46.0;115.0;980.0;978.0;899
3539;Brunssum;2025;25415;4938;14508;5969;20559;3874;767;3107;982;496;486;93;58;35;80;47;33;57;20;37;372;156;216;380;215;165;;;;;;;899
3540;Bunnik;2006;14214;3509;8296;2409;12581;1070;350;720;563;300;263;73;29;44;62;25;37;23;15;8;98;48;50;307;183;124;126.0;132.0;33.0;55.0;735.0;659.0;312
3541;Bunnik;2007;14263;3465;8315;2483;12542;1096;359;737;625;328;297;79;30;49;65;25;40;24;15;9;103;50;53;354;208;146;123.0;134.0;36.0;31.0;744.0;671.0;312
3542;Bunnik;2008;14330;3432;8351;2547;12504;1145;369;776;681;363;318;90;35;55;72;27;45;28;19;9;113;55;58;378;227;151;135.0;137.0;35.0;48.0;756.0;683.0;312
3543;Bunnik;2009;14390;3385;8374;2631;12478;1199;382;817;713;376;337;96;36;60;74;30;44;31;21;10;122;55;67;390;234;156;122.0;138.0;27.0;43.0;739.0;680.0;312
3544;Bunnik;2010;14416;3337;8349;2730;12388;1258;404;854;770;404;366;105;41;64;81;33;48;32;21;11;135;60;75;417;249;168;126.0;146.0;25.0;50.0;765.0;686.0;312
3545;Bunnik;2011;14448;3289;8383;2776;12323;1302;421;881;823;420;403;113;44;69;89;37;52;37;22;15;148;65;83;436;252;184;139.0;149.0;30.0;50.0;752.0;715.0;312
3546;Bunnik;2012;14456;3252;8346;2858;12243;1324;422;902;889;448;441;119;44;75;91;37;54;42;23;19;161;68;93;476;276;200;120.0;147.0;32.0;45.0;767.0;702.0;312
3547;Bunnik;2013;14482;3184;8381;2917;12163;1368;445;923;951;474;477;128;45;83;98;41;57;51;25;26;178;76;102;496;287;209;140.0;162.0;33.0;54.0;742.0;703.0;312
3548;Bunnik;2014;14480;3160;8368;2952;12077;1413;457;956;990;486;504;131;43;88;105;41;64;53;26;27;179;75;104;522;301;221;130.0;150.0;32.0;66.0;761.0;702.0;312
3549;Bunnik;2015;14483;3095;8361;3027;11993;1440;470;970;1050;504;546;147;51;96;117;44;73;66;31;35;185;78;107;535;300;235;130.0;143.0;27.0;45.0;773.0;724.0;312
3550;Bunnik;2016;14503;3077;8347;3079;11938;1459;475;984;1106;526;580;158;54;104;125;47;78;74;34;40;192;78;114;557;313;244;141.0;156.0;27.0;70.0;776.0;702.0;312
3551;Bunnik;2017;14522;3049;8343;3130;11871;1493;489;1004;1158;532;626;159;52;107;142;55;87;83;35;48;208;83;125;566;307;259;136.0;157.0;29.0;47.0;760.0;710.0;312
3552;Bunnik;2018;14533;3052;8294;3187;11797;1538;510;1028;1198;551;647;171;52;119;158;65;93;83;34;49;211;82;129;575;318;257;153.0;166.0;37.0;54.0;744.0;717.0;312
3553;Bunnik;2019;14532;3060;8236;3236;11719;1568;527;1041;1245;570;675;178;56;122;160;62;98;91;38;53;212;82;130;604;332;272;148.0;177.0;35.0;50.0;754.0;707.0;312
3554;Bunnik;2020;14536;3045;8215;3276;11634;1603;551;1052;1299;594;705;182;53;129;171;68;103;94;40;54;220;83;137;632;350;282;146.0;167.0;28.0;54.0;780.0;721.0;312
3555;Bunnik;2021;14548;3054;8175;3319;11549;1655;575;1080;1344;607;737;187;53;134;172;65;107;98;42;56;227;84;143;660;363;297;142.0;158.0;38.0;47.0;753.0;721.0;312
3556;Bunnik;2022;14555;3069;8137;3349;11466;1692;589;1103;1397;609;788;198;55;143;181;63;118;109;46;63;231;84;147;678;361;317;146.0;169.0;41.0;50.0;774.0;723.0;312
3557;Bunnik;2023;14576;3059;8129;3388;11395;1730;599;1131;1451;632;819;202;56;146;186;66;120;112;44;68;241;88;153;710;378;332;149.0;182.0;37.0;49.0;772.0;726.0;312
3558;Bunnik;2024;14578;3068;8100;3410;11305;1772;619;1153;1501;646;855;198;55;143;193;69;124;116;46;70;259;96;163;735;380;355;156.0;176.0;48.0;55.0;755.0;724.0;312
3559;Bunnik;2025;14582;3082;8077;3423;11241;1782;636;1146;1559;667;892;199;49;150;204;77;127;119;47;72;271;99;172;766;395;371;;;;;;;312
3560;Bunschoten;2006;19470;5880;11529;2061;18043;629;228;401;798;480;318;57;30;27;52;28;24;387;226;161;46;20;26;256;176;80;267.0;104.0;32.0;52.0;330.0;368.0;313
3561;Bunschoten;2007;19575;5849;11571;2155;18098;661;238;423;816;485;331;60;33;27;51;28;23;389;224;165;50;21;29;266;179;87;274.0;121.0;31.0;63.0;347.0;364.0;313
3562;Bunschoten;2008;19680;5804;11625;2251;18152;697;250;447;831;486;345;61;33;28;55;31;24;388;221;167;55;21;34;272;180;92;268.0;126.0;33.0;46.0;343.0;363.0;313
3563;Bunschoten;2009;19787;5779;11617;2391;18197;732;256;476;858;503;355;69;36;33;53;29;24;389;219;170;61;27;34;286;192;94;262.0;141.0;41.0;60.0;372.0;362.0;313
3564;Bunschoten;2010;19900;5758;11634;2508;18238;771;261;510;891;518;373;69;35;34;54;31;23;390;218;172;64;28;36;314;206;108;280.0;135.0;39.0;59.0;355.0;366.0;313
3565;Bunschoten;2011;20016;5757;11653;2606;18295;805;271;534;916;528;388;80;38;42;55;30;25;386;215;171;67;29;38;328;216;112;271.0;150.0;34.0;54.0;372.0;363.0;313
3566;Bunschoten;2012;20126;5732;11594;2800;18336;844;289;555;946;538;408;91;41;50;57;30;27;385;213;172;71;31;40;342;223;119;260.0;153.0;32.0;46.0;361.0;363.0;313
3567;Bunschoten;2013;20218;5695;11548;2975;18372;873;298;575;973;556;417;89;42;47;61;35;26;388;213;175;73;32;41;362;234;128;279.0;161.0;36.0;64.0;377.0;370.0;313
3568;Bunschoten;2014;20314;5678;11513;3123;18425;895;303;592;994;570;424;91;44;47;63;36;27;385;214;171;79;33;46;376;243;133;272.0;167.0;34.0;51.0;376.0;363.0;313
3569;Bunschoten;2015;20418;5654;11539;3225;18472;929;310;619;1017;576;441;94;45;49;66;39;27;384;213;171;83;34;49;390;245;145;271.0;161.0;37.0;49.0;365.0;366.0;313
3570;Bunschoten;2016;20517;5658;11511;3348;18513;964;322;642;1040;580;460;100;48;52;68;40;28;388;214;174;85;33;52;399;245;154;270.0;174.0;39.0;61.0;382.0;370.0;313
3571;Bunschoten;2017;20604;5622;11534;3448;18557;981;330;651;1066;595;471;105;50;55;66;40;26;395;219;176;84;33;51;416;253;163;265.0;175.0;36.0;63.0;385.0;360.0;313
3572;Bunschoten;2018;20696;5629;11511;3556;18595;1022;347;675;1079;603;476;104;52;52;66;40;26;394;219;175;85;32;53;430;260;170;265.0;179.0;32.0;64.0;394.0;364.0;313
3573;Bunschoten;2019;20783;5619;11519;3645;18607;1065;363;702;1111;613;498;112;56;56;68;39;29;396;220;176;91;32;59;444;266;178;268.0;187.0;38.0;52.0;391.0;373.0;313
3574;Bunschoten;2020;20868;5596;11536;3736;18646;1105;383;722;1117;613;504;115;55;60;71;43;28;393;216;177;95;33;62;443;266;177;288.0;191.0;41.0;41.0;346.0;368.0;313
3575;Bunschoten;2021;20944;5581;11559;3804;18663;1137;396;741;1144;630;514;119;56;63;71;44;27;391;215;176;102;36;66;461;279;182;271.0;213.0;35.0;48.0;399.0;366.0;313
3576;Bunschoten;2022;21023;5576;11581;3866;18671;1171;419;752;1181;648;533;120;55;65;72;46;26;389;212;177;110;39;71;490;296;194;289.0;193.0;31.0;51.0;358.0;365.0;313
3577;Bunschoten;2023;21091;5550;11608;3933;18690;1210;436;774;1191;652;539;122;54;68;78;51;27;390;212;178;117;40;77;484;295;189;309.0;197.0;37.0;60.0;337.0;370.0;313
3578;Bunschoten;2024;21149;5566;11566;4017;18693;1233;443;790;1223;665;558;127;55;72;82;54;28;392;214;178;124;41;83;498;301;197;286.0;203.0;32.0;75.0;378.0;369.0;313
3579;Bunschoten;2025;21200;5535;11548;4117;18680;1272;449;823;1248;682;566;131;58;73;86;56;30;390;213;177;126;43;83;515;312;203;;;;;;;313
3580;Buren;2006;25694;6624;15827;3243;24098;1161;363;798;435;279;156;73;35;38;42;17;25;11;4;7;43;25;18;266;198;68;297.0;214.0;70.0;55.0;678.0;870.0;214
3581;Buren;2007;25605;6565;15727;3313;23929;1198;379;819;478;310;168;75;37;38;42;16;26;18;8;10;50;28;22;293;221;72;301.0;224.0;73.0;56.0;651.0;855.0;214
3582;Buren;2008;25497;6472;15587;3438;23775;1209;388;821;513;336;177;78;41;37;42;16;26;22;10;12;50;30;20;321;239;82;284.0;214.0;72.0;63.0;694.0;858.0;214
3583;Buren;2009;25410;6407;15433;3570;23606;1247;405;842;557;367;190;91;50;41;46;19;27;28;13;15;50;31;19;342;254;88;288.0;212.0;76.0;54.0;665.0;866.0;214
3584;Buren;2010;25307;6331;15229;3747;23450;1273;422;851;584;376;208;93;51;42;48;19;29;32;15;17;51;29;22;360;262;98;273.0;219.0;94.0;68.0;669.0;859.0;214
3585;Buren;2011;25199;6274;15088;3837;23262;1314;456;858;623;405;218;93;48;45;52;25;27;37;16;21;52;31;21;389;285;104;262.0;216.0;99.0;59.0;673.0;855.0;214
3586;Buren;2012;25105;6206;14851;4048;23101;1345;474;871;659;428;231;95;49;46;56;28;28;44;19;25;53;31;22;411;301;110;256.0;225.0;101.0;49.0;669.0;858.0;214
3587;Buren;2013;25001;6134;14662;4205;22910;1382;514;868;709;463;246;94;50;44;57;29;28;45;20;25;63;36;27;450;328;122;263.0;228.0;110.0;62.0;670.0;851.0;214
3588;Buren;2014;24907;6052;14495;4360;22727;1422;555;867;758;492;266;103;54;49;61;31;30;51;22;29;67;39;28;476;346;130;267.0;221.0;97.0;45.0;657.0;866.0;214
3589;Buren;2015;24796;5967;14340;4489;22534;1472;596;876;790;507;283;109;53;56;60;32;28;55;23;32;71;42;29;495;357;138;258.0;233.0;102.0;63.0;673.0;847.0;214
3590;Buren;2016;24692;5902;14191;4599;22337;1527;637;890;828;526;302;115;53;62;58;30;28;61;28;33;78;44;34;516;371;145;256.0;245.0;100.0;62.0;695.0;848.0;214
3591;Buren;2017;24596;5867;13963;4766;22179;1552;643;909;865;536;329;119;54;65;59;29;30;70;32;38;77;42;35;540;379;161;256.0;242.0;87.0;59.0;706.0;856.0;214
3592;Buren;2018;24493;5763;13844;4886;21996;1586;668;918;911;562;349;127;60;67;60;29;31;75;33;42;82;43;39;567;397;170;259.0;245.0;89.0;58.0;709.0;868.0;214
3593;Buren;2019;24377;5691;13703;4983;21855;1604;677;927;918;556;362;129;62;67;59;26;33;75;35;40;86;45;41;569;388;181;275.0;252.0;101.0;74.0;708.0;856.0;214
3594;Buren;2020;24281;5614;13555;5112;21691;1643;705;938;947;567;380;133;62;71;61;28;33;77;37;40;94;49;45;582;391;191;273.0;256.0;82.0;66.0;730.0;855.0;214
3595;Buren;2021;24192;5558;13435;5199;21573;1652;717;935;967;572;395;132;59;73;65;29;36;82;40;42;93;48;45;595;396;199;274.0;260.0;96.0;55.0;704.0;858.0;214
3596;Buren;2022;24097;5509;13303;5285;21427;1674;735;939;996;587;409;135;59;76;68;33;35;82;39;43;98;49;49;613;407;206;286.0;272.0;80.0;52.0;711.0;860.0;214
3597;Buren;2023;23993;5484;13144;5365;21281;1686;748;938;1026;591;435;138;62;76;68;32;36;88;40;48;97;47;50;635;410;225;270.0;274.0;74.0;59.0;756.0;854.0;214
3598;Buren;2024;23909;5442;13021;5446;21130;1713;778;935;1066;616;450;140;64;76;70;33;37;91;40;51;97;47;50;668;432;236;294.0;276.0;86.0;45.0;695.0;847.0;214
3599;Buren;2025;23818;5432;12886;5500;21000;1737;801;936;1081;626;455;146;66;80;70;31;39;91;38;53;96;47;49;678;444;234;;;;;;;214
3600;Bussum;2006;30958;7332;17539;6087;25052;3751;1398;2353;2155;1185;970;166;62;104;126;53;73;251;139;112;620;343;277;992;588;404;325.0;365.0;277.0;293.0;1625.0;1727.0;381
3601;Bussum;2007;30798;7351;17505;5942;24816;3750;1415;2335;2232;1221;1011;189;73;116;137;56;81;250;136;114;616;336;280;1040;620;420;319.0;352.0;302.0;298.0;1628.0;1729.0;381
3602;Bussum;2008;30666;7379;17470;5817;24622;3779;1456;2323;2265;1208;1057;199;73;126;134;49;85;251;136;115;621;333;288;1060;617;443;303.0;355.0;314.0;291.0;1651.0;1735.0;381
3603;Bussum;2009;30553;7379;17452;5722;24423;3806;1509;2297;2324;1231;1093;201;73;128;143;57;86;249;132;117;633;337;296;1098;632;466;306.0;346.0;352.0;310.0;1576.0;1727.0;381
3604;Bussum;2010;30402;7302;17410;5690;24212;3846;1574;2272;2344;1224;1120;219;76;143;141;62;79;241;127;114;645;337;308;1098;622;476;288.0;332.0;362.0;331.0;1601.0;1728.0;381
3605;Bussum;2011;30259;7222;17426;5611;23985;3884;1619;2265;2390;1226;1164;229;77;152;147;63;84;244;124;120;651;339;312;1119;623;496;274.0;323.0;384.0;354.0;1603.0;1741.0;381
3606;Bussum;2012;30102;7162;17273;5667;23748;3955;1682;2273;2399;1215;1184;231;74;157;149;61;88;249;127;122;647;328;319;1123;625;498;295.0;323.0;402.0;382.0;1586.0;1744.0;381
3607;Bussum;2013;29936;7106;17135;5695;23525;3993;1717;2276;2418;1221;1197;241;73;168;151;58;93;243;123;120;640;318;322;1143;649;494;278.0;311.0;414.0;374.0;1582.0;1738.0;381
3608;Bussum;2014;29790;7017;17040;5733;23295;4050;1792;2258;2445;1220;1225;245;73;172;155;61;94;244;122;122;619;297;322;1182;667;515;271.0;305.0;432.0;396.0;1618.0;1747.0;381
3609;Bussum;2015;29667;6909;17002;5756;23091;4089;1861;2228;2487;1240;1247;266;75;191;150;61;89;260;127;133;607;285;322;1204;692;512;296.0;304.0;448.0;395.0;1576.0;1760.0;381
3610;Bussum;2016;29526;6852;16850;5824;22932;4118;1915;2203;2476;1227;1249;264;75;189;151;61;90;258;127;131;584;272;312;1219;692;527;309.0;305.0;469.0;364.0;1532.0;1759.0;381
3611;Bussum;2017;29407;6774;16769;5864;22707;4181;1980;2201;2519;1249;1270;262;72;190;156;68;88;256;125;131;568;265;303;1277;719;558;296.0;294.0;471.0;373.0;1566.0;1772.0;381
3612;Bussum;2018;29301;6695;16696;5910;22468;4246;2027;2219;2587;1278;1309;276;74;202;160;71;89;252;120;132;562;264;298;1337;749;588;295.0;293.0;477.0;428.0;1589.0;1765.0;381
3613;Bussum;2019;29179;6627;16581;5971;22270;4279;2049;2230;2630;1283;1347;285;73;212;162;73;89;252;118;134;562;262;300;1369;757;612;315.0;281.0;442.0;381.0;1567.0;1767.0;381
3614;Bussum;2020;29075;6547;16521;6007;22082;4333;2098;2235;2660;1300;1360;284;77;207;169;72;97;258;115;143;549;260;289;1400;776;624;295.0;289.0;467.0;388.0;1625.0;1794.0;381
3615;Bussum;2021;28994;6455;16484;6055;21902;4420;2158;2262;2672;1302;1370;289;73;216;178;78;100;258;115;143;537;250;287;1410;786;624;309.0;281.0;469.0;398.0;1614.0;1794.0;381
3616;Bussum;2022;28910;6365;16464;6081;21731;4452;2176;2276;2727;1325;1402;290;73;217;185;78;107;259;112;147;539;246;293;1454;816;638;307.0;283.0;498.0;415.0;1616.0;1792.0;381
3617;Bussum;2023;28842;6314;16404;6124;21555;4507;2228;2279;2780;1361;1419;297;77;220;187;78;109;266;112;154;526;248;278;1504;846;658;297.0;285.0;501.0;419.0;1625.0;1786.0;381
3618;Bussum;2024;28775;6257;16366;6152;21370;4569;2289;2280;2836;1379;1457;310;81;229;187;79;108;269;111;158;535;253;282;1535;855;680;295.0;285.0;501.0;409.0;1648.0;1808.0;381
3619;Bussum;2025;28717;6220;16290;6207;21178;4634;2318;2316;2905;1428;1477;313;86;227;187;79;108;271;115;156;534;252;282;1600;896;704;;;;;;;381
3620;Capelle aan den IJssel;2006;64675;15307;40416;8952;47709;6725;2947;3778;10241;6338;3903;3727;2136;1591;1625;1096;529;689;351;338;552;281;271;3648;2474;1174;663.0;559.0;446.0;593.0;3431.0;3669.0;502
3621;Capelle aan den IJssel;2007;64402;15060;40406;8936;47300;6592;2906;3686;10510;6466;4044;3842;2210;1632;1602;1061;541;723;374;349;624;311;313;3719;2510;1209;656.0;552.0;492.0;571.0;3374.0;3659.0;502
3622;Capelle aan den IJssel;2008;64148;14793;40469;8886;46888;6485;2874;3611;10775;6563;4212;3943;2264;1679;1594;1051;543;784;397;387;679;327;352;3775;2524;1251;640.0;542.0;522.0;602.0;3351.0;3632.0;502
3623;Capelle aan den IJssel;2009;63894;14538;40438;8918;46441;6435;2865;3570;11018;6671;4347;4031;2326;1705;1573;1029;544;835;425;410;754;365;389;3825;2526;1299;628.0;540.0;516.0;572.0;3339.0;3617.0;502
3624;Capelle aan den IJssel;2010;63652;14263;40357;9032;46005;6417;2903;3514;11230;6748;4482;4100;2376;1724;1576;1025;551;885;450;435;841;404;437;3828;2493;1335;639.0;548.0;537.0;560.0;3303.0;3601.0;502
3625;Capelle aan den IJssel;2011;63428;14036;40353;9039;45609;6404;2934;3470;11415;6829;4586;4151;2427;1724;1550;1014;536;940;475;465;911;434;477;3863;2479;1384;630.0;516.0;548.0;580.0;3304.0;3586.0;502
3626;Capelle aan den IJssel;2012;63232;13770;40098;9364;45260;6375;2959;3416;11597;6909;4688;4182;2450;1732;1529;991;538;1005;516;489;964;448;516;3917;2504;1413;646.0;541.0;563.0;562.0;3249.0;3555.0;502
3627;Capelle aan den IJssel;2013;63037;13590;39753;9694;44912;6364;2998;3366;11761;6976;4785;4193;2469;1724;1545;998;547;1061;540;521;1015;469;546;3947;2500;1447;628.0;544.0;543.0;539.0;3290.0;3561.0;502
3628;Capelle aan den IJssel;2014;62863;13367;39431;10065;44539;6368;3024;3344;11956;7044;4912;4230;2497;1733;1559;1004;555;1133;569;564;1090;505;585;3944;2469;1475;630.0;546.0;586.0;567.0;3270.0;3530.0;502
3629;Capelle aan den IJssel;2015;62707;13201;39122;10384;44200;6403;3059;3344;12104;7100;5004;4230;2513;1717;1542;990;552;1190;593;597;1177;539;638;3965;2465;1500;634.0;540.0;554.0;518.0;3252.0;3499.0;502
3630;Capelle aan den IJssel;2016;62596;13089;38892;10615;43865;6447;3131;3316;12284;7148;5136;4273;2558;1715;1555;981;574;1246;610;636;1253;563;690;3957;2436;1521;623.0;517.0;554.0;543.0;3273.0;3512.0;502
3631;Capelle aan den IJssel;2017;62479;12941;38654;10884;43603;6425;3150;3275;12451;7204;5247;4304;2579;1725;1541;964;577;1303;631;672;1331;588;743;3972;2442;1530;665.0;546.0;547.0;529.0;3226.0;3477.0;502
3632;Capelle aan den IJssel;2018;62369;12826;38442;11101;43327;6440;3181;3259;12602;7243;5359;4334;2593;1741;1518;946;572;1377;665;712;1404;622;782;3969;2417;1552;636.0;539.0;547.0;508.0;3233.0;3471.0;502
3633;Capelle aan den IJssel;2019;62270;12740;38182;11348;43150;6378;3177;3201;12742;7262;5480;4337;2605;1732;1495;919;576;1419;685;734;1517;662;855;3974;2391;1583;632.0;558.0;522.0;541.0;3304.0;3452.0;502
3634;Capelle aan den IJssel;2020;62180;12572;37983;11625;43028;6332;3173;3159;12820;7255;5565;4313;2586;1727;1494;906;588;1483;719;764;1605;689;916;3925;2355;1570;647.0;559.0;497.0;523.0;3280.0;3434.0;502
3635;Capelle aan den IJssel;2021;62091;12464;37789;11838;42829;6336;3179;3157;12926;7250;5676;4305;2575;1730;1472;880;592;1546;734;812;1662;711;951;3941;2350;1591;648.0;561.0;468.0;501.0;3326.0;3429.0;502
3636;Capelle aan den IJssel;2022;62042;12364;37589;12089;42668;6353;3202;3151;13021;7220;5801;4262;2539;1723;1476;868;608;1586;746;840;1762;736;1026;3935;2331;1604;630.0;573.0;502.0;503.0;3318.0;3418.0;502
3637;Capelle aan den IJssel;2023;61998;12249;37473;12276;42572;6325;3194;3131;13101;7202;5899;4266;2541;1725;1473;856;617;1634;761;873;1847;763;1084;3881;2281;1600;668.0;551.0;455.0;481.0;3277.0;3403.0;502
3638;Capelle aan den IJssel;2024;61962;12158;37290;12514;42399;6329;3201;3128;13234;7210;6024;4240;2537;1703;1492;852;640;1671;770;901;1935;785;1150;3896;2266;1630;665.0;580.0;459.0;468.0;3310.0;3399.0;502
3639;Capelle aan den IJssel;2025;61948;12135;37105;12708;42260;6339;3205;3134;13349;7199;6150;4219;2520;1699;1486;829;657;1720;788;932;2008;804;1204;3916;2258;1658;;;;;;;502
3640;Castricum;2006;35223;8823;20591;5809;31861;2316;758;1558;1046;551;495;179;78;101;115;51;64;82;36;46;34;17;17;636;369;267;315.0;313.0;42.0;90.0;1344.0;1165.0;383
3641;Castricum;2007;35357;8703;20730;5924;31895;2361;772;1589;1101;582;519;188;83;105;111;47;64;85;39;46;38;18;20;679;395;284;322.0;299.0;36.0;111.0;1393.0;1191.0;383
3642;Castricum;2008;35510;8626;20839;6045;31929;2409;788;1621;1172;626;546;203;95;108;116;49;67;88;37;51;41;17;24;724;428;296;318.0;326.0;46.0;85.0;1402.0;1214.0;383
3643;Castricum;2009;35655;8507;20976;6172;31989;2429;799;1630;1237;652;585;210;92;118;120;50;70;93;39;54;44;18;26;770;453;317;302.0;326.0;63.0;103.0;1402.0;1232.0;383
3644;Castricum;2010;35766;8388;21061;6317;31957;2491;819;1672;1318;698;620;232;97;135;124;53;71;96;40;56;46;20;26;820;488;332;299.0;321.0;59.0;101.0;1436.0;1260.0;383
3645;Castricum;2011;35884;8220;21239;6425;31936;2551;851;1700;1397;734;663;250;103;147;131;57;74;104;42;62;52;22;30;860;510;350;315.0;333.0;60.0;88.0;1427.0;1276.0;383
3646;Castricum;2012;35996;8090;21232;6674;31923;2614;874;1740;1459;768;691;265;110;155;134;59;75;110;45;65;60;22;38;890;532;358;318.0;338.0;61.0;90.0;1464.0;1300.0;383
3647;Castricum;2013;36112;7964;21241;6907;31922;2671;904;1767;1519;787;732;277;111;166;129;57;72;116;44;72;69;26;43;928;549;379;325.0;343.0;66.0;107.0;1480.0;1308.0;383
3648;Castricum;2014;36222;7813;21335;7074;31908;2735;935;1800;1579;811;768;293;110;183;124;56;68;122;48;74;74;26;48;966;571;395;328.0;341.0;50.0;89.0;1468.0;1328.0;383
3649;Castricum;2015;36316;7686;21412;7218;31904;2768;947;1821;1644;846;798;303;112;191;131;60;71;116;46;70;83;29;54;1011;599;412;335.0;362.0;55.0;111.0;1535.0;1346.0;383
3650;Castricum;2016;36422;7608;21485;7329;31906;2805;954;1851;1711;884;827;315;115;200;135;65;70;122;49;73;99;34;65;1040;621;419;353.0;354.0;54.0;106.0;1506.0;1342.0;383
3651;Castricum;2017;36535;7531;21560;7444;31894;2856;975;1881;1785;917;868;342;121;221;137;67;70;125;49;76;109;37;72;1072;643;429;372.0;370.0;59.0;103.0;1494.0;1364.0;383
3652;Castricum;2018;36623;7506;21594;7523;31887;2890;999;1891;1846;961;885;351;125;226;137;67;70;128;50;78;117;40;77;1113;679;434;381.0;362.0;62.0;115.0;1518.0;1373.0;383
3653;Castricum;2019;36735;7454;21647;7634;31904;2925;1002;1923;1906;977;929;369;124;245;137;69;68;133;52;81;122;40;82;1145;692;453;407.0;363.0;62.0;110.0;1479.0;1373.0;383
3654;Castricum;2020;36837;7404;21711;7722;31896;2953;1006;1947;1988;1013;975;390;130;260;139;72;67;143;56;87;133;44;89;1183;711;472;406.0;369.0;49.0;94.0;1494.0;1380.0;383
3655;Castricum;2021;36943;7358;21768;7817;31893;2986;1034;1952;2064;1055;1009;410;137;273;139;71;68;149;58;91;145;49;96;1221;740;481;428.0;391.0;64.0;108.0;1476.0;1376.0;383
3656;Castricum;2022;37044;7382;21791;7871;31912;3009;1043;1966;2123;1074;1049;428;145;283;143;73;70;159;59;100;150;50;100;1243;747;496;441.0;391.0;69.0;94.0;1447.0;1369.0;383
3657;Castricum;2023;37153;7452;21725;7976;31935;3024;1057;1967;2194;1102;1092;448;149;299;144;73;71;164;59;105;161;53;108;1277;768;509;448.0;382.0;70.0;108.0;1457.0;1379.0;383
3658;Castricum;2024;37263;7513;21697;8053;31954;3050;1076;1974;2259;1132;1127;455;150;305;150;75;75;167;59;108;174;56;118;1313;792;521;446.0;396.0;59.0;108.0;1467.0;1363.0;383
3659;Castricum;2025;37374;7640;21563;8171;31969;3087;1093;1994;2318;1138;1180;464;153;311;162;80;82;169;59;110;188;58;130;1335;788;547;;;;;;;383
3660;Coevorden;2006;36131;8678;21452;6001;33110;2002;813;1189;1019;715;304;81;49;32;42;27;15;119;66;53;25;13;12;752;560;192;385.0;338.0;187.0;274.0;1354.0;1421.0;109
3661;Coevorden;2007;36025;8567;21371;6087;32988;1998;808;1190;1039;718;321;87;49;38;53;36;17;116;67;49;31;16;15;752;550;202;371.0;334.0;194.0;258.0;1280.0;1433.0;109
3662;Coevorden;2008;35847;8434;21247;6166;32811;1983;806;1177;1053;720;333;96;56;40;53;35;18;119;70;49;31;18;13;754;541;213;365.0;330.0;200.0;253.0;1244.0;1411.0;109
3663;Coevorden;2009;35662;8336;21030;6296;32612;1985;819;1166;1065;713;352;102;60;42;63;41;22;121;69;52;33;19;14;746;524;222;367.0;341.0;186.0;262.0;1260.0;1412.0;109
3664;Coevorden;2010;35464;8245;20812;6407;32410;1994;840;1154;1060;685;375;107;60;47;74;49;25;122;68;54;40;20;20;717;488;229;358.0;342.0;215.0;268.0;1242.0;1404.0;109
3665;Coevorden;2011;35267;8123;20663;6481;32180;2030;865;1165;1057;672;385;112;62;50;79;52;27;120;67;53;41;16;25;705;475;230;343.0;353.0;221.0;258.0;1246.0;1391.0;109
3666;Coevorden;2012;35077;7999;20380;6698;31957;2055;895;1160;1065;665;400;113;65;48;83;50;33;124;67;57;44;17;27;701;466;235;344.0;351.0;202.0;273.0;1270.0;1386.0;109
3667;Coevorden;2013;34890;7895;20125;6870;31717;2071;907;1164;1102;673;429;122;67;55;87;52;35;131;70;61;44;17;27;718;467;251;333.0;354.0;210.0;255.0;1265.0;1378.0;109
3668;Coevorden;2014;34717;7786;19898;7033;31519;2077;927;1150;1121;681;440;126;71;55;81;48;33;141;80;61;45;18;27;728;464;264;347.0;367.0;206.0;269.0;1267.0;1365.0;109
3669;Coevorden;2015;34541;7713;19698;7130;31301;2102;961;1141;1138;679;459;128;65;63;80;48;32;146;84;62;47;20;27;737;462;275;335.0;353.0;196.0;262.0;1264.0;1354.0;109
3670;Coevorden;2016;34371;7633;19481;7257;31098;2099;953;1146;1174;694;480;132;67;65;88;51;37;146;82;64;49;20;29;759;474;285;347.0;376.0;207.0;252.0;1262.0;1355.0;109
3671;Coevorden;2017;34209;7552;19316;7341;30876;2124;984;1140;1209;710;499;143;74;69;87;50;37;148;83;65;50;20;30;781;483;298;358.0;361.0;195.0;260.0;1267.0;1358.0;109
3672;Coevorden;2018;34053;7451;19146;7456;30674;2113;970;1143;1266;751;515;146;75;71;90;55;35;144;85;59;56;22;34;830;514;316;349.0;369.0;209.0;220.0;1245.0;1368.0;109
3673;Coevorden;2019;33905;7391;18959;7555;30484;2118;992;1126;1303;776;527;145;74;71;94;59;35;145;81;64;63;25;38;856;537;319;352.0;373.0;206.0;261.0;1281.0;1358.0;109
3674;Coevorden;2020;33758;7318;18802;7638;30290;2150;1014;1136;1318;787;531;148;82;66;106;67;39;148;82;66;63;24;39;853;532;321;362.0;375.0;211.0;255.0;1260.0;1351.0;109
3675;Coevorden;2021;33620;7239;18638;7743;30149;2131;999;1132;1340;792;548;157;86;71;103;66;37;143;75;68;69;26;43;868;539;329;368.0;373.0;193.0;250.0;1278.0;1357.0;109
3676;Coevorden;2022;33484;7154;18482;7848;30006;2117;990;1127;1361;787;574;165;91;74;105;67;38;146;74;72;71;24;47;874;531;343;366.0;392.0;191.0;242.0;1282.0;1346.0;109
3677;Coevorden;2023;33348;7093;18306;7949;29832;2130;1009;1121;1386;796;590;172;94;78;112;72;40;148;73;75;71;23;48;883;534;349;347.0;396.0;190.0;253.0;1307.0;1340.0;109
3678;Coevorden;2024;33211;7037;18162;8012;29667;2123;997;1126;1421;813;608;177;98;79;114;68;46;151;72;79;69;22;47;910;553;357;360.0;386.0;173.0;247.0;1298.0;1334.0;109
3679;Coevorden;2025;33081;6982;17994;8105;29490;2146;1010;1136;1445;824;621;187;102;85;116;65;51;155;73;82;71;23;48;916;561;355;;;;;;;109
3680;Cranendonck;2006;19929;4627;12332;2970;17220;2246;715;1531;463;271;192;55;29;26;39;19;20;26;11;15;75;34;41;268;178;90;180.0;145.0;38.0;204.0;608.0;597.0;1706
3681;Cranendonck;2007;19813;4515;12214;3084;17156;2211;688;1523;446;255;191;51;26;25;40;19;21;26;11;15;76;33;43;253;166;87;174.0;165.0;42.0;192.0;631.0;598.0;1706
3682;Cranendonck;2008;19708;4429;12071;3208;17080;2185;677;1508;443;242;201;52;26;26;41;19;22;28;10;18;78;34;44;244;153;91;155.0;164.0;40.0;172.0;638.0;606.0;1706
3683;Cranendonck;2009;19601;4312;11931;3358;17018;2132;652;1480;451;248;203;54;26;28;35;18;17;33;12;21;77;33;44;252;159;93;162.0;162.0;31.0;181.0;637.0;602.0;1706
3684;Cranendonck;2010;19489;4162;11847;3480;16953;2089;634;1455;447;245;202;53;26;27;30;15;15;37;15;22;76;31;45;251;158;93;163.0;170.0;43.0;165.0;625.0;590.0;1706
3685;Cranendonck;2011;19397;4057;11730;3610;16899;2059;626;1433;439;232;207;53;26;27;31;13;18;38;16;22;77;31;46;240;146;94;159.0;175.0;38.0;161.0;619.0;595.0;1706
3686;Cranendonck;2012;19284;3943;11574;3767;16818;2015;598;1417;451;239;212;51;27;24;35;14;21;37;16;21;79;31;48;249;151;98;163.0;164.0;32.0;171.0;626.0;596.0;1706
3687;Cranendonck;2013;19175;3840;11400;3935;16731;1998;581;1417;446;236;210;52;26;26;32;12;20;38;17;21;79;32;47;245;149;96;174.0;167.0;31.0;164.0;610.0;586.0;1706
3688;Cranendonck;2014;19074;3762;11228;4084;16655;1973;569;1404;446;233;213;49;23;26;31;12;19;38;17;21;82;33;49;246;148;98;160.0;175.0;29.0;157.0;627.0;595.0;1706
3689;Cranendonck;2015;18963;3669;11066;4228;16572;1934;544;1390;457;240;217;51;24;27;33;12;21;40;18;22;84;33;51;249;153;96;163.0;190.0;35.0;143.0;628.0;595.0;1706
3690;Cranendonck;2016;18861;3579;10934;4348;16485;1911;546;1365;465;251;214;54;27;27;36;14;22;39;18;21;84;34;50;252;158;94;178.0;186.0;36.0;162.0;623.0;588.0;1706
3691;Cranendonck;2017;18762;3551;10765;4446;16431;1872;527;1345;459;236;223;55;27;28;33;12;21;40;18;22;86;32;54;245;147;98;180.0;198.0;28.0;140.0;603.0;579.0;1706
3692;Cranendonck;2018;18659;3505;10605;4549;16361;1841;518;1323;457;233;224;55;26;29;29;8;21;39;18;21;85;31;54;249;150;99;181.0;204.0;30.0;153.0;624.0;572.0;1706
3693;Cranendonck;2019;18570;3448;10484;4638;16290;1821;516;1305;459;230;229;56;27;29;31;8;23;37;17;20;89;32;57;246;146;100;187.0;208.0;37.0;126.0;587.0;577.0;1706
3694;Cranendonck;2020;18475;3418;10338;4719;16218;1786;500;1286;471;236;235;57;26;31;28;9;19;38;17;21;92;31;61;256;153;103;201.0;204.0;33.0;125.0;579.0;574.0;1706
3695;Cranendonck;2021;18385;3394;10201;4790;16116;1784;502;1282;485;241;244;59;26;33;28;8;20;39;14;25;97;31;66;262;162;100;186.0;215.0;40.0;138.0;593.0;565.0;1706
3696;Cranendonck;2022;18286;3373;10041;4872;16036;1769;498;1271;481;237;244;59;27;32;27;7;20;40;15;25;99;32;67;256;156;100;188.0;214.0;29.0;134.0;593.0;552.0;1706
3697;Cranendonck;2023;18199;3386;9901;4912;15975;1742;484;1258;482;231;251;64;29;35;26;5;21;43;15;28;92;31;61;257;151;106;202.0;227.0;28.0;117.0;568.0;556.0;1706
3698;Cranendonck;2024;18101;3405;9764;4932;15921;1701;468;1233;479;231;248;66;31;35;28;7;21;44;14;30;89;30;59;252;149;103;194.0;239.0;35.0;114.0;581.0;543.0;1706
3699;Cranendonck;2025;18019;3444;9572;5003;15825;1700;473;1227;494;233;261;62;27;35;28;6;22;49;15;34;90;30;60;265;155;110;;;;;;;1706
3700;Cromstrijen;2006;13023;3069;8129;1825;12040;665;229;436;318;198;120;76;37;39;25;12;13;15;9;6;7;4;3;195;136;59;108.0;98.0;15.0;22.0;370.0;418.0;611
3701;Cromstrijen;2007;12980;3024;8052;1904;11930;687;230;457;363;225;138;86;40;46;30;17;13;20;12;8;8;4;4;219;152;67;113.0;99.0;14.0;32.0;370.0;409.0;611
3702;Cromstrijen;2008;12936;2953;7991;1992;11830;712;241;471;394;240;154;88;40;48;33;20;13;23;12;11;11;4;7;239;164;75;113.0;105.0;19.0;36.0;375.0;416.0;611
3703;Cromstrijen;2009;12890;2916;7889;2085;11726;727;248;479;437;261;176;96;43;53;41;24;17;26;15;11;13;3;10;261;176;85;103.0;110.0;18.0;27.0;372.0;405.0;611
3704;Cromstrijen;2010;12847;2851;7805;2191;11646;754;262;492;447;264;183;96;43;53;42;25;17;25;14;11;18;5;13;266;177;89;114.0;111.0;16.0;21.0;376.0;407.0;611
3705;Cromstrijen;2011;12817;2793;7754;2270;11568;773;273;500;476;285;191;107;51;56;40;23;17;27;14;13;20;5;15;282;192;90;100.0;112.0;21.0;29.0;382.0;413.0;611
3706;Cromstrijen;2012;12768;2728;7590;2450;11468;795;282;513;505;303;202;115;53;62;43;24;19;31;15;16;19;5;14;297;206;91;106.0;131.0;13.0;24.0;392.0;405.0;611
3707;Cromstrijen;2013;12724;2689;7431;2604;11367;816;293;523;541;317;224;124;55;69;46;25;21;34;16;18;21;5;16;316;216;100;90.0;130.0;17.0;36.0;427.0;410.0;611
3708;Cromstrijen;2014;12683;2643;7336;2704;11279;846;305;541;558;329;229;125;56;69;49;29;20;36;18;18;22;5;17;326;221;105;107.0;131.0;21.0;26.0;387.0;405.0;611
3709;Cromstrijen;2015;12637;2617;7216;2804;11193;872;324;548;572;335;237;124;56;68;53;31;22;36;17;19;25;7;18;334;224;110;100.0;123.0;15.0;28.0;382.0;402.0;611
3710;Cromstrijen;2016;12585;2589;7097;2899;11099;899;341;558;587;340;247;126;55;71;54;33;21;36;16;20;28;7;21;343;229;114;109.0;140.0;15.0;26.0;400.0;405.0;611
3711;Cromstrijen;2017;12539;2577;6981;2981;11011;918;348;570;610;352;258;126;55;71;56;34;22;34;15;19;37;11;26;357;237;120;94.0;123.0;16.0;37.0;405.0;402.0;611
3712;Cromstrijen;2018;12493;2512;6911;3070;10910;945;361;584;638;365;273;135;62;73;56;34;22;39;17;22;42;13;29;366;239;127;104.0;137.0;28.0;25.0;387.0;398.0;611
3713;Cromstrijen;2019;12455;2460;6858;3137;10832;959;366;593;664;378;286;140;65;75;56;33;23;42;16;26;47;14;33;379;250;129;105.0;141.0;20.0;35.0;416.0;394.0;611
3714;Cromstrijen;2020;12425;2428;6786;3211;10747;978;376;602;700;394;306;148;69;79;55;31;24;47;19;28;49;13;36;401;262;139;103.0;145.0;13.0;30.0;414.0;395.0;611
3715;Cromstrijen;2021;12385;2383;6725;3277;10655;985;384;601;745;416;329;150;68;82;60;34;26;49;21;28;57;13;44;429;280;149;102.0;155.0;19.0;24.0;405.0;387.0;611
3716;Cromstrijen;2022;12348;2330;6676;3342;10559;1008;390;618;781;436;345;151;68;83;60;33;27;51;22;29;65;17;48;454;296;158;107.0;156.0;16.0;26.0;412.0;396.0;611
3717;Cromstrijen;2023;12304;2316;6599;3389;10470;1021;395;626;813;450;363;154;69;85;65;34;31;52;21;31;68;17;51;474;309;165;110.0;142.0;12.0;21.0;393.0;395.0;611
3718;Cromstrijen;2024;12262;2292;6513;3457;10380;1057;409;648;825;456;369;163;73;90;69;38;31;54;22;32;68;18;50;471;305;166;115.0;163.0;19.0;29.0;409.0;395.0;611
3719;Cromstrijen;2025;12218;2269;6464;3485;10276;1081;418;663;861;474;387;169;76;93;70;37;33;55;22;33;74;20;54;493;319;174;;;;;;;611
3720;Cuijk;2006;23993;6021;14745;3227;19718;2343;879;1464;1932;1051;881;94;54;40;100;49;51;777;406;371;445;209;236;516;333;183;266.0;169.0;59.0;134.0;644.0;774.0;1684
3721;Cuijk;2007;23886;5981;14608;3297;19644;2324;879;1445;1918;1024;894;96;51;45;100;47;53;765;400;365;437;203;234;520;323;197;263.0;172.0;46.0;149.0;646.0;765.0;1684
3722;Cuijk;2008;23755;5915;14460;3380;19580;2291;868;1423;1884;984;900;95;50;45;97;45;52;757;386;371;432;199;233;503;304;199;252.0;178.0;61.0;155.0;656.0;768.0;1684
3723;Cuijk;2009;23626;5829;14267;3530;19522;2263;862;1401;1841;948;893;95;49;46;97;46;51;745;376;369;411;185;226;493;292;201;237.0;180.0;48.0;128.0;667.0;763.0;1684
3724;Cuijk;2010;23505;5760;14084;3661;19464;2223;841;1382;1818;929;889;95;50;45;96;46;50;739;364;375;396;178;218;492;291;201;247.0;177.0;60.0;114.0;618.0;757.0;1684
3725;Cuijk;2011;23384;5678;13883;3823;19377;2211;833;1378;1796;897;899;103;52;51;96;45;51;724;347;377;392;173;219;481;280;201;231.0;196.0;40.0;114.0;634.0;741.0;1684
3726;Cuijk;2012;23241;5576;13703;3962;19326;2150;804;1346;1765;877;888;101;53;48;89;40;49;714;341;373;390;170;220;471;273;198;219.0;181.0;41.0;108.0;646.0;731.0;1684
3727;Cuijk;2013;23127;5459;13524;4144;19257;2149;803;1346;1721;851;870;101;54;47;83;35;48;704;337;367;374;166;208;459;259;200;235.0;201.0;46.0;109.0;634.0;735.0;1684
3728;Cuijk;2014;22998;5377;13277;4344;19178;2135;802;1333;1685;821;864;98;53;45;84;35;49;683;318;365;370;166;204;450;249;201;210.0;208.0;35.0;113.0;671.0;727.0;1684
3729;Cuijk;2015;22869;5278;13105;4486;19090;2119;791;1328;1660;807;853;100;51;49;83;37;46;668;313;355;363;162;201;446;244;202;211.0;217.0;27.0;96.0;687.0;730.0;1684
3730;Cuijk;2016;22755;5117;13030;4608;18982;2130;799;1331;1643;791;852;103;50;53;81;35;46;659;308;351;356;160;196;444;238;206;206.0;216.0;44.0;97.0;659.0;725.0;1684
3731;Cuijk;2017;22627;5000;12936;4691;18884;2130;802;1328;1613;785;828;97;49;48;79;35;44;635;296;339;345;158;187;457;247;210;203.0;219.0;35.0;122.0;678.0;723.0;1684
3732;Cuijk;2018;22485;4896;12792;4797;18795;2114;801;1313;1576;769;807;99;50;49;79;33;46;612;290;322;337;157;180;449;239;210;209.0;234.0;32.0;99.0;687.0;726.0;1684
3733;Cuijk;2019;22356;4774;12712;4870;18704;2090;788;1302;1562;756;806;105;50;55;77;31;46;596;277;319;324;154;170;460;244;216;205.0;247.0;29.0;96.0;710.0;727.0;1684
3734;Cuijk;2020;22232;4667;12638;4927;18607;2085;801;1284;1540;739;801;107;51;56;80;33;47;582;268;314;316;151;165;455;236;219;211.0;243.0;39.0;95.0;707.0;733.0;1684
3735;Cuijk;2021;22123;4586;12539;4998;18539;2065;783;1282;1519;739;780;103;50;53;76;32;44;574;263;311;307;147;160;459;247;212;222.0;227.0;39.0;86.0;665.0;720.0;1684
3736;Cuijk;2022;22018;4514;12453;5051;18450;2067;789;1278;1501;737;764;102;48;54;75;31;44;569;265;304;297;147;150;458;246;212;212.0;247.0;30.0;92.0;697.0;712.0;1684
3737;Cuijk;2023;21907;4465;12336;5106;18371;2053;775;1278;1483;727;756;105;50;55;73;26;47;549;254;295;294;145;149;462;252;210;213.0;270.0;24.0;92.0;712.0;711.0;1684
3738;Cuijk;2024;21785;4409;12211;5165;18283;2033;786;1247;1469;717;752;105;48;57;79;29;50;532;246;286;294;142;152;459;252;207;236.0;253.0;36.0;82.0;665.0;711.0;1684
3739;Cuijk;2025;21678;4384;12074;5220;18202;2015;790;1225;1461;716;745;110;50;60;80;28;52;519;240;279;282;137;145;470;261;209;;;;;;;1684
3740;Culemborg;2006;27281;7525;16631;3125;21435;2267;811;1456;3579;2040;1539;347;179;168;121;52;69;414;206;208;1861;976;885;836;627;209;335.0;198.0;131.0;96.0;1215.0;1229.0;216
3741;Culemborg;2007;27442;7507;16696;3239;21528;2288;823;1465;3626;2017;1609;354;184;170;122;53;69;421;200;221;1878;956;922;851;624;227;324.0;204.0;132.0;90.0;1117.0;1223.0;216
3742;Culemborg;2008;27500;7451;16729;3320;21534;2308;835;1473;3658;1991;1667;351;179;172;126;56;70;429;203;226;1905;940;965;847;613;234;328.0;204.0;133.0;83.0;1086.0;1216.0;216
3743;Culemborg;2009;27543;7423;16694;3426;21544;2310;844;1466;3689;1984;1705;347;176;171;122;54;68;438;201;237;1911;930;981;871;623;248;327.0;221.0;147.0;89.0;1097.0;1227.0;216
3744;Culemborg;2010;27578;7354;16646;3578;21529;2337;876;1461;3712;1976;1736;355;173;182;120;55;65;440;202;238;1896;905;991;901;641;260;305.0;226.0;135.0;79.0;1125.0;1225.0;216
3745;Culemborg;2011;27613;7273;16690;3650;21518;2340;885;1455;3755;1984;1771;351;170;181;122;61;61;449;203;246;1893;891;1002;940;659;281;309.0;229.0;163.0;98.0;1104.0;1226.0;216
3746;Culemborg;2012;27637;7190;16579;3868;21527;2343;916;1427;3767;1974;1793;355;172;183;118;61;57;450;201;249;1866;860;1006;978;680;298;304.0;222.0;157.0;81.0;1089.0;1223.0;216
3747;Culemborg;2013;27659;7118;16464;4077;21491;2376;947;1429;3792;1953;1839;371;175;196;122;61;61;456;203;253;1827;825;1002;1016;689;327;295.0;231.0;165.0;83.0;1112.0;1232.0;216
3748;Culemborg;2014;27683;7053;16428;4202;21448;2393;975;1418;3842;1984;1858;385;179;206;130;69;61;454;199;255;1816;823;993;1057;714;343;311.0;247.0;168.0;95.0;1099.0;1225.0;216
3749;Culemborg;2015;27698;6992;16406;4300;21426;2408;989;1419;3864;1979;1885;379;176;203;131;70;61;470;203;267;1806;816;990;1078;714;364;295.0;233.0;165.0;99.0;1109.0;1219.0;216
3750;Culemborg;2016;27718;6938;16328;4452;21412;2412;1010;1402;3894;1976;1918;397;177;220;132;68;64;468;202;266;1802;817;985;1095;712;383;316.0;248.0;172.0;90.0;1090.0;1234.0;216
3751;Culemborg;2017;27728;6863;16254;4611;21385;2438;1038;1400;3905;1957;1948;384;164;220;138;69;69;473;202;271;1784;805;979;1126;717;409;279.0;264.0;161.0;90.0;1113.0;1208.0;216
3752;Culemborg;2018;27721;6789;16168;4764;21325;2447;1058;1389;3949;1969;1980;387;162;225;142;70;72;476;203;273;1777;800;977;1167;734;433;303.0;257.0;148.0;96.0;1123.0;1217.0;216
3753;Culemborg;2019;27723;6707;16136;4880;21277;2463;1078;1385;3983;1994;1989;394;161;233;138;72;66;479;203;276;1758;796;962;1214;762;452;298.0;267.0;161.0;101.0;1126.0;1227.0;216
3754;Culemborg;2020;27718;6649;16041;5028;21249;2465;1096;1369;4004;1999;2005;402;163;239;138;69;69;478;205;273;1718;775;943;1268;787;481;315.0;266.0;145.0;92.0;1113.0;1220.0;216
3755;Culemborg;2021;27713;6577;15962;5174;21173;2505;1133;1372;4035;2007;2028;402;159;243;138;70;68;481;204;277;1689;760;929;1325;814;511;293.0;279.0;146.0;95.0;1146.0;1227.0;216
3756;Culemborg;2022;27700;6447;15934;5319;21140;2528;1159;1369;4032;2002;2030;390;153;237;143;72;71;486;200;286;1669;748;921;1344;829;515;320.0;276.0;142.0;68.0;1140.0;1243.0;216
3757;Culemborg;2023;27716;6424;15847;5445;21126;2514;1155;1359;4076;2026;2050;387;148;239;150;74;76;492;202;290;1654;744;910;1393;858;535;319.0;288.0;174.0;74.0;1088.0;1227.0;216
3758;Culemborg;2024;27709;6368;15766;5575;21064;2572;1192;1380;4073;2013;2060;390;146;244;149;76;73;496;202;294;1616;722;894;1422;867;555;290.0;296.0;150.0;83.0;1168.0;1227.0;216
3759;Culemborg;2025;27712;6309;15689;5714;21023;2597;1221;1376;4092;2028;2064;388;142;246;151;77;74;503;204;299;1594;717;877;1456;888;568;;;;;;;216
3760;Dalfsen;2006;26223;7134;15249;3840;25172;674;216;458;377;237;140;28;13;15;21;15;6;14;7;7;14;5;9;300;197;103;301.0;197.0;30.0;56.0;854.0;944.0;148
3761;Dalfsen;2007;26213;7029;15295;3889;25108;699;221;478;406;259;147;29;13;16;27;18;9;16;7;9;15;5;10;319;216;103;298.0;196.0;30.0;53.0;818.0;957.0;148
3762;Dalfsen;2008;26160;6898;15271;3991;24998;723;218;505;439;286;153;34;14;20;34;23;11;18;8;10;18;8;10;335;233;102;280.0;202.0;37.0;62.0;833.0;961.0;148
3763;Dalfsen;2009;26088;6782;15202;4104;24870;752;229;523;466;295;171;34;15;19;36;23;13;20;9;11;23;11;12;353;237;116;280.0;203.0;36.0;51.0;828.0;960.0;148
3764;Dalfsen;2010;26019;6678;15150;4191;24734;787;246;541;498;308;190;44;20;24;41;26;15;27;13;14;26;14;12;360;235;125;282.0;212.0;28.0;58.0;830.0;959.0;148
3765;Dalfsen;2011;25934;6543;15110;4281;24583;810;255;555;541;338;203;52;23;29;43;29;14;27;11;16;27;17;10;392;258;134;277.0;209.0;26.0;60.0;855.0;967.0;148
3766;Dalfsen;2012;25856;6433;14990;4433;24455;829;269;560;572;357;215;56;24;32;47;31;16;33;12;21;27;18;9;409;272;137;270.0;218.0;40.0;45.0;844.0;975.0;148
3767;Dalfsen;2013;25776;6307;14892;4577;24313;860;277;583;603;381;222;55;23;32;51;36;15;38;13;25;30;18;12;429;291;138;287.0;223.0;37.0;50.0;825.0;966.0;148
3768;Dalfsen;2014;25696;6202;14837;4657;24182;872;277;595;642;405;237;56;22;34;53;36;17;47;16;31;31;18;13;455;313;142;315.0;226.0;36.0;51.0;830.0;979.0;148
3769;Dalfsen;2015;25624;6132;14761;4731;24054;895;285;610;675;419;256;64;27;37;55;36;19;54;19;35;33;17;16;469;320;149;296.0;231.0;38.0;40.0;840.0;974.0;148
3770;Dalfsen;2016;25556;6050;14702;4804;23948;907;291;616;701;425;276;65;28;37;60;39;21;63;21;42;33;16;17;480;321;159;288.0;216.0;24.0;45.0;830.0;963.0;148
3771;Dalfsen;2017;25480;6014;14590;4876;23828;914;293;621;738;454;284;72;27;45;68;44;24;67;21;46;34;19;15;497;343;154;300.0;234.0;34.0;51.0;847.0;969.0;148
3772;Dalfsen;2018;25406;5960;14510;4936;23702;950;301;649;754;458;296;75;28;47;76;51;25;67;21;46;38;19;19;498;339;159;328.0;237.0;35.0;64.0;832.0;960.0;148
3773;Dalfsen;2019;25341;5946;14409;4986;23571;965;303;662;805;493;312;81;30;51;80;55;25;76;24;52;40;20;20;528;364;164;325.0;236.0;23.0;53.0;828.0;961.0;148
3774;Dalfsen;2020;25269;5917;14285;5067;23466;989;313;676;814;499;315;82;30;52;78;54;24;80;26;54;38;18;20;536;371;165;325.0;241.0;33.0;56.0;835.0;960.0;148
3775;Dalfsen;2021;25207;5863;14184;5160;23344;1013;318;695;850;515;335;86;33;53;85;59;26;86;26;60;37;16;21;556;381;175;325.0;243.0;22.0;43.0;839.0;964.0;148
3776;Dalfsen;2022;25142;5822;14093;5227;23207;1056;331;725;879;536;343;94;39;55;90;62;28;89;26;63;40;18;22;566;391;175;315.0;235.0;29.0;53.0;828.0;953.0;148
3777;Dalfsen;2023;25078;5774;13978;5326;23109;1069;336;733;900;549;351;99;41;58;91;64;27;90;27;63;40;16;24;580;401;179;320.0;244.0;36.0;69.0;832.0;954.0;148
3778;Dalfsen;2024;25003;5746;13828;5429;22985;1086;349;737;932;572;360;103;43;60;94;68;26;95;28;67;43;17;26;597;416;181;324.0;248.0;38.0;59.0;822.0;942.0;148
3779;Dalfsen;2025;24944;5765;13667;5512;22843;1121;360;761;980;599;381;111;43;68;96;71;25;98;29;69;50;18;32;625;438;187;;;;;;;148
3780;Dantumadeel;2006;19749;5335;11486;2928;19083;426;147;279;240;160;80;22;9;13;18;9;9;6;2;4;9;4;5;185;136;49;233.0;195.0;27.0;32.0;465.0;540.0;65
3781;Dantumadeel;2007;19709;5248;11534;2927;19001;462;157;305;246;161;85;23;10;13;18;8;10;6;2;4;10;5;5;189;136;53;216.0;186.0;38.0;21.0;447.0;548.0;65
3782;Dantumadeel;2008;19654;5163;11524;2967;18904;479;168;311;271;177;94;25;10;15;20;9;11;6;2;4;10;5;5;210;151;59;231.0;180.0;42.0;28.0;429.0;548.0;65
3783;Dantumadeel;2009;19602;5066;11524;3012;18805;511;180;331;286;191;95;28;12;16;24;12;12;6;3;3;11;5;6;217;159;58;230.0;184.0;30.0;31.0;441.0;549.0;65
3784;Dantumadeel;2010;19540;4964;11515;3061;18709;527;186;341;304;199;105;28;12;16;26;13;13;9;4;5;11;5;6;230;165;65;211.0;186.0;41.0;31.0;462.0;556.0;65
3785;Dantumadeel;2011;19481;4882;11495;3104;18615;553;198;355;313;209;104;29;14;15;33;20;13;9;4;5;11;5;6;231;166;65;233.0;196.0;47.0;21.0;424.0;546.0;65
3786;Dantumadeel;2012;19427;4806;11448;3173;18520;572;199;373;335;227;108;32;16;16;36;23;13;10;4;6;11;5;6;246;179;67;233.0;191.0;33.0;29.0;446.0;554.0;65
3787;Dantumadeel;2013;19368;4727;11385;3256;18413;598;211;387;357;241;116;28;14;14;40;25;15;11;4;7;11;5;6;267;193;74;235.0;190.0;39.0;33.0;447.0;549.0;65
3788;Dantumadeel;2014;19321;4685;11300;3336;18329;620;225;395;372;253;119;31;14;17;39;26;13;12;5;7;11;5;6;279;203;76;231.0;187.0;40.0;29.0;435.0;540.0;65
3789;Dantumadeel;2015;19271;4633;11233;3405;18238;649;240;409;384;263;121;32;16;16;37;25;12;14;5;9;14;7;7;287;210;77;266.0;199.0;39.0;39.0;429.0;540.0;65
3790;Dantumadeel;2016;19229;4632;11144;3453;18156;678;253;425;395;268;127;34;17;17;38;23;15;17;5;12;13;6;7;293;217;76;244.0;186.0;40.0;28.0;427.0;538.0;65
3791;Dantumadeel;2017;19188;4626;11070;3492;18062;712;268;444;414;278;136;36;17;19;40;25;15;19;5;14;12;6;6;307;225;82;262.0;188.0;33.0;27.0;424.0;536.0;65
3792;Dantumadeel;2018;19156;4617;10977;3562;17992;732;279;453;432;293;139;39;20;19;39;25;14;21;6;15;12;6;6;321;236;85;251.0;195.0;33.0;19.0;427.0;538.0;65
3793;Dantumadeel;2019;19117;4593;10899;3625;17916;759;288;471;442;300;142;39;20;19;41;28;13;22;6;16;15;6;9;325;240;85;253.0;195.0;47.0;27.0;417.0;531.0;65
3794;Dantumadeel;2020;19079;4592;10809;3678;17824;796;302;494;459;303;156;39;19;20;40;28;12;26;8;18;14;6;8;340;242;98;255.0;195.0;35.0;29.0;415.0;529.0;65
3795;Dantumadeel;2021;19031;4567;10725;3739;17736;811;315;496;484;319;165;42;22;20;50;35;15;27;8;19;15;7;8;350;247;103;256.0;204.0;45.0;32.0;416.0;526.0;65
3796;Dantumadeel;2022;18990;4577;10618;3795;17655;829;320;509;506;332;174;41;22;19;56;39;17;30;10;20;14;7;7;365;254;111;267.0;213.0;43.0;30.0;420.0;518.0;65
3797;Dantumadeel;2023;18961;4603;10528;3830;17575;855;333;522;531;349;182;42;21;21;59;41;18;31;11;20;13;6;7;386;270;116;258.0;202.0;49.0;15.0;407.0;523.0;65
3798;Dantumadeel;2024;18935;4628;10429;3878;17495;881;346;535;559;365;194;46;22;24;66;46;20;30;11;19;14;6;8;403;280;123;262.0;204.0;38.0;31.0;422.0;518.0;65
3799;Dantumadeel;2025;18903;4653;10318;3932;17424;894;358;536;585;383;202;51;25;26;70;49;21;31;12;19;15;7;8;418;290;128;;;;;;;65
3800;Delft;2006;95371;19860;62853;12658;69269;10887;5560;5327;15215;9907;5308;2638;1443;1195;1384;887;497;2382;1339;1043;1295;674;621;7517;5560;1957;996.0;773.0;1627.0;1707.0;5164.0;5278.0;503
3801;Delft;2007;95403;20189;62509;12705;68733;10970;5575;5395;15700;9906;5794;2818;1484;1334;1418;881;537;2426;1336;1090;1375;697;678;7664;5504;2160;1011.0;788.0;1682.0;1661.0;4998.0;5175.0;503
3802;Delft;2008;95484;20483;62324;12677;68271;11065;5627;5438;16148;9898;6250;2976;1534;1442;1431;863;568;2488;1334;1154;1441;708;733;7811;5452;2359;1043.0;769.0;1713.0;1658.0;4855.0;5072.0;503
3803;Delft;2009;95598;20773;61999;12826;67802;11184;5693;5491;16612;9897;6715;3126;1575;1551;1478;876;602;2558;1338;1220;1504;722;782;7945;5380;2565;1029.0;793.0;1762.0;1653.0;4764.0;4997.0;503
3804;Delft;2010;95718;21025;61685;13008;67370;11299;5783;5516;17049;9914;7135;3253;1596;1657;1513;895;618;2627;1359;1268;1571;725;846;8085;5332;2753;1031.0;797.0;1803.0;1620.0;4661.0;4933.0;503
3805;Delft;2011;95867;21266;61546;13055;66943;11476;5918;5558;17448;9937;7511;3364;1624;1740;1548;910;638;2681;1379;1302;1653;740;913;8202;5275;2927;1021.0;788.0;1835.0;1696.0;4681.0;4885.0;503
3806;Delft;2012;96038;21437;61038;13563;66531;11632;6011;5621;17875;9984;7891;3448;1641;1807;1601;935;666;2773;1417;1356;1734;772;962;8319;5210;3109;1050.0;807.0;1830.0;1652.0;4639.0;4840.0;503
3807;Delft;2013;96262;21495;60701;14066;66203;11829;6173;5656;18230;9974;8256;3539;1646;1893;1618;942;676;2839;1441;1398;1792;766;1026;8442;5168;3274;1024.0;787.0;1844.0;1633.0;4584.0;4817.0;503
3808;Delft;2014;96479;21633;60373;14473;65832;12015;6306;5709;18632;10021;8611;3640;1675;1965;1654;957;697;2904;1465;1439;1868;776;1092;8567;5137;3430;1035.0;783.0;1827.0;1610.0;4531.0;4787.0;503
3809;Delft;2015;96696;21715;60165;14816;65444;12218;6462;5756;19034;10047;8987;3736;1705;2031;1668;943;725;2982;1504;1478;1934;791;1143;8713;5090;3623;1025.0;798.0;1865.0;1615.0;4534.0;4786.0;503
3810;Delft;2016;96919;21769;60010;15140;65094;12417;6612;5805;19408;10125;9283;3792;1728;2064;1708;956;752;3068;1538;1530;1983;809;1174;8857;5080;3777;1000.0;816.0;1888.0;1625.0;4591.0;4785.0;503
3811;Delft;2017;97172;21905;59857;15410;64787;12577;6739;5838;19808;10204;9604;3838;1729;2109;1747;979;768;3154;1573;1581;2051;823;1228;9018;5086;3932;998.0;817.0;1920.0;1624.0;4578.0;4794.0;503
3812;Delft;2018;97445;21939;59741;15765;64447;12820;6880;5940;20178;10261;9917;3910;1749;2161;1786;986;800;3215;1611;1604;2123;834;1289;9144;5066;4078;999.0;813.0;1926.0;1675.0;4647.0;4815.0;503
3813;Delft;2019;97724;21980;59681;16063;64100;13065;7029;6036;20559;10327;10232;3960;1763;2197;1804;993;811;3331;1670;1661;2172;840;1332;9291;5045;4246;991.0;813.0;1952.0;1605.0;4569.0;4831.0;503
3814;Delft;2020;97989;21970;59647;16372;63822;13274;7216;6058;20893;10342;10551;4003;1771;2232;1830;992;838;3418;1702;1716;2252;852;1400;9390;5009;4381;944.0;817.0;1981.0;1638.0;4670.0;4843.0;503
3815;Delft;2021;98283;21852;59732;16699;63504;13494;7388;6106;21285;10432;10853;4073;1793;2280;1831;995;836;3516;1743;1773;2322;865;1457;9545;5020;4525;997.0;829.0;1944.0;1631.0;4651.0;4855.0;503
3816;Delft;2022;98564;21764;59713;17087;63201;13730;7539;6191;21633;10514;11119;4108;1800;2308;1869;1019;850;3610;1781;1829;2360;877;1483;9687;5021;4666;1006.0;846.0;1917.0;1647.0;4723.0;4862.0;503
3817;Delft;2023;98858;21649;59787;17422;62966;13919;7632;6287;21973;10565;11408;4112;1791;2321;1889;1017;872;3671;1801;1870;2417;882;1535;9885;5058;4827;1030.0;856.0;1930.0;1613.0;4662.0;4878.0;503
3818;Delft;2024;99132;21528;59850;17754;62652;14153;7760;6393;22327;10590;11737;4131;1791;2340;1906;1002;904;3778;1833;1945;2471;876;1595;10040;5066;4974;1022.0;873.0;1894.0;1560.0;4669.0;4881.0;503
3819;Delft;2025;99394;21473;59798;18123;62370;14382;7902;6480;22642;10637;12005;4144;1793;2351;1935;1003;932;3840;1843;1997;2523;896;1627;10200;5078;5122;;;;;;;503
3820;Delfzijl;2006;28441;6514;16924;5003;23787;2226;951;1275;2428;1591;837;339;202;137;512;348;164;678;370;308;31;18;13;868;653;215;264.0;309.0;116.0;114.0;1030.0;1166.0;10
3821;Delfzijl;2007;28264;6443;16738;5083;23646;2226;953;1273;2392;1546;846;328;192;136;493;326;167;657;359;298;31;18;13;883;651;232;278.0;309.0;106.0;116.0;980.0;1162.0;10
3822;Delfzijl;2008;28043;6338;16559;5146;23459;2238;961;1277;2346;1490;856;322;191;131;476;307;169;655;354;301;33;18;15;860;620;240;272.0;310.0;129.0;102.0;912.0;1151.0;10
3823;Delfzijl;2009;27794;6248;16312;5234;23274;2223;964;1259;2297;1457;840;317;190;127;444;295;149;654;350;304;37;19;18;845;603;242;267.0;317.0;139.0;105.0;926.0;1135.0;10
3824;Delfzijl;2010;27570;6161;16061;5348;23088;2199;963;1236;2283;1434;849;308;181;127;434;288;146;645;344;301;43;21;22;853;600;253;259.0;311.0;131.0;112.0;935.0;1128.0;10
3825;Delfzijl;2011;27346;6027;15905;5414;22894;2207;975;1232;2245;1400;845;302;180;122;418;275;143;633;339;294;43;20;23;849;586;263;251.0;316.0;123.0;96.0;941.0;1117.0;10
3826;Delfzijl;2012;27131;5937;15636;5558;22708;2233;997;1236;2190;1368;822;293;175;118;392;258;134;625;333;292;42;20;22;838;582;256;260.0;311.0;143.0;108.0;901.0;1097.0;10
3827;Delfzijl;2013;26920;5869;15367;5684;22493;2239;1000;1239;2188;1368;820;294;176;118;385;254;131;612;330;282;41;19;22;856;589;267;259.0;333.0;133.0;94.0;937.0;1093.0;10
3828;Delfzijl;2014;26728;5790;15180;5758;22343;2218;1000;1218;2167;1345;822;287;173;114;373;241;132;599;325;274;40;17;23;868;589;279;269.0;327.0;148.0;101.0;915.0;1079.0;10
3829;Delfzijl;2015;26555;5736;14987;5832;22168;2232;1022;1210;2155;1324;831;285;169;116;364;226;138;592;327;265;44;18;26;870;584;286;258.0;323.0;153.0;92.0;910.0;1083.0;10
3830;Delfzijl;2016;26379;5664;14866;5849;22002;2243;1047;1196;2134;1313;821;283;171;112;344;212;132;576;320;256;45;19;26;886;591;295;262.0;328.0;122.0;91.0;931.0;1069.0;10
3831;Delfzijl;2017;26208;5614;14705;5889;21845;2257;1067;1190;2106;1287;819;284;171;113;340;211;129;566;313;253;44;19;25;872;573;299;257.0;328.0;118.0;92.0;946.0;1058.0;10
3832;Delfzijl;2018;26050;5534;14559;5957;21673;2259;1070;1189;2118;1297;821;281;172;109;341;218;123;561;310;251;50;19;31;885;578;307;249.0;325.0;106.0;77.0;931.0;1041.0;10
3833;Delfzijl;2019;25891;5462;14400;6029;21516;2252;1082;1170;2123;1297;826;284;175;109;336;209;127;552;303;249;55;20;35;896;590;306;259.0;330.0;112.0;106.0;943.0;1034.0;10
3834;Delfzijl;2020;25736;5456;14224;6056;21357;2270;1085;1185;2109;1288;821;281;174;107;331;211;120;547;293;254;58;20;38;892;590;302;263.0;340.0;119.0;88.0;921.0;1023.0;10
3835;Delfzijl;2021;25592;5459;14027;6106;21193;2311;1103;1208;2088;1267;821;282;172;110;328;209;119;540;288;252;57;18;39;881;580;301;251.0;333.0;122.0;92.0;939.0;1018.0;10
3836;Delfzijl;2022;25463;5470;13847;6146;21032;2326;1116;1210;2105;1284;821;263;158;105;330;214;116;538;287;251;55;17;38;919;608;311;253.0;336.0;138.0;85.0;929.0;1018.0;10
3837;Delfzijl;2023;25344;5464;13710;6170;20880;2368;1147;1221;2096;1288;808;263;156;107;337;221;116;530;283;247;58;20;38;908;608;300;248.0;331.0;136.0;84.0;943.0;1014.0;10
3838;Delfzijl;2024;25243;5466;13598;6179;20742;2384;1175;1209;2117;1315;802;267;160;107;350;230;120;507;270;237;63;23;40;930;632;298;236.0;337.0;123.0;89.0;974.0;1019.0;10
3839;Delfzijl;2025;25133;5430;13477;6226;20596;2395;1187;1208;2142;1334;808;269;162;107;353;236;117;498;261;237;65;25;40;957;650;307;;;;;;;10
3840;Deurne;2006;31783;7952;19343;4488;29513;1465;521;944;805;472;333;156;93;63;57;24;33;24;13;11;196;85;111;372;257;115;294.0;249.0;52.0;129.0;945.0;991.0;762
3841;Deurne;2007;31706;7737;19413;4556;29437;1472;523;949;797;460;337;155;92;63;57;25;32;25;13;12;194;84;110;366;246;120;287.0;260.0;65.0;142.0;951.0;977.0;762
3842;Deurne;2008;31630;7546;19447;4637;29325;1494;529;965;811;476;335;154;92;62;55;24;31;25;13;12;196;86;110;381;261;120;290.0;262.0;52.0;131.0;959.0;974.0;762
3843;Deurne;2009;31567;7399;19434;4734;29252;1510;541;969;805;469;336;148;87;61;56;27;29;24;13;11;196;87;109;381;255;126;287.0;271.0;57.0;128.0;948.0;985.0;762
3844;Deurne;2010;31478;7255;19401;4822;29182;1497;541;956;799;454;345;145;84;61;57;28;29;29;14;15;198;89;109;370;239;131;287.0;279.0;65.0;119.0;935.0;969.0;762
3845;Deurne;2011;31399;7097;19391;4911;29069;1505;547;958;825;469;356;144;84;60;56;28;28;33;16;17;200;88;112;392;253;139;287.0;289.0;58.0;102.0;926.0;969.0;762
3846;Deurne;2012;31313;6963;19295;5055;28940;1532;555;977;841;487;354;144;85;59;60;32;28;39;19;20;199;89;110;399;262;137;302.0;287.0;52.0;120.0;948.0;985.0;762
3847;Deurne;2013;31226;6810;19181;5235;28807;1570;578;992;849;487;362;139;81;58;63;33;30;42;20;22;199;88;111;406;265;141;305.0;278.0;56.0;119.0;924.0;971.0;762
3848;Deurne;2014;31144;6663;19034;5447;28700;1579;588;991;865;497;368;141;82;59;70;42;28;42;20;22;200;85;115;412;268;144;297.0;299.0;51.0;110.0;945.0;981.0;762
3849;Deurne;2015;31047;6472;18952;5623;28605;1566;584;982;876;496;380;141;81;60;67;40;27;43;19;24;205;86;119;420;270;150;305.0;301.0;47.0;130.0;942.0;968.0;762
3850;Deurne;2016;30944;6386;18761;5797;28491;1557;577;980;896;503;393;141;78;63;72;43;29;48;22;26;204;83;121;431;277;154;307.0;314.0;57.0;129.0;947.0;959.0;762
3851;Deurne;2017;30849;6261;18673;5915;28393;1536;553;983;920;514;406;141;79;62;78;46;32;55;24;31;207;83;124;439;282;157;331.0;314.0;55.0;123.0;915.0;961.0;762
3852;Deurne;2018;30754;6182;18493;6079;28282;1538;551;987;934;514;420;148;79;69;78;45;33;59;25;34;207;84;123;442;281;161;308.0;334.0;42.0;110.0;948.0;953.0;762
3853;Deurne;2019;30656;6122;18313;6221;28165;1523;552;971;968;535;433;149;78;71;77;46;31;64;27;37;208;84;124;470;300;170;318.0;337.0;48.0;111.0;930.0;956.0;762
3854;Deurne;2020;30547;6013;18177;6357;28060;1509;569;940;978;538;440;147;77;70;79;47;32;66;24;42;208;83;125;478;307;171;335.0;332.0;35.0;117.0;926.0;946.0;762
3855;Deurne;2021;30447;5964;17996;6487;27976;1487;567;920;984;533;451;139;71;68;78;45;33;69;23;46;212;83;129;486;311;175;335.0;345.0;39.0;110.0;926.0;929.0;762
3856;Deurne;2022;30362;5962;17801;6599;27873;1498;574;924;991;526;465;140;70;70;80;46;34;74;23;51;215;84;131;482;303;179;339.0;339.0;53.0;114.0;900.0;927.0;762
3857;Deurne;2023;30274;5972;17573;6729;27748;1524;595;929;1002;522;480;138;67;71;84;47;37;77;24;53;216;84;132;487;300;187;357.0;348.0;51.0;99.0;862.0;916.0;762
3858;Deurne;2024;30186;6037;17300;6849;27652;1529;600;929;1005;525;480;135;66;69;85;48;37;79;26;53;214;80;134;492;305;187;332.0;347.0;40.0;106.0;899.0;897.0;762
3859;Deurne;2025;30109;6057;17052;7000;27550;1547;612;935;1012;530;482;140;71;69;85;48;37;83;28;55;211;79;132;493;304;189;;;;;;;762
3860;Deventer;2006;96670;23756;59465;13449;76076;8521;3585;4936;12073;7379;4694;715;367;348;486;274;212;6413;3423;2990;349;168;181;4110;3147;963;1278.0;888.0;1058.0;638.0;3177.0;3227.0;150
3861;Deventer;2007;97438;24074;59837;13527;76347;8686;3733;4953;12405;7457;4948;745;377;368;510;284;226;6497;3455;3042;384;184;200;4269;3157;1112;1268.0;884.0;1127.0;640.0;3487.0;3219.0;150
3862;Deventer;2008;98582;24438;60484;13660;76937;8894;3918;4976;12751;7543;5208;779;388;391;534;305;229;6599;3484;3115;404;191;213;4435;3175;1260;1266.0;891.0;1183.0;675.0;3633.0;3234.0;150
3863;Deventer;2009;99868;24829;61207;13832;77520;9198;4163;5035;13150;7673;5477;817;411;406;557;327;230;6705;3521;3184;443;200;243;4628;3214;1414;1258.0;907.0;1241.0;677.0;3527.0;3255.0;150
3864;Deventer;2010;101054;25190;61777;14087;77970;9535;4428;5107;13549;7798;5751;848;424;424;606;364;242;6813;3541;3272;471;208;263;4811;3261;1550;1268.0;895.0;1285.0;732.0;3550.0;3288.0;150
3865;Deventer;2011;102248;25440;62528;14280;78485;9865;4711;5154;13898;7891;6007;871;437;434;634;380;254;6929;3584;3345;493;209;284;4971;3281;1690;1300.0;914.0;1359.0;741.0;3492.0;3323.0;150
3866;Deventer;2012;103427;25692;62877;14858;78909;10256;5052;5204;14262;7983;6279;904;450;454;665;407;258;7024;3595;3429;521;213;308;5148;3318;1830;1276.0;941.0;1372.0;734.0;3552.0;3355.0;150
3867;Deventer;2013;104600;25933;63273;15394;79377;10609;5340;5269;14614;8074;6540;947;477;470;696;420;276;7085;3615;3470;544;221;323;5342;3341;2001;1305.0;943.0;1404.0;777.0;3541.0;3395.0;150
3868;Deventer;2014;105742;26149;63814;15779;79754;11030;5656;5374;14958;8167;6791;984;484;500;702;424;278;7135;3625;3510;569;234;335;5568;3400;2168;1276.0;944.0;1393.0;780.0;3563.0;3413.0;150
3869;Deventer;2015;106847;26331;64378;16138;80139;11385;5917;5468;15323;8276;7047;1007;493;514;730;439;291;7195;3645;3550;617;252;365;5774;3447;2327;1301.0;965.0;1368.0;792.0;3550.0;3451.0;150
3870;Deventer;2016;107867;26544;64820;16503;80382;11805;6212;5593;15680;8361;7319;1010;487;523;759;453;306;7268;3670;3598;642;261;381;6001;3490;2511;1292.0;964.0;1361.0;820.0;3624.0;3483.0;150
3871;Deventer;2017;108891;26750;65228;16913;80614;12189;6483;5706;16088;8525;7563;1034;493;541;779;459;320;7338;3688;3650;684;275;409;6253;3610;2643;1271.0;1005.0;1369.0;804.0;3660.0;3509.0;150
3872;Deventer;2018;109884;26897;65677;17310;80874;12516;6735;5781;16494;8715;7779;1069;514;555;823;491;332;7388;3719;3669;712;281;431;6502;3710;2792;1314.0;997.0;1348.0;843.0;3654.0;3548.0;150
3873;Deventer;2019;110822;27014;66101;17707;81137;12824;6919;5905;16861;8856;8005;1102;525;577;858;524;334;7425;3736;3689;745;294;451;6731;3777;2954;1273.0;1024.0;1256.0;851.0;3766.0;3566.0;150
3874;Deventer;2020;111689;27063;66558;18068;81449;13138;7109;6029;17102;8917;8185;1131;542;589;871;537;334;7441;3733;3708;773;295;478;6886;3810;3076;1325.0;1023.0;1218.0;807.0;3724.0;3600.0;150
3875;Deventer;2021;112535;27089;66945;18501;81778;13368;7224;6144;17389;8988;8401;1166;555;611;879;540;339;7460;3723;3737;802;302;500;7082;3868;3214;1352.0;1030.0;1168.0;832.0;3770.0;3628.0;150
3876;Deventer;2022;113344;27154;67248;18942;82169;13546;7336;6210;17629;9022;8607;1211;578;633;906;548;358;7463;3706;3757;831;305;526;7218;3885;3333;1356.0;1081.0;1095.0;828.0;3817.0;3642.0;150
3877;Deventer;2023;114071;27090;67603;19378;82507;13743;7413;6330;17821;9050;8771;1233;597;636;895;538;357;7491;3692;3799;858;316;542;7344;3907;3437;1334.0;1095.0;1028.0;789.0;3842.0;3650.0;150
3878;Deventer;2024;114745;27110;67710;19925;82834;13938;7504;6434;17973;9030;8943;1263;594;669;907;548;359;7512;3674;3838;897;322;575;7394;3892;3502;1385.0;1094.0;1010.0;854.0;3838.0;3659.0;150
3879;Deventer;2025;115381;27163;67804;20414;83200;14006;7477;6529;18175;9054;9121;1286;601;685;922;551;371;7508;3665;3843;940;328;612;7519;3909;3610;;;;;;;150
3880;Diemen;2006;23708;5736;14909;3063;15402;2783;1294;1489;5523;3172;2351;2100;1073;1027;437;273;164;475;287;188;461;223;238;2050;1316;734;235.0;164.0;255.0;295.0;1448.0;1681.0;384
3881;Diemen;2007;23508;5742;14715;3051;15090;2820;1296;1524;5598;3065;2533;2167;1050;1117;411;245;166;461;270;191;485;217;268;2074;1283;791;226.0;173.0;241.0;288.0;1482.0;1659.0;384
3882;Diemen;2008;23338;5745;14527;3066;14847;2826;1284;1542;5665;2966;2699;2207;1007;1200;390;224;166;456;255;201;505;215;290;2107;1265;842;214.0;166.0;263.0;296.0;1423.0;1619.0;384
3883;Diemen;2009;23157;5725;14302;3130;14605;2847;1285;1562;5705;2876;2829;2228;975;1253;370;206;164;452;248;204;520;212;308;2135;1235;900;229.0;156.0;262.0;272.0;1350.0;1615.0;384
3884;Diemen;2010;22956;5694;14108;3154;14356;2860;1300;1560;5740;2805;2935;2241;949;1292;354;196;158;448;240;208;544;213;331;2153;1207;946;209.0;171.0;293.0;286.0;1351.0;1610.0;384
3885;Diemen;2011;22743;5634;13961;3148;14124;2871;1310;1561;5748;2705;3043;2226;905;1321;342;183;159;438;233;205;565;204;361;2177;1180;997;225.0;168.0;232.0;253.0;1343.0;1575.0;384
3886;Diemen;2012;22547;5584;13719;3244;13882;2883;1329;1554;5782;2625;3157;2238;884;1354;353;173;180;433;228;205;585;201;384;2173;1139;1034;200.0;154.0;229.0;232.0;1338.0;1560.0;384
3887;Diemen;2013;22370;5524;13493;3353;13676;2922;1351;1571;5772;2530;3242;2209;843;1366;355;167;188;420;218;202;599;189;410;2189;1113;1076;211.0;167.0;212.0;251.0;1344.0;1523.0;384
3888;Diemen;2014;22200;5494;13297;3409;13457;2955;1367;1588;5788;2459;3329;2211;819;1392;365;166;199;406;210;196;622;184;438;2184;1080;1104;206.0;163.0;237.0;238.0;1293.0;1523.0;384
3889;Diemen;2015;22014;5428;13112;3474;13237;2968;1373;1595;5809;2397;3412;2199;788;1411;364;156;208;397;203;194;643;181;462;2206;1069;1137;186.0;163.0;241.0;247.0;1353.0;1524.0;384
3890;Diemen;2016;21860;5373;12940;3547;13025;2995;1377;1618;5840;2355;3485;2197;767;1430;356;150;206;389;200;189;665;181;484;2233;1057;1176;202.0;161.0;240.0;207.0;1295.0;1516.0;384
3891;Diemen;2017;21712;5364;12743;3605;12822;3061;1411;1650;5829;2302;3527;2184;751;1433;350;145;205;401;198;203;668;172;496;2226;1036;1190;211.0;161.0;238.0;258.0;1306.0;1482.0;384
3892;Diemen;2018;21566;5307;12568;3691;12627;3106;1426;1680;5833;2271;3562;2166;737;1429;361;146;215;397;200;197;675;171;504;2234;1017;1217;176.0;184.0;236.0;218.0;1351.0;1498.0;384
3893;Diemen;2019;21429;5207;12455;3767;12411;3162;1439;1723;5856;2241;3615;2164;731;1433;372;146;226;386;192;194;693;171;522;2241;1001;1240;189.0;165.0;224.0;212.0;1352.0;1503.0;384
3894;Diemen;2020;21313;5152;12325;3836;12254;3204;1464;1740;5855;2180;3675;2150;696;1454;377;147;230;365;183;182;696;168;528;2267;986;1281;186.0;180.0;234.0;210.0;1348.0;1510.0;384
3895;Diemen;2021;21184;5075;12216;3893;12081;3241;1479;1762;5862;2139;3723;2135;679;1456;380;142;238;357;176;181;705;167;538;2285;975;1310;174.0;173.0;222.0;220.0;1368.0;1473.0;384
3896;Diemen;2022;21085;4989;12142;3954;11898;3287;1501;1786;5900;2124;3776;2120;671;1449;378;139;239;343;170;173;726;169;557;2333;975;1358;171.0;173.0;221.0;215.0;1378.0;1493.0;384
3897;Diemen;2023;20974;4943;12074;3957;11751;3314;1518;1796;5909;2098;3811;2119;656;1463;378;136;242;333;164;169;737;169;568;2342;973;1369;186.0;179.0;213.0;188.0;1328.0;1475.0;384
3898;Diemen;2024;20866;4864;11968;4034;11599;3368;1564;1804;5899;2051;3848;2095;642;1453;387;133;254;327;162;165;744;163;581;2346;951;1395;185.0;172.0;231.0;180.0;1345.0;1489.0;384
3899;Diemen;2025;20790;4810;11890;4090;11466;3407;1609;1798;5917;2021;3896;2070;621;1449;400;140;260;309;145;164;757;159;598;2381;956;1425;;;;;;;384
3900;Dinkelland;2006;26121;7149;14788;4184;24124;1669;498;1171;328;200;128;15;6;9;20;8;12;101;54;47;3;1;2;189;131;58;276.0;232.0;16.0;84.0;571.0;602.0;1774
3901;Dinkelland;2007;26069;7036;14781;4252;24047;1672;498;1174;350;210;140;14;7;7;23;9;14;100;52;48;6;2;4;207;140;67;272.0;228.0;13.0;103.0;603.0;605.0;1774
3902;Dinkelland;2008;26026;6944;14758;4324;23970;1676;497;1179;380;227;153;16;8;8;22;9;13;103;52;51;9;3;6;230;155;75;281.0;249.0;10.0;93.0;605.0;610.0;1774
3903;Dinkelland;2009;25974;6829;14722;4423;23885;1691;495;1196;398;235;163;16;7;9;22;9;13;103;52;51;11;3;8;246;164;82;265.0;248.0;21.0;102.0;620.0;612.0;1774
3904;Dinkelland;2010;25923;6715;14705;4503;23827;1691;484;1207;405;235;170;18;9;9;22;8;14;103;52;51;13;4;9;249;162;87;279.0;264.0;13.0;83.0;613.0;617.0;1774
3905;Dinkelland;2011;25870;6619;14667;4584;23758;1690;489;1201;422;244;178;22;10;12;20;7;13;102;50;52;15;5;10;263;172;91;275.0;260.0;16.0;99.0;620.0;620.0;1774
3906;Dinkelland;2012;25809;6495;14615;4699;23686;1700;489;1211;423;248;175;25;12;13;22;10;12;100;49;51;19;6;13;257;171;86;281.0;266.0;15.0;96.0;631.0;625.0;1774
3907;Dinkelland;2013;25754;6364;14569;4821;23619;1693;491;1202;442;252;190;26;10;16;24;12;12;109;49;60;18;5;13;265;176;89;284.0;251.0;15.0;89.0;607.0;632.0;1774
3908;Dinkelland;2014;25691;6287;14480;4924;23538;1686;486;1200;467;269;198;31;13;18;24;15;9;113;49;64;18;5;13;281;187;94;286.0;273.0;15.0;91.0;621.0;621.0;1774
3909;Dinkelland;2015;25632;6184;14433;5015;23460;1693;488;1205;479;273;206;33;14;19;26;17;9;113;50;63;21;5;16;286;187;99;294.0;273.0;19.0;89.0;618.0;630.0;1774
3910;Dinkelland;2016;25576;6067;14379;5130;23381;1693;493;1200;502;284;218;33;14;19;25;16;9;113;50;63;27;8;19;304;196;108;321.0;265.0;19.0;105.0;604.0;634.0;1774
3911;Dinkelland;2017;25522;6007;14306;5209;23310;1695;487;1208;517;282;235;35;16;19;25;16;9;112;47;65;31;9;22;314;194;120;299.0;279.0;19.0;91.0;625.0;628.0;1774
3912;Dinkelland;2018;25472;5938;14216;5318;23261;1679;481;1198;532;286;246;42;18;24;26;16;10;113;48;65;31;8;23;320;196;124;319.0;285.0;14.0;89.0;611.0;620.0;1774
3913;Dinkelland;2019;25426;5912;14129;5385;23190;1681;483;1198;555;301;254;48;22;26;27;18;9;116;46;70;28;8;20;336;207;129;325.0;295.0;13.0;89.0;623.0;630.0;1774
3914;Dinkelland;2020;25380;5863;14055;5462;23114;1680;487;1193;586;315;271;52;26;26;31;21;10;115;47;68;34;10;24;354;211;143;331.0;285.0;12.0;87.0;611.0;624.0;1774
3915;Dinkelland;2021;25338;5826;13985;5527;23040;1684;493;1191;614;327;287;54;25;29;31;22;9;115;48;67;37;10;27;377;222;155;326.0;290.0;15.0;84.0;608.0;623.0;1774
3916;Dinkelland;2022;25297;5772;13885;5640;22954;1697;495;1202;646;350;296;54;27;27;38;26;12;115;48;67;36;9;27;403;240;163;319.0;285.0;9.0;90.0;629.0;626.0;1774
3917;Dinkelland;2023;25260;5751;13762;5747;22891;1699;499;1200;670;360;310;57;26;31;35;23;12;116;49;67;36;9;27;426;253;173;319.0;297.0;18.0;96.0;638.0;623.0;1774
3918;Dinkelland;2024;25219;5700;13663;5856;22821;1699;497;1202;699;380;319;58;27;31;35;23;12;115;50;65;40;10;30;451;270;181;340.0;304.0;16.0;102.0;627.0;617.0;1774
3919;Dinkelland;2025;25179;5720;13510;5949;22773;1694;502;1192;712;381;331;60;29;31;36;26;10;114;48;66;45;10;35;457;268;189;;;;;;;1774
3920;Dirksland;2006;8238;2265;4786;1187;7780;288;125;163;170;98;72;41;20;21;12;8;4;13;7;6;11;5;6;93;58;35;101.0;75.0;18.0;23.0;284.0;301.0;504
3921;Dirksland;2007;8246;2256;4775;1215;7729;311;130;181;206;119;87;50;22;28;13;9;4;17;10;7;14;7;7;112;71;41;98.0;82.0;13.0;17.0;273.0;294.0;504
3922;Dirksland;2008;8240;2248;4727;1265;7660;342;136;206;238;141;97;53;23;30;15;10;5;21;12;9;16;8;8;133;88;45;88.0;86.0;8.0;16.0;296.0;304.0;504
3923;Dirksland;2009;8225;2232;4666;1327;7584;375;140;235;266;153;113;59;25;34;20;13;7;24;13;11;17;8;9;146;94;52;88.0;89.0;20.0;21.0;283.0;294.0;504
3924;Dirksland;2010;8215;2210;4633;1372;7514;410;150;260;291;169;122;58;26;32;24;14;10;29;18;11;19;9;10;161;102;59;94.0;83.0;17.0;25.0;286.0;294.0;504
3925;Dirksland;2011;8213;2194;4600;1419;7452;446;167;279;315;177;138;64;26;38;30;19;11;31;19;12;22;9;13;168;104;64;95.0;89.0;13.0;27.0;290.0;301.0;504
3926;Dirksland;2012;8195;2175;4542;1478;7393;458;175;283;344;190;154;69;30;39;30;18;12;32;18;14;31;12;19;182;112;70;89.0;96.0;16.0;15.0;276.0;290.0;504
3927;Dirksland;2013;8177;2144;4521;1512;7328;475;183;292;374;204;170;78;34;44;32;18;14;32;18;14;30;10;20;202;124;78;65.0;90.0;28.0;16.0;294.0;287.0;504
3928;Dirksland;2014;8172;2097;4496;1579;7268;506;201;305;398;228;170;78;34;44;36;20;16;31;18;13;31;10;21;222;146;76;81.0;102.0;18.0;15.0;305.0;308.0;504
3929;Dirksland;2015;8153;2074;4443;1636;7210;540;211;329;403;229;174;75;32;43;38;20;18;33;18;15;31;10;21;226;149;77;81.0;89.0;14.0;29.0;296.0;293.0;504
3930;Dirksland;2016;8135;2012;4451;1672;7153;559;229;330;423;236;187;80;32;48;41;21;20;37;20;17;33;11;22;232;152;80;95.0;94.0;15.0;26.0;286.0;290.0;504
3931;Dirksland;2017;8120;2012;4390;1718;7088;599;242;357;433;244;189;84;34;50;39;21;18;38;20;18;35;13;22;237;156;81;88.0;92.0;13.0;26.0;295.0;293.0;504
3932;Dirksland;2018;8108;1983;4352;1773;7025;619;249;370;464;260;204;85;35;50;45;23;22;42;21;21;38;14;24;254;167;87;91.0;96.0;18.0;29.0;283.0;290.0;504
3933;Dirksland;2019;8088;1957;4314;1817;6959;646;264;382;483;269;214;87;36;51;46;26;20;41;21;20;42;14;28;267;172;95;79.0;103.0;18.0;24.0;307.0;295.0;504
3934;Dirksland;2020;8071;1938;4288;1845;6893;661;264;397;517;286;231;88;38;50;50;26;24;45;22;23;45;15;30;289;185;104;92.0;115.0;15.0;29.0;319.0;300.0;504
3935;Dirksland;2021;8054;1931;4250;1873;6837;689;274;415;528;275;253;94;39;55;52;25;27;46;24;22;52;14;38;284;173;111;85.0;105.0;13.0;19.0;300.0;299.0;504
3936;Dirksland;2022;8032;1909;4216;1907;6760;707;282;425;565;292;273;104;41;63;58;28;30;47;23;24;53;15;38;303;185;118;96.0;104.0;18.0;20.0;277.0;294.0;504
3937;Dirksland;2023;8006;1887;4182;1937;6683;739;288;451;584;295;289;108;43;65;64;32;32;54;26;28;56;17;39;302;177;125;88.0;116.0;14.0;28.0;314.0;297.0;504
3938;Dirksland;2024;7981;1873;4159;1949;6609;759;293;466;613;302;311;111;45;66;69;31;38;55;26;29;57;17;40;321;183;138;102.0;102.0;17.0;29.0;287.0;300.0;504
3939;Dirksland;2025;7960;1877;4098;1985;6533;793;310;483;634;312;322;111;43;68;72;31;41;60;28;32;58;18;40;333;192;141;;;;;;;504
3940;Doesburg;2006;11661;2947;7085;1629;9390;1140;417;723;1131;651;480;128;63;65;37;27;10;761;428;333;13;5;8;192;128;64;127.0;103.0;27.0;46.0;468.0;398.0;221
3941;Doesburg;2007;11738;2955;7095;1688;9475;1132;412;720;1131;644;487;129;60;69;38;27;11;747;418;329;16;7;9;201;132;69;135.0;102.0;37.0;54.0;456.0;392.0;221
3942;Doesburg;2008;11818;2953;7117;1748;9530;1139;409;730;1149;648;501;128;57;71;38;27;11;741;411;330;19;7;12;223;146;77;123.0;95.0;26.0;53.0;474.0;399.0;221
3943;Doesburg;2009;11899;2975;7121;1803;9581;1165;418;747;1153;655;498;127;57;70;36;25;11;727;403;324;21;8;13;242;162;80;123.0;119.0;33.0;41.0;486.0;408.0;221
3944;Doesburg;2010;11973;2984;7122;1867;9659;1156;407;749;1158;659;499;126;54;72;38;27;11;714;395;319;25;10;15;255;173;82;112.0;110.0;25.0;53.0;524.0;418.0;221
3945;Doesburg;2011;12052;2956;7165;1931;9712;1169;424;745;1171;668;503;122;54;68;40;28;12;705;386;319;27;11;16;277;189;88;137.0;128.0;33.0;40.0;493.0;415.0;221
3946;Doesburg;2012;12134;2959;7144;2031;9775;1173;424;749;1186;673;513;127;56;71;42;29;13;697;377;320;28;13;15;292;198;94;132.0;116.0;34.0;45.0;511.0;437.0;221
3947;Doesburg;2013;12215;2949;7104;2162;9850;1177;416;761;1188;673;515;129;56;73;45;29;16;683;371;312;33;14;19;298;203;95;149.0;118.0;36.0;48.0;491.0;436.0;221
3948;Doesburg;2014;12292;2970;7079;2243;9912;1177;419;758;1203;677;526;138;56;82;44;28;16;674;367;307;34;13;21;313;213;100;134.0;123.0;25.0;41.0;506.0;429.0;221
3949;Doesburg;2015;12363;2954;7110;2299;9925;1212;427;785;1226;691;535;137;54;83;47;28;19;679;370;309;40;16;24;323;223;100;154.0;126.0;30.0;56.0;504.0;447.0;221
3950;Doesburg;2016;12423;2955;7109;2359;9972;1203;421;782;1248;707;541;141;55;86;50;30;20;673;363;310;40;16;24;344;243;101;141.0;131.0;21.0;36.0;530.0;448.0;221
3951;Doesburg;2017;12499;2932;7171;2396;10002;1225;432;793;1272;715;557;146;56;90;54;33;21;659;354;305;44;14;30;369;258;111;158.0;126.0;33.0;52.0;488.0;455.0;221
3952;Doesburg;2018;12546;2945;7154;2447;10048;1240;436;804;1258;712;546;141;55;86;57;36;21;642;349;293;48;15;33;370;257;113;157.0;131.0;20.0;48.0;508.0;470.0;221
3953;Doesburg;2019;12582;2921;7183;2478;10098;1240;438;802;1244;695;549;142;56;86;54;34;20;629;340;289;53;14;39;366;251;115;158.0;142.0;23.0;41.0;520.0;463.0;221
3954;Doesburg;2020;12639;2942;7158;2539;10128;1269;452;817;1242;687;555;136;53;83;54;34;20;620;333;287;57;16;41;375;251;124;152.0;145.0;33.0;39.0;515.0;459.0;221
3955;Doesburg;2021;12696;2961;7155;2580;10162;1280;451;829;1254;695;559;136;53;83;52;33;19;613;329;284;63;18;45;390;262;128;167.0;137.0;33.0;51.0;499.0;464.0;221
3956;Doesburg;2022;12743;2976;7149;2618;10178;1289;444;845;1276;709;567;138;53;85;49;31;18;603;326;277;68;18;50;418;281;137;163.0;134.0;24.0;48.0;502.0;462.0;221
3957;Doesburg;2023;12790;3006;7133;2651;10208;1289;440;849;1293;719;574;139;56;83;49;30;19;592;317;275;68;18;50;445;298;147;177.0;140.0;26.0;43.0;494.0;478.0;221
3958;Doesburg;2024;12825;3025;7122;2678;10242;1300;451;849;1283;710;573;135;54;81;55;35;20;573;306;267;70;17;53;450;298;152;174.0;147.0;28.0;42.0;497.0;463.0;221
3959;Doesburg;2025;12871;3028;7139;2704;10256;1325;461;864;1290;714;576;136;54;82;60;39;21;557;294;263;71;17;54;466;310;156;;;;;;;221
3960;Doetinchem;2006;56376;14066;33988;8322;48786;4327;1535;2792;3263;2025;1238;169;86;83;158;89;69;1533;817;716;114;60;54;1289;973;316;634.0;496.0;250.0;301.0;1878.0;1887.0;222
3961;Doetinchem;2007;56455;13999;33997;8459;48822;4357;1535;2822;3276;2011;1265;186;93;93;155;88;67;1529;812;717;117;64;53;1289;954;335;589.0;511.0;232.0;289.0;1833.0;1870.0;222
3962;Doetinchem;2008;56441;13875;33937;8629;48777;4339;1526;2813;3325;2026;1299;205;101;104;155;88;67;1544;823;721;127;70;57;1294;944;350;585.0;503.0;232.0;276.0;1804.0;1867.0;222
3963;Doetinchem;2009;56421;13776;33855;8790;48709;4345;1536;2809;3367;2017;1350;229;116;113;154;91;63;1560;832;728;143;71;72;1281;907;374;554.0;524.0;243.0;293.0;1821.0;1867.0;222
3964;Doetinchem;2010;56359;13625;33760;8974;48612;4338;1559;2779;3409;2016;1393;245;126;119;159;93;66;1569;827;742;152;75;77;1284;895;389;579.0;516.0;254.0;262.0;1755.0;1856.0;222
3965;Doetinchem;2011;56318;13473;33692;9153;48506;4384;1613;2771;3428;2019;1409;259;137;122;173;104;69;1559;824;735;155;75;80;1282;879;403;546.0;533.0;261.0;280.0;1771.0;1848.0;222
3966;Doetinchem;2012;56235;13308;33406;9521;48337;4427;1668;2759;3471;2039;1432;259;139;120;181;114;67;1558;816;742;164;83;81;1309;887;422;515.0;552.0;291.0;279.0;1795.0;1859.0;222
3967;Doetinchem;2013;56148;13116;33149;9883;48165;4452;1710;2742;3531;2062;1469;266;138;128;185;116;69;1549;813;736;167;83;84;1364;912;452;523.0;574.0;259.0;294.0;1841.0;1851.0;222
3968;Doetinchem;2014;56052;12947;32909;10196;48027;4466;1730;2736;3559;2058;1501;270;139;131;194;120;74;1528;798;730;172;83;89;1395;918;477;545.0;558.0;269.0;299.0;1819.0;1859.0;222
3969;Doetinchem;2015;55970;12794;32718;10458;47864;4478;1770;2708;3628;2080;1548;292;146;146;202;130;72;1503;786;717;183;83;100;1448;935;513;527.0;561.0;259.0;274.0;1804.0;1851.0;222
3970;Doetinchem;2016;55880;12668;32503;10709;47712;4494;1782;2712;3674;2116;1558;285;138;147;203;127;76;1501;796;705;185;81;104;1500;974;526;522.0;566.0;266.0;303.0;1832.0;1848.0;222
3971;Doetinchem;2017;55788;12528;32305;10955;47571;4490;1802;2688;3727;2137;1590;304;148;156;204;125;79;1495;798;697;190;84;106;1534;982;552;548.0;588.0;272.0;274.0;1810.0;1859.0;222
3972;Doetinchem;2018;55700;12408;32084;11208;47436;4479;1812;2667;3785;2164;1621;314;150;164;206;131;75;1504;807;697;191;85;106;1570;991;579;555.0;574.0;265.0;279.0;1820.0;1846.0;222
3973;Doetinchem;2019;55641;12309;31854;11478;47279;4496;1836;2660;3866;2207;1659;329;156;173;211;135;76;1497;801;696;203;93;110;1626;1022;604;565.0;592.0;272.0;264.0;1798.0;1862.0;222
3974;Doetinchem;2020;55560;12162;31685;11713;47099;4521;1865;2656;3940;2253;1687;338;154;184;219;141;78;1493;806;687;214;97;117;1676;1055;621;551.0;602.0;251.0;280.0;1881.0;1854.0;222
3975;Doetinchem;2021;55513;12011;31523;11979;47000;4528;1910;2618;3985;2273;1712;358;166;192;224;146;78;1484;800;684;226;104;122;1693;1057;636;563.0;625.0;271.0;272.0;1836.0;1863.0;222
3976;Doetinchem;2022;55432;11915;31312;12205;46861;4547;1925;2622;4024;2292;1732;373;179;194;234;153;81;1463;792;671;228;104;124;1726;1064;662;563.0;652.0;263.0;264.0;1837.0;1869.0;222
3977;Doetinchem;2023;55314;11794;31096;12424;46644;4594;1970;2624;4076;2316;1760;390;185;205;228;147;81;1455;784;671;235;109;126;1768;1091;677;553.0;650.0;264.0;285.0;1882.0;1851.0;222
3978;Doetinchem;2024;55235;11716;30889;12630;46472;4637;2014;2623;4126;2298;1828;406;186;220;226;143;83;1451;776;675;249;112;137;1794;1081;713;567.0;657.0;267.0;235.0;1840.0;1847.0;222
3979;Doetinchem;2025;55178;11695;30610;12873;46368;4633;2041;2592;4177;2315;1862;414;193;221;227;144;83;1435;762;673;262;115;147;1839;1101;738;;;;;;;222
3980;Dongen;2006;25683;6344;15867;3472;22329;1614;677;937;1740;1157;583;157;87;70;84;58;26;775;428;347;23;13;10;701;571;130;283.0;213.0;96.0;160.0;740.0;732.0;766
3981;Dongen;2007;25699;6284;15836;3579;22317;1637;677;960;1745;1132;613;160;87;73;86;59;27;781;420;361;24;13;11;694;553;141;287.0;217.0;87.0;167.0;791.0;727.0;766
3982;Dongen;2008;25753;6215;15828;3710;22339;1667;675;992;1747;1102;645;173;91;82;88;59;29;785;415;370;27;13;14;674;524;150;278.0;222.0;77.0;150.0;779.0;723.0;766
3983;Dongen;2009;25792;6155;15787;3850;22369;1672;669;1003;1751;1082;669;178;94;84;89;60;29;783;404;379;28;15;13;673;509;164;291.0;227.0;69.0;150.0;790.0;720.0;766
3984;Dongen;2010;25844;6096;15749;3999;22426;1676;672;1004;1742;1055;687;180;97;83;88;58;30;787;398;389;27;13;14;660;489;171;281.0;240.0;62.0;141.0;805.0;723.0;766
3985;Dongen;2011;25890;6029;15744;4117;22462;1680;662;1018;1748;1048;700;182;95;87;89;57;32;777;392;385;31;15;16;669;489;180;266.0;221.0;52.0;140.0;826.0;733.0;766
3986;Dongen;2012;25944;5960;15689;4295;22508;1693;674;1019;1743;1030;713;187;95;92;84;52;32;767;385;382;34;17;17;671;481;190;295.0;234.0;50.0;136.0;806.0;731.0;766
3987;Dongen;2013;25997;5947;15551;4499;22546;1712;674;1038;1739;1011;728;176;87;89;82;51;31;772;383;389;42;22;20;667;468;199;288.0;248.0;58.0;137.0;799.0;728.0;766
3988;Dongen;2014;26032;5881;15462;4689;22568;1743;671;1072;1721;988;733;181;89;92;80;49;31;769;377;392;41;20;21;650;453;197;281.0;251.0;49.0;132.0;837.0;734.0;766
3989;Dongen;2015;26086;5838;15399;4849;22571;1774;672;1102;1741;984;757;181;88;93;81;48;33;772;375;397;45;22;23;662;451;211;299.0;249.0;40.0;109.0;800.0;732.0;766
3990;Dongen;2016;26136;5819;15337;4980;22592;1788;687;1101;1756;978;778;188;91;97;86;49;37;769;373;396;47;19;28;666;446;220;295.0;257.0;51.0;118.0;807.0;735.0;766
3991;Dongen;2017;26179;5780;15255;5144;22618;1793;692;1101;1768;977;791;185;90;95;84;45;39;769;372;397;54;21;33;676;449;227;300.0;275.0;38.0;112.0;835.0;723.0;766
3992;Dongen;2018;26244;5757;15202;5285;22621;1830;699;1131;1793;981;812;191;91;100;91;49;42;774;372;402;55;21;34;682;448;234;304.0;280.0;50.0;99.0;780.0;736.0;766
3993;Dongen;2019;26269;5714;15177;5378;22620;1832;705;1127;1817;989;828;203;92;111;94;53;41;764;369;395;58;24;34;698;451;247;310.0;285.0;47.0;106.0;786.0;727.0;766
3994;Dongen;2020;26298;5714;15102;5482;22612;1850;714;1136;1836;973;863;204;87;117;100;55;45;771;368;403;60;24;36;701;439;262;311.0;286.0;36.0;109.0;793.0;724.0;766
3995;Dongen;2021;26323;5679;15072;5572;22605;1869;713;1156;1849;963;886;204;86;118;101;53;48;770;363;407;63;25;38;711;436;275;322.0;289.0;42.0;110.0;782.0;722.0;766
3996;Dongen;2022;26348;5695;14981;5672;22633;1874;708;1166;1841;958;883;204;85;119;101;54;47;760;358;402;70;26;44;706;435;271;314.0;302.0;43.0;106.0;794.0;724.0;766
3997;Dongen;2023;26371;5691;14926;5754;22657;1888;720;1168;1826;945;881;199;81;118;100;54;46;750;351;399;75;29;46;702;430;272;323.0;307.0;46.0;126.0;805.0;720.0;766
3998;Dongen;2024;26392;5731;14826;5835;22672;1897;724;1173;1823;930;893;196;79;117;104;53;51;745;344;401;75;28;47;703;426;277;317.0;303.0;41.0;118.0;791.0;711.0;766
3999;Dongen;2025;26412;5751;14748;5913;22686;1893;726;1167;1833;936;897;203;84;119;105;52;53;739;342;397;74;27;47;712;431;281;;;;;;;766
4000;Dongeradeel;2006;25225;6666;14695;3864;23304;1020;442;578;901;679;222;58;27;31;64;37;27;39;35;4;12;5;7;728;575;153;298.0;206.0;69.0;45.0;799.0;932.0;58
4001;Dongeradeel;2007;25208;6580;14685;3943;23239;1061;442;619;908;670;238;60;27;33;63;35;28;36;33;3;14;7;7;735;568;167;297.0;227.0;65.0;46.0;773.0;926.0;58
4002;Dongeradeel;2008;25147;6496;14619;4032;23158;1094;439;655;895;641;254;66;28;38;67;35;32;35;32;3;16;8;8;711;538;173;286.0;226.0;61.0;43.0;753.0;913.0;58
4003;Dongeradeel;2009;25067;6442;14525;4100;23050;1093;434;659;924;648;276;70;31;39;76;41;35;37;33;4;17;7;10;724;536;188;285.0;224.0;74.0;51.0;742.0;903.0;58
4004;Dongeradeel;2010;24992;6364;14433;4195;22955;1128;448;680;909;636;273;72;32;40;75;40;35;39;32;7;15;8;7;708;524;184;272.0;236.0;65.0;47.0;773.0;904.0;58
4005;Dongeradeel;2011;24919;6302;14351;4266;22830;1174;458;716;915;631;284;77;35;42;74;40;34;40;32;8;17;9;8;707;515;192;284.0;245.0;69.0;33.0;749.0;893.0;58
4006;Dongeradeel;2012;24852;6201;14222;4429;22724;1196;467;729;932;644;288;79;35;44;72;40;32;43;34;9;19;10;9;719;525;194;293.0;246.0;67.0;50.0;764.0;891.0;58
4007;Dongeradeel;2013;24789;6108;14108;4573;22641;1198;476;722;950;645;305;83;37;46;74;42;32;44;35;9;22;10;12;727;521;206;282.0;235.0;72.0;50.0;749.0;889.0;58
4008;Dongeradeel;2014;24720;6076;14000;4644;22500;1250;496;754;970;650;320;90;40;50;80;47;33;42;33;9;23;11;12;735;519;216;293.0;243.0;80.0;43.0;740.0;880.0;58
4009;Dongeradeel;2015;24669;6032;13904;4733;22407;1277;514;763;985;657;328;95;42;53;78;45;33;43;35;8;26;13;13;743;522;221;282.0;251.0;77.0;50.0;760.0;879.0;58
4010;Dongeradeel;2016;24610;6028;13764;4818;22279;1330;541;789;1001;660;341;102;44;58;76;43;33;46;36;10;27;12;15;750;525;225;293.0;268.0;64.0;33.0;764.0;873.0;58
4011;Dongeradeel;2017;24558;6013;13666;4879;22168;1365;565;800;1025;670;355;106;46;60;81;46;35;50;39;11;30;14;16;758;525;233;291.0;261.0;63.0;51.0;774.0;873.0;58
4012;Dongeradeel;2018;24501;5986;13540;4975;22092;1374;559;815;1035;662;373;107;44;63;85;49;36;53;39;14;32;14;18;758;516;242;276.0;258.0;72.0;45.0;778.0;871.0;58
4013;Dongeradeel;2019;24453;5966;13440;5047;22014;1387;566;821;1052;660;392;108;42;66;86;50;36;55;38;17;37;15;22;766;515;251;274.0;261.0;71.0;53.0;791.0;867.0;58
4014;Dongeradeel;2020;24409;5917;13378;5114;21905;1424;596;828;1080;673;407;114;40;74;89;52;37;55;39;16;41;15;26;781;527;254;284.0;266.0;71.0;50.0;797.0;866.0;58
4015;Dongeradeel;2021;24383;5885;13285;5213;21828;1461;605;856;1094;675;419;119;41;78;90;54;36;57;39;18;43;15;28;785;526;259;279.0;275.0;54.0;45.0;815.0;867.0;58
4016;Dongeradeel;2022;24348;5842;13199;5307;21766;1492;621;871;1090;660;430;120;42;78;85;49;36;59;38;21;48;15;33;778;516;262;279.0;267.0;65.0;39.0;787.0;858.0;58
4017;Dongeradeel;2023;24316;5790;13156;5370;21693;1526;643;883;1097;669;428;120;42;78;89;51;38;60;39;21;52;15;37;776;522;254;284.0;292.0;71.0;36.0;804.0;865.0;58
4018;Dongeradeel;2024;24287;5791;13071;5425;21594;1570;668;902;1123;678;445;124;43;81;91;50;41;63;41;22;55;15;40;790;529;261;272.0;284.0;59.0;43.0;818.0;861.0;58
4019;Dongeradeel;2025;24253;5767;13025;5461;21551;1582;678;904;1120;676;444;122;41;81;93;51;42;61;39;22;58;18;40;786;527;259;;;;;;;58
4020;Doorn;2006;10134;2162;5871;2101;8540;1043;451;592;551;373;178;75;39;36;36;18;18;19;15;4;80;50;30;341;251;90;87.0;178.0;25.0;64.0;689.0;621.0;315
4021;Doorn;2007;10072;2123;5851;2098;8450;1068;449;619;554;368;186;81;38;43;38;20;18;19;15;4;75;44;31;341;251;90;89.0;160.0;33.0;69.0;666.0;632.0;315
4022;Doorn;2008;9999;2084;5823;2092;8366;1086;430;656;547;358;189;87;42;45;40;22;18;18;14;4;81;44;37;321;236;85;91.0;180.0;29.0;58.0;658.0;614.0;315
4023;Doorn;2009;9925;2082;5752;2091;8282;1077;424;653;566;360;206;91;45;46;41;20;21;23;16;7;85;47;38;326;232;94;92.0;144.0;28.0;60.0;632.0;622.0;315
4024;Doorn;2010;9852;2079;5674;2099;8198;1087;423;664;567;359;208;88;44;44;44;22;22;28;18;10;83;46;37;324;229;95;102.0;144.0;30.0;56.0;597.0;596.0;315
4025;Doorn;2011;9783;2069;5619;2095;8096;1089;418;671;598;378;220;99;50;49;51;27;24;30;19;11;84;47;37;334;235;99;102.0;138.0;35.0;74.0;597.0;599.0;315
4026;Doorn;2012;9708;2052;5544;2112;8021;1100;415;685;587;356;231;103;50;53;46;25;21;36;20;16;87;47;40;315;214;101;93.0;137.0;36.0;58.0;577.0;577.0;315
4027;Doorn;2013;9642;2055;5453;2134;7906;1131;420;711;605;364;241;108;50;58;47;27;20;39;19;20;84;46;38;327;222;105;103.0;138.0;32.0;49.0;571.0;583.0;315
4028;Doorn;2014;9577;2057;5360;2160;7799;1143;421;722;635;373;262;116;52;64;45;26;19;43;19;24;93;49;44;338;227;111;91.0;135.0;18.0;43.0;588.0;586.0;315
4029;Doorn;2015;9511;2048;5274;2189;7691;1153;423;730;667;380;287;129;54;75;50;28;22;45;18;27;97;47;50;346;233;113;94.0;139.0;29.0;48.0;573.0;574.0;315
4030;Doorn;2016;9445;2038;5208;2199;7600;1162;422;740;683;391;292;126;55;71;50;29;21;49;19;30;102;51;51;356;237;119;88.0;131.0;25.0;47.0;586.0;574.0;315
4031;Doorn;2017;9396;2018;5177;2201;7506;1168;417;751;722;402;320;128;55;73;53;32;21;53;20;33;116;52;64;372;243;129;80.0;128.0;27.0;53.0;585.0;580.0;315
4032;Doorn;2018;9328;2002;5104;2222;7415;1170;422;748;743;414;329;139;62;77;51;30;21;56;20;36;115;49;66;382;253;129;82.0;139.0;27.0;57.0;605.0;575.0;315
4033;Doorn;2019;9275;1982;5104;2189;7301;1195;429;766;779;429;350;142;61;81;59;37;22;55;19;36;118;48;70;405;264;141;95.0;133.0;39.0;60.0;583.0;575.0;315
4034;Doorn;2020;9225;1960;5093;2172;7203;1219;448;771;803;439;364;152;62;90;61;38;23;51;19;32;127;51;76;412;269;143;82.0;142.0;24.0;60.0;607.0;582.0;315
4035;Doorn;2021;9155;1950;5030;2175;7116;1213;444;769;826;449;377;151;60;91;65;40;25;57;19;38;129;51;78;424;279;145;88.0;124.0;28.0;64.0;591.0;564.0;315
4036;Doorn;2022;9111;1935;4972;2204;7039;1224;450;774;848;456;392;158;63;95;71;45;26;58;19;39;132;51;81;429;278;151;84.0;132.0;29.0;51.0;577.0;569.0;315
4037;Doorn;2023;9049;1912;4952;2185;6958;1237;457;780;854;452;402;159;60;99;75;48;27;56;19;37;137;51;86;427;274;153;84.0;134.0;23.0;59.0;596.0;575.0;315
4038;Doorn;2024;8986;1887;4945;2154;6887;1236;448;788;863;450;413;157;63;94;74;49;25;56;17;39;147;52;95;429;269;160;82.0;140.0;29.0;68.0;622.0;566.0;315
4039;Doorn;2025;8947;1874;4887;2186;6810;1242;460;782;895;459;436;163;64;99;80;52;28;54;16;38;152;47;105;446;280;166;;;;;;;315
4040;Dordrecht;2006;119530;29767;72911;16852;88254;11190;4570;6620;20086;11326;8760;2746;1493;1253;3096;2035;1061;6135;3050;3085;2566;1277;1289;5543;3471;2072;1406.0;1092.0;608.0;1000.0;4320.0;4192.0;505
4041;Dordrecht;2007;119595;29698;72926;16971;88169;11004;4437;6567;20422;11145;9277;2781;1483;1298;3049;1917;1132;6216;3030;3186;2670;1286;1384;5706;3429;2277;1401.0;1090.0;594.0;984.0;4902.0;4151.0;505
4042;Dordrecht;2008;120280;29773;73370;17137;88468;10935;4369;6566;20877;11051;9826;2885;1523;1362;3034;1839;1195;6310;3009;3301;2783;1301;1482;5865;3379;2486;1342.0;1088.0;594.0;983.0;4972.0;4150.0;505
4043;Dordrecht;2009;120981;29856;73762;17363;88764;10898;4308;6590;21319;10972;10347;2972;1536;1436;3044;1793;1251;6392;2988;3404;2912;1326;1586;5999;3329;2670;1334.0;1102.0;614.0;932.0;4950.0;4170.0;505
4044;Dordrecht;2010;121687;29889;74074;17724;89033;10852;4235;6617;21802;10976;10826;3063;1570;1493;3076;1764;1312;6475;2986;3489;3022;1343;1679;6166;3313;2853;1318.0;1142.0;627.0;954.0;5039.0;4182.0;505
4045;Dordrecht;2011;122405;29817;74690;17898;89311;10762;4143;6619;22332;10997;11335;3143;1584;1559;3108;1731;1377;6566;2976;3590;3122;1369;1753;6393;3337;3056;1349.0;1117.0;628.0;933.0;5012.0;4208.0;505
4046;Dordrecht;2012;123143;29824;74667;18652;89567;10738;4086;6652;22838;10972;11866;3232;1609;1623;3139;1691;1448;6625;2959;3666;3248;1389;1859;6594;3324;3270;1346.0;1127.0;629.0;935.0;5015.0;4218.0;505
4047;Dordrecht;2013;123865;29781;74680;19404;89860;10718;4062;6656;23287;10930;12357;3266;1604;1662;3187;1659;1528;6718;2949;3769;3350;1403;1947;6766;3315;3451;1325.0;1117.0;605.0;901.0;5070.0;4244.0;505
4048;Dordrecht;2014;124617;29754;74844;20019;90092;10745;4051;6694;23780;10951;12829;3333;1635;1698;3233;1632;1601;6819;2975;3844;3439;1408;2031;6956;3301;3655;1362.0;1156.0;612.0;885.0;5033.0;4268.0;505
4049;Dordrecht;2015;125328;29731;75061;20536;90356;10730;4008;6722;24242;10959;13283;3397;1645;1752;3305;1652;1653;6872;2958;3914;3545;1428;2117;7123;3276;3847;1350.0;1174.0;607.0;891.0;5065.0;4273.0;505
4050;Dordrecht;2016;126026;29731;75169;21126;90583;10704;3973;6731;24739;10992;13747;3455;1671;1784;3357;1625;1732;6942;2939;4003;3637;1441;2196;7348;3316;4032;1362.0;1179.0;600.0;880.0;5077.0;4298.0;505
4051;Dordrecht;2017;126719;29681;75444;21594;90814;10738;3943;6795;25167;10979;14188;3495;1682;1813;3413;1604;1809;7012;2930;4082;3736;1463;2273;7511;3300;4211;1363.0;1215.0;564.0;829.0;5078.0;4306.0;505
4052;Dordrecht;2018;127388;29657;75697;22034;90977;10724;3925;6799;25687;10999;14688;3583;1710;1873;3474;1579;1895;7111;2932;4179;3823;1461;2362;7696;3317;4379;1370.0;1213.0;530.0;849.0;5142.0;4328.0;505
4053;Dordrecht;2019;128049;29603;75932;22514;91225;10663;3834;6829;26161;11008;15153;3663;1728;1935;3503;1565;1938;7198;2941;4257;3899;1460;2439;7898;3314;4584;1352.0;1237.0;507.0;820.0;5188.0;4352.0;505
4054;Dordrecht;2020;128698;29496;76125;23077;91456;10672;3820;6852;26570;11001;15569;3716;1738;1978;3551;1543;2008;7280;2941;4339;3968;1472;2496;8055;3307;4748;1376.0;1239.0;541.0;798.0;5121.0;4368.0;505
4055;Dordrecht;2021;129334;29389;76399;23546;91630;10704;3806;6898;27000;10981;16019;3792;1750;2042;3589;1522;2067;7321;2932;4389;4049;1457;2592;8249;3320;4929;1381.0;1279.0;538.0;798.0;5146.0;4390.0;505
4056;Dordrecht;2022;129942;29274;76645;24023;91850;10652;3771;6881;27440;10996;16444;3862;1778;2084;3643;1513;2130;7389;2936;4453;4119;1475;2644;8427;3294;5133;1382.0;1270.0;516.0;787.0;5151.0;4402.0;505
4057;Dordrecht;2023;130543;29191;76824;24528;92030;10687;3777;6910;27826;10998;16828;3928;1793;2135;3664;1485;2179;7439;2951;4488;4200;1474;2726;8595;3295;5300;1408.0;1303.0;506.0;770.0;5120.0;4399.0;505
4058;Dordrecht;2024;131116;29085;77021;25010;92247;10710;3769;6941;28159;11001;17158;3975;1792;2183;3671;1454;2217;7465;2936;4529;4260;1486;2774;8788;3333;5455;1371.0;1326.0;491.0;749.0;5129.0;4407.0;505
4059;Dordrecht;2025;131632;29028;77078;25526;92436;10675;3753;6922;28521;11006;17515;4012;1774;2238;3706;1453;2253;7542;2947;4595;4289;1477;2812;8972;3355;5617;;;;;;;505
4060;Drechterland;2006;10570;2915;6374;1281;9785;485;155;330;300;183;117;59;26;33;23;10;13;14;7;7;22;10;12;182;130;52;125.0;72.0;13.0;25.0;501.0;341.0;498
4061;Drechterland;2007;10772;2924;6513;1335;9907;516;166;350;349;211;138;66;30;36;27;11;16;15;7;8;26;12;14;215;151;64;117.0;89.0;19.0;19.0;454.0;352.0;498
4062;Drechterland;2008;10903;2901;6607;1395;9963;565;178;387;375;220;155;71;32;39;31;14;17;19;8;11;29;14;15;225;152;73;123.0;82.0;23.0;26.0;447.0;353.0;498
4063;Drechterland;2009;11035;2878;6680;1477;10022;601;188;413;412;236;176;80;35;45;35;15;20;23;8;15;31;14;17;243;164;79;144.0;80.0;28.0;21.0;404.0;357.0;498
4064;Drechterland;2010;11153;2882;6716;1555;10069;642;207;435;442;253;189;83;37;46;38;16;22;27;10;17;37;18;19;257;172;85;132.0;77.0;18.0;23.0;425.0;362.0;498
4065;Drechterland;2011;11267;2876;6757;1634;10109;684;224;460;474;278;196;84;39;45;36;17;19;32;12;20;48;25;23;274;185;89;121.0;96.0;25.0;25.0;438.0;362.0;498
4066;Drechterland;2012;11371;2860;6753;1758;10156;706;236;470;509;297;212;88;41;47;43;24;19;35;13;22;48;23;25;295;196;99;120.0;95.0;25.0;22.0;450.0;372.0;498
4067;Drechterland;2013;11478;2860;6741;1877;10181;742;249;493;555;321;234;98;45;53;44;23;21;38;14;24;54;25;29;321;214;107;122.0;116.0;20.0;29.0;467.0;368.0;498
4068;Drechterland;2014;11575;2844;6723;2008;10220;773;264;509;582;343;239;100;48;52;51;27;24;38;14;24;54;23;31;339;231;108;120.0;112.0;20.0;34.0;481.0;380.0;498
4069;Drechterland;2015;11669;2834;6720;2115;10253;809;275;534;607;347;260;103;46;57;56;29;27;42;16;26;56;22;34;350;234;116;132.0;109.0;18.0;31.0;459.0;384.0;498
4070;Drechterland;2016;11754;2821;6716;2217;10291;835;284;551;628;354;274;108;47;61;57;30;27;47;17;30;55;22;33;361;238;123;134.0;105.0;19.0;18.0;448.0;392.0;498
4071;Drechterland;2017;11841;2830;6723;2288;10318;873;306;567;650;363;287;113;47;66;63;34;29;45;17;28;61;25;36;368;240;128;122.0;114.0;28.0;30.0;475.0;395.0;498
4072;Drechterland;2018;11928;2824;6744;2360;10350;894;315;579;684;384;300;115;51;64;65;35;30;48;18;30;64;25;39;392;255;137;144.0;116.0;27.0;32.0;449.0;395.0;498
4073;Drechterland;2019;12005;2849;6714;2442;10362;931;341;590;712;395;317;118;51;67;65;31;34;50;18;32;67;26;41;412;269;143;143.0;117.0;22.0;26.0;452.0;398.0;498
4074;Drechterland;2020;12081;2832;6746;2503;10367;974;359;615;740;411;329;125;53;72;67;34;33;53;20;33;69;28;41;426;276;150;157.0;127.0;28.0;36.0;448.0;399.0;498
4075;Drechterland;2021;12154;2873;6718;2563;10372;1003;371;632;779;429;350;127;56;71;70;34;36;58;22;36;74;28;46;450;289;161;143.0;125.0;20.0;27.0;459.0;399.0;498
4076;Drechterland;2022;12226;2869;6725;2632;10374;1045;382;663;807;438;369;133;58;75;74;35;39;61;22;39;77;28;49;462;295;167;151.0;128.0;33.0;28.0;442.0;410.0;498
4077;Drechterland;2023;12289;2882;6719;2688;10387;1076;400;676;826;436;390;137;57;80;74;38;36;65;24;41;85;29;56;465;288;177;139.0;137.0;19.0;24.0;470.0;406.0;498
4078;Drechterland;2024;12350;2890;6714;2746;10395;1114;409;705;841;441;400;141;58;83;74;37;37;68;25;43;86;29;57;472;292;180;157.0;128.0;25.0;22.0;434.0;408.0;498
4079;Drechterland;2025;12410;2903;6710;2797;10394;1143;417;726;873;458;415;142;60;82;75;34;41;70;27;43;87;32;55;499;305;194;;;;;;;498
4080;Driebergen-Rijsenburg;2006;18304;4470;10458;3376;15352;1604;525;1079;1348;732;616;121;53;68;81;28;53;265;138;127;447;231;216;434;282;152;171.0;200.0;34.0;63.0;915.0;955.0;316
4081;Driebergen-Rijsenburg;2007;18206;4402;10479;3325;15223;1591;527;1064;1392;752;640;128;57;71;83;29;54;274;144;130;445;225;220;462;297;165;154.0;202.0;47.0;61.0;935.0;969.0;316
4082;Driebergen-Rijsenburg;2008;18109;4330;10478;3301;15090;1588;535;1053;1431;773;658;133;58;75;83;27;56;269;144;125;450;229;221;496;315;181;158.0;206.0;54.0;67.0;965.0;991.0;316
4083;Driebergen-Rijsenburg;2009;18023;4236;10538;3249;14981;1581;541;1040;1461;789;672;146;64;82;88;27;61;266;143;123;452;227;225;509;328;181;156.0;195.0;41.0;53.0;931.0;994.0;316
4084;Driebergen-Rijsenburg;2010;17912;4140;10515;3257;14829;1596;564;1032;1487;805;682;157;67;90;97;34;63;261;141;120;446;224;222;526;339;187;156.0;197.0;51.0;75.0;955.0;1002.0;316
4085;Driebergen-Rijsenburg;2011;17802;4048;10519;3235;14682;1598;575;1023;1522;811;711;174;76;98;98;32;66;259;136;123;439;218;221;552;349;203;165.0;193.0;40.0;55.0;944.0;1004.0;316
4086;Driebergen-Rijsenburg;2012;17699;4009;10431;3259;14563;1593;587;1006;1543;812;731;189;78;111;108;40;68;259;133;126;444;223;221;543;338;205;170.0;187.0;42.0;63.0;934.0;998.0;316
4087;Driebergen-Rijsenburg;2013;17599;3937;10362;3300;14406;1609;590;1019;1584;831;753;192;79;113;110;40;70;261;133;128;452;224;228;569;355;214;171.0;184.0;47.0;66.0;918.0;1012.0;316
4088;Driebergen-Rijsenburg;2014;17471;3875;10263;3333;14279;1591;588;1003;1601;832;769;196;77;119;111;37;74;265;134;131;447;222;225;582;362;220;186.0;179.0;51.0;65.0;890.0;982.0;316
4089;Driebergen-Rijsenburg;2015;17373;3834;10183;3356;14163;1591;586;1005;1619;830;789;200;73;127;109;37;72;256;130;126;445;217;228;609;373;236;170.0;169.0;52.0;56.0;894.0;987.0;316
4090;Driebergen-Rijsenburg;2016;17277;3781;10088;3408;14023;1608;603;1005;1646;843;803;209;77;132;106;35;71;255;133;122;453;218;235;623;380;243;170.0;181.0;53.0;53.0;912.0;979.0;316
4091;Driebergen-Rijsenburg;2017;17197;3739;10036;3422;13907;1618;609;1009;1672;854;818;220;78;142;108;38;70;250;131;119;459;217;242;635;390;245;198.0;170.0;44.0;56.0;891.0;979.0;316
4092;Driebergen-Rijsenburg;2018;17124;3713;9936;3475;13784;1635;628;1007;1705;873;832;223;78;145;110;40;70;246;127;119;456;213;243;670;415;255;193.0;165.0;45.0;63.0;885.0;984.0;316
4093;Driebergen-Rijsenburg;2019;17033;3689;9839;3505;13685;1630;630;1000;1718;881;837;227;84;143;112;47;65;241;129;112;455;204;251;683;417;266;193.0;186.0;34.0;55.0;888.0;966.0;316
4094;Driebergen-Rijsenburg;2020;16945;3663;9770;3512;13581;1619;626;993;1745;884;861;240;86;154;114;48;66;242;129;113;456;203;253;693;418;275;192.0;179.0;45.0;58.0;871.0;960.0;316
4095;Driebergen-Rijsenburg;2021;16859;3653;9667;3539;13467;1618;625;993;1774;893;881;241;85;156;116;51;65;242;125;117;463;204;259;712;428;284;195.0;187.0;46.0;49.0;884.0;963.0;316
4096;Driebergen-Rijsenburg;2022;16785;3641;9599;3545;13351;1653;647;1006;1781;894;887;253;86;167;115;52;63;239;127;112;454;202;252;720;427;293;182.0;181.0;32.0;57.0;892.0;942.0;316
4097;Driebergen-Rijsenburg;2023;16711;3625;9508;3578;13240;1645;651;994;1826;909;917;266;93;173;115;50;65;244;128;116;456;201;255;745;437;308;191.0;179.0;45.0;67.0;897.0;944.0;316
4098;Driebergen-Rijsenburg;2024;16655;3619;9437;3599;13151;1665;670;995;1839;903;936;269;96;173;114;46;68;240;123;117;464;200;264;752;438;314;192.0;178.0;43.0;50.0;862.0;947.0;316
4099;Driebergen-Rijsenburg;2025;16579;3615;9371;3593;13073;1638;667;971;1868;914;954;272;96;176;123;51;72;237;119;118;462;198;264;774;450;324;;;;;;;316
4100;Drimmelen;2006;26792;6470;16637;3685;25058;1276;407;869;458;280;178;39;18;21;39;18;21;55;32;23;29;14;15;296;198;98;237.0;210.0;16.0;86.0;768.0;711.0;1719
4101;Drimmelen;2007;26810;6332;16661;3817;25040;1289;419;870;481;294;187;42;20;22;41;21;20;56;32;24;32;14;18;310;207;103;221.0;216.0;17.0;68.0;706.0;710.0;1719
4102;Drimmelen;2008;26764;6215;16563;3986;24944;1313;428;885;507;310;197;44;19;25;45;25;20;56;32;24;34;13;21;328;221;107;224.0;227.0;19.0;72.0;725.0;713.0;1719
4103;Drimmelen;2009;26723;6101;16513;4109;24832;1344;438;906;547;332;215;52;20;32;48;30;18;63;34;29;38;14;24;346;234;112;229.0;224.0;24.0;69.0;712.0;727.0;1719
4104;Drimmelen;2010;26669;5980;16417;4272;24733;1373;459;914;563;344;219;53;20;33;47;29;18;67;37;30;38;14;24;358;244;114;229.0;235.0;27.0;63.0;728.0;726.0;1719
4105;Drimmelen;2011;26632;5823;16365;4444;24645;1384;469;915;603;362;241;58;23;35;50;32;18;71;37;34;42;13;29;382;257;125;209.0;226.0;17.0;80.0;751.0;728.0;1719
4106;Drimmelen;2012;26579;5672;16226;4681;24546;1403;475;928;630;374;256;61;26;35;52;34;18;76;38;38;48;13;35;393;263;130;235.0;244.0;23.0;58.0;725.0;733.0;1719
4107;Drimmelen;2013;26530;5535;16096;4899;24455;1419;481;938;656;387;269;68;30;38;59;40;19;80;41;39;56;15;41;393;261;132;226.0;239.0;25.0;64.0;720.0;724.0;1719
4108;Drimmelen;2014;26480;5400;15950;5130;24376;1428;494;934;676;397;279;73;30;43;58;40;18;82;41;41;60;17;43;403;269;134;247.0;256.0;18.0;71.0;749.0;726.0;1719
4109;Drimmelen;2015;26445;5348;15771;5326;24304;1437;501;936;704;407;297;81;34;47;62;41;21;85;43;42;61;19;42;415;270;145;248.0;256.0;25.0;67.0;721.0;727.0;1719
4110;Drimmelen;2016;26393;5269;15614;5510;24203;1476;515;961;714;406;308;84;35;49;63;41;22;86;43;43;65;20;45;416;267;149;271.0;253.0;23.0;62.0;701.0;721.0;1719
4111;Drimmelen;2017;26359;5178;15500;5681;24128;1488;522;966;743;406;337;91;35;56;68;45;23;93;44;49;68;21;47;423;261;162;255.0;263.0;17.0;70.0;730.0;714.0;1719
4112;Drimmelen;2018;26317;5130;15387;5800;24038;1515;520;995;764;416;348;95;36;59;72;47;25;92;44;48;68;21;47;437;268;169;250.0;278.0;19.0;59.0;752.0;724.0;1719
4113;Drimmelen;2019;26286;5077;15290;5919;23959;1540;534;1006;787;430;357;98;36;62;75;49;26;96;48;48;71;21;50;447;276;171;260.0;269.0;25.0;60.0;720.0;722.0;1719
4114;Drimmelen;2020;26248;5004;15173;6071;23899;1560;538;1022;789;426;363;98;37;61;76;50;26;95;48;47;77;21;56;443;270;173;263.0;281.0;23.0;64.0;738.0;719.0;1719
4115;Drimmelen;2021;26213;4957;15057;6199;23808;1591;542;1049;814;433;381;99;36;63;87;59;28;97;50;47;80;22;58;451;266;185;264.0;279.0;21.0;76.0;736.0;713.0;1719
4116;Drimmelen;2022;26176;4938;14914;6324;23753;1592;542;1050;831;444;387;102;38;64;91;62;29;98;50;48;82;22;60;458;272;186;266.0;304.0;24.0;62.0;736.0;709.0;1719
4117;Drimmelen;2023;26135;4917;14797;6421;23686;1589;539;1050;860;449;411;111;37;74;96;65;31;107;52;55;83;20;63;463;275;188;273.0;292.0;19.0;72.0;729.0;707.0;1719
4118;Drimmelen;2024;26091;4909;14669;6513;23627;1579;544;1035;885;451;434;112;37;75;101;70;31;108;49;59;91;20;71;473;275;198;274.0;307.0;23.0;60.0;716.0;700.0;1719
4119;Drimmelen;2025;26043;4941;14484;6618;23512;1610;557;1053;921;469;452;119;39;80;98;69;29;112;50;62;95;20;75;497;291;206;;;;;;;1719
4120;Dronten;2006;38073;10856;22813;4404;32477;2836;1366;1470;2760;1701;1059;353;153;200;139;76;63;552;306;246;443;214;229;1273;952;321;477.0;231.0;447.0;313.0;1404.0;1816.0;303
4121;Dronten;2007;38038;10705;22826;4507;32324;2877;1425;1452;2837;1718;1119;380;165;215;146;78;68;565;315;250;443;213;230;1303;947;356;476.0;238.0;453.0;353.0;1393.0;1791.0;303
4122;Dronten;2008;37977;10548;22797;4632;32089;2930;1493;1437;2958;1768;1190;422;184;238;154;83;71;581;324;257;460;221;239;1341;956;385;471.0;233.0;493.0;341.0;1338.0;1787.0;303
4123;Dronten;2009;37916;10392;22765;4759;31856;3006;1543;1463;3054;1804;1250;435;187;248;172;98;74;577;325;252;471;227;244;1399;967;432;458.0;256.0;513.0;354.0;1334.0;1771.0;303
4124;Dronten;2010;37841;10280;22671;4890;31599;3118;1644;1474;3124;1828;1296;463;210;253;180;107;73;591;332;259;487;238;249;1403;941;462;467.0;255.0;554.0;376.0;1312.0;1770.0;303
4125;Dronten;2011;37773;10113;22661;4999;31303;3257;1745;1512;3213;1880;1333;473;214;259;200;122;78;609;338;271;512;249;263;1419;957;462;471.0;265.0;613.0;382.0;1285.0;1777.0;303
4126;Dronten;2012;37722;9991;22493;5238;30987;3389;1865;1524;3346;1944;1402;491;227;264;224;139;85;631;349;282;534;255;279;1466;974;492;458.0;261.0;644.0;406.0;1270.0;1766.0;303
4127;Dronten;2013;37660;9909;22318;5433;30699;3537;2000;1537;3424;1968;1456;514;247;267;241;150;91;638;353;285;542;255;287;1489;963;526;443.0;270.0;655.0;424.0;1302.0;1778.0;303
4128;Dronten;2014;37591;9803;22161;5627;30412;3657;2102;1555;3522;2001;1521;537;256;281;246;154;92;650;357;293;561;261;300;1528;973;555;448.0;264.0;666.0;394.0;1275.0;1786.0;303
4129;Dronten;2015;37539;9663;22101;5775;30153;3788;2221;1567;3598;2036;1562;553;271;282;257;160;97;669;365;304;563;264;299;1556;976;580;454.0;295.0;667.0;417.0;1306.0;1776.0;303
4130;Dronten;2016;37481;9521;22068;5892;29905;3879;2305;1574;3697;2089;1608;558;277;281;267;163;104;681;374;307;580;272;308;1611;1003;608;432.0;304.0;652.0;442.0;1343.0;1756.0;303
4131;Dronten;2017;37407;9439;21969;5999;29631;3985;2410;1575;3791;2142;1649;574;284;290;287;180;107;680;377;303;594;282;312;1656;1019;637;461.0;288.0;686.0;448.0;1288.0;1758.0;303
4132;Dronten;2018;37350;9359;21885;6106;29306;4108;2504;1604;3936;2192;1744;593;299;294;295;186;109;694;384;310;631;291;340;1723;1032;691;448.0;309.0;681.0;437.0;1307.0;1746.0;303
4133;Dronten;2019;37298;9242;21799;6257;29054;4210;2611;1599;4034;2225;1809;615;312;303;304;190;114;707;394;313;657;294;363;1751;1035;716;469.0;298.0;665.0;447.0;1316.0;1750.0;303
4134;Dronten;2020;37252;9171;21665;6416;28781;4308;2692;1616;4163;2278;1885;633;323;310;311;197;114;721;397;324;666;301;365;1832;1060;772;463.0;309.0;623.0;453.0;1368.0;1746.0;303
4135;Dronten;2021;37202;9084;21550;6568;28549;4374;2729;1645;4279;2321;1958;652;322;330;311;197;114;724;403;321;693;310;383;1899;1089;810;467.0;325.0;643.0;428.0;1339.0;1743.0;303
4136;Dronten;2022;37153;9075;21346;6732;28298;4476;2803;1673;4379;2351;2028;667;329;338;321;205;116;718;400;318;701;316;385;1972;1101;871;468.0;324.0;662.0;462.0;1347.0;1739.0;303
4137;Dronten;2023;37104;8999;21275;6830;28099;4561;2871;1690;4444;2351;2093;684;332;352;318;191;127;725;411;314;703;308;395;2014;1109;905;470.0;329.0;645.0;438.0;1331.0;1731.0;303
4138;Dronten;2024;37055;9039;20987;7029;27896;4667;2934;1733;4492;2366;2126;685;334;351;318;191;127;738;419;319;709;302;407;2042;1120;922;474.0;324.0;653.0;433.0;1321.0;1728.0;303
4139;Dronten;2025;37018;9025;20797;7196;27655;4781;3005;1776;4582;2434;2148;695;345;350;334;201;133;735;414;321;716;311;405;2102;1163;939;;;;;;;303
4140;Druten;2006;18072;4747;11195;2130;16050;1030;289;741;992;564;428;89;45;44;67;41;26;489;265;224;43;15;28;304;198;106;201.0;127.0;34.0;79.0;578.0;540.0;225
4141;Druten;2007;18139;4709;11228;2202;16081;1054;298;756;1004;568;436;84;43;41;67;42;25;479;258;221;47;16;31;327;209;118;198.0;130.0;34.0;68.0;524.0;543.0;225
4142;Druten;2008;18154;4674;11208;2272;16078;1067;302;765;1009;570;439;85;45;40;67;40;27;465;247;218;49;19;30;343;219;124;202.0;127.0;31.0;69.0;537.0;551.0;225
4143;Druten;2009;18180;4652;11170;2358;16101;1049;299;750;1030;582;448;89;46;43;65;40;25;468;245;223;51;21;30;357;230;127;199.0;133.0;25.0;54.0;518.0;543.0;225
4144;Druten;2010;18193;4589;11154;2450;16090;1057;304;753;1046;587;459;91;45;46;66;41;25;466;243;223;53;22;31;370;236;134;198.0;134.0;34.0;57.0;523.0;552.0;225
4145;Druten;2011;18207;4556;11121;2530;16082;1063;303;760;1062;596;466;92;44;48;66;41;25;470;245;225;51;21;30;383;245;138;195.0;144.0;22.0;71.0;534.0;533.0;225
4146;Druten;2012;18214;4512;11052;2650;16056;1079;313;766;1079;607;472;93;46;47;63;40;23;464;239;225;54;21;33;405;261;144;202.0;152.0;35.0;73.0;522.0;541.0;225
4147;Druten;2013;18209;4479;10986;2744;16036;1101;324;777;1072;604;468;93;46;47;59;38;21;455;234;221;54;20;34;411;266;145;202.0;151.0;34.0;52.0;516.0;533.0;225
4148;Druten;2014;18225;4463;10910;2852;16022;1118;337;781;1085;604;481;94;45;49;60;38;22;456;230;226;58;20;38;417;271;146;199.0;158.0;27.0;57.0;550.0;548.0;225
4149;Druten;2015;18237;4449;10846;2942;15976;1149;340;809;1112;614;498;99;47;52;59;37;22;461;229;232;60;20;40;433;281;152;199.0;148.0;25.0;64.0;538.0;543.0;225
4150;Druten;2016;18246;4416;10783;3047;15964;1156;349;807;1126;623;503;101;46;55;58;37;21;452;228;224;58;18;40;457;294;163;186.0;157.0;35.0;76.0;558.0;550.0;225
4151;Druten;2017;18242;4338;10763;3141;15947;1175;354;821;1120;619;501;104;47;57;56;36;20;451;226;225;57;15;42;452;295;157;189.0;173.0;32.0;61.0;561.0;552.0;225
4152;Druten;2018;18240;4302;10707;3231;15928;1187;357;830;1125;619;506;106;48;58;62;38;24;440;218;222;57;16;41;460;299;161;208.0;167.0;48.0;61.0;508.0;556.0;225
4153;Druten;2019;18220;4208;10711;3301;15873;1204;366;838;1143;639;504;110;50;60;63;40;23;432;216;216;60;18;42;478;315;163;187.0;170.0;36.0;69.0;567.0;559.0;225
4154;Druten;2020;18213;4169;10630;3414;15835;1224;370;854;1154;638;516;106;46;60;66;41;25;435;215;220;62;18;44;485;318;167;200.0;181.0;26.0;55.0;537.0;559.0;225
4155;Druten;2021;18183;4106;10560;3517;15812;1223;379;844;1148;628;520;104;47;57;70;45;25;424;206;218;66;17;49;484;313;171;210.0;173.0;45.0;62.0;537.0;566.0;225
4156;Druten;2022;18174;4040;10526;3608;15773;1233;383;850;1168;641;527;108;47;61;67;41;26;414;203;211;68;17;51;511;333;178;201.0;187.0;30.0;54.0;563.0;560.0;225
4157;Druten;2023;18169;4004;10451;3714;15753;1239;382;857;1177;641;536;110;46;64;68;42;26;411;196;215;66;17;49;522;340;182;210.0;174.0;30.0;57.0;546.0;562.0;225
4158;Druten;2024;18163;3976;10352;3835;15697;1257;382;875;1209;662;547;117;50;67;73;43;30;411;197;214;71;19;52;537;353;184;208.0;195.0;26.0;67.0;568.0;562.0;225
4159;Druten;2025;18141;3998;10215;3928;15650;1257;393;864;1234;676;558;116;50;66;79;47;32;407;191;216;72;19;53;560;369;191;;;;;;;225
4160;Duiven;2006;25549;7415;15185;2949;22455;2133;608;1525;961;569;392;180;90;90;58;37;21;149;67;82;30;11;19;544;364;180;276.0;166.0;44.0;83.0;1061.0;1292.0;226
4161;Duiven;2007;25388;7253;15159;2976;22282;2131;616;1515;975;567;408;183;93;90;55;36;19;160;70;90;31;12;19;546;356;190;276.0;158.0;51.0;82.0;1056.0;1307.0;226
4162;Duiven;2008;25225;7109;15091;3025;22149;2101;604;1497;975;568;407;185;98;87;52;33;19;156;68;88;32;11;21;550;358;192;243.0;182.0;46.0;74.0;1090.0;1286.0;226
4163;Duiven;2009;25062;6914;15066;3082;21996;2091;608;1483;975;561;414;185;93;92;55;32;23;156;67;89;31;11;20;548;358;190;232.0;163.0;52.0;91.0;1101.0;1288.0;226
4164;Duiven;2010;24906;6749;15025;3132;21802;2105;612;1493;999;566;433;191;94;97;60;35;25;168;72;96;30;9;21;550;356;194;215.0;172.0;39.0;79.0;1126.0;1282.0;226
4165;Duiven;2011;24756;6567;14977;3212;21603;2126;616;1510;1027;579;448;202;97;105;62;38;24;173;73;100;32;10;22;558;361;197;214.0;181.0;52.0;70.0;1103.0;1282.0;226
4166;Duiven;2012;24594;6332;14922;3340;21405;2131;618;1513;1058;601;457;206;99;107;63;36;27;180;77;103;36;12;24;573;377;196;227.0;187.0;43.0;83.0;1113.0;1286.0;226
4167;Duiven;2013;24426;6115;14825;3486;21213;2126;626;1500;1087;622;465;212;99;113;64;37;27;186;80;106;43;15;28;582;391;191;227.0;199.0;48.0;87.0;1122.0;1271.0;226
4168;Duiven;2014;24267;5921;14754;3592;21034;2148;632;1516;1085;612;473;215;101;114;64;35;29;181;72;109;45;16;29;580;388;192;210.0;196.0;46.0;76.0;1100.0;1259.0;226
4169;Duiven;2015;24096;5749;14638;3709;20844;2135;632;1503;1117;621;496;218;103;115;65;34;31;188;73;115;50;17;33;596;394;202;222.0;205.0;41.0;67.0;1114.0;1249.0;226
4170;Duiven;2016;23950;5585;14554;3811;20645;2148;632;1516;1157;651;506;230;112;118;65;35;30;184;73;111;51;18;33;627;413;214;219.0;198.0;49.0;70.0;1098.0;1249.0;226
4171;Duiven;2017;23799;5411;14465;3923;20486;2132;632;1500;1181;670;511;232;115;117;68;35;33;187;75;112;53;19;34;641;426;215;217.0;202.0;55.0;81.0;1137.0;1266.0;226
4172;Duiven;2018;23663;5248;14372;4043;20297;2132;631;1501;1234;699;535;235;109;126;69;38;31;192;75;117;49;18;31;689;459;230;220.0;201.0;31.0;82.0;1134.0;1239.0;226
4173;Duiven;2019;23526;5071;14278;4177;20142;2118;637;1481;1266;713;553;242;111;131;78;44;34;193;75;118;54;20;34;699;463;236;232.0;210.0;47.0;68.0;1105.0;1242.0;226
4174;Duiven;2020;23394;4935;14141;4318;19978;2120;637;1483;1296;720;576;242;112;130;79;41;38;198;75;123;57;20;37;720;472;248;233.0;213.0;35.0;63.0;1106.0;1227.0;226
4175;Duiven;2021;23265;4848;13948;4469;19827;2107;647;1460;1331;741;590;248;116;132;95;50;45;199;75;124;67;19;48;722;481;241;240.0;210.0;45.0;70.0;1083.0;1219.0;226
4176;Duiven;2022;23138;4754;13770;4614;19686;2086;643;1443;1366;746;620;259;122;137;101;57;44;210;76;134;71;18;53;725;473;252;248.0;229.0;35.0;83.0;1106.0;1200.0;226
4177;Duiven;2023;23019;4682;13574;4763;19523;2099;653;1446;1397;762;635;266;126;140;114;65;49;206;75;131;75;20;55;736;476;260;239.0;223.0;47.0;74.0;1075.0;1193.0;226
4178;Duiven;2024;22894;4614;13345;4935;19395;2102;656;1446;1397;751;646;270;121;149;118;68;50;210;79;131;77;21;56;722;462;260;227.0;226.0;36.0;70.0;1100.0;1178.0;226
4179;Duiven;2025;22787;4590;13105;5092;19256;2101;668;1433;1430;771;659;272;121;151;129;72;57;211;82;129;81;22;59;737;474;263;;;;;;;226
4180;Echt-Susteren;2006;32341;6886;20246;5209;26905;4603;1321;3282;833;599;234;68;39;29;56;29;27;72;47;25;81;41;40;556;443;113;278.0;330.0;229.0;308.0;1100.0;997.0;1711
4181;Echt-Susteren;2007;32321;6815;20202;5304;26894;4576;1313;3263;851;592;259;74;42;32;63;31;32;73;48;25;86;43;43;555;428;127;267.0;326.0;195.0;283.0;1023.0;997.0;1711
4182;Echt-Susteren;2008;32203;6669;20073;5461;26812;4529;1283;3246;862;583;279;77;43;34;67;36;31;73;47;26;85;41;44;560;416;144;258.0;343.0;258.0;320.0;1046.0;1002.0;1711
4183;Echt-Susteren;2009;32102;6526;19977;5599;26723;4503;1283;3220;876;582;294;77;43;34;68;36;32;77;49;28;90;43;47;564;411;153;265.0;350.0;254.0;308.0;1029.0;1004.0;1711
4184;Echt-Susteren;2010;31992;6384;19855;5753;26637;4461;1285;3176;894;587;307;77;44;33;67;36;31;78;51;27;92;44;48;580;412;168;261.0;347.0;258.0;304.0;1028.0;1005.0;1711
4185;Echt-Susteren;2011;31885;6251;19745;5889;26551;4417;1272;3145;917;590;327;78;44;34;66;34;32;80;51;29;91;44;47;602;417;185;267.0;353.0;281.0;327.0;1033.0;998.0;1711
4186;Echt-Susteren;2012;31787;6133;19559;6095;26453;4398;1278;3120;936;595;341;80;44;36;70;40;30;81;51;30;93;44;49;612;416;196;256.0;374.0;281.0;317.0;1039.0;1004.0;1711
4187;Echt-Susteren;2013;31670;6024;19346;6300;26325;4392;1307;3085;953;608;345;74;41;33;72;42;30;82;53;29;94;46;48;631;426;205;262.0;363.0;305.0;332.0;1016.0;989.0;1711
4188;Echt-Susteren;2014;31571;5940;19174;6457;26201;4401;1343;3058;969;617;352;78;42;36;75;44;31;80;48;32;95;48;47;641;435;206;287.0;370.0;311.0;347.0;996.0;991.0;1711
4189;Echt-Susteren;2015;31458;5861;18949;6648;26082;4381;1347;3034;995;630;365;79;42;37;83;49;34;82;47;35;100;49;51;651;443;208;291.0;379.0;301.0;350.0;1027.0;1005.0;1711
4190;Echt-Susteren;2016;31349;5806;18743;6800;26002;4332;1340;2992;1015;627;388;81;43;38;80;46;34;86;50;36;103;51;52;665;437;228;313.0;380.0;300.0;344.0;993.0;993.0;1711
4191;Echt-Susteren;2017;31245;5774;18473;6998;25899;4274;1331;2943;1072;652;420;83;45;38;88;51;37;85;49;36;112;56;56;704;451;253;291.0;407.0;270.0;321.0;1024.0;979.0;1711
4192;Echt-Susteren;2018;31126;5729;18262;7135;25767;4272;1337;2935;1087;651;436;78;41;37;93;58;35;84;45;39;112;56;56;720;451;269;306.0;405.0;282.0;315.0;992.0;986.0;1711
4193;Echt-Susteren;2019;31003;5710;17984;7309;25678;4224;1336;2888;1101;643;458;80;44;36;95;61;34;81;41;40;114;56;58;731;441;290;299.0;408.0;270.0;317.0;1015.0;971.0;1711
4194;Echt-Susteren;2020;30895;5701;17750;7444;25570;4186;1316;2870;1139;659;480;82;47;35;99;66;33;82;40;42;115;54;61;761;452;309;299.0;407.0;289.0;306.0;982.0;974.0;1711
4195;Echt-Susteren;2021;30782;5672;17517;7593;25466;4164;1323;2841;1152;654;498;80;47;33;97;65;32;87;42;45;118;53;65;770;447;323;315.0;422.0;267.0;288.0;958.0;960.0;1711
4196;Echt-Susteren;2022;30656;5676;17226;7754;25332;4144;1336;2808;1180;664;516;83;49;34;96;64;32;85;41;44;119;54;65;797;456;341;294.0;424.0;262.0;294.0;987.0;961.0;1711
4197;Echt-Susteren;2023;30521;5696;16942;7883;25200;4109;1335;2774;1212;676;536;84;49;35;103;70;33;87;42;45;120;55;65;818;460;358;300.0;436.0;256.0;291.0;990.0;943.0;1711
4198;Echt-Susteren;2024;30401;5716;16685;8000;25097;4057;1318;2739;1247;680;567;82;46;36;110;76;34;93;41;52;122;55;67;840;462;378;328.0;438.0;266.0;299.0;948.0;928.0;1711
4199;Echt-Susteren;2025;30284;5748;16412;8124;24964;4011;1300;2711;1309;718;591;90;50;40;117;85;32;97;42;55;124;58;66;881;483;398;;;;;;;1711
4200;Edam-Volendam;2006;28237;7298;17699;3240;26298;1070;349;721;869;514;355;100;48;52;28;8;20;33;20;13;285;168;117;423;270;153;367.0;225.0;45.0;102.0;298.0;355.0;385
4201;Edam-Volendam;2007;28264;7315;17568;3381;26277;1091;351;740;896;522;374;107;52;55;31;9;22;36;20;16;285;165;120;437;276;161;382.0;223.0;54.0;99.0;286.0;350.0;385
4202;Edam-Volendam;2008;28316;7338;17428;3550;26265;1131;361;770;920;524;396;107;49;58;34;9;25;38;22;16;290;164;126;451;280;171;351.0;234.0;48.0;92.0;319.0;351.0;385
4203;Edam-Volendam;2009;28356;7358;17289;3709;26256;1159;365;794;941;535;406;114;50;64;37;11;26;38;23;15;292;164;128;460;287;173;354.0;247.0;60.0;91.0;316.0;343.0;385
4204;Edam-Volendam;2010;28404;7351;17141;3912;26215;1199;382;817;990;561;429;115;50;65;46;18;28;44;25;19;296;168;128;489;300;189;333.0;251.0;53.0;89.0;325.0;339.0;385
4205;Edam-Volendam;2011;28435;7310;17095;4030;26163;1235;388;847;1037;587;450;123;52;71;49;18;31;49;28;21;305;175;130;511;314;197;339.0;258.0;54.0;79.0;319.0;347.0;385
4206;Edam-Volendam;2012;28461;7288;16897;4276;26108;1288;406;882;1065;598;467;131;53;78;51;18;33;55;31;24;305;175;130;523;321;202;323.0;265.0;54.0;86.0;344.0;343.0;385
4207;Edam-Volendam;2013;28485;7259;16698;4528;26070;1320;411;909;1095;604;491;139;56;83;54;20;34;59;31;28;307;175;132;536;322;214;310.0;279.0;44.0;81.0;369.0;349.0;385
4208;Edam-Volendam;2014;28498;7222;16548;4728;26017;1350;424;926;1131;618;513;150;60;90;62;24;38;59;30;29;313;177;136;547;327;220;289.0;294.0;58.0;87.0;407.0;349.0;385
4209;Edam-Volendam;2015;28522;7150;16452;4920;25969;1379;437;942;1174;642;532;155;63;92;71;27;44;66;32;34;321;183;138;561;337;224;285.0;287.0;54.0;86.0;400.0;353.0;385
4210;Edam-Volendam;2016;28539;7070;16329;5140;25933;1394;445;949;1212;653;559;165;64;101;75;27;48;71;34;37;327;184;143;574;344;230;281.0;297.0;43.0;78.0;425.0;345.0;385
4211;Edam-Volendam;2017;28568;6983;16287;5298;25870;1443;460;983;1255;670;585;178;66;112;78;28;50;73;36;37;331;185;146;595;355;240;304.0;298.0;53.0;94.0;399.0;351.0;385
4212;Edam-Volendam;2018;28583;6933;16183;5467;25797;1477;473;1004;1309;701;608;184;68;116;83;30;53;78;37;41;336;188;148;628;378;250;294.0;310.0;44.0;83.0;421.0;350.0;385
4213;Edam-Volendam;2019;28603;6843;16149;5611;25741;1517;494;1023;1345;709;636;188;69;119;84;29;55;82;37;45;346;189;157;645;385;260;302.0;325.0;60.0;85.0;409.0;353.0;385
4214;Edam-Volendam;2020;28610;6771;16111;5728;25687;1529;499;1030;1394;732;662;196;75;121;94;31;63;88;40;48;347;187;160;669;399;270;292.0;342.0;42.0;94.0;472.0;358.0;385
4215;Edam-Volendam;2021;28624;6682;16106;5836;25649;1549;510;1039;1426;740;686;197;72;125;95;30;65;93;43;50;343;182;161;698;413;285;292.0;346.0;43.0;86.0;455.0;358.0;385
4216;Edam-Volendam;2022;28625;6633;16066;5926;25588;1581;514;1067;1456;752;704;204;72;132;90;28;62;98;46;52;342;179;163;722;427;295;297.0;338.0;44.0;78.0;453.0;365.0;385
4217;Edam-Volendam;2023;28640;6525;16065;6050;25531;1612;526;1086;1497;762;735;213;73;140;94;28;66;105;48;57;346;179;167;739;434;305;297.0;360.0;50.0;82.0;465.0;364.0;385
4218;Edam-Volendam;2024;28644;6418;16097;6129;25459;1652;545;1107;1533;773;760;222;75;147;100;31;69;115;49;66;342;175;167;754;443;311;294.0;367.0;56.0;80.0;461.0;365.0;385
4219;Edam-Volendam;2025;28641;6366;16033;6242;25396;1654;552;1102;1591;798;793;232;79;153;100;30;70;117;51;66;348;175;173;794;463;331;;;;;;;385
4220;Ede;2006;106600;29109;62591;14900;91373;7490;2810;4680;7737;4265;3472;633;343;290;302;140;162;2002;1039;963;2413;1162;1251;2387;1581;806;1414.0;888.0;209.0;443.0;3183.0;3316.0;228
4221;Ede;2007;106770;28933;62766;15071;91316;7441;2785;4656;8013;4283;3730;671;353;318;310;147;163;2060;1034;1026;2503;1149;1354;2469;1600;869;1378.0;904.0;240.0;421.0;2989.0;3307.0;228
4222;Ede;2008;106756;28721;62820;15215;91150;7335;2744;4591;8271;4312;3959;696;353;343;331;155;176;2131;1039;1092;2572;1138;1434;2541;1627;914;1381.0;898.0;228.0;422.0;2934.0;3271.0;228
4223;Ede;2009;106719;28568;62693;15458;90990;7259;2712;4547;8470;4293;4177;727;356;371;317;151;166;2177;1035;1142;2648;1125;1523;2601;1626;975;1370.0;909.0;232.0;436.0;2916.0;3259.0;228
4224;Ede;2010;106643;28443;62499;15701;90795;7176;2665;4511;8672;4281;4391;753;369;384;324;149;175;2230;1028;1202;2692;1108;1584;2673;1627;1046;1352.0;951.0;243.0;428.0;2913.0;3226.0;228
4225;Ede;2011;106557;28287;62463;15807;90541;7137;2675;4462;8879;4290;4589;767;370;397;342;161;181;2284;1033;1251;2750;1108;1642;2736;1618;1118;1322.0;946.0;248.0;412.0;2918.0;3204.0;228
4226;Ede;2012;106493;28089;61980;16424;90321;7084;2667;4417;9088;4287;4801;803;381;422;355;165;190;2338;1025;1313;2811;1108;1703;2781;1608;1173;1320.0;941.0;240.0;419.0;2909.0;3180.0;228
4227;Ede;2013;106434;27924;61529;16981;90126;7076;2667;4409;9232;4269;4963;810;379;431;371;173;198;2373;1007;1366;2837;1096;1741;2841;1614;1227;1308.0;962.0;250.0;403.0;2928.0;3170.0;228
4228;Ede;2014;106396;27721;61211;17464;89930;7059;2675;4384;9407;4263;5144;853;388;465;384;171;213;2423;1004;1419;2872;1095;1777;2875;1605;1270;1295.0;958.0;228.0;395.0;2896.0;3149.0;228
4229;Ede;2015;106321;27537;60959;17825;89741;7043;2665;4378;9537;4283;5254;866;394;472;400;180;220;2463;1009;1454;2903;1094;1809;2905;1606;1299;1261.0;996.0;230.0;374.0;2922.0;3127.0;228
4230;Ede;2016;106240;27337;60719;18184;89537;6992;2666;4326;9711;4314;5397;900;404;496;414;193;221;2498;1007;1491;2947;1101;1846;2952;1609;1343;1264.0;991.0;218.0;371.0;2924.0;3130.0;228
4231;Ede;2017;106162;27216;60412;18534;89330;6949;2651;4298;9883;4335;5548;925;403;522;430;201;229;2532;1010;1522;2978;1092;1886;3018;1629;1389;1235.0;1011.0;211.0;380.0;2970.0;3118.0;228
4232;Ede;2018;106073;27022;60110;18941;89105;6918;2639;4279;10050;4380;5670;916;400;516;463;216;247;2559;1012;1547;3022;1088;1934;3090;1664;1426;1225.0;1048.0;225.0;383.0;3031.0;3114.0;228
4233;Ede;2019;106012;26854;59840;19318;88915;6915;2647;4268;10182;4381;5801;937;399;538;494;231;263;2571;1014;1557;3034;1072;1962;3146;1665;1481;1218.0;1022.0;215.0;369.0;3010.0;3125.0;228
4234;Ede;2020;105944;26565;59598;19781;88693;6939;2655;4284;10312;4386;5926;946;400;546;511;233;278;2610;1013;1597;3067;1072;1995;3178;1668;1510;1222.0;1052.0;230.0;383.0;3009.0;3119.0;228
4235;Ede;2021;105856;26276;59370;20210;88483;6917;2655;4262;10456;4414;6042;958;399;559;531;234;297;2633;1012;1621;3067;1062;2005;3267;1707;1560;1196.0;1064.0;201.0;362.0;3063.0;3105.0;228
4236;Ede;2022;105788;26014;59099;20675;88310;6884;2650;4234;10594;4436;6158;990;409;581;556;243;313;2657;1015;1642;3079;1052;2027;3312;1717;1595;1222.0;1084.0;205.0;335.0;3018.0;3098.0;228
4237;Ede;2023;105722;25823;58795;21104;88089;6896;2675;4221;10737;4471;6266;1012;421;591;572;248;324;2661;1009;1652;3108;1046;2062;3384;1747;1637;1211.0;1093.0;232.0;366.0;3065.0;3096.0;228
4238;Ede;2024;105677;25629;58528;21520;87895;6903;2674;4229;10879;4513;6366;1034;427;607;592;260;332;2682;1015;1667;3130;1048;2082;3441;1763;1678;1207.0;1103.0;219.0;331.0;3037.0;3110.0;228
4239;Ede;2025;105602;25423;58267;21912;87702;6942;2668;4274;10958;4506;6452;1053;430;623;615;268;347;2698;997;1701;3124;1046;2078;3468;1765;1703;;;;;;;228
4240;Eemnes;2006;8979;2462;5488;1029;7745;852;281;571;382;204;178;48;24;24;47;11;36;27;12;15;25;8;17;235;149;86;101.0;60.0;15.0;37.0;360.0;302.0;317
4241;Eemnes;2007;9059;2446;5510;1103;7779;878;286;592;402;212;190;55;25;30;44;11;33;28;14;14;28;9;19;247;153;94;102.0;73.0;31.0;38.0;357.0;305.0;317
4242;Eemnes;2008;9137;2418;5548;1171;7788;921;304;617;428;223;205;61;27;34;46;13;33;32;16;16;31;7;24;258;160;98;95.0;72.0;22.0;40.0;380.0;318.0;317
4243;Eemnes;2009;9207;2396;5565;1246;7782;961;308;653;464;241;223;71;30;41;50;15;35;37;18;19;32;7;25;274;171;103;96.0;79.0;30.0;32.0;374.0;316.0;317
4244;Eemnes;2010;9282;2369;5576;1337;7795;996;328;668;491;260;231;79;33;46;49;14;35;39;19;20;35;10;25;289;184;105;94.0;78.0;25.0;32.0;381.0;312.0;317
4245;Eemnes;2011;9363;2345;5605;1413;7818;1022;342;680;523;279;244;86;38;48;45;13;32;45;22;23;37;11;26;310;195;115;82.0;80.0;20.0;28.0;407.0;327.0;317
4246;Eemnes;2012;9439;2313;5592;1534;7829;1064;352;712;546;294;252;87;38;49;50;17;33;48;24;24;42;15;27;319;200;119;104.0;94.0;34.0;32.0;383.0;323.0;317
4247;Eemnes;2013;9510;2319;5557;1634;7837;1096;363;733;577;312;265;96;41;55;52;18;34;49;25;24;45;16;29;335;212;123;96.0;92.0;23.0;38.0;402.0;331.0;317
4248;Eemnes;2014;9570;2283;5558;1729;7837;1136;373;763;597;332;265;100;45;55;59;24;35;51;27;24;47;16;31;340;220;120;103.0;120.0;24.0;41.0;413.0;315.0;317
4249;Eemnes;2015;9634;2276;5569;1789;7876;1155;388;767;603;332;271;102;44;58;58;24;34;54;28;26;46;16;30;343;220;123;99.0;102.0;29.0;35.0;387.0;318.0;317
4250;Eemnes;2016;9696;2244;5585;1867;7884;1177;392;785;635;353;282;106;43;63;61;23;38;57;31;26;52;19;33;359;237;122;104.0;94.0;27.0;44.0;387.0;333.0;317
4251;Eemnes;2017;9745;2247;5557;1941;7867;1207;402;805;671;381;290;117;47;70;59;22;37;59;35;24;61;24;37;375;253;122;119.0;110.0;24.0;42.0;394.0;334.0;317
4252;Eemnes;2018;9796;2263;5523;2010;7872;1246;415;831;678;379;299;118;47;71;60;22;38;63;38;25;60;22;38;377;250;127;114.0;109.0;22.0;33.0;400.0;333.0;317
4253;Eemnes;2019;9861;2258;5527;2076;7879;1289;436;853;693;388;305;114;46;68;60;23;37;62;38;24;66;24;42;391;257;134;118.0;111.0;41.0;33.0;385.0;339.0;317
4254;Eemnes;2020;9924;2259;5532;2133;7862;1327;450;877;735;417;318;123;50;73;62;25;37;63;37;26;67;22;45;420;283;137;119.0;117.0;25.0;26.0;402.0;347.0;317
4255;Eemnes;2021;9981;2269;5530;2182;7875;1353;452;901;753;427;326;128;51;77;64;27;37;64;37;27;69;23;46;428;289;139;120.0;110.0;26.0;31.0;382.0;346.0;317
4256;Eemnes;2022;10023;2262;5510;2251;7845;1377;465;912;801;450;351;133;54;79;67;29;38;68;37;31;70;24;46;463;306;157;104.0;122.0;26.0;45.0;437.0;352.0;317
4257;Eemnes;2023;10072;2230;5539;2303;7823;1422;482;940;827;451;376;136;52;84;75;31;44;71;35;36;73;25;48;472;308;164;121.0;130.0;23.0;27.0;386.0;350.0;317
4258;Eemnes;2024;10100;2226;5541;2333;7803;1434;481;953;863;465;398;146;58;88;77;32;45;73;37;36;78;30;48;489;308;181;132.0;128.0;29.0;42.0;403.0;352.0;317
4259;Eemnes;2025;10141;2262;5495;2384;7790;1443;492;951;908;479;429;155;57;98;80;33;47;78;37;41;80;31;49;515;321;194;;;;;;;317
4260;Eemsmond;2006;16725;4193;9951;2581;15592;700;267;433;433;320;113;34;16;18;78;60;18;19;8;11;7;3;4;295;233;62;177.0;146.0;64.0;54.0;755.0;863.0;1651
4261;Eemsmond;2007;16662;4146;9911;2605;15504;714;277;437;444;322;122;39;19;20;82;61;21;20;7;13;6;3;3;297;232;65;182.0;147.0;61.0;45.0;699.0;860.0;1651
4262;Eemsmond;2008;16551;4093;9824;2634;15360;725;281;444;466;338;128;41;19;22;89;68;21;19;7;12;5;2;3;312;242;70;188.0;156.0;82.0;41.0;654.0;858.0;1651
4263;Eemsmond;2009;16426;4037;9713;2676;15221;732;292;440;473;351;122;40;18;22;96;76;20;20;8;12;6;3;3;311;246;65;184.0;150.0;75.0;49.0;670.0;845.0;1651
4264;Eemsmond;2010;16313;3985;9595;2733;15035;768;313;455;510;384;126;42;21;21;110;90;20;20;7;13;7;3;4;331;263;68;177.0;148.0;81.0;52.0;672.0;846.0;1651
4265;Eemsmond;2011;16197;3918;9468;2811;14863;811;349;462;523;401;122;43;22;21;119;98;21;20;8;12;7;4;3;334;269;65;163.0;147.0;101.0;66.0;683.0;846.0;1651
4266;Eemsmond;2012;16086;3851;9315;2920;14682;854;370;484;550;428;122;42;22;20;134;111;23;21;9;12;6;4;2;347;282;65;160.0;153.0;98.0;57.0;685.0;850.0;1651
4267;Eemsmond;2013;15969;3770;9180;3019;14554;866;395;471;549;423;126;43;21;22;140;119;21;22;9;13;7;4;3;337;270;67;166.0;151.0;95.0;50.0;661.0;833.0;1651
4268;Eemsmond;2014;15858;3712;9066;3080;14391;897;426;471;570;440;130;43;22;21;148;125;23;22;9;13;9;3;6;348;281;67;156.0;160.0;106.0;43.0;678.0;841.0;1651
4269;Eemsmond;2015;15756;3655;8939;3162;14237;925;456;469;594;459;135;45;22;23;162;136;26;22;8;14;9;3;6;356;290;66;173.0;151.0;109.0;54.0;655.0;817.0;1651
4270;Eemsmond;2016;15674;3634;8847;3193;14088;969;487;482;617;473;144;43;22;21;179;153;26;23;8;15;9;2;7;363;288;75;165.0;155.0;123.0;52.0;671.0;832.0;1651
4271;Eemsmond;2017;15593;3631;8684;3278;13955;1000;526;474;638;491;147;41;22;19;187;158;29;23;9;14;11;4;7;376;298;78;176.0;142.0;105.0;51.0;664.0;830.0;1651
4272;Eemsmond;2018;15515;3601;8568;3346;13814;1048;560;488;653;500;153;44;23;21;189;159;30;26;10;16;13;3;10;381;305;76;162.0;160.0;112.0;60.0;691.0;829.0;1651
4273;Eemsmond;2019;15433;3590;8447;3396;13686;1071;587;484;676;518;158;41;23;18;196;162;34;23;9;14;16;4;12;400;320;80;166.0;154.0;99.0;50.0;679.0;810.0;1651
4274;Eemsmond;2020;15361;3552;8372;3437;13570;1106;621;485;685;520;165;39;22;17;199;165;34;22;9;13;20;4;16;405;320;85;155.0;155.0;100.0;47.0;675.0;792.0;1651
4275;Eemsmond;2021;15298;3537;8263;3498;13429;1145;647;498;724;543;181;43;22;21;213;175;38;22;9;13;20;4;16;426;333;93;156.0;161.0;110.0;57.0;674.0;795.0;1651
4276;Eemsmond;2022;15228;3530;8134;3564;13312;1189;678;511;727;552;175;41;23;18;215;179;36;24;10;14;19;3;16;428;337;91;156.0;158.0;141.0;58.0;664.0;804.0;1651
4277;Eemsmond;2023;15170;3539;8020;3611;13181;1226;708;518;763;585;178;43;23;20;231;195;36;26;11;15;20;3;17;443;353;90;154.0;160.0;144.0;55.0;682.0;811.0;1651
4278;Eemsmond;2024;15123;3561;7905;3657;13075;1247;737;510;801;614;187;46;22;24;259;223;36;29;13;16;20;3;17;447;353;94;159.0;158.0;157.0;67.0;671.0;811.0;1651
4279;Eemsmond;2025;15078;3535;7872;3671;12948;1291;789;502;839;637;202;45;20;25;277;237;40;30;14;16;19;2;17;468;364;104;;;;;;;1651
4280;Eersel;2006;18196;4524;10919;2753;16870;1025;338;687;301;204;97;26;16;10;20;14;6;16;8;8;5;1;4;234;165;69;154.0;134.0;28.0;71.0;493.0;527.0;770
4281;Eersel;2007;18139;4429;10834;2876;16784;1049;342;707;306;207;99;26;18;8;22;14;8;15;6;9;6;1;5;237;168;69;130.0;143.0;34.0;74.0;519.0;529.0;770
4282;Eersel;2008;18078;4303;10777;2998;16690;1073;351;722;315;206;109;27;18;9;27;18;9;18;7;11;8;1;7;235;162;73;137.0;147.0;46.0;67.0;499.0;522.0;770
4283;Eersel;2009;18023;4212;10711;3100;16592;1102;374;728;329;222;107;26;18;8;26;17;9;20;8;12;9;2;7;248;177;71;138.0;155.0;31.0;67.0;517.0;534.0;770
4284;Eersel;2010;17959;4111;10676;3172;16484;1132;395;737;343;229;114;30;17;13;25;16;9;19;8;11;14;3;11;255;185;70;129.0;156.0;38.0;79.0;540.0;548.0;770
4285;Eersel;2011;17884;3955;10685;3244;16387;1147;417;730;350;233;117;32;18;14;24;14;10;19;8;11;15;3;12;260;190;70;145.0;161.0;35.0;77.0;514.0;540.0;770
4286;Eersel;2012;17798;3834;10598;3366;16289;1155;429;726;354;233;121;31;17;14;22;13;9;21;9;12;20;4;16;260;190;70;142.0;173.0;50.0;67.0;516.0;542.0;770
4287;Eersel;2013;17726;3693;10571;3462;16223;1152;428;724;351;226;125;32;18;14;23;13;10;24;10;14;25;5;20;247;180;67;153.0;182.0;36.0;76.0;540.0;546.0;770
4288;Eersel;2014;17652;3556;10513;3583;16144;1153;432;721;355;229;126;28;17;11;23;14;9;22;9;13;27;5;22;255;184;71;145.0;175.0;35.0;78.0;542.0;547.0;770
4289;Eersel;2015;17576;3439;10475;3662;16062;1157;435;722;357;226;131;27;16;11;26;16;10;22;8;14;31;7;24;251;179;72;149.0;195.0;38.0;67.0;541.0;552.0;770
4290;Eersel;2016;17491;3333;10403;3755;15963;1149;434;715;379;244;135;30;19;11;26;15;11;22;9;13;33;8;25;268;193;75;157.0;198.0;36.0;62.0;534.0;547.0;770
4291;Eersel;2017;17410;3279;10281;3850;15871;1162;447;715;377;245;132;29;18;11;26;15;11;21;9;12;29;6;23;272;197;75;147.0;208.0;43.0;69.0;533.0;525.0;770
4292;Eersel;2018;17332;3210;10205;3917;15777;1177;457;720;378;250;128;29;17;12;27;16;11;20;8;12;29;6;23;273;203;70;158.0;196.0;34.0;70.0;536.0;534.0;770
4293;Eersel;2019;17257;3144;10077;4036;15680;1190;467;723;387;253;134;28;15;13;30;19;11;25;9;16;28;5;23;276;205;71;160.0;203.0;33.0;71.0;535.0;526.0;770
4294;Eersel;2020;17186;3112;9956;4118;15597;1201;472;729;388;251;137;26;12;14;31;19;12;28;9;19;30;5;25;273;206;67;168.0;213.0;34.0;75.0;540.0;522.0;770
4295;Eersel;2021;17117;3075;9846;4196;15495;1215;478;737;407;263;144;26;11;15;29;19;10;31;9;22;33;6;27;288;218;70;179.0;215.0;47.0;67.0;515.0;524.0;770
4296;Eersel;2022;17054;3072;9691;4291;15420;1211;479;732;423;275;148;31;14;17;31;22;9;29;9;20;33;5;28;299;225;74;185.0;218.0;35.0;65.0;514.0;512.0;770
4297;Eersel;2023;16996;3066;9559;4371;15345;1220;485;735;431;275;156;31;14;17;30;22;8;31;10;21;35;5;30;304;224;80;195.0;219.0;37.0;57.0;495.0;512.0;770
4298;Eersel;2024;16937;3070;9423;4444;15266;1234;499;735;437;279;158;30;12;18;29;21;8;33;10;23;37;5;32;308;231;77;179.0;223.0;27.0;62.0;506.0;490.0;770
4299;Eersel;2025;16875;3091;9262;4522;15186;1249;504;745;440;276;164;34;13;21;29;20;9;33;9;24;35;4;31;309;230;79;;;;;;;770
4300;Eijsden;2006;11763;2930;6953;1880;10254;1294;381;913;215;135;80;15;5;10;12;5;7;11;7;4;18;7;11;159;111;48;106.0;104.0;28.0;63.0;321.0;347.0;905
4301;Eijsden;2007;11702;2875;6910;1917;10190;1275;382;893;237;146;91;17;6;11;14;7;7;14;6;8;24;10;14;168;117;51;103.0;99.0;26.0;71.0;336.0;349.0;905
4302;Eijsden;2008;11646;2792;6869;1985;10123;1278;392;886;245;159;86;20;10;10;15;9;6;16;7;9;23;10;13;171;123;48;86.0;103.0;22.0;73.0;356.0;357.0;905
4303;Eijsden;2009;11579;2726;6813;2040;10043;1279;391;888;257;168;89;20;9;11;16;12;4;16;7;9;25;10;15;180;130;50;100.0;103.0;31.0;77.0;348.0;354.0;905
4304;Eijsden;2010;11522;2668;6746;2108;9988;1260;393;867;274;181;93;24;11;13;18;14;4;18;7;11;26;11;15;188;138;50;98.0;115.0;42.0;82.0;340.0;346.0;905
4305;Eijsden;2011;11461;2593;6713;2155;9896;1277;397;880;288;184;104;26;11;15;23;18;5;21;8;13;22;8;14;196;139;57;100.0;110.0;36.0;70.0;333.0;350.0;905
4306;Eijsden;2012;11400;2515;6664;2221;9822;1272;403;869;306;194;112;28;12;16;23;18;5;22;8;14;25;7;18;208;149;59;100.0;112.0;34.0;72.0;347.0;359.0;905
4307;Eijsden;2013;11336;2474;6556;2306;9756;1264;395;869;316;194;122;31;13;18;23;18;5;22;8;14;24;5;19;216;150;66;105.0;118.0;29.0;75.0;347.0;350.0;905
4308;Eijsden;2014;11272;2404;6490;2378;9688;1260;399;861;324;195;129;34;15;19;22;17;5;25;10;15;26;4;22;217;149;68;105.0;116.0;34.0;64.0;329.0;351.0;905
4309;Eijsden;2015;11209;2347;6422;2440;9605;1283;412;871;321;192;129;34;14;20;22;18;4;24;9;15;28;6;22;213;145;68;104.0;115.0;25.0;74.0;345.0;348.0;905
4310;Eijsden;2016;11145;2300;6322;2523;9546;1276;405;871;323;187;136;35;15;20;20;15;5;27;10;17;28;5;23;213;142;71;101.0;127.0;36.0;71.0;350.0;349.0;905
4311;Eijsden;2017;11084;2268;6239;2577;9460;1277;411;866;347;203;144;37;15;22;21;15;6;26;10;16;33;7;26;230;156;74;102.0;118.0;33.0;66.0;340.0;349.0;905
4312;Eijsden;2018;11028;2218;6172;2638;9390;1275;414;861;363;212;151;41;17;24;24;17;7;27;10;17;36;7;29;235;161;74;111.0;126.0;33.0;71.0;355.0;352.0;905
4313;Eijsden;2019;10978;2186;6100;2692;9320;1292;420;872;366;211;155;40;17;23;23;16;7;31;11;20;37;8;29;235;159;76;111.0;136.0;22.0;48.0;338.0;349.0;905
4314;Eijsden;2020;10917;2151;6014;2752;9244;1284;427;857;389;223;166;45;17;28;25;17;8;33;10;23;38;8;30;248;171;77;113.0;131.0;28.0;71.0;340.0;339.0;905
4315;Eijsden;2021;10856;2127;5937;2792;9182;1267;423;844;407;234;173;46;20;26;29;17;12;34;10;24;41;9;32;257;178;79;122.0;134.0;21.0;65.0;338.0;345.0;905
4316;Eijsden;2022;10791;2132;5826;2833;9107;1262;425;837;422;248;174;46;21;25;29;19;10;32;11;21;45;11;34;270;186;84;113.0;142.0;21.0;75.0;357.0;345.0;905
4317;Eijsden;2023;10720;2106;5754;2860;9040;1244;424;820;436;252;184;50;21;29;29;19;10;33;13;20;50;12;38;274;187;87;113.0;136.0;18.0;58.0;343.0;346.0;905
4318;Eijsden;2024;10655;2086;5682;2887;8987;1223;427;796;445;251;194;56;23;33;29;20;9;37;13;24;52;12;40;271;183;88;110.0;147.0;17.0;58.0;347.0;329.0;905
4319;Eijsden;2025;10596;2070;5605;2921;8908;1223;430;793;465;262;203;62;25;37;32;22;10;37;12;25;55;11;44;279;192;87;;;;;;;905
4320;Eindhoven;2006;210072;44905;132760;32407;155752;23922;10162;13760;30398;18017;12381;3538;2006;1532;2265;1444;821;9213;4923;4290;5064;2534;2530;10318;7110;3208;2441.0;1985.0;2175.0;2449.0;8273.0;8071.0;772
4321;Eindhoven;2007;210470;45419;132393;32658;156134;23836;10127;13709;30500;17642;12858;3538;1981;1557;2185;1354;831;9276;4919;4357;5150;2517;2633;10351;6871;3480;2476.0;2021.0;1990.0;2382.0;7756.0;7956.0;772
4322;Eindhoven;2008;210344;45694;131787;32863;156261;23615;9960;13655;30468;17256;13212;3512;1974;1538;2104;1289;815;9294;4888;4406;5234;2513;2721;10324;6592;3732;2453.0;2055.0;1819.0;2276.0;7767.0;7812.0;772
4323;Eindhoven;2009;210248;45983;131089;33176;156369;23421;9798;13623;30458;16930;13528;3503;1964;1539;2072;1249;823;9302;4853;4449;5295;2506;2789;10286;6358;3928;2407.0;2058.0;1827.0;2173.0;7561.0;7710.0;772
4324;Eindhoven;2010;210113;46166;130358;33589;156347;23258;9728;13530;30508;16655;13853;3486;1943;1543;2019;1215;804;9317;4806;4511;5367;2513;2854;10319;6178;4141;2399.0;2075.0;1844.0;2160.0;7476.0;7616.0;772
4325;Eindhoven;2011;209991;46226;129747;34018;156375;23082;9658;13424;30534;16365;14169;3507;1947;1560;1950;1166;784;9339;4768;4571;5432;2508;2924;10306;5976;4330;2324.0;2094.0;1800.0;2093.0;7465.0;7535.0;772
4326;Eindhoven;2012;209870;46183;128915;34772;156442;22956;9635;13321;30472;16058;14414;3479;1919;1560;1895;1111;784;9356;4747;4609;5468;2494;2974;10274;5787;4487;2321.0;2105.0;1759.0;2045.0;7385.0;7454.0;772
4327;Eindhoven;2013;209742;46125;128113;35504;156405;22837;9624;13213;30500;15822;14678;3475;1907;1568;1870;1089;781;9346;4679;4667;5541;2490;3051;10268;5657;4611;2288.0;2127.0;1766.0;2019.0;7359.0;7402.0;772
4328;Eindhoven;2014;209623;46148;127323;36152;156280;22770;9633;13137;30573;15690;14883;3444;1899;1545;1846;1087;759;9360;4649;4711;5591;2485;3106;10332;5570;4762;2239.0;2161.0;1727.0;1975.0;7334.0;7333.0;772
4329;Eindhoven;2015;209468;46090;126745;36633;156193;22595;9565;13030;30680;15549;15131;3492;1934;1558;1819;1063;756;9362;4634;4728;5645;2473;3172;10362;5445;4917;2197.0;2160.0;1693.0;1940.0;7328.0;7289.0;772
4330;Eindhoven;2016;209313;46020;126189;37104;155995;22556;9590;12966;30762;15444;15318;3500;1948;1552;1802;1043;759;9340;4616;4724;5668;2465;3203;10452;5372;5080;2206.0;2161.0;1629.0;1879.0;7304.0;7260.0;772
4331;Eindhoven;2017;209168;45967;125695;37506;155811;22469;9603;12866;30888;15361;15527;3547;1970;1577;1767;1026;741;9337;4599;4738;5684;2445;3239;10553;5321;5232;2158.0;2206.0;1613.0;1890.0;7352.0;7241.0;772
4332;Eindhoven;2018;208970;45822;125265;37883;155660;22311;9476;12835;30999;15330;15669;3573;1992;1581;1733;1002;731;9347;4587;4760;5681;2441;3240;10665;5308;5357;2124.0;2206.0;1556.0;1822.0;7344.0;7223.0;772
4333;Eindhoven;2019;208760;45590;124914;38256;155517;22175;9446;12729;31068;15263;15805;3601;2028;1573;1745;1014;731;9323;4545;4778;5699;2433;3266;10700;5243;5457;2111.0;2240.0;1530.0;1826.0;7379.0;7200.0;772
4334;Eindhoven;2020;208531;45293;124628;38610;155324;22027;9383;12644;31180;15232;15948;3621;2061;1560;1727;997;730;9295;4525;4770;5719;2421;3298;10818;5228;5590;2118.0;2262.0;1500.0;1776.0;7371.0;7195.0;772
4335;Eindhoven;2021;208306;44928;124217;39161;155179;21903;9296;12607;31224;15153;16071;3632;2073;1559;1701;984;717;9286;4499;4787;5712;2386;3326;10893;5211;5682;2112.0;2283.0;1487.0;1730.0;7368.0;7194.0;772
4336;Eindhoven;2022;208086;44592;123848;39646;155031;21785;9276;12509;31270;15097;16173;3665;2113;1552;1693;984;709;9283;4468;4815;5695;2371;3324;10934;5161;5773;2119.0;2296.0;1441.0;1725.0;7389.0;7169.0;772
4337;Eindhoven;2023;207864;44297;123406;40161;154807;21650;9216;12434;31407;15043;16364;3691;2144;1547;1677;960;717;9280;4438;4842;5712;2346;3366;11047;5155;5892;2119.0;2323.0;1411.0;1706.0;7424.0;7157.0;772
4338;Eindhoven;2024;207650;43887;123026;40737;154627;21528;9178;12350;31495;15014;16481;3732;2178;1554;1678;962;716;9242;4391;4851;5695;2329;3366;11148;5154;5994;2116.0;2344.0;1416.0;1638.0;7327.0;7131.0;772
4339;Eindhoven;2025;207415;43561;122512;41342;154373;21437;9137;12300;31605;15035;16570;3761;2214;1547;1663;963;700;9269;4393;4876;5683;2314;3369;11229;5151;6078;;;;;;;772
4340;Elburg;2006;22363;6199;13344;2820;21034;806;271;535;523;336;187;45;20;25;42;14;28;39;20;19;14;7;7;383;275;108;329.0;186.0;52.0;58.0;664.0;685.0;230
4341;Elburg;2007;22479;6170;13433;2876;21090;836;282;554;553;360;193;47;22;25;40;13;27;42;20;22;15;7;8;409;298;111;330.0;181.0;56.0;67.0;600.0;692.0;230
4342;Elburg;2008;22523;6143;13425;2955;21063;873;295;578;587;376;211;51;27;24;45;15;30;48;21;27;17;7;10;426;306;120;333.0;177.0;64.0;75.0;584.0;690.0;230
4343;Elburg;2009;22562;6118;13376;3068;21060;894;314;580;608;387;221;53;31;22;47;17;30;57;25;32;18;8;10;433;306;127;327.0;184.0;65.0;65.0;580.0;687.0;230
4344;Elburg;2010;22596;6103;13304;3189;21013;952;345;607;631;393;238;56;31;25;45;15;30;62;27;35;21;10;11;447;310;137;308.0;196.0;57.0;65.0;609.0;681.0;230
4345;Elburg;2011;22627;6063;13303;3261;21010;974;355;619;643;394;249;57;31;26;48;16;32;69;29;40;25;12;13;444;306;138;332.0;207.0;64.0;61.0;592.0;684.0;230
4346;Elburg;2012;22664;6046;13181;3437;20965;1029;379;650;670;403;267;63;33;30;54;20;34;72;29;43;27;14;13;454;307;147;307.0;197.0;62.0;79.0;609.0;683.0;230
4347;Elburg;2013;22688;6053;13071;3564;20914;1058;395;663;716;431;285;67;32;35;58;23;35;74;32;42;33;17;16;484;327;157;315.0;202.0;66.0;70.0;600.0;687.0;230
4348;Elburg;2014;22709;6046;12985;3678;20901;1076;411;665;732;425;307;68;29;39;60;25;35;78;33;45;36;17;19;490;321;169;329.0;193.0;54.0;71.0;590.0;684.0;230
4349;Elburg;2015;22737;6036;12918;3783;20878;1096;422;674;763;437;326;71;30;41;62;25;37;89;40;49;37;16;21;504;326;178;317.0;210.0;57.0;61.0;597.0;679.0;230
4350;Elburg;2016;22758;6002;12939;3817;20848;1130;447;683;780;444;336;73;31;42;59;24;35;91;39;52;42;17;25;515;333;182;293.0;214.0;67.0;76.0;619.0;676.0;230
4351;Elburg;2017;22772;6003;12882;3887;20837;1142;452;690;793;449;344;75;30;45;60;26;34;94;40;54;41;16;25;523;337;186;321.0;204.0;65.0;83.0;596.0;678.0;230
4352;Elburg;2018;22786;6008;12825;3953;20782;1166;465;701;838;474;364;77;30;47;59;26;33;100;40;60;37;14;23;565;364;201;322.0;211.0;74.0;65.0;581.0;675.0;230
4353;Elburg;2019;22811;6001;12809;4001;20765;1182;474;708;864;489;375;78;34;44;60;28;32;109;43;66;39;14;25;578;370;208;321.0;215.0;54.0;60.0;589.0;674.0;230
4354;Elburg;2020;22825;5969;12818;4038;20743;1211;492;719;871;496;375;80;36;44;61;30;31;108;43;65;43;13;30;579;374;205;321.0;239.0;61.0;63.0;599.0;675.0;230
4355;Elburg;2021;22831;5944;12803;4084;20737;1221;496;725;873;487;386;82;39;43;63;30;33;115;46;69;43;14;29;570;358;212;335.0;230.0;42.0;61.0;611.0;680.0;230
4356;Elburg;2022;22849;5929;12801;4119;20709;1245;509;736;895;494;401;87;39;48;61;31;30;120;48;72;44;14;30;583;362;221;321.0;239.0;59.0;59.0;584.0;671.0;230
4357;Elburg;2023;22849;5924;12771;4154;20662;1270;520;750;917;505;412;91;37;54;64;35;29;121;50;71;48;14;34;593;369;224;313.0;240.0;46.0;67.0;622.0;679.0;230
4358;Elburg;2024;22844;5938;12652;4254;20640;1274;515;759;930;504;426;97;41;56;66;37;29;121;50;71;49;13;36;597;363;234;322.0;243.0;54.0;77.0;614.0;670.0;230
4359;Elburg;2025;22844;5932;12637;4275;20596;1302;522;780;946;514;432;98;41;57;71;40;31;126;51;75;49;12;37;602;370;232;;;;;;;230
4360;Emmen;2006;108522;25771;65100;17651;96981;7400;2790;4610;4141;2559;1582;468;236;232;304;175;129;836;444;392;375;183;192;2158;1521;637;1161.0;1117.0;346.0;542.0;2890.0;2555.0;114
4361;Emmen;2007;108710;25642;65154;17914;97045;7372;2776;4596;4293;2585;1708;504;249;255;313;176;137;867;454;413;391;194;197;2218;1512;706;1140.0;1141.0;344.0;536.0;3094.0;2548.0;114
4362;Emmen;2008;109069;25547;65304;18218;97230;7366;2760;4606;4473;2619;1854;537;262;275;315;175;140;890;457;433;423;205;218;2308;1520;788;1124.0;1156.0;350.0;554.0;3071.0;2558.0;114
4363;Emmen;2009;109354;25447;65316;18591;97335;7391;2765;4626;4628;2656;1972;569;278;291;337;182;155;898;466;432;443;210;233;2381;1520;861;1114.0;1160.0;381.0;570.0;3103.0;2570.0;114
4364;Emmen;2010;109659;25388;65358;18913;97410;7453;2783;4670;4796;2690;2106;596;291;305;349;187;162;920;479;441;465;221;244;2466;1512;954;1106.0;1199.0;386.0;562.0;3135.0;2578.0;114
4365;Emmen;2011;109954;25294;65411;19249;97518;7480;2817;4663;4956;2733;2223;627;303;324;357;193;164;946;492;454;496;230;266;2530;1515;1015;1105.0;1196.0;380.0;558.0;3150.0;2579.0;114
4366;Emmen;2012;110269;25181;65174;19914;97600;7548;2870;4678;5121;2786;2335;656;317;339;380;211;169;973;503;470;516;236;280;2596;1519;1077;1105.0;1236.0;403.0;533.0;3158.0;2588.0;114
4367;Emmen;2013;110580;25080;64917;20583;97685;7587;2887;4700;5308;2854;2454;678;333;345;383;208;175;1019;528;491;535;242;293;2693;1543;1150;1123.0;1251.0;398.0;533.0;3150.0;2592.0;114
4368;Emmen;2014;110886;25074;64620;21192;97737;7633;2925;4708;5516;2930;2586;703;338;365;430;232;198;1029;524;505;552;253;299;2802;1583;1219;1121.0;1271.0;395.0;520.0;3181.0;2610.0;114
4369;Emmen;2015;111190;25050;64459;21681;97826;7682;2972;4710;5682;2980;2702;725;349;376;449;243;206;1053;533;520;562;256;306;2893;1599;1294;1149.0;1277.0;387.0;557.0;3205.0;2625.0;114
4370;Emmen;2016;111483;25044;64302;22137;97912;7715;2983;4732;5856;3033;2823;744;345;399;461;254;207;1080;546;534;578;261;317;2993;1627;1366;1153.0;1307.0;390.0;523.0;3178.0;2632.0;114
4371;Emmen;2017;111753;25032;64198;22523;97978;7798;3023;4775;5977;3054;2923;774;361;413;476;253;223;1104;553;551;599;266;333;3024;1621;1403;1170.0;1302.0;381.0;520.0;3183.0;2644.0;114
4372;Emmen;2018;112035;25002;64005;23028;98039;7843;3075;4768;6153;3123;3030;802;373;429;490;257;233;1143;575;568;613;273;340;3105;1645;1460;1175.0;1327.0;371.0;530.0;3231.0;2657.0;114
4373;Emmen;2019;112306;24948;63863;23495;98089;7854;3064;4790;6363;3193;3170;822;376;446;499;261;238;1187;590;597;635;283;352;3220;1683;1537;1182.0;1368.0;353.0;528.0;3250.0;2665.0;114
4374;Emmen;2020;112544;24860;63777;23907;98142;7881;3087;4794;6521;3247;3274;835;377;458;507;262;245;1213;605;608;645;285;360;3321;1718;1603;1190.0;1373.0;382.0;517.0;3230.0;2680.0;114
4375;Emmen;2021;112786;24845;63667;24274;98145;7920;3113;4807;6721;3319;3402;864;388;476;518;261;257;1248;628;620;666;293;373;3425;1749;1676;1203.0;1395.0;369.0;538.0;3260.0;2674.0;114
4376;Emmen;2022;113017;24811;63511;24695;98143;7995;3158;4837;6879;3370;3509;884;396;488;537;275;262;1266;642;624;687;297;390;3505;1760;1745;1212.0;1414.0;380.0;525.0;3221.0;2683.0;114
4377;Emmen;2023;113214;24815;63241;25158;98150;8010;3172;4838;7054;3460;3594;898;406;492;555;283;272;1302;664;638;699;307;392;3600;1800;1800;1237.0;1423.0;382.0;489.0;3185.0;2690.0;114
4378;Emmen;2024;113425;24911;62953;25561;98126;8060;3202;4858;7239;3558;3681;903;420;483;575;296;279;1343;685;658;719;309;410;3699;1848;1851;1226.0;1461.0;358.0;522.0;3241.0;2688.0;114
4379;Emmen;2025;113589;24885;62849;25855;98096;8081;3224;4857;7412;3641;3771;921;437;484;597;309;288;1397;713;684;743;320;423;3754;1862;1892;;;;;;;114
4380;Enkhuizen;2006;17323;4257;10694;2372;15024;1138;457;681;1161;666;495;116;52;64;50;28;22;376;203;173;131;66;65;488;317;171;174.0;124.0;37.0;52.0;585.0;640.0;388
4381;Enkhuizen;2007;17307;4202;10654;2451;14973;1160;450;710;1174;673;501;120;58;62;51;30;21;370;195;175;134;67;67;499;323;176;180.0;139.0;38.0;50.0;573.0;640.0;388
4382;Enkhuizen;2008;17273;4157;10597;2519;14905;1187;464;723;1181;672;509;128;60;68;56;36;20;361;186;175;135;66;69;501;324;177;173.0;138.0;40.0;60.0;582.0;634.0;388
4383;Enkhuizen;2009;17236;4119;10501;2616;14837;1212;477;735;1187;668;519;138;63;75;60;38;22;350;183;167;137;65;72;502;319;183;163.0;141.0;46.0;39.0;533.0;615.0;388
4384;Enkhuizen;2010;17181;4066;10393;2722;14729;1255;501;754;1197;664;533;148;67;81;61;38;23;347;180;167;143;64;79;498;315;183;158.0;144.0;39.0;42.0;561.0;619.0;388
4385;Enkhuizen;2011;17134;3996;10327;2811;14652;1260;512;748;1222;674;548;152;67;85;65;43;22;345;177;168;141;64;77;519;323;196;154.0;144.0;34.0;49.0;573.0;612.0;388
4386;Enkhuizen;2012;17088;3932;10167;2989;14559;1294;529;765;1235;688;547;153;68;85;68;45;23;344;177;167;141;67;74;529;331;198;150.0;156.0;39.0;50.0;569.0;612.0;388
4387;Enkhuizen;2013;17032;3863;10054;3115;14476;1316;543;773;1240;699;541;162;73;89;64;42;22;336;177;159;144;73;71;534;334;200;150.0;143.0;41.0;53.0;570.0;610.0;388
4388;Enkhuizen;2014;16986;3799;9923;3264;14369;1380;566;814;1237;689;548;168;79;89;60;39;21;326;171;155;143;70;73;540;330;210;141.0;160.0;48.0;44.0;574.0;602.0;388
4389;Enkhuizen;2015;16944;3702;9861;3381;14277;1405;574;831;1262;699;563;168;80;88;66;45;21;329;172;157;144;71;73;555;331;224;153.0;154.0;39.0;41.0;562.0;601.0;388
4390;Enkhuizen;2016;16901;3683;9711;3507;14182;1440;586;854;1279;705;574;178;85;93;73;47;26;323;172;151;141;68;73;564;333;231;170.0;174.0;30.0;39.0;555.0;590.0;388
4391;Enkhuizen;2017;16852;3612;9626;3614;14089;1472;580;892;1291;716;575;177;86;91;73;48;25;321;172;149;142;68;74;578;342;236;128.0;162.0;39.0;52.0;586.0;578.0;388
4392;Enkhuizen;2018;16813;3599;9486;3728;14025;1484;585;899;1304;706;598;186;87;99;75;49;26;306;162;144;143;65;78;594;343;251;146.0;171.0;33.0;42.0;574.0;584.0;388
4393;Enkhuizen;2019;16771;3558;9394;3819;13958;1502;581;921;1311;707;604;200;89;111;73;48;25;301;161;140;142;64;78;595;345;250;160.0;172.0;27.0;46.0;576.0;583.0;388
4394;Enkhuizen;2020;16734;3516;9290;3928;13873;1525;583;942;1336;725;611;214;94;120;73;49;24;301;163;138;136;62;74;612;357;255;153.0;180.0;33.0;38.0;572.0;570.0;388
4395;Enkhuizen;2021;16704;3494;9190;4020;13802;1543;597;946;1359;738;621;218;92;126;81;54;27;292;161;131;144;65;79;624;366;258;165.0;182.0;24.0;36.0;573.0;577.0;388
4396;Enkhuizen;2022;16673;3483;9084;4106;13714;1564;601;963;1395;766;629;220;91;129;85;58;27;290;163;127;152;69;83;648;385;263;142.0;181.0;37.0;32.0;577.0;570.0;388
4397;Enkhuizen;2023;16649;3458;9002;4189;13642;1589;619;970;1418;767;651;231;97;134;88;60;28;289;161;128;162;70;92;648;379;269;144.0;202.0;34.0;45.0;620.0;584.0;388
4398;Enkhuizen;2024;16618;3416;8973;4229;13592;1595;625;970;1431;774;657;227;94;133;90;61;29;283;156;127;172;73;99;659;390;269;160.0;191.0;38.0;38.0;578.0;580.0;388
4399;Enkhuizen;2025;16585;3389;8876;4320;13520;1627;635;992;1438;777;661;230;97;133;88;58;30;273;151;122;179;75;104;668;396;272;;;;;;;388
4400;Enschede;2006;153112;34703;96966;21443;113208;18537;7054;11483;21367;12445;8922;1936;1040;896;769;446;323;8770;4503;4267;2128;1034;1094;7764;5422;2342;1707.0;1531.0;1351.0;1856.0;5969.0;4761.0;153
4401;Enschede;2007;154004;35068;97280;21656;114071;18371;6861;11510;21562;12257;9305;1942;1037;905;766;437;329;8933;4506;4427;2163;1046;1117;7758;5231;2527;1704.0;1512.0;1354.0;1796.0;5946.0;4726.0;153
4402;Enschede;2008;154983;35356;97616;22011;114984;18221;6733;11488;21778;12120;9658;1949;1042;907;752;418;334;9115;4519;4596;2198;1050;1148;7764;5091;2673;1736.0;1531.0;1341.0;1727.0;5853.0;4696.0;153
4403;Enschede;2009;155969;35603;97909;22457;115848;18070;6654;11416;22051;12025;10026;1964;1049;915;760;424;336;9296;4539;4757;2251;1070;1181;7780;4943;2837;1774.0;1576.0;1359.0;1734.0;5849.0;4682.0;153
4404;Enschede;2010;156973;35856;98224;22893;116698;17935;6586;11349;22340;11953;10387;1957;1043;914;773;425;348;9448;4562;4886;2298;1074;1224;7864;4849;3015;1760.0;1562.0;1354.0;1693.0;5809.0;4671.0;153
4405;Enschede;2011;157983;36044;98717;23222;117442;17871;6520;11351;22670;11925;10745;1977;1051;926;827;456;371;9592;4572;5020;2341;1078;1263;7933;4768;3165;1789.0;1583.0;1383.0;1619.0;5723.0;4672.0;153
4406;Enschede;2012;159014;36233;98667;24114;118181;17807;6499;11308;23026;11926;11100;2005;1049;956;834;456;378;9717;4581;5136;2404;1111;1293;8066;4729;3337;1799.0;1581.0;1401.0;1622.0;5700.0;4669.0;153
4407;Enschede;2013;160053;36437;98677;24939;118946;17761;6479;11282;23346;11898;11448;2031;1048;983;847;461;386;9878;4620;5258;2466;1129;1337;8124;4640;3484;1803.0;1623.0;1350.0;1622.0;5741.0;4657.0;153
4408;Enschede;2014;161057;36655;98842;25560;119758;17662;6428;11234;23637;11870;11767;2062;1054;1008;883;475;408;10026;4642;5384;2496;1126;1370;8170;4573;3597;1836.0;1644.0;1338.0;1626.0;5693.0;4650.0;153
4409;Enschede;2015;162014;36798;99166;26050;120506;17574;6368;11206;23934;11875;12059;2067;1060;1007;929;508;421;10142;4665;5477;2540;1137;1403;8256;4505;3751;1816.0;1662.0;1328.0;1544.0;5687.0;4668.0;153
4410;Enschede;2016;162985;37082;99336;26567;121269;17459;6291;11168;24257;11925;12332;2091;1065;1026;966;537;429;10254;4685;5569;2589;1148;1441;8357;4490;3867;1818.0;1668.0;1303.0;1580.0;5678.0;4677.0;153
4411;Enschede;2017;163875;37241;99657;26977;122084;17267;6239;11028;24524;11935;12589;2126;1066;1060;1002;574;428;10317;4672;5645;2603;1153;1450;8476;4470;4006;1875.0;1710.0;1277.0;1519.0;5680.0;4691.0;153
4412;Enschede;2018;164798;37487;99836;27475;122814;17182;6193;10989;24802;11908;12894;2143;1068;1075;1019;576;443;10422;4668;5754;2648;1155;1493;8570;4441;4129;1897.0;1713.0;1232.0;1490.0;5675.0;4703.0;153
4413;Enschede;2019;165707;37587;100218;27902;123630;17063;6127;10936;25014;11879;13135;2171;1080;1091;1021;572;449;10516;4688;5828;2684;1157;1527;8622;4382;4240;1879.0;1724.0;1262.0;1463.0;5640.0;4718.0;153
4414;Enschede;2020;166593;37686;100538;28369;124361;16930;6079;10851;25302;11885;13417;2229;1111;1118;1025;568;457;10616;4722;5894;2733;1167;1566;8699;4317;4382;1921.0;1747.0;1197.0;1437.0;5606.0;4712.0;153
4415;Enschede;2021;167430;37754;100883;28793;125037;16820;6008;10812;25573;11914;13659;2249;1135;1114;1055;588;467;10706;4745;5961;2754;1159;1595;8809;4287;4522;1916.0;1778.0;1195.0;1425.0;5624.0;4730.0;153
4416;Enschede;2022;168243;37834;101240;29169;125758;16684;5937;10747;25801;11941;13860;2248;1132;1116;1074;618;456;10751;4747;6004;2792;1164;1628;8936;4280;4656;1943.0;1806.0;1182.0;1397.0;5590.0;4741.0;153
4417;Enschede;2023;169026;38055;101401;29570;126366;16498;5836;10662;26162;12031;14131;2278;1140;1138;1143;652;491;10828;4791;6037;2844;1162;1682;9069;4286;4783;1982.0;1846.0;1182.0;1376.0;5526.0;4746.0;153
4418;Enschede;2024;169759;38252;101466;30041;126875;16353;5750;10603;26531;12157;14374;2301;1147;1154;1162;654;508;10959;4864;6095;2870;1161;1709;9239;4331;4908;1985.0;1862.0;1220.0;1341.0;5443.0;4738.0;153
4419;Enschede;2025;170479;38416;101532;30531;127387;16215;5683;10532;26877;12276;14601;2331;1150;1181;1207;683;524;11097;4936;6161;2874;1141;1733;9368;4366;5002;;;;;;;153
4420;Epe;2006;33276;7792;19514;5970;29561;2142;796;1346;1573;898;675;66;30;36;88;35;53;938;501;437;56;33;23;425;299;126;327.0;324.0;79.0;99.0;883.0;853.0;232
4421;Epe;2007;33291;7727;19544;6020;29515;2166;811;1355;1610;920;690;72;35;37;88;35;53;949;502;447;59;34;25;442;314;128;320.0;331.0;91.0;110.0;839.0;857.0;232
4422;Epe;2008;33251;7645;19498;6108;29426;2163;815;1348;1662;949;713;79;38;41;95;44;51;958;508;450;66;39;27;464;320;144;313.0;347.0;99.0;105.0;836.0;855.0;232
4423;Epe;2009;33196;7585;19394;6217;29358;2166;805;1361;1672;957;715;83;39;44;98;45;53;943;506;437;73;41;32;475;326;149;327.0;326.0;93.0;84.0;795.0;864.0;232
4424;Epe;2010;33143;7526;19224;6393;29263;2185;814;1371;1695;976;719;90;42;48;98;46;52;948;511;437;77;44;33;482;333;149;312.0;350.0;112.0;113.0;841.0;863.0;232
4425;Epe;2011;33085;7433;19146;6506;29155;2209;836;1373;1721;992;729;96;47;49;98;45;53;949;512;437;81;45;36;497;343;154;308.0;346.0;98.0;102.0;821.0;853.0;232
4426;Epe;2012;33015;7381;18922;6712;29049;2228;850;1378;1738;1010;728;98;47;51;100;46;54;951;518;433;79;41;38;510;358;152;308.0;339.0;87.0;93.0;844.0;858.0;232
4427;Epe;2013;32969;7298;18758;6913;28950;2244;863;1381;1775;1037;738;106;52;54;100;48;52;951;519;432;79;42;37;539;376;163;316.0;343.0;98.0;92.0;840.0;877.0;232
4428;Epe;2014;32913;7231;18633;7049;28855;2260;886;1374;1798;1049;749;106;47;59;97;47;50;950;526;424;84;43;41;561;386;175;336.0;335.0;114.0;108.0;810.0;868.0;232
4429;Epe;2015;32866;7168;18533;7165;28728;2294;903;1391;1844;1082;762;111;48;63;100;48;52;946;528;418;88;45;43;599;413;186;327.0;349.0;88.0;93.0;843.0;873.0;232
4430;Epe;2016;32806;7112;18429;7265;28632;2316;912;1404;1858;1086;772;114;47;67;99;47;52;928;521;407;93;44;49;624;427;197;335.0;350.0;94.0;99.0;831.0;870.0;232
4431;Epe;2017;32745;7078;18300;7367;28532;2344;927;1417;1869;1087;782;110;43;67;100;48;52;928;523;405;96;44;52;635;429;206;334.0;360.0;115.0;98.0;825.0;865.0;232
4432;Epe;2018;32699;7033;18203;7463;28434;2370;958;1412;1895;1100;795;117;41;76;101;49;52;930;530;400;100;45;55;647;435;212;326.0;367.0;112.0;101.0;848.0;874.0;232
4433;Epe;2019;32650;6979;18167;7504;28349;2381;968;1413;1920;1119;801;120;43;77;105;50;55;930;534;396;104;47;57;661;445;216;355.0;357.0;87.0;96.0;829.0;874.0;232
4434;Epe;2020;32597;6971;18021;7605;28260;2393;975;1418;1944;1144;800;122;44;78;103;52;51;924;537;387;108;46;62;687;465;222;360.0;372.0;102.0;102.0;836.0;875.0;232
4435;Epe;2021;32552;6927;17959;7666;28180;2397;970;1427;1975;1152;823;130;47;83;110;56;54;918;528;390;111;48;63;706;473;233;342.0;370.0;101.0;98.0;853.0;881.0;232
4436;Epe;2022;32506;6919;17882;7705;28115;2395;978;1417;1996;1178;818;129;46;83;114;59;55;899;519;380;111;47;64;743;507;236;343.0;370.0;99.0;100.0;854.0;873.0;232
4437;Epe;2023;32461;6913;17812;7736;28014;2416;987;1429;2031;1196;835;132;48;84;118;62;56;900;518;382;113;46;67;768;522;246;358.0;391.0;106.0;90.0;824.0;856.0;232
4438;Epe;2024;32417;6926;17700;7791;27943;2417;990;1427;2057;1213;844;136;48;88;121;66;55;908;528;380;114;47;67;778;524;254;361.0;391.0;102.0;111.0;853.0;868.0;232
4439;Epe;2025;32369;6949;17564;7856;27840;2435;1006;1429;2094;1231;863;144;52;92;123;67;56;917;537;380;115;47;68;795;528;267;;;;;;;232
4440;Ermelo;2006;26355;6684;15352;4319;23955;1468;505;963;932;539;393;104;53;51;71;29;42;196;126;70;87;45;42;474;286;188;262.0;290.0;65.0;79.0;1212.0;1320.0;233
4441;Ermelo;2007;26208;6520;15380;4308;23796;1463;504;959;949;545;404;100;51;49;73;33;40;201;124;77;93;52;41;482;285;197;262.0;294.0;59.0;62.0;1200.0;1307.0;233
4442;Ermelo;2008;26066;6382;15320;4364;23654;1457;496;961;955;539;416;94;47;47;76;35;41;204;123;81;100;56;44;481;278;203;247.0;270.0;71.0;92.0;1204.0;1310.0;233
4443;Ermelo;2009;25920;6252;15229;4439;23452;1468;505;963;1000;572;428;98;49;49;76;35;41;211;130;81;104;59;45;511;299;212;243.0;294.0;78.0;73.0;1195.0;1305.0;233
4444;Ermelo;2010;25765;6123;15135;4507;23243;1475;517;958;1047;610;437;100;52;48;78;35;43;219;135;84;112;64;48;538;324;214;265.0;278.0;76.0;74.0;1150.0;1298.0;233
4445;Ermelo;2011;25610;6009;15044;4557;23032;1508;524;984;1070;623;447;105;54;51;84;38;46;215;136;79;122;73;49;544;322;222;251.0;280.0;75.0;77.0;1177.0;1291.0;233
4446;Ermelo;2012;25468;5898;14903;4667;22842;1511;522;989;1115;651;464;113;58;55;90;40;50;227;145;82;119;72;47;566;336;230;256.0;291.0;86.0;66.0;1142.0;1286.0;233
4447;Ermelo;2013;25309;5797;14747;4765;22680;1491;502;989;1138;663;475;115;57;58;93;43;50;230;151;79;125;77;48;575;335;240;255.0;287.0;92.0;71.0;1138.0;1271.0;233
4448;Ermelo;2014;25166;5716;14558;4892;22471;1513;509;1004;1182;679;503;127;58;69;107;50;57;234;150;84;134;80;54;580;341;239;249.0;288.0;67.0;62.0;1144.0;1258.0;233
4449;Ermelo;2015;25018;5618;14446;4954;22284;1531;509;1022;1203;684;519;135;60;75;116;54;62;241;154;87;130;78;52;581;338;243;245.0;289.0;63.0;89.0;1167.0;1247.0;233
4450;Ermelo;2016;24874;5561;14289;5024;22131;1528;510;1018;1215;697;518;130;58;72;121;57;64;237;156;81;132;80;52;595;346;249;244.0;288.0;65.0;84.0;1141.0;1235.0;233
4451;Ermelo;2017;24722;5477;14152;5093;21961;1543;517;1026;1218;703;515;135;59;76;114;55;59;237;157;80;131;81;50;601;351;250;250.0;284.0;64.0;80.0;1147.0;1239.0;233
4452;Ermelo;2018;24582;5416;14031;5135;21786;1568;541;1027;1228;706;522;134;57;77;111;56;55;238;154;84;131;79;52;614;360;254;263.0;296.0;69.0;76.0;1114.0;1218.0;233
4453;Ermelo;2019;24440;5361;13876;5203;21601;1580;559;1021;1259;709;550;137;56;81;117;59;58;248;158;90;137;81;56;620;355;265;251.0;295.0;84.0;51.0;1132.0;1226.0;233
4454;Ermelo;2020;24339;5316;13774;5249;21465;1558;555;1003;1316;739;577;148;61;87;122;63;59;269;171;98;136;80;56;641;364;277;250.0;300.0;88.0;73.0;1117.0;1197.0;233
4455;Ermelo;2021;24230;5259;13694;5277;21315;1569;576;993;1346;746;600;143;57;86;121;63;58;278;177;101;142;80;62;662;369;293;263.0;289.0;80.0;85.0;1107.0;1193.0;233
4456;Ermelo;2022;24116;5235;13556;5325;21165;1600;581;1019;1351;762;589;137;58;79;120;64;56;275;171;104;148;79;69;671;390;281;276.0;318.0;86.0;75.0;1120.0;1191.0;233
4457;Ermelo;2023;24016;5244;13411;5361;21002;1631;601;1030;1383;791;592;134;57;77;114;62;52;282;176;106;153;79;74;700;417;283;257.0;303.0;95.0;72.0;1119.0;1190.0;233
4458;Ermelo;2024;23926;5227;13268;5431;20876;1636;608;1028;1414;809;605;137;57;80;118;63;55;297;182;115;154;79;75;708;428;280;247.0;298.0;88.0;62.0;1126.0;1196.0;233
4459;Ermelo;2025;23835;5195;13158;5482;20725;1658;620;1038;1452;828;624;133;56;77;124;62;62;303;183;120;163;82;81;729;445;284;;;;;;;233
4460;Etten-Leur;2006;39555;9637;24812;5106;32910;3275;1342;1933;3370;2034;1336;255;144;111;242;106;136;812;447;365;671;337;334;1390;1000;390;416.0;298.0;219.0;194.0;1634.0;1280.0;777
4461;Etten-Leur;2007;40054;9660;25152;5242;33253;3347;1379;1968;3454;2068;1386;256;137;119;247;113;134;829;457;372;677;333;344;1445;1028;417;432.0;328.0;204.0;226.0;1876.0;1314.0;777
4462;Etten-Leur;2008;40703;9697;25642;5364;33708;3442;1413;2029;3553;2095;1458;268;138;130;253;113;140;843;454;389;690;339;351;1499;1051;448;408.0;327.0;220.0;215.0;1812.0;1342.0;777
4463;Etten-Leur;2009;41263;9684;26015;5564;34079;3519;1465;2054;3665;2145;1520;286;149;137;273;129;144;849;457;392;703;340;363;1554;1070;484;432.0;335.0;286.0;222.0;1886.0;1384.0;777
4464;Etten-Leur;2010;41929;9757;26379;5793;34502;3638;1550;2088;3789;2217;1572;298;156;142;283;139;144;852;463;389;720;341;379;1636;1118;518;424.0;343.0;272.0;204.0;1923.0;1409.0;777
4465;Etten-Leur;2011;42596;9787;26808;6001;34953;3741;1612;2129;3902;2268;1634;316;164;152;286;137;149;860;472;388;749;347;402;1691;1148;543;435.0;354.0;311.0;237.0;1957.0;1454.0;777
4466;Etten-Leur;2012;43258;9754;27165;6339;35362;3878;1700;2178;4018;2326;1692;326;165;161;297;142;155;873;480;393;763;351;412;1759;1188;571;438.0;351.0;310.0;264.0;1988.0;1471.0;777
4467;Etten-Leur;2013;43916;9755;27487;6674;35776;3993;1799;2194;4147;2394;1753;355;177;178;312;159;153;891;487;404;779;355;424;1810;1216;594;456.0;368.0;326.0;234.0;1953.0;1496.0;777
4468;Etten-Leur;2014;44558;9798;27796;6964;36184;4085;1862;2223;4289;2490;1799;374;185;189;340;175;165;903;501;402;794;356;438;1878;1273;605;462.0;383.0;342.0;242.0;1952.0;1531.0;777
4469;Etten-Leur;2015;45163;9875;28019;7269;36551;4217;1966;2251;4395;2547;1848;383;189;194;349;179;170;911;509;402;811;367;444;1941;1303;638;486.0;403.0;370.0;259.0;1952.0;1536.0;777
4470;Etten-Leur;2016;45779;9958;28289;7532;36889;4328;2045;2283;4562;2656;1906;402;203;199;352;185;167;924;524;400;831;369;462;2053;1375;678;502.0;413.0;369.0;251.0;1951.0;1574.0;777
4471;Etten-Leur;2017;46367;10063;28497;7807;37208;4438;2122;2316;4721;2752;1969;420;208;212;356;193;163;949;547;402;848;370;478;2148;1434;714;512.0;427.0;357.0;257.0;1943.0;1590.0;777
4472;Etten-Leur;2018;46911;10168;28706;8037;37529;4509;2182;2327;4873;2842;2031;428;211;217;374;204;170;958;564;394;854;373;481;2259;1490;769;541.0;438.0;376.0;260.0;1924.0;1613.0;777
4473;Etten-Leur;2019;47446;10250;28922;8274;37848;4627;2279;2348;4971;2894;2077;441;214;227;392;219;173;976;577;399;856;370;486;2306;1514;792;559.0;450.0;399.0;290.0;1919.0;1619.0;777
4474;Etten-Leur;2020;47970;10397;29084;8489;38155;4713;2322;2391;5102;2961;2141;457;215;242;402;226;176;995;595;400;870;366;504;2378;1559;819;547.0;454.0;384.0;264.0;1927.0;1656.0;777
4475;Etten-Leur;2021;48459;10471;29264;8724;38410;4818;2418;2400;5231;3028;2203;481;221;260;394;227;167;1008;606;402;882;362;520;2466;1612;854;556.0;476.0;417.0;278.0;1892.0;1635.0;777
4476;Etten-Leur;2022;48941;10581;29412;8948;38618;4936;2499;2437;5387;3109;2278;505;230;275;401;230;171;1016;618;398;903;371;532;2562;1660;902;584.0;473.0;390.0;264.0;1859.0;1653.0;777
4477;Etten-Leur;2023;49389;10685;29556;9148;38812;5021;2554;2467;5556;3203;2353;517;237;280;414;232;182;1041;640;401;906;368;538;2678;1726;952;580.0;494.0;396.0;282.0;1865.0;1663.0;777
4478;Etten-Leur;2024;49798;10826;29648;9324;39022;5108;2615;2493;5668;3254;2414;532;241;291;420;232;188;1052;649;403;916;369;547;2748;1763;985;600.0;490.0;397.0;299.0;1826.0;1653.0;777
4479;Etten-Leur;2025;50180;11004;29648;9528;39158;5217;2688;2529;5805;3331;2474;548;246;302;430;236;194;1067;668;399;919;366;553;2841;1815;1026;;;;;;;777
4480;Ferwerderadiel;2006;9089;2384;5481;1224;8570;332;118;214;187;109;78;22;8;14;23;16;7;5;3;2;11;5;6;126;77;49;117.0;75.0;20.0;11.0;307.0;349.0;1722
4481;Ferwerderadiel;2007;9101;2375;5488;1238;8549;342;127;215;210;125;85;24;8;16;30;20;10;6;4;2;11;5;6;139;88;51;113.0;76.0;24.0;15.0;302.0;348.0;1722
4482;Ferwerderadiel;2008;9102;2357;5486;1259;8512;355;135;220;235;143;92;27;10;17;28;19;9;9;7;2;11;5;6;160;102;58;127.0;89.0;35.0;11.0;284.0;349.0;1722
4483;Ferwerderadiel;2009;9101;2369;5444;1288;8469;380;143;237;252;155;97;30;10;20;32;23;9;9;7;2;10;5;5;171;110;61;120.0;69.0;22.0;12.0;280.0;345.0;1722
4484;Ferwerderadiel;2010;9101;2370;5396;1335;8437;399;153;246;265;162;103;32;11;21;31;21;10;9;7;2;12;6;6;181;117;64;129.0;83.0;27.0;11.0;288.0;355.0;1722
4485;Ferwerderadiel;2011;9097;2364;5368;1365;8395;423;162;261;279;177;102;34;13;21;27;18;9;11;8;3;12;7;5;195;131;64;112.0;82.0;27.0;15.0;304.0;351.0;1722
4486;Ferwerderadiel;2012;9091;2369;5312;1410;8353;443;174;269;295;190;105;37;14;23;31;22;9;14;11;3;12;7;5;201;136;65;132.0;74.0;46.0;17.0;269.0;356.0;1722
4487;Ferwerderadiel;2013;9093;2398;5231;1464;8318;456;181;275;319;209;110;36;13;23;32;22;10;18;13;5;12;7;5;221;154;67;120.0;78.0;26.0;21.0;302.0;353.0;1722
4488;Ferwerderadiel;2014;9094;2391;5193;1510;8294;475;186;289;325;212;113;35;13;22;35;24;11;19;14;5;13;8;5;223;153;70;119.0;76.0;41.0;15.0;288.0;355.0;1722
4489;Ferwerderadiel;2015;9097;2418;5125;1554;8254;502;202;300;341;223;118;36;15;21;37;25;12;21;16;5;13;8;5;234;159;75;110.0;75.0;42.0;14.0;291.0;350.0;1722
4490;Ferwerderadiel;2016;9100;2415;5093;1592;8222;525;221;304;353;226;127;39;15;24;38;26;12;24;19;5;13;8;5;239;158;81;114.0;79.0;35.0;17.0;289.0;349.0;1722
4491;Ferwerderadiel;2017;9096;2429;5041;1626;8180;551;228;323;365;234;131;41;16;25;36;25;11;23;19;4;13;8;5;252;166;86;121.0;78.0;47.0;21.0;283.0;357.0;1722
4492;Ferwerderadiel;2018;9091;2449;4996;1646;8147;566;236;330;378;239;139;44;16;28;38;25;13;24;20;4;12;7;5;260;171;89;115.0;83.0;34.0;19.0;301.0;356.0;1722
4493;Ferwerderadiel;2019;9085;2453;4973;1659;8105;593;244;349;387;252;135;42;15;27;38;25;13;26;22;4;14;7;7;267;183;84;115.0;82.0;31.0;28.0;312.0;360.0;1722
4494;Ferwerderadiel;2020;9073;2443;4924;1706;8086;594;244;350;393;250;143;43;16;27;38;24;14;27;23;4;14;7;7;271;180;91;123.0;81.0;38.0;21.0;293.0;356.0;1722
4495;Ferwerderadiel;2021;9070;2457;4898;1715;8053;610;252;358;407;262;145;42;15;27;38;26;12;31;27;4;16;7;9;280;187;93;120.0;83.0;39.0;17.0;291.0;359.0;1722
4496;Ferwerderadiel;2022;9060;2469;4853;1738;8019;617;260;357;424;273;151;44;17;27;37;25;12;31;28;3;15;6;9;297;197;100;124.0;86.0;40.0;17.0;278.0;347.0;1722
4497;Ferwerderadiel;2023;9051;2489;4797;1765;7980;632;281;351;439;291;148;43;16;27;42;30;12;36;32;4;15;6;9;303;207;96;112.0;76.0;39.0;19.0;304.0;361.0;1722
4498;Ferwerderadiel;2024;9049;2483;4766;1800;7945;644;288;356;460;303;157;43;16;27;44;32;12;37;33;4;15;6;9;321;216;105;110.0;94.0;45.0;17.0;308.0;359.0;1722
4499;Ferwerderadiel;2025;9044;2468;4748;1828;7913;679;306;373;452;296;156;42;17;25;43;31;12;36;32;4;14;6;8;317;210;107;;;;;;;1722
4500;Franekeradeel;2006;21058;5467;12530;3061;19135;1077;399;678;846;618;228;75;47;28;38;24;14;43;27;16;96;47;49;594;473;121;268.0;187.0;128.0;125.0;644.0;730.0;70
4501;Franekeradeel;2007;21060;5434;12520;3106;19105;1112;415;697;843;606;237;77;49;28;39;26;13;52;34;18;95;46;49;580;451;129;256.0;192.0;128.0;123.0;618.0;726.0;70
4502;Franekeradeel;2008;21024;5406;12454;3164;19046;1133;433;700;845;603;242;80;50;30;42;27;15;61;42;19;97;48;49;565;436;129;260.0;184.0;103.0;128.0;628.0;711.0;70
4503;Franekeradeel;2009;20989;5416;12305;3268;18983;1159;444;715;847;595;252;83;50;33;47;31;16;73;55;18;96;47;49;548;412;136;234.0;192.0;86.0;112.0;651.0;708.0;70
4504;Franekeradeel;2010;20948;5364;12217;3367;18917;1170;451;719;861;600;261;90;52;38;48;30;18;86;67;19;96;48;48;541;403;138;255.0;196.0;78.0;133.0;644.0;700.0;70
4505;Franekeradeel;2011;20897;5334;12113;3450;18864;1186;455;731;847;582;265;85;50;35;50;32;18;89;69;20;98;48;50;525;383;142;235.0;187.0;81.0;111.0;636.0;699.0;70
4506;Franekeradeel;2012;20857;5261;11991;3605;18800;1200;459;741;857;574;283;89;49;40;51;33;18;91;68;23;100;48;52;526;376;150;222.0;206.0;67.0;102.0;667.0;691.0;70
4507;Franekeradeel;2013;20812;5212;11875;3725;18755;1232;480;752;825;548;277;90;51;39;43;26;17;90;67;23;99;47;52;503;357;146;223.0;204.0;85.0;99.0;636.0;687.0;70
4508;Franekeradeel;2014;20765;5154;11771;3840;18687;1259;503;756;819;544;275;86;52;34;38;25;13;95;71;24;98;47;51;502;349;153;235.0;208.0;74.0;106.0;655.0;684.0;70
4509;Franekeradeel;2015;20733;5101;11708;3924;18626;1274;514;760;833;549;284;87;54;33;34;23;11;101;74;27;102;48;54;509;350;159;232.0;211.0;72.0;89.0;653.0;687.0;70
4510;Franekeradeel;2016;20706;5050;11646;4010;18578;1297;538;759;831;543;288;90;53;37;36;24;12;102;77;25;101;47;54;502;342;160;234.0;213.0;75.0;109.0;663.0;690.0;70
4511;Franekeradeel;2017;20668;4995;11553;4120;18522;1301;541;760;845;556;289;89;50;39;34;22;12;106;81;25;100;47;53;516;356;160;227.0;214.0;66.0;89.0;660.0;685.0;70
4512;Franekeradeel;2018;20635;4973;11460;4202;18448;1324;556;768;863;574;289;95;51;44;35;22;13;106;84;22;102;48;54;525;369;156;230.0;212.0;72.0;109.0;663.0;682.0;70
4513;Franekeradeel;2019;20596;4936;11327;4333;18390;1310;558;752;896;601;295;93;52;41;38;24;14;115;91;24;102;50;52;548;384;164;234.0;220.0;76.0;99.0;664.0;683.0;70
4514;Franekeradeel;2020;20569;4916;11222;4431;18332;1323;564;759;914;615;299;96;53;43;36;22;14;125;101;24;100;49;51;557;390;167;243.0;215.0;80.0;102.0;659.0;685.0;70
4515;Franekeradeel;2021;20548;4872;11155;4521;18273;1335;573;762;940;632;308;96;52;44;40;24;16;131;105;26;98;48;50;575;403;172;222.0;231.0;77.0;95.0;679.0;683.0;70
4516;Franekeradeel;2022;20520;4847;11067;4606;18202;1360;588;772;958;645;313;91;50;41;41;26;15;143;117;26;98;46;52;585;406;179;221.0;232.0;69.0;104.0;704.0;687.0;70
4517;Franekeradeel;2023;20497;4823;11003;4671;18128;1378;601;777;991;658;333;93;51;42;44;27;17;156;128;28;98;46;52;600;406;194;237.0;236.0;75.0;102.0;680.0;679.0;70
4518;Franekeradeel;2024;20473;4814;10909;4750;18075;1385;608;777;1013;664;349;94;51;43;45;28;17;165;134;31;101;47;54;608;404;204;224.0;242.0;76.0;91.0;717.0;694.0;70
4519;Franekeradeel;2025;20465;4777;10899;4789;18045;1393;618;775;1027;667;360;95;52;43;45;25;20;175;140;35;101;46;55;611;404;207;;;;;;;70
4520;Gaasterlân-Sleat;2006;10255;2662;5712;1881;9749;379;134;245;127;75;52;17;9;8;23;11;12;5;3;2;6;2;4;76;50;26;122.0;105.0;24.0;28.0;294.0;299.0;653
4521;Gaasterlân-Sleat;2007;10265;2637;5746;1882;9722;386;143;243;157;99;58;18;9;9;24;12;12;8;5;3;6;2;4;101;71;30;105.0;105.0;15.0;16.0;290.0;303.0;653
4522;Gaasterlân-Sleat;2008;10255;2593;5778;1884;9689;394;146;248;172;116;56;18;9;9;24;13;11;8;6;2;6;2;4;116;86;30;109.0;111.0;28.0;19.0;297.0;310.0;653
4523;Gaasterlân-Sleat;2009;10255;2548;5818;1889;9654;406;148;258;195;132;63;20;10;10;24;13;11;11;8;3;6;2;4;134;99;35;109.0;108.0;26.0;27.0;307.0;322.0;653
4524;Gaasterlân-Sleat;2010;10243;2493;5830;1920;9614;416;152;264;213;146;67;21;12;9;25;15;10;12;9;3;7;2;5;148;108;40;107.0;103.0;29.0;25.0;310.0;322.0;653
4525;Gaasterlân-Sleat;2011;10241;2474;5862;1905;9582;427;163;264;232;147;85;22;11;11;28;17;11;13;10;3;7;2;5;162;107;55;116.0;112.0;33.0;18.0;305.0;328.0;653
4526;Gaasterlân-Sleat;2012;10236;2436;5856;1944;9556;440;171;269;240;154;86;23;11;12;26;16;10;14;10;4;7;2;5;170;115;55;117.0;102.0;27.0;30.0;298.0;323.0;653
4527;Gaasterlân-Sleat;2013;10225;2407;5836;1982;9522;451;178;273;252;168;84;21;11;10;25;16;9;15;11;4;7;2;5;184;128;56;120.0;111.0;33.0;22.0;305.0;325.0;653
4528;Gaasterlân-Sleat;2014;10227;2387;5841;1999;9505;456;187;269;266;176;90;22;11;11;25;16;9;19;13;6;6;2;4;194;134;60;121.0;117.0;27.0;16.0;296.0;326.0;653
4529;Gaasterlân-Sleat;2015;10215;2369;5829;2017;9464;469;206;263;282;184;98;23;12;11;23;16;7;19;13;6;6;2;4;211;141;70;130.0;108.0;38.0;26.0;288.0;328.0;653
4530;Gaasterlân-Sleat;2016;10208;2389;5799;2020;9429;485;212;273;294;191;103;28;14;14;24;17;7;20;14;6;6;2;4;216;144;72;123.0;105.0;28.0;24.0;303.0;334.0;653
4531;Gaasterlân-Sleat;2017;10203;2386;5799;2018;9390;497;219;278;316;204;112;26;13;13;22;15;7;26;17;9;7;2;5;235;157;78;139.0;110.0;29.0;27.0;285.0;327.0;653
4532;Gaasterlân-Sleat;2018;10194;2370;5812;2012;9345;519;233;286;330;212;118;24;12;12;20;14;6;29;21;8;8;2;6;249;163;86;138.0;100.0;35.0;28.0;292.0;335.0;653
4533;Gaasterlân-Sleat;2019;10198;2395;5795;2008;9340;534;244;290;324;200;124;26;12;14;21;16;5;29;21;8;8;2;6;240;149;91;139.0;109.0;36.0;39.0;293.0;330.0;653
4534;Gaasterlân-Sleat;2020;10188;2389;5787;2012;9293;547;252;295;348;211;137;27;12;15;22;16;6;32;24;8;8;2;6;259;157;102;136.0;114.0;22.0;26.0;298.0;328.0;653
4535;Gaasterlân-Sleat;2021;10178;2404;5765;2009;9250;574;262;312;354;211;143;28;12;16;25;19;6;34;26;8;9;2;7;258;152;106;140.0;99.0;39.0;26.0;269.0;331.0;653
4536;Gaasterlân-Sleat;2022;10172;2404;5752;2016;9212;590;275;315;370;214;156;32;13;19;25;19;6;37;28;9;8;2;6;268;152;116;141.0;109.0;35.0;33.0;274.0;317.0;653
4537;Gaasterlân-Sleat;2023;10164;2427;5715;2022;9169;604;287;317;391;224;167;34;14;20;27;20;7;41;30;11;9;2;7;280;158;122;137.0;114.0;26.0;21.0;290.0;325.0;653
4538;Gaasterlân-Sleat;2024;10159;2448;5697;2014;9107;620;296;324;432;253;179;38;15;23;29;23;6;46;32;14;10;2;8;309;181;128;153.0;111.0;30.0;30.0;277.0;323.0;653
4539;Gaasterlân-Sleat;2025;10156;2469;5646;2041;9070;642;313;329;444;254;190;42;15;27;29;24;5;50;32;18;12;3;9;311;180;131;;;;;;;653
4540;Geertruidenberg;2006;20802;4767;13208;2827;19041;1237;438;799;524;322;202;119;73;46;57;33;24;95;48;47;32;21;11;221;147;74;217.0;199.0;33.0;54.0;560.0;535.0;779
4541;Geertruidenberg;2007;20828;4732;13160;2936;19030;1270;437;833;528;326;202;120;74;46;54;30;24;91;46;45;36;22;14;227;154;73;209.0;203.0;27.0;65.0;544.0;531.0;779
4542;Geertruidenberg;2008;20809;4670;13129;3010;18988;1271;433;838;550;335;215;126;75;51;58;34;24;93;45;48;37;21;16;236;160;76;205.0;211.0;32.0;59.0;540.0;530.0;779
4543;Geertruidenberg;2009;20789;4619;13060;3110;18955;1270;431;839;564;343;221;124;74;50;60;34;26;99;49;50;43;23;20;238;163;75;204.0;215.0;36.0;57.0;517.0;513.0;779
4544;Geertruidenberg;2010;20767;4586;12931;3250;18905;1278;431;847;584;353;231;125;74;51;65;35;30;101;54;47;45;24;21;248;166;82;198.0;207.0;40.0;59.0;513.0;518.0;779
4545;Geertruidenberg;2011;20738;4560;12796;3382;18831;1300;438;862;607;366;241;125;76;49;69;37;32;111;57;54;47;24;23;255;172;83;203.0;209.0;54.0;67.0;497.0;511.0;779
4546;Geertruidenberg;2012;20711;4508;12677;3526;18767;1319;456;863;625;381;244;126;75;51;71;39;32;116;59;57;49;26;23;263;182;81;181.0;215.0;45.0;60.0;542.0;513.0;779
4547;Geertruidenberg;2013;20695;4436;12590;3669;18713;1338;468;870;644;390;254;128;73;55;75;41;34;120;63;57;50;26;24;271;187;84;175.0;230.0;40.0;76.0;563.0;515.0;779
4548;Geertruidenberg;2014;20656;4369;12463;3824;18654;1347;475;872;655;399;256;127;75;52;71;40;31;120;63;57;54;27;27;283;194;89;176.0;211.0;43.0;56.0;524.0;518.0;779
4549;Geertruidenberg;2015;20620;4305;12342;3973;18570;1364;478;886;686;422;264;125;75;50;68;39;29;126;67;59;60;29;31;307;212;95;178.0;234.0;36.0;67.0;559.0;507.0;779
4550;Geertruidenberg;2016;20590;4231;12260;4099;18501;1393;486;907;696;425;271;123;74;49;71;40;31;133;71;62;63;28;35;306;212;94;197.0;237.0;34.0;54.0;542.0;514.0;779
4551;Geertruidenberg;2017;20560;4190;12161;4209;18438;1404;491;913;718;444;274;126;78;48;72;40;32;142;78;64;68;30;38;310;218;92;186.0;242.0;34.0;67.0;569.0;511.0;779
4552;Geertruidenberg;2018;20534;4147;12041;4346;18376;1428;504;924;730;448;282;125;73;52;70;39;31;148;84;64;70;31;39;317;221;96;178.0;251.0;39.0;54.0;560.0;507.0;779
4553;Geertruidenberg;2019;20505;4077;11955;4473;18310;1440;510;930;755;465;290;124;72;52;73;42;31;154;87;67;74;32;42;330;232;98;174.0;247.0;35.0;63.0;569.0;510.0;779
4554;Geertruidenberg;2020;20472;4054;11835;4583;18235;1452;516;936;785;487;298;126;73;53;74;43;31;159;89;70;79;34;45;347;248;99;179.0;262.0;39.0;50.0;561.0;503.0;779
4555;Geertruidenberg;2021;20439;4003;11754;4682;18182;1450;518;932;807;495;312;131;76;55;79;47;32;164;92;72;80;33;47;353;247;106;179.0;269.0;37.0;45.0;569.0;508.0;779
4556;Geertruidenberg;2022;20405;3947;11696;4762;18119;1466;526;940;820;499;321;131;75;56;79;48;31;162;91;71;85;36;49;363;249;114;184.0;260.0;34.0;34.0;562.0;510.0;779
4557;Geertruidenberg;2023;20385;3905;11635;4845;18075;1470;528;942;840;513;327;137;79;58;82;52;30;167;94;73;86;37;49;368;251;117;204.0;265.0;35.0;62.0;577.0;503.0;779
4558;Geertruidenberg;2024;20373;3925;11543;4905;18007;1487;529;958;879;537;342;140;82;58;88;57;31;169;92;77;91;38;53;391;268;123;193.0;278.0;30.0;55.0;568.0;500.0;779
4559;Geertruidenberg;2025;20334;3901;11440;4993;17950;1492;538;954;892;539;353;140;83;57;90;57;33;178;94;84;86;37;49;398;268;130;;;;;;;779
4560;Geldermalsen;2006;26539;7127;16131;3281;24470;1250;394;856;819;503;316;76;38;38;56;26;30;27;10;17;285;160;125;375;269;106;332.0;188.0;32.0;71.0;868.0;775.0;236
4561;Geldermalsen;2007;26735;7155;16213;3367;24601;1276;404;872;858;531;327;81;41;40;57;28;29;31;12;19;296;171;125;393;279;114;319.0;200.0;42.0;54.0;778.0;783.0;236
4562;Geldermalsen;2008;26841;7102;16251;3488;24652;1307;403;904;882;544;338;87;44;43;58;27;31;42;20;22;289;163;126;406;290;116;306.0;201.0;38.0;59.0;815.0;794.0;236
4563;Geldermalsen;2009;26947;7084;16235;3628;24685;1339;406;933;923;568;355;100;50;50;60;29;31;51;28;23;295;165;130;417;296;121;305.0;209.0;41.0;65.0;804.0;795.0;236
4564;Geldermalsen;2010;27030;7031;16217;3782;24698;1373;409;964;959;584;375;111;54;57;58;28;30;59;32;27;306;168;138;425;302;123;307.0;210.0;50.0;52.0;795.0;797.0;236
4565;Geldermalsen;2011;27126;7004;16233;3889;24710;1415;419;996;1001;609;392;115;54;61;62;30;32;67;38;29;303;166;137;454;321;133;305.0;223.0;42.0;56.0;809.0;799.0;236
4566;Geldermalsen;2012;27206;6947;16125;4134;24707;1456;430;1026;1043;637;406;119;55;64;64;34;30;75;45;30;308;169;139;477;334;143;314.0;228.0;39.0;54.0;810.0;809.0;236
4567;Geldermalsen;2013;27282;6905;16055;4322;24733;1482;435;1047;1067;649;418;121;56;65;63;32;31;78;45;33;316;170;146;489;346;143;297.0;210.0;42.0;49.0;810.0;803.0;236
4568;Geldermalsen;2014;27371;6866;15977;4528;24752;1510;451;1059;1109;667;442;128;58;70;64;31;33;87;49;38;308;162;146;522;367;155;318.0;223.0;37.0;50.0;814.0;814.0;236
4569;Geldermalsen;2015;27454;6863;15935;4656;24761;1545;477;1068;1148;683;465;130;58;72;67;32;35;90;50;40;317;166;151;544;377;167;323.0;226.0;40.0;57.0;807.0;823.0;236
4570;Geldermalsen;2016;27521;6812;15934;4775;24784;1558;475;1083;1179;700;479;133;58;75;71;36;35;102;54;48;313;160;153;560;392;168;305.0;220.0;47.0;50.0;814.0;825.0;236
4571;Geldermalsen;2017;27593;6793;15903;4897;24771;1603;492;1111;1219;727;492;138;59;79;76;42;34;114;61;53;310;157;153;581;408;173;305.0;227.0;48.0;58.0;811.0;817.0;236
4572;Geldermalsen;2018;27659;6744;15878;5037;24757;1646;518;1128;1256;752;504;140;60;80;80;45;35;121;65;56;311;157;154;604;425;179;322.0;243.0;53.0;56.0;807.0;827.0;236
4573;Geldermalsen;2019;27712;6726;15834;5152;24718;1681;535;1146;1313;803;510;147;67;80;84;48;36;132;71;61;312;156;156;638;461;177;333.0;244.0;52.0;50.0;789.0;834.0;236
4574;Geldermalsen;2020;27755;6675;15801;5279;24717;1708;552;1156;1330;811;519;143;64;79;86;49;37;140;77;63;310;154;156;651;467;184;325.0;251.0;41.0;62.0;828.0;836.0;236
4575;Geldermalsen;2021;27803;6609;15809;5385;24694;1742;554;1188;1367;837;530;143;65;78;86;50;36;146;81;65;312;155;157;680;486;194;332.0;254.0;40.0;72.0;824.0;835.0;236
4576;Geldermalsen;2022;27843;6544;15794;5505;24687;1775;561;1214;1381;839;542;147;67;80;88;51;37;155;81;74;310;156;154;681;484;197;335.0;251.0;43.0;66.0;822.0;849.0;236
4577;Geldermalsen;2023;27878;6512;15756;5610;24664;1794;570;1224;1420;871;549;147;66;81;90;52;38;159;85;74;312;158;154;712;510;202;328.0;271.0;48.0;64.0;826.0;841.0;236
4578;Geldermalsen;2024;27907;6472;15708;5727;24661;1797;570;1227;1449;882;567;148;65;83;97;58;39;169;89;80;312;157;155;723;513;210;335.0;285.0;60.0;46.0;803.0;844.0;236
4579;Geldermalsen;2025;27933;6493;15622;5818;24636;1831;585;1246;1466;880;586;151;63;88;96;57;39;179;96;83;309;153;156;731;511;220;;;;;;;236
4580;Geldrop-Mierlo;2006;37288;8926;22511;5851;32025;3234;1131;2103;2029;1152;877;291;140;151;197;123;74;398;199;199;221;98;123;922;592;330;370.0;314.0;101.0;235.0;1492.0;1561.0;1771
4581;Geldrop-Mierlo;2007;37147;8839;22354;5954;31837;3252;1123;2129;2058;1171;887;289;137;152;198;124;74;412;208;204;224;100;124;935;602;333;356.0;321.0;106.0;228.0;1491.0;1535.0;1771
4582;Geldrop-Mierlo;2008;37017;8728;22199;6090;31669;3286;1126;2160;2062;1158;904;298;145;153;202;125;77;418;206;212;223;100;123;921;582;339;334.0;318.0;125.0;224.0;1488.0;1533.0;1771
4583;Geldrop-Mierlo;2009;36888;8583;22031;6274;31528;3286;1125;2161;2074;1143;931;295;137;158;197;124;73;423;206;217;226;98;128;933;578;355;327.0;324.0;110.0;208.0;1494.0;1541.0;1771
4584;Geldrop-Mierlo;2010;36744;8441;21860;6443;31348;3312;1149;2163;2084;1151;933;306;143;163;196;120;76;420;204;216;235;106;129;927;578;349;323.0;335.0;113.0;227.0;1505.0;1537.0;1771
4585;Geldrop-Mierlo;2011;36588;8301;21693;6594;31215;3292;1132;2160;2081;1146;935;310;146;164;186;114;72;413;201;212;244;113;131;928;572;356;347.0;344.0;117.0;225.0;1488.0;1546.0;1771
4586;Geldrop-Mierlo;2012;36428;8175;21459;6794;31059;3289;1142;2147;2080;1143;937;311;148;163;180;109;71;425;210;215;243;112;131;921;564;357;326.0;376.0;94.0;215.0;1518.0;1533.0;1771
4587;Geldrop-Mierlo;2013;36243;8020;21258;6965;30892;3285;1126;2159;2066;1123;943;312;150;162;177;103;74;422;208;214;241;112;129;914;550;364;335.0;351.0;129.0;190.0;1470.0;1536.0;1771
4588;Geldrop-Mierlo;2014;36103;7875;21075;7153;30715;3288;1128;2160;2100;1132;968;318;151;167;172;100;72;426;205;221;252;118;134;932;558;374;334.0;383.0;97.0;225.0;1515.0;1501.0;1771
4589;Geldrop-Mierlo;2015;35941;7764;20876;7301;30534;3290;1120;2170;2117;1131;986;321;154;167;177;101;76;438;211;227;258;121;137;923;544;379;326.0;377.0;98.0;209.0;1497.0;1506.0;1771
4590;Geldrop-Mierlo;2016;35769;7692;20606;7471;30325;3324;1128;2196;2120;1125;995;325;156;169;175;97;78;446;214;232;254;117;137;920;541;379;339.0;375.0;99.0;192.0;1480.0;1507.0;1771
4591;Geldrop-Mierlo;2017;35613;7625;20400;7588;30162;3312;1120;2192;2139;1130;1009;330;157;173;175;97;78;441;213;228;256;119;137;937;544;393;341.0;386.0;118.0;198.0;1478.0;1505.0;1771
4592;Geldrop-Mierlo;2018;35462;7504;20265;7693;29973;3342;1133;2209;2147;1131;1016;327;156;171;164;89;75;442;218;224;256;113;143;958;555;403;336.0;381.0;106.0;188.0;1478.0;1504.0;1771
4593;Geldrop-Mierlo;2019;35317;7396;20096;7825;29822;3345;1146;2199;2150;1124;1026;324;154;170;164;87;77;450;224;226;266;119;147;946;540;406;336.0;402.0;88.0;187.0;1498.0;1504.0;1771
4594;Geldrop-Mierlo;2020;35151;7325;19897;7929;29648;3331;1129;2202;2172;1130;1042;334;158;176;165;86;79;453;224;229;276;122;154;944;540;404;358.0;415.0;89.0;178.0;1468.0;1486.0;1771
4595;Geldrop-Mierlo;2021;34991;7222;19755;8014;29467;3322;1124;2198;2202;1148;1054;343;157;186;164;87;77;453;223;230;278;121;157;964;560;404;355.0;414.0;80.0;186.0;1496.0;1484.0;1771
4596;Geldrop-Mierlo;2022;34842;7152;19604;8086;29323;3310;1120;2190;2209;1139;1070;343;152;191;162;85;77;453;220;233;293;125;168;958;557;401;353.0;427.0;93.0;186.0;1485.0;1481.0;1771
4597;Geldrop-Mierlo;2023;34682;7105;19407;8170;29183;3305;1120;2185;2194;1120;1074;344;146;198;153;80;73;463;224;239;292;126;166;942;544;398;367.0;416.0;86.0;158.0;1453.0;1484.0;1771
4598;Geldrop-Mierlo;2024;34535;7040;19246;8249;29030;3315;1129;2186;2190;1130;1060;337;148;189;158;87;71;466;224;242;292;128;164;937;543;394;366.0;424.0;92.0;173.0;1457.0;1466.0;1771
4599;Geldrop-Mierlo;2025;34396;7032;19070;8294;28881;3292;1131;2161;2223;1135;1088;343;147;196;164;87;77;467;224;243;301;130;171;948;547;401;;;;;;;1771
4600;Gemert-Bakel;2006;27733;7074;17119;3540;25613;1641;650;991;479;307;172;64;34;30;18;5;13;35;25;10;57;32;25;305;211;94;273.0;206.0;52.0;123.0;1005.0;928.0;1652
4601;Gemert-Bakel;2007;27808;6934;17254;3620;25637;1670;665;1005;501;326;175;65;35;30;21;7;14;41;27;14;56;31;25;318;226;92;264.0;210.0;48.0;127.0;1028.0;931.0;1652
4602;Gemert-Bakel;2008;27881;6804;17363;3714;25660;1703;669;1034;518;339;179;67;37;30;22;8;14;40;27;13;57;31;26;332;236;96;258.0;234.0;62.0;132.0;1070.0;956.0;1652
4603;Gemert-Bakel;2009;27950;6721;17458;3771;25698;1725;678;1047;527;346;181;64;35;29;25;11;14;46;32;14;62;33;29;330;235;95;263.0;228.0;73.0;139.0;1024.0;947.0;1652
4604;Gemert-Bakel;2010;27998;6581;17548;3869;25719;1728;679;1049;551;358;193;62;34;28;26;13;13;50;35;15;65;33;32;348;243;105;273.0;234.0;60.0;112.0;1025.0;954.0;1652
4605;Gemert-Bakel;2011;28055;6481;17579;3995;25742;1738;686;1052;575;377;198;62;36;26;28;15;13;55;37;18;66;34;32;364;255;109;276.0;237.0;63.0;118.0;1035.0;973.0;1652
4606;Gemert-Bakel;2012;28103;6366;17562;4175;25733;1775;689;1086;595;380;215;63;35;28;28;14;14;55;36;19;68;34;34;381;261;120;283.0;236.0;65.0;125.0;1026.0;982.0;1652
4607;Gemert-Bakel;2013;28133;6240;17564;4329;25748;1769;680;1089;616;392;224;64;35;29;29;15;14;56;36;20;69;34;35;398;272;126;287.0;250.0;45.0;123.0;1051.0;980.0;1652
4608;Gemert-Bakel;2014;28164;6155;17527;4482;25745;1806;700;1106;613;390;223;64;38;26;30;17;13;55;35;20;70;34;36;394;266;128;281.0;252.0;70.0;123.0;1037.0;975.0;1652
4609;Gemert-Bakel;2015;28203;6047;17503;4653;25737;1836;706;1130;630;402;228;63;37;26;37;20;17;61;41;20;76;36;40;393;268;125;301.0;261.0;59.0;131.0;1048.0;988.0;1652
4610;Gemert-Bakel;2016;28233;5997;17430;4806;25752;1831;717;1114;650;414;236;58;35;23;36;18;18;68;43;25;79;36;43;409;282;127;322.0;267.0;66.0;126.0;1005.0;972.0;1652
4611;Gemert-Bakel;2017;28262;5952;17372;4938;25736;1852;719;1133;674;426;248;60;37;23;38;16;22;75;49;26;80;35;45;421;289;132;327.0;289.0;54.0;112.0;1021.0;991.0;1652
4612;Gemert-Bakel;2018;28273;5928;17243;5102;25732;1868;726;1142;673;427;246;62;37;25;36;17;19;79;53;26;84;38;46;412;282;130;335.0;285.0;61.0;121.0;1004.0;988.0;1652
4613;Gemert-Bakel;2019;28283;5903;17136;5244;25732;1872;717;1155;679;421;258;65;36;29;36;16;20;78;51;27;86;38;48;414;280;134;332.0;277.0;63.0;113.0;980.0;965.0;1652
4614;Gemert-Bakel;2020;28305;5877;17020;5408;25713;1888;720;1168;704;443;261;71;37;34;36;16;20;81;55;26;88;37;51;428;298;130;334.0;283.0;66.0;115.0;986.0;976.0;1652
4615;Gemert-Bakel;2021;28320;5866;16903;5551;25703;1890;718;1172;727;456;271;74;39;35;38;18;20;90;60;30;89;36;53;436;303;133;356.0;294.0;50.0;101.0;969.0;973.0;1652
4616;Gemert-Bakel;2022;28327;5867;16800;5660;25695;1892;714;1178;740;470;270;78;41;37;39;20;19;99;68;31;90;37;53;434;304;130;344.0;294.0;50.0;106.0;980.0;970.0;1652
4617;Gemert-Bakel;2023;28333;5903;16620;5810;25683;1900;716;1184;750;475;275;78;39;39;40;21;19;95;64;31;90;38;52;447;313;134;356.0;311.0;53.0;107.0;979.0;961.0;1652
4618;Gemert-Bakel;2024;28343;5921;16491;5931;25658;1917;732;1185;768;487;281;82;41;41;39;21;18;99;67;32;95;38;57;453;320;133;360.0;315.0;72.0;96.0;949.0;960.0;1652
4619;Gemert-Bakel;2025;28354;5989;16288;6077;25643;1918;743;1175;793;502;291;85;42;43;41;22;19;111;76;35;95;36;59;461;326;135;;;;;;;1652
4620;Gennep;2006;16968;3896;10630;2442;14462;1833;542;1291;673;405;268;27;16;11;33;18;15;68;37;31;272;138;134;273;196;77;147.0;169.0;31.0;54.0;610.0;523.0;907
4621;Gennep;2007;17010;3822;10744;2444;14514;1815;540;1275;681;409;272;28;17;11;33;19;14;71;39;32;267;135;132;282;199;83;155.0;180.0;28.0;66.0;579.0;522.0;907
4622;Gennep;2008;17005;3761;10730;2514;14517;1809;525;1284;679;417;262;29;18;11;34;19;15;73;41;32;262;134;128;281;205;76;151.0;171.0;37.0;43.0;551.0;522.0;907
4623;Gennep;2009;17010;3749;10687;2574;14525;1816;520;1296;669;404;265;31;19;12;34;17;17;73;40;33;251;127;124;280;201;79;146.0;177.0;34.0;44.0;560.0;530.0;907
4624;Gennep;2010;17002;3691;10691;2620;14521;1817;525;1292;664;397;267;30;18;12;31;16;15;78;43;35;244;119;125;281;201;80;154.0;181.0;33.0;44.0;567.0;527.0;907
4625;Gennep;2011;17001;3650;10679;2672;14507;1813;526;1287;681;409;272;32;20;12;32;18;14;78;45;33;248;119;129;291;207;84;155.0;170.0;37.0;43.0;542.0;528.0;907
4626;Gennep;2012;16994;3595;10606;2793;14479;1826;525;1301;689;413;276;36;21;15;31;18;13;81;47;34;250;117;133;291;210;81;139.0;172.0;33.0;47.0;556.0;526.0;907
4627;Gennep;2013;16977;3527;10520;2930;14435;1833;543;1290;709;421;288;40;22;18;31;17;14;82;48;34;252;117;135;304;217;87;166.0;177.0;45.0;43.0;536.0;539.0;907
4628;Gennep;2014;16966;3508;10418;3040;14424;1826;541;1285;716;416;300;38;20;18;29;15;14;86;48;38;252;115;137;311;218;93;164.0;188.0;45.0;47.0;546.0;528.0;907
4629;Gennep;2015;16958;3480;10341;3137;14395;1826;552;1274;737;425;312;43;22;21;31;16;15;89;49;40;251;111;140;323;227;96;152.0;201.0;37.0;54.0;574.0;529.0;907
4630;Gennep;2016;16938;3446;10267;3225;14375;1821;556;1265;742;423;319;42;20;22;36;18;18;87;47;40;249;112;137;328;226;102;159.0;184.0;30.0;48.0;569.0;541.0;907
4631;Gennep;2017;16921;3413;10182;3326;14332;1833;560;1273;756;424;332;47;23;24;37;19;18;92;49;43;245;105;140;335;228;107;171.0;198.0;35.0;47.0;567.0;529.0;907
4632;Gennep;2018;16924;3397;10092;3435;14323;1844;578;1266;757;416;341;51;25;26;41;20;21;98;52;46;238;100;138;329;219;110;184.0;188.0;28.0;41.0;538.0;530.0;907
4633;Gennep;2019;16916;3380;10003;3533;14303;1844;578;1266;769;419;350;52;25;27;43;18;25;99;53;46;234;96;138;341;227;114;162.0;211.0;30.0;51.0;575.0;536.0;907
4634;Gennep;2020;16887;3349;9930;3608;14268;1847;581;1266;772;411;361;51;25;26;41;14;27;98;53;45;234;93;141;348;226;122;177.0;205.0;28.0;43.0;566.0;534.0;907
4635;Gennep;2021;16877;3314;9837;3726;14255;1839;580;1259;783;417;366;51;24;27;45;17;28;101;58;43;245;95;150;341;223;118;182.0;219.0;34.0;46.0;573.0;542.0;907
4636;Gennep;2022;16860;3319;9742;3799;14213;1838;579;1259;809;434;375;57;26;31;47;19;28;104;60;44;247;95;152;354;234;120;173.0;213.0;38.0;53.0;563.0;530.0;907
4637;Gennep;2023;16839;3316;9649;3874;14171;1830;595;1235;838;437;401;57;25;32;49;18;31;109;60;49;251;91;160;372;243;129;187.0;217.0;31.0;55.0;557.0;525.0;907
4638;Gennep;2024;16820;3336;9562;3922;14157;1827;604;1223;836;427;409;56;24;32;49;18;31;113;60;53;250;89;161;368;236;132;177.0;215.0;23.0;43.0;545.0;523.0;907
4639;Gennep;2025;16788;3370;9427;3991;14125;1826;613;1213;837;431;406;53;22;31;47;18;29;115;61;54;247;89;158;375;241;134;;;;;;;907
4640;Giessenlanden;2006;14341;3910;8506;1925;13422;649;228;421;270;163;107;40;22;18;27;7;20;18;7;11;29;17;12;156;110;46;174.0;99.0;26.0;24.0;359.0;455.0;689
4641;Giessenlanden;2007;14324;3885;8481;1958;13342;683;225;458;299;180;119;42;21;21;29;8;21;21;10;11;33;19;14;174;122;52;158.0;94.0;23.0;30.0;352.0;449.0;689
4642;Giessenlanden;2008;14284;3867;8372;2045;13240;711;238;473;333;193;140;51;23;28;27;7;20;24;12;12;39;22;17;192;129;63;142.0;116.0;27.0;31.0;383.0;447.0;689
4643;Giessenlanden;2009;14243;3811;8307;2125;13134;742;247;495;367;210;157;59;27;32;29;8;21;31;16;15;44;21;23;204;138;66;155.0;115.0;30.0;29.0;360.0;440.0;689
4644;Giessenlanden;2010;14205;3777;8217;2211;13030;786;265;521;389;218;171;58;25;33;33;10;23;32;16;16;47;21;26;219;146;73;135.0;122.0;27.0;35.0;400.0;443.0;689
4645;Giessenlanden;2011;14169;3737;8161;2271;12940;808;275;533;421;237;184;62;27;35;38;15;23;35;16;19;45;21;24;241;158;83;140.0;110.0;39.0;21.0;342.0;440.0;689
4646;Giessenlanden;2012;14122;3700;8021;2401;12826;845;291;554;451;245;206;73;31;42;38;15;23;36;17;19;50;23;27;254;159;95;146.0;122.0;28.0;16.0;363.0;445.0;689
4647;Giessenlanden;2013;14077;3668;7923;2486;12735;868;300;568;474;254;220;79;34;45;36;14;22;42;19;23;51;22;29;266;165;101;136.0;122.0;34.0;30.0;376.0;435.0;689
4648;Giessenlanden;2014;14043;3615;7844;2584;12621;904;311;593;518;276;242;80;34;46;42;16;26;46;21;25;58;22;36;292;183;109;127.0;126.0;37.0;22.0;371.0;447.0;689
4649;Giessenlanden;2015;13984;3578;7733;2673;12508;927;321;606;549;286;263;80;33;47;40;14;26;51;22;29;68;26;42;310;191;119;136.0;111.0;27.0;21.0;373.0;443.0;689
4650;Giessenlanden;2016;13946;3535;7678;2733;12409;949;326;623;588;313;275;83;35;48;43;18;25;55;25;30;70;26;44;337;209;128;139.0;130.0;27.0;28.0;384.0;445.0;689
4651;Giessenlanden;2017;13894;3489;7610;2795;12286;976;340;636;632;334;298;85;36;49;43;18;25;62;29;33;73;28;45;369;223;146;129.0;130.0;30.0;24.0;387.0;438.0;689
4652;Giessenlanden;2018;13848;3419;7577;2852;12182;999;353;646;667;350;317;87;38;49;43;19;24;64;29;35;79;28;51;394;236;158;157.0;130.0;33.0;34.0;391.0;456.0;689
4653;Giessenlanden;2019;13808;3361;7552;2895;12080;1017;363;654;711;364;347;89;39;50;48;21;27;68;33;35;83;28;55;423;243;180;131.0;131.0;29.0;17.0;404.0;456.0;689
4654;Giessenlanden;2020;13767;3306;7528;2933;11972;1048;382;666;747;383;364;99;43;56;49;23;26;77;37;40;86;29;57;436;251;185;137.0;144.0;29.0;22.0;400.0;458.0;689
4655;Giessenlanden;2021;13714;3247;7504;2963;11864;1062;395;667;788;397;391;104;44;60;55;27;28;84;40;44;92;30;62;453;256;197;136.0;137.0;30.0;31.0;385.0;447.0;689
4656;Giessenlanden;2022;13650;3200;7464;2986;11739;1093;408;685;818;406;412;107;45;62;54;26;28;92;46;46;97;30;67;468;259;209;149.0;142.0;26.0;22.0;394.0;450.0;689
4657;Giessenlanden;2023;13606;3175;7393;3038;11656;1102;420;682;848;421;427;113;46;67;59;29;30;97;50;47;101;31;70;478;265;213;128.0;148.0;36.0;30.0;403.0;445.0;689
4658;Giessenlanden;2024;13555;3134;7377;3044;11549;1137;433;704;869;431;438;114;45;69;64;34;30;104;53;51;104;32;72;483;267;216;133.0;146.0;37.0;27.0;386.0;449.0;689
4659;Giessenlanden;2025;13493;3074;7328;3091;11436;1157;444;713;900;445;455;110;44;66;65;34;31;113;55;58;105;31;74;507;281;226;;;;;;;689
4660;Gilze en Rijen;2006;25119;6321;15521;3277;21754;1802;628;1174;1563;873;690;84;43;41;74;33;41;850;431;419;86;48;38;469;318;151;256.0;172.0;140.0;95.0;665.0;768.0;784
4661;Gilze en Rijen;2007;25144;6264;15477;3403;21690;1845;672;1173;1609;910;699;92;48;44;76;32;44;860;438;422;90;51;39;491;341;150;273.0;186.0;166.0;95.0;677.0;773.0;784
4662;Gilze en Rijen;2008;25208;6273;15425;3510;21629;1915;712;1203;1664;952;712;96;47;49;79;34;45;871;452;419;96;52;44;522;367;155;272.0;187.0;188.0;99.0;652.0;785.0;784
4663;Gilze en Rijen;2009;25248;6253;15336;3659;21571;1965;768;1197;1712;980;732;97;46;51;79;35;44;886;463;423;104;55;49;546;381;165;265.0;190.0;229.0;111.0;680.0;801.0;784
4664;Gilze en Rijen;2010;25318;6233;15312;3773;21501;2039;820;1219;1778;1037;741;108;48;60;86;40;46;906;490;416;107;59;48;571;400;171;268.0;177.0;251.0;110.0;641.0;813.0;784
4665;Gilze en Rijen;2011;25383;6214;15268;3901;21440;2126;889;1237;1817;1069;748;114;51;63;87;43;44;920;500;420;107;60;47;589;415;174;249.0;201.0;258.0;123.0;685.0;813.0;784
4666;Gilze en Rijen;2012;25437;6173;15212;4052;21335;2222;954;1268;1880;1116;764;121;54;67;91;46;45;931;515;416;115;64;51;622;437;185;281.0;188.0;284.0;126.0;627.0;810.0;784
4667;Gilze en Rijen;2013;25509;6153;15168;4188;21237;2311;1031;1280;1961;1162;799;130;57;73;85;42;43;972;550;422;121;67;54;653;446;207;295.0;189.0;296.0;127.0;627.0;830.0;784
4668;Gilze en Rijen;2014;25580;6168;15042;4370;21140;2425;1131;1294;2015;1204;811;130;55;75;90;46;44;999;581;418;121;65;56;675;457;218;270.0;206.0;292.0;137.0;653.0;826.0;784
4669;Gilze en Rijen;2015;25627;6171;14928;4528;21074;2519;1214;1305;2034;1226;808;134;55;79;94;51;43;1013;604;409;121;63;58;672;453;219;278.0;216.0;325.0;147.0;650.0;841.0;784
4670;Gilze en Rijen;2016;25675;6208;14795;4672;21000;2579;1275;1304;2096;1275;821;136;57;79;96;52;44;1046;640;406;121;63;58;697;463;234;286.0;216.0;318.0;155.0;657.0;837.0;784
4671;Gilze en Rijen;2017;25728;6256;14653;4819;20905;2650;1348;1302;2173;1326;847;138;58;80;104;59;45;1081;673;408;122;62;60;728;474;254;272.0;225.0;315.0;147.0;679.0;850.0;784
4672;Gilze en Rijen;2018;25772;6239;14599;4934;20829;2711;1403;1308;2232;1381;851;142;61;81;112;65;47;1119;716;403;124;61;63;735;478;257;288.0;223.0;310.0;126.0;636.0;852.0;784
4673;Gilze en Rijen;2019;25807;6289;14496;5022;20726;2803;1472;1331;2278;1424;854;145;65;80;112;65;47;1145;748;397;123;61;62;753;485;268;283.0;222.0;300.0;142.0;655.0;837.0;784
4674;Gilze en Rijen;2020;25850;6313;14370;5167;20642;2853;1525;1328;2355;1484;871;150;64;86;110;65;45;1186;801;385;130;63;67;779;491;288;299.0;244.0;304.0;165.0;669.0;837.0;784
4675;Gilze en Rijen;2021;25876;6364;14276;5236;20547;2885;1566;1319;2444;1538;906;146;63;83;111;65;46;1238;844;394;135;65;70;814;501;313;295.0;235.0;308.0;146.0;654.0;844.0;784
4676;Gilze en Rijen;2022;25912;6429;14161;5322;20436;2941;1615;1326;2535;1619;916;157;71;86;113;67;46;1302;911;391;138;66;72;825;504;321;280.0;247.0;317.0;134.0;648.0;844.0;784
4677;Gilze en Rijen;2023;25936;6487;14052;5397;20335;2957;1639;1318;2644;1703;941;156;70;86;118;70;48;1380;985;395;143;64;79;847;514;333;306.0;251.0;336.0;147.0;635.0;845.0;784
4678;Gilze en Rijen;2024;25974;6570;13928;5476;20203;2997;1674;1323;2774;1808;966;167;73;94;118;71;47;1466;1077;389;149;65;84;874;522;352;295.0;251.0;351.0;151.0;632.0;852.0;784
4679;Gilze en Rijen;2025;26001;6481;13965;5555;20102;3029;1694;1335;2870;1889;981;172;77;95;117;69;48;1564;1166;398;152;66;86;865;511;354;;;;;;;784
4680;Goedereede;2006;11617;2954;6907;1756;11006;381;141;240;230;136;94;54;20;34;18;15;3;8;6;2;28;11;17;122;84;38;149.0;104.0;12.0;28.0;335.0;344.0;511
4681;Goedereede;2007;11637;2967;6897;1773;10958;411;159;252;268;156;112;65;27;38;23;18;5;14;9;5;34;15;19;132;87;45;138.0;104.0;17.0;21.0;311.0;330.0;511
4682;Goedereede;2008;11650;2940;6881;1829;10884;451;180;271;315;188;127;73;33;40;29;22;7;18;12;6;39;17;22;156;104;52;142.0;102.0;25.0;27.0;305.0;342.0;511
4683;Goedereede;2009;11652;2926;6851;1875;10811;483;194;289;358;208;150;82;37;45;31;20;11;26;15;11;43;20;23;176;116;60;145.0;106.0;15.0;34.0;314.0;325.0;511
4684;Goedereede;2010;11660;2914;6821;1925;10746;515;208;307;399;222;177;88;39;49;34;20;14;35;18;17;49;21;28;193;124;69;147.0;117.0;19.0;23.0;322.0;338.0;511
4685;Goedereede;2011;11669;2893;6831;1945;10681;555;228;327;433;246;187;91;45;46;36;21;15;35;18;17;50;22;28;221;140;81;155.0;121.0;20.0;24.0;293.0;333.0;511
4686;Goedereede;2012;11663;2915;6718;2030;10626;600;250;350;437;246;191;95;50;45;36;20;16;38;19;19;51;22;29;217;135;82;133.0;111.0;23.0;30.0;316.0;334.0;511
4687;Goedereede;2013;11662;2893;6672;2097;10538;642;271;371;482;270;212;100;54;46;43;24;19;43;23;20;55;23;32;241;146;95;137.0;120.0;29.0;28.0;307.0;335.0;511
4688;Goedereede;2014;11654;2894;6602;2158;10491;666;281;385;497;276;221;108;56;52;44;25;19;47;25;22;56;24;32;242;146;96;149.0;116.0;17.0;32.0;316.0;332.0;511
4689;Goedereede;2015;11656;2902;6541;2213;10427;706;288;418;523;290;233;115;60;55;46;29;17;49;25;24;65;27;38;248;149;99;144.0;100.0;23.0;19.0;287.0;334.0;511
4690;Goedereede;2016;11657;2857;6537;2263;10359;748;300;448;550;306;244;117;62;55;50;28;22;51;27;24;65;26;39;267;163;104;147.0;116.0;26.0;29.0;298.0;323.0;511
4691;Goedereede;2017;11663;2862;6494;2307;10273;803;326;477;587;331;256;117;61;56;58;33;25;59;32;27;66;27;39;287;178;109;154.0;119.0;23.0;29.0;307.0;338.0;511
4692;Goedereede;2018;11661;2874;6433;2354;10216;836;328;508;609;333;276;118;61;57;57;29;28;65;35;30;70;30;40;299;178;121;136.0;123.0;23.0;38.0;329.0;332.0;511
4693;Goedereede;2019;11658;2861;6398;2399;10137;875;341;534;646;348;298;124;62;62;58;30;28;74;38;36;69;29;40;321;189;132;146.0;120.0;22.0;31.0;314.0;345.0;511
4694;Goedereede;2020;11644;2848;6357;2439;10067;904;356;548;673;360;313;125;65;60;63;34;29;77;39;38;77;31;46;331;191;140;146.0;121.0;16.0;28.0;320.0;340.0;511
4695;Goedereede;2021;11636;2832;6343;2461;10011;928;366;562;697;368;329;129;64;65;63;35;28;83;40;43;79;32;47;343;197;146;146.0;131.0;21.0;32.0;321.0;330.0;511
4696;Goedereede;2022;11631;2819;6314;2498;9944;962;378;584;725;382;343;135;67;68;67;38;29;84;40;44;84;31;53;355;206;149;151.0;127.0;25.0;19.0;293.0;344.0;511
4697;Goedereede;2023;11612;2825;6272;2515;9879;989;380;609;744;391;353;130;63;67;74;40;34;88;43;45;83;32;51;369;213;156;148.0;117.0;20.0;29.0;305.0;337.0;511
4698;Goedereede;2024;11603;2786;6241;2576;9827;1021;387;634;755;399;356;141;69;72;69;39;30;92;45;47;85;32;53;368;214;154;159.0;128.0;12.0;27.0;314.0;338.0;511
4699;Goedereede;2025;11597;2780;6226;2591;9773;1043;400;643;781;398;383;150;69;81;70;39;31;97;47;50;96;36;60;368;207;161;;;;;;;511
4700;Goes;2006;36561;8637;21774;6150;31874;2593;1060;1533;2094;1245;849;519;266;253;99;55;44;185;103;82;259;123;136;1032;698;334;379.0;413.0;104.0;127.0;1390.0;1286.0;664
4701;Goes;2007;36610;8598;21924;6088;31883;2613;1059;1554;2114;1250;864;517;267;250;107;61;46;197;112;85;260;124;136;1033;686;347;372.0;402.0;97.0;123.0;1418.0;1296.0;664
4702;Goes;2008;36676;8562;22067;6047;31931;2619;1077;1542;2126;1263;863;512;266;246;112;63;49;206;115;91;264;127;137;1032;692;340;371.0;391.0;84.0;103.0;1396.0;1311.0;664
4703;Goes;2009;36722;8535;22167;6020;31952;2635;1081;1554;2135;1248;887;498;255;243;114;63;51;212;117;95;268;125;143;1043;688;355;381.0;371.0;110.0;99.0;1374.0;1318.0;664
4704;Goes;2010;36797;8522;22205;6070;31985;2643;1096;1547;2169;1265;904;488;247;241;120;66;54;217;122;95;278;128;150;1066;702;364;371.0;378.0;121.0;110.0;1380.0;1326.0;664
4705;Goes;2011;36853;8478;22265;6110;31992;2658;1118;1540;2203;1279;924;494;249;245;123;70;53;225;128;97;278;126;152;1083;706;377;380.0;372.0;116.0;111.0;1388.0;1337.0;664
4706;Goes;2012;36917;8425;22251;6241;32019;2684;1150;1534;2214;1289;925;487;242;245;130;78;52;233;133;100;272;123;149;1092;713;379;385.0;362.0;122.0;111.0;1377.0;1341.0;664
4707;Goes;2013;36982;8412;22178;6392;32016;2731;1187;1544;2235;1291;944;486;237;249;127;77;50;239;139;100;276;122;154;1107;716;391;376.0;355.0;101.0;131.0;1423.0;1341.0;664
4708;Goes;2014;37053;8379;22226;6448;32059;2744;1209;1535;2250;1269;981;495;230;265;126;74;52;249;145;104;284;127;157;1096;693;403;373.0;360.0;111.0;127.0;1406.0;1352.0;664
4709;Goes;2015;37107;8360;22205;6542;32117;2722;1196;1526;2268;1279;989;484;219;265;137;81;56;245;138;107;287;130;157;1115;711;404;379.0;369.0;109.0;131.0;1425.0;1345.0;664
4710;Goes;2016;37174;8311;22256;6607;32137;2734;1206;1528;2303;1299;1004;479;216;263;152;95;57;250;142;108;292;131;161;1130;715;415;401.0;353.0;104.0;129.0;1412.0;1368.0;664
4711;Goes;2017;37242;8295;22219;6728;32225;2714;1185;1529;2303;1303;1000;477;218;259;153;96;57;249;142;107;292;133;159;1132;714;418;418.0;353.0;105.0;133.0;1425.0;1364.0;664
4712;Goes;2018;37344;8316;22225;6803;32287;2720;1202;1518;2337;1318;1019;485;222;263;158;99;59;258;147;111;281;129;152;1155;721;434;407.0;368.0;97.0;115.0;1425.0;1367.0;664
4713;Goes;2019;37424;8289;22203;6932;32348;2729;1208;1521;2347;1308;1039;476;210;266;156;99;57;265;150;115;277;127;150;1173;722;451;430.0;360.0;114.0;118.0;1423.0;1369.0;664
4714;Goes;2020;37545;8285;22246;7014;32378;2757;1220;1537;2410;1364;1046;474;210;264;164;106;58;284;163;121;289;133;156;1199;752;447;440.0;360.0;93.0;109.0;1418.0;1373.0;664
4715;Goes;2021;37658;8300;22212;7146;32474;2761;1221;1540;2423;1366;1057;477;211;266;169;105;64;292;169;123;287;130;157;1198;751;447;445.0;356.0;118.0;114.0;1407.0;1384.0;664
4716;Goes;2022;37777;8297;22229;7251;32519;2779;1237;1542;2479;1397;1082;476;210;266;178;115;63;295;171;124;294;132;162;1236;769;467;439.0;380.0;95.0;121.0;1459.0;1378.0;664
4717;Goes;2023;37893;8333;22232;7328;32544;2811;1249;1562;2538;1430;1108;479;207;272;171;109;62;308;179;129;301;134;167;1279;801;478;446.0;363.0;104.0;116.0;1433.0;1383.0;664
4718;Goes;2024;38015;8367;22178;7470;32621;2835;1257;1578;2559;1441;1118;483;215;268;178;110;68;324;187;137;307;138;169;1267;791;476;439.0;387.0;112.0;115.0;1452.0;1378.0;664
4719;Goes;2025;38142;8421;22190;7531;32665;2887;1296;1591;2590;1464;1126;469;208;261;185;113;72;336;193;143;325;146;179;1275;804;471;;;;;;;664
4720;Goirle;2006;22520;5385;14064;3071;20102;1603;434;1169;815;445;370;116;56;60;116;49;67;229;123;106;90;42;48;264;175;89;234.0;169.0;23.0;66.0;897.0;900.0;785
4721;Goirle;2007;22539;5263;14132;3144;20021;1642;436;1206;876;475;401;122;56;66;133;58;75;232;122;110;98;45;53;291;194;97;240.0;179.0;33.0;53.0;941.0;908.0;785
4722;Goirle;2008;22611;5210;14143;3258;19978;1677;436;1241;956;510;446;124;60;64;154;67;87;239;120;119;107;51;56;332;212;120;230.0;174.0;43.0;80.0;925.0;901.0;785
4723;Goirle;2009;22652;5154;14090;3408;19903;1721;447;1274;1028;534;494;138;62;76;173;77;96;246;122;124;107;49;58;364;224;140;239.0;193.0;31.0;68.0;989.0;935.0;785
4724;Goirle;2010;22714;5135;14076;3503;19877;1748;445;1303;1089;539;550;158;65;93;191;80;111;254;123;131;110;48;62;376;223;153;248.0;195.0;43.0;83.0;992.0;936.0;785
4725;Goirle;2011;22782;5113;14066;3603;19856;1774;440;1334;1152;559;593;167;64;103;208;85;123;267;129;138;112;51;61;398;230;168;241.0;192.0;42.0;59.0;974.0;939.0;785
4726;Goirle;2012;22846;5088;13976;3782;19834;1788;439;1349;1224;580;644;187;69;118;225;88;137;270;128;142;116;50;66;426;245;181;252.0;211.0;32.0;67.0;983.0;940.0;785
4727;Goirle;2013;22899;5109;13830;3960;19786;1808;443;1365;1305;604;701;202;72;130;243;94;149;273;126;147;125;52;73;462;260;202;261.0;200.0;44.0;69.0;970.0;949.0;785
4728;Goirle;2014;22957;5122;13715;4120;19731;1846;459;1387;1380;632;748;210;76;134;260;104;156;285;131;154;138;55;83;487;266;221;271.0;211.0;34.0;63.0;972.0;947.0;785
4729;Goirle;2015;23016;5118;13626;4272;19686;1876;469;1407;1454;648;806;228;80;148;277;111;166;287;129;158;145;57;88;517;271;246;274.0;212.0;49.0;62.0;944.0;945.0;785
4730;Goirle;2016;23069;5152;13517;4400;19629;1915;475;1440;1525;656;869;248;84;164;298;114;184;287;127;160;150;57;93;542;274;268;257.0;216.0;32.0;64.0;980.0;939.0;785
4731;Goirle;2017;23119;5195;13404;4520;19562;1949;477;1472;1608;680;928;268;92;176;307;116;191;297;126;171;158;57;101;578;289;289;275.0;225.0;52.0;64.0;954.0;944.0;785
4732;Goirle;2018;23168;5215;13328;4625;19511;1980;483;1497;1677;689;988;279;93;186;320;119;201;305;132;173;163;55;108;610;290;320;277.0;230.0;46.0;59.0;950.0;951.0;785
4733;Goirle;2019;23202;5240;13233;4729;19470;1983;476;1507;1749;691;1058;296;98;198;317;112;205;305;127;178;173;55;118;658;299;359;278.0;227.0;39.0;71.0;963.0;948.0;785
4734;Goirle;2020;23237;5291;13127;4819;19412;2011;490;1521;1814;698;1116;307;99;208;329;114;215;314;132;182;178;57;121;686;296;390;285.0;221.0;40.0;53.0;932.0;959.0;785
4735;Goirle;2021;23262;5310;13037;4915;19379;2023;511;1512;1860;701;1159;313;95;218;326;104;222;320;134;186;180;56;124;721;312;409;256.0;246.0;38.0;59.0;967.0;948.0;785
4736;Goirle;2022;23273;5321;12972;4980;19303;2042;520;1522;1928;705;1223;317;93;224;331;105;226;328;138;190;189;57;132;763;312;451;278.0;227.0;33.0;57.0;932.0;935.0;785
4737;Goirle;2023;23296;5367;12856;5073;19239;2077;526;1551;1980;701;1279;326;93;233;335;102;233;336;138;198;199;57;142;784;311;473;274.0;260.0;32.0;69.0;958.0;932.0;785
4738;Goirle;2024;23302;5396;12769;5137;19161;2087;519;1568;2054;708;1346;335;93;242;348;101;247;341;139;202;204;56;148;826;319;507;274.0;242.0;36.0;62.0;930.0;944.0;785
4739;Goirle;2025;23294;5406;12698;5190;19095;2092;521;1571;2107;710;1397;350;95;255;353;106;247;347;138;209;208;56;152;849;315;534;;;;;;;785
4740;Gorinchem;2006;34348;8491;21064;4793;26509;3054;1396;1658;4785;2648;2137;328;169;159;189;102;87;1690;878;812;1519;793;726;1059;706;353;438.0;348.0;186.0;183.0;1172.0;1444.0;512
4741;Gorinchem;2007;34172;8478;20909;4785;26335;3004;1365;1639;4833;2634;2199;348;176;172;179;95;84;1705;887;818;1534;792;742;1067;684;383;420.0;330.0;183.0;199.0;1160.0;1441.0;512
4742;Gorinchem;2008;33969;8471;20735;4763;26201;2936;1330;1606;4832;2614;2218;348;173;175;181;95;86;1710;890;820;1530;775;755;1063;681;382;413.0;327.0;180.0;175.0;1126.0;1430.0;512
4743;Gorinchem;2009;33760;8449;20545;4766;26038;2883;1312;1571;4839;2583;2256;354;171;183;177;94;83;1730;896;834;1521;753;768;1057;669;388;398.0;321.0;179.0;182.0;1113.0;1398.0;512
4744;Gorinchem;2010;33556;8424;20327;4805;25890;2838;1295;1543;4828;2531;2297;366;173;193;168;92;76;1729;888;841;1517;739;778;1048;639;409;385.0;320.0;191.0;164.0;1070.0;1388.0;512
4745;Gorinchem;2011;33336;8370;20139;4827;25675;2833;1300;1533;4828;2494;2334;376;175;201;175;97;78;1720;874;846;1511;719;792;1046;629;417;384.0;314.0;214.0;176.0;1042.0;1360.0;512
4746;Gorinchem;2012;33129;8284;19847;4998;25519;2837;1324;1513;4773;2456;2317;378;172;206;173;99;74;1708;869;839;1472;705;767;1042;611;431;370.0;319.0;206.0;198.0;1085.0;1359.0;512
4747;Gorinchem;2013;32916;8240;19540;5136;25346;2811;1303;1508;4759;2422;2337;392;173;219;170;97;73;1704;863;841;1444;691;753;1049;598;451;359.0;322.0;183.0;158.0;1086.0;1346.0;512
4748;Gorinchem;2014;32721;8158;19340;5223;25217;2774;1294;1480;4730;2367;2363;396;174;222;171;95;76;1692;847;845;1434;669;765;1037;582;455;351.0;315.0;206.0;176.0;1065.0;1327.0;512
4749;Gorinchem;2015;32524;8023;19162;5339;25037;2755;1306;1449;4732;2363;2369;415;182;233;180;100;80;1669;837;832;1413;663;750;1055;581;474;370.0;314.0;172.0;166.0;1054.0;1322.0;512
4750;Gorinchem;2016;32321;7980;18931;5410;24881;2747;1301;1446;4693;2327;2366;413;178;235;175;97;78;1661;833;828;1386;648;738;1058;571;487;352.0;323.0;200.0;145.0;1048.0;1324.0;512
4751;Gorinchem;2017;32133;7894;18749;5490;24696;2746;1305;1441;4691;2324;2367;425;177;248;179;99;80;1664;838;826;1367;650;717;1056;560;496;346.0;319.0;186.0;164.0;1078.0;1326.0;512
4752;Gorinchem;2018;31937;7794;18551;5592;24554;2725;1290;1435;4658;2303;2355;443;174;269;186;102;84;1642;841;801;1322;629;693;1065;557;508;346.0;316.0;175.0;158.0;1084.0;1305.0;512
4753;Gorinchem;2019;31767;7652;18440;5675;24411;2727;1304;1423;4629;2269;2360;444;168;276;182;98;84;1614;831;783;1301;607;694;1088;565;523;326.0;331.0;168.0;145.0;1099.0;1308.0;512
4754;Gorinchem;2020;31580;7561;18295;5724;24291;2705;1286;1419;4584;2241;2343;443;170;273;180;97;83;1603;821;782;1266;589;677;1092;564;528;327.0;356.0;164.0;137.0;1098.0;1291.0;512
4755;Gorinchem;2021;31393;7414;18187;5792;24129;2718;1303;1415;4546;2220;2326;441;173;268;182;97;85;1596;818;778;1238;580;658;1089;552;537;355.0;337.0;156.0;150.0;1083.0;1293.0;512
4756;Gorinchem;2022;31212;7311;18031;5870;23962;2731;1296;1435;4519;2212;2307;438;168;270;180;92;88;1587;816;771;1206;567;639;1108;569;539;348.0;351.0;162.0;144.0;1092.0;1300.0;512
4757;Gorinchem;2023;31025;7273;17781;5971;23821;2721;1301;1420;4483;2193;2290;434;162;272;189;96;93;1569;815;754;1170;550;620;1121;570;551;327.0;336.0;201.0;130.0;1081.0;1311.0;512
4758;Gorinchem;2024;30861;7169;17664;6028;23664;2714;1299;1415;4483;2214;2269;442;168;274;190;97;93;1573;834;739;1141;527;614;1137;588;549;347.0;350.0;209.0;133.0;1093.0;1294.0;512
4759;Gorinchem;2025;30737;7118;17505;6114;23547;2683;1278;1405;4507;2251;2256;445;168;277;202;102;100;1587;859;728;1127;522;605;1146;600;546;;;;;;;512
4760;Gouda;2006;71279;18694;43109;9476;56373;5157;2096;3061;9749;5233;4516;929;465;464;406;237;169;435;207;228;6194;3231;2963;1785;1093;692;923.0;599.0;331.0;459.0;2158.0;2553.0;513
4761;Gouda;2007;71090;18669;42825;9596;56085;5061;2032;3029;9944;5211;4733;953;461;492;411;242;169;444;210;234;6323;3208;3115;1813;1090;723;902.0;591.0;333.0;474.0;2130.0;2522.0;513
4762;Gouda;2008;70872;18587;42579;9706;55843;4994;2009;2985;10035;5135;4900;970;458;512;417;239;178;460;219;241;6344;3132;3212;1844;1087;757;873.0;603.0;333.0;433.0;2115.0;2492.0;513
4763;Gouda;2009;70667;18441;42364;9862;55584;4943;1965;2978;10140;5083;5057;989;468;521;432;246;186;478;224;254;6393;3078;3315;1848;1067;781;828.0;598.0;318.0;417.0;2149.0;2478.0;513
4764;Gouda;2010;70472;18275;42182;10015;55321;4901;1941;2960;10250;5058;5192;1010;480;530;434;243;191;502;235;267;6428;3029;3399;1876;1071;805;816.0;596.0;332.0;416.0;2125.0;2457.0;513
4765;Gouda;2011;70281;18116;42048;10117;55036;4905;1957;2948;10340;5008;5332;1027;480;547;441;240;201;527;250;277;6465;2986;3479;1880;1052;828;804.0;612.0;348.0;449.0;2198.0;2462.0;513
4766;Gouda;2012;70108;17958;41604;10546;54802;4879;1958;2921;10427;4961;5466;1055;481;574;449;237;212;547;263;284;6498;2943;3555;1878;1037;841;743.0;596.0;362.0;416.0;2183.0;2448.0;513
4767;Gouda;2013;69939;17739;41219;10981;54485;4913;1982;2931;10541;4966;5575;1074;479;595;442;237;205;572;281;291;6524;2917;3607;1929;1052;877;744.0;608.0;375.0;411.0;2148.0;2433.0;513
4768;Gouda;2014;69761;17533;40910;11318;54189;4906;2004;2902;10666;4968;5698;1092;482;610;454;245;209;589;289;300;6552;2889;3663;1979;1063;916;715.0;607.0;367.0;409.0;2207.0;2439.0;513
4769;Gouda;2015;69600;17339;40639;11622;53911;4962;2031;2931;10727;4955;5772;1124;489;635;462;254;208;611;304;307;6526;2842;3684;2004;1066;938;711.0;621.0;355.0;429.0;2262.0;2439.0;513
4770;Gouda;2016;69447;17119;40423;11905;53697;4950;2037;2913;10800;4937;5863;1154;491;663;455;255;200;641;323;318;6514;2811;3703;2036;1057;979;717.0;637.0;358.0;398.0;2250.0;2430.0;513
4771;Gouda;2017;69314;16926;40221;12167;53502;4951;2044;2907;10861;4948;5913;1161;490;671;492;278;214;663;337;326;6491;2790;3701;2054;1053;1001;691.0;619.0;355.0;393.0;2249.0;2431.0;513
4772;Gouda;2018;69176;16709;39952;12515;53292;4971;2084;2887;10913;4956;5957;1178;495;683;502;281;221;695;352;343;6462;2775;3687;2076;1053;1023;694.0;641.0;392.0;438.0;2289.0;2436.0;513
4773;Gouda;2019;69045;16485;39742;12818;53091;4967;2089;2878;10987;4973;6014;1211;506;705;502;272;230;720;366;354;6460;2770;3690;2094;1059;1035;704.0;651.0;348.0;417.0;2294.0;2437.0;513
4774;Gouda;2020;68895;16247;39554;13094;52897;4968;2082;2886;11030;4988;6042;1219;494;725;518;278;240;765;394;371;6396;2726;3670;2132;1096;1036;681.0;659.0;360.0;400.0;2331.0;2431.0;513
4775;Gouda;2021;68782;16007;39400;13375;52687;4997;2118;2879;11098;5038;6060;1256;516;740;543;282;261;790;412;378;6325;2694;3631;2184;1134;1050;705.0;678.0;374.0;387.0;2326.0;2455.0;513
4776;Gouda;2022;68670;15787;39215;13668;52523;5028;2117;2911;11119;5030;6089;1264;515;749;561;286;275;820;438;382;6253;2648;3605;2221;1143;1078;725.0;659.0;358.0;403.0;2308.0;2444.0;513
4777;Gouda;2023;68563;15573;39032;13958;52361;5047;2144;2903;11155;5030;6125;1277;521;756;579;295;284;844;457;387;6170;2606;3564;2285;1151;1134;721.0;685.0;359.0;389.0;2337.0;2454.0;513
4778;Gouda;2024;68459;15407;38835;14217;52190;5053;2151;2902;11216;5072;6144;1298;533;765;595;298;297;875;489;386;6107;2576;3531;2341;1176;1165;722.0;685.0;367.0;389.0;2340.0;2446.0;513
4779;Gouda;2025;68375;15287;38572;14516;52047;5082;2179;2903;11246;5080;6166;1318;536;782;612;298;314;917;522;395;6020;2540;3480;2379;1184;1195;;;;;;;513
4780;Graafstroom;2006;9799;3117;5456;1226;9331;296;94;202;172;105;67;35;14;21;11;6;5;4;3;1;5;1;4;117;81;36;141.0;80.0;16.0;19.0;221.0;287.0;693
4781;Graafstroom;2007;9792;3055;5471;1266;9274;313;109;204;205;128;77;44;20;24;13;7;6;8;5;3;8;4;4;132;92;40;134.0;70.0;12.0;21.0;216.0;285.0;693
4782;Graafstroom;2008;9781;3004;5459;1318;9216;336;115;221;229;142;87;54;27;27;16;9;7;10;5;5;11;5;6;138;96;42;141.0;80.0;13.0;20.0;211.0;277.0;693
4783;Graafstroom;2009;9770;2950;5441;1379;9159;364;132;232;247;156;91;56;30;26;18;10;8;11;6;5;13;7;6;149;103;46;127.0;86.0;9.0;17.0;231.0;289.0;693
4784;Graafstroom;2010;9746;2898;5424;1424;9084;385;139;246;277;177;100;58;30;28;18;10;8;11;6;5;18;10;8;172;121;51;134.0;79.0;18.0;21.0;220.0;282.0;693
4785;Graafstroom;2011;9737;2840;5419;1478;9011;427;151;276;299;191;108;63;34;29;18;10;8;12;7;5;20;10;10;186;130;56;125.0;93.0;20.0;19.0;226.0;282.0;693
4786;Graafstroom;2012;9718;2808;5333;1577;8946;456;163;293;316;199;117;62;34;28;18;8;10;13;8;5;26;11;15;197;138;59;124.0;96.0;21.0;23.0;229.0;276.0;693
4787;Graafstroom;2013;9697;2738;5303;1656;8881;477;180;297;339;211;128;65;36;29;20;9;11;15;8;7;32;15;17;207;143;64;133.0;90.0;26.0;15.0;221.0;283.0;693
4788;Graafstroom;2014;9688;2688;5284;1716;8816;502;193;309;370;228;142;69;40;29;24;13;11;19;9;10;35;17;18;223;149;74;134.0;100.0;21.0;23.0;231.0;281.0;693
4789;Graafstroom;2015;9669;2655;5243;1771;8737;537;206;331;395;236;159;75;44;31;23;12;11;21;9;12;41;18;23;235;153;82;133.0;98.0;24.0;21.0;220.0;281.0;693
4790;Graafstroom;2016;9646;2625;5217;1804;8659;572;214;358;415;251;164;81;47;34;25;14;11;22;10;12;44;20;24;243;160;83;137.0;102.0;26.0;17.0;224.0;285.0;693
4791;Graafstroom;2017;9630;2614;5164;1852;8589;604;233;371;437;264;173;89;51;38;23;13;10;24;12;12;44;20;24;257;168;89;122.0;106.0;30.0;33.0;230.0;275.0;693
4792;Graafstroom;2018;9599;2579;5150;1870;8499;643;246;397;457;276;181;91;51;40;25;13;12;25;13;12;47;21;26;269;178;91;155.0;92.0;21.0;17.0;227.0;277.0;693
4793;Graafstroom;2019;9614;2589;5101;1924;8446;690;269;421;478;287;191;94;51;43;30;18;12;32;15;17;49;23;26;273;180;93;145.0;110.0;22.0;23.0;222.0;272.0;693
4794;Graafstroom;2020;9597;2596;5047;1954;8381;717;274;443;499;292;207;95;51;44;33;19;14;37;17;20;54;26;28;280;179;101;120.0;104.0;24.0;25.0;234.0;280.0;693
4795;Graafstroom;2021;9567;2542;5028;1997;8306;734;276;458;527;302;225;99;53;46;34;19;15;41;19;22;59;26;33;294;185;109;127.0;108.0;23.0;19.0;230.0;273.0;693
4796;Graafstroom;2022;9546;2540;4985;2021;8242;764;297;467;540;308;232;103;56;47;37;21;16;43;20;23;63;27;36;294;184;110;122.0;117.0;27.0;21.0;233.0;272.0;693
4797;Graafstroom;2023;9517;2518;4935;2064;8150;796;314;482;571;323;248;109;58;51;36;20;16;48;23;25;67;29;38;311;193;118;116.0;114.0;32.0;20.0;236.0;269.0;693
4798;Graafstroom;2024;9496;2505;4883;2108;8074;823;328;495;599;344;255;115;63;52;33;20;13;55;26;29;68;29;39;328;206;122;120.0;117.0;24.0;15.0;233.0;260.0;693
4799;Graafstroom;2025;9480;2470;4861;2149;7993;863;342;521;624;361;263;114;63;51;39;25;14;57;26;31;74;30;44;340;217;123;;;;;;;693
4800;Graft-De Rijp;2006;6558;1744;3916;898;5970;402;122;280;186;114;72;40;20;20;24;13;11;9;4;5;8;6;2;105;71;34;75.0;54.0;12.0;25.0;236.0;205.0;365
4801;Graft-De Rijp;2007;6596;1754;3907;935;5944;440;146;294;212;125;87;43;19;24;25;15;10;10;4;6;10;8;2;124;79;45;79.0;54.0;16.0;24.0;231.0;205.0;365
4802;Graft-De Rijp;2008;6638;1765;3899;974;5925;466;153;313;247;153;94;48;24;24;29;18;11;11;5;6;13;9;4;146;97;49;71.0;67.0;23.0;26.0;232.0;213.0;365
4803;Graft-De Rijp;2009;6659;1771;3870;1018;5889;491;164;327;279;181;98;56;28;28;32;20;12;15;8;7;13;10;3;163;115;48;91.0;52.0;17.0;20.0;230.0;212.0;365
4804;Graft-De Rijp;2010;6715;1797;3826;1092;5884;526;180;346;305;200;105;63;33;30;35;21;14;16;9;7;16;11;5;175;126;49;64.0;70.0;17.0;27.0;242.0;229.0;365
4805;Graft-De Rijp;2011;6713;1787;3813;1113;5828;551;198;353;334;215;119;68;35;33;40;24;16;22;13;9;19;13;6;185;130;55;75.0;65.0;13.0;30.0;240.0;215.0;365
4806;Graft-De Rijp;2012;6731;1787;3758;1186;5791;587;214;373;353;227;126;72;35;37;42;26;16;24;16;8;23;16;7;192;134;58;78.0;65.0;22.0;32.0;235.0;233.0;365
4807;Graft-De Rijp;2013;6737;1766;3732;1239;5746;614;232;382;377;237;140;76;37;39;43;26;17;24;15;9;28;16;12;206;143;63;61.0;70.0;23.0;30.0;241.0;235.0;365
4808;Graft-De Rijp;2014;6728;1727;3706;1295;5694;628;239;389;406;253;153;85;41;44;42;25;17;28;16;12;35;21;14;216;150;66;74.0;61.0;27.0;32.0;234.0;235.0;365
4809;Graft-De Rijp;2015;6735;1696;3699;1340;5643;667;261;406;425;266;159;91;45;46;41;25;16;30;16;14;34;21;13;229;159;70;81.0;68.0;23.0;27.0;234.0;225.0;365
4810;Graft-De Rijp;2016;6755;1699;3672;1384;5619;684;268;416;452;274;178;95;45;50;44;26;18;25;12;13;36;22;14;252;169;83;78.0;73.0;28.0;29.0;237.0;231.0;365
4811;Graft-De Rijp;2017;6767;1697;3665;1405;5581;712;276;436;474;287;187;95;45;50;47;28;19;31;14;17;39;24;15;262;176;86;81.0;73.0;17.0;29.0;235.0;239.0;365
4812;Graft-De Rijp;2018;6760;1692;3624;1444;5543;732;293;439;485;283;202;94;42;52;49;27;22;33;14;19;44;27;17;265;173;92;79.0;77.0;19.0;36.0;236.0;234.0;365
4813;Graft-De Rijp;2019;6746;1670;3603;1473;5482;760;303;457;504;291;213;96;41;55;48;28;20;35;15;20;45;27;18;280;180;100;83.0;87.0;21.0;35.0;252.0;240.0;365
4814;Graft-De Rijp;2020;6739;1663;3564;1512;5428;778;307;471;533;300;233;97;43;54;50;31;19;37;16;21;55;28;27;294;182;112;82.0;78.0;21.0;29.0;245.0;240.0;365
4815;Graft-De Rijp;2021;6741;1643;3572;1526;5379;814;324;490;548;308;240;95;40;55;49;31;18;42;18;24;64;33;31;298;186;112;92.0;79.0;27.0;35.0;240.0;243.0;365
4816;Graft-De Rijp;2022;6744;1659;3521;1564;5351;835;336;499;558;312;246;97;41;56;51;32;19;45;19;26;65;33;32;300;187;113;78.0;74.0;20.0;31.0;235.0;239.0;365
4817;Graft-De Rijp;2023;6733;1647;3483;1603;5301;851;347;504;581;325;256;95;38;57;52;33;19;49;20;29;65;33;32;320;201;119;88.0;88.0;19.0;26.0;237.0;238.0;365
4818;Graft-De Rijp;2024;6724;1640;3444;1640;5249;869;358;511;606;338;268;103;42;61;58;38;20;51;20;31;71;36;35;323;202;121;81.0;93.0;26.0;33.0;237.0;239.0;365
4819;Graft-De Rijp;2025;6703;1639;3419;1645;5182;896;373;523;625;343;282;101;40;61;64;41;23;52;21;31;73;37;36;335;204;131;;;;;;;365
4820;Grave;2006;12764;3178;8013;1573;10983;1146;422;724;635;464;171;56;21;35;31;18;13;44;30;14;20;12;8;484;383;101;143.0;86.0;53.0;50.0;605.0;739.0;786
4821;Grave;2007;12690;3120;7968;1602;10881;1163;427;736;646;471;175;62;25;37;30;19;11;47;31;16;24;14;10;483;382;101;133.0;111.0;58.0;52.0;612.0;740.0;786
4822;Grave;2008;12590;3095;7885;1610;10779;1181;448;733;630;455;175;58;23;35;28;19;9;50;31;19;27;14;13;467;368;99;126.0;89.0;63.0;53.0;592.0;739.0;786
4823;Grave;2009;12490;3044;7803;1643;10710;1174;441;733;606;425;181;57;23;34;27;18;9;50;32;18;31;15;16;441;337;104;125.0;106.0;71.0;64.0;617.0;722.0;786
4824;Grave;2010;12413;3012;7704;1697;10613;1186;450;736;614;432;182;61;25;36;33;24;9;51;34;17;32;18;14;437;331;106;133.0;92.0;78.0;50.0;559.0;712.0;786
4825;Grave;2011;12333;2974;7604;1755;10508;1206;454;752;619;429;190;62;26;36;35;24;11;55;34;21;37;19;18;430;326;104;124.0;106.0;76.0;41.0;580.0;717.0;786
4826;Grave;2012;12248;2942;7475;1831;10399;1244;488;756;605;416;189;57;24;33;33;23;10;58;36;22;36;18;18;421;315;106;129.0;100.0;74.0;43.0;561.0;700.0;786
4827;Grave;2013;12170;2873;7403;1894;10298;1266;500;766;606;414;192;61;26;35;31;21;10;58;35;23;40;19;21;416;313;103;126.0;105.0;58.0;55.0;577.0;695.0;786
4828;Grave;2014;12077;2815;7309;1953;10198;1281;520;761;598;398;200;63;25;38;32;22;10;60;34;26;37;18;19;406;299;107;127.0;106.0;65.0;36.0;566.0;696.0;786
4829;Grave;2015;11999;2795;7172;2032;10084;1299;530;769;616;410;206;69;28;41;29;20;9;62;37;25;36;17;19;420;308;112;131.0;107.0;79.0;53.0;574.0;691.0;786
4830;Grave;2016;11930;2792;7077;2061;9966;1337;548;789;627;408;219;70;27;43;36;26;10;65;38;27;41;17;24;415;300;115;132.0;101.0;76.0;42.0;553.0;692.0;786
4831;Grave;2017;11855;2767;6987;2101;9855;1366;569;797;634;402;232;65;24;41;41;29;12;66;39;27;46;17;29;416;293;123;130.0;103.0;82.0;56.0;566.0;695.0;786
4832;Grave;2018;11777;2744;6882;2151;9747;1381;578;803;649;412;237;67;26;41;42;29;13;66;40;26;47;20;27;427;297;130;123.0;98.0;67.0;58.0;590.0;692.0;786
4833;Grave;2019;11710;2720;6801;2189;9653;1396;589;807;661;409;252;66;25;41;45;32;13;70;41;29;49;21;28;431;290;141;140.0;110.0;78.0;45.0;557.0;694.0;786
4834;Grave;2020;11636;2710;6742;2184;9570;1397;580;817;669;415;254;64;25;39;43;29;14;73;41;32;49;20;29;440;300;140;147.0;106.0;68.0;43.0;545.0;688.0;786
4835;Grave;2021;11557;2696;6642;2219;9469;1407;586;821;681;415;266;64;25;39;44;28;16;74;41;33;55;20;35;444;301;143;124.0;109.0;57.0;49.0;555.0;668.0;786
4836;Grave;2022;11467;2651;6585;2231;9353;1430;582;848;684;404;280;64;25;39;45;29;16;77;39;38;56;19;37;442;292;150;138.0;107.0;74.0;42.0;540.0;673.0;786
4837;Grave;2023;11400;2650;6490;2260;9282;1418;586;832;700;409;291;66;24;42;44;27;17;76;37;39;62;21;41;452;300;152;129.0;109.0;51.0;43.0;559.0;661.0;786
4838;Grave;2024;11329;2631;6434;2264;9217;1418;591;827;694;393;301;64;21;43;43;27;16;76;37;39;66;20;46;445;288;157;150.0;108.0;50.0;40.0;538.0;659.0;786
4839;Grave;2025;11262;2650;6322;2290;9150;1417;579;838;695;396;299;64;22;42;42;28;14;73;35;38;70;21;49;446;290;156;;;;;;;786
4840;'s-Gravendeel;2006;8842;2016;5543;1283;8134;414;143;271;294;176;118;44;22;22;22;9;13;11;5;6;16;10;6;201;130;71;101.0;87.0;15.0;21.0;474.0;473.0;517
4841;'s-Gravendeel;2007;8851;1983;5577;1291;8063;455;155;300;333;193;140;52;24;28;22;10;12;15;4;11;19;9;10;225;146;79;92.0;68.0;16.0;17.0;448.0;473.0;517
4842;'s-Gravendeel;2008;8847;1979;5536;1332;7986;489;169;320;372;216;156;61;28;33;26;15;11;16;4;12;21;12;9;248;157;91;88.0;79.0;15.0;14.0;463.0;471.0;517
4843;'s-Gravendeel;2009;8850;1988;5491;1371;7912;524;192;332;414;229;185;71;33;38;32;16;16;20;4;16;31;14;17;260;162;98;102.0;86.0;15.0;11.0;423.0;454.0;517
4844;'s-Gravendeel;2010;8842;2003;5418;1421;7839;555;204;351;448;242;206;76;32;44;34;18;16;24;5;19;37;16;21;277;171;106;88.0;72.0;19.0;17.0;449.0;463.0;517
4845;'s-Gravendeel;2011;8846;1987;5392;1467;7775;586;218;368;485;262;223;82;31;51;36;19;17;28;8;20;47;20;27;292;184;108;94.0;74.0;20.0;23.0;430.0;453.0;517
4846;'s-Gravendeel;2012;8843;2014;5267;1562;7704;621;235;386;518;281;237;94;38;56;38;20;18;30;10;20;53;24;29;303;189;114;91.0;86.0;19.0;23.0;436.0;453.0;517
4847;'s-Gravendeel;2013;8831;2014;5185;1632;7647;652;244;408;532;289;243;100;41;59;37;19;18;30;11;19;52;22;30;313;196;117;94.0;87.0;24.0;19.0;434.0;462.0;517
4848;'s-Gravendeel;2014;8817;2011;5103;1703;7584;673;256;417;560;303;257;105;45;60;36;18;18;36;13;23;57;24;33;326;203;123;100.0;81.0;16.0;19.0;434.0;458.0;517
4849;'s-Gravendeel;2015;8810;1999;5052;1759;7526;695;269;426;589;313;276;111;47;64;39;18;21;37;13;24;64;28;36;338;207;131;88.0;91.0;14.0;16.0;464.0;457.0;517
4850;'s-Gravendeel;2016;8810;1991;5007;1812;7461;720;279;441;629;341;288;110;48;62;44;24;20;44;17;27;72;30;42;359;222;137;86.0;96.0;11.0;20.0;450.0;452.0;517
4851;'s-Gravendeel;2017;8788;1976;4959;1853;7389;740;289;451;659;352;307;126;51;75;49;28;21;41;18;23;76;32;44;367;223;144;102.0;93.0;16.0;18.0;409.0;446.0;517
4852;'s-Gravendeel;2018;8758;1978;4889;1891;7314;756;300;456;688;365;323;139;56;83;49;28;21;40;18;22;79;34;45;381;229;152;94.0;94.0;17.0;21.0;422.0;446.0;517
4853;'s-Gravendeel;2019;8731;1966;4847;1918;7253;771;313;458;707;369;338;144;54;90;51;27;24;44;18;26;80;35;45;388;235;153;82.0;90.0;28.0;22.0;438.0;445.0;517
4854;'s-Gravendeel;2020;8723;1959;4785;1979;7197;798;324;474;728;367;361;148;51;97;57;28;29;48;20;28;89;35;54;386;233;153;101.0;100.0;16.0;22.0;430.0;441.0;517
4855;'s-Gravendeel;2021;8706;1925;4761;2020;7124;821;329;492;761;378;383;149;49;100;66;30;36;48;19;29;90;36;54;408;244;164;84.0;100.0;29.0;17.0;422.0;436.0;517
4856;'s-Gravendeel;2022;8689;1929;4715;2045;7050;857;353;504;782;384;398;154;52;102;69;28;41;50;19;31;94;36;58;415;249;166;92.0;107.0;22.0;16.0;440.0;452.0;517
4857;'s-Gravendeel;2023;8665;1929;4656;2080;6985;875;360;515;805;395;410;154;49;105;69;28;41;52;19;33;103;37;66;427;262;165;100.0;105.0;15.0;16.0;430.0;435.0;517
4858;'s-Gravendeel;2024;8654;1910;4648;2096;6903;906;379;527;845;413;432;161;54;107;69;27;42;53;19;34;105;37;68;457;276;181;101.0;98.0;17.0;19.0;438.0;455.0;517
4859;'s-Gravendeel;2025;8640;1911;4631;2098;6860;925;379;546;855;402;453;166;51;115;71;26;45;56;19;37;103;37;66;459;269;190;;;;;;;517
4860;'s-Gravenhage (gemeente);2006;474336;111205;298937;64194;266539;60530;31855;28675;147267;91245;56022;42958;26663;16295;10358;7313;3045;32720;19125;13595;24753;13495;11258;36478;24649;11829;6483.0;4800.0;9031.0;5419.0;14551.0;18530.0;518
4861;'s-Gravenhage (gemeente);2007;475676;112289;299558;63829;266605;61473;32785;28688;147598;89971;57627;41992;25974;16018;10194;7057;3137;33704;19466;14238;25371;13563;11808;36337;23911;12426;6421.0;4739.0;9495.0;5378.0;13445.0;18335.0;518
4862;'s-Gravenhage (gemeente);2008;476609;113343;299906;63360;266176;62595;33895;28700;147838;88819;59019;40955;25271;15684;10103;6879;3224;34659;19838;14821;25951;13626;12325;36170;23205;12965;6348.0;4660.0;9951.0;5482.0;12913.0;18096.0;518
4863;'s-Gravenhage (gemeente);2009;477609;114211;300120;63278;265404;63926;35240;28686;148279;87921;60358;39976;24595;15381;10018;6761;3257;35596;20212;15384;26534;13702;12832;36155;22651;13504;6197.0;4616.0;10481.0;5489.0;12377.0;17914.0;518
4864;'s-Gravenhage (gemeente);2010;478671;114738;300321;63612;264496;65557;36861;28696;148618;87127;61491;38981;23990;14991;10009;6699;3310;36573;20623;15950;27125;13822;13303;35930;21993;13937;6124.0;4576.0;10983.0;5538.0;11837.0;17739.0;518
4865;'s-Gravenhage (gemeente);2011;479789;115041;301358;63390;263280;67530;38709;28821;148979;86430;62549;37967;23383;14584;10109;6725;3384;37527;21048;16479;27677;13932;13745;35699;21342;14357;6006.0;4475.0;11380.0;5577.0;11400.0;17586.0;518
4866;'s-Gravenhage (gemeente);2012;480966;115201;300075;65690;261937;69620;40703;28917;149409;85889;63520;37020;22858;14162;10168;6745;3423;38542;21473;17069;28160;14010;14150;35519;20803;14716;5927.0;4479.0;11735.0;5686.0;11155.0;17476.0;518
4867;'s-Gravenhage (gemeente);2013;482174;115386;299356;67432;260410;72013;42909;29104;149751;85369;64382;36131;22344;13787;10143;6714;3429;39513;21917;17596;28630;14100;14530;35334;20294;15040;5834.0;4463.0;12024.0;5774.0;10876.0;17339.0;518
4868;'s-Gravenhage (gemeente);2014;483364;115474;299029;68861;258701;74502;45101;29401;150161;84932;65229;35321;21897;13424;10144;6668;3476;40487;22377;18110;29028;14178;14850;35181;19812;15369;5750.0;4404.0;12191.0;5827.0;10708.0;17257.0;518
4869;'s-Gravenhage (gemeente);2015;484561;115264;299211;70086;256985;77117;47328;29789;150459;84495;65964;34441;21429;13012;10132;6605;3527;41479;22837;18642;29377;14235;15142;35030;19389;15641;5687.0;4369.0;12447.0;5972.0;10545.0;17202.0;518
4870;'s-Gravenhage (gemeente);2016;485737;115135;299211;71391;255127;79682;49469;30213;150928;84158;66770;33629;20955;12674;10119;6537;3582;42494;23301;19193;29722;14309;15413;34964;19056;15908;5584.0;4339.0;12631.0;6066.0;10492.0;17167.0;518
4871;'s-Gravenhage (gemeente);2017;486909;114761;299575;72573;253301;82280;51566;30714;151328;83976;67352;32815;20519;12296;10147;6543;3604;43521;23790;19731;30051;14410;15641;34794;18714;16080;5536.0;4346.0;12801.0;6143.0;10415.0;17135.0;518
4872;'s-Gravenhage (gemeente);2018;488076;114194;299957;73925;251433;84897;53703;31194;151746;83736;68010;32058;20115;11943;10161;6529;3632;44531;24254;20277;30329;14454;15875;34667;18384;16283;5459.0;4363.0;12995.0;6249.0;10416.0;17149.0;518
4873;'s-Gravenhage (gemeente);2019;489225;113278;300802;75145;249551;87626;55843;31783;152048;83519;68529;31296;19718;11578;10183;6503;3680;45541;24732;20809;30571;14504;16067;34457;18062;16395;5418.0;4396.0;13154.0;6320.0;10377.0;17174.0;518
4874;'s-Gravenhage (gemeente);2020;490325;112173;301754;76398;247617;90343;57991;32352;152365;83333;69032;30534;19322;11212;10218;6482;3736;46502;25168;21334;30820;14575;16245;34291;17786;16505;5375.0;4402.0;13269.0;6405.0;10353.0;17188.0;518
4875;'s-Gravenhage (gemeente);2021;491367;110735;302801;77831;245604;93076;60058;33018;152687;83245;69442;29817;18942;10875;10237;6475;3762;47480;25643;21837;31019;14640;16379;34134;17545;16589;5359.0;4421.0;13324.0;6463.0;10451.0;17236.0;518
4876;'s-Gravenhage (gemeente);2022;492419;109227;303880;79312;243540;95912;62152;33760;152967;83072;69895;29090;18553;10537;10192;6411;3781;48492;26090;22402;31215;14708;16507;33978;17310;16668;5311.0;4495.0;13278.0;6585.0;10596.0;17164.0;518
4877;'s-Gravenhage (gemeente);2023;493398;107569;305160;80669;241351;98781;64191;34590;153266;82881;70385;28468;18180;10288;10170;6353;3817;49376;26457;22919;31353;14764;16589;33899;17127;16772;5295.0;4544.0;13153.0;6593.0;10730.0;17142.0;518
4878;'s-Gravenhage (gemeente);2024;494336;105694;306661;81981;239410;101588;66228;35360;153338;82563;70775;27818;17808;10010;10042;6235;3807;50237;26787;23450;31501;14818;16683;33740;16915;16825;5289.0;4598.0;12963.0;6582.0;10862.0;17077.0;518
4879;'s-Gravenhage (gemeente);2025;495228;104873;306881;83474;237408;104381;68215;36166;153439;82198;71241;27202;17430;9772;9982;6109;3873;50972;27044;23928;31610;14846;16764;33673;16769;16904;;;;;;;518
4880;Groenlo;2006;30127;7916;17893;4318;27376;1758;537;1221;993;623;370;62;26;36;29;18;11;155;82;73;236;111;125;511;375;136;343.0;276.0;90.0;77.0;955.0;1079.0;240
4881;Groenlo;2007;30082;7832;17851;4399;27291;1788;544;1244;1003;624;379;70;27;43;35;21;14;155;86;69;234;108;126;510;371;139;317.0;267.0;91.0;76.0;925.0;1075.0;240
4882;Groenlo;2008;29991;7643;17868;4480;27117;1829;569;1260;1045;649;396;75;28;47;41;22;19;152;84;68;236;107;129;542;396;146;314.0;284.0;102.0;90.0;951.0;1076.0;240
4883;Groenlo;2009;29910;7496;17860;4554;27002;1841;577;1264;1067;659;408;81;32;49;41;21;20;164;86;78;235;108;127;546;397;149;308.0;273.0;93.0;93.0;963.0;1081.0;240
4884;Groenlo;2010;29817;7370;17860;4587;26851;1878;611;1267;1088;674;414;83;33;50;40;22;18;168;87;81;231;105;126;566;410;156;308.0;280.0;111.0;79.0;935.0;1089.0;240
4885;Groenlo;2011;29720;7246;17837;4637;26694;1910;628;1282;1116;681;435;93;38;55;44;19;25;171;85;86;224;99;125;585;425;160;287.0;289.0;118.0;93.0;969.0;1088.0;240
4886;Groenlo;2012;29624;7102;17777;4745;26536;1952;673;1279;1136;698;438;92;40;52;41;18;23;172;88;84;221;95;126;608;438;170;294.0;284.0;128.0;97.0;951.0;1078.0;240
4887;Groenlo;2013;29530;7004;17661;4865;26341;1996;687;1309;1193;736;457;99;40;59;40;18;22;183;89;94;222;93;129;649;476;173;318.0;297.0;112.0;87.0;952.0;1086.0;240
4888;Groenlo;2014;29444;6911;17515;5018;26211;2012;695;1317;1221;766;455;98;39;59;38;21;17;187;90;97;215;94;121;684;502;182;324.0;279.0;132.0;108.0;959.0;1103.0;240
4889;Groenlo;2015;29367;6824;17430;5113;26078;2031;720;1311;1258;779;479;104;40;64;39;22;17;194;91;103;219;93;126;701;512;189;324.0;310.0;149.0;93.0;940.0;1089.0;240
4890;Groenlo;2016;29282;6719;17328;5235;25891;2097;766;1331;1294;791;503;105;41;64;44;24;20;202;93;109;222;94;128;721;519;202;320.0;304.0;138.0;84.0;943.0;1097.0;240
4891;Groenlo;2017;29200;6643;17275;5282;25755;2133;784;1349;1312;801;511;107;45;62;48;28;20;202;91;111;222;89;133;733;526;207;327.0;296.0;129.0;112.0;958.0;1099.0;240
4892;Groenlo;2018;29092;6580;17123;5389;25613;2142;800;1342;1337;826;511;115;48;67;51;30;21;198;92;106;223;91;132;751;540;211;324.0;326.0;130.0;95.0;949.0;1082.0;240
4893;Groenlo;2019;29008;6523;16974;5511;25471;2172;813;1359;1365;841;524;123;51;72;52;30;22;198;88;110;219;89;130;773;559;214;350.0;322.0;139.0;97.0;937.0;1095.0;240
4894;Groenlo;2020;28919;6468;16890;5561;25334;2208;830;1378;1377;855;522;126;56;70;56;33;23;197;84;113;214;88;126;784;570;214;334.0;326.0;139.0;83.0;949.0;1088.0;240
4895;Groenlo;2021;28850;6422;16804;5624;25202;2234;855;1379;1414;867;547;136;57;79;55;31;24;199;84;115;215;89;126;810;582;228;360.0;315.0;142.0;93.0;908.0;1078.0;240
4896;Groenlo;2022;28786;6426;16641;5719;25063;2264;870;1394;1459;889;570;137;55;82;60;35;25;206;86;120;210;88;122;846;602;244;341.0;317.0;153.0;97.0;911.0;1077.0;240
4897;Groenlo;2023;28690;6417;16487;5786;24929;2262;875;1387;1499;913;586;139;55;84;60;34;26;205;84;121;212;90;122;883;625;258;355.0;334.0;130.0;88.0;929.0;1074.0;240
4898;Groenlo;2024;28604;6447;16279;5878;24812;2271;877;1394;1521;927;594;148;57;91;58;34;24;210;86;124;211;86;125;894;639;255;354.0;330.0;124.0;103.0;950.0;1064.0;240
4899;Groenlo;2025;28545;6426;16164;5955;24662;2300;888;1412;1583;966;617;152;60;92;64;37;27;218;89;129;212;85;127;937;671;266;;;;;;;240
4900;Groesbeek;2006;18863;4344;11201;3318;16496;1907;492;1415;460;286;174;59;28;31;53;31;22;33;22;11;16;10;6;299;195;104;155.0;226.0;65.0;60.0;688.0;612.0;241
4901;Groesbeek;2007;18873;4300;11263;3310;16460;1921;518;1403;492;300;192;62;30;32;53;31;22;36;24;12;20;10;10;321;205;116;154.0;231.0;56.0;65.0;703.0;610.0;241
4902;Groesbeek;2008;18884;4255;11285;3344;16418;1920;525;1395;546;339;207;64;29;35;54;32;22;43;30;13;24;13;11;361;235;126;163.0;218.0;76.0;53.0;691.0;627.0;241
4903;Groesbeek;2009;18916;4185;11348;3383;16414;1922;543;1379;580;358;222;69;30;39;59;36;23;46;29;17;27;13;14;379;250;129;164.0;227.0;65.0;72.0;720.0;642.0;241
4904;Groesbeek;2010;18926;4124;11346;3456;16357;1955;562;1393;614;381;233;74;30;44;63;39;24;50;33;17;25;13;12;402;266;136;167.0;230.0;72.0;81.0;723.0;640.0;241
4905;Groesbeek;2011;18935;4018;11452;3465;16338;1951;576;1375;646;400;246;72;28;44;65;40;25;54;32;22;31;16;15;424;284;140;173.0;221.0;79.0;74.0;697.0;653.0;241
4906;Groesbeek;2012;18937;3987;11380;3570;16314;1963;599;1364;660;403;257;74;30;44;69;41;28;55;31;24;35;18;17;427;283;144;171.0;225.0;80.0;67.0;706.0;656.0;241
4907;Groesbeek;2013;18948;3948;11333;3667;16293;1981;611;1370;674;405;269;75;30;45;65;38;27;56;30;26;39;19;20;439;288;151;174.0;232.0;96.0;67.0;707.0;666.0;241
4908;Groesbeek;2014;18958;3923;11300;3735;16248;2014;641;1373;696;416;280;84;34;50;64;36;28;62;30;32;39;18;21;447;298;149;181.0;223.0;95.0;85.0;715.0;666.0;241
4909;Groesbeek;2015;18974;3881;11288;3805;16193;2057;668;1389;724;421;303;89;37;52;67;36;31;71;34;37;49;20;29;448;294;154;175.0;234.0;91.0;83.0;712.0;659.0;241
4910;Groesbeek;2016;18973;3856;11273;3844;16142;2069;703;1366;762;450;312;92;39;53;67;36;31;75;37;38;51;21;30;477;317;160;181.0;242.0;79.0;89.0;737.0;666.0;241
4911;Groesbeek;2017;18972;3846;11204;3922;16103;2077;711;1366;792;462;330;100;43;57;70;37;33;82;40;42;50;21;29;490;321;169;208.0;238.0;87.0;68.0;693.0;674.0;241
4912;Groesbeek;2018;18979;3842;11161;3976;16061;2098;741;1357;820;476;344;103;46;57;71;37;34;82;38;44;53;21;32;511;334;177;211.0;227.0;97.0;83.0;677.0;677.0;241
4913;Groesbeek;2019;18979;3880;11090;4009;16023;2106;762;1344;850;487;363;108;52;56;80;41;39;94;42;52;53;19;34;515;333;182;210.0;236.0;88.0;66.0;677.0;666.0;241
4914;Groesbeek;2020;18988;3881;11042;4065;15999;2127;785;1342;862;489;373;111;52;59;85;46;39;90;41;49;56;20;36;520;330;190;225.0;241.0;95.0;80.0;655.0;663.0;241
4915;Groesbeek;2021;18982;3912;10960;4110;15976;2125;801;1324;881;486;395;116;53;63;82;44;38;90;40;50;59;21;38;534;328;206;206.0;233.0;95.0;78.0;682.0;659.0;241
4916;Groesbeek;2022;18991;3944;10873;4174;15923;2162;824;1338;906;492;414;116;49;67;86;46;40;99;44;55;63;21;42;542;332;210;214.0;239.0;95.0;87.0;675.0;665.0;241
4917;Groesbeek;2023;18984;3982;10756;4246;15872;2164;829;1335;948;527;421;118;55;63;92;52;40;103;46;57;65;22;43;570;352;218;209.0;254.0;103.0;91.0;684.0;645.0;241
4918;Groesbeek;2024;18990;3994;10724;4272;15836;2161;830;1331;993;542;451;122;54;68;93;54;39;113;47;66;64;22;42;601;365;236;212.0;246.0;89.0;90.0;678.0;653.0;241
4919;Groesbeek;2025;18979;4042;10608;4329;15821;2146;836;1310;1012;549;463;122;56;66;97;58;39;120;48;72;65;21;44;608;366;242;;;;;;;241
4920;Groningen (gemeente);2006;179535;33220;125067;21248;147125;16435;7201;9234;15975;10125;5850;3078;1616;1462;2780;1864;916;1199;668;531;1073;501;572;7845;5476;2369;1996.0;1582.0;2304.0;2086.0;10024.0;10249.0;14
4921;Groningen (gemeente);2007;179965;34114;124524;21327;147389;16531;7423;9108;16045;10056;5989;3086;1625;1461;2618;1732;886;1276;708;568;1119;528;591;7946;5463;2483;2075.0;1577.0;2431.0;2112.0;10565.0;10091.0;14
4922;Groningen (gemeente);2008;181273;35219;124488;21566;148207;16797;7719;9078;16269;10068;6201;3104;1642;1462;2506;1645;861;1354;740;614;1181;537;644;8124;5504;2620;2117.0;1596.0;2567.0;2144.0;10933.0;10021.0;14
4923;Groningen (gemeente);2009;183149;36454;124806;21889;149360;17166;8078;9088;16623;10166;6457;3139;1659;1480;2456;1584;872;1440;774;666;1248;561;687;8340;5588;2752;2183.0;1594.0;2747.0;2175.0;10785.0;9979.0;14
4924;Groningen (gemeente);2010;185137;37607;125237;22293;150544;17596;8466;9130;16997;10320;6677;3174;1686;1488;2479;1608;871;1509;806;703;1291;567;724;8544;5653;2891;2221.0;1609.0;2911.0;2233.0;10672.0;9940.0;14
4925;Groningen (gemeente);2011;187182;38590;125893;22699;151703;18118;8885;9233;17361;10431;6930;3220;1704;1516;2482;1606;876;1595;845;750;1358;588;770;8706;5688;3018;2284.0;1631.0;3041.0;2259.0;10579.0;9890.0;14
4926;Groningen (gemeente);2012;189326;39532;126068;23726;152799;18731;9428;9303;17796;10603;7193;3216;1703;1513;2518;1631;887;1679;879;800;1410;604;806;8973;5786;3187;2309.0;1664.0;3206.0;2319.0;10493.0;9875.0;14
4927;Groningen (gemeente);2013;191491;40569;126261;24661;153898;19433;10030;9403;18160;10702;7458;3223;1698;1525;2544;1644;900;1769;926;843;1456;619;837;9168;5815;3353;2316.0;1672.0;3317.0;2400.0;10472.0;9887.0;14
4928;Groningen (gemeente);2014;193654;41505;126703;25446;155063;20002;10578;9424;18589;10857;7732;3230;1702;1528;2564;1654;910;1868;975;893;1508;648;860;9419;5878;3541;2294.0;1694.0;3389.0;2428.0;10487.0;9916.0;14
4929;Groningen (gemeente);2015;195800;42379;127268;26153;156173;20590;11071;9519;19037;11025;8012;3254;1713;1541;2559;1642;917;1962;1019;943;1563;665;898;9699;5986;3713;2295.0;1718.0;3417.0;2474.0;10518.0;9971.0;14
4930;Groningen (gemeente);2016;197881;43134;127814;26933;157234;21144;11532;9612;19503;11224;8279;3275;1738;1537;2597;1680;917;2066;1057;1009;1627;678;949;9938;6071;3867;2280.0;1701.0;3447.0;2498.0;10529.0;10032.0;14
4931;Groningen (gemeente);2017;199922;43873;128398;27651;158249;21713;12000;9713;19960;11405;8555;3291;1753;1538;2657;1715;942;2119;1093;1026;1670;688;982;10223;6156;4067;2208.0;1726.0;3490.0;2529.0;10592.0;10078.0;14
4932;Groningen (gemeente);2018;201896;44411;128853;28632;159238;22217;12367;9850;20441;11653;8788;3318;1765;1553;2695;1736;959;2202;1127;1075;1736;732;1004;10490;6293;4197;2173.0;1779.0;3515.0;2544.0;10676.0;10148.0;14
4933;Groningen (gemeente);2019;203803;44838;129428;29537;160112;22765;12775;9990;20926;11855;9071;3370;1797;1573;2696;1731;965;2272;1172;1100;1818;770;1048;10770;6385;4385;2147.0;1784.0;3568.0;2648.0;10733.0;10231.0;14
4934;Groningen (gemeente);2020;205604;45209;130039;30356;160858;23284;13121;10163;21462;12137;9325;3416;1826;1590;2694;1736;958;2356;1213;1143;1919;815;1104;11077;6547;4530;2145.0;1825.0;3630.0;2612.0;10711.0;10302.0;14
4935;Groningen (gemeente);2021;207370;45500;130630;31240;161541;23807;13474;10333;22022;12471;9551;3436;1833;1603;2709;1771;938;2457;1282;1175;2000;856;1144;11420;6729;4691;2093.0;1875.0;3678.0;2659.0;10826.0;10369.0;14
4936;Groningen (gemeente);2022;209091;45710;131279;32102;162123;24261;13779;10482;22707;12793;9914;3484;1861;1623;2811;1838;973;2566;1339;1227;2091;877;1214;11755;6878;4877;2093.0;1903.0;3728.0;2653.0;10799.0;10472.0;14
4937;Groningen (gemeente);2023;210706;46010;131767;32929;162712;24647;14050;10597;23347;13116;10231;3521;1854;1667;2920;1924;996;2666;1404;1262;2173;921;1252;12067;7013;5054;2064.0;1916.0;3781.0;2683.0;10861.0;10591.0;14
4938;Groningen (gemeente);2024;212243;46249;132206;33788;163192;25031;14343;10688;24020;13478;10542;3484;1843;1641;3077;2068;1009;2789;1474;1315;2262;953;1309;12408;7140;5268;2065.0;1966.0;3847.0;2658.0;10801.0;10662.0;14
4939;Groningen (gemeente);2025;213691;46258;132758;34675;163497;25506;14650;10856;24688;13864;10824;3487;1823;1664;3233;2201;1032;2897;1537;1360;2334;987;1347;12737;7316;5421;;;;;;;14
4940;Grootegast;2006;11769;3286;6888;1595;11274;333;124;209;162;108;54;15;8;7;7;3;4;5;3;2;5;3;2;130;91;39;152.0;89.0;44.0;49.0;605.0;747.0;15
4941;Grootegast;2007;11685;3243;6811;1631;11122;374;139;235;189;125;64;17;10;7;10;4;6;5;3;2;7;4;3;150;104;46;139.0;100.0;39.0;28.0;606.0;765.0;15
4942;Grootegast;2008;11578;3153;6780;1645;10981;380;141;239;217;141;76;18;10;8;13;6;7;7;4;3;6;3;3;173;118;55;138.0;110.0;40.0;29.0;586.0;734.0;15
4943;Grootegast;2009;11470;3105;6711;1654;10820;395;155;240;255;164;91;21;10;11;18;10;8;6;3;3;7;3;4;203;138;65;133.0;101.0;46.0;28.0;590.0;748.0;15
4944;Grootegast;2010;11363;3041;6636;1686;10672;413;166;247;278;175;103;25;11;14;20;12;8;7;3;4;9;3;6;217;146;71;135.0;111.0;51.0;29.0;581.0;726.0;15
4945;Grootegast;2011;11265;2984;6546;1735;10515;432;182;250;318;198;120;29;10;19;32;19;13;9;4;5;8;2;6;240;163;77;129.0;106.0;60.0;37.0;602.0;747.0;15
4946;Grootegast;2012;11167;2930;6430;1807;10380;462;196;266;325;204;121;29;12;17;30;16;14;10;5;5;8;2;6;248;169;79;127.0;104.0;57.0;30.0;582.0;737.0;15
4947;Grootegast;2013;11066;2880;6340;1846;10218;492;216;276;356;233;123;32;14;18;31;17;14;10;5;5;7;1;6;276;196;80;131.0;107.0;68.0;30.0;569.0;727.0;15
4948;Grootegast;2014;10971;2830;6237;1904;10092;521;243;278;358;231;127;33;15;18;32;17;15;12;5;7;6;1;5;275;193;82;128.0;97.0;66.0;30.0;567.0;718.0;15
4949;Grootegast;2015;10888;2765;6152;1971;9973;546;268;278;369;243;126;29;14;15;32;18;14;11;6;5;7;2;5;290;203;87;131.0;100.0;79.0;41.0;568.0;715.0;15
4950;Grootegast;2016;10812;2714;6070;2028;9841;576;301;275;395;260;135;34;16;18;37;23;14;10;5;5;6;2;4;308;214;94;150.0;103.0;80.0;39.0;558.0;722.0;15
4951;Grootegast;2017;10738;2697;5975;2066;9716;627;341;286;395;255;140;38;19;19;34;20;14;14;8;6;5;2;3;304;206;98;122.0;114.0;77.0;40.0;588.0;715.0;15
4952;Grootegast;2018;10657;2663;5877;2117;9588;658;364;294;411;262;149;38;18;20;35;21;14;15;10;5;5;2;3;318;211;107;127.0;113.0;68.0;41.0;593.0;713.0;15
4953;Grootegast;2019;10582;2606;5798;2178;9472;676;378;298;434;276;158;44;18;26;40;26;14;15;10;5;6;2;4;329;220;109;131.0;124.0;87.0;45.0;589.0;706.0;15
4954;Grootegast;2020;10517;2571;5749;2197;9338;721;416;305;458;284;174;47;18;29;39;24;15;14;9;5;11;2;9;347;231;116;126.0;115.0;94.0;41.0;576.0;706.0;15
4955;Grootegast;2021;10453;2556;5662;2235;9222;757;442;315;474;296;178;49;20;29;38;26;12;15;9;6;14;3;11;358;238;120;128.0;109.0;92.0;43.0;560.0;689.0;15
4956;Grootegast;2022;10393;2568;5581;2244;9088;812;484;328;493;307;186;53;21;32;39;28;11;17;11;6;13;3;10;371;244;127;131.0;110.0;90.0;50.0;568.0;689.0;15
4957;Grootegast;2023;10335;2554;5502;2279;8976;851;516;335;508;308;200;55;22;33;40;26;14;18;11;7;13;3;10;382;246;136;116.0;120.0;86.0;45.0;597.0;691.0;15
4958;Grootegast;2024;10281;2545;5441;2295;8869;876;531;345;536;330;206;58;24;34;41;28;13;20;11;9;14;3;11;403;264;139;122.0;109.0;111.0;63.0;588.0;695.0;15
4959;Grootegast;2025;10239;2535;5407;2297;8764;913;566;347;562;354;208;58;25;33;42;30;12;23;12;11;17;4;13;422;283;139;;;;;;;15
4960;Gulpen-Wittem;2006;14944;3174;9252;2518;12906;1800;552;1248;238;181;57;9;5;4;13;5;8;7;4;3;28;14;14;181;153;28;103.0;150.0;31.0;100.0;646.0;703.0;1729
4961;Gulpen-Wittem;2007;14777;3057;9187;2533;12780;1763;542;1221;234;176;58;12;7;5;13;5;8;7;4;3;31;17;14;171;143;28;104.0;148.0;28.0;104.0;642.0;686.0;1729
4962;Gulpen-Wittem;2008;14614;2933;9083;2598;12633;1744;528;1216;237;169;68;13;7;6;14;4;10;9;6;3;31;15;16;170;137;33;108.0;141.0;36.0;97.0;633.0;691.0;1729
4963;Gulpen-Wittem;2009;14463;2835;8972;2656;12489;1739;522;1217;235;164;71;13;6;7;16;6;10;10;5;5;35;17;18;161;130;31;114.0;151.0;33.0;87.0;617.0;681.0;1729
4964;Gulpen-Wittem;2010;14308;2758;8852;2698;12342;1726;508;1218;240;163;77;13;6;7;15;6;9;11;5;6;39;18;21;162;128;34;123.0;136.0;26.0;83.0;621.0;697.0;1729
4965;Gulpen-Wittem;2011;14163;2673;8722;2768;12224;1684;505;1179;255;170;85;12;6;6;16;6;10;13;6;7;43;18;25;171;134;37;113.0;156.0;33.0;83.0;621.0;663.0;1729
4966;Gulpen-Wittem;2012;14029;2579;8597;2853;12091;1664;509;1155;274;178;96;15;7;8;15;6;9;16;7;9;48;19;29;180;139;41;109.0;155.0;27.0;81.0;616.0;670.0;1729
4967;Gulpen-Wittem;2013;13876;2523;8425;2928;11931;1666;520;1146;279;176;103;16;8;8;15;7;8;20;7;13;51;20;31;177;134;43;108.0;150.0;36.0;97.0;624.0;679.0;1729
4968;Gulpen-Wittem;2014;13721;2440;8285;2996;11773;1658;524;1134;290;179;111;18;11;7;16;7;9;22;9;13;52;20;32;182;132;50;116.0;161.0;32.0;85.0;617.0;661.0;1729
4969;Gulpen-Wittem;2015;13585;2363;8174;3048;11633;1646;532;1114;306;185;121;24;13;11;17;7;10;24;9;15;55;21;34;186;135;51;123.0;156.0;33.0;78.0;594.0;658.0;1729
4970;Gulpen-Wittem;2016;13446;2317;8047;3082;11486;1637;534;1103;323;190;133;25;13;12;21;11;10;29;11;18;57;22;35;191;133;58;120.0;163.0;29.0;85.0;589.0;641.0;1729
4971;Gulpen-Wittem;2017;13298;2267;7906;3125;11338;1627;549;1078;333;195;138;25;13;12;22;11;11;32;12;20;59;23;36;195;136;59;113.0;158.0;27.0;100.0;604.0;642.0;1729
4972;Gulpen-Wittem;2018;13145;2227;7774;3144;11219;1581;550;1031;345;205;140;26;13;13;23;11;12;33;12;21;59;24;35;204;145;59;127.0;157.0;38.0;80.0;575.0;645.0;1729
4973;Gulpen-Wittem;2019;13004;2196;7625;3183;11104;1550;554;996;350;202;148;27;12;15;28;14;14;33;11;22;65;27;38;197;138;59;122.0;158.0;33.0;75.0;569.0;626.0;1729
4974;Gulpen-Wittem;2020;12871;2151;7512;3208;10991;1518;540;978;362;214;148;30;13;17;29;15;14;34;11;23;63;27;36;206;148;58;131.0;172.0;41.0;99.0;580.0;609.0;1729
4975;Gulpen-Wittem;2021;12747;2141;7371;3235;10882;1492;528;964;373;219;154;32;14;18;31;18;13;36;10;26;64;28;36;210;149;61;125.0;161.0;34.0;69.0;568.0;612.0;1729
4976;Gulpen-Wittem;2022;12632;2125;7237;3270;10747;1505;538;967;380;223;157;34;15;19;32;18;14;41;12;29;58;28;30;215;150;65;151.0;161.0;28.0;73.0;542.0;595.0;1729
4977;Gulpen-Wittem;2023;12528;2145;7107;3276;10653;1485;529;956;390;223;167;37;18;19;34;21;13;44;12;32;61;27;34;214;145;69;134.0;159.0;24.0;76.0;549.0;588.0;1729
4978;Gulpen-Wittem;2024;12414;2158;6982;3274;10542;1464;518;946;408;233;175;41;20;21;35;23;12;46;12;34;60;25;35;226;153;73;113.0;167.0;37.0;73.0;562.0;591.0;1729
4979;Gulpen-Wittem;2025;12296;2175;6861;3260;10435;1450;526;924;411;235;176;43;22;21;37;25;12;46;12;34;59;25;34;226;151;75;;;;;;;1729
4980;Haaksbergen;2006;24411;6021;14572;3818;21467;1844;503;1341;1100;614;486;44;18;26;24;18;6;646;322;324;77;35;42;309;221;88;234.0;229.0;22.0;55.0;593.0;621.0;158
4981;Haaksbergen;2007;24356;5931;14484;3941;21409;1829;498;1331;1118;627;491;49;21;28;27;20;7;643;319;324;77;35;42;322;232;90;249.0;240.0;23.0;58.0;595.0;619.0;158
4982;Haaksbergen;2008;24314;5848;14418;4048;21360;1810;491;1319;1144;648;496;52;24;28;27;21;6;638;315;323;79;38;41;348;250;98;228.0;234.0;26.0;54.0;600.0;628.0;158
4983;Haaksbergen;2009;24255;5756;14341;4158;21313;1793;491;1302;1149;641;508;54;24;30;30;22;8;634;311;323;82;39;43;349;245;104;217.0;230.0;25.0;59.0;606.0;629.0;158
4984;Haaksbergen;2010;24188;5661;14261;4266;21253;1789;494;1295;1146;634;512;56;26;30;32;23;9;625;304;321;85;41;44;348;240;108;216.0;243.0;32.0;49.0;605.0;621.0;158
4985;Haaksbergen;2011;24134;5572;14230;4332;21186;1790;490;1300;1158;648;510;59;27;32;37;27;10;610;300;310;86;43;43;366;251;115;208.0;255.0;22.0;62.0;646.0;625.0;158
4986;Haaksbergen;2012;24074;5489;14096;4489;21123;1790;485;1305;1161;637;524;64;27;37;38;27;11;610;301;309;86;43;43;363;239;124;226.0;250.0;29.0;62.0;622.0;629.0;158
4987;Haaksbergen;2013;24017;5413;13984;4620;21056;1798;491;1307;1163;639;524;65;27;38;35;24;11;605;301;304;88;43;45;370;244;126;216.0;254.0;35.0;61.0;623.0;626.0;158
4988;Haaksbergen;2014;23956;5349;13838;4769;20977;1782;491;1291;1197;653;544;73;30;43;38;27;11;602;297;305;94;44;50;390;255;135;228.0;253.0;22.0;49.0;626.0;629.0;158
4989;Haaksbergen;2015;23902;5277;13794;4831;20890;1793;499;1294;1219;659;560;77;30;47;43;30;13;601;296;305;97;45;52;401;258;143;227.0;258.0;18.0;56.0;629.0;622.0;158
4990;Haaksbergen;2016;23845;5201;13725;4919;20819;1783;500;1283;1243;666;577;78;29;49;41;28;13;601;297;304;104;46;58;419;266;153;239.0;275.0;23.0;59.0;641.0;629.0;158
4991;Haaksbergen;2017;23787;5161;13641;4985;20758;1787;500;1287;1242;657;585;84;30;54;41;28;13;585;288;297;106;46;60;426;265;161;259.0;274.0;22.0;53.0;616.0;630.0;158
4992;Haaksbergen;2018;23730;5135;13522;5073;20706;1781;501;1280;1243;649;594;81;28;53;43;28;15;577;285;292;104;43;61;438;265;173;253.0;273.0;28.0;50.0;615.0;626.0;158
4993;Haaksbergen;2019;23680;5093;13442;5145;20641;1775;514;1261;1264;662;602;85;30;55;45;27;18;574;283;291;103;42;61;457;280;177;243.0;273.0;27.0;47.0;631.0;627.0;158
4994;Haaksbergen;2020;23633;5040;13386;5207;20565;1768;519;1249;1300;681;619;96;37;59;52;30;22;574;283;291;103;42;61;475;289;186;242.0;286.0;24.0;49.0;644.0;635.0;158
4995;Haaksbergen;2021;23575;4992;13300;5283;20500;1759;516;1243;1316;686;630;106;39;67;52;29;23;570;282;288;103;41;62;485;295;190;259.0;293.0;25.0;56.0;645.0;628.0;158
4996;Haaksbergen;2022;23530;4933;13268;5329;20438;1763;520;1243;1329;696;633;108;39;69;54;32;22;567;280;287;104;41;63;496;304;192;266.0;297.0;24.0;49.0;640.0;628.0;158
4997;Haaksbergen;2023;23484;4917;13209;5358;20372;1761;525;1236;1351;702;649;112;41;71;52;31;21;568;275;293;112;43;69;507;312;195;268.0;303.0;34.0;37.0;621.0;631.0;158
4998;Haaksbergen;2024;23440;4927;13109;5404;20338;1753;525;1228;1349;700;649;112;40;72;56;32;24;560;270;290;113;45;68;508;313;195;305.0;308.0;29.0;49.0;603.0;623.0;158
4999;Haaksbergen;2025;23401;4954;12999;5448;20285;1765;530;1235;1351;700;651;121;47;74;59;34;25;557;268;289;110;44;66;504;307;197;;;;;;;158
5000;Haaren;2006;13921;3593;8359;1969;13112;597;177;420;212;125;87;27;11;16;31;17;14;7;5;2;22;11;11;125;81;44;125.0;124.0;17.0;42.0;369.0;414.0;788
5001;Haaren;2007;13854;3555;8253;2046;13010;613;186;427;231;136;95;28;10;18;32;18;14;12;8;4;27;14;13;132;86;46;115.0;124.0;22.0;20.0;355.0;408.0;788
5002;Haaren;2008;13794;3502;8159;2133;12911;642;192;450;241;137;104;28;9;19;36;21;15;13;8;5;29;13;16;135;86;49;129.0;135.0;27.0;41.0;363.0;412.0;788
5003;Haaren;2009;13729;3425;8051;2253;12818;654;197;457;257;149;108;28;10;18;37;21;16;13;8;5;30;14;16;149;96;53;117.0;143.0;25.0;35.0;380.0;416.0;788
5004;Haaren;2010;13661;3350;7981;2330;12699;689;210;479;273;157;116;27;10;17;38;22;16;15;8;7;30;12;18;163;105;58;104.0;143.0;22.0;30.0;377.0;409.0;788
5005;Haaren;2011;13585;3264;7896;2425;12593;702;217;485;290;167;123;29;11;18;38;21;17;15;7;8;31;13;18;177;115;62;109.0;140.0;16.0;28.0;377.0;412.0;788
5006;Haaren;2012;13507;3168;7787;2552;12489;720;225;495;298;171;127;30;11;19;38;20;18;18;8;10;30;13;17;182;119;63;103.0;154.0;24.0;50.0;409.0;407.0;788
5007;Haaren;2013;13432;3072;7688;2672;12375;751;240;511;306;177;129;31;12;19;38;22;16;21;9;12;30;13;17;186;121;65;115.0;155.0;19.0;25.0;382.0;410.0;788
5008;Haaren;2014;13359;3021;7575;2763;12272;764;253;511;323;192;131;31;12;19;40;24;16;23;11;12;29;12;17;200;133;67;114.0;154.0;44.0;37.0;372.0;412.0;788
5009;Haaren;2015;13288;2938;7473;2877;12163;780;265;515;345;206;139;33;14;19;42;27;15;25;11;14;31;12;19;214;142;72;118.0;169.0;27.0;24.0;394.0;422.0;788
5010;Haaren;2016;13215;2868;7389;2958;12056;815;273;542;344;202;142;33;14;19;41;27;14;26;12;14;32;11;21;212;138;74;105.0;165.0;18.0;41.0;414.0;407.0;788
5011;Haaren;2017;13142;2783;7326;3033;11941;849;293;556;352;204;148;33;13;20;41;28;13;27;11;16;33;11;22;218;141;77;107.0;180.0;30.0;31.0;414.0;418.0;788
5012;Haaren;2018;13063;2722;7254;3087;11822;884;306;578;357;205;152;32;12;20;39;26;13;28;11;17;37;11;26;221;145;76;123.0;165.0;24.0;33.0;393.0;413.0;788
5013;Haaren;2019;12993;2673;7176;3144;11721;901;315;586;371;209;162;36;15;21;37;25;12;29;12;17;41;11;30;228;146;82;126.0;197.0;20.0;30.0;418.0;406.0;788
5014;Haaren;2020;12926;2645;7088;3193;11632;912;324;588;382;218;164;39;17;22;35;25;10;32;12;20;43;12;31;233;152;81;135.0;185.0;16.0;38.0;399.0;399.0;788
5015;Haaren;2021;12854;2609;7015;3230;11526;947;334;613;381;215;166;42;18;24;33;23;10;31;11;20;43;12;31;232;151;81;133.0;191.0;24.0;35.0;410.0;407.0;788
5016;Haaren;2022;12788;2606;6899;3283;11445;952;341;611;391;216;175;44;18;26;33;24;9;29;10;19;47;12;35;238;152;86;110.0;198.0;26.0;27.0;417.0;407.0;788
5017;Haaren;2023;12711;2587;6819;3305;11352;950;339;611;409;220;189;48;19;29;33;24;9;35;12;23;51;13;38;242;152;90;123.0;191.0;19.0;19.0;405.0;393.0;788
5018;Haaren;2024;12654;2573;6751;3330;11265;961;335;626;428;229;199;49;21;28;32;22;10;34;11;23;52;14;38;261;161;100;129.0;197.0;20.0;34.0;414.0;394.0;788
5019;Haaren;2025;12592;2569;6643;3380;11188;962;337;625;442;228;214;55;22;33;30;20;10;37;13;24;53;14;39;267;159;108;;;;;;;788
5020;Haarlem;2006;146983;32934;91686;22363;113028;15092;6078;9014;18863;10907;7956;2120;1083;1037;866;446;420;6060;3221;2839;4129;2350;1779;5688;3807;1881;1885.0;1490.0;1095.0;1264.0;6385.0;6192.0;392
5021;Haarlem;2007;147413;33518;91535;22360;113001;15175;6097;9078;19237;10917;8320;2208;1110;1098;882;440;442;6064;3198;2866;4208;2313;1895;5875;3856;2019;1830.0;1464.0;1134.0;1254.0;6444.0;6165.0;392
5022;Haarlem;2008;147945;33984;91496;22465;112958;15325;6160;9165;19662;10982;8680;2274;1119;1155;918;453;465;6049;3169;2880;4331;2320;2011;6090;3921;2169;1781.0;1448.0;1177.0;1205.0;6356.0;6156.0;392
5023;Haarlem;2009;148457;34323;91518;22616;112899;15513;6238;9275;20045;11084;8961;2314;1124;1190;929;460;469;6060;3173;2887;4438;2320;2118;6304;4007;2297;1742.0;1482.0;1241.0;1234.0;6267.0;6151.0;392
5024;Haarlem;2010;148846;34563;91487;22796;112720;15689;6348;9341;20437;11130;9307;2368;1124;1244;980;474;506;6055;3145;2910;4515;2305;2210;6519;4082;2437;1703.0;1483.0;1272.0;1230.0;6296.0;6155.0;392
5025;Haarlem;2011;149252;34727;91706;22819;112588;15908;6492;9416;20756;11172;9584;2415;1132;1283;1007;490;517;6039;3131;2908;4617;2303;2314;6678;4116;2562;1665.0;1474.0;1321.0;1253.0;6301.0;6145.0;392
5026;Haarlem;2012;149675;34820;91070;23785;112407;16150;6639;9511;21118;11231;9887;2485;1156;1329;1031;503;528;6004;3106;2898;4729;2298;2431;6869;4168;2701;1607.0;1482.0;1324.0;1253.0;6367.0;6150.0;392
5027;Haarlem;2013;150094;34896;90616;24582;112194;16404;6839;9565;21496;11292;10204;2539;1166;1373;1065;532;533;5998;3087;2911;4829;2305;2524;7065;4202;2863;1572.0;1464.0;1348.0;1225.0;6348.0;6169.0;392
5028;Haarlem;2014;150512;34963;90318;25231;111928;16676;7018;9658;21908;11409;10499;2611;1182;1429;1103;557;546;5993;3072;2921;4917;2300;2617;7284;4298;2986;1568.0;1483.0;1389.0;1291.0;6387.0;6188.0;392
5029;Haarlem;2015;150908;35098;90033;25777;111699;16934;7219;9715;22275;11495;10780;2645;1187;1458;1130;581;549;6003;3058;2945;5015;2302;2713;7482;4367;3115;1555.0;1462.0;1363.0;1250.0;6399.0;6206.0;392
5030;Haarlem;2016;151319;35180;89874;26265;111451;17183;7378;9805;22685;11615;11070;2685;1190;1495;1154;602;552;6019;3049;2970;5102;2308;2794;7725;4466;3259;1571.0;1473.0;1399.0;1265.0;6433.0;6248.0;392
5031;Haarlem;2017;151751;35241;89802;26708;111244;17464;7552;9912;23043;11728;11315;2729;1204;1525;1181;606;575;6013;3033;2980;5173;2315;2858;7947;4570;3377;1558.0;1490.0;1425.0;1289.0;6477.0;6273.0;392
5032;Haarlem;2018;152180;35257;89817;27106;110978;17726;7730;9996;23476;11874;11602;2776;1208;1568;1214;624;590;5993;3010;2983;5247;2310;2937;8246;4722;3524;1547.0;1512.0;1463.0;1340.0;6595.0;6329.0;392
5033;Haarlem;2019;152625;35169;89933;27523;110727;17958;7881;10077;23940;12022;11918;2818;1206;1612;1237;632;605;6007;3002;3005;5309;2318;2991;8569;4864;3705;1565.0;1498.0;1481.0;1307.0;6578.0;6381.0;392
5034;Haarlem;2020;153086;35154;89955;27977;110479;18236;8069;10167;24371;12136;12235;2850;1213;1637;1252;626;626;6007;2984;3023;5375;2317;3058;8887;4996;3891;1553.0;1506.0;1498.0;1336.0;6660.0;6436.0;392
5035;Haarlem;2021;153540;34976;90138;28426;110204;18470;8245;10225;24866;12302;12564;2920;1237;1683;1313;652;661;6022;2965;3057;5452;2328;3124;9159;5120;4039;1594.0;1541.0;1526.0;1331.0;6726.0;6514.0;392
5036;Haarlem;2022;154020;34845;90201;28974;109964;18744;8444;10300;25312;12440;12872;2971;1240;1731;1368;678;690;6037;2957;3080;5493;2340;3153;9443;5225;4218;1600.0;1537.0;1549.0;1331.0;6778.0;6575.0;392
5037;Haarlem;2023;154519;34637;90297;29585;109726;19040;8631;10409;25753;12612;13141;2982;1223;1759;1422;699;723;6044;2947;3097;5546;2359;3187;9759;5384;4375;1616.0;1567.0;1597.0;1414.0;6894.0;6646.0;392
5038;Haarlem;2024;155016;34390;90429;30197;109482;19327;8791;10536;26207;12766;13441;3040;1237;1803;1505;727;778;5996;2911;3085;5590;2363;3227;10076;5528;4548;1634.0;1614.0;1598.0;1399.0;6980.0;6708.0;392
5039;Haarlem;2025;155525;34251;90488;30786;109190;19575;8968;10607;26760;12898;13862;3082;1239;1843;1585;764;821;6008;2883;3125;5675;2361;3314;10410;5651;4759;;;;;;;392
5040;Haarlemmerliede en Spaarnwoude;2006;5532;1437;3286;809;4840;417;137;280;275;147;128;60;28;32;18;10;8;23;13;10;25;14;11;149;82;67;46.0;39.0;21.0;31.0;238.0;258.0;393
5041;Haarlemmerliede en Spaarnwoude;2007;5509;1393;3282;834;4762;459;160;299;288;158;130;62;30;32;22;15;7;24;14;10;26;13;13;154;86;68;48.0;53.0;37.0;41.0;244.0;261.0;393
5042;Haarlemmerliede en Spaarnwoude;2008;5484;1369;3260;855;4684;475;174;301;325;175;150;68;29;39;25;16;9;24;15;9;34;14;20;174;101;73;50.0;47.0;31.0;37.0;229.0;252.0;393
5043;Haarlemmerliede en Spaarnwoude;2009;5460;1324;3227;909;4610;511;194;317;339;184;155;72;30;42;25;16;9;26;15;11;37;17;20;179;106;73;44.0;57.0;39.0;38.0;242.0;261.0;393
5044;Haarlemmerliede en Spaarnwoude;2010;5433;1292;3202;939;4541;541;211;330;351;192;159;78;34;44;25;17;8;27;18;9;40;18;22;181;105;76;45.0;48.0;48.0;47.0;235.0;260.0;393
5045;Haarlemmerliede en Spaarnwoude;2011;5405;1250;3202;953;4476;564;227;337;365;206;159;79;34;45;24;15;9;28;18;10;46;22;24;188;117;71;48.0;50.0;54.0;44.0;231.0;261.0;393
5046;Haarlemmerliede en Spaarnwoude;2012;5382;1217;3160;1005;4425;586;245;341;371;209;162;82;37;45;25;15;10;30;18;12;49;23;26;185;116;69;42.0;54.0;65.0;41.0;230.0;268.0;393
5047;Haarlemmerliede en Spaarnwoude;2013;5356;1214;3080;1062;4343;617;267;350;396;221;175;85;40;45;29;17;12;32;18;14;50;24;26;200;122;78;50.0;64.0;67.0;54.0;252.0;283.0;393
5048;Haarlemmerliede en Spaarnwoude;2014;5324;1193;3045;1086;4277;633;285;348;414;226;188;89;42;47;25;14;11;34;18;16;55;23;32;211;129;82;47.0;50.0;68.0;43.0;225.0;262.0;393
5049;Haarlemmerliede en Spaarnwoude;2015;5310;1185;2989;1136;4232;655;300;355;423;226;197;88;41;47;28;16;12;37;19;18;58;23;35;212;127;85;50.0;63.0;79.0;59.0;234.0;256.0;393
5050;Haarlemmerliede en Spaarnwoude;2016;5296;1155;2971;1170;4196;659;307;352;441;242;199;89;42;47;29;15;14;36;19;17;56;24;32;231;142;89;57.0;65.0;62.0;49.0;240.0;255.0;393
5051;Haarlemmerliede en Spaarnwoude;2017;5288;1155;2944;1189;4140;689;321;368;459;251;208;90;42;48;29;15;14;36;19;17;61;26;35;243;149;94;42.0;67.0;56.0;52.0;259.0;264.0;393
5052;Haarlemmerliede en Spaarnwoude;2018;5262;1138;2904;1220;4061;714;326;388;487;264;223;96;45;51;31;16;15;36;19;17;69;28;41;255;156;99;49.0;59.0;56.0;47.0;246.0;273.0;393
5053;Haarlemmerliede en Spaarnwoude;2019;5232;1127;2865;1240;3993;732;351;381;507;268;239;96;43;53;33;17;16;43;22;21;73;27;46;262;159;103;60.0;61.0;68.0;54.0;236.0;270.0;393
5054;Haarlemmerliede en Spaarnwoude;2020;5211;1129;2831;1251;3940;752;372;380;519;271;248;99;42;57;33;15;18;47;23;24;74;29;45;266;162;104;54.0;73.0;71.0;54.0;245.0;273.0;393
5055;Haarlemmerliede en Spaarnwoude;2021;5181;1129;2784;1268;3866;776;380;396;539;282;257;99;42;57;35;17;18;51;23;28;76;29;47;278;171;107;54.0;68.0;64.0;52.0;240.0;270.0;393
5056;Haarlemmerliede en Spaarnwoude;2022;5148;1123;2739;1286;3812;785;389;396;551;296;255;99;43;56;38;21;17;54;24;30;74;28;46;286;180;106;52.0;71.0;76.0;54.0;237.0;255.0;393
5057;Haarlemmerliede en Spaarnwoude;2023;5133;1124;2729;1280;3766;816;407;409;551;296;255;99;45;54;37;21;16;56;25;31;73;26;47;286;179;107;67.0;68.0;65.0;48.0;248.0;250.0;393
5058;Haarlemmerliede en Spaarnwoude;2024;5150;1142;2695;1313;3743;828;416;412;579;312;267;108;49;59;43;27;16;59;26;33;77;27;50;292;183;109;56.0;54.0;83.0;54.0;235.0;269.0;393
5059;Haarlemmerliede en Spaarnwoude;2025;5148;1162;2641;1345;3708;852;435;417;588;317;271;111;50;61;45;27;18;62;25;37;78;29;49;292;186;106;;;;;;;393
5060;Haarlemmermeer;2006;134119;35080;84692;14347;107051;12961;5508;7453;14107;8030;6077;3712;1955;1757;1005;560;445;1425;715;710;2020;1043;977;5945;3757;2188;1800.0;803.0;857.0;852.0;5454.0;3956.0;394
5061;Haarlemmermeer;2007;136624;35577;86144;14903;108685;13171;5737;7434;14768;8381;6387;3891;2060;1831;1041;585;456;1502;749;753;2151;1094;1057;6183;3893;2290;1796.0;818.0;909.0;899.0;5655.0;4041.0;394
5062;Haarlemmermeer;2008;139231;36074;87683;15474;110374;13411;5993;7418;15446;8761;6685;4076;2156;1920;1074;602;472;1588;788;800;2269;1155;1114;6439;4060;2379;1766.0;876.0;997.0;932.0;5769.0;4130.0;394
5063;Haarlemmermeer;2009;141836;36449;89144;16243;112020;13688;6286;7402;16128;9133;6995;4259;2258;2001;1111;626;485;1662;826;836;2394;1208;1186;6702;4215;2487;1804.0;892.0;1065.0;928.0;6693.0;4213.0;394
5064;Haarlemmermeer;2010;145376;37040;91285;17051;114264;14098;6656;7442;17014;9644;7370;4473;2376;2097;1171;657;514;1746;866;880;2558;1286;1272;7066;4459;2607;1767.0;930.0;1133.0;975.0;6874.0;4333.0;394
5065;Haarlemmermeer;2011;148928;37474;93664;17790;116535;14524;7079;7445;17869;10150;7719;4648;2488;2160;1228;696;532;1835;918;917;2741;1367;1374;7417;4681;2736;1804.0;972.0;1248.0;1005.0;6948.0;4478.0;394
5066;Haarlemmermeer;2012;152492;37872;95328;19292;118686;15066;7541;7525;18740;10652;8088;4838;2597;2241;1275;733;542;1921;955;966;2921;1432;1489;7785;4935;2850;1870.0;995.0;1328.0;1069.0;6985.0;4595.0;394
5067;Haarlemmermeer;2013;156036;38382;97086;20568;120824;15625;8050;7575;19587;11089;8498;5011;2684;2327;1328;766;562;1999;998;1001;3123;1517;1606;8126;5124;3002;1910.0;1026.0;1436.0;1145.0;7000.0;4715.0;394
5068;Haarlemmermeer;2014;159513;38879;98861;21773;122878;16222;8552;7670;20413;11539;8874;5182;2761;2421;1391;811;580;2078;1037;1041;3296;1582;1714;8466;5348;3118;1959.0;1066.0;1454.0;1195.0;7081.0;4833.0;394
5069;Haarlemmermeer;2015;162926;39362;100791;22773;124809;16777;9024;7753;21340;12035;9305;5341;2822;2519;1470;871;599;2174;1084;1090;3472;1651;1821;8883;5607;3276;1986.0;1101.0;1540.0;1190.0;7005.0;4948.0;394
5070;Haarlemmermeer;2016;166230;39916;102562;23752;126591;17404;9580;7824;22235;12524;9711;5500;2915;2585;1519;905;614;2283;1128;1155;3632;1714;1918;9301;5862;3439;2056.0;1151.0;1641.0;1235.0;6996.0;5077.0;394
5071;Haarlemmermeer;2017;169469;40457;104251;24761;128432;17998;10111;7887;23039;12930;10109;5653;2984;2669;1552;945;607;2371;1171;1200;3813;1785;2028;9650;6045;3605;2119.0;1169.0;1696.0;1283.0;6965.0;5174.0;394
5072;Haarlemmermeer;2018;172634;40979;105935;25720;130178;18610;10628;7982;23846;13369;10477;5763;3051;2712;1633;987;646;2457;1214;1243;3965;1852;2113;10028;6265;3763;2184.0;1214.0;1759.0;1322.0;6959.0;5283.0;394
5073;Haarlemmermeer;2019;175728;41481;107523;26724;131794;19292;11203;8089;24642;13809;10833;5858;3113;2745;1742;1056;686;2538;1247;1291;4119;1917;2202;10385;6476;3909;2253.0;1243.0;1802.0;1345.0;6916.0;5384.0;394
5074;Haarlemmermeer;2020;178739;41892;109091;27756;133355;19942;11737;8205;25442;14206;11236;6001;3174;2827;1760;1067;693;2636;1296;1340;4262;1969;2293;10783;6700;4083;2314.0;1294.0;1849.0;1411.0;6907.0;5491.0;394
5075;Haarlemmermeer;2021;181624;42282;110594;28748;134820;20583;12288;8295;26221;14598;11623;6115;3232;2883;1803;1094;709;2731;1340;1391;4418;2024;2394;11154;6908;4246;2387.0;1343.0;1936.0;1460.0;6836.0;5592.0;394
5076;Haarlemmermeer;2022;184402;42718;111958;29726;136254;21189;12788;8401;26959;14965;11994;6196;3259;2937;1847;1125;722;2810;1376;1434;4551;2071;2480;11555;7134;4421;2437.0;1385.0;1966.0;1461.0;6799.0;5679.0;394
5077;Haarlemmermeer;2023;187093;43046;113266;30781;137613;21869;13321;8548;27611;15258;12353;6298;3299;2999;1908;1164;744;2901;1424;1477;4706;2132;2574;11798;7239;4559;2504.0;1423.0;2001.0;1487.0;6700.0;5759.0;394
5078;Haarlemmermeer;2024;189636;43404;114414;31818;138821;22504;13796;8708;28311;15575;12736;6367;3339;3028;1984;1202;782;2963;1442;1521;4862;2196;2666;12135;7396;4739;2549.0;1482.0;2011.0;1500.0;6587.0;5804.0;394
5079;Haarlemmermeer;2025;192006;43925;115176;32905;139900;23104;14281;8823;29002;15892;13110;6452;3379;3073;2038;1236;802;3039;1472;1567;4996;2248;2748;12477;7557;4920;;;;;;;394
5080;Haelen;2006;9966;2378;5878;1710;8819;943;346;597;204;115;89;14;5;9;18;11;7;19;10;9;12;4;8;141;85;56;85.0;122.0;21.0;48.0;433.0;407.0;914
5081;Haelen;2007;9930;2338;5845;1747;8777;940;347;593;213;120;93;14;5;9;18;11;7;21;10;11;14;5;9;146;89;57;76.0;123.0;23.0;62.0;440.0;399.0;914
5082;Haelen;2008;9884;2279;5830;1775;8710;943;346;597;231;131;100;17;7;10;20;12;8;26;13;13;17;5;12;151;94;57;96.0;121.0;24.0;44.0;407.0;397.0;914
5083;Haelen;2009;9849;2245;5793;1811;8642;954;353;601;253;143;110;19;6;13;22;14;8;30;15;15;18;4;14;164;104;60;77.0;117.0;28.0;46.0;423.0;404.0;914
5084;Haelen;2010;9812;2205;5770;1837;8592;962;359;603;258;151;107;21;6;15;24;16;8;33;17;16;15;4;11;165;108;57;89.0;127.0;30.0;46.0;410.0;396.0;914
5085;Haelen;2011;9773;2169;5733;1871;8513;991;365;626;269;156;113;20;5;15;23;14;9;34;18;16;15;4;11;177;115;62;83.0;128.0;28.0;41.0;409.0;395.0;914
5086;Haelen;2012;9729;2135;5679;1915;8443;991;369;622;295;168;127;22;6;16;21;13;8;37;17;20;18;5;13;197;127;70;78.0;124.0;36.0;56.0;419.0;408.0;914
5087;Haelen;2013;9675;2098;5602;1975;8373;988;367;621;314;182;132;25;7;18;19;11;8;38;17;21;22;6;16;210;141;69;91.0;125.0;27.0;38.0;397.0;400.0;914
5088;Haelen;2014;9628;2056;5532;2040;8317;995;369;626;316;176;140;24;6;18;18;9;9;43;18;25;26;6;20;205;137;68;83.0;132.0;26.0;38.0;416.0;404.0;914
5089;Haelen;2015;9580;2017;5492;2071;8224;1023;382;641;333;192;141;22;7;15;17;10;7;48;20;28;30;7;23;216;148;68;92.0;135.0;32.0;48.0;404.0;410.0;914
5090;Haelen;2016;9519;1998;5428;2093;8150;1028;383;645;341;195;146;21;6;15;14;9;5;51;22;29;37;8;29;218;150;68;91.0;128.0;23.0;53.0;407.0;390.0;914
5091;Haelen;2017;9469;1966;5359;2144;8087;1027;380;647;355;200;155;21;6;15;13;7;6;52;22;30;40;8;32;229;157;72;83.0;139.0;26.0;49.0;423.0;402.0;914
5092;Haelen;2018;9411;1941;5294;2176;8033;1007;370;637;371;204;167;22;6;16;15;7;8;54;23;31;41;7;34;239;161;78;97.0;138.0;24.0;36.0;403.0;395.0;914
5093;Haelen;2019;9369;1919;5237;2213;7974;1013;374;639;382;212;170;23;6;17;14;8;6;54;23;31;42;7;35;249;168;81;82.0;132.0;21.0;52.0;433.0;406.0;914
5094;Haelen;2020;9316;1894;5172;2250;7928;998;367;631;390;214;176;22;6;16;13;8;5;59;24;35;43;6;37;253;170;83;89.0;135.0;23.0;42.0;394.0;383.0;914
5095;Haelen;2021;9266;1862;5135;2269;7866;1003;362;641;397;215;182;21;5;16;18;10;8;60;24;36;48;7;41;250;169;81;82.0;140.0;17.0;49.0;422.0;392.0;914
5096;Haelen;2022;9207;1846;5067;2294;7777;1025;365;660;405;221;184;24;5;19;18;9;9;55;22;33;50;9;41;258;176;82;84.0;138.0;24.0;42.0;418.0;383.0;914
5097;Haelen;2023;9174;1829;5030;2315;7718;1035;367;668;421;236;185;24;4;20;18;9;9;54;22;32;51;10;41;274;191;83;97.0;150.0;18.0;41.0;403.0;392.0;914
5098;Haelen;2024;9112;1838;4951;2323;7640;1038;373;665;434;243;191;26;6;20;19;10;9;56;22;34;52;9;43;281;196;85;100.0;136.0;20.0;35.0;389.0;387.0;914
5099;Haelen;2025;9064;1847;4870;2347;7571;1052;384;668;441;248;193;28;6;22;17;10;7;60;23;37;53;9;44;283;200;83;;;;;;;914
5100;Halderberge;2006;29426;6728;18205;4493;26064;1571;601;970;1791;1039;752;178;99;79;97;48;49;288;175;113;736;379;357;492;338;154;267.0;242.0;52.0;105.0;930.0;952.0;1655
5101;Halderberge;2007;29378;6598;18161;4619;25982;1605;610;995;1791;1020;771;181;102;79;99;46;53;285;171;114;728;365;363;498;336;162;267.0;239.0;60.0;87.0;849.0;948.0;1655
5102;Halderberge;2008;29285;6462;18090;4733;25876;1607;615;992;1802;1034;768;185;106;79;95;45;50;281;165;116;723;365;358;518;353;165;242.0;250.0;48.0;95.0;897.0;950.0;1655
5103;Halderberge;2009;29180;6337;17990;4853;25745;1626;616;1010;1809;1034;775;180;102;78;100;47;53;282;165;117;721;357;364;526;363;163;252.0;253.0;55.0;92.0;882.0;951.0;1655
5104;Halderberge;2010;29071;6201;17861;5009;25628;1630;605;1025;1813;1032;781;182;104;78;104;50;54;288;163;125;714;351;363;525;364;161;248.0;253.0;55.0;99.0;904.0;967.0;1655
5105;Halderberge;2011;28958;6057;17769;5132;25496;1639;605;1034;1823;1047;776;186;107;79;106;53;53;282;160;122;706;349;357;543;378;165;247.0;264.0;53.0;100.0;898.0;947.0;1655
5106;Halderberge;2012;28844;5890;17619;5335;25363;1666;620;1046;1815;1035;780;186;104;82;107;54;53;279;155;124;699;345;354;544;377;167;247.0;269.0;52.0;78.0;889.0;942.0;1655
5107;Halderberge;2013;28742;5803;17389;5550;25228;1706;632;1074;1808;1025;783;187;103;84;107;51;56;276;153;123;689;339;350;549;379;170;265.0;262.0;53.0;76.0;861.0;942.0;1655
5108;Halderberge;2014;28644;5692;17215;5737;25113;1749;652;1097;1782;1008;774;187;102;85;98;46;52;269;146;123;679;336;343;549;378;171;254.0;261.0;50.0;80.0;867.0;930.0;1655
5109;Halderberge;2015;28546;5622;17034;5890;24995;1777;665;1112;1774;1006;768;191;104;87;95;44;51;255;138;117;672;334;338;561;386;175;267.0;272.0;48.0;74.0;861.0;939.0;1655
5110;Halderberge;2016;28438;5563;16838;6037;24865;1797;671;1126;1776;1013;763;191;104;87;93;46;47;249;137;112;666;326;340;577;400;177;258.0;272.0;54.0;95.0;886.0;931.0;1655
5111;Halderberge;2017;28338;5492;16700;6146;24738;1819;675;1144;1781;1016;765;199;106;93;90;46;44;241;131;110;663;323;340;588;410;178;274.0;284.0;49.0;89.0;872.0;927.0;1655
5112;Halderberge;2018;28236;5432;16529;6275;24616;1822;674;1148;1798;1020;778;204;107;97;97;47;50;242;131;111;665;315;350;590;420;170;281.0;290.0;64.0;88.0;867.0;925.0;1655
5113;Halderberge;2019;28144;5374;16367;6403;24494;1847;690;1157;1803;1019;784;205;109;96;100;49;51;246;130;116;657;311;346;595;420;175;295.0;297.0;53.0;77.0;862.0;919.0;1655
5114;Halderberge;2020;28064;5320;16236;6508;24380;1858;692;1166;1826;1035;791;207;112;95;107;54;53;247;128;119;652;312;340;613;429;184;314.0;298.0;60.0;89.0;840.0;926.0;1655
5115;Halderberge;2021;27966;5304;16073;6589;24270;1888;715;1173;1808;1018;790;208;113;95;108;53;55;244;124;120;634;297;337;614;431;183;282.0;287.0;43.0;98.0;898.0;915.0;1655
5116;Halderberge;2022;27889;5293;15940;6656;24183;1900;721;1179;1806;1007;799;210;115;95;121;60;61;237;119;118;621;287;334;617;426;191;297.0;297.0;36.0;83.0;879.0;911.0;1655
5117;Halderberge;2023;27814;5254;15807;6753;24083;1912;718;1194;1819;1014;805;218;117;101;123;55;68;239;119;120;610;284;326;629;439;190;294.0;301.0;38.0;68.0;860.0;905.0;1655
5118;Halderberge;2024;27736;5248;15619;6869;23981;1946;749;1197;1809;1009;800;215;114;101;128;57;71;236;118;118;600;279;321;630;441;189;296.0;310.0;56.0;94.0;878.0;900.0;1655
5119;Halderberge;2025;27669;5254;15479;6936;23908;1951;738;1213;1810;1007;803;216;115;101;125;55;70;238;117;121;588;275;313;643;445;198;;;;;;;1655
5120;Hardenberg;2006;58001;16203;33749;8049;54597;2322;582;1740;1082;698;384;108;53;55;106;67;39;75;41;34;32;17;15;761;520;241;754.0;454.0;84.0;143.0;1372.0;1461.0;160
5121;Hardenberg;2007;58160;16069;33905;8186;54646;2365;594;1771;1149;730;419;116;56;60;113;71;42;90;48;42;39;21;18;791;534;257;731.0;476.0;61.0;132.0;1284.0;1456.0;160
5122;Hardenberg;2008;58178;15952;33913;8313;54638;2377;602;1775;1163;722;441;123;58;65;116;74;42;104;54;50;43;21;22;777;515;262;722.0;488.0;72.0;119.0;1261.0;1458.0;160
5123;Hardenberg;2009;58171;15779;33888;8504;54545;2398;613;1785;1228;743;485;139;64;75;117;73;44;120;62;58;48;23;25;804;521;283;702.0;486.0;67.0;132.0;1271.0;1444.0;160
5124;Hardenberg;2010;58155;15660;33804;8691;54451;2415;608;1807;1289;755;534;151;70;81;122;74;48;134;64;70;50;22;28;832;525;307;702.0;492.0;68.0;132.0;1285.0;1447.0;160
5125;Hardenberg;2011;58141;15500;33801;8840;54348;2439;625;1814;1354;781;573;171;80;91;124;74;50;141;66;75;49;21;28;869;540;329;690.0;518.0;72.0;120.0;1304.0;1453.0;160
5126;Hardenberg;2012;58117;15319;33680;9118;54244;2478;642;1836;1395;792;603;182;83;99;125;75;50;143;62;81;57;24;33;888;548;340;675.0;516.0;67.0;128.0;1321.0;1455.0;160
5127;Hardenberg;2013;58080;15139;33505;9436;54107;2520;648;1872;1453;820;633;185;81;104;134;82;52;154;69;85;57;24;33;923;564;359;689.0;531.0;56.0;134.0;1330.0;1442.0;160
5128;Hardenberg;2014;58049;14953;33397;9699;54025;2531;668;1863;1493;833;660;191;82;109;147;88;59;159;72;87;62;25;37;934;566;368;681.0;537.0;76.0;125.0;1305.0;1439.0;160
5129;Hardenberg;2015;58009;14840;33237;9932;53903;2562;683;1879;1544;842;702;202;85;117;148;85;63;170;73;97;67;26;41;957;573;384;685.0;553.0;76.0;129.0;1319.0;1438.0;160
5130;Hardenberg;2016;57973;14758;33098;10117;53771;2573;696;1877;1629;884;745;216;94;122;158;92;66;175;71;104;71;27;44;1009;600;409;687.0;550.0;74.0;119.0;1305.0;1440.0;160
5131;Hardenberg;2017;57941;14674;32934;10333;53674;2585;714;1871;1682;905;777;234;102;132;156;91;65;184;73;111;78;32;46;1030;607;423;706.0;574.0;62.0;132.0;1335.0;1437.0;160
5132;Hardenberg;2018;57904;14593;32730;10581;53564;2626;742;1884;1714;900;814;245;104;141;154;83;71;190;73;117;88;35;53;1037;605;432;684.0;576.0;60.0;121.0;1343.0;1439.0;160
5133;Hardenberg;2019;57861;14445;32615;10801;53446;2651;761;1890;1764;927;837;253;106;147;159;82;77;198;80;118;96;38;58;1058;621;437;699.0;583.0;71.0;116.0;1332.0;1438.0;160
5134;Hardenberg;2020;57829;14301;32522;11006;53346;2688;774;1914;1795;949;846;262;110;152;160;81;79;206;81;125;111;43;68;1056;634;422;692.0;596.0;79.0;104.0;1323.0;1439.0;160
5135;Hardenberg;2021;57787;14161;32403;11223;53235;2717;793;1924;1835;966;869;278;112;166;163;86;77;211;86;125;117;44;73;1066;638;428;727.0;599.0;66.0;104.0;1294.0;1430.0;160
5136;Hardenberg;2022;57747;14041;32223;11483;53114;2745;814;1931;1888;998;890;283;113;170;178;97;81;215;84;131;119;45;74;1093;659;434;720.0;628.0;66.0;113.0;1335.0;1429.0;160
5137;Hardenberg;2023;57700;13986;31989;11725;53023;2757;825;1932;1920;1010;910;278;114;164;188;98;90;221;83;138;125;45;80;1108;670;438;704.0;634.0;71.0;118.0;1356.0;1419.0;160
5138;Hardenberg;2024;57665;13965;31741;11959;52925;2758;826;1932;1982;1038;944;282;115;167;192;96;96;229;86;143;127;45;82;1152;696;456;708.0;645.0;57.0;115.0;1365.0;1419.0;160
5139;Hardenberg;2025;57619;13908;31583;12128;52837;2773;833;1940;2009;1040;969;283;116;167;193;97;96;238;89;149;136;46;90;1159;692;467;;;;;;;160
5140;Harderwijk;2006;41500;11027;25178;5295;34902;2472;814;1658;4126;2372;1754;180;87;93;96;43;53;1960;1117;843;957;491;466;933;634;299;522.0;342.0;104.0;146.0;1677.0;1439.0;243
5141;Harderwijk;2007;41877;10989;25506;5382;35214;2472;820;1652;4191;2369;1822;187;90;97;98;46;52;1992;1108;884;964;486;478;950;639;311;511.0;346.0;122.0;130.0;1483.0;1458.0;243
5142;Harderwijk;2008;42062;10910;25684;5468;35353;2495;844;1651;4214;2353;1861;192;96;96;100;48;52;2024;1104;920;962;475;487;936;630;306;503.0;334.0;130.0;146.0;1462.0;1451.0;243
5143;Harderwijk;2009;42230;10866;25800;5564;35439;2520;840;1680;4271;2356;1915;197;100;97;102;47;55;2077;1109;968;958;471;487;937;629;308;484.0;339.0;127.0;149.0;1463.0;1451.0;243
5144;Harderwijk;2010;42363;10801;25826;5736;35482;2543;861;1682;4338;2379;1959;210;104;106;101;47;54;2107;1109;998;956;470;486;964;649;315;497.0;362.0;150.0;156.0;1458.0;1452.0;243
5145;Harderwijk;2011;42502;10772;25884;5846;35582;2539;861;1678;4381;2388;1993;217;106;111;103;51;52;2134;1114;1020;951;467;484;976;650;326;489.0;357.0;138.0;157.0;1473.0;1441.0;243
5146;Harderwijk;2012;42648;10706;25844;6098;35687;2553;868;1685;4408;2369;2039;229;114;115;108;52;56;2141;1103;1038;957;464;493;973;636;337;481.0;345.0;142.0;150.0;1454.0;1446.0;243
5147;Harderwijk;2013;42790;10638;25812;6340;35767;2586;907;1679;4437;2365;2072;226;108;118;110;53;57;2169;1103;1066;948;458;490;984;643;341;503.0;368.0;145.0;146.0;1437.0;1444.0;243
5148;Harderwijk;2014;42919;10624;25701;6594;35833;2624;941;1683;4462;2380;2082;232;109;123;112;52;60;2168;1105;1063;946;458;488;1004;656;348;466.0;376.0;148.0;147.0;1483.0;1438.0;243
5149;Harderwijk;2015;43059;10600;25657;6802;35894;2672;971;1701;4493;2388;2105;246;116;130;111;53;58;2175;1099;1076;939;447;492;1022;673;349;475.0;363.0;129.0;160.0;1483.0;1441.0;243
5150;Harderwijk;2016;43182;10545;25660;6977;35990;2697;992;1705;4495;2375;2120;245;117;128;118;53;65;2174;1080;1094;929;449;480;1029;676;353;487.0;399.0;150.0;158.0;1481.0;1445.0;243
5151;Harderwijk;2017;43295;10511;25602;7182;36080;2715;1023;1692;4500;2375;2125;251;119;132;128;58;70;2153;1072;1081;926;448;478;1042;678;364;464.0;382.0;142.0;139.0;1473.0;1442.0;243
5152;Harderwijk;2018;43414;10440;25606;7368;36154;2736;1046;1690;4524;2384;2140;260;120;140;130;57;73;2156;1075;1081;920;445;475;1058;687;371;491.0;386.0;139.0;150.0;1469.0;1452.0;243
5153;Harderwijk;2019;43528;10374;25589;7565;36244;2780;1078;1702;4504;2383;2121;251;116;135;123;54;69;2153;1069;1084;903;444;459;1074;700;374;477.0;409.0;141.0;152.0;1501.0;1469.0;243
5154;Harderwijk;2020;43620;10318;25510;7792;36322;2787;1085;1702;4511;2380;2131;257;120;137;130;57;73;2123;1045;1078;889;434;455;1112;724;388;483.0;410.0;140.0;155.0;1492.0;1452.0;243
5155;Harderwijk;2021;43721;10222;25489;8010;36418;2808;1108;1700;4495;2382;2113;247;112;135;135;59;76;2106;1051;1055;879;427;452;1128;733;395;487.0;417.0;138.0;164.0;1499.0;1462.0;243
5156;Harderwijk;2022;43806;10150;25471;8185;36470;2821;1130;1691;4515;2403;2112;247;110;137;148;65;83;2105;1049;1056;873;417;456;1142;762;380;492.0;431.0;138.0;138.0;1492.0;1464.0;243
5157;Harderwijk;2023;43899;10133;25408;8358;36523;2859;1149;1710;4517;2421;2096;263;115;148;156;73;83;2090;1051;1039;860;413;447;1148;769;379;486.0;443.0;131.0;143.0;1496.0;1458.0;243
5158;Harderwijk;2024;43973;10082;25346;8545;36605;2861;1155;1706;4507;2440;2067;261;114;147;166;77;89;2058;1042;1016;844;412;432;1178;795;383;512.0;447.0;144.0;138.0;1466.0;1460.0;243
5159;Harderwijk;2025;44055;10080;25222;8753;36649;2881;1162;1719;4525;2453;2072;265;112;153;173;79;94;2043;1034;1009;834;412;422;1210;816;394;;;;;;;243
5160;Hardinxveld-Giessendam;2006;17787;5041;10177;2569;16872;562;194;368;353;202;151;36;20;16;24;9;15;33;15;18;55;26;29;205;132;73;246.0;143.0;24.0;23.0;342.0;502.0;523
5161;Hardinxveld-Giessendam;2007;17731;4970;10141;2620;16751;591;211;380;389;222;167;43;23;20;29;13;16;36;15;21;56;26;30;225;145;80;242.0;132.0;38.0;37.0;335.0;489.0;523
5162;Hardinxveld-Giessendam;2008;17686;4920;10065;2701;16618;639;231;408;429;246;183;48;24;24;28;15;13;37;14;23;61;29;32;255;164;91;248.0;141.0;39.0;39.0;351.0;489.0;523
5163;Hardinxveld-Giessendam;2009;17656;4873;9997;2786;16518;668;240;428;470;270;200;57;30;27;33;18;15;40;15;25;64;30;34;276;177;99;235.0;149.0;30.0;40.0;363.0;492.0;523
5164;Hardinxveld-Giessendam;2010;17602;4807;9924;2871;16406;698;249;449;498;276;222;60;33;27;36;18;18;43;15;28;67;29;38;292;181;111;222.0;150.0;25.0;26.0;349.0;485.0;523
5165;Hardinxveld-Giessendam;2011;17536;4745;9832;2959;16270;735;274;461;531;292;239;60;32;28;37;17;20;46;15;31;70;31;39;318;197;121;227.0;151.0;28.0;29.0;353.0;483.0;523
5166;Hardinxveld-Giessendam;2012;17480;4663;9690;3127;16150;771;283;488;559;312;247;67;36;31;41;20;21;48;17;31;74;31;43;329;208;121;205.0;160.0;27.0;29.0;383.0;480.0;523
5167;Hardinxveld-Giessendam;2013;17422;4588;9580;3254;16048;800;294;506;574;313;261;69;34;35;41;20;21;48;17;31;80;30;50;336;212;124;195.0;161.0;32.0;40.0;386.0;470.0;523
5168;Hardinxveld-Giessendam;2014;17362;4503;9470;3389;15924;845;311;534;593;323;270;71;34;37;43;21;22;49;18;31;82;29;53;348;221;127;218.0;162.0;38.0;31.0;348.0;470.0;523
5169;Hardinxveld-Giessendam;2015;17303;4441;9354;3508;15804;886;338;548;613;331;282;77;37;40;50;26;24;50;17;33;82;31;51;354;220;134;200.0;180.0;23.0;35.0;402.0;462.0;523
5170;Hardinxveld-Giessendam;2016;17251;4395;9274;3582;15693;917;348;569;641;344;297;82;38;44;51;28;23;52;18;34;89;32;57;367;228;139;208.0;166.0;22.0;31.0;376.0;457.0;523
5171;Hardinxveld-Giessendam;2017;17206;4340;9216;3650;15594;936;351;585;676;361;315;90;42;48;55;33;22;58;20;38;93;34;59;380;232;148;198.0;173.0;36.0;31.0;382.0;461.0;523
5172;Hardinxveld-Giessendam;2018;17157;4310;9126;3721;15464;976;368;608;717;381;336;93;43;50;54;31;23;59;20;39;105;35;70;406;252;154;213.0;165.0;23.0;31.0;387.0;462.0;523
5173;Hardinxveld-Giessendam;2019;17122;4283;9049;3790;15348;1019;386;633;755;395;360;98;43;55;52;30;22;63;22;41;110;34;76;432;266;166;202.0;179.0;21.0;40.0;401.0;451.0;523
5174;Hardinxveld-Giessendam;2020;17077;4250;8955;3872;15248;1048;399;649;781;403;378;104;43;61;51;27;24;63;24;39;111;36;75;452;273;179;200.0;184.0;24.0;30.0;399.0;456.0;523
5175;Hardinxveld-Giessendam;2021;17031;4192;8877;3962;15165;1067;411;656;799;420;379;103;41;62;54;31;23;64;25;39;112;35;77;466;288;178;200.0;175.0;29.0;30.0;391.0;456.0;523
5176;Hardinxveld-Giessendam;2022;16988;4132;8840;4016;15053;1109;423;686;826;434;392;114;45;69;56;32;24;65;25;40;115;37;78;476;295;181;192.0;189.0;29.0;31.0;410.0;450.0;523
5177;Hardinxveld-Giessendam;2023;16947;4097;8755;4095;14948;1135;431;704;864;457;407;121;48;73;58;33;25;71;28;43;115;37;78;499;311;188;203.0;194.0;24.0;42.0;408.0;450.0;523
5178;Hardinxveld-Giessendam;2024;16897;4065;8706;4126;14855;1157;445;712;885;459;426;125;49;76;61;35;26;74;29;45;119;37;82;506;309;197;194.0;199.0;32.0;24.0;388.0;451.0;523
5179;Hardinxveld-Giessendam;2025;16839;4022;8640;4177;14719;1204;462;742;916;470;446;131;53;78;62;36;26;80;31;49;125;39;86;518;311;207;;;;;;;523
5180;Haren;2006;18921;4442;10274;4205;16642;1546;646;900;733;483;250;63;29;34;69;28;41;35;14;21;16;11;5;550;401;149;164.0;234.0;129.0;114.0;931.0;937.0;17
5181;Haren;2007;18862;4355;10319;4188;16514;1579;656;923;769;499;270;74;35;39;77;36;41;36;16;20;16;10;6;566;402;164;162.0;226.0;100.0;107.0;993.0;961.0;17
5182;Haren;2008;18826;4275;10385;4166;16427;1613;675;938;786;496;290;84;41;43;82;36;46;37;16;21;22;13;9;561;390;171;172.0;235.0;93.0;120.0;1031.0;975.0;17
5183;Haren;2009;18791;4206;10409;4176;16300;1646;670;976;845;524;321;97;44;53;86;41;45;44;17;27;27;15;12;591;407;184;183.0;224.0;99.0;99.0;1017.0;995.0;17
5184;Haren;2010;18776;4156;10424;4196;16181;1701;693;1008;894;544;350;107;48;59;92;44;48;44;17;27;33;18;15;618;417;201;179.0;207.0;85.0;112.0;1038.0;998.0;17
5185;Haren;2011;18760;4092;10472;4196;16105;1729;711;1018;926;550;376;116;50;66;98;47;51;42;16;26;38;21;17;632;416;216;192.0;222.0;107.0;117.0;1028.0;1006.0;17
5186;Haren;2012;18744;4061;10424;4259;15996;1778;739;1039;970;559;411;122;51;71;108;50;58;46;17;29;44;24;20;650;417;233;185.0;214.0;115.0;133.0;1045.0;1011.0;17
5187;Haren;2013;18735;4041;10402;4292;15925;1802;766;1036;1008;570;438;136;53;83;112;54;58;42;17;25;50;26;24;668;420;248;199.0;211.0;94.0;122.0;1044.0;1012.0;17
5188;Haren;2014;18730;3993;10387;4350;15840;1850;778;1072;1040;568;472;148;54;94;117;54;63;46;20;26;52;28;24;677;412;265;216.0;218.0;96.0;106.0;1038.0;1016.0;17
5189;Haren;2015;18738;4006;10342;4390;15764;1856;790;1066;1118;600;518;157;58;99;128;61;67;53;23;30;57;31;26;723;427;296;204.0;209.0;114.0;118.0;1029.0;1008.0;17
5190;Haren;2016;18750;4000;10339;4411;15667;1894;808;1086;1189;620;569;170;59;111;140;62;78;59;26;33;63;32;31;757;441;316;201.0;213.0;112.0;120.0;1050.0;1025.0;17
5191;Haren;2017;18754;4017;10304;4433;15575;1955;840;1115;1224;637;587;169;58;111;138;61;77;63;28;35;69;34;35;785;456;329;218.0;215.0;96.0;125.0;1061.0;1032.0;17
5192;Haren;2018;18758;4012;10295;4451;15495;2003;862;1141;1260;640;620;183;62;121;143;64;79;61;24;37;75;35;40;798;455;343;203.0;227.0;119.0;148.0;1077.0;1007.0;17
5193;Haren;2019;18776;4031;10314;4431;15441;2036;883;1153;1299;651;648;187;66;121;142;67;75;64;22;42;85;38;47;821;458;363;212.0;216.0;122.0;119.0;1042.0;1021.0;17
5194;Haren;2020;18796;4034;10282;4480;15387;2080;903;1177;1329;645;684;194;69;125;149;65;84;67;22;45;91;38;53;828;451;377;202.0;200.0;90.0;113.0;1059.0;1021.0;17
5195;Haren;2021;18812;4040;10291;4481;15345;2119;925;1194;1348;647;701;203;71;132;152;67;85;68;22;46;91;37;54;834;450;384;198.0;204.0;101.0;114.0;1045.0;1005.0;17
5196;Haren;2022;18836;4074;10260;4502;15299;2165;952;1213;1372;659;713;207;73;134;150;69;81;73;24;49;96;38;58;846;455;391;196.0;219.0;110.0;120.0;1073.0;1021.0;17
5197;Haren;2023;18859;4097;10233;4529;15225;2224;972;1252;1410;678;732;209;76;133;157;73;84;74;23;51;95;36;59;875;470;405;203.0;214.0;131.0;125.0;1042.0;1013.0;17
5198;Haren;2024;18883;4132;10194;4557;15136;2280;995;1285;1467;691;776;224;78;146;169;80;89;74;24;50;97;33;64;903;476;427;186.0;201.0;118.0;130.0;1075.0;1026.0;17
5199;Haren;2025;18904;4129;10182;4593;15045;2337;1028;1309;1522;714;808;229;81;148;179;89;90;73;22;51;104;33;71;937;489;448;;;;;;;17
5200;Harenkarspel;2006;15836;4315;9737;1784;14653;818;330;488;365;225;140;70;27;43;43;26;17;14;10;4;25;12;13;213;150;63;209.0;114.0;24.0;32.0;521.0;560.0;395
5201;Harenkarspel;2007;15884;4294;9709;1881;14623;859;344;515;402;247;155;82;32;50;40;23;17;16;11;5;31;16;15;233;165;68;178.0;111.0;30.0;40.0;495.0;548.0;395
5202;Harenkarspel;2008;15887;4242;9675;1970;14542;898;354;544;447;274;173;91;35;56;41;26;15;20;11;9;37;18;19;258;184;74;183.0;111.0;33.0;49.0;500.0;541.0;395
5203;Harenkarspel;2009;15901;4174;9658;2069;14478;934;373;561;489;299;190;93;40;53;47;27;20;25;12;13;38;18;20;286;202;84;168.0;122.0;28.0;35.0;485.0;533.0;395
5204;Harenkarspel;2010;15894;4135;9579;2180;14399;969;381;588;526;323;203;100;42;58;49;26;23;27;15;12;41;20;21;309;220;89;177.0;119.0;32.0;47.0;503.0;549.0;395
5205;Harenkarspel;2011;15894;4088;9531;2275;14329;1013;394;619;552;339;213;100;45;55;51;28;23;29;15;14;49;24;25;323;227;96;182.0;134.0;23.0;41.0;515.0;548.0;395
5206;Harenkarspel;2012;15892;4036;9421;2435;14274;1033;405;628;585;354;231;110;46;64;56;31;25;33;18;15;53;26;27;333;233;100;171.0;128.0;32.0;41.0;502.0;546.0;395
5207;Harenkarspel;2013;15882;3990;9304;2588;14203;1069;414;655;610;369;241;115;49;66;58;33;25;32;18;14;59;27;32;346;242;104;175.0;124.0;34.0;22.0;499.0;551.0;395
5208;Harenkarspel;2014;15888;3939;9196;2753;14145;1091;419;672;652;382;270;122;51;71;65;36;29;38;19;19;65;26;39;362;250;112;183.0;134.0;41.0;28.0;488.0;553.0;395
5209;Harenkarspel;2015;15888;3870;9126;2892;14077;1125;436;689;686;404;282;127;55;72;71;42;29;40;19;21;70;27;43;378;261;117;189.0;138.0;38.0;37.0;488.0;549.0;395
5210;Harenkarspel;2016;15879;3826;9065;2988;13991;1169;452;717;719;413;306;130;55;75;74;43;31;40;17;23;73;28;45;402;270;132;190.0;141.0;42.0;34.0;496.0;557.0;395
5211;Harenkarspel;2017;15875;3775;9021;3079;13923;1207;466;741;745;424;321;130;54;76;74;43;31;43;18;25;76;27;49;422;282;140;175.0;137.0;37.0;45.0;509.0;549.0;395
5212;Harenkarspel;2018;15865;3711;8965;3189;13837;1238;478;760;790;457;333;135;59;76;76;47;29;45;19;26;80;28;52;454;304;150;178.0;150.0;40.0;34.0;514.0;554.0;395
5213;Harenkarspel;2019;15859;3673;8873;3313;13765;1270;497;773;824;475;349;141;63;78;80;46;34;51;22;29;85;29;56;467;315;152;199.0;135.0;23.0;46.0;500.0;548.0;395
5214;Harenkarspel;2020;15851;3629;8837;3385;13698;1310;508;802;843;471;372;151;66;85;83;47;36;52;22;30;88;29;59;469;307;162;178.0;154.0;35.0;38.0;524.0;558.0;395
5215;Harenkarspel;2021;15838;3594;8791;3453;13594;1360;540;820;884;499;385;153;66;87;92;52;40;55;20;35;89;30;59;495;331;164;195.0;158.0;26.0;37.0;533.0;560.0;395
5216;Harenkarspel;2022;15836;3546;8737;3553;13553;1377;548;829;906;501;405;160;68;92;91;50;41;59;22;37;91;30;61;505;331;174;196.0;159.0;32.0;59.0;535.0;558.0;395
5217;Harenkarspel;2023;15822;3513;8673;3636;13487;1394;551;843;941;526;415;170;75;95;91;52;39;61;22;39;95;31;64;524;346;178;179.0;172.0;20.0;52.0;570.0;550.0;395
5218;Harenkarspel;2024;15818;3484;8626;3708;13430;1416;568;848;972;529;443;177;76;101;89;45;44;65;24;41;99;33;66;542;351;191;195.0;170.0;25.0;39.0;524.0;549.0;395
5219;Harenkarspel;2025;15805;3468;8563;3774;13369;1431;582;849;1005;543;462;183;80;103;90;45;45;67;23;44;102;32;70;563;363;200;;;;;;;395
5220;Harlingen;2006;15870;3920;9578;2372;13778;1257;540;717;835;587;248;77;46;31;37;25;12;54;35;19;135;69;66;532;412;120;158.0;176.0;52.0;41.0;697.0;682.0;72
5221;Harlingen;2007;15877;3888;9566;2423;13777;1260;534;726;840;589;251;81;51;30;38;26;12;54;34;20;133;68;65;534;410;124;169.0;176.0;51.0;34.0;655.0;695.0;72
5222;Harlingen;2008;15847;3822;9565;2460;13743;1263;536;727;841;589;252;82;52;30;36;23;13;53;33;20;135;69;66;535;412;123;161.0;179.0;56.0;31.0;650.0;696.0;72
5223;Harlingen;2009;15808;3773;9527;2508;13724;1259;528;731;825;571;254;82;51;31;32;22;10;54;32;22;132;68;64;525;398;127;175.0;181.0;55.0;44.0;658.0;694.0;72
5224;Harlingen;2010;15776;3739;9492;2545;13709;1252;516;736;815;553;262;84;51;33;34;25;9;57;36;21;130;66;64;510;375;135;160.0;187.0;68.0;31.0;635.0;683.0;72
5225;Harlingen;2011;15740;3728;9434;2578;13647;1262;527;735;831;570;261;80;48;32;41;29;12;58;37;21;129;67;62;523;389;134;159.0;169.0;58.0;35.0;639.0;688.0;72
5226;Harlingen;2012;15704;3676;9346;2682;13593;1282;546;736;829;562;267;84;48;36;39;28;11;54;34;20;128;66;62;524;386;138;176.0;173.0;65.0;42.0;624.0;677.0;72
5227;Harlingen;2013;15677;3671;9247;2759;13536;1289;553;736;852;573;279;82;48;34;40;28;12;53;33;20;134;69;65;543;395;148;149.0;181.0;65.0;39.0;639.0;675.0;72
5228;Harlingen;2014;15640;3668;9158;2814;13473;1312;582;730;855;564;291;84;47;37;40;27;13;53;33;20;139;70;69;539;387;152;148.0;178.0;52.0;33.0;652.0;672.0;72
5229;Harlingen;2015;15608;3622;9134;2852;13417;1321;592;729;870;577;293;84;47;37;40;31;9;54;34;20;139;71;68;553;394;159;153.0;171.0;61.0;31.0;635.0;673.0;72
5230;Harlingen;2016;15583;3598;9095;2890;13396;1328;608;720;859;571;288;85;48;37;39;31;8;56;32;24;130;66;64;549;394;155;148.0;179.0;52.0;41.0;657.0;666.0;72
5231;Harlingen;2017;15558;3607;9006;2945;13347;1346;629;717;865;566;299;89;51;38;39;31;8;59;32;27;130;64;66;548;388;160;167.0;186.0;52.0;43.0;661.0;670.0;72
5232;Harlingen;2018;15540;3603;8968;2969;13297;1365;646;719;878;571;307;93;51;42;39;30;9;65;36;29;126;61;65;555;393;162;167.0;182.0;52.0;38.0;653.0;672.0;72
5233;Harlingen;2019;15522;3588;8934;3000;13277;1376;651;725;869;571;298;94;51;43;38;28;10;62;37;25;125;62;63;550;393;157;173.0;180.0;67.0;36.0;629.0;669.0;72
5234;Harlingen;2020;15505;3581;8869;3055;13252;1373;651;722;880;580;300;95;51;44;41;30;11;67;39;28;124;61;63;553;399;154;172.0;183.0;64.0;36.0;640.0;664.0;72
5235;Harlingen;2021;15497;3584;8832;3081;13197;1400;656;744;900;604;296;96;54;42;49;34;15;67;40;27;120;59;61;568;417;151;172.0;187.0;60.0;37.0;650.0;670.0;72
5236;Harlingen;2022;15488;3591;8768;3129;13177;1410;660;750;901;598;303;99;52;47;53;37;16;68;39;29;117;60;57;564;410;154;158.0;180.0;49.0;23.0;640.0;660.0;72
5237;Harlingen;2023;15473;3588;8747;3138;13138;1417;665;752;918;606;312;103;53;50;52;35;17;70;40;30;121;60;61;572;418;154;161.0;179.0;69.0;25.0;638.0;672.0;72
5238;Harlingen;2024;15465;3625;8679;3161;13091;1443;698;745;931;613;318;101;54;47;61;39;22;72;41;31;122;60;62;575;419;156;154.0;190.0;59.0;33.0;654.0;662.0;72
5239;Harlingen;2025;15450;3632;8595;3223;13019;1484;725;759;947;623;324;99;52;47;69;46;23;74;42;32;118;55;63;587;428;159;;;;;;;72
5240;Hattem;2006;11704;2978;6779;1947;10845;550;179;371;309;184;125;28;15;13;16;5;11;57;27;30;12;8;4;196;129;67;126.0;122.0;26.0;34.0;387.0;409.0;244
5241;Hattem;2007;11679;2958;6790;1931;10763;581;183;398;335;196;139;27;12;15;18;7;11;59;28;31;15;9;6;216;140;76;118.0;108.0;27.0;34.0;371.0;405.0;244
5242;Hattem;2008;11648;2924;6777;1947;10676;612;187;425;360;216;144;29;13;16;19;6;13;63;31;32;15;9;6;234;157;77;122.0;119.0;18.0;31.0;384.0;415.0;244
5243;Hattem;2009;11608;2863;6769;1976;10574;643;193;450;391;236;155;35;14;21;19;6;13;71;35;36;19;12;7;247;169;78;117.0;124.0;28.0;33.0;382.0;416.0;244
5244;Hattem;2010;11561;2835;6718;2008;10477;668;200;468;416;247;169;39;17;22;22;9;13;71;35;36;26;13;13;258;173;85;116.0;105.0;36.0;38.0;360.0;417.0;244
5245;Hattem;2011;11513;2767;6727;2019;10385;690;207;483;438;262;176;41;19;22;20;9;11;73;36;37;29;15;14;275;183;92;113.0;121.0;40.0;31.0;379.0;424.0;244
5246;Hattem;2012;11469;2724;6646;2099;10289;728;229;499;452;266;186;42;22;20;21;9;12;78;37;41;27;14;13;284;184;100;122.0;124.0;33.0;35.0;385.0;417.0;244
5247;Hattem;2013;11434;2705;6584;2145;10230;744;239;505;460;263;197;48;23;25;20;7;13;76;37;39;30;15;15;286;181;105;133.0;124.0;40.0;45.0;381.0;424.0;244
5248;Hattem;2014;11393;2685;6526;2182;10156;753;239;514;484;276;208;56;23;33;20;8;12;83;39;44;29;15;14;296;191;105;126.0;120.0;38.0;46.0;379.0;417.0;244
5249;Hattem;2015;11353;2673;6461;2219;10086;778;253;525;489;274;215;58;22;36;19;9;10;83;39;44;30;16;14;299;188;111;132.0;122.0;26.0;36.0;381.0;420.0;244
5250;Hattem;2016;11315;2653;6410;2252;10002;811;255;556;502;280;222;61;24;37;21;10;11;85;38;47;29;15;14;306;193;113;115.0;106.0;32.0;35.0;369.0;408.0;244
5251;Hattem;2017;11281;2638;6353;2290;9925;849;269;580;507;277;230;63;24;39;23;12;11;87;39;48;31;15;16;303;187;116;125.0;111.0;41.0;41.0;370.0;412.0;244
5252;Hattem;2018;11253;2618;6296;2339;9862;868;276;592;523;273;250;63;21;42;28;13;15;88;37;51;33;15;18;311;187;124;138.0;119.0;34.0;35.0;365.0;409.0;244
5253;Hattem;2019;11227;2605;6273;2349;9799;884;282;602;544;280;264;64;21;43;29;13;16;91;37;54;38;16;22;322;193;129;126.0;125.0;30.0;30.0;371.0;411.0;244
5254;Hattem;2020;11188;2608;6196;2384;9736;891;281;610;561;290;271;64;21;43;31;13;18;93;37;56;40;17;23;333;202;131;125.0;127.0;39.0;40.0;379.0;408.0;244
5255;Hattem;2021;11155;2595;6149;2411;9664;899;290;609;592;306;286;67;24;43;35;15;20;95;38;57;48;18;30;347;211;136;122.0;126.0;32.0;31.0;382.0;406.0;244
5256;Hattem;2022;11129;2598;6116;2415;9597;901;284;617;631;333;298;74;28;46;37;14;23;98;37;61;45;17;28;377;237;140;121.0;122.0;37.0;31.0;367.0;402.0;244
5257;Hattem;2023;11099;2576;6106;2417;9534;917;290;627;648;334;314;74;27;47;43;17;26;99;36;63;49;19;30;383;235;148;140.0;124.0;27.0;27.0;368.0;408.0;244
5258;Hattem;2024;11076;2577;6100;2399;9475;923;287;636;678;353;325;79;29;50;41;18;23;105;38;67;56;22;34;397;246;151;129.0;124.0;37.0;26.0;366.0;399.0;244
5259;Hattem;2025;11059;2564;6072;2423;9417;929;281;648;713;365;348;86;30;56;46;21;25;105;39;66;63;24;39;413;251;162;;;;;;;244
5260;Heel;2006;8314;1770;5235;1309;7361;802;217;585;151;93;58;9;3;6;14;6;8;15;7;8;12;3;9;101;74;27;75.0;65.0;14.0;47.0;284.0;295.0;1937
5261;Heel;2007;8282;1723;5192;1367;7331;802;210;592;149;91;58;11;4;7;12;5;7;14;6;8;12;3;9;100;73;27;74.0;83.0;14.0;30.0;300.0;305.0;1937
5262;Heel;2008;8252;1692;5109;1451;7302;798;210;588;152;94;58;11;5;6;13;5;8;15;8;7;12;3;9;101;73;28;63.0;80.0;12.0;34.0;300.0;305.0;1937
5263;Heel;2009;8209;1644;5045;1520;7245;807;214;593;157;98;59;9;4;5;13;6;7;15;7;8;13;4;9;107;77;30;50.0;72.0;19.0;32.0;299.0;295.0;1937
5264;Heel;2010;8180;1602;5002;1576;7191;825;219;606;164;106;58;8;4;4;13;6;7;18;9;9;12;4;8;113;83;30;57.0;90.0;11.0;32.0;320.0;298.0;1937
5265;Heel;2011;8149;1571;4966;1612;7135;834;225;609;180;115;65;8;4;4;15;6;9;23;10;13;13;5;8;121;90;31;59.0;90.0;27.0;32.0;294.0;298.0;1937
5266;Heel;2012;8112;1534;4887;1691;7094;835;230;605;183;119;64;7;4;3;15;6;9;25;12;13;15;7;8;121;90;31;59.0;99.0;24.0;33.0;313.0;290.0;1937
5267;Heel;2013;8086;1495;4832;1759;7058;836;228;608;192;122;70;7;4;3;15;6;9;29;13;16;18;10;8;123;89;34;66.0;98.0;18.0;39.0;313.0;288.0;1937
5268;Heel;2014;8060;1498;4749;1813;7009;849;238;611;202;121;81;8;5;3;12;4;8;32;15;17;21;11;10;129;86;43;63.0;97.0;18.0;46.0;317.0;290.0;1937
5269;Heel;2015;8026;1467;4687;1872;6951;860;246;614;215;120;95;9;5;4;14;6;8;36;15;21;23;11;12;133;83;50;61.0;97.0;22.0;39.0;300.0;280.0;1937
5270;Heel;2016;7996;1448;4629;1919;6891;880;256;624;225;130;95;10;5;5;14;6;8;39;18;21;25;13;12;137;88;49;87.0;116.0;15.0;31.0;315.0;304.0;1937
5271;Heel;2017;7963;1480;4551;1932;6846;870;260;610;247;144;103;12;5;7;15;8;7;42;19;23;31;16;15;147;96;51;67.0;118.0;19.0;33.0;312.0;294.0;1937
5272;Heel;2018;7917;1458;4479;1980;6795;864;256;608;258;150;108;12;4;8;16;9;7;43;20;23;35;16;19;152;101;51;60.0;102.0;18.0;38.0;319.0;290.0;1937
5273;Heel;2019;7885;1431;4437;2017;6719;883;273;610;283;165;118;16;6;10;16;9;7;48;21;27;40;19;21;163;110;53;70.0;89.0;20.0;27.0;288.0;294.0;1937
5274;Heel;2020;7854;1391;4376;2087;6671;886;281;605;297;171;126;20;6;14;18;11;7;50;22;28;43;21;22;166;111;55;77.0;108.0;15.0;37.0;302.0;294.0;1937
5275;Heel;2021;7814;1384;4306;2124;6626;880;279;601;308;176;132;23;7;16;18;11;7;54;21;33;43;22;21;170;115;55;76.0;117.0;15.0;28.0;309.0;293.0;1937
5276;Heel;2022;7775;1363;4266;2146;6563;881;289;592;331;182;149;26;9;17;18;11;7;55;20;35;51;22;29;181;120;61;84.0;117.0;22.0;27.0;300.0;296.0;1937
5277;Heel;2023;7741;1365;4220;2156;6529;871;282;589;341;193;148;29;13;16;18;11;7;61;23;38;52;23;29;181;123;58;79.0;113.0;17.0;39.0;310.0;287.0;1937
5278;Heel;2024;7708;1378;4177;2153;6494;870;279;591;344;193;151;30;14;16;16;8;8;59;22;37;54;23;31;185;126;59;80.0;114.0;28.0;35.0;297.0;291.0;1937
5279;Heel;2025;7675;1398;4110;2167;6460;866;280;586;349;187;162;31;15;16;17;8;9;61;23;38;57;23;34;183;118;65;;;;;;;1937
5280;Heemskerk;2006;36158;8882;21176;6100;29741;3462;1490;1972;2955;1715;1240;311;162;149;133;61;72;935;497;438;216;115;101;1360;880;480;330.0;353.0;84.0;136.0;2145.0;1650.0;396
5281;Heemskerk;2007;36576;8868;21564;6144;30002;3530;1506;2024;3044;1731;1313;331;166;165;134;62;72;969;503;466;223;117;106;1387;883;504;334.0;372.0;92.0;153.0;2238.0;1697.0;396
5282;Heemskerk;2008;37022;8825;22003;6194;30301;3598;1530;2068;3123;1737;1386;350;167;183;140;64;76;990;507;483;238;122;116;1405;877;528;349.0;378.0;117.0;143.0;2235.0;1731.0;396
5283;Heemskerk;2009;37472;8791;22376;6305;30561;3664;1544;2120;3247;1758;1489;369;165;204;147;64;83;1005;511;494;248;123;125;1478;895;583;366.0;373.0;107.0;172.0;2262.0;1792.0;396
5284;Heemskerk;2010;37871;8760;22692;6419;30830;3729;1565;2164;3312;1764;1548;382;169;213;148;67;81;1007;501;506;258;128;130;1517;899;618;378.0;378.0;105.0;129.0;2231.0;1830.0;396
5285;Heemskerk;2011;38248;8693;23060;6495;31058;3789;1596;2193;3401;1767;1634;391;163;228;155;70;85;1021;498;523;271;131;140;1563;905;658;397.0;383.0;102.0;142.0;2285.0;1860.0;396
5286;Heemskerk;2012;38649;8643;23294;6712;31273;3882;1622;2260;3494;1775;1719;400;162;238;151;71;80;1029;482;547;281;135;146;1633;925;708;434.0;392.0;115.0;172.0;2301.0;1894.0;396
5287;Heemskerk;2013;39042;8671;23498;6873;31507;3923;1645;2278;3612;1788;1824;415;164;251;169;77;92;1052;482;570;288;135;153;1688;930;758;414.0;408.0;125.0;159.0;2335.0;1940.0;396
5288;Heemskerk;2014;39411;8671;23732;7008;31721;3975;1656;2319;3715;1795;1920;430;163;267;169;70;99;1067;479;588;289;130;159;1760;953;807;461.0;420.0;113.0;154.0;2319.0;1968.0;396
5289;Heemskerk;2015;39767;8696;23972;7099;31939;4022;1666;2356;3806;1800;2006;441;163;278;169;69;100;1079;478;601;302;129;173;1815;961;854;458.0;406.0;106.0;162.0;2365.0;1989.0;396
5290;Heemskerk;2016;40139;8787;24175;7177;32167;4064;1670;2394;3908;1819;2089;463;164;299;166;70;96;1091;467;624;304;130;174;1884;988;896;487.0;405.0;107.0;161.0;2313.0;1986.0;396
5291;Heemskerk;2017;40493;8920;24298;7275;32386;4079;1681;2398;4028;1847;2181;487;171;316;180;76;104;1089;460;629;313;129;184;1959;1011;948;487.0;421.0;96.0;138.0;2320.0;2004.0;396
5292;Heemskerk;2018;40835;9040;24376;7419;32609;4131;1697;2434;4095;1871;2224;484;168;316;189;80;109;1092;455;637;320;130;190;2010;1038;972;514.0;426.0;104.0;155.0;2352.0;2023.0;396
5293;Heemskerk;2019;41199;9118;24567;7514;32833;4201;1729;2472;4165;1885;2280;492;168;324;205;83;122;1084;452;632;323;128;195;2061;1054;1007;518.0;432.0;106.0;155.0;2363.0;2050.0;396
5294;Heemskerk;2020;41554;9228;24705;7621;33048;4266;1750;2516;4240;1902;2338;500;166;334;208;79;129;1085;450;635;335;133;202;2112;1074;1038;525.0;432.0;117.0;157.0;2334.0;2055.0;396
5295;Heemskerk;2021;41889;9328;24842;7719;33261;4293;1759;2534;4335;1921;2414;518;170;348;221;82;139;1087;451;636;341;135;206;2168;1083;1085;530.0;436.0;112.0;160.0;2354.0;2067.0;396
5296;Heemskerk;2022;42226;9399;25010;7817;33507;4327;1770;2557;4392;1935;2457;539;173;366;221;81;140;1080;456;624;350;137;213;2202;1088;1114;558.0;437.0;114.0;149.0;2334.0;2073.0;396
5297;Heemskerk;2023;42580;9537;25092;7951;33715;4366;1779;2587;4499;1965;2534;550;179;371;231;86;145;1087;452;635;351;133;218;2280;1115;1165;569.0;449.0;107.0;156.0;2350.0;2105.0;396
5298;Heemskerk;2024;42901;9629;25204;8068;33904;4414;1800;2614;4583;1996;2587;559;176;383;246;94;152;1080;451;629;355;136;219;2343;1139;1204;560.0;454.0;101.0;175.0;2396.0;2118.0;396
5299;Heemskerk;2025;43212;9729;25257;8226;34153;4438;1832;2606;4621;1990;2631;562;179;383;247;92;155;1074;442;632;358;132;226;2380;1145;1235;;;;;;;396
5300;Heemstede;2006;25446;5899;14163;5384;20981;3205;1134;2071;1260;693;567;178;79;99;135;67;68;145;79;66;116;65;51;686;403;283;200.0;318.0;137.0;188.0;1730.0;1451.0;397
5301;Heemstede;2007;25559;5834;14353;5372;20964;3270;1138;2132;1325;709;616;192;83;109;128;56;72;148;76;72;127;71;56;730;423;307;194.0;315.0;157.0;192.0;1751.0;1455.0;397
5302;Heemstede;2008;25701;5760;14623;5318;20928;3334;1157;2177;1439;753;686;214;90;124;130;61;69;171;88;83;137;71;66;787;443;344;194.0;291.0;180.0;184.0;1755.0;1524.0;397
5303;Heemstede;2009;25833;5703;14783;5347;20886;3421;1209;2212;1526;776;750;230;88;142;133;60;73;177;84;93;153;75;78;833;469;364;209.0;299.0;157.0;176.0;1748.0;1546.0;397
5304;Heemstede;2010;25923;5673;14858;5392;20826;3487;1253;2234;1610;799;811;237;88;149;142;64;78;194;91;103;174;82;92;863;474;389;208.0;289.0;198.0;223.0;1769.0;1573.0;397
5305;Heemstede;2011;26016;5625;14997;5394;20718;3590;1304;2286;1708;816;892;257;90;167;143;60;83;207;90;117;187;85;102;914;491;423;219.0;299.0;189.0;210.0;1804.0;1598.0;397
5306;Heemstede;2012;26119;5634;14998;5487;20646;3667;1340;2327;1806;840;966;272;89;183;144;61;83;224;91;133;201;89;112;965;510;455;219.0;283.0;232.0;205.0;1774.0;1647.0;397
5307;Heemstede;2013;26210;5594;14996;5620;20532;3762;1389;2373;1916;880;1036;294;95;199;151;67;84;240;95;145;215;90;125;1016;533;483;234.0;280.0;241.0;207.0;1763.0;1644.0;397
5308;Heemstede;2014;26318;5591;14988;5739;20428;3887;1471;2416;2003;908;1095;307;97;210;164;71;93;259;106;153;221;87;134;1052;547;505;232.0;295.0;271.0;228.0;1811.0;1676.0;397
5309;Heemstede;2015;26432;5599;15009;5824;20330;3997;1533;2464;2105;956;1149;320;101;219;159;66;93;271;112;159;227;83;144;1128;594;534;229.0;285.0;264.0;230.0;1783.0;1667.0;397
5310;Heemstede;2016;26528;5600;15039;5889;20232;4095;1577;2518;2201;981;1220;346;103;243;163;68;95;287;118;169;242;84;158;1163;608;555;244.0;298.0;260.0;265.0;1821.0;1670.0;397
5311;Heemstede;2017;26622;5620;15090;5912;20144;4163;1599;2564;2315;1025;1290;355;106;249;166;70;96;310;125;185;258;85;173;1226;639;587;250.0;286.0;285.0;218.0;1797.0;1721.0;397
5312;Heemstede;2018;26730;5590;15171;5969;20023;4271;1677;2594;2436;1068;1368;372;106;266;172;74;98;325;132;193;272;87;185;1295;669;626;257.0;282.0;288.0;243.0;1810.0;1729.0;397
5313;Heemstede;2019;26834;5649;15159;6026;19883;4387;1737;2650;2564;1114;1450;395;108;287;168;69;99;334;141;193;289;88;201;1378;708;670;257.0;297.0;311.0;303.0;1862.0;1720.0;397
5314;Heemstede;2020;26946;5669;15208;6069;19767;4458;1767;2691;2721;1177;1544;419;109;310;187;77;110;347;153;194;317;83;234;1451;755;696;269.0;289.0;289.0;281.0;1874.0;1757.0;397
5315;Heemstede;2021;27057;5694;15205;6158;19690;4555;1803;2752;2812;1200;1612;434;105;329;183;73;110;366;165;201;334;87;247;1495;770;725;277.0;303.0;301.0;282.0;1884.0;1760.0;397
5316;Heemstede;2022;27174;5761;15210;6203;19611;4588;1819;2769;2975;1255;1720;462;111;351;192;78;114;383;171;212;360;87;273;1578;808;770;250.0;296.0;321.0;297.0;1913.0;1784.0;397
5317;Heemstede;2023;27284;5792;15241;6251;19501;4689;1886;2803;3094;1302;1792;475;113;362;200;77;123;387;176;211;378;86;292;1654;850;804;275.0;296.0;323.0;277.0;1906.0;1810.0;397
5318;Heemstede;2024;27408;5818;15290;6300;19405;4812;1947;2865;3191;1349;1842;492;120;372;192;77;115;406;186;220;390;85;305;1711;881;830;268.0;288.0;321.0;294.0;1903.0;1804.0;397
5319;Heemstede;2025;27516;5883;15269;6364;19315;4889;1966;2923;3312;1409;1903;504;122;382;198;83;115;418;191;227;389;88;301;1803;925;878;;;;;;;397
5320;Heerde;2006;18254;4515;10851;2888;16943;655;254;401;656;510;146;24;13;11;16;8;8;69;34;35;15;7;8;532;448;84;197.0;177.0;96.0;79.0;617.0;613.0;246
5321;Heerde;2007;18295;4462;10951;2882;16930;702;281;421;663;501;162;29;14;15;19;8;11;68;33;35;18;10;8;529;436;93;198.0;173.0;115.0;70.0;540.0;628.0;246
5322;Heerde;2008;18282;4400;10968;2914;16869;729;300;429;684;505;179;33;15;18;18;7;11;72;35;37;19;10;9;542;438;104;208.0;169.0;101.0;72.0;547.0;633.0;246
5323;Heerde;2009;18264;4351;10963;2950;16793;776;319;457;695;509;186;34;16;18;18;8;10;76;39;37;22;11;11;545;435;110;202.0;175.0;98.0;69.0;566.0;630.0;246
5324;Heerde;2010;18256;4324;10948;2984;16720;806;332;474;730;534;196;37;17;20;21;11;10;87;46;41;24;12;12;561;448;113;204.0;169.0;82.0;65.0;563.0;631.0;246
5325;Heerde;2011;18240;4261;10946;3033;16655;838;351;487;747;543;204;40;20;20;22;13;9;92;48;44;26;12;14;567;450;117;215.0;180.0;95.0;71.0;566.0;642.0;246
5326;Heerde;2012;18226;4234;10872;3120;16594;878;380;498;754;540;214;40;21;19;30;15;15;88;46;42;26;13;13;570;445;125;224.0;180.0;93.0;73.0;565.0;641.0;246
5327;Heerde;2013;18216;4207;10803;3206;16524;911;397;514;781;545;236;49;23;26;33;17;16;95;45;50;31;12;19;573;448;125;218.0;178.0;87.0;68.0;561.0;643.0;246
5328;Heerde;2014;18190;4171;10742;3277;16470;925;412;513;795;550;245;54;28;26;34;14;20;92;46;46;30;13;17;585;449;136;221.0;166.0;75.0;72.0;547.0;637.0;246
5329;Heerde;2015;18158;4138;10696;3324;16398;945;421;524;815;558;257;63;30;33;37;15;22;93;44;49;29;12;17;593;457;136;232.0;179.0;80.0;90.0;564.0;638.0;246
5330;Heerde;2016;18127;4134;10622;3371;16361;946;419;527;820;559;261;65;33;32;35;14;21;91;43;48;30;12;18;599;457;142;218.0;167.0;93.0;53.0;529.0;637.0;246
5331;Heerde;2017;18111;4129;10568;3414;16289;971;442;529;851;571;280;70;36;34;37;14;23;97;45;52;32;13;19;615;463;152;223.0;184.0;96.0;75.0;554.0;636.0;246
5332;Heerde;2018;18089;4140;10477;3472;16213;1000;466;534;876;587;289;72;36;36;38;13;25;97;45;52;33;12;21;636;481;155;238.0;187.0;100.0;100.0;565.0;629.0;246
5333;Heerde;2019;18078;4147;10423;3508;16165;1025;484;541;888;583;305;75;35;40;44;17;27;94;43;51;34;12;22;641;476;165;228.0;183.0;87.0;57.0;537.0;633.0;246
5334;Heerde;2020;18060;4150;10361;3549;16095;1062;519;543;903;578;325;84;35;49;44;18;26;98;43;55;37;12;25;640;470;170;233.0;183.0;78.0;63.0;554.0;640.0;246
5335;Heerde;2021;18042;4145;10284;3613;16041;1083;527;556;918;583;335;87;35;52;43;19;24;96;43;53;40;13;27;652;473;179;238.0;185.0;87.0;66.0;543.0;643.0;246
5336;Heerde;2022;18017;4111;10247;3659;16010;1085;536;549;922;578;344;95;40;55;46;19;27;102;47;55;41;15;26;638;457;181;252.0;193.0;86.0;65.0;532.0;639.0;246
5337;Heerde;2023;17992;4124;10171;3697;15969;1084;528;556;939;590;349;98;40;58;47;21;26;100;46;54;45;15;30;649;468;181;256.0;193.0;90.0;83.0;534.0;624.0;246
5338;Heerde;2024;17975;4146;10115;3714;15908;1107;542;565;960;592;368;98;38;60;53;24;29;104;46;58;51;15;36;654;469;185;236.0;206.0;92.0;74.0;547.0;620.0;246
5339;Heerde;2025;17952;4155;10059;3738;15848;1130;553;577;974;591;383;100;38;62;50;22;28;112;49;63;55;17;38;657;465;192;;;;;;;246
5340;Heerenveen;2006;43376;10295;25791;7290;38254;2369;981;1388;2753;1813;940;311;179;132;122;76;46;482;273;209;352;185;167;1486;1100;386;453.0;445.0;202.0;132.0;1792.0;1804.0;74
5341;Heerenveen;2007;43445;10276;25804;7365;38257;2384;1004;1380;2804;1818;986;325;189;136;132;85;47;480;265;215;359;186;173;1508;1093;415;468.0;453.0;208.0;133.0;1685.0;1825.0;74
5342;Heerenveen;2008;43395;10215;25777;7403;38124;2413;1034;1379;2858;1851;1007;339;202;137;135;90;45;482;264;218;365;186;179;1537;1109;428;458.0;456.0;227.0;137.0;1649.0;1808.0;74
5343;Heerenveen;2009;43333;10169;25668;7496;38004;2449;1061;1388;2880;1870;1010;342;205;137;135;91;44;486;272;214;357;181;176;1560;1121;439;448.0;440.0;272.0;133.0;1601.0;1806.0;74
5344;Heerenveen;2010;43284;10098;25531;7655;37816;2541;1117;1424;2927;1892;1035;358;220;138;144;97;47;471;269;202;354;179;175;1600;1127;473;454.0;452.0;275.0;139.0;1616.0;1805.0;74
5345;Heerenveen;2011;43238;10060;25474;7704;37675;2591;1161;1430;2972;1925;1047;373;234;139;137;92;45;476;275;201;353;184;169;1633;1140;493;449.0;429.0;291.0;144.0;1591.0;1794.0;74
5346;Heerenveen;2012;43205;9984;25281;7940;37553;2650;1232;1418;3002;1942;1060;395;252;143;138;96;42;472;283;189;363;186;177;1634;1125;509;442.0;438.0;309.0;132.0;1570.0;1780.0;74
5347;Heerenveen;2013;43180;9978;25074;8128;37373;2750;1315;1435;3057;1975;1082;414;268;146;153;108;45;461;279;182;373;191;182;1656;1129;527;448.0;446.0;316.0;149.0;1570.0;1780.0;74
5348;Heerenveen;2014;43147;9977;24875;8295;37178;2828;1377;1451;3141;2047;1094;432;287;145;164;114;50;452;281;171;378;197;181;1715;1168;547;452.0;443.0;319.0;147.0;1591.0;1780.0;74
5349;Heerenveen;2015;43143;9965;24789;8389;37039;2912;1459;1453;3192;2056;1136;446;299;147;174;118;56;460;290;170;388;199;189;1724;1150;574;455.0;433.0;329.0;132.0;1562.0;1785.0;74
5350;Heerenveen;2016;43144;9971;24671;8502;36890;2988;1526;1462;3266;2106;1160;465;310;155;177;122;55;470;300;170;388;202;186;1766;1172;594;460.0;439.0;333.0;146.0;1565.0;1787.0;74
5351;Heerenveen;2017;43132;9923;24630;8579;36706;3072;1594;1478;3354;2160;1194;489;331;158;185;130;55;479;308;171;392;198;194;1809;1193;616;441.0;444.0;332.0;150.0;1592.0;1782.0;74
5352;Heerenveen;2018;43126;9924;24491;8711;36503;3184;1654;1530;3439;2223;1216;521;357;164;200;141;59;484;318;166;387;196;191;1847;1211;636;446.0;454.0;306.0;122.0;1599.0;1796.0;74
5353;Heerenveen;2019;43111;9918;24353;8840;36348;3267;1716;1551;3496;2267;1229;546;377;169;205;146;59;492;324;168;383;195;188;1870;1225;645;461.0;463.0;323.0;142.0;1609.0;1788.0;74
5354;Heerenveen;2020;43113;9912;24252;8949;36194;3359;1799;1560;3560;2298;1262;570;394;176;224;162;62;489;324;165;377;189;188;1900;1229;671;467.0;460.0;327.0;179.0;1612.0;1780.0;74
5355;Heerenveen;2021;43101;9893;24122;9086;36016;3412;1849;1563;3673;2371;1302;602;422;180;224;160;64;493;323;170;383;194;189;1971;1272;699;469.0;473.0;335.0;153.0;1606.0;1784.0;74
5356;Heerenveen;2022;43107;9866;24009;9232;35836;3500;1944;1556;3771;2431;1340;631;446;185;244;177;67;491;322;169;380;184;196;2025;1302;723;496.0;466.0;350.0;168.0;1600.0;1806.0;74
5357;Heerenveen;2023;43116;9959;23826;9331;35646;3586;2000;1586;3884;2492;1392;649;466;183;250;184;66;504;328;176;379;183;196;2102;1331;771;447.0;479.0;364.0;139.0;1616.0;1800.0;74
5358;Heerenveen;2024;43125;9967;23727;9431;35464;3676;2058;1618;3985;2571;1414;661;478;183;273;205;68;522;342;180;381;185;196;2148;1361;787;477.0;474.0;366.0;170.0;1631.0;1814.0;74
5359;Heerenveen;2025;43145;9950;23641;9554;35251;3794;2134;1660;4100;2650;1450;674;489;185;305;228;77;538;361;177;377;186;191;2206;1386;820;;;;;;;74
5360;Heerhugowaard;2006;48619;12986;30785;4848;40764;3820;1327;2493;4035;2282;1753;725;358;367;481;280;201;768;385;383;443;248;195;1618;1011;607;645.0;307.0;187.0;150.0;2707.0;1996.0;398
5361;Heerhugowaard;2007;49708;13178;31452;5078;41578;3890;1364;2526;4240;2375;1865;753;366;387;509;290;219;795;394;401;462;257;205;1721;1068;653;654.0;311.0;176.0;165.0;2889.0;2050.0;398
5362;Heerhugowaard;2008;50901;13424;32141;5336;42427;4001;1415;2586;4473;2485;1988;786;378;408;532;312;220;821;401;420;489;263;226;1845;1131;714;649.0;307.0;206.0;164.0;2903.0;2120.0;398
5363;Heerhugowaard;2009;52068;13582;32803;5683;43324;4094;1466;2628;4650;2578;2072;808;386;422;545;315;230;845;403;442;509;272;237;1943;1202;741;674.0;323.0;197.0;166.0;2862.0;2167.0;398
5364;Heerhugowaard;2010;53146;13732;33328;6086;44120;4195;1511;2684;4831;2636;2195;839;391;448;561;315;246;874;409;465;533;276;257;2024;1245;779;664.0;338.0;228.0;189.0;2941.0;2223.0;398
5365;Heerhugowaard;2011;54229;13838;33950;6441;44900;4298;1569;2729;5031;2704;2327;866;403;463;596;331;265;895;416;479;560;285;275;2114;1269;845;679.0;346.0;244.0;188.0;2955.0;2270.0;398
5366;Heerhugowaard;2012;55304;13988;34341;6975;45684;4416;1628;2788;5204;2762;2442;903;420;483;611;338;273;910;419;491;581;290;291;2199;1295;904;706.0;344.0;251.0;170.0;2954.0;2318.0;398
5367;Heerhugowaard;2013;56384;14187;34672;7525;46438;4551;1708;2843;5395;2825;2570;921;422;499;641;347;294;927;433;494;619;299;320;2287;1324;963;711.0;380.0;233.0;182.0;3005.0;2351.0;398
5368;Heerhugowaard;2014;57424;14392;35102;7930;47216;4641;1755;2886;5567;2924;2643;939;438;501;653;353;300;934;439;495;637;302;335;2404;1392;1012;735.0;379.0;247.0;186.0;3003.0;2403.0;398
5369;Heerhugowaard;2015;58444;14566;35539;8339;47924;4784;1825;2959;5736;2997;2739;963;450;513;664;354;310;963;453;510;652;303;349;2494;1437;1057;738.0;430.0;287.0;192.0;3008.0;2440.0;398
5370;Heerhugowaard;2016;59418;14760;36007;8651;48620;4879;1881;2998;5919;3068;2851;996;466;530;687;362;325;984;462;522;665;305;360;2587;1473;1114;761.0;422.0;262.0;217.0;3054.0;2489.0;398
5371;Heerhugowaard;2017;60375;14995;36450;8930;49279;4991;1937;3054;6105;3143;2962;1032;481;551;709;363;346;996;467;529;669;308;361;2699;1524;1175;783.0;438.0;251.0;204.0;3031.0;2512.0;398
5372;Heerhugowaard;2018;61291;15167;36906;9218;49958;5066;1967;3099;6267;3209;3058;1058;488;570;732;372;360;1006;472;534;679;309;370;2792;1568;1224;796.0;448.0;276.0;215.0;3072.0;2556.0;398
5373;Heerhugowaard;2019;62220;15370;37317;9533;50623;5148;2000;3148;6449;3279;3170;1082;494;588;763;383;380;1020;481;539;690;309;381;2894;1612;1282;834.0;473.0;271.0;205.0;3071.0;2613.0;398
5374;Heerhugowaard;2020;63112;15519;37755;9838;51307;5192;2009;3183;6613;3357;3256;1113;513;600;775;390;385;1039;489;550;703;310;393;2983;1655;1328;826.0;485.0;301.0;202.0;3074.0;2651.0;398
5375;Heerhugowaard;2021;63978;15605;38244;10129;51938;5285;2058;3227;6755;3423;3332;1150;534;616;776;394;382;1047;493;554;702;299;403;3080;1703;1377;821.0;498.0;274.0;218.0;3111.0;2671.0;398
5376;Heerhugowaard;2022;64804;15714;38668;10422;52539;5355;2071;3284;6910;3476;3434;1164;536;628;790;404;386;1067;500;567;725;301;424;3164;1735;1429;846.0;522.0;259.0;183.0;3101.0;2694.0;398
5377;Heerhugowaard;2023;65613;15823;39124;10666;53154;5418;2116;3302;7041;3526;3515;1183;546;637;817;425;392;1069;494;575;744;304;440;3228;1757;1471;874.0;533.0;263.0;202.0;3082.0;2728.0;398
5378;Heerhugowaard;2024;66376;16017;39420;10939;53689;5469;2116;3353;7218;3585;3633;1216;554;662;832;422;410;1094;502;592;749;303;446;3327;1804;1523;886.0;567.0;270.0;189.0;3073.0;2750.0;398
5379;Heerhugowaard;2025;67106;16137;39748;11221;54177;5572;2156;3416;7357;3636;3721;1242;548;694;859;437;422;1113;505;608;750;298;452;3393;1848;1545;;;;;;;398
5380;Heerlen;2006;91389;19044;56155;16190;66709;18309;5684;12625;6371;3865;2506;387;195;192;582;395;187;554;311;243;2268;1223;1045;2580;1741;839;818.0;1105.0;559.0;844.0;3576.0;4023.0;917
5381;Heerlen;2007;90383;18715;55541;16127;66187;17875;5476;12399;6321;3747;2574;392;197;195;551;371;180;580;321;259;2248;1189;1059;2550;1669;881;774.0;1089.0;580.0;840.0;3575.0;3949.0;917
5382;Heerlen;2008;89443;18355;54977;16111;65757;17384;5274;12110;6302;3663;2639;408;206;202;529;349;180;592;326;266;2260;1163;1097;2513;1619;894;761.0;1115.0;549.0;790.0;3584.0;3883.0;917
5383;Heerlen;2009;88555;18072;54386;16097;65290;16942;5075;11867;6323;3608;2715;432;231;201;524;339;185;609;327;282;2268;1142;1126;2490;1569;921;739.0;1109.0;565.0;765.0;3558.0;3854.0;917
5384;Heerlen;2010;87699;17757;53830;16112;64798;16568;4934;11634;6333;3560;2773;462;251;211;519;330;189;628;331;297;2258;1120;1138;2466;1528;938;742.0;1088.0;559.0;722.0;3460.0;3783.0;917
5385;Heerlen;2011;86877;17368;53256;16253;64375;16158;4808;11350;6344;3537;2807;498;273;225;523;323;200;649;343;306;2223;1096;1127;2451;1502;949;745.0;1092.0;562.0;704.0;3441.0;3751.0;917
5386;Heerlen;2012;86088;16993;52603;16492;63887;15807;4711;11096;6394;3556;2838;503;292;211;532;330;202;662;349;313;2220;1084;1136;2477;1501;976;687.0;1112.0;562.0;689.0;3422.0;3699.0;917
5387;Heerlen;2013;85269;16684;51884;16701;63445;15435;4607;10828;6389;3516;2873;544;334;210;509;310;199;672;355;317;2205;1059;1146;2459;1458;1001;697.0;1094.0;566.0;686.0;3386.0;3658.0;917
5388;Heerlen;2014;84487;16408;51191;16888;63020;15069;4528;10541;6398;3493;2905;577;352;225;488;298;190;693;368;325;2189;1046;1143;2451;1429;1022;677.0;1110.0;533.0;685.0;3413.0;3606.0;917
5389;Heerlen;2015;83720;16090;50539;17091;62662;14682;4413;10269;6376;3468;2908;598;373;225;479;284;195;700;370;330;2164;1037;1127;2435;1404;1031;663.0;1070.0;524.0;659.0;3339.0;3568.0;917
5390;Heerlen;2016;82959;15824;49852;17283;62255;14358;4305;10053;6346;3434;2912;617;391;226;478;285;193;713;382;331;2131;1009;1122;2407;1367;1040;651.0;1086.0;490.0;596.0;3299.0;3516.0;917
5391;Heerlen;2017;82211;15586;49153;17472;61865;14007;4190;9817;6339;3412;2927;629;410;219;477;281;196;733;396;337;2086;982;1104;2414;1343;1071;656.0;1099.0;478.0;620.0;3301.0;3472.0;917
5392;Heerlen;2018;81467;15397;48421;17649;61521;13616;4060;9556;6330;3376;2954;642;422;220;486;285;201;747;396;351;2063;971;1092;2392;1302;1090;672.0;1100.0;471.0;597.0;3264.0;3427.0;917
5393;Heerlen;2019;80762;15160;47671;17931;61169;13268;3945;9323;6325;3364;2961;669;439;230;482;280;202;752;396;356;2045;960;1085;2377;1289;1088;633.0;1115.0;424.0;552.0;3265.0;3386.0;917
5394;Heerlen;2020;80036;14933;46968;18135;60892;12900;3844;9056;6244;3323;2921;682;453;229;456;270;186;771;403;368;2008;938;1070;2327;1259;1068;643.0;1108.0;405.0;507.0;3220.0;3345.0;917
5395;Heerlen;2021;79355;14685;46298;18372;60556;12567;3742;8825;6232;3328;2904;696;477;219;448;257;191;777;409;368;1984;927;1057;2327;1258;1069;642.0;1113.0;371.0;528.0;3201.0;3297.0;917
5396;Heerlen;2022;78637;14493;45498;18646;60227;12197;3628;8569;6213;3313;2900;720;502;218;448;251;197;783;418;365;1947;901;1046;2315;1241;1074;631.0;1135.0;385.0;522.0;3185.0;3259.0;917
5397;Heerlen;2023;77931;14338;44751;18842;59909;11847;3525;8322;6175;3280;2895;726;509;217;453;257;196;796;429;367;1904;871;1033;2296;1214;1082;609.0;1131.0;376.0;488.0;3163.0;3227.0;917
5398;Heerlen;2024;77240;14165;43991;19084;59524;11519;3427;8092;6197;3303;2894;738;522;216;452;253;199;826;457;369;1863;856;1007;2318;1215;1103;598.0;1132.0;377.0;487.0;3139.0;3183.0;917
5399;Heerlen;2025;76561;13970;43273;19318;59207;11163;3316;7847;6191;3278;2913;760;533;227;445;244;201;843;468;375;1841;839;1002;2302;1194;1108;;;;;;;917
5400;Heeze-Leende;2006;15193;3721;8903;2569;13870;1016;344;672;307;183;124;11;7;4;30;8;22;22;15;7;19;5;14;225;148;77;128.0;124.0;35.0;75.0;466.0;394.0;1658
5401;Heeze-Leende;2007;15232;3668;8911;2653;13871;1030;346;684;331;201;130;13;8;5;29;8;21;27;18;9;21;6;15;241;161;80;126.0;129.0;23.0;79.0;487.0;401.0;1658
5402;Heeze-Leende;2008;15262;3597;8931;2734;13852;1067;353;714;343;210;133;15;9;6;35;13;22;33;22;11;22;8;14;238;158;80;120.0;134.0;32.0;53.0;477.0;411.0;1658
5403;Heeze-Leende;2009;15296;3548;8950;2798;13850;1087;364;723;359;222;137;20;13;7;34;14;20;39;28;11;25;9;16;241;158;83;117.0;140.0;41.0;65.0;475.0;416.0;1658
5404;Heeze-Leende;2010;15310;3491;8954;2865;13817;1119;379;740;374;224;150;23;15;8;32;12;20;46;32;14;28;10;18;245;155;90;108.0;135.0;40.0;58.0;485.0;425.0;1658
5405;Heeze-Leende;2011;15330;3412;8967;2951;13778;1145;400;745;407;245;162;25;17;8;34;13;21;47;32;15;31;12;19;270;171;99;100.0;136.0;42.0;75.0;502.0;426.0;1658
5406;Heeze-Leende;2012;15340;3328;8969;3043;13755;1165;405;760;420;249;171;29;20;9;32;14;18;49;31;18;31;12;19;279;172;107;120.0;140.0;51.0;73.0;486.0;439.0;1658
5407;Heeze-Leende;2013;15347;3234;8946;3167;13702;1197;434;763;448;259;189;34;22;12;31;14;17;53;34;19;33;12;21;297;177;120;108.0;152.0;47.0;75.0;512.0;437.0;1658
5408;Heeze-Leende;2014;15353;3145;8950;3258;13642;1227;451;776;484;280;204;40;26;14;30;14;16;61;38;23;36;13;23;317;189;128;111.0;153.0;55.0;60.0;496.0;455.0;1658
5409;Heeze-Leende;2015;15349;3068;8950;3331;13602;1242;466;776;505;292;213;40;27;13;28;14;14;66;41;25;39;16;23;332;194;138;127.0;166.0;44.0;68.0;506.0;452.0;1658
5410;Heeze-Leende;2016;15343;3000;8932;3411;13565;1257;479;778;521;293;228;38;23;15;30;14;16;71;44;27;40;16;24;342;196;146;121.0;147.0;39.0;59.0;492.0;448.0;1658
5411;Heeze-Leende;2017;15343;2941;8907;3495;13525;1280;488;792;538;304;234;40;26;14;28;15;13;76;49;27;43;16;27;351;198;153;136.0;159.0;42.0;59.0;495.0;451.0;1658
5412;Heeze-Leende;2018;15350;2896;8906;3548;13496;1307;500;807;547;304;243;43;29;14;27;15;12;83;53;30;45;17;28;349;190;159;131.0;161.0;45.0;57.0;488.0;454.0;1658
5413;Heeze-Leende;2019;15343;2848;8871;3624;13457;1321;505;816;565;309;256;48;31;17;25;14;11;90;56;34;44;15;29;358;193;165;141.0;157.0;33.0;72.0;495.0;456.0;1658
5414;Heeze-Leende;2020;15331;2811;8800;3720;13424;1349;520;829;558;299;259;47;28;19;26;14;12;90;56;34;48;16;32;347;185;162;152.0;170.0;30.0;63.0;491.0;444.0;1658
5415;Heeze-Leende;2021;15329;2798;8742;3789;13387;1369;516;853;573;314;259;49;31;18;27;13;14;95;61;34;47;16;31;355;193;162;167.0;170.0;40.0;56.0;449.0;441.0;1658
5416;Heeze-Leende;2022;15319;2789;8675;3855;13342;1391;521;870;586;320;266;51;32;19;28;13;15;98;63;35;50;16;34;359;196;163;168.0;171.0;53.0;66.0;456.0;443.0;1658
5417;Heeze-Leende;2023;15319;2797;8582;3940;13309;1397;518;879;613;340;273;56;36;20;29;13;16;100;65;35;51;17;34;377;209;168;173.0;174.0;50.0;53.0;446.0;443.0;1658
5418;Heeze-Leende;2024;15321;2828;8508;3985;13276;1410;524;886;635;350;285;64;41;23;28;12;16;103;66;37;53;18;35;387;213;174;158.0;190.0;44.0;59.0;475.0;436.0;1658
5419;Heeze-Leende;2025;15314;2876;8393;4045;13240;1413;528;885;661;361;300;74;45;29;28;12;16;103;67;36;59;19;40;397;218;179;;;;;;;1658
5420;Heiloo;2006;22013;5178;12417;4418;19616;1654;568;1086;743;458;285;103;51;52;105;50;55;21;11;10;26;18;8;488;328;160;205.0;200.0;59.0;89.0;772.0;759.0;399
5421;Heiloo;2007;22002;5142;12357;4503;19541;1673;580;1093;788;482;306;115;58;57;110;52;58;28;16;12;28;16;12;507;340;167;190.0;196.0;54.0;72.0;774.0;748.0;399
5422;Heiloo;2008;22008;5060;12368;4580;19436;1726;595;1131;846;514;332;130;63;67;112;54;58;40;24;16;34;18;16;530;355;175;192.0;208.0;79.0;96.0;789.0;758.0;399
5423;Heiloo;2009;22010;5005;12307;4698;19342;1767;605;1162;901;550;351;143;68;75;116;56;60;48;31;17;44;25;19;550;370;180;164.0;209.0;62.0;83.0;809.0;770.0;399
5424;Heiloo;2010;21987;4910;12289;4788;19246;1786;616;1170;955;586;369;156;77;79;123;60;63;58;34;24;52;29;23;566;386;180;163.0;214.0;75.0;67.0;799.0;779.0;399
5425;Heiloo;2011;21965;4796;12298;4871;19164;1822;631;1191;979;603;376;159;77;82;124;61;63;67;43;24;57;32;25;572;390;182;180.0;221.0;79.0;79.0;800.0;787.0;399
5426;Heiloo;2012;21936;4694;12239;5003;19050;1871;644;1227;1015;619;396;179;86;93;130;67;63;74;46;28;61;33;28;571;387;184;181.0;230.0;62.0;64.0;825.0;798.0;399
5427;Heiloo;2013;21912;4631;12175;5106;18947;1905;649;1256;1060;643;417;188;88;100;137;71;66;76;47;29;67;36;31;592;401;191;170.0;224.0;79.0;92.0;824.0;792.0;399
5428;Heiloo;2014;21880;4522;12123;5235;18842;1939;654;1285;1099;660;439;203;93;110;137;70;67;83;52;31;75;39;36;601;406;195;185.0;240.0;75.0;81.0;836.0;798.0;399
5429;Heiloo;2015;21857;4454;12064;5339;18747;1968;664;1304;1142;671;471;216;96;120;133;66;67;90;53;37;82;39;43;621;417;204;196.0;230.0;67.0;78.0;823.0;794.0;399
5430;Heiloo;2016;21844;4401;12031;5412;18662;1998;675;1323;1184;698;486;224;103;121;135;69;66;99;58;41;83;38;45;643;430;213;215.0;247.0;76.0;86.0;848.0;816.0;399
5431;Heiloo;2017;21834;4380;11984;5470;18576;2020;700;1320;1238;722;516;229;102;127;141;73;68;112;69;43;89;37;52;667;441;226;202.0;243.0;73.0;94.0;853.0;802.0;399
5432;Heiloo;2018;21821;4331;11966;5524;18486;2035;708;1327;1300;759;541;245;111;134;145;76;69;117;73;44;95;37;58;698;462;236;204.0;247.0;65.0;82.0;865.0;822.0;399
5433;Heiloo;2019;21804;4308;11937;5559;18396;2068;734;1334;1340;772;568;257;116;141;146;75;71;124;75;49;99;39;60;714;467;247;217.0;261.0;79.0;89.0;852.0;812.0;399
5434;Heiloo;2020;21787;4293;11919;5575;18310;2088;757;1331;1389;788;601;272;125;147;144;71;73;133;82;51;107;40;67;733;470;263;198.0;238.0;76.0;92.0;863.0;815.0;399
5435;Heiloo;2021;21779;4261;11895;5623;18224;2122;775;1347;1433;805;628;288;126;162;148;73;75;140;87;53;109;38;71;748;481;267;222.0;256.0;82.0;72.0;842.0;818.0;399
5436;Heiloo;2022;21780;4233;11886;5661;18146;2145;787;1358;1489;839;650;306;133;173;151;74;77;147;93;54;113;37;76;772;502;270;211.0;258.0;62.0;79.0;868.0;819.0;399
5437;Heiloo;2023;21766;4200;11883;5683;18067;2161;800;1361;1538;863;675;314;138;176;156;79;77;156;100;56;120;38;82;792;508;284;213.0;263.0;85.0;90.0;871.0;817.0;399
5438;Heiloo;2024;21766;4230;11792;5744;17998;2172;822;1350;1596;902;694;327;145;182;162;83;79;165;108;57;117;37;80;825;529;296;234.0;263.0;77.0;76.0;841.0;817.0;399
5439;Heiloo;2025;21764;4259;11718;5787;17909;2211;846;1365;1644;926;718;337;150;187;165;86;79;175;115;60;126;38;88;841;537;304;;;;;;;399
5440;Helden;2006;19489;5068;11729;2692;17618;1090;378;712;781;427;354;36;14;22;12;8;4;266;133;133;350;193;157;117;79;38;178.0;155.0;32.0;44.0;433.0;444.0;918
5441;Helden;2007;19487;4954;11772;2761;17561;1130;383;747;796;435;361;38;17;21;14;9;5;268;134;134;350;191;159;126;84;42;177.0;167.0;39.0;47.0;427.0;454.0;918
5442;Helden;2008;19460;4866;11757;2837;17503;1145;385;760;812;449;363;40;19;21;16;11;5;268;133;135;343;188;155;145;98;47;183.0;168.0;42.0;55.0;431.0;456.0;918
5443;Helden;2009;19437;4772;11751;2914;17453;1157;386;771;827;461;366;43;22;21;16;12;4;268;132;136;345;189;156;155;106;49;178.0;174.0;46.0;38.0;420.0;457.0;918
5444;Helden;2010;19410;4658;11751;3001;17386;1169;395;774;855;480;375;50;29;21;16;11;5;267;133;134;346;187;159;176;120;56;173.0;178.0;49.0;54.0;439.0;458.0;918
5445;Helden;2011;19380;4559;11744;3077;17312;1192;411;781;876;495;381;58;36;22;15;11;4;272;135;137;344;184;160;187;129;58;163.0;173.0;44.0;65.0;440.0;466.0;918
5446;Helden;2012;19325;4419;11675;3231;17220;1216;421;795;889;502;387;62;41;21;15;11;4;274;135;139;342;182;160;196;133;63;166.0;179.0;42.0;48.0;445.0;463.0;918
5447;Helden;2013;19290;4321;11589;3380;17148;1228;431;797;914;517;397;64;42;22;16;12;4;279;139;140;344;180;164;211;144;67;179.0;179.0;46.0;45.0;432.0;467.0;918
5448;Helden;2014;19256;4220;11534;3502;17084;1234;428;806;938;533;405;73;50;23;18;12;6;284;144;140;339;171;168;224;156;68;182.0;194.0;45.0;58.0;436.0;464.0;918
5449;Helden;2015;19205;4115;11471;3619;17002;1252;436;816;951;542;409;77;53;24;19;13;6;291;147;144;336;169;167;228;160;68;175.0;205.0;41.0;61.0;468.0;469.0;918
5450;Helden;2016;19152;4027;11387;3738;16914;1272;439;833;966;544;422;80;54;26;19;11;8;298;151;147;333;165;168;236;163;73;185.0;198.0;36.0;53.0;447.0;462.0;918
5451;Helden;2017;19109;3993;11272;3844;16846;1283;444;839;980;558;422;85;59;26;21;11;10;299;155;144;324;160;164;251;173;78;215.0;207.0;34.0;46.0;424.0;461.0;918
5452;Helden;2018;19068;3978;11174;3916;16801;1291;445;846;976;554;422;88;57;31;22;12;10;296;153;143;319;156;163;251;176;75;205.0;217.0;38.0;35.0;432.0;463.0;918
5453;Helden;2019;19027;3938;11082;4007;16737;1302;455;847;988;563;425;90;60;30;24;13;11;297;154;143;319;154;165;258;182;76;201.0;214.0;44.0;51.0;440.0;467.0;918
5454;Helden;2020;18987;3903;10993;4091;16643;1334;464;870;1010;577;433;90;60;30;26;13;13;309;160;149;316;156;160;269;188;81;221.0;216.0;37.0;50.0;433.0;457.0;918
5455;Helden;2021;18955;3894;10878;4183;16560;1372;472;900;1023;587;436;92;63;29;27;13;14;312;164;148;319;159;160;273;188;85;213.0;224.0;34.0;52.0;435.0;456.0;918
5456;Helden;2022;18907;3880;10766;4261;16491;1371;469;902;1045;598;447;94;68;26;30;15;15;314;163;151;316;156;160;291;196;95;237.0;227.0;39.0;50.0;418.0;455.0;918
5457;Helden;2023;18872;3898;10643;4331;16427;1376;472;904;1069;607;462;96;68;28;30;13;17;319;164;155;319;156;163;305;206;99;229.0;231.0;43.0;52.0;416.0;445.0;918
5458;Helden;2024;18836;3935;10483;4418;16377;1376;464;912;1083;611;472;94;66;28;32;14;18;321;167;154;318;151;167;318;213;105;233.0;231.0;34.0;44.0;412.0;440.0;918
5459;Helden;2025;18798;3964;10338;4496;16322;1391;470;921;1085;612;473;95;65;30;32;14;18;323;169;154;309;148;161;326;216;110;;;;;;;918
5460;Den Helder;2006;59671;14184;37007;8480;49193;5660;2079;3581;4818;2866;1952;753;388;365;1206;681;525;281;149;132;156;81;75;2422;1567;855;636.0;596.0;417.0;598.0;2042.0;2032.0;400
5461;Den Helder;2007;59541;14133;36879;8529;49172;5529;2037;3492;4840;2790;2050;767;397;370;1155;633;522;297;157;140;172;84;88;2449;1519;930;623.0;583.0;488.0;583.0;1937.0;2014.0;400
5462;Den Helder;2008;59417;14050;36733;8634;49146;5448;2018;3430;4823;2688;2135;791;410;381;1130;585;545;318;166;152;195;95;100;2389;1432;957;609.0;589.0;442.0;546.0;1929.0;1993.0;400
5463;Den Helder;2009;59277;13954;36530;8793;49062;5365;1982;3383;4850;2663;2187;812;413;399;1086;559;527;352;191;161;205;97;108;2395;1403;992;594.0;580.0;483.0;537.0;1850.0;1976.0;400
5464;Den Helder;2010;59120;13865;36220;9035;48902;5331;1963;3368;4887;2642;2245;838;437;401;1080;538;542;365;204;161;219;99;120;2385;1364;1021;598.0;605.0;473.0;545.0;1865.0;1964.0;400
5465;Den Helder;2011;58953;13730;36054;9169;48726;5278;1957;3321;4949;2606;2343;850;441;409;1050;498;552;398;226;172;241;109;132;2410;1332;1078;582.0;605.0;496.0;525.0;1838.0;1954.0;400
5466;Den Helder;2012;58794;13608;35621;9565;48548;5241;1981;3260;5005;2606;2399;876;459;417;1028;483;545;423;243;180;259;115;144;2419;1306;1113;592.0;603.0;518.0;528.0;1795.0;1933.0;400
5467;Den Helder;2013;58643;13519;35149;9975;48359;5244;2018;3226;5040;2611;2429;921;482;439;978;464;514;461;274;187;270;122;148;2410;1269;1141;583.0;624.0;545.0;553.0;1828.0;1934.0;400
5468;Den Helder;2014;58494;13411;34802;10281;48138;5186;2004;3182;5170;2669;2501;976;520;456;946;447;499;484;292;192;288;127;161;2476;1283;1193;571.0;600.0;549.0;517.0;1758.0;1911.0;400
5469;Den Helder;2015;58355;13333;34453;10569;47956;5147;2003;3144;5252;2711;2541;1037;567;470;922;443;479;516;314;202;303;132;171;2474;1255;1219;552.0;626.0;565.0;487.0;1760.0;1907.0;400
5470;Den Helder;2016;58219;13277;34104;10838;47721;5149;2046;3103;5349;2759;2590;1084;607;477;900;429;471;556;343;213;326;140;186;2483;1240;1243;568.0;631.0;606.0;515.0;1728.0;1885.0;400
5471;Den Helder;2017;58098;13272;33802;11024;47425;5171;2065;3106;5502;2841;2661;1164;675;489;894;419;475;597;375;222;351;149;202;2496;1223;1273;562.0;636.0;601.0;507.0;1740.0;1895.0;400
5472;Den Helder;2018;57974;13309;33391;11274;47175;5159;2058;3101;5640;2948;2692;1219;743;476;875;420;455;650;403;247;356;147;209;2540;1235;1305;565.0;631.0;628.0;499.0;1710.0;1882.0;400
5473;Den Helder;2019;57875;13334;33008;11533;46892;5184;2090;3094;5799;3062;2737;1296;824;472;884;435;449;692;431;261;372;149;223;2555;1223;1332;571.0;658.0;626.0;502.0;1739.0;1882.0;400
5474;Den Helder;2020;57773;13322;32639;11812;46620;5189;2119;3070;5964;3194;2770;1371;901;470;881;433;448;737;456;281;383;153;230;2592;1251;1341;558.0;670.0;671.0;489.0;1718.0;1890.0;400
5475;Den Helder;2021;57683;13285;32393;12005;46380;5202;2142;3060;6101;3276;2825;1459;972;487;885;437;448;778;480;298;400;162;238;2579;1225;1354;566.0;668.0;659.0;487.0;1726.0;1885.0;400
5476;Den Helder;2022;57605;13299;32077;12229;46182;5164;2136;3028;6259;3391;2868;1548;1054;494;858;419;439;833;517;316;412;173;239;2608;1228;1380;542.0;673.0;681.0;504.0;1735.0;1866.0;400
5477;Den Helder;2023;57529;13298;31729;12502;45905;5176;2154;3022;6448;3523;2925;1663;1146;517;855;409;446;884;557;327;429;179;250;2617;1232;1385;568.0;700.0;687.0;446.0;1690.0;1870.0;400
5478;Den Helder;2024;57464;13349;31401;12714;45651;5201;2192;3009;6612;3651;2961;1766;1225;541;878;438;440;938;604;334;444;185;259;2586;1199;1387;579.0;736.0;679.0;492.0;1767.0;1866.0;400
5479;Den Helder;2025;57401;13296;31267;12838;45410;5206;2186;3020;6785;3775;3010;1868;1326;542;861;417;444;998;651;347;462;197;265;2596;1184;1412;;;;;;;400
5480;Hellendoorn;2006;36152;9034;21591;5527;33905;1560;481;1079;687;423;264;60;27;33;25;11;14;180;88;92;15;6;9;407;291;116;410.0;340.0;42.0;100.0;913.0;1008.0;163
5481;Hellendoorn;2007;36078;8913;21521;5644;33796;1578;476;1102;704;426;278;62;26;36;25;12;13;188;92;96;20;9;11;409;287;122;384.0;342.0;28.0;76.0;921.0;995.0;163
5482;Hellendoorn;2008;36001;8769;21488;5744;33690;1610;486;1124;701;422;279;62;27;35;30;15;15;189;93;96;19;8;11;401;279;122;388.0;348.0;43.0;85.0;916.0;986.0;163
5483;Hellendoorn;2009;35937;8660;21433;5844;33595;1604;486;1118;738;453;285;70;33;37;39;21;18;193;94;99;20;10;10;416;295;121;389.0;345.0;38.0;87.0;929.0;995.0;163
5484;Hellendoorn;2010;35869;8590;21306;5973;33499;1606;484;1122;764;467;297;76;35;41;44;24;20;191;92;99;24;11;13;429;305;124;362.0;355.0;40.0;88.0;947.0;992.0;163
5485;Hellendoorn;2011;35784;8468;21257;6059;33392;1599;480;1119;793;487;306;87;41;46;42;24;18;191;92;99;29;14;15;444;316;128;373.0;368.0;36.0;78.0;941.0;983.0;163
5486;Hellendoorn;2012;35713;8368;21043;6302;33263;1624;494;1130;826;507;319;94;43;51;46;26;20;194;90;104;31;15;16;461;333;128;355.0;370.0;41.0;75.0;941.0;978.0;163
5487;Hellendoorn;2013;35633;8247;20895;6491;33147;1639;502;1137;847;509;338;94;42;52;51;28;23;196;89;107;40;20;20;466;330;136;365.0;379.0;43.0;69.0;931.0;980.0;163
5488;Hellendoorn;2014;35549;8196;20677;6676;33021;1660;507;1153;868;525;343;97;43;54;52;32;20;196;88;108;43;21;22;480;341;139;361.0;381.0;29.0;85.0;961.0;974.0;163
5489;Hellendoorn;2015;35463;8098;20548;6817;32904;1666;519;1147;893;532;361;103;43;60;56;36;20;205;87;118;45;22;23;484;344;140;382.0;380.0;48.0;82.0;924.0;974.0;163
5490;Hellendoorn;2016;35385;8092;20347;6946;32767;1696;535;1161;922;554;368;108;48;60;59;37;22;206;90;116;47;23;24;502;356;146;381.0;397.0;48.0;75.0;924.0;973.0;163
5491;Hellendoorn;2017;35300;8006;20227;7067;32651;1708;541;1167;941;569;372;104;45;59;64;42;22;208;94;114;51;22;29;514;366;148;381.0;393.0;37.0;80.0;935.0;959.0;163
5492;Hellendoorn;2018;35223;7965;20033;7225;32542;1726;552;1174;955;578;377;108;49;59;64;40;24;211;95;116;54;22;32;518;372;146;390.0;393.0;47.0;83.0;927.0;965.0;163
5493;Hellendoorn;2019;35149;7895;19868;7386;32427;1749;566;1183;973;589;384;121;55;66;62;39;23;212;95;117;57;24;33;521;376;145;394.0;401.0;33.0;78.0;939.0;967.0;163
5494;Hellendoorn;2020;35078;7850;19718;7510;32330;1746;554;1192;1002;615;387;125;59;66;64;38;26;205;93;112;65;29;36;543;396;147;409.0;417.0;45.0;86.0;950.0;959.0;163
5495;Hellendoorn;2021;35022;7810;19600;7612;32200;1759;560;1199;1063;653;410;133;63;70;68;40;28;216;96;120;73;33;40;573;421;152;399.0;409.0;43.0;79.0;954.0;969.0;163
5496;Hellendoorn;2022;34966;7747;19523;7696;32091;1778;572;1206;1097;665;432;137;65;72;72;42;30;225;100;125;76;34;42;587;424;163;403.0;420.0;31.0;70.0;961.0;969.0;163
5497;Hellendoorn;2023;34902;7729;19362;7811;31979;1791;592;1199;1132;678;454;147;68;79;75;44;31;237;104;133;76;31;45;597;431;166;395.0;436.0;29.0;66.0;960.0;961.0;163
5498;Hellendoorn;2024;34827;7661;19248;7918;31870;1800;611;1189;1157;699;458;149;70;79;81;47;34;244;109;135;73;30;43;610;443;167;406.0;416.0;43.0;66.0;934.0;962.0;163
5499;Hellendoorn;2025;34772;7679;19071;8022;31738;1834;631;1203;1200;720;480;156;72;84;86;50;36;248;111;137;77;33;44;633;454;179;;;;;;;163
5500;Hellevoetsluis;2006;40047;9961;25555;4531;33150;3522;1405;2117;3375;2035;1340;603;324;279;646;407;239;886;503;383;116;56;60;1124;745;379;438.0;308.0;189.0;268.0;1443.0;1433.0;530
5501;Hellevoetsluis;2007;40116;9826;25648;4642;33235;3480;1398;2082;3401;2042;1359;605;326;279;638;400;238;901;509;392;116;61;55;1141;746;395;439.0;318.0;192.0;273.0;1455.0;1430.0;530
5502;Hellevoetsluis;2008;40184;9682;25709;4793;33264;3438;1386;2052;3482;2086;1396;626;332;294;635;395;240;919;515;404;120;63;57;1182;781;401;417.0;306.0;224.0;301.0;1487.0;1442.0;530
5503;Hellevoetsluis;2009;40267;9512;25811;4944;33285;3416;1386;2030;3566;2133;1433;645;347;298;629;388;241;940;523;417;125;64;61;1227;811;416;408.0;302.0;216.0;287.0;1475.0;1444.0;530
5504;Hellevoetsluis;2010;40338;9336;25881;5121;33284;3417;1394;2023;3637;2172;1465;660;360;300;636;392;244;956;532;424;127;64;63;1258;824;434;456.0;331.0;233.0;270.0;1448.0;1448.0;530
5505;Hellevoetsluis;2011;40431;9183;25982;5266;33311;3411;1400;2011;3709;2186;1523;654;350;304;643;394;249;968;533;435;133;65;68;1311;844;467;426.0;317.0;225.0;269.0;1470.0;1448.0;530
5506;Hellevoetsluis;2012;40520;9065;25838;5617;33320;3397;1421;1976;3803;2231;1572;668;355;313;670;400;270;972;535;437;141;70;71;1352;871;481;446.0;331.0;244.0;296.0;1472.0;1452.0;530
5507;Hellevoetsluis;2013;40609;8983;25617;6009;33344;3391;1432;1959;3874;2277;1597;683;365;318;670;403;267;972;536;436;153;76;77;1396;897;499;416.0;316.0;220.0;286.0;1519.0;1450.0;530
5508;Hellevoetsluis;2014;40718;8874;25510;6334;33364;3419;1440;1979;3935;2316;1619;695;380;315;654;387;267;992;550;442;161;78;83;1433;921;512;445.0;333.0;239.0;289.0;1486.0;1452.0;530
5509;Hellevoetsluis;2015;40817;8798;25424;6595;33386;3449;1464;1985;3982;2351;1631;693;383;310;654;380;274;997;561;436;169;80;89;1469;947;522;434.0;335.0;235.0;267.0;1473.0;1454.0;530
5510;Hellevoetsluis;2016;40909;8760;25296;6853;33421;3449;1502;1947;4039;2391;1648;691;388;303;663;395;268;976;537;439;176;86;90;1533;985;548;449.0;360.0;230.0;273.0;1506.0;1448.0;530
5511;Hellevoetsluis;2017;41014;8754;25158;7102;33451;3447;1516;1931;4116;2454;1662;692;388;304;662;398;264;991;550;441;187;89;98;1584;1029;555;442.0;368.0;238.0;278.0;1514.0;1457.0;530
5512;Hellevoetsluis;2018;41108;8706;25055;7347;33469;3431;1522;1909;4208;2515;1693;714;404;310;665;406;259;1005;562;443;190;89;101;1634;1054;580;447.0;373.0;226.0;269.0;1514.0;1457.0;530
5513;Hellevoetsluis;2019;41200;8654;24949;7597;33523;3405;1522;1883;4272;2563;1709;718;415;303;668;404;264;1006;571;435;201;96;105;1679;1077;602;453.0;381.0;249.0;256.0;1497.0;1473.0;530
5514;Hellevoetsluis;2020;41296;8623;24797;7876;33512;3421;1531;1890;4363;2604;1759;735;430;305;656;390;266;1021;583;438;207;98;109;1744;1103;641;462.0;382.0;263.0;267.0;1479.0;1463.0;530
5515;Hellevoetsluis;2021;41395;8662;24658;8075;33549;3416;1549;1867;4430;2650;1780;749;448;301;655;392;263;1023;591;432;207;98;109;1796;1121;675;480.0;409.0;246.0;268.0;1514.0;1457.0;530
5516;Hellevoetsluis;2022;41505;8666;24558;8281;33578;3415;1550;1865;4512;2704;1808;755;456;299;651;384;267;1032;599;433;217;102;115;1857;1163;694;483.0;409.0;247.0;272.0;1504.0;1447.0;530
5517;Hellevoetsluis;2023;41619;8705;24405;8509;33588;3432;1551;1881;4599;2757;1842;756;468;288;650;381;269;1048;612;436;232;107;125;1913;1189;724;495.0;413.0;272.0;316.0;1523.0;1456.0;530
5518;Hellevoetsluis;2024;41728;8751;24321;8656;33610;3443;1578;1865;4675;2812;1863;768;478;290;659;388;271;1062;619;443;241;113;128;1945;1214;731;457.0;449.0;257.0;280.0;1577.0;1457.0;530
5519;Hellevoetsluis;2025;41838;8777;24262;8799;33663;3441;1601;1840;4734;2848;1886;795;499;296;664;396;268;1071;626;445;251;116;135;1953;1211;742;;;;;;;530
5520;Helmond;2006;84547;21766;52246;10535;66688;8325;3459;4866;9534;5341;4193;668;337;331;600;354;246;2461;1320;1141;3190;1648;1542;2615;1682;933;1127.0;662.0;530.0;633.0;2597.0;2295.0;794
5521;Helmond;2007;85214;22020;52411;10783;67143;8310;3460;4850;9761;5378;4383;674;343;331;588;347;241;2552;1342;1210;3259;1645;1614;2688;1701;987;1118.0;672.0;525.0;643.0;2596.0;2313.0;794
5522;Helmond;2008;85828;22239;52533;11056;67543;8303;3456;4847;9982;5395;4587;693;361;332;569;332;237;2627;1359;1268;3346;1654;1692;2747;1689;1058;1061.0;700.0;549.0;605.0;2610.0;2303.0;794
5523;Helmond;2009;86442;22387;52640;11415;67947;8312;3504;4808;10183;5427;4756;716;376;340;569;329;240;2696;1384;1312;3410;1658;1752;2792;1680;1112;1051.0;710.0;596.0;631.0;2550.0;2312.0;794
5524;Helmond;2010;86985;22473;52843;11669;68280;8296;3542;4754;10409;5463;4946;728;386;342;575;332;243;2768;1397;1371;3483;1666;1817;2855;1682;1173;1023.0;717.0;602.0;643.0;2597.0;2324.0;794
5525;Helmond;2011;87524;22434;53010;12080;68584;8326;3586;4740;10614;5510;5104;753;400;353;589;339;250;2830;1415;1415;3525;1668;1857;2917;1688;1229;1002.0;725.0;616.0;636.0;2588.0;2335.0;794
5526;Helmond;2012;88038;22418;52999;12621;68874;8398;3653;4745;10766;5536;5230;788;414;374;585;332;253;2892;1443;1449;3554;1677;1877;2947;1670;1277;978.0;760.0;601.0;645.0;2664.0;2346.0;794
5527;Helmond;2013;88533;22418;53028;13087;69182;8430;3682;4748;10921;5579;5342;814;429;385;602;353;249;2971;1482;1489;3568;1663;1905;2966;1652;1314;1013.0;761.0;616.0;618.0;2594.0;2362.0;794
5528;Helmond;2014;89020;22397;53016;13607;69461;8461;3731;4730;11098;5646;5452;828;442;386;613;361;252;3051;1518;1533;3577;1659;1918;3029;1666;1363;974.0;781.0;587.0;588.0;2641.0;2380.0;794
5529;Helmond;2015;89477;22335;53129;14013;69733;8477;3765;4712;11267;5709;5558;849;457;392;638;374;264;3106;1537;1569;3583;1656;1927;3091;1685;1406;993.0;806.0;611.0;620.0;2633.0;2394.0;794
5530;Helmond;2016;89898;22295;53234;14369;69981;8493;3771;4722;11424;5746;5678;878;478;400;640;364;276;3175;1566;1609;3586;1648;1938;3145;1690;1455;964.0;787.0;624.0;608.0;2616.0;2420.0;794
5531;Helmond;2017;90291;22221;53348;14722;70196;8495;3812;4683;11600;5820;5780;908;498;410;644;363;281;3243;1604;1639;3604;1640;1964;3201;1715;1486;1013.0;816.0;618.0;645.0;2646.0;2431.0;794
5532;Helmond;2018;90683;22162;53394;15127;70393;8540;3852;4688;11750;5864;5886;945;520;425;650;364;286;3300;1635;1665;3606;1631;1975;3249;1714;1535;1009.0;884.0;583.0;616.0;2686.0;2448.0;794
5533;Helmond;2019;91018;22104;53511;15403;70619;8526;3840;4686;11873;5893;5980;959;524;435;660;371;289;3344;1664;1680;3613;1621;1992;3297;1713;1584;1025.0;864.0;567.0;612.0;2667.0;2455.0;794
5534;Helmond;2020;91349;21983;53681;15685;70869;8480;3819;4661;12000;5941;6059;974;539;435;667;377;290;3412;1700;1712;3598;1610;1988;3349;1715;1634;1048.0;894.0;557.0;576.0;2644.0;2482.0;794
5535;Helmond;2021;91648;21796;53809;16043;71023;8449;3817;4632;12176;6004;6172;1003;556;447;696;390;306;3479;1734;1745;3576;1588;1988;3422;1736;1686;1035.0;902.0;579.0;605.0;2658.0;2493.0;794
5536;Helmond;2022;91923;21742;53792;16389;71193;8434;3805;4629;12296;6038;6258;1007;565;442;697;391;306;3524;1753;1771;3581;1571;2010;3487;1758;1729;1041.0;925.0;559.0;549.0;2636.0;2518.0;794
5537;Helmond;2023;92169;21625;53793;16751;71330;8411;3803;4608;12428;6112;6316;1014;569;445;714;396;318;3558;1774;1784;3584;1574;2010;3558;1799;1759;1066.0;942.0;552.0;543.0;2591.0;2517.0;794
5538;Helmond;2024;92380;21461;53801;17118;71435;8403;3813;4590;12542;6171;6371;1039;577;462;711;397;314;3600;1805;1795;3572;1567;2005;3620;1825;1795;1066.0;942.0;542.0;547.0;2571.0;2502.0;794
5539;Helmond;2025;92573;21361;53670;17542;71590;8366;3810;4556;12617;6230;6387;1065;596;469;700;396;304;3653;1848;1805;3545;1564;1981;3654;1826;1828;;;;;;;794
5540;Hendrik-Ido-Ambacht;2006;23918;6578;14079;3261;20864;1564;579;985;1490;972;518;227;123;104;100;50;50;162;85;77;158;74;84;843;640;203;303.0;179.0;50.0;50.0;1037.0;964.0;531
5541;Hendrik-Ido-Ambacht;2007;24113;6563;14197;3353;20965;1618;599;1019;1530;991;539;239;129;110;106;55;51;166;85;81;156;74;82;863;648;215;300.0;182.0;57.0;76.0;1299.0;962.0;531
5542;Hendrik-Ido-Ambacht;2008;24550;6619;14477;3454;21272;1663;613;1050;1615;1028;587;248;132;116;112;59;53;172;84;88;160;74;86;923;679;244;303.0;180.0;64.0;84.0;1345.0;998.0;531
5543;Hendrik-Ido-Ambacht;2009;25001;6636;14798;3567;21566;1716;621;1095;1719;1082;637;274;143;131;120;64;56;180;87;93;170;80;90;975;708;267;302.0;199.0;57.0;70.0;1367.0;1033.0;531
5544;Hendrik-Ido-Ambacht;2010;25430;6654;15070;3706;21872;1760;639;1121;1798;1123;675;291;149;142;130;71;59;190;89;101;172;83;89;1015;731;284;313.0;216.0;78.0;55.0;1378.0;1046.0;531
5545;Hendrik-Ido-Ambacht;2011;25882;6657;15444;3781;22166;1821;664;1157;1895;1169;726;310;157;153;142;77;65;201;92;109;174;84;90;1068;759;309;334.0;210.0;60.0;69.0;1421.0;1085.0;531
5546;Hendrik-Ido-Ambacht;2012;26332;6716;15585;4031;22447;1879;690;1189;2006;1217;789;329;164;165;158;87;71;203;90;113;178;83;95;1138;793;345;334.0;215.0;83.0;57.0;1396.0;1086.0;531
5547;Hendrik-Ido-Ambacht;2013;26789;6746;15793;4250;22707;1947;726;1221;2135;1275;860;341;166;175;180;101;79;212;91;121;184;84;100;1218;833;385;322.0;230.0;67.0;83.0;1482.0;1116.0;531
5548;Hendrik-Ido-Ambacht;2014;27232;6815;15986;4431;22991;2009;750;1259;2232;1304;928;357;169;188;195;110;85;218;90;128;191;87;104;1271;848;423;366.0;224.0;78.0;75.0;1419.0;1128.0;531
5549;Hendrik-Ido-Ambacht;2015;27669;6881;16207;4581;23225;2093;779;1314;2351;1354;997;379;172;207;205;117;88;227;93;134;206;94;112;1334;878;456;355.0;245.0;71.0;80.0;1483.0;1149.0;531
5550;Hendrik-Ido-Ambacht;2016;28102;6941;16464;4697;23470;2149;806;1343;2483;1416;1067;394;179;215;219;125;94;237;96;141;216;95;121;1417;921;496;382.0;251.0;63.0;76.0;1443.0;1156.0;531
5551;Hendrik-Ido-Ambacht;2017;28508;7055;16654;4799;23724;2206;831;1375;2578;1457;1121;401;182;219;235;136;99;239;98;141;231;98;133;1472;943;529;364.0;266.0;86.0;66.0;1446.0;1167.0;531
5552;Hendrik-Ido-Ambacht;2018;28906;7117;16855;4934;23946;2254;859;1395;2706;1528;1178;412;189;223;246;143;103;240;100;140;240;101;139;1568;995;573;391.0;251.0;72.0;76.0;1428.0;1184.0;531
5553;Hendrik-Ido-Ambacht;2019;29288;7213;16994;5081;24131;2308;883;1425;2849;1591;1258;434;196;238;273;152;121;253;105;148;247;104;143;1642;1034;608;401.0;276.0;94.0;77.0;1414.0;1202.0;531
5554;Hendrik-Ido-Ambacht;2020;29641;7283;17141;5217;24345;2355;904;1451;2941;1637;1304;451;200;251;290;169;121;254;107;147;249;106;143;1697;1055;642;412.0;273.0;77.0;88.0;1439.0;1213.0;531
5555;Hendrik-Ido-Ambacht;2021;29992;7355;17236;5401;24553;2400;942;1458;3039;1670;1369;457;204;253;304;173;131;261;108;153;257;109;148;1760;1076;684;402.0;286.0;73.0;78.0;1443.0;1221.0;531
5556;Hendrik-Ido-Ambacht;2022;30326;7395;17384;5547;24745;2451;969;1482;3130;1698;1432;467;205;262;323;180;143;264;107;157;272;113;159;1804;1093;711;418.0;289.0;77.0;65.0;1391.0;1217.0;531
5557;Hendrik-Ido-Ambacht;2023;30643;7466;17490;5687;24928;2498;996;1502;3217;1732;1485;472;206;266;347;193;154;267;109;158;288;118;170;1843;1106;737;432.0;294.0;84.0;70.0;1386.0;1237.0;531
5558;Hendrik-Ido-Ambacht;2024;30943;7574;17481;5888;25099;2539;1016;1523;3305;1743;1562;488;206;282;357;197;160;270;109;161;292;114;178;1898;1117;781;399.0;314.0;66.0;83.0;1447.0;1235.0;531
5559;Hendrik-Ido-Ambacht;2025;31225;7634;17532;6059;25238;2594;1040;1554;3393;1783;1610;497;216;281;373;201;172;275;110;165;297;117;180;1951;1139;812;;;;;;;531
5560;Hengelo (O.);2006;81450;19943;49057;12450;65306;7713;2709;5004;8431;4849;3582;453;227;226;452;274;178;4618;2415;2203;243;123;120;2665;1810;855;1027.0;761.0;266.0;545.0;2395.0;2539.0;164
5561;Hengelo (O.);2007;81293;19923;48868;12502;65413;7486;2629;4857;8394;4754;3640;477;239;238;437;262;175;4600;2382;2218;256;131;125;2624;1740;884;1021.0;748.0;242.0;500.0;2339.0;2497.0;164
5562;Hengelo (O.);2008;81158;19908;48679;12571;65475;7336;2562;4774;8347;4690;3657;497;246;251;432;259;173;4542;2341;2201;276;139;137;2600;1705;895;975.0;753.0;236.0;479.0;2336.0;2476.0;164
5563;Hengelo (O.);2009;81000;19912;48371;12717;65549;7175;2509;4666;8276;4609;3667;514;261;253;421;245;176;4491;2303;2188;288;147;141;2562;1653;909;971.0;771.0;243.0;458.0;2323.0;2448.0;164
5564;Hengelo (O.);2010;80860;19907;48101;12852;65520;7047;2498;4549;8293;4575;3718;519;256;263;426;242;184;4457;2278;2179;296;149;147;2595;1650;945;941.0;772.0;229.0;483.0;2355.0;2432.0;164
5565;Hengelo (O.);2011;80703;19790;47890;13023;65527;6929;2469;4460;8247;4493;3754;531;258;273;409;234;175;4437;2254;2183;306;148;158;2564;1599;965;925.0;775.0;269.0;449.0;2300.0;2423.0;164
5566;Hengelo (O.);2012;80551;19716;47445;13390;65496;6809;2447;4362;8246;4469;3777;548;271;277;403;231;172;4387;2218;2169;310;146;164;2598;1603;995;927.0;780.0;247.0;461.0;2340.0;2418.0;164
5567;Hengelo (O.);2013;80403;19630;47089;13684;65502;6666;2383;4283;8235;4442;3793;558;278;280;384;228;156;4350;2187;2163;328;156;172;2615;1593;1022;886.0;779.0;228.0;396.0;2303.0;2384.0;164
5568;Hengelo (O.);2014;80261;19483;46789;13989;65433;6557;2369;4188;8271;4447;3824;579;293;286;385;226;159;4312;2167;2145;335;157;178;2660;1604;1056;871.0;797.0;247.0;430.0;2327.0;2374.0;164
5569;Hengelo (O.);2015;80109;19291;46626;14192;65404;6467;2370;4097;8238;4406;3832;583;293;290;368;216;152;4276;2146;2130;352;167;185;2659;1584;1075;878.0;803.0;249.0;407.0;2311.0;2368.0;164
5570;Hengelo (O.);2016;79976;19225;46294;14457;65346;6397;2369;4028;8233;4404;3829;591;301;290;361;214;147;4227;2129;2098;374;173;201;2680;1587;1093;855.0;813.0;229.0;420.0;2339.0;2363.0;164
5571;Hengelo (O.);2017;79809;19109;46002;14698;65264;6329;2361;3968;8216;4379;3837;597;307;290;352;207;145;4185;2107;2078;392;175;217;2690;1583;1107;856.0;819.0;210.0;393.0;2363.0;2357.0;164
5572;Hengelo (O.);2018;79676;18983;45744;14949;65209;6246;2339;3907;8221;4369;3852;616;320;296;352;207;145;4134;2085;2049;407;178;229;2712;1579;1133;859.0;844.0;229.0;376.0;2368.0;2366.0;164
5573;Hengelo (O.);2019;79551;18809;45561;15181;65173;6166;2320;3846;8212;4338;3874;619;322;297;346;200;146;4080;2050;2030;420;178;242;2747;1588;1159;844.0;828.0;224.0;357.0;2379.0;2370.0;164
5574;Hengelo (O.);2020;79445;18645;45377;15423;65154;6089;2320;3769;8202;4319;3883;612;317;295;356;213;143;4035;2031;2004;439;178;261;2760;1580;1180;844.0;841.0;205.0;353.0;2381.0;2357.0;164
5575;Hengelo (O.);2021;79336;18431;45249;15656;65116;6057;2318;3739;8163;4282;3881;618;321;297;363;220;143;3999;2008;1991;442;179;263;2741;1554;1187;853.0;880.0;199.0;357.0;2416.0;2364.0;164
5576;Hengelo (O.);2022;79210;18297;45003;15910;65076;5956;2296;3660;8178;4278;3900;624;312;312;363;217;146;3934;1971;1963;457;182;275;2800;1596;1204;886.0;865.0;227.0;380.0;2389.0;2360.0;164
5577;Hengelo (O.);2023;79115;18195;44748;16172;65054;5850;2254;3596;8211;4302;3909;624;313;311;376;227;149;3900;1950;1950;461;183;278;2850;1629;1221;885.0;872.0;189.0;369.0;2407.0;2355.0;164
5578;Hengelo (O.);2024;79010;18029;44625;16356;65026;5790;2241;3549;8194;4280;3914;630;323;307;368;212;156;3863;1933;1930;462;182;280;2871;1630;1241;912.0;863.0;204.0;343.0;2380.0;2366.0;164
5579;Hengelo (O.);2025;78943;17927;44387;16629;65017;5730;2233;3497;8196;4290;3906;633;324;309;374;214;160;3809;1907;1902;473;187;286;2907;1658;1249;;;;;;;164
5580;'s-Hertogenbosch;2006;133648;31302;84628;17718;109028;11268;4336;6932;13352;7625;5727;1861;958;903;961;567;394;2677;1403;1274;4029;2059;1970;3824;2638;1186;1566.0;1079.0;668.0;831.0;4989.0;5089.0;796
5581;'s-Hertogenbosch;2007;133878;31396;84455;18027;109212;11148;4296;6852;13518;7621;5897;1884;961;923;956;558;398;2700;1405;1295;4074;2065;2009;3904;2632;1272;1516.0;1112.0;704.0;828.0;5228.0;5031.0;796
5582;'s-Hertogenbosch;2008;134359;31517;84513;18329;109589;11064;4290;6774;13706;7639;6067;1919;978;941;950;560;390;2750;1417;1333;4121;2062;2059;3966;2622;1344;1486.0;1145.0;715.0;785.0;5089.0;4991.0;796
5583;'s-Hertogenbosch;2009;134735;31547;84500;18688;109768;11061;4324;6737;13906;7652;6254;1936;985;951;971;562;409;2781;1434;1347;4152;2048;2104;4066;2623;1443;1430.0;1168.0;721.0;816.0;5303.0;4965.0;796
5584;'s-Hertogenbosch;2010;135249;31559;84557;19133;110077;11094;4363;6731;14078;7674;6404;1956;986;970;933;555;378;2822;1433;1389;4205;2047;2158;4162;2653;1509;1414.0;1178.0;772.0;772.0;5243.0;4974.0;796
5585;'s-Hertogenbosch;2011;135764;31535;84638;19591;110384;11127;4419;6708;14253;7671;6582;2004;997;1007;920;541;379;2845;1442;1403;4241;2022;2219;4243;2669;1574;1374.0;1217.0;771.0;772.0;5273.0;4960.0;796
5586;'s-Hertogenbosch;2012;136244;31416;84465;20363;110657;11159;4469;6690;14428;7705;6723;2005;993;1012;918;546;372;2870;1453;1417;4278;2025;2253;4357;2688;1669;1341.0;1210.0;811.0;776.0;5279.0;4975.0;796
5587;'s-Hertogenbosch;2013;136726;31264;84279;21183;110875;11174;4523;6651;14677;7815;6862;2037;1014;1023;960;568;392;2880;1452;1428;4339;2042;2297;4461;2739;1722;1357.0;1259.0;822.0;749.0;5289.0;4998.0;796
5588;'s-Hertogenbosch;2014;137199;31205;84136;21858;111083;11257;4616;6641;14859;7862;6997;2043;1025;1018;987;583;404;2915;1461;1454;4360;2029;2331;4554;2764;1790;1327.0;1266.0;817.0;787.0;5315.0;4999.0;796
5589;'s-Hertogenbosch;2015;137617;31047;84158;22412;111224;11350;4676;6674;15043;7889;7154;2058;1036;1022;964;568;396;2944;1461;1483;4402;2030;2372;4675;2794;1881;1318.0;1300.0;810.0;808.0;5367.0;5023.0;796
5590;'s-Hertogenbosch;2016;137992;30937;83977;23078;111428;11372;4706;6666;15192;7917;7275;2073;1038;1035;960;564;396;2973;1465;1508;4411;2026;2385;4775;2824;1951;1310.0;1315.0;806.0;754.0;5328.0;5030.0;796
5591;'s-Hertogenbosch;2017;138350;30751;83923;23676;111632;11371;4727;6644;15347;7958;7389;2097;1061;1036;940;545;395;2996;1459;1537;4409;2025;2384;4905;2868;2037;1340.0;1357.0;803.0;774.0;5345.0;5038.0;796
5592;'s-Hertogenbosch;2018;138680;30557;83828;24295;111770;11378;4754;6624;15532;8012;7520;2090;1080;1010;944;553;391;3020;1463;1557;4429;2005;2424;5049;2911;2138;1354.0;1351.0;794.0;735.0;5298.0;5056.0;796
5593;'s-Hertogenbosch;2019;139000;30408;83801;24791;111770;11490;4826;6664;15740;8075;7665;2104;1097;1007;946;556;390;3056;1465;1591;4435;2007;2428;5199;2950;2249;1347.0;1389.0;823.0;741.0;5315.0;5085.0;796
5594;'s-Hertogenbosch;2020;139288;30171;83794;25323;111838;11530;4869;6661;15920;8164;7756;2113;1105;1008;984;590;394;3055;1447;1608;4418;2007;2411;5350;3015;2335;1356.0;1391.0;813.0;799.0;5364.0;5099.0;796
5595;'s-Hertogenbosch;2021;139544;29892;83752;25900;111868;11606;4910;6696;16070;8191;7879;2129;1107;1022;1016;614;402;3071;1443;1628;4410;1988;2422;5444;3039;2405;1389.0;1428.0;802.0;737.0;5304.0;5099.0;796
5596;'s-Hertogenbosch;2022;139793;29668;83630;26495;111909;11605;4910;6695;16279;8273;8006;2144;1122;1022;1032;628;404;3109;1454;1655;4416;1986;2430;5578;3083;2495;1365.0;1467.0;779.0;762.0;5391.0;5111.0;796
5597;'s-Hertogenbosch;2023;140001;29367;83550;27084;111939;11664;4943;6721;16398;8290;8108;2156;1138;1018;1054;650;404;3149;1459;1690;4399;1962;2437;5640;3081;2559;1382.0;1485.0;798.0;724.0;5353.0;5128.0;796
5598;'s-Hertogenbosch;2024;140211;29232;83310;27669;111937;11709;4976;6733;16565;8327;8238;2177;1141;1036;1095;686;409;3152;1443;1709;4385;1937;2448;5756;3120;2636;1403.0;1518.0;787.0;684.0;5311.0;5139.0;796
5599;'s-Hertogenbosch;2025;140383;29080;82919;28384;111841;11771;5014;6757;16771;8393;8378;2199;1152;1047;1112;690;422;3177;1439;1738;4382;1919;2463;5901;3193;2708;;;;;;;796
5600;Heumen;2006;16550;4459;9789;2302;14613;1430;443;987;507;288;219;48;23;25;73;24;49;30;15;15;29;16;13;327;210;117;151.0;122.0;38.0;54.0;725.0;721.0;252
5601;Heumen;2007;16572;4399;9775;2398;14594;1447;454;993;531;310;221;49;22;27;71;24;47;33;17;16;32;17;15;346;230;116;140.0;122.0;50.0;66.0;754.0;741.0;252
5602;Heumen;2008;16588;4313;9816;2459;14549;1471;464;1007;568;339;229;51;24;27;73;27;46;40;21;19;35;17;18;369;250;119;138.0;123.0;37.0;51.0;762.0;746.0;252
5603;Heumen;2009;16606;4212;9846;2548;14526;1468;459;1009;612;372;240;57;31;26;73;26;47;43;22;21;40;20;20;399;273;126;142.0;138.0;34.0;56.0;783.0;768.0;252
5604;Heumen;2010;16606;4115;9874;2617;14500;1461;461;1000;645;389;256;60;32;28;72;26;46;52;28;24;43;23;20;418;280;138;142.0;131.0;42.0;49.0;772.0;765.0;252
5605;Heumen;2011;16618;4022;9883;2713;14465;1492;471;1021;661;399;262;65;35;30;69;25;44;51;28;23;47;26;21;429;285;144;137.0;121.0;30.0;62.0;801.0;783.0;252
5606;Heumen;2012;16620;3910;9867;2843;14425;1501;467;1034;694;413;281;66;33;33;70;25;45;55;29;26;50;27;23;453;299;154;151.0;139.0;32.0;43.0;803.0;792.0;252
5607;Heumen;2013;16630;3836;9829;2965;14394;1513;470;1043;723;419;304;71;35;36;68;25;43;62;28;34;57;28;29;465;303;162;153.0;140.0;32.0;68.0;819.0;789.0;252
5608;Heumen;2014;16639;3729;9889;3021;14348;1525;475;1050;766;455;311;75;39;36;70;25;45;62;29;33;61;30;31;498;332;166;149.0;135.0;40.0;66.0;807.0;797.0;252
5609;Heumen;2015;16640;3645;9897;3098;14331;1525;482;1043;784;464;320;81;42;39;72;23;49;63;31;32;66;33;33;502;335;167;157.0;144.0;40.0;51.0;803.0;799.0;252
5610;Heumen;2016;16645;3592;9864;3189;14263;1558;490;1068;824;482;342;88;40;48;82;25;57;67;31;36;64;33;31;523;353;170;142.0;157.0;46.0;61.0;818.0;800.0;252
5611;Heumen;2017;16631;3549;9839;3243;14197;1579;505;1074;855;501;354;93;42;51;87;29;58;76;31;45;65;35;30;534;364;170;149.0;154.0;40.0;68.0;825.0;817.0;252
5612;Heumen;2018;16609;3499;9802;3308;14143;1590;516;1074;876;514;362;93;41;52;89;35;54;81;32;49;67;35;32;546;371;175;169.0;159.0;37.0;58.0;836.0;817.0;252
5613;Heumen;2019;16618;3421;9803;3394;14076;1622;526;1096;920;542;378;95;42;53;92;34;58;87;35;52;69;35;34;577;396;181;178.0;157.0;41.0;78.0;834.0;822.0;252
5614;Heumen;2020;16614;3412;9749;3453;14040;1624;530;1094;950;554;396;98;44;54;91;33;58;96;36;60;73;37;36;592;404;188;171.0;173.0;45.0;49.0;826.0;826.0;252
5615;Heumen;2021;16608;3382;9701;3525;13963;1656;553;1103;989;581;408;99;45;54;88;32;56;100;39;61;78;37;41;624;428;196;179.0;173.0;47.0;57.0;820.0;842.0;252
5616;Heumen;2022;16582;3353;9658;3571;13935;1645;554;1091;1002;587;415;104;46;58;84;32;52;100;39;61;81;38;43;633;432;201;180.0;161.0;43.0;57.0;817.0;841.0;252
5617;Heumen;2023;16566;3337;9607;3622;13915;1632;551;1081;1019;592;427;108;47;61;82;28;54;103;40;63;80;37;43;646;440;206;174.0;166.0;33.0;50.0;796.0;803.0;252
5618;Heumen;2024;16553;3311;9553;3689;13888;1612;557;1055;1053;606;447;108;46;62;87;29;58;112;41;71;83;38;45;663;452;211;175.0;174.0;44.0;56.0;797.0;804.0;252
5619;Heumen;2025;16538;3352;9438;3748;13843;1621;559;1062;1074;619;455;115;48;67;85;30;55;114;43;71;83;37;46;677;461;216;;;;;;;252
5620;Heusden;2006;43013;11120;26278;5615;38152;2422;886;1536;2439;1374;1065;165;88;77;135;69;66;1135;594;541;316;154;162;688;469;219;422.0;312.0;81.0;116.0;1322.0;1338.0;797
5621;Heusden;2007;43077;10922;26335;5820;38154;2445;895;1550;2478;1375;1103;167;87;80;140;70;70;1156;596;560;310;150;160;705;472;233;410.0;323.0;62.0;114.0;1442.0;1345.0;797
5622;Heusden;2008;43216;10697;26513;6006;38237;2465;910;1555;2514;1392;1122;173;88;85;142;72;70;1157;589;568;319;153;166;723;490;233;422.0;339.0;76.0;136.0;1442.0;1370.0;797
5623;Heusden;2009;43316;10536;26586;6194;38269;2495;913;1582;2552;1405;1147;179;86;93;147;79;68;1151;580;571;330;159;171;745;501;244;425.0;344.0;89.0;140.0;1484.0;1377.0;797
5624;Heusden;2010;43453;10376;26683;6394;38365;2516;925;1591;2572;1410;1162;184;91;93;143;75;68;1140;563;577;330;161;169;775;520;255;404.0;348.0;81.0;137.0;1540.0;1387.0;797
5625;Heusden;2011;43609;10149;26843;6617;38439;2539;932;1607;2631;1434;1197;198;92;106;149;78;71;1131;553;578;336;164;172;817;547;270;421.0;365.0;100.0;132.0;1529.0;1406.0;797
5626;Heusden;2012;43756;10012;26827;6917;38488;2580;939;1641;2688;1466;1222;213;96;117;152;78;74;1126;552;574;339;167;172;858;573;285;417.0;382.0;108.0;147.0;1534.0;1425.0;797
5627;Heusden;2013;43865;9844;26871;7150;38555;2594;948;1646;2716;1483;1233;212;96;116;154;80;74;1136;553;583;338;164;174;876;590;286;435.0;388.0;90.0;136.0;1545.0;1422.0;797
5628;Heusden;2014;43994;9696;26904;7394;38618;2614;959;1655;2762;1496;1266;217;99;118;159;82;77;1143;544;599;342;168;174;901;603;298;439.0;400.0;84.0;123.0;1542.0;1440.0;797
5629;Heusden;2015;44093;9550;26902;7641;38676;2622;978;1644;2795;1514;1281;230;103;127;164;84;80;1151;544;607;349;173;176;901;610;291;458.0;393.0;93.0;126.0;1523.0;1439.0;797
5630;Heusden;2016;44214;9456;26856;7902;38742;2637;996;1641;2835;1538;1297;238;108;130;168;84;84;1151;538;613;343;171;172;935;637;298;485.0;414.0;103.0;136.0;1519.0;1451.0;797
5631;Heusden;2017;44325;9334;26863;8128;38773;2651;1003;1648;2901;1552;1349;243;110;133;176;88;88;1157;535;622;352;169;183;973;650;323;484.0;419.0;90.0;118.0;1522.0;1455.0;797
5632;Heusden;2018;44431;9271;26839;8321;38810;2662;1000;1662;2959;1575;1384;249;109;140;185;91;94;1153;530;623;360;173;187;1012;672;340;496.0;439.0;101.0;134.0;1517.0;1451.0;797
5633;Heusden;2019;44522;9218;26811;8493;38828;2692;1004;1688;3002;1597;1405;256;112;144;200;96;104;1141;521;620;358;172;186;1047;696;351;517.0;425.0;87.0;131.0;1486.0;1445.0;797
5634;Heusden;2020;44614;9161;26786;8667;38868;2726;1013;1713;3020;1599;1421;259;114;145;200;97;103;1137;520;617;358;169;189;1066;699;367;534.0;446.0;99.0;126.0;1457.0;1446.0;797
5635;Heusden;2021;44691;9198;26648;8845;38881;2750;1025;1725;3060;1620;1440;270;121;149;208;102;106;1132;513;619;361;169;192;1089;715;374;543.0;464.0;78.0;112.0;1465.0;1443.0;797
5636;Heusden;2022;44760;9193;26580;8987;38884;2773;1039;1734;3103;1626;1477;277;126;151;211;104;107;1137;511;626;367;165;202;1111;720;391;554.0;481.0;73.0;118.0;1454.0;1419.0;797
5637;Heusden;2023;44826;9245;26397;9184;38901;2781;1053;1728;3144;1631;1513;280;124;156;217;102;115;1130;501;629;371;165;206;1146;739;407;553.0;483.0;90.0;135.0;1482.0;1438.0;797
5638;Heusden;2024;44895;9283;26296;9316;38915;2789;1061;1728;3191;1647;1544;292;128;164;221;102;119;1125;502;623;384;168;216;1169;747;422;564.0;487.0;90.0;133.0;1451.0;1420.0;797
5639;Heusden;2025;44959;9361;26105;9493;38926;2791;1049;1742;3242;1673;1569;299;131;168;228;107;121;1129;500;629;373;161;212;1213;774;439;;;;;;;797
5640;Heythuysen;2006;12182;2939;7429;1814;10751;1077;437;640;354;251;103;23;10;13;15;5;10;14;6;8;22;9;13;280;221;59;116.0;115.0;38.0;73.0;530.0;582.0;920
5641;Heythuysen;2007;12095;2890;7365;1840;10680;1074;437;637;341;233;108;23;9;14;15;4;11;14;7;7;24;10;14;265;203;62;123.0;93.0;31.0;64.0;500.0;582.0;920
5642;Heythuysen;2008;12013;2821;7286;1906;10594;1067;418;649;352;239;113;22;9;13;15;4;11;15;7;8;27;11;16;273;208;65;118.0;106.0;42.0;60.0;506.0;568.0;920
5643;Heythuysen;2009;11942;2760;7218;1964;10526;1057;409;648;359;241;118;27;13;14;17;5;12;16;8;8;29;11;18;270;204;66;115.0;99.0;42.0;59.0;495.0;570.0;920
5644;Heythuysen;2010;11866;2725;7117;2024;10464;1048;400;648;354;231;123;27;12;15;19;8;11;16;8;8;33;13;20;259;190;69;108.0;113.0;48.0;64.0;503.0;563.0;920
5645;Heythuysen;2011;11784;2660;7068;2056;10369;1057;397;660;358;234;124;29;12;17;18;8;10;19;11;8;32;13;19;260;190;70;107.0;111.0;36.0;70.0;525.0;552.0;920
5646;Heythuysen;2012;11719;2590;7004;2125;10285;1078;405;673;356;230;126;26;11;15;20;10;10;22;12;10;34;13;21;254;184;70;115.0;105.0;27.0;54.0;501.0;553.0;920
5647;Heythuysen;2013;11650;2569;6858;2223;10220;1071;404;667;359;226;133;27;13;14;21;10;11;24;13;11;36;12;24;251;178;73;88.0;112.0;35.0;62.0;524.0;543.0;920
5648;Heythuysen;2014;11577;2509;6772;2296;10142;1079;403;676;356;219;137;27;13;14;26;14;12;25;12;13;38;12;26;240;168;72;99.0;108.0;31.0;46.0;491.0;550.0;920
5649;Heythuysen;2015;11494;2476;6666;2352;10056;1082;403;679;356;212;144;27;11;16;26;12;14;23;12;11;41;13;28;239;164;75;96.0;124.0;33.0;47.0;496.0;539.0;920
5650;Heythuysen;2016;11411;2445;6543;2423;9981;1079;396;683;351;207;144;28;11;17;24;12;12;20;10;10;40;13;27;239;161;78;102.0;116.0;21.0;63.0;491.0;519.0;920
5651;Heythuysen;2017;11327;2390;6442;2495;9867;1093;405;688;367;208;159;27;9;18;27;13;14;20;8;12;42;14;28;251;164;87;108.0;117.0;33.0;60.0;494.0;526.0;920
5652;Heythuysen;2018;11258;2363;6365;2530;9788;1105;398;707;365;201;164;29;10;19;24;12;12;22;9;13;46;15;31;244;155;89;111.0;114.0;28.0;52.0;486.0;521.0;920
5653;Heythuysen;2019;11194;2351;6221;2622;9678;1126;405;721;390;211;179;32;11;21;24;12;12;24;9;15;50;15;35;260;164;96;118.0;131.0;24.0;41.0;480.0;522.0;920
5654;Heythuysen;2020;11122;2337;6112;2673;9605;1120;405;715;397;209;188;35;11;24;25;13;12;28;9;19;50;15;35;259;161;98;120.0;109.0;29.0;48.0;467.0;520.0;920
5655;Heythuysen;2021;11060;2323;6024;2713;9543;1114;406;708;403;216;187;38;14;24;26;15;11;30;10;20;50;14;36;259;163;96;112.0;128.0;37.0;56.0;497.0;517.0;920
5656;Heythuysen;2022;11008;2317;5935;2756;9470;1112;406;706;426;225;201;37;13;24;27;14;13;34;11;23;50;14;36;278;173;105;109.0;127.0;36.0;50.0;490.0;511.0;920
5657;Heythuysen;2023;10956;2293;5871;2792;9393;1115;409;706;448;235;213;38;16;22;30;15;15;38;12;26;52;14;38;290;178;112;115.0;135.0;32.0;48.0;481.0;507.0;920
5658;Heythuysen;2024;10891;2322;5727;2842;9315;1132;416;716;444;230;214;36;15;21;27;13;14;39;12;27;52;14;38;290;176;114;123.0;138.0;34.0;49.0;484.0;514.0;920
5659;Heythuysen;2025;10833;2324;5657;2852;9253;1129;413;716;451;241;210;35;15;20;31;15;16;40;12;28;56;16;40;289;183;106;;;;;;;920
5660;Hillegom;2006;20524;4914;12434;3176;17852;1681;733;948;991;565;426;108;48;60;69;35;34;95;52;43;225;109;116;494;321;173;210.0;210.0;73.0;104.0;819.0;749.0;534
5661;Hillegom;2007;20564;4844;12501;3219;17813;1721;743;978;1030;579;451;123;51;72;74;39;35;98;52;46;229;108;121;506;329;177;202.0;221.0;76.0;94.0;864.0;752.0;534
5662;Hillegom;2008;20637;4781;12588;3268;17816;1768;767;1001;1053;590;463;130;57;73;72;41;31;100;53;47;234;109;125;517;330;187;189.0;214.0;76.0;95.0;879.0;770.0;534
5663;Hillegom;2009;20708;4709;12646;3353;17816;1804;778;1026;1088;604;484;138;62;76;70;37;33;101;52;49;238;106;132;541;347;194;218.0;212.0;81.0;111.0;883.0;766.0;534
5664;Hillegom;2010;20804;4695;12664;3445;17805;1857;804;1053;1142;638;504;147;66;81;76;43;33;102;51;51;244;106;138;573;372;201;205.0;211.0;92.0;92.0;881.0;783.0;534
5665;Hillegom;2011;20897;4668;12728;3501;17808;1895;825;1070;1194;667;527;157;68;89;81;47;34;104;50;54;250;106;144;602;396;206;216.0;231.0;105.0;87.0;863.0;787.0;534
5666;Hillegom;2012;20977;4608;12698;3671;17793;1949;839;1110;1235;684;551;166;70;96;85;51;34;108;52;56;254;108;146;622;403;219;204.0;223.0;98.0;92.0;878.0;773.0;534
5667;Hillegom;2013;21072;4585;12660;3827;17804;1982;852;1130;1286;711;575;174;71;103;95;57;38;112;55;57;259;109;150;646;419;227;213.0;220.0;84.0;100.0;902.0;786.0;534
5668;Hillegom;2014;21168;4605;12659;3904;17809;2022;873;1149;1337;735;602;189;75;114;101;60;41;116;57;59;264;109;155;667;434;233;215.0;222.0;101.0;96.0;863.0;776.0;534
5669;Hillegom;2015;21253;4634;12602;4017;17813;2052;886;1166;1388;753;635;190;70;120;111;67;44;116;56;60;266;107;159;705;453;252;218.0;236.0;82.0;98.0;906.0;784.0;534
5670;Hillegom;2016;21339;4645;12560;4134;17809;2079;911;1168;1451;784;667;198;73;125;123;73;50;121;57;64;277;111;166;732;470;262;240.0;225.0;84.0;97.0;855.0;786.0;534
5671;Hillegom;2017;21411;4686;12485;4240;17797;2125;929;1196;1489;809;680;201;74;127;126;73;53;124;60;64;285;116;169;753;486;267;223.0;227.0;70.0;104.0;905.0;778.0;534
5672;Hillegom;2018;21502;4699;12442;4361;17798;2176;963;1213;1528;815;713;210;77;133;131;74;57;126;59;67;304;121;183;757;484;273;230.0;235.0;83.0;90.0;886.0;798.0;534
5673;Hillegom;2019;21582;4686;12445;4451;17804;2224;987;1237;1554;842;712;215;75;140;135;78;57;125;62;63;307;124;183;772;503;269;229.0;235.0;83.0;95.0;882.0;792.0;534
5674;Hillegom;2020;21653;4706;12369;4578;17776;2267;1005;1262;1610;865;745;229;85;144;141;82;59;131;62;69;310;124;186;799;512;287;228.0;257.0;85.0;112.0;915.0;797.0;534
5675;Hillegom;2021;21718;4709;12330;4679;17771;2297;1018;1279;1650;882;768;234;88;146;152;87;65;134;63;71;314;122;192;816;522;294;219.0;255.0;84.0;121.0;956.0;801.0;534
5676;Hillegom;2022;21799;4697;12356;4746;17750;2349;1044;1305;1700;908;792;241;88;153;161;93;68;144;67;77;310;121;189;844;539;305;225.0;254.0;90.0;121.0;941.0;811.0;534
5677;Hillegom;2023;21869;4692;12367;4810;17737;2398;1073;1325;1734;928;806;252;92;160;163;94;69;145;68;77;305;119;186;869;555;314;246.0;259.0;77.0;101.0;920.0;817.0;534
5678;Hillegom;2024;21937;4685;12350;4902;17754;2400;1081;1319;1783;945;838;260;94;166;177;99;78;150;68;82;309;120;189;887;564;323;247.0;261.0;77.0;85.0;900.0;807.0;534
5679;Hillegom;2025;22010;4746;12288;4976;17741;2452;1087;1365;1817;956;861;269;96;173;178;101;77;143;65;78;318;121;197;909;573;336;;;;;;;534
5680;Hilvarenbeek;2006;15142;3990;9116;2036;14144;798;247;551;200;128;72;23;7;16;15;4;11;8;5;3;8;4;4;146;108;38;153.0;98.0;25.0;34.0;340.0;329.0;798
5681;Hilvarenbeek;2007;15199;3971;9086;2142;14151;827;262;565;221;140;81;24;8;16;18;6;12;13;6;7;8;4;4;158;116;42;136.0;110.0;30.0;41.0;327.0;333.0;798
5682;Hilvarenbeek;2008;15207;3937;9013;2257;14131;838;270;568;238;149;89;24;7;17;20;6;14;15;7;8;9;4;5;170;125;45;147.0;126.0;28.0;40.0;332.0;330.0;798
5683;Hilvarenbeek;2009;15217;3890;8997;2330;14107;847;273;574;263;162;101;29;10;19;24;8;16;15;7;8;12;4;8;183;133;50;132.0;117.0;26.0;34.0;340.0;339.0;798
5684;Hilvarenbeek;2010;15227;3801;9010;2416;14081;874;285;589;272;165;107;31;11;20;23;7;16;16;8;8;14;5;9;188;134;54;165.0;125.0;27.0;46.0;324.0;342.0;798
5685;Hilvarenbeek;2011;15229;3750;8957;2522;14061;887;291;596;281;172;109;32;12;20;24;8;16;16;8;8;14;5;9;195;139;56;120.0;113.0;23.0;38.0;350.0;349.0;798
5686;Hilvarenbeek;2012;15224;3627;8936;2661;14032;901;300;601;291;174;117;33;13;20;25;10;15;18;10;8;20;6;14;195;135;60;132.0;123.0;41.0;53.0;348.0;347.0;798
5687;Hilvarenbeek;2013;15222;3552;8910;2760;14004;911;298;613;307;179;128;36;16;20;30;10;20;22;10;12;25;8;17;194;135;59;120.0;127.0;26.0;32.0;363.0;351.0;798
5688;Hilvarenbeek;2014;15221;3458;8915;2848;13985;915;304;611;321;187;134;37;17;20;31;11;20;24;11;13;28;9;19;201;139;62;136.0;144.0;31.0;37.0;364.0;357.0;798
5689;Hilvarenbeek;2015;15216;3384;8889;2943;13945;932;313;619;339;201;138;38;18;20;33;13;20;26;12;14;31;10;21;211;148;63;137.0;135.0;33.0;41.0;350.0;353.0;798
5690;Hilvarenbeek;2016;15209;3326;8870;3013;13897;950;326;624;362;215;147;41;20;21;36;14;22;27;13;14;32;10;22;226;158;68;137.0;153.0;23.0;40.0;382.0;358.0;798
5691;Hilvarenbeek;2017;15199;3244;8862;3093;13873;951;327;624;375;225;150;42;21;21;34;14;20;29;13;16;32;10;22;238;167;71;151.0;148.0;33.0;35.0;354.0;360.0;798
5692;Hilvarenbeek;2018;15193;3217;8820;3156;13823;971;342;629;399;238;161;46;22;24;38;17;21;30;13;17;34;11;23;251;175;76;147.0;153.0;29.0;54.0;385.0;358.0;798
5693;Hilvarenbeek;2019;15186;3180;8774;3232;13799;973;342;631;414;245;169;48;23;25;39;19;20;33;14;19;38;11;27;256;178;78;157.0;151.0;35.0;44.0;359.0;352.0;798
5694;Hilvarenbeek;2020;15190;3131;8747;3312;13764;988;341;647;438;252;186;54;25;29;41;19;22;37;17;20;40;12;28;266;179;87;157.0;170.0;21.0;34.0;366.0;350.0;798
5695;Hilvarenbeek;2021;15181;3086;8718;3377;13737;988;343;645;456;260;196;57;26;31;43;20;23;38;17;21;39;12;27;279;185;94;167.0;162.0;28.0;38.0;352.0;350.0;798
5696;Hilvarenbeek;2022;15176;3062;8675;3439;13700;990;352;638;486;274;212;58;26;32;47;23;24;39;18;21;44;13;31;298;194;104;155.0;175.0;32.0;34.0;364.0;354.0;798
5697;Hilvarenbeek;2023;15165;3059;8585;3521;13669;995;354;641;501;281;220;59;28;31;46;23;23;42;18;24;45;14;31;309;198;111;165.0;175.0;36.0;47.0;347.0;339.0;798
5698;Hilvarenbeek;2024;15154;3078;8471;3605;13630;1011;357;654;513;283;230;62;29;33;46;23;23;43;17;26;47;16;31;315;198;117;175.0;176.0;30.0;34.0;336.0;347.0;798
5699;Hilvarenbeek;2025;15138;3089;8364;3685;13614;1001;359;642;523;285;238;64;30;34;46;22;24;45;17;28;47;15;32;321;201;120;;;;;;;798
5700;Hilversum;2006;83167;18493;49964;14710;66250;8820;3540;5280;8097;4683;3414;670;304;366;484;222;262;2177;1162;1015;2153;1303;850;2613;1692;921;940.0;890.0;656.0;952.0;3572.0;3551.0;402
5701;Hilversum;2007;82945;18604;49730;14611;66048;8687;3415;5272;8210;4680;3530;705;317;388;471;205;266;2187;1153;1034;2192;1306;886;2655;1699;956;900.0;869.0;672.0;921.0;3579.0;3522.0;402
5702;Hilversum;2008;82782;18685;49577;14520;65868;8602;3296;5306;8312;4680;3632;724;318;406;479;200;279;2180;1146;1034;2230;1310;920;2699;1706;993;880.0;844.0;699.0;912.0;3515.0;3509.0;402
5703;Hilversum;2009;82614;18771;49286;14557;65674;8523;3221;5302;8417;4678;3739;751;322;429;477;204;273;2177;1135;1042;2266;1308;958;2746;1709;1037;858.0;860.0;670.0;884.0;3530.0;3498.0;402
5704;Hilversum;2010;82430;18791;48985;14654;65482;8419;3140;5279;8529;4668;3861;783;323;460;472;202;270;2175;1126;1049;2307;1298;1009;2792;1719;1073;848.0;862.0;676.0;841.0;3477.0;3484.0;402
5705;Hilversum;2011;82245;18778;48888;14579;65253;8356;3100;5256;8636;4659;3977;813;338;475;469;206;263;2169;1108;1061;2344;1292;1052;2841;1715;1126;816.0;855.0;683.0;856.0;3469.0;3458.0;402
5706;Hilversum;2012;82050;18717;48365;14968;65069;8300;3055;5245;8681;4638;4043;836;352;484;463;206;257;2164;1096;1068;2375;1294;1081;2843;1690;1153;813.0;850.0;665.0;827.0;3482.0;3449.0;402
5707;Hilversum;2013;81885;18633;47896;15356;64856;8259;3006;5253;8770;4653;4117;875;364;511;469;216;253;2120;1069;1051;2427;1306;1121;2879;1698;1181;802.0;849.0;675.0;821.0;3453.0;3444.0;402
5708;Hilversum;2014;81703;18588;47543;15572;64592;8224;2990;5234;8887;4678;4209;896;381;515;479;229;250;2130;1067;1063;2450;1302;1148;2932;1699;1233;778.0;842.0;640.0;813.0;3496.0;3438.0;402
5709;Hilversum;2015;81531;18493;47230;15808;64406;8161;2952;5209;8964;4670;4294;937;396;541;485;241;244;2109;1044;1065;2486;1285;1201;2947;1704;1243;756.0;848.0;647.0;761.0;3463.0;3429.0;402
5710;Hilversum;2016;81363;18382;47073;15908;64164;8142;2916;5226;9057;4682;4375;968;410;558;496;252;244;2107;1035;1072;2518;1285;1233;2968;1700;1268;781.0;837.0;624.0;772.0;3494.0;3437.0;402
5711;Hilversum;2017;81223;18278;46801;16144;63957;8130;2918;5212;9136;4664;4472;967;409;558;486;250;236;2138;1040;1098;2530;1256;1274;3015;1709;1306;778.0;840.0;619.0;752.0;3464.0;3432.0;402
5712;Hilversum;2018;81066;18164;46612;16290;63726;8105;2907;5198;9235;4706;4529;989;426;563;506;256;250;2144;1044;1100;2521;1234;1287;3075;1746;1329;779.0;843.0;622.0;726.0;3457.0;3450.0;402
5713;Hilversum;2019;80912;18009;46402;16501;63496;8036;2866;5170;9380;4769;4611;1022;441;581;519;273;246;2133;1031;1102;2556;1236;1320;3150;1788;1362;775.0;839.0;615.0;729.0;3516.0;3447.0;402
5714;Hilversum;2020;80811;17888;46301;16622;63284;8063;2879;5184;9464;4800;4664;1040;450;590;539;276;263;2106;1021;1085;2557;1227;1330;3222;1826;1396;767.0;855.0;626.0;727.0;3576.0;3478.0;402
5715;Hilversum;2021;80720;17706;46256;16758;63122;8045;2905;5140;9553;4831;4722;1072;469;603;555;281;274;2092;1011;1081;2585;1227;1358;3249;1843;1406;790.0;844.0;614.0;716.0;3565.0;3495.0;402
5716;Hilversum;2022;80640;17566;46201;16873;62943;8064;2915;5149;9633;4838;4795;1069;469;600;558;280;278;2069;991;1078;2597;1218;1379;3340;1880;1460;786.0;848.0;634.0;699.0;3549.0;3504.0;402
5717;Hilversum;2023;80562;17376;46097;17089;62802;8031;2913;5118;9729;4858;4871;1080;469;611;561;284;277;2067;977;1090;2611;1218;1393;3410;1910;1500;790.0;851.0;639.0;728.0;3598.0;3510.0;402
5718;Hilversum;2024;80509;17184;45946;17379;62612;8083;2955;5128;9814;4889;4925;1104;473;631;557;281;276;2070;983;1087;2599;1200;1399;3484;1952;1532;781.0;871.0;634.0;728.0;3653.0;3520.0;402
5719;Hilversum;2025;80463;17030;45802;17631;62521;8014;2951;5063;9928;4924;5004;1108;469;639;559;288;271;2048;963;1085;2613;1200;1413;3600;2004;1596;;;;;;;402
5720;Hof van Twente;2006;34797;8477;20221;6099;31854;1877;643;1234;1066;703;363;46;19;27;34;21;13;399;210;189;15;9;6;572;444;128;368.0;373.0;41.0;101.0;985.0;909.0;1735
5721;Hof van Twente;2007;34810;8401;20237;6172;31861;1878;641;1237;1071;700;371;52;23;29;37;23;14;397;211;186;15;9;6;570;434;136;348.0;381.0;52.0;86.0;987.0;910.0;1735
5722;Hof van Twente;2008;34826;8342;20237;6247;31828;1897;646;1251;1101;719;382;57;25;32;43;28;15;394;212;182;18;10;8;589;444;145;337.0;394.0;51.0;96.0;1011.0;920.0;1735
5723;Hof van Twente;2009;34815;8251;20248;6316;31810;1903;648;1255;1102;712;390;67;30;37;41;25;16;388;207;181;19;10;9;587;440;147;329.0;374.0;62.0;89.0;998.0;931.0;1735
5724;Hof van Twente;2010;34812;8137;20249;6426;31790;1933;668;1265;1089;710;379;69;32;37;43;25;18;385;208;177;23;12;11;569;433;136;334.0;376.0;52.0;89.0;1014.0;946.0;1735
5725;Hof van Twente;2011;34804;8051;20226;6527;31781;1917;659;1258;1106;717;389;74;33;41;42;25;17;381;204;177;28;15;13;581;440;141;329.0;383.0;53.0;105.0;1028.0;944.0;1735
5726;Hof van Twente;2012;34783;7949;20101;6733;31728;1931;659;1272;1124;720;404;78;33;45;42;26;16;382;201;181;33;16;17;589;444;145;335.0;387.0;63.0;77.0;1008.0;951.0;1735
5727;Hof van Twente;2013;34778;7854;20012;6912;31692;1942;672;1270;1144;742;402;79;33;46;43;26;17;373;204;169;37;18;19;612;461;151;330.0;391.0;56.0;88.0;1047.0;967.0;1735
5728;Hof van Twente;2014;34768;7729;19993;7046;31656;1955;680;1275;1157;750;407;79;33;46;44;28;16;370;201;169;39;20;19;625;468;157;341.0;399.0;59.0;82.0;1028.0;960.0;1735
5729;Hof van Twente;2015;34761;7631;19946;7184;31624;1938;682;1256;1199;774;425;85;35;50;48;31;17;365;199;166;40;20;20;661;489;172;367.0;393.0;47.0;80.0;1007.0;977.0;1735
5730;Hof van Twente;2016;34735;7576;19905;7254;31614;1915;672;1243;1206;766;440;89;36;53;49;32;17;372;202;170;41;19;22;655;477;178;371.0;413.0;57.0;87.0;1022.0;978.0;1735
5731;Hof van Twente;2017;34711;7531;19873;7307;31572;1936;688;1248;1203;747;456;90;35;55;49;32;17;370;199;171;46;19;27;648;462;186;370.0;405.0;54.0;79.0;1024.0;976.0;1735
5732;Hof van Twente;2018;34703;7458;19869;7376;31571;1919;691;1228;1213;750;463;94;36;58;53;33;20;366;201;165;49;21;28;651;459;192;398.0;412.0;47.0;86.0;1011.0;973.0;1735
5733;Hof van Twente;2019;34698;7417;19847;7434;31537;1936;701;1235;1225;752;473;93;35;58;56;35;21;365;195;170;54;24;30;657;463;194;391.0;422.0;52.0;80.0;1043.0;986.0;1735
5734;Hof van Twente;2020;34702;7374;19872;7456;31505;1934;698;1236;1263;779;484;93;34;59;58;36;22;363;194;169;60;25;35;689;490;199;413.0;423.0;47.0;86.0;1021.0;984.0;1735
5735;Hof van Twente;2021;34697;7344;19866;7487;31476;1920;695;1225;1301;799;502;99;38;61;59;38;21;374;199;175;65;26;39;704;498;206;407.0;428.0;47.0;91.0;1024.0;971.0;1735
5736;Hof van Twente;2022;34690;7324;19828;7538;31449;1929;719;1210;1312;806;506;105;41;64;64;39;25;364;198;166;68;27;41;711;501;210;421.0;424.0;43.0;85.0;991.0;967.0;1735
5737;Hof van Twente;2023;34676;7343;19755;7578;31401;1925;723;1202;1350;829;521;110;42;68;65;37;28;361;194;167;72;30;42;742;526;216;431.0;432.0;51.0;80.0;982.0;963.0;1735
5738;Hof van Twente;2024;34671;7366;19662;7643;31375;1934;732;1202;1362;820;542;116;44;72;66;39;27;357;190;167;78;31;47;745;516;229;424.0;437.0;52.0;76.0;994.0;968.0;1735
5739;Hof van Twente;2025;34664;7424;19538;7702;31345;1928;722;1206;1391;841;550;124;49;75;67;37;30;356;188;168;87;33;54;757;534;223;;;;;;;1735
5740;Hoogeveen;2006;54503;13590;32225;8688;49677;2959;1131;1828;1867;1123;744;206;94;112;130;66;64;283;143;140;77;44;33;1171;776;395;669.0;497.0;59.0;117.0;1468.0;1332.0;118
5741;Hoogeveen;2007;54759;13534;32380;8845;49874;2983;1135;1848;1902;1116;786;217;100;117;135;69;66;291;141;150;78;42;36;1181;764;417;682.0;501.0;55.0;120.0;1265.0;1324.0;118
5742;Hoogeveen;2008;54823;13515;32320;8988;49914;2971;1120;1851;1938;1120;818;230;107;123;140;68;72;289;140;149;80;43;37;1199;762;437;683.0;519.0;57.0;126.0;1248.0;1312.0;118
5743;Hoogeveen;2009;54860;13509;32176;9175;49939;2964;1114;1850;1957;1127;830;238;109;129;141;68;73;293;140;153;84;45;39;1201;765;436;656.0;531.0;68.0;119.0;1240.0;1301.0;118
5744;Hoogeveen;2010;54882;13472;32065;9345;49948;2945;1095;1850;1989;1140;849;246;108;138;148;74;74;299;147;152;86;46;40;1210;765;445;646.0;529.0;55.0;118.0;1242.0;1283.0;118
5745;Hoogeveen;2011;54903;13430;31910;9563;49945;2964;1101;1863;1994;1139;855;252;107;145;141;75;66;301;150;151;86;47;39;1214;760;454;636.0;552.0;52.0;113.0;1252.0;1277.0;118
5746;Hoogeveen;2012;54908;13427;31536;9945;49919;2952;1096;1856;2037;1149;888;260;110;150;139;72;67;306;151;155;88;47;41;1244;769;475;626.0;548.0;50.0;129.0;1271.0;1264.0;118
5747;Hoogeveen;2013;54921;13382;31251;10288;49901;2953;1102;1851;2067;1148;919;268;114;154;141;72;69;313;151;162;94;47;47;1251;764;487;626.0;578.0;64.0;122.0;1263.0;1257.0;118
5748;Hoogeveen;2014;54922;13352;30997;10573;49883;2948;1101;1847;2091;1148;943;274;115;159;144;74;70;315;152;163;96;49;47;1262;758;504;650.0;569.0;51.0;121.0;1262.0;1253.0;118
5749;Hoogeveen;2015;54942;13357;30794;10791;49867;2954;1097;1857;2121;1167;954;271;117;154;146;78;68;317;155;162;101;52;49;1286;765;521;611.0;570.0;62.0;131.0;1272.0;1247.0;118
5750;Hoogeveen;2016;54943;13339;30614;10990;49837;2948;1100;1848;2158;1200;958;267;121;146;149;83;66;320;157;163;103;54;49;1319;785;534;602.0;563.0;39.0;103.0;1274.0;1253.0;118
5751;Hoogeveen;2017;54942;13269;30468;11205;49786;2966;1109;1857;2190;1229;961;273;125;148;156;85;71;322;159;163;108;57;51;1331;803;528;615.0;600.0;54.0;120.0;1303.0;1255.0;118
5752;Hoogeveen;2018;54946;13199;30340;11407;49759;2989;1112;1877;2198;1238;960;274;126;148;164;89;75;320;157;163;113;61;52;1327;805;522;577.0;588.0;47.0;108.0;1316.0;1248.0;118
5753;Hoogeveen;2019;54940;13105;30226;11609;49723;3011;1109;1902;2206;1236;970;289;130;159;172;95;77;315;156;159;122;67;55;1308;788;520;621.0;605.0;45.0;105.0;1279.0;1247.0;118
5754;Hoogeveen;2020;54933;12990;30104;11839;49712;3001;1123;1878;2220;1256;964;294;136;158;177;100;77;310;152;158;121;68;53;1318;800;518;639.0;600.0;49.0;99.0;1265.0;1253.0;118
5755;Hoogeveen;2021;54941;12941;29990;12010;49672;3021;1131;1890;2248;1277;971;312;146;166;175;100;75;307;155;152;126;69;57;1328;807;521;621.0;626.0;40.0;113.0;1311.0;1250.0;118
5756;Hoogeveen;2022;54931;12877;29873;12181;49622;3015;1134;1881;2294;1300;994;320;148;172;186;106;80;313;157;156;130;71;59;1345;818;527;633.0;630.0;48.0;111.0;1313.0;1257.0;118
5757;Hoogeveen;2023;54931;12848;29686;12397;49577;3051;1148;1903;2303;1303;1000;329;155;174;193;112;81;319;159;160;133;70;63;1329;807;522;625.0;632.0;55.0;113.0;1313.0;1257.0;118
5758;Hoogeveen;2024;54924;12834;29533;12557;49504;3077;1158;1919;2343;1329;1014;334;156;178;202;120;82;321;158;163;140;70;70;1346;825;521;615.0;656.0;45.0;103.0;1322.0;1259.0;118
5759;Hoogeveen;2025;54895;12759;29439;12697;49462;3084;1170;1914;2349;1338;1011;342;156;186;210;125;85;323;158;165;136;71;65;1338;828;510;;;;;;;118
5760;Hoogezand-Sappemeer;2006;34229;8059;20691;5479;28425;2254;891;1363;3550;2074;1476;1375;820;555;306;196;110;1039;567;472;246;112;134;584;379;205;380.0;363.0;149.0;118.0;1144.0;1195.0;18
5761;Hoogezand-Sappemeer;2007;34227;8070;20654;5503;28376;2276;900;1376;3575;2074;1501;1351;798;553;323;201;122;1044;566;478;244;113;131;613;396;217;362.0;360.0;150.0;145.0;1376.0;1203.0;18
5762;Hoogezand-Sappemeer;2008;34409;8093;20716;5600;28503;2311;918;1393;3595;2078;1517;1347;783;564;313;197;116;1049;569;480;254;120;134;632;409;223;347.0;365.0;173.0;121.0;1436.0;1210.0;18
5763;Hoogezand-Sappemeer;2009;34673;8095;20835;5743;28680;2379;954;1425;3614;2063;1551;1323;759;564;315;198;117;1065;574;491;261;123;138;650;409;241;358.0;371.0;183.0;109.0;1450.0;1216.0;18
5764;Hoogezand-Sappemeer;2010;34971;8131;20963;5877;28848;2433;1008;1425;3690;2123;1567;1317;754;563;316;197;119;1086;586;500;271;128;143;700;458;242;376.0;372.0;208.0;129.0;1446.0;1239.0;18
5765;Hoogezand-Sappemeer;2011;35263;8145;21078;6040;29029;2516;1060;1456;3718;2151;1567;1292;753;539;319;201;118;1098;580;518;276;129;147;733;488;245;357.0;375.0;245.0;107.0;1434.0;1247.0;18
5766;Hoogezand-Sappemeer;2012;35571;8171;21115;6285;29196;2603;1120;1483;3772;2193;1579;1289;744;545;323;205;118;1106;589;517;279;129;150;775;526;249;391.0;383.0;242.0;140.0;1466.0;1266.0;18
5767;Hoogezand-Sappemeer;2013;35885;8268;21086;6531;29363;2674;1188;1486;3848;2235;1613;1297;746;551;335;214;121;1126;591;535;279;130;149;811;554;257;385.0;399.0;245.0;128.0;1485.0;1277.0;18
5768;Hoogezand-Sappemeer;2014;36199;8338;21152;6709;29534;2771;1265;1506;3894;2262;1632;1274;732;542;333;213;120;1145;590;555;272;122;150;870;605;265;401.0;393.0;257.0;147.0;1500.0;1304.0;18
5769;Hoogezand-Sappemeer;2015;36519;8402;21249;6868;29710;2852;1344;1508;3957;2296;1661;1259;726;533;343;227;116;1166;595;571;274;121;153;915;627;288;396.0;400.0;257.0;137.0;1506.0;1316.0;18
5770;Hoogezand-Sappemeer;2016;36830;8470;21342;7018;29873;2939;1410;1529;4018;2314;1704;1245;722;523;348;228;120;1185;592;593;277;120;157;963;652;311;398.0;423.0;278.0;150.0;1515.0;1325.0;18
5771;Hoogezand-Sappemeer;2017;37130;8531;21462;7137;30036;3027;1498;1529;4067;2335;1732;1232;705;527;353;237;116;1200;598;602;271;118;153;1011;677;334;421.0;418.0;277.0;160.0;1506.0;1329.0;18
5772;Hoogezand-Sappemeer;2018;37432;8628;21522;7282;30160;3154;1590;1564;4118;2364;1754;1219;694;525;357;236;121;1209;600;609;272;118;154;1061;716;345;451.0;422.0;292.0;171.0;1494.0;1358.0;18
5773;Hoogezand-Sappemeer;2019;37723;8737;21532;7454;30296;3265;1672;1593;4162;2393;1769;1205;690;515;365;246;119;1209;599;610;277;119;158;1106;739;367;432.0;446.0;277.0;172.0;1555.0;1373.0;18
5774;Hoogezand-Sappemeer;2020;37998;8812;21623;7563;30416;3345;1733;1612;4237;2442;1795;1177;682;495;377;253;124;1222;600;622;274;120;154;1187;787;400;417.0;440.0;295.0;168.0;1538.0;1379.0;18
5775;Hoogezand-Sappemeer;2021;38261;8866;21680;7715;30497;3444;1815;1629;4320;2489;1831;1157;675;482;403;275;128;1231;600;631;279;121;158;1250;818;432;438.0;441.0;297.0;159.0;1516.0;1388.0;18
5776;Hoogezand-Sappemeer;2022;38526;8969;21742;7815;30617;3521;1886;1635;4388;2536;1852;1152;672;480;420;290;130;1245;609;636;284;123;161;1287;842;445;437.0;461.0;305.0;162.0;1510.0;1392.0;18
5777;Hoogezand-Sappemeer;2023;38764;9049;21794;7921;30704;3624;1980;1644;4436;2585;1851;1129;669;460;433;302;131;1264;615;649;287;125;162;1323;874;449;427.0;481.0;294.0;167.0;1577.0;1415.0;18
5778;Hoogezand-Sappemeer;2024;39001;9143;21810;8048;30819;3673;2038;1635;4509;2643;1866;1117;657;460;452;313;139;1267;622;645;285;123;162;1388;928;460;422.0;500.0;328.0;175.0;1557.0;1421.0;18
5779;Hoogezand-Sappemeer;2025;39218;9225;21794;8199;30844;3763;2099;1664;4611;2702;1909;1110;650;460;479;333;146;1285;633;652;286;125;161;1451;961;490;;;;;;;18
5780;Hoorn;2006;68241;17570;42725;7946;55544;5025;1916;3109;7672;4267;3405;1885;980;905;760;447;313;1414;720;694;1134;595;539;2479;1525;954;843.0;534.0;217.0;356.0;2459.0;2541.0;405
5781;Hoorn;2007;68330;17525;42742;8063;55687;4920;1875;3045;7723;4263;3460;1877;972;905;748;437;311;1421;719;702;1179;598;581;2498;1537;961;817.0;536.0;221.0;308.0;2339.0;2517.0;405
5782;Hoorn;2008;68352;17379;42747;8226;55751;4882;1873;3009;7719;4220;3499;1849;959;890;742;441;301;1442;715;727;1181;583;598;2505;1522;983;803.0;525.0;258.0;332.0;2280.0;2486.0;405
5783;Hoorn;2009;68352;17261;42649;8442;55761;4817;1862;2955;7774;4213;3561;1833;953;880;748;446;302;1455;708;747;1206;587;619;2532;1519;1013;780.0;543.0;251.0;337.0;2257.0;2472.0;405
5784;Hoorn;2010;68293;17183;42387;8723;55761;4739;1847;2892;7793;4195;3598;1796;937;859;753;451;302;1455;700;755;1214;579;635;2575;1528;1047;743.0;531.0;231.0;329.0;2261.0;2448.0;405
5785;Hoorn;2011;68225;17024;42225;8976;55744;4716;1864;2852;7765;4168;3597;1779;928;851;728;427;301;1468;712;756;1204;566;638;2586;1535;1051;733.0;537.0;217.0;321.0;2266.0;2418.0;405
5786;Hoorn;2012;68167;16846;41760;9561;55759;4664;1856;2808;7744;4158;3586;1767;923;844;727;423;304;1464;706;758;1213;574;639;2573;1532;1041;706.0;555.0;213.0;317.0;2291.0;2414.0;405
5787;Hoorn;2013;68086;16718;41233;10135;55789;4563;1820;2743;7734;4161;3573;1740;918;822;698;407;291;1461;709;752;1219;580;639;2616;1547;1069;696.0;537.0;235.0;292.0;2223.0;2381.0;405
5788;Hoorn;2014;68032;16516;40842;10674;55751;4578;1847;2731;7703;4134;3569;1719;909;810;698;405;293;1453;706;747;1235;585;650;2598;1529;1069;677.0;573.0;226.0;315.0;2291.0;2364.0;405
5789;Hoorn;2015;67973;16336;40517;11120;55751;4583;1863;2720;7639;4077;3562;1694;899;795;680;386;294;1456;700;756;1234;587;647;2575;1505;1070;667.0;597.0;207.0;293.0;2335.0;2366.0;405
5790;Hoorn;2016;67927;16188;40234;11505;55749;4562;1901;2661;7616;4044;3572;1684;884;800;679;378;301;1436;693;743;1226;588;638;2591;1501;1090;674.0;593.0;218.0;278.0;2303.0;2355.0;405
5791;Hoorn;2017;67895;16051;39952;11892;55694;4551;1912;2639;7650;4071;3579;1650;870;780;689;380;309;1434;696;738;1238;594;644;2639;1531;1108;645.0;602.0;208.0;273.0;2348.0;2368.0;405
5792;Hoorn;2018;67851;15854;39714;12283;55650;4543;1931;2612;7658;4065;3593;1632;851;781;676;370;306;1432;698;734;1244;592;652;2674;1554;1120;662.0;616.0;206.0;266.0;2341.0;2364.0;405
5793;Hoorn;2019;67811;15663;39519;12629;55597;4551;1953;2598;7663;4085;3578;1612;842;770;666;373;293;1435;699;736;1236;589;647;2714;1582;1132;673.0;602.0;227.0;286.0;2346.0;2378.0;405
5794;Hoorn;2020;67791;15433;39308;13050;55568;4563;1971;2592;7660;4066;3594;1609;834;775;667;373;294;1436;705;731;1231;579;652;2717;1575;1142;686.0;648.0;225.0;270.0;2378.0;2385.0;405
5795;Hoorn;2021;67781;15192;39141;13448;55545;4574;1998;2576;7662;4052;3610;1591;818;773;678;369;309;1429;702;727;1235;583;652;2729;1580;1149;669.0;650.0;223.0;291.0;2418.0;2384.0;405
5796;Hoorn;2022;67769;14921;39075;13773;55592;4567;2016;2551;7610;4013;3597;1563;801;762;672;360;312;1429;706;723;1229;588;641;2717;1558;1159;669.0;655.0;224.0;271.0;2429.0;2398.0;405
5797;Hoorn;2023;67771;14730;38945;14096;55600;4554;2028;2526;7617;4024;3593;1530;778;752;683;363;320;1405;700;705;1236;589;647;2763;1594;1169;652.0;687.0;228.0;261.0;2467.0;2390.0;405
5798;Hoorn;2024;67786;14496;38927;14363;55567;4558;2052;2506;7661;4064;3597;1529;779;750;676;361;315;1401;702;699;1226;587;639;2829;1635;1194;683.0;685.0;195.0;268.0;2507.0;2403.0;405
5799;Hoorn;2025;67815;14356;38796;14663;55555;4586;2083;2503;7674;4071;3603;1507;772;735;674;355;319;1395;694;701;1216;583;633;2882;1667;1215;;;;;;;405
5800;Horst aan de Maas;2006;28785;7564;17112;4109;26472;1639;586;1053;674;418;256;59;27;32;29;10;19;74;44;30;73;30;43;439;307;132;287.0;250.0;53.0;72.0;632.0;694.0;1507
5801;Horst aan de Maas;2007;28743;7447;17102;4194;26403;1653;591;1062;687;423;264;60;26;34;33;11;22;78;46;32;77;34;43;439;306;133;273.0;244.0;50.0;76.0;633.0;702.0;1507
5802;Horst aan de Maas;2008;28676;7329;17041;4306;26306;1656;594;1062;714;432;282;62;28;34;37;14;23;83;45;38;84;36;48;448;309;139;267.0;244.0;43.0;81.0;645.0;705.0;1507
5803;Horst aan de Maas;2009;28601;7184;17006;4411;26206;1654;596;1058;741;451;290;68;29;39;36;15;21;80;43;37;89;36;53;468;328;140;268.0;233.0;52.0;73.0;634.0;714.0;1507
5804;Horst aan de Maas;2010;28535;7037;17005;4493;26113;1668;602;1066;754;461;293;68;28;40;37;16;21;84;45;39;92;35;57;473;337;136;259.0;262.0;46.0;66.0;659.0;713.0;1507
5805;Horst aan de Maas;2011;28461;6875;16980;4606;26002;1695;616;1079;764;459;305;69;27;42;41;18;23;83;43;40;97;38;59;474;333;141;247.0;261.0;49.0;67.0;670.0;722.0;1507
5806;Horst aan de Maas;2012;28382;6688;16941;4753;25889;1714;636;1078;779;459;320;70;27;43;40;17;23;85;44;41;100;37;63;484;334;150;257.0;266.0;51.0;79.0;655.0;725.0;1507
5807;Horst aan de Maas;2013;28285;6531;16838;4916;25771;1729;647;1082;785;458;327;72;28;44;39;17;22;88;41;47;103;39;64;483;333;150;240.0;281.0;54.0;76.0;696.0;726.0;1507
5808;Horst aan de Maas;2014;28199;6332;16813;5054;25665;1744;660;1084;790;455;335;73;28;45;44;22;22;88;41;47;102;37;65;483;327;156;259.0;269.0;41.0;66.0;669.0;719.0;1507
5809;Horst aan de Maas;2015;28117;6168;16748;5201;25556;1749;673;1076;812;470;342;74;29;45;45;24;21;91;42;49;100;37;63;502;338;164;264.0;269.0;47.0;81.0;668.0;720.0;1507
5810;Horst aan de Maas;2016;28028;6034;16660;5334;25419;1781;681;1100;828;480;348;72;30;42;45;23;22;98;45;53;104;37;67;509;345;164;275.0;272.0;50.0;72.0;662.0;722.0;1507
5811;Horst aan de Maas;2017;27951;5931;16521;5499;25313;1801;685;1116;837;483;354;74;30;44;49;27;22;98;47;51;105;38;67;511;341;170;281.0;295.0;69.0;69.0;654.0;726.0;1507
5812;Horst aan de Maas;2018;27864;5887;16346;5631;25189;1839;712;1127;836;476;360;73;30;43;48;27;21;103;49;54;108;37;71;504;333;171;287.0;299.0;45.0;68.0;664.0;721.0;1507
5813;Horst aan de Maas;2019;27775;5795;16234;5746;25067;1858;736;1122;850;475;375;72;28;44;52;28;24;105;47;58;109;36;73;512;336;176;290.0;307.0;46.0;74.0;674.0;723.0;1507
5814;Horst aan de Maas;2020;27684;5725;16061;5898;24951;1870;753;1117;863;478;385;74;29;45;53;30;23;111;50;61;110;36;74;515;333;182;288.0;314.0;42.0;52.0;664.0;711.0;1507
5815;Horst aan de Maas;2021;27601;5643;15964;5994;24829;1900;781;1119;872;488;384;73;30;43;54;28;26;113;52;61;112;34;78;520;344;176;300.0;315.0;46.0;79.0;653.0;702.0;1507
5816;Horst aan de Maas;2022;27507;5584;15769;6154;24706;1909;801;1108;892;488;404;72;27;45;57;29;28;114;51;63;117;32;85;532;349;183;310.0;319.0;50.0;65.0;638.0;706.0;1507
5817;Horst aan de Maas;2023;27418;5538;15596;6284;24595;1916;812;1104;907;495;412;73;29;44;56;28;28;110;49;61;117;32;85;551;357;194;305.0;319.0;45.0;73.0;656.0;698.0;1507
5818;Horst aan de Maas;2024;27335;5519;15424;6392;24504;1913;825;1088;918;499;419;72;29;43;57;28;29;113;49;64;121;33;88;555;360;195;303.0;322.0;47.0;60.0;635.0;682.0;1507
5819;Horst aan de Maas;2025;27258;5491;15268;6499;24400;1914;839;1075;944;508;436;78;32;46;56;28;28;117;49;68;118;32;86;575;367;208;;;;;;;1507
5820;Houten;2006;43949;13448;26753;3748;38400;2806;866;1940;2743;1529;1214;764;373;391;251;124;127;175;83;92;326;173;153;1227;776;451;611.0;208.0;86.0;158.0;1980.0;1377.0;321
5821;Houten;2007;44886;13379;27707;3800;39177;2836;890;1946;2873;1623;1250;797;397;400;259;133;126;185;91;94;346;185;161;1286;817;469;642.0;224.0;96.0;161.0;2013.0;1423.0;321
5822;Houten;2008;45832;13377;28612;3843;39905;2887;910;1977;3040;1711;1329;834;415;419;266;137;129;196;91;105;376;202;174;1368;866;502;632.0;225.0;95.0;162.0;2164.0;1493.0;321
5823;Houten;2009;46849;13355;29594;3900;40713;2939;955;1984;3197;1823;1374;859;434;425;277;144;133;215;99;116;412;218;194;1434;928;506;646.0;247.0;111.0;172.0;1889.0;1530.0;321
5824;Houten;2010;47549;13269;30253;4027;41233;2984;978;2006;3332;1913;1419;869;444;425;288;154;134;234;110;124;436;229;207;1505;976;529;670.0;238.0;118.0;183.0;1893.0;1563.0;321
5825;Houten;2011;48249;13266;30859;4124;41732;3037;1011;2026;3480;2002;1478;883;453;430;299;160;139;245;115;130;452;235;217;1601;1039;562;696.0;241.0;141.0;192.0;1893.0;1598.0;321
5826;Houten;2012;48952;13221;31346;4385;42236;3088;1047;2041;3628;2074;1554;915;466;449;312;166;146;258;121;137;479;248;231;1664;1073;591;696.0;246.0;140.0;172.0;1889.0;1623.0;321
5827;Houten;2013;49641;13278;31745;4618;42766;3139;1082;2057;3736;2134;1602;934;470;464;312;167;145;265;123;142;498;263;235;1727;1111;616;740.0;244.0;130.0;176.0;1853.0;1633.0;321
5828;Houten;2014;50313;13322;32115;4876;43316;3177;1137;2040;3820;2179;1641;919;464;455;312;167;145;276;123;153;520;273;247;1793;1152;641;738.0;257.0;141.0;182.0;1855.0;1650.0;321
5829;Houten;2015;50965;13430;32431;5104;43797;3237;1166;2071;3931;2245;1686;929;469;460;321;176;145;281;123;158;544;281;263;1856;1196;660;755.0;269.0;135.0;182.0;1843.0;1645.0;321
5830;Houten;2016;51606;13588;32634;5384;44286;3284;1209;2075;4036;2298;1738;937;472;465;336;184;152;280;122;158;563;293;270;1920;1227;693;804.0;278.0;130.0;201.0;1798.0;1637.0;321
5831;Houten;2017;52229;13734;32870;5625;44808;3302;1239;2063;4119;2347;1772;932;468;464;348;186;162;282;124;158;569;298;271;1988;1271;717;776.0;279.0;123.0;181.0;1804.0;1655.0;321
5832;Houten;2018;52827;13908;32982;5937;45319;3322;1274;2048;4186;2392;1794;954;477;477;344;183;161;289;125;164;584;310;274;2015;1297;718;812.0;278.0;130.0;182.0;1770.0;1671.0;321
5833;Houten;2019;53420;14010;33128;6282;45771;3360;1303;2057;4289;2446;1843;975;489;486;349;185;164;302;128;174;600;316;284;2063;1328;735;804.0;289.0;131.0;201.0;1768.0;1660.0;321
5834;Houten;2020;53983;14135;33187;6661;46221;3393;1332;2061;4369;2483;1886;980;485;495;349;187;162;305;124;181;607;320;287;2128;1367;761;822.0;292.0;136.0;191.0;1749.0;1693.0;321
5835;Houten;2021;54526;14206;33253;7067;46674;3410;1363;2047;4442;2526;1916;989;492;497;353;190;163;314;127;187;617;323;294;2169;1394;775;806.0;306.0;152.0;175.0;1750.0;1707.0;321
5836;Houten;2022;55054;14306;33211;7537;47114;3438;1397;2041;4502;2577;1925;997;503;494;360;193;167;316;131;185;626;324;302;2203;1426;777;809.0;310.0;140.0;196.0;1740.0;1707.0;321
5837;Houten;2023;55545;14385;33163;7997;47519;3440;1413;2027;4586;2626;1960;1002;508;494;363;194;169;325;136;189;647;331;316;2249;1457;792;806.0;319.0;132.0;180.0;1728.0;1709.0;321
5838;Houten;2024;56013;14467;33097;8449;47919;3434;1427;2007;4660;2672;1988;1025;519;506;348;186;162;328;135;193;651;332;319;2308;1500;808;798.0;338.0;142.0;207.0;1745.0;1730.0;321
5839;Houten;2025;56434;14527;32983;8924;48238;3443;1437;2006;4753;2718;2035;1040;528;512;357;195;162;336;139;197;656;327;329;2364;1529;835;;;;;;;321
5840;Huizen;2006;41962;10745;25721;5496;34311;4160;1502;2658;3491;1889;1602;274;123;151;210;81;129;622;334;288;1238;638;600;1147;713;434;392.0;270.0;181.0;290.0;1742.0;1781.0;406
5841;Huizen;2007;41937;10483;25789;5665;34240;4183;1498;2685;3514;1885;1629;284;123;161;206;87;119;618;325;293;1245;636;609;1161;714;447;394.0;273.0;203.0;297.0;1776.0;1803.0;406
5842;Huizen;2008;41936;10237;25876;5823;34219;4200;1493;2707;3517;1864;1653;294;127;167;199;88;111;617;323;294;1243;618;625;1164;708;456;391.0;273.0;197.0;260.0;1752.0;1813.0;406
5843;Huizen;2009;41932;10011;25891;6030;34153;4241;1489;2752;3538;1856;1682;304;125;179;192;83;109;612;322;290;1254;618;636;1176;708;468;404.0;280.0;212.0;255.0;1733.0;1834.0;406
5844;Huizen;2010;41912;9815;25844;6253;34082;4260;1504;2756;3570;1866;1704;313;125;188;194;83;111;610;320;290;1243;621;622;1210;717;493;392.0;289.0;222.0;258.0;1741.0;1825.0;406
5845;Huizen;2011;41893;9610;25868;6415;34018;4274;1505;2769;3601;1873;1728;324;124;200;195;76;119;608;319;289;1243;618;625;1231;736;495;401.0;301.0;229.0;275.0;1765.0;1839.0;406
5846;Huizen;2012;41876;9418;25656;6802;33916;4345;1528;2817;3615;1859;1756;329;123;206;197;72;125;597;307;290;1239;614;625;1253;743;510;406.0;309.0;220.0;271.0;1760.0;1830.0;406
5847;Huizen;2013;41853;9270;25437;7146;33794;4401;1542;2859;3658;1862;1796;334;120;214;196;75;121;601;306;295;1234;605;629;1293;756;537;408.0;318.0;227.0;281.0;1786.0;1845.0;406
5848;Huizen;2014;41831;9151;25295;7385;33696;4428;1563;2865;3707;1871;1836;351;121;230;205;79;126;604;302;302;1233;607;626;1314;762;552;414.0;320.0;214.0;272.0;1773.0;1838.0;406
5849;Huizen;2015;41804;9038;25132;7634;33583;4482;1588;2894;3739;1864;1875;355;122;233;205;73;132;602;294;308;1217;595;622;1360;780;580;425.0;322.0;246.0;248.0;1702.0;1830.0;406
5850;Huizen;2016;41784;8995;24885;7904;33497;4504;1623;2881;3783;1876;1907;367;121;246;213;80;133;596;288;308;1204;587;617;1403;800;603;430.0;321.0;238.0;286.0;1767.0;1843.0;406
5851;Huizen;2017;41772;8957;24640;8175;33424;4526;1629;2897;3822;1865;1957;383;117;266;215;81;134;592;283;309;1200;585;615;1432;799;633;456.0;309.0;222.0;269.0;1723.0;1826.0;406
5852;Huizen;2018;41774;8910;24427;8437;33334;4585;1644;2941;3855;1871;1984;389;122;267;209;76;133;590;283;307;1196;574;622;1471;816;655;451.0;342.0;235.0;278.0;1763.0;1835.0;406
5853;Huizen;2019;41771;8912;24187;8672;33272;4612;1663;2949;3887;1879;2008;394;123;271;210;71;139;573;271;302;1179;571;608;1531;843;688;463.0;344.0;243.0;261.0;1751.0;1847.0;406
5854;Huizen;2020;41783;8849;24071;8863;33215;4661;1686;2975;3907;1874;2033;391;116;275;216;73;143;569;263;306;1157;563;594;1574;859;715;473.0;346.0;247.0;286.0;1741.0;1832.0;406
5855;Huizen;2021;41783;8823;23881;9079;33158;4678;1710;2968;3947;1902;2045;402;120;282;207;69;138;560;258;302;1132;548;584;1646;907;739;486.0;350.0;253.0;265.0;1739.0;1844.0;406
5856;Huizen;2022;41807;8800;23710;9297;33059;4767;1756;3011;3981;1905;2076;412;127;285;206;68;138;560;252;308;1116;537;579;1687;921;766;477.0;360.0;247.0;284.0;1761.0;1817.0;406
5857;Huizen;2023;41829;8810;23571;9448;33009;4840;1796;3044;3980;1892;2088;413;122;291;215;71;144;551;252;299;1098;522;576;1703;925;778;495.0;368.0;254.0;252.0;1735.0;1844.0;406
5858;Huizen;2024;41855;8798;23432;9625;32956;4867;1813;3054;4032;1914;2118;406;120;286;227;79;148;534;240;294;1107;518;589;1758;957;801;492.0;383.0;231.0;262.0;1765.0;1821.0;406
5859;Huizen;2025;41881;8833;23235;9813;32893;4924;1835;3089;4064;1915;2149;410;121;289;234;81;153;534;236;298;1092;507;585;1794;970;824;;;;;;;406
5860;Hulst;2006;27915;6219;16812;4884;21546;5765;2730;3035;604;375;229;49;26;23;49;25;24;51;25;26;57;28;29;398;271;127;242.0;294.0;248.0;291.0;986.0;885.0;677
5861;Hulst;2007;27921;6172;16794;4955;21556;5721;2700;3021;644;397;247;55;28;27;58;29;29;55;26;29;59;29;30;417;285;132;226.0;305.0;248.0;282.0;1008.0;887.0;677
5862;Hulst;2008;27933;6116;16811;5006;21563;5683;2671;3012;687;403;284;60;31;29;60;30;30;61;27;34;69;30;39;437;285;152;231.0;302.0;267.0;304.0;1006.0;889.0;677
5863;Hulst;2009;27944;6064;16739;5141;21548;5651;2651;3000;745;430;315;71;34;37;67;35;32;67;27;40;73;32;41;467;302;165;240.0;316.0;257.0;291.0;1006.0;895.0;677
5864;Hulst;2010;27945;6031;16669;5245;21552;5597;2597;3000;796;450;346;87;42;45;68;36;32;73;28;45;76;33;43;492;311;181;221.0;304.0;265.0;303.0;1033.0;909.0;677
5865;Hulst;2011;27948;5944;16645;5359;21574;5512;2541;2971;862;490;372;100;49;51;75;37;38;79;28;51;78;33;45;530;343;187;234.0;318.0;259.0;267.0;1014.0;917.0;677
5866;Hulst;2012;27949;5889;16555;5505;21542;5509;2565;2944;898;493;405;110;51;59;83;43;40;87;31;56;78;33;45;540;335;205;240.0;311.0;277.0;288.0;1011.0;923.0;677
5867;Hulst;2013;27952;5821;16481;5650;21520;5472;2535;2937;960;525;435;113;54;59;90;48;42;98;35;63;88;36;52;571;352;219;232.0;314.0;262.0;275.0;1022.0;922.0;677
5868;Hulst;2014;27959;5776;16383;5800;21474;5455;2526;2929;1030;549;481;121;59;62;105;54;51;100;37;63;99;40;59;605;359;246;242.0;322.0;289.0;272.0;1006.0;934.0;677
5869;Hulst;2015;27966;5711;16349;5906;21421;5474;2550;2924;1071;567;504;120;60;60;115;58;57;110;40;70;105;42;63;621;367;254;254.0;321.0;282.0;288.0;1005.0;941.0;677
5870;Hulst;2016;27955;5687;16277;5991;21421;5429;2532;2897;1105;579;526;125;63;62;112;51;61;116;41;75;109;44;65;643;380;263;255.0;321.0;233.0;265.0;1026.0;947.0;677
5871;Hulst;2017;27938;5625;16209;6104;21394;5386;2513;2873;1158;608;550;135;64;71;114;51;63;122;42;80;115;45;70;672;406;266;269.0;334.0;259.0;262.0;1011.0;948.0;677
5872;Hulst;2018;27934;5597;16155;6182;21381;5340;2501;2839;1213;639;574;143;67;76;117;55;62;123;43;80;118;48;70;712;426;286;262.0;324.0;263.0;251.0;987.0;947.0;677
5873;Hulst;2019;27927;5568;16094;6265;21325;5339;2507;2832;1263;661;602;154;70;84;119;56;63;125;45;80;119;48;71;746;442;304;279.0;322.0;261.0;277.0;999.0;944.0;677
5874;Hulst;2020;27919;5567;15949;6403;21273;5312;2470;2842;1334;687;647;162;74;88;120;57;63;130;44;86;131;48;83;791;464;327;289.0;332.0;250.0;277.0;1005.0;950.0;677
5875;Hulst;2021;27904;5556;15852;6496;21252;5268;2430;2838;1384;705;679;166;71;95;126;60;66;133;45;88;135;46;89;824;483;341;294.0;350.0;239.0;250.0;998.0;955.0;677
5876;Hulst;2022;27881;5546;15756;6579;21223;5235;2425;2810;1423;712;711;173;72;101;130;62;68;138;46;92;139;45;94;843;487;356;297.0;326.0;244.0;236.0;972.0;958.0;677
5877;Hulst;2023;27874;5575;15623;6676;21201;5205;2428;2777;1468;729;739;184;75;109;136;69;67;143;47;96;146;47;99;859;491;368;306.0;357.0;245.0;298.0;1011.0;939.0;677
5878;Hulst;2024;27840;5584;15502;6754;21160;5179;2399;2780;1501;732;769;178;72;106;135;65;70;151;48;103;153;49;104;884;498;386;341.0;359.0;236.0;267.0;973.0;946.0;677
5879;Hulst;2025;27815;5638;15351;6826;21113;5152;2394;2758;1550;748;802;187;77;110;142;68;74;154;50;104;156;50;106;911;503;408;;;;;;;677
5880;Hunsel;2006;6300;1693;3820;787;5518;676;210;466;106;71;35;7;5;2;8;4;4;7;4;3;14;7;7;70;51;19;64.0;49.0;15.0;21.0;247.0;213.0;925
5881;Hunsel;2007;6344;1695;3835;814;5540;679;211;468;125;85;40;8;5;3;10;4;6;9;5;4;13;6;7;85;65;20;60.0;44.0;32.0;35.0;223.0;203.0;925
5882;Hunsel;2008;6378;1689;3831;858;5545;697;225;472;136;94;42;10;6;4;10;4;6;11;5;6;13;7;6;92;72;20;69.0;55.0;26.0;36.0;242.0;223.0;925
5883;Hunsel;2009;6399;1674;3852;873;5545;698;232;466;156;113;43;10;6;4;10;5;5;13;6;7;13;6;7;110;90;20;56.0;46.0;17.0;34.0;253.0;226.0;925
5884;Hunsel;2010;6420;1647;3862;911;5555;687;228;459;178;123;55;10;6;4;12;6;6;15;7;8;18;7;11;123;97;26;57.0;54.0;26.0;24.0;243.0;226.0;925
5885;Hunsel;2011;6442;1624;3864;954;5554;693;230;463;195;135;60;12;7;5;13;8;5;16;7;9;18;6;12;136;107;29;65.0;64.0;29.0;39.0;249.0;227.0;925
5886;Hunsel;2012;6455;1606;3851;998;5540;711;247;464;204;140;64;13;8;5;13;7;6;18;7;11;19;7;12;141;111;30;55.0;48.0;26.0;44.0;253.0;229.0;925
5887;Hunsel;2013;6470;1578;3842;1050;5541;710;246;464;219;150;69;14;8;6;13;7;6;19;7;12;20;6;14;153;122;31;73.0;58.0;23.0;38.0;247.0;234.0;925
5888;Hunsel;2014;6484;1549;3865;1070;5544;714;248;466;226;150;76;14;8;6;12;6;6;22;8;14;21;6;15;157;122;35;65.0;61.0;30.0;39.0;254.0;228.0;925
5889;Hunsel;2015;6507;1547;3840;1120;5553;718;256;462;236;150;86;17;8;9;13;6;7;24;9;15;22;8;14;160;119;41;66.0;67.0;33.0;41.0;253.0;233.0;925
5890;Hunsel;2016;6517;1513;3844;1160;5532;735;257;478;250;160;90;19;8;11;17;8;9;22;8;14;21;9;12;171;127;44;61.0;65.0;25.0;31.0;254.0;237.0;925
5891;Hunsel;2017;6524;1501;3834;1189;5511;761;268;493;252;159;93;19;8;11;17;7;10;22;7;15;20;10;10;174;127;47;78.0;62.0;26.0;32.0;244.0;238.0;925
5892;Hunsel;2018;6540;1505;3810;1225;5505;776;279;497;259;163;96;19;7;12;16;7;9;23;7;16;21;12;9;180;130;50;70.0;74.0;23.0;31.0;264.0;237.0;925
5893;Hunsel;2019;6554;1499;3802;1253;5498;783;271;512;273;168;105;19;8;11;17;8;9;24;7;17;28;14;14;185;131;54;79.0;75.0;22.0;34.0;252.0;238.0;925
5894;Hunsel;2020;6562;1497;3774;1291;5487;791;267;524;284;174;110;21;10;11;20;11;9;25;7;18;29;13;16;189;133;56;65.0;73.0;29.0;39.0;259.0;234.0;925
5895;Hunsel;2021;6568;1490;3753;1325;5479;799;273;526;290;173;117;23;9;14;15;9;6;25;7;18;32;12;20;195;136;59;78.0;72.0;22.0;47.0;259.0;237.0;925
5896;Hunsel;2022;6573;1494;3707;1372;5474;801;276;525;298;174;124;23;8;15;17;10;7;25;7;18;31;11;20;202;138;64;91.0;81.0;29.0;41.0;239.0;240.0;925
5897;Hunsel;2023;6570;1494;3680;1396;5469;791;277;514;310;176;134;23;8;15;15;8;7;25;7;18;29;10;19;218;143;75;82.0;68.0;32.0;28.0;223.0;234.0;925
5898;Hunsel;2024;6576;1508;3640;1428;5446;805;281;524;325;187;138;24;10;14;20;11;9;27;8;19;29;10;19;225;148;77;78.0;75.0;26.0;41.0;239.0;226.0;925
5899;Hunsel;2025;6576;1530;3594;1452;5420;808;287;521;348;205;143;24;9;15;23;14;9;25;8;17;29;10;19;247;164;83;;;;;;;925
5900;IJsselstein;2006;33271;9495;20522;3254;27082;2344;829;1515;3845;2089;1756;1106;593;513;254;148;106;307;175;132;1226;591;635;952;582;370;506.0;191.0;96.0;132.0;1054.0;1397.0;353
5901;IJsselstein;2007;33210;9520;20366;3324;27018;2353;840;1513;3839;2059;1780;1093;575;518;247;141;106;315;178;137;1214;580;634;970;585;385;459.0;190.0;89.0;138.0;1100.0;1399.0;353
5902;IJsselstein;2008;33133;9483;20236;3414;26953;2354;823;1531;3826;2028;1798;1087;567;520;252;142;110;314;174;140;1209;565;644;964;580;384;434.0;195.0;86.0;121.0;1105.0;1379.0;353
5903;IJsselstein;2009;33065;9426;20079;3560;26901;2331;812;1519;3833;1997;1836;1088;561;527;251;135;116;324;175;149;1203;555;648;967;571;396;418.0;211.0;94.0;147.0;1121.0;1372.0;353
5904;IJsselstein;2010;32970;9372;19891;3707;26832;2309;795;1514;3829;1970;1859;1081;548;533;253;133;120;320;168;152;1203;543;660;972;578;394;401.0;201.0;77.0;131.0;1100.0;1361.0;353
5905;IJsselstein;2011;32858;9226;19822;3810;26772;2290;790;1500;3796;1946;1850;1053;533;520;260;140;120;312;163;149;1202;544;658;969;566;403;374.0;196.0;99.0;103.0;1085.0;1360.0;353
5906;IJsselstein;2012;32758;9082;19620;4056;26659;2294;793;1501;3805;1942;1863;1059;530;529;264;144;120;307;157;150;1207;543;664;968;568;400;354.0;211.0;89.0;94.0;1125.0;1360.0;353
5907;IJsselstein;2013;32666;8899;19507;4260;26567;2306;799;1507;3793;1917;1876;1040;514;526;272;148;124;315;159;156;1194;531;663;972;565;407;350.0;203.0;97.0;113.0;1117.0;1347.0;353
5908;IJsselstein;2014;32570;8758;19358;4454;26473;2302;799;1503;3795;1908;1887;1033;509;524;272;151;121;320;163;157;1192;525;667;978;560;418;340.0;208.0;66.0;106.0;1164.0;1354.0;353
5909;IJsselstein;2015;32472;8592;19242;4638;26376;2315;810;1505;3781;1901;1880;1017;496;521;266;150;116;326;169;157;1163;506;657;1009;580;429;335.0;220.0;66.0;94.0;1174.0;1347.0;353
5910;IJsselstein;2016;32387;8456;19100;4831;26339;2305;818;1487;3743;1870;1873;995;489;506;261;140;121;330;172;158;1171;509;662;986;560;426;343.0;222.0;88.0;129.0;1170.0;1346.0;353
5911;IJsselstein;2017;32294;8300;19017;4977;26217;2360;852;1508;3717;1847;1870;992;482;510;270;144;126;335;173;162;1152;500;652;968;548;420;332.0;225.0;79.0;123.0;1179.0;1334.0;353
5912;IJsselstein;2018;32204;8150;18905;5149;26130;2379;863;1516;3695;1835;1860;996;483;513;271;147;124;330;172;158;1142;499;643;956;534;422;337.0;238.0;95.0;107.0;1186.0;1357.0;353
5913;IJsselstein;2019;32120;7997;18834;5289;26058;2377;875;1502;3685;1843;1842;993;478;515;274;143;131;330;177;153;1117;488;629;971;557;414;331.0;243.0;84.0;121.0;1213.0;1343.0;353
5914;IJsselstein;2020;32043;7809;18843;5391;25989;2383;871;1512;3671;1842;1829;973;464;509;282;148;134;339;178;161;1097;478;619;980;574;406;330.0;255.0;63.0;98.0;1247.0;1361.0;353
5915;IJsselstein;2021;31972;7613;18860;5499;25934;2381;859;1522;3657;1827;1830;962;449;513;277;150;127;344;182;162;1092;482;610;982;564;418;330.0;249.0;54.0;88.0;1213.0;1347.0;353
5916;IJsselstein;2022;31887;7468;18772;5647;25844;2403;866;1537;3640;1823;1817;945;443;502;288;158;130;343;186;157;1083;477;606;981;559;422;344.0;267.0;73.0;80.0;1220.0;1369.0;353
5917;IJsselstein;2023;31812;7282;18686;5844;25785;2392;876;1516;3635;1846;1789;923;434;489;289;160;129;349;186;163;1066;477;589;1008;589;419;362.0;287.0;70.0;103.0;1242.0;1364.0;353
5918;IJsselstein;2024;31735;7152;18623;5960;25678;2397;878;1519;3660;1853;1807;928;435;493;293;158;135;349;181;168;1068;476;592;1022;603;419;344.0;277.0;67.0;93.0;1263.0;1372.0;353
5919;IJsselstein;2025;31669;7024;18503;6142;25622;2384;867;1517;3663;1855;1808;920;430;490;306;167;139;350;180;170;1060;475;585;1027;603;424;;;;;;;353
5920;Jacobswoude;2006;10687;2679;6549;1459;9829;567;199;368;291;174;117;40;16;24;23;7;16;10;6;4;13;8;5;205;137;68;102.0;82.0;25.0;19.0;427.0;397.0;645
5921;Jacobswoude;2007;10744;2677;6528;1539;9788;615;209;406;341;203;138;50;21;29;29;10;19;16;9;7;15;7;8;231;156;75;90.0;90.0;18.0;19.0;408.0;386.0;645
5922;Jacobswoude;2008;10766;2647;6527;1592;9732;652;224;428;382;229;153;54;25;29;31;10;21;21;10;11;21;11;10;255;173;82;86.0;99.0;13.0;23.0;433.0;399.0;645
5923;Jacobswoude;2009;10779;2607;6519;1653;9655;696;242;454;428;251;177;58;27;31;36;13;23;27;12;15;24;11;13;283;188;95;89.0;82.0;17.0;18.0;388.0;408.0;645
5924;Jacobswoude;2010;10765;2544;6482;1739;9597;708;247;461;460;269;191;62;30;32;38;15;23;35;20;15;27;13;14;298;191;107;102.0;91.0;27.0;27.0;404.0;404.0;645
5925;Jacobswoude;2011;10779;2511;6460;1808;9546;740;258;482;493;282;211;68;31;37;41;16;25;36;21;15;29;13;16;319;201;118;85.0;103.0;20.0;22.0;424.0;400.0;645
5926;Jacobswoude;2012;10787;2472;6393;1922;9468;780;274;506;539;304;235;69;29;40;44;17;27;42;22;20;37;16;21;347;220;127;84.0;105.0;22.0;33.0;435.0;404.0;645
5927;Jacobswoude;2013;10786;2422;6335;2029;9401;802;282;520;583;331;252;75;33;42;45;17;28;44;22;22;42;20;22;377;239;138;95.0;115.0;25.0;34.0;425.0;408.0;645
5928;Jacobswoude;2014;10774;2391;6265;2118;9310;833;293;540;631;354;277;83;38;45;46;17;29;48;25;23;43;22;21;411;252;159;88.0;114.0;21.0;27.0;430.0;405.0;645
5929;Jacobswoude;2015;10771;2371;6201;2199;9242;850;307;543;679;378;301;88;39;49;49;17;32;51;28;23;51;26;25;440;268;172;83.0;100.0;29.0;30.0;416.0;413.0;645
5930;Jacobswoude;2016;10759;2329;6142;2288;9160;878;314;564;721;403;318;93;39;54;49;18;31;54;32;22;56;27;29;469;287;182;89.0;118.0;28.0;24.0;413.0;395.0;645
5931;Jacobswoude;2017;10753;2314;6089;2350;9098;895;323;572;760;423;337;103;45;58;54;21;33;60;38;22;57;27;30;486;292;194;93.0;123.0;22.0;31.0;432.0;403.0;645
5932;Jacobswoude;2018;10743;2296;6042;2405;9042;913;334;579;788;436;352;110;44;66;58;24;34;60;37;23;59;28;31;501;303;198;100.0;116.0;17.0;25.0;417.0;398.0;645
5933;Jacobswoude;2019;10739;2277;5998;2464;9000;928;345;583;811;438;373;117;43;74;58;23;35;58;36;22;67;32;35;511;304;207;112.0;119.0;30.0;29.0;410.0;415.0;645
5934;Jacobswoude;2020;10727;2268;5943;2516;8942;943;357;586;842;457;385;123;41;82;59;26;33;58;36;22;72;33;39;530;321;209;106.0;127.0;23.0;20.0;396.0;393.0;645
5935;Jacobswoude;2021;10710;2258;5885;2567;8876;969;366;603;865;463;402;125;42;83;62;28;34;58;32;26;78;34;44;542;327;215;106.0;135.0;28.0;23.0;415.0;402.0;645
5936;Jacobswoude;2022;10697;2251;5849;2597;8806;997;374;623;894;478;416;134;50;84;61;25;36;62;32;30;79;35;44;558;336;222;102.0;123.0;30.0;27.0;411.0;396.0;645
5937;Jacobswoude;2023;10695;2229;5821;2645;8754;1023;397;626;918;487;431;141;53;88;67;28;39;64;32;32;82;38;44;564;336;228;111.0;122.0;25.0;36.0;408.0;396.0;645
5938;Jacobswoude;2024;10685;2245;5754;2686;8665;1068;427;641;952;503;449;142;54;88;74;32;42;63;31;32;85;39;46;588;347;241;100.0;127.0;31.0;25.0;394.0;408.0;645
5939;Jacobswoude;2025;10654;2255;5663;2736;8581;1088;438;650;985;532;453;140;53;87;79;36;43;66;33;33;90;42;48;610;368;242;;;;;;;645
5940;Kampen;2006;49101;13826;28844;6431;45101;1762;709;1053;2238;1308;930;116;53;63;156;95;61;992;496;496;42;20;22;932;644;288;690.0;407.0;68.0;147.0;1224.0;1343.0;166
5941;Kampen;2007;49194;13777;28915;6502;45147;1777;702;1075;2270;1313;957;125;57;68;153;90;63;986;491;495;56;23;33;950;652;298;686.0;416.0;79.0;139.0;1335.0;1350.0;166
5942;Kampen;2008;49394;13794;29027;6573;45275;1804;704;1100;2315;1331;984;129;60;69;159;92;67;993;490;503;59;28;31;975;661;314;681.0;420.0;91.0;129.0;1319.0;1335.0;166
5943;Kampen;2009;49604;13783;29120;6701;45399;1840;722;1118;2365;1345;1020;132;64;68;165;96;69;1003;487;516;69;34;35;996;664;332;651.0;427.0;84.0;137.0;1342.0;1331.0;166
5944;Kampen;2010;49792;13740;29202;6850;45528;1875;738;1137;2389;1344;1045;144;67;77;171;102;69;997;481;516;74;38;36;1003;656;347;661.0;425.0;89.0;114.0;1324.0;1335.0;166
5945;Kampen;2011;49997;13753;29273;6971;45654;1921;761;1160;2422;1363;1059;150;69;81;177;101;76;992;477;515;80;43;37;1023;673;350;668.0;443.0;92.0;128.0;1338.0;1339.0;166
5946;Kampen;2012;50186;13708;29264;7214;45794;1923;777;1146;2469;1394;1075;155;74;81;185;102;83;990;472;518;86;47;39;1053;699;354;666.0;440.0;90.0;129.0;1335.0;1328.0;166
5947;Kampen;2013;50383;13709;29236;7438;45891;1975;803;1172;2517;1421;1096;167;77;90;181;100;81;991;470;521;92;52;40;1086;722;364;644.0;434.0;97.0;134.0;1337.0;1325.0;166
5948;Kampen;2014;50574;13682;29226;7666;46017;1993;822;1171;2564;1422;1142;183;79;104;187;99;88;987;467;520;99;54;45;1108;723;385;646.0;442.0;93.0;115.0;1334.0;1325.0;166
5949;Kampen;2015;50769;13698;29183;7888;46113;2039;839;1200;2617;1462;1155;187;80;107;191;104;87;987;466;521;105;55;50;1147;757;390;624.0;476.0;99.0;131.0;1374.0;1317.0;166
5950;Kampen;2016;50942;13691;29214;8037;46189;2090;862;1228;2663;1475;1188;187;81;106;195;105;90;997;470;527;112;57;55;1172;762;410;611.0;464.0;89.0;114.0;1374.0;1329.0;166
5951;Kampen;2017;51110;13686;29219;8205;46283;2118;878;1240;2709;1497;1212;195;85;110;207;110;97;999;471;528;122;60;62;1186;771;415;635.0;468.0;99.0;123.0;1340.0;1331.0;166
5952;Kampen;2018;51264;13664;29221;8379;46383;2134;895;1239;2747;1512;1235;207;89;118;216;112;104;996;470;526;130;64;66;1198;777;421;621.0;472.0;78.0;135.0;1388.0;1335.0;166
5953;Kampen;2019;51411;13604;29237;8570;46472;2156;909;1247;2783;1529;1254;210;90;120;219;118;101;1000;471;529;136;65;71;1218;785;433;611.0;472.0;82.0;112.0;1375.0;1336.0;166
5954;Kampen;2020;51563;13484;29323;8756;46492;2209;948;1261;2862;1563;1299;218;91;127;223;119;104;1008;474;534;154;70;84;1259;809;450;621.0;478.0;90.0;126.0;1361.0;1344.0;166
5955;Kampen;2021;51697;13379;29367;8951;46521;2246;976;1270;2930;1589;1341;231;97;134;222;120;102;1001;471;530;171;74;97;1305;827;478;623.0;511.0;100.0;114.0;1383.0;1356.0;166
5956;Kampen;2022;51828;13281;29396;9151;46565;2275;998;1277;2988;1626;1362;230;97;133;232;126;106;995;462;533;184;79;105;1347;862;485;633.0;507.0;89.0;113.0;1380.0;1357.0;166
5957;Kampen;2023;51960;13175;29386;9399;46596;2329;1044;1285;3035;1655;1380;229;95;134;243;134;109;988;462;526;195;84;111;1380;880;500;624.0;510.0;89.0;117.0;1375.0;1360.0;166
5958;Kampen;2024;52070;13084;29402;9584;46656;2354;1055;1299;3060;1661;1399;237;96;141;246;136;110;985;460;525;208;87;121;1384;882;502;639.0;511.0;82.0;126.0;1354.0;1345.0;166
5959;Kampen;2025;52171;13045;29361;9765;46696;2360;1053;1307;3115;1678;1437;249;96;153;243;135;108;995;466;529;219;90;129;1409;891;518;;;;;;;166
5960;Kapelle;2006;11629;3167;6750;1712;10741;627;209;418;261;157;104;59;31;28;33;15;18;17;7;10;12;6;6;140;98;42;128.0;85.0;25.0;24.0;383.0;462.0;678
5961;Kapelle;2007;11594;3099;6742;1753;10633;663;223;440;298;184;114;65;33;32;33;16;17;15;7;8;16;7;9;169;121;48;123.0;89.0;32.0;26.0;355.0;451.0;678
5962;Kapelle;2008;11538;3054;6688;1796;10519;699;228;471;320;202;118;69;35;34;34;17;17;16;9;7;19;10;9;182;131;51;131.0;92.0;23.0;31.0;362.0;462.0;678
5963;Kapelle;2009;11470;3015;6615;1840;10389;729;234;495;352;214;138;74;36;38;34;18;16;21;9;12;20;9;11;203;142;61;129.0;87.0;37.0;31.0;355.0;463.0;678
5964;Kapelle;2010;11412;2990;6517;1905;10272;756;250;506;384;237;147;79;40;39;35;18;17;21;9;12;23;11;12;226;159;67;117.0;101.0;41.0;31.0;360.0;457.0;678
5965;Kapelle;2011;11343;2909;6486;1948;10145;797;275;522;401;243;158;81;38;43;38;19;19;23;10;13;29;15;14;230;161;69;129.0;98.0;23.0;29.0;357.0;450.0;678
5966;Kapelle;2012;11275;2871;6380;2024;10020;814;277;537;441;265;176;87;38;49;40;18;22;26;14;12;33;16;17;255;179;76;115.0;98.0;34.0;39.0;374.0;449.0;678
5967;Kapelle;2013;11214;2791;6318;2105;9892;851;293;558;471;284;187;93;41;52;45;20;25;23;13;10;38;20;18;272;190;82;118.0;91.0;29.0;27.0;359.0;459.0;678
5968;Kapelle;2014;11144;2748;6230;2166;9781;880;302;578;483;278;205;94;39;55;45;20;25;22;12;10;42;20;22;280;187;93;111.0;101.0;36.0;35.0;361.0;440.0;678
5969;Kapelle;2015;11075;2682;6140;2253;9643;912;313;599;520;294;226;101;42;59;52;26;26;21;12;9;41;19;22;305;195;110;113.0;103.0;32.0;17.0;358.0;453.0;678
5970;Kapelle;2016;11008;2645;6064;2299;9540;929;315;614;539;305;234;99;41;58;55;30;25;30;17;13;40;18;22;315;199;116;121.0;88.0;37.0;33.0;339.0;438.0;678
5971;Kapelle;2017;10948;2603;5975;2370;9425;948;330;618;575;312;263;106;41;65;58;30;28;34;19;15;44;19;25;333;203;130;119.0;104.0;33.0;26.0;361.0;442.0;678
5972;Kapelle;2018;10890;2572;5873;2445;9338;958;346;612;594;318;276;107;42;65;60;31;29;35;18;17;45;17;28;347;210;137;103.0;101.0;40.0;40.0;359.0;434.0;678
5973;Kapelle;2019;10820;2525;5779;2516;9225;977;365;612;618;333;285;106;40;66;60;34;26;38;19;19;44;17;27;370;223;147;102.0;98.0;42.0;34.0;362.0;442.0;678
5974;Kapelle;2020;10754;2475;5689;2590;9125;992;375;617;637;341;296;114;44;70;59;33;26;38;18;20;48;17;31;378;229;149;115.0;97.0;30.0;38.0;355.0;422.0;678
5975;Kapelle;2021;10698;2451;5590;2657;9030;1014;382;632;654;342;312;117;47;70;58;31;27;38;17;21;52;19;33;389;228;161;122.0;110.0;27.0;29.0;376.0;426.0;678
5976;Kapelle;2022;10660;2433;5522;2705;8952;1030;387;643;678;354;324;126;50;76;58;31;27;41;17;24;54;19;35;399;237;162;110.0;120.0;41.0;37.0;377.0;430.0;678
5977;Kapelle;2023;10603;2401;5466;2736;8871;1028;391;637;704;362;342;125;52;73;66;35;31;49;18;31;56;21;35;408;236;172;101.0;112.0;40.0;40.0;374.0;429.0;678
5978;Kapelle;2024;10538;2353;5416;2769;8776;1044;410;634;718;366;352;126;51;75;70;35;35;51;18;33;59;21;38;412;241;171;126.0;114.0;42.0;35.0;362.0;434.0;678
5979;Kapelle;2025;10483;2331;5330;2822;8691;1064;418;646;728;372;356;132;54;78;70;36;34;53;18;35;61;21;40;412;243;169;;;;;;;678
5980;Katwijk;2006;42048;11456;24946;5646;38407;1891;809;1082;1750;1078;672;135;64;71;73;34;39;308;158;150;304;160;144;930;662;268;545.0;386.0;87.0;166.0;990.0;1006.0;537
5981;Katwijk;2007;42115;11390;25033;5692;38382;1938;834;1104;1795;1091;704;144;67;77;79;38;41;319;160;159;308;160;148;945;666;279;542.0;378.0;115.0;163.0;991.0;1002.0;537
5982;Katwijk;2008;42220;11340;25052;5828;38402;1980;851;1129;1838;1103;735;162;77;85;86;40;46;321;159;162;313;160;153;956;667;289;538.0;386.0;111.0;171.0;1011.0;991.0;537
5983;Katwijk;2009;42339;11254;25147;5938;38384;2050;866;1184;1905;1140;765;181;84;97;89;42;47;328;160;168;321;163;158;986;691;295;522.0;400.0;130.0;169.0;1055.0;999.0;537
5984;Katwijk;2010;42482;11176;25175;6131;38382;2133;901;1232;1967;1173;794;186;87;99;90;41;49;337;166;171;338;171;167;1016;708;308;523.0;412.0;130.0;171.0;1053.0;1000.0;537
5985;Katwijk;2011;42608;11102;25315;6191;38405;2177;920;1257;2026;1199;827;201;93;108;94;44;50;341;166;175;341;173;168;1049;723;326;520.0;391.0;151.0;154.0;1002.0;999.0;537
5986;Katwijk;2012;42746;11019;25218;6509;38404;2241;951;1290;2101;1251;850;210;97;113;98;46;52;348;169;179;350;176;174;1095;763;332;533.0;405.0;138.0;146.0;1024.0;1006.0;537
5987;Katwijk;2013;42890;10948;25195;6747;38412;2328;1000;1328;2150;1277;873;215;95;120;104;51;53;356;171;185;359;182;177;1116;778;338;516.0;414.0;147.0;156.0;1022.0;1002.0;537
5988;Katwijk;2014;43007;10903;25177;6927;38400;2402;1032;1370;2205;1315;890;216;98;118;105;50;55;351;167;184;364;182;182;1169;818;351;525.0;442.0;153.0;179.0;1063.0;996.0;537
5989;Katwijk;2015;43140;10897;25136;7107;38398;2471;1058;1413;2271;1354;917;219;98;121;110;51;59;358;166;192;368;182;186;1216;857;359;532.0;418.0;161.0;190.0;1039.0;1000.0;537
5990;Katwijk;2016;43267;10866;25116;7285;38395;2543;1106;1437;2329;1371;958;228;102;126;108;50;58;370;164;206;372;182;190;1251;873;378;527.0;444.0;171.0;170.0;1040.0;1001.0;537
5991;Katwijk;2017;43397;10842;25111;7444;38378;2623;1151;1472;2396;1410;986;234;107;127;109;47;62;382;165;217;371;179;192;1300;912;388;542.0;440.0;166.0;189.0;1036.0;998.0;537
5992;Katwijk;2018;43525;10860;25041;7624;38386;2693;1188;1505;2446;1433;1013;238;111;127;112;48;64;386;163;223;382;185;197;1328;926;402;524.0;447.0;183.0;174.0;1014.0;998.0;537
5993;Katwijk;2019;43636;10863;25003;7770;38349;2791;1239;1552;2496;1459;1037;242;111;131;106;42;64;390;164;226;389;186;203;1369;956;413;542.0;468.0;172.0;203.0;1056.0;990.0;537
5994;Katwijk;2020;43754;10837;24969;7948;38332;2859;1288;1571;2563;1497;1066;247;115;132;110;43;67;395;163;232;390;188;202;1421;988;433;527.0;476.0;167.0;192.0;1101.0;1001.0;537
5995;Katwijk;2021;43881;10835;24950;8096;38303;2941;1347;1594;2637;1514;1123;263;119;144;114;43;71;397;163;234;401;188;213;1462;1001;461;550.0;479.0;177.0;200.0;1075.0;1009.0;537
5996;Katwijk;2022;44004;10848;24937;8219;38282;3021;1402;1619;2701;1540;1161;278;121;157;119;43;76;401;164;237;410;192;218;1493;1020;473;539.0;470.0;173.0;183.0;1053.0;998.0;537
5997;Katwijk;2023;44117;10808;24940;8369;38256;3107;1452;1655;2754;1545;1209;285;121;164;130;47;83;403;159;244;419;191;228;1517;1027;490;539.0;493.0;167.0;173.0;1054.0;1002.0;537
5998;Katwijk;2024;44215;10823;24880;8512;38239;3142;1473;1669;2834;1595;1239;297;128;169;137;50;87;400;157;243;418;189;229;1582;1071;511;528.0;496.0;187.0;177.0;1061.0;1009.0;537
5999;Katwijk;2025;44314;10882;24792;8640;38204;3224;1532;1692;2886;1610;1276;301;130;171;138;50;88;402;156;246;424;190;234;1621;1084;537;;;;;;;537
6000;Kerkrade;2006;48971;9407;30549;9015;33217;13993;6275;7718;1761;1119;642;47;23;24;210;150;60;230;130;100;418;211;207;856;605;251;356.0;663.0;390.0;647.0;1498.0;1490.0;928
6001;Kerkrade;2007;48416;9121;30246;9049;33118;13521;5976;7545;1777;1097;680;52;24;28;206;142;64;230;128;102;424;212;212;865;591;274;364.0;658.0;336.0;598.0;1496.0;1476.0;928
6002;Kerkrade;2008;47886;8884;29891;9111;33032;13063;5704;7359;1791;1081;710;53;26;27;203;134;69;231;127;104;427;211;216;877;583;294;341.0;655.0;342.0;590.0;1512.0;1462.0;928
6003;Kerkrade;2009;47374;8629;29624;9121;32976;12605;5437;7168;1793;1058;735;56;28;28;195;126;69;232;124;108;433;211;222;877;569;308;355.0;656.0;357.0;561.0;1458.0;1439.0;928
6004;Kerkrade;2010;46893;8403;29377;9113;32913;12168;5214;6954;1812;1059;753;60;30;30;189;121;68;230;122;108;442;215;227;891;571;320;355.0;654.0;342.0;517.0;1424.0;1421.0;928
6005;Kerkrade;2011;46426;8178;29045;9203;32792;11810;5015;6795;1824;1034;790;64;32;32;178;112;66;231;119;112;452;215;237;899;556;343;354.0;649.0;333.0;527.0;1425.0;1394.0;928
6006;Kerkrade;2012;45972;7983;28697;9292;32685;11441;4829;6612;1846;1026;820;65;34;31;169;102;67;235;116;119;460;215;245;917;559;358;350.0;646.0;310.0;484.0;1393.0;1379.0;928
6007;Kerkrade;2013;45519;7852;28215;9452;32607;11052;4653;6399;1860;1007;853;67;33;34;165;103;62;241;116;125;468;213;255;919;542;377;373.0;644.0;305.0;472.0;1377.0;1364.0;928
6008;Kerkrade;2014;45099;7755;27739;9605;32514;10722;4479;6243;1863;977;886;73;34;39;168;103;65;242;114;128;471;210;261;909;516;393;363.0;639.0;272.0;406.0;1333.0;1335.0;928
6009;Kerkrade;2015;44688;7668;27259;9761;32371;10424;4335;6089;1893;978;915;74;36;38;174;106;68;248;114;134;485;211;274;912;511;401;377.0;638.0;262.0;429.0;1320.0;1308.0;928
6010;Kerkrade;2016;44280;7634;26788;9858;32298;10045;4137;5908;1937;989;948;74;36;38;173;107;66;254;116;138;490;210;280;946;520;426;372.0;648.0;256.0;441.0;1347.0;1299.0;928
6011;Kerkrade;2017;43871;7591;26306;9974;32227;9711;3945;5766;1933;975;958;80;38;42;170;109;61;259;115;144;489;206;283;935;507;428;360.0;661.0;241.0;366.0;1308.0;1280.0;928
6012;Kerkrade;2018;43475;7506;25887;10082;32136;9400;3781;5619;1939;963;976;84;39;45;160;103;57;266;115;151;489;206;283;940;500;440;379.0;659.0;207.0;373.0;1310.0;1263.0;928
6013;Kerkrade;2019;43077;7464;25408;10205;32069;9064;3619;5445;1944;964;980;84;42;42;161;102;59;276;117;159;470;196;274;953;507;446;373.0;639.0;180.0;358.0;1311.0;1243.0;928
6014;Kerkrade;2020;42702;7402;24986;10314;32002;8771;3483;5288;1929;950;979;87;45;42;160;103;57;281;117;164;466;192;274;935;493;442;371.0;660.0;172.0;324.0;1297.0;1220.0;928
6015;Kerkrade;2021;42344;7354;24571;10419;31927;8505;3335;5170;1912;944;968;89;46;43;154;102;52;281;120;161;467;191;276;921;485;436;393.0;669.0;161.0;336.0;1277.0;1189.0;928
6016;Kerkrade;2022;41983;7379;24119;10485;31858;8207;3156;5051;1918;935;983;94;48;46;166;107;59;283;118;165;458;187;271;917;475;442;368.0;666.0;142.0;307.0;1279.0;1185.0;928
6017;Kerkrade;2023;41624;7363;23679;10582;31748;7960;3061;4899;1916;931;985;100;53;47;165;110;55;280;116;164;457;183;274;914;469;445;388.0;670.0;144.0;272.0;1227.0;1170.0;928
6018;Kerkrade;2024;41275;7354;23279;10642;31663;7706;2938;4768;1906;924;982;108;58;50;165;112;53;277;115;162;449;179;270;907;460;447;372.0;675.0;139.0;268.0;1234.0;1154.0;928
6019;Kerkrade;2025;40928;7373;22821;10734;31540;7477;2853;4624;1911;914;997;110;61;49;175;118;57;283;116;167;449;175;274;894;444;450;;;;;;;928
6020;Kessel;2006;4421;1095;2708;618;3977;364;130;234;80;56;24;8;3;5;3;2;1;2;1;1;7;4;3;60;46;14;47.0;35.0;16.0;16.0;195.0;123.0;929
6021;Kessel;2007;4505;1107;2729;669;4009;399;139;260;97;67;30;10;3;7;3;2;1;4;2;2;8;4;4;72;56;16;42.0;35.0;14.0;15.0;205.0;123.0;929
6022;Kessel;2008;4594;1108;2765;721;4068;416;152;264;110;78;32;10;3;7;5;2;3;5;4;1;9;5;4;81;64;17;53.0;41.0;16.0;14.0;193.0;128.0;929
6023;Kessel;2009;4672;1134;2781;757;4113;437;157;280;122;84;38;10;3;7;6;1;5;8;4;4;7;4;3;91;72;19;45.0;49.0;10.0;16.0;192.0;131.0;929
6024;Kessel;2010;4721;1139;2789;793;4127;454;159;295;140;100;40;13;6;7;6;1;5;10;5;5;9;7;2;102;81;21;57.0;47.0;18.0;23.0;198.0;130.0;929
6025;Kessel;2011;4794;1144;2836;814;4171;469;168;301;154;106;48;14;6;8;7;1;6;11;6;5;11;8;3;111;85;26;56.0;51.0;14.0;15.0;193.0;143.0;929
6026;Kessel;2012;4848;1151;2828;869;4183;491;183;308;174;116;58;17;7;10;7;1;6;13;6;7;15;8;7;122;94;28;42.0;48.0;12.0;19.0;197.0;150.0;929
6027;Kessel;2013;4882;1147;2832;903;4190;498;180;318;194;124;70;17;6;11;8;2;6;18;8;10;16;8;8;135;100;35;48.0;52.0;22.0;15.0;196.0;136.0;929
6028;Kessel;2014;4945;1166;2826;953;4217;515;193;322;213;133;80;18;6;12;9;2;7;23;11;12;19;9;10;144;105;39;47.0;53.0;20.0;25.0;194.0;144.0;929
6029;Kessel;2015;4984;1157;2852;975;4226;525;197;328;233;143;90;21;9;12;12;5;7;26;12;14;21;9;12;153;108;45;62.0;58.0;8.0;18.0;190.0;151.0;929
6030;Kessel;2016;5018;1165;2855;998;4234;537;202;335;247;151;96;23;10;13;12;5;7;27;12;15;26;11;15;159;113;46;52.0;55.0;18.0;23.0;189.0;151.0;929
6031;Kessel;2017;5048;1165;2866;1017;4232;559;207;352;257;156;101;24;10;14;11;5;6;27;11;16;26;12;14;169;118;51;54.0;54.0;19.0;26.0;195.0;148.0;929
6032;Kessel;2018;5086;1174;2866;1046;4227;593;221;372;266;158;108;24;12;12;10;5;5;28;11;17;29;12;17;175;118;57;45.0;62.0;17.0;18.0;196.0;144.0;929
6033;Kessel;2019;5120;1184;2871;1065;4249;589;215;374;282;164;118;24;11;13;10;5;5;31;10;21;30;13;17;187;125;62;57.0;68.0;16.0;18.0;195.0;153.0;929
6034;Kessel;2020;5149;1190;2884;1075;4258;594;222;372;297;169;128;24;11;13;12;5;7;31;10;21;34;15;19;196;128;68;50.0;51.0;17.0;18.0;196.0;145.0;929
6035;Kessel;2021;5200;1204;2880;1116;4277;610;228;382;313;176;137;24;11;13;14;6;8;31;10;21;36;17;19;208;132;76;55.0;68.0;19.0;20.0;189.0;154.0;929
6036;Kessel;2022;5222;1198;2892;1132;4286;624;246;378;312;177;135;27;13;14;17;9;8;30;10;20;34;15;19;204;130;74;57.0;63.0;26.0;17.0;193.0;158.0;929
6037;Kessel;2023;5259;1217;2893;1149;4310;634;256;378;315;181;134;26;12;14;17;10;7;35;12;23;33;15;18;204;132;72;51.0;69.0;12.0;19.0;189.0;156.0;929
6038;Kessel;2024;5268;1198;2888;1182;4286;647;267;380;335;193;142;29;13;16;20;12;8;36;13;23;38;17;21;212;138;74;61.0;63.0;13.0;14.0;190.0;145.0;929
6039;Kessel;2025;5311;1214;2885;1212;4311;658;272;386;342;194;148;29;12;17;19;11;8;36;13;23;42;17;25;216;141;75;;;;;;;929
6040;Kollumerland en Nieuwkruisland;2006;13092;3421;7783;1888;12593;328;124;204;171;110;61;20;9;11;14;7;7;4;3;1;5;2;3;128;89;39;160.0;106.0;25.0;25.0;537.0;632.0;79
6041;Kollumerland en Nieuwkruisland;2007;13053;3393;7749;1911;12513;352;133;219;188;127;61;21;10;11;15;8;7;7;4;3;4;1;3;141;104;37;159.0;120.0;31.0;21.0;528.0;624.0;79
6042;Kollumerland en Nieuwkruisland;2008;13004;3351;7714;1939;12416;368;146;222;220;154;66;21;10;11;21;11;10;7;4;3;5;2;3;166;127;39;151.0;118.0;39.0;25.0;506.0;612.0;79
6043;Kollumerland en Nieuwkruisland;2009;12947;3313;7652;1982;12287;413;168;245;247;176;71;23;10;13;23;15;8;7;4;3;4;2;2;190;145;45;152.0;123.0;30.0;17.0;518.0;619.0;79
6044;Kollumerland en Nieuwkruisland;2010;12888;3290;7576;2022;12175;432;177;255;281;197;84;23;8;15;26;19;7;7;4;3;3;1;2;222;165;57;145.0;121.0;50.0;20.0;515.0;627.0;79
6045;Kollumerland en Nieuwkruisland;2011;12831;3267;7485;2079;12076;443;198;245;312;220;92;27;8;19;27;20;7;8;4;4;3;1;2;247;187;60;149.0;126.0;43.0;21.0;520.0;615.0;79
6046;Kollumerland en Nieuwkruisland;2012;12782;3206;7406;2170;11988;470;215;255;324;218;106;31;9;22;28;21;7;8;4;4;4;2;2;253;182;71;152.0;123.0;52.0;33.0;529.0;622.0;79
6047;Kollumerland en Nieuwkruisland;2013;12736;3193;7314;2229;11890;492;233;259;354;237;117;35;11;24;33;25;8;10;5;5;4;2;2;272;194;78;158.0;125.0;52.0;29.0;518.0;608.0;79
6048;Kollumerland en Nieuwkruisland;2014;12699;3163;7288;2248;11806;521;256;265;372;250;122;40;12;28;38;30;8;11;6;5;4;2;2;279;200;79;155.0;126.0;64.0;27.0;512.0;622.0;79
6049;Kollumerland en Nieuwkruisland;2015;12656;3158;7201;2297;11734;544;270;274;378;260;118;41;15;26;38;30;8;12;7;5;3;2;1;284;206;78;153.0;138.0;52.0;25.0;522.0;604.0;79
6050;Kollumerland en Nieuwkruisland;2016;12617;3159;7137;2321;11643;576;280;296;398;275;123;45;16;29;39;30;9;16;10;6;5;2;3;293;217;76;150.0;131.0;59.0;28.0;535.0;620.0;79
6051;Kollumerland en Nieuwkruisland;2017;12580;3154;7088;2338;11558;604;296;308;418;286;132;44;15;29;39;30;9;19;14;5;5;2;3;311;225;86;147.0;129.0;52.0;30.0;528.0;601.0;79
6052;Kollumerland en Nieuwkruisland;2018;12546;3152;7011;2383;11470;624;316;308;452;307;145;41;14;27;42;30;12;20;15;5;6;3;3;343;245;98;148.0;140.0;54.0;27.0;520.0;602.0;79
6053;Kollumerland en Nieuwkruisland;2019;12499;3144;6955;2400;11380;649;328;321;470;320;150;44;18;26;43;32;11;22;17;5;7;2;5;354;251;103;139.0;126.0;52.0;26.0;521.0;597.0;79
6054;Kollumerland en Nieuwkruisland;2020;12463;3137;6935;2391;11314;660;333;327;489;327;162;47;19;28;43;32;11;25;19;6;9;2;7;365;255;110;139.0;129.0;63.0;22.0;520.0;601.0;79
6055;Kollumerland en Nieuwkruisland;2021;12431;3108;6874;2449;11220;690;358;332;521;350;171;49;19;30;44;34;10;26;19;7;9;2;7;393;276;117;145.0;137.0;65.0;23.0;509.0;594.0;79
6056;Kollumerland en Nieuwkruisland;2022;12394;3091;6819;2484;11138;712;367;345;544;367;177;53;20;33;42;32;10;29;21;8;12;3;9;408;291;117;161.0;142.0;60.0;20.0;515.0;605.0;79
6057;Kollumerland en Nieuwkruisland;2023;12361;3086;6766;2509;11061;737;378;359;563;382;181;56;21;35;45;33;12;33;23;10;13;3;10;416;302;114;159.0;139.0;70.0;38.0;503.0;596.0;79
6058;Kollumerland en Nieuwkruisland;2024;12320;3078;6700;2542;10985;754;393;361;581;397;184;57;20;37;42;31;11;31;22;9;12;3;9;439;321;118;152.0;145.0;63.0;39.0;535.0;604.0;79
6059;Kollumerland en Nieuwkruisland;2025;12281;3075;6626;2580;10910;762;404;358;609;414;195;58;23;35;41;28;13;30;22;8;13;3;10;467;338;129;;;;;;;79
6060;Korendijk;2006;11081;2964;6663;1454;10368;460;167;293;253;159;94;47;27;20;39;12;27;7;4;3;7;2;5;153;114;39;135.0;101.0;10.0;21.0;325.0;344.0;588
6061;Korendijk;2007;11086;2938;6632;1516;10307;492;174;318;287;183;104;59;34;25;39;13;26;11;6;5;11;5;6;167;125;42;139.0;80.0;14.0;26.0;304.0;349.0;588
6062;Korendijk;2008;11092;2918;6595;1579;10251;539;188;351;302;190;112;63;37;26;44;17;27;13;7;6;13;5;8;169;124;45;140.0;95.0;17.0;21.0;308.0;355.0;588
6063;Korendijk;2009;11084;2887;6553;1644;10191;565;191;374;328;207;121;68;40;28;43;16;27;20;8;12;16;8;8;181;135;46;137.0;90.0;23.0;25.0;309.0;356.0;588
6064;Korendijk;2010;11080;2878;6491;1711;10136;590;196;394;354;225;129;66;38;28;45;19;26;23;12;11;19;9;10;201;147;54;128.0;107.0;18.0;23.0;319.0;347.0;588
6065;Korendijk;2011;11068;2845;6451;1772;10052;616;214;402;400;245;155;74;40;34;47;20;27;27;14;13;22;9;13;230;162;68;110.0;101.0;20.0;31.0;334.0;351.0;588
6066;Korendijk;2012;11049;2811;6364;1874;9994;639;232;407;416;254;162;79;44;35;48;22;26;26;13;13;27;11;16;236;164;72;106.0;95.0;29.0;19.0;306.0;332.0;588
6067;Korendijk;2013;11043;2781;6292;1970;9932;670;240;430;441;270;171;88;47;41;48;23;25;30;14;16;28;12;16;247;174;73;130.0;109.0;18.0;22.0;314.0;346.0;588
6068;Korendijk;2014;11028;2766;6209;2053;9841;724;258;466;463;279;184;95;46;49;49;24;25;31;13;18;28;13;15;260;183;77;109.0;98.0;19.0;23.0;327.0;341.0;588
6069;Korendijk;2015;11019;2736;6157;2126;9776;750;263;487;493;295;198;97;48;49;54;25;29;36;14;22;29;14;15;277;194;83;129.0;98.0;21.0;30.0;304.0;341.0;588
6070;Korendijk;2016;11004;2740;6060;2204;9692;787;281;506;525;304;221;107;50;57;60;28;32;39;14;25;29;13;16;290;199;91;124.0;112.0;16.0;35.0;332.0;332.0;588
6071;Korendijk;2017;10996;2735;5989;2272;9617;813;301;512;566;315;251;115;54;61;63;28;35;41;15;26;39;14;25;308;204;104;114.0;119.0;24.0;40.0;350.0;337.0;588
6072;Korendijk;2018;10990;2716;5948;2326;9558;832;314;518;600;326;274;128;62;66;64;27;37;41;15;26;47;14;33;320;208;112;120.0;107.0;19.0;22.0;299.0;337.0;588
6073;Korendijk;2019;10964;2684;5904;2376;9485;858;326;532;621;333;288;128;61;67;65;27;38;43;15;28;48;14;34;337;216;121;116.0;123.0;20.0;29.0;353.0;344.0;588
6074;Korendijk;2020;10956;2689;5850;2417;9418;888;341;547;650;348;302;129;61;68;70;31;39;42;14;28;50;13;37;359;229;130;122.0;118.0;30.0;35.0;316.0;342.0;588
6075;Korendijk;2021;10932;2639;5839;2454;9351;905;353;552;676;365;311;125;57;68;74;34;40;43;13;30;55;14;41;379;247;132;118.0;128.0;23.0;34.0;357.0;361.0;588
6076;Korendijk;2022;10909;2614;5784;2511;9293;925;358;567;691;370;321;124;55;69;75;34;41;43;13;30;54;14;40;395;254;141;118.0;126.0;23.0;28.0;349.0;354.0;588
6077;Korendijk;2023;10890;2585;5745;2560;9216;958;372;586;716;377;339;126;53;73;74;34;40;48;14;34;58;17;41;410;259;151;112.0;127.0;19.0;33.0;359.0;347.0;588
6078;Korendijk;2024;10873;2555;5746;2572;9158;971;375;596;744;380;364;124;50;74;79;35;44;52;15;37;60;18;42;429;262;167;108.0;131.0;23.0;29.0;357.0;344.0;588
6079;Korendijk;2025;10857;2539;5679;2639;9073;1008;384;624;776;399;377;128;49;79;83;38;45;50;15;35;59;18;41;456;279;177;;;;;;;588
6080;Krimpen aan den IJssel;2006;29172;7334;16923;4915;25325;2364;889;1475;1483;880;603;331;141;190;149;70;79;133;79;54;137;66;71;733;524;209;316.0;233.0;52.0;81.0;842.0;957.0;542
6081;Krimpen aan den IJssel;2007;29112;7236;16857;5019;25178;2404;889;1515;1530;871;659;356;142;214;161;74;87;136;77;59;140;64;76;737;514;223;319.0;257.0;43.0;81.0;873.0;960.0;542
6082;Krimpen aan den IJssel;2008;29053;7149;16792;5112;25029;2444;892;1552;1580;860;720;383;144;239;167;75;92;141;78;63;141;60;81;748;503;245;309.0;260.0;42.0;84.0;884.0;955.0;542
6083;Krimpen aan den IJssel;2009;28994;7052;16694;5248;24873;2481;895;1586;1640;862;778;401;140;261;176;77;99;140;77;63;148;60;88;775;508;267;306.0;259.0;35.0;76.0;906.0;976.0;542
6084;Krimpen aan den IJssel;2010;28933;6966;16610;5357;24714;2503;885;1618;1716;876;840;422;142;280;191;82;109;144;77;67;153;59;94;806;516;290;297.0;246.0;41.0;80.0;888.0;960.0;542
6085;Krimpen aan den IJssel;2011;28875;6826;16631;5418;24563;2531;878;1653;1781;895;886;439;142;297;204;90;114;152;77;75;159;60;99;827;526;301;301.0;277.0;39.0;93.0;955.0;984.0;542
6086;Krimpen aan den IJssel;2012;28817;6731;16446;5640;24423;2558;878;1680;1836;896;940;461;138;323;210;92;118;155;74;81;158;56;102;852;536;316;325.0;284.0;46.0;88.0;927.0;982.0;542
6087;Krimpen aan den IJssel;2013;28760;6671;16300;5789;24271;2583;886;1697;1906;896;1010;484;131;353;225;98;127;158;73;85;161;56;105;878;538;340;287.0;270.0;55.0;87.0;937.0;981.0;542
6088;Krimpen aan den IJssel;2014;28701;6615;16155;5931;24115;2622;896;1726;1964;895;1069;505;131;374;230;100;130;163;72;91;170;56;114;896;536;360;303.0;291.0;60.0;72.0;912.0;973.0;542
6089;Krimpen aan den IJssel;2015;28643;6526;16089;6028;23964;2637;881;1756;2042;919;1123;519;129;390;233;100;133;164;69;95;176;53;123;950;568;382;311.0;300.0;48.0;66.0;940.0;973.0;542
6090;Krimpen aan den IJssel;2016;28605;6458;16059;6088;23825;2674;893;1781;2106;927;1179;546;130;416;247;100;147;167;73;94;181;54;127;965;570;395;301.0;289.0;45.0;70.0;959.0;976.0;542
6091;Krimpen aan den IJssel;2017;28578;6401;16031;6146;23680;2725;930;1795;2173;941;1232;575;132;443;249;99;150;168;71;97;182;53;129;999;586;413;321.0;287.0;50.0;65.0;938.0;984.0;542
6092;Krimpen aan den IJssel;2018;28549;6371;15990;6188;23539;2772;944;1828;2238;954;1284;603;131;472;254;106;148;171;68;103;181;52;129;1029;597;432;305.0;291.0;47.0;71.0;965.0;978.0;542
6093;Krimpen aan den IJssel;2019;28527;6362;15934;6231;23411;2811;948;1863;2305;958;1347;637;134;503;253;102;151;175;68;107;187;52;135;1053;602;451;329.0;290.0;53.0;63.0;917.0;989.0;542
6094;Krimpen aan den IJssel;2020;28485;6316;15875;6294;23288;2841;941;1900;2356;954;1402;646;131;515;265;104;161;180;69;111;197;52;145;1068;598;470;333.0;302.0;45.0;57.0;928.0;978.0;542
6095;Krimpen aan den IJssel;2021;28454;6284;15818;6352;23157;2884;947;1937;2413;955;1458;671;134;537;277;112;165;181;69;112;203;53;150;1081;587;494;331.0;305.0;58.0;76.0;937.0;971.0;542
6096;Krimpen aan den IJssel;2022;28429;6283;15769;6377;23041;2925;958;1967;2463;960;1503;692;136;556;289;110;179;183;68;115;206;52;154;1093;594;499;326.0;307.0;50.0;78.0;955.0;958.0;542
6097;Krimpen aan den IJssel;2023;28419;6252;15754;6413;22922;2974;986;1988;2523;959;1564;703;137;566;301;116;185;190;68;122;217;56;161;1112;582;530;301.0;319.0;52.0;86.0;1009.0;977.0;542
6098;Krimpen aan den IJssel;2024;28400;6217;15742;6441;22800;3030;1010;2020;2570;957;1613;718;139;579;309;121;188;194;66;128;213;54;159;1136;577;559;301.0;313.0;33.0;86.0;1028.0;973.0;542
6099;Krimpen aan den IJssel;2025;28390;6212;15724;6454;22696;3038;1007;2031;2656;979;1677;755;143;612;319;125;194;203;66;137;221;55;166;1158;590;568;;;;;;;542
6100;Laarbeek;2006;21634;5401;13235;2998;20173;1118;456;662;343;231;112;45;21;24;35;18;17;28;16;12;15;9;6;220;167;53;227.0;172.0;40.0;79.0;537.0;591.0;1659
6101;Laarbeek;2007;21601;5314;13212;3075;20099;1147;463;684;355;239;116;48;23;25;34;16;18;27;15;12;18;9;9;228;176;52;219.0;175.0;53.0;88.0;555.0;591.0;1659
6102;Laarbeek;2008;21575;5215;13214;3146;20045;1158;469;689;372;253;119;53;25;28;38;19;19;24;12;12;18;7;11;239;190;49;212.0;179.0;58.0;87.0;551.0;594.0;1659
6103;Laarbeek;2009;21539;5125;13187;3227;19987;1174;470;704;378;257;121;55;25;30;36;17;19;26;12;14;19;7;12;242;196;46;219.0;178.0;55.0;94.0;543.0;586.0;1659
6104;Laarbeek;2010;21503;5048;13124;3331;19925;1201;472;729;377;256;121;54;26;28;39;18;21;26;12;14;21;8;13;237;192;45;203.0;195.0;40.0;85.0;580.0;589.0;1659
6105;Laarbeek;2011;21457;4979;13050;3428;19839;1233;482;751;385;258;127;52;24;28;42;19;23;30;13;17;20;6;14;241;196;45;205.0;187.0;51.0;89.0;560.0;589.0;1659
6106;Laarbeek;2012;21409;4856;12955;3598;19744;1270;503;767;395;263;132;52;23;29;41;18;23;31;13;18;21;7;14;250;202;48;192.0;193.0;52.0;83.0;571.0;593.0;1659
6107;Laarbeek;2013;21357;4746;12860;3751;19646;1291;507;784;420;272;148;55;25;30;46;20;26;36;12;24;23;7;16;260;208;52;190.0;204.0;65.0;97.0;574.0;588.0;1659
6108;Laarbeek;2014;21303;4662;12751;3890;19569;1288;512;776;446;288;158;57;26;31;47;21;26;37;11;26;24;7;17;281;223;58;211.0;196.0;45.0;93.0;573.0;588.0;1659
6109;Laarbeek;2015;21256;4581;12642;4033;19488;1311;517;794;457;288;169;55;24;31;45;19;26;36;10;26;26;7;19;295;228;67;205.0;198.0;53.0;99.0;577.0;585.0;1659
6110;Laarbeek;2016;21210;4502;12556;4152;19392;1344;523;821;474;289;185;60;25;35;44;19;25;41;12;29;30;7;23;299;226;73;208.0;207.0;44.0;104.0;579.0;575.0;1659
6111;Laarbeek;2017;21155;4444;12453;4258;19324;1346;517;829;485;288;197;63;26;37;47;21;26;47;14;33;30;6;24;298;221;77;205.0;221.0;59.0;83.0;572.0;580.0;1659
6112;Laarbeek;2018;21108;4421;12334;4353;19217;1386;527;859;505;304;201;64;27;37;48;23;25;48;14;34;33;7;26;312;233;79;218.0;216.0;58.0;73.0;536.0;582.0;1659
6113;Laarbeek;2019;21051;4361;12263;4427;19141;1394;524;870;516;308;208;65;28;37;47;23;24;52;16;36;34;7;27;318;234;84;212.0;214.0;58.0;97.0;552.0;578.0;1659
6114;Laarbeek;2020;20983;4306;12172;4505;19060;1405;526;879;518;311;207;66;27;39;50;25;25;49;16;33;37;8;29;316;235;81;218.0;230.0;48.0;96.0;578.0;569.0;1659
6115;Laarbeek;2021;20933;4269;12086;4578;18977;1422;536;886;534;322;212;65;26;39;51;25;26;49;15;34;39;8;31;330;248;82;225.0;222.0;40.0;71.0;551.0;574.0;1659
6116;Laarbeek;2022;20884;4252;11932;4700;18912;1427;543;884;545;325;220;63;26;37;52;25;27;49;14;35;43;7;36;338;253;85;219.0;229.0;51.0;88.0;562.0;571.0;1659
6117;Laarbeek;2023;20828;4214;11803;4811;18843;1435;532;903;550;327;223;61;24;37;49;23;26;53;17;36;45;7;38;342;256;86;232.0;243.0;49.0;77.0;553.0;566.0;1659
6118;Laarbeek;2024;20777;4198;11673;4906;18777;1428;520;908;572;333;239;61;23;38;54;26;28;54;17;37;47;7;40;356;260;96;246.0;242.0;45.0;87.0;549.0;566.0;1659
6119;Laarbeek;2025;20725;4225;11508;4992;18686;1457;518;939;582;331;251;60;23;37;61;29;32;58;18;40;49;7;42;354;254;100;;;;;;;1659
6120;Landerd;2006;14806;3887;9020;1899;13806;698;285;413;302;204;98;26;15;11;28;18;10;17;7;10;19;6;13;212;158;54;148.0;131.0;35.0;52.0;421.0;390.0;1685
6121;Landerd;2007;14838;3844;9049;1945;13798;726;289;437;314;209;105;29;15;14;26;15;11;18;8;10;22;8;14;219;163;56;142.0;128.0;27.0;49.0;415.0;395.0;1685
6122;Landerd;2008;14850;3789;9075;1986;13759;756;299;457;335;222;113;27;14;13;26;15;11;24;8;16;26;11;15;232;174;58;143.0;136.0;26.0;29.0;399.0;407.0;1685
6123;Landerd;2009;14848;3725;9067;2056;13731;778;304;474;339;224;115;27;15;12;24;13;11;22;7;15;23;10;13;243;179;64;139.0;137.0;31.0;44.0;392.0;395.0;1685
6124;Landerd;2010;14835;3651;9091;2093;13675;795;313;482;365;243;122;26;15;11;24;13;11;25;7;18;21;10;11;269;198;71;140.0;136.0;31.0;52.0;410.0;404.0;1685
6125;Landerd;2011;14826;3604;9049;2173;13654;797;315;482;375;247;128;25;15;10;29;18;11;28;8;20;21;10;11;272;196;76;148.0;139.0;31.0;40.0;397.0;406.0;1685
6126;Landerd;2012;14819;3560;9002;2257;13624;796;304;492;399;263;136;29;17;12;32;21;11;33;10;23;23;11;12;282;204;78;139.0;138.0;30.0;42.0;415.0;406.0;1685
6127;Landerd;2013;14816;3517;8938;2361;13587;808;311;497;421;277;144;28;17;11;34;23;11;34;9;25;28;12;16;297;216;81;148.0;135.0;30.0;34.0;401.0;408.0;1685
6128;Landerd;2014;14818;3468;8896;2454;13564;832;315;517;422;279;143;30;18;12;34;21;13;29;7;22;28;11;17;301;222;79;145.0;144.0;34.0;43.0;410.0;410.0;1685
6129;Landerd;2015;14813;3423;8835;2555;13531;851;329;522;431;277;154;31;19;12;33;21;12;31;8;23;32;11;21;304;218;86;143.0;140.0;30.0;43.0;418.0;412.0;1685
6130;Landerd;2016;14812;3337;8815;2660;13509;859;340;519;444;284;160;35;22;13;33;22;11;33;10;23;35;12;23;308;218;90;161.0;149.0;34.0;40.0;402.0;412.0;1685
6131;Landerd;2017;14808;3300;8755;2753;13481;879;346;533;448;283;165;37;23;14;36;24;12;30;9;21;39;11;28;306;216;90;166.0;152.0;30.0;48.0;398.0;409.0;1685
6132;Landerd;2018;14795;3250;8706;2839;13462;886;356;530;447;275;172;37;23;14;36;26;10;31;10;21;39;10;29;304;206;98;154.0;162.0;32.0;50.0;414.0;408.0;1685
6133;Landerd;2019;14774;3187;8669;2918;13426;892;354;538;456;280;176;37;22;15;35;25;10;35;11;24;38;10;28;311;212;99;156.0;162.0;31.0;41.0;417.0;418.0;1685
6134;Landerd;2020;14758;3131;8626;3001;13390;898;356;542;470;290;180;39;24;15;35;25;10;38;10;28;39;11;28;319;220;99;156.0;165.0;25.0;42.0;415.0;403.0;1685
6135;Landerd;2021;14744;3095;8555;3094;13352;910;355;555;482;299;183;39;24;15;38;27;11;38;10;28;37;11;26;330;227;103;168.0;167.0;32.0;43.0;411.0;410.0;1685
6136;Landerd;2022;14737;3072;8502;3163;13307;932;371;561;498;304;194;41;26;15;39;29;10;41;8;33;38;11;27;339;230;109;177.0;174.0;26.0;46.0;399.0;406.0;1685
6137;Landerd;2023;14716;3097;8389;3230;13279;937;367;570;500;312;188;40;28;12;39;29;10;39;8;31;37;12;25;345;235;110;179.0;171.0;22.0;38.0;389.0;402.0;1685
6138;Landerd;2024;14698;3100;8326;3272;13228;944;369;575;526;322;204;45;31;14;40;29;11;43;9;34;37;10;27;361;243;118;183.0;177.0;31.0;37.0;376.0;389.0;1685
6139;Landerd;2025;14687;3121;8232;3334;13189;956;371;585;542;332;210;45;31;14;38;27;11;44;10;34;36;9;27;379;255;124;;;;;;;1685
6140;Landgraaf;2006;39123;8178;24542;6403;29802;8364;2304;6060;957;572;385;48;17;31;63;25;38;135;83;52;80;36;44;631;411;220;326.0;421.0;123.0;356.0;1338.0;1330.0;882
6141;Landgraaf;2007;38807;7972;24343;6492;29674;8160;2178;5982;973;569;404;48;15;33;66;27;39;140;81;59;89;40;49;630;406;224;316.0;425.0;107.0;332.0;1359.0;1321.0;882
6142;Landgraaf;2008;38516;7772;24150;6594;29582;7962;2062;5900;972;560;412;49;16;33;67;28;39;145;82;63;92;43;49;619;391;228;312.0;426.0;113.0;323.0;1364.0;1316.0;882
6143;Landgraaf;2009;38245;7595;23915;6735;29488;7787;1964;5823;970;545;425;54;19;35;64;23;41;145;80;65;92;44;48;615;379;236;312.0;426.0;124.0;313.0;1353.0;1314.0;882
6144;Landgraaf;2010;37984;7441;23696;6847;29342;7637;1890;5747;1005;549;456;58;19;39;67;23;44;148;79;69;98;44;54;634;384;250;319.0;438.0;105.0;299.0;1350.0;1306.0;882
6145;Landgraaf;2011;37718;7272;23421;7025;29237;7473;1811;5662;1008;541;467;58;19;39;65;23;42;140;71;69;106;46;60;639;382;257;313.0;430.0;115.0;276.0;1320.0;1291.0;882
6146;Landgraaf;2012;37469;7108;23164;7197;29107;7349;1756;5593;1013;538;475;62;19;43;67;27;40;143;69;74;108;46;62;633;377;256;315.0;452.0;106.0;294.0;1334.0;1279.0;882
6147;Landgraaf;2013;37202;6968;22850;7384;28974;7204;1689;5515;1024;534;490;64;17;47;66;30;36;147;69;78;113;48;65;634;370;264;331.0;456.0;88.0;255.0;1314.0;1276.0;882
6148;Landgraaf;2014;36948;6859;22549;7540;28893;7034;1629;5405;1021;512;509;66;17;49;69;31;38;149;69;80;120;47;73;617;348;269;339.0;465.0;82.0;265.0;1314.0;1251.0;882
6149;Landgraaf;2015;36703;6767;22194;7742;28820;6854;1551;5303;1029;499;530;69;16;53;70;29;41;151;67;84;120;46;74;619;341;278;339.0;462.0;80.0;268.0;1312.0;1246.0;882
6150;Landgraaf;2016;36456;6703;21850;7903;28730;6690;1470;5220;1036;491;545;73;19;54;71;30;41;156;65;91;122;46;76;614;331;283;323.0;468.0;86.0;230.0;1288.0;1241.0;882
6151;Landgraaf;2017;36214;6662;21508;8044;28607;6557;1428;5129;1050;489;561;78;24;54;69;26;43;158;65;93;131;47;84;614;327;287;327.0;463.0;84.0;228.0;1260.0;1219.0;882
6152;Landgraaf;2018;35978;6595;21172;8211;28497;6433;1393;5040;1048;482;566;87;28;59;71;27;44;157;65;92;133;48;85;600;314;286;320.0;475.0;69.0;226.0;1277.0;1209.0;882
6153;Landgraaf;2019;35737;6515;20849;8373;28399;6282;1337;4945;1056;478;578;94;31;63;76;30;46;156;61;95;140;50;90;590;306;284;341.0;483.0;62.0;198.0;1228.0;1186.0;882
6154;Landgraaf;2020;35504;6487;20500;8517;28268;6166;1296;4870;1070;474;596;102;36;66;81;32;49;158;65;93;144;49;95;585;292;293;349.0;487.0;67.0;194.0;1231.0;1185.0;882
6155;Landgraaf;2021;35290;6441;20205;8644;28162;6052;1277;4775;1076;470;606;107;37;70;84;33;51;160;64;96;150;48;102;575;288;287;335.0;492.0;61.0;200.0;1225.0;1165.0;882
6156;Landgraaf;2022;35054;6396;19903;8755;28056;5906;1237;4669;1092;473;619;115;40;75;82;35;47;158;61;97;153;46;107;584;291;293;335.0;506.0;63.0;189.0;1230.0;1163.0;882
6157;Landgraaf;2023;34826;6391;19549;8886;27964;5747;1196;4551;1115;480;635;122;41;81;90;37;53;163;61;102;158;49;109;582;292;290;333.0;496.0;53.0;203.0;1221.0;1141.0;882
6158;Landgraaf;2024;34595;6383;19207;9005;27859;5594;1149;4445;1142;490;652;130;45;85;97;39;58;162;61;101;166;51;115;587;294;293;309.0;513.0;72.0;155.0;1212.0;1141.0;882
6159;Landgraaf;2025;34386;6334;18944;9108;27743;5483;1148;4335;1160;499;661;130;47;83;102;39;63;161;59;102;176;53;123;591;301;290;;;;;;;882
6160;Landsmeer;2006;10279;2446;6115;1718;8982;841;284;557;456;236;220;145;63;82;31;12;19;20;13;7;24;9;15;236;139;97;76.0;90.0;24.0;38.0;370.0;363.0;415
6161;Landsmeer;2007;10257;2409;6070;1778;8889;872;296;576;496;263;233;150;64;86;37;17;20;19;13;6;26;10;16;264;159;105;79.0;107.0;30.0;30.0;373.0;361.0;415
6162;Landsmeer;2008;10241;2350;6057;1834;8796;908;306;602;537;285;252;161;68;93;36;17;19;21;14;7;30;12;18;289;174;115;79.0;110.0;32.0;38.0;374.0;358.0;415
6163;Landsmeer;2009;10219;2311;6014;1894;8715;912;302;610;592;323;269;169;71;98;39;19;20;26;18;8;35;14;21;323;201;122;72.0;110.0;34.0;34.0;403.0;372.0;415
6164;Landsmeer;2010;10211;2271;5977;1963;8653;941;312;629;617;320;297;176;70;106;39;17;22;28;19;9;36;12;24;338;202;136;78.0;116.0;29.0;39.0;405.0;371.0;415
6165;Landsmeer;2011;10198;2203;5971;2024;8559;966;323;643;673;345;328;190;73;117;43;20;23;32;21;11;47;14;33;361;217;144;77.0;123.0;38.0;42.0;417.0;381.0;415
6166;Landsmeer;2012;10184;2178;5893;2113;8477;1003;341;662;704;355;349;196;72;124;46;22;24;38;22;16;51;17;34;373;222;151;80.0;117.0;23.0;49.0;419.0;374.0;415
6167;Landsmeer;2013;10166;2139;5811;2216;8403;1023;343;680;740;375;365;198;72;126;52;23;29;39;23;16;58;18;40;393;239;154;81.0;124.0;30.0;42.0;403.0;370.0;415
6168;Landsmeer;2014;10144;2117;5714;2313;8327;1049;353;696;768;385;383;207;75;132;51;22;29;40;22;18;58;18;40;412;248;164;89.0;128.0;29.0;43.0;429.0;386.0;415
6169;Landsmeer;2015;10132;2070;5674;2388;8248;1074;359;715;810;401;409;216;80;136;54;22;32;45;24;21;67;20;47;428;255;173;72.0;120.0;26.0;40.0;436.0;386.0;415
6170;Landsmeer;2016;10122;2040;5632;2450;8170;1110;379;731;842;406;436;220;82;138;62;27;35;47;24;23;77;22;55;436;251;185;79.0;135.0;31.0;45.0;416.0;370.0;415
6171;Landsmeer;2017;10100;2010;5586;2504;8086;1147;398;749;867;409;458;230;83;147;61;24;37;49;24;25;77;23;54;450;255;195;87.0;125.0;31.0;40.0;418.0;381.0;415
6172;Landsmeer;2018;10088;1996;5529;2563;8002;1173;413;760;913;419;494;234;81;153;61;24;37;55;25;30;84;26;58;479;263;216;109.0;131.0;25.0;46.0;406.0;374.0;415
6173;Landsmeer;2019;10078;1977;5495;2606;7939;1196;416;780;943;427;516;244;84;160;61;25;36;56;26;30;91;27;64;491;265;226;83.0;136.0;23.0;48.0;447.0;386.0;415
6174;Landsmeer;2020;10061;1951;5439;2671;7864;1214;423;791;983;435;548;254;85;169;66;29;37;63;28;35;95;28;67;505;265;240;90.0;139.0;28.0;53.0;441.0;378.0;415
6175;Landsmeer;2021;10049;1917;5418;2714;7807;1228;431;797;1014;434;580;257;84;173;68;28;40;69;31;38;100;28;72;520;263;257;93.0;149.0;27.0;40.0;433.0;378.0;415
6176;Landsmeer;2022;10035;1914;5376;2745;7742;1249;429;820;1044;454;590;255;79;176;68;28;40;71;31;40;103;29;74;547;287;260;95.0;143.0;24.0;41.0;419.0;368.0;415
6177;Landsmeer;2023;10020;1920;5318;2782;7661;1281;447;834;1078;451;627;262;77;185;75;31;44;73;31;42;107;29;78;561;283;278;97.0;146.0;26.0;53.0;432.0;377.0;415
6178;Landsmeer;2024;9999;1930;5251;2818;7574;1311;460;851;1114;464;650;272;77;195;76;31;45;76;33;43;108;29;79;582;294;288;103.0;138.0;21.0;44.0;418.0;376.0;415
6179;Landsmeer;2025;9981;1923;5191;2867;7498;1343;463;880;1140;472;668;279;81;198;83;36;47;74;31;43;115;29;86;589;295;294;;;;;;;415
6180;Langedijk;2006;26124;7127;15956;3041;23676;1453;530;923;995;539;456;114;46;68;118;53;65;49;25;24;261;136;125;453;279;174;301.0;160.0;73.0;103.0;925.0;921.0;416
6181;Langedijk;2007;26240;7033;16034;3173;23728;1475;524;951;1037;574;463;118;48;70;122;56;66;54;28;26;264;139;125;479;303;176;297.0;152.0;64.0;99.0;958.0;927.0;416
6182;Langedijk;2008;26379;6965;16107;3307;23789;1513;540;973;1077;597;480;125;49;76;126;58;68;60;28;32;266;140;126;500;322;178;284.0;164.0;76.0;120.0;987.0;935.0;416
6183;Langedijk;2009;26504;6866;16135;3503;23856;1547;549;998;1101;613;488;137;50;87;121;58;63;60;29;31;271;138;133;512;338;174;303.0;178.0;65.0;113.0;972.0;945.0;416
6184;Langedijk;2010;26610;6781;16146;3683;23908;1580;557;1023;1122;630;492;147;56;91;124;62;62;61;29;32;258;132;126;532;351;181;297.0;171.0;88.0;120.0;976.0;952.0;416
6185;Langedijk;2011;26728;6702;16166;3860;23939;1627;583;1044;1162;657;505;152;57;95;129;66;63;66;32;34;262;138;124;553;364;189;314.0;185.0;70.0;102.0;955.0;948.0;416
6186;Langedijk;2012;26836;6645;16058;4133;23957;1668;599;1069;1211;683;528;166;63;103;130;66;64;66;32;34;263;137;126;586;385;201;309.0;184.0;83.0;104.0;964.0;955.0;416
6187;Langedijk;2013;26951;6574;15981;4396;23988;1727;631;1096;1236;688;548;177;68;109;137;69;68;72;32;40;257;132;125;593;387;206;309.0;189.0;87.0;117.0;953.0;949.0;416
6188;Langedijk;2014;27051;6508;15882;4661;24036;1757;642;1115;1258;687;571;190;69;121;135;67;68;75;31;44;262;134;128;596;386;210;303.0;205.0;72.0;95.0;988.0;955.0;416
6189;Langedijk;2015;27162;6462;15827;4873;24079;1805;661;1144;1278;706;572;184;66;118;144;75;69;72;30;42;267;138;129;611;397;214;320.0;208.0;78.0;103.0;958.0;947.0;416
6190;Langedijk;2016;27261;6434;15714;5113;24117;1851;688;1163;1293;713;580;192;69;123;145;77;68;75;28;47;268;140;128;613;399;214;320.0;204.0;77.0;94.0;953.0;956.0;416
6191;Langedijk;2017;27359;6404;15629;5326;24154;1897;709;1188;1308;725;583;197;73;124;147;80;67;75;28;47;269;138;131;620;406;214;317.0;215.0;75.0;101.0;975.0;954.0;416
6192;Langedijk;2018;27459;6364;15569;5526;24204;1922;713;1209;1333;738;595;201;77;124;148;78;70;78;28;50;272;140;132;634;415;219;317.0;225.0;94.0;97.0;974.0;964.0;416
6193;Langedijk;2019;27556;6301;15526;5729;24220;1968;751;1217;1368;761;607;208;79;129;153;80;73;80;30;50;270;137;133;657;435;222;340.0;240.0;91.0;100.0;951.0;960.0;416
6194;Langedijk;2020;27640;6275;15456;5909;24242;2012;777;1235;1386;772;614;207;77;130;155;83;72;87;33;54;266;138;128;671;441;230;329.0;239.0;76.0;104.0;1004.0;976.0;416
6195;Langedijk;2021;27732;6244;15427;6061;24292;2038;794;1244;1402;779;623;211;79;132;157;85;72;92;33;59;263;132;131;679;450;229;322.0;244.0;84.0;112.0;1023.0;976.0;416
6196;Langedijk;2022;27833;6230;15395;6208;24340;2059;804;1255;1434;792;642;222;79;143;161;85;76;95;33;62;260;132;128;696;463;233;327.0;237.0;71.0;104.0;1012.0;973.0;416
6197;Langedijk;2023;27935;6210;15343;6382;24377;2087;819;1268;1471;796;675;231;79;152;166;88;78;98;32;66;259;130;129;717;467;250;326.0;249.0;85.0;94.0;1006.0;976.0;416
6198;Langedijk;2024;28036;6200;15309;6527;24409;2121;831;1290;1506;803;703;240;79;161;178;96;82;101;32;69;262;129;133;725;467;258;331.0;275.0;71.0;92.0;1014.0;972.0;416
6199;Langedijk;2025;28115;6222;15222;6671;24426;2161;849;1312;1528;802;726;247;77;170;181;91;90;108;34;74;255;127;128;737;473;264;;;;;;;416
6200;Laren (NH.);2006;11287;2404;6182;2701;8991;1547;670;877;749;517;232;64;28;36;34;12;22;29;20;9;19;10;9;603;447;156;101.0;167.0;94.0;138.0;966.0;976.0;417
6201;Laren (NH.);2007;11167;2388;6173;2606;8897;1532;646;886;738;496;242;73;31;42;40;15;25;31;21;10;24;12;12;570;417;153;96.0;174.0;103.0;146.0;980.0;972.0;417
6202;Laren (NH.);2008;11054;2371;6118;2565;8791;1539;619;920;724;479;245;86;38;48;42;17;25;32;22;10;30;15;15;534;387;147;92.0;165.0;95.0;116.0;936.0;965.0;417
6203;Laren (NH.);2009;10934;2346;6077;2511;8651;1566;647;919;717;460;257;95;43;52;42;17;25;36;23;13;32;17;15;512;360;152;97.0;161.0;102.0;130.0;937.0;957.0;417
6204;Laren (NH.);2010;10820;2322;6040;2458;8544;1556;635;921;720;455;265;98;42;56;46;19;27;38;23;15;34;20;14;504;351;153;96.0;151.0;116.0;115.0;904.0;969.0;417
6205;Laren (NH.);2011;10700;2284;6007;2409;8399;1563;643;920;738;453;285;108;44;64;49;22;27;40;24;16;37;21;16;504;342;162;82.0;155.0;119.0;139.0;922.0;961.0;417
6206;Laren (NH.);2012;10569;2265;5885;2419;8237;1556;634;922;776;468;308;116;43;73;49;21;28;42;25;17;42;21;21;527;358;169;89.0;151.0;115.0;124.0;896.0;939.0;417
6207;Laren (NH.);2013;10457;2253;5782;2422;8087;1595;665;930;775;449;326;119;42;77;51;22;29;43;22;21;49;23;26;513;340;173;98.0;144.0;118.0;129.0;883.0;950.0;417
6208;Laren (NH.);2014;10332;2227;5656;2449;7959;1593;663;930;780;442;338;119;37;82;59;26;33;43;23;20;52;21;31;507;335;172;98.0;135.0;121.0;118.0;868.0;957.0;417
6209;Laren (NH.);2015;10209;2226;5545;2438;7796;1602;666;936;811;454;357;127;38;89;60;26;34;43;23;20;58;22;36;523;345;178;103.0;145.0;123.0;126.0;876.0;939.0;417
6210;Laren (NH.);2016;10102;2211;5483;2408;7693;1593;652;941;816;444;372;129;38;91;59;27;32;47;25;22;65;22;43;516;332;184;101.0;146.0;112.0;102.0;856.0;917.0;417
6211;Laren (NH.);2017;10010;2205;5419;2386;7575;1601;664;937;834;454;380;140;38;102;63;30;33;46;28;18;68;22;46;517;336;181;106.0;135.0;88.0;110.0;887.0;930.0;417
6212;Laren (NH.);2018;9915;2193;5349;2373;7466;1589;647;942;860;469;391;141;37;104;64;28;36;45;28;17;82;28;54;528;348;180;105.0;141.0;82.0;117.0;875.0;902.0;417
6213;Laren (NH.);2019;9819;2177;5276;2366;7360;1578;642;936;881;484;397;140;38;102;71;29;42;48;32;16;82;24;58;540;361;179;97.0;128.0;82.0;102.0;874.0;906.0;417
6214;Laren (NH.);2020;9738;2160;5233;2345;7256;1581;642;939;901;482;419;142;37;105;75;30;45;53;34;19;85;23;62;546;358;188;86.0;130.0;92.0;102.0;868.0;908.0;417
6215;Laren (NH.);2021;9645;2124;5170;2351;7162;1572;648;924;911;481;430;150;41;109;82;33;49;50;29;21;92;25;67;537;353;184;90.0;134.0;82.0;107.0;864.0;878.0;417
6216;Laren (NH.);2022;9562;2088;5143;2331;7083;1565;646;919;914;482;432;147;39;108;95;41;54;49;28;21;95;27;68;528;347;181;104.0;140.0;90.0;101.0;873.0;893.0;417
6217;Laren (NH.);2023;9493;2070;5099;2324;6991;1564;662;902;938;494;444;159;44;115;91;41;50;47;26;21;102;29;73;539;354;185;83.0;124.0;83.0;97.0;865.0;891.0;417
6218;Laren (NH.);2024;9413;2036;5046;2331;6883;1561;656;905;969;508;461;160;44;116;100;48;52;46;23;23;111;29;82;552;364;188;86.0;129.0;83.0;102.0;899.0;893.0;417
6219;Laren (NH.);2025;9357;2029;4999;2329;6794;1549;637;912;1014;527;487;167;46;121;96;41;55;49;25;24;119;29;90;583;386;197;;;;;;;417
6220;Leek;2006;19415;5003;11646;2766;17634;958;392;566;823;600;223;129;71;58;40;18;22;75;44;31;11;6;5;568;461;107;185.0;158.0;84.0;64.0;967.0;947.0;22
6221;Leek;2007;19483;4919;11724;2840;17645;997;404;593;841;616;225;127;71;56;47;24;23;71;41;30;12;7;5;584;473;111;188.0;162.0;90.0;56.0;1124.0;960.0;22
6222;Leek;2008;19706;4902;11907;2897;17796;1036;435;601;874;635;239;129;71;58;52;28;24;73;43;30;13;7;6;607;486;121;191.0;174.0;112.0;72.0;1203.0;988.0;22
6223;Leek;2009;19979;4900;12089;2990;17963;1085;470;615;931;674;257;132;75;57;62;35;27;75;44;31;14;7;7;648;513;135;186.0;185.0;119.0;70.0;1242.0;1005.0;22
6224;Leek;2010;20269;4927;12235;3107;18148;1145;497;648;976;711;265;134;76;58;67;41;26;74;44;30;15;7;8;686;543;143;182.0;178.0;115.0;71.0;1274.0;1037.0;22
6225;Leek;2011;20557;4919;12445;3193;18299;1212;539;673;1046;761;285;142;78;64;76;48;28;73;43;30;17;7;10;738;585;153;191.0;183.0;148.0;79.0;1283.0;1059.0;22
6226;Leek;2012;20859;4920;12570;3369;18482;1274;580;694;1103;802;301;142;77;65;90;59;31;71;41;30;18;7;11;782;618;164;222.0;190.0;162.0;88.0;1287.0;1103.0;22
6227;Leek;2013;21151;4931;12714;3506;18650;1338;624;714;1163;849;314;145;81;64;98;65;33;71;41;30;17;7;10;832;655;177;232.0;188.0;177.0;90.0;1287.0;1122.0;22
6228;Leek;2014;21448;4971;12837;3640;18781;1436;698;738;1231;899;332;153;83;70;101;68;33;73;42;31;15;5;10;889;701;188;230.0;192.0;193.0;98.0;1292.0;1130.0;22
6229;Leek;2015;21746;5007;13010;3729;18931;1502;752;750;1313;954;359;162;86;76;109;76;33;76;42;34;15;5;10;951;745;206;233.0;204.0;205.0;108.0;1338.0;1179.0;22
6230;Leek;2016;22033;5031;13189;3813;19075;1586;820;766;1372;998;374;169;92;77;122;87;35;78;43;35;16;5;11;987;771;216;253.0;206.0;224.0;116.0;1307.0;1185.0;22
6231;Leek;2017;22310;5139;13250;3921;19176;1688;907;781;1446;1050;396;178;96;82;136;98;38;76;42;34;17;5;12;1039;809;230;277.0;211.0;251.0;118.0;1282.0;1205.0;22
6232;Leek;2018;22592;5252;13354;3986;19288;1796;988;808;1508;1094;414;184;98;86;138;98;40;77;42;35;18;5;13;1091;851;240;276.0;201.0;269.0;109.0;1276.0;1237.0;22
6233;Leek;2019;22868;5348;13418;4102;19384;1891;1061;830;1593;1140;453;192;100;92;145;103;42;75;41;34;20;5;15;1161;891;270;286.0;213.0;279.0;126.0;1276.0;1251.0;22
6234;Leek;2020;23121;5470;13442;4209;19455;1986;1120;866;1680;1203;477;194;99;95;158;111;47;72;39;33;19;5;14;1237;949;288;305.0;217.0;296.0;129.0;1272.0;1258.0;22
6235;Leek;2021;23392;5606;13464;4322;19511;2115;1209;906;1766;1275;491;196;100;96;171;124;47;73;37;36;20;4;16;1306;1010;296;291.0;224.0;292.0;138.0;1314.0;1293.0;22
6236;Leek;2022;23637;5719;13489;4429;19575;2206;1281;925;1856;1339;517;196;100;96;179;127;52;75;38;37;22;5;17;1384;1069;315;277.0;235.0;313.0;107.0;1294.0;1306.0;22
6237;Leek;2023;23879;5852;13525;4502;19608;2325;1374;951;1946;1409;537;197;103;94;186;134;52;74;38;36;23;5;18;1466;1129;337;321.0;238.0;350.0;139.0;1270.0;1340.0;22
6238;Leek;2024;24107;5985;13548;4574;19622;2433;1475;958;2052;1487;565;202;105;97;202;146;56;75;39;36;25;5;20;1548;1192;356;318.0;236.0;370.0;139.0;1253.0;1344.0;22
6239;Leek;2025;24329;6105;13552;4672;19612;2562;1574;988;2155;1546;609;211;108;103;214;151;63;76;41;35;25;5;20;1629;1241;388;;;;;;;22
6240;Leerdam;2006;21003;5661;12453;2889;16657;1673;539;1134;2673;1406;1267;108;52;56;40;22;18;1835;907;928;292;155;137;398;270;128;280.0;197.0;37.0;53.0;712.0;641.0;545
6241;Leerdam;2007;21143;5695;12529;2919;16727;1674;535;1139;2742;1431;1311;111;56;55;43;24;19;1865;902;963;294;156;138;429;293;136;286.0;195.0;48.0;53.0;607.0;638.0;545
6242;Leerdam;2008;21201;5702;12537;2962;16701;1702;538;1164;2798;1445;1353;115;61;54;44;24;20;1882;894;988;301;162;139;456;304;152;274.0;205.0;44.0;40.0;633.0;636.0;545
6243;Leerdam;2009;21269;5702;12561;3006;16722;1708;524;1184;2839;1446;1393;125;65;60;51;26;25;1879;881;998;306;164;142;478;310;168;264.0;196.0;41.0;56.0;633.0;639.0;545
6244;Leerdam;2010;21315;5677;12568;3070;16745;1721;525;1196;2849;1443;1406;122;62;60;52;25;27;1866;868;998;314;167;147;495;321;174;267.0;187.0;56.0;41.0;597.0;650.0;545
6245;Leerdam;2011;21357;5648;12595;3114;16724;1755;538;1217;2878;1453;1425;125;64;61;57;29;28;1876;867;1009;317;168;149;503;325;178;272.0;201.0;51.0;43.0;612.0;641.0;545
6246;Leerdam;2012;21407;5677;12500;3230;16739;1783;543;1240;2885;1450;1435;131;66;65;62;34;28;1860;849;1011;318;168;150;514;333;181;260.0;198.0;57.0;53.0;614.0;644.0;545
6247;Leerdam;2013;21446;5675;12452;3319;16732;1807;566;1241;2907;1443;1464;135;67;68;65;33;32;1848;832;1016;318;165;153;541;346;195;262.0;201.0;57.0;43.0;618.0;644.0;545
6248;Leerdam;2014;21495;5703;12360;3432;16759;1816;572;1244;2920;1440;1480;139;67;72;62;30;32;1836;819;1017;318;161;157;565;363;202;274.0;217.0;66.0;51.0;614.0;647.0;545
6249;Leerdam;2015;21537;5724;12306;3507;16764;1858;582;1276;2915;1433;1482;145;66;79;62;31;31;1808;807;1001;322;154;168;578;375;203;265.0;193.0;47.0;43.0;613.0;641.0;545
6250;Leerdam;2016;21587;5707;12294;3586;16751;1917;602;1315;2919;1434;1485;155;71;84;66;35;31;1777;786;991;326;156;170;595;386;209;270.0;206.0;48.0;37.0;599.0;653.0;545
6251;Leerdam;2017;21608;5726;12228;3654;16778;1948;600;1348;2882;1411;1471;151;66;85;68;35;33;1742;770;972;327;155;172;594;385;209;272.0;207.0;39.0;41.0;614.0;651.0;545
6252;Leerdam;2018;21635;5744;12146;3745;16790;1960;603;1357;2885;1389;1496;151;63;88;74;38;36;1723;750;973;333;154;179;604;384;220;266.0;207.0;55.0;51.0;620.0;648.0;545
6253;Leerdam;2019;21672;5734;12112;3826;16788;1991;611;1380;2893;1396;1497;160;67;93;79;41;38;1696;741;955;333;154;179;625;393;232;282.0;209.0;47.0;40.0;605.0;655.0;545
6254;Leerdam;2020;21705;5742;12040;3923;16784;2023;630;1393;2898;1379;1519;165;67;98;75;38;37;1687;727;960;337;153;184;634;394;240;264.0;219.0;60.0;36.0;617.0;655.0;545
6255;Leerdam;2021;21741;5727;12027;3987;16784;2052;635;1417;2905;1383;1522;168;64;104;77;39;38;1647;711;936;341;152;189;672;417;255;259.0;208.0;53.0;50.0;628.0;651.0;545
6256;Leerdam;2022;21775;5663;12008;4104;16806;2048;631;1417;2921;1402;1519;165;59;106;81;42;39;1619;707;912;349;151;198;707;443;264;274.0;216.0;54.0;52.0;637.0;669.0;545
6257;Leerdam;2023;21804;5630;11982;4192;16809;2054;633;1421;2941;1408;1533;168;59;109;85;44;41;1596;696;900;358;151;207;734;458;276;275.0;225.0;50.0;49.0;613.0;658.0;545
6258;Leerdam;2024;21812;5595;11940;4277;16804;2067;631;1436;2941;1412;1529;175;63;112;87;43;44;1562;685;877;363;154;209;754;467;287;292.0;244.0;52.0;33.0;605.0;669.0;545
6259;Leerdam;2025;21817;5573;11904;4340;16819;2072;626;1446;2926;1402;1524;178;61;117;89;45;44;1528;676;852;368;152;216;763;468;295;;;;;;;545
6260;Leersum;2006;7444;1788;4271;1385;6326;629;259;370;489;335;154;29;13;16;37;15;22;9;3;6;97;55;42;317;249;68;78.0;79.0;33.0;23.0;328.0;357.0;326
6261;Leersum;2007;7423;1778;4254;1391;6281;643;254;389;499;339;160;37;15;22;38;15;23;18;10;8;96;54;42;310;245;65;60.0;81.0;34.0;30.0;339.0;362.0;326
6262;Leersum;2008;7382;1726;4213;1443;6222;653;259;394;507;342;165;46;19;27;39;17;22;19;11;8;96;53;43;307;242;65;61.0;74.0;39.0;24.0;310.0;357.0;326
6263;Leersum;2009;7338;1705;4156;1477;6151;670;265;405;517;344;173;52;18;34;35;15;20;21;12;9;93;51;42;316;248;68;67.0;87.0;32.0;24.0;320.0;352.0;326
6264;Leersum;2010;7292;1689;4096;1507;6077;678;275;403;537;351;186;57;23;34;34;16;18;22;9;13;100;55;45;324;248;76;67.0;83.0;39.0;24.0;297.0;342.0;326
6265;Leersum;2011;7247;1665;4052;1530;6008;692;280;412;547;353;194;56;21;35;38;21;17;25;9;16;98;53;45;330;249;81;60.0;77.0;47.0;33.0;309.0;346.0;326
6266;Leersum;2012;7206;1627;4000;1579;5928;714;301;413;564;362;202;64;27;37;38;21;17;28;10;18;99;54;45;335;250;85;52.0;76.0;47.0;31.0;314.0;352.0;326
6267;Leersum;2013;7157;1571;3984;1602;5830;758;310;448;569;356;213;66;30;36;42;23;19;30;10;20;105;54;51;326;239;87;64.0;89.0;51.0;35.0;312.0;357.0;326
6268;Leersum;2014;7102;1553;3933;1616;5753;764;307;457;585;359;226;68;33;35;40;20;20;32;12;20;110;55;55;335;239;96;49.0;83.0;53.0;37.0;334.0;354.0;326
6269;Leersum;2015;7063;1497;3926;1640;5688;788;319;469;587;362;225;71;39;32;40;19;21;33;13;20;114;57;57;329;234;95;73.0;85.0;56.0;35.0;293.0;352.0;326
6270;Leersum;2016;7011;1493;3866;1652;5601;817;339;478;593;360;233;75;38;37;41;20;21;36;15;21;112;55;57;329;232;97;59.0;75.0;46.0;35.0;305.0;348.0;326
6271;Leersum;2017;6965;1464;3801;1700;5547;819;343;476;599;364;235;77;40;37;46;24;22;36;17;19;115;56;59;325;227;98;52.0;101.0;45.0;27.0;334.0;355.0;326
6272;Leersum;2018;6912;1435;3778;1699;5466;829;353;476;617;376;241;83;42;41;50;26;24;34;17;17;116;56;60;334;235;99;54.0;94.0;47.0;30.0;325.0;348.0;326
6273;Leersum;2019;6868;1409;3723;1736;5382;842;360;482;644;385;259;90;45;45;54;28;26;38;18;20;117;56;61;345;238;107;52.0;91.0;43.0;33.0;328.0;346.0;326
6274;Leersum;2020;6821;1367;3694;1760;5303;861;363;498;657;386;271;96;48;48;59;31;28;39;19;20;116;56;60;347;232;115;50.0;85.0;45.0;28.0;312.0;339.0;326
6275;Leersum;2021;6775;1342;3652;1781;5226;884;370;514;665;394;271;97;48;49;64;36;28;40;20;20;113;55;58;351;235;116;60.0;89.0;55.0;34.0;297.0;342.0;326
6276;Leersum;2022;6721;1317;3606;1798;5170;886;372;514;665;392;273;92;46;46;69;38;31;44;22;22;113;56;57;347;230;117;63.0;95.0;44.0;30.0;310.0;328.0;326
6277;Leersum;2023;6685;1303;3585;1797;5087;905;375;530;693;399;294;97;50;47;66;35;31;49;23;26;122;56;66;359;235;124;68.0;100.0;45.0;16.0;281.0;322.0;326
6278;Leersum;2024;6640;1322;3511;1807;5001;920;384;536;719;414;305;101;53;48;66;36;30;57;25;32;125;57;68;370;243;127;70.0;84.0;52.0;36.0;279.0;319.0;326
6279;Leersum;2025;6601;1309;3464;1828;4923;937;396;541;741;424;317;99;53;46;71;39;32;57;24;33;129;58;71;385;250;135;;;;;;;326
6280;Leeuwarden;2006;91517;20146;58240;13131;76922;6331;2586;3745;8264;5389;2875;1353;727;626;795;569;226;471;257;214;992;486;506;4653;3350;1303;1018.0;990.0;589.0;560.0;4671.0;4198.0;80
6281;Leeuwarden;2007;92051;20399;58538;13114;77283;6397;2623;3774;8371;5346;3025;1382;723;659;804;558;246;496;274;222;1003;484;519;4686;3307;1379;1040.0;975.0;647.0;549.0;4654.0;4134.0;80
6282;Leeuwarden;2008;92743;20740;58877;13126;77842;6499;2745;3754;8402;5266;3136;1377;718;659;800;545;255;511;277;234;1025;482;543;4689;3244;1445;1048.0;972.0;676.0;584.0;4577.0;4079.0;80
6283;Leeuwarden;2009;93413;21031;59195;13187;78246;6654;2877;3777;8513;5252;3261;1374;718;656;788;527;261;555;293;262;1030;479;551;4766;3235;1531;1064.0;964.0;715.0;577.0;4511.0;4049.0;80
6284;Leeuwarden;2010;94120;21305;59430;13385;78670;6787;3000;3787;8663;5260;3403;1377;713;664;797;526;271;570;300;270;1043;484;559;4876;3237;1639;1070.0;987.0;742.0;581.0;4508.0;4024.0;80
6285;Leeuwarden;2011;94848;21578;59746;13524;79114;6929;3101;3828;8805;5255;3550;1357;706;651;827;536;291;583;304;279;1059;483;576;4979;3226;1753;1089.0;979.0;756.0;571.0;4476.0;4025.0;80
6286;Leeuwarden;2012;95601;21818;59790;13993;79564;7079;3250;3829;8958;5259;3699;1378;715;663;844;541;303;610;308;302;1076;486;590;5050;3209;1841;1075.0;971.0;782.0;586.0;4470.0;4017.0;80
6287;Leeuwarden;2013;96362;22064;59909;14389;79992;7257;3400;3857;9113;5301;3812;1393;721;672;854;546;308;628;317;311;1082;481;601;5156;3236;1920;1067.0;975.0;812.0;612.0;4461.0;4011.0;80
6288;Leeuwarden;2014;97111;22297;60043;14771;80350;7457;3550;3907;9304;5343;3961;1417;732;685;883;559;324;669;334;335;1086;479;607;5249;3239;2010;1078.0;975.0;800.0;594.0;4457.0;4007.0;80
6289;Leeuwarden;2015;97878;22502;60294;15082;80714;7659;3705;3954;9505;5427;4078;1428;736;692;896;571;325;685;333;352;1080;474;606;5416;3313;2103;1061.0;973.0;821.0;589.0;4445.0;4020.0;80
6290;Leeuwarden;2016;98630;22658;60532;15440;81129;7849;3849;4000;9652;5480;4172;1422;749;673;918;580;338;721;352;369;1091;470;621;5500;3329;2171;1041.0;994.0;802.0;581.0;4477.0;4040.0;80
6291;Leeuwarden;2017;99346;22811;60796;15739;81477;7989;3960;4029;9880;5606;4274;1417;742;675;964;614;350;743;361;382;1122;484;638;5634;3405;2229;1013.0;996.0;841.0;624.0;4504.0;4044.0;80
6292;Leeuwarden;2018;100048;23005;60927;16116;81755;8214;4125;4089;10079;5671;4408;1435;750;685;993;632;361;768;377;391;1138;482;656;5745;3430;2315;1036.0;1001.0;820.0;628.0;4501.0;4068.0;80
6293;Leeuwarden;2019;100717;23097;61147;16473;82060;8392;4255;4137;10265;5711;4554;1439;749;690;980;614;366;815;390;425;1141;485;656;5890;3473;2417;1010.0;1026.0;843.0;601.0;4515.0;4088.0;80
6294;Leeuwarden;2020;101378;23219;61312;16847;82408;8494;4379;4115;10476;5831;4645;1457;758;699;1009;630;379;839;400;439;1147;492;655;6024;3551;2473;1008.0;1014.0;827.0;626.0;4559.0;4120.0;80
6295;Leeuwarden;2021;102023;23300;61427;17296;82736;8607;4453;4154;10680;5935;4745;1459;768;691;1026;634;392;871;418;453;1160;504;656;6164;3611;2553;997.0;1048.0;832.0;614.0;4580.0;4142.0;80
6296;Leeuwarden;2022;102636;23339;61554;17743;82962;8824;4611;4213;10850;6046;4804;1462;778;684;1031;644;387;890;432;458;1166;500;666;6301;3692;2609;1001.0;1047.0;838.0;634.0;4595.0;4174.0;80
6297;Leeuwarden;2023;103221;23342;61721;18158;83199;9015;4747;4268;11007;6096;4911;1459;775;684;1048;654;394;926;449;477;1173;506;667;6401;3712;2689;1009.0;1067.0;854.0;605.0;4570.0;4196.0;80
6298;Leeuwarden;2024;103792;23370;61905;18517;83424;9193;4870;4323;11175;6170;5005;1451;769;682;1069;654;415;962;462;500;1180;502;678;6513;3783;2730;992.0;1074.0;858.0;634.0;4575.0;4204.0;80
6299;Leeuwarden;2025;104315;23319;62053;18943;83528;9344;4996;4348;11443;6322;5121;1445;766;679;1103;689;414;1006;486;520;1191;508;683;6698;3873;2825;;;;;;;80
6300;Leeuwarderadeel;2006;10588;2882;6455;1251;9836;467;133;334;285;179;106;24;11;13;30;13;17;9;3;6;23;12;11;199;140;59;113.0;69.0;28.0;15.0;463.0;513.0;81
6301;Leeuwarderadeel;2007;10596;2822;6502;1272;9811;482;138;344;303;192;111;26;12;14;33;16;17;10;4;6;23;12;11;211;148;63;115.0;75.0;26.0;17.0;481.0;513.0;81
6302;Leeuwarderadeel;2008;10611;2760;6558;1293;9792;504;150;354;315;195;120;28;10;18;30;17;13;10;4;6;26;13;13;221;151;70;121.0;73.0;24.0;24.0;487.0;524.0;81
6303;Leeuwarderadeel;2009;10623;2690;6608;1325;9779;513;156;357;331;204;127;29;12;17;30;18;12;13;5;8;26;13;13;233;156;77;135.0;70.0;37.0;20.0;470.0;535.0;81
6304;Leeuwarderadeel;2010;10642;2672;6602;1368;9759;533;167;366;350;217;133;30;11;19;32;19;13;14;5;9;30;15;15;244;167;77;121.0;81.0;36.0;17.0;477.0;529.0;81
6305;Leeuwarderadeel;2011;10654;2631;6617;1406;9732;552;184;368;370;224;146;28;8;20;34;21;13;16;4;12;31;15;16;261;176;85;117.0;78.0;38.0;27.0;504.0;544.0;81
6306;Leeuwarderadeel;2012;10665;2593;6599;1473;9687;591;201;390;387;244;143;28;9;19;34;22;12;16;5;11;33;15;18;276;193;83;132.0;81.0;42.0;18.0;495.0;550.0;81
6307;Leeuwarderadeel;2013;10685;2542;6631;1512;9652;620;216;404;413;259;154;33;9;24;33;21;12;15;3;12;37;17;20;295;209;86;130.0;86.0;41.0;14.0;491.0;547.0;81
6308;Leeuwarderadeel;2014;10701;2526;6602;1573;9617;633;226;407;451;290;161;37;12;25;38;24;14;17;3;14;37;17;20;322;234;88;132.0;79.0;49.0;25.0;509.0;564.0;81
6309;Leeuwarderadeel;2015;10724;2510;6566;1648;9593;667;245;422;464;304;160;40;13;27;38;24;14;19;5;14;37;17;20;330;245;85;136.0;97.0;47.0;27.0;512.0;562.0;81
6310;Leeuwarderadeel;2016;10738;2504;6552;1682;9576;687;251;436;475;304;171;40;11;29;40;22;18;24;6;18;39;18;21;332;247;85;143.0;86.0;52.0;18.0;483.0;557.0;81
6311;Leeuwarderadeel;2017;10761;2520;6501;1740;9563;709;255;454;489;302;187;44;12;32;39;22;17;25;6;19;39;19;20;342;243;99;150.0;81.0;53.0;31.0;486.0;561.0;81
6312;Leeuwarderadeel;2018;10778;2528;6469;1781;9529;730;265;465;519;310;209;46;11;35;43;23;20;28;7;21;39;17;22;363;252;111;145.0;89.0;52.0;31.0;508.0;567.0;81
6313;Leeuwarderadeel;2019;10796;2540;6425;1831;9502;752;287;465;542;327;215;45;11;34;45;27;18;30;7;23;40;16;24;382;266;116;148.0;86.0;51.0;28.0;472.0;548.0;81
6314;Leeuwarderadeel;2020;10809;2566;6368;1875;9471;781;305;476;557;338;219;50;12;38;47;32;15;33;8;25;38;16;22;389;270;119;162.0;93.0;52.0;36.0;489.0;558.0;81
6315;Leeuwarderadeel;2021;10826;2601;6291;1934;9464;788;315;473;574;354;220;50;14;36;50;33;17;30;7;23;41;15;26;403;285;118;170.0;96.0;62.0;21.0;468.0;555.0;81
6316;Leeuwarderadeel;2022;10854;2638;6252;1964;9445;815;331;484;594;369;225;54;15;39;54;38;16;31;8;23;38;15;23;417;293;124;162.0;94.0;42.0;33.0;492.0;549.0;81
6317;Leeuwarderadeel;2023;10879;2678;6190;2011;9436;838;348;490;605;377;228;53;14;39;53;36;17;31;7;24;37;15;22;431;305;126;156.0;105.0;53.0;22.0;490.0;552.0;81
6318;Leeuwarderadeel;2024;10901;2722;6134;2045;9411;865;370;495;625;389;236;53;14;39;55;38;17;33;8;25;36;14;22;448;315;133;150.0;93.0;47.0;32.0;499.0;551.0;81
6319;Leeuwarderadeel;2025;10923;2751;6107;2065;9415;874;388;486;634;391;243;52;14;38;61;40;21;36;8;28;37;15;22;448;314;134;;;;;;;81
6320;Leiden;2006;118331;25519;78942;13870;87721;13806;6858;6948;16804;10135;6669;2175;1209;966;1342;808;534;2280;1234;1046;4897;2620;2277;6110;4264;1846;1441.0;906.0;1687.0;1738.0;4969.0;5679.0;546
6321;Leiden;2007;118116;25867;78280;13969;87340;13800;6855;6945;16976;10027;6949;2268;1228;1040;1301;765;536;2303;1233;1070;4963;2609;2354;6141;4192;1949;1446.0;906.0;1723.0;1695.0;4777.0;5518.0;546
6322;Leiden;2008;117953;26173;77648;14132;86941;13851;6861;6990;17161;9937;7224;2318;1243;1075;1269;723;546;2352;1241;1111;5007;2602;2405;6215;4128;2087;1436.0;899.0;1733.0;1599.0;4566.0;5377.0;546
6323;Leiden;2009;117825;26465;76973;14387;86516;13961;6962;6999;17348;9891;7457;2357;1258;1099;1254;709;545;2385;1243;1142;5065;2604;2461;6287;4077;2210;1406.0;928.0;1798.0;1645.0;4494.0;5254.0;546
6324;Leiden;2010;117705;26710;76323;14672;86080;14122;7129;6993;17503;9825;7678;2395;1269;1126;1246;688;558;2401;1247;1154;5105;2577;2528;6356;4044;2312;1393.0;907.0;1848.0;1654.0;4348.0;5149.0;546
6325;Leiden;2011;117593;26821;75973;14799;85613;14351;7311;7040;17629;9753;7876;2421;1261;1160;1231;685;546;2460;1270;1190;5164;2570;2594;6353;3967;2386;1382.0;934.0;1878.0;1645.0;4305.0;5054.0;546
6326;Leiden;2012;117534;26866;74983;15685;85177;14570;7455;7115;17787;9710;8077;2469;1264;1205;1230;678;552;2462;1270;1192;5207;2573;2634;6419;3925;2494;1329.0;923.0;1897.0;1605.0;4231.0;4993.0;546
6327;Leiden;2013;117482;26938;74158;16386;84776;14756;7616;7140;17950;9692;8258;2505;1262;1243;1208;661;547;2501;1297;1204;5234;2566;2668;6502;3906;2596;1267.0;936.0;1863.0;1581.0;4278.0;4938.0;546
6328;Leiden;2014;117445;26944;73562;16939;84289;15018;7827;7191;18138;9687;8451;2542;1275;1267;1197;637;560;2537;1304;1233;5288;2580;2708;6574;3891;2683;1240.0;944.0;1860.0;1594.0;4259.0;4885.0;546
6329;Leiden;2015;117388;26948;73099;17341;83921;15181;7961;7220;18286;9666;8620;2554;1273;1281;1186;614;572;2542;1298;1244;5336;2595;2741;6668;3886;2782;1207.0;955.0;1880.0;1599.0;4257.0;4839.0;546
6330;Leiden;2016;117346;26904;72735;17707;83467;15378;8110;7268;18501;9707;8794;2561;1274;1287;1228;636;592;2549;1298;1251;5371;2594;2777;6792;3905;2887;1152.0;958.0;1834.0;1553.0;4346.0;4826.0;546
6331;Leiden;2017;117341;26853;72320;18168;83062;15585;8247;7338;18694;9734;8960;2567;1280;1287;1238;640;598;2552;1298;1254;5410;2602;2808;6927;3914;3013;1124.0;961.0;1832.0;1565.0;4375.0;4813.0;546
6332;Leiden;2018;117339;26715;71903;18721;82636;15780;8362;7418;18923;9777;9146;2598;1288;1310;1255;647;608;2593;1311;1282;5458;2608;2850;7019;3923;3096;1071.0;971.0;1819.0;1575.0;4467.0;4786.0;546
6333;Leiden;2019;117369;26541;71653;19175;82255;15938;8463;7475;19176;9886;9290;2621;1278;1343;1300;676;624;2631;1324;1307;5469;2612;2857;7155;3996;3159;1065.0;986.0;1866.0;1586.0;4482.0;4807.0;546
6334;Leiden;2020;117406;26270;71453;19683;81863;16104;8575;7529;19439;9962;9477;2674;1288;1386;1304;695;609;2653;1340;1313;5512;2600;2912;7296;4039;3257;1027.0;999.0;1831.0;1550.0;4567.0;4829.0;546
6335;Leiden;2021;117460;25965;71356;20139;81499;16317;8718;7599;19644;10066;9578;2685;1296;1389;1337;708;629;2675;1357;1318;5502;2584;2918;7445;4121;3324;1022.0;1021.0;1843.0;1505.0;4559.0;4853.0;546
6336;Leiden;2022;117516;25623;71227;20666;81084;16485;8815;7670;19947;10200;9747;2702;1295;1407;1380;723;657;2710;1377;1333;5504;2572;2932;7651;4233;3418;1024.0;1051.0;1868.0;1498.0;4606.0;4883.0;546
6337;Leiden;2023;117590;25271;71149;21170;80712;16697;8959;7738;20181;10303;9878;2737;1302;1435;1405;739;666;2732;1386;1346;5505;2570;2935;7802;4306;3496;1024.0;1048.0;1860.0;1528.0;4693.0;4893.0;546
6338;Leiden;2024;117711;24954;71061;21696;80346;16873;9076;7797;20492;10455;10037;2759;1315;1444;1438;749;689;2772;1415;1357;5548;2588;2960;7975;4388;3587;1012.0;1096.0;1898.0;1515.0;4691.0;4904.0;546
6339;Leiden;2025;117809;24707;70874;22228;79919;17087;9193;7894;20803;10620;10183;2784;1323;1461;1495;784;711;2817;1433;1384;5553;2584;2969;8154;4496;3658;;;;;;;546
6340;Leiderdorp;2006;25865;6545;15481;3839;21087;2556;1008;1548;2222;1268;954;546;282;264;146;70;76;522;277;245;242;122;120;766;517;249;265.0;208.0;88.0;112.0;1195.0;1324.0;547
6341;Leiderdorp;2007;25771;6472;15439;3860;20933;2588;1014;1574;2250;1276;974;550;282;268;146;69;77;501;265;236;257;125;132;796;535;261;256.0;205.0;92.0;130.0;1222.0;1329.0;547
6342;Leiderdorp;2008;25679;6372;15411;3896;20795;2608;1010;1598;2276;1263;1013;570;281;289;143;67;76;484;251;233;268;126;142;811;538;273;263.0;220.0;86.0;117.0;1232.0;1335.0;547
6343;Leiderdorp;2009;25590;6277;15350;3963;20651;2651;1027;1624;2288;1251;1037;579;277;302;151;72;79;472;240;232;270;127;143;816;535;281;246.0;208.0;98.0;113.0;1203.0;1317.0;547
6344;Leiderdorp;2010;25499;6168;15259;4072;20515;2683;1037;1646;2301;1243;1058;571;268;303;153;71;82;465;237;228;280;127;153;832;540;292;243.0;218.0;108.0;121.0;1252.0;1346.0;547
6345;Leiderdorp;2011;25421;6032;15271;4118;20391;2692;1044;1648;2338;1240;1098;562;252;310;158;68;90;455;230;225;299;134;165;864;556;308;240.0;216.0;89.0;102.0;1252.0;1346.0;547
6346;Leiderdorp;2012;25337;5911;15163;4263;20242;2740;1077;1663;2355;1238;1117;561;252;309;165;71;94;446;218;228;319;140;179;864;557;307;249.0;209.0;99.0;112.0;1230.0;1326.0;547
6347;Leiderdorp;2013;25266;5801;15074;4391;20077;2790;1106;1684;2399;1256;1143;564;255;309;176;80;96;444;214;230;325;138;187;890;569;321;245.0;224.0;113.0;126.0;1243.0;1334.0;547
6348;Leiderdorp;2014;25184;5712;14929;4543;19942;2820;1132;1688;2422;1257;1165;568;254;314;181;85;96;444;212;232;336;141;195;893;565;328;242.0;216.0;92.0;146.0;1317.0;1344.0;547
6349;Leiderdorp;2015;25131;5642;14823;4666;19809;2870;1171;1699;2452;1241;1211;585;258;327;187;90;97;435;201;234;346;141;205;899;551;348;239.0;225.0;112.0;132.0;1286.0;1334.0;547
6350;Leiderdorp;2016;25076;5560;14762;4754;19672;2930;1205;1725;2474;1233;1241;602;258;344;188;89;99;435;197;238;346;133;213;903;556;347;234.0;205.0;92.0;113.0;1263.0;1335.0;547
6351;Leiderdorp;2017;25013;5460;14700;4853;19482;2979;1226;1753;2552;1274;1278;616;257;359;196;94;102;435;197;238;356;135;221;949;591;358;232.0;234.0;113.0;108.0;1293.0;1343.0;547
6352;Leiderdorp;2018;24967;5413;14637;4917;19368;3007;1245;1762;2592;1301;1291;615;253;362;201;98;103;431;201;230;364;134;230;981;615;366;256.0;233.0;109.0;128.0;1282.0;1348.0;547
6353;Leiderdorp;2019;24908;5350;14569;4989;19218;3038;1266;1772;2652;1330;1322;621;257;364;208;98;110;422;198;224;382;136;246;1019;641;378;245.0;228.0;112.0;126.0;1320.0;1358.0;547
6354;Leiderdorp;2020;24874;5279;14497;5098;19091;3078;1293;1785;2705;1356;1349;614;251;363;211;97;114;417;194;223;396;138;258;1067;676;391;256.0;237.0;124.0;107.0;1264.0;1336.0;547
6355;Leiderdorp;2021;24840;5244;14411;5185;18943;3123;1319;1804;2774;1406;1368;618;250;368;208;101;107;418;195;223;415;144;271;1115;716;399;272.0;227.0;116.0;112.0;1264.0;1338.0;547
6356;Leiderdorp;2022;24815;5214;14329;5272;18822;3159;1333;1826;2834;1425;1409;633;252;381;214;106;108;419;192;227;430;144;286;1138;731;407;258.0;252.0;107.0;154.0;1358.0;1329.0;547
6357;Leiderdorp;2023;24804;5199;14255;5350;18710;3189;1343;1846;2905;1438;1467;640;249;391;227;113;114;417;190;227;442;147;295;1179;739;440;254.0;255.0;134.0;123.0;1311.0;1352.0;547
6358;Leiderdorp;2024;24773;5189;14172;5412;18557;3257;1378;1879;2959;1450;1509;661;256;405;221;104;117;425;189;236;449;147;302;1203;754;449;260.0;243.0;121.0;120.0;1310.0;1357.0;547
6359;Leiderdorp;2025;24744;5179;14075;5490;18461;3270;1399;1871;3013;1470;1543;650;246;404;232;115;117;425;189;236;465;153;312;1241;767;474;;;;;;;547
6360;Leidschendam-Voorburg;2006;74205;16188;44306;13711;54773;10095;4641;5454;9337;5714;3623;2405;1263;1142;924;578;346;647;367;280;1053;531;522;4308;2975;1333;744.0;771.0;504.0;799.0;4345.0;4079.0;1916
6361;Leidschendam-Voorburg;2007;74150;16179;44392;13579;54533;10004;4543;5461;9613;5709;3904;2539;1311;1228;926;561;365;685;381;304;1127;543;584;4336;2913;1423;742.0;761.0;520.0;761.0;4331.0;4095.0;1916
6362;Leidschendam-Voorburg;2008;74125;16171;44525;13429;54290;9963;4482;5481;9872;5693;4179;2627;1316;1311;917;542;375;739;408;331;1210;565;645;4379;2862;1517;744.0;761.0;541.0;811.0;4381.0;4096.0;1916
6363;Leidschendam-Voorburg;2009;74121;16206;44532;13383;54069;9935;4423;5512;10117;5642;4475;2742;1341;1401;931;528;403;792;429;363;1264;569;695;4388;2775;1613;740.0;753.0;552.0;763.0;4348.0;4129.0;1916
6364;Leidschendam-Voorburg;2010;74115;16218;44515;13382;53784;9965;4421;5544;10366;5602;4764;2819;1349;1470;945;528;417;852;454;398;1360;588;772;4390;2683;1707;737.0;750.0;564.0;776.0;4368.0;4131.0;1916
6365;Leidschendam-Voorburg;2011;74127;16254;44630;13243;53481;10011;4426;5585;10635;5562;5073;2914;1366;1548;982;528;454;910;475;435;1440;593;847;4389;2600;1789;747.0;722.0;584.0;783.0;4364.0;4157.0;1916
6366;Leidschendam-Voorburg;2012;74165;16299;44458;13408;53159;10106;4487;5619;10900;5523;5377;2995;1360;1635;999;523;476;973;496;477;1500;594;906;4433;2550;1883;732.0;715.0;597.0;750.0;4382.0;4172.0;1916
6367;Leidschendam-Voorburg;2013;74243;16239;44341;13663;52921;10212;4555;5657;11110;5524;5586;3042;1364;1678;1042;540;502;1032;520;512;1552;599;953;4442;2501;1941;739.0;719.0;619.0;728.0;4321.0;4163.0;1916
6368;Leidschendam-Voorburg;2014;74317;16242;44232;13843;52617;10362;4650;5712;11338;5530;5808;3081;1366;1715;1074;547;527;1094;546;548;1643;608;1035;4446;2463;1983;750.0;716.0;664.0;725.0;4290.0;4181.0;1916
6369;Leidschendam-Voorburg;2015;74404;16181;44209;14014;52311;10511;4791;5720;11582;5577;6005;3103;1375;1728;1095;552;543;1176;577;599;1696;616;1080;4512;2457;2055;761.0;709.0;610.0;755.0;4404.0;4193.0;1916
6370;Leidschendam-Voorburg;2016;74529;16230;44159;14140;52070;10679;4897;5782;11780;5588;6192;3117;1381;1736;1110;549;561;1257;612;645;1745;618;1127;4551;2428;2123;781.0;711.0;674.0;802.0;4387.0;4196.0;1916
6371;Leidschendam-Voorburg;2017;74671;16348;44114;14209;51859;10837;5015;5822;11975;5556;6419;3130;1369;1761;1146;560;586;1331;643;688;1826;634;1192;4542;2350;2192;786.0;699.0;672.0;808.0;4406.0;4203.0;1916
6372;Leidschendam-Voorburg;2018;74835;16479;44029;14327;51605;11053;5146;5907;12177;5560;6617;3155;1377;1778;1157;551;606;1407;673;734;1887;646;1241;4571;2313;2258;792.0;703.0;698.0;785.0;4382.0;4200.0;1916
6373;Leidschendam-Voorburg;2019;75025;16508;44031;14486;51313;11293;5309;5984;12419;5583;6836;3173;1365;1808;1160;547;613;1506;705;801;1939;652;1287;4641;2314;2327;796.0;699.0;659.0;792.0;4456.0;4228.0;1916
6374;Leidschendam-Voorburg;2020;75229;16510;44138;14581;51065;11552;5458;6094;12612;5591;7021;3195;1374;1821;1179;547;632;1587;730;857;2004;670;1334;4647;2270;2377;813.0;697.0;692.0;829.0;4494.0;4270.0;1916
6375;Leidschendam-Voorburg;2021;75438;16570;44176;14692;50757;11798;5602;6196;12883;5627;7256;3216;1369;1847;1178;531;647;1682;757;925;2061;691;1370;4746;2279;2467;802.0;682.0;705.0;845.0;4509.0;4267.0;1916
6376;Leidschendam-Voorburg;2022;75668;16526;44266;14876;50503;12104;5800;6304;13061;5663;7398;3228;1374;1854;1212;548;664;1772;788;984;2107;686;1421;4742;2267;2475;800.0;693.0;724.0;809.0;4519.0;4308.0;1916
6377;Leidschendam-Voorburg;2023;75907;16511;44348;15048;50205;12433;6001;6432;13269;5659;7610;3237;1358;1879;1216;548;668;1861;807;1054;2158;694;1464;4797;2252;2545;787.0;694.0;673.0;891.0;4648.0;4289.0;1916
6378;Leidschendam-Voorburg;2024;76143;16413;44512;15218;49946;12730;6151;6579;13467;5642;7825;3237;1339;1898;1218;533;685;1953;823;1130;2221;712;1509;4838;2235;2603;837.0;712.0;672.0;855.0;4655.0;4323.0;1916
6379;Leidschendam-Voorburg;2025;76422;16494;44515;15413;49725;13051;6315;6736;13646;5629;8017;3231;1327;1904;1224;526;698;2037;847;1190;2264;712;1552;4890;2217;2673;;;;;;;1916
6380;Lelystad;2006;70119;18270;45245;6604;51539;6229;2509;3720;12351;7187;5164;3896;2232;1664;1492;919;573;1747;977;770;1948;928;1020;3268;2131;1137;925.0;488.0;434.0;374.0;2839.0;2925.0;995
6381;Lelystad;2007;70542;18304;45454;6784;51682;6226;2543;3683;12634;7246;5388;3926;2241;1685;1456;894;562;1833;994;839;1999;928;1071;3420;2189;1231;882.0;476.0;457.0;393.0;2925.0;2911.0;995
6382;Lelystad;2008;71043;18306;45727;7010;51929;6192;2579;3613;12922;7344;5578;3940;2248;1692;1473;904;569;1884;1002;882;2062;942;1120;3563;2248;1315;883.0;489.0;526.0;385.0;3073.0;2918.0;995
6383;Lelystad;2009;71751;18422;46003;7326;52229;6263;2679;3584;13259;7511;5748;3995;2288;1707;1483;907;576;1948;1022;926;2115;954;1161;3718;2340;1378;903.0;498.0;519.0;375.0;3054.0;2936.0;995
6384;Lelystad;2010;72433;18486;46197;7750;52529;6290;2763;3527;13614;7674;5940;4034;2303;1731;1485;920;565;2027;1039;988;2141;954;1187;3927;2458;1469;868.0;512.0;567.0;400.0;3080.0;2937.0;995
6385;Lelystad;2011;73113;18493;46517;8103;52786;6391;2855;3536;13936;7836;6100;4051;2309;1742;1506;955;551;2097;1059;1038;2173;952;1221;4109;2561;1548;865.0;514.0;593.0;398.0;3098.0;2960.0;995
6386;Lelystad;2012;73808;18445;46564;8799;53048;6497;2959;3538;14263;7964;6299;4074;2332;1742;1519;974;545;2168;1062;1106;2234;976;1258;4268;2620;1648;884.0;537.0;616.0;432.0;3122.0;2974.0;995
6387;Lelystad;2013;74496;18510;46512;9474;53349;6548;3061;3487;14599;8120;6479;4115;2367;1748;1554;1005;549;2229;1080;1149;2279;989;1290;4422;2679;1743;877.0;541.0;608.0;434.0;3132.0;2990.0;995
6388;Lelystad;2014;75154;18521;46551;10082;53574;6675;3207;3468;14905;8228;6677;4147;2386;1761;1583;1022;561;2288;1094;1194;2319;999;1320;4568;2727;1841;909.0;570.0;628.0;431.0;3121.0;3006.0;995
6389;Lelystad;2015;75815;18593;46598;10624;53812;6795;3324;3471;15208;8349;6859;4216;2437;1779;1585;1029;556;2337;1088;1249;2341;1009;1332;4729;2786;1943;892.0;580.0;628.0;447.0;3147.0;3015.0;995
6390;Lelystad;2016;76448;18685;46632;11131;54044;6922;3461;3461;15482;8472;7010;4259;2483;1776;1607;1047;560;2388;1094;1294;2352;1014;1338;4876;2834;2042;903.0;586.0;657.0;448.0;3121.0;3036.0;995
6391;Lelystad;2017;77064;18812;46623;11629;54203;7066;3591;3475;15795;8648;7147;4307;2532;1775;1647;1071;576;2428;1107;1321;2369;1011;1358;5044;2927;2117;908.0;587.0;640.0;467.0;3153.0;3053.0;995
6392;Lelystad;2018;77663;18843;46667;12153;54422;7171;3683;3488;16070;8798;7272;4352;2567;1785;1684;1078;606;2466;1111;1355;2380;1017;1363;5188;3025;2163;914.0;620.0;635.0;436.0;3170.0;3084.0;995
6393;Lelystad;2019;78249;18880;46706;12663;54598;7280;3795;3485;16371;8915;7456;4399;2597;1802;1710;1086;624;2515;1111;1404;2417;1032;1385;5330;3089;2241;941.0;620.0;629.0;430.0;3148.0;3106.0;995
6394;Lelystad;2020;78814;18924;46772;13118;54748;7420;3936;3484;16646;8991;7655;4432;2634;1798;1715;1083;632;2553;1124;1429;2461;1031;1430;5485;3119;2366;932.0;629.0;638.0;446.0;3154.0;3116.0;995
6395;Lelystad;2021;79355;18912;46871;13572;54925;7539;4044;3495;16891;9101;7790;4454;2658;1796;1734;1097;637;2574;1129;1445;2499;1028;1471;5630;3189;2441;939.0;666.0;653.0;405.0;3153.0;3157.0;995
6396;Lelystad;2022;79877;18872;47010;13995;55096;7681;4137;3544;17100;9164;7936;4476;2668;1808;1758;1116;642;2582;1130;1452;2542;1042;1500;5742;3208;2534;996.0;679.0;662.0;457.0;3117.0;3163.0;995
6397;Lelystad;2023;80359;18906;47013;14440;55178;7802;4258;3544;17379;9254;8125;4514;2708;1806;1786;1126;660;2626;1128;1498;2561;1050;1511;5892;3242;2650;1006.0;705.0;676.0;419.0;3095.0;3186.0;995
6398;Lelystad;2024;80836;18860;47190;14786;55228;7941;4401;3540;17667;9383;8284;4553;2746;1807;1830;1124;706;2643;1139;1504;2603;1055;1548;6038;3319;2719;994.0;725.0;659.0;439.0;3131.0;3189.0;995
6399;Lelystad;2025;81273;18889;47290;15094;55307;8026;4488;3538;17940;9521;8419;4590;2788;1802;1819;1101;718;2660;1134;1526;2621;1066;1555;6250;3432;2818;;;;;;;995
6400;Lemsterland;2006;13437;3416;8189;1832;11994;863;372;491;580;393;187;84;40;44;19;8;11;91;50;41;63;42;21;323;253;70;151.0;106.0;40.0;31.0;556.0;493.0;82
6401;Lemsterland;2007;13556;3438;8175;1943;12076;880;376;504;600;397;203;92;42;50;19;7;12;95;52;43;61;38;23;333;258;75;160.0;115.0;39.0;38.0;525.0;500.0;82
6402;Lemsterland;2008;13629;3429;8189;2011;12101;912;401;511;616;405;211;98;43;55;25;11;14;95;52;43;60;37;23;338;262;76;154.0;108.0;52.0;39.0;510.0;506.0;82
6403;Lemsterland;2009;13694;3439;8157;2098;12120;938;408;530;636;418;218;101;43;58;27;12;15;94;51;43;64;40;24;350;272;78;148.0;115.0;36.0;32.0;526.0;509.0;82
6404;Lemsterland;2010;13749;3417;8146;2186;12157;940;408;532;652;428;224;106;46;60;28;13;15;95;51;44;63;38;25;360;280;80;141.0;122.0;31.0;34.0;547.0;519.0;82
6405;Lemsterland;2011;13793;3385;8140;2268;12192;944;413;531;657;424;233;111;49;62;32;15;17;93;49;44;63;38;25;358;273;85;157.0;126.0;37.0;41.0;542.0;514.0;82
6406;Lemsterland;2012;13849;3379;8110;2360;12226;951;420;531;672;436;236;112;51;61;34;17;17;94;49;45;61;36;25;371;283;88;158.0;139.0;46.0;41.0;546.0;516.0;82
6407;Lemsterland;2013;13903;3373;8081;2449;12252;959;425;534;692;451;241;115;56;59;39;19;20;93;47;46;64;37;27;381;292;89;149.0;124.0;52.0;52.0;541.0;524.0;82
6408;Lemsterland;2014;13946;3378;8046;2522;12272;973;431;542;701;452;249;117;55;62;41;20;21;95;48;47;66;37;29;382;292;90;146.0;135.0;49.0;39.0;550.0;517.0;82
6409;Lemsterland;2015;14001;3342;8043;2616;12295;1006;455;551;700;454;246;119;58;61;45;24;21;89;47;42;66;35;31;381;290;91;155.0;128.0;55.0;51.0;541.0;524.0;82
6410;Lemsterland;2016;14052;3352;8024;2676;12325;1024;460;564;703;450;253;123;57;66;42;22;20;91;48;43;68;34;34;379;289;90;159.0;140.0;45.0;57.0;565.0;521.0;82
6411;Lemsterland;2017;14104;3331;8032;2741;12344;1032;456;576;728;463;265;122;55;67;50;29;21;94;49;45;68;33;35;394;297;97;165.0;136.0;40.0;41.0;541.0;523.0;82
6412;Lemsterland;2018;14151;3354;8022;2775;12349;1047;463;584;755;473;282;124;55;69;49;28;21;100;51;49;73;33;40;409;306;103;167.0;141.0;52.0;46.0;553.0;537.0;82
6413;Lemsterland;2019;14202;3351;7991;2860;12370;1074;484;590;758;471;287;125;54;71;54;30;24;101;52;49;77;35;42;401;300;101;169.0;159.0;53.0;42.0;556.0;536.0;82
6414;Lemsterland;2020;14246;3365;7985;2896;12387;1092;495;597;767;471;296;122;50;72;62;32;30;96;52;44;76;33;43;411;304;107;171.0;156.0;57.0;29.0;539.0;537.0;82
6415;Lemsterland;2021;14290;3362;7961;2967;12395;1108;512;596;787;489;298;127;53;74;63;33;30;94;50;44;75;31;44;428;322;106;192.0;155.0;50.0;48.0;539.0;536.0;82
6416;Lemsterland;2022;14332;3382;7955;2995;12404;1114;517;597;814;502;312;132;54;78;68;37;31;90;48;42;75;31;44;449;332;117;171.0;160.0;59.0;37.0;543.0;546.0;82
6417;Lemsterland;2023;14361;3390;7930;3041;12393;1137;534;603;831;519;312;134;58;76;64;33;31;88;47;41;76;32;44;469;349;120;197.0;158.0;47.0;37.0;539.0;546.0;82
6418;Lemsterland;2024;14404;3408;7919;3077;12405;1164;551;613;835;514;321;138;61;77;62;33;29;87;47;40;77;34;43;471;339;132;186.0;162.0;54.0;32.0;520.0;541.0;82
6419;Lemsterland;2025;14431;3425;7874;3132;12379;1183;562;621;869;541;328;149;70;79;60;35;25;92;48;44;74;31;43;494;357;137;;;;;;;82
6420;Leusden;2006;28839;7591;17537;3711;25029;2437;871;1566;1373;866;507;208;83;125;134;64;70;48;27;21;77;34;43;906;658;248;294.0;198.0;57.0;114.0;1009.0;1194.0;327
6421;Leusden;2007;28697;7345;17622;3730;24896;2437;871;1566;1364;843;521;209;83;126;133;65;68;53;27;26;88;37;51;881;631;250;288.0;204.0;66.0;98.0;1021.0;1185.0;327
6422;Leusden;2008;28584;7187;17600;3797;24750;2436;878;1558;1398;839;559;220;87;133;141;67;74;60;28;32;103;42;61;874;615;259;296.0;196.0;69.0;100.0;993.0;1177.0;327
6423;Leusden;2009;28470;7036;17559;3875;24579;2467;883;1584;1424;845;579;231;91;140;140;69;71;70;32;38;105;42;63;878;611;267;271.0;218.0;80.0;122.0;1028.0;1181.0;327
6424;Leusden;2010;28332;6861;17486;3985;24387;2498;895;1603;1447;837;610;235;94;141;149;74;75;74;29;45;108;40;68;881;600;281;285.0;208.0;88.0;107.0;986.0;1179.0;327
6425;Leusden;2011;28198;6737;17416;4045;24210;2506;892;1614;1482;845;637;236;96;140;155;76;79;83;33;50;112;39;73;896;601;295;271.0;217.0;70.0;105.0;1023.0;1185.0;327
6426;Leusden;2012;28056;6569;17226;4261;24025;2517;878;1639;1514;840;674;247;100;147;153;75;78;95;37;58;122;42;80;897;586;311;266.0;207.0;66.0;105.0;1025.0;1183.0;327
6427;Leusden;2013;27923;6424;17050;4449;23827;2546;889;1657;1550;848;702;262;105;157;155;73;82;101;39;62;127;45;82;905;586;319;279.0;224.0;85.0;96.0;998.0;1173.0;327
6428;Leusden;2014;27795;6302;16895;4598;23657;2528;885;1643;1610;863;747;268;103;165;161;75;86;109;39;70;138;43;95;934;603;331;280.0;217.0;64.0;91.0;1005.0;1175.0;327
6429;Leusden;2015;27664;6218;16740;4706;23470;2551;891;1660;1643;867;776;272;103;169;169;82;87;119;44;75;141;41;100;942;597;345;271.0;218.0;57.0;81.0;1027.0;1181.0;327
6430;Leusden;2016;27540;6115;16573;4852;23289;2566;895;1671;1685;875;810;277;105;172;178;84;94;120;41;79;153;44;109;957;601;356;277.0;223.0;67.0;76.0;1008.0;1165.0;327
6431;Leusden;2017;27431;6036;16454;4941;23121;2593;912;1681;1717;876;841;283;108;175;170;85;85;129;40;89;173;50;123;962;593;369;278.0;238.0;61.0;93.0;1025.0;1148.0;327
6432;Leusden;2018;27319;5959;16247;5113;22947;2615;919;1696;1757;878;879;301;110;191;177;87;90;137;45;92;179;52;127;963;584;379;304.0;233.0;56.0;77.0;979.0;1157.0;327
6433;Leusden;2019;27192;5887;16058;5247;22787;2625;920;1705;1780;879;901;302;112;190;180;88;92;139;42;97;185;52;133;974;585;389;299.0;231.0;82.0;92.0;1000.0;1151.0;327
6434;Leusden;2020;27099;5834;15885;5380;22660;2618;933;1685;1821;898;923;302;116;186;192;91;101;146;44;102;188;51;137;993;596;397;310.0;236.0;55.0;103.0;1028.0;1159.0;327
6435;Leusden;2021;26994;5751;15715;5528;22537;2608;940;1668;1849;894;955;302;111;191;192;87;105;153;48;105;194;50;144;1008;598;410;299.0;239.0;51.0;109.0;1035.0;1145.0;327
6436;Leusden;2022;26888;5680;15592;5616;22421;2600;925;1675;1867;892;975;295;109;186;197;92;105;159;47;112;200;53;147;1016;591;425;297.0;241.0;54.0;87.0;1020.0;1137.0;327
6437;Leusden;2023;26798;5643;15421;5734;22286;2603;924;1679;1909;900;1009;299;109;190;194;88;106;165;43;122;208;53;155;1043;607;436;289.0;232.0;67.0;96.0;1020.0;1129.0;327
6438;Leusden;2024;26717;5606;15268;5843;22154;2618;936;1682;1945;907;1038;297;104;193;198;90;108;171;45;126;212;54;158;1067;614;453;296.0;239.0;74.0;107.0;1028.0;1135.0;327
6439;Leusden;2025;26637;5584;15089;5964;22039;2614;939;1675;1984;911;1073;294;102;192;193;84;109;186;52;134;222;54;168;1089;619;470;;;;;;;327
6440;Liemeer;2006;6753;1724;4275;754;6182;386;154;232;185;111;74;41;23;18;17;8;9;4;3;1;19;7;12;104;70;34;60.0;45.0;22.0;17.0;247.0;286.0;1673
6441;Liemeer;2007;6734;1687;4263;784;6123;408;164;244;203;122;81;46;24;22;16;8;8;5;4;1;24;9;15;112;77;35;58.0;47.0;26.0;18.0;247.0;289.0;1673
6442;Liemeer;2008;6712;1641;4244;827;6059;430;168;262;223;138;85;46;22;24;17;8;9;7;5;2;27;10;17;126;93;33;61.0;47.0;16.0;15.0;246.0;282.0;1673
6443;Liemeer;2009;6691;1578;4239;874;6002;443;174;269;246;154;92;48;22;26;20;9;11;10;6;4;28;10;18;140;107;33;53.0;55.0;16.0;21.0;255.0;278.0;1673
6444;Liemeer;2010;6662;1535;4209;918;5926;456;177;279;280;172;108;54;22;32;26;11;15;13;9;4;30;11;19;157;119;38;59.0;54.0;15.0;27.0;257.0;278.0;1673
6445;Liemeer;2011;6635;1491;4184;960;5870;470;186;284;295;176;119;60;26;34;28;13;15;13;9;4;37;12;25;157;116;41;53.0;57.0;22.0;20.0;247.0;271.0;1673
6446;Liemeer;2012;6611;1452;4127;1032;5799;495;205;290;317;188;129;65;27;38;31;15;16;16;12;4;45;16;29;160;118;42;56.0;58.0;19.0;19.0;255.0;281.0;1673
6447;Liemeer;2013;6583;1404;4050;1129;5741;505;210;295;337;200;137;69;28;41;31;14;17;17;12;5;48;18;30;172;128;44;46.0;65.0;23.0;21.0;262.0;278.0;1673
6448;Liemeer;2014;6551;1334;4033;1184;5678;521;226;295;352;209;143;72;31;41;30;12;18;20;15;5;49;18;31;181;133;48;49.0;62.0;18.0;15.0;261.0;252.0;1673
6449;Liemeer;2015;6548;1298;4014;1236;5633;546;236;310;369;222;147;77;32;45;30;14;16;24;17;7;49;16;33;189;143;46;47.0;60.0;20.0;24.0;262.0;278.0;1673
6450;Liemeer;2016;6516;1266;3959;1291;5569;564;235;329;383;230;153;73;32;41;28;12;16;29;17;12;53;19;34;200;150;50;56.0;70.0;14.0;17.0;251.0;257.0;1673
6451;Liemeer;2017;6493;1246;3917;1330;5507;579;241;338;407;239;168;81;31;50;32;14;18;33;20;13;58;21;37;203;153;50;71.0;69.0;27.0;16.0;252.0;261.0;1673
6452;Liemeer;2018;6497;1227;3876;1394;5478;588;243;345;431;251;180;89;35;54;31;13;18;35;19;16;60;23;37;216;161;55;79.0;71.0;20.0;19.0;248.0;274.0;1673
6453;Liemeer;2019;6478;1224;3806;1448;5407;621;252;369;450;269;181;94;39;55;34;16;18;34;20;14;61;24;37;227;170;57;67.0;80.0;21.0;21.0;254.0;264.0;1673
6454;Liemeer;2020;6453;1221;3720;1512;5344;645;258;387;464;279;185;89;40;49;42;19;23;36;21;15;62;26;36;235;173;62;62.0;72.0;16.0;17.0;250.0;258.0;1673
6455;Liemeer;2021;6437;1207;3667;1563;5290;663;261;402;484;292;192;94;43;51;42;18;24;37;20;17;66;30;36;245;181;64;67.0;74.0;14.0;13.0;249.0;251.0;1673
6456;Liemeer;2022;6430;1205;3609;1616;5255;676;272;404;499;305;194;97;44;53;42;20;22;39;21;18;66;30;36;255;190;65;79.0;87.0;19.0;19.0;253.0;263.0;1673
6457;Liemeer;2023;6413;1209;3537;1667;5213;689;291;398;511;313;198;90;44;46;41;20;21;43;22;21;68;31;37;269;196;73;85.0;84.0;21.0;17.0;254.0;248.0;1673
6458;Liemeer;2024;6425;1230;3491;1704;5182;723;300;423;520;317;203;90;46;44;40;18;22;43;20;23;71;32;39;276;201;75;70.0;91.0;17.0;20.0;261.0;264.0;1673
6459;Liemeer;2025;6399;1243;3397;1759;5124;736;309;427;539;327;212;91;46;45;43;20;23;47;22;25;73;34;39;285;205;80;;;;;;;1673
6460;Liesveld;2006;9855;2895;5767;1193;9264;377;133;244;214;136;78;17;6;11;15;9;6;10;6;4;49;21;28;123;94;29;119.0;70.0;18.0;15.0;251.0;292.0;694
6461;Liesveld;2007;9865;2858;5749;1258;9216;413;139;274;236;151;85;21;6;15;19;11;8;14;9;5;49;23;26;133;102;31;114.0;72.0;23.0;21.0;255.0;303.0;694
6462;Liesveld;2008;9860;2809;5738;1313;9157;444;148;296;259;166;93;25;9;16;21;12;9;18;12;6;50;23;27;145;110;35;121.0;68.0;24.0;26.0;237.0;289.0;694
6463;Liesveld;2009;9858;2769;5718;1371;9103;464;162;302;291;187;104;30;11;19;23;14;9;21;13;8;48;23;25;169;126;43;122.0;87.0;22.0;21.0;238.0;299.0;694
6464;Liesveld;2010;9834;2765;5628;1441;9045;482;163;319;307;198;109;36;15;21;25;16;9;22;14;8;52;24;28;172;129;43;121.0;85.0;20.0;22.0;253.0;288.0;694
6465;Liesveld;2011;9835;2748;5593;1494;8987;511;172;339;337;217;120;41;19;22;27;16;11;23;14;9;53;24;29;193;144;49;105.0;90.0;30.0;20.0;248.0;288.0;694
6466;Liesveld;2012;9821;2723;5499;1599;8910;548;184;364;363;230;133;46;20;26;27;17;10;25;16;9;53;25;28;212;152;60;102.0;92.0;42.0;20.0;243.0;287.0;694
6467;Liesveld;2013;9812;2708;5430;1674;8844;565;190;375;403;249;154;54;22;32;31;18;13;28;19;9;53;22;31;237;168;69;123.0;87.0;36.0;16.0;228.0;292.0;694
6468;Liesveld;2014;9805;2680;5391;1734;8781;598;208;390;426;263;163;56;22;34;33;20;13;30;20;10;56;23;33;251;178;73;107.0;98.0;35.0;17.0;240.0;288.0;694
6469;Liesveld;2015;9787;2651;5352;1784;8708;630;229;401;449;272;177;59;23;36;37;21;16;30;20;10;59;25;34;264;183;81;101.0;96.0;32.0;26.0;262.0;286.0;694
6470;Liesveld;2016;9775;2620;5333;1822;8630;659;242;417;486;290;196;67;25;42;41;25;16;34;23;11;64;27;37;280;190;90;104.0;93.0;44.0;16.0;224.0;288.0;694
6471;Liesveld;2017;9751;2577;5322;1852;8560;684;253;431;507;307;200;69;27;42;43;27;16;35;23;12;63;29;34;297;201;96;98.0;84.0;24.0;29.0;255.0;288.0;694
6472;Liesveld;2018;9728;2547;5286;1895;8497;707;263;444;524;317;207;73;29;44;43;26;17;35;23;12;67;29;38;306;210;96;110.0;100.0;29.0;22.0;255.0;290.0;694
6473;Liesveld;2019;9709;2526;5235;1948;8413;738;273;465;558;335;223;81;33;48;45;27;18;37;26;11;71;30;41;324;219;105;105.0;107.0;26.0;26.0;260.0;285.0;694
6474;Liesveld;2020;9684;2491;5218;1975;8336;762;283;479;586;350;236;87;37;50;48;27;21;39;26;13;70;31;39;342;229;113;109.0;110.0;35.0;26.0;254.0;292.0;694
6475;Liesveld;2021;9653;2450;5168;2035;8260;788;300;488;605;359;246;89;39;50;48;25;23;40;26;14;76;33;43;352;236;116;106.0;96.0;28.0;24.0;242.0;286.0;694
6476;Liesveld;2022;9623;2418;5135;2070;8209;803;315;488;611;356;255;92;41;51;51;26;25;39;25;14;80;36;44;349;228;121;109.0;110.0;29.0;12.0;249.0;290.0;694
6477;Liesveld;2023;9597;2420;5078;2099;8139;827;332;495;631;361;270;95;40;55;56;28;28;41;23;18;80;37;43;359;233;126;112.0;106.0;26.0;16.0;253.0;294.0;694
6478;Liesveld;2024;9572;2400;5020;2152;8097;846;338;508;629;353;276;100;41;59;58;27;31;39;22;17;80;36;44;352;227;125;111.0;112.0;29.0;28.0;245.0;272.0;694
6479;Liesveld;2025;9548;2384;4979;2185;8025;872;354;518;651;362;289;103;42;61;62;29;33;42;23;19;83;36;47;361;232;129;;;;;;;694
6480;Lingewaal;2006;10840;2880;6584;1376;9972;486;158;328;382;237;145;31;12;19;17;5;12;31;14;17;97;59;38;206;147;59;121.0;82.0;17.0;32.0;393.0;413.0;733
6481;Lingewaal;2007;10846;2852;6608;1386;9938;506;167;339;402;251;151;35;14;21;17;7;10;38;16;22;96;58;38;216;156;60;125.0;84.0;23.0;23.0;362.0;402.0;733
6482;Lingewaal;2008;10850;2815;6635;1400;9891;529;172;357;430;265;165;39;17;22;20;9;11;43;18;25;93;55;38;235;166;69;122.0;78.0;31.0;30.0;382.0;419.0;733
6483;Lingewaal;2009;10859;2794;6615;1450;9857;547;187;360;455;277;178;44;19;25;20;9;11;47;19;28;95;57;38;249;173;76;121.0;79.0;16.0;28.0;371.0;418.0;733
6484;Lingewaal;2010;10843;2747;6574;1522;9812;566;195;371;465;279;186;49;21;28;20;9;11;47;18;29;95;56;39;254;175;79;135.0;75.0;23.0;22.0;353.0;424.0;733
6485;Lingewaal;2011;10833;2716;6548;1569;9777;575;193;382;481;289;192;54;23;31;24;11;13;48;18;30;96;57;39;259;180;79;129.0;74.0;19.0;27.0;359.0;420.0;733
6486;Lingewaal;2012;10821;2669;6499;1653;9733;591;202;389;497;298;199;60;27;33;23;10;13;47;18;29;99;60;39;268;183;85;120.0;83.0;23.0;31.0;385.0;423.0;733
6487;Lingewaal;2013;10814;2629;6428;1757;9687;606;206;400;521;310;211;66;29;37;22;10;12;52;18;34;102;60;42;279;193;86;120.0;83.0;26.0;10.0;352.0;413.0;733
6488;Lingewaal;2014;10807;2571;6422;1814;9638;625;216;409;544;319;225;65;31;34;24;12;12;57;21;36;101;57;44;297;198;99;115.0;82.0;23.0;34.0;382.0;421.0;733
6489;Lingewaal;2015;10789;2536;6389;1864;9587;640;219;421;562;328;234;65;32;33;27;14;13;60;21;39;102;57;45;308;204;104;117.0;78.0;26.0;23.0;369.0;422.0;733
6490;Lingewaal;2016;10779;2508;6354;1917;9542;655;228;427;582;333;249;65;31;34;31;15;16;65;22;43;108;59;49;313;206;107;128.0;101.0;25.0;24.0;370.0;414.0;733
6491;Lingewaal;2017;10765;2504;6281;1980;9503;657;231;426;605;340;265;67;31;36;36;16;20;70;25;45;109;60;49;323;208;115;137.0;98.0;19.0;24.0;377.0;427.0;733
6492;Lingewaal;2018;10748;2493;6222;2033;9453;669;242;427;626;345;281;67;29;38;34;17;17;77;27;50;107;56;51;341;216;125;124.0;81.0;23.0;29.0;357.0;408.0;733
6493;Lingewaal;2019;10734;2469;6156;2109;9405;678;243;435;651;361;290;71;31;40;36;20;16;79;28;51;106;54;52;359;228;131;124.0;87.0;17.0;37.0;384.0;408.0;733
6494;Lingewaal;2020;10728;2453;6094;2181;9365;690;247;443;673;367;306;76;32;44;40;21;19;85;31;54;109;54;55;363;229;134;135.0;93.0;20.0;21.0;346.0;402.0;733
6495;Lingewaal;2021;10715;2457;6033;2225;9312;709;254;455;694;378;316;77;33;44;44;23;21;88;30;58;107;53;54;378;239;139;127.0;97.0;13.0;22.0;365.0;404.0;733
6496;Lingewaal;2022;10697;2440;5988;2269;9272;716;256;460;709;381;328;76;31;45;46;24;22;93;31;62;105;50;55;389;245;144;124.0;95.0;25.0;30.0;364.0;402.0;733
6497;Lingewaal;2023;10686;2436;5926;2324;9227;731;255;476;728;385;343;82;35;47;46;23;23;94;30;64;102;51;51;404;246;158;136.0;114.0;25.0;30.0;363.0;397.0;733
6498;Lingewaal;2024;10670;2437;5894;2339;9161;737;262;475;772;400;372;82;33;49;48;25;23;106;32;74;99;49;50;437;261;176;136.0;96.0;22.0;23.0;353.0;409.0;733
6499;Lingewaal;2025;10653;2447;5855;2351;9111;740;259;481;802;409;393;84;33;51;48;25;23;114;33;81;104;49;55;452;269;183;;;;;;;733
6500;Lingewaard;2006;43406;11000;26834;5572;39482;2921;725;2196;1003;587;416;135;51;84;83;39;44;110;58;52;50;18;32;625;421;204;522.0;304.0;41.0;103.0;1087.0;1027.0;1705
6501;Lingewaard;2007;43625;10988;26816;5821;39587;2959;729;2230;1079;622;457;144;54;90;86;40;46;117;61;56;53;19;34;679;448;231;512.0;309.0;44.0;85.0;1095.0;1040.0;1705
6502;Lingewaard;2008;43845;10970;26852;6023;39732;2976;726;2250;1137;639;498;152;56;96;88;41;47;122;60;62;56;21;35;719;461;258;484.0;342.0;31.0;98.0;1181.0;1047.0;1705
6503;Lingewaard;2009;44057;10921;26870;6266;39847;3000;729;2271;1210;672;538;156;56;100;94;47;47;134;64;70;61;21;40;765;484;281;491.0;336.0;37.0;83.0;1152.0;1044.0;1705
6504;Lingewaard;2010;44272;10882;26889;6501;39957;3033;739;2294;1282;687;595;168;58;110;101;48;53;143;67;76;65;24;41;805;490;315;471.0;364.0;44.0;91.0;1186.0;1044.0;1705
6505;Lingewaard;2011;44474;10803;26956;6715;40059;3065;735;2330;1350;713;637;173;61;112;108;49;59;154;73;81;65;23;42;850;507;343;488.0;360.0;30.0;85.0;1163.0;1044.0;1705
6506;Lingewaard;2012;44669;10761;26751;7157;40137;3111;744;2367;1421;732;689;183;64;119;109;50;59;161;75;86;73;26;47;895;517;378;485.0;353.0;27.0;91.0;1168.0;1049.0;1705
6507;Lingewaard;2013;44858;10698;26604;7556;40216;3156;757;2399;1486;744;742;198;63;135;116;54;62;165;76;89;77;27;50;930;524;406;487.0;373.0;33.0;87.0;1174.0;1062.0;1705
6508;Lingewaard;2014;45033;10681;26406;7946;40289;3195;768;2427;1549;759;790;206;64;142;128;62;66;173;75;98;80;28;52;962;530;432;490.0;385.0;39.0;82.0;1176.0;1067.0;1705
6509;Lingewaard;2015;45208;10606;26258;8344;40372;3225;781;2444;1611;775;836;222;69;153;135;66;69;181;72;109;84;28;56;989;540;449;509.0;389.0;41.0;82.0;1161.0;1071.0;1705
6510;Lingewaard;2016;45381;10609;26089;8683;40456;3251;794;2457;1674;802;872;228;70;158;139;68;71;192;73;119;88;28;60;1027;563;464;508.0;412.0;31.0;100.0;1195.0;1074.0;1705
6511;Lingewaard;2017;45537;10570;25952;9015;40558;3258;798;2460;1721;805;916;235;68;167;136;64;72;202;75;127;95;31;64;1053;567;486;498.0;418.0;39.0;88.0;1186.0;1069.0;1705
6512;Lingewaard;2018;45692;10546;25767;9379;40614;3277;812;2465;1801;842;959;247;73;174;137;64;73;207;72;135;101;31;70;1109;602;507;505.0;448.0;34.0;86.0;1225.0;1089.0;1705
6513;Lingewaard;2019;45836;10487;25650;9699;40673;3301;805;2496;1862;863;999;243;71;172;139;65;74;220;74;146;110;32;78;1150;621;529;512.0;451.0;35.0;81.0;1198.0;1100.0;1705
6514;Lingewaard;2020;45955;10448;25486;10021;40740;3304;814;2490;1911;883;1028;242;70;172;142;67;75;226;75;151;117;35;82;1184;636;548;522.0;468.0;35.0;84.0;1215.0;1104.0;1705
6515;Lingewaard;2021;46077;10355;25402;10320;40796;3309;824;2485;1972;884;1088;260;73;187;147;69;78;232;72;160;122;35;87;1211;635;576;527.0;483.0;26.0;82.0;1224.0;1100.0;1705
6516;Lingewaard;2022;46194;10322;25262;10610;40850;3331;842;2489;2013;905;1108;268;73;195;147;73;74;246;72;174;123;35;88;1229;652;577;522.0;489.0;30.0;73.0;1220.0;1100.0;1705
6517;Lingewaard;2023;46314;10228;25226;10860;40886;3324;849;2475;2104;948;1156;275;76;199;151;74;77;258;73;185;127;34;93;1293;691;602;508.0;492.0;29.0;91.0;1239.0;1106.0;1705
6518;Lingewaard;2024;46410;10205;25057;11148;40900;3367;871;2496;2143;949;1194;278;77;201;151;71;80;269;73;196;131;35;96;1314;693;621;536.0;506.0;37.0;90.0;1220.0;1110.0;1705
6519;Lingewaard;2025;46505;10197;24903;11405;40933;3382;873;2509;2190;971;1219;278;76;202;159;79;80;279;77;202;136;35;101;1338;704;634;;;;;;;1705
6520;Lisse;2006;22272;5570;13388;3314;19753;1718;769;949;801;481;320;100;46;54;53;26;27;34;24;10;75;39;36;539;346;193;227.0;168.0;41.0;97.0;829.0;728.0;553
6521;Lisse;2007;22378;5521;13443;3414;19799;1766;786;980;813;486;327;105;47;58;59;31;28;33;24;9;78;40;38;538;344;194;224.0;167.0;35.0;104.0;876.0;731.0;553
6522;Lisse;2008;22512;5454;13522;3536;19872;1798;791;1007;842;497;345;116;52;64;64;33;31;34;25;9;84;42;42;544;345;199;208.0;182.0;41.0;80.0;900.0;735.0;553
6523;Lisse;2009;22665;5382;13631;3652;19957;1824;794;1030;884;527;357;123;54;69;63;34;29;34;26;8;91;45;46;573;368;205;213.0;194.0;61.0;102.0;936.0;754.0;553
6524;Lisse;2010;22825;5363;13691;3771;20069;1851;797;1054;905;532;373;129;54;75;65;35;30;36;27;9;93;45;48;582;371;211;211.0;194.0;51.0;102.0;962.0;762.0;553
6525;Lisse;2011;22992;5292;13813;3887;20157;1900;814;1086;935;539;396;134;54;80;74;39;35;42;28;14;102;50;52;583;368;215;210.0;209.0;52.0;98.0;1002.0;776.0;553
6526;Lisse;2012;23176;5220;13851;4105;20236;1950;844;1106;990;570;420;149;61;88;78;42;36;49;31;18;111;52;59;603;384;219;210.0;211.0;57.0;79.0;968.0;783.0;553
6527;Lisse;2013;23340;5172;13865;4303;20314;1984;854;1130;1042;599;443;157;59;98;77;41;36;55;33;22;118;55;63;635;411;224;210.0;211.0;39.0;101.0;1007.0;790.0;553
6528;Lisse;2014;23495;5108;13926;4461;20382;2051;890;1161;1062;602;460;164;61;103;84;42;42;53;33;20;119;56;63;642;410;232;221.0;223.0;56.0;82.0;981.0;798.0;553
6529;Lisse;2015;23653;5073;13995;4585;20448;2096;906;1190;1109;629;480;180;71;109;89;45;44;55;33;22;123;59;64;662;421;241;217.0;228.0;54.0;101.0;1008.0;807.0;553
6530;Lisse;2016;23799;5057;14060;4682;20526;2130;922;1208;1143;645;498;185;71;114;92;46;46;58;36;22;130;57;73;678;435;243;232.0;219.0;55.0;95.0;988.0;808.0;553
6531;Lisse;2017;23953;5041;14105;4807;20583;2168;935;1233;1202;671;531;199;69;130;94;46;48;63;39;24;135;56;79;711;461;250;260.0;227.0;53.0;95.0;958.0;817.0;553
6532;Lisse;2018;24089;5025;14132;4932;20631;2216;944;1272;1242;687;555;206;69;137;100;49;51;70;41;29;137;55;82;729;473;256;242.0;238.0;72.0;96.0;977.0;820.0;553
6533;Lisse;2019;24236;5023;14192;5021;20682;2272;958;1314;1282;700;582;208;67;141;105;53;52;73;41;32;147;61;86;749;478;271;269.0;240.0;50.0;115.0;998.0;826.0;553
6534;Lisse;2020;24374;5023;14250;5101;20745;2300;970;1330;1329;715;614;220;70;150;114;54;60;81;42;39;154;62;92;760;487;273;266.0;240.0;49.0;88.0;975.0;834.0;553
6535;Lisse;2021;24501;5015;14310;5176;20817;2319;989;1330;1365;724;641;220;68;152;124;55;69;78;39;39;165;64;101;778;498;280;274.0;245.0;60.0;107.0;1002.0;842.0;553
6536;Lisse;2022;24644;5042;14336;5266;20860;2364;1006;1358;1420;764;656;230;74;156;119;50;69;78;38;40;165;64;101;828;538;290;301.0;255.0;62.0;106.0;955.0;839.0;553
6537;Lisse;2023;24762;5045;14371;5346;20929;2380;1004;1376;1453;773;680;234;75;159;121;49;72;85;40;45;171;65;106;842;544;298;305.0;255.0;55.0;93.0;935.0;841.0;553
6538;Lisse;2024;24871;5073;14377;5421;20983;2393;1010;1383;1495;798;697;239;79;160;131;53;78;89;41;48;171;65;106;865;560;305;307.0;249.0;53.0;90.0;910.0;831.0;553
6539;Lisse;2025;24973;5149;14263;5561;20991;2446;1034;1412;1536;814;722;249;80;169;135;55;80;94;43;51;175;65;110;883;571;312;;;;;;;553
6540;Lith;2006;6813;1861;4120;832;6382;282;84;198;149;94;55;19;8;11;9;4;5;28;15;13;8;4;4;85;63;22;69.0;54.0;18.0;21.0;272.0;255.0;808
6541;Lith;2007;6843;1828;4134;881;6377;302;98;204;164;104;60;16;6;10;11;6;5;31;17;14;8;4;4;98;71;27;60.0;55.0;20.0;14.0;255.0;261.0;808
6542;Lith;2008;6848;1792;4132;924;6355;312;101;211;181;112;69;17;7;10;12;6;6;29;16;13;11;4;7;112;79;33;65.0;55.0;19.0;13.0;253.0;259.0;808
6543;Lith;2009;6857;1763;4129;965;6320;337;113;224;200;129;71;18;9;9;16;9;7;31;18;13;13;4;9;122;89;33;59.0;56.0;15.0;18.0;249.0;256.0;808
6544;Lith;2010;6852;1725;4107;1020;6283;362;124;238;207;130;77;18;9;9;18;11;7;28;15;13;14;4;10;129;91;38;55.0;58.0;18.0;17.0;268.0;264.0;808
6545;Lith;2011;6855;1691;4083;1081;6250;384;133;251;221;132;89;23;10;13;17;9;8;26;12;14;18;7;11;137;94;43;46.0;63.0;25.0;18.0;259.0;254.0;808
6546;Lith;2012;6850;1639;4061;1150;6222;390;133;257;238;146;92;26;10;16;16;8;8;25;11;14;21;10;11;150;107;43;63.0;61.0;18.0;21.0;256.0;263.0;808
6547;Lith;2013;6844;1600;4017;1227;6181;418;144;274;245;153;92;24;9;15;16;7;9;24;11;13;21;10;11;160;116;44;65.0;67.0;21.0;23.0;258.0;262.0;808
6548;Lith;2014;6838;1564;3979;1295;6139;441;153;288;258;161;97;24;9;15;15;5;10;26;13;13;20;8;12;173;126;47;48.0;66.0;12.0;19.0;283.0;265.0;808
6549;Lith;2015;6831;1521;3950;1360;6092;472;170;302;267;161;106;25;11;14;16;6;10;27;14;13;24;9;15;175;121;54;54.0;74.0;19.0;24.0;265.0;255.0;808
6550;Lith;2016;6819;1459;3940;1420;6057;487;187;300;275;170;105;24;12;12;15;7;8;28;15;13;25;9;16;183;127;56;59.0;73.0;22.0;15.0;272.0;278.0;808
6551;Lith;2017;6807;1421;3908;1478;6023;502;199;303;282;175;107;26;12;14;18;8;10;26;15;11;27;10;17;185;130;55;55.0;82.0;20.0;27.0;288.0;271.0;808
6552;Lith;2018;6790;1386;3876;1528;5991;504;198;306;295;183;112;26;13;13;16;7;9;34;17;17;28;10;18;191;136;55;65.0;79.0;22.0;16.0;262.0;265.0;808
6553;Lith;2019;6780;1355;3851;1574;5946;519;208;311;315;190;125;26;13;13;19;8;11;35;15;20;29;10;19;206;144;62;64.0;81.0;24.0;29.0;260.0;251.0;808
6554;Lith;2020;6768;1331;3820;1617;5901;530;214;316;337;195;142;29;14;15;19;8;11;38;15;23;31;10;21;220;148;72;71.0;80.0;21.0;25.0;256.0;266.0;808
6555;Lith;2021;6748;1304;3787;1657;5855;548;218;330;345;203;142;30;15;15;20;10;10;39;16;23;32;10;22;224;152;72;65.0;95.0;20.0;23.0;285.0;264.0;808
6556;Lith;2022;6737;1276;3770;1691;5804;553;216;337;380;229;151;36;17;19;24;14;10;42;19;23;33;10;23;245;169;76;61.0;87.0;22.0;19.0;269.0;261.0;808
6557;Lith;2023;6724;1269;3746;1709;5757;583;223;360;384;224;160;40;17;23;27;18;9;39;16;23;38;12;26;240;161;79;67.0;81.0;18.0;16.0;256.0;262.0;808
6558;Lith;2024;6705;1256;3710;1739;5729;588;228;360;388;217;171;41;17;24;26;16;10;38;17;21;42;12;30;241;155;86;75.0;99.0;30.0;24.0;264.0;274.0;808
6559;Lith;2025;6677;1248;3676;1753;5694;584;233;351;399;228;171;40;16;24;26;16;10;39;19;20;43;11;32;251;166;85;;;;;;;808
6560;Littenseradiel;2006;10916;3143;6471;1302;10337;436;138;298;143;99;44;22;8;14;9;5;4;5;2;3;5;1;4;102;83;19;130.0;80.0;35.0;19.0;351.0;402.0;140
6561;Littenseradiel;2007;10932;3099;6498;1335;10309;452;148;304;171;125;46;21;8;13;8;5;3;6;2;4;6;1;5;130;109;21;123.0;82.0;34.0;19.0;372.0;407.0;140
6562;Littenseradiel;2008;10956;3062;6525;1369;10281;474;164;310;201;151;50;23;10;13;10;7;3;7;3;4;8;2;6;153;129;24;137.0;83.0;42.0;22.0;356.0;416.0;140
6563;Littenseradiel;2009;10971;3040;6503;1428;10245;495;181;314;231;177;54;23;10;13;12;7;5;7;3;4;6;1;5;183;156;27;110.0;88.0;41.0;18.0;389.0;420.0;140
6564;Littenseradiel;2010;10986;2997;6509;1480;10209;513;200;313;264;199;65;25;10;15;16;10;6;9;4;5;7;2;5;207;173;34;121.0;81.0;42.0;18.0;382.0;427.0;140
6565;Littenseradiel;2011;11006;2960;6514;1532;10185;534;211;323;287;212;75;25;11;14;17;11;6;8;4;4;9;3;6;228;183;45;120.0;82.0;42.0;18.0;379.0;432.0;140
6566;Littenseradiel;2012;11013;2925;6439;1649;10158;557;223;334;298;217;81;26;11;15;18;12;6;8;4;4;9;3;6;237;187;50;112.0;80.0;55.0;25.0;386.0;432.0;140
6567;Littenseradiel;2013;11029;2881;6398;1750;10112;594;248;346;323;243;80;27;13;14;23;18;5;10;6;4;8;3;5;255;203;52;112.0;86.0;52.0;28.0;399.0;429.0;140
6568;Littenseradiel;2014;11050;2832;6410;1808;10075;628;279;349;347;259;88;26;14;12;22;16;6;11;7;4;7;3;4;281;219;62;127.0;90.0;60.0;26.0;389.0;437.0;140
6569;Littenseradiel;2015;11072;2817;6351;1904;10033;662;302;360;377;281;96;28;13;15;27;21;6;12;8;4;11;5;6;299;234;65;129.0;90.0;62.0;17.0;387.0;451.0;140
6570;Littenseradiel;2016;11091;2802;6325;1964;10003;691;326;365;397;295;102;33;15;18;29;22;7;13;9;4;10;5;5;312;244;68;118.0;96.0;53.0;29.0;407.0;443.0;140
6571;Littenseradiel;2017;11103;2778;6288;2037;9968;714;344;370;421;309;112;36;16;20;30;21;9;12;8;4;10;4;6;333;260;73;128.0;100.0;65.0;29.0;393.0;440.0;140
6572;Littenseradiel;2018;11121;2776;6249;2096;9924;752;379;373;445;319;126;37;16;21;33;21;12;15;8;7;11;4;7;349;270;79;129.0;90.0;67.0;34.0;384.0;447.0;140
6573;Littenseradiel;2019;11130;2754;6219;2157;9900;775;399;376;455;319;136;35;15;20;37;25;12;16;8;8;12;4;8;355;267;88;138.0;93.0;66.0;29.0;380.0;446.0;140
6574;Littenseradiel;2020;11149;2777;6144;2228;9863;816;433;383;470;325;145;36;16;20;42;27;15;13;8;5;12;4;8;367;270;97;130.0;108.0;64.0;36.0;408.0;454.0;140
6575;Littenseradiel;2021;11157;2747;6145;2265;9845;835;441;394;477;331;146;34;15;19;44;29;15;13;7;6;12;4;8;374;276;98;142.0;92.0;66.0;36.0;389.0;462.0;140
6576;Littenseradiel;2022;11166;2748;6084;2334;9820;856;453;403;490;341;149;34;15;19;43;28;15;13;7;6;11;4;7;389;287;102;133.0;99.0;65.0;39.0;420.0;466.0;140
6577;Littenseradiel;2023;11181;2729;6062;2390;9799;867;462;405;515;361;154;36;15;21;51;33;18;15;7;8;11;3;8;402;303;99;138.0;99.0;80.0;28.0;369.0;451.0;140
6578;Littenseradiel;2024;11196;2759;5998;2439;9748;913;496;417;535;373;162;37;14;23;56;36;20;15;6;9;12;4;8;415;313;102;135.0;122.0;72.0;33.0;403.0;456.0;140
6579;Littenseradiel;2025;11198;2738;5973;2487;9733;923;501;422;542;380;162;39;14;25;56;36;20;16;7;9;12;5;7;419;318;101;;;;;;;140
6580;Lochem;2006;32784;7511;18644;6629;29715;1872;598;1274;1197;723;474;96;51;45;55;23;32;349;196;153;243;137;106;454;316;138;293.0;381.0;58.0;81.0;1163.0;1158.0;262
6581;Lochem;2007;32680;7393;18588;6699;29538;1894;623;1271;1248;765;483;107;60;47;58;24;34;351;196;155;251;141;110;481;344;137;276.0;390.0;57.0;84.0;1172.0;1173.0;262
6582;Lochem;2008;32541;7202;18590;6749;29317;1938;649;1289;1286;785;501;116;60;56;59;26;33;356;197;159;249;138;111;506;364;142;266.0;386.0;56.0;80.0;1190.0;1187.0;262
6583;Lochem;2009;32409;7042;18533;6834;29109;1957;660;1297;1343;830;513;140;70;70;59;27;32;358;203;155;244;134;110;542;396;146;272.0;379.0;67.0;88.0;1176.0;1194.0;262
6584;Lochem;2010;32266;6876;18492;6898;28880;2008;694;1314;1378;869;509;146;78;68;60;29;31;357;201;156;242;134;108;573;427;146;266.0;390.0;65.0;83.0;1204.0;1204.0;262
6585;Lochem;2011;32128;6752;18412;6964;28660;2040;711;1329;1428;894;534;157;87;70;63;30;33;364;200;164;246;133;113;598;444;154;248.0;395.0;56.0;90.0;1219.0;1217.0;262
6586;Lochem;2012;31961;6588;18271;7102;28426;2058;731;1327;1477;907;570;162;88;74;65;31;34;370;204;166;251;133;118;629;451;178;262.0;396.0;68.0;85.0;1238.0;1224.0;262
6587;Lochem;2013;31825;6448;18171;7206;28195;2104;748;1356;1526;940;586;175;96;79;72;37;35;383;211;172;255;136;119;641;460;181;274.0;399.0;89.0;87.0;1211.0;1240.0;262
6588;Lochem;2014;31676;6324;18126;7226;27991;2131;766;1365;1554;958;596;182;100;82;78;41;37;380;208;172;252;132;120;662;477;185;282.0;399.0;79.0;93.0;1188.0;1230.0;262
6589;Lochem;2015;31510;6248;18002;7260;27780;2166;786;1380;1564;954;610;185;99;86;79;41;38;381;206;175;253;133;120;666;475;191;284.0;396.0;81.0;79.0;1214.0;1234.0;262
6590;Lochem;2016;31384;6218;17866;7300;27594;2186;806;1380;1604;967;637;199;106;93;85;46;39;390;210;180;256;131;125;674;474;200;298.0;385.0;57.0;92.0;1209.0;1232.0;262
6591;Lochem;2017;31241;6145;17722;7374;27374;2229;831;1398;1638;987;651;208;113;95;86;41;45;400;216;184;254;132;122;690;485;205;322.0;395.0;61.0;76.0;1176.0;1212.0;262
6592;Lochem;2018;31118;6121;17565;7432;27148;2285;871;1414;1685;1021;664;221;119;102;84;39;45;403;220;183;249;126;123;728;517;211;317.0;403.0;78.0;65.0;1175.0;1228.0;262
6593;Lochem;2019;30997;6088;17459;7450;26977;2305;895;1410;1715;1040;675;237;132;105;81;38;43;398;219;179;254;129;125;745;522;223;340.0;390.0;68.0;87.0;1173.0;1227.0;262
6594;Lochem;2020;30872;6035;17332;7505;26811;2296;904;1392;1765;1068;697;238;131;107;86;43;43;400;221;179;260;131;129;781;542;239;341.0;391.0;70.0;73.0;1161.0;1225.0;262
6595;Lochem;2021;30755;6006;17200;7549;26606;2319;908;1411;1830;1092;738;244;133;111;90;47;43;411;218;193;259;122;137;826;572;254;363.0;396.0;72.0;90.0;1144.0;1212.0;262
6596;Lochem;2022;30637;6014;17069;7554;26449;2319;920;1399;1869;1123;746;246;139;107;90;48;42;422;219;203;263;123;140;848;594;254;344.0;406.0;68.0;86.0;1186.0;1212.0;262
6597;Lochem;2023;30531;6017;16912;7602;26284;2327;927;1400;1920;1148;772;254;138;116;94;50;44;422;220;202;266;121;145;884;619;265;367.0;395.0;71.0;90.0;1147.0;1202.0;262
6598;Lochem;2024;30427;6040;16751;7636;26106;2362;954;1408;1959;1158;801;266;141;125;102;55;47;426;219;207;261;117;144;904;626;278;341.0;397.0;62.0;94.0;1173.0;1187.0;262
6599;Lochem;2025;30326;6115;16544;7667;25951;2393;970;1423;1982;1151;831;275;141;134;105;56;49;428;220;208;266;119;147;908;615;293;;;;;;;262
6600;Loenen;2006;8286;2045;4858;1383;7121;795;281;514;370;209;161;50;22;28;45;17;28;56;28;28;33;21;12;186;121;65;82.0;74.0;14.0;29.0;381.0;423.0;329
6601;Loenen;2007;8238;2010;4789;1439;7030;819;292;527;389;215;174;53;24;29;51;19;32;59;29;30;38;21;17;188;122;66;75.0;91.0;20.0;29.0;390.0;412.0;329
6602;Loenen;2008;8192;1986;4714;1492;6954;835;298;537;403;227;176;64;28;36;53;23;30;54;26;28;45;25;20;187;125;62;69.0;86.0;19.0;28.0;367.0;407.0;329
6603;Loenen;2009;8128;1950;4641;1537;6844;873;309;564;411;233;178;71;32;39;50;22;28;54;28;26;49;28;21;187;123;64;85.0;86.0;19.0;37.0;370.0;403.0;329
6604;Loenen;2010;8076;1929;4553;1594;6757;871;316;555;448;247;201;82;34;48;53;24;29;56;28;28;55;32;23;202;129;73;78.0;81.0;16.0;32.0;387.0;419.0;329
6605;Loenen;2011;8024;1897;4491;1636;6671;871;308;563;482;260;222;87;34;53;57;25;32;57;29;28;60;34;26;221;138;83;79.0;94.0;20.0;31.0;382.0;402.0;329
6606;Loenen;2012;7978;1863;4414;1701;6577;887;320;567;514;276;238;95;33;62;57;25;32;61;29;32;68;37;31;233;152;81;82.0;91.0;13.0;32.0;391.0;411.0;329
6607;Loenen;2013;7932;1836;4332;1764;6491;899;327;572;542;290;252;105;43;62;61;27;34;66;32;34;67;33;34;243;155;88;78.0;97.0;25.0;19.0;387.0;414.0;329
6608;Loenen;2014;7894;1830;4239;1825;6405;924;343;581;565;303;262;112;43;69;61;29;32;64;31;33;68;34;34;260;166;94;72.0;99.0;18.0;26.0;386.0;411.0;329
6609;Loenen;2015;7836;1784;4198;1854;6320;943;355;588;573;307;266;111;42;69;62;31;31;67;33;34;72;35;37;261;166;95;72.0;99.0;23.0;20.0;387.0;412.0;329
6610;Loenen;2016;7786;1739;4134;1913;6235;961;362;599;590;322;268;117;49;68;64;35;29;70;32;38;72;37;35;267;169;98;72.0;101.0;22.0;35.0;406.0;413.0;329
6611;Loenen;2017;7741;1701;4080;1960;6152;975;372;603;614;331;283;118;46;72;59;28;31;70;32;38;76;38;38;291;187;104;69.0;107.0;21.0;20.0;409.0;415.0;329
6612;Loenen;2018;7696;1658;4046;1992;6066;986;370;616;644;340;304;118;46;72;61;28;33;77;34;43;87;42;45;301;190;111;69.0;106.0;19.0;26.0;411.0;419.0;329
6613;Loenen;2019;7644;1618;3997;2029;5947;1010;376;634;687;364;323;130;50;80;60;28;32;80;35;45;91;41;50;326;210;116;75.0;112.0;30.0;30.0;406.0;422.0;329
6614;Loenen;2020;7592;1576;4004;2012;5873;1010;387;623;709;374;335;130;52;78;60;27;33;82;35;47;98;45;53;339;215;124;69.0;113.0;17.0;33.0;425.0;416.0;329
6615;Loenen;2021;7542;1537;3965;2040;5781;1042;396;646;719;376;343;136;52;84;64;31;33;82;38;44;104;46;58;333;209;124;72.0;119.0;25.0;29.0;415.0;425.0;329
6616;Loenen;2022;7482;1507;3937;2038;5683;1065;403;662;734;380;354;139;55;84;66;29;37;79;38;41;109;47;62;341;211;130;84.0;108.0;24.0;31.0;410.0;422.0;329
6617;Loenen;2023;7440;1508;3854;2078;5611;1076;403;673;753;396;357;140;59;81;64;29;35;81;39;42;109;47;62;359;222;137;72.0;116.0;20.0;34.0;419.0;422.0;329
6618;Loenen;2024;7381;1501;3793;2087;5523;1081;417;664;777;416;361;144;65;79;63;31;32;81;37;44;115;49;66;374;234;140;70.0;126.0;24.0;36.0;420.0;408.0;329
6619;Loenen;2025;7327;1506;3760;2061;5436;1095;425;670;796;424;372;148;67;81;59;27;32;76;33;43;118;48;70;395;249;146;;;;;;;329
6620;Loon op Zand;2006;22904;5627;13958;3319;21036;1209;424;785;659;388;271;111;70;41;43;16;27;219;105;114;22;10;12;264;187;77;238.0;217.0;36.0;53.0;750.0;797.0;809
6621;Loon op Zand;2007;22864;5523;13960;3381;20956;1229;428;801;679;400;279;113;71;42;48;19;29;223;108;115;24;11;13;271;191;80;223.0;212.0;39.0;66.0;782.0;792.0;809
6622;Loon op Zand;2008;22843;5421;13978;3444;20882;1270;449;821;691;408;283;117;70;47;45;17;28;222;110;112;25;12;13;282;199;83;220.0;209.0;32.0;64.0;780.0;805.0;809
6623;Loon op Zand;2009;22802;5328;13969;3505;20822;1273;450;823;707;420;287;119;74;45;47;18;29;225;112;113;27;11;16;289;205;84;214.0;226.0;47.0;63.0;812.0;793.0;809
6624;Loon op Zand;2010;22798;5264;13975;3559;20758;1302;455;847;738;446;292;128;80;48;48;21;27;224;111;113;28;12;16;310;222;88;208.0;233.0;41.0;56.0;814.0;803.0;809
6625;Loon op Zand;2011;22770;5168;13968;3634;20693;1317;466;851;760;459;301;131;80;51;49;23;26;221;112;109;35;17;18;324;227;97;218.0;230.0;34.0;51.0;803.0;810.0;809
6626;Loon op Zand;2012;22735;5100;13880;3755;20630;1340;471;869;765;461;304;133;79;54;49;23;26;214;110;104;35;16;19;334;233;101;210.0;242.0;44.0;52.0;805.0;801.0;809
6627;Loon op Zand;2013;22703;4989;13798;3916;20574;1354;482;872;775;466;309;136;77;59;48;22;26;209;106;103;35;18;17;347;243;104;217.0;236.0;41.0;61.0;807.0;801.0;809
6628;Loon op Zand;2014;22669;4884;13762;4023;20483;1376;491;885;810;481;329;145;78;67;52;23;29;210;102;108;38;19;19;365;259;106;228.0;245.0;40.0;63.0;809.0;800.0;809
6629;Loon op Zand;2015;22638;4832;13651;4155;20410;1406;500;906;822;488;334;146;78;68;58;27;31;213;105;108;41;19;22;364;259;105;232.0;230.0;30.0;57.0;783.0;796.0;809
6630;Loon op Zand;2016;22602;4761;13598;4243;20342;1432;518;914;828;485;343;146;79;67;58;26;32;210;102;108;44;20;24;370;258;112;236.0;253.0;39.0;58.0;792.0;796.0;809
6631;Loon op Zand;2017;22560;4749;13518;4293;20271;1448;530;918;841;500;341;152;82;70;54;25;29;205;104;101;43;20;23;387;269;118;241.0;238.0;30.0;65.0;804.0;799.0;809
6632;Loon op Zand;2018;22535;4734;13437;4364;20225;1458;550;908;852;508;344;153;83;70;56;27;29;205;104;101;45;20;25;393;274;119;230.0;250.0;35.0;64.0;816.0;789.0;809
6633;Loon op Zand;2019;22513;4720;13333;4460;20173;1486;556;930;854;509;345;154;85;69;55;26;29;208;105;103;43;19;24;394;274;120;238.0;255.0;40.0;58.0;787.0;793.0;809
6634;Loon op Zand;2020;22475;4658;13296;4521;20109;1492;567;925;874;519;355;155;84;71;62;30;32;207;101;106;43;19;24;407;285;122;254.0;272.0;36.0;61.0;797.0;791.0;809
6635;Loon op Zand;2021;22442;4646;13213;4583;20062;1490;567;923;890;529;361;155;85;70;63;31;32;204;98;106;47;19;28;421;296;125;240.0;267.0;36.0;70.0;816.0;787.0;809
6636;Loon op Zand;2022;22412;4586;13185;4641;20002;1510;584;926;900;539;361;158;86;72;59;30;29;202;97;105;48;20;28;433;306;127;254.0;266.0;41.0;52.0;767.0;779.0;809
6637;Loon op Zand;2023;22381;4578;13077;4726;19950;1531;601;930;900;538;362;159;85;74;59;30;29;198;96;102;51;20;31;433;307;126;268.0;266.0;38.0;72.0;789.0;771.0;809
6638;Loon op Zand;2024;22367;4586;12965;4816;19915;1544;598;946;908;537;371;164;87;77;57;27;30;197;96;101;50;17;33;440;310;130;263.0;270.0;35.0;47.0;765.0;775.0;809
6639;Loon op Zand;2025;22340;4613;12844;4883;19853;1561;603;958;926;549;377;169;93;76;58;29;29;198;96;102;52;18;34;449;313;136;;;;;;;809
6640;Lopik;2006;14109;4190;8339;1580;13096;518;185;333;495;283;212;48;28;20;19;10;9;23;10;13;190;91;99;215;144;71;193.0;96.0;29.0;36.0;393.0;354.0;331
6641;Lopik;2007;14238;4198;8378;1662;13148;559;199;360;531;311;220;50;29;21;23;14;9;25;11;14;195;95;100;238;162;76;190.0;81.0;38.0;42.0;328.0;360.0;331
6642;Lopik;2008;14312;4220;8350;1742;13145;595;214;381;572;330;242;54;31;23;26;15;11;29;12;17;203;98;105;260;174;86;181.0;95.0;30.0;52.0;362.0;360.0;331
6643;Lopik;2009;14377;4216;8323;1838;13147;614;217;397;616;352;264;60;31;29;29;16;13;32;12;20;208;101;107;287;192;95;181.0;94.0;29.0;36.0;349.0;369.0;331
6644;Lopik;2010;14437;4193;8323;1921;13157;653;231;422;627;362;265;66;34;32;38;22;16;31;11;20;203;100;103;289;195;94;161.0;104.0;25.0;47.0;391.0;360.0;331
6645;Lopik;2011;14505;4176;8352;1977;13159;696;243;453;650;369;281;73;34;39;38;22;16;33;12;21;210;101;109;296;200;96;166.0;98.0;27.0;51.0;369.0;365.0;331
6646;Lopik;2012;14556;4128;8352;2076;13149;731;256;475;676;380;296;81;41;40;43;25;18;38;14;24;207;101;106;307;199;108;170.0;99.0;21.0;45.0;378.0;366.0;331
6647;Lopik;2013;14613;4087;8339;2187;13140;754;263;491;719;398;321;87;41;46;52;32;20;41;15;26;212;103;109;327;207;120;157.0;115.0;23.0;46.0;420.0;373.0;331
6648;Lopik;2014;14679;4056;8315;2308;13157;785;285;500;737;409;328;86;41;45;48;30;18;43;16;27;217;107;110;343;215;128;167.0;105.0;24.0;44.0;380.0;371.0;331
6649;Lopik;2015;14731;4031;8288;2412;13137;828;304;524;766;435;331;90;48;42;50;30;20;45;17;28;218;108;110;363;232;131;155.0;119.0;34.0;38.0;395.0;377.0;331
6650;Lopik;2016;14780;3978;8295;2507;13135;857;318;539;788;442;346;99;51;48;53;31;22;46;17;29;222;110;112;368;233;135;163.0;121.0;25.0;45.0;400.0;369.0;331
6651;Lopik;2017;14834;3917;8296;2621;13139;883;322;561;812;456;356;98;52;46;58;36;22;47;16;31;227;113;114;382;239;143;171.0;118.0;37.0;38.0;369.0;379.0;331
6652;Lopik;2018;14877;3865;8260;2752;13126;911;337;574;840;474;366;109;56;53;57;34;23;47;16;31;223;113;110;404;255;149;181.0;126.0;30.0;32.0;379.0;384.0;331
6653;Lopik;2019;14927;3832;8265;2830;13117;950;354;596;860;484;376;122;61;61;61;38;23;48;16;32;222;114;108;407;255;152;173.0;120.0;23.0;45.0;399.0;384.0;331
6654;Lopik;2020;14974;3767;8264;2943;13086;993;366;627;895;496;399;130;63;67;66;42;24;50;17;33;223;113;110;426;261;165;172.0;135.0;39.0;43.0;390.0;385.0;331
6655;Lopik;2021;15013;3710;8281;3022;13043;1046;386;660;924;511;413;136;66;70;67;43;24;52;17;35;224;111;113;445;274;171;180.0;137.0;42.0;49.0;382.0;389.0;331
6656;Lopik;2022;15043;3693;8233;3117;13018;1086;403;683;939;517;422;137;64;73;66;41;25;58;18;40;218;108;110;460;286;174;178.0;142.0;36.0;49.0;401.0;392.0;331
6657;Lopik;2023;15076;3649;8241;3186;12999;1112;417;695;965;529;436;138;68;70;65;41;24;58;18;40;230;111;119;474;291;183;172.0;150.0;39.0;29.0;381.0;398.0;331
6658;Lopik;2024;15091;3623;8209;3259;12971;1132;426;706;988;541;447;141;71;70;70;41;29;63;21;42;233;112;121;481;296;185;175.0;158.0;31.0;42.0;413.0;389.0;331
6659;Lopik;2025;15118;3602;8159;3357;12934;1158;444;714;1026;566;460;148;75;73;69;42;27;65;21;44;241;115;126;503;313;190;;;;;;;331
6660;Loppersum;2006;10920;2804;6594;1522;10257;467;152;315;196;129;67;24;14;10;35;20;15;5;3;2;0;0;0;132;92;40;119.0;97.0;20.0;25.0;547.0;616.0;24
6661;Loppersum;2007;10869;2735;6593;1541;10160;486;170;316;223;154;69;27;18;9;35;20;15;5;3;2;3;2;1;153;111;42;120.0;87.0;25.0;33.0;521.0;633.0;24
6662;Loppersum;2008;10782;2660;6544;1578;10043;489;177;312;250;168;82;31;20;11;42;24;18;5;1;4;4;3;1;168;120;48;122.0;100.0;31.0;29.0;521.0;633.0;24
6663;Loppersum;2009;10696;2613;6465;1618;9933;490;182;308;273;184;89;33;21;12;45;29;16;6;2;4;5;3;2;184;129;55;115.0;96.0;37.0;35.0;516.0;625.0;24
6664;Loppersum;2010;10608;2544;6419;1645;9811;499;199;300;298;200;98;38;24;14;48;31;17;7;3;4;6;3;3;199;139;60;117.0;81.0;46.0;34.0;504.0;639.0;24
6665;Loppersum;2011;10521;2488;6337;1696;9698;512;218;294;311;213;98;36;23;13;47;31;16;9;3;6;7;3;4;212;153;59;123.0;91.0;55.0;29.0;491.0;628.0;24
6666;Loppersum;2012;10440;2457;6219;1764;9566;538;242;296;336;233;103;36;25;11;49;32;17;13;6;7;8;4;4;230;166;64;134.0;96.0;42.0;26.0;506.0;629.0;24
6667;Loppersum;2013;10371;2419;6126;1826;9451;570;268;302;350;237;113;35;23;12;52;36;16;15;6;9;8;3;5;240;169;71;128.0;93.0;49.0;31.0;496.0;622.0;24
6668;Loppersum;2014;10298;2396;6025;1877;9346;591;285;306;361;249;112;35;23;12;51;37;14;15;7;8;9;3;6;251;179;72;123.0;98.0;57.0;34.0;504.0;628.0;24
6669;Loppersum;2015;10222;2374;5944;1904;9237;617;299;318;368;252;116;35;22;13;53;40;13;15;6;9;10;3;7;255;181;74;133.0;100.0;52.0;37.0;510.0;618.0;24
6670;Loppersum;2016;10161;2335;5884;1942;9139;644;309;335;378;257;121;35;22;13;53;40;13;15;6;9;12;3;9;263;186;77;125.0;96.0;52.0;34.0;512.0;617.0;24
6671;Loppersum;2017;10103;2333;5799;1971;9024;680;332;348;399;270;129;34;20;14;55;42;13;18;7;11;13;3;10;279;198;81;116.0;97.0;56.0;44.0;529.0;618.0;24
6672;Loppersum;2018;10046;2301;5712;2033;8961;687;339;348;398;265;133;36;21;15;57;43;14;20;8;12;13;3;10;272;190;82;126.0;109.0;44.0;37.0;524.0;617.0;24
6673;Loppersum;2019;9976;2295;5622;2059;8861;712;353;359;403;267;136;36;20;16;57;41;16;21;8;13;12;4;8;277;194;83;128.0;107.0;48.0;31.0;500.0;595.0;24
6674;Loppersum;2020;9921;2307;5532;2082;8762;724;363;361;435;294;141;36;20;16;61;45;16;24;10;14;13;4;9;301;215;86;122.0;107.0;57.0;40.0;510.0;603.0;24
6675;Loppersum;2021;9859;2282;5460;2117;8659;754;396;358;446;296;150;34;18;16;63;49;14;29;10;19;14;4;10;306;215;91;120.0;104.0;43.0;22.0;507.0;594.0;24
6676;Loppersum;2022;9811;2288;5385;2138;8558;785;415;370;468;310;158;32;16;16;67;50;17;33;13;20;14;4;10;322;227;95;123.0;102.0;38.0;36.0;511.0;586.0;24
6677;Loppersum;2023;9760;2282;5302;2176;8475;789;424;365;496;329;167;36;18;18;73;55;18;35;12;23;15;4;11;337;240;97;140.0;92.0;34.0;22.0;484.0;579.0;24
6678;Loppersum;2024;9725;2295;5249;2181;8399;808;424;384;518;344;174;39;17;22;81;63;18;33;12;21;14;4;10;351;248;103;129.0;103.0;55.0;44.0;508.0;592.0;24
6679;Loppersum;2025;9678;2286;5184;2208;8338;814;427;387;526;349;177;39;17;22;83;64;19;30;11;19;13;4;9;361;253;108;;;;;;;24
6680;Losser;2006;22490;5509;13566;3415;19178;2817;760;2057;495;302;193;35;17;18;25;9;16;185;101;84;17;6;11;233;169;64;220.0;207.0;41.0;74.0;623.0;649.0;168
6681;Losser;2007;22451;5391;13589;3471;19120;2805;741;2064;526;321;205;39;19;20;30;11;19;183;100;83;25;11;14;249;180;69;216.0;223.0;30.0;60.0;638.0;645.0;168
6682;Losser;2008;22411;5285;13608;3518;19036;2819;739;2080;556;336;220;43;20;23;33;10;23;183;98;85;28;14;14;269;194;75;212.0;212.0;30.0;73.0;643.0;646.0;168
6683;Losser;2009;22366;5177;13610;3579;18979;2802;727;2075;585;353;232;48;24;24;31;10;21;182;95;87;34;15;19;290;209;81;201.0;226.0;36.0;66.0;667.0;660.0;168
6684;Losser;2010;22323;5078;13607;3638;18914;2779;713;2066;630;377;253;55;26;29;33;11;22;186;95;91;37;16;21;319;229;90;206.0;212.0;34.0;50.0;633.0;652.0;168
6685;Losser;2011;22285;5005;13551;3729;18845;2784;708;2076;656;390;266;61;28;33;38;14;24;187;95;92;38;17;21;332;236;96;210.0;223.0;33.0;54.0;640.0;649.0;168
6686;Losser;2012;22244;4906;13489;3849;18769;2781;701;2080;694;398;296;70;31;39;39;13;26;193;97;96;41;19;22;351;238;113;233.0;223.0;36.0;75.0;636.0;643.0;168
6687;Losser;2013;22209;4878;13392;3939;18722;2776;701;2075;711;396;315;72;32;40;43;15;28;192;93;99;44;19;25;360;237;123;230.0;220.0;34.0;69.0;639.0;655.0;168
6688;Losser;2014;22172;4854;13272;4046;18631;2789;700;2089;752;408;344;78;33;45;48;15;33;190;91;99;50;20;30;386;249;137;225.0;220.0;50.0;64.0;620.0;650.0;168
6689;Losser;2015;22136;4802;13179;4155;18590;2751;680;2071;795;433;362;87;35;52;52;20;32;196;92;104;55;22;33;405;264;141;230.0;231.0;46.0;58.0;632.0;657.0;168
6690;Losser;2016;22102;4761;13091;4250;18544;2722;669;2053;836;446;390;89;36;53;57;22;35;197;90;107;61;20;41;432;278;154;241.0;238.0;31.0;67.0;636.0;646.0;168
6691;Losser;2017;22063;4773;12954;4336;18484;2710;669;2041;869;454;415;100;40;60;62;23;39;198;90;108;65;20;45;444;281;163;252.0;233.0;37.0;55.0;617.0;636.0;168
6692;Losser;2018;22045;4759;12895;4391;18431;2707;668;2039;907;463;444;104;39;65;69;26;43;204;90;114;72;21;51;458;287;171;264.0;225.0;35.0;68.0;612.0;648.0;168
6693;Losser;2019;22019;4739;12782;4498;18380;2691;658;2033;948;479;469;107;40;67;75;29;46;203;86;117;81;25;56;482;299;183;245.0;228.0;29.0;68.0;635.0;645.0;168
6694;Losser;2020;21988;4733;12685;4570;18325;2691;655;2036;972;485;487;109;42;67;78;28;50;203;87;116;90;27;63;492;301;191;264.0;231.0;33.0;57.0;619.0;649.0;168
6695;Losser;2021;21969;4734;12563;4672;18273;2687;642;2045;1009;500;509;112;40;72;83;30;53;208;89;119;93;29;64;513;312;201;247.0;247.0;32.0;69.0;645.0;647.0;168
6696;Losser;2022;21932;4723;12498;4711;18225;2660;625;2035;1047;515;532;118;41;77;85;31;54;208;90;118;96;29;67;540;324;216;256.0;234.0;32.0;60.0;618.0;640.0;168
6697;Losser;2023;21906;4715;12386;4805;18183;2655;617;2038;1068;519;549;124;44;80;86;31;55;206;89;117;101;29;72;551;326;225;248.0;250.0;35.0;82.0;652.0;635.0;168
6698;Losser;2024;21877;4714;12289;4874;18152;2620;609;2011;1105;531;574;127;47;80;92;35;57;206;88;118;112;31;81;568;330;238;247.0;238.0;24.0;46.0;630.0;645.0;168
6699;Losser;2025;21851;4746;12186;4919;18100;2614;614;2000;1137;543;594;134;53;81;94;35;59;209;86;123;117;32;85;583;337;246;;;;;;;168
6700;Maarn;2006;6017;1503;3300;1214;5276;508;164;344;233;131;102;49;22;27;15;8;7;10;5;5;20;7;13;139;89;50;66.0;69.0;15.0;12.0;379.0;378.0;332
6701;Maarn;2007;6017;1486;3298;1233;5226;525;173;352;266;157;109;58;27;31;17;10;7;13;8;5;21;8;13;157;104;53;61.0;67.0;17.0;23.0;385.0;395.0;332
6702;Maarn;2008;5994;1469;3272;1253;5177;533;176;357;284;165;119;62;28;34;20;11;9;17;9;8;20;7;13;165;110;55;69.0;65.0;21.0;15.0;364.0;390.0;332
6703;Maarn;2009;5979;1461;3245;1273;5126;543;185;358;310;185;125;72;34;38;26;15;11;18;11;7;22;9;13;172;116;56;59.0;61.0;23.0;23.0;384.0;403.0;332
6704;Maarn;2010;5957;1449;3222;1286;5048;583;196;387;326;194;132;75;35;40;27;16;11;23;14;9;21;8;13;180;121;59;58.0;69.0;13.0;25.0;387.0;399.0;332
6705;Maarn;2011;5922;1427;3200;1295;4976;607;207;400;339;206;133;77;36;41;29;18;11;22;14;8;25;10;15;186;128;58;64.0;70.0;13.0;22.0;375.0;400.0;332
6706;Maarn;2012;5881;1411;3150;1320;4913;620;213;407;348;209;139;73;33;40;28;17;11;20;12;8;28;11;17;199;136;63;51.0;87.0;17.0;21.0;406.0;398.0;332
6707;Maarn;2013;5849;1391;3112;1346;4862;620;205;415;367;221;146;70;31;39;32;20;12;26;15;11;30;12;18;209;143;66;65.0;66.0;14.0;17.0;384.0;403.0;332
6708;Maarn;2014;5823;1384;3083;1356;4802;633;210;423;388;239;149;72;34;38;36;23;13;29;16;13;27;11;16;224;155;69;62.0;76.0;16.0;18.0;385.0;388.0;332
6709;Maarn;2015;5803;1381;3051;1371;4733;649;219;430;421;257;164;77;34;43;39;29;10;36;19;17;33;12;21;236;163;73;58.0;73.0;24.0;21.0;374.0;387.0;332
6710;Maarn;2016;5781;1368;3054;1359;4662;664;233;431;455;281;174;78;35;43;40;29;11;39;19;20;42;16;26;256;182;74;58.0;79.0;17.0;13.0;399.0;416.0;332
6711;Maarn;2017;5748;1370;3025;1353;4605;663;233;430;480;290;190;78;33;45;42;32;10;44;20;24;48;16;32;268;189;79;60.0;77.0;18.0;17.0;383.0;410.0;332
6712;Maarn;2018;5706;1359;3027;1320;4516;708;252;456;482;289;193;78;34;44;37;27;10;41;18;23;48;16;32;278;194;84;57.0;77.0;17.0;23.0;413.0;411.0;332
6713;Maarn;2019;5682;1330;3047;1305;4452;725;262;463;505;286;219;88;37;51;37;26;11;46;17;29;53;15;38;281;191;90;61.0;75.0;18.0;12.0;402.0;419.0;332
6714;Maarn;2020;5657;1320;3022;1315;4377;736;263;473;544;304;240;93;39;54;38;26;12;58;22;36;57;16;41;298;201;97;60.0;72.0;20.0;20.0;392.0;412.0;332
6715;Maarn;2021;5622;1305;2994;1323;4303;764;285;479;555;307;248;98;41;57;37;26;11;59;23;36;58;17;41;303;200;103;60.0;80.0;15.0;18.0;388.0;396.0;332
6716;Maarn;2022;5591;1286;2991;1314;4238;768;277;491;585;318;267;104;40;64;44;31;13;59;22;37;59;17;42;319;208;111;52.0;85.0;15.0;25.0;409.0;406.0;332
6717;Maarn;2023;5551;1261;2978;1312;4154;800;288;512;597;327;270;110;44;66;45;32;13;62;25;37;56;17;39;324;209;115;48.0;81.0;17.0;22.0;405.0;399.0;332
6718;Maarn;2024;5519;1238;2965;1316;4095;821;299;522;603;335;268;106;44;62;46;32;14;65;25;40;58;18;40;328;216;112;51.0;74.0;16.0;15.0;382.0;397.0;332
6719;Maarn;2025;5483;1234;2933;1316;4005;843;304;539;635;348;287;104;44;60;52;36;16;72;27;45;65;19;46;342;222;120;;;;;;;332
6720;Maarssen;2006;39995;9926;25743;4326;32984;3437;1186;2251;3574;2019;1555;1105;602;503;290;142;148;248;114;134;763;374;389;1168;787;381;375.0;238.0;98.0;156.0;1579.0;1874.0;333
6721;Maarssen;2007;39781;9670;25716;4395;32735;3454;1196;2258;3592;2002;1590;1095;588;507;282;140;142;246;113;133;786;381;405;1183;780;403;384.0;267.0;90.0;164.0;1600.0;1851.0;333
6722;Maarssen;2008;39571;9427;25703;4441;32494;3437;1191;2246;3640;1997;1643;1089;579;510;284;139;145;254;111;143;804;383;421;1209;785;424;380.0;263.0;94.0;134.0;1567.0;1847.0;333
6723;Maarssen;2009;39368;9199;25602;4567;32254;3462;1217;2245;3652;1993;1659;1079;569;510;289;142;147;252;109;143;806;379;427;1226;794;432;356.0;259.0;99.0;143.0;1561.0;1820.0;333
6724;Maarssen;2010;39164;8991;25459;4714;32031;3446;1229;2217;3687;1996;1691;1064;559;505;279;140;139;255;110;145;834;386;448;1255;801;454;370.0;253.0;97.0;152.0;1549.0;1827.0;333
6725;Maarssen;2011;38948;8797;25281;4870;31798;3439;1233;2206;3711;1992;1719;1060;556;504;261;129;132;266;114;152;856;390;466;1268;803;465;372.0;261.0;99.0;134.0;1523.0;1801.0;333
6726;Maarssen;2012;38747;8628;24899;5220;31568;3441;1254;2187;3738;2001;1737;1042;549;493;255;125;130;272;120;152;862;388;474;1307;819;488;348.0;265.0;101.0;146.0;1524.0;1794.0;333
6727;Maarssen;2013;38519;8444;24512;5563;31364;3418;1230;2188;3737;1991;1746;1024;544;480;254;120;134;279;120;159;874;392;482;1306;815;491;331.0;275.0;116.0;152.0;1538.0;1770.0;333
6728;Maarssen;2014;38312;8240;24217;5855;31130;3428;1238;2190;3754;2002;1752;997;526;471;249;118;131;286;122;164;890;397;493;1332;839;493;345.0;283.0;107.0;143.0;1535.0;1750.0;333
6729;Maarssen;2015;38124;8098;23927;6099;30947;3413;1263;2150;3764;1969;1795;969;505;464;245;112;133;291;119;172;914;404;510;1345;829;516;354.0;269.0;94.0;123.0;1498.0;1743.0;333
6730;Maarssen;2016;37935;7982;23655;6298;30745;3403;1246;2157;3787;1957;1830;959;492;467;249;112;137;297;121;176;914;405;509;1368;827;541;345.0;277.0;100.0;119.0;1480.0;1708.0;333
6731;Maarssen;2017;37758;7871;23393;6494;30553;3411;1284;2127;3794;1966;1828;939;487;452;254;116;138;299;124;175;910;398;512;1392;841;551;342.0;275.0;92.0;118.0;1482.0;1699.0;333
6732;Maarssen;2018;37585;7775;23045;6765;30371;3397;1296;2101;3817;1972;1845;925;477;448;257;117;140;305;127;178;917;397;520;1413;854;559;353.0;296.0;99.0;116.0;1480.0;1669.0;333
6733;Maarssen;2019;37437;7680;22784;6973;30219;3401;1316;2085;3817;1963;1854;900;460;440;260;120;140;315;129;186;925;399;526;1417;855;562;346.0;312.0;99.0;139.0;1508.0;1661.0;333
6734;Maarssen;2020;37281;7603;22497;7181;30042;3386;1316;2070;3853;1990;1863;903;463;440;259;124;135;319;130;189;928;401;527;1444;872;572;333.0;299.0;99.0;143.0;1500.0;1636.0;333
6735;Maarssen;2021;37142;7467;22309;7366;29852;3428;1345;2083;3862;1990;1872;890;457;433;261;129;132;323;131;192;947;405;542;1441;868;573;349.0;307.0;91.0;125.0;1517.0;1655.0;333
6736;Maarssen;2022;37015;7420;22017;7578;29692;3434;1354;2080;3889;1979;1910;883;442;441;262;130;132;329;130;199;946;400;546;1469;877;592;341.0;305.0;77.0;111.0;1513.0;1651.0;333
6737;Maarssen;2023;36882;7309;21831;7742;29551;3426;1374;2052;3905;2001;1904;883;438;445;268;135;133;328;133;195;941;402;539;1485;893;592;360.0;314.0;84.0;128.0;1506.0;1631.0;333
6738;Maarssen;2024;36763;7223;21585;7955;29396;3433;1371;2062;3934;2010;1924;896;436;460;275;135;140;324;133;191;935;399;536;1504;907;597;362.0;336.0;88.0;134.0;1551.0;1630.0;333
6739;Maarssen;2025;36668;7209;21351;8108;29258;3450;1382;2068;3960;2007;1953;883;418;465;283;141;142;317;132;185;929;386;543;1548;930;618;;;;;;;333
6740;Maasbracht;2006;13786;3082;8314;2390;11891;1641;459;1182;254;173;81;21;6;15;9;7;2;19;14;5;10;3;7;195;143;52;111.0;137.0;26.0;64.0;448.0;408.0;933
6741;Maasbracht;2007;13762;3025;8307;2430;11859;1644;462;1182;259;173;86;20;6;14;10;7;3;22;15;7;12;4;8;195;141;54;100.0;129.0;32.0;60.0;431.0;422.0;933
6742;Maasbracht;2008;13715;2930;8284;2501;11796;1643;458;1185;276;184;92;21;7;14;12;8;4;24;17;7;18;6;12;201;146;55;101.0;141.0;33.0;66.0;443.0;413.0;933
6743;Maasbracht;2009;13672;2844;8258;2570;11740;1626;455;1171;306;207;99;23;7;16;12;9;3;28;20;8;22;9;13;221;162;59;102.0;147.0;33.0;70.0;450.0;417.0;933
6744;Maasbracht;2010;13622;2784;8217;2621;11690;1610;461;1149;322;211;111;26;8;18;10;6;4;30;20;10;26;10;16;230;167;63;95.0;151.0;40.0;66.0;460.0;427.0;933
6745;Maasbracht;2011;13576;2702;8198;2676;11634;1597;467;1130;345;225;120;29;9;20;9;7;2;33;20;13;28;10;18;246;179;67;109.0;147.0;39.0;73.0;442.0;423.0;933
6746;Maasbracht;2012;13527;2652;8098;2777;11583;1584;460;1124;360;239;121;32;10;22;8;7;1;35;21;14;28;10;18;257;191;66;94.0;142.0;36.0;66.0;451.0;436.0;933
6747;Maasbracht;2013;13467;2578;8009;2880;11521;1584;466;1118;362;243;119;30;9;21;8;7;1;34;21;13;28;10;18;262;196;66;111.0;158.0;39.0;60.0;431.0;424.0;933
6748;Maasbracht;2014;13410;2500;7973;2937;11481;1564;465;1099;365;247;118;30;10;20;9;8;1;36;22;14;26;10;16;264;197;67;114.0;152.0;32.0;69.0;448.0;422.0;933
6749;Maasbracht;2015;13364;2468;7874;3022;11451;1545;469;1076;368;246;122;29;9;20;10;9;1;36;22;14;32;14;18;261;192;69;117.0;170.0;41.0;79.0;447.0;415.0;933
6750;Maasbracht;2016;13309;2455;7774;3080;11378;1546;478;1068;385;257;128;30;9;21;12;10;2;40;22;18;36;18;18;267;198;69;111.0;159.0;42.0;62.0;446.0;439.0;933
6751;Maasbracht;2017;13252;2423;7673;3156;11322;1542;481;1061;388;251;137;29;7;22;13;11;2;42;21;21;37;19;18;267;193;74;118.0;183.0;42.0;72.0;455.0;416.0;933
6752;Maasbracht;2018;13200;2412;7577;3211;11284;1527;483;1044;389;254;135;30;8;22;13;12;1;41;21;20;38;20;18;267;193;74;123.0;167.0;32.0;67.0;464.0;421.0;933
6753;Maasbracht;2019;13165;2361;7565;3239;11227;1531;489;1042;407;254;153;31;8;23;13;12;1;46;21;25;40;20;20;277;193;84;122.0;161.0;44.0;56.0;417.0;408.0;933
6754;Maasbracht;2020;13125;2344;7474;3307;11163;1535;481;1054;427;268;159;33;9;24;13;11;2;51;23;28;43;21;22;287;204;83;134.0;180.0;23.0;71.0;450.0;419.0;933
6755;Maasbracht;2021;13063;2322;7353;3388;11120;1525;484;1041;418;256;162;33;11;22;14;10;4;49;22;27;42;21;21;280;192;88;122.0;166.0;36.0;48.0;422.0;410.0;933
6756;Maasbracht;2022;13021;2295;7285;3441;11081;1519;489;1030;421;252;169;32;10;22;15;11;4;49;23;26;44;20;24;281;188;93;131.0;189.0;40.0;70.0;447.0;404.0;933
6757;Maasbracht;2023;12977;2293;7191;3493;11045;1497;484;1013;435;255;180;32;11;21;16;12;4;55;24;31;45;21;24;287;187;100;117.0;181.0;27.0;49.0;430.0;406.0;933
6758;Maasbracht;2024;12917;2282;7106;3529;10999;1484;480;1004;434;257;177;29;10;19;16;13;3;54;24;30;45;21;24;290;189;101;127.0;178.0;30.0;57.0;424.0;400.0;933
6759;Maasbracht;2025;12864;2282;7017;3565;10950;1481;486;995;433;249;184;30;10;20;16;12;4;56;25;31;43;20;23;288;182;106;;;;;;;933
6760;Maasbree;2006;12883;3337;7990;1556;11747;926;257;669;210;130;80;15;4;11;14;5;9;9;4;5;14;5;9;158;112;46;130.0;83.0;19.0;30.0;411.0;402.0;934
6761;Maasbree;2007;12928;3284;8020;1624;11764;948;270;678;216;132;84;17;5;12;16;7;9;9;4;5;15;6;9;159;110;49;115.0;93.0;24.0;32.0;371.0;382.0;934
6762;Maasbree;2008;12933;3237;8010;1686;11732;966;281;685;235;148;87;16;5;11;20;9;11;12;6;6;13;4;9;174;124;50;117.0;87.0;22.0;47.0;398.0;396.0;934
6763;Maasbree;2009;12940;3168;8011;1761;11706;982;284;698;252;157;95;18;6;12;21;9;12;13;6;7;16;5;11;184;131;53;115.0;102.0;25.0;26.0;396.0;402.0;934
6764;Maasbree;2010;12945;3089;8006;1850;11675;993;292;701;277;175;102;18;6;12;23;9;14;15;7;8;19;6;13;202;147;55;122.0;106.0;33.0;34.0;380.0;390.0;934
6765;Maasbree;2011;12950;3045;7958;1947;11662;1000;290;710;288;181;107;18;6;12;23;10;13;14;7;7;21;7;14;212;151;61;122.0;108.0;30.0;32.0;402.0;406.0;934
6766;Maasbree;2012;12956;2990;7920;2046;11630;1023;307;716;303;189;114;20;8;12;23;10;13;19;8;11;22;8;14;219;155;64;111.0;108.0;33.0;26.0;406.0;402.0;934
6767;Maasbree;2013;12969;2931;7867;2171;11621;1033;324;709;315;191;124;21;8;13;25;12;13;20;8;12;26;10;16;223;153;70;113.0;105.0;23.0;33.0;398.0;399.0;934
6768;Maasbree;2014;12964;2846;7825;2293;11601;1042;331;711;321;193;128;24;9;15;25;12;13;20;8;12;28;11;17;224;153;71;123.0;109.0;23.0;40.0;404.0;407.0;934
6769;Maasbree;2015;12958;2791;7749;2418;11572;1059;335;724;327;192;135;26;9;17;26;13;13;21;9;12;28;12;16;226;149;77;125.0;109.0;25.0;32.0;407.0;410.0;934
6770;Maasbree;2016;12963;2750;7714;2499;11538;1076;352;724;349;199;150;29;9;20;30;15;15;23;9;14;29;12;17;238;154;84;129.0;126.0;27.0;37.0;412.0;399.0;934
6771;Maasbree;2017;12968;2690;7687;2591;11498;1102;363;739;368;208;160;29;9;20;28;12;16;22;9;13;35;12;23;254;166;88;129.0;117.0;20.0;41.0;397.0;405.0;934
6772;Maasbree;2018;12950;2670;7581;2699;11460;1113;369;744;377;207;170;36;13;23;30;15;15;22;10;12;37;12;25;252;157;95;144.0;119.0;19.0;39.0;398.0;412.0;934
6773;Maasbree;2019;12939;2647;7531;2761;11420;1123;365;758;396;214;182;39;14;25;32;16;16;24;11;13;40;12;28;261;161;100;130.0;146.0;16.0;42.0;430.0;405.0;934
6774;Maasbree;2020;12923;2653;7477;2793;11395;1125;368;757;403;217;186;41;15;26;27;14;13;27;12;15;41;12;29;267;164;103;142.0;129.0;25.0;32.0;381.0;389.0;934
6775;Maasbree;2021;12921;2623;7425;2873;11367;1133;373;760;421;219;202;44;15;29;29;15;14;31;12;19;44;12;32;273;165;108;149.0;129.0;22.0;34.0;372.0;391.0;934
6776;Maasbree;2022;12911;2633;7335;2943;11317;1163;391;772;431;225;206;50;17;33;28;15;13;34;13;21;47;13;34;272;167;105;150.0;137.0;30.0;32.0;371.0;388.0;934
6777;Maasbree;2023;12907;2654;7237;3016;11275;1190;403;787;442;227;215;47;13;34;30;15;15;40;16;24;49;13;36;276;170;106;166.0;142.0;32.0;37.0;366.0;389.0;934
6778;Maasbree;2024;12905;2687;7150;3068;11266;1198;417;781;441;217;224;47;14;33;30;13;17;43;15;28;49;13;36;272;162;110;152.0;156.0;30.0;31.0;382.0;386.0;934
6779;Maasbree;2025;12897;2695;7074;3128;11253;1188;411;777;456;224;232;47;13;34;30;13;17;43;16;27;50;13;37;286;169;117;;;;;;;934
6780;Maasdonk;2006;11333;3095;6723;1515;10767;376;126;250;190;125;65;27;12;15;16;13;3;38;19;19;8;4;4;101;77;24;107.0;87.0;14.0;25.0;298.0;319.0;1671
6781;Maasdonk;2007;11319;3039;6746;1534;10710;399;133;266;210;139;71;32;14;18;18;15;3;39;18;21;10;5;5;111;87;24;113.0;76.0;24.0;29.0;288.0;329.0;1671
6782;Maasdonk;2008;11311;2980;6770;1561;10658;425;146;279;228;147;81;33;15;18;21;15;6;40;19;21;13;6;7;121;92;29;109.0;95.0;8.0;24.0;307.0;329.0;1671
6783;Maasdonk;2009;11290;2918;6769;1603;10600;446;157;289;244;159;85;34;16;18;22;16;6;41;20;21;17;9;8;130;98;32;116.0;92.0;13.0;25.0;309.0;336.0;1671
6784;Maasdonk;2010;11276;2868;6783;1625;10551;473;165;308;252;163;89;38;17;21;21;15;6;42;21;21;19;8;11;132;102;30;107.0;89.0;32.0;31.0;290.0;327.0;1671
6785;Maasdonk;2011;11260;2804;6793;1663;10478;513;176;337;269;176;93;40;17;23;21;15;6;44;23;21;23;10;13;141;111;30;120.0;98.0;18.0;23.0;311.0;337.0;1671
6786;Maasdonk;2012;11252;2751;6759;1742;10419;545;185;360;288;190;98;42;17;25;26;18;8;45;24;21;24;11;13;151;120;31;113.0;106.0;19.0;29.0;321.0;333.0;1671
6787;Maasdonk;2013;11236;2692;6758;1786;10362;574;195;379;300;198;102;41;17;24;26;19;7;45;24;21;25;11;14;163;127;36;112.0;101.0;26.0;29.0;319.0;344.0;1671
6788;Maasdonk;2014;11217;2637;6748;1832;10308;601;202;399;308;203;105;41;17;24;26;19;7;45;24;21;25;12;13;171;131;40;118.0;112.0;17.0;34.0;324.0;332.0;1671
6789;Maasdonk;2015;11197;2581;6697;1919;10245;618;202;416;334;218;116;45;18;27;28;19;9;46;25;21;27;12;15;188;144;44;127.0;109.0;25.0;27.0;303.0;331.0;1671
6790;Maasdonk;2016;11185;2522;6704;1959;10191;640;215;425;354;222;132;43;19;24;30;19;11;48;25;23;31;14;17;202;145;57;121.0;105.0;19.0;31.0;303.0;336.0;1671
6791;Maasdonk;2017;11156;2478;6664;2014;10146;648;222;426;362;230;132;43;19;24;28;17;11;46;25;21;32;14;18;213;155;58;114.0;118.0;19.0;24.0;314.0;336.0;1671
6792;Maasdonk;2018;11125;2430;6630;2065;10085;670;229;441;370;235;135;42;18;24;30;19;11;48;26;22;32;13;19;218;159;59;120.0;111.0;21.0;35.0;303.0;327.0;1671
6793;Maasdonk;2019;11100;2387;6595;2118;10021;696;240;456;383;240;143;42;18;24;30;19;11;54;26;28;33;14;19;224;163;61;133.0;115.0;20.0;32.0;302.0;336.0;1671
6794;Maasdonk;2020;11073;2372;6536;2165;9964;723;251;472;386;240;146;41;17;24;30;18;12;58;27;31;37;15;22;220;163;57;137.0;105.0;26.0;26.0;287.0;338.0;1671
6795;Maasdonk;2021;11056;2358;6481;2217;9917;738;256;482;401;248;153;47;20;27;31;19;12;59;28;31;41;16;25;223;165;58;131.0;122.0;23.0;32.0;307.0;335.0;1671
6796;Maasdonk;2022;11031;2344;6423;2264;9871;752;267;485;408;253;155;45;19;26;30;18;12;60;27;33;40;17;23;233;172;61;141.0;111.0;12.0;27.0;296.0;327.0;1671
6797;Maasdonk;2023;11016;2360;6330;2326;9830;758;262;496;428;266;162;44;19;25;28;17;11;63;30;33;43;17;26;250;183;67;140.0;127.0;13.0;18.0;306.0;324.0;1671
6798;Maasdonk;2024;11005;2355;6274;2376;9784;768;267;501;453;275;178;48;21;27;28;18;10;67;29;38;47;17;30;263;190;73;138.0;119.0;23.0;26.0;277.0;317.0;1671
6799;Maasdonk;2025;10981;2374;6162;2445;9719;789;277;512;473;280;193;49;22;27;29;18;11;68;30;38;55;18;37;272;192;80;;;;;;;1671
6800;Maasdriel;2006;23459;5984;14495;2980;21895;1055;384;671;509;321;188;55;25;30;28;7;21;17;9;8;129;80;49;280;200;80;260.0;205.0;37.0;55.0;760.0;816.0;263
6801;Maasdriel;2007;23442;5929;14498;3015;21815;1069;383;686;558;363;195;59;28;31;32;8;24;21;12;9;127;79;48;319;236;83;260.0;205.0;34.0;46.0;729.0;822.0;263
6802;Maasdriel;2008;23394;5873;14454;3067;21716;1079;386;693;599;394;205;66;33;33;31;9;22;26;15;11;130;79;51;346;258;88;261.0;194.0;52.0;58.0;717.0;826.0;263
6803;Maasdriel;2009;23346;5831;14364;3151;21629;1097;388;709;620;407;213;78;37;41;33;10;23;27;15;12;129;80;49;353;265;88;232.0;208.0;29.0;47.0;733.0;817.0;263
6804;Maasdriel;2010;23268;5772;14273;3223;21500;1124;394;730;644;422;222;82;39;43;34;11;23;32;16;16;132;82;50;364;274;90;255.0;214.0;38.0;38.0;732.0;830.0;263
6805;Maasdriel;2011;23212;5693;14235;3284;21402;1137;393;744;673;436;237;89;42;47;40;13;27;33;16;17;136;83;53;375;282;93;223.0;200.0;29.0;55.0;749.0;815.0;263
6806;Maasdriel;2012;23144;5579;14127;3438;21281;1165;396;769;698;437;261;93;43;50;46;15;31;35;15;20;143;87;56;381;277;104;244.0;208.0;32.0;48.0;722.0;818.0;263
6807;Maasdriel;2013;23070;5494;13982;3594;21181;1172;389;783;717;446;271;98;45;53;50;18;32;42;16;26;144;88;56;383;279;104;228.0;221.0;34.0;45.0;753.0;817.0;263
6808;Maasdriel;2014;23005;5397;13909;3699;21082;1187;389;798;736;447;289;104;46;58;55;21;34;46;16;30;148;89;59;383;275;108;234.0;215.0;39.0;58.0;748.0;819.0;263
6809;Maasdriel;2015;22938;5327;13815;3796;20977;1200;392;808;761;456;305;107;48;59;61;26;35;51;18;33;150;87;63;392;277;115;242.0;217.0;31.0;49.0;735.0;824.0;263
6810;Maasdriel;2016;22858;5274;13686;3898;20843;1211;388;823;804;484;320;110;46;64;65;29;36;57;20;37;152;85;67;420;304;116;232.0;218.0;40.0;40.0;745.0;827.0;263
6811;Maasdriel;2017;22792;5188;13591;4013;20731;1226;399;827;835;494;341;113;48;65;70;30;40;65;20;45;158;84;74;429;312;117;260.0;212.0;45.0;49.0;717.0;830.0;263
6812;Maasdriel;2018;22725;5132;13480;4113;20625;1240;405;835;860;510;350;118;48;70;71;29;42;61;23;38;164;84;80;446;326;120;260.0;227.0;40.0;57.0;734.0;821.0;263
6813;Maasdriel;2019;22659;5082;13380;4197;20514;1242;402;840;903;536;367;124;50;74;74;29;45;66;23;43;167;87;80;472;347;125;252.0;222.0;37.0;49.0;743.0;831.0;263
6814;Maasdriel;2020;22593;5031;13281;4281;20433;1239;405;834;921;547;374;127;53;74;75;30;45;71;25;46;177;88;89;471;351;120;245.0;227.0;36.0;41.0;745.0;825.0;263
6815;Maasdriel;2021;22531;4944;13209;4378;20336;1254;406;848;941;549;392;123;53;70;79;31;48;77;28;49;187;90;97;475;347;128;266.0;233.0;45.0;57.0;754.0;841.0;263
6816;Maasdriel;2022;22463;4870;13140;4453;20243;1266;416;850;954;557;397;124;53;71;85;34;51;79;29;50;183;86;97;483;355;128;258.0;239.0;47.0;39.0;731.0;825.0;263
6817;Maasdriel;2023;22398;4809;13058;4531;20130;1279;430;849;989;576;413;130;55;75;87;35;52;83;30;53;185;84;101;504;372;132;261.0;249.0;43.0;48.0;745.0;820.0;263
6818;Maasdriel;2024;22333;4815;12892;4626;20045;1285;444;841;1003;570;433;134;52;82;90;37;53;85;31;54;193;84;109;501;366;135;267.0;241.0;31.0;49.0;748.0;814.0;263
6819;Maasdriel;2025;22279;4821;12743;4715;19969;1286;434;852;1024;568;456;134;53;81;89;36;53;89;31;58;201;86;115;511;362;149;;;;;;;263
6820;Maassluis;2006;32675;7790;20263;4622;25223;2339;922;1417;5113;2808;2305;577;303;274;414;269;145;1815;929;886;1243;585;658;1064;722;342;352.0;264.0;71.0;98.0;1153.0;1204.0;556
6821;Maassluis;2007;32688;7741;20230;4717;25182;2348;932;1416;5158;2784;2374;587;299;288;412;264;148;1806;917;889;1262;577;685;1091;727;364;328.0;274.0;50.0;107.0;1225.0;1194.0;556
6822;Maassluis;2008;32719;7726;20169;4824;25163;2365;917;1448;5191;2754;2437;602;299;303;412;255;157;1802;903;899;1269;574;695;1106;723;383;335.0;281.0;59.0;99.0;1210.0;1192.0;556
6823;Maassluis;2009;32753;7683;20091;4979;25161;2383;923;1460;5209;2720;2489;610;297;313;418;254;164;1800;876;924;1269;566;703;1112;727;385;355.0;270.0;67.0;118.0;1186.0;1192.0;556
6824;Maassluis;2010;32787;7651;19970;5166;25153;2394;931;1463;5240;2698;2542;608;294;314;429;250;179;1809;869;940;1266;554;712;1128;731;397;348.0;277.0;65.0;103.0;1202.0;1193.0;556
6825;Maassluis;2011;32831;7598;19945;5288;25117;2422;941;1481;5292;2690;2602;622;296;326;431;252;179;1810;860;950;1285;548;737;1144;734;410;336.0;276.0;64.0;86.0;1217.0;1199.0;556
6826;Maassluis;2012;32890;7558;19784;5548;25131;2430;945;1485;5329;2688;2641;641;301;340;432;251;181;1804;854;950;1295;552;743;1157;730;427;353.0;278.0;51.0;103.0;1228.0;1193.0;556
6827;Maassluis;2013;32950;7547;19617;5786;25133;2452;945;1507;5365;2675;2690;649;304;345;429;237;192;1796;847;949;1298;544;754;1193;743;450;336.0;288.0;42.0;106.0;1243.0;1191.0;556
6828;Maassluis;2014;32990;7523;19485;5982;25162;2441;934;1507;5387;2659;2728;668;317;351;444;241;203;1779;832;947;1291;535;756;1205;734;471;336.0;299.0;70.0;98.0;1228.0;1200.0;556
6829;Maassluis;2015;33030;7488;19333;6209;25140;2444;948;1496;5446;2670;2776;688;318;370;462;245;217;1777;825;952;1277;540;737;1242;742;500;344.0;298.0;62.0;98.0;1250.0;1202.0;556
6830;Maassluis;2016;33092;7448;19281;6363;25161;2463;945;1518;5468;2651;2817;701;320;381;462;241;221;1762;806;956;1275;529;746;1268;755;513;351.0;300.0;41.0;92.0;1234.0;1201.0;556
6831;Maassluis;2017;33127;7423;19194;6510;25146;2491;953;1538;5490;2649;2841;705;323;382;471;239;232;1750;797;953;1269;522;747;1295;768;527;345.0;306.0;62.0;94.0;1229.0;1203.0;556
6832;Maassluis;2018;33165;7389;19109;6667;25135;2512;953;1559;5518;2638;2880;704;319;385;486;237;249;1736;788;948;1279;520;759;1313;774;539;352.0;314.0;57.0;83.0;1241.0;1208.0;556
6833;Maassluis;2019;33213;7366;19083;6764;25171;2525;957;1568;5517;2631;2886;716;323;393;487;235;252;1717;777;940;1263;516;747;1334;780;554;336.0;325.0;58.0;86.0;1285.0;1221.0;556
6834;Maassluis;2020;33264;7316;19073;6875;25199;2559;966;1593;5506;2610;2896;729;327;402;497;240;257;1703;762;941;1238;505;733;1339;776;563;359.0;334.0;58.0;97.0;1286.0;1212.0;556
6835;Maassluis;2021;33324;7265;19051;7008;25230;2579;967;1612;5515;2602;2913;736;326;410;498;239;259;1689;750;939;1226;496;730;1366;791;575;366.0;341.0;50.0;97.0;1291.0;1203.0;556
6836;Maassluis;2022;33396;7258;19034;7104;25257;2592;980;1612;5547;2607;2940;753;330;423;502;232;270;1688;751;937;1214;488;726;1390;806;584;361.0;337.0;46.0;87.0;1303.0;1230.0;556
6837;Maassluis;2023;33457;7239;19036;7182;25280;2658;1019;1639;5519;2589;2930;770;326;444;506;234;272;1665;743;922;1199;485;714;1379;801;578;363.0;339.0;52.0;86.0;1293.0;1235.0;556
6838;Maassluis;2024;33509;7185;19053;7271;25326;2673;1006;1667;5510;2567;2943;783;326;457;498;225;273;1657;734;923;1187;482;705;1385;800;585;389.0;342.0;49.0;67.0;1254.0;1232.0;556
6839;Maassluis;2025;33561;7219;18945;7397;25349;2676;1007;1669;5536;2552;2984;796;331;465;508;228;280;1645;729;916;1167;463;704;1420;801;619;;;;;;;556
6840;Maastricht;2006;120817;23369;77069;20379;94747;17263;7142;10121;8807;5582;3225;508;254;254;600;396;204;1595;867;728;1833;986;847;4271;3079;1192;1037.0;1356.0;1654.0;1966.0;5096.0;4874.0;935
6841;Maastricht;2007;120420;23353;76540;20527;94603;16898;6967;9931;8919;5542;3377;551;288;263;590;390;200;1645;885;760;1878;989;889;4255;2990;1265;1064.0;1363.0;1684.0;1874.0;4973.0;4762.0;935
6842;Maastricht;2008;120152;23396;76065;20691;94408;16663;6843;9820;9081;5498;3583;597;303;294;607;386;221;1698;907;791;1946;1016;930;4233;2886;1347;1026.0;1367.0;1701.0;1829.0;4892.0;4662.0;935
6843;Maastricht;2009;119922;23393;75653;20876;94308;16429;6767;9662;9185;5458;3727;637;324;313;615;389;226;1728;913;815;1993;1027;966;4212;2805;1407;1034.0;1369.0;1720.0;1782.0;4804.0;4601.0;935
6844;Maastricht;2010;119737;23400;75260;21077;94155;16261;6702;9559;9321;5481;3840;671;347;324;619;389;230;1746;924;822;2025;1031;994;4260;2790;1470;1051.0;1377.0;1739.0;1733.0;4733.0;4531.0;935
6845;Maastricht;2011;119625;23294;74859;21472;93960;16191;6745;9446;9474;5530;3944;717;376;341;622;396;226;1787;946;841;2075;1044;1031;4273;2768;1505;1056.0;1368.0;1787.0;1743.0;4669.0;4495.0;935
6846;Maastricht;2012;119537;23183;74348;22006;93747;16131;6784;9347;9659;5550;4109;775;409;366;621;383;238;1836;972;864;2120;1057;1063;4307;2729;1578;1031.0;1415.0;1786.0;1728.0;4651.0;4451.0;935
6847;Maastricht;2013;119419;23184;73744;22491;93574;16038;6814;9224;9807;5582;4225;822;440;382;631;382;249;1872;989;883;2165;1068;1097;4317;2703;1614;1068.0;1403.0;1788.0;1711.0;4603.0;4429.0;935
6848;Maastricht;2014;119341;23141;73253;22947;93420;15879;6788;9091;10042;5663;4379;873;469;404;632;385;247;1917;999;918;2240;1082;1158;4380;2728;1652;1063.0;1401.0;1791.0;1735.0;4583.0;4399.0;935
6849;Maastricht;2015;119249;23115;72896;23238;93272;15731;6734;8997;10246;5759;4487;929;511;418;663;414;249;1949;1014;935;2289;1089;1200;4416;2731;1685;1027.0;1450.0;1761.0;1694.0;4585.0;4365.0;935
6850;Maastricht;2016;119118;23022;72553;23543;93059;15598;6738;8860;10461;5848;4613;997;563;434;694;445;249;1995;1026;969;2333;1095;1238;4442;2719;1723;1022.0;1438.0;1766.0;1671.0;4548.0;4355.0;935
6851;Maastricht;2017;118996;23012;72072;23912;92793;15480;6746;8734;10723;5953;4770;1073;611;462;757;487;270;2032;1041;991;2368;1099;1269;4493;2715;1778;976.0;1439.0;1711.0;1642.0;4583.0;4340.0;935
6852;Maastricht;2018;118849;23001;71577;24271;92639;15296;6684;8612;10914;6033;4881;1152;669;483;778;504;274;2070;1050;1020;2392;1121;1271;4522;2689;1833;955.0;1454.0;1680.0;1588.0;4565.0;4315.0;935
6853;Maastricht;2019;118699;22808;71234;24657;92421;15138;6638;8500;11140;6143;4997;1227;733;494;793;500;293;2099;1056;1043;2444;1149;1295;4577;2705;1872;964.0;1460.0;1662.0;1594.0;4559.0;4307.0;935
6854;Maastricht;2020;118524;22701;70842;24981;92215;14982;6598;8384;11327;6222;5105;1294;793;501;792;486;306;2157;1086;1071;2466;1151;1315;4618;2706;1912;952.0;1474.0;1609.0;1557.0;4577.0;4290.0;935
6855;Maastricht;2021;118347;22579;70357;25411;91993;14790;6495;8295;11564;6310;5254;1376;861;515;829;510;319;2203;1098;1105;2516;1156;1360;4640;2685;1955;942.0;1498.0;1600.0;1528.0;4545.0;4279.0;935
6856;Maastricht;2022;118133;22523;69818;25792;91717;14581;6391;8190;11835;6422;5413;1442;899;543;856;530;326;2249;1112;1137;2567;1168;1399;4721;2713;2008;930.0;1506.0;1580.0;1478.0;4513.0;4258.0;935
6857;Maastricht;2023;117918;22378;69367;26173;91426;14436;6328;8108;12056;6487;5569;1481;936;545;869;539;330;2310;1137;1173;2612;1172;1440;4784;2703;2081;904.0;1523.0;1531.0;1480.0;4534.0;4229.0;935
6858;Maastricht;2024;117661;22315;68800;26546;91147;14234;6222;8012;12280;6636;5644;1531;964;567;881;559;322;2400;1198;1202;2603;1168;1435;4865;2747;2118;917.0;1560.0;1538.0;1449.0;4507.0;4217.0;935
6859;Maastricht;2025;117404;22050;68395;26959;90768;14074;6144;7930;12562;6793;5769;1583;998;585;892;550;342;2489;1261;1228;2616;1170;1446;4982;2814;2168;;;;;;;935
6860;Margraten;2006;13408;3182;7978;2248;11782;1397;451;946;229;138;91;17;7;10;16;7;9;13;2;11;20;3;17;163;119;44;102.0;103.0;32.0;77.0;567.0;617.0;936
6861;Margraten;2007;13313;3065;7902;2346;11656;1417;458;959;240;141;99;19;7;12;14;5;9;16;2;14;23;4;19;168;123;45;92.0;105.0;35.0;88.0;588.0;636.0;936
6862;Margraten;2008;13199;2895;7900;2404;11519;1434;473;961;246;145;101;20;8;12;17;8;9;16;2;14;25;5;20;168;122;46;99.0;119.0;35.0;80.0;588.0;637.0;936
6863;Margraten;2009;13085;2777;7835;2473;11379;1432;476;956;274;158;116;25;10;15;17;6;11;22;4;18;29;8;21;181;130;51;97.0;109.0;41.0;86.0;589.0;637.0;936
6864;Margraten;2010;12980;2694;7726;2560;11255;1427;468;959;298;164;134;29;11;18;18;7;11;25;4;21;32;9;23;194;133;61;98.0;119.0;33.0;89.0;599.0;641.0;936
6865;Margraten;2011;12861;2555;7657;2649;11153;1394;457;937;314;171;143;30;11;19;19;7;12;28;5;23;35;9;26;202;139;63;100.0;126.0;33.0;83.0;597.0;631.0;936
6866;Margraten;2012;12750;2444;7553;2753;11052;1377;451;926;321;173;148;32;12;20;21;7;14;29;5;24;38;11;27;201;138;63;96.0;126.0;34.0;84.0;590.0;632.0;936
6867;Margraten;2013;12629;2369;7435;2825;10933;1362;439;923;334;178;156;35;14;21;21;8;13;30;4;26;36;11;25;212;141;71;99.0;123.0;36.0;91.0;591.0;624.0;936
6868;Margraten;2014;12516;2267;7353;2896;10783;1370;432;938;363;193;170;38;15;23;21;8;13;38;7;31;36;13;23;230;150;80;110.0;136.0;35.0;80.0;578.0;622.0;936
6869;Margraten;2015;12402;2199;7226;2977;10654;1365;437;928;383;208;175;41;17;24;24;12;12;40;8;32;41;15;26;237;156;81;96.0;120.0;32.0;77.0;588.0;629.0;936
6870;Margraten;2016;12292;2122;7158;3012;10539;1365;431;934;388;201;187;40;17;23;25;11;14;43;10;33;41;14;27;239;149;90;120.0;131.0;34.0;67.0;561.0;621.0;936
6871;Margraten;2017;12188;2090;7051;3047;10416;1363;425;938;409;215;194;43;17;26;28;13;15;46;11;35;40;14;26;252;160;92;114.0;130.0;29.0;70.0;563.0;604.0;936
6872;Margraten;2018;12092;2054;6932;3106;10313;1349;427;922;430;229;201;44;18;26;29;13;16;47;10;37;41;14;27;269;174;95;137.0;138.0;43.0;65.0;527.0;593.0;936
6873;Margraten;2019;12003;2047;6795;3161;10187;1363;443;920;453;238;215;44;17;27;29;15;14;51;10;41;43;14;29;286;182;104;123.0;150.0;27.0;66.0;565.0;600.0;936
6874;Margraten;2020;11907;2015;6699;3193;10094;1336;442;894;477;248;229;50;18;32;27;14;13;54;11;43;46;15;31;300;190;110;129.0;145.0;49.0;75.0;539.0;589.0;936
6875;Margraten;2021;11816;1999;6604;3213;9993;1333;458;875;490;252;238;52;19;33;27;12;15;54;11;43;49;16;33;308;194;114;116.0;136.0;39.0;82.0;528.0;569.0;936
6876;Margraten;2022;11714;1995;6495;3224;9874;1321;453;868;519;269;250;58;21;37;32;14;18;56;11;45;53;16;37;320;207;113;121.0;150.0;32.0;78.0;550.0;576.0;936
6877;Margraten;2023;11613;2013;6356;3244;9760;1328;464;864;525;266;259;61;22;39;34;15;19;62;15;47;53;15;38;315;199;116;118.0;143.0;35.0;69.0;524.0;558.0;936
6878;Margraten;2024;11521;2000;6247;3274;9647;1319;463;856;555;277;278;69;27;42;40;18;22;68;15;53;59;17;42;319;200;119;117.0;153.0;35.0;80.0;536.0;559.0;936
6879;Margraten;2025;11421;2019;6118;3284;9553;1290;446;844;578;278;300;75;28;47;41;19;22;68;14;54;66;17;49;328;200;128;;;;;;;936
6880;De Marne;2006;11236;2732;6740;1764;10226;564;234;330;446;340;106;41;20;21;20;14;6;23;17;6;1;1;0;361;288;73;125.0;112.0;66.0;33.0;450.0;491.0;1663
6881;De Marne;2007;11240;2728;6749;1763;10189;580;240;340;471;347;124;45;22;23;23;17;6;21;15;6;1;1;0;381;292;89;142.0;110.0;68.0;36.0;408.0;483.0;1663
6882;De Marne;2008;11228;2722;6697;1809;10163;594;240;354;471;340;131;44;22;22;22;16;6;20;14;6;2;1;1;383;287;96;135.0;100.0;61.0;33.0;408.0;489.0;1663
6883;De Marne;2009;11210;2719;6613;1878;10119;616;244;372;475;336;139;48;23;25;22;17;5;20;14;6;5;1;4;380;281;99;144.0;115.0;72.0;36.0;415.0;491.0;1663
6884;De Marne;2010;11199;2738;6545;1916;10088;633;252;381;478;336;142;47;23;24;25;19;6;20;14;6;6;2;4;380;278;102;142.0;108.0;82.0;40.0;398.0;491.0;1663
6885;De Marne;2011;11184;2723;6501;1960;10036;657;269;388;491;338;153;47;23;24;31;22;9;21;14;7;7;3;4;385;276;109;141.0;115.0;89.0;41.0;405.0;495.0;1663
6886;De Marne;2012;11170;2714;6423;2033;9983;683;283;400;504;345;159;51;25;26;32;23;9;19;14;5;8;4;4;394;279;115;140.0;115.0;85.0;55.0;411.0;490.0;1663
6887;De Marne;2013;11146;2709;6326;2111;9928;707;297;410;511;353;158;50;26;24;28;19;9;20;15;5;6;4;2;407;289;118;151.0;110.0;90.0;40.0;400.0;495.0;1663
6888;De Marne;2014;11141;2732;6239;2170;9886;721;303;418;534;365;169;51;26;25;26;18;8;19;15;4;7;3;4;431;303;128;137.0;118.0;93.0;43.0;411.0;492.0;1663
6889;De Marne;2015;11129;2725;6169;2235;9848;753;318;435;528;369;159;50;26;24;25;17;8;19;15;4;8;3;5;426;308;118;134.0;125.0;107.0;45.0;412.0;491.0;1663
6890;De Marne;2016;11123;2760;6081;2282;9797;777;342;435;549;387;162;49;25;24;23;15;8;19;14;5;8;3;5;450;330;120;139.0;124.0;117.0;62.0;405.0;486.0;1663
6891;De Marne;2017;11110;2783;5993;2334;9720;809;369;440;581;413;168;50;28;22;29;20;9;20;14;6;8;3;5;474;348;126;124.0;125.0;99.0;41.0;416.0;487.0;1663
6892;De Marne;2018;11097;2808;5913;2376;9665;855;411;444;577;402;175;45;28;17;31;22;9;21;14;7;10;3;7;470;335;135;123.0;132.0;118.0;43.0;407.0;491.0;1663
6893;De Marne;2019;11079;2848;5827;2404;9591;882;433;449;606;429;177;43;26;17;37;28;9;23;15;8;12;3;9;491;357;134;131.0;120.0;121.0;49.0;392.0;488.0;1663
6894;De Marne;2020;11065;2851;5768;2446;9527;911;460;451;627;446;181;44;24;20;40;30;10;22;15;7;13;4;9;508;373;135;123.0;131.0;123.0;42.0;392.0;487.0;1663
6895;De Marne;2021;11044;2859;5717;2468;9461;944;487;457;639;458;181;40;22;18;46;34;12;22;16;6;13;5;8;518;381;137;134.0;125.0;136.0;44.0;385.0;500.0;1663
6896;De Marne;2022;11028;2873;5638;2517;9402;987;523;464;639;455;184;39;20;19;44;33;11;24;17;7;11;4;7;521;381;140;128.0;133.0;134.0;66.0;411.0;493.0;1663
6897;De Marne;2023;11008;2891;5569;2548;9335;1011;547;464;662;462;200;41;18;23;41;30;11;23;17;6;10;4;6;547;393;154;128.0;125.0;119.0;49.0;415.0;496.0;1663
6898;De Marne;2024;11000;2903;5531;2566;9281;1058;588;470;661;466;195;42;19;23;39;27;12;25;18;7;9;4;5;546;398;148;119.0;136.0;149.0;53.0;425.0;507.0;1663
6899;De Marne;2025;10994;2915;5499;2580;9223;1086;614;472;685;484;201;44;19;25;40;28;12;25;18;7;10;4;6;566;415;151;;;;;;;1663
6900;Marum;2006;10315;2832;6187;1296;9379;553;259;294;383;283;100;32;16;16;20;8;12;20;15;5;4;0;4;307;244;63;137.0;85.0;55.0;42.0;396.0;477.0;25
6901;Marum;2007;10300;2801;6144;1355;9349;541;249;292;410;297;113;32;16;16;21;10;11;22;16;6;8;2;6;327;253;74;109.0;73.0;54.0;46.0;388.0;475.0;25
6902;Marum;2008;10258;2741;6150;1367;9282;562;263;299;414;304;110;32;16;16;19;8;11;23;17;6;8;2;6;332;261;71;124.0;85.0;103.0;56.0;361.0;492.0;25
6903;Marum;2009;10214;2697;6115;1402;9217;570;266;304;427;314;113;31;16;15;18;7;11;23;15;8;9;3;6;346;273;73;130.0;82.0;84.0;55.0;372.0;482.0;25
6904;Marum;2010;10183;2651;6103;1429;9158;595;281;314;430;316;114;29;15;14;20;7;13;24;16;8;8;3;5;349;275;74;126.0;87.0;94.0;61.0;379.0;493.0;25
6905;Marum;2011;10146;2589;6076;1481;9072;638;315;323;436;317;119;27;13;14;21;8;13;23;14;9;9;4;5;356;278;78;117.0;85.0;96.0;58.0;386.0;489.0;25
6906;Marum;2012;10114;2555;6022;1537;9018;661;330;331;435;311;124;31;13;18;23;10;13;22;13;9;11;4;7;348;271;77;117.0;79.0;117.0;59.0;369.0;490.0;25
6907;Marum;2013;10090;2484;6017;1589;8931;706;355;351;453;324;129;33;14;19;25;11;14;20;13;7;10;3;7;365;283;82;120.0;92.0;123.0;73.0;380.0;497.0;25
6908;Marum;2014;10053;2438;5998;1617;8854;735;388;347;464;334;130;32;14;18;29;15;14;20;11;9;10;4;6;373;290;83;127.0;82.0;118.0;82.0;384.0;488.0;25
6909;Marum;2015;10032;2419;5966;1647;8793;754;403;351;485;351;134;34;15;19;36;22;14;21;11;10;10;4;6;384;299;85;135.0;88.0;127.0;81.0;368.0;493.0;25
6910;Marum;2016;10001;2404;5935;1662;8700;776;434;342;525;373;152;40;16;24;30;20;10;21;10;11;9;4;5;425;323;102;115.0;90.0;108.0;68.0;394.0;502.0;25
6911;Marum;2017;9961;2379;5896;1686;8617;815;457;358;529;377;152;37;14;23;32;22;10;24;11;13;10;5;5;426;325;101;141.0;85.0;140.0;93.0;365.0;500.0;25
6912;Marum;2018;9930;2378;5832;1720;8544;845;490;355;541;390;151;37;15;22;35;25;10;24;11;13;9;4;5;436;335;101;146.0;84.0;139.0;95.0;363.0;497.0;25
6913;Marum;2019;9905;2377;5779;1749;8476;880;514;366;549;389;160;37;14;23;30;20;10;22;12;10;10;4;6;450;339;111;139.0;98.0;131.0;90.0;379.0;490.0;25
6914;Marum;2020;9880;2375;5756;1749;8419;899;520;379;562;393;169;41;14;27;31;19;12;24;13;11;12;5;7;454;342;112;133.0;88.0;146.0;86.0;378.0;503.0;25
6915;Marum;2021;9860;2380;5715;1765;8346;931;544;387;583;409;174;44;15;29;29;16;13;25;13;12;14;6;8;471;359;112;143.0;96.0;137.0;75.0;369.0;502.0;25
6916;Marum;2022;9838;2378;5686;1774;8291;941;547;394;606;425;181;47;15;32;29;14;15;27;15;12;14;6;8;489;375;114;152.0;91.0;135.0;71.0;363.0;504.0;25
6917;Marum;2023;9824;2415;5646;1763;8222;984;578;406;618;432;186;46;14;32;32;17;15;27;15;12;16;7;9;497;379;118;135.0;96.0;138.0;92.0;395.0;497.0;25
6918;Marum;2024;9808;2436;5578;1794;8159;998;587;411;651;459;192;44;14;30;36;19;17;26;13;13;17;7;10;528;406;122;148.0;90.0;142.0;67.0;345.0;496.0;25
6919;Marum;2025;9793;2476;5506;1811;8068;1033;616;417;692;486;206;41;12;29;43;25;18;30;15;15;17;8;9;561;426;135;;;;;;;25
6920;Medemblik;2006;8104;2055;4973;1076;6800;527;225;302;777;487;290;46;23;23;66;43;23;340;175;165;10;3;7;315;243;72;106.0;70.0;19.0;30.0;323.0;372.0;420
6921;Medemblik;2007;8080;2049;4900;1131;6771;545;228;317;764;476;288;45;24;21;63;41;22;326;168;158;18;6;12;312;237;75;119.0;73.0;24.0;23.0;303.0;371.0;420
6922;Medemblik;2008;8060;2063;4834;1163;6709;577;245;332;774;481;293;55;32;23;65;40;25;317;164;153;18;6;12;319;239;80;92.0;73.0;19.0;26.0;328.0;365.0;420
6923;Medemblik;2009;8034;2066;4787;1181;6664;606;250;356;764;477;287;52;30;22;63;40;23;309;162;147;18;7;11;322;238;84;89.0;67.0;20.0;31.0;343.0;377.0;420
6924;Medemblik;2010;8010;2063;4726;1221;6616;635;256;379;759;471;288;60;34;26;58;36;22;299;159;140;20;6;14;322;236;86;98.0;73.0;18.0;34.0;327.0;364.0;420
6925;Medemblik;2011;7981;2058;4659;1264;6572;645;264;381;764;468;296;66;35;31;58;35;23;292;157;135;28;10;18;320;231;89;89.0;76.0;24.0;25.0;303.0;357.0;420
6926;Medemblik;2012;7940;2040;4592;1308;6518;670;270;400;752;457;295;67;37;30;61;38;23;275;151;124;30;9;21;319;222;97;97.0;82.0;25.0;29.0;318.0;352.0;420
6927;Medemblik;2013;7918;2039;4514;1365;6485;686;281;405;747;450;297;68;38;30;62;38;24;264;143;121;34;11;23;319;220;99;101.0;77.0;18.0;25.0;315.0;354.0;420
6928;Medemblik;2014;7897;2021;4456;1420;6431;708;297;411;758;454;304;74;40;34;65;39;26;258;137;121;30;10;20;331;228;103;87.0;77.0;21.0;19.0;320.0;356.0;420
6929;Medemblik;2015;7872;2015;4386;1471;6369;734;302;432;769;458;311;82;42;40;66;42;24;254;137;117;34;11;23;333;226;107;79.0;76.0;19.0;18.0;314.0;348.0;420
6930;Medemblik;2016;7843;1988;4333;1522;6313;747;305;442;783;466;317;87;42;45;66;41;25;246;135;111;38;14;24;346;234;112;66.0;74.0;25.0;15.0;322.0;351.0;420
6931;Medemblik;2017;7817;1938;4323;1556;6267;771;324;447;779;466;313;99;49;50;66;42;24;239;136;103;41;16;25;334;223;111;86.0;84.0;24.0;20.0;312.0;350.0;420
6932;Medemblik;2018;7786;1928;4266;1592;6215;795;332;463;776;462;314;102;51;51;62;38;24;239;137;102;41;17;24;332;219;113;82.0;80.0;25.0;29.0;329.0;357.0;420
6933;Medemblik;2019;7755;1902;4229;1624;6173;806;332;474;776;451;325;98;49;49;62;38;24;233;133;100;47;17;30;336;214;122;75.0;90.0;25.0;22.0;357.0;365.0;420
6934;Medemblik;2020;7734;1868;4228;1638;6123;834;341;493;777;449;328;103;50;53;64;38;26;222;128;94;49;16;33;339;217;122;88.0;85.0;20.0;23.0;320.0;350.0;420
6935;Medemblik;2021;7705;1846;4197;1662;6072;845;343;502;788;450;338;107;53;54;66;40;26;226;128;98;50;17;33;339;212;127;87.0;86.0;23.0;26.0;332.0;360.0;420
6936;Medemblik;2022;7676;1829;4151;1696;6012;873;355;518;791;453;338;106;54;52;71;41;30;215;124;91;48;17;31;351;217;134;94.0;89.0;27.0;21.0;301.0;345.0;420
6937;Medemblik;2023;7643;1824;4120;1699;5949;898;358;540;796;454;342;107;55;52;75;45;30;211;124;87;51;17;34;352;213;139;85.0;90.0;27.0;21.0;328.0;362.0;420
6938;Medemblik;2024;7613;1806;4085;1722;5885;923;364;559;805;467;338;103;53;50;73;42;31;206;123;83;51;17;34;372;232;140;95.0;82.0;20.0;23.0;316.0;352.0;420
6939;Medemblik;2025;7587;1801;4027;1759;5844;934;374;560;809;472;337;109;54;55;65;40;25;208;123;85;50;17;33;377;238;139;;;;;;;420
6940;Meerlo-Wanssum;2006;7702;2010;4747;945;7050;509;161;348;143;98;45;6;1;5;15;10;5;14;8;6;11;5;6;97;74;23;93.0;50.0;13.0;16.0;264.0;322.0;993
6941;Meerlo-Wanssum;2007;7682;1987;4739;956;7003;522;162;360;157;115;42;9;4;5;16;11;5;14;9;5;11;5;6;107;86;21;79.0;52.0;14.0;25.0;269.0;320.0;993
6942;Meerlo-Wanssum;2008;7650;1942;4696;1012;6942;533;165;368;175;131;44;9;4;5;12;10;2;18;11;7;11;5;6;125;101;24;77.0;51.0;14.0;26.0;268.0;319.0;993
6943;Meerlo-Wanssum;2009;7616;1903;4684;1029;6863;554;171;383;199;148;51;11;5;6;15;12;3;25;14;11;12;6;6;136;111;25;77.0;49.0;11.0;16.0;258.0;316.0;993
6944;Meerlo-Wanssum;2010;7583;1866;4653;1064;6806;572;178;394;205;147;58;14;7;7;13;10;3;25;14;11;15;8;7;138;108;30;85.0;57.0;13.0;28.0;268.0;316.0;993
6945;Meerlo-Wanssum;2011;7548;1848;4603;1097;6747;582;183;399;219;149;70;14;7;7;12;9;3;28;16;12;19;9;10;146;108;38;83.0;57.0;12.0;14.0;265.0;318.0;993
6946;Meerlo-Wanssum;2012;7521;1809;4571;1141;6703;583;190;393;235;156;79;14;7;7;15;10;5;32;16;16;20;9;11;154;114;40;71.0;51.0;15.0;22.0;268.0;315.0;993
6947;Meerlo-Wanssum;2013;7488;1770;4558;1160;6629;619;203;416;240;158;82;16;8;8;17;11;6;33;16;17;20;9;11;154;114;40;74.0;60.0;17.0;27.0;271.0;314.0;993
6948;Meerlo-Wanssum;2014;7453;1727;4539;1187;6571;634;213;421;248;158;90;17;8;9;17;10;7;36;15;21;22;9;13;156;116;40;77.0;65.0;16.0;20.0;271.0;314.0;993
6949;Meerlo-Wanssum;2015;7421;1680;4503;1238;6499;654;220;434;268;171;97;16;7;9;17;9;8;40;16;24;19;8;11;176;131;45;83.0;57.0;10.0;18.0;265.0;319.0;993
6950;Meerlo-Wanssum;2016;7384;1648;4451;1285;6446;661;222;439;277;170;107;18;8;10;18;9;9;41;15;26;20;9;11;180;129;51;94.0;59.0;12.0;17.0;259.0;324.0;993
6951;Meerlo-Wanssum;2017;7349;1633;4375;1341;6390;676;222;454;283;174;109;19;9;10;16;8;8;44;16;28;23;10;13;181;131;50;85.0;57.0;9.0;23.0;275.0;323.0;993
6952;Meerlo-Wanssum;2018;7315;1613;4326;1376;6334;680;230;450;301;183;118;18;8;10;16;7;9;48;16;32;24;11;13;195;141;54;89.0;66.0;10.0;21.0;280.0;322.0;993
6953;Meerlo-Wanssum;2019;7284;1594;4271;1419;6304;681;228;453;299;185;114;18;9;9;15;7;8;46;18;28;29;14;15;191;137;54;93.0;63.0;16.0;26.0;258.0;313.0;993
6954;Meerlo-Wanssum;2020;7249;1573;4244;1432;6258;681;223;458;310;188;122;19;10;9;17;8;9;48;19;29;30;14;16;196;137;59;93.0;66.0;10.0;25.0;281.0;327.0;993
6955;Meerlo-Wanssum;2021;7216;1564;4182;1470;6228;678;223;455;310;189;121;21;10;11;16;8;8;47;20;27;33;17;16;193;134;59;91.0;66.0;9.0;15.0;259.0;317.0;993
6956;Meerlo-Wanssum;2022;7177;1551;4117;1509;6168;693;232;461;316;196;120;20;9;11;15;8;7;45;19;26;33;17;16;203;143;60;86.0;64.0;13.0;21.0;268.0;310.0;993
6957;Meerlo-Wanssum;2023;7152;1535;4098;1519;6143;690;233;457;319;199;120;23;10;13;12;7;5;42;18;24;39;17;22;203;147;56;100.0;63.0;20.0;19.0;255.0;313.0;993
6958;Meerlo-Wanssum;2024;7131;1547;4044;1540;6105;710;236;474;316;198;118;24;9;15;10;6;4;43;19;24;36;17;19;203;147;56;102.0;74.0;16.0;17.0;255.0;305.0;993
6959;Meerlo-Wanssum;2025;7109;1559;3988;1562;6062;716;249;467;331;203;128;26;11;15;9;5;4;46;19;27;39;19;20;211;149;62;;;;;;;993
6960;Meerssen;2006;19709;4415;11806;3488;17481;1786;529;1257;442;272;170;11;7;4;23;13;10;36;21;15;39;13;26;333;218;115;153.0;156.0;53.0;123.0;616.0;703.0;938
6961;Meerssen;2007;19547;4300;11678;3569;17314;1778;530;1248;455;282;173;13;9;4;23;13;10;33;19;14;42;14;28;344;227;117;150.0;169.0;53.0;131.0;626.0;701.0;938
6962;Meerssen;2008;19375;4203;11507;3665;17124;1786;525;1261;465;280;185;14;8;6;24;14;10;36;20;16;53;20;33;338;218;120;146.0;168.0;51.0;116.0;626.0;703.0;938
6963;Meerssen;2009;19214;4082;11363;3769;16942;1796;532;1264;476;292;184;16;9;7;26;16;10;36;20;16;52;20;32;346;227;119;131.0;179.0;55.0;131.0;651.0;696.0;938
6964;Meerssen;2010;19047;3951;11225;3871;16767;1799;546;1253;481;285;196;17;9;8;25;15;10;42;23;19;54;20;34;343;218;125;131.0;172.0;49.0;89.0;634.0;701.0;938
6965;Meerssen;2011;18897;3819;11075;4003;16615;1791;539;1252;491;286;205;18;10;8;30;18;12;44;25;19;58;22;36;341;211;130;128.0;174.0;42.0;118.0;651.0;698.0;938
6966;Meerssen;2012;18730;3686;10903;4141;16433;1790;530;1260;507;286;221;21;10;11;31;17;14;48;27;21;64;23;41;343;209;134;128.0;178.0;39.0;117.0;660.0;699.0;938
6967;Meerssen;2013;18566;3579;10734;4253;16287;1760;514;1246;519;288;231;23;10;13;37;22;15;48;26;22;71;26;45;340;204;136;137.0;190.0;36.0;105.0;644.0;688.0;938
6968;Meerssen;2014;18401;3487;10526;4388;16077;1776;522;1254;548;299;249;28;11;17;42;24;18;50;24;26;70;29;41;358;211;147;129.0;187.0;43.0;103.0;649.0;691.0;938
6969;Meerssen;2015;18246;3370;10408;4468;15897;1775;518;1257;574;317;257;33;13;20;46;27;19;47;20;27;69;31;38;379;226;153;128.0;192.0;36.0;104.0;655.0;686.0;938
6970;Meerssen;2016;18084;3285;10261;4538;15725;1773;516;1257;586;326;260;31;12;19;50;29;21;51;22;29;70;32;38;384;231;153;133.0;197.0;43.0;104.0;640.0;678.0;938
6971;Meerssen;2017;17925;3206;10138;4581;15536;1775;533;1242;614;341;273;37;13;24;50;30;20;54;22;32;77;34;43;396;242;154;147.0;198.0;42.0;83.0;619.0;680.0;938
6972;Meerssen;2018;17773;3107;10023;4643;15360;1790;542;1248;623;344;279;39;13;26;52;29;23;55;23;32;80;34;46;397;245;152;144.0;196.0;40.0;82.0;620.0;675.0;938
6973;Meerssen;2019;17624;3029;9883;4712;15194;1785;547;1238;645;352;293;39;12;27;55;29;26;58;22;36;84;35;49;409;254;155;147.0;211.0;34.0;92.0;645.0;673.0;938
6974;Meerssen;2020;17474;2986;9741;4747;15048;1769;549;1220;657;350;307;42;12;30;55;27;28;59;22;37;91;36;55;410;253;157;149.0;216.0;36.0;86.0;632.0;652.0;938
6975;Meerssen;2021;17336;2933;9641;4762;14911;1741;537;1204;684;360;324;48;15;33;61;29;32;63;24;39;95;36;59;417;256;161;150.0;213.0;44.0;104.0;630.0;648.0;938
6976;Meerssen;2022;17195;2921;9482;4792;14768;1731;536;1195;696;354;342;51;15;36;65;31;34;65;23;42;104;39;65;411;246;165;142.0;229.0;28.0;107.0;662.0;650.0;938
6977;Meerssen;2023;17042;2896;9295;4851;14621;1701;524;1177;720;370;350;54;17;37;68;34;34;69;24;45;105;37;68;424;258;166;159.0;241.0;26.0;89.0;639.0;641.0;938
6978;Meerssen;2024;16895;2888;9113;4894;14456;1713;532;1181;726;372;354;54;18;36;71;34;37;75;25;50;102;36;66;424;259;165;154.0;220.0;31.0;91.0;608.0;631.0;938
6979;Meerssen;2025;16746;2888;8920;4938;14319;1697;523;1174;730;371;359;50;17;33;72;34;38;75;25;50;99;33;66;434;262;172;;;;;;;938
6980;Meijel;2006;5874;1428;3618;828;5504;264;66;198;106;74;32;11;7;4;4;2;2;1;1;0;5;2;3;85;62;23;55.0;51.0;11.0;15.0;217.0;179.0;941
6981;Meijel;2007;5914;1402;3656;856;5504;288;76;212;122;85;37;13;8;5;4;2;2;2;2;0;5;2;3;98;71;27;55.0;49.0;8.0;18.0;213.0;183.0;941
6982;Meijel;2008;5941;1404;3639;898;5508;304;82;222;129;90;39;14;9;5;6;4;2;5;3;2;7;3;4;97;71;26;53.0;43.0;13.0;14.0;201.0;183.0;941
6983;Meijel;2009;5970;1399;3631;940;5498;328;91;237;144;93;51;19;11;8;6;3;3;9;4;5;8;3;5;102;72;30;70.0;56.0;12.0;11.0;199.0;182.0;941
6984;Meijel;2010;6003;1410;3637;956;5506;344;99;245;153;96;57;19;11;8;8;3;5;11;4;7;8;3;5;107;75;32;43.0;50.0;8.0;15.0;214.0;183.0;941
6985;Meijel;2011;6023;1377;3636;1010;5491;365;106;259;167;106;61;17;10;7;10;3;7;16;8;8;9;3;6;115;82;33;45.0;51.0;7.0;13.0;212.0;183.0;941
6986;Meijel;2012;6041;1354;3631;1056;5481;382;111;271;178;112;66;17;10;7;11;4;7;19;9;10;10;3;7;121;86;35;87.0;55.0;12.0;10.0;197.0;188.0;941
6987;Meijel;2013;6086;1366;3606;1114;5493;409;123;286;184;115;69;16;9;7;12;4;8;19;9;10;12;4;8;125;89;36;47.0;58.0;15.0;15.0;219.0;195.0;941
6988;Meijel;2014;6102;1340;3609;1153;5483;427;129;298;192;120;72;16;10;6;12;4;8;21;9;12;14;6;8;129;91;38;61.0;52.0;8.0;10.0;204.0;191.0;941
6989;Meijel;2015;6122;1336;3588;1198;5465;449;140;309;208;126;82;18;10;8;15;5;10;25;9;16;16;7;9;134;95;39;64.0;58.0;14.0;18.0;202.0;192.0;941
6990;Meijel;2016;6139;1325;3573;1241;5452;464;150;314;223;132;91;23;12;11;16;7;9;27;10;17;18;8;10;139;95;44;51.0;58.0;17.0;14.0;213.0;195.0;941
6991;Meijel;2017;6153;1317;3552;1284;5423;493;164;329;237;141;96;23;12;11;16;8;8;30;11;19;23;10;13;145;100;45;54.0;66.0;9.0;17.0;218.0;198.0;941
6992;Meijel;2018;6154;1300;3518;1336;5400;509;167;342;245;147;98;24;14;10;17;9;8;31;11;20;26;10;16;147;103;44;57.0;75.0;15.0;13.0;215.0;196.0;941
6993;Meijel;2019;6155;1276;3527;1352;5379;523;166;357;253;152;101;24;14;10;16;9;7;31;10;21;27;11;16;155;108;47;61.0;62.0;20.0;23.0;209.0;196.0;941
6994;Meijel;2020;6164;1267;3495;1402;5356;545;174;371;263;153;110;22;13;9;20;12;8;35;11;24;31;13;18;155;104;51;59.0;72.0;14.0;25.0;220.0;190.0;941
6995;Meijel;2021;6170;1270;3460;1440;5338;559;180;379;273;158;115;25;12;13;22;14;8;34;11;23;32;14;18;160;107;53;57.0;64.0;17.0;20.0;210.0;195.0;941
6996;Meijel;2022;6176;1262;3442;1472;5313;575;179;396;288;170;118;28;13;15;25;16;9;33;12;21;34;15;19;168;114;54;87.0;73.0;10.0;20.0;197.0;195.0;941
6997;Meijel;2023;6181;1283;3394;1504;5302;581;181;400;298;172;126;30;14;16;29;19;10;35;12;23;35;14;21;169;113;56;70.0;61.0;7.0;11.0;195.0;196.0;941
6998;Meijel;2024;6186;1281;3360;1545;5275;608;188;420;303;170;133;30;13;17;31;20;11;39;12;27;36;15;21;167;110;57;72.0;78.0;9.0;13.0;204.0;198.0;941
6999;Meijel;2025;6181;1305;3318;1558;5244;618;196;422;319;174;145;30;12;18;31;22;9;41;12;29;42;17;25;175;111;64;;;;;;;941
7000;Menaldumadeel;2006;13952;3731;8450;1771;13234;505;138;367;213;137;76;28;13;15;19;13;6;5;5;0;6;2;4;155;104;51;156.0;117.0;21.0;21.0;488.0;562.0;83
7001;Menaldumadeel;2007;13918;3662;8466;1790;13163;521;143;378;234;153;81;30;14;16;19;12;7;5;5;0;6;2;4;174;120;54;162.0;112.0;26.0;16.0;479.0;568.0;83
7002;Menaldumadeel;2008;13887;3578;8489;1820;13090;541;146;395;256;166;90;33;14;19;22;13;9;7;5;2;5;2;3;189;132;57;150.0;115.0;24.0;29.0;507.0;568.0;83
7003;Menaldumadeel;2009;13855;3534;8440;1881;13026;557;148;409;272;172;100;34;14;20;23;13;10;7;5;2;7;2;5;201;138;63;140.0;114.0;32.0;23.0;503.0;569.0;83
7004;Menaldumadeel;2010;13823;3450;8450;1923;12967;569;155;414;287;182;105;34;15;19;24;13;11;7;5;2;7;2;5;215;147;68;149.0;112.0;44.0;22.0;481.0;578.0;83
7005;Menaldumadeel;2011;13788;3408;8415;1965;12910;574;164;410;304;191;113;40;17;23;26;14;12;8;5;3;6;1;5;224;154;70;145.0;109.0;28.0;21.0;515.0;580.0;83
7006;Menaldumadeel;2012;13767;3350;8337;2080;12872;590;179;411;305;187;118;42;19;23;23;12;11;9;5;4;8;1;7;223;150;73;141.0;121.0;35.0;26.0;501.0;567.0;83
7007;Menaldumadeel;2013;13734;3304;8291;2139;12802;610;192;418;322;200;122;45;21;24;22;11;11;9;5;4;7;0;7;239;163;76;144.0;118.0;51.0;25.0;497.0;566.0;83
7008;Menaldumadeel;2014;13716;3266;8220;2230;12738;632;209;423;346;214;132;46;19;27;22;10;12;9;5;4;8;0;8;261;180;81;151.0;119.0;45.0;26.0;507.0;580.0;83
7009;Menaldumadeel;2015;13694;3249;8124;2321;12684;643;212;431;367;230;137;47;20;27;24;10;14;11;5;6;9;0;9;276;195;81;149.0;116.0;39.0;28.0;510.0;579.0;83
7010;Menaldumadeel;2016;13671;3199;8084;2388;12620;670;227;443;381;244;137;48;22;26;26;12;14;11;5;6;10;0;10;286;205;81;149.0;116.0;42.0;21.0;509.0;577.0;83
7011;Menaldumadeel;2017;13659;3149;8050;2460;12530;730;259;471;399;255;144;51;22;29;25;12;13;10;5;5;13;1;12;300;215;85;166.0;123.0;35.0;39.0;517.0;581.0;83
7012;Menaldumadeel;2018;13634;3125;7998;2511;12473;734;251;483;427;276;151;50;23;27;28;14;14;10;5;5;13;2;11;326;232;94;151.0;126.0;34.0;37.0;527.0;575.0;83
7013;Menaldumadeel;2019;13613;3084;7949;2580;12408;754;265;489;451;298;153;51;23;28;33;19;14;11;6;5;15;2;13;341;248;93;161.0;126.0;37.0;25.0;511.0;572.0;83
7014;Menaldumadeel;2020;13599;3051;7903;2645;12355;763;278;485;481;319;162;53;22;31;34;21;13;12;7;5;17;2;15;365;267;98;176.0;130.0;40.0;29.0;510.0;581.0;83
7015;Menaldumadeel;2021;13586;3057;7837;2692;12305;786;286;500;495;329;166;53;21;32;35;25;10;12;6;6;19;2;17;376;275;101;166.0;136.0;25.0;19.0;521.0;572.0;83
7016;Menaldumadeel;2022;13572;3045;7779;2748;12265;792;288;504;515;342;173;55;21;34;40;27;13;13;6;7;18;2;16;389;286;103;172.0;129.0;40.0;37.0;515.0;576.0;83
7017;Menaldumadeel;2023;13556;3035;7740;2781;12208;810;303;507;538;358;180;57;22;35;42;26;16;13;6;7;19;2;17;407;302;105;161.0;135.0;55.0;27.0;522.0;587.0;83
7018;Menaldumadeel;2024;13546;3028;7684;2834;12154;845;321;524;547;367;180;54;22;32;43;26;17;15;7;8;21;2;19;414;310;104;148.0;132.0;42.0;23.0;534.0;587.0;83
7019;Menaldumadeel;2025;13530;3004;7654;2872;12108;860;330;530;562;375;187;56;23;33;45;27;18;14;6;8;18;2;16;429;317;112;;;;;;;83
7020;Menterwolde;2006;12546;3045;7864;1637;11762;533;180;353;251;152;99;46;21;25;5;4;1;31;14;17;13;9;4;156;104;52;145.0;116.0;17.0;40.0;529.0;580.0;1987
7021;Menterwolde;2007;12501;2990;7818;1693;11688;542;190;352;271;171;100;48;21;27;9;8;1;31;14;17;14;10;4;169;118;51;131.0;115.0;17.0;38.0;493.0;574.0;1987
7022;Menterwolde;2008;12414;2933;7729;1752;11570;559;191;368;285;182;103;50;21;29;9;8;1;29;13;16;15;11;4;182;129;53;131.0;114.0;15.0;29.0;480.0;573.0;1987
7023;Menterwolde;2009;12324;2865;7621;1838;11450;575;194;381;299;190;109;52;22;30;11;10;1;29;12;17;16;11;5;191;135;56;125.0;118.0;12.0;28.0;476.0;560.0;1987
7024;Menterwolde;2010;12231;2819;7495;1917;11335;588;207;381;308;196;112;52;22;30;10;9;1;30;13;17;16;10;6;200;142;58;114.0;122.0;14.0;39.0;493.0;557.0;1987
7025;Menterwolde;2011;12134;2750;7391;1993;11205;606;222;384;323;203;120;53;22;31;12;10;2;31;13;18;17;11;6;210;147;63;121.0;130.0;22.0;42.0;487.0;553.0;1987
7026;Menterwolde;2012;12040;2699;7231;2110;11095;613;231;382;332;208;124;52;22;30;11;9;2;31;12;19;15;10;5;223;155;68;113.0;117.0;20.0;36.0;488.0;559.0;1987
7027;Menterwolde;2013;11948;2656;7057;2235;10986;615;236;379;347;226;121;53;24;29;15;10;5;30;13;17;14;9;5;235;170;65;103.0;131.0;14.0;26.0;502.0;541.0;1987
7028;Menterwolde;2014;11869;2604;6945;2320;10868;637;247;390;364;235;129;55;23;32;17;9;8;30;15;15;13;8;5;249;180;69;114.0;131.0;21.0;28.0;485.0;537.0;1987
7029;Menterwolde;2015;11792;2567;6848;2377;10776;647;253;394;369;243;126;58;26;32;18;9;9;29;16;13;14;8;6;250;184;66;114.0;141.0;18.0;30.0;501.0;538.0;1987
7030;Menterwolde;2016;11717;2522;6740;2455;10673;659;261;398;385;256;129;58;24;34;19;10;9;31;16;15;13;7;6;264;199;65;114.0;139.0;17.0;39.0;509.0;529.0;1987
7031;Menterwolde;2017;11650;2487;6680;2483;10585;664;265;399;401;271;130;59;26;33;18;9;9;32;16;16;13;7;6;279;213;66;111.0;130.0;16.0;33.0;489.0;528.0;1987
7032;Menterwolde;2018;11577;2444;6580;2553;10480;683;278;405;414;278;136;53;24;29;20;11;9;35;16;19;14;7;7;292;220;72;120.0;143.0;21.0;34.0;502.0;535.0;1987
7033;Menterwolde;2019;11509;2415;6470;2624;10387;699;287;412;423;284;139;53;26;27;22;11;11;36;17;19;15;7;8;297;223;74;120.0;132.0;18.0;28.0;480.0;532.0;1987
7034;Menterwolde;2020;11439;2391;6368;2680;10272;729;292;437;438;293;145;53;27;26;23;10;13;36;16;20;16;7;9;310;233;77;101.0;138.0;12.0;45.0;534.0;532.0;1987
7035;Menterwolde;2021;11372;2342;6283;2747;10175;752;299;453;445;298;147;52;27;25;23;9;14;37;16;21;17;7;10;316;239;77;120.0;141.0;13.0;26.0;493.0;528.0;1987
7036;Menterwolde;2022;11306;2314;6196;2796;10094;764;304;460;448;293;155;56;28;28;22;10;12;39;16;23;15;6;9;316;233;83;113.0;139.0;19.0;26.0;491.0;526.0;1987
7037;Menterwolde;2023;11243;2304;6104;2835;10001;783;312;471;459;298;161;56;28;28;22;10;12;43;16;27;15;6;9;323;238;85;111.0;151.0;14.0;33.0;503.0;509.0;1987
7038;Menterwolde;2024;11180;2297;6002;2881;9908;781;309;472;491;315;176;57;27;30;25;11;14;45;17;28;14;6;8;350;254;96;124.0;154.0;19.0;33.0;502.0;520.0;1987
7039;Menterwolde;2025;11122;2282;5951;2889;9804;806;324;482;512;329;183;61;30;31;30;15;15;49;19;30;14;5;9;358;260;98;;;;;;;1987
7040;Meppel;2006;31029;7724;18900;4405;27671;1616;605;1011;1742;1125;617;197;104;93;61;35;26;37;20;17;538;278;260;909;688;221;381.0;291.0;101.0;120.0;1413.0;1252.0;119
7041;Meppel;2007;31260;7744;19031;4485;27888;1624;604;1020;1748;1124;624;200;106;94;57;33;24;38;22;16;533;269;264;920;694;226;374.0;272.0;106.0;116.0;1264.0;1257.0;119
7042;Meppel;2008;31361;7733;19062;4566;27972;1649;614;1035;1740;1108;632;196;100;96;55;29;26;37;20;17;517;259;258;935;700;235;351.0;294.0;105.0;95.0;1241.0;1245.0;119
7043;Meppel;2009;31425;7728;19059;4638;28018;1670;632;1038;1737;1104;633;187;94;93;56;30;26;43;22;21;509;254;255;942;704;238;361.0;289.0;102.0;101.0;1221.0;1244.0;119
7044;Meppel;2010;31475;7736;19019;4720;28051;1682;643;1039;1742;1096;646;187;94;93;58;29;29;42;20;22;500;246;254;955;707;248;339.0;279.0;116.0;98.0;1240.0;1246.0;119
7045;Meppel;2011;31546;7735;19027;4784;28097;1684;648;1036;1765;1105;660;189;92;97;61;27;34;43;21;22;504;249;255;968;716;252;339.0;284.0;117.0;105.0;1248.0;1245.0;119
7046;Meppel;2012;31616;7711;18895;5010;28135;1702;671;1031;1779;1127;652;191;96;95;65;32;33;42;19;23;495;249;246;986;731;255;345.0;287.0;143.0;116.0;1223.0;1240.0;119
7047;Meppel;2013;31683;7710;18753;5220;28174;1717;678;1039;1792;1147;645;195;97;98;65;34;31;44;20;24;495;253;242;993;743;250;348.0;299.0;121.0;115.0;1254.0;1245.0;119
7048;Meppel;2014;31745;7690;18663;5392;28214;1748;696;1052;1783;1148;635;197;99;98;71;41;30;50;23;27;495;261;234;970;724;246;324.0;292.0;134.0;95.0;1225.0;1237.0;119
7049;Meppel;2015;31806;7674;18642;5490;28231;1760;727;1033;1815;1179;636;195;101;94;70;40;30;54;26;28;500;274;226;996;738;258;349.0;288.0;146.0;106.0;1224.0;1245.0;119
7050;Meppel;2016;31886;7703;18564;5619;28244;1789;754;1035;1853;1209;644;205;106;99;72;41;31;55;25;30;507;284;223;1014;753;261;339.0;304.0;126.0;120.0;1239.0;1239.0;119
7051;Meppel;2017;31930;7686;18492;5752;28258;1801;767;1034;1871;1225;646;214;110;104;76;43;33;58;26;32;507;293;214;1016;753;263;327.0;315.0;136.0;98.0;1253.0;1242.0;119
7052;Meppel;2018;31992;7690;18416;5886;28252;1833;802;1031;1907;1249;658;213;109;104;78;47;31;59;28;31;524;310;214;1033;755;278;334.0;309.0;130.0;117.0;1247.0;1247.0;119
7053;Meppel;2019;32031;7663;18325;6043;28232;1847;825;1022;1952;1289;663;211;108;103;87;55;32;61;28;33;535;327;208;1058;771;287;325.0;316.0;144.0;87.0;1239.0;1248.0;119
7054;Meppel;2020;32089;7612;18310;6167;28221;1870;832;1038;1998;1322;676;213;106;107;92;59;33;67;31;36;545;337;208;1081;789;292;352.0;326.0;127.0;97.0;1244.0;1250.0;119
7055;Meppel;2021;32144;7591;18224;6329;28204;1908;863;1045;2032;1358;674;214;109;105;95;63;32;76;36;40;548;342;206;1099;808;291;342.0;321.0;146.0;95.0;1237.0;1259.0;119
7056;Meppel;2022;32195;7551;18171;6473;28178;1931;882;1049;2086;1401;685;215;110;105;96;64;32;74;33;41;567;359;208;1134;835;299;355.0;338.0;122.0;92.0;1242.0;1261.0;119
7057;Meppel;2023;32227;7510;18118;6599;28154;1954;907;1047;2119;1433;686;217;113;104;104;71;33;80;35;45;573;369;204;1145;845;300;369.0;331.0;126.0;98.0;1237.0;1279.0;119
7058;Meppel;2024;32252;7490;18017;6745;28176;1965;907;1058;2111;1413;698;209;109;100;100;72;28;88;34;54;571;374;197;1143;824;319;339.0;346.0;130.0;101.0;1271.0;1255.0;119
7059;Meppel;2025;32291;7471;17966;6854;28145;1992;934;1058;2154;1450;704;211;113;98;105;73;32;95;35;60;577;391;186;1166;838;328;;;;;;;119
7060;Middelburg (Z.);2006;46210;11325;27595;7290;38692;4046;1800;2246;3472;2106;1366;507;274;233;212;123;89;837;439;398;280;139;141;1636;1131;505;490.0;433.0;260.0;137.0;1754.0;1994.0;687
7061;Middelburg (Z.);2007;46156;11202;27619;7335;38559;4004;1814;2190;3593;2161;1432;522;279;243;234;137;97;831;420;411;293;152;141;1713;1173;540;466.0;445.0;289.0;129.0;1806.0;1996.0;687
7062;Middelburg (Z.);2008;46150;11078;27696;7376;38553;3933;1829;2104;3664;2204;1460;519;279;240;253;154;99;820;419;401;324;176;148;1748;1176;572;489.0;410.0;297.0;149.0;1817.0;2011.0;687
7063;Middelburg (Z.);2009;46184;10983;27772;7429;38468;3964;1867;2097;3752;2275;1477;517;286;231;276;178;98;817;418;399;364;205;159;1778;1188;590;497.0;429.0;351.0;152.0;1845.0;2025.0;687
7064;Middelburg (Z.);2010;46271;10918;27830;7523;38403;3979;1907;2072;3889;2353;1536;536;288;248;303;197;106;816;410;406;401;241;160;1833;1217;616;487.0;430.0;355.0;143.0;1849.0;2014.0;687
7065;Middelburg (Z.);2011;46375;10878;27897;7600;38325;4016;1937;2079;4034;2444;1590;543;296;247;322;214;108;817;414;403;454;286;168;1898;1234;664;493.0;437.0;396.0;137.0;1828.0;2033.0;687
7066;Middelburg (Z.);2012;46485;10812;27830;7843;38225;4068;1971;2097;4192;2525;1667;561;307;254;352;230;122;822;411;411;504;328;176;1953;1249;704;504.0;426.0;408.0;132.0;1820.0;2051.0;687
7067;Middelburg (Z.);2013;46606;10787;27736;8083;38130;4160;2059;2101;4316;2599;1717;574;306;268;358;232;126;814;407;407;570;390;180;2000;1264;736;491.0;423.0;435.0;137.0;1816.0;2053.0;687
7068;Middelburg (Z.);2014;46738;10791;27649;8298;38038;4252;2163;2089;4448;2681;1767;572;296;276;387;253;134;814;403;411;647;457;190;2028;1272;756;500.0;414.0;450.0;146.0;1793.0;2058.0;687
7069;Middelburg (Z.);2015;46861;10770;27649;8442;37919;4313;2232;2081;4629;2820;1809;574;302;272;399;259;140;810;398;412;735;541;194;2111;1320;791;513.0;437.0;473.0;162.0;1788.0;2056.0;687
7070;Middelburg (Z.);2016;46982;10837;27571;8574;37785;4407;2322;2085;4790;2955;1835;581;307;274;414;275;139;798;393;405;827;633;194;2170;1347;823;511.0;434.0;491.0;149.0;1781.0;2068.0;687
7071;Middelburg (Z.);2017;47112;10859;27547;8706;37632;4482;2410;2072;4998;3104;1894;587;306;281;424;274;150;797;391;406;930;733;197;2260;1400;860;523.0;446.0;503.0;150.0;1781.0;2077.0;687
7072;Middelburg (Z.);2018;47249;10939;27492;8818;37515;4544;2476;2068;5190;3246;1944;592;302;290;439;278;161;785;393;392;1049;835;214;2325;1438;887;533.0;449.0;518.0;161.0;1773.0;2081.0;687
7073;Middelburg (Z.);2019;47386;10954;27512;8920;37414;4576;2531;2045;5396;3397;1999;586;303;283;443;272;171;788;393;395;1180;956;224;2399;1473;926;547.0;425.0;508.0;148.0;1756.0;2073.0;687
7074;Middelburg (Z.);2020;47554;11089;27361;9104;37351;4626;2596;2030;5577;3533;2044;592;301;291;438;271;167;789;397;392;1308;1082;226;2450;1482;968;552.0;431.0;551.0;166.0;1739.0;2082.0;687
7075;Middelburg (Z.);2021;47719;11170;27288;9261;37233;4680;2646;2034;5806;3712;2094;598;302;296;468;293;175;776;389;387;1445;1218;227;2519;1510;1009;531.0;451.0;545.0;150.0;1742.0;2085.0;687
7076;Middelburg (Z.);2022;47856;11283;27169;9404;37087;4764;2698;2066;6005;3880;2125;595;305;290;472;296;176;783;396;387;1579;1348;231;2576;1535;1041;530.0;461.0;579.0;154.0;1749.0;2102.0;687
7077;Middelburg (Z.);2023;47998;11418;27035;9545;36978;4788;2742;2046;6232;4063;2169;596;298;298;472;299;173;797;407;390;1754;1515;239;2613;1544;1069;528.0;453.0;638.0;143.0;1687.0;2099.0;687
7078;Middelburg (Z.);2024;48159;11642;26860;9657;36841;4863;2801;2062;6455;4253;2202;601;299;302;462;295;167;806;410;396;1929;1685;244;2657;1564;1093;532.0;452.0;656.0;163.0;1683.0;2110.0;687
7079;Middelburg (Z.);2025;48306;11539;26971;9796;36653;4888;2828;2060;6765;4493;2272;607;302;305;478;304;174;820;420;400;2140;1875;265;2720;1592;1128;;;;;;;687
7080;Middelharnis;2006;17463;4405;10308;2750;16412;685;231;454;366;237;129;80;43;37;24;13;11;18;12;6;19;10;9;225;159;66;201.0;188.0;29.0;35.0;516.0;470.0;559
7081;Middelharnis;2007;17517;4402;10369;2746;16389;735;247;488;393;252;141;84;44;40;30;17;13;21;13;8;23;13;10;235;165;70;189.0;195.0;37.0;34.0;491.0;477.0;559
7082;Middelharnis;2008;17532;4401;10332;2799;16338;772;253;519;422;272;150;89;46;43;33;19;14;23;14;9;27;15;12;250;178;72;185.0;196.0;48.0;28.0;483.0;473.0;559
7083;Middelharnis;2009;17554;4368;10349;2837;16273;815;263;552;466;305;161;91;48;43;34;21;13;25;15;10;44;29;15;272;192;80;182.0;193.0;43.0;37.0;498.0;484.0;559
7084;Middelharnis;2010;17568;4330;10338;2900;16220;831;278;553;517;344;173;98;51;47;34;22;12;29;18;11;64;48;16;292;205;87;179.0;190.0;41.0;37.0;499.0;490.0;559
7085;Middelharnis;2011;17574;4287;10374;2913;16153;864;292;572;557;371;186;106;54;52;36;24;12;32;19;13;82;64;18;301;210;91;180.0;194.0;42.0;47.0;508.0;486.0;559
7086;Middelharnis;2012;17582;4272;10257;3053;16081;892;307;585;609;405;204;110;55;55;39;25;14;35;20;15;100;78;22;325;227;98;187.0;187.0;46.0;38.0;489.0;489.0;559
7087;Middelharnis;2013;17593;4250;10191;3152;16024;929;327;602;640;420;220;118;57;61;41;26;15;38;21;17;117;92;25;326;224;102;179.0;197.0;42.0;26.0;503.0;483.0;559
7088;Middelharnis;2014;17615;4232;10135;3248;15953;969;336;633;693;467;226;121;60;61;43;28;15;42;24;18;137;110;27;350;245;105;173.0;195.0;43.0;37.0;507.0;488.0;559
7089;Middelharnis;2015;17624;4186;10134;3304;15881;995;343;652;748;498;250;128;61;67;51;33;18;43;23;20;155;124;31;371;257;114;177.0;202.0;44.0;48.0;518.0;485.0;559
7090;Middelharnis;2016;17630;4183;10077;3370;15810;1015;348;667;805;530;275;133;62;71;56;36;20;47;22;25;174;136;38;395;274;121;189.0;194.0;45.0;38.0;500.0;492.0;559
7091;Middelharnis;2017;17644;4179;10068;3397;15754;1035;346;689;855;560;295;139;67;72;59;35;24;47;21;26;198;152;46;412;285;127;194.0;196.0;41.0;44.0;503.0;494.0;559
7092;Middelharnis;2018;17650;4173;10012;3465;15701;1061;358;703;888;587;301;148;73;75;60;36;24;49;21;28;212;164;48;419;293;126;190.0;180.0;41.0;33.0;477.0;484.0;559
7093;Middelharnis;2019;17665;4161;9994;3510;15643;1089;371;718;933;614;319;154;74;80;68;43;25;52;22;30;230;178;52;429;297;132;191.0;202.0;49.0;43.0;490.0;480.0;559
7094;Middelharnis;2020;17674;4174;9910;3590;15573;1130;379;751;971;636;335;159;77;82;72;45;27;59;25;34;236;184;52;445;305;140;202.0;207.0;43.0;37.0;494.0;490.0;559
7095;Middelharnis;2021;17679;4172;9833;3674;15518;1150;391;759;1011;659;352;158;78;80;76;47;29;68;26;42;243;188;55;466;320;146;198.0;206.0;38.0;48.0;502.0;485.0;559
7096;Middelharnis;2022;17681;4166;9781;3734;15443;1198;401;797;1040;670;370;164;80;84;80;50;30;69;26;43;254;194;60;473;320;153;197.0;202.0;43.0;29.0;484.0;494.0;559
7097;Middelharnis;2023;17684;4158;9746;3780;15409;1212;410;802;1063;683;380;162;79;83;79;49;30;70;26;44;260;197;63;492;332;160;212.0;214.0;45.0;40.0;479.0;483.0;559
7098;Middelharnis;2024;17689;4163;9686;3840;15343;1236;425;811;1110;717;393;165;83;82;81;50;31;71;26;45;263;199;64;530;359;171;210.0;231.0;38.0;40.0;502.0;484.0;559
7099;Middelharnis;2025;17688;4170;9627;3891;15293;1241;427;814;1154;741;413;168;84;84;87;51;36;76;27;49;269;200;69;554;379;175;;;;;;;559
7100;Midden-Delfland;2006;17369;4903;10171;2295;15688;1028;330;698;653;402;251;105;60;45;56;27;29;45;25;20;108;67;41;339;235;104;201.0;129.0;29.0;60.0;781.0;744.0;1842
7101;Midden-Delfland;2007;17459;4819;10228;2412;15619;1104;353;751;736;453;283;126;69;57;64;31;33;51;28;23;114;69;45;381;269;112;198.0;139.0;43.0;42.0;766.0;755.0;1842
7102;Midden-Delfland;2008;17531;4737;10275;2519;15545;1172;384;788;814;503;311;142;75;67;76;39;37;56;32;24;120;72;48;422;301;121;203.0;148.0;27.0;38.0;812.0;749.0;1842
7103;Midden-Delfland;2009;17650;4677;10361;2612;15490;1270;411;859;890;534;356;153;79;74;85;41;44;66;37;29;128;74;54;457;319;138;181.0;162.0;36.0;50.0;834.0;749.0;1842
7104;Midden-Delfland;2010;17754;4616;10409;2729;15430;1355;441;914;969;569;400;169;84;85;98;45;53;71;38;33;136;77;59;495;345;150;189.0;151.0;29.0;46.0;824.0;763.0;1842
7105;Midden-Delfland;2011;17849;4543;10488;2818;15362;1433;477;956;1054;623;431;194;96;98;107;50;57;75;38;37;147;85;62;531;373;158;192.0;158.0;38.0;46.0;825.0;767.0;1842
7106;Midden-Delfland;2012;17947;4480;10481;2986;15304;1516;518;998;1127;658;469;206;100;106;109;49;60;79;40;39;153;86;67;580;405;175;209.0;178.0;52.0;57.0;827.0;784.0;1842
7107;Midden-Delfland;2013;18028;4430;10456;3142;15231;1596;561;1035;1201;688;513;222;105;117;127;58;69;83;43;40;150;81;69;619;426;193;190.0;164.0;41.0;55.0;853.0;796.0;1842
7108;Midden-Delfland;2014;18114;4344;10490;3280;15150;1693;605;1088;1271;724;547;243;114;129;139;63;76;87;47;40;149;83;66;653;443;210;196.0;176.0;46.0;41.0;843.0;794.0;1842
7109;Midden-Delfland;2015;18192;4290;10490;3412;15068;1748;635;1113;1376;772;604;258;115;143;143;63;80;95;51;44;164;90;74;716;482;234;198.0;183.0;47.0;56.0;857.0;783.0;1842
7110;Midden-Delfland;2016;18282;4228;10528;3526;15003;1819;660;1159;1460;813;647;277;126;151;153;64;89;98;52;46;177;93;84;755;510;245;200.0;179.0;43.0;55.0;866.0;800.0;1842
7111;Midden-Delfland;2017;18372;4198;10526;3648;14946;1879;691;1188;1547;853;694;295;132;163;158;67;91;107;56;51;185;95;90;802;536;266;200.0;188.0;43.0;58.0;882.0;804.0;1842
7112;Midden-Delfland;2018;18448;4150;10553;3745;14858;1947;707;1240;1643;888;755;313;139;174;163;69;94;121;61;60;194;97;97;851;559;292;211.0;193.0;40.0;57.0;882.0;821.0;1842
7113;Midden-Delfland;2019;18514;4130;10540;3844;14800;2004;751;1253;1710;928;782;340;147;193;171;78;93;123;61;62;196;99;97;879;581;298;221.0;200.0;44.0;50.0;861.0;809.0;1842
7114;Midden-Delfland;2020;18594;4128;10500;3966;14726;2083;778;1305;1785;966;819;360;158;202;176;78;98;125;62;63;204;100;104;920;607;313;222.0;214.0;43.0;53.0;896.0;840.0;1842
7115;Midden-Delfland;2021;18671;4119;10462;4090;14655;2156;819;1337;1860;989;871;374;162;212;181;82;99;136;63;73;209;99;110;960;625;335;223.0;196.0;46.0;54.0;833.0;804.0;1842
7116;Midden-Delfland;2022;18720;4135;10355;4230;14567;2239;856;1383;1914;997;917;383;164;219;184;83;101;138;61;77;228;102;126;980;627;353;221.0;210.0;44.0;58.0;864.0;816.0;1842
7117;Midden-Delfland;2023;18772;4158;10278;4336;14484;2300;879;1421;1988;1029;959;393;167;226;198;94;104;143;61;82;243;108;135;1011;639;372;218.0;211.0;42.0;62.0;872.0;814.0;1842
7118;Midden-Delfland;2024;18820;4153;10287;4380;14379;2370;914;1456;2071;1071;1000;403;173;230;210;106;104;150;65;85;260;114;146;1049;658;391;224.0;218.0;60.0;46.0;846.0;813.0;1842
7119;Midden-Delfland;2025;18892;4185;10221;4486;14294;2456;962;1494;2142;1098;1044;413;175;238;217;109;108;160;68;92;263;113;150;1088;680;408;;;;;;;1842
7120;Midden-Drenthe;2006;32785;8177;19511;5097;30916;1428;513;915;441;270;171;56;26;30;41;20;21;9;5;4;9;5;4;326;214;112;316.0;316.0;43.0;77.0;1167.0;1237.0;1731
7121;Midden-Drenthe;2007;32686;8054;19479;5153;30789;1417;515;902;480;303;177;65;31;34;43;21;22;13;9;4;11;6;5;348;236;112;320.0;313.0;45.0;70.0;1087.0;1242.0;1731
7122;Midden-Drenthe;2008;32519;7889;19383;5247;30593;1443;517;926;483;308;175;64;32;32;45;22;23;13;9;4;12;7;5;349;238;111;311.0;321.0;44.0;76.0;1080.0;1239.0;1731
7123;Midden-Drenthe;2009;32325;7780;19223;5322;30350;1443;520;923;532;344;188;69;32;37;44;23;21;15;9;6;17;12;5;387;268;119;293.0;314.0;55.0;69.0;1077.0;1231.0;1731
7124;Midden-Drenthe;2010;32139;7657;19043;5439;30121;1462;510;952;556;368;188;70;31;39;46;25;21;16;10;6;21;15;6;403;287;116;288.0;328.0;48.0;67.0;1088.0;1227.0;1731
7125;Midden-Drenthe;2011;31943;7488;18928;5527;29881;1469;519;950;593;397;196;77;32;45;50;29;21;15;11;4;24;18;6;427;307;120;288.0;324.0;57.0;52.0;1078.0;1227.0;1731
7126;Midden-Drenthe;2012;31765;7347;18670;5748;29649;1488;527;961;628;430;198;79;33;46;42;24;18;15;11;4;29;24;5;463;338;125;298.0;319.0;46.0;61.0;1084.0;1222.0;1731
7127;Midden-Drenthe;2013;31597;7290;18391;5916;29441;1483;527;956;673;463;210;80;34;46;44;25;19;17;11;6;42;33;9;490;360;130;288.0;327.0;44.0;72.0;1109.0;1222.0;1731
7128;Midden-Drenthe;2014;31418;7126;18194;6098;29231;1503;541;962;684;470;214;79;35;44;44;25;19;18;10;8;47;35;12;496;365;131;288.0;328.0;37.0;66.0;1123.0;1233.0;1731
7129;Midden-Drenthe;2015;31244;6952;18048;6244;29042;1507;537;970;695;485;210;81;37;44;40;24;16;21;11;10;49;37;12;504;376;128;303.0;318.0;43.0;55.0;1099.0;1224.0;1731
7130;Midden-Drenthe;2016;31095;6874;17863;6358;28843;1526;542;984;726;513;213;80;39;41;43;26;17;23;12;11;54;42;12;526;394;132;295.0;333.0;47.0;67.0;1106.0;1212.0;1731
7131;Midden-Drenthe;2017;30934;6773;17678;6483;28652;1541;568;973;741;522;219;82;40;42;47;29;18;20;11;9;57;46;11;535;396;139;309.0;319.0;49.0;65.0;1091.0;1202.0;1731
7132;Midden-Drenthe;2018;30802;6684;17479;6639;28447;1562;575;987;793;563;230;80;41;39;54;35;19;20;11;9;65;51;14;574;425;149;310.0;347.0;52.0;77.0;1119.0;1207.0;1731
7133;Midden-Drenthe;2019;30655;6588;17285;6782;28271;1564;581;983;820;591;229;81;41;40;53;37;16;22;11;11;67;51;16;597;451;146;318.0;344.0;51.0;70.0;1122.0;1220.0;1731
7134;Midden-Drenthe;2020;30514;6473;17124;6917;28092;1582;586;996;840;608;232;82;40;42;52;37;15;21;10;11;78;59;19;607;462;145;294.0;333.0;44.0;53.0;1122.0;1209.0;1731
7135;Midden-Drenthe;2021;30384;6385;16954;7045;27918;1580;591;989;886;650;236;79;37;42;59;44;15;22;10;12;80;62;18;646;497;149;307.0;349.0;50.0;63.0;1144.0;1204.0;1731
7136;Midden-Drenthe;2022;30268;6316;16817;7135;27754;1598;611;987;916;685;231;81;37;44;59;43;16;21;10;11;84;66;18;671;529;142;325.0;350.0;41.0;65.0;1124.0;1197.0;1731
7137;Midden-Drenthe;2023;30148;6245;16687;7216;27589;1615;624;991;944;712;232;86;41;45;67;50;17;20;10;10;88;69;19;683;542;141;310.0;356.0;50.0;62.0;1160.0;1201.0;1731
7138;Midden-Drenthe;2024;30049;6212;16508;7329;27444;1636;639;997;969;729;240;89;43;46;65;47;18;24;11;13;93;71;22;698;557;141;309.0;356.0;46.0;61.0;1152.0;1199.0;1731
7139;Midden-Drenthe;2025;29942;6204;16322;7416;27294;1646;654;992;1002;752;250;92;44;48;70;50;20;26;13;13;96;72;24;718;573;145;;;;;;;1731
7140;Mill en Sint Hubert;2006;11061;2799;6682;1580;10499;407;101;306;155;92;63;11;5;6;6;3;3;11;4;7;20;8;12;107;72;35;108.0;97.0;14.0;29.0;236.0;252.0;815
7141;Mill en Sint Hubert;2007;11041;2787;6633;1621;10435;441;114;327;165;97;68;12;4;8;6;2;4;12;4;8;20;8;12;115;79;36;114.0;100.0;15.0;23.0;226.0;259.0;815
7142;Mill en Sint Hubert;2008;11014;2776;6586;1652;10375;464;120;344;175;103;72;12;4;8;7;4;3;15;5;10;24;8;16;117;82;35;106.0;102.0;14.0;34.0;242.0;259.0;815
7143;Mill en Sint Hubert;2009;10985;2732;6565;1688;10312;483;125;358;190;112;78;13;5;8;10;5;5;15;5;10;27;9;18;125;88;37;118.0;102.0;17.0;31.0;226.0;250.0;815
7144;Mill en Sint Hubert;2010;10963;2680;6538;1745;10248;503;132;371;212;126;86;14;5;9;10;5;5;18;6;12;30;10;20;140;100;40;104.0;108.0;23.0;29.0;249.0;263.0;815
7145;Mill en Sint Hubert;2011;10938;2658;6503;1777;10191;522;142;380;225;136;89;14;5;9;12;6;6;17;6;11;32;12;20;150;107;43;99.0;103.0;25.0;32.0;244.0;261.0;815
7146;Mill en Sint Hubert;2012;10907;2605;6470;1832;10110;552;155;397;245;143;102;16;6;10;13;6;7;21;8;13;37;12;25;158;111;47;86.0;111.0;22.0;29.0;250.0;256.0;815
7147;Mill en Sint Hubert;2013;10866;2554;6398;1914;10039;576;160;416;251;140;111;17;6;11;14;7;7;23;7;16;40;13;27;157;107;50;100.0;114.0;21.0;22.0;249.0;264.0;815
7148;Mill en Sint Hubert;2014;10833;2504;6355;1974;9977;588;172;416;268;142;126;20;7;13;15;8;7;26;7;19;44;17;27;163;103;60;95.0;119.0;24.0;27.0;258.0;259.0;815
7149;Mill en Sint Hubert;2015;10803;2425;6354;2024;9898;623;186;437;282;147;135;24;9;15;17;9;8;29;8;21;47;18;29;165;103;62;89.0;117.0;15.0;21.0;255.0;259.0;815
7150;Mill en Sint Hubert;2016;10766;2391;6293;2082;9832;639;201;438;295;154;141;23;9;14;16;9;7;29;8;21;52;18;34;175;110;65;100.0;123.0;23.0;23.0;246.0;261.0;815
7151;Mill en Sint Hubert;2017;10731;2353;6258;2120;9775;645;206;439;311;163;148;23;10;13;16;9;7;32;9;23;58;21;37;182;114;68;108.0;118.0;18.0;32.0;254.0;269.0;815
7152;Mill en Sint Hubert;2018;10691;2338;6179;2174;9720;648;206;442;323;172;151;25;11;14;16;9;7;34;11;23;60;22;38;188;119;69;106.0;122.0;19.0;30.0;239.0;254.0;815
7153;Mill en Sint Hubert;2019;10649;2302;6119;2228;9650;654;207;447;345;192;153;25;10;15;19;12;7;33;11;22;61;25;36;207;134;73;106.0;123.0;32.0;31.0;253.0;267.0;815
7154;Mill en Sint Hubert;2020;10620;2242;6104;2274;9581;676;210;466;363;201;162;28;10;18;19;11;8;37;11;26;66;30;36;213;139;74;106.0;125.0;27.0;33.0;255.0;252.0;815
7155;Mill en Sint Hubert;2021;10596;2216;6031;2349;9516;693;218;475;387;214;173;31;11;20;18;11;7;40;11;29;67;31;36;231;150;81;105.0;116.0;28.0;25.0;237.0;254.0;815
7156;Mill en Sint Hubert;2022;10575;2196;5969;2410;9452;708;227;481;415;229;186;34;14;20;22;12;10;42;11;31;71;33;38;246;159;87;119.0;131.0;23.0;22.0;234.0;254.0;815
7157;Mill en Sint Hubert;2023;10546;2187;5909;2450;9391;716;230;486;439;234;205;40;15;25;24;14;10;46;12;34;77;35;42;252;158;94;104.0;130.0;20.0;39.0;252.0;253.0;815
7158;Mill en Sint Hubert;2024;10501;2172;5814;2515;9334;724;237;487;443;233;210;42;15;27;23;14;9;51;13;38;79;36;43;248;155;93;119.0;128.0;24.0;16.0;211.0;248.0;815
7159;Mill en Sint Hubert;2025;10463;2157;5763;2543;9270;749;248;501;444;234;210;42;15;27;24;15;9;52;13;39;80;36;44;246;155;91;;;;;;;815
7160;Millingen aan de Rijn;2006;6098;1559;3699;840;5185;788;244;544;125;80;45;26;11;15;9;4;5;7;4;3;6;6;0;77;55;22;76.0;40.0;14.0;25.0;220.0;147.0;265
7161;Millingen aan de Rijn;2007;6198;1561;3759;878;5251;800;249;551;147;92;55;27;12;15;12;6;6;12;5;7;9;8;1;87;61;26;66.0;51.0;9.0;34.0;236.0;153.0;265
7162;Millingen aan de Rijn;2008;6273;1555;3819;899;5302;809;258;551;162;98;64;29;11;18;15;7;8;14;5;9;10;9;1;94;66;28;69.0;52.0;17.0;25.0;229.0;157.0;265
7163;Millingen aan de Rijn;2009;6356;1552;3851;953;5351;823;258;565;182;108;74;31;11;20;17;9;8;17;6;11;11;9;2;106;73;33;76.0;64.0;15.0;21.0;244.0;172.0;265
7164;Millingen aan de Rijn;2010;6438;1545;3907;986;5398;835;263;572;205;124;81;35;13;22;19;11;8;21;8;13;12;9;3;118;83;35;66.0;51.0;19.0;16.0;235.0;168.0;265
7165;Millingen aan de Rijn;2011;6526;1546;3947;1033;5452;852;277;575;222;132;90;37;14;23;22;13;9;23;7;16;11;8;3;129;90;39;67.0;70.0;20.0;28.0;257.0;179.0;265
7166;Millingen aan de Rijn;2012;6597;1534;3963;1100;5493;865;290;575;239;140;99;38;15;23;22;13;9;24;6;18;19;11;8;136;95;41;74.0;65.0;21.0;36.0;262.0;183.0;265
7167;Millingen aan de Rijn;2013;6674;1532;4003;1139;5532;882;300;582;260;154;106;40;15;25;22;12;10;24;7;17;20;11;9;154;109;45;77.0;70.0;18.0;27.0;252.0;179.0;265
7168;Millingen aan de Rijn;2014;6748;1529;4027;1192;5579;888;304;584;281;167;114;44;18;26;21;12;9;28;8;20;21;11;10;167;118;49;75.0;78.0;22.0;19.0;255.0;179.0;265
7169;Millingen aan de Rijn;2015;6826;1548;4046;1232;5622;896;309;587;308;186;122;44;19;25;23;14;9;30;9;21;23;12;11;188;132;56;80.0;78.0;17.0;30.0;262.0;187.0;265
7170;Millingen aan de Rijn;2016;6890;1558;4072;1260;5659;899;306;593;332;194;138;49;22;27;24;13;11;37;9;28;24;13;11;198;137;61;80.0;68.0;21.0;23.0;237.0;186.0;265
7171;Millingen aan de Rijn;2017;6953;1580;4081;1292;5698;899;311;588;356;206;150;56;26;30;29;18;11;37;10;27;24;13;11;210;139;71;80.0;71.0;27.0;30.0;237.0;183.0;265
7172;Millingen aan de Rijn;2018;7013;1588;4071;1354;5727;913;314;599;373;215;158;58;27;31;32;21;11;41;11;30;28;15;13;214;141;73;86.0;65.0;16.0;29.0;246.0;191.0;265
7173;Millingen aan de Rijn;2019;7074;1612;4072;1390;5771;918;324;594;385;217;168;57;25;32;31;20;11;41;11;30;29;16;13;227;145;82;88.0;74.0;15.0;29.0;242.0;187.0;265
7174;Millingen aan de Rijn;2020;7132;1619;4073;1440;5801;924;325;599;407;230;177;58;25;33;31;19;12;48;13;35;32;17;15;238;156;82;96.0;71.0;13.0;22.0;226.0;190.0;265
7175;Millingen aan de Rijn;2021;7186;1640;4074;1472;5832;934;326;608;420;232;188;59;26;33;33;18;15;49;13;36;34;19;15;245;156;89;86.0;86.0;15.0;33.0;258.0;192.0;265
7176;Millingen aan de Rijn;2022;7235;1659;4062;1514;5853;947;331;616;435;235;200;60;26;34;36;20;16;52;14;38;37;20;17;250;155;95;92.0;76.0;18.0;34.0;234.0;190.0;265
7177;Millingen aan de Rijn;2023;7279;1683;4071;1525;5880;943;328;615;456;245;211;60;26;34;37;22;15;57;18;39;39;20;19;263;159;104;98.0;80.0;20.0;27.0;225.0;200.0;265
7178;Millingen aan de Rijn;2024;7315;1706;4033;1576;5907;945;326;619;463;252;211;61;28;33;37;22;15;55;18;37;41;21;20;269;163;106;92.0;84.0;14.0;36.0;241.0;189.0;265
7179;Millingen aan de Rijn;2025;7353;1696;4049;1608;5924;950;328;622;479;258;221;61;28;33;38;23;15;61;20;41;43;22;21;276;165;111;;;;;;;265
7180;Moerdijk;2006;36762;8782;22859;5121;33630;1913;693;1220;1219;733;486;164;82;82;79;40;39;341;194;147;144;85;59;491;332;159;384.0;361.0;25.0;99.0;1219.0;1150.0;1709
7181;Moerdijk;2007;36783;8643;22953;5187;33611;1929;701;1228;1243;754;489;168;81;87;81;42;39;342;196;146;149;87;62;503;348;155;381.0;341.0;36.0;102.0;1110.0;1142.0;1709
7182;Moerdijk;2008;36725;8523;22904;5298;33479;1965;706;1259;1281;769;512;176;83;93;83;42;41;350;198;152;150;85;65;522;361;161;370.0;344.0;37.0;76.0;1116.0;1148.0;1709
7183;Moerdijk;2009;36681;8418;22787;5476;33389;1969;706;1263;1323;790;533;180;86;94;87;44;43;351;197;154;157;89;68;548;374;174;367.0;339.0;35.0;113.0;1131.0;1145.0;1709
7184;Moerdijk;2010;36619;8351;22627;5641;33280;1988;706;1282;1351;798;553;181;87;94;89;47;42;355;197;158;169;93;76;557;374;183;364.0;358.0;41.0;105.0;1143.0;1142.0;1709
7185;Moerdijk;2011;36571;8238;22539;5794;33174;1995;709;1286;1402;821;581;191;92;99;96;49;47;361;198;163;177;96;81;577;386;191;353.0;343.0;42.0;105.0;1126.0;1144.0;1709
7186;Moerdijk;2012;36502;8085;22318;6099;33045;2020;718;1302;1437;829;608;205;96;109;99;48;51;358;196;162;184;100;84;591;389;202;356.0;364.0;37.0;96.0;1142.0;1142.0;1709
7187;Moerdijk;2013;36438;7958;22104;6376;32930;2034;711;1323;1474;860;614;214;101;113;103;55;48;365;200;165;187;102;85;605;402;203;361.0;354.0;39.0;115.0;1147.0;1135.0;1709
7188;Moerdijk;2014;36387;7840;21908;6639;32837;2057;721;1336;1493;865;628;224;107;117;113;61;52;361;197;164;191;105;86;604;395;209;364.0;354.0;36.0;106.0;1144.0;1142.0;1709
7189;Moerdijk;2015;36331;7738;21722;6871;32736;2070;730;1340;1525;883;642;234;112;122;111;61;50;360;195;165;198;106;92;622;409;213;375.0;376.0;25.0;96.0;1154.0;1141.0;1709
7190;Moerdijk;2016;36274;7672;21551;7051;32636;2091;730;1361;1547;888;659;231;112;119;112;60;52;366;197;169;202;107;95;636;412;224;368.0;376.0;38.0;101.0;1164.0;1142.0;1709
7191;Moerdijk;2017;36228;7590;21411;7227;32557;2108;731;1377;1563;894;669;241;111;130;116;63;53;360;192;168;206;108;98;640;420;220;378.0;379.0;26.0;94.0;1155.0;1139.0;1709
7192;Moerdijk;2018;36179;7514;21272;7393;32456;2140;744;1396;1583;893;690;234;112;122;116;61;55;359;188;171;214;109;105;660;423;237;375.0;394.0;25.0;99.0;1177.0;1136.0;1709
7193;Moerdijk;2019;36129;7392;21211;7526;32361;2153;753;1400;1615;923;692;239;116;123;122;67;55;362;186;176;219;112;107;673;442;231;390.0;401.0;24.0;103.0;1167.0;1129.0;1709
7194;Moerdijk;2020;36081;7337;21119;7625;32274;2165;763;1402;1642;934;708;247;117;130;129;71;58;364;184;180;219;110;109;683;452;231;391.0;402.0;19.0;83.0;1166.0;1140.0;1709
7195;Moerdijk;2021;36039;7262;21031;7746;32180;2186;774;1412;1673;947;726;254;120;134;129;73;56;361;179;182;227;113;114;702;462;240;394.0;419.0;26.0;91.0;1173.0;1139.0;1709
7196;Moerdijk;2022;35988;7192;20903;7893;32105;2213;781;1432;1670;949;721;254;123;131;130;72;58;355;178;177;230;115;115;701;461;240;381.0;423.0;26.0;88.0;1173.0;1129.0;1709
7197;Moerdijk;2023;35935;7128;20830;7977;32004;2238;781;1457;1693;951;742;258;121;137;133;75;58;361;178;183;237;115;122;704;462;242;390.0;428.0;21.0;96.0;1187.0;1123.0;1709
7198;Moerdijk;2024;35894;7117;20688;8089;31924;2263;795;1468;1707;963;744;258;120;138;140;78;62;354;177;177;238;115;123;717;473;244;378.0;442.0;29.0;84.0;1206.0;1131.0;1709
7199;Moerdijk;2025;35855;7131;20523;8201;31846;2293;801;1492;1716;969;747;254;120;134;145;82;63;351;175;176;245;118;127;721;474;247;;;;;;;1709
7200;Montferland;2006;35476;8687;21333;5456;31467;3069;929;2140;940;593;347;82;36;46;36;16;20;293;153;140;17;7;10;512;381;131;342.0;301.0;97.0;95.0;1077.0;1069.0;1955
7201;Montferland;2007;35529;8579;21333;5617;31430;3099;948;2151;1000;635;365;88;40;48;41;19;22;303;160;143;22;10;12;546;406;140;325.0;303.0;110.0;110.0;1099.0;1084.0;1955
7202;Montferland;2008;35565;8491;21264;5810;31403;3111;970;2141;1051;668;383;94;45;49;44;21;23;308;164;144;25;11;14;580;427;153;334.0;322.0;145.0;117.0;1092.0;1106.0;1955
7203;Montferland;2009;35589;8431;21187;5971;31340;3156;1005;2151;1093;698;395;103;49;54;44;20;24;308;162;146;29;13;16;609;454;155;319.0;323.0;133.0;109.0;1112.0;1111.0;1955
7204;Montferland;2010;35608;8348;21099;6161;31277;3181;1029;2152;1150;738;412;111;55;56;53;24;29;307;162;145;33;15;18;646;482;164;298.0;305.0;127.0;121.0;1110.0;1102.0;1955
7205;Montferland;2011;35616;8244;21050;6322;31171;3240;1060;2180;1205;775;430;127;65;62;55;25;30;311;162;149;42;20;22;670;503;167;310.0;347.0;154.0;112.0;1142.0;1131.0;1955
7206;Montferland;2012;35634;8167;20884;6583;31097;3301;1094;2207;1236;799;437;125;68;57;58;29;29;318;161;157;45;22;23;690;519;171;317.0;322.0;158.0;124.0;1117.0;1128.0;1955
7207;Montferland;2013;35655;8061;20766;6828;31026;3343;1120;2223;1286;829;457;138;76;62;63;31;32;321;162;159;47;22;25;717;538;179;331.0;336.0;174.0;117.0;1119.0;1160.0;1955
7208;Montferland;2014;35669;8027;20570;7072;30981;3331;1137;2194;1357;873;484;155;86;69;65;35;30;332;166;166;50;23;27;755;563;192;335.0;354.0;168.0;135.0;1143.0;1162.0;1955
7209;Montferland;2015;35666;7967;20442;7257;30889;3372;1164;2208;1405;902;503;165;94;71;70;36;34;329;166;163;52;24;28;789;582;207;326.0;358.0;167.0;120.0;1132.0;1151.0;1955
7210;Montferland;2016;35664;7920;20324;7420;30786;3409;1205;2204;1469;945;524;184;107;77;81;45;36;329;164;165;54;23;31;821;606;215;354.0;389.0;172.0;115.0;1142.0;1167.0;1955
7211;Montferland;2017;35660;7878;20291;7491;30660;3453;1250;2203;1547;995;552;202;123;79;89;51;38;328;162;166;62;26;36;866;633;233;357.0;375.0;160.0;125.0;1154.0;1177.0;1955
7212;Montferland;2018;35656;7824;20204;7628;30533;3506;1290;2216;1617;1030;587;220;137;83;89;52;37;341;164;177;68;26;42;899;651;248;383.0;387.0;202.0;113.0;1110.0;1191.0;1955
7213;Montferland;2019;35663;7824;20156;7683;30398;3577;1339;2238;1688;1071;617;233;148;85;92;49;43;352;164;188;70;26;44;941;684;257;364.0;398.0;180.0;134.0;1163.0;1184.0;1955
7214;Montferland;2020;35657;7771;20087;7799;30301;3591;1362;2229;1765;1103;662;259;163;96;102;56;46;359;163;196;73;26;47;972;695;277;372.0;417.0;188.0;138.0;1167.0;1195.0;1955
7215;Montferland;2021;35635;7787;19971;7877;30192;3578;1388;2190;1865;1155;710;281;177;104;103;60;43;369;164;205;75;25;50;1037;729;308;387.0;411.0;189.0;121.0;1141.0;1199.0;1955
7216;Montferland;2022;35619;7810;19809;8000;30077;3601;1406;2195;1941;1199;742;304;190;114;111;64;47;368;161;207;79;25;54;1079;759;320;381.0;403.0;218.0;118.0;1098.0;1196.0;1955
7217;Montferland;2023;35603;7844;19680;8079;29900;3653;1435;2218;2050;1281;769;334;212;122;120;72;48;373;162;211;84;25;59;1139;810;329;419.0;417.0;199.0;117.0;1101.0;1193.0;1955
7218;Montferland;2024;35599;7885;19554;8160;29768;3706;1460;2246;2125;1323;802;362;230;132;121;71;50;372;157;215;87;25;62;1183;840;343;418.0;419.0;198.0;113.0;1093.0;1196.0;1955
7219;Montferland;2025;35584;7977;19353;8254;29645;3738;1500;2238;2201;1377;824;393;253;140;125;71;54;369;159;210;92;26;66;1222;868;354;;;;;;;1955
7220;Montfoort;2006;13401;3795;8179;1427;12273;689;226;463;439;251;188;59;27;32;42;21;21;63;34;29;87;42;45;188;127;61;159.0;76.0;18.0;41.0;332.0;416.0;335
7221;Montfoort;2007;13376;3750;8091;1535;12188;726;235;491;462;266;196;66;31;35;43;23;20;64;35;29;90;44;46;199;133;66;155.0;101.0;17.0;51.0;340.0;414.0;335
7222;Montfoort;2008;13319;3717;7987;1615;12097;750;247;503;472;272;200;69;34;35;42;23;19;64;35;29;88;43;45;209;137;72;137.0;94.0;22.0;42.0;347.0;409.0;335
7223;Montfoort;2009;13279;3642;7911;1726;12010;768;255;513;501;283;218;81;39;42;43;20;23;63;34;29;91;45;46;223;145;78;130.0;100.0;25.0;39.0;358.0;423.0;335
7224;Montfoort;2010;13229;3580;7826;1823;11919;791;270;521;519;291;228;88;42;46;44;21;23;59;32;27;94;43;51;234;153;81;145.0;91.0;22.0;40.0;333.0;410.0;335
7225;Montfoort;2011;13191;3498;7787;1906;11828;822;286;536;541;300;241;92;43;49;45;21;24;60;31;29;100;46;54;244;159;85;138.0;103.0;23.0;33.0;334.0;402.0;335
7226;Montfoort;2012;13152;3445;7648;2059;11750;844;291;553;558;300;258;96;45;51;49;21;28;62;33;29;101;44;57;250;157;93;128.0;116.0;34.0;39.0;352.0;395.0;335
7227;Montfoort;2013;13116;3406;7525;2185;11664;873;307;566;579;314;265;101;49;52;49;19;30;63;34;29;102;44;58;264;168;96;117.0;111.0;24.0;43.0;358.0;396.0;335
7228;Montfoort;2014;13064;3318;7463;2283;11567;899;310;589;598;328;270;106;53;53;44;17;27;66;36;30;103;44;59;279;178;101;116.0;111.0;27.0;40.0;356.0;402.0;335
7229;Montfoort;2015;13010;3252;7376;2382;11452;923;325;598;635;351;284;110;53;57;47;19;28;69;39;30;108;46;62;301;194;107;116.0;121.0;25.0;33.0;365.0;393.0;335
7230;Montfoort;2016;12972;3188;7336;2448;11345;961;346;615;666;376;290;112;56;56;47;21;26;74;41;33;117;49;68;316;209;107;116.0;114.0;20.0;30.0;367.0;401.0;335
7231;Montfoort;2017;12929;3096;7319;2514;11259;978;354;624;692;387;305;117;58;59;51;24;27;74;39;35;121;49;72;329;217;112;122.0;128.0;18.0;35.0;359.0;392.0;335
7232;Montfoort;2018;12874;3049;7248;2577;11149;1018;366;652;707;388;319;123;60;63;53;25;28;73;39;34;124;50;74;334;214;120;129.0;123.0;16.0;29.0;356.0;402.0;335
7233;Montfoort;2019;12819;2979;7196;2644;11057;1029;377;652;733;410;323;124;61;63;53;25;28;74;40;34;124;49;75;358;235;123;122.0;127.0;19.0;35.0;381.0;409.0;335
7234;Montfoort;2020;12770;2897;7163;2710;10965;1047;382;665;758;416;342;130;60;70;59;29;30;73;40;33;128;48;80;368;239;129;127.0;140.0;22.0;35.0;372.0;398.0;335
7235;Montfoort;2021;12718;2859;7119;2740;10879;1069;392;677;770;419;351;135;62;73;58;27;31;77;41;36;129;47;82;371;242;129;122.0;133.0;14.0;28.0;382.0;398.0;335
7236;Montfoort;2022;12677;2779;7096;2802;10784;1089;398;691;804;432;372;139;60;79;58;27;31;82;41;41;140;51;89;385;253;132;139.0;143.0;34.0;41.0;356.0;401.0;335
7237;Montfoort;2023;12620;2734;7035;2851;10694;1095;392;703;831;443;388;144;61;83;60;28;32;81;39;42;142;52;90;404;263;141;122.0;143.0;20.0;31.0;377.0;397.0;335
7238;Montfoort;2024;12570;2685;6978;2907;10578;1135;413;722;857;453;404;142;61;81;61;29;32;86;40;46;147;52;95;421;271;150;139.0;154.0;28.0;39.0;368.0;391.0;335
7239;Montfoort;2025;12520;2659;6896;2965;10478;1158;425;733;884;463;421;145;62;83;66;31;35;86;38;48;152;53;99;435;279;156;;;;;;;335
7240;Mook en Middelaar;2006;8051;1946;4755;1350;6926;859;281;578;266;150;116;24;6;18;30;15;15;10;6;4;16;10;6;186;113;73;63.0;70.0;20.0;24.0;480.0;405.0;944
7241;Mook en Middelaar;2007;8113;1944;4762;1407;6950;866;284;582;297;179;118;28;7;21;32;18;14;11;6;5;20;14;6;206;134;72;57.0;77.0;19.0;23.0;499.0;421.0;944
7242;Mook en Middelaar;2008;8168;1945;4758;1465;6980;879;288;591;309;189;120;28;7;21;30;16;14;15;7;8;25;18;7;211;141;70;59.0;76.0;13.0;30.0;504.0;411.0;944
7243;Mook en Middelaar;2009;8227;1928;4776;1523;6995;898;294;604;334;208;126;29;7;22;33;19;14;19;9;10;28;20;8;225;153;72;60.0;85.0;18.0;29.0;504.0;425.0;944
7244;Mook en Middelaar;2010;8270;1912;4771;1587;7014;912;295;617;344;214;130;28;7;21;34;19;15;19;9;10;27;19;8;236;160;76;56.0;77.0;17.0;25.0;515.0;432.0;944
7245;Mook en Middelaar;2011;8324;1868;4816;1640;7030;938;301;637;356;225;131;29;8;21;31;18;13;19;8;11;29;20;9;248;171;77;63.0;89.0;18.0;19.0;548.0;457.0;944
7246;Mook en Middelaar;2012;8390;1838;4820;1732;7047;965;307;658;378;237;141;32;10;22;37;23;14;26;11;15;31;21;10;252;172;80;59.0;91.0;17.0;21.0;527.0;459.0;944
7247;Mook en Middelaar;2013;8423;1787;4835;1801;7061;977;315;662;385;250;135;30;10;20;37;22;15;27;14;13;34;21;13;257;183;74;57.0;90.0;21.0;33.0;559.0;475.0;944
7248;Mook en Middelaar;2014;8463;1764;4826;1873;7079;998;323;675;386;250;136;29;10;19;37;21;16;26;13;13;34;21;13;260;185;75;65.0;86.0;16.0;27.0;533.0;462.0;944
7249;Mook en Middelaar;2015;8500;1736;4814;1950;7067;1036;337;699;397;257;140;33;13;20;37;21;16;25;11;14;39;24;15;263;188;75;56.0;100.0;20.0;26.0;554.0;465.0;944
7250;Mook en Middelaar;2016;8537;1699;4825;2013;7069;1061;340;721;407;265;142;32;12;20;37;21;16;27;11;16;42;24;18;269;197;72;66.0;96.0;18.0;27.0;551.0;481.0;944
7251;Mook en Middelaar;2017;8571;1665;4837;2069;7058;1085;340;745;428;270;158;33;11;22;40;22;18;29;11;18;46;23;23;280;203;77;65.0;105.0;27.0;26.0;552.0;491.0;944
7252;Mook en Middelaar;2018;8592;1639;4851;2102;7064;1088;345;743;440;273;167;38;13;25;39;20;19;35;15;20;49;23;26;279;202;77;78.0;118.0;17.0;25.0;570.0;500.0;944
7253;Mook en Middelaar;2019;8618;1617;4884;2117;7082;1087;340;747;449;274;175;41;14;27;41;21;20;31;14;17;50;23;27;286;202;84;71.0;111.0;23.0;21.0;550.0;489.0;944
7254;Mook en Middelaar;2020;8643;1600;4872;2171;7074;1112;352;760;457;276;181;40;13;27;40;21;19;38;16;22;48;21;27;291;205;86;72.0;116.0;19.0;28.0;557.0;487.0;944
7255;Mook en Middelaar;2021;8663;1573;4901;2189;7058;1126;358;768;479;287;192;42;14;28;45;25;20;43;18;25;48;20;28;301;210;91;80.0;125.0;14.0;31.0;556.0;474.0;944
7256;Mook en Middelaar;2022;8681;1569;4904;2208;7024;1150;363;787;507;302;205;43;13;30;44;22;22;45;17;28;48;20;28;327;230;97;78.0;121.0;17.0;27.0;555.0;488.0;944
7257;Mook en Middelaar;2023;8696;1564;4917;2215;7017;1163;375;788;516;302;214;43;14;29;45;21;24;46;16;30;52;19;33;330;232;98;79.0;112.0;15.0;24.0;541.0;486.0;944
7258;Mook en Middelaar;2024;8709;1565;4871;2273;6994;1188;391;797;527;305;222;44;12;32;41;19;22;47;15;32;52;18;34;343;241;102;91.0;117.0;28.0;15.0;525.0;488.0;944
7259;Mook en Middelaar;2025;8732;1578;4848;2306;6980;1192;394;798;560;318;242;49;15;34;44;20;24;57;17;40;54;16;38;356;250;106;;;;;;;944
7260;Moordrecht;2006;8153;2331;4822;1000;6538;1100;378;722;515;292;223;42;18;24;20;7;13;11;6;5;294;151;143;148;110;38;113.0;57.0;23.0;23.0;250.0;314.0;563
7261;Moordrecht;2007;8145;2321;4780;1044;6511;1108;373;735;526;301;225;48;22;26;23;9;14;12;6;6;282;144;138;161;120;41;101.0;65.0;16.0;22.0;262.0;314.0;563
7262;Moordrecht;2008;8124;2307;4736;1081;6480;1113;368;745;531;302;229;51;24;27;23;9;14;15;7;8;267;133;134;175;129;46;95.0;65.0;16.0;21.0;276.0;324.0;563
7263;Moordrecht;2009;8100;2276;4694;1130;6445;1116;360;756;539;311;228;49;21;28;24;10;14;19;9;10;260;133;127;187;138;49;94.0;68.0;14.0;22.0;273.0;312.0;563
7264;Moordrecht;2010;8078;2224;4694;1160;6402;1117;360;757;559;329;230;53;23;30;25;10;15;19;8;11;258;133;125;204;155;49;85.0;76.0;14.0;12.0;285.0;326.0;563
7265;Moordrecht;2011;8047;2189;4650;1208;6343;1130;354;776;574;332;242;57;24;33;22;10;12;24;11;13;254;124;130;217;163;54;83.0;66.0;21.0;25.0;270.0;305.0;563
7266;Moordrecht;2012;8024;2140;4582;1302;6281;1146;365;781;597;348;249;62;28;34;25;13;12;27;13;14;257;127;130;226;167;59;79.0;76.0;14.0;21.0;303.0;333.0;563
7267;Moordrecht;2013;7990;2082;4527;1381;6253;1139;353;786;598;347;251;64;28;36;26;17;9;29;14;15;249;124;125;230;164;66;80.0;68.0;16.0;13.0;273.0;318.0;563
7268;Moordrecht;2014;7958;2028;4488;1442;6207;1139;358;781;612;355;257;70;32;38;27;17;10;29;14;15;251;127;124;235;165;70;86.0;78.0;18.0;14.0;294.0;329.0;563
7269;Moordrecht;2015;7936;1989;4472;1475;6171;1149;361;788;616;351;265;78;36;42;31;20;11;32;15;17;241;123;118;234;157;77;86.0;70.0;21.0;19.0;268.0;324.0;563
7270;Moordrecht;2016;7900;1956;4422;1522;6123;1156;362;794;621;358;263;80;37;43;35;24;11;34;15;19;241;127;114;231;155;76;77.0;86.0;16.0;26.0;296.0;307.0;563
7271;Moordrecht;2017;7869;1922;4377;1570;6062;1160;372;788;647;373;274;82;40;42;39;25;14;36;15;21;238;126;112;252;167;85;80.0;84.0;21.0;14.0;280.0;319.0;563
7272;Moordrecht;2018;7836;1890;4341;1605;6008;1164;387;777;664;378;286;82;40;42;41;26;15;40;16;24;236;122;114;265;174;91;74.0;76.0;13.0;24.0;298.0;317.0;563
7273;Moordrecht;2019;7804;1838;4308;1658;5943;1173;397;776;688;392;296;87;40;47;37;24;13;42;17;25;239;125;114;283;186;97;78.0;80.0;10.0;23.0;287.0;305.0;563
7274;Moordrecht;2020;7772;1789;4284;1699;5871;1199;408;791;702;395;307;90;41;49;36;23;13;46;19;27;240;125;115;290;187;103;79.0;74.0;15.0;22.0;285.0;326.0;563
7275;Moordrecht;2021;7732;1747;4202;1783;5825;1198;410;788;709;396;313;89;40;49;41;25;16;48;20;28;230;121;109;301;190;111;73.0;79.0;16.0;17.0;281.0;320.0;563
7276;Moordrecht;2022;7688;1705;4151;1832;5764;1196;408;788;728;405;323;93;46;47;39;24;15;57;22;35;223;116;107;316;197;119;87.0;81.0;13.0;14.0;271.0;313.0;563
7277;Moordrecht;2023;7653;1691;4109;1853;5708;1207;404;803;738;419;319;95;49;46;40;25;15;56;22;34;218;114;104;329;209;120;84.0;92.0;16.0;18.0;271.0;300.0;563
7278;Moordrecht;2024;7613;1666;4043;1904;5671;1210;405;805;732;409;323;94;48;46;42;27;15;57;21;36;215;111;104;324;202;122;88.0;85.0;7.0;19.0;282.0;313.0;563
7279;Moordrecht;2025;7574;1641;3996;1937;5625;1205;401;804;744;420;324;97;49;48;44;28;16;62;24;38;207;106;101;334;213;121;;;;;;;563
7280;Muiden;2006;6600;1671;3911;1018;5532;710;242;468;358;189;169;60;29;31;29;12;17;28;16;12;59;26;33;182;106;76;56.0;54.0;27.0;41.0;276.0;288.0;424
7281;Muiden;2007;6575;1651;3898;1026;5460;744;253;491;371;194;177;64;31;33;35;16;19;29;15;14;59;28;31;184;104;80;60.0;58.0;49.0;38.0;257.0;293.0;424
7282;Muiden;2008;6554;1628;3870;1056;5405;761;259;502;388;212;176;64;32;32;35;16;19;31;16;15;60;30;30;198;118;80;44.0;57.0;41.0;48.0;286.0;293.0;424
7283;Muiden;2009;6528;1608;3831;1089;5337;782;277;505;409;218;191;68;33;35;35;15;20;35;16;19;60;31;29;211;123;88;40.0;57.0;50.0;49.0;283.0;294.0;424
7284;Muiden;2010;6501;1569;3802;1130;5268;797;282;515;436;228;208;69;33;36;37;15;22;38;17;21;63;32;31;229;131;98;42.0;69.0;58.0;54.0;288.0;297.0;424
7285;Muiden;2011;6470;1546;3773;1151;5196;814;301;513;460;241;219;76;34;42;36;14;22;40;18;22;58;31;27;250;144;106;42.0;62.0;65.0;47.0;270.0;304.0;424
7286;Muiden;2012;6435;1538;3701;1196;5131;823;308;515;481;253;228;81;35;46;40;18;22;40;18;22;58;31;27;262;151;111;45.0;56.0;80.0;65.0;277.0;307.0;424
7287;Muiden;2013;6410;1527;3642;1241;5050;864;327;537;496;257;239;87;38;49;38;18;20;39;16;23;53;29;24;279;156;123;42.0;65.0;80.0;63.0;279.0;304.0;424
7288;Muiden;2014;6379;1495;3594;1290;4965;895;355;540;519;271;248;94;38;56;36;17;19;37;16;21;51;26;25;301;174;127;48.0;62.0;86.0;62.0;270.0;321.0;424
7289;Muiden;2015;6337;1487;3535;1315;4902;905;366;539;530;283;247;98;41;57;35;17;18;40;18;22;52;28;24;305;179;126;45.0;68.0;77.0;59.0;291.0;314.0;424
7290;Muiden;2016;6310;1461;3497;1352;4833;912;370;542;565;309;256;98;41;57;38;20;18;42;19;23;55;28;27;332;201;131;52.0;68.0;68.0;67.0;303.0;330.0;424
7291;Muiden;2017;6268;1437;3439;1392;4757;932;382;550;579;322;257;99;45;54;40;21;19;43;19;24;59;30;29;338;207;131;45.0;63.0;71.0;55.0;288.0;322.0;424
7292;Muiden;2018;6232;1413;3413;1406;4679;950;393;557;603;338;265;104;47;57;39;22;17;45;21;24;61;31;30;354;217;137;53.0;67.0;81.0;55.0;274.0;318.0;424
7293;Muiden;2019;6199;1399;3374;1426;4600;974;420;554;625;346;279;103;47;56;39;20;19;46;22;24;63;32;31;374;225;149;49.0;66.0;80.0;69.0;300.0;330.0;424
7294;Muiden;2020;6164;1384;3330;1450;4519;1001;438;563;644;354;290;105;47;58;41;20;21;49;22;27;68;37;31;381;228;153;53.0;65.0;96.0;67.0;280.0;330.0;424
7295;Muiden;2021;6131;1377;3285;1469;4426;1019;447;572;686;378;308;111;48;63;45;22;23;53;23;30;83;52;31;394;233;161;62.0;70.0;110.0;70.0;254.0;322.0;424
7296;Muiden;2022;6097;1391;3205;1501;4342;1028;458;570;727;405;322;110;49;61;46;24;22;59;25;34;100;65;35;412;242;170;55.0;79.0;115.0;66.0;276.0;336.0;424
7297;Muiden;2023;6064;1412;3141;1511;4252;1048;482;566;764;433;331;116;53;63;47;26;21;57;23;34;122;84;38;422;247;175;58.0;74.0;122.0;62.0;263.0;338.0;424
7298;Muiden;2024;6033;1433;3093;1507;4184;1075;504;571;774;443;331;116;56;60;47;26;21;59;22;37;142;103;39;410;236;174;53.0;89.0;127.0;65.0;281.0;332.0;424
7299;Muiden;2025;6007;1447;3076;1484;4102;1079;517;562;826;489;337;123;59;64;48;26;22;60;23;37;168;132;36;427;249;178;;;;;;;424
7300;Naarden;2006;16856;4334;9338;3184;13765;2078;737;1341;1013;560;453;103;46;57;79;28;51;42;22;20;302;162;140;487;302;185;143.0;154.0;101.0;113.0;777.0;809.0;425
7301;Naarden;2007;16803;4267;9330;3206;13672;2108;753;1355;1023;565;458;110;48;62;78;23;55;47;29;18;300;161;139;488;304;184;151.0;156.0;102.0;130.0;785.0;812.0;425
7302;Naarden;2008;16745;4212;9308;3225;13584;2113;748;1365;1048;582;466;117;50;67;79;24;55;52;32;20;298;158;140;502;318;184;146.0;169.0;125.0;121.0;801.0;823.0;425
7303;Naarden;2009;16706;4119;9300;3287;13488;2141;758;1383;1077;597;480;129;56;73;78;27;51;53;30;23;300;156;144;517;328;189;132.0;155.0;114.0;124.0;777.0;819.0;425
7304;Naarden;2010;16633;4039;9248;3346;13366;2168;767;1401;1099;594;505;135;55;80;76;29;47;54;31;23;303;153;150;531;326;205;154.0;158.0;120.0;130.0;762.0;818.0;425
7305;Naarden;2011;16565;3941;9227;3397;13239;2195;787;1408;1131;618;513;134;56;78;75;30;45;60;35;25;305;153;152;557;344;213;138.0;156.0;116.0;141.0;806.0;823.0;425
7306;Naarden;2012;16505;3861;9132;3512;13134;2215;793;1422;1156;635;521;141;59;82;76;33;43;62;39;23;310;153;157;567;351;216;145.0;170.0;117.0;110.0;805.0;844.0;425
7307;Naarden;2013;16448;3785;9064;3599;13006;2267;830;1437;1175;649;526;142;62;80;79;36;43;65;41;24;306;147;159;583;363;220;143.0;163.0;122.0;130.0;816.0;861.0;425
7308;Naarden;2014;16376;3704;8960;3712;12888;2293;853;1440;1195;662;533;145;64;81;86;41;45;64;40;24;299;140;159;601;377;224;127.0;155.0;123.0;144.0;827.0;843.0;425
7309;Naarden;2015;16314;3603;8909;3802;12784;2309;868;1441;1221;667;554;160;72;88;93;44;49;69;42;27;294;141;153;605;368;237;146.0;153.0;106.0;136.0;821.0;846.0;425
7310;Naarden;2016;16250;3514;8887;3849;12653;2335;882;1453;1262;679;583;161;71;90;96;44;52;73;42;31;303;142;161;629;380;249;133.0;165.0;114.0;116.0;833.0;856.0;425
7311;Naarden;2017;16193;3427;8890;3876;12529;2385;920;1465;1279;682;597;166;73;93;102;48;54;70;40;30;303;142;161;638;379;259;151.0;167.0;135.0;143.0;844.0;873.0;425
7312;Naarden;2018;16137;3352;8849;3936;12432;2432;939;1493;1273;670;603;167;72;95;101;47;54;66;37;29;305;140;165;634;374;260;146.0;165.0;122.0;132.0;839.0;873.0;425
7313;Naarden;2019;16074;3267;8836;3971;12329;2432;943;1489;1313;686;627;174;80;94;111;49;62;70;39;31;307;141;166;651;377;274;160.0;170.0;114.0;123.0;822.0;859.0;425
7314;Naarden;2020;16016;3178;8805;4033;12194;2473;969;1504;1349;696;653;186;82;104;106;47;59;74;40;34;312;141;171;671;386;285;170.0;171.0;142.0;121.0;816.0;872.0;425
7315;Naarden;2021;15981;3133;8792;4056;12071;2536;1009;1527;1374;702;672;188;79;109;107;46;61;74;39;35;310;142;168;695;396;299;169.0;171.0;136.0;155.0;849.0;871.0;425
7316;Naarden;2022;15941;3075;8785;4081;12015;2539;1008;1531;1387;701;686;189;74;115;111;49;62;74;37;37;310;140;170;703;401;302;157.0;172.0;151.0;117.0;802.0;884.0;425
7317;Naarden;2023;15881;3074;8702;4105;11854;2609;1048;1561;1418;721;697;192;74;118;112;48;64;79;40;39;303;139;164;732;420;312;148.0;180.0;146.0;127.0;839.0;858.0;425
7318;Naarden;2024;15849;3063;8629;4157;11740;2643;1076;1567;1466;743;723;196;74;122;117;49;68;83;39;44;300;135;165;770;446;324;160.0;176.0;156.0;133.0;821.0;869.0;425
7319;Naarden;2025;15807;3095;8528;4184;11631;2678;1085;1593;1498;768;730;192;75;117;117;49;68;85;40;45;312;141;171;792;463;329;;;;;;;425
7320;Neder-Betuwe;2006;22323;7059;12761;2503;20864;1012;311;701;447;257;190;49;22;27;11;8;3;32;14;18;177;90;87;178;123;55;363.0;174.0;33.0;49.0;453.0;668.0;1740
7321;Neder-Betuwe;2007;22283;7044;12721;2518;20760;1039;316;723;484;274;210;48;21;27;15;10;5;35;16;19;180;88;92;206;139;67;341.0;174.0;32.0;42.0;457.0;655.0;1740
7322;Neder-Betuwe;2008;22242;6983;12688;2571;20650;1060;316;744;532;301;231;55;23;32;18;11;7;40;20;20;179;86;93;240;161;79;365.0;171.0;31.0;47.0;443.0;663.0;1740
7323;Neder-Betuwe;2009;22200;6959;12616;2625;20546;1075;322;753;579;314;265;58;24;34;18;10;8;48;22;26;182;84;98;273;174;99;323.0;177.0;32.0;44.0;471.0;657.0;1740
7324;Neder-Betuwe;2010;22150;6898;12584;2668;20428;1098;327;771;624;334;290;61;26;35;18;10;8;53;22;31;190;85;105;302;191;111;327.0;184.0;31.0;50.0;472.0;661.0;1740
7325;Neder-Betuwe;2011;22085;6827;12511;2747;20304;1118;330;788;663;345;318;70;29;41;20;13;7;55;21;34;197;86;111;321;196;125;315.0;176.0;37.0;39.0;468.0;654.0;1740
7326;Neder-Betuwe;2012;22037;6731;12385;2921;20207;1134;327;807;696;355;341;76;32;44;25;16;9;58;23;35;202;86;116;335;198;137;333.0;189.0;45.0;53.0;459.0;656.0;1740
7327;Neder-Betuwe;2013;21979;6708;12218;3053;20079;1167;339;828;733;357;376;79;32;47;27;16;11;68;25;43;204;82;122;355;202;153;320.0;189.0;27.0;42.0;478.0;663.0;1740
7328;Neder-Betuwe;2014;21912;6628;12177;3107;19962;1193;350;843;757;372;385;78;31;47;28;17;11;69;24;45;206;81;125;376;219;157;331.0;185.0;49.0;52.0;446.0;657.0;1740
7329;Neder-Betuwe;2015;21844;6574;12064;3206;19871;1204;358;846;769;366;403;78;31;47;26;12;14;73;24;49;210;81;129;382;218;164;301.0;190.0;32.0;53.0;502.0;658.0;1740
7330;Neder-Betuwe;2016;21776;6490;11992;3294;19774;1235;377;858;767;356;411;80;31;49;27;13;14;75;23;52;210;80;130;375;209;166;337.0;199.0;38.0;36.0;450.0;641.0;1740
7331;Neder-Betuwe;2017;21726;6485;11874;3367;19674;1248;383;865;804;368;436;82;31;51;30;14;16;78;22;56;219;80;139;395;221;174;324.0;200.0;44.0;51.0;483.0;658.0;1740
7332;Neder-Betuwe;2018;21671;6431;11805;3435;19589;1254;385;869;828;382;446;83;31;52;30;14;16;86;26;60;219;77;142;410;234;176;347.0;196.0;24.0;49.0;480.0;653.0;1740
7333;Neder-Betuwe;2019;21625;6393;11701;3531;19493;1269;382;887;863;405;458;87;32;55;39;20;19;90;26;64;219;79;140;428;248;180;325.0;196.0;39.0;40.0;467.0;648.0;1740
7334;Neder-Betuwe;2020;21575;6306;11658;3611;19407;1278;401;877;890;420;470;89;35;54;39;21;18;93;27;66;222;81;141;447;256;191;340.0;219.0;34.0;46.0;487.0;650.0;1740
7335;Neder-Betuwe;2021;21519;6318;11552;3649;19309;1286;407;879;924;442;482;92;36;56;47;26;21;95;30;65;220;78;142;470;272;198;329.0;193.0;30.0;48.0;482.0;652.0;1740
7336;Neder-Betuwe;2022;21466;6272;11460;3734;19228;1299;421;878;939;441;498;93;35;58;51;29;22;93;30;63;223;76;147;479;271;208;336.0;199.0;37.0;47.0;451.0;634.0;1740
7337;Neder-Betuwe;2023;21411;6269;11360;3782;19125;1340;432;908;946;444;502;92;35;57;51;30;21;95;29;66;223;75;148;485;275;210;337.0;208.0;28.0;40.0;483.0;640.0;1740
7338;Neder-Betuwe;2024;21368;6262;11263;3843;19040;1349;435;914;979;463;516;94;35;59;57;35;22;102;31;71;226;73;153;500;289;211;351.0;213.0;39.0;48.0;467.0;644.0;1740
7339;Neder-Betuwe;2025;21320;6270;11121;3929;18948;1373;436;937;999;465;534;97;34;63;58;37;21;102;30;72;222;69;153;520;295;225;;;;;;;1740
7340;Nederlek;2006;14833;3781;8759;2293;13616;819;290;529;398;244;154;60;32;28;30;8;22;21;11;10;61;31;30;226;162;64;148.0;133.0;22.0;39.0;450.0;460.0;643
7341;Nederlek;2007;14824;3744;8718;2362;13557;847;296;551;420;249;171;65;35;30;34;9;25;22;9;13;63;31;32;236;165;71;147.0;130.0;27.0;30.0;419.0;447.0;643
7342;Nederlek;2008;14810;3725;8682;2403;13476;885;311;574;449;262;187;70;36;34;36;10;26;22;8;14;77;41;36;244;167;77;133.0;128.0;18.0;33.0;437.0;452.0;643
7343;Nederlek;2009;14785;3646;8651;2488;13378;916;319;597;491;287;204;76;41;35;39;13;26;26;10;16;87;45;42;263;178;85;141.0;138.0;22.0;33.0;445.0;457.0;643
7344;Nederlek;2010;14764;3585;8596;2583;13306;926;321;605;532;313;219;82;45;37;46;16;30;27;10;17;96;50;46;281;192;89;125.0;137.0;26.0;40.0;449.0;438.0;643
7345;Nederlek;2011;14749;3537;8551;2661;13205;958;335;623;586;341;245;89;46;43;52;18;34;32;11;21;104;55;49;309;211;98;134.0;143.0;25.0;38.0;457.0;457.0;643
7346;Nederlek;2012;14728;3489;8448;2791;13130;987;349;638;611;346;265;93;47;46;52;22;30;35;11;24;110;56;54;321;210;111;127.0;139.0;24.0;40.0;462.0;463.0;643
7347;Nederlek;2013;14703;3444;8349;2910;13052;1019;363;656;632;349;283;104;52;52;57;23;34;37;11;26;118;57;61;316;206;110;110.0;150.0;25.0;38.0;474.0;446.0;643
7348;Nederlek;2014;14679;3398;8272;3009;12942;1076;381;695;661;360;301;108;51;57;59;24;35;42;13;29;119;56;63;333;216;117;124.0;155.0;20.0;44.0;484.0;452.0;643
7349;Nederlek;2015;14654;3340;8225;3089;12872;1102;392;710;680;366;314;108;52;56;59;23;36;42;14;28;128;60;68;343;217;126;128.0;163.0;25.0;41.0;471.0;445.0;643
7350;Nederlek;2016;14630;3282;8191;3157;12787;1125;409;716;718;392;326;107;52;55;62;26;36;47;18;29;133;62;71;369;234;135;125.0;158.0;27.0;40.0;468.0;451.0;643
7351;Nederlek;2017;14603;3240;8150;3213;12689;1160;418;742;754;410;344;113;54;59;62;27;35;53;22;31;137;62;75;389;245;144;122.0;153.0;28.0;36.0;453.0;450.0;643
7352;Nederlek;2018;14567;3181;8101;3285;12578;1196;424;772;793;431;362;117;55;62;64;29;35;55;22;33;142;63;79;415;262;153;134.0;170.0;43.0;22.0;448.0;457.0;643
7353;Nederlek;2019;14545;3143;8050;3352;12493;1226;431;795;826;452;374;118;55;63;67;31;36;56;21;35;149;65;84;436;280;156;133.0;157.0;21.0;40.0;485.0;454.0;643
7354;Nederlek;2020;14534;3101;8046;3387;12426;1252;439;813;856;465;391;128;62;66;71;31;40;60;21;39;153;64;89;444;287;157;134.0;166.0;31.0;30.0;455.0;447.0;643
7355;Nederlek;2021;14514;3052;8016;3446;12335;1283;451;832;896;487;409;126;63;63;76;33;43;67;23;44;161;67;94;466;301;165;134.0;168.0;16.0;30.0;451.0;437.0;643
7356;Nederlek;2022;14480;3013;7953;3514;12256;1303;457;846;921;504;417;124;61;63;78;37;41;73;26;47;162;65;97;484;315;169;136.0;172.0;27.0;47.0;488.0;445.0;643
7357;Nederlek;2023;14469;3006;7876;3587;12170;1330;463;867;969;529;440;135;67;68;81;39;42;76;25;51;164;66;98;513;332;181;147.0;167.0;21.0;32.0;449.0;455.0;643
7358;Nederlek;2024;14437;2976;7814;3647;12079;1350;477;873;1008;558;450;143;72;71;81;39;42;80;27;53;166;71;95;538;349;189;142.0;185.0;19.0;30.0;470.0;447.0;643
7359;Nederlek;2025;14407;2948;7763;3696;12005;1369;483;886;1033;567;466;151;73;78;80;39;41;79;28;51;168;70;98;555;357;198;;;;;;;643
7360;Nederweert;2006;16733;4122;10194;2417;15631;873;238;635;229;146;83;6;4;2;31;11;20;5;4;1;28;10;18;159;117;42;142.0;111.0;18.0;57.0;506.0;378.0;946
7361;Nederweert;2007;16853;4070;10262;2521;15705;899;250;649;249;158;91;8;5;3;36;12;24;6;4;2;31;12;19;168;125;43;143.0;125.0;29.0;54.0;451.0;381.0;946
7362;Nederweert;2008;16917;3964;10338;2615;15714;923;257;666;280;177;103;11;6;5;36;13;23;7;4;3;39;16;23;187;138;49;140.0;117.0;38.0;79.0;464.0;389.0;946
7363;Nederweert;2009;16978;3882;10384;2712;15728;951;271;680;299;189;110;11;7;4;37;15;22;9;4;5;48;20;28;194;143;51;156.0;135.0;39.0;66.0;443.0;388.0;946
7364;Nederweert;2010;17030;3800;10414;2816;15721;987;284;703;322;194;128;14;8;6;37;13;24;9;4;5;53;21;32;209;148;61;144.0;145.0;34.0;63.0;478.0;401.0;946
7365;Nederweert;2011;17079;3699;10459;2921;15724;1003;295;708;352;212;140;17;10;7;40;13;27;12;6;6;60;23;37;223;160;63;146.0;128.0;45.0;59.0;444.0;392.0;946
7366;Nederweert;2012;17138;3630;10465;3043;15735;1021;312;709;382;227;155;20;12;8;43;15;28;15;7;8;62;25;37;242;168;74;154.0;150.0;44.0;68.0;472.0;399.0;946
7367;Nederweert;2013;17192;3579;10432;3181;15748;1037;332;705;407;237;170;23;14;9;44;16;28;15;7;8;69;26;43;256;174;82;166.0;147.0;53.0;61.0;443.0;401.0;946
7368;Nederweert;2014;17247;3517;10432;3298;15742;1070;351;719;435;253;182;25;15;10;47;16;31;17;7;10;73;28;45;273;187;86;164.0;157.0;54.0;74.0;459.0;408.0;946
7369;Nederweert;2015;17287;3474;10384;3429;15737;1104;374;730;446;259;187;27;17;10;48;17;31;18;7;11;72;27;45;281;191;90;168.0;164.0;41.0;68.0;469.0;407.0;946
7370;Nederweert;2016;17326;3440;10341;3545;15728;1131;385;746;467;271;196;32;20;12;49;16;33;22;9;13;73;27;46;291;199;92;183.0;166.0;38.0;73.0;468.0;412.0;946
7371;Nederweert;2017;17366;3394;10298;3674;15724;1155;395;760;487;276;211;35;22;13;49;15;34;25;10;15;76;25;51;302;204;98;189.0;171.0;38.0;72.0;463.0;415.0;946
7372;Nederweert;2018;17402;3380;10239;3783;15730;1175;407;768;497;276;221;36;23;13;51;15;36;27;11;16;78;25;53;305;202;103;197.0;177.0;32.0;77.0;466.0;400.0;946
7373;Nederweert;2019;17442;3350;10222;3870;15722;1195;420;775;525;279;246;39;22;17;53;15;38;28;11;17;86;27;59;319;204;115;200.0;183.0;44.0;77.0;446.0;404.0;946
7374;Nederweert;2020;17470;3353;10162;3955;15687;1227;424;803;556;290;266;42;23;19;56;16;40;32;12;20;92;30;62;334;209;125;191.0;189.0;45.0;74.0;457.0;407.0;946
7375;Nederweert;2021;17494;3364;10045;4085;15676;1230;427;803;588;309;279;42;23;19;62;20;42;31;12;19;105;37;68;348;217;131;204.0;197.0;56.0;79.0;444.0;411.0;946
7376;Nederweert;2022;17513;3378;9986;4149;15648;1243;433;810;622;337;285;41;24;17;63;22;41;34;13;21;114;41;73;370;237;133;205.0;182.0;51.0;82.0;425.0;396.0;946
7377;Nederweert;2023;17536;3413;9867;4256;15614;1276;450;826;646;347;299;48;26;22;65;25;40;34;12;22;121;47;74;378;237;141;214.0;205.0;50.0;76.0;428.0;398.0;946
7378;Nederweert;2024;17548;3472;9773;4303;15579;1304;465;839;665;356;309;48;24;24;65;26;39;32;11;21;137;58;79;383;237;146;219.0;208.0;64.0;87.0;418.0;393.0;946
7379;Nederweert;2025;17562;3545;9625;4392;15542;1329;484;845;691;372;319;49;23;26;65;25;40;33;11;22;148;67;81;396;246;150;;;;;;;946
7380;Neerijnen;2006;11768;3275;7018;1475;10972;486;145;341;310;173;137;22;9;13;15;8;7;13;6;7;106;57;49;154;93;61;172.0;87.0;19.0;28.0;440.0;447.0;304
7381;Neerijnen;2007;11837;3272;7044;1521;10993;524;162;362;320;184;136;23;10;13;16;8;8;15;7;8;108;58;50;158;101;57;181.0;105.0;27.0;32.0;394.0;444.0;304
7382;Neerijnen;2008;11863;3296;7012;1555;10978;535;167;368;350;204;146;30;13;17;19;12;7;20;8;12;110;59;51;171;112;59;170.0;90.0;24.0;25.0;398.0;447.0;304
7383;Neerijnen;2009;11893;3304;6988;1601;10958;563;168;395;372;215;157;34;15;19;20;12;8;24;9;15;111;57;54;183;122;61;164.0;93.0;30.0;25.0;397.0;458.0;304
7384;Neerijnen;2010;11909;3329;6920;1660;10923;589;176;413;397;232;165;37;16;21;24;13;11;25;9;16;111;58;53;200;136;64;163.0;100.0;21.0;28.0;420.0;460.0;304
7385;Neerijnen;2011;11927;3338;6881;1708;10891;617;194;423;419;240;179;37;15;22;25;13;12;26;10;16;116;59;57;215;143;72;166.0;93.0;27.0;34.0;400.0;451.0;304
7386;Neerijnen;2012;11942;3355;6803;1784;10854;650;197;453;438;249;189;38;15;23;26;14;12;33;10;23;116;60;56;225;150;75;151.0;92.0;25.0;28.0;421.0;457.0;304
7387;Neerijnen;2013;11963;3337;6758;1868;10817;676;208;468;470;263;207;39;16;23;24;14;10;36;10;26;120;59;61;251;164;87;161.0;103.0;23.0;30.0;402.0;458.0;304
7388;Neerijnen;2014;11962;3309;6729;1924;10777;689;219;470;496;279;217;45;18;27;25;16;9;36;11;25;120;59;61;270;175;95;167.0;96.0;29.0;23.0;378.0;449.0;304
7389;Neerijnen;2015;11972;3301;6700;1971;10744;708;229;479;520;290;230;48;20;28;28;16;12;41;12;29;121;60;61;282;182;100;166.0;90.0;27.0;23.0;400.0;471.0;304
7390;Neerijnen;2016;11980;3327;6655;1998;10711;734;241;493;535;297;238;49;22;27;35;21;14;44;11;33;120;58;62;287;185;102;170.0;97.0;23.0;29.0;389.0;456.0;304
7391;Neerijnen;2017;11981;3319;6609;2053;10680;756;261;495;545;308;237;52;25;27;35;20;15;47;13;34;116;56;60;295;194;101;178.0;105.0;17.0;24.0;406.0;462.0;304
7392;Neerijnen;2018;11991;3307;6604;2080;10639;786;271;515;566;318;248;57;26;31;34;20;14;52;16;36;116;54;62;307;202;105;168.0;111.0;27.0;32.0;416.0;471.0;304
7393;Neerijnen;2019;11989;3308;6578;2103;10609;804;282;522;576;323;253;60;30;30;35;20;15;52;15;37;113;51;62;316;207;109;166.0;102.0;23.0;36.0;424.0;477.0;304
7394;Neerijnen;2020;11987;3274;6579;2134;10579;814;280;534;594;334;260;57;30;27;40;20;20;53;14;39;114;50;64;330;220;110;169.0;107.0;15.0;25.0;411.0;466.0;304
7395;Neerijnen;2021;11983;3249;6569;2165;10537;832;281;551;614;345;269;59;30;29;44;23;21;55;15;40;113;48;65;343;229;114;174.0;119.0;17.0;19.0;419.0;480.0;304
7396;Neerijnen;2022;11973;3210;6580;2183;10514;832;278;554;627;353;274;61;32;29;44;24;20;56;14;42;114;49;65;352;234;118;172.0;118.0;22.0;27.0;414.0;469.0;304
7397;Neerijnen;2023;11967;3202;6564;2201;10477;838;280;558;652;372;280;69;39;30;46;26;20;63;16;47;112;48;64;362;243;119;180.0;99.0;25.0;23.0;388.0;477.0;304
7398;Neerijnen;2024;11963;3157;6587;2219;10424;855;286;569;684;396;288;71;41;30;55;34;21;67;16;51;108;48;60;383;257;126;179.0;106.0;26.0;29.0;397.0;474.0;304
7399;Neerijnen;2025;11956;3144;6577;2235;10370;868;292;576;718;415;303;70;37;33;64;42;22;73;20;53;110;49;61;401;267;134;;;;;;;304
7400;Niedorp;2006;12081;3211;7396;1474;11168;614;228;386;299;184;115;31;16;15;31;18;13;15;6;9;19;8;11;203;136;67;119.0;91.0;20.0;39.0;476.0;413.0;412
7401;Niedorp;2007;12154;3191;7402;1561;11183;644;232;412;327;205;122;34;17;17;32;18;14;16;6;10;20;10;10;225;154;71;124.0;91.0;12.0;27.0;431.0;410.0;412
7402;Niedorp;2008;12189;3155;7394;1640;11150;677;248;429;362;220;142;41;19;22;31;18;13;22;8;14;28;12;16;240;163;77;130.0;99.0;24.0;28.0;426.0;413.0;412
7403;Niedorp;2009;12230;3147;7367;1716;11129;698;255;443;403;241;162;52;25;27;34;18;16;27;9;18;32;14;18;258;175;83;121.0;98.0;20.0;32.0;424.0;411.0;412
7404;Niedorp;2010;12254;3109;7345;1800;11099;730;262;468;425;248;177;54;27;27;32;16;16;29;11;18;33;13;20;277;181;96;120.0;103.0;19.0;34.0;423.0;407.0;412
7405;Niedorp;2011;12271;3082;7315;1874;11061;745;274;471;465;269;196;56;28;28;38;21;17;31;12;19;39;14;25;301;194;107;118.0;100.0;28.0;31.0;435.0;416.0;412
7406;Niedorp;2012;12304;3067;7231;2006;11021;793;293;500;490;290;200;57;29;28;41;22;19;33;13;20;40;15;25;319;211;108;119.0;102.0;23.0;22.0;421.0;414.0;412
7407;Niedorp;2013;12326;3016;7187;2123;10963;828;297;531;535;311;224;61;29;32;46;23;23;37;15;22;46;18;28;345;226;119;109.0;110.0;24.0;36.0;454.0;410.0;412
7408;Niedorp;2014;12354;2989;7132;2233;10918;868;308;560;568;330;238;66;31;35;50;24;26;42;18;24;50;19;31;360;238;122;110.0;118.0;24.0;30.0;449.0;425.0;412
7409;Niedorp;2015;12363;2968;7054;2341;10886;887;316;571;590;332;258;78;37;41;55;28;27;43;17;26;52;20;32;362;230;132;118.0;126.0;25.0;32.0;447.0;417.0;412
7410;Niedorp;2016;12378;2939;7024;2415;10845;915;327;588;618;339;279;86;40;46;61;33;28;48;18;30;57;20;37;366;228;138;119.0;115.0;19.0;27.0;437.0;423.0;412
7411;Niedorp;2017;12386;2929;6970;2487;10785;950;334;616;651;352;299;96;41;55;65;36;29;52;19;33;62;22;40;376;234;142;117.0;122.0;14.0;22.0;461.0;427.0;412
7412;Niedorp;2018;12409;2880;6972;2557;10762;967;347;620;680;366;314;99;41;58;69;40;29;56;18;38;63;23;40;393;244;149;128.0;113.0;23.0;24.0;426.0;426.0;412
7413;Niedorp;2019;12422;2867;6942;2613;10715;1001;365;636;706;378;328;105;46;59;73;41;32;60;18;42;68;24;44;400;249;151;112.0;141.0;19.0;36.0;485.0;425.0;412
7414;Niedorp;2020;12435;2844;6906;2685;10684;1021;373;648;730;386;344;111;49;62;75;42;33;62;20;42;73;25;48;409;250;159;135.0;136.0;30.0;30.0;457.0;433.0;412
7415;Niedorp;2021;12457;2814;6881;2762;10624;1064;392;672;769;413;356;118;51;67;77;44;33;64;20;44;80;27;53;430;271;159;127.0;137.0;29.0;24.0;455.0;444.0;412
7416;Niedorp;2022;12461;2786;6849;2826;10571;1099;409;690;791;418;373;126;51;75;82;46;36;65;22;43;84;28;56;434;271;163;130.0;133.0;29.0;36.0;454.0;429.0;412
7417;Niedorp;2023;12476;2780;6798;2898;10533;1126;426;700;817;440;377;130;53;77;81;47;34;63;22;41;83;28;55;460;290;170;117.0;146.0;39.0;30.0;474.0;444.0;412
7418;Niedorp;2024;12485;2762;6762;2961;10481;1162;437;725;842;448;394;136;53;83;82;48;34;64;22;42;86;30;56;474;295;179;137.0;148.0;25.0;31.0;466.0;441.0;412
7419;Niedorp;2025;12493;2781;6673;3039;10467;1172;446;726;854;454;400;135;51;84;86;53;33;64;22;42;90;32;58;479;296;183;;;;;;;412
7420;Nieuwegein;2006;61616;14508;40584;6524;48876;5712;2144;3568;7028;4025;3003;2347;1297;1050;573;331;242;493;235;258;1421;742;679;2194;1420;774;710.0;391.0;181.0;363.0;3103.0;3216.0;356
7421;Nieuwegein;2007;61649;14422;40536;6691;48890;5564;2087;3477;7195;4035;3160;2355;1273;1082;552;310;242;535;252;283;1552;793;759;2201;1407;794;700.0;386.0;205.0;353.0;3103.0;3198.0;356
7422;Nieuwegein;2008;61720;14394;40436;6890;48841;5482;2044;3438;7397;4084;3313;2368;1264;1104;531;299;232;577;265;312;1695;858;837;2226;1398;828;708.0;398.0;173.0;362.0;3144.0;3184.0;356
7423;Nieuwegein;2009;61805;14410;40259;7136;48865;5410;2008;3402;7530;4080;3450;2340;1242;1098;526;290;236;626;284;342;1816;902;914;2222;1362;860;692.0;390.0;195.0;342.0;2947.0;3150.0;356
7424;Nieuwegein;2010;61759;14375;39978;7406;48771;5330;1996;3334;7658;4093;3565;2337;1226;1111;510;279;231;652;297;355;1929;939;990;2230;1352;878;695.0;397.0;218.0;348.0;2924.0;3134.0;356
7425;Nieuwegein;2011;61719;14352;39786;7581;48643;5245;1970;3275;7831;4112;3719;2329;1207;1122;519;274;245;687;312;375;2039;974;1065;2257;1345;912;696.0;413.0;188.0;291.0;2882.0;3087.0;356
7426;Nieuwegein;2012;61694;14322;39237;8135;48513;5177;1941;3236;8004;4127;3877;2330;1187;1143;518;270;248;732;323;409;2147;1008;1139;2277;1339;938;684.0;408.0;188.0;311.0;2856.0;3048.0;356
7427;Nieuwegein;2013;61656;14272;38685;8699;48429;5095;1905;3190;8132;4144;3988;2318;1182;1136;507;261;246;773;340;433;2262;1046;1216;2272;1315;957;679.0;415.0;158.0;312.0;2873.0;3028.0;356
7428;Nieuwegein;2014;61615;14267;38198;9150;48361;4996;1885;3111;8258;4159;4099;2305;1178;1127;502;258;244;806;346;460;2369;1080;1289;2276;1297;979;659.0;409.0;166.0;278.0;2817.0;2988.0;356
7429;Nieuwegein;2015;61590;14237;37751;9602;48234;4948;1858;3090;8408;4171;4237;2310;1164;1146;506;261;245;841;349;492;2463;1109;1354;2288;1288;1000;670.0;424.0;161.0;287.0;2838.0;2975.0;356
7430;Nieuwegein;2016;61577;14268;37301;10008;48176;4890;1848;3042;8511;4179;4332;2289;1138;1151;494;260;234;882;368;514;2559;1131;1428;2287;1282;1005;665.0;448.0;187.0;281.0;2814.0;2951.0;356
7431;Nieuwegein;2017;61569;14278;36891;10400;48076;4898;1870;3028;8595;4189;4406;2255;1117;1138;489;257;232;914;387;527;2669;1162;1507;2268;1266;1002;659.0;437.0;192.0;270.0;2798.0;2948.0;356
7432;Nieuwegein;2018;61567;14253;36561;10753;48000;4860;1862;2998;8707;4190;4517;2237;1098;1139;492;254;238;954;396;558;2737;1183;1554;2287;1259;1028;652.0;449.0;147.0;259.0;2819.0;2939.0;356
7433;Nieuwegein;2019;61547;14257;36200;11090;47945;4843;1854;2989;8759;4138;4621;2199;1067;1132;487;243;244;985;397;588;2810;1197;1613;2278;1234;1044;667.0;484.0;155.0;241.0;2824.0;2944.0;356
7434;Nieuwegein;2020;61531;14136;36006;11389;47861;4842;1866;2976;8828;4120;4708;2168;1046;1122;468;229;239;1011;404;607;2903;1211;1692;2278;1230;1048;652.0;489.0;147.0;285.0;2913.0;2941.0;356
7435;Nieuwegein;2021;61539;14065;35825;11649;47815;4804;1850;2954;8920;4140;4780;2154;1038;1116;480;230;250;1027;405;622;2964;1230;1734;2295;1237;1058;651.0;487.0;149.0;277.0;2912.0;2968.0;356
7436;Nieuwegein;2022;61527;13957;35674;11896;47750;4773;1838;2935;9004;4122;4882;2151;1024;1127;476;229;247;1043;402;641;3034;1247;1787;2300;1220;1080;644.0;512.0;159.0;247.0;2968.0;2994.0;356
7437;Nieuwegein;2023;61551;13830;35573;12148;47723;4729;1814;2915;9099;4108;4991;2152;1002;1150;477;227;250;1056;412;644;3119;1269;1850;2295;1198;1097;649.0;526.0;162.0;233.0;2910.0;2981.0;356
7438;Nieuwegein;2024;61533;13695;35462;12376;47666;4664;1771;2893;9203;4122;5081;2127;968;1159;485;233;252;1085;420;665;3166;1278;1888;2340;1223;1117;659.0;539.0;155.0;278.0;3003.0;2991.0;356
7439;Nieuwegein;2025;61549;13626;35368;12555;47680;4615;1748;2867;9254;4100;5154;2104;945;1159;483;231;252;1112;429;683;3221;1289;1932;2334;1206;1128;;;;;;;356
7440;Nieuwerkerk aan den IJssel;2006;22275;6166;13697;2412;19364;1505;523;982;1406;757;649;398;191;207;143;50;93;30;15;15;306;170;136;529;331;198;243.0;131.0;41.0;47.0;608.0;758.0;567
7441;Nieuwerkerk aan den IJssel;2007;22232;6059;13662;2511;19264;1531;533;998;1437;779;658;404;191;213;147;53;94;31;17;14;304;166;138;551;352;199;262.0;134.0;33.0;59.0;592.0;759.0;567
7442;Nieuwerkerk aan den IJssel;2008;22170;5910;13637;2623;19158;1551;534;1017;1461;793;668;414;196;218;148;52;96;33;18;15;307;169;138;559;358;201;213.0;137.0;50.0;61.0;612.0;741.0;567
7443;Nieuwerkerk aan den IJssel;2009;22109;5786;13587;2736;19027;1588;549;1039;1494;803;691;419;196;223;159;57;102;35;19;16;308;163;145;573;368;205;228.0;140.0;36.0;47.0;609.0;748.0;567
7444;Nieuwerkerk aan den IJssel;2010;22051;5629;13570;2852;18904;1611;556;1055;1536;834;702;428;198;230;164;64;100;35;19;16;312;166;146;597;387;210;228.0;144.0;29.0;49.0;614.0;742.0;567
7445;Nieuwerkerk aan den IJssel;2011;21985;5514;13528;2943;18802;1624;573;1051;1559;848;711;437;203;234;159;61;98;38;20;18;317;164;153;608;400;208;223.0;158.0;27.0;76.0;646.0;741.0;567
7446;Nieuwerkerk aan den IJssel;2012;21907;5387;13332;3188;18673;1651;580;1071;1583;867;716;447;207;240;165;65;100;41;23;18;314;163;151;616;409;207;217.0;154.0;34.0;45.0;626.0;741.0;567
7447;Nieuwerkerk aan den IJssel;2013;21847;5284;13164;3399;18556;1693;596;1097;1598;885;713;452;210;242;163;68;95;44;24;20;310;165;145;629;418;211;223.0;162.0;45.0;52.0;621.0;734.0;567
7448;Nieuwerkerk aan den IJssel;2014;21789;5194;13025;3570;18435;1713;602;1111;1641;912;729;455;213;242;166;68;98;52;27;25;312;167;145;656;437;219;246.0;170.0;31.0;56.0;621.0;737.0;567
7449;Nieuwerkerk aan den IJssel;2015;21725;5126;12899;3700;18321;1731;607;1124;1673;927;746;462;215;247;163;65;98;55;31;24;316;171;145;677;445;232;225.0;185.0;36.0;68.0;648.0;719.0;567
7450;Nieuwerkerk aan den IJssel;2016;21665;5078;12741;3846;18198;1756;615;1141;1711;943;768;467;212;255;169;69;100;63;33;30;312;169;143;700;460;240;230.0;167.0;30.0;62.0;629.0;730.0;567
7451;Nieuwerkerk aan den IJssel;2017;21598;5020;12612;3966;18086;1776;631;1145;1736;947;789;475;209;266;171;71;100;66;35;31;313;166;147;711;466;245;225.0;195.0;32.0;53.0;655.0;713.0;567
7452;Nieuwerkerk aan den IJssel;2018;21552;4962;12453;4137;17983;1807;640;1167;1762;959;803;483;217;266;177;76;101;69;35;34;312;163;149;721;468;253;223.0;190.0;33.0;53.0;659.0;731.0;567
7453;Nieuwerkerk aan den IJssel;2019;21496;4889;12308;4299;17895;1825;644;1181;1776;970;806;489;220;269;178;77;101;70;36;34;311;162;149;728;475;253;218.0;183.0;29.0;54.0;661.0;719.0;567
7454;Nieuwerkerk aan den IJssel;2020;21453;4793;12197;4463;17801;1833;655;1178;1819;992;827;495;225;270;182;79;103;74;38;36;309;161;148;759;489;270;232.0;197.0;37.0;47.0;642.0;724.0;567
7455;Nieuwerkerk aan den IJssel;2021;21399;4749;12040;4610;17689;1874;670;1204;1836;992;844;493;220;273;183;82;101;84;42;42;306;158;148;770;490;280;225.0;214.0;53.0;47.0;668.0;724.0;567
7456;Nieuwerkerk aan den IJssel;2022;21361;4675;11963;4723;17610;1886;674;1212;1865;1004;861;482;211;271;190;86;104;89;42;47;310;158;152;794;507;287;222.0;206.0;38.0;63.0;655.0;709.0;567
7457;Nieuwerkerk aan den IJssel;2023;21299;4618;11825;4856;17504;1909;685;1224;1886;1005;881;485;209;276;195;89;106;93;43;50;308;157;151;805;507;298;229.0;208.0;38.0;40.0;630.0;713.0;567
7458;Nieuwerkerk aan den IJssel;2024;21239;4550;11724;4965;17406;1943;695;1248;1890;999;891;484;206;278;193;93;100;95;43;52;317;157;160;801;500;301;227.0;217.0;34.0;49.0;654.0;702.0;567
7459;Nieuwerkerk aan den IJssel;2025;21190;4510;11610;5070;17311;1961;704;1257;1918;1010;908;477;196;281;201;102;99;96;42;54;316;157;159;828;513;315;;;;;;;567
7460;Nieuwkoop;2006;11307;2971;6859;1477;10167;629;219;410;511;265;246;60;29;31;35;15;20;10;4;6;188;78;110;218;139;79;151.0;81.0;19.0;29.0;412.0;410.0;569
7461;Nieuwkoop;2007;11367;2974;6818;1575;10150;660;219;441;557;288;269;71;33;38;39;16;23;14;6;8;190;77;113;243;156;87;122.0;81.0;16.0;26.0;393.0;413.0;569
7462;Nieuwkoop;2008;11379;2950;6780;1649;10112;683;233;450;584;299;285;81;35;46;40;15;25;16;5;11;192;78;114;255;166;89;134.0;97.0;19.0;26.0;375.0;408.0;569
7463;Nieuwkoop;2009;11375;2934;6709;1732;10071;689;232;457;615;318;297;87;37;50;46;18;28;15;5;10;194;81;113;273;177;96;130.0;95.0;19.0;31.0;415.0;417.0;569
7464;Nieuwkoop;2010;11394;2923;6630;1841;10024;722;250;472;648;338;310;88;38;50;48;19;29;20;8;12;203;85;118;289;188;101;123.0;100.0;21.0;24.0;405.0;416.0;569
7465;Nieuwkoop;2011;11404;2884;6614;1906;9987;758;262;496;659;345;314;91;36;55;49;22;27;24;9;15;198;83;115;297;195;102;122.0;100.0;22.0;28.0;406.0;419.0;569
7466;Nieuwkoop;2012;11408;2847;6533;2028;9939;782;276;506;687;359;328;96;37;59;48;23;25;29;10;19;199;84;115;315;205;110;119.0;101.0;25.0;23.0;395.0;414.0;569
7467;Nieuwkoop;2013;11410;2808;6457;2145;9880;819;294;525;711;370;341;100;41;59;54;27;27;31;12;19;201;83;118;325;207;118;117.0;113.0;32.0;26.0;399.0;415.0;569
7468;Nieuwkoop;2014;11407;2771;6395;2241;9834;847;302;545;726;385;341;98;40;58;55;27;28;31;12;19;197;78;119;345;228;117;114.0;124.0;23.0;19.0;411.0;407.0;569
7469;Nieuwkoop;2015;11405;2744;6330;2331;9753;900;324;576;752;402;350;96;36;60;57;28;29;32;14;18;205;79;126;362;245;117;119.0;122.0;17.0;20.0;440.0;428.0;569
7470;Nieuwkoop;2016;11413;2718;6296;2399;9720;926;336;590;767;412;355;100;37;63;64;33;31;30;13;17;204;76;128;369;253;116;111.0;119.0;22.0;23.0;428.0;407.0;569
7471;Nieuwkoop;2017;11426;2699;6245;2482;9672;968;351;617;786;424;362;100;37;63;68;36;32;35;13;22;204;76;128;379;262;117;127.0;122.0;20.0;25.0;414.0;412.0;569
7472;Nieuwkoop;2018;11429;2700;6208;2521;9633;1003;367;636;793;425;368;99;34;65;73;41;32;40;12;28;196;72;124;385;266;119;130.0;120.0;20.0;23.0;404.0;414.0;569
7473;Nieuwkoop;2019;11426;2675;6165;2586;9571;1034;383;651;821;445;376;102;36;66;77;46;31;40;11;29;195;72;123;407;280;127;129.0;127.0;32.0;33.0;425.0;418.0;569
7474;Nieuwkoop;2020;11432;2641;6159;2632;9531;1063;393;670;838;449;389;105;37;68;80;48;32;44;11;33;194;71;123;415;282;133;127.0;126.0;20.0;24.0;428.0;421.0;569
7475;Nieuwkoop;2021;11436;2625;6094;2717;9470;1113;414;699;853;453;400;108;36;72;80;45;35;49;12;37;191;72;119;425;288;137;117.0;144.0;25.0;16.0;455.0;426.0;569
7476;Nieuwkoop;2022;11445;2604;6073;2768;9428;1148;440;708;869;467;402;115;38;77;88;50;38;49;10;39;183;71;112;434;298;136;140.0;137.0;27.0;28.0;426.0;439.0;569
7477;Nieuwkoop;2023;11436;2606;6023;2807;9412;1165;448;717;859;458;401;115;36;79;91;54;37;46;10;36;182;71;111;425;287;138;126.0;148.0;21.0;24.0;444.0;424.0;569
7478;Nieuwkoop;2024;11432;2622;5961;2849;9360;1191;453;738;881;465;416;124;39;85;92;53;39;50;10;40;179;72;107;436;291;145;123.0;150.0;27.0;24.0;436.0;428.0;569
7479;Nieuwkoop;2025;11418;2624;5895;2899;9283;1209;459;750;926;494;432;125;39;86;96;56;40;53;12;41;185;70;115;467;317;150;;;;;;;569
7480;Nieuw-Lekkerland;2006;9795;3204;5489;1102;9042;481;159;322;272;164;108;35;16;19;24;9;15;9;4;5;37;18;19;167;117;50;150.0;58.0;21.0;21.0;305.0;337.0;571
7481;Nieuw-Lekkerland;2007;9853;3172;5520;1161;9022;525;179;346;306;184;122;43;18;25;26;11;15;10;5;5;42;22;20;185;128;57;144.0;66.0;24.0;26.0;291.0;352.0;571
7482;Nieuw-Lekkerland;2008;9869;3140;5522;1207;8983;552;191;361;334;198;136;50;21;29;26;11;15;11;4;7;46;22;24;201;140;61;142.0;82.0;25.0;25.0;296.0;345.0;571
7483;Nieuw-Lekkerland;2009;9882;3101;5510;1271;8946;575;202;373;361;215;146;55;23;32;28;13;15;13;5;8;49;23;26;216;151;65;145.0;79.0;24.0;22.0;312.0;350.0;571
7484;Nieuw-Lekkerland;2010;9913;3030;5534;1349;8905;617;216;401;391;230;161;58;26;32;27;11;16;16;6;10;51;24;27;239;163;76;144.0;86.0;17.0;27.0;317.0;357.0;571
7485;Nieuw-Lekkerland;2011;9922;2979;5539;1404;8855;649;224;425;418;235;183;62;25;37;29;12;17;19;6;13;55;25;30;253;167;86;149.0;89.0;25.0;23.0;300.0;349.0;571
7486;Nieuw-Lekkerland;2012;9935;2939;5482;1514;8802;692;236;456;441;243;198;62;25;37;32;12;20;20;7;13;56;26;30;271;173;98;151.0;94.0;17.0;25.0;306.0;349.0;571
7487;Nieuw-Lekkerland;2013;9940;2902;5423;1615;8752;717;249;468;471;252;219;64;23;41;32;13;19;22;8;14;59;27;32;294;181;113;140.0;92.0;19.0;22.0;308.0;349.0;571
7488;Nieuw-Lekkerland;2014;9944;2866;5373;1705;8706;739;251;488;499;261;238;71;25;46;36;13;23;24;10;14;61;28;33;307;185;122;147.0;99.0;26.0;30.0;322.0;344.0;571
7489;Nieuw-Lekkerland;2015;9964;2831;5341;1792;8675;759;258;501;530;280;250;73;26;47;41;15;26;29;12;17;63;29;34;324;198;126;146.0;95.0;31.0;24.0;301.0;342.0;571
7490;Nieuw-Lekkerland;2016;9981;2826;5307;1848;8625;803;276;527;553;287;266;76;26;50;43;17;26;33;14;19;63;29;34;338;201;137;142.0;96.0;23.0;31.0;323.0;344.0;571
7491;Nieuw-Lekkerland;2017;9998;2783;5306;1909;8584;840;289;551;574;293;281;79;26;53;46;18;28;37;15;22;66;31;35;346;203;143;147.0;107.0;27.0;30.0;329.0;347.0;571
7492;Nieuw-Lekkerland;2018;10017;2789;5266;1962;8546;873;310;563;598;302;296;80;24;56;47;19;28;39;15;24;69;35;34;363;209;154;140.0;115.0;19.0;28.0;331.0;341.0;571
7493;Nieuw-Lekkerland;2019;10023;2774;5239;2010;8490;914;329;585;619;310;309;83;24;59;49;20;29;42;16;26;73;35;38;372;215;157;162.0;99.0;37.0;28.0;293.0;361.0;571
7494;Nieuw-Lekkerland;2020;10026;2755;5227;2044;8453;936;336;600;637;319;318;86;25;61;51;24;27;44;17;27;78;35;43;378;218;160;138.0;110.0;17.0;22.0;333.0;343.0;571
7495;Nieuw-Lekkerland;2021;10037;2721;5240;2076;8412;969;355;614;656;332;324;90;27;63;50;25;25;51;21;30;77;34;43;388;225;163;139.0;116.0;19.0;36.0;329.0;337.0;571
7496;Nieuw-Lekkerland;2022;10037;2703;5219;2115;8367;994;369;625;676;339;337;92;26;66;50;26;24;52;23;29;80;36;44;402;228;174;144.0;122.0;22.0;17.0;308.0;341.0;571
7497;Nieuw-Lekkerland;2023;10030;2681;5192;2157;8321;1013;380;633;696;353;343;98;29;69;49;26;23;54;23;31;79;36;43;416;239;177;132.0;116.0;24.0;33.0;345.0;351.0;571
7498;Nieuw-Lekkerland;2024;10035;2665;5190;2180;8275;1037;388;649;723;362;361;102;32;70;51;26;25;60;22;38;86;39;47;424;243;181;128.0;120.0;19.0;15.0;338.0;355.0;571
7499;Nieuw-Lekkerland;2025;10029;2634;5194;2201;8209;1057;387;670;763;373;390;107;33;74;54;26;28;67;22;45;90;39;51;445;253;192;;;;;;;571
7500;Nijefurd;2006;10917;2685;6337;1895;10208;524;198;326;185;123;62;14;5;9;13;8;5;5;4;1;4;2;2;149;104;45;103.0;119.0;23.0;26.0;450.0;361.0;104
7501;Nijefurd;2007;10987;2666;6395;1926;10214;557;209;348;216;139;77;16;6;10;16;8;8;6;5;1;4;1;3;174;119;55;96.0;114.0;21.0;25.0;429.0;378.0;104
7502;Nijefurd;2008;11017;2657;6411;1949;10189;588;224;364;240;155;85;19;8;11;17;8;9;8;5;3;8;3;5;188;131;57;111.0;128.0;25.0;23.0;418.0;382.0;104
7503;Nijefurd;2009;11038;2654;6429;1955;10153;605;240;365;280;185;95;23;12;11;19;9;10;9;5;4;10;4;6;219;155;64;105.0;106.0;27.0;25.0;400.0;382.0;104
7504;Nijefurd;2010;11060;2637;6403;2020;10129;628;246;382;303;204;99;24;13;11;21;11;10;10;5;5;10;4;6;238;171;67;101.0;111.0;36.0;24.0;409.0;398.0;104
7505;Nijefurd;2011;11077;2595;6409;2073;10117;635;248;387;325;219;106;26;13;13;27;18;9;11;6;5;11;4;7;250;178;72;109.0;112.0;24.0;27.0;424.0;399.0;104
7506;Nijefurd;2012;11097;2573;6383;2141;10113;651;260;391;333;225;108;23;10;13;26;18;8;12;7;5;13;4;9;259;186;73;122.0;112.0;42.0;34.0;413.0;406.0;104
7507;Nijefurd;2013;11121;2569;6372;2180;10080;681;272;409;360;243;117;28;11;17;28;18;10;13;7;6;14;5;9;277;202;75;116.0;107.0;30.0;32.0;418.0;408.0;104
7508;Nijefurd;2014;11139;2552;6367;2220;10068;685;277;408;386;254;132;29;12;17;34;21;13;15;8;7;14;5;9;294;208;86;121.0;112.0;24.0;24.0;420.0;410.0;104
7509;Nijefurd;2015;11158;2544;6359;2255;10054;695;283;412;409;265;144;34;14;20;35;22;13;15;8;7;18;7;11;307;214;93;132.0;116.0;40.0;25.0;401.0;408.0;104
7510;Nijefurd;2016;11183;2552;6331;2300;10050;703;282;421;430;271;159;36;15;21;36;22;14;15;8;7;23;7;16;320;219;101;127.0;108.0;40.0;40.0;415.0;418.0;104
7511;Nijefurd;2017;11199;2545;6318;2336;10039;717;289;428;443;274;169;38;16;22;32;20;12;16;9;7;23;6;17;334;223;111;127.0;128.0;32.0;20.0;431.0;418.0;104
7512;Nijefurd;2018;11223;2545;6332;2346;10038;729;302;427;456;271;185;40;15;25;40;25;15;18;10;8;24;7;17;334;214;120;123.0;126.0;40.0;35.0;423.0;413.0;104
7513;Nijefurd;2019;11235;2538;6329;2368;9993;749;312;437;493;292;201;44;17;27;39;23;16;16;8;8;27;7;20;367;237;130;131.0;117.0;42.0;26.0;411.0;424.0;104
7514;Nijefurd;2020;11251;2546;6291;2414;9961;767;320;447;523;320;203;46;18;28;41;24;17;17;9;8;29;8;21;390;261;129;139.0;133.0;37.0;19.0;425.0;429.0;104
7515;Nijefurd;2021;11269;2539;6300;2430;9928;806;341;465;535;326;209;50;21;29;41;23;18;20;11;9;30;8;22;394;263;131;148.0;113.0;32.0;32.0;398.0;425.0;104
7516;Nijefurd;2022;11280;2580;6262;2438;9903;820;347;473;557;343;214;53;22;31;45;26;19;20;11;9;30;8;22;409;276;133;136.0;130.0;30.0;28.0;417.0;414.0;104
7517;Nijefurd;2023;11291;2596;6242;2453;9886;838;368;470;567;341;226;54;21;33;46;25;21;20;10;10;32;8;24;415;277;138;137.0;122.0;23.0;28.0;422.0;421.0;104
7518;Nijefurd;2024;11301;2591;6237;2473;9853;849;368;481;599;368;231;59;24;35;51;30;21;22;11;11;31;8;23;436;295;141;153.0;132.0;30.0;29.0;422.0;426.0;104
7519;Nijefurd;2025;11317;2611;6212;2494;9814;882;379;503;621;381;240;63;28;35;57;31;26;21;9;12;32;8;24;448;305;143;;;;;;;104
7520;Nijkerk;2006;38545;10380;23329;4836;34891;1752;608;1144;1902;1168;734;206;105;101;61;26;35;296;165;131;753;449;304;586;423;163;475.0;275.0;100.0;115.0;999.0;1113.0;267
7521;Nijkerk;2007;38623;10294;23345;4984;34891;1775;608;1167;1957;1199;758;211;109;102;65;31;34;308;170;138;764;446;318;609;443;166;464.0;279.0;106.0;119.0;931.0;1101.0;267
7522;Nijkerk;2008;38631;10218;23263;5150;34866;1813;624;1189;1952;1191;761;212;110;102;64;29;35;307;167;140;758;437;321;611;448;163;468.0;272.0;111.0;119.0;911.0;1095.0;267
7523;Nijkerk;2009;38639;10149;23096;5394;34799;1828;628;1200;2012;1236;776;215;114;101;63;29;34;321;172;149;771;442;329;642;479;163;454.0;284.0;131.0;116.0;913.0;1089.0;267
7524;Nijkerk;2010;38651;10076;23004;5571;34711;1876;660;1216;2064;1268;796;223;120;103;66;31;35;321;171;150;782;440;342;672;506;166;433.0;293.0;107.0;119.0;940.0;1087.0;267
7525;Nijkerk;2011;38639;9990;22903;5746;34634;1911;688;1223;2094;1286;808;225;122;103;64;30;34;325;173;152;786;436;350;694;525;169;408.0;296.0;117.0;120.0;968.0;1080.0;267
7526;Nijkerk;2012;38641;9881;22719;6041;34559;1947;706;1241;2135;1302;833;239;129;110;62;31;31;331;172;159;795;434;361;708;536;172;403.0;318.0;108.0;130.0;994.0;1075.0;267
7527;Nijkerk;2013;38629;9804;22498;6327;34504;1974;722;1252;2151;1309;842;243;130;113;60;28;32;331;171;160;803;441;362;714;539;175;404.0;316.0;124.0;129.0;974.0;1067.0;267
7528;Nijkerk;2014;38626;9718;22368;6540;34451;1996;742;1254;2179;1320;859;245;128;117;64;29;35;332;173;159;809;444;365;729;546;183;416.0;328.0;121.0;125.0;976.0;1077.0;267
7529;Nijkerk;2015;38614;9652;22200;6762;34409;2010;743;1267;2195;1334;861;243;124;119;69;34;35;331;172;159;801;437;364;751;567;184;421.0;326.0;120.0;110.0;957.0;1068.0;267
7530;Nijkerk;2016;38610;9592;22104;6914;34380;2014;767;1247;2216;1359;857;249;124;125;78;41;37;322;173;149;778;425;353;789;596;193;412.0;339.0;116.0;115.0;1000.0;1080.0;267
7531;Nijkerk;2017;38607;9515;22018;7074;34315;2038;785;1253;2254;1382;872;253;125;128;79;42;37;328;176;152;773;420;353;821;619;202;429.0;325.0;135.0;121.0;958.0;1078.0;267
7532;Nijkerk;2018;38607;9437;21977;7193;34227;2091;828;1263;2289;1394;895;261;128;133;79;45;34;337;181;156;770;418;352;842;622;220;441.0;342.0;130.0;107.0;940.0;1083.0;267
7533;Nijkerk;2019;38587;9360;21865;7362;34152;2134;859;1275;2301;1406;895;261;129;132;77;42;35;337;181;156;761;412;349;865;642;223;422.0;365.0;113.0;116.0;1018.0;1084.0;267
7534;Nijkerk;2020;38578;9259;21834;7485;34067;2180;880;1300;2331;1430;901;262;126;136;81;44;37;337;179;158;752;415;337;899;666;233;428.0;365.0;118.0;119.0;996.0;1087.0;267
7535;Nijkerk;2021;38550;9154;21754;7642;34002;2202;901;1301;2346;1447;899;258;123;135;81;46;35;341;181;160;744;408;336;922;689;233;426.0;375.0;119.0;127.0;1038.0;1099.0;267
7536;Nijkerk;2022;38536;9045;21678;7813;33933;2241;924;1317;2362;1448;914;267;125;142;85;48;37;347;183;164;735;405;330;928;687;241;435.0;383.0;112.0;109.0;1023.0;1098.0;267
7537;Nijkerk;2023;38518;8964;21613;7941;33881;2258;942;1316;2379;1459;920;268;123;145;89;51;38;349;182;167;721;397;324;952;706;246;430.0;382.0;116.0;127.0;1042.0;1094.0;267
7538;Nijkerk;2024;38505;8883;21552;8070;33797;2308;977;1331;2400;1472;928;267;123;144;93;55;38;352;184;168;718;394;324;970;716;254;411.0;393.0;124.0;124.0;1059.0;1087.0;267
7539;Nijkerk;2025;38495;8825;21455;8215;33701;2348;1009;1339;2446;1496;950;272;124;148;104;62;42;352;181;171;720;391;329;998;738;260;;;;;;;267
7540;Nijmegen;2006;158437;33379;103942;21116;120917;18395;7080;11315;19125;11536;7589;1650;850;800;1896;1184;712;5076;2790;2286;3340;1751;1589;7163;4961;2202;1781.0;1352.0;1247.0;1887.0;7773.0;6864.0;268
7541;Nijmegen;2007;159156;33778;104027;21351;121721;18176;6870;11306;19259;11401;7858;1711;874;837;1826;1119;707;5112;2781;2331;3413;1749;1664;7197;4878;2319;1854.0;1401.0;1201.0;1782.0;7697.0;6762.0;268
7542;Nijmegen;2008;159981;34211;104182;21588;122596;17963;6681;11282;19422;11251;8171;1756;885;871;1806;1075;731;5135;2763;2372;3479;1751;1728;7246;4777;2469;1886.0;1386.0;1234.0;1730.0;7534.0;6683.0;268
7543;Nijmegen;2009;160850;34734;104262;21854;123487;17818;6572;11246;19545;11088;8457;1801;890;911;1735;1013;722;5189;2773;2416;3538;1748;1790;7282;4664;2618;1902.0;1404.0;1224.0;1748.0;7523.0;6614.0;268
7544;Nijmegen;2010;161749;35143;104349;22257;124465;17612;6397;11215;19672;10937;8735;1846;913;933;1712;973;739;5206;2765;2441;3607;1749;1858;7301;4537;2764;1934.0;1425.0;1231.0;1638.0;7375.0;6574.0;268
7545;Nijmegen;2011;162666;35522;104455;22689;125416;17460;6298;11162;19790;10871;8919;1900;925;975;1659;940;719;5209;2759;2450;3674;1764;1910;7348;4483;2865;1913.0;1427.0;1229.0;1653.0;7377.0;6556.0;268
7546;Nijmegen;2012;163564;35816;104164;23584;126296;17301;6200;11101;19967;10817;9150;1952;943;1009;1622;912;710;5249;2752;2497;3700;1742;1958;7444;4468;2976;1918.0;1456.0;1207.0;1569.0;7309.0;6524.0;268
7547;Nijmegen;2013;164467;36128;103959;24380;127093;17275;6207;11068;20099;10736;9363;1997;953;1044;1634;912;722;5263;2743;2520;3755;1737;2018;7450;4391;3059;1900.0;1472.0;1138.0;1542.0;7369.0;6514.0;268
7548;Nijmegen;2014;165359;36397;103924;25038;127954;17161;6154;11007;20244;10684;9560;2024;968;1056;1630;903;727;5303;2747;2556;3828;1743;2085;7459;4323;3136;1844.0;1508.0;1138.0;1550.0;7383.0;6492.0;268
7549;Nijmegen;2015;166187;36601;103873;25713;128753;17090;6094;10996;20344;10629;9715;2064;970;1094;1586;875;711;5315;2735;2580;3842;1734;2108;7537;4315;3222;1825.0;1526.0;1140.0;1486.0;7320.0;6498.0;268
7550;Nijmegen;2016;166981;36701;103978;26302;129567;16976;6076;10900;20438;10527;9911;2079;961;1118;1543;844;699;5319;2712;2607;3868;1727;2141;7629;4283;3346;1832.0;1548.0;1103.0;1444.0;7312.0;6481.0;268
7551;Nijmegen;2017;167773;36856;103952;26965;130219;16928;6082;10846;20626;10503;10123;2136;974;1162;1552;828;724;5331;2695;2636;3879;1718;2161;7728;4288;3440;1789.0;1567.0;1059.0;1483.0;7434.0;6507.0;268
7552;Nijmegen;2018;168518;36956;103813;27749;130970;16832;6024;10808;20716;10434;10282;2133;983;1150;1529;810;719;5334;2664;2670;3923;1728;2195;7797;4249;3548;1751.0;1601.0;1067.0;1446.0;7406.0;6515.0;268
7553;Nijmegen;2019;169201;36946;103860;28395;131663;16713;5971;10742;20825;10392;10433;2143;995;1148;1512;812;700;5362;2650;2712;3938;1709;2229;7870;4226;3644;1739.0;1595.0;1016.0;1442.0;7446.0;6511.0;268
7554;Nijmegen;2020;169875;36859;103953;29063;132322;16564;5902;10662;20989;10382;10607;2173;1015;1158;1506;806;700;5340;2619;2721;3976;1713;2263;7994;4229;3765;1700.0;1638.0;1017.0;1389.0;7437.0;6530.0;268
7555;Nijmegen;2021;170491;36668;104076;29747;132922;16433;5837;10596;21136;10360;10776;2190;1013;1177;1511;811;700;5330;2587;2743;3993;1711;2282;8112;4238;3874;1679.0;1668.0;960.0;1348.0;7486.0;6535.0;268
7556;Nijmegen;2022;171082;36574;104086;30422;133559;16287;5751;10536;21236;10349;10887;2198;1026;1172;1492;801;691;5320;2569;2751;3992;1703;2289;8234;4250;3984;1671.0;1689.0;959.0;1380.0;7499.0;6546.0;268
7557;Nijmegen;2023;171617;36381;104117;31119;134122;16174;5685;10489;21321;10349;10972;2202;1042;1160;1475;782;693;5312;2550;2762;3974;1678;2296;8358;4297;4061;1680.0;1711.0;922.0;1332.0;7472.0;6543.0;268
7558;Nijmegen;2024;172127;36276;104073;31778;134626;16008;5617;10391;21493;10379;11114;2239;1064;1175;1494;802;692;5304;2514;2790;4006;1680;2326;8450;4319;4131;1643.0;1752.0;914.0;1276.0;7470.0;6548.0;268
7559;Nijmegen;2025;172600;36063;104004;32533;135143;15876;5570;10306;21581;10337;11244;2265;1069;1196;1478;788;690;5285;2486;2799;3995;1664;2331;8558;4330;4228;;;;;;;268
7560;Noord-Beveland;2006;7075;1509;4174;1392;6324;553;291;262;198;128;70;27;15;12;21;13;8;12;7;5;11;5;6;127;88;39;69.0;85.0;17.0;24.0;296.0;276.0;1695
7561;Noord-Beveland;2007;7073;1505;4120;1448;6259;575;301;274;239;154;85;33;18;15;26;13;13;13;8;5;17;7;10;150;108;42;73.0;84.0;26.0;17.0;278.0;288.0;1695
7562;Noord-Beveland;2008;7060;1505;4041;1514;6212;589;305;284;259;165;94;41;24;17;27;14;13;17;9;8;21;9;12;153;109;44;61.0;101.0;18.0;15.0;286.0;277.0;1695
7563;Noord-Beveland;2009;7034;1484;3994;1556;6138;606;304;302;290;184;106;47;27;20;27;14;13;19;11;8;27;12;15;170;120;50;63.0;92.0;23.0;19.0;288.0;287.0;1695
7564;Noord-Beveland;2010;7010;1478;3931;1601;6076;613;301;312;321;198;123;52;27;25;31;16;15;25;12;13;29;13;16;184;130;54;68.0;90.0;17.0;17.0;279.0;276.0;1695
7565;Noord-Beveland;2011;6993;1476;3886;1631;6015;626;309;317;352;218;134;56;29;27;29;16;13;32;15;17;35;18;17;200;140;60;71.0;108.0;19.0;18.0;295.0;288.0;1695
7566;Noord-Beveland;2012;6963;1471;3824;1668;5955;636;310;326;372;230;142;59;28;31;33;18;15;34;17;17;38;20;18;208;147;61;60.0;98.0;29.0;28.0;285.0;270.0;1695
7567;Noord-Beveland;2013;6942;1474;3746;1722;5877;668;321;347;397;246;151;62;31;31;37;21;16;37;19;18;43;22;21;218;153;65;64.0;97.0;19.0;22.0;284.0;278.0;1695
7568;Noord-Beveland;2014;6912;1480;3692;1740;5785;703;334;369;424;269;155;68;34;34;38;21;17;35;19;16;45;24;21;238;171;67;66.0;99.0;21.0;18.0;284.0;287.0;1695
7569;Noord-Beveland;2015;6882;1463;3654;1765;5726;714;339;375;442;272;170;72;36;36;41;25;16;37;18;19;49;24;25;243;169;74;70.0;88.0;15.0;24.0;280.0;285.0;1695
7570;Noord-Beveland;2016;6849;1456;3584;1809;5671;729;337;392;449;272;177;81;40;41;42;25;17;37;17;20;52;23;29;237;167;70;61.0;95.0;17.0;26.0;290.0;288.0;1695
7571;Noord-Beveland;2017;6808;1428;3565;1815;5611;740;340;400;457;278;179;80;40;40;38;23;15;41;21;20;52;24;28;246;170;76;66.0;105.0;20.0;23.0;292.0;283.0;1695
7572;Noord-Beveland;2018;6776;1414;3540;1822;5559;751;336;415;466;275;191;80;38;42;37;23;14;43;19;24;58;25;33;248;170;78;66.0;111.0;20.0;23.0;288.0;281.0;1695
7573;Noord-Beveland;2019;6738;1399;3495;1844;5490;774;340;434;474;277;197;84;40;44;38;25;13;45;19;26;62;26;36;245;167;78;64.0;105.0;13.0;16.0;296.0;280.0;1695
7574;Noord-Beveland;2020;6710;1386;3467;1857;5450;783;341;442;477;280;197;91;45;46;37;23;14;46;19;27;65;25;40;238;168;70;71.0;102.0;14.0;20.0;290.0;290.0;1695
7575;Noord-Beveland;2021;6673;1389;3440;1844;5392;788;334;454;493;285;208;91;45;46;40;24;16;47;20;27;69;25;44;246;171;75;75.0;102.0;12.0;19.0;285.0;285.0;1695
7576;Noord-Beveland;2022;6639;1389;3384;1866;5338;792;339;453;509;282;227;98;45;53;38;21;17;53;20;33;68;24;44;252;172;80;72.0;107.0;18.0;12.0;277.0;281.0;1695
7577;Noord-Beveland;2023;6606;1380;3372;1854;5270;807;350;457;529;291;238;99;47;52;34;17;17;55;20;35;71;25;46;270;182;88;74.0;100.0;27.0;19.0;271.0;277.0;1695
7578;Noord-Beveland;2024;6584;1369;3353;1862;5210;830;362;468;544;298;246;98;46;52;32;16;16;59;21;38;69;24;45;286;191;95;69.0;100.0;26.0;21.0;281.0;290.0;1695
7579;Noord-Beveland;2025;6551;1380;3314;1857;5165;830;369;461;556;297;259;99;47;52;31;16;15;59;19;40;74;25;49;293;190;103;;;;;;;1695
7580;Noordenveld;2006;32125;7683;18790;5652;29599;1555;671;884;971;694;277;137;74;63;78;50;28;61;45;16;37;27;10;658;498;160;296.0;264.0;63.0;78.0;1397.0;1501.0;1699
7581;Noordenveld;2007;32040;7535;18752;5753;29493;1574;674;900;973;684;289;142;76;66;81;49;32;61;46;15;42;30;12;647;483;164;293.0;263.0;62.0;69.0;1495.0;1512.0;1699
7582;Noordenveld;2008;32050;7444;18682;5924;29446;1607;679;928;997;704;293;149;79;70;77;46;31;59;44;15;48;33;15;664;502;162;279.0;267.0;53.0;87.0;1554.0;1526.0;1699
7583;Noordenveld;2009;32060;7310;18621;6129;29433;1618;674;944;1009;702;307;160;84;76;84;51;33;60;44;16;50;35;15;655;488;167;295.0;286.0;71.0;68.0;1560.0;1531.0;1699
7584;Noordenveld;2010;32103;7248;18562;6293;29428;1637;682;955;1038;720;318;165;91;74;86;50;36;64;46;18;50;35;15;673;498;175;270.0;279.0;65.0;83.0;1609.0;1549.0;1699
7585;Noordenveld;2011;32136;7130;18509;6497;29438;1626;685;941;1072;739;333;172;96;76;99;57;42;66;47;19;51;34;17;684;505;179;286.0;299.0;53.0;71.0;1612.0;1545.0;1699
7586;Noordenveld;2012;32177;7014;18449;6714;29397;1662;700;962;1118;760;358;172;95;77;106;61;45;71;50;21;56;34;22;713;520;193;292.0;285.0;55.0;77.0;1612.0;1564.0;1699
7587;Noordenveld;2013;32209;6933;18319;6957;29368;1683;706;977;1158;774;384;184;96;88;109;64;45;75;50;25;60;34;26;730;530;200;302.0;296.0;55.0;65.0;1632.0;1579.0;1699
7588;Noordenveld;2014;32255;6848;18281;7126;29356;1723;720;1003;1176;768;408;193;96;97;116;66;50;73;48;25;65;37;28;729;521;208;313.0;291.0;57.0;73.0;1637.0;1581.0;1699
7589;Noordenveld;2015;32319;6819;18244;7256;29348;1759;745;1014;1212;787;425;201;101;100;114;67;47;73;48;25;66;36;30;758;535;223;323.0;296.0;53.0;75.0;1640.0;1582.0;1699
7590;Noordenveld;2016;32386;6754;18240;7392;29359;1797;769;1028;1230;799;431;206;105;101;114;66;48;79;51;28;70;37;33;761;540;221;312.0;310.0;60.0;83.0;1662.0;1582.0;1699
7591;Noordenveld;2017;32447;6717;18213;7517;29342;1841;794;1047;1264;816;448;216;109;107;123;71;52;83;53;30;71;37;34;771;546;225;313.0;322.0;71.0;81.0;1668.0;1589.0;1699
7592;Noordenveld;2018;32506;6699;18170;7637;29315;1874;823;1051;1317;851;466;222;111;111;133;76;57;85;50;35;74;36;38;803;578;225;333.0;314.0;68.0;71.0;1643.0;1600.0;1699
7593;Noordenveld;2019;32566;6715;18110;7741;29316;1899;833;1066;1351;870;481;223;104;119;140;83;57;84;48;36;73;35;38;831;600;231;331.0;317.0;65.0;74.0;1665.0;1605.0;1699
7594;Noordenveld;2020;32635;6674;18101;7860;29266;1975;864;1111;1394;876;518;224;102;122;151;90;61;91;49;42;73;32;41;855;603;252;335.0;342.0;52.0;74.0;1693.0;1608.0;1699
7595;Noordenveld;2021;32694;6678;18065;7951;29225;2028;882;1146;1441;903;538;236;106;130;160;94;66;93;49;44;79;32;47;873;622;251;331.0;338.0;67.0;69.0;1673.0;1599.0;1699
7596;Noordenveld;2022;32763;6682;18030;8051;29200;2075;904;1171;1488;928;560;234;109;125;168;97;71;102;52;50;84;33;51;900;637;263;333.0;349.0;55.0;82.0;1725.0;1624.0;1699
7597;Noordenveld;2023;32821;6686;17964;8171;29170;2123;928;1195;1528;942;586;239;108;131;168;95;73;104;53;51;90;38;52;927;648;279;319.0;343.0;61.0;83.0;1721.0;1624.0;1699
7598;Noordenveld;2024;32875;6704;17897;8274;29105;2184;965;1219;1586;974;612;241;106;135;175;105;70;111;53;58;95;40;55;964;670;294;325.0;355.0;62.0;69.0;1717.0;1622.0;1699
7599;Noordenveld;2025;32935;6745;17809;8381;29049;2239;995;1244;1647;1011;636;240;106;134;181;110;71;117;57;60;102;41;61;1007;697;310;;;;;;;1699
7600;Noorder-Koggenland;2006;10611;2747;6613;1251;9586;739;230;509;286;166;120;48;19;29;38;20;18;13;6;7;15;8;7;172;113;59;115.0;79.0;17.0;33.0;453.0;477.0;529
7601;Noorder-Koggenland;2007;10605;2725;6582;1298;9497;789;251;538;319;183;136;55;21;34;39;18;21;16;8;8;19;9;10;190;127;63;121.0;89.0;23.0;43.0;456.0;479.0;529
7602;Noorder-Koggenland;2008;10594;2703;6546;1345;9429;825;271;554;340;195;145;62;24;38;38;19;19;23;12;11;24;11;13;193;129;64;114.0;82.0;20.0;25.0;446.0;479.0;529
7603;Noorder-Koggenland;2009;10587;2686;6491;1410;9338;872;291;581;377;212;165;68;25;43;35;17;18;34;17;17;27;11;16;213;142;71;109.0;77.0;28.0;28.0;431.0;498.0;529
7604;Noorder-Koggenland;2010;10557;2660;6428;1469;9234;904;306;598;419;239;180;72;29;43;39;18;21;38;21;17;32;15;17;238;156;82;124.0;86.0;22.0;28.0;450.0;502.0;529
7605;Noorder-Koggenland;2011;10534;2647;6361;1526;9160;916;314;602;458;255;203;88;34;54;43;21;22;45;22;23;35;16;19;247;162;85;106.0;77.0;26.0;27.0;434.0;496.0;529
7606;Noorder-Koggenland;2012;10501;2601;6274;1626;9073;928;322;606;500;287;213;96;39;57;46;23;23;53;28;25;39;20;19;266;177;89;113.0;92.0;29.0;28.0;457.0;504.0;529
7607;Noorder-Koggenland;2013;10476;2552;6227;1697;8992;943;335;608;541;306;235;105;42;63;45;22;23;56;26;30;50;25;25;285;191;94;105.0;94.0;37.0;31.0;444.0;488.0;529
7608;Noorder-Koggenland;2014;10448;2517;6167;1764;8891;967;348;619;590;333;257;118;47;71;50;26;24;61;30;31;53;25;28;308;205;103;108.0;82.0;20.0;25.0;458.0;507.0;529
7609;Noorder-Koggenland;2015;10418;2488;6068;1862;8803;999;363;636;616;337;279;129;47;82;52;28;24;66;30;36;58;25;33;311;207;104;125.0;87.0;27.0;30.0;439.0;494.0;529
7610;Noorder-Koggenland;2016;10397;2484;5985;1928;8717;1022;363;659;658;364;294;132;49;83;54;28;26;69;29;40;68;29;39;335;229;106;113.0;95.0;24.0;38.0;467.0;496.0;529
7611;Noorder-Koggenland;2017;10371;2467;5953;1951;8633;1039;383;656;699;380;319;142;49;93;57;28;29;76;30;46;67;27;40;357;246;111;132.0;85.0;25.0;23.0;426.0;502.0;529
7612;Noorder-Koggenland;2018;10347;2476;5865;2006;8561;1065;393;672;721;390;331;145;50;95;55;28;27;79;32;47;74;28;46;368;252;116;130.0;92.0;25.0;33.0;446.0;497.0;529
7613;Noorder-Koggenland;2019;10326;2463;5793;2070;8473;1106;411;695;747;399;348;146;50;96;56;28;28;82;32;50;76;28;48;387;261;126;138.0;102.0;25.0;24.0;447.0;502.0;529
7614;Noorder-Koggenland;2020;10308;2477;5718;2113;8404;1121;408;713;783;413;370;153;54;99;59;33;26;92;35;57;81;28;53;398;263;135;130.0;95.0;31.0;28.0;422.0;493.0;529
7615;Noorder-Koggenland;2021;10278;2443;5708;2127;8339;1142;422;720;797;421;376;154;57;97;60;36;24;90;36;54;86;28;58;407;264;143;134.0;106.0;28.0;36.0;461.0;505.0;529
7616;Noorder-Koggenland;2022;10254;2431;5657;2166;8267;1160;433;727;827;432;395;156;57;99;67;39;28;94;34;60;94;31;63;416;271;145;121.0;100.0;32.0;16.0;411.0;476.0;529
7617;Noorder-Koggenland;2023;10228;2424;5604;2200;8185;1200;452;748;843;440;403;162;62;100;69;40;29;94;33;61;96;31;65;422;274;148;145.0;109.0;29.0;20.0;437.0;491.0;529
7618;Noorder-Koggenland;2024;10218;2423;5564;2231;8113;1224;465;759;881;454;427;174;66;108;70;41;29;97;32;65;101;32;69;439;283;156;143.0;108.0;21.0;27.0;443.0;495.0;529
7619;Noorder-Koggenland;2025;10196;2412;5544;2240;8065;1240;459;781;891;455;436;161;62;99;71;41;30;107;32;75;106;33;73;446;287;159;;;;;;;529
7620;Noordoostpolder;2006;45709;13159;26602;5948;40684;2303;1024;1279;2722;1705;1017;279;147;132;293;205;88;307;167;140;537;264;273;1306;922;384;612.0;381.0;326.0;239.0;1383.0;1634.0;171
7621;Noordoostpolder;2007;45779;13084;26696;5999;40579;2376;1072;1304;2824;1753;1071;305;167;138;307;212;95;315;171;144;554;269;285;1343;934;409;575.0;366.0;353.0;259.0;1310.0;1624.0;171
7622;Noordoostpolder;2008;45775;12947;26741;6087;40408;2445;1132;1313;2922;1799;1123;339;193;146;317;220;97;331;174;157;553;260;293;1382;952;430;583.0;406.0;407.0;266.0;1307.0;1639.0;171
7623;Noordoostpolder;2009;45767;12806;26768;6193;40214;2521;1206;1315;3032;1880;1152;350;197;153;338;240;98;347;185;162;570;270;300;1427;988;439;603.0;388.0;399.0;263.0;1269.0;1640.0;171
7624;Noordoostpolder;2010;45746;12717;26704;6325;40025;2592;1261;1331;3129;1922;1207;363;200;163;340;242;98;346;184;162;586;277;309;1494;1019;475;584.0;386.0;400.0;271.0;1288.0;1636.0;171
7625;Noordoostpolder;2011;45729;12582;26739;6408;39828;2684;1341;1343;3217;1950;1267;371;198;173;347;249;98;354;181;173;594;275;319;1551;1047;504;591.0;401.0;466.0;294.0;1269.0;1636.0;171
7626;Noordoostpolder;2012;45724;12495;26560;6669;39641;2785;1437;1348;3298;1989;1309;379;206;173;355;251;104;357;184;173;605;283;322;1602;1065;537;601.0;395.0;450.0;311.0;1278.0;1650.0;171
7627;Noordoostpolder;2013;45697;12402;26398;6897;39434;2877;1535;1342;3386;2031;1355;394;210;184;346;246;100;359;188;171;626;286;340;1661;1101;560;597.0;395.0;479.0;305.0;1250.0;1639.0;171
7628;Noordoostpolder;2014;45689;12327;26241;7121;39219;2991;1625;1366;3479;2070;1409;406;220;186;324;227;97;361;191;170;641;293;348;1747;1139;608;598.0;400.0;499.0;301.0;1229.0;1641.0;171
7629;Noordoostpolder;2015;45678;12271;26130;7277;39034;3085;1714;1371;3559;2105;1454;410;218;192;327;226;101;360;193;167;646;297;349;1816;1171;645;565.0;399.0;483.0;312.0;1263.0;1625.0;171
7630;Noordoostpolder;2016;45656;12245;25913;7498;38818;3209;1822;1387;3629;2144;1485;411;217;194;335;230;105;369;198;171;656;305;351;1858;1194;664;579.0;407.0;492.0;317.0;1263.0;1627.0;171
7631;Noordoostpolder;2017;45642;12236;25706;7700;38616;3305;1909;1396;3721;2206;1515;432;231;201;343;235;108;379;206;173;655;302;353;1912;1232;680;579.0;407.0;501.0;320.0;1272.0;1628.0;171
7632;Noordoostpolder;2018;45638;12199;25507;7932;38425;3392;1983;1409;3821;2246;1575;447;235;212;343;233;110;388;213;175;663;311;352;1980;1254;726;574.0;396.0;524.0;334.0;1256.0;1634.0;171
7633;Noordoostpolder;2019;45631;12175;25322;8134;38224;3462;2043;1419;3945;2279;1666;463;240;223;336;225;111;407;217;190;672;308;364;2067;1289;778;572.0;408.0;533.0;331.0;1248.0;1633.0;171
7634;Noordoostpolder;2020;45613;12114;25139;8360;38002;3564;2119;1445;4047;2343;1704;473;246;227;343;231;112;406;209;197;667;307;360;2158;1350;808;593.0;422.0;529.0;355.0;1298.0;1642.0;171
7635;Noordoostpolder;2021;45618;12085;24933;8600;37827;3648;2192;1456;4143;2391;1752;485;254;231;347;234;113;417;208;209;674;308;366;2220;1387;833;569.0;419.0;549.0;349.0;1290.0;1639.0;171
7636;Noordoostpolder;2022;45616;12001;24802;8813;37623;3706;2242;1464;4287;2469;1818;494;257;237;358;237;121;426;215;211;682;312;370;2327;1448;879;574.0;419.0;550.0;330.0;1277.0;1661.0;171
7637;Noordoostpolder;2023;45611;11970;24574;9067;37471;3772;2318;1454;4368;2508;1860;504;262;242;374;246;128;426;212;214;689;312;377;2375;1476;899;572.0;434.0;546.0;336.0;1285.0;1656.0;171
7638;Noordoostpolder;2024;45590;11976;24377;9237;37272;3845;2388;1457;4473;2557;1916;524;273;251;388;251;137;437;216;221;689;317;372;2435;1500;935;561.0;445.0;564.0;344.0;1318.0;1671.0;171
7639;Noordoostpolder;2025;45576;11884;24227;9465;37118;3929;2466;1463;4529;2600;1929;529;281;248;381;238;143;437;214;223;684;326;358;2498;1541;957;;;;;;;171
7640;Noordwijk;2006;24920;5491;15782;3647;21523;2347;1112;1235;1050;625;425;88;35;53;71;32;39;36;19;17;292;154;138;563;385;178;226.0;228.0;220.0;135.0;1259.0;1019.0;575
7641;Noordwijk;2007;25246;5499;16012;3735;21608;2481;1187;1294;1157;697;460;99;39;60;76;35;41;37;19;18;306;159;147;639;445;194;242.0;243.0;240.0;155.0;1362.0;1049.0;575
7642;Noordwijk;2008;25641;5534;16257;3850;21765;2610;1285;1325;1266;767;499;114;45;69;80;38;42;47;25;22;323;164;159;702;495;207;234.0;229.0;278.0;156.0;1407.0;1095.0;575
7643;Noordwijk;2009;26080;5587;16492;4001;21921;2776;1405;1371;1383;860;523;127;50;77;96;45;51;51;27;24;329;167;162;780;571;209;232.0;239.0;337.0;175.0;1442.0;1132.0;575
7644;Noordwijk;2010;26547;5604;16737;4206;22071;2951;1554;1397;1525;948;577;136;53;83;106;50;56;61;31;30;341;170;171;881;644;237;244.0;249.0;390.0;201.0;1442.0;1172.0;575
7645;Noordwijk;2011;27002;5679;16993;4330;22215;3137;1722;1415;1650;1020;630;143;46;97;113;51;62;69;34;35;346;170;176;979;719;260;262.0;246.0;425.0;206.0;1425.0;1206.0;575
7646;Noordwijk;2012;27457;5753;17149;4555;22298;3363;1920;1443;1796;1117;679;150;50;100;130;59;71;72;32;40;364;179;185;1080;797;283;266.0;248.0;465.0;230.0;1441.0;1234.0;575
7647;Noordwijk;2013;27922;5844;17317;4761;22437;3550;2077;1473;1935;1200;735;162;54;108;136;63;73;79;36;43;360;172;188;1198;875;323;264.0;257.0;491.0;280.0;1487.0;1260.0;575
7648;Noordwijk;2014;28369;5913;17489;4967;22573;3734;2237;1497;2062;1276;786;176;54;122;148;73;75;84;37;47;365;174;191;1289;938;351;273.0;255.0;509.0;290.0;1485.0;1280.0;575
7649;Noordwijk;2015;28812;6035;17679;5098;22648;3965;2413;1552;2199;1354;845;191;56;135;157;76;81;91;38;53;376;174;202;1384;1010;374;292.0;288.0;520.0;278.0;1511.0;1322.0;575
7650;Noordwijk;2016;29247;6132;17902;5213;22763;4162;2602;1560;2322;1418;904;200;56;144;165;84;81;99;41;58;393;176;217;1465;1061;404;316.0;270.0;530.0;284.0;1463.0;1336.0;575
7651;Noordwijk;2017;29671;6217;18089;5365;22839;4376;2763;1613;2456;1486;970;213;60;153;183;92;91;104;42;62;398;175;223;1558;1117;441;312.0;305.0;530.0;291.0;1507.0;1347.0;575
7652;Noordwijk;2018;30081;6356;18229;5496;22930;4580;2930;1650;2571;1559;1012;227;65;162;188;94;94;109;44;65;393;175;218;1654;1181;473;343.0;307.0;530.0;290.0;1504.0;1380.0;575
7653;Noordwijk;2019;30483;6460;18435;5588;23026;4785;3084;1701;2672;1610;1062;243;71;172;192;93;99;113;42;71;396;173;223;1728;1231;497;343.0;291.0;538.0;320.0;1513.0;1388.0;575
7654;Noordwijk;2020;30881;6595;18538;5748;23109;4974;3223;1751;2798;1679;1119;261;80;181;200;94;106;118;42;76;398;175;223;1821;1288;533;330.0;297.0;508.0;316.0;1558.0;1399.0;575
7655;Noordwijk;2021;31266;6711;18689;5866;23177;5168;3352;1816;2921;1737;1184;273;81;192;217;105;112;120;41;79;403;173;230;1908;1337;571;354.0;297.0;502.0;311.0;1519.0;1419.0;575
7656;Noordwijk;2022;31624;6836;18770;6018;23245;5349;3482;1867;3030;1793;1237;289;83;206;214;103;111;121;39;82;417;175;242;1989;1393;596;370.0;318.0;495.0;334.0;1572.0;1439.0;575
7657;Noordwijk;2023;31971;6969;18849;6153;23300;5518;3577;1941;3153;1860;1293;295;88;207;214;103;111;127;42;85;419;174;245;2098;1453;645;389.0;319.0;477.0;328.0;1569.0;1473.0;575
7658;Noordwijk;2024;32290;7105;18873;6312;23405;5631;3642;1989;3254;1893;1361;313;95;218;223;107;116;128;43;85;424;168;256;2166;1480;686;385.0;318.0;455.0;322.0;1579.0;1464.0;575
7659;Noordwijk;2025;32605;7154;18993;6458;23473;5752;3705;2047;3380;1954;1426;330;100;230;234;113;121;141;44;97;424;167;257;2251;1530;721;;;;;;;575
7660;Noordwijkerhout;2006;15309;3787;9161;2361;13646;1171;534;637;492;312;180;92;52;40;41;17;24;10;9;1;47;24;23;302;210;92;160.0;137.0;40.0;69.0;688.0;563.0;576
7661;Noordwijkerhout;2007;15429;3759;9231;2439;13692;1198;547;651;539;348;191;103;58;45;40;17;23;10;10;0;52;27;25;334;236;98;173.0;142.0;65.0;61.0;696.0;577.0;576
7662;Noordwijkerhout;2008;15584;3751;9291;2542;13760;1244;565;679;580;370;210;102;54;48;48;21;27;11;11;0;54;28;26;365;256;109;162.0;141.0;58.0;59.0;709.0;581.0;576
7663;Noordwijkerhout;2009;15732;3729;9368;2635;13815;1284;592;692;633;406;227;112;58;54;54;25;29;12;12;0;57;32;25;398;279;119;171.0;147.0;49.0;69.0;754.0;601.0;576
7664;Noordwijkerhout;2010;15888;3727;9414;2747;13882;1331;611;720;675;434;241;124;63;61;57;27;30;20;17;3;65;36;29;409;291;118;163.0;145.0;54.0;65.0;760.0;607.0;576
7665;Noordwijkerhout;2011;16050;3687;9557;2806;13951;1397;646;751;702;451;251;125;65;60;57;28;29;21;15;6;70;39;31;429;304;125;166.0;151.0;49.0;76.0;799.0;625.0;576
7666;Noordwijkerhout;2012;16217;3643;9616;2958;14022;1448;666;782;747;475;272;132;65;67;60;29;31;24;15;9;76;43;33;455;323;132;175.0;160.0;74.0;62.0;771.0;633.0;576
7667;Noordwijkerhout;2013;16384;3640;9650;3094;14055;1520;711;809;809;517;292;136;62;74;68;33;35;28;17;11;79;44;35;498;361;137;175.0;163.0;66.0;71.0;791.0;642.0;576
7668;Noordwijkerhout;2014;16540;3636;9683;3221;14100;1596;749;847;844;536;308;138;62;76;73;36;37;32;18;14;84;48;36;517;372;145;176.0;165.0;74.0;83.0;807.0;637.0;576
7669;Noordwijkerhout;2015;16709;3659;9708;3342;14147;1666;797;869;896;559;337;148;66;82;78;38;40;35;17;18;90;50;40;545;388;157;185.0;147.0;62.0;80.0;775.0;659.0;576
7670;Noordwijkerhout;2016;16846;3683;9688;3475;14213;1708;821;887;925;576;349;152;65;87;83;42;41;35;16;19;96;56;40;559;397;162;206.0;173.0;78.0;97.0;792.0;660.0;576
7671;Noordwijkerhout;2017;16989;3689;9748;3552;14263;1763;851;912;963;601;362;160;68;92;86;47;39;38;16;22;104;57;47;575;413;162;203.0;179.0;77.0;70.0;785.0;677.0;576
7672;Noordwijkerhout;2018;17130;3705;9808;3617;14307;1803;875;928;1020;634;386;168;71;97;88;49;39;43;18;25;115;59;56;606;437;169;204.0;182.0;71.0;88.0;810.0;670.0;576
7673;Noordwijkerhout;2019;17274;3746;9791;3737;14359;1831;897;934;1084;685;399;170;72;98;96;54;42;41;18;23;121;60;61;656;481;175;212.0;204.0;77.0;84.0;825.0;679.0;576
7674;Noordwijkerhout;2020;17420;3752;9872;3796;14414;1882;926;956;1124;705;419;173;71;102;100;58;42;44;20;24;131;61;70;676;495;181;222.0;186.0;93.0;89.0;773.0;698.0;576
7675;Noordwijkerhout;2021;17534;3796;9854;3884;14440;1929;951;978;1165;726;439;174;70;104;105;59;46;45;19;26;136;61;75;705;517;188;251.0;202.0;79.0;86.0;779.0;694.0;576
7676;Noordwijkerhout;2022;17660;3820;9901;3939;14492;1956;964;992;1212;750;462;184;72;112;113;63;50;50;20;30;141;62;79;724;533;191;212.0;207.0;87.0;91.0;805.0;690.0;576
7677;Noordwijkerhout;2023;17776;3882;9883;4011;14538;1986;976;1010;1252;771;481;195;72;123;114;66;48;52;20;32;141;60;81;750;553;197;212.0;210.0;99.0;90.0;800.0;708.0;576
7678;Noordwijkerhout;2024;17878;3915;9888;4075;14552;2015;999;1016;1311;796;515;201;74;127;125;70;55;58;24;34;146;60;86;781;568;213;216.0;219.0;97.0;75.0;801.0;706.0;576
7679;Noordwijkerhout;2025;17994;3971;9892;4131;14585;2054;1022;1032;1355;814;541;208;76;132;126;72;54;60;24;36;154;62;92;807;580;227;;;;;;;576
7680;Nuenen, Gerwen en Nederwetten;2006;23036;5843;14015;3178;20513;2009;633;1376;514;272;242;78;30;48;48;25;23;34;12;22;22;10;12;332;195;137;206.0;154.0;49.0;104.0;809.0;971.0;820
7681;Nuenen, Gerwen en Nederwetten;2007;22870;5652;13892;3326;20327;2006;631;1375;537;283;254;82;33;49;53;27;26;36;11;25;26;11;15;340;201;139;176.0;169.0;45.0;91.0;832.0;968.0;820
7682;Nuenen, Gerwen en Nederwetten;2008;22694;5465;13771;3458;20103;2023;627;1396;568;289;279;88;34;54;52;24;28;38;11;27;31;12;19;359;208;151;179.0;172.0;60.0;106.0;824.0;964.0;820
7683;Nuenen, Gerwen en Nederwetten;2009;22515;5313;13571;3631;19876;2041;641;1400;598;300;298;92;35;57;54;25;29;40;11;29;33;12;21;379;217;162;167.0;170.0;65.0;106.0;850.0;979.0;820
7684;Nuenen, Gerwen en Nederwetten;2010;22339;5160;13383;3796;19668;2063;645;1418;608;293;315;94;33;61;53;24;29;45;12;33;34;13;21;382;211;171;174.0;158.0;52.0;92.0;816.0;973.0;820
7685;Nuenen, Gerwen en Nederwetten;2011;22160;4974;13208;3978;19436;2079;651;1428;645;307;338;102;33;69;50;23;27;48;11;37;36;14;22;409;226;183;172.0;184.0;46.0;109.0;853.0;977.0;820
7686;Nuenen, Gerwen en Nederwetten;2012;21962;4796;12967;4199;19228;2087;652;1435;647;304;343;106;34;72;51;23;28;48;9;39;37;14;23;405;224;181;168.0;186.0;60.0;108.0;847.0;974.0;820
7687;Nuenen, Gerwen en Nederwetten;2013;21770;4630;12768;4372;19013;2085;640;1445;672;308;364;107;32;75;46;18;28;53;11;42;41;15;26;425;232;193;171.0;194.0;52.0;95.0;846.0;965.0;820
7688;Nuenen, Gerwen en Nederwetten;2014;21588;4482;12558;4548;18809;2095;646;1449;684;306;378;104;28;76;47;19;28;55;13;42;47;15;32;431;231;200;188.0;199.0;53.0;83.0;822.0;962.0;820
7689;Nuenen, Gerwen en Nederwetten;2015;21407;4375;12336;4696;18619;2083;645;1438;705;314;391;112;30;82;47;18;29;55;13;42;47;14;33;444;239;205;177.0;214.0;54.0;95.0;841.0;951.0;820
7690;Nuenen, Gerwen en Nederwetten;2016;21219;4287;12098;4834;18405;2102;649;1453;712;310;402;117;31;86;47;17;30;59;12;47;50;14;36;439;236;203;180.0;209.0;42.0;68.0;825.0;942.0;820
7691;Nuenen, Gerwen en Nederwetten;2017;21045;4194;11928;4923;18227;2085;631;1454;733;306;427;120;32;88;51;19;32;67;12;55;50;13;37;445;230;215;206.0;207.0;42.0;96.0;826.0;926.0;820
7692;Nuenen, Gerwen en Nederwetten;2018;20887;4122;11782;4983;18064;2067;625;1442;756;302;454;125;33;92;54;21;33;72;10;62;51;12;39;454;226;228;198.0;213.0;35.0;83.0;822.0;919.0;820
7693;Nuenen, Gerwen en Nederwetten;2019;20725;4045;11613;5067;17854;2097;636;1461;774;301;473;123;33;90;53;21;32;81;13;68;56;11;45;461;223;238;202.0;227.0;36.0;91.0;836.0;926.0;820
7694;Nuenen, Gerwen en Nederwetten;2020;20556;3978;11448;5130;17653;2091;619;1472;812;322;490;129;36;93;53;21;32;85;14;71;67;13;54;478;238;240;213.0;222.0;36.0;68.0;805.0;905.0;820
7695;Nuenen, Gerwen en Nederwetten;2021;20415;3930;11283;5202;17483;2086;604;1482;846;331;515;143;41;102;58;23;35;93;14;79;70;12;58;482;241;241;206.0;221.0;44.0;81.0;816.0;913.0;820
7696;Nuenen, Gerwen en Nederwetten;2022;20266;3896;11155;5215;17311;2096;605;1491;859;327;532;146;40;106;55;24;31;98;12;86;71;12;59;489;239;250;224.0;222.0;48.0;66.0;795.0;911.0;820
7697;Nuenen, Gerwen en Nederwetten;2023;20135;3904;10949;5282;17141;2113;612;1501;881;328;553;148;41;107;61;26;35;101;11;90;76;13;63;495;237;258;223.0;238.0;38.0;79.0;799.0;888.0;820
7698;Nuenen, Gerwen en Nederwetten;2024;19991;3891;10756;5344;16948;2133;618;1515;910;338;572;155;43;112;58;23;35;105;11;94;81;12;69;511;249;262;235.0;237.0;36.0;76.0;807.0;880.0;820
7699;Nuenen, Gerwen en Nederwetten;2025;19875;3905;10593;5377;16799;2138;616;1522;938;338;600;162;45;117;63;25;38;109;13;96;81;12;69;523;243;280;;;;;;;820
7700;Nunspeet;2006;26606;7555;15112;3939;24835;974;377;597;797;542;255;47;23;24;26;12;14;69;38;31;118;62;56;537;407;130;340.0;253.0;63.0;77.0;649.0;745.0;302
7701;Nunspeet;2007;26583;7494;15139;3950;24757;1013;382;631;813;545;268;52;23;29;29;14;15;72;39;33;121;63;58;539;406;133;344.0;242.0;89.0;79.0;601.0;750.0;302
7702;Nunspeet;2008;26548;7417;15126;4005;24636;1074;403;671;838;555;283;56;24;32;30;15;15;78;40;38;125;63;62;549;413;136;338.0;236.0;85.0;92.0;609.0;757.0;302
7703;Nunspeet;2009;26497;7321;15103;4073;24532;1108;419;689;857;569;288;55;25;30;32;16;16;78;39;39;127;63;64;565;426;139;333.0;247.0;100.0;78.0;595.0;754.0;302
7704;Nunspeet;2010;26450;7279;15049;4122;24421;1150;427;723;879;574;305;58;27;31;38;18;20;79;40;39;133;63;70;571;426;145;332.0;255.0;106.0;78.0;592.0;754.0;302
7705;Nunspeet;2011;26396;7193;15030;4173;24320;1170;442;728;906;589;317;61;28;33;39;19;20;84;42;42;137;62;75;585;438;147;325.0;240.0;114.0;76.0;581.0;752.0;302
7706;Nunspeet;2012;26350;7124;14895;4331;24199;1221;473;748;930;601;329;60;25;35;40;19;21;86;43;43;141;64;77;603;450;153;336.0;244.0;104.0;93.0;594.0;746.0;302
7707;Nunspeet;2013;26301;7091;14801;4409;24084;1276;491;785;941;604;337;63;27;36;44;20;24;89;42;47;140;65;75;605;450;155;332.0;246.0;126.0;84.0;580.0;756.0;302
7708;Nunspeet;2014;26253;7061;14726;4466;24005;1288;508;780;960;607;353;66;29;37;46;20;26;93;46;47;144;66;78;611;446;165;345.0;253.0;111.0;85.0;583.0;748.0;302
7709;Nunspeet;2015;26211;7031;14659;4521;23883;1350;544;806;978;612;366;65;28;37;47;18;29;99;46;53;144;66;78;623;454;169;340.0;248.0;94.0;97.0;605.0;739.0;302
7710;Nunspeet;2016;26170;6984;14593;4593;23817;1376;556;820;977;608;369;66;28;38;48;17;31;103;50;53;150;68;82;610;445;165;334.0;240.0;115.0;97.0;574.0;739.0;302
7711;Nunspeet;2017;26122;6954;14502;4666;23716;1406;570;836;1000;616;384;70;30;40;52;19;33;105;49;56;148;67;81;625;451;174;336.0;254.0;114.0;96.0;592.0;737.0;302
7712;Nunspeet;2018;26079;6939;14378;4762;23610;1433;586;847;1036;638;398;76;33;43;51;21;30;109;48;61;154;67;87;646;469;177;328.0;254.0;110.0;98.0;607.0;733.0;302
7713;Nunspeet;2019;26042;6907;14280;4855;23537;1449;596;853;1056;637;419;78;32;46;53;21;32;112;50;62;154;67;87;659;467;192;328.0;257.0;110.0;102.0;605.0;730.0;302
7714;Nunspeet;2020;25998;6830;14238;4930;23436;1477;608;869;1085;645;440;76;29;47;58;25;33;115;49;66;159;67;92;677;475;202;320.0;262.0;91.0;81.0;607.0;728.0;302
7715;Nunspeet;2021;25946;6797;14166;4983;23314;1514;618;896;1118;664;454;79;30;49;62;28;34;121;52;69;162;67;95;694;487;207;321.0;273.0;107.0;101.0;625.0;726.0;302
7716;Nunspeet;2022;25901;6774;14070;5057;23200;1571;636;935;1130;659;471;89;34;55;68;33;35;124;52;72;169;71;98;680;469;211;325.0;261.0;86.0;81.0;603.0;721.0;302
7717;Nunspeet;2023;25854;6744;13989;5121;23126;1581;646;935;1147;669;478;90;33;57;70;35;35;128;50;78;165;72;93;694;479;215;337.0;278.0;90.0;81.0;604.0;715.0;302
7718;Nunspeet;2024;25810;6736;13885;5189;23045;1613;663;950;1152;663;489;86;32;54;76;37;39;125;48;77;170;74;96;695;472;223;317.0;274.0;88.0;85.0;614.0;719.0;302
7719;Nunspeet;2025;25751;6683;13798;5270;22969;1638;688;950;1144;652;492;90;36;54;73;33;40;130;48;82;164;73;91;687;462;225;;;;;;;302
7720;Nuth;2006;15768;3310;9550;2908;13682;1743;404;1339;343;216;127;41;19;22;24;14;10;43;24;19;29;13;16;206;146;60;122.0;167.0;43.0;105.0;700.0;783.0;951
7721;Nuth;2007;15579;3218;9396;2965;13480;1746;402;1344;353;225;128;39;17;22;26;15;11;44;24;20;32;14;18;212;155;57;120.0;165.0;35.0;86.0;684.0;768.0;951
7722;Nuth;2008;15397;3120;9256;3021;13290;1750;403;1347;357;230;127;41;16;25;25;17;8;43;24;19;36;16;20;212;157;55;126.0;178.0;26.0;78.0;685.0;768.0;951
7723;Nuth;2009;15211;3046;9090;3075;13101;1741;412;1329;369;237;132;37;15;22;26;17;9;42;24;18;43;18;25;221;163;58;103.0;181.0;40.0;103.0;713.0;758.0;951
7724;Nuth;2010;15026;2944;8958;3124;12907;1752;418;1334;367;231;136;39;17;22;28;18;10;42;25;17;42;18;24;216;153;63;156.0;185.0;27.0;83.0;670.0;759.0;951
7725;Nuth;2011;14853;2852;8781;3220;12759;1729;426;1303;365;225;140;39;17;22;26;17;9;41;23;18;49;19;30;210;149;61;109.0;182.0;35.0;88.0;680.0;740.0;951
7726;Nuth;2012;14667;2756;8645;3266;12576;1706;419;1287;385;242;143;39;18;21;29;18;11;42;23;19;50;20;30;225;163;62;102.0;182.0;43.0;79.0;676.0;742.0;951
7727;Nuth;2013;14486;2671;8459;3356;12399;1686;420;1266;401;251;150;44;20;24;30;19;11;42;22;20;54;21;33;231;169;62;112.0;176.0;39.0;78.0;669.0;730.0;951
7728;Nuth;2014;14324;2600;8288;3436;12206;1688;420;1268;430;256;174;48;23;25;30;18;12;46;24;22;57;20;37;249;171;78;110.0;176.0;39.0;85.0;679.0;728.0;951
7729;Nuth;2015;14161;2518;8137;3506;12037;1689;411;1278;435;247;188;49;23;26;32;19;13;47;24;23;59;20;39;248;161;87;130.0;188.0;41.0;80.0;639.0;714.0;951
7730;Nuth;2016;13989;2473;7969;3547;11866;1687;426;1261;436;243;193;43;20;23;35;20;15;47;22;25;60;19;41;251;162;89;108.0;196.0;34.0;82.0;672.0;705.0;951
7731;Nuth;2017;13820;2415;7839;3566;11702;1659;419;1240;459;256;203;46;23;23;38;22;16;48;20;28;65;20;45;262;171;91;136.0;192.0;32.0;76.0;644.0;698.0;951
7732;Nuth;2018;13665;2375;7680;3610;11533;1663;432;1231;469;250;219;53;23;30;42;26;16;49;20;29;71;19;52;254;162;92;111.0;197.0;42.0;81.0;653.0;698.0;951
7733;Nuth;2019;13496;2350;7498;3648;11353;1667;437;1230;476;256;220;52;22;30;47;28;19;53;22;31;69;19;50;255;165;90;119.0;198.0;41.0;80.0;631.0;682.0;951
7734;Nuth;2020;13327;2330;7380;3617;11198;1653;439;1214;476;254;222;50;21;29;44;27;17;54;23;31;72;20;52;256;163;93;123.0;191.0;36.0;84.0;630.0;657.0;951
7735;Nuth;2021;13183;2304;7239;3640;11065;1636;438;1198;482;249;233;52;20;32;44;27;17;57;24;33;74;20;54;255;158;97;112.0;191.0;34.0;77.0;628.0;658.0;951
7736;Nuth;2022;13030;2302;7067;3661;10903;1633;449;1184;494;256;238;50;21;29;46;29;17;63;26;37;76;19;57;259;161;98;121.0;205.0;39.0;82.0;631.0;649.0;951
7737;Nuth;2023;12885;2300;6906;3679;10759;1612;440;1172;514;256;258;50;19;31;47;28;19;68;26;42;79;18;61;270;165;105;121.0;184.0;33.0;83.0;617.0;647.0;951
7738;Nuth;2024;12743;2288;6781;3674;10637;1599;442;1157;507;250;257;50;19;31;46;28;18;65;23;42;81;18;63;265;162;103;120.0;190.0;37.0;79.0;611.0;631.0;951
7739;Nuth;2025;12613;2283;6645;3685;10514;1577;437;1140;522;252;270;51;21;30;46;27;19;63;21;42;89;19;70;273;164;109;;;;;;;951
7740;Obdam;2006;6948;1880;4270;798;6469;289;91;198;190;114;76;29;13;16;17;6;11;4;3;1;11;7;4;129;85;44;87.0;43.0;15.0;13.0;235.0;194.0;429
7741;Obdam;2007;7036;1874;4319;843;6486;328;109;219;222;134;88;33;14;19;18;7;11;7;5;2;13;9;4;151;99;52;85.0;53.0;17.0;16.0;236.0;198.0;429
7742;Obdam;2008;7108;1862;4366;880;6493;362;122;240;253;151;102;33;12;21;20;8;12;8;6;2;17;10;7;175;115;60;112.0;49.0;24.0;25.0;228.0;203.0;429
7743;Obdam;2009;7194;1879;4365;950;6506;401;134;267;287;172;115;39;15;24;23;9;14;11;7;4;21;12;9;193;129;64;90.0;51.0;27.0;21.0;236.0;201.0;429
7744;Obdam;2010;7278;1874;4386;1018;6530;432;149;283;316;190;126;44;18;26;27;12;15;12;6;6;28;15;13;205;139;66;77.0;52.0;27.0;24.0;240.0;222.0;429
7745;Obdam;2011;7325;1851;4415;1059;6517;463;165;298;345;209;136;49;20;29;31;15;16;14;8;6;31;16;15;220;150;70;94.0;66.0;17.0;26.0;240.0;211.0;429
7746;Obdam;2012;7374;1836;4404;1134;6502;499;171;328;373;227;146;52;21;31;34;17;17;17;10;7;34;19;15;236;160;76;82.0;74.0;20.0;25.0;238.0;207.0;429
7747;Obdam;2013;7410;1821;4384;1205;6473;551;186;365;386;233;153;59;22;37;36;19;17;18;11;7;35;19;16;238;162;76;72.0;68.0;27.0;24.0;232.0;208.0;429
7748;Obdam;2014;7443;1803;4385;1255;6451;585;202;383;407;237;170;65;24;41;40;19;21;19;10;9;38;20;18;245;164;81;74.0;75.0;25.0;22.0;236.0;213.0;429
7749;Obdam;2015;7472;1778;4367;1327;6431;618;212;406;423;244;179;73;27;46;36;15;21;20;11;9;43;22;21;251;169;82;85.0;80.0;31.0;22.0;237.0;213.0;429
7750;Obdam;2016;7509;1800;4348;1361;6419;645;219;426;445;254;191;77;27;50;38;16;22;22;12;10;43;21;22;265;178;87;92.0;69.0;25.0;17.0;236.0;222.0;429
7751;Obdam;2017;7555;1799;4322;1434;6418;675;229;446;462;272;190;80;30;50;38;15;23;23;13;10;46;24;22;275;190;85;79.0;76.0;20.0;18.0;238.0;213.0;429
7752;Obdam;2018;7588;1792;4300;1496;6405;703;243;460;480;284;196;81;31;50;40;18;22;23;14;9;46;24;22;290;197;93;96.0;73.0;29.0;18.0;236.0;217.0;429
7753;Obdam;2019;7644;1804;4281;1559;6403;733;255;478;508;295;213;87;35;52;46;22;24;26;15;11;49;23;26;300;200;100;92.0;86.0;26.0;20.0;231.0;229.0;429
7754;Obdam;2020;7660;1802;4260;1598;6384;749;266;483;527;302;225;92;40;52;48;23;25;31;16;15;49;22;27;307;201;106;86.0;87.0;25.0;18.0;242.0;219.0;429
7755;Obdam;2021;7691;1794;4259;1638;6370;773;275;498;548;313;235;102;45;57;52;27;25;35;19;16;51;23;28;308;199;109;93.0;80.0;25.0;20.0;244.0;212.0;429
7756;Obdam;2022;7744;1785;4269;1690;6383;795;283;512;566;316;250;106;44;62;53;27;26;36;18;18;54;23;31;317;204;113;87.0;74.0;34.0;17.0;241.0;217.0;429
7757;Obdam;2023;7797;1792;4272;1733;6383;825;294;531;589;326;263;105;44;61;55;26;29;39;18;21;57;23;34;333;215;118;89.0;85.0;35.0;18.0;254.0;219.0;429
7758;Obdam;2024;7853;1808;4255;1790;6376;860;314;546;617;339;278;108;46;62;55;26;29;45;19;26;61;24;37;348;224;124;91.0;93.0;29.0;21.0;241.0;228.0;429
7759;Obdam;2025;7874;1819;4218;1837;6371;871;325;546;632;348;284;107;45;62;57;27;30;47;22;25;65;26;39;356;228;128;;;;;;;429
7760;Oegstgeest;2006;21385;5632;12397;3356;17000;3060;1478;1582;1325;775;550;212;115;97;135;59;76;44;25;19;74;35;39;860;541;319;204.0;203.0;224.0;137.0;1292.0;1255.0;579
7761;Oegstgeest;2007;21510;5562;12605;3343;17014;3104;1537;1567;1392;809;583;231;121;110;141;63;78;44;24;20;80;38;42;896;563;333;205.0;190.0;242.0;160.0;1350.0;1292.0;579
7762;Oegstgeest;2008;21669;5471;12813;3385;17037;3157;1593;1564;1475;865;610;247;127;120;145;65;80;49;24;25;89;43;46;945;606;339;217.0;204.0;278.0;166.0;1402.0;1332.0;579
7763;Oegstgeest;2009;21869;5440;12971;3458;17039;3257;1689;1568;1573;905;668;262;126;136;158;72;86;52;24;28;100;45;55;1001;638;363;192.0;206.0;282.0;139.0;1426.0;1360.0;579
7764;Oegstgeest;2010;22063;5393;13134;3536;17022;3370;1795;1575;1671;963;708;264;129;135;169;76;93;57;29;28;107;44;63;1074;685;389;201.0;200.0;357.0;183.0;1407.0;1385.0;579
7765;Oegstgeest;2011;22260;5292;13388;3580;17008;3479;1900;1579;1773;1025;748;287;141;146;175;82;93;63;33;30;112;46;66;1136;723;413;218.0;205.0;376.0;206.0;1454.0;1446.0;579
7766;Oegstgeest;2012;22452;5237;13453;3762;17006;3583;2003;1580;1863;1067;796;290;141;149;180;84;96;66;33;33;127;53;74;1200;756;444;219.0;195.0;384.0;199.0;1447.0;1452.0;579
7767;Oegstgeest;2013;22657;5198;13607;3852;17006;3698;2117;1581;1953;1113;840;292;141;151;193;89;104;71;33;38;130;54;76;1267;796;471;240.0;191.0;410.0;229.0;1453.0;1484.0;579
7768;Oegstgeest;2014;22857;5188;13743;3926;16990;3840;2246;1594;2027;1155;872;307;150;157;204;94;110;78;34;44;133;57;76;1305;820;485;246.0;208.0;397.0;226.0;1494.0;1511.0;579
7769;Oegstgeest;2015;23051;5182;13805;4064;17002;3948;2352;1596;2101;1199;902;308;148;160;205;94;111;83;34;49;139;55;84;1366;868;498;269.0;217.0;417.0;236.0;1502.0;1525.0;579
7770;Oegstgeest;2016;23261;5160;13931;4170;17035;4036;2437;1599;2190;1247;943;315;146;169;218;100;118;84;35;49;153;60;93;1420;906;514;262.0;209.0;419.0;242.0;1509.0;1537.0;579
7771;Oegstgeest;2017;23465;5209;13987;4269;17045;4147;2526;1621;2273;1295;978;324;147;177;225;102;123;93;39;54;154;63;91;1477;944;533;267.0;207.0;432.0;249.0;1484.0;1535.0;579
7772;Oegstgeest;2018;23661;5240;14020;4401;17029;4286;2623;1663;2346;1333;1013;322;143;179;244;121;123;103;42;61;163;67;96;1514;960;554;281.0;229.0;409.0;261.0;1535.0;1538.0;579
7773;Oegstgeest;2019;23858;5252;14092;4514;17041;4390;2699;1691;2427;1381;1046;325;143;182;261;131;130;103;41;62;176;66;110;1562;1000;562;286.0;219.0;415.0;232.0;1509.0;1571.0;579
7774;Oegstgeest;2020;24048;5326;14135;4587;17021;4495;2774;1721;2532;1438;1094;337;149;188;273;141;132;105;41;64;190;69;121;1627;1038;589;300.0;222.0;410.0;257.0;1535.0;1586.0;579
7775;Oegstgeest;2021;24231;5390;14159;4682;16997;4607;2835;1772;2627;1472;1155;331;141;190;287;149;138;114;45;69;201;70;131;1694;1067;627;296.0;247.0;382.0;265.0;1617.0;1595.0;579
7776;Oegstgeest;2022;24419;5463;14176;4780;17010;4697;2868;1829;2712;1511;1201;338;141;197;285;144;141;116;46;70;212;71;141;1761;1109;652;279.0;248.0;355.0;261.0;1670.0;1594.0;579
7777;Oegstgeest;2023;24623;5498;14253;4872;17066;4782;2903;1879;2775;1555;1220;335;136;199;293;146;147;123;48;75;216;75;141;1808;1150;658;291.0;238.0;359.0;249.0;1621.0;1612.0;579
7778;Oegstgeest;2024;24798;5549;14297;4952;17053;4887;2948;1939;2858;1602;1256;341;138;203;296;148;148;119;44;75;224;77;147;1878;1195;683;285.0;239.0;356.0;255.0;1590.0;1586.0;579
7779;Oegstgeest;2025;24947;5623;14264;5060;17050;4960;2986;1974;2937;1653;1284;353;145;208;294;149;145;129;49;80;234;78;156;1927;1232;695;;;;;;;579
7780;Oirschot;2006;17789;4616;10668;2505;16852;677;216;461;260;163;97;26;11;15;37;21;16;15;8;7;6;2;4;176;121;55;173.0;164.0;30.0;65.0;520.0;432.0;823
7781;Oirschot;2007;17851;4583;10700;2568;16864;710;233;477;277;168;109;28;12;16;39;21;18;18;8;10;8;2;6;184;125;59;172.0;176.0;30.0;54.0;527.0;436.0;823
7782;Oirschot;2008;17914;4511;10777;2626;16886;734;242;492;294;178;116;32;14;18;38;20;18;20;8;12;9;3;6;195;133;62;169.0;148.0;31.0;61.0;523.0;440.0;823
7783;Oirschot;2009;17985;4454;10838;2693;16918;755;251;504;312;191;121;36;16;20;38;22;16;26;9;17;10;4;6;202;140;62;161.0;170.0;47.0;87.0;546.0;455.0;823
7784;Oirschot;2010;18029;4392;10872;2765;16918;782;268;514;329;202;127;43;21;22;36;20;16;30;10;20;10;4;6;210;147;63;159.0;168.0;52.0;60.0;514.0;461.0;823
7785;Oirschot;2011;18066;4286;10928;2852;16912;805;283;522;349;215;134;43;22;21;36;22;14;32;11;21;11;4;7;227;156;71;165.0;178.0;48.0;71.0;549.0;462.0;823
7786;Oirschot;2012;18120;4204;10955;2961;16918;837;306;531;365;221;144;47;25;22;37;22;15;34;11;23;12;4;8;235;159;76;176.0;168.0;45.0;66.0;536.0;475.0;823
7787;Oirschot;2013;18172;4130;10936;3106;16926;861;320;541;385;235;150;49;27;22;40;23;17;35;10;25;15;6;9;246;169;77;183.0;186.0;32.0;69.0;561.0;478.0;823
7788;Oirschot;2014;18220;4073;10910;3237;16939;880;330;550;401;240;161;51;31;20;41;23;18;37;9;28;15;6;9;257;171;86;183.0;178.0;44.0;86.0;537.0;468.0;823
7789;Oirschot;2015;18257;4004;10906;3347;16938;891;336;555;428;255;173;50;31;19;42;23;19;43;11;32;21;9;12;272;181;91;178.0;185.0;30.0;73.0;555.0;470.0;823
7790;Oirschot;2016;18297;3971;10887;3439;16936;911;339;572;450;260;190;55;32;23;46;25;21;47;11;36;24;10;14;278;182;96;177.0;190.0;31.0;74.0;569.0;476.0;823
7791;Oirschot;2017;18338;3932;10902;3504;16930;939;351;588;469;271;198;56;33;23;45;25;20;51;13;38;26;10;16;291;190;101;197.0;193.0;36.0;60.0;545.0;482.0;823
7792;Oirschot;2018;18380;3922;10870;3588;16933;967;367;600;480;278;202;57;34;23;42;22;20;49;13;36;26;10;16;306;199;107;202.0;196.0;39.0;66.0;534.0;483.0;823
7793;Oirschot;2019;18413;3895;10832;3686;16917;990;377;613;506;297;209;55;34;21;40;22;18;52;13;39;28;10;18;331;218;113;210.0;190.0;42.0;72.0;519.0;479.0;823
7794;Oirschot;2020;18446;3858;10796;3792;16892;1024;399;625;530;310;220;55;33;22;43;23;20;53;13;40;31;11;20;348;230;118;218.0;201.0;48.0;73.0;524.0;485.0;823
7795;Oirschot;2021;18481;3847;10758;3876;16874;1054;421;633;553;319;234;56;36;20;42;20;22;53;13;40;36;12;24;366;238;128;213.0;204.0;52.0;63.0;492.0;475.0;823
7796;Oirschot;2022;18498;3850;10681;3967;16846;1078;436;642;574;336;238;59;36;23;40;19;21;54;13;41;43;15;28;378;253;125;221.0;205.0;51.0;70.0;496.0;473.0;823
7797;Oirschot;2023;18523;3871;10578;4074;16815;1114;455;659;594;344;250;60;36;24;47;21;26;57;13;44;44;16;28;386;258;128;220.0;210.0;49.0;74.0;511.0;479.0;823
7798;Oirschot;2024;18541;3889;10477;4175;16806;1127;464;663;608;344;264;58;33;25;48;20;28;60;14;46;46;16;30;396;261;135;231.0;224.0;38.0;62.0;503.0;477.0;823
7799;Oirschot;2025;18553;3927;10350;4276;16799;1129;469;660;625;346;279;58;32;26;49;21;28;64;15;49;50;16;34;404;262;142;;;;;;;823
7800;Oisterwijk;2006;25767;6410;15148;4209;23119;1679;578;1101;969;570;399;83;41;42;65;24;41;126;56;70;150;83;67;545;366;179;228.0;222.0;56.0;69.0;938.0;892.0;824
7801;Oisterwijk;2007;25807;6328;15159;4320;23107;1710;583;1127;990;576;414;87;42;45;72;30;42;129;59;70;152;81;71;550;364;186;215.0;220.0;48.0;94.0;920.0;906.0;824
7802;Oisterwijk;2008;25772;6184;15167;4421;23052;1724;592;1132;996;571;425;88;43;45;76;32;44;130;59;71;151;79;72;551;358;193;211.0;244.0;44.0;74.0;955.0;924.0;824
7803;Oisterwijk;2009;25741;6055;15169;4517;22975;1749;590;1159;1017;587;430;88;42;46;85;38;47;128;61;67;158;80;78;558;366;192;231.0;223.0;57.0;71.0;904.0;930.0;824
7804;Oisterwijk;2010;25709;5921;15159;4629;22889;1769;599;1170;1051;603;448;93;44;49;85;37;48;126;60;66;165;82;83;582;380;202;229.0;249.0;47.0;99.0;953.0;935.0;824
7805;Oisterwijk;2011;25656;5760;15194;4702;22826;1769;600;1169;1061;593;468;100;45;55;84;37;47;125;58;67;169;84;85;583;369;214;220.0;235.0;44.0;78.0;928.0;936.0;824
7806;Oisterwijk;2012;25598;5628;15153;4817;22740;1775;614;1161;1083;599;484;105;46;59;91;42;49;127;61;66;172;83;89;588;367;221;218.0;260.0;48.0;86.0;950.0;943.0;824
7807;Oisterwijk;2013;25525;5498;15043;4984;22655;1774;616;1158;1096;604;492;108;48;60;87;38;49;123;58;65;171;82;89;607;378;229;222.0;244.0;47.0;58.0;928.0;942.0;824
7808;Oisterwijk;2014;25477;5410;14940;5127;22557;1790;621;1169;1130;630;500;110;49;61;95;41;54;122;59;63;176;84;92;627;397;230;259.0;257.0;44.0;70.0;908.0;940.0;824
7809;Oisterwijk;2015;25420;5309;14863;5248;22462;1812;639;1173;1146;636;510;117;49;68;89;39;50;119;57;62;175;82;93;646;409;237;244.0;267.0;50.0;74.0;923.0;937.0;824
7810;Oisterwijk;2016;25363;5272;14755;5336;22381;1826;644;1182;1156;637;519;120;54;66;86;38;48;119;55;64;180;83;97;651;407;244;249.0;262.0;45.0;76.0;934.0;946.0;824
7811;Oisterwijk;2017;25310;5209;14687;5414;22301;1816;641;1175;1193;658;535;128;59;69;93;40;53;121;56;65;180;81;99;671;422;249;248.0;271.0;47.0;88.0;935.0;939.0;824
7812;Oisterwijk;2018;25249;5165;14582;5502;22231;1821;633;1188;1197;662;535;133;63;70;92;39;53;119;56;63;181;81;100;672;423;249;270.0;274.0;54.0;84.0;911.0;939.0;824
7813;Oisterwijk;2019;25190;5134;14517;5539;22155;1800;630;1170;1235;670;565;137;65;72;101;39;62;123;54;69;188;84;104;686;428;258;263.0;265.0;39.0;86.0;917.0;930.0;824
7814;Oisterwijk;2020;25134;5125;14387;5622;22057;1833;638;1195;1244;656;588;137;62;75;100;39;61;121;53;68;197;86;111;689;416;273;280.0;291.0;48.0;71.0;883.0;921.0;824
7815;Oisterwijk;2021;25069;5094;14322;5653;21979;1856;651;1205;1234;644;590;135;59;76;103;42;61;121;53;68;198;86;112;677;404;273;264.0;292.0;45.0;73.0;921.0;931.0;824
7816;Oisterwijk;2022;25007;5051;14245;5711;21904;1840;647;1193;1263;666;597;136;61;75;110;46;64;123;52;71;203;89;114;691;418;273;284.0;282.0;33.0;72.0;914.0;925.0;824
7817;Oisterwijk;2023;24968;5063;14130;5775;21836;1854;656;1198;1278;671;607;138;59;79;109;46;63;123;53;70;205;89;116;703;424;279;275.0;299.0;36.0;59.0;893.0;914.0;824
7818;Oisterwijk;2024;24906;5050;14009;5847;21762;1860;667;1193;1284;670;614;141;61;80;107;43;64;125;54;71;207;91;116;704;421;283;282.0;291.0;36.0;73.0;893.0;904.0;824
7819;Oisterwijk;2025;24852;5058;13866;5928;21674;1868;672;1196;1310;684;626;142;61;81;108;44;64;129;54;75;209;89;120;722;436;286;;;;;;;824
7820;Oldebroek;2006;22832;6395;13473;2964;21730;600;188;412;502;296;206;64;24;40;32;21;11;41;18;23;49;13;36;316;220;96;296.0;162.0;57.0;70.0;728.0;882.0;269
7821;Oldebroek;2007;22798;6211;13578;3009;21630;626;186;440;542;311;231;69;22;47;35;22;13;47;20;27;45;11;34;346;236;110;289.0;162.0;63.0;63.0;685.0;886.0;269
7822;Oldebroek;2008;22724;6069;13582;3073;21495;665;195;470;564;328;236;67;23;44;40;26;14;48;20;28;42;8;34;367;251;116;279.0;153.0;60.0;73.0;686.0;877.0;269
7823;Oldebroek;2009;22650;5937;13561;3152;21343;708;215;493;599;351;248;75;30;45;39;25;14;55;24;31;41;8;33;389;264;125;289.0;169.0;48.0;50.0;681.0;873.0;269
7824;Oldebroek;2010;22581;5861;13502;3218;21195;753;235;518;633;376;257;77;29;48;42;28;14;63;28;35;43;10;33;408;281;127;293.0;178.0;74.0;55.0;663.0;863.0;269
7825;Oldebroek;2011;22512;5775;13455;3282;21040;794;254;540;678;390;288;83;30;53;41;28;13;70;30;40;49;11;38;435;291;144;286.0;171.0;67.0;63.0;664.0;858.0;269
7826;Oldebroek;2012;22439;5701;13331;3407;20889;827;264;563;723;412;311;93;32;61;40;27;13;73;33;40;52;13;39;465;307;158;291.0;175.0;65.0;69.0;658.0;850.0;269
7827;Oldebroek;2013;22357;5650;13178;3529;20740;875;284;591;742;420;322;94;32;62;35;23;12;75;32;43;55;14;41;483;319;164;284.0;191.0;86.0;84.0;671.0;838.0;269
7828;Oldebroek;2014;22285;5638;13041;3606;20621;909;310;599;755;430;325;94;34;60;33;22;11;77;32;45;55;13;42;496;329;167;272.0;184.0;77.0;70.0;685.0;842.0;269
7829;Oldebroek;2015;22228;5602;12911;3715;20501;930;319;611;797;478;319;93;39;54;34;23;11;79;33;46;60;17;43;531;366;165;276.0;189.0;78.0;63.0;657.0;831.0;269
7830;Oldebroek;2016;22156;5568;12777;3811;20369;948;328;620;839;499;340;98;39;59;37;26;11;84;34;50;65;21;44;555;379;176;277.0;199.0;80.0;77.0;664.0;810.0;269
7831;Oldebroek;2017;22093;5559;12666;3868;20256;975;332;643;862;503;359;107;44;63;43;30;13;92;36;56;66;23;43;554;370;184;296.0;198.0;59.0;59.0;658.0;822.0;269
7832;Oldebroek;2018;22029;5562;12513;3954;20169;992;350;642;868;496;372;110;44;66;42;30;12;96;37;59;64;23;41;556;362;194;263.0;194.0;65.0;70.0;661.0;800.0;269
7833;Oldebroek;2019;21957;5500;12421;4036;20040;1021;368;653;896;505;391;112;47;65;44;31;13;99;37;62;67;22;45;574;368;206;284.0;205.0;61.0;58.0;667.0;803.0;269
7834;Oldebroek;2020;21900;5463;12353;4084;19952;1037;377;660;911;510;401;115;47;68;42;27;15;103;37;66;69;24;45;582;375;207;289.0;193.0;71.0;59.0;647.0;806.0;269
7835;Oldebroek;2021;21848;5413;12256;4179;19858;1069;402;667;921;499;422;119;44;75;45;27;18;107;36;71;67;22;45;583;370;213;270.0;190.0;62.0;58.0;648.0;787.0;269
7836;Oldebroek;2022;21801;5363;12171;4267;19724;1108;420;688;969;532;437;125;47;78;53;34;19;110;37;73;70;23;47;611;391;220;284.0;213.0;63.0;62.0;669.0;795.0;269
7837;Oldebroek;2023;21748;5362;12062;4324;19639;1134;432;702;975;538;437;124;48;76;59;37;22;112;36;76;74;25;49;606;392;214;278.0;204.0;60.0;70.0;667.0;784.0;269
7838;Oldebroek;2024;21696;5356;11949;4391;19525;1173;438;735;998;544;454;131;49;82;60;38;22;112;36;76;83;25;58;612;396;216;287.0;207.0;66.0;60.0;649.0;782.0;269
7839;Oldebroek;2025;21652;5332;11837;4483;19415;1200;442;758;1037;559;478;140;50;90;59;36;23;119;38;81;84;24;60;635;411;224;;;;;;;269
7840;Oldenzaal;2006;31275;7720;18803;4752;26612;2665;797;1868;1998;1128;870;56;26;30;57;23;34;1354;724;630;20;8;12;511;347;164;334.0;278.0;88.0;87.0;785.0;826.0;173
7841;Oldenzaal;2007;31296;7674;18802;4820;26655;2614;794;1820;2027;1158;869;64;30;34;60;27;33;1336;719;617;25;10;15;542;372;170;347.0;271.0;81.0;93.0;804.0;843.0;173
7842;Oldenzaal;2008;31319;7620;18754;4945;26682;2601;793;1808;2036;1152;884;69;31;38;63;30;33;1324;711;613;27;11;16;553;369;184;332.0;287.0;78.0;88.0;829.0;847.0;173
7843;Oldenzaal;2009;31334;7593;18661;5080;26712;2578;785;1793;2044;1143;901;76;33;43;63;31;32;1319;702;617;28;10;18;558;367;191;329.0;288.0;73.0;96.0;828.0;834.0;173
7844;Oldenzaal;2010;31342;7495;18621;5226;26696;2571;782;1789;2075;1152;923;80;31;49;69;32;37;1310;693;617;30;11;19;586;385;201;316.0;288.0;77.0;82.0;829.0;851.0;173
7845;Oldenzaal;2011;31344;7377;18640;5327;26696;2559;787;1772;2089;1161;928;84;32;52;72;33;39;1311;695;616;34;14;20;588;387;201;336.0;305.0;76.0;81.0;832.0;848.0;173
7846;Oldenzaal;2012;31350;7336;18474;5540;26706;2570;800;1770;2074;1132;942;89;31;58;74;29;45;1297;685;612;37;14;23;577;373;204;308.0;294.0;97.0;86.0;832.0;848.0;173
7847;Oldenzaal;2013;31361;7248;18339;5774;26675;2583;811;1772;2103;1145;958;95;32;63;80;35;45;1286;676;610;43;14;29;599;388;211;323.0;320.0;73.0;84.0;855.0;854.0;173
7848;Oldenzaal;2014;31359;7184;18247;5928;26678;2566;806;1760;2115;1148;967;102;33;69;79;35;44;1266;664;602;47;15;32;621;401;220;322.0;314.0;79.0;85.0;842.0;848.0;173
7849;Oldenzaal;2015;31354;7128;18183;6043;26633;2586;819;1767;2135;1166;969;110;37;73;78;37;41;1247;660;587;48;15;33;652;417;235;319.0;310.0;93.0;83.0;837.0;859.0;173
7850;Oldenzaal;2016;31351;7111;18071;6169;26616;2601;830;1771;2134;1162;972;109;35;74;78;37;41;1241;656;585;53;17;36;653;417;236;324.0;340.0;72.0;83.0;866.0;856.0;173
7851;Oldenzaal;2017;31335;7078;17995;6262;26604;2602;826;1776;2129;1140;989;119;39;80;77;35;42;1224;645;579;56;18;38;653;403;250;331.0;327.0;89.0;85.0;848.0;853.0;173
7852;Oldenzaal;2018;31340;7029;17919;6392;26622;2575;821;1754;2143;1140;1003;121;37;84;82;37;45;1210;641;569;60;16;44;670;409;261;338.0;326.0;76.0;70.0;836.0;855.0;173
7853;Oldenzaal;2019;31340;7027;17812;6501;26590;2586;830;1756;2164;1155;1009;120;37;83;86;41;45;1201;638;563;63;15;48;694;424;270;348.0;336.0;74.0;77.0;845.0;858.0;173
7854;Oldenzaal;2020;31340;6990;17770;6580;26587;2585;832;1753;2168;1139;1029;125;37;88;91;45;46;1186;631;555;68;14;54;698;412;286;342.0;336.0;63.0;84.0;867.0;859.0;173
7855;Oldenzaal;2021;31336;6948;17700;6688;26558;2582;832;1750;2196;1159;1037;138;41;97;104;50;54;1177;626;551;71;16;55;706;426;280;368.0;340.0;79.0;77.0;838.0;863.0;173
7856;Oldenzaal;2022;31341;6944;17606;6791;26562;2580;837;1743;2199;1162;1037;142;45;97;109;55;54;1172;618;554;74;21;53;702;423;279;339.0;355.0;75.0;90.0;870.0;852.0;173
7857;Oldenzaal;2023;31329;6904;17588;6837;26540;2584;844;1740;2205;1150;1055;144;45;99;112;56;56;1161;611;550;79;21;58;709;417;292;355.0;355.0;71.0;87.0;874.0;868.0;173
7858;Oldenzaal;2024;31326;6872;17535;6919;26505;2599;858;1741;2222;1157;1065;149;46;103;116;58;58;1149;603;546;83;22;61;725;428;297;365.0;363.0;81.0;72.0;855.0;864.0;173
7859;Oldenzaal;2025;31332;6890;17463;6979;26494;2568;851;1717;2270;1184;1086;156;52;104;117;56;61;1149;601;548;89;25;64;759;450;309;;;;;;;173
7860;Olst-Wijhe;2006;17159;4429;10074;2656;16016;709;230;479;434;248;186;22;10;12;30;17;13;175;81;94;13;7;6;194;133;61;184.0;147.0;24.0;29.0;473.0;494.0;1773
7861;Olst-Wijhe;2007;17174;4397;10052;2725;16002;716;228;488;456;266;190;26;13;13;32;18;14;179;83;96;13;6;7;206;146;60;192.0;148.0;25.0;28.0;434.0;483.0;1773
7862;Olst-Wijhe;2008;17166;4369;9982;2815;15953;737;240;497;476;279;197;28;14;14;34;19;15;180;84;96;13;6;7;221;156;65;177.0;158.0;38.0;28.0;442.0;491.0;1773
7863;Olst-Wijhe;2009;17147;4315;9932;2900;15894;756;250;506;497;297;200;32;17;15;35;21;14;182;85;97;17;7;10;231;167;64;195.0;156.0;38.0;29.0;428.0;495.0;1773
7864;Olst-Wijhe;2010;17128;4268;9899;2961;15834;771;252;519;523;319;204;35;20;15;33;18;15;181;86;95;19;7;12;255;188;67;181.0;164.0;27.0;37.0;464.0;499.0;1773
7865;Olst-Wijhe;2011;17104;4220;9832;3052;15781;772;254;518;551;340;211;39;21;18;39;23;16;179;87;92;24;9;15;270;200;70;196.0;160.0;38.0;32.0;446.0;509.0;1773
7866;Olst-Wijhe;2012;17088;4182;9696;3210;15731;786;270;516;571;341;230;38;20;18;39;23;16;181;86;95;27;9;18;286;203;83;187.0;159.0;19.0;32.0;463.0;506.0;1773
7867;Olst-Wijhe;2013;17062;4129;9593;3340;15668;794;270;524;600;356;244;44;23;21;40;24;16;184;86;98;31;10;21;301;213;88;183.0;165.0;20.0;27.0;460.0;492.0;1773
7868;Olst-Wijhe;2014;17040;4079;9487;3474;15606;819;280;539;615;354;261;53;27;26;45;26;19;183;85;98;36;10;26;298;206;92;192.0;175.0;19.0;27.0;467.0;501.0;1773
7869;Olst-Wijhe;2015;17015;4055;9399;3561;15550;829;286;543;636;370;266;53;27;26;51;33;18;185;84;101;33;9;24;314;217;97;193.0;173.0;27.0;35.0;458.0;502.0;1773
7870;Olst-Wijhe;2016;16988;4021;9310;3657;15476;859;299;560;653;368;285;56;29;27;51;32;19;188;83;105;35;10;25;323;214;109;201.0;174.0;26.0;30.0;452.0;496.0;1773
7871;Olst-Wijhe;2017;16965;4001;9229;3735;15433;860;293;567;672;381;291;59;31;28;51;31;20;192;83;109;33;10;23;337;226;111;200.0;183.0;29.0;25.0;464.0;498.0;1773
7872;Olst-Wijhe;2018;16951;3980;9143;3828;15384;880;303;577;687;387;300;60;31;29;52;30;22;190;84;106;36;11;25;349;231;118;212.0;187.0;30.0;32.0;446.0;495.0;1773
7873;Olst-Wijhe;2019;16925;3957;9050;3918;15327;894;314;580;704;401;303;61;30;31;51;33;18;193;86;107;36;11;25;363;241;122;197.0;195.0;37.0;36.0;460.0;493.0;1773
7874;Olst-Wijhe;2020;16896;3939;8989;3968;15251;919;320;599;726;405;321;59;29;30;54;35;19;198;84;114;40;12;28;375;245;130;204.0;193.0;21.0;28.0;464.0;493.0;1773
7875;Olst-Wijhe;2021;16870;3922;8896;4052;15177;941;329;612;752;422;330;67;33;34;60;36;24;195;85;110;44;13;31;386;255;131;193.0;195.0;22.0;30.0;478.0;494.0;1773
7876;Olst-Wijhe;2022;16844;3893;8806;4145;15107;975;341;634;762;424;338;70;33;37;65;39;26;189;83;106;49;15;34;389;254;135;199.0;196.0;26.0;37.0;472.0;492.0;1773
7877;Olst-Wijhe;2023;16814;3899;8689;4226;15049;990;352;638;775;431;344;72;35;37;65;38;27;185;80;105;48;15;33;405;263;142;213.0;199.0;25.0;27.0;454.0;488.0;1773
7878;Olst-Wijhe;2024;16789;3898;8571;4320;15005;988;355;633;796;444;352;74;35;39;67;40;27;189;80;109;51;16;35;415;273;142;215.0;204.0;14.0;24.0;462.0;484.0;1773
7879;Olst-Wijhe;2025;16768;3912;8468;4388;14948;999;356;643;821;458;363;79;37;42;69;43;26;197;84;113;52;16;36;424;278;146;;;;;;;1773
7880;Ommen;2006;16826;4209;9986;2631;15872;627;229;398;327;203;124;19;12;7;14;5;9;24;12;12;9;3;6;261;171;90;175.0;143.0;52.0;46.0;579.0;671.0;175
7881;Ommen;2007;16772;4127;9976;2669;15779;643;232;411;350;216;134;25;16;9;17;7;10;27;13;14;10;3;7;271;177;94;170.0;133.0;37.0;36.0;576.0;671.0;175
7882;Ommen;2008;16717;4031;9955;2731;15676;654;237;417;387;243;144;33;21;12;19;7;12;32;16;16;13;7;6;290;192;98;180.0;145.0;48.0;39.0;572.0;674.0;175
7883;Ommen;2009;16659;3984;9877;2798;15551;684;250;434;424;268;156;42;24;18;23;11;12;36;19;17;15;8;7;308;206;102;166.0;158.0;59.0;40.0;569.0;682.0;175
7884;Ommen;2010;16576;3913;9817;2846;15434;704;263;441;438;275;163;45;26;19;26;13;13;34;17;17;18;8;10;315;211;104;173.0;140.0;59.0;40.0;552.0;672.0;175
7885;Ommen;2011;16507;3825;9756;2926;15312;733;275;458;462;293;169;50;31;19;34;17;17;39;20;19;20;11;9;319;214;105;167.0;151.0;56.0;50.0;566.0;667.0;175
7886;Ommen;2012;16429;3761;9652;3016;15203;746;287;459;480;298;182;54;36;18;32;16;16;45;21;24;24;12;12;325;213;112;165.0;163.0;56.0;41.0;568.0;666.0;175
7887;Ommen;2013;16350;3701;9536;3113;15064;777;305;472;509;314;195;61;38;23;35;19;16;50;21;29;29;16;13;334;220;114;176.0;151.0;67.0;44.0;546.0;673.0;175
7888;Ommen;2014;16274;3662;9428;3184;14935;806;320;486;533;328;205;65;40;25;34;18;16;53;21;32;27;16;11;354;233;121;170.0;137.0;82.0;48.0;540.0;668.0;175
7889;Ommen;2015;16216;3616;9332;3268;14817;837;350;487;562;351;211;68;39;29;35;18;17;55;24;31;29;16;13;375;254;121;180.0;152.0;67.0;42.0;537.0;656.0;175
7890;Ommen;2016;16150;3625;9168;3357;14709;865;374;491;576;360;216;68;39;29;35;19;16;56;25;31;29;15;14;388;262;126;189.0;152.0;73.0;48.0;527.0;653.0;175
7891;Ommen;2017;16088;3621;9061;3406;14599;889;393;496;600;376;224;70;41;29;37;20;17;59;26;33;32;15;17;402;274;128;190.0;151.0;72.0;59.0;528.0;642.0;175
7892;Ommen;2018;16028;3634;8916;3478;14490;928;407;521;610;371;239;74;42;32;38;18;20;60;26;34;32;14;18;406;271;135;188.0;156.0;70.0;49.0;548.0;650.0;175
7893;Ommen;2019;15980;3627;8800;3553;14392;946;409;537;642;386;256;84;49;35;37;16;21;63;28;35;35;14;21;423;279;144;190.0;150.0;72.0;31.0;524.0;641.0;175
7894;Ommen;2020;15944;3622;8706;3616;14310;980;429;551;654;400;254;88;49;39;43;20;23;63;27;36;38;17;21;422;287;135;195.0;156.0;68.0;59.0;552.0;646.0;175
7895;Ommen;2021;15898;3579;8657;3662;14224;995;435;560;679;416;263;90;52;38;48;22;26;65;26;39;44;19;25;432;297;135;199.0;156.0;71.0;40.0;525.0;646.0;175
7896;Ommen;2022;15852;3605;8534;3713;14137;1038;453;585;677;422;255;89;51;38;51;24;27;68;28;40;46;20;26;423;299;124;201.0;169.0;76.0;42.0;529.0;639.0;175
7897;Ommen;2023;15809;3603;8453;3753;14037;1061;465;596;711;440;271;92;51;41;47;23;24;70;26;44;56;22;34;446;318;128;192.0;170.0;78.0;46.0;525.0;630.0;175
7898;Ommen;2024;15763;3623;8362;3778;13930;1093;483;610;740;463;277;99;53;46;51;27;24;73;28;45;56;24;32;461;331;130;188.0;164.0;87.0;50.0;521.0;633.0;175
7899;Ommen;2025;15718;3611;8256;3851;13834;1125;501;624;759;472;287;102;55;47;54;29;25;76;28;48;56;22;34;471;338;133;;;;;;;175
7900;Onderbanken;2006;8426;1939;5090;1397;6565;1672;415;1257;189;129;60;15;8;7;9;5;4;10;7;3;54;35;19;101;74;27;73.0;71.0;17.0;58.0;303.0;291.0;881
7901;Onderbanken;2007;8397;1913;5048;1436;6542;1656;417;1239;199;135;64;17;9;8;11;7;4;12;8;4;56;35;21;103;76;27;72.0;83.0;20.0;54.0;297.0;288.0;881
7902;Onderbanken;2008;8362;1866;4999;1497;6513;1637;400;1237;212;149;63;19;11;8;10;7;3;13;9;4;58;36;22;112;86;26;70.0;88.0;30.0;63.0;293.0;285.0;881
7903;Onderbanken;2009;8321;1812;4970;1539;6465;1634;405;1229;222;156;66;20;11;9;9;7;2;17;11;6;62;40;22;114;87;27;71.0;83.0;26.0;57.0;293.0;289.0;881
7904;Onderbanken;2010;8283;1777;4912;1594;6444;1612;391;1221;227;159;68;22;12;10;11;9;2;18;11;7;59;38;21;117;89;28;67.0;92.0;21.0;57.0;304.0;283.0;881
7905;Onderbanken;2011;8243;1720;4886;1637;6432;1571;377;1194;240;168;72;23;12;11;13;10;3;20;12;8;59;38;21;125;96;29;55.0;85.0;22.0;49.0;316.0;283.0;881
7906;Onderbanken;2012;8220;1678;4842;1700;6383;1582;387;1195;255;172;83;24;14;10;14;10;4;23;13;10;62;39;23;132;96;36;68.0;91.0;25.0;51.0;307.0;289.0;881
7907;Onderbanken;2013;8191;1655;4767;1769;6367;1560;384;1176;264;180;84;25;15;10;16;12;4;26;16;10;64;40;24;133;97;36;52.0;88.0;17.0;50.0;315.0;286.0;881
7908;Onderbanken;2014;8149;1610;4715;1824;6337;1545;390;1155;267;177;90;24;13;11;17;13;4;26;16;10;65;38;27;135;97;38;65.0;108.0;17.0;61.0;321.0;275.0;881
7909;Onderbanken;2015;8108;1562;4692;1854;6304;1526;379;1147;278;181;97;27;15;12;17;12;5;28;16;12;65;39;26;141;99;42;68.0;96.0;19.0;44.0;300.0;277.0;881
7910;Onderbanken;2016;8077;1540;4657;1880;6279;1500;376;1124;298;190;108;29;15;14;17;10;7;34;18;16;64;38;26;154;109;45;52.0;106.0;29.0;41.0;311.0;278.0;881
7911;Onderbanken;2017;8044;1518;4598;1928;6243;1489;379;1110;312;202;110;29;16;13;18;10;8;32;17;15;64;37;27;169;122;47;61.0;118.0;26.0;46.0;318.0;283.0;881
7912;Onderbanken;2018;8002;1498;4549;1955;6210;1470;378;1092;322;209;113;31;18;13;17;10;7;35;19;16;64;36;28;175;126;49;82.0;105.0;22.0;50.0;295.0;283.0;881
7913;Onderbanken;2019;7962;1472;4490;2000;6198;1429;365;1064;335;214;121;32;17;15;21;14;7;41;21;20;66;37;29;175;125;50;68.0;107.0;18.0;54.0;312.0;280.0;881
7914;Onderbanken;2020;7918;1450;4438;2030;6166;1407;359;1048;345;219;126;37;20;17;23;16;7;42;21;21;65;36;29;178;126;52;78.0;106.0;24.0;52.0;286.0;278.0;881
7915;Onderbanken;2021;7874;1445;4365;2064;6146;1369;356;1013;359;226;133;40;21;19;23;17;6;43;22;21;68;37;31;185;129;56;62.0;114.0;16.0;52.0;314.0;270.0;881
7916;Onderbanken;2022;7830;1409;4324;2097;6130;1329;355;974;371;227;144;44;21;23;21;14;7;45;24;21;68;36;32;193;132;61;73.0;114.0;20.0;51.0;307.0;274.0;881
7917;Onderbanken;2023;7791;1397;4271;2123;6120;1294;344;950;377;227;150;47;21;26;23;15;8;41;21;20;67;37;30;199;133;66;59.0;110.0;14.0;48.0;306.0;268.0;881
7918;Onderbanken;2024;7743;1384;4216;2143;6074;1279;342;937;390;235;155;53;23;30;25;16;9;43;21;22;67;37;30;202;138;64;55.0;117.0;19.0;33.0;297.0;265.0;881
7919;Onderbanken;2025;7701;1385;4157;2159;6043;1265;340;925;393;241;152;53;23;30;27;19;8;43;21;22;65;35;30;205;143;62;;;;;;;881
7920;Oosterhout;2006;53017;12782;32355;7880;44373;4240;1524;2716;4404;2320;2084;341;178;163;236;118;118;1511;773;738;1197;538;659;1119;713;406;552.0;453.0;141.0;228.0;1874.0;1600.0;826
7921;Oosterhout;2007;53307;12765;32482;8060;44522;4286;1530;2756;4499;2343;2156;346;176;170;240;121;119;1530;767;763;1229;545;684;1154;734;420;533.0;446.0;147.0;218.0;2022.0;1627.0;826
7922;Oosterhout;2008;53724;12729;32701;8294;44786;4320;1557;2763;4618;2391;2227;362;174;188;259;131;128;1539;769;770;1259;551;708;1199;766;433;521.0;491.0;169.0;194.0;1976.0;1662.0;826
7923;Oosterhout;2009;54049;12649;32855;8545;45012;4324;1561;2763;4713;2416;2297;363;172;191;269;141;128;1569;767;802;1271;538;733;1241;798;443;515.0;484.0;168.0;201.0;2086.0;1676.0;826
7924;Oosterhout;2010;54462;12574;33036;8852;45270;4372;1592;2780;4820;2430;2390;381;178;203;281;145;136;1587;756;831;1294;537;757;1277;814;463;522.0;500.0;204.0;215.0;2088.0;1707.0;826
7925;Oosterhout;2011;54862;12492;33159;9211;45508;4433;1634;2799;4921;2457;2464;402;188;214;285;151;134;1590;749;841;1315;532;783;1329;837;492;550.0;508.0;217.0;223.0;2099.0;1728.0;826
7926;Oosterhout;2012;55274;12401;33209;9664;45750;4494;1660;2834;5030;2485;2545;413;193;220;298;155;143;1616;750;866;1337;536;801;1366;851;515;539.0;521.0;182.0;225.0;2167.0;1750.0;826
7927;Oosterhout;2013;55670;12309;33277;10084;46025;4541;1697;2844;5104;2482;2622;434;197;237;297;153;144;1607;736;871;1360;531;829;1406;865;541;573.0;541.0;191.0;217.0;2131.0;1771.0;826
7928;Oosterhout;2014;56042;12281;33292;10469;46275;4594;1717;2877;5173;2496;2677;439;193;246;288;153;135;1631;740;891;1372;533;839;1443;877;566;558.0;541.0;220.0;212.0;2153.0;1780.0;826
7929;Oosterhout;2015;56439;12217;33443;10779;46519;4639;1760;2879;5281;2546;2735;455;199;256;288;154;134;1655;749;906;1402;536;866;1481;908;573;569.0;560.0;238.0;235.0;2154.0;1803.0;826
7930;Oosterhout;2016;56804;12212;33493;11099;46739;4686;1799;2887;5379;2578;2801;465;202;263;295;163;132;1670;753;917;1433;549;884;1516;911;605;587.0;567.0;209.0;243.0;2176.0;1813.0;826
7931;Oosterhout;2017;57157;12263;33477;11417;46950;4754;1833;2921;5453;2573;2880;488;213;275;288;159;129;1686;746;940;1452;549;903;1539;906;633;567.0;564.0;207.0;261.0;2186.0;1816.0;826
7932;Oosterhout;2018;57473;12231;33544;11698;47122;4807;1862;2945;5544;2600;2944;502;219;283;298;166;132;1695;745;950;1476;553;923;1573;917;656;594.0;614.0;206.0;255.0;2194.0;1836.0;826
7933;Oosterhout;2019;57765;12217;33615;11933;47352;4799;1866;2933;5614;2598;3016;523;221;302;298;164;134;1702;741;961;1489;549;940;1602;923;679;614.0;609.0;205.0;226.0;2166.0;1844.0;826
7934;Oosterhout;2020;58075;12252;33685;12138;47547;4822;1885;2937;5706;2623;3083;539;222;317;310;171;139;1707;734;973;1501;549;952;1649;947;702;611.0;636.0;204.0;231.0;2188.0;1848.0;826
7935;Oosterhout;2021;58361;12243;33760;12358;47748;4841;1911;2930;5772;2641;3131;532;225;307;294;166;128;1716;737;979;1521;546;975;1709;967;742;634.0;637.0;224.0;251.0;2154.0;1853.0;826
7936;Oosterhout;2022;58634;12247;33796;12591;47930;4886;1927;2959;5818;2640;3178;538;232;306;300;169;131;1722;730;992;1530;548;982;1728;961;767;628.0;652.0;193.0;216.0;2152.0;1847.0;826
7937;Oosterhout;2023;58894;12262;33841;12791;48107;4932;1956;2976;5855;2629;3226;551;241;310;304;166;138;1720;722;998;1536;546;990;1744;954;790;636.0;672.0;192.0;202.0;2135.0;1854.0;826
7938;Oosterhout;2024;59131;12297;33812;13022;48234;4977;1977;3000;5920;2630;3290;560;244;316;320;165;155;1729;722;1007;1555;545;1010;1756;954;802;656.0;685.0;182.0;231.0;2120.0;1847.0;826
7939;Oosterhout;2025;59325;12372;33682;13271;48400;4971;1957;3014;5954;2639;3315;570;252;318;326;168;158;1722;719;1003;1538;531;1007;1798;969;829;;;;;;;826
7940;Oostflakkee;2006;10167;2456;6216;1495;9551;386;129;257;230;140;90;34;11;23;17;12;5;18;9;9;9;8;1;152;100;52;105.0;82.0;13.0;20.0;336.0;325.0;580
7941;Oostflakkee;2007;10193;2413;6248;1532;9484;435;143;292;274;171;103;43;18;25;23;18;5;19;11;8;15;11;4;174;113;61;109.0;89.0;17.0;23.0;316.0;324.0;580
7942;Oostflakkee;2008;10198;2394;6228;1576;9430;463;153;310;305;192;113;47;20;27;25;19;6;23;14;9;17;11;6;193;128;65;118.0;85.0;16.0;21.0;301.0;319.0;580
7943;Oostflakkee;2009;10208;2382;6207;1619;9373;492;163;329;343;221;122;53;24;29;24;18;6;25;15;10;20;13;7;221;151;70;106.0;88.0;24.0;20.0;306.0;319.0;580
7944;Oostflakkee;2010;10216;2370;6177;1669;9322;527;170;357;367;236;131;53;23;30;26;20;6;28;16;12;23;15;8;237;162;75;95.0;100.0;18.0;22.0;325.0;319.0;580
7945;Oostflakkee;2011;10213;2334;6204;1675;9268;548;173;375;397;253;144;56;25;31;27;20;7;29;16;13;27;17;10;258;175;83;108.0;98.0;19.0;26.0;317.0;326.0;580
7946;Oostflakkee;2012;10205;2311;6122;1772;9198;579;182;397;428;269;159;64;28;36;32;24;8;34;20;14;27;15;12;271;182;89;108.0;106.0;21.0;25.0;327.0;320.0;580
7947;Oostflakkee;2013;10208;2306;6032;1870;9153;597;194;403;458;283;175;68;27;41;37;26;11;38;20;18;28;15;13;287;195;92;113.0;96.0;25.0;26.0;315.0;322.0;580
7948;Oostflakkee;2014;10216;2286;5960;1970;9103;641;218;423;472;289;183;66;26;40;39;27;12;43;22;21;28;15;13;296;199;97;97.0;105.0;21.0;28.0;335.0;323.0;580
7949;Oostflakkee;2015;10214;2258;5922;2034;9031;672;235;437;511;319;192;73;33;40;44;31;13;44;22;22;31;17;14;319;216;103;110.0;109.0;25.0;37.0;317.0;321.0;580
7950;Oostflakkee;2016;10201;2256;5836;2109;8971;704;255;449;526;323;203;79;35;44;44;29;15;43;23;20;34;16;18;326;220;106;102.0;113.0;17.0;23.0;327.0;315.0;580
7951;Oostflakkee;2017;10197;2225;5809;2163;8914;717;263;454;566;342;224;82;32;50;52;34;18;42;23;19;36;17;19;354;236;118;103.0;109.0;29.0;25.0;321.0;325.0;580
7952;Oostflakkee;2018;10195;2192;5775;2228;8841;762;272;490;592;353;239;84;33;51;56;36;20;46;27;19;41;21;20;365;236;129;102.0;105.0;26.0;20.0;317.0;324.0;580
7953;Oostflakkee;2019;10193;2178;5732;2283;8805;777;281;496;611;347;264;87;33;54;54;33;21;50;27;23;46;23;23;374;231;143;102.0;112.0;27.0;24.0;316.0;325.0;580
7954;Oostflakkee;2020;10179;2143;5694;2342;8749;806;292;514;624;348;276;89;32;57;56;34;22;55;30;25;41;20;21;383;232;151;105.0;112.0;17.0;27.0;323.0;320.0;580
7955;Oostflakkee;2021;10165;2131;5667;2367;8688;839;311;528;638;348;290;92;32;60;54;31;23;63;34;29;44;21;23;385;230;155;102.0;124.0;21.0;27.0;333.0;314.0;580
7956;Oostflakkee;2022;10156;2112;5603;2441;8642;852;315;537;662;357;305;96;32;64;57;33;24;64;34;30;49;21;28;396;237;159;114.0;111.0;24.0;21.0;315.0;336.0;580
7957;Oostflakkee;2023;10140;2112;5532;2496;8581;888;332;556;671;360;311;101;33;68;59;34;25;67;36;31;50;21;29;394;236;158;102.0;113.0;24.0;22.0;305.0;316.0;580
7958;Oostflakkee;2024;10122;2113;5476;2533;8513;914;336;578;695;373;322;104;37;67;65;37;28;70;37;33;53;21;32;403;241;162;104.0;125.0;14.0;24.0;346.0;316.0;580
7959;Oostflakkee;2025;10120;2115;5434;2571;8461;941;353;588;718;381;337;117;39;78;65;37;28;71;38;33;55;23;32;410;244;166;;;;;;;580
7960;Ooststellingwerf;2006;26439;6570;15635;4234;24394;1293;456;837;752;533;219;51;31;20;36;17;19;35;25;10;17;4;13;613;456;157;282.0;276.0;96.0;104.0;842.0;958.0;85
7961;Ooststellingwerf;2007;26323;6452;15612;4259;24237;1317;467;850;769;532;237;59;30;29;35;18;17;36;25;11;19;4;15;620;455;165;290.0;286.0;108.0;104.0;793.0;957.0;85
7962;Ooststellingwerf;2008;26165;6412;15469;4284;24044;1329;467;862;792;545;247;67;33;34;33;16;17;35;24;11;22;6;16;635;466;169;275.0;272.0;99.0;85.0;780.0;949.0;85
7963;Ooststellingwerf;2009;26013;6339;15326;4348;23863;1366;491;875;784;530;254;73;34;39;31;18;13;35;25;10;25;7;18;620;446;174;270.0;275.0;102.0;107.0;794.0;945.0;85
7964;Ooststellingwerf;2010;25855;6257;15183;4415;23673;1376;500;876;806;544;262;77;35;42;33;18;15;34;24;10;25;7;18;637;460;177;278.0;264.0;112.0;110.0;778.0;938.0;85
7965;Ooststellingwerf;2011;25709;6206;15000;4503;23487;1406;532;874;816;550;266;86;39;47;36;20;16;32;22;10;23;6;17;639;463;176;270.0;284.0;117.0;98.0;801.0;940.0;85
7966;Ooststellingwerf;2012;25576;6134;14790;4652;23297;1408;548;860;871;580;291;97;42;55;40;21;19;37;25;12;21;5;16;676;487;189;279.0;270.0;126.0;102.0;782.0;948.0;85
7967;Ooststellingwerf;2013;25444;6037;14615;4792;23133;1417;569;848;894;591;303;95;44;51;46;26;20;41;26;15;24;7;17;688;488;200;278.0;280.0;138.0;114.0;787.0;938.0;85
7968;Ooststellingwerf;2014;25313;5974;14434;4905;22962;1427;590;837;924;607;317;95;42;53;47;25;22;42;25;17;25;8;17;715;507;208;272.0;271.0;135.0;109.0;800.0;945.0;85
7969;Ooststellingwerf;2015;25195;5878;14317;5000;22793;1454;602;852;948;632;316;95;44;51;54;31;23;43;25;18;25;8;17;731;524;207;280.0;270.0;134.0;117.0;784.0;928.0;85
7970;Ooststellingwerf;2016;25078;5856;14152;5070;22631;1468;619;849;979;642;337;102;44;58;55;31;24;45;26;19;26;9;17;751;532;219;267.0;288.0;133.0;117.0;810.0;926.0;85
7971;Ooststellingwerf;2017;24959;5768;14043;5148;22477;1492;622;870;990;653;337;99;43;56;56;34;22;45;26;19;26;7;19;764;543;221;287.0;280.0;108.0;116.0;803.0;923.0;85
7972;Ooststellingwerf;2018;24841;5731;13882;5228;22347;1490;624;866;1004;654;350;104;45;59;53;35;18;48;27;21;28;8;20;771;539;232;267.0;281.0;106.0;114.0;838.0;916.0;85
7973;Ooststellingwerf;2019;24741;5648;13824;5269;22186;1513;642;871;1042;693;349;107;47;60;54;36;18;48;27;21;30;9;21;803;574;229;263.0;295.0;104.0;101.0;827.0;906.0;85
7974;Ooststellingwerf;2020;24633;5617;13674;5342;22033;1524;657;867;1076;718;358;113;47;66;53;35;18;50;28;22;28;8;20;832;600;232;260.0;298.0;125.0;91.0;821.0;923.0;85
7975;Ooststellingwerf;2021;24535;5536;13580;5419;21891;1557;689;868;1087;723;364;114;49;65;65;43;22;51;28;23;29;8;21;828;595;233;275.0;295.0;117.0;100.0;810.0;901.0;85
7976;Ooststellingwerf;2022;24444;5502;13444;5498;21736;1571;705;866;1137;738;399;124;52;72;65;38;27;55;29;26;29;9;20;864;610;254;261.0;300.0;108.0;111.0;837.0;890.0;85
7977;Ooststellingwerf;2023;24354;5486;13289;5579;21553;1622;730;892;1179;769;410;128;55;73;74;48;26;57;29;28;29;9;20;891;628;263;271.0;299.0;133.0;114.0;840.0;906.0;85
7978;Ooststellingwerf;2024;24279;5496;13133;5650;21409;1665;763;902;1205;771;434;131;56;75;75;49;26;59;30;29;34;11;23;906;625;281;263.0;301.0;138.0;103.0;812.0;902.0;85
7979;Ooststellingwerf;2025;24190;5445;13055;5690;21253;1699;789;910;1238;798;440;131;54;77;77;53;24;60;30;30;33;11;22;937;650;287;;;;;;;85
7980;Oostzaan;2006;9152;2274;5472;1406;8147;589;190;399;416;228;188;104;51;53;21;8;13;65;31;34;31;18;13;195;120;75;97.0;91.0;23.0;30.0;249.0;266.0;431
7981;Oostzaan;2007;9136;2281;5410;1445;8077;621;207;414;438;245;193;112;58;54;24;10;14;69;34;35;33;18;15;200;125;75;77.0;86.0;19.0;31.0;272.0;265.0;431
7982;Oostzaan;2008;9123;2245;5384;1494;8022;640;208;432;461;264;197;114;59;55;27;13;14;73;37;36;35;19;16;212;136;76;84.0;96.0;30.0;46.0;288.0;276.0;431
7983;Oostzaan;2009;9105;2239;5331;1535;7951;677;222;455;477;271;206;120;62;58;26;12;14;77;39;38;37;20;17;217;138;79;91.0;91.0;30.0;32.0;265.0;279.0;431
7984;Oostzaan;2010;9088;2215;5292;1581;7906;689;221;468;493;279;214;123;61;62;25;13;12;79;38;41;35;19;16;231;148;83;74.0;90.0;21.0;29.0;281.0;274.0;431
7985;Oostzaan;2011;9074;2162;5284;1628;7832;718;234;484;524;294;230;134;70;64;27;16;11;80;37;43;36;18;18;247;153;94;82.0;91.0;16.0;33.0;283.0;268.0;431
7986;Oostzaan;2012;9062;2140;5203;1719;7784;749;246;503;529;289;240;131;67;64;26;15;11;80;37;43;42;19;23;250;151;99;81.0;89.0;17.0;32.0;270.0;270.0;431
7987;Oostzaan;2013;9038;2106;5124;1808;7706;781;256;525;551;299;252;135;70;65;31;18;13;80;35;45;46;21;25;259;155;104;79.0;109.0;25.0;27.0;296.0;279.0;431
7988;Oostzaan;2014;9024;2073;5087;1864;7642;809;270;539;573;306;267;139;71;68;33;20;13;78;35;43;51;21;30;272;159;113;74.0;103.0;15.0;19.0;295.0;279.0;431
7989;Oostzaan;2015;9009;2041;5063;1905;7571;833;281;552;605;321;284;141;70;71;36;22;14;80;37;43;53;19;34;295;173;122;61.0;100.0;19.0;25.0;300.0;275.0;431
7990;Oostzaan;2016;8989;1994;5043;1952;7491;859;285;574;639;342;297;146;70;76;40;26;14;84;38;46;51;20;31;318;188;130;69.0;104.0;27.0;37.0;312.0;291.0;431
7991;Oostzaan;2017;8965;1949;5042;1974;7403;891;297;594;671;355;316;156;75;81;39;25;14;85;38;47;54;21;33;337;196;141;67.0;103.0;28.0;23.0;297.0;281.0;431
7992;Oostzaan;2018;8952;1899;5031;2022;7327;923;311;612;702;368;334;153;68;85;42;25;17;86;37;49;58;22;36;363;216;147;73.0;118.0;16.0;22.0;317.0;285.0;431
7993;Oostzaan;2019;8935;1861;5029;2045;7266;943;303;640;726;371;355;164;72;92;43;24;19;90;39;51;64;24;40;365;212;153;80.0;114.0;26.0;35.0;308.0;292.0;431
7994;Oostzaan;2020;8909;1820;5011;2078;7205;954;310;644;750;382;368;168;71;97;48;31;17;90;38;52;68;27;41;376;215;161;86.0;118.0;27.0;32.0;303.0;284.0;431
7995;Oostzaan;2021;8890;1805;4982;2103;7134;979;320;659;777;391;386;173;72;101;50;34;16;93;40;53;75;30;45;386;215;171;81.0;116.0;23.0;38.0;314.0;286.0;431
7996;Oostzaan;2022;8869;1790;4919;2160;7069;1007;343;664;793;389;404;180;72;108;54;35;19;93;37;56;73;30;43;393;215;178;84.0;113.0;30.0;41.0;300.0;278.0;431
7997;Oostzaan;2023;8851;1771;4884;2196;6995;1026;354;672;830;407;423;182;70;112;56;39;17;96;36;60;81;33;48;415;229;186;88.0;118.0;21.0;38.0;310.0;285.0;431
7998;Oostzaan;2024;8832;1773;4855;2204;6928;1048;362;686;856;412;444;186;68;118;57;38;19;99;35;64;86;33;53;428;238;190;91.0;119.0;35.0;31.0;289.0;276.0;431
7999;Oostzaan;2025;8823;1776;4797;2250;6866;1068;366;702;889;438;451;188;70;118;56;33;23;96;35;61;91;36;55;458;264;194;;;;;;;431
8000;Opmeer;2006;11366;3185;6709;1472;10608;488;148;340;270;153;117;43;19;24;26;14;12;19;11;8;38;16;22;144;93;51;125.0;87.0;13.0;12.0;345.0;355.0;432
8001;Opmeer;2007;11396;3173;6693;1530;10588;519;154;365;289;161;128;56;25;31;29;15;14;21;10;11;36;15;21;147;96;51;143.0;91.0;13.0;28.0;324.0;352.0;432
8002;Opmeer;2008;11404;3143;6669;1592;10547;550;153;397;307;169;138;61;28;33;29;15;14;24;11;13;41;17;24;152;98;54;118.0;82.0;20.0;28.0;341.0;349.0;432
8003;Opmeer;2009;11425;3090;6668;1667;10501;585;170;415;339;181;158;66;29;37;34;16;18;27;13;14;42;16;26;170;107;63;113.0;95.0;17.0;26.0;341.0;350.0;432
8004;Opmeer;2010;11427;3032;6646;1749;10442;625;189;436;360;198;162;66;28;38;36;15;21;32;16;16;45;18;27;181;121;60;117.0;105.0;20.0;21.0;344.0;353.0;432
8005;Opmeer;2011;11430;2992;6623;1815;10379;671;204;467;380;210;170;71;31;40;38;16;22;37;17;20;45;19;26;189;127;62;99.0;98.0;18.0;27.0;370.0;363.0;432
8006;Opmeer;2012;11431;2936;6580;1915;10345;694;205;489;392;218;174;77;34;43;40;18;22;37;16;21;47;21;26;191;129;62;115.0;118.0;22.0;22.0;360.0;351.0;432
8007;Opmeer;2013;11439;2875;6545;2019;10311;716;216;500;412;223;189;79;34;45;41;19;22;39;16;23;49;21;28;204;133;71;117.0;100.0;18.0;26.0;345.0;362.0;432
8008;Opmeer;2014;11431;2832;6496;2103;10253;740;232;508;438;239;199;84;37;47;41;19;22;40;16;24;52;22;30;221;145;76;122.0;102.0;20.0;37.0;354.0;352.0;432
8009;Opmeer;2015;11438;2792;6451;2195;10218;759;237;522;461;246;215;87;38;49;44;18;26;42;17;25;60;24;36;228;149;79;110.0;124.0;15.0;20.0;374.0;365.0;432
8010;Opmeer;2016;11431;2731;6447;2253;10175;779;249;530;477;251;226;91;42;49;44;18;26;44;18;26;64;24;40;234;149;85;122.0;114.0;29.0;23.0;345.0;368.0;432
8011;Opmeer;2017;11422;2700;6384;2338;10103;812;272;540;507;266;241;97;45;52;46;18;28;47;18;29;68;26;42;249;159;90;135.0;114.0;24.0;25.0;347.0;370.0;432
8012;Opmeer;2018;11418;2687;6340;2391;10045;840;286;554;533;280;253;99;49;50;51;19;32;51;22;29;73;28;45;259;162;97;121.0;117.0;22.0;22.0;341.0;356.0;432
8013;Opmeer;2019;11408;2655;6304;2449;9966;896;299;597;546;285;261;105;50;55;53;18;35;51;21;30;71;28;43;266;168;98;134.0;133.0;17.0;28.0;352.0;358.0;432
8014;Opmeer;2020;11394;2628;6281;2485;9910;918;307;611;566;302;264;107;52;55;56;21;35;50;21;29;74;31;43;279;177;102;120.0;128.0;19.0;28.0;372.0;361.0;432
8015;Opmeer;2021;11391;2609;6221;2561;9850;953;322;631;588;305;283;110;53;57;57;21;36;56;24;32;74;30;44;291;177;114;124.0;118.0;15.0;14.0;350.0;369.0;432
8016;Opmeer;2022;11382;2600;6150;2632;9792;969;330;639;621;322;299;113;53;60;56;22;34;60;26;34;77;32;45;315;189;126;130.0;149.0;16.0;19.0;373.0;361.0;432
8017;Opmeer;2023;11373;2573;6144;2656;9738;993;324;669;642;327;315;120;53;67;60;24;36;63;26;37;78;31;47;321;193;128;124.0;134.0;22.0;19.0;354.0;368.0;432
8018;Opmeer;2024;11354;2542;6117;2695;9687;1017;342;675;650;325;325;117;51;66;61;25;36;64;25;39;85;31;54;323;193;130;123.0;138.0;21.0;27.0;368.0;367.0;432
8019;Opmeer;2025;11334;2522;6093;2719;9628;1040;354;686;666;327;339;121;51;70;60;25;35;68;26;42;88;32;56;329;193;136;;;;;;;432
8020;Opsterland;2006;29885;7799;17784;4302;28341;1068;340;728;476;324;152;53;31;22;50;27;23;9;5;4;25;15;10;339;246;93;325.0;266.0;79.0;68.0;1316.0;1238.0;86
8021;Opsterland;2007;30033;7711;17983;4339;28412;1087;354;733;534;363;171;57;31;26;50;25;25;11;5;6;26;16;10;390;286;104;322.0;268.0;96.0;61.0;1192.0;1263.0;86
8022;Opsterland;2008;30057;7601;18008;4448;28365;1107;370;737;585;406;179;58;30;28;52;28;24;13;6;7;26;16;10;436;326;110;336.0;269.0;90.0;72.0;1174.0;1250.0;86
8023;Opsterland;2009;30068;7523;17998;4547;28281;1153;408;745;634;434;200;63;32;31;50;28;22;16;7;9;26;14;12;479;353;126;325.0;269.0;97.0;71.0;1183.0;1264.0;86
8024;Opsterland;2010;30068;7436;17975;4657;28230;1167;424;743;671;464;207;69;38;31;51;28;23;18;9;9;25;15;10;508;374;134;335.0;271.0;117.0;71.0;1164.0;1269.0;86
8025;Opsterland;2011;30074;7371;17961;4742;28139;1207;456;751;728;510;218;76;39;37;58;36;22;17;9;8;31;20;11;546;406;140;351.0;277.0;135.0;70.0;1153.0;1276.0;86
8026;Opsterland;2012;30093;7333;17809;4951;28078;1248;469;779;767;539;228;77;38;39;62;40;22;16;10;6;32;20;12;580;431;149;313.0;274.0;126.0;70.0;1190.0;1267.0;86
8027;Opsterland;2013;30111;7291;17722;5098;27994;1289;503;786;828;589;239;84;42;42;64;42;22;19;11;8;31;21;10;630;473;157;318.0;285.0;137.0;68.0;1186.0;1274.0;86
8028;Opsterland;2014;30131;7240;17672;5219;27919;1345;540;805;867;620;247;90;45;45;74;50;24;22;12;10;31;20;11;650;493;157;337.0;285.0;133.0;76.0;1187.0;1278.0;86
8029;Opsterland;2015;30151;7160;17622;5369;27870;1378;585;793;903;641;262;93;46;47;76;47;29;24;13;11;33;20;13;677;515;162;336.0;298.0;133.0;83.0;1220.0;1279.0;86
8030;Opsterland;2016;30183;7141;17561;5481;27779;1450;630;820;954;673;281;93;43;50;82;51;31;23;12;11;38;22;16;718;545;173;338.0;302.0;127.0;79.0;1215.0;1278.0;86
8031;Opsterland;2017;30213;7107;17516;5590;27720;1492;667;825;1001;700;301;99;48;51;82;50;32;26;12;14;40;23;17;754;567;187;345.0;308.0;145.0;73.0;1202.0;1295.0;86
8032;Opsterland;2018;30236;7093;17413;5730;27661;1547;721;826;1028;713;315;104;50;54;84;52;32;29;13;16;43;23;20;768;575;193;356.0;299.0;147.0;78.0;1200.0;1302.0;86
8033;Opsterland;2019;30263;7038;17365;5860;27580;1596;760;836;1087;754;333;106;51;55;93;61;32;33;14;19;44;22;22;811;606;205;351.0;302.0;143.0;79.0;1204.0;1295.0;86
8034;Opsterland;2020;30290;7030;17267;5993;27485;1660;806;854;1145;802;343;113;55;58;101;67;34;38;16;22;49;24;25;844;640;204;379.0;310.0;148.0;76.0;1190.0;1289.0;86
8035;Opsterland;2021;30333;7019;17232;6082;27405;1724;847;877;1204;843;361;115;56;59;102;68;34;43;19;24;52;25;27;892;675;217;358.0;324.0;154.0;68.0;1206.0;1298.0;86
8036;Opsterland;2022;30367;7056;17107;6204;27340;1784;891;893;1243;887;356;110;54;56;109;74;35;42;20;22;52;24;28;930;715;215;365.0;320.0;165.0;77.0;1213.0;1315.0;86
8037;Opsterland;2023;30403;7074;17003;6326;27303;1823;926;897;1277;907;370;112;52;60;105;68;37;42;21;21;54;25;29;964;741;223;364.0;320.0;161.0;83.0;1217.0;1307.0;86
8038;Opsterland;2024;30439;7131;16847;6461;27247;1858;977;881;1334;947;387;119;56;63;115;74;41;45;22;23;58;26;32;997;769;228;375.0;329.0;167.0;86.0;1222.0;1322.0;86
8039;Opsterland;2025;30471;7120;16784;6567;27167;1909;1028;881;1395;988;407;121;59;62;118;77;41;51;26;25;63;25;38;1042;801;241;;;;;;;86
8040;Oss;2006;77052;19131;46995;10926;64586;5635;1940;3695;6831;3805;3026;610;313;297;228;122;106;4034;2092;1942;312;169;143;1647;1109;538;855.0;649.0;238.0;322.0;1626.0;1762.0;828
8041;Oss;2007;77046;18991;46889;11166;64562;5605;1924;3681;6879;3787;3092;612;317;295;229;125;104;4053;2074;1979;320;178;142;1665;1093;572;820.0;653.0;230.0;303.0;1724.0;1746.0;828
8042;Oss;2008;77125;18919;46792;11414;64595;5598;1913;3685;6932;3767;3165;616;317;299;230;124;106;4063;2049;2014;333;182;151;1690;1095;595;809.0;664.0;251.0;309.0;1693.0;1741.0;828
8043;Oss;2009;77171;18805;46687;11679;64609;5578;1898;3680;6984;3769;3215;616;311;305;230;129;101;4091;2048;2043;335;181;154;1712;1100;612;777.0;688.0;250.0;319.0;1770.0;1734.0;828
8044;Oss;2010;77234;18646;46630;11958;64667;5580;1901;3679;6987;3743;3244;610;310;300;230;132;98;4088;2046;2042;349;184;165;1710;1071;639;763.0;698.0;246.0;283.0;1778.0;1730.0;828
8045;Oss;2011;77316;18459;46544;12313;64734;5556;1911;3645;7026;3727;3299;612;308;304;233;137;96;4101;2030;2071;362;194;168;1718;1058;660;743.0;721.0;241.0;310.0;1815.0;1720.0;828
8046;Oss;2012;77371;18245;46338;12788;64786;5545;1907;3638;7040;3720;3320;615;320;295;249;150;99;4095;2012;2083;361;189;172;1720;1049;671;765.0;721.0;257.0;303.0;1797.0;1727.0;828
8047;Oss;2013;77445;18049;46078;13318;64815;5553;1915;3638;7077;3738;3339;618;324;294;257;160;97;4094;2005;2089;361;191;170;1747;1058;689;762.0;751.0;229.0;289.0;1842.0;1727.0;828
8048;Oss;2014;77513;17972;45775;13766;64836;5568;1945;3623;7109;3725;3384;627;321;306;249;153;96;4094;2000;2094;363;190;173;1776;1061;715;738.0;754.0;241.0;296.0;1846.0;1732.0;828
8049;Oss;2015;77563;17775;45629;14159;64854;5575;1960;3615;7134;3704;3430;629;319;310;250;153;97;4092;1988;2104;374;196;178;1789;1048;741;758.0;763.0;235.0;297.0;1829.0;1738.0;828
8050;Oss;2016;77593;17595;45517;14481;64877;5551;1969;3582;7165;3706;3459;644;327;317;253;155;98;4067;1974;2093;394;202;192;1807;1048;759;760.0;791.0;235.0;271.0;1825.0;1740.0;828
8051;Oss;2017;77614;17451;45393;14770;64860;5559;1981;3578;7195;3692;3503;643;328;315;254;159;95;4047;1957;2090;399;202;197;1852;1046;806;762.0;797.0;214.0;291.0;1851.0;1744.0;828
8052;Oss;2018;77613;17266;45225;15122;64855;5520;1974;3546;7238;3702;3536;634;321;313;262;164;98;4014;1932;2082;403;197;206;1925;1088;837;776.0;817.0;255.0;273.0;1809.0;1748.0;828
8053;Oss;2019;77624;17069;45167;15388;64847;5517;1988;3529;7260;3695;3565;611;308;303;262;162;100;3988;1914;2074;414;198;216;1985;1113;872;784.0;850.0;252.0;276.0;1861.0;1759.0;828
8054;Oss;2020;77640;16863;45111;15666;64845;5516;1990;3526;7279;3695;3584;614;320;294;253;155;98;3951;1902;2049;413;191;222;2048;1127;921;787.0;849.0;237.0;272.0;1854.0;1759.0;828
8055;Oss;2021;77647;16686;44981;15980;64817;5479;1997;3482;7351;3721;3630;612;325;287;263;164;99;3939;1902;2037;419;187;232;2118;1143;975;823.0;854.0;231.0;278.0;1823.0;1758.0;828
8056;Oss;2022;77635;16565;44829;16241;64820;5443;1999;3444;7372;3727;3645;608;324;284;272;171;101;3891;1873;2018;440;194;246;2161;1165;996;797.0;867.0;230.0;254.0;1853.0;1759.0;828
8057;Oss;2023;77642;16466;44664;16512;64777;5446;2018;3428;7419;3751;3668;608;330;278;281;180;101;3879;1868;2011;453;197;256;2198;1176;1022;817.0;891.0;219.0;246.0;1833.0;1750.0;828
8058;Oss;2024;77630;16358;44436;16836;64803;5387;1993;3394;7440;3742;3698;612;329;283;280;178;102;3852;1849;2003;459;201;258;2237;1185;1052;830.0;905.0;234.0;251.0;1817.0;1744.0;828
8059;Oss;2025;77614;16337;44082;17195;64770;5378;2020;3358;7466;3772;3694;613;335;278;290;185;105;3816;1825;1991;471;205;266;2276;1222;1054;;;;;;;828
8060;Oud-Beijerland;2006;23826;6222;14499;3105;21486;1446;458;988;894;496;398;191;91;100;68;21;47;30;18;12;120;61;59;485;305;180;256.0;178.0;27.0;57.0;798.0;784.0;584
8061;Oud-Beijerland;2007;23886;6122;14611;3153;21463;1475;464;1011;948;528;420;205;94;111;72;24;48;32;18;14;123;62;61;516;330;186;241.0;193.0;29.0;70.0;796.0;800.0;584
8062;Oud-Beijerland;2008;23889;5990;14719;3180;21384;1508;470;1038;997;552;445;211;95;116;77;29;48;35;19;16;125;59;66;549;350;199;254.0;187.0;40.0;48.0;757.0;801.0;584
8063;Oud-Beijerland;2009;23905;5909;14722;3274;21315;1552;487;1065;1038;575;463;218;97;121;84;37;47;35;19;16;130;60;70;571;362;209;251.0;180.0;39.0;59.0;754.0;797.0;584
8064;Oud-Beijerland;2010;23915;5822;14710;3383;21245;1594;505;1089;1076;610;466;219;95;124;88;38;50;39;22;17;138;63;75;592;392;200;244.0;185.0;39.0;65.0;770.0;803.0;584
8065;Oud-Beijerland;2011;23917;5723;14749;3445;21178;1624;515;1109;1115;619;496;241;102;139;91;39;52;36;21;15;144;65;79;603;392;211;251.0;196.0;32.0;72.0;806.0;813.0;584
8066;Oud-Beijerland;2012;23927;5628;14669;3630;21126;1672;523;1149;1129;615;514;251;107;144;96;40;56;41;21;20;144;64;80;597;383;214;231.0;199.0;39.0;50.0;776.0;804.0;584
8067;Oud-Beijerland;2013;23929;5559;14538;3832;21064;1688;525;1163;1177;640;537;263;116;147;103;44;59;45;22;23;147;65;82;619;393;226;251.0;192.0;40.0;67.0;760.0;794.0;584
8068;Oud-Beijerland;2014;23934;5477;14458;3999;21000;1721;549;1172;1213;668;545;271;122;149;105;45;60;46;23;23;152;68;84;639;410;229;252.0;213.0;37.0;54.0;771.0;787.0;584
8069;Oud-Beijerland;2015;23941;5431;14357;4153;20911;1762;575;1187;1268;698;570;280;121;159;111;49;62;53;25;28;160;72;88;664;431;233;258.0;201.0;32.0;54.0;767.0;788.0;584
8070;Oud-Beijerland;2016;23955;5365;14263;4327;20854;1778;591;1187;1323;729;594;292;128;164;115;52;63;58;30;28;166;70;96;692;449;243;236.0;212.0;47.0;57.0;789.0;792.0;584
8071;Oud-Beijerland;2017;23969;5309;14201;4459;20795;1812;603;1209;1362;747;615;299;134;165;123;58;65;61;32;29;172;67;105;707;456;251;253.0;217.0;53.0;62.0;775.0;794.0;584
8072;Oud-Beijerland;2018;23977;5275;14135;4567;20730;1840;608;1232;1407;767;640;307;138;169;128;64;64;67;34;33;179;69;110;726;462;264;264.0;206.0;37.0;69.0;765.0;797.0;584
8073;Oud-Beijerland;2019;23972;5222;14027;4723;20657;1886;632;1254;1429;777;652;314;140;174;137;74;63;67;35;32;184;70;114;727;458;269;261.0;216.0;25.0;65.0;788.0;781.0;584
8074;Oud-Beijerland;2020;23986;5203;13911;4872;20633;1896;642;1254;1457;787;670;315;137;178;145;78;67;73;35;38;182;69;113;742;468;274;258.0;229.0;44.0;58.0;791.0;787.0;584
8075;Oud-Beijerland;2021;24005;5133;13879;4993;20587;1951;672;1279;1467;789;678;325;140;185;140;75;65;75;35;40;179;67;112;748;472;276;240.0;227.0;46.0;45.0;787.0;785.0;584
8076;Oud-Beijerland;2022;24027;5118;13787;5122;20517;1985;679;1306;1525;821;704;322;138;184;146;77;69;80;38;42;184;66;118;793;502;291;278.0;239.0;39.0;54.0;760.0;782.0;584
8077;Oud-Beijerland;2023;24031;5102;13674;5255;20443;2006;701;1305;1582;849;733;326;138;188;155;84;71;83;39;44;190;60;130;828;528;300;252.0;237.0;34.0;52.0;823.0;786.0;584
8078;Oud-Beijerland;2024;24068;5052;13650;5366;20398;2036;725;1311;1634;872;762;345;143;202;165;92;73;90;42;48;192;60;132;842;535;307;242.0;246.0;43.0;68.0;848.0;789.0;584
8079;Oud-Beijerland;2025;24101;5057;13578;5466;20334;2086;743;1343;1681;892;789;352;144;208;172;96;76;99;44;55;196;61;135;862;547;315;;;;;;;584
8080;Ouder-Amstel;2006;12949;3204;7741;2004;10333;1478;613;865;1138;602;536;432;200;232;91;40;51;42;28;14;83;41;42;490;293;197;140.0;124.0;51.0;62.0;592.0;669.0;437
8081;Ouder-Amstel;2007;12878;3207;7698;1973;10142;1516;611;905;1220;619;601;467;199;268;97;41;56;45;27;18;93;43;50;518;309;209;141.0;113.0;44.0;71.0;605.0;659.0;437
8082;Ouder-Amstel;2008;12825;3235;7603;1987;9964;1559;613;946;1302;629;673;501;201;300;109;47;62;47;28;19;100;43;57;545;310;235;125.0;109.0;43.0;73.0;602.0;658.0;437
8083;Ouder-Amstel;2009;12756;3210;7531;2015;9824;1569;619;950;1363;613;750;535;197;338;116;49;67;48;29;19;109;41;68;555;297;258;120.0;121.0;53.0;64.0;618.0;674.0;437
8084;Ouder-Amstel;2010;12689;3221;7435;2033;9630;1614;629;985;1445;619;826;561;188;373;126;52;74;52;30;22;113;39;74;593;310;283;126.0;112.0;54.0;69.0;632.0;682.0;437
8085;Ouder-Amstel;2011;12637;3226;7377;2034;9480;1652;621;1031;1505;611;894;575;175;400;126;52;74;53;30;23;128;40;88;623;314;309;117.0;106.0;49.0;61.0;605.0;674.0;437
8086;Ouder-Amstel;2012;12565;3210;7254;2101;9341;1657;623;1034;1567;594;973;594;165;429;128;50;78;50;26;24;142;39;103;653;314;339;118.0;107.0;60.0;66.0;609.0;679.0;437
8087;Ouder-Amstel;2013;12498;3204;7107;2187;9172;1699;626;1073;1627;578;1049;622;159;463;132;45;87;58;26;32;147;37;110;668;311;357;113.0;104.0;49.0;64.0;612.0;673.0;437
8088;Ouder-Amstel;2014;12432;3182;6994;2256;9005;1716;621;1095;1711;575;1136;663;157;506;142;49;93;64;27;37;160;37;123;682;305;377;103.0;106.0;63.0;63.0;604.0;671.0;437
8089;Ouder-Amstel;2015;12362;3135;6904;2323;8854;1735;634;1101;1773;569;1204;695;155;540;146;51;95;67;26;41;169;38;131;696;299;397;116.0;111.0;48.0;50.0;612.0;684.0;437
8090;Ouder-Amstel;2016;12296;3125;6788;2383;8718;1759;639;1120;1819;555;1264;713;155;558;142;48;94;73;30;43;176;37;139;715;285;430;127.0;120.0;46.0;75.0;619.0;662.0;437
8091;Ouder-Amstel;2017;12229;3116;6702;2411;8553;1771;632;1139;1905;558;1347;742;148;594;150;50;100;72;29;43;190;38;152;751;293;458;110.0;116.0;56.0;64.0;606.0;663.0;437
8092;Ouder-Amstel;2018;12159;3083;6641;2435;8424;1774;624;1150;1961;562;1399;760;142;618;150;48;102;70;29;41;203;43;160;778;300;478;131.0;111.0;44.0;55.0;607.0;670.0;437
8093;Ouder-Amstel;2019;12103;3073;6580;2450;8302;1777;625;1152;2024;570;1454;779;138;641;153;55;98;73;32;41;213;43;170;806;302;504;123.0;109.0;46.0;67.0;631.0;684.0;437
8094;Ouder-Amstel;2020;12044;3026;6557;2461;8180;1801;625;1176;2063;563;1500;788;134;654;160;52;108;72;32;40;218;41;177;825;304;521;121.0;106.0;47.0;43.0;620.0;681.0;437
8095;Ouder-Amstel;2021;12000;2983;6520;2497;8070;1832;638;1194;2098;555;1543;805;130;675;158;52;106;71;32;39;227;44;183;837;297;540;130.0;107.0;37.0;68.0;641.0;689.0;437
8096;Ouder-Amstel;2022;11944;2977;6433;2534;7940;1870;641;1229;2134;540;1594;825;129;696;159;49;110;73;32;41;238;44;194;839;286;553;124.0;115.0;53.0;51.0;616.0;683.0;437
8097;Ouder-Amstel;2023;11889;2948;6374;2567;7823;1877;640;1237;2189;544;1645;821;127;694;171;51;120;75;31;44;256;44;212;866;291;575;127.0;125.0;47.0;58.0;654.0;681.0;437
8098;Ouder-Amstel;2024;11854;2939;6345;2570;7682;1911;645;1266;2261;551;1710;849;125;724;170;51;119;78;33;45;269;44;225;895;298;597;139.0;107.0;45.0;51.0;618.0;680.0;437
8099;Ouder-Amstel;2025;11818;2920;6291;2607;7560;1940;642;1298;2318;563;1755;868;126;742;173;51;122;84;31;53;274;41;233;919;314;605;;;;;;;437
8100;Ouderkerk;2006;8242;2240;4813;1189;7693;335;108;227;214;124;90;35;19;16;9;5;4;4;1;3;41;20;21;125;79;46;91.0;55.0;15.0;19.0;232.0;230.0;644
8101;Ouderkerk;2007;8277;2212;4842;1223;7665;366;127;239;246;140;106;41;24;17;12;7;5;9;3;6;42;20;22;142;86;56;107.0;70.0;14.0;11.0;227.0;229.0;644
8102;Ouderkerk;2008;8316;2213;4867;1236;7651;391;143;248;274;163;111;46;28;18;15;9;6;11;5;6;44;22;22;158;99;59;108.0;70.0;9.0;26.0;234.0;228.0;644
8103;Ouderkerk;2009;8342;2222;4834;1286;7623;413;148;265;306;179;127;50;27;23;18;12;6;18;10;8;46;23;23;174;107;67;90.0;80.0;11.0;23.0;225.0;228.0;644
8104;Ouderkerk;2010;8337;2208;4806;1323;7564;441;154;287;332;196;136;55;28;27;19;11;8;22;12;10;46;23;23;190;122;68;108.0;69.0;9.0;28.0;226.0;225.0;644
8105;Ouderkerk;2011;8358;2207;4794;1357;7531;474;166;308;353;206;147;57;27;30;20;10;10;25;12;13;44;21;23;207;136;71;99.0;77.0;18.0;22.0;227.0;230.0;644
8106;Ouderkerk;2012;8374;2185;4749;1440;7489;507;173;334;378;220;158;61;30;31;23;11;12;25;12;13;48;22;26;221;145;76;100.0;81.0;11.0;23.0;233.0;217.0;644
8107;Ouderkerk;2013;8398;2215;4691;1492;7455;537;186;351;406;229;177;66;32;34;24;12;12;31;13;18;51;25;26;234;147;87;104.0;81.0;19.0;18.0;237.0;235.0;644
8108;Ouderkerk;2014;8426;2218;4664;1544;7415;578;196;382;433;246;187;75;39;36;25;13;12;34;17;17;51;24;27;248;153;95;102.0;79.0;17.0;20.0;239.0;234.0;644
8109;Ouderkerk;2015;8451;2230;4636;1585;7383;614;210;404;454;251;203;80;42;38;26;12;14;38;18;20;57;25;32;253;154;99;103.0;85.0;18.0;17.0;232.0;227.0;644
8110;Ouderkerk;2016;8474;2229;4611;1634;7346;655;221;434;473;263;210;86;46;40;26;12;14;39;19;20;60;24;36;262;162;100;106.0;81.0;16.0;23.0;234.0;236.0;644
8111;Ouderkerk;2017;8490;2208;4616;1666;7321;674;233;441;495;280;215;89;50;39;27;13;14;41;20;21;61;23;38;277;174;103;123.0;77.0;14.0;17.0;236.0;233.0;644
8112;Ouderkerk;2018;8536;2196;4644;1696;7312;714;243;471;510;280;230;94;49;45;29;13;16;42;19;23;65;23;42;280;176;104;95.0;87.0;18.0;22.0;232.0;236.0;644
8113;Ouderkerk;2019;8536;2191;4628;1717;7272;733;257;476;531;292;239;95;51;44;36;15;21;45;21;24;67;23;44;288;182;106;102.0;83.0;20.0;24.0;233.0;234.0;644
8114;Ouderkerk;2020;8550;2186;4605;1759;7234;776;279;497;540;292;248;90;48;42;38;15;23;47;20;27;67;23;44;298;186;112;105.0;91.0;12.0;21.0;243.0;238.0;644
8115;Ouderkerk;2021;8562;2165;4597;1800;7203;801;288;513;558;302;256;93;51;42;37;15;22;49;21;28;72;23;49;307;192;115;111.0;85.0;19.0;34.0;238.0;243.0;644
8116;Ouderkerk;2022;8569;2171;4561;1837;7167;828;308;520;574;309;265;95;51;44;41;17;24;52;21;31;71;22;49;315;198;117;105.0;92.0;21.0;25.0;243.0;239.0;644
8117;Ouderkerk;2023;8581;2164;4533;1884;7138;849;312;537;594;315;279;99;53;46;43;16;27;52;20;32;75;23;52;325;203;122;115.0;93.0;11.0;23.0;235.0;242.0;644
8118;Ouderkerk;2024;8584;2152;4528;1904;7101;869;313;556;614;332;282;102;53;49;44;17;27;53;20;33;73;22;51;342;220;122;101.0;90.0;15.0;29.0;237.0;246.0;644
8119;Ouderkerk;2025;8575;2151;4501;1923;7057;889;320;569;629;348;281;107;56;51;48;20;28;55;21;34;73;25;48;346;226;120;;;;;;;644
8120;Oudewater;2006;9982;2665;5866;1451;9295;407;122;285;280;171;109;37;20;17;14;6;8;15;6;9;44;25;19;170;114;56;116.0;98.0;14.0;27.0;348.0;299.0;589
8121;Oudewater;2007;10036;2668;5885;1483;9290;439;135;304;307;188;119;42;23;19;17;8;9;14;6;8;50;26;24;184;125;59;106.0;86.0;16.0;38.0;348.0;305.0;589
8122;Oudewater;2008;10077;2667;5876;1534;9273;463;141;322;341;206;135;50;28;22;22;11;11;18;7;11;54;27;27;197;133;64;114.0;77.0;15.0;28.0;301.0;308.0;589
8123;Oudewater;2009;10094;2651;5837;1606;9237;487;144;343;370;220;150;54;29;25;25;13;12;22;8;14;60;28;32;209;142;67;112.0;80.0;20.0;32.0;311.0;301.0;589
8124;Oudewater;2010;10124;2614;5849;1661;9210;508;149;359;406;234;172;57;29;28;24;13;11;26;9;17;61;27;34;238;156;82;96.0;103.0;20.0;33.0;339.0;309.0;589
8125;Oudewater;2011;10135;2588;5831;1716;9164;539;160;379;432;244;188;59;27;32;26;13;13;29;10;19;60;26;34;258;168;90;95.0;98.0;19.0;27.0;333.0;310.0;589
8126;Oudewater;2012;10147;2543;5804;1800;9112;572;167;405;463;257;206;65;30;35;25;12;13;28;10;18;62;27;35;283;178;105;103.0;92.0;9.0;29.0;352.0;316.0;589
8127;Oudewater;2013;10173;2501;5765;1907;9089;596;175;421;488;263;225;78;34;44;28;14;14;25;9;16;67;29;38;290;177;113;87.0;102.0;22.0;18.0;340.0;313.0;589
8128;Oudewater;2014;10187;2456;5744;1987;9038;629;191;438;520;278;242;80;33;47;29;16;13;26;8;18;71;31;40;314;190;124;97.0;108.0;19.0;34.0;345.0;314.0;589
8129;Oudewater;2015;10196;2413;5711;2072;8992;650;202;448;554;289;265;87;36;51;32;20;12;29;7;22;76;32;44;330;194;136;102.0;98.0;19.0;24.0;333.0;319.0;589
8130;Oudewater;2016;10208;2396;5670;2142;8933;684;213;471;591;307;284;89;40;49;36;23;13;33;8;25;82;33;49;351;203;148;105.0;105.0;20.0;20.0;331.0;317.0;589
8131;Oudewater;2017;10223;2359;5704;2160;8907;697;218;479;619;320;299;92;40;52;34;22;12;37;9;28;86;33;53;370;216;154;96.0;111.0;22.0;18.0;335.0;319.0;589
8132;Oudewater;2018;10227;2317;5707;2203;8871;713;223;490;643;322;321;93;41;52;39;25;14;41;9;32;88;31;57;382;216;166;99.0;106.0;24.0;27.0;337.0;320.0;589
8133;Oudewater;2019;10235;2301;5694;2240;8816;744;240;504;675;335;340;98;42;56;40;26;14;46;11;35;88;32;56;403;224;179;92.0;113.0;14.0;25.0;355.0;327.0;589
8134;Oudewater;2020;10230;2277;5695;2258;8772;756;252;504;702;343;359;99;42;57;47;29;18;48;11;37;90;31;59;418;230;188;111.0;115.0;17.0;34.0;332.0;320.0;589
8135;Oudewater;2021;10222;2268;5643;2311;8727;781;269;512;714;341;373;98;42;56;48;28;20;50;11;39;96;31;65;422;229;193;99.0;115.0;15.0;23.0;331.0;316.0;589
8136;Oudewater;2022;10211;2241;5645;2325;8685;798;275;523;728;336;392;104;43;61;47;27;20;50;13;37;102;33;69;425;220;205;104.0;112.0;15.0;39.0;352.0;320.0;589
8137;Oudewater;2023;10212;2217;5650;2345;8652;816;296;520;744;345;399;110;44;66;46;28;18;50;15;35;99;33;66;439;225;214;107.0;119.0;25.0;34.0;346.0;316.0;589
8138;Oudewater;2024;10222;2211;5617;2394;8616;837;297;540;769;349;420;112;45;67;50;29;21;53;15;38;99;30;69;455;230;225;112.0;128.0;19.0;27.0;343.0;324.0;589
8139;Oudewater;2025;10216;2210;5582;2424;8552;864;311;553;800;355;445;122;44;78;51;29;22;52;15;37;103;31;72;472;236;236;;;;;;;589
8140;Oude IJsselstreek;2006;40153;9881;23922;6350;34804;3034;887;2147;2315;1335;980;43;17;26;98;58;40;1609;868;741;57;31;26;508;361;147;406.0;395.0;80.0;115.0;1161.0;1291.0;1509
8141;Oude IJsselstreek;2007;40001;9719;23887;6395;34627;3021;886;2135;2353;1374;979;46;19;27;96;56;40;1580;854;726;61;32;29;570;413;157;405.0;401.0;85.0;97.0;1121.0;1288.0;1509
8142;Oude IJsselstreek;2008;39832;9546;23805;6481;34425;3031;891;2140;2376;1386;990;50;18;32;92;51;41;1570;851;719;68;37;31;596;429;167;417.0;395.0;84.0;106.0;1118.0;1293.0;1509
8143;Oude IJsselstreek;2009;39663;9443;23642;6578;34254;3023;890;2133;2386;1390;996;55;22;33;97;52;45;1540;834;706;77;39;38;617;443;174;386.0;411.0;68.0;109.0;1169.0;1298.0;1509
8144;Oude IJsselstreek;2010;39475;9315;23508;6652;34037;3040;899;2141;2398;1403;995;66;29;37;101;57;44;1508;814;694;83;43;40;640;460;180;387.0;408.0;93.0;110.0;1153.0;1282.0;1509
8145;Oude IJsselstreek;2011;39310;9171;23389;6750;33853;3031;912;2119;2426;1426;1000;76;30;46;104;57;47;1485;811;674;87;42;45;674;486;188;377.0;393.0;72.0;110.0;1166.0;1298.0;1509
8146;Oude IJsselstreek;2012;39123;9027;23144;6952;33677;3017;927;2090;2429;1428;1001;83;34;49;104;56;48;1450;799;651;92;43;49;700;496;204;387.0;419.0;79.0;98.0;1162.0;1294.0;1509
8147;Oude IJsselstreek;2013;38940;8924;22857;7159;33524;3001;926;2075;2415;1416;999;85;37;48;101;55;46;1417;781;636;99;45;54;713;498;215;390.0;412.0;93.0;106.0;1138.0;1297.0;1509
8148;Oude IJsselstreek;2014;38744;8749;22688;7307;33335;3010;929;2081;2399;1405;994;90;37;53;98;53;45;1394;769;625;100;44;56;717;502;215;399.0;406.0;72.0;99.0;1154.0;1297.0;1509
8149;Oude IJsselstreek;2015;38568;8602;22529;7437;33151;3022;943;2079;2395;1405;990;99;40;59;100;55;45;1363;756;607;105;45;60;728;509;219;408.0;396.0;81.0;90.0;1115.0;1292.0;1509
8150;Oude IJsselstreek;2016;38398;8465;22366;7567;32980;3014;948;2066;2404;1423;981;110;42;68;98;53;45;1333;747;586;104;46;58;759;535;224;407.0;405.0;74.0;88.0;1121.0;1284.0;1509
8151;Oude IJsselstreek;2017;38228;8364;22147;7717;32810;3025;959;2066;2393;1433;960;112;45;67;96;53;43;1300;733;567;104;46;58;781;556;225;416.0;413.0;94.0;97.0;1117.0;1284.0;1509
8152;Oude IJsselstreek;2018;38066;8247;21997;7822;32619;3032;966;2066;2415;1453;962;122;49;73;98;52;46;1272;723;549;104;46;58;819;583;236;393.0;434.0;80.0;104.0;1168.0;1290.0;1509
8153;Oude IJsselstreek;2019;37886;8142;21832;7912;32431;3035;977;2058;2420;1469;951;134;57;77;98;51;47;1236;711;525;107;46;61;845;604;241;443.0;438.0;70.0;103.0;1148.0;1291.0;1509
8154;Oude IJsselstreek;2020;37721;8084;21619;8018;32283;3005;971;2034;2433;1486;947;140;59;81;100;53;47;1214;701;513;108;45;63;871;628;243;420.0;426.0;78.0;115.0;1160.0;1275.0;1509
8155;Oude IJsselstreek;2021;37560;7975;21461;8124;32110;3012;979;2033;2438;1505;933;145;62;83;105;58;47;1196;702;494;109;44;65;883;639;244;416.0;438.0;69.0;95.0;1175.0;1283.0;1509
8156;Oude IJsselstreek;2022;37407;7910;21265;8232;31923;3013;980;2033;2471;1516;955;160;66;94;111;59;52;1172;690;482;116;46;70;912;655;257;475.0;433.0;75.0;106.0;1116.0;1275.0;1509
8157;Oude IJsselstreek;2023;37264;7857;21071;8336;31781;3014;990;2024;2469;1503;966;159;64;95;106;55;51;1154;682;472;115;44;71;935;658;277;454.0;434.0;82.0;82.0;1105.0;1261.0;1509
8158;Oude IJsselstreek;2024;37131;7893;20800;8438;31639;3018;991;2027;2474;1509;965;168;70;98;104;55;49;1145;676;469;117;46;71;940;662;278;457.0;464.0;75.0;111.0;1187.0;1259.0;1509
8159;Oude IJsselstreek;2025;37015;7935;20579;8501;31484;3045;996;2049;2486;1519;967;170;68;102;114;61;53;1119;662;457;119;46;73;964;682;282;;;;;;;1509
8160;Overbetuwe;2006;41923;11136;25362;5425;37699;2990;988;2002;1234;722;512;169;77;92;101;53;48;214;109;105;51;18;33;699;465;234;509.0;275.0;59.0;152.0;2054.0;1443.0;1734
8161;Overbetuwe;2007;42675;11211;25779;5685;38284;3055;1007;2048;1336;775;561;187;85;102;107;60;47;223;114;109;62;22;40;757;494;263;492.0;290.0;62.0;138.0;2110.0;1492.0;1734
8162;Overbetuwe;2008;43420;11267;26186;5967;38858;3115;998;2117;1447;832;615;201;93;108;118;68;50;239;122;117;75;23;52;814;526;288;500.0;306.0;70.0;150.0;2188.0;1542.0;1734
8163;Overbetuwe;2009;44183;11302;26636;6245;39422;3205;1022;2183;1556;868;688;217;99;118;124;70;54;247;122;125;86;25;61;882;552;330;526.0;327.0;70.0;151.0;2209.0;1582.0;1734
8164;Overbetuwe;2010;44927;11340;27086;6501;39994;3257;1044;2213;1676;909;767;239;105;134;136;74;62;263;127;136;96;27;69;942;576;366;528.0;327.0;84.0;140.0;2212.0;1621.0;1734
8165;Overbetuwe;2011;45664;11373;27536;6755;40549;3327;1057;2270;1788;951;837;256;110;146;143;76;67;276;131;145;106;31;75;1007;603;404;574.0;341.0;84.0;168.0;2236.0;1654.0;1734
8166;Overbetuwe;2012;46397;11455;27742;7200;41079;3401;1091;2310;1917;1014;903;273;118;155;152;80;72;293;136;157;119;37;82;1080;643;437;575.0;351.0;100.0;155.0;2256.0;1706.0;1734
8167;Overbetuwe;2013;47118;11514;27989;7615;41614;3455;1099;2356;2049;1068;981;280;117;163;161;89;72;318;146;172;128;41;87;1162;675;487;564.0;352.0;76.0;164.0;2299.0;1736.0;1734
8168;Overbetuwe;2014;47805;11559;28281;7965;42125;3531;1119;2412;2149;1093;1056;297;119;178;164;90;74;316;146;170;146;42;104;1226;696;530;631.0;381.0;75.0;168.0;2261.0;1751.0;1734
8169;Overbetuwe;2015;48470;11696;28489;8285;42644;3568;1123;2445;2258;1139;1119;312;124;188;166;94;72;320;149;171;158;44;114;1302;728;574;615.0;385.0;95.0;171.0;2285.0;1792.0;1734
8170;Overbetuwe;2016;49115;11783;28741;8591;43132;3619;1148;2471;2364;1167;1197;317;117;200;171;97;74;336;152;184;168;45;123;1372;756;616;637.0;403.0;76.0;166.0;2276.0;1825.0;1734
8171;Overbetuwe;2017;49713;11861;29020;8832;43570;3668;1160;2508;2475;1197;1278;327;124;203;191;103;88;347;155;192;184;47;137;1426;768;658;653.0;400.0;74.0;174.0;2276.0;1839.0;1734
8172;Overbetuwe;2018;50308;11957;29230;9121;44004;3747;1194;2553;2557;1215;1342;334;129;205;199;109;90;359;160;199;195;47;148;1470;770;700;675.0;430.0;74.0;162.0;2280.0;1851.0;1734
8173;Overbetuwe;2019;50897;12045;29433;9419;44407;3803;1212;2591;2687;1261;1426;348;134;214;210;113;97;377;166;211;210;51;159;1542;797;745;675.0;439.0;88.0;150.0;2251.0;1878.0;1734
8174;Overbetuwe;2020;51452;12142;29668;9642;44820;3838;1240;2598;2794;1308;1486;362;135;227;220;120;100;395;170;225;211;50;161;1606;833;773;693.0;439.0;101.0;158.0;2212.0;1895.0;1734
8175;Overbetuwe;2021;51969;12247;29844;9878;45202;3869;1256;2613;2898;1346;1552;374;144;230;225;120;105;410;174;236;217;48;169;1672;860;812;703.0;453.0;76.0;164.0;2266.0;1911.0;1734
8176;Overbetuwe;2022;52489;12382;29962;10145;45562;3899;1275;2624;3028;1367;1661;396;152;244;236;118;118;416;174;242;237;52;185;1743;871;872;689.0;475.0;78.0;177.0;2264.0;1925.0;1734
8177;Overbetuwe;2023;52949;12487;30077;10385;45895;3927;1276;2651;3127;1382;1745;413;156;257;241;115;126;426;170;256;254;56;198;1793;885;908;720.0;477.0;78.0;170.0;2204.0;1926.0;1734
8178;Overbetuwe;2024;53377;12606;30098;10673;46237;3935;1287;2648;3205;1402;1803;406;152;254;248;115;133;434;174;260;263;55;208;1854;906;948;696.0;496.0;77.0;160.0;2206.0;1935.0;1734
8179;Overbetuwe;2025;53772;12730;30062;10980;46498;3979;1308;2671;3295;1423;1872;415;155;260;257;120;137;446;170;276;279;54;225;1898;924;974;;;;;;;1734
8180;Papendrecht;2006;32431;8004;19779;4648;27529;2622;980;1642;2280;1303;977;480;256;224;254;130;124;272;130;142;279;131;148;995;656;339;379.0;236.0;65.0;148.0;1319.0;1224.0;590
8181;Papendrecht;2007;32590;7973;19841;4776;27646;2641;969;1672;2303;1280;1023;491;250;241;264;135;129;286;135;151;288;133;155;974;627;347;365.0;236.0;73.0;153.0;1585.0;1196.0;590
8182;Papendrecht;2008;33028;8023;20070;4935;27932;2699;994;1705;2397;1290;1107;514;252;262;272;134;138;299;139;160;298;138;160;1014;627;387;370.0;238.0;84.0;142.0;1599.0;1228.0;590
8183;Papendrecht;2009;33479;8096;20283;5100;28242;2768;1027;1741;2469;1284;1185;526;249;277;287;141;146;312;140;172;308;140;168;1036;614;422;361.0;246.0;92.0;172.0;1633.0;1250.0;590
8184;Papendrecht;2010;33901;8143;20464;5294;28524;2831;1037;1794;2546;1300;1246;544;254;290;298;141;157;320;140;180;316;142;174;1068;623;445;399.0;261.0;88.0;172.0;1655.0;1273.0;590
8185;Papendrecht;2011;34340;8210;20737;5393;28844;2866;1047;1819;2630;1307;1323;569;263;306;303;136;167;331;139;192;332;145;187;1095;624;471;413.0;252.0;97.0;145.0;1638.0;1295.0;590
8186;Papendrecht;2012;34797;8274;20810;5713;29182;2891;1064;1827;2724;1334;1390;599;268;331;305;139;166;340;138;202;344;146;198;1136;643;493;410.0;278.0;112.0;145.0;1651.0;1306.0;590
8187;Papendrecht;2013;35240;8345;20958;5937;29486;2933;1104;1829;2821;1356;1465;616;267;349;319;144;175;352;144;208;354;151;203;1180;650;530;432.0;284.0;96.0;157.0;1672.0;1333.0;590
8188;Papendrecht;2014;35669;8388;21127;6154;29797;2964;1116;1848;2908;1367;1541;635;269;366;331;151;180;362;144;218;360;148;212;1220;655;565;411.0;299.0;100.0;156.0;1717.0;1353.0;590
8189;Papendrecht;2015;36087;8442;21292;6353;30081;3019;1127;1892;2987;1384;1603;641;265;376;341;151;190;365;141;224;367;152;215;1273;675;598;448.0;300.0;85.0;160.0;1693.0;1367.0;590
8190;Papendrecht;2016;36492;8494;21494;6504;30364;3052;1128;1924;3076;1389;1687;653;264;389;347;151;196;383;147;236;374;151;223;1319;676;643;452.0;294.0;95.0;169.0;1689.0;1383.0;590
8191;Papendrecht;2017;36882;8559;21687;6636;30632;3093;1154;1939;3157;1408;1749;672;270;402;349;144;205;393;149;244;371;146;225;1372;699;673;473.0;312.0;95.0;140.0;1676.0;1407.0;590
8192;Papendrecht;2018;37270;8673;21848;6749;30882;3141;1171;1970;3247;1436;1811;685;274;411;359;144;215;403;150;253;367;144;223;1433;724;709;476.0;320.0;72.0;164.0;1733.0;1435.0;590
8193;Papendrecht;2019;37635;8728;22030;6877;31143;3168;1160;2008;3324;1430;1894;685;263;422;374;146;228;405;147;258;377;144;233;1483;730;753;483.0;325.0;91.0;163.0;1706.0;1418.0;590
8194;Papendrecht;2020;38010;8784;22233;6993;31368;3215;1178;2037;3427;1443;1984;709;260;449;381;147;234;424;147;277;376;144;232;1537;745;792;472.0;317.0;80.0;162.0;1711.0;1447.0;590
8195;Papendrecht;2021;38351;8860;22419;7072;31611;3224;1177;2047;3516;1449;2067;725;255;470;399;154;245;438;151;287;383;146;237;1571;743;828;494.0;352.0;95.0;169.0;1742.0;1468.0;590
8196;Papendrecht;2022;38696;8904;22655;7137;31838;3267;1193;2074;3591;1461;2130;733;259;474;416;157;259;445;149;296;395;151;244;1602;745;857;511.0;334.0;83.0;140.0;1665.0;1474.0;590
8197;Papendrecht;2023;39008;8971;22790;7247;32016;3299;1211;2088;3693;1472;2221;746;255;491;435;159;276;453;152;301;398;149;249;1661;757;904;494.0;348.0;71.0;169.0;1724.0;1481.0;590
8198;Papendrecht;2024;39307;9041;22885;7381;32188;3329;1204;2125;3790;1474;2316;750;244;506;436;154;282;463;151;312;412;151;261;1729;774;955;531.0;361.0;96.0;152.0;1640.0;1481.0;590
8199;Papendrecht;2025;39583;9140;22925;7518;32346;3373;1205;2168;3864;1483;2381;753;243;510;453;158;295;463;149;314;425;155;270;1770;778;992;;;;;;;590
8200;Pekela;2006;13301;3169;8045;2087;12005;797;321;476;499;374;125;48;24;24;21;13;8;54;27;27;3;1;2;373;309;64;139.0;141.0;54.0;47.0;553.0;633.0;765
8201;Pekela;2007;13231;3129;8002;2100;11938;816;330;486;477;354;123;47;24;23;17;12;5;56;27;29;3;0;3;354;291;63;153.0;157.0;52.0;48.0;534.0;643.0;765
8202;Pekela;2008;13125;3123;7884;2118;11824;835;332;503;466;336;130;44;22;22;19;13;6;57;26;31;4;1;3;342;274;68;130.0;157.0;53.0;44.0;541.0;627.0;765
8203;Pekela;2009;13021;3088;7784;2149;11699;865;347;518;457;322;135;42;19;23;18;12;6;57;26;31;6;1;5;334;264;70;152.0;152.0;54.0;40.0;518.0;624.0;765
8204;Pekela;2010;12928;3072;7702;2154;11600;871;348;523;457;318;139;43;19;24;20;13;7;56;26;30;7;2;5;331;258;73;137.0;147.0;49.0;49.0;527.0;620.0;765
8205;Pekela;2011;12828;3040;7617;2171;11481;886;365;521;461;318;143;43;20;23;19;14;5;52;25;27;10;2;8;337;257;80;137.0;141.0;63.0;45.0;502.0;605.0;765
8206;Pekela;2012;12740;3010;7470;2260;11343;922;378;544;475;323;152;42;20;22;20;13;7;55;25;30;10;2;8;348;263;85;140.0;142.0;54.0;49.0;512.0;606.0;765
8207;Pekela;2013;12650;2989;7343;2318;11227;940;386;554;483;322;161;41;19;22;24;16;8;55;25;30;11;2;9;352;260;92;127.0;139.0;69.0;53.0;505.0;602.0;765
8208;Pekela;2014;12558;2954;7235;2369;11110;953;391;562;495;332;163;39;19;20;30;21;9;57;25;32;10;2;8;359;265;94;136.0;141.0;70.0;38.0;497.0;611.0;765
8209;Pekela;2015;12475;2946;7120;2409;10994;989;412;577;492;333;159;42;20;22;31;20;11;52;23;29;10;2;8;357;268;89;129.0;154.0;78.0;52.0;522.0;601.0;765
8210;Pekela;2016;12398;2927;7046;2425;10885;1013;432;581;500;333;167;47;21;26;34;23;11;53;23;30;11;3;8;355;263;92;140.0;142.0;76.0;49.0;505.0;602.0;765
8211;Pekela;2017;12324;2912;6957;2455;10780;1030;449;581;514;345;169;51;22;29;32;24;8;53;24;29;13;4;9;365;271;94;132.0;148.0;55.0;54.0;544.0;608.0;765
8212;Pekela;2018;12244;2886;6870;2488;10704;1029;453;576;511;345;166;53;24;29;32;24;8;48;22;26;15;5;10;363;270;93;129.0;146.0;66.0;43.0;519.0;597.0;765
8213;Pekela;2019;12173;2866;6782;2525;10597;1046;458;588;530;358;172;56;27;29;30;22;8;46;20;26;16;5;11;382;284;98;128.0;152.0;62.0;57.0;534.0;603.0;765
8214;Pekela;2020;12086;2816;6732;2538;10505;1046;463;583;535;359;176;50;19;31;27;18;9;44;19;25;17;6;11;397;297;100;141.0;154.0;66.0;42.0;529.0;604.0;765
8215;Pekela;2021;12022;2806;6657;2559;10425;1043;466;577;554;379;175;46;19;27;31;21;10;44;19;25;18;7;11;415;313;102;142.0;145.0;60.0;37.0;522.0;601.0;765
8216;Pekela;2022;11965;2811;6568;2586;10359;1044;473;571;562;387;175;47;22;25;31;21;10;46;20;26;20;8;12;418;316;102;136.0;157.0;61.0;48.0;536.0;593.0;765
8217;Pekela;2023;11903;2800;6512;2591;10263;1056;468;588;584;401;183;47;23;24;36;24;12;46;21;25;20;6;14;435;327;108;153.0;156.0;82.0;48.0;505.0;590.0;765
8218;Pekela;2024;11850;2823;6419;2608;10169;1078;489;589;603;416;187;47;25;22;37;25;12;47;21;26;22;6;16;450;339;111;136.0;152.0;53.0;42.0;538.0;587.0;765
8219;Pekela;2025;11796;2828;6340;2628;10104;1101;514;587;591;403;188;43;21;22;36;23;13;47;21;26;23;7;16;442;331;111;;;;;;;765
8220;Purmerend;2006;77609;19245;48292;10072;60317;6690;2548;4142;10602;6121;4481;3549;1825;1724;826;480;346;783;386;397;1019;510;509;4425;2920;1505;850.0;623.0;205.0;375.0;2981.0;2601.0;439
8221;Purmerend;2007;78051;19118;48762;10171;60535;6719;2593;4126;10797;6215;4582;3584;1837;1747;820;486;334;768;378;390;1059;519;540;4566;2995;1571;848.0;627.0;214.0;372.0;3055.0;2621.0;439
8222;Purmerend;2008;78550;19106;49170;10274;60775;6718;2649;4069;11057;6330;4727;3634;1853;1781;813;476;337;779;380;399;1106;534;572;4725;3087;1638;832.0;636.0;226.0;369.0;3057.0;2617.0;439
8223;Purmerend;2009;79048;19007;49632;10409;60981;6736;2689;4047;11331;6473;4858;3678;1866;1812;813;469;344;807;396;411;1139;545;594;4894;3197;1697;802.0;652.0;233.0;357.0;3323.0;2645.0;439
8224;Purmerend;2010;79757;18905;50164;10688;61333;6785;2756;4029;11639;6618;5021;3731;1886;1845;825;478;347;827;403;424;1165;557;608;5091;3294;1797;828.0;640.0;230.0;387.0;3353.0;2680.0;439
8225;Purmerend;2011;80466;18828;50771;10867;61757;6841;2825;4016;11868;6718;5150;3738;1882;1856;845;482;363;849;412;437;1207;574;633;5229;3368;1861;833.0;659.0;236.0;418.0;3403.0;2711.0;439
8226;Purmerend;2012;81159;18745;50911;11503;62162;6887;2873;4014;12110;6836;5274;3769;1899;1870;860;491;369;864;420;444;1241;585;656;5376;3441;1935;824.0;683.0;244.0;401.0;3421.0;2722.0;439
8227;Purmerend;2013;81849;18607;51220;12022;62544;6939;2934;4005;12366;6951;5415;3790;1904;1886;869;490;379;884;429;455;1297;605;692;5526;3523;2003;853.0;670.0;254.0;405.0;3399.0;2753.0;439
8228;Purmerend;2014;82538;18529;51628;12381;62896;7032;3009;4023;12610;7063;5547;3803;1891;1912;889;494;395;885;431;454;1338;626;712;5695;3621;2074;848.0;692.0;260.0;365.0;3371.0;2768.0;439
8229;Purmerend;2015;83202;18550;51931;12721;63300;7052;3076;3976;12850;7164;5686;3820;1895;1925;899;496;403;893;432;461;1381;639;742;5857;3702;2155;853.0;710.0;273.0;381.0;3427.0;2795.0;439
8230;Purmerend;2016;83875;18501;52289;13085;63638;7126;3177;3949;13111;7300;5811;3866;1908;1958;909;498;411;912;435;477;1407;655;752;6017;3804;2213;855.0;720.0;278.0;407.0;3474.0;2826.0;439
8231;Purmerend;2017;84537;18499;52616;13422;63970;7223;3273;3950;13344;7401;5943;3881;1918;1963;908;489;419;915;430;485;1448;666;782;6192;3898;2294;896.0;727.0;277.0;400.0;3428.0;2840.0;439
8232;Purmerend;2018;85175;18492;52903;13780;64311;7317;3372;3945;13547;7489;6058;3912;1925;1987;907;488;419;930;438;492;1486;680;806;6312;3958;2354;905.0;761.0;276.0;382.0;3459.0;2862.0;439
8233;Purmerend;2019;85814;18486;53189;14139;64690;7355;3418;3937;13769;7586;6183;3924;1928;1996;911;485;426;942;438;504;1512;685;827;6480;4050;2430;915.0;772.0;278.0;383.0;3432.0;2875.0;439
8234;Purmerend;2020;86416;18507;53312;14597;64993;7454;3482;3972;13969;7674;6295;3931;1918;2013;913;490;423;954;448;506;1561;698;863;6610;4120;2490;947.0;769.0;288.0;406.0;3450.0;2910.0;439
8235;Purmerend;2021;87022;18436;53515;15071;65374;7491;3546;3945;14157;7737;6420;3925;1916;2009;946;497;449;967;449;518;1576;695;881;6743;4180;2563;970.0;793.0;303.0;391.0;3429.0;2921.0;439
8236;Purmerend;2022;87627;18494;53676;15457;65699;7559;3616;3943;14369;7827;6542;3922;1916;2006;967;501;466;981;451;530;1616;700;916;6883;4259;2624;969.0;805.0;299.0;380.0;3430.0;2943.0;439
8237;Purmerend;2023;88203;18484;53767;15952;66100;7565;3650;3915;14538;7902;6636;3902;1903;1999;990;511;479;990;450;540;1640;699;941;7016;4339;2677;974.0;859.0;293.0;388.0;3454.0;2942.0;439
8238;Purmerend;2024;88742;18533;53799;16410;66406;7619;3704;3915;14717;7971;6746;3885;1894;1991;1013;519;494;1007;457;550;1661;696;965;7151;4405;2746;1023.0;872.0;292.0;406.0;3453.0;2961.0;439
8239;Purmerend;2025;89276;18607;53785;16884;66715;7667;3762;3905;14894;8001;6893;3871;1874;1997;1037;527;510;1018;454;564;1686;698;988;7282;4448;2834;;;;;;;439
8240;Putten;2006;23155;6237;13503;3415;21726;834;301;533;595;367;228;38;16;22;25;15;10;131;73;58;60;36;24;341;227;114;284.0;179.0;48.0;71.0;779.0;827.0;273
8241;Putten;2007;23189;6150;13571;3468;21688;875;303;572;626;385;241;48;20;28;28;17;11;135;74;61;57;32;25;358;242;116;277.0;183.0;61.0;64.0;736.0;829.0;273
8242;Putten;2008;23187;6070;13605;3512;21623;908;321;587;656;402;254;51;23;28;31;18;13;137;74;63;60;32;28;377;255;122;274.0;191.0;56.0;62.0;746.0;832.0;273
8243;Putten;2009;23179;5997;13611;3571;21554;949;332;617;676;410;266;46;21;25;33;19;14;143;74;69;64;36;28;390;260;130;288.0;187.0;61.0;65.0;732.0;838.0;273
8244;Putten;2010;23171;5929;13593;3649;21496;983;338;645;692;418;274;54;24;30;37;22;15;140;74;66;67;39;28;394;259;135;273.0;194.0;69.0;62.0;737.0;826.0;273
8245;Putten;2011;23166;5864;13604;3698;21437;1018;362;656;711;420;291;58;25;33;39;21;18;131;70;61;71;41;30;412;263;149;287.0;209.0;68.0;69.0;736.0;830.0;273
8246;Putten;2012;23153;5759;13542;3852;21369;1052;386;666;732;420;312;63;24;39;41;19;22;140;74;66;72;41;31;416;262;154;279.0;200.0;79.0;64.0;737.0;830.0;273
8247;Putten;2013;23155;5717;13451;3987;21314;1080;407;673;761;435;326;65;25;40;46;22;24;149;80;69;78;39;39;423;269;154;287.0;198.0;63.0;65.0;747.0;848.0;273
8248;Putten;2014;23139;5657;13395;4087;21231;1118;426;692;790;454;336;71;29;42;49;25;24;151;81;70;82;39;43;437;280;157;297.0;216.0;61.0;61.0;721.0;845.0;273
8249;Putten;2015;23101;5612;13352;4137;21140;1147;446;701;814;472;342;72;31;41;51;27;24;149;79;70;81;39;42;461;296;165;288.0;208.0;84.0;59.0;716.0;838.0;273
8250;Putten;2016;23088;5541;13372;4175;21050;1190;456;734;848;499;349;79;35;44;54;29;25;151;79;72;85;39;46;479;317;162;298.0;220.0;68.0;66.0;747.0;833.0;273
8251;Putten;2017;23080;5494;13364;4222;20974;1228;473;755;878;522;356;82;36;46;53;31;22;153;77;76;89;41;48;501;337;164;293.0;225.0;71.0;67.0;744.0;844.0;273
8252;Putten;2018;23055;5491;13282;4282;20909;1246;483;763;900;540;360;80;37;43;60;37;23;153;77;76;87;38;49;520;351;169;325.0;220.0;75.0;78.0;723.0;840.0;273
8253;Putten;2019;23045;5448;13220;4377;20865;1276;500;776;904;539;365;82;37;45;63;39;24;155;77;78;87;36;51;517;350;167;305.0;223.0;93.0;80.0;718.0;830.0;273
8254;Putten;2020;23029;5459;13144;4426;20791;1291;506;785;947;563;384;81;36;45;59;33;26;156;75;81;88;37;51;563;382;181;311.0;218.0;72.0;84.0;728.0;837.0;273
8255;Putten;2021;23006;5442;13089;4475;20733;1293;510;783;980;572;408;83;34;49;61;33;28;166;77;89;90;37;53;580;391;189;301.0;226.0;79.0;68.0;729.0;834.0;273
8256;Putten;2022;22993;5422;13019;4552;20681;1313;532;781;999;579;420;90;38;52;61;33;28;163;74;89;89;35;54;596;399;197;312.0;227.0;80.0;75.0;730.0;829.0;273
8257;Putten;2023;22988;5436;13008;4544;20630;1339;546;793;1019;585;434;94;40;54;62;35;27;168;74;94;91;36;55;604;400;204;320.0;248.0;89.0;73.0;718.0;827.0;273
8258;Putten;2024;22969;5454;12914;4601;20568;1365;566;799;1036;598;438;93;41;52;66;37;29;162;73;89;94;35;59;621;412;209;342.0;228.0;77.0;57.0;673.0;824.0;273
8259;Putten;2025;22954;5480;12795;4679;20502;1403;584;819;1049;612;437;95;41;54;73;40;33;159;74;85;100;35;65;622;422;200;;;;;;;273
8260;Pijnacker-Nootdorp;2006;40944;11979;24531;4434;35007;2936;964;1972;3001;1533;1468;1127;451;676;365;202;163;183;87;96;279;145;134;1047;648;399;532.0;206.0;89.0;190.0;2030.0;1599.0;1926
8261;Pijnacker-Nootdorp;2007;41602;12016;25008;4578;35347;3035;991;2044;3220;1588;1632;1232;471;761;375;196;179;193;89;104;290;147;143;1130;685;445;529.0;215.0;93.0;184.0;2819.0;1630.0;1926
8262;Pijnacker-Nootdorp;2008;43021;12286;25956;4779;36223;3178;1011;2167;3620;1723;1897;1383;490;893;420;201;219;204;92;112;312;152;160;1301;788;513;510.0;220.0;109.0;213.0;2988.0;1742.0;1926
8263;Pijnacker-Nootdorp;2009;44456;12510;26960;4986;37065;3358;1065;2293;4033;1856;2177;1560;519;1041;467;215;252;218;96;122;331;155;176;1457;871;586;542.0;243.0;122.0;204.0;3027.0;1826.0;1926
8264;Pijnacker-Nootdorp;2010;45881;12754;27917;5210;37856;3540;1120;2420;4485;1993;2492;1747;542;1205;517;234;283;235;102;133;354;159;195;1632;956;676;544.0;255.0;147.0;212.0;3129.0;1918.0;1926
8265;Pijnacker-Nootdorp;2011;47321;12943;28988;5390;38582;3742;1184;2558;4997;2162;2835;1938;572;1366;571;247;324;265;111;154;382;164;218;1841;1068;773;522.0;269.0;161.0;226.0;3248.0;2009.0;1926
8266;Pijnacker-Nootdorp;2012;48751;13074;29803;5874;39292;3928;1263;2665;5531;2299;3232;2129;583;1546;638;262;376;296;121;175;416;174;242;2052;1159;893;592.0;266.0;169.0;250.0;3312.0;2119.0;1926
8267;Pijnacker-Nootdorp;2013;50191;13247;30673;6271;40048;4133;1343;2790;6010;2407;3603;2314;599;1715;696;275;421;323;123;200;457;185;272;2220;1225;995;605.0;286.0;199.0;273.0;3375.0;2202.0;1926
8268;Pijnacker-Nootdorp;2014;51607;13353;31733;6521;40752;4329;1437;2892;6526;2544;3982;2484;615;1869;751;294;457;353;129;224;502;195;307;2436;1311;1125;650.0;280.0;195.0;289.0;3378.0;2279.0;1926
8269;Pijnacker-Nootdorp;2015;52983;13570;32629;6784;41400;4522;1516;3006;7061;2678;4383;2674;628;2046;819;315;504;380;138;242;550;205;345;2638;1392;1246;700.0;305.0;211.0;316.0;3381.0;2348.0;1926
8270;Pijnacker-Nootdorp;2016;54308;13806;33493;7009;42026;4714;1591;3123;7568;2791;4777;2843;642;2201;886;327;559;412;149;263;584;203;381;2843;1470;1373;748.0;306.0;207.0;301.0;3377.0;2411.0;1926
8271;Pijnacker-Nootdorp;2017;55627;14111;34300;7216;42668;4904;1653;3251;8055;2927;5128;2998;646;2352;936;342;594;447;157;290;627;215;412;3047;1567;1480;758.0;313.0;240.0;311.0;3384.0;2461.0;1926
8272;Pijnacker-Nootdorp;2018;56927;14422;35010;7495;43274;5093;1741;3352;8560;3045;5515;3171;661;2510;1007;364;643;483;166;317;662;221;441;3237;1633;1604;795.0;329.0;258.0;323.0;3387.0;2528.0;1926
8273;Pijnacker-Nootdorp;2019;58188;14660;35806;7722;43851;5274;1811;3463;9063;3159;5904;3319;674;2645;1073;388;685;517;171;346;707;231;476;3447;1695;1752;865.0;338.0;258.0;319.0;3340.0;2603.0;1926
8274;Pijnacker-Nootdorp;2020;59389;14876;36550;7963;44425;5444;1888;3556;9520;3242;6278;3448;663;2785;1119;397;722;531;169;362;754;239;515;3668;1774;1894;884.0;343.0;260.0;348.0;3351.0;2628.0;1926
8275;Pijnacker-Nootdorp;2021;60564;15095;37263;8206;44955;5598;1949;3649;10011;3339;6672;3577;666;2911;1180;414;766;562;174;388;795;245;550;3897;1840;2057;892.0;363.0;261.0;332.0;3320.0;2658.0;1926
8276;Pijnacker-Nootdorp;2022;61682;15328;37880;8474;45410;5788;2026;3762;10484;3430;7054;3724;665;3059;1245;443;802;589;179;410;820;246;574;4106;1897;2209;944.0;368.0;257.0;367.0;3327.0;2693.0;1926
8277;Pijnacker-Nootdorp;2023;62781;15622;38385;8774;45938;5916;2079;3837;10927;3527;7400;3808;664;3144;1294;460;834;626;185;441;851;248;603;4348;1970;2378;969.0;373.0;247.0;356.0;3286.0;2741.0;1926
8278;Pijnacker-Nootdorp;2024;63812;15855;38808;9149;46460;6055;2117;3938;11297;3582;7715;3891;682;3209;1336;463;873;652;181;471;890;252;638;4528;2004;2524;966.0;383.0;260.0;369.0;3233.0;2750.0;1926
8279;Pijnacker-Nootdorp;2025;64770;16170;39073;9527;46946;6178;2152;4026;11646;3626;8020;3964;678;3286;1389;477;912;690;194;496;922;251;671;4681;2026;2655;;;;;;;1926
8280;Raalte;2006;37308;9892;22136;5280;35106;1127;433;694;1075;741;334;49;14;35;35;14;21;305;173;132;12;5;7;674;535;139;401.0;309.0;45.0;99.0;936.0;926.0;177
8281;Raalte;2007;37356;9726;22257;5373;35093;1149;448;701;1114;753;361;56;15;41;38;18;20;306;169;137;19;6;13;695;545;150;406.0;316.0;50.0;89.0;867.0;946.0;177
8282;Raalte;2008;37331;9567;22284;5480;35050;1169;447;722;1112;749;363;63;17;46;33;18;15;295;167;128;23;9;14;698;538;160;391.0;320.0;61.0;102.0;884.0;937.0;177
8283;Raalte;2009;37309;9381;22351;5577;35007;1176;445;731;1126;748;378;71;19;52;34;17;17;292;165;127;28;11;17;701;536;165;389.0;314.0;64.0;93.0;862.0;937.0;177
8284;Raalte;2010;37283;9217;22393;5673;34903;1222;462;760;1158;761;397;83;25;58;38;22;16;292;164;128;29;11;18;716;539;177;395.0;321.0;64.0;87.0;881.0;956.0;177
8285;Raalte;2011;37258;9032;22448;5778;34839;1249;460;789;1170;766;404;83;26;57;38;21;17;294;165;129;27;10;17;728;544;184;397.0;324.0;55.0;87.0;878.0;950.0;177
8286;Raalte;2012;37224;8859;22351;6014;34760;1265;467;798;1199;772;427;93;26;67;41;23;18;295;164;131;28;9;19;742;550;192;384.0;328.0;65.0;91.0;876.0;943.0;177
8287;Raalte;2013;37190;8735;22230;6225;34699;1293;480;813;1198;771;427;97;28;69;52;28;24;289;161;128;31;10;21;729;544;185;402.0;346.0;62.0;85.0;876.0;945.0;177
8288;Raalte;2014;37156;8600;22165;6391;34603;1328;491;837;1225;785;440;102;30;72;58;32;26;289;164;125;36;13;23;740;546;194;387.0;344.0;71.0;90.0;883.0;945.0;177
8289;Raalte;2015;37118;8462;22100;6556;34476;1385;501;884;1257;804;453;109;35;74;60;33;27;292;165;127;38;14;24;758;557;201;397.0;339.0;58.0;90.0;892.0;945.0;177
8290;Raalte;2016;37092;8398;21978;6716;34373;1425;517;908;1294;834;460;111;39;72;60;32;28;298;167;131;37;15;22;788;581;207;411.0;353.0;70.0;87.0;869.0;939.0;177
8291;Raalte;2017;37066;8340;21837;6889;34265;1475;538;937;1326;852;474;117;38;79;65;40;25;296;166;130;45;16;29;803;592;211;417.0;357.0;63.0;89.0;876.0;938.0;177
8292;Raalte;2018;37039;8270;21735;7034;34195;1492;554;938;1352;860;492;122;38;84;70;45;25;297;164;133;49;17;32;814;596;218;422.0;358.0;76.0;98.0;870.0;938.0;177
8293;Raalte;2019;37017;8220;21604;7193;34106;1538;589;949;1373;879;494;126;42;84;69;45;24;292;160;132;54;19;35;832;613;219;446.0;361.0;41.0;82.0;878.0;946.0;177
8294;Raalte;2020;36996;8175;21452;7369;34027;1566;590;976;1403;898;505;130;45;85;75;48;27;290;160;130;57;20;37;851;625;226;458.0;380.0;57.0;74.0;835.0;924.0;177
8295;Raalte;2021;36970;8143;21276;7551;33958;1596;611;985;1416;901;515;125;45;80;79;50;29;290;162;128;61;21;40;861;623;238;455.0;388.0;65.0;83.0;850.0;927.0;177
8296;Raalte;2022;36944;8136;21095;7713;33902;1611;613;998;1431;911;520;124;46;78;76;49;27;282;155;127;62;21;41;887;640;247;445.0;397.0;60.0;98.0;891.0;925.0;177
8297;Raalte;2023;36922;8113;20895;7914;33821;1634;618;1016;1467;916;551;123;44;79;84;55;29;287;154;133;71;22;49;902;641;261;452.0;381.0;46.0;94.0;864.0;914.0;177
8298;Raalte;2024;36897;8091;20680;8126;33746;1657;627;1030;1494;929;565;127;48;79;86;59;27;286;153;133;76;25;51;919;644;275;444.0;406.0;62.0;83.0;867.0;910.0;177
8299;Raalte;2025;36875;8117;20455;8303;33665;1686;634;1052;1524;931;593;130;47;83;89;59;30;289;150;139;82;25;57;934;650;284;;;;;;;177
8300;Reeuwijk;2006;13018;3440;7563;2015;11885;687;237;450;446;279;167;56;32;24;39;18;21;11;6;5;60;33;27;280;190;90;129.0;118.0;13.0;29.0;512.0;482.0;595
8301;Reeuwijk;2007;13045;3376;7610;2059;11828;739;249;490;478;297;181;65;34;31;44;21;23;13;7;6;60;33;27;296;202;94;115.0;126.0;16.0;31.0;501.0;479.0;595
8302;Reeuwijk;2008;13042;3308;7613;2121;11727;783;259;524;532;334;198;72;39;33;51;26;25;16;7;9;67;38;29;326;224;102;132.0;129.0;20.0;33.0;505.0;493.0;595
8303;Reeuwijk;2009;13044;3261;7593;2190;11667;817;264;553;560;351;209;79;41;38;52;28;24;19;10;9;72;41;31;338;231;107;128.0;119.0;22.0;24.0;467.0;497.0;595
8304;Reeuwijk;2010;13021;3209;7544;2268;11585;854;276;578;582;361;221;82;43;39;51;26;25;22;11;11;76;39;37;351;242;109;127.0;131.0;23.0;24.0;498.0;497.0;595
8305;Reeuwijk;2011;13018;3145;7545;2328;11524;870;285;585;624;383;241;94;52;42;55;29;26;22;10;12;82;42;40;371;250;121;125.0;144.0;16.0;22.0;490.0;485.0;595
8306;Reeuwijk;2012;12998;3091;7452;2455;11443;899;290;609;656;401;255;102;56;46;52;27;25;27;15;12;91;44;47;384;259;125;133.0;142.0;27.0;34.0;495.0;498.0;595
8307;Reeuwijk;2013;12982;3048;7402;2532;11366;921;296;625;695;419;276;106;57;49;56;29;27;30;15;15;96;44;52;407;274;133;121.0;120.0;18.0;31.0;492.0;502.0;595
8308;Reeuwijk;2014;12962;2995;7326;2641;11296;951;309;642;715;424;291;113;59;54;62;31;31;33;16;17;96;44;52;411;274;137;125.0;142.0;32.0;36.0;502.0;506.0;595
8309;Reeuwijk;2015;12936;2952;7270;2714;11199;988;331;657;749;443;306;118;62;56;61;30;31;38;19;19;95;43;52;437;289;148;138.0;151.0;17.0;31.0;520.0;499.0;595
8310;Reeuwijk;2016;12928;2924;7247;2757;11124;1018;344;674;786;465;321;124;66;58;64;31;33;37;18;19;101;46;55;460;304;156;148.0;136.0;14.0;25.0;486.0;496.0;595
8311;Reeuwijk;2017;12920;2914;7208;2798;11064;1032;356;676;824;475;349;128;66;62;67;31;36;37;17;20;107;47;60;485;314;171;133.0;150.0;20.0;26.0;506.0;503.0;595
8312;Reeuwijk;2018;12901;2916;7123;2862;10968;1066;362;704;867;501;366;137;73;64;68;33;35;37;17;20;123;49;74;502;329;173;144.0;150.0;27.0;25.0;479.0;485.0;595
8313;Reeuwijk;2019;12891;2872;7087;2932;10887;1098;366;732;906;524;382;143;78;65;72;34;38;39;17;22;133;53;80;519;342;177;140.0;161.0;40.0;35.0;508.0;504.0;595
8314;Reeuwijk;2020;12881;2868;7042;2971;10813;1124;387;737;944;546;398;144;78;66;76;35;41;45;17;28;140;57;83;539;359;180;146.0;164.0;26.0;28.0;501.0;499.0;595
8315;Reeuwijk;2021;12864;2862;6995;3007;10753;1136;382;754;975;564;411;149;79;70;79;38;41;47;18;29;143;58;85;557;371;186;171.0;150.0;24.0;26.0;458.0;498.0;595
8316;Reeuwijk;2022;12843;2857;6909;3077;10670;1172;400;772;1001;571;430;151;81;70;79;37;42;48;18;30;144;58;86;579;377;202;157.0;157.0;30.0;30.0;455.0;489.0;595
8317;Reeuwijk;2023;12809;2869;6804;3136;10594;1196;406;790;1019;574;445;155;83;72;78;37;41;54;21;33;145;56;89;587;377;210;160.0;147.0;21.0;22.0;472.0;491.0;595
8318;Reeuwijk;2024;12802;2867;6759;3176;10529;1229;425;804;1044;583;461;153;80;73;80;38;42;53;23;30;151;59;92;607;383;224;152.0;163.0;20.0;24.0;499.0;492.0;595
8319;Reeuwijk;2025;12793;2891;6672;3230;10461;1260;446;814;1072;587;485;153;81;72;81;38;43;55;22;33;166;63;103;617;383;234;;;;;;;595
8320;Reiderland;2006;6956;1454;4310;1192;5960;848;360;488;148;103;45;33;20;13;9;5;4;4;2;2;3;2;1;99;74;25;68.0;73.0;28.0;24.0;356.0;382.0;1661
8321;Reiderland;2007;6929;1443;4286;1200;5941;832;353;479;156;113;43;28;18;10;15;9;6;4;2;2;4;2;2;105;82;23;58.0;73.0;24.0;19.0;347.0;375.0;1661
8322;Reiderland;2008;6893;1409;4274;1210;5922;799;341;458;172;128;44;28;18;10;15;9;6;5;3;2;4;2;2;120;96;24;62.0;69.0;23.0;18.0;345.0;390.0;1661
8323;Reiderland;2009;6848;1399;4218;1231;5883;785;335;450;180;133;47;31;19;12;17;11;6;5;3;2;5;3;2;122;97;25;61.0;72.0;14.0;26.0;356.0;382.0;1661
8324;Reiderland;2010;6799;1384;4170;1245;5848;761;330;431;190;139;51;34;22;12;16;10;6;5;3;2;8;5;3;127;99;28;52.0;71.0;27.0;29.0;354.0;375.0;1661
8325;Reiderland;2011;6757;1365;4123;1269;5783;764;333;431;210;152;58;35;23;12;17;10;7;6;3;3;7;3;4;145;113;32;52.0;62.0;29.0;23.0;349.0;385.0;1661
8326;Reiderland;2012;6718;1345;4055;1318;5745;752;331;421;221;164;57;36;23;13;17;13;4;7;4;3;7;3;4;154;121;33;66.0;68.0;34.0;25.0;334.0;380.0;1661
8327;Reiderland;2013;6679;1344;3994;1341;5724;724;322;402;231;171;60;38;23;15;17;13;4;6;3;3;7;3;4;163;129;34;56.0;76.0;21.0;34.0;358.0;359.0;1661
8328;Reiderland;2014;6646;1335;3966;1345;5661;740;326;414;245;181;64;40;23;17;16;12;4;6;3;3;8;3;5;175;140;35;57.0;55.0;30.0;23.0;330.0;373.0;1661
8329;Reiderland;2015;6610;1313;3894;1403;5610;750;332;418;250;184;66;38;21;17;14;11;3;5;2;3;8;3;5;185;147;38;55.0;70.0;39.0;20.0;332.0;372.0;1661
8330;Reiderland;2016;6577;1293;3850;1434;5545;762;342;420;270;205;65;36;22;14;17;14;3;7;3;4;8;3;5;202;163;39;66.0;70.0;42.0;23.0;325.0;373.0;1661
8331;Reiderland;2017;6545;1309;3812;1424;5514;753;338;415;278;211;67;35;21;14;18;15;3;8;3;5;8;3;5;209;169;40;56.0;58.0;35.0;26.0;339.0;372.0;1661
8332;Reiderland;2018;6520;1315;3747;1458;5455;774;360;414;291;216;75;34;19;15;23;19;4;11;3;8;9;3;6;214;172;42;62.0;62.0;41.0;20.0;328.0;373.0;1661
8333;Reiderland;2019;6496;1314;3709;1473;5409;782;374;408;305;223;82;34;18;16;26;20;6;12;3;9;8;3;5;225;179;46;57.0;62.0;45.0;25.0;331.0;369.0;1661
8334;Reiderland;2020;6472;1305;3665;1502;5385;774;371;403;313;235;78;35;17;18;28;22;6;12;4;8;8;4;4;230;188;42;69.0;74.0;51.0;26.0;324.0;372.0;1661
8335;Reiderland;2021;6444;1337;3600;1507;5356;772;376;396;316;237;79;36;17;19;24;19;5;10;4;6;8;5;3;238;192;46;58.0;62.0;50.0;34.0;330.0;372.0;1661
8336;Reiderland;2022;6414;1339;3537;1538;5325;759;371;388;330;246;84;40;15;25;23;20;3;12;5;7;9;5;4;246;201;45;70.0;69.0;49.0;28.0;322.0;365.0;1661
8337;Reiderland;2023;6394;1364;3480;1550;5288;764;373;391;342;260;82;41;18;23;27;23;4;12;5;7;9;6;3;253;208;45;63.0;69.0;45.0;28.0;323.0;368.0;1661
8338;Reiderland;2024;6362;1368;3426;1568;5269;745;359;386;348;263;85;39;17;22;26;23;3;13;4;9;10;6;4;260;213;47;77.0;58.0;47.0;32.0;317.0;373.0;1661
8339;Reiderland;2025;6343;1374;3374;1595;5231;747;371;376;365;278;87;39;17;22;27;25;2;11;4;7;11;6;5;277;226;51;;;;;;;1661
8340;Reimerswaal;2006;20989;6177;11625;3187;19020;1201;454;747;768;455;313;63;32;31;26;12;14;240;110;130;70;38;32;369;263;106;301.0;178.0;40.0;72.0;445.0;589.0;703
8341;Reimerswaal;2007;20939;6144;11592;3203;18938;1213;456;757;788;463;325;67;37;30;27;13;14;242;112;130;75;41;34;377;260;117;300.0;184.0;42.0;65.0;412.0;571.0;703
8342;Reimerswaal;2008;20874;6079;11580;3215;18823;1235;459;776;816;478;338;70;41;29;26;13;13;249;115;134;82;44;38;389;265;124;281.0;188.0;39.0;65.0;418.0;561.0;703
8343;Reimerswaal;2009;20800;6020;11496;3284;18687;1279;469;810;834;484;350;78;44;34;27;13;14;250;115;135;83;44;39;396;268;128;270.0;182.0;42.0;56.0;404.0;556.0;703
8344;Reimerswaal;2010;20722;5963;11399;3360;18532;1323;489;834;867;490;377;81;44;37;28;13;15;258;117;141;92;49;43;408;267;141;269.0;185.0;56.0;52.0;407.0;562.0;703
8345;Reimerswaal;2011;20659;5866;11380;3413;18420;1361;508;853;878;496;382;91;46;45;32;16;16;254;115;139;91;51;40;410;268;142;268.0;183.0;46.0;52.0;404.0;552.0;703
8346;Reimerswaal;2012;20588;5806;11204;3578;18300;1394;522;872;894;499;395;100;51;49;32;14;18;252;112;140;96;52;44;414;270;144;265.0;177.0;44.0;57.0;405.0;559.0;703
8347;Reimerswaal;2013;20510;5771;11037;3702;18186;1417;531;886;907;500;407;100;52;48;33;16;17;250;107;143;96;52;44;428;273;155;249.0;185.0;46.0;43.0;418.0;559.0;703
8348;Reimerswaal;2014;20437;5677;10945;3815;18067;1447;545;902;923;509;414;104;54;50;37;20;17;245;102;143;100;54;46;437;279;158;242.0;203.0;57.0;54.0;427.0;549.0;703
8349;Reimerswaal;2015;20362;5602;10905;3855;17950;1462;555;907;950;521;429;113;58;55;41;22;19;244;104;140;112;59;53;440;278;162;245.0;196.0;45.0;60.0;433.0;550.0;703
8350;Reimerswaal;2016;20279;5539;10821;3919;17820;1488;559;929;971;527;444;124;65;59;46;23;23;246;101;145;116;61;55;439;277;162;239.0;186.0;51.0;66.0;429.0;543.0;703
8351;Reimerswaal;2017;20206;5435;10767;4004;17676;1526;568;958;1004;543;461;132;72;60;51;27;24;247;100;147;123;63;60;451;281;170;245.0;207.0;52.0;42.0;425.0;539.0;703
8352;Reimerswaal;2018;20142;5373;10701;4068;17560;1552;588;964;1030;556;474;137;72;65;57;31;26;249;101;148;128;64;64;459;288;171;245.0;204.0;46.0;47.0;435.0;546.0;703
8353;Reimerswaal;2019;20073;5314;10611;4148;17457;1561;583;978;1055;567;488;143;74;69;63;32;31;247;100;147;136;65;71;466;296;170;248.0;210.0;35.0;51.0;421.0;538.0;703
8354;Reimerswaal;2020;19984;5251;10538;4195;17329;1572;583;989;1083;576;507;145;73;72;70;38;32;246;96;150;141;63;78;481;306;175;228.0;201.0;57.0;41.0;410.0;536.0;703
8355;Reimerswaal;2021;19903;5167;10463;4273;17191;1597;594;1003;1115;593;522;150;76;74;71;37;34;248;95;153;142;64;78;504;321;183;250.0;211.0;50.0;56.0;429.0;535.0;703
8356;Reimerswaal;2022;19829;5120;10355;4354;17061;1639;615;1024;1129;607;522;152;77;75;72;35;37;241;95;146;148;66;82;516;334;182;245.0;204.0;69.0;40.0;403.0;539.0;703
8357;Reimerswaal;2023;19764;5090;10275;4399;16953;1671;632;1039;1140;615;525;156;77;79;72;38;34;235;93;142;149;66;83;528;341;187;253.0;206.0;68.0;49.0;405.0;538.0;703
8358;Reimerswaal;2024;19697;5038;10223;4436;16839;1707;646;1061;1151;616;535;155;79;76;73;36;37;232;93;139;157;68;89;534;340;194;248.0;213.0;48.0;55.0;419.0;525.0;703
8359;Reimerswaal;2025;19619;4999;10106;4514;16711;1743;663;1080;1165;621;544;158;81;77;78;37;41;230;91;139;164;71;93;535;341;194;;;;;;;703
8360;Renkum;2006;31513;6893;17871;6749;27019;2876;1106;1770;1618;1072;546;152;87;65;121;70;51;344;183;161;57;37;20;944;695;249;272.0;412.0;121.0;137.0;1741.0;1916.0;274
8361;Renkum;2007;31183;6723;17825;6635;26652;2845;1111;1734;1686;1116;570;182;106;76;132;83;49;335;177;158;68;44;24;969;706;263;276.0;395.0;130.0;148.0;1745.0;1922.0;274
8362;Renkum;2008;30870;6603;17755;6512;26291;2809;1119;1690;1770;1170;600;208;124;84;144;93;51;331;180;151;79;52;27;1008;721;287;279.0;387.0;149.0;127.0;1697.0;1925.0;274
8363;Renkum;2009;30553;6520;17598;6435;25927;2805;1123;1682;1821;1181;640;217;125;92;144;95;49;333;185;148;88;55;33;1039;721;318;278.0;371.0;148.0;130.0;1682.0;1909.0;274
8364;Renkum;2010;30255;6400;17466;6389;25572;2789;1137;1652;1894;1225;669;231;137;94;151;99;52;342;192;150;98;61;37;1072;736;336;294.0;376.0;137.0;143.0;1690.0;1892.0;274
8365;Renkum;2011;29967;6285;17359;6323;25209;2765;1137;1628;1993;1283;710;238;141;97;156;102;54;348;192;156;102;60;42;1149;788;361;266.0;362.0;145.0;146.0;1692.0;1907.0;274
8366;Renkum;2012;29658;6153;17148;6357;24876;2749;1156;1593;2033;1279;754;250;146;104;153;95;58;349;198;151;113;61;52;1168;779;389;273.0;375.0;162.0;153.0;1678.0;1886.0;274
8367;Renkum;2013;29358;6036;16965;6357;24542;2746;1180;1566;2070;1308;762;259;150;109;145;91;54;336;201;135;120;65;55;1210;801;409;303.0;362.0;168.0;137.0;1602.0;1878.0;274
8368;Renkum;2014;29056;5953;16711;6392;24141;2771;1205;1566;2144;1350;794;275;153;122;144;90;54;332;191;141;125;70;55;1268;846;422;305.0;348.0;161.0;152.0;1631.0;1875.0;274
8369;Renkum;2015;28779;5893;16451;6435;23844;2743;1214;1529;2192;1352;840;272;151;121;153;99;54;345;189;156;136;72;64;1286;841;445;305.0;349.0;183.0;147.0;1595.0;1843.0;274
8370;Renkum;2016;28526;5854;16241;6431;23544;2752;1232;1520;2230;1361;869;296;163;133;163;105;58;345;187;158;144;80;64;1282;826;456;278.0;353.0;187.0;139.0;1588.0;1823.0;274
8371;Renkum;2017;28263;5776;16062;6425;23224;2767;1247;1520;2272;1368;904;303;162;141;165;102;63;351;192;159;154;87;67;1299;825;474;291.0;323.0;181.0;151.0;1555.0;1805.0;274
8372;Renkum;2018;28013;5756;15775;6482;22951;2777;1284;1493;2285;1357;928;318;170;148;171;105;66;350;190;160;166;91;75;1280;801;479;280.0;335.0;175.0;162.0;1563.0;1767.0;274
8373;Renkum;2019;27771;5703;15586;6482;22670;2790;1303;1487;2311;1366;945;332;180;152;170;108;62;358;191;167;169;89;80;1282;798;484;276.0;335.0;156.0;142.0;1566.0;1761.0;274
8374;Renkum;2020;27530;5649;15402;6479;22380;2792;1296;1496;2358;1381;977;335;187;148;173;111;62;353;189;164;179;90;89;1318;804;514;300.0;326.0;160.0;139.0;1546.0;1763.0;274
8375;Renkum;2021;27308;5599;15236;6473;22149;2757;1284;1473;2402;1409;993;347;190;157;180;118;62;350;186;164;192;95;97;1333;820;513;256.0;324.0;169.0;117.0;1527.0;1741.0;274
8376;Renkum;2022;27082;5520;15074;6488;21867;2756;1297;1459;2459;1448;1011;365;196;169;188;127;61;348;183;165;196;95;101;1362;847;515;268.0;319.0;145.0;120.0;1556.0;1740.0;274
8377;Renkum;2023;26873;5463;14906;6504;21646;2714;1289;1425;2513;1468;1045;364;189;175;203;131;72;342;183;159;209;98;111;1395;867;528;268.0;335.0;165.0;135.0;1567.0;1717.0;274
8378;Renkum;2024;26685;5407;14776;6502;21456;2710;1304;1406;2519;1475;1044;369;194;175;200;128;72;340;179;161;208;97;111;1402;877;525;280.0;334.0;158.0;118.0;1543.0;1705.0;274
8379;Renkum;2025;26510;5407;14586;6517;21235;2694;1323;1371;2581;1511;1070;381;200;181;203;128;75;339;180;159;216;95;121;1442;908;534;;;;;;;274
8380;Renswoude;2006;4389;1348;2569;472;4103;185;82;103;101;70;31;14;6;8;11;9;2;3;2;1;9;5;4;64;48;16;81.0;32.0;10.0;17.0;205.0;178.0;339
8381;Renswoude;2007;4454;1351;2590;513;4111;207;87;120;136;89;47;21;8;13;12;9;3;5;4;1;14;7;7;84;61;23;74.0;24.0;14.0;17.0;195.0;200.0;339
8382;Renswoude;2008;4496;1347;2597;552;4105;239;101;138;152;96;56;23;8;15;12;8;4;9;6;3;13;6;7;95;68;27;83.0;36.0;17.0;21.0;200.0;198.0;339
8383;Renswoude;2009;4542;1354;2589;599;4110;254;102;152;178;108;70;28;10;18;16;10;6;11;6;5;15;8;7;108;74;34;72.0;38.0;9.0;19.0;200.0;200.0;339
8384;Renswoude;2010;4564;1334;2593;637;4093;276;105;171;195;120;75;29;12;17;18;11;7;12;6;6;18;9;9;118;82;36;72.0;41.0;10.0;20.0;209.0;196.0;339
8385;Renswoude;2011;4596;1321;2615;660;4066;300;118;182;230;145;85;38;16;22;21;13;8;15;8;7;22;13;9;134;95;39;86.0;41.0;14.0;15.0;213.0;197.0;339
8386;Renswoude;2012;4655;1322;2633;700;4074;326;129;197;255;156;99;46;21;25;20;11;9;18;9;9;23;13;10;148;102;46;73.0;53.0;15.0;23.0;200.0;204.0;339
8387;Renswoude;2013;4660;1308;2629;723;4032;351;138;213;277;171;106;53;23;30;21;13;8;22;11;11;24;15;9;157;109;48;82.0;43.0;19.0;15.0;206.0;200.0;339
8388;Renswoude;2014;4706;1301;2648;757;4029;364;144;220;313;196;117;65;32;33;20;13;7;27;14;13;30;17;13;171;120;51;84.0;47.0;18.0;23.0;202.0;189.0;339
8389;Renswoude;2015;4750;1310;2640;800;4026;388;157;231;336;205;131;69;34;35;23;14;9;26;13;13;35;19;16;183;125;58;92.0;41.0;16.0;19.0;201.0;217.0;339
8390;Renswoude;2016;4781;1306;2651;824;4004;419;167;252;358;211;147;71;34;37;25;14;11;29;14;15;38;19;19;195;130;65;72.0;55.0;21.0;24.0;204.0;208.0;339
8391;Renswoude;2017;4789;1310;2634;845;3986;438;177;261;365;217;148;70;33;37;30;17;13;31;16;15;38;18;20;196;133;63;89.0;61.0;15.0;18.0;200.0;205.0;339
8392;Renswoude;2018;4806;1320;2623;863;3964;450;186;264;392;223;169;74;34;40;32;20;12;34;18;16;38;17;21;214;134;80;83.0;48.0;16.0;16.0;198.0;222.0;339
8393;Renswoude;2019;4815;1320;2611;884;3940;466;194;272;409;225;184;78;34;44;34;21;13;36;18;18;44;19;25;217;133;84;77.0;48.0;19.0;35.0;199.0;205.0;339
8394;Renswoude;2020;4821;1318;2593;910;3917;486;198;288;418;231;187;81;39;42;35;23;12;40;19;21;45;19;26;217;131;86;89.0;47.0;13.0;21.0;199.0;204.0;339
8395;Renswoude;2021;4850;1316;2594;940;3920;506;202;304;424;227;197;78;37;41;41;27;14;41;19;22;46;20;26;218;124;94;91.0;57.0;22.0;26.0;206.0;216.0;339
8396;Renswoude;2022;4868;1306;2618;944;3907;529;212;317;432;225;207;80;38;42;39;24;15;40;19;21;50;21;29;223;123;100;87.0;59.0;8.0;20.0;209.0;203.0;339
8397;Renswoude;2023;4890;1311;2607;972;3887;546;225;321;457;231;226;82;36;46;41;25;16;46;19;27;56;22;34;232;129;103;111.0;64.0;10.0;15.0;206.0;207.0;339
8398;Renswoude;2024;4931;1325;2630;976;3913;546;223;323;472;239;233;91;42;49;45;28;17;46;19;27;56;22;34;234;128;106;112.0;56.0;15.0;29.0;209.0;210.0;339
8399;Renswoude;2025;4971;1330;2634;1007;3927;570;236;334;474;244;230;90;42;48;42;26;16;45;20;25;56;21;35;241;135;106;;;;;;;339
8400;Reusel-De Mierden;2006;12453;3110;7731;1612;11503;760;213;547;190;118;72;12;5;7;22;12;10;13;6;7;14;6;8;129;89;40;109.0;97.0;33.0;44.0;338.0;277.0;1667
8401;Reusel-De Mierden;2007;12515;3031;7793;1691;11526;786;225;561;203;126;77;11;5;6;22;12;10;13;6;7;18;7;11;139;96;43;100.0;94.0;27.0;44.0;344.0;270.0;1667
8402;Reusel-De Mierden;2008;12576;2908;7904;1764;11551;810;234;576;215;134;81;13;5;8;24;15;9;13;6;7;19;7;12;146;101;45;115.0;101.0;14.0;49.0;354.0;272.0;1667
8403;Reusel-De Mierden;2009;12637;2821;7972;1844;11571;829;240;589;237;155;82;13;5;8;24;16;8;14;7;7;21;7;14;165;120;45;122.0;116.0;26.0;54.0;351.0;280.0;1667
8404;Reusel-De Mierden;2010;12689;2736;8041;1912;11602;844;245;599;243;160;83;14;6;8;24;15;9;15;7;8;22;8;14;168;124;44;132.0;114.0;20.0;50.0;344.0;280.0;1667
8405;Reusel-De Mierden;2011;12741;2660;8054;2027;11639;847;246;601;255;169;86;14;6;8;27;17;10;17;9;8;21;8;13;176;129;47;138.0;119.0;18.0;56.0;358.0;286.0;1667
8406;Reusel-De Mierden;2012;12793;2596;8064;2133;11666;861;253;608;266;175;91;16;7;9;26;16;10;20;11;9;22;8;14;182;133;49;143.0;115.0;24.0;49.0;336.0;274.0;1667
8407;Reusel-De Mierden;2013;12855;2547;8075;2233;11677;898;263;635;280;184;96;21;10;11;26;17;9;21;11;10;22;8;14;190;138;52;123.0;134.0;18.0;53.0;372.0;279.0;1667
8408;Reusel-De Mierden;2014;12901;2505;8045;2351;11687;916;267;649;298;189;109;23;10;13;26;17;9;25;11;14;26;10;16;198;141;57;145.0;122.0;30.0;60.0;339.0;280.0;1667
8409;Reusel-De Mierden;2015;12951;2480;7991;2480;11698;943;267;676;310;193;117;25;9;16;30;18;12;28;11;17;26;11;15;201;144;57;157.0;127.0;21.0;41.0;321.0;271.0;1667
8410;Reusel-De Mierden;2016;13008;2491;7936;2581;11716;970;276;694;322;202;120;24;9;15;32;21;11;31;13;18;27;12;15;208;147;61;149.0;139.0;24.0;45.0;327.0;269.0;1667
8411;Reusel-De Mierden;2017;13057;2488;7872;2697;11737;990;285;705;330;205;125;24;10;14;32;21;11;34;13;21;29;12;17;211;149;62;155.0;142.0;33.0;49.0;311.0;267.0;1667
8412;Reusel-De Mierden;2018;13097;2497;7766;2834;11749;999;288;711;349;212;137;26;10;16;31;20;11;34;13;21;35;13;22;223;156;67;157.0;144.0;33.0;51.0;323.0;270.0;1667
8413;Reusel-De Mierden;2019;13144;2524;7685;2935;11749;1033;304;729;362;215;147;28;11;17;34;23;11;34;13;21;36;13;23;230;155;75;158.0;144.0;30.0;57.0;327.0;263.0;1667
8414;Reusel-De Mierden;2020;13194;2544;7594;3056;11769;1052;311;741;373;221;152;32;13;19;32;21;11;37;15;22;36;13;23;236;159;77;148.0;156.0;39.0;55.0;328.0;264.0;1667
8415;Reusel-De Mierden;2021;13233;2574;7484;3175;11774;1071;325;746;388;232;156;31;13;18;32;21;11;40;16;24;35;12;23;250;170;80;169.0;159.0;24.0;56.0;321.0;265.0;1667
8416;Reusel-De Mierden;2022;13267;2596;7390;3281;11794;1075;333;742;398;241;157;30;13;17;31;20;11;41;16;25;35;12;23;261;180;81;157.0;169.0;29.0;51.0;320.0;260.0;1667
8417;Reusel-De Mierden;2023;13293;2640;7274;3379;11794;1090;336;754;409;250;159;30;14;16;32;21;11;43;16;27;36;11;25;268;188;80;167.0;161.0;27.0;44.0;315.0;262.0;1667
8418;Reusel-De Mierden;2024;13336;2679;7173;3484;11813;1105;343;762;418;249;169;31;14;17;33;21;12;45;16;29;36;11;25;273;187;86;160.0;171.0;24.0;51.0;315.0;251.0;1667
8419;Reusel-De Mierden;2025;13363;2719;7063;3581;11808;1120;345;775;435;263;172;33;16;17;34;22;12;50;18;32;38;12;26;280;195;85;;;;;;;1667
8420;Rheden;2006;44178;9354;25483;9341;37787;4003;1397;2606;2388;1431;957;220;86;134;112;60;52;843;441;402;170;88;82;1043;756;287;376.0;562.0;81.0;165.0;1897.0;1940.0;275
8421;Rheden;2007;43869;9232;25396;9241;37392;3985;1370;2615;2492;1464;1028;243;93;150;124;69;55;865;445;420;191;94;97;1069;763;306;381.0;555.0;70.0;164.0;1893.0;1935.0;275
8422;Rheden;2008;43565;9126;25275;9164;37028;3980;1345;2635;2557;1465;1092;268;103;165;134;72;62;887;444;443;204;97;107;1064;749;315;340.0;547.0;90.0;161.0;1900.0;1922.0;275
8423;Rheden;2009;43270;9006;25184;9080;36617;4018;1345;2673;2635;1471;1164;296;111;185;143;75;68;894;435;459;214;99;115;1088;751;337;370.0;539.0;100.0;147.0;1870.0;1928.0;275
8424;Rheden;2010;42992;8843;25081;9068;36244;4029;1352;2677;2719;1479;1240;311;114;197;151;83;68;916;434;482;225;97;128;1116;751;365;334.0;538.0;92.0;169.0;1886.0;1907.0;275
8425;Rheden;2011;42691;8665;25027;8999;35854;4027;1352;2675;2810;1483;1327;325;115;210;169;88;81;933;431;502;239;94;145;1144;755;389;354.0;532.0;96.0;142.0;1857.0;1916.0;275
8426;Rheden;2012;42413;8521;24794;9098;35504;4026;1344;2682;2883;1495;1388;330;117;213;170;88;82;956;430;526;249;93;156;1178;767;411;356.0;522.0;87.0;149.0;1841.0;1901.0;275
8427;Rheden;2013;42128;8418;24515;9195;35136;4050;1349;2701;2942;1497;1445;351;125;226;176;88;88;978;421;557;253;93;160;1184;770;414;351.0;525.0;90.0;143.0;1852.0;1895.0;275
8428;Rheden;2014;41864;8298;24308;9258;34767;4080;1349;2731;3017;1500;1517;364;129;235;187;95;92;998;421;577;261;91;170;1207;764;443;341.0;539.0;83.0;130.0;1840.0;1880.0;275
8429;Rheden;2015;41583;8166;24118;9299;34433;4102;1383;2719;3048;1471;1577;372;134;238;193;98;95;999;416;583;274;92;182;1210;731;479;331.0;532.0;85.0;145.0;1854.0;1866.0;275
8430;Rheden;2016;41313;8090;23922;9301;34092;4096;1387;2709;3125;1477;1648;378;129;249;200;99;101;1010;418;592;292;96;196;1245;735;510;340.0;532.0;87.0;145.0;1852.0;1875.0;275
8431;Rheden;2017;41041;7984;23712;9345;33770;4074;1375;2699;3197;1494;1703;385;126;259;205;97;108;1027;419;608;294;98;196;1286;754;532;354.0;521.0;81.0;164.0;1843.0;1843.0;275
8432;Rheden;2018;40795;7861;23569;9365;33477;4061;1367;2694;3257;1515;1742;396;134;262;198;96;102;1032;405;627;299;101;198;1332;779;553;352.0;511.0;70.0;137.0;1819.0;1834.0;275
8433;Rheden;2019;40555;7779;23403;9373;33184;4037;1363;2674;3334;1529;1805;396;133;263;207;96;111;1042;405;637;301;102;199;1388;793;595;350.0;520.0;90.0;129.0;1811.0;1836.0;275
8434;Rheden;2020;40327;7725;23242;9360;32876;4042;1361;2681;3409;1554;1855;417;136;281;200;97;103;1048;408;640;310;104;206;1434;809;625;361.0;522.0;83.0;136.0;1826.0;1836.0;275
8435;Rheden;2021;40108;7679;23058;9371;32610;4036;1354;2682;3462;1552;1910;415;131;284;204;92;112;1060;406;654;316;103;213;1467;820;647;363.0;507.0;81.0;125.0;1788.0;1816.0;275
8436;Rheden;2022;39899;7592;22868;9439;32352;4037;1355;2682;3510;1554;1956;424;131;293;211;96;115;1063;404;659;319;103;216;1493;820;673;364.0;505.0;74.0;147.0;1821.0;1820.0;275
8437;Rheden;2023;39695;7528;22667;9500;32146;4004;1346;2658;3545;1554;1991;441;139;302;210;92;118;1057;401;656;330;103;227;1507;819;688;355.0;513.0;66.0;149.0;1824.0;1790.0;275
8438;Rheden;2024;39492;7464;22463;9565;31893;4003;1346;2657;3596;1562;2034;443;151;292;207;93;114;1060;394;666;343;104;239;1543;820;723;367.0;518.0;63.0;134.0;1830.0;1785.0;275
8439;Rheden;2025;39319;7455;22233;9631;31686;3985;1358;2627;3648;1559;2089;452;151;301;219;98;121;1052;389;663;354;100;254;1571;821;750;;;;;;;275
8440;Rhenen;2006;17699;4496;10258;2945;15963;1013;337;676;723;397;326;43;21;22;40;23;17;22;7;15;345;174;171;273;172;101;222.0;144.0;15.0;43.0;709.0;782.0;340
8441;Rhenen;2007;17679;4481;10151;3047;15899;1034;349;685;746;417;329;45;22;23;46;26;20;24;9;15;345;176;169;286;184;102;226.0;157.0;36.0;46.0;675.0;779.0;340
8442;Rhenen;2008;17633;4456;10085;3092;15811;1053;345;708;769;431;338;52;24;28;51;28;23;26;10;16;335;176;159;305;193;112;228.0;152.0;28.0;43.0;660.0;790.0;340
8443;Rhenen;2009;17564;4462;9917;3185;15712;1075;362;713;777;431;346;58;26;32;48;24;24;25;8;17;332;175;157;314;198;116;200.0;161.0;46.0;45.0;682.0;789.0;340
8444;Rhenen;2010;17500;4439;9792;3269;15627;1099;380;719;774;417;357;57;24;33;49;23;26;28;10;18;331;174;157;309;186;123;198.0;165.0;32.0;44.0;692.0;776.0;340
8445;Rhenen;2011;17439;4394;9705;3340;15524;1126;387;739;789;420;369;64;27;37;52;26;26;31;11;20;331;170;161;311;186;125;189.0;160.0;34.0;37.0;676.0;767.0;340
8446;Rhenen;2012;17375;4331;9583;3461;15425;1148;398;750;802;423;379;63;25;38;51;25;26;35;13;22;331;167;164;322;193;129;204.0;174.0;33.0;45.0;674.0;767.0;340
8447;Rhenen;2013;17305;4302;9449;3554;15313;1177;400;777;815;438;377;65;28;37;55;28;27;38;13;25;324;166;158;333;203;130;192.0;169.0;29.0;51.0;686.0;749.0;340
8448;Rhenen;2014;17246;4254;9367;3625;15236;1178;408;770;832;448;384;67;29;38;52;27;25;38;13;25;317;162;155;358;217;141;188.0;164.0;33.0;53.0;675.0;747.0;340
8449;Rhenen;2015;17179;4174;9309;3696;15155;1182;414;768;842;455;387;67;30;37;52;27;25;40;12;28;312;161;151;371;225;146;171.0;177.0;36.0;49.0;704.0;746.0;340
8450;Rhenen;2016;17120;4136;9191;3793;15070;1191;422;769;859;462;397;71;33;38;54;28;26;48;15;33;308;158;150;378;228;150;187.0;186.0;22.0;44.0;699.0;746.0;340
8451;Rhenen;2017;17056;4073;9123;3860;14951;1213;429;784;892;476;416;87;39;48;62;32;30;51;18;33;308;157;151;384;230;154;164.0;193.0;26.0;35.0;715.0;754.0;340
8452;Rhenen;2018;16980;4034;9017;3929;14842;1234;432;802;904;479;425;89;37;52;61;30;31;52;20;32;309;159;150;393;233;160;181.0;181.0;27.0;32.0;692.0;762.0;340
8453;Rhenen;2019;16906;3985;8937;3984;14719;1267;432;835;920;485;435;93;40;53;66;34;32;53;21;32;303;151;152;405;239;166;180.0;192.0;28.0;49.0;709.0;736.0;340
8454;Rhenen;2020;16844;3950;8836;4058;14597;1296;440;856;951;499;452;98;38;60;67;36;31;50;21;29;305;148;157;431;256;175;171.0;188.0;23.0;43.0;714.0;748.0;340
8455;Rhenen;2021;16774;3862;8848;4064;14473;1321;454;867;980;519;461;111;43;68;65;35;30;52;22;30;304;147;157;448;272;176;179.0;197.0;20.0;45.0;728.0;745.0;340
8456;Rhenen;2022;16711;3807;8784;4120;14380;1339;465;874;992;527;465;119;47;72;65;34;31;53;23;30;302;146;156;453;277;176;180.0;185.0;22.0;50.0;731.0;763.0;340
8457;Rhenen;2023;16644;3759;8723;4162;14269;1373;475;898;1002;530;472;122;47;75;68;37;31;57;25;32;302;147;155;453;274;179;174.0;192.0;40.0;38.0;701.0;753.0;340
8458;Rhenen;2024;16576;3693;8683;4200;14153;1400;492;908;1023;539;484;131;49;82;74;39;35;57;25;32;294;145;149;467;281;186;181.0;203.0;25.0;33.0;732.0;767.0;340
8459;Rhenen;2025;16512;3642;8638;4232;14048;1437;492;945;1027;540;487;134;49;85;74;38;36;59;27;32;286;142;144;474;284;190;;;;;;;340
8460;Ridderkerk;2006;45096;9794;27068;8234;38822;3418;1423;1995;2856;1667;1189;544;275;269;242;143;99;620;315;305;268;132;136;1182;802;380;368.0;420.0;67.0;132.0;1734.0;1576.0;597
8461;Ridderkerk;2007;45137;9650;27133;8354;38734;3425;1411;2014;2978;1725;1253;577;285;292;252;148;104;625;315;310;277;133;144;1247;844;403;374.0;442.0;92.0;133.0;1752.0;1589.0;597
8462;Ridderkerk;2008;45190;9571;27197;8422;38628;3463;1433;2030;3099;1774;1325;600;287;313;264;156;108;630;309;321;285;134;151;1320;888;432;371.0;457.0;90.0;154.0;1816.0;1601.0;597
8463;Ridderkerk;2009;45256;9486;27209;8561;38577;3471;1438;2033;3208;1821;1387;646;301;345;283;169;114;629;304;325;294;139;155;1356;908;448;388.0;442.0;64.0;142.0;1791.0;1607.0;597
8464;Ridderkerk;2010;45314;9406;27224;8684;38489;3513;1464;2049;3312;1837;1475;677;304;373;304;178;126;641;306;335;301;142;159;1389;907;482;388.0;462.0;87.0;137.0;1794.0;1621.0;597
8465;Ridderkerk;2011;45367;9322;27306;8739;38412;3551;1481;2070;3404;1849;1555;705;307;398;323;183;140;647;295;352;306;146;160;1423;918;505;388.0;465.0;84.0;154.0;1830.0;1624.0;597
8466;Ridderkerk;2012;45430;9226;27105;9099;38337;3584;1481;2103;3509;1895;1614;728;313;415;349;198;151;648;292;356;311;150;161;1473;942;531;376.0;468.0;76.0;122.0;1847.0;1646.0;597
8467;Ridderkerk;2013;45497;9144;26936;9417;38257;3615;1490;2125;3625;1951;1674;766;328;438;358;203;155;648;293;355;320;154;166;1533;973;560;396.0;477.0;98.0;126.0;1825.0;1645.0;597
8468;Ridderkerk;2014;45571;9097;26859;9615;38189;3652;1512;2140;3730;1991;1739;789;330;459;373;212;161;668;299;369;329;157;172;1571;993;578;414.0;491.0;88.0;128.0;1847.0;1655.0;597
8469;Ridderkerk;2015;45651;9007;26899;9745;38090;3715;1536;2179;3846;2032;1814;824;342;482;386;217;169;664;291;373;343;156;187;1629;1026;603;427.0;488.0;73.0;133.0;1859.0;1665.0;597
8470;Ridderkerk;2016;45729;8992;26882;9855;38011;3758;1550;2208;3960;2075;1885;845;346;499;405;226;179;676;294;382;355;159;196;1679;1050;629;418.0;481.0;66.0;144.0;1884.0;1667.0;597
8471;Ridderkerk;2017;45806;8969;26899;9938;37973;3761;1535;2226;4072;2086;1986;876;352;524;415;229;186;688;295;393;364;160;204;1729;1050;679;434.0;492.0;63.0;129.0;1855.0;1662.0;597
8472;Ridderkerk;2018;45879;8966;26863;10050;37932;3795;1549;2246;4152;2111;2041;895;356;539;426;227;199;694;296;398;370;161;209;1767;1071;696;438.0;506.0;90.0;139.0;1862.0;1666.0;597
8473;Ridderkerk;2019;45964;8963;26822;10179;37887;3847;1578;2269;4230;2137;2093;923;357;566;426;221;205;686;297;389;386;164;222;1809;1098;711;451.0;494.0;69.0;137.0;1874.0;1683.0;597
8474;Ridderkerk;2020;46048;8941;26829;10278;37837;3870;1584;2286;4341;2169;2172;965;368;597;440;224;216;686;299;387;395;166;229;1855;1112;743;458.0;527.0;77.0;151.0;1913.0;1662.0;597
8475;Ridderkerk;2021;46157;8951;26851;10355;37779;3926;1605;2321;4452;2195;2257;993;368;625;441;218;223;693;298;395;409;173;236;1916;1138;778;461.0;525.0;87.0;145.0;1896.0;1689.0;597
8476;Ridderkerk;2022;46249;8991;26821;10437;37777;3960;1621;2339;4512;2206;2306;1014;371;643;461;225;236;685;293;392;418;175;243;1934;1142;792;463.0;533.0;81.0;131.0;1864.0;1662.0;597
8477;Ridderkerk;2023;46330;8998;26886;10446;37737;3993;1634;2359;4600;2229;2371;1042;384;658;455;217;238;693;297;396;428;177;251;1982;1154;828;482.0;537.0;68.0;139.0;1884.0;1678.0;597
8478;Ridderkerk;2024;46414;9069;26805;10540;37712;4017;1650;2367;4685;2239;2446;1066;381;685;454;203;251;701;298;403;440;180;260;2024;1177;847;475.0;536.0;73.0;144.0;1882.0;1678.0;597
8479;Ridderkerk;2025;46490;9123;26705;10662;37705;4030;1649;2381;4755;2259;2496;1083;381;702;453;205;248;695;295;400;452;183;269;2072;1195;877;;;;;;;597
8480;Rijnsburg;2006;14875;4332;8809;1734;13615;806;347;459;454;277;177;62;39;23;13;7;6;14;6;8;42;25;17;323;200;123;195.0;116.0;61.0;53.0;384.0;498.0;602
8481;Rijnsburg;2007;14845;4295;8759;1791;13544;819;349;470;482;300;182;66;43;23;18;13;5;17;7;10;44;26;18;337;211;126;187.0;111.0;35.0;66.0;416.0;502.0;602
8482;Rijnsburg;2008;14805;4237;8707;1861;13469;845;361;484;491;309;182;67;44;23;15;12;3;20;7;13;46;28;18;343;218;125;184.0;110.0;36.0;54.0;404.0;500.0;602
8483;Rijnsburg;2009;14766;4171;8670;1925;13399;851;360;491;516;325;191;80;51;29;16;14;2;22;8;14;49;30;19;349;222;127;175.0;124.0;46.0;65.0;439.0;500.0;602
8484;Rijnsburg;2010;14736;4081;8646;2009;13303;901;374;527;532;342;190;84;55;29;17;16;1;22;7;15;52;31;21;357;233;124;169.0;115.0;44.0;65.0;413.0;486.0;602
8485;Rijnsburg;2011;14696;3972;8635;2089;13207;935;386;549;554;351;203;83;52;31;20;18;2;26;8;18;57;32;25;368;241;127;171.0;120.0;41.0;47.0;397.0;484.0;602
8486;Rijnsburg;2012;14655;3883;8544;2228;13119;969;397;572;567;356;211;90;53;37;19;17;2;28;9;19;55;33;22;375;244;131;186.0;127.0;55.0;61.0;392.0;479.0;602
8487;Rijnsburg;2013;14619;3829;8455;2335;13020;1004;414;590;595;364;231;93;52;41;23;20;3;33;11;22;61;34;27;385;247;138;185.0;120.0;44.0;61.0;403.0;476.0;602
8488;Rijnsburg;2014;14592;3773;8400;2419;12923;1041;432;609;628;385;243;100;54;46;27;23;4;34;12;22;63;36;27;404;260;144;186.0;124.0;46.0;55.0;382.0;468.0;602
8489;Rijnsburg;2015;14560;3713;8327;2520;12832;1078;448;630;650;400;250;106;58;48;30;23;7;34;13;21;65;39;26;415;267;148;179.0;132.0;51.0;54.0;407.0;476.0;602
8490;Rijnsburg;2016;14536;3689;8258;2589;12746;1117;461;656;673;419;254;103;56;47;33;25;8;34;12;22;71;42;29;432;284;148;171.0;142.0;50.0;64.0;430.0;473.0;602
8491;Rijnsburg;2017;14508;3652;8200;2656;12664;1141;476;665;703;436;267;110;60;50;38;27;11;36;13;23;77;45;32;442;291;151;171.0;138.0;43.0;63.0;418.0;475.0;602
8492;Rijnsburg;2018;14464;3623;8121;2720;12592;1161;491;670;711;440;271;111;61;50;42;30;12;38;14;24;74;42;32;446;293;153;161.0;144.0;34.0;54.0;445.0;469.0;602
8493;Rijnsburg;2019;14438;3543;8127;2768;12515;1178;496;682;745;461;284;115;62;53;44;32;12;45;16;29;73;44;29;468;307;161;191.0;155.0;50.0;53.0;409.0;469.0;602
8494;Rijnsburg;2020;14411;3523;8062;2826;12432;1218;514;704;761;462;299;120;66;54;45;32;13;50;17;33;78;44;34;468;303;165;170.0;149.0;45.0;48.0;412.0;461.0;602
8495;Rijnsburg;2021;14383;3499;8017;2867;12359;1238;530;708;786;480;306;121;65;56;47;34;13;54;18;36;81;44;37;483;319;164;179.0;148.0;50.0;54.0;396.0;455.0;602
8496;Rijnsburg;2022;14351;3466;7929;2956;12260;1271;546;725;820;508;312;122;66;56;48;33;15;57;21;36;81;44;37;512;344;168;174.0;151.0;42.0;62.0;432.0;453.0;602
8497;Rijnsburg;2023;14334;3445;7846;3043;12172;1303;564;739;859;527;332;133;70;63;48;32;16;60;22;38;81;45;36;537;358;179;173.0;167.0;33.0;46.0;432.0;459.0;602
8498;Rijnsburg;2024;14301;3402;7795;3104;12081;1331;584;747;889;537;352;135;69;66;54;35;19;62;22;40;78;42;36;560;369;191;180.0;156.0;52.0;61.0;410.0;454.0;602
8499;Rijnsburg;2025;14275;3393;7720;3162;12003;1376;612;764;896;534;362;140;72;68;55;34;21;65;24;41;80;43;37;556;361;195;;;;;;;602
8500;Rijnwaarden;2006;11264;2736;7061;1467;9875;1148;308;840;241;155;86;9;3;6;13;5;8;81;53;28;14;8;6;124;86;38;126.0;93.0;18.0;40.0;338.0;388.0;196
8501;Rijnwaarden;2007;11227;2720;7016;1491;9823;1141;301;840;263;173;90;12;5;7;13;5;8;84;54;30;19;10;9;135;99;36;120.0;84.0;17.0;38.0;334.0;370.0;196
8502;Rijnwaarden;2008;11206;2674;6990;1542;9786;1132;304;828;288;194;94;13;6;7;14;8;6;89;56;33;25;13;12;147;111;36;125.0;93.0;20.0;39.0;331.0;379.0;196
8503;Rijnwaarden;2009;11170;2667;6911;1592;9743;1120;303;817;307;203;104;15;5;10;16;9;7;94;59;35;27;14;13;155;116;39;114.0;92.0;24.0;41.0;336.0;374.0;196
8504;Rijnwaarden;2010;11138;2635;6867;1636;9703;1110;307;803;325;214;111;18;8;10;19;11;8;94;57;37;27;14;13;167;124;43;130.0;96.0;20.0;28.0;328.0;379.0;196
8505;Rijnwaarden;2011;11115;2620;6820;1675;9647;1121;313;808;347;225;122;21;10;11;19;12;7;101;60;41;30;15;15;176;128;48;110.0;107.0;18.0;41.0;354.0;379.0;196
8506;Rijnwaarden;2012;11072;2561;6770;1741;9603;1113;313;800;356;231;125;22;11;11;16;10;6;96;58;38;37;17;20;185;135;50;107.0;104.0;15.0;33.0;354.0;382.0;196
8507;Rijnwaarden;2013;11031;2511;6716;1804;9563;1090;313;777;378;239;139;26;11;15;15;9;6;105;61;44;37;17;20;195;141;54;108.0;101.0;15.0;30.0;344.0;376.0;196
8508;Rijnwaarden;2014;10994;2484;6625;1885;9495;1106;320;786;393;243;150;28;11;17;18;11;7;108;62;46;43;20;23;196;139;57;108.0;115.0;15.0;38.0;373.0;381.0;196
8509;Rijnwaarden;2015;10957;2454;6539;1964;9442;1097;325;772;418;263;155;33;14;19;23;12;11;112;66;46;43;20;23;207;151;56;109.0;103.0;8.0;42.0;362.0;382.0;196
8510;Rijnwaarden;2016;10909;2404;6452;2053;9392;1085;326;759;432;263;169;39;16;23;21;11;10;111;64;47;47;19;28;214;153;61;110.0;107.0;20.0;26.0;334.0;377.0;196
8511;Rijnwaarden;2017;10866;2365;6399;2102;9340;1068;324;744;458;285;173;43;20;23;21;11;10;114;64;50;50;22;28;230;168;62;109.0;118.0;20.0;28.0;348.0;372.0;196
8512;Rijnwaarden;2018;10827;2327;6329;2171;9279;1074;336;738;474;294;180;45;21;24;21;12;9;116;63;53;54;22;32;238;176;62;129.0;98.0;17.0;36.0;326.0;371.0;196
8513;Rijnwaarden;2019;10794;2317;6239;2238;9246;1058;339;719;490;311;179;50;22;28;24;15;9;114;65;49;54;22;32;248;187;61;112.0;120.0;24.0;31.0;357.0;378.0;196
8514;Rijnwaarden;2020;10760;2276;6228;2256;9212;1041;336;705;507;318;189;59;25;34;26;14;12;113;66;47;57;22;35;252;191;61;107.0;119.0;11.0;36.0;370.0;375.0;196
8515;Rijnwaarden;2021;10720;2240;6188;2292;9162;1037;341;696;521;321;200;64;25;39;27;14;13;116;65;51;59;21;38;255;196;59;123.0;116.0;16.0;30.0;349.0;377.0;196
8516;Rijnwaarden;2022;10687;2216;6131;2340;9089;1045;349;696;553;342;211;66;26;40;28;14;14;114;61;53;65;23;42;280;218;62;113.0;122.0;22.0;29.0;345.0;381.0;196
8517;Rijnwaarden;2023;10639;2169;6100;2370;9026;1047;360;687;566;350;216;66;27;39;29;15;14;111;62;49;63;21;42;297;225;72;110.0;113.0;23.0;28.0;349.0;378.0;196
8518;Rijnwaarden;2024;10603;2160;6047;2396;8974;1039;359;680;590;370;220;65;28;37;30;16;14;117;63;54;61;21;40;317;242;75;118.0;113.0;17.0;32.0;357.0;369.0;196
8519;Rijnwaarden;2025;10579;2135;6004;2440;8921;1042;364;678;616;384;232;71;31;40;30;18;12;126;61;65;62;21;41;327;253;74;;;;;;;196
8520;Rijnwoude;2006;19092;4916;11627;2549;17558;998;338;660;536;301;235;92;54;38;66;26;40;25;9;16;53;27;26;300;185;115;192.0;124.0;20.0;43.0;478.0;528.0;1672
8521;Rijnwoude;2007;19091;4839;11597;2655;17475;1052;346;706;564;324;240;101;58;43;68;28;40;27;11;16;54;27;27;314;200;114;188.0;138.0;22.0;40.0;490.0;541.0;1672
8522;Rijnwoude;2008;19081;4760;11581;2740;17400;1084;353;731;597;348;249;109;63;46;73;31;42;29;14;15;56;29;27;330;211;119;188.0;142.0;24.0;39.0;486.0;541.0;1672
8523;Rijnwoude;2009;19058;4676;11510;2872;17322;1115;367;748;621;358;263;111;63;48;78;37;41;34;14;20;57;31;26;341;213;128;194.0;151.0;23.0;35.0;464.0;523.0;1672
8524;Rijnwoude;2010;19032;4585;11448;2999;17253;1130;377;753;649;373;276;114;68;46;82;38;44;37;14;23;64;32;32;352;221;131;182.0;151.0;26.0;40.0;508.0;539.0;1672
8525;Rijnwoude;2011;19020;4505;11447;3068;17157;1176;394;782;687;406;281;124;75;49;92;47;45;39;15;24;67;33;34;365;236;129;187.0;146.0;23.0;38.0;488.0;539.0;1672
8526;Rijnwoude;2012;18994;4412;11318;3264;17066;1205;408;797;723;437;286;126;76;50;94;48;46;41;18;23;73;35;38;389;260;129;189.0;161.0;26.0;50.0;490.0;542.0;1672
8527;Rijnwoude;2013;18949;4321;11193;3435;16977;1243;424;819;729;437;292;127;78;49;91;44;47;42;17;25;73;37;36;396;261;135;186.0;167.0;28.0;42.0;487.0;529.0;1672
8528;Rijnwoude;2014;18913;4268;11069;3576;16872;1284;430;854;757;458;299;131;81;50;94;44;50;46;18;28;79;40;39;407;275;132;189.0;152.0;29.0;40.0;464.0;529.0;1672
8529;Rijnwoude;2015;18874;4231;10921;3722;16786;1307;436;871;781;475;306;135;85;50;92;45;47;51;20;31;82;38;44;421;287;134;183.0;165.0;28.0;33.0;472.0;516.0;1672
8530;Rijnwoude;2016;18844;4191;10855;3798;16687;1351;445;906;806;493;313;137;90;47;95;47;48;53;22;31;88;42;46;433;292;141;201.0;167.0;28.0;34.0;479.0;525.0;1672
8531;Rijnwoude;2017;18828;4132;10762;3934;16610;1395;460;935;823;491;332;143;94;49;93;45;48;49;21;28;94;42;52;444;289;155;192.0;162.0;31.0;37.0;486.0;525.0;1672
8532;Rijnwoude;2018;18814;4078;10682;4054;16536;1420;474;946;858;513;345;148;99;49;95;46;49;56;22;34;98;44;54;461;302;159;179.0;193.0;29.0;39.0;529.0;535.0;1672
8533;Rijnwoude;2019;18785;4050;10564;4171;16436;1456;495;961;893;527;366;154;102;52;105;53;52;55;21;34;106;45;61;473;306;167;210.0;192.0;23.0;39.0;491.0;516.0;1672
8534;Rijnwoude;2020;18764;4012;10504;4248;16347;1496;505;991;921;538;383;158;102;56;109;54;55;58;21;37;110;47;63;486;314;172;184.0;196.0;39.0;38.0;507.0;517.0;1672
8535;Rijnwoude;2021;18745;3972;10442;4331;16260;1538;521;1017;947;557;390;161;105;56;109;52;57;65;25;40;109;46;63;503;329;174;193.0;197.0;31.0;32.0;498.0;520.0;1672
8536;Rijnwoude;2022;18720;3940;10368;4412;16165;1575;528;1047;980;572;408;163;100;63;115;57;58;69;24;45;114;48;66;519;343;176;204.0;192.0;27.0;32.0;489.0;509.0;1672
8537;Rijnwoude;2023;18709;3945;10271;4493;16048;1623;545;1078;1038;607;431;175;111;64;122;57;65;74;26;48;118;49;69;549;364;185;215.0;211.0;34.0;40.0;490.0;509.0;1672
8538;Rijnwoude;2024;18690;3941;10194;4555;15969;1651;555;1096;1070;620;450;180;110;70;127;59;68;79;28;51;118;48;70;566;375;191;195.0;211.0;30.0;38.0;519.0;511.0;1672
8539;Rijnwoude;2025;18677;3927;10107;4643;15882;1694;559;1135;1101;630;471;180;103;77;129;61;68;83;29;54;124;50;74;585;387;198;;;;;;;1672
8540;Rijssen-Holten;2006;36374;10745;20364;5265;33908;1108;391;717;1358;754;604;38;14;24;20;6;14;918;480;438;15;6;9;367;248;119;534.0;293.0;25.0;93.0;587.0;718.0;1742
8541;Rijssen-Holten;2007;36421;10707;20402;5312;33937;1104;394;710;1380;766;614;43;16;27;21;6;15;915;479;436;16;7;9;385;258;127;539.0;299.0;34.0;73.0;581.0;720.0;1742
8542;Rijssen-Holten;2008;36480;10675;20439;5366;33969;1109;393;716;1402;773;629;55;21;34;22;6;16;916;477;439;19;10;9;390;259;131;513.0;301.0;45.0;73.0;582.0;718.0;1742
8543;Rijssen-Holten;2009;36534;10643;20417;5474;33968;1147;403;744;1419;779;640;64;26;38;24;8;16;910;475;435;20;10;10;401;260;141;525.0;304.0;40.0;100.0;616.0;726.0;1742
8544;Rijssen-Holten;2010;36585;10584;20421;5580;33983;1156;406;750;1446;795;651;71;31;40;27;11;16;907;469;438;23;11;12;418;273;145;518.0;317.0;33.0;100.0;619.0;719.0;1742
8545;Rijssen-Holten;2011;36625;10537;20419;5669;33992;1164;406;758;1469;807;662;78;35;43;31;13;18;897;464;433;27;13;14;436;282;154;526.0;315.0;41.0;85.0;596.0;728.0;1742
8546;Rijssen-Holten;2012;36661;10518;20310;5833;33982;1179;418;761;1500;809;691;89;38;51;33;14;19;888;460;428;27;11;16;463;286;177;504.0;328.0;41.0;75.0;639.0;731.0;1742
8547;Rijssen-Holten;2013;36714;10452;20275;5987;33968;1203;425;778;1543;830;713;95;40;55;36;15;21;888;459;429;32;13;19;492;303;189;525.0;309.0;39.0;80.0;607.0;740.0;1742
8548;Rijssen-Holten;2014;36756;10381;20243;6132;33967;1234;434;800;1555;826;729;97;39;58;42;18;24;884;455;429;33;12;21;499;302;197;521.0;320.0;40.0;69.0;597.0;740.0;1742
8549;Rijssen-Holten;2015;36786;10336;20248;6202;33954;1248;443;805;1584;838;746;101;39;62;43;19;24;877;453;424;37;13;24;526;314;212;532.0;333.0;48.0;96.0;616.0;739.0;1742
8550;Rijssen-Holten;2016;36817;10302;20258;6257;33960;1264;446;818;1593;831;762;102;38;64;46;19;27;872;448;424;37;13;24;536;313;223;536.0;331.0;44.0;92.0;609.0;740.0;1742
8551;Rijssen-Holten;2017;36843;10265;20265;6313;33928;1291;462;829;1624;856;768;102;40;62;50;22;28;867;446;421;43;17;26;562;331;231;546.0;346.0;45.0;76.0;606.0;738.0;1742
8552;Rijssen-Holten;2018;36880;10252;20275;6353;33945;1296;455;841;1639;864;775;108;42;66;48;22;26;855;436;419;46;18;28;582;346;236;562.0;340.0;38.0;81.0;586.0;737.0;1742
8553;Rijssen-Holten;2019;36912;10269;20194;6449;33930;1326;473;853;1656;866;790;116;43;73;50;23;27;848;432;416;52;19;33;590;349;241;536.0;345.0;42.0;70.0;602.0;741.0;1742
8554;Rijssen-Holten;2020;36938;10245;20158;6535;33950;1326;470;856;1662;865;797;125;48;77;51;22;29;837;422;415;57;21;36;592;352;240;554.0;340.0;31.0;80.0;604.0;746.0;1742
8555;Rijssen-Holten;2021;36964;10213;20136;6615;33956;1350;478;872;1658;849;809;130;49;81;51;23;28;823;407;416;61;21;40;593;349;244;543.0;377.0;39.0;77.0;633.0;734.0;1742
8556;Rijssen-Holten;2022;36992;10229;20153;6610;33939;1381;493;888;1672;861;811;127;50;77;52;24;28;812;400;412;63;23;40;618;364;254;561.0;364.0;34.0;73.0;610.0;740.0;1742
8557;Rijssen-Holten;2023;37025;10220;20165;6640;33920;1408;510;898;1697;866;831;129;51;78;55;26;29;807;394;413;70;24;46;636;371;265;566.0;368.0;36.0;73.0;595.0;737.0;1742
8558;Rijssen-Holten;2024;37051;10226;20111;6714;33902;1439;513;926;1710;863;847;130;49;81;58;28;30;804;392;412;73;23;50;645;371;274;560.0;364.0;40.0;86.0;604.0;737.0;1742
8559;Rijssen-Holten;2025;37076;10237;20008;6831;33905;1459;522;937;1712;863;849;134;51;83;58;26;32;788;381;407;81;25;56;651;380;271;;;;;;;1742
8560;Rijswijk (ZH.);2006;46949;9114;28131;9704;34819;6786;3285;3501;5344;3071;2273;1664;846;818;483;294;189;430;217;213;641;315;326;2126;1399;727;459.0;601.0;285.0;326.0;3098.0;3169.0;603
8561;Rijswijk (ZH.);2007;46696;9214;28045;9437;34460;6685;3190;3495;5551;3052;2499;1742;841;901;487;286;201;459;223;236;689;329;360;2174;1373;801;438.0;570.0;299.0;314.0;3069.0;3162.0;603
8562;Rijswijk (ZH.);2008;46457;9310;27972;9175;34039;6637;3145;3492;5781;3042;2739;1827;830;997;482;283;199;506;240;266;751;342;409;2215;1347;868;432.0;554.0;296.0;340.0;3095.0;3157.0;603
8563;Rijswijk (ZH.);2009;46232;9438;27884;8910;33653;6558;3073;3485;6021;3029;2992;1902;822;1080;472;264;208;559;255;304;808;350;458;2280;1338;942;426.0;556.0;327.0;331.0;3065.0;3169.0;603
8564;Rijswijk (ZH.);2010;45998;9527;27704;8767;33258;6510;3022;3488;6230;3000;3230;1959;811;1148;489;262;227;600;263;337;851;350;501;2331;1314;1017;447.0;513.0;344.0;310.0;2991.0;3168.0;603
8565;Rijswijk (ZH.);2011;45788;9567;27706;8515;32827;6491;3017;3474;6470;3004;3466;2037;815;1222;515;261;254;635;274;361;902;356;546;2381;1298;1083;428.0;516.0;373.0;294.0;2965.0;3163.0;603
8566;Rijswijk (ZH.);2012;45587;9634;27406;8547;32405;6543;3048;3495;6639;2969;3670;2083;803;1280;514;256;258;670;281;389;950;360;590;2422;1269;1153;416.0;475.0;371.0;315.0;2953.0;3143.0;603
8567;Rijswijk (ZH.);2013;45393;9611;27252;8530;31977;6583;3067;3516;6833;2950;3883;2118;785;1333;521;247;274;714;299;415;1000;362;638;2480;1257;1223;433.0;503.0;385.0;346.0;3007.0;3154.0;603
8568;Rijswijk (ZH.);2014;45221;9689;27010;8522;31556;6642;3107;3535;7023;2921;4102;2154;768;1386;523;241;282;778;322;456;1071;373;698;2497;1217;1280;402.0;466.0;373.0;347.0;3004.0;3112.0;603
8569;Rijswijk (ZH.);2015;45073;9706;26830;8537;31197;6648;3120;3528;7228;2933;4295;2198;758;1440;534;246;288;829;340;489;1127;378;749;2540;1211;1329;400.0;472.0;388.0;358.0;3036.0;3129.0;603
8570;Rijswijk (ZH.);2016;44939;9749;26697;8493;30815;6709;3144;3565;7415;2918;4497;2223;750;1473;535;241;294;888;359;529;1175;379;796;2594;1189;1405;428.0;446.0;391.0;305.0;2921.0;3120.0;603
8571;Rijswijk (ZH.);2017;44815;9853;26437;8525;30496;6722;3158;3564;7597;2923;4674;2246;741;1505;544;240;304;944;374;570;1228;389;839;2635;1179;1456;436.0;455.0;357.0;356.0;3018.0;3113.0;603
8572;Rijswijk (ZH.);2018;44708;9929;26279;8500;30172;6775;3171;3604;7761;2896;4865;2242;703;1539;547;235;312;1008;393;615;1280;396;884;2684;1169;1515;420.0;429.0;382.0;334.0;3003.0;3128.0;603
8573;Rijswijk (ZH.);2019;44621;9973;26171;8477;29871;6787;3190;3597;7963;2901;5062;2274;696;1578;571;235;336;1053;400;653;1327;402;925;2738;1168;1570;421.0;425.0;374.0;351.0;3047.0;3133.0;603
8574;Rijswijk (ZH.);2020;44557;9966;26147;8444;29545;6884;3249;3635;8128;2894;5234;2276;689;1587;577;229;348;1109;416;693;1381;403;978;2785;1157;1628;424.0;427.0;409.0;357.0;3049.0;3145.0;603
8575;Rijswijk (ZH.);2021;44514;9965;26123;8426;29237;6992;3330;3662;8285;2901;5384;2267;693;1574;582;224;358;1159;420;739;1435;407;1028;2842;1157;1685;418.0;414.0;399.0;345.0;3095.0;3186.0;603
8576;Rijswijk (ZH.);2022;44485;9910;26133;8442;28960;7141;3414;3727;8384;2858;5526;2254;667;1587;586;221;365;1209;427;782;1460;402;1058;2875;1141;1734;432.0;426.0;426.0;367.0;3107.0;3179.0;603
8577;Rijswijk (ZH.);2023;44483;9856;26129;8498;28640;7252;3460;3792;8591;2880;5711;2262;663;1599;597;222;375;1279;441;838;1500;400;1100;2953;1154;1799;438.0;405.0;411.0;349.0;3119.0;3201.0;603
8578;Rijswijk (ZH.);2024;44498;9798;26173;8527;28409;7383;3532;3851;8706;2849;5857;2247;644;1603;597;206;391;1340;453;887;1532;402;1130;2990;1144;1846;455.0;411.0;386.0;369.0;3134.0;3193.0;603
8579;Rijswijk (ZH.);2025;44502;9815;26134;8553;28142;7537;3604;3933;8823;2828;5995;2233;625;1608;596;199;397;1384;450;934;1571;406;1165;3039;1148;1891;;;;;;;603
8580;Roerdalen;2006;10392;2199;6533;1660;8502;1596;650;946;294;227;67;29;13;16;27;14;13;13;8;5;17;8;9;208;184;24;84.0;85.0;23.0;63.0;433.0;437.0;1669
8581;Roerdalen;2007;10351;2173;6444;1734;8476;1576;639;937;299;226;73;31;14;17;28;15;13;14;9;5;17;7;10;209;181;28;88.0;100.0;23.0;68.0;428.0;432.0;1669
8582;Roerdalen;2008;10295;2112;6375;1808;8447;1552;627;925;296;216;80;30;15;15;29;15;14;17;9;8;16;5;11;204;172;32;78.0;99.0;33.0;52.0;415.0;424.0;1669
8583;Roerdalen;2009;10247;2048;6337;1862;8402;1535;624;911;310;226;84;32;13;19;31;19;12;19;11;8;17;5;12;211;178;33;86.0;97.0;33.0;50.0;401.0;416.0;1669
8584;Roerdalen;2010;10204;2017;6278;1909;8348;1544;626;918;312;229;83;31;13;18;31;20;11;20;11;9;17;5;12;213;180;33;80.0;110.0;30.0;59.0;422.0;418.0;1669
8585;Roerdalen;2011;10152;1963;6231;1958;8322;1528;616;912;302;217;85;31;13;18;30;20;10;19;10;9;22;8;14;200;166;34;83.0;107.0;33.0;70.0;416.0;421.0;1669
8586;Roerdalen;2012;10087;1912;6144;2031;8266;1525;614;911;296;207;89;32;14;18;32;20;12;20;10;10;22;8;14;190;155;35;82.0;107.0;35.0;60.0;424.0;426.0;1669
8587;Roerdalen;2013;10036;1857;6081;2098;8229;1512;611;901;295;199;96;34;14;20;33;22;11;26;13;13;24;8;16;178;142;36;78.0;104.0;40.0;59.0;416.0;421.0;1669
8588;Roerdalen;2014;9988;1823;5982;2183;8197;1489;591;898;302;199;103;35;14;21;37;25;12;29;15;14;25;7;18;176;138;38;81.0;114.0;25.0;54.0;415.0;418.0;1669
8589;Roerdalen;2015;9927;1777;5867;2283;8149;1472;589;883;306;197;109;36;15;21;38;25;13;33;17;16;32;9;23;167;131;36;83.0;111.0;30.0;50.0;407.0;412.0;1669
8590;Roerdalen;2016;9880;1756;5779;2345;8107;1449;577;872;324;205;119;42;18;24;37;24;13;37;19;18;36;9;27;172;135;37;84.0;123.0;23.0;55.0;421.0;401.0;1669
8591;Roerdalen;2017;9829;1729;5712;2388;8046;1440;569;871;343;220;123;42;18;24;38;25;13;41;22;19;38;10;28;184;145;39;88.0;128.0;28.0;50.0;416.0;402.0;1669
8592;Roerdalen;2018;9783;1736;5607;2440;7997;1433;566;867;353;229;124;43;20;23;41;29;12;43;23;20;43;13;30;183;144;39;87.0;124.0;27.0;53.0;409.0;402.0;1669
8593;Roerdalen;2019;9730;1724;5537;2469;7969;1407;562;845;354;227;127;48;25;23;41;30;11;44;21;23;41;14;27;180;137;43;89.0;124.0;27.0;58.0;423.0;417.0;1669
8594;Roerdalen;2020;9675;1696;5487;2492;7913;1388;553;835;374;238;136;49;26;23;46;33;13;47;21;26;43;14;29;189;144;45;96.0;115.0;29.0;43.0;395.0;394.0;1669
8595;Roerdalen;2021;9645;1692;5393;2560;7901;1369;556;813;375;240;135;52;29;23;50;36;14;48;23;25;40;13;27;185;139;46;101.0;118.0;27.0;47.0;388.0;396.0;1669
8596;Roerdalen;2022;9603;1677;5303;2623;7849;1362;554;808;392;240;152;51;29;22;44;28;16;55;24;31;41;11;30;201;148;53;103.0;129.0;33.0;36.0;380.0;402.0;1669
8597;Roerdalen;2023;9553;1690;5216;2647;7804;1362;562;800;387;241;146;50;31;19;39;25;14;51;22;29;41;10;31;206;153;53;95.0;137.0;41.0;50.0;385.0;377.0;1669
8598;Roerdalen;2024;9513;1695;5146;2672;7761;1350;559;791;402;248;154;52;32;20;38;25;13;52;23;29;44;9;35;216;159;57;111.0;128.0;24.0;47.0;382.0;395.0;1669
8599;Roerdalen;2025;9460;1706;5054;2700;7725;1327;536;791;408;252;156;49;30;19;39;25;14;51;24;27;46;9;37;223;164;59;;;;;;;1669
8600;Roermond;2006;44811;10384;27668;6759;32547;6187;2473;3714;6077;3419;2658;266;138;128;336;201;135;2045;1112;933;1862;901;961;1568;1067;501;475.0;444.0;329.0;468.0;1690.0;1774.0;957
8601;Roermond;2007;44620;10319;27492;6809;32559;6040;2409;3631;6021;3325;2696;266;136;130;312;184;128;2059;1097;962;1852;897;955;1532;1011;521;450.0;481.0;316.0;467.0;1641.0;1765.0;957
8602;Roermond;2008;44316;10170;27332;6814;32505;5865;2314;3551;5946;3238;2708;265;133;132;289;168;121;2056;1085;971;1842;892;950;1494;960;534;465.0;450.0;292.0;438.0;1610.0;1737.0;957
8603;Roermond;2009;44058;10068;27111;6879;32417;5751;2258;3493;5890;3140;2750;269;137;132;274;150;124;2071;1076;995;1825;876;949;1451;901;550;435.0;464.0;286.0;422.0;1593.0;1713.0;957
8604;Roermond;2010;43778;9944;26899;6935;32352;5595;2213;3382;5831;3060;2771;275;142;133;262;139;123;2066;1057;1009;1807;859;948;1421;863;558;416.0;469.0;303.0;407.0;1577.0;1696.0;957
8605;Roermond;2011;43502;9788;26678;7036;32238;5504;2175;3329;5760;2982;2778;264;138;126;245;129;116;2073;1038;1035;1791;853;938;1387;824;563;403.0;459.0;303.0;407.0;1568.0;1678.0;957
8606;Roermond;2012;43235;9640;26347;7248;32154;5402;2161;3241;5679;2921;2758;260;139;121;242;126;116;2059;1025;1034;1775;850;925;1343;781;562;399.0;482.0;279.0;413.0;1581.0;1654.0;957
8607;Roermond;2013;42950;9484;26040;7426;32034;5293;2128;3165;5623;2867;2756;266;143;123;235;120;115;2053;1016;1037;1730;829;901;1339;759;580;399.0;473.0;260.0;389.0;1567.0;1638.0;957
8608;Roermond;2014;42680;9340;25765;7575;31940;5187;2091;3096;5553;2806;2747;257;138;119;221;111;110;2029;1004;1025;1726;831;895;1320;722;598;416.0;468.0;255.0;363.0;1526.0;1634.0;957
8609;Roermond;2015;42422;9233;25428;7761;31861;5098;2072;3026;5463;2745;2718;254;137;117;217;107;110;1999;991;1008;1704;824;880;1289;686;603;397.0;472.0;239.0;362.0;1531.0;1608.0;957
8610;Roermond;2016;42152;9108;25171;7873;31760;4998;2046;2952;5394;2686;2708;248;133;115;216;111;105;1985;977;1008;1672;802;870;1273;663;610;385.0;469.0;219.0;373.0;1550.0;1589.0;957
8611;Roermond;2017;41878;8993;24806;8079;31680;4913;1997;2916;5285;2611;2674;244;131;113;198;99;99;1942;944;998;1648;795;853;1253;642;611;414.0;482.0;239.0;364.0;1521.0;1590.0;957
8612;Roermond;2018;41620;8928;24440;8252;31595;4811;1962;2849;5214;2565;2649;243;127;116;190;92;98;1916;923;993;1595;771;824;1270;652;618;397.0;474.0;217.0;363.0;1530.0;1572.0;957
8613;Roermond;2019;41366;8807;24130;8429;31463;4746;1911;2835;5157;2524;2633;245;130;115;186;87;99;1889;911;978;1574;761;813;1263;635;628;405.0;491.0;190.0;328.0;1517.0;1554.0;957
8614;Roermond;2020;41113;8709;23808;8596;31398;4615;1853;2762;5100;2482;2618;248;130;118;180;82;98;1845;890;955;1557;752;805;1270;628;642;407.0;509.0;173.0;301.0;1528.0;1551.0;957
8615;Roermond;2021;40866;8579;23596;8691;31310;4525;1821;2704;5031;2439;2592;247;128;119;178;83;95;1812;871;941;1531;742;789;1263;615;648;416.0;501.0;195.0;285.0;1476.0;1543.0;957
8616;Roermond;2022;40628;8503;23326;8799;31206;4464;1804;2660;4958;2384;2574;258;135;123;175;87;88;1785;855;930;1502;723;779;1238;584;654;421.0;509.0;181.0;282.0;1484.0;1534.0;957
8617;Roermond;2023;40391;8377;23097;8917;31102;4391;1756;2635;4898;2349;2549;261;132;129;172;84;88;1758;838;920;1465;707;758;1242;588;654;408.0;502.0;154.0;299.0;1513.0;1523.0;957
8618;Roermond;2024;40147;8312;22775;9060;31026;4293;1707;2586;4828;2324;2504;274;146;128;166;81;85;1730;813;917;1439;694;745;1219;590;629;404.0;539.0;158.0;258.0;1495.0;1507.0;957
8619;Roermond;2025;39906;8234;22511;9161;30943;4221;1687;2534;4742;2285;2457;274;149;125;162;77;85;1698;799;899;1386;680;706;1222;580;642;;;;;;;957
8620;Roggel en Neer;2006;8395;2152;5007;1236;7751;520;169;351;124;77;47;4;0;4;9;3;6;8;2;6;16;4;12;87;68;19;81.0;63.0;7.0;35.0;322.0;290.0;1670
8621;Roggel en Neer;2007;8418;2123;5026;1269;7747;544;182;362;127;78;49;7;0;7;9;4;5;9;3;6;17;5;12;85;66;19;90.0;62.0;15.0;31.0;293.0;298.0;1670
8622;Roggel en Neer;2008;8424;2076;5036;1312;7705;577;193;384;142;85;57;8;1;7;11;5;6;9;3;6;21;8;13;93;68;25;72.0;76.0;14.0;29.0;315.0;294.0;1670
8623;Roggel en Neer;2009;8426;2031;5045;1350;7667;601;200;401;158;96;62;8;1;7;11;5;6;12;4;8;21;8;13;106;78;28;68.0;74.0;24.0;35.0;329.0;311.0;1670
8624;Roggel en Neer;2010;8425;1957;5062;1406;7641;621;213;408;163;104;59;9;2;7;9;4;5;15;6;9;20;8;12;110;84;26;75.0;72.0;18.0;44.0;326.0;299.0;1670
8625;Roggel en Neer;2011;8430;1885;5087;1458;7609;650;216;434;171;103;68;9;2;7;7;3;4;22;8;14;20;6;14;113;84;29;82.0;74.0;20.0;51.0;327.0;305.0;1670
8626;Roggel en Neer;2012;8430;1833;5068;1529;7589;658;208;450;183;110;73;10;2;8;9;5;4;23;8;15;22;6;16;119;89;30;76.0;83.0;15.0;38.0;339.0;310.0;1670
8627;Roggel en Neer;2013;8430;1802;5047;1581;7551;680;213;467;199;116;83;12;2;10;11;6;5;24;10;14;21;5;16;131;93;38;76.0;77.0;21.0;45.0;334.0;315.0;1670
8628;Roggel en Neer;2014;8423;1742;5027;1654;7516;693;222;471;214;121;93;13;2;11;12;7;5;25;10;15;24;5;19;140;97;43;72.0;88.0;21.0;39.0;335.0;309.0;1670
8629;Roggel en Neer;2015;8415;1697;5015;1703;7472;704;227;477;239;140;99;14;3;11;11;7;4;27;11;16;26;5;21;161;114;47;88.0;80.0;28.0;29.0;303.0;319.0;1670
8630;Roggel en Neer;2016;8406;1698;4956;1752;7451;706;234;472;249;146;103;16;4;12;11;7;4;28;12;16;28;5;23;166;118;48;73.0;83.0;28.0;36.0;322.0;324.0;1670
8631;Roggel en Neer;2017;8389;1669;4912;1808;7401;731;245;486;257;149;108;19;6;13;11;7;4;28;11;17;36;8;28;163;117;46;94.0;77.0;21.0;37.0;312.0;320.0;1670
8632;Roggel en Neer;2018;8385;1647;4868;1870;7376;740;250;490;269;161;108;22;7;15;12;9;3;30;12;18;35;9;26;170;124;46;85.0;98.0;17.0;36.0;331.0;317.0;1670
8633;Roggel en Neer;2019;8367;1618;4841;1908;7331;760;259;501;276;168;108;20;7;13;14;10;4;32;14;18;37;10;27;173;127;46;92.0;102.0;26.0;33.0;310.0;310.0;1670
8634;Roggel en Neer;2020;8348;1598;4797;1953;7291;773;259;514;284;170;114;22;10;12;18;10;8;35;15;20;38;10;28;171;125;46;91.0;90.0;16.0;26.0;297.0;314.0;1670
8635;Roggel en Neer;2021;8322;1595;4708;2019;7242;786;259;527;294;171;123;24;9;15;19;11;8;34;14;20;39;10;29;178;127;51;82.0;95.0;17.0;42.0;327.0;309.0;1670
8636;Roggel en Neer;2022;8302;1583;4664;2055;7218;789;260;529;295;167;128;26;10;16;19;12;7;37;14;23;43;11;32;170;120;50;85.0;92.0;10.0;38.0;331.0;310.0;1670
8637;Roggel en Neer;2023;8287;1583;4588;2116;7183;802;268;534;302;174;128;25;10;15;21;13;8;37;15;22;44;11;33;175;125;50;83.0;96.0;15.0;41.0;325.0;306.0;1670
8638;Roggel en Neer;2024;8268;1579;4536;2153;7162;794;265;529;312;178;134;26;11;15;19;11;8;37;15;22;42;10;32;188;131;57;84.0;100.0;15.0;31.0;304.0;294.0;1670
8639;Roggel en Neer;2025;8245;1580;4465;2200;7107;812;273;539;326;185;141;26;12;14;20;11;9;39;15;24;46;9;37;195;138;57;;;;;;;1670
8640;De Ronde Venen;2006;34476;9060;21222;4194;30305;2326;890;1436;1845;986;859;247;115;132;119;51;68;197;108;89;558;280;278;724;432;292;371.0;250.0;55.0;116.0;830.0;975.0;736
8641;De Ronde Venen;2007;34393;8965;21174;4254;30168;2347;897;1450;1878;985;893;259;120;139;124;53;71;195;104;91;573;278;295;727;430;297;368.0;234.0;67.0;119.0;790.0;973.0;736
8642;De Ronde Venen;2008;34296;8853;21063;4380;30032;2367;914;1453;1897;967;930;262;117;145;127;55;72;199;104;95;587;275;312;722;416;306;365.0;232.0;69.0;108.0;767.0;974.0;736
8643;De Ronde Venen;2009;34187;8747;20942;4498;29882;2371;928;1443;1934;963;971;271;118;153;133;60;73;198;101;97;584;264;320;748;420;328;372.0;242.0;72.0;99.0;758.0;970.0;736
8644;De Ronde Venen;2010;34081;8590;20851;4640;29703;2412;951;1461;1966;950;1016;280;120;160;134;58;76;195;99;96;595;263;332;762;410;352;362.0;236.0;72.0;101.0;779.0;979.0;736
8645;De Ronde Venen;2011;33978;8457;20767;4754;29558;2436;959;1477;1984;951;1033;282;122;160;127;54;73;195;98;97;610;268;342;770;409;361;354.0;236.0;77.0;91.0;780.0;980.0;736
8646;De Ronde Venen;2012;33883;8280;20544;5059;29423;2467;965;1502;1993;958;1035;283;124;159;131;55;76;195;96;99;593;256;337;791;427;364;385.0;241.0;69.0;107.0;788.0;973.0;736
8647;De Ronde Venen;2013;33803;8182;20342;5279;29270;2495;981;1514;2038;965;1073;300;130;170;136;58;78;199;99;100;588;251;337;815;427;388;375.0;257.0;58.0;104.0;785.0;959.0;736
8648;De Ronde Venen;2014;33701;8075;20138;5488;29141;2508;986;1522;2052;967;1085;305;133;172;138;57;81;204;103;101;588;251;337;817;423;394;361.0;264.0;71.0;107.0;800.0;961.0;736
8649;De Ronde Venen;2015;33604;7962;19999;5643;29005;2506;985;1521;2093;976;1117;311;136;175;143;61;82;206;103;103;597;248;349;836;428;408;370.0;261.0;56.0;101.0;791.0;954.0;736
8650;De Ronde Venen;2016;33507;7863;19863;5781;28883;2494;982;1512;2130;990;1140;323;142;181;149;64;85;205;101;104;597;242;355;856;441;415;393.0;258.0;61.0;89.0;765.0;967.0;736
8651;De Ronde Venen;2017;33418;7787;19729;5902;28772;2491;977;1514;2155;993;1162;325;140;185;150;63;87;209;101;108;595;238;357;876;451;425;372.0;269.0;57.0;99.0;794.0;956.0;736
8652;De Ronde Venen;2018;33327;7661;19646;6020;28660;2498;985;1513;2169;999;1170;330;145;185;153;63;90;216;102;114;589;230;359;881;459;422;396.0;268.0;61.0;80.0;755.0;955.0;736
8653;De Ronde Venen;2019;33241;7588;19504;6149;28549;2512;994;1518;2180;994;1186;330;143;187;156;65;91;224;106;118;590;229;361;880;451;429;404.0;271.0;73.0;83.0;729.0;947.0;736
8654;De Ronde Venen;2020;33154;7549;19313;6292;28423;2521;1016;1505;2210;1002;1208;334;144;190;162;65;97;226;106;120;589;223;366;899;464;435;378.0;280.0;65.0;114.0;835.0;961.0;736
8655;De Ronde Venen;2021;33081;7451;19214;6416;28322;2531;1040;1491;2228;1021;1207;329;144;185;157;64;93;237;108;129;584;222;362;921;483;438;393.0;287.0;57.0;93.0;788.0;949.0;736
8656;De Ronde Venen;2022;32992;7368;19032;6592;28213;2535;1046;1489;2244;1026;1218;337;149;188;156;60;96;232;104;128;577;224;353;942;489;453;398.0;289.0;50.0;88.0;806.0;945.0;736
8657;De Ronde Venen;2023;32928;7366;18797;6765;28118;2554;1067;1487;2256;1034;1222;336;148;188;156;62;94;232;105;127;570;224;346;962;495;467;410.0;302.0;58.0;104.0;825.0;942.0;736
8658;De Ronde Venen;2024;32875;7345;18609;6921;28034;2576;1092;1484;2265;1034;1231;345;150;195;155;62;93;235;106;129;554;217;337;976;499;477;411.0;290.0;70.0;92.0;793.0;946.0;736
8659;De Ronde Venen;2025;32822;7321;18409;7092;27940;2580;1098;1482;2302;1049;1253;352;150;202;159;61;98;230;107;123;560;219;341;1001;512;489;;;;;;;736
8660;Roosendaal;2006;77393;18624;47098;11671;61847;6529;2595;3934;9017;5030;3987;461;243;218;236;127;109;2175;1134;1041;3451;1644;1807;2694;1882;812;859.0;684.0;460.0;586.0;2130.0;2244.0;1674
8661;Roosendaal;2007;77334;18491;47020;11823;61727;6448;2550;3898;9159;4977;4182;480;255;225;246;141;105;2221;1127;1094;3541;1632;1909;2671;1822;849;794.0;693.0;489.0;563.0;1990.0;2227.0;1674
8662;Roosendaal;2008;77131;18273;46865;11993;61505;6361;2535;3826;9265;4931;4334;504;271;233;259;146;113;2261;1141;1120;3585;1610;1975;2656;1763;893;769.0;713.0;499.0;558.0;2011.0;2212.0;1674
8663;Roosendaal;2009;76936;18047;46643;12246;61264;6337;2541;3796;9335;4871;4464;517;275;242;270;151;119;2314;1150;1164;3618;1599;2019;2616;1696;920;757.0;722.0;508.0;537.0;1970.0;2192.0;1674
8664;Roosendaal;2010;76729;17822;46429;12478;60963;6270;2530;3740;9496;4891;4605;539;279;260;281;160;121;2347;1144;1203;3667;1603;2064;2662;1705;957;740.0;726.0;510.0;563.0;1991.0;2188.0;1674
8665;Roosendaal;2011;76501;17563;46180;12758;60711;6231;2550;3681;9559;4871;4688;555;292;263;288;165;123;2365;1135;1230;3695;1597;2098;2656;1682;974;741.0;736.0;495.0;548.0;1975.0;2171.0;1674
8666;Roosendaal;2012;76262;17324;45742;13196;60429;6165;2561;3604;9668;4873;4795;574;304;270;293;175;118;2387;1139;1248;3760;1607;2153;2654;1648;1006;704.0;756.0;541.0;504.0;1962.0;2172.0;1674
8667;Roosendaal;2013;76046;17059;45336;13651;60135;6178;2631;3547;9733;4856;4877;593;311;282;305;185;120;2412;1140;1272;3766;1589;2177;2657;1631;1026;711.0;752.0;508.0;498.0;1966.0;2158.0;1674
8668;Roosendaal;2014;75833;16811;44975;14047;59843;6151;2638;3513;9839;4857;4982;616;327;289;310;189;121;2446;1144;1302;3770;1581;2189;2697;1616;1081;725.0;756.0;513.0;500.0;1966.0;2167.0;1674
8669;Roosendaal;2015;75621;16534;44679;14408;59564;6169;2707;3462;9888;4829;5059;640;338;302;326;197;129;2444;1136;1308;3799;1577;2222;2679;1581;1098;716.0;771.0;496.0;531.0;2017.0;2146.0;1674
8670;Roosendaal;2016;75409;16297;44429;14683;59299;6156;2733;3423;9954;4836;5118;672;363;309;329;200;129;2443;1127;1316;3792;1572;2220;2718;1574;1144;691.0;790.0;537.0;494.0;1971.0;2131.0;1674
8671;Roosendaal;2017;75197;16049;44227;14921;59039;6141;2743;3398;10017;4850;5167;700;382;318;334;203;131;2458;1123;1335;3758;1551;2207;2767;1591;1176;721.0;793.0;524.0;471.0;1944.0;2126.0;1674
8672;Roosendaal;2018;74997;15879;43905;15213;58750;6167;2798;3369;10080;4840;5240;720;388;332;356;215;141;2465;1117;1348;3741;1537;2204;2798;1583;1215;701.0;799.0;520.0;466.0;1965.0;2129.0;1674
8673;Roosendaal;2019;74794;15695;43624;15475;58483;6163;2838;3325;10148;4882;5266;746;410;336;382;230;152;2469;1122;1347;3738;1536;2202;2813;1584;1229;715.0;801.0;506.0;493.0;2005.0;2120.0;1674
8674;Roosendaal;2020;74610;15551;43281;15778;58254;6186;2879;3307;10170;4852;5318;771;423;348;394;229;165;2469;1121;1348;3719;1520;2199;2817;1559;1258;714.0;818.0;501.0;532.0;2042.0;2112.0;1674
8675;Roosendaal;2021;74412;15354;43142;15916;58045;6179;2856;3323;10188;4848;5340;784;441;343;399;230;169;2462;1115;1347;3706;1509;2197;2837;1553;1284;716.0;819.0;477.0;472.0;1991.0;2107.0;1674
8676;Roosendaal;2022;74210;15226;42810;16174;57830;6181;2859;3322;10199;4886;5313;791;446;345;422;251;171;2460;1116;1344;3683;1514;2169;2843;1559;1284;734.0;836.0;456.0;483.0;2032.0;2099.0;1674
8677;Roosendaal;2023;74026;15083;42544;16399;57640;6176;2878;3298;10210;4897;5313;817;476;341;426;245;181;2445;1107;1338;3657;1502;2155;2865;1567;1298;748.0;865.0;477.0;454.0;2008.0;2086.0;1674
8678;Roosendaal;2024;73865;14981;42182;16702;57424;6177;2878;3299;10264;4910;5354;836;492;344;440;251;189;2428;1100;1328;3638;1497;2141;2922;1570;1352;727.0;860.0;469.0;472.0;2036.0;2079.0;1674
8679;Roosendaal;2025;73695;14909;41806;16980;57243;6160;2867;3293;10292;4905;5387;864;510;354;457;253;204;2419;1086;1333;3596;1481;2115;2956;1575;1381;;;;;;;1674
8680;Rotterdam;2006;595015;138619;371165;85231;332686;58466;30086;28380;203863;119251;84612;50245;29975;20270;18684;12640;6044;45840;24221;21619;36738;18962;17776;52356;33453;18903;7574.0;6268.0;7459.0;8262.0;23093.0;23005.0;599
8681;Rotterdam;2007;595642;139309;371759;84574;333969;58451;29896;28555;203222;116534;86688;49497;29283;20214;18293;11999;6294;46488;24246;22242;37469;18955;18514;51475;32051;19424;7517.0;6148.0;7506.0;8034.0;22484.0;22691.0;599
8682;Rotterdam;2008;596310;139894;372324;84092;335157;58470;29822;28648;202683;114187;88496;48749;28643;20106;18041;11541;6500;47109;24253;22856;38163;18951;19212;50621;30799;19822;7443.0;6111.0;7595.0;7870.0;22152.0;22436.0;599
8683;Rotterdam;2009;597113;140346;373064;83703;336283;58610;29823;28787;202220;112156;90064;47996;28060;19936;17863;11213;6650;47600;24260;23340;38825;18915;19910;49936;29708;20228;7339.0;6022.0;7661.0;7746.0;21807.0;22213.0;599
8684;Rotterdam;2010;597968;140710;373539;83719;337316;58866;29949;28917;201786;110361;91425;47300;27509;19791;17701;10919;6782;48136;24292;23844;39392;18882;20510;49257;28759;20498;7248.0;5988.0;7691.0;7494.0;21477.0;22003.0;599
8685;Rotterdam;2011;598931;140497;375261;83173;338248;59206;30194;29012;201477;108881;92596;46572;27050;19522;17656;10742;6914;48642;24339;24303;39953;18888;21065;48654;27862;20792;7173.0;5939.0;7675.0;7412.0;21347.0;21798.0;599
8686;Rotterdam;2012;600009;140347;373952;85710;339272;59618;30461;29157;201119;107457;93662;45829;26551;19278;17562;10559;7003;49139;24397;24742;40460;18870;21590;48129;27080;21049;7048.0;5868.0;7578.0;7271.0;21264.0;21616.0;599
8687;Rotterdam;2013;601178;140151;373380;87647;340433;59980;30719;29261;200765;106108;94657;45085;26081;19004;17459;10334;7125;49578;24451;25127;40982;18881;22101;47661;26361;21300;6978.0;5880.0;7535.0;7177.0;21124.0;21443.0;599
8688;Rotterdam;2014;602344;140078;373118;89148;341538;60464;31026;29438;200342;104813;95529;44387;25646;18741;17391;10135;7256;49953;24480;25473;41405;18874;22531;47206;25678;21528;6871.0;5846.0;7382.0;7065.0;21101.0;21272.0;599
8689;Rotterdam;2015;603546;139894;373333;90319;342613;60880;31293;29587;200053;103726;96327;43761;25237;18524;17328;9987;7341;50340;24512;25828;41792;18865;22927;46832;25125;21707;6770.0;5850.0;7234.0;6955.0;21157.0;21143.0;599
8690;Rotterdam;2016;604795;139789;373623;91383;343892;61256;31447;29809;199647;102653;96994;43105;24853;18252;17221;9803;7418;50688;24547;26141;42173;18872;23301;46460;24578;21882;6704.0;5846.0;7128.0;6803.0;21120.0;21037.0;599
8691;Rotterdam;2017;606092;139724;373951;92417;345089;61613;31602;30011;199390;101695;97695;42462;24468;17994;17165;9644;7521;51031;24558;26473;42565;18932;23633;46167;24093;22074;6549.0;5850.0;6934.0;6722.0;21276.0;20955.0;599
8692;Rotterdam;2018;607357;139269;374448;93640;346352;61858;31675;30183;199147;100787;98360;41881;24100;17781;17132;9494;7638;51301;24551;26750;42888;18971;23917;45945;23671;22274;6505.0;5868.0;6837.0;6604.0;21314.0;20895.0;599
8693;Rotterdam;2019;608681;138683;375107;94891;347502;62182;31798;30384;198997;99998;98999;41273;23729;17544;17138;9403;7735;51624;24583;27041;43148;18973;24175;45814;23310;22504;6401.0;5888.0;6698.0;6516.0;21465.0;20860.0;599
8694;Rotterdam;2020;610019;137641;376025;96353;348731;62491;31916;30575;198797;99270;99527;40714;23417;17297;17096;9252;7844;51894;24558;27336;43370;18998;24372;45723;23045;22678;6284.0;5905.0;6569.0;6392.0;21580.0;20843.0;599
8695;Rotterdam;2021;611349;136470;376979;97900;350065;62725;31980;30745;198559;98565;99994;40116;23064;17052;17022;9122;7900;52220;24577;27643;43580;19014;24566;45621;22788;22833;6231.0;5970.0;6411.0;6355.0;21820.0;20825.0;599
8696;Rotterdam;2022;612702;135271;377953;99478;351462;62966;32090;30876;198274;97762;100512;39610;22772;16838;16850;8920;7930;52555;24561;27994;43763;19016;24747;45496;22493;23003;6131.0;6059.0;6310.0;6259.0;21971.0;20771.0;599
8697;Rotterdam;2023;614062;133928;378938;101196;352738;63230;32187;31043;198094;97121;100973;39155;22528;16627;16735;8760;7975;52846;24535;28311;43907;19005;24902;45451;22293;23158;6038.0;6099.0;6159.0;6114.0;22065.0;20780.0;599
8698;Rotterdam;2024;615368;132456;379939;102973;354208;63423;32236;31187;197737;96410;101327;38671;22198;16473;16603;8607;7996;53077;24510;28567;44029;19022;25007;45357;22073;23284;6007.0;6180.0;6042.0;6058.0;22148.0;20710.0;599
8699;Rotterdam;2025;616660;131301;380377;104982;355591;63704;32373;31331;197365;95697;101668;38143;21878;16265;16495;8445;8050;53244;24449;28795;44159;19022;25137;45324;21903;23421;;;;;;;599
8700;Rozenburg;2006;13109;3011;8206;1892;10770;1329;584;745;1010;568;442;180;94;86;151;93;58;321;162;159;43;19;24;315;200;115;135.0;122.0;30.0;40.0;446.0;414.0;600
8701;Rozenburg;2007;13145;2976;8191;1978;10777;1346;583;763;1022;575;447;186;97;89;143;85;58;321;161;160;45;18;27;327;214;113;135.0;122.0;28.0;51.0;466.0;419.0;600
8702;Rozenburg;2008;13186;2956;8168;2062;10790;1359;583;776;1037;576;461;195;101;94;138;81;57;324;156;168;50;21;29;330;217;113;113.0;121.0;14.0;43.0;470.0;414.0;600
8703;Rozenburg;2009;13207;2898;8138;2171;10794;1368;589;779;1045;578;467;207;105;102;133;77;56;322;157;165;55;25;30;328;214;114;136.0;131.0;24.0;36.0;445.0;412.0;600
8704;Rozenburg;2010;13232;2877;8098;2257;10774;1385;584;801;1073;588;485;211;105;106;139;78;61;328;159;169;63;28;35;332;218;114;130.0;157.0;28.0;52.0;484.0;408.0;600
8705;Rozenburg;2011;13258;2828;8102;2328;10776;1410;591;819;1072;575;497;214;106;108;135;71;64;327;157;170;66;28;38;330;213;117;121.0;135.0;34.0;48.0;470.0;405.0;600
8706;Rozenburg;2012;13294;2788;8044;2462;10771;1417;597;820;1106;590;516;219;106;113;141;76;65;330;152;178;76;33;43;340;223;117;135.0;157.0;30.0;44.0;480.0;401.0;600
8707;Rozenburg;2013;13337;2764;7984;2589;10772;1439;606;833;1126;598;528;222;110;112;149;78;71;333;153;180;79;32;47;343;225;118;127.0;152.0;23.0;46.0;493.0;417.0;600
8708;Rozenburg;2014;13369;2733;7939;2697;10757;1457;604;853;1155;608;547;226;112;114;151;77;74;332;151;181;85;34;51;361;234;127;135.0;167.0;28.0;47.0;500.0;413.0;600
8709;Rozenburg;2015;13404;2724;7926;2754;10750;1466;610;856;1188;619;569;232;113;119;154;78;76;336;149;187;88;36;52;378;243;135;125.0;160.0;24.0;39.0;504.0;418.0;600
8710;Rozenburg;2016;13440;2679;7898;2863;10737;1487;610;877;1216;632;584;237;115;122;159;82;77;339;150;189;91;36;55;390;249;141;126.0;161.0;32.0;39.0;480.0;409.0;600
8711;Rozenburg;2017;13472;2644;7894;2934;10739;1505;621;884;1228;633;595;234;110;124;164;83;81;341;149;192;88;33;55;401;258;143;131.0;170.0;25.0;50.0;506.0;416.0;600
8712;Rozenburg;2018;13500;2615;7928;2957;10706;1537;634;903;1257;639;618;242;112;130;162;83;79;339;144;195;96;36;60;418;264;154;127.0;162.0;40.0;41.0;473.0;415.0;600
8713;Rozenburg;2019;13523;2601;7936;2986;10694;1553;641;912;1276;643;633;248;112;136;159;82;77;344;144;200;102;39;63;423;266;157;143.0;180.0;32.0;45.0;497.0;409.0;600
8714;Rozenburg;2020;13560;2607;7919;3034;10695;1566;650;916;1299;649;650;253;113;140;157;82;75;345;143;202;108;41;67;436;270;166;147.0;192.0;19.0;37.0;501.0;416.0;600
8715;Rozenburg;2021;13584;2600;7924;3060;10661;1599;676;923;1324;656;668;259;111;148;159;83;76;343;139;204;114;45;69;449;278;171;150.0;180.0;24.0;35.0;468.0;418.0;600
8716;Rozenburg;2022;13591;2607;7882;3102;10632;1601;674;927;1358;673;685;257;108;149;171;89;82;351;141;210;116;45;71;463;290;173;149.0;176.0;41.0;42.0;451.0;411.0;600
8717;Rozenburg;2023;13603;2617;7843;3143;10618;1603;671;932;1382;686;696;262;114;148;171;88;83;353;139;214;120;45;75;476;300;176;150.0;188.0;30.0;57.0;496.0;416.0;600
8718;Rozenburg;2024;13618;2635;7805;3178;10607;1605;672;933;1406;696;710;264;116;148;172;88;84;355;137;218;124;47;77;491;308;183;145.0;197.0;22.0;29.0;493.0;416.0;600
8719;Rozenburg;2025;13635;2655;7783;3197;10601;1604;669;935;1430;707;723;267;115;152;170;87;83;353;131;222;127;47;80;513;327;186;;;;;;;600
8720;Rozendaal;2006;1642;385;874;383;1375;181;71;110;86;52;34;11;7;4;5;1;4;11;8;3;7;3;4;52;33;19;14.0;21.0;4.0;9.0;201.0;131.0;277
8721;Rozendaal;2007;1700;408;907;385;1414;185;68;117;101;61;40;13;8;5;4;0;4;12;7;5;8;3;5;64;43;21;12.0;26.0;6.0;11.0;202.0;150.0;277
8722;Rozendaal;2008;1732;416;931;385;1425;208;70;138;99;60;39;10;7;3;3;0;3;14;7;7;9;4;5;63;42;21;16.0;29.0;7.0;8.0;206.0;176.0;277
8723;Rozendaal;2009;1748;424;940;384;1426;214;74;140;108;64;44;10;7;3;2;0;2;15;6;9;10;4;6;71;47;24;19.0;28.0;10.0;9.0;203.0;188.0;277
8724;Rozendaal;2010;1758;442;957;359;1437;214;74;140;107;68;39;7;5;2;2;0;2;16;8;8;12;5;7;70;50;20;21.0;23.0;6.0;12.0;209.0;173.0;277
8725;Rozendaal;2011;1786;459;960;367;1454;220;83;137;112;71;41;6;5;1;3;1;2;16;7;9;9;4;5;78;54;24;21.0;30.0;4.0;6.0;206.0;181.0;277
8726;Rozendaal;2012;1800;467;956;377;1454;223;92;131;123;78;45;8;6;2;4;1;3;16;6;10;12;7;5;83;58;25;17.0;17.0;11.0;11.0;204.0;195.0;277
8727;Rozendaal;2013;1809;473;949;387;1449;227;91;136;133;79;54;11;6;5;4;1;3;16;7;9;12;7;5;90;58;32;26.0;31.0;9.0;9.0;207.0;184.0;277
8728;Rozendaal;2014;1827;483;961;383;1456;236;99;137;135;79;56;13;7;6;3;1;2;15;7;8;13;7;6;91;57;34;23.0;25.0;11.0;11.0;204.0;200.0;277
8729;Rozendaal;2015;1829;474;962;393;1439;242;103;139;148;89;59;16;10;6;3;1;2;16;7;9;14;7;7;99;64;35;28.0;29.0;8.0;9.0;202.0;174.0;277
8730;Rozendaal;2016;1854;488;972;394;1446;251;104;147;157;89;68;15;9;6;7;3;4;18;7;11;16;7;9;101;63;38;24.0;24.0;11.0;6.0;209.0;208.0;277
8731;Rozendaal;2017;1859;497;972;390;1444;247;103;144;168;96;72;17;10;7;7;3;4;20;8;12;23;11;12;101;64;37;28.0;27.0;9.0;16.0;205.0;189.0;277
8732;Rozendaal;2018;1869;518;942;409;1450;250;107;143;169;94;75;17;11;6;7;2;5;22;8;14;20;9;11;103;64;39;19.0;23.0;8.0;31.0;207.0;200.0;277
8733;Rozendaal;2019;1850;498;951;401;1420;246;105;141;184;105;79;21;11;10;8;5;3;22;8;14;21;10;11;112;71;41;25.0;32.0;6.0;13.0;209.0;192.0;277
8734;Rozendaal;2020;1852;501;956;395;1427;237;99;138;188;111;77;23;12;11;7;4;3;25;8;17;19;10;9;114;77;37;23.0;33.0;10.0;19.0;200.0;196.0;277
8735;Rozendaal;2021;1836;501;937;398;1419;244;100;144;173;98;75;17;7;10;7;5;2;23;7;16;18;9;9;108;70;38;20.0;24.0;10.0;15.0;206.0;200.0;277
8736;Rozendaal;2022;1833;496;936;401;1413;244;107;137;176;106;70;15;7;8;5;4;1;23;8;15;19;11;8;114;76;38;33.0;27.0;9.0;8.0;202.0;212.0;277
8737;Rozendaal;2023;1831;487;935;409;1412;242;109;133;177;107;70;12;5;7;5;4;1;25;8;17;20;10;10;115;80;35;21.0;32.0;10.0;12.0;210.0;181.0;277
8738;Rozendaal;2024;1847;492;952;403;1417;237;108;129;193;116;77;12;5;7;12;9;3;26;7;19;21;10;11;122;85;37;28.0;27.0;8.0;5.0;207.0;186.0;277
8739;Rozendaal;2025;1872;490;971;411;1424;256;116;140;192;110;82;13;6;7;12;8;4;29;6;23;21;9;12;117;81;36;;;;;;;277
8740;Rucphen;2006;22664;4857;14454;3353;21055;1154;372;782;455;291;164;67;37;30;33;12;21;20;8;12;50;20;30;285;214;71;187.0;202.0;34.0;63.0;605.0;551.0;840
8741;Rucphen;2007;22674;4783;14439;3452;21005;1188;385;803;481;308;173;71;39;32;36;14;22;23;9;14;52;21;31;299;225;74;169.0;213.0;36.0;62.0;582.0;560.0;840
8742;Rucphen;2008;22628;4673;14389;3566;20926;1200;390;810;502;325;177;75;39;36;39;16;23;23;9;14;50;21;29;315;240;75;178.0;236.0;43.0;59.0;579.0;554.0;840
8743;Rucphen;2009;22584;4583;14310;3691;20843;1223;396;827;518;334;184;77;39;38;40;17;23;28;13;15;51;20;31;322;245;77;181.0;230.0;48.0;63.0;567.0;558.0;840
8744;Rucphen;2010;22533;4496;14204;3833;20745;1248;397;851;540;346;194;75;37;38;45;21;24;31;13;18;54;20;34;335;255;80;174.0;239.0;41.0;53.0;593.0;572.0;840
8745;Rucphen;2011;22484;4389;14145;3950;20668;1266;408;858;550;362;188;75;37;38;47;23;24;32;14;18;55;24;31;341;264;77;177.0;240.0;59.0;72.0;583.0;563.0;840
8746;Rucphen;2012;22436;4266;14061;4109;20561;1308;421;887;567;372;195;78;40;38;51;27;24;36;15;21;59;25;34;343;265;78;178.0;243.0;42.0;66.0;591.0;557.0;840
8747;Rucphen;2013;22386;4136;13977;4273;20468;1321;433;888;597;388;209;84;42;42;52;29;23;41;18;23;64;25;39;356;274;82;182.0;260.0;41.0;55.0;601.0;561.0;840
8748;Rucphen;2014;22336;4057;13891;4388;20363;1358;457;901;615;396;219;86;43;43;55;29;26;42;18;24;68;24;44;364;282;82;187.0;273.0;40.0;79.0;626.0;552.0;840
8749;Rucphen;2015;22291;4001;13788;4502;20270;1370;462;908;651;412;239;92;46;46;56;29;27;42;18;24;70;22;48;391;297;94;195.0;265.0;36.0;69.0;605.0;565.0;840
8750;Rucphen;2016;22232;3961;13669;4602;20163;1388;468;920;681;433;248;92;47;45;61;32;29;43;19;24;72;23;49;413;312;101;192.0;278.0;49.0;70.0;609.0;557.0;840
8751;Rucphen;2017;22179;3909;13595;4675;20092;1404;483;921;683;426;257;90;44;46;64;33;31;47;20;27;74;24;50;408;305;103;202.0;282.0;44.0;54.0;591.0;559.0;840
8752;Rucphen;2018;22122;3867;13465;4790;20018;1402;480;922;702;435;267;91;45;46;65;33;32;48;20;28;79;25;54;419;312;107;210.0;278.0;40.0;76.0;612.0;558.0;840
8753;Rucphen;2019;22071;3848;13359;4864;19949;1402;492;910;720;446;274;93;47;46;69;36;33;52;22;30;80;25;55;426;316;110;213.0;293.0;41.0;63.0;613.0;558.0;840
8754;Rucphen;2020;22026;3824;13244;4958;19869;1425;506;919;732;449;283;92;47;45;71;35;36;53;21;32;80;24;56;436;322;114;210.0;296.0;40.0;54.0;615.0;554.0;840
8755;Rucphen;2021;21988;3784;13187;5017;19783;1448;514;934;757;465;292;93;49;44;72;36;36;52;19;33;85;27;58;455;334;121;212.0;299.0;47.0;70.0;615.0;552.0;840
8756;Rucphen;2022;21940;3804;13030;5106;19706;1456;523;933;778;467;311;92;50;42;76;38;38;54;18;36;93;28;65;463;333;130;211.0;298.0;40.0;53.0;600.0;549.0;840
8757;Rucphen;2023;21891;3812;12904;5175;19624;1478;532;946;789;471;318;95;52;43;73;39;34;56;16;40;100;30;70;465;334;131;221.0;298.0;57.0;59.0;583.0;549.0;840
8758;Rucphen;2024;21849;3827;12770;5252;19530;1501;537;964;818;492;326;95;51;44;77;44;33;57;15;42;102;29;73;487;353;134;227.0;306.0;48.0;56.0;579.0;539.0;840
8759;Rucphen;2025;21805;3878;12568;5359;19461;1502;550;952;842;506;336;98;53;45;81;49;32;59;14;45;104;30;74;500;360;140;;;;;;;840
8760;Sassenheim;2006;14912;3712;8845;2355;12961;1177;505;672;774;455;319;95;49;46;45;23;22;74;41;33;164;86;78;396;256;140;146.0;139.0;36.0;63.0;736.0;681.0;604
8761;Sassenheim;2007;14953;3636;8926;2391;12936;1219;528;691;798;472;326;104;51;53;47;25;22;80;44;36;163;87;76;404;265;139;133.0;124.0;46.0;65.0;752.0;692.0;604
8762;Sassenheim;2008;15008;3597;8994;2417;12921;1250;533;717;837;496;341;108;53;55;46;24;22;81;44;37;169;87;82;433;288;145;147.0;140.0;64.0;71.0;788.0;713.0;604
8763;Sassenheim;2009;15082;3584;9061;2437;12910;1309;558;751;863;511;352;117;59;58;47;25;22;81;44;37;175;89;86;443;294;149;135.0;148.0;63.0;77.0;807.0;722.0;604
8764;Sassenheim;2010;15145;3543;9099;2503;12923;1356;582;774;866;513;353;119;60;59;51;28;23;79;43;36;170;86;84;447;296;151;151.0;144.0;51.0;72.0;786.0;718.0;604
8765;Sassenheim;2011;15198;3504;9166;2528;12953;1395;600;795;850;498;352;124;59;65;51;28;23;77;42;35;161;81;80;437;288;149;148.0;161.0;59.0;71.0;802.0;724.0;604
8766;Sassenheim;2012;15256;3479;9145;2632;12949;1426;614;812;881;509;372;124;53;71;50;25;25;77;42;35;164;83;81;466;306;160;141.0;153.0;70.0;78.0;840.0;748.0;604
8767;Sassenheim;2013;15330;3440;9146;2744;12917;1498;652;846;915;525;390;134;59;75;51;26;25;80;44;36;165;82;83;485;314;171;157.0;144.0;73.0;64.0;824.0;762.0;604
8768;Sassenheim;2014;15415;3441;9194;2780;12909;1548;668;880;958;538;420;153;67;86;52;28;24;85;44;41;169;78;91;499;321;178;155.0;158.0;55.0;67.0;830.0;753.0;604
8769;Sassenheim;2015;15476;3428;9214;2834;12928;1581;686;895;967;540;427;157;71;86;55;29;26;86;44;42;170;76;94;499;320;179;161.0;157.0;75.0;64.0;821.0;758.0;604
8770;Sassenheim;2016;15554;3438;9190;2926;12917;1636;715;921;1001;548;453;170;74;96;55;29;26;91;45;46;171;74;97;514;326;188;161.0;164.0;69.0;79.0;847.0;764.0;604
8771;Sassenheim;2017;15629;3441;9200;2988;12900;1686;739;947;1043;572;471;178;74;104;64;35;29;89;46;43;170;70;100;542;347;195;166.0;157.0;73.0;75.0;814.0;769.0;604
8772;Sassenheim;2018;15683;3452;9207;3024;12889;1712;755;957;1082;592;490;187;74;113;68;39;29;92;45;47;170;67;103;565;367;198;191.0;167.0;70.0;75.0;816.0;771.0;604
8773;Sassenheim;2019;15751;3466;9225;3060;12899;1746;779;967;1106;597;509;191;75;116;71;41;30;93;44;49;172;64;108;579;373;206;183.0;165.0;81.0;87.0;833.0;782.0;604
8774;Sassenheim;2020;15819;3467;9232;3120;12897;1793;806;987;1129;606;523;195;76;119;74;42;32;98;45;53;168;60;108;594;383;211;187.0;159.0;62.0;84.0;822.0;782.0;604
8775;Sassenheim;2021;15869;3467;9223;3179;12885;1817;817;1000;1167;616;551;202;75;127;74;43;31;97;44;53;176;64;112;618;390;228;186.0;163.0;77.0;91.0;845.0;788.0;604
8776;Sassenheim;2022;15936;3460;9236;3240;12880;1863;852;1011;1193;631;562;211;78;133;75;44;31;99;44;55;180;64;116;628;401;227;198.0;174.0;80.0;82.0;827.0;790.0;604
8777;Sassenheim;2023;15995;3469;9228;3298;12848;1890;874;1016;1257;669;588;222;80;142;82;48;34;101;46;55;182;65;117;670;430;240;195.0;165.0;80.0;73.0;805.0;796.0;604
8778;Sassenheim;2024;16046;3503;9215;3328;12820;1939;900;1039;1287;681;606;231;83;148;78;46;32;104;49;55;182;65;117;692;438;254;197.0;180.0;76.0;89.0;824.0;785.0;604
8779;Sassenheim;2025;16087;3568;9157;3362;12814;1965;918;1047;1308;698;610;232;82;150;81;49;32;104;48;56;180;66;114;711;453;258;;;;;;;604
8780;Schagen;2006;18866;4336;11675;2855;16217;1528;596;932;1121;778;343;157;74;83;100;45;55;57;35;22;26;12;14;781;612;169;180.0;193.0;110.0;73.0;799.0;689.0;441
8781;Schagen;2007;19002;4311;11734;2957;16330;1539;603;936;1133;779;354;161;77;84;104;49;55;61;36;25;30;13;17;777;604;173;192.0;210.0;117.0;65.0;726.0;684.0;441
8782;Schagen;2008;19080;4302;11745;3033;16354;1572;614;958;1154;788;366;169;78;91;111;59;52;67;41;26;37;19;18;770;591;179;183.0;193.0;136.0;74.0;703.0;685.0;441
8783;Schagen;2009;19155;4302;11697;3156;16360;1616;637;979;1179;802;377;169;78;91;118;67;51;69;40;29;42;20;22;781;597;184;184.0;207.0;154.0;73.0;675.0;683.0;441
8784;Schagen;2010;19207;4286;11647;3274;16344;1650;671;979;1213;832;381;174;82;92;140;87;53;70;40;30;48;21;27;781;602;179;182.0;196.0;168.0;61.0;646.0;688.0;441
8785;Schagen;2011;19266;4259;11635;3372;16306;1717;706;1011;1243;842;401;184;83;101;156;104;52;76;43;33;55;24;31;772;588;184;180.0;203.0;178.0;66.0;655.0;693.0;441
8786;Schagen;2012;19318;4251;11466;3601;16260;1798;762;1036;1260;844;416;183;82;101;168;116;52;85;48;37;59;22;37;765;576;189;173.0;211.0;188.0;82.0;662.0;682.0;441
8787;Schagen;2013;19368;4253;11341;3774;16211;1870;822;1048;1287;858;429;186;83;103;180;128;52;88;48;40;63;22;41;770;577;193;171.0;207.0;199.0;75.0;646.0;681.0;441
8788;Schagen;2014;19422;4220;11300;3902;16154;1944;880;1064;1324;885;439;188;83;105;190;142;48;91;48;43;68;24;44;787;588;199;173.0;217.0;198.0;77.0;667.0;694.0;441
8789;Schagen;2015;19476;4242;11199;4035;16101;2009;923;1086;1366;911;455;188;81;107;203;156;47;97;51;46;75;24;51;803;599;204;176.0;224.0;211.0;85.0;662.0;692.0;441
8790;Schagen;2016;19528;4246;11136;4146;16037;2082;977;1105;1409;928;481;193;80;113;212;166;46;93;50;43;82;25;57;829;607;222;174.0;213.0;202.0;80.0;654.0;688.0;441
8791;Schagen;2017;19578;4256;11079;4243;15982;2154;1031;1123;1442;942;500;199;82;117;225;175;50;96;49;47;83;28;55;839;608;231;179.0;224.0;205.0;85.0;664.0;700.0;441
8792;Schagen;2018;19621;4245;11044;4332;15948;2205;1059;1146;1468;952;516;201;84;117;230;180;50;96;48;48;96;35;61;845;605;240;187.0;234.0;216.0;78.0;654.0;691.0;441
8793;Schagen;2019;19676;4239;11031;4406;15858;2295;1129;1166;1523;996;527;202;85;117;239;193;46;100;49;51;101;35;66;881;634;247;190.0;256.0;207.0;95.0;696.0;706.0;441
8794;Schagen;2020;19715;4265;10987;4463;15778;2378;1183;1195;1559;1005;554;209;88;121;252;204;48;100;48;52;108;38;70;890;627;263;171.0;242.0;239.0;102.0;677.0;700.0;441
8795;Schagen;2021;19760;4258;10982;4520;15682;2459;1235;1224;1619;1048;571;212;89;123;282;231;51;103;48;55;108;37;71;914;643;271;201.0;251.0;232.0;85.0;638.0;698.0;441
8796;Schagen;2022;19801;4306;10952;4543;15594;2538;1296;1242;1669;1069;600;211;91;120;305;249;56;104;48;56;108;39;69;941;642;299;199.0;258.0;197.0;96.0;706.0;697.0;441
8797;Schagen;2023;19854;4335;10923;4596;15558;2593;1334;1259;1703;1074;629;211;94;117;321;265;56;112;51;61;116;39;77;943;625;318;198.0;275.0;200.0;76.0;698.0;709.0;441
8798;Schagen;2024;19890;4395;10864;4631;15475;2646;1375;1271;1769;1118;651;208;100;108;343;286;57;121;54;67;123;42;81;974;636;338;200.0;254.0;214.0;104.0;690.0;723.0;441
8799;Schagen;2025;19920;4407;10847;4666;15390;2729;1424;1305;1801;1131;670;203;99;104;339;284;55;125;56;69;131;45;86;1003;647;356;;;;;;;441
8800;Scheemda;2006;14209;3400;8685;2124;13263;739;253;486;207;146;61;29;14;15;11;5;6;3;0;3;4;4;0;160;123;37;137.0;120.0;43.0;31.0;482.0;576.0;39
8801;Scheemda;2007;14145;3346;8653;2146;13162;767;266;501;216;155;61;32;15;17;15;8;7;3;0;3;4;3;1;162;129;33;130.0;128.0;39.0;38.0;490.0;571.0;39
8802;Scheemda;2008;14066;3281;8614;2171;13075;749;269;480;242;178;64;34;17;17;14;8;6;3;0;3;5;3;2;186;150;36;125.0;133.0;34.0;36.0;491.0;572.0;39
8803;Scheemda;2009;13980;3214;8557;2209;12956;771;286;485;253;185;68;39;20;19;14;5;9;3;0;3;5;3;2;192;157;35;118.0;125.0;44.0;32.0;494.0;580.0;39
8804;Scheemda;2010;13901;3144;8498;2259;12854;783;295;488;264;184;80;42;20;22;14;5;9;4;1;3;5;3;2;199;155;44;115.0;119.0;42.0;31.0;486.0;572.0;39
8805;Scheemda;2011;13823;3068;8442;2313;12726;798;308;490;299;203;96;49;22;27;17;9;8;5;1;4;6;3;3;222;168;54;121.0;122.0;50.0;34.0;486.0;580.0;39
8806;Scheemda;2012;13744;2997;8313;2434;12622;815;323;492;307;208;99;49;24;25;19;11;8;8;3;5;5;3;2;226;167;59;122.0;133.0;48.0;42.0;502.0;582.0;39
8807;Scheemda;2013;13661;2952;8195;2514;12506;832;332;500;323;218;105;49;23;26;18;10;8;9;3;6;7;4;3;240;178;62;122.0;136.0;48.0;35.0;488.0;570.0;39
8808;Scheemda;2014;13582;2921;8087;2574;12397;838;347;491;347;231;116;48;22;26;26;15;11;9;3;6;7;4;3;257;187;70;119.0;117.0;52.0;41.0;488.0;569.0;39
8809;Scheemda;2015;13514;2890;7952;2672;12283;873;368;505;358;231;127;48;22;26;29;16;13;9;3;6;7;4;3;265;186;79;122.0;118.0;50.0;48.0;504.0;574.0;39
8810;Scheemda;2016;13450;2833;7873;2744;12182;888;388;500;380;247;133;52;24;28;31;19;12;11;4;7;9;4;5;277;196;81;128.0;135.0;52.0;56.0;507.0;567.0;39
8811;Scheemda;2017;13382;2786;7779;2817;12085;901;402;499;396;259;137;58;26;32;33;21;12;11;4;7;9;4;5;285;204;81;134.0;129.0;54.0;43.0;473.0;562.0;39
8812;Scheemda;2018;13316;2774;7669;2873;11990;918;417;501;408;261;147;54;24;30;31;19;12;13;5;8;12;4;8;298;209;89;125.0;138.0;34.0;49.0;517.0;563.0;39
8813;Scheemda;2019;13243;2747;7576;2920;11901;916;422;494;426;271;155;55;23;32;37;25;12;13;4;9;11;4;7;310;215;95;125.0;117.0;45.0;43.0;491.0;556.0;39
8814;Scheemda;2020;13189;2691;7506;2992;11807;931;437;494;451;293;158;59;26;33;41;28;13;11;4;7;13;4;9;327;231;96;155.0;147.0;47.0;45.0;487.0;551.0;39
8815;Scheemda;2021;13136;2681;7395;3060;11700;962;448;514;474;297;177;63;25;38;43;29;14;11;4;7;15;4;11;342;235;107;136.0;133.0;46.0;26.0;479.0;563.0;39
8816;Scheemda;2022;13077;2678;7277;3122;11604;974;459;515;499;312;187;69;28;41;46;31;15;14;4;10;17;5;12;353;244;109;133.0;141.0;54.0;46.0;503.0;566.0;39
8817;Scheemda;2023;13020;2658;7191;3171;11529;990;471;519;501;315;186;70;27;43;44;32;12;14;4;10;17;5;12;356;247;109;138.0;127.0;47.0;46.0;495.0;563.0;39
8818;Scheemda;2024;12967;2647;7100;3220;11447;1005;474;531;515;325;190;69;25;44;43;31;12;14;4;10;17;5;12;372;260;112;145.0;140.0;49.0;41.0;488.0;547.0;39
8819;Scheemda;2025;12922;2653;7016;3253;11361;1017;489;528;544;345;199;69;26;43;44;32;12;17;4;13;18;6;12;396;277;119;;;;;;;39
8820;Schermer;2006;4991;1309;2994;688;4612;264;92;172;115;77;38;13;7;6;17;9;8;7;4;3;6;6;0;72;51;21;68.0;41.0;8.0;27.0;216.0;189.0;458
8821;Schermer;2007;5028;1300;3004;724;4585;304;112;192;139;96;43;17;10;7;18;10;8;10;6;4;8;8;0;86;62;24;49.0;47.0;12.0;25.0;210.0;198.0;458
8822;Schermer;2008;5030;1257;3005;768;4538;321;129;192;171;122;49;20;13;7;21;11;10;13;8;5;11;10;1;106;80;26;54.0;35.0;15.0;18.0;219.0;207.0;458
8823;Schermer;2009;5058;1236;3007;815;4510;357;144;213;191;136;55;24;17;7;23;11;12;14;9;5;13;10;3;117;89;28;48.0;46.0;10.0;26.0;213.0;205.0;458
8824;Schermer;2010;5052;1217;2983;852;4450;393;156;237;209;149;60;24;17;7;24;11;13;17;10;7;14;10;4;130;101;29;60.0;53.0;15.0;27.0;213.0;208.0;458
8825;Schermer;2011;5052;1195;2951;906;4417;411;171;240;224;154;70;32;21;11;24;11;13;19;11;8;18;11;7;131;100;31;55.0;46.0;17.0;18.0;222.0;200.0;458
8826;Schermer;2012;5082;1161;2941;980;4402;434;178;256;246;160;86;39;22;17;25;11;14;21;12;9;21;9;12;140;106;34;56.0;53.0;18.0;17.0;214.0;195.0;458
8827;Schermer;2013;5104;1140;2921;1043;4371;461;191;270;272;178;94;42;25;17;27;13;14;22;12;10;21;9;12;160;119;41;46.0;52.0;16.0;29.0;224.0;210.0;458
8828;Schermer;2014;5100;1115;2905;1080;4327;479;206;273;294;187;107;49;28;21;27;13;14;24;14;10;27;11;16;167;121;46;57.0;63.0;18.0;21.0;213.0;209.0;458
8829;Schermer;2015;5097;1094;2890;1113;4286;494;214;280;317;204;113;50;28;22;29;16;13;27;16;11;32;14;18;179;130;49;47.0;61.0;18.0;18.0;219.0;210.0;458
8830;Schermer;2016;5092;1085;2875;1132;4248;505;218;287;339;213;126;61;32;29;30;18;12;27;16;11;36;15;21;185;132;53;56.0;62.0;16.0;22.0;220.0;207.0;458
8831;Schermer;2017;5094;1084;2854;1156;4202;538;230;308;354;216;138;65;36;29;31;18;13;30;17;13;40;16;24;188;129;59;52.0;63.0;24.0;26.0;221.0;215.0;458
8832;Schermer;2018;5087;1066;2848;1173;4164;559;240;319;364;225;139;65;37;28;30;18;12;31;18;13;40;17;23;198;135;63;58.0;61.0;29.0;25.0;215.0;208.0;458
8833;Schermer;2019;5098;1074;2823;1201;4122;590;251;339;386;233;153;64;36;28;34;21;13;35;18;17;44;19;25;209;139;70;52.0;77.0;27.0;24.0;223.0;212.0;458
8834;Schermer;2020;5088;1069;2808;1211;4076;612;255;357;400;243;157;64;35;29;35;23;12;38;18;20;45;20;25;218;147;71;59.0;64.0;18.0;30.0;224.0;212.0;458
8835;Schermer;2021;5084;1071;2775;1238;4035;631;263;368;418;248;170;64;35;29;39;26;13;39;18;21;48;19;29;228;150;78;55.0;65.0;20.0;26.0;223.0;215.0;458
8836;Schermer;2022;5076;1049;2763;1264;3983;665;280;385;428;244;184;71;36;35;35;24;11;38;17;21;46;15;31;238;152;86;50.0;74.0;27.0;20.0;226.0;208.0;458
8837;Schermer;2023;5077;1047;2732;1298;3942;693;303;390;442;249;193;68;33;35;31;22;9;36;17;19;51;14;37;256;163;93;61.0;76.0;15.0;26.0;220.0;206.0;458
8838;Schermer;2024;5067;1041;2701;1325;3913;702;308;394;452;252;200;70;35;35;38;25;13;31;15;16;52;13;39;261;164;97;59.0;81.0;26.0;28.0;219.0;214.0;458
8839;Schermer;2025;5048;1053;2647;1348;3863;718;318;400;467;260;207;74;34;40;37;24;13;32;16;16;61;15;46;263;171;92;;;;;;;458
8840;Scherpenzeel;2006;9066;2629;5236;1201;8472;381;134;247;213;116;97;16;3;13;18;10;8;9;3;6;45;22;23;125;78;47;132.0;65.0;29.0;28.0;273.0;315.0;279
8841;Scherpenzeel;2007;9094;2617;5247;1230;8445;406;142;264;243;132;111;20;6;14;23;12;11;12;4;8;44;21;23;144;89;55;131.0;64.0;27.0;25.0;261.0;317.0;279
8842;Scherpenzeel;2008;9109;2622;5212;1275;8403;434;151;283;272;155;117;21;8;13;29;16;13;14;3;11;43;20;23;165;108;57;124.0;71.0;37.0;34.0;265.0;320.0;279
8843;Scherpenzeel;2009;9109;2612;5161;1336;8356;447;161;286;306;180;126;22;9;13;35;20;15;21;8;13;43;19;24;185;124;61;120.0;77.0;34.0;24.0;273.0;327.0;279
8844;Scherpenzeel;2010;9108;2580;5143;1385;8313;460;159;301;335;193;142;29;11;18;39;25;14;24;8;16;43;18;25;200;131;69;114.0;66.0;36.0;35.0;267.0;316.0;279
8845;Scherpenzeel;2011;9108;2556;5102;1450;8261;484;169;315;363;204;159;33;12;21;45;30;15;26;8;18;43;17;26;216;137;79;118.0;72.0;42.0;25.0;267.0;320.0;279
8846;Scherpenzeel;2012;9116;2553;5029;1534;8222;506;184;322;388;220;168;34;12;22;51;34;17;29;11;18;40;16;24;234;147;87;111.0;77.0;42.0;32.0;279.0;323.0;279
8847;Scherpenzeel;2013;9117;2520;4981;1616;8180;529;196;333;408;235;173;36;13;23;59;41;18;34;15;19;36;17;19;243;149;94;121.0;88.0;63.0;33.0;271.0;333.0;279
8848;Scherpenzeel;2014;9117;2529;4920;1668;8135;550;210;340;432;253;179;38;14;24;69;50;19;37;16;21;37;17;20;251;156;95;105.0;76.0;54.0;47.0;286.0;327.0;279
8849;Scherpenzeel;2015;9110;2516;4894;1700;8073;572;231;341;465;271;194;37;14;23;78;58;20;47;18;29;39;18;21;264;163;101;123.0;79.0;62.0;34.0;255.0;328.0;279
8850;Scherpenzeel;2016;9111;2529;4849;1733;8026;598;247;351;487;280;207;34;13;21;93;72;21;49;18;31;35;17;18;276;160;116;118.0;81.0;59.0;36.0;271.0;329.0;279
8851;Scherpenzeel;2017;9113;2530;4801;1782;7991;604;253;351;518;299;219;41;16;25;105;84;21;51;19;32;36;16;20;285;164;121;108.0;89.0;56.0;30.0;272.0;328.0;279
8852;Scherpenzeel;2018;9102;2516;4766;1820;7937;621;270;351;544;314;230;38;14;24;115;93;22;55;21;34;36;16;20;300;170;130;102.0;81.0;53.0;32.0;282.0;329.0;279
8853;Scherpenzeel;2019;9099;2512;4728;1859;7876;642;280;362;581;334;247;39;13;26;126;103;23;59;23;36;40;15;25;317;180;137;115.0;86.0;51.0;37.0;289.0;333.0;279
8854;Scherpenzeel;2020;9100;2490;4742;1868;7817;685;299;386;598;344;254;42;17;25;126;103;23;62;25;37;41;16;25;327;183;144;103.0;90.0;53.0;43.0;310.0;338.0;279
8855;Scherpenzeel;2021;9098;2450;4767;1881;7769;689;294;395;640;366;274;44;17;27;135;112;23;66;26;40;44;16;28;351;195;156;102.0;95.0;63.0;43.0;280.0;323.0;279
8856;Scherpenzeel;2022;9082;2425;4760;1897;7704;718;303;415;660;371;289;50;19;31;132;110;22;70;28;42;47;16;31;361;198;163;120.0;97.0;48.0;38.0;280.0;330.0;279
8857;Scherpenzeel;2023;9068;2406;4757;1905;7651;743;314;429;674;374;300;51;19;32;131;107;24;71;28;43;48;15;33;373;205;168;103.0;106.0;58.0;42.0;299.0;332.0;279
8858;Scherpenzeel;2024;9048;2405;4731;1912;7606;751;320;431;691;382;309;55;20;35;133;109;24;70;27;43;48;15;33;385;211;174;105.0;95.0;49.0;38.0;289.0;324.0;279
8859;Scherpenzeel;2025;9037;2394;4721;1922;7552;769;331;438;716;398;318;59;22;37;133;109;24;73;30;43;51;15;36;400;222;178;;;;;;;279
8860;Schiedam;2006;74613;17834;45502;11277;51296;5773;2540;3233;17544;9582;7962;2568;1377;1191;1643;1103;540;6801;3340;3461;1864;889;975;4668;2873;1795;907.0;788.0;412.0;666.0;3544.0;3710.0;606
8861;Schiedam;2007;74318;17908;45353;11057;50738;5732;2484;3248;17848;9349;8499;2646;1359;1287;1643;1051;592;6902;3303;3599;1986;904;1082;4671;2732;1939;856.0;767.0;449.0;680.0;3506.0;3680.0;606
8862;Schiedam;2008;74009;17951;45143;10915;50206;5682;2419;3263;18121;9177;8944;2737;1369;1368;1673;1019;654;6956;3249;3707;2083;920;1163;4672;2620;2052;846.0;783.0;438.0;645.0;3462.0;3631.0;606
8863;Schiedam;2009;73702;17956;44910;10836;49663;5658;2376;3282;18381;9005;9376;2809;1370;1439;1713;1002;711;7005;3188;3817;2183;929;1254;4671;2516;2155;846.0;747.0;425.0;619.0;3424.0;3596.0;606
8864;Schiedam;2010;73438;17943;44685;10810;49150;5654;2351;3303;18634;8833;9801;2857;1354;1503;1771;997;774;7047;3132;3915;2298;930;1368;4661;2420;2241;821.0;741.0;436.0;598.0;3434.0;3600.0;606
8865;Schiedam;2011;73192;17833;44683;10676;48668;5632;2340;3292;18892;8681;10211;2901;1346;1555;1800;971;829;7132;3107;4025;2398;927;1471;4661;2330;2331;783.0;747.0;425.0;599.0;3468.0;3568.0;606
8866;Schiedam;2012;72957;17728;44229;11000;48210;5628;2321;3307;19119;8537;10582;2961;1342;1619;1847;965;882;7173;3063;4110;2512;934;1578;4626;2233;2393;803.0;742.0;435.0;567.0;3426.0;3562.0;606
8867;Schiedam;2013;72751;17606;43843;11302;47783;5647;2331;3316;19321;8397;10924;3000;1313;1687;1903;966;937;7193;3007;4186;2621;942;1679;4604;2169;2435;826.0;706.0;387.0;570.0;3399.0;3534.0;606
8868;Schiedam;2014;72555;17548;43549;11458;47383;5658;2312;3346;19514;8244;11270;3033;1296;1737;1946;959;987;7236;2955;4281;2718;947;1771;4581;2087;2494;760.0;728.0;417.0;564.0;3436.0;3496.0;606
8869;Schiedam;2015;72386;17430;43419;11537;47007;5662;2294;3368;19717;8107;11610;3053;1273;1780;1986;940;1046;7281;2917;4364;2824;948;1876;4573;2029;2544;770.0;711.0;395.0;514.0;3383.0;3495.0;606
8870;Schiedam;2016;72216;17352;43177;11687;46646;5661;2303;3358;19909;7989;11920;3075;1260;1815;2019;911;1108;7333;2908;4425;2910;951;1959;4572;1959;2613;758.0;721.0;365.0;524.0;3415.0;3474.0;606
8871;Schiedam;2017;72040;17307;42968;11765;46304;5670;2298;3372;20066;7851;12215;3098;1249;1849;2043;882;1161;7373;2891;4482;2985;938;2047;4567;1891;2676;761.0;698.0;376.0;474.0;3385.0;3466.0;606
8872;Schiedam;2018;71928;17192;42847;11889;46020;5734;2317;3417;20174;7736;12438;3121;1230;1891;2045;851;1194;7392;2860;4532;3068;943;2125;4548;1852;2696;758.0;713.0;328.0;507.0;3471.0;3440.0;606
8873;Schiedam;2019;71829;17092;42709;12028;45765;5776;2305;3471;20288;7600;12688;3127;1214;1913;2036;822;1214;7435;2825;4610;3145;945;2200;4545;1794;2751;767.0;708.0;320.0;451.0;3415.0;3440.0;606
8874;Schiedam;2020;71737;16939;42618;12180;45566;5742;2279;3463;20429;7542;12887;3172;1228;1944;2050;819;1231;7451;2790;4661;3220;951;2269;4536;1754;2782;751.0;694.0;292.0;442.0;3471.0;3438.0;606
8875;Schiedam;2021;71681;16848;42503;12330;45451;5699;2243;3456;20531;7446;13085;3208;1241;1967;2045;783;1262;7482;2754;4728;3282;949;2333;4514;1719;2795;785.0;704.0;317.0;464.0;3471.0;3453.0;606
8876;Schiedam;2022;71642;16690;42419;12533;45262;5732;2238;3494;20648;7369;13279;3186;1220;1966;2087;777;1310;7524;2729;4795;3363;954;2409;4488;1689;2799;770.0;699.0;299.0;473.0;3496.0;3436.0;606
8877;Schiedam;2023;71602;16557;42392;12653;45096;5766;2217;3549;20740;7247;13493;3176;1205;1971;2114;743;1371;7576;2693;4883;3425;955;2470;4449;1651;2798;763.0;720.0;290.0;402.0;3483.0;3446.0;606
8878;Schiedam;2024;71579;16417;42307;12855;44984;5767;2229;3538;20828;7153;13675;3174;1189;1985;2133;724;1409;7603;2657;4946;3507;966;2541;4411;1617;2794;789.0;697.0;292.0;426.0;3466.0;3447.0;606
8879;Schiedam;2025;71563;16266;42228;13069;44892;5784;2217;3567;20887;7053;13834;3166;1174;1992;2152;708;1444;7612;2639;4973;3580;965;2615;4377;1567;2810;;;;;;;606
8880;Schiermonnikoog;2006;1018;217;606;195;945;57;27;30;16;10;6;1;0;1;4;2;2;1;1;0;0;0;0;10;7;3;14.0;13.0;7.0;0.0;100.0;103.0;88
8881;Schiermonnikoog;2007;1024;221;611;192;948;59;28;31;17;11;6;1;0;1;4;2;2;1;1;0;0;0;0;11;8;3;15.0;11.0;5.0;3.0;104.0;103.0;88
8882;Schiermonnikoog;2008;1031;230;607;194;939;67;36;31;25;18;7;1;0;1;6;4;2;1;1;0;1;0;1;16;13;3;11.0;14.0;12.0;2.0;106.0;109.0;88
8883;Schiermonnikoog;2009;1035;247;594;194;937;71;40;31;27;22;5;1;0;1;7;5;2;1;1;0;0;0;0;18;16;2;10.0;14.0;21.0;5.0;100.0;111.0;88
8884;Schiermonnikoog;2010;1037;260;589;188;926;79;45;34;32;26;6;2;0;2;9;7;2;1;1;0;1;0;1;19;18;1;11.0;15.0;24.0;2.0;109.0;113.0;88
8885;Schiermonnikoog;2011;1050;268;585;197;927;92;52;40;31;23;8;2;0;2;7;5;2;1;1;0;1;0;1;20;17;3;18.0;12.0;19.0;5.0;101.0;113.0;88
8886;Schiermonnikoog;2012;1059;282;571;206;935;96;52;44;28;22;6;2;0;2;5;3;2;2;2;0;0;0;0;19;17;2;15.0;12.0;16.0;5.0;107.0;116.0;88
8887;Schiermonnikoog;2013;1065;300;553;212;924;109;65;44;32;24;8;2;0;2;4;3;1;2;2;0;0;0;0;24;19;5;14.0;12.0;19.0;3.0;102.0;119.0;88
8888;Schiermonnikoog;2014;1066;309;547;210;914;113;73;40;39;29;10;2;0;2;7;5;2;2;2;0;1;0;1;27;22;5;13.0;9.0;21.0;3.0;104.0;121.0;88
8889;Schiermonnikoog;2015;1071;314;556;201;911;108;69;39;52;38;14;5;3;2;8;4;4;3;2;1;1;0;1;35;29;6;16.0;8.0;14.0;3.0;105.0;121.0;88
8890;Schiermonnikoog;2016;1074;313;559;202;896;119;74;45;59;43;16;5;3;2;12;8;4;3;2;1;1;0;1;38;30;8;18.0;10.0;22.0;7.0;106.0;126.0;88
8891;Schiermonnikoog;2017;1078;326;567;185;899;121;76;45;58;41;17;5;3;2;9;4;5;3;2;1;1;0;1;40;32;8;16.0;13.0;20.0;5.0;102.0;122.0;88
8892;Schiermonnikoog;2018;1076;339;541;196;884;129;75;54;63;43;20;4;2;2;12;7;5;3;2;1;2;0;2;42;32;10;17.0;11.0;14.0;9.0;107.0;121.0;88
8893;Schiermonnikoog;2019;1073;328;546;199;881;130;74;56;62;44;18;4;2;2;9;5;4;3;2;1;1;0;1;45;35;10;11.0;16.0;20.0;6.0;110.0;122.0;88
8894;Schiermonnikoog;2020;1071;321;552;198;869;139;84;55;63;43;20;5;2;3;8;4;4;3;2;1;1;0;1;46;35;11;16.0;17.0;12.0;7.0;118.0;128.0;88
8895;Schiermonnikoog;2021;1066;312;556;198;864;139;82;57;63;41;22;5;2;3;9;4;5;4;2;2;1;0;1;44;33;11;15.0;12.0;14.0;2.0;106.0;120.0;88
8896;Schiermonnikoog;2022;1067;317;564;186;852;151;88;63;64;43;21;4;2;2;8;3;5;4;2;2;1;0;1;47;36;11;14.0;9.0;19.0;2.0;112.0;138.0;88
8897;Schiermonnikoog;2023;1063;313;552;198;852;144;84;60;67;46;21;4;2;2;10;6;4;3;1;2;2;0;2;48;37;11;20.0;12.0;14.0;4.0;108.0;120.0;88
8898;Schiermonnikoog;2024;1069;316;552;201;844;155;91;64;70;47;23;7;3;4;8;5;3;2;1;1;2;0;2;51;38;13;12.0;13.0;17.0;2.0;105.0;121.0;88
8899;Schiermonnikoog;2025;1068;321;544;203;840;154;89;65;74;52;22;6;3;3;10;7;3;3;2;1;1;0;1;54;40;14;;;;;;;88
8900;Schijndel;2006;23298;5966;14245;3087;21316;1218;566;652;764;522;242;110;65;45;38;17;21;36;19;17;88;40;48;492;381;111;247.0;193.0;59.0;81.0;525.0;661.0;844
8901;Schijndel;2007;23201;5854;14208;3139;21219;1215;568;647;767;518;249;110;64;46;41;21;20;38;19;19;92;40;52;486;374;112;244.0;188.0;51.0;76.0;506.0;643.0;844
8902;Schijndel;2008;23102;5767;14107;3228;21106;1233;564;669;763;513;250;106;61;45;44;23;21;37;18;19;91;42;49;485;369;116;239.0;185.0;71.0;71.0;485.0;655.0;844
8903;Schijndel;2009;22990;5665;14013;3312;20989;1267;584;683;734;489;245;96;59;37;44;23;21;37;19;18;93;43;50;464;345;119;245.0;194.0;61.0;78.0;511.0;648.0;844
8904;Schijndel;2010;22892;5567;13927;3398;20899;1271;572;699;722;472;250;92;56;36;49;27;22;36;19;17;94;43;51;451;327;124;231.0;192.0;67.0;64.0;503.0;642.0;844
8905;Schijndel;2011;22798;5473;13806;3519;20774;1303;585;718;721;471;250;90;53;37;48;28;20;35;18;17;97;44;53;451;328;123;227.0;195.0;43.0;61.0;511.0;637.0;844
8906;Schijndel;2012;22689;5389;13652;3648;20658;1312;596;716;719;462;257;90;53;37;53;30;23;38;20;18;96;43;53;442;316;126;221.0;205.0;45.0;71.0;521.0;621.0;844
8907;Schijndel;2013;22582;5305;13500;3777;20523;1333;595;738;726;464;262;90;54;36;57;33;24;40;20;20;96;43;53;443;314;129;219.0;220.0;62.0;78.0;533.0;625.0;844
8908;Schijndel;2014;22476;5230;13356;3890;20391;1343;603;740;742;473;269;87;52;35;59;35;24;46;22;24;96;43;53;454;321;133;215.0;215.0;54.0;66.0;524.0;618.0;844
8909;Schijndel;2015;22372;5137;13176;4059;20289;1333;590;743;750;476;274;84;50;34;61;37;24;48;23;25;102;46;56;455;320;135;218.0;225.0;48.0;65.0;531.0;614.0;844
8910;Schijndel;2016;22270;5067;13010;4193;20190;1328;589;739;752;470;282;85;49;36;66;40;26;49;24;25;106;47;59;446;310;136;228.0;223.0;41.0;73.0;538.0;612.0;844
8911;Schijndel;2017;22170;5006;12848;4316;20090;1328;584;744;752;462;290;83;48;35;71;42;29;49;24;25;111;48;63;438;300;138;217.0;242.0;41.0;75.0;561.0;606.0;844
8912;Schijndel;2018;22065;4925;12722;4418;19985;1328;590;738;752;458;294;77;45;32;69;42;27;47;23;24;111;46;65;448;302;146;207.0;232.0;48.0;54.0;539.0;612.0;844
8913;Schijndel;2019;21963;4838;12585;4540;19875;1349;604;745;739;442;297;76;45;31;64;39;25;52;25;27;113;45;68;434;288;146;207.0;234.0;47.0;69.0;547.0;600.0;844
8914;Schijndel;2020;21863;4779;12443;4641;19747;1366;608;758;750;449;301;77;46;31;63;38;25;50;23;27;113;45;68;447;297;150;209.0;243.0;46.0;61.0;526.0;593.0;844
8915;Schijndel;2021;21752;4660;12344;4748;19623;1379;610;769;750;445;305;76;45;31;64;37;27;51;23;28;112;44;68;447;296;151;218.0;253.0;34.0;62.0;556.0;599.0;844
8916;Schijndel;2022;21651;4569;12239;4843;19528;1383;599;784;740;431;309;75;44;31;62;35;27;52;22;30;112;42;70;439;288;151;220.0;255.0;24.0;40.0;550.0;593.0;844
8917;Schijndel;2023;21560;4493;12105;4962;19441;1382;590;792;737;427;310;82;47;35;61;36;25;52;22;30;111;41;70;431;281;150;210.0;258.0;40.0;45.0;538.0;583.0;844
8918;Schijndel;2024;21463;4450;11942;5071;19324;1397;599;798;742;432;310;81;46;35;58;35;23;53;22;31;117;44;73;433;285;148;215.0;274.0;31.0;47.0;561.0;587.0;844
8919;Schijndel;2025;21362;4413;11786;5163;19210;1399;591;808;753;428;325;83;45;38;60;37;23;50;19;31;120;44;76;440;283;157;;;;;;;844
8920;Schinnen;2006;13417;3031;8165;2221;11156;1915;540;1375;346;234;112;8;1;7;22;8;14;35;18;17;35;19;16;246;188;58;106.0;116.0;31.0;91.0;567.0;603.0;962
8921;Schinnen;2007;13314;2948;8077;2289;11077;1900;525;1375;337;221;116;6;1;5;23;9;14;32;15;17;41;21;20;235;175;60;91.0;127.0;24.0;85.0;578.0;598.0;962
8922;Schinnen;2008;13198;2851;7991;2356;11006;1868;509;1359;324;202;122;8;1;7;23;9;14;31;13;18;43;19;24;219;160;59;108.0;127.0;29.0;95.0;566.0;582.0;962
8923;Schinnen;2009;13101;2782;7867;2452;10913;1864;501;1363;324;195;129;9;1;8;23;8;15;33;13;20;44;20;24;215;153;62;96.0;119.0;28.0;78.0;564.0;596.0;962
8924;Schinnen;2010;12997;2706;7749;2542;10828;1842;486;1356;327;191;136;9;1;8;22;9;13;27;8;19;46;17;29;223;156;67;86.0;143.0;31.0;83.0;598.0;595.0;962
8925;Schinnen;2011;12893;2606;7658;2629;10728;1835;494;1341;330;188;142;11;1;10;27;13;14;29;10;19;50;20;30;213;144;69;98.0;142.0;38.0;99.0;571.0;577.0;962
8926;Schinnen;2012;12783;2511;7561;2711;10627;1822;488;1334;334;186;148;16;1;15;31;17;14;26;9;17;54;20;34;207;139;68;90.0;138.0;31.0;64.0;560.0;588.0;962
8927;Schinnen;2013;12675;2414;7447;2814;10520;1806;485;1321;349;188;161;14;2;12;34;15;19;26;9;17;61;21;40;214;141;73;86.0;149.0;33.0;85.0;572.0;568.0;962
8928;Schinnen;2014;12564;2331;7350;2883;10394;1803;480;1323;367;197;170;16;2;14;35;15;20;29;9;20;66;22;44;221;149;72;102.0;145.0;29.0;62.0;562.0;587.0;962
8929;Schinnen;2015;12464;2271;7241;2952;10279;1790;473;1317;395;216;179;18;3;15;42;19;23;29;9;20;69;24;45;237;161;76;103.0;152.0;26.0;73.0;567.0;574.0;962
8930;Schinnen;2016;12362;2193;7166;3003;10195;1757;471;1286;410;223;187;21;3;18;42;19;23;29;9;20;74;26;48;244;166;78;102.0;169.0;33.0;78.0;573.0;567.0;962
8931;Schinnen;2017;12258;2156;7046;3056;10109;1735;468;1267;414;218;196;22;4;18;45;20;25;30;9;21;73;25;48;244;160;84;102.0;158.0;32.0;66.0;543.0;563.0;962
8932;Schinnen;2018;12152;2129;6934;3089;9998;1724;459;1265;430;227;203;21;4;17;43;20;23;30;10;20;77;25;52;259;168;91;124.0;163.0;34.0;65.0;530.0;560.0;962
8933;Schinnen;2019;12055;2103;6823;3129;9905;1686;454;1232;464;247;217;22;4;18;48;24;24;33;12;21;80;25;55;281;182;99;104.0;162.0;42.0;78.0;556.0;562.0;962
8934;Schinnen;2020;11956;2067;6734;3155;9822;1660;448;1212;474;251;223;25;4;21;51;27;24;34;12;22;81;26;55;283;182;101;112.0;161.0;44.0;77.0;546.0;556.0;962
8935;Schinnen;2021;11865;2035;6625;3205;9744;1639;441;1198;482;249;233;27;4;23;51;25;26;37;14;23;84;26;58;283;180;103;108.0;172.0;29.0;60.0;543.0;552.0;962
8936;Schinnen;2022;11764;2007;6531;3226;9675;1602;428;1174;487;244;243;27;4;23;53;26;27;39;13;26;90;32;58;278;169;109;103.0;165.0;44.0;72.0;528.0;535.0;962
8937;Schinnen;2023;11666;1981;6432;3253;9562;1590;428;1162;514;258;256;32;7;25;56;28;28;40;15;25;92;30;62;294;178;116;104.0;165.0;32.0;60.0;533.0;554.0;962
8938;Schinnen;2024;11556;1972;6285;3299;9449;1579;434;1145;528;271;257;35;8;27;64;37;27;42;16;26;93;32;61;294;178;116;107.0;170.0;30.0;73.0;543.0;544.0;962
8939;Schinnen;2025;11450;1960;6146;3344;9368;1552;427;1125;530;281;249;37;8;29;59;38;21;41;16;25;96;32;64;297;187;110;;;;;;;962
8940;Schoonhoven;2006;12426;3111;7629;1686;10552;777;248;529;1097;620;477;65;26;39;59;32;27;12;3;9;694;389;305;267;170;97;160.0;113.0;22.0;41.0;392.0;426.0;608
8941;Schoonhoven;2007;12424;3099;7614;1711;10504;797;248;549;1123;624;499;72;28;44;61;33;28;15;3;12;688;379;309;287;181;106;162.0;116.0;28.0;42.0;380.0;422.0;608
8942;Schoonhoven;2008;12417;3078;7565;1774;10460;813;254;559;1144;628;516;77;31;46;62;34;28;18;3;15;680;368;312;307;192;115;153.0;113.0;26.0;34.0;362.0;416.0;608
8943;Schoonhoven;2009;12398;3067;7503;1828;10385;860;277;583;1153;628;525;85;35;50;62;34;28;18;3;15;673;363;310;315;193;122;166.0;110.0;30.0;36.0;352.0;409.0;608
8944;Schoonhoven;2010;12395;3091;7418;1886;10331;891;286;605;1173;637;536;89;39;50;66;37;29;21;4;17;666;355;311;331;202;129;161.0;115.0;31.0;38.0;363.0;410.0;608
8945;Schoonhoven;2011;12389;3106;7329;1954;10306;914;301;613;1169;628;541;91;40;51;70;41;29;23;4;19;653;346;307;332;197;135;133.0;121.0;31.0;32.0;362.0;402.0;608
8946;Schoonhoven;2012;12364;3080;7237;2047;10249;937;318;619;1178;633;545;91;42;49;73;42;31;25;5;20;650;342;308;339;202;137;139.0;115.0;30.0;34.0;368.0;403.0;608
8947;Schoonhoven;2013;12353;3080;7152;2121;10217;944;319;625;1192;638;554;97;47;50;81;45;36;25;5;20;639;330;309;350;211;139;156.0;116.0;26.0;44.0;375.0;399.0;608
8948;Schoonhoven;2014;12359;3081;7081;2197;10203;955;323;632;1201;644;557;101;49;52;86;46;40;27;7;20;626;321;305;361;221;140;161.0;123.0;26.0;30.0;348.0;400.0;608
8949;Schoonhoven;2015;12345;3075;7045;2225;10158;975;327;648;1212;645;567;102;51;51;89;47;42;29;9;20;612;309;303;380;229;151;155.0;125.0;29.0;28.0;349.0;398.0;608
8950;Schoonhoven;2016;12330;3085;6943;2302;10113;993;329;664;1224;643;581;107;51;56;89;46;43;31;10;21;603;303;300;394;233;161;162.0;119.0;31.0;36.0;343.0;400.0;608
8951;Schoonhoven;2017;12317;3087;6868;2362;10070;1032;341;691;1215;643;572;106;53;53;91;48;43;31;9;22;587;292;295;400;241;159;151.0;115.0;20.0;29.0;346.0;403.0;608
8952;Schoonhoven;2018;12290;3078;6807;2405;10030;1053;347;706;1207;637;570;106;55;51;88;47;41;33;10;23;580;288;292;400;237;163;145.0;120.0;28.0;28.0;346.0;393.0;608
8953;Schoonhoven;2019;12271;3056;6786;2429;10009;1063;348;715;1199;634;565;109;55;54;93;49;44;35;12;23;557;275;282;405;243;162;149.0;119.0;27.0;29.0;354.0;398.0;608
8954;Schoonhoven;2020;12256;3048;6750;2458;9969;1074;358;716;1213;646;567;111;54;57;93;50;43;37;14;23;548;272;276;424;256;168;139.0;132.0;26.0;25.0;355.0;390.0;608
8955;Schoonhoven;2021;12232;3041;6706;2485;9912;1095;364;731;1225;650;575;117;58;59;89;48;41;38;14;24;542;269;273;439;261;178;147.0;136.0;31.0;45.0;372.0;390.0;608
8956;Schoonhoven;2022;12212;3019;6675;2518;9857;1117;373;744;1238;661;577;121;59;62;93;50;43;40;16;24;530;263;267;454;273;181;117.0;132.0;26.0;28.0;370.0;397.0;608
8957;Schoonhoven;2023;12174;2982;6647;2545;9809;1122;361;761;1243;659;584;119;59;60;98;51;47;43;16;27;523;256;267;460;277;183;145.0;129.0;24.0;35.0;361.0;399.0;608
8958;Schoonhoven;2024;12146;2965;6584;2597;9738;1154;375;779;1254;655;599;124;61;63;98;50;48;44;16;28;518;248;270;470;280;190;136.0;136.0;24.0;30.0;361.0;386.0;608
8959;Schoonhoven;2025;12120;2933;6546;2641;9668;1185;383;802;1267;660;607;127;63;64;98;49;49;45;15;30;516;248;268;481;285;196;;;;;;;608
8960;Schouwen-Duiveland;2006;34383;7927;20136;6320;31391;2031;875;1156;961;607;354;125;60;65;82;42;40;57;31;26;44;22;22;653;452;201;352.0;342.0;71.0;95.0;1037.0;986.0;1676
8961;Schouwen-Duiveland;2007;34418;7879;20212;6327;31326;2035;879;1156;1057;653;404;156;73;83;104;54;50;76;40;36;48;20;28;673;466;207;360.0;337.0;61.0;100.0;1038.0;997.0;1676
8962;Schouwen-Duiveland;2008;34440;7823;20259;6358;31262;2048;864;1184;1130;683;447;180;84;96;125;68;57;97;47;50;58;22;36;670;462;208;340.0;351.0;88.0;90.0;1048.0;1011.0;1676
8963;Schouwen-Duiveland;2009;34463;7741;20291;6431;31189;2060;886;1174;1214;729;485;197;93;104;131;75;56;106;51;55;70;25;45;710;485;225;337.0;346.0;118.0;97.0;1047.0;1031.0;1676
8964;Schouwen-Duiveland;2010;34493;7674;20292;6527;31081;2107;906;1201;1305;783;522;212;101;111;144;83;61;121;55;66;78;27;51;750;517;233;353.0;336.0;90.0;97.0;1044.0;1032.0;1676
8965;Schouwen-Duiveland;2011;34521;7598;20377;6546;31022;2151;928;1223;1348;800;548;221;103;118;154;88;66;128;60;68;86;26;60;759;523;236;349.0;320.0;103.0;99.0;1049.0;1052.0;1676
8966;Schouwen-Duiveland;2012;34557;7519;20258;6780;30964;2181;938;1243;1412;825;587;231;104;127;169;95;74;142;65;77;93;26;67;777;535;242;361.0;341.0;98.0;94.0;1049.0;1044.0;1676
8967;Schouwen-Duiveland;2013;34592;7488;20157;6947;30893;2216;949;1267;1483;864;619;248;110;138;179;106;73;155;67;88;105;32;73;796;549;247;353.0;327.0;90.0;97.0;1046.0;1046.0;1676
8968;Schouwen-Duiveland;2014;34613;7432;20105;7076;30883;2212;963;1249;1518;867;651;254;115;139;177;99;78;171;71;100;119;34;85;797;548;249;378.0;339.0;95.0;97.0;1025.0;1055.0;1676
8969;Schouwen-Duiveland;2015;34627;7423;20028;7176;30776;2264;988;1276;1587;886;701;271;130;141;185;100;85;179;72;107;132;39;93;820;545;275;398.0;341.0;91.0;98.0;1021.0;1066.0;1676
8970;Schouwen-Duiveland;2016;34638;7443;19920;7275;30717;2275;988;1287;1646;919;727;285;141;144;194;110;84;181;72;109;140;41;99;846;555;291;393.0;340.0;91.0;95.0;1027.0;1059.0;1676
8971;Schouwen-Duiveland;2017;34657;7408;19923;7326;30648;2290;995;1295;1719;960;759;304;150;154;203;115;88;187;74;113;156;48;108;869;573;296;407.0;358.0;105.0;107.0;1019.0;1052.0;1676
8972;Schouwen-Duiveland;2018;34677;7419;19878;7380;30580;2317;1005;1312;1780;987;793;327;163;164;214;119;95;201;81;120;164;52;112;874;572;302;398.0;346.0;94.0;96.0;1022.0;1068.0;1676
8973;Schouwen-Duiveland;2019;34686;7411;19856;7419;30534;2324;1009;1315;1828;995;833;341;162;179;212;116;96;212;85;127;169;55;114;894;577;317;419.0;360.0;84.0;91.0;1012.0;1055.0;1676
8974;Schouwen-Duiveland;2020;34700;7411;19800;7489;30451;2326;1009;1317;1923;1045;878;354;166;188;222;123;99;227;91;136;183;60;123;937;605;332;429.0;338.0;73.0;97.0;1011.0;1068.0;1676
8975;Schouwen-Duiveland;2021;34713;7429;19704;7580;30454;2314;997;1317;1945;1041;904;361;166;195;224;119;105;242;95;147;186;65;121;932;596;336;436.0;346.0;82.0;96.0;984.0;1064.0;1676
8976;Schouwen-Duiveland;2022;34715;7447;19628;7640;30396;2312;1029;1283;2007;1061;946;381;177;204;229;119;110;258;99;159;197;72;125;942;594;348;451.0;349.0;85.0;96.0;967.0;1048.0;1676
8977;Schouwen-Duiveland;2023;34733;7520;19487;7726;30337;2338;1048;1290;2058;1096;962;386;183;203;244;125;119;269;99;170;207;77;130;952;612;340;450.0;349.0;82.0;85.0;957.0;1053.0;1676
8978;Schouwen-Duiveland;2024;34743;7581;19437;7725;30288;2362;1062;1300;2093;1095;998;400;185;215;255;132;123;282;101;181;217;79;138;939;598;341;450.0;347.0;87.0;102.0;973.0;1057.0;1676
8979;Schouwen-Duiveland;2025;34751;7640;19323;7788;30225;2392;1071;1321;2134;1100;1034;409;187;222;262;134;128;289;104;185;233;83;150;941;592;349;;;;;;;1676
8980;Sevenum;2006;7533;1954;4483;1096;7025;392;137;255;116;83;33;6;2;4;10;7;3;8;5;3;6;4;2;86;65;21;80.0;58.0;13.0;22.0;231.0;180.0;964
8981;Sevenum;2007;7597;1952;4497;1148;7058;411;143;268;128;93;35;6;4;2;11;7;4;10;5;5;8;6;2;93;71;22;72.0;69.0;10.0;25.0;229.0;178.0;964
8982;Sevenum;2008;7638;1936;4514;1188;7067;427;151;276;144;105;39;7;4;3;12;7;5;10;5;5;10;7;3;105;82;23;82.0;62.0;9.0;25.0;225.0;190.0;964
8983;Sevenum;2009;7677;1925;4516;1236;7073;450;159;291;154;112;42;8;5;3;16;11;5;11;5;6;10;7;3;109;84;25;83.0;62.0;13.0;23.0;211.0;187.0;964
8984;Sevenum;2010;7718;1913;4515;1290;7070;476;170;306;172;123;49;9;5;4;18;12;6;11;5;6;14;8;6;120;93;27;78.0;75.0;12.0;20.0;213.0;185.0;964
8985;Sevenum;2011;7741;1899;4521;1321;7075;484;170;314;182;134;48;8;5;3;17;12;5;11;5;6;17;10;7;129;102;27;79.0;76.0;14.0;18.0;231.0;190.0;964
8986;Sevenum;2012;7781;1898;4514;1369;7077;506;177;329;198;143;55;9;6;3;19;13;6;13;5;8;19;11;8;138;108;30;74.0;81.0;18.0;24.0;230.0;195.0;964
8987;Sevenum;2013;7805;1887;4498;1420;7068;534;190;344;203;147;56;9;7;2;19;13;6;13;5;8;21;12;9;141;110;31;72.0;78.0;23.0;21.0;225.0;198.0;964
8988;Sevenum;2014;7835;1870;4501;1464;7062;563;200;363;210;152;58;9;7;2;18;12;6;13;5;8;24;14;10;146;114;32;82.0;77.0;19.0;19.0;222.0;197.0;964
8989;Sevenum;2015;7867;1846;4511;1510;7068;578;210;368;221;160;61;10;7;3;20;13;7;14;7;7;25;15;10;152;118;34;84.0;74.0;12.0;26.0;232.0;197.0;964
8990;Sevenum;2016;7899;1823;4526;1550;7069;603;222;381;227;163;64;10;6;4;25;17;8;14;7;7;27;17;10;151;116;35;86.0;80.0;15.0;19.0;226.0;205.0;964
8991;Sevenum;2017;7923;1823;4510;1590;7091;609;228;381;223;156;67;11;6;5;22;16;6;15;7;8;28;17;11;147;110;37;78.0;79.0;12.0;19.0;234.0;207.0;964
8992;Sevenum;2018;7944;1806;4523;1615;7089;620;236;384;235;164;71;12;6;6;22;16;6;21;11;10;29;18;11;151;113;38;77.0;90.0;24.0;18.0;224.0;200.0;964
8993;Sevenum;2019;7966;1805;4519;1642;7113;610;239;371;243;165;78;14;6;8;24;18;6;22;11;11;30;18;12;153;112;41;88.0;90.0;11.0;32.0;235.0;195.0;964
8994;Sevenum;2020;7984;1776;4524;1684;7115;615;247;368;254;170;84;14;6;8;24;19;5;23;12;11;32;18;14;161;115;46;87.0;98.0;24.0;23.0;221.0;202.0;964
8995;Sevenum;2021;7995;1758;4514;1723;7103;620;247;373;272;182;90;16;8;8;23;19;4;24;12;12;37;21;16;172;122;50;96.0;95.0;28.0;22.0;225.0;210.0;964
8996;Sevenum;2022;8017;1757;4502;1758;7095;632;253;379;290;192;98;18;9;9;25;22;3;26;12;14;39;22;17;182;127;55;92.0;97.0;24.0;22.0;224.0;210.0;964
8997;Sevenum;2023;8028;1738;4498;1792;7093;632;253;379;303;197;106;19;8;11;29;25;4;25;11;14;43;22;21;187;131;56;97.0;96.0;22.0;18.0;213.0;202.0;964
8998;Sevenum;2024;8046;1753;4476;1817;7086;645;263;382;315;206;109;23;10;13;31;28;3;26;12;14;45;21;24;190;135;55;88.0;101.0;23.0;19.0;218.0;200.0;964
8999;Sevenum;2025;8056;1743;4470;1843;7068;674;274;400;314;199;115;26;12;14;29;25;4;28;12;16;44;21;23;187;129;58;;;;;;;964
9000;Simpelveld;2006;11316;2411;6760;2145;9138;2024;857;1167;154;102;52;13;6;7;8;6;2;11;2;9;10;7;3;112;81;31;96.0;140.0;34.0;86.0;381.0;355.0;965
9001;Simpelveld;2007;11245;2392;6674;2179;9092;1984;829;1155;169;110;59;14;7;7;9;6;3;14;3;11;12;7;5;120;87;33;81.0;140.0;34.0;88.0;395.0;365.0;965
9002;Simpelveld;2008;11162;2331;6619;2212;9046;1941;805;1136;175;114;61;14;7;7;10;6;4;14;3;11;14;8;6;123;90;33;81.0;147.0;32.0;85.0;388.0;354.0;965
9003;Simpelveld;2009;11081;2279;6549;2253;8976;1912;788;1124;193;126;67;16;8;8;12;7;5;18;5;13;14;6;8;133;100;33;81.0;137.0;27.0;94.0;401.0;357.0;965
9004;Simpelveld;2010;11001;2219;6489;2293;8921;1880;772;1108;200;130;70;17;10;7;16;8;8;18;5;13;11;6;5;138;101;37;79.0;141.0;35.0;112.0;410.0;354.0;965
9005;Simpelveld;2011;10921;2162;6403;2356;8837;1880;769;1111;204;130;74;17;10;7;15;7;8;18;5;13;12;6;6;142;102;40;77.0;149.0;32.0;103.0;411.0;346.0;965
9006;Simpelveld;2012;10844;2127;6320;2397;8788;1847;760;1087;209;130;79;19;13;6;14;7;7;19;6;13;15;7;8;142;97;45;83.0;143.0;38.0;85.0;381.0;354.0;965
9007;Simpelveld;2013;10766;2065;6254;2447;8749;1794;727;1067;223;141;82;20;14;6;14;7;7;18;5;13;15;8;7;156;107;49;98.0;153.0;35.0;77.0;377.0;354.0;965
9008;Simpelveld;2014;10693;2048;6157;2488;8686;1777;715;1062;230;140;90;21;12;9;13;7;6;17;5;12;20;10;10;159;106;53;85.0;156.0;29.0;80.0;397.0;349.0;965
9009;Simpelveld;2015;10623;2028;6084;2511;8621;1758;709;1049;244;143;101;24;12;12;13;6;7;21;7;14;25;12;13;161;106;55;87.0;149.0;32.0;64.0;364.0;344.0;965
9010;Simpelveld;2016;10550;2001;6022;2527;8562;1728;704;1024;260;148;112;25;14;11;14;6;8;21;6;15;30;15;15;170;107;63;89.0;161.0;25.0;54.0;373.0;346.0;965
9011;Simpelveld;2017;10478;1978;5964;2536;8491;1706;684;1022;281;156;125;26;14;12;18;7;11;23;5;18;33;15;18;181;115;66;87.0;166.0;32.0;79.0;389.0;337.0;965
9012;Simpelveld;2018;10404;1979;5887;2538;8432;1687;669;1018;285;156;129;28;16;12;18;6;12;24;5;19;33;14;19;182;115;67;106.0;158.0;35.0;64.0;363.0;338.0;965
9013;Simpelveld;2019;10348;1974;5824;2550;8366;1681;661;1020;301;162;139;29;16;13;18;7;11;26;5;21;38;15;23;190;119;71;104.0;155.0;29.0;70.0;377.0;345.0;965
9014;Simpelveld;2020;10290;1980;5743;2567;8320;1655;649;1006;315;169;146;32;17;15;17;6;11;27;7;20;41;14;27;198;125;73;95.0;150.0;28.0;74.0;370.0;335.0;965
9015;Simpelveld;2021;10225;1959;5671;2595;8276;1632;640;992;317;172;145;31;18;13;18;7;11;26;6;20;39;12;27;203;129;74;100.0;160.0;29.0;78.0;372.0;333.0;965
9016;Simpelveld;2022;10157;1961;5587;2609;8244;1593;616;977;320;174;146;31;18;13;19;7;12;25;6;19;42;14;28;203;129;74;86.0;163.0;28.0;78.0;382.0;327.0;965
9017;Simpelveld;2023;10087;1947;5500;2640;8195;1565;598;967;327;173;154;34;18;16;19;7;12;25;5;20;40;14;26;209;129;80;99.0;158.0;33.0;63.0;358.0;328.0;965
9018;Simpelveld;2024;10033;1959;5395;2679;8157;1542;582;960;334;176;158;35;18;17;19;7;12;28;5;23;40;12;28;212;134;78;97.0;163.0;19.0;50.0;359.0;320.0;965
9019;Simpelveld;2025;9976;1952;5322;2702;8122;1502;558;944;352;192;160;35;19;16;18;8;10;29;5;24;42;12;30;228;148;80;;;;;;;965
9020;Sint Anthonis;2006;11861;3247;6825;1789;11106;499;191;308;256;183;73;22;14;8;9;3;6;55;32;23;6;6;0;164;128;36;127.0;93.0;12.0;32.0;333.0;338.0;1702
9021;Sint Anthonis;2007;11869;3218;6822;1829;11097;518;195;323;254;179;75;22;13;9;11;5;6;55;32;23;7;6;1;159;123;36;126.0;95.0;18.0;41.0;316.0;346.0;1702
9022;Sint Anthonis;2008;11848;3171;6826;1851;11051;530;195;335;267;186;81;26;16;10;13;7;6;55;32;23;10;7;3;163;124;39;129.0;106.0;21.0;31.0;324.0;354.0;1702
9023;Sint Anthonis;2009;11831;3124;6843;1864;11020;540;199;341;271;185;86;25;15;10;15;8;7;56;31;25;11;8;3;164;123;41;112.0;119.0;18.0;26.0;337.0;353.0;1702
9024;Sint Anthonis;2010;11798;3054;6867;1877;10947;558;208;350;293;196;97;27;15;12;17;10;7;60;33;27;14;10;4;175;128;47;105.0;115.0;21.0;30.0;344.0;352.0;1702
9025;Sint Anthonis;2011;11774;2975;6929;1870;10883;583;216;367;308;198;110;28;15;13;17;10;7;63;34;29;19;12;7;181;127;54;118.0;113.0;17.0;31.0;332.0;352.0;1702
9026;Sint Anthonis;2012;11751;2929;6933;1889;10828;606;225;381;317;203;114;29;17;12;17;10;7;64;35;29;19;12;7;188;129;59;119.0;109.0;14.0;31.0;333.0;352.0;1702
9027;Sint Anthonis;2013;11726;2886;6906;1934;10765;630;241;389;331;207;124;31;17;14;19;12;7;65;34;31;21;13;8;195;131;64;121.0;117.0;20.0;36.0;340.0;356.0;1702
9028;Sint Anthonis;2014;11700;2841;6886;1973;10709;645;252;393;346;216;130;32;18;14;25;15;10;63;31;32;24;14;10;202;138;64;115.0;109.0;21.0;38.0;331.0;352.0;1702
9029;Sint Anthonis;2015;11669;2762;6868;2039;10666;650;256;394;353;220;133;31;17;14;22;13;9;66;33;33;27;15;12;207;142;65;128.0;121.0;21.0;32.0;333.0;362.0;1702
9030;Sint Anthonis;2016;11636;2728;6821;2087;10620;659;252;407;357;220;137;34;19;15;23;14;9;67;33;34;28;15;13;205;139;66;115.0;120.0;17.0;37.0;348.0;356.0;1702
9031;Sint Anthonis;2017;11603;2673;6802;2128;10580;665;261;404;358;218;140;33;18;15;22;12;10;70;34;36;29;15;14;204;139;65;128.0;115.0;12.0;25.0;324.0;357.0;1702
9032;Sint Anthonis;2018;11571;2639;6757;2175;10538;677;266;411;356;213;143;32;16;16;21;10;11;72;34;38;30;15;15;201;138;63;125.0;119.0;18.0;29.0;334.0;357.0;1702
9033;Sint Anthonis;2019;11544;2594;6704;2246;10483;696;272;424;365;219;146;31;15;16;20;9;11;73;34;39;30;13;17;211;148;63;131.0;117.0;12.0;25.0;320.0;355.0;1702
9034;Sint Anthonis;2020;11509;2539;6674;2296;10424;719;286;433;366;215;151;32;14;18;18;9;9;75;34;41;28;12;16;213;146;67;125.0;125.0;18.0;34.0;325.0;340.0;1702
9035;Sint Anthonis;2021;11477;2506;6633;2338;10357;743;304;439;377;216;161;34;14;20;20;9;11;77;33;44;31;12;19;215;148;67;128.0;125.0;19.0;29.0;325.0;345.0;1702
9036;Sint Anthonis;2022;11452;2498;6577;2377;10315;769;317;452;368;202;166;35;15;20;17;7;10;79;33;46;33;12;21;204;135;69;180.0;126.0;11.0;36.0;303.0;353.0;1702
9037;Sint Anthonis;2023;11433;2495;6509;2429;10271;789;327;462;373;207;166;36;15;21;20;9;11;75;32;43;36;12;24;206;139;67;142.0;121.0;11.0;32.0;320.0;352.0;1702
9038;Sint Anthonis;2024;11404;2487;6401;2516;10213;812;342;470;379;205;174;39;17;22;20;8;12;77;32;45;37;11;26;206;137;69;141.0;131.0;13.0;35.0;326.0;347.0;1702
9039;Sint Anthonis;2025;11373;2504;6289;2580;10169;814;345;469;390;211;179;39;18;21;19;7;12;80;30;50;36;11;25;216;145;71;;;;;;;1702
9040;Sint-Michielsgestel;2006;27675;7044;16325;4306;25862;1250;414;836;563;328;235;115;59;56;62;32;30;38;23;15;21;14;7;327;200;127;273.0;223.0;39.0;68.0;805.0;918.0;845
9041;Sint-Michielsgestel;2007;27588;6909;16273;4406;25761;1261;411;850;566;333;233;112;59;53;63;33;30;36;21;15;22;15;7;333;205;128;257.0;241.0;46.0;54.0;784.0;908.0;845
9042;Sint-Michielsgestel;2008;27477;6749;16229;4499;25613;1280;422;858;584;342;242;116;59;57;67;36;31;35;21;14;26;16;10;340;210;130;237.0;243.0;46.0;58.0;831.0;915.0;845
9043;Sint-Michielsgestel;2009;27379;6581;16184;4614;25485;1287;428;859;607;350;257;121;59;62;68;37;31;39;22;17;31;19;12;348;213;135;233.0;243.0;42.0;78.0;828.0;912.0;845
9044;Sint-Michielsgestel;2010;27255;6429;16097;4729;25328;1304;432;872;623;360;263;119;57;62;66;37;29;43;24;19;30;19;11;365;223;142;233.0;239.0;55.0;57.0;802.0;920.0;845
9045;Sint-Michielsgestel;2011;27130;6277;15944;4909;25164;1323;437;886;643;365;278;124;58;66;67;37;30;50;26;24;30;19;11;372;225;147;242.0;243.0;34.0;58.0;824.0;924.0;845
9046;Sint-Michielsgestel;2012;27007;6123;15805;5079;25002;1345;438;907;660;375;285;124;59;65;63;34;29;55;26;29;34;19;15;384;237;147;223.0;265.0;37.0;61.0;844.0;923.0;845
9047;Sint-Michielsgestel;2013;26865;5916;15694;5255;24833;1353;440;913;679;384;295;125;58;67;65;33;32;58;27;31;36;18;18;395;248;147;236.0;263.0;45.0;58.0;823.0;921.0;845
9048;Sint-Michielsgestel;2014;26732;5789;15542;5401;24678;1370;436;934;684;387;297;123;53;70;65;33;32;59;27;32;41;20;21;396;254;142;245.0;270.0;39.0;69.0;832.0;919.0;845
9049;Sint-Michielsgestel;2015;26592;5622;15431;5539;24499;1397;441;956;696;384;312;126;54;72;63;31;32;58;27;31;48;22;26;401;250;151;256.0;269.0;41.0;74.0;810.0;906.0;845
9050;Sint-Michielsgestel;2016;26457;5524;15292;5641;24324;1416;453;963;717;390;327;131;56;75;63;31;32;63;27;36;51;20;31;409;256;153;262.0;274.0;40.0;68.0;830.0;910.0;845
9051;Sint-Michielsgestel;2017;26342;5422;15161;5759;24148;1449;463;986;745;402;343;134;57;77;69;36;33;66;27;39;55;22;33;421;260;161;252.0;281.0;44.0;68.0;840.0;921.0;845
9052;Sint-Michielsgestel;2018;26213;5339;15037;5837;23981;1489;475;1014;743;399;344;132;58;74;70;37;33;66;26;40;57;21;36;418;257;161;255.0;282.0;37.0;59.0;816.0;901.0;845
9053;Sint-Michielsgestel;2019;26081;5227;14906;5948;23817;1509;484;1025;755;403;352;136;58;78;69;40;29;69;25;44;60;22;38;421;258;163;265.0;288.0;42.0;64.0;809.0;900.0;845
9054;Sint-Michielsgestel;2020;25954;5152;14787;6015;23665;1527;486;1041;762;409;353;134;57;77;70;39;31;67;24;43;65;26;39;426;263;163;271.0;298.0;32.0;60.0;838.0;894.0;845
9055;Sint-Michielsgestel;2021;25850;5032;14706;6112;23514;1566;514;1052;770;414;356;135;58;77;74;40;34;67;24;43;64;26;38;430;266;164;262.0;310.0;41.0;60.0;839.0;881.0;845
9056;Sint-Michielsgestel;2022;25744;4965;14576;6203;23377;1578;514;1064;789;419;370;136;59;77;76;40;36;68;23;45;72;27;45;437;270;167;261.0;313.0;42.0;50.0;832.0;889.0;845
9057;Sint-Michielsgestel;2023;25632;4916;14453;6263;23241;1579;510;1069;812;425;387;133;55;78;77;42;35;72;24;48;80;30;50;450;274;176;262.0;311.0;41.0;49.0;818.0;875.0;845
9058;Sint-Michielsgestel;2024;25520;4905;14248;6367;23102;1588;505;1083;830;435;395;137;56;81;78;43;35;72;24;48;85;31;54;458;281;177;255.0;332.0;42.0;46.0;833.0;865.0;845
9059;Sint-Michielsgestel;2025;25416;4877;14106;6433;22968;1596;507;1089;852;447;405;140;58;82;76;40;36;72;24;48;87;32;55;477;293;184;;;;;;;845
9060;Sint-Oedenrode;2006;16999;4394;10216;2389;15916;712;233;479;371;242;129;55;28;27;12;9;3;22;13;9;38;22;16;244;170;74;181.0;165.0;20.0;47.0;573.0;606.0;846
9061;Sint-Oedenrode;2007;16958;4327;10207;2424;15857;715;232;483;386;247;139;58;28;30;11;7;4;23;13;10;39;23;16;255;176;79;170.0;159.0;31.0;59.0;534.0;599.0;846
9062;Sint-Oedenrode;2008;16875;4245;10173;2457;15722;746;247;499;407;264;143;59;28;31;10;6;4;23;13;10;43;26;17;272;191;81;178.0;153.0;31.0;50.0;517.0;595.0;846
9063;Sint-Oedenrode;2009;16805;4186;10095;2524;15619;765;252;513;421;270;151;59;28;31;12;6;6;21;12;9;47;27;20;282;197;85;186.0;165.0;32.0;46.0;520.0;599.0;846
9064;Sint-Oedenrode;2010;16733;4129;10028;2576;15492;805;275;530;436;280;156;59;28;31;16;8;8;26;14;12;46;27;19;289;203;86;167.0;171.0;31.0;43.0;523.0;599.0;846
9065;Sint-Oedenrode;2011;16641;4034;9973;2634;15358;828;287;541;455;292;163;59;28;31;18;11;7;27;14;13;47;28;19;304;211;93;177.0;175.0;47.0;45.0;519.0;604.0;846
9066;Sint-Oedenrode;2012;16559;3950;9855;2754;15239;855;305;550;465;294;171;61;29;32;22;15;7;28;14;14;51;29;22;303;207;96;160.0;161.0;37.0;51.0;530.0;606.0;846
9067;Sint-Oedenrode;2013;16470;3860;9743;2867;15126;868;310;558;476;308;168;62;31;31;20;16;4;28;15;13;51;30;21;315;216;99;168.0;165.0;31.0;50.0;532.0;597.0;846
9068;Sint-Oedenrode;2014;16390;3798;9638;2954;15012;874;303;571;504;318;186;66;33;33;24;18;6;30;16;14;61;33;28;323;218;105;158.0;175.0;35.0;47.0;542.0;595.0;846
9069;Sint-Oedenrode;2015;16309;3740;9519;3050;14901;883;303;580;525;323;202;71;34;37;29;21;8;32;15;17;65;35;30;328;218;110;165.0;170.0;37.0;42.0;524.0;593.0;846
9070;Sint-Oedenrode;2016;16231;3695;9420;3116;14792;898;310;588;541;333;208;72;36;36;34;24;10;34;16;18;66;36;30;335;221;114;167.0;175.0;46.0;46.0;515.0;579.0;846
9071;Sint-Oedenrode;2017;16159;3653;9295;3211;14656;929;328;601;574;354;220;72;35;37;36;26;10;37;17;20;72;40;32;357;236;121;166.0;187.0;25.0;33.0;528.0;585.0;846
9072;Sint-Oedenrode;2018;16074;3614;9193;3267;14573;923;325;598;578;353;225;67;33;34;36;26;10;36;17;19;73;40;33;366;237;129;174.0;182.0;37.0;41.0;513.0;582.0;846
9073;Sint-Oedenrode;2019;15998;3584;9078;3336;14451;954;338;616;593;361;232;67;31;36;37;27;10;39;20;19;75;42;33;375;241;134;179.0;193.0;28.0;45.0;553.0;592.0;846
9074;Sint-Oedenrode;2020;15927;3550;8996;3381;14348;956;335;621;623;377;246;72;34;38;43;31;12;40;20;20;83;45;38;385;247;138;187.0;188.0;35.0;40.0;509.0;577.0;846
9075;Sint-Oedenrode;2021;15854;3532;8884;3438;14235;962;332;630;657;389;268;73;34;39;49;38;11;45;20;25;89;45;44;401;252;149;185.0;195.0;26.0;38.0;525.0;590.0;846
9076;Sint-Oedenrode;2022;15770;3511;8778;3481;14117;973;345;628;680;395;285;72;34;38;51;38;13;49;22;27;91;44;47;417;257;160;186.0;196.0;28.0;45.0;531.0;578.0;846
9077;Sint-Oedenrode;2023;15695;3484;8674;3537;14032;973;356;617;690;393;297;76;35;41;51;38;13;54;22;32;93;45;48;416;253;163;180.0;209.0;27.0;34.0;539.0;577.0;846
9078;Sint-Oedenrode;2024;15622;3453;8608;3561;13928;981;364;617;713;402;311;77;36;41;52;39;13;60;24;36;95;45;50;429;258;171;188.0;194.0;29.0;48.0;524.0;575.0;846
9079;Sint-Oedenrode;2025;15546;3465;8495;3586;13831;1000;381;619;715;391;324;74;35;39;51;38;13;65;23;42;98;42;56;427;253;174;;;;;;;846
9080;Sittard-Geleen;2006;96494;21337;58885;16272;76223;14958;4314;10644;5313;3298;2015;325;164;161;285;173;112;518;382;136;1917;1041;876;2268;1538;730;819.0;1016.0;480.0;920.0;3167.0;2965.0;1883
9081;Sittard-Geleen;2007;96066;21028;58645;16393;76202;14547;4081;10466;5317;3258;2059;323;158;165;303;188;115;535;383;152;1932;1031;901;2224;1498;726;816.0;1024.0;510.0;910.0;3190.0;2957.0;1883
9082;Sittard-Geleen;2008;95696;20669;58496;16531;76184;14188;3868;10320;5324;3197;2127;336;165;171;304;188;116;553;374;179;1936;1024;912;2195;1446;749;792.0;1034.0;513.0;847.0;3189.0;2951.0;1883
9083;Sittard-Geleen;2009;95364;20366;58297;16701;76087;13900;3712;10188;5377;3188;2189;356;172;184;306;191;115;571;371;200;1949;1032;917;2195;1422;773;792.0;1061.0;521.0;820.0;3198.0;2954.0;1883
9084;Sittard-Geleen;2010;95043;20071;58082;16890;76045;13566;3539;10027;5432;3154;2278;362;168;194;318;200;118;603;374;229;1977;1038;939;2172;1374;798;784.0;1068.0;521.0;808.0;3182.0;2944.0;1883
9085;Sittard-Geleen;2011;94715;19708;57828;17179;75921;13288;3441;9847;5506;3169;2337;377;176;201;328;210;118;630;381;249;2002;1044;958;2169;1358;811;776.0;1085.0;531.0;785.0;3192.0;2940.0;1883
9086;Sittard-Geleen;2012;94409;19348;57573;17488;75849;13003;3346;9657;5557;3177;2380;390;183;207;328;210;118;647;390;257;2008;1038;970;2184;1356;828;756.0;1114.0;527.0;786.0;3204.0;2931.0;1883
9087;Sittard-Geleen;2013;94067;18988;57175;17904;75739;12741;3255;9486;5587;3144;2443;400;182;218;353;225;128;669;398;271;2015;1035;980;2150;1304;846;768.0;1107.0;519.0;741.0;3170.0;2916.0;1883
9088;Sittard-Geleen;2014;93764;18715;56785;18264;75581;12519;3195;9324;5664;3154;2510;418;201;217;357;224;133;695;406;289;2046;1042;1004;2148;1281;867;783.0;1114.0;496.0;721.0;3146.0;2907.0;1883
9089;Sittard-Geleen;2015;93452;18445;56332;18675;75487;12270;3089;9181;5695;3124;2571;438;208;230;348;214;134;716;411;305;2056;1046;1010;2137;1245;892;780.0;1150.0;482.0;735.0;3156.0;2889.0;1883
9090;Sittard-Geleen;2016;93102;18174;55884;19044;75353;12030;3018;9012;5719;3109;2610;443;215;228;361;221;140;749;418;331;2046;1036;1010;2120;1219;901;804.0;1149.0;445.0;701.0;3149.0;2891.0;1883
9091;Sittard-Geleen;2017;92767;17923;55437;19407;75245;11770;2943;8827;5752;3094;2658;454;219;235;353;219;134;789;433;356;2041;1026;1015;2115;1197;918;818.0;1175.0;445.0;686.0;3116.0;2862.0;1883
9092;Sittard-Geleen;2018;92433;17695;54911;19827;75101;11499;2840;8659;5833;3117;2716;473;227;246;354;223;131;816;437;379;2033;1012;1021;2157;1218;939;826.0;1185.0;441.0;676.0;3108.0;2863.0;1883
9093;Sittard-Geleen;2019;92091;17451;54466;20174;74927;11282;2763;8519;5882;3117;2765;488;238;250;360;230;130;832;443;389;2040;1014;1026;2162;1192;970;853.0;1197.0;434.0;658.0;3045.0;2833.0;1883
9094;Sittard-Geleen;2020;91742;17312;53885;20545;74739;11044;2704;8340;5959;3134;2825;497;248;249;367;237;130;854;447;407;2031;1012;1019;2210;1190;1020;831.0;1220.0;429.0;621.0;3054.0;2825.0;1883
9095;Sittard-Geleen;2021;91403;17133;53439;20831;74540;10834;2623;8211;6029;3174;2855;497;252;245;386;254;132;882;453;429;2012;1009;1003;2252;1206;1046;831.0;1224.0;408.0;625.0;3021.0;2782.0;1883
9096;Sittard-Geleen;2022;91039;17004;52738;21297;74363;10570;2543;8027;6106;3203;2903;509;263;246;398;262;136;911;457;454;2019;1006;1013;2269;1215;1054;850.0;1239.0;452.0;599.0;2959.0;2767.0;1883
9097;Sittard-Geleen;2023;90704;16987;52098;21619;74174;10345;2505;7840;6185;3225;2960;522;272;250;419;280;139;930;458;472;2011;994;1017;2303;1221;1082;826.0;1243.0;422.0;629.0;2981.0;2731.0;1883
9098;Sittard-Geleen;2024;90335;16892;51436;22007;73914;10143;2441;7702;6278;3254;3024;543;288;255;432;293;139;965;470;495;2016;985;1031;2322;1218;1104;845.0;1269.0;427.0;612.0;2930.0;2703.0;1883
9099;Sittard-Geleen;2025;89961;16859;50668;22434;73723;9914;2363;7551;6324;3277;3047;547;302;245;447;306;141;992;487;505;2022;984;1038;2316;1198;1118;;;;;;;1883
9100;Skarsterlân;2006;27053;7195;15795;4063;25494;1095;354;741;464;305;159;75;39;36;32;14;18;37;28;9;12;7;5;308;217;91;307.0;236.0;92.0;60.0;979.0;1021.0;51
9101;Skarsterlân;2007;27115;7122;15852;4141;25478;1139;372;767;498;331;167;74;40;34;36;18;18;41;29;12;15;8;7;332;236;96;299.0;237.0;75.0;69.0;965.0;1042.0;51
9102;Skarsterlân;2008;27113;7018;15903;4192;25404;1175;385;790;534;357;177;82;44;38;46;26;20;42;30;12;16;8;8;348;249;99;266.0;240.0;96.0;55.0;953.0;1048.0;51
9103;Skarsterlân;2009;27086;6913;15909;4264;25288;1220;398;822;578;391;187;87;46;41;57;35;22;46;33;13;19;9;10;369;268;101;263.0;242.0;89.0;63.0;974.0;1047.0;51
9104;Skarsterlân;2010;27063;6774;15875;4414;25192;1267;432;835;604;403;201;92;47;45;65;40;25;49;32;17;21;12;9;377;272;105;272.0;247.0;110.0;57.0;955.0;1061.0;51
9105;Skarsterlân;2011;27038;6675;15830;4533;25080;1315;466;849;643;424;219;97;49;48;77;48;29;48;31;17;21;12;9;400;284;116;282.0;245.0;103.0;71.0;973.0;1055.0;51
9106;Skarsterlân;2012;27025;6578;15702;4745;24972;1370;493;877;683;445;238;101;52;49;89;59;30;51;29;22;23;13;10;419;292;127;271.0;246.0;103.0;74.0;979.0;1065.0;51
9107;Skarsterlân;2013;27001;6491;15582;4928;24898;1397;531;866;706;460;246;110;56;54;95;67;28;46;24;22;25;15;10;430;298;132;277.0;269.0;108.0;69.0;1000.0;1066.0;51
9108;Skarsterlân;2014;26981;6432;15474;5075;24791;1463;567;896;727;476;251;115;54;61;99;71;28;46;24;22;25;15;10;442;312;130;270.0;256.0;131.0;62.0;975.0;1073.0;51
9109;Skarsterlân;2015;26967;6330;15434;5203;24671;1513;602;911;783;510;273;119;54;65;120;87;33;50;24;26;30;16;14;464;329;135;279.0;252.0;122.0;64.0;983.0;1079.0;51
9110;Skarsterlân;2016;26959;6259;15342;5358;24557;1567;631;936;835;555;280;121;59;62;137;99;38;45;22;23;33;17;16;499;358;141;309.0;263.0;148.0;59.0;932.0;1075.0;51
9111;Skarsterlân;2017;26954;6258;15198;5498;24472;1606;668;938;876;587;289;126;63;63;149;116;33;46;22;24;33;18;15;522;368;154;297.0;256.0;141.0;63.0;948.0;1072.0;51
9112;Skarsterlân;2018;26952;6219;15128;5605;24344;1684;722;962;924;628;296;125;66;59;166;133;33;50;25;25;37;18;19;546;386;160;297.0;273.0;141.0;68.0;976.0;1079.0;51
9113;Skarsterlân;2019;26949;6210;15030;5709;24228;1749;777;972;972;652;320;130;65;65;174;140;34;52;24;28;40;21;19;576;402;174;292.0;275.0;149.0;67.0;973.0;1082.0;51
9114;Skarsterlân;2020;26943;6171;14958;5814;24143;1804;817;987;996;677;319;133;66;67;187;158;29;50;22;28;41;21;20;585;410;175;316.0;288.0;145.0;63.0;959.0;1077.0;51
9115;Skarsterlân;2021;26934;6155;14845;5934;24065;1853;862;991;1016;689;327;137;65;72;197;162;35;48;22;26;43;23;20;591;417;174;313.0;294.0;148.0;72.0;971.0;1072.0;51
9116;Skarsterlân;2022;26928;6141;14738;6049;23954;1901;893;1008;1073;731;342;142;66;76;205;170;35;49;22;27;42;23;19;635;450;185;303.0;287.0;139.0;77.0;985.0;1069.0;51
9117;Skarsterlân;2023;26923;6145;14644;6134;23849;1946;927;1019;1128;764;364;149;66;83;214;180;34;52;21;31;44;25;19;669;472;197;329.0;308.0;164.0;94.0;990.0;1073.0;51
9118;Skarsterlân;2024;26931;6183;14530;6218;23761;1984;961;1023;1186;804;382;151;67;84;228;193;35;53;22;31;47;25;22;707;497;210;315.0;294.0;145.0;73.0;994.0;1082.0;51
9119;Skarsterlân;2025;26936;6193;14471;6272;23684;2033;1004;1029;1219;833;386;150;67;83;235;201;34;52;24;28;50;26;24;732;515;217;;;;;;;51
9120;Sliedrecht;2006;23790;6002;13994;3794;21195;1095;353;742;1500;866;634;128;73;55;83;48;35;594;303;291;107;54;53;588;388;200;303.0;288.0;47.0;57.0;695.0;773.0;610
9121;Sliedrecht;2007;23723;6012;13939;3772;21085;1127;365;762;1511;866;645;131;73;58;88;51;37;586;299;287;114;55;59;592;388;204;303.0;278.0;59.0;57.0;714.0;758.0;610
9122;Sliedrecht;2008;23709;6026;13926;3757;21035;1148;372;776;1526;873;653;134;73;61;84;50;34;586;301;285;115;56;59;607;393;214;308.0;278.0;53.0;55.0;703.0;755.0;610
9123;Sliedrecht;2009;23690;6004;13911;3775;20965;1190;385;805;1535;875;660;137;76;61;90;56;34;574;297;277;121;58;63;613;388;225;293.0;264.0;53.0;43.0;716.0;756.0;610
9124;Sliedrecht;2010;23692;5985;13878;3829;20891;1226;395;831;1575;902;673;142;78;64;98;63;35;573;297;276;126;59;67;636;405;231;274.0;257.0;51.0;58.0;721.0;751.0;610
9125;Sliedrecht;2011;23674;5939;13892;3843;20826;1242;404;838;1606;914;692;145;80;65;104;67;37;567;294;273;127;59;68;663;414;249;267.0;273.0;71.0;44.0;718.0;758.0;610
9126;Sliedrecht;2012;23660;5908;13781;3971;20752;1269;426;843;1639;943;696;152;83;69;108;71;37;559;297;262;128;60;68;692;432;260;276.0;269.0;57.0;56.0;740.0;745.0;610
9127;Sliedrecht;2013;23662;5848;13735;4079;20684;1298;436;862;1680;956;724;154;85;69;116;74;42;562;294;268;130;58;72;718;445;273;280.0;260.0;52.0;58.0;718.0;748.0;610
9128;Sliedrecht;2014;23651;5840;13635;4176;20622;1324;446;878;1705;956;749;162;91;71;121;75;46;559;288;271;131;56;75;732;446;286;280.0;280.0;54.0;65.0;750.0;756.0;610
9129;Sliedrecht;2015;23637;5795;13609;4233;20551;1356;462;894;1730;962;768;165;95;70;122;74;48;554;284;270;133;56;77;756;453;303;293.0;282.0;47.0;46.0;713.0;748.0;610
9130;Sliedrecht;2016;23617;5792;13564;4261;20497;1370;469;901;1750;960;790;163;92;71;126;75;51;548;280;268;140;56;84;773;457;316;273.0;276.0;56.0;40.0;716.0;745.0;610
9131;Sliedrecht;2017;23603;5785;13511;4307;20425;1411;483;928;1767;960;807;170;93;77;128;76;52;541;275;266;141;56;85;787;460;327;288.0;281.0;56.0;56.0;722.0;754.0;610
9132;Sliedrecht;2018;23579;5777;13432;4370;20379;1431;498;933;1769;964;805;175;96;79;131;80;51;540;274;266;143;58;85;780;456;324;282.0;277.0;48.0;62.0;756.0;758.0;610
9133;Sliedrecht;2019;23570;5753;13384;4433;20309;1456;493;963;1805;974;831;183;95;88;140;85;55;536;273;263;147;60;87;799;461;338;288.0;290.0;51.0;50.0;741.0;750.0;610
9134;Sliedrecht;2020;23560;5736;13330;4494;20262;1462;503;959;1836;986;850;191;99;92;146;89;57;533;271;262;153;62;91;813;465;348;283.0;286.0;52.0;54.0;742.0;750.0;610
9135;Sliedrecht;2021;23552;5676;13338;4538;20186;1507;525;982;1859;993;866;200;104;96;149;92;57;532;271;261;154;62;92;824;464;360;282.0;284.0;49.0;43.0;727.0;756.0;610
9136;Sliedrecht;2022;23536;5664;13283;4589;20133;1537;530;1007;1866;991;875;207;105;102;158;99;59;523;264;259;153;60;93;825;463;362;321.0;290.0;52.0;46.0;706.0;750.0;610
9137;Sliedrecht;2023;23534;5683;13226;4625;20088;1566;546;1020;1880;1001;879;213;107;106;168;108;60;515;259;256;151;61;90;833;466;367;299.0;280.0;52.0;48.0;713.0;753.0;610
9138;Sliedrecht;2024;23522;5680;13139;4703;20031;1594;545;1049;1897;1010;887;216;111;105;171;108;63;507;258;249;155;63;92;848;470;378;290.0;290.0;59.0;41.0;706.0;748.0;610
9139;Sliedrecht;2025;23502;5676;13065;4761;19977;1621;561;1060;1904;1006;898;220;113;107;170;106;64;501;250;251;152;61;91;861;476;385;;;;;;;610
9140;Slochteren;2006;14807;3716;9034;2057;13975;607;219;388;225;123;102;22;12;10;49;27;22;13;3;10;3;2;1;138;79;59;136.0;135.0;40.0;31.0;815.0;835.0;40
9141;Slochteren;2007;14798;3644;9071;2083;13921;627;234;393;250;147;103;29;15;14;53;32;21;13;3;10;2;2;0;153;95;58;130.0;139.0;40.0;43.0;912.0;849.0;40
9142;Slochteren;2008;14852;3585;9128;2139;13921;638;241;397;293;181;112;33;18;15;63;41;22;18;5;13;3;3;0;176;114;62;149.0;129.0;36.0;39.0;941.0;873.0;40
9143;Slochteren;2009;14937;3554;9220;2163;13932;662;253;409;343;216;127;33;19;14;77;50;27;18;4;14;4;4;0;211;139;72;145.0;141.0;63.0;40.0;951.0;883.0;40
9144;Slochteren;2010;15035;3552;9234;2249;13980;674;270;404;381;249;132;36;21;15;81;55;26;21;4;17;4;4;0;239;165;74;150.0;153.0;71.0;40.0;960.0;901.0;40
9145;Slochteren;2011;15125;3545;9267;2313;13987;717;295;422;421;285;136;44;27;17;95;65;30;24;5;19;4;4;0;254;184;70;160.0;135.0;90.0;50.0;969.0;928.0;40
9146;Slochteren;2012;15234;3515;9272;2447;14024;752;311;441;458;315;143;54;35;19;99;66;33;26;5;21;3;3;0;276;206;70;165.0;126.0;106.0;50.0;972.0;950.0;40
9147;Slochteren;2013;15352;3503;9254;2595;14075;797;348;449;480;335;145;58;37;21;105;72;33;25;5;20;4;3;1;288;218;70;174.0;141.0;108.0;54.0;983.0;953.0;40
9148;Slochteren;2014;15469;3528;9241;2700;14114;843;380;463;512;358;154;56;35;21;112;77;35;26;6;20;7;3;4;311;237;74;187.0;134.0;101.0;54.0;985.0;964.0;40
9149;Slochteren;2015;15590;3534;9272;2784;14147;895;404;491;548;393;155;59;38;21;118;84;34;27;6;21;7;3;4;337;262;75;174.0;141.0;117.0;48.0;983.0;978.0;40
9150;Slochteren;2016;15699;3558;9247;2894;14199;933;433;500;567;403;164;61;37;24;121;84;37;28;6;22;7;2;5;350;274;76;186.0;133.0;125.0;55.0;987.0;997.0;40
9151;Slochteren;2017;15812;3563;9286;2963;14230;984;489;495;598;424;174;64;35;29;135;96;39;28;6;22;9;2;7;362;285;77;201.0;161.0;113.0;51.0;1012.0;1006.0;40
9152;Slochteren;2018;15921;3624;9247;3050;14240;1035;537;498;646;462;184;68;37;31;144;106;38;30;8;22;8;2;6;396;309;87;198.0;156.0;126.0;59.0;1005.0;999.0;40
9153;Slochteren;2019;16036;3668;9255;3113;14219;1110;588;522;707;503;204;68;39;29;156;116;40;33;9;24;8;2;6;442;337;105;190.0;164.0;131.0;53.0;995.0;1008.0;40
9154;Slochteren;2020;16128;3712;9224;3192;14232;1158;624;534;738;528;210;68;41;27;165;123;42;33;10;23;8;2;6;464;352;112;205.0;153.0;137.0;75.0;984.0;1008.0;40
9155;Slochteren;2021;16218;3756;9193;3269;14225;1219;673;546;774;564;210;64;40;24;166;126;40;34;11;23;12;3;9;498;384;114;214.0;155.0;136.0;77.0;1006.0;1029.0;40
9156;Slochteren;2022;16312;3808;9203;3301;14248;1276;720;556;788;578;210;66;41;25;170;129;41;35;11;24;12;4;8;505;393;112;201.0;163.0;147.0;97.0;1035.0;1026.0;40
9157;Slochteren;2023;16409;3855;9188;3366;14257;1332;761;571;820;596;224;69;43;26;175;132;43;39;11;28;12;3;9;525;407;118;191.0;164.0;141.0;66.0;1023.0;1040.0;40
9158;Slochteren;2024;16495;3910;9165;3420;14261;1399;826;573;835;614;221;69;44;25;183;138;45;38;11;27;11;3;8;534;418;116;204.0;169.0;159.0;76.0;1016.0;1053.0;40
9159;Slochteren;2025;16578;3975;9164;3439;14226;1460;877;583;892;660;232;73;45;28;195;150;45;37;10;27;11;3;8;576;452;124;;;;;;;40
9160;Sluis;2006;24190;5087;13971;5132;18901;4686;2505;2181;603;433;170;70;41;29;43;26;17;51;41;10;37;19;18;402;306;96;181.0;293.0;172.0;186.0;758.0;820.0;1714
9161;Sluis;2007;24003;4957;13903;5143;18778;4613;2471;2142;612;424;188;76;47;29;46;28;18;55;41;14;41;21;20;394;287;107;180.0;309.0;180.0;176.0;723.0;817.0;1714
9162;Sluis;2008;23784;4826;13785;5173;18597;4555;2449;2106;632;427;205;83;49;34;57;38;19;59;41;18;41;21;20;392;278;114;173.0;307.0;160.0;182.0;720.0;808.0;1714
9163;Sluis;2009;23541;4703;13652;5186;18444;4460;2404;2056;637;425;212;87;50;37;62;44;18;67;43;24;41;24;17;380;264;116;183.0;295.0;190.0;186.0;687.0;803.0;1714
9164;Sluis;2010;23319;4599;13489;5231;18274;4380;2379;2001;665;441;224;89;53;36;65;48;17;71;44;27;48;28;20;392;268;124;167.0;286.0;169.0;166.0;693.0;794.0;1714
9165;Sluis;2011;23105;4488;13311;5306;18099;4314;2338;1976;692;458;234;90;55;35;71;54;17;75;45;30;56;31;25;400;273;127;163.0;303.0;175.0;166.0;704.0;794.0;1714
9166;Sluis;2012;22885;4350;13098;5437;17920;4248;2311;1937;717;470;247;93;60;33;75;58;17;79;45;34;59;31;28;411;276;135;168.0;301.0;169.0;184.0;703.0;786.0;1714
9167;Sluis;2013;22657;4230;12894;5533;17752;4179;2280;1899;726;464;262;88;56;32;80;64;16;83;47;36;64;31;33;411;266;145;171.0;304.0;152.0;147.0;706.0;782.0;1714
9168;Sluis;2014;22456;4137;12671;5648;17588;4124;2251;1873;744;481;263;91;59;32;84;67;17;84;51;33;67;30;37;418;274;144;178.0;306.0;150.0;148.0;690.0;768.0;1714
9169;Sluis;2015;22252;4047;12489;5716;17402;4067;2214;1853;783;497;286;99;61;38;93;72;21;84;52;32;73;32;41;434;280;154;175.0;310.0;140.0;163.0;714.0;762.0;1714
9170;Sluis;2016;22047;3974;12282;5791;17253;3996;2184;1812;798;506;292;107;65;42;95;74;21;88;54;34;75;35;40;433;278;155;183.0;322.0;150.0;159.0;701.0;750.0;1714
9171;Sluis;2017;21849;3942;12094;5813;17115;3901;2124;1777;833;509;324;116;69;47;100;73;27;93;54;39;73;35;38;451;278;173;199.0;291.0;139.0;139.0;664.0;743.0;1714
9172;Sluis;2018;21676;3892;11916;5868;16973;3849;2099;1750;854;512;342;121;74;47;103;76;27;96;54;42;74;34;40;460;274;186;200.0;313.0;124.0;126.0;667.0;728.0;1714
9173;Sluis;2019;21499;3854;11743;5902;16846;3781;2072;1709;872;508;364;127;75;52;106;76;30;102;56;46;75;33;42;462;268;194;201.0;304.0;128.0;134.0;676.0;729.0;1714
9174;Sluis;2020;21338;3846;11578;5914;16685;3757;2048;1709;896;518;378;126;75;51;112;83;29;107;60;47;75;33;42;476;267;209;183.0;299.0;129.0;107.0;671.0;730.0;1714
9175;Sluis;2021;21185;3797;11429;5959;16552;3724;2031;1693;909;519;390;132;76;56;120;88;32;114;63;51;81;35;46;462;257;205;204.0;311.0;136.0;112.0;646.0;706.0;1714
9176;Sluis;2022;21043;3761;11306;5976;16399;3707;2021;1686;937;538;399;136;79;57;122;90;32;115;64;51;83;35;48;481;270;211;181.0;307.0;116.0;133.0;689.0;717.0;1714
9177;Sluis;2023;20874;3722;11128;6024;16234;3679;1999;1680;961;555;406;143;82;61;119;87;32;114;63;51;81;36;45;504;287;217;195.0;305.0;131.0;134.0;658.0;705.0;1714
9178;Sluis;2024;20715;3687;10991;6037;16107;3622;1966;1656;986;572;414;146;84;62;124;91;33;119;64;55;82;40;42;515;293;222;197.0;323.0;118.0;118.0;667.0;690.0;1714
9179;Sluis;2025;20567;3684;10823;6060;15998;3558;1930;1628;1011;586;425;151;89;62;127;96;31;119;63;56;90;44;46;524;294;230;;;;;;;1714
9180;Smallingerland;2006;54892;13809;32533;8550;49509;2769;1111;1658;2614;1727;887;305;139;166;330;213;117;84;55;29;207;110;97;1688;1210;478;626.0;490.0;235.0;187.0;2002.0;1988.0;90
9181;Smallingerland;2007;55088;13719;32707;8662;49602;2805;1129;1676;2681;1744;937;318;146;172;341;212;129;88;56;32;215;113;102;1719;1217;502;616.0;476.0;234.0;167.0;1804.0;1995.0;90
9182;Smallingerland;2008;55105;13627;32634;8844;49541;2834;1134;1700;2730;1735;995;331;150;181;345;217;128;100;63;37;224;117;107;1730;1188;542;602.0;493.0;263.0;177.0;1762.0;1987.0;90
9183;Smallingerland;2009;55076;13565;32424;9087;49406;2893;1171;1722;2777;1742;1035;334;153;181;364;226;138;102;63;39;230;120;110;1747;1180;567;587.0;493.0;258.0;170.0;1763.0;1970.0;90
9184;Smallingerland;2010;55048;13474;32252;9322;49294;2942;1216;1726;2812;1747;1065;329;153;176;365;228;137;115;70;45;223;115;108;1780;1181;599;599.0;513.0;299.0;181.0;1745.0;1979.0;90
9185;Smallingerland;2011;55018;13373;32135;9510;49149;3004;1264;1740;2865;1774;1091;335;161;174;367;226;141;119;74;45;231;119;112;1813;1194;619;607.0;510.0;302.0;183.0;1724.0;1957.0;90
9186;Smallingerland;2012;55008;13298;31848;9862;48990;3072;1328;1744;2946;1796;1150;335;158;177;379;239;140;130;79;51;232;120;112;1870;1200;670;614.0;517.0;318.0;181.0;1740.0;1965.0;90
9187;Smallingerland;2013;55018;13239;31599;10180;48808;3169;1395;1774;3041;1839;1202;348;169;179;396;250;146;136;82;54;243;130;113;1918;1208;710;605.0;524.0;307.0;193.0;1763.0;1953.0;90
9188;Smallingerland;2014;55026;13173;31436;10417;48679;3223;1445;1778;3124;1871;1253;353;167;186;403;259;144;152;92;60;246;127;119;1970;1226;744;603.0;532.0;327.0;190.0;1745.0;1946.0;90
9189;Smallingerland;2015;55038;13163;31261;10614;48524;3327;1533;1794;3187;1887;1300;357;167;190;411;263;148;161;94;67;249;127;122;2009;1236;773;598.0;539.0;352.0;202.0;1779.0;1956.0;90
9190;Smallingerland;2016;55067;13104;31210;10753;48331;3464;1643;1821;3272;1926;1346;358;175;183;411;256;155;169;96;73;259;131;128;2075;1268;807;602.0;542.0;347.0;212.0;1793.0;1963.0;90
9191;Smallingerland;2017;55097;13073;31104;10920;48170;3542;1707;1835;3385;1972;1413;356;169;187;408;256;152;176;99;77;270;133;137;2175;1315;860;590.0;551.0;354.0;218.0;1816.0;1981.0;90
9192;Smallingerland;2018;55112;12995;31043;11074;48000;3632;1777;1855;3480;2003;1477;361;173;188;406;256;150;186;103;83;276;129;147;2251;1342;909;616.0;548.0;344.0;212.0;1793.0;1980.0;90
9193;Smallingerland;2019;55126;12925;30911;11290;47863;3698;1835;1863;3565;2050;1515;363;176;187;411;265;146;197;108;89;280;133;147;2314;1368;946;608.0;560.0;332.0;200.0;1814.0;1981.0;90
9194;Smallingerland;2020;55142;12860;30856;11426;47709;3803;1917;1886;3630;2077;1553;361;177;184;412;268;144;198;107;91;288;132;156;2371;1393;978;627.0;583.0;333.0;218.0;1849.0;1981.0;90
9195;Smallingerland;2021;55172;12832;30748;11592;47573;3892;1972;1920;3707;2107;1600;365;178;187;418;270;148;200;107;93;284;132;152;2440;1420;1020;616.0;567.0;359.0;206.0;1828.0;1990.0;90
9196;Smallingerland;2022;55212;12837;30591;11784;47439;3997;2066;1931;3776;2153;1623;368;184;184;431;287;144;202;108;94;289;134;155;2486;1440;1046;607.0;588.0;374.0;188.0;1811.0;1976.0;90
9197;Smallingerland;2023;55254;12789;30512;11953;47296;4081;2138;1943;3877;2234;1643;381;191;190;445;305;140;202;109;93;292;135;157;2557;1494;1063;618.0;604.0;369.0;193.0;1845.0;1983.0;90
9198;Smallingerland;2024;55310;12848;30335;12127;47159;4194;2233;1961;3957;2272;1685;392;195;197;459;317;142;203;110;93;297;134;163;2606;1516;1090;604.0;597.0;367.0;222.0;1862.0;1990.0;90
9199;Smallingerland;2025;55336;12869;30156;12311;47023;4268;2288;1980;4045;2327;1718;386;190;196;474;340;134;214;116;98;298;132;166;2673;1549;1124;;;;;;;90
9200;Sneek;2006;32599;8226;19232;5141;29249;2074;739;1335;1276;705;571;198;94;104;63;23;40;150;77;73;89;34;55;776;477;299;376.0;329.0;73.0;86.0;1172.0;1270.0;91
9201;Sneek;2007;32535;8203;19153;5179;29171;2070;728;1342;1294;720;574;201;96;105;73;32;41;153;77;76;95;38;57;772;477;295;382.0;348.0;68.0;82.0;1184.0;1250.0;91
9202;Sneek;2008;32487;8174;19100;5213;29117;2073;720;1353;1297;729;568;209;103;106;74;35;39;150;77;73;94;37;57;770;477;293;368.0;357.0;76.0;86.0;1189.0;1248.0;91
9203;Sneek;2009;32427;8167;18986;5274;29054;2060;707;1353;1313;730;583;214;106;108;77;38;39;146;74;72;102;39;63;774;473;301;369.0;336.0;81.0;75.0;1149.0;1239.0;91
9204;Sneek;2010;32379;8132;18900;5347;28985;2076;719;1357;1318;717;601;220;103;117;85;46;39;146;75;71;105;39;66;762;454;308;364.0;340.0;73.0;87.0;1160.0;1228.0;91
9205;Sneek;2011;32321;8084;18811;5426;28896;2075;723;1352;1350;746;604;220;103;117;94;53;41;146;75;71;117;46;71;773;469;304;355.0;340.0;80.0;82.0;1177.0;1226.0;91
9206;Sneek;2012;32281;8022;18642;5617;28810;2092;748;1344;1379;764;615;229;108;121;97;56;41;148;75;73;114;45;69;791;480;311;338.0;333.0;78.0;86.0;1192.0;1227.0;91
9207;Sneek;2013;32242;7946;18502;5794;28740;2098;769;1329;1404;781;623;233;109;124;104;62;42;147;74;73;117;49;68;803;487;316;324.0;343.0;81.0;77.0;1195.0;1230.0;91
9208;Sneek;2014;32192;7877;18410;5905;28670;2080;776;1304;1442;811;631;231;110;121;117;73;44;148;72;76;121;49;72;825;507;318;345.0;358.0;87.0;88.0;1213.0;1231.0;91
9209;Sneek;2015;32160;7845;18330;5985;28611;2076;774;1302;1473;829;644;238;114;124;129;83;46;157;76;81;122;47;75;827;509;318;345.0;347.0;75.0;74.0;1204.0;1225.0;91
9210;Sneek;2016;32139;7826;18258;6055;28529;2102;780;1322;1508;833;675;246;116;130;140;93;47;161;75;86;125;47;78;836;502;334;342.0;355.0;91.0;81.0;1201.0;1233.0;91
9211;Sneek;2017;32104;7787;18168;6149;28464;2106;797;1309;1534;859;675;236;117;119;158;107;51;163;76;87;131;50;81;846;509;337;347.0;346.0;90.0;88.0;1203.0;1231.0;91
9212;Sneek;2018;32080;7734;18108;6238;28389;2133;813;1320;1558;883;675;239;120;119;168;118;50;163;75;88;131;52;79;857;518;339;323.0;366.0;84.0;71.0;1232.0;1244.0;91
9213;Sneek;2019;32041;7675;18085;6281;28321;2152;808;1344;1568;900;668;235;120;115;177;127;50;162;74;88;136;55;81;858;524;334;334.0;359.0;95.0;76.0;1246.0;1248.0;91
9214;Sneek;2020;32033;7585;18081;6367;28241;2166;816;1350;1626;949;677;237;123;114;200;149;51;167;78;89;134;50;84;888;549;339;341.0;357.0;87.0;80.0;1245.0;1250.0;91
9215;Sneek;2021;32015;7514;18056;6445;28180;2171;844;1327;1664;969;695;240;124;116;207;155;52;166;76;90;143;51;92;908;563;345;328.0;376.0;85.0;84.0;1275.0;1246.0;91
9216;Sneek;2022;31999;7440;18056;6503;28113;2180;851;1329;1706;1014;692;240;126;114;229;178;51;164;75;89;150;54;96;923;581;342;325.0;380.0;89.0;73.0;1286.0;1257.0;91
9217;Sneek;2023;31991;7389;17962;6640;28047;2223;875;1348;1721;1032;689;230;122;108;249;196;53;160;76;84;152;59;93;930;579;351;348.0;380.0;72.0;86.0;1292.0;1255.0;91
9218;Sneek;2024;31982;7358;17854;6770;28001;2238;903;1335;1743;1040;703;228;116;112;249;193;56;161;77;84;153;60;93;952;594;358;323.0;383.0;110.0;61.0;1270.0;1259.0;91
9219;Sneek;2025;31981;7310;17775;6896;27918;2266;925;1341;1797;1084;713;222;112;110;269;205;64;165;79;86;162;61;101;979;627;352;;;;;;;91
9220;Soest;2006;45205;11085;26912;7208;36656;4016;1485;2531;4533;2593;1940;358;174;184;300;150;150;2081;1123;958;479;270;209;1315;876;439;476.0;430.0;153.0;184.0;1676.0;1731.0;342
9221;Soest;2007;45162;10976;26985;7201;36589;4001;1474;2527;4572;2578;1994;360;176;184;306;149;157;2083;1105;978;495;270;225;1328;878;450;459.0;406.0;152.0;192.0;1675.0;1745.0;342
9222;Soest;2008;45102;10834;27068;7200;36507;3977;1434;2543;4618;2574;2044;361;173;188;307;154;153;2103;1097;1006;510;272;238;1337;878;459;465.0;408.0;120.0;155.0;1665.0;1753.0;342
9223;Soest;2009;45036;10782;26936;7318;36428;4003;1416;2587;4605;2530;2075;371;179;192;298;150;148;2096;1082;1014;504;256;248;1336;863;473;459.0;421.0;117.0;177.0;1734.0;1759.0;342
9224;Soest;2010;44983;10675;26948;7360;36334;4010;1399;2611;4639;2500;2139;379;181;198;286;144;142;2102;1059;1043;527;262;265;1345;854;491;455.0;411.0;103.0;174.0;1725.0;1760.0;342
9225;Soest;2011;44916;10541;26970;7405;36261;3990;1380;2610;4665;2466;2199;389;185;204;296;151;145;2106;1040;1066;535;258;277;1339;832;507;451.0;422.0;126.0;152.0;1696.0;1751.0;342
9226;Soest;2012;44858;10469;26737;7652;36142;4011;1385;2626;4705;2453;2252;390;187;203;300;153;147;2094;1008;1086;544;255;289;1377;850;527;472.0;414.0;126.0;144.0;1673.0;1764.0;342
9227;Soest;2013;44804;10421;26464;7919;36018;4027;1399;2628;4759;2436;2323;392;183;209;305;153;152;2091;983;1108;554;252;302;1417;865;552;472.0;412.0;121.0;175.0;1715.0;1773.0;342
9228;Soest;2014;44750;10309;26296;8145;35938;4032;1411;2621;4780;2407;2373;397;177;220;302;153;149;2065;951;1114;562;252;310;1454;874;580;469.0;411.0;114.0;157.0;1697.0;1778.0;342
9229;Soest;2015;44684;10224;26145;8315;35871;4019;1405;2614;4794;2378;2416;403;170;233;308;158;150;2066;943;1123;569;254;315;1448;853;595;485.0;424.0;111.0;146.0;1688.0;1771.0;342
9230;Soest;2016;44630;10178;25975;8477;35789;4011;1401;2610;4830;2370;2460;410;171;239;308;157;151;2050;928;1122;572;253;319;1490;861;629;482.0;393.0;105.0;158.0;1698.0;1780.0;342
9231;Soest;2017;44584;10091;25901;8592;35733;4006;1402;2604;4845;2364;2481;421;173;248;302;154;148;2042;913;1129;571;252;319;1509;872;637;491.0;411.0;90.0;163.0;1726.0;1772.0;342
9232;Soest;2018;44544;10067;25785;8692;35700;3984;1413;2571;4860;2314;2546;426;173;253;299;152;147;2041;901;1140;577;252;325;1517;836;681;497.0;417.0;125.0;173.0;1708.0;1763.0;342
9233;Soest;2019;44517;9998;25750;8769;35647;3948;1419;2529;4922;2321;2601;443;180;263;313;155;158;2026;888;1138;586;252;334;1554;846;708;527.0;412.0;115.0;167.0;1688.0;1775.0;342
9234;Soest;2020;44495;9943;25682;8870;35630;3933;1418;2515;4932;2306;2626;445;183;262;312;151;161;2015;877;1138;593;254;339;1567;841;726;517.0;406.0;112.0;155.0;1680.0;1785.0;342
9235;Soest;2021;44460;9868;25648;8944;35543;3954;1427;2527;4963;2305;2658;453;186;267;318;155;163;1996;863;1133;599;255;344;1597;846;751;499.0;420.0;102.0;150.0;1733.0;1789.0;342
9236;Soest;2022;44433;9781;25599;9053;35478;3952;1422;2530;5003;2311;2692;461;185;276;325;156;169;1973;848;1125;604;260;344;1640;862;778;527.0;433.0;102.0;155.0;1716.0;1776.0;342
9237;Soest;2023;44413;9773;25479;9161;35383;3959;1411;2548;5071;2310;2761;467;178;289;324;154;170;1966;835;1131;614;261;353;1700;882;818;518.0;438.0;98.0;140.0;1722.0;1784.0;342
9238;Soest;2024;44389;9740;25377;9272;35320;3970;1426;2544;5099;2293;2806;465;180;285;333;159;174;1955;819;1136;615;256;359;1731;879;852;526.0;441.0;103.0;158.0;1738.0;1777.0;342
9239;Soest;2025;44378;9777;25198;9403;35281;3977;1433;2544;5120;2288;2832;476;180;296;340;163;177;1922;802;1120;625;249;376;1757;894;863;;;;;;;342
9240;Someren;2006;18235;4922;10801;2512;17187;730;227;503;318;190;128;23;11;12;12;6;6;13;8;5;54;26;28;216;139;77;170.0;130.0;31.0;67.0;530.0;492.0;847
9241;Someren;2007;18277;4829;10861;2587;17183;751;237;514;343;205;138;24;11;13;12;5;7;14;9;5;57;27;30;236;153;83;173.0;143.0;21.0;69.0;562.0;496.0;847
9242;Someren;2008;18322;4716;10953;2653;17185;777;243;534;360;213;147;23;9;14;15;7;8;14;8;6;58;27;31;250;162;88;155.0;144.0;25.0;70.0;573.0;507.0;847
9243;Someren;2009;18353;4605;11021;2727;17173;809;258;551;371;223;148;26;10;16;17;7;10;17;9;8;59;29;30;252;168;84;154.0;152.0;36.0;66.0;567.0;517.0;847
9244;Someren;2010;18376;4491;11085;2800;17152;834;275;559;390;235;155;24;8;16;19;8;11;19;10;9;60;29;31;268;180;88;151.0;155.0;50.0;58.0;561.0;528.0;847
9245;Someren;2011;18399;4374;11168;2857;17118;878;291;587;403;251;152;24;8;16;19;10;9;20;11;9;59;31;28;281;191;90;164.0;146.0;38.0;80.0;574.0;537.0;847
9246;Someren;2012;18414;4275;11198;2941;17106;887;297;590;421;259;162;24;7;17;20;14;6;22;12;10;62;31;31;293;195;98;157.0;156.0;41.0;76.0;585.0;537.0;847
9247;Someren;2013;18431;4178;11200;3053;17082;908;302;606;441;268;173;26;7;19;27;20;7;23;12;11;64;31;33;301;198;103;171.0;168.0;47.0;66.0;580.0;546.0;847
9248;Someren;2014;18450;4074;11228;3148;17068;927;314;613;455;272;183;25;7;18;31;24;7;25;13;12;67;31;36;307;197;110;170.0;165.0;42.0;65.0;578.0;550.0;847
9249;Someren;2015;18465;4005;11206;3254;17036;970;328;642;459;273;186;23;7;16;37;29;8;28;15;13;69;30;39;302;192;110;185.0;174.0;43.0;64.0;571.0;551.0;847
9250;Someren;2016;18474;3943;11213;3318;16991;1001;336;665;482;284;198;25;6;19;47;38;9;32;15;17;72;30;42;306;195;111;194.0;180.0;42.0;73.0;575.0;553.0;847
9251;Someren;2017;18481;3863;11255;3363;16950;1028;343;685;503;293;210;28;5;23;51;40;11;34;16;18;73;30;43;317;202;115;206.0;178.0;48.0;67.0;546.0;553.0;847
9252;Someren;2018;18484;3837;11226;3421;16917;1037;347;690;530;314;216;33;6;27;56;46;10;36;18;18;77;31;46;328;213;115;220.0;179.0;35.0;60.0;545.0;566.0;847
9253;Someren;2019;18483;3813;11183;3487;16907;1039;354;685;537;316;221;33;6;27;57;46;11;36;17;19;79;30;49;332;217;115;209.0;182.0;35.0;67.0;553.0;547.0;847
9254;Someren;2020;18487;3799;11142;3546;16872;1058;364;694;557;324;233;33;5;28;65;51;14;36;18;18;79;28;51;344;222;122;241.0;195.0;42.0;74.0;528.0;555.0;847
9255;Someren;2021;18479;3803;11057;3619;16858;1066;372;694;555;321;234;36;8;28;66;52;14;38;20;18;76;28;48;339;213;126;234.0;181.0;50.0;54.0;512.0;548.0;847
9256;Someren;2022;18494;3839;10942;3713;16826;1091;388;703;577;330;247;39;9;30;71;56;15;40;21;19;73;27;46;354;217;137;251.0;201.0;31.0;73.0;519.0;543.0;847
9257;Someren;2023;18480;3869;10807;3804;16789;1112;391;721;579;327;252;39;7;32;72;57;15;42;20;22;77;29;48;349;214;135;248.0;190.0;39.0;64.0;494.0;533.0;847
9258;Someren;2024;18473;3910;10664;3899;16754;1131;391;740;588;333;255;43;9;34;69;55;14;41;20;21;79;30;49;356;219;137;238.0;193.0;30.0;69.0;506.0;529.0;847
9259;Someren;2025;18463;3947;10505;4011;16730;1151;388;763;582;331;251;40;8;32;69;54;15;41;19;22;80;30;50;352;220;132;;;;;;;847
9260;Son en Breugel;2006;15088;3741;8592;2755;13397;1226;457;769;465;278;187;52;26;26;69;29;40;36;17;19;21;9;12;287;197;90;160.0;126.0;30.0;77.0;647.0;508.0;848
9261;Son en Breugel;2007;15217;3774;8613;2830;13472;1268;477;791;477;286;191;53;27;26;70;32;38;37;18;19;23;9;14;294;200;94;144.0;121.0;35.0;66.0;656.0;516.0;848
9262;Son en Breugel;2008;15352;3810;8595;2947;13557;1298;488;810;497;297;200;56;29;27;69;29;40;38;18;20;25;9;16;309;212;97;144.0;123.0;34.0;86.0;679.0;526.0;848
9263;Son en Breugel;2009;15474;3821;8620;3033;13643;1328;496;832;503;295;208;59;31;28;68;29;39;39;18;21;27;11;16;310;206;104;133.0;143.0;53.0;85.0;685.0;544.0;848
9264;Son en Breugel;2010;15574;3813;8656;3105;13708;1336;492;844;530;306;224;59;32;27;69;28;41;43;20;23;32;13;19;327;213;114;146.0;126.0;53.0;71.0;664.0;544.0;848
9265;Son en Breugel;2011;15696;3801;8713;3182;13770;1367;501;866;559;325;234;59;32;27;77;33;44;45;21;24;33;13;20;345;226;119;151.0;145.0;49.0;77.0;690.0;568.0;848
9266;Son en Breugel;2012;15798;3790;8757;3251;13847;1370;499;871;581;346;235;61;32;29;85;41;44;46;20;26;37;17;20;352;236;116;137.0;134.0;52.0;72.0;680.0;573.0;848
9267;Son en Breugel;2013;15890;3762;8806;3322;13872;1402;515;887;616;369;247;64;34;30;92;49;43;47;20;27;41;17;24;372;249;123;138.0;145.0;59.0;86.0;705.0;587.0;848
9268;Son en Breugel;2014;15972;3736;8848;3388;13904;1428;532;896;640;378;262;68;35;33;96;53;43;50;21;29;45;19;26;381;250;131;153.0;154.0;47.0;78.0;711.0;597.0;848
9269;Son en Breugel;2015;16050;3722;8902;3426;13907;1458;527;931;685;403;282;71;36;35;100;56;44;55;20;35;47;20;27;412;271;141;148.0;149.0;52.0;97.0;728.0;603.0;848
9270;Son en Breugel;2016;16130;3678;8987;3465;13960;1473;543;930;697;398;299;79;39;40;100;54;46;58;19;39;51;21;30;409;265;144;169.0;167.0;42.0;82.0;719.0;614.0;848
9271;Son en Breugel;2017;16196;3664;9049;3483;13980;1495;548;947;721;423;298;82;41;41;102;54;48;61;20;41;53;22;31;423;286;137;163.0;161.0;58.0;84.0;719.0;625.0;848
9272;Son en Breugel;2018;16266;3677;9066;3523;13991;1524;565;959;751;435;316;87;42;45;111;59;52;65;21;44;58;23;35;430;290;140;180.0;158.0;44.0;94.0;706.0;613.0;848
9273;Son en Breugel;2019;16333;3649;9153;3531;13998;1561;578;983;774;446;328;95;46;49;113;59;54;68;23;45;66;26;40;432;292;140;173.0;173.0;50.0;94.0;728.0;627.0;848
9274;Son en Breugel;2020;16391;3660;9177;3554;14005;1584;582;1002;802;466;336;100;48;52;116;64;52;73;25;48;63;22;41;450;307;143;193.0;168.0;48.0;80.0;709.0;641.0;848
9275;Son en Breugel;2021;16451;3661;9215;3575;14037;1594;603;991;820;467;353;100;46;54;119;65;54;74;24;50;66;23;43;461;309;152;195.0;168.0;51.0;84.0;688.0;636.0;848
9276;Son en Breugel;2022;16500;3683;9212;3605;14052;1605;610;995;843;472;371;97;44;53;126;70;56;80;26;54;68;23;45;472;309;163;177.0;182.0;49.0;90.0;712.0;636.0;848
9277;Son en Breugel;2023;16531;3676;9225;3630;14042;1626;624;1002;863;490;373;101;48;53;133;75;58;83;24;59;75;28;47;471;315;156;179.0;177.0;52.0;73.0;700.0;645.0;848
9278;Son en Breugel;2024;16573;3693;9218;3662;14049;1638;624;1014;886;490;396;104;49;55;134;72;62;86;24;62;79;29;50;483;316;167;205.0;188.0;52.0;78.0;699.0;645.0;848
9279;Son en Breugel;2025;16614;3723;9187;3704;14065;1640;616;1024;909;494;415;105;49;56;136;74;62;92;26;66;86;30;56;490;315;175;;;;;;;848
9280;Spijkenisse;2006;74962;18198;47915;8849;58386;6814;2793;4021;9762;5738;4024;3306;1785;1521;1821;1160;661;1001;527;474;402;190;212;3232;2076;1156;804.0;523.0;236.0;430.0;2872.0;3018.0;612
9281;Spijkenisse;2007;74906;17858;48014;9034;58195;6721;2774;3947;9990;5883;4107;3352;1823;1529;1829;1158;671;1012;523;489;415;200;215;3382;2179;1203;785.0;530.0;253.0;462.0;2886.0;2991.0;612
9282;Spijkenisse;2008;74850;17521;48128;9201;57967;6622;2778;3844;10261;6049;4212;3432;1884;1548;1846;1165;681;1029;532;497;438;210;228;3516;2258;1258;774.0;529.0;281.0;428.0;2846.0;3005.0;612
9283;Spijkenisse;2009;74792;17189;48134;9469;57743;6568;2776;3792;10481;6183;4298;3466;1917;1549;1873;1179;694;1060;543;517;468;221;247;3614;2323;1291;795.0;526.0;297.0;420.0;2816.0;3001.0;612
9284;Spijkenisse;2010;74758;16913;48134;9711;57532;6555;2782;3773;10671;6282;4389;3486;1940;1546;1905;1191;714;1058;539;519;491;230;261;3731;2382;1349;777.0;573.0;319.0;471.0;2909.0;2969.0;612
9285;Spijkenisse;2011;74755;16592;48324;9839;57392;6467;2776;3691;10896;6428;4468;3540;1979;1561;1918;1212;706;1073;546;527;511;239;272;3854;2452;1402;751.0;571.0;317.0;443.0;2914.0;2976.0;612
9286;Spijkenisse;2012;74752;16325;47886;10541;57218;6508;2847;3661;11026;6505;4521;3555;1981;1574;1915;1214;701;1091;552;539;536;253;283;3929;2505;1424;770.0;604.0;296.0;441.0;2959.0;2961.0;612
9287;Spijkenisse;2013;74773;16113;47595;11065;57071;6482;2862;3620;11220;6622;4598;3595;2022;1573;1946;1220;726;1098;559;539;551;259;292;4030;2562;1468;778.0;597.0;315.0;422.0;2900.0;2961.0;612
9288;Spijkenisse;2014;74793;15905;47354;11534;56935;6471;2889;3582;11387;6713;4674;3612;2042;1570;2003;1248;755;1098;554;544;563;269;294;4111;2600;1511;780.0;597.0;322.0;449.0;2906.0;2937.0;612
9289;Spijkenisse;2015;74823;15701;47263;11859;56783;6490;2929;3561;11550;6805;4745;3624;2063;1561;2028;1255;773;1113;558;555;583;275;308;4202;2654;1548;767.0;632.0;293.0;425.0;2955.0;2929.0;612
9290;Spijkenisse;2016;74857;15566;47052;12239;56719;6470;2951;3519;11668;6835;4833;3622;2066;1556;2041;1254;787;1127;559;568;601;280;321;4277;2676;1601;775.0;629.0;286.0;418.0;2940.0;2904.0;612
9291;Spijkenisse;2017;74912;15501;46771;12640;56629;6475;2963;3512;11808;6886;4922;3654;2085;1569;2050;1237;813;1150;571;579;611;285;326;4343;2708;1635;772.0;658.0;287.0;432.0;2978.0;2902.0;612
9292;Spijkenisse;2018;74962;15372;46576;13014;56560;6465;2948;3517;11937;6939;4998;3632;2079;1553;2051;1234;817;1157;565;592;630;289;341;4467;2772;1695;772.0;652.0;303.0;415.0;2942.0;2891.0;612
9293;Spijkenisse;2019;75026;15245;46274;13507;56526;6447;2967;3480;12053;7003;5050;3625;2078;1547;2073;1240;833;1161;571;590;657;296;361;4537;2818;1719;794.0;675.0;302.0;408.0;2959.0;2890.0;612
9294;Spijkenisse;2020;75110;15201;45949;13960;56502;6460;2981;3479;12148;7009;5139;3608;2052;1556;2091;1239;852;1166;578;588;690;299;391;4593;2841;1752;760.0;679.0;279.0;425.0;3020.0;2867.0;612
9295;Spijkenisse;2021;75203;15061;45728;14414;56541;6437;3000;3437;12225;7038;5187;3599;2052;1547;2107;1223;884;1185;583;602;694;301;393;4640;2879;1761;778.0;714.0;279.0;411.0;3029.0;2874.0;612
9296;Spijkenisse;2022;75294;15045;45452;14797;56544;6446;3020;3426;12304;7051;5253;3595;2053;1542;2106;1197;909;1177;582;595;712;306;406;4714;2913;1801;782.0;700.0;282.0;388.0;2974.0;2864.0;612
9297;Spijkenisse;2023;75384;14983;45134;15267;56525;6457;3030;3427;12402;7071;5331;3577;2051;1526;2117;1196;921;1201;586;615;722;302;420;4785;2936;1849;769.0;725.0;279.0;424.0;3044.0;2840.0;612
9298;Spijkenisse;2024;75487;14915;44900;15672;56654;6395;3008;3387;12438;7062;5376;3537;2020;1517;2123;1203;920;1206;579;627;745;307;438;4827;2953;1874;757.0;738.0;283.0;390.0;3035.0;2843.0;612
9299;Spijkenisse;2025;75598;14886;44691;16021;56640;6440;3039;3401;12518;7074;5444;3510;2002;1508;2125;1182;943;1211;579;632;749;308;441;4923;3003;1920;;;;;;;612
9300;Stadskanaal;2006;33332;7739;19612;5981;30801;1642;712;930;889;654;235;133;65;68;30;16;14;19;12;7;32;19;13;675;542;133;307.0;408.0;114.0;111.0;1481.0;1437.0;37
9301;Stadskanaal;2007;33278;7617;19638;6023;30723;1659;728;931;896;653;243;139;70;69;32;18;14;23;15;8;35;21;14;667;529;138;315.0;419.0;109.0;100.0;1347.0;1443.0;37
9302;Stadskanaal;2008;33090;7493;19535;6062;30504;1681;747;934;905;652;253;143;70;73;37;22;15;25;18;7;37;22;15;663;520;143;311.0;417.0;121.0;110.0;1282.0;1423.0;37
9303;Stadskanaal;2009;32860;7373;19378;6109;30272;1683;764;919;905;651;254;138;70;68;42;23;19;27;19;8;37;22;15;661;517;144;304.0;417.0;106.0;107.0;1283.0;1408.0;37
9304;Stadskanaal;2010;32626;7270;19171;6185;30033;1685;777;908;908;651;257;139;72;67;46;27;19;29;20;9;36;23;13;658;509;149;284.0;411.0;103.0;104.0;1297.0;1408.0;37
9305;Stadskanaal;2011;32392;7160;18982;6250;29799;1693;785;908;900;638;262;126;67;59;51;31;20;34;23;11;38;23;15;651;494;157;291.0;415.0;97.0;106.0;1312.0;1388.0;37
9306;Stadskanaal;2012;32184;7060;18729;6395;29579;1695;794;901;910;635;275;127;66;61;59;38;21;37;23;14;42;24;18;645;484;161;299.0;416.0;115.0;105.0;1275.0;1384.0;37
9307;Stadskanaal;2013;31976;6970;18484;6522;29355;1707;807;900;914;644;270;119;63;56;63;41;22;39;24;15;41;23;18;652;493;159;290.0;421.0;112.0;96.0;1285.0;1372.0;37
9308;Stadskanaal;2014;31778;6901;18254;6623;29132;1726;832;894;920;645;275;117;63;54;67;42;25;39;24;15;42;24;18;655;492;163;289.0;429.0;117.0;113.0;1317.0;1368.0;37
9309;Stadskanaal;2015;31595;6758;18145;6692;28955;1729;848;881;911;642;269;116;63;53;68;40;28;38;24;14;42;23;19;647;492;155;294.0;409.0;121.0;93.0;1281.0;1365.0;37
9310;Stadskanaal;2016;31428;6657;18001;6770;28734;1759;873;886;935;651;284;115;62;53;65;36;29;41;25;16;38;22;16;676;506;170;297.0;426.0;124.0;109.0;1298.0;1358.0;37
9311;Stadskanaal;2017;31255;6579;17850;6826;28547;1768;890;878;940;655;285;110;59;51;65;36;29;41;26;15;40;23;17;684;511;173;296.0;428.0;127.0;105.0;1299.0;1356.0;37
9312;Stadskanaal;2018;31089;6474;17739;6876;28359;1786;892;894;944;660;284;110;59;51;65;35;30;41;26;15;35;18;17;693;522;171;297.0;443.0;118.0;104.0;1321.0;1356.0;37
9313;Stadskanaal;2019;30925;6403;17634;6888;28196;1781;915;866;948;647;301;109;52;57;73;44;29;42;25;17;34;16;18;690;510;180;303.0;430.0;123.0;93.0;1296.0;1347.0;37
9314;Stadskanaal;2020;30782;6327;17531;6924;28027;1801;938;863;954;640;314;114;51;63;79;47;32;43;24;19;34;16;18;684;502;182;311.0;435.0;117.0;97.0;1298.0;1337.0;37
9315;Stadskanaal;2021;30641;6294;17358;6989;27859;1817;943;874;965;649;316;115;49;66;80;48;32;44;25;19;34;17;17;692;510;182;295.0;427.0;122.0;89.0;1316.0;1340.0;37
9316;Stadskanaal;2022;30521;6257;17224;7040;27703;1830;951;879;988;665;323;118;52;66;91;57;34;47;24;23;36;19;17;696;513;183;304.0;440.0;109.0;98.0;1305.0;1317.0;37
9317;Stadskanaal;2023;30386;6180;17069;7137;27547;1839;963;876;1000;671;329;117;52;65;93;60;33;48;24;24;40;19;21;702;516;186;313.0;445.0;127.0;90.0;1294.0;1323.0;37
9318;Stadskanaal;2024;30266;6202;16861;7203;27379;1850;974;876;1037;692;345;121;53;68;106;71;35;51;24;27;43;20;23;716;524;192;323.0;458.0;117.0;98.0;1311.0;1306.0;37
9319;Stadskanaal;2025;30156;6196;16699;7261;27246;1846;979;867;1064;711;353;124;53;71;121;83;38;49;24;25;44;19;25;726;532;194;;;;;;;37
9320;Staphorst;2006;16057;5440;8821;1796;15545;300;112;188;212;125;87;31;13;18;13;9;4;9;2;7;3;0;3;156;101;55;300.0;106.0;22.0;36.0;345.0;338.0;180
9321;Staphorst;2007;16243;5460;8929;1854;15656;337;123;214;250;149;101;34;14;20;13;9;4;15;6;9;5;2;3;183;118;65;310.0;94.0;23.0;49.0;347.0;345.0;180
9322;Staphorst;2008;16436;5480;9050;1906;15767;372;133;239;297;172;125;38;16;22;17;11;6;17;6;11;6;2;4;219;137;82;308.0;105.0;15.0;39.0;351.0;350.0;180
9323;Staphorst;2009;16616;5501;9135;1980;15870;404;146;258;342;197;145;42;19;23;20;13;7;20;6;14;7;2;5;253;157;96;306.0;115.0;24.0;45.0;347.0;356.0;180
9324;Staphorst;2010;16778;5530;9236;2012;15956;440;163;277;382;218;164;46;21;25;24;13;11;28;8;20;9;4;5;275;172;103;317.0;118.0;19.0;38.0;343.0;359.0;180
9325;Staphorst;2011;16942;5526;9350;2066;16073;465;170;295;404;231;173;49;22;27;28;14;14;34;11;23;11;4;7;282;180;102;327.0;121.0;40.0;47.0;343.0;371.0;180
9326;Staphorst;2012;17115;5586;9372;2157;16189;493;181;312;433;244;189;55;23;32;30;16;14;40;13;27;12;4;8;296;188;108;320.0;115.0;32.0;36.0;343.0;372.0;180
9327;Staphorst;2013;17286;5618;9436;2232;16297;519;188;331;470;265;205;59;25;34;35;20;15;47;16;31;19;8;11;310;196;114;345.0;115.0;29.0;47.0;345.0;375.0;180
9328;Staphorst;2014;17467;5673;9497;2297;16407;555;202;353;505;278;227;66;28;38;35;21;14;50;17;33;21;8;13;333;204;129;336.0;125.0;25.0;34.0;340.0;374.0;180
9329;Staphorst;2015;17633;5720;9563;2350;16495;601;220;381;537;297;240;66;29;37;35;22;13;54;20;34;26;10;16;356;216;140;344.0;131.0;31.0;50.0;342.0;376.0;180
9330;Staphorst;2016;17790;5781;9630;2379;16590;628;233;395;572;306;266;69;30;39;35;21;14;62;21;41;26;11;15;380;223;157;332.0;117.0;22.0;37.0;339.0;385.0;180
9331;Staphorst;2017;17944;5816;9701;2427;16689;658;244;414;597;313;284;70;29;41;39;24;15;68;24;44;30;13;17;390;223;167;352.0;128.0;31.0;37.0;339.0;385.0;180
9332;Staphorst;2018;18116;5842;9819;2455;16808;681;248;433;627;331;296;71;28;43;43;26;17;73;26;47;32;13;19;408;238;170;335.0;118.0;21.0;41.0;340.0;392.0;180
9333;Staphorst;2019;18261;5858;9886;2517;16906;718;260;458;637;328;309;69;28;41;42;25;17;79;27;52;36;12;24;411;236;175;345.0;136.0;32.0;46.0;348.0;392.0;180
9334;Staphorst;2020;18412;5901;9963;2548;17036;740;266;474;636;333;303;73;30;43;42;25;17;77;26;51;36;13;23;408;239;169;365.0;142.0;30.0;39.0;344.0;394.0;180
9335;Staphorst;2021;18577;5929;10079;2569;17148;773;279;494;656;339;317;74;29;45;42;24;18;81;28;53;38;13;25;421;245;176;360.0;147.0;27.0;42.0;350.0;390.0;180
9336;Staphorst;2022;18737;5962;10186;2589;17246;805;292;513;686;337;349;77;29;48;42;24;18;82;27;55;41;13;28;444;244;200;351.0;140.0;32.0;38.0;345.0;400.0;180
9337;Staphorst;2023;18887;6004;10245;2638;17353;828;297;531;706;348;358;80;31;49;44;26;18;86;28;58;39;12;27;457;251;206;360.0;145.0;31.0;43.0;342.0;395.0;180
9338;Staphorst;2024;19037;6068;10267;2702;17454;851;313;538;732;356;376;86;34;52;48;29;19;87;28;59;43;14;29;468;251;217;354.0;135.0;24.0;48.0;343.0;404.0;180
9339;Staphorst;2025;19173;6100;10312;2761;17554;876;329;547;743;354;389;86;33;53;53;31;22;91;28;63;41;13;28;472;249;223;;;;;;;180
9340;Stede Broec;2006;21720;5722;13493;2505;19612;1207;431;776;901;502;399;213;106;107;68;33;35;71;40;31;103;48;55;446;275;171;272.0;172.0;40.0;59.0;678.0;702.0;532
9341;Stede Broec;2007;21780;5704;13494;2582;19599;1246;443;803;935;518;417;219;108;111;66;29;37;75;41;34;112;52;60;463;288;175;264.0;184.0;31.0;44.0;673.0;703.0;532
9342;Stede Broec;2008;21817;5675;13488;2654;19563;1294;460;834;960;539;421;228;114;114;63;27;36;74;42;32;116;53;63;479;303;176;248.0;181.0;31.0;65.0;693.0;702.0;532
9343;Stede Broec;2009;21842;5627;13424;2791;19512;1349;487;862;981;554;427;227;109;118;64;28;36;82;46;36;121;55;66;487;316;171;250.0;193.0;36.0;46.0;650.0;686.0;532
9344;Stede Broec;2010;21857;5592;13286;2979;19469;1383;492;891;1005;557;448;236;109;127;69;28;41;82;47;35;123;54;69;495;319;176;253.0;191.0;40.0;46.0;650.0;689.0;532
9345;Stede Broec;2011;21874;5543;13233;3098;19419;1434;508;926;1021;565;456;237;105;132;74;32;42;85;48;37;130;56;74;495;324;171;243.0;192.0;38.0;52.0;669.0;687.0;532
9346;Stede Broec;2012;21893;5464;13078;3351;19370;1476;519;957;1047;574;473;244;106;138;75;33;42;84;47;37;135;58;77;509;330;179;261.0;202.0;31.0;55.0;673.0;695.0;532
9347;Stede Broec;2013;21905;5422;12923;3560;19322;1509;536;973;1074;591;483;240;106;134;76;34;42;90;48;42;141;61;80;527;342;185;242.0;201.0;35.0;50.0;680.0;692.0;532
9348;Stede Broec;2014;21918;5363;12816;3739;19274;1537;553;984;1107;612;495;241;110;131;80;40;40;97;50;47;145;63;82;544;349;195;247.0;208.0;35.0;53.0;685.0;685.0;532
9349;Stede Broec;2015;21940;5318;12743;3879;19225;1583;567;1016;1132;617;515;252;112;140;82;41;41;98;50;48;147;63;84;553;351;202;247.0;209.0;39.0;57.0;685.0;697.0;532
9350;Stede Broec;2016;21952;5260;12683;4009;19157;1637;582;1055;1158;626;532;262;114;148;84;42;42;96;48;48;151;62;89;565;360;205;233.0;219.0;45.0;48.0;686.0;694.0;532
9351;Stede Broec;2017;21955;5212;12600;4143;19097;1665;588;1077;1193;640;553;265;116;149;83;40;43;100;49;51;154;61;93;591;374;217;230.0;216.0;42.0;50.0;688.0;691.0;532
9352;Stede Broec;2018;21961;5155;12550;4256;19044;1694;597;1097;1223;654;569;264;115;149;82;42;40;107;49;58;160;62;98;610;386;224;272.0;227.0;26.0;57.0;689.0;689.0;532
9353;Stede Broec;2019;21973;5143;12455;4375;19013;1709;611;1098;1251;667;584;268;118;150;83;45;38;113;50;63;167;67;100;620;387;233;240.0;235.0;26.0;49.0;717.0;685.0;532
9354;Stede Broec;2020;21986;5070;12428;4488;18963;1724;619;1105;1299;693;606;267;119;148;80;41;39;122;54;68;178;68;110;652;411;241;250.0;230.0;34.0;68.0;726.0;697.0;532
9355;Stede Broec;2021;21999;5020;12382;4597;18910;1756;619;1137;1333;709;624;264;117;147;84;45;39;119;53;66;188;70;118;678;424;254;256.0;244.0;36.0;44.0;705.0;686.0;532
9356;Stede Broec;2022;22021;4991;12326;4704;18875;1785;630;1155;1361;715;646;265;119;146;88;49;39;130;58;72;191;69;122;687;420;267;259.0;239.0;33.0;46.0;701.0;695.0;532
9357;Stede Broec;2023;22036;4980;12259;4797;18821;1818;644;1174;1397;736;661;276;121;155;89;52;37;134;61;73;194;71;123;704;431;273;240.0;247.0;39.0;55.0;746.0;698.0;532
9358;Stede Broec;2024;22063;4974;12250;4839;18762;1852;649;1203;1449;743;706;284;123;161;89;52;37;137;58;79;209;73;136;730;437;293;250.0;258.0;28.0;55.0;729.0;693.0;532
9359;Stede Broec;2025;22065;4948;12191;4926;18711;1877;655;1222;1477;760;717;287;126;161;97;57;40;138;56;82;212;76;136;743;445;298;;;;;;;532
9360;Steenbergen;2006;23376;5505;14477;3394;21430;1240;443;797;706;393;313;182;80;102;59;31;28;47;23;24;63;27;36;355;232;123;215.0;209.0;40.0;70.0;667.0;718.0;851
9361;Steenbergen;2007;23302;5398;14441;3463;21297;1257;447;810;748;424;324;192;86;106;64;37;27;55;25;30;71;30;41;366;246;120;223.0;213.0;42.0;58.0;628.0;718.0;851
9362;Steenbergen;2008;23206;5308;14357;3541;21150;1280;457;823;776;431;345;194;86;108;59;33;26;64;27;37;70;29;41;389;256;133;207.0;219.0;37.0;68.0;665.0;720.0;851
9363;Steenbergen;2009;23111;5237;14253;3621;20993;1297;454;843;821;455;366;200;92;108;66;39;27;73;29;44;74;31;43;408;264;144;191.0;227.0;32.0;59.0;673.0;719.0;851
9364;Steenbergen;2010;23001;5108;14183;3710;20839;1303;455;848;859;468;391;215;100;115;64;39;25;81;30;51;78;33;45;421;266;155;202.0;233.0;28.0;65.0;692.0;726.0;851
9365;Steenbergen;2011;22900;5052;14061;3787;20692;1313;454;859;895;486;409;215;101;114;69;41;28;86;31;55;84;36;48;441;277;164;192.0;218.0;31.0;66.0;674.0;723.0;851
9366;Steenbergen;2012;22792;4915;13904;3973;20516;1345;469;876;931;501;430;224;108;116;71;40;31;90;32;58;90;40;50;456;281;175;197.0;226.0;45.0;61.0;668.0;718.0;851
9367;Steenbergen;2013;22698;4807;13788;4103;20376;1347;470;877;975;525;450;224;107;117;76;44;32;97;35;62;100;42;58;478;297;181;196.0;224.0;39.0;60.0;676.0;728.0;851
9368;Steenbergen;2014;22598;4724;13598;4276;20218;1359;482;877;1021;548;473;237;111;126;84;48;36;106;37;69;103;45;58;491;307;184;217.0;227.0;36.0;64.0;682.0;731.0;851
9369;Steenbergen;2015;22512;4657;13480;4375;20089;1355;488;867;1068;566;502;242;113;129;93;54;39;109;37;72;112;49;63;512;313;199;212.0;227.0;36.0;68.0;674.0;719.0;851
9370;Steenbergen;2016;22419;4567;13362;4490;19955;1370;504;866;1094;582;512;247;113;134;98;58;40;113;36;77;116;51;65;520;324;196;204.0;233.0;41.0;68.0;682.0;725.0;851
9371;Steenbergen;2017;22323;4484;13264;4575;19813;1376;514;862;1134;602;532;246;113;133;98;60;38;120;37;83;122;53;69;548;339;209;212.0;240.0;40.0;57.0;686.0;721.0;851
9372;Steenbergen;2018;22244;4430;13167;4647;19669;1419;538;881;1156;598;558;250;110;140;97;58;39;132;36;96;129;56;73;548;338;210;218.0;248.0;40.0;71.0;682.0;718.0;851
9373;Steenbergen;2019;22152;4383;13046;4723;19544;1422;533;889;1186;614;572;257;113;144;98;58;40;136;37;99;135;58;77;560;348;212;221.0;245.0;38.0;68.0;682.0;714.0;851
9374;Steenbergen;2020;22067;4333;12958;4776;19456;1426;530;896;1185;599;586;259;118;141;99;56;43;143;35;108;136;57;79;548;333;215;239.0;242.0;35.0;60.0;654.0;707.0;851
9375;Steenbergen;2021;21988;4304;12837;4847;19343;1425;532;893;1220;617;603;272;128;144;99;57;42;147;35;112;147;59;88;555;338;217;236.0;245.0;32.0;84.0;679.0;705.0;851
9376;Steenbergen;2022;21905;4285;12690;4930;19220;1452;555;897;1233;609;624;277;127;150;101;55;46;153;39;114;151;58;93;551;330;221;244.0;258.0;41.0;64.0;653.0;699.0;851
9377;Steenbergen;2023;21824;4265;12559;5000;19081;1473;563;910;1270;617;653;285;126;159;107;59;48;153;39;114;158;57;101;567;336;231;242.0;248.0;30.0;71.0;657.0;688.0;851
9378;Steenbergen;2024;21749;4294;12388;5067;18968;1484;560;924;1297;635;662;288;132;156;111;61;50;157;40;117;166;58;108;575;344;231;235.0;255.0;32.0;58.0;645.0;685.0;851
9379;Steenbergen;2025;21666;4292;12238;5136;18858;1511;563;948;1297;623;674;283;129;154;112;58;54;165;44;121;175;58;117;562;334;228;;;;;;;851
9380;Steenwijkerland;2006;42698;10891;24812;6995;39667;1766;718;1048;1265;762;503;113;47;66;135;85;50;273;135;138;54;22;32;690;473;217;451.0;403.0;41.0;110.0;1246.0;1359.0;1708
9381;Steenwijkerland;2007;42566;10722;24771;7073;39528;1760;712;1048;1278;751;527;111;46;65;137;86;51;277;137;140;52;22;30;701;460;241;455.0;411.0;46.0;101.0;1199.0;1359.0;1708
9382;Steenwijkerland;2008;42403;10566;24646;7191;39349;1779;714;1065;1275;744;531;111;44;67;144;89;55;274;138;136;53;22;31;693;451;242;442.0;416.0;46.0;109.0;1189.0;1348.0;1708
9383;Steenwijkerland;2009;42211;10418;24439;7354;39137;1794;703;1091;1280;719;561;109;41;68;143;88;55;266;130;136;55;23;32;707;437;270;438.0;411.0;54.0;117.0;1186.0;1339.0;1708
9384;Steenwijkerland;2010;42023;10268;24264;7491;38924;1805;706;1099;1294;725;569;106;41;65;140;89;51;267;127;140;56;24;32;725;444;281;414.0;426.0;45.0;106.0;1206.0;1331.0;1708
9385;Steenwijkerland;2011;41826;10078;24101;7647;38705;1825;719;1106;1296;716;580;95;37;58;136;88;48;270;126;144;58;24;34;737;441;296;422.0;425.0;28.0;94.0;1196.0;1322.0;1708
9386;Steenwijkerland;2012;41633;9916;23806;7911;38514;1837;707;1130;1282;712;570;93;37;56;137;89;48;268;127;141;60;25;35;724;434;290;424.0;426.0;35.0;98.0;1192.0;1307.0;1708
9387;Steenwijkerland;2013;41454;9804;23478;8172;38317;1859;713;1146;1278;703;575;98;39;59;132;83;49;262;125;137;64;27;37;722;429;293;413.0;436.0;36.0;94.0;1180.0;1297.0;1708
9388;Steenwijkerland;2014;41257;9667;23253;8337;38093;1886;719;1167;1278;700;578;95;39;56;124;79;45;261;125;136;70;29;41;728;428;300;415.0;447.0;35.0;91.0;1198.0;1289.0;1708
9389;Steenwijkerland;2015;41082;9555;23043;8484;37875;1921;737;1184;1286;699;587;94;40;54;129;87;42;257;121;136;77;28;49;729;423;306;396.0;445.0;40.0;80.0;1200.0;1280.0;1708
9390;Steenwijkerland;2016;40915;9472;22864;8579;37654;1958;759;1199;1303;711;592;96;42;54;128;85;43;255;120;135;80;28;52;744;436;308;413.0;449.0;33.0;88.0;1210.0;1282.0;1708
9391;Steenwijkerland;2017;40753;9390;22660;8703;37471;1966;758;1208;1316;719;597;100;43;57;121;76;45;252;119;133;82;29;53;761;452;309;412.0;458.0;39.0;96.0;1216.0;1280.0;1708
9392;Steenwijkerland;2018;40589;9247;22456;8886;37272;1985;775;1210;1332;728;604;103;42;61;120;76;44;261;120;141;77;28;49;771;462;309;413.0;458.0;33.0;96.0;1229.0;1278.0;1708
9393;Steenwijkerland;2019;40439;9134;22258;9047;37084;2000;780;1220;1355;747;608;103;41;62;124;78;46;260;121;139;80;29;51;788;478;310;411.0;473.0;43.0;78.0;1229.0;1279.0;1708
9394;Steenwijkerland;2020;40296;9018;22093;9185;36906;2016;792;1224;1374;749;625;105;39;66;126;76;50;259;120;139;84;31;53;800;483;317;387.0;493.0;25.0;79.0;1282.0;1269.0;1708
9395;Steenwijkerland;2021;40155;8844;21935;9376;36719;2038;801;1237;1398;759;639;106;39;67;129;76;53;267;120;147;84;33;51;812;491;321;397.0;483.0;37.0;76.0;1264.0;1281.0;1708
9396;Steenwijkerland;2022;40017;8712;21785;9520;36573;2051;811;1240;1393;765;628;110;42;68;127;75;52;270;122;148;89;37;52;797;489;308;397.0;506.0;36.0;84.0;1278.0;1266.0;1708
9397;Steenwijkerland;2023;39877;8599;21638;9640;36401;2061;817;1244;1415;785;630;108;41;67;130;81;49;269;121;148;90;37;53;818;505;313;402.0;494.0;32.0;65.0;1264.0;1263.0;1708
9398;Steenwijkerland;2024;39756;8521;21448;9787;36231;2083;837;1246;1442;808;634;110;43;67;132;83;49;272;124;148;92;37;55;836;521;315;393.0;510.0;35.0;90.0;1293.0;1247.0;1708
9399;Steenwijkerland;2025;39633;8431;21284;9918;36056;2095;845;1250;1482;830;652;108;41;67;138;89;49;283;128;155;95;36;59;858;536;322;;;;;;;1708
9400;Stein (L.);2006;26446;5597;16524;4325;22759;3109;821;2288;578;349;229;31;14;17;35;19;16;9;8;1;224;115;109;279;193;86;213.0;217.0;40.0;155.0;718.0;738.0;971
9401;Stein (L.);2007;26309;5447;16368;4494;22659;3068;797;2271;582;352;230;33;15;18;34;18;16;11;9;2;226;116;110;278;194;84;206.0;233.0;32.0;154.0;719.0;728.0;971
9402;Stein (L.);2008;26151;5293;16180;4678;22525;3032;790;2242;594;351;243;34;15;19;35;18;17;13;9;4;230;115;115;282;194;88;196.0;226.0;40.0;133.0;702.0;732.0;971
9403;Stein (L.);2009;25998;5160;16018;4820;22399;3010;787;2223;589;341;248;32;16;16;33;16;17;16;9;7;230;112;118;278;188;90;187.0;249.0;53.0;146.0;724.0;723.0;971
9404;Stein (L.);2010;25847;5044;15840;4963;22262;3001;800;2201;584;337;247;33;17;16;36;18;18;19;10;9;227;110;117;269;182;87;178.0;231.0;47.0;150.0;729.0;718.0;971
9405;Stein (L.);2011;25703;4908;15662;5133;22126;3000;797;2203;577;324;253;32;16;16;34;17;17;21;12;9;226;106;120;264;173;91;185.0;248.0;60.0;141.0;702.0;701.0;971
9406;Stein (L.);2012;25560;4774;15433;5353;22019;2966;800;2166;575;311;264;31;14;17;35;18;17;23;12;11;227;104;123;259;163;96;185.0;266.0;35.0;132.0;735.0;705.0;971
9407;Stein (L.);2013;25415;4636;15227;5552;21901;2925;784;2141;589;316;273;34;15;19;35;18;17;26;13;13;226;103;123;268;167;101;189.0;270.0;46.0;138.0;713.0;697.0;971
9408;Stein (L.);2014;25263;4535;14999;5729;21771;2895;781;2114;597;321;276;35;16;19;35;17;18;29;15;14;224;102;122;274;171;103;191.0;274.0;46.0;110.0;708.0;697.0;971
9409;Stein (L.);2015;25127;4467;14734;5926;21662;2866;784;2082;599;325;274;35;17;18;35;17;18;29;16;13;225;104;121;275;171;104;200.0;286.0;38.0;138.0;730.0;694.0;971
9410;Stein (L.);2016;24982;4391;14519;6072;21546;2843;777;2066;593;315;278;36;20;16;38;19;19;28;14;14;220;102;118;271;160;111;184.0;289.0;53.0;130.0;707.0;681.0;971
9411;Stein (L.);2017;24833;4318;14292;6223;21388;2852;781;2071;593;317;276;40;24;16;34;14;20;32;17;15;222;104;118;265;158;107;209.0;297.0;35.0;117.0;703.0;679.0;971
9412;Stein (L.);2018;24684;4258;14076;6350;21249;2822;771;2051;613;324;289;43;26;17;33;12;21;37;19;18;229;105;124;271;162;109;206.0;300.0;31.0;126.0;724.0;671.0;971
9413;Stein (L.);2019;24552;4182;13891;6479;21117;2818;773;2045;617;333;284;43;30;13;32;14;18;44;24;20;226;102;124;272;163;109;224.0;304.0;35.0;145.0;716.0;675.0;971
9414;Stein (L.);2020;24406;4139;13707;6560;21004;2781;760;2021;621;332;289;48;31;17;33;19;14;48;24;24;226;102;124;266;156;110;224.0;312.0;46.0;110.0;684.0;662.0;971
9415;Stein (L.);2021;24277;4087;13524;6666;20884;2758;761;1997;635;336;299;47;31;16;32;19;13;50;26;24;227;102;125;279;158;121;210.0;321.0;43.0;125.0;703.0;657.0;971
9416;Stein (L.);2022;24132;4032;13351;6749;20758;2728;749;1979;646;331;315;50;31;19;40;22;18;56;27;29;227;99;128;273;152;121;220.0;315.0;38.0;110.0;685.0;656.0;971
9417;Stein (L.);2023;23996;4012;13156;6828;20631;2703;741;1962;662;344;318;49;30;19;38;20;18;59;29;30;225;100;125;291;165;126;211.0;320.0;44.0;133.0;698.0;655.0;971
9418;Stein (L.);2024;23843;3975;12947;6921;20519;2662;723;1939;662;338;324;47;29;18;41;20;21;63;31;32;221;97;124;290;161;129;231.0;319.0;35.0;108.0;673.0;642.0;971
9419;Stein (L.);2025;23715;3996;12725;6994;20415;2632;707;1925;668;345;323;50;30;20;45;22;23;63;31;32;214;94;120;296;168;128;;;;;;;971
9420;Strijen;2006;9256;2257;5749;1250;8480;518;185;333;258;135;123;70;32;38;21;9;12;20;6;14;25;9;16;122;79;43;91.0;85.0;13.0;28.0;272.0;287.0;617
9421;Strijen;2007;9233;2238;5713;1282;8411;545;196;349;277;145;132;72;32;40;25;12;13;23;9;14;28;10;18;129;82;47;86.0;69.0;5.0;27.0;262.0;285.0;617
9422;Strijen;2008;9205;2199;5677;1329;8336;580;214;366;289;155;134;72;32;40;25;13;12;25;11;14;30;12;18;137;87;50;85.0;90.0;17.0;27.0;275.0;286.0;617
9423;Strijen;2009;9178;2180;5626;1372;8261;606;222;384;311;166;145;74;31;43;28;15;13;25;10;15;35;15;20;149;95;54;88.0;84.0;17.0;24.0;258.0;287.0;617
9424;Strijen;2010;9146;2112;5584;1450;8191;620;228;392;335;181;154;80;34;46;28;14;14;27;11;16;37;16;21;163;106;57;82.0;80.0;13.0;28.0;277.0;291.0;617
9425;Strijen;2011;9118;2085;5519;1514;8132;631;238;393;355;193;162;81;35;46;28;15;13;31;11;20;40;16;24;175;116;59;78.0;93.0;16.0;28.0;277.0;286.0;617
9426;Strijen;2012;9085;2032;5440;1613;8050;662;248;414;373;207;166;83;36;47;28;17;11;33;11;22;45;18;27;184;125;59;73.0;88.0;24.0;29.0;283.0;286.0;617
9427;Strijen;2013;9063;1996;5404;1663;7989;686;254;432;388;220;168;82;38;44;31;17;14;36;12;24;48;20;28;191;133;58;85.0;93.0;18.0;20.0;263.0;285.0;617
9428;Strijen;2014;9030;1970;5356;1704;7897;723;266;457;410;234;176;82;37;45;35;20;15;36;12;24;54;23;31;203;142;61;81.0;94.0;24.0;42.0;285.0;285.0;617
9429;Strijen;2015;8999;1938;5307;1754;7835;736;274;462;428;244;184;86;40;46;35;19;16;41;13;28;53;23;30;213;149;64;98.0;88.0;17.0;28.0;265.0;287.0;617
9430;Strijen;2016;8976;1926;5236;1814;7759;771;286;485;446;254;192;85;39;46;39;22;17;42;15;27;54;23;31;226;155;71;80.0;92.0;22.0;26.0;264.0;292.0;617
9431;Strijen;2017;8934;1878;5189;1867;7703;776;293;483;455;256;199;86;39;47;44;25;19;44;15;29;53;23;30;228;154;74;79.0;102.0;14.0;21.0;282.0;286.0;617
9432;Strijen;2018;8904;1848;5147;1909;7625;799;299;500;480;267;213;92;39;53;49;29;20;48;15;33;53;23;30;238;161;77;73.0;97.0;16.0;29.0;288.0;284.0;617
9433;Strijen;2019;8869;1810;5086;1973;7542;829;310;519;498;272;226;99;40;59;46;28;18;51;17;34;58;25;33;244;162;82;76.0;99.0;17.0;34.0;298.0;295.0;617
9434;Strijen;2020;8832;1748;5060;2024;7468;844;318;526;520;279;241;97;40;57;50;29;21;57;18;39;57;23;34;259;169;90;74.0;104.0;18.0;23.0;287.0;296.0;617
9435;Strijen;2021;8787;1696;5017;2074;7391;857;331;526;539;296;243;98;41;57;50;30;20;55;19;36;61;24;37;275;182;93;87.0;101.0;20.0;34.0;274.0;288.0;617
9436;Strijen;2022;8745;1677;4958;2110;7322;863;331;532;560;305;255;99;43;56;55;35;20;62;19;43;64;29;35;280;179;101;79.0;101.0;19.0;28.0;278.0;282.0;617
9437;Strijen;2023;8712;1656;4903;2153;7234;886;339;547;592;321;271;108;50;58;58;37;21;62;20;42;74;32;42;290;182;108;89.0;113.0;10.0;25.0;286.0;287.0;617
9438;Strijen;2024;8674;1655;4833;2186;7150;910;350;560;614;331;283;110;51;59;63;39;24;62;21;41;82;31;51;297;189;108;88.0;127.0;35.0;19.0;278.0;286.0;617
9439;Strijen;2025;8645;1660;4767;2218;7067;937;364;573;641;347;294;110;53;57;63;40;23;61;20;41;86;34;52;321;200;121;;;;;;;617
9440;Swalmen;2006;8811;1915;5447;1449;7437;1128;387;741;246;162;84;16;9;7;3;2;1;17;10;7;39;18;21;171;123;48;70.0;90.0;19.0;49.0;350.0;332.0;975
9441;Swalmen;2007;8780;1863;5417;1500;7374;1148;387;761;258;174;84;16;9;7;3;2;1;19;12;7;44;21;23;176;130;46;69.0;87.0;16.0;55.0;354.0;324.0;975
9442;Swalmen;2008;8757;1806;5430;1521;7324;1145;386;759;288;196;92;19;10;9;4;2;2;26;17;9;45;22;23;194;145;49;77.0;83.0;23.0;46.0;332.0;331.0;975
9443;Swalmen;2009;8731;1764;5406;1561;7277;1160;386;774;294;199;95;20;10;10;6;4;2;29;16;13;43;20;23;196;149;47;70.0;77.0;30.0;47.0;326.0;325.0;975
9444;Swalmen;2010;8708;1715;5401;1592;7233;1163;385;778;312;208;104;23;12;11;10;8;2;31;17;14;46;20;26;202;151;51;73.0;96.0;27.0;52.0;341.0;332.0;975
9445;Swalmen;2011;8668;1660;5376;1632;7177;1174;384;790;317;210;107;22;12;10;9;7;2;33;19;14;47;20;27;206;152;54;72.0;96.0;28.0;44.0;342.0;342.0;975
9446;Swalmen;2012;8626;1604;5340;1682;7131;1177;390;787;318;206;112;25;14;11;9;6;3;37;21;16;45;19;26;202;146;56;74.0;100.0;33.0;41.0;329.0;327.0;975
9447;Swalmen;2013;8596;1547;5292;1757;7088;1184;394;790;324;212;112;25;14;11;10;7;3;39;21;18;44;19;25;206;151;55;78.0;105.0;26.0;51.0;341.0;329.0;975
9448;Swalmen;2014;8557;1528;5212;1817;7042;1180;391;789;335;220;115;25;14;11;12;8;4;40;21;19;42;18;24;216;159;57;71.0;98.0;27.0;53.0;346.0;324.0;975
9449;Swalmen;2015;8524;1494;5154;1876;6998;1177;396;781;349;227;122;29;15;14;11;8;3;42;22;20;38;16;22;229;166;63;78.0;102.0;24.0;53.0;332.0;316.0;975
9450;Swalmen;2016;8487;1476;5062;1949;6961;1178;408;770;348;218;130;28;14;14;12;8;4;42;23;19;40;16;24;226;157;69;76.0;104.0;19.0;54.0;348.0;321.0;975
9451;Swalmen;2017;8449;1482;4979;1988;6928;1170;404;766;351;219;132;28;15;13;13;9;4;41;21;20;40;17;23;229;157;72;97.0;101.0;18.0;39.0;322.0;324.0;975
9452;Swalmen;2018;8420;1486;4888;2046;6902;1163;407;756;355;221;134;28;14;14;13;9;4;44;22;22;44;18;26;226;158;68;86.0;106.0;32.0;38.0;305.0;318.0;975
9453;Swalmen;2019;8382;1474;4831;2077;6876;1155;398;757;351;213;138;29;14;15;14;10;4;43;22;21;45;17;28;220;150;70;80.0;110.0;28.0;44.0;315.0;309.0;975
9454;Swalmen;2020;8345;1464;4777;2104;6824;1170;415;755;351;210;141;32;17;15;15;10;5;44;22;22;46;17;29;214;144;70;93.0;116.0;23.0;42.0;320.0;305.0;975
9455;Swalmen;2021;8318;1473;4716;2129;6793;1164;405;759;361;212;149;33;18;15;14;9;5;47;21;26;47;19;28;220;145;75;79.0;114.0;14.0;54.0;339.0;311.0;975
9456;Swalmen;2022;8273;1474;4638;2161;6761;1154;412;742;358;217;141;35;21;14;13;8;5;48;22;26;43;19;24;219;147;72;91.0;107.0;25.0;50.0;310.0;311.0;975
9457;Swalmen;2023;8233;1488;4563;2182;6734;1143;407;736;356;206;150;38;21;17;10;5;5;47;20;27;47;20;27;214;140;74;98.0;106.0;24.0;37.0;289.0;292.0;975
9458;Swalmen;2024;8209;1502;4474;2233;6716;1131;409;722;362;210;152;41;24;17;11;5;6;50;20;30;43;20;23;217;141;76;89.0;117.0;23.0;31.0;301.0;296.0;975
9459;Swalmen;2025;8180;1524;4390;2266;6679;1134;412;722;367;205;162;39;23;16;13;6;7;52;21;31;46;19;27;217;136;81;;;;;;;975
9460;Terneuzen;2006;55206;12827;32487;9892;43433;8468;3932;4536;3305;1805;1500;245;128;117;470;301;169;1364;610;754;239;118;121;987;648;339;532.0;553.0;363.0;456.0;1233.0;1357.0;715
9461;Terneuzen;2007;54974;12719;32260;9995;43342;8267;3817;4450;3365;1781;1584;253;131;122;454;280;174;1388;608;780;254;120;134;1016;642;374;508.0;578.0;355.0;446.0;1201.0;1360.0;715
9462;Terneuzen;2008;54656;12516;32001;10139;43134;8152;3785;4367;3370;1741;1629;255;130;125;430;257;173;1392;599;793;259;119;140;1034;636;398;494.0;581.0;374.0;451.0;1207.0;1363.0;715
9463;Terneuzen;2009;54341;12257;31795;10289;42957;7966;3721;4245;3418;1745;1673;266;132;134;431;246;185;1393;599;794;265;123;142;1063;645;418;508.0;581.0;357.0;448.0;1210.0;1360.0;715
9464;Terneuzen;2010;54028;12065;31473;10490;42741;7819;3637;4182;3468;1733;1735;279;131;148;416;235;181;1396;592;804;276;124;152;1101;651;450;490.0;587.0;352.0;396.0;1188.0;1357.0;715
9465;Terneuzen;2011;53723;11838;31166;10719;42514;7713;3589;4124;3496;1700;1796;296;135;161;410;222;188;1405;595;810;289;124;165;1096;624;472;508.0;579.0;338.0;406.0;1182.0;1353.0;715
9466;Terneuzen;2012;53415;11616;30745;11054;42270;7626;3552;4074;3519;1704;1815;304;142;162;412;220;192;1397;593;804;297;128;169;1109;621;488;494.0;567.0;351.0;413.0;1182.0;1353.0;715
9467;Terneuzen;2013;53115;11398;30378;11339;42028;7541;3522;4019;3546;1689;1857;313;143;170;400;219;181;1393;585;808;312;128;184;1128;614;514;491.0;573.0;352.0;391.0;1173.0;1345.0;715
9468;Terneuzen;2014;52825;11235;29986;11604;41803;7464;3505;3959;3558;1660;1898;329;150;179;390;208;182;1395;582;813;314;126;188;1130;594;536;494.0;580.0;324.0;391.0;1186.0;1335.0;715
9469;Terneuzen;2015;52525;11002;29742;11781;41557;7378;3476;3902;3590;1665;1925;339;156;183;374;198;176;1392;577;815;311;121;190;1174;613;561;498.0;581.0;338.0;356.0;1158.0;1335.0;715
9470;Terneuzen;2016;52247;10825;29465;11957;41365;7311;3471;3840;3571;1631;1940;339;155;184;380;197;183;1364;565;799;318;121;197;1170;593;577;526.0;601.0;296.0;394.0;1179.0;1318.0;715
9471;Terneuzen;2017;51934;10719;29127;12088;41191;7165;3399;3766;3578;1609;1969;342;158;184;375;189;186;1358;559;799;327;122;205;1176;581;595;515.0;598.0;314.0;392.0;1188.0;1309.0;715
9472;Terneuzen;2018;51655;10575;28904;12176;40978;7078;3361;3717;3599;1596;2003;344;155;189;375;189;186;1353;555;798;342;126;216;1185;571;614;511.0;583.0;305.0;350.0;1155.0;1309.0;715
9473;Terneuzen;2019;51380;10456;28570;12354;40806;6935;3291;3644;3639;1610;2029;345;157;188;360;178;182;1348;546;802;349;127;222;1237;602;635;544.0;606.0;291.0;324.0;1155.0;1303.0;715
9474;Terneuzen;2020;51138;10353;28314;12471;40642;6826;3251;3575;3670;1625;2045;344;158;186;348;176;172;1329;535;794;365;134;231;1284;622;662;524.0;592.0;260.0;354.0;1196.0;1294.0;715
9475;Terneuzen;2021;50881;10198;28104;12579;40471;6751;3229;3522;3659;1621;2038;343;162;181;333;169;164;1308;523;785;364;134;230;1311;633;678;554.0;613.0;269.0;307.0;1145.0;1281.0;715
9476;Terneuzen;2022;50649;10139;27827;12683;40306;6627;3198;3429;3716;1611;2105;356;166;190;344;176;168;1311;520;791;381;135;246;1324;614;710;534.0;624.0;249.0;312.0;1180.0;1268.0;715
9477;Terneuzen;2023;50405;10071;27482;12852;40142;6550;3174;3376;3713;1606;2107;355;163;192;344;178;166;1303;518;785;388;139;249;1323;608;715;541.0;628.0;250.0;336.0;1191.0;1254.0;715
9478;Terneuzen;2024;50169;10025;27161;12983;39997;6453;3143;3310;3719;1586;2133;348;163;185;346;179;167;1292;502;790;402;142;260;1331;600;731;518.0;626.0;254.0;298.0;1159.0;1240.0;715
9479;Terneuzen;2025;49937;10012;26838;13087;39812;6402;3107;3295;3723;1582;2141;348;159;189;343;178;165;1287;500;787;411;147;264;1334;598;736;;;;;;;715
9480;Terschelling;2006;4790;1001;3014;775;4452;253;80;173;85;49;36;9;3;6;14;4;10;2;1;1;2;1;1;58;40;18;35.0;48.0;14.0;13.0;253.0;232.0;93
9481;Terschelling;2007;4797;979;3027;791;4446;252;86;166;99;60;39;7;2;5;16;4;12;2;1;1;5;4;1;69;49;20;33.0;45.0;18.0;7.0;234.0;232.0;93
9482;Terschelling;2008;4797;976;3009;812;4429;261;93;168;107;67;40;8;2;6;15;5;10;3;1;2;4;3;1;77;56;21;41.0;46.0;15.0;10.0;233.0;238.0;93
9483;Terschelling;2009;4793;991;2964;838;4422;261;93;168;110;67;43;9;2;7;12;2;10;6;2;4;4;3;1;79;58;21;31.0;55.0;20.0;7.0;242.0;233.0;93
9484;Terschelling;2010;4791;974;2940;877;4411;264;97;167;116;75;41;9;2;7;12;2;10;6;2;4;4;3;1;85;66;19;40.0;48.0;19.0;10.0;231.0;232.0;93
9485;Terschelling;2011;4792;978;2940;874;4395;266;93;173;131;86;45;8;1;7;13;3;10;9;4;5;6;4;2;95;74;21;36.0;42.0;16.0;12.0;232.0;232.0;93
9486;Terschelling;2012;4792;976;2887;929;4383;272;103;169;137;82;55;10;1;9;15;5;10;8;3;5;6;4;2;98;69;29;37.0;50.0;25.0;6.0;229.0;231.0;93
9487;Terschelling;2013;4793;969;2855;969;4357;283;113;170;153;98;55;11;2;9;17;7;10;9;4;5;6;4;2;110;81;29;43.0;58.0;14.0;8.0;237.0;231.0;93
9488;Terschelling;2014;4791;989;2799;1003;4345;281;111;170;165;105;60;13;2;11;18;7;11;9;4;5;5;3;2;120;89;31;42.0;46.0;22.0;3.0;219.0;232.0;93
9489;Terschelling;2015;4791;991;2775;1025;4331;293;118;175;167;105;62;13;1;12;20;8;12;8;4;4;5;3;2;121;89;32;42.0;46.0;14.0;7.0;241.0;238.0;93
9490;Terschelling;2016;4795;986;2759;1050;4321;298;118;180;176;111;65;11;1;10;21;8;13;8;4;4;4;2;2;132;96;36;37.0;54.0;19.0;9.0;248.0;238.0;93
9491;Terschelling;2017;4799;978;2765;1056;4304;309;132;177;186;120;66;12;1;11;23;11;12;9;5;4;4;2;2;138;101;37;49.0;52.0;15.0;17.0;247.0;240.0;93
9492;Terschelling;2018;4802;963;2772;1067;4294;316;135;181;192;127;65;13;3;10;22;10;12;9;5;4;3;2;1;145;107;38;40.0;56.0;12.0;17.0;251.0;234.0;93
9493;Terschelling;2019;4800;940;2785;1075;4274;324;139;185;202;135;67;16;4;12;25;10;15;10;5;5;3;2;1;148;114;34;47.0;53.0;24.0;8.0;236.0;246.0;93
9494;Terschelling;2020;4801;942;2779;1080;4264;320;140;180;217;149;68;19;5;14;29;16;13;9;5;4;3;2;1;157;121;36;47.0;58.0;32.0;14.0;232.0;238.0;93
9495;Terschelling;2021;4802;947;2767;1088;4249;334;159;175;219;144;75;20;6;14;29;15;14;11;5;6;4;2;2;155;116;39;60.0;59.0;29.0;15.0;232.0;246.0;93
9496;Terschelling;2022;4802;966;2753;1083;4242;338;162;176;222;145;77;17;5;12;31;17;14;11;4;7;4;2;2;159;117;42;58.0;52.0;23.0;5.0;216.0;240.0;93
9497;Terschelling;2023;4804;984;2733;1087;4234;341;164;177;229;150;79;17;5;12;32;18;14;11;5;6;3;1;2;166;121;45;46.0;52.0;22.0;9.0;246.0;250.0;93
9498;Terschelling;2024;4809;970;2751;1088;4194;367;178;189;248;162;86;20;6;14;34;20;14;12;5;7;4;2;2;178;129;49;60.0;58.0;23.0;10.0;233.0;250.0;93
9499;Terschelling;2025;4808;967;2761;1080;4205;351;175;176;252;164;88;21;7;14;33;20;13;14;4;10;6;2;4;178;131;47;;;;;;;93
9500;Texel;2006;13783;3447;8327;2009;12497;934;406;528;352;210;142;41;16;25;33;12;21;12;9;3;12;8;4;254;165;89;131.0;124.0;15.0;34.0;492.0;452.0;448
9501;Texel;2007;13814;3382;8432;2000;12442;979;414;565;393;235;158;50;20;30;40;17;23;14;9;5;18;11;7;271;178;93;137.0;123.0;31.0;34.0;462.0;463.0;448
9502;Texel;2008;13824;3307;8490;2027;12400;994;424;570;430;255;175;56;21;35;46;21;25;17;10;7;17;11;6;294;192;102;131.0;115.0;30.0;36.0;460.0;462.0;448
9503;Texel;2009;13832;3238;8488;2106;12350;1025;430;595;457;270;187;64;24;40;49;22;27;16;10;6;21;12;9;307;202;105;140.0;105.0;26.0;23.0;443.0;479.0;448
9504;Texel;2010;13840;3205;8469;2166;12300;1046;434;612;494;290;204;74;24;50;51;23;28;19;12;7;22;12;10;328;219;109;136.0;111.0;31.0;30.0;452.0;482.0;448
9505;Texel;2011;13836;3133;8485;2218;12242;1062;435;627;532;310;222;79;27;52;56;26;30;20;12;8;28;13;15;349;232;117;144.0;121.0;34.0;39.0;470.0;495.0;448
9506;Texel;2012;13829;3078;8471;2280;12202;1072;432;640;555;326;229;85;29;56;57;32;25;25;14;11;34;15;19;354;236;118;143.0;117.0;34.0;50.0;481.0;491.0;448
9507;Texel;2013;13828;2992;8463;2373;12165;1082;431;651;581;344;237;88;32;56;66;38;28;28;17;11;38;16;22;361;241;120;144.0;120.0;33.0;29.0;466.0;503.0;448
9508;Texel;2014;13823;2938;8453;2432;12119;1102;446;656;602;341;261;95;36;59;65;35;30;30;19;11;42;18;24;370;233;137;149.0;120.0;25.0;36.0;477.0;499.0;448
9509;Texel;2015;13821;2881;8468;2472;12064;1127;454;673;630;341;289;107;40;67;65;34;31;36;21;15;51;23;28;371;223;148;162.0;119.0;29.0;40.0;455.0;496.0;448
9510;Texel;2016;13817;2867;8425;2525;12003;1152;460;692;662;353;309;123;45;78;66;35;31;42;22;20;52;24;28;379;227;152;154.0;103.0;27.0;29.0;456.0;507.0;448
9511;Texel;2017;13815;2838;8402;2575;11959;1167;451;716;689;362;327;127;44;83;62;33;29;46;22;24;57;24;33;397;239;158;160.0;127.0;23.0;32.0;478.0;507.0;448
9512;Texel;2018;13811;2818;8375;2618;11938;1156;446;710;717;373;344;139;50;89;63;34;29;52;26;26;66;27;39;397;236;161;167.0;116.0;25.0;27.0;460.0;509.0;448
9513;Texel;2019;13815;2807;8346;2662;11925;1153;447;706;737;375;362;144;50;94;64;35;29;57;26;31;70;27;43;402;237;165;165.0;121.0;20.0;41.0;473.0;496.0;448
9514;Texel;2020;13817;2795;8309;2713;11866;1186;470;716;765;393;372;149;52;97;67;38;29;60;28;32;69;29;40;420;246;174;182.0;116.0;30.0;36.0;441.0;500.0;448
9515;Texel;2021;13819;2802;8279;2738;11826;1199;471;728;794;401;393;159;57;102;68;35;33;65;29;36;73;30;43;429;250;179;178.0;117.0;25.0;45.0;454.0;499.0;448
9516;Texel;2022;13818;2799;8247;2772;11783;1223;495;728;812;414;398;164;61;103;68;38;30;65;30;35;75;29;46;440;256;184;179.0;118.0;28.0;39.0;451.0;494.0;448
9517;Texel;2023;13825;2811;8210;2804;11734;1238;507;731;853;432;421;169;63;106;73;41;32;69;30;39;78;30;48;464;268;196;177.0;127.0;23.0;34.0;447.0;482.0;448
9518;Texel;2024;13832;2863;8145;2824;11702;1256;517;739;874;446;428;170;65;105;80;44;36;72;33;39;86;35;51;466;269;197;167.0;123.0;24.0;44.0;467.0;491.0;448
9519;Texel;2025;13835;2880;8112;2843;11658;1280;515;765;897;452;445;176;64;112;87;45;42;78;37;41;89;34;55;467;272;195;;;;;;;448
9520;Tholen;2006;24812;7019;14394;3399;23014;1066;442;624;732;432;300;68;37;31;40;21;19;44;26;18;213;102;111;367;246;121;345.0;208.0;52.0;71.0;599.0;603.0;716
9521;Tholen;2007;24928;6984;14498;3446;23022;1125;461;664;781;459;322;83;42;41;44;23;21;50;29;21;220;107;113;384;258;126;351.0;212.0;53.0;66.0;536.0;610.0;716
9522;Tholen;2008;24985;6992;14524;3469;22982;1183;476;707;820;480;340;91;45;46;48;25;23;55;30;25;227;110;117;399;270;129;358.0;204.0;60.0;78.0;536.0;613.0;716
9523;Tholen;2009;25040;6968;14536;3536;22944;1226;488;738;870;498;372;107;54;53;52;28;24;58;28;30;234;108;126;419;280;139;343.0;225.0;40.0;70.0;557.0;613.0;716
9524;Tholen;2010;25071;6939;14531;3601;22872;1265;501;764;934;530;404;119;59;60;60;32;28;63;31;32;240;105;135;452;303;149;357.0;213.0;61.0;63.0;514.0;617.0;716
9525;Tholen;2011;25116;6873;14585;3658;22844;1299;514;785;973;536;437;130;63;67;66;36;30;70;30;40;245;107;138;462;300;162;341.0;209.0;60.0;72.0;540.0;616.0;716
9526;Tholen;2012;25164;6839;14505;3820;22777;1347;539;808;1040;561;479;144;71;73;71;39;32;85;34;51;252;107;145;488;310;178;356.0;206.0;60.0;61.0;527.0;629.0;716
9527;Tholen;2013;25214;6789;14475;3950;22741;1388;560;828;1085;566;519;155;72;83;73;40;33;95;36;59;266;111;155;496;307;189;346.0;215.0;59.0;68.0;535.0;621.0;716
9528;Tholen;2014;25250;6769;14437;4044;22692;1422;579;843;1136;574;562;168;77;91;77;43;34;106;39;67;278;113;165;507;302;205;358.0;209.0;59.0;74.0;517.0;631.0;716
9529;Tholen;2015;25279;6721;14425;4133;22646;1455;601;854;1178;585;593;182;82;100;83;45;38;110;41;69;286;113;173;517;304;213;370.0;215.0;50.0;70.0;513.0;627.0;716
9530;Tholen;2016;25302;6706;14420;4176;22599;1490;609;881;1213;602;611;188;84;104;92;51;41;118;46;72;291;113;178;524;308;216;331.0;209.0;67.0;76.0;543.0;629.0;716
9531;Tholen;2017;25332;6629;14451;4252;22543;1534;633;901;1255;624;631;195;88;107;95;54;41;126;50;76;296;112;184;543;320;223;355.0;222.0;59.0;61.0;523.0;633.0;716
9532;Tholen;2018;25357;6601;14403;4353;22496;1577;659;918;1284;645;639;204;98;106;92;54;38;128;51;77;304;113;191;556;329;227;369.0;218.0;54.0;59.0;519.0;638.0;716
9533;Tholen;2019;25386;6519;14452;4415;22459;1597;659;938;1330;674;656;211;107;104;99;60;39;134;51;83;310;114;196;576;342;234;363.0;224.0;66.0;62.0;518.0;633.0;716
9534;Tholen;2020;25413;6472;14413;4528;22404;1648;686;962;1361;683;678;218;112;106;109;64;45;137;51;86;317;117;200;580;339;241;360.0;224.0;56.0;67.0;527.0;630.0;716
9535;Tholen;2021;25439;6441;14421;4577;22367;1685;710;975;1387;699;688;212;112;100;114;67;47;139;50;89;324;116;208;598;354;244;357.0;219.0;62.0;67.0;505.0;625.0;716
9536;Tholen;2022;25455;6435;14349;4671;22304;1724;726;998;1427;711;716;224;119;105;123;72;51;148;52;96;326;108;218;606;360;246;365.0;241.0;55.0;70.0;516.0;617.0;716
9537;Tholen;2023;25467;6429;14316;4722;22261;1757;734;1023;1449;718;731;222;122;100;131;76;55;150;53;97;326;104;222;620;363;257;374.0;235.0;63.0;53.0;487.0;628.0;716
9538;Tholen;2024;25479;6459;14201;4819;22200;1781;751;1030;1498;726;772;232;122;110;133;76;57;160;55;105;335;105;230;638;368;270;386.0;237.0;58.0;68.0;490.0;616.0;716
9539;Tholen;2025;25497;6491;14126;4880;22171;1799;760;1039;1527;735;792;240;125;115;139;79;60;162;57;105;341;108;233;645;366;279;;;;;;;716
9540;Thorn;2006;2605;582;1553;470;2191;353;95;258;61;44;17;0;0;0;3;2;1;2;1;1;2;0;2;54;41;13;18.0;31.0;6.0;20.0;160.0;101.0;977
9541;Thorn;2007;2637;582;1557;498;2201;367;101;266;69;47;22;3;0;3;2;1;1;3;2;1;3;1;2;58;43;15;24.0;31.0;11.0;8.0;156.0;107.0;977
9542;Thorn;2008;2680;600;1567;513;2226;372;105;267;82;57;25;3;0;3;3;2;1;5;4;1;6;3;3;65;48;17;20.0;35.0;14.0;9.0;159.0;104.0;977
9543;Thorn;2009;2724;598;1595;531;2265;380;105;275;79;53;26;3;0;3;5;3;2;5;4;1;6;3;3;60;43;17;17.0;24.0;14.0;13.0;156.0;112.0;977
9544;Thorn;2010;2760;604;1598;558;2291;391;104;287;78;51;27;3;0;3;5;3;2;4;3;1;6;3;3;60;42;18;15.0;24.0;9.0;13.0;154.0;120.0;977
9545;Thorn;2011;2781;599;1610;572;2298;399;115;284;84;53;31;3;0;3;7;4;3;5;3;2;5;2;3;64;44;20;22.0;27.0;14.0;14.0;157.0;113.0;977
9546;Thorn;2012;2819;600;1627;592;2307;419;124;295;93;56;37;3;0;3;8;4;4;8;4;4;7;2;5;67;46;21;21.0;41.0;14.0;17.0;156.0;120.0;977
9547;Thorn;2013;2831;601;1592;638;2306;425;133;292;100;61;39;3;0;3;8;4;4;8;4;4;6;2;4;75;51;24;18.0;35.0;11.0;15.0;161.0;112.0;977
9548;Thorn;2014;2857;595;1580;682;2316;435;137;298;106;64;42;4;0;4;7;3;4;10;5;5;7;2;5;78;54;24;22.0;35.0;13.0;19.0;151.0;117.0;977
9549;Thorn;2015;2870;595;1583;692;2318;439;143;296;113;68;45;4;0;4;7;2;5;10;5;5;7;2;5;85;59;26;23.0;41.0;21.0;17.0;154.0;120.0;977
9550;Thorn;2016;2891;612;1579;700;2322;448;149;299;121;69;52;3;0;3;9;2;7;10;5;5;8;2;6;91;60;31;24.0;41.0;9.0;21.0;153.0;112.0;977
9551;Thorn;2017;2904;619;1562;723;2331;446;148;298;127;71;56;4;1;3;11;3;8;11;5;6;8;2;6;93;60;33;22.0;42.0;12.0;12.0;155.0;126.0;977
9552;Thorn;2018;2912;619;1551;742;2338;444;148;296;130;74;56;6;3;3;12;4;8;11;5;6;10;3;7;91;59;32;28.0;49.0;14.0;14.0;158.0;118.0;977
9553;Thorn;2019;2929;618;1560;751;2333;451;155;296;145;82;63;5;3;2;13;4;9;14;6;8;12;3;9;101;66;35;21.0;40.0;17.0;23.0;152.0;123.0;977
9554;Thorn;2020;2933;611;1558;764;2334;452;152;300;147;84;63;5;3;2;13;4;9;13;6;7;12;3;9;104;68;36;26.0;47.0;15.0;16.0;152.0;123.0;977
9555;Thorn;2021;2939;626;1538;775;2335;451;154;297;153;83;70;5;3;2;13;4;9;14;6;8;14;3;11;107;67;40;33.0;46.0;13.0;21.0;152.0;123.0;977
9556;Thorn;2022;2947;634;1524;789;2337;461;167;294;149;83;66;5;3;2;11;3;8;14;6;8;14;3;11;105;68;37;41.0;33.0;9.0;22.0;151.0;139.0;977
9557;Thorn;2023;2954;630;1515;809;2344;459;168;291;151;86;65;6;3;3;11;3;8;14;6;8;12;3;9;108;71;37;23.0;46.0;13.0;16.0;147.0;125.0;977
9558;Thorn;2024;2949;610;1516;823;2343;450;166;284;156;90;66;8;4;4;11;5;6;17;7;10;12;3;9;108;71;37;34.0;46.0;12.0;22.0;155.0;123.0;977
9559;Thorn;2025;2959;623;1490;846;2343;453;165;288;163;89;74;9;4;5;12;5;7;18;7;11;13;3;10;111;70;41;;;;;;;977
9560;Tiel;2006;40542;11154;24698;4690;31920;3384;1254;2130;5238;2764;2474;244;108;136;150;78;72;2221;1138;1083;1698;870;828;925;570;355;538.0;338.0;168.0;220.0;1260.0;1613.0;281
9561;Tiel;2007;40335;11113;24487;4735;31726;3338;1217;2121;5271;2737;2534;252;109;143;144;78;66;2221;1117;1104;1726;862;864;928;571;357;528.0;334.0;192.0;216.0;1200.0;1589.0;281
9562;Tiel;2008;40118;11017;24293;4808;31552;3297;1218;2079;5269;2713;2556;250;111;139;141;77;64;2212;1108;1104;1743;843;900;923;574;349;491.0;339.0;160.0;176.0;1202.0;1565.0;281
9563;Tiel;2009;39896;10924;24046;4926;31399;3253;1221;2032;5244;2685;2559;248;114;134;144;81;63;2195;1088;1107;1750;831;919;907;571;336;487.0;350.0;187.0;188.0;1195.0;1547.0;281
9564;Tiel;2010;39680;10800;23847;5033;31246;3200;1209;1991;5234;2658;2576;255;115;140;139;74;65;2180;1064;1116;1747;816;931;913;589;324;468.0;348.0;182.0;195.0;1191.0;1535.0;281
9565;Tiel;2011;39444;10666;23630;5148;31077;3193;1224;1969;5174;2591;2583;254;119;135;130;68;62;2160;1037;1123;1733;796;937;897;571;326;471.0;353.0;183.0;159.0;1135.0;1516.0;281
9566;Tiel;2012;39209;10547;23232;5430;30883;3170;1224;1946;5156;2561;2595;258;124;134;133;70;63;2124;1018;1106;1736;786;950;905;563;342;444.0;336.0;171.0;167.0;1131.0;1497.0;281
9567;Tiel;2013;38959;10387;22883;5689;30719;3128;1214;1914;5112;2517;2595;259;122;137;130;70;60;2098;1003;1095;1738;774;964;887;548;339;434.0;358.0;179.0;172.0;1174.0;1499.0;281
9568;Tiel;2014;38723;10262;22559;5902;30559;3098;1226;1872;5066;2474;2592;259;120;139;128;67;61;2046;980;1066;1740;769;971;893;538;355;406.0;361.0;193.0;168.0;1174.0;1485.0;281
9569;Tiel;2015;38482;10057;22349;6076;30411;3078;1236;1842;4993;2440;2553;267;121;146;130;69;61;2006;969;1037;1713;753;960;877;528;349;396.0;345.0;161.0;194.0;1230.0;1473.0;281
9570;Tiel;2016;38257;9872;22131;6254;30283;3058;1232;1826;4916;2391;2525;257;120;137;136;70;66;1982;953;1029;1686;734;952;855;514;341;402.0;367.0;179.0;179.0;1196.0;1463.0;281
9571;Tiel;2017;38027;9749;21889;6389;30173;3016;1223;1793;4838;2368;2470;254;122;132;136;68;68;1924;930;994;1656;726;930;868;522;346;389.0;366.0;175.0;168.0;1215.0;1443.0;281
9572;Tiel;2018;37829;9584;21681;6564;30015;3030;1251;1779;4784;2343;2441;258;124;134;136;68;68;1894;910;984;1609;708;901;887;533;354;386.0;364.0;181.0;166.0;1181.0;1449.0;281
9573;Tiel;2019;37602;9350;21529;6723;29876;3015;1260;1755;4711;2318;2393;257;126;131;132;69;63;1860;899;961;1572;698;874;890;526;364;391.0;389.0;156.0;176.0;1242.0;1446.0;281
9574;Tiel;2020;37382;9167;21324;6891;29750;3024;1254;1770;4608;2263;2345;256;124;132;129;70;59;1818;879;939;1524;674;850;881;516;365;391.0;385.0;152.0;149.0;1245.0;1443.0;281
9575;Tiel;2021;37199;8948;21203;7048;29638;3011;1251;1760;4550;2242;2308;259;126;133;131;72;59;1784;865;919;1514;674;840;862;505;357;394.0;404.0;158.0;150.0;1241.0;1442.0;281
9576;Tiel;2022;36998;8808;20983;7207;29501;3014;1261;1753;4483;2224;2259;259;124;135;129;74;55;1750;853;897;1470;656;814;875;517;358;387.0;405.0;178.0;144.0;1236.0;1441.0;281
9577;Tiel;2023;36812;8636;20785;7391;29351;3023;1272;1751;4438;2212;2226;267;124;143;125;74;51;1712;845;867;1428;636;792;906;533;373;400.0;405.0;148.0;168.0;1263.0;1432.0;281
9578;Tiel;2024;36622;8450;20644;7528;29262;3008;1273;1735;4352;2180;2172;263;122;141;127;74;53;1650;819;831;1403;629;774;909;536;373;392.0;423.0;157.0;148.0;1263.0;1424.0;281
9579;Tiel;2025;36440;8296;20457;7687;29127;2991;1263;1728;4322;2162;2160;271;123;148;133;75;58;1630;812;818;1360;605;755;928;547;381;;;;;;;281
9580;Tilburg;2006;199166;46249;127033;25884;157114;15632;5908;9724;26420;15235;11185;3197;1869;1328;3904;2581;1323;7040;3687;3353;4895;2451;2444;7384;4647;2737;2484.0;1783.0;1262.0;1995.0;7683.0;6567.0;855
9581;Tilburg;2007;200262;46678;127321;26263;158068;15602;5852;9750;26592;14920;11672;3236;1854;1382;3740;2397;1343;7167;3704;3463;4986;2445;2541;7463;4520;2943;2495.0;1815.0;1273.0;1966.0;8119.0;6498.0;855
9582;Tilburg;2008;201881;47221;127896;26764;159408;15577;5774;9803;26896;14713;12183;3300;1842;1458;3597;2233;1364;7252;3712;3540;5119;2459;2660;7628;4467;3161;2496.0;1832.0;1311.0;1923.0;7819.0;6493.0;855
9583;Tilburg;2009;203272;47695;128266;27311;160429;15574;5699;9875;27269;14567;12702;3340;1854;1486;3494;2120;1374;7390;3735;3655;5238;2457;2781;7807;4401;3406;2497.0;1835.0;1309.0;1878.0;8047.0;6475.0;855
9584;Tilburg;2010;204953;48107;128854;27992;161772;15619;5703;9916;27562;14432;13130;3370;1855;1515;3437;2045;1392;7473;3734;3739;5324;2442;2882;7958;4356;3602;2533.0;1891.0;1338.0;1877.0;8060.0;6467.0;855
9585;Tilburg;2011;206661;48381;129551;28729;163111;15675;5696;9979;27875;14323;13552;3402;1862;1540;3372;1959;1413;7562;3758;3804;5412;2426;2986;8127;4318;3809;2477.0;1900.0;1291.0;1832.0;8071.0;6459.0;855
9586;Tilburg;2012;208317;48593;129932;29792;164432;15671;5720;9951;28214;14184;14030;3446;1850;1596;3294;1868;1426;7677;3780;3897;5515;2429;3086;8282;4257;4025;2488.0;1950.0;1296.0;1800.0;8083.0;6488.0;855
9587;Tilburg;2013;209953;48876;130235;30842;165627;15754;5760;9994;28572;14111;14461;3488;1852;1636;3238;1804;1434;7767;3792;3975;5586;2423;3163;8493;4240;4253;2518.0;1958.0;1290.0;1776.0;8018.0;6487.0;855
9588;Tilburg;2014;211564;49223;130535;31806;166763;15863;5801;10062;28938;14039;14899;3578;1871;1707;3183;1743;1440;7852;3787;4065;5655;2426;3229;8670;4212;4458;2507.0;2009.0;1247.0;1739.0;8018.0;6503.0;855
9589;Tilburg;2015;213101;49435;130955;32711;167982;15906;5796;10110;29213;13952;15261;3580;1871;1709;3128;1675;1453;7932;3781;4151;5722;2421;3301;8851;4204;4647;2526.0;2023.0;1220.0;1742.0;7999.0;6510.0;855
9590;Tilburg;2016;214586;49705;131386;33495;169178;15941;5751;10190;29467;13889;15578;3626;1870;1756;3029;1609;1420;8001;3791;4210;5800;2413;3387;9011;4206;4805;2540.0;2083.0;1172.0;1694.0;7991.0;6540.0;855
9591;Tilburg;2017;215986;50003;131738;34245;170244;15976;5741;10235;29766;13816;15950;3666;1876;1790;2958;1563;1395;8066;3783;4283;5868;2419;3449;9208;4175;5033;2546.0;2115.0;1172.0;1687.0;7983.0;6557.0;855
9592;Tilburg;2018;217341;50156;132185;35000;171216;16046;5736;10310;30079;13841;16238;3713;1894;1819;2906;1535;1371;8111;3771;4340;5953;2444;3509;9396;4197;5199;2534.0;2144.0;1156.0;1678.0;8021.0;6588.0;855
9593;Tilburg;2019;218656;50219;132754;35683;172279;16082;5729;10353;30295;13815;16480;3717;1895;1822;2886;1519;1367;8155;3774;4381;6011;2442;3569;9526;4185;5341;2552.0;2176.0;1141.0;1624.0;7934.0;6613.0;855
9594;Tilburg;2020;219886;50347;133120;36419;173283;16069;5748;10321;30534;13737;16797;3734;1879;1855;2876;1482;1394;8187;3765;4422;6033;2431;3602;9704;4180;5524;2556.0;2229.0;1151.0;1642.0;7930.0;6624.0;855
9595;Tilburg;2021;221041;50287;133679;37075;174106;16110;5736;10374;30825;13732;17093;3778;1909;1869;2877;1461;1416;8211;3754;4457;6072;2431;3641;9887;4177;5710;2553.0;2254.0;1101.0;1625.0;7950.0;6644.0;855
9596;Tilburg;2022;222135;50298;133981;37856;174908;16125;5708;10417;31102;13732;17370;3816;1929;1887;2840;1435;1405;8239;3745;4494;6119;2415;3704;10088;4208;5880;2571.0;2269.0;1088.0;1577.0;7885.0;6658.0;855
9597;Tilburg;2023;223188;50373;134162;38653;175689;16114;5693;10421;31385;13745;17640;3846;1936;1910;2837;1432;1405;8264;3746;4518;6145;2396;3749;10293;4235;6058;2520.0;2351.0;1115.0;1537.0;7864.0;6671.0;855
9598;Tilburg;2024;224142;50349;134369;39424;176432;16103;5694;10409;31607;13737;17870;3888;1940;1948;2801;1398;1403;8290;3749;4541;6191;2392;3799;10437;4258;6179;2570.0;2382.0;1032.0;1539.0;7844.0;6668.0;855
9599;Tilburg;2025;225013;50389;134365;40259;177127;16106;5666;10440;31780;13658;18122;3930;1952;1978;2733;1351;1382;8327;3740;4587;6210;2387;3823;10580;4228;6352;;;;;;;855
9600;Tubbergen;2006;20575;6133;11649;2793;19626;787;172;615;162;105;57;9;4;5;5;1;4;7;4;3;0;0;0;141;96;45;277.0;168.0;23.0;56.0;384.0;337.0;183
9601;Tubbergen;2007;20697;6119;11735;2843;19691;806;180;626;200;130;70;14;6;8;11;6;5;8;4;4;3;2;1;164;112;52;253.0;164.0;21.0;40.0;408.0;347.0;183
9602;Tubbergen;2008;20827;6060;11854;2913;19776;814;185;629;237;151;86;20;9;11;19;13;6;12;4;8;7;3;4;179;122;57;244.0;169.0;13.0;54.0;428.0;348.0;183
9603;Tubbergen;2009;20945;5995;11949;3001;19849;825;190;635;271;171;100;25;10;15;20;14;6;19;7;12;10;4;6;197;136;61;233.0;192.0;16.0;47.0;456.0;359.0;183
9604;Tubbergen;2010;21054;5920;12025;3109;19887;865;195;670;302;183;119;31;11;20;23;15;8;27;12;15;12;5;7;209;140;69;224.0;177.0;16.0;43.0;457.0;368.0;183
9605;Tubbergen;2011;21165;5830;12160;3175;19945;875;201;674;345;203;142;33;11;22;29;21;8;33;12;21;13;5;8;237;154;83;241.0;182.0;24.0;31.0;430.0;376.0;183
9606;Tubbergen;2012;21275;5746;12256;3273;20002;897;202;695;376;219;157;35;12;23;31;20;11;36;14;22;17;7;10;257;166;91;230.0;187.0;28.0;39.0;448.0;371.0;183
9607;Tubbergen;2013;21387;5627;12377;3383;20045;927;217;710;415;241;174;39;15;24;32;21;11;39;15;24;18;5;13;287;185;102;229.0;194.0;24.0;47.0;471.0;384.0;183
9608;Tubbergen;2014;21486;5543;12454;3489;20086;949;230;719;451;260;191;45;17;28;33;23;10;43;16;27;22;6;16;308;198;110;233.0;210.0;24.0;43.0;473.0;384.0;183
9609;Tubbergen;2015;21578;5476;12516;3586;20129;981;240;741;468;263;205;47;14;33;30;21;9;50;17;33;25;8;17;316;203;113;240.0;223.0;15.0;53.0;503.0;394.0;183
9610;Tubbergen;2016;21666;5425;12565;3676;20163;997;252;745;506;287;219;51;14;37;34;22;12;53;17;36;27;10;17;341;224;117;237.0;217.0;21.0;38.0;468.0;387.0;183
9611;Tubbergen;2017;21755;5369;12598;3788;20192;1033;259;774;530;305;225;54;15;39;37;22;15;56;22;34;28;10;18;355;236;119;249.0;212.0;25.0;48.0;471.0;398.0;183
9612;Tubbergen;2018;21845;5311;12639;3895;20229;1054;278;776;562;320;242;62;17;45;37;21;16;57;21;36;28;12;16;378;249;129;262.0;224.0;22.0;48.0;470.0;396.0;183
9613;Tubbergen;2019;21932;5288;12635;4009;20264;1074;279;795;594;340;254;67;21;46;40;23;17;56;20;36;31;12;19;400;264;136;267.0;227.0;18.0;52.0;467.0;406.0;183
9614;Tubbergen;2020;22003;5258;12647;4098;20284;1107;298;809;612;347;265;71;22;49;40;23;17;59;21;38;34;14;20;408;267;141;278.0;219.0;23.0;54.0;464.0;409.0;183
9615;Tubbergen;2021;22086;5214;12664;4208;20313;1128;305;823;645;367;278;72;23;49;43;25;18;61;21;40;38;14;24;431;284;147;274.0;228.0;22.0;45.0;452.0;412.0;183
9616;Tubbergen;2022;22152;5169;12661;4322;20327;1142;324;818;683;385;298;75;23;52;45;24;21;66;24;42;44;15;29;453;299;154;293.0;253.0;20.0;45.0;455.0;401.0;183
9617;Tubbergen;2023;22224;5120;12680;4424;20340;1155;328;827;729;410;319;82;26;56;50;27;23;74;26;48;48;15;33;475;316;159;306.0;246.0;24.0;48.0;427.0;406.0;183
9618;Tubbergen;2024;22284;5114;12645;4525;20359;1173;339;834;752;427;325;86;29;57;53;30;23;77;26;51;49;15;34;487;327;160;310.0;259.0;23.0;47.0;444.0;404.0;183
9619;Tubbergen;2025;22349;5147;12566;4636;20368;1195;349;846;786;441;345;94;32;62;56;32;24;84;28;56;55;15;40;497;334;163;;;;;;;183
9620;Twenterand;2006;33945;9278;20330;4337;32283;1151;350;801;511;324;187;21;11;10;25;6;19;61;26;35;2;1;1;402;280;122;431.0;285.0;23.0;79.0;632.0;822.0;1700
9621;Twenterand;2007;33850;9129;20284;4437;32159;1174;355;819;517;320;197;22;12;10;27;7;20;63;27;36;3;1;2;402;273;129;420.0;277.0;25.0;92.0;638.0;812.0;1700
9622;Twenterand;2008;33758;8994;20171;4593;32026;1199;361;838;533;315;218;26;14;12;31;10;21;65;27;38;7;1;6;404;263;141;424.0;293.0;24.0;68.0;623.0;803.0;1700
9623;Twenterand;2009;33664;8926;20018;4720;31897;1220;361;859;547;313;234;27;14;13;36;14;22;67;27;40;10;2;8;407;256;151;406.0;296.0;31.0;68.0;633.0;787.0;1700
9624;Twenterand;2010;33584;8834;19857;4893;31778;1238;370;868;568;326;242;31;16;15;37;14;23;69;27;42;11;2;9;420;267;153;423.0;300.0;23.0;77.0;610.0;774.0;1700
9625;Twenterand;2011;33489;8779;19674;5036;31647;1255;373;882;587;334;253;33;15;18;37;16;21;73;29;44;15;2;13;429;272;157;392.0;323.0;18.0;70.0;658.0;765.0;1700
9626;Twenterand;2012;33397;8703;19433;5261;31512;1271;381;890;614;341;273;39;17;22;37;15;22;79;31;48;17;2;15;442;276;166;383.0;318.0;26.0;69.0;636.0;761.0;1700
9627;Twenterand;2013;33294;8649;19147;5498;31374;1292;387;905;628;348;280;44;20;24;42;20;22;81;32;49;24;3;21;437;273;164;384.0;323.0;16.0;77.0;646.0;749.0;1700
9628;Twenterand;2014;33194;8553;18985;5656;31227;1307;386;921;660;363;297;49;22;27;49;26;23;90;34;56;27;3;24;445;278;167;380.0;336.0;27.0;73.0;652.0;745.0;1700
9629;Twenterand;2015;33100;8457;18822;5821;31090;1319;392;927;691;377;314;54;26;28;54;29;25;95;36;59;32;5;27;456;281;175;373.0;336.0;23.0;68.0;659.0;736.0;1700
9630;Twenterand;2016;33013;8384;18687;5942;30952;1338;390;948;723;388;335;62;30;32;56;29;27;103;36;67;36;5;31;466;288;178;388.0;337.0;27.0;75.0;646.0;746.0;1700
9631;Twenterand;2017;32914;8317;18505;6092;30812;1350;393;957;752;396;356;69;32;37;58;32;26;107;36;71;39;5;34;479;291;188;381.0;348.0;28.0;83.0;672.0;733.0;1700
9632;Twenterand;2018;32832;8269;18292;6271;30682;1376;401;975;774;412;362;73;33;40;62;33;29;113;36;77;39;6;33;487;304;183;357.0;351.0;22.0;73.0;689.0;741.0;1700
9633;Twenterand;2019;32737;8136;18214;6387;30541;1381;404;977;815;428;387;78;34;44;62;34;28;120;35;85;40;6;34;515;319;196;362.0;360.0;24.0;76.0;693.0;731.0;1700
9634;Twenterand;2020;32649;8020;18108;6521;30405;1406;416;990;838;434;404;78;34;44;66;39;27;123;35;88;46;8;38;525;318;207;378.0;379.0;18.0;68.0;685.0;734.0;1700
9635;Twenterand;2021;32555;7897;18029;6629;30273;1422;414;1008;860;437;423;86;36;50;68;38;30;129;39;90;45;9;36;532;315;217;379.0;371.0;23.0;59.0;684.0;735.0;1700
9636;Twenterand;2022;32479;7819;17880;6780;30145;1437;422;1015;897;458;439;90;39;51;74;41;33;133;39;94;48;11;37;552;328;224;372.0;369.0;18.0;76.0;710.0;740.0;1700
9637;Twenterand;2023;32400;7721;17762;6917;30023;1462;424;1038;915;465;450;92;39;53;77;45;32;133;38;95;55;12;43;558;331;227;368.0;393.0;21.0;69.0;712.0;739.0;1700
9638;Twenterand;2024;32304;7629;17683;6992;29880;1497;432;1065;927;466;461;96;41;55;78;47;31;137;39;98;59;12;47;557;327;230;364.0;378.0;22.0;60.0;708.0;734.0;1700
9639;Twenterand;2025;32232;7570;17539;7123;29771;1497;441;1056;964;483;481;101;45;56;84;51;33;136;39;97;63;13;50;580;335;245;;;;;;;1700
9640;Tynaarlo;2006;31907;7739;18287;5881;29344;1774;661;1113;789;491;298;99;40;59;80;35;45;26;10;16;15;5;10;569;401;168;308.0;341.0;125.0;82.0;1357.0;1468.0;1730
9641;Tynaarlo;2007;31807;7603;18322;5882;29141;1818;671;1147;848;520;328;109;41;68;92;43;49;27;10;17;19;8;11;601;418;183;278.0;348.0;154.0;78.0;1466.0;1507.0;1730
9642;Tynaarlo;2008;31772;7463;18416;5893;28973;1885;706;1179;914;553;361;114;42;72;101;45;56;28;10;18;22;9;13;649;447;202;291.0;337.0;172.0;85.0;1492.0;1528.0;1730
9643;Tynaarlo;2009;31780;7374;18436;5970;28834;1973;764;1209;973;580;393;119;41;78;111;54;57;29;9;20;28;8;20;686;468;218;294.0;332.0;190.0;103.0;1527.0;1547.0;1730
9644;Tynaarlo;2010;31809;7286;18478;6045;28691;2058;823;1235;1060;627;433;128;45;83;119;57;62;29;9;20;34;9;25;750;507;243;300.0;347.0;203.0;101.0;1535.0;1570.0;1730
9645;Tynaarlo;2011;31827;7147;18597;6083;28555;2143;892;1251;1129;656;473;141;50;91;124;60;64;27;7;20;43;9;34;794;530;264;331.0;327.0;247.0;96.0;1486.0;1596.0;1730
9646;Tynaarlo;2012;31875;7083;18531;6261;28417;2273;980;1293;1185;675;510;146;51;95;128;64;64;25;6;19;49;10;39;837;544;293;337.0;334.0;251.0;125.0;1508.0;1604.0;1730
9647;Tynaarlo;2013;31913;7089;18435;6389;28254;2412;1073;1339;1247;703;544;151;53;98;135;68;67;26;6;20;53;10;43;882;566;316;337.0;339.0;281.0;120.0;1512.0;1630.0;1730
9648;Tynaarlo;2014;31957;7061;18419;6477;28080;2547;1166;1381;1330;744;586;158;54;104;150;77;73;24;6;18;57;11;46;941;596;345;350.0;328.0;280.0;112.0;1508.0;1631.0;1730
9649;Tynaarlo;2015;32028;7065;18399;6564;27958;2695;1283;1412;1375;753;622;164;60;104;157;79;78;23;6;17;61;11;50;970;597;373;369.0;323.0;292.0;123.0;1487.0;1645.0;1730
9650;Tynaarlo;2016;32091;7056;18397;6638;27807;2838;1400;1438;1446;792;654;168;63;105;163;80;83;25;8;17;60;9;51;1030;632;398;357.0;346.0;306.0;127.0;1535.0;1647.0;1730
9651;Tynaarlo;2017;32171;7087;18442;6642;27687;2971;1538;1433;1513;824;689;174;65;109;169;80;89;29;11;18;61;10;51;1080;658;422;382.0;346.0;315.0;110.0;1492.0;1672.0;1730
9652;Tynaarlo;2018;32237;7144;18391;6702;27519;3123;1657;1466;1595;870;725;176;65;111;172;81;91;28;11;17;61;11;50;1158;702;456;395.0;339.0;344.0;130.0;1484.0;1690.0;1730
9653;Tynaarlo;2019;32300;7170;18339;6791;27341;3272;1777;1495;1687;922;765;181;65;116;175;81;94;29;11;18;64;12;52;1238;753;485;359.0;343.0;351.0;142.0;1514.0;1678.0;1730
9654;Tynaarlo;2020;32362;7221;18273;6868;27146;3431;1916;1515;1785;984;801;187;68;119;180;87;93;32;13;19;65;13;52;1321;803;518;371.0;343.0;373.0;157.0;1510.0;1696.0;1730
9655;Tynaarlo;2021;32417;7273;18182;6962;26966;3587;2040;1547;1864;1029;835;189;71;118;175;85;90;32;13;19;66;15;51;1402;845;557;377.0;347.0;398.0;162.0;1493.0;1689.0;1730
9656;Tynaarlo;2022;32487;7320;18112;7055;26766;3766;2180;1586;1955;1078;877;196;74;122;177;88;89;33;14;19;64;14;50;1485;888;597;375.0;347.0;411.0;173.0;1502.0;1702.0;1730
9657;Tynaarlo;2023;32554;7430;17976;7148;26578;3935;2327;1608;2041;1129;912;199;78;121;181;93;88;32;14;18;68;15;53;1561;929;632;364.0;344.0;433.0;174.0;1504.0;1710.0;1730
9658;Tynaarlo;2024;32628;7542;17831;7255;26387;4107;2467;1640;2134;1185;949;201;77;124;176;96;80;41;17;24;70;14;56;1646;981;665;356.0;343.0;461.0;155.0;1480.0;1733.0;1730
9659;Tynaarlo;2025;32701;7582;17782;7337;26179;4316;2639;1677;2206;1228;978;199;77;122;178;98;80;44;18;26;74;15;59;1711;1020;691;;;;;;;1730
9660;Tytsjerksteradiel;2006;32001;7987;18975;5039;30221;1055;360;695;725;515;210;73;27;46;47;23;24;25;23;2;14;5;9;566;437;129;325.0;310.0;58.0;47.0;1002.0;1045.0;737
9661;Tytsjerksteradiel;2007;31986;7869;19002;5115;30144;1080;370;710;762;544;218;81;32;49;48;24;24;26;25;1;20;9;11;587;454;133;330.0;307.0;65.0;58.0;1013.0;1039.0;737
9662;Tytsjerksteradiel;2008;31994;7769;19005;5220;30091;1107;378;729;796;571;225;79;33;46;60;34;26;29;26;3;21;10;11;607;468;139;322.0;305.0;77.0;56.0;997.0;1047.0;737
9663;Tytsjerksteradiel;2009;31985;7703;18923;5359;30021;1133;387;746;831;594;237;85;37;48;67;37;30;31;27;4;23;12;11;625;481;144;312.0;304.0;72.0;45.0;1014.0;1052.0;737
9664;Tytsjerksteradiel;2010;31986;7649;18834;5503;29957;1163;406;757;866;613;253;94;44;50;76;45;31;34;29;5;29;15;14;633;480;153;321.0;306.0;78.0;49.0;1008.0;1059.0;737
9665;Tytsjerksteradiel;2011;31985;7552;18777;5656;29872;1203;431;772;910;642;268;105;48;57;78;44;34;35;28;7;30;15;15;662;507;155;319.0;316.0;81.0;54.0;1026.0;1055.0;737
9666;Tytsjerksteradiel;2012;31988;7490;18653;5845;29790;1241;454;787;957;675;282;107;50;57;81;47;34;37;29;8;31;14;17;701;535;166;346.0;315.0;97.0;48.0;995.0;1067.0;737
9667;Tytsjerksteradiel;2013;31998;7424;18540;6034;29714;1287;486;801;997;698;299;116;52;64;84;50;34;39;30;9;32;14;18;726;552;174;330.0;322.0;68.0;53.0;1050.0;1068.0;737
9668;Tytsjerksteradiel;2014;32001;7342;18457;6202;29644;1326;510;816;1031;720;311;113;51;62;88;59;29;40;29;11;35;14;21;755;567;188;340.0;320.0;94.0;60.0;1035.0;1065.0;737
9669;Tytsjerksteradiel;2015;32021;7301;18372;6348;29591;1361;529;832;1069;748;321;118;55;63;93;61;32;40;29;11;39;16;23;779;587;192;341.0;339.0;85.0;60.0;1060.0;1065.0;737
9670;Tytsjerksteradiel;2016;32042;7256;18347;6439;29542;1408;555;853;1092;762;330;123;56;67;94;64;30;47;33;14;42;17;25;786;592;194;363.0;325.0;86.0;51.0;1019.0;1079.0;737
9671;Tytsjerksteradiel;2017;32057;7223;18242;6592;29451;1465;589;876;1141;797;344;128;60;68;101;66;35;48;33;15;47;19;28;817;619;198;346.0;330.0;87.0;60.0;1051.0;1083.0;737
9672;Tytsjerksteradiel;2018;32068;7202;18162;6704;29387;1512;630;882;1169;817;352;133;63;70;107;72;35;50;34;16;50;19;31;829;629;200;348.0;337.0;112.0;58.0;1040.0;1089.0;737
9673;Tytsjerksteradiel;2019;32088;7140;18141;6807;29297;1578;675;903;1213;851;362;130;64;66;114;76;38;51;34;17;51;19;32;867;658;209;352.0;340.0;101.0;63.0;1048.0;1089.0;737
9674;Tytsjerksteradiel;2020;32100;7126;18070;6904;29239;1609;700;909;1252;881;371;133;68;65;124;86;38;50;33;17;54;18;36;891;676;215;356.0;341.0;100.0;52.0;1040.0;1087.0;737
9675;Tytsjerksteradiel;2021;32120;7094;18011;7015;29149;1671;734;937;1300;908;392;139;73;66;128;88;40;56;35;21;60;18;42;917;694;223;363.0;346.0;110.0;62.0;1049.0;1088.0;737
9676;Tytsjerksteradiel;2022;32153;7090;17950;7113;29080;1709;765;944;1364;949;415;147;77;70;133;91;42;58;35;23;61;20;41;965;726;239;367.0;364.0;106.0;55.0;1054.0;1091.0;737
9677;Tytsjerksteradiel;2023;32170;7096;17891;7183;29013;1747;792;955;1410;983;427;147;77;70;136;95;41;58;36;22;62;21;41;1007;754;253;357.0;364.0;104.0;60.0;1079.0;1098.0;737
9678;Tytsjerksteradiel;2024;32193;7088;17830;7275;28956;1769;804;965;1468;1007;461;155;79;76;142;96;46;61;37;24;68;22;46;1042;773;269;385.0;377.0;94.0;71.0;1066.0;1083.0;737
9679;Tytsjerksteradiel;2025;32209;7114;17721;7374;28876;1821;828;993;1512;1027;485;163;84;79;146;93;53;65;38;27;68;19;49;1070;793;277;;;;;;;737
9680;Ubbergen;2006;9330;2060;5486;1784;8045;1049;297;752;236;155;81;22;16;6;27;13;14;19;11;8;15;8;7;153;107;46;88.0;112.0;18.0;31.0;364.0;367.0;282
9681;Ubbergen;2007;9291;2045;5432;1814;8008;1034;291;743;249;160;89;23;15;8;31;13;18;20;11;9;14;7;7;161;114;47;78.0;104.0;16.0;21.0;358.0;365.0;282
9682;Ubbergen;2008;9253;2025;5393;1835;7946;1044;290;754;263;170;93;27;16;11;32;14;18;23;12;11;16;8;8;165;120;45;76.0;118.0;14.0;31.0;391.0;362.0;282
9683;Ubbergen;2009;9223;2019;5307;1897;7906;1041;296;745;276;179;97;27;14;13;33;16;17;25;12;13;19;9;10;172;128;44;75.0;117.0;16.0;31.0;378.0;363.0;282
9684;Ubbergen;2010;9181;1997;5247;1937;7828;1057;304;753;296;192;104;30;16;14;35;17;18;27;12;15;20;10;10;184;137;47;80.0;113.0;17.0;31.0;368.0;356.0;282
9685;Ubbergen;2011;9145;1976;5183;1986;7754;1080;314;766;311;196;115;31;16;15;38;17;21;27;12;15;21;10;11;194;141;53;73.0;129.0;19.0;38.0;390.0;365.0;282
9686;Ubbergen;2012;9096;1945;5108;2043;7680;1088;325;763;328;204;124;33;18;15;37;18;19;33;14;19;24;12;12;201;142;59;65.0;119.0;16.0;31.0;378.0;359.0;282
9687;Ubbergen;2013;9045;1901;5059;2085;7624;1078;324;754;343;218;125;30;16;14;36;19;17;33;14;19;25;13;12;219;156;63;71.0;124.0;27.0;21.0;369.0;362.0;282
9688;Ubbergen;2014;9004;1865;4985;2154;7566;1065;326;739;373;235;138;33;18;15;37;20;17;37;16;21;33;15;18;233;166;67;82.0;129.0;16.0;41.0;398.0;362.0;282
9689;Ubbergen;2015;8967;1858;4923;2186;7509;1065;332;733;393;246;147;39;21;18;39;22;17;40;17;23;36;16;20;239;170;69;77.0;127.0;19.0;31.0;381.0;365.0;282
9690;Ubbergen;2016;8924;1837;4854;2233;7446;1075;337;738;403;254;149;40;21;19;45;26;19;43;19;24;37;17;20;238;171;67;79.0;133.0;19.0;34.0;389.0;356.0;282
9691;Ubbergen;2017;8888;1833;4791;2264;7406;1061;342;719;421;262;159;48;26;22;45;25;20;45;19;26;42;19;23;241;173;68;78.0;135.0;25.0;26.0;371.0;356.0;282
9692;Ubbergen;2018;8845;1814;4748;2283;7348;1064;352;712;433;262;171;51;27;24;44;25;19;49;20;29;44;18;26;245;172;73;73.0;133.0;20.0;33.0;379.0;361.0;282
9693;Ubbergen;2019;8792;1778;4700;2314;7281;1053;347;706;458;277;181;56;28;28;49;28;21;53;20;33;46;19;27;254;182;72;73.0;136.0;26.0;35.0;404.0;364.0;282
9694;Ubbergen;2020;8760;1757;4675;2328;7195;1075;353;722;490;296;194;60;30;30;51;29;22;60;24;36;47;20;27;272;193;79;80.0;132.0;25.0;39.0;399.0;374.0;282
9695;Ubbergen;2021;8718;1725;4651;2342;7143;1079;354;725;496;299;197;61;30;31;50;29;21;60;22;38;45;19;26;280;199;81;78.0;139.0;18.0;22.0;398.0;375.0;282
9696;Ubbergen;2022;8678;1695;4623;2360;7077;1079;360;719;522;312;210;62;29;33;56;31;25;65;23;42;44;18;26;295;211;84;74.0;132.0;32.0;28.0;379.0;365.0;282
9697;Ubbergen;2023;8639;1682;4604;2353;7018;1084;367;717;537;310;227;67;31;36;57;31;26;69;22;47;50;18;32;294;208;86;85.0;143.0;17.0;25.0;393.0;353.0;282
9698;Ubbergen;2024;8612;1683;4561;2368;6979;1074;362;712;559;317;242;69;33;36;60;32;28;71;20;51;50;17;33;309;215;94;70.0;154.0;18.0;19.0;406.0;369.0;282
9699;Ubbergen;2025;8565;1651;4555;2359;6918;1067;352;715;580;327;253;75;34;41;66;34;32;76;21;55;50;17;33;313;221;92;;;;;;;282
9700;Uden;2006;40065;10119;24470;5476;34464;2956;991;1965;2645;1494;1151;483;265;218;158;87;71;1074;570;504;192;97;95;738;475;263;454.0;291.0;85.0;182.0;1023.0;1124.0;856
9701;Uden;2007;40034;10048;24343;5643;34492;2929;972;1957;2613;1458;1155;466;250;216;155;87;68;1070;562;508;192;95;97;730;464;266;425.0;296.0;78.0;162.0;954.0;1119.0;856
9702;Uden;2008;39914;9946;24172;5796;34433;2891;968;1923;2590;1440;1150;463;251;212;148;84;64;1063;551;512;196;97;99;720;457;263;429.0;307.0;65.0;183.0;1000.0;1112.0;856
9703;Uden;2009;39808;9830;24012;5966;34372;2887;964;1923;2549;1400;1149;458;250;208;142;78;64;1065;547;518;198;97;101;686;428;258;425.0;311.0;80.0;179.0;962.0;1111.0;856
9704;Uden;2010;39674;9683;23894;6097;34291;2866;958;1908;2517;1359;1158;448;243;205;143;74;69;1059;544;515;196;94;102;671;404;267;398.0;321.0;77.0;146.0;981.0;1102.0;856
9705;Uden;2011;39562;9538;23772;6252;34216;2856;963;1893;2490;1338;1152;436;237;199;131;64;67;1055;542;513;201;94;107;667;401;266;372.0;322.0;63.0;162.0;1010.0;1098.0;856
9706;Uden;2012;39426;9366;23560;6500;34121;2841;953;1888;2464;1325;1139;419;230;189;124;62;62;1052;539;513;210;97;113;659;397;262;385.0;338.0;66.0;162.0;1010.0;1091.0;856
9707;Uden;2013;39297;9259;23304;6734;34019;2820;941;1879;2458;1300;1158;414;224;190;120;59;61;1044;522;522;210;98;112;670;397;273;379.0;339.0;71.0;170.0;1010.0;1089.0;856
9708;Uden;2014;39164;9112;23083;6969;33943;2810;933;1877;2411;1271;1140;402;217;185;114;57;57;1010;507;503;215;98;117;670;392;278;361.0;350.0;67.0;157.0;1017.0;1086.0;856
9709;Uden;2015;39018;8920;22921;7177;33858;2777;925;1852;2383;1255;1128;397;218;179;108;54;54;1010;509;501;211;99;112;657;375;282;374.0;365.0;83.0;156.0;1005.0;1080.0;856
9710;Uden;2016;38881;8791;22731;7359;33763;2751;923;1828;2367;1250;1117;394;220;174;105;52;53;990;495;495;216;103;113;662;380;282;380.0;352.0;66.0;153.0;1002.0;1070.0;856
9711;Uden;2017;38756;8677;22537;7542;33678;2721;933;1788;2357;1250;1107;391;222;169;105;54;51;981;490;491;213;103;110;667;381;286;382.0;375.0;69.0;154.0;1019.0;1066.0;856
9712;Uden;2018;38634;8557;22405;7672;33585;2697;925;1772;2352;1238;1114;391;222;169;107;55;52;970;484;486;220;104;116;664;373;291;378.0;383.0;53.0;138.0;1027.0;1063.0;856
9713;Uden;2019;38509;8456;22266;7787;33486;2703;930;1773;2320;1223;1097;388;222;166;117;64;53;945;475;470;225;103;122;645;359;286;391.0;384.0;53.0;127.0;1016.0;1079.0;856
9714;Uden;2020;38382;8351;22128;7903;33387;2696;931;1765;2299;1216;1083;378;218;160;115;62;53;941;468;473;228;108;120;637;360;277;380.0;410.0;51.0;128.0;1040.0;1069.0;856
9715;Uden;2021;38254;8195;22052;8007;33292;2666;924;1742;2296;1209;1087;374;213;161;110;58;52;938;465;473;227;108;119;647;365;282;395.0;394.0;55.0;131.0;1020.0;1068.0;856
9716;Uden;2022;38134;8054;21946;8134;33185;2647;918;1729;2302;1218;1084;368;216;152;107;56;51;944;467;477;228;105;123;655;374;281;394.0;419.0;47.0;128.0;1037.0;1068.0;856
9717;Uden;2023;38003;7946;21810;8247;33119;2617;899;1718;2267;1183;1084;360;206;154;102;52;50;935;461;474;228;103;125;642;361;281;415.0;419.0;48.0;116.0;1014.0;1064.0;856
9718;Uden;2024;37887;7889;21637;8361;33026;2598;890;1708;2263;1182;1081;354;202;152;105;51;54;923;458;465;228;104;124;653;367;286;413.0;415.0;51.0;125.0;1026.0;1048.0;856
9719;Uden;2025;37788;7848;21458;8482;32960;2579;884;1695;2249;1162;1087;349;196;153;102;50;52;913;449;464;233;101;132;652;366;286;;;;;;;856
9720;Uitgeest;2006;11845;3229;7081;1535;10651;795;246;549;399;218;181;60;23;37;32;12;20;40;26;14;22;9;13;245;148;97;133.0;96.0;14.0;27.0;689.0;383.0;450
9721;Uitgeest;2007;12177;3274;7270;1633;10872;856;269;587;449;242;207;69;25;44;36;14;22;43;25;18;29;15;14;272;163;109;127.0;92.0;23.0;44.0;729.0;401.0;450
9722;Uitgeest;2008;12522;3300;7524;1698;11107;909;286;623;506;271;235;82;28;54;46;20;26;47;27;20;31;15;16;300;181;119;128.0;108.0;26.0;38.0;756.0;417.0;450
9723;Uitgeest;2009;12869;3333;7733;1803;11321;971;304;667;577;314;263;93;32;61;49;20;29;53;29;24;35;18;17;347;215;132;127.0;108.0;18.0;41.0;774.0;453.0;450
9724;Uitgeest;2010;13185;3346;7931;1908;11525;1029;323;706;631;351;280;105;39;66;47;18;29;52;28;24;41;20;21;386;246;140;142.0;110.0;24.0;39.0;774.0;463.0;450
9725;Uitgeest;2011;13513;3342;8205;1966;11737;1090;341;749;686;383;303;113;42;71;51;19;32;51;27;24;46;21;25;425;274;151;150.0;110.0;28.0;32.0;769.0;483.0;450
9726;Uitgeest;2012;13838;3370;8355;2113;11943;1143;358;785;752;420;332;127;46;81;55;21;34;56;27;29;54;26;28;460;300;160;146.0;119.0;31.0;62.0;816.0;504.0;450
9727;Uitgeest;2013;14147;3411;8483;2253;12156;1200;369;831;791;434;357;138;48;90;58;22;36;56;28;28;54;26;28;485;310;175;147.0;126.0;31.0;47.0;818.0;522.0;450
9728;Uitgeest;2014;14448;3441;8662;2345;12340;1260;391;869;848;463;385;144;49;95;64;25;39;61;27;34;55;28;27;524;334;190;173.0;140.0;38.0;43.0;795.0;537.0;450
9729;Uitgeest;2015;14739;3491;8807;2441;12521;1325;413;912;893;479;414;147;47;100;72;30;42;64;24;40;66;33;33;544;345;199;173.0;124.0;33.0;46.0;807.0;549.0;450
9730;Uitgeest;2016;15032;3522;8985;2525;12683;1394;432;962;955;504;451;158;47;111;77;30;47;67;24;43;76;36;40;577;367;210;178.0;145.0;43.0;51.0;833.0;579.0;450
9731;Uitgeest;2017;15314;3515;9180;2619;12844;1459;454;1005;1011;534;477;157;48;109;82;33;49;74;26;48;84;38;46;614;389;225;186.0;140.0;35.0;65.0;819.0;569.0;450
9732;Uitgeest;2018;15583;3546;9334;2703;13012;1520;477;1043;1051;547;504;165;47;118;77;30;47;79;27;52;87;40;47;643;403;240;194.0;152.0;36.0;54.0;809.0;580.0;450
9733;Uitgeest;2019;15839;3587;9466;2786;13171;1562;495;1067;1106;564;542;176;49;127;78;31;47;83;29;54;90;40;50;679;415;264;204.0;157.0;37.0;48.0;794.0;584.0;450
9734;Uitgeest;2020;16091;3618;9628;2845;13335;1599;507;1092;1157;575;582;188;49;139;83;34;49;86;27;59;98;42;56;702;423;279;210.0;145.0;33.0;51.0;799.0;593.0;450
9735;Uitgeest;2021;16345;3669;9735;2941;13474;1663;527;1136;1208;600;608;190;48;142;89;37;52;90;26;64;105;43;62;734;446;288;213.0;164.0;29.0;54.0;808.0;610.0;450
9736;Uitgeest;2022;16566;3707;9829;3030;13588;1740;557;1183;1238;614;624;193;52;141;96;39;57;99;31;68;104;43;61;746;449;297;234.0;167.0;35.0;54.0;793.0;613.0;450
9737;Uitgeest;2023;16798;3774;9936;3088;13730;1789;580;1209;1279;622;657;201;51;150;100;41;59;98;29;69;114;41;73;766;460;306;231.0;159.0;37.0;66.0;779.0;606.0;450
9738;Uitgeest;2024;17017;3818;10021;3178;13854;1852;604;1248;1311;622;689;207;48;159;98;40;58;106;30;76;117;40;77;783;464;319;224.0;175.0;46.0;57.0;772.0;623.0;450
9739;Uitgeest;2025;17207;3886;10064;3257;13969;1897;633;1264;1341;636;705;203;50;153;101;41;60;107;31;76;118;40;78;812;474;338;;;;;;;450
9740;Uithoorn;2006;26682;6806;15689;4187;22179;2590;1125;1465;1913;1057;856;294;135;159;109;51;58;76;32;44;479;251;228;955;588;367;306.0;202.0;72.0;155.0;1311.0;1019.0;451
9741;Uithoorn;2007;26994;6870;15797;4327;22352;2639;1137;1502;2003;1098;905;316;144;172;112;51;61;76;34;42;492;250;242;1007;619;388;268.0;208.0;78.0;165.0;1402.0;1031.0;451
9742;Uithoorn;2008;27339;6871;15981;4487;22566;2669;1163;1506;2104;1140;964;337;151;186;117;56;61;78;37;41;508;251;257;1064;645;419;276.0;222.0;77.0;148.0;1401.0;1057.0;451
9743;Uithoorn;2009;27667;6915;16126;4626;22769;2726;1195;1531;2172;1162;1010;348;151;197;121;57;64;82;36;46;511;248;263;1110;670;440;275.0;233.0;85.0;149.0;1540.0;1063.0;451
9744;Uithoorn;2010;28129;6950;16383;4796;23075;2802;1251;1551;2252;1183;1069;361;149;212;128;60;68;90;36;54;520;246;274;1153;692;461;272.0;240.0;84.0;173.0;1629.0;1100.0;451
9745;Uithoorn;2011;28601;6977;16658;4966;23350;2898;1297;1601;2353;1228;1125;381;151;230;134;63;71;96;38;58;526;250;276;1216;726;490;278.0;252.0;118.0;168.0;1612.0;1126.0;451
9746;Uithoorn;2012;29065;6981;16865;5219;23573;3030;1385;1645;2462;1268;1194;390;149;241;139;63;76;104;38;66;550;259;291;1279;759;520;289.0;259.0;114.0;168.0;1661.0;1174.0;451
9747;Uithoorn;2013;29527;6995;17100;5432;23830;3138;1464;1674;2559;1316;1243;419;158;261;138;60;78;106;38;68;566;267;299;1330;793;537;279.0;273.0;102.0;158.0;1707.0;1198.0;451
9748;Uithoorn;2014;29987;7031;17383;5573;24082;3238;1545;1693;2667;1357;1310;439;157;282;147;66;81;109;40;69;576;266;310;1396;828;568;290.0;263.0;146.0;193.0;1703.0;1233.0;451
9749;Uithoorn;2015;30442;7014;17687;5741;24313;3341;1625;1716;2788;1424;1364;451;161;290;154;69;85;118;41;77;581;271;310;1484;882;602;310.0;277.0;121.0;188.0;1702.0;1261.0;451
9750;Uithoorn;2016;30853;7021;17978;5854;24527;3435;1696;1739;2891;1463;1428;473;163;310;166;76;90;124;43;81;577;258;319;1551;923;628;322.0;279.0;115.0;210.0;1747.0;1295.0;451
9751;Uithoorn;2017;31261;7035;18237;5989;24745;3521;1759;1762;2995;1504;1491;489;168;321;170;79;91;126;42;84;599;261;338;1611;954;657;307.0;286.0;140.0;187.0;1753.0;1330.0;451
9752;Uithoorn;2018;31661;7013;18517;6131;24957;3621;1820;1801;3083;1551;1532;500;171;329;181;87;94;131;43;88;611;268;343;1660;982;678;340.0;292.0;127.0;227.0;1772.0;1349.0;451
9753;Uithoorn;2019;32039;7010;18807;6222;25173;3689;1862;1827;3177;1583;1594;514;172;342;190;87;103;140;43;97;611;268;343;1722;1013;709;341.0;314.0;152.0;218.0;1786.0;1363.0;451
9754;Uithoorn;2020;32425;6979;19121;6325;25354;3775;1931;1844;3296;1631;1665;537;178;359;200;90;110;146;47;99;623;264;359;1790;1052;738;354.0;306.0;139.0;240.0;1799.0;1388.0;451
9755;Uithoorn;2021;32789;7020;19323;6446;25526;3837;1951;1886;3426;1707;1719;550;186;364;205;93;112;153;50;103;643;269;374;1875;1109;766;358.0;319.0;158.0;246.0;1802.0;1398.0;451
9756;Uithoorn;2022;33146;7035;19524;6587;25694;3908;2006;1902;3544;1766;1778;571;189;382;206;94;112;159;50;109;661;273;388;1947;1160;787;354.0;317.0;138.0;251.0;1839.0;1437.0;451
9757;Uithoorn;2023;33474;7024;19685;6765;25885;3975;2020;1955;3614;1818;1796;598;193;405;207;96;111;166;51;115;656;269;387;1987;1209;778;368.0;351.0;167.0;222.0;1790.0;1447.0;451
9758;Uithoorn;2024;33779;6992;19857;6930;26018;4041;2062;1979;3720;1871;1849;612;198;414;215;102;113;170;48;122;664;269;395;2059;1254;805;378.0;332.0;144.0;236.0;1795.0;1454.0;451
9759;Uithoorn;2025;34079;7046;19932;7101;26161;4093;2090;2003;3825;1908;1917;627;199;428;223;109;114;174;48;126;676;277;399;2125;1275;850;;;;;;;451
9760;Urk;2006;17785;7400;9135;1250;17235;249;93;156;301;172;129;5;1;4;8;4;4;15;10;5;121;55;66;152;102;50;385.0;69.0;55.0;59.0;237.0;210.0;184
9761;Urk;2007;18128;7450;9373;1305;17502;288;107;181;338;198;140;8;4;4;10;5;5;22;14;8;122;55;67;176;120;56;407.0;80.0;73.0;54.0;242.0;209.0;184
9762;Urk;2008;18508;7552;9592;1364;17794;335;128;207;379;226;153;12;7;5;12;7;5;28;18;10;128;55;73;199;139;60;409.0;85.0;84.0;51.0;243.0;219.0;184
9763;Urk;2009;18893;7607;9844;1442;18084;380;161;219;429;258;171;19;8;11;17;11;6;33;22;11;132;54;78;228;163;65;410.0;87.0;91.0;63.0;246.0;221.0;184
9764;Urk;2010;19270;7655;10099;1516;18377;420;187;233;473;287;186;22;9;13;19;13;6;39;25;14;135;54;81;258;186;72;440.0;89.0;105.0;64.0;243.0;228.0;184
9765;Urk;2011;19685;7743;10356;1586;18697;467;214;253;521;319;202;29;12;17;21;13;8;40;26;14;139;54;85;292;214;78;445.0;93.0;97.0;78.0;243.0;232.0;184
9766;Urk;2012;20069;7832;10556;1681;18986;512;239;273;571;340;231;32;13;19;22;11;11;47;30;17;146;54;92;324;232;92;454.0;88.0;115.0;79.0;244.0;231.0;184
9767;Urk;2013;20493;7971;10746;1776;19291;581;278;303;621;360;261;33;14;19;29;15;14;51;31;20;152;54;98;356;246;110;450.0;105.0;135.0;75.0;250.0;238.0;184
9768;Urk;2014;20917;8078;10981;1858;19589;660;337;323;668;384;284;37;18;19;29;16;13;55;31;24;158;57;101;389;262;127;468.0;105.0;133.0;75.0;245.0;245.0;184
9769;Urk;2015;21345;8199;11206;1940;19896;731;385;346;718;405;313;39;19;20;29;16;13;62;36;26;166;58;108;422;276;146;454.0;114.0;154.0;96.0;243.0;251.0;184
9770;Urk;2016;21739;8347;11391;2001;20141;815;445;370;783;432;351;48;21;27;34;18;16;66;36;30;176;60;116;459;297;162;465.0;109.0;159.0;100.0;247.0;249.0;184
9771;Urk;2017;22153;8473;11601;2079;20397;904;507;397;852;465;387;57;26;31;38;21;17;71;38;33;180;60;120;506;320;186;500.0;122.0;172.0;102.0;243.0;253.0;184
9772;Urk;2018;22596;8631;11795;2170;20680;993;572;421;923;506;417;63;32;31;43;23;20;78;39;39;184;60;124;555;352;203;487.0;128.0;202.0;106.0;243.0;260.0;184
9773;Urk;2019;23037;8775;12021;2241;20932;1101;653;448;1004;542;462;71;36;35;48;28;20;84;40;44;190;59;131;611;379;232;480.0;132.0;204.0;127.0;247.0;264.0;184
9774;Urk;2020;23447;8932;12217;2298;21183;1197;726;471;1067;566;501;73;38;35;52;29;23;92;41;51;199;60;139;651;398;253;472.0;119.0;215.0;111.0;247.0;273.0;184
9775;Urk;2021;23879;9069;12419;2391;21456;1298;807;491;1125;597;528;82;43;39;54;32;22;96;44;52;203;61;142;690;417;273;479.0;128.0;222.0;125.0;247.0;275.0;184
9776;Urk;2022;24306;9234;12597;2475;21717;1409;893;516;1180;631;549;88;44;44;61;34;27;99;46;53;206;63;143;726;444;282;478.0;146.0;256.0;119.0;245.0;278.0;184
9777;Urk;2023;24745;9426;12776;2543;21952;1550;1003;547;1243;660;583;90;44;46;64;34;30;106;47;59;209;62;147;774;473;301;479.0;142.0;274.0;137.0;247.0;286.0;184
9778;Urk;2024;25180;9607;12939;2634;22161;1699;1123;576;1320;686;634;97;47;50;64;36;28;113;48;65;217;64;153;829;491;338;488.0;147.0;311.0;160.0;245.0;287.0;184
9779;Urk;2025;25632;9738;13184;2710;22396;1844;1242;602;1392;724;668;99;47;52;70;39;31;116;48;68;221;63;158;886;527;359;;;;;;;184
9780;Utrecht (gemeente);2006;277395;61075;185601;30719;193422;26749;11843;14906;57224;32697;24527;7158;4062;3096;2243;1283;960;12257;6562;5695;24074;12981;11093;11492;7809;3683;4340.0;2112.0;2935.0;3203.0;16058.0;14385.0;344
9781;Utrecht (gemeente);2007;281055;63570;186502;30983;196179;26809;11950;14859;58067;32706;25361;7218;4083;3135;2255;1273;982;12304;6548;5756;24421;12877;11544;11869;7925;3944;4448.0;2152.0;2953.0;3144.0;15880.0;14206.0;344
9782;Utrecht (gemeente);2008;284862;66023;187506;31333;198857;26950;12113;14837;59055;32767;26288;7307;4095;3212;2285;1289;996;12308;6513;5795;24829;12809;12020;12326;8061;4265;4436.0;2134.0;3076.0;3206.0;15976.0;14104.0;344
9783;Utrecht (gemeente);2009;288928;68258;188866;31804;201917;27199;12347;14852;59812;32768;27044;7355;4103;3252;2312;1305;1007;12309;6469;5840;25129;12700;12429;12707;8191;4516;4457.0;2187.0;3164.0;3179.0;14540.0;14056.0;344
9784;Utrecht (gemeente);2010;291689;70004;189443;32242;203935;27378;12489;14889;60376;32622;27754;7407;4109;3298;2357;1338;1019;12304;6426;5878;25373;12580;12793;12935;8169;4766;4429.0;2184.0;3174.0;3200.0;14539.0;13949.0;344
9785;Utrecht (gemeente);2011;294519;71522;190532;32465;206081;27603;12649;14954;60835;32463;28372;7395;4071;3324;2409;1358;1051;12280;6392;5888;25553;12474;13079;13198;8168;5030;4364.0;2209.0;3253.0;3196.0;14468.0;13885.0;344
9786;Utrecht (gemeente);2012;297340;72984;190326;34030;208153;27867;12881;14986;61320;32387;28933;7407;4065;3342;2442;1380;1062;12267;6364;5903;25687;12349;13338;13517;8229;5288;4264.0;2233.0;3232.0;3098.0;14468.0;13842.0;344
9787;Utrecht (gemeente);2013;300154;74263;190695;35196;210190;28184;13157;15027;61780;32295;29485;7353;4035;3318;2490;1393;1097;12302;6352;5950;25809;12257;13552;13826;8258;5568;4140.0;2256.0;3247.0;3146.0;14510.0;13792.0;344
9788;Utrecht (gemeente);2014;302882;75382;191330;36170;212262;28447;13342;15105;62173;32207;29966;7309;4011;3298;2482;1378;1104;12291;6336;5955;25952;12177;13775;14139;8305;5834;4042.0;2289.0;3195.0;3091.0;14546.0;13776.0;344
9789;Utrecht (gemeente);2015;305532;76351;192036;37145;214218;28663;13524;15139;62651;32159;30492;7292;3986;3306;2562;1405;1157;12289;6326;5963;26025;12075;13950;14483;8367;6116;3942.0;2324.0;3187.0;3087.0;14639.0;13791.0;344
9790;Utrecht (gemeente);2016;308124;77196;192780;38148;216055;28959;13772;15187;63110;32135;30975;7303;3986;3317;2602;1405;1197;12253;6281;5972;26101;11976;14125;14851;8487;6364;3795.0;2374.0;3159.0;3069.0;14778.0;13836.0;344
9791;Utrecht (gemeente);2017;310602;77967;193608;39027;217979;29245;14024;15221;63378;31991;31387;7309;3971;3338;2626;1425;1201;12256;6257;5999;26091;11850;14241;15096;8488;6608;3712.0;2384.0;3143.0;3040.0;14845.0;13900.0;344
9792;Utrecht (gemeente);2018;313006;78512;194437;40057;219809;29448;14177;15271;63749;31906;31843;7312;3955;3357;2677;1416;1261;12204;6219;5985;26071;11753;14318;15485;8563;6922;3612.0;2428.0;3057.0;3038.0;15114.0;13997.0;344
9793;Utrecht (gemeente);2019;315350;78696;195526;41128;221623;29675;14343;15332;64052;31847;32205;7314;3948;3366;2731;1431;1300;12188;6199;5989;26009;11653;14356;15810;8616;7194;3550.0;2437.0;3043.0;3038.0;15202.0;14119.0;344
9794;Utrecht (gemeente);2020;317582;78621;196747;42214;223353;29761;14405;15356;64468;31829;32639;7321;3929;3392;2754;1425;1329;12216;6189;6027;25956;11576;14380;16221;8710;7511;3507.0;2513.0;3055.0;2999.0;15309.0;14215.0;344
9795;Utrecht (gemeente);2021;319756;78273;198151;43332;224930;29915;14536;15379;64911;31901;33010;7323;3904;3419;2808;1439;1369;12202;6174;6028;25892;11497;14395;16686;8887;7799;3420.0;2562.0;3054.0;2909.0;15439.0;14364.0;344
9796;Utrecht (gemeente);2022;321863;77750;199510;44603;226472;30074;14619;15455;65317;32008;33309;7332;3894;3438;2909;1489;1420;12173;6169;6004;25817;11431;14386;17086;9025;8061;3415.0;2652.0;2998.0;2954.0;15661.0;14489.0;344
9797;Utrecht (gemeente);2023;323874;77187;200732;45955;228007;30278;14799;15479;65589;31993;33596;7341;3862;3479;2936;1488;1448;12148;6143;6005;25734;11369;14365;17430;9131;8299;3384.0;2669.0;2981.0;2927.0;15719.0;14614.0;344
9798;Utrecht (gemeente);2024;325783;76309;202072;47402;229348;30423;14915;15508;66012;32105;33907;7337;3848;3489;3028;1533;1495;12141;6121;6020;25590;11291;14299;17916;9312;8604;3357.0;2726.0;3025.0;2971.0;15824.0;14725.0;344
9799;Utrecht (gemeente);2025;327598;75529;203118;48951;230637;30629;15057;15572;66332;32173;34159;7337;3832;3505;3107;1559;1548;12146;6097;6049;25429;11219;14210;18313;9466;8847;;;;;;;344
9800;Vaals;2006;10181;1972;6306;1903;5269;4517;3007;1510;395;301;94;16;9;7;11;8;3;37;32;5;30;20;10;301;232;69;66.0;121.0;108.0;254.0;477.0;382.0;981
9801;Vaals;2007;10075;1902;6245;1928;5368;4292;2811;1481;415;314;101;17;10;7;11;8;3;40;35;5;40;24;16;307;237;70;66.0;117.0;120.0;253.0;466.0;386.0;981
9802;Vaals;2008;9970;1859;6135;1976;5450;4093;2646;1447;427;318;109;17;10;7;12;7;5;43;36;7;43;25;18;312;240;72;68.0;130.0;96.0;211.0;455.0;382.0;981
9803;Vaals;2009;9866;1818;6046;2002;5507;3937;2516;1421;422;311;111;17;8;9;11;6;5;46;36;10;44;26;18;304;235;69;66.0;130.0;91.0;239.0;481.0;378.0;981
9804;Vaals;2010;9759;1766;5953;2040;5586;3750;2362;1388;423;307;116;16;8;8;12;7;5;47;34;13;46;27;19;302;231;71;63.0;129.0;108.0;187.0;442.0;373.0;981
9805;Vaals;2011;9684;1736;5886;2062;5669;3584;2233;1351;431;310;121;17;8;9;13;8;5;48;34;14;48;30;18;305;230;75;65.0;130.0;105.0;166.0;428.0;372.0;981
9806;Vaals;2012;9615;1697;5831;2087;5708;3472;2141;1331;435;307;128;21;11;10;13;8;5;46;34;12;54;31;23;301;223;78;64.0;125.0;94.0;163.0;404.0;362.0;981
9807;Vaals;2013;9530;1639;5768;2123;5720;3355;2059;1296;455;315;140;24;12;12;16;10;6;50;36;14;54;32;22;311;225;86;66.0;140.0;77.0;153.0;431.0;360.0;981
9808;Vaals;2014;9452;1597;5718;2137;5763;3225;1958;1267;464;322;142;23;12;11;16;11;5;54;38;16;56;32;24;315;229;86;69.0;125.0;73.0;156.0;407.0;354.0;981
9809;Vaals;2015;9368;1564;5646;2158;5777;3113;1871;1242;478;337;141;25;14;11;18;14;4;58;40;18;57;33;24;320;236;84;81.0;138.0;80.0;142.0;390.0;348.0;981
9810;Vaals;2016;9295;1564;5527;2204;5830;2985;1783;1202;480;342;138;27;14;13;18;14;4;57;40;17;60;36;24;318;238;80;72.0;126.0;70.0;131.0;378.0;339.0;981
9811;Vaals;2017;9220;1553;5446;2221;5859;2893;1718;1175;468;326;142;27;13;14;19;15;4;56;38;18;64;39;25;302;221;81;85.0;123.0;55.0;137.0;378.0;328.0;981
9812;Vaals;2018;9150;1565;5353;2232;5870;2814;1652;1162;466;319;147;29;15;14;20;14;6;58;41;17;64;39;25;295;210;85;67.0;130.0;50.0;115.0;379.0;329.0;981
9813;Vaals;2019;9076;1555;5264;2257;5900;2719;1571;1148;457;307;150;29;14;15;21;13;8;59;42;17;62;37;25;286;201;85;77.0;127.0;65.0;106.0;367.0;331.0;981
9814;Vaals;2020;9025;1558;5183;2284;5925;2638;1507;1131;462;306;156;25;11;14;23;13;10;59;42;17;63;37;26;292;203;89;76.0;141.0;48.0;109.0;383.0;319.0;981
9815;Vaals;2021;8963;1547;5123;2293;5953;2537;1424;1113;473;308;165;26;12;14;23;14;9;63;41;22;63;35;28;298;206;92;69.0;131.0;44.0;109.0;369.0;313.0;981
9816;Vaals;2022;8893;1524;5063;2306;5970;2443;1352;1091;480;309;171;27;14;13;24;14;10;65;41;24;63;34;29;301;206;95;75.0;122.0;37.0;103.0;372.0;315.0;981
9817;Vaals;2023;8836;1545;4977;2314;5987;2374;1297;1077;475;301;174;31;15;16;23;14;9;67;43;24;60;34;26;294;195;99;94.0;138.0;53.0;94.0;340.0;303.0;981
9818;Vaals;2024;8789;1548;4897;2344;6019;2292;1235;1057;478;294;184;35;16;19;26;15;11;66;40;26;64;35;29;287;188;99;76.0;128.0;32.0;87.0;354.0;310.0;981
9819;Vaals;2025;8726;1562;4819;2345;5998;2241;1189;1052;487;298;189;39;19;20;30;17;13;70;41;29;63;35;28;285;186;99;;;;;;;981
9820;Valkenburg (ZH.);2006;4022;1207;2365;450;3649;239;89;150;134;86;48;22;14;8;16;5;11;3;1;2;12;7;5;81;59;22;52.0;27.0;11.0;14.0;226.0;161.0;619
9821;Valkenburg (ZH.);2007;4111;1199;2417;495;3674;265;102;163;172;108;64;29;18;11;17;6;11;4;2;2;14;7;7;108;75;33;57.0;26.0;14.0;20.0;240.0;169.0;619
9822;Valkenburg (ZH.);2008;4208;1210;2467;531;3719;285;109;176;204;122;82;35;17;18;20;9;11;8;3;5;17;7;10;124;86;38;56.0;34.0;18.0;22.0;259.0;171.0;619
9823;Valkenburg (ZH.);2009;4316;1217;2530;569;3766;323;119;204;227;134;93;41;22;19;21;10;11;12;4;8;19;7;12;134;91;43;60.0;33.0;23.0;18.0;249.0;160.0;619
9824;Valkenburg (ZH.);2010;4435;1218;2610;607;3818;366;136;230;251;151;100;47;24;23;21;10;11;10;4;6;22;9;13;151;104;47;69.0;41.0;17.0;13.0;261.0;187.0;619
9825;Valkenburg (ZH.);2011;4540;1253;2665;622;3872;402;153;249;266;166;100;52;28;24;20;10;10;10;5;5;23;10;13;161;113;48;72.0;28.0;20.0;17.0;249.0;186.0;619
9826;Valkenburg (ZH.);2012;4649;1288;2673;688;3923;439;168;271;287;180;107;53;28;25;22;11;11;12;7;5;23;10;13;177;124;53;76.0;43.0;22.0;23.0;273.0;182.0;619
9827;Valkenburg (ZH.);2013;4770;1332;2723;715;3993;464;178;286;313;197;116;56;29;27;24;12;12;14;8;6;26;12;14;193;136;57;78.0;41.0;20.0;22.0;273.0;198.0;619
9828;Valkenburg (ZH.);2014;4880;1364;2752;764;4045;502;191;311;333;207;126;57;29;28;26;14;12;15;7;8;26;13;13;209;144;65;89.0;45.0;17.0;19.0;255.0;197.0;619
9829;Valkenburg (ZH.);2015;4978;1388;2795;795;4095;534;202;332;349;220;129;60;31;29;29;18;11;15;8;7;27;13;14;218;150;68;77.0;46.0;21.0;21.0;260.0;203.0;619
9830;Valkenburg (ZH.);2016;5065;1397;2848;820;4115;570;217;353;380;240;140;67;33;34;28;16;12;16;8;8;31;16;15;238;167;71;71.0;46.0;24.0;31.0;273.0;203.0;619
9831;Valkenburg (ZH.);2017;5153;1402;2908;843;4155;594;231;363;404;253;151;70;36;34;28;15;13;19;9;10;34;17;17;253;176;77;85.0;49.0;12.0;21.0;279.0;212.0;619
9832;Valkenburg (ZH.);2018;5246;1438;2933;875;4179;632;249;383;435;266;169;74;37;37;35;19;16;20;8;12;38;19;19;268;183;85;88.0;47.0;31.0;21.0;253.0;227.0;619
9833;Valkenburg (ZH.);2019;5323;1442;2993;888;4206;664;265;399;453;272;181;81;42;39;34;17;17;21;8;13;42;19;23;275;186;89;83.0;62.0;18.0;38.0;304.0;221.0;619
9834;Valkenburg (ZH.);2020;5406;1455;3047;904;4239;686;266;420;481;287;194;83;40;43;36;18;18;24;8;16;46;21;25;292;200;92;84.0;54.0;19.0;27.0;283.0;232.0;619
9835;Valkenburg (ZH.);2021;5480;1497;3056;927;4263;720;283;437;497;292;205;84;40;44;40;22;18;26;9;17;50;24;26;297;197;100;92.0;55.0;41.0;26.0;243.0;229.0;619
9836;Valkenburg (ZH.);2022;5546;1525;3090;931;4278;751;299;452;517;301;216;91;44;47;42;23;19;27;10;17;51;23;28;306;201;105;92.0;60.0;35.0;21.0;236.0;218.0;619
9837;Valkenburg (ZH.);2023;5610;1544;3118;948;4293;777;319;458;540;310;230;93;43;50;44;23;21;30;10;20;55;24;31;318;210;108;90.0;55.0;29.0;29.0;247.0;239.0;619
9838;Valkenburg (ZH.);2024;5652;1548;3151;953;4296;800;335;465;556;309;247;95;43;52;47;24;23;32;9;23;58;25;33;324;208;116;85.0;64.0;25.0;26.0;266.0;230.0;619
9839;Valkenburg (ZH.);2025;5709;1568;3142;999;4337;803;339;464;569;311;258;100;44;56;51;26;25;31;9;22;61;26;35;326;206;120;;;;;;;619
9840;Valkenburg aan de Geul;2006;17387;3455;10623;3309;14983;1972;700;1272;432;290;142;30;15;15;21;11;10;56;34;22;42;26;16;283;204;79;134.0;199.0;35.0;145.0;740.0;791.0;994
9841;Valkenburg aan de Geul;2007;17162;3360;10483;3319;14809;1919;671;1248;434;285;149;35;15;20;25;15;10;55;32;23;43;26;17;276;197;79;113.0;203.0;42.0;116.0;729.0;767.0;994
9842;Valkenburg aan de Geul;2008;16963;3289;10349;3325;14630;1894;654;1240;439;277;162;35;17;18;29;17;12;61;33;28;44;24;20;270;186;84;124.0;201.0;34.0;112.0;732.0;770.0;994
9843;Valkenburg aan de Geul;2009;16771;3193;10213;3365;14447;1873;627;1246;451;280;171;38;20;18;32;19;13;64;35;29;46;22;24;271;184;87;123.0;197.0;45.0;106.0;717.0;770.0;994
9844;Valkenburg aan de Geul;2010;16584;3098;10074;3412;14292;1846;613;1233;446;271;175;40;22;18;32;20;12;67;34;33;51;24;27;256;171;85;126.0;201.0;43.0;99.0;695.0;758.0;994
9845;Valkenburg aan de Geul;2011;16394;3011;9907;3476;14124;1821;612;1209;449;272;177;39;22;17;31;22;9;64;34;30;59;27;32;256;167;89;121.0;202.0;37.0;100.0;715.0;754.0;994
9846;Valkenburg aan de Geul;2012;16211;2931;9743;3537;13982;1779;608;1171;450;270;180;39;22;17;31;23;8;64;33;31;63;26;37;253;166;87;125.0;200.0;55.0;92.0;691.0;756.0;994
9847;Valkenburg aan de Geul;2013;16033;2837;9588;3608;13817;1756;615;1141;460;273;187;42;23;19;30;22;8;65;35;30;69;29;40;254;164;90;120.0;185.0;41.0;107.0;699.0;745.0;994
9848;Valkenburg aan de Geul;2014;15856;2754;9442;3660;13657;1727;606;1121;472;270;202;50;25;25;31;23;8;68;38;30;70;28;42;253;156;97;130.0;196.0;46.0;92.0;671.0;737.0;994
9849;Valkenburg aan de Geul;2015;15680;2684;9298;3698;13488;1713;608;1105;479;275;204;52;27;25;32;23;9;75;42;33;71;26;45;249;157;92;116.0;185.0;36.0;94.0;680.0;735.0;994
9850;Valkenburg aan de Geul;2016;15498;2622;9122;3754;13335;1676;593;1083;487;277;210;61;29;32;32;23;9;72;41;31;78;29;49;244;155;89;130.0;186.0;33.0;82.0;661.0;722.0;994
9851;Valkenburg aan de Geul;2017;15331;2588;8943;3800;13191;1657;590;1067;483;273;210;62;29;33;33;24;9;71;41;30;81;31;50;236;148;88;119.0;198.0;39.0;92.0;679.0;718.0;994
9852;Valkenburg aan de Geul;2018;15160;2525;8814;3821;13070;1603;580;1023;487;280;207;68;34;34;33;23;10;73;40;33;85;32;53;228;151;77;120.0;197.0;32.0;86.0;660.0;694.0;994
9853;Valkenburg aan de Geul;2019;14996;2481;8672;3843;12918;1581;584;997;497;288;209;73;37;36;34;24;10;75;44;31;86;32;54;229;151;78;116.0;193.0;39.0;85.0;653.0;686.0;994
9854;Valkenburg aan de Geul;2020;14839;2419;8552;3868;12791;1528;554;974;520;303;217;78;40;38;34;26;8;78;46;32;88;32;56;242;159;83;126.0;205.0;39.0;87.0;647.0;671.0;994
9855;Valkenburg aan de Geul;2021;14687;2385;8409;3893;12645;1521;548;973;521;302;219;76;39;37;33;26;7;82;45;37;92;36;56;238;156;82;133.0;203.0;38.0;91.0;635.0;668.0;994
9856;Valkenburg aan de Geul;2022;14534;2371;8252;3911;12512;1489;531;958;533;315;218;79;41;38;33;25;8;85;46;39;94;38;56;242;165;77;123.0;198.0;27.0;78.0;638.0;660.0;994
9857;Valkenburg aan de Geul;2023;14391;2336;8117;3938;12369;1471;527;944;551;324;227;77;41;36;33;23;10;86;45;41;101;39;62;254;176;78;119.0;209.0;31.0;84.0;634.0;646.0;994
9858;Valkenburg aan de Geul;2024;14239;2336;7944;3959;12219;1455;519;936;565;326;239;77;40;37;32;22;10;90;46;44;106;38;68;260;180;80;124.0;197.0;23.0;84.0;624.0;637.0;994
9859;Valkenburg aan de Geul;2025;14096;2338;7772;3986;12090;1423;507;916;583;340;243;81;44;37;37;25;12;93;48;45;110;40;70;262;183;79;;;;;;;994
9860;Valkenswaard;2006;30946;6945;18855;5146;26921;3100;843;2257;925;590;335;134;70;64;128;77;51;50;27;23;19;9;10;594;407;187;283.0;269.0;136.0;155.0;815.0;924.0;858
9861;Valkenswaard;2007;30831;6836;18755;5240;26835;3060;852;2208;936;593;343;130;68;62;128;75;53;53;28;25;22;9;13;603;413;190;278.0;265.0;101.0;204.0;878.0;928.0;858
9862;Valkenswaard;2008;30690;6722;18648;5320;26742;3028;832;2196;920;573;347;125;64;61;129;75;54;50;27;23;24;11;13;592;396;196;276.0;267.0;104.0;172.0;874.0;933.0;858
9863;Valkenswaard;2009;30575;6605;18471;5499;26667;2987;832;2155;921;567;354;127;62;65;128;74;54;52;27;25;28;13;15;586;391;195;269.0;282.0;121.0;169.0;854.0;931.0;858
9864;Valkenswaard;2010;30441;6482;18326;5633;26537;2984;856;2128;920;560;360;117;58;59;131;76;55;53;27;26;29;14;15;590;385;205;250.0;286.0;130.0;179.0;873.0;922.0;858
9865;Valkenswaard;2011;30306;6333;18183;5790;26382;3002;883;2119;922;556;366;116;57;59;128;73;55;54;26;28;30;14;16;594;386;208;255.0;293.0;119.0;175.0;869.0;920.0;858
9866;Valkenswaard;2012;30166;6209;18002;5955;26279;2978;893;2085;909;544;365;115;58;57;128;76;52;58;29;29;31;14;17;577;367;210;255.0;298.0;115.0;169.0;881.0;929.0;858
9867;Valkenswaard;2013;30027;6071;17804;6152;26158;2961;892;2069;908;536;372;117;58;59;129;78;51;62;30;32;34;14;20;566;356;210;255.0;310.0;125.0;153.0;865.0;920.0;858
9868;Valkenswaard;2014;29890;5974;17650;6266;26029;2944;922;2022;917;538;379;115;57;58;134;83;51;65;32;33;34;14;20;569;352;217;252.0;310.0;131.0;165.0;872.0;914.0;858
9869;Valkenswaard;2015;29756;5845;17544;6367;25877;2967;954;2013;912;531;381;116;56;60;128;74;54;69;33;36;37;15;22;562;353;209;253.0;331.0;127.0;173.0;881.0;909.0;858
9870;Valkenswaard;2016;29607;5746;17384;6477;25771;2916;956;1960;920;535;385;115;58;57;118;68;50;72;34;38;42;16;26;573;359;214;259.0;328.0;108.0;163.0;902.0;913.0;858
9871;Valkenswaard;2017;29477;5661;17248;6568;25649;2902;958;1944;926;532;394;112;56;56;114;65;49;76;34;42;46;18;28;578;359;219;272.0;322.0;125.0;170.0;862.0;903.0;858
9872;Valkenswaard;2018;29342;5601;17061;6680;25502;2893;962;1931;947;543;404;113;56;57;113;67;46;78;35;43;45;18;27;598;367;231;278.0;336.0;139.0;155.0;857.0;905.0;858
9873;Valkenswaard;2019;29219;5534;16943;6742;25368;2897;988;1909;954;538;416;108;53;55;104;58;46;82;37;45;48;17;31;612;373;239;281.0;336.0;100.0;179.0;887.0;889.0;858
9874;Valkenswaard;2020;29084;5464;16806;6814;25268;2877;989;1888;939;520;419;106;53;53;102;57;45;83;36;47;51;19;32;597;355;242;299.0;339.0;124.0;161.0;845.0;893.0;858
9875;Valkenswaard;2021;28963;5431;16667;6865;25170;2835;992;1843;958;528;430;106;53;53;98;54;44;87;39;48;56;20;36;611;362;249;314.0;345.0;96.0;166.0;866.0;886.0;858
9876;Valkenswaard;2022;28841;5432;16454;6955;25048;2846;1008;1838;947;510;437;104;51;53;89;49;40;83;38;45;60;20;40;611;352;259;280.0;360.0;117.0;160.0;884.0;881.0;858
9877;Valkenswaard;2023;28720;5397;16286;7037;24956;2820;1010;1810;944;500;444;105;50;55;94;51;43;83;38;45;61;20;41;601;341;260;317.0;353.0;117.0;145.0;822.0;869.0;858
9878;Valkenswaard;2024;28612;5410;16091;7111;24839;2827;1028;1799;946;495;451;108;51;57;92;52;40;85;39;46;62;21;41;599;332;267;308.0;360.0;120.0;145.0;830.0;872.0;858
9879;Valkenswaard;2025;28496;5400;15895;7201;24700;2827;1047;1780;969;503;466;108;48;60;99;55;44;90;41;49;67;22;45;605;337;268;;;;;;;858
9880;Veendam;2006;28218;6531;17122;4565;25110;1352;446;906;1756;1039;717;295;168;127;70;40;30;928;490;438;9;6;3;454;335;119;277.0;299.0;52.0;81.0;1097.0;1176.0;47
9881;Veendam;2007;28093;6443;17066;4584;24973;1379;458;921;1741;1030;711;285;168;117;77;44;33;919;483;436;11;8;3;449;327;122;282.0;304.0;64.0;70.0;978.0;1173.0;47
9882;Veendam;2008;27877;6340;16931;4606;24779;1377;470;907;1721;1014;707;283;168;115;82;48;34;900;472;428;17;12;5;439;314;125;270.0;325.0;82.0;75.0;952.0;1151.0;47
9883;Veendam;2009;27630;6230;16740;4660;24536;1396;481;915;1698;1007;691;282;169;113;81;47;34;875;464;411;20;15;5;440;312;128;286.0;309.0;72.0;72.0;917.0;1133.0;47
9884;Veendam;2010;27393;6134;16528;4731;24297;1402;482;920;1694;1011;683;281;171;110;81;49;32;860;459;401;21;14;7;451;318;133;255.0;310.0;80.0;66.0;929.0;1126.0;47
9885;Veendam;2011;27157;6021;16333;4803;24066;1418;483;935;1673;1017;656;270;166;104;78;49;29;846;466;380;24;15;9;455;321;134;241.0;306.0;83.0;72.0;945.0;1116.0;47
9886;Veendam;2012;26933;5909;16070;4954;23869;1409;487;922;1655;1003;652;263;160;103;82;51;31;826;458;368;25;15;10;459;319;140;246.0;294.0;78.0;88.0;938.0;1095.0;47
9887;Veendam;2013;26718;5825;15780;5113;23639;1435;512;923;1644;999;645;251;154;97;81;48;33;813;455;358;27;15;12;472;327;145;239.0;306.0;100.0;82.0;917.0;1079.0;47
9888;Veendam;2014;26510;5732;15550;5228;23421;1464;531;933;1625;998;627;247;152;95;77;46;31;796;448;348;31;19;12;474;333;141;235.0;305.0;62.0;79.0;959.0;1082.0;47
9889;Veendam;2015;26299;5620;15346;5333;23226;1478;539;939;1595;985;610;239;149;90;78;46;32;778;444;334;33;20;13;467;326;141;229.0;307.0;67.0;75.0;955.0;1061.0;47
9890;Veendam;2016;26105;5538;15120;5447;23025;1507;554;953;1573;981;592;233;146;87;75;44;31;754;441;313;37;22;15;474;328;146;249.0;306.0;84.0;79.0;926.0;1051.0;47
9891;Veendam;2017;25929;5463;14906;5560;22817;1540;572;968;1572;987;585;232;146;86;77;44;33;733;432;301;35;21;14;495;344;151;236.0;317.0;76.0;67.0;939.0;1042.0;47
9892;Veendam;2018;25755;5400;14669;5686;22641;1560;598;962;1554;983;571;235;146;89;72;41;31;718;428;290;34;20;14;495;348;147;233.0;309.0;76.0;74.0;945.0;1047.0;47
9893;Veendam;2019;25580;5320;14494;5766;22451;1589;601;988;1540;981;559;226;145;81;72;42;30;703;422;281;36;21;15;503;351;152;240.0;309.0;80.0;63.0;933.0;1046.0;47
9894;Veendam;2020;25418;5236;14328;5854;22282;1607;611;996;1529;977;552;229;145;84;75;46;29;691;418;273;40;22;18;494;346;148;247.0;309.0;71.0;80.0;946.0;1030.0;47
9895;Veendam;2021;25266;5136;14164;5966;22124;1618;631;987;1524;979;545;229;143;86;76;45;31;669;410;259;42;22;20;508;359;149;227.0;312.0;80.0;84.0;969.0;1026.0;47
9896;Veendam;2022;25122;5042;14003;6077;21982;1630;642;988;1510;974;536;230;144;86;74;43;31;651;407;244;45;24;21;510;356;154;240.0;307.0;73.0;81.0;956.0;1018.0;47
9897;Veendam;2023;24988;4987;13869;6132;21808;1656;661;995;1524;1000;524;237;147;90;77;46;31;634;412;222;44;21;23;532;374;158;232.0;339.0;80.0;81.0;981.0;1009.0;47
9898;Veendam;2024;24853;4952;13716;6185;21651;1674;662;1012;1528;1019;509;227;143;84;72;42;30;626;409;217;44;21;23;559;404;155;240.0;331.0;75.0;69.0;973.0;1008.0;47
9899;Veendam;2025;24732;4936;13541;6255;21518;1699;676;1023;1515;1005;510;223;140;83;71;43;28;613;401;212;51;25;26;557;396;161;;;;;;;47
9900;Veenendaal;2006;61125;17315;36288;7522;51929;3533;1298;2235;5663;3130;2533;302;163;139;319;195;124;689;344;345;2808;1416;1392;1545;1012;533;824.0;446.0;117.0;215.0;1506.0;1741.0;345
9901;Veenendaal;2007;61176;17209;36382;7585;51954;3493;1269;2224;5729;3079;2650;308;165;143;308;187;121;693;342;351;2880;1403;1477;1540;982;558;837.0;444.0;106.0;204.0;1355.0;1726.0;345
9902;Veenendaal;2008;61102;17097;36289;7716;51843;3459;1262;2197;5800;3052;2748;327;178;149;292;173;119;703;341;362;2940;1390;1550;1538;970;568;825.0;442.0;108.0;198.0;1335.0;1710.0;345
9903;Veenendaal;2009;61028;17027;36198;7803;51749;3426;1246;2180;5853;3015;2838;337;180;157;285;169;116;702;340;362;2992;1378;1614;1537;948;589;784.0;454.0;99.0;204.0;1345.0;1693.0;345
9904;Veenendaal;2010;60916;16913;36080;7923;51625;3398;1225;2173;5893;2965;2928;359;195;164;279;158;121;707;341;366;3028;1359;1669;1520;912;608;797.0;453.0;100.0;187.0;1318.0;1684.0;345
9905;Veenendaal;2011;60815;16816;35903;8096;51477;3374;1220;2154;5964;2948;3016;372;199;173;273;152;121;718;343;375;3059;1340;1719;1542;914;628;772.0;477.0;113.0;176.0;1336.0;1670.0;345
9906;Veenendaal;2012;60712;16643;35565;8504;51352;3378;1222;2156;5982;2895;3087;375;198;177;275;151;124;719;344;375;3096;1324;1772;1517;878;639;744.0;472.0;100.0;173.0;1345.0;1656.0;345
9907;Veenendaal;2013;60605;16535;35241;8829;51266;3352;1216;2136;5987;2871;3116;382;202;180;273;151;122;722;342;380;3079;1302;1777;1531;874;657;744.0;465.0;103.0;175.0;1347.0;1661.0;345
9908;Veenendaal;2014;60504;16354;35016;9134;51133;3326;1207;2119;6045;2857;3188;383;210;173;273;149;124;715;331;384;3113;1301;1812;1561;866;695;728.0;484.0;139.0;163.0;1325.0;1645.0;345
9909;Veenendaal;2015;60411;16203;34865;9343;50982;3348;1212;2136;6081;2839;3242;407;218;189;269;145;124;718;330;388;3115;1282;1833;1572;864;708;727.0;485.0;116.0;152.0;1334.0;1648.0;345
9910;Veenendaal;2016;60312;16057;34675;9580;50883;3331;1203;2128;6098;2830;3268;406;219;187;269;145;124;724;331;393;3107;1271;1836;1592;864;728;707.0;489.0;104.0;189.0;1407.0;1646.0;345
9911;Veenendaal;2017;60207;15885;34484;9838;50767;3317;1201;2116;6123;2815;3308;410;222;188;269;141;128;724;332;392;3122;1258;1864;1598;862;736;691.0;485.0;94.0;173.0;1401.0;1646.0;345
9912;Veenendaal;2018;60092;15676;34348;10068;50722;3298;1205;2093;6072;2768;3304;431;225;206;255;132;123;718;321;397;3111;1245;1866;1557;845;712;730.0;499.0;92.0;187.0;1378.0;1636.0;345
9913;Veenendaal;2019;59978;15512;34179;10287;50588;3293;1203;2090;6097;2741;3356;438;215;223;255;129;126;721;318;403;3101;1231;1870;1582;848;734;683.0;500.0;83.0;159.0;1408.0;1645.0;345
9914;Veenendaal;2020;59854;15256;34013;10585;50480;3293;1202;2091;6081;2699;3382;452;222;230;255;126;129;716;312;404;3092;1209;1883;1566;830;736;701.0;530.0;86.0;158.0;1429.0;1643.0;345
9915;Veenendaal;2021;59742;15039;33881;10822;50380;3288;1208;2080;6074;2656;3418;463;224;239;260;127;133;707;308;399;3099;1198;1901;1545;799;746;698.0;543.0;89.0;154.0;1449.0;1637.0;345
9916;Veenendaal;2022;59653;14829;33819;11005;50270;3315;1225;2090;6068;2621;3447;470;225;245;255;123;132;718;308;410;3082;1176;1906;1543;789;754;708.0;540.0;76.0;161.0;1440.0;1623.0;345
9917;Veenendaal;2023;59557;14674;33686;11197;50174;3322;1236;2086;6061;2594;3467;467;220;247;273;126;147;727;302;425;3045;1157;1888;1549;789;760;698.0;525.0;64.0;153.0;1445.0;1626.0;345
9918;Veenendaal;2024;59466;14537;33433;11496;50161;3273;1212;2061;6032;2565;3467;480;226;254;268;125;143;727;299;428;3006;1140;1866;1551;775;776;702.0;571.0;87.0;154.0;1436.0;1613.0;345
9919;Veenendaal;2025;59357;14373;33252;11732;50100;3243;1207;2036;6014;2556;3458;484;225;259;279;130;149;723;297;426;2973;1125;1848;1555;779;776;;;;;;;345
9920;Veere;2006;21778;5447;12533;3798;20002;1296;546;750;480;299;181;53;25;28;54;25;29;15;7;8;24;8;16;334;234;100;226.0;211.0;50.0;63.0;716.0;873.0;717
9921;Veere;2007;21624;5322;12505;3797;19740;1340;539;801;544;319;225;73;33;40;63;27;36;21;9;12;35;11;24;352;239;113;221.0;219.0;38.0;69.0;750.0;882.0;717
9922;Veere;2008;21466;5225;12452;3789;19474;1379;541;838;613;344;269;90;40;50;74;32;42;26;12;14;45;13;32;378;247;131;212.0;210.0;44.0;55.0;720.0;881.0;717
9923;Veere;2009;21298;5130;12316;3852;19207;1416;543;873;675;363;312;104;41;63;80;34;46;33;13;20;48;13;35;410;262;148;218.0;205.0;31.0;51.0;733.0;893.0;717
9924;Veere;2010;21130;5015;12219;3896;18958;1448;548;900;724;376;348;120;41;79;87;37;50;35;17;18;60;16;44;422;265;157;204.0;196.0;49.0;56.0;724.0;886.0;717
9925;Veere;2011;20969;4889;12180;3900;18711;1499;553;946;759;373;386;129;43;86;96;41;55;39;17;22;64;16;48;431;256;175;227.0;207.0;50.0;50.0;728.0;893.0;717
9926;Veere;2012;20828;4805;12011;4012;18465;1525;546;979;838;399;439;138;41;97;112;45;67;44;18;26;78;21;57;466;274;192;224.0;210.0;55.0;69.0;733.0;885.0;717
9927;Veere;2013;20675;4719;11849;4107;18211;1563;554;1009;901;418;483;154;47;107;119;44;75;48;21;27;98;27;71;482;279;203;235.0;190.0;46.0;62.0;719.0;884.0;717
9928;Veere;2014;20538;4658;11687;4193;17987;1591;567;1024;960;440;520;159;48;111;125;46;79;54;26;28;114;30;84;508;290;218;235.0;204.0;48.0;65.0;726.0;882.0;717
9929;Veere;2015;20398;4576;11582;4240;17746;1637;575;1062;1015;452;563;179;49;130;133;48;85;63;29;34;121;31;90;519;295;224;241.0;212.0;41.0;76.0;730.0;867.0;717
9930;Veere;2016;20258;4553;11432;4273;17529;1664;586;1078;1065;459;606;195;53;142;134;46;88;69;31;38;138;34;104;529;295;234;228.0;196.0;36.0;57.0;714.0;864.0;717
9931;Veere;2017;20123;4489;11314;4320;17316;1678;592;1086;1129;477;652;207;55;152;144;50;94;76;32;44;145;37;108;557;303;254;249.0;200.0;46.0;50.0;705.0;879.0;717
9932;Veere;2018;19998;4452;11176;4370;17117;1716;600;1116;1165;489;676;210;54;156;145;50;95;79;33;46;154;39;115;577;313;264;233.0;213.0;48.0;66.0;716.0;852.0;717
9933;Veere;2019;19865;4403;11073;4389;16908;1737;588;1149;1220;497;723;217;52;165;157;53;104;86;33;53;159;41;118;601;318;283;260.0;202.0;53.0;48.0;692.0;859.0;717
9934;Veere;2020;19759;4406;10928;4425;16702;1768;603;1165;1289;509;780;227;53;174;163;55;108;96;34;62;171;45;126;632;322;310;237.0;217.0;42.0;48.0;703.0;848.0;717
9935;Veere;2021;19630;4393;10801;4436;16518;1772;609;1163;1340;517;823;237;55;182;167;55;112;103;35;68;178;48;130;655;324;331;243.0;202.0;41.0;51.0;697.0;842.0;717
9936;Veere;2022;19515;4374;10689;4452;16344;1785;611;1174;1386;534;852;243;57;186;164;58;106;108;38;70;196;51;145;675;330;345;240.0;200.0;47.0;50.0;692.0;851.0;717
9937;Veere;2023;19395;4368;10545;4482;16178;1796;615;1181;1421;537;884;249;56;193;163;56;107;111;38;73;208;56;152;690;331;359;253.0;207.0;40.0;50.0;683.0;824.0;717
9938;Veere;2024;19289;4392;10410;4487;15982;1833;632;1201;1474;558;916;251;57;194;169;55;114;114;38;76;216;60;156;724;348;376;243.0;202.0;51.0;37.0;668.0;821.0;717
9939;Veere;2025;19194;4403;10295;4496;15819;1856;636;1220;1519;574;945;254;60;194;175;57;118;120;39;81;230;66;164;740;352;388;;;;;;;717
9940;Veghel;2006;37985;10013;23057;4915;32631;2320;968;1352;3034;1610;1424;379;210;169;75;35;40;1383;677;706;543;265;278;654;423;231;441.0;281.0;65.0;191.0;1308.0;1117.0;860
9941;Veghel;2007;38212;9938;23271;5003;32870;2338;958;1380;3004;1574;1430;376;208;168;79;37;42;1382;670;712;543;269;274;624;390;234;462.0;287.0;72.0;166.0;1135.0;1116.0;860
9942;Veghel;2008;38309;9849;23319;5141;32976;2354;971;1383;2979;1553;1426;370;203;167;71;33;38;1385;668;717;544;267;277;609;382;227;421.0;285.0;85.0;168.0;1152.0;1116.0;860
9943;Veghel;2009;38398;9745;23380;5273;33062;2362;966;1396;2974;1543;1431;365;195;170;70;34;36;1388;663;725;528;262;266;623;389;234;440.0;296.0;97.0;188.0;1134.0;1112.0;860
9944;Veghel;2010;38472;9627;23413;5432;33137;2372;981;1391;2963;1543;1420;362;192;170;70;35;35;1383;664;719;524;261;263;624;391;233;446.0;302.0;81.0;184.0;1122.0;1105.0;860
9945;Veghel;2011;38529;9542;23409;5578;33227;2346;963;1383;2956;1517;1439;359;184;175;71;36;35;1388;655;733;517;258;259;621;384;237;431.0;305.0;62.0;170.0;1153.0;1109.0;860
9946;Veghel;2012;38594;9442;23374;5778;33304;2352;977;1375;2938;1506;1432;363;183;180;72;37;35;1373;652;721;518;260;258;612;374;238;436.0;306.0;66.0;158.0;1118.0;1105.0;860
9947;Veghel;2013;38645;9358;23283;6004;33360;2385;991;1394;2900;1468;1432;361;178;183;73;38;35;1357;642;715;518;261;257;591;349;242;451.0;313.0;71.0;153.0;1117.0;1097.0;860
9948;Veghel;2014;38720;9293;23208;6219;33424;2403;994;1409;2893;1457;1436;367;181;186;71;37;34;1359;640;719;516;256;260;580;343;237;442.0;329.0;72.0;164.0;1126.0;1104.0;860
9949;Veghel;2015;38764;9205;23095;6464;33512;2390;980;1410;2862;1424;1438;361;177;184;65;33;32;1348;629;719;506;250;256;582;335;247;443.0;329.0;65.0;142.0;1118.0;1116.0;860
9950;Veghel;2016;38802;9149;23010;6643;33570;2393;975;1418;2839;1405;1434;361;177;184;68;37;31;1336;623;713;498;246;252;576;322;254;450.0;344.0;70.0;146.0;1101.0;1107.0;860
9951;Veghel;2017;38828;9116;22902;6810;33620;2395;971;1424;2813;1390;1423;355;174;181;69;38;31;1316;612;704;504;248;256;569;318;251;442.0;338.0;57.0;147.0;1107.0;1091.0;860
9952;Veghel;2018;38863;9018;22850;6995;33665;2411;967;1444;2787;1380;1407;353;176;177;67;38;29;1295;598;697;505;248;257;567;320;247;458.0;348.0;51.0;141.0;1085.0;1098.0;860
9953;Veghel;2019;38875;8958;22724;7193;33703;2406;958;1448;2766;1375;1391;345;171;174;64;34;30;1280;590;690;500;248;252;577;332;245;457.0;361.0;60.0;135.0;1090.0;1088.0;860
9954;Veghel;2020;38900;8890;22632;7378;33766;2384;953;1431;2750;1368;1382;334;168;166;62;32;30;1271;585;686;501;248;253;582;335;247;452.0;366.0;53.0;126.0;1091.0;1089.0;860
9955;Veghel;2021;38918;8810;22538;7570;33803;2402;964;1438;2713;1339;1374;324;163;161;59;30;29;1263;575;688;497;245;252;570;326;244;453.0;378.0;50.0;142.0;1116.0;1088.0;860
9956;Veghel;2022;38933;8723;22446;7764;33859;2382;957;1425;2692;1331;1361;325;166;159;60;29;31;1252;570;682;493;239;254;562;327;235;441.0;391.0;50.0;139.0;1123.0;1082.0;860
9957;Veghel;2023;38937;8657;22358;7922;33880;2374;953;1421;2683;1322;1361;325;164;161;61;30;31;1240;562;678;492;238;254;565;328;237;446.0;392.0;46.0;135.0;1127.0;1074.0;860
9958;Veghel;2024;38954;8602;22231;8121;33938;2365;951;1414;2651;1303;1348;319;163;156;63;29;34;1231;558;673;483;235;248;555;318;237;449.0;396.0;49.0;133.0;1100.0;1075.0;860
9959;Veghel;2025;38952;8570;22054;8328;33971;2356;942;1414;2625;1288;1337;319;166;153;61;26;35;1210;546;664;484;232;252;551;318;233;;;;;;;860
9960;Veldhoven;2006;43034;10455;26542;6037;36907;4037;1485;2552;2090;1314;776;272;122;150;130;57;73;92;42;50;230;99;131;1366;994;372;420.0;290.0;453.0;332.0;1722.0;2131.0;861
9961;Veldhoven;2007;42874;10288;26389;6197;36628;4082;1544;2538;2164;1341;823;279;124;155;134;62;72;105;45;60;243;101;142;1403;1009;394;382.0;292.0;483.0;327.0;1726.0;2127.0;861
9962;Veldhoven;2008;42718;10119;26252;6347;36282;4163;1641;2522;2273;1394;879;292;130;162;138;65;73;115;50;65;247;99;148;1481;1050;431;397.0;313.0;539.0;347.0;1713.0;2133.0;861
9963;Veldhoven;2009;42576;10011;26100;6465;35943;4282;1749;2533;2351;1416;935;294;133;161;138;63;75;128;54;74;260;101;159;1531;1065;466;367.0;322.0;591.0;344.0;1683.0;2132.0;861
9964;Veldhoven;2010;42419;9841;25947;6631;35542;4419;1913;2506;2458;1457;1001;301;134;167;144;68;76;143;61;82;271;107;164;1599;1087;512;371.0;321.0;628.0;382.0;1682.0;2144.0;861
9965;Veldhoven;2011;42256;9640;25836;6780;35142;4585;2088;2497;2529;1492;1037;303;134;169;135;63;72;144;60;84;283;114;169;1664;1121;543;380.0;341.0;725.0;409.0;1629.0;2138.0;861
9966;Veldhoven;2012;42100;9479;25642;6979;34748;4756;2270;2486;2596;1517;1079;318;141;177;135;61;74;152;63;89;281;108;173;1710;1144;566;379.0;355.0;762.0;420.0;1634.0;2147.0;861
9967;Veldhoven;2013;41956;9322;25427;7207;34344;4948;2456;2492;2664;1533;1131;311;140;171;141;62;79;158;62;96;289;110;179;1765;1159;606;367.0;357.0;771.0;438.0;1612.0;2122.0;861
9968;Veldhoven;2014;41795;9198;25184;7413;33941;5142;2667;2475;2712;1535;1177;316;141;175;141;65;76;158;63;95;288;109;179;1809;1157;652;369.0;364.0;777.0;455.0;1631.0;2129.0;861
9969;Veldhoven;2015;41629;9072;24960;7597;33533;5315;2849;2466;2781;1559;1222;318;142;176;144;66;78;156;62;94;290;113;177;1873;1176;697;361.0;346.0;779.0;473.0;1628.0;2115.0;861
9970;Veldhoven;2016;41468;8981;24741;7746;33125;5482;3001;2481;2861;1592;1269;331;145;186;143;70;73;162;61;101;289;109;180;1936;1207;729;373.0;362.0;796.0;507.0;1630.0;2098.0;861
9971;Veldhoven;2017;41304;8887;24518;7899;32750;5623;3117;2506;2931;1603;1328;328;141;187;145;75;70;168;63;105;288;106;182;2002;1218;784;386.0;377.0;744.0;502.0;1666.0;2098.0;861
9972;Veldhoven;2018;41126;8808;24267;8051;32380;5750;3205;2545;2996;1612;1384;323;134;189;149;76;73;184;68;116;300;109;191;2040;1225;815;362.0;382.0;729.0;489.0;1702.0;2099.0;861
9973;Veldhoven;2019;40951;8745;24056;8150;31999;5899;3297;2602;3053;1610;1443;328;138;190;157;80;77;190;72;118;307;112;195;2071;1208;863;368.0;389.0;719.0;499.0;1724.0;2113.0;861
9974;Veldhoven;2020;40765;8649;23822;8294;31676;5981;3341;2640;3108;1620;1488;334;133;201;152;79;73;197;74;123;310;114;196;2115;1220;895;375.0;395.0;663.0;503.0;1746.0;2071.0;861
9975;Veldhoven;2021;40582;8501;23686;8395;31357;6045;3372;2673;3180;1634;1546;340;134;206;154;80;74;201;73;128;318;113;205;2167;1234;933;383.0;402.0;616.0;456.0;1741.0;2076.0;861
9976;Veldhoven;2022;40390;8400;23452;8538;31070;6063;3346;2717;3257;1645;1612;345;135;210;163;82;81;211;76;135;315;112;203;2223;1240;983;382.0;416.0;622.0;482.0;1743.0;2055.0;861
9977;Veldhoven;2023;40189;8291;23186;8712;30770;6100;3354;2746;3319;1654;1665;354;134;220;164;79;85;223;80;143;307;106;201;2271;1255;1016;394.0;416.0;563.0;448.0;1747.0;2043.0;861
9978;Veldhoven;2024;39994;8229;22896;8869;30457;6136;3347;2789;3401;1652;1749;360;136;224;162;79;83;237;84;153;310;105;205;2332;1248;1084;375.0;423.0;514.0;466.0;1820.0;2030.0;861
9979;Veldhoven;2025;39788;8145;22649;8994;30218;6099;3324;2775;3471;1662;1809;363;138;225;155;72;83;249;82;167;316;103;213;2388;1267;1121;;;;;;;861
9980;Velsen;2006;67907;17048;39729;11130;58134;5503;2056;3447;4270;2380;1890;328;150;178;196;83;113;1268;626;642;491;269;222;1987;1252;735;720.0;672.0;213.0;236.0;1919.0;2088.0;453
9981;Velsen;2007;67768;16937;39711;11120;57925;5468;2046;3422;4375;2402;1973;342;150;192;203;88;115;1297;635;662;504;273;231;2029;1256;773;711.0;700.0;232.0;239.0;1944.0;2087.0;453
9982;Velsen;2008;67634;16777;39785;11072;57712;5465;2047;3418;4457;2417;2040;367;155;212;202;90;112;1304;638;666;523;273;250;2061;1261;800;697.0;667.0;208.0;230.0;1939.0;2089.0;453
9983;Velsen;2009;67491;16584;39819;11088;57497;5443;2055;3388;4551;2437;2114;384;159;225;203;93;110;1316;643;673;551;288;263;2097;1254;843;686.0;668.0;231.0;253.0;1931.0;2106.0;453
9984;Velsen;2010;67314;16430;39737;11147;57275;5427;2064;3363;4612;2429;2183;397;157;240;202;95;107;1331;651;680;565;289;276;2117;1237;880;673.0;674.0;238.0;241.0;1912.0;2094.0;453
9985;Velsen;2011;67128;16137;39864;11127;57001;5422;2068;3354;4705;2444;2261;406;161;245;218;108;110;1348;650;698;581;288;293;2152;1237;915;638.0;675.0;244.0;240.0;1975.0;2104.0;453
9986;Velsen;2012;66971;15886;39474;11611;56745;5440;2099;3341;4786;2468;2318;417;167;250;207;100;107;1357;658;699;594;293;301;2211;1250;961;648.0;674.0;254.0;230.0;1924.0;2103.0;453
9987;Velsen;2013;66798;15642;39221;11935;56457;5493;2147;3346;4848;2490;2358;429;169;260;207;103;104;1351;650;701;608;298;310;2253;1270;983;641.0;689.0;218.0;229.0;2004.0;2114.0;453
9988;Velsen;2014;66632;15418;39058;12156;56211;5513;2199;3314;4908;2509;2399;442;176;266;214;106;108;1351;657;694;618;301;317;2283;1269;1014;662.0;687.0;229.0;236.0;1987.0;2107.0;453
9989;Velsen;2015;66482;15227;38973;12282;55971;5532;2234;3298;4979;2526;2453;463;179;284;213;100;113;1363;664;699;622;303;319;2318;1280;1038;679.0;703.0;244.0;236.0;1978.0;2112.0;453
9990;Velsen;2016;66335;15030;38857;12448;55676;5576;2288;3288;5083;2560;2523;477;185;292;229;108;121;1374;667;707;634;303;331;2369;1297;1072;676.0;696.0;220.0;224.0;2015.0;2123.0;453
9991;Velsen;2017;66209;14907;38738;12564;55499;5578;2295;3283;5132;2574;2558;499;195;304;241;117;124;1354;660;694;650;308;342;2388;1294;1094;671.0;712.0;267.0;225.0;1990.0;2123.0;453
9992;Velsen;2018;66082;14671;38717;12694;55339;5576;2317;3259;5167;2576;2591;508;201;307;246;121;125;1367;659;708;658;312;346;2388;1283;1105;707.0;698.0;245.0;240.0;1981.0;2118.0;453
9993;Velsen;2019;65964;14457;38634;12873;55151;5593;2369;3224;5220;2590;2630;520;203;317;240;119;121;1377;666;711;657;305;352;2426;1297;1129;713.0;699.0;234.0;235.0;1997.0;2112.0;453
9994;Velsen;2020;65868;14310;38499;13059;54982;5599;2370;3229;5287;2608;2679;538;203;335;249;124;125;1378;665;713;660;305;355;2462;1311;1151;710.0;703.0;230.0;235.0;2004.0;2121.0;453
9995;Velsen;2021;65761;14103;38393;13265;54796;5625;2403;3222;5340;2627;2713;546;199;347;264;129;135;1375;665;710;664;299;365;2491;1335;1156;724.0;706.0;215.0;236.0;2028.0;2117.0;453
9996;Velsen;2022;65676;14015;38173;13488;54656;5609;2434;3175;5411;2669;2742;560;204;356;279;136;143;1373;665;708;662;301;361;2537;1363;1174;716.0;710.0;222.0;209.0;2044.0;2117.0;453
9997;Velsen;2023;65630;13966;37925;13739;54523;5642;2459;3183;5465;2690;2775;573;213;360;283;139;144;1381;658;723;668;304;364;2560;1376;1184;726.0;709.0;226.0;247.0;2075.0;2118.0;453
9998;Velsen;2024;65589;13919;37654;14016;54400;5655;2495;3160;5534;2729;2805;578;210;368;292;148;144;1385;657;728;671;305;366;2608;1409;1199;733.0;740.0;232.0;215.0;2036.0;2099.0;453
9999;Velsen;2025;65548;13878;37341;14329;54320;5612;2492;3120;5616;2772;2844;603;220;383;298;154;144;1387;657;730;690;310;380;2638;1431;1207;;;;;;;453
