ID;Leeftijd;Perioden;TotaalAantalHuishoudens_1;Eenpersoonshuishouden_2;TotaalMeerpersoonshuishoudens_3;k_2Personen_4;k_3Personen_5;k_4Personen_6;k_5OfMeerPersonen_7
0;Totaal over alle leeftijden;2005;7095783;2471714;4624069;2300126;904081;976555;443307
1;Totaal over alle leeftijden;2006;7145935;2519552;4626383;2299438;901143;983841;441961
2;Totaal over alle leeftijden;2007;7195910;2566289;4629621;2300876;899288;989927;439530
3;Totaal over alle leeftijden;2008;7246449;2612664;4633785;2304739;897585;995126;436335
4;Totaal over alle leeftijden;2009;7297977;2658828;4639149;2310332;896689;999450;432678
5;Totaal over alle leeftijden;2010;7350404;2704711;4645693;2318542;896440;1002553;428158
6;Totaal over alle leeftijden;2011;7403280;2750017;4653263;2329275;896346;1004325;423317
7;Totaal over alle leeftijden;2012;7456037;2794432;4661605;2342339;896013;1005105;418148
8;Totaal over alle leeftijden;2013;7508351;2837833;4670518;2357657;894977;1004975;412909
9;Totaal over alle leeftijden;2014;7559528;2880018;4679510;2374774;893323;1004117;407296
10;Totaal over alle leeftijden;2015;7608933;2920555;4688378;2392722;891024;1002895;401737
11;Totaal over alle leeftijden;2016;7656676;2959913;4696763;2410538;888312;1001583;396330
12;Totaal over alle leeftijden;2017;7703027;2998612;4704415;2427247;885164;1000655;391349
13;Totaal over alle leeftijden;2018;7747816;3036600;4711216;2442939;881911;999718;386648
14;Totaal over alle leeftijden;2019;7791110;3073959;4717151;2457158;878530;998906;382557
15;Totaal over alle leeftijden;2020;7832335;3110130;4722205;2471098;875107;997304;378696
16;Totaal over alle leeftijden;2021;7871579;3145223;4726356;2484497;871146;995359;375354
17;Totaal over alle leeftijden;2022;7909149;3179256;4729893;2498077;866169;993025;372622
18;Totaal over alle leeftijden;2023;7944622;3211884;4732738;2512378;859982;990087;370291
19;Totaal over alle leeftijden;2024;7977804;3243092;4734712;2526504;852312;987260;368636
20;Totaal over alle leeftijden;2025;8008332;3272487;4735845;2540035;843432;984789;367589
21;Totaal over alle leeftijden;2026;8036125;3300080;4736045;2552510;833639;982893;367003
22;Totaal over alle leeftijden;2027;8060825;3325581;4735244;2563273;823423;981709;366839
23;Totaal over alle leeftijden;2028;8082339;3348966;4733373;2571968;813128;981293;366984
24;Totaal over alle leeftijden;2029;8100632;3370164;4730468;2578363;803059;981646;367400
25;Totaal over alle leeftijden;2030;8115704;3389233;4726471;2582356;793497;982668;367950
26;Totaal over alle leeftijden;2031;8127619;3406111;4721508;2584078;784534;984274;368622
27;Totaal over alle leeftijden;2032;8136612;3421060;4715552;2583657;776192;986353;369350
28;Totaal over alle leeftijden;2033;8143029;3434138;4708891;2581563;768491;988770;370067
29;Totaal over alle leeftijden;2034;8147152;3445544;4701608;2578054;761518;991296;370740
30;Totaal over alle leeftijden;2035;8149304;3455247;4694057;2573765;755272;993685;371335
31;Totaal over alle leeftijden;2036;8149558;3463052;4686506;2569098;749791;995808;371809
32;Totaal over alle leeftijden;2037;8148365;3469360;4679005;2564207;745160;997497;372141
33;Totaal over alle leeftijden;2038;8145948;3474205;4671743;2559459;741298;998688;372298
34;Totaal over alle leeftijden;2039;8142529;3477665;4664864;2555095;738196;999289;372284
35;Totaal over alle leeftijden;2040;8138437;3480062;4658375;2551208;735752;999352;372063
36;Totaal over alle leeftijden;2041;8133870;3481418;4652452;2548084;733870;998868;371630
37;Totaal over alle leeftijden;2042;8128937;3481847;4647090;2545718;732452;997930;370990
38;Totaal over alle leeftijden;2043;8123784;3481424;4642360;2544224;731365;996592;370179
39;Totaal over alle leeftijden;2044;8118518;3480238;4638280;2543617;730488;994950;369225
40;Totaal over alle leeftijden;2045;8113267;3478372;4634895;2543954;729735;993017;368189
41;Totaal over alle leeftijden;2046;8108078;3475811;4632267;2545229;729019;990928;367091
42;Totaal over alle leeftijden;2047;8102911;3472524;4630387;2547453;728200;988768;365966
43;Totaal over alle leeftijden;2048;8097863;3468388;4629475;2550924;727140;986587;364824
44;Totaal over alle leeftijden;2049;8092943;3463421;4629522;2555580;725802;984435;363705
45;Totaal over alle leeftijden;2050;8088131;3457624;4630507;2561375;724144;982356;362632
46;100;2005;467148;273124;194024;149291;33216;9668;1849
47;100;2006;466230;274920;191310;146962;33106;9315;1927
48;100;2007;467169;277491;189678;145924;32765;9068;1921
49;100;2008;472321;281456;190865;147363;32628;8978;1896
50;100;2009;479868;286326;193542;150140;32525;8969;1908
51;100;2010;486501;290225;196276;153144;32285;8924;1923
52;100;2011;492246;293345;198901;156212;31900;8848;1941
53;100;2012;495830;295320;200510;158371;31432;8760;1947
54;100;2013;499342;296956;202386;160590;31113;8717;1966
55;100;2014;502913;298519;204394;162718;30933;8740;2003
56;100;2015;504926;299258;205668;164127;30724;8779;2038
57;100;2016;502729;297893;204836;163853;30216;8717;2050
58;100;2017;500593;296987;203606;163198;29715;8640;2053
59;100;2018;500242;297189;203053;162986;29400;8610;2057
60;100;2019;501286;298412;202874;163027;29195;8588;2064
61;100;2020;502421;299656;202765;163155;29003;8545;2062
62;100;2021;506371;302156;204215;164403;29137;8598;2077
63;100;2022;511018;304578;206440;166170;29441;8714;2115
64;100;2023;513958;306051;207907;167293;29647;8821;2146
65;100;2024;512987;305222;207765;167156;29583;8861;2165
66;100;2025;510097;303232;206865;166394;29409;8881;2181
67;100;2026;503223;299328;203895;164107;28845;8776;2167
68;100;2027;496847;295654;201193;162018;28329;8688;2158
69;100;2028;490402;291962;198440;159896;27801;8600;2143
70;100;2029;483732;288230;195502;157669;27224;8489;2120
71;100;2030;478793;285549;193244;155961;26768;8412;2103
72;100;2031;474772;283429;191343;154541;26366;8347;2089
73;100;2032;471781;281941;189840;153433;26032;8295;2080
74;100;2033;469777;281046;188731;152632;25765;8262;2072
75;100;2034;468708;280719;187989;152110;25569;8240;2070
76;100;2035;468485;280895;187590;151861;25428;8234;2067
77;100;2036;469064;281575;187489;151834;25348;8240;2067
78;100;2037;470449;282715;187734;152081;25323;8260;2070
79;100;2038;472463;284233;188230;152513;25347;8291;2079
80;100;2039;474924;286014;188910;153091;25402;8329;2088
81;100;2040;477708;287983;189725;153764;25487;8377;2097
82;100;2041;480675;290041;190634;154511;25587;8424;2112
83;100;2042;483704;292131;191573;155282;25696;8469;2126
84;100;2043;486689;294195;192494;156057;25791;8507;2139
85;100;2044;489510;296163;193347;156808;25857;8535;2147
86;100;2045;492077;298004;194073;157500;25878;8543;2152
87;100;2046;494404;299719;194685;158147;25853;8535;2150
88;100;2047;496452;301268;195184;158682;25824;8529;2149
89;100;2048;498217;302644;195573;159118;25787;8521;2147
90;100;2049;499702;303847;195855;159449;25745;8515;2146
91;100;2050;500887;304864;196023;159675;25692;8511;2145
92;101;2005;1302572;461158;841414;346793;215414;204811;74396
93;101;2006;1266896;455021;811875;336629;207553;196632;71061
94;101;2007;1237091;449274;787817;329346;200622;189501;68348
95;101;2008;1211100;444071;767029;323126;194724;183667;65512
96;101;2009;1195832;441329;754503;319061;191292;180150;64000
97;101;2010;1188438;440843;747595;317387;189113;178526;62569
98;101;2011;1188831;442568;746263;317254;188582;178214;62213
99;101;2012;1194160;445374;748786;319324;188558;178555;62349
100;101;2013;1201587;448914;752673;322807;188222;178964;62680
101;101;2014;1208330;451784;756546;326626;187992;178964;62964
102;101;2015;1217043;455154;761889;331327;187740;179454;63368
103;101;2016;1226844;459583;767261;337413;187196;179091;63561
104;101;2017;1238372;464586;773786;343562;186945;179411;63868
105;101;2018;1252110;469652;782458;349323;187252;181212;64671
106;101;2019;1265803;474365;791438;354448;187660;183640;65690
107;101;2020;1277381;478264;799117;359023;187826;185676;66592
108;101;2021;1284223;480187;804036;361926;187454;187310;67346
109;101;2022;1287343;481377;805966;363540;186501;188136;67789
110;101;2023;1291291;482776;808515;365420;185711;189104;68280
111;101;2024;1298572;486182;812390;368122;185185;190258;68825
112;101;2025;1305563;489952;815611;370740;184572;191064;69235
113;101;2026;1311431;493790;817641;373867;183805;190759;69210
114;101;2027;1315450;496932;818518;376024;183076;190300;69118
115;101;2028;1319847;499980;819867;377744;182620;190319;69184
116;101;2029;1323955;502871;821084;378978;182232;190562;69312
117;101;2030;1324875;504151;820724;379091;181551;190699;69383
118;101;2031;1326651;505388;821263;378813;180975;191721;69754
119;101;2032;1327407;505937;821470;377964;180203;193060;70243
120;101;2033;1325107;505642;819465;376391;178842;193731;70501
121;101;2034;1318435;503875;814560;374094;176857;193256;70353
122;101;2035;1310070;501582;808488;371632;174593;192238;70025
123;101;2036;1298184;498437;799747;368788;171872;189870;69217
124;101;2037;1287914;495877;792037;366367;169427;187740;68503
125;101;2038;1278708;493752;784956;364289;167206;185655;67806
126;101;2039;1270546;492103;778443;362590;165214;183542;67097
127;101;2040;1265380;491673;773707;361446;163709;181967;66585
128;101;2041;1262330;492089;770241;360756;162590;180709;66186
129;101;2042;1261366;493324;768042;360454;161865;179807;65916
130;101;2043;1262324;495319;767005;360517;161486;179241;65761
131;101;2044;1265017;498001;767016;360879;161436;178980;65721
132;101;2045;1269222;501260;767962;361537;161645;179004;65776
133;101;2046;1274645;505013;769632;362374;162060;179276;65922
134;101;2047;1281149;509204;771945;363455;162567;179778;66145
135;101;2048;1288379;513648;774731;364800;163069;180447;66415
136;101;2049;1295971;518247;777724;366331;163485;181197;66711
137;101;2050;1303716;522902;780814;368046;163778;181979;67011
138;102;2005;1528366;353402;1174964;199513;235887;481292;258272
139;102;2006;1537472;363579;1173893;194983;239422;484623;254865
140;102;2007;1535579;370833;1164746;188537;241299;484482;250428
141;102;2008;1526204;375607;1150597;181948;240780;481942;245927
142;102;2009;1503291;375998;1127293;173919;237187;476147;240040
143;102;2010;1473055;374078;1098977;165433;231764;468104;233676
144;102;2011;1440535;370920;1069615;158360;224958;459667;226630
145;102;2012;1409076;367604;1041472;152965;218031;451029;219447
146;102;2013;1377223;363065;1014158;148182;211306;442314;212356
147;102;2014;1345128;357989;987139;144750;203208;433813;205368
148;102;2015;1305865;349887;955978;141397;193791;423212;197578
149;102;2016;1273493;342903;930590;138741;186381;414700;190768
150;102;2017;1246056;336000;910056;137052;179875;407804;185325
151;102;2018;1221643;329672;891971;135705;174482;401343;180441
152;102;2019;1207311;325620;881691;135591;170848;397716;177536
153;102;2020;1200406;323446;876960;136791;168250;396284;175635
154;102;2021;1200988;323216;877772;138822;166786;397030;175134
155;102;2022;1206134;323630;882504;141819;165726;399405;175554
156;102;2023;1213066;324822;888244;145883;164294;401855;176212
157;102;2024;1219353;325825;893528;149722;162924;404066;176816
158;102;2025;1227606;327305;900301;153790;161743;407027;177741
159;102;2026;1237240;329524;907716;158307;160425;410250;178734
160;102;2027;1248563;332333;916230;162667;159568;414001;179994
161;102;2028;1262210;335695;926515;167109;159251;418527;181628
162;102;2029;1276189;339151;937038;171475;159219;423081;183263
163;102;2030;1288441;342156;946285;175637;159136;426946;184566
164;102;2031;1296236;343960;952276;179258;158580;429213;185225
165;102;2032;1300475;345314;955161;182169;157658;430082;185252
166;102;2033;1306030;346907;959123;185007;157172;431524;185420
167;102;2034;1315011;349984;965027;188007;157268;433859;185893
168;102;2035;1323580;353316;970264;190750;157358;435900;186256
169;102;2036;1330940;356386;974554;192978;157447;437640;186489
170;102;2037;1336026;359038;976988;194630;157218;438616;186524
171;102;2038;1341203;361780;979423;196037;157044;439653;186689
172;102;2039;1345966;364541;981425;197227;156847;440496;186855
173;102;2040;1347551;366258;981293;197961;156286;440373;186673
174;102;2041;1350033;368169;981864;198819;155923;440521;186601
175;102;2042;1351549;369656;981893;199572;155538;440397;186386
176;102;2043;1350141;370515;979626;200055;154803;439103;185665
177;102;2044;1344408;370181;974227;199863;153580;436446;184338
178;102;2045;1337008;369414;967594;199362;152200;433237;182795
179;102;2046;1326136;367800;958336;198363;150365;428848;180760
180;102;2047;1316768;366539;950229;197461;148760;425033;178975
181;102;2048;1308449;365518;942931;196639;147311;421598;177383
182;102;2049;1301076;364728;936348;195851;145977;418568;175952
183;102;2050;1296623;364825;931798;195396;144994;416476;174932
184;103;2005;1344090;310256;1033834;376419;290200;261262;105953
185;103;2006;1366626;325514;1041112;366481;291029;272600;111002
186;103;2007;1393617;341247;1052370;358086;293977;284866;115441
187;103;2008;1416876;355853;1061023;347946;297107;296769;119201
188;103;2009;1442689;371085;1071604;339930;301005;308202;122467
189;103;2010;1469056;386154;1082902;333705;305435;318529;125233
190;103;2011;1490016;399654;1090362;327609;308977;326494;127282
191;103;2012;1505704;411249;1094455;321942;311178;332711;128624
192;103;2013;1518082;421698;1096384;316625;312276;337895;129588
193;103;2014;1528714;430894;1097820;311131;313905;342582;130202
194;103;2015;1541807;440411;1101396;305704;315347;348716;131629
195;103;2016;1550625;448399;1102226;300300;315547;353986;132393
196;103;2017;1548836;453313;1095523;292235;314078;357153;132057
197;103;2018;1539495;455539;1083956;283467;311195;358342;130952
198;103;2019;1516887;453320;1063567;273121;306229;356020;128197
199;103;2020;1486863;448330;1038533;262301;300354;351074;124804
200;103;2021;1454169;442070;1012099;253115;293827;344365;120792
201;103;2022;1422442;435660;986782;246508;286686;336707;116881
202;103;2023;1390259;428090;962169;241561;279045;328430;113133
203;103;2024;1357900;419603;938297;237884;269632;320671;110110
204;103;2025;1318687;407655;911032;232550;258530;312565;107387
205;103;2026;1286529;396992;889537;228536;248671;306675;105655
206;103;2027;1259397;386944;872453;225920;240072;302121;104340
207;103;2028;1235456;377958;857498;224321;232443;297764;102970
208;103;2029;1221618;372080;849538;224787;227542;295191;102018
209;103;2030;1215211;368414;846797;226715;224229;294233;101620
210;103;2031;1216321;367122;849199;229922;222751;294841;101685
211;103;2032;1222084;366709;855375;234025;222433;296694;102223
212;103;2033;1229722;367222;862500;238976;222220;298563;102741
213;103;2034;1236609;367387;869222;243806;221971;300251;103194
214;103;2035;1245583;368203;877380;249224;221973;302371;103812
215;103;2036;1255723;369328;886395;254382;221945;305263;104805
216;103;2037;1267690;371353;896337;259828;222453;308274;105782
217;103;2038;1281878;374339;907539;266166;223771;311064;106538
218;103;2039;1296284;377577;918707;272813;225310;313458;107126
219;103;2040;1308918;380243;928675;279168;226541;315388;107578
220;103;2041;1317094;381737;935357;284768;227116;315938;107535
221;103;2042;1321646;382517;939129;289271;227007;315619;107232
222;103;2043;1327338;383467;943871;293649;227202;315839;107181
223;103;2044;1336366;385746;950620;298389;227822;316900;107509
224;103;2045;1344914;388161;956753;302775;228240;317873;107865
225;103;2046;1352259;389966;962293;306163;228317;319317;108496
226;103;2047;1357359;391478;965881;308954;228093;320024;108810
227;103;2048;1362612;393258;969354;311855;228038;320509;108952
228;103;2049;1367511;395200;972311;314683;227985;320687;108956
229;103;2050;1369312;396283;973029;316964;227499;319973;108593
230;104;2005;1092459;316272;776187;647543;107309;18543;2792
231;104;2006;1125679;331306;794373;662958;108656;19698;3061
232;104;2007;1161142;348290;812852;678354;110102;21050;3346
233;104;2008;1196973;365680;831293;692095;112618;22828;3752
234;104;2009;1225344;381450;843894;699186;115447;25046;4215
235;104;2010;1250218;396758;853460;702451;118776;27525;4708
236;104;2011;1281472;414324;867148;708722;123080;30146;5200
237;104;2012;1277569;420042;857527;691669;127097;33034;5727
238;104;2013;1279693;427344;852349;678023;132046;36019;6261
239;104;2014;1291547;438016;853531;670769;137154;38912;6696
240;104;2015;1310462;450666;859796;667949;143203;41589;7055
241;104;2016;1331185;463970;867215;667387;148451;43893;7484
242;104;2017;1356382;478451;877931;670034;153537;46392;7968
243;104;2018;1378067;491558;886509;671089;158060;48913;8447
244;104;2019;1402176;505560;896616;673526;162506;51597;8987
245;104;2020;1426708;519497;907211;676318;167064;54312;9517
246;104;2021;1445975;531538;914437;677071;170872;56576;9918
247;104;2022;1460224;541562;918662;675783;174170;58516;10193
248;104;2023;1471256;550251;921005;673248;177055;60273;10429
249;104;2024;1480728;557880;922848;670081;180377;61761;10629
250;104;2025;1492823;566206;926617;667864;184242;63561;10950
251;104;2026;1500823;572934;927889;665450;186609;64689;11141
252;104;2027;1498497;575876;922621;659961;186729;64801;11130
253;104;2028;1488921;575774;913147;652931;185023;64232;10961
254;104;2029;1466551;570461;896090;642520;180564;62420;10586
255;104;2030;1437294;562088;875206;629391;175214;60423;10178
256;104;2031;1405510;552319;853191;616290;168982;58149;9770
257;104;2032;1374702;542538;832164;603878;162661;56170;9455
258;104;2033;1343546;531742;811804;590894;157072;54601;9237
259;104;2034;1312420;520237;792183;577300;152177;53569;9137
260;104;2035;1275028;505206;769822;560029;147918;52790;9085
261;104;2036;1244548;491884;752664;545686;145194;52639;9145
262;104;2037;1218855;479650;739205;534701;142869;52455;9180
263;104;2038;1196152;468752;727400;526135;140273;51885;9107
264;104;2039;1182946;461537;721409;522830;138173;51365;9041
265;104;2040;1176891;457139;719752;522622;136880;51197;9053
266;104;2041;1177964;455809;722155;525432;136306;51296;9121
267;104;2042;1183490;455954;727536;530075;136484;51721;9256
268;104;2043;1190766;457209;733557;535531;136636;52029;9361
269;104;2044;1197224;458197;739027;540580;136761;52247;9439
270;104;2045;1205603;460001;745602;546408;137116;52546;9532
271;104;2046;1215339;462339;753000;552095;138048;53162;9695
272;104;2047;1226729;465615;761114;558788;138869;53637;9820
273;104;2048;1240111;469856;770255;567374;139248;53770;9863
274;104;2049;1253674;474252;779422;576521;139285;53740;9876
275;104;2050;1265561;477943;787618;584943;139097;53689;9889
276;105;2005;735026;311476;423550;404602;18122;797;29
277;105;2006;744341;313583;430758;412633;17312;784;29
278;105;2007;751872;315266;436606;419476;16337;764;29
279;105;2008;762392;318018;444374;428191;15412;741;30
280;105;2009;781614;324252;457362;441793;14808;730;31
281;105;2010;804747;332055;472692;457397;14530;733;32
282;105;2011;822687;338490;484197;469221;14204;738;34
283;105;2012;876815;358237;518578;502796;14954;791;37
284;105;2013;926608;377968;548640;532634;15132;834;40
285;105;2014;965199;394059;571140;555125;15105;866;44
286;105;2015;998568;409299;589269;573277;15045;898;49
287;105;2016;1027593;423393;604200;588021;15187;939;53
288;105;2017;1058004;439437;618567;601964;15551;995;57
289;105;2018;1088550;455880;632670;615667;15912;1032;59
290;105;2019;1112146;469870;642276;624863;16282;1070;61
291;105;2020;1132475;482909;649566;631800;16574;1129;63
292;105;2021;1158244;498987;659257;641134;16869;1190;64
293;105;2022;1153843;500007;653836;635601;16946;1224;65
294;105;2023;1155165;503351;651814;633392;17097;1260;65
295;105;2024;1164893;510745;654148;635646;17145;1292;65
296;105;2025;1181132;520899;660233;641625;17210;1331;67
297;105;2026;1198700;531879;666821;648003;17373;1377;68
298;105;2027;1220433;544500;675933;656833;17606;1424;70
299;105;2028;1238994;555571;683423;664089;17799;1466;69
300;105;2029;1259567;567704;691863;672325;17955;1512;71
301;105;2030;1280506;579930;700576;680798;18153;1555;70
302;105;2031;1296490;590083;706407;686429;18314;1595;69
303;105;2032;1307794;598164;709630;689411;18521;1632;66
304;105;2033;1316144;604872;711272;690934;18613;1660;65
305;105;2034;1323154;610688;712466;691976;18745;1683;62
306;105;2035;1332776;617337;715439;694746;18931;1704;58
307;105;2036;1338585;622235;716350;695799;18795;1702;54
308;105;2037;1334862;622737;712125;691846;18537;1692;50
309;105;2038;1324539;619844;704695;684782;18193;1673;47
310;105;2039;1302534;611309;691225;671906;17649;1625;45
311;105;2040;1274517;599536;674981;656257;17109;1571;44
312;105;2041;1244130;586209;657921;639874;16507;1498;42
313;105;2042;1214656;572854;641802;624365;15957;1439;41
314;105;2043;1185208;558719;626489;609540;15512;1398;39
315;105;2044;1156239;544000;612239;595754;15078;1369;38
316;105;2045;1122452;525996;596456;580443;14641;1336;36
317;105;2046;1095333;510603;584730;569060;14323;1312;35
318;105;2047;1072420;496865;575555;560171;14054;1296;34
319;105;2048;1052092;484948;567144;552105;13726;1281;32
320;105;2049;1039830;477293;562537;547706;13521;1278;32
321;105;2050;1033862;472930;560932;546153;13463;1285;31
322;106;2005;494892;330937;163955;160325;3480;137;13
323;106;2006;498972;333135;165837;162107;3576;141;13
324;106;2007;502130;334531;167599;163775;3666;144;14
325;106;2008;506567;336519;170048;166122;3766;146;14
326;106;2009;508455;336637;171818;167806;3849;149;14
327;106;2010;511739;337532;174207;170100;3940;153;14
328;106;2011;516343;339482;176861;172657;4033;157;14
329;106;2012;521586;341523;180063;175750;4137;162;14
330;106;2013;527059;343627;183432;179007;4243;167;15
331;106;2014;534673;346717;187956;183395;4371;174;16
332;106;2015;543663;350733;192930;188231;4504;179;16
333;106;2016;553064;354780;198284;193437;4643;187;17
334;106;2017;560288;358040;202248;197285;4756;190;17
335;106;2018;569835;362553;207282;202183;4887;195;17
336;106;2019;585784;370821;214963;209661;5080;204;18
337;106;2020;604572;380732;223840;218311;5297;213;19
338;106;2021;618399;388572;229827;224136;5454;218;19
339;106;2022;662832;412480;250352;244142;5938;251;21
340;106;2023;702338;435241;267097;260443;6360;272;22
341;106;2024;732250;453438;278812;271843;6669;278;22
342;106;2025;757048;469753;287295;280080;6905;286;24
343;106;2026;777693;484113;293580;286204;7061;291;24
344;106;2027;797912;499242;298670;291173;7176;297;24
345;106;2028;818117;514201;303916;296287;7299;306;24
346;106;2029;833172;525888;307284;299558;7391;310;25
347;106;2030;845859;536022;309837;302029;7468;315;25
348;106;2031;861306;548210;313096;305190;7560;321;25
349;106;2032;859520;546742;312778;304873;7556;324;25
350;106;2033;861854;548009;313845;305902;7593;326;24
351;106;2034;869635;553254;316381;308364;7662;331;24
352;106;2035;881856;561421;320435;312297;7774;339;25
353;106;2036;894340;570112;324228;315974;7884;345;25
354;106;2037;909816;580559;329257;320855;8026;351;25
355;106;2038;923008;589414;333594;325069;8144;356;25
356;106;2039;937375;599012;338363;329706;8270;362;25
357;106;2040;951831;608525;343306;334521;8393;366;26
358;106;2041;962199;615589;346610;337739;8477;368;26
359;106;2042;968959;620389;348570;339663;8519;362;26
360;106;2043;973372;623639;349733;340827;8522;358;26
361;106;2044;977064;626022;351042;342150;8512;354;26
362;106;2045;983589;629337;354252;345332;8537;357;26
363;106;2046;986645;630609;356036;347114;8541;355;26
364;106;2047;982593;627316;355277;346423;8482;346;26
365;106;2048;973029;620358;352671;343937;8375;334;25
366;106;2049;954488;607723;346765;338240;8179;321;25
367;106;2050;931795;591934;339861;331571;7955;311;24
368;107;2005;125453;109648;15805;15314;444;44;3
369;107;2006;133451;116585;16866;16337;479;47;3
370;107;2007;140591;123027;17564;17001;510;50;3
371;107;2008;146746;128602;18144;17549;539;53;3
372;107;2009;153060;134357;18703;18080;565;55;3
373;107;2010;158304;139161;19143;18498;585;57;3
374;107;2011;162478;143011;19467;18805;600;59;3
375;107;2012;166322;146558;19764;19086;614;61;3
376;107;2013;169483;149449;20034;19341;627;63;3
377;107;2014;173593;153067;20526;19816;643;64;3
378;107;2015;176875;155895;20980;20253;657;66;4
379;107;2016;180562;158922;21640;20891;677;68;4
380;107;2017;183311;161144;22167;21403;692;68;4
381;107;2018;186278;163508;22770;21989;708;69;4
382;107;2019;187743;164577;23166;22378;715;69;4
383;107;2020;189354;165704;23650;22854;723;69;4
384;107;2021;191021;166872;24149;23344;731;70;4
385;107;2022;193078;168290;24788;23969;745;70;4
386;107;2023;195041;169619;25422;24590;758;70;4
387;107;2024;198694;172344;26350;25493;782;71;4
388;107;2025;202813;175508;27305;26424;805;72;4
389;107;2026;207634;179271;28363;27451;834;74;4
390;107;2027;210708;181692;29016;28085;851;75;5
391;107;2028;215175;185221;29954;28996;876;77;5
392;107;2029;222565;191114;31451;30451;916;79;5
393;107;2030;231305;198135;33170;32120;962;83;5
394;107;2031;236760;202678;34082;33002;990;85;5
395;107;2032;259062;220595;38467;37256;1111;94;6
396;107;2033;276860;235393;41467;40162;1197;101;7
397;107;2034;288733;245672;43061;41698;1251;105;7
398;107;2035;297028;253139;43889;42496;1279;107;7
399;107;2036;302743;258439;44304;42903;1287;107;7
400;107;2037;307082;262547;44535;43133;1288;107;7
401;107;2038;311883;266795;45088;43673;1300;108;7
402;107;2039;315028;269519;45509;44083;1310;109;7
403;107;2040;317778;271779;45999;44558;1324;110;7
404;107;2041;321190;274482;46708;45249;1341;111;7
405;107;2042;322572;275161;47411;45933;1359;112;7
406;107;2043;325220;276868;48352;46849;1383;113;7
407;107;2044;329174;279699;49475;47942;1411;115;7
408;107;2045;334546;283665;50881;49311;1446;117;7
409;107;2046;339326;287124;52202;50597;1479;119;7
410;107;2047;345329;291514;53815;52170;1517;121;7
411;107;2048;350440;295067;55373;53692;1551;123;7
412;107;2049;355783;298721;57062;55342;1589;124;7
413;107;2050;361017;302161;58856;57094;1628;127;7
414;108;2005;5777;5441;336;326;9;1;0
415;108;2006;6268;5909;359;348;10;1;0
416;108;2007;6719;6330;389;377;10;2;0
417;108;2008;7270;6858;412;399;11;2;0
418;108;2009;7824;7394;430;417;11;2;0
419;108;2010;8346;7905;441;427;12;2;0
420;108;2011;8672;8223;449;435;12;2;0
421;108;2012;8975;8525;450;436;12;2;0
422;108;2013;9274;8812;462;448;12;2;0
423;108;2014;9431;8973;458;444;12;2;0
424;108;2015;9724;9252;472;457;13;2;0
425;108;2016;10581;10070;511;495;14;2;0
426;108;2017;11185;10654;531;514;15;2;0
427;108;2018;11596;11049;547;530;15;2;0
428;108;2019;11974;11414;560;543;15;2;0
429;108;2020;12155;11592;563;545;16;2;0
430;108;2021;12189;11625;564;546;16;2;0
431;108;2022;12235;11672;563;545;16;2;0
432;108;2023;12248;11683;565;548;15;2;0
433;108;2024;12427;11853;574;557;15;2;0
434;108;2025;12563;11977;586;568;16;2;0
435;108;2026;12852;12249;603;585;16;2;0
436;108;2027;13018;12408;610;592;16;2;0
437;108;2028;13217;12604;613;595;16;2;0
438;108;2029;13283;12665;618;600;16;2;0
439;108;2030;13420;12788;632;614;16;2;0
440;108;2031;13573;12922;651;633;16;2;0
441;108;2032;13787;13120;667;648;17;2;0
442;108;2033;13989;13305;684;665;17;2;0
443;108;2034;14447;13728;719;699;18;2;0
444;108;2035;14898;14148;750;730;18;2;0
445;108;2036;15431;14656;775;754;19;2;0
446;108;2037;15671;14884;787;766;19;2;0
447;108;2038;16114;15296;818;795;20;3;0
448;108;2039;16926;16053;873;849;21;3;0
449;108;2040;17863;16926;937;911;23;3;0
450;108;2041;18255;17293;962;936;23;3;0
451;108;2042;20995;19861;1134;1103;27;4;0
452;108;2043;22726;21493;1233;1199;30;4;0
453;108;2044;23516;22229;1287;1252;31;4;0
454;108;2045;23856;22534;1322;1286;32;4;0
455;108;2046;23991;22638;1353;1316;33;4;0
456;108;2047;24112;22725;1387;1349;34;4;0
457;108;2048;24534;23091;1443;1404;35;4;0
458;108;2049;24908;23410;1498;1457;36;5;0
459;108;2050;25358;23782;1576;1533;38;5;0
460;1;2005;75199;56534;18665;14233;3834;552;46
461;1;2006;76254;57303;18951;14624;3735;548;44
462;1;2007;76490;57479;19011;14806;3622;539;44
463;1;2008;76877;57742;19135;15067;3494;530;44
464;1;2009;78221;58760;19461;15517;3372;527;45
465;1;2010;79716;59890;19826;16013;3244;523;46
466;1;2011;79318;59568;19750;16234;2973;498;45
467;1;2012;78527;58992;19535;16204;2798;488;45
468;1;2013;78109;58680;19429;16205;2696;483;45
469;1;2014;77690;58375;19315;16145;2643;482;45
470;1;2015;76740;57686;19054;15939;2592;479;44
471;1;2016;77092;57982;19110;15998;2586;481;45
472;1;2017;78360;58917;19443;16304;2605;489;45
473;1;2018;79865;60056;19809;16638;2628;497;46
474;1;2019;80597;60628;19969;16792;2628;502;47
475;1;2020;81041;60929;20112;16938;2622;505;47
476;1;2021;79882;60088;19794;16672;2576;500;46
477;1;2022;78988;59437;19551;16474;2535;496;46
478;1;2023;77848;58577;19271;16242;2491;492;46
479;1;2024;76260;57385;18875;15906;2439;486;44
480;1;2025;75166;56571;18595;15672;2398;481;44
481;1;2026;74199;55850;18349;15471;2358;477;43
482;1;2027;73412;55267;18145;15300;2328;475;42
483;1;2028;72799;54811;17988;15174;2300;472;42
484;1;2029;72338;54482;17856;15064;2278;472;42
485;1;2030;72027;54252;17775;15001;2260;472;42
486;1;2031;71840;54121;17719;14956;2248;473;42
487;1;2032;71839;54128;17711;14956;2239;474;42
488;1;2033;71990;54252;17738;14985;2235;476;42
489;1;2034;72239;54453;17786;15029;2236;479;42
490;1;2035;72582;54718;17864;15100;2240;482;42
491;1;2036;72988;55036;17952;15176;2249;485;42
492;1;2037;73447;55393;18054;15265;2259;488;42
493;1;2038;73935;55771;18164;15358;2270;493;43
494;1;2039;74416;56150;18266;15451;2275;497;43
495;1;2040;74863;56500;18363;15543;2277;499;44
496;1;2041;75280;56827;18453;15638;2272;499;44
497;1;2042;75654;57121;18533;15720;2269;500;44
498;1;2043;75985;57385;18600;15791;2265;500;44
499;1;2044;76275;57615;18660;15855;2261;500;44
500;1;2045;76511;57809;18702;15901;2258;499;44
501;1;2046;76705;57971;18734;15935;2256;499;44
502;1;2047;76857;58101;18756;15958;2254;500;44
503;1;2048;76962;58195;18767;15973;2251;499;44
504;1;2049;77019;58252;18767;15976;2248;499;44
505;1;2050;77012;58262;18750;15962;2245;499;44
506;2;2005;391949;216590;175359;135058;29382;9116;1803
507;2;2006;389976;217617;172359;132338;29371;8767;1883
508;2;2007;390679;220012;170667;131118;29143;8529;1877
509;2;2008;395444;223714;171730;132296;29134;8448;1852
510;2;2009;401647;227566;174081;134623;29153;8442;1863
511;2;2010;406785;230335;176450;137131;29041;8401;1877
512;2;2011;412928;233777;179151;139978;28927;8350;1896
513;2;2012;417303;236328;180975;142167;28634;8272;1902
514;2;2013;421233;238276;182957;144385;28417;8234;1921
515;2;2014;425223;240144;185079;146573;28290;8258;1958
516;2;2015;428186;241572;186614;148188;28132;8300;1994
517;2;2016;425637;239911;185726;147855;27630;8236;2005
518;2;2017;422233;238070;184163;146894;27110;8151;2008
519;2;2018;420377;237133;183244;146348;26772;8113;2011
520;2;2019;420689;237784;182905;146235;26567;8086;2017
521;2;2020;421380;238727;182653;146217;26381;8040;2015
522;2;2021;426489;242068;184421;147731;26561;8098;2031
523;2;2022;432030;245141;186889;149696;26906;8218;2069
524;2;2023;436110;247474;188636;151051;27156;8329;2100
525;2;2024;436727;247837;188890;151250;27144;8375;2121
526;2;2025;434931;246661;188270;150722;27011;8400;2137
527;2;2026;429024;243478;185546;148636;26487;8299;2124
528;2;2027;423435;240387;183048;146718;26001;8213;2116
529;2;2028;417603;237151;180452;144722;25501;8128;2101
530;2;2029;411394;233748;177646;142605;24946;8017;2078
531;2;2030;406766;231297;175469;140960;24508;7940;2061
532;2;2031;402932;229308;173624;139585;24118;7874;2047
533;2;2032;399942;227813;172129;138477;23793;7821;2038
534;2;2033;397787;226794;170993;137647;23530;7786;2030
535;2;2034;396469;226266;170203;137081;23333;7761;2028
536;2;2035;395903;226177;169726;136761;23188;7752;2025
537;2;2036;396076;226539;169537;136658;23099;7755;2025
538;2;2037;397002;227322;169680;136816;23064;7772;2028
539;2;2038;398528;228462;170066;137155;23077;7798;2036
540;2;2039;400508;229864;170644;137640;23127;7832;2045
541;2;2040;402845;231483;171362;138221;23210;7878;2053
542;2;2041;405395;233214;172181;138873;23315;7925;2068
543;2;2042;408050;235010;173040;139562;23427;7969;2082
544;2;2043;410704;236810;173894;140266;23526;8007;2095
545;2;2044;413235;238548;174687;140953;23596;8035;2103
546;2;2045;415566;240195;175371;141599;23620;8044;2108
547;2;2046;417699;241748;175951;142212;23597;8036;2106
548;2;2047;419595;243167;176428;142724;23570;8029;2105
549;2;2048;421255;244449;176806;143145;23536;8022;2103
550;2;2049;422683;245595;177088;143473;23497;8016;2102
551;2;2050;423875;246602;177273;143713;23447;8012;2101
552;3;2005;586778;242289;344489;202067;81661;45668;15093
553;3;2006;587341;244629;342712;200690;81970;45182;14870
554;3;2007;588506;246025;342481;200623;81894;45045;14919
555;3;2008;587772;246630;341142;200145;81141;44817;15039
556;3;2009;585400;246376;339024;199162;80426;44291;15145
557;3;2010;586138;247561;338577;198892;80212;44181;15292
558;3;2011;585413;248281;337132;198781;79455;43463;15433
559;3;2012;589264;250974;338290;200580;79139;43032;15539
560;3;2013;597534;255036;342498;203894;79593;43237;15774
561;3;2014;606572;258892;347680;207546;80300;43745;16089
562;3;2015;614359;261809;352550;211214;80825;44132;16379
563;3;2016;624343;265925;358418;215722;81451;44580;16665
564;3;2017;631552;269030;362522;219275;81610;44781;16856
565;3;2018;636959;271129;365830;221959;81738;45052;17081
566;3;2019;641771;273065;368706;224034;81898;45437;17337
567;3;2020;645426;274762;370664;225485;81886;45736;17557
568;3;2021;641949;273359;368590;224691;80904;45427;17568
569;3;2022;637583;271985;365598;223327;79783;44968;17520
570;3;2023;636047;271684;364363;222981;79143;44716;17523
571;3;2024;638429;273467;364962;223871;78924;44608;17559
572;3;2025;641449;275623;365826;224975;78787;44482;17582
573;3;2026;650227;280164;370063;227851;79535;44903;17774
574;3;2027;657955;283852;374103;230105;80389;45558;18051
575;3;2028;662919;286563;376356;231219;80811;46047;18279
576;3;2029;663519;287342;376177;231063;80577;46162;18375
577;3;2030;660388;286242;374146;229766;79892;46084;18404
578;3;2031;652497;283331;369166;227155;78374;45414;18223
579;3;2032;645043;280517;364526;224684;76961;44818;18063
580;3;2033;637482;277608;359874;222244;75546;44196;17888
581;3;2034;629763;274646;355117;219822;74115;43500;17680
582;3;2035;624099;272681;351418;217953;72970;42967;17528
583;3;2036;619533;271208;348325;216397;72013;42513;17402
584;3;2037;616145;270263;345882;215197;71233;42143;17309
585;3;2038;613895;269825;344070;214338;70626;41863;17243
586;3;2039;612818;269923;342895;213824;70198;41664;17209
587;3;2040;612818;270507;342311;213630;69937;41544;17200
588;3;2041;613839;271570;342269;213716;69840;41496;17217
589;3;2042;615848;273076;342772;214068;69910;41530;17264
590;3;2043;618651;274955;343696;214616;70113;41637;17330
591;3;2044;622047;277115;344932;215304;70426;41786;17416
592;3;2045;625899;279486;346413;216107;70811;41983;17512
593;3;2046;629972;281977;347995;216942;71230;42202;17621
594;3;2047;634152;284556;349596;217869;71593;42414;17720
595;3;2048;638264;287114;351150;218895;71853;42600;17802
596;3;2049;642169;289603;352566;220007;71964;42736;17859
597;3;2050;645765;291980;353785;221180;71929;42795;17881
598;4;2005;715794;218869;496925;144726;133753;159143;59303
599;4;2006;679555;210392;469163;135939;125583;151450;56191
600;4;2007;648585;203249;445336;128723;118728;144456;53429
601;4;2008;623328;197441;425887;122981;113583;138850;50473
602;4;2009;610432;194953;415479;119899;110866;135859;48855
603;4;2010;602300;193282;409018;118495;108901;134345;47277
604;4;2011;603418;194287;409131;118473;109127;134751;46780
605;4;2012;604896;194400;410496;118744;109419;135523;46810
606;4;2013;604053;193878;410175;118913;108629;135727;46906
607;4;2014;601758;192892;408866;119080;107692;135219;46875
608;4;2015;602684;193345;409339;120113;106915;135322;46989
609;4;2016;602501;193658;408843;121691;105745;134511;46896
610;4;2017;606820;195556;411264;124287;105335;134630;47012
611;4;2018;615151;198523;416628;127364;105514;136160;47590
612;4;2019;624032;201300;422732;130414;105762;138203;48353
613;4;2020;631955;203502;428453;133538;105940;139940;49035
614;4;2021;642274;206828;435446;137235;106550;141883;49778
615;4;2022;649760;209392;440368;140213;106718;143168;50269
616;4;2023;655244;211092;444152;142439;106568;144388;50757
617;4;2024;660143;212715;447428;144251;106261;145650;51266
618;4;2025;664114;214329;449785;145765;105785;146582;51653
619;4;2026;661204;213626;447578;146016;104270;145856;51436
620;4;2027;657495;213080;444415;145919;102687;144742;51067
621;4;2028;656928;213417;443511;146525;101809;144272;50905
622;4;2029;660436;215529;444907;147915;101655;144400;50937
623;4;2030;664487;217909;446578;149325;101659;144615;50979
624;4;2031;674154;222057;452097;151658;102601;146307;51531
625;4;2032;682364;225420;456944;153280;103242;148242;52180
626;4;2033;687625;228034;459591;154147;103296;149535;52613
627;4;2034;688672;229229;459443;154272;102742;149756;52673
628;4;2035;685971;228901;457070;153679;101623;149271;52497
629;4;2036;678651;227229;451422;152391;99859;147357;51815
630;4;2037;671769;225614;446155;151170;98194;145597;51194
631;4;2038;664813;223927;440886;149951;96580;143792;50563
632;4;2039;657728;222180;435548;148766;95016;141878;49888
633;4;2040;652562;221166;431396;147816;93772;140423;49385
634;4;2041;648491;220519;427972;147040;92750;139213;48969
635;4;2042;645518;220248;425270;146386;91955;138277;48652
636;4;2043;643673;220364;423309;145901;91373;137604;48431
637;4;2044;642970;220886;422084;145575;91010;137194;48305
638;4;2045;643323;221774;421549;145430;90834;137021;48264
639;4;2046;644673;223036;421637;145432;90830;137074;48301
640;4;2047;646997;224648;422349;145586;90974;137364;48425
641;4;2048;650115;226534;423581;145905;91216;137847;48613
642;4;2049;653802;228644;425158;146324;91521;138461;48852
643;4;2050;657951;230922;427029;146866;91849;139184;49130
644;5;2005;767670;186627;581043;97258;120649;240921;122215
645;5;2006;768829;190571;578258;93704;122572;241974;120008
646;5;2007;765901;193388;572513;89625;123693;241774;117421
647;5;2008;757166;194136;563030;85757;122639;239451;115183
648;5;2009;736285;191561;544724;81632;117635;234156;111301
649;5;2010;703948;185618;518330;77074;110217;224915;106124
650;5;2011;670042;178847;491195;73368;102369;215189;100269
651;5;2012;640959;172889;468070;70806;95390;206849;95025
652;5;2013;617290;167829;449461;68315;90588;200427;90131
653;5;2014;605324;165403;439921;67097;87936;197488;87400
654;5;2015;597865;163629;434236;66737;86297;196048;85154
655;5;2016;599056;163953;435103;66810;86543;197198;84552
656;5;2017;600474;163569;436905;67294;86569;198554;84488
657;5;2018;599573;162857;436716;68050;85707;198687;84272
658;5;2019;597214;161809;435405;68824;84731;198002;83848
659;5;2020;597803;161910;435893;70016;83786;198320;83771
660;5;2021;597336;161883;435453;71494;82363;198127;83469
661;5;2022;601237;163122;438115;73376;81644;199356;83739
662;5;2023;609167;165393;443774;75650;81503;201949;84672
663;5;2024;617856;167798;450058;77881;81512;204880;85785
664;5;2025;625606;169586;456020;80208;81526;207516;86770
665;5;2026;635728;172282;463446;82872;81894;210745;87935
666;5;2027;643091;174313;468778;85142;81882;213066;88688
667;5;2028;648693;175806;472887;87032;81673;214889;89293
668;5;2029;653857;177375;476482;88690;81447;216503;89842
669;5;2030;658124;178973;479151;90135;81146;217685;90185
670;5;2031;655752;178672;477080;90842;80031;216631;89576
671;5;2032;652520;178491;474029;91268;78875;215125;88761
672;5;2033;652340;179000;473340;91906;78296;214756;88382
673;5;2034;655971;180883;475088;92820;78281;215549;88438
674;5;2035;660081;182991;477090;93679;78352;216497;88562
675;5;2036;669618;186619;482999;94867;79226;219387;89519
676;5;2037;677789;189737;488052;95744;79900;221955;90453
677;5;2038;683054;192298;490756;96251;80141;223397;90967
678;5;2039;684176;193617;490559;96343;79879;223434;90903
679;5;2040;681697;193695;488002;96055;79180;222358;90409
680;5;2041;674694;192565;482129;95397;77909;219635;89188
681;5;2042;668086;191453;476633;94721;76741;217104;88067
682;5;2043;661418;190249;471169;94038;75609;214569;86953
683;5;2044;654577;188948;465629;93302;74497;212019;85811
684;5;2045;649603;188271;461332;92690;73631;210072;84939
685;5;2046;645670;187884;457786;92142;72925;208497;84222
686;5;2047;642830;187824;455006;91671;72369;207300;83666
687;5;2048;641090;188078;453012;91307;71957;206481;83267
688;5;2049;640468;188665;451803;91043;71683;206050;83027
689;5;2050;640872;189544;451328;90907;71528;205963;82930
690;6;2005;760696;166775;593921;102255;115238;240371;136057
691;6;2006;768643;173008;595635;101279;116850;242649;134857
692;6;2007;769678;177445;592233;98912;117606;242708;133007
693;6;2008;769038;181471;587567;96191;118141;242491;130744
694;6;2009;767006;184437;582569;92287;119552;241991;128739
695;6;2010;769107;188460;580647;88359;121547;243189;127552
696;6;2011;770493;192073;578420;84992;122589;244478;126361
697;6;2012;768117;194715;573402;82159;122641;244180;124422
698;6;2013;759933;195236;564697;79867;120718;241887;122225
699;6;2014;739804;192586;547218;77653;115272;236325;117968
700;6;2015;708000;186258;521742;74660;107494;227164;112424
701;6;2016;674437;178950;495487;71931;99838;217502;106216
702;6;2017;645582;172431;473151;69758;93306;209250;100837
703;6;2018;622070;166815;455255;67655;88775;202656;96169
704;6;2019;610097;163811;446286;66767;86117;199714;93688
705;6;2020;602603;161536;441067;66775;84464;197964;91864
706;6;2021;603652;161333;442319;67328;84423;198903;91665
707;6;2022;604897;160508;444389;68443;84082;200049;91815
708;6;2023;603899;159429;444470;70233;82791;199906;91540
709;6;2024;601497;158027;443470;71841;81412;199186;91031
710;6;2025;602000;157719;444281;73582;80217;199511;90971
711;6;2026;601512;157242;444270;75435;78531;199505;90799
712;6;2027;605472;158020;447452;77525;77686;200935;91306
713;6;2028;613517;159889;453628;80077;77578;203638;92335
714;6;2029;622332;161776;460556;82785;77772;206578;93421
715;6;2030;630317;163183;467134;85502;77990;209261;94381
716;6;2031;640484;165288;475196;88416;78549;212582;95649
717;6;2032;647955;166823;481132;90901;78783;214957;96491
718;6;2033;653690;167907;485783;93101;78876;216768;97038
719;6;2034;659040;169101;489939;95187;78987;218310;97455
720;6;2035;663499;170325;493174;97071;79006;219403;97694
721;6;2036;661322;169767;491555;98111;78221;218253;96970
722;6;2037;658237;169301;488936;98886;77318;216661;96071
723;6;2038;658149;169482;488667;99786;76903;216256;95722
724;6;2039;661790;170924;490866;100884;76968;217062;95952
725;6;2040;665854;172563;493291;101906;77106;218015;96264
726;6;2041;675339;175604;499735;103422;78014;220886;97413
727;6;2042;683463;178203;505260;104851;78797;223293;98319
728;6;2043;688723;180266;508457;106017;79194;224534;98712
729;6;2044;689831;181233;508598;106561;79083;224427;98527
730;6;2045;687405;181143;506262;106672;78569;223165;97856
731;6;2046;680466;179916;500550;106221;77440;220351;96538
732;6;2047;673938;178715;495223;105790;76391;217733;95309
733;6;2048;667359;177440;489919;105332;75354;215117;94116
734;6;2049;660608;176063;484545;104808;74294;212518;92925
735;6;2050;655751;175281;480470;104489;73466;210513;92002
736;7;2005;701639;154614;547025;134256;146841;182287;83641
737;7;2006;715340;163002;552338;130782;146365;188470;86721
738;7;2007;730364;171118;559246;129014;146685;194600;88947
739;7;2008;743867;178743;565124;127368;147253;200093;90410
740;7;2009;756858;186003;570855;126161;148183;204975;91536
741;7;2010;768148;192740;575408;125575;148555;208686;92592
742;7;2011;775978;198373;577605;124861;148607;211093;93044
743;7;2012;776982;202145;574837;122188;147550;212146;92953
744;7;2013;776264;205365;570899;119183;146076;212918;92722
745;7;2014;774208;207616;566592;115422;145416;213582;92172
746;7;2015;776332;210843;565489;111731;145556;215872;92330
747;7;2016;777572;213670;563902;108526;145241;217960;92175
748;7;2017;774993;215497;559496;105816;144107;218390;91183
749;7;2018;766525;215202;551323;103079;141603;216998;89643
750;7;2019;746106;211450;534656;100175;135950;212026;86505
751;7;2020;714049;203770;510279;96094;127940;203770;82475
752;7;2021;680289;195147;485142;92594;119809;194653;78086
753;7;2022;651323;187441;463882;90284;112543;186682;74373
754;7;2023;627768;180793;446975;88761;106889;179978;71347
755;7;2024;615822;177088;438734;88792;103347;176777;69818
756;7;2025;608438;174276;434162;89742;100795;174774;68851
757;7;2026;609638;173716;435922;91201;100270;175488;68963
758;7;2027;611035;172631;438404;92646;100185;176447;69126
759;7;2028;610227;171311;438916;94375;99383;176340;68818
760;7;2029;607999;169648;438351;95766;98500;175741;68344
761;7;2030;608688;169073;439615;97674;97756;175972;68213
762;7;2031;608392;168238;440154;99676;96350;176018;68110
763;7;2032;612627;168752;443875;102120;95817;177385;68553
764;7;2033;620942;170467;450475;105261;96216;179710;69288
765;7;2034;629942;172243;457699;108585;96961;182141;70012
766;7;2035;638105;173501;464604;111931;97652;184351;70670
767;7;2036;648439;175414;473025;115585;98652;187178;71610
768;7;2037;656064;176703;479361;118726;99212;189172;72251
769;7;2038;661905;177564;484341;121537;99636;190550;72618
770;7;2039;667322;178561;488761;124229;100050;191617;72865
771;7;2040;671840;179554;492286;126706;100273;192322;72985
772;7;2041;669702;178672;491030;128035;99455;191118;72422
773;7;2042;666661;177821;488840;129076;98451;189559;71754
774;7;2043;666584;177616;488968;130362;97986;189093;71527
775;7;2044;670272;178628;491644;132089;98038;189753;71764
776;7;2045;674393;179851;494542;133766;98166;190542;72068
777;7;2046;683924;182612;501312;136138;99237;192968;72969
778;7;2047;692076;185091;506985;138287;100278;194833;73587
779;7;2048;697400;187094;510306;140022;100835;195661;73788
780;7;2049;698577;187924;510653;140982;100742;195340;73589
781;7;2050;696195;187662;508533;141365;100140;194019;73009
782;8;2005;642451;155642;486809;242163;143359;78975;22312
783;8;2006;651286;162512;488774;235699;144664;84130;24281
784;8;2007;663253;170129;493124;229072;147292;90266;26494
785;8;2008;673009;177110;495899;220578;149854;96676;28791
786;8;2009;685831;185082;500749;213769;152822;103227;30931
787;8;2010;700908;193414;507494;208130;156880;109843;32641
788;8;2011;714038;201281;512757;202748;160370;115401;34238
789;8;2012;728722;209104;519618;199754;163628;120565;35671
790;8;2013;741818;216333;525485;197442;166200;124977;36866
791;8;2014;754506;223278;531228;195709;168489;129000;38030
792;8;2015;765475;229568;535907;193973;169791;132844;39299
793;8;2016;773053;234729;538324;191774;170306;136026;40218
794;8;2017;773843;237816;536027;186419;169971;138763;40874
795;8;2018;772970;240337;532633;180388;169592;141344;41309
796;8;2019;770781;241870;528911;172946;170279;143994;41692
797;8;2020;772814;244560;528254;166207;172414;147304;42329
798;8;2021;773880;246923;526957;160521;174018;149712;42706
799;8;2022;771119;248219;522900;156224;174143;150025;42508
800;8;2023;762491;247297;515194;152800;172156;148452;41786
801;8;2024;742078;242515;499563;149092;166285;143894;40292
802;8;2025;710249;233379;476870;142808;157735;137791;38536
803;8;2026;676891;223276;453615;137335;148401;131187;36692
804;8;2027;648362;214313;434049;133274;139887;125674;35214
805;8;2028;625229;206647;418582;129946;133060;121424;34152
806;8;2029;613619;202432;411187;129021;129042;119450;33674
807;8;2030;606523;199341;407182;129041;126473;118261;33407
808;8;2031;607929;198884;409045;130246;126401;118823;33575
809;8;2032;609457;197957;411500;131905;126616;119309;33670
810;8;2033;608780;196755;412025;133715;126004;118853;33453
811;8;2034;606667;195144;411523;135221;125010;118110;33182
812;8;2035;607478;194702;412776;137293;124321;118020;33142
813;8;2036;607284;193914;413370;138797;123293;118085;33195
814;8;2037;611626;194650;416976;141102;123241;119102;33531
815;8;2038;619973;196775;423198;144629;124135;120514;33920
816;8;2039;628962;199016;429946;148584;125260;121841;34261
817;8;2040;637078;200689;436389;152462;126268;123066;34593
818;8;2041;647392;203065;444327;156733;127661;124820;35113
819;8;2042;654985;204696;450289;160195;128556;126060;35478
820;8;2043;660754;205851;454903;163287;129216;126746;35654
821;8;2044;666094;207118;458976;166300;129784;127147;35745
822;8;2045;670521;208310;462211;169009;130074;127331;35797
823;8;2046;668335;207354;460981;170025;129080;126349;35527
824;8;2047;665283;206387;458896;170667;127815;125191;35223
825;8;2048;665212;206164;459048;171833;127203;124848;35164
826;8;2049;668934;207276;461658;173701;127243;125347;35367
827;8;2050;673117;208621;464496;175599;127359;125954;35584
828;9;2005;629523;171100;458423;359309;79718;16701;2695
829;9;2006;653608;182722;470886;368535;81510;17884;2957
830;9;2007;638139;183200;454939;352557;80181;18981;3220
831;9;2008;630862;185350;445512;340127;81125;20654;3606
832;9;2009;630535;189472;441063;331256;83032;22721;4054
833;9;2010;635103;194745;440358;324601;86183;25037;4537
834;9;2011;643576;201087;442489;320150;89921;27419;4999
835;9;2012;655077;208354;446723;316648;94475;30098;5502
836;9;2013;664516;214937;449579;311859;98927;32790;6003
837;9;2014;676924;222607;454317;309465;103106;35327;6419
838;9;2015;691599;230799;460800;308656;107727;37671;6746
839;9;2016;704269;238391;465878;307595;111452;39664;7167
840;9;2017;718563;246119;472444;308272;114782;41772;7618
841;9;2018;731246;253161;478085;308704;117482;43833;8066
842;9;2019;743557;259956;483601;308494;120376;46137;8594
843;9;2020;754095;266029;488066;307275;123210;48488;9093
844;9;2021;761362;270897;490465;304945;125654;50424;9442
845;9;2022;761932;273434;488498;299279;127568;51969;9682
846;9;2023;760918;275388;485530;293127;129276;53253;9874
847;9;2024;758629;276443;482186;286604;131280;54271;10031
848;9;2025;760643;278936;481707;281939;133802;55650;10316
849;9;2026;761673;281078;480595;278443;135203;56466;10483
850;9;2027;758919;281938;476981;275516;134663;56341;10461
851;9;2028;750398;280334;470064;271696;132497;55587;10284
852;9;2029;730294;274361;455933;265033;127434;53569;9897
853;9;2030;699052;263690;435362;253505;121131;51266;9460
854;9;2031;666326;252073;414253;241893;114460;48850;9050
855;9;2032;638370;241893;396477;232103;108674;46947;8753
856;9;2033;615723;233308;382415;224058;104183;45600;8574
857;9;2034;604388;228681;375707;220506;101684;45000;8517
858;9;2035;597493;225325;372168;218942;100063;44662;8501
859;9;2036;598888;224617;374271;220701;100055;44930;8585
860;9;2037;600363;223600;376763;223107;99969;45056;8631
861;9;2038;599625;222263;377362;225017;99084;44694;8567
862;9;2039;597460;220569;376891;226127;97986;44275;8503
863;9;2040;598147;220210;377937;227800;97424;44194;8519
864;9;2041;597922;219567;378355;228502;96990;44283;8580
865;9;2042;602154;220620;381534;230692;97381;44745;8716
866;9;2043;610265;223147;387118;234895;98188;45203;8832
867;9;2044;618981;225782;393199;239740;98983;45557;8919
868;9;2045;626833;227828;399005;244360;99724;45909;9012
869;9;2046;636854;230709;406145;249537;100897;46539;9172
870;9;2047;644211;232750;411461;253551;101654;46969;9287
871;9;2048;649788;234204;415584;257187;101970;47100;9327
872;9;2049;654986;235723;419263;260789;102040;47094;9340
873;9;2050;659338;237114;422224;263944;101881;47049;9350
874;10;2005;462936;145172;317764;288234;27591;1842;97
875;10;2006;472071;148584;323487;294423;27146;1814;104
876;10;2007;523003;165090;357913;325797;29921;2069;126
877;10;2008;566111;180330;385781;351968;31493;2174;146
878;10;2009;594809;191978;402831;367930;32415;2325;161
879;10;2010;615115;202013;413102;377850;32593;2488;171
880;10;2011;637896;213237;424659;388572;33159;2727;201
881;10;2012;622492;211688;410804;375021;32622;2936;225
882;10;2013;615177;212407;402770;366164;33119;3229;258
883;10;2014;614623;215409;399214;361304;34048;3585;277
884;10;2015;618863;219867;398996;359293;35476;3918;309
885;10;2016;626916;225579;401337;359792;36999;4229;317
886;10;2017;637819;232332;405487;361762;38755;4620;350
887;10;2018;646821;238397;408424;362385;40578;5080;381
888;10;2019;658619;245604;413015;365032;42130;5460;393
889;10;2020;672613;253468;419145;369043;43854;5824;424
890;10;2021;684613;260641;423972;372126;45218;6152;476
891;10;2022;698292;268128;430164;376504;46602;6547;511
892;10;2023;710338;274863;435475;380121;47779;7020;555
893;10;2024;722099;281437;440662;383477;49097;7490;598
894;10;2025;732180;287270;444910;385925;50440;7911;634
895;10;2026;739150;291856;447294;387007;51406;8223;658
896;10;2027;739578;293938;445640;384445;52066;8460;669
897;10;2028;738523;295440;443083;381235;52526;8645;677
898;10;2029;736257;296100;440157;377487;53130;8851;689
899;10;2030;738242;298398;439844;375886;54083;9157;718
900;10;2031;739184;300246;438938;374397;54522;9299;720
901;10;2032;736332;300645;435687;371775;53987;9223;702
902;10;2033;727823;298434;429389;366836;52889;9001;663
903;10;2034;708032;291556;416476;356794;50493;8569;620
904;10;2035;677535;279881;397654;341087;47855;8128;584
905;10;2036;645660;267267;378393;324985;45139;7709;560
906;10;2037;618492;256050;362442;311594;42900;7399;549
907;10;2038;596527;246489;350038;301118;41189;7191;540
908;10;2039;585486;240968;344518;296703;40187;7090;538
909;10;2040;578744;236929;341815;294822;39456;7003;534
910;10;2041;580042;236242;343800;296930;39316;7013;541
911;10;2042;581336;235334;346002;299383;39103;6976;540
912;10;2043;580501;234062;346439;300636;38448;6826;529
913;10;2044;578243;232415;345828;300840;37778;6690;520
914;10;2045;578770;232173;346597;302048;37392;6637;520
915;10;2046;578485;231630;346855;302558;37151;6623;523
916;10;2047;582518;232865;349653;305237;37215;6668;533
917;10;2048;590323;235652;354671;310187;37278;6670;536
918;10;2049;598688;238529;360159;315732;37245;6646;536
919;10;2050;606223;240829;365394;320999;37216;6640;539
920;11;2005;389354;146626;242728;229259;12876;577;16
921;11;2006;399242;149847;249395;236619;12195;565;16
922;11;2007;405069;151859;253210;241218;11426;550;16
923;11;2008;414655;155556;259099;247735;10811;536;17
924;11;2009;427066;159756;267310;256293;10472;528;17
925;11;2010;442716;165111;277605;266766;10291;530;18
926;11;2011;451347;168218;283129;272699;9887;524;19
927;11;2012;500038;185996;314042;302901;10552;567;22
928;11;2013;540971;201956;339015;327783;10612;595;25
929;11;2014;567955;213584;354371;343309;10423;611;28
930;11;2015;586723;223064;363659;352829;10170;628;32
931;11;2016;607842;233998;373844;362933;10213;662;36
932;11;2017;592801;230699;362102;351415;9986;666;35
933;11;2018;585573;230073;355500;344887;9898;679;36
934;11;2019;584737;231996;352741;341991;10015;698;37
935;11;2020;588492;235626;352866;341952;10155;722;37
936;11;2021;595858;240667;355191;344131;10279;743;38
937;11;2022;605918;246836;359082;347719;10550;774;39
938;11;2023;614221;252295;361926;350280;10803;804;39
939;11;2024;625104;258926;366178;354411;10898;830;39
940;11;2025;638194;266325;371869;360016;10957;856;40
941;11;2026;649292;272962;376330;364310;11088;891;41
942;11;2027;662081;280024;382057;369845;11251;920;41
943;11;2028;673274;286313;386961;374570;11397;952;42
944;11;2029;684233;292473;391760;379266;11474;978;42
945;11;2030;693515;297853;395662;383047;11569;1004;42
946;11;2031;699825;301999;397826;385113;11647;1026;40
947;11;2032;699900;303531;396369;383534;11752;1044;39
948;11;2033;698592;304487;394105;381264;11753;1051;37
949;11;2034;696195;304650;391545;378666;11790;1055;34
950;11;2035;697958;306500;391458;378465;11899;1063;31
951;11;2036;698673;307824;390849;378045;11724;1052;28
952;11;2037;695474;307567;387907;375346;11495;1040;26
953;11;2038;686968;304678;382290;370067;11184;1014;25
954;11;2039;667632;297024;370608;358936;10674;975;23
955;11;2040;638363;284473;353890;342843;10104;921;22
956;11;2041;607901;270902;336999;326606;9506;867;20
957;11;2042;581972;258871;323101;313244;9015;823;19
958;11;2043;561000;248634;312366;302868;8683;797;18
959;11;2044;550324;242793;307531;298271;8459;783;18
960;11;2045;543634;238684;304950;295846;8309;778;17
961;11;2046;544571;238018;306553;297473;8280;783;17
962;11;2047;545459;237210;308249;299195;8247;790;17
963;11;2048;544299;236021;308278;299363;8107;792;16
964;11;2049;541846;234473;307373;298577;7987;793;16
965;11;2050;542022;234343;307679;298877;7983;803;16
966;12;2005;345672;164850;180822;175343;5246;220;13
967;12;2006;345099;163736;181363;176014;5117;219;13
968;12;2007;346803;163407;183396;178258;4911;214;13
969;12;2008;347737;162462;185275;180456;4601;205;13
970;12;2009;354548;164496;190052;185500;4336;202;14
971;12;2010;362031;166944;195087;190631;4239;203;14
972;12;2011;371340;170272;201068;196522;4317;214;15
973;12;2012;376777;172241;204536;199895;4402;224;15
974;12;2013;385637;176012;209625;204851;4520;239;15
975;12;2014;397244;180475;216769;211816;4682;255;16
976;12;2015;411845;186235;225610;220448;4875;270;17
977;12;2016;419751;189395;230356;225088;4974;277;17
978;12;2017;465203;208738;256465;250549;5565;329;22
979;12;2018;502977;225807;277170;270780;6014;353;23
980;12;2019;527409;237874;289535;282872;6267;372;24
981;12;2020;543983;247283;296700;289848;6419;407;26
982;12;2021;562386;258320;304066;297003;6590;447;26
983;12;2022;547925;253171;294754;287882;6396;450;26
984;12;2023;540944;251056;289888;283112;6294;456;26
985;12;2024;539789;251819;287970;281235;6247;462;26
986;12;2025;542938;254574;288364;281609;6253;475;27
987;12;2026;549408;258917;290491;283693;6285;486;27
988;12;2027;558352;264476;293876;286988;6355;504;29
989;12;2028;565720;269258;296462;289519;6402;514;27
990;12;2029;575334;275231;300103;293059;6481;534;29
991;12;2030;586991;282077;304914;297751;6584;551;28
992;12;2031;596665;288084;308581;301316;6667;569;29
993;12;2032;607894;294633;313261;305877;6769;588;27
994;12;2033;617552;300385;317167;309670;6860;609;28
995;12;2034;626959;306038;320921;313310;6955;628;28
996;12;2035;634818;310837;323981;316281;7032;641;27
997;12;2036;639912;314411;325501;317754;7071;650;26
998;12;2037;639388;315170;324218;316500;7042;652;24
999;12;2038;637571;315166;322405;314715;7009;659;22
1000;12;2039;634902;314285;320617;312970;6975;650;22
1001;12;2040;636154;315063;321091;313414;7005;650;22
1002;12;2041;636229;315307;320922;313268;7001;631;22
1003;12;2042;632684;313983;318701;311121;6942;616;22
1004;12;2043;624208;310085;314123;306672;6829;601;21
1005;12;2044;605915;301207;304708;297483;6619;586;20
1006;12;2045;578818;287312;291506;284597;6332;558;19
1007;12;2046;550762;272585;278177;271587;6043;529;18
1008;12;2047;526961;259655;267306;260976;5807;506;17
1009;12;2048;507793;248927;258866;252742;5619;489;16
1010;12;2049;497984;242820;255164;249129;5534;485;16
1011;12;2050;491840;238587;253253;247276;5480;482;15
1012;13;2005;285598;174143;111455;109024;2337;86;8
1013;13;2006;289727;176143;113584;111066;2420;90;8
1014;13;2007;292554;177208;115346;112752;2493;92;9
1015;13;2008;296771;179007;117764;115082;2579;94;9
1016;13;2009;297315;178495;118820;116081;2634;96;9
1017;13;2010;299078;178677;120401;117598;2695;99;9
1018;13;2011;299293;177799;121494;118639;2744;102;9
1019;13;2012;301352;177901;123451;120524;2812;106;9
1020;13;2013;302691;177414;125277;122283;2875;109;10
1021;13;2014;309018;180048;128970;125865;2979;116;10
1022;13;2015;315894;183081;132813;129598;3085;120;10
1023;13;2016;324328;187127;137201;133861;3202;127;11
1024;13;2017;329270;189507;139763;136340;3282;130;11
1025;13;2018;337182;193703;143479;139952;3382;134;11
1026;13;2019;347761;198867;148894;145222;3518;142;12
1027;13;2020;360946;205452;155494;151653;3680;149;12
1028;13;2021;367999;209034;158965;155026;3775;152;12
1029;13;2022;408577;230482;178095;173674;4223;184;14
1030;13;2023;441844;249080;192764;187950;4596;203;15
1031;13;2024;463094;261794;201300;196243;4835;207;15
1032;13;2025;477117;271156;205961;200744;4989;212;16
1033;13;2026;492156;281787;210369;205028;5108;217;16
1034;13;2027;479612;275175;204437;199230;4977;215;15
1035;13;2028;473759;272051;201708;196553;4922;218;15
1036;13;2029;472836;271998;200838;195692;4913;218;15
1037;13;2030;475608;274167;201441;196270;4934;222;15
1038;13;2031;481232;278055;203177;197952;4986;224;15
1039;13;2032;488949;283252;205697;200401;5051;230;15
1040;13;2033;495376;287617;207759;202398;5112;234;15
1041;13;2034;503724;293187;210537;205092;5190;240;15
1042;13;2035;513858;299713;214145;208587;5294;248;16
1043;13;2036;522164;305258;216906;211254;5382;254;16
1044;13;2037;531916;311454;220462;214699;5489;258;16
1045;13;2038;540235;316783;223452;217595;5579;262;16
1046;13;2039;548369;321905;226464;220518;5663;267;16
1047;13;2040;555196;326036;229160;223138;5736;270;16
1048;13;2041;559489;328846;230643;224580;5777;270;16
1049;13;2042;558907;328648;230259;224213;5767;263;16
1050;13;2043;557162;327742;229420;223419;5727;258;16
1051;13;2044;554786;326109;228677;222733;5676;252;16
1052;13;2045;556114;326217;229897;223966;5661;254;16
1053;13;2046;556282;325764;230518;224607;5644;251;16
1054;13;2047;553085;323558;229527;223681;5588;242;16
1055;13;2048;545415;318540;226875;221140;5489;231;15
1056;13;2049;529056;308395;220661;215126;5301;219;15
1057;13;2050;505313;293352;211961;206687;5051;209;14
1058;14;2005;209294;156794;52500;51301;1143;51;5
1059;14;2006;209245;156992;52253;51041;1156;51;5
1060;14;2007;209576;157323;52253;51023;1173;52;5
1061;14;2008;209796;157512;52284;51040;1187;52;5
1062;14;2009;211140;158142;52998;51725;1215;53;5
1063;14;2010;212661;158855;53806;52502;1245;54;5
1064;14;2011;217050;161683;55367;54018;1289;55;5
1065;14;2012;220234;163622;56612;55226;1325;56;5
1066;14;2013;224368;166213;58155;56724;1368;58;5
1067;14;2014;225655;166669;58986;57530;1392;58;6
1068;14;2015;227769;167652;60117;58633;1419;59;6
1069;14;2016;228736;167653;61083;59576;1441;60;6
1070;14;2017;231018;168533;62485;60945;1474;60;6
1071;14;2018;232653;168850;63803;62231;1505;61;6
1072;14;2019;238023;171954;66069;64439;1562;62;6
1073;14;2020;243626;175280;68346;66658;1617;64;7
1074;14;2021;250400;179538;70862;69110;1679;66;7
1075;14;2022;254255;181998;72257;70468;1715;67;7
1076;14;2023;260494;186161;74333;72493;1764;69;7
1077;14;2024;269156;191644;77512;75600;1834;71;7
1078;14;2025;279931;198597;81334;79336;1916;74;8
1079;14;2026;285537;202326;83211;81176;1953;74;8
1080;14;2027;318300;224067;94233;91943;2199;82;9
1081;14;2028;344358;242150;102208;99734;2377;88;9
1082;14;2029;360336;253890;106446;103866;2478;92;10
1083;14;2030;370251;261855;108396;105759;2534;93;10
1084;14;2031;380074;270155;109919;107238;2574;97;10
1085;14;2032;370571;263490;107081;104472;2505;94;10
1086;14;2033;366478;260392;106086;103504;2481;92;9
1087;14;2034;365911;260067;105844;103272;2472;91;9
1088;14;2035;367998;261708;106290;103710;2480;91;9
1089;14;2036;372176;264854;107322;104720;2502;91;9
1090;14;2037;377900;269105;108795;106156;2537;93;9
1091;14;2038;382773;272631;110142;107474;2565;94;9
1092;14;2039;389006;277107;111899;109188;2607;95;9
1093;14;2040;396635;282489;114146;111383;2657;96;10
1094;14;2041;402710;286743;115967;113159;2700;98;10
1095;14;2042;410052;291741;118311;115450;2752;99;10
1096;14;2043;416210;295897;120313;117408;2795;100;10
1097;14;2044;422278;299913;122365;119417;2836;102;10
1098;14;2045;427475;303120;124355;121366;2876;103;10
1099;14;2046;430363;304845;125518;122507;2897;104;10
1100;14;2047;429508;303758;125750;122742;2894;104;10
1101;14;2048;427614;301818;125796;122797;2886;103;10
1102;14;2049;425432;299328;126104;123114;2878;102;10
1103;14;2050;426482;298582;127900;124884;2904;102;10
1104;15;2005;94176;80906;13270;12859;375;34;2
1105;15;2006;100843;86532;14311;13863;409;37;2
1106;15;2007;106654;91645;15009;14528;439;40;2
1107;15;2008;111647;96094;15553;15041;467;43;2
1108;15;2009;117291;101181;16110;15571;492;45;2
1109;15;2010;121410;104923;16487;15927;511;47;2
1110;15;2011;122215;105662;16553;15984;519;48;2
1111;15;2012;123273;106590;16683;16104;528;49;2
1112;15;2013;124145;107333;16812;16224;536;50;2
1113;15;2014;125826;108649;17177;16576;548;51;2
1114;15;2015;127426;109879;17547;16932;560;52;3
1115;15;2016;130674;112492;18182;17546;579;54;3
1116;15;2017;132911;114234;18677;18027;593;54;3
1117;15;2018;135569;116305;19264;18598;608;55;3
1118;15;2019;136327;116741;19586;18915;613;55;3
1119;15;2020;137443;117435;20008;19330;620;55;3
1120;15;2021;137958;117576;20382;19699;625;55;3
1121;15;2022;139315;118399;20916;20221;637;55;3
1122;15;2023;140370;118945;21425;20719;648;55;3
1123;15;2024;143833;121553;22280;21550;671;56;3
1124;15;2025;147500;124373;23127;22375;692;57;3
1125;15;2026;151966;127890;24076;23296;718;59;3
1126;15;2027;154354;129756;24598;23801;733;60;4
1127;15;2028;158243;132829;25414;24592;756;62;4
1128;15;2029;164014;137306;26708;25849;791;64;4
1129;15;2030;171070;142845;28225;27321;833;67;4
1130;15;2031;174525;145610;28915;27987;855;69;4
1131;15;2032;195883;162695;33188;32133;973;77;5
1132;15;2033;212032;176031;36001;34857;1055;84;5
1133;15;2034;221195;183905;37290;36096;1102;87;5
1134;15;2035;226241;188469;37772;36557;1121;89;5
1135;15;2036;230550;192505;38045;36827;1125;88;5
1136;15;2037;224964;187717;37247;36056;1100;86;5
1137;15;2038;222880;185709;37171;35985;1096;85;5
1138;15;2039;222652;185335;37317;36128;1099;85;5
1139;15;2040;223963;186252;37711;36510;1110;86;5
1140;15;2041;226462;188121;38341;37125;1125;86;5
1141;15;2042;229822;190699;39123;37885;1145;88;5
1142;15;2043;232809;192847;39962;38701;1167;89;5
1143;15;2044;236539;195597;40942;39655;1192;90;5
1144;15;2045;241121;198979;42142;40823;1222;92;5
1145;15;2046;244654;201458;43196;41849;1249;93;5
1146;15;2047;249073;204583;44490;43111;1279;95;5
1147;15;2048;252680;206994;45686;44279;1306;96;5
1148;15;2049;256245;209296;46949;45513;1334;97;5
1149;15;2050;259303;211057;48246;46780;1362;99;5
1150;16;2005;31277;28742;2535;2455;69;10;1
1151;16;2006;32608;30053;2555;2474;70;10;1
1152;16;2007;33937;31382;2555;2473;71;10;1
1153;16;2008;35099;32508;2591;2508;72;10;1
1154;16;2009;35769;33176;2593;2509;73;10;1
1155;16;2010;36894;34238;2656;2571;74;10;1
1156;16;2011;40263;37349;2914;2821;81;11;1
1157;16;2012;43049;39968;3081;2982;86;12;1
1158;16;2013;45338;42116;3222;3117;91;13;1
1159;16;2014;47767;44418;3349;3240;95;13;1
1160;16;2015;49449;46016;3433;3321;97;14;1
1161;16;2016;49888;46430;3458;3345;98;14;1
1162;16;2017;50400;46910;3490;3376;99;14;1
1163;16;2018;50709;47203;3506;3391;100;14;1
1164;16;2019;51416;47836;3580;3463;102;14;1
1165;16;2020;51911;48269;3642;3524;103;14;1
1166;16;2021;53063;49296;3767;3645;106;15;1
1167;16;2022;53763;49891;3872;3748;108;15;1
1168;16;2023;54671;50674;3997;3871;110;15;1
1169;16;2024;54861;50791;4070;3943;111;15;1
1170;16;2025;55313;51135;4178;4049;113;15;1
1171;16;2026;55668;51381;4287;4155;116;15;1
1172;16;2027;56354;51936;4418;4284;118;15;1
1173;16;2028;56932;52392;4540;4404;120;15;1
1174;16;2029;58551;53808;4743;4602;125;15;1
1175;16;2030;60235;55290;4945;4799;129;16;1
1176;16;2031;62235;57068;5167;5015;135;16;1
1177;16;2032;63179;57900;5279;5123;138;17;1
1178;16;2033;64828;59362;5466;5305;142;17;2
1179;16;2034;67538;61767;5771;5602;149;18;2
1180;16;2035;70787;64670;6117;5939;158;18;2
1181;16;2036;72193;65934;6259;6076;162;19;2
1182;16;2037;82118;74830;7288;7077;188;21;2
1183;16;2038;89003;81086;7917;7688;204;23;2
1184;16;2039;92376;84184;8192;7955;211;24;2
1185;16;2040;93815;85527;8288;8048;214;24;2
1186;16;2041;94728;86361;8367;8124;216;25;2
1187;16;2042;92750;84462;8288;8048;214;24;2
1188;16;2043;92411;84021;8390;8148;216;24;2
1189;16;2044;92635;84102;8533;8287;219;25;2
1190;16;2045;93425;84686;8739;8488;224;25;2
1191;16;2046;94672;85666;9006;8748;230;26;2
1192;16;2047;96256;86931;9325;9059;238;26;2
1193;16;2048;97760;88073;9687;9413;245;27;2
1194;16;2049;99538;89425;10113;9829;255;27;2
1195;16;2050;101714;91104;10610;10314;266;28;2
1196;17;2005;5777;5441;336;326;9;1;0
1197;17;2006;6268;5909;359;348;10;1;0
1198;17;2007;6719;6330;389;377;10;2;0
1199;17;2008;7270;6858;412;399;11;2;0
1200;17;2009;7824;7394;430;417;11;2;0
1201;17;2010;8346;7905;441;427;12;2;0
1202;17;2011;8672;8223;449;435;12;2;0
1203;17;2012;8975;8525;450;436;12;2;0
1204;17;2013;9274;8812;462;448;12;2;0
1205;17;2014;9431;8973;458;444;12;2;0
1206;17;2015;9724;9252;472;457;13;2;0
1207;17;2016;10581;10070;511;495;14;2;0
1208;17;2017;11185;10654;531;514;15;2;0
1209;17;2018;11596;11049;547;530;15;2;0
1210;17;2019;11974;11414;560;543;15;2;0
1211;17;2020;12155;11592;563;545;16;2;0
1212;17;2021;12189;11625;564;546;16;2;0
1213;17;2022;12235;11672;563;545;16;2;0
1214;17;2023;12248;11683;565;548;15;2;0
1215;17;2024;12427;11853;574;557;15;2;0
1216;17;2025;12563;11977;586;568;16;2;0
1217;17;2026;12852;12249;603;585;16;2;0
1218;17;2027;13018;12408;610;592;16;2;0
1219;17;2028;13217;12604;613;595;16;2;0
1220;17;2029;13283;12665;618;600;16;2;0
1221;17;2030;13420;12788;632;614;16;2;0
1222;17;2031;13573;12922;651;633;16;2;0
1223;17;2032;13787;13120;667;648;17;2;0
1224;17;2033;13989;13305;684;665;17;2;0
1225;17;2034;14447;13728;719;699;18;2;0
1226;17;2035;14898;14148;750;730;18;2;0
1227;17;2036;15431;14656;775;754;19;2;0
1228;17;2037;15671;14884;787;766;19;2;0
1229;17;2038;16114;15296;818;795;20;3;0
1230;17;2039;16926;16053;873;849;21;3;0
1231;17;2040;17863;16926;937;911;23;3;0
1232;17;2041;18255;17293;962;936;23;3;0
1233;17;2042;20995;19861;1134;1103;27;4;0
1234;17;2043;22726;21493;1233;1199;30;4;0
1235;17;2044;23516;22229;1287;1252;31;4;0
1236;17;2045;23856;22534;1322;1286;32;4;0
1237;17;2046;23991;22638;1353;1316;33;4;0
1238;17;2047;24112;22725;1387;1349;34;4;0
1239;17;2048;24534;23091;1443;1404;35;4;0
1240;17;2049;24908;23410;1498;1457;36;5;0
1241;17;2050;25358;23782;1576;1533;38;5;0
