ID;AlleLeeftijden;Geslacht;RegioS2007;Perioden;TotaleBevolking_1;Autochtoon_2;Totaal1eEn2eGeneratie_3;k_1eGeneratie_4;k_2eGeneratie_5;Totaal1eEn2eGeneratie_6;k_1eGeneratie_7;k_2eGeneratie_8;Regiocode_9
0;Totaal over alle leeftijden;Mannen en vrouwen;Nederland;2008;16377048;13178824;1439077;591196;847881;1759147;1014009;745138;1
1;Totaal over alle leeftijden;Mannen en vrouwen;Nederland;2009;16403183;13172678;1448240;597793;850447;1782265;1014856;767409;1
2;Totaal over alle leeftijden;Mannen en vrouwen;Nederland;2010;16432585;13167161;1458894;605868;853026;1806530;1017220;789310;1
3;Totaal over alle leeftijden;Mannen en vrouwen;Nederland;2011;16464309;13161650;1471160;615053;856107;1831499;1020143;811356;1
4;Totaal over alle leeftijden;Mannen en vrouwen;Nederland;2012;16497210;13156282;1484282;624877;859405;1856646;1023460;833186;1
5;Totaal over alle leeftijden;Mannen en vrouwen;Nederland;2013;16530426;13151225;1497840;634987;862853;1881361;1027155;854206;1
6;Totaal over alle leeftijden;Mannen en vrouwen;Nederland;2014;16563236;13146172;1511320;644970;866350;1905744;1031303;874441;1
7;Totaal over alle leeftijden;Mannen en vrouwen;Nederland;2015;16595318;13140696;1524757;654786;869971;1929865;1035785;894080;1
8;Totaal over alle leeftijden;Mannen en vrouwen;Nederland;2016;16626943;13135037;1538212;664485;873727;1953694;1040673;913021;1
9;Totaal over alle leeftijden;Mannen en vrouwen;Nederland;2017;16657862;13128944;1551650;674096;877554;1977268;1045889;931379;1
10;Totaal over alle leeftijden;Mannen en vrouwen;Nederland;2018;16688289;13122499;1565096;683629;881467;2000694;1051444;949250;1
11;Totaal over alle leeftijden;Mannen en vrouwen;Nederland;2019;16718321;13115851;1578676;693191;885485;2023794;1057272;966522;1
12;Totaal over alle leeftijden;Mannen en vrouwen;Nederland;2020;16747844;13108792;1592313;702759;889554;2046739;1063299;983440;1
13;Totaal over alle leeftijden;Mannen en vrouwen;Nederland;2021;16776805;13101239;1606092;712395;893697;2069474;1069552;999922;1
14;Totaal over alle leeftijden;Mannen en vrouwen;Nederland;2022;16804899;13092993;1619960;722064;897896;2091946;1075945;1016001;1
15;Totaal over alle leeftijden;Mannen en vrouwen;Nederland;2023;16832048;13083571;1633994;731826;902168;2114483;1082569;1031914;1
16;Totaal over alle leeftijden;Mannen en vrouwen;Nederland;2024;16857955;13072993;1648150;741644;906506;2136812;1089243;1047569;1
17;Totaal over alle leeftijden;Mannen en vrouwen;Nederland;2025;16882447;13060855;1662476;751556;910920;2159116;1096053;1063063;1
18;Totaal over alle leeftijden;Mannen en vrouwen;Noord-Nederland (LD);2008;1701636;1531522;96035;36810;59225;74079;44802;29277;1
19;Totaal over alle leeftijden;Mannen en vrouwen;Noord-Nederland (LD);2009;1702772;1529610;96175;36675;59500;76987;45850;31137;1
20;Totaal over alle leeftijden;Mannen en vrouwen;Noord-Nederland (LD);2010;1703935;1527412;96589;36830;59759;79934;47007;32927;1
21;Totaal over alle leeftijden;Mannen en vrouwen;Noord-Nederland (LD);2011;1705140;1525410;96834;36799;60035;82896;48234;34662;1
22;Totaal over alle leeftijden;Mannen en vrouwen;Noord-Nederland (LD);2012;1706473;1523609;97147;36900;60247;85717;49405;36312;1
23;Totaal over alle leeftijden;Mannen en vrouwen;Noord-Nederland (LD);2013;1707887;1521753;97576;36998;60578;88558;50508;38050;1
24;Totaal over alle leeftijden;Mannen en vrouwen;Noord-Nederland (LD);2014;1709361;1520048;97999;37078;60921;91314;51602;39712;1
25;Totaal over alle leeftijden;Mannen en vrouwen;Noord-Nederland (LD);2015;1710964;1518271;98489;37286;61203;94204;52788;41416;1
26;Totaal over alle leeftijden;Mannen en vrouwen;Noord-Nederland (LD);2016;1712601;1516572;98924;37455;61469;97105;53951;43154;1
27;Totaal over alle leeftijden;Mannen en vrouwen;Noord-Nederland (LD);2017;1714217;1514825;99436;37686;61750;99956;55212;44744;1
28;Totaal over alle leeftijden;Mannen en vrouwen;Noord-Nederland (LD);2018;1715805;1513467;99631;37757;61874;102707;56295;46412;1
29;Totaal over alle leeftijden;Mannen en vrouwen;Noord-Nederland (LD);2019;1717656;1512031;100000;37926;62074;105625;57547;48078;1
30;Totaal over alle leeftijden;Mannen en vrouwen;Noord-Nederland (LD);2020;1719353;1510393;100423;38204;62219;108537;58688;49849;1
31;Totaal over alle leeftijden;Mannen en vrouwen;Noord-Nederland (LD);2021;1721381;1509126;100918;38516;62402;111337;59752;51585;1
32;Totaal over alle leeftijden;Mannen en vrouwen;Noord-Nederland (LD);2022;1723079;1507560;101379;38857;62522;114140;60937;53203;1
33;Totaal over alle leeftijden;Mannen en vrouwen;Noord-Nederland (LD);2023;1724886;1506096;101817;39161;62656;116973;62136;54837;1
34;Totaal over alle leeftijden;Mannen en vrouwen;Noord-Nederland (LD);2024;1726361;1504471;102273;39501;62772;119617;63161;56456;1
35;Totaal over alle leeftijden;Mannen en vrouwen;Noord-Nederland (LD);2025;1728021;1502885;102698;39834;62864;122438;64332;58106;1
36;Totaal over alle leeftijden;Mannen en vrouwen;Oost-Nederland (LD);2008;3472343;2939848;256339;92423;163916;276156;158131;118025;2
37;Totaal over alle leeftijden;Mannen en vrouwen;Oost-Nederland (LD);2009;3479711;2940132;257204;92992;164212;282375;159742;122633;2
38;Totaal over alle leeftijden;Mannen en vrouwen;Oost-Nederland (LD);2010;3487391;2940432;258176;93566;164610;288783;161612;127171;2
39;Totaal over alle leeftijden;Mannen en vrouwen;Oost-Nederland (LD);2011;3495552;2940590;259389;94213;165176;295573;163738;131835;2
40;Totaal over alle leeftijden;Mannen en vrouwen;Oost-Nederland (LD);2012;3502939;2940127;260533;94967;165566;302279;165872;136407;2
41;Totaal over alle leeftijden;Mannen en vrouwen;Oost-Nederland (LD);2013;3510109;2939277;261891;96045;165846;308941;167940;141001;2
42;Totaal over alle leeftijden;Mannen en vrouwen;Oost-Nederland (LD);2014;3516447;2937835;263089;96976;166113;315523;170058;145465;2
43;Totaal over alle leeftijden;Mannen en vrouwen;Oost-Nederland (LD);2015;3522335;2936088;264182;97734;166448;322065;172399;149666;2
44;Totaal over alle leeftijden;Mannen en vrouwen;Oost-Nederland (LD);2016;3528603;2934423;265525;98835;166690;328655;174737;153918;2
45;Totaal over alle leeftijden;Mannen en vrouwen;Oost-Nederland (LD);2017;3534653;2932730;266833;99852;166981;335090;177245;157845;2
46;Totaal over alle leeftijden;Mannen en vrouwen;Oost-Nederland (LD);2018;3540278;2930829;267872;100796;167076;341577;179737;161840;2
47;Totaal over alle leeftijden;Mannen en vrouwen;Oost-Nederland (LD);2019;3545455;2928374;269163;101924;167239;347918;182244;165674;2
48;Totaal over alle leeftijden;Mannen en vrouwen;Oost-Nederland (LD);2020;3550314;2925750;270385;102848;167537;354179;184747;169432;2
49;Totaal over alle leeftijden;Mannen en vrouwen;Oost-Nederland (LD);2021;3554663;2922824;271388;103791;167597;360451;187120;173331;2
50;Totaal over alle leeftijden;Mannen en vrouwen;Oost-Nederland (LD);2022;3559223;2920174;272716;104865;167851;366333;189631;176702;2
51;Totaal over alle leeftijden;Mannen en vrouwen;Oost-Nederland (LD);2023;3563474;2917458;273835;105912;167923;372181;191939;180242;2
52;Totaal over alle leeftijden;Mannen en vrouwen;Oost-Nederland (LD);2024;3567653;2914362;275021;107049;167972;378270;194278;183992;2
53;Totaal over alle leeftijden;Mannen en vrouwen;Oost-Nederland (LD);2025;3570759;2910383;276108;108128;167980;384268;196731;187537;2
54;Totaal over alle leeftijden;Mannen en vrouwen;West-Nederland (LD);2008;7663683;5761756;740049;333575;406474;1161878;668816;493062;3
55;Totaal over alle leeftijden;Mannen en vrouwen;West-Nederland (LD);2009;7685860;5766394;749551;339489;410062;1169915;664661;505254;3
56;Totaal over alle leeftijden;Mannen en vrouwen;West-Nederland (LD);2010;7710627;5771847;760035;346422;413613;1178745;661652;517093;3
57;Totaal over alle leeftijden;Mannen en vrouwen;West-Nederland (LD);2011;7736503;5777052;771514;354089;417425;1187937;659106;528831;3
58;Totaal over alle leeftijden;Mannen en vrouwen;West-Nederland (LD);2012;7763312;5782451;783323;362006;421317;1197538;657050;540488;3
59;Totaal over alle leeftijden;Mannen en vrouwen;West-Nederland (LD);2013;7790432;5788171;795397;369929;425468;1206864;655524;551340;3
60;Totaal over alle leeftijden;Mannen en vrouwen;West-Nederland (LD);2014;7817288;5794085;807532;377852;429680;1215671;654052;561619;3
61;Totaal over alle leeftijden;Mannen en vrouwen;West-Nederland (LD);2015;7843975;5799891;819553;385741;433812;1224531;652710;571821;3
62;Totaal over alle leeftijden;Mannen en vrouwen;West-Nederland (LD);2016;7869425;5805141;831492;393269;438223;1232792;651566;581226;3
63;Totaal over alle leeftijden;Mannen en vrouwen;West-Nederland (LD);2017;7894527;5809926;843169;400599;442570;1241432;650942;590490;3
64;Totaal over alle leeftijden;Mannen en vrouwen;West-Nederland (LD);2018;7919365;5813904;855618;408072;447546;1249843;650477;599366;3
65;Totaal over alle leeftijden;Mannen en vrouwen;West-Nederland (LD);2019;7943812;5818375;867474;415366;452108;1257963;650158;607805;3
66;Totaal over alle leeftijden;Mannen en vrouwen;West-Nederland (LD);2020;7968008;5822394;879415;422609;456806;1266199;650172;616027;3
67;Totaal over alle leeftijden;Mannen en vrouwen;West-Nederland (LD);2021;7991549;5825701;891581;430075;461506;1274267;650614;623653;3
68;Totaal over alle leeftijden;Mannen en vrouwen;West-Nederland (LD);2022;8014351;5828139;903578;437310;466268;1282634;651045;631589;3
69;Totaal over alle leeftijden;Mannen en vrouwen;West-Nederland (LD);2023;8036535;5829907;915695;444629;471066;1290933;651709;639224;3
70;Totaal over alle leeftijden;Mannen en vrouwen;West-Nederland (LD);2024;8058542;5831531;927910;451925;475985;1299101;652627;646474;3
71;Totaal over alle leeftijden;Mannen en vrouwen;West-Nederland (LD);2025;8079357;5831989;940184;459229;480955;1307184;653370;653814;3
72;Totaal over alle leeftijden;Mannen en vrouwen;Zuid-Nederland (LD);2008;3539386;2945698;346654;128388;218266;247034;142260;104774;4
73;Totaal over alle leeftijden;Mannen en vrouwen;Zuid-Nederland (LD);2009;3534840;2936542;345310;128637;216673;252988;144603;108385;4
74;Totaal over alle leeftijden;Mannen en vrouwen;Zuid-Nederland (LD);2010;3530632;2927470;344094;129050;215044;259068;146949;112119;4
75;Totaal over alle leeftijden;Mannen en vrouwen;Zuid-Nederland (LD);2011;3527114;2918598;343423;129952;213471;265093;149065;116028;4
76;Totaal over alle leeftijden;Mannen en vrouwen;Zuid-Nederland (LD);2012;3524486;2910095;343279;131004;212275;271112;151133;119979;4
77;Totaal over alle leeftijden;Mannen en vrouwen;Zuid-Nederland (LD);2013;3521998;2902024;342976;132015;210961;276998;153183;123815;4
78;Totaal over alle leeftijden;Mannen en vrouwen;Zuid-Nederland (LD);2014;3520140;2894204;342700;133064;209636;283236;155591;127645;4
79;Totaal over alle leeftijden;Mannen en vrouwen;Zuid-Nederland (LD);2015;3518044;2886446;342533;134025;208508;289065;157888;131177;4
80;Totaal over alle leeftijden;Mannen en vrouwen;Zuid-Nederland (LD);2016;3516314;2878901;342271;134926;207345;295142;160419;134723;4
81;Totaal over alle leeftijden;Mannen en vrouwen;Zuid-Nederland (LD);2017;3514465;2871463;342212;135959;206253;300790;162490;138300;4
82;Totaal over alle leeftijden;Mannen en vrouwen;Zuid-Nederland (LD);2018;3512841;2864299;341975;137004;204971;306567;164935;141632;4
83;Totaal over alle leeftijden;Mannen en vrouwen;Zuid-Nederland (LD);2019;3511398;2857071;342039;137975;204064;312288;167323;144965;4
84;Totaal over alle leeftijden;Mannen en vrouwen;Zuid-Nederland (LD);2020;3510169;2850255;342090;139098;202992;317824;169692;148132;4
85;Totaal over alle leeftijden;Mannen en vrouwen;Zuid-Nederland (LD);2021;3509212;2843588;342205;140013;202192;323419;172066;151353;4
86;Totaal over alle leeftijden;Mannen en vrouwen;Zuid-Nederland (LD);2022;3508246;2837120;342287;141032;201255;328839;174332;154507;4
87;Totaal over alle leeftijden;Mannen en vrouwen;Zuid-Nederland (LD);2023;3507153;2830110;342647;142124;200523;334396;176785;157611;4
88;Totaal over alle leeftijden;Mannen en vrouwen;Zuid-Nederland (LD);2024;3505399;2822629;342946;143169;199777;339824;179177;160647;4
89;Totaal over alle leeftijden;Mannen en vrouwen;Zuid-Nederland (LD);2025;3504310;2815598;343486;144365;199121;345226;181620;163606;4
90;Totaal over alle leeftijden;Mannen en vrouwen;Groningen (PV);2008;571703;499946;38913;16004;22909;32844;20137;12707;20
91;Totaal over alle leeftijden;Mannen en vrouwen;Groningen (PV);2009;571448;498942;38834;15945;22889;33672;20383;13289;20
92;Totaal over alle leeftijden;Mannen en vrouwen;Groningen (PV);2010;571527;498245;38817;15937;22880;34465;20657;13808;20
93;Totaal over alle leeftijden;Mannen en vrouwen;Groningen (PV);2011;572111;497870;38941;15987;22954;35300;20919;14381;20
94;Totaal over alle leeftijden;Mannen en vrouwen;Groningen (PV);2012;573088;497990;38996;16028;22968;36102;21237;14865;20
95;Totaal over alle leeftijden;Mannen en vrouwen;Groningen (PV);2013;574070;498082;39059;16015;23044;36929;21522;15407;20
96;Totaal over alle leeftijden;Mannen en vrouwen;Groningen (PV);2014;575255;498290;39192;16038;23154;37773;21824;15949;20
97;Totaal over alle leeftijden;Mannen en vrouwen;Groningen (PV);2015;576598;498648;39319;16170;23149;38631;22146;16485;20
98;Totaal over alle leeftijden;Mannen en vrouwen;Groningen (PV);2016;577947;498865;39454;16265;23189;39628;22552;17076;20
99;Totaal over alle leeftijden;Mannen en vrouwen;Groningen (PV);2017;578932;498919;39591;16325;23266;40422;22889;17533;20
100;Totaal over alle leeftijden;Mannen en vrouwen;Groningen (PV);2018;580170;499273;39625;16315;23310;41272;23190;18082;20
101;Totaal over alle leeftijden;Mannen en vrouwen;Groningen (PV);2019;581339;499539;39699;16348;23351;42101;23592;18509;20
102;Totaal over alle leeftijden;Mannen en vrouwen;Groningen (PV);2020;582753;499983;39817;16383;23434;42953;23866;19087;20
103;Totaal over alle leeftijden;Mannen en vrouwen;Groningen (PV);2021;583907;500127;40000;16512;23488;43780;24184;19596;20
104;Totaal over alle leeftijden;Mannen en vrouwen;Groningen (PV);2022;584999;500121;40171;16639;23532;44707;24596;20111;20
105;Totaal over alle leeftijden;Mannen en vrouwen;Groningen (PV);2023;586082;500312;40261;16709;23552;45509;24943;20566;20
106;Totaal over alle leeftijden;Mannen en vrouwen;Groningen (PV);2024;587062;500294;40452;16813;23639;46316;25234;21082;20
107;Totaal over alle leeftijden;Mannen en vrouwen;Groningen (PV);2025;587706;500014;40541;16907;23634;47151;25614;21537;20
108;Totaal over alle leeftijden;Mannen en vrouwen;Friesland (PV);2008;644163;589394;30284;10952;19332;24485;14926;9559;21
109;Totaal over alle leeftijden;Mannen en vrouwen;Friesland (PV);2009;644931;588992;30428;10948;19480;25511;15272;10239;21
110;Totaal over alle leeftijden;Mannen en vrouwen;Friesland (PV);2010;645063;587810;30684;11016;19668;26569;15719;10850;21
111;Totaal over alle leeftijden;Mannen en vrouwen;Friesland (PV);2011;645213;586715;30799;10983;19816;27699;16236;11463;21
112;Totaal over alle leeftijden;Mannen en vrouwen;Friesland (PV);2012;645050;585500;30885;10978;19907;28665;16647;12018;21
113;Totaal over alle leeftijden;Mannen en vrouwen;Friesland (PV);2013;644955;584174;31119;11053;20066;29662;17026;12636;21
114;Totaal over alle leeftijden;Mannen en vrouwen;Friesland (PV);2014;644779;582893;31329;11099;20230;30557;17382;13175;21
115;Totaal over alle leeftijden;Mannen en vrouwen;Friesland (PV);2015;644781;581581;31534;11139;20395;31666;17823;13843;21
116;Totaal over alle leeftijden;Mannen en vrouwen;Friesland (PV);2016;644554;580235;31762;11245;20517;32557;18171;14386;21
117;Totaal over alle leeftijden;Mannen en vrouwen;Friesland (PV);2017;644496;578935;31965;11286;20679;33596;18649;14947;21
118;Totaal over alle leeftijden;Mannen en vrouwen;Friesland (PV);2018;644333;577673;32091;11331;20760;34569;18985;15584;21
119;Totaal over alle leeftijden;Mannen en vrouwen;Friesland (PV);2019;644341;576496;32271;11407;20864;35574;19399;16175;21
120;Totaal over alle leeftijden;Mannen en vrouwen;Friesland (PV);2020;644276;575186;32450;11552;20898;36640;19833;16807;21
121;Totaal over alle leeftijden;Mannen en vrouwen;Friesland (PV);2021;644269;574031;32716;11630;21086;37522;20182;17340;21
122;Totaal over alle leeftijden;Mannen en vrouwen;Friesland (PV);2022;644402;573071;32889;11699;21190;38442;20528;17914;21
123;Totaal over alle leeftijden;Mannen en vrouwen;Friesland (PV);2023;644482;572044;32997;11787;21210;39441;20910;18531;21
124;Totaal over alle leeftijden;Mannen en vrouwen;Friesland (PV);2024;644499;571046;33083;11912;21171;40370;21301;19069;21
125;Totaal over alle leeftijden;Mannen en vrouwen;Friesland (PV);2025;644584;569955;33300;12036;21264;41329;21674;19655;21
126;Totaal over alle leeftijden;Mannen en vrouwen;Drenthe (PV);2008;485770;442182;26838;9854;16984;16750;9739;7011;22
127;Totaal over alle leeftijden;Mannen en vrouwen;Drenthe (PV);2009;486393;441676;26913;9782;17131;17804;10195;7609;22
128;Totaal over alle leeftijden;Mannen en vrouwen;Drenthe (PV);2010;487345;441357;27088;9877;17211;18900;10631;8269;22
129;Totaal over alle leeftijden;Mannen en vrouwen;Drenthe (PV);2011;487816;440825;27094;9829;17265;19897;11079;8818;22
130;Totaal over alle leeftijden;Mannen en vrouwen;Drenthe (PV);2012;488335;440119;27266;9894;17372;20950;11521;9429;22
131;Totaal over alle leeftijden;Mannen en vrouwen;Drenthe (PV);2013;488862;439497;27398;9930;17468;21967;11960;10007;22
132;Totaal over alle leeftijden;Mannen en vrouwen;Drenthe (PV);2014;489327;438865;27478;9941;17537;22984;12396;10588;22
133;Totaal over alle leeftijden;Mannen en vrouwen;Drenthe (PV);2015;489585;438042;27636;9977;17659;23907;12819;11088;22
134;Totaal over alle leeftijden;Mannen en vrouwen;Drenthe (PV);2016;490100;437472;27708;9945;17763;24920;13228;11692;22
135;Totaal over alle leeftijden;Mannen en vrouwen;Drenthe (PV);2017;490789;436971;27880;10075;17805;25938;13674;12264;22
136;Totaal over alle leeftijden;Mannen en vrouwen;Drenthe (PV);2018;491302;436521;27915;10111;17804;26866;14120;12746;22
137;Totaal over alle leeftijden;Mannen en vrouwen;Drenthe (PV);2019;491976;435996;28030;10171;17859;27950;14556;13394;22
138;Totaal over alle leeftijden;Mannen en vrouwen;Drenthe (PV);2020;492324;435224;28156;10269;17887;28944;14989;13955;22
139;Totaal over alle leeftijden;Mannen en vrouwen;Drenthe (PV);2021;493205;434968;28202;10374;17828;30035;15386;14649;22
140;Totaal over alle leeftijden;Mannen en vrouwen;Drenthe (PV);2022;493678;434368;28319;10519;17800;30991;15813;15178;22
141;Totaal over alle leeftijden;Mannen en vrouwen;Drenthe (PV);2023;494322;433740;28559;10665;17894;32023;16283;15740;22
142;Totaal over alle leeftijden;Mannen en vrouwen;Drenthe (PV);2024;494800;433131;28738;10776;17962;32931;16626;16305;22
143;Totaal over alle leeftijden;Mannen en vrouwen;Drenthe (PV);2025;495731;432916;28857;10891;17966;33958;17044;16914;22
144;Totaal over alle leeftijden;Mannen en vrouwen;Overijssel (PV);2008;1118525;961012;77414;27456;49958;80099;46226;33873;23
145;Totaal over alle leeftijden;Mannen en vrouwen;Overijssel (PV);2009;1120321;961124;77583;27632;49951;81614;46643;34971;23
146;Totaal over alle leeftijden;Mannen en vrouwen;Overijssel (PV);2010;1122108;961169;77789;27787;50002;83150;47103;36047;23
147;Totaal over alle leeftijden;Mannen en vrouwen;Overijssel (PV);2011;1123539;960763;77900;27878;50022;84876;47690;37186;23
148;Totaal over alle leeftijden;Mannen en vrouwen;Overijssel (PV);2012;1124714;959979;78210;28020;50190;86525;48212;38313;23
149;Totaal over alle leeftijden;Mannen en vrouwen;Overijssel (PV);2013;1126402;959640;78432;28257;50175;88330;48772;39558;23
150;Totaal over alle leeftijden;Mannen en vrouwen;Overijssel (PV);2014;1127502;958910;78628;28500;50128;89964;49402;40562;23
151;Totaal over alle leeftijden;Mannen en vrouwen;Overijssel (PV);2015;1128589;957934;78863;28789;50074;91792;50082;41710;23
152;Totaal over alle leeftijden;Mannen en vrouwen;Overijssel (PV);2016;1129590;956966;79110;29078;50032;93514;50782;42732;23
153;Totaal over alle leeftijden;Mannen en vrouwen;Overijssel (PV);2017;1130676;955943;79371;29315;50056;95362;51570;43792;23
154;Totaal over alle leeftijden;Mannen en vrouwen;Overijssel (PV);2018;1131298;954793;79534;29550;49984;96971;52342;44629;23
155;Totaal over alle leeftijden;Mannen en vrouwen;Overijssel (PV);2019;1132454;953834;79759;29872;49887;98861;53212;45649;23
156;Totaal over alle leeftijden;Mannen en vrouwen;Overijssel (PV);2020;1133171;952443;80152;30253;49899;100576;53999;46577;23
157;Totaal over alle leeftijden;Mannen en vrouwen;Overijssel (PV);2021;1133724;950989;80358;30531;49827;102377;54692;47685;23
158;Totaal over alle leeftijden;Mannen en vrouwen;Overijssel (PV);2022;1134263;949686;80578;30893;49685;103999;55376;48623;23
159;Totaal over alle leeftijden;Mannen en vrouwen;Overijssel (PV);2023;1134582;948096;80858;31135;49723;105628;56069;49559;23
160;Totaal over alle leeftijden;Mannen en vrouwen;Overijssel (PV);2024;1134798;946476;81014;31481;49533;107308;56834;50474;23
161;Totaal over alle leeftijden;Mannen en vrouwen;Overijssel (PV);2025;1134569;944581;81091;31655;49436;108897;57607;51290;23
162;Totaal over alle leeftijden;Mannen en vrouwen;Flevoland (PV);2008;379386;281434;31192;12347;18845;66760;36648;30112;24
163;Totaal over alle leeftijden;Mannen en vrouwen;Flevoland (PV);2009;383741;283657;31794;12600;19194;68290;36771;31519;24
164;Totaal over alle leeftijden;Mannen en vrouwen;Flevoland (PV);2010;388002;285426;32524;12874;19650;70052;37159;32893;24
165;Totaal over alle leeftijden;Mannen en vrouwen;Flevoland (PV);2011;392247;287215;33196;13181;20015;71836;37550;34286;24
166;Totaal over alle leeftijden;Mannen en vrouwen;Flevoland (PV);2012;396489;289064;33864;13493;20371;73561;37884;35677;24
167;Totaal over alle leeftijden;Mannen en vrouwen;Flevoland (PV);2013;400933;290867;34564;13849;20715;75502;38333;37169;24
168;Totaal over alle leeftijden;Mannen en vrouwen;Flevoland (PV);2014;405682;292999;35364;14219;21145;77319;38712;38607;24
169;Totaal over alle leeftijden;Mannen en vrouwen;Flevoland (PV);2015;409857;294763;36050;14587;21463;79044;39089;39955;24
170;Totaal over alle leeftijden;Mannen en vrouwen;Flevoland (PV);2016;414278;296630;36874;14963;21911;80774;39703;41071;24
171;Totaal over alle leeftijden;Mannen en vrouwen;Flevoland (PV);2017;418828;298626;37607;15313;22294;82595;40278;42317;24
172;Totaal over alle leeftijden;Mannen en vrouwen;Flevoland (PV);2018;423046;300299;38365;15683;22682;84382;40819;43563;24
173;Totaal over alle leeftijden;Mannen en vrouwen;Flevoland (PV);2019;426929;301778;39183;16066;23117;85968;41381;44587;24
174;Totaal over alle leeftijden;Mannen en vrouwen;Flevoland (PV);2020;431019;303582;39890;16405;23485;87547;41775;45772;24
175;Totaal over alle leeftijden;Mannen en vrouwen;Flevoland (PV);2021;434814;305167;40650;16783;23867;88997;42187;46810;24
176;Totaal over alle leeftijden;Mannen en vrouwen;Flevoland (PV);2022;438613;306758;41400;17102;24298;90455;42717;47738;24
177;Totaal over alle leeftijden;Mannen en vrouwen;Flevoland (PV);2023;442444;308298;42206;17514;24692;91940;43208;48732;24
178;Totaal over alle leeftijden;Mannen en vrouwen;Flevoland (PV);2024;446516;309919;43101;17902;25199;93496;43638;49858;24
179;Totaal over alle leeftijden;Mannen en vrouwen;Flevoland (PV);2025;450436;311277;43960;18350;25610;95199;44263;50936;24
180;Totaal over alle leeftijden;Mannen en vrouwen;Gelderland (PV);2008;1974432;1697402;147733;52620;95113;129297;75257;54040;25
181;Totaal over alle leeftijden;Mannen en vrouwen;Gelderland (PV);2009;1975649;1695351;147827;52760;95067;132471;76328;56143;25
182;Totaal over alle leeftijden;Mannen en vrouwen;Gelderland (PV);2010;1977281;1693837;147863;52905;94958;135581;77350;58231;25
183;Totaal over alle leeftijden;Mannen en vrouwen;Gelderland (PV);2011;1979766;1692612;148293;53154;95139;138861;78498;60363;25
184;Totaal over alle leeftijden;Mannen en vrouwen;Gelderland (PV);2012;1981736;1691084;148459;53454;95005;142193;79776;62417;25
185;Totaal over alle leeftijden;Mannen en vrouwen;Gelderland (PV);2013;1982774;1688770;148895;53939;94956;145109;80835;64274;25
186;Totaal over alle leeftijden;Mannen en vrouwen;Gelderland (PV);2014;1983263;1685926;149097;54257;94840;148240;81944;66296;25
187;Totaal over alle leeftijden;Mannen en vrouwen;Gelderland (PV);2015;1983889;1683391;149269;54358;94911;151229;83228;68001;25
188;Totaal over alle leeftijden;Mannen en vrouwen;Gelderland (PV);2016;1984735;1680827;149541;54794;94747;154367;84252;70115;25
189;Totaal over alle leeftijden;Mannen en vrouwen;Gelderland (PV);2017;1985149;1678161;149855;55224;94631;157133;85397;71736;25
190;Totaal over alle leeftijden;Mannen en vrouwen;Gelderland (PV);2018;1985934;1675737;149973;55563;94410;160224;86576;73648;25
191;Totaal over alle leeftijden;Mannen en vrouwen;Gelderland (PV);2019;1986072;1672762;150221;55986;94235;163089;87651;75438;25
192;Totaal over alle leeftijden;Mannen en vrouwen;Gelderland (PV);2020;1986124;1669725;150343;56190;94153;166056;88973;77083;25
193;Totaal over alle leeftijden;Mannen en vrouwen;Gelderland (PV);2021;1986125;1666668;150380;56477;93903;169077;90241;78836;25
194;Totaal over alle leeftijden;Mannen en vrouwen;Gelderland (PV);2022;1986347;1663730;150738;56870;93868;171879;91538;80341;25
195;Totaal over alle leeftijden;Mannen en vrouwen;Gelderland (PV);2023;1986448;1661064;150771;57263;93508;174613;92662;81951;25
196;Totaal over alle leeftijden;Mannen en vrouwen;Gelderland (PV);2024;1986339;1657967;150906;57666;93240;177466;93806;83660;25
197;Totaal over alle leeftijden;Mannen en vrouwen;Gelderland (PV);2025;1985754;1654525;151057;58123;92934;180172;94861;85311;25
198;Totaal over alle leeftijden;Mannen en vrouwen;Utrecht (PV);2008;1195923;962147;98077;37146;60931;135699;75307;60392;26
199;Totaal over alle leeftijden;Mannen en vrouwen;Utrecht (PV);2009;1202917;965711;99071;37658;61413;138135;75969;62166;26
200;Totaal over alle leeftijden;Mannen en vrouwen;Utrecht (PV);2010;1210361;969726;100262;38211;62051;140373;76427;63946;26
201;Totaal over alle leeftijden;Mannen en vrouwen;Utrecht (PV);2011;1217561;973359;101493;38904;62589;142709;76960;65749;26
202;Totaal over alle leeftijden;Mannen en vrouwen;Utrecht (PV);2012;1225236;977259;102845;39659;63186;145132;77657;67475;26
203;Totaal over alle leeftijden;Mannen en vrouwen;Utrecht (PV);2013;1232751;981116;104183;40341;63842;147452;78186;69266;26
204;Totaal over alle leeftijden;Mannen en vrouwen;Utrecht (PV);2014;1240387;985092;105536;41176;64360;149759;78820;70939;26
205;Totaal over alle leeftijden;Mannen en vrouwen;Utrecht (PV);2015;1248272;989212;106903;42037;64866;152157;79411;72746;26
206;Totaal over alle leeftijden;Mannen en vrouwen;Utrecht (PV);2016;1255542;993058;108084;42692;65392;154400;80081;74319;26
207;Totaal over alle leeftijden;Mannen en vrouwen;Utrecht (PV);2017;1262213;996423;109296;43392;65904;156494;80753;75741;26
208;Totaal over alle leeftijden;Mannen en vrouwen;Utrecht (PV);2018;1269106;999667;110547;44080;66467;158892;81491;77401;26
209;Totaal over alle leeftijden;Mannen en vrouwen;Utrecht (PV);2019;1276329;1003387;112036;44893;67143;160906;81983;78923;26
210;Totaal over alle leeftijden;Mannen en vrouwen;Utrecht (PV);2020;1283219;1006842;113403;45613;67790;162974;82687;80287;26
211;Totaal over alle leeftijden;Mannen en vrouwen;Utrecht (PV);2021;1289860;1009831;114969;46541;68428;165060;83524;81536;26
212;Totaal over alle leeftijden;Mannen en vrouwen;Utrecht (PV);2022;1296316;1012796;116329;47313;69016;167191;84164;83027;26
213;Totaal over alle leeftijden;Mannen en vrouwen;Utrecht (PV);2023;1302667;1015590;117545;47980;69565;169532;85091;84441;26
214;Totaal over alle leeftijden;Mannen en vrouwen;Utrecht (PV);2024;1309268;1018732;118948;48796;70152;171588;85979;85609;26
215;Totaal over alle leeftijden;Mannen en vrouwen;Utrecht (PV);2025;1316171;1021986;120508;49784;70724;173677;86695;86982;26
216;Totaal over alle leeftijden;Mannen en vrouwen;Noord-Holland (PV);2008;2627137;1926713;280257;129042;151215;420167;242598;177569;27
217;Totaal over alle leeftijden;Mannen en vrouwen;Noord-Holland (PV);2009;2638226;1930442;284394;131825;152569;423390;241562;181828;27
218;Totaal over alle leeftijden;Mannen en vrouwen;Noord-Holland (PV);2010;2649920;1934233;288858;135143;153715;426829;240911;185918;27
219;Totaal over alle leeftijden;Mannen en vrouwen;Noord-Holland (PV);2011;2661704;1937515;293856;138730;155126;430333;240439;189894;27
220;Totaal over alle leeftijden;Mannen en vrouwen;Noord-Holland (PV);2012;2673196;1940219;298942;142388;156554;434035;240076;193959;27
221;Totaal over alle leeftijden;Mannen en vrouwen;Noord-Holland (PV);2013;2685070;1943565;303886;146019;157867;437619;239716;197903;27
222;Totaal over alle leeftijden;Mannen en vrouwen;Noord-Holland (PV);2014;2696908;1946942;308846;149571;159275;441120;239466;201654;27
223;Totaal over alle leeftijden;Mannen en vrouwen;Noord-Holland (PV);2015;2708076;1949521;313833;153050;160783;444722;239243;205479;27
224;Totaal over alle leeftijden;Mannen en vrouwen;Noord-Holland (PV);2016;2718480;1952093;318680;156379;162301;447707;238807;208900;27
225;Totaal over alle leeftijden;Mannen en vrouwen;Noord-Holland (PV);2017;2728785;1954444;323250;159569;163681;451091;238544;212547;27
226;Totaal over alle leeftijden;Mannen en vrouwen;Noord-Holland (PV);2018;2739212;1956645;328317;162836;165481;454250;238443;215807;27
227;Totaal over alle leeftijden;Mannen en vrouwen;Noord-Holland (PV);2019;2749324;1958882;333014;165969;167045;457428;238387;219041;27
228;Totaal over alle leeftijden;Mannen en vrouwen;Noord-Holland (PV);2020;2759372;1960952;337791;169034;168757;460629;238486;222143;27
229;Totaal over alle leeftijden;Mannen en vrouwen;Noord-Holland (PV);2021;2769225;1963221;342512;172294;170218;463492;238446;225046;27
230;Totaal over alle leeftijden;Mannen en vrouwen;Noord-Holland (PV);2022;2778722;1964842;347191;175360;171831;466689;238624;228065;27
231;Totaal over alle leeftijden;Mannen en vrouwen;Noord-Holland (PV);2023;2787990;1966323;352080;178591;173489;469587;238720;230867;27
232;Totaal over alle leeftijden;Mannen en vrouwen;Noord-Holland (PV);2024;2797129;1967598;356816;181609;175207;472715;238952;233763;27
233;Totaal over alle leeftijden;Mannen en vrouwen;Noord-Holland (PV);2025;2805352;1968245;361364;184442;176922;475743;239066;236677;27
234;Totaal over alle leeftijden;Mannen en vrouwen;Zuid-Holland (PV);2008;3459224;2550809;321819;149122;172697;586596;339916;246680;28
235;Totaal over alle leeftijden;Mannen en vrouwen;Zuid-Holland (PV);2009;3462578;2548652;325850;151602;174248;588076;335794;252282;28
236;Totaal over alle leeftijden;Mannen en vrouwen;Zuid-Holland (PV);2010;3467483;2546910;330303;154472;175831;590270;332596;257674;28
237;Totaal over alle leeftijden;Mannen en vrouwen;Zuid-Holland (PV);2011;3473665;2545763;335190;157673;177517;592712;329678;263034;28
238;Totaal over alle leeftijden;Mannen en vrouwen;Zuid-Holland (PV);2012;3480268;2544854;340104;160929;179175;595310;326957;268353;28
239;Totaal over alle leeftijden;Mannen en vrouwen;Zuid-Holland (PV);2013;3487387;2544160;345466;164296;181170;597761;324875;272886;28
240;Totaal over alle leeftijden;Mannen en vrouwen;Zuid-Holland (PV);2014;3493899;2543060;350895;167604;183291;599944;322725;277219;28
241;Totaal over alle leeftijden;Mannen en vrouwen;Zuid-Holland (PV);2015;3500638;2542597;356121;170885;185236;601920;320647;281273;28
242;Totaal over alle leeftijden;Mannen en vrouwen;Zuid-Holland (PV);2016;3507455;2541824;361558;174189;187369;604073;318928;285145;28
243;Totaal over alle leeftijden;Mannen en vrouwen;Zuid-Holland (PV);2017;3514730;2541315;367027;177461;189566;606388;317465;288923;28
244;Totaal over alle leeftijden;Mannen en vrouwen;Zuid-Holland (PV);2018;3521426;2540282;372747;180816;191931;608397;316039;292358;28
245;Totaal over alle leeftijden;Mannen en vrouwen;Zuid-Holland (PV);2019;3527650;2539123;378028;183961;194067;610499;314957;295542;28
246;Totaal over alle leeftijden;Mannen en vrouwen;Zuid-Holland (PV);2020;3534468;2538232;383499;187246;196253;612737;313866;298871;28
247;Totaal over alle leeftijden;Mannen en vrouwen;Zuid-Holland (PV);2021;3540941;2536795;389074;190347;198727;615072;313221;301851;28
248;Totaal over alle leeftijden;Mannen en vrouwen;Zuid-Holland (PV);2022;3547089;2535094;394750;193612;201138;617245;312474;304771;28
249;Totaal over alle leeftijden;Mannen en vrouwen;Zuid-Holland (PV);2023;3553161;2533185;400432;196849;203583;619544;311781;307763;28
250;Totaal over alle leeftijden;Mannen en vrouwen;Zuid-Holland (PV);2024;3558927;2530914;406206;200185;206021;621807;311279;310528;28
251;Totaal over alle leeftijden;Mannen en vrouwen;Zuid-Holland (PV);2025;3563931;2527934;412030;203513;208517;623967;310819;313148;28
252;Totaal over alle leeftijden;Mannen en vrouwen;Zeeland (PV);2008;381399;322087;39896;18265;21631;19416;10995;8421;29
253;Totaal over alle leeftijden;Mannen en vrouwen;Zeeland (PV);2009;382139;321589;40236;18404;21832;20314;11336;8978;29
254;Totaal over alle leeftijden;Mannen en vrouwen;Zeeland (PV);2010;382863;320978;40612;18596;22016;21273;11718;9555;29
255;Totaal over alle leeftijden;Mannen en vrouwen;Zeeland (PV);2011;383573;320415;40975;18782;22193;22183;12029;10154;29
256;Totaal over alle leeftijden;Mannen en vrouwen;Zeeland (PV);2012;384612;320119;41432;19030;22402;23061;12360;10701;29
257;Totaal over alle leeftijden;Mannen en vrouwen;Zeeland (PV);2013;385224;319330;41862;19273;22589;24032;12747;11285;29
258;Totaal over alle leeftijden;Mannen en vrouwen;Zeeland (PV);2014;386094;318991;42255;19501;22754;24848;13041;11807;29
259;Totaal over alle leeftijden;Mannen en vrouwen;Zeeland (PV);2015;386989;318561;42696;19769;22927;25732;13409;12323;29
260;Totaal over alle leeftijden;Mannen en vrouwen;Zeeland (PV);2016;387948;318166;43170;20009;23161;26612;13750;12862;29
261;Totaal over alle leeftijden;Mannen en vrouwen;Zeeland (PV);2017;388799;317744;43596;20177;23419;27459;14180;13279;29
262;Totaal over alle leeftijden;Mannen en vrouwen;Zeeland (PV);2018;389621;317310;44007;20340;23667;28304;14504;13800;29
263;Totaal over alle leeftijden;Mannen en vrouwen;Zeeland (PV);2019;390509;316983;44396;20543;23853;29130;14831;14299;29
264;Totaal over alle leeftijden;Mannen en vrouwen;Zeeland (PV);2020;390949;316368;44722;20716;24006;29859;15133;14726;29
265;Totaal over alle leeftijden;Mannen en vrouwen;Zeeland (PV);2021;391523;315854;45026;20893;24133;30643;15423;15220;29
266;Totaal over alle leeftijden;Mannen en vrouwen;Zeeland (PV);2022;392224;315407;45308;21025;24283;31509;15783;15726;29
267;Totaal over alle leeftijden;Mannen en vrouwen;Zeeland (PV);2023;392717;314809;45638;21209;24429;32270;16117;16153;29
268;Totaal over alle leeftijden;Mannen en vrouwen;Zeeland (PV);2024;393218;314287;45940;21335;24605;32991;16417;16574;29
269;Totaal over alle leeftijden;Mannen en vrouwen;Zeeland (PV);2025;393903;313824;46282;21490;24792;33797;16790;17007;29
270;Totaal over alle leeftijden;Mannen en vrouwen;Noord-Brabant (PV);2008;2417378;2043957;189128;72181;116947;184293;105344;78949;30
271;Totaal over alle leeftijden;Mannen en vrouwen;Noord-Brabant (PV);2009;2417471;2039252;189898;72888;117010;188321;106940;81381;30
272;Totaal over alle leeftijden;Mannen en vrouwen;Noord-Brabant (PV);2010;2417980;2034525;190796;73799;116997;192659;108640;84019;30
273;Totaal over alle leeftijden;Mannen en vrouwen;Noord-Brabant (PV);2011;2418803;2029956;191917;74856;117061;196930;110139;86791;30
274;Totaal over alle leeftijden;Mannen en vrouwen;Noord-Brabant (PV);2012;2420177;2025528;193511;76019;117492;201138;111641;89497;30
275;Totaal over alle leeftijden;Mannen en vrouwen;Noord-Brabant (PV);2013;2421570;2021440;194826;77058;117768;205304;113127;92177;30
276;Totaal over alle leeftijden;Mannen en vrouwen;Noord-Brabant (PV);2014;2423330;2017534;196120;78229;117891;209676;114844;94832;30
277;Totaal over alle leeftijden;Mannen en vrouwen;Noord-Brabant (PV);2015;2424827;2013605;197546;79372;118174;213676;116427;97249;30
278;Totaal over alle leeftijden;Mannen en vrouwen;Noord-Brabant (PV);2016;2426741;2009842;198860;80449;118411;218039;118128;99911;30
279;Totaal over alle leeftijden;Mannen en vrouwen;Noord-Brabant (PV);2017;2428056;2005514;200377;81535;118842;222165;119742;102423;30
280;Totaal over alle leeftijden;Mannen en vrouwen;Noord-Brabant (PV);2018;2429905;2001816;201709;82701;119008;226380;121528;104852;30
281;Totaal over alle leeftijden;Mannen en vrouwen;Noord-Brabant (PV);2019;2431558;1997778;203157;83799;119358;230623;123306;107317;30
282;Totaal over alle leeftijden;Mannen en vrouwen;Noord-Brabant (PV);2020;2433532;1994355;204728;85061;119667;234449;124941;109508;30
283;Totaal over alle leeftijden;Mannen en vrouwen;Noord-Brabant (PV);2021;2435779;1991209;206108;86152;119956;238462;126625;111837;30
284;Totaal over alle leeftijden;Mannen en vrouwen;Noord-Brabant (PV);2022;2438184;1988160;207493;87300;120193;242531;128340;114191;30
285;Totaal over alle leeftijden;Mannen en vrouwen;Noord-Brabant (PV);2023;2440095;1984550;208985;88392;120593;246560;130237;116323;30
286;Totaal over alle leeftijden;Mannen en vrouwen;Noord-Brabant (PV);2024;2441305;1980457;210294;89496;120798;250554;131975;118579;30
287;Totaal over alle leeftijden;Mannen en vrouwen;Noord-Brabant (PV);2025;2443103;1976660;211833;90736;121097;254610;133816;120794;30
288;Totaal over alle leeftijden;Mannen en vrouwen;Limburg (PV);2008;1122008;901741;157526;56207;101319;62741;36916;25825;31
289;Totaal over alle leeftijden;Mannen en vrouwen;Limburg (PV);2009;1117369;897290;155412;55749;99663;64667;37663;27004;31
290;Totaal over alle leeftijden;Mannen en vrouwen;Limburg (PV);2010;1112652;892945;153298;55251;98047;66409;38309;28100;31
291;Totaal over alle leeftijden;Mannen en vrouwen;Limburg (PV);2011;1108311;888642;151506;55096;96410;68163;38926;29237;31
292;Totaal over alle leeftijden;Mannen en vrouwen;Limburg (PV);2012;1104309;884567;149768;54985;94783;69974;39492;30482;31
293;Totaal over alle leeftijden;Mannen en vrouwen;Limburg (PV);2013;1100428;880584;148150;54957;93193;71694;40056;31638;31
294;Totaal over alle leeftijden;Mannen en vrouwen;Limburg (PV);2014;1096810;876670;146580;54835;91745;73560;40747;32813;31
295;Totaal over alle leeftijden;Mannen en vrouwen;Limburg (PV);2015;1093217;872841;144987;54653;90334;75389;41461;33928;31
296;Totaal over alle leeftijden;Mannen en vrouwen;Limburg (PV);2016;1089573;869059;143411;54477;88934;77103;42291;34812;31
297;Totaal over alle leeftijden;Mannen en vrouwen;Limburg (PV);2017;1086409;865949;141835;54424;87411;78625;42748;35877;31
298;Totaal over alle leeftijden;Mannen en vrouwen;Limburg (PV);2018;1082936;862483;140266;54303;85963;80187;43407;36780;31
299;Totaal over alle leeftijden;Mannen en vrouwen;Limburg (PV);2019;1079840;859293;138882;54176;84706;81665;44017;37648;31
300;Totaal over alle leeftijden;Mannen en vrouwen;Limburg (PV);2020;1076637;855900;137362;54037;83325;83375;44751;38624;31
301;Totaal over alle leeftijden;Mannen en vrouwen;Limburg (PV);2021;1073433;852379;136097;53861;82236;84957;45441;39516;31
302;Totaal over alle leeftijden;Mannen en vrouwen;Limburg (PV);2022;1070062;848960;134794;53732;81062;86308;45992;40316;31
303;Totaal over alle leeftijden;Mannen en vrouwen;Limburg (PV);2023;1067058;845560;133662;53732;79930;87836;46548;41288;31
304;Totaal over alle leeftijden;Mannen en vrouwen;Limburg (PV);2024;1064094;842172;132652;53673;78979;89270;47202;42068;31
305;Totaal over alle leeftijden;Mannen en vrouwen;Limburg (PV);2025;1061207;838938;131653;53629;78024;90616;47804;42812;31
306;Totaal over alle leeftijden;Mannen en vrouwen;Oost-Groningen (CR);2008;151905;136907;9170;3709;5461;5828;3680;2148;1
307;Totaal over alle leeftijden;Mannen en vrouwen;Oost-Groningen (CR);2009;150873;135785;9062;3632;5430;6026;3710;2316;1
308;Totaal over alle leeftijden;Mannen en vrouwen;Oost-Groningen (CR);2010;149992;134753;8990;3592;5398;6249;3771;2478;1
309;Totaal over alle leeftijden;Mannen en vrouwen;Oost-Groningen (CR);2011;149180;133752;8934;3549;5385;6494;3880;2614;1
310;Totaal over alle leeftijden;Mannen en vrouwen;Oost-Groningen (CR);2012;148392;132912;8819;3508;5311;6661;3929;2732;1
311;Totaal over alle leeftijden;Mannen en vrouwen;Oost-Groningen (CR);2013;147715;132023;8813;3483;5330;6879;4006;2873;1
312;Totaal over alle leeftijden;Mannen en vrouwen;Oost-Groningen (CR);2014;146915;131004;8816;3458;5358;7095;4071;3024;1
313;Totaal over alle leeftijden;Mannen en vrouwen;Oost-Groningen (CR);2015;146066;129955;8744;3443;5301;7367;4192;3175;1
314;Totaal over alle leeftijden;Mannen en vrouwen;Oost-Groningen (CR);2016;145321;128971;8744;3450;5294;7606;4292;3314;1
315;Totaal over alle leeftijden;Mannen en vrouwen;Oost-Groningen (CR);2017;144690;128157;8720;3462;5258;7813;4344;3469;1
316;Totaal over alle leeftijden;Mannen en vrouwen;Oost-Groningen (CR);2018;143840;127232;8651;3409;5242;7957;4383;3574;1
317;Totaal over alle leeftijden;Mannen en vrouwen;Oost-Groningen (CR);2019;143054;126251;8625;3397;5228;8178;4471;3707;1
318;Totaal over alle leeftijden;Mannen en vrouwen;Oost-Groningen (CR);2020;142467;125501;8607;3384;5223;8359;4529;3830;1
319;Totaal over alle leeftijden;Mannen en vrouwen;Oost-Groningen (CR);2021;141663;124601;8583;3361;5222;8479;4596;3883;1
320;Totaal over alle leeftijden;Mannen en vrouwen;Oost-Groningen (CR);2022;141010;123777;8545;3367;5178;8688;4718;3970;1
321;Totaal over alle leeftijden;Mannen en vrouwen;Oost-Groningen (CR);2023;140275;122851;8550;3391;5159;8874;4810;4064;1
322;Totaal over alle leeftijden;Mannen en vrouwen;Oost-Groningen (CR);2024;139623;121954;8613;3433;5180;9056;4912;4144;1
323;Totaal over alle leeftijden;Mannen en vrouwen;Oost-Groningen (CR);2025;138854;121041;8587;3457;5130;9226;5015;4211;1
324;Totaal over alle leeftijden;Mannen en vrouwen;Delfzijl en omgeving (CR);2008;49739;43071;3552;1464;2088;3116;1933;1183;2
325;Totaal over alle leeftijden;Mannen en vrouwen;Delfzijl en omgeving (CR);2009;49121;42477;3514;1433;2081;3130;1927;1203;2
326;Totaal over alle leeftijden;Mannen en vrouwen;Delfzijl en omgeving (CR);2010;48494;41859;3487;1418;2069;3148;1935;1213;2
327;Totaal over alle leeftijden;Mannen en vrouwen;Delfzijl en omgeving (CR);2011;47876;41223;3491;1429;2062;3162;1933;1229;2
328;Totaal over alle leeftijden;Mannen en vrouwen;Delfzijl en omgeving (CR);2012;47365;40680;3463;1417;2046;3222;1979;1243;2
329;Totaal over alle leeftijden;Mannen en vrouwen;Delfzijl en omgeving (CR);2013;46760;40093;3405;1380;2025;3262;1969;1293;2
330;Totaal over alle leeftijden;Mannen en vrouwen;Delfzijl en omgeving (CR);2014;46320;39610;3400;1390;2010;3310;1968;1342;2
331;Totaal over alle leeftijden;Mannen en vrouwen;Delfzijl en omgeving (CR);2015;45788;39079;3379;1382;1997;3330;1979;1351;2
332;Totaal over alle leeftijden;Mannen en vrouwen;Delfzijl en omgeving (CR);2016;45296;38537;3357;1371;1986;3402;2008;1394;2
333;Totaal over alle leeftijden;Mannen en vrouwen;Delfzijl en omgeving (CR);2017;44748;37962;3325;1352;1973;3461;2034;1427;2
334;Totaal over alle leeftijden;Mannen en vrouwen;Delfzijl en omgeving (CR);2018;44290;37471;3331;1363;1968;3488;2044;1444;2
335;Totaal over alle leeftijden;Mannen en vrouwen;Delfzijl en omgeving (CR);2019;43822;36993;3302;1340;1962;3527;2071;1456;2
336;Totaal over alle leeftijden;Mannen en vrouwen;Delfzijl en omgeving (CR);2020;43329;36466;3283;1329;1954;3580;2094;1486;2
337;Totaal over alle leeftijden;Mannen en vrouwen;Delfzijl en omgeving (CR);2021;42805;35883;3271;1323;1948;3651;2104;1547;2
338;Totaal over alle leeftijden;Mannen en vrouwen;Delfzijl en omgeving (CR);2022;42389;35473;3221;1318;1903;3695;2123;1572;2
339;Totaal over alle leeftijden;Mannen en vrouwen;Delfzijl en omgeving (CR);2023;41918;35011;3184;1301;1883;3723;2137;1586;2
340;Totaal over alle leeftijden;Mannen en vrouwen;Delfzijl en omgeving (CR);2024;41545;34638;3174;1293;1881;3733;2135;1598;2
341;Totaal over alle leeftijden;Mannen en vrouwen;Delfzijl en omgeving (CR);2025;41079;34216;3127;1272;1855;3736;2146;1590;2
342;Totaal over alle leeftijden;Mannen en vrouwen;Overig Groningen (CR);2008;370059;319968;26191;10831;15360;23900;14524;9376;3
343;Totaal over alle leeftijden;Mannen en vrouwen;Overig Groningen (CR);2009;371454;320680;26258;10880;15378;24516;14746;9770;3
344;Totaal over alle leeftijden;Mannen en vrouwen;Overig Groningen (CR);2010;373041;321633;26340;10927;15413;25068;14951;10117;3
345;Totaal over alle leeftijden;Mannen en vrouwen;Overig Groningen (CR);2011;375055;322895;26516;11009;15507;25644;15106;10538;3
346;Totaal over alle leeftijden;Mannen en vrouwen;Overig Groningen (CR);2012;377331;324398;26714;11103;15611;26219;15329;10890;3
347;Totaal over alle leeftijden;Mannen en vrouwen;Overig Groningen (CR);2013;379595;325966;26841;11152;15689;26788;15547;11241;3
348;Totaal over alle leeftijden;Mannen en vrouwen;Overig Groningen (CR);2014;382020;327676;26976;11190;15786;27368;15785;11583;3
349;Totaal over alle leeftijden;Mannen en vrouwen;Overig Groningen (CR);2015;384744;329614;27196;11345;15851;27934;15975;11959;3
350;Totaal over alle leeftijden;Mannen en vrouwen;Overig Groningen (CR);2016;387330;331357;27353;11444;15909;28620;16252;12368;3
351;Totaal over alle leeftijden;Mannen en vrouwen;Overig Groningen (CR);2017;389494;332800;27546;11511;16035;29148;16511;12637;3
352;Totaal over alle leeftijden;Mannen en vrouwen;Overig Groningen (CR);2018;392040;334570;27643;11543;16100;29827;16763;13064;3
353;Totaal over alle leeftijden;Mannen en vrouwen;Overig Groningen (CR);2019;394463;336295;27772;11611;16161;30396;17050;13346;3
354;Totaal over alle leeftijden;Mannen en vrouwen;Overig Groningen (CR);2020;396957;338016;27927;11670;16257;31014;17243;13771;3
355;Totaal over alle leeftijden;Mannen en vrouwen;Overig Groningen (CR);2021;399439;339643;28146;11828;16318;31650;17484;14166;3
356;Totaal over alle leeftijden;Mannen en vrouwen;Overig Groningen (CR);2022;401600;340871;28405;11954;16451;32324;17755;14569;3
357;Totaal over alle leeftijden;Mannen en vrouwen;Overig Groningen (CR);2023;403889;342450;28527;12017;16510;32912;17996;14916;3
358;Totaal over alle leeftijden;Mannen en vrouwen;Overig Groningen (CR);2024;405894;343702;28665;12087;16578;33527;18187;15340;3
359;Totaal over alle leeftijden;Mannen en vrouwen;Overig Groningen (CR);2025;407773;344757;28827;12178;16649;34189;18453;15736;3
360;Totaal over alle leeftijden;Mannen en vrouwen;Noord-Friesland (CR);2008;332781;302889;15559;5737;9822;14333;8980;5353;4
361;Totaal over alle leeftijden;Mannen en vrouwen;Noord-Friesland (CR);2009;333208;302666;15647;5729;9918;14895;9144;5751;4
362;Totaal over alle leeftijden;Mannen en vrouwen;Noord-Friesland (CR);2010;333420;302118;15815;5819;9996;15487;9356;6131;4
363;Totaal over alle leeftijden;Mannen en vrouwen;Noord-Friesland (CR);2011;333749;301724;15893;5815;10078;16132;9593;6539;4
364;Totaal over alle leeftijden;Mannen en vrouwen;Noord-Friesland (CR);2012;333916;301335;15934;5789;10145;16647;9814;6833;4
365;Totaal over alle leeftijden;Mannen en vrouwen;Noord-Friesland (CR);2013;334019;300714;16093;5884;10209;17212;10023;7189;4
366;Totaal over alle leeftijden;Mannen en vrouwen;Noord-Friesland (CR);2014;334045;300093;16270;5922;10348;17682;10166;7516;4
367;Totaal over alle leeftijden;Mannen en vrouwen;Noord-Friesland (CR);2015;334289;299672;16372;5963;10409;18245;10377;7868;4
368;Totaal over alle leeftijden;Mannen en vrouwen;Noord-Friesland (CR);2016;334581;299348;16469;5983;10486;18764;10576;8188;4
369;Totaal over alle leeftijden;Mannen en vrouwen;Noord-Friesland (CR);2017;334613;298694;16599;6010;10589;19320;10832;8488;4
370;Totaal over alle leeftijden;Mannen en vrouwen;Noord-Friesland (CR);2018;334719;298166;16676;6039;10637;19877;11013;8864;4
371;Totaal over alle leeftijden;Mannen en vrouwen;Noord-Friesland (CR);2019;335010;297830;16754;6047;10707;20426;11234;9192;4
372;Totaal over alle leeftijden;Mannen en vrouwen;Noord-Friesland (CR);2020;335066;297217;16841;6129;10712;21008;11454;9554;4
373;Totaal over alle leeftijden;Mannen en vrouwen;Noord-Friesland (CR);2021;335177;296721;17022;6177;10845;21434;11611;9823;4
374;Totaal over alle leeftijden;Mannen en vrouwen;Noord-Friesland (CR);2022;335346;296386;17027;6180;10847;21933;11736;10197;4
375;Totaal over alle leeftijden;Mannen en vrouwen;Noord-Friesland (CR);2023;335590;296060;17060;6195;10865;22470;11888;10582;4
376;Totaal over alle leeftijden;Mannen en vrouwen;Noord-Friesland (CR);2024;335674;295661;17013;6220;10793;23000;12118;10882;4
377;Totaal over alle leeftijden;Mannen en vrouwen;Noord-Friesland (CR);2025;335751;295113;17156;6300;10856;23482;12282;11200;4
378;Totaal over alle leeftijden;Mannen en vrouwen;Zuidwest-Friesland (CR);2008;105678;97300;5297;1832;3465;3081;1723;1358;5
379;Totaal over alle leeftijden;Mannen en vrouwen;Zuidwest-Friesland (CR);2009;106062;97505;5268;1824;3444;3289;1804;1485;5
380;Totaal over alle leeftijden;Mannen en vrouwen;Zuidwest-Friesland (CR);2010;105993;97267;5270;1794;3476;3456;1912;1544;5
381;Totaal over alle leeftijden;Mannen en vrouwen;Zuidwest-Friesland (CR);2011;105927;97024;5301;1791;3510;3602;1992;1610;5
382;Totaal over alle leeftijden;Mannen en vrouwen;Zuidwest-Friesland (CR);2012;105817;96755;5323;1791;3532;3739;2052;1687;5
383;Totaal over alle leeftijden;Mannen en vrouwen;Zuidwest-Friesland (CR);2013;105702;96434;5327;1769;3558;3941;2154;1787;5
384;Totaal over alle leeftijden;Mannen en vrouwen;Zuidwest-Friesland (CR);2014;105595;96171;5334;1776;3558;4090;2230;1860;5
385;Totaal over alle leeftijden;Mannen en vrouwen;Zuidwest-Friesland (CR);2015;105526;95883;5346;1779;3567;4297;2316;1981;5
386;Totaal over alle leeftijden;Mannen en vrouwen;Zuidwest-Friesland (CR);2016;105324;95471;5385;1793;3592;4468;2395;2073;5
387;Totaal over alle leeftijden;Mannen en vrouwen;Zuidwest-Friesland (CR);2017;105267;95211;5394;1787;3607;4662;2474;2188;5
388;Totaal over alle leeftijden;Mannen en vrouwen;Zuidwest-Friesland (CR);2018;105023;94799;5421;1792;3629;4803;2551;2252;5
389;Totaal over alle leeftijden;Mannen en vrouwen;Zuidwest-Friesland (CR);2019;104801;94380;5427;1785;3642;4994;2619;2375;5
390;Totaal over alle leeftijden;Mannen en vrouwen;Zuidwest-Friesland (CR);2020;104684;94074;5445;1804;3641;5165;2698;2467;5
391;Totaal over alle leeftijden;Mannen en vrouwen;Zuidwest-Friesland (CR);2021;104640;93833;5514;1823;3691;5293;2734;2559;5
392;Totaal over alle leeftijden;Mannen en vrouwen;Zuidwest-Friesland (CR);2022;104490;93501;5566;1855;3711;5423;2786;2637;5
393;Totaal over alle leeftijden;Mannen en vrouwen;Zuidwest-Friesland (CR);2023;104175;93060;5544;1859;3685;5571;2864;2707;5
394;Totaal over alle leeftijden;Mannen en vrouwen;Zuidwest-Friesland (CR);2024;103982;92755;5547;1881;3666;5680;2897;2783;5
395;Totaal over alle leeftijden;Mannen en vrouwen;Zuidwest-Friesland (CR);2025;103876;92425;5581;1884;3697;5870;3006;2864;5
396;Totaal over alle leeftijden;Mannen en vrouwen;Zuidoost-Friesland (CR);2008;205704;189205;9428;3383;6045;7071;4223;2848;6
397;Totaal over alle leeftijden;Mannen en vrouwen;Zuidoost-Friesland (CR);2009;205661;188821;9513;3395;6118;7327;4324;3003;6
398;Totaal over alle leeftijden;Mannen en vrouwen;Zuidoost-Friesland (CR);2010;205650;188425;9599;3403;6196;7626;4451;3175;6
399;Totaal over alle leeftijden;Mannen en vrouwen;Zuidoost-Friesland (CR);2011;205537;187967;9605;3377;6228;7965;4651;3314;6
400;Totaal over alle leeftijden;Mannen en vrouwen;Zuidoost-Friesland (CR);2012;205317;187410;9628;3398;6230;8279;4781;3498;6
401;Totaal over alle leeftijden;Mannen en vrouwen;Zuidoost-Friesland (CR);2013;205234;187026;9699;3400;6299;8509;4849;3660;6
402;Totaal over alle leeftijden;Mannen en vrouwen;Zuidoost-Friesland (CR);2014;205139;186629;9725;3401;6324;8785;4986;3799;6
403;Totaal over alle leeftijden;Mannen en vrouwen;Zuidoost-Friesland (CR);2015;204966;186026;9816;3397;6419;9124;5130;3994;6
404;Totaal over alle leeftijden;Mannen en vrouwen;Zuidoost-Friesland (CR);2016;204649;185416;9908;3469;6439;9325;5200;4125;6
405;Totaal over alle leeftijden;Mannen en vrouwen;Zuidoost-Friesland (CR);2017;204616;185030;9972;3489;6483;9614;5343;4271;6
406;Totaal over alle leeftijden;Mannen en vrouwen;Zuidoost-Friesland (CR);2018;204591;184708;9994;3500;6494;9889;5421;4468;6
407;Totaal over alle leeftijden;Mannen en vrouwen;Zuidoost-Friesland (CR);2019;204530;184286;10090;3575;6515;10154;5546;4608;6
408;Totaal over alle leeftijden;Mannen en vrouwen;Zuidoost-Friesland (CR);2020;204526;183895;10164;3619;6545;10467;5681;4786;6
409;Totaal over alle leeftijden;Mannen en vrouwen;Zuidoost-Friesland (CR);2021;204452;183477;10180;3630;6550;10795;5837;4958;6
410;Totaal over alle leeftijden;Mannen en vrouwen;Zuidoost-Friesland (CR);2022;204566;183184;10296;3664;6632;11086;6006;5080;6
411;Totaal over alle leeftijden;Mannen en vrouwen;Zuidoost-Friesland (CR);2023;204717;182924;10393;3733;6660;11400;6158;5242;6
412;Totaal over alle leeftijden;Mannen en vrouwen;Zuidoost-Friesland (CR);2024;204843;182630;10523;3811;6712;11690;6286;5404;6
413;Totaal over alle leeftijden;Mannen en vrouwen;Zuidoost-Friesland (CR);2025;204957;182417;10563;3852;6711;11977;6386;5591;6
414;Totaal over alle leeftijden;Mannen en vrouwen;Noord-Drenthe (CR);2008;186659;169620;10624;3992;6632;6415;3730;2685;7
415;Totaal over alle leeftijden;Mannen en vrouwen;Noord-Drenthe (CR);2009;186918;169502;10589;3915;6674;6827;3903;2924;7
416;Totaal over alle leeftijden;Mannen en vrouwen;Noord-Drenthe (CR);2010;187428;169531;10656;3991;6665;7241;4062;3179;7
417;Totaal over alle leeftijden;Mannen en vrouwen;Noord-Drenthe (CR);2011;187338;169140;10610;3971;6639;7588;4223;3365;7
418;Totaal over alle leeftijden;Mannen en vrouwen;Noord-Drenthe (CR);2012;187518;168890;10717;4012;6705;7911;4341;3570;7
419;Totaal over alle leeftijden;Mannen en vrouwen;Noord-Drenthe (CR);2013;187697;168674;10777;4046;6731;8246;4457;3789;7
420;Totaal over alle leeftijden;Mannen en vrouwen;Noord-Drenthe (CR);2014;187825;168422;10791;4055;6736;8612;4611;4001;7
421;Totaal over alle leeftijden;Mannen en vrouwen;Noord-Drenthe (CR);2015;187733;167951;10843;4077;6766;8939;4776;4163;7
422;Totaal over alle leeftijden;Mannen en vrouwen;Noord-Drenthe (CR);2016;187821;167683;10808;4016;6792;9330;4929;4401;7
423;Totaal over alle leeftijden;Mannen en vrouwen;Noord-Drenthe (CR);2017;188007;167486;10838;4078;6760;9683;5037;4646;7
424;Totaal over alle leeftijden;Mannen en vrouwen;Noord-Drenthe (CR);2018;188102;167298;10807;4068;6739;9997;5183;4814;7
425;Totaal over alle leeftijden;Mannen en vrouwen;Noord-Drenthe (CR);2019;188267;167058;10858;4110;6748;10351;5372;4979;7
426;Totaal over alle leeftijden;Mannen en vrouwen;Noord-Drenthe (CR);2020;188488;166937;10908;4153;6755;10643;5488;5155;7
427;Totaal over alle leeftijden;Mannen en vrouwen;Noord-Drenthe (CR);2021;188751;166823;10906;4192;6714;11022;5637;5385;7
428;Totaal over alle leeftijden;Mannen en vrouwen;Noord-Drenthe (CR);2022;188890;166615;10913;4197;6716;11362;5796;5566;7
429;Totaal over alle leeftijden;Mannen en vrouwen;Noord-Drenthe (CR);2023;189110;166385;10974;4222;6752;11751;5984;5767;7
430;Totaal over alle leeftijden;Mannen en vrouwen;Noord-Drenthe (CR);2024;189219;166064;11059;4257;6802;12096;6082;6014;7
431;Totaal over alle leeftijden;Mannen en vrouwen;Noord-Drenthe (CR);2025;189421;165934;11049;4303;6746;12438;6223;6215;7
432;Totaal over alle leeftijden;Mannen en vrouwen;Zuidoost-Drenthe (CR);2008;171206;155039;10194;3639;6555;5973;3562;2411;8
433;Totaal over alle leeftijden;Mannen en vrouwen;Zuidoost-Drenthe (CR);2009;171595;154890;10276;3661;6615;6429;3771;2658;8
434;Totaal over alle leeftijden;Mannen en vrouwen;Zuidoost-Drenthe (CR);2010;171866;154675;10350;3681;6669;6841;3938;2903;8
435;Totaal over alle leeftijden;Mannen en vrouwen;Zuidoost-Drenthe (CR);2011;172261;154617;10405;3667;6738;7239;4103;3136;8
436;Totaal over alle leeftijden;Mannen en vrouwen;Zuidoost-Drenthe (CR);2012;172365;154235;10448;3682;6766;7682;4303;3379;8
437;Totaal over alle leeftijden;Mannen en vrouwen;Zuidoost-Drenthe (CR);2013;172475;153883;10492;3671;6821;8100;4517;3583;8
438;Totaal over alle leeftijden;Mannen en vrouwen;Zuidoost-Drenthe (CR);2014;172539;153516;10522;3668;6854;8501;4699;3802;8
439;Totaal over alle leeftijden;Mannen en vrouwen;Zuidoost-Drenthe (CR);2015;172695;153250;10573;3682;6891;8872;4879;3993;8
440;Totaal over alle leeftijden;Mannen en vrouwen;Zuidoost-Drenthe (CR);2016;172949;153043;10652;3728;6924;9254;5027;4227;8
441;Totaal over alle leeftijden;Mannen en vrouwen;Zuidoost-Drenthe (CR);2017;173232;152798;10777;3777;7000;9657;5215;4442;8
442;Totaal over alle leeftijden;Mannen en vrouwen;Zuidoost-Drenthe (CR);2018;173464;152596;10802;3796;7006;10066;5394;4672;8
443;Totaal over alle leeftijden;Mannen en vrouwen;Zuidoost-Drenthe (CR);2019;173676;152273;10872;3828;7044;10531;5565;4966;8
444;Totaal over alle leeftijden;Mannen en vrouwen;Zuidoost-Drenthe (CR);2020;173747;151872;10926;3878;7048;10949;5776;5173;8
445;Totaal over alle leeftijden;Mannen en vrouwen;Zuidoost-Drenthe (CR);2021;174075;151744;10962;3927;7035;11369;5906;5463;8
446;Totaal over alle leeftijden;Mannen en vrouwen;Zuidoost-Drenthe (CR);2022;174228;151385;11040;4015;7025;11803;6097;5706;8
447;Totaal over alle leeftijden;Mannen en vrouwen;Zuidoost-Drenthe (CR);2023;174622;151199;11153;4082;7071;12270;6325;5945;8
448;Totaal over alle leeftijden;Mannen en vrouwen;Zuidoost-Drenthe (CR);2024;174798;150919;11226;4140;7086;12653;6497;6156;8
449;Totaal over alle leeftijden;Mannen en vrouwen;Zuidoost-Drenthe (CR);2025;175140;150721;11336;4224;7112;13083;6680;6403;8
450;Totaal over alle leeftijden;Mannen en vrouwen;Zuidwest-Drenthe (CR);2008;127905;117523;6020;2223;3797;4362;2447;1915;9
451;Totaal over alle leeftijden;Mannen en vrouwen;Zuidwest-Drenthe (CR);2009;127880;117284;6048;2206;3842;4548;2521;2027;9
452;Totaal over alle leeftijden;Mannen en vrouwen;Zuidwest-Drenthe (CR);2010;128051;117151;6082;2205;3877;4818;2631;2187;9
453;Totaal over alle leeftijden;Mannen en vrouwen;Zuidwest-Drenthe (CR);2011;128217;117068;6079;2191;3888;5070;2753;2317;9
454;Totaal over alle leeftijden;Mannen en vrouwen;Zuidwest-Drenthe (CR);2012;128452;116994;6101;2200;3901;5357;2877;2480;9
455;Totaal over alle leeftijden;Mannen en vrouwen;Zuidwest-Drenthe (CR);2013;128690;116940;6129;2213;3916;5621;2986;2635;9
456;Totaal over alle leeftijden;Mannen en vrouwen;Zuidwest-Drenthe (CR);2014;128963;116927;6165;2218;3947;5871;3086;2785;9
457;Totaal over alle leeftijden;Mannen en vrouwen;Zuidwest-Drenthe (CR);2015;129157;116841;6220;2218;4002;6096;3164;2932;9
458;Totaal over alle leeftijden;Mannen en vrouwen;Zuidwest-Drenthe (CR);2016;129330;116746;6248;2201;4047;6336;3272;3064;9
459;Totaal over alle leeftijden;Mannen en vrouwen;Zuidwest-Drenthe (CR);2017;129550;116687;6265;2220;4045;6598;3422;3176;9
460;Totaal over alle leeftijden;Mannen en vrouwen;Zuidwest-Drenthe (CR);2018;129736;116627;6306;2247;4059;6803;3543;3260;9
461;Totaal over alle leeftijden;Mannen en vrouwen;Zuidwest-Drenthe (CR);2019;130033;116665;6300;2233;4067;7068;3619;3449;9
462;Totaal over alle leeftijden;Mannen en vrouwen;Zuidwest-Drenthe (CR);2020;130089;116415;6322;2238;4084;7352;3725;3627;9
463;Totaal over alle leeftijden;Mannen en vrouwen;Zuidwest-Drenthe (CR);2021;130379;116401;6334;2255;4079;7644;3843;3801;9
464;Totaal over alle leeftijden;Mannen en vrouwen;Zuidwest-Drenthe (CR);2022;130560;116368;6366;2307;4059;7826;3920;3906;9
465;Totaal over alle leeftijden;Mannen en vrouwen;Zuidwest-Drenthe (CR);2023;130590;116156;6432;2361;4071;8002;3974;4028;9
466;Totaal over alle leeftijden;Mannen en vrouwen;Zuidwest-Drenthe (CR);2024;130783;116148;6453;2379;4074;8182;4047;4135;9
467;Totaal over alle leeftijden;Mannen en vrouwen;Zuidwest-Drenthe (CR);2025;131170;116261;6472;2364;4108;8437;4141;4296;9
468;Totaal over alle leeftijden;Mannen en vrouwen;Noord-Overijssel (CR);2008;346936;315450;15443;5195;10248;16043;9356;6687;10
469;Totaal over alle leeftijden;Mannen en vrouwen;Noord-Overijssel (CR);2009;347855;315618;15542;5261;10281;16695;9651;7044;10
470;Totaal over alle leeftijden;Mannen en vrouwen;Noord-Overijssel (CR);2010;348719;315719;15742;5296;10446;17258;9923;7335;10
471;Totaal over alle leeftijden;Mannen en vrouwen;Noord-Overijssel (CR);2011;349598;315830;15902;5355;10547;17866;10138;7728;10
472;Totaal over alle leeftijden;Mannen en vrouwen;Noord-Overijssel (CR);2012;350171;315660;16077;5382;10695;18434;10400;8034;10
473;Totaal over alle leeftijden;Mannen en vrouwen;Noord-Overijssel (CR);2013;351228;315884;16279;5466;10813;19065;10644;8421;10
474;Totaal over alle leeftijden;Mannen en vrouwen;Noord-Overijssel (CR);2014;351987;315853;16487;5577;10910;19647;10891;8756;10
475;Totaal over alle leeftijden;Mannen en vrouwen;Noord-Overijssel (CR);2015;352965;316050;16688;5657;11031;20227;11160;9067;10
476;Totaal over alle leeftijden;Mannen en vrouwen;Noord-Overijssel (CR);2016;353965;316204;16844;5709;11135;20917;11437;9480;10
477;Totaal over alle leeftijden;Mannen en vrouwen;Noord-Overijssel (CR);2017;354690;316027;16998;5765;11233;21665;11772;9893;10
478;Totaal over alle leeftijden;Mannen en vrouwen;Noord-Overijssel (CR);2018;355454;316000;17150;5826;11324;22304;12060;10244;10
479;Totaal over alle leeftijden;Mannen en vrouwen;Noord-Overijssel (CR);2019;356463;316133;17360;5931;11429;22970;12361;10609;10
480;Totaal over alle leeftijden;Mannen en vrouwen;Noord-Overijssel (CR);2020;357230;315988;17629;6099;11530;23613;12680;10933;10
481;Totaal over alle leeftijden;Mannen en vrouwen;Noord-Overijssel (CR);2021;357665;315627;17773;6218;11555;24265;12981;11284;10
482;Totaal over alle leeftijden;Mannen en vrouwen;Noord-Overijssel (CR);2022;358424;315520;17954;6341;11613;24950;13284;11666;10
483;Totaal over alle leeftijden;Mannen en vrouwen;Noord-Overijssel (CR);2023;358971;315178;18137;6355;11782;25656;13591;12065;10
484;Totaal over alle leeftijden;Mannen en vrouwen;Noord-Overijssel (CR);2024;359262;314710;18256;6428;11828;26296;13926;12370;10
485;Totaal over alle leeftijden;Mannen en vrouwen;Noord-Overijssel (CR);2025;359689;314410;18422;6506;11916;26857;14207;12650;10
486;Totaal over alle leeftijden;Mannen en vrouwen;Zuidwest-Overijssel (CR);2008;152652;128596;10312;3978;6334;13744;8284;5460;11
487;Totaal over alle leeftijden;Mannen en vrouwen;Zuidwest-Overijssel (CR);2009;153414;129104;10451;3997;6454;13859;8290;5569;11
488;Totaal over alle leeftijden;Mannen en vrouwen;Zuidwest-Overijssel (CR);2010;154413;129757;10550;4037;6513;14106;8350;5756;11
489;Totaal over alle leeftijden;Mannen en vrouwen;Zuidwest-Overijssel (CR);2011;155021;130050;10598;4041;6557;14373;8433;5940;11
490;Totaal over alle leeftijden;Mannen en vrouwen;Zuidwest-Overijssel (CR);2012;155582;130317;10643;4046;6597;14622;8528;6094;11
491;Totaal over alle leeftijden;Mannen en vrouwen;Zuidwest-Overijssel (CR);2013;156171;130546;10728;4093;6635;14897;8651;6246;11
492;Totaal over alle leeftijden;Mannen en vrouwen;Zuidwest-Overijssel (CR);2014;156625;130716;10804;4121;6683;15105;8761;6344;11
493;Totaal over alle leeftijden;Mannen en vrouwen;Zuidwest-Overijssel (CR);2015;157120;130856;10865;4153;6712;15399;8888;6511;11
494;Totaal over alle leeftijden;Mannen en vrouwen;Zuidwest-Overijssel (CR);2016;157532;130969;10962;4190;6772;15601;8956;6645;11
495;Totaal over alle leeftijden;Mannen en vrouwen;Zuidwest-Overijssel (CR);2017;157904;131078;11023;4213;6810;15803;9042;6761;11
496;Totaal over alle leeftijden;Mannen en vrouwen;Zuidwest-Overijssel (CR);2018;158262;131212;11084;4296;6788;15966;9120;6846;11
497;Totaal over alle leeftijden;Mannen en vrouwen;Zuidwest-Overijssel (CR);2019;158545;131189;11131;4320;6811;16225;9245;6980;11
498;Totaal over alle leeftijden;Mannen en vrouwen;Zuidwest-Overijssel (CR);2020;158692;131062;11163;4344;6819;16467;9350;7117;11
499;Totaal over alle leeftijden;Mannen en vrouwen;Zuidwest-Overijssel (CR);2021;158955;130975;11248;4380;6868;16732;9464;7268;11
500;Totaal over alle leeftijden;Mannen en vrouwen;Zuidwest-Overijssel (CR);2022;159086;130890;11314;4439;6875;16882;9546;7336;11
501;Totaal over alle leeftijden;Mannen en vrouwen;Zuidwest-Overijssel (CR);2023;159295;130798;11416;4518;6898;17081;9649;7432;11
502;Totaal over alle leeftijden;Mannen en vrouwen;Zuidwest-Overijssel (CR);2024;159406;130631;11491;4599;6892;17284;9764;7520;11
503;Totaal over alle leeftijden;Mannen en vrouwen;Zuidwest-Overijssel (CR);2025;159246;130192;11522;4619;6903;17532;9903;7629;11
504;Totaal over alle leeftijden;Mannen en vrouwen;Twente (CR);2008;618937;516966;51659;18283;33376;50312;28586;21726;12
505;Totaal over alle leeftijden;Mannen en vrouwen;Twente (CR);2009;619052;516402;51590;18374;33216;51060;28702;22358;12
506;Totaal over alle leeftijden;Mannen en vrouwen;Twente (CR);2010;618976;515693;51497;18454;33043;51786;28830;22956;12
507;Totaal over alle leeftijden;Mannen en vrouwen;Twente (CR);2011;618920;514883;51400;18482;32918;52637;29119;23518;12
508;Totaal over alle leeftijden;Mannen en vrouwen;Twente (CR);2012;618961;514002;51490;18592;32898;53469;29284;24185;12
509;Totaal over alle leeftijden;Mannen en vrouwen;Twente (CR);2013;619003;513210;51425;18698;32727;54368;29477;24891;12
510;Totaal over alle leeftijden;Mannen en vrouwen;Twente (CR);2014;618890;512341;51337;18802;32535;55212;29750;25462;12
511;Totaal over alle leeftijden;Mannen en vrouwen;Twente (CR);2015;618504;511028;51310;18979;32331;56166;30034;26132;12
512;Totaal over alle leeftijden;Mannen en vrouwen;Twente (CR);2016;618093;509793;51304;19179;32125;56996;30389;26607;12
513;Totaal over alle leeftijden;Mannen en vrouwen;Twente (CR);2017;618082;508838;51350;19337;32013;57894;30756;27138;12
514;Totaal over alle leeftijden;Mannen en vrouwen;Twente (CR);2018;617582;507581;51300;19428;31872;58701;31162;27539;12
515;Totaal over alle leeftijden;Mannen en vrouwen;Twente (CR);2019;617446;506512;51268;19621;31647;59666;31606;28060;12
516;Totaal over alle leeftijden;Mannen en vrouwen;Twente (CR);2020;617249;505393;51360;19810;31550;60496;31969;28527;12
517;Totaal over alle leeftijden;Mannen en vrouwen;Twente (CR);2021;617104;504387;51337;19933;31404;61380;32247;29133;12
518;Totaal over alle leeftijden;Mannen en vrouwen;Twente (CR);2022;616753;503276;51310;20113;31197;62167;32546;29621;12
519;Totaal over alle leeftijden;Mannen en vrouwen;Twente (CR);2023;616316;502120;51305;20262;31043;62891;32829;30062;12
520;Totaal over alle leeftijden;Mannen en vrouwen;Twente (CR);2024;616130;501135;51267;20454;30813;63728;33144;30584;12
521;Totaal over alle leeftijden;Mannen en vrouwen;Twente (CR);2025;615634;499979;51147;20530;30617;64508;33497;31011;12
522;Totaal over alle leeftijden;Mannen en vrouwen;Veluwe (CR);2008;642952;564756;39701;15270;24431;38495;22937;15558;13
523;Totaal over alle leeftijden;Mannen en vrouwen;Veluwe (CR);2009;642588;562955;39995;15314;24681;39638;23387;16251;13
524;Totaal over alle leeftijden;Mannen en vrouwen;Veluwe (CR);2010;642363;561277;40169;15360;24809;40917;24021;16896;13
525;Totaal over alle leeftijden;Mannen en vrouwen;Veluwe (CR);2011;642585;559987;40385;15370;25015;42213;24613;17600;13
526;Totaal over alle leeftijden;Mannen en vrouwen;Veluwe (CR);2012;643916;559634;40695;15519;25176;43587;25322;18265;13
527;Totaal over alle leeftijden;Mannen en vrouwen;Veluwe (CR);2013;644187;558479;41017;15719;25298;44691;25796;18895;13
528;Totaal over alle leeftijden;Mannen en vrouwen;Veluwe (CR);2014;644547;557348;41339;15859;25480;45860;26313;19547;13
529;Totaal over alle leeftijden;Mannen en vrouwen;Veluwe (CR);2015;645219;556544;41682;15945;25737;46993;26790;20203;13
530;Totaal over alle leeftijden;Mannen en vrouwen;Veluwe (CR);2016;645418;555337;41884;16060;25824;48197;27235;20962;13
531;Totaal over alle leeftijden;Mannen en vrouwen;Veluwe (CR);2017;645980;554682;42129;16234;25895;49169;27709;21460;13
532;Totaal over alle leeftijden;Mannen en vrouwen;Veluwe (CR);2018;646728;554051;42399;16399;26000;50278;28239;22039;13
533;Totaal over alle leeftijden;Mannen en vrouwen;Veluwe (CR);2019;647217;553222;42678;16538;26140;51317;28726;22591;13
534;Totaal over alle leeftijden;Mannen en vrouwen;Veluwe (CR);2020;647896;552419;42902;16658;26244;52575;29350;23225;13
535;Totaal over alle leeftijden;Mannen en vrouwen;Veluwe (CR);2021;648076;551501;43037;16805;26232;53538;29822;23716;13
536;Totaal over alle leeftijden;Mannen en vrouwen;Veluwe (CR);2022;648322;550521;43365;16976;26389;54436;30308;24128;13
537;Totaal over alle leeftijden;Mannen en vrouwen;Veluwe (CR);2023;648782;549835;43531;17086;26445;55416;30814;24602;13
538;Totaal over alle leeftijden;Mannen en vrouwen;Veluwe (CR);2024;648855;548738;43686;17224;26462;56431;31324;25107;13
539;Totaal over alle leeftijden;Mannen en vrouwen;Veluwe (CR);2025;648658;547602;43735;17308;26427;57321;31703;25618;13
540;Totaal over alle leeftijden;Mannen en vrouwen;Achterhoek (CR);2008;398419;353604;27340;9067;18273;17475;10039;7436;14
541;Totaal over alle leeftijden;Mannen en vrouwen;Achterhoek (CR);2009;397205;351910;27142;9045;18097;18153;10425;7728;14
542;Totaal over alle leeftijden;Mannen en vrouwen;Achterhoek (CR);2010;396326;350655;26929;8928;18001;18742;10706;8036;14
543;Totaal over alle leeftijden;Mannen en vrouwen;Achterhoek (CR);2011;395492;349299;26794;8898;17896;19399;11037;8362;14
544;Totaal over alle leeftijden;Mannen en vrouwen;Achterhoek (CR);2012;394059;347552;26597;8841;17756;19910;11199;8711;14
545;Totaal over alle leeftijden;Mannen en vrouwen;Achterhoek (CR);2013;392840;345933;26516;8884;17632;20391;11430;8961;14
546;Totaal over alle leeftijden;Mannen en vrouwen;Achterhoek (CR);2014;391728;344289;26458;8932;17526;20981;11664;9317;14
547;Totaal over alle leeftijden;Mannen en vrouwen;Achterhoek (CR);2015;390561;342706;26236;8790;17446;21619;11989;9630;14
548;Totaal over alle leeftijden;Mannen en vrouwen;Achterhoek (CR);2016;389621;341286;26172;8872;17300;22163;12211;9952;14
549;Totaal over alle leeftijden;Mannen en vrouwen;Achterhoek (CR);2017;388459;339526;26140;8872;17268;22793;12502;10291;14
550;Totaal over alle leeftijden;Mannen en vrouwen;Achterhoek (CR);2018;387694;338226;26004;8880;17124;23464;12792;10672;14
551;Totaal over alle leeftijden;Mannen en vrouwen;Achterhoek (CR);2019;386802;336885;25927;8914;17013;23990;13010;10980;14
552;Totaal over alle leeftijden;Mannen en vrouwen;Achterhoek (CR);2020;385869;335480;25801;8891;16910;24588;13272;11316;14
553;Totaal over alle leeftijden;Mannen en vrouwen;Achterhoek (CR);2021;384985;334194;25672;8854;16818;25119;13568;11551;14
554;Totaal over alle leeftijden;Mannen en vrouwen;Achterhoek (CR);2022;384436;333167;25571;8883;16688;25698;13881;11817;14
555;Totaal over alle leeftijden;Mannen en vrouwen;Achterhoek (CR);2023;383996;332268;25458;8936;16522;26270;14124;12146;14
556;Totaal over alle leeftijden;Mannen en vrouwen;Achterhoek (CR);2024;383174;330971;25442;8983;16459;26761;14366;12395;14
557;Totaal over alle leeftijden;Mannen en vrouwen;Achterhoek (CR);2025;382726;329993;25483;9059;16424;27250;14647;12603;14
558;Totaal over alle leeftijden;Mannen en vrouwen;Arnhem/Nijmegen (CR);2008;701648;573457;67940;24041;43899;60251;35238;25013;15
559;Totaal over alle leeftijden;Mannen en vrouwen;Arnhem/Nijmegen (CR);2009;704827;575486;67957;24162;43795;61384;35432;25952;15
560;Totaal over alle leeftijden;Mannen en vrouwen;Arnhem/Nijmegen (CR);2010;707788;577414;68056;24370;43686;62318;35419;26899;15
561;Totaal over alle leeftijden;Mannen en vrouwen;Arnhem/Nijmegen (CR);2011;711044;579371;68242;24570;43672;63431;35576;27855;15
562;Totaal over alle leeftijden;Mannen en vrouwen;Arnhem/Nijmegen (CR);2012;713359;580574;68218;24716;43502;64567;35837;28730;15
563;Totaal over alle leeftijden;Mannen en vrouwen;Arnhem/Nijmegen (CR);2013;715641;581651;68331;24932;43399;65659;36044;29615;15
564;Totaal over alle leeftijden;Mannen en vrouwen;Arnhem/Nijmegen (CR);2014;717397;582369;68235;25074;43161;66793;36265;30528;15
565;Totaal over alle leeftijden;Mannen en vrouwen;Arnhem/Nijmegen (CR);2015;718928;582935;68281;25253;43028;67712;36614;31098;15
566;Totaal over alle leeftijden;Mannen en vrouwen;Arnhem/Nijmegen (CR);2016;720869;583631;68409;25454;42955;68829;36846;31983;15
567;Totaal over alle leeftijden;Mannen en vrouwen;Arnhem/Nijmegen (CR);2017;722305;583998;68469;25696;42773;69838;37142;32696;15
568;Totaal over alle leeftijden;Mannen en vrouwen;Arnhem/Nijmegen (CR);2018;723787;584405;68415;25814;42601;70967;37433;33534;15
569;Totaal over alle leeftijden;Mannen en vrouwen;Arnhem/Nijmegen (CR);2019;724782;584346;68390;26008;42382;72046;37681;34365;15
570;Totaal over alle leeftijden;Mannen en vrouwen;Arnhem/Nijmegen (CR);2020;725582;584270;68362;26081;42281;72950;38010;34940;15
571;Totaal over alle leeftijden;Mannen en vrouwen;Arnhem/Nijmegen (CR);2021;726832;584224;68392;26238;42154;74216;38389;35827;15
572;Totaal over alle leeftijden;Mannen en vrouwen;Arnhem/Nijmegen (CR);2022;727658;583930;68443;26386;42057;75285;38753;36532;15
573;Totaal over alle leeftijden;Mannen en vrouwen;Arnhem/Nijmegen (CR);2023;728076;583403;68417;26598;41819;76256;39026;37230;15
574;Totaal over alle leeftijden;Mannen en vrouwen;Arnhem/Nijmegen (CR);2024;729047;583276;68425;26817;41608;77346;39292;38054;15
575;Totaal over alle leeftijden;Mannen en vrouwen;Arnhem/Nijmegen (CR);2025;729439;582564;68352;27042;41310;78523;39623;38900;15
576;Totaal over alle leeftijden;Mannen en vrouwen;Zuidwest-Gelderland (CR);2008;231413;205585;12752;4242;8510;13076;7043;6033;16
577;Totaal over alle leeftijden;Mannen en vrouwen;Zuidwest-Gelderland (CR);2009;231029;205000;12733;4239;8494;13296;7084;6212;16
578;Totaal over alle leeftijden;Mannen en vrouwen;Zuidwest-Gelderland (CR);2010;230804;204491;12709;4247;8462;13604;7204;6400;16
579;Totaal over alle leeftijden;Mannen en vrouwen;Zuidwest-Gelderland (CR);2011;230645;203955;12872;4316;8556;13818;7272;6546;16
580;Totaal over alle leeftijden;Mannen en vrouwen;Zuidwest-Gelderland (CR);2012;230402;203324;12949;4378;8571;14129;7418;6711;16
581;Totaal over alle leeftijden;Mannen en vrouwen;Zuidwest-Gelderland (CR);2013;230106;202707;13031;4404;8627;14368;7565;6803;16
582;Totaal over alle leeftijden;Mannen en vrouwen;Zuidwest-Gelderland (CR);2014;229591;201920;13065;4392;8673;14606;7702;6904;16
583;Totaal over alle leeftijden;Mannen en vrouwen;Zuidwest-Gelderland (CR);2015;229181;201206;13070;4370;8700;14905;7835;7070;16
584;Totaal over alle leeftijden;Mannen en vrouwen;Zuidwest-Gelderland (CR);2016;228827;200573;13076;4408;8668;15178;7960;7218;16
585;Totaal over alle leeftijden;Mannen en vrouwen;Zuidwest-Gelderland (CR);2017;228405;199955;13117;4422;8695;15333;8044;7289;16
586;Totaal over alle leeftijden;Mannen en vrouwen;Zuidwest-Gelderland (CR);2018;227725;199055;13155;4470;8685;15515;8112;7403;16
587;Totaal over alle leeftijden;Mannen en vrouwen;Zuidwest-Gelderland (CR);2019;227271;198309;13226;4526;8700;15736;8234;7502;16
588;Totaal over alle leeftijden;Mannen en vrouwen;Zuidwest-Gelderland (CR);2020;226777;197556;13278;4560;8718;15943;8341;7602;16
589;Totaal over alle leeftijden;Mannen en vrouwen;Zuidwest-Gelderland (CR);2021;226232;196749;13279;4580;8699;16204;8462;7742;16
590;Totaal over alle leeftijden;Mannen en vrouwen;Zuidwest-Gelderland (CR);2022;225931;196112;13359;4625;8734;16460;8596;7864;16
591;Totaal over alle leeftijden;Mannen en vrouwen;Zuidwest-Gelderland (CR);2023;225594;195558;13365;4643;8722;16671;8698;7973;16
592;Totaal over alle leeftijden;Mannen en vrouwen;Zuidwest-Gelderland (CR);2024;225263;194982;13353;4642;8711;16928;8824;8104;16
593;Totaal over alle leeftijden;Mannen en vrouwen;Zuidwest-Gelderland (CR);2025;224931;194366;13487;4714;8773;17078;8888;8190;16
594;Totaal over alle leeftijden;Mannen en vrouwen;Utrecht (CR);2008;1195923;962147;98077;37146;60931;135699;75307;60392;17
595;Totaal over alle leeftijden;Mannen en vrouwen;Utrecht (CR);2009;1202917;965711;99071;37658;61413;138135;75969;62166;17
596;Totaal over alle leeftijden;Mannen en vrouwen;Utrecht (CR);2010;1210361;969726;100262;38211;62051;140373;76427;63946;17
597;Totaal over alle leeftijden;Mannen en vrouwen;Utrecht (CR);2011;1217561;973359;101493;38904;62589;142709;76960;65749;17
598;Totaal over alle leeftijden;Mannen en vrouwen;Utrecht (CR);2012;1225236;977259;102845;39659;63186;145132;77657;67475;17
599;Totaal over alle leeftijden;Mannen en vrouwen;Utrecht (CR);2013;1232751;981116;104183;40341;63842;147452;78186;69266;17
600;Totaal over alle leeftijden;Mannen en vrouwen;Utrecht (CR);2014;1240387;985092;105536;41176;64360;149759;78820;70939;17
601;Totaal over alle leeftijden;Mannen en vrouwen;Utrecht (CR);2015;1248272;989212;106903;42037;64866;152157;79411;72746;17
602;Totaal over alle leeftijden;Mannen en vrouwen;Utrecht (CR);2016;1255542;993058;108084;42692;65392;154400;80081;74319;17
603;Totaal over alle leeftijden;Mannen en vrouwen;Utrecht (CR);2017;1262213;996423;109296;43392;65904;156494;80753;75741;17
604;Totaal over alle leeftijden;Mannen en vrouwen;Utrecht (CR);2018;1269106;999667;110547;44080;66467;158892;81491;77401;17
605;Totaal over alle leeftijden;Mannen en vrouwen;Utrecht (CR);2019;1276329;1003387;112036;44893;67143;160906;81983;78923;17
606;Totaal over alle leeftijden;Mannen en vrouwen;Utrecht (CR);2020;1283219;1006842;113403;45613;67790;162974;82687;80287;17
607;Totaal over alle leeftijden;Mannen en vrouwen;Utrecht (CR);2021;1289860;1009831;114969;46541;68428;165060;83524;81536;17
608;Totaal over alle leeftijden;Mannen en vrouwen;Utrecht (CR);2022;1296316;1012796;116329;47313;69016;167191;84164;83027;17
609;Totaal over alle leeftijden;Mannen en vrouwen;Utrecht (CR);2023;1302667;1015590;117545;47980;69565;169532;85091;84441;17
610;Totaal over alle leeftijden;Mannen en vrouwen;Utrecht (CR);2024;1309268;1018732;118948;48796;70152;171588;85979;85609;17
611;Totaal over alle leeftijden;Mannen en vrouwen;Utrecht (CR);2025;1316171;1021986;120508;49784;70724;173677;86695;86982;17
612;Totaal over alle leeftijden;Mannen en vrouwen;Kop van Noord-Holland (CR);2008;365753;320605;23793;8930;14863;21355;12262;9093;18
613;Totaal over alle leeftijden;Mannen en vrouwen;Kop van Noord-Holland (CR);2009;366182;320393;23831;8885;14946;21958;12506;9452;18
614;Totaal over alle leeftijden;Mannen en vrouwen;Kop van Noord-Holland (CR);2010;366329;319870;23894;8880;15014;22565;12754;9811;18
615;Totaal over alle leeftijden;Mannen en vrouwen;Kop van Noord-Holland (CR);2011;367096;319876;24095;8956;15139;23125;13019;10106;18
616;Totaal over alle leeftijden;Mannen en vrouwen;Kop van Noord-Holland (CR);2012;367982;319837;24289;9059;15230;23856;13285;10571;18
617;Totaal over alle leeftijden;Mannen en vrouwen;Kop van Noord-Holland (CR);2013;368898;319874;24570;9212;15358;24454;13524;10930;18
618;Totaal over alle leeftijden;Mannen en vrouwen;Kop van Noord-Holland (CR);2014;369769;319935;24737;9254;15483;25097;13754;11343;18
619;Totaal over alle leeftijden;Mannen en vrouwen;Kop van Noord-Holland (CR);2015;370427;319730;24880;9316;15564;25817;14048;11769;18
620;Totaal over alle leeftijden;Mannen en vrouwen;Kop van Noord-Holland (CR);2016;370984;319639;25075;9450;15625;26270;14224;12046;18
621;Totaal over alle leeftijden;Mannen en vrouwen;Kop van Noord-Holland (CR);2017;371356;319335;25216;9561;15655;26805;14399;12406;18
622;Totaal over alle leeftijden;Mannen en vrouwen;Kop van Noord-Holland (CR);2018;371933;319278;25304;9631;15673;27351;14624;12727;18
623;Totaal over alle leeftijden;Mannen en vrouwen;Kop van Noord-Holland (CR);2019;372556;319146;25416;9708;15708;27994;14840;13154;18
624;Totaal over alle leeftijden;Mannen en vrouwen;Kop van Noord-Holland (CR);2020;372850;318694;25595;9834;15761;28561;15063;13498;18
625;Totaal over alle leeftijden;Mannen en vrouwen;Kop van Noord-Holland (CR);2021;373294;318376;25749;9973;15776;29169;15338;13831;18
626;Totaal over alle leeftijden;Mannen en vrouwen;Kop van Noord-Holland (CR);2022;374000;318149;26019;10160;15859;29832;15630;14202;18
627;Totaal over alle leeftijden;Mannen en vrouwen;Kop van Noord-Holland (CR);2023;374497;317874;26193;10313;15880;30430;15901;14529;18
628;Totaal over alle leeftijden;Mannen en vrouwen;Kop van Noord-Holland (CR);2024;375164;317700;26474;10458;16016;30990;16197;14793;18
629;Totaal over alle leeftijden;Mannen en vrouwen;Kop van Noord-Holland (CR);2025;375661;317471;26677;10590;16087;31513;16431;15082;18
630;Totaal over alle leeftijden;Mannen en vrouwen;Alkmaar en omgeving (CR);2008;228578;191124;19129;7637;11492;18325;10497;7828;19
631;Totaal over alle leeftijden;Mannen en vrouwen;Alkmaar en omgeving (CR);2009;228797;191017;19136;7564;11572;18644;10605;8039;19
632;Totaal over alle leeftijden;Mannen en vrouwen;Alkmaar en omgeving (CR);2010;228959;190881;19097;7586;11511;18981;10719;8262;19
633;Totaal over alle leeftijden;Mannen en vrouwen;Alkmaar en omgeving (CR);2011;230397;191702;19286;7655;11631;19409;10898;8511;19
634;Totaal over alle leeftijden;Mannen en vrouwen;Alkmaar en omgeving (CR);2012;231322;192019;19444;7775;11669;19859;11088;8771;19
635;Totaal over alle leeftijden;Mannen en vrouwen;Alkmaar en omgeving (CR);2013;232457;192693;19519;7824;11695;20245;11214;9031;19
636;Totaal over alle leeftijden;Mannen en vrouwen;Alkmaar en omgeving (CR);2014;233716;193351;19698;7951;11747;20667;11408;9259;19
637;Totaal over alle leeftijden;Mannen en vrouwen;Alkmaar en omgeving (CR);2015;235141;194112;19926;8081;11845;21103;11574;9529;19
638;Totaal over alle leeftijden;Mannen en vrouwen;Alkmaar en omgeving (CR);2016;235830;194329;20044;8184;11860;21457;11717;9740;19
639;Totaal over alle leeftijden;Mannen en vrouwen;Alkmaar en omgeving (CR);2017;236709;194615;20166;8265;11901;21928;11856;10072;19
640;Totaal over alle leeftijden;Mannen en vrouwen;Alkmaar en omgeving (CR);2018;237417;194837;20259;8281;11978;22321;12048;10273;19
641;Totaal over alle leeftijden;Mannen en vrouwen;Alkmaar en omgeving (CR);2019;238195;195129;20341;8350;11991;22725;12192;10533;19
642;Totaal over alle leeftijden;Mannen en vrouwen;Alkmaar en omgeving (CR);2020;238932;195425;20383;8380;12003;23124;12391;10733;19
643;Totaal over alle leeftijden;Mannen en vrouwen;Alkmaar en omgeving (CR);2021;239676;195698;20506;8469;12037;23472;12538;10934;19
644;Totaal over alle leeftijden;Mannen en vrouwen;Alkmaar en omgeving (CR);2022;240590;196175;20600;8566;12034;23815;12650;11165;19
645;Totaal over alle leeftijden;Mannen en vrouwen;Alkmaar en omgeving (CR);2023;241173;196416;20696;8688;12008;24061;12752;11309;19
646;Totaal over alle leeftijden;Mannen en vrouwen;Alkmaar en omgeving (CR);2024;242040;196758;20800;8789;12011;24482;12938;11544;19
647;Totaal over alle leeftijden;Mannen en vrouwen;Alkmaar en omgeving (CR);2025;242839;197018;20895;8896;11999;24926;13149;11777;19
648;Totaal over alle leeftijden;Mannen en vrouwen;IJmond (CR);2008;189096;160358;15531;6018;9513;13207;7485;5722;20
649;Totaal over alle leeftijden;Mannen en vrouwen;IJmond (CR);2009;189540;160223;15561;6015;9546;13756;7715;6041;20
650;Totaal over alle leeftijden;Mannen en vrouwen;IJmond (CR);2010;189967;160051;15653;6053;9600;14263;7891;6372;20
651;Totaal over alle leeftijden;Mannen en vrouwen;IJmond (CR);2011;189986;159551;15720;6134;9586;14715;8105;6610;20
652;Totaal over alle leeftijden;Mannen en vrouwen;IJmond (CR);2012;190233;159274;15821;6206;9615;15138;8307;6831;20
653;Totaal over alle leeftijden;Mannen en vrouwen;IJmond (CR);2013;190338;158809;15956;6300;9656;15573;8483;7090;20
654;Totaal over alle leeftijden;Mannen en vrouwen;IJmond (CR);2014;190296;158310;16017;6389;9628;15969;8665;7304;20
655;Totaal over alle leeftijden;Mannen en vrouwen;IJmond (CR);2015;190010;157503;16085;6445;9640;16422;8850;7572;20
656;Totaal over alle leeftijden;Mannen en vrouwen;IJmond (CR);2016;190284;157371;16111;6540;9571;16802;9005;7797;20
657;Totaal over alle leeftijden;Mannen en vrouwen;IJmond (CR);2017;190400;157036;16152;6595;9557;17212;9141;8071;20
658;Totaal over alle leeftijden;Mannen en vrouwen;IJmond (CR);2018;190792;156800;16242;6666;9576;17750;9357;8393;20
659;Totaal over alle leeftijden;Mannen en vrouwen;IJmond (CR);2019;190964;156537;16307;6747;9560;18120;9480;8640;20
660;Totaal over alle leeftijden;Mannen en vrouwen;IJmond (CR);2020;191501;156472;16440;6830;9610;18589;9692;8897;20
661;Totaal over alle leeftijden;Mannen en vrouwen;IJmond (CR);2021;191778;156172;16570;6900;9670;19036;9894;9142;20
662;Totaal over alle leeftijden;Mannen en vrouwen;IJmond (CR);2022;192086;156007;16689;7014;9675;19390;10050;9340;20
663;Totaal over alle leeftijden;Mannen en vrouwen;IJmond (CR);2023;192585;155863;16838;7109;9729;19884;10238;9646;20
664;Totaal over alle leeftijden;Mannen en vrouwen;IJmond (CR);2024;192705;155500;16947;7222;9725;20258;10400;9858;20
665;Totaal over alle leeftijden;Mannen en vrouwen;IJmond (CR);2025;193013;155207;17066;7254;9812;20740;10606;10134;20
666;Totaal over alle leeftijden;Mannen en vrouwen;Agglomeratie Haarlem (CR);2008;215409;169043;23808;9345;14463;22558;12729;9829;21
667;Totaal over alle leeftijden;Mannen en vrouwen;Agglomeratie Haarlem (CR);2009;215365;168433;23987;9477;14510;22945;12835;10110;21
668;Totaal over alle leeftijden;Mannen en vrouwen;Agglomeratie Haarlem (CR);2010;215509;167997;24150;9660;14490;23362;12993;10369;21
669;Totaal over alle leeftijden;Mannen en vrouwen;Agglomeratie Haarlem (CR);2011;215235;167244;24330;9862;14468;23661;13099;10562;21
670;Totaal over alle leeftijden;Mannen en vrouwen;Agglomeratie Haarlem (CR);2012;215250;166722;24525;10043;14482;24003;13177;10826;21
671;Totaal over alle leeftijden;Mannen en vrouwen;Agglomeratie Haarlem (CR);2013;215029;166023;24658;10255;14403;24348;13325;11023;21
672;Totaal over alle leeftijden;Mannen en vrouwen;Agglomeratie Haarlem (CR);2014;214839;165341;24808;10442;14366;24690;13441;11249;21
673;Totaal over alle leeftijden;Mannen en vrouwen;Agglomeratie Haarlem (CR);2015;214755;164769;25062;10669;14393;24924;13524;11400;21
674;Totaal over alle leeftijden;Mannen en vrouwen;Agglomeratie Haarlem (CR);2016;215007;164448;25303;10874;14429;25256;13638;11618;21
675;Totaal over alle leeftijden;Mannen en vrouwen;Agglomeratie Haarlem (CR);2017;215377;164116;25668;11191;14477;25593;13709;11884;21
676;Totaal over alle leeftijden;Mannen en vrouwen;Agglomeratie Haarlem (CR);2018;215525;163693;25940;11434;14506;25892;13866;12026;21
677;Totaal over alle leeftijden;Mannen en vrouwen;Agglomeratie Haarlem (CR);2019;215907;163423;26329;11704;14625;26155;14008;12147;21
678;Totaal over alle leeftijden;Mannen en vrouwen;Agglomeratie Haarlem (CR);2020;216033;163027;26616;11922;14694;26390;14130;12260;21
679;Totaal over alle leeftijden;Mannen en vrouwen;Agglomeratie Haarlem (CR);2021;216164;162666;26770;12093;14677;26728;14263;12465;21
680;Totaal over alle leeftijden;Mannen en vrouwen;Agglomeratie Haarlem (CR);2022;216338;162431;26986;12235;14751;26921;14337;12584;21
681;Totaal over alle leeftijden;Mannen en vrouwen;Agglomeratie Haarlem (CR);2023;216646;162166;27250;12441;14809;27230;14485;12745;21
682;Totaal over alle leeftijden;Mannen en vrouwen;Agglomeratie Haarlem (CR);2024;216828;161757;27552;12619;14933;27519;14616;12903;21
683;Totaal over alle leeftijden;Mannen en vrouwen;Agglomeratie Haarlem (CR);2025;216733;161299;27778;12782;14996;27656;14680;12976;21
684;Totaal over alle leeftijden;Mannen en vrouwen;Zaanstreek (CR);2008;158080;121219;13354;5261;8093;23507;12909;10598;22
685;Totaal over alle leeftijden;Mannen en vrouwen;Zaanstreek (CR);2009;158719;121106;13607;5405;8202;24006;13051;10955;22
686;Totaal over alle leeftijden;Mannen en vrouwen;Zaanstreek (CR);2010;159870;121300;13908;5586;8322;24662;13247;11415;22
687;Totaal over alle leeftijden;Mannen en vrouwen;Zaanstreek (CR);2011;161151;121573;14204;5764;8440;25374;13498;11876;22
688;Totaal over alle leeftijden;Mannen en vrouwen;Zaanstreek (CR);2012;162270;121775;14493;5936;8557;26002;13753;12249;22
689;Totaal over alle leeftijden;Mannen en vrouwen;Zaanstreek (CR);2013;163243;121796;14794;6107;8687;26653;14023;12630;22
690;Totaal over alle leeftijden;Mannen en vrouwen;Zaanstreek (CR);2014;164021;121754;15053;6268;8785;27214;14150;13064;22
691;Totaal over alle leeftijden;Mannen en vrouwen;Zaanstreek (CR);2015;165057;121915;15381;6438;8943;27761;14326;13435;22
692;Totaal over alle leeftijden;Mannen en vrouwen;Zaanstreek (CR);2016;166060;122085;15635;6568;9067;28340;14529;13811;22
693;Totaal over alle leeftijden;Mannen en vrouwen;Zaanstreek (CR);2017;167064;122267;15910;6722;9188;28887;14710;14177;22
694;Totaal over alle leeftijden;Mannen en vrouwen;Zaanstreek (CR);2018;168109;122400;16299;6934;9365;29410;14883;14527;22
695;Totaal over alle leeftijden;Mannen en vrouwen;Zaanstreek (CR);2019;169168;122634;16598;7103;9495;29936;15065;14871;22
696;Totaal over alle leeftijden;Mannen en vrouwen;Zaanstreek (CR);2020;169855;122668;16837;7262;9575;30350;15186;15164;22
697;Totaal over alle leeftijden;Mannen en vrouwen;Zaanstreek (CR);2021;170659;122736;17187;7451;9736;30736;15298;15438;22
698;Totaal over alle leeftijden;Mannen en vrouwen;Zaanstreek (CR);2022;171391;122692;17502;7609;9893;31197;15460;15737;22
699;Totaal over alle leeftijden;Mannen en vrouwen;Zaanstreek (CR);2023;171926;122619;17787;7775;10012;31520;15517;16003;22
700;Totaal over alle leeftijden;Mannen en vrouwen;Zaanstreek (CR);2024;172647;122681;18022;7904;10118;31944;15702;16242;22
701;Totaal over alle leeftijden;Mannen en vrouwen;Zaanstreek (CR);2025;173338;122675;18290;8041;10249;32373;15869;16504;22
702;Totaal over alle leeftijden;Mannen en vrouwen;Groot-Amsterdam (CR);2008;1226560;766753;158682;81909;76773;301125;175681;125444;23
703;Totaal over alle leeftijden;Mannen en vrouwen;Groot-Amsterdam (CR);2009;1235678;772013;162229;84417;77812;301436;173666;127770;23
704;Totaal over alle leeftijden;Mannen en vrouwen;Groot-Amsterdam (CR);2010;1245188;777206;166140;87254;78886;301842;171919;129923;23
705;Totaal over alle leeftijden;Mannen en vrouwen;Groot-Amsterdam (CR);2011;1253226;780880;169955;90049;79906;302391;170275;132116;23
706;Totaal over alle leeftijden;Mannen en vrouwen;Groot-Amsterdam (CR);2012;1261348;784344;173977;92947;81030;303027;168710;134317;23
707;Totaal over alle leeftijden;Mannen en vrouwen;Groot-Amsterdam (CR);2013;1269608;788084;177846;95735;82111;303678;167210;136468;23
708;Totaal over alle leeftijden;Mannen en vrouwen;Groot-Amsterdam (CR);2014;1277932;791868;181725;98462;83263;304339;165964;138375;23
709;Totaal over alle leeftijden;Mannen en vrouwen;Groot-Amsterdam (CR);2015;1286173;795420;185606;101188;84418;305147;164714;140433;23
710;Totaal over alle leeftijden;Mannen en vrouwen;Groot-Amsterdam (CR);2016;1293786;798719;189484;103715;85769;305583;163334;142249;23
711;Totaal over alle leeftijden;Mannen en vrouwen;Groot-Amsterdam (CR);2017;1300986;801839;192922;106049;86873;306225;162226;143999;23
712;Totaal over alle leeftijden;Mannen en vrouwen;Groot-Amsterdam (CR);2018;1308145;804705;196852;108604;88248;306588;160981;145607;23
713;Totaal over alle leeftijden;Mannen en vrouwen;Groot-Amsterdam (CR);2019;1315181;807495;200440;110971;89469;307246;160024;147222;23
714;Totaal over alle leeftijden;Mannen en vrouwen;Groot-Amsterdam (CR);2020;1322596;810497;204199;113324;90875;307900;159044;148856;23
715;Totaal over alle leeftijden;Mannen en vrouwen;Groot-Amsterdam (CR);2021;1329877;813691;207813;115706;92107;308373;158046;150327;23
716;Totaal over alle leeftijden;Mannen en vrouwen;Groot-Amsterdam (CR);2022;1336300;815903;211213;117935;93278;309184;157306;151878;23
717;Totaal over alle leeftijden;Mannen en vrouwen;Groot-Amsterdam (CR);2023;1342885;818215;214856;120203;94653;309814;156523;153291;23
718;Totaal over alle leeftijden;Mannen en vrouwen;Groot-Amsterdam (CR);2024;1349341;820309;218369;122378;95991;310663;155756;154907;23
719;Totaal over alle leeftijden;Mannen en vrouwen;Groot-Amsterdam (CR);2025;1355287;822067;221850;124484;97366;311370;154880;156490;23
720;Totaal over alle leeftijden;Mannen en vrouwen;Het Gooi en Vechtstreek (CR);2008;243661;197611;25960;9942;16018;20090;11035;9055;24
721;Totaal over alle leeftijden;Mannen en vrouwen;Het Gooi en Vechtstreek (CR);2009;243945;197257;26043;10062;15981;20645;11184;9461;24
722;Totaal over alle leeftijden;Mannen en vrouwen;Het Gooi en Vechtstreek (CR);2010;244098;196928;26016;10124;15892;21154;11388;9766;24
723;Totaal over alle leeftijden;Mannen en vrouwen;Het Gooi en Vechtstreek (CR);2011;244613;196689;26266;10310;15956;21658;11545;10113;24
724;Totaal over alle leeftijden;Mannen en vrouwen;Het Gooi en Vechtstreek (CR);2012;244791;196248;26393;10422;15971;22150;11756;10394;24
725;Totaal over alle leeftijden;Mannen en vrouwen;Het Gooi en Vechtstreek (CR);2013;245497;196286;26543;10586;15957;22668;11937;10731;24
726;Totaal over alle leeftijden;Mannen en vrouwen;Het Gooi en Vechtstreek (CR);2014;246335;196383;26808;10805;16003;23144;12084;11060;24
727;Totaal over alle leeftijden;Mannen en vrouwen;Het Gooi en Vechtstreek (CR);2015;246513;196072;26893;10913;15980;23548;12207;11341;24
728;Totaal over alle leeftijden;Mannen en vrouwen;Het Gooi en Vechtstreek (CR);2016;246529;195502;27028;11048;15980;23999;12360;11639;24
729;Totaal over alle leeftijden;Mannen en vrouwen;Het Gooi en Vechtstreek (CR);2017;246893;195236;27216;11186;16030;24441;12503;11938;24
730;Totaal over alle leeftijden;Mannen en vrouwen;Het Gooi en Vechtstreek (CR);2018;247291;194932;27421;11286;16135;24938;12684;12254;24
731;Totaal over alle leeftijden;Mannen en vrouwen;Het Gooi en Vechtstreek (CR);2019;247353;194518;27583;11386;16197;25252;12778;12474;24
732;Totaal over alle leeftijden;Mannen en vrouwen;Het Gooi en Vechtstreek (CR);2020;247605;194169;27721;11482;16239;25715;12980;12735;24
733;Totaal over alle leeftijden;Mannen en vrouwen;Het Gooi en Vechtstreek (CR);2021;247777;193882;27917;11702;16215;25978;13069;12909;24
734;Totaal over alle leeftijden;Mannen en vrouwen;Het Gooi en Vechtstreek (CR);2022;248017;193485;28182;11841;16341;26350;13191;13159;24
735;Totaal over alle leeftijden;Mannen en vrouwen;Het Gooi en Vechtstreek (CR);2023;248278;193170;28460;12062;16398;26648;13304;13344;24
736;Totaal over alle leeftijden;Mannen en vrouwen;Het Gooi en Vechtstreek (CR);2024;248404;192893;28652;12239;16413;26859;13343;13516;24
737;Totaal over alle leeftijden;Mannen en vrouwen;Het Gooi en Vechtstreek (CR);2025;248481;192508;28808;12395;16413;27165;13451;13714;24
738;Totaal over alle leeftijden;Mannen en vrouwen;Agglomeratie Leiden en Bollenstreek (CR);2008;387575;320817;36054;16904;19150;30704;18099;12605;25
739;Totaal over alle leeftijden;Mannen en vrouwen;Agglomeratie Leiden en Bollenstreek (CR);2009;386988;319306;36321;17116;19205;31361;18391;12970;25
740;Totaal over alle leeftijden;Mannen en vrouwen;Agglomeratie Leiden en Bollenstreek (CR);2010;386621;317837;36798;17511;19287;31986;18615;13371;25
741;Totaal over alle leeftijden;Mannen en vrouwen;Agglomeratie Leiden en Bollenstreek (CR);2011;386771;316873;37288;17848;19440;32610;18846;13764;25
742;Totaal over alle leeftijden;Mannen en vrouwen;Agglomeratie Leiden en Bollenstreek (CR);2012;386452;315552;37634;18140;19494;33266;19176;14090;25
743;Totaal over alle leeftijden;Mannen en vrouwen;Agglomeratie Leiden en Bollenstreek (CR);2013;386601;314504;38124;18444;19680;33973;19426;14547;25
744;Totaal over alle leeftijden;Mannen en vrouwen;Agglomeratie Leiden en Bollenstreek (CR);2014;386839;313682;38585;18733;19852;34572;19704;14868;25
745;Totaal over alle leeftijden;Mannen en vrouwen;Agglomeratie Leiden en Bollenstreek (CR);2015;386972;312656;39106;19103;20003;35210;19925;15285;25
746;Totaal over alle leeftijden;Mannen en vrouwen;Agglomeratie Leiden en Bollenstreek (CR);2016;387528;312015;39643;19404;20239;35870;20185;15685;25
747;Totaal over alle leeftijden;Mannen en vrouwen;Agglomeratie Leiden en Bollenstreek (CR);2017;388013;311396;40059;19699;20360;36558;20505;16053;25
748;Totaal over alle leeftijden;Mannen en vrouwen;Agglomeratie Leiden en Bollenstreek (CR);2018;388656;310885;40655;20141;20514;37116;20697;16419;25
749;Totaal over alle leeftijden;Mannen en vrouwen;Agglomeratie Leiden en Bollenstreek (CR);2019;389094;310367;41080;20465;20615;37647;20965;16682;25
750;Totaal over alle leeftijden;Mannen en vrouwen;Agglomeratie Leiden en Bollenstreek (CR);2020;389676;309729;41551;20809;20742;38396;21336;17060;25
751;Totaal over alle leeftijden;Mannen en vrouwen;Agglomeratie Leiden en Bollenstreek (CR);2021;390264;309168;42158;21190;20968;38938;21602;17336;25
752;Totaal over alle leeftijden;Mannen en vrouwen;Agglomeratie Leiden en Bollenstreek (CR);2022;390903;308636;42611;21548;21063;39656;21932;17724;25
753;Totaal over alle leeftijden;Mannen en vrouwen;Agglomeratie Leiden en Bollenstreek (CR);2023;391318;307899;43159;21951;21208;40260;22230;18030;25
754;Totaal over alle leeftijden;Mannen en vrouwen;Agglomeratie Leiden en Bollenstreek (CR);2024;392064;307228;43893;22415;21478;40943;22490;18453;25
755;Totaal over alle leeftijden;Mannen en vrouwen;Agglomeratie Leiden en Bollenstreek (CR);2025;392273;306258;44346;22754;21592;41669;22880;18789;25
756;Totaal over alle leeftijden;Mannen en vrouwen;Agglomeratie 's-Gravenhage (CR);2008;788864;495345;103675;52920;50755;189844;114092;75752;26
757;Totaal over alle leeftijden;Mannen en vrouwen;Agglomeratie 's-Gravenhage (CR);2009;793581;496921;106232;54932;51300;190428;112596;77832;26
758;Totaal over alle leeftijden;Mannen en vrouwen;Agglomeratie 's-Gravenhage (CR);2010;797451;497668;108859;56997;51862;190924;111317;79607;26
759;Totaal over alle leeftijden;Mannen en vrouwen;Agglomeratie 's-Gravenhage (CR);2011;801929;498562;111652;59201;52451;191715;110247;81468;26
760;Totaal over alle leeftijden;Mannen en vrouwen;Agglomeratie 's-Gravenhage (CR);2012;806972;499964;114585;61502;53083;192423;109175;83248;26
761;Totaal over alle leeftijden;Mannen en vrouwen;Agglomeratie 's-Gravenhage (CR);2013;810639;500242;117552;63693;53859;192845;108193;84652;26
762;Totaal over alle leeftijden;Mannen en vrouwen;Agglomeratie 's-Gravenhage (CR);2014;813927;500088;120504;65881;54623;193335;107211;86124;26
763;Totaal over alle leeftijden;Mannen en vrouwen;Agglomeratie 's-Gravenhage (CR);2015;817187;500173;123424;67948;55476;193590;106405;87185;26
764;Totaal over alle leeftijden;Mannen en vrouwen;Agglomeratie 's-Gravenhage (CR);2016;820607;500084;126415;69994;56421;194108;105674;88434;26
765;Totaal over alle leeftijden;Mannen en vrouwen;Agglomeratie 's-Gravenhage (CR);2017;823470;499877;129320;72002;57318;194273;104800;89473;26
766;Totaal over alle leeftijden;Mannen en vrouwen;Agglomeratie 's-Gravenhage (CR);2018;827037;499918;132397;74009;58388;194722;104218;90504;26
767;Totaal over alle leeftijden;Mannen en vrouwen;Agglomeratie 's-Gravenhage (CR);2019;830350;500220;135302;75883;59419;194828;103517;91311;26
768;Totaal over alle leeftijden;Mannen en vrouwen;Agglomeratie 's-Gravenhage (CR);2020;833277;500047;138274;77806;60468;194956;102836;92120;26
769;Totaal over alle leeftijden;Mannen en vrouwen;Agglomeratie 's-Gravenhage (CR);2021;835886;499507;141284;79665;61619;195095;102321;92774;26
770;Totaal over alle leeftijden;Mannen en vrouwen;Agglomeratie 's-Gravenhage (CR);2022;838546;499109;144320;81541;62779;195117;101779;93338;26
771;Totaal over alle leeftijden;Mannen en vrouwen;Agglomeratie 's-Gravenhage (CR);2023;841258;498578;147384;83384;64000;195296;101362;93934;26
772;Totaal over alle leeftijden;Mannen en vrouwen;Agglomeratie 's-Gravenhage (CR);2024;844024;498135;150400;85265;65135;195489;100950;94539;26
773;Totaal over alle leeftijden;Mannen en vrouwen;Agglomeratie 's-Gravenhage (CR);2025;846798;497568;153577;87187;66390;195653;100525;95128;26
774;Totaal over alle leeftijden;Mannen en vrouwen;Delft en Westland (CR);2008;212429;174287;17124;7997;9127;21018;13016;8002;27
775;Totaal over alle leeftijden;Mannen en vrouwen;Delft en Westland (CR);2009;213190;174194;17486;8168;9318;21510;13008;8502;27
776;Totaal over alle leeftijden;Mannen en vrouwen;Delft en Westland (CR);2010;213994;173961;17917;8427;9490;22116;13078;9038;27
777;Totaal over alle leeftijden;Mannen en vrouwen;Delft en Westland (CR);2011;215177;173965;18471;8741;9730;22741;13184;9557;27
778;Totaal over alle leeftijden;Mannen en vrouwen;Delft en Westland (CR);2012;216156;173841;18932;9029;9903;23383;13261;10122;27
779;Totaal over alle leeftijden;Mannen en vrouwen;Delft en Westland (CR);2013;217440;173911;19475;9356;10119;24054;13384;10670;27
780;Totaal over alle leeftijden;Mannen en vrouwen;Delft en Westland (CR);2014;218824;174194;20036;9742;10294;24594;13483;11111;27
781;Totaal over alle leeftijden;Mannen en vrouwen;Delft en Westland (CR);2015;220331;174516;20599;10105;10494;25216;13611;11605;27
782;Totaal over alle leeftijden;Mannen en vrouwen;Delft en Westland (CR);2016;221799;174742;21178;10443;10735;25879;13728;12151;27
783;Totaal over alle leeftijden;Mannen en vrouwen;Delft en Westland (CR);2017;223383;175123;21802;10804;10998;26458;13801;12657;27
784;Totaal over alle leeftijden;Mannen en vrouwen;Delft en Westland (CR);2018;224407;175201;22340;11096;11244;26866;13874;12992;27
785;Totaal over alle leeftijden;Mannen en vrouwen;Delft en Westland (CR);2019;225406;175096;22878;11417;11461;27432;14024;13408;27
786;Totaal over alle leeftijden;Mannen en vrouwen;Delft en Westland (CR);2020;226410;175205;23379;11740;11639;27826;14114;13712;27
787;Totaal over alle leeftijden;Mannen en vrouwen;Delft en Westland (CR);2021;227634;175427;23852;12000;11852;28355;14304;14051;27
788;Totaal over alle leeftijden;Mannen en vrouwen;Delft en Westland (CR);2022;228820;175520;24402;12285;12117;28898;14505;14393;27
789;Totaal over alle leeftijden;Mannen en vrouwen;Delft en Westland (CR);2023;230005;175720;24932;12590;12342;29353;14670;14683;27
790;Totaal over alle leeftijden;Mannen en vrouwen;Delft en Westland (CR);2024;230980;175694;25472;12929;12543;29814;14896;14918;27
791;Totaal over alle leeftijden;Mannen en vrouwen;Delft en Westland (CR);2025;232215;175891;26094;13293;12801;30230;15052;15178;27
792;Totaal over alle leeftijden;Mannen en vrouwen;Oost-Zuid-Holland (CR);2008;319347;272503;21348;8101;13247;25496;13889;11607;28
793;Totaal over alle leeftijden;Mannen en vrouwen;Oost-Zuid-Holland (CR);2009;318290;271008;21419;8166;13253;25863;13986;11877;28
794;Totaal over alle leeftijden;Mannen en vrouwen;Oost-Zuid-Holland (CR);2010;317602;269844;21561;8209;13352;26197;14076;12121;28
795;Totaal over alle leeftijden;Mannen en vrouwen;Oost-Zuid-Holland (CR);2011;318031;269506;21775;8338;13437;26750;14204;12546;28
796;Totaal over alle leeftijden;Mannen en vrouwen;Oost-Zuid-Holland (CR);2012;318577;269277;22033;8478;13555;27267;14334;12933;28
797;Totaal over alle leeftijden;Mannen en vrouwen;Oost-Zuid-Holland (CR);2013;319180;269180;22307;8579;13728;27693;14477;13216;28
798;Totaal over alle leeftijden;Mannen en vrouwen;Oost-Zuid-Holland (CR);2014;319793;269054;22529;8709;13820;28210;14611;13599;28
799;Totaal over alle leeftijden;Mannen en vrouwen;Oost-Zuid-Holland (CR);2015;320609;269101;22855;8855;14000;28653;14764;13889;28
800;Totaal over alle leeftijden;Mannen en vrouwen;Oost-Zuid-Holland (CR);2016;320974;268895;23067;8953;14114;29012;14898;14114;28
801;Totaal over alle leeftijden;Mannen en vrouwen;Oost-Zuid-Holland (CR);2017;321772;268788;23396;9171;14225;29588;15160;14428;28
802;Totaal over alle leeftijden;Mannen en vrouwen;Oost-Zuid-Holland (CR);2018;322534;268807;23683;9279;14404;30044;15307;14737;28
803;Totaal over alle leeftijden;Mannen en vrouwen;Oost-Zuid-Holland (CR);2019;322998;268496;24051;9513;14538;30451;15519;14932;28
804;Totaal over alle leeftijden;Mannen en vrouwen;Oost-Zuid-Holland (CR);2020;323683;268415;24310;9658;14652;30958;15716;15242;28
805;Totaal over alle leeftijden;Mannen en vrouwen;Oost-Zuid-Holland (CR);2021;324540;268487;24642;9811;14831;31411;15907;15504;28
806;Totaal over alle leeftijden;Mannen en vrouwen;Oost-Zuid-Holland (CR);2022;325070;268294;24973;9966;15007;31803;16063;15740;28
807;Totaal over alle leeftijden;Mannen en vrouwen;Oost-Zuid-Holland (CR);2023;325856;268290;25303;10161;15142;32263;16222;16041;28
808;Totaal over alle leeftijden;Mannen en vrouwen;Oost-Zuid-Holland (CR);2024;326076;267927;25490;10293;15197;32659;16437;16222;28
809;Totaal over alle leeftijden;Mannen en vrouwen;Oost-Zuid-Holland (CR);2025;326429;267727;25719;10439;15280;32983;16630;16353;28
810;Totaal over alle leeftijden;Mannen en vrouwen;Groot-Rijnmond (CR);2008;1361201;965634;115221;52037;63184;280346;158960;121386;29
811;Totaal over alle leeftijden;Mannen en vrouwen;Groot-Rijnmond (CR);2009;1360356;965358;115759;51952;63807;279239;155944;123295;29
812;Totaal over alle leeftijden;Mannen en vrouwen;Groot-Rijnmond (CR);2010;1361149;965964;116484;52052;64432;278701;153453;125248;29
813;Totaal over alle leeftijden;Mannen en vrouwen;Groot-Rijnmond (CR);2011;1360723;965580;117166;52216;64950;277977;151009;126968;29
814;Totaal over alle leeftijden;Mannen en vrouwen;Groot-Rijnmond (CR);2012;1360318;964946;117954;52376;65578;277418;148661;128757;29
815;Totaal over alle leeftijden;Mannen en vrouwen;Groot-Rijnmond (CR);2013;1361185;965257;118855;52722;66133;277073;146863;130210;29
816;Totaal over alle leeftijden;Mannen en vrouwen;Groot-Rijnmond (CR);2014;1361756;965407;119837;52941;66896;276512;145005;131507;29
817;Totaal over alle leeftijden;Mannen en vrouwen;Groot-Rijnmond (CR);2015;1362121;965423;120592;53204;67388;276106;143178;132928;29
818;Totaal over alle leeftijden;Mannen en vrouwen;Groot-Rijnmond (CR);2016;1362534;965488;121479;53613;67866;275567;141640;133927;29
819;Totaal over alle leeftijden;Mannen en vrouwen;Groot-Rijnmond (CR);2017;1363869;966012;122422;53893;68529;275435;140321;135114;29
820;Totaal over alle leeftijden;Mannen en vrouwen;Groot-Rijnmond (CR);2018;1364359;965798;123501;54339;69162;275060;138919;136141;29
821;Totaal over alle leeftijden;Mannen en vrouwen;Groot-Rijnmond (CR);2019;1364998;965591;124373;54673;69700;275034;137711;137323;29
822;Totaal over alle leeftijden;Mannen en vrouwen;Groot-Rijnmond (CR);2020;1366723;966010;125529;55121;70408;275184;136541;138643;29
823;Totaal over alle leeftijden;Mannen en vrouwen;Groot-Rijnmond (CR);2021;1368027;965959;126563;55479;71084;275505;135586;139919;29
824;Totaal over alle leeftijden;Mannen en vrouwen;Groot-Rijnmond (CR);2022;1369165;965817;127676;55960;71716;275672;134552;141120;29
825;Totaal over alle leeftijden;Mannen en vrouwen;Groot-Rijnmond (CR);2023;1369968;965325;128760;56412;72348;275883;133530;142353;29
826;Totaal over alle leeftijden;Mannen en vrouwen;Groot-Rijnmond (CR);2024;1371132;965057;129851;56856;72995;276224;132702;143522;29
827;Totaal over alle leeftijden;Mannen en vrouwen;Groot-Rijnmond (CR);2025;1371224;963978;130883;57225;73658;276363;131768;144595;29
828;Totaal over alle leeftijden;Mannen en vrouwen;Zuidoost-Zuid-Holland (CR);2008;389808;322223;28397;11163;17234;39188;21860;17328;30
829;Totaal over alle leeftijden;Mannen en vrouwen;Zuidoost-Zuid-Holland (CR);2009;390173;321865;28633;11268;17365;39675;21869;17806;30
830;Totaal over alle leeftijden;Mannen en vrouwen;Zuidoost-Zuid-Holland (CR);2010;390666;321636;28684;11276;17408;40346;22057;18289;30
831;Totaal over alle leeftijden;Mannen en vrouwen;Zuidoost-Zuid-Holland (CR);2011;391034;321277;28838;11329;17509;40919;22188;18731;30
832;Totaal over alle leeftijden;Mannen en vrouwen;Zuidoost-Zuid-Holland (CR);2012;391793;321274;28966;11404;17562;41553;22350;19203;30
833;Totaal over alle leeftijden;Mannen en vrouwen;Zuidoost-Zuid-Holland (CR);2013;392342;321066;29153;11502;17651;42123;22532;19591;30
834;Totaal over alle leeftijden;Mannen en vrouwen;Zuidoost-Zuid-Holland (CR);2014;392760;320635;29404;11598;17806;42721;22711;20010;30
835;Totaal over alle leeftijden;Mannen en vrouwen;Zuidoost-Zuid-Holland (CR);2015;393418;320728;29545;11670;17875;43145;22764;20381;30
836;Totaal over alle leeftijden;Mannen en vrouwen;Zuidoost-Zuid-Holland (CR);2016;394013;320600;29776;11782;17994;43637;22803;20834;30
837;Totaal over alle leeftijden;Mannen en vrouwen;Zuidoost-Zuid-Holland (CR);2017;394223;320119;30028;11892;18136;44076;22878;21198;30
838;Totaal over alle leeftijden;Mannen en vrouwen;Zuidoost-Zuid-Holland (CR);2018;394433;319673;30171;11952;18219;44589;23024;21565;30
839;Totaal over alle leeftijden;Mannen en vrouwen;Zuidoost-Zuid-Holland (CR);2019;394804;319353;30344;12010;18334;45107;23221;21886;30
840;Totaal over alle leeftijden;Mannen en vrouwen;Zuidoost-Zuid-Holland (CR);2020;394699;318826;30456;12112;18344;45417;23323;22094;30
841;Totaal over alle leeftijden;Mannen en vrouwen;Zuidoost-Zuid-Holland (CR);2021;394590;318247;30575;12202;18373;45768;23501;22267;30
842;Totaal over alle leeftijden;Mannen en vrouwen;Zuidoost-Zuid-Holland (CR);2022;394585;317718;30768;12312;18456;46099;23643;22456;30
843;Totaal over alle leeftijden;Mannen en vrouwen;Zuidoost-Zuid-Holland (CR);2023;394756;317373;30894;12351;18543;46489;23767;22722;30
844;Totaal over alle leeftijden;Mannen en vrouwen;Zuidoost-Zuid-Holland (CR);2024;394651;316873;31100;12427;18673;46678;23804;22874;30
845;Totaal over alle leeftijden;Mannen en vrouwen;Zuidoost-Zuid-Holland (CR);2025;394992;316512;31411;12615;18796;47069;23964;23105;30
846;Totaal over alle leeftijden;Mannen en vrouwen;Zeeuwsch-Vlaanderen (CR);2008;107534;83352;19336;9461;9875;4846;2682;2164;31
847;Totaal over alle leeftijden;Mannen en vrouwen;Zeeuwsch-Vlaanderen (CR);2009;107701;83209;19407;9538;9869;5085;2758;2327;31
848;Totaal over alle leeftijden;Mannen en vrouwen;Zeeuwsch-Vlaanderen (CR);2010;107790;82976;19455;9570;9885;5359;2863;2496;31
849;Totaal over alle leeftijden;Mannen en vrouwen;Zeeuwsch-Vlaanderen (CR);2011;107735;82665;19468;9603;9865;5602;2933;2669;31
850;Totaal over alle leeftijden;Mannen en vrouwen;Zeeuwsch-Vlaanderen (CR);2012;107817;82442;19535;9679;9856;5840;3030;2810;31
851;Totaal over alle leeftijden;Mannen en vrouwen;Zeeuwsch-Vlaanderen (CR);2013;107815;82115;19619;9762;9857;6081;3122;2959;31
852;Totaal over alle leeftijden;Mannen en vrouwen;Zeeuwsch-Vlaanderen (CR);2014;107737;81808;19667;9819;9848;6262;3195;3067;31
853;Totaal over alle leeftijden;Mannen en vrouwen;Zeeuwsch-Vlaanderen (CR);2015;107642;81392;19725;9869;9856;6525;3297;3228;31
854;Totaal over alle leeftijden;Mannen en vrouwen;Zeeuwsch-Vlaanderen (CR);2016;107728;81089;19839;9950;9889;6800;3387;3413;31
855;Totaal over alle leeftijden;Mannen en vrouwen;Zeeuwsch-Vlaanderen (CR);2017;107794;80846;19922;10006;9916;7026;3486;3540;31
856;Totaal over alle leeftijden;Mannen en vrouwen;Zeeuwsch-Vlaanderen (CR);2018;107752;80476;20000;10043;9957;7276;3573;3703;31
857;Totaal over alle leeftijden;Mannen en vrouwen;Zeeuwsch-Vlaanderen (CR);2019;107752;80239;20023;10045;9978;7490;3652;3838;31
858;Totaal over alle leeftijden;Mannen en vrouwen;Zeeuwsch-Vlaanderen (CR);2020;107704;80023;20010;10078;9932;7671;3714;3957;31
859;Totaal over alle leeftijden;Mannen en vrouwen;Zeeuwsch-Vlaanderen (CR);2021;107561;79669;20047;10089;9958;7845;3763;4082;31
860;Totaal over alle leeftijden;Mannen en vrouwen;Zeeuwsch-Vlaanderen (CR);2022;107667;79488;20069;10107;9962;8110;3866;4244;31
861;Totaal over alle leeftijden;Mannen en vrouwen;Zeeuwsch-Vlaanderen (CR);2023;107737;79301;20136;10143;9993;8300;3919;4381;31
862;Totaal over alle leeftijden;Mannen en vrouwen;Zeeuwsch-Vlaanderen (CR);2024;107818;79202;20131;10109;10022;8485;3991;4494;31
863;Totaal over alle leeftijden;Mannen en vrouwen;Zeeuwsch-Vlaanderen (CR);2025;107830;78920;20186;10065;10121;8724;4110;4614;31
864;Totaal over alle leeftijden;Mannen en vrouwen;Overig Zeeland (CR);2008;273865;238735;20560;8804;11756;14570;8313;6257;32
865;Totaal over alle leeftijden;Mannen en vrouwen;Overig Zeeland (CR);2009;274438;238380;20829;8866;11963;15229;8578;6651;32
866;Totaal over alle leeftijden;Mannen en vrouwen;Overig Zeeland (CR);2010;275073;238002;21157;9026;12131;15914;8855;7059;32
867;Totaal over alle leeftijden;Mannen en vrouwen;Overig Zeeland (CR);2011;275838;237750;21507;9179;12328;16581;9096;7485;32
868;Totaal over alle leeftijden;Mannen en vrouwen;Overig Zeeland (CR);2012;276795;237677;21897;9351;12546;17221;9330;7891;32
869;Totaal over alle leeftijden;Mannen en vrouwen;Overig Zeeland (CR);2013;277409;237215;22243;9511;12732;17951;9625;8326;32
870;Totaal over alle leeftijden;Mannen en vrouwen;Overig Zeeland (CR);2014;278357;237183;22588;9682;12906;18586;9846;8740;32
871;Totaal over alle leeftijden;Mannen en vrouwen;Overig Zeeland (CR);2015;279347;237169;22971;9900;13071;19207;10112;9095;32
872;Totaal over alle leeftijden;Mannen en vrouwen;Overig Zeeland (CR);2016;280220;237077;23331;10059;13272;19812;10363;9449;32
873;Totaal over alle leeftijden;Mannen en vrouwen;Overig Zeeland (CR);2017;281005;236898;23674;10171;13503;20433;10694;9739;32
874;Totaal over alle leeftijden;Mannen en vrouwen;Overig Zeeland (CR);2018;281869;236834;24007;10297;13710;21028;10931;10097;32
875;Totaal over alle leeftijden;Mannen en vrouwen;Overig Zeeland (CR);2019;282757;236744;24373;10498;13875;21640;11179;10461;32
876;Totaal over alle leeftijden;Mannen en vrouwen;Overig Zeeland (CR);2020;283245;236345;24712;10638;14074;22188;11419;10769;32
877;Totaal over alle leeftijden;Mannen en vrouwen;Overig Zeeland (CR);2021;283962;236185;24979;10804;14175;22798;11660;11138;32
878;Totaal over alle leeftijden;Mannen en vrouwen;Overig Zeeland (CR);2022;284557;235919;25239;10918;14321;23399;11917;11482;32
879;Totaal over alle leeftijden;Mannen en vrouwen;Overig Zeeland (CR);2023;284980;235508;25502;11066;14436;23970;12198;11772;32
880;Totaal over alle leeftijden;Mannen en vrouwen;Overig Zeeland (CR);2024;285400;235085;25809;11226;14583;24506;12426;12080;32
881;Totaal over alle leeftijden;Mannen en vrouwen;Overig Zeeland (CR);2025;286073;234904;26096;11425;14671;25073;12680;12393;32
882;Totaal over alle leeftijden;Mannen en vrouwen;West-Noord-Brabant (CR);2008;607802;506468;51112;19935;31177;50222;27732;22490;33
883;Totaal over alle leeftijden;Mannen en vrouwen;West-Noord-Brabant (CR);2009;607626;505372;51205;20038;31167;51049;27943;23106;33
884;Totaal over alle leeftijden;Mannen en vrouwen;West-Noord-Brabant (CR);2010;607474;504162;51291;20114;31177;52021;28342;23679;33
885;Totaal over alle leeftijden;Mannen en vrouwen;West-Noord-Brabant (CR);2011;607585;503039;51536;20338;31198;53010;28650;24360;33
886;Totaal over alle leeftijden;Mannen en vrouwen;West-Noord-Brabant (CR);2012;607867;502125;51896;20529;31367;53846;28831;25015;33
887;Totaal over alle leeftijden;Mannen en vrouwen;West-Noord-Brabant (CR);2013;608049;501085;52263;20759;31504;54701;29046;25655;33
888;Totaal over alle leeftijden;Mannen en vrouwen;West-Noord-Brabant (CR);2014;608196;499897;52659;21051;31608;55640;29353;26287;33
889;Totaal over alle leeftijden;Mannen en vrouwen;West-Noord-Brabant (CR);2015;608502;498917;53002;21253;31749;56583;29746;26837;33
890;Totaal over alle leeftijden;Mannen en vrouwen;West-Noord-Brabant (CR);2016;608989;498115;53321;21427;31894;57553;30030;27523;33
891;Totaal over alle leeftijden;Mannen en vrouwen;West-Noord-Brabant (CR);2017;609099;496883;53683;21645;32038;58533;30368;28165;33
892;Totaal over alle leeftijden;Mannen en vrouwen;West-Noord-Brabant (CR);2018;609392;495809;54070;21925;32145;59513;30752;28761;33
893;Totaal over alle leeftijden;Mannen en vrouwen;West-Noord-Brabant (CR);2019;610041;495097;54487;22197;32290;60457;31127;29330;33
894;Totaal over alle leeftijden;Mannen en vrouwen;West-Noord-Brabant (CR);2020;610347;494221;54806;22444;32362;61320;31450;29870;33
895;Totaal over alle leeftijden;Mannen en vrouwen;West-Noord-Brabant (CR);2021;611074;493720;55173;22619;32554;62181;31780;30401;33
896;Totaal over alle leeftijden;Mannen en vrouwen;West-Noord-Brabant (CR);2022;611379;492927;55499;22841;32658;62953;32077;30876;33
897;Totaal over alle leeftijden;Mannen en vrouwen;West-Noord-Brabant (CR);2023;611970;492451;55779;23117;32662;63740;32503;31237;33
898;Totaal over alle leeftijden;Mannen en vrouwen;West-Noord-Brabant (CR);2024;612064;491431;56028;23262;32766;64605;32898;31707;33
899;Totaal over alle leeftijden;Mannen en vrouwen;West-Noord-Brabant (CR);2025;612250;490361;56443;23496;32947;65446;33277;32169;33
900;Totaal over alle leeftijden;Mannen en vrouwen;Midden-Noord-Brabant (CR);2008;453307;382541;32541;12226;20315;38225;22050;16175;34
901;Totaal over alle leeftijden;Mannen en vrouwen;Midden-Noord-Brabant (CR);2009;453491;381870;32627;12282;20345;38994;22258;16736;34
902;Totaal over alle leeftijden;Mannen en vrouwen;Midden-Noord-Brabant (CR);2010;453687;380966;32817;12408;20409;39904;22514;17390;34
903;Totaal over alle leeftijden;Mannen en vrouwen;Midden-Noord-Brabant (CR);2011;453953;380284;33030;12571;20459;40639;22661;17978;34
904;Totaal over alle leeftijden;Mannen en vrouwen;Midden-Noord-Brabant (CR);2012;454244;379516;33308;12751;20557;41420;22889;18531;34
905;Totaal over alle leeftijden;Mannen en vrouwen;Midden-Noord-Brabant (CR);2013;454762;378860;33608;12948;20660;42294;23176;19118;34
906;Totaal over alle leeftijden;Mannen en vrouwen;Midden-Noord-Brabant (CR);2014;455095;378189;33796;13052;20744;43110;23408;19702;34
907;Totaal over alle leeftijden;Mannen en vrouwen;Midden-Noord-Brabant (CR);2015;455511;377584;34044;13206;20838;43883;23689;20194;34
908;Totaal over alle leeftijden;Mannen en vrouwen;Midden-Noord-Brabant (CR);2016;456061;377094;34262;13373;20889;44705;23962;20743;34
909;Totaal over alle leeftijden;Mannen en vrouwen;Midden-Noord-Brabant (CR);2017;456722;376721;34524;13518;21006;45477;24229;21248;34
910;Totaal over alle leeftijden;Mannen en vrouwen;Midden-Noord-Brabant (CR);2018;457314;376369;34714;13683;21031;46231;24524;21707;34
911;Totaal over alle leeftijden;Mannen en vrouwen;Midden-Noord-Brabant (CR);2019;457971;375941;34915;13868;21047;47115;24901;22214;34
912;Totaal over alle leeftijden;Mannen en vrouwen;Midden-Noord-Brabant (CR);2020;458432;375354;35248;14046;21202;47830;25175;22655;34
913;Totaal over alle leeftijden;Mannen en vrouwen;Midden-Noord-Brabant (CR);2021;458983;374853;35534;14268;21266;48596;25480;23116;34
914;Totaal over alle leeftijden;Mannen en vrouwen;Midden-Noord-Brabant (CR);2022;459617;374445;35791;14472;21319;49381;25758;23623;34
915;Totaal over alle leeftijden;Mannen en vrouwen;Midden-Noord-Brabant (CR);2023;459853;373595;36041;14623;21418;50217;26143;24074;34
916;Totaal over alle leeftijden;Mannen en vrouwen;Midden-Noord-Brabant (CR);2024;460530;373162;36262;14816;21446;51106;26524;24582;34
917;Totaal over alle leeftijden;Mannen en vrouwen;Midden-Noord-Brabant (CR);2025;460915;372518;36487;14962;21525;51910;26837;25073;34
918;Totaal over alle leeftijden;Mannen en vrouwen;Noordoost-Noord-Brabant (CR);2008;626908;545880;41589;15267;26322;39439;22312;17127;35
919;Totaal over alle leeftijden;Mannen en vrouwen;Noordoost-Noord-Brabant (CR);2009;626338;544236;41738;15366;26372;40364;22752;17612;35
920;Totaal over alle leeftijden;Mannen en vrouwen;Noordoost-Noord-Brabant (CR);2010;626063;542836;41983;15560;26423;41244;23131;18113;35
921;Totaal over alle leeftijden;Mannen en vrouwen;Noordoost-Noord-Brabant (CR);2011;625899;541579;42172;15693;26479;42148;23509;18639;35
922;Totaal over alle leeftijden;Mannen en vrouwen;Noordoost-Noord-Brabant (CR);2012;626233;540580;42522;15940;26582;43131;23898;19233;35
923;Totaal over alle leeftijden;Mannen en vrouwen;Noordoost-Noord-Brabant (CR);2013;626334;539511;42806;16127;26679;44017;24278;19739;35
924;Totaal over alle leeftijden;Mannen en vrouwen;Noordoost-Noord-Brabant (CR);2014;626695;538490;43093;16373;26720;45112;24830;20282;35
925;Totaal over alle leeftijden;Mannen en vrouwen;Noordoost-Noord-Brabant (CR);2015;627004;537553;43430;16604;26826;46021;25177;20844;35
926;Totaal over alle leeftijden;Mannen en vrouwen;Noordoost-Noord-Brabant (CR);2016;627362;536608;43761;16843;26918;46993;25554;21439;35
927;Totaal over alle leeftijden;Mannen en vrouwen;Noordoost-Noord-Brabant (CR);2017;628091;535985;44109;17099;27010;47997;26027;21970;35
928;Totaal over alle leeftijden;Mannen en vrouwen;Noordoost-Noord-Brabant (CR);2018;628883;535451;44400;17355;27045;49032;26517;22515;35
929;Totaal over alle leeftijden;Mannen en vrouwen;Noordoost-Noord-Brabant (CR);2019;629370;534397;44844;17580;27264;50129;26974;23155;35
930;Totaal over alle leeftijden;Mannen en vrouwen;Noordoost-Noord-Brabant (CR);2020;630138;533979;45160;17831;27329;50999;27365;23634;35
931;Totaal over alle leeftijden;Mannen en vrouwen;Noordoost-Noord-Brabant (CR);2021;630793;533309;45475;18087;27388;52009;27823;24186;35
932;Totaal over alle leeftijden;Mannen en vrouwen;Noordoost-Noord-Brabant (CR);2022;631746;532937;45768;18339;27429;53041;28287;24754;35
933;Totaal over alle leeftijden;Mannen en vrouwen;Noordoost-Noord-Brabant (CR);2023;632784;532450;46270;18623;27647;54064;28757;25307;35
934;Totaal over alle leeftijden;Mannen en vrouwen;Noordoost-Noord-Brabant (CR);2024;633441;531852;46566;18917;27649;55023;29125;25898;35
935;Totaal over alle leeftijden;Mannen en vrouwen;Noordoost-Noord-Brabant (CR);2025;634543;531502;46920;19252;27668;56121;29652;26469;35
936;Totaal over alle leeftijden;Mannen en vrouwen;Zuidoost-Noord-Brabant (CR);2008;729361;609068;63886;24753;39133;56407;33250;23157;36
937;Totaal over alle leeftijden;Mannen en vrouwen;Zuidoost-Noord-Brabant (CR);2009;730016;607774;64328;25202;39126;57914;33987;23927;36
938;Totaal over alle leeftijden;Mannen en vrouwen;Zuidoost-Noord-Brabant (CR);2010;730756;606561;64705;25717;38988;59490;34653;24837;36
939;Totaal over alle leeftijden;Mannen en vrouwen;Zuidoost-Noord-Brabant (CR);2011;731366;605054;65179;26254;38925;61133;35319;25814;36
940;Totaal over alle leeftijden;Mannen en vrouwen;Zuidoost-Noord-Brabant (CR);2012;731833;603307;65785;26799;38986;62741;36023;26718;36
941;Totaal over alle leeftijden;Mannen en vrouwen;Zuidoost-Noord-Brabant (CR);2013;732425;601984;66149;27224;38925;64292;36627;27665;36
942;Totaal over alle leeftijden;Mannen en vrouwen;Zuidoost-Noord-Brabant (CR);2014;733344;600958;66572;27753;38819;65814;37253;28561;36
943;Totaal over alle leeftijden;Mannen en vrouwen;Zuidoost-Noord-Brabant (CR);2015;733810;599551;67070;28309;38761;67189;37815;29374;36
944;Totaal over alle leeftijden;Mannen en vrouwen;Zuidoost-Noord-Brabant (CR);2016;734329;598025;67516;28806;38710;68788;38582;30206;36
945;Totaal over alle leeftijden;Mannen en vrouwen;Zuidoost-Noord-Brabant (CR);2017;734144;595925;68061;29273;38788;70158;39118;31040;36
946;Totaal over alle leeftijden;Mannen en vrouwen;Zuidoost-Noord-Brabant (CR);2018;734316;594187;68525;29738;38787;71604;39735;31869;36
947;Totaal over alle leeftijden;Mannen en vrouwen;Zuidoost-Noord-Brabant (CR);2019;734176;592343;68911;30154;38757;72922;40304;32618;36
948;Totaal over alle leeftijden;Mannen en vrouwen;Zuidoost-Noord-Brabant (CR);2020;734615;590801;69514;30740;38774;74300;40951;33349;36
949;Totaal over alle leeftijden;Mannen en vrouwen;Zuidoost-Noord-Brabant (CR);2021;734929;589327;69926;31178;38748;75676;41542;34134;36
950;Totaal over alle leeftijden;Mannen en vrouwen;Zuidoost-Noord-Brabant (CR);2022;735442;587851;70435;31648;38787;77156;42218;34938;36
951;Totaal over alle leeftijden;Mannen en vrouwen;Zuidoost-Noord-Brabant (CR);2023;735488;586054;70895;32029;38866;78539;42834;35705;36
952;Totaal over alle leeftijden;Mannen en vrouwen;Zuidoost-Noord-Brabant (CR);2024;735270;584012;71438;32501;38937;79820;43428;36392;36
953;Totaal over alle leeftijden;Mannen en vrouwen;Zuidoost-Noord-Brabant (CR);2025;735395;582279;71983;33026;38957;81133;44050;37083;36
954;Totaal over alle leeftijden;Mannen en vrouwen;Noord-Limburg (CR);2008;277781;230768;28656;10655;18001;18357;10440;7917;37
955;Totaal over alle leeftijden;Mannen en vrouwen;Noord-Limburg (CR);2009;277067;229575;28583;10629;17954;18909;10654;8255;37
956;Totaal over alle leeftijden;Mannen en vrouwen;Noord-Limburg (CR);2010;276558;228594;28497;10611;17886;19467;10864;8603;37
957;Totaal over alle leeftijden;Mannen en vrouwen;Noord-Limburg (CR);2011;276184;227622;28483;10633;17850;20079;11107;8972;37
958;Totaal over alle leeftijden;Mannen en vrouwen;Noord-Limburg (CR);2012;275928;226779;28505;10736;17769;20644;11273;9371;37
959;Totaal over alle leeftijden;Mannen en vrouwen;Noord-Limburg (CR);2013;275663;225892;28606;10816;17790;21165;11483;9682;37
960;Totaal over alle leeftijden;Mannen en vrouwen;Noord-Limburg (CR);2014;275425;224955;28655;10923;17732;21815;11776;10039;37
961;Totaal over alle leeftijden;Mannen en vrouwen;Noord-Limburg (CR);2015;275193;224089;28660;11019;17641;22444;12021;10423;37
962;Totaal over alle leeftijden;Mannen en vrouwen;Noord-Limburg (CR);2016;274895;223292;28654;11090;17564;22949;12349;10600;37
963;Totaal over alle leeftijden;Mannen en vrouwen;Noord-Limburg (CR);2017;274842;222819;28649;11202;17447;23374;12494;10880;37
964;Totaal over alle leeftijden;Mannen en vrouwen;Noord-Limburg (CR);2018;274804;222292;28681;11323;17358;23831;12719;11112;37
965;Totaal over alle leeftijden;Mannen en vrouwen;Noord-Limburg (CR);2019;274764;221813;28694;11406;17288;24257;12910;11347;37
966;Totaal over alle leeftijden;Mannen en vrouwen;Noord-Limburg (CR);2020;274790;221295;28667;11498;17169;24828;13216;11612;37
967;Totaal over alle leeftijden;Mannen en vrouwen;Noord-Limburg (CR);2021;274822;220765;28713;11556;17157;25344;13480;11864;37
968;Totaal over alle leeftijden;Mannen en vrouwen;Noord-Limburg (CR);2022;274726;220165;28746;11647;17099;25815;13683;12132;37
969;Totaal over alle leeftijden;Mannen en vrouwen;Noord-Limburg (CR);2023;274861;219723;28759;11724;17035;26379;13941;12438;37
970;Totaal over alle leeftijden;Mannen en vrouwen;Noord-Limburg (CR);2024;274999;219263;28913;11857;17056;26823;14143;12680;37
971;Totaal over alle leeftijden;Mannen en vrouwen;Noord-Limburg (CR);2025;275183;218982;28971;11937;17034;27230;14298;12932;37
972;Totaal over alle leeftijden;Mannen en vrouwen;Midden-Limburg (CR);2008;231654;191662;26293;9201;17092;13699;7922;5777;38
973;Totaal over alle leeftijden;Mannen en vrouwen;Midden-Limburg (CR);2009;231004;190784;26121;9161;16960;14099;8142;5957;38
974;Totaal over alle leeftijden;Mannen en vrouwen;Midden-Limburg (CR);2010;230119;189750;25943;9143;16800;14426;8294;6132;38
975;Totaal over alle leeftijden;Mannen en vrouwen;Midden-Limburg (CR);2011;229153;188601;25845;9216;16629;14707;8410;6297;38
976;Totaal over alle leeftijden;Mannen en vrouwen;Midden-Limburg (CR);2012;228543;187746;25740;9282;16458;15057;8559;6498;38
977;Totaal over alle leeftijden;Mannen en vrouwen;Midden-Limburg (CR);2013;227649;186661;25674;9432;16242;15314;8663;6651;38
978;Totaal over alle leeftijden;Mannen en vrouwen;Midden-Limburg (CR);2014;227182;185893;25611;9467;16144;15678;8785;6893;38
979;Totaal over alle leeftijden;Mannen en vrouwen;Midden-Limburg (CR);2015;226712;185173;25521;9514;16007;16018;8934;7084;38
980;Totaal over alle leeftijden;Mannen en vrouwen;Midden-Limburg (CR);2016;225965;184095;25468;9608;15860;16402;9128;7274;38
981;Totaal over alle leeftijden;Mannen en vrouwen;Midden-Limburg (CR);2017;225547;183474;25400;9658;15742;16673;9188;7485;38
982;Totaal over alle leeftijden;Mannen en vrouwen;Midden-Limburg (CR);2018;224852;182642;25254;9688;15566;16956;9329;7627;38
983;Totaal over alle leeftijden;Mannen en vrouwen;Midden-Limburg (CR);2019;224368;181867;25217;9772;15445;17284;9526;7758;38
984;Totaal over alle leeftijden;Mannen en vrouwen;Midden-Limburg (CR);2020;223772;181007;25154;9779;15375;17611;9640;7971;38
985;Totaal over alle leeftijden;Mannen en vrouwen;Midden-Limburg (CR);2021;223003;180063;24957;9713;15244;17983;9791;8192;38
986;Totaal over alle leeftijden;Mannen en vrouwen;Midden-Limburg (CR);2022;222322;179293;24881;9771;15110;18148;9865;8283;38
987;Totaal over alle leeftijden;Mannen en vrouwen;Midden-Limburg (CR);2023;221812;178624;24826;9852;14974;18362;9958;8404;38
988;Totaal over alle leeftijden;Mannen en vrouwen;Midden-Limburg (CR);2024;221239;177885;24821;9882;14939;18533;10086;8447;38
989;Totaal over alle leeftijden;Mannen en vrouwen;Midden-Limburg (CR);2025;220742;177134;24789;9919;14870;18819;10255;8564;38
990;Totaal over alle leeftijden;Mannen en vrouwen;Zuid-Limburg (CR);2008;612573;479311;102577;36351;66226;30685;18554;12131;39
991;Totaal over alle leeftijden;Mannen en vrouwen;Zuid-Limburg (CR);2009;609298;476931;100708;35959;64749;31659;18867;12792;39
992;Totaal over alle leeftijden;Mannen en vrouwen;Zuid-Limburg (CR);2010;605975;474601;98858;35497;63361;32516;19151;13365;39
993;Totaal over alle leeftijden;Mannen en vrouwen;Zuid-Limburg (CR);2011;602974;472419;97178;35247;61931;33377;19409;13968;39
994;Totaal over alle leeftijden;Mannen en vrouwen;Zuid-Limburg (CR);2012;599838;470042;95523;34967;60556;34273;19660;14613;39
995;Totaal over alle leeftijden;Mannen en vrouwen;Zuid-Limburg (CR);2013;597116;468031;93870;34709;59161;35215;19910;15305;39
996;Totaal over alle leeftijden;Mannen en vrouwen;Zuid-Limburg (CR);2014;594203;465822;92314;34445;57869;36067;20186;15881;39
997;Totaal over alle leeftijden;Mannen en vrouwen;Zuid-Limburg (CR);2015;591312;463579;90806;34120;56686;36927;20506;16421;39
998;Totaal over alle leeftijden;Mannen en vrouwen;Zuid-Limburg (CR);2016;588713;461672;89289;33779;55510;37752;20814;16938;39
999;Totaal over alle leeftijden;Mannen en vrouwen;Zuid-Limburg (CR);2017;586020;459656;87786;33564;54222;38578;21066;17512;39
1000;Totaal over alle leeftijden;Mannen en vrouwen;Zuid-Limburg (CR);2018;583280;457549;86331;33292;53039;39400;21359;18041;39
1001;Totaal over alle leeftijden;Mannen en vrouwen;Zuid-Limburg (CR);2019;580708;455613;84971;32998;51973;40124;21581;18543;39
1002;Totaal over alle leeftijden;Mannen en vrouwen;Zuid-Limburg (CR);2020;578075;453598;83541;32760;50781;40936;21895;19041;39
1003;Totaal over alle leeftijden;Mannen en vrouwen;Zuid-Limburg (CR);2021;575608;451551;82427;32592;49835;41630;22170;19460;39
1004;Totaal over alle leeftijden;Mannen en vrouwen;Zuid-Limburg (CR);2022;573014;449502;81167;32314;48853;42345;22444;19901;39
1005;Totaal over alle leeftijden;Mannen en vrouwen;Zuid-Limburg (CR);2023;570385;447213;80077;32156;47921;43095;22649;20446;39
1006;Totaal over alle leeftijden;Mannen en vrouwen;Zuid-Limburg (CR);2024;567856;445024;78918;31934;46984;43914;22973;20941;39
1007;Totaal over alle leeftijden;Mannen en vrouwen;Zuid-Limburg (CR);2025;565282;442822;77893;31773;46120;44567;23251;21316;39
1008;Totaal over alle leeftijden;Mannen en vrouwen;Flevoland (CR);2008;379386;281434;31192;12347;18845;66760;36648;30112;40
1009;Totaal over alle leeftijden;Mannen en vrouwen;Flevoland (CR);2009;383741;283657;31794;12600;19194;68290;36771;31519;40
1010;Totaal over alle leeftijden;Mannen en vrouwen;Flevoland (CR);2010;388002;285426;32524;12874;19650;70052;37159;32893;40
1011;Totaal over alle leeftijden;Mannen en vrouwen;Flevoland (CR);2011;392247;287215;33196;13181;20015;71836;37550;34286;40
1012;Totaal over alle leeftijden;Mannen en vrouwen;Flevoland (CR);2012;396489;289064;33864;13493;20371;73561;37884;35677;40
1013;Totaal over alle leeftijden;Mannen en vrouwen;Flevoland (CR);2013;400933;290867;34564;13849;20715;75502;38333;37169;40
1014;Totaal over alle leeftijden;Mannen en vrouwen;Flevoland (CR);2014;405682;292999;35364;14219;21145;77319;38712;38607;40
1015;Totaal over alle leeftijden;Mannen en vrouwen;Flevoland (CR);2015;409857;294763;36050;14587;21463;79044;39089;39955;40
1016;Totaal over alle leeftijden;Mannen en vrouwen;Flevoland (CR);2016;414278;296630;36874;14963;21911;80774;39703;41071;40
1017;Totaal over alle leeftijden;Mannen en vrouwen;Flevoland (CR);2017;418828;298626;37607;15313;22294;82595;40278;42317;40
1018;Totaal over alle leeftijden;Mannen en vrouwen;Flevoland (CR);2018;423046;300299;38365;15683;22682;84382;40819;43563;40
1019;Totaal over alle leeftijden;Mannen en vrouwen;Flevoland (CR);2019;426929;301778;39183;16066;23117;85968;41381;44587;40
1020;Totaal over alle leeftijden;Mannen en vrouwen;Flevoland (CR);2020;431019;303582;39890;16405;23485;87547;41775;45772;40
1021;Totaal over alle leeftijden;Mannen en vrouwen;Flevoland (CR);2021;434814;305167;40650;16783;23867;88997;42187;46810;40
1022;Totaal over alle leeftijden;Mannen en vrouwen;Flevoland (CR);2022;438613;306758;41400;17102;24298;90455;42717;47738;40
1023;Totaal over alle leeftijden;Mannen en vrouwen;Flevoland (CR);2023;442444;308298;42206;17514;24692;91940;43208;48732;40
1024;Totaal over alle leeftijden;Mannen en vrouwen;Flevoland (CR);2024;446516;309919;43101;17902;25199;93496;43638;49858;40
1025;Totaal over alle leeftijden;Mannen en vrouwen;Flevoland (CR);2025;450436;311277;43960;18350;25610;95199;44263;50936;40
1026;Totaal over alle leeftijden;Mannen en vrouwen;Groningen (GA);2008;201393;165745;18334;7983;10351;17314;10693;6621;1
1027;Totaal over alle leeftijden;Mannen en vrouwen;Groningen (GA);2009;202887;167000;18337;7983;10354;17550;10731;6819;1
1028;Totaal over alle leeftijden;Mannen en vrouwen;Groningen (GA);2010;204592;168396;18376;8035;10341;17820;10796;7024;1
1029;Totaal over alle leeftijden;Mannen en vrouwen;Groningen (GA);2011;207028;170393;18479;8090;10389;18156;10838;7318;1
1030;Totaal over alle leeftijden;Mannen en vrouwen;Groningen (GA);2012;209305;172273;18596;8151;10445;18436;10903;7533;1
1031;Totaal over alle leeftijden;Mannen en vrouwen;Groningen (GA);2013;211635;174203;18665;8212;10453;18767;11019;7748;1
1032;Totaal over alle leeftijden;Mannen en vrouwen;Groningen (GA);2014;214323;176531;18743;8247;10496;19049;11124;7925;1
1033;Totaal over alle leeftijden;Mannen en vrouwen;Groningen (GA);2015;217115;178898;18850;8336;10514;19367;11190;8177;1
1034;Totaal over alle leeftijden;Mannen en vrouwen;Groningen (GA);2016;219803;180999;19002;8427;10575;19802;11350;8452;1
1035;Totaal over alle leeftijden;Mannen en vrouwen;Groningen (GA);2017;222198;182948;19129;8491;10638;20121;11492;8629;1
1036;Totaal over alle leeftijden;Mannen en vrouwen;Groningen (GA);2018;224814;185075;19203;8530;10673;20536;11619;8917;1
1037;Totaal over alle leeftijden;Mannen en vrouwen;Groningen (GA);2019;227420;187192;19316;8584;10732;20912;11788;9124;1
1038;Totaal over alle leeftijden;Mannen en vrouwen;Groningen (GA);2020;230054;189372;19418;8642;10776;21264;11868;9396;1
1039;Totaal over alle leeftijden;Mannen en vrouwen;Groningen (GA);2021;232577;191324;19561;8724;10837;21692;12070;9622;1
1040;Totaal over alle leeftijden;Mannen en vrouwen;Groningen (GA);2022;234996;193167;19722;8855;10867;22107;12201;9906;1
1041;Totaal over alle leeftijden;Mannen en vrouwen;Groningen (GA);2023;237324;195029;19809;8893;10916;22486;12362;10124;1
1042;Totaal over alle leeftijden;Mannen en vrouwen;Groningen (GA);2024;239569;196621;19966;8963;11003;22982;12491;10491;1
1043;Totaal over alle leeftijden;Mannen en vrouwen;Groningen (GA);2025;241689;198156;20130;9068;11062;23403;12654;10749;1
1044;Totaal over alle leeftijden;Mannen en vrouwen;Leeuwarden (GA);2008;95098;80108;6579;2511;4068;8411;5284;3127;2
1045;Totaal over alle leeftijden;Mannen en vrouwen;Leeuwarden (GA);2009;96459;81277;6627;2526;4101;8555;5260;3295;2
1046;Totaal over alle leeftijden;Mannen en vrouwen;Leeuwarden (GA);2010;97358;81931;6698;2572;4126;8729;5266;3463;2
1047;Totaal over alle leeftijden;Mannen en vrouwen;Leeuwarden (GA);2011;98072;82498;6689;2527;4162;8885;5294;3591;2
1048;Totaal over alle leeftijden;Mannen en vrouwen;Leeuwarden (GA);2012;98673;83010;6703;2514;4189;8960;5285;3675;2
1049;Totaal over alle leeftijden;Mannen en vrouwen;Leeuwarden (GA);2013;99386;83540;6723;2541;4182;9123;5322;3801;2
1050;Totaal over alle leeftijden;Mannen en vrouwen;Leeuwarden (GA);2014;100102;84123;6765;2543;4222;9214;5299;3915;2
1051;Totaal over alle leeftijden;Mannen en vrouwen;Leeuwarden (GA);2015;100944;84764;6824;2570;4254;9356;5318;4038;2
1052;Totaal over alle leeftijden;Mannen en vrouwen;Leeuwarden (GA);2016;101697;85346;6836;2572;4264;9515;5365;4150;2
1053;Totaal over alle leeftijden;Mannen en vrouwen;Leeuwarden (GA);2017;102565;85987;6899;2599;4300;9679;5439;4240;2
1054;Totaal over alle leeftijden;Mannen en vrouwen;Leeuwarden (GA);2018;103443;86610;6946;2636;4310;9887;5489;4398;2
1055;Totaal over alle leeftijden;Mannen en vrouwen;Leeuwarden (GA);2019;104366;87369;6971;2641;4330;10026;5507;4519;2
1056;Totaal over alle leeftijden;Mannen en vrouwen;Leeuwarden (GA);2020;105320;88090;7007;2664;4343;10223;5570;4653;2
1057;Totaal over alle leeftijden;Mannen en vrouwen;Leeuwarden (GA);2021;106246;88854;7050;2664;4386;10342;5594;4748;2
1058;Totaal over alle leeftijden;Mannen en vrouwen;Leeuwarden (GA);2022;107221;89639;7057;2644;4413;10525;5626;4899;2
1059;Totaal over alle leeftijden;Mannen en vrouwen;Leeuwarden (GA);2023;108208;90408;7093;2670;4423;10707;5632;5075;2
1060;Totaal over alle leeftijden;Mannen en vrouwen;Leeuwarden (GA);2024;109177;91177;7093;2688;4405;10907;5722;5185;2
1061;Totaal over alle leeftijden;Mannen en vrouwen;Leeuwarden (GA);2025;110093;91823;7151;2706;4445;11119;5780;5339;2
1062;Totaal over alle leeftijden;Mannen en vrouwen;Zwolle (GA);2008;115006;97547;7584;2666;4918;9875;5765;4110;3
1063;Totaal over alle leeftijden;Mannen en vrouwen;Zwolle (GA);2009;116026;98400;7604;2704;4900;10022;5816;4206;3
1064;Totaal over alle leeftijden;Mannen en vrouwen;Zwolle (GA);2010;116963;99152;7677;2734;4943;10134;5847;4287;3
1065;Totaal over alle leeftijden;Mannen en vrouwen;Zwolle (GA);2011;117847;99825;7752;2779;4973;10270;5879;4391;3
1066;Totaal over alle leeftijden;Mannen en vrouwen;Zwolle (GA);2012;118735;100462;7843;2824;5019;10430;5951;4479;3
1067;Totaal over alle leeftijden;Mannen en vrouwen;Zwolle (GA);2013;119710;101184;7916;2851;5065;10610;6041;4569;3
1068;Totaal over alle leeftijden;Mannen en vrouwen;Zwolle (GA);2014;120676;101911;7994;2928;5066;10771;6079;4692;3
1069;Totaal over alle leeftijden;Mannen en vrouwen;Zwolle (GA);2015;121651;102606;8077;2974;5103;10968;6182;4786;3
1070;Totaal over alle leeftijden;Mannen en vrouwen;Zwolle (GA);2016;122603;103280;8173;3018;5155;11150;6253;4897;3
1071;Totaal over alle leeftijden;Mannen en vrouwen;Zwolle (GA);2017;123458;103832;8238;3060;5178;11388;6346;5042;3
1072;Totaal over alle leeftijden;Mannen en vrouwen;Zwolle (GA);2018;124387;104525;8308;3101;5207;11554;6436;5118;3
1073;Totaal over alle leeftijden;Mannen en vrouwen;Zwolle (GA);2019;125182;105072;8375;3171;5204;11735;6533;5202;3
1074;Totaal over alle leeftijden;Mannen en vrouwen;Zwolle (GA);2020;125956;105507;8503;3236;5267;11946;6656;5290;3
1075;Totaal over alle leeftijden;Mannen en vrouwen;Zwolle (GA);2021;126561;105896;8558;3308;5250;12107;6734;5373;3
1076;Totaal over alle leeftijden;Mannen en vrouwen;Zwolle (GA);2022;127218;106277;8645;3369;5276;12296;6820;5476;3
1077;Totaal over alle leeftijden;Mannen en vrouwen;Zwolle (GA);2023;127868;106672;8703;3364;5339;12493;6948;5545;3
1078;Totaal over alle leeftijden;Mannen en vrouwen;Zwolle (GA);2024;128308;106930;8719;3379;5340;12659;7028;5631;3
1079;Totaal over alle leeftijden;Mannen en vrouwen;Zwolle (GA);2025;128729;107153;8737;3409;5328;12839;7108;5731;3
1080;Totaal over alle leeftijden;Mannen en vrouwen;Enschede (GA);2008;156346;115199;19196;7552;11644;21951;12510;9441;4
1081;Totaal over alle leeftijden;Mannen en vrouwen;Enschede (GA);2009;157327;116139;19231;7606;11625;21957;12258;9699;4
1082;Totaal over alle leeftijden;Mannen en vrouwen;Enschede (GA);2010;157877;116630;19273;7685;11588;21974;12082;9892;4
1083;Totaal over alle leeftijden;Mannen en vrouwen;Enschede (GA);2011;158061;116718;19293;7763;11530;22050;11948;10102;4
1084;Totaal over alle leeftijden;Mannen en vrouwen;Enschede (GA);2012;158272;116851;19322;7807;11515;22099;11816;10283;4
1085;Totaal over alle leeftijden;Mannen en vrouwen;Enschede (GA);2013;158471;117035;19276;7812;11464;22160;11653;10507;4
1086;Totaal over alle leeftijden;Mannen en vrouwen;Enschede (GA);2014;158607;117178;19240;7875;11365;22189;11552;10637;4
1087;Totaal over alle leeftijden;Mannen en vrouwen;Enschede (GA);2015;158698;117156;19261;7957;11304;22281;11503;10778;4
1088;Totaal over alle leeftijden;Mannen en vrouwen;Enschede (GA);2016;158659;117139;19228;8012;11216;22292;11432;10860;4
1089;Totaal over alle leeftijden;Mannen en vrouwen;Enschede (GA);2017;158814;117223;19255;8115;11140;22336;11428;10908;4
1090;Totaal over alle leeftijden;Mannen en vrouwen;Enschede (GA);2018;158936;117326;19217;8137;11080;22393;11430;10963;4
1091;Totaal over alle leeftijden;Mannen en vrouwen;Enschede (GA);2019;159048;117321;19280;8248;11032;22447;11383;11064;4
1092;Totaal over alle leeftijden;Mannen en vrouwen;Enschede (GA);2020;159023;117254;19269;8299;10970;22500;11344;11156;4
1093;Totaal over alle leeftijden;Mannen en vrouwen;Enschede (GA);2021;159177;117350;19239;8322;10917;22588;11326;11262;4
1094;Totaal over alle leeftijden;Mannen en vrouwen;Enschede (GA);2022;159194;117356;19227;8419;10808;22611;11273;11338;4
1095;Totaal over alle leeftijden;Mannen en vrouwen;Enschede (GA);2023;159373;117463;19216;8485;10731;22694;11242;11452;4
1096;Totaal over alle leeftijden;Mannen en vrouwen;Enschede (GA);2024;159637;117572;19233;8553;10680;22832;11253;11579;4
1097;Totaal over alle leeftijden;Mannen en vrouwen;Enschede (GA);2025;159619;117483;19205;8599;10606;22931;11304;11627;4
1098;Totaal over alle leeftijden;Mannen en vrouwen;Apeldoorn (GA);2008;154986;131553;12182;4348;7834;11251;6516;4735;5
1099;Totaal over alle leeftijden;Mannen en vrouwen;Apeldoorn (GA);2009;154659;130979;12155;4321;7834;11525;6564;4961;5
1100;Totaal over alle leeftijden;Mannen en vrouwen;Apeldoorn (GA);2010;154390;130475;12135;4324;7811;11780;6689;5091;5
1101;Totaal over alle leeftijden;Mannen en vrouwen;Apeldoorn (GA);2011;154023;129880;12112;4272;7840;12031;6770;5261;5
1102;Totaal over alle leeftijden;Mannen en vrouwen;Apeldoorn (GA);2012;154485;130080;12085;4263;7822;12320;6931;5389;5
1103;Totaal over alle leeftijden;Mannen en vrouwen;Apeldoorn (GA);2013;154681;129988;12148;4331;7817;12545;7004;5541;5
1104;Totaal over alle leeftijden;Mannen en vrouwen;Apeldoorn (GA);2014;155132;130043;12215;4340;7875;12874;7175;5699;5
1105;Totaal over alle leeftijden;Mannen en vrouwen;Apeldoorn (GA);2015;155573;130133;12278;4346;7932;13162;7263;5899;5
1106;Totaal over alle leeftijden;Mannen en vrouwen;Apeldoorn (GA);2016;155904;130123;12327;4379;7948;13454;7340;6114;5
1107;Totaal over alle leeftijden;Mannen en vrouwen;Apeldoorn (GA);2017;156205;130194;12311;4420;7891;13700;7449;6251;5
1108;Totaal over alle leeftijden;Mannen en vrouwen;Apeldoorn (GA);2018;156409;130127;12325;4459;7866;13957;7562;6395;5
1109;Totaal over alle leeftijden;Mannen en vrouwen;Apeldoorn (GA);2019;156425;129964;12332;4470;7862;14129;7615;6514;5
1110;Totaal over alle leeftijden;Mannen en vrouwen;Apeldoorn (GA);2020;156307;129552;12324;4476;7848;14431;7763;6668;5
1111;Totaal over alle leeftijden;Mannen en vrouwen;Apeldoorn (GA);2021;156042;129162;12280;4486;7794;14600;7845;6755;5
1112;Totaal over alle leeftijden;Mannen en vrouwen;Apeldoorn (GA);2022;155765;128647;12302;4496;7806;14816;7944;6872;5
1113;Totaal over alle leeftijden;Mannen en vrouwen;Apeldoorn (GA);2023;155438;128247;12276;4551;7725;14915;7997;6918;5
1114;Totaal over alle leeftijden;Mannen en vrouwen;Apeldoorn (GA);2024;154895;127586;12225;4559;7666;15084;8105;6979;5
1115;Totaal over alle leeftijden;Mannen en vrouwen;Apeldoorn (GA);2025;154654;127163;12217;4589;7628;15274;8163;7111;5
1116;Totaal over alle leeftijden;Mannen en vrouwen;Arnhem (GA);2008;146406;105745;16272;6303;9969;24389;14473;9916;6
1117;Totaal over alle leeftijden;Mannen en vrouwen;Arnhem (GA);2009;147983;107204;16298;6310;9988;24481;14316;10165;6
1118;Totaal over alle leeftijden;Mannen en vrouwen;Arnhem (GA);2010;149511;108613;16339;6362;9977;24559;14152;10407;6
1119;Totaal over alle leeftijden;Mannen en vrouwen;Arnhem (GA);2011;151275;110120;16421;6390;10031;24734;14004;10730;6
1120;Totaal over alle leeftijden;Mannen en vrouwen;Arnhem (GA);2012;152266;110946;16428;6425;10003;24892;13865;11027;6
1121;Totaal over alle leeftijden;Mannen en vrouwen;Arnhem (GA);2013;153378;111869;16516;6496;10020;24993;13767;11226;6
1122;Totaal over alle leeftijden;Mannen en vrouwen;Arnhem (GA);2014;154266;112684;16467;6539;9928;25115;13628;11487;6
1123;Totaal over alle leeftijden;Mannen en vrouwen;Arnhem (GA);2015;155223;113458;16527;6584;9943;25238;13609;11629;6
1124;Totaal over alle leeftijden;Mannen en vrouwen;Arnhem (GA);2016;155793;113927;16509;6617;9892;25357;13543;11814;6
1125;Totaal over alle leeftijden;Mannen en vrouwen;Arnhem (GA);2017;155908;114040;16399;6578;9821;25469;13518;11951;6
1126;Totaal over alle leeftijden;Mannen en vrouwen;Arnhem (GA);2018;156166;114281;16316;6533;9783;25569;13444;12125;6
1127;Totaal over alle leeftijden;Mannen en vrouwen;Arnhem (GA);2019;156028;114177;16264;6564;9700;25587;13353;12234;6
1128;Totaal over alle leeftijden;Mannen en vrouwen;Arnhem (GA);2020;155999;114138;16232;6574;9658;25629;13326;12303;6
1129;Totaal over alle leeftijden;Mannen en vrouwen;Arnhem (GA);2021;156295;114259;16208;6570;9638;25828;13360;12468;6
1130;Totaal over alle leeftijden;Mannen en vrouwen;Arnhem (GA);2022;156144;114105;16153;6545;9608;25886;13330;12556;6
1131;Totaal over alle leeftijden;Mannen en vrouwen;Arnhem (GA);2023;155947;113888;16100;6516;9584;25959;13298;12661;6
1132;Totaal over alle leeftijden;Mannen en vrouwen;Arnhem (GA);2024;155993;113813;16072;6545;9527;26108;13257;12851;6
1133;Totaal over alle leeftijden;Mannen en vrouwen;Arnhem (GA);2025;155760;113549;15967;6530;9437;26244;13204;13040;6
1134;Totaal over alle leeftijden;Mannen en vrouwen;Nijmegen (GA);2008;162474;124000;19224;7684;11540;19250;11399;7851;7
1135;Totaal over alle leeftijden;Mannen en vrouwen;Nijmegen (GA);2009;163753;125085;19307;7739;11568;19361;11288;8073;7
1136;Totaal over alle leeftijden;Mannen en vrouwen;Nijmegen (GA);2010;165280;126385;19428;7881;11547;19467;11165;8302;7
1137;Totaal over alle leeftijden;Mannen en vrouwen;Nijmegen (GA);2011;166563;127434;19550;7956;11594;19579;11128;8451;7
1138;Totaal over alle leeftijden;Mannen en vrouwen;Nijmegen (GA);2012;167624;128333;19623;8063;11560;19668;11072;8596;7
1139;Totaal over alle leeftijden;Mannen en vrouwen;Nijmegen (GA);2013;168834;129343;19727;8170;11557;19764;10997;8767;7
1140;Totaal over alle leeftijden;Mannen en vrouwen;Nijmegen (GA);2014;169780;130109;19762;8232;11530;19909;10978;8931;7
1141;Totaal over alle leeftijden;Mannen en vrouwen;Nijmegen (GA);2015;170813;130916;19872;8348;11524;20025;10992;9033;7
1142;Totaal over alle leeftijden;Mannen en vrouwen;Nijmegen (GA);2016;172365;132004;20071;8487;11584;20290;11017;9273;7
1143;Totaal over alle leeftijden;Mannen en vrouwen;Nijmegen (GA);2017;173915;133219;20210;8618;11592;20486;11047;9439;7
1144;Totaal over alle leeftijden;Mannen en vrouwen;Nijmegen (GA);2018;175401;134347;20303;8723;11580;20751;11103;9648;7
1145;Totaal over alle leeftijden;Mannen en vrouwen;Nijmegen (GA);2019;176671;135347;20375;8802;11573;20949;11092;9857;7
1146;Totaal over alle leeftijden;Mannen en vrouwen;Nijmegen (GA);2020;177792;136244;20470;8892;11578;21078;11089;9989;7
1147;Totaal over alle leeftijden;Mannen en vrouwen;Nijmegen (GA);2021;179094;137057;20627;9011;11616;21410;11187;10223;7
1148;Totaal over alle leeftijden;Mannen en vrouwen;Nijmegen (GA);2022;180080;137670;20737;9119;11618;21673;11255;10418;7
1149;Totaal over alle leeftijden;Mannen en vrouwen;Nijmegen (GA);2023;180903;138157;20809;9280;11529;21937;11305;10632;7
1150;Totaal over alle leeftijden;Mannen en vrouwen;Nijmegen (GA);2024;181863;138733;20911;9401;11510;22219;11388;10831;7
1151;Totaal over alle leeftijden;Mannen en vrouwen;Nijmegen (GA);2025;182614;139123;20954;9497;11457;22537;11508;11029;7
1152;Totaal over alle leeftijden;Mannen en vrouwen;Amersfoort (GA);2008;169349;135032;14254;5206;9048;20063;11637;8426;8
1153;Totaal over alle leeftijden;Mannen en vrouwen;Amersfoort (GA);2009;171198;136451;14451;5300;9151;20296;11666;8630;8
1154;Totaal over alle leeftijden;Mannen en vrouwen;Amersfoort (GA);2010;173263;138015;14655;5381;9274;20593;11712;8881;8
1155;Totaal over alle leeftijden;Mannen en vrouwen;Amersfoort (GA);2011;175136;139463;14863;5483;9380;20810;11752;9058;8
1156;Totaal over alle leeftijden;Mannen en vrouwen;Amersfoort (GA);2012;176918;140791;15048;5579;9469;21079;11819;9260;8
1157;Totaal over alle leeftijden;Mannen en vrouwen;Amersfoort (GA);2013;178559;142028;15208;5648;9560;21323;11875;9448;8
1158;Totaal over alle leeftijden;Mannen en vrouwen;Amersfoort (GA);2014;180085;143157;15389;5739;9650;21539;11965;9574;8
1159;Totaal over alle leeftijden;Mannen en vrouwen;Amersfoort (GA);2015;181662;144306;15613;5893;9720;21743;12007;9736;8
1160;Totaal over alle leeftijden;Mannen en vrouwen;Amersfoort (GA);2016;183274;145480;15817;5970;9847;21977;12122;9855;8
1161;Totaal over alle leeftijden;Mannen en vrouwen;Amersfoort (GA);2017;184282;146247;15937;6044;9893;22098;12229;9869;8
1162;Totaal over alle leeftijden;Mannen en vrouwen;Amersfoort (GA);2018;185126;146751;16058;6130;9928;22317;12295;10022;8
1163;Totaal over alle leeftijden;Mannen en vrouwen;Amersfoort (GA);2019;186354;147564;16248;6227;10021;22542;12429;10113;8
1164;Totaal over alle leeftijden;Mannen en vrouwen;Amersfoort (GA);2020;187110;148176;16347;6281;10066;22587;12489;10098;8
1165;Totaal over alle leeftijden;Mannen en vrouwen;Amersfoort (GA);2021;187833;148575;16565;6435;10130;22693;12579;10114;8
1166;Totaal over alle leeftijden;Mannen en vrouwen;Amersfoort (GA);2022;188610;149157;16606;6476;10130;22847;12668;10179;8
1167;Totaal over alle leeftijden;Mannen en vrouwen;Amersfoort (GA);2023;189401;149601;16709;6593;10116;23091;12774;10317;8
1168;Totaal over alle leeftijden;Mannen en vrouwen;Amersfoort (GA);2024;190298;150074;16881;6718;10163;23343;12945;10398;8
1169;Totaal over alle leeftijden;Mannen en vrouwen;Amersfoort (GA);2025;190975;150459;17028;6822;10206;23488;13024;10464;8
1170;Totaal over alle leeftijden;Mannen en vrouwen;Utrecht (GA);2008;430353;313987;40964;16922;24042;75402;41608;33794;9
1171;Totaal over alle leeftijden;Mannen en vrouwen;Utrecht (GA);2009;435932;317778;41793;17326;24467;76361;41604;34757;9
1172;Totaal over alle leeftijden;Mannen en vrouwen;Utrecht (GA);2010;441040;321374;42471;17613;24858;77195;41633;35562;9
1173;Totaal over alle leeftijden;Mannen en vrouwen;Utrecht (GA);2011;446561;325050;43335;18125;25210;78176;41649;36527;9
1174;Totaal over alle leeftijden;Mannen en vrouwen;Utrecht (GA);2012;452276;328910;44145;18560;25585;79221;41780;37441;9
1175;Totaal over alle leeftijden;Mannen en vrouwen;Utrecht (GA);2013;458362;333159;45011;18988;26023;80192;41781;38411;9
1176;Totaal over alle leeftijden;Mannen en vrouwen;Utrecht (GA);2014;464419;337264;45927;19537;26390;81228;41914;39314;9
1177;Totaal over alle leeftijden;Mannen en vrouwen;Utrecht (GA);2015;470562;341509;46798;20035;26763;82255;42001;40254;9
1178;Totaal over alle leeftijden;Mannen en vrouwen;Utrecht (GA);2016;476311;345433;47647;20496;27151;83231;42101;41130;9
1179;Totaal over alle leeftijden;Mannen en vrouwen;Utrecht (GA);2017;481903;349157;48525;21002;27523;84221;42224;41997;9
1180;Totaal over alle leeftijden;Mannen en vrouwen;Utrecht (GA);2018;487916;353242;49448;21455;27993;85226;42375;42851;9
1181;Totaal over alle leeftijden;Mannen en vrouwen;Utrecht (GA);2019;493803;357222;50356;21912;28444;86225;42504;43721;9
1182;Totaal over alle leeftijden;Mannen en vrouwen;Utrecht (GA);2020;499128;360801;51211;22305;28906;87116;42607;44509;9
1183;Totaal over alle leeftijden;Mannen en vrouwen;Utrecht (GA);2021;504702;364295;52221;22842;29379;88186;42882;45304;9
1184;Totaal over alle leeftijden;Mannen en vrouwen;Utrecht (GA);2022;510235;367711;53215;23313;29902;89309;43061;46248;9
1185;Totaal over alle leeftijden;Mannen en vrouwen;Utrecht (GA);2023;515291;370826;54029;23667;30362;90436;43480;46956;9
1186;Totaal over alle leeftijden;Mannen en vrouwen;Utrecht (GA);2024;520553;374203;54969;24165;30804;91381;43752;47629;9
1187;Totaal over alle leeftijden;Mannen en vrouwen;Utrecht (GA);2025;525817;377511;55856;24737;31119;92450;43963;48487;9
1188;Totaal over alle leeftijden;Mannen en vrouwen;Amsterdam (GA);2008;1033951;602005;141267;74661;66606;290679;170135;120544;10
1189;Totaal over alle leeftijden;Mannen en vrouwen;Amsterdam (GA);2009;1041159;606290;144528;76981;67547;290341;167908;122433;10
1190;Totaal over alle leeftijden;Mannen en vrouwen;Amsterdam (GA);2010;1049531;611155;148193;79631;68562;290183;165901;124282;10
1191;Totaal over alle leeftijden;Mannen en vrouwen;Amsterdam (GA);2011;1056872;614839;151816;82279;69537;290217;164083;126134;10
1192;Totaal over alle leeftijden;Mannen en vrouwen;Amsterdam (GA);2012;1063633;617931;155485;84954;70531;290217;162351;127866;10
1193;Totaal over alle leeftijden;Mannen en vrouwen;Amsterdam (GA);2013;1070598;621277;159036;87502;71534;290285;160729;129556;10
1194;Totaal over alle leeftijden;Mannen en vrouwen;Amsterdam (GA);2014;1077701;624793;162572;90064;72508;290336;159120;131216;10
1195;Totaal over alle leeftijden;Mannen en vrouwen;Amsterdam (GA);2015;1084585;628024;166109;92532;73577;290452;157577;132875;10
1196;Totaal over alle leeftijden;Mannen en vrouwen;Amsterdam (GA);2016;1091702;631586;169666;94879;74787;290450;156001;134449;10
1197;Totaal over alle leeftijden;Mannen en vrouwen;Amsterdam (GA);2017;1097995;634686;172769;96980;75789;290540;154688;135852;10
1198;Totaal over alle leeftijden;Mannen en vrouwen;Amsterdam (GA);2018;1104515;637704;176395;99288;77107;290416;153242;137174;10
1199;Totaal over alle leeftijden;Mannen en vrouwen;Amsterdam (GA);2019;1110745;640637;179610;101444;78166;290498;152070;138428;10
1200;Totaal over alle leeftijden;Mannen en vrouwen;Amsterdam (GA);2020;1117140;643627;182875;103493;79382;290638;150826;139812;10
1201;Totaal over alle leeftijden;Mannen en vrouwen;Amsterdam (GA);2021;1123132;646522;186162;105602;80560;290448;149559;140889;10
1202;Totaal over alle leeftijden;Mannen en vrouwen;Amsterdam (GA);2022;1128156;648311;189278;107617;81661;290567;148532;142035;10
1203;Totaal over alle leeftijden;Mannen en vrouwen;Amsterdam (GA);2023;1133318;650306;192463;109574;82889;290549;147376;143173;10
1204;Totaal over alle leeftijden;Mannen en vrouwen;Amsterdam (GA);2024;1138675;652209;195590;111482;84108;290876;146407;144469;10
1205;Totaal over alle leeftijden;Mannen en vrouwen;Amsterdam (GA);2025;1143244;653491;198606;113278;85328;291147;145389;145758;10
1206;Totaal over alle leeftijden;Mannen en vrouwen;Haarlem (GA);2008;188281;146294;20890;8109;12781;21097;11916;9181;11
1207;Totaal over alle leeftijden;Mannen en vrouwen;Haarlem (GA);2009;188262;145749;21082;8239;12843;21431;12007;9424;11
1208;Totaal over alle leeftijden;Mannen en vrouwen;Haarlem (GA);2010;188361;145343;21228;8408;12820;21790;12136;9654;11
1209;Totaal over alle leeftijden;Mannen en vrouwen;Haarlem (GA);2011;187996;144586;21411;8607;12804;21999;12207;9792;11
1210;Totaal over alle leeftijden;Mannen en vrouwen;Haarlem (GA);2012;188087;144195;21598;8767;12831;22294;12275;10019;11
1211;Totaal over alle leeftijden;Mannen en vrouwen;Haarlem (GA);2013;187893;143587;21733;8955;12778;22573;12390;10183;11
1212;Totaal over alle leeftijden;Mannen en vrouwen;Haarlem (GA);2014;187743;143027;21859;9121;12738;22857;12479;10378;11
1213;Totaal over alle leeftijden;Mannen en vrouwen;Haarlem (GA);2015;187623;142500;22092;9321;12771;23031;12553;10478;11
1214;Totaal over alle leeftijden;Mannen en vrouwen;Haarlem (GA);2016;187904;142293;22306;9482;12824;23305;12649;10656;11
1215;Totaal over alle leeftijden;Mannen en vrouwen;Haarlem (GA);2017;188086;141901;22625;9763;12862;23560;12689;10871;11
1216;Totaal over alle leeftijden;Mannen en vrouwen;Haarlem (GA);2018;188230;141553;22875;9978;12897;23802;12821;10981;11
1217;Totaal over alle leeftijden;Mannen en vrouwen;Haarlem (GA);2019;188559;141290;23246;10222;13024;24023;12945;11078;11
1218;Totaal over alle leeftijden;Mannen en vrouwen;Haarlem (GA);2020;188657;140963;23493;10418;13075;24201;13030;11171;11
1219;Totaal over alle leeftijden;Mannen en vrouwen;Haarlem (GA);2021;188801;140694;23634;10571;13063;24473;13138;11335;11
1220;Totaal over alle leeftijden;Mannen en vrouwen;Haarlem (GA);2022;188994;140511;23849;10726;13123;24634;13219;11415;11
1221;Totaal over alle leeftijden;Mannen en vrouwen;Haarlem (GA);2023;189321;140305;24105;10939;13166;24911;13346;11565;11
1222;Totaal over alle leeftijden;Mannen en vrouwen;Haarlem (GA);2024;189404;139932;24370;11108;13262;25102;13453;11649;11
1223;Totaal over alle leeftijden;Mannen en vrouwen;Haarlem (GA);2025;189249;139487;24558;11248;13310;25204;13523;11681;11
1224;Totaal over alle leeftijden;Mannen en vrouwen;Leiden (GA);2008;249291;199043;25360;12079;13281;24888;14787;10101;12
1225;Totaal over alle leeftijden;Mannen en vrouwen;Leiden (GA);2009;249106;198388;25483;12173;13310;25235;14885;10350;12
1226;Totaal over alle leeftijden;Mannen en vrouwen;Leiden (GA);2010;248670;197465;25723;12391;13332;25482;14932;10550;12
1227;Totaal over alle leeftijden;Mannen en vrouwen;Leiden (GA);2011;248927;197082;26069;12596;13473;25776;15031;10745;12
1228;Totaal over alle leeftijden;Mannen en vrouwen;Leiden (GA);2012;248770;196336;26302;12757;13545;26132;15198;10934;12
1229;Totaal over alle leeftijden;Mannen en vrouwen;Leiden (GA);2013;249061;195917;26586;12945;13641;26558;15320;11238;12
1230;Totaal over alle leeftijden;Mannen en vrouwen;Leiden (GA);2014;249473;195641;26913;13147;13766;26919;15478;11441;12
1231;Totaal over alle leeftijden;Mannen en vrouwen;Leiden (GA);2015;249803;195245;27263;13385;13878;27295;15600;11695;12
1232;Totaal over alle leeftijden;Mannen en vrouwen;Leiden (GA);2016;250108;194842;27587;13582;14005;27679;15753;11926;12
1233;Totaal over alle leeftijden;Mannen en vrouwen;Leiden (GA);2017;250806;194816;27871;13773;14098;28119;15951;12168;12
1234;Totaal over alle leeftijden;Mannen en vrouwen;Leiden (GA);2018;251296;194694;28195;14030;14165;28407;16058;12349;12
1235;Totaal over alle leeftijden;Mannen en vrouwen;Leiden (GA);2019;251723;194544;28507;14279;14228;28672;16182;12490;12
1236;Totaal over alle leeftijden;Mannen en vrouwen;Leiden (GA);2020;252234;194350;28829;14524;14305;29055;16366;12689;12
1237;Totaal over alle leeftijden;Mannen en vrouwen;Leiden (GA);2021;252539;194020;29174;14764;14410;29345;16520;12825;12
1238;Totaal over alle leeftijden;Mannen en vrouwen;Leiden (GA);2022;252879;193691;29442;14975;14467;29746;16684;13062;12
1239;Totaal over alle leeftijden;Mannen en vrouwen;Leiden (GA);2023;253359;193432;29830;15240;14590;30097;16847;13250;12
1240;Totaal over alle leeftijden;Mannen en vrouwen;Leiden (GA);2024;253748;193024;30271;15493;14778;30453;16971;13482;12
1241;Totaal over alle leeftijden;Mannen en vrouwen;Leiden (GA);2025;253923;192464;30546;15708;14838;30913;17239;13674;12
1242;Totaal over alle leeftijden;Mannen en vrouwen;'s-Gravenhage (GA);2008;624357;369670;87317;46625;40692;167370;101673;65697;13
1243;Totaal over alle leeftijden;Mannen en vrouwen;'s-Gravenhage (GA);2009;626799;369837;89619;48502;41117;167343;100009;67334;13
1244;Totaal over alle leeftijden;Mannen en vrouwen;'s-Gravenhage (GA);2010;628641;369455;91966;50408;41558;167220;98562;68658;13
1245;Totaal over alle leeftijden;Mannen en vrouwen;'s-Gravenhage (GA);2011;631295;369413;94540;52470;42070;167342;97340;70002;13
1246;Totaal over alle leeftijden;Mannen en vrouwen;'s-Gravenhage (GA);2012;634500;369869;97223;54620;42603;167408;96095;71313;13
1247;Totaal over alle leeftijden;Mannen en vrouwen;'s-Gravenhage (GA);2013;637731;370065;100115;56767;43348;167551;95127;72424;13
1248;Totaal over alle leeftijden;Mannen en vrouwen;'s-Gravenhage (GA);2014;640670;370013;102964;58861;44103;167693;94152;73541;13
1249;Totaal over alle leeftijden;Mannen en vrouwen;'s-Gravenhage (GA);2015;643417;370053;105726;60823;44903;167638;93272;74366;13
1250;Totaal over alle leeftijden;Mannen en vrouwen;'s-Gravenhage (GA);2016;646243;369891;108542;62798;45744;167810;92525;75285;13
1251;Totaal over alle leeftijden;Mannen en vrouwen;'s-Gravenhage (GA);2017;648595;369621;111259;64659;46600;167715;91686;76029;13
1252;Totaal over alle leeftijden;Mannen en vrouwen;'s-Gravenhage (GA);2018;651538;369555;114158;66556;47602;167825;91055;76770;13
1253;Totaal over alle leeftijden;Mannen en vrouwen;'s-Gravenhage (GA);2019;654035;369519;116916;68321;48595;167600;90264;77336;13
1254;Totaal over alle leeftijden;Mannen en vrouwen;'s-Gravenhage (GA);2020;656046;369043;119624;70087;49537;167379;89485;77894;13
1255;Totaal over alle leeftijden;Mannen en vrouwen;'s-Gravenhage (GA);2021;658084;368322;122471;71828;50643;167291;88901;78390;13
1256;Totaal over alle leeftijden;Mannen en vrouwen;'s-Gravenhage (GA);2022;660131;367745;125310;73596;51714;167076;88308;78768;13
1257;Totaal over alle leeftijden;Mannen en vrouwen;'s-Gravenhage (GA);2023;662311;367114;128190;75379;52811;167007;87823;79184;13
1258;Totaal over alle leeftijden;Mannen en vrouwen;'s-Gravenhage (GA);2024;664197;366328;130935;77121;53814;166934;87265;79669;13
1259;Totaal over alle leeftijden;Mannen en vrouwen;'s-Gravenhage (GA);2025;666307;365603;133869;78902;54967;166835;86748;80087;13
1260;Totaal over alle leeftijden;Mannen en vrouwen;Rotterdam (GA);2008;987999;633855;92130;43494;48636;262014;149118;112896;14
1261;Totaal over alle leeftijden;Mannen en vrouwen;Rotterdam (GA);2009;986311;634147;92385;43286;49099;259779;145690;114089;14
1262;Totaal over alle leeftijden;Mannen en vrouwen;Rotterdam (GA);2010;986183;635219;92820;43243;49577;258144;142839;115305;14
1263;Totaal over alle leeftijden;Mannen en vrouwen;Rotterdam (GA);2011;985335;635683;93258;43332;49926;256394;139994;116400;14
1264;Totaal over alle leeftijden;Mannen en vrouwen;Rotterdam (GA);2012;984454;635829;93756;43411;50345;254869;137329;117540;14
1265;Totaal over alle leeftijden;Mannen en vrouwen;Rotterdam (GA);2013;984778;636892;94332;43603;50729;253554;135165;118389;14
1266;Totaal over alle leeftijden;Mannen en vrouwen;Rotterdam (GA);2014;984415;637372;94909;43633;51276;252134;132979;119155;14
1267;Totaal over alle leeftijden;Mannen en vrouwen;Rotterdam (GA);2015;984765;638263;95491;43850;51641;251011;130960;120051;14
1268;Totaal over alle leeftijden;Mannen en vrouwen;Rotterdam (GA);2016;985105;639143;96212;44141;52071;249750;129143;120607;14
1269;Totaal over alle leeftijden;Mannen en vrouwen;Rotterdam (GA);2017;985764;640102;96797;44286;52511;248865;127570;121295;14
1270;Totaal over alle leeftijden;Mannen en vrouwen;Rotterdam (GA);2018;986243;640961;97537;44559;52978;247745;125925;121820;14
1271;Totaal over alle leeftijden;Mannen en vrouwen;Rotterdam (GA);2019;986500;641428;98179;44809;53370;246893;124422;122471;14
1272;Totaal over alle leeftijden;Mannen en vrouwen;Rotterdam (GA);2020;987621;642336;98978;45093;53885;246307;123007;123300;14
1273;Totaal over alle leeftijden;Mannen en vrouwen;Rotterdam (GA);2021;988490;642916;99762;45339;54423;245812;121733;124079;14
1274;Totaal over alle leeftijden;Mannen en vrouwen;Rotterdam (GA);2022;989213;643339;100580;45696;54884;245294;120409;124885;14
1275;Totaal over alle leeftijden;Mannen en vrouwen;Rotterdam (GA);2023;989984;643698;101423;46012;55411;244863;119161;125702;14
1276;Totaal over alle leeftijden;Mannen en vrouwen;Rotterdam (GA);2024;990619;643892;102280;46365;55915;244447;118023;126424;14
1277;Totaal over alle leeftijden;Mannen en vrouwen;Rotterdam (GA);2025;990649;643554;103110;46639;56471;243985;116858;127127;14
1278;Totaal over alle leeftijden;Mannen en vrouwen;Dordrecht (GA);2008;235524;188050;19019;7623;11396;28455;16077;12378;15
1279;Totaal over alle leeftijden;Mannen en vrouwen;Dordrecht (GA);2009;235507;187671;19118;7667;11451;28718;16041;12677;15
1280;Totaal over alle leeftijden;Mannen en vrouwen;Dordrecht (GA);2010;235426;187205;19157;7704;11453;29064;16101;12963;15
1281;Totaal over alle leeftijden;Mannen en vrouwen;Dordrecht (GA);2011;235480;186873;19243;7776;11467;29364;16128;13236;15
1282;Totaal over alle leeftijden;Mannen en vrouwen;Dordrecht (GA);2012;235765;186774;19266;7790;11476;29725;16173;13552;15
1283;Totaal over alle leeftijden;Mannen en vrouwen;Dordrecht (GA);2013;236131;186647;19414;7879;11535;30070;16249;13821;15
1284;Totaal over alle leeftijden;Mannen en vrouwen;Dordrecht (GA);2014;236257;186289;19572;7921;11651;30396;16330;14066;15
1285;Totaal over alle leeftijden;Mannen en vrouwen;Dordrecht (GA);2015;236523;186236;19659;8007;11652;30628;16311;14317;15
1286;Totaal over alle leeftijden;Mannen en vrouwen;Dordrecht (GA);2016;236820;186104;19800;8085;11715;30916;16279;14637;15
1287;Totaal over alle leeftijden;Mannen en vrouwen;Dordrecht (GA);2017;236639;185576;19966;8175;11791;31097;16250;14847;15
1288;Totaal over alle leeftijden;Mannen en vrouwen;Dordrecht (GA);2018;236489;184978;20093;8219;11874;31418;16314;15104;15
1289;Totaal over alle leeftijden;Mannen en vrouwen;Dordrecht (GA);2019;236510;184653;20197;8282;11915;31660;16370;15290;15
1290;Totaal over alle leeftijden;Mannen en vrouwen;Dordrecht (GA);2020;236184;184183;20251;8349;11902;31750;16375;15375;15
1291;Totaal over alle leeftijden;Mannen en vrouwen;Dordrecht (GA);2021;235856;183592;20333;8424;11909;31931;16459;15472;15
1292;Totaal over alle leeftijden;Mannen en vrouwen;Dordrecht (GA);2022;235734;183164;20441;8500;11941;32129;16555;15574;15
1293;Totaal over alle leeftijden;Mannen en vrouwen;Dordrecht (GA);2023;235677;182847;20487;8546;11941;32343;16625;15718;15
1294;Totaal over alle leeftijden;Mannen en vrouwen;Dordrecht (GA);2024;235493;182433;20629;8613;12016;32431;16601;15830;15
1295;Totaal over alle leeftijden;Mannen en vrouwen;Dordrecht (GA);2025;235456;182045;20799;8731;12068;32612;16689;15923;15
1296;Totaal over alle leeftijden;Mannen en vrouwen;Breda (GA);2008;171982;136770;17195;6518;10677;18017;9875;8142;16
1297;Totaal over alle leeftijden;Mannen en vrouwen;Breda (GA);2009;172705;137034;17288;6607;10681;18383;9963;8420;16
1298;Totaal over alle leeftijden;Mannen en vrouwen;Breda (GA);2010;173467;137296;17434;6721;10713;18737;10114;8623;16
1299;Totaal over alle leeftijden;Mannen en vrouwen;Breda (GA);2011;174449;137721;17591;6842;10749;19137;10180;8957;16
1300;Totaal over alle leeftijden;Mannen en vrouwen;Breda (GA);2012;175529;138207;17816;6967;10849;19506;10227;9279;16
1301;Totaal over alle leeftijden;Mannen en vrouwen;Breda (GA);2013;176479;138578;18036;7105;10931;19865;10289;9576;16
1302;Totaal over alle leeftijden;Mannen en vrouwen;Breda (GA);2014;177429;138988;18224;7240;10984;20217;10348;9869;16
1303;Totaal over alle leeftijden;Mannen en vrouwen;Breda (GA);2015;178550;139500;18365;7285;11080;20685;10537;10148;16
1304;Totaal over alle leeftijden;Mannen en vrouwen;Breda (GA);2016;179587;140001;18499;7397;11102;21087;10647;10440;16
1305;Totaal over alle leeftijden;Mannen en vrouwen;Breda (GA);2017;180449;140321;18687;7497;11190;21441;10728;10713;16
1306;Totaal over alle leeftijden;Mannen en vrouwen;Breda (GA);2018;181395;140638;18928;7640;11288;21829;10838;10991;16
1307;Totaal over alle leeftijden;Mannen en vrouwen;Breda (GA);2019;182435;141119;19128;7768;11360;22188;10951;11237;16
1308;Totaal over alle leeftijden;Mannen en vrouwen;Breda (GA);2020;183302;141522;19299;7910;11389;22481;11050;11431;16
1309;Totaal over alle leeftijden;Mannen en vrouwen;Breda (GA);2021;184113;141935;19440;7977;11463;22738;11156;11582;16
1310;Totaal over alle leeftijden;Mannen en vrouwen;Breda (GA);2022;184761;142189;19598;8070;11528;22974;11235;11739;16
1311;Totaal over alle leeftijden;Mannen en vrouwen;Breda (GA);2023;185679;142663;19769;8238;11531;23247;11343;11904;16
1312;Totaal over alle leeftijden;Mannen en vrouwen;Breda (GA);2024;186027;142671;19921;8340;11581;23435;11424;12011;16
1313;Totaal over alle leeftijden;Mannen en vrouwen;Breda (GA);2025;186587;142818;20110;8463;11647;23659;11513;12146;16
1314;Totaal over alle leeftijden;Mannen en vrouwen;Tilburg (GA);2008;224609;178327;18215;7036;11179;28067;16056;12011;17
1315;Totaal over alle leeftijden;Mannen en vrouwen;Tilburg (GA);2009;225357;178678;18297;7102;11195;28382;16010;12372;17
1316;Totaal over alle leeftijden;Mannen en vrouwen;Tilburg (GA);2010;225935;178743;18467;7203;11264;28725;15981;12744;17
1317;Totaal over alle leeftijden;Mannen en vrouwen;Tilburg (GA);2011;226637;178987;18676;7359;11317;28974;15854;13120;17
1318;Totaal over alle leeftijden;Mannen en vrouwen;Tilburg (GA);2012;227319;179131;18865;7487;11378;29323;15835;13488;17
1319;Totaal over alle leeftijden;Mannen en vrouwen;Tilburg (GA);2013;228091;179370;19070;7625;11445;29651;15868;13783;17
1320;Totaal over alle leeftijden;Mannen en vrouwen;Tilburg (GA);2014;228932;179700;19232;7725;11507;30000;15875;14125;17
1321;Totaal over alle leeftijden;Mannen en vrouwen;Tilburg (GA);2015;229634;179905;19388;7854;11534;30341;15928;14413;17
1322;Totaal over alle leeftijden;Mannen en vrouwen;Tilburg (GA);2016;230420;180236;19483;7935;11548;30701;15967;14734;17
1323;Totaal over alle leeftijden;Mannen en vrouwen;Tilburg (GA);2017;231239;180592;19682;8074;11608;30965;16011;14954;17
1324;Totaal over alle leeftijden;Mannen en vrouwen;Tilburg (GA);2018;231974;180865;19823;8187;11636;31286;16117;15169;17
1325;Totaal over alle leeftijden;Mannen en vrouwen;Tilburg (GA);2019;232778;181202;19945;8293;11652;31631;16195;15436;17
1326;Totaal over alle leeftijden;Mannen en vrouwen;Tilburg (GA);2020;233414;181350;20118;8413;11705;31946;16298;15648;17
1327;Totaal over alle leeftijden;Mannen en vrouwen;Tilburg (GA);2021;234031;181521;20253;8496;11757;32257;16400;15857;17
1328;Totaal over alle leeftijden;Mannen en vrouwen;Tilburg (GA);2022;234655;181666;20436;8628;11808;32553;16513;16040;17
1329;Totaal over alle leeftijden;Mannen en vrouwen;Tilburg (GA);2023;235206;181728;20615;8738;11877;32863;16667;16196;17
1330;Totaal over alle leeftijden;Mannen en vrouwen;Tilburg (GA);2024;235838;181850;20765;8840;11925;33223;16804;16419;17
1331;Totaal over alle leeftijden;Mannen en vrouwen;Tilburg (GA);2025;236325;181824;20884;8941;11943;33617;16947;16670;17
1332;Totaal over alle leeftijden;Mannen en vrouwen;'s-Hertogenbosch (GA);2008;161698;133082;13903;5226;8677;14713;8265;6448;18
1333;Totaal over alle leeftijden;Mannen en vrouwen;'s-Hertogenbosch (GA);2009;162796;133722;14034;5314;8720;15040;8371;6669;18
1334;Totaal over alle leeftijden;Mannen en vrouwen;'s-Hertogenbosch (GA);2010;163981;134409;14210;5417;8793;15362;8494;6868;18
1335;Totaal over alle leeftijden;Mannen en vrouwen;'s-Hertogenbosch (GA);2011;165341;135204;14408;5531;8877;15729;8623;7106;18
1336;Totaal over alle leeftijden;Mannen en vrouwen;'s-Hertogenbosch (GA);2012;166679;136069;14554;5644;8910;16056;8738;7318;18
1337;Totaal over alle leeftijden;Mannen en vrouwen;'s-Hertogenbosch (GA);2013;167358;136416;14600;5681;8919;16342;8873;7469;18
1338;Totaal over alle leeftijden;Mannen en vrouwen;'s-Hertogenbosch (GA);2014;168195;136867;14671;5735;8936;16657;8972;7685;18
1339;Totaal over alle leeftijden;Mannen en vrouwen;'s-Hertogenbosch (GA);2015;168894;137208;14804;5797;9007;16882;9050;7832;18
1340;Totaal over alle leeftijden;Mannen en vrouwen;'s-Hertogenbosch (GA);2016;169448;137341;14959;5946;9013;17148;9150;7998;18
1341;Totaal over alle leeftijden;Mannen en vrouwen;'s-Hertogenbosch (GA);2017;170146;137601;15149;6117;9032;17396;9278;8118;18
1342;Totaal over alle leeftijden;Mannen en vrouwen;'s-Hertogenbosch (GA);2018;170768;137793;15309;6227;9082;17666;9478;8188;18
1343;Totaal over alle leeftijden;Mannen en vrouwen;'s-Hertogenbosch (GA);2019;171275;137852;15480;6284;9196;17943;9587;8356;18
1344;Totaal over alle leeftijden;Mannen en vrouwen;'s-Hertogenbosch (GA);2020;171820;138017;15632;6381;9251;18171;9692;8479;18
1345;Totaal over alle leeftijden;Mannen en vrouwen;'s-Hertogenbosch (GA);2021;172383;138213;15796;6509;9287;18374;9801;8573;18
1346;Totaal over alle leeftijden;Mannen en vrouwen;'s-Hertogenbosch (GA);2022;172917;138378;15891;6601;9290;18648;9944;8704;18
1347;Totaal over alle leeftijden;Mannen en vrouwen;'s-Hertogenbosch (GA);2023;173315;138320;16063;6693;9370;18932;10087;8845;18
1348;Totaal over alle leeftijden;Mannen en vrouwen;'s-Hertogenbosch (GA);2024;173753;138388;16150;6784;9366;19215;10192;9023;18
1349;Totaal over alle leeftijden;Mannen en vrouwen;'s-Hertogenbosch (GA);2025;173847;138208;16295;6935;9360;19344;10303;9041;18
1350;Totaal over alle leeftijden;Mannen en vrouwen;Eindhoven (GA);2008;324992;252328;34960;14509;20451;37704;22509;15195;19
1351;Totaal over alle leeftijden;Mannen en vrouwen;Eindhoven (GA);2009;326170;252401;35407;14933;20474;38362;22822;15540;19
1352;Totaal over alle leeftijden;Mannen en vrouwen;Eindhoven (GA);2010;327295;252453;35833;15397;20436;39009;23038;15971;19
1353;Totaal over alle leeftijden;Mannen en vrouwen;Eindhoven (GA);2011;328362;252304;36331;15876;20455;39727;23300;16427;19
1354;Totaal over alle leeftijden;Mannen en vrouwen;Eindhoven (GA);2012;329112;251817;36802;16276;20526;40493;23572;16921;19
1355;Totaal over alle leeftijden;Mannen en vrouwen;Eindhoven (GA);2013;329676;251321;37186;16679;20507;41169;23743;17426;19
1356;Totaal over alle leeftijden;Mannen en vrouwen;Eindhoven (GA);2014;330411;250984;37648;17156;20492;41779;23969;17810;19
1357;Totaal over alle leeftijden;Mannen en vrouwen;Eindhoven (GA);2015;330873;250439;38072;17603;20469;42362;24131;18231;19
1358;Totaal over alle leeftijden;Mannen en vrouwen;Eindhoven (GA);2016;331530;250048;38423;17964;20459;43059;24425;18634;19
1359;Totaal over alle leeftijden;Mannen en vrouwen;Eindhoven (GA);2017;331411;248940;38833;18329;20504;43638;24638;19000;19
1360;Totaal over alle leeftijden;Mannen en vrouwen;Eindhoven (GA);2018;331444;248066;39197;18686;20511;44181;24795;19386;19
1361;Totaal over alle leeftijden;Mannen en vrouwen;Eindhoven (GA);2019;331289;247093;39546;19017;20529;44650;24909;19741;19
1362;Totaal over alle leeftijden;Mannen en vrouwen;Eindhoven (GA);2020;331227;246092;39978;19431;20547;45157;25111;20046;19
1363;Totaal over alle leeftijden;Mannen en vrouwen;Eindhoven (GA);2021;331320;245256;40331;19729;20602;45733;25292;20441;19
1364;Totaal over alle leeftijden;Mannen en vrouwen;Eindhoven (GA);2022;331574;244559;40716;20019;20697;46299;25543;20756;19
1365;Totaal over alle leeftijden;Mannen en vrouwen;Eindhoven (GA);2023;331465;243464;41084;20298;20786;46917;25805;21112;19
1366;Totaal over alle leeftijden;Mannen en vrouwen;Eindhoven (GA);2024;331256;242389;41458;20589;20869;47409;26014;21395;19
1367;Totaal over alle leeftijden;Mannen en vrouwen;Eindhoven (GA);2025;331146;241460;41831;20954;20877;47855;26215;21640;19
1368;Totaal over alle leeftijden;Mannen en vrouwen;Geleen/Sittard (GA);2008;139090;112891;19324;5679;13645;6875;4088;2787;20
1369;Totaal over alle leeftijden;Mannen en vrouwen;Geleen/Sittard (GA);2009;138697;112589;19006;5641;13365;7102;4155;2947;20
1370;Totaal over alle leeftijden;Mannen en vrouwen;Geleen/Sittard (GA);2010;138215;112263;18652;5565;13087;7300;4243;3057;20
1371;Totaal over alle leeftijden;Mannen en vrouwen;Geleen/Sittard (GA);2011;137742;111950;18276;5504;12772;7516;4312;3204;20
1372;Totaal over alle leeftijden;Mannen en vrouwen;Geleen/Sittard (GA);2012;137122;111437;17929;5495;12434;7756;4414;3342;20
1373;Totaal over alle leeftijden;Mannen en vrouwen;Geleen/Sittard (GA);2013;136513;111038;17561;5434;12127;7914;4423;3491;20
1374;Totaal over alle leeftijden;Mannen en vrouwen;Geleen/Sittard (GA);2014;135825;110470;17228;5396;11832;8127;4496;3631;20
1375;Totaal over alle leeftijden;Mannen en vrouwen;Geleen/Sittard (GA);2015;135061;109876;16906;5354;11552;8279;4550;3729;20
1376;Totaal over alle leeftijden;Mannen en vrouwen;Geleen/Sittard (GA);2016;134439;109365;16565;5302;11263;8509;4640;3869;20
1377;Totaal over alle leeftijden;Mannen en vrouwen;Geleen/Sittard (GA);2017;133892;108897;16286;5287;10999;8709;4739;3970;20
1378;Totaal over alle leeftijden;Mannen en vrouwen;Geleen/Sittard (GA);2018;133202;108333;15951;5249;10702;8918;4807;4111;20
1379;Totaal over alle leeftijden;Mannen en vrouwen;Geleen/Sittard (GA);2019;132549;107832;15630;5195;10435;9087;4846;4241;20
1380;Totaal over alle leeftijden;Mannen en vrouwen;Geleen/Sittard (GA);2020;131932;107234;15345;5173;10172;9353;4959;4394;20
1381;Totaal over alle leeftijden;Mannen en vrouwen;Geleen/Sittard (GA);2021;131248;106666;15125;5151;9974;9457;5002;4455;20
1382;Totaal over alle leeftijden;Mannen en vrouwen;Geleen/Sittard (GA);2022;130554;106141;14817;5098;9719;9596;5034;4562;20
1383;Totaal over alle leeftijden;Mannen en vrouwen;Geleen/Sittard (GA);2023;129915;105577;14631;5119;9512;9707;5059;4648;20
1384;Totaal over alle leeftijden;Mannen en vrouwen;Geleen/Sittard (GA);2024;129276;104925;14383;5096;9287;9968;5158;4810;20
1385;Totaal over alle leeftijden;Mannen en vrouwen;Geleen/Sittard (GA);2025;128577;104262;14203;5121;9082;10112;5200;4912;20
1386;Totaal over alle leeftijden;Mannen en vrouwen;Heerlen (GA);2008;208153;151383;45402;15661;29741;11368;6747;4621;21
1387;Totaal over alle leeftijden;Mannen en vrouwen;Heerlen (GA);2009;207116;150940;44378;15428;28950;11798;6936;4862;21
1388;Totaal over alle leeftijden;Mannen en vrouwen;Heerlen (GA);2010;206166;150772;43361;15121;28240;12033;7024;5009;21
1389;Totaal over alle leeftijden;Mannen en vrouwen;Heerlen (GA);2011;205266;150459;42431;14892;27539;12376;7160;5216;21
1390;Totaal over alle leeftijden;Mannen en vrouwen;Heerlen (GA);2012;204313;150078;41504;14656;26848;12731;7238;5493;21
1391;Totaal over alle leeftijden;Mannen en vrouwen;Heerlen (GA);2013;203489;149770;40631;14431;26200;13088;7414;5674;21
1392;Totaal over alle leeftijden;Mannen en vrouwen;Heerlen (GA);2014;202601;149457;39745;14239;25506;13399;7523;5876;21
1393;Totaal over alle leeftijden;Mannen en vrouwen;Heerlen (GA);2015;201655;149005;38895;13987;24908;13755;7656;6099;21
1394;Totaal over alle leeftijden;Mannen en vrouwen;Heerlen (GA);2016;200718;148543;38123;13805;24318;14052;7773;6279;21
1395;Totaal over alle leeftijden;Mannen en vrouwen;Heerlen (GA);2017;199793;148198;37254;13616;23638;14341;7829;6512;21
1396;Totaal over alle leeftijden;Mannen en vrouwen;Heerlen (GA);2018;198946;147895;36452;13432;23020;14599;7926;6673;21
1397;Totaal over alle leeftijden;Mannen en vrouwen;Heerlen (GA);2019;198146;147561;35704;13247;22457;14881;8032;6849;21
1398;Totaal over alle leeftijden;Mannen en vrouwen;Heerlen (GA);2020;197366;147286;34931;13094;21837;15149;8136;7013;21
1399;Totaal over alle leeftijden;Mannen en vrouwen;Heerlen (GA);2021;196583;146918;34234;12942;21292;15431;8275;7156;21
1400;Totaal over alle leeftijden;Mannen en vrouwen;Heerlen (GA);2022;195755;146460;33587;12771;20816;15708;8341;7367;21
1401;Totaal over alle leeftijden;Mannen en vrouwen;Heerlen (GA);2023;194926;145978;32966;12628;20338;15982;8437;7545;21
1402;Totaal over alle leeftijden;Mannen en vrouwen;Heerlen (GA);2024;194090;145492;32409;12524;19885;16189;8523;7666;21
1403;Totaal over alle leeftijden;Mannen en vrouwen;Heerlen (GA);2025;193313;145060;31817;12381;19436;16436;8650;7786;21
1404;Totaal over alle leeftijden;Mannen en vrouwen;Maastricht (GA);2008;118445;92678;17034;7123;9911;8733;5417;3316;22
1405;Totaal over alle leeftijden;Mannen en vrouwen;Maastricht (GA);2009;117665;92089;16886;7170;9716;8690;5302;3388;22
1406;Totaal over alle leeftijden;Mannen en vrouwen;Maastricht (GA);2010;116997;91562;16705;7193;9512;8730;5226;3504;22
1407;Totaal over alle leeftijden;Mannen en vrouwen;Maastricht (GA);2011;116401;91014;16626;7303;9323;8761;5171;3590;22
1408;Totaal over alle leeftijden;Mannen en vrouwen;Maastricht (GA);2012;115869;90517;16548;7335;9213;8804;5124;3680;22
1409;Totaal over alle leeftijden;Mannen en vrouwen;Maastricht (GA);2013;115383;89995;16479;7433;9046;8909;5079;3830;22
1410;Totaal over alle leeftijden;Mannen en vrouwen;Maastricht (GA);2014;114914;89532;16395;7477;8918;8987;5069;3918;22
1411;Totaal over alle leeftijden;Mannen en vrouwen;Maastricht (GA);2015;114499;89136;16252;7488;8764;9111;5100;4011;22
1412;Totaal over alle leeftijden;Mannen en vrouwen;Maastricht (GA);2016;114081;88776;16179;7503;8676;9126;5063;4063;22
1413;Totaal over alle leeftijden;Mannen en vrouwen;Maastricht (GA);2017;113666;88340;16110;7565;8545;9216;5057;4159;22
1414;Totaal over alle leeftijden;Mannen en vrouwen;Maastricht (GA);2018;113254;87921;16010;7571;8439;9323;5099;4224;22
1415;Totaal over alle leeftijden;Mannen en vrouwen;Maastricht (GA);2019;112916;87573;15943;7583;8360;9400;5106;4294;22
1416;Totaal over alle leeftijden;Mannen en vrouwen;Maastricht (GA);2020;112429;87171;15802;7594;8208;9456;5106;4350;22
1417;Totaal over alle leeftijden;Mannen en vrouwen;Maastricht (GA);2021;112082;86785;15806;7662;8144;9491;5100;4391;22
1418;Totaal over alle leeftijden;Mannen en vrouwen;Maastricht (GA);2022;111700;86385;15722;7669;8053;9593;5143;4450;22
1419;Totaal over alle leeftijden;Mannen en vrouwen;Maastricht (GA);2023;111315;85979;15643;7676;7967;9693;5141;4552;22
1420;Totaal over alle leeftijden;Mannen en vrouwen;Maastricht (GA);2024;110933;85607;15544;7688;7856;9782;5164;4618;22
1421;Totaal over alle leeftijden;Mannen en vrouwen;Maastricht (GA);2025;110521;85164;15490;7710;7780;9867;5202;4665;22
1422;Totaal over alle leeftijden;Mannen en vrouwen;Groningen (SG);2008;343556;298225;24619;10195;14424;20712;12619;8093;1
1423;Totaal over alle leeftijden;Mannen en vrouwen;Groningen (SG);2009;344717;298755;24608;10195;14413;21354;12842;8512;1
1424;Totaal over alle leeftijden;Mannen en vrouwen;Groningen (SG);2010;345901;299328;24629;10261;14368;21944;13051;8893;1
1425;Totaal over alle leeftijden;Mannen en vrouwen;Groningen (SG);2011;347717;300474;24695;10298;14397;22548;13231;9317;1
1426;Totaal over alle leeftijden;Mannen en vrouwen;Groningen (SG);2012;349606;301680;24828;10344;14484;23098;13398;9700;1
1427;Totaal over alle leeftijden;Mannen en vrouwen;Groningen (SG);2013;351391;302825;24933;10396;14537;23633;13582;10051;1
1428;Totaal over alle leeftijden;Mannen en vrouwen;Groningen (SG);2014;353639;304390;25021;10455;14566;24228;13812;10416;1
1429;Totaal over alle leeftijden;Mannen en vrouwen;Groningen (SG);2015;356088;306102;25209;10612;14597;24777;13968;10809;1
1430;Totaal over alle leeftijden;Mannen en vrouwen;Groningen (SG);2016;358390;307580;25346;10717;14629;25464;14216;11248;1
1431;Totaal over alle leeftijden;Mannen en vrouwen;Groningen (SG);2017;360520;309088;25481;10780;14701;25951;14400;11551;1
1432;Totaal over alle leeftijden;Mannen en vrouwen;Groningen (SG);2018;362967;310714;25608;10814;14794;26645;14648;11997;1
1433;Totaal over alle leeftijden;Mannen en vrouwen;Groningen (SG);2019;365220;312243;25732;10861;14871;27245;14916;12329;1
1434;Totaal over alle leeftijden;Mannen en vrouwen;Groningen (SG);2020;367704;313978;25914;10952;14962;27812;15082;12730;1
1435;Totaal over alle leeftijden;Mannen en vrouwen;Groningen (SG);2021;370114;315583;26032;11059;14973;28499;15363;13136;1
1436;Totaal over alle leeftijden;Mannen en vrouwen;Groningen (SG);2022;372176;316803;26225;11191;15034;29148;15622;13526;1
1437;Totaal over alle leeftijden;Mannen en vrouwen;Groningen (SG);2023;374374;318284;26320;11260;15060;29770;15873;13897;1
1438;Totaal over alle leeftijden;Mannen en vrouwen;Groningen (SG);2024;376548;319625;26498;11331;15167;30425;16072;14353;1
1439;Totaal over alle leeftijden;Mannen en vrouwen;Groningen (SG);2025;378478;320733;26674;11453;15221;31071;16321;14750;1
1440;Totaal over alle leeftijden;Mannen en vrouwen;Leeuwarden (SG);2008;162436;143090;9060;3404;5656;10286;6496;3790;2
1441;Totaal over alle leeftijden;Mannen en vrouwen;Leeuwarden (SG);2009;163530;143796;9148;3433;5715;10586;6532;4054;2
1442;Totaal over alle leeftijden;Mannen en vrouwen;Leeuwarden (SG);2010;164331;144170;9262;3508;5754;10899;6617;4282;2
1443;Totaal over alle leeftijden;Mannen en vrouwen;Leeuwarden (SG);2011;164884;144352;9290;3473;5817;11242;6740;4502;2
1444;Totaal over alle leeftijden;Mannen en vrouwen;Leeuwarden (SG);2012;165464;144666;9328;3461;5867;11470;6817;4653;2
1445;Totaal over alle leeftijden;Mannen en vrouwen;Leeuwarden (SG);2013;166121;144940;9383;3505;5878;11798;6949;4849;2
1446;Totaal over alle leeftijden;Mannen en vrouwen;Leeuwarden (SG);2014;166614;145121;9486;3533;5953;12007;6974;5033;2
1447;Totaal over alle leeftijden;Mannen en vrouwen;Leeuwarden (SG);2015;167284;145427;9558;3588;5970;12299;7076;5223;2
1448;Totaal over alle leeftijden;Mannen en vrouwen;Leeuwarden (SG);2016;167826;145668;9592;3592;6000;12566;7164;5402;2
1449;Totaal over alle leeftijden;Mannen en vrouwen;Leeuwarden (SG);2017;168455;145924;9687;3637;6050;12844;7272;5572;2
1450;Totaal over alle leeftijden;Mannen en vrouwen;Leeuwarden (SG);2018;169194;146271;9751;3673;6078;13172;7371;5801;2
1451;Totaal over alle leeftijden;Mannen en vrouwen;Leeuwarden (SG);2019;169815;146604;9776;3670;6106;13435;7460;5975;2
1452;Totaal over alle leeftijden;Mannen en vrouwen;Leeuwarden (SG);2020;170498;146864;9852;3726;6126;13782;7580;6202;2
1453;Totaal over alle leeftijden;Mannen en vrouwen;Leeuwarden (SG);2021;171247;147335;9919;3738;6181;13993;7647;6346;2
1454;Totaal over alle leeftijden;Mannen en vrouwen;Leeuwarden (SG);2022;171902;147684;9959;3753;6206;14259;7688;6571;2
1455;Totaal over alle leeftijden;Mannen en vrouwen;Leeuwarden (SG);2023;172617;148098;9998;3765;6233;14521;7719;6802;2
1456;Totaal over alle leeftijden;Mannen en vrouwen;Leeuwarden (SG);2024;173312;148479;10007;3804;6203;14826;7863;6963;2
1457;Totaal over alle leeftijden;Mannen en vrouwen;Leeuwarden (SG);2025;173988;148800;10084;3841;6243;15104;7955;7149;2
1458;Totaal over alle leeftijden;Mannen en vrouwen;Zwolle (SG);2008;171470;150708;9460;3340;6120;11302;6698;4604;3
1459;Totaal over alle leeftijden;Mannen en vrouwen;Zwolle (SG);2009;172247;151203;9506;3390;6116;11538;6790;4748;3
1460;Totaal over alle leeftijden;Mannen en vrouwen;Zwolle (SG);2010;173067;151683;9626;3426;6200;11758;6867;4891;3
1461;Totaal over alle leeftijden;Mannen en vrouwen;Zwolle (SG);2011;173788;152048;9714;3497;6217;12026;6948;5078;3
1462;Totaal over alle leeftijden;Mannen en vrouwen;Zwolle (SG);2012;174629;152469;9857;3550;6307;12303;7065;5238;3
1463;Totaal over alle leeftijden;Mannen en vrouwen;Zwolle (SG);2013;175502;152925;9965;3589;6376;12612;7200;5412;3
1464;Totaal over alle leeftijden;Mannen en vrouwen;Zwolle (SG);2014;176408;153415;10091;3707;6384;12902;7295;5607;3
1465;Totaal over alle leeftijden;Mannen en vrouwen;Zwolle (SG);2015;177260;153825;10203;3762;6441;13232;7447;5785;3
1466;Totaal over alle leeftijden;Mannen en vrouwen;Zwolle (SG);2016;178169;154320;10312;3802;6510;13537;7582;5955;3
1467;Totaal over alle leeftijden;Mannen en vrouwen;Zwolle (SG);2017;178868;154617;10365;3845;6520;13886;7748;6138;3
1468;Totaal over alle leeftijden;Mannen en vrouwen;Zwolle (SG);2018;179563;155002;10464;3881;6583;14097;7854;6243;3
1469;Totaal over alle leeftijden;Mannen en vrouwen;Zwolle (SG);2019;180247;155322;10556;3965;6591;14369;7991;6378;3
1470;Totaal over alle leeftijden;Mannen en vrouwen;Zwolle (SG);2020;180911;155542;10697;4036;6661;14672;8151;6521;3
1471;Totaal over alle leeftijden;Mannen en vrouwen;Zwolle (SG);2021;181335;155647;10775;4114;6661;14913;8254;6659;3
1472;Totaal over alle leeftijden;Mannen en vrouwen;Zwolle (SG);2022;181888;155827;10866;4177;6689;15195;8389;6806;3
1473;Totaal over alle leeftijden;Mannen en vrouwen;Zwolle (SG);2023;182471;156060;10938;4172;6766;15473;8532;6941;3
1474;Totaal over alle leeftijden;Mannen en vrouwen;Zwolle (SG);2024;182824;156111;10977;4207;6770;15736;8647;7089;3
1475;Totaal over alle leeftijden;Mannen en vrouwen;Zwolle (SG);2025;182981;156013;11013;4228;6785;15955;8748;7207;3
1476;Totaal over alle leeftijden;Mannen en vrouwen;Enschede (SG);2008;313006;244880;33853;12388;21465;34273;19521;14752;4
1477;Totaal over alle leeftijden;Mannen en vrouwen;Enschede (SG);2009;314377;246062;33808;12466;21342;34507;19378;15129;4
1478;Totaal over alle leeftijden;Mannen en vrouwen;Enschede (SG);2010;315084;246662;33712;12514;21198;34710;19285;15425;4
1479;Totaal over alle leeftijden;Mannen en vrouwen;Enschede (SG);2011;315646;247014;33619;12564;21055;35013;19302;15711;4
1480;Totaal over alle leeftijden;Mannen en vrouwen;Enschede (SG);2012;316245;247303;33608;12613;20995;35334;19273;16061;4
1481;Totaal over alle leeftijden;Mannen en vrouwen;Enschede (SG);2013;316697;247513;33502;12633;20869;35682;19213;16469;4
1482;Totaal over alle leeftijden;Mannen en vrouwen;Enschede (SG);2014;316903;247516;33398;12734;20664;35989;19256;16733;4
1483;Totaal over alle leeftijden;Mannen en vrouwen;Enschede (SG);2015;317203;247518;33335;12817;20518;36350;19323;17027;4
1484;Totaal over alle leeftijden;Mannen en vrouwen;Enschede (SG);2016;317106;247239;33222;12906;20316;36645;19414;17231;4
1485;Totaal over alle leeftijden;Mannen en vrouwen;Enschede (SG);2017;317189;247089;33233;13042;20191;36867;19481;17386;4
1486;Totaal over alle leeftijden;Mannen en vrouwen;Enschede (SG);2018;317276;246994;33150;13044;20106;37132;19601;17531;4
1487;Totaal over alle leeftijden;Mannen en vrouwen;Enschede (SG);2019;317264;246700;33099;13177;19922;37465;19686;17779;4
1488;Totaal over alle leeftijden;Mannen en vrouwen;Enschede (SG);2020;317210;246396;33053;13243;19810;37761;19756;18005;4
1489;Totaal over alle leeftijden;Mannen en vrouwen;Enschede (SG);2021;317318;246280;32955;13286;19669;38083;19801;18282;4
1490;Totaal over alle leeftijden;Mannen en vrouwen;Enschede (SG);2022;317408;246180;32884;13403;19481;38344;19856;18488;4
1491;Totaal over alle leeftijden;Mannen en vrouwen;Enschede (SG);2023;317495;246052;32804;13482;19322;38639;19909;18730;4
1492;Totaal over alle leeftijden;Mannen en vrouwen;Enschede (SG);2024;317705;245983;32790;13603;19187;38932;20030;18902;4
1493;Totaal over alle leeftijden;Mannen en vrouwen;Enschede (SG);2025;317581;245704;32701;13673;19028;39176;20162;19014;4
1494;Totaal over alle leeftijden;Mannen en vrouwen;Apeldoorn (SG);2008;210596;181633;15412;5563;9849;13551;7807;5744;5
1495;Totaal over alle leeftijden;Mannen en vrouwen;Apeldoorn (SG);2009;209997;180654;15445;5574;9871;13898;7893;6005;5
1496;Totaal over alle leeftijden;Mannen en vrouwen;Apeldoorn (SG);2010;209331;179647;15434;5569;9865;14250;8063;6187;5
1497;Totaal over alle leeftijden;Mannen en vrouwen;Apeldoorn (SG);2011;208583;178560;15421;5521;9900;14602;8214;6388;5
1498;Totaal over alle leeftijden;Mannen en vrouwen;Apeldoorn (SG);2012;208954;178503;15409;5533;9876;15042;8469;6573;5
1499;Totaal over alle leeftijden;Mannen en vrouwen;Apeldoorn (SG);2013;208697;177875;15466;5589;9877;15356;8603;6753;5
1500;Totaal over alle leeftijden;Mannen en vrouwen;Apeldoorn (SG);2014;208910;177609;15530;5590;9940;15771;8828;6943;5
1501;Totaal over alle leeftijden;Mannen en vrouwen;Apeldoorn (SG);2015;209116;177342;15596;5592;10004;16178;8970;7208;5
1502;Totaal over alle leeftijden;Mannen en vrouwen;Apeldoorn (SG);2016;209265;177056;15625;5634;9991;16584;9089;7495;5
1503;Totaal over alle leeftijden;Mannen en vrouwen;Apeldoorn (SG);2017;209385;176838;15617;5692;9925;16930;9237;7693;5
1504;Totaal over alle leeftijden;Mannen en vrouwen;Apeldoorn (SG);2018;209452;176548;15613;5739;9874;17291;9392;7899;5
1505;Totaal over alle leeftijden;Mannen en vrouwen;Apeldoorn (SG);2019;209307;176094;15648;5757;9891;17565;9507;8058;5
1506;Totaal over alle leeftijden;Mannen en vrouwen;Apeldoorn (SG);2020;209099;175466;15665;5776;9889;17968;9706;8262;5
1507;Totaal over alle leeftijden;Mannen en vrouwen;Apeldoorn (SG);2021;208689;174845;15608;5791;9817;18236;9832;8404;5
1508;Totaal over alle leeftijden;Mannen en vrouwen;Apeldoorn (SG);2022;208311;174118;15681;5845;9836;18512;9955;8557;5
1509;Totaal over alle leeftijden;Mannen en vrouwen;Apeldoorn (SG);2023;207783;173438;15655;5899;9756;18690;10060;8630;5
1510;Totaal over alle leeftijden;Mannen en vrouwen;Apeldoorn (SG);2024;207283;172702;15617;5922;9695;18964;10193;8771;5
1511;Totaal over alle leeftijden;Mannen en vrouwen;Apeldoorn (SG);2025;207020;172136;15634;5958;9676;19250;10315;8935;5
1512;Totaal over alle leeftijden;Mannen en vrouwen;Arnhem (SG);2008;351579;285589;32607;11486;21121;33383;19583;13800;6
1513;Totaal over alle leeftijden;Mannen en vrouwen;Arnhem (SG);2009;353695;286975;32668;11568;21100;34052;19683;14369;6
1514;Totaal over alle leeftijden;Mannen en vrouwen;Arnhem (SG);2010;355430;288114;32700;11619;21081;34616;19653;14963;6
1515;Totaal over alle leeftijden;Mannen en vrouwen;Arnhem (SG);2011;357380;289213;32856;11710;21146;35311;19679;15632;6
1516;Totaal over alle leeftijden;Mannen en vrouwen;Arnhem (SG);2012;358578;289799;32842;11750;21092;35937;19740;16197;6
1517;Totaal over alle leeftijden;Mannen en vrouwen;Arnhem (SG);2013;359698;290248;32888;11850;21038;36562;19850;16712;6
1518;Totaal over alle leeftijden;Mannen en vrouwen;Arnhem (SG);2014;360660;290573;32865;11908;20957;37222;19926;17296;6
1519;Totaal over alle leeftijden;Mannen en vrouwen;Arnhem (SG);2015;361578;290842;32941;11974;20967;37795;20131;17664;6
1520;Totaal over alle leeftijden;Mannen en vrouwen;Arnhem (SG);2016;362146;290812;32986;12056;20930;38348;20204;18144;6
1521;Totaal over alle leeftijden;Mannen en vrouwen;Arnhem (SG);2017;362102;290269;32914;12059;20855;38919;20377;18542;6
1522;Totaal over alle leeftijden;Mannen en vrouwen;Arnhem (SG);2018;362295;289976;32852;12050;20802;39467;20450;19017;6
1523;Totaal over alle leeftijden;Mannen en vrouwen;Arnhem (SG);2019;362179;289401;32753;12098;20655;40025;20543;19482;6
1524;Totaal over alle leeftijden;Mannen en vrouwen;Arnhem (SG);2020;362168;288930;32740;12092;20648;40498;20769;19729;6
1525;Totaal over alle leeftijden;Mannen en vrouwen;Arnhem (SG);2021;362332;288451;32693;12088;20605;41188;20981;20207;6
1526;Totaal over alle leeftijden;Mannen en vrouwen;Arnhem (SG);2022;362267;287951;32617;12068;20549;41699;21134;20565;6
1527;Totaal over alle leeftijden;Mannen en vrouwen;Arnhem (SG);2023;362042;287246;32557;12068;20489;42239;21290;20949;6
1528;Totaal over alle leeftijden;Mannen en vrouwen;Arnhem (SG);2024;362174;286894;32501;12142;20359;42779;21392;21387;6
1529;Totaal over alle leeftijden;Mannen en vrouwen;Arnhem (SG);2025;361749;285979;32396;12170;20226;43374;21505;21869;6
1530;Totaal over alle leeftijden;Mannen en vrouwen;Nijmegen (SG);2008;280210;227797;29041;10607;18434;23372;13681;9691;7
1531;Totaal over alle leeftijden;Mannen en vrouwen;Nijmegen (SG);2009;281419;228548;29128;10683;18445;23743;13731;10012;7
1532;Totaal over alle leeftijden;Mannen en vrouwen;Nijmegen (SG);2010;282806;229457;29278;10869;18409;24071;13752;10319;7
1533;Totaal over alle leeftijden;Mannen en vrouwen;Nijmegen (SG);2011;284128;230382;29358;10961;18397;24388;13820;10568;7
1534;Totaal over alle leeftijden;Mannen en vrouwen;Nijmegen (SG);2012;285220;231073;29397;11096;18301;24750;13911;10839;7
1535;Totaal over alle leeftijden;Mannen en vrouwen;Nijmegen (SG);2013;286347;231748;29497;11231;18266;25102;13953;11149;7
1536;Totaal over alle leeftijden;Mannen en vrouwen;Nijmegen (SG);2014;287073;232095;29489;11322;18167;25489;14064;11425;7
1537;Totaal over alle leeftijden;Mannen en vrouwen;Nijmegen (SG);2015;287922;232580;29557;11459;18098;25785;14174;11611;7
1538;Totaal over alle leeftijden;Mannen en vrouwen;Nijmegen (SG);2016;289202;233279;29719;11611;18108;26204;14272;11932;7
1539;Totaal over alle leeftijden;Mannen en vrouwen;Nijmegen (SG);2017;290679;234202;29900;11815;18085;26577;14369;12208;7
1540;Totaal over alle leeftijden;Mannen en vrouwen;Nijmegen (SG);2018;291993;234998;29969;11959;18010;27026;14542;12484;7
1541;Totaal over alle leeftijden;Mannen en vrouwen;Nijmegen (SG);2019;293008;235495;30061;12100;17961;27452;14610;12842;7
1542;Totaal over alle leeftijden;Mannen en vrouwen;Nijmegen (SG);2020;293876;235998;30097;12183;17914;27781;14684;13097;7
1543;Totaal over alle leeftijden;Mannen en vrouwen;Nijmegen (SG);2021;294967;236453;30206;12320;17886;28308;14835;13473;7
1544;Totaal over alle leeftijden;Mannen en vrouwen;Nijmegen (SG);2022;295900;236822;30313;12452;17861;28765;14999;13766;7
1545;Totaal over alle leeftijden;Mannen en vrouwen;Nijmegen (SG);2023;296553;237027;30353;12682;17671;29173;15116;14057;7
1546;Totaal over alle leeftijden;Mannen en vrouwen;Nijmegen (SG);2024;297387;237270;30468;12831;17637;29649;15265;14384;7
1547;Totaal over alle leeftijden;Mannen en vrouwen;Nijmegen (SG);2025;298066;237435;30529;13017;17512;30102;15470;14632;7
1548;Totaal over alle leeftijden;Mannen en vrouwen;Amersfoort (SG);2008;272223;224355;20604;7486;13118;27264;15659;11605;8
1549;Totaal over alle leeftijden;Mannen en vrouwen;Amersfoort (SG);2009;274039;225554;20817;7580;13237;27668;15753;11915;8
1550;Totaal over alle leeftijden;Mannen en vrouwen;Amersfoort (SG);2010;276199;227018;21048;7662;13386;28133;15885;12248;8
1551;Totaal over alle leeftijden;Mannen en vrouwen;Amersfoort (SG);2011;278213;228338;21357;7798;13559;28518;16014;12504;8
1552;Totaal over alle leeftijden;Mannen en vrouwen;Amersfoort (SG);2012;280237;229689;21607;7898;13709;28941;16134;12807;8
1553;Totaal over alle leeftijden;Mannen en vrouwen;Amersfoort (SG);2013;282055;230845;21879;8030;13849;29331;16246;13085;8
1554;Totaal over alle leeftijden;Mannen en vrouwen;Amersfoort (SG);2014;283681;231832;22130;8158;13972;29719;16400;13319;8
1555;Totaal over alle leeftijden;Mannen en vrouwen;Amersfoort (SG);2015;285450;232896;22431;8349;14082;30123;16559;13564;8
1556;Totaal over alle leeftijden;Mannen en vrouwen;Amersfoort (SG);2016;287100;233953;22662;8429;14233;30485;16742;13743;8
1557;Totaal over alle leeftijden;Mannen en vrouwen;Amersfoort (SG);2017;288171;234577;22844;8533;14311;30750;16905;13845;8
1558;Totaal over alle leeftijden;Mannen en vrouwen;Amersfoort (SG);2018;289247;235090;23004;8665;14339;31153;17016;14137;8
1559;Totaal over alle leeftijden;Mannen en vrouwen;Amersfoort (SG);2019;290428;235677;23243;8777;14466;31508;17185;14323;8
1560;Totaal over alle leeftijden;Mannen en vrouwen;Amersfoort (SG);2020;291398;236231;23454;8880;14574;31713;17349;14364;8
1561;Totaal over alle leeftijden;Mannen en vrouwen;Amersfoort (SG);2021;292296;236574;23741;9079;14662;31981;17506;14475;8
1562;Totaal over alle leeftijden;Mannen en vrouwen;Amersfoort (SG);2022;293099;237012;23835;9132;14703;32252;17654;14598;8
1563;Totaal over alle leeftijden;Mannen en vrouwen;Amersfoort (SG);2023;294193;237459;24069;9295;14774;32665;17850;14815;8
1564;Totaal over alle leeftijden;Mannen en vrouwen;Amersfoort (SG);2024;295306;237907;24323;9459;14864;33076;18035;15041;8
1565;Totaal over alle leeftijden;Mannen en vrouwen;Amersfoort (SG);2025;296020;238134;24562;9629;14933;33324;18157;15167;8
1566;Totaal over alle leeftijden;Mannen en vrouwen;Utrecht (SG);2008;592221;449511;54694;21750;32944;88016;48483;39533;9
1567;Totaal over alle leeftijden;Mannen en vrouwen;Utrecht (SG);2009;598041;453173;55505;22167;33338;89363;48704;40659;9
1568;Totaal over alle leeftijden;Mannen en vrouwen;Utrecht (SG);2010;603291;456598;56242;22528;33714;90451;48792;41659;9
1569;Totaal over alle leeftijden;Mannen en vrouwen;Utrecht (SG);2011;609010;460199;57120;23058;34062;91691;48888;42803;9
1570;Totaal over alle leeftijden;Mannen en vrouwen;Utrecht (SG);2012;614944;463931;58030;23605;34425;92983;49143;43840;9
1571;Totaal over alle leeftijden;Mannen en vrouwen;Utrecht (SG);2013;621014;467886;58918;24069;34849;94210;49304;44906;9
1572;Totaal over alle leeftijden;Mannen en vrouwen;Utrecht (SG);2014;627200;471826;59876;24694;35182;95498;49531;45967;9
1573;Totaal over alle leeftijden;Mannen en vrouwen;Utrecht (SG);2015;633575;476050;60740;25240;35500;96785;49684;47101;9
1574;Totaal over alle leeftijden;Mannen en vrouwen;Utrecht (SG);2016;639514;479865;61614;25769;35845;98035;49919;48116;9
1575;Totaal over alle leeftijden;Mannen en vrouwen;Utrecht (SG);2017;645293;483535;62506;26281;36225;99252;50114;49138;9
1576;Totaal over alle leeftijden;Mannen en vrouwen;Utrecht (SG);2018;651505;487482;63393;26727;36666;100630;50478;50152;9
1577;Totaal over alle leeftijden;Mannen en vrouwen;Utrecht (SG);2019;657672;491377;64474;27297;37177;101821;50665;51156;9
1578;Totaal over alle leeftijden;Mannen en vrouwen;Utrecht (SG);2020;663486;495097;65384;27750;37634;103005;50953;52052;9
1579;Totaal over alle leeftijden;Mannen en vrouwen;Utrecht (SG);2021;669396;498631;66447;28342;38105;104318;51364;52954;9
1580;Totaal over alle leeftijden;Mannen en vrouwen;Utrecht (SG);2022;675261;502081;67532;28895;38637;105648;51622;54026;9
1581;Totaal over alle leeftijden;Mannen en vrouwen;Utrecht (SG);2023;680785;505322;68407;29320;39087;107056;52156;54900;9
1582;Totaal over alle leeftijden;Mannen en vrouwen;Utrecht (SG);2024;686436;508805;69426;29919;39507;108205;52542;55663;9
1583;Totaal over alle leeftijden;Mannen en vrouwen;Utrecht (SG);2025;692011;512150;70422;30545;39877;109439;52848;56591;9
1584;Totaal over alle leeftijden;Mannen en vrouwen;Amsterdam (SG);2008;1486392;935054;184579;91815;92764;366759;211326;155433;10
1585;Totaal over alle leeftijden;Mannen en vrouwen;Amsterdam (SG);2009;1498012;941188;188682;94621;94061;368142;209228;158914;10
1586;Totaal over alle leeftijden;Mannen en vrouwen;Amsterdam (SG);2010;1510413;947453;193201;97722;95479;369759;207496;162263;10
1587;Totaal over alle leeftijden;Mannen en vrouwen;Amsterdam (SG);2011;1521571;952315;197618;100804;96814;371638;205999;165639;10
1588;Totaal over alle leeftijden;Mannen en vrouwen;Amsterdam (SG);2012;1532693;957018;202117;103953;98164;373558;204657;168901;10
1589;Totaal over alle leeftijden;Mannen en vrouwen;Amsterdam (SG);2013;1543946;961873;206528;107023;99505;375545;203338;172207;10
1590;Totaal over alle leeftijden;Mannen en vrouwen;Amsterdam (SG);2014;1555173;966886;210943;110057;100886;377344;202141;175203;10
1591;Totaal over alle leeftijden;Mannen en vrouwen;Amsterdam (SG);2015;1566268;971562;215468;113092;102376;379238;200933;178305;10
1592;Totaal over alle leeftijden;Mannen en vrouwen;Amsterdam (SG);2016;1577649;976792;220025;115946;104079;380832;199810;181022;10
1593;Totaal over alle leeftijden;Mannen en vrouwen;Amsterdam (SG);2017;1588367;981617;224090;118610;105480;382660;198909;183751;10
1594;Totaal over alle leeftijden;Mannen en vrouwen;Amsterdam (SG);2018;1599134;986073;228757;121542;107215;384304;197948;186356;10
1595;Totaal over alle leeftijden;Mannen en vrouwen;Amsterdam (SG);2019;1609603;990576;233028;124256;108772;385999;197211;188788;10
1596;Totaal over alle leeftijden;Mannen en vrouwen;Amsterdam (SG);2020;1619945;994907;237325;126877;110448;387713;196335;191378;10
1597;Totaal over alle leeftijden;Mannen en vrouwen;Amsterdam (SG);2021;1630374;999618;241665;129579;112086;389091;195432;193659;10
1598;Totaal over alle leeftijden;Mannen en vrouwen;Amsterdam (SG);2022;1639923;1003345;245825;132106;113719;390753;194850;195903;10
1599;Totaal over alle leeftijden;Mannen en vrouwen;Amsterdam (SG);2023;1649537;1007115;250280;134736;115544;392142;194116;198026;10
1600;Totaal over alle leeftijden;Mannen en vrouwen;Amsterdam (SG);2024;1659269;1010761;254551;137257;117294;393957;193520;200437;10
1601;Totaal over alle leeftijden;Mannen en vrouwen;Amsterdam (SG);2025;1668546;1013965;258787;139785;119002;395794;193019;202775;10
1602;Totaal over alle leeftijden;Mannen en vrouwen;Haarlem (SG);2008;404505;329401;39339;15363;23976;35765;20214;15551;11
1603;Totaal over alle leeftijden;Mannen en vrouwen;Haarlem (SG);2009;404905;328656;39548;15492;24056;36701;20550;16151;11
1604;Totaal over alle leeftijden;Mannen en vrouwen;Haarlem (SG);2010;405476;328048;39803;15713;24090;37625;20884;16741;11
1605;Totaal over alle leeftijden;Mannen en vrouwen;Haarlem (SG);2011;405221;326795;40050;15996;24054;38376;21204;17172;11
1606;Totaal over alle leeftijden;Mannen en vrouwen;Haarlem (SG);2012;405483;325996;40346;16249;24097;39141;21484;17657;11
1607;Totaal over alle leeftijden;Mannen en vrouwen;Haarlem (SG);2013;405367;324832;40614;16555;24059;39921;21808;18113;11
1608;Totaal over alle leeftijden;Mannen en vrouwen;Haarlem (SG);2014;405135;323651;40825;16831;23994;40659;22106;18553;11
1609;Totaal over alle leeftijden;Mannen en vrouwen;Haarlem (SG);2015;404765;322272;41147;17114;24033;41346;22374;18972;11
1610;Totaal over alle leeftijden;Mannen en vrouwen;Haarlem (SG);2016;405291;321819;41414;17414;24000;42058;22643;19415;11
1611;Totaal over alle leeftijden;Mannen en vrouwen;Haarlem (SG);2017;405777;321152;41820;17786;24034;42805;22850;19955;11
1612;Totaal over alle leeftijden;Mannen en vrouwen;Haarlem (SG);2018;406317;320493;42182;18100;24082;43642;23223;20419;11
1613;Totaal over alle leeftijden;Mannen en vrouwen;Haarlem (SG);2019;406871;319960;42636;18451;24185;44275;23488;20787;11
1614;Totaal over alle leeftijden;Mannen en vrouwen;Haarlem (SG);2020;407534;319499;43056;18752;24304;44979;23822;21157;11
1615;Totaal over alle leeftijden;Mannen en vrouwen;Haarlem (SG);2021;407942;318838;43340;18993;24347;45764;24157;21607;11
1616;Totaal over alle leeftijden;Mannen en vrouwen;Haarlem (SG);2022;408424;318438;43675;19249;24426;46311;24387;21924;11
1617;Totaal over alle leeftijden;Mannen en vrouwen;Haarlem (SG);2023;409231;318029;44088;19550;24538;47114;24723;22391;11
1618;Totaal over alle leeftijden;Mannen en vrouwen;Haarlem (SG);2024;409533;317257;44499;19841;24658;47777;25016;22761;11
1619;Totaal over alle leeftijden;Mannen en vrouwen;Haarlem (SG);2025;409746;316506;44844;20036;24808;48396;25286;23110;11
1620;Totaal over alle leeftijden;Mannen en vrouwen;Leiden (SG);2008;331137;270635;32149;15161;16988;28353;16751;11602;12
1621;Totaal over alle leeftijden;Mannen en vrouwen;Leiden (SG);2009;330605;269361;32354;15342;17012;28890;16970;11920;12
1622;Totaal over alle leeftijden;Mannen en vrouwen;Leiden (SG);2010;330158;268089;32730;15678;17052;29339;17105;12234;12
1623;Totaal over alle leeftijden;Mannen en vrouwen;Leiden (SG);2011;330305;267327;33154;15952;17202;29824;17282;12542;12
1624;Totaal over alle leeftijden;Mannen en vrouwen;Leiden (SG);2012;329895;266132;33414;16196;17218;30349;17548;12801;12
1625;Totaal over alle leeftijden;Mannen en vrouwen;Leiden (SG);2013;329900;265174;33763;16439;17324;30963;17769;13194;12
1626;Totaal over alle leeftijden;Mannen en vrouwen;Leiden (SG);2014;330300;264617;34173;16698;17475;31510;18010;13500;12
1627;Totaal over alle leeftijden;Mannen en vrouwen;Leiden (SG);2015;330536;263856;34626;17021;17605;32054;18196;13858;12
1628;Totaal over alle leeftijden;Mannen en vrouwen;Leiden (SG);2016;331076;263373;35074;17292;17782;32629;18418;14211;12
1629;Totaal over alle leeftijden;Mannen en vrouwen;Leiden (SG);2017;331578;262913;35459;17541;17918;33206;18699;14507;12
1630;Totaal over alle leeftijden;Mannen en vrouwen;Leiden (SG);2018;332141;262587;35925;17910;18015;33629;18839;14790;12
1631;Totaal over alle leeftijden;Mannen en vrouwen;Leiden (SG);2019;332549;262217;36305;18202;18103;34027;19013;15014;12
1632;Totaal over alle leeftijden;Mannen en vrouwen;Leiden (SG);2020;333078;261736;36702;18487;18215;34640;19326;15314;12
1633;Totaal over alle leeftijden;Mannen en vrouwen;Leiden (SG);2021;333533;261260;37183;18817;18366;35090;19554;15536;12
1634;Totaal over alle leeftijden;Mannen en vrouwen;Leiden (SG);2022;334079;260882;37562;19123;18439;35635;19790;15845;12
1635;Totaal over alle leeftijden;Mannen en vrouwen;Leiden (SG);2023;334510;260327;38028;19453;18575;36155;20023;16132;12
1636;Totaal over alle leeftijden;Mannen en vrouwen;Leiden (SG);2024;335252;259853;38686;19881;18805;36713;20232;16481;12
1637;Totaal over alle leeftijden;Mannen en vrouwen;Leiden (SG);2025;335472;259009;39132;20208;18924;37331;20564;16767;12
1638;Totaal over alle leeftijden;Mannen en vrouwen;'s-Gravenhage (SG);2008;1001293;669632;120799;60917;59882;210862;127108;83754;13
1639;Totaal over alle leeftijden;Mannen en vrouwen;'s-Gravenhage (SG);2009;1006771;671115;123718;63100;60618;211938;125604;86334;13
1640;Totaal over alle leeftijden;Mannen en vrouwen;'s-Gravenhage (SG);2010;1011445;671629;126776;65424;61352;213040;124395;88645;13
1641;Totaal over alle leeftijden;Mannen en vrouwen;'s-Gravenhage (SG);2011;1017106;672527;130123;67942;62181;214456;123431;91025;13
1642;Totaal over alle leeftijden;Mannen en vrouwen;'s-Gravenhage (SG);2012;1023128;673805;133517;70531;62986;215806;122436;93370;13
1643;Totaal over alle leeftijden;Mannen en vrouwen;'s-Gravenhage (SG);2013;1028079;674153;137027;73049;63978;216899;121577;95322;13
1644;Totaal over alle leeftijden;Mannen en vrouwen;'s-Gravenhage (SG);2014;1032751;674282;140540;75623;64917;217929;120694;97235;13
1645;Totaal over alle leeftijden;Mannen en vrouwen;'s-Gravenhage (SG);2015;1037518;674689;144023;78053;65970;218806;120016;98790;13
1646;Totaal over alle leeftijden;Mannen en vrouwen;'s-Gravenhage (SG);2016;1042406;674826;147593;80437;67156;219987;119402;100585;13
1647;Totaal over alle leeftijden;Mannen en vrouwen;'s-Gravenhage (SG);2017;1046853;675000;151122;82806;68316;220731;118601;102130;13
1648;Totaal over alle leeftijden;Mannen en vrouwen;'s-Gravenhage (SG);2018;1051444;675119;154737;85105;69632;221588;118092;103496;13
1649;Totaal over alle leeftijden;Mannen en vrouwen;'s-Gravenhage (SG);2019;1055756;675316;158180;87300;70880;222260;117541;104719;13
1650;Totaal over alle leeftijden;Mannen en vrouwen;'s-Gravenhage (SG);2020;1059687;675252;161653;89546;72107;222782;116950;105832;13
1651;Totaal over alle leeftijden;Mannen en vrouwen;'s-Gravenhage (SG);2021;1063520;674934;165136;91665;73471;223450;116625;106825;13
1652;Totaal over alle leeftijden;Mannen en vrouwen;'s-Gravenhage (SG);2022;1067366;674629;168722;93826;74896;224015;116284;107731;13
1653;Totaal over alle leeftijden;Mannen en vrouwen;'s-Gravenhage (SG);2023;1071263;674298;172316;95974;76342;224649;116032;108617;13
1654;Totaal over alle leeftijden;Mannen en vrouwen;'s-Gravenhage (SG);2024;1075004;673829;175872;98194;77678;225303;115846;109457;13
1655;Totaal over alle leeftijden;Mannen en vrouwen;'s-Gravenhage (SG);2025;1079013;673459;179671;100480;79191;225883;115577;110306;13
1656;Totaal over alle leeftijden;Mannen en vrouwen;Rotterdam (SG);2008;1172397;793750;105713;48655;57058;272934;154972;117962;14
1657;Totaal over alle leeftijden;Mannen en vrouwen;Rotterdam (SG);2009;1170461;793249;106001;48477;57524;271211;151727;119484;14
1658;Totaal over alle leeftijden;Mannen en vrouwen;Rotterdam (SG);2010;1170232;793711;106467;48449;58018;270054;149009;121045;14
1659;Totaal over alle leeftijden;Mannen en vrouwen;Rotterdam (SG);2011;1169470;793687;106960;48544;58416;268823;146342;122481;14
1660;Totaal over alle leeftijden;Mannen en vrouwen;Rotterdam (SG);2012;1168506;793235;107533;48631;58902;267738;143821;123917;14
1661;Totaal over alle leeftijden;Mannen en vrouwen;Rotterdam (SG);2013;1168824;793741;108194;48871;59323;266889;141806;125083;14
1662;Totaal over alle leeftijden;Mannen en vrouwen;Rotterdam (SG);2014;1168738;793996;108872;48961;59911;265870;139779;126091;14
1663;Totaal over alle leeftijden;Mannen en vrouwen;Rotterdam (SG);2015;1169182;794597;109494;49189;60305;265091;137831;127260;14
1664;Totaal over alle leeftijden;Mannen en vrouwen;Rotterdam (SG);2016;1169420;794987;110251;49505;60746;264182;136168;128014;14
1665;Totaal over alle leeftijden;Mannen en vrouwen;Rotterdam (SG);2017;1170536;795847;110997;49706;61291;263692;134702;128990;14
1666;Totaal over alle leeftijden;Mannen en vrouwen;Rotterdam (SG);2018;1171012;796202;111887;50059;61828;262923;133150;129773;14
1667;Totaal over alle leeftijden;Mannen en vrouwen;Rotterdam (SG);2019;1171622;796483;112618;50357;62261;262521;131809;130712;14
1668;Totaal over alle leeftijden;Mannen en vrouwen;Rotterdam (SG);2020;1172980;797162;113552;50708;62844;262266;130494;131772;14
1669;Totaal over alle leeftijden;Mannen en vrouwen;Rotterdam (SG);2021;1174363;797689;114413;51008;63405;262261;129373;132888;14
1670;Totaal over alle leeftijden;Mannen en vrouwen;Rotterdam (SG);2022;1175346;797899;115394;51421;63973;262053;128166;133887;14
1671;Totaal over alle leeftijden;Mannen en vrouwen;Rotterdam (SG);2023;1176337;798006;116352;51817;64535;261979;127032;134947;14
1672;Totaal over alle leeftijden;Mannen en vrouwen;Rotterdam (SG);2024;1177463;798208;117315;52201;65114;261940;126050;135890;14
1673;Totaal over alle leeftijden;Mannen en vrouwen;Rotterdam (SG);2025;1177779;797699;118242;52522;65720;261838;125001;136837;14
1674;Totaal over alle leeftijden;Mannen en vrouwen;Dordrecht (SG);2008;279422;226593;21868;8659;13209;30961;17370;13591;15
1675;Totaal over alle leeftijden;Mannen en vrouwen;Dordrecht (SG);2009;280167;226739;22062;8737;13325;31366;17374;13992;15
1676;Totaal over alle leeftijden;Mannen en vrouwen;Dordrecht (SG);2010;280757;226777;22141;8778;13363;31839;17471;14368;15
1677;Totaal over alle leeftijden;Mannen en vrouwen;Dordrecht (SG);2011;281208;226684;22252;8829;13423;32272;17546;14726;15
1678;Totaal over alle leeftijden;Mannen en vrouwen;Dordrecht (SG);2012;282063;226990;22303;8847;13456;32770;17660;15110;15
1679;Totaal over alle leeftijden;Mannen en vrouwen;Dordrecht (SG);2013;282744;227042;22485;8953;13532;33217;17773;15444;15
1680;Totaal over alle leeftijden;Mannen en vrouwen;Dordrecht (SG);2014;283150;226810;22697;9031;13666;33643;17866;15777;15
1681;Totaal over alle leeftijden;Mannen en vrouwen;Dordrecht (SG);2015;283707;226945;22807;9100;13707;33955;17880;16075;15
1682;Totaal over alle leeftijden;Mannen en vrouwen;Dordrecht (SG);2016;284278;226949;22984;9183;13801;34345;17883;16462;15
1683;Totaal over alle leeftijden;Mannen en vrouwen;Dordrecht (SG);2017;284540;226719;23175;9270;13905;34646;17883;16763;15
1684;Totaal over alle leeftijden;Mannen en vrouwen;Dordrecht (SG);2018;284688;226316;23324;9328;13996;35048;17972;17076;15
1685;Totaal over alle leeftijden;Mannen en vrouwen;Dordrecht (SG);2019;285139;226241;23462;9388;14074;35436;18083;17353;15
1686;Totaal over alle leeftijden;Mannen en vrouwen;Dordrecht (SG);2020;285105;225914;23564;9471;14093;35627;18116;17511;15
1687;Totaal over alle leeftijden;Mannen en vrouwen;Dordrecht (SG);2021;284998;225468;23641;9540;14101;35889;18233;17656;15
1688;Totaal over alle leeftijden;Mannen en vrouwen;Dordrecht (SG);2022;285152;225206;23769;9616;14153;36177;18358;17819;15
1689;Totaal over alle leeftijden;Mannen en vrouwen;Dordrecht (SG);2023;285257;224936;23840;9657;14183;36481;18458;18023;15
1690;Totaal over alle leeftijden;Mannen en vrouwen;Dordrecht (SG);2024;285211;224589;24006;9727;14279;36616;18455;18161;15
1691;Totaal over alle leeftijden;Mannen en vrouwen;Dordrecht (SG);2025;285400;224299;24209;9864;14345;36892;18586;18306;15
1692;Totaal over alle leeftijden;Mannen en vrouwen;Breda (SG);2008;313371;257849;28379;10904;17475;27143;14966;12177;16
1693;Totaal over alle leeftijden;Mannen en vrouwen;Breda (SG);2009;314450;258264;28501;10996;17505;27685;15106;12579;16
1694;Totaal over alle leeftijden;Mannen en vrouwen;Breda (SG);2010;315447;258542;28677;11113;17564;28228;15358;12870;16
1695;Totaal over alle leeftijden;Mannen en vrouwen;Breda (SG);2011;316671;258897;28897;11285;17612;28877;15545;13332;16
1696;Totaal over alle leeftijden;Mannen en vrouwen;Breda (SG);2012;317719;259115;29149;11406;17743;29455;15671;13784;16
1697;Totaal over alle leeftijden;Mannen en vrouwen;Breda (SG);2013;318468;259097;29433;11590;17843;29938;15773;14165;16
1698;Totaal over alle leeftijden;Mannen en vrouwen;Breda (SG);2014;319390;259168;29733;11799;17934;30489;15928;14561;16
1699;Totaal over alle leeftijden;Mannen en vrouwen;Breda (SG);2015;320366;259298;29954;11918;18036;31114;16173;14941;16
1700;Totaal over alle leeftijden;Mannen en vrouwen;Breda (SG);2016;321445;259602;30111;12057;18054;31732;16328;15404;16
1701;Totaal over alle leeftijden;Mannen en vrouwen;Breda (SG);2017;322108;259433;30382;12207;18175;32293;16505;15788;16
1702;Totaal over alle leeftijden;Mannen en vrouwen;Breda (SG);2018;322975;259426;30661;12405;18256;32888;16722;16166;16
1703;Totaal over alle leeftijden;Mannen en vrouwen;Breda (SG);2019;324069;259724;30912;12586;18326;33433;16919;16514;16
1704;Totaal over alle leeftijden;Mannen en vrouwen;Breda (SG);2020;325006;259918;31133;12756;18377;33955;17090;16865;16
1705;Totaal over alle leeftijden;Mannen en vrouwen;Breda (SG);2021;325818;260070;31317;12848;18469;34431;17276;17155;16
1706;Totaal over alle leeftijden;Mannen en vrouwen;Breda (SG);2022;326387;260041;31484;12975;18509;34862;17478;17384;16
1707;Totaal over alle leeftijden;Mannen en vrouwen;Breda (SG);2023;327296;260195;31727;13192;18535;35374;17711;17663;16
1708;Totaal over alle leeftijden;Mannen en vrouwen;Breda (SG);2024;327627;259880;31916;13294;18622;35831;17920;17911;16
1709;Totaal over alle leeftijden;Mannen en vrouwen;Breda (SG);2025;328108;259684;32147;13410;18737;36277;18119;18158;16
1710;Totaal over alle leeftijden;Mannen en vrouwen;Tilburg (SG);2008;290853;237204;22475;8500;13975;31174;17910;13264;17
1711;Totaal over alle leeftijden;Mannen en vrouwen;Tilburg (SG);2009;291520;237329;22595;8572;14023;31596;17922;13674;17
1712;Totaal over alle leeftijden;Mannen en vrouwen;Tilburg (SG);2010;291990;237080;22773;8675;14098;32137;18010;14127;17
1713;Totaal over alle leeftijden;Mannen en vrouwen;Tilburg (SG);2011;292607;237089;22979;8829;14150;32539;17974;14565;17
1714;Totaal over alle leeftijden;Mannen en vrouwen;Tilburg (SG);2012;293031;236815;23187;8949;14238;33029;18044;14985;17
1715;Totaal over alle leeftijden;Mannen en vrouwen;Tilburg (SG);2013;293695;236730;23439;9118;14321;33526;18162;15364;17
1716;Totaal over alle leeftijden;Mannen en vrouwen;Tilburg (SG);2014;294355;236736;23576;9211;14365;34043;18270;15773;17
1717;Totaal over alle leeftijden;Mannen en vrouwen;Tilburg (SG);2015;294841;236636;23753;9353;14400;34452;18378;16074;17
1718;Totaal over alle leeftijden;Mannen en vrouwen;Tilburg (SG);2016;295481;236683;23878;9461;14417;34920;18459;16461;17
1719;Totaal over alle leeftijden;Mannen en vrouwen;Tilburg (SG);2017;296209;236743;24128;9621;14507;35338;18575;16763;17
1720;Totaal over alle leeftijden;Mannen en vrouwen;Tilburg (SG);2018;296811;236703;24290;9752;14538;35818;18742;17076;17
1721;Totaal over alle leeftijden;Mannen en vrouwen;Tilburg (SG);2019;297552;236777;24443;9883;14560;36332;18918;17414;17
1722;Totaal over alle leeftijden;Mannen en vrouwen;Tilburg (SG);2020;297946;236535;24655;10005;14650;36756;19083;17673;17
1723;Totaal over alle leeftijden;Mannen en vrouwen;Tilburg (SG);2021;298506;236489;24830;10135;14695;37187;19247;17940;17
1724;Totaal over alle leeftijden;Mannen en vrouwen;Tilburg (SG);2022;299122;236401;25067;10313;14754;37654;19430;18224;17
1725;Totaal over alle leeftijden;Mannen en vrouwen;Tilburg (SG);2023;299583;236193;25266;10438;14828;38124;19663;18461;17
1726;Totaal over alle leeftijden;Mannen en vrouwen;Tilburg (SG);2024;300153;236066;25440;10566;14874;38647;19849;18798;17
1727;Totaal over alle leeftijden;Mannen en vrouwen;Tilburg (SG);2025;300435;235712;25564;10662;14902;39159;20052;19107;17
1728;Totaal over alle leeftijden;Mannen en vrouwen;'s-Hertogenbosch (SG);2008;189345;158820;15085;5623;9462;15440;8692;6748;18
1729;Totaal over alle leeftijden;Mannen en vrouwen;'s-Hertogenbosch (SG);2009;190283;159257;15230;5723;9507;15796;8803;6993;18
1730;Totaal over alle leeftijden;Mannen en vrouwen;'s-Hertogenbosch (SG);2010;191312;159707;15433;5854;9579;16172;8962;7210;18
1731;Totaal over alle leeftijden;Mannen en vrouwen;'s-Hertogenbosch (SG);2011;192655;160401;15666;5979;9687;16588;9115;7473;18
1732;Totaal over alle leeftijden;Mannen en vrouwen;'s-Hertogenbosch (SG);2012;193835;161060;15831;6119;9712;16944;9238;7706;18
1733;Totaal over alle leeftijden;Mannen en vrouwen;'s-Hertogenbosch (SG);2013;194406;161210;15940;6178;9762;17256;9379;7877;18
1734;Totaal over alle leeftijden;Mannen en vrouwen;'s-Hertogenbosch (SG);2014;195141;161453;16047;6260;9787;17641;9517;8124;18
1735;Totaal over alle leeftijden;Mannen en vrouwen;'s-Hertogenbosch (SG);2015;195813;161698;16196;6340;9856;17919;9615;8304;18
1736;Totaal over alle leeftijden;Mannen en vrouwen;'s-Hertogenbosch (SG);2016;196325;161679;16398;6514;9884;18248;9747;8501;18
1737;Totaal over alle leeftijden;Mannen en vrouwen;'s-Hertogenbosch (SG);2017;197057;161911;16594;6692;9902;18552;9898;8654;18
1738;Totaal over alle leeftijden;Mannen en vrouwen;'s-Hertogenbosch (SG);2018;197587;161975;16760;6808;9952;18852;10095;8757;18
1739;Totaal over alle leeftijden;Mannen en vrouwen;'s-Hertogenbosch (SG);2019;198068;161978;16943;6865;10078;19147;10221;8926;18
1740;Totaal over alle leeftijden;Mannen en vrouwen;'s-Hertogenbosch (SG);2020;198587;162029;17128;6986;10142;19430;10352;9078;18
1741;Totaal over alle leeftijden;Mannen en vrouwen;'s-Hertogenbosch (SG);2021;199151;162168;17313;7121;10192;19670;10476;9194;18
1742;Totaal over alle leeftijden;Mannen en vrouwen;'s-Hertogenbosch (SG);2022;199838;162405;17440;7237;10203;19993;10646;9347;18
1743;Totaal over alle leeftijden;Mannen en vrouwen;'s-Hertogenbosch (SG);2023;200192;162247;17617;7338;10279;20328;10802;9526;18
1744;Totaal over alle leeftijden;Mannen en vrouwen;'s-Hertogenbosch (SG);2024;200590;162211;17736;7454;10282;20643;10922;9721;18
1745;Totaal over alle leeftijden;Mannen en vrouwen;'s-Hertogenbosch (SG);2025;200696;161987;17903;7602;10301;20806;11051;9755;18
1746;Totaal over alle leeftijden;Mannen en vrouwen;Eindhoven (SG);2008;407737;324684;41967;16679;25288;41086;24466;16620;19
1747;Totaal over alle leeftijden;Mannen en vrouwen;Eindhoven (SG);2009;408789;324511;42371;17095;25276;41907;24885;17022;19
1748;Totaal over alle leeftijden;Mannen en vrouwen;Eindhoven (SG);2010;409858;324309;42792;17608;25184;42757;25202;17555;19
1749;Totaal over alle leeftijden;Mannen en vrouwen;Eindhoven (SG);2011;410917;324006;43244;18090;25154;43667;25530;18137;19
1750;Totaal over alle leeftijden;Mannen en vrouwen;Eindhoven (SG);2012;411665;323330;43677;18515;25162;44658;25930;18728;19
1751;Totaal over alle leeftijden;Mannen en vrouwen;Eindhoven (SG);2013;412219;322664;44029;18898;25131;45526;26204;19322;19
1752;Totaal over alle leeftijden;Mannen en vrouwen;Eindhoven (SG);2014;412902;322117;44473;19404;25069;46312;26471;19841;19
1753;Totaal over alle leeftijden;Mannen en vrouwen;Eindhoven (SG);2015;413287;321310;44907;19879;25028;47070;26725;20345;19
1754;Totaal over alle leeftijden;Mannen en vrouwen;Eindhoven (SG);2016;413810;320572;45264;20286;24978;47974;27127;20847;19
1755;Totaal over alle leeftijden;Mannen en vrouwen;Eindhoven (SG);2017;413533;319173;45648;20653;24995;48712;27402;21310;19
1756;Totaal over alle leeftijden;Mannen en vrouwen;Eindhoven (SG);2018;413637;318173;46024;21053;24971;49440;27651;21789;19
1757;Totaal over alle leeftijden;Mannen en vrouwen;Eindhoven (SG);2019;413284;316890;46346;21390;24956;50048;27882;22166;19
1758;Totaal over alle leeftijden;Mannen en vrouwen;Eindhoven (SG);2020;413085;315554;46802;21848;24954;50729;28146;22583;19
1759;Totaal over alle leeftijden;Mannen en vrouwen;Eindhoven (SG);2021;413173;314505;47179;22192;24987;51489;28426;23063;19
1760;Totaal over alle leeftijden;Mannen en vrouwen;Eindhoven (SG);2022;413400;313605;47541;22517;25024;52254;28745;23509;19
1761;Totaal over alle leeftijden;Mannen en vrouwen;Eindhoven (SG);2023;413238;312274;47872;22819;25053;53092;29122;23970;19
1762;Totaal over alle leeftijden;Mannen en vrouwen;Eindhoven (SG);2024;412922;310884;48262;23149;25113;53776;29435;24341;19
1763;Totaal over alle leeftijden;Mannen en vrouwen;Eindhoven (SG);2025;412702;309624;48662;23545;25117;54416;29738;24678;19
1764;Totaal over alle leeftijden;Mannen en vrouwen;Geleen/Sittard (SG);2008;152473;123990;21195;6182;15013;7288;4366;2922;20
1765;Totaal over alle leeftijden;Mannen en vrouwen;Geleen/Sittard (SG);2009;152064;123624;20873;6135;14738;7567;4460;3107;20
1766;Totaal over alle leeftijden;Mannen en vrouwen;Geleen/Sittard (SG);2010;151513;123192;20513;6068;14445;7808;4583;3225;20
1767;Totaal over alle leeftijden;Mannen en vrouwen;Geleen/Sittard (SG);2011;151004;122826;20128;6005;14123;8050;4664;3386;20
1768;Totaal over alle leeftijden;Mannen en vrouwen;Geleen/Sittard (SG);2012;150322;122255;19744;5982;13762;8323;4787;3536;20
1769;Totaal over alle leeftijden;Mannen en vrouwen;Geleen/Sittard (SG);2013;149660;121817;19313;5906;13407;8530;4824;3706;20
1770;Totaal over alle leeftijden;Mannen en vrouwen;Geleen/Sittard (SG);2014;148911;121172;18959;5881;13078;8780;4910;3870;20
1771;Totaal over alle leeftijden;Mannen en vrouwen;Geleen/Sittard (SG);2015;148096;120519;18607;5844;12763;8970;4991;3979;20
1772;Totaal over alle leeftijden;Mannen en vrouwen;Geleen/Sittard (SG);2016;147434;119979;18236;5797;12439;9219;5083;4136;20
1773;Totaal over alle leeftijden;Mannen en vrouwen;Geleen/Sittard (SG);2017;146809;119425;17922;5787;12135;9462;5201;4261;20
1774;Totaal over alle leeftijden;Mannen en vrouwen;Geleen/Sittard (SG);2018;146051;118783;17569;5746;11823;9699;5275;4424;20
1775;Totaal over alle leeftijden;Mannen en vrouwen;Geleen/Sittard (SG);2019;145380;118241;17256;5710;11546;9883;5324;4559;20
1776;Totaal over alle leeftijden;Mannen en vrouwen;Geleen/Sittard (SG);2020;144680;117600;16937;5696;11241;10143;5425;4718;20
1777;Totaal over alle leeftijden;Mannen en vrouwen;Geleen/Sittard (SG);2021;143925;116933;16707;5683;11024;10285;5483;4802;20
1778;Totaal over alle leeftijden;Mannen en vrouwen;Geleen/Sittard (SG);2022;143166;116356;16364;5632;10732;10446;5539;4907;20
1779;Totaal over alle leeftijden;Mannen en vrouwen;Geleen/Sittard (SG);2023;142466;115720;16148;5650;10498;10598;5589;5009;20
1780;Totaal over alle leeftijden;Mannen en vrouwen;Geleen/Sittard (SG);2024;141790;115039;15880;5621;10259;10871;5687;5184;20
1781;Totaal over alle leeftijden;Mannen en vrouwen;Geleen/Sittard (SG);2025;141017;114317;15676;5647;10029;11024;5736;5288;20
1782;Totaal over alle leeftijden;Mannen en vrouwen;Heerlen (SG);2008;256019;191522;51997;17605;34392;12500;7410;5090;21
1783;Totaal over alle leeftijden;Mannen en vrouwen;Heerlen (SG);2009;254593;190767;50824;17341;33483;13002;7627;5375;21
1784;Totaal over alle leeftijden;Mannen en vrouwen;Heerlen (SG);2010;253198;190130;49724;17030;32694;13344;7754;5590;21
1785;Totaal over alle leeftijden;Mannen en vrouwen;Heerlen (SG);2011;252069;189635;48671;16793;31878;13763;7912;5851;21
1786;Totaal over alle leeftijden;Mannen en vrouwen;Heerlen (SG);2012;250842;189037;47627;16552;31075;14178;8019;6159;21
1787;Totaal over alle leeftijden;Mannen en vrouwen;Heerlen (SG);2013;249936;188583;46696;16358;30338;14657;8241;6416;21
1788;Totaal over alle leeftijden;Mannen en vrouwen;Heerlen (SG);2014;248878;188080;45734;16151;29583;15064;8404;6660;21
1789;Totaal over alle leeftijden;Mannen en vrouwen;Heerlen (SG);2015;247906;187523;44852;15931;28921;15531;8588;6943;21
1790;Totaal over alle leeftijden;Mannen en vrouwen;Heerlen (SG);2016;247033;187118;43991;15737;28254;15924;8747;7177;21
1791;Totaal over alle leeftijden;Mannen en vrouwen;Heerlen (SG);2017;246095;186742;43055;15555;27500;16298;8842;7456;21
1792;Totaal over alle leeftijden;Mannen en vrouwen;Heerlen (SG);2018;245200;186346;42190;15350;26840;16664;8974;7690;21
1793;Totaal over alle leeftijden;Mannen en vrouwen;Heerlen (SG);2019;244276;185915;41333;15134;26199;17028;9124;7904;21
1794;Totaal over alle leeftijden;Mannen en vrouwen;Heerlen (SG);2020;243463;185527;40514;14969;25545;17422;9263;8159;21
1795;Totaal over alle leeftijden;Mannen en vrouwen;Heerlen (SG);2021;242752;185187;39757;14810;24947;17808;9447;8361;21
1796;Totaal over alle leeftijden;Mannen en vrouwen;Heerlen (SG);2022;241923;184680;39063;14656;24407;18180;9564;8616;21
1797;Totaal over alle leeftijden;Mannen en vrouwen;Heerlen (SG);2023;241128;184160;38401;14518;23883;18567;9703;8864;21
1798;Totaal over alle leeftijden;Mannen en vrouwen;Heerlen (SG);2024;240323;183678;37774;14417;23357;18871;9824;9047;21
1799;Totaal over alle leeftijden;Mannen en vrouwen;Heerlen (SG);2025;239595;183260;37129;14256;22873;19206;9986;9220;21
1800;Totaal over alle leeftijden;Mannen en vrouwen;Maastricht (SG);2008;179613;146152;23234;9116;14118;10227;6322;3905;22
1801;Totaal over alle leeftijden;Mannen en vrouwen;Maastricht (SG);2009;178423;144994;23064;9160;13904;10365;6310;4055;22
1802;Totaal over alle leeftijden;Mannen en vrouwen;Maastricht (SG);2010;177257;143819;22858;9200;13658;10580;6317;4263;22
1803;Totaal over alle leeftijden;Mannen en vrouwen;Maastricht (SG);2011;176153;142651;22767;9349;13418;10735;6318;4417;22
1804;Totaal over alle leeftijden;Mannen en vrouwen;Maastricht (SG);2012;175172;141604;22692;9409;13283;10876;6295;4581;22
1805;Totaal over alle leeftijden;Mannen en vrouwen;Maastricht (SG);2013;174269;140615;22553;9511;13042;11101;6275;4826;22
1806;Totaal over alle leeftijden;Mannen en vrouwen;Maastricht (SG);2014;173427;139724;22439;9562;12877;11264;6297;4967;22
1807;Totaal over alle leeftijden;Mannen en vrouwen;Maastricht (SG);2015;172537;138793;22304;9592;12712;11440;6352;5088;22
1808;Totaal over alle leeftijden;Mannen en vrouwen;Maastricht (SG);2016;171763;138031;22155;9585;12570;11577;6390;5187;22
1809;Totaal over alle leeftijden;Mannen en vrouwen;Maastricht (SG);2017;170903;137108;22013;9628;12385;11782;6428;5354;22
1810;Totaal over alle leeftijden;Mannen en vrouwen;Maastricht (SG);2018;170060;136185;21926;9693;12233;11949;6497;5452;22
1811;Totaal over alle leeftijden;Mannen en vrouwen;Maastricht (SG);2019;169349;135408;21837;9724;12113;12104;6521;5583;22
1812;Totaal over alle leeftijden;Mannen en vrouwen;Maastricht (SG);2020;168451;134545;21674;9735;11939;12232;6582;5650;22
1813;Totaal over alle leeftijden;Mannen en vrouwen;Maastricht (SG);2021;167778;133705;21691;9844;11847;12382;6617;5765;22
1814;Totaal over alle leeftijden;Mannen en vrouwen;Maastricht (SG);2022;167034;132929;21576;9834;11742;12529;6699;5830;22
1815;Totaal over alle leeftijden;Mannen en vrouwen;Maastricht (SG);2023;166189;132002;21456;9867;11589;12731;6722;6009;22
1816;Totaal over alle leeftijden;Mannen en vrouwen;Maastricht (SG);2024;165434;131186;21324;9867;11457;12924;6797;6127;22
1817;Totaal over alle leeftijden;Mannen en vrouwen;Maastricht (SG);2025;164609;130287;21242;9896;11346;13080;6860;6220;22
1818;Totaal over alle leeftijden;Mannen en vrouwen;Aa en Hunze;2008;25388;23912;992;327;665;484;253;231;1680
1819;Totaal over alle leeftijden;Mannen en vrouwen;Aa en Hunze;2009;25374;23806;1004;318;686;564;291;273;1680
1820;Totaal over alle leeftijden;Mannen en vrouwen;Aa en Hunze;2010;25378;23721;1024;325;699;633;329;304;1680
1821;Totaal over alle leeftijden;Mannen en vrouwen;Aa en Hunze;2011;25263;23520;1042;322;720;701;352;349;1680
1822;Totaal over alle leeftijden;Mannen en vrouwen;Aa en Hunze;2012;25150;23341;1062;323;739;747;375;372;1680
1823;Totaal over alle leeftijden;Mannen en vrouwen;Aa en Hunze;2013;25081;23212;1063;321;742;806;409;397;1680
1824;Totaal over alle leeftijden;Mannen en vrouwen;Aa en Hunze;2014;25101;23178;1043;322;721;880;447;433;1680
1825;Totaal over alle leeftijden;Mannen en vrouwen;Aa en Hunze;2015;24931;22965;1044;319;725;922;474;448;1680
1826;Totaal over alle leeftijden;Mannen en vrouwen;Aa en Hunze;2016;24865;22820;1051;318;733;994;493;501;1680
1827;Totaal over alle leeftijden;Mannen en vrouwen;Aa en Hunze;2017;24811;22702;1057;331;726;1052;522;530;1680
1828;Totaal over alle leeftijden;Mannen en vrouwen;Aa en Hunze;2018;24809;22660;1055;343;712;1094;526;568;1680
1829;Totaal over alle leeftijden;Mannen en vrouwen;Aa en Hunze;2019;24816;22588;1077;357;720;1151;560;591;1680
1830;Totaal over alle leeftijden;Mannen en vrouwen;Aa en Hunze;2020;24781;22494;1084;348;736;1203;589;614;1680
1831;Totaal over alle leeftijden;Mannen en vrouwen;Aa en Hunze;2021;24778;22412;1112;362;750;1254;613;641;1680
1832;Totaal over alle leeftijden;Mannen en vrouwen;Aa en Hunze;2022;24785;22350;1124;365;759;1311;644;667;1680
1833;Totaal over alle leeftijden;Mannen en vrouwen;Aa en Hunze;2023;24758;22236;1141;371;770;1381;669;712;1680
1834;Totaal over alle leeftijden;Mannen en vrouwen;Aa en Hunze;2024;24836;22239;1157;377;780;1440;692;748;1680
1835;Totaal over alle leeftijden;Mannen en vrouwen;Aa en Hunze;2025;24864;22210;1161;373;788;1493;701;792;1680
1836;Totaal over alle leeftijden;Mannen en vrouwen;Aalburg;2008;12200;11641;360;129;231;199;123;76;738
1837;Totaal over alle leeftijden;Mannen en vrouwen;Aalburg;2009;12081;11485;367;126;241;229;143;86;738
1838;Totaal over alle leeftijden;Mannen en vrouwen;Aalburg;2010;12049;11402;377;131;246;270;160;110;738
1839;Totaal over alle leeftijden;Mannen en vrouwen;Aalburg;2011;11989;11305;396;143;253;288;173;115;738
1840;Totaal over alle leeftijden;Mannen en vrouwen;Aalburg;2012;12015;11278;425;153;272;312;187;125;738
1841;Totaal over alle leeftijden;Mannen en vrouwen;Aalburg;2013;11952;11168;440;157;283;344;204;140;738
1842;Totaal over alle leeftijden;Mannen en vrouwen;Aalburg;2014;11976;11160;454;161;293;362;210;152;738
1843;Totaal over alle leeftijden;Mannen en vrouwen;Aalburg;2015;11992;11133;472;172;300;387;220;167;738
1844;Totaal over alle leeftijden;Mannen en vrouwen;Aalburg;2016;12045;11143;488;180;308;414;229;185;738
1845;Totaal over alle leeftijden;Mannen en vrouwen;Aalburg;2017;12074;11147;489;177;312;438;240;198;738
1846;Totaal over alle leeftijden;Mannen en vrouwen;Aalburg;2018;12138;11169;503;189;314;466;250;216;738
1847;Totaal over alle leeftijden;Mannen en vrouwen;Aalburg;2019;12200;11197;516;198;318;487;262;225;738
1848;Totaal over alle leeftijden;Mannen en vrouwen;Aalburg;2020;12263;11243;515;192;323;505;268;237;738
1849;Totaal over alle leeftijden;Mannen en vrouwen;Aalburg;2021;12331;11279;531;199;332;521;277;244;738
1850;Totaal over alle leeftijden;Mannen en vrouwen;Aalburg;2022;12430;11343;540;203;337;547;280;267;738
1851;Totaal over alle leeftijden;Mannen en vrouwen;Aalburg;2023;12422;11293;557;209;348;572;289;283;738
1852;Totaal over alle leeftijden;Mannen en vrouwen;Aalburg;2024;12481;11351;548;206;342;582;290;292;738
1853;Totaal over alle leeftijden;Mannen en vrouwen;Aalburg;2025;12530;11367;555;205;350;608;297;311;738
1854;Totaal over alle leeftijden;Mannen en vrouwen;Aalsmeer;2008;26224;22301;2374;1185;1189;1549;855;694;358
1855;Totaal over alle leeftijden;Mannen en vrouwen;Aalsmeer;2009;26775;22627;2471;1243;1228;1677;916;761;358
1856;Totaal over alle leeftijden;Mannen en vrouwen;Aalsmeer;2010;27236;22825;2603;1329;1274;1808;1000;808;358
1857;Totaal over alle leeftijden;Mannen en vrouwen;Aalsmeer;2011;27649;22999;2703;1406;1297;1947;1070;877;358
1858;Totaal over alle leeftijden;Mannen en vrouwen;Aalsmeer;2012;28151;23210;2863;1496;1367;2078;1120;958;358
1859;Totaal over alle leeftijden;Mannen en vrouwen;Aalsmeer;2013;28483;23262;2976;1582;1394;2245;1201;1044;358
1860;Totaal over alle leeftijden;Mannen en vrouwen;Aalsmeer;2014;28825;23339;3095;1653;1442;2391;1277;1114;358
1861;Totaal over alle leeftijden;Mannen en vrouwen;Aalsmeer;2015;29271;23521;3196;1715;1481;2554;1356;1198;358
1862;Totaal over alle leeftijden;Mannen en vrouwen;Aalsmeer;2016;29362;23448;3271;1760;1511;2643;1412;1231;358
1863;Totaal over alle leeftijden;Mannen en vrouwen;Aalsmeer;2017;29504;23359;3393;1838;1555;2752;1463;1289;358
1864;Totaal over alle leeftijden;Mannen en vrouwen;Aalsmeer;2018;29690;23367;3449;1875;1574;2874;1521;1353;358
1865;Totaal over alle leeftijden;Mannen en vrouwen;Aalsmeer;2019;29850;23337;3513;1913;1600;3000;1577;1423;358
1866;Totaal over alle leeftijden;Mannen en vrouwen;Aalsmeer;2020;30141;23419;3625;1981;1644;3097;1630;1467;358
1867;Totaal over alle leeftijden;Mannen en vrouwen;Aalsmeer;2021;30243;23366;3700;2038;1662;3177;1689;1488;358
1868;Totaal over alle leeftijden;Mannen en vrouwen;Aalsmeer;2022;30414;23321;3769;2082;1687;3324;1761;1563;358
1869;Totaal over alle leeftijden;Mannen en vrouwen;Aalsmeer;2023;30442;23215;3817;2130;1687;3410;1805;1605;358
1870;Totaal over alle leeftijden;Mannen en vrouwen;Aalsmeer;2024;30616;23208;3900;2192;1708;3508;1869;1639;358
1871;Totaal over alle leeftijden;Mannen en vrouwen;Aalsmeer;2025;30699;23115;3985;2210;1775;3599;1906;1693;358
1872;Totaal over alle leeftijden;Mannen en vrouwen;Aalten;2008;27304;23839;2500;993;1507;965;560;405;197
1873;Totaal over alle leeftijden;Mannen en vrouwen;Aalten;2009;27175;23686;2453;974;1479;1036;594;442;197
1874;Totaal over alle leeftijden;Mannen en vrouwen;Aalten;2010;27045;23536;2417;963;1454;1092;618;474;197
1875;Totaal over alle leeftijden;Mannen en vrouwen;Aalten;2011;26990;23486;2365;956;1409;1139;639;500;197
1876;Totaal over alle leeftijden;Mannen en vrouwen;Aalten;2012;26899;23424;2332;944;1388;1143;623;520;197
1877;Totaal over alle leeftijden;Mannen en vrouwen;Aalten;2013;26878;23356;2322;934;1388;1200;645;555;197
1878;Totaal over alle leeftijden;Mannen en vrouwen;Aalten;2014;26786;23251;2288;925;1363;1247;667;580;197
1879;Totaal over alle leeftijden;Mannen en vrouwen;Aalten;2015;26729;23196;2243;904;1339;1290;680;610;197
1880;Totaal over alle leeftijden;Mannen en vrouwen;Aalten;2016;26688;23128;2189;891;1298;1371;739;632;197
1881;Totaal over alle leeftijden;Mannen en vrouwen;Aalten;2017;26711;23143;2171;879;1292;1397;744;653;197
1882;Totaal over alle leeftijden;Mannen en vrouwen;Aalten;2018;26735;23122;2153;869;1284;1460;790;670;197
1883;Totaal over alle leeftijden;Mannen en vrouwen;Aalten;2019;26706;23063;2145;867;1278;1498;811;687;197
1884;Totaal over alle leeftijden;Mannen en vrouwen;Aalten;2020;26782;23099;2127;858;1269;1556;833;723;197
1885;Totaal over alle leeftijden;Mannen en vrouwen;Aalten;2021;26750;23064;2106;858;1248;1580;858;722;197
1886;Totaal over alle leeftijden;Mannen en vrouwen;Aalten;2022;26745;23073;2069;829;1240;1603;883;720;197
1887;Totaal over alle leeftijden;Mannen en vrouwen;Aalten;2023;26728;23038;2030;822;1208;1660;913;747;197
1888;Totaal over alle leeftijden;Mannen en vrouwen;Aalten;2024;26769;23018;2034;827;1207;1717;950;767;197
1889;Totaal over alle leeftijden;Mannen en vrouwen;Aalten;2025;26755;22980;2003;814;1189;1772;981;791;197
1890;Totaal over alle leeftijden;Mannen en vrouwen;Abcoude;2008;8521;7185;891;313;578;445;227;218;305
1891;Totaal over alle leeftijden;Mannen en vrouwen;Abcoude;2009;8473;7099;908;322;586;466;236;230;305
1892;Totaal over alle leeftijden;Mannen en vrouwen;Abcoude;2010;8490;7050;933;329;604;507;251;256;305
1893;Totaal over alle leeftijden;Mannen en vrouwen;Abcoude;2011;8475;6976;945;327;618;554;272;282;305
1894;Totaal over alle leeftijden;Mannen en vrouwen;Abcoude;2012;8485;6946;960;333;627;579;288;291;305
1895;Totaal over alle leeftijden;Mannen en vrouwen;Abcoude;2013;8407;6867;960;327;633;580;291;289;305
1896;Totaal over alle leeftijden;Mannen en vrouwen;Abcoude;2014;8396;6826;959;322;637;611;313;298;305
1897;Totaal over alle leeftijden;Mannen en vrouwen;Abcoude;2015;8401;6815;981;320;661;605;312;293;305
1898;Totaal over alle leeftijden;Mannen en vrouwen;Abcoude;2016;8391;6778;979;322;657;634;331;303;305
1899;Totaal over alle leeftijden;Mannen en vrouwen;Abcoude;2017;8366;6707;990;335;655;669;358;311;305
1900;Totaal over alle leeftijden;Mannen en vrouwen;Abcoude;2018;8317;6645;1008;343;665;664;352;312;305
1901;Totaal over alle leeftijden;Mannen en vrouwen;Abcoude;2019;8349;6651;1023;346;677;675;352;323;305
1902;Totaal over alle leeftijden;Mannen en vrouwen;Abcoude;2020;8362;6612;1033;351;682;717;363;354;305
1903;Totaal over alle leeftijden;Mannen en vrouwen;Abcoude;2021;8368;6594;1044;353;691;730;361;369;305
1904;Totaal over alle leeftijden;Mannen en vrouwen;Abcoude;2022;8429;6652;1032;352;680;745;371;374;305
1905;Totaal over alle leeftijden;Mannen en vrouwen;Abcoude;2023;8410;6636;1036;349;687;738;377;361;305
1906;Totaal over alle leeftijden;Mannen en vrouwen;Abcoude;2024;8412;6603;1068;373;695;741;379;362;305
1907;Totaal over alle leeftijden;Mannen en vrouwen;Abcoude;2025;8458;6600;1088;376;712;770;398;372;305
1908;Totaal over alle leeftijden;Mannen en vrouwen;Achtkarspelen;2008;28022;27007;599;199;400;416;249;167;59
1909;Totaal over alle leeftijden;Mannen en vrouwen;Achtkarspelen;2009;27962;26864;619;193;426;479;289;190;59
1910;Totaal over alle leeftijden;Mannen en vrouwen;Achtkarspelen;2010;27878;26709;623;196;427;546;317;229;59
1911;Totaal over alle leeftijden;Mannen en vrouwen;Achtkarspelen;2011;27863;26620;640;209;431;603;335;268;59
1912;Totaal over alle leeftijden;Mannen en vrouwen;Achtkarspelen;2012;27849;26538;652;211;441;659;372;287;59
1913;Totaal over alle leeftijden;Mannen en vrouwen;Achtkarspelen;2013;27804;26427;664;225;439;713;399;314;59
1914;Totaal over alle leeftijden;Mannen en vrouwen;Achtkarspelen;2014;27783;26340;688;236;452;755;415;340;59
1915;Totaal over alle leeftijden;Mannen en vrouwen;Achtkarspelen;2015;27741;26239;698;239;459;804;441;363;59
1916;Totaal over alle leeftijden;Mannen en vrouwen;Achtkarspelen;2016;27754;26184;712;243;469;858;457;401;59
1917;Totaal over alle leeftijden;Mannen en vrouwen;Achtkarspelen;2017;27736;26093;727;250;477;916;495;421;59
1918;Totaal over alle leeftijden;Mannen en vrouwen;Achtkarspelen;2018;27667;25984;736;254;482;947;507;440;59
1919;Totaal over alle leeftijden;Mannen en vrouwen;Achtkarspelen;2019;27745;25974;752;261;491;1019;541;478;59
1920;Totaal over alle leeftijden;Mannen en vrouwen;Achtkarspelen;2020;27798;25942;767;265;502;1089;577;512;59
1921;Totaal over alle leeftijden;Mannen en vrouwen;Achtkarspelen;2021;27799;25850;799;273;526;1150;599;551;59
1922;Totaal over alle leeftijden;Mannen en vrouwen;Achtkarspelen;2022;27783;25776;803;272;531;1204;624;580;59
1923;Totaal over alle leeftijden;Mannen en vrouwen;Achtkarspelen;2023;27711;25604;826;291;535;1281;658;623;59
1924;Totaal over alle leeftijden;Mannen en vrouwen;Achtkarspelen;2024;27725;25545;824;295;529;1356;691;665;59
1925;Totaal over alle leeftijden;Mannen en vrouwen;Achtkarspelen;2025;27676;25452;845;308;537;1379;701;678;59
1926;Totaal over alle leeftijden;Mannen en vrouwen;Alblasserdam;2008;18437;16077;1238;506;732;1122;580;542;482
1927;Totaal over alle leeftijden;Mannen en vrouwen;Alblasserdam;2009;18619;16218;1245;506;739;1156;589;567;482
1928;Totaal over alle leeftijden;Mannen en vrouwen;Alblasserdam;2010;18746;16321;1239;502;737;1186;598;588;482
1929;Totaal over alle leeftijden;Mannen en vrouwen;Alblasserdam;2011;18827;16348;1254;492;762;1225;629;596;482
1930;Totaal over alle leeftijden;Mannen en vrouwen;Alblasserdam;2012;19062;16528;1251;487;764;1283;659;624;482
1931;Totaal over alle leeftijden;Mannen en vrouwen;Alblasserdam;2013;19056;16493;1255;487;768;1308;669;639;482
1932;Totaal over alle leeftijden;Mannen en vrouwen;Alblasserdam;2014;19181;16541;1279;494;785;1361;690;671;482
1933;Totaal over alle leeftijden;Mannen en vrouwen;Alblasserdam;2015;19253;16574;1282;490;792;1397;711;686;482
1934;Totaal over alle leeftijden;Mannen en vrouwen;Alblasserdam;2016;19290;16558;1306;501;805;1426;719;707;482
1935;Totaal over alle leeftijden;Mannen en vrouwen;Alblasserdam;2017;19341;16583;1298;485;813;1460;717;743;482
1936;Totaal over alle leeftijden;Mannen en vrouwen;Alblasserdam;2018;19459;16673;1296;483;813;1490;734;756;482
1937;Totaal over alle leeftijden;Mannen en vrouwen;Alblasserdam;2019;19504;16687;1294;483;811;1523;745;778;482
1938;Totaal over alle leeftijden;Mannen en vrouwen;Alblasserdam;2020;19515;16684;1288;470;818;1543;767;776;482
1939;Totaal over alle leeftijden;Mannen en vrouwen;Alblasserdam;2021;19617;16769;1278;461;817;1570;779;791;482
1940;Totaal over alle leeftijden;Mannen en vrouwen;Alblasserdam;2022;19622;16738;1286;467;819;1598;799;799;482
1941;Totaal over alle leeftijden;Mannen en vrouwen;Alblasserdam;2023;19671;16765;1288;466;822;1618;809;809;482
1942;Totaal over alle leeftijden;Mannen en vrouwen;Alblasserdam;2024;19678;16751;1299;470;829;1628;813;815;482
1943;Totaal over alle leeftijden;Mannen en vrouwen;Alblasserdam;2025;19782;16808;1308;467;841;1666;829;837;482
1944;Totaal over alle leeftijden;Mannen en vrouwen;Albrandswaard;2008;21512;18251;1555;575;980;1706;876;830;613
1945;Totaal over alle leeftijden;Mannen en vrouwen;Albrandswaard;2009;21807;18406;1561;575;986;1840;916;924;613
1946;Totaal over alle leeftijden;Mannen en vrouwen;Albrandswaard;2010;22140;18603;1597;602;995;1940;949;991;613
1947;Totaal over alle leeftijden;Mannen en vrouwen;Albrandswaard;2011;22122;18492;1590;604;986;2040;982;1058;613
1948;Totaal over alle leeftijden;Mannen en vrouwen;Albrandswaard;2012;22022;18360;1570;590;980;2092;995;1097;613
1949;Totaal over alle leeftijden;Mannen en vrouwen;Albrandswaard;2013;22019;18293;1563;590;973;2163;1011;1152;613
1950;Totaal over alle leeftijden;Mannen en vrouwen;Albrandswaard;2014;22099;18294;1577;603;974;2228;1019;1209;613
1951;Totaal over alle leeftijden;Mannen en vrouwen;Albrandswaard;2015;22026;18169;1592;602;990;2265;1012;1253;613
1952;Totaal over alle leeftijden;Mannen en vrouwen;Albrandswaard;2016;21934;18001;1612;622;990;2321;1032;1289;613
1953;Totaal over alle leeftijden;Mannen en vrouwen;Albrandswaard;2017;22105;18073;1648;626;1022;2384;1019;1365;613
1954;Totaal over alle leeftijden;Mannen en vrouwen;Albrandswaard;2018;22175;18078;1678;648;1030;2419;1024;1395;613
1955;Totaal over alle leeftijden;Mannen en vrouwen;Albrandswaard;2019;22152;18038;1669;636;1033;2445;1026;1419;613
1956;Totaal over alle leeftijden;Mannen en vrouwen;Albrandswaard;2020;22048;17890;1677;631;1046;2481;1041;1440;613
1957;Totaal over alle leeftijden;Mannen en vrouwen;Albrandswaard;2021;22244;17965;1668;632;1036;2611;1067;1544;613
1958;Totaal over alle leeftijden;Mannen en vrouwen;Albrandswaard;2022;22316;17965;1695;635;1060;2656;1069;1587;613
1959;Totaal over alle leeftijden;Mannen en vrouwen;Albrandswaard;2023;22224;17810;1720;647;1073;2694;1092;1602;613
1960;Totaal over alle leeftijden;Mannen en vrouwen;Albrandswaard;2024;22377;17857;1744;654;1090;2776;1113;1663;613
1961;Totaal over alle leeftijden;Mannen en vrouwen;Albrandswaard;2025;22273;17740;1730;648;1082;2803;1114;1689;613
1962;Totaal over alle leeftijden;Mannen en vrouwen;Alkemade;2008;14507;13471;597;235;362;439;264;175;483
1963;Totaal over alle leeftijden;Mannen en vrouwen;Alkemade;2009;14604;13492;631;253;378;481;287;194;483
1964;Totaal over alle leeftijden;Mannen en vrouwen;Alkemade;2010;14776;13539;686;287;399;551;323;228;483
1965;Totaal over alle leeftijden;Mannen en vrouwen;Alkemade;2011;14789;13491;707;303;404;591;340;251;483
1966;Totaal over alle leeftijden;Mannen en vrouwen;Alkemade;2012;14842;13468;732;313;419;642;354;288;483
1967;Totaal over alle leeftijden;Mannen en vrouwen;Alkemade;2013;14932;13457;788;341;447;687;376;311;483
1968;Totaal over alle leeftijden;Mannen en vrouwen;Alkemade;2014;14926;13420;809;353;456;697;382;315;483
1969;Totaal over alle leeftijden;Mannen en vrouwen;Alkemade;2015;14927;13356;845;375;470;726;393;333;483
1970;Totaal over alle leeftijden;Mannen en vrouwen;Alkemade;2016;14942;13303;881;391;490;758;406;352;483
1971;Totaal over alle leeftijden;Mannen en vrouwen;Alkemade;2017;14934;13265;872;395;477;797;411;386;483
1972;Totaal over alle leeftijden;Mannen en vrouwen;Alkemade;2018;14997;13227;917;420;497;853;447;406;483
1973;Totaal over alle leeftijden;Mannen en vrouwen;Alkemade;2019;15007;13192;932;435;497;883;467;416;483
1974;Totaal over alle leeftijden;Mannen en vrouwen;Alkemade;2020;15039;13148;972;461;511;919;481;438;483
1975;Totaal over alle leeftijden;Mannen en vrouwen;Alkemade;2021;15054;13086;1018;483;535;950;496;454;483
1976;Totaal over alle leeftijden;Mannen en vrouwen;Alkemade;2022;15058;13017;1038;496;542;1003;520;483;483
1977;Totaal over alle leeftijden;Mannen en vrouwen;Alkemade;2023;15083;12964;1090;529;561;1029;539;490;483
1978;Totaal over alle leeftijden;Mannen en vrouwen;Alkemade;2024;15127;12956;1105;534;571;1066;555;511;483
1979;Totaal over alle leeftijden;Mannen en vrouwen;Alkemade;2025;15104;12880;1116;542;574;1108;570;538;483
1980;Totaal over alle leeftijden;Mannen en vrouwen;Alkmaar;2008;94078;73825;9236;3944;5292;11017;6449;4568;361
1981;Totaal over alle leeftijden;Mannen en vrouwen;Alkmaar;2009;94196;73904;9276;3948;5328;11016;6446;4570;361
1982;Totaal over alle leeftijden;Mannen en vrouwen;Alkmaar;2010;94382;74076;9303;3983;5320;11003;6400;4603;361
1983;Totaal over alle leeftijden;Mannen en vrouwen;Alkmaar;2011;95008;74468;9419;4011;5408;11121;6452;4669;361
1984;Totaal over alle leeftijden;Mannen en vrouwen;Alkmaar;2012;95394;74732;9506;4087;5419;11156;6436;4720;361
1985;Totaal over alle leeftijden;Mannen en vrouwen;Alkmaar;2013;95877;75100;9503;4086;5417;11274;6474;4800;361
1986;Totaal over alle leeftijden;Mannen en vrouwen;Alkmaar;2014;96422;75450;9561;4144;5417;11411;6530;4881;361
1987;Totaal over alle leeftijden;Mannen en vrouwen;Alkmaar;2015;96924;75815;9619;4202;5417;11490;6561;4929;361
1988;Totaal over alle leeftijden;Mannen en vrouwen;Alkmaar;2016;97131;75936;9656;4265;5391;11539;6583;4956;361
1989;Totaal over alle leeftijden;Mannen en vrouwen;Alkmaar;2017;97350;76028;9694;4306;5388;11628;6572;5056;361
1990;Totaal over alle leeftijden;Mannen en vrouwen;Alkmaar;2018;97444;76065;9710;4322;5388;11669;6598;5071;361
1991;Totaal over alle leeftijden;Mannen en vrouwen;Alkmaar;2019;97719;76249;9729;4356;5373;11741;6602;5139;361
1992;Totaal over alle leeftijden;Mannen en vrouwen;Alkmaar;2020;97846;76313;9713;4389;5324;11820;6668;5152;361
1993;Totaal over alle leeftijden;Mannen en vrouwen;Alkmaar;2021;97955;76361;9719;4395;5324;11875;6694;5181;361
1994;Totaal over alle leeftijden;Mannen en vrouwen;Alkmaar;2022;98178;76447;9766;4455;5311;11965;6700;5265;361
1995;Totaal over alle leeftijden;Mannen en vrouwen;Alkmaar;2023;98286;76531;9780;4501;5279;11975;6694;5281;361
1996;Totaal over alle leeftijden;Mannen en vrouwen;Alkmaar;2024;98417;76584;9815;4540;5275;12018;6733;5285;361
1997;Totaal over alle leeftijden;Mannen en vrouwen;Alkmaar;2025;98633;76634;9859;4593;5266;12140;6791;5349;361
1998;Totaal over alle leeftijden;Mannen en vrouwen;Almelo;2008;72806;56260;6945;2486;4459;9601;5349;4252;141
1999;Totaal over alle leeftijden;Mannen en vrouwen;Almelo;2009;73002;56536;6900;2474;4426;9566;5333;4233;141
2000;Totaal over alle leeftijden;Mannen en vrouwen;Almelo;2010;73234;56817;6861;2459;4402;9556;5337;4219;141
2001;Totaal over alle leeftijden;Mannen en vrouwen;Almelo;2011;73561;57197;6789;2414;4375;9575;5347;4228;141
2002;Totaal over alle leeftijden;Mannen en vrouwen;Almelo;2012;73812;57436;6787;2419;4368;9589;5326;4263;141
2003;Totaal over alle leeftijden;Mannen en vrouwen;Almelo;2013;74129;57794;6757;2416;4341;9578;5297;4281;141
2004;Totaal over alle leeftijden;Mannen en vrouwen;Almelo;2014;74376;58078;6722;2413;4309;9576;5288;4288;141
2005;Totaal over alle leeftijden;Mannen en vrouwen;Almelo;2015;74779;58426;6667;2395;4272;9686;5313;4373;141
2006;Totaal over alle leeftijden;Mannen en vrouwen;Almelo;2016;74922;58631;6629;2399;4230;9662;5307;4355;141
2007;Totaal over alle leeftijden;Mannen en vrouwen;Almelo;2017;75297;58927;6628;2401;4227;9742;5341;4401;141
2008;Totaal over alle leeftijden;Mannen en vrouwen;Almelo;2018;75428;59087;6591;2402;4189;9750;5342;4408;141
2009;Totaal over alle leeftijden;Mannen en vrouwen;Almelo;2019;75586;59234;6535;2397;4138;9817;5405;4412;141
2010;Totaal over alle leeftijden;Mannen en vrouwen;Almelo;2020;75665;59303;6494;2413;4081;9868;5431;4437;141
2011;Totaal over alle leeftijden;Mannen en vrouwen;Almelo;2021;75720;59355;6459;2409;4050;9906;5429;4477;141
2012;Totaal over alle leeftijden;Mannen en vrouwen;Almelo;2022;75756;59379;6429;2419;4010;9948;5451;4497;141
2013;Totaal over alle leeftijden;Mannen en vrouwen;Almelo;2023;75678;59378;6343;2375;3968;9957;5479;4478;141
2014;Totaal over alle leeftijden;Mannen en vrouwen;Almelo;2024;75709;59425;6288;2369;3919;9996;5500;4496;141
2015;Totaal over alle leeftijden;Mannen en vrouwen;Almelo;2025;75618;59364;6183;2334;3849;10071;5516;4555;141
2016;Totaal over alle leeftijden;Mannen en vrouwen;Almere;2008;183457;119156;17847;7103;10744;46454;25135;21319;34
2017;Totaal over alle leeftijden;Mannen en vrouwen;Almere;2009;185999;120415;18252;7320;10932;47332;25058;22274;34
2018;Totaal over alle leeftijden;Mannen en vrouwen;Almere;2010;188317;121382;18724;7556;11168;48211;25051;23160;34
2019;Totaal over alle leeftijden;Mannen en vrouwen;Almere;2011;190861;122585;19163;7752;11411;49113;25070;24043;34
2020;Totaal over alle leeftijden;Mannen en vrouwen;Almere;2012;193414;123822;19574;7968;11606;50018;25122;24896;34
2021;Totaal over alle leeftijden;Mannen en vrouwen;Almere;2013;196109;125030;20038;8221;11817;51041;25181;25860;34
2022;Totaal over alle leeftijden;Mannen en vrouwen;Almere;2014;198772;126333;20507;8467;12040;51932;25248;26684;34
2023;Totaal over alle leeftijden;Mannen en vrouwen;Almere;2015;201359;127489;21016;8753;12263;52854;25292;27562;34
2024;Totaal over alle leeftijden;Mannen en vrouwen;Almere;2016;204131;128895;21598;9029;12569;53638;25486;28152;34
2025;Totaal over alle leeftijden;Mannen en vrouwen;Almere;2017;206887;130243;22128;9285;12843;54516;25624;28892;34
2026;Totaal over alle leeftijden;Mannen en vrouwen;Almere;2018;209615;131490;22622;9535;13087;55503;25824;29679;34
2027;Totaal over alle leeftijden;Mannen en vrouwen;Almere;2019;212299;132834;23170;9811;13359;56295;25966;30329;34
2028;Totaal over alle leeftijden;Mannen en vrouwen;Almere;2020;214896;134111;23677;10048;13629;57108;26048;31060;34
2029;Totaal over alle leeftijden;Mannen en vrouwen;Almere;2021;217468;135460;24182;10294;13888;57826;26145;31681;34
2030;Totaal over alle leeftijden;Mannen en vrouwen;Almere;2022;220150;136830;24749;10523;14226;58571;26301;32270;34
2031;Totaal over alle leeftijden;Mannen en vrouwen;Almere;2023;222977;138252;25406;10845;14561;59319;26424;32895;34
2032;Totaal over alle leeftijden;Mannen en vrouwen;Almere;2024;225701;139583;26032;11136;14896;60086;26538;33548;34
2033;Totaal over alle leeftijden;Mannen en vrouwen;Almere;2025;228651;140947;26694;11495;15199;61010;26799;34211;34
2034;Totaal over alle leeftijden;Mannen en vrouwen;Alphen aan den Rijn;2008;70949;57539;6255;2438;3817;7155;4039;3116;484
2035;Totaal over alle leeftijden;Mannen en vrouwen;Alphen aan den Rijn;2009;70753;57378;6204;2436;3768;7171;4028;3143;484
2036;Totaal over alle leeftijden;Mannen en vrouwen;Alphen aan den Rijn;2010;70661;57263;6221;2455;3766;7177;4032;3145;484
2037;Totaal over alle leeftijden;Mannen en vrouwen;Alphen aan den Rijn;2011;70741;57258;6271;2511;3760;7212;4036;3176;484
2038;Totaal over alle leeftijden;Mannen en vrouwen;Alphen aan den Rijn;2012;70687;57100;6298;2532;3766;7289;4032;3257;484
2039;Totaal over alle leeftijden;Mannen en vrouwen;Alphen aan den Rijn;2013;70725;57131;6273;2527;3746;7321;4036;3285;484
2040;Totaal over alle leeftijden;Mannen en vrouwen;Alphen aan den Rijn;2014;70711;57025;6325;2573;3752;7361;4052;3309;484
2041;Totaal over alle leeftijden;Mannen en vrouwen;Alphen aan den Rijn;2015;70688;56906;6374;2607;3767;7408;4059;3349;484
2042;Totaal over alle leeftijden;Mannen en vrouwen;Alphen aan den Rijn;2016;70707;56849;6421;2615;3806;7437;4038;3399;484
2043;Totaal over alle leeftijden;Mannen en vrouwen;Alphen aan den Rijn;2017;70724;56765;6468;2673;3795;7491;4061;3430;484
2044;Totaal over alle leeftijden;Mannen en vrouwen;Alphen aan den Rijn;2018;70705;56636;6508;2722;3786;7561;4073;3488;484
2045;Totaal over alle leeftijden;Mannen en vrouwen;Alphen aan den Rijn;2019;70639;56523;6541;2750;3791;7575;4067;3508;484
2046;Totaal over alle leeftijden;Mannen en vrouwen;Alphen aan den Rijn;2020;70579;56390;6573;2785;3788;7616;4080;3536;484
2047;Totaal over alle leeftijden;Mannen en vrouwen;Alphen aan den Rijn;2021;70542;56235;6616;2813;3803;7691;4117;3574;484
2048;Totaal over alle leeftijden;Mannen en vrouwen;Alphen aan den Rijn;2022;70486;56044;6680;2850;3830;7762;4133;3629;484
2049;Totaal over alle leeftijden;Mannen en vrouwen;Alphen aan den Rijn;2023;70480;55910;6729;2892;3837;7841;4165;3676;484
2050;Totaal over alle leeftijden;Mannen en vrouwen;Alphen aan den Rijn;2024;70355;55654;6769;2943;3826;7932;4258;3674;484
2051;Totaal over alle leeftijden;Mannen en vrouwen;Alphen aan den Rijn;2025;70239;55443;6812;2987;3825;7984;4294;3690;484
2052;Totaal over alle leeftijden;Mannen en vrouwen;Alphen-Chaam;2008;9532;8300;1021;279;742;211;127;84;1723
2053;Totaal over alle leeftijden;Mannen en vrouwen;Alphen-Chaam;2009;9536;8255;1023;287;736;258;149;109;1723
2054;Totaal over alle leeftijden;Mannen en vrouwen;Alphen-Chaam;2010;9528;8190;1030;295;735;308;177;131;1723
2055;Totaal over alle leeftijden;Mannen en vrouwen;Alphen-Chaam;2011;9501;8129;1008;294;714;364;210;154;1723
2056;Totaal over alle leeftijden;Mannen en vrouwen;Alphen-Chaam;2012;9447;8063;992;291;701;392;223;169;1723
2057;Totaal over alle leeftijden;Mannen en vrouwen;Alphen-Chaam;2013;9384;7983;984;282;702;417;229;188;1723
2058;Totaal over alle leeftijden;Mannen en vrouwen;Alphen-Chaam;2014;9310;7894;967;270;697;449;236;213;1723
2059;Totaal over alle leeftijden;Mannen en vrouwen;Alphen-Chaam;2015;9234;7794;961;281;680;479;248;231;1723
2060;Totaal over alle leeftijden;Mannen en vrouwen;Alphen-Chaam;2016;9167;7710;934;275;659;523;275;248;1723
2061;Totaal over alle leeftijden;Mannen en vrouwen;Alphen-Chaam;2017;9070;7582;942;289;653;546;296;250;1723
2062;Totaal over alle leeftijden;Mannen en vrouwen;Alphen-Chaam;2018;8959;7468;922;270;652;569;307;262;1723
2063;Totaal over alle leeftijden;Mannen en vrouwen;Alphen-Chaam;2019;8845;7363;900;265;635;582;313;269;1723
2064;Totaal over alle leeftijden;Mannen en vrouwen;Alphen-Chaam;2020;8745;7249;884;265;619;612;323;289;1723
2065;Totaal over alle leeftijden;Mannen en vrouwen;Alphen-Chaam;2021;8632;7115;865;266;599;652;348;304;1723
2066;Totaal over alle leeftijden;Mannen en vrouwen;Alphen-Chaam;2022;8490;6969;865;267;598;656;340;316;1723
2067;Totaal over alle leeftijden;Mannen en vrouwen;Alphen-Chaam;2023;8345;6807;855;259;596;683;350;333;1723
2068;Totaal over alle leeftijden;Mannen en vrouwen;Alphen-Chaam;2024;8244;6715;851;265;586;678;344;334;1723
2069;Totaal over alle leeftijden;Mannen en vrouwen;Alphen-Chaam;2025;8097;6579;848;269;579;670;337;333;1723
2070;Totaal over alle leeftijden;Mannen en vrouwen;Ameland;2008;3414;3220;133;70;63;61;46;15;60
2071;Totaal over alle leeftijden;Mannen en vrouwen;Ameland;2009;3380;3169;135;67;68;76;53;23;60
2072;Totaal over alle leeftijden;Mannen en vrouwen;Ameland;2010;3349;3118;133;63;70;98;67;31;60
2073;Totaal over alle leeftijden;Mannen en vrouwen;Ameland;2011;3330;3095;130;63;67;105;67;38;60
2074;Totaal over alle leeftijden;Mannen en vrouwen;Ameland;2012;3320;3074;134;61;73;112;73;39;60
2075;Totaal over alle leeftijden;Mannen en vrouwen;Ameland;2013;3325;3062;140;62;78;123;78;45;60
2076;Totaal over alle leeftijden;Mannen en vrouwen;Ameland;2014;3331;3059;137;55;82;135;80;55;60
2077;Totaal over alle leeftijden;Mannen en vrouwen;Ameland;2015;3326;3059;140;57;83;127;73;54;60
2078;Totaal over alle leeftijden;Mannen en vrouwen;Ameland;2016;3317;3038;146;59;87;133;76;57;60
2079;Totaal over alle leeftijden;Mannen en vrouwen;Ameland;2017;3360;3068;151;59;92;141;79;62;60
2080;Totaal over alle leeftijden;Mannen en vrouwen;Ameland;2018;3337;3031;151;58;93;155;94;61;60
2081;Totaal over alle leeftijden;Mannen en vrouwen;Ameland;2019;3322;3012;154;56;98;156;92;64;60
2082;Totaal over alle leeftijden;Mannen en vrouwen;Ameland;2020;3281;2970;157;55;102;154;94;60;60
2083;Totaal over alle leeftijden;Mannen en vrouwen;Ameland;2021;3282;2952;169;56;113;161;96;65;60
2084;Totaal over alle leeftijden;Mannen en vrouwen;Ameland;2022;3298;2965;163;50;113;170;98;72;60
2085;Totaal over alle leeftijden;Mannen en vrouwen;Ameland;2023;3284;2941;165;52;113;178;99;79;60
2086;Totaal over alle leeftijden;Mannen en vrouwen;Ameland;2024;3249;2901;158;43;115;190;104;86;60
2087;Totaal over alle leeftijden;Mannen en vrouwen;Ameland;2025;3187;2841;158;47;111;188;103;85;60
2088;Totaal over alle leeftijden;Mannen en vrouwen;Amersfoort;2008;140579;110074;11934;4369;7565;18571;10693;7878;307
2089;Totaal over alle leeftijden;Mannen en vrouwen;Amersfoort;2009;142450;111570;12135;4459;7676;18745;10712;8033;307
2090;Totaal over alle leeftijden;Mannen en vrouwen;Amersfoort;2010;144533;113189;12362;4554;7808;18982;10730;8252;307
2091;Totaal over alle leeftijden;Mannen en vrouwen;Amersfoort;2011;146410;114700;12562;4657;7905;19148;10762;8386;307
2092;Totaal over alle leeftijden;Mannen en vrouwen;Amersfoort;2012;148224;116105;12733;4747;7986;19386;10840;8546;307
2093;Totaal over alle leeftijden;Mannen en vrouwen;Amersfoort;2013;149898;117418;12927;4831;8096;19553;10857;8696;307
2094;Totaal over alle leeftijden;Mannen en vrouwen;Amersfoort;2014;151460;118623;13108;4917;8191;19729;10920;8809;307
2095;Totaal over alle leeftijden;Mannen en vrouwen;Amersfoort;2015;153078;119809;13345;5067;8278;19924;10971;8953;307
2096;Totaal over alle leeftijden;Mannen en vrouwen;Amersfoort;2016;154702;121015;13583;5160;8423;20104;11044;9060;307
2097;Totaal over alle leeftijden;Mannen en vrouwen;Amersfoort;2017;155702;121851;13692;5243;8449;20159;11119;9040;307
2098;Totaal over alle leeftijden;Mannen en vrouwen;Amersfoort;2018;156526;122388;13807;5297;8510;20331;11166;9165;307
2099;Totaal over alle leeftijden;Mannen en vrouwen;Amersfoort;2019;157570;123095;13996;5402;8594;20479;11274;9205;307
2100;Totaal over alle leeftijden;Mannen en vrouwen;Amersfoort;2020;158253;123691;14082;5450;8632;20480;11304;9176;307
2101;Totaal over alle leeftijden;Mannen en vrouwen;Amersfoort;2021;158880;124046;14259;5589;8670;20575;11402;9173;307
2102;Totaal over alle leeftijden;Mannen en vrouwen;Amersfoort;2022;159480;124508;14333;5640;8693;20639;11437;9202;307
2103;Totaal over alle leeftijden;Mannen en vrouwen;Amersfoort;2023;160157;124881;14452;5753;8699;20824;11529;9295;307
2104;Totaal over alle leeftijden;Mannen en vrouwen;Amersfoort;2024;160878;125295;14606;5856;8750;20977;11645;9332;307
2105;Totaal over alle leeftijden;Mannen en vrouwen;Amersfoort;2025;161421;125582;14741;5954;8787;21098;11723;9375;307
2106;Totaal over alle leeftijden;Mannen en vrouwen;Amstelveen;2008;80370;55388;14536;8187;6349;10446;6322;4124;362
2107;Totaal over alle leeftijden;Mannen en vrouwen;Amstelveen;2009;81080;55421;14940;8488;6452;10719;6335;4384;362
2108;Totaal over alle leeftijden;Mannen en vrouwen;Amstelveen;2010;81678;55377;15352;8806;6546;10949;6360;4589;362
2109;Totaal over alle leeftijden;Mannen en vrouwen;Amstelveen;2011;82281;55348;15798;9152;6646;11135;6336;4799;362
2110;Totaal over alle leeftijden;Mannen en vrouwen;Amstelveen;2012;82685;55166;16184;9449;6735;11335;6355;4980;362
2111;Totaal over alle leeftijden;Mannen en vrouwen;Amstelveen;2013;83166;55112;16541;9758;6783;11513;6374;5139;362
2112;Totaal over alle leeftijden;Mannen en vrouwen;Amstelveen;2014;83787;55136;16903;10061;6842;11748;6395;5353;362
2113;Totaal over alle leeftijden;Mannen en vrouwen;Amstelveen;2015;84310;55128;17237;10312;6925;11945;6401;5544;362
2114;Totaal over alle leeftijden;Mannen en vrouwen;Amstelveen;2016;84910;55088;17619;10569;7050;12203;6393;5810;362
2115;Totaal over alle leeftijden;Mannen en vrouwen;Amstelveen;2017;85456;55051;17948;10752;7196;12457;6441;6016;362
2116;Totaal over alle leeftijden;Mannen en vrouwen;Amstelveen;2018;85959;55059;18339;11011;7328;12561;6440;6121;362
2117;Totaal over alle leeftijden;Mannen en vrouwen;Amstelveen;2019;86468;55041;18670;11205;7465;12757;6461;6296;362
2118;Totaal over alle leeftijden;Mannen en vrouwen;Amstelveen;2020;86945;54975;19031;11428;7603;12939;6521;6418;362
2119;Totaal over alle leeftijden;Mannen en vrouwen;Amstelveen;2021;87337;54963;19358;11662;7696;13016;6491;6525;362
2120;Totaal over alle leeftijden;Mannen en vrouwen;Amstelveen;2022;87725;54866;19674;11870;7804;13185;6506;6679;362
2121;Totaal over alle leeftijden;Mannen en vrouwen;Amstelveen;2023;87968;54679;20000;12074;7926;13289;6492;6797;362
2122;Totaal over alle leeftijden;Mannen en vrouwen;Amstelveen;2024;88168;54531;20269;12249;8020;13368;6473;6895;362
2123;Totaal over alle leeftijden;Mannen en vrouwen;Amstelveen;2025;88364;54329;20577;12424;8153;13458;6477;6981;362
2124;Totaal over alle leeftijden;Mannen en vrouwen;Amsterdam;2008;752063;392536;109292;59475;49817;250235;147157;103078;363
2125;Totaal over alle leeftijden;Mannen en vrouwen;Amsterdam;2009;758058;397154;111865;61337;50528;249039;144732;104307;363
2126;Totaal over alle leeftijden;Mannen en vrouwen;Amsterdam;2010;764775;402114;114739;63433;51306;247922;142487;105435;363
2127;Totaal over alle leeftijden;Mannen en vrouwen;Amsterdam;2011;770157;405646;117546;65506;52040;246965;140411;106554;363
2128;Totaal over alle leeftijden;Mannen en vrouwen;Amsterdam;2012;775320;408810;120445;67640;52805;246065;138378;107687;363
2129;Totaal over alle leeftijden;Mannen en vrouwen;Amsterdam;2013;780789;412319;123240;69632;53608;245230;136497;108733;363
2130;Totaal over alle leeftijden;Mannen en vrouwen;Amsterdam;2014;786414;415953;126087;71670;54417;244374;134694;109680;363
2131;Totaal over alle leeftijden;Mannen en vrouwen;Amsterdam;2015;791707;419161;128861;73661;55200;243685;132944;110741;363
2132;Totaal over alle leeftijden;Mannen en vrouwen;Amsterdam;2016;797106;422647;131673;75555;56118;242786;131175;111611;363
2133;Totaal over alle leeftijden;Mannen en vrouwen;Amsterdam;2017;801702;425623;134125;77291;56834;241954;129605;112349;363
2134;Totaal over alle leeftijden;Mannen en vrouwen;Amsterdam;2018;806498;428500;136865;79069;57796;241133;127965;113168;363
2135;Totaal over alle leeftijden;Mannen en vrouwen;Amsterdam;2019;811065;431234;139384;80811;58573;240447;126558;113889;363
2136;Totaal over alle leeftijden;Mannen en vrouwen;Amsterdam;2020;816051;434212;141947;82434;59513;239892;125087;114805;363
2137;Totaal over alle leeftijden;Mannen en vrouwen;Amsterdam;2021;820769;437003;144503;84076;60427;239263;123762;115501;363
2138;Totaal over alle leeftijden;Mannen en vrouwen;Amsterdam;2022;824638;439028;146917;85662;61255;238693;122534;116159;363
2139;Totaal over alle leeftijden;Mannen en vrouwen;Amsterdam;2023;828931;441390;149387;87181;62206;238154;121280;116874;363
2140;Totaal over alle leeftijden;Mannen en vrouwen;Amsterdam;2024;833209;443353;151893;88715;63178;237963;120187;117776;363
2141;Totaal over alle leeftijden;Mannen en vrouwen;Amsterdam;2025;836719;444794;154283;90158;64125;237642;119007;118635;363
2142;Totaal over alle leeftijden;Mannen en vrouwen;Andijk;2008;6630;6052;374;153;221;204;109;95;364
2143;Totaal over alle leeftijden;Mannen en vrouwen;Andijk;2009;6654;6066;375;153;222;213;114;99;364
2144;Totaal over alle leeftijden;Mannen en vrouwen;Andijk;2010;6691;6093;373;148;225;225;122;103;364
2145;Totaal over alle leeftijden;Mannen en vrouwen;Andijk;2011;6766;6149;371;145;226;246;134;112;364
2146;Totaal over alle leeftijden;Mannen en vrouwen;Andijk;2012;6758;6134;362;138;224;262;140;122;364
2147;Totaal over alle leeftijden;Mannen en vrouwen;Andijk;2013;6756;6131;358;142;216;267;142;125;364
2148;Totaal over alle leeftijden;Mannen en vrouwen;Andijk;2014;6852;6203;355;145;210;294;148;146;364
2149;Totaal over alle leeftijden;Mannen en vrouwen;Andijk;2015;6790;6134;349;139;210;307;156;151;364
2150;Totaal over alle leeftijden;Mannen en vrouwen;Andijk;2016;6817;6161;344;138;206;312;152;160;364
2151;Totaal over alle leeftijden;Mannen en vrouwen;Andijk;2017;6806;6139;345;136;209;322;161;161;364
2152;Totaal over alle leeftijden;Mannen en vrouwen;Andijk;2018;6870;6186;342;141;201;342;173;169;364
2153;Totaal over alle leeftijden;Mannen en vrouwen;Andijk;2019;6890;6194;347;149;198;349;177;172;364
2154;Totaal over alle leeftijden;Mannen en vrouwen;Andijk;2020;6872;6160;354;156;198;358;181;177;364
2155;Totaal over alle leeftijden;Mannen en vrouwen;Andijk;2021;6899;6170;359;151;208;370;183;187;364
2156;Totaal over alle leeftijden;Mannen en vrouwen;Andijk;2022;6900;6155;359;164;195;386;192;194;364
2157;Totaal over alle leeftijden;Mannen en vrouwen;Andijk;2023;6866;6132;350;159;191;384;191;193;364
2158;Totaal over alle leeftijden;Mannen en vrouwen;Andijk;2024;6913;6169;350;164;186;394;201;193;364
2159;Totaal over alle leeftijden;Mannen en vrouwen;Andijk;2025;6879;6136;344;155;189;399;202;197;364
2160;Totaal over alle leeftijden;Mannen en vrouwen;Anna Paulowna;2008;14074;12960;688;215;473;426;223;203;366
2161;Totaal over alle leeftijden;Mannen en vrouwen;Anna Paulowna;2009;14164;12992;701;222;479;471;238;233;366
2162;Totaal over alle leeftijden;Mannen en vrouwen;Anna Paulowna;2010;14092;12888;710;229;481;494;240;254;366
2163;Totaal over alle leeftijden;Mannen en vrouwen;Anna Paulowna;2011;14029;12808;707;229;478;514;263;251;366
2164;Totaal over alle leeftijden;Mannen en vrouwen;Anna Paulowna;2012;13868;12601;718;239;479;549;288;261;366
2165;Totaal over alle leeftijden;Mannen en vrouwen;Anna Paulowna;2013;13825;12539;721;241;480;565;296;269;366
2166;Totaal over alle leeftijden;Mannen en vrouwen;Anna Paulowna;2014;13823;12479;728;243;485;616;314;302;366
2167;Totaal over alle leeftijden;Mannen en vrouwen;Anna Paulowna;2015;13761;12402;718;237;481;641;331;310;366
2168;Totaal over alle leeftijden;Mannen en vrouwen;Anna Paulowna;2016;13801;12405;732;246;486;664;333;331;366
2169;Totaal over alle leeftijden;Mannen en vrouwen;Anna Paulowna;2017;13780;12347;758;262;496;675;332;343;366
2170;Totaal over alle leeftijden;Mannen en vrouwen;Anna Paulowna;2018;13844;12374;759;274;485;711;347;364;366
2171;Totaal over alle leeftijden;Mannen en vrouwen;Anna Paulowna;2019;13852;12357;778;277;501;717;334;383;366
2172;Totaal over alle leeftijden;Mannen en vrouwen;Anna Paulowna;2020;13850;12340;782;273;509;728;343;385;366
2173;Totaal over alle leeftijden;Mannen en vrouwen;Anna Paulowna;2021;13833;12315;767;278;489;751;359;392;366
2174;Totaal over alle leeftijden;Mannen en vrouwen;Anna Paulowna;2022;13775;12227;783;285;498;765;368;397;366
2175;Totaal over alle leeftijden;Mannen en vrouwen;Anna Paulowna;2023;13904;12312;806;303;503;786;391;395;366
2176;Totaal over alle leeftijden;Mannen en vrouwen;Anna Paulowna;2024;13829;12221;827;309;518;781;379;402;366
2177;Totaal over alle leeftijden;Mannen en vrouwen;Anna Paulowna;2025;13833;12200;832;309;523;801;388;413;366
2178;Totaal over alle leeftijden;Mannen en vrouwen;Apeldoorn;2008;154986;131553;12182;4348;7834;11251;6516;4735;200
2179;Totaal over alle leeftijden;Mannen en vrouwen;Apeldoorn;2009;154659;130979;12155;4321;7834;11525;6564;4961;200
2180;Totaal over alle leeftijden;Mannen en vrouwen;Apeldoorn;2010;154390;130475;12135;4324;7811;11780;6689;5091;200
2181;Totaal over alle leeftijden;Mannen en vrouwen;Apeldoorn;2011;154023;129880;12112;4272;7840;12031;6770;5261;200
2182;Totaal over alle leeftijden;Mannen en vrouwen;Apeldoorn;2012;154485;130080;12085;4263;7822;12320;6931;5389;200
2183;Totaal over alle leeftijden;Mannen en vrouwen;Apeldoorn;2013;154681;129988;12148;4331;7817;12545;7004;5541;200
2184;Totaal over alle leeftijden;Mannen en vrouwen;Apeldoorn;2014;155132;130043;12215;4340;7875;12874;7175;5699;200
2185;Totaal over alle leeftijden;Mannen en vrouwen;Apeldoorn;2015;155573;130133;12278;4346;7932;13162;7263;5899;200
2186;Totaal over alle leeftijden;Mannen en vrouwen;Apeldoorn;2016;155904;130123;12327;4379;7948;13454;7340;6114;200
2187;Totaal over alle leeftijden;Mannen en vrouwen;Apeldoorn;2017;156205;130194;12311;4420;7891;13700;7449;6251;200
2188;Totaal over alle leeftijden;Mannen en vrouwen;Apeldoorn;2018;156409;130127;12325;4459;7866;13957;7562;6395;200
2189;Totaal over alle leeftijden;Mannen en vrouwen;Apeldoorn;2019;156425;129964;12332;4470;7862;14129;7615;6514;200
2190;Totaal over alle leeftijden;Mannen en vrouwen;Apeldoorn;2020;156307;129552;12324;4476;7848;14431;7763;6668;200
2191;Totaal over alle leeftijden;Mannen en vrouwen;Apeldoorn;2021;156042;129162;12280;4486;7794;14600;7845;6755;200
2192;Totaal over alle leeftijden;Mannen en vrouwen;Apeldoorn;2022;155765;128647;12302;4496;7806;14816;7944;6872;200
2193;Totaal over alle leeftijden;Mannen en vrouwen;Apeldoorn;2023;155438;128247;12276;4551;7725;14915;7997;6918;200
2194;Totaal over alle leeftijden;Mannen en vrouwen;Apeldoorn;2024;154895;127586;12225;4559;7666;15084;8105;6979;200
2195;Totaal over alle leeftijden;Mannen en vrouwen;Apeldoorn;2025;154654;127163;12217;4589;7628;15274;8163;7111;200
2196;Totaal over alle leeftijden;Mannen en vrouwen;Appingedam;2008;11958;10458;953;387;566;547;304;243;3
2197;Totaal over alle leeftijden;Mannen en vrouwen;Appingedam;2009;11791;10297;925;372;553;569;326;243;3
2198;Totaal over alle leeftijden;Mannen en vrouwen;Appingedam;2010;11641;10150;916;362;554;575;332;243;3
2199;Totaal over alle leeftijden;Mannen en vrouwen;Appingedam;2011;11501;9982;909;357;552;610;350;260;3
2200;Totaal over alle leeftijden;Mannen en vrouwen;Appingedam;2012;11369;9834;895;347;548;640;364;276;3
2201;Totaal over alle leeftijden;Mannen en vrouwen;Appingedam;2013;11207;9672;876;332;544;659;371;288;3
2202;Totaal over alle leeftijden;Mannen en vrouwen;Appingedam;2014;11048;9512;869;332;537;667;363;304;3
2203;Totaal over alle leeftijden;Mannen en vrouwen;Appingedam;2015;10920;9376;846;319;527;698;377;321;3
2204;Totaal over alle leeftijden;Mannen en vrouwen;Appingedam;2016;10781;9211;844;310;534;726;396;330;3
2205;Totaal over alle leeftijden;Mannen en vrouwen;Appingedam;2017;10669;9082;841;317;524;746;406;340;3
2206;Totaal over alle leeftijden;Mannen en vrouwen;Appingedam;2018;10540;8951;838;307;531;751;409;342;3
2207;Totaal over alle leeftijden;Mannen en vrouwen;Appingedam;2019;10422;8824;819;289;530;779;417;362;3
2208;Totaal over alle leeftijden;Mannen en vrouwen;Appingedam;2020;10289;8657;817;282;535;815;430;385;3
2209;Totaal over alle leeftijden;Mannen en vrouwen;Appingedam;2021;10146;8482;816;283;533;848;439;409;3
2210;Totaal over alle leeftijden;Mannen en vrouwen;Appingedam;2022;10033;8394;789;273;516;850;449;401;3
2211;Totaal over alle leeftijden;Mannen en vrouwen;Appingedam;2023;9886;8254;772;261;511;860;460;400;3
2212;Totaal over alle leeftijden;Mannen en vrouwen;Appingedam;2024;9804;8156;783;263;520;865;464;401;3
2213;Totaal over alle leeftijden;Mannen en vrouwen;Appingedam;2025;9623;8000;766;258;508;857;466;391;3
2214;Totaal over alle leeftijden;Mannen en vrouwen;Arcen en Velden;2008;8738;7456;1109;376;733;173;90;83;885
2215;Totaal over alle leeftijden;Mannen en vrouwen;Arcen en Velden;2009;8700;7398;1101;372;729;201;105;96;885
2216;Totaal over alle leeftijden;Mannen en vrouwen;Arcen en Velden;2010;8672;7351;1098;366;732;223;114;109;885
2217;Totaal over alle leeftijden;Mannen en vrouwen;Arcen en Velden;2011;8658;7324;1091;361;730;243;120;123;885
2218;Totaal over alle leeftijden;Mannen en vrouwen;Arcen en Velden;2012;8628;7296;1075;361;714;257;122;135;885
2219;Totaal over alle leeftijden;Mannen en vrouwen;Arcen en Velden;2013;8562;7211;1075;360;715;276;128;148;885
2220;Totaal over alle leeftijden;Mannen en vrouwen;Arcen en Velden;2014;8527;7166;1062;351;711;299;141;158;885
2221;Totaal over alle leeftijden;Mannen en vrouwen;Arcen en Velden;2015;8484;7110;1045;345;700;329;148;181;885
2222;Totaal over alle leeftijden;Mannen en vrouwen;Arcen en Velden;2016;8475;7081;1052;346;706;342;154;188;885
2223;Totaal over alle leeftijden;Mannen en vrouwen;Arcen en Velden;2017;8451;7049;1051;342;709;351;154;197;885
2224;Totaal over alle leeftijden;Mannen en vrouwen;Arcen en Velden;2018;8440;7028;1045;341;704;367;165;202;885
2225;Totaal over alle leeftijden;Mannen en vrouwen;Arcen en Velden;2019;8418;6997;1033;342;691;388;178;210;885
2226;Totaal over alle leeftijden;Mannen en vrouwen;Arcen en Velden;2020;8390;6961;1012;327;685;417;196;221;885
2227;Totaal over alle leeftijden;Mannen en vrouwen;Arcen en Velden;2021;8356;6935;997;324;673;424;207;217;885
2228;Totaal over alle leeftijden;Mannen en vrouwen;Arcen en Velden;2022;8301;6858;998;332;666;445;212;233;885
2229;Totaal over alle leeftijden;Mannen en vrouwen;Arcen en Velden;2023;8261;6809;988;332;656;464;225;239;885
2230;Totaal over alle leeftijden;Mannen en vrouwen;Arcen en Velden;2024;8214;6737;985;340;645;492;235;257;885
2231;Totaal over alle leeftijden;Mannen en vrouwen;Arcen en Velden;2025;8220;6733;976;338;638;511;250;261;885
2232;Totaal over alle leeftijden;Mannen en vrouwen;Arnhem;2008;144836;104386;16131;6259;9872;24319;14438;9881;202
2233;Totaal over alle leeftijden;Mannen en vrouwen;Arnhem;2009;146388;105826;16151;6264;9887;24411;14281;10130;202
2234;Totaal over alle leeftijden;Mannen en vrouwen;Arnhem;2010;147911;107235;16187;6312;9875;24489;14113;10376;202
2235;Totaal over alle leeftijden;Mannen en vrouwen;Arnhem;2011;149702;108760;16276;6346;9930;24666;13966;10700;202
2236;Totaal over alle leeftijden;Mannen en vrouwen;Arnhem;2012;150702;109597;16291;6385;9906;24814;13820;10994;202
2237;Totaal over alle leeftijden;Mannen en vrouwen;Arnhem;2013;151794;110517;16372;6455;9917;24905;13719;11186;202
2238;Totaal over alle leeftijden;Mannen en vrouwen;Arnhem;2014;152661;111329;16317;6502;9815;25015;13579;11436;202
2239;Totaal over alle leeftijden;Mannen en vrouwen;Arnhem;2015;153612;112103;16380;6549;9831;25129;13555;11574;202
2240;Totaal over alle leeftijden;Mannen en vrouwen;Arnhem;2016;154192;112585;16362;6585;9777;25245;13489;11756;202
2241;Totaal over alle leeftijden;Mannen en vrouwen;Arnhem;2017;154330;112726;16247;6542;9705;25357;13458;11899;202
2242;Totaal over alle leeftijden;Mannen en vrouwen;Arnhem;2018;154558;112926;16179;6501;9678;25453;13387;12066;202
2243;Totaal over alle leeftijden;Mannen en vrouwen;Arnhem;2019;154396;112797;16124;6531;9593;25475;13297;12178;202
2244;Totaal over alle leeftijden;Mannen en vrouwen;Arnhem;2020;154398;112799;16090;6536;9554;25509;13265;12244;202
2245;Totaal over alle leeftijden;Mannen en vrouwen;Arnhem;2021;154657;112894;16070;6531;9539;25693;13291;12402;202
2246;Totaal over alle leeftijden;Mannen en vrouwen;Arnhem;2022;154525;112749;16027;6511;9516;25749;13259;12490;202
2247;Totaal over alle leeftijden;Mannen en vrouwen;Arnhem;2023;154335;112537;15977;6482;9495;25821;13231;12590;202
2248;Totaal over alle leeftijden;Mannen en vrouwen;Arnhem;2024;154379;112445;15950;6512;9438;25984;13197;12787;202
2249;Totaal over alle leeftijden;Mannen en vrouwen;Arnhem;2025;154126;112180;15835;6491;9344;26111;13146;12965;202
2250;Totaal over alle leeftijden;Mannen en vrouwen;Assen;2008;64975;56079;5261;2096;3165;3635;2139;1496;106
2251;Totaal over alle leeftijden;Mannen en vrouwen;Assen;2009;65744;56774;5249;2062;3187;3721;2141;1580;106
2252;Totaal over alle leeftijden;Mannen en vrouwen;Assen;2010;66523;57469;5278;2105;3173;3776;2122;1654;106
2253;Totaal over alle leeftijden;Mannen en vrouwen;Assen;2011;67210;58106;5284;2134;3150;3820;2151;1669;106
2254;Totaal over alle leeftijden;Mannen en vrouwen;Assen;2012;67946;58724;5348;2188;3160;3874;2168;1706;106
2255;Totaal over alle leeftijden;Mannen en vrouwen;Assen;2013;68701;59357;5380;2221;3159;3964;2184;1780;106
2256;Totaal over alle leeftijden;Mannen en vrouwen;Assen;2014;69273;59842;5402;2221;3181;4029;2210;1819;106
2257;Totaal over alle leeftijden;Mannen en vrouwen;Assen;2015;69924;60351;5425;2233;3192;4148;2285;1863;106
2258;Totaal over alle leeftijden;Mannen en vrouwen;Assen;2016;70605;60960;5402;2200;3202;4243;2332;1911;106
2259;Totaal over alle leeftijden;Mannen en vrouwen;Assen;2017;71203;61405;5414;2251;3163;4384;2380;2004;106
2260;Totaal over alle leeftijden;Mannen en vrouwen;Assen;2018;71653;61831;5397;2262;3135;4425;2397;2028;106
2261;Totaal over alle leeftijden;Mannen en vrouwen;Assen;2019;72226;62275;5413;2261;3152;4538;2489;2049;106
2262;Totaal over alle leeftijden;Mannen en vrouwen;Assen;2020;72760;62730;5415;2275;3140;4615;2523;2092;106
2263;Totaal over alle leeftijden;Mannen en vrouwen;Assen;2021;73233;63116;5409;2291;3118;4708;2567;2141;106
2264;Totaal over alle leeftijden;Mannen en vrouwen;Assen;2022;73765;63528;5428;2295;3133;4809;2608;2201;106
2265;Totaal over alle leeftijden;Mannen en vrouwen;Assen;2023;74287;63879;5467;2320;3147;4941;2675;2266;106
2266;Totaal over alle leeftijden;Mannen en vrouwen;Assen;2024;74550;63984;5513;2342;3171;5053;2697;2356;106
2267;Totaal over alle leeftijden;Mannen en vrouwen;Assen;2025;74936;64251;5496;2368;3128;5189;2767;2422;106
2268;Totaal over alle leeftijden;Mannen en vrouwen;Asten;2008;16562;15412;621;204;417;529;310;219;743
2269;Totaal over alle leeftijden;Mannen en vrouwen;Asten;2009;16645;15440;639;222;417;566;337;229;743
2270;Totaal over alle leeftijden;Mannen en vrouwen;Asten;2010;16606;15368;652;225;427;586;347;239;743
2271;Totaal over alle leeftijden;Mannen en vrouwen;Asten;2011;16672;15355;678;223;455;639;385;254;743
2272;Totaal over alle leeftijden;Mannen en vrouwen;Asten;2012;16642;15279;676;231;445;687;412;275;743
2273;Totaal over alle leeftijden;Mannen en vrouwen;Asten;2013;16697;15288;675;230;445;734;426;308;743
2274;Totaal over alle leeftijden;Mannen en vrouwen;Asten;2014;16854;15378;681;236;445;795;459;336;743
2275;Totaal over alle leeftijden;Mannen en vrouwen;Asten;2015;16874;15349;713;258;455;812;472;340;743
2276;Totaal over alle leeftijden;Mannen en vrouwen;Asten;2016;16933;15371;723;268;455;839;481;358;743
2277;Totaal over alle leeftijden;Mannen en vrouwen;Asten;2017;16945;15351;730;267;463;864;484;380;743
2278;Totaal over alle leeftijden;Mannen en vrouwen;Asten;2018;17041;15394;739;264;475;908;497;411;743
2279;Totaal over alle leeftijden;Mannen en vrouwen;Asten;2019;16950;15308;711;258;453;931;506;425;743
2280;Totaal over alle leeftijden;Mannen en vrouwen;Asten;2020;17019;15324;736;274;462;959;529;430;743
2281;Totaal over alle leeftijden;Mannen en vrouwen;Asten;2021;17105;15381;738;278;460;986;545;441;743
2282;Totaal over alle leeftijden;Mannen en vrouwen;Asten;2022;17250;15454;747;279;468;1049;585;464;743
2283;Totaal over alle leeftijden;Mannen en vrouwen;Asten;2023;17220;15418;752;276;476;1050;565;485;743
2284;Totaal over alle leeftijden;Mannen en vrouwen;Asten;2024;17252;15376;761;284;477;1115;595;520;743
2285;Totaal over alle leeftijden;Mannen en vrouwen;Asten;2025;17363;15438;782;290;492;1143;603;540;743
2286;Totaal over alle leeftijden;Mannen en vrouwen;Baarle-Nassau;2008;6580;4946;1501;514;987;133;85;48;744
2287;Totaal over alle leeftijden;Mannen en vrouwen;Baarle-Nassau;2009;6537;4934;1443;480;963;160;102;58;744
2288;Totaal over alle leeftijden;Mannen en vrouwen;Baarle-Nassau;2010;6499;4924;1385;464;921;190;123;67;744
2289;Totaal over alle leeftijden;Mannen en vrouwen;Baarle-Nassau;2011;6487;4947;1334;447;887;206;134;72;744
2290;Totaal over alle leeftijden;Mannen en vrouwen;Baarle-Nassau;2012;6461;4949;1279;427;852;233;148;85;744
2291;Totaal over alle leeftijden;Mannen en vrouwen;Baarle-Nassau;2013;6453;4980;1224;412;812;249;157;92;744
2292;Totaal over alle leeftijden;Mannen en vrouwen;Baarle-Nassau;2014;6444;5004;1177;395;782;263;164;99;744
2293;Totaal over alle leeftijden;Mannen en vrouwen;Baarle-Nassau;2015;6398;4985;1132;375;757;281;176;105;744
2294;Totaal over alle leeftijden;Mannen en vrouwen;Baarle-Nassau;2016;6420;5013;1110;369;741;297;181;116;744
2295;Totaal over alle leeftijden;Mannen en vrouwen;Baarle-Nassau;2017;6400;5000;1088;357;731;312;185;127;744
2296;Totaal over alle leeftijden;Mannen en vrouwen;Baarle-Nassau;2018;6427;5030;1062;347;715;335;196;139;744
2297;Totaal over alle leeftijden;Mannen en vrouwen;Baarle-Nassau;2019;6347;4985;1019;333;686;343;197;146;744
2298;Totaal over alle leeftijden;Mannen en vrouwen;Baarle-Nassau;2020;6346;4990;997;322;675;359;202;157;744
2299;Totaal over alle leeftijden;Mannen en vrouwen;Baarle-Nassau;2021;6334;4992;979;320;659;363;203;160;744
2300;Totaal over alle leeftijden;Mannen en vrouwen;Baarle-Nassau;2022;6327;4998;958;309;649;371;202;169;744
2301;Totaal over alle leeftijden;Mannen en vrouwen;Baarle-Nassau;2023;6308;4986;934;301;633;388;204;184;744
2302;Totaal over alle leeftijden;Mannen en vrouwen;Baarle-Nassau;2024;6300;5000;899;291;608;401;213;188;744
2303;Totaal over alle leeftijden;Mannen en vrouwen;Baarle-Nassau;2025;6291;5001;876;279;597;414;214;200;744
2304;Totaal over alle leeftijden;Mannen en vrouwen;Baarn;2008;24269;20517;2139;724;1415;1613;904;709;308
2305;Totaal over alle leeftijden;Mannen en vrouwen;Baarn;2009;24132;20343;2131;731;1400;1658;940;718;308
2306;Totaal over alle leeftijden;Mannen en vrouwen;Baarn;2010;23997;20191;2124;735;1389;1682;949;733;308
2307;Totaal over alle leeftijden;Mannen en vrouwen;Baarn;2011;23905;20085;2104;732;1372;1716;948;768;308
2308;Totaal over alle leeftijden;Mannen en vrouwen;Baarn;2012;23860;19993;2122;742;1380;1745;965;780;308
2309;Totaal over alle leeftijden;Mannen en vrouwen;Baarn;2013;23746;19877;2121;745;1376;1748;956;792;308
2310;Totaal over alle leeftijden;Mannen en vrouwen;Baarn;2014;23674;19798;2114;738;1376;1762;960;802;308
2311;Totaal over alle leeftijden;Mannen en vrouwen;Baarn;2015;23660;19735;2116;765;1351;1809;993;816;308
2312;Totaal over alle leeftijden;Mannen en vrouwen;Baarn;2016;23643;19695;2111;779;1332;1837;1001;836;308
2313;Totaal over alle leeftijden;Mannen en vrouwen;Baarn;2017;23586;19619;2122;777;1345;1845;1005;840;308
2314;Totaal over alle leeftijden;Mannen en vrouwen;Baarn;2018;23568;19546;2120;775;1345;1902;1028;874;308
2315;Totaal over alle leeftijden;Mannen en vrouwen;Baarn;2019;23484;19459;2081;777;1304;1944;1041;903;308
2316;Totaal over alle leeftijden;Mannen en vrouwen;Baarn;2020;23480;19417;2091;773;1318;1972;1055;917;308
2317;Totaal over alle leeftijden;Mannen en vrouwen;Baarn;2021;23483;19403;2089;767;1322;1991;1059;932;308
2318;Totaal over alle leeftijden;Mannen en vrouwen;Baarn;2022;23382;19292;2074;771;1303;2016;1086;930;308
2319;Totaal over alle leeftijden;Mannen en vrouwen;Baarn;2023;23475;19300;2081;787;1294;2094;1112;982;308
2320;Totaal over alle leeftijden;Mannen en vrouwen;Baarn;2024;23460;19283;2060;775;1285;2117;1124;993;308
2321;Totaal over alle leeftijden;Mannen en vrouwen;Baarn;2025;23451;19217;2099;788;1311;2135;1127;1008;308
2322;Totaal over alle leeftijden;Mannen en vrouwen;Barendrecht;2008;43885;36395;3084;1090;1994;4406;2173;2233;489
2323;Totaal over alle leeftijden;Mannen en vrouwen;Barendrecht;2009;43883;36248;3134;1118;2016;4501;2213;2288;489
2324;Totaal over alle leeftijden;Mannen en vrouwen;Barendrecht;2010;44237;36335;3199;1154;2045;4703;2299;2404;489
2325;Totaal over alle leeftijden;Mannen en vrouwen;Barendrecht;2011;44216;36227;3191;1164;2027;4798;2332;2466;489
2326;Totaal over alle leeftijden;Mannen en vrouwen;Barendrecht;2012;44030;35996;3160;1145;2015;4874;2341;2533;489
2327;Totaal over alle leeftijden;Mannen en vrouwen;Barendrecht;2013;44182;35997;3188;1176;2012;4997;2376;2621;489
2328;Totaal over alle leeftijden;Mannen en vrouwen;Barendrecht;2014;44165;35865;3216;1172;2044;5084;2403;2681;489
2329;Totaal over alle leeftijden;Mannen en vrouwen;Barendrecht;2015;44053;35677;3187;1167;2020;5189;2403;2786;489
2330;Totaal over alle leeftijden;Mannen en vrouwen;Barendrecht;2016;44092;35600;3190;1182;2008;5302;2442;2860;489
2331;Totaal over alle leeftijden;Mannen en vrouwen;Barendrecht;2017;44037;35444;3191;1184;2007;5402;2447;2955;489
2332;Totaal over alle leeftijden;Mannen en vrouwen;Barendrecht;2018;43886;35223;3204;1185;2019;5459;2458;3001;489
2333;Totaal over alle leeftijden;Mannen en vrouwen;Barendrecht;2019;43591;34869;3232;1191;2041;5490;2479;3011;489
2334;Totaal over alle leeftijden;Mannen en vrouwen;Barendrecht;2020;43418;34591;3276;1226;2050;5551;2510;3041;489
2335;Totaal over alle leeftijden;Mannen en vrouwen;Barendrecht;2021;43303;34419;3288;1240;2048;5596;2537;3059;489
2336;Totaal over alle leeftijden;Mannen en vrouwen;Barendrecht;2022;43110;34166;3296;1226;2070;5648;2553;3095;489
2337;Totaal over alle leeftijden;Mannen en vrouwen;Barendrecht;2023;42947;33932;3313;1207;2106;5702;2560;3142;489
2338;Totaal over alle leeftijden;Mannen en vrouwen;Barendrecht;2024;42779;33699;3302;1209;2093;5778;2573;3205;489
2339;Totaal over alle leeftijden;Mannen en vrouwen;Barendrecht;2025;42597;33437;3320;1216;2104;5840;2600;3240;489
2340;Totaal over alle leeftijden;Mannen en vrouwen;Barneveld;2008;50847;46921;2134;823;1311;1792;1007;785;203
2341;Totaal over alle leeftijden;Mannen en vrouwen;Barneveld;2009;50823;46849;2170;827;1343;1804;994;810;203
2342;Totaal over alle leeftijden;Mannen en vrouwen;Barneveld;2010;50814;46732;2220;851;1369;1862;1030;832;203
2343;Totaal over alle leeftijden;Mannen en vrouwen;Barneveld;2011;50995;46813;2256;863;1393;1926;1054;872;203
2344;Totaal over alle leeftijden;Mannen en vrouwen;Barneveld;2012;51040;46796;2261;839;1422;1983;1081;902;203
2345;Totaal over alle leeftijden;Mannen en vrouwen;Barneveld;2013;51214;46841;2320;860;1460;2053;1118;935;203
2346;Totaal over alle leeftijden;Mannen en vrouwen;Barneveld;2014;51375;46937;2333;860;1473;2105;1131;974;203
2347;Totaal over alle leeftijden;Mannen en vrouwen;Barneveld;2015;51665;47066;2393;869;1524;2206;1203;1003;203
2348;Totaal over alle leeftijden;Mannen en vrouwen;Barneveld;2016;51963;47181;2466;906;1560;2316;1230;1086;203
2349;Totaal over alle leeftijden;Mannen en vrouwen;Barneveld;2017;52159;47275;2514;926;1588;2370;1241;1129;203
2350;Totaal over alle leeftijden;Mannen en vrouwen;Barneveld;2018;52361;47332;2578;947;1631;2451;1272;1179;203
2351;Totaal over alle leeftijden;Mannen en vrouwen;Barneveld;2019;52570;47383;2631;953;1678;2556;1316;1240;203
2352;Totaal over alle leeftijden;Mannen en vrouwen;Barneveld;2020;52683;47413;2634;951;1683;2636;1355;1281;203
2353;Totaal over alle leeftijden;Mannen en vrouwen;Barneveld;2021;52975;47586;2671;973;1698;2718;1394;1324;203
2354;Totaal over alle leeftijden;Mannen en vrouwen;Barneveld;2022;53258;47721;2744;989;1755;2793;1418;1375;203
2355;Totaal over alle leeftijden;Mannen en vrouwen;Barneveld;2023;53344;47689;2782;996;1786;2873;1462;1411;203
2356;Totaal over alle leeftijden;Mannen en vrouwen;Barneveld;2024;53461;47698;2820;995;1825;2943;1486;1457;203
2357;Totaal over alle leeftijden;Mannen en vrouwen;Barneveld;2025;53559;47730;2828;996;1832;3001;1520;1481;203
2358;Totaal over alle leeftijden;Mannen en vrouwen;Bedum;2008;10797;10121;449;129;320;227;123;104;5
2359;Totaal over alle leeftijden;Mannen en vrouwen;Bedum;2009;10720;10004;467;135;332;249;131;118;5
2360;Totaal over alle leeftijden;Mannen en vrouwen;Bedum;2010;10662;9937;451;143;308;274;147;127;5
2361;Totaal over alle leeftijden;Mannen en vrouwen;Bedum;2011;10609;9852;455;142;313;302;169;133;5
2362;Totaal over alle leeftijden;Mannen en vrouwen;Bedum;2012;10578;9791;464;152;312;323;177;146;5
2363;Totaal over alle leeftijden;Mannen en vrouwen;Bedum;2013;10564;9724;496;168;328;344;183;161;5
2364;Totaal over alle leeftijden;Mannen en vrouwen;Bedum;2014;10510;9654;502;189;313;354;197;157;5
2365;Totaal over alle leeftijden;Mannen en vrouwen;Bedum;2015;10469;9606;512;200;312;351;192;159;5
2366;Totaal over alle leeftijden;Mannen en vrouwen;Bedum;2016;10438;9563;504;195;309;371;191;180;5
2367;Totaal over alle leeftijden;Mannen en vrouwen;Bedum;2017;10452;9557;517;201;316;378;190;188;5
2368;Totaal over alle leeftijden;Mannen en vrouwen;Bedum;2018;10462;9533;534;210;324;395;196;199;5
2369;Totaal over alle leeftijden;Mannen en vrouwen;Bedum;2019;10454;9502;538;205;333;414;212;202;5
2370;Totaal over alle leeftijden;Mannen en vrouwen;Bedum;2020;10555;9582;529;203;326;444;227;217;5
2371;Totaal over alle leeftijden;Mannen en vrouwen;Bedum;2021;10580;9593;524;212;312;463;229;234;5
2372;Totaal over alle leeftijden;Mannen en vrouwen;Bedum;2022;10612;9584;539;219;320;489;233;256;5
2373;Totaal over alle leeftijden;Mannen en vrouwen;Bedum;2023;10565;9510;545;231;314;510;246;264;5
2374;Totaal over alle leeftijden;Mannen en vrouwen;Bedum;2024;10596;9546;540;226;314;510;256;254;5
2375;Totaal over alle leeftijden;Mannen en vrouwen;Bedum;2025;10575;9499;547;231;316;529;255;274;5
2376;Totaal over alle leeftijden;Mannen en vrouwen;Beek (L.);2008;16773;14490;1721;490;1231;562;344;218;888
2377;Totaal over alle leeftijden;Mannen en vrouwen;Beek (L.);2009;16663;14391;1695;479;1216;577;338;239;888
2378;Totaal over alle leeftijden;Mannen en vrouwen;Beek (L.);2010;16591;14320;1671;460;1211;600;346;254;888
2379;Totaal over alle leeftijden;Mannen en vrouwen;Beek (L.);2011;16428;14174;1643;454;1189;611;348;263;888
2380;Totaal over alle leeftijden;Mannen en vrouwen;Beek (L.);2012;16305;14084;1611;453;1158;610;357;253;888
2381;Totaal over alle leeftijden;Mannen en vrouwen;Beek (L.);2013;16226;14031;1574;455;1119;621;346;275;888
2382;Totaal over alle leeftijden;Mannen en vrouwen;Beek (L.);2014;16115;13912;1545;449;1096;658;360;298;888
2383;Totaal over alle leeftijden;Mannen en vrouwen;Beek (L.);2015;15933;13765;1499;434;1065;669;372;297;888
2384;Totaal over alle leeftijden;Mannen en vrouwen;Beek (L.);2016;15875;13703;1474;440;1034;698;384;314;888
2385;Totaal over alle leeftijden;Mannen en vrouwen;Beek (L.);2017;15840;13658;1439;428;1011;743;408;335;888
2386;Totaal over alle leeftijden;Mannen en vrouwen;Beek (L.);2018;15766;13605;1388;418;970;773;426;347;888
2387;Totaal over alle leeftijden;Mannen en vrouwen;Beek (L.);2019;15687;13548;1368;425;943;771;420;351;888
2388;Totaal over alle leeftijden;Mannen en vrouwen;Beek (L.);2020;15606;13452;1347;428;919;807;446;361;888
2389;Totaal over alle leeftijden;Mannen en vrouwen;Beek (L.);2021;15531;13400;1316;417;899;815;448;367;888
2390;Totaal over alle leeftijden;Mannen en vrouwen;Beek (L.);2022;15445;13329;1289;423;866;827;444;383;888
2391;Totaal over alle leeftijden;Mannen en vrouwen;Beek (L.);2023;15382;13279;1272;429;843;831;443;388;888
2392;Totaal over alle leeftijden;Mannen en vrouwen;Beek (L.);2024;15251;13145;1227;421;806;879;468;411;888
2393;Totaal over alle leeftijden;Mannen en vrouwen;Beek (L.);2025;15214;13093;1219;426;793;902;478;424;888
2394;Totaal over alle leeftijden;Mannen en vrouwen;Beemster;2008;8435;7701;500;159;341;234;130;104;370
2395;Totaal over alle leeftijden;Mannen en vrouwen;Beemster;2009;8420;7669;493;159;334;258;134;124;370
2396;Totaal over alle leeftijden;Mannen en vrouwen;Beemster;2010;8419;7632;501;163;338;286;147;139;370
2397;Totaal over alle leeftijden;Mannen en vrouwen;Beemster;2011;8434;7625;506;166;340;303;152;151;370
2398;Totaal over alle leeftijden;Mannen en vrouwen;Beemster;2012;8512;7674;524;177;347;314;150;164;370
2399;Totaal over alle leeftijden;Mannen en vrouwen;Beemster;2013;8611;7702;545;188;357;364;169;195;370
2400;Totaal over alle leeftijden;Mannen en vrouwen;Beemster;2014;8673;7720;552;190;362;401;183;218;370
2401;Totaal over alle leeftijden;Mannen en vrouwen;Beemster;2015;8688;7702;567;196;371;419;188;231;370
2402;Totaal over alle leeftijden;Mannen en vrouwen;Beemster;2016;8695;7691;553;195;358;451;203;248;370
2403;Totaal over alle leeftijden;Mannen en vrouwen;Beemster;2017;8755;7716;560;190;370;479;213;266;370
2404;Totaal over alle leeftijden;Mannen en vrouwen;Beemster;2018;8758;7707;563;183;380;488;212;276;370
2405;Totaal over alle leeftijden;Mannen en vrouwen;Beemster;2019;8779;7700;582;201;381;497;213;284;370
2406;Totaal over alle leeftijden;Mannen en vrouwen;Beemster;2020;8793;7694;570;195;375;529;239;290;370
2407;Totaal over alle leeftijden;Mannen en vrouwen;Beemster;2021;8879;7736;584;201;383;559;261;298;370
2408;Totaal over alle leeftijden;Mannen en vrouwen;Beemster;2022;8857;7694;593;208;385;570;268;302;370
2409;Totaal over alle leeftijden;Mannen en vrouwen;Beemster;2023;8864;7670;598;210;388;596;276;320;370
2410;Totaal over alle leeftijden;Mannen en vrouwen;Beemster;2024;8914;7688;607;212;395;619;287;332;370
2411;Totaal over alle leeftijden;Mannen en vrouwen;Beemster;2025;8964;7716;619;225;394;629;283;346;370
2412;Totaal over alle leeftijden;Mannen en vrouwen;Beesel;2008;13544;11364;1511;441;1070;669;349;320;889
2413;Totaal over alle leeftijden;Mannen en vrouwen;Beesel;2009;13549;11355;1514;442;1072;680;357;323;889
2414;Totaal over alle leeftijden;Mannen en vrouwen;Beesel;2010;13499;11288;1513;446;1067;698;363;335;889
2415;Totaal over alle leeftijden;Mannen en vrouwen;Beesel;2011;13592;11349;1531;447;1084;712;378;334;889
2416;Totaal over alle leeftijden;Mannen en vrouwen;Beesel;2012;13680;11394;1561;455;1106;725;371;354;889
2417;Totaal over alle leeftijden;Mannen en vrouwen;Beesel;2013;13742;11413;1583;466;1117;746;373;373;889
2418;Totaal over alle leeftijden;Mannen en vrouwen;Beesel;2014;13794;11420;1597;475;1122;777;388;389;889
2419;Totaal over alle leeftijden;Mannen en vrouwen;Beesel;2015;13848;11410;1614;488;1126;824;406;418;889
2420;Totaal over alle leeftijden;Mannen en vrouwen;Beesel;2016;13898;11407;1646;488;1158;845;427;418;889
2421;Totaal over alle leeftijden;Mannen en vrouwen;Beesel;2017;13949;11433;1652;495;1157;864;434;430;889
2422;Totaal over alle leeftijden;Mannen en vrouwen;Beesel;2018;14005;11479;1635;491;1144;891;447;444;889
2423;Totaal over alle leeftijden;Mannen en vrouwen;Beesel;2019;14037;11495;1633;487;1146;909;461;448;889
2424;Totaal over alle leeftijden;Mannen en vrouwen;Beesel;2020;14061;11495;1644;484;1160;922;473;449;889
2425;Totaal over alle leeftijden;Mannen en vrouwen;Beesel;2021;14137;11535;1650;478;1172;952;484;468;889
2426;Totaal over alle leeftijden;Mannen en vrouwen;Beesel;2022;14185;11570;1647;490;1157;968;496;472;889
2427;Totaal over alle leeftijden;Mannen en vrouwen;Beesel;2023;14264;11634;1636;490;1146;994;507;487;889
2428;Totaal over alle leeftijden;Mannen en vrouwen;Beesel;2024;14362;11718;1643;496;1147;1001;514;487;889
2429;Totaal over alle leeftijden;Mannen en vrouwen;Beesel;2025;14384;11722;1646;500;1146;1016;517;499;889
2430;Totaal over alle leeftijden;Mannen en vrouwen;Bellingwedde;2008;9521;8399;809;329;480;313;223;90;7
2431;Totaal over alle leeftijden;Mannen en vrouwen;Bellingwedde;2009;9338;8239;791;318;473;308;196;112;7
2432;Totaal over alle leeftijden;Mannen en vrouwen;Bellingwedde;2010;9182;8123;763;303;460;296;186;110;7
2433;Totaal over alle leeftijden;Mannen en vrouwen;Bellingwedde;2011;9024;7984;744;299;445;296;178;118;7
2434;Totaal over alle leeftijden;Mannen en vrouwen;Bellingwedde;2012;8902;7895;712;293;419;295;172;123;7
2435;Totaal over alle leeftijden;Mannen en vrouwen;Bellingwedde;2013;8748;7758;685;280;405;305;170;135;7
2436;Totaal over alle leeftijden;Mannen en vrouwen;Bellingwedde;2014;8654;7689;658;254;404;307;174;133;7
2437;Totaal over alle leeftijden;Mannen en vrouwen;Bellingwedde;2015;8502;7548;641;250;391;313;180;133;7
2438;Totaal over alle leeftijden;Mannen en vrouwen;Bellingwedde;2016;8390;7435;617;242;375;338;196;142;7
2439;Totaal over alle leeftijden;Mannen en vrouwen;Bellingwedde;2017;8280;7353;594;241;353;333;193;140;7
2440;Totaal over alle leeftijden;Mannen en vrouwen;Bellingwedde;2018;8202;7295;560;226;334;347;196;151;7
2441;Totaal over alle leeftijden;Mannen en vrouwen;Bellingwedde;2019;8085;7195;542;219;323;348;195;153;7
2442;Totaal over alle leeftijden;Mannen en vrouwen;Bellingwedde;2020;7995;7123;521;205;316;351;195;156;7
2443;Totaal over alle leeftijden;Mannen en vrouwen;Bellingwedde;2021;7889;7017;500;198;302;372;203;169;7
2444;Totaal over alle leeftijden;Mannen en vrouwen;Bellingwedde;2022;7818;6925;503;200;303;390;218;172;7
2445;Totaal over alle leeftijden;Mannen en vrouwen;Bellingwedde;2023;7728;6856;483;191;292;389;218;171;7
2446;Totaal over alle leeftijden;Mannen en vrouwen;Bellingwedde;2024;7655;6804;464;180;284;387;221;166;7
2447;Totaal over alle leeftijden;Mannen en vrouwen;Bellingwedde;2025;7579;6739;445;178;267;395;229;166;7
2448;Totaal over alle leeftijden;Mannen en vrouwen;Bennebroek;2008;5114;4442;499;177;322;173;104;69;372
2449;Totaal over alle leeftijden;Mannen en vrouwen;Bennebroek;2009;5089;4408;485;174;311;196;116;80;372
2450;Totaal over alle leeftijden;Mannen en vrouwen;Bennebroek;2010;5113;4406;496;181;315;211;124;87;372
2451;Totaal over alle leeftijden;Mannen en vrouwen;Bennebroek;2011;5163;4452;475;165;310;236;132;104;372
2452;Totaal over alle leeftijden;Mannen en vrouwen;Bennebroek;2012;5099;4376;471;171;300;252;137;115;372
2453;Totaal over alle leeftijden;Mannen en vrouwen;Bennebroek;2013;5063;4348;464;183;281;251;133;118;372
2454;Totaal over alle leeftijden;Mannen en vrouwen;Bennebroek;2014;5059;4329;473;191;282;257;133;124;372
2455;Totaal over alle leeftijden;Mannen en vrouwen;Bennebroek;2015;5054;4318;475;208;267;261;135;126;372
2456;Totaal over alle leeftijden;Mannen en vrouwen;Bennebroek;2016;5021;4279;478;214;264;264;134;130;372
2457;Totaal over alle leeftijden;Mannen en vrouwen;Bennebroek;2017;5026;4265;481;212;269;280;140;140;372
2458;Totaal over alle leeftijden;Mannen en vrouwen;Bennebroek;2018;5014;4230;497;223;274;287;146;141;372
2459;Totaal over alle leeftijden;Mannen en vrouwen;Bennebroek;2019;5003;4212;499;226;273;292;141;151;372
2460;Totaal over alle leeftijden;Mannen en vrouwen;Bennebroek;2020;4994;4196;491;223;268;307;144;163;372
2461;Totaal over alle leeftijden;Mannen en vrouwen;Bennebroek;2021;5007;4187;494;223;271;326;152;174;372
2462;Totaal over alle leeftijden;Mannen en vrouwen;Bennebroek;2022;5009;4172;517;234;283;320;140;180;372
2463;Totaal over alle leeftijden;Mannen en vrouwen;Bennebroek;2023;4993;4168;510;233;277;315;141;174;372
2464;Totaal over alle leeftijden;Mannen en vrouwen;Bennebroek;2024;4971;4147;502;227;275;322;143;179;372
2465;Totaal over alle leeftijden;Mannen en vrouwen;Bennebroek;2025;4989;4173;494;226;268;322;138;184;372
2466;Totaal over alle leeftijden;Mannen en vrouwen;Bergambacht;2008;9442;8761;392;140;252;289;141;148;491
2467;Totaal over alle leeftijden;Mannen en vrouwen;Bergambacht;2009;9546;8824;403;143;260;319;147;172;491
2468;Totaal over alle leeftijden;Mannen en vrouwen;Bergambacht;2010;9625;8871;414;149;265;340;156;184;491
2469;Totaal over alle leeftijden;Mannen en vrouwen;Bergambacht;2011;9687;8899;424;155;269;364;161;203;491
2470;Totaal over alle leeftijden;Mannen en vrouwen;Bergambacht;2012;9760;8934;427;145;282;399;181;218;491
2471;Totaal over alle leeftijden;Mannen en vrouwen;Bergambacht;2013;9738;8880;446;145;301;412;191;221;491
2472;Totaal over alle leeftijden;Mannen en vrouwen;Bergambacht;2014;9671;8819;436;145;291;416;191;225;491
2473;Totaal over alle leeftijden;Mannen en vrouwen;Bergambacht;2015;9780;8878;459;153;306;443;206;237;491
2474;Totaal over alle leeftijden;Mannen en vrouwen;Bergambacht;2016;9725;8807;467;157;310;451;210;241;491
2475;Totaal over alle leeftijden;Mannen en vrouwen;Bergambacht;2017;9673;8717;479;163;316;477;231;246;491
2476;Totaal over alle leeftijden;Mannen en vrouwen;Bergambacht;2018;9621;8638;484;163;321;499;236;263;491
2477;Totaal over alle leeftijden;Mannen en vrouwen;Bergambacht;2019;9583;8586;485;166;319;512;238;274;491
2478;Totaal over alle leeftijden;Mannen en vrouwen;Bergambacht;2020;9564;8556;487;167;320;521;231;290;491
2479;Totaal over alle leeftijden;Mannen en vrouwen;Bergambacht;2021;9518;8507;492;166;326;519;241;278;491
2480;Totaal over alle leeftijden;Mannen en vrouwen;Bergambacht;2022;9445;8437;491;165;326;517;246;271;491
2481;Totaal over alle leeftijden;Mannen en vrouwen;Bergambacht;2023;9411;8384;493;171;322;534;259;275;491
2482;Totaal over alle leeftijden;Mannen en vrouwen;Bergambacht;2024;9385;8319;503;173;330;563;275;288;491
2483;Totaal over alle leeftijden;Mannen en vrouwen;Bergambacht;2025;9353;8274;504;175;329;575;275;300;491
2484;Totaal over alle leeftijden;Mannen en vrouwen;Bergeijk;2008;17827;16162;1308;342;966;357;217;140;1724
2485;Totaal over alle leeftijden;Mannen en vrouwen;Bergeijk;2009;17777;16045;1303;338;965;429;260;169;1724
2486;Totaal over alle leeftijden;Mannen en vrouwen;Bergeijk;2010;17766;15992;1295;328;967;479;275;204;1724
2487;Totaal over alle leeftijden;Mannen en vrouwen;Bergeijk;2011;17704;15894;1291;314;977;519;304;215;1724
2488;Totaal over alle leeftijden;Mannen en vrouwen;Bergeijk;2012;17654;15808;1281;310;971;565;336;229;1724
2489;Totaal over alle leeftijden;Mannen en vrouwen;Bergeijk;2013;17566;15694;1274;320;954;598;353;245;1724
2490;Totaal over alle leeftijden;Mannen en vrouwen;Bergeijk;2014;17529;15601;1288;333;955;640;367;273;1724
2491;Totaal over alle leeftijden;Mannen en vrouwen;Bergeijk;2015;17448;15466;1287;330;957;695;403;292;1724
2492;Totaal over alle leeftijden;Mannen en vrouwen;Bergeijk;2016;17426;15397;1269;314;955;760;427;333;1724
2493;Totaal over alle leeftijden;Mannen en vrouwen;Bergeijk;2017;17417;15337;1264;312;952;816;452;364;1724
2494;Totaal over alle leeftijden;Mannen en vrouwen;Bergeijk;2018;17454;15328;1270;316;954;856;474;382;1724
2495;Totaal over alle leeftijden;Mannen en vrouwen;Bergeijk;2019;17414;15248;1264;319;945;902;492;410;1724
2496;Totaal over alle leeftijden;Mannen en vrouwen;Bergeijk;2020;17399;15182;1262;322;940;955;522;433;1724
2497;Totaal over alle leeftijden;Mannen en vrouwen;Bergeijk;2021;17312;15097;1249;316;933;966;536;430;1724
2498;Totaal over alle leeftijden;Mannen en vrouwen;Bergeijk;2022;17339;15064;1249;316;933;1026;558;468;1724
2499;Totaal over alle leeftijden;Mannen en vrouwen;Bergeijk;2023;17354;15030;1264;322;942;1060;579;481;1724
2500;Totaal over alle leeftijden;Mannen en vrouwen;Bergeijk;2024;17263;14916;1259;318;941;1088;606;482;1724
2501;Totaal over alle leeftijden;Mannen en vrouwen;Bergeijk;2025;17245;14842;1260;328;932;1143;654;489;1724
2502;Totaal over alle leeftijden;Mannen en vrouwen;Bergen (L.);2008;13517;11384;1845;619;1226;288;177;111;893
2503;Totaal over alle leeftijden;Mannen en vrouwen;Bergen (L.);2009;13458;11332;1807;599;1208;319;187;132;893
2504;Totaal over alle leeftijden;Mannen en vrouwen;Bergen (L.);2010;13385;11256;1769;586;1183;360;211;149;893
2505;Totaal over alle leeftijden;Mannen en vrouwen;Bergen (L.);2011;13337;11192;1753;591;1162;392;231;161;893
2506;Totaal over alle leeftijden;Mannen en vrouwen;Bergen (L.);2012;13261;11117;1727;597;1130;417;245;172;893
2507;Totaal over alle leeftijden;Mannen en vrouwen;Bergen (L.);2013;13228;11081;1690;580;1110;457;265;192;893
2508;Totaal over alle leeftijden;Mannen en vrouwen;Bergen (L.);2014;13252;11080;1665;580;1085;507;286;221;893
2509;Totaal over alle leeftijden;Mannen en vrouwen;Bergen (L.);2015;13223;11045;1631;575;1056;547;297;250;893
2510;Totaal over alle leeftijden;Mannen en vrouwen;Bergen (L.);2016;13225;11026;1622;573;1049;577;312;265;893
2511;Totaal over alle leeftijden;Mannen en vrouwen;Bergen (L.);2017;13275;11059;1598;573;1025;618;323;295;893
2512;Totaal over alle leeftijden;Mannen en vrouwen;Bergen (L.);2018;13228;10985;1607;589;1018;636;330;306;893
2513;Totaal over alle leeftijden;Mannen en vrouwen;Bergen (L.);2019;13214;10974;1585;605;980;655;347;308;893
2514;Totaal over alle leeftijden;Mannen en vrouwen;Bergen (L.);2020;13222;10951;1583;597;986;688;362;326;893
2515;Totaal over alle leeftijden;Mannen en vrouwen;Bergen (L.);2021;13203;10943;1552;582;970;708;373;335;893
2516;Totaal over alle leeftijden;Mannen en vrouwen;Bergen (L.);2022;13245;10946;1558;584;974;741;384;357;893
2517;Totaal over alle leeftijden;Mannen en vrouwen;Bergen (L.);2023;13267;10924;1571;599;972;772;399;373;893
2518;Totaal over alle leeftijden;Mannen en vrouwen;Bergen (L.);2024;13307;10948;1560;607;953;799;413;386;893
2519;Totaal over alle leeftijden;Mannen en vrouwen;Bergen (L.);2025;13310;10952;1546;611;935;812;421;391;893
2520;Totaal over alle leeftijden;Mannen en vrouwen;Bergen (NH.);2008;31270;27570;2739;1127;1612;961;544;417;373
2521;Totaal over alle leeftijden;Mannen en vrouwen;Bergen (NH.);2009;31043;27309;2671;1058;1613;1063;586;477;373
2522;Totaal over alle leeftijden;Mannen en vrouwen;Bergen (NH.);2010;30862;27075;2619;1044;1575;1168;625;543;373
2523;Totaal over alle leeftijden;Mannen en vrouwen;Bergen (NH.);2011;30786;26916;2625;1043;1582;1245;649;596;373
2524;Totaal over alle leeftijden;Mannen en vrouwen;Bergen (NH.);2012;30604;26663;2586;1021;1565;1355;691;664;373
2525;Totaal over alle leeftijden;Mannen en vrouwen;Bergen (NH.);2013;30558;26558;2583;1020;1563;1417;707;710;373
2526;Totaal over alle leeftijden;Mannen en vrouwen;Bergen (NH.);2014;30417;26369;2553;1007;1546;1495;753;742;373
2527;Totaal over alle leeftijden;Mannen en vrouwen;Bergen (NH.);2015;30296;26198;2539;985;1554;1559;779;780;373
2528;Totaal over alle leeftijden;Mannen en vrouwen;Bergen (NH.);2016;30056;25936;2487;961;1526;1633;802;831;373
2529;Totaal over alle leeftijden;Mannen en vrouwen;Bergen (NH.);2017;29955;25758;2485;950;1535;1712;815;897;373
2530;Totaal over alle leeftijden;Mannen en vrouwen;Bergen (NH.);2018;29789;25582;2469;924;1545;1738;821;917;373
2531;Totaal over alle leeftijden;Mannen en vrouwen;Bergen (NH.);2019;29589;25354;2449;936;1513;1786;847;939;373
2532;Totaal over alle leeftijden;Mannen en vrouwen;Bergen (NH.);2020;29491;25216;2434;919;1515;1841;862;979;373
2533;Totaal over alle leeftijden;Mannen en vrouwen;Bergen (NH.);2021;29448;25104;2438;931;1507;1906;895;1011;373
2534;Totaal over alle leeftijden;Mannen en vrouwen;Bergen (NH.);2022;29347;24986;2427;931;1496;1934;903;1031;373
2535;Totaal over alle leeftijden;Mannen en vrouwen;Bergen (NH.);2023;29340;24882;2469;951;1518;1989;929;1060;373
2536;Totaal over alle leeftijden;Mannen en vrouwen;Bergen (NH.);2024;29321;24804;2441;929;1512;2076;978;1098;373
2537;Totaal over alle leeftijden;Mannen en vrouwen;Bergen (NH.);2025;29299;24750;2443;946;1497;2106;997;1109;373
2538;Totaal over alle leeftijden;Mannen en vrouwen;Bergen op Zoom;2008;65205;51316;5678;2304;3374;8211;4492;3719;748
2539;Totaal over alle leeftijden;Mannen en vrouwen;Bergen op Zoom;2009;64987;51113;5670;2319;3351;8204;4498;3706;748
2540;Totaal over alle leeftijden;Mannen en vrouwen;Bergen op Zoom;2010;64710;50849;5636;2298;3338;8225;4510;3715;748
2541;Totaal over alle leeftijden;Mannen en vrouwen;Bergen op Zoom;2011;64436;50610;5623;2275;3348;8203;4527;3676;748
2542;Totaal over alle leeftijden;Mannen en vrouwen;Bergen op Zoom;2012;64288;50427;5639;2284;3355;8222;4539;3683;748
2543;Totaal over alle leeftijden;Mannen en vrouwen;Bergen op Zoom;2013;64287;50389;5671;2313;3358;8227;4519;3708;748
2544;Totaal over alle leeftijden;Mannen en vrouwen;Bergen op Zoom;2014;64221;50283;5713;2345;3368;8225;4518;3707;748
2545;Totaal over alle leeftijden;Mannen en vrouwen;Bergen op Zoom;2015;64126;50199;5706;2326;3380;8221;4540;3681;748
2546;Totaal over alle leeftijden;Mannen en vrouwen;Bergen op Zoom;2016;63988;50053;5713;2308;3405;8222;4513;3709;748
2547;Totaal over alle leeftijden;Mannen en vrouwen;Bergen op Zoom;2017;63926;49957;5725;2313;3412;8244;4537;3707;748
2548;Totaal over alle leeftijden;Mannen en vrouwen;Bergen op Zoom;2018;63864;49811;5747;2343;3404;8306;4571;3735;748
2549;Totaal over alle leeftijden;Mannen en vrouwen;Bergen op Zoom;2019;63873;49734;5824;2394;3430;8315;4587;3728;748
2550;Totaal over alle leeftijden;Mannen en vrouwen;Bergen op Zoom;2020;63643;49516;5794;2358;3436;8333;4568;3765;748
2551;Totaal over alle leeftijden;Mannen en vrouwen;Bergen op Zoom;2021;63668;49471;5866;2377;3489;8331;4570;3761;748
2552;Totaal over alle leeftijden;Mannen en vrouwen;Bergen op Zoom;2022;63627;49339;5912;2395;3517;8376;4603;3773;748
2553;Totaal over alle leeftijden;Mannen en vrouwen;Bergen op Zoom;2023;63714;49389;5925;2414;3511;8400;4663;3737;748
2554;Totaal over alle leeftijden;Mannen en vrouwen;Bergen op Zoom;2024;63541;49232;5904;2424;3480;8405;4682;3723;748
2555;Totaal over alle leeftijden;Mannen en vrouwen;Bergen op Zoom;2025;63575;49131;5985;2474;3511;8459;4692;3767;748
2556;Totaal over alle leeftijden;Mannen en vrouwen;Berkelland;2008;44692;41024;2288;677;1611;1380;793;587;1859
2557;Totaal over alle leeftijden;Mannen en vrouwen;Berkelland;2009;44451;40648;2292;687;1605;1511;869;642;1859
2558;Totaal over alle leeftijden;Mannen en vrouwen;Berkelland;2010;44213;40288;2279;680;1599;1646;951;695;1859
2559;Totaal over alle leeftijden;Mannen en vrouwen;Berkelland;2011;44013;39961;2284;691;1593;1768;1020;748;1859
2560;Totaal over alle leeftijden;Mannen en vrouwen;Berkelland;2012;43817;39605;2309;716;1593;1903;1065;838;1859
2561;Totaal over alle leeftijden;Mannen en vrouwen;Berkelland;2013;43592;39244;2345;732;1613;2003;1101;902;1859
2562;Totaal over alle leeftijden;Mannen en vrouwen;Berkelland;2014;43436;38929;2366;742;1624;2141;1177;964;1859
2563;Totaal over alle leeftijden;Mannen en vrouwen;Berkelland;2015;43378;38740;2388;751;1637;2250;1232;1018;1859
2564;Totaal over alle leeftijden;Mannen en vrouwen;Berkelland;2016;43153;38428;2398;769;1629;2327;1250;1077;1859
2565;Totaal over alle leeftijden;Mannen en vrouwen;Berkelland;2017;42920;38088;2411;782;1629;2421;1294;1127;1859
2566;Totaal over alle leeftijden;Mannen en vrouwen;Berkelland;2018;42673;37754;2401;780;1621;2518;1327;1191;1859
2567;Totaal over alle leeftijden;Mannen en vrouwen;Berkelland;2019;42504;37491;2424;805;1619;2589;1353;1236;1859
2568;Totaal over alle leeftijden;Mannen en vrouwen;Berkelland;2020;42312;37190;2419;783;1636;2703;1417;1286;1859
2569;Totaal over alle leeftijden;Mannen en vrouwen;Berkelland;2021;42179;36980;2406;788;1618;2793;1464;1329;1859
2570;Totaal over alle leeftijden;Mannen en vrouwen;Berkelland;2022;42202;36862;2450;839;1611;2890;1511;1379;1859
2571;Totaal over alle leeftijden;Mannen en vrouwen;Berkelland;2023;42079;36659;2426;831;1595;2994;1573;1421;1859
2572;Totaal over alle leeftijden;Mannen en vrouwen;Berkelland;2024;42009;36476;2455;859;1596;3078;1599;1479;1859
2573;Totaal over alle leeftijden;Mannen en vrouwen;Berkelland;2025;41935;36278;2496;879;1617;3161;1646;1515;1859
2574;Totaal over alle leeftijden;Mannen en vrouwen;Bernheze;2008;29431;27503;1314;415;899;614;363;251;1721
2575;Totaal over alle leeftijden;Mannen en vrouwen;Bernheze;2009;29301;27303;1329;411;918;669;381;288;1721
2576;Totaal over alle leeftijden;Mannen en vrouwen;Bernheze;2010;29263;27175;1364;414;950;724;412;312;1721
2577;Totaal over alle leeftijden;Mannen en vrouwen;Bernheze;2011;29142;26996;1366;420;946;780;435;345;1721
2578;Totaal over alle leeftijden;Mannen en vrouwen;Bernheze;2012;29076;26866;1389;432;957;821;459;362;1721
2579;Totaal over alle leeftijden;Mannen en vrouwen;Bernheze;2013;29006;26712;1411;432;979;883;497;386;1721
2580;Totaal over alle leeftijden;Mannen en vrouwen;Bernheze;2014;28962;26553;1444;450;994;965;552;413;1721
2581;Totaal over alle leeftijden;Mannen en vrouwen;Bernheze;2015;28940;26462;1457;449;1008;1021;575;446;1721
2582;Totaal over alle leeftijden;Mannen en vrouwen;Bernheze;2016;28805;26269;1465;463;1002;1071;618;453;1721
2583;Totaal over alle leeftijden;Mannen en vrouwen;Bernheze;2017;28815;26162;1497;471;1026;1156;652;504;1721
2584;Totaal over alle leeftijden;Mannen en vrouwen;Bernheze;2018;28955;26214;1510;495;1015;1231;675;556;1721
2585;Totaal over alle leeftijden;Mannen en vrouwen;Bernheze;2019;28908;26052;1523;502;1021;1333;734;599;1721
2586;Totaal over alle leeftijden;Mannen en vrouwen;Bernheze;2020;28852;25919;1554;505;1049;1379;756;623;1721
2587;Totaal over alle leeftijden;Mannen en vrouwen;Bernheze;2021;28871;25874;1566;513;1053;1431;776;655;1721
2588;Totaal over alle leeftijden;Mannen en vrouwen;Bernheze;2022;28881;25820;1576;520;1056;1485;812;673;1721
2589;Totaal over alle leeftijden;Mannen en vrouwen;Bernheze;2023;28827;25707;1605;538;1067;1515;818;697;1721
2590;Totaal over alle leeftijden;Mannen en vrouwen;Bernheze;2024;28751;25575;1623;549;1074;1553;838;715;1721
2591;Totaal over alle leeftijden;Mannen en vrouwen;Bernheze;2025;28734;25490;1623;558;1065;1621;854;767;1721
2592;Totaal over alle leeftijden;Mannen en vrouwen;Bernisse;2008;12568;11533;722;225;497;313;173;140;568
2593;Totaal over alle leeftijden;Mannen en vrouwen;Bernisse;2009;12728;11637;746;238;508;345;181;164;568
2594;Totaal over alle leeftijden;Mannen en vrouwen;Bernisse;2010;12858;11707;766;250;516;385;209;176;568
2595;Totaal over alle leeftijden;Mannen en vrouwen;Bernisse;2011;12885;11681;792;270;522;412;222;190;568
2596;Totaal over alle leeftijden;Mannen en vrouwen;Bernisse;2012;12859;11625;805;274;531;429;217;212;568
2597;Totaal over alle leeftijden;Mannen en vrouwen;Bernisse;2013;12946;11645;826;277;549;475;230;245;568
2598;Totaal over alle leeftijden;Mannen en vrouwen;Bernisse;2014;12895;11568;822;287;535;505;237;268;568
2599;Totaal over alle leeftijden;Mannen en vrouwen;Bernisse;2015;12906;11550;819;289;530;537;256;281;568
2600;Totaal over alle leeftijden;Mannen en vrouwen;Bernisse;2016;12938;11555;826;289;537;557;262;295;568
2601;Totaal over alle leeftijden;Mannen en vrouwen;Bernisse;2017;12959;11529;847;285;562;583;269;314;568
2602;Totaal over alle leeftijden;Mannen en vrouwen;Bernisse;2018;12878;11423;838;280;558;617;278;339;568
2603;Totaal over alle leeftijden;Mannen en vrouwen;Bernisse;2019;12953;11443;853;289;564;657;292;365;568
2604;Totaal over alle leeftijden;Mannen en vrouwen;Bernisse;2020;13004;11450;870;295;575;684;306;378;568
2605;Totaal over alle leeftijden;Mannen en vrouwen;Bernisse;2021;13042;11475;877;303;574;690;320;370;568
2606;Totaal over alle leeftijden;Mannen en vrouwen;Bernisse;2022;13069;11469;881;306;575;719;329;390;568
2607;Totaal over alle leeftijden;Mannen en vrouwen;Bernisse;2023;13126;11464;893;311;582;769;343;426;568
2608;Totaal over alle leeftijden;Mannen en vrouwen;Bernisse;2024;13257;11502;913;319;594;842;374;468;568
2609;Totaal over alle leeftijden;Mannen en vrouwen;Bernisse;2025;13371;11540;948;339;609;883;391;492;568
2610;Totaal over alle leeftijden;Mannen en vrouwen;Best;2008;28900;25106;2162;768;1394;1632;908;724;753
2611;Totaal over alle leeftijden;Mannen en vrouwen;Best;2009;28941;25083;2164;765;1399;1694;953;741;753
2612;Totaal over alle leeftijden;Mannen en vrouwen;Best;2010;28958;25026;2171;775;1396;1761;995;766;753
2613;Totaal over alle leeftijden;Mannen en vrouwen;Best;2011;28971;24979;2172;784;1388;1820;1023;797;753
2614;Totaal over alle leeftijden;Mannen en vrouwen;Best;2012;29009;24903;2200;816;1384;1906;1069;837;753
2615;Totaal over alle leeftijden;Mannen en vrouwen;Best;2013;29045;24857;2198;796;1402;1990;1110;880;753
2616;Totaal over alle leeftijden;Mannen en vrouwen;Best;2014;29088;24807;2223;836;1387;2058;1118;940;753
2617;Totaal over alle leeftijden;Mannen en vrouwen;Best;2015;29071;24689;2240;835;1405;2142;1162;980;753
2618;Totaal over alle leeftijden;Mannen en vrouwen;Best;2016;29079;24611;2266;866;1400;2202;1193;1009;753
2619;Totaal over alle leeftijden;Mannen en vrouwen;Best;2017;29037;24523;2260;859;1401;2254;1216;1038;753
2620;Totaal over alle leeftijden;Mannen en vrouwen;Best;2018;29126;24485;2315;896;1419;2326;1257;1069;753
2621;Totaal over alle leeftijden;Mannen en vrouwen;Best;2019;29102;24392;2340;904;1436;2370;1300;1070;753
2622;Totaal over alle leeftijden;Mannen en vrouwen;Best;2020;29064;24252;2372;929;1443;2440;1329;1111;753
2623;Totaal over alle leeftijden;Mannen en vrouwen;Best;2021;29137;24238;2388;943;1445;2511;1366;1145;753
2624;Totaal over alle leeftijden;Mannen en vrouwen;Best;2022;29149;24152;2369;963;1406;2628;1404;1224;753
2625;Totaal over alle leeftijden;Mannen en vrouwen;Best;2023;29145;24027;2362;969;1393;2756;1465;1291;753
2626;Totaal over alle leeftijden;Mannen en vrouwen;Best;2024;29064;23893;2356;973;1383;2815;1503;1312;753
2627;Totaal over alle leeftijden;Mannen en vrouwen;Best;2025;29006;23738;2385;995;1390;2883;1532;1351;753
2628;Totaal over alle leeftijden;Mannen en vrouwen;Beuningen;2008;25541;22552;1942;556;1386;1047;589;458;209
2629;Totaal over alle leeftijden;Mannen en vrouwen;Beuningen;2009;25601;22582;1934;584;1350;1085;613;472;209
2630;Totaal over alle leeftijden;Mannen en vrouwen;Beuningen;2010;25658;22571;1967;612;1355;1120;633;487;209
2631;Totaal over alle leeftijden;Mannen en vrouwen;Beuningen;2011;25715;22566;1986;629;1357;1163;651;512;209
2632;Totaal over alle leeftijden;Mannen en vrouwen;Beuningen;2012;25792;22599;1984;641;1343;1209;687;522;209
2633;Totaal over alle leeftijden;Mannen en vrouwen;Beuningen;2013;25845;22607;1997;648;1349;1241;716;525;209
2634;Totaal over alle leeftijden;Mannen en vrouwen;Beuningen;2014;25858;22571;2005;643;1362;1282;720;562;209
2635;Totaal over alle leeftijden;Mannen en vrouwen;Beuningen;2015;25922;22573;2023;666;1357;1326;742;584;209
2636;Totaal over alle leeftijden;Mannen en vrouwen;Beuningen;2016;25879;22505;2026;670;1356;1348;762;586;209
2637;Totaal over alle leeftijden;Mannen en vrouwen;Beuningen;2017;25884;22406;2084;717;1367;1394;773;621;209
2638;Totaal over alle leeftijden;Mannen en vrouwen;Beuningen;2018;25820;22314;2070;718;1352;1436;807;629;209
2639;Totaal over alle leeftijden;Mannen en vrouwen;Beuningen;2019;25821;22226;2109;764;1345;1486;835;651;209
2640;Totaal over alle leeftijden;Mannen en vrouwen;Beuningen;2020;25760;22117;2104;755;1349;1539;846;693;209
2641;Totaal over alle leeftijden;Mannen en vrouwen;Beuningen;2021;25720;22064;2081;761;1320;1575;856;719;209
2642;Totaal over alle leeftijden;Mannen en vrouwen;Beuningen;2022;25788;22056;2116;788;1328;1616;874;742;209
2643;Totaal over alle leeftijden;Mannen en vrouwen;Beuningen;2023;25764;22027;2111;803;1308;1626;880;746;209
2644;Totaal over alle leeftijden;Mannen en vrouwen;Beuningen;2024;25836;22057;2126;817;1309;1653;884;769;209
2645;Totaal over alle leeftijden;Mannen en vrouwen;Beuningen;2025;25829;22050;2126;850;1276;1653;885;768;209
2646;Totaal over alle leeftijden;Mannen en vrouwen;Beverwijk;2008;36885;29597;3466;1478;1988;3822;2254;1568;375
2647;Totaal over alle leeftijden;Mannen en vrouwen;Beverwijk;2009;37106;29683;3470;1470;2000;3953;2292;1661;375
2648;Totaal over alle leeftijden;Mannen en vrouwen;Beverwijk;2010;37439;29807;3519;1489;2030;4113;2343;1770;375
2649;Totaal over alle leeftijden;Mannen en vrouwen;Beverwijk;2011;37853;30017;3567;1521;2046;4269;2419;1850;375
2650;Totaal over alle leeftijden;Mannen en vrouwen;Beverwijk;2012;38208;30187;3606;1542;2064;4415;2500;1915;375
2651;Totaal over alle leeftijden;Mannen en vrouwen;Beverwijk;2013;38468;30281;3650;1585;2065;4537;2559;1978;375
2652;Totaal over alle leeftijden;Mannen en vrouwen;Beverwijk;2014;38787;30443;3689;1615;2074;4655;2612;2043;375
2653;Totaal over alle leeftijden;Mannen en vrouwen;Beverwijk;2015;39048;30548;3728;1627;2101;4772;2671;2101;375
2654;Totaal over alle leeftijden;Mannen en vrouwen;Beverwijk;2016;39310;30681;3729;1633;2096;4900;2719;2181;375
2655;Totaal over alle leeftijden;Mannen en vrouwen;Beverwijk;2017;39656;30819;3772;1656;2116;5065;2770;2295;375
2656;Totaal over alle leeftijden;Mannen en vrouwen;Beverwijk;2018;40078;31027;3827;1693;2134;5224;2829;2395;375
2657;Totaal over alle leeftijden;Mannen en vrouwen;Beverwijk;2019;40413;31199;3864;1713;2151;5350;2867;2483;375
2658;Totaal over alle leeftijden;Mannen en vrouwen;Beverwijk;2020;40671;31328;3875;1716;2159;5468;2935;2533;375
2659;Totaal over alle leeftijden;Mannen en vrouwen;Beverwijk;2021;41038;31495;3935;1746;2189;5608;2981;2627;375
2660;Totaal over alle leeftijden;Mannen en vrouwen;Beverwijk;2022;41370;31701;3956;1763;2193;5713;3035;2678;375
2661;Totaal over alle leeftijden;Mannen en vrouwen;Beverwijk;2023;41644;31833;3989;1799;2190;5822;3076;2746;375
2662;Totaal over alle leeftijden;Mannen en vrouwen;Beverwijk;2024;41860;31914;4010;1813;2197;5936;3114;2822;375
2663;Totaal over alle leeftijden;Mannen en vrouwen;Beverwijk;2025;42156;32055;4085;1852;2233;6016;3130;2886;375
2664;Totaal over alle leeftijden;Mannen en vrouwen;het Bildt;2008;10882;9917;511;250;261;454;291;163;63
2665;Totaal over alle leeftijden;Mannen en vrouwen;het Bildt;2009;10878;9877;509;243;266;492;306;186;63
2666;Totaal over alle leeftijden;Mannen en vrouwen;het Bildt;2010;10907;9833;528;251;277;546;330;216;63
2667;Totaal over alle leeftijden;Mannen en vrouwen;het Bildt;2011;10889;9754;539;256;283;596;358;238;63
2668;Totaal over alle leeftijden;Mannen en vrouwen;het Bildt;2012;10901;9710;564;256;308;627;379;248;63
2669;Totaal over alle leeftijden;Mannen en vrouwen;het Bildt;2013;10909;9676;561;250;311;672;404;268;63
2670;Totaal over alle leeftijden;Mannen en vrouwen;het Bildt;2014;10872;9601;578;264;314;693;406;287;63
2671;Totaal over alle leeftijden;Mannen en vrouwen;het Bildt;2015;10866;9541;595;267;328;730;421;309;63
2672;Totaal over alle leeftijden;Mannen en vrouwen;het Bildt;2016;10825;9479;587;258;329;759;427;332;63
2673;Totaal over alle leeftijden;Mannen en vrouwen;het Bildt;2017;10766;9406;589;254;335;771;423;348;63
2674;Totaal over alle leeftijden;Mannen en vrouwen;het Bildt;2018;10704;9319;600;255;345;785;416;369;63
2675;Totaal over alle leeftijden;Mannen en vrouwen;het Bildt;2019;10657;9259;605;267;338;793;425;368;63
2676;Totaal over alle leeftijden;Mannen en vrouwen;het Bildt;2020;10631;9206;624;274;350;801;444;357;63
2677;Totaal over alle leeftijden;Mannen en vrouwen;het Bildt;2021;10635;9181;634;282;352;820;447;373;63
2678;Totaal over alle leeftijden;Mannen en vrouwen;het Bildt;2022;10546;9081;651;296;355;814;444;370;63
2679;Totaal over alle leeftijden;Mannen en vrouwen;het Bildt;2023;10476;8990;656;301;355;830;452;378;63
2680;Totaal over alle leeftijden;Mannen en vrouwen;het Bildt;2024;10400;8889;668;311;357;843;461;382;63
2681;Totaal over alle leeftijden;Mannen en vrouwen;het Bildt;2025;10311;8818;658;310;348;835;458;377;63
2682;Totaal over alle leeftijden;Mannen en vrouwen;De Bilt;2008;41818;35598;3849;1366;2483;2371;1290;1081;310
2683;Totaal over alle leeftijden;Mannen en vrouwen;De Bilt;2009;41812;35505;3816;1362;2454;2491;1323;1168;310
2684;Totaal over alle leeftijden;Mannen en vrouwen;De Bilt;2010;41866;35439;3842;1375;2467;2585;1361;1224;310
2685;Totaal over alle leeftijden;Mannen en vrouwen;De Bilt;2011;41877;35383;3836;1381;2455;2658;1404;1254;310
2686;Totaal over alle leeftijden;Mannen en vrouwen;De Bilt;2012;41838;35272;3836;1383;2453;2730;1432;1298;310
2687;Totaal over alle leeftijden;Mannen en vrouwen;De Bilt;2013;41720;35088;3852;1394;2458;2780;1464;1316;310
2688;Totaal over alle leeftijden;Mannen en vrouwen;De Bilt;2014;41737;35022;3835;1381;2454;2880;1494;1386;310
2689;Totaal over alle leeftijden;Mannen en vrouwen;De Bilt;2015;41619;34861;3822;1380;2442;2936;1530;1406;310
2690;Totaal over alle leeftijden;Mannen en vrouwen;De Bilt;2016;41571;34722;3803;1380;2423;3046;1588;1458;310
2691;Totaal over alle leeftijden;Mannen en vrouwen;De Bilt;2017;41444;34593;3735;1346;2389;3116;1627;1489;310
2692;Totaal over alle leeftijden;Mannen en vrouwen;De Bilt;2018;41446;34504;3735;1343;2392;3207;1678;1529;310
2693;Totaal over alle leeftijden;Mannen en vrouwen;De Bilt;2019;41400;34387;3765;1369;2396;3248;1682;1566;310
2694;Totaal over alle leeftijden;Mannen en vrouwen;De Bilt;2020;41477;34368;3784;1399;2385;3325;1727;1598;310
2695;Totaal over alle leeftijden;Mannen en vrouwen;De Bilt;2021;41523;34314;3798;1405;2393;3411;1763;1648;310
2696;Totaal over alle leeftijden;Mannen en vrouwen;De Bilt;2022;41612;34346;3812;1423;2389;3454;1779;1675;310
2697;Totaal over alle leeftijden;Mannen en vrouwen;De Bilt;2023;41683;34377;3854;1440;2414;3452;1769;1683;310
2698;Totaal over alle leeftijden;Mannen en vrouwen;De Bilt;2024;41817;34453;3871;1468;2403;3493;1798;1695;310
2699;Totaal over alle leeftijden;Mannen en vrouwen;De Bilt;2025;41932;34499;3908;1485;2423;3525;1813;1712;310
2700;Totaal over alle leeftijden;Mannen en vrouwen;Binnenmaas;2008;28834;26319;1473;520;953;1042;605;437;585
2701;Totaal over alle leeftijden;Mannen en vrouwen;Binnenmaas;2009;28896;26288;1518;534;984;1090;609;481;585
2702;Totaal over alle leeftijden;Mannen en vrouwen;Binnenmaas;2010;28931;26226;1550;554;996;1155;629;526;585
2703;Totaal over alle leeftijden;Mannen en vrouwen;Binnenmaas;2011;28925;26121;1568;569;999;1236;673;563;585
2704;Totaal over alle leeftijden;Mannen en vrouwen;Binnenmaas;2012;28924;26015;1611;592;1019;1298;701;597;585
2705;Totaal over alle leeftijden;Mannen en vrouwen;Binnenmaas;2013;28965;25965;1607;591;1016;1393;741;652;585
2706;Totaal over alle leeftijden;Mannen en vrouwen;Binnenmaas;2014;29043;25942;1626;600;1026;1475;784;691;585
2707;Totaal over alle leeftijden;Mannen en vrouwen;Binnenmaas;2015;29056;25862;1650;606;1044;1544;791;753;585
2708;Totaal over alle leeftijden;Mannen en vrouwen;Binnenmaas;2016;29082;25833;1659;617;1042;1590;791;799;585
2709;Totaal over alle leeftijden;Mannen en vrouwen;Binnenmaas;2017;29213;25841;1689;636;1053;1683;809;874;585
2710;Totaal over alle leeftijden;Mannen en vrouwen;Binnenmaas;2018;29300;25800;1747;665;1082;1753;827;926;585
2711;Totaal over alle leeftijden;Mannen en vrouwen;Binnenmaas;2019;29288;25692;1782;676;1106;1814;839;975;585
2712;Totaal over alle leeftijden;Mannen en vrouwen;Binnenmaas;2020;29332;25611;1826;695;1131;1895;853;1042;585
2713;Totaal over alle leeftijden;Mannen en vrouwen;Binnenmaas;2021;29294;25469;1877;707;1170;1948;883;1065;585
2714;Totaal over alle leeftijden;Mannen en vrouwen;Binnenmaas;2022;29312;25385;1902;721;1181;2025;926;1099;585
2715;Totaal over alle leeftijden;Mannen en vrouwen;Binnenmaas;2023;29245;25264;1916;735;1181;2065;948;1117;585
2716;Totaal over alle leeftijden;Mannen en vrouwen;Binnenmaas;2024;29245;25147;1947;757;1190;2151;982;1169;585
2717;Totaal over alle leeftijden;Mannen en vrouwen;Binnenmaas;2025;29241;25073;1993;795;1198;2175;997;1178;585
2718;Totaal over alle leeftijden;Mannen en vrouwen;Bladel;2008;19134;17614;1092;346;746;428;265;163;1728
2719;Totaal over alle leeftijden;Mannen en vrouwen;Bladel;2009;19075;17488;1105;360;745;482;291;191;1728
2720;Totaal over alle leeftijden;Mannen en vrouwen;Bladel;2010;19027;17434;1079;358;721;514;299;215;1728
2721;Totaal over alle leeftijden;Mannen en vrouwen;Bladel;2011;18882;17269;1085;369;716;528;303;225;1728
2722;Totaal over alle leeftijden;Mannen en vrouwen;Bladel;2012;18757;17102;1086;372;714;569;332;237;1728
2723;Totaal over alle leeftijden;Mannen en vrouwen;Bladel;2013;18737;17053;1066;362;704;618;366;252;1728
2724;Totaal over alle leeftijden;Mannen en vrouwen;Bladel;2014;18659;16933;1059;347;712;667;397;270;1728
2725;Totaal over alle leeftijden;Mannen en vrouwen;Bladel;2015;18588;16833;1056;340;716;699;422;277;1728
2726;Totaal over alle leeftijden;Mannen en vrouwen;Bladel;2016;18509;16752;1044;347;697;713;424;289;1728
2727;Totaal over alle leeftijden;Mannen en vrouwen;Bladel;2017;18470;16656;1049;355;694;765;450;315;1728
2728;Totaal over alle leeftijden;Mannen en vrouwen;Bladel;2018;18401;16519;1087;383;704;795;463;332;1728
2729;Totaal over alle leeftijden;Mannen en vrouwen;Bladel;2019;18325;16390;1080;388;692;855;499;356;1728
2730;Totaal over alle leeftijden;Mannen en vrouwen;Bladel;2020;18345;16359;1075;376;699;911;522;389;1728
2731;Totaal over alle leeftijden;Mannen en vrouwen;Bladel;2021;18312;16311;1071;381;690;930;528;402;1728
2732;Totaal over alle leeftijden;Mannen en vrouwen;Bladel;2022;18249;16237;1062;391;671;950;537;413;1728
2733;Totaal over alle leeftijden;Mannen en vrouwen;Bladel;2023;18216;16181;1061;399;662;974;549;425;1728
2734;Totaal over alle leeftijden;Mannen en vrouwen;Bladel;2024;18241;16154;1064;407;657;1023;572;451;1728
2735;Totaal over alle leeftijden;Mannen en vrouwen;Bladel;2025;18185;16038;1074;420;654;1073;596;477;1728
2736;Totaal over alle leeftijden;Mannen en vrouwen;Blaricum;2008;9113;7611;1039;393;646;463;245;218;376
2737;Totaal over alle leeftijden;Mannen en vrouwen;Blaricum;2009;9103;7603;1016;374;642;484;248;236;376
2738;Totaal over alle leeftijden;Mannen en vrouwen;Blaricum;2010;9106;7579;1000;381;619;527;256;271;376
2739;Totaal over alle leeftijden;Mannen en vrouwen;Blaricum;2011;9146;7598;1000;383;617;548;261;287;376
2740;Totaal over alle leeftijden;Mannen en vrouwen;Blaricum;2012;9240;7672;997;382;615;571;269;302;376
2741;Totaal over alle leeftijden;Mannen en vrouwen;Blaricum;2013;9360;7740;1017;404;613;603;283;320;376
2742;Totaal over alle leeftijden;Mannen en vrouwen;Blaricum;2014;9461;7827;1017;415;602;617;276;341;376
2743;Totaal over alle leeftijden;Mannen en vrouwen;Blaricum;2015;9573;7916;1011;412;599;646;284;362;376
2744;Totaal over alle leeftijden;Mannen en vrouwen;Blaricum;2016;9742;8048;1018;425;593;676;291;385;376
2745;Totaal over alle leeftijden;Mannen en vrouwen;Blaricum;2017;9859;8152;1015;414;601;692;284;408;376
2746;Totaal over alle leeftijden;Mannen en vrouwen;Blaricum;2018;9964;8214;1022;414;608;728;304;424;376
2747;Totaal over alle leeftijden;Mannen en vrouwen;Blaricum;2019;9970;8201;1016;405;611;753;317;436;376
2748;Totaal over alle leeftijden;Mannen en vrouwen;Blaricum;2020;9965;8180;1027;412;615;758;323;435;376
2749;Totaal over alle leeftijden;Mannen en vrouwen;Blaricum;2021;10017;8209;1043;420;623;765;327;438;376
2750;Totaal over alle leeftijden;Mannen en vrouwen;Blaricum;2022;10036;8216;1027;427;600;793;351;442;376
2751;Totaal over alle leeftijden;Mannen en vrouwen;Blaricum;2023;10078;8222;1035;425;610;821;352;469;376
2752;Totaal over alle leeftijden;Mannen en vrouwen;Blaricum;2024;10091;8247;1018;417;601;826;355;471;376
2753;Totaal over alle leeftijden;Mannen en vrouwen;Blaricum;2025;10126;8272;1003;406;597;851;375;476;376
2754;Totaal over alle leeftijden;Mannen en vrouwen;Bloemendaal;2008;16548;13595;2248;788;1460;705;359;346;377
2755;Totaal over alle leeftijden;Mannen en vrouwen;Bloemendaal;2009;16407;13454;2193;759;1434;760;398;362;377
2756;Totaal over alle leeftijden;Mannen en vrouwen;Bloemendaal;2010;16363;13398;2153;752;1401;812;425;387;377
2757;Totaal over alle leeftijden;Mannen en vrouwen;Bloemendaal;2011;16163;13225;2066;713;1353;872;462;410;377
2758;Totaal over alle leeftijden;Mannen en vrouwen;Bloemendaal;2012;15971;13064;2017;689;1328;890;474;416;377
2759;Totaal over alle leeftijden;Mannen en vrouwen;Bloemendaal;2013;15812;12912;1974;698;1276;926;502;424;377
2760;Totaal over alle leeftijden;Mannen en vrouwen;Bloemendaal;2014;15674;12756;1936;685;1251;982;526;456;377
2761;Totaal over alle leeftijden;Mannen en vrouwen;Bloemendaal;2015;15528;12584;1939;693;1246;1005;536;469;377
2762;Totaal over alle leeftijden;Mannen en vrouwen;Bloemendaal;2016;15456;12528;1908;689;1219;1020;524;496;377
2763;Totaal over alle leeftijden;Mannen en vrouwen;Bloemendaal;2017;15370;12380;1906;702;1204;1084;550;534;377
2764;Totaal over alle leeftijden;Mannen en vrouwen;Bloemendaal;2018;15379;12352;1899;691;1208;1128;577;551;377
2765;Totaal over alle leeftijden;Mannen en vrouwen;Bloemendaal;2019;15299;12226;1923;721;1202;1150;568;582;377
2766;Totaal over alle leeftijden;Mannen en vrouwen;Bloemendaal;2020;15226;12142;1903;718;1185;1181;587;594;377
2767;Totaal over alle leeftijden;Mannen en vrouwen;Bloemendaal;2021;15155;12097;1884;714;1170;1174;583;591;377
2768;Totaal over alle leeftijden;Mannen en vrouwen;Bloemendaal;2022;15112;12052;1860;700;1160;1200;587;613;377
2769;Totaal over alle leeftijden;Mannen en vrouwen;Bloemendaal;2023;15138;12004;1868;703;1165;1266;619;647;377
2770;Totaal over alle leeftijden;Mannen en vrouwen;Bloemendaal;2024;15118;11958;1864;716;1148;1296;624;672;377
2771;Totaal over alle leeftijden;Mannen en vrouwen;Bloemendaal;2025;15049;11872;1854;707;1147;1323;635;688;377
2772;Totaal over alle leeftijden;Mannen en vrouwen;Boarnsterhim;2008;19259;18148;741;212;529;370;210;160;55
2773;Totaal over alle leeftijden;Mannen en vrouwen;Boarnsterhim;2009;19274;18118;761;215;546;395;215;180;55
2774;Totaal over alle leeftijden;Mannen en vrouwen;Boarnsterhim;2010;19299;18105;773;217;556;421;226;195;55
2775;Totaal over alle leeftijden;Mannen en vrouwen;Boarnsterhim;2011;19302;18063;798;228;570;441;232;209;55
2776;Totaal over alle leeftijden;Mannen en vrouwen;Boarnsterhim;2012;19377;18082;808;247;561;487;259;228;55
2777;Totaal over alle leeftijden;Mannen en vrouwen;Boarnsterhim;2013;19392;18026;839;252;587;527;284;243;55
2778;Totaal over alle leeftijden;Mannen en vrouwen;Boarnsterhim;2014;19426;18019;852;255;597;555;292;263;55
2779;Totaal over alle leeftijden;Mannen en vrouwen;Boarnsterhim;2015;19450;18006;848;247;601;596;315;281;55
2780;Totaal over alle leeftijden;Mannen en vrouwen;Boarnsterhim;2016;19464;17972;874;260;614;618;326;292;55
2781;Totaal over alle leeftijden;Mannen en vrouwen;Boarnsterhim;2017;19415;17878;882;258;624;655;341;314;55
2782;Totaal over alle leeftijden;Mannen en vrouwen;Boarnsterhim;2018;19354;17796;878;249;629;680;350;330;55
2783;Totaal over alle leeftijden;Mannen en vrouwen;Boarnsterhim;2019;19282;17690;890;245;645;702;366;336;55
2784;Totaal over alle leeftijden;Mannen en vrouwen;Boarnsterhim;2020;19270;17633;894;258;636;743;391;352;55
2785;Totaal over alle leeftijden;Mannen en vrouwen;Boarnsterhim;2021;19223;17522;911;264;647;790;408;382;55
2786;Totaal over alle leeftijden;Mannen en vrouwen;Boarnsterhim;2022;19134;17414;913;260;653;807;416;391;55
2787;Totaal over alle leeftijden;Mannen en vrouwen;Boarnsterhim;2023;19031;17318;899;250;649;814;419;395;55
2788;Totaal over alle leeftijden;Mannen en vrouwen;Boarnsterhim;2024;18982;17249;904;255;649;829;429;400;55
2789;Totaal over alle leeftijden;Mannen en vrouwen;Boarnsterhim;2025;18954;17156;940;279;661;858;450;408;55
2790;Totaal over alle leeftijden;Mannen en vrouwen;Bodegraven;2008;19299;17034;1089;410;679;1176;612;564;497
2791;Totaal over alle leeftijden;Mannen en vrouwen;Bodegraven;2009;19091;16816;1085;406;679;1190;614;576;497
2792;Totaal over alle leeftijden;Mannen en vrouwen;Bodegraven;2010;18879;16611;1071;385;686;1197;624;573;497
2793;Totaal over alle leeftijden;Mannen en vrouwen;Bodegraven;2011;18881;16549;1073;387;686;1259;650;609;497
2794;Totaal over alle leeftijden;Mannen en vrouwen;Bodegraven;2012;18664;16324;1073;400;673;1267;654;613;497
2795;Totaal over alle leeftijden;Mannen en vrouwen;Bodegraven;2013;18634;16230;1085;399;686;1319;675;644;497
2796;Totaal over alle leeftijden;Mannen en vrouwen;Bodegraven;2014;18458;16060;1087;397;690;1311;679;632;497
2797;Totaal over alle leeftijden;Mannen en vrouwen;Bodegraven;2015;18428;15974;1116;405;711;1338;685;653;497
2798;Totaal over alle leeftijden;Mannen en vrouwen;Bodegraven;2016;18363;15869;1120;408;712;1374;698;676;497
2799;Totaal over alle leeftijden;Mannen en vrouwen;Bodegraven;2017;18296;15767;1123;408;715;1406;713;693;497
2800;Totaal over alle leeftijden;Mannen en vrouwen;Bodegraven;2018;18287;15722;1129;404;725;1436;734;702;497
2801;Totaal over alle leeftijden;Mannen en vrouwen;Bodegraven;2019;18188;15587;1128;419;709;1473;762;711;497
2802;Totaal over alle leeftijden;Mannen en vrouwen;Bodegraven;2020;18162;15532;1156;427;729;1474;767;707;497
2803;Totaal over alle leeftijden;Mannen en vrouwen;Bodegraven;2021;18152;15474;1170;433;737;1508;784;724;497
2804;Totaal over alle leeftijden;Mannen en vrouwen;Bodegraven;2022;18103;15400;1173;429;744;1530;801;729;497
2805;Totaal over alle leeftijden;Mannen en vrouwen;Bodegraven;2023;18043;15286;1189;446;743;1568;805;763;497
2806;Totaal over alle leeftijden;Mannen en vrouwen;Bodegraven;2024;17968;15168;1210;469;741;1590;827;763;497
2807;Totaal over alle leeftijden;Mannen en vrouwen;Bodegraven;2025;17884;15070;1239;477;762;1575;836;739;497
2808;Totaal over alle leeftijden;Mannen en vrouwen;Boekel;2008;9345;8878;316;101;215;151;89;62;755
2809;Totaal over alle leeftijden;Mannen en vrouwen;Boekel;2009;9307;8806;324;106;218;177;114;63;755
2810;Totaal over alle leeftijden;Mannen en vrouwen;Boekel;2010;9226;8691;334;112;222;201;129;72;755
2811;Totaal over alle leeftijden;Mannen en vrouwen;Boekel;2011;9182;8625;344;118;226;213;130;83;755
2812;Totaal over alle leeftijden;Mannen en vrouwen;Boekel;2012;9197;8601;373;135;238;223;132;91;755
2813;Totaal over alle leeftijden;Mannen en vrouwen;Boekel;2013;9190;8579;388;140;248;223;133;90;755
2814;Totaal over alle leeftijden;Mannen en vrouwen;Boekel;2014;9152;8494;400;156;244;258;145;113;755
2815;Totaal over alle leeftijden;Mannen en vrouwen;Boekel;2015;9135;8439;415;163;252;281;158;123;755
2816;Totaal over alle leeftijden;Mannen en vrouwen;Boekel;2016;9143;8435;407;162;245;301;166;135;755
2817;Totaal over alle leeftijden;Mannen en vrouwen;Boekel;2017;9090;8357;409;164;245;324;177;147;755
2818;Totaal over alle leeftijden;Mannen en vrouwen;Boekel;2018;9138;8360;433;175;258;345;185;160;755
2819;Totaal over alle leeftijden;Mannen en vrouwen;Boekel;2019;9122;8314;444;179;265;364;194;170;755
2820;Totaal over alle leeftijden;Mannen en vrouwen;Boekel;2020;9108;8271;459;183;276;378;196;182;755
2821;Totaal over alle leeftijden;Mannen en vrouwen;Boekel;2021;9119;8243;478;188;290;398;208;190;755
2822;Totaal over alle leeftijden;Mannen en vrouwen;Boekel;2022;9117;8211;488;193;295;418;224;194;755
2823;Totaal over alle leeftijden;Mannen en vrouwen;Boekel;2023;9152;8217;515;210;305;420;221;199;755
2824;Totaal over alle leeftijden;Mannen en vrouwen;Boekel;2024;9192;8250;526;210;316;416;216;200;755
2825;Totaal over alle leeftijden;Mannen en vrouwen;Boekel;2025;9242;8275;540;205;335;427;220;207;755
2826;Totaal over alle leeftijden;Mannen en vrouwen;Ten Boer;2008;7203;6761;289;89;200;153;82;71;9
2827;Totaal over alle leeftijden;Mannen en vrouwen;Ten Boer;2009;7270;6797;296;92;204;177;98;79;9
2828;Totaal over alle leeftijden;Mannen en vrouwen;Ten Boer;2010;7278;6780;300;94;206;198;106;92;9
2829;Totaal over alle leeftijden;Mannen en vrouwen;Ten Boer;2011;7284;6771;304;88;216;209;109;100;9
2830;Totaal over alle leeftijden;Mannen en vrouwen;Ten Boer;2012;7254;6735;305;87;218;214;109;105;9
2831;Totaal over alle leeftijden;Mannen en vrouwen;Ten Boer;2013;7259;6716;309;91;218;234;122;112;9
2832;Totaal over alle leeftijden;Mannen en vrouwen;Ten Boer;2014;7302;6732;312;92;220;258;130;128;9
2833;Totaal over alle leeftijden;Mannen en vrouwen;Ten Boer;2015;7350;6753;320;100;220;277;134;143;9
2834;Totaal over alle leeftijden;Mannen en vrouwen;Ten Boer;2016;7334;6737;315;100;215;282;133;149;9
2835;Totaal over alle leeftijden;Mannen en vrouwen;Ten Boer;2017;7358;6742;320;104;216;296;137;159;9
2836;Totaal over alle leeftijden;Mannen en vrouwen;Ten Boer;2018;7386;6765;326;101;225;295;127;168;9
2837;Totaal over alle leeftijden;Mannen en vrouwen;Ten Boer;2019;7372;6740;331;102;229;301;137;164;9
2838;Totaal over alle leeftijden;Mannen en vrouwen;Ten Boer;2020;7366;6724;322;99;223;320;140;180;9
2839;Totaal over alle leeftijden;Mannen en vrouwen;Ten Boer;2021;7436;6768;336;107;229;332;145;187;9
2840;Totaal over alle leeftijden;Mannen en vrouwen;Ten Boer;2022;7449;6752;348;110;238;349;155;194;9
2841;Totaal over alle leeftijden;Mannen en vrouwen;Ten Boer;2023;7469;6760;351;114;237;358;147;211;9
2842;Totaal over alle leeftijden;Mannen en vrouwen;Ten Boer;2024;7499;6782;349;112;237;368;149;219;9
2843;Totaal over alle leeftijden;Mannen en vrouwen;Ten Boer;2025;7545;6804;352;118;234;389;161;228;9
2844;Totaal over alle leeftijden;Mannen en vrouwen;Bolsward;2008;9936;9105;437;147;290;394;224;170;64
2845;Totaal over alle leeftijden;Mannen en vrouwen;Bolsward;2009;10053;9233;426;138;288;394;218;176;64
2846;Totaal over alle leeftijden;Mannen en vrouwen;Bolsward;2010;10074;9219;444;148;296;411;225;186;64
2847;Totaal over alle leeftijden;Mannen en vrouwen;Bolsward;2011;10147;9277;458;149;309;412;223;189;64
2848;Totaal over alle leeftijden;Mannen en vrouwen;Bolsward;2012;10185;9295;459;144;315;431;230;201;64
2849;Totaal over alle leeftijden;Mannen en vrouwen;Bolsward;2013;10259;9332;471;146;325;456;238;218;64
2850;Totaal over alle leeftijden;Mannen en vrouwen;Bolsward;2014;10332;9393;465;147;318;474;240;234;64
2851;Totaal over alle leeftijden;Mannen en vrouwen;Bolsward;2015;10415;9445;471;152;319;499;251;248;64
2852;Totaal over alle leeftijden;Mannen en vrouwen;Bolsward;2016;10393;9406;467;155;312;520;255;265;64
2853;Totaal over alle leeftijden;Mannen en vrouwen;Bolsward;2017;10448;9418;488;159;329;542;263;279;64
2854;Totaal over alle leeftijden;Mannen en vrouwen;Bolsward;2018;10431;9375;492;165;327;564;275;289;64
2855;Totaal over alle leeftijden;Mannen en vrouwen;Bolsward;2019;10423;9326;488;157;331;609;296;313;64
2856;Totaal over alle leeftijden;Mannen en vrouwen;Bolsward;2020;10454;9333;476;146;330;645;301;344;64
2857;Totaal over alle leeftijden;Mannen en vrouwen;Bolsward;2021;10508;9344;496;147;349;668;309;359;64
2858;Totaal over alle leeftijden;Mannen en vrouwen;Bolsward;2022;10470;9275;486;146;340;709;334;375;64
2859;Totaal over alle leeftijden;Mannen en vrouwen;Bolsward;2023;10439;9220;500;157;343;719;343;376;64
2860;Totaal over alle leeftijden;Mannen en vrouwen;Bolsward;2024;10485;9245;492;160;332;748;352;396;64
2861;Totaal over alle leeftijden;Mannen en vrouwen;Bolsward;2025;10558;9277;510;163;347;771;363;408;64
2862;Totaal over alle leeftijden;Mannen en vrouwen;Borger-Odoorn;2008;26008;24521;1013;330;683;474;249;225;1681
2863;Totaal over alle leeftijden;Mannen en vrouwen;Borger-Odoorn;2009;25787;24209;1038;340;698;540;286;254;1681
2864;Totaal over alle leeftijden;Mannen en vrouwen;Borger-Odoorn;2010;25519;23906;1043;328;715;570;305;265;1681
2865;Totaal over alle leeftijden;Mannen en vrouwen;Borger-Odoorn;2011;25343;23672;1046;325;721;625;337;288;1681
2866;Totaal over alle leeftijden;Mannen en vrouwen;Borger-Odoorn;2012;25154;23411;1055;322;733;688;363;325;1681
2867;Totaal over alle leeftijden;Mannen en vrouwen;Borger-Odoorn;2013;24965;23156;1052;310;742;757;409;348;1681
2868;Totaal over alle leeftijden;Mannen en vrouwen;Borger-Odoorn;2014;24845;22977;1058;325;733;810;423;387;1681
2869;Totaal over alle leeftijden;Mannen en vrouwen;Borger-Odoorn;2015;24692;22784;1062;316;746;846;446;400;1681
2870;Totaal over alle leeftijden;Mannen en vrouwen;Borger-Odoorn;2016;24577;22607;1080;328;752;890;463;427;1681
2871;Totaal over alle leeftijden;Mannen en vrouwen;Borger-Odoorn;2017;24437;22458;1074;325;749;905;485;420;1681
2872;Totaal over alle leeftijden;Mannen en vrouwen;Borger-Odoorn;2018;24301;22263;1064;327;737;974;518;456;1681
2873;Totaal over alle leeftijden;Mannen en vrouwen;Borger-Odoorn;2019;24150;22059;1072;332;740;1019;522;497;1681
2874;Totaal over alle leeftijden;Mannen en vrouwen;Borger-Odoorn;2020;24016;21880;1079;328;751;1057;552;505;1681
2875;Totaal over alle leeftijden;Mannen en vrouwen;Borger-Odoorn;2021;23959;21753;1100;340;760;1106;576;530;1681
2876;Totaal over alle leeftijden;Mannen en vrouwen;Borger-Odoorn;2022;23800;21560;1102;343;759;1138;587;551;1681
2877;Totaal over alle leeftijden;Mannen en vrouwen;Borger-Odoorn;2023;23709;21424;1109;350;759;1176;599;577;1681
2878;Totaal over alle leeftijden;Mannen en vrouwen;Borger-Odoorn;2024;23588;21267;1098;348;750;1223;623;600;1681
2879;Totaal over alle leeftijden;Mannen en vrouwen;Borger-Odoorn;2025;23462;21082;1100;346;754;1280;644;636;1681
2880;Totaal over alle leeftijden;Mannen en vrouwen;Borne;2008;20833;18408;1418;475;943;1007;650;357;147
2881;Totaal over alle leeftijden;Mannen en vrouwen;Borne;2009;20967;18443;1455;507;948;1069;668;401;147
2882;Totaal over alle leeftijden;Mannen en vrouwen;Borne;2010;21087;18489;1467;519;948;1131;703;428;147
2883;Totaal over alle leeftijden;Mannen en vrouwen;Borne;2011;21227;18542;1474;518;956;1211;757;454;147
2884;Totaal over alle leeftijden;Mannen en vrouwen;Borne;2012;21284;18529;1483;526;957;1272;784;488;147
2885;Totaal over alle leeftijden;Mannen en vrouwen;Borne;2013;21302;18483;1503;535;968;1316;790;526;147
2886;Totaal over alle leeftijden;Mannen en vrouwen;Borne;2014;21311;18435;1510;556;954;1366;818;548;147
2887;Totaal over alle leeftijden;Mannen en vrouwen;Borne;2015;21261;18372;1500;558;942;1389;841;548;147
2888;Totaal over alle leeftijden;Mannen en vrouwen;Borne;2016;21271;18333;1501;563;938;1437;863;574;147
2889;Totaal over alle leeftijden;Mannen en vrouwen;Borne;2017;21357;18370;1519;584;935;1468;873;595;147
2890;Totaal over alle leeftijden;Mannen en vrouwen;Borne;2018;21297;18235;1550;591;959;1512;907;605;147
2891;Totaal over alle leeftijden;Mannen en vrouwen;Borne;2019;21392;18254;1560;599;961;1578;947;631;147
2892;Totaal over alle leeftijden;Mannen en vrouwen;Borne;2020;21465;18226;1602;620;982;1637;971;666;147
2893;Totaal over alle leeftijden;Mannen en vrouwen;Borne;2021;21513;18205;1624;636;988;1684;998;686;147
2894;Totaal over alle leeftijden;Mannen en vrouwen;Borne;2022;21644;18274;1637;655;982;1733;1011;722;147
2895;Totaal over alle leeftijden;Mannen en vrouwen;Borne;2023;21655;18257;1634;658;976;1764;1028;736;147
2896;Totaal over alle leeftijden;Mannen en vrouwen;Borne;2024;21658;18202;1647;683;964;1809;1050;759;147
2897;Totaal over alle leeftijden;Mannen en vrouwen;Borne;2025;21763;18261;1676;707;969;1826;1081;745;147
2898;Totaal over alle leeftijden;Mannen en vrouwen;Borsele;2008;22404;20734;1227;472;755;443;241;202;654
2899;Totaal over alle leeftijden;Mannen en vrouwen;Borsele;2009;22449;20694;1260;481;779;495;273;222;654
2900;Totaal over alle leeftijden;Mannen en vrouwen;Borsele;2010;22476;20647;1287;479;808;542;295;247;654
2901;Totaal over alle leeftijden;Mannen en vrouwen;Borsele;2011;22451;20514;1354;502;852;583;313;270;654
2902;Totaal over alle leeftijden;Mannen en vrouwen;Borsele;2012;22470;20434;1392;524;868;644;325;319;654
2903;Totaal over alle leeftijden;Mannen en vrouwen;Borsele;2013;22442;20325;1415;542;873;702;345;357;654
2904;Totaal over alle leeftijden;Mannen en vrouwen;Borsele;2014;22364;20182;1456;566;890;726;363;363;654
2905;Totaal over alle leeftijden;Mannen en vrouwen;Borsele;2015;22342;20117;1468;582;886;757;366;391;654
2906;Totaal over alle leeftijden;Mannen en vrouwen;Borsele;2016;22362;20056;1501;600;901;805;396;409;654
2907;Totaal over alle leeftijden;Mannen en vrouwen;Borsele;2017;22420;20049;1539;623;916;832;405;427;654
2908;Totaal over alle leeftijden;Mannen en vrouwen;Borsele;2018;22371;19958;1539;615;924;874;429;445;654
2909;Totaal over alle leeftijden;Mannen en vrouwen;Borsele;2019;22335;19861;1572;637;935;902;446;456;654
2910;Totaal over alle leeftijden;Mannen en vrouwen;Borsele;2020;22325;19777;1604;656;948;944;472;472;654
2911;Totaal over alle leeftijden;Mannen en vrouwen;Borsele;2021;22288;19642;1640;676;964;1006;493;513;654
2912;Totaal over alle leeftijden;Mannen en vrouwen;Borsele;2022;22282;19569;1635;674;961;1078;535;543;654
2913;Totaal over alle leeftijden;Mannen en vrouwen;Borsele;2023;22287;19524;1658;681;977;1105;555;550;654
2914;Totaal over alle leeftijden;Mannen en vrouwen;Borsele;2024;22256;19479;1672;675;997;1105;548;557;654
2915;Totaal over alle leeftijden;Mannen en vrouwen;Borsele;2025;22279;19438;1702;683;1019;1139;570;569;654
2916;Totaal over alle leeftijden;Mannen en vrouwen;Boskoop;2008;15154;13198;827;332;495;1129;627;502;499
2917;Totaal over alle leeftijden;Mannen en vrouwen;Boskoop;2009;15127;13137;840;335;505;1150;636;514;499
2918;Totaal over alle leeftijden;Mannen en vrouwen;Boskoop;2010;15091;13110;837;324;513;1144;627;517;499
2919;Totaal over alle leeftijden;Mannen en vrouwen;Boskoop;2011;15194;13131;862;331;531;1201;633;568;499
2920;Totaal over alle leeftijden;Mannen en vrouwen;Boskoop;2012;15273;13175;884;339;545;1214;623;591;499
2921;Totaal over alle leeftijden;Mannen en vrouwen;Boskoop;2013;15304;13170;888;337;551;1246;625;621;499
2922;Totaal over alle leeftijden;Mannen en vrouwen;Boskoop;2014;15344;13162;902;352;550;1280;635;645;499
2923;Totaal over alle leeftijden;Mannen en vrouwen;Boskoop;2015;15279;13062;922;363;559;1295;636;659;499
2924;Totaal over alle leeftijden;Mannen en vrouwen;Boskoop;2016;15352;13096;941;381;560;1315;645;670;499
2925;Totaal over alle leeftijden;Mannen en vrouwen;Boskoop;2017;15454;13145;958;384;574;1351;635;716;499
2926;Totaal over alle leeftijden;Mannen en vrouwen;Boskoop;2018;15474;13108;982;398;584;1384;671;713;499
2927;Totaal over alle leeftijden;Mannen en vrouwen;Boskoop;2019;15503;13092;1008;421;587;1403;698;705;499
2928;Totaal over alle leeftijden;Mannen en vrouwen;Boskoop;2020;15584;13122;1018;426;592;1444;704;740;499
2929;Totaal over alle leeftijden;Mannen en vrouwen;Boskoop;2021;15603;13092;1030;445;585;1481;723;758;499
2930;Totaal over alle leeftijden;Mannen en vrouwen;Boskoop;2022;15697;13131;1031;451;580;1535;747;788;499
2931;Totaal over alle leeftijden;Mannen en vrouwen;Boskoop;2023;15807;13190;1052;466;586;1565;754;811;499
2932;Totaal over alle leeftijden;Mannen en vrouwen;Boskoop;2024;15854;13185;1056;465;591;1613;790;823;499
2933;Totaal over alle leeftijden;Mannen en vrouwen;Boskoop;2025;15935;13228;1063;473;590;1644;804;840;499
2934;Totaal over alle leeftijden;Mannen en vrouwen;Boxmeer;2008;28400;25392;2021;741;1280;987;604;383;756
2935;Totaal over alle leeftijden;Mannen en vrouwen;Boxmeer;2009;28138;25086;2023;744;1279;1029;628;401;756
2936;Totaal over alle leeftijden;Mannen en vrouwen;Boxmeer;2010;27932;24880;1999;728;1271;1053;623;430;756
2937;Totaal over alle leeftijden;Mannen en vrouwen;Boxmeer;2011;27753;24669;1979;716;1263;1105;638;467;756
2938;Totaal over alle leeftijden;Mannen en vrouwen;Boxmeer;2012;27640;24518;1985;727;1258;1137;654;483;756
2939;Totaal over alle leeftijden;Mannen en vrouwen;Boxmeer;2013;27503;24324;1998;735;1263;1181;678;503;756
2940;Totaal over alle leeftijden;Mannen en vrouwen;Boxmeer;2014;27415;24205;1994;735;1259;1216;698;518;756
2941;Totaal over alle leeftijden;Mannen en vrouwen;Boxmeer;2015;27281;24070;1973;723;1250;1238;705;533;756
2942;Totaal over alle leeftijden;Mannen en vrouwen;Boxmeer;2016;27273;23982;1992;720;1272;1299;735;564;756
2943;Totaal over alle leeftijden;Mannen en vrouwen;Boxmeer;2017;27244;23917;1993;712;1281;1334;753;581;756
2944;Totaal over alle leeftijden;Mannen en vrouwen;Boxmeer;2018;27186;23806;1996;719;1277;1384;780;604;756
2945;Totaal over alle leeftijden;Mannen en vrouwen;Boxmeer;2019;27157;23691;2020;736;1284;1446;806;640;756
2946;Totaal over alle leeftijden;Mannen en vrouwen;Boxmeer;2020;27152;23634;2031;750;1281;1487;816;671;756
2947;Totaal over alle leeftijden;Mannen en vrouwen;Boxmeer;2021;27079;23492;2013;748;1265;1574;860;714;756
2948;Totaal over alle leeftijden;Mannen en vrouwen;Boxmeer;2022;26956;23367;1990;724;1266;1599;886;713;756
2949;Totaal over alle leeftijden;Mannen en vrouwen;Boxmeer;2023;26911;23271;2000;723;1277;1640;900;740;756
2950;Totaal over alle leeftijden;Mannen en vrouwen;Boxmeer;2024;26865;23210;1995;737;1258;1660;904;756;756
2951;Totaal over alle leeftijden;Mannen en vrouwen;Boxmeer;2025;26892;23165;2017;750;1267;1710;931;779;756
2952;Totaal over alle leeftijden;Mannen en vrouwen;Boxtel;2008;29771;26038;1766;685;1081;1967;1087;880;757
2953;Totaal over alle leeftijden;Mannen en vrouwen;Boxtel;2009;29698;25954;1792;715;1077;1952;1095;857;757
2954;Totaal over alle leeftijden;Mannen en vrouwen;Boxtel;2010;29610;25840;1815;727;1088;1955;1092;863;757
2955;Totaal over alle leeftijden;Mannen en vrouwen;Boxtel;2011;29633;25812;1820;729;1091;2001;1121;880;757
2956;Totaal over alle leeftijden;Mannen en vrouwen;Boxtel;2012;29640;25760;1846;733;1113;2034;1132;902;757
2957;Totaal over alle leeftijden;Mannen en vrouwen;Boxtel;2013;29602;25692;1852;736;1116;2058;1133;925;757
2958;Totaal over alle leeftijden;Mannen en vrouwen;Boxtel;2014;29605;25655;1865;745;1120;2085;1149;936;757
2959;Totaal over alle leeftijden;Mannen en vrouwen;Boxtel;2015;29627;25606;1896;783;1113;2125;1156;969;757
2960;Totaal over alle leeftijden;Mannen en vrouwen;Boxtel;2016;29651;25573;1894;771;1123;2184;1179;1005;757
2961;Totaal over alle leeftijden;Mannen en vrouwen;Boxtel;2017;29712;25591;1903;776;1127;2218;1208;1010;757
2962;Totaal over alle leeftijden;Mannen en vrouwen;Boxtel;2018;29738;25586;1911;777;1134;2241;1207;1034;757
2963;Totaal over alle leeftijden;Mannen en vrouwen;Boxtel;2019;29808;25559;1943;800;1143;2306;1245;1061;757
2964;Totaal over alle leeftijden;Mannen en vrouwen;Boxtel;2020;29817;25544;1932;799;1133;2341;1250;1091;757
2965;Totaal over alle leeftijden;Mannen en vrouwen;Boxtel;2021;29760;25444;1941;810;1131;2375;1242;1133;757
2966;Totaal over alle leeftijden;Mannen en vrouwen;Boxtel;2022;29745;25379;1954;824;1130;2412;1261;1151;757
2967;Totaal over alle leeftijden;Mannen en vrouwen;Boxtel;2023;29833;25391;1951;831;1120;2491;1278;1213;757
2968;Totaal over alle leeftijden;Mannen en vrouwen;Boxtel;2024;29842;25374;1967;838;1129;2501;1291;1210;757
2969;Totaal over alle leeftijden;Mannen en vrouwen;Boxtel;2025;29902;25381;1947;827;1120;2574;1318;1256;757
2970;Totaal over alle leeftijden;Mannen en vrouwen;Breda;2008;171982;136770;17195;6518;10677;18017;9875;8142;758
2971;Totaal over alle leeftijden;Mannen en vrouwen;Breda;2009;172705;137034;17288;6607;10681;18383;9963;8420;758
2972;Totaal over alle leeftijden;Mannen en vrouwen;Breda;2010;173467;137296;17434;6721;10713;18737;10114;8623;758
2973;Totaal over alle leeftijden;Mannen en vrouwen;Breda;2011;174449;137721;17591;6842;10749;19137;10180;8957;758
2974;Totaal over alle leeftijden;Mannen en vrouwen;Breda;2012;175529;138207;17816;6967;10849;19506;10227;9279;758
2975;Totaal over alle leeftijden;Mannen en vrouwen;Breda;2013;176479;138578;18036;7105;10931;19865;10289;9576;758
2976;Totaal over alle leeftijden;Mannen en vrouwen;Breda;2014;177429;138988;18224;7240;10984;20217;10348;9869;758
2977;Totaal over alle leeftijden;Mannen en vrouwen;Breda;2015;178550;139500;18365;7285;11080;20685;10537;10148;758
2978;Totaal over alle leeftijden;Mannen en vrouwen;Breda;2016;179587;140001;18499;7397;11102;21087;10647;10440;758
2979;Totaal over alle leeftijden;Mannen en vrouwen;Breda;2017;180449;140321;18687;7497;11190;21441;10728;10713;758
2980;Totaal over alle leeftijden;Mannen en vrouwen;Breda;2018;181395;140638;18928;7640;11288;21829;10838;10991;758
2981;Totaal over alle leeftijden;Mannen en vrouwen;Breda;2019;182435;141119;19128;7768;11360;22188;10951;11237;758
2982;Totaal over alle leeftijden;Mannen en vrouwen;Breda;2020;183302;141522;19299;7910;11389;22481;11050;11431;758
2983;Totaal over alle leeftijden;Mannen en vrouwen;Breda;2021;184113;141935;19440;7977;11463;22738;11156;11582;758
2984;Totaal over alle leeftijden;Mannen en vrouwen;Breda;2022;184761;142189;19598;8070;11528;22974;11235;11739;758
2985;Totaal over alle leeftijden;Mannen en vrouwen;Breda;2023;185679;142663;19769;8238;11531;23247;11343;11904;758
2986;Totaal over alle leeftijden;Mannen en vrouwen;Breda;2024;186027;142671;19921;8340;11581;23435;11424;12011;758
2987;Totaal over alle leeftijden;Mannen en vrouwen;Breda;2025;186587;142818;20110;8463;11647;23659;11513;12146;758
2988;Totaal over alle leeftijden;Mannen en vrouwen;Breukelen;2008;14396;12636;1146;411;735;614;344;270;311
2989;Totaal over alle leeftijden;Mannen en vrouwen;Breukelen;2009;14347;12547;1154;409;745;646;356;290;311
2990;Totaal over alle leeftijden;Mannen en vrouwen;Breukelen;2010;14372;12537;1174;409;765;661;360;301;311
2991;Totaal over alle leeftijden;Mannen en vrouwen;Breukelen;2011;14325;12445;1173;408;765;707;383;324;311
2992;Totaal over alle leeftijden;Mannen en vrouwen;Breukelen;2012;14267;12351;1170;410;760;746;410;336;311
2993;Totaal over alle leeftijden;Mannen en vrouwen;Breukelen;2013;14281;12313;1187;425;762;781;406;375;311
2994;Totaal over alle leeftijden;Mannen en vrouwen;Breukelen;2014;14253;12226;1213;441;772;814;415;399;311
2995;Totaal over alle leeftijden;Mannen en vrouwen;Breukelen;2015;14177;12103;1219;449;770;855;435;420;311
2996;Totaal over alle leeftijden;Mannen en vrouwen;Breukelen;2016;14158;12045;1218;462;756;895;445;450;311
2997;Totaal over alle leeftijden;Mannen en vrouwen;Breukelen;2017;14092;11964;1224;480;744;904;457;447;311
2998;Totaal over alle leeftijden;Mannen en vrouwen;Breukelen;2018;14155;11997;1233;485;748;925;453;472;311
2999;Totaal over alle leeftijden;Mannen en vrouwen;Breukelen;2019;14121;11937;1251;501;750;933;448;485;311
3000;Totaal over alle leeftijden;Mannen en vrouwen;Breukelen;2020;14110;11916;1259;509;750;935;451;484;311
3001;Totaal over alle leeftijden;Mannen en vrouwen;Breukelen;2021;14089;11867;1262;511;751;960;466;494;311
3002;Totaal over alle leeftijden;Mannen en vrouwen;Breukelen;2022;14012;11768;1251;499;752;993;476;517;311
3003;Totaal over alle leeftijden;Mannen en vrouwen;Breukelen;2023;13925;11647;1261;508;753;1017;487;530;311
3004;Totaal over alle leeftijden;Mannen en vrouwen;Breukelen;2024;13876;11602;1255;498;757;1019;486;533;311
3005;Totaal over alle leeftijden;Mannen en vrouwen;Breukelen;2025;13912;11596;1274;526;748;1042;494;548;311
3006;Totaal over alle leeftijden;Mannen en vrouwen;Brielle;2008;16026;14136;1247;464;783;643;313;330;501
3007;Totaal over alle leeftijden;Mannen en vrouwen;Brielle;2009;15948;14030;1242;473;769;676;321;355;501
3008;Totaal over alle leeftijden;Mannen en vrouwen;Brielle;2010;15904;13950;1233;458;775;721;344;377;501
3009;Totaal over alle leeftijden;Mannen en vrouwen;Brielle;2011;15881;13907;1218;448;770;756;366;390;501
3010;Totaal over alle leeftijden;Mannen en vrouwen;Brielle;2012;15930;13910;1221;448;773;799;384;415;501
3011;Totaal over alle leeftijden;Mannen en vrouwen;Brielle;2013;15960;13891;1228;459;769;841;393;448;501
3012;Totaal over alle leeftijden;Mannen en vrouwen;Brielle;2014;16057;13906;1246;467;779;905;416;489;501
3013;Totaal over alle leeftijden;Mannen en vrouwen;Brielle;2015;16110;13893;1258;477;781;959;434;525;501
3014;Totaal over alle leeftijden;Mannen en vrouwen;Brielle;2016;16102;13875;1252;475;777;975;454;521;501
3015;Totaal over alle leeftijden;Mannen en vrouwen;Brielle;2017;16069;13813;1241;460;781;1015;475;540;501
3016;Totaal over alle leeftijden;Mannen en vrouwen;Brielle;2018;16098;13788;1259;468;791;1051;478;573;501
3017;Totaal over alle leeftijden;Mannen en vrouwen;Brielle;2019;16082;13730;1257;468;789;1095;502;593;501
3018;Totaal over alle leeftijden;Mannen en vrouwen;Brielle;2020;16089;13701;1246;462;784;1142;525;617;501
3019;Totaal over alle leeftijden;Mannen en vrouwen;Brielle;2021;16126;13693;1257;469;788;1176;544;632;501
3020;Totaal over alle leeftijden;Mannen en vrouwen;Brielle;2022;16051;13635;1247;476;771;1169;543;626;501
3021;Totaal over alle leeftijden;Mannen en vrouwen;Brielle;2023;16048;13582;1259;477;782;1207;554;653;501
3022;Totaal over alle leeftijden;Mannen en vrouwen;Brielle;2024;16115;13586;1252;472;780;1277;580;697;501
3023;Totaal over alle leeftijden;Mannen en vrouwen;Brielle;2025;16080;13512;1265;479;786;1303;581;722;501
3024;Totaal over alle leeftijden;Mannen en vrouwen;Bronckhorst;2008;37514;35303;1541;495;1046;670;388;282;1876
3025;Totaal over alle leeftijden;Mannen en vrouwen;Bronckhorst;2009;37275;34973;1572;511;1061;730;419;311;1876
3026;Totaal over alle leeftijden;Mannen en vrouwen;Bronckhorst;2010;37000;34599;1594;513;1081;807;456;351;1876
3027;Totaal over alle leeftijden;Mannen en vrouwen;Bronckhorst;2011;36753;34252;1616;517;1099;885;493;392;1876
3028;Totaal over alle leeftijden;Mannen en vrouwen;Bronckhorst;2012;36528;33943;1625;528;1097;960;527;433;1876
3029;Totaal over alle leeftijden;Mannen en vrouwen;Bronckhorst;2013;36265;33592;1650;538;1112;1023;555;468;1876
3030;Totaal over alle leeftijden;Mannen en vrouwen;Bronckhorst;2014;36136;33343;1689;554;1135;1104;587;517;1876
3031;Totaal over alle leeftijden;Mannen en vrouwen;Bronckhorst;2015;35889;33049;1673;547;1126;1167;611;556;1876
3032;Totaal over alle leeftijden;Mannen en vrouwen;Bronckhorst;2016;35796;32852;1709;557;1152;1235;640;595;1876
3033;Totaal over alle leeftijden;Mannen en vrouwen;Bronckhorst;2017;35580;32496;1764;578;1186;1320;690;630;1876
3034;Totaal over alle leeftijden;Mannen en vrouwen;Bronckhorst;2018;35486;32286;1784;597;1187;1416;722;694;1876
3035;Totaal over alle leeftijden;Mannen en vrouwen;Bronckhorst;2019;35376;32103;1791;599;1192;1482;742;740;1876
3036;Totaal over alle leeftijden;Mannen en vrouwen;Bronckhorst;2020;35268;31933;1812;613;1199;1523;752;771;1876
3037;Totaal over alle leeftijden;Mannen en vrouwen;Bronckhorst;2021;35247;31844;1822;605;1217;1581;785;796;1876
3038;Totaal over alle leeftijden;Mannen en vrouwen;Bronckhorst;2022;35148;31657;1841;609;1232;1650;829;821;1876
3039;Totaal over alle leeftijden;Mannen en vrouwen;Bronckhorst;2023;35152;31561;1866;621;1245;1725;866;859;1876
3040;Totaal over alle leeftijden;Mannen en vrouwen;Bronckhorst;2024;34944;31279;1882;612;1270;1783;877;906;1876
3041;Totaal over alle leeftijden;Mannen en vrouwen;Bronckhorst;2025;34912;31134;1933;633;1300;1845;904;941;1876
3042;Totaal over alle leeftijden;Mannen en vrouwen;Brummen;2008;21093;18761;1263;394;869;1069;591;478;213
3043;Totaal over alle leeftijden;Mannen en vrouwen;Brummen;2009;21052;18708;1261;391;870;1083;618;465;213
3044;Totaal over alle leeftijden;Mannen en vrouwen;Brummen;2010;21094;18717;1255;392;863;1122;634;488;213
3045;Totaal over alle leeftijden;Mannen en vrouwen;Brummen;2011;21021;18612;1268;406;862;1141;643;498;213
3046;Totaal over alle leeftijden;Mannen en vrouwen;Brummen;2012;20927;18500;1259;398;861;1168;649;519;213
3047;Totaal over alle leeftijden;Mannen en vrouwen;Brummen;2013;20846;18400;1263;400;863;1183;660;523;213
3048;Totaal over alle leeftijden;Mannen en vrouwen;Brummen;2014;20790;18331;1256;406;850;1203;670;533;213
3049;Totaal over alle leeftijden;Mannen en vrouwen;Brummen;2015;20651;18164;1266;412;854;1221;675;546;213
3050;Totaal over alle leeftijden;Mannen en vrouwen;Brummen;2016;20541;18039;1247;405;842;1255;694;561;213
3051;Totaal over alle leeftijden;Mannen en vrouwen;Brummen;2017;20382;17883;1233;396;837;1266;697;569;213
3052;Totaal over alle leeftijden;Mannen en vrouwen;Brummen;2018;20240;17721;1222;388;834;1297;712;585;213
3053;Totaal over alle leeftijden;Mannen en vrouwen;Brummen;2019;20154;17619;1219;387;832;1316;719;597;213
3054;Totaal over alle leeftijden;Mannen en vrouwen;Brummen;2020;20031;17461;1233;405;828;1337;724;613;213
3055;Totaal over alle leeftijden;Mannen en vrouwen;Brummen;2021;19915;17338;1237;396;841;1340;728;612;213
3056;Totaal over alle leeftijden;Mannen en vrouwen;Brummen;2022;19956;17357;1230;395;835;1369;731;638;213
3057;Totaal over alle leeftijden;Mannen en vrouwen;Brummen;2023;19900;17289;1229;398;831;1382;735;647;213
3058;Totaal over alle leeftijden;Mannen en vrouwen;Brummen;2024;19866;17254;1213;401;812;1399;747;652;213
3059;Totaal over alle leeftijden;Mannen en vrouwen;Brummen;2025;19805;17187;1212;405;807;1406;758;648;213
3060;Totaal over alle leeftijden;Mannen en vrouwen;Brunssum;2008;29738;22524;5965;1486;4479;1249;682;567;899
3061;Totaal over alle leeftijden;Mannen en vrouwen;Brunssum;2009;29707;22473;5879;1500;4379;1355;752;603;899
3062;Totaal over alle leeftijden;Mannen en vrouwen;Brunssum;2010;29775;22576;5790;1497;4293;1409;787;622;899
3063;Totaal over alle leeftijden;Mannen en vrouwen;Brunssum;2011;29889;22711;5713;1521;4192;1465;813;652;899
3064;Totaal over alle leeftijden;Mannen en vrouwen;Brunssum;2012;29950;22804;5612;1529;4083;1534;834;700;899
3065;Totaal over alle leeftijden;Mannen en vrouwen;Brunssum;2013;29928;22782;5540;1526;4014;1606;867;739;899
3066;Totaal over alle leeftijden;Mannen en vrouwen;Brunssum;2014;30107;22988;5448;1542;3906;1671;899;772;899
3067;Totaal over alle leeftijden;Mannen en vrouwen;Brunssum;2015;30170;23012;5398;1559;3839;1760;934;826;899
3068;Totaal over alle leeftijden;Mannen en vrouwen;Brunssum;2016;30246;23094;5360;1574;3786;1792;958;834;899
3069;Totaal over alle leeftijden;Mannen en vrouwen;Brunssum;2017;30322;23173;5265;1578;3687;1884;988;896;899
3070;Totaal over alle leeftijden;Mannen en vrouwen;Brunssum;2018;30379;23254;5192;1594;3598;1933;1011;922;899
3071;Totaal over alle leeftijden;Mannen en vrouwen;Brunssum;2019;30459;23340;5117;1590;3527;2002;1046;956;899
3072;Totaal over alle leeftijden;Mannen en vrouwen;Brunssum;2020;30557;23453;5042;1623;3419;2062;1073;989;899
3073;Totaal over alle leeftijden;Mannen en vrouwen;Brunssum;2021;30632;23535;4996;1646;3350;2101;1110;991;899
3074;Totaal over alle leeftijden;Mannen en vrouwen;Brunssum;2022;30758;23671;4938;1644;3294;2149;1123;1026;899
3075;Totaal over alle leeftijden;Mannen en vrouwen;Brunssum;2023;30904;23752;4925;1678;3247;2227;1149;1078;899
3076;Totaal over alle leeftijden;Mannen en vrouwen;Brunssum;2024;30917;23791;4847;1678;3169;2279;1154;1125;899
3077;Totaal over alle leeftijden;Mannen en vrouwen;Brunssum;2025;31060;23946;4789;1701;3088;2325;1184;1141;899
3078;Totaal over alle leeftijden;Mannen en vrouwen;Bunnik;2008;14175;12639;993;311;682;543;302;241;312
3079;Totaal over alle leeftijden;Mannen en vrouwen;Bunnik;2009;14130;12550;992;303;689;588;334;254;312
3080;Totaal over alle leeftijden;Mannen en vrouwen;Bunnik;2010;14112;12471;1010;316;694;631;354;277;312
3081;Totaal over alle leeftijden;Mannen en vrouwen;Bunnik;2011;14090;12403;1022;317;705;665;379;286;312
3082;Totaal over alle leeftijden;Mannen en vrouwen;Bunnik;2012;14060;12313;1048;342;706;699;401;298;312
3083;Totaal over alle leeftijden;Mannen en vrouwen;Bunnik;2013;14021;12230;1043;336;707;748;427;321;312
3084;Totaal over alle leeftijden;Mannen en vrouwen;Bunnik;2014;13966;12146;1035;337;698;785;444;341;312
3085;Totaal over alle leeftijden;Mannen en vrouwen;Bunnik;2015;13906;12070;1046;352;694;790;441;349;312
3086;Totaal over alle leeftijden;Mannen en vrouwen;Bunnik;2016;13877;11990;1056;364;692;831;455;376;312
3087;Totaal over alle leeftijden;Mannen en vrouwen;Bunnik;2017;13831;11903;1067;375;692;861;466;395;312
3088;Totaal over alle leeftijden;Mannen en vrouwen;Bunnik;2018;13797;11837;1071;375;696;889;477;412;312
3089;Totaal over alle leeftijden;Mannen en vrouwen;Bunnik;2019;13792;11778;1088;385;703;926;499;427;312
3090;Totaal over alle leeftijden;Mannen en vrouwen;Bunnik;2020;13786;11745;1079;391;688;962;512;450;312
3091;Totaal over alle leeftijden;Mannen en vrouwen;Bunnik;2021;13740;11698;1103;414;689;939;515;424;312
3092;Totaal over alle leeftijden;Mannen en vrouwen;Bunnik;2022;13730;11668;1109;423;686;953;528;425;312
3093;Totaal over alle leeftijden;Mannen en vrouwen;Bunnik;2023;13731;11632;1118;440;678;981;544;437;312
3094;Totaal over alle leeftijden;Mannen en vrouwen;Bunnik;2024;13677;11558;1107;437;670;1012;558;454;312
3095;Totaal over alle leeftijden;Mannen en vrouwen;Bunnik;2025;13676;11530;1121;440;681;1025;564;461;312
3096;Totaal over alle leeftijden;Mannen en vrouwen;Bunschoten;2008;19331;17855;633;258;375;843;474;369;313
3097;Totaal over alle leeftijden;Mannen en vrouwen;Bunschoten;2009;19314;17780;655;268;387;879;480;399;313
3098;Totaal over alle leeftijden;Mannen en vrouwen;Bunschoten;2010;19303;17685;699;289;410;919;493;426;313
3099;Totaal over alle leeftijden;Mannen en vrouwen;Bunschoten;2011;19399;17681;747;313;434;971;525;446;313
3100;Totaal over alle leeftijden;Mannen en vrouwen;Bunschoten;2012;19376;17573;799;326;473;1004;533;471;313
3101;Totaal over alle leeftijden;Mannen en vrouwen;Bunschoten;2013;19438;17527;828;329;499;1083;583;500;313
3102;Totaal over alle leeftijden;Mannen en vrouwen;Bunschoten;2014;19420;17428;853;354;499;1139;591;548;313
3103;Totaal over alle leeftijden;Mannen en vrouwen;Bunschoten;2015;19485;17380;902;372;530;1203;631;572;313
3104;Totaal over alle leeftijden;Mannen en vrouwen;Bunschoten;2016;19512;17357;920;385;535;1235;637;598;313
3105;Totaal over alle leeftijden;Mannen en vrouwen;Bunschoten;2017;19501;17312;923;386;537;1266;648;618;313
3106;Totaal over alle leeftijden;Mannen en vrouwen;Bunschoten;2018;19494;17276;928;394;534;1290;657;633;313
3107;Totaal over alle leeftijden;Mannen en vrouwen;Bunschoten;2019;19552;17280;939;397;542;1333;662;671;313
3108;Totaal over alle leeftijden;Mannen en vrouwen;Bunschoten;2020;19585;17255;966;403;563;1364;678;686;313
3109;Totaal over alle leeftijden;Mannen en vrouwen;Bunschoten;2021;19663;17255;995;422;573;1413;695;718;313
3110;Totaal over alle leeftijden;Mannen en vrouwen;Bunschoten;2022;19688;17231;1025;435;590;1432;707;725;313
3111;Totaal over alle leeftijden;Mannen en vrouwen;Bunschoten;2023;19719;17199;1063;444;619;1457;715;742;313
3112;Totaal over alle leeftijden;Mannen en vrouwen;Bunschoten;2024;19848;17274;1079;450;629;1495;719;776;313
3113;Totaal over alle leeftijden;Mannen en vrouwen;Bunschoten;2025;19894;17247;1116;472;644;1531;733;798;313
3114;Totaal over alle leeftijden;Mannen en vrouwen;Buren;2008;25532;23855;1189;373;816;488;278;210;214
3115;Totaal over alle leeftijden;Mannen en vrouwen;Buren;2009;25449;23711;1183;366;817;555;311;244;214
3116;Totaal over alle leeftijden;Mannen en vrouwen;Buren;2010;25404;23564;1187;371;816;653;352;301;214
3117;Totaal over alle leeftijden;Mannen en vrouwen;Buren;2011;25343;23405;1219;365;854;719;387;332;214
3118;Totaal over alle leeftijden;Mannen en vrouwen;Buren;2012;25286;23273;1243;377;866;770;413;357;214
3119;Totaal over alle leeftijden;Mannen en vrouwen;Buren;2013;25203;23129;1257;387;870;817;430;387;214
3120;Totaal over alle leeftijden;Mannen en vrouwen;Buren;2014;25120;23011;1244;380;864;865;445;420;214
3121;Totaal over alle leeftijden;Mannen en vrouwen;Buren;2015;25030;22853;1262;381;881;915;465;450;214
3122;Totaal over alle leeftijden;Mannen en vrouwen;Buren;2016;24868;22635;1268;390;878;965;477;488;214
3123;Totaal over alle leeftijden;Mannen en vrouwen;Buren;2017;24781;22495;1295;398;897;991;479;512;214
3124;Totaal over alle leeftijden;Mannen en vrouwen;Buren;2018;24729;22387;1313;411;902;1029;488;541;214
3125;Totaal over alle leeftijden;Mannen en vrouwen;Buren;2019;24590;22200;1312;408;904;1078;514;564;214
3126;Totaal over alle leeftijden;Mannen en vrouwen;Buren;2020;24529;22095;1319;427;892;1115;530;585;214
3127;Totaal over alle leeftijden;Mannen en vrouwen;Buren;2021;24351;21859;1328;436;892;1164;548;616;214
3128;Totaal over alle leeftijden;Mannen en vrouwen;Buren;2022;24174;21619;1339;442;897;1216;587;629;214
3129;Totaal over alle leeftijden;Mannen en vrouwen;Buren;2023;24119;21513;1350;454;896;1256;602;654;214
3130;Totaal over alle leeftijden;Mannen en vrouwen;Buren;2024;23935;21290;1331;432;899;1314;630;684;214
3131;Totaal over alle leeftijden;Mannen en vrouwen;Buren;2025;23818;21111;1357;446;911;1350;648;702;214
3132;Totaal over alle leeftijden;Mannen en vrouwen;Bussum;2008;31735;25762;3728;1406;2322;2245;1161;1084;381
3133;Totaal over alle leeftijden;Mannen en vrouwen;Bussum;2009;31811;25752;3747;1431;2316;2312;1182;1130;381
3134;Totaal over alle leeftijden;Mannen en vrouwen;Bussum;2010;31894;25809;3733;1440;2293;2352;1207;1145;381
3135;Totaal over alle leeftijden;Mannen en vrouwen;Bussum;2011;31995;25801;3756;1437;2319;2438;1221;1217;381
3136;Totaal over alle leeftijden;Mannen en vrouwen;Bussum;2012;31958;25710;3774;1457;2317;2474;1239;1235;381
3137;Totaal over alle leeftijden;Mannen en vrouwen;Bussum;2013;31959;25688;3777;1473;2304;2494;1258;1236;381
3138;Totaal over alle leeftijden;Mannen en vrouwen;Bussum;2014;32008;25676;3822;1507;2315;2510;1273;1237;381
3139;Totaal over alle leeftijden;Mannen en vrouwen;Bussum;2015;31942;25591;3785;1506;2279;2566;1315;1251;381
3140;Totaal over alle leeftijden;Mannen en vrouwen;Bussum;2016;31865;25498;3802;1511;2291;2565;1305;1260;381
3141;Totaal over alle leeftijden;Mannen en vrouwen;Bussum;2017;31928;25444;3857;1528;2329;2627;1312;1315;381
3142;Totaal over alle leeftijden;Mannen en vrouwen;Bussum;2018;31872;25345;3876;1541;2335;2651;1333;1318;381
3143;Totaal over alle leeftijden;Mannen en vrouwen;Bussum;2019;31863;25330;3848;1556;2292;2685;1367;1318;381
3144;Totaal over alle leeftijden;Mannen en vrouwen;Bussum;2020;31788;25250;3795;1535;2260;2743;1398;1345;381
3145;Totaal over alle leeftijden;Mannen en vrouwen;Bussum;2021;31878;25244;3853;1579;2274;2781;1393;1388;381
3146;Totaal over alle leeftijden;Mannen en vrouwen;Bussum;2022;31915;25190;3921;1604;2317;2804;1388;1416;381
3147;Totaal over alle leeftijden;Mannen en vrouwen;Bussum;2023;31905;25164;3923;1626;2297;2818;1404;1414;381
3148;Totaal over alle leeftijden;Mannen en vrouwen;Bussum;2024;31835;25076;3941;1653;2288;2818;1388;1430;381
3149;Totaal over alle leeftijden;Mannen en vrouwen;Bussum;2025;31777;24972;3987;1699;2288;2818;1392;1426;381
3150;Totaal over alle leeftijden;Mannen en vrouwen;Capelle aan den IJssel;2008;65787;47454;6849;2988;3861;11484;6600;4884;502
3151;Totaal over alle leeftijden;Mannen en vrouwen;Capelle aan den IJssel;2009;65739;47240;6795;2950;3845;11704;6630;5074;502
3152;Totaal over alle leeftijden;Mannen en vrouwen;Capelle aan den IJssel;2010;66046;47288;6834;2972;3862;11924;6661;5263;502
3153;Totaal over alle leeftijden;Mannen en vrouwen;Capelle aan den IJssel;2011;66247;47281;6831;2998;3833;12135;6667;5468;502
3154;Totaal over alle leeftijden;Mannen en vrouwen;Capelle aan den IJssel;2012;66383;47201;6848;2989;3859;12334;6654;5680;502
3155;Totaal over alle leeftijden;Mannen en vrouwen;Capelle aan den IJssel;2013;66482;47117;6892;3010;3882;12473;6628;5845;502
3156;Totaal over alle leeftijden;Mannen en vrouwen;Capelle aan den IJssel;2014;66365;46881;6873;3000;3873;12611;6600;6011;502
3157;Totaal over alle leeftijden;Mannen en vrouwen;Capelle aan den IJssel;2015;66545;46877;6918;3043;3875;12750;6598;6152;502
3158;Totaal over alle leeftijden;Mannen en vrouwen;Capelle aan den IJssel;2016;66574;46760;6925;3062;3863;12889;6590;6299;502
3159;Totaal over alle leeftijden;Mannen en vrouwen;Capelle aan den IJssel;2017;66515;46595;6932;3054;3878;12988;6549;6439;502
3160;Totaal over alle leeftijden;Mannen en vrouwen;Capelle aan den IJssel;2018;66632;46602;6968;3083;3885;13062;6508;6554;502
3161;Totaal over alle leeftijden;Mannen en vrouwen;Capelle aan den IJssel;2019;66620;46449;7044;3154;3890;13127;6463;6664;502
3162;Totaal over alle leeftijden;Mannen en vrouwen;Capelle aan den IJssel;2020;66822;46474;7091;3155;3936;13257;6465;6792;502
3163;Totaal over alle leeftijden;Mannen en vrouwen;Capelle aan den IJssel;2021;66759;46313;7135;3152;3983;13311;6441;6870;502
3164;Totaal over alle leeftijden;Mannen en vrouwen;Capelle aan den IJssel;2022;66906;46249;7216;3189;4027;13441;6460;6981;502
3165;Totaal over alle leeftijden;Mannen en vrouwen;Capelle aan den IJssel;2023;67013;46247;7223;3218;4005;13543;6403;7140;502
3166;Totaal over alle leeftijden;Mannen en vrouwen;Capelle aan den IJssel;2024;67124;46241;7250;3239;4011;13633;6393;7240;502
3167;Totaal over alle leeftijden;Mannen en vrouwen;Capelle aan den IJssel;2025;67073;46050;7285;3241;4044;13738;6364;7374;502
3168;Totaal over alle leeftijden;Mannen en vrouwen;Castricum;2008;34571;31237;2228;746;1482;1106;580;526;383
3169;Totaal over alle leeftijden;Mannen en vrouwen;Castricum;2009;34388;30948;2241;752;1489;1199;619;580;383
3170;Totaal over alle leeftijden;Mannen en vrouwen;Castricum;2010;34293;30764;2256;778;1478;1273;653;620;383
3171;Totaal over alle leeftijden;Mannen en vrouwen;Castricum;2011;34100;30510;2262;791;1471;1328;689;639;383
3172;Totaal over alle leeftijden;Mannen en vrouwen;Castricum;2012;34060;30374;2282;806;1476;1404;721;683;383
3173;Totaal over alle leeftijden;Mannen en vrouwen;Castricum;2013;33940;30169;2295;812;1483;1476;752;724;383
3174;Totaal over alle leeftijden;Mannen en vrouwen;Castricum;2014;33728;29877;2274;815;1459;1577;802;775;383
3175;Totaal over alle leeftijden;Mannen en vrouwen;Castricum;2015;33582;29622;2275;837;1438;1685;849;836;383
3176;Totaal over alle leeftijden;Mannen en vrouwen;Castricum;2016;33542;29475;2321;870;1451;1746;892;854;383
3177;Totaal over alle leeftijden;Mannen en vrouwen;Castricum;2017;33395;29276;2310;866;1444;1809;904;905;383
3178;Totaal over alle leeftijden;Mannen en vrouwen;Castricum;2018;33365;29115;2325;866;1459;1925;951;974;383
3179;Totaal over alle leeftijden;Mannen en vrouwen;Castricum;2019;33273;28960;2313;889;1424;2000;995;1005;383
3180;Totaal over alle leeftijden;Mannen en vrouwen;Castricum;2020;33288;28833;2352;905;1447;2103;1033;1070;383
3181;Totaal over alle leeftijden;Mannen en vrouwen;Castricum;2021;33244;28672;2395;925;1470;2177;1078;1099;383
3182;Totaal over alle leeftijden;Mannen en vrouwen;Castricum;2022;33332;28634;2440;966;1474;2258;1114;1144;383
3183;Totaal over alle leeftijden;Mannen en vrouwen;Castricum;2023;33408;28590;2473;985;1488;2345;1165;1180;383
3184;Totaal over alle leeftijden;Mannen en vrouwen;Castricum;2024;33414;28541;2492;995;1497;2381;1186;1195;383
3185;Totaal over alle leeftijden;Mannen en vrouwen;Castricum;2025;33452;28445;2503;996;1507;2504;1228;1276;383
3186;Totaal over alle leeftijden;Mannen en vrouwen;Coevorden;2008;35984;33147;1841;638;1203;996;625;371;109
3187;Totaal over alle leeftijden;Mannen en vrouwen;Coevorden;2009;35870;32975;1833;634;1199;1062;669;393;109
3188;Totaal over alle leeftijden;Mannen en vrouwen;Coevorden;2010;35761;32777;1846;644;1202;1138;699;439;109
3189;Totaal over alle leeftijden;Mannen en vrouwen;Coevorden;2011;35626;32612;1834;631;1203;1180;706;474;109
3190;Totaal over alle leeftijden;Mannen en vrouwen;Coevorden;2012;35445;32428;1802;608;1194;1215;722;493;109
3191;Totaal over alle leeftijden;Mannen en vrouwen;Coevorden;2013;35252;32187;1810;609;1201;1255;734;521;109
3192;Totaal over alle leeftijden;Mannen en vrouwen;Coevorden;2014;35106;32000;1783;596;1187;1323;761;562;109
3193;Totaal over alle leeftijden;Mannen en vrouwen;Coevorden;2015;34944;31800;1793;604;1189;1351;774;577;109
3194;Totaal over alle leeftijden;Mannen en vrouwen;Coevorden;2016;34832;31647;1778;596;1182;1407;800;607;109
3195;Totaal over alle leeftijden;Mannen en vrouwen;Coevorden;2017;34868;31590;1804;607;1197;1474;822;652;109
3196;Totaal over alle leeftijden;Mannen en vrouwen;Coevorden;2018;34716;31393;1814;621;1193;1509;828;681;109
3197;Totaal over alle leeftijden;Mannen en vrouwen;Coevorden;2019;34632;31282;1805;618;1187;1545;845;700;109
3198;Totaal over alle leeftijden;Mannen en vrouwen;Coevorden;2020;34599;31171;1818;630;1188;1610;884;726;109
3199;Totaal over alle leeftijden;Mannen en vrouwen;Coevorden;2021;34584;31104;1786;626;1160;1694;915;779;109
3200;Totaal over alle leeftijden;Mannen en vrouwen;Coevorden;2022;34512;30956;1793;645;1148;1763;957;806;109
3201;Totaal over alle leeftijden;Mannen en vrouwen;Coevorden;2023;34487;30873;1802;657;1145;1812;991;821;109
3202;Totaal over alle leeftijden;Mannen en vrouwen;Coevorden;2024;34467;30825;1783;653;1130;1859;1004;855;109
3203;Totaal over alle leeftijden;Mannen en vrouwen;Coevorden;2025;34454;30761;1773;646;1127;1920;1020;900;109
3204;Totaal over alle leeftijden;Mannen en vrouwen;Cranendonck;2008;19866;17013;2246;748;1498;607;331;276;1706
3205;Totaal over alle leeftijden;Mannen en vrouwen;Cranendonck;2009;19706;16868;2205;733;1472;633;353;280;1706
3206;Totaal over alle leeftijden;Mannen en vrouwen;Cranendonck;2010;19548;16729;2140;717;1423;679;376;303;1706
3207;Totaal over alle leeftijden;Mannen en vrouwen;Cranendonck;2011;19433;16613;2102;703;1399;718;403;315;1706
3208;Totaal over alle leeftijden;Mannen en vrouwen;Cranendonck;2012;19381;16539;2103;706;1397;739;413;326;1706
3209;Totaal over alle leeftijden;Mannen en vrouwen;Cranendonck;2013;19290;16444;2070;696;1374;776;426;350;1706
3210;Totaal over alle leeftijden;Mannen en vrouwen;Cranendonck;2014;19245;16380;2025;682;1343;840;469;371;1706
3211;Totaal over alle leeftijden;Mannen en vrouwen;Cranendonck;2015;19185;16329;1982;667;1315;874;488;386;1706
3212;Totaal over alle leeftijden;Mannen en vrouwen;Cranendonck;2016;19139;16250;1978;668;1310;911;517;394;1706
3213;Totaal over alle leeftijden;Mannen en vrouwen;Cranendonck;2017;19049;16136;1967;676;1291;946;529;417;1706
3214;Totaal over alle leeftijden;Mannen en vrouwen;Cranendonck;2018;19064;16100;1963;674;1289;1001;581;420;1706
3215;Totaal over alle leeftijden;Mannen en vrouwen;Cranendonck;2019;19077;16066;1951;675;1276;1060;605;455;1706
3216;Totaal over alle leeftijden;Mannen en vrouwen;Cranendonck;2020;19029;15985;1940;690;1250;1104;626;478;1706
3217;Totaal over alle leeftijden;Mannen en vrouwen;Cranendonck;2021;18949;15881;1913;690;1223;1155;655;500;1706
3218;Totaal over alle leeftijden;Mannen en vrouwen;Cranendonck;2022;18918;15791;1902;699;1203;1225;704;521;1706
3219;Totaal over alle leeftijden;Mannen en vrouwen;Cranendonck;2023;18909;15752;1883;685;1198;1274;705;569;1706
3220;Totaal over alle leeftijden;Mannen en vrouwen;Cranendonck;2024;18884;15685;1880;690;1190;1319;719;600;1706
3221;Totaal over alle leeftijden;Mannen en vrouwen;Cranendonck;2025;18888;15625;1895;697;1198;1368;749;619;1706
3222;Totaal over alle leeftijden;Mannen en vrouwen;Cromstrijen;2008;12989;12026;629;218;411;334;190;144;611
3223;Totaal over alle leeftijden;Mannen en vrouwen;Cromstrijen;2009;12982;11981;640;223;417;361;199;162;611
3224;Totaal over alle leeftijden;Mannen en vrouwen;Cromstrijen;2010;12888;11854;645;223;422;389;200;189;611
3225;Totaal over alle leeftijden;Mannen en vrouwen;Cromstrijen;2011;12845;11766;654;222;432;425;209;216;611
3226;Totaal over alle leeftijden;Mannen en vrouwen;Cromstrijen;2012;12716;11592;652;214;438;472;228;244;611
3227;Totaal over alle leeftijden;Mannen en vrouwen;Cromstrijen;2013;12700;11531;676;224;452;493;238;255;611
3228;Totaal over alle leeftijden;Mannen en vrouwen;Cromstrijen;2014;12626;11417;704;234;470;505;236;269;611
3229;Totaal over alle leeftijden;Mannen en vrouwen;Cromstrijen;2015;12530;11270;712;236;476;548;254;294;611
3230;Totaal over alle leeftijden;Mannen en vrouwen;Cromstrijen;2016;12486;11195;724;243;481;567;268;299;611
3231;Totaal over alle leeftijden;Mannen en vrouwen;Cromstrijen;2017;12373;11061;719;249;470;593;285;308;611
3232;Totaal over alle leeftijden;Mannen en vrouwen;Cromstrijen;2018;12311;10971;727;262;465;613;291;322;611
3233;Totaal over alle leeftijden;Mannen en vrouwen;Cromstrijen;2019;12230;10870;734;260;474;626;290;336;611
3234;Totaal over alle leeftijden;Mannen en vrouwen;Cromstrijen;2020;12207;10813;745;270;475;649;307;342;611
3235;Totaal over alle leeftijden;Mannen en vrouwen;Cromstrijen;2021;12097;10700;753;271;482;644;290;354;611
3236;Totaal over alle leeftijden;Mannen en vrouwen;Cromstrijen;2022;12030;10605;765;273;492;660;305;355;611
3237;Totaal over alle leeftijden;Mannen en vrouwen;Cromstrijen;2023;11992;10529;783;291;492;680;308;372;611
3238;Totaal over alle leeftijden;Mannen en vrouwen;Cromstrijen;2024;11924;10437;789;299;490;698;306;392;611
3239;Totaal over alle leeftijden;Mannen en vrouwen;Cromstrijen;2025;11867;10371;784;293;491;712;313;399;611
3240;Totaal over alle leeftijden;Mannen en vrouwen;Cuijk;2008;24187;19855;2261;849;1412;2071;1147;924;1684
3241;Totaal over alle leeftijden;Mannen en vrouwen;Cuijk;2009;24258;19955;2189;803;1386;2114;1172;942;1684
3242;Totaal over alle leeftijden;Mannen en vrouwen;Cuijk;2010;24306;19987;2175;791;1384;2144;1189;955;1684
3243;Totaal over alle leeftijden;Mannen en vrouwen;Cuijk;2011;24267;19996;2133;773;1360;2138;1196;942;1684
3244;Totaal over alle leeftijden;Mannen en vrouwen;Cuijk;2012;24226;19922;2124;779;1345;2180;1213;967;1684
3245;Totaal over alle leeftijden;Mannen en vrouwen;Cuijk;2013;24242;19904;2126;783;1343;2212;1241;971;1684
3246;Totaal over alle leeftijden;Mannen en vrouwen;Cuijk;2014;24232;19846;2139;799;1340;2247;1280;967;1684
3247;Totaal over alle leeftijden;Mannen en vrouwen;Cuijk;2015;24260;19866;2101;780;1321;2293;1304;989;1684
3248;Totaal over alle leeftijden;Mannen en vrouwen;Cuijk;2016;24252;19826;2088;779;1309;2338;1323;1015;1684
3249;Totaal over alle leeftijden;Mannen en vrouwen;Cuijk;2017;24208;19798;2059;765;1294;2351;1357;994;1684
3250;Totaal over alle leeftijden;Mannen en vrouwen;Cuijk;2018;24234;19778;2044;752;1292;2412;1372;1040;1684
3251;Totaal over alle leeftijden;Mannen en vrouwen;Cuijk;2019;24201;19757;2027;747;1280;2417;1368;1049;1684
3252;Totaal over alle leeftijden;Mannen en vrouwen;Cuijk;2020;24158;19718;2000;732;1268;2440;1396;1044;1684
3253;Totaal over alle leeftijden;Mannen en vrouwen;Cuijk;2021;24112;19663;1987;729;1258;2462;1422;1040;1684
3254;Totaal over alle leeftijden;Mannen en vrouwen;Cuijk;2022;24099;19586;2001;749;1252;2512;1447;1065;1684
3255;Totaal over alle leeftijden;Mannen en vrouwen;Cuijk;2023;24079;19536;1994;754;1240;2549;1489;1060;1684
3256;Totaal over alle leeftijden;Mannen en vrouwen;Cuijk;2024;24006;19405;1995;760;1235;2606;1518;1088;1684
3257;Totaal over alle leeftijden;Mannen en vrouwen;Cuijk;2025;24006;19374;1975;747;1228;2657;1538;1119;1684
3258;Totaal over alle leeftijden;Mannen en vrouwen;Culemborg;2008;27337;21869;2224;735;1489;3244;1726;1518;216
3259;Totaal over alle leeftijden;Mannen en vrouwen;Culemborg;2009;27530;22070;2230;742;1488;3230;1698;1532;216
3260;Totaal over alle leeftijden;Mannen en vrouwen;Culemborg;2010;27568;22175;2199;735;1464;3194;1682;1512;216
3261;Totaal over alle leeftijden;Mannen en vrouwen;Culemborg;2011;27680;22332;2173;730;1443;3175;1670;1505;216
3262;Totaal over alle leeftijden;Mannen en vrouwen;Culemborg;2012;27731;22350;2171;746;1425;3210;1694;1516;216
3263;Totaal over alle leeftijden;Mannen en vrouwen;Culemborg;2013;27702;22373;2166;740;1426;3163;1680;1483;216
3264;Totaal over alle leeftijden;Mannen en vrouwen;Culemborg;2014;27696;22382;2174;756;1418;3140;1666;1474;216
3265;Totaal over alle leeftijden;Mannen en vrouwen;Culemborg;2015;27650;22354;2179;754;1425;3117;1662;1455;216
3266;Totaal over alle leeftijden;Mannen en vrouwen;Culemborg;2016;27704;22422;2166;759;1407;3116;1650;1466;216
3267;Totaal over alle leeftijden;Mannen en vrouwen;Culemborg;2017;27633;22397;2125;749;1376;3111;1648;1463;216
3268;Totaal over alle leeftijden;Mannen en vrouwen;Culemborg;2018;27518;22331;2112;755;1357;3075;1620;1455;216
3269;Totaal over alle leeftijden;Mannen en vrouwen;Culemborg;2019;27465;22310;2112;754;1358;3043;1604;1439;216
3270;Totaal over alle leeftijden;Mannen en vrouwen;Culemborg;2020;27412;22270;2114;751;1363;3028;1586;1442;216
3271;Totaal over alle leeftijden;Mannen en vrouwen;Culemborg;2021;27389;22252;2116;744;1372;3021;1589;1432;216
3272;Totaal over alle leeftijden;Mannen en vrouwen;Culemborg;2022;27349;22191;2134;749;1385;3024;1584;1440;216
3273;Totaal over alle leeftijden;Mannen en vrouwen;Culemborg;2023;27309;22187;2124;740;1384;2998;1574;1424;216
3274;Totaal over alle leeftijden;Mannen en vrouwen;Culemborg;2024;27206;22091;2122;745;1377;2993;1594;1399;216
3275;Totaal over alle leeftijden;Mannen en vrouwen;Culemborg;2025;27188;22085;2131;758;1373;2972;1578;1394;216
3276;Totaal over alle leeftijden;Mannen en vrouwen;Dalfsen;2008;26813;25659;698;217;481;456;273;183;148
3277;Totaal over alle leeftijden;Mannen en vrouwen;Dalfsen;2009;26857;25621;705;223;482;531;319;212;148
3278;Totaal over alle leeftijden;Mannen en vrouwen;Dalfsen;2010;26930;25606;730;221;509;594;355;239;148
3279;Totaal over alle leeftijden;Mannen en vrouwen;Dalfsen;2011;26944;25530;746;233;513;668;388;280;148
3280;Totaal over alle leeftijden;Mannen en vrouwen;Dalfsen;2012;27016;25528;764;234;530;724;410;314;148
3281;Totaal over alle leeftijden;Mannen en vrouwen;Dalfsen;2013;27032;25474;782;238;544;776;429;347;148
3282;Totaal over alle leeftijden;Mannen en vrouwen;Dalfsen;2014;27030;25401;790;241;549;839;463;376;148
3283;Totaal over alle leeftijden;Mannen en vrouwen;Dalfsen;2015;27107;25410;811;249;562;886;474;412;148
3284;Totaal over alle leeftijden;Mannen en vrouwen;Dalfsen;2016;27177;25405;830;248;582;942;501;441;148
3285;Totaal over alle leeftijden;Mannen en vrouwen;Dalfsen;2017;27177;25343;823;248;575;1011;550;461;148
3286;Totaal over alle leeftijden;Mannen en vrouwen;Dalfsen;2018;27122;25234;850;251;599;1038;553;485;148
3287;Totaal over alle leeftijden;Mannen en vrouwen;Dalfsen;2019;27162;25205;860;261;599;1097;578;519;148
3288;Totaal over alle leeftijden;Mannen en vrouwen;Dalfsen;2020;27189;25179;874;268;606;1136;592;544;148
3289;Totaal over alle leeftijden;Mannen en vrouwen;Dalfsen;2021;27193;25090;897;273;624;1206;622;584;148
3290;Totaal over alle leeftijden;Mannen en vrouwen;Dalfsen;2022;27185;25033;900;280;620;1252;634;618;148
3291;Totaal over alle leeftijden;Mannen en vrouwen;Dalfsen;2023;27168;24957;920;277;643;1291;625;666;148
3292;Totaal over alle leeftijden;Mannen en vrouwen;Dalfsen;2024;27130;24858;938;289;649;1334;641;693;148
3293;Totaal over alle leeftijden;Mannen en vrouwen;Dalfsen;2025;27127;24811;948;292;656;1368;667;701;148
3294;Totaal over alle leeftijden;Mannen en vrouwen;Dantumadeel;2008;19081;18396;429;139;290;256;149;107;65
3295;Totaal over alle leeftijden;Mannen en vrouwen;Dantumadeel;2009;18902;18168;444;146;298;290;175;115;65
3296;Totaal over alle leeftijden;Mannen en vrouwen;Dantumadeel;2010;18734;17965;454;150;304;315;192;123;65
3297;Totaal over alle leeftijden;Mannen en vrouwen;Dantumadeel;2011;18566;17773;450;146;304;343;205;138;65
3298;Totaal over alle leeftijden;Mannen en vrouwen;Dantumadeel;2012;18373;17553;457;138;319;363;211;152;65
3299;Totaal over alle leeftijden;Mannen en vrouwen;Dantumadeel;2013;18181;17329;458;140;318;394;223;171;65
3300;Totaal over alle leeftijden;Mannen en vrouwen;Dantumadeel;2014;17981;17094;468;143;325;419;244;175;65
3301;Totaal over alle leeftijden;Mannen en vrouwen;Dantumadeel;2015;17794;16868;500;166;334;426;241;185;65
3302;Totaal over alle leeftijden;Mannen en vrouwen;Dantumadeel;2016;17745;16758;519;169;350;468;269;199;65
3303;Totaal over alle leeftijden;Mannen en vrouwen;Dantumadeel;2017;17673;16668;513;157;356;492;289;203;65
3304;Totaal over alle leeftijden;Mannen en vrouwen;Dantumadeel;2018;17480;16432;525;160;365;523;306;217;65
3305;Totaal over alle leeftijden;Mannen en vrouwen;Dantumadeel;2019;17353;16310;517;174;343;526;301;225;65
3306;Totaal over alle leeftijden;Mannen en vrouwen;Dantumadeel;2020;17193;16143;508;175;333;542;305;237;65
3307;Totaal over alle leeftijden;Mannen en vrouwen;Dantumadeel;2021;17046;15961;520;179;341;565;319;246;65
3308;Totaal over alle leeftijden;Mannen en vrouwen;Dantumadeel;2022;16981;15868;519;185;334;594;335;259;65
3309;Totaal over alle leeftijden;Mannen en vrouwen;Dantumadeel;2023;16908;15755;533;183;350;620;337;283;65
3310;Totaal over alle leeftijden;Mannen en vrouwen;Dantumadeel;2024;16769;15593;540;183;357;636;335;301;65
3311;Totaal over alle leeftijden;Mannen en vrouwen;Dantumadeel;2025;16673;15470;538;184;354;665;336;329;65
3312;Totaal over alle leeftijden;Mannen en vrouwen;Delft;2008;96269;69365;11384;5869;5515;15520;10022;5498;503
3313;Totaal over alle leeftijden;Mannen en vrouwen;Delft;2009;97005;69751;11647;6002;5645;15607;9846;5761;503
3314;Totaal over alle leeftijden;Mannen en vrouwen;Delft;2010;97742;70059;11960;6202;5758;15723;9696;6027;503
3315;Totaal over alle leeftijden;Mannen en vrouwen;Delft;2011;98453;70312;12292;6403;5889;15849;9608;6241;503
3316;Totaal over alle leeftijden;Mannen en vrouwen;Delft;2012;98849;70348;12555;6569;5986;15946;9483;6463;503
3317;Totaal over alle leeftijden;Mannen en vrouwen;Delft;2013;99446;70551;12827;6752;6075;16068;9382;6686;503
3318;Totaal over alle leeftijden;Mannen en vrouwen;Delft;2014;100135;70846;13120;6969;6151;16169;9306;6863;503
3319;Totaal over alle leeftijden;Mannen en vrouwen;Delft;2015;100830;71135;13393;7170;6223;16302;9263;7039;503
3320;Totaal over alle leeftijden;Mannen en vrouwen;Delft;2016;101636;71475;13697;7365;6332;16464;9214;7250;503
3321;Totaal over alle leeftijden;Mannen en vrouwen;Delft;2017;102336;71758;14011;7546;6465;16567;9133;7434;503
3322;Totaal over alle leeftijden;Mannen en vrouwen;Delft;2018;103013;72085;14295;7735;6560;16633;9069;7564;503
3323;Totaal over alle leeftijden;Mannen en vrouwen;Delft;2019;103656;72300;14603;7931;6672;16753;9069;7684;503
3324;Totaal over alle leeftijden;Mannen en vrouwen;Delft;2020;104330;72624;14833;8102;6731;16873;9033;7840;503
3325;Totaal over alle leeftijden;Mannen en vrouwen;Delft;2021;105097;72969;15109;8262;6847;17019;9044;7975;503
3326;Totaal over alle leeftijden;Mannen en vrouwen;Delft;2022;105842;73270;15386;8402;6984;17186;9061;8125;503
3327;Totaal over alle leeftijden;Mannen en vrouwen;Delft;2023;106587;73618;15649;8575;7074;17320;9092;8228;503
3328;Totaal over alle leeftijden;Mannen en vrouwen;Delft;2024;107277;73865;15917;8751;7166;17495;9172;8323;503
3329;Totaal over alle leeftijden;Mannen en vrouwen;Delft;2025;108001;74111;16270;8981;7289;17620;9187;8433;503
3330;Totaal over alle leeftijden;Mannen en vrouwen;Delfzijl;2008;27216;22719;2154;920;1234;2343;1497;846;10
3331;Totaal over alle leeftijden;Mannen en vrouwen;Delfzijl;2009;26898;22450;2143;902;1241;2305;1452;853;10
3332;Totaal over alle leeftijden;Mannen en vrouwen;Delfzijl;2010;26522;22097;2134;903;1231;2291;1439;852;10
3333;Totaal over alle leeftijden;Mannen en vrouwen;Delfzijl;2011;26197;21802;2138;913;1225;2257;1410;847;10
3334;Totaal over alle leeftijden;Mannen en vrouwen;Delfzijl;2012;25927;21555;2125;907;1218;2247;1411;836;10
3335;Totaal over alle leeftijden;Mannen en vrouwen;Delfzijl;2013;25595;21264;2073;876;1197;2258;1387;871;10
3336;Totaal over alle leeftijden;Mannen en vrouwen;Delfzijl;2014;25414;21056;2079;891;1188;2279;1380;899;10
3337;Totaal over alle leeftijden;Mannen en vrouwen;Delfzijl;2015;25151;20817;2064;891;1173;2270;1384;886;10
3338;Totaal over alle leeftijden;Mannen en vrouwen;Delfzijl;2016;24888;20546;2049;886;1163;2293;1382;911;10
3339;Totaal over alle leeftijden;Mannen en vrouwen;Delfzijl;2017;24597;20259;2027;866;1161;2311;1391;920;10
3340;Totaal over alle leeftijden;Mannen en vrouwen;Delfzijl;2018;24388;20028;2048;884;1164;2312;1384;928;10
3341;Totaal over alle leeftijden;Mannen en vrouwen;Delfzijl;2019;24176;19791;2057;885;1172;2328;1403;925;10
3342;Totaal over alle leeftijden;Mannen en vrouwen;Delfzijl;2020;23913;19550;2040;879;1161;2323;1403;920;10
3343;Totaal over alle leeftijden;Mannen en vrouwen;Delfzijl;2021;23628;19238;2034;878;1156;2356;1406;950;10
3344;Totaal over alle leeftijden;Mannen en vrouwen;Delfzijl;2022;23416;19012;2017;879;1138;2387;1421;966;10
3345;Totaal over alle leeftijden;Mannen en vrouwen;Delfzijl;2023;23204;18812;1993;870;1123;2399;1428;971;10
3346;Totaal over alle leeftijden;Mannen en vrouwen;Delfzijl;2024;22997;18623;1980;871;1109;2394;1425;969;10
3347;Totaal over alle leeftijden;Mannen en vrouwen;Delfzijl;2025;22817;18455;1962;857;1105;2400;1434;966;10
3348;Totaal over alle leeftijden;Mannen en vrouwen;Deurne;2008;30855;28511;1421;521;900;923;522;401;762
3349;Totaal over alle leeftijden;Mannen en vrouwen;Deurne;2009;30479;28080;1414;524;890;985;555;430;762
3350;Totaal over alle leeftijden;Mannen en vrouwen;Deurne;2010;30212;27723;1429;534;895;1060;603;457;762
3351;Totaal over alle leeftijden;Mannen en vrouwen;Deurne;2011;30084;27477;1455;555;900;1152;634;518;762
3352;Totaal over alle leeftijden;Mannen en vrouwen;Deurne;2012;29975;27239;1508;590;918;1228;669;559;762
3353;Totaal over alle leeftijden;Mannen en vrouwen;Deurne;2013;29833;27025;1493;574;919;1315;718;597;762
3354;Totaal over alle leeftijden;Mannen en vrouwen;Deurne;2014;29803;26961;1475;572;903;1367;743;624;762
3355;Totaal over alle leeftijden;Mannen en vrouwen;Deurne;2015;29817;26874;1475;577;898;1468;798;670;762
3356;Totaal over alle leeftijden;Mannen en vrouwen;Deurne;2016;29682;26652;1492;591;901;1538;840;698;762
3357;Totaal over alle leeftijden;Mannen en vrouwen;Deurne;2017;29682;26549;1508;604;904;1625;877;748;762
3358;Totaal over alle leeftijden;Mannen en vrouwen;Deurne;2018;29599;26358;1541;616;925;1700;915;785;762
3359;Totaal over alle leeftijden;Mannen en vrouwen;Deurne;2019;29659;26289;1578;642;936;1792;961;831;762
3360;Totaal over alle leeftijden;Mannen en vrouwen;Deurne;2020;29714;26229;1603;661;942;1882;993;889;762
3361;Totaal over alle leeftijden;Mannen en vrouwen;Deurne;2021;29780;26196;1642;685;957;1942;1028;914;762
3362;Totaal over alle leeftijden;Mannen en vrouwen;Deurne;2022;29817;26116;1648;698;950;2053;1073;980;762
3363;Totaal over alle leeftijden;Mannen en vrouwen;Deurne;2023;29881;26081;1649;682;967;2151;1115;1036;762
3364;Totaal over alle leeftijden;Mannen en vrouwen;Deurne;2024;29939;26048;1676;699;977;2215;1136;1079;762
3365;Totaal over alle leeftijden;Mannen en vrouwen;Deurne;2025;30013;26039;1679;716;963;2295;1154;1141;762
3366;Totaal over alle leeftijden;Mannen en vrouwen;Deventer;2008;98699;78144;8390;3269;5121;12165;7322;4843;150
3367;Totaal over alle leeftijden;Mannen en vrouwen;Deventer;2009;99772;79058;8477;3280;5197;12237;7312;4925;150
3368;Totaal over alle leeftijden;Mannen en vrouwen;Deventer;2010;100973;80016;8552;3313;5239;12405;7345;5060;150
3369;Totaal over alle leeftijden;Mannen en vrouwen;Deventer;2011;101848;80713;8577;3303;5274;12558;7392;5166;150
3370;Totaal over alle leeftijden;Mannen en vrouwen;Deventer;2012;102557;81238;8605;3299;5306;12714;7453;5261;150
3371;Totaal over alle leeftijden;Mannen en vrouwen;Deventer;2013;103430;81840;8681;3343;5338;12909;7540;5369;150
3372;Totaal over alle leeftijden;Mannen en vrouwen;Deventer;2014;104098;82323;8722;3353;5369;13053;7615;5438;150
3373;Totaal over alle leeftijden;Mannen en vrouwen;Deventer;2015;104741;82722;8742;3358;5384;13277;7705;5572;150
3374;Totaal over alle leeftijden;Mannen en vrouwen;Deventer;2016;105451;83239;8786;3364;5422;13426;7764;5662;150
3375;Totaal over alle leeftijden;Mannen en vrouwen;Deventer;2017;106010;83636;8819;3375;5444;13555;7819;5736;150
3376;Totaal over alle leeftijden;Mannen en vrouwen;Deventer;2018;106582;84038;8870;3448;5422;13674;7866;5808;150
3377;Totaal over alle leeftijden;Mannen en vrouwen;Deventer;2019;107006;84300;8882;3462;5420;13824;7941;5883;150
3378;Totaal over alle leeftijden;Mannen en vrouwen;Deventer;2020;107411;84543;8885;3461;5424;13983;8025;5958;150
3379;Totaal over alle leeftijden;Mannen en vrouwen;Deventer;2021;107810;84735;8918;3474;5444;14157;8096;6061;150
3380;Totaal over alle leeftijden;Mannen en vrouwen;Deventer;2022;108132;84947;8941;3496;5445;14244;8144;6100;150
3381;Totaal over alle leeftijden;Mannen en vrouwen;Deventer;2023;108477;85054;9031;3563;5468;14392;8239;6153;150
3382;Totaal over alle leeftijden;Mannen en vrouwen;Deventer;2024;108687;85109;9061;3601;5460;14517;8319;6198;150
3383;Totaal over alle leeftijden;Mannen en vrouwen;Deventer;2025;108711;84960;9077;3609;5468;14674;8416;6258;150
3384;Totaal over alle leeftijden;Mannen en vrouwen;Diemen;2008;24077;15739;2749;1275;1474;5589;3291;2298;384
3385;Totaal over alle leeftijden;Mannen en vrouwen;Diemen;2009;24042;15644;2768;1286;1482;5630;3318;2312;384
3386;Totaal over alle leeftijden;Mannen en vrouwen;Diemen;2010;24028;15579;2803;1308;1495;5646;3312;2334;384
3387;Totaal over alle leeftijden;Mannen en vrouwen;Diemen;2011;24047;15540;2838;1343;1495;5669;3316;2353;384
3388;Totaal over alle leeftijden;Mannen en vrouwen;Diemen;2012;24111;15505;2890;1385;1505;5716;3330;2386;384
3389;Totaal over alle leeftijden;Mannen en vrouwen;Diemen;2013;24180;15525;2934;1412;1522;5721;3295;2426;384
3390;Totaal over alle leeftijden;Mannen en vrouwen;Diemen;2014;24223;15496;2971;1463;1508;5756;3315;2441;384
3391;Totaal over alle leeftijden;Mannen en vrouwen;Diemen;2015;24296;15471;3033;1494;1539;5792;3329;2463;384
3392;Totaal over alle leeftijden;Mannen en vrouwen;Diemen;2016;24297;15422;3088;1529;1559;5787;3307;2480;384
3393;Totaal over alle leeftijden;Mannen en vrouwen;Diemen;2017;24417;15449;3120;1551;1569;5848;3310;2538;384
3394;Totaal over alle leeftijden;Mannen en vrouwen;Diemen;2018;24581;15516;3160;1580;1580;5905;3320;2585;384
3395;Totaal over alle leeftijden;Mannen en vrouwen;Diemen;2019;24684;15572;3199;1618;1581;5913;3335;2578;384
3396;Totaal over alle leeftijden;Mannen en vrouwen;Diemen;2020;24821;15601;3262;1651;1611;5958;3354;2604;384
3397;Totaal over alle leeftijden;Mannen en vrouwen;Diemen;2021;24843;15662;3287;1660;1627;5894;3317;2577;384
3398;Totaal over alle leeftijden;Mannen en vrouwen;Diemen;2022;24861;15614;3328;1691;1637;5919;3316;2603;384
3399;Totaal over alle leeftijden;Mannen en vrouwen;Diemen;2023;24950;15574;3393;1737;1656;5983;3347;2636;384
3400;Totaal over alle leeftijden;Mannen en vrouwen;Diemen;2024;25037;15612;3450;1777;1673;5975;3322;2653;384
3401;Totaal over alle leeftijden;Mannen en vrouwen;Diemen;2025;25089;15600;3480;1804;1676;6009;3317;2692;384
3402;Totaal over alle leeftijden;Mannen en vrouwen;Dinkelland;2008;25536;23494;1620;500;1120;422;261;161;1774
3403;Totaal over alle leeftijden;Mannen en vrouwen;Dinkelland;2009;25244;23143;1625;516;1109;476;287;189;1774
3404;Totaal over alle leeftijden;Mannen en vrouwen;Dinkelland;2010;25061;22900;1627;534;1093;534;313;221;1774
3405;Totaal over alle leeftijden;Mannen en vrouwen;Dinkelland;2011;24859;22626;1647;553;1094;586;333;253;1774
3406;Totaal over alle leeftijden;Mannen en vrouwen;Dinkelland;2012;24755;22451;1658;558;1100;646;357;289;1774
3407;Totaal over alle leeftijden;Mannen en vrouwen;Dinkelland;2013;24626;22208;1686;600;1086;732;388;344;1774
3408;Totaal over alle leeftijden;Mannen en vrouwen;Dinkelland;2014;24445;21998;1666;590;1076;781;422;359;1774
3409;Totaal over alle leeftijden;Mannen en vrouwen;Dinkelland;2015;24236;21743;1683;605;1078;810;430;380;1774
3410;Totaal over alle leeftijden;Mannen en vrouwen;Dinkelland;2016;24087;21509;1712;636;1076;866;456;410;1774
3411;Totaal over alle leeftijden;Mannen en vrouwen;Dinkelland;2017;23913;21272;1727;646;1081;914;474;440;1774
3412;Totaal over alle leeftijden;Mannen en vrouwen;Dinkelland;2018;23715;21001;1737;657;1080;977;502;475;1774
3413;Totaal over alle leeftijden;Mannen en vrouwen;Dinkelland;2019;23484;20705;1736;654;1082;1043;542;501;1774
3414;Totaal over alle leeftijden;Mannen en vrouwen;Dinkelland;2020;23396;20511;1792;686;1106;1093;551;542;1774
3415;Totaal over alle leeftijden;Mannen en vrouwen;Dinkelland;2021;23323;20373;1805;707;1098;1145;567;578;1774
3416;Totaal over alle leeftijden;Mannen en vrouwen;Dinkelland;2022;23291;20253;1811;721;1090;1227;593;634;1774
3417;Totaal over alle leeftijden;Mannen en vrouwen;Dinkelland;2023;23156;20070;1832;741;1091;1254;611;643;1774
3418;Totaal over alle leeftijden;Mannen en vrouwen;Dinkelland;2024;23010;19883;1815;736;1079;1312;641;671;1774
3419;Totaal over alle leeftijden;Mannen en vrouwen;Dinkelland;2025;22958;19755;1855;754;1101;1348;652;696;1774
3420;Totaal over alle leeftijden;Mannen en vrouwen;Dirksland;2008;8244;7852;237;101;136;155;87;68;504
3421;Totaal over alle leeftijden;Mannen en vrouwen;Dirksland;2009;8248;7808;253;107;146;187;106;81;504
3422;Totaal over alle leeftijden;Mannen en vrouwen;Dirksland;2010;8307;7797;270;114;156;240;127;113;504
3423;Totaal over alle leeftijden;Mannen en vrouwen;Dirksland;2011;8284;7728;289;126;163;267;138;129;504
3424;Totaal over alle leeftijden;Mannen en vrouwen;Dirksland;2012;8254;7659;299;130;169;296;156;140;504
3425;Totaal over alle leeftijden;Mannen en vrouwen;Dirksland;2013;8212;7596;299;129;170;317;161;156;504
3426;Totaal over alle leeftijden;Mannen en vrouwen;Dirksland;2014;8265;7588;321;141;180;356;177;179;504
3427;Totaal over alle leeftijden;Mannen en vrouwen;Dirksland;2015;8239;7544;332;143;189;363;181;182;504
3428;Totaal over alle leeftijden;Mannen en vrouwen;Dirksland;2016;8247;7520;348;152;196;379;189;190;504
3429;Totaal over alle leeftijden;Mannen en vrouwen;Dirksland;2017;8222;7472;361;161;200;389;183;206;504
3430;Totaal over alle leeftijden;Mannen en vrouwen;Dirksland;2018;8206;7413;373;171;202;420;196;224;504
3431;Totaal over alle leeftijden;Mannen en vrouwen;Dirksland;2019;8150;7346;378;171;207;426;193;233;504
3432;Totaal over alle leeftijden;Mannen en vrouwen;Dirksland;2020;8182;7346;386;171;215;450;199;251;504
3433;Totaal over alle leeftijden;Mannen en vrouwen;Dirksland;2021;8162;7320;385;173;212;457;211;246;504
3434;Totaal over alle leeftijden;Mannen en vrouwen;Dirksland;2022;8119;7276;388;178;210;455;215;240;504
3435;Totaal over alle leeftijden;Mannen en vrouwen;Dirksland;2023;8152;7273;401;179;222;478;223;255;504
3436;Totaal over alle leeftijden;Mannen en vrouwen;Dirksland;2024;8146;7247;406;175;231;493;227;266;504
3437;Totaal over alle leeftijden;Mannen en vrouwen;Dirksland;2025;8118;7195;410;170;240;513;246;267;504
3438;Totaal over alle leeftijden;Mannen en vrouwen;Doesburg;2008;11636;9489;1079;369;710;1068;608;460;221
3439;Totaal over alle leeftijden;Mannen en vrouwen;Doesburg;2009;11712;9556;1074;358;716;1082;600;482;221
3440;Totaal over alle leeftijden;Mannen en vrouwen;Doesburg;2010;11709;9564;1058;350;708;1087;600;487;221
3441;Totaal over alle leeftijden;Mannen en vrouwen;Doesburg;2011;11694;9589;1041;347;694;1064;579;485;221
3442;Totaal over alle leeftijden;Mannen en vrouwen;Doesburg;2012;11761;9650;1034;351;683;1077;596;481;221
3443;Totaal over alle leeftijden;Mannen en vrouwen;Doesburg;2013;11775;9674;1020;343;677;1081;596;485;221
3444;Totaal over alle leeftijden;Mannen en vrouwen;Doesburg;2014;11776;9684;1012;338;674;1080;595;485;221
3445;Totaal over alle leeftijden;Mannen en vrouwen;Doesburg;2015;11713;9641;995;330;665;1077;591;486;221
3446;Totaal over alle leeftijden;Mannen en vrouwen;Doesburg;2016;11734;9655;976;313;663;1103;611;492;221
3447;Totaal over alle leeftijden;Mannen en vrouwen;Doesburg;2017;11766;9681;971;318;653;1114;614;500;221
3448;Totaal over alle leeftijden;Mannen en vrouwen;Doesburg;2018;11824;9718;966;319;647;1140;613;527;221
3449;Totaal over alle leeftijden;Mannen en vrouwen;Doesburg;2019;11859;9747;980;322;658;1132;616;516;221
3450;Totaal over alle leeftijden;Mannen en vrouwen;Doesburg;2020;11916;9820;945;316;629;1151;617;534;221
3451;Totaal over alle leeftijden;Mannen en vrouwen;Doesburg;2021;11953;9852;940;316;624;1161;615;546;221
3452;Totaal over alle leeftijden;Mannen en vrouwen;Doesburg;2022;11945;9822;945;316;629;1178;615;563;221
3453;Totaal over alle leeftijden;Mannen en vrouwen;Doesburg;2023;11971;9835;951;317;634;1185;615;570;221
3454;Totaal over alle leeftijden;Mannen en vrouwen;Doesburg;2024;12017;9880;948;324;624;1189;611;578;221
3455;Totaal over alle leeftijden;Mannen en vrouwen;Doesburg;2025;12066;9926;930;325;605;1210;619;591;221
3456;Totaal over alle leeftijden;Mannen en vrouwen;Doetinchem;2008;56286;48828;4186;1454;2732;3272;1933;1339;222
3457;Totaal over alle leeftijden;Mannen en vrouwen;Doetinchem;2009;56127;48637;4177;1465;2712;3313;1953;1360;222
3458;Totaal over alle leeftijden;Mannen en vrouwen;Doetinchem;2010;55876;48422;4118;1446;2672;3336;1941;1395;222
3459;Totaal over alle leeftijden;Mannen en vrouwen;Doetinchem;2011;55697;48230;4117;1444;2673;3350;1935;1415;222
3460;Totaal over alle leeftijden;Mannen en vrouwen;Doetinchem;2012;55489;48014;4090;1445;2645;3385;1921;1464;222
3461;Totaal over alle leeftijden;Mannen en vrouwen;Doetinchem;2013;55193;47751;4027;1432;2595;3415;1932;1483;222
3462;Totaal over alle leeftijden;Mannen en vrouwen;Doetinchem;2014;54999;47546;4005;1430;2575;3448;1928;1520;222
3463;Totaal over alle leeftijden;Mannen en vrouwen;Doetinchem;2015;54663;47251;3924;1373;2551;3488;1938;1550;222
3464;Totaal over alle leeftijden;Mannen en vrouwen;Doetinchem;2016;54479;47068;3903;1370;2533;3508;1948;1560;222
3465;Totaal over alle leeftijden;Mannen en vrouwen;Doetinchem;2017;54214;46751;3843;1355;2488;3620;2008;1612;222
3466;Totaal over alle leeftijden;Mannen en vrouwen;Doetinchem;2018;54095;46564;3803;1357;2446;3728;2047;1681;222
3467;Totaal over alle leeftijden;Mannen en vrouwen;Doetinchem;2019;53869;46344;3793;1360;2433;3732;2022;1710;222
3468;Totaal over alle leeftijden;Mannen en vrouwen;Doetinchem;2020;53548;45967;3756;1352;2404;3825;2061;1764;222
3469;Totaal over alle leeftijden;Mannen en vrouwen;Doetinchem;2021;53352;45740;3733;1347;2386;3879;2093;1786;222
3470;Totaal over alle leeftijden;Mannen en vrouwen;Doetinchem;2022;53236;45565;3721;1367;2354;3950;2142;1808;222
3471;Totaal over alle leeftijden;Mannen en vrouwen;Doetinchem;2023;53092;45383;3685;1357;2328;4024;2165;1859;222
3472;Totaal over alle leeftijden;Mannen en vrouwen;Doetinchem;2024;52926;45135;3654;1353;2301;4137;2222;1915;222
3473;Totaal over alle leeftijden;Mannen en vrouwen;Doetinchem;2025;52864;45081;3646;1352;2294;4137;2202;1935;222
3474;Totaal over alle leeftijden;Mannen en vrouwen;Dongen;2008;25550;22216;1581;674;907;1753;1139;614;766
3475;Totaal over alle leeftijden;Mannen en vrouwen;Dongen;2009;25515;22122;1582;681;901;1811;1182;629;766
3476;Totaal over alle leeftijden;Mannen en vrouwen;Dongen;2010;25522;22077;1587;688;899;1858;1212;646;766
3477;Totaal over alle leeftijden;Mannen en vrouwen;Dongen;2011;25519;21964;1623;714;909;1932;1248;684;766
3478;Totaal over alle leeftijden;Mannen en vrouwen;Dongen;2012;25563;21911;1648;727;921;2004;1284;720;766
3479;Totaal over alle leeftijden;Mannen en vrouwen;Dongen;2013;25606;21856;1677;749;928;2073;1310;763;766
3480;Totaal over alle leeftijden;Mannen en vrouwen;Dongen;2014;25634;21802;1706;764;942;2126;1334;792;766
3481;Totaal over alle leeftijden;Mannen en vrouwen;Dongen;2015;25666;21753;1701;761;940;2212;1380;832;766
3482;Totaal over alle leeftijden;Mannen en vrouwen;Dongen;2016;25644;21636;1726;789;937;2282;1418;864;766
3483;Totaal over alle leeftijden;Mannen en vrouwen;Dongen;2017;25707;21639;1718;791;927;2350;1444;906;766
3484;Totaal over alle leeftijden;Mannen en vrouwen;Dongen;2018;25753;21629;1751;826;925;2373;1431;942;766
3485;Totaal over alle leeftijden;Mannen en vrouwen;Dongen;2019;25739;21524;1783;858;925;2432;1481;951;766
3486;Totaal over alle leeftijden;Mannen en vrouwen;Dongen;2020;25763;21476;1808;877;931;2479;1500;979;766
3487;Totaal over alle leeftijden;Mannen en vrouwen;Dongen;2021;25823;21454;1844;903;941;2525;1512;1013;766
3488;Totaal over alle leeftijden;Mannen en vrouwen;Dongen;2022;25808;21391;1881;930;951;2536;1523;1013;766
3489;Totaal over alle leeftijden;Mannen en vrouwen;Dongen;2023;25824;21324;1915;953;962;2585;1533;1052;766
3490;Totaal over alle leeftijden;Mannen en vrouwen;Dongen;2024;25807;21249;1917;965;952;2641;1576;1065;766
3491;Totaal over alle leeftijden;Mannen en vrouwen;Dongen;2025;25849;21214;1919;968;951;2716;1614;1102;766
3492;Totaal over alle leeftijden;Mannen en vrouwen;Dongeradeel;2008;24983;23012;1059;510;549;912;612;300;58
3493;Totaal over alle leeftijden;Mannen en vrouwen;Dongeradeel;2009;24939;22934;1055;490;565;950;624;326;58
3494;Totaal over alle leeftijden;Mannen en vrouwen;Dongeradeel;2010;24936;22883;1064;493;571;989;642;347;58
3495;Totaal over alle leeftijden;Mannen en vrouwen;Dongeradeel;2011;24895;22764;1090;502;588;1041;649;392;58
3496;Totaal over alle leeftijden;Mannen en vrouwen;Dongeradeel;2012;24806;22625;1109;504;605;1072;649;423;58
3497;Totaal over alle leeftijden;Mannen en vrouwen;Dongeradeel;2013;24735;22488;1118;490;628;1129;674;455;58
3498;Totaal over alle leeftijden;Mannen en vrouwen;Dongeradeel;2014;24658;22325;1150;501;649;1183;696;487;58
3499;Totaal over alle leeftijden;Mannen en vrouwen;Dongeradeel;2015;24614;22233;1145;486;659;1236;721;515;58
3500;Totaal over alle leeftijden;Mannen en vrouwen;Dongeradeel;2016;24591;22165;1156;493;663;1270;736;534;58
3501;Totaal over alle leeftijden;Mannen en vrouwen;Dongeradeel;2017;24489;21986;1177;502;675;1326;767;559;58
3502;Totaal over alle leeftijden;Mannen en vrouwen;Dongeradeel;2018;24431;21837;1197;499;698;1397;790;607;58
3503;Totaal over alle leeftijden;Mannen en vrouwen;Dongeradeel;2019;24397;21733;1210;500;710;1454;819;635;58
3504;Totaal over alle leeftijden;Mannen en vrouwen;Dongeradeel;2020;24332;21633;1211;491;720;1488;830;658;58
3505;Totaal over alle leeftijden;Mannen en vrouwen;Dongeradeel;2021;24260;21529;1206;484;722;1525;839;686;58
3506;Totaal over alle leeftijden;Mannen en vrouwen;Dongeradeel;2022;24154;21414;1192;474;718;1548;838;710;58
3507;Totaal over alle leeftijden;Mannen en vrouwen;Dongeradeel;2023;24107;21316;1199;474;725;1592;858;734;58
3508;Totaal over alle leeftijden;Mannen en vrouwen;Dongeradeel;2024;23982;21181;1192;482;710;1609;858;751;58
3509;Totaal over alle leeftijden;Mannen en vrouwen;Dongeradeel;2025;23959;21082;1197;480;717;1680;887;793;58
3510;Totaal over alle leeftijden;Mannen en vrouwen;Dordrecht;2008;118103;86727;11689;4967;6722;19687;11187;8500;505
3511;Totaal over alle leeftijden;Mannen en vrouwen;Dordrecht;2009;118072;86528;11758;4994;6764;19786;11108;8678;505
3512;Totaal over alle leeftijden;Mannen en vrouwen;Dordrecht;2010;118027;86289;11799;5015;6784;19939;11064;8875;505
3513;Totaal over alle leeftijden;Mannen en vrouwen;Dordrecht;2011;118019;86136;11871;5089;6782;20012;11001;9011;505
3514;Totaal over alle leeftijden;Mannen en vrouwen;Dordrecht;2012;118353;86195;11946;5131;6815;20212;11011;9201;505
3515;Totaal over alle leeftijden;Mannen en vrouwen;Dordrecht;2013;118643;86176;12066;5204;6862;20401;11034;9367;505
3516;Totaal over alle leeftijden;Mannen en vrouwen;Dordrecht;2014;118906;86150;12181;5249;6932;20575;11071;9504;505
3517;Totaal over alle leeftijden;Mannen en vrouwen;Dordrecht;2015;119263;86250;12311;5346;6965;20702;11023;9679;505
3518;Totaal over alle leeftijden;Mannen en vrouwen;Dordrecht;2016;119643;86368;12444;5398;7046;20831;10953;9878;505
3519;Totaal over alle leeftijden;Mannen en vrouwen;Dordrecht;2017;119497;86061;12556;5469;7087;20880;10906;9974;505
3520;Totaal over alle leeftijden;Mannen en vrouwen;Dordrecht;2018;119380;85767;12672;5536;7136;20941;10906;10035;505
3521;Totaal over alle leeftijden;Mannen en vrouwen;Dordrecht;2019;119440;85654;12724;5573;7151;21062;10921;10141;505
3522;Totaal over alle leeftijden;Mannen en vrouwen;Dordrecht;2020;119039;85281;12738;5613;7125;21020;10891;10129;505
3523;Totaal over alle leeftijden;Mannen en vrouwen;Dordrecht;2021;118782;84902;12769;5651;7118;21111;10969;10142;505
3524;Totaal over alle leeftijden;Mannen en vrouwen;Dordrecht;2022;118669;84668;12802;5685;7117;21199;11011;10188;505
3525;Totaal over alle leeftijden;Mannen en vrouwen;Dordrecht;2023;118503;84383;12875;5735;7140;21245;11018;10227;505
3526;Totaal over alle leeftijden;Mannen en vrouwen;Dordrecht;2024;118248;84155;12916;5770;7146;21177;10945;10232;505
3527;Totaal over alle leeftijden;Mannen en vrouwen;Dordrecht;2025;118164;83954;12995;5832;7163;21215;10973;10242;505
3528;Totaal over alle leeftijden;Mannen en vrouwen;Drechterland;2008;18783;17389;930;368;562;464;263;201;498
3529;Totaal over alle leeftijden;Mannen en vrouwen;Drechterland;2009;18933;17473;948;366;582;512;292;220;498
3530;Totaal over alle leeftijden;Mannen en vrouwen;Drechterland;2010;18949;17437;961;357;604;551;309;242;498
3531;Totaal over alle leeftijden;Mannen en vrouwen;Drechterland;2011;18973;17432;973;361;612;568;318;250;498
3532;Totaal over alle leeftijden;Mannen en vrouwen;Drechterland;2012;19027;17428;975;362;613;624;337;287;498
3533;Totaal over alle leeftijden;Mannen en vrouwen;Drechterland;2013;19108;17448;977;358;619;683;361;322;498
3534;Totaal over alle leeftijden;Mannen en vrouwen;Drechterland;2014;19164;17441;1008;368;640;715;379;336;498
3535;Totaal over alle leeftijden;Mannen en vrouwen;Drechterland;2015;19218;17430;1028;387;641;760;391;369;498
3536;Totaal over alle leeftijden;Mannen en vrouwen;Drechterland;2016;19189;17361;1042;379;663;786;401;385;498
3537;Totaal over alle leeftijden;Mannen en vrouwen;Drechterland;2017;19264;17388;1049;384;665;827;413;414;498
3538;Totaal over alle leeftijden;Mannen en vrouwen;Drechterland;2018;19308;17384;1062;382;680;862;431;431;498
3539;Totaal over alle leeftijden;Mannen en vrouwen;Drechterland;2019;19355;17395;1045;374;671;915;446;469;498
3540;Totaal over alle leeftijden;Mannen en vrouwen;Drechterland;2020;19436;17421;1069;393;676;946;458;488;498
3541;Totaal over alle leeftijden;Mannen en vrouwen;Drechterland;2021;19523;17458;1102;415;687;963;466;497;498
3542;Totaal over alle leeftijden;Mannen en vrouwen;Drechterland;2022;19622;17507;1105;411;694;1010;478;532;498
3543;Totaal over alle leeftijden;Mannen en vrouwen;Drechterland;2023;19654;17499;1134;410;724;1021;476;545;498
3544;Totaal over alle leeftijden;Mannen en vrouwen;Drechterland;2024;19705;17508;1149;413;736;1048;490;558;498
3545;Totaal over alle leeftijden;Mannen en vrouwen;Drechterland;2025;19822;17556;1173;424;749;1093;500;593;498
3546;Totaal over alle leeftijden;Mannen en vrouwen;Drimmelen;2008;26323;24541;1228;398;830;554;327;227;1719
3547;Totaal over alle leeftijden;Mannen en vrouwen;Drimmelen;2009;26112;24287;1234;407;827;591;342;249;1719
3548;Totaal over alle leeftijden;Mannen en vrouwen;Drimmelen;2010;26050;24130;1270;421;849;650;378;272;1719
3549;Totaal over alle leeftijden;Mannen en vrouwen;Drimmelen;2011;25951;23932;1303;438;865;716;397;319;1719
3550;Totaal over alle leeftijden;Mannen en vrouwen;Drimmelen;2012;25802;23689;1325;441;884;788;426;362;1719
3551;Totaal over alle leeftijden;Mannen en vrouwen;Drimmelen;2013;25635;23448;1361;473;888;826;443;383;1719
3552;Totaal over alle leeftijden;Mannen en vrouwen;Drimmelen;2014;25470;23211;1385;497;888;874;464;410;1719
3553;Totaal over alle leeftijden;Mannen en vrouwen;Drimmelen;2015;25312;22983;1401;505;896;928;494;434;1719
3554;Totaal over alle leeftijden;Mannen en vrouwen;Drimmelen;2016;25242;22856;1407;498;909;979;496;483;1719
3555;Totaal over alle leeftijden;Mannen en vrouwen;Drimmelen;2017;25121;22651;1436;504;932;1034;515;519;1719
3556;Totaal over alle leeftijden;Mannen en vrouwen;Drimmelen;2018;25023;22487;1441;510;931;1095;538;557;1719
3557;Totaal over alle leeftijden;Mannen en vrouwen;Drimmelen;2019;25010;22421;1459;532;927;1130;548;582;1719
3558;Totaal over alle leeftijden;Mannen en vrouwen;Drimmelen;2020;24876;22224;1458;529;929;1194;566;628;1719
3559;Totaal over alle leeftijden;Mannen en vrouwen;Drimmelen;2021;24700;21961;1467;538;929;1272;595;677;1719
3560;Totaal over alle leeftijden;Mannen en vrouwen;Drimmelen;2022;24637;21842;1474;536;938;1321;628;693;1719
3561;Totaal over alle leeftijden;Mannen en vrouwen;Drimmelen;2023;24563;21689;1508;554;954;1366;645;721;1719
3562;Totaal over alle leeftijden;Mannen en vrouwen;Drimmelen;2024;24493;21553;1518;559;959;1422;661;761;1719
3563;Totaal over alle leeftijden;Mannen en vrouwen;Drimmelen;2025;24477;21462;1524;559;965;1491;688;803;1719
3564;Totaal over alle leeftijden;Mannen en vrouwen;Dronten;2008;39000;33344;2598;1080;1518;3058;1904;1154;303
3565;Totaal over alle leeftijden;Mannen en vrouwen;Dronten;2009;39381;33545;2596;1064;1532;3240;2035;1205;303
3566;Totaal over alle leeftijden;Mannen en vrouwen;Dronten;2010;39709;33623;2602;1038;1564;3484;2225;1259;303
3567;Totaal over alle leeftijden;Mannen en vrouwen;Dronten;2011;39913;33612;2594;1033;1561;3707;2384;1323;303
3568;Totaal over alle leeftijden;Mannen en vrouwen;Dronten;2012;40152;33638;2591;1039;1552;3923;2536;1387;303
3569;Totaal over alle leeftijden;Mannen en vrouwen;Dronten;2013;40347;33549;2582;1031;1551;4216;2743;1473;303
3570;Totaal over alle leeftijden;Mannen en vrouwen;Dronten;2014;40690;33565;2643;1066;1577;4482;2923;1559;303
3571;Totaal over alle leeftijden;Mannen en vrouwen;Dronten;2015;40946;33561;2667;1074;1593;4718;3082;1636;303
3572;Totaal over alle leeftijden;Mannen en vrouwen;Dronten;2016;41241;33516;2710;1118;1592;5015;3291;1724;303
3573;Totaal over alle leeftijden;Mannen en vrouwen;Dronten;2017;41585;33540;2757;1151;1606;5288;3490;1798;303
3574;Totaal over alle leeftijden;Mannen en vrouwen;Dronten;2018;41799;33422;2796;1175;1621;5581;3683;1898;303
3575;Totaal over alle leeftijden;Mannen en vrouwen;Dronten;2019;41895;33254;2822;1197;1625;5819;3857;1962;303
3576;Totaal over alle leeftijden;Mannen en vrouwen;Dronten;2020;42206;33295;2809;1203;1606;6102;4040;2062;303
3577;Totaal over alle leeftijden;Mannen en vrouwen;Dronten;2021;42365;33187;2827;1218;1609;6351;4183;2168;303
3578;Totaal over alle leeftijden;Mannen en vrouwen;Dronten;2022;42566;33068;2860;1225;1635;6638;4350;2288;303
3579;Totaal over alle leeftijden;Mannen en vrouwen;Dronten;2023;42785;32998;2842;1211;1631;6945;4536;2409;303
3580;Totaal over alle leeftijden;Mannen en vrouwen;Dronten;2024;43080;32903;2867;1212;1655;7310;4746;2564;303
3581;Totaal over alle leeftijden;Mannen en vrouwen;Dronten;2025;43426;32805;2935;1251;1684;7686;4982;2704;303
3582;Totaal over alle leeftijden;Mannen en vrouwen;Druten;2008;17968;15968;999;276;723;1001;557;444;225
3583;Totaal over alle leeftijden;Mannen en vrouwen;Druten;2009;17906;15890;998;283;715;1018;567;451;225
3584;Totaal over alle leeftijden;Mannen en vrouwen;Druten;2010;17875;15823;1020;292;728;1032;570;462;225
3585;Totaal over alle leeftijden;Mannen en vrouwen;Druten;2011;17875;15762;1046;309;737;1067;596;471;225
3586;Totaal over alle leeftijden;Mannen en vrouwen;Druten;2012;17952;15786;1066;312;754;1100;616;484;225
3587;Totaal over alle leeftijden;Mannen en vrouwen;Druten;2013;17994;15781;1072;304;768;1141;644;497;225
3588;Totaal over alle leeftijden;Mannen en vrouwen;Druten;2014;18040;15779;1108;329;779;1153;642;511;225
3589;Totaal over alle leeftijden;Mannen en vrouwen;Druten;2015;17997;15730;1111;334;777;1156;641;515;225
3590;Totaal over alle leeftijden;Mannen en vrouwen;Druten;2016;18057;15755;1122;337;785;1180;656;524;225
3591;Totaal over alle leeftijden;Mannen en vrouwen;Druten;2017;18046;15729;1131;358;773;1186;656;530;225
3592;Totaal over alle leeftijden;Mannen en vrouwen;Druten;2018;18057;15700;1139;372;767;1218;671;547;225
3593;Totaal over alle leeftijden;Mannen en vrouwen;Druten;2019;18127;15707;1151;375;776;1269;703;566;225
3594;Totaal over alle leeftijden;Mannen en vrouwen;Druten;2020;18119;15669;1168;388;780;1282;709;573;225
3595;Totaal over alle leeftijden;Mannen en vrouwen;Druten;2021;18144;15661;1174;397;777;1309;722;587;225
3596;Totaal over alle leeftijden;Mannen en vrouwen;Druten;2022;18209;15681;1197;417;780;1331;740;591;225
3597;Totaal over alle leeftijden;Mannen en vrouwen;Druten;2023;18206;15633;1236;428;808;1337;745;592;225
3598;Totaal over alle leeftijden;Mannen en vrouwen;Druten;2024;18212;15596;1258;451;807;1358;754;604;225
3599;Totaal over alle leeftijden;Mannen en vrouwen;Druten;2025;18225;15576;1274;460;814;1375;760;615;225
3600;Totaal over alle leeftijden;Mannen en vrouwen;Duiven;2008;25750;22661;2070;597;1473;1019;561;458;226
3601;Totaal over alle leeftijden;Mannen en vrouwen;Duiven;2009;25882;22727;2088;609;1479;1067;573;494;226
3602;Totaal over alle leeftijden;Mannen en vrouwen;Duiven;2010;25954;22755;2094;628;1466;1105;592;513;226
3603;Totaal over alle leeftijden;Mannen en vrouwen;Duiven;2011;25851;22636;2074;631;1443;1141;593;548;226
3604;Totaal over alle leeftijden;Mannen en vrouwen;Duiven;2012;25832;22599;2075;632;1443;1158;598;560;226
3605;Totaal over alle leeftijden;Mannen en vrouwen;Duiven;2013;25710;22442;2053;615;1438;1215;633;582;226
3606;Totaal over alle leeftijden;Mannen en vrouwen;Duiven;2014;25628;22334;2048;618;1430;1246;646;600;226
3607;Totaal over alle leeftijden;Mannen en vrouwen;Duiven;2015;25489;22160;2028;612;1416;1301;687;614;226
3608;Totaal over alle leeftijden;Mannen en vrouwen;Duiven;2016;25312;21979;2001;604;1397;1332;703;629;226
3609;Totaal over alle leeftijden;Mannen en vrouwen;Duiven;2017;25116;21783;1967;619;1348;1366;732;634;226
3610;Totaal over alle leeftijden;Mannen en vrouwen;Duiven;2018;25010;21638;1978;622;1356;1394;743;651;226
3611;Totaal over alle leeftijden;Mannen en vrouwen;Duiven;2019;24947;21538;1943;632;1311;1466;775;691;226
3612;Totaal over alle leeftijden;Mannen en vrouwen;Duiven;2020;24888;21438;1944;641;1303;1506;807;699;226
3613;Totaal over alle leeftijden;Mannen en vrouwen;Duiven;2021;24772;21322;1923;643;1280;1527;812;715;226
3614;Totaal over alle leeftijden;Mannen en vrouwen;Duiven;2022;24733;21241;1916;649;1267;1576;835;741;226
3615;Totaal over alle leeftijden;Mannen en vrouwen;Duiven;2023;24770;21234;1903;657;1246;1633;861;772;226
3616;Totaal over alle leeftijden;Mannen en vrouwen;Duiven;2024;24697;21136;1876;655;1221;1685;873;812;226
3617;Totaal over alle leeftijden;Mannen en vrouwen;Duiven;2025;24629;21028;1872;665;1207;1729;888;841;226
3618;Totaal over alle leeftijden;Mannen en vrouwen;Echt-Susteren;2008;31844;26373;4496;1364;3132;975;633;342;1711
3619;Totaal over alle leeftijden;Mannen en vrouwen;Echt-Susteren;2009;31743;26193;4432;1348;3084;1118;697;421;1711
3620;Totaal over alle leeftijden;Mannen en vrouwen;Echt-Susteren;2010;31659;26058;4363;1345;3018;1238;763;475;1711
3621;Totaal over alle leeftijden;Mannen en vrouwen;Echt-Susteren;2011;31482;25821;4344;1368;2976;1317;777;540;1711
3622;Totaal over alle leeftijden;Mannen en vrouwen;Echt-Susteren;2012;31413;25695;4321;1393;2928;1397;804;593;1711
3623;Totaal over alle leeftijden;Mannen en vrouwen;Echt-Susteren;2013;31286;25487;4317;1435;2882;1482;826;656;1711
3624;Totaal over alle leeftijden;Mannen en vrouwen;Echt-Susteren;2014;31178;25356;4245;1421;2824;1577;869;708;1711
3625;Totaal over alle leeftijden;Mannen en vrouwen;Echt-Susteren;2015;31105;25271;4156;1415;2741;1678;912;766;1711
3626;Totaal over alle leeftijden;Mannen en vrouwen;Echt-Susteren;2016;30995;25090;4115;1440;2675;1790;965;825;1711
3627;Totaal over alle leeftijden;Mannen en vrouwen;Echt-Susteren;2017;30783;24894;4023;1413;2610;1866;968;898;1711
3628;Totaal over alle leeftijden;Mannen en vrouwen;Echt-Susteren;2018;30642;24730;3967;1422;2545;1945;991;954;1711
3629;Totaal over alle leeftijden;Mannen en vrouwen;Echt-Susteren;2019;30452;24506;3933;1457;2476;2013;1010;1003;1711
3630;Totaal over alle leeftijden;Mannen en vrouwen;Echt-Susteren;2020;30266;24309;3884;1436;2448;2073;1015;1058;1711
3631;Totaal over alle leeftijden;Mannen en vrouwen;Echt-Susteren;2021;30121;24098;3845;1432;2413;2178;1058;1120;1711
3632;Totaal over alle leeftijden;Mannen en vrouwen;Echt-Susteren;2022;29962;23946;3794;1433;2361;2222;1080;1142;1711
3633;Totaal over alle leeftijden;Mannen en vrouwen;Echt-Susteren;2023;29841;23797;3725;1438;2287;2319;1117;1202;1711
3634;Totaal over alle leeftijden;Mannen en vrouwen;Echt-Susteren;2024;29640;23600;3693;1430;2263;2347;1125;1222;1711
3635;Totaal over alle leeftijden;Mannen en vrouwen;Echt-Susteren;2025;29452;23413;3649;1424;2225;2390;1154;1236;1711
3636;Totaal over alle leeftijden;Mannen en vrouwen;Edam-Volendam;2008;28066;26131;1001;326;675;934;524;410;385
3637;Totaal over alle leeftijden;Mannen en vrouwen;Edam-Volendam;2009;27882;25945;975;322;653;962;537;425;385
3638;Totaal over alle leeftijden;Mannen en vrouwen;Edam-Volendam;2010;27624;25651;974;326;648;999;547;452;385
3639;Totaal over alle leeftijden;Mannen en vrouwen;Edam-Volendam;2011;27611;25539;1009;344;665;1063;581;482;385
3640;Totaal over alle leeftijden;Mannen en vrouwen;Edam-Volendam;2012;27616;25468;1027;358;669;1121;605;516;385
3641;Totaal over alle leeftijden;Mannen en vrouwen;Edam-Volendam;2013;27597;25381;1048;371;677;1168;625;543;385
3642;Totaal over alle leeftijden;Mannen en vrouwen;Edam-Volendam;2014;27516;25235;1040;369;671;1241;662;579;385
3643;Totaal over alle leeftijden;Mannen en vrouwen;Edam-Volendam;2015;27595;25196;1088;407;681;1311;696;615;385
3644;Totaal over alle leeftijden;Mannen en vrouwen;Edam-Volendam;2016;27519;25038;1109;408;701;1372;741;631;385
3645;Totaal over alle leeftijden;Mannen en vrouwen;Edam-Volendam;2017;27499;24939;1148;425;723;1412;768;644;385
3646;Totaal over alle leeftijden;Mannen en vrouwen;Edam-Volendam;2018;27483;24830;1187;432;755;1466;777;689;385
3647;Totaal over alle leeftijden;Mannen en vrouwen;Edam-Volendam;2019;27425;24664;1238;458;780;1523;795;728;385
3648;Totaal over alle leeftijden;Mannen en vrouwen;Edam-Volendam;2020;27428;24575;1286;480;806;1567;809;758;385
3649;Totaal over alle leeftijden;Mannen en vrouwen;Edam-Volendam;2021;27460;24542;1303;486;817;1615;827;788;385
3650;Totaal over alle leeftijden;Mannen en vrouwen;Edam-Volendam;2022;27487;24460;1339;518;821;1688;871;817;385
3651;Totaal over alle leeftijden;Mannen en vrouwen;Edam-Volendam;2023;27534;24397;1386;552;834;1751;885;866;385
3652;Totaal over alle leeftijden;Mannen en vrouwen;Edam-Volendam;2024;27531;24307;1412;566;846;1812;912;900;385
3653;Totaal over alle leeftijden;Mannen en vrouwen;Edam-Volendam;2025;27616;24300;1445;585;860;1871;946;925;385
3654;Totaal over alle leeftijden;Mannen en vrouwen;Ede;2008;108052;92562;7573;2758;4815;7917;4397;3520;228
3655;Totaal over alle leeftijden;Mannen en vrouwen;Ede;2009;108583;92813;7626;2774;4852;8144;4499;3645;228
3656;Totaal over alle leeftijden;Mannen en vrouwen;Ede;2010;109213;93161;7662;2795;4867;8390;4604;3786;228
3657;Totaal over alle leeftijden;Mannen en vrouwen;Ede;2011;109799;93512;7702;2794;4908;8585;4696;3889;228
3658;Totaal over alle leeftijden;Mannen en vrouwen;Ede;2012;110454;93889;7765;2837;4928;8800;4801;3999;228
3659;Totaal over alle leeftijden;Mannen en vrouwen;Ede;2013;110829;94031;7795;2860;4935;9003;4905;4098;228
3660;Totaal over alle leeftijden;Mannen en vrouwen;Ede;2014;111363;94328;7831;2868;4963;9204;4977;4227;228
3661;Totaal over alle leeftijden;Mannen en vrouwen;Ede;2015;111710;94477;7886;2870;5016;9347;5009;4338;228
3662;Totaal over alle leeftijden;Mannen en vrouwen;Ede;2016;112070;94666;7899;2877;5022;9505;5068;4437;228
3663;Totaal over alle leeftijden;Mannen en vrouwen;Ede;2017;112426;94870;7929;2901;5028;9627;5147;4480;228
3664;Totaal over alle leeftijden;Mannen en vrouwen;Ede;2018;112826;95005;7969;2932;5037;9852;5255;4597;228
3665;Totaal over alle leeftijden;Mannen en vrouwen;Ede;2019;113334;95295;8041;2975;5066;9998;5314;4684;228
3666;Totaal over alle leeftijden;Mannen en vrouwen;Ede;2020;113973;95670;8085;2980;5105;10218;5427;4791;228
3667;Totaal over alle leeftijden;Mannen en vrouwen;Ede;2021;114366;95866;8105;3007;5098;10395;5529;4866;228
3668;Totaal over alle leeftijden;Mannen en vrouwen;Ede;2022;114767;96092;8137;3048;5089;10538;5616;4922;228
3669;Totaal over alle leeftijden;Mannen en vrouwen;Ede;2023;115250;96358;8199;3080;5119;10693;5695;4998;228
3670;Totaal over alle leeftijden;Mannen en vrouwen;Ede;2024;115566;96561;8184;3083;5101;10821;5759;5062;228
3671;Totaal over alle leeftijden;Mannen en vrouwen;Ede;2025;115841;96660;8160;3104;5056;11021;5873;5148;228
3672;Totaal over alle leeftijden;Mannen en vrouwen;Eemnes;2008;8823;7752;707;219;488;364;188;176;317
3673;Totaal over alle leeftijden;Mannen en vrouwen;Eemnes;2009;8805;7712;698;217;481;395;202;193;317
3674;Totaal over alle leeftijden;Mannen en vrouwen;Eemnes;2010;8889;7764;703;210;493;422;210;212;317
3675;Totaal over alle leeftijden;Mannen en vrouwen;Eemnes;2011;8908;7762;718;215;503;428;217;211;317
3676;Totaal over alle leeftijden;Mannen en vrouwen;Eemnes;2012;8927;7745;724;219;505;458;225;233;317
3677;Totaal over alle leeftijden;Mannen en vrouwen;Eemnes;2013;9012;7786;733;230;503;493;244;249;317
3678;Totaal over alle leeftijden;Mannen en vrouwen;Eemnes;2014;9061;7819;717;227;490;525;268;257;317
3679;Totaal over alle leeftijden;Mannen en vrouwen;Eemnes;2015;9136;7852;728;226;502;556;271;285;317
3680;Totaal over alle leeftijden;Mannen en vrouwen;Eemnes;2016;9116;7842;719;222;497;555;266;289;317
3681;Totaal over alle leeftijden;Mannen en vrouwen;Eemnes;2017;9161;7873;715;215;500;573;277;296;317
3682;Totaal over alle leeftijden;Mannen en vrouwen;Eemnes;2018;9187;7896;725;222;503;566;276;290;317
3683;Totaal over alle leeftijden;Mannen en vrouwen;Eemnes;2019;9186;7892;717;217;500;577;281;296;317
3684;Totaal over alle leeftijden;Mannen en vrouwen;Eemnes;2020;9247;7906;734;237;497;607;288;319;317
3685;Totaal over alle leeftijden;Mannen en vrouwen;Eemnes;2021;9309;7923;744;240;504;642;299;343;317
3686;Totaal over alle leeftijden;Mannen en vrouwen;Eemnes;2022;9335;7941;731;239;492;663;307;356;317
3687;Totaal over alle leeftijden;Mannen en vrouwen;Eemnes;2023;9401;7963;738;245;493;700;323;377;317
3688;Totaal over alle leeftijden;Mannen en vrouwen;Eemnes;2024;9410;7956;726;232;494;728;348;380;317
3689;Totaal over alle leeftijden;Mannen en vrouwen;Eemnes;2025;9482;7990;744;238;506;748;358;390;317
3690;Totaal over alle leeftijden;Mannen en vrouwen;Eemsmond;2008;16640;15612;646;199;447;382;234;148;1651
3691;Totaal over alle leeftijden;Mannen en vrouwen;Eemsmond;2009;16512;15426;667;214;453;419;247;172;1651
3692;Totaal over alle leeftijden;Mannen en vrouwen;Eemsmond;2010;16338;15220;685;219;466;433;247;186;1651
3693;Totaal over alle leeftijden;Mannen en vrouwen;Eemsmond;2011;16208;15075;677;214;463;456;251;205;1651
3694;Totaal over alle leeftijden;Mannen en vrouwen;Eemsmond;2012;16059;14884;691;212;479;484;257;227;1651
3695;Totaal over alle leeftijden;Mannen en vrouwen;Eemsmond;2013;15936;14723;697;213;484;516;270;246;1651
3696;Totaal over alle leeftijden;Mannen en vrouwen;Eemsmond;2014;15883;14637;700;202;498;546;287;259;1651
3697;Totaal over alle leeftijden;Mannen en vrouwen;Eemsmond;2015;15708;14448;715;204;511;545;292;253;1651
3698;Totaal over alle leeftijden;Mannen en vrouwen;Eemsmond;2016;15615;14331;723;202;521;561;311;250;1651
3699;Totaal over alle leeftijden;Mannen en vrouwen;Eemsmond;2017;15483;14169;735;209;526;579;318;261;1651
3700;Totaal over alle leeftijden;Mannen en vrouwen;Eemsmond;2018;15340;13988;742;225;517;610;341;269;1651
3701;Totaal over alle leeftijden;Mannen en vrouwen;Eemsmond;2019;15200;13816;755;224;531;629;340;289;1651
3702;Totaal over alle leeftijden;Mannen en vrouwen;Eemsmond;2020;15060;13660;760;221;539;640;344;296;1651
3703;Totaal over alle leeftijden;Mannen en vrouwen;Eemsmond;2021;14882;13442;771;224;547;669;346;323;1651
3704;Totaal over alle leeftijden;Mannen en vrouwen;Eemsmond;2022;14734;13286;766;212;554;682;361;321;1651
3705;Totaal over alle leeftijden;Mannen en vrouwen;Eemsmond;2023;14570;13117;760;207;553;693;370;323;1651
3706;Totaal over alle leeftijden;Mannen en vrouwen;Eemsmond;2024;14440;12983;763;209;554;694;374;320;1651
3707;Totaal over alle leeftijden;Mannen en vrouwen;Eemsmond;2025;14284;12819;748;205;543;717;376;341;1651
3708;Totaal over alle leeftijden;Mannen en vrouwen;Eersel;2008;17908;16617;953;313;640;338;211;127;770
3709;Totaal over alle leeftijden;Mannen en vrouwen;Eersel;2009;17784;16435;959;309;650;390;244;146;770
3710;Totaal over alle leeftijden;Mannen en vrouwen;Eersel;2010;17600;16236;943;298;645;421;257;164;770
3711;Totaal over alle leeftijden;Mannen en vrouwen;Eersel;2011;17439;16059;940;305;635;440;260;180;770
3712;Totaal over alle leeftijden;Mannen en vrouwen;Eersel;2012;17298;15865;956;308;648;477;281;196;770
3713;Totaal over alle leeftijden;Mannen en vrouwen;Eersel;2013;17242;15767;958;308;650;517;298;219;770
3714;Totaal over alle leeftijden;Mannen en vrouwen;Eersel;2014;17072;15557;953;309;644;562;323;239;770
3715;Totaal over alle leeftijden;Mannen en vrouwen;Eersel;2015;17024;15463;958;326;632;603;339;264;770
3716;Totaal over alle leeftijden;Mannen en vrouwen;Eersel;2016;16880;15260;954;325;629;666;367;299;770
3717;Totaal over alle leeftijden;Mannen en vrouwen;Eersel;2017;16827;15166;970;340;630;691;375;316;770
3718;Totaal over alle leeftijden;Mannen en vrouwen;Eersel;2018;16713;15033;950;330;620;730;383;347;770
3719;Totaal over alle leeftijden;Mannen en vrouwen;Eersel;2019;16718;15018;942;325;617;758;395;363;770
3720;Totaal over alle leeftijden;Mannen en vrouwen;Eersel;2020;16735;14991;953;327;626;791;410;381;770
3721;Totaal over alle leeftijden;Mannen en vrouwen;Eersel;2021;16727;14932;957;338;619;838;432;406;770
3722;Totaal over alle leeftijden;Mannen en vrouwen;Eersel;2022;16627;14806;961;329;632;860;443;417;770
3723;Totaal over alle leeftijden;Mannen en vrouwen;Eersel;2023;16640;14777;976;341;635;887;450;437;770
3724;Totaal over alle leeftijden;Mannen en vrouwen;Eersel;2024;16673;14782;978;336;642;913;461;452;770
3725;Totaal over alle leeftijden;Mannen en vrouwen;Eersel;2025;16640;14689;1002;350;652;949;486;463;770
3726;Totaal over alle leeftijden;Mannen en vrouwen;Eijsden;2008;11434;9941;1247;368;879;246;156;90;905
3727;Totaal over alle leeftijden;Mannen en vrouwen;Eijsden;2009;11354;9845;1224;356;868;285;180;105;905
3728;Totaal over alle leeftijden;Mannen en vrouwen;Eijsden;2010;11277;9748;1220;355;865;309;190;119;905
3729;Totaal over alle leeftijden;Mannen en vrouwen;Eijsden;2011;11167;9623;1216;355;861;328;199;129;905
3730;Totaal over alle leeftijden;Mannen en vrouwen;Eijsden;2012;11057;9500;1208;365;843;349;209;140;905
3731;Totaal over alle leeftijden;Mannen en vrouwen;Eijsden;2013;10964;9406;1184;363;821;374;215;159;905
3732;Totaal over alle leeftijden;Mannen en vrouwen;Eijsden;2014;10877;9302;1177;364;813;398;217;181;905
3733;Totaal over alle leeftijden;Mannen en vrouwen;Eijsden;2015;10762;9176;1173;366;807;413;221;192;905
3734;Totaal over alle leeftijden;Mannen en vrouwen;Eijsden;2016;10666;9088;1139;359;780;439;231;208;905
3735;Totaal over alle leeftijden;Mannen en vrouwen;Eijsden;2017;10574;8987;1117;353;764;470;247;223;905
3736;Totaal over alle leeftijden;Mannen en vrouwen;Eijsden;2018;10499;8899;1110;356;754;490;258;232;905
3737;Totaal over alle leeftijden;Mannen en vrouwen;Eijsden;2019;10399;8779;1124;376;748;496;259;237;905
3738;Totaal over alle leeftijden;Mannen en vrouwen;Eijsden;2020;10262;8647;1117;377;740;498;267;231;905
3739;Totaal over alle leeftijden;Mannen en vrouwen;Eijsden;2021;10154;8527;1126;393;733;501;273;228;905
3740;Totaal over alle leeftijden;Mannen en vrouwen;Eijsden;2022;10088;8458;1120;390;730;510;283;227;905
3741;Totaal over alle leeftijden;Mannen en vrouwen;Eijsden;2023;9993;8333;1119;397;722;541;292;249;905
3742;Totaal over alle leeftijden;Mannen en vrouwen;Eijsden;2024;9895;8217;1106;395;711;572;298;274;905
3743;Totaal over alle leeftijden;Mannen en vrouwen;Eijsden;2025;9815;8095;1124;410;714;596;313;283;905
3744;Totaal over alle leeftijden;Mannen en vrouwen;Eindhoven;2008;210675;153873;25027;10964;14063;31775;19006;12769;772
3745;Totaal over alle leeftijden;Mannen en vrouwen;Eindhoven;2009;211521;154026;25474;11385;14089;32021;19081;12940;772
3746;Totaal over alle leeftijden;Mannen en vrouwen;Eindhoven;2010;212506;154250;25863;11823;14040;32393;19168;13225;772
3747;Totaal over alle leeftijden;Mannen en vrouwen;Eindhoven;2011;213607;154493;26378;12284;14094;32736;19250;13486;772
3748;Totaal over alle leeftijden;Mannen en vrouwen;Eindhoven;2012;214645;154648;26847;12701;14146;33150;19395;13755;772
3749;Totaal over alle leeftijden;Mannen en vrouwen;Eindhoven;2013;215344;154615;27195;13039;14156;33534;19487;14047;772
3750;Totaal over alle leeftijden;Mannen en vrouwen;Eindhoven;2014;216177;154676;27653;13479;14174;33848;19588;14260;772
3751;Totaal over alle leeftijden;Mannen en vrouwen;Eindhoven;2015;216828;154610;28042;13882;14160;34176;19642;14534;772
3752;Totaal over alle leeftijden;Mannen en vrouwen;Eindhoven;2016;217552;154692;28387;14225;14162;34473;19740;14733;772
3753;Totaal over alle leeftijden;Mannen en vrouwen;Eindhoven;2017;217757;154232;28807;14567;14240;34718;19807;14911;772
3754;Totaal over alle leeftijden;Mannen en vrouwen;Eindhoven;2018;218055;153927;29154;14871;14283;34974;19897;15077;772
3755;Totaal over alle leeftijden;Mannen en vrouwen;Eindhoven;2019;218118;153491;29519;15181;14338;35108;19883;15225;772
3756;Totaal over alle leeftijden;Mannen en vrouwen;Eindhoven;2020;218218;152986;29900;15544;14356;35332;19964;15368;772
3757;Totaal over alle leeftijden;Mannen en vrouwen;Eindhoven;2021;218466;152706;30209;15822;14387;35551;19994;15557;772
3758;Totaal over alle leeftijden;Mannen en vrouwen;Eindhoven;2022;218914;152485;30625;16133;14492;35804;20115;15689;772
3759;Totaal over alle leeftijden;Mannen en vrouwen;Eindhoven;2023;218931;151912;30990;16398;14592;36029;20198;15831;772
3760;Totaal over alle leeftijden;Mannen en vrouwen;Eindhoven;2024;218811;151257;31339;16655;14684;36215;20299;15916;772
3761;Totaal over alle leeftijden;Mannen en vrouwen;Eindhoven;2025;218780;150720;31677;16979;14698;36383;20365;16018;772
3762;Totaal over alle leeftijden;Mannen en vrouwen;Elburg;2008;21860;20665;729;258;471;466;274;192;230
3763;Totaal over alle leeftijden;Mannen en vrouwen;Elburg;2009;21885;20607;758;269;489;520;301;219;230
3764;Totaal over alle leeftijden;Mannen en vrouwen;Elburg;2010;21858;20515;777;280;497;566;331;235;230
3765;Totaal over alle leeftijden;Mannen en vrouwen;Elburg;2011;21925;20505;804;293;511;616;357;259;230
3766;Totaal over alle leeftijden;Mannen en vrouwen;Elburg;2012;22004;20493;837;321;516;674;375;299;230
3767;Totaal over alle leeftijden;Mannen en vrouwen;Elburg;2013;22125;20525;857;334;523;743;414;329;230
3768;Totaal over alle leeftijden;Mannen en vrouwen;Elburg;2014;22111;20446;880;343;537;785;420;365;230
3769;Totaal over alle leeftijden;Mannen en vrouwen;Elburg;2015;22179;20452;892;352;540;835;450;385;230
3770;Totaal over alle leeftijden;Mannen en vrouwen;Elburg;2016;22138;20358;902;358;544;878;474;404;230
3771;Totaal over alle leeftijden;Mannen en vrouwen;Elburg;2017;22165;20310;923;366;557;932;495;437;230
3772;Totaal over alle leeftijden;Mannen en vrouwen;Elburg;2018;22225;20282;970;397;573;973;520;453;230
3773;Totaal over alle leeftijden;Mannen en vrouwen;Elburg;2019;22260;20249;985;411;574;1026;550;476;230
3774;Totaal over alle leeftijden;Mannen en vrouwen;Elburg;2020;22312;20201;1041;435;606;1070;573;497;230
3775;Totaal over alle leeftijden;Mannen en vrouwen;Elburg;2021;22376;20191;1072;444;628;1113;595;518;230
3776;Totaal over alle leeftijden;Mannen en vrouwen;Elburg;2022;22413;20181;1084;453;631;1148;621;527;230
3777;Totaal over alle leeftijden;Mannen en vrouwen;Elburg;2023;22545;20248;1109;455;654;1188;642;546;230
3778;Totaal over alle leeftijden;Mannen en vrouwen;Elburg;2024;22647;20299;1115;463;652;1233;671;562;230
3779;Totaal over alle leeftijden;Mannen en vrouwen;Elburg;2025;22742;20345;1119;458;661;1278;681;597;230
3780;Totaal over alle leeftijden;Mannen en vrouwen;Emmen;2008;109214;97371;7340;2671;4669;4503;2688;1815;114
3781;Totaal over alle leeftijden;Mannen en vrouwen;Emmen;2009;109938;97706;7405;2687;4718;4827;2816;2011;114
3782;Totaal over alle leeftijden;Mannen en vrouwen;Emmen;2010;110586;97992;7461;2709;4752;5133;2934;2199;114
3783;Totaal over alle leeftijden;Mannen en vrouwen;Emmen;2011;111292;98333;7525;2711;4814;5434;3060;2374;114
3784;Totaal over alle leeftijden;Mannen en vrouwen;Emmen;2012;111766;98396;7591;2752;4839;5779;3218;2561;114
3785;Totaal over alle leeftijden;Mannen en vrouwen;Emmen;2013;112258;98540;7630;2752;4878;6088;3374;2714;114
3786;Totaal over alle leeftijden;Mannen en vrouwen;Emmen;2014;112588;98539;7681;2747;4934;6368;3515;2853;114
3787;Totaal over alle leeftijden;Mannen en vrouwen;Emmen;2015;113059;98666;7718;2762;4956;6675;3659;3016;114
3788;Totaal over alle leeftijden;Mannen en vrouwen;Emmen;2016;113540;98789;7794;2804;4990;6957;3764;3193;114
3789;Totaal over alle leeftijden;Mannen en vrouwen;Emmen;2017;113927;98750;7899;2845;5054;7278;3908;3370;114
3790;Totaal over alle leeftijden;Mannen en vrouwen;Emmen;2018;114447;98940;7924;2848;5076;7583;4048;3535;114
3791;Totaal over alle leeftijden;Mannen en vrouwen;Emmen;2019;114894;98932;7995;2878;5117;7967;4198;3769;114
3792;Totaal over alle leeftijden;Mannen en vrouwen;Emmen;2020;115132;98821;8029;2920;5109;8282;4340;3942;114
3793;Totaal over alle leeftijden;Mannen en vrouwen;Emmen;2021;115532;98887;8076;2961;5115;8569;4415;4154;114
3794;Totaal over alle leeftijden;Mannen en vrouwen;Emmen;2022;115916;98869;8145;3027;5118;8902;4553;4349;114
3795;Totaal over alle leeftijden;Mannen en vrouwen;Emmen;2023;116426;98902;8242;3075;5167;9282;4735;4547;114
3796;Totaal over alle leeftijden;Mannen en vrouwen;Emmen;2024;116743;98827;8345;3139;5206;9571;4870;4701;114
3797;Totaal over alle leeftijden;Mannen en vrouwen;Emmen;2025;117224;98878;8463;3232;5231;9883;5016;4867;114
3798;Totaal over alle leeftijden;Mannen en vrouwen;Enkhuizen;2008;17810;15531;1108;422;686;1171;656;515;388
3799;Totaal over alle leeftijden;Mannen en vrouwen;Enkhuizen;2009;17949;15611;1114;419;695;1224;687;537;388
3800;Totaal over alle leeftijden;Mannen en vrouwen;Enkhuizen;2010;18070;15710;1136;424;712;1224;688;536;388
3801;Totaal over alle leeftijden;Mannen en vrouwen;Enkhuizen;2011;18303;15906;1148;414;734;1249;688;561;388
3802;Totaal over alle leeftijden;Mannen en vrouwen;Enkhuizen;2012;18464;16040;1162;415;747;1262;691;571;388
3803;Totaal over alle leeftijden;Mannen en vrouwen;Enkhuizen;2013;18574;16136;1171;433;738;1267;705;562;388
3804;Totaal over alle leeftijden;Mannen en vrouwen;Enkhuizen;2014;18692;16209;1189;438;751;1294;734;560;388
3805;Totaal over alle leeftijden;Mannen en vrouwen;Enkhuizen;2015;18887;16390;1197;439;758;1300;748;552;388
3806;Totaal over alle leeftijden;Mannen en vrouwen;Enkhuizen;2016;18941;16432;1216;450;766;1293;748;545;388
3807;Totaal over alle leeftijden;Mannen en vrouwen;Enkhuizen;2017;19038;16487;1216;436;780;1335;762;573;388
3808;Totaal over alle leeftijden;Mannen en vrouwen;Enkhuizen;2018;19205;16618;1233;452;781;1354;766;588;388
3809;Totaal over alle leeftijden;Mannen en vrouwen;Enkhuizen;2019;19236;16659;1199;430;769;1378;765;613;388
3810;Totaal over alle leeftijden;Mannen en vrouwen;Enkhuizen;2020;19389;16778;1209;441;768;1402;771;631;388
3811;Totaal over alle leeftijden;Mannen en vrouwen;Enkhuizen;2021;19447;16792;1235;455;780;1420;784;636;388
3812;Totaal over alle leeftijden;Mannen en vrouwen;Enkhuizen;2022;19437;16763;1249;455;794;1425;786;639;388
3813;Totaal over alle leeftijden;Mannen en vrouwen;Enkhuizen;2023;19552;16854;1249;463;786;1449;784;665;388
3814;Totaal over alle leeftijden;Mannen en vrouwen;Enkhuizen;2024;19632;16892;1273;480;793;1467;793;674;388
3815;Totaal over alle leeftijden;Mannen en vrouwen;Enkhuizen;2025;19695;16941;1262;486;776;1492;795;697;388
3816;Totaal over alle leeftijden;Mannen en vrouwen;Enschede;2008;156346;115199;19196;7552;11644;21951;12510;9441;153
3817;Totaal over alle leeftijden;Mannen en vrouwen;Enschede;2009;157327;116139;19231;7606;11625;21957;12258;9699;153
3818;Totaal over alle leeftijden;Mannen en vrouwen;Enschede;2010;157877;116630;19273;7685;11588;21974;12082;9892;153
3819;Totaal over alle leeftijden;Mannen en vrouwen;Enschede;2011;158061;116718;19293;7763;11530;22050;11948;10102;153
3820;Totaal over alle leeftijden;Mannen en vrouwen;Enschede;2012;158272;116851;19322;7807;11515;22099;11816;10283;153
3821;Totaal over alle leeftijden;Mannen en vrouwen;Enschede;2013;158471;117035;19276;7812;11464;22160;11653;10507;153
3822;Totaal over alle leeftijden;Mannen en vrouwen;Enschede;2014;158607;117178;19240;7875;11365;22189;11552;10637;153
3823;Totaal over alle leeftijden;Mannen en vrouwen;Enschede;2015;158698;117156;19261;7957;11304;22281;11503;10778;153
3824;Totaal over alle leeftijden;Mannen en vrouwen;Enschede;2016;158659;117139;19228;8012;11216;22292;11432;10860;153
3825;Totaal over alle leeftijden;Mannen en vrouwen;Enschede;2017;158814;117223;19255;8115;11140;22336;11428;10908;153
3826;Totaal over alle leeftijden;Mannen en vrouwen;Enschede;2018;158936;117326;19217;8137;11080;22393;11430;10963;153
3827;Totaal over alle leeftijden;Mannen en vrouwen;Enschede;2019;159048;117321;19280;8248;11032;22447;11383;11064;153
3828;Totaal over alle leeftijden;Mannen en vrouwen;Enschede;2020;159023;117254;19269;8299;10970;22500;11344;11156;153
3829;Totaal over alle leeftijden;Mannen en vrouwen;Enschede;2021;159177;117350;19239;8322;10917;22588;11326;11262;153
3830;Totaal over alle leeftijden;Mannen en vrouwen;Enschede;2022;159194;117356;19227;8419;10808;22611;11273;11338;153
3831;Totaal over alle leeftijden;Mannen en vrouwen;Enschede;2023;159373;117463;19216;8485;10731;22694;11242;11452;153
3832;Totaal over alle leeftijden;Mannen en vrouwen;Enschede;2024;159637;117572;19233;8553;10680;22832;11253;11579;153
3833;Totaal over alle leeftijden;Mannen en vrouwen;Enschede;2025;159619;117483;19205;8599;10606;22931;11304;11627;153
3834;Totaal over alle leeftijden;Mannen en vrouwen;Epe;2008;32216;28608;2014;779;1235;1594;878;716;232
3835;Totaal over alle leeftijden;Mannen en vrouwen;Epe;2009;32044;28368;2047;790;1257;1629;901;728;232
3836;Totaal over alle leeftijden;Mannen en vrouwen;Epe;2010;31835;28110;2061;785;1276;1664;916;748;232
3837;Totaal over alle leeftijden;Mannen en vrouwen;Epe;2011;31534;27755;2054;790;1264;1725;961;764;232
3838;Totaal over alle leeftijden;Mannen en vrouwen;Epe;2012;31408;27559;2049;803;1246;1800;1012;788;232
3839;Totaal over alle leeftijden;Mannen en vrouwen;Epe;2013;31154;27265;2041;799;1242;1848;1060;788;232
3840;Totaal over alle leeftijden;Mannen en vrouwen;Epe;2014;31073;27127;2039;795;1244;1907;1083;824;232
3841;Totaal over alle leeftijden;Mannen en vrouwen;Epe;2015;30945;26919;2048;788;1260;1978;1118;860;232
3842;Totaal over alle leeftijden;Mannen en vrouwen;Epe;2016;30892;26801;2045;803;1242;2046;1137;909;232
3843;Totaal over alle leeftijden;Mannen en vrouwen;Epe;2017;30784;26622;2043;804;1239;2119;1170;949;232
3844;Totaal over alle leeftijden;Mannen en vrouwen;Epe;2018;30707;26495;2043;811;1232;2169;1190;979;232
3845;Totaal over alle leeftijden;Mannen en vrouwen;Epe;2019;30572;26269;2056;817;1239;2247;1231;1016;232
3846;Totaal over alle leeftijden;Mannen en vrouwen;Epe;2020;30492;26122;2064;819;1245;2306;1265;1041;232
3847;Totaal over alle leeftijden;Mannen en vrouwen;Epe;2021;30332;25931;2066;832;1234;2335;1280;1055;232
3848;Totaal over alle leeftijden;Mannen en vrouwen;Epe;2022;30211;25740;2084;861;1223;2387;1297;1090;232
3849;Totaal over alle leeftijden;Mannen en vrouwen;Epe;2023;30015;25519;2065;855;1210;2431;1327;1104;232
3850;Totaal over alle leeftijden;Mannen en vrouwen;Epe;2024;29951;25384;2063;853;1210;2504;1340;1164;232
3851;Totaal over alle leeftijden;Mannen en vrouwen;Epe;2025;29904;25270;2054;848;1206;2580;1386;1194;232
3852;Totaal over alle leeftijden;Mannen en vrouwen;Ermelo;2008;25715;23352;1382;471;911;981;544;437;233
3853;Totaal over alle leeftijden;Mannen en vrouwen;Ermelo;2009;25468;23072;1392;483;909;1004;548;456;233
3854;Totaal over alle leeftijden;Mannen en vrouwen;Ermelo;2010;25199;22778;1372;469;903;1049;557;492;233
3855;Totaal over alle leeftijden;Mannen en vrouwen;Ermelo;2011;25080;22616;1367;459;908;1097;584;513;233
3856;Totaal over alle leeftijden;Mannen en vrouwen;Ermelo;2012;24863;22378;1351;450;901;1134;592;542;233
3857;Totaal over alle leeftijden;Mannen en vrouwen;Ermelo;2013;24688;22185;1332;446;886;1171;601;570;233
3858;Totaal over alle leeftijden;Mannen en vrouwen;Ermelo;2014;24443;21922;1340;448;892;1181;607;574;233
3859;Totaal over alle leeftijden;Mannen en vrouwen;Ermelo;2015;24231;21658;1346;453;893;1227;624;603;233
3860;Totaal over alle leeftijden;Mannen en vrouwen;Ermelo;2016;23999;21415;1353;457;896;1231;635;596;233
3861;Totaal over alle leeftijden;Mannen en vrouwen;Ermelo;2017;23883;21269;1358;449;909;1256;657;599;233
3862;Totaal over alle leeftijden;Mannen en vrouwen;Ermelo;2018;23737;21123;1322;443;879;1292;676;616;233
3863;Totaal over alle leeftijden;Mannen en vrouwen;Ermelo;2019;23661;21040;1294;430;864;1327;701;626;233
3864;Totaal over alle leeftijden;Mannen en vrouwen;Ermelo;2020;23591;20946;1275;413;862;1370;721;649;233
3865;Totaal over alle leeftijden;Mannen en vrouwen;Ermelo;2021;23553;20839;1294;424;870;1420;757;663;233
3866;Totaal over alle leeftijden;Mannen en vrouwen;Ermelo;2022;23466;20713;1284;417;867;1469;782;687;233
3867;Totaal over alle leeftijden;Mannen en vrouwen;Ermelo;2023;23462;20626;1295;419;876;1541;810;731;233
3868;Totaal over alle leeftijden;Mannen en vrouwen;Ermelo;2024;23425;20526;1299;424;875;1600;845;755;233
3869;Totaal over alle leeftijden;Mannen en vrouwen;Ermelo;2025;23356;20429;1279;422;857;1648;850;798;233
3870;Totaal over alle leeftijden;Mannen en vrouwen;Etten-Leur;2008;40758;33714;3477;1475;2002;3567;2056;1511;777
3871;Totaal over alle leeftijden;Mannen en vrouwen;Etten-Leur;2009;40996;33864;3515;1489;2026;3617;2059;1558;777
3872;Totaal over alle leeftijden;Mannen en vrouwen;Etten-Leur;2010;41176;33946;3550;1508;2042;3680;2069;1611;777
3873;Totaal over alle leeftijden;Mannen en vrouwen;Etten-Leur;2011;41308;33978;3595;1528;2067;3735;2093;1642;777
3874;Totaal over alle leeftijden;Mannen en vrouwen;Etten-Leur;2012;41448;33977;3667;1550;2117;3804;2109;1695;777
3875;Totaal over alle leeftijden;Mannen en vrouwen;Etten-Leur;2013;41446;33912;3684;1560;2124;3850;2090;1760;777
3876;Totaal over alle leeftijden;Mannen en vrouwen;Etten-Leur;2014;41460;33810;3776;1609;2167;3874;2073;1801;777
3877;Totaal over alle leeftijden;Mannen en vrouwen;Etten-Leur;2015;41505;33764;3836;1668;2168;3905;2071;1834;777
3878;Totaal over alle leeftijden;Mannen en vrouwen;Etten-Leur;2016;41577;33700;3891;1701;2190;3986;2075;1911;777
3879;Totaal over alle leeftijden;Mannen en vrouwen;Etten-Leur;2017;41554;33578;3938;1706;2232;4038;2098;1940;777
3880;Totaal over alle leeftijden;Mannen en vrouwen;Etten-Leur;2018;41549;33509;3972;1737;2235;4068;2091;1977;777
3881;Totaal over alle leeftijden;Mannen en vrouwen;Etten-Leur;2019;41532;33418;4030;1789;2241;4084;2094;1990;777
3882;Totaal over alle leeftijden;Mannen en vrouwen;Etten-Leur;2020;41583;33373;4056;1800;2256;4154;2102;2052;777
3883;Totaal over alle leeftijden;Mannen en vrouwen;Etten-Leur;2021;41601;33346;4058;1782;2276;4197;2103;2094;777
3884;Totaal over alle leeftijden;Mannen en vrouwen;Etten-Leur;2022;41515;33209;4070;1809;2261;4236;2107;2129;777
3885;Totaal over alle leeftijden;Mannen en vrouwen;Etten-Leur;2023;41468;33064;4139;1839;2300;4265;2103;2162;777
3886;Totaal over alle leeftijden;Mannen en vrouwen;Etten-Leur;2024;41386;32923;4140;1832;2308;4323;2127;2196;777
3887;Totaal over alle leeftijden;Mannen en vrouwen;Etten-Leur;2025;41256;32737;4144;1824;2320;4375;2156;2219;777
3888;Totaal over alle leeftijden;Mannen en vrouwen;Ferwerderadiel;2008;8840;8396;282;88;194;162;87;75;1722
3889;Totaal over alle leeftijden;Mannen en vrouwen;Ferwerderadiel;2009;8783;8312;295;90;205;176;88;88;1722
3890;Totaal over alle leeftijden;Mannen en vrouwen;Ferwerderadiel;2010;8726;8235;298;90;208;193;95;98;1722
3891;Totaal over alle leeftijden;Mannen en vrouwen;Ferwerderadiel;2011;8727;8207;293;92;201;227;110;117;1722
3892;Totaal over alle leeftijden;Mannen en vrouwen;Ferwerderadiel;2012;8738;8205;295;98;197;238;110;128;1722
3893;Totaal over alle leeftijden;Mannen en vrouwen;Ferwerderadiel;2013;8679;8116;314;103;211;249;107;142;1722
3894;Totaal over alle leeftijden;Mannen en vrouwen;Ferwerderadiel;2014;8659;8077;318;99;219;264;119;145;1722
3895;Totaal over alle leeftijden;Mannen en vrouwen;Ferwerderadiel;2015;8615;8019;317;101;216;279;124;155;1722
3896;Totaal over alle leeftijden;Mannen en vrouwen;Ferwerderadiel;2016;8577;7994;310;89;221;273;123;150;1722
3897;Totaal over alle leeftijden;Mannen en vrouwen;Ferwerderadiel;2017;8493;7890;316;90;226;287;130;157;1722
3898;Totaal over alle leeftijden;Mannen en vrouwen;Ferwerderadiel;2018;8436;7838;305;84;221;293;137;156;1722
3899;Totaal over alle leeftijden;Mannen en vrouwen;Ferwerderadiel;2019;8388;7779;312;85;227;297;140;157;1722
3900;Totaal over alle leeftijden;Mannen en vrouwen;Ferwerderadiel;2020;8256;7645;304;92;212;307;151;156;1722
3901;Totaal over alle leeftijden;Mannen en vrouwen;Ferwerderadiel;2021;8155;7529;309;95;214;317;157;160;1722
3902;Totaal over alle leeftijden;Mannen en vrouwen;Ferwerderadiel;2022;8133;7480;314;96;218;339;162;177;1722
3903;Totaal over alle leeftijden;Mannen en vrouwen;Ferwerderadiel;2023;8042;7396;302;89;213;344;166;178;1722
3904;Totaal over alle leeftijden;Mannen en vrouwen;Ferwerderadiel;2024;7938;7298;302;87;215;338;160;178;1722
3905;Totaal over alle leeftijden;Mannen en vrouwen;Ferwerderadiel;2025;7861;7209;301;77;224;351;159;192;1722
3906;Totaal over alle leeftijden;Mannen en vrouwen;Franekeradeel;2008;20759;18958;1004;337;667;797;502;295;70
3907;Totaal over alle leeftijden;Mannen en vrouwen;Franekeradeel;2009;20727;18913;992;334;658;822;505;317;70
3908;Totaal over alle leeftijden;Mannen en vrouwen;Franekeradeel;2010;20636;18769;1013;354;659;854;508;346;70
3909;Totaal over alle leeftijden;Mannen en vrouwen;Franekeradeel;2011;20619;18738;1018;355;663;863;505;358;70
3910;Totaal over alle leeftijden;Mannen en vrouwen;Franekeradeel;2012;20574;18664;993;338;655;917;539;378;70
3911;Totaal over alle leeftijden;Mannen en vrouwen;Franekeradeel;2013;20491;18574;998;340;658;919;526;393;70
3912;Totaal over alle leeftijden;Mannen en vrouwen;Franekeradeel;2014;20402;18468;987;342;645;947;529;418;70
3913;Totaal over alle leeftijden;Mannen en vrouwen;Franekeradeel;2015;20314;18363;985;336;649;966;520;446;70
3914;Totaal over alle leeftijden;Mannen en vrouwen;Franekeradeel;2016;20233;18260;991;341;650;982;519;463;70
3915;Totaal over alle leeftijden;Mannen en vrouwen;Franekeradeel;2017;20130;18166;988;341;647;976;508;468;70
3916;Totaal over alle leeftijden;Mannen en vrouwen;Franekeradeel;2018;20061;18072;989;354;635;1000;507;493;70
3917;Totaal over alle leeftijden;Mannen en vrouwen;Franekeradeel;2019;19984;17935;999;351;648;1050;517;533;70
3918;Totaal over alle leeftijden;Mannen en vrouwen;Franekeradeel;2020;19901;17830;993;350;643;1078;510;568;70
3919;Totaal over alle leeftijden;Mannen en vrouwen;Franekeradeel;2021;19779;17666;1019;359;660;1094;516;578;70
3920;Totaal over alle leeftijden;Mannen en vrouwen;Franekeradeel;2022;19652;17550;996;358;638;1106;518;588;70
3921;Totaal over alle leeftijden;Mannen en vrouwen;Franekeradeel;2023;19540;17400;1001;367;634;1139;534;605;70
3922;Totaal over alle leeftijden;Mannen en vrouwen;Franekeradeel;2024;19418;17265;990;363;627;1163;549;614;70
3923;Totaal over alle leeftijden;Mannen en vrouwen;Franekeradeel;2025;19304;17155;969;352;617;1180;550;630;70
3924;Totaal over alle leeftijden;Mannen en vrouwen;Gaasterlân-Sleat;2008;10209;9712;379;122;257;118;65;53;653
3925;Totaal over alle leeftijden;Mannen en vrouwen;Gaasterlân-Sleat;2009;10218;9688;373;119;254;157;86;71;653
3926;Totaal over alle leeftijden;Mannen en vrouwen;Gaasterlân-Sleat;2010;10176;9630;377;117;260;169;95;74;653
3927;Totaal over alle leeftijden;Mannen en vrouwen;Gaasterlân-Sleat;2011;10210;9636;393;116;277;181;97;84;653
3928;Totaal over alle leeftijden;Mannen en vrouwen;Gaasterlân-Sleat;2012;10132;9557;393;110;283;182;96;86;653
3929;Totaal over alle leeftijden;Mannen en vrouwen;Gaasterlân-Sleat;2013;10143;9553;391;106;285;199;98;101;653
3930;Totaal over alle leeftijden;Mannen en vrouwen;Gaasterlân-Sleat;2014;10109;9500;388;107;281;221;111;110;653
3931;Totaal over alle leeftijden;Mannen en vrouwen;Gaasterlân-Sleat;2015;10072;9441;393;110;283;238;122;116;653
3932;Totaal over alle leeftijden;Mannen en vrouwen;Gaasterlân-Sleat;2016;10011;9359;401;114;287;251;134;117;653
3933;Totaal over alle leeftijden;Mannen en vrouwen;Gaasterlân-Sleat;2017;9977;9303;403;114;289;271;143;128;653
3934;Totaal over alle leeftijden;Mannen en vrouwen;Gaasterlân-Sleat;2018;10000;9291;411;115;296;298;165;133;653
3935;Totaal over alle leeftijden;Mannen en vrouwen;Gaasterlân-Sleat;2019;10010;9275;430;121;309;305;165;140;653
3936;Totaal over alle leeftijden;Mannen en vrouwen;Gaasterlân-Sleat;2020;9998;9246;431;121;310;321;174;147;653
3937;Totaal over alle leeftijden;Mannen en vrouwen;Gaasterlân-Sleat;2021;10002;9239;434;115;319;329;172;157;653
3938;Totaal over alle leeftijden;Mannen en vrouwen;Gaasterlân-Sleat;2022;9967;9184;439;122;317;344;177;167;653
3939;Totaal over alle leeftijden;Mannen en vrouwen;Gaasterlân-Sleat;2023;9972;9173;438;118;320;361;193;168;653
3940;Totaal over alle leeftijden;Mannen en vrouwen;Gaasterlân-Sleat;2024;10011;9198;443;123;320;370;198;172;653
3941;Totaal over alle leeftijden;Mannen en vrouwen;Gaasterlân-Sleat;2025;10018;9178;448;122;326;392;204;188;653
3942;Totaal over alle leeftijden;Mannen en vrouwen;Geertruidenberg;2008;20879;18997;1227;447;780;655;374;281;779
3943;Totaal over alle leeftijden;Mannen en vrouwen;Geertruidenberg;2009;20895;18936;1241;459;782;718;398;320;779
3944;Totaal over alle leeftijden;Mannen en vrouwen;Geertruidenberg;2010;20888;18868;1257;475;782;763;412;351;779
3945;Totaal over alle leeftijden;Mannen en vrouwen;Geertruidenberg;2011;20886;18835;1261;487;774;790;422;368;779
3946;Totaal over alle leeftijden;Mannen en vrouwen;Geertruidenberg;2012;20859;18766;1276;495;781;817;434;383;779
3947;Totaal over alle leeftijden;Mannen en vrouwen;Geertruidenberg;2013;20849;18684;1300;501;799;865;450;415;779
3948;Totaal over alle leeftijden;Mannen en vrouwen;Geertruidenberg;2014;20734;18519;1325;513;812;890;468;422;779
3949;Totaal over alle leeftijden;Mannen en vrouwen;Geertruidenberg;2015;20694;18421;1345;508;837;928;495;433;779
3950;Totaal over alle leeftijden;Mannen en vrouwen;Geertruidenberg;2016;20599;18261;1374;522;852;964;515;449;779
3951;Totaal over alle leeftijden;Mannen en vrouwen;Geertruidenberg;2017;20603;18177;1389;535;854;1037;543;494;779
3952;Totaal over alle leeftijden;Mannen en vrouwen;Geertruidenberg;2018;20528;18058;1386;521;865;1084;564;520;779
3953;Totaal over alle leeftijden;Mannen en vrouwen;Geertruidenberg;2019;20441;17922;1385;528;857;1134;601;533;779
3954;Totaal over alle leeftijden;Mannen en vrouwen;Geertruidenberg;2020;20394;17870;1381;538;843;1143;613;530;779
3955;Totaal over alle leeftijden;Mannen en vrouwen;Geertruidenberg;2021;20354;17797;1380;537;843;1177;629;548;779
3956;Totaal over alle leeftijden;Mannen en vrouwen;Geertruidenberg;2022;20260;17657;1393;551;842;1210;631;579;779
3957;Totaal over alle leeftijden;Mannen en vrouwen;Geertruidenberg;2023;20330;17646;1411;561;850;1273;657;616;779
3958;Totaal over alle leeftijden;Mannen en vrouwen;Geertruidenberg;2024;20311;17565;1419;568;851;1327;667;660;779
3959;Totaal over alle leeftijden;Mannen en vrouwen;Geertruidenberg;2025;20274;17458;1431;577;854;1385;698;687;779
3960;Totaal over alle leeftijden;Mannen en vrouwen;Geldermalsen;2008;26035;24008;1174;359;815;853;480;373;236
3961;Totaal over alle leeftijden;Mannen en vrouwen;Geldermalsen;2009;25963;23911;1165;360;805;887;491;396;236
3962;Totaal over alle leeftijden;Mannen en vrouwen;Geldermalsen;2010;25971;23885;1150;352;798;936;507;429;236
3963;Totaal over alle leeftijden;Mannen en vrouwen;Geldermalsen;2011;25956;23811;1186;383;803;959;522;437;236
3964;Totaal over alle leeftijden;Mannen en vrouwen;Geldermalsen;2012;25945;23741;1206;381;825;998;534;464;236
3965;Totaal over alle leeftijden;Mannen en vrouwen;Geldermalsen;2013;25884;23641;1203;373;830;1040;545;495;236
3966;Totaal over alle leeftijden;Mannen en vrouwen;Geldermalsen;2014;25859;23566;1207;371;836;1086;569;517;236
3967;Totaal over alle leeftijden;Mannen en vrouwen;Geldermalsen;2015;25759;23440;1198;358;840;1121;592;529;236
3968;Totaal over alle leeftijden;Mannen en vrouwen;Geldermalsen;2016;25798;23426;1202;369;833;1170;596;574;236
3969;Totaal over alle leeftijden;Mannen en vrouwen;Geldermalsen;2017;25710;23311;1201;380;821;1198;606;592;236
3970;Totaal over alle leeftijden;Mannen en vrouwen;Geldermalsen;2018;25734;23284;1185;384;801;1265;631;634;236
3971;Totaal over alle leeftijden;Mannen en vrouwen;Geldermalsen;2019;25635;23136;1181;389;792;1318;665;653;236
3972;Totaal over alle leeftijden;Mannen en vrouwen;Geldermalsen;2020;25602;23082;1190;394;796;1330;670;660;236
3973;Totaal over alle leeftijden;Mannen en vrouwen;Geldermalsen;2021;25452;22940;1156;387;769;1356;691;665;236
3974;Totaal over alle leeftijden;Mannen en vrouwen;Geldermalsen;2022;25406;22874;1151;380;771;1381;694;687;236
3975;Totaal over alle leeftijden;Mannen en vrouwen;Geldermalsen;2023;25355;22771;1174;399;775;1410;708;702;236
3976;Totaal over alle leeftijden;Mannen en vrouwen;Geldermalsen;2024;25260;22636;1181;410;771;1443;731;712;236
3977;Totaal over alle leeftijden;Mannen en vrouwen;Geldermalsen;2025;25274;22618;1203;420;783;1453;730;723;236
3978;Totaal over alle leeftijden;Mannen en vrouwen;Geldrop-Mierlo;2008;38333;32764;3246;1145;2101;2323;1288;1035;1771
3979;Totaal over alle leeftijden;Mannen en vrouwen;Geldrop-Mierlo;2009;38486;32785;3227;1130;2097;2474;1380;1094;1771
3980;Totaal over alle leeftijden;Mannen en vrouwen;Geldrop-Mierlo;2010;38630;32839;3236;1108;2128;2555;1431;1124;1771
3981;Totaal over alle leeftijden;Mannen en vrouwen;Geldrop-Mierlo;2011;38636;32768;3211;1102;2109;2657;1471;1186;1771
3982;Totaal over alle leeftijden;Mannen en vrouwen;Geldrop-Mierlo;2012;38579;32567;3216;1097;2119;2796;1504;1292;1771
3983;Totaal over alle leeftijden;Mannen en vrouwen;Geldrop-Mierlo;2013;38441;32352;3230;1120;2110;2859;1504;1355;1771
3984;Totaal over alle leeftijden;Mannen en vrouwen;Geldrop-Mierlo;2014;38327;32173;3234;1138;2096;2920;1523;1397;1771
3985;Totaal over alle leeftijden;Mannen en vrouwen;Geldrop-Mierlo;2015;38224;31983;3234;1140;2094;3007;1580;1427;1771
3986;Totaal over alle leeftijden;Mannen en vrouwen;Geldrop-Mierlo;2016;38166;31815;3219;1145;2074;3132;1622;1510;1771
3987;Totaal over alle leeftijden;Mannen en vrouwen;Geldrop-Mierlo;2017;38038;31579;3218;1148;2070;3241;1675;1566;1771
3988;Totaal over alle leeftijden;Mannen en vrouwen;Geldrop-Mierlo;2018;37939;31373;3224;1177;2047;3342;1674;1668;1771
3989;Totaal over alle leeftijden;Mannen en vrouwen;Geldrop-Mierlo;2019;37827;31163;3192;1166;2026;3472;1717;1755;1771
3990;Totaal over alle leeftijden;Mannen en vrouwen;Geldrop-Mierlo;2020;37718;30965;3201;1178;2023;3552;1739;1813;1771
3991;Totaal over alle leeftijden;Mannen en vrouwen;Geldrop-Mierlo;2021;37626;30738;3216;1198;2018;3672;1799;1873;1771
3992;Totaal over alle leeftijden;Mannen en vrouwen;Geldrop-Mierlo;2022;37517;30540;3215;1188;2027;3762;1818;1944;1771
3993;Totaal over alle leeftijden;Mannen en vrouwen;Geldrop-Mierlo;2023;37477;30387;3201;1178;2023;3889;1861;2028;1771
3994;Totaal over alle leeftijden;Mannen en vrouwen;Geldrop-Mierlo;2024;37408;30229;3190;1175;2015;3989;1892;2097;1771
3995;Totaal over alle leeftijden;Mannen en vrouwen;Geldrop-Mierlo;2025;37318;30042;3196;1182;2014;4080;1905;2175;1771
3996;Totaal over alle leeftijden;Mannen en vrouwen;Gemert-Bakel;2008;27947;25660;1577;627;950;710;441;269;1652
3997;Totaal over alle leeftijden;Mannen en vrouwen;Gemert-Bakel;2009;27894;25520;1593;631;962;781;473;308;1652
3998;Totaal over alle leeftijden;Mannen en vrouwen;Gemert-Bakel;2010;27880;25390;1633;645;988;857;518;339;1652
3999;Totaal over alle leeftijden;Mannen en vrouwen;Gemert-Bakel;2011;27792;25230;1645;643;1002;917;540;377;1652
4000;Totaal over alle leeftijden;Mannen en vrouwen;Gemert-Bakel;2012;27780;25129;1672;648;1024;979;574;405;1652
4001;Totaal over alle leeftijden;Mannen en vrouwen;Gemert-Bakel;2013;27789;25050;1691;670;1021;1048;597;451;1652
4002;Totaal over alle leeftijden;Mannen en vrouwen;Gemert-Bakel;2014;27759;24945;1710;678;1032;1104;627;477;1652
4003;Totaal over alle leeftijden;Mannen en vrouwen;Gemert-Bakel;2015;27791;24884;1739;698;1041;1168;653;515;1652
4004;Totaal over alle leeftijden;Mannen en vrouwen;Gemert-Bakel;2016;27772;24780;1784;718;1066;1208;693;515;1652
4005;Totaal over alle leeftijden;Mannen en vrouwen;Gemert-Bakel;2017;27796;24720;1820;730;1090;1256;710;546;1652
4006;Totaal over alle leeftijden;Mannen en vrouwen;Gemert-Bakel;2018;27716;24563;1828;731;1097;1325;742;583;1652
4007;Totaal over alle leeftijden;Mannen en vrouwen;Gemert-Bakel;2019;27828;24553;1868;752;1116;1407;774;633;1652
4008;Totaal over alle leeftijden;Mannen en vrouwen;Gemert-Bakel;2020;27856;24461;1906;781;1125;1489;817;672;1652
4009;Totaal over alle leeftijden;Mannen en vrouwen;Gemert-Bakel;2021;27939;24447;1929;800;1129;1563;849;714;1652
4010;Totaal over alle leeftijden;Mannen en vrouwen;Gemert-Bakel;2022;28005;24359;1982;829;1153;1664;916;748;1652
4011;Totaal over alle leeftijden;Mannen en vrouwen;Gemert-Bakel;2023;28087;24342;2013;850;1163;1732;952;780;1652
4012;Totaal over alle leeftijden;Mannen en vrouwen;Gemert-Bakel;2024;28129;24274;2041;863;1178;1814;996;818;1652
4013;Totaal over alle leeftijden;Mannen en vrouwen;Gemert-Bakel;2025;28209;24251;2071;886;1185;1887;1023;864;1652
4014;Totaal over alle leeftijden;Mannen en vrouwen;Gennep;2008;16698;14255;1741;505;1236;702;398;304;907
4015;Totaal over alle leeftijden;Mannen en vrouwen;Gennep;2009;16672;14228;1704;480;1224;740;409;331;907
4016;Totaal over alle leeftijden;Mannen en vrouwen;Gennep;2010;16698;14232;1690;463;1227;776;426;350;907
4017;Totaal over alle leeftijden;Mannen en vrouwen;Gennep;2011;16627;14162;1664;448;1216;801;440;361;907
4018;Totaal over alle leeftijden;Mannen en vrouwen;Gennep;2012;16629;14109;1682;460;1222;838;457;381;907
4019;Totaal over alle leeftijden;Mannen en vrouwen;Gennep;2013;16599;14033;1702;481;1221;864;470;394;907
4020;Totaal over alle leeftijden;Mannen en vrouwen;Gennep;2014;16561;14018;1673;473;1200;870;482;388;907
4021;Totaal over alle leeftijden;Mannen en vrouwen;Gennep;2015;16522;13938;1678;480;1198;906;493;413;907
4022;Totaal over alle leeftijden;Mannen en vrouwen;Gennep;2016;16496;13914;1661;476;1185;921;501;420;907
4023;Totaal over alle leeftijden;Mannen en vrouwen;Gennep;2017;16499;13905;1632;474;1158;962;522;440;907
4024;Totaal over alle leeftijden;Mannen en vrouwen;Gennep;2018;16535;13944;1615;489;1126;976;531;445;907
4025;Totaal over alle leeftijden;Mannen en vrouwen;Gennep;2019;16538;13898;1623;486;1137;1017;557;460;907
4026;Totaal over alle leeftijden;Mannen en vrouwen;Gennep;2020;16535;13860;1619;500;1119;1056;572;484;907
4027;Totaal over alle leeftijden;Mannen en vrouwen;Gennep;2021;16598;13866;1656;506;1150;1076;584;492;907
4028;Totaal over alle leeftijden;Mannen en vrouwen;Gennep;2022;16569;13824;1633;487;1146;1112;610;502;907
4029;Totaal over alle leeftijden;Mannen en vrouwen;Gennep;2023;16618;13858;1631;490;1141;1129;614;515;907
4030;Totaal over alle leeftijden;Mannen en vrouwen;Gennep;2024;16680;13867;1654;510;1144;1159;625;534;907
4031;Totaal over alle leeftijden;Mannen en vrouwen;Gennep;2025;16712;13893;1643;502;1141;1176;632;544;907
4032;Totaal over alle leeftijden;Mannen en vrouwen;Giessenlanden;2008;14292;13420;604;217;387;268;136;132;689
4033;Totaal over alle leeftijden;Mannen en vrouwen;Giessenlanden;2009;14145;13244;613;219;394;288;138;150;689
4034;Totaal over alle leeftijden;Mannen en vrouwen;Giessenlanden;2010;14140;13191;622;221;401;327;152;175;689
4035;Totaal over alle leeftijden;Mannen en vrouwen;Giessenlanden;2011;14113;13134;629;220;409;350;157;193;689
4036;Totaal over alle leeftijden;Mannen en vrouwen;Giessenlanden;2012;14099;13068;660;242;418;371;161;210;689
4037;Totaal over alle leeftijden;Mannen en vrouwen;Giessenlanden;2013;14048;12966;670;248;422;412;184;228;689
4038;Totaal over alle leeftijden;Mannen en vrouwen;Giessenlanden;2014;14044;12907;683;257;426;454;190;264;689
4039;Totaal over alle leeftijden;Mannen en vrouwen;Giessenlanden;2015;14019;12839;699;252;447;481;204;277;689
4040;Totaal over alle leeftijden;Mannen en vrouwen;Giessenlanden;2016;13998;12787;706;249;457;505;212;293;689
4041;Totaal over alle leeftijden;Mannen en vrouwen;Giessenlanden;2017;13944;12707;705;245;460;532;230;302;689
4042;Totaal over alle leeftijden;Mannen en vrouwen;Giessenlanden;2018;13911;12660;713;250;463;538;229;309;689
4043;Totaal over alle leeftijden;Mannen en vrouwen;Giessenlanden;2019;13872;12586;710;242;468;576;255;321;689
4044;Totaal over alle leeftijden;Mannen en vrouwen;Giessenlanden;2020;13843;12528;707;247;460;608;255;353;689
4045;Totaal over alle leeftijden;Mannen en vrouwen;Giessenlanden;2021;13780;12443;707;247;460;630;271;359;689
4046;Totaal over alle leeftijden;Mannen en vrouwen;Giessenlanden;2022;13795;12422;716;255;461;657;284;373;689
4047;Totaal over alle leeftijden;Mannen en vrouwen;Giessenlanden;2023;13764;12364;717;258;459;683;292;391;689
4048;Totaal over alle leeftijden;Mannen en vrouwen;Giessenlanden;2024;13754;12312;735;258;477;707;307;400;689
4049;Totaal over alle leeftijden;Mannen en vrouwen;Giessenlanden;2025;13732;12242;750;266;484;740;316;424;689
4050;Totaal over alle leeftijden;Mannen en vrouwen;Gilze en Rijen;2008;25443;21976;1752;568;1184;1715;1002;713;784
4051;Totaal over alle leeftijden;Mannen en vrouwen;Gilze en Rijen;2009;25555;22024;1761;570;1191;1770;1032;738;784
4052;Totaal over alle leeftijden;Mannen en vrouwen;Gilze en Rijen;2010;25598;22001;1750;567;1183;1847;1082;765;784
4053;Totaal over alle leeftijden;Mannen en vrouwen;Gilze en Rijen;2011;25646;22015;1725;556;1169;1906;1124;782;784
4054;Totaal over alle leeftijden;Mannen en vrouwen;Gilze en Rijen;2012;25599;21916;1726;551;1175;1957;1156;801;784
4055;Totaal over alle leeftijden;Mannen en vrouwen;Gilze en Rijen;2013;25609;21847;1736;556;1180;2026;1190;836;784
4056;Totaal over alle leeftijden;Mannen en vrouwen;Gilze en Rijen;2014;25532;21756;1701;540;1161;2075;1225;850;784
4057;Totaal over alle leeftijden;Mannen en vrouwen;Gilze en Rijen;2015;25453;21644;1713;560;1153;2096;1259;837;784
4058;Totaal over alle leeftijden;Mannen en vrouwen;Gilze en Rijen;2016;25365;21550;1706;568;1138;2109;1270;839;784
4059;Totaal over alle leeftijden;Mannen en vrouwen;Gilze en Rijen;2017;25329;21448;1691;564;1127;2190;1289;901;784
4060;Totaal over alle leeftijden;Mannen en vrouwen;Gilze en Rijen;2018;25249;21301;1685;561;1124;2263;1315;948;784
4061;Totaal over alle leeftijden;Mannen en vrouwen;Gilze en Rijen;2019;25189;21170;1682;574;1108;2337;1363;974;784
4062;Totaal over alle leeftijden;Mannen en vrouwen;Gilze en Rijen;2020;25145;21078;1699;567;1132;2368;1390;978;784
4063;Totaal over alle leeftijden;Mannen en vrouwen;Gilze en Rijen;2021;25066;20969;1686;582;1104;2411;1414;997;784
4064;Totaal over alle leeftijden;Mannen en vrouwen;Gilze en Rijen;2022;24962;20796;1692;582;1110;2474;1447;1027;784
4065;Totaal over alle leeftijden;Mannen en vrouwen;Gilze en Rijen;2023;24835;20628;1686;595;1091;2521;1471;1050;784
4066;Totaal over alle leeftijden;Mannen en vrouwen;Gilze en Rijen;2024;24744;20486;1696;618;1078;2562;1482;1080;784
4067;Totaal over alle leeftijden;Mannen en vrouwen;Gilze en Rijen;2025;24651;20359;1690;613;1077;2602;1494;1108;784
4068;Totaal over alle leeftijden;Mannen en vrouwen;Goedereede;2008;11444;10874;360;136;224;210;117;93;511
4069;Totaal over alle leeftijden;Mannen en vrouwen;Goedereede;2009;11398;10788;376;146;230;234;133;101;511
4070;Totaal over alle leeftijden;Mannen en vrouwen;Goedereede;2010;11343;10687;382;150;232;274;162;112;511
4071;Totaal over alle leeftijden;Mannen en vrouwen;Goedereede;2011;11204;10545;378;142;236;281;164;117;511
4072;Totaal over alle leeftijden;Mannen en vrouwen;Goedereede;2012;11150;10453;394;147;247;303;172;131;511
4073;Totaal over alle leeftijden;Mannen en vrouwen;Goedereede;2013;11069;10341;408;154;254;320;179;141;511
4074;Totaal over alle leeftijden;Mannen en vrouwen;Goedereede;2014;11045;10278;424;167;257;343;188;155;511
4075;Totaal over alle leeftijden;Mannen en vrouwen;Goedereede;2015;11056;10280;422;167;255;354;186;168;511
4076;Totaal over alle leeftijden;Mannen en vrouwen;Goedereede;2016;11065;10252;428;174;254;385;191;194;511
4077;Totaal over alle leeftijden;Mannen en vrouwen;Goedereede;2017;11103;10242;448;180;268;413;201;212;511
4078;Totaal over alle leeftijden;Mannen en vrouwen;Goedereede;2018;11103;10195;459;187;272;449;223;226;511
4079;Totaal over alle leeftijden;Mannen en vrouwen;Goedereede;2019;11078;10136;471;192;279;471;230;241;511
4080;Totaal over alle leeftijden;Mannen en vrouwen;Goedereede;2020;11102;10136;477;188;289;489;240;249;511
4081;Totaal over alle leeftijden;Mannen en vrouwen;Goedereede;2021;11003;10010;482;186;296;511;252;259;511
4082;Totaal over alle leeftijden;Mannen en vrouwen;Goedereede;2022;11022;9992;489;190;299;541;271;270;511
4083;Totaal over alle leeftijden;Mannen en vrouwen;Goedereede;2023;10878;9833;489;187;302;556;279;277;511
4084;Totaal over alle leeftijden;Mannen en vrouwen;Goedereede;2024;10845;9782;493;194;299;570;279;291;511
4085;Totaal over alle leeftijden;Mannen en vrouwen;Goedereede;2025;10815;9713;507;197;310;595;298;297;511
4086;Totaal over alle leeftijden;Mannen en vrouwen;Goes;2008;37023;32068;2682;1077;1605;2273;1282;991;664
4087;Totaal over alle leeftijden;Mannen en vrouwen;Goes;2009;37094;32077;2678;1070;1608;2339;1309;1030;664
4088;Totaal over alle leeftijden;Mannen en vrouwen;Goes;2010;37150;32032;2713;1079;1634;2405;1337;1068;664
4089;Totaal over alle leeftijden;Mannen en vrouwen;Goes;2011;37366;32155;2723;1084;1639;2488;1362;1126;664
4090;Totaal over alle leeftijden;Mannen en vrouwen;Goes;2012;37604;32288;2782;1113;1669;2534;1390;1144;664
4091;Totaal over alle leeftijden;Mannen en vrouwen;Goes;2013;37811;32379;2807;1106;1701;2625;1443;1182;664
4092;Totaal over alle leeftijden;Mannen en vrouwen;Goes;2014;38033;32481;2835;1128;1707;2717;1473;1244;664
4093;Totaal over alle leeftijden;Mannen en vrouwen;Goes;2015;38255;32578;2849;1145;1704;2828;1535;1293;664
4094;Totaal over alle leeftijden;Mannen en vrouwen;Goes;2016;38233;32517;2833;1136;1697;2883;1565;1318;664
4095;Totaal over alle leeftijden;Mannen en vrouwen;Goes;2017;38329;32485;2865;1140;1725;2979;1640;1339;664
4096;Totaal over alle leeftijden;Mannen en vrouwen;Goes;2018;38551;32543;2914;1154;1760;3094;1689;1405;664
4097;Totaal over alle leeftijden;Mannen en vrouwen;Goes;2019;38700;32631;2964;1171;1793;3105;1701;1404;664
4098;Totaal over alle leeftijden;Mannen en vrouwen;Goes;2020;38746;32607;3008;1206;1802;3131;1689;1442;664
4099;Totaal over alle leeftijden;Mannen en vrouwen;Goes;2021;38861;32697;2995;1190;1805;3169;1705;1464;664
4100;Totaal over alle leeftijden;Mannen en vrouwen;Goes;2022;38951;32679;3027;1209;1818;3245;1736;1509;664
4101;Totaal over alle leeftijden;Mannen en vrouwen;Goes;2023;39049;32668;3061;1233;1828;3320;1762;1558;664
4102;Totaal over alle leeftijden;Mannen en vrouwen;Goes;2024;39136;32659;3080;1236;1844;3397;1789;1608;664
4103;Totaal over alle leeftijden;Mannen en vrouwen;Goes;2025;39183;32648;3080;1251;1829;3455;1833;1622;664
4104;Totaal over alle leeftijden;Mannen en vrouwen;Goirle;2008;22211;19934;1491;425;1066;786;427;359;785
4105;Totaal over alle leeftijden;Mannen en vrouwen;Goirle;2009;22221;19876;1488;433;1055;857;464;393;785
4106;Totaal over alle leeftijden;Mannen en vrouwen;Goirle;2010;22173;19787;1474;417;1057;912;496;416;785
4107;Totaal over alle leeftijden;Mannen en vrouwen;Goirle;2011;22060;19626;1477;418;1059;957;515;442;785
4108;Totaal over alle leeftijden;Mannen en vrouwen;Goirle;2012;21962;19494;1455;413;1042;1013;541;472;785
4109;Totaal over alle leeftijden;Mannen en vrouwen;Goirle;2013;21894;19356;1473;436;1037;1065;563;502;785
4110;Totaal over alle leeftijden;Mannen en vrouwen;Goirle;2014;21796;19227;1467;422;1045;1102;585;517;785
4111;Totaal over alle leeftijden;Mannen en vrouwen;Goirle;2015;21688;19094;1443;416;1027;1151;621;530;785
4112;Totaal over alle leeftijden;Mannen en vrouwen;Goirle;2016;21627;19005;1428;415;1013;1194;624;570;785
4113;Totaal over alle leeftijden;Mannen en vrouwen;Goirle;2017;21579;18933;1432;428;1004;1214;625;589;785
4114;Totaal over alle leeftijden;Mannen en vrouwen;Goirle;2018;21606;18930;1417;434;983;1259;640;619;785
4115;Totaal over alle leeftijden;Mannen en vrouwen;Goirle;2019;21505;18812;1400;434;966;1293;644;649;785
4116;Totaal over alle leeftijden;Mannen en vrouwen;Goirle;2020;21499;18771;1381;427;954;1347;672;675;785
4117;Totaal over alle leeftijden;Mannen en vrouwen;Goirle;2021;21393;18611;1375;432;943;1407;681;726;785
4118;Totaal over alle leeftijden;Mannen en vrouwen;Goirle;2022;21391;18576;1360;414;946;1455;700;755;785
4119;Totaal over alle leeftijden;Mannen en vrouwen;Goirle;2023;21328;18450;1376;423;953;1502;711;791;785
4120;Totaal over alle leeftijden;Mannen en vrouwen;Goirle;2024;21356;18406;1399;438;961;1551;744;807;785
4121;Totaal over alle leeftijden;Mannen en vrouwen;Goirle;2025;21367;18373;1402;458;944;1592;757;835;785
4122;Totaal over alle leeftijden;Mannen en vrouwen;Gorinchem;2008;34050;26358;3093;1365;1728;4599;2519;2080;512
4123;Totaal over alle leeftijden;Mannen en vrouwen;Gorinchem;2009;34209;26521;3093;1358;1735;4595;2518;2077;512
4124;Totaal over alle leeftijden;Mannen en vrouwen;Gorinchem;2010;34348;26645;3059;1328;1731;4644;2559;2085;512
4125;Totaal over alle leeftijden;Mannen en vrouwen;Gorinchem;2011;34391;26704;3038;1303;1735;4649;2578;2071;512
4126;Totaal over alle leeftijden;Mannen en vrouwen;Gorinchem;2012;34463;26746;3030;1301;1729;4687;2594;2093;512
4127;Totaal over alle leeftijden;Mannen en vrouwen;Gorinchem;2013;34542;26860;3007;1268;1739;4675;2579;2096;512
4128;Totaal over alle leeftijden;Mannen en vrouwen;Gorinchem;2014;34744;27056;3011;1265;1746;4677;2603;2074;512
4129;Totaal over alle leeftijden;Mannen en vrouwen;Gorinchem;2015;34827;27111;3019;1266;1753;4697;2607;2090;512
4130;Totaal over alle leeftijden;Mannen en vrouwen;Gorinchem;2016;34981;27232;3037;1278;1759;4712;2620;2092;512
4131;Totaal over alle leeftijden;Mannen en vrouwen;Gorinchem;2017;35095;27302;3045;1275;1770;4748;2655;2093;512
4132;Totaal over alle leeftijden;Mannen en vrouwen;Gorinchem;2018;35160;27384;2999;1253;1746;4777;2663;2114;512
4133;Totaal over alle leeftijden;Mannen en vrouwen;Gorinchem;2019;35170;27389;3008;1240;1768;4773;2675;2098;512
4134;Totaal over alle leeftijden;Mannen en vrouwen;Gorinchem;2020;35259;27495;2983;1217;1766;4781;2698;2083;512
4135;Totaal over alle leeftijden;Mannen en vrouwen;Gorinchem;2021;35372;27600;2988;1214;1774;4784;2708;2076;512
4136;Totaal over alle leeftijden;Mannen en vrouwen;Gorinchem;2022;35339;27561;2999;1225;1774;4779;2702;2077;512
4137;Totaal over alle leeftijden;Mannen en vrouwen;Gorinchem;2023;35252;27526;2993;1210;1783;4733;2671;2062;512
4138;Totaal over alle leeftijden;Mannen en vrouwen;Gorinchem;2024;35317;27622;2969;1190;1779;4726;2679;2047;512
4139;Totaal over alle leeftijden;Mannen en vrouwen;Gorinchem;2025;35304;27636;2991;1197;1794;4677;2662;2015;512
4140;Totaal over alle leeftijden;Mannen en vrouwen;Gouda;2008;70778;55781;5225;2094;3131;9772;5243;4529;513
4141;Totaal over alle leeftijden;Mannen en vrouwen;Gouda;2009;70550;55527;5252;2122;3130;9771;5202;4569;513
4142;Totaal over alle leeftijden;Mannen en vrouwen;Gouda;2010;70362;55317;5280;2127;3153;9765;5156;4609;513
4143;Totaal over alle leeftijden;Mannen en vrouwen;Gouda;2011;70262;55192;5298;2140;3158;9772;5113;4659;513
4144;Totaal over alle leeftijden;Mannen en vrouwen;Gouda;2012;70676;55445;5350;2163;3187;9881;5151;4730;513
4145;Totaal over alle leeftijden;Mannen en vrouwen;Gouda;2013;70968;55631;5445;2214;3231;9892;5144;4748;513
4146;Totaal over alle leeftijden;Mannen en vrouwen;Gouda;2014;71418;55919;5494;2261;3233;10005;5151;4854;513
4147;Totaal over alle leeftijden;Mannen en vrouwen;Gouda;2015;71939;56285;5591;2304;3287;10063;5199;4864;513
4148;Totaal over alle leeftijden;Mannen en vrouwen;Gouda;2016;72279;56511;5644;2341;3303;10124;5238;4886;513
4149;Totaal over alle leeftijden;Mannen en vrouwen;Gouda;2017;72764;56800;5746;2428;3318;10218;5305;4913;513
4150;Totaal over alle leeftijden;Mannen en vrouwen;Gouda;2018;73337;57216;5840;2453;3387;10281;5313;4968;513
4151;Totaal over alle leeftijden;Mannen en vrouwen;Gouda;2019;73739;57457;5940;2513;3427;10342;5347;4995;513
4152;Totaal over alle leeftijden;Mannen en vrouwen;Gouda;2020;74167;57710;6047;2557;3490;10410;5375;5035;513
4153;Totaal over alle leeftijden;Mannen en vrouwen;Gouda;2021;74597;57993;6126;2590;3536;10478;5370;5108;513
4154;Totaal over alle leeftijden;Mannen en vrouwen;Gouda;2022;74958;58235;6222;2635;3587;10501;5357;5144;513
4155;Totaal over alle leeftijden;Mannen en vrouwen;Gouda;2023;75384;58507;6337;2693;3644;10540;5369;5171;513
4156;Totaal over alle leeftijden;Mannen en vrouwen;Gouda;2024;75619;58696;6361;2700;3661;10562;5351;5211;513
4157;Totaal over alle leeftijden;Mannen en vrouwen;Gouda;2025;75784;58742;6421;2734;3687;10621;5408;5213;513
4158;Totaal over alle leeftijden;Mannen en vrouwen;Graafstroom;2008;9499;9118;236;76;160;145;88;57;693
4159;Totaal over alle leeftijden;Mannen en vrouwen;Graafstroom;2009;9397;8994;238;79;159;165;92;73;693
4160;Totaal over alle leeftijden;Mannen en vrouwen;Graafstroom;2010;9301;8879;239;78;161;183;103;80;693
4161;Totaal over alle leeftijden;Mannen en vrouwen;Graafstroom;2011;9231;8776;251;86;165;204;108;96;693
4162;Totaal over alle leeftijden;Mannen en vrouwen;Graafstroom;2012;9158;8679;259;91;168;220;116;104;693
4163;Totaal over alle leeftijden;Mannen en vrouwen;Graafstroom;2013;9086;8569;278;107;171;239;129;110;693
4164;Totaal over alle leeftijden;Mannen en vrouwen;Graafstroom;2014;9009;8464;289;110;179;256;137;119;693
4165;Totaal over alle leeftijden;Mannen en vrouwen;Graafstroom;2015;9040;8469;300;112;188;271;140;131;693
4166;Totaal over alle leeftijden;Mannen en vrouwen;Graafstroom;2016;8966;8358;318;122;196;290;145;145;693
4167;Totaal over alle leeftijden;Mannen en vrouwen;Graafstroom;2017;8900;8262;330;131;199;308;150;158;693
4168;Totaal over alle leeftijden;Mannen en vrouwen;Graafstroom;2018;8814;8172;337;127;210;305;152;153;693
4169;Totaal over alle leeftijden;Mannen en vrouwen;Graafstroom;2019;8667;8014;345;131;214;308;153;155;693
4170;Totaal over alle leeftijden;Mannen en vrouwen;Graafstroom;2020;8548;7867;355;137;218;326;162;164;693
4171;Totaal over alle leeftijden;Mannen en vrouwen;Graafstroom;2021;8483;7781;365;141;224;337;161;176;693
4172;Totaal over alle leeftijden;Mannen en vrouwen;Graafstroom;2022;8369;7655;368;138;230;346;167;179;693
4173;Totaal over alle leeftijden;Mannen en vrouwen;Graafstroom;2023;8418;7661;379;141;238;378;191;187;693
4174;Totaal over alle leeftijden;Mannen en vrouwen;Graafstroom;2024;8314;7538;389;144;245;387;196;191;693
4175;Totaal over alle leeftijden;Mannen en vrouwen;Graafstroom;2025;8421;7587;405;148;257;429;205;224;693
4176;Totaal over alle leeftijden;Mannen en vrouwen;Graft-De Rijp;2008;6511;5999;341;103;238;171;82;89;365
4177;Totaal over alle leeftijden;Mannen en vrouwen;Graft-De Rijp;2009;6401;5880;342;104;238;179;87;92;365
4178;Totaal over alle leeftijden;Mannen en vrouwen;Graft-De Rijp;2010;6398;5846;349;109;240;203;92;111;365
4179;Totaal over alle leeftijden;Mannen en vrouwen;Graft-De Rijp;2011;6414;5847;343;108;235;224;98;126;365
4180;Totaal over alle leeftijden;Mannen en vrouwen;Graft-De Rijp;2012;6418;5831;345;115;230;242;113;129;365
4181;Totaal over alle leeftijden;Mannen en vrouwen;Graft-De Rijp;2013;6395;5787;349;122;227;259;117;142;365
4182;Totaal over alle leeftijden;Mannen en vrouwen;Graft-De Rijp;2014;6386;5756;353;125;228;277;128;149;365
4183;Totaal over alle leeftijden;Mannen en vrouwen;Graft-De Rijp;2015;6435;5764;361;132;229;310;143;167;365
4184;Totaal over alle leeftijden;Mannen en vrouwen;Graft-De Rijp;2016;6397;5727;364;137;227;306;133;173;365
4185;Totaal over alle leeftijden;Mannen en vrouwen;Graft-De Rijp;2017;6355;5672;353;133;220;330;148;182;365
4186;Totaal over alle leeftijden;Mannen en vrouwen;Graft-De Rijp;2018;6352;5657;363;138;225;332;149;183;365
4187;Totaal over alle leeftijden;Mannen en vrouwen;Graft-De Rijp;2019;6444;5722;366;137;229;356;155;201;365
4188;Totaal over alle leeftijden;Mannen en vrouwen;Graft-De Rijp;2020;6455;5715;369;140;229;371;163;208;365
4189;Totaal over alle leeftijden;Mannen en vrouwen;Graft-De Rijp;2021;6395;5647;365;144;221;383;171;212;365
4190;Totaal over alle leeftijden;Mannen en vrouwen;Graft-De Rijp;2022;6431;5671;362;152;210;398;176;222;365
4191;Totaal over alle leeftijden;Mannen en vrouwen;Graft-De Rijp;2023;6554;5732;382;163;219;440;185;255;365
4192;Totaal over alle leeftijden;Mannen en vrouwen;Graft-De Rijp;2024;6558;5731;385;167;218;442;181;261;365
4193;Totaal over alle leeftijden;Mannen en vrouwen;Graft-De Rijp;2025;6622;5765;378;166;212;479;203;276;365
4194;Totaal over alle leeftijden;Mannen en vrouwen;Grave;2008;12515;10745;1151;446;705;619;392;227;786
4195;Totaal over alle leeftijden;Mannen en vrouwen;Grave;2009;12397;10593;1169;458;711;635;393;242;786
4196;Totaal over alle leeftijden;Mannen en vrouwen;Grave;2010;12238;10434;1144;444;700;660;406;254;786
4197;Totaal over alle leeftijden;Mannen en vrouwen;Grave;2011;12125;10331;1105;416;689;689;413;276;786
4198;Totaal over alle leeftijden;Mannen en vrouwen;Grave;2012;11970;10166;1094;404;690;710;411;299;786
4199;Totaal over alle leeftijden;Mannen en vrouwen;Grave;2013;11865;9997;1111;413;698;757;437;320;786
4200;Totaal over alle leeftijden;Mannen en vrouwen;Grave;2014;11805;9920;1119;414;705;766;452;314;786
4201;Totaal over alle leeftijden;Mannen en vrouwen;Grave;2015;11706;9808;1121;420;701;777;451;326;786
4202;Totaal over alle leeftijden;Mannen en vrouwen;Grave;2016;11658;9706;1155;436;719;797;444;353;786
4203;Totaal over alle leeftijden;Mannen en vrouwen;Grave;2017;11644;9637;1185;447;738;822;449;373;786
4204;Totaal over alle leeftijden;Mannen en vrouwen;Grave;2018;11600;9561;1190;456;734;849;483;366;786
4205;Totaal over alle leeftijden;Mannen en vrouwen;Grave;2019;11498;9427;1201;469;732;870;489;381;786
4206;Totaal over alle leeftijden;Mannen en vrouwen;Grave;2020;11479;9402;1190;462;728;887;505;382;786
4207;Totaal over alle leeftijden;Mannen en vrouwen;Grave;2021;11450;9339;1216;483;733;895;511;384;786
4208;Totaal over alle leeftijden;Mannen en vrouwen;Grave;2022;11448;9287;1240;513;727;921;525;396;786
4209;Totaal over alle leeftijden;Mannen en vrouwen;Grave;2023;11489;9264;1280;533;747;945;543;402;786
4210;Totaal over alle leeftijden;Mannen en vrouwen;Grave;2024;11493;9228;1283;531;752;982;558;424;786
4211;Totaal over alle leeftijden;Mannen en vrouwen;Grave;2025;11498;9176;1308;552;756;1014;577;437;786
4212;Totaal over alle leeftijden;Mannen en vrouwen;'s-Gravenhage (gemeente);2008;477373;263155;64388;34604;29784;149830;91068;58762;518
4213;Totaal over alle leeftijden;Mannen en vrouwen;'s-Gravenhage (gemeente);2009;479151;263683;66353;36147;30206;149115;89259;59856;518
4214;Totaal over alle leeftijden;Mannen en vrouwen;'s-Gravenhage (gemeente);2010;480620;263809;68329;37753;30576;148482;87723;60759;518
4215;Totaal over alle leeftijden;Mannen en vrouwen;'s-Gravenhage (gemeente);2011;482914;264345;70464;39480;30984;148105;86444;61661;518
4216;Totaal over alle leeftijden;Mannen en vrouwen;'s-Gravenhage (gemeente);2012;485609;265159;72678;41224;31454;147772;85174;62598;518
4217;Totaal over alle leeftijden;Mannen en vrouwen;'s-Gravenhage (gemeente);2013;488465;265801;75108;43015;32093;147556;84179;63377;518
4218;Totaal over alle leeftijden;Mannen en vrouwen;'s-Gravenhage (gemeente);2014;490968;266242;77469;44795;32674;147257;83172;64085;518
4219;Totaal over alle leeftijden;Mannen en vrouwen;'s-Gravenhage (gemeente);2015;493123;266538;79683;46443;33240;146902;82300;64602;518
4220;Totaal over alle leeftijden;Mannen en vrouwen;'s-Gravenhage (gemeente);2016;495492;266802;81961;48081;33880;146729;81494;65235;518
4221;Totaal over alle leeftijden;Mannen en vrouwen;'s-Gravenhage (gemeente);2017;497430;267014;84089;49591;34498;146327;80592;65735;518
4222;Totaal over alle leeftijden;Mannen en vrouwen;'s-Gravenhage (gemeente);2018;499693;267226;86409;51184;35225;146058;79868;66190;518
4223;Totaal over alle leeftijden;Mannen en vrouwen;'s-Gravenhage (gemeente);2019;501549;267357;88587;52682;35905;145605;79095;66510;518
4224;Totaal over alle leeftijden;Mannen en vrouwen;'s-Gravenhage (gemeente);2020;503044;267246;90662;54117;36545;145136;78286;66850;518
4225;Totaal over alle leeftijden;Mannen en vrouwen;'s-Gravenhage (gemeente);2021;504558;266932;92864;55554;37310;144762;77620;67142;518
4226;Totaal over alle leeftijden;Mannen en vrouwen;'s-Gravenhage (gemeente);2022;506130;266728;95061;57050;38011;144341;77063;67278;518
4227;Totaal over alle leeftijden;Mannen en vrouwen;'s-Gravenhage (gemeente);2023;507829;266532;97284;58508;38776;144013;76508;67505;518
4228;Totaal over alle leeftijden;Mannen en vrouwen;'s-Gravenhage (gemeente);2024;509162;265989;99429;59939;39490;143744;75932;67812;518
4229;Totaal over alle leeftijden;Mannen en vrouwen;'s-Gravenhage (gemeente);2025;510562;265532;101670;61378;40292;143360;75363;67997;518
4230;Totaal over alle leeftijden;Mannen en vrouwen;Groesbeek;2008;18661;16382;1817;480;1337;462;262;200;241
4231;Totaal over alle leeftijden;Mannen en vrouwen;Groesbeek;2009;18595;16261;1809;487;1322;525;302;223;241
4232;Totaal over alle leeftijden;Mannen en vrouwen;Groesbeek;2010;18470;16124;1787;501;1286;559;314;245;241
4233;Totaal over alle leeftijden;Mannen en vrouwen;Groesbeek;2011;18478;16106;1762;508;1254;610;345;265;241
4234;Totaal over alle leeftijden;Mannen en vrouwen;Groesbeek;2012;18373;15968;1741;502;1239;664;381;283;241
4235;Totaal over alle leeftijden;Mannen en vrouwen;Groesbeek;2013;18363;15944;1709;502;1207;710;393;317;241
4236;Totaal over alle leeftijden;Mannen en vrouwen;Groesbeek;2014;18381;15927;1691;505;1186;763;412;351;241
4237;Totaal over alle leeftijden;Mannen en vrouwen;Groesbeek;2015;18365;15902;1662;500;1162;801;434;367;241
4238;Totaal over alle leeftijden;Mannen en vrouwen;Groesbeek;2016;18308;15823;1648;507;1141;837;458;379;241
4239;Totaal over alle leeftijden;Mannen en vrouwen;Groesbeek;2017;18362;15852;1635;514;1121;875;485;390;241
4240;Totaal over alle leeftijden;Mannen en vrouwen;Groesbeek;2018;18414;15863;1626;508;1118;925;513;412;241
4241;Totaal over alle leeftijden;Mannen en vrouwen;Groesbeek;2019;18433;15804;1625;524;1101;1004;537;467;241
4242;Totaal over alle leeftijden;Mannen en vrouwen;Groesbeek;2020;18443;15793;1619;531;1088;1031;550;481;241
4243;Totaal over alle leeftijden;Mannen en vrouwen;Groesbeek;2021;18515;15822;1610;531;1079;1083;570;513;241
4244;Totaal over alle leeftijden;Mannen en vrouwen;Groesbeek;2022;18582;15885;1597;522;1075;1100;577;523;241
4245;Totaal over alle leeftijden;Mannen en vrouwen;Groesbeek;2023;18617;15907;1572;530;1042;1138;598;540;241
4246;Totaal over alle leeftijden;Mannen en vrouwen;Groesbeek;2024;18638;15909;1573;538;1035;1156;606;550;241
4247;Totaal over alle leeftijden;Mannen en vrouwen;Groesbeek;2025;18707;15916;1584;560;1024;1207;642;565;241
4248;Totaal over alle leeftijden;Mannen en vrouwen;Groningen (gemeente);2008;182303;148969;16775;7309;9466;16559;10212;6347;14
4249;Totaal over alle leeftijden;Mannen en vrouwen;Groningen (gemeente);2009;183754;150211;16787;7323;9464;16756;10225;6531;14
4250;Totaal over alle leeftijden;Mannen en vrouwen;Groningen (gemeente);2010;185544;151680;16843;7383;9460;17021;10307;6714;14
4251;Totaal over alle leeftijden;Mannen en vrouwen;Groningen (gemeente);2011;187931;153656;16962;7433;9529;17313;10330;6983;14
4252;Totaal over alle leeftijden;Mannen en vrouwen;Groningen (gemeente);2012;190304;155640;17099;7512;9587;17565;10380;7185;14
4253;Totaal over alle leeftijden;Mannen en vrouwen;Groningen (gemeente);2013;192677;157629;17190;7593;9597;17858;10476;7382;14
4254;Totaal over alle leeftijden;Mannen en vrouwen;Groningen (gemeente);2014;195415;160016;17283;7639;9644;18116;10560;7556;14
4255;Totaal over alle leeftijden;Mannen en vrouwen;Groningen (gemeente);2015;198191;162372;17397;7722;9675;18422;10625;7797;14
4256;Totaal over alle leeftijden;Mannen en vrouwen;Groningen (gemeente);2016;200900;164514;17543;7800;9743;18843;10792;8051;14
4257;Totaal over alle leeftijden;Mannen en vrouwen;Groningen (gemeente);2017;203246;166447;17678;7862;9816;19121;10905;8216;14
4258;Totaal over alle leeftijden;Mannen en vrouwen;Groningen (gemeente);2018;205837;168546;17768;7908;9860;19523;11029;8494;14
4259;Totaal over alle leeftijden;Mannen en vrouwen;Groningen (gemeente);2019;208490;170725;17889;7965;9924;19876;11190;8686;14
4260;Totaal over alle leeftijden;Mannen en vrouwen;Groningen (gemeente);2020;211010;172805;17990;8012;9978;20215;11263;8952;14
4261;Totaal over alle leeftijden;Mannen en vrouwen;Groningen (gemeente);2021;213428;174710;18120;8080;10040;20598;11439;9159;14
4262;Totaal over alle leeftijden;Mannen en vrouwen;Groningen (gemeente);2022;215768;176519;18246;8192;10054;21003;11562;9441;14
4263;Totaal over alle leeftijden;Mannen en vrouwen;Groningen (gemeente);2023;217990;178324;18309;8205;10104;21357;11717;9640;14
4264;Totaal over alle leeftijden;Mannen en vrouwen;Groningen (gemeente);2024;220195;179916;18469;8279;10190;21810;11827;9983;14
4265;Totaal over alle leeftijden;Mannen en vrouwen;Groningen (gemeente);2025;222340;181482;18639;8390;10249;22219;11992;10227;14
4266;Totaal over alle leeftijden;Mannen en vrouwen;Grootegast;2008;12121;11625;320;106;214;176;87;89;15
4267;Totaal over alle leeftijden;Mannen en vrouwen;Grootegast;2009;12101;11565;324;118;206;212;122;90;15
4268;Totaal over alle leeftijden;Mannen en vrouwen;Grootegast;2010;12157;11586;332;111;221;239;139;100;15
4269;Totaal over alle leeftijden;Mannen en vrouwen;Grootegast;2011;12155;11561;340;113;227;254;146;108;15
4270;Totaal over alle leeftijden;Mannen en vrouwen;Grootegast;2012;12212;11593;342;121;221;277;158;119;15
4271;Totaal over alle leeftijden;Mannen en vrouwen;Grootegast;2013;12143;11493;349;112;237;301;161;140;15
4272;Totaal over alle leeftijden;Mannen en vrouwen;Grootegast;2014;12132;11436;367;119;248;329;168;161;15
4273;Totaal over alle leeftijden;Mannen en vrouwen;Grootegast;2015;12094;11384;365;123;242;345;178;167;15
4274;Totaal over alle leeftijden;Mannen en vrouwen;Grootegast;2016;12062;11331;363;116;247;368;187;181;15
4275;Totaal over alle leeftijden;Mannen en vrouwen;Grootegast;2017;12041;11283;358;118;240;400;209;191;15
4276;Totaal over alle leeftijden;Mannen en vrouwen;Grootegast;2018;12043;11250;366;118;248;427;226;201;15
4277;Totaal over alle leeftijden;Mannen en vrouwen;Grootegast;2019;12002;11206;362;126;236;434;227;207;15
4278;Totaal over alle leeftijden;Mannen en vrouwen;Grootegast;2020;12022;11197;361;135;226;464;235;229;15
4279;Totaal over alle leeftijden;Mannen en vrouwen;Grootegast;2021;12038;11180;359;136;223;499;256;243;15
4280;Totaal over alle leeftijden;Mannen en vrouwen;Grootegast;2022;11981;11110;355;132;223;516;263;253;15
4281;Totaal over alle leeftijden;Mannen en vrouwen;Grootegast;2023;12018;11131;373;148;225;514;263;251;15
4282;Totaal over alle leeftijden;Mannen en vrouwen;Grootegast;2024;11962;11066;373;152;221;523;260;263;15
4283;Totaal over alle leeftijden;Mannen en vrouwen;Grootegast;2025;11948;11032;378;145;233;538;263;275;15
4284;Totaal over alle leeftijden;Mannen en vrouwen;Gulpen-Wittem;2008;14653;12632;1739;523;1216;282;182;100;1729
4285;Totaal over alle leeftijden;Mannen en vrouwen;Gulpen-Wittem;2009;14504;12504;1696;516;1180;304;186;118;1729
4286;Totaal over alle leeftijden;Mannen en vrouwen;Gulpen-Wittem;2010;14370;12358;1678;523;1155;334;198;136;1729
4287;Totaal over alle leeftijden;Mannen en vrouwen;Gulpen-Wittem;2011;14241;12216;1662;531;1131;363;212;151;1729
4288;Totaal over alle leeftijden;Mannen en vrouwen;Gulpen-Wittem;2012;14126;12086;1633;532;1101;407;239;168;1729
4289;Totaal over alle leeftijden;Mannen en vrouwen;Gulpen-Wittem;2013;13989;11955;1609;530;1079;425;249;176;1729
4290;Totaal over alle leeftijden;Mannen en vrouwen;Gulpen-Wittem;2014;13843;11796;1606;534;1072;441;254;187;1729
4291;Totaal over alle leeftijden;Mannen en vrouwen;Gulpen-Wittem;2015;13704;11643;1591;535;1056;470;262;208;1729
4292;Totaal over alle leeftijden;Mannen en vrouwen;Gulpen-Wittem;2016;13562;11474;1576;526;1050;512;283;229;1729
4293;Totaal over alle leeftijden;Mannen en vrouwen;Gulpen-Wittem;2017;13418;11341;1567;539;1028;510;283;227;1729
4294;Totaal over alle leeftijden;Mannen en vrouwen;Gulpen-Wittem;2018;13269;11184;1548;547;1001;537;290;247;1729
4295;Totaal over alle leeftijden;Mannen en vrouwen;Gulpen-Wittem;2019;13101;11023;1542;551;991;536;292;244;1729
4296;Totaal over alle leeftijden;Mannen en vrouwen;Gulpen-Wittem;2020;12964;10893;1510;543;967;561;310;251;1729
4297;Totaal over alle leeftijden;Mannen en vrouwen;Gulpen-Wittem;2021;12772;10736;1470;511;959;566;302;264;1729
4298;Totaal over alle leeftijden;Mannen en vrouwen;Gulpen-Wittem;2022;12613;10584;1446;508;938;583;315;268;1729
4299;Totaal over alle leeftijden;Mannen en vrouwen;Gulpen-Wittem;2023;12442;10418;1438;514;924;586;311;275;1729
4300;Totaal over alle leeftijden;Mannen en vrouwen;Gulpen-Wittem;2024;12272;10267;1391;495;896;614;322;292;1729
4301;Totaal over alle leeftijden;Mannen en vrouwen;Gulpen-Wittem;2025;12135;10147;1368;488;880;620;328;292;1729
4302;Totaal over alle leeftijden;Mannen en vrouwen;Haaksbergen;2008;24172;21273;1745;484;1261;1154;644;510;158
4303;Totaal over alle leeftijden;Mannen en vrouwen;Haaksbergen;2009;24093;21176;1727;478;1249;1190;665;525;158
4304;Totaal over alle leeftijden;Mannen en vrouwen;Haaksbergen;2010;24013;21075;1696;461;1235;1242;686;556;158
4305;Totaal over alle leeftijden;Mannen en vrouwen;Haaksbergen;2011;23913;20967;1676;456;1220;1270;700;570;158
4306;Totaal over alle leeftijden;Mannen en vrouwen;Haaksbergen;2012;23878;20920;1647;439;1208;1311;736;575;158
4307;Totaal over alle leeftijden;Mannen en vrouwen;Haaksbergen;2013;23770;20794;1624;439;1185;1352;773;579;158
4308;Totaal over alle leeftijden;Mannen en vrouwen;Haaksbergen;2014;23655;20673;1585;425;1160;1397;789;608;158
4309;Totaal over alle leeftijden;Mannen en vrouwen;Haaksbergen;2015;23616;20589;1591;425;1166;1436;817;619;158
4310;Totaal over alle leeftijden;Mannen en vrouwen;Haaksbergen;2016;23488;20423;1579;438;1141;1486;843;643;158
4311;Totaal over alle leeftijden;Mannen en vrouwen;Haaksbergen;2017;23437;20361;1561;432;1129;1515;861;654;158
4312;Totaal over alle leeftijden;Mannen en vrouwen;Haaksbergen;2018;23363;20274;1541;436;1105;1548;879;669;158
4313;Totaal over alle leeftijden;Mannen en vrouwen;Haaksbergen;2019;23333;20183;1541;442;1099;1609;916;693;158
4314;Totaal over alle leeftijden;Mannen en vrouwen;Haaksbergen;2020;23291;20124;1520;445;1075;1647;954;693;158
4315;Totaal over alle leeftijden;Mannen en vrouwen;Haaksbergen;2021;23302;20100;1515;437;1078;1687;983;704;158
4316;Totaal over alle leeftijden;Mannen en vrouwen;Haaksbergen;2022;23256;20019;1511;446;1065;1726;1012;714;158
4317;Totaal over alle leeftijden;Mannen en vrouwen;Haaksbergen;2023;23211;19911;1515;460;1055;1785;1042;743;158
4318;Totaal over alle leeftijden;Mannen en vrouwen;Haaksbergen;2024;23229;19905;1506;474;1032;1818;1057;761;158
4319;Totaal over alle leeftijden;Mannen en vrouwen;Haaksbergen;2025;23188;19842;1471;462;1009;1875;1091;784;158
4320;Totaal over alle leeftijden;Mannen en vrouwen;Haaren;2008;13549;12722;539;161;378;288;157;131;788
4321;Totaal over alle leeftijden;Mannen en vrouwen;Haaren;2009;13252;12415;525;158;367;312;175;137;788
4322;Totaal over alle leeftijden;Mannen en vrouwen;Haaren;2010;13135;12267;526;167;359;342;188;154;788
4323;Totaal over alle leeftijden;Mannen en vrouwen;Haaren;2011;12989;12095;527;172;355;367;204;163;788
4324;Totaal over alle leeftijden;Mannen en vrouwen;Haaren;2012;12878;11944;535;173;362;399;211;188;788
4325;Totaal over alle leeftijden;Mannen en vrouwen;Haaren;2013;12756;11831;533;176;357;392;208;184;788
4326;Totaal over alle leeftijden;Mannen en vrouwen;Haaren;2014;12681;11709;536;172;364;436;231;205;788
4327;Totaal over alle leeftijden;Mannen en vrouwen;Haaren;2015;12645;11648;539;168;371;458;244;214;788
4328;Totaal over alle leeftijden;Mannen en vrouwen;Haaren;2016;12569;11563;545;171;374;461;247;214;788
4329;Totaal over alle leeftijden;Mannen en vrouwen;Haaren;2017;12467;11452;542;172;370;473;254;219;788
4330;Totaal over alle leeftijden;Mannen en vrouwen;Haaren;2018;12412;11360;548;176;372;504;270;234;788
4331;Totaal over alle leeftijden;Mannen en vrouwen;Haaren;2019;12383;11302;561;196;365;520;276;244;788
4332;Totaal over alle leeftijden;Mannen en vrouwen;Haaren;2020;12337;11243;565;193;372;529;272;257;788
4333;Totaal over alle leeftijden;Mannen en vrouwen;Haaren;2021;12253;11167;555;200;355;531;282;249;788
4334;Totaal over alle leeftijden;Mannen en vrouwen;Haaren;2022;12329;11193;559;201;358;577;290;287;788
4335;Totaal over alle leeftijden;Mannen en vrouwen;Haaren;2023;12413;11230;568;209;359;615;296;319;788
4336;Totaal over alle leeftijden;Mannen en vrouwen;Haaren;2024;12393;11172;576;213;363;645;308;337;788
4337;Totaal over alle leeftijden;Mannen en vrouwen;Haaren;2025;12508;11268;579;211;368;661;312;349;788
4338;Totaal over alle leeftijden;Mannen en vrouwen;Haarlem;2008;146275;111570;15634;6271;9363;19071;10855;8216;392
4339;Totaal over alle leeftijden;Mannen en vrouwen;Haarlem;2009;146404;111227;15907;6444;9463;19270;10868;8402;392
4340;Totaal over alle leeftijden;Mannen en vrouwen;Haarlem;2010;146575;110940;16118;6599;9519;19517;10937;8580;392
4341;Totaal over alle leeftijden;Mannen en vrouwen;Haarlem;2011;146468;110462;16376;6823;9553;19630;10935;8695;392
4342;Totaal over alle leeftijden;Mannen en vrouwen;Haarlem;2012;146789;110311;16626;7004;9622;19852;10989;8863;392
4343;Totaal over alle leeftijden;Mannen en vrouwen;Haarlem;2013;146862;109993;16830;7176;9654;20039;11061;8978;392
4344;Totaal over alle leeftijden;Mannen en vrouwen;Haarlem;2014;146948;109669;17020;7356;9664;20259;11117;9142;392
4345;Totaal over alle leeftijden;Mannen en vrouwen;Haarlem;2015;147034;109409;17253;7535;9718;20372;11183;9189;392
4346;Totaal over alle leeftijden;Mannen en vrouwen;Haarlem;2016;147439;109330;17519;7702;9817;20590;11269;9321;392
4347;Totaal over alle leeftijden;Mannen en vrouwen;Haarlem;2017;147695;109140;17816;7928;9888;20739;11289;9450;392
4348;Totaal over alle leeftijden;Mannen en vrouwen;Haarlem;2018;147816;108902;18065;8146;9919;20849;11350;9499;392
4349;Totaal over alle leeftijden;Mannen en vrouwen;Haarlem;2019;148189;108798;18366;8334;10032;21025;11486;9539;392
4350;Totaal over alle leeftijden;Mannen en vrouwen;Haarlem;2020;148352;108579;18612;8509;10103;21161;11531;9630;392
4351;Totaal over alle leeftijden;Mannen en vrouwen;Haarlem;2021;148641;108440;18830;8690;10140;21371;11611;9760;392
4352;Totaal over alle leeftijden;Mannen en vrouwen;Haarlem;2022;148897;108342;19059;8844;10215;21496;11692;9804;392
4353;Totaal over alle leeftijden;Mannen en vrouwen;Haarlem;2023;149246;108284;19319;9043;10276;21643;11764;9879;392
4354;Totaal over alle leeftijden;Mannen en vrouwen;Haarlem;2024;149306;107988;19576;9190;10386;21742;11848;9894;392
4355;Totaal over alle leeftijden;Mannen en vrouwen;Haarlem;2025;149256;107684;19769;9316;10453;21803;11899;9904;392
4356;Totaal over alle leeftijden;Mannen en vrouwen;Haarlemmerliede en Spaarnwoude;2008;5346;4729;368;124;244;249;140;109;393
4357;Totaal over alle leeftijden;Mannen en vrouwen;Haarlemmerliede en Spaarnwoude;2009;5312;4688;371;123;248;253;137;116;393
4358;Totaal over alle leeftijden;Mannen en vrouwen;Haarlemmerliede en Spaarnwoude;2010;5280;4637;366;125;241;277;147;130;393
4359;Totaal over alle leeftijden;Mannen en vrouwen;Haarlemmerliede en Spaarnwoude;2011;5238;4567;379;136;243;292;156;136;393
4360;Totaal over alle leeftijden;Mannen en vrouwen;Haarlemmerliede en Spaarnwoude;2012;5172;4502;375;134;241;295;145;150;393
4361;Totaal over alle leeftijden;Mannen en vrouwen;Haarlemmerliede en Spaarnwoude;2013;5141;4460;381;140;241;300;142;158;393
4362;Totaal over alle leeftijden;Mannen en vrouwen;Haarlemmerliede en Spaarnwoude;2014;5111;4417;387;141;246;307;148;159;393
4363;Totaal over alle leeftijden;Mannen en vrouwen;Haarlemmerliede en Spaarnwoude;2015;5068;4363;386;144;242;319;151;168;393
4364;Totaal over alle leeftijden;Mannen en vrouwen;Haarlemmerliede en Spaarnwoude;2016;5049;4322;387;151;236;340;157;183;393
4365;Totaal over alle leeftijden;Mannen en vrouwen;Haarlemmerliede en Spaarnwoude;2017;5062;4294;408;160;248;360;161;199;393
4366;Totaal over alle leeftijden;Mannen en vrouwen;Haarlemmerliede en Spaarnwoude;2018;5026;4251;399;152;247;376;169;207;393
4367;Totaal over alle leeftijden;Mannen en vrouwen;Haarlemmerliede en Spaarnwoude;2019;5015;4247;395;158;237;373;171;202;393
4368;Totaal over alle leeftijden;Mannen en vrouwen;Haarlemmerliede en Spaarnwoude;2020;4987;4207;406;157;249;374;178;196;393
4369;Totaal over alle leeftijden;Mannen en vrouwen;Haarlemmerliede en Spaarnwoude;2021;4932;4151;407;163;244;374;180;194;393
4370;Totaal over alle leeftijden;Mannen en vrouwen;Haarlemmerliede en Spaarnwoude;2022;4963;4163;405;158;247;395;183;212;393
4371;Totaal over alle leeftijden;Mannen en vrouwen;Haarlemmerliede en Spaarnwoude;2023;4924;4114;420;162;258;390;178;212;393
4372;Totaal over alle leeftijden;Mannen en vrouwen;Haarlemmerliede en Spaarnwoude;2024;4912;4075;431;169;262;406;174;232;393
4373;Totaal over alle leeftijden;Mannen en vrouwen;Haarlemmerliede en Spaarnwoude;2025;4890;4035;450;177;273;405;168;237;393
4374;Totaal over alle leeftijden;Mannen en vrouwen;Haarlemmermeer;2008;138783;108852;14010;5875;8135;15921;8555;7366;394
4375;Totaal over alle leeftijden;Mannen en vrouwen;Haarlemmermeer;2009;140398;109599;14310;6058;8252;16489;8720;7769;394
4376;Totaal over alle leeftijden;Mannen en vrouwen;Haarlemmermeer;2010;141850;110122;14615;6243;8372;17113;8935;8178;394
4377;Totaal over alle leeftijden;Mannen en vrouwen;Haarlemmermeer;2011;143155;110549;14878;6383;8495;17728;9149;8579;394
4378;Totaal over alle leeftijden;Mannen en vrouwen;Haarlemmermeer;2012;144762;111111;15235;6580;8655;18416;9409;9007;394
4379;Totaal over alle leeftijden;Mannen en vrouwen;Haarlemmermeer;2013;146250;111628;15534;6767;8767;19088;9608;9480;394
4380;Totaal over alle leeftijden;Mannen en vrouwen;Haarlemmermeer;2014;147608;112089;15880;6940;8940;19639;9825;9814;394
4381;Totaal over alle leeftijden;Mannen en vrouwen;Haarlemmermeer;2015;149097;112590;16227;7116;9111;20280;10069;10211;394
4382;Totaal over alle leeftijden;Mannen en vrouwen;Haarlemmermeer;2016;150543;113059;16599;7313;9286;20885;10281;10604;394
4383;Totaal over alle leeftijden;Mannen en vrouwen;Haarlemmermeer;2017;151973;113531;16942;7506;9436;21500;10478;11022;394
4384;Totaal over alle leeftijden;Mannen en vrouwen;Haarlemmermeer;2018;153297;113900;17317;7763;9554;22080;10676;11404;394
4385;Totaal over alle leeftijden;Mannen en vrouwen;Haarlemmermeer;2019;154610;114289;17701;8001;9700;22620;10871;11749;394
4386;Totaal over alle leeftijden;Mannen en vrouwen;Haarlemmermeer;2020;155933;114712;18044;8203;9841;23177;11063;12114;394
4387;Totaal over alle leeftijden;Mannen en vrouwen;Haarlemmermeer;2021;157340;115213;18406;8444;9962;23721;11254;12467;394
4388;Totaal over alle leeftijden;Mannen en vrouwen;Haarlemmermeer;2022;158871;115842;18750;8646;10104;24279;11457;12822;394
4389;Totaal over alle leeftijden;Mannen en vrouwen;Haarlemmermeer;2023;160388;116435;19196;8891;10305;24757;11651;13106;394
4390;Totaal over alle leeftijden;Mannen en vrouwen;Haarlemmermeer;2024;161664;116853;19546;9082;10464;25265;11852;13413;394
4391;Totaal over alle leeftijden;Mannen en vrouwen;Haarlemmermeer;2025;162868;117249;19928;9318;10610;25691;12000;13691;394
4392;Totaal over alle leeftijden;Mannen en vrouwen;Halderberge;2008;29176;25718;1595;636;959;1863;1023;840;1655
4393;Totaal over alle leeftijden;Mannen en vrouwen;Halderberge;2009;28940;25447;1590;630;960;1903;1042;861;1655
4394;Totaal over alle leeftijden;Mannen en vrouwen;Halderberge;2010;28787;25269;1573;616;957;1945;1062;883;1655
4395;Totaal over alle leeftijden;Mannen en vrouwen;Halderberge;2011;28696;25099;1587;630;957;2010;1092;918;1655
4396;Totaal over alle leeftijden;Mannen en vrouwen;Halderberge;2012;28626;24979;1594;634;960;2053;1111;942;1655
4397;Totaal over alle leeftijden;Mannen en vrouwen;Halderberge;2013;28534;24829;1613;653;960;2092;1124;968;1655
4398;Totaal over alle leeftijden;Mannen en vrouwen;Halderberge;2014;28433;24655;1635;678;957;2143;1138;1005;1655
4399;Totaal over alle leeftijden;Mannen en vrouwen;Halderberge;2015;28240;24470;1630;685;945;2140;1142;998;1655
4400;Totaal over alle leeftijden;Mannen en vrouwen;Halderberge;2016;28204;24378;1631;688;943;2195;1160;1035;1655
4401;Totaal over alle leeftijden;Mannen en vrouwen;Halderberge;2017;28082;24198;1653;693;960;2231;1167;1064;1655
4402;Totaal over alle leeftijden;Mannen en vrouwen;Halderberge;2018;27970;24077;1648;687;961;2245;1155;1090;1655
4403;Totaal over alle leeftijden;Mannen en vrouwen;Halderberge;2019;27948;23981;1679;708;971;2288;1170;1118;1655
4404;Totaal over alle leeftijden;Mannen en vrouwen;Halderberge;2020;27835;23850;1691;724;967;2294;1171;1123;1655
4405;Totaal over alle leeftijden;Mannen en vrouwen;Halderberge;2021;27799;23769;1697;720;977;2333;1185;1148;1655
4406;Totaal over alle leeftijden;Mannen en vrouwen;Halderberge;2022;27839;23741;1721;737;984;2377;1198;1179;1655
4407;Totaal over alle leeftijden;Mannen en vrouwen;Halderberge;2023;27739;23592;1721;731;990;2426;1227;1199;1655
4408;Totaal over alle leeftijden;Mannen en vrouwen;Halderberge;2024;27770;23549;1736;744;992;2485;1256;1229;1655
4409;Totaal over alle leeftijden;Mannen en vrouwen;Halderberge;2025;27630;23371;1756;747;1009;2503;1272;1231;1655
4410;Totaal over alle leeftijden;Mannen en vrouwen;Hardenberg;2008;57622;54279;2190;534;1656;1153;731;422;160
4411;Totaal over alle leeftijden;Mannen en vrouwen;Hardenberg;2009;57542;54119;2177;543;1634;1246;770;476;160
4412;Totaal over alle leeftijden;Mannen en vrouwen;Hardenberg;2010;57389;53852;2208;560;1648;1329;807;522;160
4413;Totaal over alle leeftijden;Mannen en vrouwen;Hardenberg;2011;57304;53676;2207;563;1644;1421;854;567;160
4414;Totaal over alle leeftijden;Mannen en vrouwen;Hardenberg;2012;56938;53231;2195;558;1637;1512;888;624;160
4415;Totaal over alle leeftijden;Mannen en vrouwen;Hardenberg;2013;56763;52944;2204;567;1637;1615;931;684;160
4416;Totaal over alle leeftijden;Mannen en vrouwen;Hardenberg;2014;56535;52607;2240;587;1653;1688;966;722;160
4417;Totaal over alle leeftijden;Mannen en vrouwen;Hardenberg;2015;56394;52386;2275;605;1670;1733;994;739;160
4418;Totaal over alle leeftijden;Mannen en vrouwen;Hardenberg;2016;56237;52097;2267;611;1656;1873;1062;811;160
4419;Totaal over alle leeftijden;Mannen en vrouwen;Hardenberg;2017;56248;51955;2297;615;1682;1996;1112;884;160
4420;Totaal over alle leeftijden;Mannen en vrouwen;Hardenberg;2018;56085;51625;2317;631;1686;2143;1176;967;160
4421;Totaal over alle leeftijden;Mannen en vrouwen;Hardenberg;2019;56100;51499;2338;635;1703;2263;1234;1029;160
4422;Totaal over alle leeftijden;Mannen en vrouwen;Hardenberg;2020;55975;51242;2354;662;1692;2379;1277;1102;160
4423;Totaal over alle leeftijden;Mannen en vrouwen;Hardenberg;2021;55812;50958;2371;689;1682;2483;1319;1164;160
4424;Totaal over alle leeftijden;Mannen en vrouwen;Hardenberg;2022;55809;50830;2384;704;1680;2595;1381;1214;160
4425;Totaal over alle leeftijden;Mannen en vrouwen;Hardenberg;2023;55755;50608;2408;714;1694;2739;1443;1296;160
4426;Totaal over alle leeftijden;Mannen en vrouwen;Hardenberg;2024;55735;50431;2422;727;1695;2882;1528;1354;160
4427;Totaal over alle leeftijden;Mannen en vrouwen;Hardenberg;2025;55693;50255;2461;746;1715;2977;1583;1394;160
4428;Totaal over alle leeftijden;Mannen en vrouwen;Harderwijk;2008;41505;35010;2463;817;1646;4032;2226;1806;243
4429;Totaal over alle leeftijden;Mannen en vrouwen;Harderwijk;2009;41784;35228;2491;838;1653;4065;2236;1829;243
4430;Totaal over alle leeftijden;Mannen en vrouwen;Harderwijk;2010;42024;35405;2496;836;1660;4123;2277;1846;243
4431;Totaal over alle leeftijden;Mannen en vrouwen;Harderwijk;2011;42403;35686;2519;857;1662;4198;2302;1896;243
4432;Totaal over alle leeftijden;Mannen en vrouwen;Harderwijk;2012;42722;35909;2571;892;1679;4242;2314;1928;243
4433;Totaal over alle leeftijden;Mannen en vrouwen;Harderwijk;2013;42911;36046;2596;898;1698;4269;2321;1948;243
4434;Totaal over alle leeftijden;Mannen en vrouwen;Harderwijk;2014;42980;36083;2640;913;1727;4257;2295;1962;243
4435;Totaal over alle leeftijden;Mannen en vrouwen;Harderwijk;2015;43178;36252;2656;923;1733;4270;2307;1963;243
4436;Totaal over alle leeftijden;Mannen en vrouwen;Harderwijk;2016;43279;36273;2689;935;1754;4317;2316;2001;243
4437;Totaal over alle leeftijden;Mannen en vrouwen;Harderwijk;2017;43421;36385;2692;940;1752;4344;2341;2003;243
4438;Totaal over alle leeftijden;Mannen en vrouwen;Harderwijk;2018;43576;36483;2707;950;1757;4386;2357;2029;243
4439;Totaal over alle leeftijden;Mannen en vrouwen;Harderwijk;2019;43753;36609;2724;960;1764;4420;2379;2041;243
4440;Totaal over alle leeftijden;Mannen en vrouwen;Harderwijk;2020;43973;36741;2738;977;1761;4494;2421;2073;243
4441;Totaal over alle leeftijden;Mannen en vrouwen;Harderwijk;2021;44060;36820;2731;992;1739;4509;2438;2071;243
4442;Totaal over alle leeftijden;Mannen en vrouwen;Harderwijk;2022;44184;36923;2762;1020;1742;4499;2458;2041;243
4443;Totaal over alle leeftijden;Mannen en vrouwen;Harderwijk;2023;44424;37096;2778;1031;1747;4550;2479;2071;243
4444;Totaal over alle leeftijden;Mannen en vrouwen;Harderwijk;2024;44616;37166;2842;1042;1800;4608;2498;2110;243
4445;Totaal over alle leeftijden;Mannen en vrouwen;Harderwijk;2025;44701;37243;2819;1028;1791;4639;2500;2139;243
4446;Totaal over alle leeftijden;Mannen en vrouwen;Hardinxveld-Giessendam;2008;17491;16603;508;176;332;380;205;175;523
4447;Totaal over alle leeftijden;Mannen en vrouwen;Hardinxveld-Giessendam;2009;17526;16565;532;189;343;429;226;203;523
4448;Totaal over alle leeftijden;Mannen en vrouwen;Hardinxveld-Giessendam;2010;17530;16514;554;194;360;462;234;228;523
4449;Totaal over alle leeftijden;Mannen en vrouwen;Hardinxveld-Giessendam;2011;17437;16354;567;192;375;516;259;257;523
4450;Totaal over alle leeftijden;Mannen en vrouwen;Hardinxveld-Giessendam;2012;17498;16363;583;204;379;552;273;279;523
4451;Totaal over alle leeftijden;Mannen en vrouwen;Hardinxveld-Giessendam;2013;17548;16357;608;213;395;583;283;300;523
4452;Totaal over alle leeftijden;Mannen en vrouwen;Hardinxveld-Giessendam;2014;17585;16339;629;222;407;617;302;315;523
4453;Totaal over alle leeftijden;Mannen en vrouwen;Hardinxveld-Giessendam;2015;17582;16289;647;241;406;646;308;338;523
4454;Totaal over alle leeftijden;Mannen en vrouwen;Hardinxveld-Giessendam;2016;17578;16234;656;246;410;688;318;370;523
4455;Totaal over alle leeftijden;Mannen en vrouwen;Hardinxveld-Giessendam;2017;17571;16183;683;259;424;705;321;384;523
4456;Totaal over alle leeftijden;Mannen en vrouwen;Hardinxveld-Giessendam;2018;17609;16135;703;263;440;771;350;421;523
4457;Totaal over alle leeftijden;Mannen en vrouwen;Hardinxveld-Giessendam;2019;17625;16106;710;261;449;809;360;449;523
4458;Totaal over alle leeftijden;Mannen en vrouwen;Hardinxveld-Giessendam;2020;17667;16088;735;264;471;844;377;467;523
4459;Totaal over alle leeftijden;Mannen en vrouwen;Hardinxveld-Giessendam;2021;17667;16055;763;277;486;849;380;469;523
4460;Totaal over alle leeftijden;Mannen en vrouwen;Hardinxveld-Giessendam;2022;17677;16005;781;280;501;891;399;492;523
4461;Totaal over alle leeftijden;Mannen en vrouwen;Hardinxveld-Giessendam;2023;17670;15930;788;283;505;952;418;534;523
4462;Totaal over alle leeftijden;Mannen en vrouwen;Hardinxveld-Giessendam;2024;17696;15930;802;282;520;964;418;546;523
4463;Totaal over alle leeftijden;Mannen en vrouwen;Hardinxveld-Giessendam;2025;17714;15904;824;292;532;986;431;555;523
4464;Totaal over alle leeftijden;Mannen en vrouwen;Haren;2008;19090;16776;1559;674;885;755;481;274;17
4465;Totaal over alle leeftijden;Mannen en vrouwen;Haren;2009;19133;16789;1550;660;890;794;506;288;17
4466;Totaal over alle leeftijden;Mannen en vrouwen;Haren;2010;19048;16716;1533;652;881;799;489;310;17
4467;Totaal over alle leeftijden;Mannen en vrouwen;Haren;2011;19097;16737;1517;657;860;843;508;335;17
4468;Totaal over alle leeftijden;Mannen en vrouwen;Haren;2012;19001;16633;1497;639;858;871;523;348;17
4469;Totaal over alle leeftijden;Mannen en vrouwen;Haren;2013;18958;16574;1475;619;856;909;543;366;17
4470;Totaal over alle leeftijden;Mannen en vrouwen;Haren;2014;18908;16515;1460;608;852;933;564;369;17
4471;Totaal over alle leeftijden;Mannen en vrouwen;Haren;2015;18924;16526;1453;614;839;945;565;380;17
4472;Totaal over alle leeftijden;Mannen en vrouwen;Haren;2016;18903;16485;1459;627;832;959;558;401;17
4473;Totaal over alle leeftijden;Mannen en vrouwen;Haren;2017;18952;16501;1451;629;822;1000;587;413;17
4474;Totaal over alle leeftijden;Mannen en vrouwen;Haren;2018;18977;16529;1435;622;813;1013;590;423;17
4475;Totaal over alle leeftijden;Mannen en vrouwen;Haren;2019;18930;16467;1427;619;808;1036;598;438;17
4476;Totaal over alle leeftijden;Mannen en vrouwen;Haren;2020;19044;16567;1428;630;798;1049;605;444;17
4477;Totaal over alle leeftijden;Mannen en vrouwen;Haren;2021;19149;16614;1441;644;797;1094;631;463;17
4478;Totaal over alle leeftijden;Mannen en vrouwen;Haren;2022;19228;16648;1476;663;813;1104;639;465;17
4479;Totaal over alle leeftijden;Mannen en vrouwen;Haren;2023;19334;16705;1500;688;812;1129;645;484;17
4480;Totaal over alle leeftijden;Mannen en vrouwen;Haren;2024;19374;16705;1497;684;813;1172;664;508;17
4481;Totaal over alle leeftijden;Mannen en vrouwen;Haren;2025;19349;16674;1491;678;813;1184;662;522;17
4482;Totaal over alle leeftijden;Mannen en vrouwen;Harenkarspel;2008;15872;14727;786;319;467;359;205;154;395
4483;Totaal over alle leeftijden;Mannen en vrouwen;Harenkarspel;2009;15830;14632;819;322;497;379;205;174;395
4484;Totaal over alle leeftijden;Mannen en vrouwen;Harenkarspel;2010;15800;14546;822;321;501;432;232;200;395
4485;Totaal over alle leeftijden;Mannen en vrouwen;Harenkarspel;2011;15852;14538;842;330;512;472;246;226;395
4486;Totaal over alle leeftijden;Mannen en vrouwen;Harenkarspel;2012;16011;14654;850;331;519;507;265;242;395
4487;Totaal over alle leeftijden;Mannen en vrouwen;Harenkarspel;2013;16139;14728;886;348;538;525;277;248;395
4488;Totaal over alle leeftijden;Mannen en vrouwen;Harenkarspel;2014;16141;14688;873;329;544;580;299;281;395
4489;Totaal over alle leeftijden;Mannen en vrouwen;Harenkarspel;2015;16176;14647;888;339;549;641;326;315;395
4490;Totaal over alle leeftijden;Mannen en vrouwen;Harenkarspel;2016;16230;14649;904;347;557;677;343;334;395
4491;Totaal over alle leeftijden;Mannen en vrouwen;Harenkarspel;2017;16140;14524;916;349;567;700;352;348;395
4492;Totaal over alle leeftijden;Mannen en vrouwen;Harenkarspel;2018;16212;14528;950;366;584;734;366;368;395
4493;Totaal over alle leeftijden;Mannen en vrouwen;Harenkarspel;2019;16166;14461;949;361;588;756;382;374;395
4494;Totaal over alle leeftijden;Mannen en vrouwen;Harenkarspel;2020;16174;14457;948;347;601;769;385;384;395
4495;Totaal over alle leeftijden;Mannen en vrouwen;Harenkarspel;2021;16187;14447;946;351;595;794;401;393;395
4496;Totaal over alle leeftijden;Mannen en vrouwen;Harenkarspel;2022;16237;14449;967;368;599;821;397;424;395
4497;Totaal over alle leeftijden;Mannen en vrouwen;Harenkarspel;2023;16265;14449;972;370;602;844;406;438;395
4498;Totaal over alle leeftijden;Mannen en vrouwen;Harenkarspel;2024;16308;14483;968;372;596;857;412;445;395
4499;Totaal over alle leeftijden;Mannen en vrouwen;Harenkarspel;2025;16464;14585;980;384;596;899;444;455;395
4500;Totaal over alle leeftijden;Mannen en vrouwen;Harlingen;2008;15305;13532;1140;426;714;633;382;251;72
4501;Totaal over alle leeftijden;Mannen en vrouwen;Harlingen;2009;15173;13433;1104;413;691;636;381;255;72
4502;Totaal over alle leeftijden;Mannen en vrouwen;Harlingen;2010;15077;13335;1083;404;679;659;387;272;72
4503;Totaal over alle leeftijden;Mannen en vrouwen;Harlingen;2011;15025;13279;1065;390;675;681;397;284;72
4504;Totaal over alle leeftijden;Mannen en vrouwen;Harlingen;2012;14874;13155;1042;377;665;677;392;285;72
4505;Totaal over alle leeftijden;Mannen en vrouwen;Harlingen;2013;14804;13067;1046;384;662;691;394;297;72
4506;Totaal over alle leeftijden;Mannen en vrouwen;Harlingen;2014;14690;12938;1054;385;669;698;398;300;72
4507;Totaal over alle leeftijden;Mannen en vrouwen;Harlingen;2015;14635;12903;1017;355;662;715;411;304;72
4508;Totaal over alle leeftijden;Mannen en vrouwen;Harlingen;2016;14561;12835;985;331;654;741;423;318;72
4509;Totaal over alle leeftijden;Mannen en vrouwen;Harlingen;2017;14461;12740;971;322;649;750;431;319;72
4510;Totaal over alle leeftijden;Mannen en vrouwen;Harlingen;2018;14344;12634;966;322;644;744;416;328;72
4511;Totaal over alle leeftijden;Mannen en vrouwen;Harlingen;2019;14331;12621;947;316;631;763;420;343;72
4512;Totaal over alle leeftijden;Mannen en vrouwen;Harlingen;2020;14215;12510;929;310;619;776;431;345;72
4513;Totaal over alle leeftijden;Mannen en vrouwen;Harlingen;2021;14139;12457;917;310;607;765;427;338;72
4514;Totaal over alle leeftijden;Mannen en vrouwen;Harlingen;2022;14047;12374;905;306;599;768;436;332;72
4515;Totaal over alle leeftijden;Mannen en vrouwen;Harlingen;2023;14054;12376;901;305;596;777;440;337;72
4516;Totaal over alle leeftijden;Mannen en vrouwen;Harlingen;2024;14036;12381;867;292;575;788;445;343;72
4517;Totaal over alle leeftijden;Mannen en vrouwen;Harlingen;2025;13913;12233;879;300;579;801;447;354;72
4518;Totaal over alle leeftijden;Mannen en vrouwen;Hattem;2008;11607;10810;497;160;337;300;172;128;244
4519;Totaal over alle leeftijden;Mannen en vrouwen;Hattem;2009;11551;10734;503;162;341;314;178;136;244
4520;Totaal over alle leeftijden;Mannen en vrouwen;Hattem;2010;11458;10629;497;160;337;332;186;146;244
4521;Totaal over alle leeftijden;Mannen en vrouwen;Hattem;2011;11433;10586;497;168;329;350;196;154;244
4522;Totaal over alle leeftijden;Mannen en vrouwen;Hattem;2012;11456;10569;498;162;336;389;213;176;244
4523;Totaal over alle leeftijden;Mannen en vrouwen;Hattem;2013;11438;10500;500;170;330;438;234;204;244
4524;Totaal over alle leeftijden;Mannen en vrouwen;Hattem;2014;11445;10463;510;193;317;472;248;224;244
4525;Totaal over alle leeftijden;Mannen en vrouwen;Hattem;2015;11412;10390;518;187;331;504;263;241;244
4526;Totaal over alle leeftijden;Mannen en vrouwen;Hattem;2016;11417;10367;519;189;330;531;280;251;244
4527;Totaal over alle leeftijden;Mannen en vrouwen;Hattem;2017;11448;10368;517;190;327;563;300;263;244
4528;Totaal over alle leeftijden;Mannen en vrouwen;Hattem;2018;11436;10336;524;197;327;576;315;261;244
4529;Totaal over alle leeftijden;Mannen en vrouwen;Hattem;2019;11399;10289;519;199;320;591;320;271;244
4530;Totaal over alle leeftijden;Mannen en vrouwen;Hattem;2020;11345;10207;521;198;323;617;329;288;244
4531;Totaal over alle leeftijden;Mannen en vrouwen;Hattem;2021;11344;10185;526;194;332;633;335;298;244
4532;Totaal over alle leeftijden;Mannen en vrouwen;Hattem;2022;11383;10180;536;199;337;667;351;316;244
4533;Totaal over alle leeftijden;Mannen en vrouwen;Hattem;2023;11432;10203;547;204;343;682;356;326;244
4534;Totaal over alle leeftijden;Mannen en vrouwen;Hattem;2024;11451;10198;548;206;342;705;365;340;244
4535;Totaal over alle leeftijden;Mannen en vrouwen;Hattem;2025;11339;10080;547;194;353;712;362;350;244
4536;Totaal over alle leeftijden;Mannen en vrouwen;Heemskerk;2008;38488;31691;3551;1484;2067;3246;1925;1321;396
4537;Totaal over alle leeftijden;Mannen en vrouwen;Heemskerk;2009;38847;31952;3520;1450;2070;3375;1976;1399;396
4538;Totaal over alle leeftijden;Mannen en vrouwen;Heemskerk;2010;39122;32124;3525;1441;2084;3473;2003;1470;396
4539;Totaal over alle leeftijden;Mannen en vrouwen;Heemskerk;2011;39039;32023;3489;1427;2062;3527;2023;1504;396
4540;Totaal over alle leeftijden;Mannen en vrouwen;Heemskerk;2012;38968;31910;3463;1422;2041;3595;2041;1554;396
4541;Totaal over alle leeftijden;Mannen en vrouwen;Heemskerk;2013;38958;31822;3462;1406;2056;3674;2064;1610;396
4542;Totaal over alle leeftijden;Mannen en vrouwen;Heemskerk;2014;38960;31792;3467;1423;2044;3701;2077;1624;396
4543;Totaal over alle leeftijden;Mannen en vrouwen;Heemskerk;2015;38897;31699;3440;1420;2020;3758;2093;1665;396
4544;Totaal over alle leeftijden;Mannen en vrouwen;Heemskerk;2016;38975;31734;3421;1422;1999;3820;2128;1692;396
4545;Totaal over alle leeftijden;Mannen en vrouwen;Heemskerk;2017;38988;31734;3403;1421;1982;3851;2138;1713;396
4546;Totaal over alle leeftijden;Mannen en vrouwen;Heemskerk;2018;39015;31687;3395;1426;1969;3933;2165;1768;396
4547;Totaal over alle leeftijden;Mannen en vrouwen;Heemskerk;2019;39012;31643;3379;1418;1961;3990;2176;1814;396
4548;Totaal over alle leeftijden;Mannen en vrouwen;Heemskerk;2020;39230;31739;3397;1429;1968;4094;2220;1874;396
4549;Totaal over alle leeftijden;Mannen en vrouwen;Heemskerk;2021;39148;31586;3398;1419;1979;4164;2247;1917;396
4550;Totaal over alle leeftijden;Mannen en vrouwen;Heemskerk;2022;39134;31494;3402;1411;1991;4238;2278;1960;396
4551;Totaal over alle leeftijden;Mannen en vrouwen;Heemskerk;2023;39243;31499;3401;1404;1997;4343;2317;2026;396
4552;Totaal over alle leeftijden;Mannen en vrouwen;Heemskerk;2024;39298;31448;3416;1425;1991;4434;2333;2101;396
4553;Totaal over alle leeftijden;Mannen en vrouwen;Heemskerk;2025;39315;31388;3428;1403;2025;4499;2383;2116;396
4554;Totaal over alle leeftijden;Mannen en vrouwen;Heemstede;2008;25458;21129;3008;1050;1958;1321;702;619;397
4555;Totaal over alle leeftijden;Mannen en vrouwen;Heemstede;2009;25451;21068;2982;1036;1946;1401;741;660;397
4556;Totaal over alle leeftijden;Mannen en vrouwen;Heemstede;2010;25423;21005;2957;1057;1900;1461;774;687;397
4557;Totaal over alle leeftijden;Mannen en vrouwen;Heemstede;2011;25365;20899;2969;1071;1898;1497;810;687;397
4558;Totaal over alle leeftijden;Mannen en vrouwen;Heemstede;2012;25327;20820;2955;1074;1881;1552;812;740;397
4559;Totaal over alle leeftijden;Mannen en vrouwen;Heemstede;2013;25219;20682;2929;1081;1848;1608;827;781;397
4560;Totaal over alle leeftijden;Mannen en vrouwen;Heemstede;2014;25121;20602;2903;1080;1823;1616;836;780;397
4561;Totaal over alle leeftijden;Mannen en vrouwen;Heemstede;2015;25061;20507;2900;1093;1807;1654;834;820;397
4562;Totaal over alle leeftijden;Mannen en vrouwen;Heemstede;2016;25009;20435;2879;1091;1788;1695;856;839;397
4563;Totaal over alle leeftijden;Mannen en vrouwen;Heemstede;2017;25021;20381;2903;1133;1770;1737;850;887;397
4564;Totaal over alle leeftijden;Mannen en vrouwen;Heemstede;2018;25035;20299;2911;1141;1770;1825;894;931;397
4565;Totaal over alle leeftijden;Mannen en vrouwen;Heemstede;2019;25071;20266;2957;1167;1790;1848;891;957;397
4566;Totaal over alle leeftijden;Mannen en vrouwen;Heemstede;2020;25079;20242;2978;1191;1787;1859;912;947;397
4567;Totaal over alle leeftijden;Mannen en vrouwen;Heemstede;2021;25005;20157;2920;1167;1753;1928;944;984;397
4568;Totaal over alle leeftijden;Mannen en vrouwen;Heemstede;2022;24985;20117;2930;1182;1748;1938;940;998;397
4569;Totaal over alle leeftijden;Mannen en vrouwen;Heemstede;2023;24937;20017;2918;1193;1725;2002;963;1039;397
4570;Totaal over alle leeftijden;Mannen en vrouwen;Heemstede;2024;24980;19986;2930;1202;1728;2064;981;1083;397
4571;Totaal over alle leeftijden;Mannen en vrouwen;Heemstede;2025;24944;19931;2935;1225;1710;2078;989;1089;397
4572;Totaal over alle leeftijden;Mannen en vrouwen;Heerde;2008;18044;16692;681;297;384;671;488;183;246
4573;Totaal over alle leeftijden;Mannen en vrouwen;Heerde;2009;17813;16448;694;301;393;671;477;194;246
4574;Totaal over alle leeftijden;Mannen en vrouwen;Heerde;2010;17716;16296;722;311;411;698;479;219;246
4575;Totaal over alle leeftijden;Mannen en vrouwen;Heerde;2011;17564;16107;719;317;402;738;485;253;246
4576;Totaal over alle leeftijden;Mannen en vrouwen;Heerde;2012;17422;15910;752;330;422;760;491;269;246
4577;Totaal over alle leeftijden;Mannen en vrouwen;Heerde;2013;17322;15767;767;330;437;788;496;292;246
4578;Totaal over alle leeftijden;Mannen en vrouwen;Heerde;2014;17257;15640;797;345;452;820;505;315;246
4579;Totaal over alle leeftijden;Mannen en vrouwen;Heerde;2015;17090;15419;797;352;445;874;528;346;246
4580;Totaal over alle leeftijden;Mannen en vrouwen;Heerde;2016;16972;15268;790;347;443;914;548;366;246
4581;Totaal over alle leeftijden;Mannen en vrouwen;Heerde;2017;16785;15074;787;347;440;924;552;372;246
4582;Totaal over alle leeftijden;Mannen en vrouwen;Heerde;2018;16618;14907;782;332;450;929;550;379;246
4583;Totaal over alle leeftijden;Mannen en vrouwen;Heerde;2019;16504;14756;802;334;468;946;560;386;246
4584;Totaal over alle leeftijden;Mannen en vrouwen;Heerde;2020;16421;14649;799;334;465;973;574;399;246
4585;Totaal over alle leeftijden;Mannen en vrouwen;Heerde;2021;16237;14476;794;339;455;967;563;404;246
4586;Totaal over alle leeftijden;Mannen en vrouwen;Heerde;2022;16102;14337;785;329;456;980;584;396;246
4587;Totaal over alle leeftijden;Mannen en vrouwen;Heerde;2023;16003;14228;768;327;441;1007;603;404;246
4588;Totaal over alle leeftijden;Mannen en vrouwen;Heerde;2024;15935;14125;772;333;439;1038;613;425;246
4589;Totaal over alle leeftijden;Mannen en vrouwen;Heerde;2025;15786;13969;781;333;448;1036;611;425;246
4590;Totaal over alle leeftijden;Mannen en vrouwen;Heerenveen;2008;42730;38270;2277;865;1412;2183;1308;875;74
4591;Totaal over alle leeftijden;Mannen en vrouwen;Heerenveen;2009;42727;38256;2280;849;1431;2191;1310;881;74
4592;Totaal over alle leeftijden;Mannen en vrouwen;Heerenveen;2010;42874;38338;2294;849;1445;2242;1313;929;74
4593;Totaal over alle leeftijden;Mannen en vrouwen;Heerenveen;2011;42893;38325;2265;816;1449;2303;1347;956;74
4594;Totaal over alle leeftijden;Mannen en vrouwen;Heerenveen;2012;42923;38272;2282;837;1445;2369;1351;1018;74
4595;Totaal over alle leeftijden;Mannen en vrouwen;Heerenveen;2013;43016;38312;2307;854;1453;2397;1353;1044;74
4596;Totaal over alle leeftijden;Mannen en vrouwen;Heerenveen;2014;42956;38255;2263;830;1433;2438;1385;1053;74
4597;Totaal over alle leeftijden;Mannen en vrouwen;Heerenveen;2015;42961;38199;2258;810;1448;2504;1406;1098;74
4598;Totaal over alle leeftijden;Mannen en vrouwen;Heerenveen;2016;42990;38161;2274;811;1463;2555;1426;1129;74
4599;Totaal over alle leeftijden;Mannen en vrouwen;Heerenveen;2017;42912;38030;2285;814;1471;2597;1438;1159;74
4600;Totaal over alle leeftijden;Mannen en vrouwen;Heerenveen;2018;42820;37884;2286;808;1478;2650;1462;1188;74
4601;Totaal over alle leeftijden;Mannen en vrouwen;Heerenveen;2019;42782;37777;2306;822;1484;2699;1476;1223;74
4602;Totaal over alle leeftijden;Mannen en vrouwen;Heerenveen;2020;42824;37745;2325;829;1496;2754;1496;1258;74
4603;Totaal over alle leeftijden;Mannen en vrouwen;Heerenveen;2021;42847;37712;2321;814;1507;2814;1499;1315;74
4604;Totaal over alle leeftijden;Mannen en vrouwen;Heerenveen;2022;42895;37691;2340;816;1524;2864;1525;1339;74
4605;Totaal over alle leeftijden;Mannen en vrouwen;Heerenveen;2023;42993;37731;2352;838;1514;2910;1547;1363;74
4606;Totaal over alle leeftijden;Mannen en vrouwen;Heerenveen;2024;42945;37595;2356;847;1509;2994;1589;1405;74
4607;Totaal over alle leeftijden;Mannen en vrouwen;Heerenveen;2025;42862;37472;2350;864;1486;3040;1607;1433;74
4608;Totaal over alle leeftijden;Mannen en vrouwen;Heerhugowaard;2008;49770;41560;3829;1396;2433;4381;2456;1925;398
4609;Totaal over alle leeftijden;Mannen en vrouwen;Heerhugowaard;2009;50246;41861;3862;1393;2469;4523;2500;2023;398
4610;Totaal over alle leeftijden;Mannen en vrouwen;Heerhugowaard;2010;50552;41988;3878;1411;2467;4686;2584;2102;398
4611;Totaal over alle leeftijden;Mannen en vrouwen;Heerhugowaard;2011;51106;42399;3910;1437;2473;4797;2622;2175;398
4612;Totaal over alle leeftijden;Mannen en vrouwen;Heerhugowaard;2012;51654;42715;3947;1464;2483;4992;2731;2261;398
4613;Totaal over alle leeftijden;Mannen en vrouwen;Heerhugowaard;2013;52194;43074;4009;1497;2512;5111;2794;2317;398
4614;Totaal over alle leeftijden;Mannen en vrouwen;Heerhugowaard;2014;52749;43404;4111;1569;2542;5234;2837;2397;398
4615;Totaal over alle leeftijden;Mannen en vrouwen;Heerhugowaard;2015;53423;43795;4202;1638;2564;5426;2895;2531;398
4616;Totaal over alle leeftijden;Mannen en vrouwen;Heerhugowaard;2016;53911;44078;4287;1688;2599;5546;2944;2602;398
4617;Totaal over alle leeftijden;Mannen en vrouwen;Heerhugowaard;2017;54493;44435;4329;1722;2607;5729;3019;2710;398
4618;Totaal over alle leeftijden;Mannen en vrouwen;Heerhugowaard;2018;54964;44693;4365;1756;2609;5906;3106;2800;398
4619;Totaal over alle leeftijden;Mannen en vrouwen;Heerhugowaard;2019;55446;44951;4439;1787;2652;6056;3169;2887;398
4620;Totaal over alle leeftijden;Mannen en vrouwen;Heerhugowaard;2020;55948;45250;4471;1768;2703;6227;3233;2994;398
4621;Totaal over alle leeftijden;Mannen en vrouwen;Heerhugowaard;2021;56220;45337;4519;1797;2722;6364;3291;3073;398
4622;Totaal over alle leeftijden;Mannen en vrouwen;Heerhugowaard;2022;56624;45573;4548;1813;2735;6503;3339;3164;398
4623;Totaal over alle leeftijden;Mannen en vrouwen;Heerhugowaard;2023;57062;45871;4553;1838;2715;6638;3402;3236;398
4624;Totaal over alle leeftijden;Mannen en vrouwen;Heerhugowaard;2024;57580;46124;4637;1906;2731;6819;3466;3353;398
4625;Totaal over alle leeftijden;Mannen en vrouwen;Heerhugowaard;2025;57969;46281;4705;1957;2748;6983;3549;3434;398
4626;Totaal over alle leeftijden;Mannen en vrouwen;Heerlen;2008;90519;65965;17751;5608;12143;6803;4033;2770;917
4627;Totaal over alle leeftijden;Mannen en vrouwen;Heerlen;2009;89968;65671;17343;5529;11814;6954;4089;2865;917
4628;Totaal over alle leeftijden;Mannen en vrouwen;Heerlen;2010;89412;65426;16969;5432;11537;7017;4100;2917;917
4629;Totaal over alle leeftijden;Mannen en vrouwen;Heerlen;2011;88957;65129;16628;5366;11262;7200;4176;3024;917
4630;Totaal over alle leeftijden;Mannen en vrouwen;Heerlen;2012;88320;64792;16241;5268;10973;7287;4159;3128;917
4631;Totaal over alle leeftijden;Mannen en vrouwen;Heerlen;2013;87820;64572;15835;5163;10672;7413;4226;3187;917
4632;Totaal over alle leeftijden;Mannen en vrouwen;Heerlen;2014;87241;64192;15529;5125;10404;7520;4251;3269;917
4633;Totaal over alle leeftijden;Mannen en vrouwen;Heerlen;2015;86683;63816;15199;5038;10161;7668;4296;3372;917
4634;Totaal over alle leeftijden;Mannen en vrouwen;Heerlen;2016;86193;63501;14908;5019;9889;7784;4321;3463;917
4635;Totaal over alle leeftijden;Mannen en vrouwen;Heerlen;2017;85672;63227;14561;4950;9611;7884;4319;3565;917
4636;Totaal over alle leeftijden;Mannen en vrouwen;Heerlen;2018;85186;62928;14278;4881;9397;7980;4344;3636;917
4637;Totaal over alle leeftijden;Mannen en vrouwen;Heerlen;2019;84758;62687;14010;4852;9158;8061;4362;3699;917
4638;Totaal over alle leeftijden;Mannen en vrouwen;Heerlen;2020;84297;62427;13717;4815;8902;8153;4377;3776;917
4639;Totaal over alle leeftijden;Mannen en vrouwen;Heerlen;2021;83896;62194;13422;4758;8664;8280;4421;3859;917
4640;Totaal over alle leeftijden;Mannen en vrouwen;Heerlen;2022;83484;61884;13157;4705;8452;8443;4445;3998;917
4641;Totaal over alle leeftijden;Mannen en vrouwen;Heerlen;2023;83054;61624;12870;4659;8211;8560;4491;4069;917
4642;Totaal over alle leeftijden;Mannen en vrouwen;Heerlen;2024;82699;61327;12699;4647;8052;8673;4551;4122;917
4643;Totaal over alle leeftijden;Mannen en vrouwen;Heerlen;2025;82311;61067;12498;4605;7893;8746;4580;4166;917
4644;Totaal over alle leeftijden;Mannen en vrouwen;Heeze-Leende;2008;15110;13811;933;296;637;366;213;153;1658
4645;Totaal over alle leeftijden;Mannen en vrouwen;Heeze-Leende;2009;15042;13681;946;291;655;415;247;168;1658
4646;Totaal over alle leeftijden;Mannen en vrouwen;Heeze-Leende;2010;14969;13552;959;306;653;458;274;184;1658
4647;Totaal over alle leeftijden;Mannen en vrouwen;Heeze-Leende;2011;14838;13372;957;311;646;509;306;203;1658
4648;Totaal over alle leeftijden;Mannen en vrouwen;Heeze-Leende;2012;14750;13244;976;314;662;530;308;222;1658
4649;Totaal over alle leeftijden;Mannen en vrouwen;Heeze-Leende;2013;14626;13086;970;319;651;570;326;244;1658
4650;Totaal over alle leeftijden;Mannen en vrouwen;Heeze-Leende;2014;14587;13014;970;331;639;603;336;267;1658
4651;Totaal over alle leeftijden;Mannen en vrouwen;Heeze-Leende;2015;14439;12830;973;330;643;636;359;277;1658
4652;Totaal over alle leeftijden;Mannen en vrouwen;Heeze-Leende;2016;14347;12686;978;332;646;683;383;300;1658
4653;Totaal over alle leeftijden;Mannen en vrouwen;Heeze-Leende;2017;14307;12587;980;319;661;740;406;334;1658
4654;Totaal over alle leeftijden;Mannen en vrouwen;Heeze-Leende;2018;14324;12523;993;332;661;808;443;365;1658
4655;Totaal over alle leeftijden;Mannen en vrouwen;Heeze-Leende;2019;14315;12469;995;332;663;851;463;388;1658
4656;Totaal over alle leeftijden;Mannen en vrouwen;Heeze-Leende;2020;14301;12390;1013;336;677;898;487;411;1658
4657;Totaal over alle leeftijden;Mannen en vrouwen;Heeze-Leende;2021;14346;12396;1018;356;662;932;498;434;1658
4658;Totaal over alle leeftijden;Mannen en vrouwen;Heeze-Leende;2022;14288;12284;1042;366;676;962;508;454;1658
4659;Totaal over alle leeftijden;Mannen en vrouwen;Heeze-Leende;2023;14230;12191;1043;368;675;996;526;470;1658
4660;Totaal over alle leeftijden;Mannen en vrouwen;Heeze-Leende;2024;14164;12101;1052;378;674;1011;526;485;1658
4661;Totaal over alle leeftijden;Mannen en vrouwen;Heeze-Leende;2025;14125;12024;1049;383;666;1052;555;497;1658
4662;Totaal over alle leeftijden;Mannen en vrouwen;Heiloo;2008;22160;19771;1596;564;1032;793;459;334;399
4663;Totaal over alle leeftijden;Mannen en vrouwen;Heiloo;2009;22090;19661;1598;576;1022;831;466;365;399
4664;Totaal over alle leeftijden;Mannen en vrouwen;Heiloo;2010;22076;19626;1581;567;1014;869;477;392;399
4665;Totaal over alle leeftijden;Mannen en vrouwen;Heiloo;2011;22237;19710;1600;571;1029;927;503;424;399
4666;Totaal over alle leeftijden;Mannen en vrouwen;Heiloo;2012;22361;19736;1645;591;1054;980;524;456;399
4667;Totaal over alle leeftijden;Mannen en vrouwen;Heiloo;2013;22454;19772;1661;607;1054;1021;527;494;399
4668;Totaal over alle leeftijden;Mannen en vrouwen;Heiloo;2014;22612;19867;1673;613;1060;1072;551;521;399
4669;Totaal over alle leeftijden;Mannen en vrouwen;Heiloo;2015;22793;19943;1720;620;1100;1130;588;542;399
4670;Totaal over alle leeftijden;Mannen en vrouwen;Heiloo;2016;22794;19926;1724;614;1110;1144;601;543;399
4671;Totaal over alle leeftijden;Mannen en vrouwen;Heiloo;2017;22765;19844;1730;612;1118;1191;636;555;399
4672;Totaal over alle leeftijden;Mannen en vrouwen;Heiloo;2018;22919;19907;1741;612;1129;1271;672;599;399
4673;Totaal over alle leeftijden;Mannen en vrouwen;Heiloo;2019;22940;19877;1736;593;1143;1327;691;636;399
4674;Totaal over alle leeftijden;Mannen en vrouwen;Heiloo;2020;22991;19887;1740;601;1139;1364;713;651;399
4675;Totaal over alle leeftijden;Mannen en vrouwen;Heiloo;2021;23124;19956;1766;621;1145;1402;718;684;399
4676;Totaal over alle leeftijden;Mannen en vrouwen;Heiloo;2022;23292;20054;1784;636;1148;1454;741;713;399
4677;Totaal over alle leeftijden;Mannen en vrouwen;Heiloo;2023;23289;20020;1781;650;1131;1488;743;745;399
4678;Totaal over alle leeftijden;Mannen en vrouwen;Heiloo;2024;23330;20020;1771;650;1121;1539;755;784;399
4679;Totaal over alle leeftijden;Mannen en vrouwen;Heiloo;2025;23283;19956;1758;640;1118;1569;764;805;399
4680;Totaal over alle leeftijden;Mannen en vrouwen;Helden;2008;19239;17336;1050;370;680;853;460;393;918
4681;Totaal over alle leeftijden;Mannen en vrouwen;Helden;2009;19046;17137;1030;361;669;879;485;394;918
4682;Totaal over alle leeftijden;Mannen en vrouwen;Helden;2010;18845;16914;1025;365;660;906;488;418;918
4683;Totaal over alle leeftijden;Mannen en vrouwen;Helden;2011;18711;16731;1019;348;671;961;516;445;918
4684;Totaal over alle leeftijden;Mannen en vrouwen;Helden;2012;18597;16556;1021;345;676;1020;534;486;918
4685;Totaal over alle leeftijden;Mannen en vrouwen;Helden;2013;18448;16393;1016;340;676;1039;558;481;918
4686;Totaal over alle leeftijden;Mannen en vrouwen;Helden;2014;18338;16250;1012;333;679;1076;578;498;918
4687;Totaal over alle leeftijden;Mannen en vrouwen;Helden;2015;18230;16102;1006;328;678;1122;595;527;918
4688;Totaal over alle leeftijden;Mannen en vrouwen;Helden;2016;18160;15988;1000;327;673;1172;626;546;918
4689;Totaal over alle leeftijden;Mannen en vrouwen;Helden;2017;18138;15906;1013;336;677;1219;641;578;918
4690;Totaal over alle leeftijden;Mannen en vrouwen;Helden;2018;18158;15875;1009;347;662;1274;666;608;918
4691;Totaal over alle leeftijden;Mannen en vrouwen;Helden;2019;18198;15856;1028;353;675;1314;667;647;918
4692;Totaal over alle leeftijden;Mannen en vrouwen;Helden;2020;18255;15857;1030;351;679;1368;690;678;918
4693;Totaal over alle leeftijden;Mannen en vrouwen;Helden;2021;18305;15785;1075;373;702;1445;714;731;918
4694;Totaal over alle leeftijden;Mannen en vrouwen;Helden;2022;18281;15657;1122;394;728;1502;728;774;918
4695;Totaal over alle leeftijden;Mannen en vrouwen;Helden;2023;18257;15590;1119;390;729;1548;751;797;918
4696;Totaal over alle leeftijden;Mannen en vrouwen;Helden;2024;18334;15611;1118;390;728;1605;776;829;918
4697;Totaal over alle leeftijden;Mannen en vrouwen;Helden;2025;18396;15608;1138;402;736;1650;798;852;918
4698;Totaal over alle leeftijden;Mannen en vrouwen;Den Helder;2008;58036;47498;5647;2097;3550;4891;2960;1931;400
4699;Totaal over alle leeftijden;Mannen en vrouwen;Den Helder;2009;57767;47279;5575;2075;3500;4913;2953;1960;400
4700;Totaal over alle leeftijden;Mannen en vrouwen;Den Helder;2010;57481;46945;5553;2070;3483;4983;2946;2037;400
4701;Totaal over alle leeftijden;Mannen en vrouwen;Den Helder;2011;57090;46581;5526;2052;3474;4983;2947;2036;400
4702;Totaal over alle leeftijden;Mannen en vrouwen;Den Helder;2012;56687;46116;5530;2062;3468;5041;2955;2086;400
4703;Totaal over alle leeftijden;Mannen en vrouwen;Den Helder;2013;56300;45731;5520;2087;3433;5049;2940;2109;400
4704;Totaal over alle leeftijden;Mannen en vrouwen;Den Helder;2014;55966;45430;5481;2069;3412;5055;2933;2122;400
4705;Totaal over alle leeftijden;Mannen en vrouwen;Den Helder;2015;55637;45061;5480;2075;3405;5096;2904;2192;400
4706;Totaal over alle leeftijden;Mannen en vrouwen;Den Helder;2016;55295;44723;5489;2107;3382;5083;2849;2234;400
4707;Totaal over alle leeftijden;Mannen en vrouwen;Den Helder;2017;54975;44430;5457;2110;3347;5088;2838;2250;400
4708;Totaal over alle leeftijden;Mannen en vrouwen;Den Helder;2018;54715;44129;5438;2095;3343;5148;2851;2297;400
4709;Totaal over alle leeftijden;Mannen en vrouwen;Den Helder;2019;54391;43781;5410;2110;3300;5200;2840;2360;400
4710;Totaal over alle leeftijden;Mannen en vrouwen;Den Helder;2020;54115;43407;5443;2125;3318;5265;2841;2424;400
4711;Totaal over alle leeftijden;Mannen en vrouwen;Den Helder;2021;53886;43087;5482;2159;3323;5317;2875;2442;400
4712;Totaal over alle leeftijden;Mannen en vrouwen;Den Helder;2022;53627;42750;5474;2175;3299;5403;2903;2500;400
4713;Totaal over alle leeftijden;Mannen en vrouwen;Den Helder;2023;53332;42460;5460;2177;3283;5412;2874;2538;400
4714;Totaal over alle leeftijden;Mannen en vrouwen;Den Helder;2024;53107;42152;5466;2201;3265;5489;2914;2575;400
4715;Totaal over alle leeftijden;Mannen en vrouwen;Den Helder;2025;52839;41826;5465;2202;3263;5548;2927;2621;400
4716;Totaal over alle leeftijden;Mannen en vrouwen;Hellendoorn;2008;35791;33504;1496;439;1057;791;455;336;163
4717;Totaal over alle leeftijden;Mannen en vrouwen;Hellendoorn;2009;35574;33201;1499;451;1048;874;481;393;163
4718;Totaal over alle leeftijden;Mannen en vrouwen;Hellendoorn;2010;35330;32927;1484;444;1040;919;503;416;163
4719;Totaal over alle leeftijden;Mannen en vrouwen;Hellendoorn;2011;35241;32716;1496;444;1052;1029;567;462;163
4720;Totaal over alle leeftijden;Mannen en vrouwen;Hellendoorn;2012;35022;32410;1516;462;1054;1096;608;488;163
4721;Totaal over alle leeftijden;Mannen en vrouwen;Hellendoorn;2013;34855;32142;1522;459;1063;1191;660;531;163
4722;Totaal over alle leeftijden;Mannen en vrouwen;Hellendoorn;2014;34771;31971;1534;467;1067;1266;705;561;163
4723;Totaal over alle leeftijden;Mannen en vrouwen;Hellendoorn;2015;34502;31637;1552;493;1059;1313;727;586;163
4724;Totaal over alle leeftijden;Mannen en vrouwen;Hellendoorn;2016;34544;31570;1582;508;1074;1392;767;625;163
4725;Totaal over alle leeftijden;Mannen en vrouwen;Hellendoorn;2017;34541;31456;1600;512;1088;1485;810;675;163
4726;Totaal over alle leeftijden;Mannen en vrouwen;Hellendoorn;2018;34461;31257;1630;529;1101;1574;871;703;163
4727;Totaal over alle leeftijden;Mannen en vrouwen;Hellendoorn;2019;34420;31139;1630;539;1091;1651;920;731;163
4728;Totaal over alle leeftijden;Mannen en vrouwen;Hellendoorn;2020;34479;31076;1657;539;1118;1746;970;776;163
4729;Totaal over alle leeftijden;Mannen en vrouwen;Hellendoorn;2021;34403;30902;1684;555;1129;1817;1004;813;163
4730;Totaal over alle leeftijden;Mannen en vrouwen;Hellendoorn;2022;34319;30733;1684;556;1128;1902;1039;863;163
4731;Totaal over alle leeftijden;Mannen en vrouwen;Hellendoorn;2023;34232;30539;1710;566;1144;1983;1067;916;163
4732;Totaal over alle leeftijden;Mannen en vrouwen;Hellendoorn;2024;34096;30351;1699;577;1122;2046;1090;956;163
4733;Totaal over alle leeftijden;Mannen en vrouwen;Hellendoorn;2025;34102;30287;1684;567;1117;2131;1118;1013;163
4734;Totaal over alle leeftijden;Mannen en vrouwen;Hellevoetsluis;2008;39712;32991;3574;1401;2173;3147;1757;1390;530
4735;Totaal over alle leeftijden;Mannen en vrouwen;Hellevoetsluis;2009;39690;32901;3581;1411;2170;3208;1771;1437;530
4736;Totaal over alle leeftijden;Mannen en vrouwen;Hellevoetsluis;2010;39645;32807;3566;1414;2152;3272;1767;1505;530
4737;Totaal over alle leeftijden;Mannen en vrouwen;Hellevoetsluis;2011;39511;32659;3545;1390;2155;3307;1797;1510;530
4738;Totaal over alle leeftijden;Mannen en vrouwen;Hellevoetsluis;2012;39529;32581;3556;1405;2151;3392;1812;1580;530
4739;Totaal over alle leeftijden;Mannen en vrouwen;Hellevoetsluis;2013;39213;32271;3527;1395;2132;3415;1793;1622;530
4740;Totaal over alle leeftijden;Mannen en vrouwen;Hellevoetsluis;2014;39075;32150;3485;1368;2117;3440;1824;1616;530
4741;Totaal over alle leeftijden;Mannen en vrouwen;Hellevoetsluis;2015;39048;32121;3465;1367;2098;3462;1823;1639;530
4742;Totaal over alle leeftijden;Mannen en vrouwen;Hellevoetsluis;2016;38921;31977;3438;1381;2057;3506;1828;1678;530
4743;Totaal over alle leeftijden;Mannen en vrouwen;Hellevoetsluis;2017;38929;31886;3469;1404;2065;3574;1837;1737;530
4744;Totaal over alle leeftijden;Mannen en vrouwen;Hellevoetsluis;2018;38906;31802;3482;1425;2057;3622;1839;1783;530
4745;Totaal over alle leeftijden;Mannen en vrouwen;Hellevoetsluis;2019;38850;31685;3503;1460;2043;3662;1848;1814;530
4746;Totaal over alle leeftijden;Mannen en vrouwen;Hellevoetsluis;2020;38905;31684;3524;1475;2049;3697;1833;1864;530
4747;Totaal over alle leeftijden;Mannen en vrouwen;Hellevoetsluis;2021;38823;31544;3516;1482;2034;3763;1856;1907;530
4748;Totaal over alle leeftijden;Mannen en vrouwen;Hellevoetsluis;2022;38904;31549;3550;1496;2054;3805;1871;1934;530
4749;Totaal over alle leeftijden;Mannen en vrouwen;Hellevoetsluis;2023;39026;31598;3566;1519;2047;3862;1889;1973;530
4750;Totaal over alle leeftijden;Mannen en vrouwen;Hellevoetsluis;2024;39016;31505;3591;1511;2080;3920;1922;1998;530
4751;Totaal over alle leeftijden;Mannen en vrouwen;Hellevoetsluis;2025;38941;31418;3569;1510;2059;3954;1924;2030;530
4752;Totaal over alle leeftijden;Mannen en vrouwen;Helmond;2008;87357;69050;8591;3574;5017;9716;5466;4250;794
4753;Totaal over alle leeftijden;Mannen en vrouwen;Helmond;2009;88314;69800;8665;3628;5037;9849;5458;4391;794
4754;Totaal over alle leeftijden;Mannen en vrouwen;Helmond;2010;89131;70449;8664;3622;5042;10018;5517;4501;794
4755;Totaal over alle leeftijden;Mannen en vrouwen;Helmond;2011;89601;70718;8654;3637;5017;10229;5575;4654;794
4756;Totaal over alle leeftijden;Mannen en vrouwen;Helmond;2012;90130;71119;8687;3673;5014;10324;5630;4694;794
4757;Totaal over alle leeftijden;Mannen en vrouwen;Helmond;2013;90571;71460;8698;3666;5032;10413;5671;4742;794
4758;Totaal over alle leeftijden;Mannen en vrouwen;Helmond;2014;91106;71859;8689;3690;4999;10558;5718;4840;794
4759;Totaal over alle leeftijden;Mannen en vrouwen;Helmond;2015;91343;72042;8675;3709;4966;10626;5727;4899;794
4760;Totaal over alle leeftijden;Mannen en vrouwen;Helmond;2016;91650;72231;8664;3725;4939;10755;5796;4959;794
4761;Totaal over alle leeftijden;Mannen en vrouwen;Helmond;2017;91896;72362;8680;3753;4927;10854;5854;5000;794
4762;Totaal over alle leeftijden;Mannen en vrouwen;Helmond;2018;92117;72469;8642;3749;4893;11006;5962;5044;794
4763;Totaal over alle leeftijden;Mannen en vrouwen;Helmond;2019;92241;72481;8636;3777;4859;11124;6021;5103;794
4764;Totaal over alle leeftijden;Mannen en vrouwen;Helmond;2020;92522;72673;8641;3795;4846;11208;6097;5111;794
4765;Totaal over alle leeftijden;Mannen en vrouwen;Helmond;2021;92539;72611;8621;3800;4821;11307;6167;5140;794
4766;Totaal over alle leeftijden;Mannen en vrouwen;Helmond;2022;92698;72643;8647;3858;4789;11408;6205;5203;794
4767;Totaal over alle leeftijden;Mannen en vrouwen;Helmond;2023;92729;72548;8681;3900;4781;11500;6266;5234;794
4768;Totaal over alle leeftijden;Mannen en vrouwen;Helmond;2024;92651;72354;8717;3961;4756;11580;6307;5273;794
4769;Totaal over alle leeftijden;Mannen en vrouwen;Helmond;2025;92682;72293;8688;3964;4724;11701;6362;5339;794
4770;Totaal over alle leeftijden;Mannen en vrouwen;Hendrik-Ido-Ambacht;2008;25461;22466;1611;530;1081;1384;713;671;531
4771;Totaal over alle leeftijden;Mannen en vrouwen;Hendrik-Ido-Ambacht;2009;26041;22850;1699;564;1135;1492;744;748;531
4772;Totaal over alle leeftijden;Mannen en vrouwen;Hendrik-Ido-Ambacht;2010;26585;23251;1745;572;1173;1589;772;817;531
4773;Totaal over alle leeftijden;Mannen en vrouwen;Hendrik-Ido-Ambacht;2011;26901;23463;1755;561;1194;1683;789;894;531
4774;Totaal over alle leeftijden;Mannen en vrouwen;Hendrik-Ido-Ambacht;2012;27236;23688;1786;570;1216;1762;828;934;531
4775;Totaal over alle leeftijden;Mannen en vrouwen;Hendrik-Ido-Ambacht;2013;27557;23902;1816;587;1229;1839;855;984;531
4776;Totaal over alle leeftijden;Mannen en vrouwen;Hendrik-Ido-Ambacht;2014;27712;23980;1846;616;1230;1886;846;1040;531
4777;Totaal over alle leeftijden;Mannen en vrouwen;Hendrik-Ido-Ambacht;2015;27931;24135;1866;603;1263;1930;858;1072;531
4778;Totaal over alle leeftijden;Mannen en vrouwen;Hendrik-Ido-Ambacht;2016;28168;24287;1878;597;1281;2003;885;1118;531
4779;Totaal over alle leeftijden;Mannen en vrouwen;Hendrik-Ido-Ambacht;2017;28560;24560;1911;610;1301;2089;916;1173;531
4780;Totaal over alle leeftijden;Mannen en vrouwen;Hendrik-Ido-Ambacht;2018;28740;24665;1935;626;1309;2140;924;1216;531
4781;Totaal over alle leeftijden;Mannen en vrouwen;Hendrik-Ido-Ambacht;2019;29125;24901;1971;623;1348;2253;968;1285;531
4782;Totaal over alle leeftijden;Mannen en vrouwen;Hendrik-Ido-Ambacht;2020;29406;25047;2025;652;1373;2334;974;1360;531
4783;Totaal over alle leeftijden;Mannen en vrouwen;Hendrik-Ido-Ambacht;2021;29525;25107;2030;655;1375;2388;995;1393;531
4784;Totaal over alle leeftijden;Mannen en vrouwen;Hendrik-Ido-Ambacht;2022;29796;25304;2042;649;1393;2450;1004;1446;531
4785;Totaal over alle leeftijden;Mannen en vrouwen;Hendrik-Ido-Ambacht;2023;29909;25324;2065;645;1420;2520;1024;1496;531
4786;Totaal over alle leeftijden;Mannen en vrouwen;Hendrik-Ido-Ambacht;2024;30040;25405;2078;644;1434;2557;1041;1516;531
4787;Totaal over alle leeftijden;Mannen en vrouwen;Hendrik-Ido-Ambacht;2025;30162;25446;2102;666;1436;2614;1068;1546;531
4788;Totaal over alle leeftijden;Mannen en vrouwen;Hengelo (O.);2008;82200;65494;8048;2855;5193;8658;4852;3806;164
4789;Totaal over alle leeftijden;Mannen en vrouwen;Hengelo (O.);2009;82510;65787;8018;2863;5155;8705;4857;3848;164
4790;Totaal over alle leeftijden;Mannen en vrouwen;Hengelo (O.);2010;82640;65918;7988;2882;5106;8734;4843;3891;164
4791;Totaal over alle leeftijden;Mannen en vrouwen;Hengelo (O.);2011;82869;66099;7958;2879;5079;8812;4887;3925;164
4792;Totaal over alle leeftijden;Mannen en vrouwen;Hengelo (O.);2012;83188;66299;7953;2875;5078;8936;4940;3996;164
4793;Totaal over alle leeftijden;Mannen en vrouwen;Hengelo (O.);2013;83312;66326;7905;2875;5030;9081;4990;4091;164
4794;Totaal over alle leeftijden;Mannen en vrouwen;Hengelo (O.);2014;83395;66286;7888;2884;5004;9221;5063;4158;164
4795;Totaal over alle leeftijden;Mannen en vrouwen;Hengelo (O.);2015;83599;66399;7848;2880;4968;9352;5099;4253;164
4796;Totaal over alle leeftijden;Mannen en vrouwen;Hengelo (O.);2016;83602;66300;7819;2902;4917;9483;5189;4294;164
4797;Totaal over alle leeftijden;Mannen en vrouwen;Hengelo (O.);2017;83680;66265;7845;2928;4917;9570;5227;4343;164
4798;Totaal over alle leeftijden;Mannen en vrouwen;Hengelo (O.);2018;83730;66234;7812;2898;4914;9684;5298;4386;164
4799;Totaal over alle leeftijden;Mannen en vrouwen;Hengelo (O.);2019;83654;66104;7757;2924;4833;9793;5335;4458;164
4800;Totaal over alle leeftijden;Mannen en vrouwen;Hengelo (O.);2020;83684;66019;7759;2936;4823;9906;5389;4517;164
4801;Totaal over alle leeftijden;Mannen en vrouwen;Hengelo (O.);2021;83693;65924;7747;2964;4783;10022;5407;4615;164
4802;Totaal over alle leeftijden;Mannen en vrouwen;Hengelo (O.);2022;83677;65877;7684;2946;4738;10116;5451;4665;164
4803;Totaal over alle leeftijden;Mannen en vrouwen;Hengelo (O.);2023;83657;65774;7673;2949;4724;10210;5481;4729;164
4804;Totaal over alle leeftijden;Mannen en vrouwen;Hengelo (O.);2024;83610;65692;7649;2965;4684;10269;5539;4730;164
4805;Totaal over alle leeftijden;Mannen en vrouwen;Hengelo (O.);2025;83450;65532;7599;2974;4625;10319;5553;4766;164
4806;Totaal over alle leeftijden;Mannen en vrouwen;'s-Hertogenbosch;2008;136598;111290;11753;4557;7196;13555;7597;5958;796
4807;Totaal over alle leeftijden;Mannen en vrouwen;'s-Hertogenbosch;2009;137681;112018;11915;4647;7268;13748;7641;6107;796
4808;Totaal over alle leeftijden;Mannen en vrouwen;'s-Hertogenbosch;2010;138934;112844;12128;4764;7364;13962;7701;6261;796
4809;Totaal over alle leeftijden;Mannen en vrouwen;'s-Hertogenbosch;2011;140342;113769;12334;4874;7460;14239;7818;6421;796
4810;Totaal over alle leeftijden;Mannen en vrouwen;'s-Hertogenbosch;2012;141740;114738;12510;4992;7518;14492;7913;6579;796
4811;Totaal over alle leeftijden;Mannen en vrouwen;'s-Hertogenbosch;2013;142489;115206;12588;5025;7563;14695;7995;6700;796
4812;Totaal over alle leeftijden;Mannen en vrouwen;'s-Hertogenbosch;2014;143380;115721;12700;5079;7621;14959;8064;6895;796
4813;Totaal over alle leeftijden;Mannen en vrouwen;'s-Hertogenbosch;2015;144161;116210;12840;5140;7700;15111;8110;7001;796
4814;Totaal over alle leeftijden;Mannen en vrouwen;'s-Hertogenbosch;2016;144822;116497;13000;5273;7727;15325;8200;7125;796
4815;Totaal over alle leeftijden;Mannen en vrouwen;'s-Hertogenbosch;2017;145541;116886;13169;5416;7753;15486;8291;7195;796
4816;Totaal over alle leeftijden;Mannen en vrouwen;'s-Hertogenbosch;2018;146198;117179;13339;5526;7813;15680;8449;7231;796
4817;Totaal over alle leeftijden;Mannen en vrouwen;'s-Hertogenbosch;2019;146776;117402;13489;5578;7911;15885;8543;7342;796
4818;Totaal over alle leeftijden;Mannen en vrouwen;'s-Hertogenbosch;2020;147271;117555;13645;5651;7994;16071;8624;7447;796
4819;Totaal over alle leeftijden;Mannen en vrouwen;'s-Hertogenbosch;2021;147776;117767;13817;5771;8046;16192;8698;7494;796
4820;Totaal over alle leeftijden;Mannen en vrouwen;'s-Hertogenbosch;2022;148323;117989;13934;5849;8085;16400;8819;7581;796
4821;Totaal over alle leeftijden;Mannen en vrouwen;'s-Hertogenbosch;2023;148692;117973;14117;5940;8177;16602;8929;7673;796
4822;Totaal over alle leeftijden;Mannen en vrouwen;'s-Hertogenbosch;2024;149124;118068;14214;6052;8162;16842;9027;7815;796
4823;Totaal over alle leeftijden;Mannen en vrouwen;'s-Hertogenbosch;2025;149258;117968;14341;6179;8162;16949;9117;7832;796
4824;Totaal over alle leeftijden;Mannen en vrouwen;Heumen;2008;16628;14649;1453;463;990;526;283;243;252
4825;Totaal over alle leeftijden;Mannen en vrouwen;Heumen;2009;16530;14543;1438;456;982;549;296;253;252
4826;Totaal over alle leeftijden;Mannen en vrouwen;Heumen;2010;16460;14435;1464;471;993;561;310;251;252
4827;Totaal over alle leeftijden;Mannen en vrouwen;Heumen;2011;16479;14410;1471;471;1000;598;327;271;252
4828;Totaal over alle leeftijden;Mannen en vrouwen;Heumen;2012;16418;14323;1462;485;977;633;344;289;252
4829;Totaal over alle leeftijden;Mannen en vrouwen;Heumen;2013;16349;14212;1461;489;972;676;359;317;252
4830;Totaal over alle leeftijden;Mannen en vrouwen;Heumen;2014;16277;14130;1431;486;945;716;384;332;252
4831;Totaal over alle leeftijden;Mannen en vrouwen;Heumen;2015;16199;14048;1427;494;933;724;392;332;252
4832;Totaal over alle leeftijden;Mannen en vrouwen;Heumen;2016;16101;13943;1409;486;923;749;407;342;252
4833;Totaal over alle leeftijden;Mannen en vrouwen;Heumen;2017;16059;13851;1422;497;925;786;426;360;252
4834;Totaal over alle leeftijden;Mannen en vrouwen;Heumen;2018;15925;13747;1396;497;899;782;429;353;252
4835;Totaal over alle leeftijden;Mannen en vrouwen;Heumen;2019;15866;13667;1397;486;911;802;435;367;252
4836;Totaal over alle leeftijden;Mannen en vrouwen;Heumen;2020;15757;13548;1381;489;892;828;459;369;252
4837;Totaal over alle leeftijden;Mannen en vrouwen;Heumen;2021;15684;13451;1380;489;891;853;464;389;252
4838;Totaal over alle leeftijden;Mannen en vrouwen;Heumen;2022;15653;13379;1396;493;903;878;478;400;252
4839;Totaal over alle leeftijden;Mannen en vrouwen;Heumen;2023;15580;13306;1392;512;880;882;478;404;252
4840;Totaal over alle leeftijden;Mannen en vrouwen;Heumen;2024;15492;13212;1378;513;865;902;494;408;252
4841;Totaal over alle leeftijden;Mannen en vrouwen;Heumen;2025;15447;13166;1374;517;857;907;497;410;252
4842;Totaal over alle leeftijden;Mannen en vrouwen;Heusden;2008;42870;37983;2392;874;1518;2495;1356;1139;797
4843;Totaal over alle leeftijden;Mannen en vrouwen;Heusden;2009;42721;37818;2374;865;1509;2529;1369;1160;797
4844;Totaal over alle leeftijden;Mannen en vrouwen;Heusden;2010;42546;37653;2363;850;1513;2530;1362;1168;797
4845;Totaal over alle leeftijden;Mannen en vrouwen;Heusden;2011;42485;37563;2343;851;1492;2579;1388;1191;797
4846;Totaal over alle leeftijden;Mannen en vrouwen;Heusden;2012;42445;37431;2379;883;1496;2635;1397;1238;797
4847;Totaal over alle leeftijden;Mannen en vrouwen;Heusden;2013;42386;37338;2382;894;1488;2666;1404;1262;797
4848;Totaal over alle leeftijden;Mannen en vrouwen;Heusden;2014;42270;37177;2385;900;1485;2708;1427;1281;797
4849;Totaal over alle leeftijden;Mannen en vrouwen;Heusden;2015;42237;37112;2383;916;1467;2742;1421;1321;797
4850;Totaal over alle leeftijden;Mannen en vrouwen;Heusden;2016;42165;36975;2377;911;1466;2813;1436;1377;797
4851;Totaal over alle leeftijden;Mannen en vrouwen;Heusden;2017;42210;36941;2391;916;1475;2878;1445;1433;797
4852;Totaal over alle leeftijden;Mannen en vrouwen;Heusden;2018;42236;36893;2387;909;1478;2956;1461;1495;797
4853;Totaal over alle leeftijden;Mannen en vrouwen;Heusden;2019;42289;36846;2386;911;1475;3057;1491;1566;797
4854;Totaal over alle leeftijden;Mannen en vrouwen;Heusden;2020;42399;36876;2386;918;1468;3137;1534;1603;797
4855;Totaal over alle leeftijden;Mannen en vrouwen;Heusden;2021;42412;36822;2365;904;1461;3225;1576;1649;797
4856;Totaal over alle leeftijden;Mannen en vrouwen;Heusden;2022;42459;36824;2352;893;1459;3283;1586;1697;797
4857;Totaal over alle leeftijden;Mannen en vrouwen;Heusden;2023;42696;36963;2393;901;1492;3340;1610;1730;797
4858;Totaal over alle leeftijden;Mannen en vrouwen;Heusden;2024;42912;37068;2419;933;1486;3425;1628;1797;797
4859;Totaal over alle leeftijden;Mannen en vrouwen;Heusden;2025;43095;37129;2428;954;1474;3538;1651;1887;797
4860;Totaal over alle leeftijden;Mannen en vrouwen;Hillegom;2008;20107;17414;1651;746;905;1042;574;468;534
4861;Totaal over alle leeftijden;Mannen en vrouwen;Hillegom;2009;19975;17250;1650;754;896;1075;610;465;534
4862;Totaal over alle leeftijden;Mannen en vrouwen;Hillegom;2010;19895;17114;1663;750;913;1118;633;485;534
4863;Totaal over alle leeftijden;Mannen en vrouwen;Hillegom;2011;19829;16988;1684;761;923;1157;643;514;534
4864;Totaal over alle leeftijden;Mannen en vrouwen;Hillegom;2012;19799;16892;1701;769;932;1206;676;530;534
4865;Totaal over alle leeftijden;Mannen en vrouwen;Hillegom;2013;19813;16825;1768;796;972;1220;668;552;534
4866;Totaal over alle leeftijden;Mannen en vrouwen;Hillegom;2014;19767;16749;1788;813;975;1230;676;554;534
4867;Totaal over alle leeftijden;Mannen en vrouwen;Hillegom;2015;19732;16661;1814;832;982;1257;691;566;534
4868;Totaal over alle leeftijden;Mannen en vrouwen;Hillegom;2016;19787;16659;1847;835;1012;1281;693;588;534
4869;Totaal over alle leeftijden;Mannen en vrouwen;Hillegom;2017;19772;16584;1885;850;1035;1303;704;599;534
4870;Totaal over alle leeftijden;Mannen en vrouwen;Hillegom;2018;19798;16560;1904;859;1045;1334;717;617;534
4871;Totaal over alle leeftijden;Mannen en vrouwen;Hillegom;2019;19841;16536;1918;870;1048;1387;754;633;534
4872;Totaal over alle leeftijden;Mannen en vrouwen;Hillegom;2020;19859;16473;1938;884;1054;1448;780;668;534
4873;Totaal over alle leeftijden;Mannen en vrouwen;Hillegom;2021;19892;16446;1975;892;1083;1471;790;681;534
4874;Totaal over alle leeftijden;Mannen en vrouwen;Hillegom;2022;19974;16452;1997;909;1088;1525;831;694;534
4875;Totaal over alle leeftijden;Mannen en vrouwen;Hillegom;2023;19947;16386;2016;918;1098;1545;844;701;534
4876;Totaal over alle leeftijden;Mannen en vrouwen;Hillegom;2024;19972;16339;2036;916;1120;1597;876;721;534
4877;Totaal over alle leeftijden;Mannen en vrouwen;Hillegom;2025;19906;16271;2024;914;1110;1611;882;729;534
4878;Totaal over alle leeftijden;Mannen en vrouwen;Hilvarenbeek;2008;15061;14039;774;233;541;248;161;87;798
4879;Totaal over alle leeftijden;Mannen en vrouwen;Hilvarenbeek;2009;14970;13911;789;243;546;270;168;102;798
4880;Totaal over alle leeftijden;Mannen en vrouwen;Hilvarenbeek;2010;14959;13836;809;248;561;314;198;116;798
4881;Totaal over alle leeftijden;Mannen en vrouwen;Hilvarenbeek;2011;14911;13744;812;253;559;355;219;136;798
4882;Totaal over alle leeftijden;Mannen en vrouwen;Hilvarenbeek;2012;14861;13629;824;259;565;408;252;156;798
4883;Totaal over alle leeftijden;Mannen en vrouwen;Hilvarenbeek;2013;14785;13513;829;262;567;443;267;176;798
4884;Totaal over alle leeftijden;Mannen en vrouwen;Hilvarenbeek;2014;14769;13445;839;256;583;485;291;194;798
4885;Totaal over alle leeftijden;Mannen en vrouwen;Hilvarenbeek;2015;14783;13437;830;247;583;516;300;216;798
4886;Totaal over alle leeftijden;Mannen en vrouwen;Hilvarenbeek;2016;14745;13362;833;242;591;550;310;240;798
4887;Totaal over alle leeftijden;Mannen en vrouwen;Hilvarenbeek;2017;14725;13296;850;253;597;579;333;246;798
4888;Totaal over alle leeftijden;Mannen en vrouwen;Hilvarenbeek;2018;14725;13264;852;258;594;609;347;262;798
4889;Totaal over alle leeftijden;Mannen en vrouwen;Hilvarenbeek;2019;14745;13227;862;261;601;656;370;286;798
4890;Totaal over alle leeftijden;Mannen en vrouwen;Hilvarenbeek;2020;14671;13119;861;265;596;691;393;298;798
4891;Totaal over alle leeftijden;Mannen en vrouwen;Hilvarenbeek;2021;14707;13118;871;275;596;718;397;321;798
4892;Totaal over alle leeftijden;Mannen en vrouwen;Hilvarenbeek;2022;14745;13114;876;285;591;755;412;343;798
4893;Totaal over alle leeftijden;Mannen en vrouwen;Hilvarenbeek;2023;14786;13103;890;289;601;793;429;364;798
4894;Totaal over alle leeftijden;Mannen en vrouwen;Hilvarenbeek;2024;14828;13088;892;296;596;848;449;399;798
4895;Totaal over alle leeftijden;Mannen en vrouwen;Hilvarenbeek;2025;14810;13028;893;306;587;889;478;411;798
4896;Totaal over alle leeftijden;Mannen en vrouwen;Hilversum;2008;84695;66743;9239;3732;5507;8713;5004;3709;402
4897;Totaal over alle leeftijden;Mannen en vrouwen;Hilversum;2009;85022;66745;9342;3818;5524;8935;5065;3870;402
4898;Totaal over alle leeftijden;Mannen en vrouwen;Hilversum;2010;85369;66850;9394;3849;5545;9125;5129;3996;402
4899;Totaal over alle leeftijden;Mannen en vrouwen;Hilversum;2011;85644;66873;9491;3931;5560;9280;5178;4102;402
4900;Totaal over alle leeftijden;Mannen en vrouwen;Hilversum;2012;85768;66704;9591;3985;5606;9473;5264;4209;402
4901;Totaal over alle leeftijden;Mannen en vrouwen;Hilversum;2013;86040;66712;9632;4017;5615;9696;5351;4345;402
4902;Totaal over alle leeftijden;Mannen en vrouwen;Hilversum;2014;86423;66862;9718;4099;5619;9843;5360;4483;402
4903;Totaal over alle leeftijden;Mannen en vrouwen;Hilversum;2015;86681;66879;9787;4129;5658;10015;5401;4614;402
4904;Totaal over alle leeftijden;Mannen en vrouwen;Hilversum;2016;86782;66703;9852;4174;5678;10227;5508;4719;402
4905;Totaal over alle leeftijden;Mannen en vrouwen;Hilversum;2017;87089;66739;9951;4230;5721;10399;5582;4817;402
4906;Totaal over alle leeftijden;Mannen en vrouwen;Hilversum;2018;87386;66788;10039;4272;5767;10559;5597;4962;402
4907;Totaal over alle leeftijden;Mannen en vrouwen;Hilversum;2019;87606;66736;10156;4323;5833;10714;5628;5086;402
4908;Totaal over alle leeftijden;Mannen en vrouwen;Hilversum;2020;87888;66757;10250;4379;5871;10881;5717;5164;402
4909;Totaal over alle leeftijden;Mannen en vrouwen;Hilversum;2021;88070;66755;10348;4498;5850;10967;5731;5236;402
4910;Totaal over alle leeftijden;Mannen en vrouwen;Hilversum;2022;88324;66759;10438;4556;5882;11127;5814;5313;402
4911;Totaal over alle leeftijden;Mannen en vrouwen;Hilversum;2023;88534;66755;10545;4632;5913;11234;5840;5394;402
4912;Totaal over alle leeftijden;Mannen en vrouwen;Hilversum;2024;88830;66844;10676;4735;5941;11310;5849;5461;402
4913;Totaal over alle leeftijden;Mannen en vrouwen;Hilversum;2025;88945;66789;10762;4807;5955;11394;5870;5524;402
4914;Totaal over alle leeftijden;Mannen en vrouwen;Hof van Twente;2008;35261;31894;2006;733;1273;1361;817;544;1735
4915;Totaal over alle leeftijden;Mannen en vrouwen;Hof van Twente;2009;35084;31569;2032;736;1296;1483;879;604;1735
4916;Totaal over alle leeftijden;Mannen en vrouwen;Hof van Twente;2010;35026;31353;2061;753;1308;1612;918;694;1735
4917;Totaal over alle leeftijden;Mannen en vrouwen;Hof van Twente;2011;34788;31010;2074;743;1331;1704;957;747;1735
4918;Totaal over alle leeftijden;Mannen en vrouwen;Hof van Twente;2012;34596;30685;2083;743;1340;1828;1006;822;1735
4919;Totaal over alle leeftijden;Mannen en vrouwen;Hof van Twente;2013;34511;30450;2117;773;1344;1944;1053;891;1735
4920;Totaal over alle leeftijden;Mannen en vrouwen;Hof van Twente;2014;34438;30227;2138;778;1360;2073;1096;977;1735
4921;Totaal over alle leeftijden;Mannen en vrouwen;Hof van Twente;2015;34261;29873;2177;809;1368;2211;1142;1069;1735
4922;Totaal over alle leeftijden;Mannen en vrouwen;Hof van Twente;2016;34073;29562;2199;818;1381;2312;1202;1110;1735
4923;Totaal over alle leeftijden;Mannen en vrouwen;Hof van Twente;2017;33902;29269;2200;803;1397;2433;1249;1184;1735
4924;Totaal over alle leeftijden;Mannen en vrouwen;Hof van Twente;2018;33635;28905;2210;821;1389;2520;1282;1238;1735
4925;Totaal over alle leeftijden;Mannen en vrouwen;Hof van Twente;2019;33593;28705;2239;848;1391;2649;1344;1305;1735
4926;Totaal over alle leeftijden;Mannen en vrouwen;Hof van Twente;2020;33560;28516;2284;889;1395;2760;1393;1367;1735
4927;Totaal over alle leeftijden;Mannen en vrouwen;Hof van Twente;2021;33439;28282;2275;903;1372;2882;1434;1448;1735
4928;Totaal over alle leeftijden;Mannen en vrouwen;Hof van Twente;2022;33254;28032;2281;915;1366;2941;1462;1479;1735
4929;Totaal over alle leeftijden;Mannen en vrouwen;Hof van Twente;2023;33196;27879;2315;948;1367;3002;1485;1517;1735
4930;Totaal over alle leeftijden;Mannen en vrouwen;Hof van Twente;2024;33121;27675;2354;977;1377;3092;1519;1573;1735
4931;Totaal over alle leeftijden;Mannen en vrouwen;Hof van Twente;2025;33099;27539;2381;996;1385;3179;1549;1630;1735
4932;Totaal over alle leeftijden;Mannen en vrouwen;Hoogeveen;2008;54051;49249;2916;1104;1812;1886;1053;833;118
4933;Totaal over alle leeftijden;Mannen en vrouwen;Hoogeveen;2009;53989;49127;2916;1097;1819;1946;1082;864;118
4934;Totaal over alle leeftijden;Mannen en vrouwen;Hoogeveen;2010;54032;49049;2921;1092;1829;2062;1144;918;118
4935;Totaal over alle leeftijden;Mannen en vrouwen;Hoogeveen;2011;54136;49090;2901;1069;1832;2145;1188;957;118
4936;Totaal over alle leeftijden;Mannen en vrouwen;Hoogeveen;2012;54332;49172;2897;1069;1828;2263;1246;1017;118
4937;Totaal over alle leeftijden;Mannen en vrouwen;Hoogeveen;2013;54471;49219;2885;1058;1827;2367;1285;1082;118
4938;Totaal over alle leeftijden;Mannen en vrouwen;Hoogeveen;2014;54649;49301;2909;1056;1853;2439;1299;1140;118
4939;Totaal over alle leeftijden;Mannen en vrouwen;Hoogeveen;2015;54822;49358;2930;1051;1879;2534;1332;1202;118
4940;Totaal over alle leeftijden;Mannen en vrouwen;Hoogeveen;2016;54931;49373;2926;1034;1892;2632;1379;1253;118
4941;Totaal over alle leeftijden;Mannen en vrouwen;Hoogeveen;2017;55216;49513;2950;1056;1894;2753;1451;1302;118
4942;Totaal over alle leeftijden;Mannen en vrouwen;Hoogeveen;2018;55370;49531;2982;1069;1913;2857;1520;1337;118
4943;Totaal over alle leeftijden;Mannen en vrouwen;Hoogeveen;2019;55613;49650;2984;1065;1919;2979;1559;1420;118
4944;Totaal over alle leeftijden;Mannen en vrouwen;Hoogeveen;2020;55673;49548;3000;1064;1936;3125;1632;1493;118
4945;Totaal over alle leeftijden;Mannen en vrouwen;Hoogeveen;2021;55930;49659;2995;1069;1926;3276;1692;1584;118
4946;Totaal over alle leeftijden;Mannen en vrouwen;Hoogeveen;2022;56097;49697;3000;1090;1910;3400;1751;1649;118
4947;Totaal over alle leeftijden;Mannen en vrouwen;Hoogeveen;2023;56295;49777;3037;1110;1927;3481;1763;1718;118
4948;Totaal over alle leeftijden;Mannen en vrouwen;Hoogeveen;2024;56426;49820;3040;1116;1924;3566;1797;1769;118
4949;Totaal over alle leeftijden;Mannen en vrouwen;Hoogeveen;2025;56627;49886;3049;1111;1938;3692;1843;1849;118
4950;Totaal over alle leeftijden;Mannen en vrouwen;Hoogezand-Sappemeer;2008;34148;28304;2294;925;1369;3550;2082;1468;18
4951;Totaal over alle leeftijden;Mannen en vrouwen;Hoogezand-Sappemeer;2009;34214;28318;2287;932;1355;3609;2122;1487;18
4952;Totaal over alle leeftijden;Mannen en vrouwen;Hoogezand-Sappemeer;2010;34324;28392;2300;927;1373;3632;2147;1485;18
4953;Totaal over alle leeftijden;Mannen en vrouwen;Hoogezand-Sappemeer;2011;34338;28373;2312;939;1373;3653;2143;1510;18
4954;Totaal over alle leeftijden;Mannen en vrouwen;Hoogezand-Sappemeer;2012;34420;28397;2328;947;1381;3695;2188;1507;18
4955;Totaal over alle leeftijden;Mannen en vrouwen;Hoogezand-Sappemeer;2013;34533;28483;2329;946;1383;3721;2220;1501;18
4956;Totaal over alle leeftijden;Mannen en vrouwen;Hoogezand-Sappemeer;2014;34580;28473;2327;937;1390;3780;2257;1523;18
4957;Totaal over alle leeftijden;Mannen en vrouwen;Hoogezand-Sappemeer;2015;34676;28474;2353;934;1419;3849;2293;1556;18
4958;Totaal over alle leeftijden;Mannen en vrouwen;Hoogezand-Sappemeer;2016;34795;28523;2358;939;1419;3914;2325;1589;18
4959;Totaal over alle leeftijden;Mannen en vrouwen;Hoogezand-Sappemeer;2017;34818;28465;2391;949;1442;3962;2368;1594;18
4960;Totaal over alle leeftijden;Mannen en vrouwen;Hoogezand-Sappemeer;2018;34863;28519;2355;923;1432;3989;2378;1611;18
4961;Totaal over alle leeftijden;Mannen en vrouwen;Hoogezand-Sappemeer;2019;34924;28549;2339;935;1404;4036;2409;1627;18
4962;Totaal over alle leeftijden;Mannen en vrouwen;Hoogezand-Sappemeer;2020;34926;28485;2336;934;1402;4105;2443;1662;18
4963;Totaal over alle leeftijden;Mannen en vrouwen;Hoogezand-Sappemeer;2021;34995;28508;2368;962;1406;4119;2428;1691;18
4964;Totaal over alle leeftijden;Mannen en vrouwen;Hoogezand-Sappemeer;2022;35070;28490;2381;956;1425;4199;2475;1724;18
4965;Totaal over alle leeftijden;Mannen en vrouwen;Hoogezand-Sappemeer;2023;35208;28561;2396;966;1430;4251;2510;1741;18
4966;Totaal over alle leeftijden;Mannen en vrouwen;Hoogezand-Sappemeer;2024;35263;28605;2382;963;1419;4276;2520;1756;18
4967;Totaal over alle leeftijden;Mannen en vrouwen;Hoogezand-Sappemeer;2025;35265;28583;2386;955;1431;4296;2551;1745;18
4968;Totaal over alle leeftijden;Mannen en vrouwen;Hoorn;2008;68141;54769;5280;2013;3267;8092;4496;3596;405
4969;Totaal over alle leeftijden;Mannen en vrouwen;Hoorn;2009;68321;54848;5279;1997;3282;8194;4546;3648;405
4970;Totaal over alle leeftijden;Mannen en vrouwen;Hoorn;2010;68590;55006;5294;1999;3295;8290;4593;3697;405
4971;Totaal over alle leeftijden;Mannen en vrouwen;Hoorn;2011;68860;55082;5358;2032;3326;8420;4654;3766;405
4972;Totaal over alle leeftijden;Mannen en vrouwen;Hoorn;2012;69179;55211;5388;2060;3328;8580;4724;3856;405
4973;Totaal over alle leeftijden;Mannen en vrouwen;Hoorn;2013;69662;55354;5523;2113;3410;8785;4808;3977;405
4974;Totaal over alle leeftijden;Mannen en vrouwen;Hoorn;2014;70004;55555;5560;2156;3404;8889;4839;4050;405
4975;Totaal over alle leeftijden;Mannen en vrouwen;Hoorn;2015;70224;55566;5599;2184;3415;9059;4940;4119;405
4976;Totaal over alle leeftijden;Mannen en vrouwen;Hoorn;2016;70330;55623;5589;2210;3379;9118;5004;4114;405
4977;Totaal over alle leeftijden;Mannen en vrouwen;Hoorn;2017;70514;55621;5624;2240;3384;9269;5074;4195;405
4978;Totaal over alle leeftijden;Mannen en vrouwen;Hoorn;2018;70705;55704;5594;2249;3345;9407;5129;4278;405
4979;Totaal over alle leeftijden;Mannen en vrouwen;Hoorn;2019;70976;55772;5686;2303;3383;9518;5188;4330;405
4980;Totaal over alle leeftijden;Mannen en vrouwen;Hoorn;2020;70980;55632;5698;2312;3386;9650;5273;4377;405
4981;Totaal over alle leeftijden;Mannen en vrouwen;Hoorn;2021;71127;55641;5684;2329;3355;9802;5320;4482;405
4982;Totaal over alle leeftijden;Mannen en vrouwen;Hoorn;2022;71349;55615;5765;2392;3373;9969;5420;4549;405
4983;Totaal over alle leeftijden;Mannen en vrouwen;Hoorn;2023;71447;55548;5755;2395;3360;10144;5536;4608;405
4984;Totaal over alle leeftijden;Mannen en vrouwen;Hoorn;2024;71725;55584;5866;2459;3407;10275;5586;4689;405
4985;Totaal over alle leeftijden;Mannen en vrouwen;Hoorn;2025;71871;55579;5908;2491;3417;10384;5655;4729;405
4986;Totaal over alle leeftijden;Mannen en vrouwen;Horst aan de Maas;2008;28949;26478;1657;608;1049;814;502;312;1507
4987;Totaal over alle leeftijden;Mannen en vrouwen;Horst aan de Maas;2009;28908;26354;1661;608;1053;893;554;339;1507
4988;Totaal over alle leeftijden;Mannen en vrouwen;Horst aan de Maas;2010;28931;26271;1683;626;1057;977;602;375;1507
4989;Totaal over alle leeftijden;Mannen en vrouwen;Horst aan de Maas;2011;28810;26111;1674;616;1058;1025;633;392;1507
4990;Totaal over alle leeftijden;Mannen en vrouwen;Horst aan de Maas;2012;28725;25957;1657;610;1047;1111;679;432;1507
4991;Totaal over alle leeftijden;Mannen en vrouwen;Horst aan de Maas;2013;28675;25824;1680;628;1052;1171;712;459;1507
4992;Totaal over alle leeftijden;Mannen en vrouwen;Horst aan de Maas;2014;28562;25622;1696;643;1053;1244;739;505;1507
4993;Totaal over alle leeftijden;Mannen en vrouwen;Horst aan de Maas;2015;28540;25564;1680;640;1040;1296;767;529;1507
4994;Totaal over alle leeftijden;Mannen en vrouwen;Horst aan de Maas;2016;28471;25421;1691;660;1031;1359;814;545;1507
4995;Totaal over alle leeftijden;Mannen en vrouwen;Horst aan de Maas;2017;28467;25354;1710;683;1027;1403;822;581;1507
4996;Totaal over alle leeftijden;Mannen en vrouwen;Horst aan de Maas;2018;28480;25287;1708;683;1025;1485;869;616;1507
4997;Totaal over alle leeftijden;Mannen en vrouwen;Horst aan de Maas;2019;28551;25317;1713;684;1029;1521;890;631;1507
4998;Totaal over alle leeftijden;Mannen en vrouwen;Horst aan de Maas;2020;28558;25204;1724;691;1033;1630;948;682;1507
4999;Totaal over alle leeftijden;Mannen en vrouwen;Horst aan de Maas;2021;28476;25076;1730;702;1028;1670;976;694;1507
5000;Totaal over alle leeftijden;Mannen en vrouwen;Horst aan de Maas;2022;28404;24922;1744;727;1017;1738;1015;723;1507
5001;Totaal over alle leeftijden;Mannen en vrouwen;Horst aan de Maas;2023;28353;24768;1777;760;1017;1808;1042;766;1507
5002;Totaal over alle leeftijden;Mannen en vrouwen;Horst aan de Maas;2024;28343;24659;1794;752;1042;1890;1080;810;1507
5003;Totaal over alle leeftijden;Mannen en vrouwen;Horst aan de Maas;2025;28341;24610;1803;745;1058;1928;1106;822;1507
5004;Totaal over alle leeftijden;Mannen en vrouwen;Houten;2008;45651;39721;3093;980;2113;2837;1482;1355;321
5005;Totaal over alle leeftijden;Mannen en vrouwen;Houten;2009;45822;39803;3123;1001;2122;2896;1517;1379;321
5006;Totaal over alle leeftijden;Mannen en vrouwen;Houten;2010;45834;39779;3137;1038;2099;2918;1519;1399;321
5007;Totaal over alle leeftijden;Mannen en vrouwen;Houten;2011;45901;39763;3147;1046;2101;2991;1537;1454;321
5008;Totaal over alle leeftijden;Mannen en vrouwen;Houten;2012;45914;39693;3159;1078;2081;3062;1565;1497;321
5009;Totaal over alle leeftijden;Mannen en vrouwen;Houten;2013;45854;39539;3175;1104;2071;3140;1605;1535;321
5010;Totaal over alle leeftijden;Mannen en vrouwen;Houten;2014;45801;39445;3173;1124;2049;3183;1613;1570;321
5011;Totaal over alle leeftijden;Mannen en vrouwen;Houten;2015;45954;39523;3167;1145;2022;3264;1636;1628;321
5012;Totaal over alle leeftijden;Mannen en vrouwen;Houten;2016;45966;39504;3166;1171;1995;3296;1660;1636;321
5013;Totaal over alle leeftijden;Mannen en vrouwen;Houten;2017;46103;39521;3207;1194;2013;3375;1689;1686;321
5014;Totaal over alle leeftijden;Mannen en vrouwen;Houten;2018;46127;39473;3186;1183;2003;3468;1743;1725;321
5015;Totaal over alle leeftijden;Mannen en vrouwen;Houten;2019;46125;39414;3207;1197;2010;3504;1755;1749;321
5016;Totaal over alle leeftijden;Mannen en vrouwen;Houten;2020;46224;39415;3245;1207;2038;3564;1801;1763;321
5017;Totaal over alle leeftijden;Mannen en vrouwen;Houten;2021;46287;39383;3259;1218;2041;3645;1844;1801;321
5018;Totaal over alle leeftijden;Mannen en vrouwen;Houten;2022;46347;39335;3296;1245;2051;3716;1874;1842;321
5019;Totaal over alle leeftijden;Mannen en vrouwen;Houten;2023;46414;39321;3294;1259;2035;3799;1909;1890;321
5020;Totaal over alle leeftijden;Mannen en vrouwen;Houten;2024;46533;39331;3325;1297;2028;3877;1955;1922;321
5021;Totaal over alle leeftijden;Mannen en vrouwen;Houten;2025;46541;39266;3338;1314;2024;3937;1991;1946;321
5022;Totaal over alle leeftijden;Mannen en vrouwen;Huizen;2008;42314;34510;4134;1525;2609;3670;1983;1687;406
5023;Totaal over alle leeftijden;Mannen en vrouwen;Huizen;2009;42292;34442;4150;1544;2606;3700;1990;1710;406
5024;Totaal over alle leeftijden;Mannen en vrouwen;Huizen;2010;42217;34287;4168;1574;2594;3762;2040;1722;406
5025;Totaal over alle leeftijden;Mannen en vrouwen;Huizen;2011;42095;34140;4185;1607;2578;3770;2044;1726;406
5026;Totaal over alle leeftijden;Mannen en vrouwen;Huizen;2012;41990;34038;4172;1627;2545;3780;2033;1747;406
5027;Totaal over alle leeftijden;Mannen en vrouwen;Huizen;2013;41995;33982;4189;1657;2532;3824;2040;1784;406
5028;Totaal over alle leeftijden;Mannen en vrouwen;Huizen;2014;41959;33874;4204;1655;2549;3881;2084;1797;406
5029;Totaal over alle leeftijden;Mannen en vrouwen;Huizen;2015;41938;33778;4230;1692;2538;3930;2092;1838;406
5030;Totaal over alle leeftijden;Mannen en vrouwen;Huizen;2016;41871;33664;4240;1698;2542;3967;2102;1865;406
5031;Totaal over alle leeftijden;Mannen en vrouwen;Huizen;2017;41813;33564;4241;1731;2510;4008;2104;1904;406
5032;Totaal over alle leeftijden;Mannen en vrouwen;Huizen;2018;41912;33538;4287;1764;2523;4087;2144;1943;406
5033;Totaal over alle leeftijden;Mannen en vrouwen;Huizen;2019;41836;33415;4293;1784;2509;4128;2163;1965;406
5034;Totaal over alle leeftijden;Mannen en vrouwen;Huizen;2020;41830;33313;4312;1799;2513;4205;2173;2032;406
5035;Totaal over alle leeftijden;Mannen en vrouwen;Huizen;2021;41852;33310;4314;1803;2511;4228;2204;2024;406
5036;Totaal over alle leeftijden;Mannen en vrouwen;Huizen;2022;41829;33201;4356;1823;2533;4272;2215;2057;406
5037;Totaal over alle leeftijden;Mannen en vrouwen;Huizen;2023;41945;33238;4397;1862;2535;4310;2232;2078;406
5038;Totaal over alle leeftijden;Mannen en vrouwen;Huizen;2024;41911;33150;4377;1854;2523;4384;2256;2128;406
5039;Totaal over alle leeftijden;Mannen en vrouwen;Huizen;2025;41812;32998;4408;1871;2537;4406;2230;2176;406
5040;Totaal over alle leeftijden;Mannen en vrouwen;Hulst;2008;28070;21586;5798;2872;2926;686;397;289;677
5041;Totaal over alle leeftijden;Mannen en vrouwen;Hulst;2009;28219;21664;5814;2906;2908;741;412;329;677
5042;Totaal over alle leeftijden;Mannen en vrouwen;Hulst;2010;28322;21719;5813;2928;2885;790;425;365;677
5043;Totaal over alle leeftijden;Mannen en vrouwen;Hulst;2011;28422;21761;5835;2957;2878;826;440;386;677
5044;Totaal over alle leeftijden;Mannen en vrouwen;Hulst;2012;28525;21794;5855;2984;2871;876;470;406;677
5045;Totaal over alle leeftijden;Mannen en vrouwen;Hulst;2013;28665;21828;5902;3030;2872;935;501;434;677
5046;Totaal over alle leeftijden;Mannen en vrouwen;Hulst;2014;28748;21876;5915;3061;2854;957;504;453;677
5047;Totaal over alle leeftijden;Mannen en vrouwen;Hulst;2015;28799;21866;5934;3077;2857;999;538;461;677
5048;Totaal over alle leeftijden;Mannen en vrouwen;Hulst;2016;28870;21860;5932;3105;2827;1078;575;503;677
5049;Totaal over alle leeftijden;Mannen en vrouwen;Hulst;2017;28984;21915;5944;3127;2817;1125;606;519;677
5050;Totaal over alle leeftijden;Mannen en vrouwen;Hulst;2018;29070;21927;5970;3145;2825;1173;612;561;677
5051;Totaal over alle leeftijden;Mannen en vrouwen;Hulst;2019;29145;21951;5971;3152;2819;1223;632;591;677
5052;Totaal over alle leeftijden;Mannen en vrouwen;Hulst;2020;29232;22022;5951;3159;2792;1259;648;611;677
5053;Totaal over alle leeftijden;Mannen en vrouwen;Hulst;2021;29272;21999;5970;3174;2796;1303;659;644;677
5054;Totaal over alle leeftijden;Mannen en vrouwen;Hulst;2022;29353;21995;5986;3188;2798;1372;699;673;677
5055;Totaal over alle leeftijden;Mannen en vrouwen;Hulst;2023;29433;22013;6009;3198;2811;1411;710;701;677
5056;Totaal over alle leeftijden;Mannen en vrouwen;Hulst;2024;29505;22010;6017;3192;2825;1478;737;741;677
5057;Totaal over alle leeftijden;Mannen en vrouwen;Hulst;2025;29604;22044;6025;3207;2818;1535;764;771;677
5058;Totaal over alle leeftijden;Mannen en vrouwen;IJsselstein;2008;33851;27486;2349;827;1522;4016;2197;1819;353
5059;Totaal over alle leeftijden;Mannen en vrouwen;IJsselstein;2009;33852;27467;2346;821;1525;4039;2206;1833;353
5060;Totaal over alle leeftijden;Mannen en vrouwen;IJsselstein;2010;33772;27371;2370;841;1529;4031;2189;1842;353
5061;Totaal over alle leeftijden;Mannen en vrouwen;IJsselstein;2011;33699;27244;2350;846;1504;4105;2216;1889;353
5062;Totaal over alle leeftijden;Mannen en vrouwen;IJsselstein;2012;33649;27133;2358;846;1512;4158;2247;1911;353
5063;Totaal over alle leeftijden;Mannen en vrouwen;IJsselstein;2013;33610;27071;2372;851;1521;4167;2240;1927;353
5064;Totaal over alle leeftijden;Mannen en vrouwen;IJsselstein;2014;33530;26956;2400;889;1511;4174;2230;1944;353
5065;Totaal over alle leeftijden;Mannen en vrouwen;IJsselstein;2015;33525;26894;2414;898;1516;4217;2241;1976;353
5066;Totaal over alle leeftijden;Mannen en vrouwen;IJsselstein;2016;33426;26726;2432;917;1515;4268;2270;1998;353
5067;Totaal over alle leeftijden;Mannen en vrouwen;IJsselstein;2017;33412;26661;2466;949;1517;4285;2271;2014;353
5068;Totaal over alle leeftijden;Mannen en vrouwen;IJsselstein;2018;33395;26556;2489;945;1544;4350;2305;2045;353
5069;Totaal over alle leeftijden;Mannen en vrouwen;IJsselstein;2019;33373;26461;2539;971;1568;4373;2293;2080;353
5070;Totaal over alle leeftijden;Mannen en vrouwen;IJsselstein;2020;33408;26409;2551;979;1572;4448;2333;2115;353
5071;Totaal over alle leeftijden;Mannen en vrouwen;IJsselstein;2021;33391;26288;2592;1008;1584;4511;2364;2147;353
5072;Totaal over alle leeftijden;Mannen en vrouwen;IJsselstein;2022;33425;26239;2628;1026;1602;4558;2356;2202;353
5073;Totaal over alle leeftijden;Mannen en vrouwen;IJsselstein;2023;33347;26118;2637;1018;1619;4592;2366;2226;353
5074;Totaal over alle leeftijden;Mannen en vrouwen;IJsselstein;2024;33307;26030;2654;1029;1625;4623;2364;2259;353
5075;Totaal over alle leeftijden;Mannen en vrouwen;IJsselstein;2025;33328;25972;2697;1049;1648;4659;2372;2287;353
5076;Totaal over alle leeftijden;Mannen en vrouwen;Jacobswoude;2008;10722;9839;572;209;363;311;170;141;645
5077;Totaal over alle leeftijden;Mannen en vrouwen;Jacobswoude;2009;10700;9747;618;225;393;335;176;159;645
5078;Totaal over alle leeftijden;Mannen en vrouwen;Jacobswoude;2010;10738;9714;649;231;418;375;192;183;645
5079;Totaal over alle leeftijden;Mannen en vrouwen;Jacobswoude;2011;10759;9697;653;225;428;409;196;213;645
5080;Totaal over alle leeftijden;Mannen en vrouwen;Jacobswoude;2012;10744;9622;658;239;419;464;217;247;645
5081;Totaal over alle leeftijden;Mannen en vrouwen;Jacobswoude;2013;10680;9557;663;241;422;460;213;247;645
5082;Totaal over alle leeftijden;Mannen en vrouwen;Jacobswoude;2014;10640;9509;662;234;428;469;209;260;645
5083;Totaal over alle leeftijden;Mannen en vrouwen;Jacobswoude;2015;10584;9440;661;234;427;483;207;276;645
5084;Totaal over alle leeftijden;Mannen en vrouwen;Jacobswoude;2016;10537;9391;655;240;415;491;214;277;645
5085;Totaal over alle leeftijden;Mannen en vrouwen;Jacobswoude;2017;10530;9330;678;248;430;522;236;286;645
5086;Totaal over alle leeftijden;Mannen en vrouwen;Jacobswoude;2018;10468;9253;669;241;428;546;240;306;645
5087;Totaal over alle leeftijden;Mannen en vrouwen;Jacobswoude;2019;10393;9152;685;256;429;556;251;305;645
5088;Totaal over alle leeftijden;Mannen en vrouwen;Jacobswoude;2020;10421;9123;704;260;444;594;266;328;645
5089;Totaal over alle leeftijden;Mannen en vrouwen;Jacobswoude;2021;10395;9078;723;269;454;594;274;320;645
5090;Totaal over alle leeftijden;Mannen en vrouwen;Jacobswoude;2022;10311;8966;729;272;457;616;281;335;645
5091;Totaal over alle leeftijden;Mannen en vrouwen;Jacobswoude;2023;10313;8938;731;267;464;644;296;348;645
5092;Totaal over alle leeftijden;Mannen en vrouwen;Jacobswoude;2024;10238;8840;753;279;474;645;301;344;645
5093;Totaal over alle leeftijden;Mannen en vrouwen;Jacobswoude;2025;10213;8777;770;291;479;666;307;359;645
5094;Totaal over alle leeftijden;Mannen en vrouwen;Kampen;2008;49828;45717;1842;714;1128;2269;1287;982;166
5095;Totaal over alle leeftijden;Mannen en vrouwen;Kampen;2009;49846;45615;1855;712;1143;2376;1324;1052;166
5096;Totaal over alle leeftijden;Mannen en vrouwen;Kampen;2010;49868;45526;1884;702;1182;2458;1368;1090;166
5097;Totaal over alle leeftijden;Mannen en vrouwen;Kampen;2011;50026;45581;1884;698;1186;2561;1406;1155;166
5098;Totaal over alle leeftijden;Mannen en vrouwen;Kampen;2012;50130;45583;1894;685;1209;2653;1444;1209;166
5099;Totaal over alle leeftijden;Mannen en vrouwen;Kampen;2013;50360;45701;1918;695;1223;2741;1465;1276;166
5100;Totaal over alle leeftijden;Mannen en vrouwen;Kampen;2014;50473;45700;1936;709;1227;2837;1520;1317;166
5101;Totaal over alle leeftijden;Mannen en vrouwen;Kampen;2015;50587;45715;1946;704;1242;2926;1563;1363;166
5102;Totaal over alle leeftijden;Mannen en vrouwen;Kampen;2016;50804;45802;1973;708;1265;3029;1605;1424;166
5103;Totaal over alle leeftijden;Mannen en vrouwen;Kampen;2017;50949;45822;1997;705;1292;3130;1653;1477;166
5104;Totaal over alle leeftijden;Mannen en vrouwen;Kampen;2018;51028;45740;2006;707;1299;3282;1727;1555;166
5105;Totaal over alle leeftijden;Mannen en vrouwen;Kampen;2019;51282;45816;2051;724;1327;3415;1778;1637;166
5106;Totaal over alle leeftijden;Mannen en vrouwen;Kampen;2020;51477;45898;2069;750;1319;3510;1824;1686;166
5107;Totaal over alle leeftijden;Mannen en vrouwen;Kampen;2021;51645;45903;2122;756;1366;3620;1881;1739;166
5108;Totaal over alle leeftijden;Mannen en vrouwen;Kampen;2022;51783;45895;2145;772;1373;3743;1948;1795;166
5109;Totaal over alle leeftijden;Mannen en vrouwen;Kampen;2023;51849;45851;2156;764;1392;3842;1995;1847;166
5110;Totaal over alle leeftijden;Mannen en vrouwen;Kampen;2024;51894;45764;2187;778;1409;3943;2065;1878;166
5111;Totaal over alle leeftijden;Mannen en vrouwen;Kampen;2025;51983;45748;2207;783;1424;4028;2108;1920;166
5112;Totaal over alle leeftijden;Mannen en vrouwen;Kapelle;2008;12014;11094;616;234;382;304;161;143;678
5113;Totaal over alle leeftijden;Mannen en vrouwen;Kapelle;2009;12173;11185;642;236;406;346;189;157;678
5114;Totaal over alle leeftijden;Mannen en vrouwen;Kapelle;2010;12257;11187;669;242;427;401;211;190;678
5115;Totaal over alle leeftijden;Mannen en vrouwen;Kapelle;2011;12337;11200;697;258;439;440;217;223;678
5116;Totaal over alle leeftijden;Mannen en vrouwen;Kapelle;2012;12467;11277;715;264;451;475;235;240;678
5117;Totaal over alle leeftijden;Mannen en vrouwen;Kapelle;2013;12515;11245;744;277;467;526;264;262;678
5118;Totaal over alle leeftijden;Mannen en vrouwen;Kapelle;2014;12628;11289;755;272;483;584;287;297;678
5119;Totaal over alle leeftijden;Mannen en vrouwen;Kapelle;2015;12774;11381;790;293;497;603;285;318;678
5120;Totaal over alle leeftijden;Mannen en vrouwen;Kapelle;2016;12891;11444;825;312;513;622;290;332;678
5121;Totaal over alle leeftijden;Mannen en vrouwen;Kapelle;2017;12962;11482;837;307;530;643;308;335;678
5122;Totaal over alle leeftijden;Mannen en vrouwen;Kapelle;2018;13052;11495;855;307;548;702;326;376;678
5123;Totaal over alle leeftijden;Mannen en vrouwen;Kapelle;2019;13174;11532;901;333;568;741;334;407;678
5124;Totaal over alle leeftijden;Mannen en vrouwen;Kapelle;2020;13197;11514;909;330;579;774;344;430;678
5125;Totaal over alle leeftijden;Mannen en vrouwen;Kapelle;2021;13297;11561;913;330;583;823;368;455;678
5126;Totaal over alle leeftijden;Mannen en vrouwen;Kapelle;2022;13358;11605;923;338;585;830;379;451;678
5127;Totaal over alle leeftijden;Mannen en vrouwen;Kapelle;2023;13393;11603;927;345;582;863;383;480;678
5128;Totaal over alle leeftijden;Mannen en vrouwen;Kapelle;2024;13434;11610;946;360;586;878;380;498;678
5129;Totaal over alle leeftijden;Mannen en vrouwen;Kapelle;2025;13520;11662;958;371;587;900;393;507;678
5130;Totaal over alle leeftijden;Mannen en vrouwen;Katwijk;2008;60097;54733;2796;1223;1573;2568;1536;1032;537
5131;Totaal over alle leeftijden;Mannen en vrouwen;Katwijk;2009;59661;54111;2813;1219;1594;2737;1638;1099;537
5132;Totaal over alle leeftijden;Mannen en vrouwen;Katwijk;2010;59366;53620;2865;1271;1594;2881;1719;1162;537
5133;Totaal over alle leeftijden;Mannen en vrouwen;Katwijk;2011;59456;53402;2985;1331;1654;3069;1820;1249;537
5134;Totaal over alle leeftijden;Mannen en vrouwen;Katwijk;2012;59501;53158;3084;1369;1715;3259;1926;1333;537
5135;Totaal over alle leeftijden;Mannen en vrouwen;Katwijk;2013;59623;52998;3158;1414;1744;3467;2031;1436;537
5136;Totaal over alle leeftijden;Mannen en vrouwen;Katwijk;2014;59931;53016;3253;1482;1771;3662;2141;1521;537
5137;Totaal over alle leeftijden;Mannen en vrouwen;Katwijk;2015;60199;52974;3363;1538;1825;3862;2276;1586;537
5138;Totaal over alle leeftijden;Mannen en vrouwen;Katwijk;2016;60405;52888;3512;1629;1883;4005;2354;1651;537
5139;Totaal over alle leeftijden;Mannen en vrouwen;Katwijk;2017;60844;52995;3608;1688;1920;4241;2496;1745;537
5140;Totaal over alle leeftijden;Mannen en vrouwen;Katwijk;2018;61137;52994;3728;1764;1964;4415;2612;1803;537
5141;Totaal over alle leeftijden;Mannen en vrouwen;Katwijk;2019;61488;53122;3819;1819;2000;4547;2702;1845;537
5142;Totaal over alle leeftijden;Mannen en vrouwen;Katwijk;2020;61806;53128;3943;1903;2040;4735;2803;1932;537
5143;Totaal over alle leeftijden;Mannen en vrouwen;Katwijk;2021;62067;53092;4092;2002;2090;4883;2892;1991;537
5144;Totaal over alle leeftijden;Mannen en vrouwen;Katwijk;2022;62388;53062;4217;2080;2137;5109;2996;2113;537
5145;Totaal over alle leeftijden;Mannen en vrouwen;Katwijk;2023;62828;53177;4367;2185;2182;5284;3096;2188;537
5146;Totaal over alle leeftijden;Mannen en vrouwen;Katwijk;2024;63012;53067;4504;2252;2252;5441;3192;2249;537
5147;Totaal over alle leeftijden;Mannen en vrouwen;Katwijk;2025;63176;52957;4577;2301;2276;5642;3312;2330;537
5148;Totaal over alle leeftijden;Mannen en vrouwen;Kerkrade;2008;48827;33164;13606;6166;7440;2057;1292;765;928
5149;Totaal over alle leeftijden;Mannen en vrouwen;Kerkrade;2009;48525;33114;13258;6020;7238;2153;1318;835;928
5150;Totaal over alle leeftijden;Mannen en vrouwen;Kerkrade;2010;48234;33155;12859;5839;7020;2220;1339;881;928
5151;Totaal over alle leeftijden;Mannen en vrouwen;Kerkrade;2011;47935;33100;12548;5703;6845;2287;1359;928;928
5152;Totaal over alle leeftijden;Mannen en vrouwen;Kerkrade;2012;47738;33074;12257;5571;6686;2407;1412;995;928
5153;Totaal over alle leeftijden;Mannen en vrouwen;Kerkrade;2013;47529;33049;11985;5463;6522;2495;1454;1041;928
5154;Totaal over alle leeftijden;Mannen en vrouwen;Kerkrade;2014;47229;33015;11659;5310;6349;2555;1467;1088;928
5155;Totaal over alle leeftijden;Mannen en vrouwen;Kerkrade;2015;47016;33038;11343;5163;6180;2635;1503;1132;928
5156;Totaal over alle leeftijden;Mannen en vrouwen;Kerkrade;2016;46752;32961;11084;5035;6049;2707;1534;1173;928
5157;Totaal over alle leeftijden;Mannen en vrouwen;Kerkrade;2017;46487;32916;10802;4907;5895;2769;1546;1223;928
5158;Totaal over alle leeftijden;Mannen en vrouwen;Kerkrade;2018;46285;32928;10531;4779;5752;2826;1573;1253;928
5159;Totaal over alle leeftijden;Mannen en vrouwen;Kerkrade;2019;46050;32857;10301;4673;5628;2892;1600;1292;928
5160;Totaal over alle leeftijden;Mannen en vrouwen;Kerkrade;2020;45819;32824;10021;4555;5466;2974;1650;1324;928
5161;Totaal over alle leeftijden;Mannen en vrouwen;Kerkrade;2021;45594;32746;9804;4457;5347;3044;1691;1353;928
5162;Totaal over alle leeftijden;Mannen en vrouwen;Kerkrade;2022;45278;32612;9597;4349;5248;3069;1691;1378;928
5163;Totaal over alle leeftijden;Mannen en vrouwen;Kerkrade;2023;44960;32477;9368;4245;5123;3115;1703;1412;928
5164;Totaal over alle leeftijden;Mannen en vrouwen;Kerkrade;2024;44685;32374;9166;4162;5004;3145;1708;1437;928
5165;Totaal over alle leeftijden;Mannen en vrouwen;Kerkrade;2025;44410;32213;8965;4059;4906;3232;1753;1479;928
5166;Totaal over alle leeftijden;Mannen en vrouwen;Kessel;2008;4272;3894;307;107;200;71;49;22;929
5167;Totaal over alle leeftijden;Mannen en vrouwen;Kessel;2009;4243;3858;306;103;203;79;54;25;929
5168;Totaal over alle leeftijden;Mannen en vrouwen;Kessel;2010;4231;3844;306;106;200;81;56;25;929
5169;Totaal over alle leeftijden;Mannen en vrouwen;Kessel;2011;4239;3845;309;110;199;85;59;26;929
5170;Totaal over alle leeftijden;Mannen en vrouwen;Kessel;2012;4237;3849;301;107;194;87;60;27;929
5171;Totaal over alle leeftijden;Mannen en vrouwen;Kessel;2013;4227;3812;312;112;200;103;68;35;929
5172;Totaal over alle leeftijden;Mannen en vrouwen;Kessel;2014;4229;3803;315;119;196;111;70;41;929
5173;Totaal over alle leeftijden;Mannen en vrouwen;Kessel;2015;4199;3774;304;123;181;121;73;48;929
5174;Totaal over alle leeftijden;Mannen en vrouwen;Kessel;2016;4191;3756;309;123;186;126;77;49;929
5175;Totaal over alle leeftijden;Mannen en vrouwen;Kessel;2017;4236;3764;323;131;192;149;86;63;929
5176;Totaal over alle leeftijden;Mannen en vrouwen;Kessel;2018;4215;3743;320;133;187;152;82;70;929
5177;Totaal over alle leeftijden;Mannen en vrouwen;Kessel;2019;4209;3723;316;127;189;170;97;73;929
5178;Totaal over alle leeftijden;Mannen en vrouwen;Kessel;2020;4233;3739;314;127;187;180;104;76;929
5179;Totaal over alle leeftijden;Mannen en vrouwen;Kessel;2021;4264;3773;312;126;186;179;107;72;929
5180;Totaal over alle leeftijden;Mannen en vrouwen;Kessel;2022;4310;3784;330;140;190;196;107;89;929
5181;Totaal over alle leeftijden;Mannen en vrouwen;Kessel;2023;4320;3786;334;141;193;200;112;88;929
5182;Totaal over alle leeftijden;Mannen en vrouwen;Kessel;2024;4354;3797;349;143;206;208;121;87;929
5183;Totaal over alle leeftijden;Mannen en vrouwen;Kessel;2025;4390;3815;357;142;215;218;123;95;929
5184;Totaal over alle leeftijden;Mannen en vrouwen;Koggenland;2008;20963;19692;827;275;552;444;240;204;1598
5185;Totaal over alle leeftijden;Mannen en vrouwen;Koggenland;2009;21037;19701;828;272;556;508;276;232;1598
5186;Totaal over alle leeftijden;Mannen en vrouwen;Koggenland;2010;21067;19669;826;271;555;572;306;266;1598
5187;Totaal over alle leeftijden;Mannen en vrouwen;Koggenland;2011;21037;19592;832;272;560;613;324;289;1598
5188;Totaal over alle leeftijden;Mannen en vrouwen;Koggenland;2012;21158;19648;837;278;559;673;352;321;1598
5189;Totaal over alle leeftijden;Mannen en vrouwen;Koggenland;2013;21277;19680;863;291;572;734;377;357;1598
5190;Totaal over alle leeftijden;Mannen en vrouwen;Koggenland;2014;21377;19706;875;285;590;796;411;385;1598
5191;Totaal over alle leeftijden;Mannen en vrouwen;Koggenland;2015;21465;19725;905;294;611;835;427;408;1598
5192;Totaal over alle leeftijden;Mannen en vrouwen;Koggenland;2016;21629;19803;933;314;619;893;452;441;1598
5193;Totaal over alle leeftijden;Mannen en vrouwen;Koggenland;2017;21772;19874;966;324;642;932;452;480;1598
5194;Totaal over alle leeftijden;Mannen en vrouwen;Koggenland;2018;21908;19949;972;323;649;987;465;522;1598
5195;Totaal over alle leeftijden;Mannen en vrouwen;Koggenland;2019;21928;19915;967;310;657;1046;483;563;1598
5196;Totaal over alle leeftijden;Mannen en vrouwen;Koggenland;2020;21994;19910;983;326;657;1101;509;592;1598
5197;Totaal over alle leeftijden;Mannen en vrouwen;Koggenland;2021;22051;19921;972;326;646;1158;531;627;1598
5198;Totaal over alle leeftijden;Mannen en vrouwen;Koggenland;2022;22148;19943;983;331;652;1222;550;672;1598
5199;Totaal over alle leeftijden;Mannen en vrouwen;Koggenland;2023;22255;19937;1029;360;669;1289;580;709;1598
5200;Totaal over alle leeftijden;Mannen en vrouwen;Koggenland;2024;22323;19970;1047;370;677;1306;592;714;1598
5201;Totaal over alle leeftijden;Mannen en vrouwen;Koggenland;2025;22360;19978;1031;355;676;1351;611;740;1598
5202;Totaal over alle leeftijden;Mannen en vrouwen;Kollumerland en Nieuwkruisland;2008;13066;12575;325;106;219;166;92;74;79
5203;Totaal over alle leeftijden;Mannen en vrouwen;Kollumerland en Nieuwkruisland;2009;13007;12474;330;108;222;203;112;91;79
5204;Totaal over alle leeftijden;Mannen en vrouwen;Kollumerland en Nieuwkruisland;2010;13014;12446;345;114;231;223;130;93;79
5205;Totaal over alle leeftijden;Mannen en vrouwen;Kollumerland en Nieuwkruisland;2011;13067;12454;360;128;232;253;151;102;79
5206;Totaal over alle leeftijden;Mannen en vrouwen;Kollumerland en Nieuwkruisland;2012;13059;12413;354;124;230;292;169;123;79
5207;Totaal over alle leeftijden;Mannen en vrouwen;Kollumerland en Nieuwkruisland;2013;13095;12423;372;136;236;300;168;132;79
5208;Totaal over alle leeftijden;Mannen en vrouwen;Kollumerland en Nieuwkruisland;2014;13079;12397;363;131;232;319;181;138;79
5209;Totaal over alle leeftijden;Mannen en vrouwen;Kollumerland en Nieuwkruisland;2015;13161;12408;397;148;249;356;198;158;79
5210;Totaal over alle leeftijden;Mannen en vrouwen;Kollumerland en Nieuwkruisland;2016;13144;12349;411;151;260;384;215;169;79
5211;Totaal over alle leeftijden;Mannen en vrouwen;Kollumerland en Nieuwkruisland;2017;13150;12313;422;154;268;415;231;184;79
5212;Totaal over alle leeftijden;Mannen en vrouwen;Kollumerland en Nieuwkruisland;2018;13165;12290;446;162;284;429;231;198;79
5213;Totaal over alle leeftijden;Mannen en vrouwen;Kollumerland en Nieuwkruisland;2019;13177;12283;445;155;290;449;238;211;79
5214;Totaal over alle leeftijden;Mannen en vrouwen;Kollumerland en Nieuwkruisland;2020;13177;12270;465;168;297;442;233;209;79
5215;Totaal over alle leeftijden;Mannen en vrouwen;Kollumerland en Nieuwkruisland;2021;13134;12198;479;173;306;457;246;211;79
5216;Totaal over alle leeftijden;Mannen en vrouwen;Kollumerland en Nieuwkruisland;2022;13180;12214;489;177;312;477;253;224;79
5217;Totaal over alle leeftijden;Mannen en vrouwen;Kollumerland en Nieuwkruisland;2023;13198;12211;493;187;306;494;261;233;79
5218;Totaal over alle leeftijden;Mannen en vrouwen;Kollumerland en Nieuwkruisland;2024;13209;12197;494;185;309;518;270;248;79
5219;Totaal over alle leeftijden;Mannen en vrouwen;Kollumerland en Nieuwkruisland;2025;13208;12164;505;194;311;539;279;260;79
5220;Totaal over alle leeftijden;Mannen en vrouwen;Korendijk;2008;10597;9894;444;167;277;259;136;123;588
5221;Totaal over alle leeftijden;Mannen en vrouwen;Korendijk;2009;10507;9774;452;165;287;281;147;134;588
5222;Totaal over alle leeftijden;Mannen en vrouwen;Korendijk;2010;10469;9693;463;166;297;313;165;148;588
5223;Totaal over alle leeftijden;Mannen en vrouwen;Korendijk;2011;10464;9650;465;171;294;349;177;172;588
5224;Totaal over alle leeftijden;Mannen en vrouwen;Korendijk;2012;10388;9532;476;169;307;380;191;189;588
5225;Totaal over alle leeftijden;Mannen en vrouwen;Korendijk;2013;10372;9487;475;170;305;410;203;207;588
5226;Totaal over alle leeftijden;Mannen en vrouwen;Korendijk;2014;10302;9387;489;186;303;426;214;212;588
5227;Totaal over alle leeftijden;Mannen en vrouwen;Korendijk;2015;10255;9304;506;188;318;445;228;217;588
5228;Totaal over alle leeftijden;Mannen en vrouwen;Korendijk;2016;10247;9276;510;194;316;461;220;241;588
5229;Totaal over alle leeftijden;Mannen en vrouwen;Korendijk;2017;10187;9173;526;202;324;488;238;250;588
5230;Totaal over alle leeftijden;Mannen en vrouwen;Korendijk;2018;10152;9098;534;205;329;520;247;273;588
5231;Totaal over alle leeftijden;Mannen en vrouwen;Korendijk;2019;10134;9050;540;202;338;544;262;282;588
5232;Totaal over alle leeftijden;Mannen en vrouwen;Korendijk;2020;10126;8986;565;207;358;575;271;304;588
5233;Totaal over alle leeftijden;Mannen en vrouwen;Korendijk;2021;10090;8920;583;215;368;587;285;302;588
5234;Totaal over alle leeftijden;Mannen en vrouwen;Korendijk;2022;10023;8832;585;212;373;606;293;313;588
5235;Totaal over alle leeftijden;Mannen en vrouwen;Korendijk;2023;9960;8753;611;223;388;596;281;315;588
5236;Totaal over alle leeftijden;Mannen en vrouwen;Korendijk;2024;9953;8724;628;217;411;601;291;310;588
5237;Totaal over alle leeftijden;Mannen en vrouwen;Korendijk;2025;9903;8648;644;223;421;611;299;312;588
5238;Totaal over alle leeftijden;Mannen en vrouwen;Krimpen aan den IJssel;2008;28466;24808;2156;839;1317;1502;894;608;542
5239;Totaal over alle leeftijden;Mannen en vrouwen;Krimpen aan den IJssel;2009;28499;24770;2113;825;1288;1616;950;666;542
5240;Totaal over alle leeftijden;Mannen en vrouwen;Krimpen aan den IJssel;2010;28582;24754;2097;807;1290;1731;1013;718;542
5241;Totaal over alle leeftijden;Mannen en vrouwen;Krimpen aan den IJssel;2011;28699;24745;2100;834;1266;1854;1048;806;542
5242;Totaal over alle leeftijden;Mannen en vrouwen;Krimpen aan den IJssel;2012;28744;24740;2080;833;1247;1924;1071;853;542
5243;Totaal over alle leeftijden;Mannen en vrouwen;Krimpen aan den IJssel;2013;28801;24770;2050;825;1225;1981;1093;888;542
5244;Totaal over alle leeftijden;Mannen en vrouwen;Krimpen aan den IJssel;2014;28844;24740;2059;825;1234;2045;1110;935;542
5245;Totaal over alle leeftijden;Mannen en vrouwen;Krimpen aan den IJssel;2015;28876;24740;2039;813;1226;2097;1118;979;542
5246;Totaal over alle leeftijden;Mannen en vrouwen;Krimpen aan den IJssel;2016;28958;24754;2042;816;1226;2162;1120;1042;542
5247;Totaal over alle leeftijden;Mannen en vrouwen;Krimpen aan den IJssel;2017;28963;24701;2035;819;1216;2227;1145;1082;542
5248;Totaal over alle leeftijden;Mannen en vrouwen;Krimpen aan den IJssel;2018;29003;24693;2041;818;1223;2269;1180;1089;542
5249;Totaal over alle leeftijden;Mannen en vrouwen;Krimpen aan den IJssel;2019;28993;24626;2056;825;1231;2311;1192;1119;542
5250;Totaal over alle leeftijden;Mannen en vrouwen;Krimpen aan den IJssel;2020;29065;24651;2066;839;1227;2348;1195;1153;542
5251;Totaal over alle leeftijden;Mannen en vrouwen;Krimpen aan den IJssel;2021;29081;24631;2049;836;1213;2401;1218;1183;542
5252;Totaal over alle leeftijden;Mannen en vrouwen;Krimpen aan den IJssel;2022;29117;24584;2058;836;1222;2475;1244;1231;542
5253;Totaal over alle leeftijden;Mannen en vrouwen;Krimpen aan den IJssel;2023;29051;24469;2048;837;1211;2534;1267;1267;542
5254;Totaal over alle leeftijden;Mannen en vrouwen;Krimpen aan den IJssel;2024;29046;24397;2078;843;1235;2571;1294;1277;542
5255;Totaal over alle leeftijden;Mannen en vrouwen;Krimpen aan den IJssel;2025;29040;24368;2076;848;1228;2596;1293;1303;542
5256;Totaal over alle leeftijden;Mannen en vrouwen;Laarbeek;2008;21404;19913;1083;419;664;408;253;155;1659
5257;Totaal over alle leeftijden;Mannen en vrouwen;Laarbeek;2009;21250;19752;1060;395;665;438;270;168;1659
5258;Totaal over alle leeftijden;Mannen en vrouwen;Laarbeek;2010;21239;19678;1050;399;651;511;310;201;1659
5259;Totaal over alle leeftijden;Mannen en vrouwen;Laarbeek;2011;21161;19550;1055;406;649;556;337;219;1659
5260;Totaal over alle leeftijden;Mannen en vrouwen;Laarbeek;2012;21140;19480;1062;413;649;598;346;252;1659
5261;Totaal over alle leeftijden;Mannen en vrouwen;Laarbeek;2013;21237;19495;1084;434;650;658;370;288;1659
5262;Totaal over alle leeftijden;Mannen en vrouwen;Laarbeek;2014;21211;19411;1094;438;656;706;400;306;1659
5263;Totaal over alle leeftijden;Mannen en vrouwen;Laarbeek;2015;21248;19389;1102;440;662;757;430;327;1659
5264;Totaal over alle leeftijden;Mannen en vrouwen;Laarbeek;2016;21252;19309;1112;442;670;831;463;368;1659
5265;Totaal over alle leeftijden;Mannen en vrouwen;Laarbeek;2017;21218;19236;1107;436;671;875;483;392;1659
5266;Totaal over alle leeftijden;Mannen en vrouwen;Laarbeek;2018;21284;19241;1123;434;689;920;495;425;1659
5267;Totaal over alle leeftijden;Mannen en vrouwen;Laarbeek;2019;21290;19203;1134;426;708;953;517;436;1659
5268;Totaal over alle leeftijden;Mannen en vrouwen;Laarbeek;2020;21331;19176;1144;437;707;1011;559;452;1659
5269;Totaal over alle leeftijden;Mannen en vrouwen;Laarbeek;2021;21347;19136;1148;441;707;1063;575;488;1659
5270;Totaal over alle leeftijden;Mannen en vrouwen;Laarbeek;2022;21362;19099;1160;448;712;1103;597;506;1659
5271;Totaal over alle leeftijden;Mannen en vrouwen;Laarbeek;2023;21398;19092;1167;435;732;1139;624;515;1659
5272;Totaal over alle leeftijden;Mannen en vrouwen;Laarbeek;2024;21394;19029;1202;455;747;1163;625;538;1659
5273;Totaal over alle leeftijden;Mannen en vrouwen;Laarbeek;2025;21414;18987;1222;459;763;1205;643;562;1659
5274;Totaal over alle leeftijden;Mannen en vrouwen;Landerd;2008;14548;13571;613;204;409;364;236;128;1685
5275;Totaal over alle leeftijden;Mannen en vrouwen;Landerd;2009;14511;13471;642;206;436;398;260;138;1685
5276;Totaal over alle leeftijden;Mannen en vrouwen;Landerd;2010;14464;13363;649;205;444;452;282;170;1685
5277;Totaal over alle leeftijden;Mannen en vrouwen;Landerd;2011;14402;13280;652;198;454;470;291;179;1685
5278;Totaal over alle leeftijden;Mannen en vrouwen;Landerd;2012;14397;13208;673;200;473;516;318;198;1685
5279;Totaal over alle leeftijden;Mannen en vrouwen;Landerd;2013;14290;13087;667;189;478;536;327;209;1685
5280;Totaal over alle leeftijden;Mannen en vrouwen;Landerd;2014;14288;13053;677;194;483;558;329;229;1685
5281;Totaal over alle leeftijden;Mannen en vrouwen;Landerd;2015;14236;12957;693;198;495;586;340;246;1685
5282;Totaal over alle leeftijden;Mannen en vrouwen;Landerd;2016;14189;12876;697;204;493;616;362;254;1685
5283;Totaal over alle leeftijden;Mannen en vrouwen;Landerd;2017;14148;12802;696;199;497;650;379;271;1685
5284;Totaal over alle leeftijden;Mannen en vrouwen;Landerd;2018;14217;12822;725;203;522;670;389;281;1685
5285;Totaal over alle leeftijden;Mannen en vrouwen;Landerd;2019;14149;12723;738;197;541;688;407;281;1685
5286;Totaal over alle leeftijden;Mannen en vrouwen;Landerd;2020;14103;12645;755;204;551;703;400;303;1685
5287;Totaal over alle leeftijden;Mannen en vrouwen;Landerd;2021;14072;12575;763;216;547;734;398;336;1685
5288;Totaal over alle leeftijden;Mannen en vrouwen;Landerd;2022;14063;12546;764;217;547;753;412;341;1685
5289;Totaal over alle leeftijden;Mannen en vrouwen;Landerd;2023;14035;12486;785;223;562;764;432;332;1685
5290;Totaal over alle leeftijden;Mannen en vrouwen;Landerd;2024;13959;12378;799;228;571;782;436;346;1685
5291;Totaal over alle leeftijden;Mannen en vrouwen;Landerd;2025;14005;12381;809;248;561;815;439;376;1685
5292;Totaal over alle leeftijden;Mannen en vrouwen;Landgraaf;2008;39069;29730;8080;2401;5679;1259;740;519;882
5293;Totaal over alle leeftijden;Mannen en vrouwen;Landgraaf;2009;38916;29682;7898;2379;5519;1336;777;559;882
5294;Totaal over alle leeftijden;Mannen en vrouwen;Landgraaf;2010;38745;29615;7743;2353;5390;1387;798;589;882
5295;Totaal over alle leeftijden;Mannen en vrouwen;Landgraaf;2011;38485;29519;7542;2302;5240;1424;812;612;882
5296;Totaal over alle leeftijden;Mannen en vrouwen;Landgraaf;2012;38305;29408;7394;2288;5106;1503;833;670;882
5297;Totaal over alle leeftijden;Mannen en vrouwen;Landgraaf;2013;38212;29367;7271;2279;4992;1574;867;707;882
5298;Totaal over alle leeftijden;Mannen en vrouwen;Landgraaf;2014;38024;29262;7109;2262;4847;1653;906;747;882
5299;Totaal over alle leeftijden;Mannen en vrouwen;Landgraaf;2015;37786;29139;6955;2227;4728;1692;923;769;882
5300;Totaal over alle leeftijden;Mannen en vrouwen;Landgraaf;2016;37527;28987;6771;2177;4594;1769;960;809;882
5301;Totaal over alle leeftijden;Mannen en vrouwen;Landgraaf;2017;37312;28882;6626;2181;4445;1804;976;828;882
5302;Totaal over alle leeftijden;Mannen en vrouwen;Landgraaf;2018;37096;28785;6451;2178;4273;1860;998;862;882
5303;Totaal over alle leeftijden;Mannen en vrouwen;Landgraaf;2019;36879;28677;6276;2132;4144;1926;1024;902;882
5304;Totaal over alle leeftijden;Mannen en vrouwen;Landgraaf;2020;36693;28582;6151;2101;4050;1960;1036;924;882
5305;Totaal over alle leeftijden;Mannen en vrouwen;Landgraaf;2021;36461;28443;6012;2081;3931;2006;1053;953;882
5306;Totaal over alle leeftijden;Mannen en vrouwen;Landgraaf;2022;36235;28293;5895;2073;3822;2047;1082;965;882
5307;Totaal over alle leeftijden;Mannen en vrouwen;Landgraaf;2023;36008;28125;5803;2046;3757;2080;1094;986;882
5308;Totaal over alle leeftijden;Mannen en vrouwen;Landgraaf;2024;35789;28000;5697;2037;3660;2092;1110;982;882
5309;Totaal over alle leeftijden;Mannen en vrouwen;Landgraaf;2025;35532;27834;5565;2016;3549;2133;1133;1000;882
5310;Totaal over alle leeftijden;Mannen en vrouwen;Landsmeer;2008;10115;8888;772;272;500;455;232;223;415
5311;Totaal over alle leeftijden;Mannen en vrouwen;Landsmeer;2009;10051;8791;780;281;499;480;241;239;415
5312;Totaal over alle leeftijden;Mannen en vrouwen;Landsmeer;2010;10056;8727;822;308;514;507;246;261;415
5313;Totaal over alle leeftijden;Mannen en vrouwen;Landsmeer;2011;10098;8696;862;321;541;540;256;284;415
5314;Totaal over alle leeftijden;Mannen en vrouwen;Landsmeer;2012;10177;8727;902;346;556;548;259;289;415
5315;Totaal over alle leeftijden;Mannen en vrouwen;Landsmeer;2013;10166;8636;937;377;560;593;261;332;415
5316;Totaal over alle leeftijden;Mannen en vrouwen;Landsmeer;2014;10228;8632;953;385;568;643;270;373;415
5317;Totaal over alle leeftijden;Mannen en vrouwen;Landsmeer;2015;10274;8625;994;403;591;655;272;383;415
5318;Totaal over alle leeftijden;Mannen en vrouwen;Landsmeer;2016;10337;8614;1026;426;600;697;289;408;415
5319;Totaal over alle leeftijden;Mannen en vrouwen;Landsmeer;2017;10391;8619;1043;435;608;729;304;425;415
5320;Totaal over alle leeftijden;Mannen en vrouwen;Landsmeer;2018;10451;8622;1095;461;634;734;311;423;415
5321;Totaal over alle leeftijden;Mannen en vrouwen;Landsmeer;2019;10460;8588;1117;465;652;755;318;437;415
5322;Totaal over alle leeftijden;Mannen en vrouwen;Landsmeer;2020;10503;8581;1139;470;669;783;333;450;415
5323;Totaal over alle leeftijden;Mannen en vrouwen;Landsmeer;2021;10567;8605;1156;490;666;806;343;463;415
5324;Totaal over alle leeftijden;Mannen en vrouwen;Landsmeer;2022;10633;8634;1179;513;666;820;354;466;415
5325;Totaal over alle leeftijden;Mannen en vrouwen;Landsmeer;2023;10662;8627;1206;530;676;829;358;471;415
5326;Totaal over alle leeftijden;Mannen en vrouwen;Landsmeer;2024;10699;8621;1242;542;700;836;348;488;415
5327;Totaal over alle leeftijden;Mannen en vrouwen;Landsmeer;2025;10788;8685;1251;548;703;852;343;509;415
5328;Totaal over alle leeftijden;Mannen en vrouwen;Langedijk;2008;25949;23428;1476;518;958;1045;529;516;416
5329;Totaal over alle leeftijden;Mannen en vrouwen;Langedijk;2009;25794;23245;1470;503;967;1079;545;534;416
5330;Totaal over alle leeftijden;Mannen en vrouwen;Langedijk;2010;25665;23100;1458;498;960;1107;564;543;416
5331;Totaal over alle leeftijden;Mannen en vrouwen;Langedijk;2011;25828;23196;1472;514;958;1160;597;563;416
5332;Totaal over alle leeftijden;Mannen en vrouwen;Langedijk;2012;25871;23165;1496;528;968;1210;635;575;416
5333;Totaal over alle leeftijden;Mannen en vrouwen;Langedijk;2013;25966;23211;1504;526;978;1251;644;607;416
5334;Totaal over alle leeftijden;Mannen en vrouwen;Langedijk;2014;26092;23287;1532;531;1001;1273;663;610;416
5335;Totaal over alle leeftijden;Mannen en vrouwen;Langedijk;2015;26260;23380;1571;549;1022;1309;672;637;416
5336;Totaal over alle leeftijden;Mannen en vrouwen;Langedijk;2016;26452;23459;1615;560;1055;1378;695;683;416
5337;Totaal over alle leeftijden;Mannen en vrouwen;Langedijk;2017;26619;23529;1650;574;1076;1440;723;717;416
5338;Totaal over alle leeftijden;Mannen en vrouwen;Langedijk;2018;26823;23629;1684;565;1119;1510;753;757;416
5339;Totaal over alle leeftijden;Mannen en vrouwen;Langedijk;2019;27029;23740;1696;570;1126;1593;788;805;416
5340;Totaal over alle leeftijden;Mannen en vrouwen;Langedijk;2020;27166;23796;1736;595;1141;1634;807;827;416
5341;Totaal over alle leeftijden;Mannen en vrouwen;Langedijk;2021;27419;23972;1763;614;1149;1684;829;855;416
5342;Totaal over alle leeftijden;Mannen en vrouwen;Langedijk;2022;27604;24126;1768;606;1162;1710;850;860;416
5343;Totaal over alle leeftijden;Mannen en vrouwen;Langedijk;2023;27718;24191;1806;625;1181;1721;871;850;416
5344;Totaal over alle leeftijden;Mannen en vrouwen;Langedijk;2024;27870;24292;1812;632;1180;1766;888;878;416
5345;Totaal over alle leeftijden;Mannen en vrouwen;Langedijk;2025;28120;24462;1797;631;1166;1861;932;929;416
5346;Totaal over alle leeftijden;Mannen en vrouwen;Lansingerland;2008;48465;41788;3214;1185;2029;3463;1763;1700;1621
5347;Totaal over alle leeftijden;Mannen en vrouwen;Lansingerland;2009;49879;42789;3333;1222;2111;3757;1874;1883;1621
5348;Totaal over alle leeftijden;Mannen en vrouwen;Lansingerland;2010;51228;43762;3459;1277;2182;4007;1946;2061;1621
5349;Totaal over alle leeftijden;Mannen en vrouwen;Lansingerland;2011;52113;44352;3559;1320;2239;4202;2023;2179;1621
5350;Totaal over alle leeftijden;Mannen en vrouwen;Lansingerland;2012;53223;45169;3654;1358;2296;4400;2060;2340;1621
5351;Totaal over alle leeftijden;Mannen en vrouwen;Lansingerland;2013;54153;45809;3779;1417;2362;4565;2122;2443;1621
5352;Totaal over alle leeftijden;Mannen en vrouwen;Lansingerland;2014;55025;46412;3900;1449;2451;4713;2176;2537;1621
5353;Totaal over alle leeftijden;Mannen en vrouwen;Lansingerland;2015;55327;46578;3929;1456;2473;4820;2212;2608;1621
5354;Totaal over alle leeftijden;Mannen en vrouwen;Lansingerland;2016;55794;46878;3995;1496;2499;4921;2259;2662;1621
5355;Totaal over alle leeftijden;Mannen en vrouwen;Lansingerland;2017;56351;47271;4070;1520;2550;5010;2297;2713;1621
5356;Totaal over alle leeftijden;Mannen en vrouwen;Lansingerland;2018;56594;47413;4100;1526;2574;5081;2332;2749;1621
5357;Totaal over alle leeftijden;Mannen en vrouwen;Lansingerland;2019;56955;47633;4133;1545;2588;5189;2380;2809;1621
5358;Totaal over alle leeftijden;Mannen en vrouwen;Lansingerland;2020;57257;47765;4192;1591;2601;5300;2435;2865;1621
5359;Totaal over alle leeftijden;Mannen en vrouwen;Lansingerland;2021;57715;48030;4270;1622;2648;5415;2484;2931;1621
5360;Totaal over alle leeftijden;Mannen en vrouwen;Lansingerland;2022;58021;48245;4310;1644;2666;5466;2493;2973;1621
5361;Totaal over alle leeftijden;Mannen en vrouwen;Lansingerland;2023;58288;48376;4328;1639;2689;5584;2560;3024;1621
5362;Totaal over alle leeftijden;Mannen en vrouwen;Lansingerland;2024;58553;48528;4353;1640;2713;5672;2602;3070;1621
5363;Totaal over alle leeftijden;Mannen en vrouwen;Lansingerland;2025;58703;48643;4336;1636;2700;5724;2631;3093;1621
5364;Totaal over alle leeftijden;Mannen en vrouwen;Laren (NH.);2008;10726;8944;1342;523;819;440;231;209;417
5365;Totaal over alle leeftijden;Mannen en vrouwen;Laren (NH.);2009;10546;8794;1298;495;803;454;228;226;417
5366;Totaal over alle leeftijden;Mannen en vrouwen;Laren (NH.);2010;10414;8681;1254;463;791;479;233;246;417
5367;Totaal over alle leeftijden;Mannen en vrouwen;Laren (NH.);2011;10442;8706;1231;441;790;505;248;257;417
5368;Totaal over alle leeftijden;Mannen en vrouwen;Laren (NH.);2012;10409;8665;1220;426;794;524;262;262;417
5369;Totaal over alle leeftijden;Mannen en vrouwen;Laren (NH.);2013;10360;8609;1203;406;797;548;268;280;417
5370;Totaal over alle leeftijden;Mannen en vrouwen;Laren (NH.);2014;10383;8628;1188;408;780;567;269;298;417
5371;Totaal over alle leeftijden;Mannen en vrouwen;Laren (NH.);2015;10298;8543;1174;412;762;581;275;306;417
5372;Totaal over alle leeftijden;Mannen en vrouwen;Laren (NH.);2016;10237;8481;1173;417;756;583;271;312;417
5373;Totaal over alle leeftijden;Mannen en vrouwen;Laren (NH.);2017;10218;8464;1142;410;732;612;280;332;417
5374;Totaal over alle leeftijden;Mannen en vrouwen;Laren (NH.);2018;10188;8408;1129;393;736;651;296;355;417
5375;Totaal over alle leeftijden;Mannen en vrouwen;Laren (NH.);2019;10201;8402;1120;369;751;679;295;384;417
5376;Totaal over alle leeftijden;Mannen en vrouwen;Laren (NH.);2020;10212;8420;1103;372;731;689;305;384;417
5377;Totaal over alle leeftijden;Mannen en vrouwen;Laren (NH.);2021;10196;8426;1086;363;723;684;305;379;417
5378;Totaal over alle leeftijden;Mannen en vrouwen;Laren (NH.);2022;10169;8384;1080;360;720;705;309;396;417
5379;Totaal over alle leeftijden;Mannen en vrouwen;Laren (NH.);2023;10153;8374;1080;363;717;699;317;382;417
5380;Totaal over alle leeftijden;Mannen en vrouwen;Laren (NH.);2024;10176;8393;1094;359;735;689;318;371;417
5381;Totaal over alle leeftijden;Mannen en vrouwen;Laren (NH.);2025;10197;8400;1098;361;737;699;305;394;417
5382;Totaal over alle leeftijden;Mannen en vrouwen;Leek;2008;19052;17672;867;328;539;513;280;233;22
5383;Totaal over alle leeftijden;Mannen en vrouwen;Leek;2009;19098;17656;872;339;533;570;303;267;22
5384;Totaal over alle leeftijden;Mannen en vrouwen;Leek;2010;19078;17602;861;336;525;615;318;297;22
5385;Totaal over alle leeftijden;Mannen en vrouwen;Leek;2011;19086;17547;892;352;540;647;341;306;22
5386;Totaal over alle leeftijden;Mannen en vrouwen;Leek;2012;19077;17493;906;356;550;678;353;325;22
5387;Totaal over alle leeftijden;Mannen en vrouwen;Leek;2013;19175;17569;885;331;554;721;381;340;22
5388;Totaal over alle leeftijden;Mannen en vrouwen;Leek;2014;19212;17556;902;333;569;754;391;363;22
5389;Totaal over alle leeftijden;Mannen en vrouwen;Leek;2015;19204;17519;903;339;564;782;402;380;22
5390;Totaal over alle leeftijden;Mannen en vrouwen;Leek;2016;19202;17502;897;350;547;803;431;372;22
5391;Totaal over alle leeftijden;Mannen en vrouwen;Leek;2017;19218;17494;899;353;546;825;449;376;22
5392;Totaal over alle leeftijden;Mannen en vrouwen;Leek;2018;19249;17500;900;348;552;849;459;390;22
5393;Totaal over alle leeftijden;Mannen en vrouwen;Leek;2019;19248;17470;901;338;563;877;472;405;22
5394;Totaal over alle leeftijden;Mannen en vrouwen;Leek;2020;19259;17452;902;330;572;905;486;419;22
5395;Totaal over alle leeftijden;Mannen en vrouwen;Leek;2021;19270;17449;892;330;562;929;489;440;22
5396;Totaal over alle leeftijden;Mannen en vrouwen;Leek;2022;19218;17351;899;321;578;968;515;453;22
5397;Totaal over alle leeftijden;Mannen en vrouwen;Leek;2023;19236;17324;885;322;563;1027;528;499;22
5398;Totaal over alle leeftijden;Mannen en vrouwen;Leek;2024;19284;17348;897;329;568;1039;519;520;22
5399;Totaal over alle leeftijden;Mannen en vrouwen;Leek;2025;19264;17323;886;311;575;1055;525;530;22
5400;Totaal over alle leeftijden;Mannen en vrouwen;Leerdam;2008;20395;16275;1556;503;1053;2564;1365;1199;545
5401;Totaal over alle leeftijden;Mannen en vrouwen;Leerdam;2009;20243;16147;1557;519;1038;2539;1336;1203;545
5402;Totaal over alle leeftijden;Mannen en vrouwen;Leerdam;2010;20299;16209;1537;510;1027;2553;1336;1217;545
5403;Totaal over alle leeftijden;Mannen en vrouwen;Leerdam;2011;20251;16151;1544;514;1030;2556;1327;1229;545
5404;Totaal over alle leeftijden;Mannen en vrouwen;Leerdam;2012;20219;16158;1530;518;1012;2531;1315;1216;545
5405;Totaal over alle leeftijden;Mannen en vrouwen;Leerdam;2013;20221;16205;1495;513;982;2521;1341;1180;545
5406;Totaal over alle leeftijden;Mannen en vrouwen;Leerdam;2014;20247;16234;1484;503;981;2529;1349;1180;545
5407;Totaal over alle leeftijden;Mannen en vrouwen;Leerdam;2015;20258;16246;1485;509;976;2527;1332;1195;545
5408;Totaal over alle leeftijden;Mannen en vrouwen;Leerdam;2016;20289;16267;1499;516;983;2523;1322;1201;545
5409;Totaal over alle leeftijden;Mannen en vrouwen;Leerdam;2017;20321;16293;1515;521;994;2513;1319;1194;545
5410;Totaal over alle leeftijden;Mannen en vrouwen;Leerdam;2018;20382;16362;1510;527;983;2510;1333;1177;545
5411;Totaal over alle leeftijden;Mannen en vrouwen;Leerdam;2019;20400;16354;1514;536;978;2532;1350;1182;545
5412;Totaal over alle leeftijden;Mannen en vrouwen;Leerdam;2020;20384;16350;1505;539;966;2529;1345;1184;545
5413;Totaal over alle leeftijden;Mannen en vrouwen;Leerdam;2021;20392;16358;1517;545;972;2517;1347;1170;545
5414;Totaal over alle leeftijden;Mannen en vrouwen;Leerdam;2022;20390;16399;1532;559;973;2459;1324;1135;545
5415;Totaal over alle leeftijden;Mannen en vrouwen;Leerdam;2023;20422;16454;1539;551;988;2429;1313;1116;545
5416;Totaal over alle leeftijden;Mannen en vrouwen;Leerdam;2024;20416;16463;1539;553;986;2414;1312;1102;545
5417;Totaal over alle leeftijden;Mannen en vrouwen;Leerdam;2025;20494;16532;1538;557;981;2424;1313;1111;545
5418;Totaal over alle leeftijden;Mannen en vrouwen;Leeuwarden;2008;95098;80108;6579;2511;4068;8411;5284;3127;80
5419;Totaal over alle leeftijden;Mannen en vrouwen;Leeuwarden;2009;96459;81277;6627;2526;4101;8555;5260;3295;80
5420;Totaal over alle leeftijden;Mannen en vrouwen;Leeuwarden;2010;97358;81931;6698;2572;4126;8729;5266;3463;80
5421;Totaal over alle leeftijden;Mannen en vrouwen;Leeuwarden;2011;98072;82498;6689;2527;4162;8885;5294;3591;80
5422;Totaal over alle leeftijden;Mannen en vrouwen;Leeuwarden;2012;98673;83010;6703;2514;4189;8960;5285;3675;80
5423;Totaal over alle leeftijden;Mannen en vrouwen;Leeuwarden;2013;99386;83540;6723;2541;4182;9123;5322;3801;80
5424;Totaal over alle leeftijden;Mannen en vrouwen;Leeuwarden;2014;100102;84123;6765;2543;4222;9214;5299;3915;80
5425;Totaal over alle leeftijden;Mannen en vrouwen;Leeuwarden;2015;100944;84764;6824;2570;4254;9356;5318;4038;80
5426;Totaal over alle leeftijden;Mannen en vrouwen;Leeuwarden;2016;101697;85346;6836;2572;4264;9515;5365;4150;80
5427;Totaal over alle leeftijden;Mannen en vrouwen;Leeuwarden;2017;102565;85987;6899;2599;4300;9679;5439;4240;80
5428;Totaal over alle leeftijden;Mannen en vrouwen;Leeuwarden;2018;103443;86610;6946;2636;4310;9887;5489;4398;80
5429;Totaal over alle leeftijden;Mannen en vrouwen;Leeuwarden;2019;104366;87369;6971;2641;4330;10026;5507;4519;80
5430;Totaal over alle leeftijden;Mannen en vrouwen;Leeuwarden;2020;105320;88090;7007;2664;4343;10223;5570;4653;80
5431;Totaal over alle leeftijden;Mannen en vrouwen;Leeuwarden;2021;106246;88854;7050;2664;4386;10342;5594;4748;80
5432;Totaal over alle leeftijden;Mannen en vrouwen;Leeuwarden;2022;107221;89639;7057;2644;4413;10525;5626;4899;80
5433;Totaal over alle leeftijden;Mannen en vrouwen;Leeuwarden;2023;108208;90408;7093;2670;4423;10707;5632;5075;80
5434;Totaal over alle leeftijden;Mannen en vrouwen;Leeuwarden;2024;109177;91177;7093;2688;4405;10907;5722;5185;80
5435;Totaal over alle leeftijden;Mannen en vrouwen;Leeuwarden;2025;110093;91823;7151;2706;4445;11119;5780;5339;80
5436;Totaal over alle leeftijden;Mannen en vrouwen;Leeuwarderadeel;2008;10427;9714;423;124;299;290;159;131;81
5437;Totaal over alle leeftijden;Mannen en vrouwen;Leeuwarderadeel;2009;10319;9582;432;122;310;305;167;138;81
5438;Totaal over alle leeftijden;Mannen en vrouwen;Leeuwarderadeel;2010;10259;9521;433;125;308;305;168;137;81
5439;Totaal over alle leeftijden;Mannen en vrouwen;Leeuwarderadeel;2011;10230;9473;427;125;302;330;186;144;81
5440;Totaal over alle leeftijden;Mannen en vrouwen;Leeuwarderadeel;2012;10237;9475;421;122;299;341;192;149;81
5441;Totaal over alle leeftijden;Mannen en vrouwen;Leeuwarderadeel;2013;10249;9467;417;121;296;365;210;155;81
5442;Totaal over alle leeftijden;Mannen en vrouwen;Leeuwarderadeel;2014;10229;9433;409;119;290;387;222;165;81
5443;Totaal over alle leeftijden;Mannen en vrouwen;Leeuwarderadeel;2015;10188;9373;399;120;279;416;230;186;81
5444;Totaal over alle leeftijden;Mannen en vrouwen;Leeuwarderadeel;2016;10133;9302;391;116;275;440;251;189;81
5445;Totaal over alle leeftijden;Mannen en vrouwen;Leeuwarderadeel;2017;10081;9229;399;119;280;453;252;201;81
5446;Totaal over alle leeftijden;Mannen en vrouwen;Leeuwarderadeel;2018;10079;9214;392;116;276;473;262;211;81
5447;Totaal over alle leeftijden;Mannen en vrouwen;Leeuwarderadeel;2019;9993;9126;379;108;271;488;270;218;81
5448;Totaal over alle leeftijden;Mannen en vrouwen;Leeuwarderadeel;2020;9941;9051;373;110;263;517;273;244;81
5449;Totaal over alle leeftijden;Mannen en vrouwen;Leeuwarderadeel;2021;9867;8965;374;107;267;528;273;255;81
5450;Totaal over alle leeftijden;Mannen en vrouwen;Leeuwarderadeel;2022;9801;8896;372;114;258;533;275;258;81
5451;Totaal over alle leeftijden;Mannen en vrouwen;Leeuwarderadeel;2023;9741;8822;378;112;266;541;273;268;81
5452;Totaal over alle leeftijden;Mannen en vrouwen;Leeuwarderadeel;2024;9691;8759;384;117;267;548;281;267;81
5453;Totaal over alle leeftijden;Mannen en vrouwen;Leeuwarderadeel;2025;9634;8689;385;114;271;560;285;275;81
5454;Totaal over alle leeftijden;Mannen en vrouwen;Leiden;2008;118241;87462;13916;6812;7104;16863;10160;6703;546
5455;Totaal over alle leeftijden;Mannen en vrouwen;Leiden;2009;118369;87534;13985;6848;7137;16850;10057;6793;546
5456;Totaal over alle leeftijden;Mannen en vrouwen;Leiden;2010;118154;87168;14125;6977;7148;16861;9994;6867;546
5457;Totaal over alle leeftijden;Mannen en vrouwen;Leiden;2011;118235;87111;14289;7050;7239;16835;9945;6890;546
5458;Totaal over alle leeftijden;Mannen en vrouwen;Leiden;2012;118223;86914;14423;7152;7271;16886;9891;6995;546
5459;Totaal over alle leeftijden;Mannen en vrouwen;Leiden;2013;118325;86763;14597;7278;7319;16965;9839;7126;546
5460;Totaal over alle leeftijden;Mannen en vrouwen;Leiden;2014;118408;86688;14727;7373;7354;16993;9822;7171;546
5461;Totaal over alle leeftijden;Mannen en vrouwen;Leiden;2015;118565;86649;14851;7476;7375;17065;9770;7295;546
5462;Totaal over alle leeftijden;Mannen en vrouwen;Leiden;2016;118663;86483;14994;7584;7410;17186;9766;7420;546
5463;Totaal over alle leeftijden;Mannen en vrouwen;Leiden;2017;118954;86529;15176;7668;7508;17249;9784;7465;546
5464;Totaal over alle leeftijden;Mannen en vrouwen;Leiden;2018;119160;86554;15352;7827;7525;17254;9719;7535;546
5465;Totaal over alle leeftijden;Mannen en vrouwen;Leiden;2019;119163;86391;15458;7911;7547;17314;9717;7597;546
5466;Totaal over alle leeftijden;Mannen en vrouwen;Leiden;2020;119293;86301;15635;8058;7577;17357;9751;7606;546
5467;Totaal over alle leeftijden;Mannen en vrouwen;Leiden;2021;119315;86133;15766;8154;7612;17416;9773;7643;546
5468;Totaal over alle leeftijden;Mannen en vrouwen;Leiden;2022;119336;86003;15830;8227;7603;17503;9788;7715;546
5469;Totaal over alle leeftijden;Mannen en vrouwen;Leiden;2023;119349;85800;15990;8327;7663;17559;9815;7744;546
5470;Totaal over alle leeftijden;Mannen en vrouwen;Leiden;2024;119404;85598;16172;8440;7732;17634;9793;7841;546
5471;Totaal over alle leeftijden;Mannen en vrouwen;Leiden;2025;119333;85347;16278;8543;7735;17708;9809;7899;546
5472;Totaal over alle leeftijden;Mannen en vrouwen;Leiderdorp;2008;26116;21273;2534;1053;1481;2309;1297;1012;547
5473;Totaal over alle leeftijden;Mannen en vrouwen;Leiderdorp;2009;26087;21194;2547;1061;1486;2346;1313;1033;547
5474;Totaal over alle leeftijden;Mannen en vrouwen;Leiderdorp;2010;26022;21112;2552;1062;1490;2358;1324;1034;547
5475;Totaal over alle leeftijden;Mannen en vrouwen;Leiderdorp;2011;25981;21002;2575;1091;1484;2404;1348;1056;547
5476;Totaal over alle leeftijden;Mannen en vrouwen;Leiderdorp;2012;25976;20949;2580;1101;1479;2447;1379;1068;547
5477;Totaal over alle leeftijden;Mannen en vrouwen;Leiderdorp;2013;25907;20872;2586;1105;1481;2449;1386;1063;547
5478;Totaal over alle leeftijden;Mannen en vrouwen;Leiderdorp;2014;25866;20780;2584;1091;1493;2502;1410;1092;547
5479;Totaal over alle leeftijden;Mannen en vrouwen;Leiderdorp;2015;25776;20615;2627;1115;1512;2534;1421;1113;547
5480;Totaal over alle leeftijden;Mannen en vrouwen;Leiderdorp;2016;25723;20526;2638;1103;1535;2559;1454;1105;547
5481;Totaal over alle leeftijden;Mannen en vrouwen;Leiderdorp;2017;25623;20353;2659;1130;1529;2611;1465;1146;547
5482;Totaal over alle leeftijden;Mannen en vrouwen;Leiderdorp;2018;25577;20274;2683;1162;1521;2620;1476;1144;547
5483;Totaal over alle leeftijden;Mannen en vrouwen;Leiderdorp;2019;25525;20176;2697;1192;1505;2652;1495;1157;547
5484;Totaal over alle leeftijden;Mannen en vrouwen;Leiderdorp;2020;25423;20062;2696;1210;1486;2665;1496;1169;547
5485;Totaal over alle leeftijden;Mannen en vrouwen;Leiderdorp;2021;25357;19943;2744;1240;1504;2670;1496;1174;547
5486;Totaal over alle leeftijden;Mannen en vrouwen;Leiderdorp;2022;25264;19808;2755;1247;1508;2701;1482;1219;547
5487;Totaal over alle leeftijden;Mannen en vrouwen;Leiderdorp;2023;25219;19688;2778;1270;1508;2753;1492;1261;547
5488;Totaal over alle leeftijden;Mannen en vrouwen;Leiderdorp;2024;25258;19642;2808;1286;1522;2808;1527;1281;547
5489;Totaal over alle leeftijden;Mannen en vrouwen;Leiderdorp;2025;25272;19530;2854;1299;1555;2888;1577;1311;547
5490;Totaal over alle leeftijden;Mannen en vrouwen;Leidschendam-Voorburg;2008;74372;54252;10277;4884;5393;9843;5888;3955;1916
5491;Totaal over alle leeftijden;Mannen en vrouwen;Leidschendam-Voorburg;2009;74895;54236;10398;4995;5403;10261;5952;4309;1916
5492;Totaal over alle leeftijden;Mannen en vrouwen;Leidschendam-Voorburg;2010;75344;54220;10594;5111;5483;10530;5974;4556;1916
5493;Totaal over alle leeftijden;Mannen en vrouwen;Leidschendam-Voorburg;2011;75977;54301;10848;5276;5572;10828;5981;4847;1916
5494;Totaal over alle leeftijden;Mannen en vrouwen;Leidschendam-Voorburg;2012;76690;54457;11114;5439;5675;11119;5979;5140;1916
5495;Totaal over alle leeftijden;Mannen en vrouwen;Leidschendam-Voorburg;2013;77366;54641;11382;5609;5773;11343;6012;5331;1916
5496;Totaal over alle leeftijden;Mannen en vrouwen;Leidschendam-Voorburg;2014;78081;54815;11664;5752;5912;11602;6012;5590;1916
5497;Totaal over alle leeftijden;Mannen en vrouwen;Leidschendam-Voorburg;2015;79016;55166;12016;5938;6078;11834;6018;5816;1916
5498;Totaal over alle leeftijden;Mannen en vrouwen;Leidschendam-Voorburg;2016;79891;55434;12345;6099;6246;12112;6062;6050;1916
5499;Totaal over alle leeftijden;Mannen en vrouwen;Leidschendam-Voorburg;2017;80693;55629;12734;6312;6422;12330;6088;6242;1916
5500;Totaal over alle leeftijden;Mannen en vrouwen;Leidschendam-Voorburg;2018;81716;55979;13093;6505;6588;12644;6157;6487;1916
5501;Totaal over alle leeftijden;Mannen en vrouwen;Leidschendam-Voorburg;2019;82555;56253;13516;6704;6812;12786;6160;6626;1916
5502;Totaal over alle leeftijden;Mannen en vrouwen;Leidschendam-Voorburg;2020;83372;56479;13919;6922;6997;12974;6176;6798;1916
5503;Totaal over alle leeftijden;Mannen en vrouwen;Leidschendam-Voorburg;2021;84193;56712;14317;7124;7193;13164;6219;6945;1916
5504;Totaal over alle leeftijden;Mannen en vrouwen;Leidschendam-Voorburg;2022;85004;56884;14746;7309;7437;13374;6231;7143;1916
5505;Totaal over alle leeftijden;Mannen en vrouwen;Leidschendam-Voorburg;2023;85866;57071;15208;7530;7678;13587;6274;7313;1916
5506;Totaal over alle leeftijden;Mannen en vrouwen;Leidschendam-Voorburg;2024;86602;57206;15631;7763;7868;13765;6324;7441;1916
5507;Totaal over alle leeftijden;Mannen en vrouwen;Leidschendam-Voorburg;2025;87457;57411;16046;7989;8057;14000;6406;7594;1916
5508;Totaal over alle leeftijden;Mannen en vrouwen;Lelystad;2008;73231;53272;6744;2585;4159;13215;7201;6014;995
5509;Totaal over alle leeftijden;Mannen en vrouwen;Lelystad;2009;74015;53642;6876;2618;4258;13497;7203;6294;995
5510;Totaal over alle leeftijden;Mannen en vrouwen;Lelystad;2010;74911;54004;7014;2635;4379;13893;7284;6609;995
5511;Totaal over alle leeftijden;Mannen en vrouwen;Lelystad;2011;75856;54392;7162;2703;4459;14302;7400;6902;995
5512;Totaal over alle leeftijden;Mannen en vrouwen;Lelystad;2012;76686;54696;7317;2751;4566;14673;7429;7244;995
5513;Totaal over alle leeftijden;Mannen en vrouwen;Lelystad;2013;77560;55050;7502;2832;4670;15008;7473;7535;995
5514;Totaal over alle leeftijden;Mannen en vrouwen;Lelystad;2014;78550;55448;7675;2891;4784;15427;7537;7890;995
5515;Totaal over alle leeftijden;Mannen en vrouwen;Lelystad;2015;79237;55760;7739;2898;4841;15738;7594;8144;995
5516;Totaal over alle leeftijden;Mannen en vrouwen;Lelystad;2016;79914;55984;7833;2940;4893;16097;7679;8418;995
5517;Totaal over alle leeftijden;Mannen en vrouwen;Lelystad;2017;80761;56312;7973;3006;4967;16476;7758;8718;995
5518;Totaal over alle leeftijden;Mannen en vrouwen;Lelystad;2018;81494;56590;8096;3058;5038;16808;7816;8992;995
5519;Totaal over alle leeftijden;Mannen en vrouwen;Lelystad;2019;82076;56759;8245;3096;5149;17072;7918;9154;995
5520;Totaal over alle leeftijden;Mannen en vrouwen;Lelystad;2020;82720;56986;8392;3139;5253;17342;7930;9412;995
5521;Totaal over alle leeftijden;Mannen en vrouwen;Lelystad;2021;83281;57135;8564;3230;5334;17582;7965;9617;995
5522;Totaal over alle leeftijden;Mannen en vrouwen;Lelystad;2022;83631;57206;8638;3270;5368;17787;8053;9734;995
5523;Totaal over alle leeftijden;Mannen en vrouwen;Lelystad;2023;83992;57296;8753;3317;5436;17943;8104;9839;995
5524;Totaal over alle leeftijden;Mannen en vrouwen;Lelystad;2024;84544;57462;8906;3361;5545;18176;8117;10059;995
5525;Totaal over alle leeftijden;Mannen en vrouwen;Lelystad;2025;84821;57464;8990;3378;5612;18367;8153;10214;995
5526;Totaal over alle leeftijden;Mannen en vrouwen;Lemsterland;2008;13568;12188;808;349;459;572;337;235;82
5527;Totaal over alle leeftijden;Mannen en vrouwen;Lemsterland;2009;13666;12262;807;349;458;597;341;256;82
5528;Totaal over alle leeftijden;Mannen en vrouwen;Lemsterland;2010;13688;12270;790;330;460;628;358;270;82
5529;Totaal over alle leeftijden;Mannen en vrouwen;Lemsterland;2011;13677;12244;794;324;470;639;357;282;82
5530;Totaal over alle leeftijden;Mannen en vrouwen;Lemsterland;2012;13668;12227;794;319;475;647;361;286;82
5531;Totaal over alle leeftijden;Mannen en vrouwen;Lemsterland;2013;13689;12242;788;303;485;659;364;295;82
5532;Totaal over alle leeftijden;Mannen en vrouwen;Lemsterland;2014;13696;12234;799;308;491;663;365;298;82
5533;Totaal over alle leeftijden;Mannen en vrouwen;Lemsterland;2015;13731;12269;793;309;484;669;359;310;82
5534;Totaal over alle leeftijden;Mannen en vrouwen;Lemsterland;2016;13709;12242;794;306;488;673;356;317;82
5535;Totaal over alle leeftijden;Mannen en vrouwen;Lemsterland;2017;13801;12310;788;285;503;703;384;319;82
5536;Totaal over alle leeftijden;Mannen en vrouwen;Lemsterland;2018;13793;12308;788;292;496;697;382;315;82
5537;Totaal over alle leeftijden;Mannen en vrouwen;Lemsterland;2019;13790;12303;781;292;489;706;380;326;82
5538;Totaal over alle leeftijden;Mannen en vrouwen;Lemsterland;2020;13820;12315;775;302;473;730;383;347;82
5539;Totaal over alle leeftijden;Mannen en vrouwen;Lemsterland;2021;13786;12252;780;308;472;754;394;360;82
5540;Totaal over alle leeftijden;Mannen en vrouwen;Lemsterland;2022;13791;12266;767;302;465;758;393;365;82
5541;Totaal over alle leeftijden;Mannen en vrouwen;Lemsterland;2023;13799;12273;755;299;456;771;395;376;82
5542;Totaal over alle leeftijden;Mannen en vrouwen;Lemsterland;2024;13740;12206;740;295;445;794;407;387;82
5543;Totaal over alle leeftijden;Mannen en vrouwen;Lemsterland;2025;13689;12120;748;294;454;821;417;404;82
5544;Totaal over alle leeftijden;Mannen en vrouwen;Leudal;2008;36254;32226;3124;1165;1959;904;544;360;1640
5545;Totaal over alle leeftijden;Mannen en vrouwen;Leudal;2009;36166;32034;3125;1154;1971;1007;613;394;1640
5546;Totaal over alle leeftijden;Mannen en vrouwen;Leudal;2010;35949;31720;3121;1139;1982;1108;661;447;1640
5547;Totaal over alle leeftijden;Mannen en vrouwen;Leudal;2011;35678;31360;3134;1154;1980;1184;694;490;1640
5548;Totaal over alle leeftijden;Mannen en vrouwen;Leudal;2012;35569;31131;3113;1159;1954;1325;762;563;1640
5549;Totaal over alle leeftijden;Mannen en vrouwen;Leudal;2013;35385;30857;3120;1191;1929;1408;820;588;1640
5550;Totaal over alle leeftijden;Mannen en vrouwen;Leudal;2014;35305;30683;3134;1195;1939;1488;862;626;1640
5551;Totaal over alle leeftijden;Mannen en vrouwen;Leudal;2015;35201;30502;3131;1185;1946;1568;907;661;1640
5552;Totaal over alle leeftijden;Mannen en vrouwen;Leudal;2016;35044;30190;3179;1216;1963;1675;945;730;1640
5553;Totaal over alle leeftijden;Mannen en vrouwen;Leudal;2017;35031;30105;3190;1239;1951;1736;957;779;1640
5554;Totaal over alle leeftijden;Mannen en vrouwen;Leudal;2018;34985;29985;3208;1257;1951;1792;955;837;1640
5555;Totaal over alle leeftijden;Mannen en vrouwen;Leudal;2019;35041;29909;3262;1279;1983;1870;1010;860;1640
5556;Totaal over alle leeftijden;Mannen en vrouwen;Leudal;2020;34985;29764;3292;1296;1996;1929;1051;878;1640
5557;Totaal over alle leeftijden;Mannen en vrouwen;Leudal;2021;34817;29532;3290;1287;2003;1995;1081;914;1640
5558;Totaal over alle leeftijden;Mannen en vrouwen;Leudal;2022;34817;29439;3336;1323;2013;2042;1108;934;1640
5559;Totaal over alle leeftijden;Mannen en vrouwen;Leudal;2023;34756;29318;3347;1309;2038;2091;1142;949;1640
5560;Totaal over alle leeftijden;Mannen en vrouwen;Leudal;2024;34765;29185;3396;1327;2069;2184;1195;989;1640
5561;Totaal over alle leeftijden;Mannen en vrouwen;Leudal;2025;34782;29144;3375;1320;2055;2263;1231;1032;1640
5562;Totaal over alle leeftijden;Mannen en vrouwen;Leusden;2008;28770;24958;2320;837;1483;1492;944;548;327
5563;Totaal over alle leeftijden;Mannen en vrouwen;Leusden;2009;28748;24881;2316;841;1475;1551;954;597;327
5564;Totaal over alle leeftijden;Mannen en vrouwen;Leusden;2010;28730;24826;2293;827;1466;1611;982;629;327
5565;Totaal over alle leeftijden;Mannen en vrouwen;Leusden;2011;28726;24763;2301;826;1475;1662;990;672;327
5566;Totaal over alle leeftijden;Mannen en vrouwen;Leusden;2012;28694;24686;2315;832;1483;1693;979;714;327
5567;Totaal over alle leeftijden;Mannen en vrouwen;Leusden;2013;28661;24610;2281;817;1464;1770;1018;752;327
5568;Totaal over alle leeftijden;Mannen en vrouwen;Leusden;2014;28625;24534;2281;822;1459;1810;1045;765;327
5569;Totaal over alle leeftijden;Mannen en vrouwen;Leusden;2015;28584;24497;2268;826;1442;1819;1036;783;327
5570;Totaal over alle leeftijden;Mannen en vrouwen;Leusden;2016;28572;24465;2234;810;1424;1873;1078;795;327
5571;Totaal over alle leeftijden;Mannen en vrouwen;Leusden;2017;28580;24396;2245;801;1444;1939;1110;829;327
5572;Totaal over alle leeftijden;Mannen en vrouwen;Leusden;2018;28600;24363;2251;833;1418;1986;1129;857;327
5573;Totaal over alle leeftijden;Mannen en vrouwen;Leusden;2019;28784;24469;2252;825;1427;2063;1155;908;327
5574;Totaal over alle leeftijden;Mannen en vrouwen;Leusden;2020;28857;24485;2265;831;1434;2107;1185;922;327
5575;Totaal over alle leeftijden;Mannen en vrouwen;Leusden;2021;28953;24529;2306;846;1460;2118;1177;941;327
5576;Totaal over alle leeftijden;Mannen en vrouwen;Leusden;2022;29130;24649;2273;836;1437;2208;1231;977;327
5577;Totaal over alle leeftijden;Mannen en vrouwen;Leusden;2023;29244;24720;2257;840;1417;2267;1245;1022;327
5578;Totaal over alle leeftijden;Mannen en vrouwen;Leusden;2024;29420;24779;2275;862;1413;2366;1300;1066;327
5579;Totaal over alle leeftijden;Mannen en vrouwen;Leusden;2025;29554;24877;2287;868;1419;2390;1301;1089;327
5580;Totaal over alle leeftijden;Mannen en vrouwen;Liesveld;2008;9582;9103;291;95;196;188;109;79;694
5581;Totaal over alle leeftijden;Mannen en vrouwen;Liesveld;2009;9587;9079;292;95;197;216;122;94;694
5582;Totaal over alle leeftijden;Mannen en vrouwen;Liesveld;2010;9616;9064;301;95;206;251;130;121;694
5583;Totaal over alle leeftijden;Mannen en vrouwen;Liesveld;2011;9617;9019;309;101;208;289;148;141;694
5584;Totaal over alle leeftijden;Mannen en vrouwen;Liesveld;2012;9620;8981;333;110;223;306;154;152;694
5585;Totaal over alle leeftijden;Mannen en vrouwen;Liesveld;2013;9643;8964;342;113;229;337;168;169;694
5586;Totaal over alle leeftijden;Mannen en vrouwen;Liesveld;2014;9545;8836;343;113;230;366;181;185;694
5587;Totaal over alle leeftijden;Mannen en vrouwen;Liesveld;2015;9566;8841;342;114;228;383;194;189;694
5588;Totaal over alle leeftijden;Mannen en vrouwen;Liesveld;2016;9553;8810;347;119;228;396;196;200;694
5589;Totaal over alle leeftijden;Mannen en vrouwen;Liesveld;2017;9541;8781;348;125;223;412;197;215;694
5590;Totaal over alle leeftijden;Mannen en vrouwen;Liesveld;2018;9580;8778;359;137;222;443;206;237;694
5591;Totaal over alle leeftijden;Mannen en vrouwen;Liesveld;2019;9559;8739;363;137;226;457;216;241;694
5592;Totaal over alle leeftijden;Mannen en vrouwen;Liesveld;2020;9569;8719;366;138;228;484;232;252;694
5593;Totaal over alle leeftijden;Mannen en vrouwen;Liesveld;2021;9569;8695;376;141;235;498;234;264;694
5594;Totaal over alle leeftijden;Mannen en vrouwen;Liesveld;2022;9579;8670;398;145;253;511;237;274;694
5595;Totaal over alle leeftijden;Mannen en vrouwen;Liesveld;2023;9626;8670;414;153;261;542;242;300;694
5596;Totaal over alle leeftijden;Mannen en vrouwen;Liesveld;2024;9626;8645;423;155;268;558;248;310;694
5597;Totaal over alle leeftijden;Mannen en vrouwen;Liesveld;2025;9643;8624;452;164;288;567;254;313;694
5598;Totaal over alle leeftijden;Mannen en vrouwen;Lingewaal;2008;10649;9839;445;145;300;365;192;173;733
5599;Totaal over alle leeftijden;Mannen en vrouwen;Lingewaal;2009;10597;9777;437;134;303;383;199;184;733
5600;Totaal over alle leeftijden;Mannen en vrouwen;Lingewaal;2010;10600;9767;442;139;303;391;203;188;733
5601;Totaal over alle leeftijden;Mannen en vrouwen;Lingewaal;2011;10583;9726;453;144;309;404;204;200;733
5602;Totaal over alle leeftijden;Mannen en vrouwen;Lingewaal;2012;10592;9692;474;153;321;426;219;207;733
5603;Totaal over alle leeftijden;Mannen en vrouwen;Lingewaal;2013;10520;9595;470;150;320;455;234;221;733
5604;Totaal over alle leeftijden;Mannen en vrouwen;Lingewaal;2014;10479;9548;470;150;320;461;234;227;733
5605;Totaal over alle leeftijden;Mannen en vrouwen;Lingewaal;2015;10412;9456;469;144;325;487;238;249;733
5606;Totaal over alle leeftijden;Mannen en vrouwen;Lingewaal;2016;10387;9400;472;143;329;515;248;267;733
5607;Totaal over alle leeftijden;Mannen en vrouwen;Lingewaal;2017;10360;9353;473;142;331;534;260;274;733
5608;Totaal over alle leeftijden;Mannen en vrouwen;Lingewaal;2018;10376;9359;473;141;332;544;255;289;733
5609;Totaal over alle leeftijden;Mannen en vrouwen;Lingewaal;2019;10379;9344;481;151;330;554;268;286;733
5610;Totaal over alle leeftijden;Mannen en vrouwen;Lingewaal;2020;10375;9320;482;153;329;573;276;297;733
5611;Totaal over alle leeftijden;Mannen en vrouwen;Lingewaal;2021;10362;9287;482;144;338;593;278;315;733
5612;Totaal over alle leeftijden;Mannen en vrouwen;Lingewaal;2022;10409;9297;486;147;339;626;291;335;733
5613;Totaal over alle leeftijden;Mannen en vrouwen;Lingewaal;2023;10428;9295;503;157;346;630;292;338;733
5614;Totaal over alle leeftijden;Mannen en vrouwen;Lingewaal;2024;10471;9324;506;153;353;641;293;348;733
5615;Totaal over alle leeftijden;Mannen en vrouwen;Lingewaal;2025;10468;9298;507;153;354;663;310;353;733
5616;Totaal over alle leeftijden;Mannen en vrouwen;Lingewaard;2008;44887;40491;3041;805;2236;1355;739;616;1705
5617;Totaal over alle leeftijden;Mannen en vrouwen;Lingewaard;2009;45087;40509;3092;841;2251;1486;807;679;1705
5618;Totaal over alle leeftijden;Mannen en vrouwen;Lingewaard;2010;45240;40527;3087;840;2247;1626;852;774;1705
5619;Totaal over alle leeftijden;Mannen en vrouwen;Lingewaard;2011;45450;40575;3121;848;2273;1754;915;839;1705
5620;Totaal over alle leeftijden;Mannen en vrouwen;Lingewaard;2012;45902;40768;3191;899;2292;1943;998;945;1705
5621;Totaal over alle leeftijden;Mannen en vrouwen;Lingewaard;2013;46328;41001;3232;907;2325;2095;1048;1047;1705
5622;Totaal over alle leeftijden;Mannen en vrouwen;Lingewaard;2014;46617;41081;3270;926;2344;2266;1115;1151;1705
5623;Totaal over alle leeftijden;Mannen en vrouwen;Lingewaard;2015;46894;41209;3301;953;2348;2384;1175;1209;1705
5624;Totaal over alle leeftijden;Mannen en vrouwen;Lingewaard;2016;47222;41359;3346;979;2367;2517;1231;1286;1705
5625;Totaal over alle leeftijden;Mannen en vrouwen;Lingewaard;2017;47510;41476;3352;989;2363;2682;1290;1392;1705
5626;Totaal over alle leeftijden;Mannen en vrouwen;Lingewaard;2018;47785;41553;3403;1033;2370;2829;1337;1492;1705
5627;Totaal over alle leeftijden;Mannen en vrouwen;Lingewaard;2019;47997;41600;3421;1049;2372;2976;1393;1583;1705
5628;Totaal over alle leeftijden;Mannen en vrouwen;Lingewaard;2020;48303;41709;3477;1083;2394;3117;1475;1642;1705
5629;Totaal over alle leeftijden;Mannen en vrouwen;Lingewaard;2021;48548;41764;3507;1093;2414;3277;1544;1733;1705
5630;Totaal over alle leeftijden;Mannen en vrouwen;Lingewaard;2022;48771;41825;3531;1102;2429;3415;1606;1809;1705
5631;Totaal over alle leeftijden;Mannen en vrouwen;Lingewaard;2023;48967;41864;3539;1106;2433;3564;1672;1892;1705
5632;Totaal over alle leeftijden;Mannen en vrouwen;Lingewaard;2024;49218;41962;3560;1131;2429;3696;1707;1989;1705
5633;Totaal over alle leeftijden;Mannen en vrouwen;Lingewaard;2025;49412;41910;3608;1144;2464;3894;1787;2107;1705
5634;Totaal over alle leeftijden;Mannen en vrouwen;Lisse;2008;21824;19297;1657;762;895;870;510;360;553
5635;Totaal over alle leeftijden;Mannen en vrouwen;Lisse;2009;21804;19203;1686;767;919;915;524;391;553
5636;Totaal over alle leeftijden;Mannen en vrouwen;Lisse;2010;21792;19095;1719;796;923;978;554;424;553
5637;Totaal over alle leeftijden;Mannen en vrouwen;Lisse;2011;21848;19067;1743;832;911;1038;581;457;553
5638;Totaal over alle leeftijden;Mannen en vrouwen;Lisse;2012;21916;19060;1787;862;925;1069;598;471;553
5639;Totaal over alle leeftijden;Mannen en vrouwen;Lisse;2013;21956;19048;1805;868;937;1103;613;490;553
5640;Totaal over alle leeftijden;Mannen en vrouwen;Lisse;2014;21846;18896;1815;869;946;1135;636;499;553
5641;Totaal over alle leeftijden;Mannen en vrouwen;Lisse;2015;21777;18783;1821;875;946;1173;645;528;553
5642;Totaal over alle leeftijden;Mannen en vrouwen;Lisse;2016;21723;18680;1841;886;955;1202;668;534;553
5643;Totaal over alle leeftijden;Mannen en vrouwen;Lisse;2017;21729;18634;1843;913;930;1252;691;561;553
5644;Totaal over alle leeftijden;Mannen en vrouwen;Lisse;2018;21720;18511;1909;952;957;1300;694;606;553
5645;Totaal over alle leeftijden;Mannen en vrouwen;Lisse;2019;21697;18422;1925;958;967;1350;731;619;553
5646;Totaal over alle leeftijden;Mannen en vrouwen;Lisse;2020;21700;18372;1939;977;962;1389;749;640;553
5647;Totaal over alle leeftijden;Mannen en vrouwen;Lisse;2021;21785;18376;1982;998;984;1427;762;665;553
5648;Totaal over alle leeftijden;Mannen en vrouwen;Lisse;2022;21792;18285;2014;1020;994;1493;791;702;553
5649;Totaal over alle leeftijden;Mannen en vrouwen;Lisse;2023;21778;18222;2025;1051;974;1531;824;707;553
5650;Totaal over alle leeftijden;Mannen en vrouwen;Lisse;2024;21713;18080;2066;1084;982;1567;827;740;553
5651;Totaal over alle leeftijden;Mannen en vrouwen;Lisse;2025;21791;18098;2074;1090;984;1619;864;755;553
5652;Totaal over alle leeftijden;Mannen en vrouwen;Lith;2008;6716;6344;255;74;181;117;59;58;808
5653;Totaal over alle leeftijden;Mannen en vrouwen;Lith;2009;6740;6342;258;75;183;140;73;67;808
5654;Totaal over alle leeftijden;Mannen en vrouwen;Lith;2010;6596;6207;249;73;176;140;68;72;808
5655;Totaal over alle leeftijden;Mannen en vrouwen;Lith;2011;6455;6064;245;68;177;146;73;73;808
5656;Totaal over alle leeftijden;Mannen en vrouwen;Lith;2012;6432;6032;249;68;181;151;75;76;808
5657;Totaal over alle leeftijden;Mannen en vrouwen;Lith;2013;6416;6006;245;68;177;165;81;84;808
5658;Totaal over alle leeftijden;Mannen en vrouwen;Lith;2014;6421;5988;244;65;179;189;93;96;808
5659;Totaal over alle leeftijden;Mannen en vrouwen;Lith;2015;6431;5984;249;64;185;198;98;100;808
5660;Totaal over alle leeftijden;Mannen en vrouwen;Lith;2016;6449;5992;253;67;186;204;105;99;808
5661;Totaal over alle leeftijden;Mannen en vrouwen;Lith;2017;6451;5989;261;71;190;201;101;100;808
5662;Totaal over alle leeftijden;Mannen en vrouwen;Lith;2018;6499;5999;274;85;189;226;119;107;808
5663;Totaal over alle leeftijden;Mannen en vrouwen;Lith;2019;6450;5942;271;80;191;237;121;116;808
5664;Totaal over alle leeftijden;Mannen en vrouwen;Lith;2020;6479;5950;273;84;189;256;139;117;808
5665;Totaal over alle leeftijden;Mannen en vrouwen;Lith;2021;6457;5919;278;89;189;260;139;121;808
5666;Totaal over alle leeftijden;Mannen en vrouwen;Lith;2022;6482;5925;291;94;197;266;140;126;808
5667;Totaal over alle leeftijden;Mannen en vrouwen;Lith;2023;6495;5906;314;104;210;275;143;132;808
5668;Totaal over alle leeftijden;Mannen en vrouwen;Lith;2024;6512;5908;314;100;214;290;149;141;808
5669;Totaal over alle leeftijden;Mannen en vrouwen;Lith;2025;6563;5933;325;106;219;305;148;157;808
5670;Totaal over alle leeftijden;Mannen en vrouwen;Littenseradiel;2008;10913;10379;395;104;291;139;84;55;140
5671;Totaal over alle leeftijden;Mannen en vrouwen;Littenseradiel;2009;10894;10368;382;103;279;144;89;55;140
5672;Totaal over alle leeftijden;Mannen en vrouwen;Littenseradiel;2010;10838;10303;384;97;287;151;97;54;140
5673;Totaal over alle leeftijden;Mannen en vrouwen;Littenseradiel;2011;10909;10346;388;103;285;175;116;59;140
5674;Totaal over alle leeftijden;Mannen en vrouwen;Littenseradiel;2012;10968;10380;395;104;291;193;126;67;140
5675;Totaal over alle leeftijden;Mannen en vrouwen;Littenseradiel;2013;10924;10324;397;111;286;203;127;76;140
5676;Totaal over alle leeftijden;Mannen en vrouwen;Littenseradiel;2014;10946;10320;400;108;292;226;139;87;140
5677;Totaal over alle leeftijden;Mannen en vrouwen;Littenseradiel;2015;10926;10290;394;104;290;242;141;101;140
5678;Totaal over alle leeftijden;Mannen en vrouwen;Littenseradiel;2016;10966;10318;394;108;286;254;146;108;140
5679;Totaal over alle leeftijden;Mannen en vrouwen;Littenseradiel;2017;10871;10206;392;101;291;273;154;119;140
5680;Totaal over alle leeftijden;Mannen en vrouwen;Littenseradiel;2018;10872;10212;372;91;281;288;163;125;140
5681;Totaal over alle leeftijden;Mannen en vrouwen;Littenseradiel;2019;10850;10165;379;94;285;306;178;128;140
5682;Totaal over alle leeftijden;Mannen en vrouwen;Littenseradiel;2020;10795;10098;382;97;285;315;177;138;140
5683;Totaal over alle leeftijden;Mannen en vrouwen;Littenseradiel;2021;10780;10069;393;106;287;318;178;140;140
5684;Totaal over alle leeftijden;Mannen en vrouwen;Littenseradiel;2022;10772;10024;398;112;286;350;184;166;140
5685;Totaal over alle leeftijden;Mannen en vrouwen;Littenseradiel;2023;10761;10001;378;102;276;382;206;176;140
5686;Totaal over alle leeftijden;Mannen en vrouwen;Littenseradiel;2024;10761;9971;384;116;268;406;219;187;140
5687;Totaal over alle leeftijden;Mannen en vrouwen;Littenseradiel;2025;10775;9986;390;119;271;399;212;187;140
5688;Totaal over alle leeftijden;Mannen en vrouwen;Lochem;2008;32351;29355;1789;582;1207;1207;678;529;262
5689;Totaal over alle leeftijden;Mannen en vrouwen;Lochem;2009;32262;29221;1798;583;1215;1243;692;551;262
5690;Totaal over alle leeftijden;Mannen en vrouwen;Lochem;2010;32316;29205;1818;568;1250;1293;726;567;262
5691;Totaal over alle leeftijden;Mannen en vrouwen;Lochem;2011;32221;29065;1828;558;1270;1328;745;583;262
5692;Totaal over alle leeftijden;Mannen en vrouwen;Lochem;2012;32081;28878;1839;557;1282;1364;757;607;262
5693;Totaal over alle leeftijden;Mannen en vrouwen;Lochem;2013;32120;28858;1854;570;1284;1408;778;630;262
5694;Totaal over alle leeftijden;Mannen en vrouwen;Lochem;2014;31955;28676;1879;588;1291;1400;767;633;262
5695;Totaal over alle leeftijden;Mannen en vrouwen;Lochem;2015;31824;28488;1881;578;1303;1455;807;648;262
5696;Totaal over alle leeftijden;Mannen en vrouwen;Lochem;2016;31703;28314;1904;598;1306;1485;828;657;262
5697;Totaal over alle leeftijden;Mannen en vrouwen;Lochem;2017;31594;28179;1901;583;1318;1514;831;683;262
5698;Totaal over alle leeftijden;Mannen en vrouwen;Lochem;2018;31659;28200;1921;598;1323;1538;833;705;262
5699;Totaal over alle leeftijden;Mannen en vrouwen;Lochem;2019;31509;27999;1942;611;1331;1568;852;716;262
5700;Totaal over alle leeftijden;Mannen en vrouwen;Lochem;2020;31413;27892;1903;597;1306;1618;871;747;262
5701;Totaal over alle leeftijden;Mannen en vrouwen;Lochem;2021;31249;27687;1921;598;1323;1641;873;768;262
5702;Totaal over alle leeftijden;Mannen en vrouwen;Lochem;2022;31164;27546;1917;600;1317;1701;891;810;262
5703;Totaal over alle leeftijden;Mannen en vrouwen;Lochem;2023;31044;27398;1943;613;1330;1703;891;812;262
5704;Totaal over alle leeftijden;Mannen en vrouwen;Lochem;2024;30929;27276;1950;597;1353;1703;897;806;262
5705;Totaal over alle leeftijden;Mannen en vrouwen;Lochem;2025;30872;27193;1947;600;1347;1732;921;811;262
5706;Totaal over alle leeftijden;Mannen en vrouwen;Loenen;2008;8153;7033;752;267;485;368;194;174;329
5707;Totaal over alle leeftijden;Mannen en vrouwen;Loenen;2009;8130;6996;749;266;483;385;205;180;329
5708;Totaal over alle leeftijden;Mannen en vrouwen;Loenen;2010;8181;7035;755;271;484;391;201;190;329
5709;Totaal over alle leeftijden;Mannen en vrouwen;Loenen;2011;8131;6940;763;282;481;428;208;220;329
5710;Totaal over alle leeftijden;Mannen en vrouwen;Loenen;2012;8077;6891;743;267;476;443;220;223;329
5711;Totaal over alle leeftijden;Mannen en vrouwen;Loenen;2013;8042;6837;756;266;490;449;213;236;329
5712;Totaal over alle leeftijden;Mannen en vrouwen;Loenen;2014;8032;6799;770;277;493;463;216;247;329
5713;Totaal over alle leeftijden;Mannen en vrouwen;Loenen;2015;8009;6760;772;278;494;477;217;260;329
5714;Totaal over alle leeftijden;Mannen en vrouwen;Loenen;2016;7983;6718;768;278;490;497;230;267;329
5715;Totaal over alle leeftijden;Mannen en vrouwen;Loenen;2017;7942;6670;786;282;504;486;232;254;329
5716;Totaal over alle leeftijden;Mannen en vrouwen;Loenen;2018;7883;6599;788;287;501;496;240;256;329
5717;Totaal over alle leeftijden;Mannen en vrouwen;Loenen;2019;7860;6560;788;298;490;512;245;267;329
5718;Totaal over alle leeftijden;Mannen en vrouwen;Loenen;2020;7839;6534;784;294;490;521;258;263;329
5719;Totaal over alle leeftijden;Mannen en vrouwen;Loenen;2021;7791;6485;779;296;483;527;270;257;329
5720;Totaal over alle leeftijden;Mannen en vrouwen;Loenen;2022;7769;6466;778;300;478;525;264;261;329
5721;Totaal over alle leeftijden;Mannen en vrouwen;Loenen;2023;7736;6418;774;289;485;544;266;278;329
5722;Totaal over alle leeftijden;Mannen en vrouwen;Loenen;2024;7713;6378;786;290;496;549;270;279;329
5723;Totaal over alle leeftijden;Mannen en vrouwen;Loenen;2025;7705;6368;783;291;492;554;283;271;329
5724;Totaal over alle leeftijden;Mannen en vrouwen;Loon op Zand;2008;22650;20692;1174;420;754;784;440;344;809
5725;Totaal over alle leeftijden;Mannen en vrouwen;Loon op Zand;2009;22423;20456;1165;412;753;802;453;349;809
5726;Totaal over alle leeftijden;Mannen en vrouwen;Loon op Zand;2010;22252;20263;1155;412;743;834;469;365;809
5727;Totaal over alle leeftijden;Mannen en vrouwen;Loon op Zand;2011;22125;20092;1182;422;760;851;476;375;809
5728;Totaal over alle leeftijden;Mannen en vrouwen;Loon op Zand;2012;22121;20010;1209;445;764;902;498;404;809
5729;Totaal over alle leeftijden;Mannen en vrouwen;Loon op Zand;2013;22070;19899;1212;442;770;959;524;435;809
5730;Totaal over alle leeftijden;Mannen en vrouwen;Loon op Zand;2014;21916;19708;1222;441;781;986;534;452;809
5731;Totaal over alle leeftijden;Mannen en vrouwen;Loon op Zand;2015;21891;19603;1247;457;790;1041;554;487;809
5732;Totaal over alle leeftijden;Mannen en vrouwen;Loon op Zand;2016;21837;19483;1285;478;807;1069;578;491;809
5733;Totaal over alle leeftijden;Mannen en vrouwen;Loon op Zand;2017;21849;19437;1299;474;825;1113;606;507;809
5734;Totaal over alle leeftijden;Mannen en vrouwen;Loon op Zand;2018;21879;19431;1295;469;826;1153;625;528;809
5735;Totaal over alle leeftijden;Mannen en vrouwen;Loon op Zand;2019;21908;19407;1291;467;824;1210;640;570;809
5736;Totaal over alle leeftijden;Mannen en vrouwen;Loon op Zand;2020;21877;19331;1308;478;830;1238;649;589;809
5737;Totaal over alle leeftijden;Mannen en vrouwen;Loon op Zand;2021;21774;19182;1325;497;828;1267;660;607;809
5738;Totaal over alle leeftijden;Mannen en vrouwen;Loon op Zand;2022;21741;19103;1314;486;828;1324;697;627;809
5739;Totaal over alle leeftijden;Mannen en vrouwen;Loon op Zand;2023;21777;19082;1317;483;834;1378;725;653;809
5740;Totaal over alle leeftijden;Mannen en vrouwen;Loon op Zand;2024;21865;19119;1334;509;825;1412;743;669;809
5741;Totaal over alle leeftijden;Mannen en vrouwen;Loon op Zand;2025;21888;19061;1358;518;840;1469;778;691;809
5742;Totaal over alle leeftijden;Mannen en vrouwen;Lopik;2008;13925;12967;460;166;294;498;286;212;331
5743;Totaal over alle leeftijden;Mannen en vrouwen;Lopik;2009;13861;12886;470;166;304;505;294;211;331
5744;Totaal over alle leeftijden;Mannen en vrouwen;Lopik;2010;13808;12783;481;172;309;544;318;226;331
5745;Totaal over alle leeftijden;Mannen en vrouwen;Lopik;2011;13693;12639;486;170;316;568;335;233;331
5746;Totaal over alle leeftijden;Mannen en vrouwen;Lopik;2012;13630;12548;499;175;324;583;341;242;331
5747;Totaal over alle leeftijden;Mannen en vrouwen;Lopik;2013;13592;12458;509;176;333;625;360;265;331
5748;Totaal over alle leeftijden;Mannen en vrouwen;Lopik;2014;13573;12395;525;182;343;653;365;288;331
5749;Totaal over alle leeftijden;Mannen en vrouwen;Lopik;2015;13465;12269;514;185;329;682;372;310;331
5750;Totaal over alle leeftijden;Mannen en vrouwen;Lopik;2016;13366;12120;522;190;332;724;396;328;331
5751;Totaal over alle leeftijden;Mannen en vrouwen;Lopik;2017;13276;12016;519;190;329;741;397;344;331
5752;Totaal over alle leeftijden;Mannen en vrouwen;Lopik;2018;13173;11899;536;206;330;738;398;340;331
5753;Totaal over alle leeftijden;Mannen en vrouwen;Lopik;2019;13187;11876;548;215;333;763;412;351;331
5754;Totaal over alle leeftijden;Mannen en vrouwen;Lopik;2020;13089;11749;555;222;333;785;424;361;331
5755;Totaal over alle leeftijden;Mannen en vrouwen;Lopik;2021;12887;11557;548;214;334;782;424;358;331
5756;Totaal over alle leeftijden;Mannen en vrouwen;Lopik;2022;12803;11439;571;222;349;793;418;375;331
5757;Totaal over alle leeftijden;Mannen en vrouwen;Lopik;2023;12721;11346;565;217;348;810;425;385;331
5758;Totaal over alle leeftijden;Mannen en vrouwen;Lopik;2024;12767;11338;578;214;364;851;447;404;331
5759;Totaal over alle leeftijden;Mannen en vrouwen;Lopik;2025;12749;11279;582;219;363;888;470;418;331
5760;Totaal over alle leeftijden;Mannen en vrouwen;Loppersum;2008;10565;9894;445;157;288;226;132;94;24
5761;Totaal over alle leeftijden;Mannen en vrouwen;Loppersum;2009;10432;9730;446;159;287;256;149;107;24
5762;Totaal over alle leeftijden;Mannen en vrouwen;Loppersum;2010;10331;9612;437;153;284;282;164;118;24
5763;Totaal over alle leeftijden;Mannen en vrouwen;Loppersum;2011;10178;9439;444;159;285;295;173;122;24
5764;Totaal over alle leeftijden;Mannen en vrouwen;Loppersum;2012;10069;9291;443;163;280;335;204;131;24
5765;Totaal over alle leeftijden;Mannen en vrouwen;Loppersum;2013;9958;9157;456;172;284;345;211;134;24
5766;Totaal over alle leeftijden;Mannen en vrouwen;Loppersum;2014;9858;9042;452;167;285;364;225;139;24
5767;Totaal over alle leeftijden;Mannen en vrouwen;Loppersum;2015;9717;8886;469;172;297;362;218;144;24
5768;Totaal over alle leeftijden;Mannen en vrouwen;Loppersum;2016;9627;8780;464;175;289;383;230;153;24
5769;Totaal over alle leeftijden;Mannen en vrouwen;Loppersum;2017;9482;8621;457;169;288;404;237;167;24
5770;Totaal over alle leeftijden;Mannen en vrouwen;Loppersum;2018;9362;8492;445;172;273;425;251;174;24
5771;Totaal over alle leeftijden;Mannen en vrouwen;Loppersum;2019;9224;8378;426;166;260;420;251;169;24
5772;Totaal over alle leeftijden;Mannen en vrouwen;Loppersum;2020;9127;8259;426;168;258;442;261;181;24
5773;Totaal over alle leeftijden;Mannen en vrouwen;Loppersum;2021;9031;8163;421;162;259;447;259;188;24
5774;Totaal over alle leeftijden;Mannen en vrouwen;Loppersum;2022;8940;8067;415;166;249;458;253;205;24
5775;Totaal over alle leeftijden;Mannen en vrouwen;Loppersum;2023;8828;7945;419;170;249;464;249;215;24
5776;Totaal over alle leeftijden;Mannen en vrouwen;Loppersum;2024;8744;7859;411;159;252;474;246;228;24
5777;Totaal over alle leeftijden;Mannen en vrouwen;Loppersum;2025;8639;7761;399;157;242;479;246;233;24
5778;Totaal over alle leeftijden;Mannen en vrouwen;Losser;2008;21789;18621;2618;743;1875;550;334;216;168
5779;Totaal over alle leeftijden;Mannen en vrouwen;Losser;2009;21668;18504;2546;731;1815;618;378;240;168
5780;Totaal over alle leeftijden;Mannen en vrouwen;Losser;2010;21475;18339;2470;700;1770;666;408;258;168
5781;Totaal over alle leeftijden;Mannen en vrouwen;Losser;2011;21457;18319;2401;683;1718;737;449;288;168
5782;Totaal over alle leeftijden;Mannen en vrouwen;Losser;2012;21424;18286;2343;666;1677;795;470;325;168
5783;Totaal over alle leeftijden;Mannen en vrouwen;Losser;2013;21488;18332;2292;653;1639;864;495;369;168
5784;Totaal over alle leeftijden;Mannen en vrouwen;Losser;2014;21455;18299;2238;653;1585;918;525;393;168
5785;Totaal over alle leeftijden;Mannen en vrouwen;Losser;2015;21458;18296;2208;638;1570;954;548;406;168
5786;Totaal over alle leeftijden;Mannen en vrouwen;Losser;2016;21439;18261;2166;634;1532;1012;572;440;168
5787;Totaal over alle leeftijden;Mannen en vrouwen;Losser;2017;21245;18101;2107;621;1486;1037;586;451;168
5788;Totaal over alle leeftijden;Mannen en vrouwen;Losser;2018;21231;18094;2075;613;1462;1062;590;472;168
5789;Totaal over alle leeftijden;Mannen en vrouwen;Losser;2019;21167;18026;2028;602;1426;1113;610;503;168
5790;Totaal over alle leeftijden;Mannen en vrouwen;Losser;2020;21180;18049;1984;594;1390;1147;620;527;168
5791;Totaal over alle leeftijden;Mannen en vrouwen;Losser;2021;21136;18030;1925;580;1345;1181;626;555;168
5792;Totaal over alle leeftijden;Mannen en vrouwen;Losser;2022;21170;18018;1927;601;1326;1225;638;587;168
5793;Totaal over alle leeftijden;Mannen en vrouwen;Losser;2023;21105;17948;1889;596;1293;1268;669;599;168
5794;Totaal over alle leeftijden;Mannen en vrouwen;Losser;2024;21152;17967;1890;607;1283;1295;675;620;168
5795;Totaal over alle leeftijden;Mannen en vrouwen;Losser;2025;21163;17951;1864;605;1259;1348;696;652;168
5796;Totaal over alle leeftijden;Mannen en vrouwen;Maarssen;2008;38889;32115;3268;1184;2084;3506;2010;1496;333
5797;Totaal over alle leeftijden;Mannen en vrouwen;Maarssen;2009;38658;31834;3269;1206;2063;3555;2022;1533;333
5798;Totaal over alle leeftijden;Mannen en vrouwen;Maarssen;2010;38457;31586;3265;1223;2042;3606;2061;1545;333
5799;Totaal over alle leeftijden;Mannen en vrouwen;Maarssen;2011;38277;31390;3261;1247;2014;3626;2045;1581;333
5800;Totaal over alle leeftijden;Mannen en vrouwen;Maarssen;2012;38145;31188;3255;1247;2008;3702;2062;1640;333
5801;Totaal over alle leeftijden;Mannen en vrouwen;Maarssen;2013;38009;31000;3278;1254;2024;3731;2059;1672;333
5802;Totaal over alle leeftijden;Mannen en vrouwen;Maarssen;2014;37863;30781;3281;1276;2005;3801;2067;1734;333
5803;Totaal over alle leeftijden;Mannen en vrouwen;Maarssen;2015;37777;30588;3318;1295;2023;3871;2066;1805;333
5804;Totaal over alle leeftijden;Mannen en vrouwen;Maarssen;2016;37730;30421;3356;1324;2032;3953;2077;1876;333
5805;Totaal over alle leeftijden;Mannen en vrouwen;Maarssen;2017;37680;30277;3365;1349;2016;4038;2095;1943;333
5806;Totaal over alle leeftijden;Mannen en vrouwen;Maarssen;2018;37667;30161;3408;1377;2031;4098;2110;1988;333
5807;Totaal over alle leeftijden;Mannen en vrouwen;Maarssen;2019;37736;30093;3435;1404;2031;4208;2154;2054;333
5808;Totaal over alle leeftijden;Mannen en vrouwen;Maarssen;2020;37745;30024;3444;1412;2032;4277;2189;2088;333
5809;Totaal over alle leeftijden;Mannen en vrouwen;Maarssen;2021;37817;29965;3508;1456;2052;4344;2197;2147;333
5810;Totaal over alle leeftijden;Mannen en vrouwen;Maarssen;2022;37966;29971;3565;1469;2096;4430;2230;2200;333
5811;Totaal over alle leeftijden;Mannen en vrouwen;Maarssen;2023;38135;30017;3596;1478;2118;4522;2227;2295;333
5812;Totaal over alle leeftijden;Mannen en vrouwen;Maarssen;2024;38368;30054;3702;1537;2165;4612;2252;2360;333
5813;Totaal over alle leeftijden;Mannen en vrouwen;Maarssen;2025;38557;30117;3771;1582;2189;4669;2255;2414;333
5814;Totaal over alle leeftijden;Mannen en vrouwen;Maasbree;2008;12933;11821;857;250;607;255;136;119;934
5815;Totaal over alle leeftijden;Mannen en vrouwen;Maasbree;2009;12881;11735;870;264;606;276;150;126;934
5816;Totaal over alle leeftijden;Mannen en vrouwen;Maasbree;2010;12869;11701;867;264;603;301;166;135;934
5817;Totaal over alle leeftijden;Mannen en vrouwen;Maasbree;2011;12825;11609;883;276;607;333;181;152;934
5818;Totaal over alle leeftijden;Mannen en vrouwen;Maasbree;2012;12801;11544;892;281;611;365;192;173;934
5819;Totaal over alle leeftijden;Mannen en vrouwen;Maasbree;2013;12823;11512;925;302;623;386;204;182;934
5820;Totaal over alle leeftijden;Mannen en vrouwen;Maasbree;2014;12836;11467;955;296;659;414;217;197;934
5821;Totaal over alle leeftijden;Mannen en vrouwen;Maasbree;2015;12816;11416;961;304;657;439;232;207;934
5822;Totaal over alle leeftijden;Mannen en vrouwen;Maasbree;2016;12805;11384;962;318;644;459;236;223;934
5823;Totaal over alle leeftijden;Mannen en vrouwen;Maasbree;2017;12816;11374;969;316;653;473;236;237;934
5824;Totaal over alle leeftijden;Mannen en vrouwen;Maasbree;2018;12805;11329;975;325;650;501;242;259;934
5825;Totaal over alle leeftijden;Mannen en vrouwen;Maasbree;2019;12808;11292;985;332;653;531;265;266;934
5826;Totaal over alle leeftijden;Mannen en vrouwen;Maasbree;2020;12831;11290;973;334;639;568;289;279;934
5827;Totaal over alle leeftijden;Mannen en vrouwen;Maasbree;2021;12858;11256;984;333;651;618;323;295;934
5828;Totaal over alle leeftijden;Mannen en vrouwen;Maasbree;2022;12887;11241;1000;348;652;646;337;309;934
5829;Totaal over alle leeftijden;Mannen en vrouwen;Maasbree;2023;12913;11236;997;342;655;680;362;318;934
5830;Totaal over alle leeftijden;Mannen en vrouwen;Maasbree;2024;12930;11216;1003;342;661;711;368;343;934
5831;Totaal over alle leeftijden;Mannen en vrouwen;Maasbree;2025;12982;11209;1032;348;684;741;379;362;934
5832;Totaal over alle leeftijden;Mannen en vrouwen;Maasdonk;2008;11153;10598;344;112;232;211;111;100;1671
5833;Totaal over alle leeftijden;Mannen en vrouwen;Maasdonk;2009;11078;10466;355;113;242;257;134;123;1671
5834;Totaal over alle leeftijden;Mannen en vrouwen;Maasdonk;2010;11008;10374;363;113;250;271;127;144;1671
5835;Totaal over alle leeftijden;Mannen en vrouwen;Maasdonk;2011;10940;10285;376;113;263;279;132;147;1671
5836;Totaal over alle leeftijden;Mannen en vrouwen;Maasdonk;2012;10905;10221;378;118;260;306;134;172;1671
5837;Totaal over alle leeftijden;Mannen en vrouwen;Maasdonk;2013;10858;10133;380;126;254;345;154;191;1671
5838;Totaal over alle leeftijden;Mannen en vrouwen;Maasdonk;2014;10810;10042;385;123;262;383;175;208;1671
5839;Totaal over alle leeftijden;Mannen en vrouwen;Maasdonk;2015;10785;9975;405;137;268;405;178;227;1671
5840;Totaal over alle leeftijden;Mannen en vrouwen;Maasdonk;2016;10826;9972;410;143;267;444;191;253;1671
5841;Totaal over alle leeftijden;Mannen en vrouwen;Maasdonk;2017;10836;9935;431;156;275;470;195;275;1671
5842;Totaal over alle leeftijden;Mannen en vrouwen;Maasdonk;2018;10894;9954;438;157;281;502;209;293;1671
5843;Totaal over alle leeftijden;Mannen en vrouwen;Maasdonk;2019;10886;9907;444;160;284;535;220;315;1671
5844;Totaal over alle leeftijden;Mannen en vrouwen;Maasdonk;2020;10931;9916;454;166;288;561;222;339;1671
5845;Totaal over alle leeftijden;Mannen en vrouwen;Maasdonk;2021;10969;9932;461;167;294;576;232;344;1671
5846;Totaal over alle leeftijden;Mannen en vrouwen;Maasdonk;2022;10962;9877;492;171;321;593;232;361;1671
5847;Totaal over alle leeftijden;Mannen en vrouwen;Maasdonk;2023;11010;9886;504;180;324;620;240;380;1671
5848;Totaal over alle leeftijden;Mannen en vrouwen;Maasdonk;2024;11061;9903;517;193;324;641;249;392;1671
5849;Totaal over alle leeftijden;Mannen en vrouwen;Maasdonk;2025;11108;9909;515;196;319;684;270;414;1671
5850;Totaal over alle leeftijden;Mannen en vrouwen;Maasdriel;2008;23376;21716;1094;413;681;566;331;235;263
5851;Totaal over alle leeftijden;Mannen en vrouwen;Maasdriel;2009;23305;21577;1112;416;696;616;349;267;263
5852;Totaal over alle leeftijden;Mannen en vrouwen;Maasdriel;2010;23259;21468;1128;425;703;663;377;286;263
5853;Totaal over alle leeftijden;Mannen en vrouwen;Maasdriel;2011;23192;21319;1165;432;733;708;398;310;263
5854;Totaal over alle leeftijden;Mannen en vrouwen;Maasdriel;2012;23051;21118;1179;435;744;754;420;334;263
5855;Totaal over alle leeftijden;Mannen en vrouwen;Maasdriel;2013;23103;21102;1210;456;754;791;448;343;263
5856;Totaal over alle leeftijden;Mannen en vrouwen;Maasdriel;2014;22948;20904;1225;467;758;819;462;357;263
5857;Totaal over alle leeftijden;Mannen en vrouwen;Maasdriel;2015;22945;20844;1227;460;767;874;480;394;263
5858;Totaal over alle leeftijden;Mannen en vrouwen;Maasdriel;2016;22826;20688;1222;468;754;916;504;412;263
5859;Totaal over alle leeftijden;Mannen en vrouwen;Maasdriel;2017;22862;20655;1246;477;769;961;512;449;263
5860;Totaal over alle leeftijden;Mannen en vrouwen;Maasdriel;2018;22829;20555;1256;478;778;1018;541;477;263
5861;Totaal over alle leeftijden;Mannen en vrouwen;Maasdriel;2019;22855;20521;1267;489;778;1067;572;495;263
5862;Totaal over alle leeftijden;Mannen en vrouwen;Maasdriel;2020;22765;20380;1280;487;793;1105;590;515;263
5863;Totaal over alle leeftijden;Mannen en vrouwen;Maasdriel;2021;22796;20360;1290;496;794;1146;609;537;263
5864;Totaal over alle leeftijden;Mannen en vrouwen;Maasdriel;2022;22817;20283;1344;525;819;1190;628;562;263
5865;Totaal over alle leeftijden;Mannen en vrouwen;Maasdriel;2023;22784;20202;1339;513;826;1243;655;588;263
5866;Totaal over alle leeftijden;Mannen en vrouwen;Maasdriel;2024;22812;20178;1351;508;843;1283;664;619;263
5867;Totaal over alle leeftijden;Mannen en vrouwen;Maasdriel;2025;22798;20083;1382;517;865;1333;680;653;263
5868;Totaal over alle leeftijden;Mannen en vrouwen;Maasgouw;2008;23829;20637;2675;753;1922;517;344;173;1641
5869;Totaal over alle leeftijden;Mannen en vrouwen;Maasgouw;2009;23610;20395;2643;750;1893;572;360;212;1641
5870;Totaal over alle leeftijden;Mannen en vrouwen;Maasgouw;2010;23361;20138;2595;741;1854;628;379;249;1641
5871;Totaal over alle leeftijden;Mannen en vrouwen;Maasgouw;2011;23159;19896;2565;756;1809;698;413;285;1641
5872;Totaal over alle leeftijden;Mannen en vrouwen;Maasgouw;2012;23028;19724;2541;768;1773;763;445;318;1641
5873;Totaal over alle leeftijden;Mannen en vrouwen;Maasgouw;2013;22825;19498;2533;778;1755;794;464;330;1641
5874;Totaal over alle leeftijden;Mannen en vrouwen;Maasgouw;2014;22735;19372;2522;783;1739;841;469;372;1641
5875;Totaal over alle leeftijden;Mannen en vrouwen;Maasgouw;2015;22640;19218;2547;816;1731;875;474;401;1641
5876;Totaal over alle leeftijden;Mannen en vrouwen;Maasgouw;2016;22491;19051;2516;806;1710;924;493;431;1641
5877;Totaal over alle leeftijden;Mannen en vrouwen;Maasgouw;2017;22373;18886;2509;822;1687;978;515;463;1641
5878;Totaal over alle leeftijden;Mannen en vrouwen;Maasgouw;2018;22191;18694;2491;806;1685;1006;538;468;1641
5879;Totaal over alle leeftijden;Mannen en vrouwen;Maasgouw;2019;22058;18570;2465;813;1652;1023;554;469;1641
5880;Totaal over alle leeftijden;Mannen en vrouwen;Maasgouw;2020;21909;18408;2425;794;1631;1076;572;504;1641
5881;Totaal over alle leeftijden;Mannen en vrouwen;Maasgouw;2021;21739;18234;2374;799;1575;1131;596;535;1641
5882;Totaal over alle leeftijden;Mannen en vrouwen;Maasgouw;2022;21597;18044;2368;803;1565;1185;621;564;1641
5883;Totaal over alle leeftijden;Mannen en vrouwen;Maasgouw;2023;21454;17893;2357;810;1547;1204;615;589;1641
5884;Totaal over alle leeftijden;Mannen en vrouwen;Maasgouw;2024;21326;17762;2345;811;1534;1219;642;577;1641
5885;Totaal over alle leeftijden;Mannen en vrouwen;Maasgouw;2025;21200;17622;2312;809;1503;1266;667;599;1641
5886;Totaal over alle leeftijden;Mannen en vrouwen;Maassluis;2008;31535;24427;2177;854;1323;4931;2724;2207;556
5887;Totaal over alle leeftijden;Mannen en vrouwen;Maassluis;2009;31382;24322;2152;832;1320;4908;2697;2211;556
5888;Totaal over alle leeftijden;Mannen en vrouwen;Maassluis;2010;31357;24326;2157;835;1322;4874;2658;2216;556
5889;Totaal over alle leeftijden;Mannen en vrouwen;Maassluis;2011;31381;24328;2135;831;1304;4918;2650;2268;556
5890;Totaal over alle leeftijden;Mannen en vrouwen;Maassluis;2012;31439;24374;2130;813;1317;4935;2615;2320;556
5891;Totaal over alle leeftijden;Mannen en vrouwen;Maassluis;2013;31638;24522;2146;812;1334;4970;2622;2348;556
5892;Totaal over alle leeftijden;Mannen en vrouwen;Maassluis;2014;31788;24633;2183;831;1352;4972;2614;2358;556
5893;Totaal over alle leeftijden;Mannen en vrouwen;Maassluis;2015;31957;24788;2204;844;1360;4965;2599;2366;556
5894;Totaal over alle leeftijden;Mannen en vrouwen;Maassluis;2016;32176;24940;2240;871;1369;4996;2595;2401;556
5895;Totaal over alle leeftijden;Mannen en vrouwen;Maassluis;2017;32353;25112;2252;872;1380;4989;2616;2373;556
5896;Totaal over alle leeftijden;Mannen en vrouwen;Maassluis;2018;32417;25103;2295;890;1405;5019;2586;2433;556
5897;Totaal over alle leeftijden;Mannen en vrouwen;Maassluis;2019;32665;25310;2331;911;1420;5024;2580;2444;556
5898;Totaal over alle leeftijden;Mannen en vrouwen;Maassluis;2020;32755;25393;2345;911;1434;5017;2588;2429;556
5899;Totaal over alle leeftijden;Mannen en vrouwen;Maassluis;2021;32984;25532;2408;944;1464;5044;2608;2436;556
5900;Totaal over alle leeftijden;Mannen en vrouwen;Maassluis;2022;33073;25609;2426;957;1469;5038;2611;2427;556
5901;Totaal over alle leeftijden;Mannen en vrouwen;Maassluis;2023;33270;25709;2465;950;1515;5096;2642;2454;556
5902;Totaal over alle leeftijden;Mannen en vrouwen;Maassluis;2024;33274;25706;2508;980;1528;5060;2626;2434;556
5903;Totaal over alle leeftijden;Mannen en vrouwen;Maassluis;2025;33373;25720;2561;1000;1561;5092;2643;2449;556
5904;Totaal over alle leeftijden;Mannen en vrouwen;Maastricht;2008;118445;92678;17034;7123;9911;8733;5417;3316;935
5905;Totaal over alle leeftijden;Mannen en vrouwen;Maastricht;2009;117665;92089;16886;7170;9716;8690;5302;3388;935
5906;Totaal over alle leeftijden;Mannen en vrouwen;Maastricht;2010;116997;91562;16705;7193;9512;8730;5226;3504;935
5907;Totaal over alle leeftijden;Mannen en vrouwen;Maastricht;2011;116401;91014;16626;7303;9323;8761;5171;3590;935
5908;Totaal over alle leeftijden;Mannen en vrouwen;Maastricht;2012;115869;90517;16548;7335;9213;8804;5124;3680;935
5909;Totaal over alle leeftijden;Mannen en vrouwen;Maastricht;2013;115383;89995;16479;7433;9046;8909;5079;3830;935
5910;Totaal over alle leeftijden;Mannen en vrouwen;Maastricht;2014;114914;89532;16395;7477;8918;8987;5069;3918;935
5911;Totaal over alle leeftijden;Mannen en vrouwen;Maastricht;2015;114499;89136;16252;7488;8764;9111;5100;4011;935
5912;Totaal over alle leeftijden;Mannen en vrouwen;Maastricht;2016;114081;88776;16179;7503;8676;9126;5063;4063;935
5913;Totaal over alle leeftijden;Mannen en vrouwen;Maastricht;2017;113666;88340;16110;7565;8545;9216;5057;4159;935
5914;Totaal over alle leeftijden;Mannen en vrouwen;Maastricht;2018;113254;87921;16010;7571;8439;9323;5099;4224;935
5915;Totaal over alle leeftijden;Mannen en vrouwen;Maastricht;2019;112916;87573;15943;7583;8360;9400;5106;4294;935
5916;Totaal over alle leeftijden;Mannen en vrouwen;Maastricht;2020;112429;87171;15802;7594;8208;9456;5106;4350;935
5917;Totaal over alle leeftijden;Mannen en vrouwen;Maastricht;2021;112082;86785;15806;7662;8144;9491;5100;4391;935
5918;Totaal over alle leeftijden;Mannen en vrouwen;Maastricht;2022;111700;86385;15722;7669;8053;9593;5143;4450;935
5919;Totaal over alle leeftijden;Mannen en vrouwen;Maastricht;2023;111315;85979;15643;7676;7967;9693;5141;4552;935
5920;Totaal over alle leeftijden;Mannen en vrouwen;Maastricht;2024;110933;85607;15544;7688;7856;9782;5164;4618;935
5921;Totaal over alle leeftijden;Mannen en vrouwen;Maastricht;2025;110521;85164;15490;7710;7780;9867;5202;4665;935
5922;Totaal over alle leeftijden;Mannen en vrouwen;Margraten;2008;13140;11642;1236;419;817;262;152;110;936
5923;Totaal over alle leeftijden;Mannen en vrouwen;Margraten;2009;13018;11490;1230;421;809;298;162;136;936
5924;Totaal over alle leeftijden;Mannen en vrouwen;Margraten;2010;12857;11323;1206;411;795;328;178;150;936
5925;Totaal over alle leeftijden;Mannen en vrouwen;Margraten;2011;12694;11148;1183;414;769;363;194;169;936
5926;Totaal over alle leeftijden;Mannen en vrouwen;Margraten;2012;12576;11016;1178;414;764;382;197;185;936
5927;Totaal over alle leeftijden;Mannen en vrouwen;Margraten;2013;12448;10889;1154;414;740;405;192;213;936
5928;Totaal over alle leeftijden;Mannen en vrouwen;Margraten;2014;12378;10795;1161;424;737;422;208;214;936
5929;Totaal over alle leeftijden;Mannen en vrouwen;Margraten;2015;12287;10681;1178;438;740;428;218;210;936
5930;Totaal over alle leeftijden;Mannen en vrouwen;Margraten;2016;12208;10590;1156;421;735;462;241;221;936
5931;Totaal over alle leeftijden;Mannen en vrouwen;Margraten;2017;12087;10466;1136;421;715;485;244;241;936
5932;Totaal over alle leeftijden;Mannen en vrouwen;Margraten;2018;11976;10361;1136;431;705;479;245;234;936
5933;Totaal over alle leeftijden;Mannen en vrouwen;Margraten;2019;11860;10239;1114;436;678;507;258;249;936
5934;Totaal over alle leeftijden;Mannen en vrouwen;Margraten;2020;11743;10104;1113;428;685;526;262;264;936
5935;Totaal over alle leeftijden;Mannen en vrouwen;Margraten;2021;11665;9990;1123;452;671;552;266;286;936
5936;Totaal over alle leeftijden;Mannen en vrouwen;Margraten;2022;11560;9898;1112;449;663;550;269;281;936
5937;Totaal over alle leeftijden;Mannen en vrouwen;Margraten;2023;11427;9772;1083;444;639;572;273;299;936
5938;Totaal over alle leeftijden;Mannen en vrouwen;Margraten;2024;11319;9650;1078;443;635;591;290;301;936
5939;Totaal over alle leeftijden;Mannen en vrouwen;Margraten;2025;11198;9526;1064;443;621;608;292;316;936
5940;Totaal over alle leeftijden;Mannen en vrouwen;De Marne;2008;10986;10060;563;215;348;363;253;110;1663
5941;Totaal over alle leeftijden;Mannen en vrouwen;De Marne;2009;10910;9977;576;210;366;357;229;128;1663
5942;Totaal over alle leeftijden;Mannen en vrouwen;De Marne;2010;10882;9919;592;207;385;371;233;138;1663
5943;Totaal over alle leeftijden;Mannen en vrouwen;De Marne;2011;10833;9833;611;208;403;389;234;155;1663
5944;Totaal over alle leeftijden;Mannen en vrouwen;De Marne;2012;10863;9819;631;213;418;413;256;157;1663
5945;Totaal over alle leeftijden;Mannen en vrouwen;De Marne;2013;10892;9835;659;228;431;398;235;163;1663
5946;Totaal over alle leeftijden;Mannen en vrouwen;De Marne;2014;10882;9786;682;221;461;414;247;167;1663
5947;Totaal over alle leeftijden;Mannen en vrouwen;De Marne;2015;10876;9757;694;219;475;425;248;177;1663
5948;Totaal over alle leeftijden;Mannen en vrouwen;De Marne;2016;10909;9769;702;213;489;438;253;185;1663
5949;Totaal over alle leeftijden;Mannen en vrouwen;De Marne;2017;10850;9694;721;208;513;435;244;191;1663
5950;Totaal over alle leeftijden;Mannen en vrouwen;De Marne;2018;10773;9599;727;204;523;447;247;200;1663
5951;Totaal over alle leeftijden;Mannen en vrouwen;De Marne;2019;10731;9558;726;214;512;447;253;194;1663
5952;Totaal over alle leeftijden;Mannen en vrouwen;De Marne;2020;10701;9485;750;218;532;466;257;209;1663
5953;Totaal over alle leeftijden;Mannen en vrouwen;De Marne;2021;10678;9458;757;224;533;463;259;204;1663
5954;Totaal over alle leeftijden;Mannen en vrouwen;De Marne;2022;10617;9374;779;237;542;464;258;206;1663
5955;Totaal over alle leeftijden;Mannen en vrouwen;De Marne;2023;10548;9296;780;229;551;472;256;216;1663
5956;Totaal over alle leeftijden;Mannen en vrouwen;De Marne;2024;10465;9204;781;233;548;480;261;219;1663
5957;Totaal over alle leeftijden;Mannen en vrouwen;De Marne;2025;10393;9117;779;236;543;497;267;230;1663
5958;Totaal over alle leeftijden;Mannen en vrouwen;Marum;2008;9955;9329;434;161;273;192;100;92;25
5959;Totaal over alle leeftijden;Mannen en vrouwen;Marum;2009;9963;9322;425;162;263;216;109;107;25
5960;Totaal over alle leeftijden;Mannen en vrouwen;Marum;2010;9933;9256;436;170;266;241;128;113;25
5961;Totaal over alle leeftijden;Mannen en vrouwen;Marum;2011;9908;9227;437;172;265;244;131;113;25
5962;Totaal over alle leeftijden;Mannen en vrouwen;Marum;2012;9883;9197;435;168;267;251;136;115;25
5963;Totaal over alle leeftijden;Mannen en vrouwen;Marum;2013;9818;9122;427;165;262;269;145;124;25
5964;Totaal over alle leeftijden;Mannen en vrouwen;Marum;2014;9740;9021;416;160;256;303;162;141;25
5965;Totaal over alle leeftijden;Mannen en vrouwen;Marum;2015;9701;8977;426;166;260;298;159;139;25
5966;Totaal over alle leeftijden;Mannen en vrouwen;Marum;2016;9671;8927;430;169;261;314;164;150;25
5967;Totaal over alle leeftijden;Mannen en vrouwen;Marum;2017;9628;8865;426;164;262;337;179;158;25
5968;Totaal over alle leeftijden;Mannen en vrouwen;Marum;2018;9586;8801;436;177;259;349;188;161;25
5969;Totaal over alle leeftijden;Mannen en vrouwen;Marum;2019;9525;8737;433;171;262;355;184;171;25
5970;Totaal over alle leeftijden;Mannen en vrouwen;Marum;2020;9506;8695;449;171;278;362;201;161;25
5971;Totaal over alle leeftijden;Mannen en vrouwen;Marum;2021;9525;8700;458;177;281;367;205;162;25
5972;Totaal over alle leeftijden;Mannen en vrouwen;Marum;2022;9488;8660;458;178;280;370;209;161;25
5973;Totaal over alle leeftijden;Mannen en vrouwen;Marum;2023;9435;8593;468;182;286;374;206;168;25
5974;Totaal over alle leeftijden;Mannen en vrouwen;Marum;2024;9380;8539;454;176;278;387;212;175;25
5975;Totaal over alle leeftijden;Mannen en vrouwen;Marum;2025;9323;8468;457;177;280;398;216;182;25
5976;Totaal over alle leeftijden;Mannen en vrouwen;Medemblik;2008;26855;24175;1478;546;932;1202;714;488;420
5977;Totaal over alle leeftijden;Mannen en vrouwen;Medemblik;2009;26978;24205;1512;567;945;1261;729;532;420
5978;Totaal over alle leeftijden;Mannen en vrouwen;Medemblik;2010;26917;24101;1533;564;969;1283;746;537;420
5979;Totaal over alle leeftijden;Mannen en vrouwen;Medemblik;2011;26980;24113;1558;563;995;1309;761;548;420
5980;Totaal over alle leeftijden;Mannen en vrouwen;Medemblik;2012;26992;24034;1589;570;1019;1369;779;590;420
5981;Totaal over alle leeftijden;Mannen en vrouwen;Medemblik;2013;27027;24031;1611;573;1038;1385;778;607;420
5982;Totaal over alle leeftijden;Mannen en vrouwen;Medemblik;2014;26919;23876;1633;586;1047;1410;783;627;420
5983;Totaal over alle leeftijden;Mannen en vrouwen;Medemblik;2015;26976;23890;1645;593;1052;1441;775;666;420
5984;Totaal over alle leeftijden;Mannen en vrouwen;Medemblik;2016;27090;23934;1665;613;1052;1491;802;689;420
5985;Totaal over alle leeftijden;Mannen en vrouwen;Medemblik;2017;27103;23919;1645;617;1028;1539;809;730;420
5986;Totaal over alle leeftijden;Mannen en vrouwen;Medemblik;2018;27108;23866;1678;630;1048;1564;821;743;420
5987;Totaal over alle leeftijden;Mannen en vrouwen;Medemblik;2019;27223;23891;1711;643;1068;1621;841;780;420
5988;Totaal over alle leeftijden;Mannen en vrouwen;Medemblik;2020;27307;23944;1734;657;1077;1629;843;786;420
5989;Totaal over alle leeftijden;Mannen en vrouwen;Medemblik;2021;27469;24066;1752;671;1081;1651;855;796;420
5990;Totaal over alle leeftijden;Mannen en vrouwen;Medemblik;2022;27518;24054;1781;690;1091;1683;872;811;420
5991;Totaal over alle leeftijden;Mannen en vrouwen;Medemblik;2023;27577;24059;1802;713;1089;1716;897;819;420
5992;Totaal over alle leeftijden;Mannen en vrouwen;Medemblik;2024;27648;24080;1827;706;1121;1741;924;817;420
5993;Totaal over alle leeftijden;Mannen en vrouwen;Medemblik;2025;27572;23989;1852;718;1134;1731;921;810;420
5994;Totaal over alle leeftijden;Mannen en vrouwen;Meerlo-Wanssum;2008;7604;6995;474;139;335;135;94;41;993
5995;Totaal over alle leeftijden;Mannen en vrouwen;Meerlo-Wanssum;2009;7593;6943;487;148;339;163;109;54;993
5996;Totaal over alle leeftijden;Mannen en vrouwen;Meerlo-Wanssum;2010;7516;6849;487;147;340;180;118;62;993
5997;Totaal over alle leeftijden;Mannen en vrouwen;Meerlo-Wanssum;2011;7533;6815;513;154;359;205;130;75;993
5998;Totaal over alle leeftijden;Mannen en vrouwen;Meerlo-Wanssum;2012;7514;6753;533;159;374;228;137;91;993
5999;Totaal over alle leeftijden;Mannen en vrouwen;Meerlo-Wanssum;2013;7524;6734;540;161;379;250;148;102;993
6000;Totaal over alle leeftijden;Mannen en vrouwen;Meerlo-Wanssum;2014;7533;6707;554;176;378;272;157;115;993
6001;Totaal over alle leeftijden;Mannen en vrouwen;Meerlo-Wanssum;2015;7515;6673;547;172;375;295;171;124;993
6002;Totaal over alle leeftijden;Mannen en vrouwen;Meerlo-Wanssum;2016;7471;6616;542;172;370;313;193;120;993
6003;Totaal over alle leeftijden;Mannen en vrouwen;Meerlo-Wanssum;2017;7463;6594;553;182;371;316;191;125;993
6004;Totaal over alle leeftijden;Mannen en vrouwen;Meerlo-Wanssum;2018;7457;6550;560;186;374;347;206;141;993
6005;Totaal over alle leeftijden;Mannen en vrouwen;Meerlo-Wanssum;2019;7424;6478;578;194;384;368;215;153;993
6006;Totaal over alle leeftijden;Mannen en vrouwen;Meerlo-Wanssum;2020;7389;6428;585;197;388;376;205;171;993
6007;Totaal over alle leeftijden;Mannen en vrouwen;Meerlo-Wanssum;2021;7405;6421;584;194;390;400;214;186;993
6008;Totaal over alle leeftijden;Mannen en vrouwen;Meerlo-Wanssum;2022;7377;6396;581;195;386;400;213;187;993
6009;Totaal over alle leeftijden;Mannen en vrouwen;Meerlo-Wanssum;2023;7390;6401;571;190;381;418;236;182;993
6010;Totaal over alle leeftijden;Mannen en vrouwen;Meerlo-Wanssum;2024;7368;6358;593;198;395;417;225;192;993
6011;Totaal over alle leeftijden;Mannen en vrouwen;Meerlo-Wanssum;2025;7366;6333;597;201;396;436;235;201;993
6012;Totaal over alle leeftijden;Mannen en vrouwen;Meerssen;2008;19526;17244;1759;531;1228;523;298;225;938
6013;Totaal over alle leeftijden;Mannen en vrouwen;Meerssen;2009;19364;17051;1741;532;1209;572;327;245;938
6014;Totaal over alle leeftijden;Mannen en vrouwen;Meerssen;2010;19233;16842;1745;560;1185;646;364;282;938
6015;Totaal over alle leeftijden;Mannen en vrouwen;Meerssen;2011;19139;16678;1773;593;1180;688;378;310;938
6016;Totaal over alle leeftijden;Mannen en vrouwen;Meerssen;2012;19037;16507;1809;611;1198;721;387;334;938
6017;Totaal over alle leeftijden;Mannen en vrouwen;Meerssen;2013;18968;16390;1805;618;1187;773;404;369;938
6018;Totaal over alle leeftijden;Mannen en vrouwen;Meerssen;2014;18909;16310;1800;624;1176;799;403;396;938
6019;Totaal over alle leeftijden;Mannen en vrouwen;Meerssen;2015;18768;16170;1792;628;1164;806;404;402;938
6020;Totaal over alle leeftijden;Mannen en vrouwen;Meerssen;2016;18716;16082;1785;639;1146;849;424;425;938
6021;Totaal over alle leeftijden;Mannen en vrouwen;Meerssen;2017;18624;15966;1772;639;1133;886;434;452;938
6022;Totaal over alle leeftijden;Mannen en vrouwen;Meerssen;2018;18518;15816;1785;663;1122;917;449;468;938
6023;Totaal over alle leeftijden;Mannen en vrouwen;Meerssen;2019;18450;15726;1779;659;1120;945;457;488;938
6024;Totaal over alle leeftijden;Mannen en vrouwen;Meerssen;2020;18410;15637;1801;658;1143;972;486;486;938
6025;Totaal over alle leeftijden;Mannen en vrouwen;Meerssen;2021;18364;15538;1796;658;1138;1030;500;530;938
6026;Totaal over alle leeftijden;Mannen en vrouwen;Meerssen;2022;18299;15462;1785;643;1142;1052;515;537;938
6027;Totaal over alle leeftijden;Mannen en vrouwen;Meerssen;2023;18170;15295;1782;651;1131;1093;534;559;938
6028;Totaal over alle leeftijden;Mannen en vrouwen;Meerssen;2024;18134;15224;1784;655;1129;1126;556;570;938
6029;Totaal over alle leeftijden;Mannen en vrouwen;Meerssen;2025;18090;15166;1763;659;1104;1161;560;601;938
6030;Totaal over alle leeftijden;Mannen en vrouwen;Meijel;2008;5771;5441;230;62;168;100;60;40;941
6031;Totaal over alle leeftijden;Mannen en vrouwen;Meijel;2009;5696;5341;238;66;172;117;71;46;941
6032;Totaal over alle leeftijden;Mannen en vrouwen;Meijel;2010;5693;5319;247;72;175;127;78;49;941
6033;Totaal over alle leeftijden;Mannen en vrouwen;Meijel;2011;5680;5290;252;77;175;138;87;51;941
6034;Totaal over alle leeftijden;Mannen en vrouwen;Meijel;2012;5672;5267;253;78;175;152;94;58;941
6035;Totaal over alle leeftijden;Mannen en vrouwen;Meijel;2013;5689;5261;251;81;170;177;103;74;941
6036;Totaal over alle leeftijden;Mannen en vrouwen;Meijel;2014;5653;5219;250;79;171;184;109;75;941
6037;Totaal over alle leeftijden;Mannen en vrouwen;Meijel;2015;5696;5231;254;85;169;211;121;90;941
6038;Totaal over alle leeftijden;Mannen en vrouwen;Meijel;2016;5676;5176;270;94;176;230;129;101;941
6039;Totaal over alle leeftijden;Mannen en vrouwen;Meijel;2017;5703;5180;278;96;182;245;140;105;941
6040;Totaal over alle leeftijden;Mannen en vrouwen;Meijel;2018;5721;5178;289;103;186;254;139;115;941
6041;Totaal over alle leeftijden;Mannen en vrouwen;Meijel;2019;5746;5194;289;101;188;263;146;117;941
6042;Totaal over alle leeftijden;Mannen en vrouwen;Meijel;2020;5718;5168;278;94;184;272;150;122;941
6043;Totaal over alle leeftijden;Mannen en vrouwen;Meijel;2021;5747;5176;283;96;187;288;158;130;941
6044;Totaal over alle leeftijden;Mannen en vrouwen;Meijel;2022;5780;5191;285;105;180;304;170;134;941
6045;Totaal over alle leeftijden;Mannen en vrouwen;Meijel;2023;5773;5154;298;112;186;321;184;137;941
6046;Totaal over alle leeftijden;Mannen en vrouwen;Meijel;2024;5778;5151;296;112;184;331;186;145;941
6047;Totaal over alle leeftijden;Mannen en vrouwen;Meijel;2025;5800;5138;308;116;192;354;201;153;941
6048;Totaal over alle leeftijden;Mannen en vrouwen;Menaldumadeel;2008;13854;13167;459;127;332;228;143;85;83
6049;Totaal over alle leeftijden;Mannen en vrouwen;Menaldumadeel;2009;13767;13043;462;136;326;262;157;105;83
6050;Totaal over alle leeftijden;Mannen en vrouwen;Menaldumadeel;2010;13734;12983;462;137;325;289;171;118;83
6051;Totaal over alle leeftijden;Mannen en vrouwen;Menaldumadeel;2011;13690;12901;466;137;329;323;183;140;83
6052;Totaal over alle leeftijden;Mannen en vrouwen;Menaldumadeel;2012;13731;12906;459;135;324;366;205;161;83
6053;Totaal over alle leeftijden;Mannen en vrouwen;Menaldumadeel;2013;13744;12891;468;140;328;385;216;169;83
6054;Totaal over alle leeftijden;Mannen en vrouwen;Menaldumadeel;2014;13647;12772;477;144;333;398;216;182;83
6055;Totaal over alle leeftijden;Mannen en vrouwen;Menaldumadeel;2015;13617;12708;480;152;328;429;246;183;83
6056;Totaal over alle leeftijden;Mannen en vrouwen;Menaldumadeel;2016;13584;12646;480;162;318;458;256;202;83
6057;Totaal over alle leeftijden;Mannen en vrouwen;Menaldumadeel;2017;13525;12557;479;160;319;489;273;216;83
6058;Totaal over alle leeftijden;Mannen en vrouwen;Menaldumadeel;2018;13545;12545;496;166;330;504;281;223;83
6059;Totaal over alle leeftijden;Mannen en vrouwen;Menaldumadeel;2019;13465;12424;503;165;338;538;302;236;83
6060;Totaal over alle leeftijden;Mannen en vrouwen;Menaldumadeel;2020;13415;12335;508;167;341;572;304;268;83
6061;Totaal over alle leeftijden;Mannen en vrouwen;Menaldumadeel;2021;13366;12270;512;164;348;584;306;278;83
6062;Totaal over alle leeftijden;Mannen en vrouwen;Menaldumadeel;2022;13324;12195;521;172;349;608;310;298;83
6063;Totaal over alle leeftijden;Mannen en vrouwen;Menaldumadeel;2023;13295;12151;528;168;360;616;311;305;83
6064;Totaal over alle leeftijden;Mannen en vrouwen;Menaldumadeel;2024;13223;12046;538;175;363;639;321;318;83
6065;Totaal over alle leeftijden;Mannen en vrouwen;Menaldumadeel;2025;13152;11945;549;179;370;658;327;331;83
6066;Totaal over alle leeftijden;Mannen en vrouwen;Menterwolde;2008;11951;11167;490;171;319;294;170;124;1987
6067;Totaal over alle leeftijden;Mannen en vrouwen;Menterwolde;2009;11542;10747;482;170;312;313;178;135;1987
6068;Totaal over alle leeftijden;Mannen en vrouwen;Menterwolde;2010;11148;10351;459;160;299;338;200;138;1987
6069;Totaal over alle leeftijden;Mannen en vrouwen;Menterwolde;2011;10800;10012;446;152;294;342;209;133;1987
6070;Totaal over alle leeftijden;Mannen en vrouwen;Menterwolde;2012;10441;9683;415;142;273;343;207;136;1987
6071;Totaal over alle leeftijden;Mannen en vrouwen;Menterwolde;2013;10155;9354;414;145;269;387;234;153;1987
6072;Totaal over alle leeftijden;Mannen en vrouwen;Menterwolde;2014;9885;9061;404;148;256;420;253;167;1987
6073;Totaal over alle leeftijden;Mannen en vrouwen;Menterwolde;2015;9568;8748;390;144;246;430;261;169;1987
6074;Totaal over alle leeftijden;Mannen en vrouwen;Menterwolde;2016;9283;8442;387;144;243;454;274;180;1987
6075;Totaal over alle leeftijden;Mannen en vrouwen;Menterwolde;2017;8988;8138;382;145;237;468;278;190;1987
6076;Totaal over alle leeftijden;Mannen en vrouwen;Menterwolde;2018;8744;7891;369;141;228;484;290;194;1987
6077;Totaal over alle leeftijden;Mannen en vrouwen;Menterwolde;2019;8447;7604;365;140;225;478;276;202;1987
6078;Totaal over alle leeftijden;Mannen en vrouwen;Menterwolde;2020;8208;7367;355;138;217;486;277;209;1987
6079;Totaal over alle leeftijden;Mannen en vrouwen;Menterwolde;2021;7915;7075;339;125;214;501;285;216;1987
6080;Totaal over alle leeftijden;Mannen en vrouwen;Menterwolde;2022;7734;6911;340;121;219;483;291;192;1987
6081;Totaal over alle leeftijden;Mannen en vrouwen;Menterwolde;2023;7513;6679;325;117;208;509;312;197;1987
6082;Totaal over alle leeftijden;Mannen en vrouwen;Menterwolde;2024;7309;6493;314;114;200;502;306;196;1987
6083;Totaal over alle leeftijden;Mannen en vrouwen;Menterwolde;2025;7041;6238;307;115;192;496;310;186;1987
6084;Totaal over alle leeftijden;Mannen en vrouwen;Meppel;2008;31351;28194;1577;553;1024;1580;906;674;119
6085;Totaal over alle leeftijden;Mannen en vrouwen;Meppel;2009;31709;28548;1585;541;1044;1576;911;665;119
6086;Totaal over alle leeftijden;Mannen en vrouwen;Meppel;2010;32041;28871;1579;537;1042;1591;912;679;119
6087;Totaal over alle leeftijden;Mannen en vrouwen;Meppel;2011;32255;29065;1572;533;1039;1618;927;691;119
6088;Totaal over alle leeftijden;Mannen en vrouwen;Meppel;2012;32556;29327;1572;528;1044;1657;948;709;119
6089;Totaal over alle leeftijden;Mannen en vrouwen;Meppel;2013;32850;29568;1577;531;1046;1705;970;735;119
6090;Totaal over alle leeftijden;Mannen en vrouwen;Meppel;2014;33138;29776;1587;535;1052;1775;1015;760;119
6091;Totaal over alle leeftijden;Mannen en vrouwen;Meppel;2015;33381;29977;1604;540;1064;1800;1023;777;119
6092;Totaal over alle leeftijden;Mannen en vrouwen;Meppel;2016;33632;30187;1611;530;1081;1834;1054;780;119
6093;Totaal over alle leeftijden;Mannen en vrouwen;Meppel;2017;33907;30412;1623;536;1087;1872;1079;793;119
6094;Totaal over alle leeftijden;Mannen en vrouwen;Meppel;2018;34094;30583;1630;541;1089;1881;1086;795;119
6095;Totaal over alle leeftijden;Mannen en vrouwen;Meppel;2019;34313;30804;1627;549;1078;1882;1089;793;119
6096;Totaal over alle leeftijden;Mannen en vrouwen;Meppel;2020;34519;31002;1625;539;1086;1892;1072;820;119
6097;Totaal over alle leeftijden;Mannen en vrouwen;Meppel;2021;34748;31155;1648;547;1101;1945;1088;857;119
6098;Totaal over alle leeftijden;Mannen en vrouwen;Meppel;2022;34990;31370;1656;555;1101;1964;1089;875;119
6099;Totaal over alle leeftijden;Mannen en vrouwen;Meppel;2023;35130;31474;1668;564;1104;1988;1098;890;119
6100;Totaal over alle leeftijden;Mannen en vrouwen;Meppel;2024;35235;31585;1658;563;1095;1992;1099;893;119
6101;Totaal over alle leeftijden;Mannen en vrouwen;Meppel;2025;35416;31739;1672;567;1105;2005;1123;882;119
6102;Totaal over alle leeftijden;Mannen en vrouwen;Middelburg (Z.);2008;47748;39761;4353;1873;2480;3634;2101;1533;687
6103;Totaal over alle leeftijden;Mannen en vrouwen;Middelburg (Z.);2009;48148;39959;4409;1891;2518;3780;2144;1636;687
6104;Totaal over alle leeftijden;Mannen en vrouwen;Middelburg (Z.);2010;48574;40196;4469;1938;2531;3909;2205;1704;687
6105;Totaal over alle leeftijden;Mannen en vrouwen;Middelburg (Z.);2011;49036;40489;4523;1964;2559;4024;2225;1799;687
6106;Totaal over alle leeftijden;Mannen en vrouwen;Middelburg (Z.);2012;49418;40702;4603;2004;2599;4113;2254;1859;687
6107;Totaal over alle leeftijden;Mannen en vrouwen;Middelburg (Z.);2013;49901;40962;4712;2058;2654;4227;2286;1941;687
6108;Totaal over alle leeftijden;Mannen en vrouwen;Middelburg (Z.);2014;50350;41198;4793;2092;2701;4359;2319;2040;687
6109;Totaal over alle leeftijden;Mannen en vrouwen;Middelburg (Z.);2015;50706;41397;4872;2138;2734;4437;2346;2091;687
6110;Totaal over alle leeftijden;Mannen en vrouwen;Middelburg (Z.);2016;51059;41568;4940;2177;2763;4551;2394;2157;687
6111;Totaal over alle leeftijden;Mannen en vrouwen;Middelburg (Z.);2017;51381;41704;5014;2192;2822;4663;2481;2182;687
6112;Totaal over alle leeftijden;Mannen en vrouwen;Middelburg (Z.);2018;51731;41881;5098;2243;2855;4752;2525;2227;687
6113;Totaal over alle leeftijden;Mannen en vrouwen;Middelburg (Z.);2019;52083;42070;5170;2281;2889;4843;2542;2301;687
6114;Totaal over alle leeftijden;Mannen en vrouwen;Middelburg (Z.);2020;52565;42330;5249;2327;2922;4986;2604;2382;687
6115;Totaal over alle leeftijden;Mannen en vrouwen;Middelburg (Z.);2021;52915;42553;5261;2337;2924;5101;2663;2438;687
6116;Totaal over alle leeftijden;Mannen en vrouwen;Middelburg (Z.);2022;53251;42744;5319;2362;2957;5188;2690;2498;687
6117;Totaal over alle leeftijden;Mannen en vrouwen;Middelburg (Z.);2023;53624;42988;5357;2385;2972;5279;2745;2534;687
6118;Totaal over alle leeftijden;Mannen en vrouwen;Middelburg (Z.);2024;53962;43117;5433;2410;3023;5412;2812;2600;687
6119;Totaal over alle leeftijden;Mannen en vrouwen;Middelburg (Z.);2025;54282;43286;5486;2451;3035;5510;2846;2664;687
6120;Totaal over alle leeftijden;Mannen en vrouwen;Middelharnis;2008;17488;16429;674;242;432;385;232;153;559
6121;Totaal over alle leeftijden;Mannen en vrouwen;Middelharnis;2009;17475;16341;697;253;444;437;251;186;559
6122;Totaal over alle leeftijden;Mannen en vrouwen;Middelharnis;2010;17502;16297;719;263;456;486;279;207;559
6123;Totaal over alle leeftijden;Mannen en vrouwen;Middelharnis;2011;17424;16171;738;269;469;515;295;220;559
6124;Totaal over alle leeftijden;Mannen en vrouwen;Middelharnis;2012;17312;16027;751;269;482;534;306;228;559
6125;Totaal over alle leeftijden;Mannen en vrouwen;Middelharnis;2013;17241;15911;759;259;500;571;321;250;559
6126;Totaal over alle leeftijden;Mannen en vrouwen;Middelharnis;2014;17242;15851;768;258;510;623;339;284;559
6127;Totaal over alle leeftijden;Mannen en vrouwen;Middelharnis;2015;17214;15764;784;255;529;666;346;320;559
6128;Totaal over alle leeftijden;Mannen en vrouwen;Middelharnis;2016;17203;15697;795;254;541;711;364;347;559
6129;Totaal over alle leeftijden;Mannen en vrouwen;Middelharnis;2017;17091;15542;816;268;548;733;381;352;559
6130;Totaal over alle leeftijden;Mannen en vrouwen;Middelharnis;2018;17042;15451;840;276;564;751;380;371;559
6131;Totaal over alle leeftijden;Mannen en vrouwen;Middelharnis;2019;17050;15417;854;283;571;779;395;384;559
6132;Totaal over alle leeftijden;Mannen en vrouwen;Middelharnis;2020;17144;15457;887;302;585;800;400;400;559
6133;Totaal over alle leeftijden;Mannen en vrouwen;Middelharnis;2021;17038;15349;880;302;578;809;415;394;559
6134;Totaal over alle leeftijden;Mannen en vrouwen;Middelharnis;2022;17108;15381;893;304;589;834;421;413;559
6135;Totaal over alle leeftijden;Mannen en vrouwen;Middelharnis;2023;17072;15318;907;309;598;847;419;428;559
6136;Totaal over alle leeftijden;Mannen en vrouwen;Middelharnis;2024;17153;15327;925;319;606;901;446;455;559
6137;Totaal over alle leeftijden;Mannen en vrouwen;Middelharnis;2025;17179;15293;948;328;620;938;454;484;559
6138;Totaal over alle leeftijden;Mannen en vrouwen;Midden-Delfland;2008;17716;16205;883;282;601;628;339;289;1842
6139;Totaal over alle leeftijden;Mannen en vrouwen;Midden-Delfland;2009;17798;16207;902;292;610;689;374;315;1842
6140;Totaal over alle leeftijden;Mannen en vrouwen;Midden-Delfland;2010;17839;16144;933;304;629;762;407;355;1842
6141;Totaal over alle leeftijden;Mannen en vrouwen;Midden-Delfland;2011;17813;16052;930;300;630;831;437;394;1842
6142;Totaal over alle leeftijden;Mannen en vrouwen;Midden-Delfland;2012;17784;15985;912;294;618;887;450;437;1842
6143;Totaal over alle leeftijden;Mannen en vrouwen;Midden-Delfland;2013;17737;15890;898;301;597;949;475;474;1842
6144;Totaal over alle leeftijden;Mannen en vrouwen;Midden-Delfland;2014;17799;15914;899;301;598;986;486;500;1842
6145;Totaal over alle leeftijden;Mannen en vrouwen;Midden-Delfland;2015;17775;15846;900;299;601;1029;494;535;1842
6146;Totaal over alle leeftijden;Mannen en vrouwen;Midden-Delfland;2016;17671;15667;910;302;608;1094;516;578;1842
6147;Totaal over alle leeftijden;Mannen en vrouwen;Midden-Delfland;2017;17630;15569;930;312;618;1131;520;611;1842
6148;Totaal over alle leeftijden;Mannen en vrouwen;Midden-Delfland;2018;17581;15468;950;316;634;1163;541;622;1842
6149;Totaal over alle leeftijden;Mannen en vrouwen;Midden-Delfland;2019;17564;15388;968;330;638;1208;567;641;1842
6150;Totaal over alle leeftijden;Mannen en vrouwen;Midden-Delfland;2020;17582;15350;979;332;647;1253;596;657;1842
6151;Totaal over alle leeftijden;Mannen en vrouwen;Midden-Delfland;2021;17602;15331;986;336;650;1285;621;664;1842
6152;Totaal over alle leeftijden;Mannen en vrouwen;Midden-Delfland;2022;17582;15243;1022;354;668;1317;642;675;1842
6153;Totaal over alle leeftijden;Mannen en vrouwen;Midden-Delfland;2023;17520;15122;1042;367;675;1356;659;697;1842
6154;Totaal over alle leeftijden;Mannen en vrouwen;Midden-Delfland;2024;17484;15036;1057;369;688;1391;668;723;1842
6155;Totaal over alle leeftijden;Mannen en vrouwen;Midden-Delfland;2025;17531;15035;1082;378;704;1414;686;728;1842
6156;Totaal over alle leeftijden;Mannen en vrouwen;Midden-Drenthe;2008;33830;31647;1482;517;965;701;410;291;1731
6157;Totaal over alle leeftijden;Mannen en vrouwen;Midden-Drenthe;2009;33737;31498;1486;504;982;753;454;299;1731
6158;Totaal over alle leeftijden;Mannen en vrouwen;Midden-Drenthe;2010;33798;31440;1496;510;986;862;511;351;1731
6159;Totaal over alle leeftijden;Mannen en vrouwen;Midden-Drenthe;2011;33618;31165;1503;504;999;950;553;397;1731
6160;Totaal over alle leeftijden;Mannen en vrouwen;Midden-Drenthe;2012;33539;30968;1534;513;1021;1037;585;452;1731
6161;Totaal over alle leeftijden;Mannen en vrouwen;Midden-Drenthe;2013;33495;30823;1531;511;1020;1141;640;501;1731
6162;Totaal over alle leeftijden;Mannen en vrouwen;Midden-Drenthe;2014;33375;30617;1545;516;1029;1213;675;538;1731
6163;Totaal over alle leeftijden;Mannen en vrouwen;Midden-Drenthe;2015;33182;30366;1548;516;1032;1268;702;566;1731
6164;Totaal over alle leeftijden;Mannen en vrouwen;Midden-Drenthe;2016;33013;30139;1533;493;1040;1341;735;606;1731
6165;Totaal over alle leeftijden;Mannen en vrouwen;Midden-Drenthe;2017;32914;29952;1544;490;1054;1418;772;646;1731
6166;Totaal over alle leeftijden;Mannen en vrouwen;Midden-Drenthe;2018;32771;29759;1520;477;1043;1492;820;672;1731
6167;Totaal over alle leeftijden;Mannen en vrouwen;Midden-Drenthe;2019;32679;29584;1546;492;1054;1549;853;696;1731
6168;Totaal over alle leeftijden;Mannen en vrouwen;Midden-Drenthe;2020;32636;29478;1537;497;1040;1621;875;746;1731
6169;Totaal over alle leeftijden;Mannen en vrouwen;Midden-Drenthe;2021;32682;29430;1544;500;1044;1708;909;799;1731
6170;Totaal over alle leeftijden;Mannen en vrouwen;Midden-Drenthe;2022;32525;29196;1545;499;1046;1784;934;850;1731
6171;Totaal over alle leeftijden;Mannen en vrouwen;Midden-Drenthe;2023;32381;28976;1542;487;1055;1863;974;889;1731
6172;Totaal over alle leeftijden;Mannen en vrouwen;Midden-Drenthe;2024;32315;28834;1547;486;1061;1934;990;944;1731
6173;Totaal over alle leeftijden;Mannen en vrouwen;Midden-Drenthe;2025;32352;28809;1549;493;1056;1994;1011;983;1731
6174;Totaal over alle leeftijden;Mannen en vrouwen;Mill en Sint Hubert;2008;10761;10207;383;101;282;171;94;77;815
6175;Totaal over alle leeftijden;Mannen en vrouwen;Mill en Sint Hubert;2009;10766;10172;387;105;282;207;112;95;815
6176;Totaal over alle leeftijden;Mannen en vrouwen;Mill en Sint Hubert;2010;10694;10075;395;108;287;224;116;108;815
6177;Totaal over alle leeftijden;Mannen en vrouwen;Mill en Sint Hubert;2011;10621;9955;404;107;297;262;135;127;815
6178;Totaal over alle leeftijden;Mannen en vrouwen;Mill en Sint Hubert;2012;10512;9837;406;107;299;269;136;133;815
6179;Totaal over alle leeftijden;Mannen en vrouwen;Mill en Sint Hubert;2013;10538;9813;415;119;296;310;152;158;815
6180;Totaal over alle leeftijden;Mannen en vrouwen;Mill en Sint Hubert;2014;10537;9792;430;131;299;315;159;156;815
6181;Totaal over alle leeftijden;Mannen en vrouwen;Mill en Sint Hubert;2015;10536;9746;447;144;303;343;171;172;815
6182;Totaal over alle leeftijden;Mannen en vrouwen;Mill en Sint Hubert;2016;10524;9708;455;142;313;361;180;181;815
6183;Totaal over alle leeftijden;Mannen en vrouwen;Mill en Sint Hubert;2017;10549;9690;470;145;325;389;197;192;815
6184;Totaal over alle leeftijden;Mannen en vrouwen;Mill en Sint Hubert;2018;10569;9684;463;144;319;422;205;217;815
6185;Totaal over alle leeftijden;Mannen en vrouwen;Mill en Sint Hubert;2019;10579;9654;469;145;324;456;224;232;815
6186;Totaal over alle leeftijden;Mannen en vrouwen;Mill en Sint Hubert;2020;10608;9634;487;152;335;487;241;246;815
6187;Totaal over alle leeftijden;Mannen en vrouwen;Mill en Sint Hubert;2021;10646;9621;500;159;341;525;260;265;815
6188;Totaal over alle leeftijden;Mannen en vrouwen;Mill en Sint Hubert;2022;10658;9601;516;158;358;541;262;279;815
6189;Totaal over alle leeftijden;Mannen en vrouwen;Mill en Sint Hubert;2023;10668;9602;519;166;353;547;263;284;815
6190;Totaal over alle leeftijden;Mannen en vrouwen;Mill en Sint Hubert;2024;10727;9607;543;180;363;577;270;307;815
6191;Totaal over alle leeftijden;Mannen en vrouwen;Mill en Sint Hubert;2025;10783;9614;548;192;356;621;293;328;815
6192;Totaal over alle leeftijden;Mannen en vrouwen;Millingen aan de Rijn;2008;5698;4870;710;227;483;118;78;40;265
6193;Totaal over alle leeftijden;Mannen en vrouwen;Millingen aan de Rijn;2009;5639;4823;687;222;465;129;87;42;265
6194;Totaal over alle leeftijden;Mannen en vrouwen;Millingen aan de Rijn;2010;5555;4755;661;208;453;139;90;49;265
6195;Totaal over alle leeftijden;Mannen en vrouwen;Millingen aan de Rijn;2011;5500;4701;651;208;443;148;93;55;265
6196;Totaal over alle leeftijden;Mannen en vrouwen;Millingen aan de Rijn;2012;5435;4635;636;199;437;164;107;57;265
6197;Totaal over alle leeftijden;Mannen en vrouwen;Millingen aan de Rijn;2013;5396;4591;635;202;433;170;106;64;265
6198;Totaal over alle leeftijden;Mannen en vrouwen;Millingen aan de Rijn;2014;5267;4474;619;196;423;174;103;71;265
6199;Totaal over alle leeftijden;Mannen en vrouwen;Millingen aan de Rijn;2015;5270;4479;614;194;420;177;105;72;265
6200;Totaal over alle leeftijden;Mannen en vrouwen;Millingen aan de Rijn;2016;5232;4437;607;195;412;188;111;77;265
6201;Totaal over alle leeftijden;Mannen en vrouwen;Millingen aan de Rijn;2017;5229;4443;592;190;402;194;113;81;265
6202;Totaal over alle leeftijden;Mannen en vrouwen;Millingen aan de Rijn;2018;5220;4435;583;185;398;202;121;81;265
6203;Totaal over alle leeftijden;Mannen en vrouwen;Millingen aan de Rijn;2019;5211;4427;570;184;386;214;130;84;265
6204;Totaal over alle leeftijden;Mannen en vrouwen;Millingen aan de Rijn;2020;5176;4371;576;191;385;229;135;94;265
6205;Totaal over alle leeftijden;Mannen en vrouwen;Millingen aan de Rijn;2021;5188;4378;569;192;377;241;138;103;265
6206;Totaal over alle leeftijden;Mannen en vrouwen;Millingen aan de Rijn;2022;5153;4339;567;196;371;247;142;105;265
6207;Totaal over alle leeftijden;Mannen en vrouwen;Millingen aan de Rijn;2023;5167;4343;562;189;373;262;149;113;265
6208;Totaal over alle leeftijden;Mannen en vrouwen;Millingen aan de Rijn;2024;5167;4344;543;182;361;280;152;128;265
6209;Totaal over alle leeftijden;Mannen en vrouwen;Millingen aan de Rijn;2025;5239;4381;546;190;356;312;163;149;265
6210;Totaal over alle leeftijden;Mannen en vrouwen;Moerdijk;2008;36223;32953;1987;700;1287;1283;726;557;1709
6211;Totaal over alle leeftijden;Mannen en vrouwen;Moerdijk;2009;36102;32730;2018;707;1311;1354;753;601;1709
6212;Totaal over alle leeftijden;Mannen en vrouwen;Moerdijk;2010;35876;32408;2042;715;1327;1426;789;637;1709
6213;Totaal over alle leeftijden;Mannen en vrouwen;Moerdijk;2011;35783;32200;2081;739;1342;1502;827;675;1709
6214;Totaal over alle leeftijden;Mannen en vrouwen;Moerdijk;2012;35767;32078;2117;741;1376;1572;856;716;1709
6215;Totaal over alle leeftijden;Mannen en vrouwen;Moerdijk;2013;35639;31858;2165;743;1422;1616;882;734;1709
6216;Totaal over alle leeftijden;Mannen en vrouwen;Moerdijk;2014;35458;31584;2203;766;1437;1671;905;766;1709
6217;Totaal over alle leeftijden;Mannen en vrouwen;Moerdijk;2015;35459;31371;2269;803;1466;1819;951;868;1709
6218;Totaal over alle leeftijden;Mannen en vrouwen;Moerdijk;2016;35409;31184;2350;839;1511;1875;981;894;1709
6219;Totaal over alle leeftijden;Mannen en vrouwen;Moerdijk;2017;35406;31030;2400;873;1527;1976;1015;961;1709
6220;Totaal over alle leeftijden;Mannen en vrouwen;Moerdijk;2018;35353;30861;2435;880;1555;2057;1044;1013;1709
6221;Totaal over alle leeftijden;Mannen en vrouwen;Moerdijk;2019;35407;30805;2484;892;1592;2118;1056;1062;1709
6222;Totaal over alle leeftijden;Mannen en vrouwen;Moerdijk;2020;35377;30622;2539;920;1619;2216;1119;1097;1709
6223;Totaal over alle leeftijden;Mannen en vrouwen;Moerdijk;2021;35367;30446;2589;950;1639;2332;1150;1182;1709
6224;Totaal over alle leeftijden;Mannen en vrouwen;Moerdijk;2022;35221;30202;2642;969;1673;2377;1148;1229;1709
6225;Totaal over alle leeftijden;Mannen en vrouwen;Moerdijk;2023;35076;29983;2661;978;1683;2432;1172;1260;1709
6226;Totaal over alle leeftijden;Mannen en vrouwen;Moerdijk;2024;35015;29799;2696;989;1707;2520;1219;1301;1709
6227;Totaal over alle leeftijden;Mannen en vrouwen;Moerdijk;2025;35033;29698;2722;987;1735;2613;1247;1366;1709
6228;Totaal over alle leeftijden;Mannen en vrouwen;Montferland;2008;34127;30326;2805;833;1972;996;620;376;1955
6229;Totaal over alle leeftijden;Mannen en vrouwen;Montferland;2009;33750;29965;2712;794;1918;1073;653;420;1955
6230;Totaal over alle leeftijden;Mannen en vrouwen;Montferland;2010;33561;29735;2657;753;1904;1169;702;467;1955
6231;Totaal over alle leeftijden;Mannen en vrouwen;Montferland;2011;33331;29460;2623;753;1870;1248;750;498;1955
6232;Totaal over alle leeftijden;Mannen en vrouwen;Montferland;2012;33011;29142;2573;749;1824;1296;773;523;1955
6233;Totaal over alle leeftijden;Mannen en vrouwen;Montferland;2013;32846;28950;2554;760;1794;1342;802;540;1955
6234;Totaal over alle leeftijden;Mannen en vrouwen;Montferland;2014;32771;28808;2524;747;1777;1439;847;592;1955
6235;Totaal over alle leeftijden;Mannen en vrouwen;Montferland;2015;32670;28613;2511;740;1771;1546;904;642;1955
6236;Totaal over alle leeftijden;Mannen en vrouwen;Montferland;2016;32506;28461;2485;757;1728;1560;885;675;1955
6237;Totaal over alle leeftijden;Mannen en vrouwen;Montferland;2017;32414;28325;2472;778;1694;1617;909;708;1955
6238;Totaal over alle leeftijden;Mannen en vrouwen;Montferland;2018;32223;28103;2432;771;1661;1688;938;750;1955
6239;Totaal over alle leeftijden;Mannen en vrouwen;Montferland;2019;32236;28026;2420;783;1637;1790;982;808;1955
6240;Totaal over alle leeftijden;Mannen en vrouwen;Montferland;2020;32175;27909;2425;791;1634;1841;1002;839;1955
6241;Totaal over alle leeftijden;Mannen en vrouwen;Montferland;2021;32193;27830;2426;793;1633;1937;1048;889;1955
6242;Totaal over alle leeftijden;Mannen en vrouwen;Montferland;2022;32048;27665;2384;779;1605;1999;1075;924;1955
6243;Totaal over alle leeftijden;Mannen en vrouwen;Montferland;2023;32009;27576;2360;786;1574;2073;1103;970;1955
6244;Totaal over alle leeftijden;Mannen en vrouwen;Montferland;2024;31987;27486;2343;784;1559;2158;1132;1026;1955
6245;Totaal over alle leeftijden;Mannen en vrouwen;Montferland;2025;31997;27414;2361;805;1556;2222;1174;1048;1955
6246;Totaal over alle leeftijden;Mannen en vrouwen;Montfoort;2008;13376;12233;648;219;429;495;284;211;335
6247;Totaal over alle leeftijden;Mannen en vrouwen;Montfoort;2009;13318;12155;635;215;420;528;296;232;335
6248;Totaal over alle leeftijden;Mannen en vrouwen;Montfoort;2010;13323;12118;638;217;421;567;306;261;335
6249;Totaal over alle leeftijden;Mannen en vrouwen;Montfoort;2011;13275;12074;637;222;415;564;302;262;335
6250;Totaal over alle leeftijden;Mannen en vrouwen;Montfoort;2012;13264;12016;647;220;427;601;320;281;335
6251;Totaal over alle leeftijden;Mannen en vrouwen;Montfoort;2013;13236;11969;634;220;414;633;338;295;335
6252;Totaal over alle leeftijden;Mannen en vrouwen;Montfoort;2014;13171;11894;628;219;409;649;348;301;335
6253;Totaal over alle leeftijden;Mannen en vrouwen;Montfoort;2015;13076;11757;637;230;407;682;357;325;335
6254;Totaal over alle leeftijden;Mannen en vrouwen;Montfoort;2016;13084;11728;647;230;417;709;368;341;335
6255;Totaal over alle leeftijden;Mannen en vrouwen;Montfoort;2017;13037;11650;643;231;412;744;386;358;335
6256;Totaal over alle leeftijden;Mannen en vrouwen;Montfoort;2018;12973;11562;658;237;421;753;384;369;335
6257;Totaal over alle leeftijden;Mannen en vrouwen;Montfoort;2019;12937;11491;682;248;434;764;384;380;335
6258;Totaal over alle leeftijden;Mannen en vrouwen;Montfoort;2020;12927;11461;676;244;432;790;394;396;335
6259;Totaal over alle leeftijden;Mannen en vrouwen;Montfoort;2021;12880;11395;682;247;435;803;394;409;335
6260;Totaal over alle leeftijden;Mannen en vrouwen;Montfoort;2022;12850;11327;700;252;448;823;402;421;335
6261;Totaal over alle leeftijden;Mannen en vrouwen;Montfoort;2023;12805;11273;704;257;447;828;414;414;335
6262;Totaal over alle leeftijden;Mannen en vrouwen;Montfoort;2024;12728;11167;708;254;454;853;432;421;335
6263;Totaal over alle leeftijden;Mannen en vrouwen;Montfoort;2025;12701;11104;718;254;464;879;445;434;335
6264;Totaal over alle leeftijden;Mannen en vrouwen;Mook en Middelaar;2008;8101;7064;773;242;531;264;145;119;944
6265;Totaal over alle leeftijden;Mannen en vrouwen;Mook en Middelaar;2009;8068;7021;763;233;530;284;157;127;944
6266;Totaal over alle leeftijden;Mannen en vrouwen;Mook en Middelaar;2010;8028;6955;757;222;535;316;187;129;944
6267;Totaal over alle leeftijden;Mannen en vrouwen;Mook en Middelaar;2011;7995;6909;752;221;531;334;195;139;944
6268;Totaal over alle leeftijden;Mannen en vrouwen;Mook en Middelaar;2012;7997;6926;749;221;528;322;183;139;944
6269;Totaal over alle leeftijden;Mannen en vrouwen;Mook en Middelaar;2013;7975;6866;750;228;522;359;201;158;944
6270;Totaal over alle leeftijden;Mannen en vrouwen;Mook en Middelaar;2014;7932;6771;757;236;521;404;227;177;944
6271;Totaal over alle leeftijden;Mannen en vrouwen;Mook en Middelaar;2015;7895;6708;770;240;530;417;235;182;944
6272;Totaal over alle leeftijden;Mannen en vrouwen;Mook en Middelaar;2016;7857;6657;762;233;529;438;245;193;944
6273;Totaal over alle leeftijden;Mannen en vrouwen;Mook en Middelaar;2017;7803;6630;746;225;521;427;248;179;944
6274;Totaal over alle leeftijden;Mannen en vrouwen;Mook en Middelaar;2018;7747;6570;748;235;513;429;254;175;944
6275;Totaal over alle leeftijden;Mannen en vrouwen;Mook en Middelaar;2019;7712;6526;754;233;521;432;244;188;944
6276;Totaal over alle leeftijden;Mannen en vrouwen;Mook en Middelaar;2020;7710;6507;744;236;508;459;259;200;944
6277;Totaal over alle leeftijden;Mannen en vrouwen;Mook en Middelaar;2021;7658;6445;739;237;502;474;265;209;944
6278;Totaal over alle leeftijden;Mannen en vrouwen;Mook en Middelaar;2022;7650;6419;727;245;482;504;280;224;944
6279;Totaal over alle leeftijden;Mannen en vrouwen;Mook en Middelaar;2023;7629;6370;724;248;476;535;299;236;944
6280;Totaal over alle leeftijden;Mannen en vrouwen;Mook en Middelaar;2024;7615;6329;724;245;479;562;311;251;944
6281;Totaal over alle leeftijden;Mannen en vrouwen;Mook en Middelaar;2025;7610;6310;723;248;475;577;328;249;944
6282;Totaal over alle leeftijden;Mannen en vrouwen;Moordrecht;2008;7984;6438;1001;335;666;545;293;252;563
6283;Totaal over alle leeftijden;Mannen en vrouwen;Moordrecht;2009;8034;6474;978;332;646;582;315;267;563
6284;Totaal over alle leeftijden;Mannen en vrouwen;Moordrecht;2010;8028;6482;956;319;637;590;318;272;563
6285;Totaal over alle leeftijden;Mannen en vrouwen;Moordrecht;2011;8161;6547;954;325;629;660;342;318;563
6286;Totaal over alle leeftijden;Mannen en vrouwen;Moordrecht;2012;8349;6704;971;343;628;674;352;322;563
6287;Totaal over alle leeftijden;Mannen en vrouwen;Moordrecht;2013;8506;6833;961;335;626;712;371;341;563
6288;Totaal over alle leeftijden;Mannen en vrouwen;Moordrecht;2014;8672;6951;979;339;640;742;377;365;563
6289;Totaal over alle leeftijden;Mannen en vrouwen;Moordrecht;2015;8788;7010;989;353;636;789;398;391;563
6290;Totaal over alle leeftijden;Mannen en vrouwen;Moordrecht;2016;8803;7014;984;357;627;805;396;409;563
6291;Totaal over alle leeftijden;Mannen en vrouwen;Moordrecht;2017;8821;7015;982;355;627;824;414;410;563
6292;Totaal over alle leeftijden;Mannen en vrouwen;Moordrecht;2018;8831;6989;997;345;652;845;423;422;563
6293;Totaal over alle leeftijden;Mannen en vrouwen;Moordrecht;2019;8844;6989;989;341;648;866;427;439;563
6294;Totaal over alle leeftijden;Mannen en vrouwen;Moordrecht;2020;8866;6977;992;341;651;897;452;445;563
6295;Totaal over alle leeftijden;Mannen en vrouwen;Moordrecht;2021;8934;7027;994;343;651;913;459;454;563
6296;Totaal over alle leeftijden;Mannen en vrouwen;Moordrecht;2022;8984;7050;1013;354;659;921;461;460;563
6297;Totaal over alle leeftijden;Mannen en vrouwen;Moordrecht;2023;9099;7121;1013;358;655;965;479;486;563
6298;Totaal over alle leeftijden;Mannen en vrouwen;Moordrecht;2024;9117;7134;1012;359;653;971;480;491;563
6299;Totaal over alle leeftijden;Mannen en vrouwen;Moordrecht;2025;9115;7134;1002;348;654;979;491;488;563
6300;Totaal over alle leeftijden;Mannen en vrouwen;Muiden;2008;6584;5520;722;250;472;342;168;174;424
6301;Totaal over alle leeftijden;Mannen en vrouwen;Muiden;2009;6543;5462;719;249;470;362;167;195;424
6302;Totaal over alle leeftijden;Mannen en vrouwen;Muiden;2010;6481;5423;690;233;457;368;167;201;424
6303;Totaal over alle leeftijden;Mannen en vrouwen;Muiden;2011;6476;5372;713;251;462;391;180;211;424
6304;Totaal over alle leeftijden;Mannen en vrouwen;Muiden;2012;6491;5376;706;249;457;409;191;218;424
6305;Totaal over alle leeftijden;Mannen en vrouwen;Muiden;2013;6449;5316;712;254;458;421;193;228;424
6306;Totaal over alle leeftijden;Mannen en vrouwen;Muiden;2014;6452;5294;713;257;456;445;201;244;424
6307;Totaal over alle leeftijden;Mannen en vrouwen;Muiden;2015;6457;5276;723;261;462;458;208;250;424
6308;Totaal over alle leeftijden;Mannen en vrouwen;Muiden;2016;6471;5276;714;259;455;481;207;274;424
6309;Totaal over alle leeftijden;Mannen en vrouwen;Muiden;2017;6425;5219;703;256;447;503;214;289;424
6310;Totaal over alle leeftijden;Mannen en vrouwen;Muiden;2018;6439;5213;702;249;453;524;219;305;424
6311;Totaal over alle leeftijden;Mannen en vrouwen;Muiden;2019;6396;5153;703;251;452;540;236;304;424
6312;Totaal over alle leeftijden;Mannen en vrouwen;Muiden;2020;6385;5122;704;257;447;559;244;315;424
6313;Totaal over alle leeftijden;Mannen en vrouwen;Muiden;2021;6396;5099;709;259;450;588;261;327;424
6314;Totaal over alle leeftijden;Mannen en vrouwen;Muiden;2022;6385;5068;717;257;460;600;270;330;424
6315;Totaal over alle leeftijden;Mannen en vrouwen;Muiden;2023;6416;5061;733;267;466;622;272;350;424
6316;Totaal over alle leeftijden;Mannen en vrouwen;Muiden;2024;6469;5088;748;272;476;633;272;361;424
6317;Totaal over alle leeftijden;Mannen en vrouwen;Muiden;2025;6496;5099;742;272;470;655;287;368;424
6318;Totaal over alle leeftijden;Mannen en vrouwen;Naarden;2008;17452;14253;2088;751;1337;1111;554;557;425
6319;Totaal over alle leeftijden;Mannen en vrouwen;Naarden;2009;17675;14453;2077;759;1318;1145;561;584;425
6320;Totaal over alle leeftijden;Mannen en vrouwen;Naarden;2010;17718;14470;2079;781;1298;1169;564;605;425
6321;Totaal over alle leeftijden;Mannen en vrouwen;Naarden;2011;17739;14435;2083;786;1297;1221;590;631;425
6322;Totaal over alle leeftijden;Mannen en vrouwen;Naarden;2012;17788;14463;2066;784;1282;1259;613;646;425
6323;Totaal over alle leeftijden;Mannen en vrouwen;Naarden;2013;17850;14473;2068;793;1275;1309;609;700;425
6324;Totaal over alle leeftijden;Mannen en vrouwen;Naarden;2014;17960;14478;2119;822;1297;1363;631;732;425
6325;Totaal over alle leeftijden;Mannen en vrouwen;Naarden;2015;17980;14512;2102;816;1286;1366;624;742;425
6326;Totaal over alle leeftijden;Mannen en vrouwen;Naarden;2016;18036;14525;2100;830;1270;1411;629;782;425
6327;Totaal over alle leeftijden;Mannen en vrouwen;Naarden;2017;18024;14497;2107;841;1266;1420;647;773;425
6328;Totaal over alle leeftijden;Mannen en vrouwen;Naarden;2018;18003;14424;2118;846;1272;1461;658;803;425
6329;Totaal over alle leeftijden;Mannen en vrouwen;Naarden;2019;18046;14414;2147;862;1285;1485;670;815;425
6330;Totaal over alle leeftijden;Mannen en vrouwen;Naarden;2020;18098;14442;2176;881;1295;1480;654;826;425
6331;Totaal over alle leeftijden;Mannen en vrouwen;Naarden;2021;17988;14358;2141;874;1267;1489;666;823;425
6332;Totaal over alle leeftijden;Mannen en vrouwen;Naarden;2022;17991;14308;2155;883;1272;1528;675;853;425
6333;Totaal over alle leeftijden;Mannen en vrouwen;Naarden;2023;17938;14201;2207;904;1303;1530;679;851;425
6334;Totaal over alle leeftijden;Mannen en vrouwen;Naarden;2024;17907;14134;2228;923;1305;1545;687;858;425
6335;Totaal over alle leeftijden;Mannen en vrouwen;Naarden;2025;17944;14133;2220;919;1301;1591;709;882;425
6336;Totaal over alle leeftijden;Mannen en vrouwen;Neder-Betuwe;2008;21995;20622;907;302;605;466;251;215;1740
6337;Totaal over alle leeftijden;Mannen en vrouwen;Neder-Betuwe;2009;21777;20369;901;303;598;507;253;254;1740
6338;Totaal over alle leeftijden;Mannen en vrouwen;Neder-Betuwe;2010;21448;19993;910;302;608;545;275;270;1740
6339;Totaal over alle leeftijden;Mannen en vrouwen;Neder-Betuwe;2011;21270;19769;914;305;609;587;291;296;1740
6340;Totaal over alle leeftijden;Mannen en vrouwen;Neder-Betuwe;2012;21145;19610;908;313;595;627;307;320;1740
6341;Totaal over alle leeftijden;Mannen en vrouwen;Neder-Betuwe;2013;21007;19420;901;316;585;686;335;351;1740
6342;Totaal over alle leeftijden;Mannen en vrouwen;Neder-Betuwe;2014;20809;19150;918;321;597;741;372;369;1740
6343;Totaal over alle leeftijden;Mannen en vrouwen;Neder-Betuwe;2015;20626;18932;916;323;593;778;387;391;1740
6344;Totaal over alle leeftijden;Mannen en vrouwen;Neder-Betuwe;2016;20441;18713;911;323;588;817;412;405;1740
6345;Totaal over alle leeftijden;Mannen en vrouwen;Neder-Betuwe;2017;20238;18493;916;322;594;829;412;417;1740
6346;Totaal over alle leeftijden;Mannen en vrouwen;Neder-Betuwe;2018;20027;18252;907;324;583;868;416;452;1740
6347;Totaal over alle leeftijden;Mannen en vrouwen;Neder-Betuwe;2019;19851;18047;906;320;586;898;424;474;1740
6348;Totaal over alle leeftijden;Mannen en vrouwen;Neder-Betuwe;2020;19780;17926;894;316;578;960;439;521;1740
6349;Totaal over alle leeftijden;Mannen en vrouwen;Neder-Betuwe;2021;19656;17767;887;309;578;1002;446;556;1740
6350;Totaal over alle leeftijden;Mannen en vrouwen;Neder-Betuwe;2022;19542;17633;879;304;575;1030;455;575;1740
6351;Totaal over alle leeftijden;Mannen en vrouwen;Neder-Betuwe;2023;19392;17452;872;301;571;1068;470;598;1740
6352;Totaal over alle leeftijden;Mannen en vrouwen;Neder-Betuwe;2024;19324;17349;887;300;587;1088;476;612;1740
6353;Totaal over alle leeftijden;Mannen en vrouwen;Neder-Betuwe;2025;19188;17168;905;307;598;1115;479;636;1740
6354;Totaal over alle leeftijden;Mannen en vrouwen;Nederlek;2008;14536;13340;772;289;483;424;239;185;643
6355;Totaal over alle leeftijden;Mannen en vrouwen;Nederlek;2009;14498;13259;775;292;483;464;261;203;643
6356;Totaal over alle leeftijden;Mannen en vrouwen;Nederlek;2010;14419;13139;785;300;485;495;275;220;643
6357;Totaal over alle leeftijden;Mannen en vrouwen;Nederlek;2011;14486;13132;799;297;502;555;286;269;643
6358;Totaal over alle leeftijden;Mannen en vrouwen;Nederlek;2012;14536;13131;809;299;510;596;297;299;643
6359;Totaal over alle leeftijden;Mannen en vrouwen;Nederlek;2013;14596;13150;808;297;511;638;327;311;643
6360;Totaal over alle leeftijden;Mannen en vrouwen;Nederlek;2014;14721;13203;831;308;523;687;330;357;643
6361;Totaal over alle leeftijden;Mannen en vrouwen;Nederlek;2015;14787;13225;850;316;534;712;338;374;643
6362;Totaal over alle leeftijden;Mannen en vrouwen;Nederlek;2016;14802;13198;866;323;543;738;342;396;643
6363;Totaal over alle leeftijden;Mannen en vrouwen;Nederlek;2017;14719;13110;865;321;544;744;349;395;643
6364;Totaal over alle leeftijden;Mannen en vrouwen;Nederlek;2018;14672;13049;878;315;563;745;352;393;643
6365;Totaal over alle leeftijden;Mannen en vrouwen;Nederlek;2019;14656;12994;874;321;553;788;372;416;643
6366;Totaal over alle leeftijden;Mannen en vrouwen;Nederlek;2020;14631;12948;882;330;552;801;385;416;643
6367;Totaal over alle leeftijden;Mannen en vrouwen;Nederlek;2021;14647;12883;918;351;567;846;405;441;643
6368;Totaal over alle leeftijden;Mannen en vrouwen;Nederlek;2022;14635;12847;924;349;575;864;410;454;643
6369;Totaal over alle leeftijden;Mannen en vrouwen;Nederlek;2023;14628;12797;939;359;580;892;425;467;643
6370;Totaal over alle leeftijden;Mannen en vrouwen;Nederlek;2024;14606;12758;934;352;582;914;432;482;643
6371;Totaal over alle leeftijden;Mannen en vrouwen;Nederlek;2025;14682;12789;949;357;592;944;455;489;643
6372;Totaal over alle leeftijden;Mannen en vrouwen;Nederweert;2008;16223;15143;836;227;609;244;151;93;946
6373;Totaal over alle leeftijden;Mannen en vrouwen;Nederweert;2009;16073;14974;830;228;602;269;159;110;946
6374;Totaal over alle leeftijden;Mannen en vrouwen;Nederweert;2010;16007;14863;839;245;594;305;181;124;946
6375;Totaal over alle leeftijden;Mannen en vrouwen;Nederweert;2011;15819;14634;862;257;605;323;196;127;946
6376;Totaal over alle leeftijden;Mannen en vrouwen;Nederweert;2012;15791;14548;896;274;622;347;202;145;946
6377;Totaal over alle leeftijden;Mannen en vrouwen;Nederweert;2013;15654;14386;890;270;620;378;220;158;946
6378;Totaal over alle leeftijden;Mannen en vrouwen;Nederweert;2014;15608;14281;911;285;626;416;235;181;946
6379;Totaal over alle leeftijden;Mannen en vrouwen;Nederweert;2015;15553;14191;913;277;636;449;257;192;946
6380;Totaal over alle leeftijden;Mannen en vrouwen;Nederweert;2016;15460;14054;929;280;649;477;279;198;946
6381;Totaal over alle leeftijden;Mannen en vrouwen;Nederweert;2017;15440;13987;937;284;653;516;306;210;946
6382;Totaal over alle leeftijden;Mannen en vrouwen;Nederweert;2018;15420;13912;950;291;659;558;329;229;946
6383;Totaal over alle leeftijden;Mannen en vrouwen;Nederweert;2019;15402;13823;975;310;665;604;352;252;946
6384;Totaal over alle leeftijden;Mannen en vrouwen;Nederweert;2020;15415;13767;996;317;679;652;369;283;946
6385;Totaal over alle leeftijden;Mannen en vrouwen;Nederweert;2021;15372;13672;1020;325;695;680;374;306;946
6386;Totaal over alle leeftijden;Mannen en vrouwen;Nederweert;2022;15370;13651;1002;322;680;717;387;330;946
6387;Totaal over alle leeftijden;Mannen en vrouwen;Nederweert;2023;15400;13634;1027;341;686;739;397;342;946
6388;Totaal over alle leeftijden;Mannen en vrouwen;Nederweert;2024;15395;13601;1029;342;687;765;412;353;946
6389;Totaal over alle leeftijden;Mannen en vrouwen;Nederweert;2025;15375;13550;1040;341;699;785;418;367;946
6390;Totaal over alle leeftijden;Mannen en vrouwen;Neerijnen;2008;11508;10771;451;148;303;286;152;134;304
6391;Totaal over alle leeftijden;Mannen en vrouwen;Neerijnen;2009;11500;10724;460;153;307;316;164;152;304
6392;Totaal over alle leeftijden;Mannen en vrouwen;Neerijnen;2010;11524;10708;478;162;316;338;172;166;304
6393;Totaal over alle leeftijden;Mannen en vrouwen;Neerijnen;2011;11486;10635;483;173;310;368;189;179;304
6394;Totaal over alle leeftijden;Mannen en vrouwen;Neerijnen;2012;11538;10659;490;179;311;389;203;186;304
6395;Totaal over alle leeftijden;Mannen en vrouwen;Neerijnen;2013;11533;10619;492;171;321;422;214;208;304
6396;Totaal over alle leeftijden;Mannen en vrouwen;Neerijnen;2014;11517;10568;506;177;329;443;223;220;304
6397;Totaal over alle leeftijden;Mannen en vrouwen;Neerijnen;2015;11537;10570;493;169;324;474;225;249;304
6398;Totaal over alle leeftijden;Mannen en vrouwen;Neerijnen;2016;11543;10528;512;183;329;503;244;259;304
6399;Totaal over alle leeftijden;Mannen en vrouwen;Neerijnen;2017;11469;10458;509;177;332;502;242;260;304
6400;Totaal over alle leeftijden;Mannen en vrouwen;Neerijnen;2018;11424;10394;511;177;334;519;256;263;304
6401;Totaal over alle leeftijden;Mannen en vrouwen;Neerijnen;2019;11381;10317;532;184;348;532;263;269;304
6402;Totaal over alle leeftijden;Mannen en vrouwen;Neerijnen;2020;11346;10254;545;186;359;547;274;273;304
6403;Totaal over alle leeftijden;Mannen en vrouwen;Neerijnen;2021;11326;10200;554;186;368;572;289;283;304
6404;Totaal over alle leeftijden;Mannen en vrouwen;Neerijnen;2022;11311;10168;573;195;378;570;288;282;304
6405;Totaal over alle leeftijden;Mannen en vrouwen;Neerijnen;2023;11289;10124;588;206;382;577;294;283;304
6406;Totaal over alle leeftijden;Mannen en vrouwen;Neerijnen;2024;11253;10074;589;205;384;590;298;292;304
6407;Totaal over alle leeftijden;Mannen en vrouwen;Neerijnen;2025;11244;10065;571;194;377;608;308;300;304
6408;Totaal over alle leeftijden;Mannen en vrouwen;Niedorp;2008;12077;11193;553;200;353;331;183;148;412
6409;Totaal over alle leeftijden;Mannen en vrouwen;Niedorp;2009;12161;11250;563;202;361;348;183;165;412
6410;Totaal over alle leeftijden;Mannen en vrouwen;Niedorp;2010;12267;11312;577;204;373;378;196;182;412
6411;Totaal over alle leeftijden;Mannen en vrouwen;Niedorp;2011;12436;11424;589;210;379;423;228;195;412
6412;Totaal over alle leeftijden;Mannen en vrouwen;Niedorp;2012;12617;11527;617;223;394;473;250;223;412
6413;Totaal over alle leeftijden;Mannen en vrouwen;Niedorp;2013;12759;11629;625;227;398;505;260;245;412
6414;Totaal over alle leeftijden;Mannen en vrouwen;Niedorp;2014;12967;11764;638;232;406;565;272;293;412
6415;Totaal over alle leeftijden;Mannen en vrouwen;Niedorp;2015;13119;11845;668;239;429;606;282;324;412
6416;Totaal over alle leeftijden;Mannen en vrouwen;Niedorp;2016;13259;11928;706;251;455;625;282;343;412
6417;Totaal over alle leeftijden;Mannen en vrouwen;Niedorp;2017;13369;11998;725;257;468;646;294;352;412
6418;Totaal over alle leeftijden;Mannen en vrouwen;Niedorp;2018;13480;12068;726;249;477;686;309;377;412
6419;Totaal over alle leeftijden;Mannen en vrouwen;Niedorp;2019;13514;12043;746;253;493;725;326;399;412
6420;Totaal over alle leeftijden;Mannen en vrouwen;Niedorp;2020;13637;12105;748;247;501;784;354;430;412
6421;Totaal over alle leeftijden;Mannen en vrouwen;Niedorp;2021;13679;12088;764;247;517;827;373;454;412
6422;Totaal over alle leeftijden;Mannen en vrouwen;Niedorp;2022;13752;12133;760;242;518;859;398;461;412
6423;Totaal over alle leeftijden;Mannen en vrouwen;Niedorp;2023;13868;12183;773;248;525;912;420;492;412
6424;Totaal over alle leeftijden;Mannen en vrouwen;Niedorp;2024;13970;12213;780;243;537;977;460;517;412
6425;Totaal over alle leeftijden;Mannen en vrouwen;Niedorp;2025;14056;12245;807;254;553;1004;468;536;412
6426;Totaal over alle leeftijden;Mannen en vrouwen;Nieuwegein;2008;60905;47775;5781;2203;3578;7349;4211;3138;356
6427;Totaal over alle leeftijden;Mannen en vrouwen;Nieuwegein;2009;60733;47485;5762;2235;3527;7486;4291;3195;356
6428;Totaal over alle leeftijden;Mannen en vrouwen;Nieuwegein;2010;60612;47313;5697;2226;3471;7602;4400;3202;356
6429;Totaal over alle leeftijden;Mannen en vrouwen;Nieuwegein;2011;60550;47118;5714;2271;3443;7718;4460;3258;356
6430;Totaal over alle leeftijden;Mannen en vrouwen;Nieuwegein;2012;60495;46961;5697;2292;3405;7837;4507;3330;356
6431;Totaal over alle leeftijden;Mannen en vrouwen;Nieuwegein;2013;60527;46866;5667;2287;3380;7994;4569;3425;356
6432;Totaal over alle leeftijden;Mannen en vrouwen;Nieuwegein;2014;60688;46841;5684;2340;3344;8163;4652;3511;356
6433;Totaal over alle leeftijden;Mannen en vrouwen;Nieuwegein;2015;60941;46906;5675;2362;3313;8360;4756;3604;356
6434;Totaal over alle leeftijden;Mannen en vrouwen;Nieuwegein;2016;60983;46826;5673;2371;3302;8484;4800;3684;356
6435;Totaal over alle leeftijden;Mannen en vrouwen;Nieuwegein;2017;61073;46701;5743;2402;3341;8629;4866;3763;356
6436;Totaal over alle leeftijden;Mannen en vrouwen;Nieuwegein;2018;61166;46661;5746;2402;3344;8759;4908;3851;356
6437;Totaal over alle leeftijden;Mannen en vrouwen;Nieuwegein;2019;61281;46675;5752;2430;3322;8854;4941;3913;356
6438;Totaal over alle leeftijden;Mannen en vrouwen;Nieuwegein;2020;61345;46566;5824;2441;3383;8955;4963;3992;356
6439;Totaal over alle leeftijden;Mannen en vrouwen;Nieuwegein;2021;61302;46378;5844;2461;3383;9080;5008;4072;356
6440;Totaal over alle leeftijden;Mannen en vrouwen;Nieuwegein;2022;61322;46271;5820;2467;3353;9231;5058;4173;356
6441;Totaal over alle leeftijden;Mannen en vrouwen;Nieuwegein;2023;61331;46110;5845;2471;3374;9376;5153;4223;356
6442;Totaal over alle leeftijden;Mannen en vrouwen;Nieuwegein;2024;61511;46158;5908;2520;3388;9445;5207;4238;356
6443;Totaal over alle leeftijden;Mannen en vrouwen;Nieuwegein;2025;61698;46186;5954;2576;3378;9558;5251;4307;356
6444;Totaal over alle leeftijden;Mannen en vrouwen;Nieuwerkerk aan den IJssel;2008;21815;19014;1430;506;924;1371;699;672;567
6445;Totaal over alle leeftijden;Mannen en vrouwen;Nieuwerkerk aan den IJssel;2009;21626;18782;1428;507;921;1416;727;689;567
6446;Totaal over alle leeftijden;Mannen en vrouwen;Nieuwerkerk aan den IJssel;2010;21396;18542;1422;502;920;1432;728;704;567
6447;Totaal over alle leeftijden;Mannen en vrouwen;Nieuwerkerk aan den IJssel;2011;21552;18582;1453;514;939;1517;742;775;567
6448;Totaal over alle leeftijden;Mannen en vrouwen;Nieuwerkerk aan den IJssel;2012;21669;18598;1488;517;971;1583;778;805;567
6449;Totaal over alle leeftijden;Mannen en vrouwen;Nieuwerkerk aan den IJssel;2013;21785;18620;1533;533;1000;1632;799;833;567
6450;Totaal over alle leeftijden;Mannen en vrouwen;Nieuwerkerk aan den IJssel;2014;21959;18687;1594;565;1029;1678;816;862;567
6451;Totaal over alle leeftijden;Mannen en vrouwen;Nieuwerkerk aan den IJssel;2015;22015;18693;1609;570;1039;1713;839;874;567
6452;Totaal over alle leeftijden;Mannen en vrouwen;Nieuwerkerk aan den IJssel;2016;22224;18805;1643;567;1076;1776;862;914;567
6453;Totaal over alle leeftijden;Mannen en vrouwen;Nieuwerkerk aan den IJssel;2017;22532;18997;1713;609;1104;1822;872;950;567
6454;Totaal over alle leeftijden;Mannen en vrouwen;Nieuwerkerk aan den IJssel;2018;22595;18976;1740;621;1119;1879;889;990;567
6455;Totaal over alle leeftijden;Mannen en vrouwen;Nieuwerkerk aan den IJssel;2019;22797;19063;1781;642;1139;1953;908;1045;567
6456;Totaal over alle leeftijden;Mannen en vrouwen;Nieuwerkerk aan den IJssel;2020;22930;19059;1856;683;1173;2015;915;1100;567
6457;Totaal over alle leeftijden;Mannen en vrouwen;Nieuwerkerk aan den IJssel;2021;23139;19171;1880;698;1182;2088;925;1163;567
6458;Totaal over alle leeftijden;Mannen en vrouwen;Nieuwerkerk aan den IJssel;2022;23339;19251;1939;724;1215;2149;953;1196;567
6459;Totaal over alle leeftijden;Mannen en vrouwen;Nieuwerkerk aan den IJssel;2023;23466;19281;1974;748;1226;2211;968;1243;567
6460;Totaal over alle leeftijden;Mannen en vrouwen;Nieuwerkerk aan den IJssel;2024;23560;19334;1995;752;1243;2231;986;1245;567
6461;Totaal over alle leeftijden;Mannen en vrouwen;Nieuwerkerk aan den IJssel;2025;23710;19377;2021;773;1248;2312;1017;1295;567
6462;Totaal over alle leeftijden;Mannen en vrouwen;Nieuwkoop;2008;26060;23970;1262;483;779;828;430;398;569
6463;Totaal over alle leeftijden;Mannen en vrouwen;Nieuwkoop;2009;25618;23500;1265;486;779;853;443;410;569
6464;Totaal over alle leeftijden;Mannen en vrouwen;Nieuwkoop;2010;25255;23099;1250;484;766;906;475;431;569
6465;Totaal over alle leeftijden;Mannen en vrouwen;Nieuwkoop;2011;25115;22863;1282;499;783;970;507;463;569
6466;Totaal over alle leeftijden;Mannen en vrouwen;Nieuwkoop;2012;24981;22625;1319;511;808;1037;525;512;569
6467;Totaal over alle leeftijden;Mannen en vrouwen;Nieuwkoop;2013;24951;22518;1363;529;834;1070;535;535;569
6468;Totaal over alle leeftijden;Mannen en vrouwen;Nieuwkoop;2014;24884;22364;1389;535;854;1131;548;583;569
6469;Totaal over alle leeftijden;Mannen en vrouwen;Nieuwkoop;2015;24865;22266;1393;533;860;1206;581;625;569
6470;Totaal over alle leeftijden;Mannen en vrouwen;Nieuwkoop;2016;24598;21961;1402;537;865;1235;595;640;569
6471;Totaal over alle leeftijden;Mannen en vrouwen;Nieuwkoop;2017;24446;21737;1422;543;879;1287;620;667;569
6472;Totaal over alle leeftijden;Mannen en vrouwen;Nieuwkoop;2018;24346;21557;1452;558;894;1337;635;702;569
6473;Totaal over alle leeftijden;Mannen en vrouwen;Nieuwkoop;2019;24321;21426;1487;584;903;1408;671;737;569
6474;Totaal over alle leeftijden;Mannen en vrouwen;Nieuwkoop;2020;24283;21302;1487;589;898;1494;714;780;569
6475;Totaal over alle leeftijden;Mannen en vrouwen;Nieuwkoop;2021;24319;21234;1522;605;917;1563;749;814;569
6476;Totaal over alle leeftijden;Mannen en vrouwen;Nieuwkoop;2022;24374;21193;1574;624;950;1607;771;836;569
6477;Totaal over alle leeftijden;Mannen en vrouwen;Nieuwkoop;2023;24337;21104;1586;629;957;1647;770;877;569
6478;Totaal over alle leeftijden;Mannen en vrouwen;Nieuwkoop;2024;24253;20995;1591;631;960;1667;783;884;569
6479;Totaal over alle leeftijden;Mannen en vrouwen;Nieuwkoop;2025;24285;20955;1625;648;977;1705;811;894;569
6480;Totaal over alle leeftijden;Mannen en vrouwen;Nieuw-Lekkerland;2008;9428;8781;406;143;263;241;131;110;571
6481;Totaal over alle leeftijden;Mannen en vrouwen;Nieuw-Lekkerland;2009;9352;8688;406;141;265;258;136;122;571
6482;Totaal over alle leeftijden;Mannen en vrouwen;Nieuw-Lekkerland;2010;9299;8623;399;140;259;277;149;128;571
6483;Totaal over alle leeftijden;Mannen en vrouwen;Nieuw-Lekkerland;2011;9267;8566;410;139;271;291;150;141;571
6484;Totaal over alle leeftijden;Mannen en vrouwen;Nieuw-Lekkerland;2012;9253;8500;421;143;278;332;168;164;571
6485;Totaal over alle leeftijden;Mannen en vrouwen;Nieuw-Lekkerland;2013;9210;8426;436;145;291;348;173;175;571
6486;Totaal over alle leeftijden;Mannen en vrouwen;Nieuw-Lekkerland;2014;9170;8366;441;152;289;363;176;187;571
6487;Totaal over alle leeftijden;Mannen en vrouwen;Nieuw-Lekkerland;2015;9199;8371;442;152;290;386;188;198;571
6488;Totaal over alle leeftijden;Mannen en vrouwen;Nieuw-Lekkerland;2016;9175;8345;432;148;284;398;196;202;571
6489;Totaal over alle leeftijden;Mannen en vrouwen;Nieuw-Lekkerland;2017;9134;8278;442;150;292;414;201;213;571
6490;Totaal over alle leeftijden;Mannen en vrouwen;Nieuw-Lekkerland;2018;9084;8208;451;155;296;425;208;217;571
6491;Totaal over alle leeftijden;Mannen en vrouwen;Nieuw-Lekkerland;2019;9128;8223;459;165;294;446;214;232;571
6492;Totaal over alle leeftijden;Mannen en vrouwen;Nieuw-Lekkerland;2020;9078;8151;475;182;293;452;221;231;571
6493;Totaal over alle leeftijden;Mannen en vrouwen;Nieuw-Lekkerland;2021;9021;8087;480;183;297;454;227;227;571
6494;Totaal over alle leeftijden;Mannen en vrouwen;Nieuw-Lekkerland;2022;8988;8036;480;183;297;472;238;234;571
6495;Totaal over alle leeftijden;Mannen en vrouwen;Nieuw-Lekkerland;2023;9045;8041;494;189;305;510;258;252;571
6496;Totaal over alle leeftijden;Mannen en vrouwen;Nieuw-Lekkerland;2024;8988;7976;496;190;306;516;260;256;571
6497;Totaal over alle leeftijden;Mannen en vrouwen;Nieuw-Lekkerland;2025;8977;7932;497;194;303;548;263;285;571
6498;Totaal over alle leeftijden;Mannen en vrouwen;Nijefurd;2008;10728;10068;481;165;316;179;105;74;104
6499;Totaal over alle leeftijden;Mannen en vrouwen;Nijefurd;2009;10725;10052;479;160;319;194;116;78;104
6500;Totaal over alle leeftijden;Mannen en vrouwen;Nijefurd;2010;10685;10000;467;154;313;218;133;85;104
6501;Totaal over alle leeftijden;Mannen en vrouwen;Nijefurd;2011;10594;9892;462;156;306;240;139;101;104
6502;Totaal over alle leeftijden;Mannen en vrouwen;Nijefurd;2012;10560;9859;458;157;301;243;136;107;104
6503;Totaal over alle leeftijden;Mannen en vrouwen;Nijefurd;2013;10540;9803;462;157;305;275;160;115;104
6504;Totaal over alle leeftijden;Mannen en vrouwen;Nijefurd;2014;10510;9758;472;158;314;280;165;115;104
6505;Totaal over alle leeftijden;Mannen en vrouwen;Nijefurd;2015;10461;9680;477;155;322;304;173;131;104
6506;Totaal over alle leeftijden;Mannen en vrouwen;Nijefurd;2016;10473;9655;485;155;330;333;188;145;104
6507;Totaal over alle leeftijden;Mannen en vrouwen;Nijefurd;2017;10415;9578;480;160;320;357;197;160;104
6508;Totaal over alle leeftijden;Mannen en vrouwen;Nijefurd;2018;10319;9475;473;154;319;371;201;170;104
6509;Totaal over alle leeftijden;Mannen en vrouwen;Nijefurd;2019;10277;9425;460;149;311;392;215;177;104
6510;Totaal over alle leeftijden;Mannen en vrouwen;Nijefurd;2020;10243;9385;462;152;310;396;218;178;104
6511;Totaal over alle leeftijden;Mannen en vrouwen;Nijefurd;2021;10226;9344;482;163;319;400;224;176;104
6512;Totaal over alle leeftijden;Mannen en vrouwen;Nijefurd;2022;10230;9310;504;171;333;416;227;189;104
6513;Totaal over alle leeftijden;Mannen en vrouwen;Nijefurd;2023;10201;9262;499;173;326;440;245;195;104
6514;Totaal over alle leeftijden;Mannen en vrouwen;Nijefurd;2024;10175;9218;509;180;329;448;246;202;104
6515;Totaal over alle leeftijden;Mannen en vrouwen;Nijefurd;2025;10129;9150;505;180;325;474;261;213;104
6516;Totaal over alle leeftijden;Mannen en vrouwen;Nijkerk;2008;38393;34737;1731;602;1129;1925;1108;817;267
6517;Totaal over alle leeftijden;Mannen en vrouwen;Nijkerk;2009;38473;34691;1757;611;1146;2025;1150;875;267
6518;Totaal over alle leeftijden;Mannen en vrouwen;Nijkerk;2010;38502;34676;1757;609;1148;2069;1186;883;267
6519;Totaal over alle leeftijden;Mannen en vrouwen;Nijkerk;2011;38491;34569;1783;616;1167;2139;1222;917;267
6520;Totaal over alle leeftijden;Mannen en vrouwen;Nijkerk;2012;38599;34585;1803;634;1169;2211;1245;966;267
6521;Totaal over alle leeftijden;Mannen en vrouwen;Nijkerk;2013;38639;34551;1852;676;1176;2236;1244;992;267
6522;Totaal over alle leeftijden;Mannen en vrouwen;Nijkerk;2014;38637;34425;1888;704;1184;2324;1296;1028;267
6523;Totaal over alle leeftijden;Mannen en vrouwen;Nijkerk;2015;38704;34412;1918;716;1202;2374;1330;1044;267
6524;Totaal over alle leeftijden;Mannen en vrouwen;Nijkerk;2016;38662;34285;1931;719;1212;2446;1363;1083;267
6525;Totaal over alle leeftijden;Mannen en vrouwen;Nijkerk;2017;38616;34144;1981;749;1232;2491;1380;1111;267
6526;Totaal over alle leeftijden;Mannen en vrouwen;Nijkerk;2018;38745;34174;2024;779;1245;2547;1409;1138;267
6527;Totaal over alle leeftijden;Mannen en vrouwen;Nijkerk;2019;38709;34049;2045;781;1264;2615;1456;1159;267
6528;Totaal over alle leeftijden;Mannen en vrouwen;Nijkerk;2020;38660;33918;2068;799;1269;2674;1496;1178;267
6529;Totaal over alle leeftijden;Mannen en vrouwen;Nijkerk;2021;38666;33861;2088;808;1280;2717;1507;1210;267
6530;Totaal over alle leeftijden;Mannen en vrouwen;Nijkerk;2022;38636;33782;2102;807;1295;2752;1530;1222;267
6531;Totaal over alle leeftijden;Mannen en vrouwen;Nijkerk;2023;38698;33745;2131;822;1309;2822;1577;1245;267
6532;Totaal over alle leeftijden;Mannen en vrouwen;Nijkerk;2024;38637;33596;2145;837;1308;2896;1595;1301;267
6533;Totaal over alle leeftijden;Mannen en vrouwen;Nijkerk;2025;38629;33517;2171;855;1316;2941;1622;1319;267
6534;Totaal over alle leeftijden;Mannen en vrouwen;Nijmegen;2008;162474;124000;19224;7684;11540;19250;11399;7851;268
6535;Totaal over alle leeftijden;Mannen en vrouwen;Nijmegen;2009;163753;125085;19307;7739;11568;19361;11288;8073;268
6536;Totaal over alle leeftijden;Mannen en vrouwen;Nijmegen;2010;165280;126385;19428;7881;11547;19467;11165;8302;268
6537;Totaal over alle leeftijden;Mannen en vrouwen;Nijmegen;2011;166563;127434;19550;7956;11594;19579;11128;8451;268
6538;Totaal over alle leeftijden;Mannen en vrouwen;Nijmegen;2012;167624;128333;19623;8063;11560;19668;11072;8596;268
6539;Totaal over alle leeftijden;Mannen en vrouwen;Nijmegen;2013;168834;129343;19727;8170;11557;19764;10997;8767;268
6540;Totaal over alle leeftijden;Mannen en vrouwen;Nijmegen;2014;169780;130109;19762;8232;11530;19909;10978;8931;268
6541;Totaal over alle leeftijden;Mannen en vrouwen;Nijmegen;2015;170813;130916;19872;8348;11524;20025;10992;9033;268
6542;Totaal over alle leeftijden;Mannen en vrouwen;Nijmegen;2016;172365;132004;20071;8487;11584;20290;11017;9273;268
6543;Totaal over alle leeftijden;Mannen en vrouwen;Nijmegen;2017;173915;133219;20210;8618;11592;20486;11047;9439;268
6544;Totaal over alle leeftijden;Mannen en vrouwen;Nijmegen;2018;175401;134347;20303;8723;11580;20751;11103;9648;268
6545;Totaal over alle leeftijden;Mannen en vrouwen;Nijmegen;2019;176671;135347;20375;8802;11573;20949;11092;9857;268
6546;Totaal over alle leeftijden;Mannen en vrouwen;Nijmegen;2020;177792;136244;20470;8892;11578;21078;11089;9989;268
6547;Totaal over alle leeftijden;Mannen en vrouwen;Nijmegen;2021;179094;137057;20627;9011;11616;21410;11187;10223;268
6548;Totaal over alle leeftijden;Mannen en vrouwen;Nijmegen;2022;180080;137670;20737;9119;11618;21673;11255;10418;268
6549;Totaal over alle leeftijden;Mannen en vrouwen;Nijmegen;2023;180903;138157;20809;9280;11529;21937;11305;10632;268
6550;Totaal over alle leeftijden;Mannen en vrouwen;Nijmegen;2024;181863;138733;20911;9401;11510;22219;11388;10831;268
6551;Totaal over alle leeftijden;Mannen en vrouwen;Nijmegen;2025;182614;139123;20954;9497;11457;22537;11508;11029;268
6552;Totaal over alle leeftijden;Mannen en vrouwen;Noord-Beveland;2008;7289;6557;552;254;298;180;94;86;1695
6553;Totaal over alle leeftijden;Mannen en vrouwen;Noord-Beveland;2009;7289;6555;546;238;308;188;103;85;1695
6554;Totaal over alle leeftijden;Mannen en vrouwen;Noord-Beveland;2010;7337;6577;556;239;317;204;113;91;1695
6555;Totaal over alle leeftijden;Mannen en vrouwen;Noord-Beveland;2011;7386;6591;574;227;347;221;116;105;1695
6556;Totaal over alle leeftijden;Mannen en vrouwen;Noord-Beveland;2012;7400;6552;593;227;366;255;125;130;1695
6557;Totaal over alle leeftijden;Mannen en vrouwen;Noord-Beveland;2013;7378;6504;614;224;390;260;127;133;1695
6558;Totaal over alle leeftijden;Mannen en vrouwen;Noord-Beveland;2014;7433;6526;634;225;409;273;135;138;1695
6559;Totaal over alle leeftijden;Mannen en vrouwen;Noord-Beveland;2015;7481;6532;661;234;427;288;142;146;1695
6560;Totaal over alle leeftijden;Mannen en vrouwen;Noord-Beveland;2016;7490;6524;670;222;448;296;145;151;1695
6561;Totaal over alle leeftijden;Mannen en vrouwen;Noord-Beveland;2017;7488;6484;691;212;479;313;140;173;1695
6562;Totaal over alle leeftijden;Mannen en vrouwen;Noord-Beveland;2018;7534;6491;701;218;483;342;153;189;1695
6563;Totaal over alle leeftijden;Mannen en vrouwen;Noord-Beveland;2019;7509;6424;713;221;492;372;167;205;1695
6564;Totaal over alle leeftijden;Mannen en vrouwen;Noord-Beveland;2020;7471;6392;703;219;484;376;168;208;1695
6565;Totaal over alle leeftijden;Mannen en vrouwen;Noord-Beveland;2021;7487;6385;700;223;477;402;173;229;1695
6566;Totaal over alle leeftijden;Mannen en vrouwen;Noord-Beveland;2022;7457;6339;701;224;477;417;181;236;1695
6567;Totaal over alle leeftijden;Mannen en vrouwen;Noord-Beveland;2023;7410;6266;708;226;482;436;189;247;1695
6568;Totaal over alle leeftijden;Mannen en vrouwen;Noord-Beveland;2024;7435;6281;703;226;477;451;199;252;1695
6569;Totaal over alle leeftijden;Mannen en vrouwen;Noord-Beveland;2025;7406;6231;715;216;499;460;198;262;1695
6570;Totaal over alle leeftijden;Mannen en vrouwen;Noordenveld;2008;31254;29043;1318;483;835;893;536;357;1699
6571;Totaal over alle leeftijden;Mannen en vrouwen;Noordenveld;2009;31209;28894;1288;469;819;1027;607;420;1699
6572;Totaal over alle leeftijden;Mannen en vrouwen;Noordenveld;2010;31257;28814;1304;492;812;1139;655;484;1699
6573;Totaal over alle leeftijden;Mannen en vrouwen;Noordenveld;2011;31151;28642;1284;482;802;1225;685;540;1699
6574;Totaal over alle leeftijden;Mannen en vrouwen;Noordenveld;2012;31092;28523;1287;475;812;1282;705;577;1699
6575;Totaal over alle leeftijden;Mannen en vrouwen;Noordenveld;2013;30986;28357;1294;476;818;1335;718;617;1699
6576;Totaal over alle leeftijden;Mannen en vrouwen;Noordenveld;2014;30940;28228;1295;485;810;1417;755;662;1699
6577;Totaal over alle leeftijden;Mannen en vrouwen;Noordenveld;2015;30839;28060;1315;498;817;1464;765;699;1699
6578;Totaal over alle leeftijden;Mannen en vrouwen;Noordenveld;2016;30755;27913;1306;499;807;1536;785;751;1699
6579;Totaal over alle leeftijden;Mannen en vrouwen;Noordenveld;2017;30698;27794;1293;491;802;1611;801;810;1699
6580;Totaal over alle leeftijden;Mannen en vrouwen;Noordenveld;2018;30689;27685;1299;478;821;1705;853;852;1699
6581;Totaal over alle leeftijden;Mannen en vrouwen;Noordenveld;2019;30574;27507;1294;487;807;1773;850;923;1699
6582;Totaal over alle leeftijden;Mannen en vrouwen;Noordenveld;2020;30524;27364;1321;502;819;1839;853;986;1699
6583;Totaal over alle leeftijden;Mannen en vrouwen;Noordenveld;2021;30379;27163;1288;490;798;1928;887;1041;1699
6584;Totaal over alle leeftijden;Mannen en vrouwen;Noordenveld;2022;30367;27095;1290;486;804;1982;918;1064;1699
6585;Totaal over alle leeftijden;Mannen en vrouwen;Noordenveld;2023;30344;26982;1312;497;815;2050;949;1101;1699
6586;Totaal over alle leeftijden;Mannen en vrouwen;Noordenveld;2024;30255;26820;1335;503;832;2100;981;1119;1699
6587;Totaal over alle leeftijden;Mannen en vrouwen;Noordenveld;2025;30172;26677;1330;514;816;2165;1022;1143;1699
6588;Totaal over alle leeftijden;Mannen en vrouwen;Noordoostpolder;2008;46015;40775;2387;1049;1338;2853;1766;1087;171
6589;Totaal over alle leeftijden;Mannen en vrouwen;Noordoostpolder;2009;46166;40819;2433;1066;1367;2914;1764;1150;171
6590;Totaal over alle leeftijden;Mannen en vrouwen;Noordoostpolder;2010;46563;40996;2534;1107;1427;3033;1826;1207;171
6591;Totaal over alle leeftijden;Mannen en vrouwen;Noordoostpolder;2011;46884;41126;2600;1128;1472;3158;1867;1291;171
6592;Totaal over alle leeftijden;Mannen en vrouwen;Noordoostpolder;2012;47244;41310;2673;1153;1520;3261;1909;1352;171
6593;Totaal over alle leeftijden;Mannen en vrouwen;Noordoostpolder;2013;47643;41494;2745;1190;1555;3404;1959;1445;171
6594;Totaal over alle leeftijden;Mannen en vrouwen;Noordoostpolder;2014;48008;41683;2820;1213;1607;3505;1969;1536;171
6595;Totaal over alle leeftijden;Mannen en vrouwen;Noordoostpolder;2015;48420;41891;2890;1245;1645;3639;2014;1625;171
6596;Totaal over alle leeftijden;Mannen en vrouwen;Noordoostpolder;2016;48640;41920;2976;1276;1700;3744;2064;1680;171
6597;Totaal over alle leeftijden;Mannen en vrouwen;Noordoostpolder;2017;48893;42024;2994;1274;1720;3875;2145;1730;171
6598;Totaal over alle leeftijden;Mannen en vrouwen;Noordoostpolder;2018;49102;42086;3068;1306;1762;3948;2181;1767;171
6599;Totaal over alle leeftijden;Mannen en vrouwen;Noordoostpolder;2019;49304;42097;3130;1331;1799;4077;2249;1828;171
6600;Totaal over alle leeftijden;Mannen en vrouwen;Noordoostpolder;2020;49585;42238;3161;1353;1808;4186;2304;1882;171
6601;Totaal over alle leeftijden;Mannen en vrouwen;Noordoostpolder;2021;49867;42333;3202;1363;1839;4332;2392;1940;171
6602;Totaal over alle leeftijden;Mannen en vrouwen;Noordoostpolder;2022;50145;42466;3242;1386;1856;4437;2451;1986;171
6603;Totaal over alle leeftijden;Mannen en vrouwen;Noordoostpolder;2023;50428;42552;3283;1432;1851;4593;2516;2077;171
6604;Totaal over alle leeftijden;Mannen en vrouwen;Noordoostpolder;2024;50657;42619;3344;1471;1873;4694;2582;2112;171
6605;Totaal over alle leeftijden;Mannen en vrouwen;Noordoostpolder;2025;50799;42640;3369;1487;1882;4790;2617;2173;171
6606;Totaal over alle leeftijden;Mannen en vrouwen;Noordwijk;2008;24370;20876;2431;1247;1184;1063;619;444;575
6607;Totaal over alle leeftijden;Mannen en vrouwen;Noordwijk;2009;24205;20596;2472;1293;1179;1137;668;469;575
6608;Totaal over alle leeftijden;Mannen en vrouwen;Noordwijk;2010;24148;20426;2531;1357;1174;1191;702;489;575
6609;Totaal over alle leeftijden;Mannen en vrouwen;Noordwijk;2011;24140;20303;2555;1394;1161;1282;754;528;575
6610;Totaal over alle leeftijden;Mannen en vrouwen;Noordwijk;2012;24170;20242;2596;1441;1155;1332;794;538;575
6611;Totaal over alle leeftijden;Mannen en vrouwen;Noordwijk;2013;24074;20048;2640;1476;1164;1386;832;554;575
6612;Totaal over alle leeftijden;Mannen en vrouwen;Noordwijk;2014;24071;19938;2685;1521;1164;1448;859;589;575
6613;Totaal over alle leeftijden;Mannen en vrouwen;Noordwijk;2015;24143;19878;2749;1584;1165;1516;885;631;575
6614;Totaal over alle leeftijden;Mannen en vrouwen;Noordwijk;2016;24290;19891;2815;1621;1194;1584;921;663;575
6615;Totaal over alle leeftijden;Mannen en vrouwen;Noordwijk;2017;24214;19722;2836;1645;1191;1656;975;681;575
6616;Totaal over alle leeftijden;Mannen en vrouwen;Noordwijk;2018;24209;19644;2858;1675;1183;1707;986;721;575
6617;Totaal over alle leeftijden;Mannen en vrouwen;Noordwijk;2019;24238;19592;2882;1720;1162;1764;1004;760;575
6618;Totaal over alle leeftijden;Mannen en vrouwen;Noordwijk;2020;24248;19518;2898;1739;1159;1832;1057;775;575
6619;Totaal over alle leeftijden;Mannen en vrouwen;Noordwijk;2021;24329;19507;2938;1769;1169;1884;1084;800;575
6620;Totaal over alle leeftijden;Mannen en vrouwen;Noordwijk;2022;24372;19466;2962;1789;1173;1944;1119;825;575
6621;Totaal over alle leeftijden;Mannen en vrouwen;Noordwijk;2023;24489;19460;3011;1839;1172;2018;1161;857;575
6622;Totaal over alle leeftijden;Mannen en vrouwen;Noordwijk;2024;24619;19451;3092;1903;1189;2076;1191;885;575
6623;Totaal over alle leeftijden;Mannen en vrouwen;Noordwijk;2025;24705;19424;3136;1941;1195;2145;1222;923;575
6624;Totaal over alle leeftijden;Mannen en vrouwen;Noordwijkerhout;2008;15011;13198;1280;627;653;533;303;230;576
6625;Totaal over alle leeftijden;Mannen en vrouwen;Noordwijkerhout;2009;14869;13026;1273;633;640;570;331;239;576
6626;Totaal over alle leeftijden;Mannen en vrouwen;Noordwijkerhout;2010;14878;12969;1284;647;637;625;363;262;576
6627;Totaal over alle leeftijden;Mannen en vrouwen;Noordwijkerhout;2011;14800;12841;1296;665;631;663;374;289;576
6628;Totaal over alle leeftijden;Mannen en vrouwen;Noordwijkerhout;2012;14711;12705;1301;683;618;705;384;321;576
6629;Totaal over alle leeftijden;Mannen en vrouwen;Noordwijkerhout;2013;14659;12622;1298;689;609;739;400;339;576
6630;Totaal over alle leeftijden;Mannen en vrouwen;Noordwijkerhout;2014;14658;12555;1311;684;627;792;423;369;576
6631;Totaal over alle leeftijden;Mannen en vrouwen;Noordwijkerhout;2015;14654;12499;1335;701;634;820;431;389;576
6632;Totaal over alle leeftijden;Mannen en vrouwen;Noordwijkerhout;2016;14681;12470;1350;716;634;861;442;419;576
6633;Totaal over alle leeftijden;Mannen en vrouwen;Noordwijkerhout;2017;14665;12399;1390;737;653;876;448;428;576
6634;Totaal over alle leeftijden;Mannen en vrouwen;Noordwijkerhout;2018;14708;12392;1428;779;649;888;447;441;576
6635;Totaal over alle leeftijden;Mannen en vrouwen;Noordwijkerhout;2019;14730;12375;1433;771;662;922;462;460;576
6636;Totaal over alle leeftijden;Mannen en vrouwen;Noordwijkerhout;2020;14733;12325;1433;768;665;975;484;491;576
6637;Totaal over alle leeftijden;Mannen en vrouwen;Noordwijkerhout;2021;14805;12340;1462;784;678;1003;515;488;576
6638;Totaal over alle leeftijden;Mannen en vrouwen;Noordwijkerhout;2022;14895;12384;1480;799;681;1031;517;514;576
6639;Totaal over alle leeftijden;Mannen en vrouwen;Noordwijkerhout;2023;14791;12227;1485;802;683;1079;541;538;576
6640;Totaal over alle leeftijden;Mannen en vrouwen;Noordwijkerhout;2024;14871;12245;1521;836;685;1105;546;559;576
6641;Totaal over alle leeftijden;Mannen en vrouwen;Noordwijkerhout;2025;14824;12163;1542;856;686;1119;554;565;576
6642;Totaal over alle leeftijden;Mannen en vrouwen;Nuenen, Gerwen en Nederwetten;2008;22866;20348;1883;593;1290;635;370;265;820
6643;Totaal over alle leeftijden;Mannen en vrouwen;Nuenen, Gerwen en Nederwetten;2009;22767;20229;1863;591;1272;675;398;277;820
6644;Totaal over alle leeftijden;Mannen en vrouwen;Nuenen, Gerwen en Nederwetten;2010;22810;20209;1857;595;1262;744;418;326;820
6645;Totaal over alle leeftijden;Mannen en vrouwen;Nuenen, Gerwen en Nederwetten;2011;22787;20158;1836;586;1250;793;427;366;820
6646;Totaal over alle leeftijden;Mannen en vrouwen;Nuenen, Gerwen en Nederwetten;2012;22829;20151;1817;591;1226;861;466;395;820
6647;Totaal over alle leeftijden;Mannen en vrouwen;Nuenen, Gerwen en Nederwetten;2013;22868;20173;1816;594;1222;879;486;393;820
6648;Totaal over alle leeftijden;Mannen en vrouwen;Nuenen, Gerwen en Nederwetten;2014;22904;20197;1796;582;1214;911;489;422;820
6649;Totaal over alle leeftijden;Mannen en vrouwen;Nuenen, Gerwen en Nederwetten;2015;22893;20115;1823;607;1216;955;515;440;820
6650;Totaal over alle leeftijden;Mannen en vrouwen;Nuenen, Gerwen en Nederwetten;2016;22896;20065;1803;592;1211;1028;555;473;820
6651;Totaal over alle leeftijden;Mannen en vrouwen;Nuenen, Gerwen en Nederwetten;2017;22911;20054;1790;584;1206;1067;578;489;820
6652;Totaal over alle leeftijden;Mannen en vrouwen;Nuenen, Gerwen en Nederwetten;2018;22920;20040;1773;579;1194;1107;577;530;820
6653;Totaal over alle leeftijden;Mannen en vrouwen;Nuenen, Gerwen en Nederwetten;2019;22851;19942;1757;577;1180;1152;617;535;820
6654;Totaal over alle leeftijden;Mannen en vrouwen;Nuenen, Gerwen en Nederwetten;2020;22841;19896;1760;588;1172;1185;637;548;820
6655;Totaal over alle leeftijden;Mannen en vrouwen;Nuenen, Gerwen en Nederwetten;2021;22890;19866;1784;607;1177;1240;665;575;820
6656;Totaal over alle leeftijden;Mannen en vrouwen;Nuenen, Gerwen en Nederwetten;2022;22912;19858;1795;618;1177;1259;670;589;820
6657;Totaal over alle leeftijden;Mannen en vrouwen;Nuenen, Gerwen en Nederwetten;2023;22913;19834;1788;617;1171;1291;685;606;820
6658;Totaal over alle leeftijden;Mannen en vrouwen;Nuenen, Gerwen en Nederwetten;2024;22982;19822;1809;624;1185;1351;715;636;820
6659;Totaal over alle leeftijden;Mannen en vrouwen;Nuenen, Gerwen en Nederwetten;2025;22986;19771;1818;630;1188;1397;744;653;820
6660;Totaal over alle leeftijden;Mannen en vrouwen;Nunspeet;2008;26265;24613;875;342;533;777;478;299;302
6661;Totaal over alle leeftijden;Mannen en vrouwen;Nunspeet;2009;26310;24591;880;347;533;839;503;336;302
6662;Totaal over alle leeftijden;Mannen en vrouwen;Nunspeet;2010;26294;24506;885;346;539;903;534;369;302
6663;Totaal over alle leeftijden;Mannen en vrouwen;Nunspeet;2011;26246;24392;893;346;547;961;558;403;302
6664;Totaal over alle leeftijden;Mannen en vrouwen;Nunspeet;2012;26234;24319;910;346;564;1005;573;432;302
6665;Totaal over alle leeftijden;Mannen en vrouwen;Nunspeet;2013;26232;24249;940;358;582;1043;581;462;302
6666;Totaal over alle leeftijden;Mannen en vrouwen;Nunspeet;2014;26148;24098;954;373;581;1096;612;484;302
6667;Totaal over alle leeftijden;Mannen en vrouwen;Nunspeet;2015;26105;23979;991;392;599;1135;616;519;302
6668;Totaal over alle leeftijden;Mannen en vrouwen;Nunspeet;2016;25957;23789;1008;396;612;1160;633;527;302
6669;Totaal over alle leeftijden;Mannen en vrouwen;Nunspeet;2017;25902;23680;1010;389;621;1212;659;553;302
6670;Totaal over alle leeftijden;Mannen en vrouwen;Nunspeet;2018;25941;23632;1041;401;640;1268;679;589;302
6671;Totaal over alle leeftijden;Mannen en vrouwen;Nunspeet;2019;25937;23591;1058;406;652;1288;684;604;302
6672;Totaal over alle leeftijden;Mannen en vrouwen;Nunspeet;2020;25906;23532;1054;404;650;1320;691;629;302
6673;Totaal over alle leeftijden;Mannen en vrouwen;Nunspeet;2021;25896;23456;1065;395;670;1375;732;643;302
6674;Totaal over alle leeftijden;Mannen en vrouwen;Nunspeet;2022;25861;23354;1097;403;694;1410;745;665;302
6675;Totaal over alle leeftijden;Mannen en vrouwen;Nunspeet;2023;25795;23237;1113;417;696;1445;763;682;302
6676;Totaal over alle leeftijden;Mannen en vrouwen;Nunspeet;2024;25719;23123;1125;418;707;1471;784;687;302
6677;Totaal over alle leeftijden;Mannen en vrouwen;Nunspeet;2025;25593;22971;1127;427;700;1495;786;709;302
6678;Totaal over alle leeftijden;Mannen en vrouwen;Nuth;2008;15695;13613;1658;409;1249;424;252;172;951
6679;Totaal over alle leeftijden;Mannen en vrouwen;Nuth;2009;15490;13429;1614;404;1210;447;262;185;951
6680;Totaal over alle leeftijden;Mannen en vrouwen;Nuth;2010;15369;13293;1602;409;1193;474;273;201;951
6681;Totaal over alle leeftijden;Mannen en vrouwen;Nuth;2011;15321;13239;1571;420;1151;511;285;226;951
6682;Totaal over alle leeftijden;Mannen en vrouwen;Nuth;2012;15215;13149;1542;411;1131;524;286;238;951
6683;Totaal over alle leeftijden;Mannen en vrouwen;Nuth;2013;15162;13066;1536;425;1111;560;292;268;951
6684;Totaal over alle leeftijden;Mannen en vrouwen;Nuth;2014;15152;13018;1525;426;1099;609;328;281;951
6685;Totaal over alle leeftijden;Mannen en vrouwen;Nuth;2015;15188;12994;1526;447;1079;668;358;310;951
6686;Totaal over alle leeftijden;Mannen en vrouwen;Nuth;2016;15231;13029;1494;440;1054;708;368;340;951
6687;Totaal over alle leeftijden;Mannen en vrouwen;Nuth;2017;15235;13004;1494;465;1029;737;391;346;951
6688;Totaal over alle leeftijden;Mannen en vrouwen;Nuth;2018;15216;12943;1493;463;1030;780;402;378;951
6689;Totaal over alle leeftijden;Mannen en vrouwen;Nuth;2019;15236;12923;1493;455;1038;820;425;395;951
6690;Totaal over alle leeftijden;Mannen en vrouwen;Nuth;2020;15199;12824;1497;463;1034;878;443;435;951
6691;Totaal over alle leeftijden;Mannen en vrouwen;Nuth;2021;15217;12797;1492;465;1027;928;461;467;951
6692;Totaal over alle leeftijden;Mannen en vrouwen;Nuth;2022;15251;12788;1507;496;1011;956;470;486;951
6693;Totaal over alle leeftijden;Mannen en vrouwen;Nuth;2023;15245;12754;1494;492;1002;997;482;515;951
6694;Totaal over alle leeftijden;Mannen en vrouwen;Nuth;2024;15271;12745;1485;517;968;1041;493;548;951
6695;Totaal over alle leeftijden;Mannen en vrouwen;Nuth;2025;15349;12776;1490;530;960;1083;507;576;951
6696;Totaal over alle leeftijden;Mannen en vrouwen;Oegstgeest;2008;21739;17226;3038;1448;1590;1475;843;632;579
6697;Totaal over alle leeftijden;Mannen en vrouwen;Oegstgeest;2009;21724;17115;3068;1498;1570;1541;886;655;579
6698;Totaal over alle leeftijden;Mannen en vrouwen;Oegstgeest;2010;21678;17032;3091;1510;1581;1555;883;672;579
6699;Totaal over alle leeftijden;Mannen en vrouwen;Oegstgeest;2011;21625;16957;3104;1540;1564;1564;886;678;579
6700;Totaal over alle leeftijden;Mannen en vrouwen;Oegstgeest;2012;21535;16798;3137;1584;1553;1600;926;674;579
6701;Totaal over alle leeftijden;Mannen en vrouwen;Oegstgeest;2013;21536;16747;3148;1610;1538;1641;930;711;579
6702;Totaal over alle leeftijden;Mannen en vrouwen;Oegstgeest;2014;21548;16620;3241;1664;1577;1687;955;732;579
6703;Totaal over alle leeftijden;Mannen en vrouwen;Oegstgeest;2015;21532;16504;3315;1722;1593;1713;966;747;579
6704;Totaal over alle leeftijden;Mannen en vrouwen;Oegstgeest;2016;21568;16451;3354;1758;1596;1763;986;777;579
6705;Totaal over alle leeftijden;Mannen en vrouwen;Oegstgeest;2017;21554;16387;3366;1795;1571;1801;991;810;579
6706;Totaal over alle leeftijden;Mannen en vrouwen;Oegstgeest;2018;21544;16322;3378;1806;1572;1844;1005;839;579
6707;Totaal over alle leeftijden;Mannen en vrouwen;Oegstgeest;2019;21564;16227;3451;1854;1597;1886;1025;861;579
6708;Totaal over alle leeftijden;Mannen en vrouwen;Oegstgeest;2020;21630;16209;3468;1860;1608;1953;1049;904;579
6709;Totaal over alle leeftijden;Mannen en vrouwen;Oegstgeest;2021;21619;16161;3488;1882;1606;1970;1063;907;579
6710;Totaal over alle leeftijden;Mannen en vrouwen;Oegstgeest;2022;21650;16136;3516;1919;1597;1998;1108;890;579
6711;Totaal over alle leeftijden;Mannen en vrouwen;Oegstgeest;2023;21751;16140;3570;1953;1617;2041;1134;907;579
6712;Totaal over alle leeftijden;Mannen en vrouwen;Oegstgeest;2024;21785;16099;3605;1974;1631;2081;1156;925;579
6713;Totaal over alle leeftijden;Mannen en vrouwen;Oegstgeest;2025;21776;15996;3640;2011;1629;2140;1203;937;579
6714;Totaal over alle leeftijden;Mannen en vrouwen;Oirschot;2008;17663;16679;653;217;436;331;186;145;823
6715;Totaal over alle leeftijden;Mannen en vrouwen;Oirschot;2009;17496;16474;650;220;430;372;209;163;823
6716;Totaal over alle leeftijden;Mannen en vrouwen;Oirschot;2010;17419;16352;654;223;431;413;226;187;823
6717;Totaal over alle leeftijden;Mannen en vrouwen;Oirschot;2011;17449;16311;683;241;442;455;252;203;823
6718;Totaal over alle leeftijden;Mannen en vrouwen;Oirschot;2012;17344;16155;690;245;445;499;274;225;823
6719;Totaal over alle leeftijden;Mannen en vrouwen;Oirschot;2013;17306;16036;714;261;453;556;304;252;823
6720;Totaal over alle leeftijden;Mannen en vrouwen;Oirschot;2014;17301;15961;722;249;473;618;336;282;823
6721;Totaal over alle leeftijden;Mannen en vrouwen;Oirschot;2015;17368;15941;755;256;499;672;354;318;823
6722;Totaal over alle leeftijden;Mannen en vrouwen;Oirschot;2016;17421;15912;777;270;507;732;386;346;823
6723;Totaal over alle leeftijden;Mannen en vrouwen;Oirschot;2017;17423;15826;820;284;536;777;401;376;823
6724;Totaal over alle leeftijden;Mannen en vrouwen;Oirschot;2018;17345;15698;838;303;535;809;409;400;823
6725;Totaal over alle leeftijden;Mannen en vrouwen;Oirschot;2019;17404;15693;846;295;551;865;437;428;823
6726;Totaal over alle leeftijden;Mannen en vrouwen;Oirschot;2020;17464;15682;862;314;548;920;443;477;823
6727;Totaal over alle leeftijden;Mannen en vrouwen;Oirschot;2021;17499;15642;863;303;560;994;477;517;823
6728;Totaal over alle leeftijden;Mannen en vrouwen;Oirschot;2022;17518;15604;879;307;572;1035;498;537;823
6729;Totaal over alle leeftijden;Mannen en vrouwen;Oirschot;2023;17586;15610;909;324;585;1067;506;561;823
6730;Totaal over alle leeftijden;Mannen en vrouwen;Oirschot;2024;17632;15604;916;322;594;1112;541;571;823
6731;Totaal over alle leeftijden;Mannen en vrouwen;Oirschot;2025;17687;15595;948;339;609;1144;551;593;823
6732;Totaal over alle leeftijden;Mannen en vrouwen;Oisterwijk;2008;25740;22862;1734;663;1071;1144;691;453;824
6733;Totaal over alle leeftijden;Mannen en vrouwen;Oisterwijk;2009;25638;22716;1748;657;1091;1174;712;462;824
6734;Totaal over alle leeftijden;Mannen en vrouwen;Oisterwijk;2010;25498;22500;1747;657;1090;1251;749;502;824
6735;Totaal over alle leeftijden;Mannen en vrouwen;Oisterwijk;2011;25413;22343;1766;661;1105;1304;777;527;824
6736;Totaal over alle leeftijden;Mannen en vrouwen;Oisterwijk;2012;25252;22139;1772;652;1120;1341;801;540;824
6737;Totaal over alle leeftijden;Mannen en vrouwen;Oisterwijk;2013;25210;22000;1804;675;1129;1406;837;569;824
6738;Totaal over alle leeftijden;Mannen en vrouwen;Oisterwijk;2014;25122;21835;1804;690;1114;1483;879;604;824
6739;Totaal over alle leeftijden;Mannen en vrouwen;Oisterwijk;2015;24971;21650;1822;692;1130;1499;891;608;824
6740;Totaal over alle leeftijden;Mannen en vrouwen;Oisterwijk;2016;24951;21535;1856;716;1140;1560;912;648;824
6741;Totaal over alle leeftijden;Mannen en vrouwen;Oisterwijk;2017;24916;21407;1905;730;1175;1604;942;662;824
6742;Totaal over alle leeftijden;Mannen en vrouwen;Oisterwijk;2018;24863;21273;1930;746;1184;1660;963;697;824
6743;Totaal over alle leeftijden;Mannen en vrouwen;Oisterwijk;2019;24840;21178;1954;755;1199;1708;990;718;824
6744;Totaal over alle leeftijden;Mannen en vrouwen;Oisterwijk;2020;24716;20988;1977;760;1217;1751;1002;749;824
6745;Totaal over alle leeftijden;Mannen en vrouwen;Oisterwijk;2021;24702;20881;2020;782;1238;1801;1036;765;824
6746;Totaal over alle leeftijden;Mannen en vrouwen;Oisterwijk;2022;24760;20825;2063;818;1245;1872;1058;814;824
6747;Totaal over alle leeftijden;Mannen en vrouwen;Oisterwijk;2023;24756;20734;2075;816;1259;1947;1096;851;824
6748;Totaal over alle leeftijden;Mannen en vrouwen;Oisterwijk;2024;24743;20642;2087;812;1275;2014;1114;900;824
6749;Totaal over alle leeftijden;Mannen en vrouwen;Oisterwijk;2025;24649;20501;2097;802;1295;2051;1133;918;824
6750;Totaal over alle leeftijden;Mannen en vrouwen;Oldebroek;2008;22255;21166;597;209;388;492;278;214;269
6751;Totaal over alle leeftijden;Mannen en vrouwen;Oldebroek;2009;21947;20835;608;202;406;504;291;213;269
6752;Totaal over alle leeftijden;Mannen en vrouwen;Oldebroek;2010;21840;20672;620;207;413;548;314;234;269
6753;Totaal over alle leeftijden;Mannen en vrouwen;Oldebroek;2011;21750;20504;648;216;432;598;334;264;269
6754;Totaal over alle leeftijden;Mannen en vrouwen;Oldebroek;2012;21707;20373;676;225;451;658;374;284;269
6755;Totaal over alle leeftijden;Mannen en vrouwen;Oldebroek;2013;21616;20216;689;228;461;711;396;315;269
6756;Totaal over alle leeftijden;Mannen en vrouwen;Oldebroek;2014;21478;20005;705;230;475;768;436;332;269
6757;Totaal over alle leeftijden;Mannen en vrouwen;Oldebroek;2015;21430;19904;729;240;489;797;441;356;269
6758;Totaal over alle leeftijden;Mannen en vrouwen;Oldebroek;2016;21411;19803;748;252;496;860;453;407;269
6759;Totaal over alle leeftijden;Mannen en vrouwen;Oldebroek;2017;21519;19830;781;266;515;908;474;434;269
6760;Totaal over alle leeftijden;Mannen en vrouwen;Oldebroek;2018;21574;19839;796;261;535;939;480;459;269
6761;Totaal over alle leeftijden;Mannen en vrouwen;Oldebroek;2019;21585;19778;826;278;548;981;486;495;269
6762;Totaal over alle leeftijden;Mannen en vrouwen;Oldebroek;2020;21682;19807;857;299;558;1018;505;513;269
6763;Totaal over alle leeftijden;Mannen en vrouwen;Oldebroek;2021;21642;19745;870;303;567;1027;502;525;269
6764;Totaal over alle leeftijden;Mannen en vrouwen;Oldebroek;2022;21619;19667;889;311;578;1063;524;539;269
6765;Totaal over alle leeftijden;Mannen en vrouwen;Oldebroek;2023;21710;19670;909;303;606;1131;553;578;269
6766;Totaal over alle leeftijden;Mannen en vrouwen;Oldebroek;2024;21737;19627;924;319;605;1186;595;591;269
6767;Totaal over alle leeftijden;Mannen en vrouwen;Oldebroek;2025;21684;19546;927;317;610;1211;597;614;269
6768;Totaal over alle leeftijden;Mannen en vrouwen;Oldenzaal;2008;31838;27158;2573;763;1810;2107;1175;932;173
6769;Totaal over alle leeftijden;Mannen en vrouwen;Oldenzaal;2009;31905;27189;2558;759;1799;2158;1217;941;173
6770;Totaal over alle leeftijden;Mannen en vrouwen;Oldenzaal;2010;32005;27286;2514;728;1786;2205;1249;956;173
6771;Totaal over alle leeftijden;Mannen en vrouwen;Oldenzaal;2011;32032;27336;2493;721;1772;2203;1261;942;173
6772;Totaal over alle leeftijden;Mannen en vrouwen;Oldenzaal;2012;32077;27338;2507;739;1768;2232;1263;969;173
6773;Totaal over alle leeftijden;Mannen en vrouwen;Oldenzaal;2013;32124;27337;2526;758;1768;2261;1285;976;173
6774;Totaal over alle leeftijden;Mannen en vrouwen;Oldenzaal;2014;32135;27318;2522;766;1756;2295;1298;997;173
6775;Totaal over alle leeftijden;Mannen en vrouwen;Oldenzaal;2015;32187;27295;2518;784;1734;2374;1332;1042;173
6776;Totaal over alle leeftijden;Mannen en vrouwen;Oldenzaal;2016;32135;27206;2508;795;1713;2421;1358;1063;173
6777;Totaal over alle leeftijden;Mannen en vrouwen;Oldenzaal;2017;32093;27130;2507;794;1713;2456;1367;1089;173
6778;Totaal over alle leeftijden;Mannen en vrouwen;Oldenzaal;2018;32082;27105;2496;805;1691;2481;1376;1105;173
6779;Totaal over alle leeftijden;Mannen en vrouwen;Oldenzaal;2019;32003;26995;2474;804;1670;2534;1411;1123;173
6780;Totaal over alle leeftijden;Mannen en vrouwen;Oldenzaal;2020;31858;26848;2439;794;1645;2571;1432;1139;173
6781;Totaal over alle leeftijden;Mannen en vrouwen;Oldenzaal;2021;31799;26771;2420;784;1636;2608;1444;1164;173
6782;Totaal over alle leeftijden;Mannen en vrouwen;Oldenzaal;2022;31723;26655;2409;782;1627;2659;1483;1176;173
6783;Totaal over alle leeftijden;Mannen en vrouwen;Oldenzaal;2023;31705;26610;2392;794;1598;2703;1489;1214;173
6784;Totaal over alle leeftijden;Mannen en vrouwen;Oldenzaal;2024;31648;26550;2371;795;1576;2727;1513;1214;173
6785;Totaal over alle leeftijden;Mannen en vrouwen;Oldenzaal;2025;31586;26477;2357;788;1569;2752;1528;1224;173
6786;Totaal over alle leeftijden;Mannen en vrouwen;Olst-Wijhe;2008;17034;15867;666;207;459;501;284;217;1773
6787;Totaal over alle leeftijden;Mannen en vrouwen;Olst-Wijhe;2009;16850;15668;668;200;468;514;292;222;1773
6788;Totaal over alle leeftijden;Mannen en vrouwen;Olst-Wijhe;2010;16795;15591;671;198;473;533;290;243;1773
6789;Totaal over alle leeftijden;Mannen en vrouwen;Olst-Wijhe;2011;16626;15400;672;203;469;554;291;263;1773
6790;Totaal over alle leeftijden;Mannen en vrouwen;Olst-Wijhe;2012;16584;15320;681;208;473;583;302;281;1773
6791;Totaal over alle leeftijden;Mannen en vrouwen;Olst-Wijhe;2013;16427;15137;692;213;479;598;311;287;1773
6792;Totaal over alle leeftijden;Mannen en vrouwen;Olst-Wijhe;2014;16350;15042;694;212;482;614;320;294;1773
6793;Totaal over alle leeftijden;Mannen en vrouwen;Olst-Wijhe;2015;16287;14948;706;219;487;633;332;301;1773
6794;Totaal over alle leeftijden;Mannen en vrouwen;Olst-Wijhe;2016;16126;14793;694;218;476;639;344;295;1773
6795;Totaal over alle leeftijden;Mannen en vrouwen;Olst-Wijhe;2017;16050;14685;691;208;483;674;359;315;1773
6796;Totaal over alle leeftijden;Mannen en vrouwen;Olst-Wijhe;2018;15913;14570;669;201;468;674;359;315;1773
6797;Totaal over alle leeftijden;Mannen en vrouwen;Olst-Wijhe;2019;15856;14484;660;200;460;712;380;332;1773
6798;Totaal over alle leeftijden;Mannen en vrouwen;Olst-Wijhe;2020;15706;14325;661;206;455;720;372;348;1773
6799;Totaal over alle leeftijden;Mannen en vrouwen;Olst-Wijhe;2021;15550;14142;665;206;459;743;379;364;1773
6800;Totaal over alle leeftijden;Mannen en vrouwen;Olst-Wijhe;2022;15377;13962;658;203;455;757;387;370;1773
6801;Totaal over alle leeftijden;Mannen en vrouwen;Olst-Wijhe;2023;15306;13890;644;209;435;772;385;387;1773
6802;Totaal over alle leeftijden;Mannen en vrouwen;Olst-Wijhe;2024;15342;13873;656;216;440;813;399;414;1773
6803;Totaal over alle leeftijden;Mannen en vrouwen;Olst-Wijhe;2025;15182;13713;654;212;442;815;414;401;1773
6804;Totaal over alle leeftijden;Mannen en vrouwen;Ommen;2008;17154;16224;560;207;353;370;221;149;175
6805;Totaal over alle leeftijden;Mannen en vrouwen;Ommen;2009;17020;16048;563;207;356;409;253;156;175
6806;Totaal over alle leeftijden;Mannen en vrouwen;Ommen;2010;16956;15962;552;200;352;442;279;163;175
6807;Totaal over alle leeftijden;Mannen en vrouwen;Ommen;2011;16827;15795;547;192;355;485;296;189;175
6808;Totaal over alle leeftijden;Mannen en vrouwen;Ommen;2012;16673;15591;566;195;371;516;318;198;175
6809;Totaal over alle leeftijden;Mannen en vrouwen;Ommen;2013;16640;15513;574;199;375;553;330;223;175
6810;Totaal over alle leeftijden;Mannen en vrouwen;Ommen;2014;16517;15353;579;200;379;585;351;234;175
6811;Totaal over alle leeftijden;Mannen en vrouwen;Ommen;2015;16473;15268;582;201;381;623;362;261;175
6812;Totaal over alle leeftijden;Mannen en vrouwen;Ommen;2016;16391;15172;571;197;374;648;368;280;175
6813;Totaal over alle leeftijden;Mannen en vrouwen;Ommen;2017;16318;15080;568;188;380;670;376;294;175
6814;Totaal over alle leeftijden;Mannen en vrouwen;Ommen;2018;16292;15011;570;184;386;711;400;311;175
6815;Totaal over alle leeftijden;Mannen en vrouwen;Ommen;2019;16259;14927;600;194;406;732;404;328;175
6816;Totaal over alle leeftijden;Mannen en vrouwen;Ommen;2020;16204;14826;615;196;419;763;415;348;175
6817;Totaal over alle leeftijden;Mannen en vrouwen;Ommen;2021;16191;14775;615;199;416;801;440;361;175
6818;Totaal over alle leeftijden;Mannen en vrouwen;Ommen;2022;16196;14735;633;219;414;828;446;382;175
6819;Totaal over alle leeftijden;Mannen en vrouwen;Ommen;2023;16122;14624;636;211;425;862;470;392;175
6820;Totaal over alle leeftijden;Mannen en vrouwen;Ommen;2024;16117;14567;649;210;439;901;489;412;175
6821;Totaal over alle leeftijden;Mannen en vrouwen;Ommen;2025;16091;14512;651;210;441;928;498;430;175
6822;Totaal over alle leeftijden;Mannen en vrouwen;Onderbanken;2008;8263;6489;1536;390;1146;238;139;99;881
6823;Totaal over alle leeftijden;Mannen en vrouwen;Onderbanken;2009;8184;6457;1481;379;1102;246;140;106;881
6824;Totaal over alle leeftijden;Mannen en vrouwen;Onderbanken;2010;8111;6399;1430;368;1062;282;156;126;881
6825;Totaal over alle leeftijden;Mannen en vrouwen;Onderbanken;2011;8105;6449;1377;353;1024;279;148;131;881
6826;Totaal over alle leeftijden;Mannen en vrouwen;Onderbanken;2012;7998;6396;1324;350;974;278;146;132;881
6827;Totaal over alle leeftijden;Mannen en vrouwen;Onderbanken;2013;8013;6428;1293;345;948;292;149;143;881
6828;Totaal over alle leeftijden;Mannen en vrouwen;Onderbanken;2014;8015;6438;1265;339;926;312;158;154;881
6829;Totaal over alle leeftijden;Mannen en vrouwen;Onderbanken;2015;7994;6433;1241;342;899;320;163;157;881
6830;Totaal over alle leeftijden;Mannen en vrouwen;Onderbanken;2016;8020;6454;1223;338;885;343;179;164;881
6831;Totaal over alle leeftijden;Mannen en vrouwen;Onderbanken;2017;8055;6518;1186;329;857;351;180;171;881
6832;Totaal over alle leeftijden;Mannen en vrouwen;Onderbanken;2018;8044;6530;1139;318;821;375;179;196;881
6833;Totaal over alle leeftijden;Mannen en vrouwen;Onderbanken;2019;7985;6489;1114;317;797;382;186;196;881
6834;Totaal over alle leeftijden;Mannen en vrouwen;Onderbanken;2020;7997;6513;1099;317;782;385;187;198;881
6835;Totaal over alle leeftijden;Mannen en vrouwen;Onderbanken;2021;7989;6520;1077;306;771;392;187;205;881
6836;Totaal over alle leeftijden;Mannen en vrouwen;Onderbanken;2022;7992;6532;1063;302;761;397;197;200;881
6837;Totaal over alle leeftijden;Mannen en vrouwen;Onderbanken;2023;8026;6556;1046;308;738;424;204;220;881
6838;Totaal over alle leeftijden;Mannen en vrouwen;Onderbanken;2024;8079;6605;1037;318;719;437;212;225;881
6839;Totaal over alle leeftijden;Mannen en vrouwen;Onderbanken;2025;8123;6653;1022;305;717;448;213;235;881
6840;Totaal over alle leeftijden;Mannen en vrouwen;Oosterhout;2008;53703;44897;4317;1557;2760;4489;2422;2067;826
6841;Totaal over alle leeftijden;Mannen en vrouwen;Oosterhout;2009;54112;45252;4355;1573;2782;4505;2405;2100;826
6842;Totaal over alle leeftijden;Mannen en vrouwen;Oosterhout;2010;54391;45518;4340;1556;2784;4533;2434;2099;826
6843;Totaal over alle leeftijden;Mannen en vrouwen;Oosterhout;2011;54663;45707;4353;1576;2777;4603;2474;2129;826
6844;Totaal over alle leeftijden;Mannen en vrouwen;Oosterhout;2012;54769;45834;4322;1564;2758;4613;2476;2137;826
6845;Totaal over alle leeftijden;Mannen en vrouwen;Oosterhout;2013;54897;45927;4362;1581;2781;4608;2484;2124;826
6846;Totaal over alle leeftijden;Mannen en vrouwen;Oosterhout;2014;55090;46076;4363;1590;2773;4651;2516;2135;826
6847;Totaal over alle leeftijden;Mannen en vrouwen;Oosterhout;2015;55198;46149;4382;1604;2778;4667;2517;2150;826
6848;Totaal over alle leeftijden;Mannen en vrouwen;Oosterhout;2016;55262;46219;4352;1595;2757;4691;2528;2163;826
6849;Totaal over alle leeftijden;Mannen en vrouwen;Oosterhout;2017;55331;46237;4366;1622;2744;4728;2554;2174;826
6850;Totaal over alle leeftijden;Mannen en vrouwen;Oosterhout;2018;55446;46260;4389;1615;2774;4797;2603;2194;826
6851;Totaal over alle leeftijden;Mannen en vrouwen;Oosterhout;2019;55555;46318;4363;1590;2773;4874;2638;2236;826
6852;Totaal over alle leeftijden;Mannen en vrouwen;Oosterhout;2020;55684;46363;4406;1608;2798;4915;2657;2258;826
6853;Totaal over alle leeftijden;Mannen en vrouwen;Oosterhout;2021;55831;46444;4448;1637;2811;4939;2668;2271;826
6854;Totaal over alle leeftijden;Mannen en vrouwen;Oosterhout;2022;55864;46462;4427;1630;2797;4975;2706;2269;826
6855;Totaal over alle leeftijden;Mannen en vrouwen;Oosterhout;2023;55937;46478;4409;1627;2782;5050;2744;2306;826
6856;Totaal over alle leeftijden;Mannen en vrouwen;Oosterhout;2024;56023;46481;4420;1629;2791;5122;2783;2339;826
6857;Totaal over alle leeftijden;Mannen en vrouwen;Oosterhout;2025;56070;46464;4455;1633;2822;5151;2782;2369;826
6858;Totaal over alle leeftijden;Mannen en vrouwen;Oostflakkee;2008;9968;9401;366;117;249;201;117;84;580
6859;Totaal over alle leeftijden;Mannen en vrouwen;Oostflakkee;2009;10017;9398;381;121;260;238;140;98;580
6860;Totaal over alle leeftijden;Mannen en vrouwen;Oostflakkee;2010;9987;9344;389;124;265;254;145;109;580
6861;Totaal over alle leeftijden;Mannen en vrouwen;Oostflakkee;2011;9969;9289;399;129;270;281;150;131;580
6862;Totaal over alle leeftijden;Mannen en vrouwen;Oostflakkee;2012;9890;9171;409;137;272;310;170;140;580
6863;Totaal over alle leeftijden;Mannen en vrouwen;Oostflakkee;2013;9834;9074;432;148;284;328;180;148;580
6864;Totaal over alle leeftijden;Mannen en vrouwen;Oostflakkee;2014;9824;9007;461;164;297;356;193;163;580
6865;Totaal over alle leeftijden;Mannen en vrouwen;Oostflakkee;2015;9748;8906;472;169;303;370;197;173;580
6866;Totaal over alle leeftijden;Mannen en vrouwen;Oostflakkee;2016;9718;8837;484;168;316;397;214;183;580
6867;Totaal over alle leeftijden;Mannen en vrouwen;Oostflakkee;2017;9667;8750;499;175;324;418;225;193;580
6868;Totaal over alle leeftijden;Mannen en vrouwen;Oostflakkee;2018;9623;8674;498;174;324;451;239;212;580
6869;Totaal over alle leeftijden;Mannen en vrouwen;Oostflakkee;2019;9573;8597;502;173;329;474;244;230;580
6870;Totaal over alle leeftijden;Mannen en vrouwen;Oostflakkee;2020;9589;8553;520;179;341;516;262;254;580
6871;Totaal over alle leeftijden;Mannen en vrouwen;Oostflakkee;2021;9632;8532;547;183;364;553;291;262;580
6872;Totaal over alle leeftijden;Mannen en vrouwen;Oostflakkee;2022;9603;8467;550;185;365;586;315;271;580
6873;Totaal over alle leeftijden;Mannen en vrouwen;Oostflakkee;2023;9586;8439;553;193;360;594;309;285;580
6874;Totaal over alle leeftijden;Mannen en vrouwen;Oostflakkee;2024;9601;8416;564;204;360;621;321;300;580
6875;Totaal over alle leeftijden;Mannen en vrouwen;Oostflakkee;2025;9547;8348;573;211;362;626;322;304;580
6876;Totaal over alle leeftijden;Mannen en vrouwen;Oost Gelre;2008;29560;27087;1595;472;1123;878;505;373;1586
6877;Totaal over alle leeftijden;Mannen en vrouwen;Oost Gelre;2009;29459;26931;1594;481;1113;934;541;393;1586
6878;Totaal over alle leeftijden;Mannen en vrouwen;Oost Gelre;2010;29447;26864;1576;479;1097;1007;593;414;1586
6879;Totaal over alle leeftijden;Mannen en vrouwen;Oost Gelre;2011;29520;26884;1559;478;1081;1077;639;438;1586
6880;Totaal over alle leeftijden;Mannen en vrouwen;Oost Gelre;2012;29417;26755;1531;455;1076;1131;672;459;1586
6881;Totaal over alle leeftijden;Mannen en vrouwen;Oost Gelre;2013;29285;26619;1513;459;1054;1153;691;462;1586
6882;Totaal over alle leeftijden;Mannen en vrouwen;Oost Gelre;2014;29254;26525;1494;467;1027;1235;724;511;1586
6883;Totaal over alle leeftijden;Mannen en vrouwen;Oost Gelre;2015;29262;26509;1462;449;1013;1291;756;535;1586
6884;Totaal over alle leeftijden;Mannen en vrouwen;Oost Gelre;2016;29221;26386;1453;447;1006;1382;801;581;1586
6885;Totaal over alle leeftijden;Mannen en vrouwen;Oost Gelre;2017;29098;26216;1448;439;1009;1434;841;593;1586
6886;Totaal over alle leeftijden;Mannen en vrouwen;Oost Gelre;2018;29085;26151;1447;448;999;1487;861;626;1586
6887;Totaal over alle leeftijden;Mannen en vrouwen;Oost Gelre;2019;29008;26046;1406;441;965;1556;902;654;1586
6888;Totaal over alle leeftijden;Mannen en vrouwen;Oost Gelre;2020;28974;25959;1408;446;962;1607;903;704;1586
6889;Totaal over alle leeftijden;Mannen en vrouwen;Oost Gelre;2021;28901;25838;1408;455;953;1655;940;715;1586
6890;Totaal over alle leeftijden;Mannen en vrouwen;Oost Gelre;2022;28778;25710;1392;454;938;1676;942;734;1586
6891;Totaal over alle leeftijden;Mannen en vrouwen;Oost Gelre;2023;28782;25647;1408;465;943;1727;971;756;1586
6892;Totaal over alle leeftijden;Mannen en vrouwen;Oost Gelre;2024;28731;25552;1391;474;917;1788;1004;784;1586
6893;Totaal over alle leeftijden;Mannen en vrouwen;Oost Gelre;2025;28683;25482;1365;477;888;1836;1030;806;1586
6894;Totaal over alle leeftijden;Mannen en vrouwen;Ooststellingwerf;2008;25851;24082;1210;413;797;559;342;217;85
6895;Totaal over alle leeftijden;Mannen en vrouwen;Ooststellingwerf;2009;25719;23891;1201;412;789;627;390;237;85
6896;Totaal over alle leeftijden;Mannen en vrouwen;Ooststellingwerf;2010;25555;23656;1243;427;816;656;407;249;85
6897;Totaal over alle leeftijden;Mannen en vrouwen;Ooststellingwerf;2011;25422;23482;1235;422;813;705;440;265;85
6898;Totaal over alle leeftijden;Mannen en vrouwen;Ooststellingwerf;2012;25264;23301;1208;428;780;755;467;288;85
6899;Totaal over alle leeftijden;Mannen en vrouwen;Ooststellingwerf;2013;25144;23130;1223;425;798;791;482;309;85
6900;Totaal over alle leeftijden;Mannen en vrouwen;Ooststellingwerf;2014;24995;22904;1260;432;828;831;502;329;85
6901;Totaal over alle leeftijden;Mannen en vrouwen;Ooststellingwerf;2015;24897;22757;1267;434;833;873;516;357;85
6902;Totaal over alle leeftijden;Mannen en vrouwen;Ooststellingwerf;2016;24784;22594;1285;470;815;905;515;390;85
6903;Totaal over alle leeftijden;Mannen en vrouwen;Ooststellingwerf;2017;24628;22407;1278;468;810;943;522;421;85
6904;Totaal over alle leeftijden;Mannen en vrouwen;Ooststellingwerf;2018;24608;22343;1272;470;802;993;545;448;85
6905;Totaal over alle leeftijden;Mannen en vrouwen;Ooststellingwerf;2019;24595;22295;1273;471;802;1027;567;460;85
6906;Totaal over alle leeftijden;Mannen en vrouwen;Ooststellingwerf;2020;24488;22130;1272;469;803;1086;592;494;85
6907;Totaal over alle leeftijden;Mannen en vrouwen;Ooststellingwerf;2021;24455;22026;1277;480;797;1152;634;518;85
6908;Totaal over alle leeftijden;Mannen en vrouwen;Ooststellingwerf;2022;24458;21943;1318;489;829;1197;674;523;85
6909;Totaal over alle leeftijden;Mannen en vrouwen;Ooststellingwerf;2023;24454;21876;1330;499;831;1248;696;552;85
6910;Totaal over alle leeftijden;Mannen en vrouwen;Ooststellingwerf;2024;24435;21757;1379;528;851;1299;711;588;85
6911;Totaal over alle leeftijden;Mannen en vrouwen;Ooststellingwerf;2025;24435;21710;1378;526;852;1347;716;631;85
6912;Totaal over alle leeftijden;Mannen en vrouwen;Oostzaan;2008;9246;8235;564;191;373;447;224;223;431
6913;Totaal over alle leeftijden;Mannen en vrouwen;Oostzaan;2009;9209;8174;568;184;384;467;231;236;431
6914;Totaal over alle leeftijden;Mannen en vrouwen;Oostzaan;2010;9124;8058;569;190;379;497;249;248;431
6915;Totaal over alle leeftijden;Mannen en vrouwen;Oostzaan;2011;9138;8036;568;193;375;534;266;268;431
6916;Totaal over alle leeftijden;Mannen en vrouwen;Oostzaan;2012;9070;7948;571;198;373;551;276;275;431
6917;Totaal over alle leeftijden;Mannen en vrouwen;Oostzaan;2013;9054;7889;590;216;374;575;279;296;431
6918;Totaal over alle leeftijden;Mannen en vrouwen;Oostzaan;2014;9028;7822;605;217;388;601;296;305;431
6919;Totaal over alle leeftijden;Mannen en vrouwen;Oostzaan;2015;8941;7724;603;224;379;614;305;309;431
6920;Totaal over alle leeftijden;Mannen en vrouwen;Oostzaan;2016;8992;7730;625;232;393;637;308;329;431
6921;Totaal over alle leeftijden;Mannen en vrouwen;Oostzaan;2017;8965;7677;623;229;394;665;318;347;431
6922;Totaal over alle leeftijden;Mannen en vrouwen;Oostzaan;2018;8917;7607;637;233;404;673;323;350;431
6923;Totaal over alle leeftijden;Mannen en vrouwen;Oostzaan;2019;8900;7568;642;242;400;690;333;357;431
6924;Totaal over alle leeftijden;Mannen en vrouwen;Oostzaan;2020;8965;7590;659;248;411;716;345;371;431
6925;Totaal over alle leeftijden;Mannen en vrouwen;Oostzaan;2021;8957;7553;671;263;408;733;348;385;431
6926;Totaal over alle leeftijden;Mannen en vrouwen;Oostzaan;2022;8908;7477;678;272;406;753;362;391;431
6927;Totaal over alle leeftijden;Mannen en vrouwen;Oostzaan;2023;8881;7417;690;277;413;774;382;392;431
6928;Totaal over alle leeftijden;Mannen en vrouwen;Oostzaan;2024;8915;7411;714;295;419;790;375;415;431
6929;Totaal over alle leeftijden;Mannen en vrouwen;Oostzaan;2025;8946;7408;725;303;422;813;376;437;431
6930;Totaal over alle leeftijden;Mannen en vrouwen;Opmeer;2008;11316;10628;418;129;289;270;152;118;432
6931;Totaal over alle leeftijden;Mannen en vrouwen;Opmeer;2009;11177;10493;423;129;294;261;147;114;432
6932;Totaal over alle leeftijden;Mannen en vrouwen;Opmeer;2010;11116;10416;430;131;299;270;145;125;432
6933;Totaal over alle leeftijden;Mannen en vrouwen;Opmeer;2011;11165;10448;427;128;299;290;154;136;432
6934;Totaal over alle leeftijden;Mannen en vrouwen;Opmeer;2012;11314;10564;437;135;302;313;161;152;432
6935;Totaal over alle leeftijden;Mannen en vrouwen;Opmeer;2013;11385;10586;453;142;311;346;168;178;432
6936;Totaal over alle leeftijden;Mannen en vrouwen;Opmeer;2014;11506;10655;471;150;321;380;179;201;432
6937;Totaal over alle leeftijden;Mannen en vrouwen;Opmeer;2015;11505;10626;467;148;319;412;191;221;432
6938;Totaal over alle leeftijden;Mannen en vrouwen;Opmeer;2016;11504;10604;464;142;322;436;207;229;432
6939;Totaal over alle leeftijden;Mannen en vrouwen;Opmeer;2017;11555;10620;468;148;320;467;225;242;432
6940;Totaal over alle leeftijden;Mannen en vrouwen;Opmeer;2018;11568;10601;469;151;318;498;241;257;432
6941;Totaal over alle leeftijden;Mannen en vrouwen;Opmeer;2019;11627;10629;476;149;327;522;260;262;432
6942;Totaal over alle leeftijden;Mannen en vrouwen;Opmeer;2020;11698;10679;476;154;322;543;265;278;432
6943;Totaal over alle leeftijden;Mannen en vrouwen;Opmeer;2021;11729;10668;496;176;320;565;269;296;432
6944;Totaal over alle leeftijden;Mannen en vrouwen;Opmeer;2022;11711;10639;516;180;336;556;267;289;432
6945;Totaal over alle leeftijden;Mannen en vrouwen;Opmeer;2023;11784;10671;530;187;343;583;277;306;432
6946;Totaal over alle leeftijden;Mannen en vrouwen;Opmeer;2024;11834;10669;546;192;354;619;288;331;432
6947;Totaal over alle leeftijden;Mannen en vrouwen;Opmeer;2025;11834;10633;571;199;372;630;297;333;432
6948;Totaal over alle leeftijden;Mannen en vrouwen;Opsterland;2008;29535;27959;1051;327;724;525;280;245;86
6949;Totaal over alle leeftijden;Mannen en vrouwen;Opsterland;2009;29530;27891;1067;330;737;572;306;266;86
6950;Totaal over alle leeftijden;Mannen en vrouwen;Opsterland;2010;29451;27749;1074;321;753;628;337;291;86
6951;Totaal over alle leeftijden;Mannen en vrouwen;Opsterland;2011;29343;27566;1100;330;770;677;373;304;86
6952;Totaal over alle leeftijden;Mannen en vrouwen;Opsterland;2012;29161;27350;1106;316;790;705;386;319;86
6953;Totaal over alle leeftijden;Mannen en vrouwen;Opsterland;2013;29068;27199;1119;313;806;750;408;342;86
6954;Totaal over alle leeftijden;Mannen en vrouwen;Opsterland;2014;29029;27116;1120;315;805;793;426;367;86
6955;Totaal over alle leeftijden;Mannen en vrouwen;Opsterland;2015;28892;26904;1145;323;822;843;442;401;86
6956;Totaal over alle leeftijden;Mannen en vrouwen;Opsterland;2016;28764;26720;1169;336;833;875;467;408;86
6957;Totaal over alle leeftijden;Mannen en vrouwen;Opsterland;2017;28745;26628;1191;343;848;926;491;435;86
6958;Totaal over alle leeftijden;Mannen en vrouwen;Opsterland;2018;28665;26497;1186;334;852;982;509;473;86
6959;Totaal over alle leeftijden;Mannen en vrouwen;Opsterland;2019;28635;26427;1208;349;859;1000;515;485;86
6960;Totaal over alle leeftijden;Mannen en vrouwen;Opsterland;2020;28641;26402;1213;356;857;1026;533;493;86
6961;Totaal over alle leeftijden;Mannen en vrouwen;Opsterland;2021;28593;26312;1218;363;855;1063;543;520;86
6962;Totaal over alle leeftijden;Mannen en vrouwen;Opsterland;2022;28604;26270;1216;362;854;1118;553;565;86
6963;Totaal over alle leeftijden;Mannen en vrouwen;Opsterland;2023;28490;26114;1232;367;865;1144;565;579;86
6964;Totaal over alle leeftijden;Mannen en vrouwen;Opsterland;2024;28551;26110;1253;384;869;1188;585;603;86
6965;Totaal over alle leeftijden;Mannen en vrouwen;Opsterland;2025;28500;26015;1270;388;882;1215;598;617;86
6966;Totaal over alle leeftijden;Mannen en vrouwen;Oss;2008;76155;63612;5708;2029;3679;6835;3883;2952;828
6967;Totaal over alle leeftijden;Mannen en vrouwen;Oss;2009;76002;63442;5683;2024;3659;6877;3899;2978;828
6968;Totaal over alle leeftijden;Mannen en vrouwen;Oss;2010;75936;63339;5672;2066;3606;6925;3918;3007;828
6969;Totaal over alle leeftijden;Mannen en vrouwen;Oss;2011;75878;63208;5686;2105;3581;6984;3939;3045;828
6970;Totaal over alle leeftijden;Mannen en vrouwen;Oss;2012;75849;63075;5699;2137;3562;7075;4002;3073;828
6971;Totaal over alle leeftijden;Mannen en vrouwen;Oss;2013;76023;63144;5740;2195;3545;7139;4021;3118;828
6972;Totaal over alle leeftijden;Mannen en vrouwen;Oss;2014;76292;63279;5772;2248;3524;7241;4096;3145;828
6973;Totaal over alle leeftijden;Mannen en vrouwen;Oss;2015;76344;63189;5828;2284;3544;7327;4161;3166;828
6974;Totaal over alle leeftijden;Mannen en vrouwen;Oss;2016;76513;63278;5855;2290;3565;7380;4183;3197;828
6975;Totaal over alle leeftijden;Mannen en vrouwen;Oss;2017;76527;63227;5867;2312;3555;7433;4225;3208;828
6976;Totaal over alle leeftijden;Mannen en vrouwen;Oss;2018;76511;63125;5855;2349;3506;7531;4269;3262;828
6977;Totaal over alle leeftijden;Mannen en vrouwen;Oss;2019;76673;63128;5927;2396;3531;7618;4298;3320;828
6978;Totaal over alle leeftijden;Mannen en vrouwen;Oss;2020;76733;63104;5938;2427;3511;7691;4333;3358;828
6979;Totaal over alle leeftijden;Mannen en vrouwen;Oss;2021;76844;63081;5956;2451;3505;7807;4386;3421;828
6980;Totaal over alle leeftijden;Mannen en vrouwen;Oss;2022;76976;63119;5949;2477;3472;7908;4430;3478;828
6981;Totaal over alle leeftijden;Mannen en vrouwen;Oss;2023;77039;63071;5969;2495;3474;7999;4509;3490;828
6982;Totaal over alle leeftijden;Mannen en vrouwen;Oss;2024;77056;62953;5991;2516;3475;8112;4555;3557;828
6983;Totaal over alle leeftijden;Mannen en vrouwen;Oss;2025;77222;63006;6011;2563;3448;8205;4595;3610;828
6984;Totaal over alle leeftijden;Mannen en vrouwen;Oud-Beijerland;2008;23736;21488;1362;444;918;886;476;410;584
6985;Totaal over alle leeftijden;Mannen en vrouwen;Oud-Beijerland;2009;23576;21289;1359;450;909;928;488;440;584
6986;Totaal over alle leeftijden;Mannen en vrouwen;Oud-Beijerland;2010;23417;21073;1374;466;908;970;506;464;584
6987;Totaal over alle leeftijden;Mannen en vrouwen;Oud-Beijerland;2011;23275;20896;1370;450;920;1009;537;472;584
6988;Totaal over alle leeftijden;Mannen en vrouwen;Oud-Beijerland;2012;23226;20797;1375;458;917;1054;543;511;584
6989;Totaal over alle leeftijden;Mannen en vrouwen;Oud-Beijerland;2013;23191;20663;1419;484;935;1109;571;538;584
6990;Totaal over alle leeftijden;Mannen en vrouwen;Oud-Beijerland;2014;23167;20583;1436;500;936;1148;581;567;584
6991;Totaal over alle leeftijden;Mannen en vrouwen;Oud-Beijerland;2015;23134;20516;1443;500;943;1175;595;580;584
6992;Totaal over alle leeftijden;Mannen en vrouwen;Oud-Beijerland;2016;22986;20323;1449;516;933;1214;603;611;584
6993;Totaal over alle leeftijden;Mannen en vrouwen;Oud-Beijerland;2017;22961;20260;1456;506;950;1245;624;621;584
6994;Totaal over alle leeftijden;Mannen en vrouwen;Oud-Beijerland;2018;22946;20184;1469;518;951;1293;630;663;584
6995;Totaal over alle leeftijden;Mannen en vrouwen;Oud-Beijerland;2019;22902;20070;1494;526;968;1338;647;691;584
6996;Totaal over alle leeftijden;Mannen en vrouwen;Oud-Beijerland;2020;22868;20009;1505;517;988;1354;645;709;584
6997;Totaal over alle leeftijden;Mannen en vrouwen;Oud-Beijerland;2021;22761;19860;1483;509;974;1418;667;751;584
6998;Totaal over alle leeftijden;Mannen en vrouwen;Oud-Beijerland;2022;22764;19790;1494;520;974;1480;687;793;584
6999;Totaal over alle leeftijden;Mannen en vrouwen;Oud-Beijerland;2023;22736;19713;1514;524;990;1509;703;806;584
7000;Totaal over alle leeftijden;Mannen en vrouwen;Oud-Beijerland;2024;22597;19539;1514;536;978;1544;718;826;584
7001;Totaal over alle leeftijden;Mannen en vrouwen;Oud-Beijerland;2025;22530;19430;1519;531;988;1581;726;855;584
7002;Totaal over alle leeftijden;Mannen en vrouwen;Ouder-Amstel;2008;13127;10577;1412;603;809;1138;644;494;437
7003;Totaal over alle leeftijden;Mannen en vrouwen;Ouder-Amstel;2009;13050;10448;1448;619;829;1154;643;511;437
7004;Totaal over alle leeftijden;Mannen en vrouwen;Ouder-Amstel;2010;12943;10307;1470;634;836;1166;645;521;437
7005;Totaal over alle leeftijden;Mannen en vrouwen;Ouder-Amstel;2011;12937;10223;1495;668;827;1219;664;555;437
7006;Totaal over alle leeftijden;Mannen en vrouwen;Ouder-Amstel;2012;12980;10188;1525;690;835;1267;688;579;437
7007;Totaal over alle leeftijden;Mannen en vrouwen;Ouder-Amstel;2013;12953;10128;1538;719;819;1287;696;591;437
7008;Totaal over alle leeftijden;Mannen en vrouwen;Ouder-Amstel;2014;13024;10119;1584;752;832;1321;716;605;437
7009;Totaal over alle leeftijden;Mannen en vrouwen;Ouder-Amstel;2015;13036;10096;1606;781;825;1334;716;618;437
7010;Totaal over alle leeftijden;Mannen en vrouwen;Ouder-Amstel;2016;13002;10030;1613;773;840;1359;734;625;437
7011;Totaal over alle leeftijden;Mannen en vrouwen;Ouder-Amstel;2017;13065;10037;1636;792;844;1392;733;659;437
7012;Totaal over alle leeftijden;Mannen en vrouwen;Ouder-Amstel;2018;13190;10086;1691;838;853;1413;733;680;437
7013;Totaal over alle leeftijden;Mannen en vrouwen;Ouder-Amstel;2019;13226;10030;1734;853;881;1462;739;723;437
7014;Totaal over alle leeftijden;Mannen en vrouwen;Ouder-Amstel;2020;13181;9951;1777;884;893;1453;735;718;437
7015;Totaal over alle leeftijden;Mannen en vrouwen;Ouder-Amstel;2021;13260;9935;1819;909;910;1506;754;752;437
7016;Totaal over alle leeftijden;Mannen en vrouwen;Ouder-Amstel;2022;13353;9934;1865;944;921;1554;763;791;437
7017;Totaal over alle leeftijden;Mannen en vrouwen;Ouder-Amstel;2023;13410;9912;1904;973;931;1594;791;803;437
7018;Totaal over alle leeftijden;Mannen en vrouwen;Ouder-Amstel;2024;13447;9910;1930;986;944;1607;799;808;437
7019;Totaal over alle leeftijden;Mannen en vrouwen;Ouder-Amstel;2025;13488;9885;1970;1018;952;1633;819;814;437
7020;Totaal over alle leeftijden;Mannen en vrouwen;Ouderkerk;2008;7998;7476;292;90;202;230;125;105;644
7021;Totaal over alle leeftijden;Mannen en vrouwen;Ouderkerk;2009;7898;7362;299;93;206;237;126;111;644
7022;Totaal over alle leeftijden;Mannen en vrouwen;Ouderkerk;2010;7815;7248;318;99;219;249;126;123;644
7023;Totaal over alle leeftijden;Mannen en vrouwen;Ouderkerk;2011;7801;7195;346;113;233;260;135;125;644
7024;Totaal over alle leeftijden;Mannen en vrouwen;Ouderkerk;2012;7728;7112;348;107;241;268;134;134;644
7025;Totaal over alle leeftijden;Mannen en vrouwen;Ouderkerk;2013;7676;7033;354;107;247;289;154;135;644
7026;Totaal over alle leeftijden;Mannen en vrouwen;Ouderkerk;2014;7611;6943;369;108;261;299;155;144;644
7027;Totaal over alle leeftijden;Mannen en vrouwen;Ouderkerk;2015;7523;6829;379;116;263;315;158;157;644
7028;Totaal over alle leeftijden;Mannen en vrouwen;Ouderkerk;2016;7461;6772;364;112;252;325;163;162;644
7029;Totaal over alle leeftijden;Mannen en vrouwen;Ouderkerk;2017;7323;6636;358;108;250;329;163;166;644
7030;Totaal over alle leeftijden;Mannen en vrouwen;Ouderkerk;2018;7257;6541;367;106;261;349;175;174;644
7031;Totaal over alle leeftijden;Mannen en vrouwen;Ouderkerk;2019;7203;6448;379;112;267;376;186;190;644
7032;Totaal over alle leeftijden;Mannen en vrouwen;Ouderkerk;2020;7131;6363;382;115;267;386;187;199;644
7033;Totaal over alle leeftijden;Mannen en vrouwen;Ouderkerk;2021;7058;6285;390;121;269;383;182;201;644
7034;Totaal over alle leeftijden;Mannen en vrouwen;Ouderkerk;2022;7007;6212;392;127;265;403;187;216;644
7035;Totaal over alle leeftijden;Mannen en vrouwen;Ouderkerk;2023;6923;6118;386;123;263;419;198;221;644
7036;Totaal over alle leeftijden;Mannen en vrouwen;Ouderkerk;2024;6852;6037;386;123;263;429;200;229;644
7037;Totaal over alle leeftijden;Mannen en vrouwen;Ouderkerk;2025;6772;5956;371;121;250;445;209;236;644
7038;Totaal over alle leeftijden;Mannen en vrouwen;Oudewater;2008;9676;9043;352;114;238;281;166;115;589
7039;Totaal over alle leeftijden;Mannen en vrouwen;Oudewater;2009;9680;8987;361;122;239;332;192;140;589
7040;Totaal over alle leeftijden;Mannen en vrouwen;Oudewater;2010;9703;8963;376;126;250;364;207;157;589
7041;Totaal over alle leeftijden;Mannen en vrouwen;Oudewater;2011;9700;8904;390;129;261;406;228;178;589
7042;Totaal over alle leeftijden;Mannen en vrouwen;Oudewater;2012;9645;8807;400;133;267;438;238;200;589
7043;Totaal over alle leeftijden;Mannen en vrouwen;Oudewater;2013;9606;8707;431;148;283;468;257;211;589
7044;Totaal over alle leeftijden;Mannen en vrouwen;Oudewater;2014;9568;8630;435;150;285;503;274;229;589
7045;Totaal over alle leeftijden;Mannen en vrouwen;Oudewater;2015;9533;8551;475;170;305;507;269;238;589
7046;Totaal over alle leeftijden;Mannen en vrouwen;Oudewater;2016;9430;8435;483;172;311;512;272;240;589
7047;Totaal over alle leeftijden;Mannen en vrouwen;Oudewater;2017;9321;8307;493;178;315;521;273;248;589
7048;Totaal over alle leeftijden;Mannen en vrouwen;Oudewater;2018;9276;8223;503;186;317;550;276;274;589
7049;Totaal over alle leeftijden;Mannen en vrouwen;Oudewater;2019;9216;8126;525;200;325;565;284;281;589
7050;Totaal over alle leeftijden;Mannen en vrouwen;Oudewater;2020;9169;8030;548;200;348;591;289;302;589
7051;Totaal over alle leeftijden;Mannen en vrouwen;Oudewater;2021;9109;7956;549;198;351;604;307;297;589
7052;Totaal over alle leeftijden;Mannen en vrouwen;Oudewater;2022;9051;7862;570;219;351;619;317;302;589
7053;Totaal over alle leeftijden;Mannen en vrouwen;Oudewater;2023;9026;7795;582;227;355;649;328;321;589
7054;Totaal over alle leeftijden;Mannen en vrouwen;Oudewater;2024;8991;7735;575;223;352;681;341;340;589
7055;Totaal over alle leeftijden;Mannen en vrouwen;Oudewater;2025;8961;7689;584;221;363;688;349;339;589
7056;Totaal over alle leeftijden;Mannen en vrouwen;Oude IJsselstreek;2008;39257;34059;2832;824;2008;2366;1333;1033;1509
7057;Totaal over alle leeftijden;Mannen en vrouwen;Oude IJsselstreek;2009;38962;33759;2787;812;1975;2416;1373;1043;1509
7058;Totaal over alle leeftijden;Mannen en vrouwen;Oude IJsselstreek;2010;38710;33528;2753;794;1959;2429;1384;1045;1509
7059;Totaal over alle leeftijden;Mannen en vrouwen;Oude IJsselstreek;2011;38526;33335;2709;789;1920;2482;1412;1070;1509
7060;Totaal over alle leeftijden;Mannen en vrouwen;Oude IJsselstreek;2012;38384;33195;2672;781;1891;2517;1433;1084;1509
7061;Totaal over alle leeftijden;Mannen en vrouwen;Oude IJsselstreek;2013;38162;33004;2618;767;1851;2540;1454;1086;1509
7062;Totaal over alle leeftijden;Mannen en vrouwen;Oude IJsselstreek;2014;37814;32667;2590;763;1827;2557;1464;1093;1509
7063;Totaal over alle leeftijden;Mannen en vrouwen;Oude IJsselstreek;2015;37616;32436;2588;762;1826;2592;1485;1107;1509
7064;Totaal over alle leeftijden;Mannen en vrouwen;Oude IJsselstreek;2016;37414;32221;2577;782;1795;2616;1500;1116;1509
7065;Totaal over alle leeftijden;Mannen en vrouwen;Oude IJsselstreek;2017;37317;32123;2561;771;1790;2633;1501;1132;1509
7066;Totaal over alle leeftijden;Mannen en vrouwen;Oude IJsselstreek;2018;37222;32043;2526;754;1772;2653;1527;1126;1509
7067;Totaal over alle leeftijden;Mannen en vrouwen;Oude IJsselstreek;2019;37125;31907;2534;762;1772;2684;1548;1136;1509
7068;Totaal over alle leeftijden;Mannen en vrouwen;Oude IJsselstreek;2020;37070;31814;2527;770;1757;2729;1587;1142;1509
7069;Totaal over alle leeftijden;Mannen en vrouwen;Oude IJsselstreek;2021;36994;31724;2504;759;1745;2766;1610;1156;1509
7070;Totaal over alle leeftijden;Mannen en vrouwen;Oude IJsselstreek;2022;36888;31587;2494;746;1748;2807;1640;1167;1509
7071;Totaal over alle leeftijden;Mannen en vrouwen;Oude IJsselstreek;2023;36887;31567;2463;750;1713;2857;1639;1218;1509
7072;Totaal over alle leeftijden;Mannen en vrouwen;Oude IJsselstreek;2024;36704;31374;2462;744;1718;2868;1644;1224;1509
7073;Totaal over alle leeftijden;Mannen en vrouwen;Oude IJsselstreek;2025;36637;31256;2464;753;1711;2917;1689;1228;1509
7074;Totaal over alle leeftijden;Mannen en vrouwen;Overbetuwe;2008;43474;38811;3108;998;2110;1555;846;709;1734
7075;Totaal over alle leeftijden;Mannen en vrouwen;Overbetuwe;2009;44020;39124;3138;1024;2114;1758;932;826;1734
7076;Totaal over alle leeftijden;Mannen en vrouwen;Overbetuwe;2010;44411;39323;3172;1019;2153;1916;980;936;1734
7077;Totaal over alle leeftijden;Mannen en vrouwen;Overbetuwe;2011;44687;39413;3217;1044;2173;2057;1022;1035;1734
7078;Totaal over alle leeftijden;Mannen en vrouwen;Overbetuwe;2012;44913;39498;3207;1025;2182;2208;1095;1113;1734
7079;Totaal over alle leeftijden;Mannen en vrouwen;Overbetuwe;2013;45034;39452;3209;1044;2165;2373;1163;1210;1734
7080;Totaal over alle leeftijden;Mannen en vrouwen;Overbetuwe;2014;45396;39597;3231;1048;2183;2568;1234;1334;1734
7081;Totaal over alle leeftijden;Mannen en vrouwen;Overbetuwe;2015;45558;39599;3234;1057;2177;2725;1324;1401;1734
7082;Totaal over alle leeftijden;Mannen en vrouwen;Overbetuwe;2016;45693;39557;3259;1076;2183;2877;1383;1494;1734
7083;Totaal over alle leeftijden;Mannen en vrouwen;Overbetuwe;2017;45892;39529;3319;1097;2222;3044;1456;1588;1734
7084;Totaal over alle leeftijden;Mannen en vrouwen;Overbetuwe;2018;46123;39621;3356;1126;2230;3146;1503;1643;1734
7085;Totaal over alle leeftijden;Mannen en vrouwen;Overbetuwe;2019;46357;39684;3341;1114;2227;3332;1579;1753;1734
7086;Totaal over alle leeftijden;Mannen en vrouwen;Overbetuwe;2020;46463;39640;3357;1113;2244;3466;1646;1820;1734
7087;Totaal over alle leeftijden;Mannen en vrouwen;Overbetuwe;2021;46531;39552;3379;1124;2255;3600;1709;1891;1734
7088;Totaal over alle leeftijden;Mannen en vrouwen;Overbetuwe;2022;46693;39507;3387;1128;2259;3799;1791;2008;1734
7089;Totaal over alle leeftijden;Mannen en vrouwen;Overbetuwe;2023;46803;39424;3421;1156;2265;3958;1865;2093;1734
7090;Totaal over alle leeftijden;Mannen en vrouwen;Overbetuwe;2024;46872;39365;3425;1146;2279;4082;1910;2172;1734
7091;Totaal over alle leeftijden;Mannen en vrouwen;Overbetuwe;2025;46904;39248;3444;1158;2286;4212;1953;2259;1734
7092;Totaal over alle leeftijden;Mannen en vrouwen;Papendrecht;2008;32000;27158;2523;939;1584;2319;1307;1012;590
7093;Totaal over alle leeftijden;Mannen en vrouwen;Papendrecht;2009;32137;27288;2509;939;1570;2340;1300;1040;590
7094;Totaal over alle leeftijden;Mannen en vrouwen;Papendrecht;2010;32179;27303;2479;932;1547;2397;1329;1068;590
7095;Totaal over alle leeftijden;Mannen en vrouwen;Papendrecht;2011;32381;27480;2447;902;1545;2454;1356;1098;590
7096;Totaal over alle leeftijden;Mannen en vrouwen;Papendrecht;2012;32390;27457;2430;885;1545;2503;1367;1136;590
7097;Totaal over alle leeftijden;Mannen en vrouwen;Papendrecht;2013;32432;27479;2398;866;1532;2555;1383;1172;590
7098;Totaal over alle leeftijden;Mannen en vrouwen;Papendrecht;2014;32210;27245;2392;867;1525;2573;1383;1190;590
7099;Totaal over alle leeftijden;Mannen en vrouwen;Papendrecht;2015;32123;27149;2363;857;1506;2611;1400;1211;590
7100;Totaal over alle leeftijden;Mannen en vrouwen;Papendrecht;2016;32072;27076;2349;873;1476;2647;1408;1239;590
7101;Totaal over alle leeftijden;Mannen en vrouwen;Papendrecht;2017;31972;26941;2349;861;1488;2682;1414;1268;590
7102;Totaal over alle leeftijden;Mannen en vrouwen;Papendrecht;2018;31871;26793;2338;854;1484;2740;1415;1325;590
7103;Totaal over alle leeftijden;Mannen en vrouwen;Papendrecht;2019;31783;26700;2329;855;1474;2754;1422;1332;590
7104;Totaal over alle leeftijden;Mannen en vrouwen;Papendrecht;2020;31767;26687;2290;847;1443;2790;1434;1356;590
7105;Totaal over alle leeftijden;Mannen en vrouwen;Papendrecht;2021;31705;26565;2273;849;1424;2867;1467;1400;590
7106;Totaal over alle leeftijden;Mannen en vrouwen;Papendrecht;2022;31695;26515;2284;854;1430;2896;1471;1425;590
7107;Totaal over alle leeftijden;Mannen en vrouwen;Papendrecht;2023;31665;26504;2249;831;1418;2912;1482;1430;590
7108;Totaal over alle leeftijden;Mannen en vrouwen;Papendrecht;2024;31664;26456;2267;833;1434;2941;1483;1458;590
7109;Totaal over alle leeftijden;Mannen en vrouwen;Papendrecht;2025;31645;26382;2286;860;1426;2977;1498;1479;590
7110;Totaal over alle leeftijden;Mannen en vrouwen;Pekela;2008;13310;11932;843;361;482;535;374;161;765
7111;Totaal over alle leeftijden;Mannen en vrouwen;Pekela;2009;13250;11837;844;354;490;569;387;182;765
7112;Totaal over alle leeftijden;Mannen en vrouwen;Pekela;2010;13172;11743;841;361;480;588;390;198;765
7113;Totaal over alle leeftijden;Mannen en vrouwen;Pekela;2011;13133;11668;846;360;486;619;405;214;765
7114;Totaal over alle leeftijden;Mannen en vrouwen;Pekela;2012;13023;11560;817;348;469;646;403;243;765
7115;Totaal over alle leeftijden;Mannen en vrouwen;Pekela;2013;12969;11507;809;338;471;653;393;260;765
7116;Totaal over alle leeftijden;Mannen en vrouwen;Pekela;2014;12899;11413;811;331;480;675;396;279;765
7117;Totaal over alle leeftijden;Mannen en vrouwen;Pekela;2015;12871;11359;801;331;470;711;406;305;765
7118;Totaal over alle leeftijden;Mannen en vrouwen;Pekela;2016;12805;11290;810;331;479;705;404;301;765
7119;Totaal over alle leeftijden;Mannen en vrouwen;Pekela;2017;12790;11224;813;328;485;753;414;339;765
7120;Totaal over alle leeftijden;Mannen en vrouwen;Pekela;2018;12720;11154;811;330;481;755;413;342;765
7121;Totaal over alle leeftijden;Mannen en vrouwen;Pekela;2019;12627;11035;809;329;480;783;424;359;765
7122;Totaal over alle leeftijden;Mannen en vrouwen;Pekela;2020;12527;10907;830;330;500;790;430;360;765
7123;Totaal over alle leeftijden;Mannen en vrouwen;Pekela;2021;12456;10826;820;320;500;810;441;369;765
7124;Totaal over alle leeftijden;Mannen en vrouwen;Pekela;2022;12342;10705;809;321;488;828;439;389;765
7125;Totaal over alle leeftijden;Mannen en vrouwen;Pekela;2023;12270;10607;814;327;487;849;457;392;765
7126;Totaal over alle leeftijden;Mannen en vrouwen;Pekela;2024;12247;10541;834;333;501;872;480;392;765
7127;Totaal over alle leeftijden;Mannen en vrouwen;Pekela;2025;12171;10454;847;343;504;870;472;398;765
7128;Totaal over alle leeftijden;Mannen en vrouwen;Purmerend;2008;78447;60666;6816;2481;4335;10965;6040;4925;439
7129;Totaal over alle leeftijden;Mannen en vrouwen;Purmerend;2009;78808;60830;6896;2533;4363;11082;6028;5054;439
7130;Totaal over alle leeftijden;Mannen en vrouwen;Purmerend;2010;79183;61047;6919;2552;4367;11217;6059;5158;439
7131;Totaal over alle leeftijden;Mannen en vrouwen;Purmerend;2011;79292;60994;6944;2589;4355;11354;6069;5285;439
7132;Totaal over alle leeftijden;Mannen en vrouwen;Purmerend;2012;79463;60969;6980;2626;4354;11514;6065;5449;439
7133;Totaal over alle leeftijden;Mannen en vrouwen;Purmerend;2013;79724;61059;7030;2663;4367;11635;6067;5568;439
7134;Totaal over alle leeftijden;Mannen en vrouwen;Purmerend;2014;79799;61006;7024;2666;4358;11769;6108;5661;439
7135;Totaal over alle leeftijden;Mannen en vrouwen;Purmerend;2015;80072;61067;7085;2726;4359;11920;6125;5795;439
7136;Totaal over alle leeftijden;Mannen en vrouwen;Purmerend;2016;80187;61088;7098;2759;4339;12001;6106;5895;439
7137;Totaal over alle leeftijden;Mannen en vrouwen;Purmerend;2017;80493;61235;7179;2842;4337;12079;6123;5956;439
7138;Totaal over alle leeftijden;Mannen en vrouwen;Purmerend;2018;80622;61181;7247;2893;4354;12194;6184;6010;439
7139;Totaal over alle leeftijden;Mannen en vrouwen;Purmerend;2019;80844;61218;7275;2908;4367;12351;6224;6127;439
7140;Totaal over alle leeftijden;Mannen en vrouwen;Purmerend;2020;80928;61143;7362;2993;4369;12423;6268;6155;439
7141;Totaal over alle leeftijden;Mannen en vrouwen;Purmerend;2021;81272;61227;7472;3052;4420;12573;6281;6292;439
7142;Totaal over alle leeftijden;Mannen en vrouwen;Purmerend;2022;81405;61191;7532;3076;4456;12682;6326;6356;439
7143;Totaal over alle leeftijden;Mannen en vrouwen;Purmerend;2023;81548;61171;7618;3146;4472;12759;6372;6387;439
7144;Totaal over alle leeftijden;Mannen en vrouwen;Purmerend;2024;81826;61221;7690;3220;4470;12915;6402;6513;439
7145;Totaal over alle leeftijden;Mannen en vrouwen;Purmerend;2025;82114;61360;7764;3295;4469;12990;6421;6569;439
7146;Totaal over alle leeftijden;Mannen en vrouwen;Putten;2008;22987;21475;873;344;529;639;355;284;273
7147;Totaal over alle leeftijden;Mannen en vrouwen;Putten;2009;22887;21303;888;347;541;696;383;313;273
7148;Totaal over alle leeftijden;Mannen en vrouwen;Putten;2010;22785;21162;893;352;541;730;400;330;273
7149;Totaal over alle leeftijden;Mannen en vrouwen;Putten;2011;22706;21016;905;355;550;785;416;369;273
7150;Totaal over alle leeftijden;Mannen en vrouwen;Putten;2012;22604;20828;957;384;573;819;448;371;273
7151;Totaal over alle leeftijden;Mannen en vrouwen;Putten;2013;22527;20695;978;393;585;854;462;392;273
7152;Totaal over alle leeftijden;Mannen en vrouwen;Putten;2014;22430;20556;986;407;579;888;478;410;273
7153;Totaal over alle leeftijden;Mannen en vrouwen;Putten;2015;22408;20485;1014;418;596;909;498;411;273
7154;Totaal over alle leeftijden;Mannen en vrouwen;Putten;2016;22293;20327;1022;425;597;944;510;434;273
7155;Totaal over alle leeftijden;Mannen en vrouwen;Putten;2017;22206;20171;1057;440;617;978;523;455;273
7156;Totaal over alle leeftijden;Mannen en vrouwen;Putten;2018;22087;20009;1079;430;649;999;549;450;273
7157;Totaal over alle leeftijden;Mannen en vrouwen;Putten;2019;21967;19821;1105;444;661;1041;565;476;273
7158;Totaal over alle leeftijden;Mannen en vrouwen;Putten;2020;21937;19736;1122;454;668;1079;588;491;273
7159;Totaal over alle leeftijden;Mannen en vrouwen;Putten;2021;21870;19619;1138;474;664;1113;607;506;273
7160;Totaal over alle leeftijden;Mannen en vrouwen;Putten;2022;21872;19556;1164;487;677;1152;619;533;273
7161;Totaal over alle leeftijden;Mannen en vrouwen;Putten;2023;21778;19417;1185;497;688;1176;635;541;273
7162;Totaal over alle leeftijden;Mannen en vrouwen;Putten;2024;21720;19308;1210;512;698;1202;653;549;273
7163;Totaal over alle leeftijden;Mannen en vrouwen;Putten;2025;21630;19191;1231;525;706;1208;658;550;273
7164;Totaal over alle leeftijden;Mannen en vrouwen;Pijnacker-Nootdorp;2008;45400;38389;3261;1194;2067;3750;1860;1890;1926
7165;Totaal over alle leeftijden;Mannen en vrouwen;Pijnacker-Nootdorp;2009;46615;39173;3440;1287;2153;4002;1950;2052;1926
7166;Totaal over alle leeftijden;Mannen en vrouwen;Pijnacker-Nootdorp;2010;47703;39874;3596;1377;2219;4233;2008;2225;1926
7167;Totaal over alle leeftijden;Mannen en vrouwen;Pijnacker-Nootdorp;2011;48372;40242;3727;1429;2298;4403;2061;2342;1926
7168;Totaal over alle leeftijden;Mannen en vrouwen;Pijnacker-Nootdorp;2012;49128;40670;3822;1495;2327;4636;2138;2498;1926
7169;Totaal over alle leeftijden;Mannen en vrouwen;Pijnacker-Nootdorp;2013;49923;41139;3945;1575;2370;4839;2169;2670;1926
7170;Totaal over alle leeftijden;Mannen en vrouwen;Pijnacker-Nootdorp;2014;50611;41524;4062;1642;2420;5025;2207;2818;1926
7171;Totaal over alle leeftijden;Mannen en vrouwen;Pijnacker-Nootdorp;2015;51250;41890;4173;1719;2454;5187;2245;2942;1926
7172;Totaal over alle leeftijden;Mannen en vrouwen;Pijnacker-Nootdorp;2016;51874;42232;4292;1789;2503;5350;2276;3074;1926
7173;Totaal over alle leeftijden;Mannen en vrouwen;Pijnacker-Nootdorp;2017;52486;42632;4424;1883;2541;5430;2283;3147;1926
7174;Totaal over alle leeftijden;Mannen en vrouwen;Pijnacker-Nootdorp;2018;53123;42953;4595;1970;2625;5575;2309;3266;1926
7175;Totaal over alle leeftijden;Mannen en vrouwen;Pijnacker-Nootdorp;2019;53812;43380;4686;2035;2651;5746;2385;3361;1926
7176;Totaal over alle leeftijden;Mannen en vrouwen;Pijnacker-Nootdorp;2020;54521;43815;4836;2130;2706;5870;2409;3461;1926
7177;Totaal over alle leeftijden;Mannen en vrouwen;Pijnacker-Nootdorp;2021;55222;44247;4953;2203;2750;6022;2449;3573;1926
7178;Totaal over alle leeftijden;Mannen en vrouwen;Pijnacker-Nootdorp;2022;55837;44529;5140;2288;2852;6168;2486;3682;1926
7179;Totaal over alle leeftijden;Mannen en vrouwen;Pijnacker-Nootdorp;2023;56291;44775;5270;2360;2910;6246;2513;3733;1926
7180;Totaal over alle leeftijden;Mannen en vrouwen;Pijnacker-Nootdorp;2024;56862;45108;5416;2444;2972;6338;2567;3771;1926
7181;Totaal over alle leeftijden;Mannen en vrouwen;Pijnacker-Nootdorp;2025;57453;45389;5576;2531;3045;6488;2651;3837;1926
7182;Totaal over alle leeftijden;Mannen en vrouwen;Raalte;2008;36919;34585;1256;502;754;1078;678;400;177
7183;Totaal over alle leeftijden;Mannen en vrouwen;Raalte;2009;36792;34378;1306;517;789;1108;686;422;177
7184;Totaal over alle leeftijden;Mannen en vrouwen;Raalte;2010;36645;34150;1327;526;801;1168;715;453;177
7185;Totaal over alle leeftijden;Mannen en vrouwen;Raalte;2011;36547;33937;1349;535;814;1261;750;511;177
7186;Totaal over alle leeftijden;Mannen en vrouwen;Raalte;2012;36441;33759;1357;539;818;1325;773;552;177
7187;Totaal over alle leeftijden;Mannen en vrouwen;Raalte;2013;36314;33569;1355;537;818;1390;800;590;177
7188;Totaal over alle leeftijden;Mannen en vrouwen;Raalte;2014;36177;33351;1388;556;832;1438;826;612;177
7189;Totaal over alle leeftijden;Mannen en vrouwen;Raalte;2015;36092;33186;1417;576;841;1489;851;638;177
7190;Totaal over alle leeftijden;Mannen en vrouwen;Raalte;2016;35955;32937;1482;608;874;1536;848;688;177
7191;Totaal over alle leeftijden;Mannen en vrouwen;Raalte;2017;35844;32757;1513;630;883;1574;864;710;177
7192;Totaal over alle leeftijden;Mannen en vrouwen;Raalte;2018;35767;32604;1545;647;898;1618;895;723;177
7193;Totaal over alle leeftijden;Mannen en vrouwen;Raalte;2019;35683;32405;1589;658;931;1689;924;765;177
7194;Totaal over alle leeftijden;Mannen en vrouwen;Raalte;2020;35575;32194;1617;677;940;1764;953;811;177
7195;Totaal over alle leeftijden;Mannen en vrouwen;Raalte;2021;35595;32098;1665;700;965;1832;989;843;177
7196;Totaal over alle leeftijden;Mannen en vrouwen;Raalte;2022;35577;31981;1715;740;975;1881;1015;866;177
7197;Totaal over alle leeftijden;Mannen en vrouwen;Raalte;2023;35512;31854;1741;746;995;1917;1025;892;177
7198;Totaal over alle leeftijden;Mannen en vrouwen;Raalte;2024;35377;31649;1774;782;992;1954;1046;908;177
7199;Totaal over alle leeftijden;Mannen en vrouwen;Raalte;2025;35353;31519;1791;798;993;2043;1073;970;177
7200;Totaal over alle leeftijden;Mannen en vrouwen;Reeuwijk;2008;12462;11461;614;221;393;387;222;165;595
7201;Totaal over alle leeftijden;Mannen en vrouwen;Reeuwijk;2009;12464;11411;624;228;396;429;249;180;595
7202;Totaal over alle leeftijden;Mannen en vrouwen;Reeuwijk;2010;12580;11437;658;246;412;485;268;217;595
7203;Totaal over alle leeftijden;Mannen en vrouwen;Reeuwijk;2011;12610;11435;662;249;413;513;271;242;595
7204;Totaal over alle leeftijden;Mannen en vrouwen;Reeuwijk;2012;12669;11447;688;259;429;534;279;255;595
7205;Totaal over alle leeftijden;Mannen en vrouwen;Reeuwijk;2013;12660;11403;691;246;445;566;302;264;595
7206;Totaal over alle leeftijden;Mannen en vrouwen;Reeuwijk;2014;12653;11357;697;240;457;599;306;293;595
7207;Totaal over alle leeftijden;Mannen en vrouwen;Reeuwijk;2015;12712;11362;717;243;474;633;305;328;595
7208;Totaal over alle leeftijden;Mannen en vrouwen;Reeuwijk;2016;12681;11308;730;249;481;643;321;322;595
7209;Totaal over alle leeftijden;Mannen en vrouwen;Reeuwijk;2017;12786;11357;750;251;499;679;327;352;595
7210;Totaal over alle leeftijden;Mannen en vrouwen;Reeuwijk;2018;12866;11392;770;256;514;704;332;372;595
7211;Totaal over alle leeftijden;Mannen en vrouwen;Reeuwijk;2019;12949;11423;795;276;519;731;338;393;595
7212;Totaal over alle leeftijden;Mannen en vrouwen;Reeuwijk;2020;12903;11339;798;272;526;766;351;415;595
7213;Totaal over alle leeftijden;Mannen en vrouwen;Reeuwijk;2021;12894;11294;794;267;527;806;366;440;595
7214;Totaal over alle leeftijden;Mannen en vrouwen;Reeuwijk;2022;12962;11306;823;274;549;833;371;462;595
7215;Totaal over alle leeftijden;Mannen en vrouwen;Reeuwijk;2023;12976;11273;835;275;560;868;384;484;595
7216;Totaal over alle leeftijden;Mannen en vrouwen;Reeuwijk;2024;13021;11290;847;282;565;884;387;497;595
7217;Totaal over alle leeftijden;Mannen en vrouwen;Reeuwijk;2025;13087;11340;853;279;574;894;393;501;595
7218;Totaal over alle leeftijden;Mannen en vrouwen;Reiderland;2008;6865;5884;801;327;474;180;107;73;1661
7219;Totaal over alle leeftijden;Mannen en vrouwen;Reiderland;2009;6804;5843;779;312;467;182;102;80;1661
7220;Totaal over alle leeftijden;Mannen en vrouwen;Reiderland;2010;6710;5771;750;296;454;189;100;89;1661
7221;Totaal over alle leeftijden;Mannen en vrouwen;Reiderland;2011;6643;5702;743;283;460;198;107;91;1661
7222;Totaal over alle leeftijden;Mannen en vrouwen;Reiderland;2012;6581;5664;711;264;447;206;112;94;1661
7223;Totaal over alle leeftijden;Mannen en vrouwen;Reiderland;2013;6518;5604;706;255;451;208;114;94;1661
7224;Totaal over alle leeftijden;Mannen en vrouwen;Reiderland;2014;6428;5509;693;251;442;226;118;108;1661
7225;Totaal over alle leeftijden;Mannen en vrouwen;Reiderland;2015;6369;5458;656;233;423;255;131;124;1661
7226;Totaal over alle leeftijden;Mannen en vrouwen;Reiderland;2016;6305;5396;649;230;419;260;130;130;1661
7227;Totaal over alle leeftijden;Mannen en vrouwen;Reiderland;2017;6228;5337;630;216;414;261;134;127;1661
7228;Totaal over alle leeftijden;Mannen en vrouwen;Reiderland;2018;6199;5305;621;203;418;273;138;135;1661
7229;Totaal over alle leeftijden;Mannen en vrouwen;Reiderland;2019;6122;5238;598;194;404;286;141;145;1661
7230;Totaal over alle leeftijden;Mannen en vrouwen;Reiderland;2020;6071;5201;571;180;391;299;147;152;1661
7231;Totaal over alle leeftijden;Mannen en vrouwen;Reiderland;2021;6016;5145;568;174;394;303;144;159;1661
7232;Totaal over alle leeftijden;Mannen en vrouwen;Reiderland;2022;5964;5088;557;168;389;319;151;168;1661
7233;Totaal over alle leeftijden;Mannen en vrouwen;Reiderland;2023;5916;5039;541;163;378;336;160;176;1661
7234;Totaal over alle leeftijden;Mannen en vrouwen;Reiderland;2024;5857;4967;547;166;381;343;160;183;1661
7235;Totaal over alle leeftijden;Mannen en vrouwen;Reiderland;2025;5775;4881;549;166;383;345;159;186;1661
7236;Totaal over alle leeftijden;Mannen en vrouwen;Reimerswaal;2008;21179;19107;1255;536;719;817;488;329;703
7237;Totaal over alle leeftijden;Mannen en vrouwen;Reimerswaal;2009;21120;18989;1273;549;724;858;506;352;703
7238;Totaal over alle leeftijden;Mannen en vrouwen;Reimerswaal;2010;21092;18884;1295;563;732;913;530;383;703
7239;Totaal over alle leeftijden;Mannen en vrouwen;Reimerswaal;2011;21161;18890;1305;561;744;966;560;406;703
7240;Totaal over alle leeftijden;Mannen en vrouwen;Reimerswaal;2012;21234;18896;1323;571;752;1015;571;444;703
7241;Totaal over alle leeftijden;Mannen en vrouwen;Reimerswaal;2013;21295;18885;1356;595;761;1054;579;475;703
7242;Totaal over alle leeftijden;Mannen en vrouwen;Reimerswaal;2014;21369;18906;1376;613;763;1087;573;514;703
7243;Totaal over alle leeftijden;Mannen en vrouwen;Reimerswaal;2015;21479;18932;1402;633;769;1145;615;530;703
7244;Totaal over alle leeftijden;Mannen en vrouwen;Reimerswaal;2016;21559;18935;1438;662;776;1186;634;552;703
7245;Totaal over alle leeftijden;Mannen en vrouwen;Reimerswaal;2017;21523;18838;1455;670;785;1230;653;577;703
7246;Totaal over alle leeftijden;Mannen en vrouwen;Reimerswaal;2018;21612;18861;1484;677;807;1267;663;604;703
7247;Totaal over alle leeftijden;Mannen en vrouwen;Reimerswaal;2019;21565;18770;1483;684;799;1312;676;636;703
7248;Totaal over alle leeftijden;Mannen en vrouwen;Reimerswaal;2020;21586;18734;1508;688;820;1344;694;650;703
7249;Totaal over alle leeftijden;Mannen en vrouwen;Reimerswaal;2021;21666;18744;1552;703;849;1370;703;667;703
7250;Totaal over alle leeftijden;Mannen en vrouwen;Reimerswaal;2022;21697;18711;1588;724;864;1398;709;689;703
7251;Totaal over alle leeftijden;Mannen en vrouwen;Reimerswaal;2023;21671;18621;1618;736;882;1432;728;704;703
7252;Totaal over alle leeftijden;Mannen en vrouwen;Reimerswaal;2024;21611;18533;1621;756;865;1457;734;723;703
7253;Totaal over alle leeftijden;Mannen en vrouwen;Reimerswaal;2025;21568;18451;1631;759;872;1486;749;737;703
7254;Totaal over alle leeftijden;Mannen en vrouwen;Renkum;2008;31620;27199;2824;998;1826;1597;949;648;274
7255;Totaal over alle leeftijden;Mannen en vrouwen;Renkum;2009;31660;27137;2839;1021;1818;1684;984;700;274
7256;Totaal over alle leeftijden;Mannen en vrouwen;Renkum;2010;31651;27068;2839;1005;1834;1744;994;750;274
7257;Totaal over alle leeftijden;Mannen en vrouwen;Renkum;2011;31676;26975;2880;1035;1845;1821;1015;806;274
7258;Totaal over alle leeftijden;Mannen en vrouwen;Renkum;2012;31652;26885;2883;1030;1853;1884;1034;850;274
7259;Totaal over alle leeftijden;Mannen en vrouwen;Renkum;2013;31579;26767;2861;1034;1827;1951;1073;878;274
7260;Totaal over alle leeftijden;Mannen en vrouwen;Renkum;2014;31523;26634;2864;1036;1828;2025;1110;915;274
7261;Totaal over alle leeftijden;Mannen en vrouwen;Renkum;2015;31489;26554;2857;1034;1823;2078;1130;948;274
7262;Totaal over alle leeftijden;Mannen en vrouwen;Renkum;2016;31465;26474;2869;1043;1826;2122;1119;1003;274
7263;Totaal over alle leeftijden;Mannen en vrouwen;Renkum;2017;31421;26377;2872;1029;1843;2172;1143;1029;274
7264;Totaal over alle leeftijden;Mannen en vrouwen;Renkum;2018;31336;26232;2866;1020;1846;2238;1154;1084;274
7265;Totaal over alle leeftijden;Mannen en vrouwen;Renkum;2019;31373;26200;2874;1028;1846;2299;1153;1146;274
7266;Totaal over alle leeftijden;Mannen en vrouwen;Renkum;2020;31391;26206;2858;1018;1840;2327;1178;1149;274
7267;Totaal over alle leeftijden;Mannen en vrouwen;Renkum;2021;31376;26095;2883;1015;1868;2398;1181;1217;274
7268;Totaal over alle leeftijden;Mannen en vrouwen;Renkum;2022;31449;26083;2903;1040;1863;2463;1203;1260;274
7269;Totaal over alle leeftijden;Mannen en vrouwen;Renkum;2023;31455;26031;2907;1034;1873;2517;1229;1288;274
7270;Totaal over alle leeftijden;Mannen en vrouwen;Renkum;2024;31488;26025;2894;1045;1849;2569;1261;1308;274
7271;Totaal over alle leeftijden;Mannen en vrouwen;Renkum;2025;31449;25985;2880;1041;1839;2584;1257;1327;274
7272;Totaal over alle leeftijden;Mannen en vrouwen;Renswoude;2008;4457;4230;144;60;84;83;49;34;339
7273;Totaal over alle leeftijden;Mannen en vrouwen;Renswoude;2009;4425;4185;153;57;96;87;51;36;339
7274;Totaal over alle leeftijden;Mannen en vrouwen;Renswoude;2010;4360;4109;156;61;95;95;52;43;339
7275;Totaal over alle leeftijden;Mannen en vrouwen;Renswoude;2011;4393;4118;161;60;101;114;58;56;339
7276;Totaal over alle leeftijden;Mannen en vrouwen;Renswoude;2012;4417;4136;158;60;98;123;62;61;339
7277;Totaal over alle leeftijden;Mannen en vrouwen;Renswoude;2013;4443;4150;163;62;101;130;63;67;339
7278;Totaal over alle leeftijden;Mannen en vrouwen;Renswoude;2014;4392;4099;159;63;96;134;68;66;339
7279;Totaal over alle leeftijden;Mannen en vrouwen;Renswoude;2015;4432;4121;158;59;99;153;77;76;339
7280;Totaal over alle leeftijden;Mannen en vrouwen;Renswoude;2016;4511;4170;178;65;113;163;79;84;339
7281;Totaal over alle leeftijden;Mannen en vrouwen;Renswoude;2017;4577;4222;184;72;112;171;87;84;339
7282;Totaal over alle leeftijden;Mannen en vrouwen;Renswoude;2018;4534;4180;184;71;113;170;87;83;339
7283;Totaal over alle leeftijden;Mannen en vrouwen;Renswoude;2019;4582;4214;193;76;117;175;90;85;339
7284;Totaal over alle leeftijden;Mannen en vrouwen;Renswoude;2020;4580;4191;207;85;122;182;86;96;339
7285;Totaal over alle leeftijden;Mannen en vrouwen;Renswoude;2021;4526;4134;202;83;119;190;89;101;339
7286;Totaal over alle leeftijden;Mannen en vrouwen;Renswoude;2022;4543;4141;208;84;124;194;91;103;339
7287;Totaal over alle leeftijden;Mannen en vrouwen;Renswoude;2023;4549;4133;210;85;125;206;96;110;339
7288;Totaal over alle leeftijden;Mannen en vrouwen;Renswoude;2024;4516;4090;220;88;132;206;96;110;339
7289;Totaal over alle leeftijden;Mannen en vrouwen;Renswoude;2025;4516;4079;214;83;131;223;111;112;339
7290;Totaal over alle leeftijden;Mannen en vrouwen;Reusel-De Mierden;2008;12169;11191;715;219;496;263;161;102;1667
7291;Totaal over alle leeftijden;Mannen en vrouwen;Reusel-De Mierden;2009;12113;11131;686;203;483;296;179;117;1667
7292;Totaal over alle leeftijden;Mannen en vrouwen;Reusel-De Mierden;2010;12024;11022;677;200;477;325;196;129;1667
7293;Totaal over alle leeftijden;Mannen en vrouwen;Reusel-De Mierden;2011;12002;10981;664;202;462;357;219;138;1667
7294;Totaal over alle leeftijden;Mannen en vrouwen;Reusel-De Mierden;2012;11999;10949;660;203;457;390;232;158;1667
7295;Totaal over alle leeftijden;Mannen en vrouwen;Reusel-De Mierden;2013;12012;10920;666;210;456;426;255;171;1667
7296;Totaal over alle leeftijden;Mannen en vrouwen;Reusel-De Mierden;2014;12005;10873;668;210;458;464;276;188;1667
7297;Totaal over alle leeftijden;Mannen en vrouwen;Reusel-De Mierden;2015;12048;10891;657;219;438;500;286;214;1667
7298;Totaal over alle leeftijden;Mannen en vrouwen;Reusel-De Mierden;2016;12154;10949;665;226;439;540;306;234;1667
7299;Totaal over alle leeftijden;Mannen en vrouwen;Reusel-De Mierden;2017;12212;10967;675;236;439;570;309;261;1667
7300;Totaal over alle leeftijden;Mannen en vrouwen;Reusel-De Mierden;2018;12262;10985;667;234;433;610;326;284;1667
7301;Totaal over alle leeftijden;Mannen en vrouwen;Reusel-De Mierden;2019;12277;10959;678;244;434;640;334;306;1667
7302;Totaal over alle leeftijden;Mannen en vrouwen;Reusel-De Mierden;2020;12329;10990;671;245;426;668;351;317;1667
7303;Totaal over alle leeftijden;Mannen en vrouwen;Reusel-De Mierden;2021;12415;11047;672;251;421;696;364;332;1667
7304;Totaal over alle leeftijden;Mannen en vrouwen;Reusel-De Mierden;2022;12457;11067;669;251;418;721;368;353;1667
7305;Totaal over alle leeftijden;Mannen en vrouwen;Reusel-De Mierden;2023;12439;11020;663;246;417;756;383;373;1667
7306;Totaal over alle leeftijden;Mannen en vrouwen;Reusel-De Mierden;2024;12516;11056;665;259;406;795;401;394;1667
7307;Totaal over alle leeftijden;Mannen en vrouwen;Reusel-De Mierden;2025;12574;11071;671;261;410;832;415;417;1667
7308;Totaal over alle leeftijden;Mannen en vrouwen;Rheden;2008;43953;37612;3841;1345;2496;2500;1469;1031;275
7309;Totaal over alle leeftijden;Mannen en vrouwen;Rheden;2009;43783;37421;3794;1329;2465;2568;1503;1065;275
7310;Totaal over alle leeftijden;Mannen en vrouwen;Rheden;2010;43526;37106;3758;1320;2438;2662;1521;1141;275
7311;Totaal over alle leeftijden;Mannen en vrouwen;Rheden;2011;43418;36905;3745;1316;2429;2768;1552;1216;275
7312;Totaal over alle leeftijden;Mannen en vrouwen;Rheden;2012;43072;36577;3691;1302;2389;2804;1567;1237;275
7313;Totaal over alle leeftijden;Mannen en vrouwen;Rheden;2013;42820;36291;3668;1326;2342;2861;1592;1269;275
7314;Totaal over alle leeftijden;Mannen en vrouwen;Rheden;2014;42476;35916;3647;1309;2338;2913;1617;1296;275
7315;Totaal over alle leeftijden;Mannen en vrouwen;Rheden;2015;42317;35658;3678;1303;2375;2981;1628;1353;275
7316;Totaal over alle leeftijden;Mannen en vrouwen;Rheden;2016;42149;35425;3676;1290;2386;3048;1641;1407;275
7317;Totaal over alle leeftijden;Mannen en vrouwen;Rheden;2017;41790;35046;3668;1283;2385;3076;1650;1426;275
7318;Totaal over alle leeftijden;Mannen en vrouwen;Rheden;2018;41521;34730;3631;1273;2358;3160;1668;1492;275
7319;Totaal over alle leeftijden;Mannen en vrouwen;Rheden;2019;41196;34368;3608;1255;2353;3220;1691;1529;275
7320;Totaal over alle leeftijden;Mannen en vrouwen;Rheden;2020;40918;34058;3583;1218;2365;3277;1717;1560;275
7321;Totaal over alle leeftijden;Mannen en vrouwen;Rheden;2021;40685;33795;3542;1205;2337;3348;1741;1607;275
7322;Totaal over alle leeftijden;Mannen en vrouwen;Rheden;2022;40404;33580;3471;1176;2295;3353;1748;1605;275
7323;Totaal over alle leeftijden;Mannen en vrouwen;Rheden;2023;40154;33307;3459;1182;2277;3388;1750;1638;275
7324;Totaal over alle leeftijden;Mannen en vrouwen;Rheden;2024;40035;33181;3454;1201;2253;3400;1758;1642;275
7325;Totaal over alle leeftijden;Mannen en vrouwen;Rheden;2025;39825;32925;3437;1220;2217;3463;1780;1683;275
7326;Totaal over alle leeftijden;Mannen en vrouwen;Rhenen;2008;18190;16409;1013;351;662;768;401;367;340
7327;Totaal over alle leeftijden;Mannen en vrouwen;Rhenen;2009;18216;16399;1008;344;664;809;421;388;340
7328;Totaal over alle leeftijden;Mannen en vrouwen;Rhenen;2010;18254;16363;1024;342;682;867;456;411;340
7329;Totaal over alle leeftijden;Mannen en vrouwen;Rhenen;2011;18193;16289;1003;334;669;901;468;433;340
7330;Totaal over alle leeftijden;Mannen en vrouwen;Rhenen;2012;18114;16158;1040;360;680;916;477;439;340
7331;Totaal over alle leeftijden;Mannen en vrouwen;Rhenen;2013;18064;16070;1062;366;696;932;486;446;340
7332;Totaal over alle leeftijden;Mannen en vrouwen;Rhenen;2014;18074;16064;1069;367;702;941;483;458;340
7333;Totaal over alle leeftijden;Mannen en vrouwen;Rhenen;2015;18138;16080;1074;371;703;984;498;486;340
7334;Totaal over alle leeftijden;Mannen en vrouwen;Rhenen;2016;18041;15962;1068;368;700;1011;510;501;340
7335;Totaal over alle leeftijden;Mannen en vrouwen;Rhenen;2017;17959;15849;1080;368;712;1030;522;508;340
7336;Totaal over alle leeftijden;Mannen en vrouwen;Rhenen;2018;17932;15777;1082;361;721;1073;550;523;340
7337;Totaal over alle leeftijden;Mannen en vrouwen;Rhenen;2019;17949;15781;1074;352;722;1094;553;541;340
7338;Totaal over alle leeftijden;Mannen en vrouwen;Rhenen;2020;17927;15742;1075;351;724;1110;566;544;340
7339;Totaal over alle leeftijden;Mannen en vrouwen;Rhenen;2021;17923;15703;1087;365;722;1133;576;557;340
7340;Totaal over alle leeftijden;Mannen en vrouwen;Rhenen;2022;17856;15604;1093;370;723;1159;585;574;340
7341;Totaal over alle leeftijden;Mannen en vrouwen;Rhenen;2023;17831;15546;1101;372;729;1184;599;585;340
7342;Totaal over alle leeftijden;Mannen en vrouwen;Rhenen;2024;17784;15494;1109;381;728;1181;615;566;340
7343;Totaal over alle leeftijden;Mannen en vrouwen;Rhenen;2025;17788;15487;1103;391;712;1198;604;594;340
7344;Totaal over alle leeftijden;Mannen en vrouwen;Ridderkerk;2008;44360;38102;3335;1343;1992;2923;1612;1311;597
7345;Totaal over alle leeftijden;Mannen en vrouwen;Ridderkerk;2009;44175;37786;3325;1325;2000;3064;1657;1407;597
7346;Totaal over alle leeftijden;Mannen en vrouwen;Ridderkerk;2010;44122;37591;3329;1320;2009;3202;1686;1516;597
7347;Totaal over alle leeftijden;Mannen en vrouwen;Ridderkerk;2011;44171;37478;3364;1326;2038;3329;1727;1602;597
7348;Totaal over alle leeftijden;Mannen en vrouwen;Ridderkerk;2012;44051;37223;3399;1326;2073;3429;1754;1675;597
7349;Totaal over alle leeftijden;Mannen en vrouwen;Ridderkerk;2013;44236;37186;3444;1354;2090;3606;1818;1788;597
7350;Totaal over alle leeftijden;Mannen en vrouwen;Ridderkerk;2014;44229;37062;3484;1370;2114;3683;1866;1817;597
7351;Totaal over alle leeftijden;Mannen en vrouwen;Ridderkerk;2015;44297;37011;3490;1356;2134;3796;1872;1924;597
7352;Totaal over alle leeftijden;Mannen en vrouwen;Ridderkerk;2016;44271;36898;3470;1348;2122;3903;1942;1961;597
7353;Totaal over alle leeftijden;Mannen en vrouwen;Ridderkerk;2017;44385;36899;3481;1354;2127;4005;1986;2019;597
7354;Totaal over alle leeftijden;Mannen en vrouwen;Ridderkerk;2018;44425;36774;3533;1385;2148;4118;2017;2101;597
7355;Totaal over alle leeftijden;Mannen en vrouwen;Ridderkerk;2019;44643;36836;3555;1382;2173;4252;2074;2178;597
7356;Totaal over alle leeftijden;Mannen en vrouwen;Ridderkerk;2020;44824;36927;3554;1377;2177;4343;2103;2240;597
7357;Totaal over alle leeftijden;Mannen en vrouwen;Ridderkerk;2021;44946;36942;3565;1370;2195;4439;2129;2310;597
7358;Totaal over alle leeftijden;Mannen en vrouwen;Ridderkerk;2022;44940;36791;3608;1385;2223;4541;2187;2354;597
7359;Totaal over alle leeftijden;Mannen en vrouwen;Ridderkerk;2023;44972;36758;3613;1385;2228;4601;2190;2411;597
7360;Totaal over alle leeftijden;Mannen en vrouwen;Ridderkerk;2024;45076;36807;3648;1420;2228;4621;2195;2426;597
7361;Totaal over alle leeftijden;Mannen en vrouwen;Ridderkerk;2025;45189;36807;3659;1413;2246;4723;2230;2493;597
7362;Totaal over alle leeftijden;Mannen en vrouwen;Rijnwaarden;2008;10931;9641;1077;300;777;213;117;96;196
7363;Totaal over alle leeftijden;Mannen en vrouwen;Rijnwaarden;2009;10907;9616;1060;299;761;231;130;101;196
7364;Totaal over alle leeftijden;Mannen en vrouwen;Rijnwaarden;2010;10868;9572;1053;301;752;243;143;100;196
7365;Totaal over alle leeftijden;Mannen en vrouwen;Rijnwaarden;2011;10834;9539;1031;300;731;264;156;108;196
7366;Totaal over alle leeftijden;Mannen en vrouwen;Rijnwaarden;2012;10756;9463;1011;287;724;282;164;118;196
7367;Totaal over alle leeftijden;Mannen en vrouwen;Rijnwaarden;2013;10688;9379;1005;288;717;304;170;134;196
7368;Totaal over alle leeftijden;Mannen en vrouwen;Rijnwaarden;2014;10668;9340;996;285;711;332;191;141;196
7369;Totaal over alle leeftijden;Mannen en vrouwen;Rijnwaarden;2015;10604;9263;979;284;695;362;213;149;196
7370;Totaal over alle leeftijden;Mannen en vrouwen;Rijnwaarden;2016;10562;9200;971;283;688;391;225;166;196
7371;Totaal over alle leeftijden;Mannen en vrouwen;Rijnwaarden;2017;10451;9104;953;286;667;394;221;173;196
7372;Totaal over alle leeftijden;Mannen en vrouwen;Rijnwaarden;2018;10353;9015;938;288;650;400;223;177;196
7373;Totaal over alle leeftijden;Mannen en vrouwen;Rijnwaarden;2019;10333;8993;924;284;640;416;231;185;196
7374;Totaal over alle leeftijden;Mannen en vrouwen;Rijnwaarden;2020;10258;8929;896;279;617;433;237;196;196
7375;Totaal over alle leeftijden;Mannen en vrouwen;Rijnwaarden;2021;10168;8837;902;284;618;429;245;184;196
7376;Totaal over alle leeftijden;Mannen en vrouwen;Rijnwaarden;2022;10108;8763;904;302;602;441;244;197;196
7377;Totaal over alle leeftijden;Mannen en vrouwen;Rijnwaarden;2023;10059;8714;896;297;599;449;240;209;196
7378;Totaal over alle leeftijden;Mannen en vrouwen;Rijnwaarden;2024;9991;8643;881;289;592;467;242;225;196
7379;Totaal over alle leeftijden;Mannen en vrouwen;Rijnwaarden;2025;10006;8644;867;286;581;495;245;250;196
7380;Totaal over alle leeftijden;Mannen en vrouwen;Rijnwoude;2008;18820;17296;942;335;607;582;300;282;1672
7381;Totaal over alle leeftijden;Mannen en vrouwen;Rijnwoude;2009;18895;17260;982;351;631;653;334;319;1672
7382;Totaal over alle leeftijden;Mannen en vrouwen;Rijnwoude;2010;18880;17179;996;365;631;705;361;344;1672
7383;Totaal over alle leeftijden;Mannen en vrouwen;Rijnwoude;2011;18984;17156;1053;384;669;775;405;370;1672
7384;Totaal over alle leeftijden;Mannen en vrouwen;Rijnwoude;2012;19056;17158;1072;388;684;826;410;416;1672
7385;Totaal over alle leeftijden;Mannen en vrouwen;Rijnwoude;2013;19139;17142;1111;405;706;886;438;448;1672
7386;Totaal over alle leeftijden;Mannen en vrouwen;Rijnwoude;2014;19305;17201;1151;429;722;953;467;486;1672
7387;Totaal over alle leeftijden;Mannen en vrouwen;Rijnwoude;2015;19365;17184;1174;440;734;1007;493;514;1672
7388;Totaal over alle leeftijden;Mannen en vrouwen;Rijnwoude;2016;19395;17149;1195;435;760;1051;507;544;1672
7389;Totaal over alle leeftijden;Mannen en vrouwen;Rijnwoude;2017;19467;17124;1245;455;790;1098;518;580;1672
7390;Totaal over alle leeftijden;Mannen en vrouwen;Rijnwoude;2018;19542;17136;1276;463;813;1130;538;592;1672
7391;Totaal over alle leeftijden;Mannen en vrouwen;Rijnwoude;2019;19639;17118;1334;489;845;1187;557;630;1672
7392;Totaal over alle leeftijden;Mannen en vrouwen;Rijnwoude;2020;19716;17114;1385;522;863;1217;560;657;1672
7393;Totaal over alle leeftijden;Mannen en vrouwen;Rijnwoude;2021;19820;17143;1427;539;888;1250;561;689;1672
7394;Totaal over alle leeftijden;Mannen en vrouwen;Rijnwoude;2022;19881;17122;1468;550;918;1291;593;698;1672
7395;Totaal over alle leeftijden;Mannen en vrouwen;Rijnwoude;2023;19974;17151;1505;572;933;1318;602;716;1672
7396;Totaal over alle leeftijden;Mannen en vrouwen;Rijnwoude;2024;20050;17177;1527;598;929;1346;618;728;1672
7397;Totaal over alle leeftijden;Mannen en vrouwen;Rijnwoude;2025;20097;17155;1552;612;940;1390;632;758;1672
7398;Totaal over alle leeftijden;Mannen en vrouwen;Rijssen-Holten;2008;35984;33402;1100;391;709;1482;792;690;1742
7399;Totaal over alle leeftijden;Mannen en vrouwen;Rijssen-Holten;2009;35854;33196;1117;400;717;1541;818;723;1742
7400;Totaal over alle leeftijden;Mannen en vrouwen;Rijssen-Holten;2010;35800;33021;1163;419;744;1616;841;775;1742
7401;Totaal over alle leeftijden;Mannen en vrouwen;Rijssen-Holten;2011;35788;32930;1184;426;758;1674;863;811;1742
7402;Totaal over alle leeftijden;Mannen en vrouwen;Rijssen-Holten;2012;35660;32714;1231;450;781;1715;865;850;1742
7403;Totaal over alle leeftijden;Mannen en vrouwen;Rijssen-Holten;2013;35605;32594;1249;464;785;1762;883;879;1742
7404;Totaal over alle leeftijden;Mannen en vrouwen;Rijssen-Holten;2014;35659;32520;1285;474;811;1854;920;934;1742
7405;Totaal over alle leeftijden;Mannen en vrouwen;Rijssen-Holten;2015;35624;32383;1291;479;812;1950;965;985;1742
7406;Totaal over alle leeftijden;Mannen en vrouwen;Rijssen-Holten;2016;35709;32347;1335;503;832;2027;990;1037;1742
7407;Totaal over alle leeftijden;Mannen en vrouwen;Rijssen-Holten;2017;35739;32255;1364;528;836;2120;1025;1095;1742
7408;Totaal over alle leeftijden;Mannen en vrouwen;Rijssen-Holten;2018;35796;32189;1393;537;856;2214;1090;1124;1742
7409;Totaal over alle leeftijden;Mannen en vrouwen;Rijssen-Holten;2019;35870;32189;1414;551;863;2267;1128;1139;1742
7410;Totaal over alle leeftijden;Mannen en vrouwen;Rijssen-Holten;2020;35841;32063;1444;562;882;2334;1178;1156;1742
7411;Totaal over alle leeftijden;Mannen en vrouwen;Rijssen-Holten;2021;35883;31997;1467;581;886;2419;1228;1191;1742
7412;Totaal over alle leeftijden;Mannen en vrouwen;Rijssen-Holten;2022;36025;32013;1495;582;913;2517;1285;1232;1742
7413;Totaal over alle leeftijden;Mannen en vrouwen;Rijssen-Holten;2023;36102;32000;1528;600;928;2574;1331;1243;1742
7414;Totaal over alle leeftijden;Mannen en vrouwen;Rijssen-Holten;2024;36186;31982;1543;623;920;2661;1355;1306;1742
7415;Totaal over alle leeftijden;Mannen en vrouwen;Rijssen-Holten;2025;36226;31953;1565;636;929;2708;1375;1333;1742
7416;Totaal over alle leeftijden;Mannen en vrouwen;Rijswijk (ZH.);2008;46671;34051;6836;3409;3427;5784;3483;2301;603
7417;Totaal over alle leeftijden;Mannen en vrouwen;Rijswijk (ZH.);2009;46562;33663;6901;3490;3411;5998;3560;2438;603
7418;Totaal over alle leeftijden;Mannen en vrouwen;Rijswijk (ZH.);2010;46407;33277;6944;3556;3388;6186;3614;2572;603
7419;Totaal over alle leeftijden;Mannen en vrouwen;Rijswijk (ZH.);2011;46175;32808;7013;3601;3412;6354;3671;2683;603
7420;Totaal over alle leeftijden;Mannen en vrouwen;Rijswijk (ZH.);2012;45951;32432;7083;3713;3370;6436;3701;2735;603
7421;Totaal over alle leeftijden;Mannen en vrouwen;Rijswijk (ZH.);2013;45846;32103;7157;3776;3381;6586;3730;2856;603
7422;Totaal over alle leeftijden;Mannen en vrouwen;Rijswijk (ZH.);2014;45581;31614;7238;3823;3415;6729;3758;2971;603
7423;Totaal over alle leeftijden;Mannen en vrouwen;Rijswijk (ZH.);2015;45297;31243;7313;3867;3446;6741;3728;3013;603
7424;Totaal over alle leeftijden;Mannen en vrouwen;Rijswijk (ZH.);2016;45023;30828;7422;3965;3457;6773;3721;3052;603
7425;Totaal over alle leeftijden;Mannen en vrouwen;Rijswijk (ZH.);2017;44781;30427;7514;4024;3490;6840;3764;3076;603
7426;Totaal over alle leeftijden;Mannen en vrouwen;Rijswijk (ZH.);2018;44540;30052;7593;4047;3546;6895;3782;3113;603
7427;Totaal over alle leeftijden;Mannen en vrouwen;Rijswijk (ZH.);2019;44372;29770;7641;4055;3586;6961;3771;3190;603
7428;Totaal over alle leeftijden;Mannen en vrouwen;Rijswijk (ZH.);2020;44147;29407;7751;4114;3637;6989;3759;3230;603
7429;Totaal over alle leeftijden;Mannen en vrouwen;Rijswijk (ZH.);2021;43925;29021;7867;4176;3691;7037;3783;3254;603
7430;Totaal over alle leeftijden;Mannen en vrouwen;Rijswijk (ZH.);2022;43654;28676;7962;4215;3747;7016;3745;3271;603
7431;Totaal over alle leeftijden;Mannen en vrouwen;Rijswijk (ZH.);2023;43356;28308;8009;4249;3760;7039;3757;3282;603
7432;Totaal over alle leeftijden;Mannen en vrouwen;Rijswijk (ZH.);2024;43143;28051;8092;4310;3782;7000;3704;3296;603
7433;Totaal over alle leeftijden;Mannen en vrouwen;Rijswijk (ZH.);2025;42976;27760;8199;4360;3839;7017;3665;3352;603
7434;Totaal over alle leeftijden;Mannen en vrouwen;Roerdalen;2008;20834;17576;2764;1054;1710;494;302;192;1669
7435;Totaal over alle leeftijden;Mannen en vrouwen;Roerdalen;2009;20716;17458;2730;1038;1692;528;313;215;1669
7436;Totaal over alle leeftijden;Mannen en vrouwen;Roerdalen;2010;20514;17272;2662;1015;1647;580;325;255;1669
7437;Totaal over alle leeftijden;Mannen en vrouwen;Roerdalen;2011;20428;17181;2622;999;1623;625;343;282;1669
7438;Totaal over alle leeftijden;Mannen en vrouwen;Roerdalen;2012;20268;17014;2603;998;1605;651;347;304;1669
7439;Totaal over alle leeftijden;Mannen en vrouwen;Roerdalen;2013;20073;16815;2592;1016;1576;666;348;318;1669
7440;Totaal over alle leeftijden;Mannen en vrouwen;Roerdalen;2014;19888;16633;2561;997;1564;694;365;329;1669
7441;Totaal over alle leeftijden;Mannen en vrouwen;Roerdalen;2015;19689;16427;2523;994;1529;739;388;351;1669
7442;Totaal over alle leeftijden;Mannen en vrouwen;Roerdalen;2016;19494;16237;2487;993;1494;770;387;383;1669
7443;Totaal over alle leeftijden;Mannen en vrouwen;Roerdalen;2017;19264;16050;2466;969;1497;748;375;373;1669
7444;Totaal over alle leeftijden;Mannen en vrouwen;Roerdalen;2018;19056;15846;2430;957;1473;780;384;396;1669
7445;Totaal over alle leeftijden;Mannen en vrouwen;Roerdalen;2019;18850;15668;2384;940;1444;798;388;410;1669
7446;Totaal over alle leeftijden;Mannen en vrouwen;Roerdalen;2020;18637;15446;2350;934;1416;841;404;437;1669
7447;Totaal over alle leeftijden;Mannen en vrouwen;Roerdalen;2021;18427;15279;2284;902;1382;864;409;455;1669
7448;Totaal over alle leeftijden;Mannen en vrouwen;Roerdalen;2022;18209;15077;2256;885;1371;876;421;455;1669
7449;Totaal over alle leeftijden;Mannen en vrouwen;Roerdalen;2023;18001;14857;2239;890;1349;905;431;474;1669
7450;Totaal over alle leeftijden;Mannen en vrouwen;Roerdalen;2024;17785;14667;2197;878;1319;921;441;480;1669
7451;Totaal over alle leeftijden;Mannen en vrouwen;Roerdalen;2025;17572;14480;2165;866;1299;927;443;484;1669
7452;Totaal over alle leeftijden;Mannen en vrouwen;Roermond;2008;54385;40292;7584;2998;4586;6509;3638;2871;957
7453;Totaal over alle leeftijden;Mannen en vrouwen;Roermond;2009;54636;40531;7558;2986;4572;6547;3698;2849;957
7454;Totaal over alle leeftijden;Mannen en vrouwen;Roermond;2010;54762;40726;7561;2981;4580;6475;3671;2804;957
7455;Totaal over alle leeftijden;Mannen en vrouwen;Roermond;2011;54875;40895;7540;3001;4539;6440;3652;2788;957
7456;Totaal over alle leeftijden;Mannen en vrouwen;Roermond;2012;54975;41075;7476;2990;4486;6424;3650;2774;957
7457;Totaal over alle leeftijden;Mannen en vrouwen;Roermond;2013;55034;41230;7411;2970;4441;6393;3614;2779;957
7458;Totaal over alle leeftijden;Mannen en vrouwen;Roermond;2014;55094;41283;7375;2959;4416;6436;3611;2825;957
7459;Totaal over alle leeftijden;Mannen en vrouwen;Roermond;2015;55132;41367;7355;2969;4386;6410;3579;2831;957
7460;Totaal over alle leeftijden;Mannen en vrouwen;Roermond;2016;55178;41418;7330;2981;4349;6430;3615;2815;957
7461;Totaal over alle leeftijden;Mannen en vrouwen;Roermond;2017;55262;41518;7334;2996;4338;6410;3591;2819;957
7462;Totaal over alle leeftijden;Mannen en vrouwen;Roermond;2018;55289;41591;7288;3010;4278;6410;3597;2813;957
7463;Totaal over alle leeftijden;Mannen en vrouwen;Roermond;2019;55306;41576;7276;3003;4273;6454;3622;2832;957
7464;Totaal over alle leeftijden;Mannen en vrouwen;Roermond;2020;55310;41602;7254;3001;4253;6454;3606;2848;957
7465;Totaal over alle leeftijden;Mannen en vrouwen;Roermond;2021;55312;41648;7178;2955;4223;6486;3619;2867;957
7466;Totaal over alle leeftijden;Mannen en vrouwen;Roermond;2022;55216;41637;7112;2947;4165;6467;3607;2860;957
7467;Totaal over alle leeftijden;Mannen en vrouwen;Roermond;2023;55166;41630;7100;2963;4137;6436;3605;2831;957
7468;Totaal over alle leeftijden;Mannen en vrouwen;Roermond;2024;55129;41590;7092;2965;4127;6447;3614;2833;957
7469;Totaal over alle leeftijden;Mannen en vrouwen;Roermond;2025;55120;41527;7126;2986;4140;6467;3642;2825;957
7470;Totaal over alle leeftijden;Mannen en vrouwen;De Ronde Venen;2008;34438;30192;2363;926;1437;1883;992;891;736
7471;Totaal over alle leeftijden;Mannen en vrouwen;De Ronde Venen;2009;34476;30140;2381;934;1447;1955;1029;926;736
7472;Totaal over alle leeftijden;Mannen en vrouwen;De Ronde Venen;2010;34583;30140;2413;943;1470;2030;1046;984;736
7473;Totaal over alle leeftijden;Mannen en vrouwen;De Ronde Venen;2011;34522;30002;2429;944;1485;2091;1066;1025;736
7474;Totaal over alle leeftijden;Mannen en vrouwen;De Ronde Venen;2012;34523;29913;2463;966;1497;2147;1102;1045;736
7475;Totaal over alle leeftijden;Mannen en vrouwen;De Ronde Venen;2013;34583;29842;2507;996;1511;2234;1128;1106;736
7476;Totaal over alle leeftijden;Mannen en vrouwen;De Ronde Venen;2014;34641;29816;2518;1001;1517;2307;1145;1162;736
7477;Totaal over alle leeftijden;Mannen en vrouwen;De Ronde Venen;2015;34662;29742;2557;1021;1536;2363;1182;1181;736
7478;Totaal over alle leeftijden;Mannen en vrouwen;De Ronde Venen;2016;34808;29779;2594;1033;1561;2435;1219;1216;736
7479;Totaal over alle leeftijden;Mannen en vrouwen;De Ronde Venen;2017;35025;29843;2641;1041;1600;2541;1274;1267;736
7480;Totaal over alle leeftijden;Mannen en vrouwen;De Ronde Venen;2018;35167;29831;2710;1053;1657;2626;1309;1317;736
7481;Totaal over alle leeftijden;Mannen en vrouwen;De Ronde Venen;2019;35293;29846;2731;1050;1681;2716;1343;1373;736
7482;Totaal over alle leeftijden;Mannen en vrouwen;De Ronde Venen;2020;35378;29791;2779;1075;1704;2808;1380;1428;736
7483;Totaal over alle leeftijden;Mannen en vrouwen;De Ronde Venen;2021;35546;29785;2842;1124;1718;2919;1426;1493;736
7484;Totaal over alle leeftijden;Mannen en vrouwen;De Ronde Venen;2022;35667;29820;2875;1150;1725;2972;1447;1525;736
7485;Totaal over alle leeftijden;Mannen en vrouwen;De Ronde Venen;2023;35765;29837;2898;1155;1743;3030;1479;1551;736
7486;Totaal over alle leeftijden;Mannen en vrouwen;De Ronde Venen;2024;35892;29840;2932;1197;1735;3120;1526;1594;736
7487;Totaal over alle leeftijden;Mannen en vrouwen;De Ronde Venen;2025;36130;29960;2974;1221;1753;3196;1556;1640;736
7488;Totaal over alle leeftijden;Mannen en vrouwen;Roosendaal;2008;77173;61308;6710;2621;4089;9155;5077;4078;1674
7489;Totaal over alle leeftijden;Mannen en vrouwen;Roosendaal;2009;76910;61088;6665;2622;4043;9157;5010;4147;1674
7490;Totaal over alle leeftijden;Mannen en vrouwen;Roosendaal;2010;76864;60985;6619;2616;4003;9260;5006;4254;1674
7491;Totaal over alle leeftijden;Mannen en vrouwen;Roosendaal;2011;76697;60736;6628;2633;3995;9333;4993;4340;1674
7492;Totaal over alle leeftijden;Mannen en vrouwen;Roosendaal;2012;76690;60697;6651;2662;3989;9342;4941;4401;1674
7493;Totaal over alle leeftijden;Mannen en vrouwen;Roosendaal;2013;76622;60541;6653;2667;3986;9428;4951;4477;1674
7494;Totaal over alle leeftijden;Mannen en vrouwen;Roosendaal;2014;76716;60512;6646;2662;3984;9558;4997;4561;1674
7495;Totaal over alle leeftijden;Mannen en vrouwen;Roosendaal;2015;76710;60449;6675;2701;3974;9586;5008;4578;1674
7496;Totaal over alle leeftijden;Mannen en vrouwen;Roosendaal;2016;76716;60370;6713;2720;3993;9633;5031;4602;1674
7497;Totaal over alle leeftijden;Mannen en vrouwen;Roosendaal;2017;76703;60302;6742;2734;4008;9659;5039;4620;1674
7498;Totaal over alle leeftijden;Mannen en vrouwen;Roosendaal;2018;76671;60197;6764;2773;3991;9710;5069;4641;1674
7499;Totaal over alle leeftijden;Mannen en vrouwen;Roosendaal;2019;76497;59979;6725;2743;3982;9793;5103;4690;1674
7500;Totaal over alle leeftijden;Mannen en vrouwen;Roosendaal;2020;76536;59904;6776;2792;3984;9856;5119;4737;1674
7501;Totaal over alle leeftijden;Mannen en vrouwen;Roosendaal;2021;76619;59936;6770;2799;3971;9913;5154;4759;1674
7502;Totaal over alle leeftijden;Mannen en vrouwen;Roosendaal;2022;76645;59902;6753;2805;3948;9990;5165;4825;1674
7503;Totaal over alle leeftijden;Mannen en vrouwen;Roosendaal;2023;76519;59834;6768;2839;3929;9917;5132;4785;1674
7504;Totaal over alle leeftijden;Mannen en vrouwen;Roosendaal;2024;76623;59885;6791;2853;3938;9947;5143;4804;1674
7505;Totaal over alle leeftijden;Mannen en vrouwen;Roosendaal;2025;76610;59804;6829;2884;3945;9977;5176;4801;1674
7506;Totaal over alle leeftijden;Mannen en vrouwen;Rotterdam;2008;583625;326938;57921;29040;28881;198766;113702;85064;599
7507;Totaal over alle leeftijden;Mannen en vrouwen;Rotterdam;2009;582366;328782;58112;28838;29274;195472;110120;85352;599
7508;Totaal over alle leeftijden;Mannen en vrouwen;Rotterdam;2010;581458;330492;58354;28697;29657;192612;106981;85631;599
7509;Totaal over alle leeftijden;Mannen en vrouwen;Rotterdam;2011;580602;332027;58695;28669;30026;189880;104078;85802;599
7510;Totaal over alle leeftijden;Mannen en vrouwen;Rotterdam;2012;579609;333200;59034;28697;30337;187375;101372;86003;599
7511;Totaal over alle leeftijden;Mannen en vrouwen;Rotterdam;2013;579061;334548;59412;28801;30611;185101;99111;85990;599
7512;Totaal over alle leeftijden;Mannen en vrouwen;Rotterdam;2014;578543;335878;59713;28771;30942;182952;96870;86082;599
7513;Totaal over alle leeftijden;Mannen en vrouwen;Rotterdam;2015;578433;337247;60158;28896;31262;181028;94856;86172;599
7514;Totaal over alle leeftijden;Mannen en vrouwen;Rotterdam;2016;578338;338763;60574;28976;31598;179001;92945;86056;599
7515;Totaal over alle leeftijden;Mannen en vrouwen;Rotterdam;2017;578221;340099;60875;29000;31875;177247;91262;85985;599
7516;Totaal over alle leeftijden;Mannen en vrouwen;Rotterdam;2018;578116;341418;61259;29081;32178;175439;89539;85900;599
7517;Totaal over alle leeftijden;Mannen en vrouwen;Rotterdam;2019;577946;342385;61516;29089;32427;174045;87997;86048;599
7518;Totaal over alle leeftijden;Mannen en vrouwen;Rotterdam;2020;578425;343688;61989;29189;32800;172748;86486;86262;599
7519;Totaal over alle leeftijden;Mannen en vrouwen;Rotterdam;2021;578703;344704;62412;29283;33129;171587;85098;86489;599
7520;Totaal over alle leeftijden;Mannen en vrouwen;Rotterdam;2022;578690;345531;62768;29388;33380;170391;83673;86718;599
7521;Totaal over alle leeftijden;Mannen en vrouwen;Rotterdam;2023;579034;346390;63387;29584;33803;169257;82373;86884;599
7522;Totaal over alle leeftijden;Mannen en vrouwen;Rotterdam;2024;579469;347292;63985;29776;34209;168192;81104;87088;599
7523;Totaal over alle leeftijden;Mannen en vrouwen;Rotterdam;2025;579540;347891;64440;29849;34591;167209;79900;87309;599
7524;Totaal over alle leeftijden;Mannen en vrouwen;Rozenburg;2008;12630;10399;1243;531;712;988;573;415;600
7525;Totaal over alle leeftijden;Mannen en vrouwen;Rozenburg;2009;12623;10380;1223;523;700;1020;583;437;600
7526;Totaal over alle leeftijden;Mannen en vrouwen;Rozenburg;2010;12578;10347;1197;505;692;1034;589;445;600
7527;Totaal over alle leeftijden;Mannen en vrouwen;Rozenburg;2011;12471;10232;1213;508;705;1026;575;451;600
7528;Totaal over alle leeftijden;Mannen en vrouwen;Rozenburg;2012;12402;10164;1203;504;699;1035;577;458;600
7529;Totaal over alle leeftijden;Mannen en vrouwen;Rozenburg;2013;12380;10113;1207;502;705;1060;577;483;600
7530;Totaal over alle leeftijden;Mannen en vrouwen;Rozenburg;2014;12393;10095;1214;504;710;1084;588;496;600
7531;Totaal over alle leeftijden;Mannen en vrouwen;Rozenburg;2015;12395;10046;1220;512;708;1129;595;534;600
7532;Totaal over alle leeftijden;Mannen en vrouwen;Rozenburg;2016;12370;10011;1200;507;693;1159;613;546;600
7533;Totaal over alle leeftijden;Mannen en vrouwen;Rozenburg;2017;12317;9964;1203;501;702;1150;618;532;600
7534;Totaal over alle leeftijden;Mannen en vrouwen;Rozenburg;2018;12247;9888;1198;516;682;1161;630;531;600
7535;Totaal over alle leeftijden;Mannen en vrouwen;Rozenburg;2019;12254;9846;1197;514;683;1211;661;550;600
7536;Totaal over alle leeftijden;Mannen en vrouwen;Rozenburg;2020;12200;9778;1193;515;678;1229;677;552;600
7537;Totaal over alle leeftijden;Mannen en vrouwen;Rozenburg;2021;12209;9783;1184;507;677;1242;669;573;600
7538;Totaal over alle leeftijden;Mannen en vrouwen;Rozenburg;2022;12210;9753;1197;519;678;1260;679;581;600
7539;Totaal over alle leeftijden;Mannen en vrouwen;Rozenburg;2023;12220;9750;1177;511;666;1293;691;602;600
7540;Totaal over alle leeftijden;Mannen en vrouwen;Rozenburg;2024;12183;9697;1160;492;668;1326;706;620;600
7541;Totaal over alle leeftijden;Mannen en vrouwen;Rozenburg;2025;12202;9678;1170;506;664;1354;726;628;600
7542;Totaal over alle leeftijden;Mannen en vrouwen;Rozendaal;2008;1570;1359;141;44;97;70;35;35;277
7543;Totaal over alle leeftijden;Mannen en vrouwen;Rozendaal;2009;1595;1378;147;46;101;70;35;35;277
7544;Totaal over alle leeftijden;Mannen en vrouwen;Rozendaal;2010;1600;1378;152;50;102;70;39;31;277
7545;Totaal over alle leeftijden;Mannen en vrouwen;Rozendaal;2011;1573;1360;145;44;101;68;38;30;277
7546;Totaal over alle leeftijden;Mannen en vrouwen;Rozendaal;2012;1564;1349;137;40;97;78;45;33;277
7547;Totaal over alle leeftijden;Mannen en vrouwen;Rozendaal;2013;1584;1352;144;41;103;88;48;40;277
7548;Totaal over alle leeftijden;Mannen en vrouwen;Rozendaal;2014;1605;1355;150;37;113;100;49;51;277
7549;Totaal over alle leeftijden;Mannen en vrouwen;Rozendaal;2015;1611;1355;147;35;112;109;54;55;277
7550;Totaal over alle leeftijden;Mannen en vrouwen;Rozendaal;2016;1601;1342;147;32;115;112;54;58;277
7551;Totaal over alle leeftijden;Mannen en vrouwen;Rozendaal;2017;1578;1314;152;36;116;112;60;52;277
7552;Totaal over alle leeftijden;Mannen en vrouwen;Rozendaal;2018;1608;1355;137;32;105;116;57;59;277
7553;Totaal over alle leeftijden;Mannen en vrouwen;Rozendaal;2019;1632;1380;140;33;107;112;56;56;277
7554;Totaal over alle leeftijden;Mannen en vrouwen;Rozendaal;2020;1601;1339;142;38;104;120;61;59;277
7555;Totaal over alle leeftijden;Mannen en vrouwen;Rozendaal;2021;1638;1365;138;39;99;135;69;66;277
7556;Totaal over alle leeftijden;Mannen en vrouwen;Rozendaal;2022;1619;1356;126;34;92;137;71;66;277
7557;Totaal over alle leeftijden;Mannen en vrouwen;Rozendaal;2023;1612;1351;123;34;89;138;67;71;277
7558;Totaal over alle leeftijden;Mannen en vrouwen;Rozendaal;2024;1614;1368;122;33;89;124;60;64;277
7559;Totaal over alle leeftijden;Mannen en vrouwen;Rozendaal;2025;1634;1369;132;39;93;133;58;75;277
7560;Totaal over alle leeftijden;Mannen en vrouwen;Rucphen;2008;21756;20162;1074;366;708;520;304;216;840
7561;Totaal over alle leeftijden;Mannen en vrouwen;Rucphen;2009;21612;19954;1103;383;720;555;312;243;840
7562;Totaal over alle leeftijden;Mannen en vrouwen;Rucphen;2010;21419;19710;1112;385;727;597;343;254;840
7563;Totaal over alle leeftijden;Mannen en vrouwen;Rucphen;2011;21223;19455;1130;404;726;638;350;288;840
7564;Totaal over alle leeftijden;Mannen en vrouwen;Rucphen;2012;21094;19287;1131;407;724;676;375;301;840
7565;Totaal over alle leeftijden;Mannen en vrouwen;Rucphen;2013;20996;19145;1134;415;719;717;392;325;840
7566;Totaal over alle leeftijden;Mannen en vrouwen;Rucphen;2014;20860;18968;1144;422;722;748;392;356;840
7567;Totaal over alle leeftijden;Mannen en vrouwen;Rucphen;2015;20765;18809;1163;433;730;793;408;385;840
7568;Totaal over alle leeftijden;Mannen en vrouwen;Rucphen;2016;20768;18743;1184;445;739;841;421;420;840
7569;Totaal over alle leeftijden;Mannen en vrouwen;Rucphen;2017;20656;18565;1183;451;732;908;448;460;840
7570;Totaal over alle leeftijden;Mannen en vrouwen;Rucphen;2018;20600;18407;1233;477;756;960;477;483;840
7571;Totaal over alle leeftijden;Mannen en vrouwen;Rucphen;2019;20528;18255;1273;495;778;1000;504;496;840
7572;Totaal over alle leeftijden;Mannen en vrouwen;Rucphen;2020;20410;18066;1285;507;778;1059;519;540;840
7573;Totaal over alle leeftijden;Mannen en vrouwen;Rucphen;2021;20380;17967;1310;520;790;1103;522;581;840
7574;Totaal over alle leeftijden;Mannen en vrouwen;Rucphen;2022;20352;17878;1337;547;790;1137;539;598;840
7575;Totaal over alle leeftijden;Mannen en vrouwen;Rucphen;2023;20351;17805;1349;559;790;1197;570;627;840
7576;Totaal over alle leeftijden;Mannen en vrouwen;Rucphen;2024;20448;17800;1364;562;802;1284;605;679;840
7577;Totaal over alle leeftijden;Mannen en vrouwen;Rucphen;2025;20363;17651;1390;586;804;1322;616;706;840
7578;Totaal over alle leeftijden;Mannen en vrouwen;Schagen;2008;19021;16385;1513;626;887;1123;716;407;441
7579;Totaal over alle leeftijden;Mannen en vrouwen;Schagen;2009;19087;16425;1525;639;886;1137;720;417;441
7580;Totaal over alle leeftijden;Mannen en vrouwen;Schagen;2010;19200;16480;1547;663;884;1173;759;414;441
7581;Totaal over alle leeftijden;Mannen en vrouwen;Schagen;2011;19311;16528;1576;695;881;1207;763;444;441
7582;Totaal over alle leeftijden;Mannen en vrouwen;Schagen;2012;19392;16546;1616;729;887;1230;765;465;441
7583;Totaal over alle leeftijden;Mannen en vrouwen;Schagen;2013;19468;16562;1650;747;903;1256;779;477;441
7584;Totaal over alle leeftijden;Mannen en vrouwen;Schagen;2014;19536;16608;1678;768;910;1250;750;500;441
7585;Totaal over alle leeftijden;Mannen en vrouwen;Schagen;2015;19596;16632;1675;771;904;1289;768;521;441
7586;Totaal over alle leeftijden;Mannen en vrouwen;Schagen;2016;19696;16698;1703;778;925;1295;775;520;441
7587;Totaal over alle leeftijden;Mannen en vrouwen;Schagen;2017;19789;16742;1736;790;946;1311;775;536;441
7588;Totaal over alle leeftijden;Mannen en vrouwen;Schagen;2018;19819;16732;1749;793;956;1338;797;541;441
7589;Totaal over alle leeftijden;Mannen en vrouwen;Schagen;2019;19951;16800;1764;823;941;1387;815;572;441
7590;Totaal over alle leeftijden;Mannen en vrouwen;Schagen;2020;20034;16811;1783;847;936;1440;830;610;441
7591;Totaal over alle leeftijden;Mannen en vrouwen;Schagen;2021;20057;16794;1813;860;953;1450;841;609;441
7592;Totaal over alle leeftijden;Mannen en vrouwen;Schagen;2022;20242;16899;1847;894;953;1496;862;634;441
7593;Totaal over alle leeftijden;Mannen en vrouwen;Schagen;2023;20249;16857;1889;942;947;1503;882;621;441
7594;Totaal over alle leeftijden;Mannen en vrouwen;Schagen;2024;20307;16880;1895;954;941;1532;910;622;441
7595;Totaal over alle leeftijden;Mannen en vrouwen;Schagen;2025;20481;16957;1933;978;955;1591;935;656;441
7596;Totaal over alle leeftijden;Mannen en vrouwen;Scheemda;2008;14030;13011;763;279;484;256;160;96;39
7597;Totaal over alle leeftijden;Mannen en vrouwen;Scheemda;2009;13962;12891;766;279;487;305;179;126;39
7598;Totaal over alle leeftijden;Mannen en vrouwen;Scheemda;2010;13814;12714;774;282;492;326;172;154;39
7599;Totaal over alle leeftijden;Mannen en vrouwen;Scheemda;2011;13724;12619;759;275;484;346;187;159;39
7600;Totaal over alle leeftijden;Mannen en vrouwen;Scheemda;2012;13613;12508;746;265;481;359;174;185;39
7601;Totaal over alle leeftijden;Mannen en vrouwen;Scheemda;2013;13562;12430;752;275;477;380;176;204;39
7602;Totaal over alle leeftijden;Mannen en vrouwen;Scheemda;2014;13463;12293;755;278;477;415;189;226;39
7603;Totaal over alle leeftijden;Mannen en vrouwen;Scheemda;2015;13340;12152;755;276;479;433;207;226;39
7604;Totaal over alle leeftijden;Mannen en vrouwen;Scheemda;2016;13214;12016;753;283;470;445;219;226;39
7605;Totaal over alle leeftijden;Mannen en vrouwen;Scheemda;2017;13145;11934;755;281;474;456;226;230;39
7606;Totaal over alle leeftijden;Mannen en vrouwen;Scheemda;2018;13034;11836;741;274;467;457;229;228;39
7607;Totaal over alle leeftijden;Mannen en vrouwen;Scheemda;2019;12917;11714;743;272;471;460;235;225;39
7608;Totaal over alle leeftijden;Mannen en vrouwen;Scheemda;2020;12814;11610;749;273;476;455;226;229;39
7609;Totaal over alle leeftijden;Mannen en vrouwen;Scheemda;2021;12724;11510;744;259;485;470;233;237;39
7610;Totaal over alle leeftijden;Mannen en vrouwen;Scheemda;2022;12605;11385;738;260;478;482;243;239;39
7611;Totaal over alle leeftijden;Mannen en vrouwen;Scheemda;2023;12521;11287;732;269;463;502;252;250;39
7612;Totaal over alle leeftijden;Mannen en vrouwen;Scheemda;2024;12443;11157;743;275;468;543;271;272;39
7613;Totaal over alle leeftijden;Mannen en vrouwen;Scheemda;2025;12339;11061;732;274;458;546;274;272;39
7614;Totaal over alle leeftijden;Mannen en vrouwen;Schermer;2008;5351;4970;253;88;165;128;60;68;458
7615;Totaal over alle leeftijden;Mannen en vrouwen;Schermer;2009;5428;5037;259;86;173;132;62;70;458
7616;Totaal over alle leeftijden;Mannen en vrouwen;Schermer;2010;5422;5016;258;83;175;148;69;79;458
7617;Totaal over alle leeftijden;Mannen en vrouwen;Schermer;2011;5432;5013;260;79;181;159;75;84;458
7618;Totaal over alle leeftijden;Mannen en vrouwen;Schermer;2012;5438;5008;264;84;180;166;71;95;458
7619;Totaal over alle leeftijden;Mannen en vrouwen;Schermer;2013;5408;4978;259;88;171;171;68;103;458
7620;Totaal over alle leeftijden;Mannen en vrouwen;Schermer;2014;5424;4974;268;87;181;182;74;108;458
7621;Totaal over alle leeftijden;Mannen en vrouwen;Schermer;2015;5445;4981;275;87;188;189;79;110;458
7622;Totaal over alle leeftijden;Mannen en vrouwen;Schermer;2016;5486;4994;275;96;179;217;92;125;458
7623;Totaal over alle leeftijden;Mannen en vrouwen;Schermer;2017;5527;5021;278;101;177;228;91;137;458
7624;Totaal over alle leeftijden;Mannen en vrouwen;Schermer;2018;5478;4961;290;102;188;227;98;129;458
7625;Totaal over alle leeftijden;Mannen en vrouwen;Schermer;2019;5472;4958;292;108;184;222;95;127;458
7626;Totaal over alle leeftijden;Mannen en vrouwen;Schermer;2020;5490;4963;289;108;181;238;108;130;458
7627;Totaal over alle leeftijden;Mannen en vrouwen;Schermer;2021;5510;4968;301;111;190;241;111;130;458
7628;Totaal over alle leeftijden;Mannen en vrouwen;Schermer;2022;5545;4989;307;125;182;249;117;132;458
7629;Totaal over alle leeftijden;Mannen en vrouwen;Schermer;2023;5478;4921;307;123;184;250;113;137;458
7630;Totaal over alle leeftijden;Mannen en vrouwen;Schermer;2024;5522;4934;324;132;192;264;118;146;458
7631;Totaal over alle leeftijden;Mannen en vrouwen;Schermer;2025;5535;4935;333;129;204;267;116;151;458
7632;Totaal over alle leeftijden;Mannen en vrouwen;Scherpenzeel;2008;8815;8292;346;123;223;177;87;90;279
7633;Totaal over alle leeftijden;Mannen en vrouwen;Scherpenzeel;2009;8809;8263;352;124;228;194;99;95;279
7634;Totaal over alle leeftijden;Mannen en vrouwen;Scherpenzeel;2010;8815;8242;361;123;238;212;107;105;279
7635;Totaal over alle leeftijden;Mannen en vrouwen;Scherpenzeel;2011;8860;8262;360;123;237;238;117;121;279
7636;Totaal over alle leeftijden;Mannen en vrouwen;Scherpenzeel;2012;8860;8231;355;125;230;274;137;137;279
7637;Totaal over alle leeftijden;Mannen en vrouwen;Scherpenzeel;2013;8772;8150;349;122;227;273;143;130;279
7638;Totaal over alle leeftijden;Mannen en vrouwen;Scherpenzeel;2014;8772;8136;349;125;224;287;145;142;279
7639;Totaal over alle leeftijden;Mannen en vrouwen;Scherpenzeel;2015;8731;8077;357;125;232;297;161;136;279
7640;Totaal over alle leeftijden;Mannen en vrouwen;Scherpenzeel;2016;8720;8047;356;131;225;317;174;143;279
7641;Totaal over alle leeftijden;Mannen en vrouwen;Scherpenzeel;2017;8738;8043;353;130;223;342;187;155;279
7642;Totaal over alle leeftijden;Mannen en vrouwen;Scherpenzeel;2018;8744;8022;366;137;229;356;196;160;279
7643;Totaal over alle leeftijden;Mannen en vrouwen;Scherpenzeel;2019;8731;7983;376;145;231;372;205;167;279
7644;Totaal over alle leeftijden;Mannen en vrouwen;Scherpenzeel;2020;8720;7940;386;148;238;394;217;177;279
7645;Totaal over alle leeftijden;Mannen en vrouwen;Scherpenzeel;2021;8699;7891;402;154;248;406;218;188;279
7646;Totaal over alle leeftijden;Mannen en vrouwen;Scherpenzeel;2022;8653;7798;423;160;263;432;232;200;279
7647;Totaal over alle leeftijden;Mannen en vrouwen;Scherpenzeel;2023;8664;7796;423;153;270;445;238;207;279
7648;Totaal over alle leeftijden;Mannen en vrouwen;Scherpenzeel;2024;8681;7795;414;146;268;472;258;214;279
7649;Totaal over alle leeftijden;Mannen en vrouwen;Scherpenzeel;2025;8718;7817;421;149;272;480;254;226;279
7650;Totaal over alle leeftijden;Mannen en vrouwen;Schiedam;2008;76280;51649;6583;3168;3415;18048;10098;7950;606
7651;Totaal over alle leeftijden;Mannen en vrouwen;Schiedam;2009;76331;51482;6676;3211;3465;18173;10054;8119;606
7652;Totaal over alle leeftijden;Mannen en vrouwen;Schiedam;2010;76413;51313;6791;3282;3509;18309;10000;8309;606
7653;Totaal over alle leeftijden;Mannen en vrouwen;Schiedam;2011;76557;51206;6916;3345;3571;18435;9955;8480;606
7654;Totaal over alle leeftijden;Mannen en vrouwen;Schiedam;2012;76735;51057;7045;3407;3638;18633;9957;8676;606
7655;Totaal over alle leeftijden;Mannen en vrouwen;Schiedam;2013;76966;51023;7140;3435;3705;18803;9940;8863;606
7656;Totaal over alle leeftijden;Mannen en vrouwen;Schiedam;2014;77134;51000;7293;3499;3794;18841;9912;8929;606
7657;Totaal over alle leeftijden;Mannen en vrouwen;Schiedam;2015;77304;50923;7386;3536;3850;18995;9879;9116;606
7658;Totaal over alle leeftijden;Mannen en vrouwen;Schiedam;2016;77396;50836;7507;3583;3924;19053;9873;9180;606
7659;Totaal over alle leeftijden;Mannen en vrouwen;Schiedam;2017;77605;50743;7650;3647;4003;19212;9854;9358;606
7660;Totaal over alle leeftijden;Mannen en vrouwen;Schiedam;2018;77845;50754;7801;3728;4073;19290;9816;9474;606
7661;Totaal over alle leeftijden;Mannen en vrouwen;Schiedam;2019;78117;50780;7966;3812;4154;19371;9754;9617;606
7662;Totaal over alle leeftijden;Mannen en vrouwen;Schiedam;2020;78310;50748;8073;3890;4183;19489;9719;9770;606
7663;Totaal over alle leeftijden;Mannen en vrouwen;Schiedam;2021;78559;50724;8253;3969;4284;19582;9688;9894;606
7664;Totaal over alle leeftijden;Mannen en vrouwen;Schiedam;2022;78812;50758;8395;4061;4334;19659;9641;10018;606
7665;Totaal over alle leeftijden;Mannen en vrouwen;Schiedam;2023;79107;50827;8539;4135;4404;19741;9614;10127;606
7666;Totaal over alle leeftijden;Mannen en vrouwen;Schiedam;2024;79374;50887;8609;4194;4415;19878;9656;10222;606
7667;Totaal over alle leeftijden;Mannen en vrouwen;Schiedam;2025;79518;50872;8721;4255;4466;19925;9630;10295;606
7668;Totaal over alle leeftijden;Mannen en vrouwen;Schiermonnikoog;2008;962;890;48;23;25;24;8;16;88
7669;Totaal over alle leeftijden;Mannen en vrouwen;Schiermonnikoog;2009;938;868;47;24;23;23;9;14;88
7670;Totaal over alle leeftijden;Mannen en vrouwen;Schiermonnikoog;2010;942;871;45;23;22;26;13;13;88
7671;Totaal over alle leeftijden;Mannen en vrouwen;Schiermonnikoog;2011;927;859;42;22;20;26;13;13;88
7672;Totaal over alle leeftijden;Mannen en vrouwen;Schiermonnikoog;2012;914;852;38;19;19;24;12;12;88
7673;Totaal over alle leeftijden;Mannen en vrouwen;Schiermonnikoog;2013;890;827;41;21;20;22;10;12;88
7674;Totaal over alle leeftijden;Mannen en vrouwen;Schiermonnikoog;2014;884;829;34;18;16;21;11;10;88
7675;Totaal over alle leeftijden;Mannen en vrouwen;Schiermonnikoog;2015;886;824;37;18;19;25;12;13;88
7676;Totaal over alle leeftijden;Mannen en vrouwen;Schiermonnikoog;2016;861;801;35;19;16;25;15;10;88
7677;Totaal over alle leeftijden;Mannen en vrouwen;Schiermonnikoog;2017;856;789;34;17;17;33;17;16;88
7678;Totaal over alle leeftijden;Mannen en vrouwen;Schiermonnikoog;2018;834;769;32;15;17;33;18;15;88
7679;Totaal over alle leeftijden;Mannen en vrouwen;Schiermonnikoog;2019;826;756;34;14;20;36;21;15;88
7680;Totaal over alle leeftijden;Mannen en vrouwen;Schiermonnikoog;2020;812;738;36;15;21;38;22;16;88
7681;Totaal over alle leeftijden;Mannen en vrouwen;Schiermonnikoog;2021;802;726;36;16;20;40;21;19;88
7682;Totaal over alle leeftijden;Mannen en vrouwen;Schiermonnikoog;2022;801;724;36;16;20;41;23;18;88
7683;Totaal over alle leeftijden;Mannen en vrouwen;Schiermonnikoog;2023;805;717;38;17;21;50;24;26;88
7684;Totaal over alle leeftijden;Mannen en vrouwen;Schiermonnikoog;2024;809;723;36;15;21;50;26;24;88
7685;Totaal over alle leeftijden;Mannen en vrouwen;Schiermonnikoog;2025;784;704;30;12;18;50;27;23;88
7686;Totaal over alle leeftijden;Mannen en vrouwen;Schijndel;2008;22512;20834;1056;458;598;622;386;236;844
7687;Totaal over alle leeftijden;Mannen en vrouwen;Schijndel;2009;22304;20598;1048;465;583;658;411;247;844
7688;Totaal over alle leeftijden;Mannen en vrouwen;Schijndel;2010;22208;20446;1058;474;584;704;445;259;844
7689;Totaal over alle leeftijden;Mannen en vrouwen;Schijndel;2011;22064;20272;1054;469;585;738;477;261;844
7690;Totaal over alle leeftijden;Mannen en vrouwen;Schijndel;2012;22023;20165;1071;473;598;787;498;289;844
7691;Totaal over alle leeftijden;Mannen en vrouwen;Schijndel;2013;21901;20002;1069;469;600;830;517;313;844
7692;Totaal over alle leeftijden;Mannen en vrouwen;Schijndel;2014;21816;19864;1072;463;609;880;538;342;844
7693;Totaal over alle leeftijden;Mannen en vrouwen;Schijndel;2015;21744;19752;1071;454;617;921;548;373;844
7694;Totaal over alle leeftijden;Mannen en vrouwen;Schijndel;2016;21699;19624;1101;459;642;974;574;400;844
7695;Totaal over alle leeftijden;Mannen en vrouwen;Schijndel;2017;21707;19536;1118;473;645;1053;612;441;844
7696;Totaal over alle leeftijden;Mannen en vrouwen;Schijndel;2018;21681;19463;1125;474;651;1093;631;462;844
7697;Totaal over alle leeftijden;Mannen en vrouwen;Schijndel;2019;21694;19383;1151;489;662;1160;652;508;844
7698;Totaal over alle leeftijden;Mannen en vrouwen;Schijndel;2020;21681;19306;1159;506;653;1216;670;546;844
7699;Totaal over alle leeftijden;Mannen en vrouwen;Schijndel;2021;21680;19246;1185;513;672;1249;692;557;844
7700;Totaal over alle leeftijden;Mannen en vrouwen;Schijndel;2022;21698;19212;1193;519;674;1293;702;591;844
7701;Totaal over alle leeftijden;Mannen en vrouwen;Schijndel;2023;21786;19228;1208;525;683;1350;722;628;844
7702;Totaal over alle leeftijden;Mannen en vrouwen;Schijndel;2024;21817;19233;1212;534;678;1372;742;630;844
7703;Totaal over alle leeftijden;Mannen en vrouwen;Schijndel;2025;21882;19218;1235;544;691;1429;772;657;844
7704;Totaal over alle leeftijden;Mannen en vrouwen;Schinnen;2008;13383;11099;1871;503;1368;413;278;135;962
7705;Totaal over alle leeftijden;Mannen en vrouwen;Schinnen;2009;13367;11035;1867;494;1373;465;305;160;962
7706;Totaal over alle leeftijden;Mannen en vrouwen;Schinnen;2010;13298;10929;1861;503;1358;508;340;168;962
7707;Totaal over alle leeftijden;Mannen en vrouwen;Schinnen;2011;13262;10876;1852;501;1351;534;352;182;962
7708;Totaal over alle leeftijden;Mannen en vrouwen;Schinnen;2012;13200;10818;1815;487;1328;567;373;194;962
7709;Totaal over alle leeftijden;Mannen en vrouwen;Schinnen;2013;13147;10779;1752;472;1280;616;401;215;962
7710;Totaal over alle leeftijden;Mannen en vrouwen;Schinnen;2014;13086;10702;1731;485;1246;653;414;239;962
7711;Totaal over alle leeftijden;Mannen en vrouwen;Schinnen;2015;13035;10643;1701;490;1211;691;441;250;962
7712;Totaal over alle leeftijden;Mannen en vrouwen;Schinnen;2016;12995;10614;1671;495;1176;710;443;267;962
7713;Totaal over alle leeftijden;Mannen en vrouwen;Schinnen;2017;12917;10528;1636;500;1136;753;462;291;962
7714;Totaal over alle leeftijden;Mannen en vrouwen;Schinnen;2018;12849;10450;1618;497;1121;781;468;313;962
7715;Totaal over alle leeftijden;Mannen en vrouwen;Schinnen;2019;12831;10409;1626;515;1111;796;478;318;962
7716;Totaal over alle leeftijden;Mannen en vrouwen;Schinnen;2020;12748;10366;1592;523;1069;790;466;324;962
7717;Totaal over alle leeftijden;Mannen en vrouwen;Schinnen;2021;12677;10267;1582;532;1050;828;481;347;962
7718;Totaal over alle leeftijden;Mannen en vrouwen;Schinnen;2022;12612;10215;1547;534;1013;850;505;345;962
7719;Totaal over alle leeftijden;Mannen en vrouwen;Schinnen;2023;12551;10143;1517;531;986;891;530;361;962
7720;Totaal over alle leeftijden;Mannen en vrouwen;Schinnen;2024;12514;10114;1497;525;972;903;529;374;962
7721;Totaal over alle leeftijden;Mannen en vrouwen;Schinnen;2025;12440;10055;1473;526;947;912;536;376;962
7722;Totaal over alle leeftijden;Mannen en vrouwen;Schoonhoven;2008;12163;10372;728;226;502;1063;566;497;608
7723;Totaal over alle leeftijden;Mannen en vrouwen;Schoonhoven;2009;12164;10378;711;218;493;1075;581;494;608
7724;Totaal over alle leeftijden;Mannen en vrouwen;Schoonhoven;2010;12110;10321;713;228;485;1076;565;511;608
7725;Totaal over alle leeftijden;Mannen en vrouwen;Schoonhoven;2011;12139;10349;722;248;474;1068;555;513;608
7726;Totaal over alle leeftijden;Mannen en vrouwen;Schoonhoven;2012;12169;10356;732;252;480;1081;548;533;608
7727;Totaal over alle leeftijden;Mannen en vrouwen;Schoonhoven;2013;12177;10318;761;267;494;1098;548;550;608
7728;Totaal over alle leeftijden;Mannen en vrouwen;Schoonhoven;2014;12169;10313;753;260;493;1103;547;556;608
7729;Totaal over alle leeftijden;Mannen en vrouwen;Schoonhoven;2015;12166;10303;757;256;501;1106;543;563;608
7730;Totaal over alle leeftijden;Mannen en vrouwen;Schoonhoven;2016;12203;10334;766;252;514;1103;550;553;608
7731;Totaal over alle leeftijden;Mannen en vrouwen;Schoonhoven;2017;12184;10302;759;264;495;1123;564;559;608
7732;Totaal over alle leeftijden;Mannen en vrouwen;Schoonhoven;2018;12233;10337;781;287;494;1115;551;564;608
7733;Totaal over alle leeftijden;Mannen en vrouwen;Schoonhoven;2019;12163;10293;775;280;495;1095;557;538;608
7734;Totaal over alle leeftijden;Mannen en vrouwen;Schoonhoven;2020;12217;10330;772;290;482;1115;576;539;608
7735;Totaal over alle leeftijden;Mannen en vrouwen;Schoonhoven;2021;12196;10301;787;295;492;1108;581;527;608
7736;Totaal over alle leeftijden;Mannen en vrouwen;Schoonhoven;2022;12153;10266;783;296;487;1104;580;524;608
7737;Totaal over alle leeftijden;Mannen en vrouwen;Schoonhoven;2023;12105;10223;785;302;483;1097;571;526;608
7738;Totaal over alle leeftijden;Mannen en vrouwen;Schoonhoven;2024;12110;10218;792;302;490;1100;572;528;608
7739;Totaal over alle leeftijden;Mannen en vrouwen;Schoonhoven;2025;12098;10207;778;297;481;1113;582;531;608
7740;Totaal over alle leeftijden;Mannen en vrouwen;Schouwen-Duiveland;2008;34300;31056;2265;989;1276;979;536;443;1676
7741;Totaal over alle leeftijden;Mannen en vrouwen;Schouwen-Duiveland;2009;34168;30770;2326;1004;1322;1072;579;493;1676
7742;Totaal over alle leeftijden;Mannen en vrouwen;Schouwen-Duiveland;2010;34128;30574;2388;1036;1352;1166;638;528;1676
7743;Totaal over alle leeftijden;Mannen en vrouwen;Schouwen-Duiveland;2011;33957;30216;2456;1064;1392;1285;699;586;1676
7744;Totaal over alle leeftijden;Mannen en vrouwen;Schouwen-Duiveland;2012;33969;30057;2512;1097;1415;1400;763;637;1676
7745;Totaal over alle leeftijden;Mannen en vrouwen;Schouwen-Duiveland;2013;33837;29779;2553;1130;1423;1505;821;684;1676
7746;Totaal over alle leeftijden;Mannen en vrouwen;Schouwen-Duiveland;2014;33818;29637;2608;1151;1457;1573;861;712;1676
7747;Totaal over alle leeftijden;Mannen en vrouwen;Schouwen-Duiveland;2015;33746;29446;2663;1172;1491;1637;880;757;1676
7748;Totaal over alle leeftijden;Mannen en vrouwen;Schouwen-Duiveland;2016;33827;29345;2742;1218;1524;1740;917;823;1676
7749;Totaal over alle leeftijden;Mannen en vrouwen;Schouwen-Duiveland;2017;33945;29315;2799;1244;1555;1831;962;869;1676
7750;Totaal over alle leeftijden;Mannen en vrouwen;Schouwen-Duiveland;2018;33920;29149;2863;1267;1596;1908;986;922;1676
7751;Totaal over alle leeftijden;Mannen en vrouwen;Schouwen-Duiveland;2019;34086;29140;2921;1277;1644;2025;1039;986;1676
7752;Totaal over alle leeftijden;Mannen en vrouwen;Schouwen-Duiveland;2020;34006;28902;2978;1289;1689;2126;1084;1042;1676
7753;Totaal over alle leeftijden;Mannen en vrouwen;Schouwen-Duiveland;2021;33918;28691;3026;1335;1691;2201;1113;1088;1676
7754;Totaal over alle leeftijden;Mannen en vrouwen;Schouwen-Duiveland;2022;33938;28570;3077;1353;1724;2291;1159;1132;1676
7755;Totaal over alle leeftijden;Mannen en vrouwen;Schouwen-Duiveland;2023;33813;28350;3092;1373;1719;2371;1203;1168;1676
7756;Totaal over alle leeftijden;Mannen en vrouwen;Schouwen-Duiveland;2024;33784;28210;3131;1403;1728;2443;1240;1203;1676
7757;Totaal over alle leeftijden;Mannen en vrouwen;Schouwen-Duiveland;2025;33873;28153;3187;1438;1749;2533;1270;1263;1676
7758;Totaal over alle leeftijden;Mannen en vrouwen;Sevenum;2008;7507;7021;374;116;258;112;75;37;964
7759;Totaal over alle leeftijden;Mannen en vrouwen;Sevenum;2009;7512;6992;391;128;263;129;77;52;964
7760;Totaal over alle leeftijden;Mannen en vrouwen;Sevenum;2010;7506;6959;399;130;269;148;87;61;964
7761;Totaal over alle leeftijden;Mannen en vrouwen;Sevenum;2011;7515;6953;398;132;266;164;96;68;964
7762;Totaal over alle leeftijden;Mannen en vrouwen;Sevenum;2012;7543;6956;407;143;264;180;105;75;964
7763;Totaal over alle leeftijden;Mannen en vrouwen;Sevenum;2013;7542;6923;418;138;280;201;114;87;964
7764;Totaal over alle leeftijden;Mannen en vrouwen;Sevenum;2014;7597;6938;429;145;284;230;124;106;964
7765;Totaal over alle leeftijden;Mannen en vrouwen;Sevenum;2015;7595;6890;450;155;295;255;132;123;964
7766;Totaal over alle leeftijden;Mannen en vrouwen;Sevenum;2016;7586;6845;463;155;308;278;149;129;964
7767;Totaal over alle leeftijden;Mannen en vrouwen;Sevenum;2017;7560;6804;461;145;316;295;155;140;964
7768;Totaal over alle leeftijden;Mannen en vrouwen;Sevenum;2018;7555;6747;471;145;326;337;179;158;964
7769;Totaal over alle leeftijden;Mannen en vrouwen;Sevenum;2019;7533;6682;492;158;334;359;187;172;964
7770;Totaal over alle leeftijden;Mannen en vrouwen;Sevenum;2020;7535;6668;502;168;334;365;189;176;964
7771;Totaal over alle leeftijden;Mannen en vrouwen;Sevenum;2021;7516;6623;516;171;345;377;196;181;964
7772;Totaal over alle leeftijden;Mannen en vrouwen;Sevenum;2022;7567;6631;540;172;368;396;200;196;964
7773;Totaal over alle leeftijden;Mannen en vrouwen;Sevenum;2023;7593;6618;560;180;380;415;205;210;964
7774;Totaal over alle leeftijden;Mannen en vrouwen;Sevenum;2024;7565;6578;553;176;377;434;223;211;964
7775;Totaal over alle leeftijden;Mannen en vrouwen;Sevenum;2025;7582;6576;566;184;382;440;230;210;964
7776;Totaal over alle leeftijden;Mannen en vrouwen;Simpelveld;2008;11144;8959;1992;850;1142;193;118;75;965
7777;Totaal over alle leeftijden;Mannen en vrouwen;Simpelveld;2009;11130;8973;1942;822;1120;215;132;83;965
7778;Totaal over alle leeftijden;Mannen en vrouwen;Simpelveld;2010;10991;8816;1934;813;1121;241;145;96;965
7779;Totaal over alle leeftijden;Mannen en vrouwen;Simpelveld;2011;10913;8737;1907;803;1104;269;157;112;965
7780;Totaal over alle leeftijden;Mannen en vrouwen;Simpelveld;2012;10882;8688;1885;797;1088;309;178;131;965
7781;Totaal over alle leeftijden;Mannen en vrouwen;Simpelveld;2013;10870;8646;1876;812;1064;348;201;147;965
7782;Totaal over alle leeftijden;Mannen en vrouwen;Simpelveld;2014;10760;8558;1828;787;1041;374;212;162;965
7783;Totaal over alle leeftijden;Mannen en vrouwen;Simpelveld;2015;10718;8494;1829;782;1047;395;218;177;965
7784;Totaal over alle leeftijden;Mannen en vrouwen;Simpelveld;2016;10731;8519;1797;768;1029;415;225;190;965
7785;Totaal over alle leeftijden;Mannen en vrouwen;Simpelveld;2017;10737;8496;1796;766;1030;445;236;209;965
7786;Totaal over alle leeftijden;Mannen en vrouwen;Simpelveld;2018;10688;8442;1781;752;1029;465;246;219;965
7787;Totaal over alle leeftijden;Mannen en vrouwen;Simpelveld;2019;10657;8451;1719;731;988;487;254;233;965
7788;Totaal over alle leeftijden;Mannen en vrouwen;Simpelveld;2020;10619;8397;1703;719;984;519;257;262;965
7789;Totaal over alle leeftijden;Mannen en vrouwen;Simpelveld;2021;10600;8378;1684;713;971;538;268;270;965
7790;Totaal over alle leeftijden;Mannen en vrouwen;Simpelveld;2022;10583;8359;1654;701;953;570;276;294;965
7791;Totaal over alle leeftijden;Mannen en vrouwen;Simpelveld;2023;10576;8347;1629;696;933;600;287;313;965
7792;Totaal over alle leeftijden;Mannen en vrouwen;Simpelveld;2024;10554;8315;1614;691;923;625;299;326;965
7793;Totaal over alle leeftijden;Mannen en vrouwen;Simpelveld;2025;10482;8261;1566;668;898;655;317;338;965
7794;Totaal over alle leeftijden;Mannen en vrouwen;Sint Anthonis;2008;11528;10891;407;133;274;230;138;92;1702
7795;Totaal over alle leeftijden;Mannen en vrouwen;Sint Anthonis;2009;11471;10781;423;133;290;267;159;108;1702
7796;Totaal over alle leeftijden;Mannen en vrouwen;Sint Anthonis;2010;11441;10695;427;133;294;319;191;128;1702
7797;Totaal over alle leeftijden;Mannen en vrouwen;Sint Anthonis;2011;11332;10561;423;137;286;348;202;146;1702
7798;Totaal over alle leeftijden;Mannen en vrouwen;Sint Anthonis;2012;11371;10539;425;138;287;407;239;168;1702
7799;Totaal over alle leeftijden;Mannen en vrouwen;Sint Anthonis;2013;11331;10463;423;142;281;445;252;193;1702
7800;Totaal over alle leeftijden;Mannen en vrouwen;Sint Anthonis;2014;11228;10320;433;150;283;475;265;210;1702
7801;Totaal over alle leeftijden;Mannen en vrouwen;Sint Anthonis;2015;11241;10304;436;150;286;501;277;224;1702
7802;Totaal over alle leeftijden;Mannen en vrouwen;Sint Anthonis;2016;11216;10274;444;149;295;498;266;232;1702
7803;Totaal over alle leeftijden;Mannen en vrouwen;Sint Anthonis;2017;11220;10220;449;159;290;551;293;258;1702
7804;Totaal over alle leeftijden;Mannen en vrouwen;Sint Anthonis;2018;11216;10207;444;157;287;565;294;271;1702
7805;Totaal over alle leeftijden;Mannen en vrouwen;Sint Anthonis;2019;11142;10105;448;153;295;589;307;282;1702
7806;Totaal over alle leeftijden;Mannen en vrouwen;Sint Anthonis;2020;11207;10148;457;160;297;602;321;281;1702
7807;Totaal over alle leeftijden;Mannen en vrouwen;Sint Anthonis;2021;11239;10129;472;166;306;638;327;311;1702
7808;Totaal over alle leeftijden;Mannen en vrouwen;Sint Anthonis;2022;11256;10104;485;176;309;667;343;324;1702
7809;Totaal over alle leeftijden;Mannen en vrouwen;Sint Anthonis;2023;11227;10052;481;173;308;694;352;342;1702
7810;Totaal over alle leeftijden;Mannen en vrouwen;Sint Anthonis;2024;11247;10036;493;182;311;718;362;356;1702
7811;Totaal over alle leeftijden;Mannen en vrouwen;Sint Anthonis;2025;11232;9994;496;181;315;742;373;369;1702
7812;Totaal over alle leeftijden;Mannen en vrouwen;Sint-Michielsgestel;2008;27647;25738;1182;397;785;727;427;300;845
7813;Totaal over alle leeftijden;Mannen en vrouwen;Sint-Michielsgestel;2009;27487;25535;1196;409;787;756;432;324;845
7814;Totaal over alle leeftijden;Mannen en vrouwen;Sint-Michielsgestel;2010;27331;25298;1223;437;786;810;468;342;845
7815;Totaal over alle leeftijden;Mannen en vrouwen;Sint-Michielsgestel;2011;27314;25197;1258;448;810;859;492;367;845
7816;Totaal over alle leeftijden;Mannen en vrouwen;Sint-Michielsgestel;2012;27156;24991;1277;475;802;888;500;388;845
7817;Totaal over alle leeftijden;Mannen en vrouwen;Sint-Michielsgestel;2013;27048;24794;1340;497;843;914;506;408;845
7818;Totaal over alle leeftijden;Mannen en vrouwen;Sint-Michielsgestel;2014;26946;24586;1376;525;851;984;545;439;845
7819;Totaal over alle leeftijden;Mannen en vrouwen;Sint-Michielsgestel;2015;26919;24490;1392;543;849;1037;565;472;845
7820;Totaal over alle leeftijden;Mannen en vrouwen;Sint-Michielsgestel;2016;26877;24338;1439;568;871;1100;597;503;845
7821;Totaal over alle leeftijden;Mannen en vrouwen;Sint-Michielsgestel;2017;26911;24310;1445;575;870;1156;620;536;845
7822;Totaal over alle leeftijden;Mannen en vrouwen;Sint-Michielsgestel;2018;26819;24182;1451;581;870;1186;617;569;845
7823;Totaal over alle leeftijden;Mannen en vrouwen;Sint-Michielsgestel;2019;26793;24126;1463;581;882;1204;634;570;845
7824;Totaal over alle leeftijden;Mannen en vrouwen;Sint-Michielsgestel;2020;26767;24012;1496;605;891;1259;660;599;845
7825;Totaal over alle leeftijden;Mannen en vrouwen;Sint-Michielsgestel;2021;26768;23955;1517;612;905;1296;675;621;845
7826;Totaal over alle leeftijden;Mannen en vrouwen;Sint-Michielsgestel;2022;26921;24027;1549;636;913;1345;702;643;845
7827;Totaal over alle leeftijden;Mannen en vrouwen;Sint-Michielsgestel;2023;26877;23927;1554;645;909;1396;715;681;845
7828;Totaal over alle leeftijden;Mannen en vrouwen;Sint-Michielsgestel;2024;26837;23823;1586;670;916;1428;730;698;845
7829;Totaal over alle leeftijden;Mannen en vrouwen;Sint-Michielsgestel;2025;26849;23779;1608;667;941;1462;748;714;845
7830;Totaal over alle leeftijden;Mannen en vrouwen;Sint-Oedenrode;2008;17260;16112;713;245;468;435;267;168;846
7831;Totaal over alle leeftijden;Mannen en vrouwen;Sint-Oedenrode;2009;17267;16063;717;242;475;487;289;198;846
7832;Totaal over alle leeftijden;Mannen en vrouwen;Sint-Oedenrode;2010;17282;16039;727;248;479;516;308;208;846
7833;Totaal over alle leeftijden;Mannen en vrouwen;Sint-Oedenrode;2011;17244;15953;740;252;488;551;320;231;846
7834;Totaal over alle leeftijden;Mannen en vrouwen;Sint-Oedenrode;2012;17188;15832;772;274;498;584;337;247;846
7835;Totaal over alle leeftijden;Mannen en vrouwen;Sint-Oedenrode;2013;17195;15805;788;281;507;602;345;257;846
7836;Totaal over alle leeftijden;Mannen en vrouwen;Sint-Oedenrode;2014;17153;15708;795;295;500;650;362;288;846
7837;Totaal over alle leeftijden;Mannen en vrouwen;Sint-Oedenrode;2015;17212;15707;815;305;510;690;376;314;846
7838;Totaal over alle leeftijden;Mannen en vrouwen;Sint-Oedenrode;2016;17196;15687;815;307;508;694;384;310;846
7839;Totaal over alle leeftijden;Mannen en vrouwen;Sint-Oedenrode;2017;17202;15642;829;306;523;731;395;336;846
7840;Totaal over alle leeftijden;Mannen en vrouwen;Sint-Oedenrode;2018;17163;15558;838;309;529;767;403;364;846
7841;Totaal over alle leeftijden;Mannen en vrouwen;Sint-Oedenrode;2019;17112;15474;862;321;541;776;401;375;846
7842;Totaal over alle leeftijden;Mannen en vrouwen;Sint-Oedenrode;2020;17105;15455;860;320;540;790;406;384;846
7843;Totaal over alle leeftijden;Mannen en vrouwen;Sint-Oedenrode;2021;17198;15459;888;341;547;851;430;421;846
7844;Totaal over alle leeftijden;Mannen en vrouwen;Sint-Oedenrode;2022;17193;15400;902;344;558;891;442;449;846
7845;Totaal over alle leeftijden;Mannen en vrouwen;Sint-Oedenrode;2023;17141;15298;931;348;583;912;456;456;846
7846;Totaal over alle leeftijden;Mannen en vrouwen;Sint-Oedenrode;2024;17166;15287;943;357;586;936;474;462;846
7847;Totaal over alle leeftijden;Mannen en vrouwen;Sint-Oedenrode;2025;17166;15218;965;359;606;983;498;485;846
7848;Totaal over alle leeftijden;Mannen en vrouwen;Sittard-Geleen;2008;96243;75942;14626;4402;10224;5675;3392;2283;1883
7849;Totaal over alle leeftijden;Mannen en vrouwen;Sittard-Geleen;2009;96190;75980;14381;4369;10012;5829;3445;2384;1883
7850;Totaal over alle leeftijden;Mannen en vrouwen;Sittard-Geleen;2010;96010;75961;14111;4336;9775;5938;3488;2450;1883
7851;Totaal over alle leeftijden;Mannen en vrouwen;Sittard-Geleen;2011;95843;75966;13775;4270;9505;6102;3545;2557;1883
7852;Totaal over alle leeftijden;Mannen en vrouwen;Sittard-Geleen;2012;95526;75732;13500;4259;9241;6294;3624;2670;1883
7853;Totaal over alle leeftijden;Mannen en vrouwen;Sittard-Geleen;2013;95124;75515;13236;4200;9036;6373;3616;2757;1883
7854;Totaal over alle leeftijden;Mannen en vrouwen;Sittard-Geleen;2014;94702;75231;12985;4158;8827;6486;3649;2837;1883
7855;Totaal over alle leeftijden;Mannen en vrouwen;Sittard-Geleen;2015;94253;74915;12739;4125;8614;6599;3689;2910;1883
7856;Totaal over alle leeftijden;Mannen en vrouwen;Sittard-Geleen;2016;93863;74648;12470;4063;8407;6745;3740;3005;1883
7857;Totaal over alle leeftijden;Mannen en vrouwen;Sittard-Geleen;2017;93516;74397;12263;4057;8206;6856;3793;3063;1883
7858;Totaal over alle leeftijden;Mannen en vrouwen;Sittard-Geleen;2018;93090;74092;12006;4028;7978;6992;3833;3159;1883
7859;Totaal over alle leeftijden;Mannen en vrouwen;Sittard-Geleen;2019;92701;73819;11756;3978;7778;7126;3879;3247;1883
7860;Totaal over alle leeftijden;Mannen en vrouwen;Sittard-Geleen;2020;92292;73468;11531;3950;7581;7293;3940;3353;1883
7861;Totaal over alle leeftijden;Mannen en vrouwen;Sittard-Geleen;2021;91865;73137;11377;3944;7433;7351;3986;3365;1883
7862;Totaal over alle leeftijden;Mannen en vrouwen;Sittard-Geleen;2022;91387;72806;11126;3878;7248;7455;4012;3443;1883
7863;Totaal over alle leeftijden;Mannen en vrouwen;Sittard-Geleen;2023;90990;72482;10974;3878;7096;7534;4038;3496;1883
7864;Totaal over alle leeftijden;Mannen en vrouwen;Sittard-Geleen;2024;90590;72138;10768;3858;6910;7684;4090;3594;1883
7865;Totaal over alle leeftijden;Mannen en vrouwen;Sittard-Geleen;2025;90157;71770;10612;3870;6742;7775;4105;3670;1883
7866;Totaal over alle leeftijden;Mannen en vrouwen;Skarsterlân;2008;27128;25612;1054;330;724;462;257;205;51
7867;Totaal over alle leeftijden;Mannen en vrouwen;Skarsterlân;2009;27096;25481;1088;345;743;527;284;243;51
7868;Totaal over alle leeftijden;Mannen en vrouwen;Skarsterlân;2010;27055;25418;1080;348;732;557;293;264;51
7869;Totaal over alle leeftijden;Mannen en vrouwen;Skarsterlân;2011;26993;25326;1082;352;730;585;308;277;51
7870;Totaal over alle leeftijden;Mannen en vrouwen;Skarsterlân;2012;26905;25186;1080;353;727;639;349;290;51
7871;Totaal over alle leeftijden;Mannen en vrouwen;Skarsterlân;2013;26833;25088;1074;346;728;671;365;306;51
7872;Totaal over alle leeftijden;Mannen en vrouwen;Skarsterlân;2014;26816;25020;1083;347;736;713;382;331;51
7873;Totaal over alle leeftijden;Mannen en vrouwen;Skarsterlân;2015;26759;24914;1088;355;733;757;402;355;51
7874;Totaal over alle leeftijden;Mannen en vrouwen;Skarsterlân;2016;26617;24732;1096;362;734;789;424;365;51
7875;Totaal over alle leeftijden;Mannen en vrouwen;Skarsterlân;2017;26599;24662;1115;366;749;822;442;380;51
7876;Totaal over alle leeftijden;Mannen en vrouwen;Skarsterlân;2018;26586;24590;1128;369;759;868;463;405;51
7877;Totaal over alle leeftijden;Mannen en vrouwen;Skarsterlân;2019;26550;24529;1105;370;735;916;496;420;51
7878;Totaal over alle leeftijden;Mannen en vrouwen;Skarsterlân;2020;26456;24412;1110;373;737;934;493;441;51
7879;Totaal over alle leeftijden;Mannen en vrouwen;Skarsterlân;2021;26413;24323;1107;384;723;983;516;467;51
7880;Totaal over alle leeftijden;Mannen en vrouwen;Skarsterlân;2022;26335;24201;1119;386;733;1015;537;478;51
7881;Totaal over alle leeftijden;Mannen en vrouwen;Skarsterlân;2023;26253;24080;1113;380;733;1060;563;497;51
7882;Totaal over alle leeftijden;Mannen en vrouwen;Skarsterlân;2024;26306;24091;1134;394;740;1081;567;514;51
7883;Totaal over alle leeftijden;Mannen en vrouwen;Skarsterlân;2025;26265;24008;1136;405;731;1121;577;544;51
7884;Totaal over alle leeftijden;Mannen en vrouwen;Sliedrecht;2008;23503;20936;1023;341;682;1544;841;703;610
7885;Totaal over alle leeftijden;Mannen en vrouwen;Sliedrecht;2009;23446;20810;1041;350;691;1595;862;733;610
7886;Totaal over alle leeftijden;Mannen en vrouwen;Sliedrecht;2010;23418;20726;1052;366;686;1640;891;749;610
7887;Totaal over alle leeftijden;Mannen en vrouwen;Sliedrecht;2011;23327;20593;1058;375;683;1676;901;775;610
7888;Totaal over alle leeftijden;Mannen en vrouwen;Sliedrecht;2012;23275;20531;1052;368;684;1692;906;786;610
7889;Totaal over alle leeftijden;Mannen en vrouwen;Sliedrecht;2013;23349;20566;1065;373;692;1718;917;801;610
7890;Totaal over alle leeftijden;Mannen en vrouwen;Sliedrecht;2014;23412;20561;1086;369;717;1765;929;836;610
7891;Totaal over alle leeftijden;Mannen en vrouwen;Sliedrecht;2015;23402;20545;1088;359;729;1769;923;846;610
7892;Totaal over alle leeftijden;Mannen en vrouwen;Sliedrecht;2016;23352;20475;1079;346;733;1798;929;869;610
7893;Totaal over alle leeftijden;Mannen en vrouwen;Sliedrecht;2017;23323;20413;1072;348;724;1838;938;900;610
7894;Totaal over alle leeftijden;Mannen en vrouwen;Sliedrecht;2018;23300;20370;1084;348;736;1846;933;913;610
7895;Totaal over alle leeftijden;Mannen en vrouwen;Sliedrecht;2019;23289;20318;1105;354;751;1866;938;928;610
7896;Totaal over alle leeftijden;Mannen en vrouwen;Sliedrecht;2020;23278;20273;1131;367;764;1874;922;952;610
7897;Totaal over alle leeftijden;Mannen en vrouwen;Sliedrecht;2021;23258;20233;1136;369;767;1889;910;979;610
7898;Totaal over alle leeftijden;Mannen en vrouwen;Sliedrecht;2022;23203;20173;1149;377;772;1881;919;962;610
7899;Totaal over alle leeftijden;Mannen en vrouwen;Sliedrecht;2023;23206;20136;1142;387;755;1928;944;984;610
7900;Totaal over alle leeftijden;Mannen en vrouwen;Sliedrecht;2024;23197;20025;1179;411;768;1993;971;1022;610
7901;Totaal over alle leeftijden;Mannen en vrouwen;Sliedrecht;2025;23244;20008;1213;431;782;2023;986;1037;610
7902;Totaal over alle leeftijden;Mannen en vrouwen;Slochteren;2008;15074;14124;638;243;395;312;177;135;40
7903;Totaal over alle leeftijden;Mannen en vrouwen;Slochteren;2009;15063;14063;646;242;404;354;201;153;40
7904;Totaal over alle leeftijden;Mannen en vrouwen;Slochteren;2010;15168;14089;660;253;407;419;234;185;40
7905;Totaal over alle leeftijden;Mannen en vrouwen;Slochteren;2011;15051;13928;662;248;414;461;268;193;40
7906;Totaal over alle leeftijden;Mannen en vrouwen;Slochteren;2012;15054;13882;667;254;413;505;285;220;40
7907;Totaal over alle leeftijden;Mannen en vrouwen;Slochteren;2013;15120;13889;677;250;427;554;303;251;40
7908;Totaal over alle leeftijden;Mannen en vrouwen;Slochteren;2014;14980;13739;680;252;428;561;293;268;40
7909;Totaal over alle leeftijden;Mannen en vrouwen;Slochteren;2015;14998;13718;686;262;424;594;311;283;40
7910;Totaal over alle leeftijden;Mannen en vrouwen;Slochteren;2016;14897;13587;683;262;421;627;329;298;40
7911;Totaal over alle leeftijden;Mannen en vrouwen;Slochteren;2017;14861;13528;683;253;430;650;335;315;40
7912;Totaal over alle leeftijden;Mannen en vrouwen;Slochteren;2018;14923;13548;680;245;435;695;363;332;40
7913;Totaal over alle leeftijden;Mannen en vrouwen;Slochteren;2019;14932;13534;680;251;429;718;375;343;40
7914;Totaal over alle leeftijden;Mannen en vrouwen;Slochteren;2020;14855;13446;678;243;435;731;383;348;40
7915;Totaal over alle leeftijden;Mannen en vrouwen;Slochteren;2021;14790;13337;700;262;438;753;380;373;40
7916;Totaal over alle leeftijden;Mannen en vrouwen;Slochteren;2022;14837;13349;715;264;451;773;386;387;40
7917;Totaal over alle leeftijden;Mannen en vrouwen;Slochteren;2023;14855;13355;722;251;471;778;390;388;40
7918;Totaal over alle leeftijden;Mannen en vrouwen;Slochteren;2024;14734;13226;710;251;459;798;403;395;40
7919;Totaal over alle leeftijden;Mannen en vrouwen;Slochteren;2025;14674;13137;705;253;452;832;419;413;40
7920;Totaal over alle leeftijden;Mannen en vrouwen;Sluis;2008;24127;18706;4789;2572;2217;632;391;241;1714
7921;Totaal over alle leeftijden;Mannen en vrouwen;Sluis;2009;24033;18534;4785;2590;2195;714;425;289;1714
7922;Totaal over alle leeftijden;Mannen en vrouwen;Sluis;2010;23965;18333;4813;2591;2222;819;479;340;1714
7923;Totaal over alle leeftijden;Mannen en vrouwen;Sluis;2011;23844;18145;4806;2609;2197;893;500;393;1714
7924;Totaal over alle leeftijden;Mannen en vrouwen;Sluis;2012;23690;17931;4830;2629;2201;929;506;423;1714
7925;Totaal over alle leeftijden;Mannen en vrouwen;Sluis;2013;23586;17734;4857;2667;2190;995;523;472;1714
7926;Totaal over alle leeftijden;Mannen en vrouwen;Sluis;2014;23468;17542;4887;2687;2200;1039;540;499;1714
7927;Totaal over alle leeftijden;Mannen en vrouwen;Sluis;2015;23354;17361;4885;2685;2200;1108;580;528;1714
7928;Totaal over alle leeftijden;Mannen en vrouwen;Sluis;2016;23304;17215;4920;2702;2218;1169;599;570;1714
7929;Totaal over alle leeftijden;Mannen en vrouwen;Sluis;2017;23219;17021;4972;2736;2236;1226;620;606;1714
7930;Totaal over alle leeftijden;Mannen en vrouwen;Sluis;2018;23079;16811;4981;2729;2252;1287;655;632;1714
7931;Totaal over alle leeftijden;Mannen en vrouwen;Sluis;2019;22933;16623;4958;2705;2253;1352;682;670;1714
7932;Totaal over alle leeftijden;Mannen en vrouwen;Sluis;2020;22894;16559;4961;2725;2236;1374;678;696;1714
7933;Totaal over alle leeftijden;Mannen en vrouwen;Sluis;2021;22750;16387;4942;2712;2230;1421;703;718;1714
7934;Totaal over alle leeftijden;Mannen en vrouwen;Sluis;2022;22655;16255;4931;2703;2228;1469;725;744;1714
7935;Totaal over alle leeftijden;Mannen en vrouwen;Sluis;2023;22601;16143;4930;2697;2233;1528;751;777;1714
7936;Totaal over alle leeftijden;Mannen en vrouwen;Sluis;2024;22510;16036;4909;2677;2232;1565;766;799;1714
7937;Totaal over alle leeftijden;Mannen en vrouwen;Sluis;2025;22376;15852;4919;2663;2256;1605;789;816;1714
7938;Totaal over alle leeftijden;Mannen en vrouwen;Smallingerland;2008;55181;49814;2784;1121;1663;2583;1586;997;90
7939;Totaal over alle leeftijden;Mannen en vrouwen;Smallingerland;2009;55390;49948;2828;1151;1677;2614;1576;1038;90
7940;Totaal over alle leeftijden;Mannen en vrouwen;Smallingerland;2010;55539;49973;2852;1152;1700;2714;1618;1096;90
7941;Totaal over alle leeftijden;Mannen en vrouwen;Smallingerland;2011;55718;50045;2846;1140;1706;2827;1682;1145;90
7942;Totaal over alle leeftijden;Mannen en vrouwen;Smallingerland;2012;55881;50114;2873;1151;1722;2894;1704;1190;90
7943;Totaal over alle leeftijden;Mannen en vrouwen;Smallingerland;2013;56071;50246;2894;1157;1737;2931;1687;1244;90
7944;Totaal over alle leeftijden;Mannen en vrouwen;Smallingerland;2014;56298;50363;2921;1176;1745;3014;1719;1295;90
7945;Totaal over alle leeftijden;Mannen en vrouwen;Smallingerland;2015;56374;50305;2947;1164;1783;3122;1776;1346;90
7946;Totaal over alle leeftijden;Mannen en vrouwen;Smallingerland;2016;56442;50311;2963;1181;1782;3168;1781;1387;90
7947;Totaal over alle leeftijden;Mannen en vrouwen;Smallingerland;2017;56674;50426;2976;1193;1783;3272;1849;1423;90
7948;Totaal over alle leeftijden;Mannen en vrouwen;Smallingerland;2018;56888;50556;2994;1205;1789;3338;1850;1488;90
7949;Totaal over alle leeftijden;Mannen en vrouwen;Smallingerland;2019;57043;50568;3054;1238;1816;3421;1881;1540;90
7950;Totaal over alle leeftijden;Mannen en vrouwen;Smallingerland;2020;57141;50517;3102;1276;1826;3522;1927;1595;90
7951;Totaal over alle leeftijden;Mannen en vrouwen;Smallingerland;2021;57277;50567;3110;1264;1846;3600;1982;1618;90
7952;Totaal over alle leeftijden;Mannen en vrouwen;Smallingerland;2022;57382;50590;3130;1282;1848;3662;2024;1638;90
7953;Totaal over alle leeftijden;Mannen en vrouwen;Smallingerland;2023;57580;50627;3172;1303;1869;3781;2078;1703;90
7954;Totaal over alle leeftijden;Mannen en vrouwen;Smallingerland;2024;57700;50633;3213;1318;1895;3854;2118;1736;90
7955;Totaal over alle leeftijden;Mannen en vrouwen;Smallingerland;2025;57933;50755;3232;1321;1911;3946;2160;1786;90
7956;Totaal over alle leeftijden;Mannen en vrouwen;Sneek;2008;33151;29746;2090;716;1374;1315;719;596;91
7957;Totaal over alle leeftijden;Mannen en vrouwen;Sneek;2009;33315;29880;2062;713;1349;1373;750;623;91
7958;Totaal over alle leeftijden;Mannen en vrouwen;Sneek;2010;33304;29831;2058;697;1361;1415;785;630;91
7959;Totaal over alle leeftijden;Mannen en vrouwen;Sneek;2011;33356;29852;2044;695;1349;1460;829;631;91
7960;Totaal over alle leeftijden;Mannen en vrouwen;Sneek;2012;33443;29881;2040;701;1339;1522;859;663;91
7961;Totaal over alle leeftijden;Mannen en vrouwen;Sneek;2013;33398;29786;2020;689;1331;1592;902;690;91
7962;Totaal over alle leeftijden;Mannen en vrouwen;Sneek;2014;33390;29752;1998;687;1311;1640;936;704;91
7963;Totaal over alle leeftijden;Mannen en vrouwen;Sneek;2015;33438;29764;1965;667;1298;1709;974;735;91
7964;Totaal over alle leeftijden;Mannen en vrouwen;Sneek;2016;33513;29765;1971;683;1288;1777;1005;772;91
7965;Totaal over alle leeftijden;Mannen en vrouwen;Sneek;2017;33535;29762;1955;692;1263;1818;1011;807;91
7966;Totaal over alle leeftijden;Mannen en vrouwen;Sneek;2018;33537;29709;1961;681;1280;1867;1044;823;91
7967;Totaal over alle leeftijden;Mannen en vrouwen;Sneek;2019;33403;29517;1954;671;1283;1932;1058;874;91
7968;Totaal over alle leeftijden;Mannen en vrouwen;Sneek;2020;33318;29421;1915;651;1264;1982;1103;879;91
7969;Totaal over alle leeftijden;Mannen en vrouwen;Sneek;2021;33284;29330;1931;664;1267;2023;1104;919;91
7970;Totaal over alle leeftijden;Mannen en vrouwen;Sneek;2022;33278;29273;1948;673;1275;2057;1118;939;91
7971;Totaal over alle leeftijden;Mannen en vrouwen;Sneek;2023;33205;29152;1943;671;1272;2110;1144;966;91
7972;Totaal over alle leeftijden;Mannen en vrouwen;Sneek;2024;33105;29052;1935;674;1261;2118;1150;968;91
7973;Totaal over alle leeftijden;Mannen en vrouwen;Sneek;2025;33108;28999;1928;677;1251;2181;1173;1008;91
7974;Totaal over alle leeftijden;Mannen en vrouwen;Soest;2008;45150;36731;3986;1420;2566;4433;2440;1993;342
7975;Totaal over alle leeftijden;Mannen en vrouwen;Soest;2009;45054;36632;3954;1401;2553;4468;2457;2011;342
7976;Totaal over alle leeftijden;Mannen en vrouwen;Soest;2010;45131;36642;3937;1383;2554;4552;2494;2058;342
7977;Totaal over alle leeftijden;Mannen en vrouwen;Soest;2011;45187;36625;3964;1386;2578;4598;2515;2083;342
7978;Totaal over alle leeftijden;Mannen en vrouwen;Soest;2012;45344;36740;3957;1359;2598;4647;2537;2110;342
7979;Totaal over alle leeftijden;Mannen en vrouwen;Soest;2013;45419;36739;3991;1377;2614;4689;2544;2145;342
7980;Totaal over alle leeftijden;Mannen en vrouwen;Soest;2014;45539;36822;4000;1361;2639;4717;2548;2169;342
7981;Totaal over alle leeftijden;Mannen en vrouwen;Soest;2015;45599;36798;3998;1368;2630;4803;2591;2212;342
7982;Totaal over alle leeftijden;Mannen en vrouwen;Soest;2016;45652;36831;3994;1355;2639;4827;2620;2207;342
7983;Totaal over alle leeftijden;Mannen en vrouwen;Soest;2017;45772;36874;4003;1354;2649;4895;2648;2247;342
7984;Totaal over alle leeftijden;Mannen en vrouwen;Soest;2018;45882;36889;3994;1362;2632;4999;2655;2344;342
7985;Totaal over alle leeftijden;Mannen en vrouwen;Soest;2019;45813;36784;4011;1372;2639;5018;2638;2380;342
7986;Totaal over alle leeftijden;Mannen en vrouwen;Soest;2020;46043;36882;4073;1397;2676;5088;2686;2402;342
7987;Totaal over alle leeftijden;Mannen en vrouwen;Soest;2021;46134;36883;4093;1414;2679;5158;2725;2433;342
7988;Totaal over alle leeftijden;Mannen en vrouwen;Soest;2022;46165;36842;4102;1414;2688;5221;2749;2472;342
7989;Totaal over alle leeftijden;Mannen en vrouwen;Soest;2023;46375;36914;4166;1436;2730;5295;2784;2511;342
7990;Totaal over alle leeftijden;Mannen en vrouwen;Soest;2024;46523;36963;4218;1454;2764;5342;2776;2566;342
7991;Totaal over alle leeftijden;Mannen en vrouwen;Soest;2025;46522;36911;4247;1480;2767;5364;2778;2586;342
7992;Totaal over alle leeftijden;Mannen en vrouwen;Someren;2008;17822;16751;726;248;478;345;208;137;847
7993;Totaal over alle leeftijden;Mannen en vrouwen;Someren;2009;17652;16549;732;253;479;371;226;145;847
7994;Totaal over alle leeftijden;Mannen en vrouwen;Someren;2010;17477;16327;738;254;484;412;253;159;847
7995;Totaal over alle leeftijden;Mannen en vrouwen;Someren;2011;17392;16219;726;255;471;447;271;176;847
7996;Totaal over alle leeftijden;Mannen en vrouwen;Someren;2012;17318;16069;751;271;480;498;286;212;847
7997;Totaal over alle leeftijden;Mannen en vrouwen;Someren;2013;17300;16002;761;276;485;537;313;224;847
7998;Totaal over alle leeftijden;Mannen en vrouwen;Someren;2014;17311;15968;765;274;491;578;331;247;847
7999;Totaal over alle leeftijden;Mannen en vrouwen;Someren;2015;17350;15950;791;280;511;609;359;250;847
8000;Totaal over alle leeftijden;Mannen en vrouwen;Someren;2016;17354;15904;812;294;518;638;372;266;847
8001;Totaal over alle leeftijden;Mannen en vrouwen;Someren;2017;17369;15859;843;308;535;667;386;281;847
8002;Totaal over alle leeftijden;Mannen en vrouwen;Someren;2018;17359;15803;860;319;541;696;394;302;847
8003;Totaal over alle leeftijden;Mannen en vrouwen;Someren;2019;17394;15776;882;331;551;736;418;318;847
8004;Totaal over alle leeftijden;Mannen en vrouwen;Someren;2020;17486;15805;906;334;572;775;449;326;847
8005;Totaal over alle leeftijden;Mannen en vrouwen;Someren;2021;17486;15745;926;347;579;815;462;353;847
8006;Totaal over alle leeftijden;Mannen en vrouwen;Someren;2022;17514;15722;946;360;586;846;481;365;847
8007;Totaal over alle leeftijden;Mannen en vrouwen;Someren;2023;17561;15738;962;382;580;861;492;369;847
8008;Totaal over alle leeftijden;Mannen en vrouwen;Someren;2024;17610;15749;965;380;585;896;508;388;847
8009;Totaal over alle leeftijden;Mannen en vrouwen;Someren;2025;17668;15763;980;388;592;925;521;404;847
8010;Totaal over alle leeftijden;Mannen en vrouwen;Son en Breugel;2008;15293;13565;1181;439;742;547;313;234;848
8011;Totaal over alle leeftijden;Mannen en vrouwen;Son en Breugel;2009;15296;13514;1188;435;753;594;351;243;848
8012;Totaal over alle leeftijden;Mannen en vrouwen;Son en Breugel;2010;15335;13510;1188;438;750;637;376;261;848
8013;Totaal over alle leeftijden;Mannen en vrouwen;Son en Breugel;2011;15329;13461;1178;440;738;690;398;292;848
8014;Totaal over alle leeftijden;Mannen en vrouwen;Son en Breugel;2012;15235;13334;1174;434;740;727;412;315;848
8015;Totaal over alle leeftijden;Mannen en vrouwen;Son en Breugel;2013;15203;13272;1166;432;734;765;440;325;848
8016;Totaal over alle leeftijden;Mannen en vrouwen;Son en Breugel;2014;15178;13222;1158;427;731;798;450;348;848
8017;Totaal over alle leeftijden;Mannen en vrouwen;Son en Breugel;2015;15093;13106;1163;428;735;824;460;364;848
8018;Totaal over alle leeftijden;Mannen en vrouwen;Son en Breugel;2016;15046;13000;1163;423;740;883;490;393;848
8019;Totaal over alle leeftijden;Mannen en vrouwen;Son en Breugel;2017;14939;12876;1156;420;736;907;508;399;848
8020;Totaal over alle leeftijden;Mannen en vrouwen;Son en Breugel;2018;14851;12754;1157;421;736;940;518;422;848
8021;Totaal over alle leeftijden;Mannen en vrouwen;Son en Breugel;2019;14741;12634;1155;424;731;952;526;426;848
8022;Totaal over alle leeftijden;Mannen en vrouwen;Son en Breugel;2020;14655;12497;1184;428;756;974;537;437;848
8023;Totaal over alle leeftijden;Mannen en vrouwen;Son en Breugel;2021;14571;12361;1211;444;767;999;534;465;848
8024;Totaal over alle leeftijden;Mannen en vrouwen;Son en Breugel;2022;14481;12242;1207;436;771;1032;560;472;848
8025;Totaal over alle leeftijden;Mannen en vrouwen;Son en Breugel;2023;14370;12079;1220;442;778;1071;580;491;848
8026;Totaal over alle leeftijden;Mannen en vrouwen;Son en Breugel;2024;14274;11958;1214;442;772;1102;588;514;848
8027;Totaal over alle leeftijden;Mannen en vrouwen;Son en Breugel;2025;14194;11853;1213;438;775;1128;604;524;848
8028;Totaal over alle leeftijden;Mannen en vrouwen;Spijkenisse;2008;73077;56734;6843;2785;4058;9500;5319;4181;612
8029;Totaal over alle leeftijden;Mannen en vrouwen;Spijkenisse;2009;72515;56151;6811;2770;4041;9553;5271;4282;612
8030;Totaal over alle leeftijden;Mannen en vrouwen;Spijkenisse;2010;72268;55792;6796;2774;4022;9680;5274;4406;612
8031;Totaal over alle leeftijden;Mannen en vrouwen;Spijkenisse;2011;71867;55382;6746;2771;3975;9739;5231;4508;612
8032;Totaal over alle leeftijden;Mannen en vrouwen;Spijkenisse;2012;71589;55019;6735;2778;3957;9835;5226;4609;612
8033;Totaal over alle leeftijden;Mannen en vrouwen;Spijkenisse;2013;71398;54770;6765;2822;3943;9863;5181;4682;612
8034;Totaal over alle leeftijden;Mannen en vrouwen;Spijkenisse;2014;71125;54448;6716;2783;3933;9961;5200;4761;612
8035;Totaal over alle leeftijden;Mannen en vrouwen;Spijkenisse;2015;70891;54181;6679;2757;3922;10031;5194;4837;612
8036;Totaal over alle leeftijden;Mannen en vrouwen;Spijkenisse;2016;70741;53867;6705;2788;3917;10169;5219;4950;612
8037;Totaal over alle leeftijden;Mannen en vrouwen;Spijkenisse;2017;70966;53838;6750;2824;3926;10378;5267;5111;612
8038;Totaal over alle leeftijden;Mannen en vrouwen;Spijkenisse;2018;71075;53738;6805;2849;3956;10532;5327;5205;612
8039;Totaal over alle leeftijden;Mannen en vrouwen;Spijkenisse;2019;71198;53691;6846;2887;3959;10661;5349;5312;612
8040;Totaal over alle leeftijden;Mannen en vrouwen;Spijkenisse;2020;71277;53591;6919;2934;3985;10767;5331;5436;612
8041;Totaal over alle leeftijden;Mannen en vrouwen;Spijkenisse;2021;71297;53462;6960;2942;4018;10875;5360;5515;612
8042;Totaal over alle leeftijden;Mannen en vrouwen;Spijkenisse;2022;71469;53393;7067;3016;4051;11009;5381;5628;612
8043;Totaal over alle leeftijden;Mannen en vrouwen;Spijkenisse;2023;71525;53252;7106;3070;4036;11167;5403;5764;612
8044;Totaal over alle leeftijden;Mannen en vrouwen;Spijkenisse;2024;71513;53019;7170;3103;4067;11324;5453;5871;612
8045;Totaal over alle leeftijden;Mannen en vrouwen;Spijkenisse;2025;71611;52872;7268;3177;4091;11471;5484;5987;612
8046;Totaal over alle leeftijden;Mannen en vrouwen;Stadskanaal;2008;33859;30949;1758;762;996;1152;794;358;37
8047;Totaal over alle leeftijden;Mannen en vrouwen;Stadskanaal;2009;33848;30920;1741;764;977;1187;787;400;37
8048;Totaal over alle leeftijden;Mannen en vrouwen;Stadskanaal;2010;33927;30952;1740;747;993;1235;783;452;37
8049;Totaal over alle leeftijden;Mannen en vrouwen;Stadskanaal;2011;33979;30923;1761;761;1000;1295;798;497;37
8050;Totaal over alle leeftijden;Mannen en vrouwen;Stadskanaal;2012;34034;30919;1783;768;1015;1332;805;527;37
8051;Totaal over alle leeftijden;Mannen en vrouwen;Stadskanaal;2013;34091;30903;1812;773;1039;1376;822;554;37
8052;Totaal over alle leeftijden;Mannen en vrouwen;Stadskanaal;2014;34081;30829;1830;761;1069;1422;838;584;37
8053;Totaal over alle leeftijden;Mannen en vrouwen;Stadskanaal;2015;34086;30727;1854;770;1084;1505;881;624;37
8054;Totaal over alle leeftijden;Mannen en vrouwen;Stadskanaal;2016;34101;30685;1859;760;1099;1557;896;661;37
8055;Totaal over alle leeftijden;Mannen en vrouwen;Stadskanaal;2017;34128;30645;1875;766;1109;1608;906;702;37
8056;Totaal over alle leeftijden;Mannen en vrouwen;Stadskanaal;2018;34130;30542;1916;785;1131;1672;926;746;37
8057;Totaal over alle leeftijden;Mannen en vrouwen;Stadskanaal;2019;34159;30503;1913;772;1141;1743;951;792;37
8058;Totaal over alle leeftijden;Mannen en vrouwen;Stadskanaal;2020;34130;30444;1920;793;1127;1766;953;813;37
8059;Totaal over alle leeftijden;Mannen en vrouwen;Stadskanaal;2021;34094;30339;1933;799;1134;1822;977;845;37
8060;Totaal over alle leeftijden;Mannen en vrouwen;Stadskanaal;2022;34129;30309;1966;828;1138;1854;990;864;37
8061;Totaal over alle leeftijden;Mannen en vrouwen;Stadskanaal;2023;34096;30196;1979;833;1146;1921;1011;910;37
8062;Totaal over alle leeftijden;Mannen en vrouwen;Stadskanaal;2024;34067;30099;2025;858;1167;1943;1020;923;37
8063;Totaal over alle leeftijden;Mannen en vrouwen;Stadskanaal;2025;34051;30003;2033;874;1159;2015;1066;949;37
8064;Totaal over alle leeftijden;Mannen en vrouwen;Staphorst;2008;15706;15199;255;84;171;252;161;91;180
8065;Totaal over alle leeftijden;Mannen en vrouwen;Staphorst;2009;15651;15088;276;94;182;287;173;114;180
8066;Totaal over alle leeftijden;Mannen en vrouwen;Staphorst;2010;15652;15032;287;97;190;333;201;132;180
8067;Totaal over alle leeftijden;Mannen en vrouwen;Staphorst;2011;15596;14908;316;114;202;372;214;158;180
8068;Totaal over alle leeftijden;Mannen en vrouwen;Staphorst;2012;15588;14850;340;121;219;398;231;167;180
8069;Totaal over alle leeftijden;Mannen en vrouwen;Staphorst;2013;15572;14796;356;132;224;420;234;186;180
8070;Totaal over alle leeftijden;Mannen en vrouwen;Staphorst;2014;15643;14808;373;132;241;462;257;205;180
8071;Totaal over alle leeftijden;Mannen en vrouwen;Staphorst;2015;15629;14718;395;144;251;516;276;240;180
8072;Totaal over alle leeftijden;Mannen en vrouwen;Staphorst;2016;15619;14669;409;146;263;541;284;257;180
8073;Totaal over alle leeftijden;Mannen en vrouwen;Staphorst;2017;15604;14580;425;154;271;599;314;285;180
8074;Totaal over alle leeftijden;Mannen en vrouwen;Staphorst;2018;15687;14622;441;157;284;624;329;295;180
8075;Totaal over alle leeftijden;Mannen en vrouwen;Staphorst;2019;15652;14527;458;167;291;667;353;314;180
8076;Totaal over alle leeftijden;Mannen en vrouwen;Staphorst;2020;15705;14533;483;185;298;689;359;330;180
8077;Totaal over alle leeftijden;Mannen en vrouwen;Staphorst;2021;15721;14506;490;182;308;725;370;355;180
8078;Totaal over alle leeftijden;Mannen en vrouwen;Staphorst;2022;15741;14478;502;184;318;761;376;385;180
8079;Totaal over alle leeftijden;Mannen en vrouwen;Staphorst;2023;15746;14444;520;191;329;782;366;416;180
8080;Totaal over alle leeftijden;Mannen en vrouwen;Staphorst;2024;15707;14383;513;181;332;811;381;430;180
8081;Totaal over alle leeftijden;Mannen en vrouwen;Staphorst;2025;15726;14364;533;189;344;829;402;427;180
8082;Totaal over alle leeftijden;Mannen en vrouwen;Stede Broec;2008;21008;18943;1120;401;719;945;517;428;532
8083;Totaal over alle leeftijden;Mannen en vrouwen;Stede Broec;2009;20925;18845;1106;389;717;974;526;448;532
8084;Totaal over alle leeftijden;Mannen en vrouwen;Stede Broec;2010;20825;18715;1086;387;699;1024;550;474;532
8085;Totaal over alle leeftijden;Mannen en vrouwen;Stede Broec;2011;20742;18605;1085;386;699;1052;562;490;532
8086;Totaal over alle leeftijden;Mannen en vrouwen;Stede Broec;2012;20732;18576;1079;383;696;1077;566;511;532
8087;Totaal over alle leeftijden;Mannen en vrouwen;Stede Broec;2013;20720;18548;1083;386;697;1089;570;519;532
8088;Totaal over alle leeftijden;Mannen en vrouwen;Stede Broec;2014;20776;18570;1100;382;718;1106;569;537;532
8089;Totaal over alle leeftijden;Mannen en vrouwen;Stede Broec;2015;20756;18516;1101;380;721;1139;590;549;532
8090;Totaal over alle leeftijden;Mannen en vrouwen;Stede Broec;2016;20786;18469;1132;384;748;1185;618;567;532
8091;Totaal over alle leeftijden;Mannen en vrouwen;Stede Broec;2017;20763;18435;1138;393;745;1190;618;572;532
8092;Totaal over alle leeftijden;Mannen en vrouwen;Stede Broec;2018;20706;18372;1140;393;747;1194;614;580;532
8093;Totaal over alle leeftijden;Mannen en vrouwen;Stede Broec;2019;20756;18396;1122;399;723;1238;630;608;532
8094;Totaal over alle leeftijden;Mannen en vrouwen;Stede Broec;2020;20668;18278;1113;383;730;1277;641;636;532
8095;Totaal over alle leeftijden;Mannen en vrouwen;Stede Broec;2021;20723;18264;1132;390;742;1327;649;678;532
8096;Totaal over alle leeftijden;Mannen en vrouwen;Stede Broec;2022;20752;18263;1128;387;741;1361;666;695;532
8097;Totaal over alle leeftijden;Mannen en vrouwen;Stede Broec;2023;20775;18258;1108;378;730;1409;690;719;532
8098;Totaal over alle leeftijden;Mannen en vrouwen;Stede Broec;2024;20829;18286;1109;376;733;1434;710;724;532
8099;Totaal over alle leeftijden;Mannen en vrouwen;Stede Broec;2025;20794;18247;1102;379;723;1445;718;727;532
8100;Totaal over alle leeftijden;Mannen en vrouwen;Steenbergen;2008;22942;20971;1218;468;750;753;413;340;851
8101;Totaal over alle leeftijden;Mannen en vrouwen;Steenbergen;2009;22774;20734;1249;483;766;791;439;352;851
8102;Totaal over alle leeftijden;Mannen en vrouwen;Steenbergen;2010;22630;20522;1273;493;780;835;460;375;851
8103;Totaal over alle leeftijden;Mannen en vrouwen;Steenbergen;2011;22520;20341;1295;502;793;884;482;402;851
8104;Totaal over alle leeftijden;Mannen en vrouwen;Steenbergen;2012;22333;20081;1335;527;808;917;478;439;851
8105;Totaal over alle leeftijden;Mannen en vrouwen;Steenbergen;2013;22285;19957;1350;543;807;978;504;474;851
8106;Totaal over alle leeftijden;Mannen en vrouwen;Steenbergen;2014;22197;19796;1371;555;816;1030;537;493;851
8107;Totaal over alle leeftijden;Mannen en vrouwen;Steenbergen;2015;22100;19648;1398;563;835;1054;531;523;851
8108;Totaal over alle leeftijden;Mannen en vrouwen;Steenbergen;2016;22044;19487;1437;578;859;1120;563;557;851
8109;Totaal over alle leeftijden;Mannen en vrouwen;Steenbergen;2017;21969;19343;1455;593;862;1171;581;590;851
8110;Totaal over alle leeftijden;Mannen en vrouwen;Steenbergen;2018;21783;19115;1462;591;871;1206;601;605;851
8111;Totaal over alle leeftijden;Mannen en vrouwen;Steenbergen;2019;21729;18946;1503;618;885;1280;625;655;851
8112;Totaal over alle leeftijden;Mannen en vrouwen;Steenbergen;2020;21794;18905;1558;640;918;1331;664;667;851
8113;Totaal over alle leeftijden;Mannen en vrouwen;Steenbergen;2021;21696;18755;1578;651;927;1363;682;681;851
8114;Totaal over alle leeftijden;Mannen en vrouwen;Steenbergen;2022;21712;18707;1614;655;959;1391;685;706;851
8115;Totaal over alle leeftijden;Mannen en vrouwen;Steenbergen;2023;21611;18587;1608;653;955;1416;697;719;851
8116;Totaal over alle leeftijden;Mannen en vrouwen;Steenbergen;2024;21518;18412;1643;676;967;1463;719;744;851
8117;Totaal over alle leeftijden;Mannen en vrouwen;Steenbergen;2025;21481;18326;1660;693;967;1495;734;761;851
8118;Totaal over alle leeftijden;Mannen en vrouwen;Steenwijkerland;2008;43169;40132;1743;588;1155;1294;710;584;1708
8119;Totaal over alle leeftijden;Mannen en vrouwen;Steenwijkerland;2009;43183;40026;1763;579;1184;1394;752;642;1708
8120;Totaal over alle leeftijden;Mannen en vrouwen;Steenwijkerland;2010;43208;39928;1794;577;1217;1486;798;688;1708
8121;Totaal over alle leeftijden;Mannen en vrouwen;Steenwijkerland;2011;43304;39902;1821;566;1255;1581;820;761;1708
8122;Totaal over alle leeftijden;Mannen en vrouwen;Steenwijkerland;2012;43282;39790;1832;554;1278;1660;860;800;1708
8123;Totaal over alle leeftijden;Mannen en vrouwen;Steenwijkerland;2013;43269;39647;1874;559;1315;1748;886;862;1708
8124;Totaal over alle leeftijden;Mannen en vrouwen;Steenwijkerland;2014;43183;39463;1894;555;1339;1826;917;909;1708
8125;Totaal over alle leeftijden;Mannen en vrouwen;Steenwijkerland;2015;43149;39340;1918;556;1362;1891;943;948;1708
8126;Totaal over alle leeftijden;Mannen en vrouwen;Steenwijkerland;2016;43097;39157;1950;568;1382;1990;989;1001;1708
8127;Totaal over alle leeftijden;Mannen en vrouwen;Steenwijkerland;2017;42899;38830;1980;580;1400;2089;1032;1057;1708
8128;Totaal over alle leeftijden;Mannen en vrouwen;Steenwijkerland;2018;42770;38650;1976;578;1398;2144;1036;1108;1708
8129;Totaal over alle leeftijden;Mannen en vrouwen;Steenwijkerland;2019;42708;38494;2004;567;1437;2210;1056;1154;1708
8130;Totaal over alle leeftijden;Mannen en vrouwen;Steenwijkerland;2020;42563;38209;2046;585;1461;2308;1121;1187;1708
8131;Totaal over alle leeftijden;Mannen en vrouwen;Steenwijkerland;2021;42414;37977;2039;591;1448;2398;1162;1236;1708
8132;Totaal over alle leeftijden;Mannen en vrouwen;Steenwijkerland;2022;42354;37791;2059;591;1468;2504;1197;1307;1708
8133;Totaal over alle leeftijden;Mannen en vrouwen;Steenwijkerland;2023;42286;37594;2075;598;1477;2617;1237;1380;1708
8134;Totaal over alle leeftijden;Mannen en vrouwen;Steenwijkerland;2024;42257;37451;2094;614;1480;2712;1272;1440;1708
8135;Totaal over alle leeftijden;Mannen en vrouwen;Steenwijkerland;2025;42261;37323;2126;616;1510;2812;1319;1493;1708
8136;Totaal over alle leeftijden;Mannen en vrouwen;Stein (L.);2008;26074;22459;2977;787;2190;638;352;286;971
8137;Totaal over alle leeftijden;Mannen en vrouwen;Stein (L.);2009;25844;22218;2930;793;2137;696;372;324;971
8138;Totaal over alle leeftijden;Mannen en vrouwen;Stein (L.);2010;25614;21982;2870;769;2101;762;409;353;971
8139;Totaal over alle leeftijden;Mannen en vrouwen;Stein (L.);2011;25471;21810;2858;780;2078;803;419;384;971
8140;Totaal over alle leeftijden;Mannen en vrouwen;Stein (L.);2012;25291;21621;2818;783;2035;852;433;419;971
8141;Totaal over alle leeftijden;Mannen en vrouwen;Stein (L.);2013;25163;21492;2751;779;1972;920;461;459;971
8142;Totaal over alle leeftijden;Mannen en vrouwen;Stein (L.);2014;25008;21327;2698;789;1909;983;487;496;971
8143;Totaal over alle leeftijden;Mannen en vrouwen;Stein (L.);2015;24875;21196;2668;795;1873;1011;489;522;971
8144;Totaal over alle leeftijden;Mannen en vrouwen;Stein (L.);2016;24701;21014;2621;799;1822;1066;516;550;971
8145;Totaal over alle leeftijden;Mannen en vrouwen;Stein (L.);2017;24536;20842;2584;802;1782;1110;538;572;971
8146;Totaal over alle leeftijden;Mannen en vrouwen;Stein (L.);2018;24346;20636;2557;803;1754;1153;548;605;971
8147;Totaal over alle leeftijden;Mannen en vrouwen;Stein (L.);2019;24161;20465;2506;792;1714;1190;547;643;971
8148;Totaal over alle leeftijden;Mannen en vrouwen;Stein (L.);2020;24034;20314;2467;795;1672;1253;573;680;971
8149;Totaal over alle leeftijden;Mannen en vrouwen;Stein (L.);2021;23852;20129;2432;790;1642;1291;568;723;971
8150;Totaal over alle leeftijden;Mannen en vrouwen;Stein (L.);2022;23722;20006;2402;797;1605;1314;578;736;971
8151;Totaal over alle leeftijden;Mannen en vrouwen;Stein (L.);2023;23543;19816;2385;812;1573;1342;578;764;971
8152;Totaal over alle leeftijden;Mannen en vrouwen;Stein (L.);2024;23435;19642;2388;817;1571;1405;600;805;971
8153;Totaal over alle leeftijden;Mannen en vrouwen;Stein (L.);2025;23206;19399;2372;825;1547;1435;617;818;971
8154;Totaal over alle leeftijden;Mannen en vrouwen;Strijen;2008;9041;8337;457;162;295;247;140;107;617
8155;Totaal over alle leeftijden;Mannen en vrouwen;Strijen;2009;9019;8291;450;161;289;278;144;134;617
8156;Totaal over alle leeftijden;Mannen en vrouwen;Strijen;2010;9030;8272;448;167;281;310;159;151;617
8157;Totaal over alle leeftijden;Mannen en vrouwen;Strijen;2011;8949;8180;440;161;279;329;166;163;617
8158;Totaal over alle leeftijden;Mannen en vrouwen;Strijen;2012;9001;8184;452;164;288;365;179;186;617
8159;Totaal over alle leeftijden;Mannen en vrouwen;Strijen;2013;8948;8106;453;168;285;389;187;202;617
8160;Totaal over alle leeftijden;Mannen en vrouwen;Strijen;2014;8868;8003;467;173;294;398;183;215;617
8161;Totaal over alle leeftijden;Mannen en vrouwen;Strijen;2015;8857;7973;469;179;290;415;199;216;617
8162;Totaal over alle leeftijden;Mannen en vrouwen;Strijen;2016;8825;7918;472;182;290;435;210;225;617
8163;Totaal over alle leeftijden;Mannen en vrouwen;Strijen;2017;8842;7917;483;182;301;442;213;229;617
8164;Totaal over alle leeftijden;Mannen en vrouwen;Strijen;2018;8813;7856;500;190;310;457;229;228;617
8165;Totaal over alle leeftijden;Mannen en vrouwen;Strijen;2019;8813;7849;488;176;312;476;236;240;617
8166;Totaal over alle leeftijden;Mannen en vrouwen;Strijen;2020;8805;7809;492;178;314;504;248;256;617
8167;Totaal over alle leeftijden;Mannen en vrouwen;Strijen;2021;8814;7795;500;182;318;519;253;266;617
8168;Totaal over alle leeftijden;Mannen en vrouwen;Strijen;2022;8810;7733;514;185;329;563;273;290;617
8169;Totaal over alle leeftijden;Mannen en vrouwen;Strijen;2023;8799;7703;520;192;328;576;270;306;617
8170;Totaal over alle leeftijden;Mannen en vrouwen;Strijen;2024;8800;7665;531;191;340;604;280;324;617
8171;Totaal over alle leeftijden;Mannen en vrouwen;Strijen;2025;8770;7609;556;198;358;605;272;333;617
8172;Totaal over alle leeftijden;Mannen en vrouwen;Terneuzen;2008;55337;43060;8749;4017;4732;3528;1894;1634;715
8173;Totaal over alle leeftijden;Mannen en vrouwen;Terneuzen;2009;55449;43011;8808;4042;4766;3630;1921;1709;715
8174;Totaal over alle leeftijden;Mannen en vrouwen;Terneuzen;2010;55503;42924;8829;4051;4778;3750;1959;1791;715
8175;Totaal over alle leeftijden;Mannen en vrouwen;Terneuzen;2011;55469;42759;8827;4037;4790;3883;1993;1890;715
8176;Totaal over alle leeftijden;Mannen en vrouwen;Terneuzen;2012;55602;42717;8850;4066;4784;4035;2054;1981;715
8177;Totaal over alle leeftijden;Mannen en vrouwen;Terneuzen;2013;55564;42553;8860;4065;4795;4151;2098;2053;715
8178;Totaal over alle leeftijden;Mannen en vrouwen;Terneuzen;2014;55521;42390;8865;4071;4794;4266;2151;2115;715
8179;Totaal over alle leeftijden;Mannen en vrouwen;Terneuzen;2015;55489;42165;8906;4107;4799;4418;2179;2239;715
8180;Totaal over alle leeftijden;Mannen en vrouwen;Terneuzen;2016;55554;42014;8987;4143;4844;4553;2213;2340;715
8181;Totaal over alle leeftijden;Mannen en vrouwen;Terneuzen;2017;55591;41910;9006;4143;4863;4675;2260;2415;715
8182;Totaal over alle leeftijden;Mannen en vrouwen;Terneuzen;2018;55603;41738;9049;4169;4880;4816;2306;2510;715
8183;Totaal over alle leeftijden;Mannen en vrouwen;Terneuzen;2019;55674;41665;9094;4188;4906;4915;2338;2577;715
8184;Totaal over alle leeftijden;Mannen en vrouwen;Terneuzen;2020;55578;41442;9098;4194;4904;5038;2388;2650;715
8185;Totaal over alle leeftijden;Mannen en vrouwen;Terneuzen;2021;55539;41283;9135;4203;4932;5121;2401;2720;715
8186;Totaal over alle leeftijden;Mannen en vrouwen;Terneuzen;2022;55659;41238;9152;4216;4936;5269;2442;2827;715
8187;Totaal over alle leeftijden;Mannen en vrouwen;Terneuzen;2023;55703;41145;9197;4248;4949;5361;2458;2903;715
8188;Totaal over alle leeftijden;Mannen en vrouwen;Terneuzen;2024;55803;41156;9205;4240;4965;5442;2488;2954;715
8189;Totaal over alle leeftijden;Mannen en vrouwen;Terneuzen;2025;55850;41024;9242;4195;5047;5584;2557;3027;715
8190;Totaal over alle leeftijden;Mannen en vrouwen;Terschelling;2008;4672;4336;251;74;177;85;46;39;93
8191;Totaal over alle leeftijden;Mannen en vrouwen;Terschelling;2009;4642;4303;246;74;172;93;56;37;93
8192;Totaal over alle leeftijden;Mannen en vrouwen;Terschelling;2010;4631;4287;251;75;176;93;53;40;93
8193;Totaal over alle leeftijden;Mannen en vrouwen;Terschelling;2011;4618;4268;246;70;176;104;55;49;93
8194;Totaal over alle leeftijden;Mannen en vrouwen;Terschelling;2012;4599;4231;250;74;176;118;68;50;93
8195;Totaal over alle leeftijden;Mannen en vrouwen;Terschelling;2013;4594;4228;243;81;162;123;70;53;93
8196;Totaal over alle leeftijden;Mannen en vrouwen;Terschelling;2014;4622;4238;253;83;170;131;73;58;93
8197;Totaal over alle leeftijden;Mannen en vrouwen;Terschelling;2015;4585;4179;258;88;170;148;84;64;93
8198;Totaal over alle leeftijden;Mannen en vrouwen;Terschelling;2016;4584;4158;267;96;171;159;85;74;93
8199;Totaal over alle leeftijden;Mannen en vrouwen;Terschelling;2017;4576;4132;265;92;173;179;95;84;93
8200;Totaal over alle leeftijden;Mannen en vrouwen;Terschelling;2018;4596;4158;257;88;169;181;99;82;93
8201;Totaal over alle leeftijden;Mannen en vrouwen;Terschelling;2019;4600;4137;267;94;173;196;116;80;93
8202;Totaal over alle leeftijden;Mannen en vrouwen;Terschelling;2020;4602;4115;275;98;177;212;128;84;93
8203;Totaal over alle leeftijden;Mannen en vrouwen;Terschelling;2021;4613;4107;285;98;187;221;133;88;93
8204;Totaal over alle leeftijden;Mannen en vrouwen;Terschelling;2022;4601;4095;279;92;187;227;136;91;93
8205;Totaal over alle leeftijden;Mannen en vrouwen;Terschelling;2023;4643;4140;274;89;185;229;137;92;93
8206;Totaal over alle leeftijden;Mannen en vrouwen;Terschelling;2024;4607;4097;267;80;187;243;139;104;93
8207;Totaal over alle leeftijden;Mannen en vrouwen;Terschelling;2025;4607;4097;269;80;189;241;142;99;93
8208;Totaal over alle leeftijden;Mannen en vrouwen;Texel;2008;13849;12543;951;397;554;355;206;149;448
8209;Totaal over alle leeftijden;Mannen en vrouwen;Texel;2009;13913;12592;945;390;555;376;214;162;448
8210;Totaal over alle leeftijden;Mannen en vrouwen;Texel;2010;14016;12649;955;385;570;412;234;178;448
8211;Totaal over alle leeftijden;Mannen en vrouwen;Texel;2011;14007;12598;975;400;575;434;244;190;448
8212;Totaal over alle leeftijden;Mannen en vrouwen;Texel;2012;14009;12566;982;393;589;461;256;205;448
8213;Totaal over alle leeftijden;Mannen en vrouwen;Texel;2013;13966;12506;981;389;592;479;268;211;448
8214;Totaal over alle leeftijden;Mannen en vrouwen;Texel;2014;13935;12445;989;387;602;501;282;219;448
8215;Totaal over alle leeftijden;Mannen en vrouwen;Texel;2015;13877;12341;995;380;615;541;301;240;448
8216;Totaal over alle leeftijden;Mannen en vrouwen;Texel;2016;13834;12291;972;371;601;571;317;254;448
8217;Totaal over alle leeftijden;Mannen en vrouwen;Texel;2017;13771;12213;966;374;592;592;324;268;448
8218;Totaal over alle leeftijden;Mannen en vrouwen;Texel;2018;13707;12143;953;375;578;611;339;272;448
8219;Totaal over alle leeftijden;Mannen en vrouwen;Texel;2019;13682;12120;932;362;570;630;343;287;448
8220;Totaal over alle leeftijden;Mannen en vrouwen;Texel;2020;13642;12075;931;362;569;636;349;287;448
8221;Totaal over alle leeftijden;Mannen en vrouwen;Texel;2021;13619;12013;928;353;575;678;379;299;448
8222;Totaal over alle leeftijden;Mannen en vrouwen;Texel;2022;13579;11956;916;333;583;707;388;319;448
8223;Totaal over alle leeftijden;Mannen en vrouwen;Texel;2023;13539;11884;925;347;578;730;400;330;448
8224;Totaal over alle leeftijden;Mannen en vrouwen;Texel;2024;13504;11828;923;342;581;753;411;342;448
8225;Totaal over alle leeftijden;Mannen en vrouwen;Texel;2025;13484;11797;930;343;587;757;413;344;448
8226;Totaal over alle leeftijden;Mannen en vrouwen;Teylingen;2008;34350;30191;2597;1021;1576;1562;847;715;1525
8227;Totaal over alle leeftijden;Mannen en vrouwen;Teylingen;2009;34432;30164;2644;1052;1592;1624;890;734;1525
8228;Totaal over alle leeftijden;Mannen en vrouwen;Teylingen;2010;34552;30163;2679;1063;1616;1710;913;797;1525
8229;Totaal over alle leeftijden;Mannen en vrouwen;Teylingen;2011;34557;30086;2710;1066;1644;1761;930;831;1525
8230;Totaal over alle leeftijden;Mannen en vrouwen;Teylingen;2012;34451;29945;2672;1066;1606;1834;979;855;1525
8231;Totaal over alle leeftijden;Mannen en vrouwen;Teylingen;2013;34369;29791;2677;1058;1619;1901;1007;894;1525
8232;Totaal over alle leeftijden;Mannen en vrouwen;Teylingen;2014;34395;29726;2693;1061;1632;1976;1045;931;1525
8233;Totaal over alle leeftijden;Mannen en vrouwen;Teylingen;2015;34299;29570;2692;1063;1629;2037;1069;968;1525
8234;Totaal over alle leeftijden;Mannen en vrouwen;Teylingen;2016;34446;29613;2723;1085;1638;2110;1085;1025;1525
8235;Totaal over alle leeftijden;Mannen en vrouwen;Teylingen;2017;34365;29466;2750;1093;1657;2149;1102;1047;1525
8236;Totaal over alle leeftijden;Mannen en vrouwen;Teylingen;2018;34394;29388;2800;1117;1683;2206;1115;1091;1525
8237;Totaal over alle leeftijden;Mannen en vrouwen;Teylingen;2019;34341;29284;2817;1118;1699;2240;1129;1111;1525
8238;Totaal over alle leeftijden;Mannen en vrouwen;Teylingen;2020;34345;29156;2853;1123;1730;2336;1174;1162;1525
8239;Totaal over alle leeftijden;Mannen en vrouwen;Teylingen;2021;34295;28999;2901;1141;1760;2395;1177;1218;1525
8240;Totaal over alle leeftijden;Mannen en vrouwen;Teylingen;2022;34349;28953;2959;1186;1773;2437;1205;1232;1525
8241;Totaal over alle leeftijden;Mannen en vrouwen;Teylingen;2023;34328;28878;2972;1189;1783;2478;1209;1269;1525
8242;Totaal over alle leeftijden;Mannen en vrouwen;Teylingen;2024;34447;28814;3052;1255;1797;2581;1246;1335;1525
8243;Totaal over alle leeftijden;Mannen en vrouwen;Teylingen;2025;34487;28693;3141;1302;1839;2653;1276;1377;1525
8244;Totaal over alle leeftijden;Mannen en vrouwen;Tholen;2008;24997;23071;1127;456;671;799;439;360;716
8245;Totaal over alle leeftijden;Mannen en vrouwen;Tholen;2009;25068;22986;1197;478;719;885;468;417;716
8246;Totaal over alle leeftijden;Mannen en vrouwen;Tholen;2010;25079;22874;1254;496;758;951;492;459;716
8247;Totaal over alle leeftijden;Mannen en vrouwen;Tholen;2011;25044;22733;1302;523;779;1009;512;497;716
8248;Totaal over alle leeftijden;Mannen en vrouwen;Tholen;2012;25073;22650;1350;531;819;1073;545;528;716
8249;Totaal over alle leeftijden;Mannen en vrouwen;Tholen;2013;25003;22466;1403;544;859;1134;563;571;716
8250;Totaal over alle leeftijden;Mannen en vrouwen;Tholen;2014;25056;22364;1464;581;883;1228;594;634;716
8251;Totaal over alle leeftijden;Mannen en vrouwen;Tholen;2015;25134;22290;1547;604;943;1297;628;669;716
8252;Totaal over alle leeftijden;Mannen en vrouwen;Tholen;2016;25211;22221;1609;624;985;1381;656;725;716
8253;Totaal over alle leeftijden;Mannen en vrouwen;Tholen;2017;25268;22164;1654;651;1003;1450;684;766;716
8254;Totaal over alle leeftijden;Mannen en vrouwen;Tholen;2018;25308;22093;1703;679;1024;1512;712;800;716
8255;Totaal over alle leeftijden;Mannen en vrouwen;Tholen;2019;25321;22002;1742;700;1042;1577;746;831;716
8256;Totaal over alle leeftijden;Mannen en vrouwen;Tholen;2020;25114;21710;1773;708;1065;1631;774;857;716
8257;Totaal over alle leeftijden;Mannen en vrouwen;Tholen;2021;25133;21557;1837;749;1088;1739;816;923;716
8258;Totaal over alle leeftijden;Mannen en vrouwen;Tholen;2022;25157;21428;1912;782;1130;1817;848;969;716
8259;Totaal over alle leeftijden;Mannen en vrouwen;Tholen;2023;25152;21291;1991;820;1171;1870;867;1003;716
8260;Totaal over alle leeftijden;Mannen en vrouwen;Tholen;2024;25098;21117;2052;848;1204;1929;899;1030;716
8261;Totaal over alle leeftijden;Mannen en vrouwen;Tholen;2025;25151;21057;2088;874;1214;2006;936;1070;716
8262;Totaal over alle leeftijden;Mannen en vrouwen;Tiel;2008;41092;32472;3372;1187;2185;5248;2801;2447;281
8263;Totaal over alle leeftijden;Mannen en vrouwen;Tiel;2009;41196;32665;3314;1153;2161;5217;2781;2436;281
8264;Totaal over alle leeftijden;Mannen en vrouwen;Tiel;2010;41422;32944;3256;1120;2136;5222;2769;2453;281
8265;Totaal over alle leeftijden;Mannen en vrouwen;Tiel;2011;41647;33199;3265;1116;2149;5183;2732;2451;281
8266;Totaal over alle leeftijden;Mannen en vrouwen;Tiel;2012;41725;33331;3250;1104;2146;5144;2694;2450;281
8267;Totaal over alle leeftijden;Mannen en vrouwen;Tiel;2013;41889;33516;3256;1102;2154;5117;2716;2401;281
8268;Totaal over alle leeftijden;Mannen en vrouwen;Tiel;2014;42008;33687;3242;1082;2160;5079;2720;2359;281
8269;Totaal over alle leeftijden;Mannen en vrouwen;Tiel;2015;42196;33874;3230;1095;2135;5092;2729;2363;281
8270;Totaal over alle leeftijden;Mannen en vrouwen;Tiel;2016;42299;34025;3209;1079;2130;5065;2720;2345;281
8271;Totaal over alle leeftijden;Mannen en vrouwen;Tiel;2017;42460;34223;3196;1060;2136;5041;2745;2296;281
8272;Totaal over alle leeftijden;Mannen en vrouwen;Tiel;2018;42413;34229;3207;1073;2134;4977;2740;2237;281
8273;Totaal over alle leeftijden;Mannen en vrouwen;Tiel;2019;42545;34381;3186;1052;2134;4978;2732;2246;281
8274;Totaal over alle leeftijden;Mannen en vrouwen;Tiel;2020;42501;34405;3144;1033;2111;4952;2752;2200;281
8275;Totaal over alle leeftijden;Mannen en vrouwen;Tiel;2021;42463;34406;3107;1028;2079;4950;2759;2191;281
8276;Totaal over alle leeftijden;Mannen en vrouwen;Tiel;2022;42496;34457;3067;1015;2052;4972;2792;2180;281
8277;Totaal over alle leeftijden;Mannen en vrouwen;Tiel;2023;42594;34600;3020;980;2040;4974;2784;2190;281
8278;Totaal over alle leeftijden;Mannen en vrouwen;Tiel;2024;42677;34688;2987;975;2012;5002;2781;2221;281
8279;Totaal over alle leeftijden;Mannen en vrouwen;Tiel;2025;42736;34759;2996;976;2020;4981;2776;2205;281
8280;Totaal over alle leeftijden;Mannen en vrouwen;Tilburg;2008;202398;158393;16724;6611;10113;27281;15629;11652;855
8281;Totaal over alle leeftijden;Mannen en vrouwen;Tilburg;2009;203136;158802;16809;6669;10140;27525;15546;11979;855
8282;Totaal over alle leeftijden;Mannen en vrouwen;Tilburg;2010;203762;158956;16993;6786;10207;27813;15485;12328;855
8283;Totaal over alle leeftijden;Mannen en vrouwen;Tilburg;2011;204577;159361;17199;6941;10258;28017;15339;12678;855
8284;Totaal over alle leeftijden;Mannen en vrouwen;Tilburg;2012;205357;159637;17410;7074;10336;28310;15294;13016;855
8285;Totaal over alle leeftijden;Mannen en vrouwen;Tilburg;2013;206197;160014;17597;7189;10408;28586;15305;13281;855
8286;Totaal over alle leeftijden;Mannen en vrouwen;Tilburg;2014;207136;160473;17765;7303;10462;28898;15290;13608;855
8287;Totaal over alle leeftijden;Mannen en vrouwen;Tilburg;2015;207946;160811;17945;7438;10507;29190;15307;13883;855
8288;Totaal over alle leeftijden;Mannen en vrouwen;Tilburg;2016;208793;161231;18055;7520;10535;29507;15343;14164;855
8289;Totaal over alle leeftijden;Mannen en vrouwen;Tilburg;2017;209660;161659;18250;7646;10604;29751;15386;14365;855
8290;Totaal over alle leeftijden;Mannen en vrouwen;Tilburg;2018;210368;161935;18406;7753;10653;30027;15477;14550;855
8291;Totaal over alle leeftijden;Mannen en vrouwen;Tilburg;2019;211273;162390;18545;7859;10686;30338;15551;14787;855
8292;Totaal over alle leeftijden;Mannen en vrouwen;Tilburg;2020;211915;162579;18737;7986;10751;30599;15626;14973;855
8293;Totaal over alle leeftijden;Mannen en vrouwen;Tilburg;2021;212638;162910;18878;8064;10814;30850;15719;15131;855
8294;Totaal over alle leeftijden;Mannen en vrouwen;Tilburg;2022;213264;163090;19076;8214;10862;31098;15813;15285;855
8295;Totaal over alle leeftijden;Mannen en vrouwen;Tilburg;2023;213878;163278;19239;8315;10924;31361;15956;15405;855
8296;Totaal over alle leeftijden;Mannen en vrouwen;Tilburg;2024;214482;163444;19366;8402;10964;31672;16060;15612;855
8297;Totaal over alle leeftijden;Mannen en vrouwen;Tilburg;2025;214958;163451;19482;8483;10999;32025;16190;15835;855
8298;Totaal over alle leeftijden;Mannen en vrouwen;Tubbergen;2008;20336;19382;708;163;545;246;166;80;183
8299;Totaal over alle leeftijden;Mannen en vrouwen;Tubbergen;2009;20188;19169;718;175;543;301;206;95;183
8300;Totaal over alle leeftijden;Mannen en vrouwen;Tubbergen;2010;20073;19010;714;177;537;349;229;120;183
8301;Totaal over alle leeftijden;Mannen en vrouwen;Tubbergen;2011;19943;18828;720;189;531;395;255;140;183
8302;Totaal over alle leeftijden;Mannen en vrouwen;Tubbergen;2012;19899;18745;722;196;526;432;269;163;183
8303;Totaal over alle leeftijden;Mannen en vrouwen;Tubbergen;2013;19903;18674;736;205;531;493;303;190;183
8304;Totaal over alle leeftijden;Mannen en vrouwen;Tubbergen;2014;19824;18536;754;209;545;534;324;210;183
8305;Totaal over alle leeftijden;Mannen en vrouwen;Tubbergen;2015;19706;18368;762;217;545;576;338;238;183
8306;Totaal over alle leeftijden;Mannen en vrouwen;Tubbergen;2016;19682;18253;777;229;548;652;377;275;183
8307;Totaal over alle leeftijden;Mannen en vrouwen;Tubbergen;2017;19627;18165;770;226;544;692;398;294;183
8308;Totaal over alle leeftijden;Mannen en vrouwen;Tubbergen;2018;19521;18002;774;233;541;745;436;309;183
8309;Totaal over alle leeftijden;Mannen en vrouwen;Tubbergen;2019;19416;17832;788;243;545;796;459;337;183
8310;Totaal over alle leeftijden;Mannen en vrouwen;Tubbergen;2020;19324;17691;782;238;544;851;493;358;183
8311;Totaal over alle leeftijden;Mannen en vrouwen;Tubbergen;2021;19234;17537;794;247;547;903;512;391;183
8312;Totaal over alle leeftijden;Mannen en vrouwen;Tubbergen;2022;19152;17408;811;256;555;933;514;419;183
8313;Totaal over alle leeftijden;Mannen en vrouwen;Tubbergen;2023;19006;17209;819;261;558;978;533;445;183
8314;Totaal over alle leeftijden;Mannen en vrouwen;Tubbergen;2024;18945;17080;822;257;565;1043;553;490;183
8315;Totaal over alle leeftijden;Mannen en vrouwen;Tubbergen;2025;18846;16936;833;268;565;1077;567;510;183
8316;Totaal over alle leeftijden;Mannen en vrouwen;Twenterand;2008;33075;31532;1026;276;750;517;307;210;1700
8317;Totaal over alle leeftijden;Mannen en vrouwen;Twenterand;2009;32829;31213;1017;271;746;599;355;244;1700
8318;Totaal over alle leeftijden;Mannen en vrouwen;Twenterand;2010;32639;30939;1028;286;742;672;393;279;1700
8319;Totaal over alle leeftijden;Mannen en vrouwen;Twenterand;2011;32464;30672;1037;287;750;755;438;317;1700
8320;Totaal over alle leeftijden;Mannen en vrouwen;Twenterand;2012;32365;30471;1070;299;771;824;453;371;1700
8321;Totaal over alle leeftijden;Mannen en vrouwen;Twenterand;2013;32346;30383;1075;304;771;888;485;403;1700
8322;Totaal over alle leeftijden;Mannen en vrouwen;Twenterand;2014;32265;30228;1089;309;780;948;514;434;1700
8323;Totaal over alle leeftijden;Mannen en vrouwen;Twenterand;2015;32151;30047;1079;328;751;1025;536;489;1700
8324;Totaal over alle leeftijden;Mannen en vrouwen;Twenterand;2016;32128;29935;1098;335;763;1095;569;526;1700
8325;Totaal over alle leeftijden;Mannen en vrouwen;Twenterand;2017;32103;29793;1102;343;759;1208;622;586;1700
8326;Totaal over alle leeftijden;Mannen en vrouwen;Twenterand;2018;32039;29654;1101;355;746;1284;643;641;1700
8327;Totaal over alle leeftijden;Mannen en vrouwen;Twenterand;2019;32060;29579;1110;344;766;1371;675;696;1700
8328;Totaal over alle leeftijden;Mannen en vrouwen;Twenterand;2020;32063;29494;1155;363;792;1414;703;711;1700
8329;Totaal over alle leeftijden;Mannen en vrouwen;Twenterand;2021;31999;29344;1186;385;801;1469;725;744;1700
8330;Totaal over alle leeftijden;Mannen en vrouwen;Twenterand;2022;31866;29141;1201;396;805;1524;756;768;1700
8331;Totaal over alle leeftijden;Mannen en vrouwen;Twenterand;2023;31802;28986;1221;398;823;1595;782;813;1700
8332;Totaal over alle leeftijden;Mannen en vrouwen;Twenterand;2024;31704;28806;1239;405;834;1659;802;857;1700
8333;Totaal over alle leeftijden;Mannen en vrouwen;Twenterand;2025;31585;28596;1255;409;846;1734;845;889;1700
8334;Totaal over alle leeftijden;Mannen en vrouwen;Tynaarlo;2008;31212;28939;1571;569;1002;702;392;310;1730
8335;Totaal over alle leeftijden;Mannen en vrouwen;Tynaarlo;2009;30854;28530;1562;562;1000;762;410;352;1730
8336;Totaal over alle leeftijden;Mannen en vrouwen;Tynaarlo;2010;30472;28087;1554;559;995;831;445;386;1730
8337;Totaal over alle leeftijden;Mannen en vrouwen;Tynaarlo;2011;30096;27707;1497;529;968;892;482;410;1730
8338;Totaal over alle leeftijden;Mannen en vrouwen;Tynaarlo;2012;29791;27334;1486;513;973;971;508;463;1730
8339;Totaal over alle leeftijden;Mannen en vrouwen;Tynaarlo;2013;29434;26925;1509;517;992;1000;506;494;1730
8340;Totaal over alle leeftijden;Mannen en vrouwen;Tynaarlo;2014;29136;26557;1506;511;995;1073;524;549;1730
8341;Totaal over alle leeftijden;Mannen en vrouwen;Tynaarlo;2015;28857;26209;1511;511;1000;1137;550;587;1730
8342;Totaal over alle leeftijden;Mannen en vrouwen;Tynaarlo;2016;28583;25851;1516;506;1010;1216;584;632;1730
8343;Totaal over alle leeftijden;Mannen en vrouwen;Tynaarlo;2017;28381;25633;1530;515;1015;1218;562;656;1730
8344;Totaal over alle leeftijden;Mannen en vrouwen;Tynaarlo;2018;28180;25363;1536;508;1028;1281;587;694;1730
8345;Totaal over alle leeftijden;Mannen en vrouwen;Tynaarlo;2019;27972;25104;1528;513;1015;1340;620;720;1730
8346;Totaal over alle leeftijden;Mannen en vrouwen;Tynaarlo;2020;27787;24871;1551;531;1020;1365;648;717;1730
8347;Totaal over alle leeftijden;Mannen en vrouwen;Tynaarlo;2021;27679;24702;1553;549;1004;1424;661;763;1730
8348;Totaal over alle leeftijden;Mannen en vrouwen;Tynaarlo;2022;27448;24446;1526;552;974;1476;692;784;1730
8349;Totaal over alle leeftijden;Mannen en vrouwen;Tynaarlo;2023;27340;24312;1512;547;965;1516;717;799;1730
8350;Totaal over alle leeftijden;Mannen en vrouwen;Tynaarlo;2024;27263;24187;1507;549;958;1569;722;847;1730
8351;Totaal over alle leeftijden;Mannen en vrouwen;Tynaarlo;2025;27097;23987;1513;555;958;1597;722;875;1730
8352;Totaal over alle leeftijden;Mannen en vrouwen;Tytsjerksteradiel;2008;32175;30184;1088;392;696;903;619;284;737
8353;Totaal over alle leeftijden;Mannen en vrouwen;Tytsjerksteradiel;2009;32107;30017;1118;406;712;972;642;330;737
8354;Totaal over alle leeftijden;Mannen en vrouwen;Tytsjerksteradiel;2010;32073;29902;1141;423;718;1030;682;348;737
8355;Totaal over alle leeftijden;Mannen en vrouwen;Tytsjerksteradiel;2011;32003;29726;1169;428;741;1108;719;389;737
8356;Totaal over alle leeftijden;Mannen en vrouwen;Tytsjerksteradiel;2012;31922;29565;1181;434;747;1176;756;420;737
8357;Totaal over alle leeftijden;Mannen en vrouwen;Tytsjerksteradiel;2013;31833;29366;1214;453;761;1253;797;456;737
8358;Totaal over alle leeftijden;Mannen en vrouwen;Tytsjerksteradiel;2014;31764;29192;1257;463;794;1315;831;484;737
8359;Totaal over alle leeftijden;Mannen en vrouwen;Tytsjerksteradiel;2015;31669;29041;1260;479;781;1368;861;507;737
8360;Totaal over alle leeftijden;Mannen en vrouwen;Tytsjerksteradiel;2016;31587;28895;1298;484;814;1394;865;529;737
8361;Totaal over alle leeftijden;Mannen en vrouwen;Tytsjerksteradiel;2017;31518;28745;1321;505;816;1452;885;567;737
8362;Totaal over alle leeftijden;Mannen en vrouwen;Tytsjerksteradiel;2018;31423;28583;1317;500;817;1523;923;600;737
8363;Totaal over alle leeftijden;Mannen en vrouwen;Tytsjerksteradiel;2019;31334;28426;1318;489;829;1590;956;634;737
8364;Totaal over alle leeftijden;Mannen en vrouwen;Tytsjerksteradiel;2020;31191;28182;1340;511;829;1669;989;680;737
8365;Totaal over alle leeftijden;Mannen en vrouwen;Tytsjerksteradiel;2021;31133;28065;1349;521;828;1719;1027;692;737
8366;Totaal over alle leeftijden;Mannen en vrouwen;Tytsjerksteradiel;2022;31010;27873;1358;527;831;1779;1033;746;737
8367;Totaal over alle leeftijden;Mannen en vrouwen;Tytsjerksteradiel;2023;30897;27727;1343;514;829;1827;1051;776;737
8368;Totaal over alle leeftijden;Mannen en vrouwen;Tytsjerksteradiel;2024;30821;27608;1324;513;811;1889;1078;811;737
8369;Totaal over alle leeftijden;Mannen en vrouwen;Tytsjerksteradiel;2025;30798;27525;1341;532;809;1932;1105;827;737
8370;Totaal over alle leeftijden;Mannen en vrouwen;Ubbergen;2008;9536;8262;1022;311;711;252;152;100;282
8371;Totaal over alle leeftijden;Mannen en vrouwen;Ubbergen;2009;9626;8303;1044;324;720;279;163;116;282
8372;Totaal over alle leeftijden;Mannen en vrouwen;Ubbergen;2010;9652;8319;1027;325;702;306;170;136;282
8373;Totaal over alle leeftijden;Mannen en vrouwen;Ubbergen;2011;9713;8390;1007;317;690;316;171;145;282
8374;Totaal over alle leeftijden;Mannen en vrouwen;Ubbergen;2012;9702;8357;999;317;682;346;183;163;282
8375;Totaal over alle leeftijden;Mannen en vrouwen;Ubbergen;2013;9736;8369;994;316;678;373;198;175;282
8376;Totaal over alle leeftijden;Mannen en vrouwen;Ubbergen;2014;9721;8338;995;326;669;388;210;178;282
8377;Totaal over alle leeftijden;Mannen en vrouwen;Ubbergen;2015;9742;8343;989;324;665;410;229;181;282
8378;Totaal over alle leeftijden;Mannen en vrouwen;Ubbergen;2016;9741;8351;963;323;640;427;234;193;282
8379;Totaal over alle leeftijden;Mannen en vrouwen;Ubbergen;2017;9752;8366;947;320;627;439;232;207;282
8380;Totaal over alle leeftijden;Mannen en vrouwen;Ubbergen;2018;9790;8398;940;323;617;452;237;215;282
8381;Totaal over alle leeftijden;Mannen en vrouwen;Ubbergen;2019;9788;8385;930;326;604;473;244;229;282
8382;Totaal over alle leeftijden;Mannen en vrouwen;Ubbergen;2020;9852;8422;931;323;608;499;253;246;282
8383;Totaal over alle leeftijden;Mannen en vrouwen;Ubbergen;2021;9822;8409;902;316;586;511;248;263;282
8384;Totaal over alle leeftijden;Mannen en vrouwen;Ubbergen;2022;9837;8417;890;307;583;530;259;271;282
8385;Totaal over alle leeftijden;Mannen en vrouwen;Ubbergen;2023;9889;8472;891;314;577;526;255;271;282
8386;Totaal over alle leeftijden;Mannen en vrouwen;Ubbergen;2024;9880;8433;892;302;590;555;265;290;282
8387;Totaal over alle leeftijden;Mannen en vrouwen;Ubbergen;2025;9875;8437;879;310;569;559;269;290;282
8388;Totaal over alle leeftijden;Mannen en vrouwen;Uden;2008;40024;34276;2956;1044;1912;2792;1603;1189;856
8389;Totaal over alle leeftijden;Mannen en vrouwen;Uden;2009;39970;34235;2922;1044;1878;2813;1622;1191;856
8390;Totaal over alle leeftijden;Mannen en vrouwen;Uden;2010;39981;34215;2928;1078;1850;2838;1627;1211;856
8391;Totaal over alle leeftijden;Mannen en vrouwen;Uden;2011;39861;34088;2947;1088;1859;2826;1627;1199;856
8392;Totaal over alle leeftijden;Mannen en vrouwen;Uden;2012;39814;34055;2916;1069;1847;2843;1636;1207;856
8393;Totaal over alle leeftijden;Mannen en vrouwen;Uden;2013;39867;34070;2926;1084;1842;2871;1622;1249;856
8394;Totaal over alle leeftijden;Mannen en vrouwen;Uden;2014;39855;34019;2923;1097;1826;2913;1646;1267;856
8395;Totaal over alle leeftijden;Mannen en vrouwen;Uden;2015;39783;33913;2932;1126;1806;2938;1640;1298;856
8396;Totaal over alle leeftijden;Mannen en vrouwen;Uden;2016;39818;33920;2914;1133;1781;2984;1649;1335;856
8397;Totaal over alle leeftijden;Mannen en vrouwen;Uden;2017;39833;33884;2923;1140;1783;3026;1645;1381;856
8398;Totaal over alle leeftijden;Mannen en vrouwen;Uden;2018;39782;33803;2943;1180;1763;3036;1648;1388;856
8399;Totaal over alle leeftijden;Mannen en vrouwen;Uden;2019;39853;33844;2952;1196;1756;3057;1647;1410;856
8400;Totaal over alle leeftijden;Mannen en vrouwen;Uden;2020;39876;33819;2983;1237;1746;3074;1645;1429;856
8401;Totaal over alle leeftijden;Mannen en vrouwen;Uden;2021;39873;33758;2984;1242;1742;3131;1678;1453;856
8402;Totaal over alle leeftijden;Mannen en vrouwen;Uden;2022;39910;33744;2985;1267;1718;3181;1712;1469;856
8403;Totaal over alle leeftijden;Mannen en vrouwen;Uden;2023;39976;33734;3004;1288;1716;3238;1738;1500;856
8404;Totaal over alle leeftijden;Mannen en vrouwen;Uden;2024;40021;33706;3014;1328;1686;3301;1748;1553;856
8405;Totaal over alle leeftijden;Mannen en vrouwen;Uden;2025;40013;33603;3036;1351;1685;3374;1791;1583;856
8406;Totaal over alle leeftijden;Mannen en vrouwen;Uitgeest;2008;11859;10648;756;264;492;455;240;215;450
8407;Totaal over alle leeftijden;Mannen en vrouwen;Uitgeest;2009;11934;10678;781;273;508;475;264;211;450
8408;Totaal over alle leeftijden;Mannen en vrouwen;Uitgeest;2010;12045;10734;787;270;517;524;287;237;450
8409;Totaal over alle leeftijden;Mannen en vrouwen;Uitgeest;2011;12040;10720;793;271;522;527;288;239;450
8410;Totaal over alle leeftijden;Mannen en vrouwen;Uitgeest;2012;12104;10743;808;280;528;553;295;258;450
8411;Totaal over alle leeftijden;Mannen en vrouwen;Uitgeest;2013;12121;10740;808;292;516;573;311;262;450
8412;Totaal over alle leeftijden;Mannen en vrouwen;Uitgeest;2014;12099;10702;813;291;522;584;318;266;450
8413;Totaal over alle leeftijden;Mannen en vrouwen;Uitgeest;2015;12009;10581;816;297;519;612;329;283;450
8414;Totaal over alle leeftijden;Mannen en vrouwen;Uitgeest;2016;12091;10629;815;306;509;647;334;313;450
8415;Totaal over alle leeftijden;Mannen en vrouwen;Uitgeest;2017;12059;10577;821;307;514;661;339;322;450
8416;Totaal over alle leeftijden;Mannen en vrouwen;Uitgeest;2018;12069;10565;817;319;498;687;346;341;450
8417;Totaal over alle leeftijden;Mannen en vrouwen;Uitgeest;2019;12160;10621;829;333;496;710;340;370;450
8418;Totaal over alle leeftijden;Mannen en vrouwen;Uitgeest;2020;12213;10642;835;332;503;736;343;393;450
8419;Totaal over alle leeftijden;Mannen en vrouwen;Uitgeest;2021;12299;10696;853;341;512;750;348;402;450
8420;Totaal over alle leeftijden;Mannen en vrouwen;Uitgeest;2022;12304;10672;850;342;508;782;363;419;450
8421;Totaal over alle leeftijden;Mannen en vrouwen;Uitgeest;2023;12371;10687;875;354;521;809;375;434;450
8422;Totaal over alle leeftijden;Mannen en vrouwen;Uitgeest;2024;12314;10593;899;367;532;822;382;440;450
8423;Totaal over alle leeftijden;Mannen en vrouwen;Uitgeest;2025;12391;10632;904;355;549;855;409;446;450
8424;Totaal over alle leeftijden;Mannen en vrouwen;Uithoorn;2008;27574;22647;2701;1248;1453;2226;1203;1023;451
8425;Totaal over alle leeftijden;Mannen en vrouwen;Uithoorn;2009;27922;22786;2752;1264;1488;2384;1276;1108;451
8426;Totaal over alle leeftijden;Mannen en vrouwen;Uithoorn;2010;28256;22954;2767;1309;1458;2535;1353;1182;451
8427;Totaal over alle leeftijden;Mannen en vrouwen;Uithoorn;2011;28510;23061;2801;1315;1486;2648;1395;1253;451
8428;Totaal over alle leeftijden;Mannen en vrouwen;Uithoorn;2012;28618;23062;2834;1334;1500;2722;1419;1303;451
8429;Totaal over alle leeftijden;Mannen en vrouwen;Uithoorn;2013;28784;23088;2904;1358;1546;2792;1448;1344;451
8430;Totaal over alle leeftijden;Mannen en vrouwen;Uithoorn;2014;29000;23139;2974;1382;1592;2887;1485;1402;451
8431;Totaal over alle leeftijden;Mannen en vrouwen;Uithoorn;2015;29190;23170;3027;1418;1609;2993;1536;1457;451
8432;Totaal over alle leeftijden;Mannen en vrouwen;Uithoorn;2016;29217;23057;3088;1447;1641;3072;1588;1484;451
8433;Totaal over alle leeftijden;Mannen en vrouwen;Uithoorn;2017;29248;22972;3109;1451;1658;3167;1631;1536;451
8434;Totaal over alle leeftijden;Mannen en vrouwen;Uithoorn;2018;29208;22819;3164;1495;1669;3225;1652;1573;451
8435;Totaal over alle leeftijden;Mannen en vrouwen;Uithoorn;2019;29292;22768;3207;1517;1690;3317;1692;1625;451
8436;Totaal over alle leeftijden;Mannen en vrouwen;Uithoorn;2020;29332;22700;3275;1569;1706;3357;1709;1648;451
8437;Totaal over alle leeftijden;Mannen en vrouwen;Uithoorn;2021;29417;22671;3318;1615;1703;3428;1731;1697;451
8438;Totaal over alle leeftijden;Mannen en vrouwen;Uithoorn;2022;29543;22654;3325;1610;1715;3564;1782;1782;451
8439;Totaal over alle leeftijden;Mannen en vrouwen;Uithoorn;2023;29683;22654;3355;1648;1707;3674;1846;1828;451
8440;Totaal over alle leeftijden;Mannen en vrouwen;Uithoorn;2024;29682;22569;3384;1669;1715;3729;1878;1851;451
8441;Totaal over alle leeftijden;Mannen en vrouwen;Uithoorn;2025;29783;22527;3450;1697;1753;3806;1876;1930;451
8442;Totaal over alle leeftijden;Mannen en vrouwen;Urk;2008;17496;16976;217;77;140;303;180;123;184
8443;Totaal over alle leeftijden;Mannen en vrouwen;Urk;2009;17531;16937;235;82;153;359;210;149;184
8444;Totaal over alle leeftijden;Mannen en vrouwen;Urk;2010;17569;16932;241;80;161;396;224;172;184
8445;Totaal over alle leeftijden;Mannen en vrouwen;Urk;2011;17590;16879;259;87;172;452;244;208;184
8446;Totaal over alle leeftijden;Mannen en vrouwen;Urk;2012;17616;16848;263;92;171;505;264;241;184
8447;Totaal over alle leeftijden;Mannen en vrouwen;Urk;2013;17717;16893;267;91;176;557;277;280;184
8448;Totaal over alle leeftijden;Mannen en vrouwen;Urk;2014;17846;16933;282;102;180;631;310;321;184
8449;Totaal over alle leeftijden;Mannen en vrouwen;Urk;2015;17877;16910;286;114;172;681;344;337;184
8450;Totaal over alle leeftijden;Mannen en vrouwen;Urk;2016;18051;16982;304;121;183;765;374;391;184
8451;Totaal over alle leeftijden;Mannen en vrouwen;Urk;2017;18132;17003;306;121;185;823;396;427;184
8452;Totaal over alle leeftijden;Mannen en vrouwen;Urk;2018;18303;17110;325;129;196;868;411;457;184
8453;Totaal over alle leeftijden;Mannen en vrouwen;Urk;2019;18401;17123;347;137;210;931;439;492;184
8454;Totaal over alle leeftijden;Mannen en vrouwen;Urk;2020;18495;17162;358;145;213;975;462;513;184
8455;Totaal over alle leeftijden;Mannen en vrouwen;Urk;2021;18595;17196;384;150;234;1015;477;538;184
8456;Totaal over alle leeftijden;Mannen en vrouwen;Urk;2022;18721;17228;401;156;245;1092;507;585;184
8457;Totaal over alle leeftijden;Mannen en vrouwen;Urk;2023;18717;17167;416;164;252;1134;534;600;184
8458;Totaal over alle leeftijden;Mannen en vrouwen;Urk;2024;18833;17211;422;169;253;1200;560;640;184
8459;Totaal over alle leeftijden;Mannen en vrouwen;Urk;2025;18938;17246;422;170;252;1270;595;675;184
8460;Totaal over alle leeftijden;Mannen en vrouwen;Utrecht (gemeente);2008;296708;206611;29566;12708;16858;60531;33190;27341;344
8461;Totaal over alle leeftijden;Mannen en vrouwen;Utrecht (gemeente);2009;302689;210992;30416;13064;17352;61281;33085;28196;344
8462;Totaal over alle leeftijden;Mannen en vrouwen;Utrecht (gemeente);2010;308199;215104;31139;13323;17816;61956;32983;28973;344
8463;Totaal over alle leeftijden;Mannen en vrouwen;Utrecht (gemeente);2011;314035;219298;32010;13761;18249;62727;32928;29799;344
8464;Totaal over alle leeftijden;Mannen en vrouwen;Utrecht (gemeente);2012;319987;223628;32835;14175;18660;63524;32964;30560;344
8465;Totaal over alle leeftijden;Mannen en vrouwen;Utrecht (gemeente);2013;326216;228222;33694;14596;19098;64300;32913;31387;344
8466;Totaal over alle leeftijden;Mannen en vrouwen;Utrecht (gemeente);2014;332338;232686;34562;15032;19530;65090;32965;32125;344
8467;Totaal over alle leeftijden;Mannen en vrouwen;Utrecht (gemeente);2015;338319;237121;35391;15480;19911;65807;32938;32869;344
8468;Totaal over alle leeftijden;Mannen en vrouwen;Utrecht (gemeente);2016;344172;241460;36186;15884;20302;66526;32954;33572;344
8469;Totaal over alle leeftijden;Mannen en vrouwen;Utrecht (gemeente);2017;349738;245518;36951;16302;20649;67269;32992;34277;344
8470;Totaal over alle leeftijden;Mannen en vrouwen;Utrecht (gemeente);2018;355688;249864;37805;16731;21074;68019;33052;34967;344
8471;Totaal over alle leeftijden;Mannen en vrouwen;Utrecht (gemeente);2019;361413;253993;38630;17107;21523;68790;33116;35674;344
8472;Totaal over alle leeftijden;Mannen en vrouwen;Utrecht (gemeente);2020;366630;257802;39392;17473;21919;69436;33122;36314;344
8473;Totaal over alle leeftijden;Mannen en vrouwen;Utrecht (gemeente);2021;372192;261664;40277;17917;22360;70251;33313;36938;344
8474;Totaal over alle leeftijden;Mannen en vrouwen;Utrecht (gemeente);2022;377522;265230;41202;18351;22851;71090;33417;37673;344
8475;Totaal over alle leeftijden;Mannen en vrouwen;Utrecht (gemeente);2023;382478;268581;41951;18700;23251;71946;33734;38212;344
8476;Totaal over alle leeftijden;Mannen en vrouwen;Utrecht (gemeente);2024;387367;271961;42705;19079;23626;72701;33929;38772;344
8477;Totaal over alle leeftijden;Mannen en vrouwen;Utrecht (gemeente);2025;392234;275236;43434;19530;23904;73564;34085;39479;344
8478;Totaal over alle leeftijden;Mannen en vrouwen;Utrechtse Heuvelrug;2008;47672;40835;3936;1318;2618;2901;1587;1314;1581
8479;Totaal over alle leeftijden;Mannen en vrouwen;Utrechtse Heuvelrug;2009;47228;40242;3896;1277;2619;3090;1669;1421;1581
8480;Totaal over alle leeftijden;Mannen en vrouwen;Utrechtse Heuvelrug;2010;46876;39731;3901;1264;2637;3244;1730;1514;1581
8481;Totaal over alle leeftijden;Mannen en vrouwen;Utrechtse Heuvelrug;2011;46631;39320;3899;1259;2640;3412;1807;1605;1581
8482;Totaal over alle leeftijden;Mannen en vrouwen;Utrechtse Heuvelrug;2012;46350;38874;3899;1266;2633;3577;1863;1714;1581
8483;Totaal over alle leeftijden;Mannen en vrouwen;Utrechtse Heuvelrug;2013;46021;38421;3905;1290;2615;3695;1905;1790;1581
8484;Totaal over alle leeftijden;Mannen en vrouwen;Utrechtse Heuvelrug;2014;45848;38068;3929;1293;2636;3851;1963;1888;1581
8485;Totaal over alle leeftijden;Mannen en vrouwen;Utrechtse Heuvelrug;2015;45611;37633;3945;1296;2649;4033;2038;1995;1581
8486;Totaal over alle leeftijden;Mannen en vrouwen;Utrechtse Heuvelrug;2016;45368;37260;3930;1282;2648;4178;2073;2105;1581
8487;Totaal over alle leeftijden;Mannen en vrouwen;Utrechtse Heuvelrug;2017;45326;37057;3955;1293;2662;4314;2121;2193;1581
8488;Totaal over alle leeftijden;Mannen en vrouwen;Utrechtse Heuvelrug;2018;45159;36742;3954;1299;2655;4463;2183;2280;1581
8489;Totaal over alle leeftijden;Mannen en vrouwen;Utrechtse Heuvelrug;2019;44989;36493;3995;1324;2671;4501;2188;2313;1581
8490;Totaal over alle leeftijden;Mannen en vrouwen;Utrechtse Heuvelrug;2020;44985;36332;4013;1360;2653;4640;2222;2418;1581
8491;Totaal over alle leeftijden;Mannen en vrouwen;Utrechtse Heuvelrug;2021;44995;36202;4039;1347;2692;4754;2266;2488;1581
8492;Totaal over alle leeftijden;Mannen en vrouwen;Utrechtse Heuvelrug;2022;44902;35974;4078;1370;2708;4850;2306;2544;1581
8493;Totaal over alle leeftijden;Mannen en vrouwen;Utrechtse Heuvelrug;2023;44806;35763;4059;1381;2678;4984;2359;2625;1581
8494;Totaal over alle leeftijden;Mannen en vrouwen;Utrechtse Heuvelrug;2024;44731;35589;4099;1397;2702;5043;2374;2669;1581
8495;Totaal over alle leeftijden;Mannen en vrouwen;Utrechtse Heuvelrug;2025;44792;35477;4161;1422;2739;5154;2438;2716;1581
8496;Totaal over alle leeftijden;Mannen en vrouwen;Vaals;2008;9815;5015;4412;2925;1487;388;274;114;981
8497;Totaal over alle leeftijden;Mannen en vrouwen;Vaals;2009;9714;5042;4251;2807;1444;421;284;137;981
8498;Totaal over alle leeftijden;Mannen en vrouwen;Vaals;2010;9637;5102;4085;2676;1409;450;299;151;981
8499;Totaal over alle leeftijden;Mannen en vrouwen;Vaals;2011;9507;5091;3950;2569;1381;466;303;163;981
8500;Totaal over alle leeftijden;Mannen en vrouwen;Vaals;2012;9376;5060;3827;2492;1335;489;320;169;981
8501;Totaal over alle leeftijden;Mannen en vrouwen;Vaals;2013;9262;5061;3699;2404;1295;502;321;181;981
8502;Totaal over alle leeftijden;Mannen en vrouwen;Vaals;2014;9144;5050;3576;2317;1259;518;321;197;981
8503;Totaal over alle leeftijden;Mannen en vrouwen;Vaals;2015;9069;5101;3452;2218;1234;516;313;203;981
8504;Totaal over alle leeftijden;Mannen en vrouwen;Vaals;2016;8921;5070;3331;2134;1197;520;311;209;981
8505;Totaal over alle leeftijden;Mannen en vrouwen;Vaals;2017;8795;5040;3229;2055;1174;526;312;214;981
8506;Totaal over alle leeftijden;Mannen en vrouwen;Vaals;2018;8700;5051;3098;1956;1142;551;323;228;981
8507;Totaal over alle leeftijden;Mannen en vrouwen;Vaals;2019;8602;5026;3003;1879;1124;573;320;253;981
8508;Totaal over alle leeftijden;Mannen en vrouwen;Vaals;2020;8517;5033;2906;1817;1089;578;315;263;981
8509;Totaal over alle leeftijden;Mannen en vrouwen;Vaals;2021;8381;4990;2802;1744;1058;589;321;268;981
8510;Totaal over alle leeftijden;Mannen en vrouwen;Vaals;2022;8278;4953;2718;1684;1034;607;327;280;981
8511;Totaal over alle leeftijden;Mannen en vrouwen;Vaals;2023;8160;4913;2634;1607;1027;613;324;289;981
8512;Totaal over alle leeftijden;Mannen en vrouwen;Vaals;2024;8037;4854;2549;1534;1015;634;343;291;981
8513;Totaal over alle leeftijden;Mannen en vrouwen;Vaals;2025;7926;4811;2478;1486;992;637;341;296;981
8514;Totaal over alle leeftijden;Mannen en vrouwen;Valkenburg a/d Geul;2008;17068;14647;1958;675;1283;463;299;164;994
8515;Totaal over alle leeftijden;Mannen en vrouwen;Valkenburg a/d Geul;2009;17022;14519;1983;681;1302;520;339;181;994
8516;Totaal over alle leeftijden;Mannen en vrouwen;Valkenburg a/d Geul;2010;16893;14344;1982;681;1301;567;359;208;994
8517;Totaal over alle leeftijden;Mannen en vrouwen;Valkenburg a/d Geul;2011;16752;14188;1969;684;1285;595;376;219;994
8518;Totaal over alle leeftijden;Mannen en vrouwen;Valkenburg a/d Geul;2012;16633;14064;1949;684;1265;620;378;242;994
8519;Totaal over alle leeftijden;Mannen en vrouwen;Valkenburg a/d Geul;2013;16506;13935;1931;683;1248;640;385;255;994
8520;Totaal over alle leeftijden;Mannen en vrouwen;Valkenburg a/d Geul;2014;16349;13785;1906;673;1233;658;400;258;994
8521;Totaal over alle leeftijden;Mannen en vrouwen;Valkenburg a/d Geul;2015;16221;13630;1909;672;1237;682;409;273;994
8522;Totaal over alle leeftijden;Mannen en vrouwen;Valkenburg a/d Geul;2016;16092;13495;1896;663;1233;701;431;270;994
8523;Totaal over alle leeftijden;Mannen en vrouwen;Valkenburg a/d Geul;2017;15952;13349;1878;650;1228;725;446;279;994
8524;Totaal over alle leeftijden;Mannen en vrouwen;Valkenburg a/d Geul;2018;15813;13188;1885;672;1213;740;446;294;994
8525;Totaal over alle leeftijden;Mannen en vrouwen;Valkenburg a/d Geul;2019;15724;13091;1877;670;1207;756;441;315;994
8526;Totaal over alle leeftijden;Mannen en vrouwen;Valkenburg a/d Geul;2020;15607;12986;1841;678;1163;780;461;319;994
8527;Totaal over alle leeftijden;Mannen en vrouwen;Valkenburg a/d Geul;2021;15513;12865;1840;679;1161;808;478;330;994
8528;Totaal over alle leeftijden;Mannen en vrouwen;Valkenburg a/d Geul;2022;15387;12726;1837;683;1154;824;489;335;994
8529;Totaal over alle leeftijden;Mannen en vrouwen;Valkenburg a/d Geul;2023;15284;12623;1829;699;1130;832;482;350;994
8530;Totaal over alle leeftijden;Mannen en vrouwen;Valkenburg a/d Geul;2024;15153;12488;1812;686;1126;853;489;364;994
8531;Totaal over alle leeftijden;Mannen en vrouwen;Valkenburg a/d Geul;2025;14985;12336;1801;674;1127;848;493;355;994
8532;Totaal over alle leeftijden;Mannen en vrouwen;Valkenswaard;2008;30979;26902;2962;809;2153;1115;679;436;858
8533;Totaal over alle leeftijden;Mannen en vrouwen;Valkenswaard;2009;30911;26798;2937;806;2131;1176;712;464;858
8534;Totaal over alle leeftijden;Mannen en vrouwen;Valkenswaard;2010;30795;26621;2931;841;2090;1243;751;492;858
8535;Totaal over alle leeftijden;Mannen en vrouwen;Valkenswaard;2011;30797;26565;2905;844;2061;1327;780;547;858
8536;Totaal over alle leeftijden;Mannen en vrouwen;Valkenswaard;2012;30715;26459;2858;832;2026;1398;823;575;858
8537;Totaal over alle leeftijden;Mannen en vrouwen;Valkenswaard;2013;30630;26313;2829;829;2000;1488;865;623;858
8538;Totaal over alle leeftijden;Mannen en vrouwen;Valkenswaard;2014;30499;26129;2806;830;1976;1564;895;669;858
8539;Totaal over alle leeftijden;Mannen en vrouwen;Valkenswaard;2015;30450;26067;2772;834;1938;1611;917;694;858
8540;Totaal over alle leeftijden;Mannen en vrouwen;Valkenswaard;2016;30305;25848;2772;864;1908;1685;954;731;858
8541;Totaal over alle leeftijden;Mannen en vrouwen;Valkenswaard;2017;30174;25656;2765;881;1884;1753;970;783;858
8542;Totaal over alle leeftijden;Mannen en vrouwen;Valkenswaard;2018;30147;25582;2739;892;1847;1826;1022;804;858
8543;Totaal over alle leeftijden;Mannen en vrouwen;Valkenswaard;2019;30042;25463;2703;892;1811;1876;1056;820;858
8544;Totaal over alle leeftijden;Mannen en vrouwen;Valkenswaard;2020;29953;25314;2692;900;1792;1947;1069;878;858
8545;Totaal over alle leeftijden;Mannen en vrouwen;Valkenswaard;2021;29826;25145;2676;913;1763;2005;1103;902;858
8546;Totaal over alle leeftijden;Mannen en vrouwen;Valkenswaard;2022;29765;25036;2661;917;1744;2068;1128;940;858
8547;Totaal over alle leeftijden;Mannen en vrouwen;Valkenswaard;2023;29715;24949;2638;935;1703;2128;1167;961;858
8548;Totaal over alle leeftijden;Mannen en vrouwen;Valkenswaard;2024;29620;24780;2639;963;1676;2201;1203;998;858
8549;Totaal over alle leeftijden;Mannen en vrouwen;Valkenswaard;2025;29564;24655;2628;966;1662;2281;1247;1034;858
8550;Totaal over alle leeftijden;Mannen en vrouwen;Veendam;2008;27814;24774;1315;455;860;1725;981;744;47
8551;Totaal over alle leeftijden;Mannen en vrouwen;Veendam;2009;27782;24754;1308;450;858;1720;977;743;47
8552;Totaal over alle leeftijden;Mannen en vrouwen;Veendam;2010;27871;24815;1317;455;862;1739;1003;736;47
8553;Totaal over alle leeftijden;Mannen en vrouwen;Veendam;2011;27851;24766;1305;447;858;1780;1034;746;47
8554;Totaal over alle leeftijden;Mannen en vrouwen;Veendam;2012;27875;24759;1330;456;874;1786;1041;745;47
8555;Totaal over alle leeftijden;Mannen en vrouwen;Veendam;2013;27920;24795;1325;461;864;1800;1049;751;47
8556;Totaal over alle leeftijden;Mannen en vrouwen;Veendam;2014;27841;24703;1337;462;875;1801;1049;752;47
8557;Totaal over alle leeftijden;Mannen en vrouwen;Veendam;2015;27789;24637;1318;458;860;1834;1053;781;47
8558;Totaal over alle leeftijden;Mannen en vrouwen;Veendam;2016;27815;24623;1320;457;863;1872;1057;815;47
8559;Totaal over alle leeftijden;Mannen en vrouwen;Veendam;2017;27860;24636;1312;456;856;1912;1072;840;47
8560;Totaal over alle leeftijden;Mannen en vrouwen;Veendam;2018;27703;24475;1312;446;866;1916;1065;851;47
8561;Totaal over alle leeftijden;Mannen en vrouwen;Veendam;2019;27759;24459;1336;461;875;1964;1088;876;47
8562;Totaal over alle leeftijden;Mannen en vrouwen;Veendam;2020;27817;24493;1312;444;868;2012;1117;895;47
8563;Totaal over alle leeftijden;Mannen en vrouwen;Veendam;2021;27811;24500;1303;450;853;2008;1110;898;47
8564;Totaal over alle leeftijden;Mannen en vrouwen;Veendam;2022;27793;24442;1289;453;836;2062;1129;933;47
8565;Totaal over alle leeftijden;Mannen en vrouwen;Veendam;2023;27740;24356;1314;462;852;2070;1133;937;47
8566;Totaal over alle leeftijden;Mannen en vrouwen;Veendam;2024;27700;24272;1320;457;863;2108;1142;966;47
8567;Totaal over alle leeftijden;Mannen en vrouwen;Veendam;2025;27694;24230;1323;454;869;2141;1167;974;47
8568;Totaal over alle leeftijden;Mannen en vrouwen;Veenendaal;2008;61703;51945;3649;1310;2339;6109;3440;2669;345
8569;Totaal over alle leeftijden;Mannen en vrouwen;Veenendaal;2009;62033;52138;3658;1314;2344;6237;3501;2736;345
8570;Totaal over alle leeftijden;Mannen en vrouwen;Veenendaal;2010;62352;52356;3679;1338;2341;6317;3526;2791;345
8571;Totaal over alle leeftijden;Mannen en vrouwen;Veenendaal;2011;62660;52538;3677;1351;2326;6445;3591;2854;345
8572;Totaal over alle leeftijden;Mannen en vrouwen;Veenendaal;2012;63199;52854;3771;1385;2386;6574;3630;2944;345
8573;Totaal over alle leeftijden;Mannen en vrouwen;Veenendaal;2013;63616;53085;3779;1378;2401;6752;3705;3047;345
8574;Totaal over alle leeftijden;Mannen en vrouwen;Veenendaal;2014;63834;53128;3835;1410;2425;6871;3756;3115;345
8575;Totaal over alle leeftijden;Mannen en vrouwen;Veenendaal;2015;64006;53174;3866;1411;2455;6966;3789;3177;345
8576;Totaal over alle leeftijden;Mannen en vrouwen;Veenendaal;2016;64215;53256;3870;1409;2461;7089;3834;3255;345
8577;Totaal over alle leeftijden;Mannen en vrouwen;Veenendaal;2017;64446;53310;3900;1443;2457;7236;3902;3334;345
8578;Totaal over alle leeftijden;Mannen en vrouwen;Veenendaal;2018;64632;53345;3919;1451;2468;7368;3979;3389;345
8579;Totaal over alle leeftijden;Mannen en vrouwen;Veenendaal;2019;64914;53438;3939;1466;2473;7537;4067;3470;345
8580;Totaal over alle leeftijden;Mannen en vrouwen;Veenendaal;2020;65097;53429;3980;1491;2489;7688;4132;3556;345
8581;Totaal over alle leeftijden;Mannen en vrouwen;Veenendaal;2021;65214;53413;4037;1528;2509;7764;4187;3577;345
8582;Totaal over alle leeftijden;Mannen en vrouwen;Veenendaal;2022;65346;53399;4088;1580;2508;7859;4216;3643;345
8583;Totaal over alle leeftijden;Mannen en vrouwen;Veenendaal;2023;65445;53383;4099;1594;2505;7963;4261;3702;345
8584;Totaal over alle leeftijden;Mannen en vrouwen;Veenendaal;2024;65579;53376;4087;1584;2503;8116;4330;3786;345
8585;Totaal over alle leeftijden;Mannen en vrouwen;Veenendaal;2025;65716;53348;4162;1615;2547;8206;4377;3829;345
8586;Totaal over alle leeftijden;Mannen en vrouwen;Veere;2008;21728;20043;1245;566;679;440;248;192;717
8587;Totaal over alle leeftijden;Mannen en vrouwen;Veere;2009;21611;19841;1282;580;702;488;271;217;717
8588;Totaal over alle leeftijden;Mannen en vrouwen;Veere;2010;21570;19723;1311;589;722;536;297;239;717
8589;Totaal over alle leeftijden;Mannen en vrouwen;Veere;2011;21508;19584;1324;594;730;600;334;266;717
8590;Totaal over alle leeftijden;Mannen en vrouwen;Veere;2012;21437;19450;1342;606;736;645;352;293;717
8591;Totaal over alle leeftijden;Mannen en vrouwen;Veere;2013;21426;19334;1367;608;759;725;381;344;717
8592;Totaal over alle leeftijden;Mannen en vrouwen;Veere;2014;21395;19231;1398;621;777;766;408;358;717
8593;Totaal over alle leeftijden;Mannen en vrouwen;Veere;2015;21255;19019;1440;645;795;796;416;380;717
8594;Totaal over alle leeftijden;Mannen en vrouwen;Veere;2016;21284;18987;1457;635;822;840;431;409;717
8595;Totaal over alle leeftijden;Mannen en vrouwen;Veere;2017;21227;18882;1474;644;830;871;434;437;717
8596;Totaal over alle leeftijden;Mannen en vrouwen;Veere;2018;21175;18799;1482;654;828;894;449;445;717
8597;Totaal over alle leeftijden;Mannen en vrouwen;Veere;2019;21177;18746;1492;671;821;939;464;475;717
8598;Totaal over alle leeftijden;Mannen en vrouwen;Veere;2020;21171;18683;1522;676;846;966;479;487;717
8599;Totaal over alle leeftijden;Mannen en vrouwen;Veere;2021;21202;18643;1557;691;866;1002;491;511;717
8600;Totaal over alle leeftijden;Mannen en vrouwen;Veere;2022;21178;18567;1566;690;876;1045;513;532;717
8601;Totaal over alle leeftijden;Mannen en vrouwen;Veere;2023;21203;18529;1594;699;895;1080;528;552;717
8602;Totaal over alle leeftijden;Mannen en vrouwen;Veere;2024;21252;18483;1623;719;904;1146;554;592;717
8603;Totaal over alle leeftijden;Mannen en vrouwen;Veere;2025;21261;18415;1665;748;917;1181;573;608;717
8604;Totaal over alle leeftijden;Mannen en vrouwen;Veghel;2008;36838;31499;2309;972;1337;3030;1648;1382;860
8605;Totaal over alle leeftijden;Mannen en vrouwen;Veghel;2009;36874;31479;2348;976;1372;3047;1663;1384;860
8606;Totaal over alle leeftijden;Mannen en vrouwen;Veghel;2010;36885;31449;2362;975;1387;3074;1686;1388;860
8607;Totaal over alle leeftijden;Mannen en vrouwen;Veghel;2011;36871;31425;2362;982;1380;3084;1673;1411;860
8608;Totaal over alle leeftijden;Mannen en vrouwen;Veghel;2012;36835;31348;2377;971;1406;3110;1676;1434;860
8609;Totaal over alle leeftijden;Mannen en vrouwen;Veghel;2013;36959;31401;2412;967;1445;3146;1697;1449;860
8610;Totaal over alle leeftijden;Mannen en vrouwen;Veghel;2014;37032;31413;2433;976;1457;3186;1716;1470;860
8611;Totaal over alle leeftijden;Mannen en vrouwen;Veghel;2015;37048;31317;2473;1000;1473;3258;1759;1499;860
8612;Totaal over alle leeftijden;Mannen en vrouwen;Veghel;2016;37091;31269;2496;1022;1474;3326;1765;1561;860
8613;Totaal over alle leeftijden;Mannen en vrouwen;Veghel;2017;37171;31294;2492;1023;1469;3385;1792;1593;860
8614;Totaal over alle leeftijden;Mannen en vrouwen;Veghel;2018;37265;31303;2516;1030;1486;3446;1822;1624;860
8615;Totaal over alle leeftijden;Mannen en vrouwen;Veghel;2019;37398;31311;2534;1038;1496;3553;1873;1680;860
8616;Totaal over alle leeftijden;Mannen en vrouwen;Veghel;2020;37526;31366;2549;1047;1502;3611;1911;1700;860
8617;Totaal over alle leeftijden;Mannen en vrouwen;Veghel;2021;37608;31377;2554;1047;1507;3677;1928;1749;860
8618;Totaal over alle leeftijden;Mannen en vrouwen;Veghel;2022;37676;31337;2591;1062;1529;3748;1935;1813;860
8619;Totaal over alle leeftijden;Mannen en vrouwen;Veghel;2023;37815;31361;2632;1084;1548;3822;1945;1877;860
8620;Totaal over alle leeftijden;Mannen en vrouwen;Veghel;2024;37831;31348;2620;1074;1546;3863;1957;1906;860
8621;Totaal over alle leeftijden;Mannen en vrouwen;Veghel;2025;37996;31381;2660;1106;1554;3955;2021;1934;860
8622;Totaal over alle leeftijden;Mannen en vrouwen;Veldhoven;2008;43865;37583;3964;1427;2537;2318;1488;830;861
8623;Totaal over alle leeftijden;Mannen en vrouwen;Veldhoven;2009;43975;37528;3956;1427;2529;2491;1580;911;861
8624;Totaal over alle leeftijden;Mannen en vrouwen;Veldhoven;2010;43828;37259;3969;1445;2524;2600;1622;978;861
8625;Totaal over alle leeftijden;Mannen en vrouwen;Veldhoven;2011;43828;37080;3984;1461;2523;2764;1712;1052;861
8626;Totaal over alle leeftijden;Mannen en vrouwen;Veldhoven;2012;43668;36821;3963;1437;2526;2884;1778;1106;861
8627;Totaal over alle leeftijden;Mannen en vrouwen;Veldhoven;2013;43689;36661;3985;1462;2523;3043;1833;1210;861
8628;Totaal over alle leeftijden;Mannen en vrouwen;Veldhoven;2014;43780;36580;3998;1486;2512;3202;1929;1273;861
8629;Totaal over alle leeftijden;Mannen en vrouwen;Veldhoven;2015;43828;36464;4037;1516;2521;3327;1964;1363;861
8630;Totaal over alle leeftijden;Mannen en vrouwen;Veldhoven;2016;43795;36287;4011;1509;2502;3497;2068;1429;861
8631;Totaal over alle leeftijden;Mannen en vrouwen;Veldhoven;2017;43827;36141;4017;1532;2485;3669;2131;1538;861
8632;Totaal over alle leeftijden;Mannen en vrouwen;Veldhoven;2018;43887;36028;4057;1562;2495;3802;2176;1626;861
8633;Totaal over alle leeftijden;Mannen en vrouwen;Veldhoven;2019;43843;35826;4068;1575;2493;3949;2235;1714;861
8634;Totaal over alle leeftijden;Mannen en vrouwen;Veldhoven;2020;43833;35688;4058;1605;2453;4087;2294;1793;861
8635;Totaal over alle leeftijden;Mannen en vrouwen;Veldhoven;2021;43882;35547;4048;1585;2463;4287;2391;1896;861
8636;Totaal over alle leeftijden;Mannen en vrouwen;Veldhoven;2022;43890;35433;4027;1586;2441;4430;2446;1984;861
8637;Totaal over alle leeftijden;Mannen en vrouwen;Veldhoven;2023;43976;35307;4054;1608;2446;4615;2535;2080;861
8638;Totaal over alle leeftijden;Mannen en vrouwen;Veldhoven;2024;43998;35173;4075;1637;2438;4750;2577;2173;861
8639;Totaal over alle leeftijden;Mannen en vrouwen;Veldhoven;2025;44030;35064;4088;1661;2427;4878;2663;2215;861
8640;Totaal over alle leeftijden;Mannen en vrouwen;Velsen;2008;67293;57185;5530;2046;3484;4578;2486;2092;453
8641;Totaal over alle leeftijden;Mannen en vrouwen;Velsen;2009;67265;56962;5549;2070;3479;4754;2564;2190;453
8642;Totaal over alle leeftijden;Mannen en vrouwen;Velsen;2010;67068;56622;5566;2075;3491;4880;2605;2275;453
8643;Totaal over alle leeftijden;Mannen en vrouwen;Velsen;2011;66954;56281;5609;2124;3485;5064;2686;2378;453
8644;Totaal over alle leeftijden;Mannen en vrouwen;Velsen;2012;66893;56060;5662;2156;3506;5171;2750;2421;453
8645;Totaal over alle leeftijden;Mannen en vrouwen;Velsen;2013;66851;55797;5741;2205;3536;5313;2797;2516;453
8646;Totaal over alle leeftijden;Mannen en vrouwen;Velsen;2014;66722;55496;5774;2245;3529;5452;2856;2596;453
8647;Totaal over alle leeftijden;Mannen en vrouwen;Velsen;2015;66474;55053;5826;2264;3562;5595;2908;2687;453
8648;Totaal over alle leeftijden;Mannen en vrouwen;Velsen;2016;66366;54852;5825;2309;3516;5689;2932;2757;453
8649;Totaal over alle leeftijden;Mannen en vrouwen;Velsen;2017;66302;54630;5846;2345;3501;5826;2990;2836;453
8650;Totaal over alle leeftijden;Mannen en vrouwen;Velsen;2018;66265;54406;5878;2362;3516;5981;3066;2915;453
8651;Totaal over alle leeftijden;Mannen en vrouwen;Velsen;2019;66106;54114;5922;2394;3528;6070;3102;2968;453
8652;Totaal over alle leeftijden;Mannen en vrouwen;Velsen;2020;66099;53930;5981;2448;3533;6188;3161;3027;453
8653;Totaal over alle leeftijden;Mannen en vrouwen;Velsen;2021;66049;53723;5989;2469;3520;6337;3240;3097;453
8654;Totaal over alle leeftijden;Mannen en vrouwen;Velsen;2022;65946;53506;6041;2532;3509;6399;3260;3139;453
8655;Totaal over alle leeftijden;Mannen en vrouwen;Velsen;2023;65919;53254;6100;2567;3533;6565;3305;3260;453
8656;Totaal over alle leeftijden;Mannen en vrouwen;Velsen;2024;65819;53004;6130;2622;3508;6685;3385;3300;453
8657;Totaal over alle leeftijden;Mannen en vrouwen;Velsen;2025;65699;52687;6146;2648;3498;6866;3456;3410;453
8658;Totaal over alle leeftijden;Mannen en vrouwen;Venlo;2008;91825;67951;13407;5504;7903;10467;5930;4537;983
8659;Totaal over alle leeftijden;Mannen en vrouwen;Venlo;2009;91711;67679;13405;5544;7861;10627;5942;4685;983
8660;Totaal over alle leeftijden;Mannen en vrouwen;Venlo;2010;91809;67594;13377;5556;7821;10838;5978;4860;983
8661;Totaal over alle leeftijden;Mannen en vrouwen;Venlo;2011;91826;67355;13372;5577;7795;11099;6041;5058;983
8662;Totaal over alle leeftijden;Mannen en vrouwen;Venlo;2012;91832;67119;13428;5684;7744;11285;6065;5220;983
8663;Totaal over alle leeftijden;Mannen en vrouwen;Venlo;2013;91857;66949;13471;5713;7758;11437;6105;5332;983
8664;Totaal over alle leeftijden;Mannen en vrouwen;Venlo;2014;91830;66659;13502;5781;7721;11669;6194;5475;983
8665;Totaal over alle leeftijden;Mannen en vrouwen;Venlo;2015;91801;66420;13516;5842;7674;11865;6274;5591;983
8666;Totaal over alle leeftijden;Mannen en vrouwen;Venlo;2016;91791;66239;13516;5900;7616;12036;6361;5675;983
8667;Totaal over alle leeftijden;Mannen en vrouwen;Venlo;2017;91679;65989;13507;5965;7542;12183;6430;5753;983
8668;Totaal over alle leeftijden;Mannen en vrouwen;Venlo;2018;91630;65825;13526;6005;7521;12279;6467;5812;983
8669;Totaal over alle leeftijden;Mannen en vrouwen;Venlo;2019;91584;65692;13495;6030;7465;12397;6502;5895;983
8670;Totaal over alle leeftijden;Mannen en vrouwen;Venlo;2020;91468;65461;13476;6093;7383;12531;6592;5939;983
8671;Totaal over alle leeftijden;Mannen en vrouwen;Venlo;2021;91382;65217;13455;6128;7327;12710;6667;6043;983
8672;Totaal over alle leeftijden;Mannen en vrouwen;Venlo;2022;91277;65043;13439;6149;7290;12795;6694;6101;983
8673;Totaal over alle leeftijden;Mannen en vrouwen;Venlo;2023;91261;64900;13406;6188;7218;12955;6748;6207;983
8674;Totaal over alle leeftijden;Mannen en vrouwen;Venlo;2024;91125;64602;13509;6288;7221;13014;6773;6241;983
8675;Totaal over alle leeftijden;Mannen en vrouwen;Venlo;2025;90998;64392;13481;6342;7139;13125;6764;6361;983
8676;Totaal over alle leeftijden;Mannen en vrouwen;Venray;2008;39083;32308;3321;1316;2005;3454;1975;1479;984
8677;Totaal over alle leeftijden;Mannen en vrouwen;Venray;2009;39030;32202;3306;1281;2025;3522;1997;1525;984
8678;Totaal over alle leeftijden;Mannen en vrouwen;Venray;2010;38876;32061;3279;1262;2017;3536;1990;1546;984
8679;Totaal over alle leeftijden;Mannen en vrouwen;Venray;2011;38836;31977;3272;1275;1997;3587;2000;1587;984
8680;Totaal over alle leeftijden;Mannen en vrouwen;Venray;2012;38812;31936;3219;1235;1984;3657;2029;1628;984
8681;Totaal over alle leeftijden;Mannen en vrouwen;Venray;2013;38772;31880;3193;1226;1967;3699;2034;1665;984
8682;Totaal over alle leeftijden;Mannen en vrouwen;Venray;2014;38781;31835;3188;1236;1952;3758;2064;1694;984
8683;Totaal over alle leeftijden;Mannen en vrouwen;Venray;2015;38829;31808;3204;1242;1962;3817;2077;1740;984
8684;Totaal over alle leeftijden;Mannen en vrouwen;Venray;2016;38793;31782;3158;1225;1933;3853;2125;1728;984
8685;Totaal over alle leeftijden;Mannen en vrouwen;Venray;2017;38803;31778;3156;1239;1917;3869;2112;1757;984
8686;Totaal over alle leeftijden;Mannen en vrouwen;Venray;2018;38828;31752;3173;1251;1922;3903;2142;1761;984
8687;Totaal over alle leeftijden;Mannen en vrouwen;Venray;2019;38792;31689;3170;1274;1896;3933;2154;1779;984
8688;Totaal over alle leeftijden;Mannen en vrouwen;Venray;2020;38885;31706;3183;1299;1884;3996;2187;1809;984
8689;Totaal over alle leeftijden;Mannen en vrouwen;Venray;2021;38917;31714;3180;1306;1874;4023;2212;1811;984
8690;Totaal over alle leeftijden;Mannen en vrouwen;Venray;2022;38893;31683;3142;1279;1863;4068;2237;1831;984
8691;Totaal over alle leeftijden;Mannen en vrouwen;Venray;2023;38962;31675;3147;1262;1885;4140;2257;1883;984
8692;Totaal over alle leeftijden;Mannen en vrouwen;Venray;2024;39024;31692;3132;1258;1874;4200;2293;1907;984
8693;Totaal over alle leeftijden;Mannen en vrouwen;Venray;2025;39092;31691;3155;1258;1897;4246;2314;1932;984
8694;Totaal over alle leeftijden;Mannen en vrouwen;Vianen;2008;19561;16735;1258;459;799;1568;838;730;620
8695;Totaal over alle leeftijden;Mannen en vrouwen;Vianen;2009;19418;16596;1220;451;769;1602;878;724;620
8696;Totaal over alle leeftijden;Mannen en vrouwen;Vianen;2010;19399;16559;1237;458;779;1603;863;740;620
8697;Totaal over alle leeftijden;Mannen en vrouwen;Vianen;2011;19380;16506;1232;456;776;1642;875;767;620
8698;Totaal over alle leeftijden;Mannen en vrouwen;Vianen;2012;19355;16489;1230;455;775;1636;868;768;620
8699;Totaal over alle leeftijden;Mannen en vrouwen;Vianen;2013;19317;16415;1239;462;777;1663;889;774;620
8700;Totaal over alle leeftijden;Mannen en vrouwen;Vianen;2014;19295;16370;1244;471;773;1681;905;776;620
8701;Totaal over alle leeftijden;Mannen en vrouwen;Vianen;2015;19216;16283;1218;458;760;1715;920;795;620
8702;Totaal over alle leeftijden;Mannen en vrouwen;Vianen;2016;19165;16241;1212;445;767;1712;915;797;620
8703;Totaal over alle leeftijden;Mannen en vrouwen;Vianen;2017;19127;16195;1195;441;754;1737;912;825;620
8704;Totaal over alle leeftijden;Mannen en vrouwen;Vianen;2018;19122;16142;1219;455;764;1761;927;834;620
8705;Totaal over alle leeftijden;Mannen en vrouwen;Vianen;2019;19116;16116;1230;464;766;1770;935;835;620
8706;Totaal over alle leeftijden;Mannen en vrouwen;Vianen;2020;19075;16062;1233;469;764;1780;947;833;620
8707;Totaal over alle leeftijden;Mannen en vrouwen;Vianen;2021;19008;15981;1249;476;773;1778;951;827;620
8708;Totaal over alle leeftijden;Mannen en vrouwen;Vianen;2022;18914;15850;1249;478;771;1815;981;834;620
8709;Totaal over alle leeftijden;Mannen en vrouwen;Vianen;2023;18809;15719;1254;468;786;1836;970;866;620
8710;Totaal over alle leeftijden;Mannen en vrouwen;Vianen;2024;18755;15621;1277;504;773;1857;986;871;620
8711;Totaal over alle leeftijden;Mannen en vrouwen;Vianen;2025;18720;15547;1288;514;774;1885;1012;873;620
8712;Totaal over alle leeftijden;Mannen en vrouwen;Vlaardingen;2008;72714;55051;5274;2199;3075;12389;7035;5354;622
8713;Totaal over alle leeftijden;Mannen en vrouwen;Vlaardingen;2009;72973;54772;5369;2219;3150;12832;7172;5660;622
8714;Totaal over alle leeftijden;Mannen en vrouwen;Vlaardingen;2010;73244;54572;5395;2217;3178;13277;7364;5913;622
8715;Totaal over alle leeftijden;Mannen en vrouwen;Vlaardingen;2011;73295;54255;5431;2212;3219;13609;7458;6151;622
8716;Totaal over alle leeftijden;Mannen en vrouwen;Vlaardingen;2012;73523;54078;5521;2245;3276;13924;7516;6408;622
8717;Totaal over alle leeftijden;Mannen en vrouwen;Vlaardingen;2013;73870;54032;5532;2220;3312;14306;7637;6669;622
8718;Totaal over alle leeftijden;Mannen en vrouwen;Vlaardingen;2014;74058;53832;5642;2248;3394;14584;7682;6902;622
8719;Totaal over alle leeftijden;Mannen en vrouwen;Vlaardingen;2015;74311;53784;5700;2282;3418;14827;7718;7109;622
8720;Totaal over alle leeftijden;Mannen en vrouwen;Vlaardingen;2016;74460;53612;5829;2356;3473;15019;7746;7273;622
8721;Totaal over alle leeftijden;Mannen en vrouwen;Vlaardingen;2017;74787;53606;5909;2385;3524;15272;7812;7460;622
8722;Totaal over alle leeftijden;Mannen en vrouwen;Vlaardingen;2018;75022;53542;5966;2409;3557;15514;7881;7633;622
8723;Totaal over alle leeftijden;Mannen en vrouwen;Vlaardingen;2019;75116;53472;5991;2426;3565;15653;7947;7706;622
8724;Totaal over alle leeftijden;Mannen en vrouwen;Vlaardingen;2020;75349;53422;6026;2434;3592;15901;8036;7865;622
8725;Totaal over alle leeftijden;Mannen en vrouwen;Vlaardingen;2021;75595;53348;6073;2466;3607;16174;8114;8060;622
8726;Totaal over alle leeftijden;Mannen en vrouwen;Vlaardingen;2022;75826;53296;6157;2504;3653;16373;8167;8206;622
8727;Totaal over alle leeftijden;Mannen en vrouwen;Vlaardingen;2023;75817;53122;6165;2500;3665;16530;8208;8322;622
8728;Totaal over alle leeftijden;Mannen en vrouwen;Vlaardingen;2024;75857;52954;6218;2529;3689;16685;8218;8467;622
8729;Totaal over alle leeftijden;Mannen en vrouwen;Vlaardingen;2025;75695;52666;6269;2547;3722;16760;8218;8542;622
8730;Totaal over alle leeftijden;Mannen en vrouwen;Vlagtwedde;2008;16385;14820;1008;412;596;557;365;192;48
8731;Totaal over alle leeftijden;Mannen en vrouwen;Vlagtwedde;2009;16279;14679;994;388;606;606;389;217;48
8732;Totaal over alle leeftijden;Mannen en vrouwen;Vlagtwedde;2010;16177;14509;1000;390;610;668;406;262;48
8733;Totaal over alle leeftijden;Mannen en vrouwen;Vlagtwedde;2011;16096;14370;996;386;610;730;425;305;48
8734;Totaal over alle leeftijden;Mannen en vrouwen;Vlagtwedde;2012;16041;14276;987;389;598;778;458;320;48
8735;Totaal over alle leeftijden;Mannen en vrouwen;Vlagtwedde;2013;15945;14114;1007;378;629;824;475;349;48
8736;Totaal over alle leeftijden;Mannen en vrouwen;Vlagtwedde;2014;15913;14029;1022;384;638;862;474;388;48
8737;Totaal over alle leeftijden;Mannen en vrouwen;Vlagtwedde;2015;15843;13920;1027;384;643;896;486;410;48
8738;Totaal over alle leeftijden;Mannen en vrouwen;Vlagtwedde;2016;15780;13799;1040;396;644;941;505;436;48
8739;Totaal over alle leeftijden;Mannen en vrouwen;Vlagtwedde;2017;15732;13677;1075;432;643;980;513;467;48
8740;Totaal over alle leeftijden;Mannen en vrouwen;Vlagtwedde;2018;15643;13578;1067;422;645;998;530;468;48
8741;Totaal over alle leeftijden;Mannen en vrouwen;Vlagtwedde;2019;15543;13432;1076;429;647;1035;555;480;48
8742;Totaal over alle leeftijden;Mannen en vrouwen;Vlagtwedde;2020;15503;13326;1100;439;661;1077;553;524;48
8743;Totaal over alle leeftijden;Mannen en vrouwen;Vlagtwedde;2021;15413;13239;1111;454;657;1063;559;504;48
8744;Totaal over alle leeftijden;Mannen en vrouwen;Vlagtwedde;2022;15319;13132;1100;458;642;1087;577;510;48
8745;Totaal over alle leeftijden;Mannen en vrouwen;Vlagtwedde;2023;15282;13066;1121;474;647;1095;573;522;48
8746;Totaal over alle leeftijden;Mannen en vrouwen;Vlagtwedde;2024;15232;12964;1132;490;642;1136;597;539;48
8747;Totaal over alle leeftijden;Mannen en vrouwen;Vlagtwedde;2025;15134;12844;1136;495;641;1154;610;544;48
8748;Totaal over alle leeftijden;Mannen en vrouwen;Vlieland;2008;1069;950;93;45;48;26;17;9;96
8749;Totaal over alle leeftijden;Mannen en vrouwen;Vlieland;2009;1057;946;89;39;50;22;16;6;96
8750;Totaal over alle leeftijden;Mannen en vrouwen;Vlieland;2010;1029;922;87;35;52;20;12;8;96
8751;Totaal over alle leeftijden;Mannen en vrouwen;Vlieland;2011;1017;906;83;34;49;28;18;10;96
8752;Totaal over alle leeftijden;Mannen en vrouwen;Vlieland;2012;1001;897;79;33;46;25;17;8;96
8753;Totaal over alle leeftijden;Mannen en vrouwen;Vlieland;2013;984;883;80;34;46;21;14;7;96
8754;Totaal over alle leeftijden;Mannen en vrouwen;Vlieland;2014;970;868;80;33;47;22;15;7;96
8755;Totaal over alle leeftijden;Mannen en vrouwen;Vlieland;2015;958;854;78;30;48;26;20;6;96
8756;Totaal over alle leeftijden;Mannen en vrouwen;Vlieland;2016;958;848;77;32;45;33;22;11;96
8757;Totaal over alle leeftijden;Mannen en vrouwen;Vlieland;2017;948;841;74;30;44;33;23;10;96
8758;Totaal over alle leeftijden;Mannen en vrouwen;Vlieland;2018;948;842;71;30;41;35;24;11;96
8759;Totaal over alle leeftijden;Mannen en vrouwen;Vlieland;2019;940;831;72;32;40;37;25;12;96
8760;Totaal over alle leeftijden;Mannen en vrouwen;Vlieland;2020;936;826;68;29;39;42;25;17;96
8761;Totaal over alle leeftijden;Mannen en vrouwen;Vlieland;2021;918;820;60;26;34;38;25;13;96
8762;Totaal over alle leeftijden;Mannen en vrouwen;Vlieland;2022;908;804;61;29;32;43;25;18;96
8763;Totaal over alle leeftijden;Mannen en vrouwen;Vlieland;2023;889;787;53;24;29;49;30;19;96
8764;Totaal over alle leeftijden;Mannen en vrouwen;Vlieland;2024;877;781;48;20;28;48;30;18;96
8765;Totaal over alle leeftijden;Mannen en vrouwen;Vlieland;2025;862;764;51;27;24;47;34;13;96
8766;Totaal over alle leeftijden;Mannen en vrouwen;Vlissingen;2008;45183;35244;5238;2347;2891;4701;2723;1978;718
8767;Totaal over alle leeftijden;Mannen en vrouwen;Vlissingen;2009;45318;35324;5216;2339;2877;4778;2736;2042;718
8768;Totaal over alle leeftijden;Mannen en vrouwen;Vlissingen;2010;45410;35308;5215;2365;2850;4887;2737;2150;718
8769;Totaal over alle leeftijden;Mannen en vrouwen;Vlissingen;2011;45592;35378;5249;2402;2847;4965;2758;2207;718
8770;Totaal over alle leeftijden;Mannen en vrouwen;Vlissingen;2012;45723;35371;5285;2414;2871;5067;2770;2297;718
8771;Totaal over alle leeftijden;Mannen en vrouwen;Vlissingen;2013;45801;35336;5272;2427;2845;5193;2816;2377;718
8772;Totaal over alle leeftijden;Mannen en vrouwen;Vlissingen;2014;45911;35369;5269;2433;2836;5273;2833;2440;718
8773;Totaal over alle leeftijden;Mannen en vrouwen;Vlissingen;2015;46175;35477;5279;2454;2825;5419;2899;2520;718
8774;Totaal over alle leeftijden;Mannen en vrouwen;Vlissingen;2016;46304;35480;5316;2473;2843;5508;2935;2573;718
8775;Totaal over alle leeftijden;Mannen en vrouwen;Vlissingen;2017;46462;35495;5346;2488;2858;5621;2987;2634;718
8776;Totaal over alle leeftijden;Mannen en vrouwen;Vlissingen;2018;46615;35564;5368;2483;2885;5683;2999;2684;718
8777;Totaal over alle leeftijden;Mannen en vrouwen;Vlissingen;2019;46807;35568;5415;2523;2892;5824;3064;2760;718
8778;Totaal over alle leeftijden;Mannen en vrouwen;Vlissingen;2020;47064;35696;5458;2539;2919;5910;3111;2799;718
8779;Totaal over alle leeftijden;Mannen en vrouwen;Vlissingen;2021;47195;35712;5498;2570;2928;5985;3135;2850;718
8780;Totaal over alle leeftijden;Mannen en vrouwen;Vlissingen;2022;47288;35707;5491;2562;2929;6090;3167;2923;718
8781;Totaal over alle leeftijden;Mannen en vrouwen;Vlissingen;2023;47378;35668;5496;2568;2928;6214;3238;2976;718
8782;Totaal over alle leeftijden;Mannen en vrouwen;Vlissingen;2024;47432;35596;5548;2593;2955;6288;3271;3017;718
8783;Totaal over alle leeftijden;Mannen en vrouwen;Vlissingen;2025;47550;35563;5584;2634;2950;6403;3312;3091;718
8784;Totaal over alle leeftijden;Mannen en vrouwen;Vlist;2008;9578;8975;376;116;260;227;136;91;623
8785;Totaal over alle leeftijden;Mannen en vrouwen;Vlist;2009;9449;8832;380;116;264;237;142;95;623
8786;Totaal over alle leeftijden;Mannen en vrouwen;Vlist;2010;9501;8826;399;120;279;276;155;121;623
8787;Totaal over alle leeftijden;Mannen en vrouwen;Vlist;2011;9520;8812;396;115;281;312;170;142;623
8788;Totaal over alle leeftijden;Mannen en vrouwen;Vlist;2012;9438;8707;397;114;283;334;182;152;623
8789;Totaal over alle leeftijden;Mannen en vrouwen;Vlist;2013;9343;8580;395;116;279;368;190;178;623
8790;Totaal over alle leeftijden;Mannen en vrouwen;Vlist;2014;9264;8461;396;113;283;407;208;199;623
8791;Totaal over alle leeftijden;Mannen en vrouwen;Vlist;2015;9146;8329;407;120;287;410;206;204;623
8792;Totaal over alle leeftijden;Mannen en vrouwen;Vlist;2016;9209;8350;417;120;297;442;214;228;623
8793;Totaal over alle leeftijden;Mannen en vrouwen;Vlist;2017;9255;8346;433;130;303;476;230;246;623
8794;Totaal over alle leeftijden;Mannen en vrouwen;Vlist;2018;9295;8367;433;127;306;495;240;255;623
8795;Totaal over alle leeftijden;Mannen en vrouwen;Vlist;2019;9231;8266;447;133;314;518;248;270;623
8796;Totaal over alle leeftijden;Mannen en vrouwen;Vlist;2020;9148;8175;449;133;316;524;253;271;623
8797;Totaal over alle leeftijden;Mannen en vrouwen;Vlist;2021;9199;8190;455;134;321;554;270;284;623
8798;Totaal over alle leeftijden;Mannen en vrouwen;Vlist;2022;9078;8058;449;137;312;571;278;293;623
8799;Totaal over alle leeftijden;Mannen en vrouwen;Vlist;2023;9089;8020;452;139;313;617;309;308;623
8800;Totaal over alle leeftijden;Mannen en vrouwen;Vlist;2024;9014;7951;438;138;300;625;311;314;623
8801;Totaal over alle leeftijden;Mannen en vrouwen;Vlist;2025;8965;7891;438;143;295;636;318;318;623
8802;Totaal over alle leeftijden;Mannen en vrouwen;Voerendaal;2008;12764;11078;1409;295;1114;277;154;123;986
8803;Totaal over alle leeftijden;Mannen en vrouwen;Voerendaal;2009;12673;10968;1409;308;1101;296;157;139;986
8804;Totaal over alle leeftijden;Mannen en vrouwen;Voerendaal;2010;12561;10850;1397;319;1078;314;156;158;986
8805;Totaal over alle leeftijden;Mannen en vrouwen;Voerendaal;2011;12464;10751;1385;325;1060;328;162;166;986
8806;Totaal over alle leeftijden;Mannen en vrouwen;Voerendaal;2012;12434;10726;1372;338;1034;336;171;165;986
8807;Totaal over alle leeftijden;Mannen en vrouwen;Voerendaal;2013;12402;10673;1360;345;1015;369;185;184;986
8808;Totaal over alle leeftijden;Mannen en vrouwen;Voerendaal;2014;12350;10609;1371;360;1011;370;183;187;986
8809;Totaal over alle leeftijden;Mannen en vrouwen;Voerendaal;2015;12351;10597;1361;373;988;393;193;200;986
8810;Totaal over alle leeftijden;Mannen en vrouwen;Voerendaal;2016;12333;10573;1354;386;968;406;202;204;986
8811;Totaal over alle leeftijden;Mannen en vrouwen;Voerendaal;2017;12275;10526;1325;379;946;424;206;218;986
8812;Totaal over alle leeftijden;Mannen en vrouwen;Voerendaal;2018;12306;10536;1325;385;940;445;221;224;986
8813;Totaal over alle leeftijden;Mannen en vrouwen;Voerendaal;2019;12252;10491;1303;384;919;458;227;231;986
8814;Totaal over alle leeftijden;Mannen en vrouwen;Voerendaal;2020;12282;10507;1284;376;908;491;240;251;986
8815;Totaal over alle leeftijden;Mannen en vrouwen;Voerendaal;2021;12363;10574;1270;384;886;519;256;263;986
8816;Totaal over alle leeftijden;Mannen en vrouwen;Voerendaal;2022;12342;10541;1252;386;866;549;280;269;986
8817;Totaal over alle leeftijden;Mannen en vrouwen;Voerendaal;2023;12355;10525;1266;394;872;564;293;271;986
8818;Totaal over alle leeftijden;Mannen en vrouwen;Voerendaal;2024;12329;10521;1229;367;862;579;297;282;986
8819;Totaal over alle leeftijden;Mannen en vrouwen;Voerendaal;2025;12328;10510;1234;372;862;584;299;285;986
8820;Totaal over alle leeftijden;Mannen en vrouwen;Voorschoten;2008;23098;18349;3076;1543;1533;1673;951;722;626
8821;Totaal over alle leeftijden;Mannen en vrouwen;Voorschoten;2009;23265;18434;3070;1547;1523;1761;991;770;626
8822;Totaal over alle leeftijden;Mannen en vrouwen;Voorschoten;2010;23450;18533;3090;1571;1519;1827;1012;815;626
8823;Totaal over alle leeftijden;Mannen en vrouwen;Voorschoten;2011;23630;18610;3116;1584;1532;1904;1032;872;626
8824;Totaal over alle leeftijden;Mannen en vrouwen;Voorschoten;2012;23535;18517;3078;1551;1527;1940;1076;864;626
8825;Totaal over alle leeftijden;Mannen en vrouwen;Voorschoten;2013;23670;18537;3097;1538;1559;2036;1134;902;626
8826;Totaal over alle leeftijden;Mannen en vrouwen;Voorschoten;2014;23720;18537;3108;1537;1571;2075;1150;925;626
8827;Totaal over alle leeftijden;Mannen en vrouwen;Voorschoten;2015;23731;18503;3107;1534;1573;2121;1167;954;626
8828;Totaal over alle leeftijden;Mannen en vrouwen;Voorschoten;2016;23749;18494;3089;1508;1581;2166;1193;973;626
8829;Totaal over alle leeftijden;Mannen en vrouwen;Voorschoten;2017;23831;18552;3062;1492;1570;2217;1215;1002;626
8830;Totaal over alle leeftijden;Mannen en vrouwen;Voorschoten;2018;23878;18550;3054;1471;1583;2274;1246;1028;626
8831;Totaal over alle leeftijden;Mannen en vrouwen;Voorschoten;2019;23983;18628;3082;1503;1579;2273;1243;1030;626
8832;Totaal over alle leeftijden;Mannen en vrouwen;Voorschoten;2020;24082;18650;3087;1493;1594;2345;1267;1078;626
8833;Totaal over alle leeftijden;Mannen en vrouwen;Voorschoten;2021;24181;18691;3084;1486;1598;2406;1296;1110;626
8834;Totaal over alle leeftijden;Mannen en vrouwen;Voorschoten;2022;24241;18682;3124;1502;1622;2435;1310;1125;626
8835;Totaal over alle leeftijden;Mannen en vrouwen;Voorschoten;2023;24212;18627;3125;1505;1620;2460;1310;1150;626
8836;Totaal over alle leeftijden;Mannen en vrouwen;Voorschoten;2024;24289;18618;3182;1541;1641;2489;1303;1186;626
8837;Totaal over alle leeftijden;Mannen en vrouwen;Voorschoten;2025;24366;18634;3197;1554;1643;2535;1338;1197;626
8838;Totaal over alle leeftijden;Mannen en vrouwen;Voorst;2008;23394;21472;1216;436;780;706;413;293;285
8839;Totaal over alle leeftijden;Mannen en vrouwen;Voorst;2009;23294;21307;1243;463;780;744;428;316;285
8840;Totaal over alle leeftijden;Mannen en vrouwen;Voorst;2010;23106;21062;1238;460;778;806;458;348;285
8841;Totaal over alle leeftijden;Mannen en vrouwen;Voorst;2011;23026;20925;1255;459;796;846;483;363;285
8842;Totaal over alle leeftijden;Mannen en vrouwen;Voorst;2012;23061;20864;1275;467;808;922;526;396;285
8843;Totaal over alle leeftijden;Mannen en vrouwen;Voorst;2013;22862;20622;1277;459;818;963;539;424;285
8844;Totaal over alle leeftijden;Mannen en vrouwen;Voorst;2014;22705;20439;1276;455;821;990;570;420;285
8845;Totaal over alle leeftijden;Mannen en vrouwen;Voorst;2015;22598;20290;1270;458;812;1038;589;449;285
8846;Totaal over alle leeftijden;Mannen en vrouwen;Voorst;2016;22469;20132;1253;452;801;1084;612;472;285
8847;Totaal over alle leeftijden;Mannen en vrouwen;Voorst;2017;22396;20022;1263;468;795;1111;618;493;285
8848;Totaal over alle leeftijden;Mannen en vrouwen;Voorst;2018;22336;19926;1245;469;776;1165;640;525;285
8849;Totaal over alle leeftijden;Mannen en vrouwen;Voorst;2019;22310;19861;1260;470;790;1189;661;528;285
8850;Totaal over alle leeftijden;Mannen en vrouwen;Voorst;2020;22300;19792;1277;481;796;1231;678;553;285
8851;Totaal over alle leeftijden;Mannen en vrouwen;Voorst;2021;22315;19752;1262;473;789;1301;707;594;285
8852;Totaal over alle leeftijden;Mannen en vrouwen;Voorst;2022;22335;19731;1295;488;807;1309;714;595;285
8853;Totaal over alle leeftijden;Mannen en vrouwen;Voorst;2023;22330;19672;1314;493;821;1344;736;608;285
8854;Totaal over alle leeftijden;Mannen en vrouwen;Voorst;2024;22437;19732;1329;510;819;1376;748;628;285
8855;Totaal over alle leeftijden;Mannen en vrouwen;Voorst;2025;22462;19703;1363;521;842;1396;766;630;285
8856;Totaal over alle leeftijden;Mannen en vrouwen;Vught;2008;25100;21792;2150;669;1481;1158;668;490;865
8857;Totaal over alle leeftijden;Mannen en vrouwen;Vught;2009;25115;21704;2119;667;1452;1292;730;562;865
8858;Totaal over alle leeftijden;Mannen en vrouwen;Vught;2010;25047;21565;2082;653;1429;1400;793;607;865
8859;Totaal over alle leeftijden;Mannen en vrouwen;Vught;2011;24999;21435;2074;657;1417;1490;805;685;865
8860;Totaal over alle leeftijden;Mannen en vrouwen;Vught;2012;24939;21331;2044;652;1392;1564;825;739;865
8861;Totaal over alle leeftijden;Mannen en vrouwen;Vught;2013;24869;21210;2012;656;1356;1647;878;769;865
8862;Totaal over alle leeftijden;Mannen en vrouwen;Vught;2014;24815;21146;1971;656;1315;1698;908;790;865
8863;Totaal over alle leeftijden;Mannen en vrouwen;Vught;2015;24733;20998;1964;657;1307;1771;940;831;865
8864;Totaal over alle leeftijden;Mannen en vrouwen;Vught;2016;24626;20844;1959;673;1286;1823;950;873;865
8865;Totaal over alle leeftijden;Mannen en vrouwen;Vught;2017;24605;20715;1980;701;1279;1910;987;923;865
8866;Totaal over alle leeftijden;Mannen en vrouwen;Vught;2018;24570;20614;1970;701;1269;1986;1029;957;865
8867;Totaal over alle leeftijden;Mannen en vrouwen;Vught;2019;24499;20450;1991;706;1285;2058;1044;1014;865
8868;Totaal over alle leeftijden;Mannen en vrouwen;Vught;2020;24549;20462;1987;730;1257;2100;1068;1032;865
8869;Totaal over alle leeftijden;Mannen en vrouwen;Vught;2021;24607;20446;1979;738;1241;2182;1103;1079;865
8870;Totaal over alle leeftijden;Mannen en vrouwen;Vught;2022;24594;20389;1957;752;1205;2248;1125;1123;865
8871;Totaal over alle leeftijden;Mannen en vrouwen;Vught;2023;24623;20347;1946;753;1193;2330;1158;1172;865
8872;Totaal over alle leeftijden;Mannen en vrouwen;Vught;2024;24629;20320;1936;732;1204;2373;1165;1208;865
8873;Totaal over alle leeftijden;Mannen en vrouwen;Vught;2025;24589;20240;1954;756;1198;2395;1186;1209;865
8874;Totaal over alle leeftijden;Mannen en vrouwen;Waalre;2008;16826;14543;1542;534;1008;741;414;327;866
8875;Totaal over alle leeftijden;Mannen en vrouwen;Waalre;2009;16892;14548;1562;556;1006;782;430;352;866
8876;Totaal over alle leeftijden;Mannen en vrouwen;Waalre;2010;16996;14595;1577;583;994;824;441;383;866
8877;Totaal over alle leeftijden;Mannen en vrouwen;Waalre;2011;16962;14502;1580;589;991;880;469;411;866
8878;Totaal over alle leeftijden;Mannen en vrouwen;Waalre;2012;16985;14447;1602;607;995;936;483;453;866
8879;Totaal over alle leeftijden;Mannen en vrouwen;Waalre;2013;16999;14421;1610;626;984;968;479;489;866
8880;Totaal over alle leeftijden;Mannen en vrouwen;Waalre;2014;16949;14333;1605;626;979;1011;479;532;866
8881;Totaal over alle leeftijden;Mannen en vrouwen;Waalre;2015;16900;14276;1596;637;959;1028;485;543;866
8882;Totaal over alle leeftijden;Mannen en vrouwen;Waalre;2016;16971;14254;1643;662;981;1074;505;569;866
8883;Totaal over alle leeftijden;Mannen en vrouwen;Waalre;2017;16850;14112;1635;662;973;1103;517;586;866
8884;Totaal over alle leeftijden;Mannen en vrouwen;Waalre;2018;16712;13984;1605;655;950;1123;530;593;866
8885;Totaal over alle leeftijden;Mannen en vrouwen;Waalre;2019;16760;13979;1612;671;941;1169;548;621;866
8886;Totaal over alle leeftijden;Mannen en vrouwen;Waalre;2020;16803;13956;1635;676;959;1212;577;635;866
8887;Totaal over alle leeftijden;Mannen en vrouwen;Waalre;2021;16775;13904;1647;680;967;1224;574;650;866
8888;Totaal over alle leeftijden;Mannen en vrouwen;Waalre;2022;16772;13859;1642;676;966;1271;604;667;866
8889;Totaal over alle leeftijden;Mannen en vrouwen;Waalre;2023;16711;13779;1619;672;947;1313;631;682;866
8890;Totaal over alle leeftijden;Mannen en vrouwen;Waalre;2024;16765;13772;1640;680;960;1353;658;695;866
8891;Totaal over alle leeftijden;Mannen en vrouwen;Waalre;2025;16824;13781;1657;694;963;1386;678;708;866
8892;Totaal over alle leeftijden;Mannen en vrouwen;Waalwijk;2008;45857;39675;2953;1186;1767;3229;1791;1438;867
8893;Totaal over alle leeftijden;Mannen en vrouwen;Waalwijk;2009;45871;39612;2951;1188;1763;3308;1833;1475;867
8894;Totaal over alle leeftijden;Mannen en vrouwen;Waalwijk;2010;45804;39462;2961;1202;1759;3381;1862;1519;867
8895;Totaal over alle leeftijden;Mannen en vrouwen;Waalwijk;2011;45747;39372;2931;1185;1746;3444;1898;1546;867
8896;Totaal over alle leeftijden;Mannen en vrouwen;Waalwijk;2012;45651;39247;2935;1201;1734;3469;1929;1540;867
8897;Totaal over alle leeftijden;Mannen en vrouwen;Waalwijk;2013;45617;39131;2925;1195;1730;3561;1979;1582;867
8898;Totaal over alle leeftijden;Mannen en vrouwen;Waalwijk;2014;45476;38911;2935;1205;1730;3630;2006;1624;867
8899;Totaal over alle leeftijden;Mannen en vrouwen;Waalwijk;2015;45489;38841;2954;1185;1769;3694;2033;1661;867
8900;Totaal over alle leeftijden;Mannen en vrouwen;Waalwijk;2016;45497;38739;2965;1180;1785;3793;2086;1707;867
8901;Totaal over alle leeftijden;Mannen en vrouwen;Waalwijk;2017;45427;38588;2964;1166;1798;3875;2108;1767;867
8902;Totaal over alle leeftijden;Mannen en vrouwen;Waalwijk;2018;45399;38472;2992;1186;1806;3935;2156;1779;867
8903;Totaal over alle leeftijden;Mannen en vrouwen;Waalwijk;2019;45467;38361;3048;1213;1835;4058;2222;1836;867
8904;Totaal over alle leeftijden;Mannen en vrouwen;Waalwijk;2020;45519;38286;3094;1216;1878;4139;2251;1888;867
8905;Totaal over alle leeftijden;Mannen en vrouwen;Waalwijk;2021;45512;38158;3114;1228;1886;4240;2299;1941;867
8906;Totaal over alle leeftijden;Mannen en vrouwen;Waalwijk;2022;45537;38085;3074;1209;1865;4378;2336;2042;867
8907;Totaal over alle leeftijden;Mannen en vrouwen;Waalwijk;2023;45483;37894;3081;1206;1875;4508;2402;2106;867
8908;Totaal over alle leeftijden;Mannen en vrouwen;Waalwijk;2024;45511;37752;3125;1225;1900;4634;2469;2165;867
8909;Totaal over alle leeftijden;Mannen en vrouwen;Waalwijk;2025;45621;37766;3149;1246;1903;4706;2483;2223;867
8910;Totaal over alle leeftijden;Mannen en vrouwen;Waddinxveen;2008;25686;22411;1548;572;976;1727;942;785;627
8911;Totaal over alle leeftijden;Mannen en vrouwen;Waddinxveen;2009;25636;22331;1555;579;976;1750;936;814;627
8912;Totaal over alle leeftijden;Mannen en vrouwen;Waddinxveen;2010;25521;22188;1572;580;992;1761;941;820;627
8913;Totaal over alle leeftijden;Mannen en vrouwen;Waddinxveen;2011;25497;22152;1552;563;989;1793;947;846;627
8914;Totaal over alle leeftijden;Mannen en vrouwen;Waddinxveen;2012;25474;22125;1563;571;992;1786;944;842;627
8915;Totaal over alle leeftijden;Mannen en vrouwen;Waddinxveen;2013;25495;22087;1584;581;1003;1824;966;858;627
8916;Totaal over alle leeftijden;Mannen en vrouwen;Waddinxveen;2014;25527;22071;1585;581;1004;1871;992;879;627
8917;Totaal over alle leeftijden;Mannen en vrouwen;Waddinxveen;2015;25599;22105;1612;596;1016;1882;990;892;627
8918;Totaal over alle leeftijden;Mannen en vrouwen;Waddinxveen;2016;25654;22123;1617;597;1020;1914;1005;909;627
8919;Totaal over alle leeftijden;Mannen en vrouwen;Waddinxveen;2017;25661;22101;1592;583;1009;1968;1015;953;627
8920;Totaal over alle leeftijden;Mannen en vrouwen;Waddinxveen;2018;25603;22031;1573;566;1007;1999;1015;984;627
8921;Totaal over alle leeftijden;Mannen en vrouwen;Waddinxveen;2019;25634;21984;1621;585;1036;2029;1037;992;627
8922;Totaal over alle leeftijden;Mannen en vrouwen;Waddinxveen;2020;25686;22001;1603;575;1028;2082;1049;1033;627
8923;Totaal over alle leeftijden;Mannen en vrouwen;Waddinxveen;2021;25693;21981;1623;581;1042;2089;1053;1036;627
8924;Totaal over alle leeftijden;Mannen en vrouwen;Waddinxveen;2022;25696;21943;1623;581;1042;2130;1078;1052;627
8925;Totaal over alle leeftijden;Mannen en vrouwen;Waddinxveen;2023;25693;21879;1663;599;1064;2151;1081;1070;627
8926;Totaal over alle leeftijden;Mannen en vrouwen;Waddinxveen;2024;25708;21838;1667;583;1084;2203;1099;1104;627
8927;Totaal over alle leeftijden;Mannen en vrouwen;Waddinxveen;2025;25804;21914;1663;591;1072;2227;1095;1132;627
8928;Totaal over alle leeftijden;Mannen en vrouwen;Wageningen;2008;36011;26828;4408;2503;1905;4775;3716;1059;289
8929;Totaal over alle leeftijden;Mannen en vrouwen;Wageningen;2009;36258;26867;4431;2455;1976;4960;3835;1125;289
8930;Totaal over alle leeftijden;Mannen en vrouwen;Wageningen;2010;36514;26856;4473;2452;2021;5185;3953;1232;289
8931;Totaal over alle leeftijden;Mannen en vrouwen;Wageningen;2011;36750;26859;4511;2442;2069;5380;4078;1302;289
8932;Totaal over alle leeftijden;Mannen en vrouwen;Wageningen;2012;36997;26851;4550;2441;2109;5596;4209;1387;289
8933;Totaal over alle leeftijden;Mannen en vrouwen;Wageningen;2013;37177;26848;4576;2455;2121;5753;4278;1475;289
8934;Totaal over alle leeftijden;Mannen en vrouwen;Wageningen;2014;37198;26700;4596;2460;2136;5902;4335;1567;289
8935;Totaal over alle leeftijden;Mannen en vrouwen;Wageningen;2015;37260;26631;4589;2456;2133;6040;4390;1650;289
8936;Totaal over alle leeftijden;Mannen en vrouwen;Wageningen;2016;37272;26502;4576;2434;2142;6194;4462;1732;289
8937;Totaal over alle leeftijden;Mannen en vrouwen;Wageningen;2017;37327;26425;4610;2449;2161;6292;4516;1776;289
8938;Totaal over alle leeftijden;Mannen en vrouwen;Wageningen;2018;37406;26359;4628;2454;2174;6419;4589;1830;289
8939;Totaal over alle leeftijden;Mannen en vrouwen;Wageningen;2019;37500;26285;4624;2465;2159;6591;4683;1908;289
8940;Totaal over alle leeftijden;Mannen en vrouwen;Wageningen;2020;37594;26193;4657;2490;2167;6744;4747;1997;289
8941;Totaal over alle leeftijden;Mannen en vrouwen;Wageningen;2021;37703;26121;4673;2507;2166;6909;4813;2096;289
8942;Totaal over alle leeftijden;Mannen en vrouwen;Wageningen;2022;37797;26099;4677;2508;2169;7021;4873;2148;289
8943;Totaal over alle leeftijden;Mannen en vrouwen;Wageningen;2023;37894;26084;4637;2483;2154;7173;4941;2232;289
8944;Totaal over alle leeftijden;Mannen en vrouwen;Wageningen;2024;37977;26014;4671;2524;2147;7292;5009;2283;289
8945;Totaal over alle leeftijden;Mannen en vrouwen;Wageningen;2025;38060;25968;4691;2542;2149;7401;5074;2327;289
8946;Totaal over alle leeftijden;Mannen en vrouwen;Wassenaar;2008;25941;18212;5816;3728;2088;1913;1234;679;629
8947;Totaal over alle leeftijden;Mannen en vrouwen;Wassenaar;2009;26191;18255;5967;3870;2097;1969;1238;731;629
8948;Totaal over alle leeftijden;Mannen en vrouwen;Wassenaar;2010;26270;18149;6099;3988;2111;2022;1251;771;629
8949;Totaal over alle leeftijden;Mannen en vrouwen;Wassenaar;2011;26229;17959;6215;4113;2102;2055;1244;811;629
8950;Totaal over alle leeftijden;Mannen en vrouwen;Wassenaar;2012;26250;17821;6348;4244;2104;2081;1241;840;629
8951;Totaal over alle leeftijden;Mannen en vrouwen;Wassenaar;2013;26054;17520;6468;4367;2101;2066;1206;860;629
8952;Totaal over alle leeftijden;Mannen en vrouwen;Wassenaar;2014;26040;17342;6593;4491;2102;2105;1210;895;629
8953;Totaal over alle leeftijden;Mannen en vrouwen;Wassenaar;2015;25981;17106;6714;4575;2139;2161;1226;935;629
8954;Totaal over alle leeftijden;Mannen en vrouwen;Wassenaar;2016;25837;16827;6814;4653;2161;2196;1248;948;629
8955;Totaal over alle leeftijden;Mannen en vrouwen;Wassenaar;2017;25691;16551;6922;4732;2190;2218;1242;976;629
8956;Totaal over alle leeftijden;Mannen en vrouwen;Wassenaar;2018;25589;16298;7063;4820;2243;2228;1248;980;629
8957;Totaal over alle leeftijden;Mannen en vrouwen;Wassenaar;2019;25559;16139;7172;4880;2292;2248;1238;1010;629
8958;Totaal over alle leeftijden;Mannen en vrouwen;Wassenaar;2020;25483;15911;7292;4934;2358;2280;1264;1016;629
8959;Totaal over alle leeftijden;Mannen en vrouwen;Wassenaar;2021;25408;15657;7423;4974;2449;2328;1279;1049;629
8960;Totaal over alle leeftijden;Mannen en vrouwen;Wassenaar;2022;25343;15457;7541;5022;2519;2345;1269;1076;629
8961;Totaal over alle leeftijden;Mannen en vrouwen;Wassenaar;2023;25260;15203;7689;5092;2597;2368;1284;1084;629
8962;Totaal over alle leeftijden;Mannen en vrouwen;Wassenaar;2024;25290;15082;7783;5109;2674;2425;1305;1120;629
8963;Totaal over alle leeftijden;Mannen en vrouwen;Wassenaar;2025;25312;14900;7954;5175;2779;2458;1314;1144;629
8964;Totaal over alle leeftijden;Mannen en vrouwen;Waterland;2008;17321;15468;1211;393;818;642;337;305;852
8965;Totaal over alle leeftijden;Mannen en vrouwen;Waterland;2009;17414;15472;1216;400;816;726;373;353;852
8966;Totaal over alle leeftijden;Mannen en vrouwen;Waterland;2010;17468;15442;1252;407;845;774;381;393;852
8967;Totaal over alle leeftijden;Mannen en vrouwen;Waterland;2011;17401;15320;1261;413;848;820;399;421;852
8968;Totaal over alle leeftijden;Mannen en vrouwen;Waterland;2012;17398;15254;1261;419;842;883;432;451;852
8969;Totaal over alle leeftijden;Mannen en vrouwen;Waterland;2013;17404;15195;1278;431;847;931;454;477;852
8970;Totaal over alle leeftijden;Mannen en vrouwen;Waterland;2014;17382;15084;1307;450;857;991;485;506;852
8971;Totaal over alle leeftijden;Mannen en vrouwen;Waterland;2015;17309;14941;1325;462;863;1043;510;533;852
8972;Totaal over alle leeftijden;Mannen en vrouwen;Waterland;2016;17289;14855;1365;474;891;1069;523;546;852
8973;Totaal over alle leeftijden;Mannen en vrouwen;Waterland;2017;17284;14794;1353;474;879;1137;551;586;852
8974;Totaal over alle leeftijden;Mannen en vrouwen;Waterland;2018;17272;14718;1377;489;888;1177;569;608;852
8975;Totaal over alle leeftijden;Mannen en vrouwen;Waterland;2019;17289;14673;1402;489;913;1214;598;616;852
8976;Totaal over alle leeftijden;Mannen en vrouwen;Waterland;2020;17279;14570;1435;501;934;1274;627;647;852
8977;Totaal over alle leeftijden;Mannen en vrouwen;Waterland;2021;17335;14560;1447;510;937;1328;655;673;852
8978;Totaal over alle leeftijden;Mannen en vrouwen;Waterland;2022;17391;14544;1477;533;944;1370;668;702;852
8979;Totaal over alle leeftijden;Mannen en vrouwen;Waterland;2023;17304;14402;1499;540;959;1403;678;725;852
8980;Totaal over alle leeftijden;Mannen en vrouwen;Waterland;2024;17341;14391;1511;548;963;1439;691;748;852
8981;Totaal over alle leeftijden;Mannen en vrouwen;Waterland;2025;17463;14432;1541;562;979;1490;717;773;852
8982;Totaal over alle leeftijden;Mannen en vrouwen;Weert;2008;48285;39415;4814;1640;3174;4056;2310;1746;988
8983;Totaal over alle leeftijden;Mannen en vrouwen;Weert;2009;48060;39199;4803;1657;3146;4058;2302;1756;988
8984;Totaal over alle leeftijden;Mannen en vrouwen;Weert;2010;47867;38973;4802;1677;3125;4092;2314;1778;988
8985;Totaal over alle leeftijden;Mannen en vrouwen;Weert;2011;47712;38814;4778;1681;3097;4120;2335;1785;988
8986;Totaal over alle leeftijden;Mannen en vrouwen;Weert;2012;47499;38559;4790;1700;3090;4150;2349;1801;988
8987;Totaal over alle leeftijden;Mannen en vrouwen;Weert;2013;47392;38388;4811;1772;3039;4193;2371;1822;988
8988;Totaal over alle leeftijden;Mannen en vrouwen;Weert;2014;47374;38285;4863;1827;3036;4226;2374;1852;988
8989;Totaal over alle leeftijden;Mannen en vrouwen;Weert;2015;47392;38197;4896;1858;3038;4299;2417;1882;988
8990;Totaal over alle leeftijden;Mannen en vrouwen;Weert;2016;47303;38055;4912;1892;3020;4336;2444;1892;988
8991;Totaal over alle leeftijden;Mannen en vrouwen;Weert;2017;47394;38034;4941;1935;3006;4419;2476;1943;988
8992;Totaal over alle leeftijden;Mannen en vrouwen;Weert;2018;47269;37884;4920;1945;2975;4465;2535;1930;988
8993;Totaal over alle leeftijden;Mannen en vrouwen;Weert;2019;47259;37815;4922;1970;2952;4522;2590;1932;988
8994;Totaal over alle leeftijden;Mannen en vrouwen;Weert;2020;47250;37711;4953;2001;2952;4586;2623;1963;988
8995;Totaal over alle leeftijden;Mannen en vrouwen;Weert;2021;47215;37600;4966;2013;2953;4649;2654;1995;988
8996;Totaal over alle leeftijden;Mannen en vrouwen;Weert;2022;47151;37499;5013;2058;2955;4639;2641;1998;988
8997;Totaal over alle leeftijden;Mannen en vrouwen;Weert;2023;47194;37495;5031;2101;2930;4668;2651;2017;988
8998;Totaal over alle leeftijden;Mannen en vrouwen;Weert;2024;47199;37480;5069;2129;2940;4650;2657;1993;988
8999;Totaal over alle leeftijden;Mannen en vrouwen;Weert;2025;47241;37398;5122;2173;2949;4721;2700;2021;988
9000;Totaal over alle leeftijden;Mannen en vrouwen;Weesp;2008;17512;13469;1824;749;1075;2219;1230;989;457
9001;Totaal over alle leeftijden;Mannen en vrouwen;Weesp;2009;17502;13356;1877;788;1089;2269;1244;1025;457
9002;Totaal over alle leeftijden;Mannen en vrouwen;Weesp;2010;17501;13310;1879;794;1085;2312;1288;1024;457
9003;Totaal over alle leeftijden;Mannen en vrouwen;Weesp;2011;17764;13406;1967;857;1110;2391;1306;1085;457
9004;Totaal over alle leeftijden;Mannen en vrouwen;Weesp;2012;17938;13452;2008;875;1133;2478;1344;1134;457
9005;Totaal over alle leeftijden;Mannen en vrouwen;Weesp;2013;18261;13632;2090;933;1157;2539;1373;1166;457
9006;Totaal over alle leeftijden;Mannen en vrouwen;Weesp;2014;18501;13739;2159;986;1173;2603;1402;1201;457
9007;Totaal over alle leeftijden;Mannen en vrouwen;Weesp;2015;18540;13743;2178;1007;1171;2619;1388;1231;457
9008;Totaal over alle leeftijden;Mannen en vrouwen;Weesp;2016;18535;13659;2223;1061;1162;2653;1404;1249;457
9009;Totaal over alle leeftijden;Mannen en vrouwen;Weesp;2017;18542;13603;2285;1101;1184;2654;1384;1270;457
9010;Totaal over alle leeftijden;Mannen en vrouwen;Weesp;2018;18545;13525;2312;1118;1194;2708;1412;1296;457
9011;Totaal over alle leeftijden;Mannen en vrouwen;Weesp;2019;18586;13537;2346;1127;1219;2703;1408;1295;457
9012;Totaal over alle leeftijden;Mannen en vrouwen;Weesp;2020;18679;13500;2412;1145;1267;2767;1436;1331;457
9013;Totaal over alle leeftijden;Mannen en vrouwen;Weesp;2021;18618;13398;2450;1175;1275;2770;1422;1348;457
9014;Totaal over alle leeftijden;Mannen en vrouwen;Weesp;2022;18566;13313;2467;1181;1286;2786;1417;1369;457
9015;Totaal over alle leeftijden;Mannen en vrouwen;Weesp;2023;18559;13241;2506;1226;1280;2812;1420;1392;457
9016;Totaal over alle leeftijden;Mannen en vrouwen;Weesp;2024;18572;13211;2523;1244;1279;2838;1419;1419;457
9017;Totaal over alle leeftijden;Mannen en vrouwen;Weesp;2025;18559;13166;2541;1275;1266;2852;1432;1420;457
9018;Totaal over alle leeftijden;Mannen en vrouwen;Werkendam;2008;25912;24533;888;297;591;491;284;207;870
9019;Totaal over alle leeftijden;Mannen en vrouwen;Werkendam;2009;25811;24363;890;295;595;558;320;238;870
9020;Totaal over alle leeftijden;Mannen en vrouwen;Werkendam;2010;25796;24268;918;295;623;610;331;279;870
9021;Totaal over alle leeftijden;Mannen en vrouwen;Werkendam;2011;25724;24124;940;303;637;660;356;304;870
9022;Totaal over alle leeftijden;Mannen en vrouwen;Werkendam;2012;25767;24086;975;313;662;706;372;334;870
9023;Totaal over alle leeftijden;Mannen en vrouwen;Werkendam;2013;25777;24005;1029;333;696;743;386;357;870
9024;Totaal over alle leeftijden;Mannen en vrouwen;Werkendam;2014;25747;23894;1071;341;730;782;410;372;870
9025;Totaal over alle leeftijden;Mannen en vrouwen;Werkendam;2015;25767;23822;1108;352;756;837;438;399;870
9026;Totaal over alle leeftijden;Mannen en vrouwen;Werkendam;2016;25781;23750;1141;363;778;890;457;433;870
9027;Totaal over alle leeftijden;Mannen en vrouwen;Werkendam;2017;25829;23732;1145;368;777;952;485;467;870
9028;Totaal over alle leeftijden;Mannen en vrouwen;Werkendam;2018;25818;23685;1133;360;773;1000;511;489;870
9029;Totaal over alle leeftijden;Mannen en vrouwen;Werkendam;2019;25766;23570;1153;368;785;1043;540;503;870
9030;Totaal over alle leeftijden;Mannen en vrouwen;Werkendam;2020;25823;23546;1181;388;793;1096;568;528;870
9031;Totaal over alle leeftijden;Mannen en vrouwen;Werkendam;2021;25872;23496;1200;397;803;1176;594;582;870
9032;Totaal over alle leeftijden;Mannen en vrouwen;Werkendam;2022;25936;23480;1228;422;806;1228;604;624;870
9033;Totaal over alle leeftijden;Mannen en vrouwen;Werkendam;2023;25926;23406;1241;433;808;1279;632;647;870
9034;Totaal over alle leeftijden;Mannen en vrouwen;Werkendam;2024;25988;23354;1267;441;826;1367;670;697;870
9035;Totaal over alle leeftijden;Mannen en vrouwen;Werkendam;2025;26006;23313;1295;447;848;1398;676;722;870
9036;Totaal over alle leeftijden;Mannen en vrouwen;Wervershoof;2008;8506;8011;288;94;194;207;108;99;459
9037;Totaal over alle leeftijden;Mannen en vrouwen;Wervershoof;2009;8498;7977;291;87;204;230;122;108;459
9038;Totaal over alle leeftijden;Mannen en vrouwen;Wervershoof;2010;8502;7980;286;92;194;236;116;120;459
9039;Totaal over alle leeftijden;Mannen en vrouwen;Wervershoof;2011;8452;7913;292;93;199;247;124;123;459
9040;Totaal over alle leeftijden;Mannen en vrouwen;Wervershoof;2012;8428;7842;309;100;209;277;136;141;459
9041;Totaal over alle leeftijden;Mannen en vrouwen;Wervershoof;2013;8418;7827;309;102;207;282;141;141;459
9042;Totaal over alle leeftijden;Mannen en vrouwen;Wervershoof;2014;8393;7786;307;98;209;300;158;142;459
9043;Totaal over alle leeftijden;Mannen en vrouwen;Wervershoof;2015;8397;7760;321;103;218;316;175;141;459
9044;Totaal over alle leeftijden;Mannen en vrouwen;Wervershoof;2016;8391;7732;329;109;220;330;186;144;459
9045;Totaal over alle leeftijden;Mannen en vrouwen;Wervershoof;2017;8335;7674;334;116;218;327;174;153;459
9046;Totaal over alle leeftijden;Mannen en vrouwen;Wervershoof;2018;8308;7642;343;123;220;323;175;148;459
9047;Totaal over alle leeftijden;Mannen en vrouwen;Wervershoof;2019;8301;7615;347;124;223;339;176;163;459
9048;Totaal over alle leeftijden;Mannen en vrouwen;Wervershoof;2020;8243;7534;356;132;224;353;184;169;459
9049;Totaal over alle leeftijden;Mannen en vrouwen;Wervershoof;2021;8200;7478;353;126;227;369;189;180;459
9050;Totaal over alle leeftijden;Mannen en vrouwen;Wervershoof;2022;8177;7443;354;125;229;380;191;189;459
9051;Totaal over alle leeftijden;Mannen en vrouwen;Wervershoof;2023;8226;7471;360;129;231;395;196;199;459
9052;Totaal over alle leeftijden;Mannen en vrouwen;Wervershoof;2024;8243;7455;373;127;246;415;204;211;459
9053;Totaal over alle leeftijden;Mannen en vrouwen;Wervershoof;2025;8204;7388;388;137;251;428;210;218;459
9054;Totaal over alle leeftijden;Mannen en vrouwen;West Maas en Waal;2008;17981;16903;786;195;591;292;169;123;668
9055;Totaal over alle leeftijden;Mannen en vrouwen;West Maas en Waal;2009;17828;16736;787;195;592;305;165;140;668
9056;Totaal over alle leeftijden;Mannen en vrouwen;West Maas en Waal;2010;17740;16630;781;203;578;329;173;156;668
9057;Totaal over alle leeftijden;Mannen en vrouwen;West Maas en Waal;2011;17593;16454;786;202;584;353;187;166;668
9058;Totaal over alle leeftijden;Mannen en vrouwen;West Maas en Waal;2012;17515;16336;790;211;579;389;214;175;668
9059;Totaal over alle leeftijden;Mannen en vrouwen;West Maas en Waal;2013;17458;16234;810;218;592;414;230;184;668
9060;Totaal over alle leeftijden;Mannen en vrouwen;West Maas en Waal;2014;17384;16134;813;219;594;437;237;200;668
9061;Totaal over alle leeftijden;Mannen en vrouwen;West Maas en Waal;2015;17311;16026;810;213;597;475;267;208;668
9062;Totaal over alle leeftijden;Mannen en vrouwen;West Maas en Waal;2016;17287;15968;812;215;597;507;286;221;668
9063;Totaal over alle leeftijden;Mannen en vrouwen;West Maas en Waal;2017;17201;15841;831;232;599;529;287;242;668
9064;Totaal over alle leeftijden;Mannen en vrouwen;West Maas en Waal;2018;17121;15693;848;243;605;580;311;269;668
9065;Totaal over alle leeftijden;Mannen en vrouwen;West Maas en Waal;2019;17056;15589;862;256;606;605;324;281;668
9066;Totaal over alle leeftijden;Mannen en vrouwen;West Maas en Waal;2020;17052;15488;910;284;626;654;342;312;668
9067;Totaal over alle leeftijden;Mannen en vrouwen;West Maas en Waal;2021;17046;15434;922;298;624;690;355;335;668
9068;Totaal over alle leeftijden;Mannen en vrouwen;West Maas en Waal;2022;17043;15414;932;311;621;697;354;343;668
9069;Totaal over alle leeftijden;Mannen en vrouwen;West Maas en Waal;2023;17068;15406;932;315;617;730;370;360;668
9070;Totaal over alle leeftijden;Mannen en vrouwen;West Maas en Waal;2024;17092;15390;939;325;614;763;386;377;668
9071;Totaal over alle leeftijden;Mannen en vrouwen;West Maas en Waal;2025;17074;15346;940;324;616;788;394;394;668
9072;Totaal over alle leeftijden;Mannen en vrouwen;Westerveld;2008;19087;17750;808;312;496;529;289;240;1701
9073;Totaal over alle leeftijden;Mannen en vrouwen;Westerveld;2009;19016;17583;826;311;515;607;307;300;1701
9074;Totaal over alle leeftijden;Mannen en vrouwen;Westerveld;2010;18983;17421;853;322;531;709;334;375;1701
9075;Totaal over alle leeftijden;Mannen en vrouwen;Westerveld;2011;18896;17229;875;331;544;792;359;433;1701
9076;Totaal over alle leeftijden;Mannen en vrouwen;Westerveld;2012;18805;17030;893;340;553;882;377;505;1701
9077;Totaal over alle leeftijden;Mannen en vrouwen;Westerveld;2013;18777;16899;919;357;562;959;407;552;1701
9078;Totaal over alle leeftijden;Mannen en vrouwen;Westerveld;2014;18660;16734;911;354;557;1015;429;586;1701
9079;Totaal over alle leeftijden;Mannen en vrouwen;Westerveld;2015;18551;16560;919;353;566;1072;450;622;1701
9080;Totaal over alle leeftijden;Mannen en vrouwen;Westerveld;2016;18507;16409;950;368;582;1148;483;665;1701
9081;Totaal over alle leeftijden;Mannen en vrouwen;Westerveld;2017;18376;16215;949;367;582;1212;513;699;1701
9082;Totaal over alle leeftijden;Mannen en vrouwen;Westerveld;2018;18356;16135;937;364;573;1284;534;750;1701
9083;Totaal over alle leeftijden;Mannen en vrouwen;Westerveld;2019;18326;16019;942;357;585;1365;556;809;1701
9084;Totaal over alle leeftijden;Mannen en vrouwen;Westerveld;2020;18288;15897;953;375;578;1438;581;857;1701
9085;Totaal over alle leeftijden;Mannen en vrouwen;Westerveld;2021;18204;15739;955;377;578;1510;609;901;1701
9086;Totaal over alle leeftijden;Mannen en vrouwen;Westerveld;2022;18154;15643;976;404;572;1535;617;918;1701
9087;Totaal over alle leeftijden;Mannen en vrouwen;Westerveld;2023;18066;15483;992;419;573;1591;641;950;1701
9088;Totaal over alle leeftijden;Mannen en vrouwen;Westerveld;2024;18032;15375;1013;431;582;1644;667;977;1701
9089;Totaal over alle leeftijden;Mannen en vrouwen;Westerveld;2025;18031;15309;1007;425;582;1715;677;1038;1701
9090;Totaal over alle leeftijden;Mannen en vrouwen;Westervoort;2008;15489;13070;1451;440;1011;968;546;422;293
9091;Totaal over alle leeftijden;Mannen en vrouwen;Westervoort;2009;15280;12853;1419;434;985;1008;568;440;293
9092;Totaal over alle leeftijden;Mannen en vrouwen;Westervoort;2010;15137;12722;1411;445;966;1004;562;442;293
9093;Totaal over alle leeftijden;Mannen en vrouwen;Westervoort;2011;15023;12589;1398;446;952;1036;578;458;293
9094;Totaal over alle leeftijden;Mannen en vrouwen;Westervoort;2012;14941;12526;1367;437;930;1048;583;465;293
9095;Totaal over alle leeftijden;Mannen en vrouwen;Westervoort;2013;14849;12426;1349;428;921;1074;574;500;293
9096;Totaal over alle leeftijden;Mannen en vrouwen;Westervoort;2014;14754;12327;1338;432;906;1089;576;513;293
9097;Totaal over alle leeftijden;Mannen en vrouwen;Westervoort;2015;14608;12204;1316;431;885;1088;578;510;293
9098;Totaal over alle leeftijden;Mannen en vrouwen;Westervoort;2016;14512;12091;1326;447;879;1095;584;511;293
9099;Totaal over alle leeftijden;Mannen en vrouwen;Westervoort;2017;14465;12018;1337;464;873;1110;588;522;293
9100;Totaal over alle leeftijden;Mannen en vrouwen;Westervoort;2018;14354;11921;1302;443;859;1131;601;530;293
9101;Totaal over alle leeftijden;Mannen en vrouwen;Westervoort;2019;14281;11834;1302;456;846;1145;599;546;293
9102;Totaal over alle leeftijden;Mannen en vrouwen;Westervoort;2020;14206;11741;1289;445;844;1176;620;556;293
9103;Totaal over alle leeftijden;Mannen en vrouwen;Westervoort;2021;14125;11664;1251;438;813;1210;634;576;293
9104;Totaal over alle leeftijden;Mannen en vrouwen;Westervoort;2022;14073;11610;1256;428;828;1207;621;586;293
9105;Totaal over alle leeftijden;Mannen en vrouwen;Westervoort;2023;13946;11498;1228;417;811;1220;615;605;293
9106;Totaal over alle leeftijden;Mannen en vrouwen;Westervoort;2024;13871;11412;1220;419;801;1239;626;613;293
9107;Totaal over alle leeftijden;Mannen en vrouwen;Westervoort;2025;13770;11334;1188;412;776;1248;636;612;293
9108;Totaal over alle leeftijden;Mannen en vrouwen;Westland;2008;98444;88717;4857;1846;3011;4870;2655;2215;1783
9109;Totaal over alle leeftijden;Mannen en vrouwen;Westland;2009;98387;88236;4937;1874;3063;5214;2788;2426;1783
9110;Totaal over alle leeftijden;Mannen en vrouwen;Westland;2010;98413;87758;5024;1921;3103;5631;2975;2656;1783
9111;Totaal over alle leeftijden;Mannen en vrouwen;Westland;2011;98911;87601;5249;2038;3211;6061;3139;2922;1783
9112;Totaal over alle leeftijden;Mannen en vrouwen;Westland;2012;99523;87508;5465;2166;3299;6550;3328;3222;1783
9113;Totaal over alle leeftijden;Mannen en vrouwen;Westland;2013;100257;87470;5750;2303;3447;7037;3527;3510;1783
9114;Totaal over alle leeftijden;Mannen en vrouwen;Westland;2014;100890;87434;6017;2472;3545;7439;3691;3748;1783
9115;Totaal over alle leeftijden;Mannen en vrouwen;Westland;2015;101726;87535;6306;2636;3670;7885;3854;4031;1783
9116;Totaal over alle leeftijden;Mannen en vrouwen;Westland;2016;102492;87600;6571;2776;3795;8321;3998;4323;1783
9117;Totaal over alle leeftijden;Mannen en vrouwen;Westland;2017;103417;87796;6861;2946;3915;8760;4148;4612;1783
9118;Totaal over alle leeftijden;Mannen en vrouwen;Westland;2018;103813;87648;7095;3045;4050;9070;4264;4806;1783
9119;Totaal over alle leeftijden;Mannen en vrouwen;Westland;2019;104186;87408;7307;3156;4151;9471;4388;5083;1783
9120;Totaal over alle leeftijden;Mannen en vrouwen;Westland;2020;104498;87231;7567;3306;4261;9700;4485;5215;1783
9121;Totaal over alle leeftijden;Mannen en vrouwen;Westland;2021;104935;87127;7757;3402;4355;10051;4639;5412;1783
9122;Totaal over alle leeftijden;Mannen en vrouwen;Westland;2022;105396;87007;7994;3529;4465;10395;4802;5593;1783
9123;Totaal over alle leeftijden;Mannen en vrouwen;Westland;2023;105898;86980;8241;3648;4593;10677;4919;5758;1783
9124;Totaal over alle leeftijden;Mannen en vrouwen;Westland;2024;106219;86793;8498;3809;4689;10928;5056;5872;1783
9125;Totaal over alle leeftijden;Mannen en vrouwen;Westland;2025;106683;86745;8742;3934;4808;11196;5179;6017;1783
9126;Totaal over alle leeftijden;Mannen en vrouwen;Weststellingwerf;2008;25279;23468;1052;327;725;759;450;309;98
9127;Totaal over alle leeftijden;Mannen en vrouwen;Weststellingwerf;2009;25199;23354;1049;308;741;796;458;338;98
9128;Totaal over alle leeftijden;Mannen en vrouwen;Weststellingwerf;2010;25176;23291;1056;306;750;829;483;346;98
9129;Totaal over alle leeftijden;Mannen en vrouwen;Weststellingwerf;2011;25168;23223;1077;317;760;868;501;367;98
9130;Totaal over alle leeftijden;Mannen en vrouwen;Weststellingwerf;2012;25183;23187;1079;313;766;917;524;393;98
9131;Totaal over alle leeftijden;Mannen en vrouwen;Weststellingwerf;2013;25102;23051;1082;305;777;969;554;415;98
9132;Totaal over alle leeftijden;Mannen en vrouwen;Weststellingwerf;2014;25045;22971;1078;301;777;996;572;424;98
9133;Totaal over alle leeftijden;Mannen en vrouwen;Weststellingwerf;2015;25083;22947;1111;311;800;1025;588;437;98
9134;Totaal over alle leeftijden;Mannen en vrouwen;Weststellingwerf;2016;25052;22898;1121;309;812;1033;587;446;98
9135;Totaal over alle leeftijden;Mannen en vrouwen;Weststellingwerf;2017;25058;22877;1127;305;822;1054;601;453;98
9136;Totaal over alle leeftijden;Mannen en vrouwen;Weststellingwerf;2018;25024;22838;1128;314;814;1058;592;466;98
9137;Totaal over alle leeftijden;Mannen en vrouwen;Weststellingwerf;2019;24925;22690;1144;325;819;1091;611;480;98
9138;Totaal over alle leeftijden;Mannen en vrouwen;Weststellingwerf;2020;24976;22689;1142;316;826;1145;640;505;98
9139;Totaal over alle leeftijden;Mannen en vrouwen;Weststellingwerf;2021;24867;22537;1147;325;822;1183;663;520;98
9140;Totaal over alle leeftijden;Mannen en vrouwen;Weststellingwerf;2022;24892;22489;1173;329;844;1230;693;537;98
9141;Totaal over alle leeftijden;Mannen en vrouwen;Weststellingwerf;2023;24947;22496;1194;346;848;1257;709;548;98
9142;Totaal over alle leeftijden;Mannen en vrouwen;Weststellingwerf;2024;24906;22444;1188;340;848;1274;716;558;98
9143;Totaal over alle leeftijden;Mannen en vrouwen;Weststellingwerf;2025;24962;22457;1197;348;849;1308;728;580;98
9144;Totaal over alle leeftijden;Mannen en vrouwen;Westvoorne;2008;13869;12528;948;358;590;393;185;208;614
9145;Totaal over alle leeftijden;Mannen en vrouwen;Westvoorne;2009;13678;12301;958;370;588;419;203;216;614
9146;Totaal over alle leeftijden;Mannen en vrouwen;Westvoorne;2010;13565;12153;949;360;589;463;212;251;614
9147;Totaal over alle leeftijden;Mannen en vrouwen;Westvoorne;2011;13527;12073;941;363;578;513;226;287;614
9148;Totaal over alle leeftijden;Mannen en vrouwen;Westvoorne;2012;13456;11978;929;361;568;549;255;294;614
9149;Totaal over alle leeftijden;Mannen en vrouwen;Westvoorne;2013;13291;11793;933;363;570;565;270;295;614
9150;Totaal over alle leeftijden;Mannen en vrouwen;Westvoorne;2014;13288;11754;924;360;564;610;292;318;614
9151;Totaal over alle leeftijden;Mannen en vrouwen;Westvoorne;2015;13228;11672;920;362;558;636;297;339;614
9152;Totaal over alle leeftijden;Mannen en vrouwen;Westvoorne;2016;13123;11535;932;359;573;656;303;353;614
9153;Totaal over alle leeftijden;Mannen en vrouwen;Westvoorne;2017;13074;11438;936;361;575;700;325;375;614
9154;Totaal over alle leeftijden;Mannen en vrouwen;Westvoorne;2018;13020;11351;942;358;584;727;348;379;614
9155;Totaal over alle leeftijden;Mannen en vrouwen;Westvoorne;2019;12989;11266;947;350;597;776;365;411;614
9156;Totaal over alle leeftijden;Mannen en vrouwen;Westvoorne;2020;12928;11167;965;362;603;796;379;417;614
9157;Totaal over alle leeftijden;Mannen en vrouwen;Westvoorne;2021;12906;11100;970;364;606;836;394;442;614
9158;Totaal over alle leeftijden;Mannen en vrouwen;Westvoorne;2022;12879;11053;970;354;616;856;395;461;614
9159;Totaal over alle leeftijden;Mannen en vrouwen;Westvoorne;2023;12863;11018;965;359;606;880;410;470;614
9160;Totaal over alle leeftijden;Mannen en vrouwen;Westvoorne;2024;12837;10967;958;356;602;912;425;487;614
9161;Totaal over alle leeftijden;Mannen en vrouwen;Westvoorne;2025;12884;10962;991;364;627;931;431;500;614
9162;Totaal over alle leeftijden;Mannen en vrouwen;Wierden;2008;22970;21345;1160;423;737;465;274;191;189
9163;Totaal over alle leeftijden;Mannen en vrouwen;Wierden;2009;22807;21137;1147;407;740;523;300;223;189
9164;Totaal over alle leeftijden;Mannen en vrouwen;Wierden;2010;22716;20989;1151;407;744;576;325;251;189
9165;Totaal over alle leeftijden;Mannen en vrouwen;Wierden;2011;22717;20923;1158;406;752;636;357;279;189
9166;Totaal over alle leeftijden;Mannen en vrouwen;Wierden;2012;22729;20867;1168;413;755;694;391;303;189
9167;Totaal over alle leeftijden;Mannen en vrouwen;Wierden;2013;22561;20658;1157;405;752;746;422;324;189
9168;Totaal over alle leeftijden;Mannen en vrouwen;Wierden;2014;22554;20594;1166;403;763;794;436;358;189
9169;Totaal over alle leeftijden;Mannen en vrouwen;Wierden;2015;22426;20444;1173;411;762;809;443;366;189
9170;Totaal over alle leeftijden;Mannen en vrouwen;Wierden;2016;22354;20324;1171;407;764;859;464;395;189
9171;Totaal over alle leeftijden;Mannen en vrouwen;Wierden;2017;22334;20251;1165;404;761;918;495;423;189
9172;Totaal over alle leeftijden;Mannen en vrouwen;Wierden;2018;22348;20218;1173;414;759;957;516;441;189
9173;Totaal over alle leeftijden;Mannen en vrouwen;Wierden;2019;22420;20246;1176;426;750;998;531;467;189
9174;Totaal over alle leeftijden;Mannen en vrouwen;Wierden;2020;22420;20219;1179;432;747;1022;540;482;189
9175;Totaal over alle leeftijden;Mannen en vrouwen;Wierden;2021;22483;20217;1197;423;774;1069;564;505;189
9176;Totaal over alle leeftijden;Mannen en vrouwen;Wierden;2022;22426;20118;1203;419;784;1105;578;527;189
9177;Totaal over alle leeftijden;Mannen en vrouwen;Wierden;2023;22438;20096;1218;431;787;1124;590;534;189
9178;Totaal over alle leeftijden;Mannen en vrouwen;Wierden;2024;22425;20045;1211;433;778;1169;597;572;189
9179;Totaal over alle leeftijden;Mannen en vrouwen;Wierden;2025;22431;20003;1219;431;788;1209;622;587;189
9180;Totaal over alle leeftijden;Mannen en vrouwen;Wieringen;2008;8749;8089;439;135;304;221;129;92;462
9181;Totaal over alle leeftijden;Mannen en vrouwen;Wieringen;2009;8797;8108;451;133;318;238;139;99;462
9182;Totaal over alle leeftijden;Mannen en vrouwen;Wieringen;2010;8831;8127;447;137;310;257;142;115;462
9183;Totaal over alle leeftijden;Mannen en vrouwen;Wieringen;2011;8858;8117;477;154;323;264;143;121;462
9184;Totaal over alle leeftijden;Mannen en vrouwen;Wieringen;2012;8792;8053;459;146;313;280;145;135;462
9185;Totaal over alle leeftijden;Mannen en vrouwen;Wieringen;2013;8781;8041;449;144;305;291;154;137;462
9186;Totaal over alle leeftijden;Mannen en vrouwen;Wieringen;2014;8757;7993;462;140;322;302;162;140;462
9187;Totaal over alle leeftijden;Mannen en vrouwen;Wieringen;2015;8793;8003;460;142;318;330;169;161;462
9188;Totaal over alle leeftijden;Mannen en vrouwen;Wieringen;2016;8834;8038;457;139;318;339;170;169;462
9189;Totaal over alle leeftijden;Mannen en vrouwen;Wieringen;2017;8866;8045;460;147;313;361;182;179;462
9190;Totaal over alle leeftijden;Mannen en vrouwen;Wieringen;2018;8854;8017;468;149;319;369;186;183;462
9191;Totaal over alle leeftijden;Mannen en vrouwen;Wieringen;2019;8868;7993;491;158;333;384;193;191;462
9192;Totaal over alle leeftijden;Mannen en vrouwen;Wieringen;2020;8897;8006;503;168;335;388;191;197;462
9193;Totaal over alle leeftijden;Mannen en vrouwen;Wieringen;2021;8822;7935;496;168;328;391;190;201;462
9194;Totaal over alle leeftijden;Mannen en vrouwen;Wieringen;2022;8920;7994;521;181;340;405;187;218;462
9195;Totaal over alle leeftijden;Mannen en vrouwen;Wieringen;2023;8915;7960;542;195;347;413;185;228;462
9196;Totaal over alle leeftijden;Mannen en vrouwen;Wieringen;2024;8918;7950;541;199;342;427;194;233;462
9197;Totaal over alle leeftijden;Mannen en vrouwen;Wieringen;2025;8966;7966;548;203;345;452;203;249;462
9198;Totaal over alle leeftijden;Mannen en vrouwen;Wieringermeer;2008;12532;11461;675;249;426;396;225;171;463
9199;Totaal over alle leeftijden;Mannen en vrouwen;Wieringermeer;2009;12513;11414;668;245;423;431;244;187;463
9200;Totaal over alle leeftijden;Mannen en vrouwen;Wieringermeer;2010;12502;11388;664;234;430;450;250;200;463
9201;Totaal over alle leeftijden;Mannen en vrouwen;Wieringermeer;2011;12735;11578;676;241;435;481;272;209;463
9202;Totaal over alle leeftijden;Mannen en vrouwen;Wieringermeer;2012;12992;11781;702;249;453;509;284;225;463
9203;Totaal over alle leeftijden;Mannen en vrouwen;Wieringermeer;2013;13179;11904;712;243;469;563;304;259;463
9204;Totaal over alle leeftijden;Mannen en vrouwen;Wieringermeer;2014;13368;12028;724;242;482;616;327;289;463
9205;Totaal over alle leeftijden;Mannen en vrouwen;Wieringermeer;2015;13591;12207;735;236;499;649;339;310;463
9206;Totaal over alle leeftijden;Mannen en vrouwen;Wieringermeer;2016;13692;12253;747;241;506;692;342;350;463
9207;Totaal over alle leeftijden;Mannen en vrouwen;Wieringermeer;2017;13787;12332;748;241;507;707;355;352;463
9208;Totaal over alle leeftijden;Mannen en vrouwen;Wieringermeer;2018;13905;12429;761;245;516;715;371;344;463
9209;Totaal over alle leeftijden;Mannen en vrouwen;Wieringermeer;2019;14022;12510;777;248;529;735;376;359;463
9210;Totaal over alle leeftijden;Mannen en vrouwen;Wieringermeer;2020;14117;12581;786;255;531;750;388;362;463
9211;Totaal over alle leeftijden;Mannen en vrouwen;Wieringermeer;2021;14215;12629;804;269;535;782;414;368;463
9212;Totaal over alle leeftijden;Mannen en vrouwen;Wieringermeer;2022;14397;12732;847;292;555;818;438;380;463
9213;Totaal over alle leeftijden;Mannen en vrouwen;Wieringermeer;2023;14417;12729;850;292;558;838;432;406;463
9214;Totaal over alle leeftijden;Mannen en vrouwen;Wieringermeer;2024;14473;12747;863;304;559;863;444;419;463
9215;Totaal over alle leeftijden;Mannen en vrouwen;Wieringermeer;2025;14558;12785;875;319;556;898;451;447;463
9216;Totaal over alle leeftijden;Mannen en vrouwen;Wijchen;2008;39269;34888;2810;871;1939;1571;851;720;296
9217;Totaal over alle leeftijden;Mannen en vrouwen;Wijchen;2009;39246;34753;2833;860;1973;1660;912;748;296
9218;Totaal over alle leeftijden;Mannen en vrouwen;Wijchen;2010;39258;34668;2848;857;1991;1742;973;769;296
9219;Totaal over alle leeftijden;Mannen en vrouwen;Wijchen;2011;39185;34567;2830;859;1971;1788;1003;785;296
9220;Totaal over alle leeftijden;Mannen en vrouwen;Wijchen;2012;39314;34567;2839;867;1972;1908;1061;847;296
9221;Totaal over alle leeftijden;Mannen en vrouwen;Wijchen;2013;39245;34407;2859;878;1981;1979;1089;890;296
9222;Totaal over alle leeftijden;Mannen en vrouwen;Wijchen;2014;39124;34249;2848;894;1954;2027;1133;894;296
9223;Totaal over alle leeftijden;Mannen en vrouwen;Wijchen;2015;38986;34090;2814;887;1927;2082;1150;932;296
9224;Totaal over alle leeftijden;Mannen en vrouwen;Wijchen;2016;38951;33996;2840;905;1935;2115;1149;966;296
9225;Totaal over alle leeftijden;Mannen en vrouwen;Wijchen;2017;38904;33878;2856;924;1932;2170;1158;1012;296
9226;Totaal over alle leeftijden;Mannen en vrouwen;Wijchen;2018;38896;33759;2886;955;1931;2251;1199;1052;296
9227;Totaal over alle leeftijden;Mannen en vrouwen;Wijchen;2019;38717;33540;2871;965;1906;2306;1223;1083;296
9228;Totaal over alle leeftijden;Mannen en vrouwen;Wijchen;2020;38562;33367;2848;957;1891;2347;1228;1119;296
9229;Totaal over alle leeftijden;Mannen en vrouwen;Wijchen;2021;38474;33205;2867;975;1892;2402;1245;1157;296
9230;Totaal over alle leeftijden;Mannen en vrouwen;Wijchen;2022;38310;32996;2850;978;1872;2464;1276;1188;296
9231;Totaal over alle leeftijden;Mannen en vrouwen;Wijchen;2023;38171;32788;2854;995;1859;2529;1301;1228;296
9232;Totaal over alle leeftijden;Mannen en vrouwen;Wijchen;2024;38063;32597;2864;1015;1849;2602;1317;1285;296
9233;Totaal over alle leeftijden;Mannen en vrouwen;Wijchen;2025;37984;32433;2889;1035;1854;2662;1341;1321;296
9234;Totaal over alle leeftijden;Mannen en vrouwen;Wijdemeren;2008;23530;20799;1844;613;1231;887;459;428;1696
9235;Totaal over alle leeftijden;Mannen en vrouwen;Wijdemeren;2009;23451;20650;1817;604;1213;984;499;485;1696
9236;Totaal over alle leeftijden;Mannen en vrouwen;Wijdemeren;2010;23398;20519;1819;609;1210;1060;504;556;1696
9237;Totaal over alle leeftijden;Mannen en vrouwen;Wijdemeren;2011;23312;20358;1840;617;1223;1114;517;597;1696
9238;Totaal over alle leeftijden;Mannen en vrouwen;Wijdemeren;2012;23209;20168;1859;637;1222;1182;541;641;1696
9239;Totaal over alle leeftijden;Mannen en vrouwen;Wijdemeren;2013;23223;20134;1855;649;1206;1234;562;672;1696
9240;Totaal over alle leeftijden;Mannen en vrouwen;Wijdemeren;2014;23188;20005;1868;656;1212;1315;588;727;1696
9241;Totaal over alle leeftijden;Mannen en vrouwen;Wijdemeren;2015;23104;19834;1903;678;1225;1367;620;747;1696
9242;Totaal over alle leeftijden;Mannen en vrouwen;Wijdemeren;2016;22990;19648;1906;673;1233;1436;643;793;1696
9243;Totaal over alle leeftijden;Mannen en vrouwen;Wijdemeren;2017;22995;19554;1915;675;1240;1526;696;830;1696
9244;Totaal over alle leeftijden;Mannen en vrouwen;Wijdemeren;2018;22982;19477;1936;689;1247;1569;721;848;1696
9245;Totaal over alle leeftijden;Mannen en vrouwen;Wijdemeren;2019;22849;19330;1954;709;1245;1565;694;871;1696
9246;Totaal over alle leeftijden;Mannen en vrouwen;Wijdemeren;2020;22760;19185;1942;702;1240;1633;730;903;1696
9247;Totaal over alle leeftijden;Mannen en vrouwen;Wijdemeren;2021;22762;19083;1973;731;1242;1706;760;946;1696
9248;Totaal over alle leeftijden;Mannen en vrouwen;Wijdemeren;2022;22802;19046;2021;750;1271;1735;752;983;1696
9249;Totaal over alle leeftijden;Mannen en vrouwen;Wijdemeren;2023;22750;18914;2034;757;1277;1802;788;1014;1696
9250;Totaal over alle leeftijden;Mannen en vrouwen;Wijdemeren;2024;22613;18750;2047;782;1265;1816;799;1017;1696
9251;Totaal over alle leeftijden;Mannen en vrouwen;Wijdemeren;2025;22625;18679;2047;785;1262;1899;851;1048;1696
9252;Totaal over alle leeftijden;Mannen en vrouwen;Wijk bij Duurstede;2008;23269;20821;1483;461;1022;965;507;458;352
9253;Totaal over alle leeftijden;Mannen en vrouwen;Wijk bij Duurstede;2009;23152;20714;1475;472;1003;963;501;462;352
9254;Totaal over alle leeftijden;Mannen en vrouwen;Wijk bij Duurstede;2010;23082;20615;1474;488;986;993;523;470;352
9255;Totaal over alle leeftijden;Mannen en vrouwen;Wijk bij Duurstede;2011;22898;20442;1469;483;986;987;524;463;352
9256;Totaal over alle leeftijden;Mannen en vrouwen;Wijk bij Duurstede;2012;22792;20298;1455;476;979;1039;557;482;352
9257;Totaal over alle leeftijden;Mannen en vrouwen;Wijk bij Duurstede;2013;22621;20091;1458;475;983;1072;560;512;352
9258;Totaal over alle leeftijden;Mannen en vrouwen;Wijk bij Duurstede;2014;22519;19973;1446;473;973;1100;577;523;352
9259;Totaal over alle leeftijden;Mannen en vrouwen;Wijk bij Duurstede;2015;22431;19842;1460;491;969;1129;600;529;352
9260;Totaal over alle leeftijden;Mannen en vrouwen;Wijk bij Duurstede;2016;22294;19668;1455;493;962;1171;617;554;352
9261;Totaal over alle leeftijden;Mannen en vrouwen;Wijk bij Duurstede;2017;22133;19469;1460;500;960;1204;649;555;352
9262;Totaal over alle leeftijden;Mannen en vrouwen;Wijk bij Duurstede;2018;22019;19322;1458;512;946;1239;670;569;352
9263;Totaal over alle leeftijden;Mannen en vrouwen;Wijk bij Duurstede;2019;21941;19237;1442;509;933;1262;666;596;352
9264;Totaal over alle leeftijden;Mannen en vrouwen;Wijk bij Duurstede;2020;21813;19072;1457;520;937;1284;685;599;352
9265;Totaal over alle leeftijden;Mannen en vrouwen;Wijk bij Duurstede;2021;21762;18995;1457;530;927;1310;692;618;352
9266;Totaal over alle leeftijden;Mannen en vrouwen;Wijk bij Duurstede;2022;21696;18932;1447;521;926;1317;695;622;352
9267;Totaal over alle leeftijden;Mannen en vrouwen;Wijk bij Duurstede;2023;21618;18843;1457;529;928;1318;699;619;352
9268;Totaal over alle leeftijden;Mannen en vrouwen;Wijk bij Duurstede;2024;21527;18721;1437;507;930;1369;736;633;352
9269;Totaal over alle leeftijden;Mannen en vrouwen;Wijk bij Duurstede;2025;21519;18666;1450;528;922;1403;737;666;352
9270;Totaal over alle leeftijden;Mannen en vrouwen;Winschoten;2008;18170;15971;1383;613;770;816;506;310;52
9271;Totaal over alle leeftijden;Mannen en vrouwen;Winschoten;2009;18068;15875;1357;597;760;836;515;321;52
9272;Totaal over alle leeftijden;Mannen en vrouwen;Winschoten;2010;17991;15775;1346;598;748;870;531;339;52
9273;Totaal over alle leeftijden;Mannen en vrouwen;Winschoten;2011;17930;15708;1334;586;748;888;537;351;52
9274;Totaal over alle leeftijden;Mannen en vrouwen;Winschoten;2012;17882;15648;1318;583;735;916;557;359;52
9275;Totaal over alle leeftijden;Mannen en vrouwen;Winschoten;2013;17807;15558;1303;578;725;946;573;373;52
9276;Totaal over alle leeftijden;Mannen en vrouwen;Winschoten;2014;17751;15478;1306;589;717;967;580;387;52
9277;Totaal over alle leeftijden;Mannen en vrouwen;Winschoten;2015;17698;15406;1302;597;705;990;587;403;52
9278;Totaal over alle leeftijden;Mannen en vrouwen;Winschoten;2016;17628;15285;1309;607;702;1034;611;423;52
9279;Totaal over alle leeftijden;Mannen en vrouwen;Winschoten;2017;17539;15213;1284;597;687;1042;608;434;52
9280;Totaal over alle leeftijden;Mannen en vrouwen;Winschoten;2018;17465;15156;1254;582;672;1055;596;459;52
9281;Totaal over alle leeftijden;Mannen en vrouwen;Winschoten;2019;17395;15071;1243;581;662;1081;606;475;52
9282;Totaal over alle leeftijden;Mannen en vrouwen;Winschoten;2020;17402;15030;1249;582;667;1123;631;492;52
9283;Totaal over alle leeftijden;Mannen en vrouwen;Winschoten;2021;17345;14950;1265;582;683;1130;644;486;52
9284;Totaal over alle leeftijden;Mannen en vrouwen;Winschoten;2022;17306;14880;1243;558;685;1183;680;503;52
9285;Totaal over alle leeftijden;Mannen en vrouwen;Winschoten;2023;17209;14765;1241;555;686;1203;694;509;52
9286;Totaal over alle leeftijden;Mannen en vrouwen;Winschoten;2024;17113;14657;1234;560;674;1222;715;507;52
9287;Totaal over alle leeftijden;Mannen en vrouwen;Winschoten;2025;17070;14591;1215;558;657;1264;728;536;52
9288;Totaal over alle leeftijden;Mannen en vrouwen;Winsum;2008;14142;13171;607;197;410;364;209;155;53
9289;Totaal over alle leeftijden;Mannen en vrouwen;Winsum;2009;14134;13137;606;199;407;391;225;166;53
9290;Totaal over alle leeftijden;Mannen en vrouwen;Winsum;2010;14079;13076;605;187;418;398;228;170;53
9291;Totaal over alle leeftijden;Mannen en vrouwen;Winsum;2011;14047;13040;592;188;404;415;236;179;53
9292;Totaal over alle leeftijden;Mannen en vrouwen;Winsum;2012;14028;12990;598;191;407;440;246;194;53
9293;Totaal over alle leeftijden;Mannen en vrouwen;Winsum;2013;13954;12900;597;189;408;457;245;212;53
9294;Totaal over alle leeftijden;Mannen en vrouwen;Winsum;2014;13971;12897;593;189;404;481;252;229;53
9295;Totaal over alle leeftijden;Mannen en vrouwen;Winsum;2015;14007;12872;608;197;411;527;274;253;53
9296;Totaal over alle leeftijden;Mannen en vrouwen;Winsum;2016;14061;12911;610;200;410;540;272;268;53
9297;Totaal over alle leeftijden;Mannen en vrouwen;Winsum;2017;14059;12915;601;190;411;543;270;273;53
9298;Totaal over alle leeftijden;Mannen en vrouwen;Winsum;2018;14067;12882;601;191;410;584;288;296;53
9299;Totaal over alle leeftijden;Mannen en vrouwen;Winsum;2019;14093;12876;602;185;417;615;307;308;53
9300;Totaal over alle leeftijden;Mannen en vrouwen;Winsum;2020;14088;12842;625;190;435;621;305;316;53
9301;Totaal over alle leeftijden;Mannen en vrouwen;Winsum;2021;14074;12809;633;195;438;632;297;335;53
9302;Totaal over alle leeftijden;Mannen en vrouwen;Winsum;2022;14096;12795;650;200;450;651;307;344;53
9303;Totaal over alle leeftijden;Mannen en vrouwen;Winsum;2023;14113;12789;656;199;457;668;314;354;53
9304;Totaal over alle leeftijden;Mannen en vrouwen;Winsum;2024;14116;12764;660;197;463;692;330;362;53
9305;Totaal over alle leeftijden;Mannen en vrouwen;Winsum;2025;14164;12804;654;196;458;706;344;362;53
9306;Totaal over alle leeftijden;Mannen en vrouwen;Winterswijk;2008;29197;25118;2616;1009;1607;1463;871;592;294
9307;Totaal over alle leeftijden;Mannen en vrouwen;Winterswijk;2009;29226;25121;2592;1008;1584;1513;897;616;294
9308;Totaal over alle leeftijden;Mannen en vrouwen;Winterswijk;2010;29274;25161;2578;1003;1575;1535;894;641;294
9309;Totaal over alle leeftijden;Mannen en vrouwen;Winterswijk;2011;29332;25169;2553;985;1568;1610;925;685;294
9310;Totaal over alle leeftijden;Mannen en vrouwen;Winterswijk;2012;29355;25154;2553;989;1564;1648;925;723;294
9311;Totaal over alle leeftijden;Mannen en vrouwen;Winterswijk;2013;29344;25090;2546;998;1548;1708;967;741;294
9312;Totaal over alle leeftijden;Mannen en vrouwen;Winterswijk;2014;29355;25047;2550;1003;1547;1758;969;789;294
9313;Totaal over alle leeftijden;Mannen en vrouwen;Winterswijk;2015;29356;25014;2529;981;1548;1813;994;819;294
9314;Totaal over alle leeftijden;Mannen en vrouwen;Winterswijk;2016;29378;24980;2551;997;1554;1847;1001;846;294
9315;Totaal over alle leeftijden;Mannen en vrouwen;Winterswijk;2017;29340;24876;2545;1003;1542;1919;1042;877;294
9316;Totaal over alle leeftijden;Mannen en vrouwen;Winterswijk;2018;29308;24773;2557;1026;1531;1978;1047;931;294
9317;Totaal over alle leeftijden;Mannen en vrouwen;Winterswijk;2019;29250;24713;2526;1016;1510;2011;1059;952;294
9318;Totaal over alle leeftijden;Mannen en vrouwen;Winterswijk;2020;29209;24645;2510;999;1511;2054;1080;974;294
9319;Totaal over alle leeftijden;Mannen en vrouwen;Winterswijk;2021;29120;24547;2480;1008;1472;2093;1103;990;294
9320;Totaal over alle leeftijden;Mannen en vrouwen;Winterswijk;2022;29121;24539;2446;1007;1439;2136;1127;1009;294
9321;Totaal over alle leeftijden;Mannen en vrouwen;Winterswijk;2023;29083;24484;2436;1019;1417;2163;1144;1019;294
9322;Totaal over alle leeftijden;Mannen en vrouwen;Winterswijk;2024;29020;24419;2427;1036;1391;2174;1148;1026;294
9323;Totaal over alle leeftijden;Mannen en vrouwen;Winterswijk;2025;28957;24319;2430;1041;1389;2208;1169;1039;294
9324;Totaal over alle leeftijden;Mannen en vrouwen;Woensdrecht;2008;21077;17194;3244;1489;1755;639;357;282;873
9325;Totaal over alle leeftijden;Mannen en vrouwen;Woensdrecht;2009;20956;17106;3168;1439;1729;682;385;297;873
9326;Totaal over alle leeftijden;Mannen en vrouwen;Woensdrecht;2010;20853;17009;3102;1403;1699;742;402;340;873
9327;Totaal over alle leeftijden;Mannen en vrouwen;Woensdrecht;2011;20673;16866;3034;1383;1651;773;412;361;873
9328;Totaal over alle leeftijden;Mannen en vrouwen;Woensdrecht;2012;20491;16695;3004;1373;1631;792;426;366;873
9329;Totaal over alle leeftijden;Mannen en vrouwen;Woensdrecht;2013;20369;16585;2944;1334;1610;840;451;389;873
9330;Totaal over alle leeftijden;Mannen en vrouwen;Woensdrecht;2014;20187;16412;2889;1311;1578;886;470;416;873
9331;Totaal over alle leeftijden;Mannen en vrouwen;Woensdrecht;2015;20042;16252;2862;1316;1546;928;498;430;873
9332;Totaal over alle leeftijden;Mannen en vrouwen;Woensdrecht;2016;19816;16037;2808;1270;1538;971;518;453;873
9333;Totaal over alle leeftijden;Mannen en vrouwen;Woensdrecht;2017;19646;15878;2754;1246;1508;1014;533;481;873
9334;Totaal over alle leeftijden;Mannen en vrouwen;Woensdrecht;2018;19648;15857;2734;1248;1486;1057;549;508;873
9335;Totaal over alle leeftijden;Mannen en vrouwen;Woensdrecht;2019;19549;15751;2702;1233;1469;1096;562;534;873
9336;Totaal over alle leeftijden;Mannen en vrouwen;Woensdrecht;2020;19352;15570;2649;1209;1440;1133;587;546;873
9337;Totaal over alle leeftijden;Mannen en vrouwen;Woensdrecht;2021;19373;15509;2666;1217;1449;1198;612;586;873
9338;Totaal over alle leeftijden;Mannen en vrouwen;Woensdrecht;2022;19336;15460;2643;1207;1436;1233;630;603;873
9339;Totaal over alle leeftijden;Mannen en vrouwen;Woensdrecht;2023;19334;15420;2609;1190;1419;1305;674;631;873
9340;Totaal over alle leeftijden;Mannen en vrouwen;Woensdrecht;2024;19211;15309;2559;1152;1407;1343;687;656;873
9341;Totaal over alle leeftijden;Mannen en vrouwen;Woensdrecht;2025;19176;15238;2523;1138;1385;1415;723;692;873
9342;Totaal over alle leeftijden;Mannen en vrouwen;Woerden;2008;48038;41986;3062;1037;2025;2990;1642;1348;632
9343;Totaal over alle leeftijden;Mannen en vrouwen;Woerden;2009;48057;41919;3094;1067;2027;3044;1656;1388;632
9344;Totaal over alle leeftijden;Mannen en vrouwen;Woerden;2010;48077;41838;3126;1103;2023;3113;1693;1420;632
9345;Totaal over alle leeftijden;Mannen en vrouwen;Woerden;2011;48066;41696;3170;1134;2036;3200;1743;1457;632
9346;Totaal over alle leeftijden;Mannen en vrouwen;Woerden;2012;48093;41605;3189;1160;2029;3299;1778;1521;632
9347;Totaal over alle leeftijden;Mannen en vrouwen;Woerden;2013;48029;41453;3226;1180;2046;3350;1794;1556;632
9348;Totaal over alle leeftijden;Mannen en vrouwen;Woerden;2014;48076;41339;3285;1217;2068;3452;1844;1608;632
9349;Totaal over alle leeftijden;Mannen en vrouwen;Woerden;2015;48165;41306;3331;1242;2089;3528;1872;1656;632
9350;Totaal over alle leeftijden;Mannen en vrouwen;Woerden;2016;48167;41180;3374;1266;2108;3613;1922;1691;632
9351;Totaal over alle leeftijden;Mannen en vrouwen;Woerden;2017;48160;41104;3406;1277;2129;3650;1950;1700;632
9352;Totaal over alle leeftijden;Mannen en vrouwen;Woerden;2018;48116;40947;3448;1317;2131;3721;1977;1744;632
9353;Totaal over alle leeftijden;Mannen en vrouwen;Woerden;2019;48065;40805;3514;1348;2166;3746;1971;1775;632
9354;Totaal over alle leeftijden;Mannen en vrouwen;Woerden;2020;48104;40701;3570;1381;2189;3833;2005;1828;632
9355;Totaal over alle leeftijden;Mannen en vrouwen;Woerden;2021;48022;40537;3611;1424;2187;3874;2052;1822;632
9356;Totaal over alle leeftijden;Mannen en vrouwen;Woerden;2022;48054;40434;3664;1460;2204;3956;2105;1851;632
9357;Totaal over alle leeftijden;Mannen en vrouwen;Woerden;2023;48038;40331;3715;1498;2217;3992;2111;1881;632
9358;Totaal over alle leeftijden;Mannen en vrouwen;Woerden;2024;47938;40183;3739;1507;2232;4016;2143;1873;632
9359;Totaal over alle leeftijden;Mannen en vrouwen;Woerden;2025;48058;40185;3770;1538;2232;4103;2188;1915;632
9360;Totaal over alle leeftijden;Mannen en vrouwen;De Wolden;2008;23416;22330;719;254;465;367;199;168;1690
9361;Totaal over alle leeftijden;Mannen en vrouwen;De Wolden;2009;23166;22026;721;257;464;419;221;198;1690
9362;Totaal over alle leeftijden;Mannen en vrouwen;De Wolden;2010;22995;21810;729;254;475;456;241;215;1690
9363;Totaal over alle leeftijden;Mannen en vrouwen;De Wolden;2011;22930;21684;731;258;473;515;279;236;1690
9364;Totaal over alle leeftijden;Mannen en vrouwen;De Wolden;2012;22759;21465;739;263;476;555;306;249;1690
9365;Totaal over alle leeftijden;Mannen en vrouwen;De Wolden;2013;22592;21254;748;267;481;590;324;266;1690
9366;Totaal over alle leeftijden;Mannen en vrouwen;De Wolden;2014;22516;21116;758;273;485;642;343;299;1690
9367;Totaal over alle leeftijden;Mannen en vrouwen;De Wolden;2015;22403;20946;767;274;493;690;359;331;1690
9368;Totaal over alle leeftijden;Mannen en vrouwen;De Wolden;2016;22260;20777;761;269;492;722;356;366;1690
9369;Totaal over alle leeftijden;Mannen en vrouwen;De Wolden;2017;22051;20547;743;261;482;761;379;382;1690
9370;Totaal over alle leeftijden;Mannen en vrouwen;De Wolden;2018;21916;20378;757;273;484;781;403;378;1690
9371;Totaal over alle leeftijden;Mannen en vrouwen;De Wolden;2019;21781;20192;747;262;485;842;415;427;1690
9372;Totaal over alle leeftijden;Mannen en vrouwen;De Wolden;2020;21609;19968;744;260;484;897;440;457;1690
9373;Totaal over alle leeftijden;Mannen en vrouwen;De Wolden;2021;21497;19848;736;262;474;913;454;459;1690
9374;Totaal over alle leeftijden;Mannen en vrouwen;De Wolden;2022;21319;19658;734;258;476;927;463;464;1690
9375;Totaal over alle leeftijden;Mannen en vrouwen;De Wolden;2023;21099;19422;735;268;467;942;472;470;1690
9376;Totaal over alle leeftijden;Mannen en vrouwen;De Wolden;2024;21090;19368;742;269;473;980;484;496;1690
9377;Totaal over alle leeftijden;Mannen en vrouwen;De Wolden;2025;21096;19327;744;261;483;1025;498;527;1690
9378;Totaal over alle leeftijden;Mannen en vrouwen;Wormerland;2008;15847;14061;945;313;632;841;442;399;880
9379;Totaal over alle leeftijden;Mannen en vrouwen;Wormerland;2009;15790;13966;934;303;631;890;456;434;880
9380;Totaal over alle leeftijden;Mannen en vrouwen;Wormerland;2010;15771;13877;939;293;646;955;474;481;880
9381;Totaal over alle leeftijden;Mannen en vrouwen;Wormerland;2011;15733;13771;941;288;653;1021;511;510;880
9382;Totaal over alle leeftijden;Mannen en vrouwen;Wormerland;2012;15653;13677;936;297;639;1040;529;511;880
9383;Totaal over alle leeftijden;Mannen en vrouwen;Wormerland;2013;15543;13506;957;321;636;1080;546;534;880
9384;Totaal over alle leeftijden;Mannen en vrouwen;Wormerland;2014;15409;13339;949;317;632;1121;561;560;880
9385;Totaal over alle leeftijden;Mannen en vrouwen;Wormerland;2015;15427;13273;976;325;651;1178;585;593;880
9386;Totaal over alle leeftijden;Mannen en vrouwen;Wormerland;2016;15372;13200;963;322;641;1209;596;613;880
9387;Totaal over alle leeftijden;Mannen en vrouwen;Wormerland;2017;15304;13085;976;330;646;1243;605;638;880
9388;Totaal over alle leeftijden;Mannen en vrouwen;Wormerland;2018;15275;12991;1007;339;668;1277;624;653;880
9389;Totaal over alle leeftijden;Mannen en vrouwen;Wormerland;2019;15195;12878;1007;346;661;1310;646;664;880
9390;Totaal over alle leeftijden;Mannen en vrouwen;Wormerland;2020;15115;12758;1014;348;666;1343;657;686;880
9391;Totaal over alle leeftijden;Mannen en vrouwen;Wormerland;2021;15020;12628;1011;340;671;1381;670;711;880
9392;Totaal over alle leeftijden;Mannen en vrouwen;Wormerland;2022;14981;12544;1011;349;662;1426;686;740;880
9393;Totaal over alle leeftijden;Mannen en vrouwen;Wormerland;2023;14853;12413;995;351;644;1445;688;757;880
9394;Totaal over alle leeftijden;Mannen en vrouwen;Wormerland;2024;14903;12421;1000;349;651;1482;703;779;880
9395;Totaal over alle leeftijden;Mannen en vrouwen;Wormerland;2025;14810;12275;987;340;647;1548;746;802;880
9396;Totaal over alle leeftijden;Mannen en vrouwen;Woudenberg;2008;11405;10499;507;157;350;399;224;175;351
9397;Totaal over alle leeftijden;Mannen en vrouwen;Woudenberg;2009;11559;10617;515;158;357;427;235;192;351
9398;Totaal over alle leeftijden;Mannen en vrouwen;Woudenberg;2010;11627;10634;535;164;371;458;245;213;351
9399;Totaal over alle leeftijden;Mannen en vrouwen;Woudenberg;2011;11674;10655;543;158;385;476;255;221;351
9400;Totaal over alle leeftijden;Mannen en vrouwen;Woudenberg;2012;11656;10600;541;163;378;515;281;234;351
9401;Totaal over alle leeftijden;Mannen en vrouwen;Woudenberg;2013;11705;10595;568;172;396;542;285;257;351
9402;Totaal over alle leeftijden;Mannen en vrouwen;Woudenberg;2014;11736;10615;572;177;395;549;285;264;351
9403;Totaal over alle leeftijden;Mannen en vrouwen;Woudenberg;2015;11833;10655;599;192;407;579;296;283;351
9404;Totaal over alle leeftijden;Mannen en vrouwen;Woudenberg;2016;11850;10648;611;197;414;591;305;286;351
9405;Totaal over alle leeftijden;Mannen en vrouwen;Woudenberg;2017;11831;10600;614;204;410;617;312;305;351
9406;Totaal over alle leeftijden;Mannen en vrouwen;Woudenberg;2018;11886;10616;629;207;422;641;317;324;351
9407;Totaal over alle leeftijden;Mannen en vrouwen;Woudenberg;2019;11749;10460;631;209;422;658;329;329;351
9408;Totaal over alle leeftijden;Mannen en vrouwen;Woudenberg;2020;11813;10487;639;220;419;687;336;351;351
9409;Totaal over alle leeftijden;Mannen en vrouwen;Woudenberg;2021;11922;10557;648;225;423;717;342;375;351
9410;Totaal over alle leeftijden;Mannen en vrouwen;Woudenberg;2022;11983;10584;655;226;429;744;351;393;351
9411;Totaal over alle leeftijden;Mannen en vrouwen;Woudenberg;2023;12027;10621;666;226;440;740;356;384;351
9412;Totaal over alle leeftijden;Mannen en vrouwen;Woudenberg;2024;12084;10640;688;231;457;756;364;392;351
9413;Totaal over alle leeftijden;Mannen en vrouwen;Woudenberg;2025;12111;10627;701;240;461;783;365;418;351
9414;Totaal over alle leeftijden;Mannen en vrouwen;Woudrichem;2008;14173;13334;588;227;361;251;151;100;874
9415;Totaal over alle leeftijden;Mannen en vrouwen;Woudrichem;2009;14197;13314;611;241;370;272;154;118;874
9416;Totaal over alle leeftijden;Mannen en vrouwen;Woudrichem;2010;14247;13300;631;246;385;316;170;146;874
9417;Totaal over alle leeftijden;Mannen en vrouwen;Woudrichem;2011;14254;13262;637;234;403;355;192;163;874
9418;Totaal over alle leeftijden;Mannen en vrouwen;Woudrichem;2012;14188;13157;658;245;413;373;204;169;874
9419;Totaal over alle leeftijden;Mannen en vrouwen;Woudrichem;2013;14208;13108;678;260;418;422;225;197;874
9420;Totaal over alle leeftijden;Mannen en vrouwen;Woudrichem;2014;14237;13080;688;264;424;469;244;225;874
9421;Totaal over alle leeftijden;Mannen en vrouwen;Woudrichem;2015;14233;13017;716;270;446;500;262;238;874
9422;Totaal over alle leeftijden;Mannen en vrouwen;Woudrichem;2016;14189;12937;735;278;457;517;279;238;874
9423;Totaal over alle leeftijden;Mannen en vrouwen;Woudrichem;2017;14157;12853;751;275;476;553;290;263;874
9424;Totaal over alle leeftijden;Mannen en vrouwen;Woudrichem;2018;14130;12782;766;284;482;582;306;276;874
9425;Totaal over alle leeftijden;Mannen en vrouwen;Woudrichem;2019;14147;12757;762;283;479;628;328;300;874
9426;Totaal over alle leeftijden;Mannen en vrouwen;Woudrichem;2020;14150;12698;806;303;503;646;331;315;874
9427;Totaal over alle leeftijden;Mannen en vrouwen;Woudrichem;2021;14199;12688;846;323;523;665;340;325;874
9428;Totaal over alle leeftijden;Mannen en vrouwen;Woudrichem;2022;14226;12675;864;333;531;687;346;341;874
9429;Totaal over alle leeftijden;Mannen en vrouwen;Woudrichem;2023;14185;12610;875;341;534;700;345;355;874
9430;Totaal over alle leeftijden;Mannen en vrouwen;Woudrichem;2024;14181;12556;881;348;533;744;370;374;874
9431;Totaal over alle leeftijden;Mannen en vrouwen;Woudrichem;2025;14198;12505;923;368;555;770;386;384;874
9432;Totaal over alle leeftijden;Mannen en vrouwen;Wûnseradiel;2008;11905;11081;573;196;377;251;142;109;710
9433;Totaal over alle leeftijden;Mannen en vrouwen;Wûnseradiel;2009;11884;11022;577;201;376;285;146;139;710
9434;Totaal over alle leeftijden;Mannen en vrouwen;Wûnseradiel;2010;11850;10953;585;200;385;312;162;150;710
9435;Totaal over alle leeftijden;Mannen en vrouwen;Wûnseradiel;2011;11795;10852;599;206;393;344;182;162;710
9436;Totaal over alle leeftijden;Mannen en vrouwen;Wûnseradiel;2012;11748;10756;626;218;408;366;200;166;710
9437;Totaal over alle leeftijden;Mannen en vrouwen;Wûnseradiel;2013;11681;10662;635;221;414;384;201;183;710
9438;Totaal over alle leeftijden;Mannen en vrouwen;Wûnseradiel;2014;11600;10547;633;220;413;420;219;201;710
9439;Totaal over alle leeftijden;Mannen en vrouwen;Wûnseradiel;2015;11543;10437;647;230;417;459;233;226;710
9440;Totaal over alle leeftijden;Mannen en vrouwen;Wûnseradiel;2016;11448;10312;662;222;440;474;247;227;710
9441;Totaal over alle leeftijden;Mannen en vrouwen;Wûnseradiel;2017;11411;10240;669;221;448;502;248;254;710
9442;Totaal over alle leeftijden;Mannen en vrouwen;Wûnseradiel;2018;11363;10172;685;228;457;506;252;254;710
9443;Totaal over alle leeftijden;Mannen en vrouwen;Wûnseradiel;2019;11266;10050;701;240;461;515;259;256;710
9444;Totaal over alle leeftijden;Mannen en vrouwen;Wûnseradiel;2020;11190;9918;741;258;483;531;262;269;710
9445;Totaal over alle leeftijden;Mannen en vrouwen;Wûnseradiel;2021;11194;9902;744;264;480;548;260;288;710
9446;Totaal over alle leeftijden;Mannen en vrouwen;Wûnseradiel;2022;11131;9809;755;265;490;567;263;304;710
9447;Totaal over alle leeftijden;Mannen en vrouwen;Wûnseradiel;2023;11038;9697;753;268;485;588;264;324;710
9448;Totaal over alle leeftijden;Mannen en vrouwen;Wûnseradiel;2024;10977;9622;756;278;478;599;263;336;710
9449;Totaal over alle leeftijden;Mannen en vrouwen;Wûnseradiel;2025;10934;9566;767;273;494;601;279;322;710
9450;Totaal over alle leeftijden;Mannen en vrouwen;Wymbritseradiel;2008;16181;15400;529;137;392;252;131;121;683
9451;Totaal over alle leeftijden;Mannen en vrouwen;Wymbritseradiel;2009;16201;15368;544;144;400;289;147;142;683
9452;Totaal over alle leeftijden;Mannen en vrouwen;Wymbritseradiel;2010;16216;15364;549;148;401;303;154;149;683
9453;Totaal over alle leeftijden;Mannen en vrouwen;Wymbritseradiel;2011;16148;15271;551;145;406;326;165;161;683
9454;Totaal over alle leeftijden;Mannen en vrouwen;Wymbritseradiel;2012;16081;15180;553;142;411;348;170;178;683
9455;Totaal over alle leeftijden;Mannen en vrouwen;Wymbritseradiel;2013;15992;15056;560;147;413;376;191;185;683
9456;Totaal over alle leeftijden;Mannen en vrouwen;Wymbritseradiel;2014;15958;14987;579;149;430;392;194;198;683
9457;Totaal over alle leeftijden;Mannen en vrouwen;Wymbritseradiel;2015;15866;14847;600;156;444;419;204;215;683
9458;Totaal over alle leeftijden;Mannen en vrouwen;Wymbritseradiel;2016;15777;14732;605;158;447;440;210;230;683
9459;Totaal over alle leeftijden;Mannen en vrouwen;Wymbritseradiel;2017;15680;14600;611;156;455;469;228;241;683
9460;Totaal over alle leeftijden;Mannen en vrouwen;Wymbritseradiel;2018;15580;14469;611;157;454;500;232;268;683
9461;Totaal over alle leeftijden;Mannen en vrouwen;Wymbritseradiel;2019;15632;14484;613;155;458;535;246;289;683
9462;Totaal over alle leeftijden;Mannen en vrouwen;Wymbritseradiel;2020;15661;14456;645;174;471;560;257;303;683
9463;Totaal over alle leeftijden;Mannen en vrouwen;Wymbritseradiel;2021;15640;14422;647;162;485;571;271;300;683
9464;Totaal over alle leeftijden;Mannen en vrouwen;Wymbritseradiel;2022;15623;14384;667;176;491;572;274;298;683
9465;Totaal over alle leeftijden;Mannen en vrouwen;Wymbritseradiel;2023;15521;14283;656;173;483;582;280;302;683
9466;Totaal over alle leeftijden;Mannen en vrouwen;Wymbritseradiel;2024;15489;14214;672;171;501;603;281;322;683
9467;Totaal over alle leeftijden;Mannen en vrouwen;Wymbritseradiel;2025;15440;14135;675;175;500;630;309;321;683
9468;Totaal over alle leeftijden;Mannen en vrouwen;Zaanstad;2008;142233;107158;12409;4948;7461;22666;12467;10199;479
9469;Totaal over alle leeftijden;Mannen en vrouwen;Zaanstad;2009;142929;107140;12673;5102;7571;23116;12595;10521;479
9470;Totaal over alle leeftijden;Mannen en vrouwen;Zaanstad;2010;144099;107423;12969;5293;7676;23707;12773;10934;479
9471;Totaal over alle leeftijden;Mannen en vrouwen;Zaanstad;2011;145418;107802;13263;5476;7787;24353;12987;11366;479
9472;Totaal over alle leeftijden;Mannen en vrouwen;Zaanstad;2012;146617;108098;13557;5639;7918;24962;13224;11738;479
9473;Totaal over alle leeftijden;Mannen en vrouwen;Zaanstad;2013;147700;108290;13837;5786;8051;25573;13477;12096;479
9474;Totaal over alle leeftijden;Mannen en vrouwen;Zaanstad;2014;148612;108415;14104;5951;8153;26093;13589;12504;479
9475;Totaal over alle leeftijden;Mannen en vrouwen;Zaanstad;2015;149630;108642;14405;6113;8292;26583;13741;12842;479
9476;Totaal over alle leeftijden;Mannen en vrouwen;Zaanstad;2016;150688;108885;14672;6246;8426;27131;13933;13198;479
9477;Totaal over alle leeftijden;Mannen en vrouwen;Zaanstad;2017;151760;109182;14934;6392;8542;27644;14105;13539;479
9478;Totaal over alle leeftijden;Mannen en vrouwen;Zaanstad;2018;152834;109409;15292;6595;8697;28133;14259;13874;479
9479;Totaal over alle leeftijden;Mannen en vrouwen;Zaanstad;2019;153973;109756;15591;6757;8834;28626;14419;14207;479
9480;Totaal over alle leeftijden;Mannen en vrouwen;Zaanstad;2020;154740;109910;15823;6914;8909;29007;14529;14478;479
9481;Totaal over alle leeftijden;Mannen en vrouwen;Zaanstad;2021;155639;110108;16176;7111;9065;29355;14628;14727;479
9482;Totaal over alle leeftijden;Mannen en vrouwen;Zaanstad;2022;156410;110148;16491;7260;9231;29771;14774;14997;479
9483;Totaal over alle leeftijden;Mannen en vrouwen;Zaanstad;2023;157073;110206;16792;7424;9368;30075;14829;15246;479
9484;Totaal over alle leeftijden;Mannen en vrouwen;Zaanstad;2024;157744;110260;17022;7555;9467;30462;14999;15463;479
9485;Totaal over alle leeftijden;Mannen en vrouwen;Zaanstad;2025;158528;110400;17303;7701;9602;30825;15123;15702;479
9486;Totaal over alle leeftijden;Mannen en vrouwen;Zaltbommel;2008;25908;23530;1110;385;725;1268;663;605;297
9487;Totaal over alle leeftijden;Mannen en vrouwen;Zaltbommel;2009;25884;23460;1144;417;727;1280;673;607;297
9488;Totaal over alle leeftijden;Mannen en vrouwen;Zaltbommel;2010;25868;23357;1178;438;740;1333;694;639;297
9489;Totaal over alle leeftijden;Mannen en vrouwen;Zaltbommel;2011;25895;23305;1228;466;762;1362;692;670;297
9490;Totaal over alle leeftijden;Mannen en vrouwen;Zaltbommel;2012;25874;23214;1238;479;759;1422;720;702;297
9491;Totaal over alle leeftijden;Mannen en vrouwen;Zaltbommel;2013;25807;23078;1266;491;775;1463;733;730;297
9492;Totaal over alle leeftijden;Mannen en vrouwen;Zaltbommel;2014;25771;22970;1266;469;797;1535;774;761;297
9493;Totaal over alle leeftijden;Mannen en vrouwen;Zaltbommel;2015;25715;22857;1286;473;813;1572;790;782;297
9494;Totaal over alle leeftijden;Mannen en vrouwen;Zaltbommel;2016;25674;22768;1302;479;823;1604;823;781;297
9495;Totaal over alle leeftijden;Mannen en vrouwen;Zaltbommel;2017;25691;22729;1325;485;840;1637;853;784;297
9496;Totaal over alle leeftijden;Mannen en vrouwen;Zaltbommel;2018;25554;22571;1343;484;859;1640;854;786;297
9497;Totaal over alle leeftijden;Mannen en vrouwen;Zaltbommel;2019;25514;22464;1387;523;864;1663;868;795;297
9498;Totaal over alle leeftijden;Mannen en vrouwen;Zaltbommel;2020;25415;22336;1400;529;871;1679;882;797;297
9499;Totaal over alle leeftijden;Mannen en vrouwen;Zaltbommel;2021;25391;22244;1437;552;885;1710;898;812;297
9500;Totaal over alle leeftijden;Mannen en vrouwen;Zaltbommel;2022;25384;22176;1454;557;897;1754;923;831;297
9501;Totaal over alle leeftijden;Mannen en vrouwen;Zaltbommel;2023;25256;22008;1463;578;885;1785;949;836;297
9502;Totaal over alle leeftijden;Mannen en vrouwen;Zaltbommel;2024;25233;21962;1460;589;871;1811;971;840;297
9503;Totaal over alle leeftijden;Mannen en vrouwen;Zaltbommel;2025;25143;21833;1495;619;876;1815;985;830;297
9504;Totaal over alle leeftijden;Mannen en vrouwen;Zandvoort;2008;16668;13578;2051;935;1116;1039;569;470;473
9505;Totaal over alle leeftijden;Mannen en vrouwen;Zandvoort;2009;16702;13588;2049;941;1108;1065;575;490;473
9506;Totaal over alle leeftijden;Mannen en vrouwen;Zandvoort;2010;16755;13611;2060;946;1114;1084;586;498;473
9507;Totaal over alle leeftijden;Mannen en vrouwen;Zandvoort;2011;16838;13639;2065;954;1111;1134;604;530;473
9508;Totaal over alle leeftijden;Mannen en vrouwen;Zandvoort;2012;16892;13649;2081;971;1110;1162;620;542;473
9509;Totaal over alle leeftijden;Mannen en vrouwen;Zandvoort;2013;16932;13628;2080;977;1103;1224;660;564;473
9510;Totaal over alle leeftijden;Mannen en vrouwen;Zandvoort;2014;16926;13568;2089;989;1100;1269;681;588;473
9511;Totaal over alle leeftijden;Mannen en vrouwen;Zandvoort;2015;17010;13588;2109;996;1113;1313;685;628;473
9512;Totaal over alle leeftijden;Mannen en vrouwen;Zandvoort;2016;17033;13554;2132;1027;1105;1347;698;649;473
9513;Totaal over alle leeftijden;Mannen en vrouwen;Zandvoort;2017;17203;13656;2154;1056;1098;1393;719;674;473
9514;Totaal over alle leeftijden;Mannen en vrouwen;Zandvoort;2018;17255;13659;2169;1081;1088;1427;730;697;473
9515;Totaal over alle leeftijden;Mannen en vrouwen;Zandvoort;2019;17330;13674;2189;1098;1091;1467;751;716;473
9516;Totaal over alle leeftijden;Mannen en vrouwen;Zandvoort;2020;17395;13661;2226;1124;1102;1508;778;730;473
9517;Totaal over alle leeftijden;Mannen en vrouwen;Zandvoort;2021;17424;13634;2235;1136;1099;1555;793;762;473
9518;Totaal over alle leeftijden;Mannen en vrouwen;Zandvoort;2022;17372;13585;2215;1117;1098;1572;795;777;473
9519;Totaal over alle leeftijden;Mannen en vrouwen;Zandvoort;2023;17408;13579;2215;1107;1108;1614;820;794;473
9520;Totaal over alle leeftijden;Mannen en vrouwen;Zandvoort;2024;17541;13603;2249;1115;1134;1689;846;843;473
9521;Totaal over alle leeftijden;Mannen en vrouwen;Zandvoort;2025;17605;13604;2276;1131;1145;1725;851;874;473
9522;Totaal over alle leeftijden;Mannen en vrouwen;Zederik;2008;13140;12575;343;105;238;222;142;80;707
9523;Totaal over alle leeftijden;Mannen en vrouwen;Zederik;2009;13073;12453;372;120;252;248;153;95;707
9524;Totaal over alle leeftijden;Mannen en vrouwen;Zederik;2010;12906;12248;386;126;260;272;157;115;707
9525;Totaal over alle leeftijden;Mannen en vrouwen;Zederik;2011;12956;12243;405;137;268;308;174;134;707
9526;Totaal over alle leeftijden;Mannen en vrouwen;Zederik;2012;12918;12152;430;152;278;336;182;154;707
9527;Totaal over alle leeftijden;Mannen en vrouwen;Zederik;2013;12848;12034;440;155;285;374;185;189;707
9528;Totaal over alle leeftijden;Mannen en vrouwen;Zederik;2014;12851;11962;456;167;289;433;209;224;707
9529;Totaal over alle leeftijden;Mannen en vrouwen;Zederik;2015;12802;11906;451;165;286;445;219;226;707
9530;Totaal over alle leeftijden;Mannen en vrouwen;Zederik;2016;12773;11852;453;167;286;468;229;239;707
9531;Totaal over alle leeftijden;Mannen en vrouwen;Zederik;2017;12748;11777;468;175;293;503;243;260;707
9532;Totaal over alle leeftijden;Mannen en vrouwen;Zederik;2018;12814;11793;478;175;303;543;261;282;707
9533;Totaal over alle leeftijden;Mannen en vrouwen;Zederik;2019;12869;11807;483;171;312;579;275;304;707
9534;Totaal over alle leeftijden;Mannen en vrouwen;Zederik;2020;12913;11802;501;181;320;610;294;316;707
9535;Totaal over alle leeftijden;Mannen en vrouwen;Zederik;2021;12975;11815;501;191;310;659;320;339;707
9536;Totaal over alle leeftijden;Mannen en vrouwen;Zederik;2022;12973;11769;506;191;315;698;333;365;707
9537;Totaal over alle leeftijden;Mannen en vrouwen;Zederik;2023;12972;11721;518;192;326;733;342;391;707
9538;Totaal over alle leeftijden;Mannen en vrouwen;Zederik;2024;13025;11728;543;210;333;754;347;407;707
9539;Totaal over alle leeftijden;Mannen en vrouwen;Zederik;2025;13021;11660;569;225;344;792;365;427;707
9540;Totaal over alle leeftijden;Mannen en vrouwen;Zeevang;2008;6201;5625;403;136;267;173;85;88;478
9541;Totaal over alle leeftijden;Mannen en vrouwen;Zeevang;2009;6168;5573;405;139;266;190;95;95;478
9542;Totaal over alle leeftijden;Mannen en vrouwen;Zeevang;2010;6150;5525;405;137;268;220;106;114;478
9543;Totaal over alle leeftijden;Mannen en vrouwen;Zeevang;2011;6102;5457;403;142;261;242;113;129;478
9544;Totaal over alle leeftijden;Mannen en vrouwen;Zeevang;2012;6067;5421;391;134;257;255;111;144;478
9545;Totaal over alle leeftijden;Mannen en vrouwen;Zeevang;2013;6052;5373;402;139;263;277;119;158;478
9546;Totaal over alle leeftijden;Mannen en vrouwen;Zeevang;2014;6039;5342;397;139;258;300;125;175;478
9547;Totaal over alle leeftijden;Mannen en vrouwen;Zeevang;2015;5952;5264;396;141;255;292;124;168;478
9548;Totaal over alle leeftijden;Mannen en vrouwen;Zeevang;2016;5933;5225;393;138;255;315;141;174;478
9549;Totaal over alle leeftijden;Mannen en vrouwen;Zeevang;2017;5879;5165;390;140;250;324;140;184;478
9550;Totaal over alle leeftijden;Mannen en vrouwen;Zeevang;2018;5867;5136;398;144;254;333;149;184;478
9551;Totaal over alle leeftijden;Mannen en vrouwen;Zeevang;2019;5845;5091;410;153;257;344;155;189;478
9552;Totaal over alle leeftijden;Mannen en vrouwen;Zeevang;2020;5841;5059;418;147;271;364;161;203;478
9553;Totaal over alle leeftijden;Mannen en vrouwen;Zeevang;2021;5803;5008;424;156;268;371;162;209;478
9554;Totaal over alle leeftijden;Mannen en vrouwen;Zeevang;2022;5783;4973;425;158;267;385;162;223;478
9555;Totaal over alle leeftijden;Mannen en vrouwen;Zeevang;2023;5766;4940;425;151;274;401;175;226;478
9556;Totaal over alle leeftijden;Mannen en vrouwen;Zeevang;2024;5734;4903;436;158;278;395;180;215;478
9557;Totaal over alle leeftijden;Mannen en vrouwen;Zeevang;2025;5764;4902;454;171;283;408;189;219;478
9558;Totaal over alle leeftijden;Mannen en vrouwen;Zeewolde;2008;20187;17911;1399;453;946;877;462;415;50
9559;Totaal over alle leeftijden;Mannen en vrouwen;Zeewolde;2009;20649;18299;1402;450;952;948;501;447;50
9560;Totaal over alle leeftijden;Mannen en vrouwen;Zeewolde;2010;20933;18489;1409;458;951;1035;549;486;50
9561;Totaal over alle leeftijden;Mannen en vrouwen;Zeewolde;2011;21143;18621;1418;478;940;1104;585;519;50
9562;Totaal over alle leeftijden;Mannen en vrouwen;Zeewolde;2012;21377;18750;1446;490;956;1181;624;557;50
9563;Totaal over alle leeftijden;Mannen en vrouwen;Zeewolde;2013;21557;18851;1430;484;946;1276;700;576;50
9564;Totaal over alle leeftijden;Mannen en vrouwen;Zeewolde;2014;21816;19037;1437;480;957;1342;725;617;50
9565;Totaal over alle leeftijden;Mannen en vrouwen;Zeewolde;2015;22018;19152;1452;503;949;1414;763;651;50
9566;Totaal over alle leeftijden;Mannen en vrouwen;Zeewolde;2016;22301;19333;1453;479;974;1515;809;706;50
9567;Totaal over alle leeftijden;Mannen en vrouwen;Zeewolde;2017;22570;19504;1449;476;973;1617;865;752;50
9568;Totaal over alle leeftijden;Mannen en vrouwen;Zeewolde;2018;22733;19601;1458;480;978;1674;904;770;50
9569;Totaal over alle leeftijden;Mannen en vrouwen;Zeewolde;2019;22954;19711;1469;494;975;1774;952;822;50
9570;Totaal over alle leeftijden;Mannen en vrouwen;Zeewolde;2020;23117;19790;1493;517;976;1834;991;843;50
9571;Totaal over alle leeftijden;Mannen en vrouwen;Zeewolde;2021;23238;19856;1491;528;963;1891;1025;866;50
9572;Totaal over alle leeftijden;Mannen en vrouwen;Zeewolde;2022;23400;19960;1510;542;968;1930;1055;875;50
9573;Totaal over alle leeftijden;Mannen en vrouwen;Zeewolde;2023;23545;20033;1506;545;961;2006;1094;912;50
9574;Totaal over alle leeftijden;Mannen en vrouwen;Zeewolde;2024;23701;20141;1530;553;977;2030;1095;935;50
9575;Totaal over alle leeftijden;Mannen en vrouwen;Zeewolde;2025;23801;20175;1550;569;981;2076;1117;959;50
9576;Totaal over alle leeftijden;Mannen en vrouwen;Zeist;2008;60224;47566;5795;2171;3624;6863;3801;3062;355
9577;Totaal over alle leeftijden;Mannen en vrouwen;Zeist;2009;60345;47537;5781;2175;3606;7027;3926;3101;355
9578;Totaal over alle leeftijden;Mannen en vrouwen;Zeist;2010;60439;47535;5782;2186;3596;7122;3925;3197;355
9579;Totaal over alle leeftijden;Mannen en vrouwen;Zeist;2011;60581;47600;5780;2189;3591;7201;3919;3282;355
9580;Totaal over alle leeftijden;Mannen en vrouwen;Zeist;2012;60856;47743;5842;2242;3600;7271;3965;3306;355
9581;Totaal over alle leeftijden;Mannen en vrouwen;Zeist;2013;61057;47870;5837;2247;3590;7350;4027;3323;355
9582;Totaal over alle leeftijden;Mannen en vrouwen;Zeist;2014;61277;47949;5906;2315;3591;7422;4066;3356;355
9583;Totaal over alle leeftijden;Mannen en vrouwen;Zeist;2015;61534;48087;5907;2328;3579;7540;4076;3464;355
9584;Totaal over alle leeftijden;Mannen en vrouwen;Zeist;2016;61789;48216;5942;2358;3584;7631;4115;3516;355
9585;Totaal over alle leeftijden;Mannen en vrouwen;Zeist;2017;62012;48361;5972;2364;3608;7679;4108;3571;355
9586;Totaal over alle leeftijden;Mannen en vrouwen;Zeist;2018;62219;48426;5953;2371;3582;7840;4205;3635;355
9587;Totaal over alle leeftijden;Mannen en vrouwen;Zeist;2019;62552;48576;6058;2434;3624;7918;4225;3693;355
9588;Totaal over alle leeftijden;Mannen en vrouwen;Zeist;2020;62871;48768;6065;2448;3617;8038;4306;3732;355
9589;Totaal over alle leeftijden;Mannen en vrouwen;Zeist;2021;63144;48941;6066;2463;3603;8137;4360;3777;355
9590;Totaal over alle leeftijden;Mannen en vrouwen;Zeist;2022;63337;49021;6100;2491;3609;8216;4380;3836;355
9591;Totaal over alle leeftijden;Mannen en vrouwen;Zeist;2023;63666;49166;6112;2514;3598;8388;4454;3934;355
9592;Totaal over alle leeftijden;Mannen en vrouwen;Zeist;2024;63856;49260;6154;2552;3602;8442;4479;3963;355
9593;Totaal over alle leeftijden;Mannen en vrouwen;Zeist;2025;64045;49344;6199;2569;3630;8502;4517;3985;355
9594;Totaal over alle leeftijden;Mannen en vrouwen;Zevenaar;2008;31727;27167;3200;1018;2182;1360;759;601;299
9595;Totaal over alle leeftijden;Mannen en vrouwen;Zevenaar;2009;31617;27099;3105;982;2123;1413;791;622;299
9596;Totaal over alle leeftijden;Mannen en vrouwen;Zevenaar;2010;31573;27084;3043;953;2090;1446;798;648;299
9597;Totaal over alle leeftijden;Mannen en vrouwen;Zevenaar;2011;31628;27094;3011;956;2055;1523;848;675;299
9598;Totaal over alle leeftijden;Mannen en vrouwen;Zevenaar;2012;31654;27094;2981;942;2039;1579;886;693;299
9599;Totaal over alle leeftijden;Mannen en vrouwen;Zevenaar;2013;31718;27096;2964;942;2022;1658;926;732;299
9600;Totaal over alle leeftijden;Mannen en vrouwen;Zevenaar;2014;31845;27195;2903;932;1971;1747;971;776;299
9601;Totaal over alle leeftijden;Mannen en vrouwen;Zevenaar;2015;31739;27108;2854;918;1936;1777;994;783;299
9602;Totaal over alle leeftijden;Mannen en vrouwen;Zevenaar;2016;31793;27150;2790;892;1898;1853;1012;841;299
9603;Totaal over alle leeftijden;Mannen en vrouwen;Zevenaar;2017;31835;27200;2754;895;1859;1881;1040;841;299
9604;Totaal over alle leeftijden;Mannen en vrouwen;Zevenaar;2018;31792;27133;2716;876;1840;1943;1067;876;299
9605;Totaal over alle leeftijden;Mannen en vrouwen;Zevenaar;2019;31777;27102;2705;878;1827;1970;1092;878;299
9606;Totaal over alle leeftijden;Mannen en vrouwen;Zevenaar;2020;31779;27060;2684;868;1816;2035;1118;917;299
9607;Totaal over alle leeftijden;Mannen en vrouwen;Zevenaar;2021;31738;27037;2647;878;1769;2054;1118;936;299
9608;Totaal over alle leeftijden;Mannen en vrouwen;Zevenaar;2022;31726;26971;2627;880;1747;2128;1159;969;299
9609;Totaal over alle leeftijden;Mannen en vrouwen;Zevenaar;2023;31707;26975;2586;865;1721;2146;1170;976;299
9610;Totaal over alle leeftijden;Mannen en vrouwen;Zevenaar;2024;31714;26978;2550;843;1707;2186;1187;999;299
9611;Totaal over alle leeftijden;Mannen en vrouwen;Zevenaar;2025;31698;26933;2533;842;1691;2232;1189;1043;299
9612;Totaal over alle leeftijden;Mannen en vrouwen;Zevenhuizen-Moerkapelle;2008;10250;9428;517;190;327;305;168;137;1666
9613;Totaal over alle leeftijden;Mannen en vrouwen;Zevenhuizen-Moerkapelle;2009;10263;9393;522;189;333;348;183;165;1666
9614;Totaal over alle leeftijden;Mannen en vrouwen;Zevenhuizen-Moerkapelle;2010;10371;9426;545;196;349;400;206;194;1666
9615;Totaal over alle leeftijden;Mannen en vrouwen;Zevenhuizen-Moerkapelle;2011;10481;9466;573;206;367;442;218;224;1666
9616;Totaal over alle leeftijden;Mannen en vrouwen;Zevenhuizen-Moerkapelle;2012;10637;9555;601;222;379;481;236;245;1666
9617;Totaal over alle leeftijden;Mannen en vrouwen;Zevenhuizen-Moerkapelle;2013;10860;9700;641;237;404;519;243;276;1666
9618;Totaal over alle leeftijden;Mannen en vrouwen;Zevenhuizen-Moerkapelle;2014;11077;9842;673;250;423;562;249;313;1666
9619;Totaal over alle leeftijden;Mannen en vrouwen;Zevenhuizen-Moerkapelle;2015;11270;9997;683;248;435;590;256;334;1666
9620;Totaal over alle leeftijden;Mannen en vrouwen;Zevenhuizen-Moerkapelle;2016;11468;10133;708;264;444;627;267;360;1666
9621;Totaal over alle leeftijden;Mannen en vrouwen;Zevenhuizen-Moerkapelle;2017;11711;10282;761;286;475;668;291;377;1666
9622;Totaal over alle leeftijden;Mannen en vrouwen;Zevenhuizen-Moerkapelle;2018;11926;10425;789;296;493;712;306;406;1666
9623;Totaal over alle leeftijden;Mannen en vrouwen;Zevenhuizen-Moerkapelle;2019;12172;10600;816;300;516;756;321;435;1666
9624;Totaal over alle leeftijden;Mannen en vrouwen;Zevenhuizen-Moerkapelle;2020;12387;10744;839;314;525;804;338;466;1666
9625;Totaal over alle leeftijden;Mannen en vrouwen;Zevenhuizen-Moerkapelle;2021;12678;10938;883;331;552;857;359;498;1666
9626;Totaal over alle leeftijden;Mannen en vrouwen;Zevenhuizen-Moerkapelle;2022;12942;11143;914;348;566;885;366;519;1666
9627;Totaal over alle leeftijden;Mannen en vrouwen;Zevenhuizen-Moerkapelle;2023;13145;11304;933;352;581;908;378;530;1666
9628;Totaal over alle leeftijden;Mannen en vrouwen;Zevenhuizen-Moerkapelle;2024;13384;11462;964;371;593;958;385;573;1666
9629;Totaal over alle leeftijden;Mannen en vrouwen;Zevenhuizen-Moerkapelle;2025;13570;11597;999;384;615;974;384;590;1666
9630;Totaal over alle leeftijden;Mannen en vrouwen;Zijpe;2008;11531;10559;718;291;427;254;160;94;476
9631;Totaal over alle leeftijden;Mannen en vrouwen;Zijpe;2009;11478;10482;708;278;430;288;171;117;476
9632;Totaal over alle leeftijden;Mannen en vrouwen;Zijpe;2010;11413;10408;694;264;430;311;180;131;476
9633;Totaal over alle leeftijden;Mannen en vrouwen;Zijpe;2011;11500;10464;683;251;432;353;194;159;476
9634;Totaal over alle leeftijden;Mannen en vrouwen;Zijpe;2012;11562;10516;677;246;431;369;191;178;476
9635;Totaal over alle leeftijden;Mannen en vrouwen;Zijpe;2013;11554;10493;678;246;432;383;196;187;476
9636;Totaal over alle leeftijden;Mannen en vrouwen;Zijpe;2014;11593;10499;666;236;430;428;215;213;476
9637;Totaal over alle leeftijden;Mannen en vrouwen;Zijpe;2015;11659;10555;649;230;419;455;235;220;476
9638;Totaal over alle leeftijden;Mannen en vrouwen;Zijpe;2016;11666;10535;651;231;420;480;243;237;476
9639;Totaal over alle leeftijden;Mannen en vrouwen;Zijpe;2017;11729;10547;665;237;428;517;259;258;476
9640;Totaal over alle leeftijden;Mannen en vrouwen;Zijpe;2018;11711;10536;667;241;426;508;243;265;476
9641;Totaal over alle leeftijden;Mannen en vrouwen;Zijpe;2019;11818;10615;669;235;434;534;265;269;476
9642;Totaal over alle leeftijden;Mannen en vrouwen;Zijpe;2020;11797;10576;679;256;423;542;257;285;476
9643;Totaal over alle leeftijden;Mannen en vrouwen;Zijpe;2021;11828;10610;664;249;415;554;260;294;476
9644;Totaal over alle leeftijden;Mannen en vrouwen;Zijpe;2022;11857;10627;664;255;409;566;267;299;476
9645;Totaal over alle leeftijden;Mannen en vrouwen;Zijpe;2023;11872;10611;659;245;414;602;284;318;476
9646;Totaal over alle leeftijden;Mannen en vrouwen;Zijpe;2024;11896;10613;671;247;424;612;285;327;476
9647;Totaal over alle leeftijden;Mannen en vrouwen;Zijpe;2025;11949;10663;676;254;422;610;293;317;476
9648;Totaal over alle leeftijden;Mannen en vrouwen;Zoetermeer;2008;119107;87286;13097;5101;7996;18724;10559;8165;637
9649;Totaal over alle leeftijden;Mannen en vrouwen;Zoetermeer;2009;120167;87911;13173;5143;8030;19083;10637;8446;637
9650;Totaal over alle leeftijden;Mannen en vrouwen;Zoetermeer;2010;121107;88339;13297;5212;8085;19471;10747;8724;637
9651;Totaal over alle leeftijden;Mannen en vrouwen;Zoetermeer;2011;122262;88907;13385;5302;8083;19970;10846;9124;637
9652;Totaal over alle leeftijden;Mannen en vrouwen;Zoetermeer;2012;123344;89425;13540;5387;8153;20379;10942;9437;637
9653;Totaal over alle leeftijden;Mannen en vrouwen;Zoetermeer;2013;122985;89038;13492;5351;8141;20455;10897;9558;637
9654;Totaal over alle leeftijden;Mannen en vrouwen;Zoetermeer;2014;122646;88551;13478;5378;8100;20617;10852;9765;637
9655;Totaal over alle leeftijden;Mannen en vrouwen;Zoetermeer;2015;122520;88230;13525;5406;8119;20765;10888;9877;637
9656;Totaal over alle leeftijden;Mannen en vrouwen;Zoetermeer;2016;122490;87961;13581;5407;8174;20948;10873;10075;637
9657;Totaal over alle leeftijden;Mannen en vrouwen;Zoetermeer;2017;122389;87624;13637;5460;8177;21128;10831;10297;637
9658;Totaal over alle leeftijden;Mannen en vrouwen;Zoetermeer;2018;122376;87410;13644;5483;8161;21322;10854;10468;637
9659;Totaal over alle leeftijden;Mannen en vrouwen;Zoetermeer;2019;122503;87321;13700;5527;8173;21482;10868;10614;637
9660;Totaal over alle leeftijden;Mannen en vrouwen;Zoetermeer;2020;122710;87189;13814;5589;8225;21707;10942;10765;637
9661;Totaal over alle leeftijden;Mannen en vrouwen;Zoetermeer;2021;122580;86938;13860;5634;8226;21782;10971;10811;637
9662;Totaal over alle leeftijden;Mannen en vrouwen;Zoetermeer;2022;122578;86835;13870;5657;8213;21873;10985;10888;637
9663;Totaal over alle leeftijden;Mannen en vrouwen;Zoetermeer;2023;122656;86689;13924;5645;8279;22043;11026;11017;637
9664;Totaal over alle leeftijden;Mannen en vrouwen;Zoetermeer;2024;122965;86699;14049;5700;8349;22217;11118;11099;637
9665;Totaal over alle leeftijden;Mannen en vrouwen;Zoetermeer;2025;123038;86576;14132;5754;8378;22330;11126;11204;637
9666;Totaal over alle leeftijden;Mannen en vrouwen;Zoeterwoude;2008;8115;7327;481;187;294;307;195;112;638
9667;Totaal over alle leeftijden;Mannen en vrouwen;Zoeterwoude;2009;7993;7187;482;191;291;324;196;128;638
9668;Totaal over alle leeftijden;Mannen en vrouwen;Zoeterwoude;2010;7910;7066;513;220;293;331;195;136;638
9669;Totaal over alle leeftijden;Mannen en vrouwen;Zoeterwoude;2011;7881;7015;524;231;293;342;193;149;638
9670;Totaal over alle leeftijden;Mannen en vrouwen;Zoeterwoude;2012;7793;6904;543;249;294;346;193;153;638
9671;Totaal over alle leeftijden;Mannen en vrouwen;Zoeterwoude;2013;7737;6796;562;271;291;379;210;169;638
9672;Totaal over alle leeftijden;Mannen en vrouwen;Zoeterwoude;2014;7703;6757;571;285;286;375;205;170;638
9673;Totaal over alle leeftijden;Mannen en vrouwen;Zoeterwoude;2015;7637;6664;587;288;299;386;211;175;638
9674;Totaal over alle leeftijden;Mannen en vrouwen;Zoeterwoude;2016;7551;6557;599;288;311;395;217;178;638
9675;Totaal over alle leeftijden;Mannen en vrouwen;Zoeterwoude;2017;7528;6510;612;293;319;406;223;183;638
9676;Totaal over alle leeftijden;Mannen en vrouwen;Zoeterwoude;2018;7534;6469;644;309;335;421;233;188;638
9677;Totaal over alle leeftijden;Mannen en vrouwen;Zoeterwoude;2019;7517;6422;666;314;352;429;236;193;638
9678;Totaal over alle leeftijden;Mannen en vrouwen;Zoeterwoude;2020;7518;6387;689;333;356;442;245;197;638
9679;Totaal over alle leeftijden;Mannen en vrouwen;Zoeterwoude;2021;7565;6394;708;359;349;463;258;205;638
9680;Totaal over alle leeftijden;Mannen en vrouwen;Zoeterwoude;2022;7584;6388;719;374;345;477;265;212;638
9681;Totaal over alle leeftijden;Mannen en vrouwen;Zoeterwoude;2023;7543;6330;730;383;347;483;265;218;638
9682;Totaal over alle leeftijden;Mannen en vrouwen;Zoeterwoude;2024;7567;6319;750;394;356;498;278;220;638
9683;Totaal over alle leeftijden;Mannen en vrouwen;Zoeterwoude;2025;7533;6265;767;401;366;501;273;228;638
9684;Totaal over alle leeftijden;Mannen en vrouwen;Zuidhorn;2008;18548;17444;750;256;494;354;204;150;56
9685;Totaal over alle leeftijden;Mannen en vrouwen;Zuidhorn;2009;18582;17415;755;254;501;412;228;184;56
9686;Totaal over alle leeftijden;Mannen en vrouwen;Zuidhorn;2010;18550;17380;742;245;497;428;228;200;56
9687;Totaal over alle leeftijden;Mannen en vrouwen;Zuidhorn;2011;18508;17295;755;255;500;458;240;218;56
9688;Totaal over alle leeftijden;Mannen en vrouwen;Zuidhorn;2012;18598;17344;751;251;500;503;261;242;56
9689;Totaal over alle leeftijden;Mannen en vrouwen;Zuidhorn;2013;18566;17309;751;247;504;506;263;243;56
9690;Totaal over alle leeftijden;Mannen en vrouwen;Zuidhorn;2014;18505;17214;752;249;503;539;277;262;56
9691;Totaal over alle leeftijden;Mannen en vrouwen;Zuidhorn;2015;18546;17208;764;265;499;574;302;272;56
9692;Totaal over alle leeftijden;Mannen en vrouwen;Zuidhorn;2016;18543;17177;766;271;495;600;306;294;56
9693;Totaal over alle leeftijden;Mannen en vrouwen;Zuidhorn;2017;18528;17140;766;271;495;622;320;302;56
9694;Totaal over alle leeftijden;Mannen en vrouwen;Zuidhorn;2018;18534;17110;773;271;502;651;331;320;56
9695;Totaal over alle leeftijden;Mannen en vrouwen;Zuidhorn;2019;18562;17115;789;276;513;658;346;312;56
9696;Totaal over alle leeftijden;Mannen en vrouwen;Zuidhorn;2020;18565;17076;797;284;513;692;354;338;56
9697;Totaal over alle leeftijden;Mannen en vrouwen;Zuidhorn;2021;18594;17075;787;275;512;732;380;352;56
9698;Totaal over alle leeftijden;Mannen en vrouwen;Zuidhorn;2022;18502;16953;793;270;523;756;392;364;56
9699;Totaal over alle leeftijden;Mannen en vrouwen;Zuidhorn;2023;18548;16985;782;275;507;781;404;377;56
9700;Totaal over alle leeftijden;Mannen en vrouwen;Zuidhorn;2024;18586;17018;790;276;514;778;412;366;56
9701;Totaal over alle leeftijden;Mannen en vrouwen;Zuidhorn;2025;18649;17015;805;283;522;829;422;407;56
9702;Totaal over alle leeftijden;Mannen en vrouwen;Zundert;2008;20605;17927;2162;956;1206;516;286;230;879
9703;Totaal over alle leeftijden;Mannen en vrouwen;Zundert;2009;20525;17827;2109;920;1189;589;337;252;879
9704;Totaal over alle leeftijden;Mannen en vrouwen;Zundert;2010;20363;17652;2083;907;1176;628;363;265;879
9705;Totaal over alle leeftijden;Mannen en vrouwen;Zundert;2011;20300;17559;2055;901;1154;686;401;285;879
9706;Totaal over alle leeftijden;Mannen en vrouwen;Zundert;2012;20171;17408;2019;884;1135;744;433;311;879
9707;Totaal over alle leeftijden;Mannen en vrouwen;Zundert;2013;20011;17232;1990;871;1119;789;467;322;879
9708;Totaal over alle leeftijden;Mannen en vrouwen;Zundert;2014;19941;17083;1985;863;1122;873;527;346;879
9709;Totaal over alle leeftijden;Mannen en vrouwen;Zundert;2015;19801;16902;1970;856;1114;929;554;375;879
9710;Totaal over alle leeftijden;Mannen en vrouwen;Zundert;2016;19777;16826;1962;866;1096;989;582;407;879
9711;Totaal over alle leeftijden;Mannen en vrouwen;Zundert;2017;19653;16646;1955;878;1077;1052;610;442;879
9712;Totaal over alle leeftijden;Mannen en vrouwen;Zundert;2018;19562;16532;1931;903;1028;1099;652;447;879
9713;Totaal over alle leeftijden;Mannen en vrouwen;Zundert;2019;19537;16448;1932;907;1025;1157;688;469;879
9714;Totaal over alle leeftijden;Mannen en vrouwen;Zundert;2020;19561;16436;1914;909;1005;1211;715;496;879
9715;Totaal over alle leeftijden;Mannen en vrouwen;Zundert;2021;19573;16384;1904;914;990;1285;754;531;879
9716;Totaal over alle leeftijden;Mannen en vrouwen;Zundert;2022;19610;16339;1915;930;985;1356;802;554;879
9717;Totaal over alle leeftijden;Mannen en vrouwen;Zundert;2023;19649;16301;1902;934;968;1446;876;570;879
9718;Totaal over alle leeftijden;Mannen en vrouwen;Zundert;2024;19698;16252;1917;934;983;1529;925;604;879
9719;Totaal over alle leeftijden;Mannen en vrouwen;Zundert;2025;19718;16203;1914;931;983;1601;980;621;879
9720;Totaal over alle leeftijden;Mannen en vrouwen;Zutphen;2008;47038;39904;3925;1334;2591;3209;1767;1442;301
9721;Totaal over alle leeftijden;Mannen en vrouwen;Zutphen;2009;47466;40261;3904;1339;2565;3301;1816;1485;301
9722;Totaal over alle leeftijden;Mannen en vrouwen;Zutphen;2010;47790;40600;3884;1337;2547;3306;1807;1499;301
9723;Totaal over alle leeftijden;Mannen en vrouwen;Zutphen;2011;48088;40845;3872;1321;2551;3371;1836;1535;301
9724;Totaal over alle leeftijden;Mannen en vrouwen;Zutphen;2012;48151;40942;3814;1279;2535;3395;1854;1541;301
9725;Totaal over alle leeftijden;Mannen en vrouwen;Zutphen;2013;48309;41069;3824;1294;2530;3416;1845;1571;301
9726;Totaal over alle leeftijden;Mannen en vrouwen;Zutphen;2014;48432;41166;3817;1307;2510;3449;1864;1585;301
9727;Totaal over alle leeftijden;Mannen en vrouwen;Zutphen;2015;48523;41246;3771;1293;2478;3506;1907;1599;301
9728;Totaal over alle leeftijden;Mannen en vrouwen;Zutphen;2016;48742;41409;3756;1299;2457;3577;1925;1652;301
9729;Totaal over alle leeftijden;Mannen en vrouwen;Zutphen;2017;48889;41446;3791;1308;2483;3652;1945;1707;301
9730;Totaal over alle leeftijden;Mannen en vrouwen;Zutphen;2018;48968;41509;3758;1292;2466;3701;1988;1713;301
9731;Totaal over alle leeftijden;Mannen en vrouwen;Zutphen;2019;49065;41574;3727;1283;2444;3764;2020;1744;301
9732;Totaal over alle leeftijden;Mannen en vrouwen;Zutphen;2020;49087;41611;3681;1277;2404;3795;2042;1753;301
9733;Totaal over alle leeftijden;Mannen en vrouwen;Zutphen;2021;49085;41602;3629;1247;2382;3854;2066;1788;301
9734;Totaal over alle leeftijden;Mannen en vrouwen;Zutphen;2022;49150;41606;3627;1258;2369;3917;2110;1807;301
9735;Totaal over alle leeftijden;Mannen en vrouwen;Zutphen;2023;49240;41666;3612;1274;2338;3962;2124;1838;301
9736;Totaal over alle leeftijden;Mannen en vrouwen;Zutphen;2024;49289;41702;3631;1296;2335;3956;2146;1810;301
9737;Totaal over alle leeftijden;Mannen en vrouwen;Zutphen;2025;49309;41669;3626;1300;2326;4014;2173;1841;301
9738;Totaal over alle leeftijden;Mannen en vrouwen;Zwartewaterland;2008;21638;20693;571;185;386;374;208;166;1896
9739;Totaal over alle leeftijden;Mannen en vrouwen;Zwartewaterland;2009;21730;20701;599;199;400;430;244;186;1896
9740;Totaal over alle leeftijden;Mannen en vrouwen;Zwartewaterland;2010;21753;20661;610;205;405;482;268;214;1896
9741;Totaal over alle leeftijden;Mannen en vrouwen;Zwartewaterland;2011;21750;20613;629;210;419;508;281;227;1896
9742;Totaal over alle leeftijden;Mannen en vrouwen;Zwartewaterland;2012;21809;20625;643;211;432;541;298;243;1896
9743;Totaal over alle leeftijden;Mannen en vrouwen;Zwartewaterland;2013;21882;20625;655;225;430;602;328;274;1896
9744;Totaal over alle leeftijden;Mannen en vrouwen;Zwartewaterland;2014;21930;20610;681;225;456;639;338;301;1896
9745;Totaal over alle leeftijden;Mannen en vrouwen;Zwartewaterland;2015;21975;20607;684;224;460;684;366;318;1896
9746;Totaal over alle leeftijden;Mannen en vrouwen;Zwartewaterland;2016;22037;20622;671;213;458;744;375;369;1896
9747;Totaal over alle leeftijden;Mannen en vrouwen;Zwartewaterland;2017;22037;20585;670;215;455;782;389;393;1896
9748;Totaal over alle leeftijden;Mannen en vrouwen;Zwartewaterland;2018;22083;20593;682;217;465;808;403;405;1896
9749;Totaal over alle leeftijden;Mannen en vrouwen;Zwartewaterland;2019;22118;20593;674;212;462;851;425;426;1896
9750;Totaal over alle leeftijden;Mannen en vrouwen;Zwartewaterland;2020;22161;20594;685;217;468;882;436;446;1896
9751;Totaal over alle leeftijden;Mannen en vrouwen;Zwartewaterland;2021;22128;20522;681;220;461;925;453;472;1896
9752;Totaal over alle leeftijden;Mannen en vrouwen;Zwartewaterland;2022;22138;20481;686;222;464;971;482;489;1896
9753;Totaal over alle leeftijden;Mannen en vrouwen;Zwartewaterland;2023;22177;20428;719;236;483;1030;507;523;1896
9754;Totaal over alle leeftijden;Mannen en vrouwen;Zwartewaterland;2024;22114;20326;734;250;484;1054;522;532;1896
9755;Totaal over alle leeftijden;Mannen en vrouwen;Zwartewaterland;2025;22079;20244;759;261;498;1076;522;554;1896
9756;Totaal over alle leeftijden;Mannen en vrouwen;Zwijndrecht;2008;44427;36626;3276;1200;2076;4525;2537;1988;642
9757;Totaal over alle leeftijden;Mannen en vrouwen;Zwijndrecht;2009;44326;36480;3278;1195;2083;4568;2545;2023;642
9758;Totaal over alle leeftijden;Mannen en vrouwen;Zwijndrecht;2010;44272;36373;3273;1197;2076;4626;2583;2043;642
9759;Totaal over alle leeftijden;Mannen en vrouwen;Zwijndrecht;2011;44316;36310;3300;1218;2082;4706;2611;2095;642
9760;Totaal over alle leeftijden;Mannen en vrouwen;Zwijndrecht;2012;44249;36228;3255;1202;2053;4766;2616;2150;642
9761;Totaal over alle leeftijden;Mannen en vrouwen;Zwijndrecht;2013;44159;36069;3277;1223;2054;4813;2632;2181;642
9762;Totaal over alle leeftijden;Mannen en vrouwen;Zwijndrecht;2014;44144;35994;3284;1214;2070;4866;2645;2221;642
9763;Totaal over alle leeftijden;Mannen en vrouwen;Zwijndrecht;2015;44153;36003;3250;1204;2046;4900;2657;2243;642
9764;Totaal over alle leeftijden;Mannen en vrouwen;Zwijndrecht;2016;44175;35951;3272;1222;2050;4952;2671;2281;642
9765;Totaal over alle leeftijden;Mannen en vrouwen;Zwijndrecht;2017;44276;35978;3306;1238;2068;4992;2671;2321;642
9766;Totaal over alle leeftijden;Mannen en vrouwen;Zwijndrecht;2018;44329;35913;3296;1218;2078;5120;2710;2410;642
9767;Totaal over alle leeftijden;Mannen en vrouwen;Zwijndrecht;2019;44373;35875;3329;1239;2090;5169;2729;2440;642
9768;Totaal over alle leeftijden;Mannen en vrouwen;Zwijndrecht;2020;44433;35854;3357;1258;2099;5222;2751;2471;642
9769;Totaal over alle leeftijden;Mannen en vrouwen;Zwijndrecht;2021;44444;35837;3392;1278;2114;5215;2733;2482;642
9770;Totaal over alle leeftijden;Mannen en vrouwen;Zwijndrecht;2022;44490;35803;3425;1304;2121;5262;2755;2507;642
9771;Totaal over alle leeftijden;Mannen en vrouwen;Zwijndrecht;2023;44633;35894;3433;1310;2123;5306;2763;2543;642
9772;Totaal over alle leeftijden;Mannen en vrouwen;Zwijndrecht;2024;44688;35867;3465;1317;2148;5356;2784;2572;642
9773;Totaal over alle leeftijden;Mannen en vrouwen;Zwijndrecht;2025;44689;35797;3481;1316;2165;5411;2801;2610;642
9774;Totaal over alle leeftijden;Mannen en vrouwen;Zwolle;2008;115006;97547;7584;2666;4918;9875;5765;4110;193
9775;Totaal over alle leeftijden;Mannen en vrouwen;Zwolle;2009;116026;98400;7604;2704;4900;10022;5816;4206;193
9776;Totaal over alle leeftijden;Mannen en vrouwen;Zwolle;2010;116963;99152;7677;2734;4943;10134;5847;4287;193
9777;Totaal over alle leeftijden;Mannen en vrouwen;Zwolle;2011;117847;99825;7752;2779;4973;10270;5879;4391;193
9778;Totaal over alle leeftijden;Mannen en vrouwen;Zwolle;2012;118735;100462;7843;2824;5019;10430;5951;4479;193
9779;Totaal over alle leeftijden;Mannen en vrouwen;Zwolle;2013;119710;101184;7916;2851;5065;10610;6041;4569;193
9780;Totaal over alle leeftijden;Mannen en vrouwen;Zwolle;2014;120676;101911;7994;2928;5066;10771;6079;4692;193
9781;Totaal over alle leeftijden;Mannen en vrouwen;Zwolle;2015;121651;102606;8077;2974;5103;10968;6182;4786;193
9782;Totaal over alle leeftijden;Mannen en vrouwen;Zwolle;2016;122603;103280;8173;3018;5155;11150;6253;4897;193
9783;Totaal over alle leeftijden;Mannen en vrouwen;Zwolle;2017;123458;103832;8238;3060;5178;11388;6346;5042;193
9784;Totaal over alle leeftijden;Mannen en vrouwen;Zwolle;2018;124387;104525;8308;3101;5207;11554;6436;5118;193
9785;Totaal over alle leeftijden;Mannen en vrouwen;Zwolle;2019;125182;105072;8375;3171;5204;11735;6533;5202;193
9786;Totaal over alle leeftijden;Mannen en vrouwen;Zwolle;2020;125956;105507;8503;3236;5267;11946;6656;5290;193
9787;Totaal over alle leeftijden;Mannen en vrouwen;Zwolle;2021;126561;105896;8558;3308;5250;12107;6734;5373;193
9788;Totaal over alle leeftijden;Mannen en vrouwen;Zwolle;2022;127218;106277;8645;3369;5276;12296;6820;5476;193
9789;Totaal over alle leeftijden;Mannen en vrouwen;Zwolle;2023;127868;106672;8703;3364;5339;12493;6948;5545;193
9790;Totaal over alle leeftijden;Mannen en vrouwen;Zwolle;2024;128308;106930;8719;3379;5340;12659;7028;5631;193
9791;Totaal over alle leeftijden;Mannen en vrouwen;Zwolle;2025;128729;107153;8737;3409;5328;12839;7108;5731;193
9792;Totaal over alle leeftijden;Mannen;Nederland;2008;8094722;6524533;686669;262788;423881;883520;504049;379471;1
9793;Totaal over alle leeftijden;Mannen;Nederland;2009;8106886;6524640;690761;265772;424989;891485;501006;390479;1
9794;Totaal over alle leeftijden;Mannen;Nederland;2010;8121363;6525119;695816;269711;426105;900428;499111;401317;1
9795;Totaal over alle leeftijden;Mannen;Nederland;2011;8137725;6525722;701937;274436;427501;910066;497940;412126;1
9796;Totaal over alle leeftijden;Mannen;Nederland;2012;8155207;6526377;708646;279619;429027;920184;497286;422898;1
9797;Totaal over alle leeftijden;Mannen;Nederland;2013;8173057;6527141;715685;285040;430645;930231;496996;433235;1
9798;Totaal over alle leeftijden;Mannen;Nederland;2014;8190718;6527803;722663;290381;432282;940252;497070;443182;1
9799;Totaal over alle leeftijden;Mannen;Nederland;2015;8207963;6528171;729625;295623;434002;950167;497429;452738;1
9800;Totaal over alle leeftijden;Mannen;Nederland;2016;8224914;6528249;736594;300785;435809;960071;498079;461992;1
9801;Totaal over alle leeftijden;Mannen;Nederland;2017;8241419;6527995;743575;305907;437668;969849;498960;470889;1
9802;Totaal over alle leeftijden;Mannen;Nederland;2018;8257636;6527395;750536;310961;439575;979705;500133;479572;1
9803;Totaal over alle leeftijden;Mannen;Nederland;2019;8273445;6526503;757571;316020;441551;989371;501487;487884;1
9804;Totaal over alle leeftijden;Mannen;Nederland;2020;8288944;6525272;764632;321070;443562;999040;503000;496040;1
9805;Totaal over alle leeftijden;Mannen;Nederland;2021;8303973;6523528;771749;326144;445605;1008696;504732;503964;1
9806;Totaal over alle leeftijden;Mannen;Nederland;2022;8318320;6521162;778892;331194;447698;1018266;506562;511704;1
9807;Totaal over alle leeftijden;Mannen;Nederland;2023;8331949;6517939;786097;336284;449813;1027913;508591;519322;1
9808;Totaal over alle leeftijden;Mannen;Nederland;2024;8344654;6513878;793351;341376;451975;1037425;510612;526813;1
9809;Totaal over alle leeftijden;Mannen;Nederland;2025;8356351;6508711;800641;346480;454161;1046999;512795;534204;1
9810;Totaal over alle leeftijden;Mannen;Noord-Nederland (LD);2008;844362;760287;45948;15868;30080;38127;23250;14877;1
9811;Totaal over alle leeftijden;Mannen;Noord-Nederland (LD);2009;844539;759321;45984;15785;30199;39234;23468;15766;1
9812;Totaal over alle leeftijden;Mannen;Noord-Nederland (LD);2010;844854;758312;46151;15851;30300;40391;23783;16608;1
9813;Totaal over alle leeftijden;Mannen;Noord-Nederland (LD);2011;845180;757360;46317;15887;30430;41503;24140;17363;1
9814;Totaal over alle leeftijden;Mannen;Noord-Nederland (LD);2012;845495;756321;46555;16027;30528;42619;24519;18100;1
9815;Totaal over alle leeftijden;Mannen;Noord-Nederland (LD);2013;846036;755589;46691;16057;30634;43756;24816;18940;1
9816;Totaal over alle leeftijden;Mannen;Noord-Nederland (LD);2014;846663;754782;46881;16111;30770;45000;25254;19746;1
9817;Totaal over alle leeftijden;Mannen;Noord-Nederland (LD);2015;847266;753925;47179;16268;30911;46162;25613;20549;1
9818;Totaal over alle leeftijden;Mannen;Noord-Nederland (LD);2016;847893;753215;47304;16329;30975;47374;26007;21367;1
9819;Totaal over alle leeftijden;Mannen;Noord-Nederland (LD);2017;848554;752416;47536;16434;31102;48602;26410;22192;1
9820;Totaal over alle leeftijden;Mannen;Noord-Nederland (LD);2018;849154;751741;47703;16521;31182;49710;26786;22924;1
9821;Totaal over alle leeftijden;Mannen;Noord-Nederland (LD);2019;849859;751015;47825;16588;31237;51019;27310;23709;1
9822;Totaal over alle leeftijden;Mannen;Noord-Nederland (LD);2020;850449;750241;48005;16695;31310;52203;27675;24528;1
9823;Totaal over alle leeftijden;Mannen;Noord-Nederland (LD);2021;851150;749368;48322;16883;31439;53460;28098;25362;1
9824;Totaal over alle leeftijden;Mannen;Noord-Nederland (LD);2022;851574;748433;48531;17023;31508;54610;28598;26012;1
9825;Totaal over alle leeftijden;Mannen;Noord-Nederland (LD);2023;852233;747624;48743;17184;31559;55866;29097;26769;1
9826;Totaal over alle leeftijden;Mannen;Noord-Nederland (LD);2024;852598;746701;48837;17296;31541;57060;29529;27531;1
9827;Totaal over alle leeftijden;Mannen;Noord-Nederland (LD);2025;853258;745843;49053;17521;31532;58362;30008;28354;1
9828;Totaal over alle leeftijden;Mannen;Oost-Nederland (LD);2008;1722175;1460630;122215;40011;82204;139330;79321;60009;2
9829;Totaal over alle leeftijden;Mannen;Oost-Nederland (LD);2009;1725980;1461524;122683;40254;82429;141773;79451;62322;2
9830;Totaal over alle leeftijden;Mannen;Oost-Nederland (LD);2010;1730134;1462423;123316;40579;82737;144395;79787;64608;2
9831;Totaal over alle leeftijden;Mannen;Oost-Nederland (LD);2011;1734633;1463473;123923;40911;83012;147237;80315;66922;2
9832;Totaal over alle leeftijden;Mannen;Oost-Nederland (LD);2012;1738643;1463923;124652;41351;83301;150068;80957;69111;2
9833;Totaal over alle leeftijden;Mannen;Oost-Nederland (LD);2013;1742582;1464199;125449;42047;83402;152934;81576;71358;2
9834;Totaal over alle leeftijden;Mannen;Oost-Nederland (LD);2014;1745876;1464086;126094;42538;83556;155696;82230;73466;2
9835;Totaal over alle leeftijden;Mannen;Oost-Nederland (LD);2015;1748663;1463412;126671;42904;83767;158580;83096;75484;2
9836;Totaal over alle leeftijden;Mannen;Oost-Nederland (LD);2016;1752093;1463226;127454;43532;83922;161413;83817;77596;2
9837;Totaal over alle leeftijden;Mannen;Oost-Nederland (LD);2017;1755307;1462804;128257;44160;84097;164246;84697;79549;2
9838;Totaal over alle leeftijden;Mannen;Oost-Nederland (LD);2018;1758236;1462234;128824;44667;84157;167178;85685;81493;2
9839;Totaal over alle leeftijden;Mannen;Oost-Nederland (LD);2019;1760841;1461605;129363;45175;84188;169873;86595;83278;2
9840;Totaal over alle leeftijden;Mannen;Oost-Nederland (LD);2020;1763297;1460610;130118;45728;84390;172569;87488;85081;2
9841;Totaal over alle leeftijden;Mannen;Oost-Nederland (LD);2021;1765536;1459572;130629;46224;84405;175335;88326;87009;2
9842;Totaal over alle leeftijden;Mannen;Oost-Nederland (LD);2022;1767945;1458660;131337;46755;84582;177948;89273;88675;2
9843;Totaal over alle leeftijden;Mannen;Oost-Nederland (LD);2023;1769792;1457486;132024;47401;84623;180282;89985;90297;2
9844;Totaal over alle leeftijden;Mannen;Oost-Nederland (LD);2024;1771609;1456002;132726;48030;84696;182881;90833;92048;2
9845;Totaal over alle leeftijden;Mannen;Oost-Nederland (LD);2025;1773003;1454243;133319;48547;84772;185441;91697;93744;2
9846;Totaal over alle leeftijden;Mannen;West-Nederland (LD);2008;3767229;2834152;352095;149162;202933;580982;330036;250946;3
9847;Totaal over alle leeftijden;Mannen;West-Nederland (LD);2009;3777902;2838323;356481;151825;204656;583098;326044;257054;3
9848;Totaal over alle leeftijden;Mannen;West-Nederland (LD);2010;3789959;2842649;361376;155109;206267;585934;322873;263061;3
9849;Totaal over alle leeftijden;Mannen;West-Nederland (LD);2011;3803266;2846974;367034;159041;207993;589258;320322;268936;3
9850;Totaal over alle leeftijden;Mannen;West-Nederland (LD);2012;3817567;2851780;372806;163002;209804;592981;318168;274813;3
9851;Totaal over alle leeftijden;Mannen;West-Nederland (LD);2013;3831906;2856611;378828;167061;211767;596467;316264;280203;3
9852;Totaal over alle leeftijden;Mannen;West-Nederland (LD);2014;3845998;2861122;385040;171243;213797;599836;314462;285374;3
9853;Totaal over alle leeftijden;Mannen;West-Nederland (LD);2015;3860577;2866263;391043;175356;215687;603271;312821;290450;3
9854;Totaal over alle leeftijden;Mannen;West-Nederland (LD);2016;3873823;2870168;397114;179238;217876;606541;311501;295040;3
9855;Totaal over alle leeftijden;Mannen;West-Nederland (LD);2017;3886897;2874196;402891;182932;219959;609810;310370;299440;3
9856;Totaal over alle leeftijden;Mannen;West-Nederland (LD);2018;3899900;2877670;408995;186622;222373;613235;309299;303936;3
9857;Totaal over alle leeftijden;Mannen;West-Nederland (LD);2019;3912607;2881102;415165;190462;224703;616340;308364;307976;3
9858;Totaal over alle leeftijden;Mannen;West-Nederland (LD);2020;3925298;2884467;421122;194188;226934;619709;307759;311950;3
9859;Totaal over alle leeftijden;Mannen;West-Nederland (LD);2021;3937442;2887468;427142;197995;229147;622832;307331;315501;3
9860;Totaal over alle leeftijden;Mannen;West-Nederland (LD);2022;3949352;2889865;433128;201714;231414;626359;306900;319459;3
9861;Totaal over alle leeftijden;Mannen;West-Nederland (LD);2023;3960539;2891651;439171;205408;233763;629717;306695;323022;3
9862;Totaal over alle leeftijden;Mannen;West-Nederland (LD);2024;3971543;2893440;445222;209057;236165;632881;306486;326395;3
9863;Totaal over alle leeftijden;Mannen;West-Nederland (LD);2025;3981540;2894087;451303;212736;238567;636150;306295;329855;3
9864;Totaal over alle leeftijden;Mannen;Zuid-Nederland (LD);2008;1760956;1469464;166411;57747;108664;125081;71442;53639;4
9865;Totaal over alle leeftijden;Mannen;Zuid-Nederland (LD);2009;1758465;1465472;165613;57908;107705;127380;72043;55337;4
9866;Totaal over alle leeftijden;Mannen;Zuid-Nederland (LD);2010;1756416;1461735;164973;58172;106801;129708;72668;57040;4
9867;Totaal over alle leeftijden;Mannen;Zuid-Nederland (LD);2011;1754646;1457915;164663;58597;106066;132068;73163;58905;4
9868;Totaal over alle leeftijden;Mannen;Zuid-Nederland (LD);2012;1753502;1454353;164633;59239;105394;134516;73642;60874;4
9869;Totaal over alle leeftijden;Mannen;Zuid-Nederland (LD);2013;1752533;1450742;164717;59875;104842;137074;74340;62734;4
9870;Totaal over alle leeftijden;Mannen;Zuid-Nederland (LD);2014;1752181;1447813;164648;60489;104159;139720;75124;64596;4
9871;Totaal over alle leeftijden;Mannen;Zuid-Nederland (LD);2015;1751457;1444571;164732;61095;103637;142154;75899;66255;4
9872;Totaal over alle leeftijden;Mannen;Zuid-Nederland (LD);2016;1751105;1441640;164722;61686;103036;144743;76754;67989;4
9873;Totaal over alle leeftijden;Mannen;Zuid-Nederland (LD);2017;1750661;1438579;164891;62381;102510;147191;77483;69708;4
9874;Totaal over alle leeftijden;Mannen;Zuid-Nederland (LD);2018;1750346;1435750;165014;63151;101863;149582;78363;71219;4
9875;Totaal over alle leeftijden;Mannen;Zuid-Nederland (LD);2019;1750138;1432781;165218;63795;101423;152139;79218;72921;4
9876;Totaal over alle leeftijden;Mannen;Zuid-Nederland (LD);2020;1749900;1429954;165387;64459;100928;154559;80078;74481;4
9877;Totaal over alle leeftijden;Mannen;Zuid-Nederland (LD);2021;1749845;1427120;165656;65042;100614;157069;80977;76092;4
9878;Totaal over alle leeftijden;Mannen;Zuid-Nederland (LD);2022;1749449;1424204;165896;65702;100194;159349;81791;77558;4
9879;Totaal over alle leeftijden;Mannen;Zuid-Nederland (LD);2023;1749385;1421178;166159;66291;99868;162048;82814;79234;4
9880;Totaal over alle leeftijden;Mannen;Zuid-Nederland (LD);2024;1748904;1417735;166566;66993;99573;164603;83764;80839;4
9881;Totaal over alle leeftijden;Mannen;Zuid-Nederland (LD);2025;1748550;1414538;166966;67676;99290;167046;84795;82251;4
9882;Totaal over alle leeftijden;Mannen;Groningen (PV);2008;283366;247710;18599;6920;11679;17057;10650;6407;20
9883;Totaal over alle leeftijden;Mannen;Groningen (PV);2009;283077;247188;18558;6869;11689;17331;10652;6679;20
9884;Totaal over alle leeftijden;Mannen;Groningen (PV);2010;283054;246924;18527;6862;11665;17603;10677;6926;20
9885;Totaal over alle leeftijden;Mannen;Groningen (PV);2011;283212;246768;18612;6904;11708;17832;10693;7139;20
9886;Totaal over alle leeftijden;Mannen;Groningen (PV);2012;283589;246785;18665;6950;11715;18139;10742;7397;20
9887;Totaal over alle leeftijden;Mannen;Groningen (PV);2013;284195;247082;18634;6899;11735;18479;10829;7650;20
9888;Totaal over alle leeftijden;Mannen;Groningen (PV);2014;284720;247179;18686;6914;11772;18855;10954;7901;20
9889;Totaal over alle leeftijden;Mannen;Groningen (PV);2015;285376;247391;18784;7017;11767;19201;11040;8161;20
9890;Totaal over alle leeftijden;Mannen;Groningen (PV);2016;285938;247554;18790;7030;11760;19594;11139;8455;20
9891;Totaal over alle leeftijden;Mannen;Groningen (PV);2017;286447;247703;18849;7045;11804;19895;11224;8671;20
9892;Totaal over alle leeftijden;Mannen;Groningen (PV);2018;286936;247888;18866;7056;11810;20182;11323;8859;20
9893;Totaal over alle leeftijden;Mannen;Groningen (PV);2019;287546;248031;18956;7098;11858;20559;11462;9097;20
9894;Totaal over alle leeftijden;Mannen;Groningen (PV);2020;288221;248269;19015;7120;11895;20937;11545;9392;20
9895;Totaal over alle leeftijden;Mannen;Groningen (PV);2021;288693;248294;19108;7212;11896;21291;11663;9628;20
9896;Totaal over alle leeftijden;Mannen;Groningen (PV);2022;289064;248205;19178;7222;11956;21681;11861;9820;20
9897;Totaal over alle leeftijden;Mannen;Groningen (PV);2023;289483;248244;19191;7226;11965;22048;12019;10029;20
9898;Totaal over alle leeftijden;Mannen;Groningen (PV);2024;289864;248187;19297;7275;12022;22380;12130;10250;20
9899;Totaal over alle leeftijden;Mannen;Groningen (PV);2025;290014;247912;19356;7362;11994;22746;12236;10510;20
9900;Totaal over alle leeftijden;Mannen;Friesland (PV);2008;321392;294331;14637;4756;9881;12424;7583;4841;21
9901;Totaal over alle leeftijden;Mannen;Friesland (PV);2009;321886;294388;14692;4732;9960;12806;7640;5166;21
9902;Totaal over alle leeftijden;Mannen;Friesland (PV);2010;321931;293897;14780;4741;10039;13254;7800;5454;21
9903;Totaal over alle leeftijden;Mannen;Friesland (PV);2011;322148;293590;14839;4745;10094;13719;8005;5714;21
9904;Totaal over alle leeftijden;Mannen;Friesland (PV);2012;322030;293031;14910;4770;10140;14089;8146;5943;21
9905;Totaal over alle leeftijden;Mannen;Friesland (PV);2013;321906;292424;15006;4816;10190;14476;8231;6245;21
9906;Totaal over alle leeftijden;Mannen;Friesland (PV);2014;321902;291897;15101;4836;10265;14904;8371;6533;21
9907;Totaal over alle leeftijden;Mannen;Friesland (PV);2015;322007;291413;15247;4854;10393;15347;8505;6842;21
9908;Totaal over alle leeftijden;Mannen;Friesland (PV);2016;322004;290959;15317;4885;10432;15728;8645;7083;21
9909;Totaal over alle leeftijden;Mannen;Friesland (PV);2017;322073;290452;15418;4896;10522;16203;8820;7383;21
9910;Totaal over alle leeftijden;Mannen;Friesland (PV);2018;322164;289993;15549;4954;10595;16622;8916;7706;21
9911;Totaal over alle leeftijden;Mannen;Friesland (PV);2019;322168;289514;15582;4965;10617;17072;9119;7953;21
9912;Totaal over alle leeftijden;Mannen;Friesland (PV);2020;322183;289029;15661;5003;10658;17493;9257;8236;21
9913;Totaal over alle leeftijden;Mannen;Friesland (PV);2021;322201;288500;15809;5031;10778;17892;9377;8515;21
9914;Totaal over alle leeftijden;Mannen;Friesland (PV);2022;322222;288049;15929;5090;10839;18244;9511;8733;21
9915;Totaal over alle leeftijden;Mannen;Friesland (PV);2023;322298;287640;15986;5146;10840;18672;9665;9007;21
9916;Totaal over alle leeftijden;Mannen;Friesland (PV);2024;322246;287215;15900;5138;10762;19131;9858;9273;21
9917;Totaal over alle leeftijden;Mannen;Friesland (PV);2025;322346;286820;15955;5178;10777;19571;10023;9548;21
9918;Totaal over alle leeftijden;Mannen;Drenthe (PV);2008;239604;218246;12712;4192;8520;8646;5017;3629;22
9919;Totaal over alle leeftijden;Mannen;Drenthe (PV);2009;239576;217745;12734;4184;8550;9097;5176;3921;22
9920;Totaal over alle leeftijden;Mannen;Drenthe (PV);2010;239869;217491;12844;4248;8596;9534;5306;4228;22
9921;Totaal over alle leeftijden;Mannen;Drenthe (PV);2011;239820;217002;12866;4238;8628;9952;5442;4510;22
9922;Totaal over alle leeftijden;Mannen;Drenthe (PV);2012;239876;216505;12980;4307;8673;10391;5631;4760;22
9923;Totaal over alle leeftijden;Mannen;Drenthe (PV);2013;239935;216083;13051;4342;8709;10801;5756;5045;22
9924;Totaal over alle leeftijden;Mannen;Drenthe (PV);2014;240041;215706;13094;4361;8733;11241;5929;5312;22
9925;Totaal over alle leeftijden;Mannen;Drenthe (PV);2015;239883;215121;13148;4397;8751;11614;6068;5546;22
9926;Totaal over alle leeftijden;Mannen;Drenthe (PV);2016;239951;214702;13197;4414;8783;12052;6223;5829;22
9927;Totaal over alle leeftijden;Mannen;Drenthe (PV);2017;240034;214261;13269;4493;8776;12504;6366;6138;22
9928;Totaal over alle leeftijden;Mannen;Drenthe (PV);2018;240054;213860;13288;4511;8777;12906;6547;6359;22
9929;Totaal over alle leeftijden;Mannen;Drenthe (PV);2019;240145;213470;13287;4525;8762;13388;6729;6659;22
9930;Totaal over alle leeftijden;Mannen;Drenthe (PV);2020;240045;212943;13329;4572;8757;13773;6873;6900;22
9931;Totaal over alle leeftijden;Mannen;Drenthe (PV);2021;240256;212574;13405;4640;8765;14277;7058;7219;22
9932;Totaal over alle leeftijden;Mannen;Drenthe (PV);2022;240288;212179;13424;4711;8713;14685;7226;7459;22
9933;Totaal over alle leeftijden;Mannen;Drenthe (PV);2023;240452;211740;13566;4812;8754;15146;7413;7733;22
9934;Totaal over alle leeftijden;Mannen;Drenthe (PV);2024;240488;211299;13640;4883;8757;15549;7541;8008;22
9935;Totaal over alle leeftijden;Mannen;Drenthe (PV);2025;240898;211111;13742;4981;8761;16045;7749;8296;22
9936;Totaal over alle leeftijden;Mannen;Overijssel (PV);2008;558963;480706;37199;11994;25205;41058;23647;17411;23
9937;Totaal over alle leeftijden;Mannen;Overijssel (PV);2009;560085;481114;37315;12088;25227;41656;23713;17943;23
9938;Totaal over alle leeftijden;Mannen;Overijssel (PV);2010;561193;481428;37468;12213;25255;42297;23781;18516;23
9939;Totaal over alle leeftijden;Mannen;Overijssel (PV);2011;562165;481604;37510;12274;25236;43051;23940;19111;23
9940;Totaal over alle leeftijden;Mannen;Overijssel (PV);2012;563103;481627;37712;12361;25351;43764;24156;19608;23
9941;Totaal over alle leeftijden;Mannen;Overijssel (PV);2013;564192;481786;37840;12500;25340;44566;24355;20211;23
9942;Totaal over alle leeftijden;Mannen;Overijssel (PV);2014;564972;481732;37979;12651;25328;45261;24546;20715;23
9943;Totaal over alle leeftijden;Mannen;Overijssel (PV);2015;565586;481382;38088;12786;25302;46116;24853;21263;23
9944;Totaal over alle leeftijden;Mannen;Overijssel (PV);2016;566183;481115;38147;12946;25201;46921;25174;21747;23
9945;Totaal over alle leeftijden;Mannen;Overijssel (PV);2017;566986;480921;38276;13074;25202;47789;25514;22275;23
9946;Totaal over alle leeftijden;Mannen;Overijssel (PV);2018;567492;480568;38382;13219;25163;48542;25851;22691;23
9947;Totaal over alle leeftijden;Mannen;Overijssel (PV);2019;568324;480376;38519;13408;25111;49429;26249;23180;23
9948;Totaal over alle leeftijden;Mannen;Overijssel (PV);2020;568868;479932;38761;13616;25145;50175;26646;23529;23
9949;Totaal over alle leeftijden;Mannen;Overijssel (PV);2021;569452;479519;38892;13757;25135;51041;26941;24100;23
9950;Totaal over alle leeftijden;Mannen;Overijssel (PV);2022;570020;479219;38939;13885;25054;51862;27242;24620;23
9951;Totaal over alle leeftijden;Mannen;Overijssel (PV);2023;570393;478700;39138;14034;25104;52555;27518;25037;23
9952;Totaal over alle leeftijden;Mannen;Overijssel (PV);2024;570622;478046;39197;14195;25002;53379;27896;25483;23
9953;Totaal over alle leeftijden;Mannen;Overijssel (PV);2025;570692;477289;39312;14306;25006;54091;28231;25860;23
9954;Totaal over alle leeftijden;Mannen;Flevoland (PV);2008;188745;141395;14842;5255;9587;32508;17474;15034;24
9955;Totaal over alle leeftijden;Mannen;Flevoland (PV);2009;190726;142469;15143;5387;9756;33114;17344;15770;24
9956;Totaal over alle leeftijden;Mannen;Flevoland (PV);2010;192656;143316;15529;5515;10014;33811;17356;16455;24
9957;Totaal over alle leeftijden;Mannen;Flevoland (PV);2011;194692;144305;15851;5653;10198;34536;17370;17166;24
9958;Totaal over alle leeftijden;Mannen;Flevoland (PV);2012;196679;145207;16193;5813;10380;35279;17417;17862;24
9959;Totaal over alle leeftijden;Mannen;Flevoland (PV);2013;198890;146193;16529;5993;10536;36168;17534;18634;24
9960;Totaal over alle leeftijden;Mannen;Flevoland (PV);2014;201200;147295;16949;6173;10776;36956;17619;19337;24
9961;Totaal over alle leeftijden;Mannen;Flevoland (PV);2015;203145;148193;17259;6335;10924;37693;17677;20016;24
9962;Totaal over alle leeftijden;Mannen;Flevoland (PV);2016;205276;149137;17694;6527;11167;38445;17821;20624;24
9963;Totaal over alle leeftijden;Mannen;Flevoland (PV);2017;207436;150108;18111;6716;11395;39217;17973;21244;24
9964;Totaal over alle leeftijden;Mannen;Flevoland (PV);2018;209453;150977;18448;6886;11562;40028;18162;21866;24
9965;Totaal over alle leeftijden;Mannen;Flevoland (PV);2019;211198;151701;18843;7036;11807;40654;18319;22335;24
9966;Totaal over alle leeftijden;Mannen;Flevoland (PV);2020;213205;152680;19232;7244;11988;41293;18349;22944;24
9967;Totaal over alle leeftijden;Mannen;Flevoland (PV);2021;214959;153445;19580;7406;12174;41934;18441;23493;24
9968;Totaal over alle leeftijden;Mannen;Flevoland (PV);2022;216745;154242;19972;7594;12378;42531;18590;23941;24
9969;Totaal over alle leeftijden;Mannen;Flevoland (PV);2023;218492;154953;20416;7801;12615;43123;18708;24415;24
9970;Totaal over alle leeftijden;Mannen;Flevoland (PV);2024;220467;155805;20915;8016;12899;43747;18765;24982;24
9971;Totaal over alle leeftijden;Mannen;Flevoland (PV);2025;222280;156440;21307;8226;13081;44533;18987;25546;24
9972;Totaal over alle leeftijden;Mannen;Gelderland (PV);2008;974467;838529;70174;22762;47412;65764;38200;27564;25
9973;Totaal over alle leeftijden;Mannen;Gelderland (PV);2009;975169;837941;70225;22779;47446;67003;38394;28609;25
9974;Totaal over alle leeftijden;Mannen;Gelderland (PV);2010;976285;837679;70319;22851;47468;68287;38650;29637;25
9975;Totaal over alle leeftijden;Mannen;Gelderland (PV);2011;977776;837564;70562;22984;47578;69650;39005;30645;25
9976;Totaal over alle leeftijden;Mannen;Gelderland (PV);2012;978861;837089;70747;23177;47570;71025;39384;31641;25
9977;Totaal over alle leeftijden;Mannen;Gelderland (PV);2013;979500;836220;71080;23554;47526;72200;39687;32513;25
9978;Totaal over alle leeftijden;Mannen;Gelderland (PV);2014;979704;835059;71166;23714;47452;73479;40065;33414;25
9979;Totaal over alle leeftijden;Mannen;Gelderland (PV);2015;979932;833837;71324;23783;47541;74771;40566;34205;25
9980;Totaal over alle leeftijden;Mannen;Gelderland (PV);2016;980634;832974;71613;24059;47554;76047;40822;35225;25
9981;Totaal over alle leeftijden;Mannen;Gelderland (PV);2017;980885;831775;71870;24370;47500;77240;41210;36030;25
9982;Totaal over alle leeftijden;Mannen;Gelderland (PV);2018;981291;830689;71994;24562;47432;78608;41672;36936;25
9983;Totaal over alle leeftijden;Mannen;Gelderland (PV);2019;981319;829528;72001;24731;47270;79790;42027;37763;25
9984;Totaal over alle leeftijden;Mannen;Gelderland (PV);2020;981224;827998;72125;24868;47257;81101;42493;38608;25
9985;Totaal over alle leeftijden;Mannen;Gelderland (PV);2021;981125;826608;72157;25061;47096;82360;42944;39416;25
9986;Totaal over alle leeftijden;Mannen;Gelderland (PV);2022;981180;825199;72426;25276;47150;83555;43441;40114;25
9987;Totaal over alle leeftijden;Mannen;Gelderland (PV);2023;980907;823833;72470;25566;46904;84604;43759;40845;25
9988;Totaal over alle leeftijden;Mannen;Gelderland (PV);2024;980520;822151;72614;25819;46795;85755;44172;41583;25
9989;Totaal over alle leeftijden;Mannen;Gelderland (PV);2025;980031;820514;72700;26015;46685;86817;44479;42338;25
9990;Totaal over alle leeftijden;Mannen;Utrecht (PV);2008;584506;469613;46143;15857;30286;68750;37947;30803;26
9991;Totaal over alle leeftijden;Mannen;Utrecht (PV);2009;588050;471703;46629;16115;30514;69718;38091;31627;26
9992;Totaal over alle leeftijden;Mannen;Utrecht (PV);2010;591678;473826;47202;16440;30762;70650;38162;32488;26
9993;Totaal over alle leeftijden;Mannen;Utrecht (PV);2011;595362;475905;47747;16790;30957;71710;38326;33384;26
9994;Totaal over alle leeftijden;Mannen;Utrecht (PV);2012;599483;478317;48363;17164;31199;72803;38497;34306;26
9995;Totaal over alle leeftijden;Mannen;Utrecht (PV);2013;603466;480597;49040;17512;31528;73829;38684;35145;26
9996;Totaal over alle leeftijden;Mannen;Utrecht (PV);2014;607455;482800;49722;17989;31733;74933;38924;36009;26
9997;Totaal over alle leeftijden;Mannen;Utrecht (PV);2015;611551;485161;50370;18438;31932;76020;39145;36875;26
9998;Totaal over alle leeftijden;Mannen;Utrecht (PV);2016;615282;487281;51053;18826;32227;76948;39383;37565;26
9999;Totaal over alle leeftijden;Mannen;Utrecht (PV);2017;618691;489280;51632;19142;32490;77779;39591;38188;26
