ID;Perioden;Totaal1eEn2eGeneratie_1;k_1eGeneratie_2;k_2eGeneratie_3;Totaal1eEn2eGeneratie_4;k_1eGeneratie_5;k_2eGeneratie_6;Totaal1eEn2eGeneratie_7;k_1eGeneratie_8;k_2eGeneratie_9;MoederNietWesters_10;MoederWesters_11;NietWesterseAllochtonen_12;WesterseAllochtonen_13;NietWesterseAllochtonen_14;WesterseAllochtonen_15;NietWesterseAllochtonen_16;WesterseAllochtonen_17
0;2008;3215416;1619314;1596102;1765730;1017184;748546;1449686;602130;847556;22889.0;8358.0;45603.0;67156.0;28347.0;36200.0;17256.0;30956.0
1;2009;3281207;1658608;1622597;1802773;1030646;772127;1478443;627964;850479;22368.0;8807.0;39566.0;59513.0;29440.0;39261.0;10126.0;20252.0
2;2010;3329435;1679839;1649598;1833282;1037493;795789;1496146;642335;853811;21683.0;9137.0;38222.0;58227.0;29543.0;40617.0;8679.0;17610.0
3;2011;3374204;1696742;1677464;1862382;1042720;819662;1511823;654028;857795;21004.0;9412.0;39160.0;57091.0;29030.0;41113.0;10130.0;15979.0
4;2012;3419245;1713225;1706023;1893040;1049188;843852;1526202;664031;862171;20379.0;9637.0;40185.0;55985.0;28234.0;41134.0;11951.0;14851.0
5;2013;3463744;1730122;1733613;1924283;1057274;867009;1539467;672852;866615;19819.0;9814.0;41173.0;54837.0;27371.0;40856.0;13802.0;13981.0
6;2014;3508932;1747733;1761200;1956836;1066987;889849;1552096;680747;871349;19326.0;9952.0;42126.0;53800.0;26639.0;40349.0;15487.0;13451.0
7;2015;3554714;1766203;1788510;1990477;1078152;912325;1564243;688052;876191;18906.0;10065.0;43012.0;53384.0;26239.0;39818.0;16773.0;13566.0
8;2016;3601212;1785766;1815444;2024733;1090354;934379;1576479;695411;881068;18554.0;10163.0;43898.0;53430.0;26139.0;39464.0;17760.0;13966.0
9;2017;3648404;1806392;1842013;2059334;1103295;956039;1589076;703102;885974;18270.0;10255.0;44717.0;53472.0;26138.0;39267.0;18579.0;14205.0
10;2018;3695958;1827743;1868227;2094104;1116773;977331;1601857;710969;890888;18040.0;10337.0;45388.0;53517.0;26172.0;39096.0;19216.0;14422.0
11;2019;3743693;1849608;1894087;2128949;1130628;998321;1614755;718982;895773;17843.0;10417.0;45843.0;53557.0;26220.0;38958.0;19623.0;14599.0
12;2020;3791341;1871689;1919660;2163636;1144593;1019043;1627711;727100;900611;17674.0;10492.0;46011.0;53600.0;26269.0;38864.0;19742.0;14736.0
13;2021;3838601;1893660;1944937;2197933;1158377;1039556;1640675;735289;905386;17529.0;10568.0;46011.0;53644.0;26307.0;38799.0;19704.0;14845.0
14;2022;3885299;1915327;1969975;2231696;1171825;1059871;1653606;743508;910098;17408.0;10642.0;46019.0;53690.0;26334.0;38735.0;19685.0;14955.0
15;2023;3931461;1936682;1994775;2264968;1184934;1080034;1666488;751752;914736;17309.0;10715.0;46017.0;53734.0;26354.0;38681.0;19663.0;15053.0
16;2024;3977021;1957711;2019309;2297711;1197695;1100016;1679306;760009;919297;17234.0;10789.0;46017.0;53781.0;26372.0;38634.0;19645.0;15147.0
17;2025;4021963;1978375;2043586;2329924;1210109;1119815;1692040;768264;923776;17179.0;10866.0;46010.0;53815.0;26390.0;38588.0;19620.0;15227.0
18;2026;4066256;1998659;2067594;2361578;1222155;1139423;1704667;776502;928165;17142.0;10942.0;46017.0;53865.0;26409.0;38541.0;19608.0;15324.0
19;2027;4109921;2018578;2091343;2392691;1233845;1158846;1717228;784742;932486;17119.0;11023.0;46025.0;53905.0;26432.0;38492.0;19594.0;15413.0
20;2028;4152984;2038122;2114867;2423264;1245151;1178113;1729713;792961;936752;17110.0;11103.0;46024.0;53945.0;26452.0;38439.0;19572.0;15506.0
21;2029;4195492;2057258;2138235;2453339;1256078;1197261;1742160;801181;940979;17110.0;11184.0;46014.0;53993.0;26470.0;38383.0;19544.0;15610.0
22;2030;4237508;2076009;2161512;2482933;1266609;1216324;1754583;809393;945190;17123.0;11269.0;46016.0;54038.0;26492.0;38327.0;19524.0;15711.0
23;2031;4279083;2094361;2184725;2512078;1276746;1235332;1767004;817612;949392;17146.0;11352.0;46016.0;54078.0;26513.0;38274.0;19503.0;15804.0
24;2032;4320212;2112297;2207914;2540794;1286481;1254313;1779423;825820;953603;17176.0;11437.0;46014.0;54125.0;26537.0;38225.0;19477.0;15900.0
25;2033;4360930;2129825;2231106;2569100;1295805;1273295;1791843;834026;957817;17213.0;11525.0;46018.0;54170.0;26563.0;38183.0;19455.0;15987.0
26;2034;4401207;2146919;2254291;2596958;1304703;1292255;1804257;842220;962037;17256.0;11607.0;46012.0;54207.0;26589.0;38149.0;19423.0;16058.0
27;2035;4441037;2163563;2277470;2624385;1313178;1311207;1816654;850389;966265;17303.0;11692.0;46015.0;54255.0;26617.0;38123.0;19398.0;16132.0
28;2036;4480415;2179757;2300656;2651392;1321234;1330158;1829025;858530;970495;17355.0;11773.0;46016.0;54297.0;26648.0;38106.0;19368.0;16191.0
29;2037;4519323;2195485;2323842;2677940;1328840;1349100;1841380;866642;974738;17409.0;11851.0;46018.0;54345.0;26677.0;38098.0;19341.0;16247.0
30;2038;4557774;2210743;2347030;2704040;1336003;1368037;1853730;874736;978994;17465.0;11926.0;46019.0;54388.0;26706.0;38101.0;19313.0;16287.0
31;2039;4595738;2225517;2370217;2729697;1342734;1386963;1866045;882780;983265;17521.0;11997.0;46017.0;54432.0;26734.0;38114.0;19283.0;16318.0
32;2040;4633199;2239796;2393397;2754884;1349012;1405872;1878319;890785;987534;17577.0;12065.0;46016.0;54472.0;26762.0;38139.0;19254.0;16333.0
33;2041;4670130;2253576;2416559;2779568;1354825;1424743;1890570;898749;991821;17632.0;12130.0;46017.0;54516.0;26786.0;38176.0;19231.0;16341.0
34;2042;4706554;2266848;2439700;2803781;1360194;1443587;1902773;906657;996116;17686.0;12187.0;46018.0;54558.0;26809.0;38224.0;19209.0;16334.0
35;2043;4742439;2279624;2462820;2827494;1365114;1462380;1914956;914517;1000439;17737.0;12244.0;46012.0;54601.0;26832.0;38286.0;19180.0;16315.0
36;2044;4777762;2291869;2485885;2850675;1369573;1481102;1927089;922306;1004783;17787.0;12295.0;46019.0;54655.0;26853.0;38363.0;19166.0;16292.0
37;2045;4812546;2303633;2508915;2873349;1373590;1499759;1939201;930042;1009159;17834.0;12344.0;46021.0;54696.0;26872.0;38455.0;19149.0;16241.0
38;2046;4846748;2314873;2531875;2895497;1377172;1518325;1951248;937697;1013551;17877.0;12388.0;46013.0;54696.0;26886.0;38557.0;19127.0;16139.0
39;2047;4880301;2325543;2554751;2917095;1380313;1536782;1963211;945238;1017973;17916.0;12429.0;46015.0;54696.0;26898.0;38669.0;19117.0;16027.0
40;2048;4913219;2335671;2577549;2938144;1383035;1555109;1975072;952636;1022436;17952.0;12464.0;46025.0;54696.0;26913.0;38791.0;19112.0;15905.0
41;2049;4945472;2345260;2600219;2958657;1385363;1573294;1986827;959901;1026926;17983.0;12495.0;46014.0;54696.0;26926.0;38926.0;19088.0;15770.0
42;2050;4977037;2354280;2622755;2978585;1387287;1591298;1998460;966993;1031467;;;;;;;;
