ID;Leeftijd;Perioden;TotaalAantalHuishoudens_1;Eenpersoonshuishouden_2;TotaalMeerpersoonshuishoudens_3;k_2Personen_4;k_3Personen_5;k_4Personen_6;k_5OfMeerPersonen_7
0;Totaal over alle leeftijden;2009;7302484;2607426;4695058;2395712;902581;972424;424341
1;Totaal over alle leeftijden;2010;7354720;2639631;4715089;2417942;904778;972091;420278
2;Totaal over alle leeftijden;2011;7406579;2673525;4733054;2440007;907479;970102;415466
3;Totaal over alle leeftijden;2012;7459603;2709668;4749935;2462011;910595;967089;410240
4;Totaal over alle leeftijden;2013;7513502;2747495;4766007;2483926;913637;963551;404893
5;Totaal over alle leeftijden;2014;7566819;2784943;4781876;2504512;917595;960394;399375
6;Totaal over alle leeftijden;2015;7618874;2822316;4796558;2524626;921113;957006;393813
7;Totaal over alle leeftijden;2016;7669571;2859706;4809865;2543605;924761;953408;388091
8;Totaal over alle leeftijden;2017;7719161;2896958;4822203;2560855;928802;950089;382457
9;Totaal over alle leeftijden;2018;7767375;2934322;4833053;2576455;932803;946735;377060
10;Totaal over alle leeftijden;2019;7814464;2971802;4842662;2590298;937175;943248;371941
11;Totaal over alle leeftijden;2020;7860148;3009204;4850944;2602673;941862;939203;367206
12;Totaal over alle leeftijden;2021;7904307;3046285;4858022;2613482;946106;935187;363247
13;Totaal over alle leeftijden;2022;7946796;3082718;4864078;2621939;949703;931852;360584
14;Totaal over alle leeftijden;2023;7987155;3118534;4868621;2628807;951469;929474;358871
15;Totaal over alle leeftijden;2024;8025181;3153269;4871912;2633833;952091;927771;358217
16;Totaal over alle leeftijden;2025;8060523;3187236;4873287;2636735;951120;927310;358122
17;Totaal over alle leeftijden;2026;8093106;3220102;4873004;2637354;949243;927881;358526
18;Totaal over alle leeftijden;2027;8123176;3252134;4871042;2635730;947143;929028;359141
19;Totaal over alle leeftijden;2028;8150412;3283034;4867378;2631563;944591;931027;360197
20;Totaal over alle leeftijden;2029;8174582;3312431;4862151;2625053;942184;933504;361410
21;Totaal over alle leeftijden;2030;8195689;3340254;4855435;2616216;940185;936323;362711
22;Totaal over alle leeftijden;2031;8213738;3366674;4847064;2605562;937606;939553;364343
23;Totaal over alle leeftijden;2032;8229038;3391339;4837699;2593067;935464;943018;366150
24;Totaal over alle leeftijden;2033;8241626;3414686;4826940;2579333;933215;946471;367921
25;Totaal over alle leeftijden;2034;8251759;3436505;4815254;2564659;931208;949730;369657
26;Totaal over alle leeftijden;2035;8259578;3456765;4802813;2549133;929306;952963;371411
27;Totaal over alle leeftijden;2036;8265354;3475512;4789842;2533061;927708;955940;373133
28;Totaal over alle leeftijden;2037;8269223;3492699;4776524;2516584;926675;958572;374693
29;Totaal over alle leeftijden;2038;8271493;3508488;4763005;2500264;926416;960481;375844
30;Totaal over alle leeftijden;2039;8272339;3522924;4749415;2484133;926679;961875;376728
31;Totaal over alle leeftijden;2040;8271998;3536076;4735922;2468434;927386;962746;377356
32;Totaal over alle leeftijden;2041;8270647;3548058;4722589;2453181;928494;963167;377747
33;Totaal over alle leeftijden;2042;8268418;3558909;4709509;2438512;929973;963160;377864
34;Totaal over alle leeftijden;2043;8265485;3568684;4696801;2424627;931760;962689;377725
35;Totaal over alle leeftijden;2044;8261932;3577429;4684503;2411470;933470;962042;377521
36;Totaal over alle leeftijden;2045;8257798;3585086;4672712;2399129;935281;961160;377142
37;Totaal over alle leeftijden;2046;8253078;3591668;4661410;2387539;937108;960120;376643
38;Totaal over alle leeftijden;2047;8247820;3597191;4650629;2376744;938977;958908;376000
39;Totaal over alle leeftijden;2048;8242056;3601621;4640435;2366758;940785;957585;375307
40;Totaal over alle leeftijden;2049;8235833;3604954;4630879;2357560;942391;956272;374656
41;Totaal over alle leeftijden;2050;8229146;3607141;4622005;2349164;943957;954939;373945
42;100;2009;400582;299576;101006;75661;18412;4746;2187
43;100;2010;405137;303169;101968;76126;18762;4847;2233
44;100;2011;409656;306713;102943;76610;19086;4966;2281
45;100;2012;412897;309372;103525;76752;19361;5080;2332
46;100;2013;415800;311709;104091;76955;19593;5170;2373
47;100;2014;418755;313614;105141;77666;19805;5255;2415
48;100;2015;420677;314581;106096;78408;19928;5314;2446
49;100;2016;418841;313238;105603;77872;19904;5356;2471
50;100;2017;417249;312245;105004;77263;19855;5392;2494
51;100;2018;416903;312298;104605;76798;19848;5437;2522
52;100;2019;417943;313382;104561;76630;19886;5492;2553
53;100;2020;418898;314503;104395;76346;19919;5545;2585
54;100;2021;422162;316992;105170;76879;20053;5615;2623
55;100;2022;425546;319446;106100;77540;20211;5687;2662
56;100;2023;428114;320925;107189;78396;20332;5759;2702
57;100;2024;427088;319841;107247;78416;20309;5796;2726
58;100;2025;424261;317454;106807;78034;20210;5818;2745
59;100;2026;418305;312964;105341;76808;19966;5814;2753
60;100;2027;412803;308900;103903;75605;19724;5811;2763
61;100;2028;407062;304835;102227;74185;19465;5806;2771
62;100;2029;400830;300579;100251;72509;19185;5786;2771
63;100;2030;396656;297704;98952;71390;18991;5789;2782
64;100;2031;394493;296165;98328;70828;18884;5813;2803
65;100;2032;393042;295123;97919;70442;18806;5842;2829
66;100;2033;392921;294834;98087;70560;18780;5886;2861
67;100;2034;390732;293315;97417;69943;18682;5909;2883
68;100;2035;390036;292828;97208;69715;18640;5943;2910
69;100;2036;390504;293117;97387;69806;18651;5988;2942
70;100;2037;391437;293726;97711;70014;18685;6036;2976
71;100;2038;392748;294599;98149;70315;18739;6086;3009
72;100;2039;394261;295621;98640;70655;18804;6138;3043
73;100;2040;396214;296941;99273;71117;18888;6191;3077
74;100;2041;398330;298367;99963;71624;18983;6245;3111
75;100;2042;400518;299826;100692;72166;19083;6298;3145
76;100;2043;402676;301271;101405;72697;19182;6350;3176
77;100;2044;404743;302633;102110;73225;19278;6400;3207
78;100;2045;406684;303891;102793;73737;19369;6450;3237
79;100;2046;408397;304987;103410;74204;19447;6495;3264
80;100;2047;409862;305908;103954;74614;19515;6536;3289
81;100;2048;411109;306670;104439;74979;19575;6573;3312
82;100;2049;412118;307270;104848;75290;19622;6605;3331
83;100;2050;412921;307716;105205;75560;19662;6634;3349
84;101;2009;1072245;460519;611726;318036;149358;107724;36608
85;101;2010;1071346;462580;608766;317907;147741;107074;36044
86;101;2011;1074624;465579;609045;318358;147478;107288;35921
87;101;2012;1080748;469891;610857;319035;148068;107759;35995
88;101;2013;1089483;475286;614197;320335;149137;108579;36146
89;101;2014;1096708;479766;616942;320887;150371;109373;36311
90;101;2015;1105624;484809;620815;321943;151948;110400;36524
91;101;2016;1115120;490783;624337;322703;153487;111389;36758
92;101;2017;1126685;497050;629635;324743;155253;112557;37082
93;101;2018;1139932;503314;636618;328004;157061;114037;37516
94;101;2019;1153173;509030;644143;331803;158747;115587;38006
95;101;2020;1163976;513625;650351;334738;160170;116977;38466
96;101;2021;1171030;515887;655143;336792;161193;118239;38919
97;101;2022;1174985;516854;658131;337688;161906;119228;39309
98;101;2023;1177869;517772;660097;338010;162393;120035;39659
99;101;2024;1183829;520489;663340;339734;162850;120752;40004
100;101;2025;1189506;523317;666189;341353;163191;121324;40321
101;101;2026;1192658;525996;666662;341071;163468;121599;40524
102;101;2027;1194762;527884;666878;340571;163736;121852;40719
103;101;2028;1197193;529617;667576;340394;163986;122223;40973
104;101;2029;1199920;531162;668758;340645;164185;122662;41266
105;101;2030;1199108;530635;668473;339756;164106;123057;41554
106;101;2031;1197971;529196;668775;339610;163772;123510;41883
107;101;2032;1195323;527050;668273;339193;163112;123804;42164
108;101;2033;1190582;523887;666695;338418;162077;123832;42368
109;101;2034;1184088;520849;663239;336620;160778;123420;42421
110;101;2035;1175017;516676;658341;333972;159274;122725;42370
111;101;2036;1162728;511255;651473;329907;157658;121716;42192
112;101;2037;1151641;506382;645259;326371;156191;120697;42000
113;101;2038;1141339;501932;639407;322974;154945;119693;41795
114;101;2039;1131883;497936;633947;319646;153885;118803;41613
115;101;2040;1125969;495177;630792;317978;153224;118115;41475
116;101;2041;1123316;493679;629637;317705;152923;117626;41383
117;101;2042;1122178;492825;629353;317933;152833;117262;41325
118;101;2043;1123381;492822;630559;319231;152958;117059;41311
119;101;2044;1122611;492293;630318;319118;153061;116846;41293
120;101;2045;1124250;492671;631579;320046;153389;116813;41331
121;101;2046;1127688;493717;633971;321727;153886;116938;41420
122;101;2047;1131897;495074;636823;323646;154458;117171;41548
123;101;2048;1136629;496632;639997;325719;155074;117501;41703
124;101;2049;1141575;498268;643307;327822;155711;117895;41879
125;101;2050;1146865;500013;646852;330072;156339;118359;42082
126;102;2009;1454328;351930;1102398;240344;238712;425766;197576
127;102;2010;1420813;347243;1073570;234060;231557;415905;192048
128;102;2011;1385178;342224;1042954;227269;224173;405379;186133
129;102;2012;1352437;338069;1014368;221331;217119;395497;180421
130;102;2013;1319633;333625;986008;215071;210404;385908;174625
131;102;2014;1288007;329854;958153;209398;203783;376241;168731
132;102;2015;1249339;323953;925386;201583;196324;365360;162119
133;102;2016;1218408;319603;898805;195994;190456;356032;156323
134;102;2017;1191987;315695;876292;190132;185780;348652;151728
135;102;2018;1170557;311823;858734;184082;182270;343918;148464
136;102;2019;1158604;309760;848844;179669;180370;341998;146807
137;102;2020;1153645;309190;844455;177152;179429;341919;145955
138;102;2021;1155131;310156;844975;176044;179531;343416;145984
139;102;2022;1160147;311860;848287;175920;180187;345669;146511
140;102;2023;1168241;314288;853953;176753;180922;348758;147520
141;102;2024;1174630;316046;858584;176404;181573;351959;148648
142;102;2025;1182790;318264;864526;176701;182429;355466;149930
143;102;2026;1192402;321003;871399;178028;183144;358966;151261
144;102;2027;1203661;324206;879455;180317;184054;362427;152657
145;102;2028;1216556;327932;888624;183486;185178;365876;154084
146;102;2029;1229398;331684;897714;186882;186419;369010;155403
147;102;2030;1240083;334872;905211;189563;187479;371640;156529
148;102;2031;1246667;336733;909934;190462;188283;373737;157452
149;102;2032;1250595;337681;912914;190399;188789;375491;158235
150;102;2033;1253469;338487;914982;189851;189219;377001;158911
151;102;2034;1260151;340483;919668;191731;189793;378536;159608
152;102;2035;1266645;342451;924194;193975;190114;379841;160264
153;102;2036;1270705;343814;926891;195406;190041;380677;160767
154;102;2037;1273286;344595;928691;196638;189728;381156;161169
155;102;2038;1276036;345366;930670;198510;189410;381300;161450
156;102;2039;1278930;346142;932788;201057;189116;381057;161558
157;102;2040;1277768;345644;932124;201933;188531;380232;161428
158;102;2041;1276166;344958;931208;203006;187971;379096;161135
159;102;2042;1273355;343967;929388;203819;187375;377578;160616
160;102;2043;1268350;342332;926018;203820;186626;375684;159888
161;102;2044;1262384;340526;921858;203689;185691;373478;159000
162;102;2045;1253568;337812;915756;202091;184658;371041;157966
163;102;2046;1241382;334006;907376;198669;183416;368448;156843
164;102;2047;1230381;330507;899874;195524;182358;366153;155839
165;102;2048;1220140;327190;892950;192332;181438;364198;154982
166;102;2049;1210727;324076;886651;189089;180651;362610;154301
167;102;2050;1204750;321945;882805;187104;180181;361640;153880
168;103;2009;1436183;333489;1102694;320264;268061;352819;161550
169;103;2010;1458940;340823;1118117;323455;272647;359304;162711
170;103;2011;1477945;347439;1130506;326533;276554;364244;163175
171;103;2012;1489878;352367;1137511;328028;279225;367374;162884
172;103;2013;1499095;356473;1142622;329041;281339;369667;162575
173;103;2014;1506343;359753;1146590;328801;283346;372287;162156
174;103;2015;1516919;363822;1153097;329363;285536;375799;162399
175;103;2016;1522193;367099;1155094;328741;286831;377832;161690
176;103;2017;1518011;368180;1149831;325845;286544;377664;159778
177;103;2018;1505105;367823;1137282;321037;284916;374650;156679
178;103;2019;1479178;364221;1114957;312604;281617;368582;152154
179;103;2020;1447246;359494;1087752;302589;277416;360490;147257
180;103;2021;1413160;354571;1058589;292165;272467;351534;142423
181;103;2022;1381589;350448;1031141;282823;266792;343132;138394
182;103;2023;1349437;345775;1003662;273206;260169;335320;134967
183;103;2024;1318230;341287;976943;263907;252306;328278;132452
184;103;2025;1280031;333996;946035;251521;242803;321592;130119
185;103;2026;1249247;328048;921199;241521;234331;316813;128534
186;103;2027;1222866;322622;900244;232096;227519;313325;127304
187;103;2028;1201285;317572;883713;223429;222336;311346;126602
188;103;2029;1189121;314739;874382;217511;219575;310930;126366
189;103;2030;1183895;313421;870474;214026;218246;311671;126531
190;103;2031;1185200;313745;871455;212570;218177;313552;127156
191;103;2032;1190092;314911;875181;212406;218777;315948;128050
192;103;2033;1198128;316975;881153;213401;219920;318758;129074
193;103;2034;1204536;318419;886117;213465;221111;321463;130078
194;103;2035;1212719;320315;892404;214262;222602;324361;131179
195;103;2036;1222328;322500;899828;215912;224163;327381;132372
196;103;2037;1233658;325232;908426;218572;226091;330281;133482
197;103;2038;1246681;328782;917899;222302;228405;332815;134377
198;103;2039;1259683;332506;927177;226387;230694;334967;135129
199;103;2040;1270595;335584;935011;229843;232672;336730;135766
200;103;2041;1277368;337404;939964;231641;234159;337949;136215
201;103;2042;1281393;338247;943146;232468;235209;338892;136577
202;103;2043;1284404;338922;945482;232903;236107;339615;136857
203;103;2044;1291152;340758;950394;235519;237081;340544;137250
204;103;2045;1297721;342577;955144;238384;237894;341297;137569
205;103;2046;1301916;343654;958262;240303;238330;341825;137804
206;103;2047;1304620;344308;960312;241906;238663;341938;137805
207;103;2048;1307494;345120;962374;243980;239065;341698;137631
208;103;2049;1310471;346033;964438;246526;239445;341147;137320
209;103;2050;1309396;345790;963606;247396;239496;339978;136736
210;104;2009;1278124;361733;916391;649636;171729;71903;23123
211;104;2010;1296707;371706;925001;649723;176331;75101;23846
212;104;2011;1321701;384404;937297;653543;181294;77991;24469
213;104;2012;1310379;385730;924649;634462;184804;80451;24932
214;104;2013;1306077;389222;916855;620178;188656;82685;25336
215;104;2014;1312084;396104;915980;611533;193517;85134;25796
216;104;2015;1325717;405214;920503;607963;198709;87564;26267
217;104;2016;1342788;415251;927537;607020;203859;89919;26739
218;104;2017;1363919;426654;937265;608025;209548;92499;27193
219;104;2018;1382341;436753;945588;607630;215207;95064;27687
220;104;2019;1404234;447924;956310;609029;221384;97710;28187
221;104;2020;1426261;458757;967504;610672;227997;100160;28675
222;104;2021;1444537;468219;976318;611205;234131;101986;28996
223;104;2022;1456461;475515;980946;608347;239854;103411;29334
224;104;2023;1465654;481958;983696;604837;244814;104467;29578
225;104;2024;1472992;487629;985363;600427;249673;105398;29865
226;104;2025;1483689;494433;989256;596981;254822;107058;30395
227;104;2026;1489481;500429;989052;591806;258296;108194;30756
228;104;2027;1486025;503841;982184;583061;259552;108660;30911
229;104;2028;1474297;505304;968993;571264;258519;108352;30858
230;104;2029;1449939;502742;947197;554329;255061;107211;30596
231;104;2030;1419870;498103;921767;534879;250934;105743;30211
232;104;2031;1387718;492953;894765;514883;245903;104139;29840
233;104;2032;1357973;488229;869744;496450;241021;102729;29544
234;104;2033;1327662;482418;845244;478149;236316;101488;29291
235;104;2034;1298262;476311;821951;460324;231933;100554;29140
236;104;2035;1262098;466056;796042;439587;227577;99824;29054
237;104;2036;1233101;457395;775706;422629;224428;99549;29100
238;104;2037;1208237;449511;758726;407863;222166;99503;29194
239;104;2038;1187731;442358;745373;395869;220669;99552;29283
240;104;2039;1176323;438550;737773;388317;220212;99823;29421
241;104;2040;1171632;436884;734748;384126;220611;100374;29637
242;104;2041;1173323;437457;735866;383076;221712;101157;29921
243;104;2042;1178590;439109;739481;383859;223352;102046;30224
244;104;2043;1186873;441895;744978;386185;225326;102947;30520
245;104;2044;1193511;443909;749602;387817;227228;103766;30791
246;104;2045;1201852;446603;755249;390387;229264;104551;31047
247;104;2046;1211628;449451;762177;393931;231566;105372;31308
248;104;2047;1223036;453136;769900;398572;233773;106043;31512
249;104;2048;1236111;458078;778033;404122;235699;106545;31667
250;104;2049;1249172;463365;785807;409840;237227;106940;31800
251;104;2050;1260169;467766;792403;414773;238497;107239;31894
252;105;2009;869796;320544;549252;498301;40592;7555;2804
253;105;2010;895414;327823;567591;515435;41408;7862;2886
254;105;2011;914837;333257;581580;528342;42122;8155;2961
255;105;2012;972819;352056;620763;564086;44770;8772;3135
256;105;2013;1025794;370904;654890;595386;46924;9299;3281
257;105;2014;1066298;385871;680427;618562;48718;9761;3386
258;105;2015;1100898;400156;700742;636943;50210;10131;3458
259;105;2016;1129691;413452;716239;651064;51321;10361;3493
260;105;2017;1159842;428401;731441;664649;52574;10688;3530
261;105;2018;1189694;444136;745558;677333;53769;10914;3542
262;105;2019;1211725;457562;754163;684610;54918;11088;3547
263;105;2020;1230464;470166;760298;689370;56122;11244;3562
264;105;2021;1254670;485756;768914;696482;57426;11425;3581
265;105;2022;1245016;486726;758290;684478;58584;11618;3610
266;105;2023;1241682;490120;751562;676133;59902;11875;3652
267;105;2024;1247804;497631;750173;672569;61708;12183;3713
268;105;2025;1260991;508169;752822;673165;63366;12504;3787
269;105;2026;1277130;519814;757316;675510;65120;12832;3854
270;105;2027;1297262;533305;763957;679814;67043;13172;3928
271;105;2028;1314833;545583;769250;682741;68969;13532;4008
272;105;2029;1335634;559320;776314;687345;71004;13880;4085
273;105;2030;1356642;573230;783412;691935;73068;14246;4163
274;105;2031;1373821;585632;788189;694796;74655;14507;4231
275;105;2032;1385317;595906;789411;693913;76363;14815;4320
276;105;2033;1394154;605442;788712;691608;77685;15038;4381
277;105;2034;1401395;614241;787154;688317;79077;15294;4466
278;105;2035;1411993;624787;787206;686391;80630;15617;4568
279;105;2036;1418148;634070;784078;681833;81696;15878;4671
280;105;2037;1415432;639734;775698;672764;82127;16054;4753
281;105;2038;1405027;642595;762432;659590;81946;16107;4789
282;105;2039;1382639;639926;742713;640787;81066;16064;4796
283;105;2040;1354875;634385;720490;619755;79968;15984;4783
284;105;2041;1325139;627794;697345;597968;78727;15884;4766
285;105;2042;1297473;621484;675989;577817;77630;15794;4748
286;105;2043;1269230;613851;655379;558333;76626;15691;4729
287;105;2044;1241914;605818;636096;539970;75798;15612;4716
288;105;2045;1208429;593276;615153;519919;74983;15548;4703
289;105;2046;1181838;582942;598896;504206;74474;15522;4694
290;105;2047;1159255;573809;585446;491147;74104;15509;4686
291;105;2048;1140574;565478;575096;481050;73859;15505;4682
292;105;2049;1130450;561128;569322;475249;73848;15534;4691
293;105;2050;1126817;559574;567243;472838;74109;15593;4703
294;106;2009;599563;334691;264872;249472;13341;1652;407
295;106;2010;606151;335071;271080;255150;13788;1721;421
296;106;2011;614389;336828;277561;261272;14071;1785;433
297;106;2012;623827;339281;284546;267906;14357;1839;444
298;106;2013;633211;341890;291321;274425;14538;1903;455
299;106;2014;645624;345629;299995;282688;14852;1982;473
300;106;2015;658807;350042;308765;291079;15140;2057;489
301;106;2016;672697;354547;318150;300079;15451;2119;501
302;106;2017;684170;358123;326047;307602;15698;2219;528
303;106;2018;697924;362707;335217;316342;16068;2282;525
304;106;2019;718888;370925;347963;328553;16511;2344;555
305;106;2020;742983;380962;362021;342062;16980;2408;571
306;106;2021;761032;388720;372312;351834;17396;2499;583
307;106;2022;814065;412217;401848;380450;18158;2618;622
308;106;2023;861258;434682;426576;404342;18830;2756;648
309;106;2024;897208;452420;444788;421814;19433;2881;660
310;106;2025;926993;468412;458581;434982;19924;3004;671
311;106;2026;951423;482561;468862;444695;20387;3095;685
312;106;2027;975472;497517;477955;453240;20828;3191;696
313;106;2028;999149;512595;486554;461280;21266;3280;728
314;106;2029;1016261;524505;491756;465958;21673;3382;743
315;106;2030;1030530;535037;495493;469180;22062;3498;753
316;106;2031;1048017;548026;499991;473196;22432;3584;779
317;106;2032;1042472;546722;495750;468527;22780;3648;795
318;106;2033;1042037;548351;493686;466049;23127;3701;809
319;106;2034;1048822;554323;494499;466391;23519;3764;825
320;106;2035;1061225;563549;497676;469042;23965;3842;827
321;106;2036;1075408;573793;501615;472447;24403;3922;843
322;106;2037;1092891;586024;506867;477130;24873;3999;865
323;106;2038;1108348;597032;511316;481034;25336;4066;880
324;106;2039;1126183;609425;516758;485922;25790;4145;901
325;106;2040;1144164;622056;522108;490728;26237;4225;918
326;106;2041;1158303;632660;525643;493791;26618;4297;937
327;106;2042;1167681;641200;526481;494228;26945;4362;946
328;106;2043;1174742;648709;526033;493435;27241;4399;958
329;106;2044;1180669;655660;525009;492104;27495;4438;972
330;106;2045;1190148;664677;525471;492249;27743;4487;992
331;106;2046;1195636;672145;523491;490079;27873;4533;1006
332;106;2047;1193355;675505;517850;484421;27858;4558;1013
333;106;2048;1184313;675658;508655;475376;27708;4554;1017
334;106;2049;1164900;669862;495038;462092;27409;4522;1015
335;106;2050;1141125;661144;479981;447441;27084;4472;984
336;107;2009;183357;137770;45587;42957;2296;251;83
337;107;2010;191024;143238;47786;44974;2458;268;86
338;107;2011;198477;148560;49917;46935;2607;285;90
339;107;2012;206179;153780;52399;49205;2792;308;94
340;107;2013;213251;158628;54623;51254;2940;330;99
341;107;2014;221215;164024;57191;53644;3092;351;104
342;107;2015;228262;168657;59605;55925;3202;370;108
343;107;2016;235624;173262;62362;58533;3327;389;113
344;107;2017;241775;176974;64801;60857;3417;406;121
345;107;2018;248308;180866;67442;63376;3524;421;121
346;107;2019;253004;183421;69583;65427;3594;434;128
347;107;2020;258093;186161;71932;67677;3677;447;131
348;107;2021;263299;189026;74273;69926;3753;460;134
349;107;2022;268998;192109;76889;72428;3848;475;138
350;107;2023;274299;194958;79341;74769;3941;490;141
351;107;2024;281970;199178;82792;78072;4065;510;145
352;107;2025;290063;203816;86247;81372;4196;529;150
353;107;2026;299256;209084;90172;85122;4342;553;155
354;107;2027;306307;212999;93308;88083;4492;574;159
355;107;2028;315115;218010;97105;91672;4668;596;169
356;107;2029;327900;225610;102290;96617;4871;626;176
357;107;2030;342558;234566;107992;102066;5080;662;184
358;107;2031;352692;240908;111784;105625;5271;693;195
359;107;2032;386120;261665;124455;117945;5578;723;209
360;107;2033;413679;279547;134132;127320;5843;748;221
361;107;2034;433414;292748;140666;133608;6056;771;231
362;107;2035;448098;303187;144911;137655;6232;790;234
363;107;2036;459108;311406;147702;140270;6382;809;241
364;107;2037;468259;318519;149740;142150;6516;825;249
365;107;2038;477781;325743;152038;144288;6653;841;256
366;107;2039;484536;331074;153462;145563;6781;856;262
367;107;2040;490534;335771;154763;146717;6907;872;267
368;107;2041;497108;341030;156078;147877;7039;889;273
369;107;2042;499726;342772;156954;148620;7154;903;277
370;107;2043;504255;346061;158194;149718;7279;917;280
371;107;2044;511110;351126;159984;151357;7410;931;286
372;107;2045;520072;357821;162251;153472;7543;945;291
373;107;2046;528804;364396;164408;155485;7667;959;297
374;107;2047;539097;372119;166978;157912;7793;972;301
375;107;2048;548366;379131;169235;160044;7903;982;306
376;107;2049;558308;386616;171692;162382;8008;990;312
377;107;2050;568110;394111;173999;164584;8110;995;310
378;108;2009;8306;7174;1132;1041;80;8;3
379;108;2010;9188;7978;1210;1112;86;9;3
380;108;2011;9772;8521;1251;1145;94;9;3
381;108;2012;10439;9122;1317;1206;99;9;3
382;108;2013;11158;9758;1400;1281;106;10;3
383;108;2014;11785;10328;1457;1333;111;10;3
384;108;2015;12631;11082;1549;1419;116;11;3
385;108;2016;14209;12471;1738;1599;125;11;3
386;108;2017;15523;13636;1887;1739;133;12;3
387;108;2018;16611;14602;2009;1853;140;12;4
388;108;2019;17715;15577;2138;1973;148;13;4
389;108;2020;18582;16346;2236;2067;152;13;4
390;108;2021;19286;16958;2328;2155;156;13;4
391;108;2022;19989;17543;2446;2265;163;14;4
392;108;2023;20601;18056;2545;2361;166;14;4
393;108;2024;21430;18748;2682;2490;174;14;4
394;108;2025;22199;19375;2824;2626;179;15;4
395;108;2026;23204;20203;3001;2793;189;15;4
396;108;2027;24018;20860;3158;2943;195;16;4
397;108;2028;24922;21586;3336;3112;204;16;4
398;108;2029;25579;22090;3489;3257;211;17;4
399;108;2030;26347;22686;3661;3421;219;17;4
400;108;2031;27159;23316;3843;3592;229;18;4
401;108;2032;28104;24052;4052;3792;238;18;4
402;108;2033;28994;24745;4249;3977;248;19;5
403;108;2034;30359;25816;4543;4260;259;19;5
404;108;2035;31747;26916;4831;4534;272;20;5
405;108;2036;33324;28162;5162;4851;286;20;5
406;108;2037;34382;28976;5406;5082;298;21;5
407;108;2038;35802;30081;5721;5382;313;21;5
408;108;2039;37901;31744;6157;5799;331;22;5
409;108;2040;40247;33634;6613;6237;348;23;5
410;108;2041;41594;34709;6885;6493;362;24;6
411;108;2042;47504;39479;8025;7602;392;25;6
412;108;2043;51574;42821;8753;8305;415;27;6
413;108;2044;53838;44706;9132;8671;428;27;6
414;108;2045;55074;45758;9316;8844;438;28;6
415;108;2046;55789;46370;9419;8935;449;28;7
416;108;2047;56317;46825;9492;9002;455;28;7
417;108;2048;57320;47664;9656;9156;464;29;7
418;108;2049;58112;48336;9776;9270;470;29;7
419;108;2050;58993;49082;9911;9396;479;29;7
420;1;2009;66149;55280;10869;6626;2888;840;515
421;1;2010;66539;55311;11228;6843;2988;866;531
422;1;2011;65702;54489;11213;6827;2979;872;535
423;1;2012;64837;53714;11123;6760;2950;876;537
424;1;2013;64243;53204;11039;6693;2925;881;540
425;1;2014;63992;52966;11026;6673;2918;890;545
426;1;2015;63232;52298;10934;6597;2894;895;548
427;1;2016;63496;52506;10990;6610;2910;912;558
428;1;2017;64438;53330;11108;6660;2944;934;570
429;1;2018;65648;54360;11288;6756;2987;960;585
430;1;2019;66268;54905;11363;6787;3004;977;595
431;1;2020;66698;55299;11399;6797;3008;991;603
432;1;2021;65914;54643;11271;6707;2968;992;604
433;1;2022;65344;54177;11167;6632;2936;994;605
434;1;2023;64413;53404;11009;6523;2890;992;604
435;1;2024;62732;51974;10758;6350;2825;984;599
436;1;2025;61505;50934;10571;6218;2774;981;598
437;1;2026;60895;50428;10467;6134;2746;986;601
438;1;2027;60731;50310;10421;6085;2733;996;607
439;1;2028;61045;50592;10453;6086;2737;1013;617
440;1;2029;60216;49889;10327;5990;2702;1016;619
441;1;2030;59780;49521;10259;5928;2682;1025;624
442;1;2031;59712;49462;10250;5903;2676;1039;632
443;1;2032;59746;49489;10257;5890;2673;1053;641
444;1;2033;59838;49560;10278;5885;2673;1069;651
445;1;2034;59926;49624;10302;5880;2675;1086;661
446;1;2035;60155;49806;10349;5894;2681;1103;671
447;1;2036;60426;50022;10404;5911;2690;1121;682
448;1;2037;60743;50273;10470;5938;2700;1139;693
449;1;2038;61072;50538;10534;5965;2710;1156;703
450;1;2039;61414;50808;10606;5998;2722;1173;713
451;1;2040;61750;51078;10672;6027;2733;1189;723
452;1;2041;62062;51328;10734;6055;2743;1204;732
453;1;2042;62339;51545;10794;6084;2752;1217;741
454;1;2043;62583;51738;10845;6107;2760;1230;748
455;1;2044;62784;51894;10890;6128;2766;1241;755
456;1;2045;62961;52028;10933;6147;2772;1252;762
457;1;2046;63105;52139;10966;6163;2775;1261;767
458;1;2047;63216;52224;10992;6173;2778;1269;772
459;1;2048;63296;52279;11017;6184;2780;1276;777
460;1;2049;63336;52304;11032;6190;2780;1282;780
461;1;2050;63329;52289;11040;6192;2778;1287;783
462;2;2009;334433;244296;90137;69035;15524;3906;1672
463;2;2010;338598;247858;90740;69283;15774;3981;1702
464;2;2011;343954;252224;91730;69783;16107;4094;1746
465;2;2012;348060;255658;92402;69992;16411;4204;1795
466;2;2013;351557;258505;93052;70262;16668;4289;1833
467;2;2014;354763;260648;94115;70993;16887;4365;1870
468;2;2015;357445;262283;95162;71811;17034;4419;1898
469;2;2016;355345;260732;94613;71262;16994;4444;1913
470;2;2017;352811;258915;93896;70603;16911;4458;1924
471;2;2018;351255;257938;93317;70042;16861;4477;1937
472;2;2019;351675;258477;93198;69843;16882;4515;1958
473;2;2020;352200;259204;92996;69549;16911;4554;1982
474;2;2021;356248;262349;93899;70172;17085;4623;2019
475;2;2022;360202;265269;94933;70908;17275;4693;2057
476;2;2023;363701;267521;96180;71873;17442;4767;2098
477;2;2024;364356;267867;96489;72066;17484;4812;2127
478;2;2025;362756;266520;96236;71816;17436;4837;2147
479;2;2026;357410;262536;94874;70674;17220;4828;2152
480;2;2027;352072;258590;93482;69520;16991;4815;2156
481;2;2028;346017;254243;91774;68099;16728;4793;2154
482;2;2029;340614;250690;89924;66519;16483;4770;2152
483;2;2030;336876;248183;88693;65462;16309;4764;2158
484;2;2031;334781;246703;88078;64925;16208;4774;2171
485;2;2032;333296;245634;87662;64552;16133;4789;2188
486;2;2033;333083;245274;87809;64675;16107;4817;2210
487;2;2034;330806;243691;87115;64063;16007;4823;2222
488;2;2035;329881;243022;86859;63821;15959;4840;2239
489;2;2036;330078;243095;86983;63895;15961;4867;2260
490;2;2037;330694;243453;87241;64076;15985;4897;2283
491;2;2038;331676;244061;87615;64350;16029;4930;2306
492;2;2039;332847;244813;88034;64657;16082;4965;2330
493;2;2040;334464;245863;88601;65090;16155;5002;2354
494;2;2041;336268;247039;89229;65569;16240;5041;2379
495;2;2042;338179;248281;89898;66082;16331;5081;2404
496;2;2043;340093;249533;90560;66590;16422;5120;2428
497;2;2044;341959;250739;91220;67097;16512;5159;2452
498;2;2045;343723;251863;91860;67590;16597;5198;2475
499;2;2046;345292;252848;92444;68041;16672;5234;2497
500;2;2047;346646;253684;92962;68441;16737;5267;2517
501;2;2048;347813;254391;93422;68795;16795;5297;2535
502;2;2049;348782;254966;93816;69100;16842;5323;2551
503;2;2050;349592;255427;94165;69368;16884;5347;2566
504;3;2009;508296;257743;250553;169825;50526;22888;7314
505;3;2010;513126;260676;252450;170576;51168;23291;7415
506;3;2011;513896;262324;251572;169131;51431;23515;7495
507;3;2012;518332;266076;252256;168958;51919;23780;7599
508;3;2013;526085;271414;254671;170105;52697;24152;7717
509;3;2014;534644;276720;257924;171982;53567;24541;7834
510;3;2015;541486;280990;260496;173274;54411;24882;7929
511;3;2016;550975;286387;264588;175984;55280;25277;8047
512;3;2017;558001;290342;267659;177910;55980;25613;8156
513;3;2018;562980;293041;269939;179297;56498;25892;8252
514;3;2019;567456;295178;272278;180908;56894;26131;8345
515;3;2020;571094;296835;274259;182365;57149;26317;8428
516;3;2021;567773;295085;272688;180759;57076;26375;8478
517;3;2022;564272;293243;271029;179138;56977;26395;8519
518;3;2023;562193;292384;269809;177820;56964;26451;8574
519;3;2024;563837;293641;270196;177854;57113;26574;8655
520;3;2025;565906;295196;270710;177929;57308;26723;8750
521;3;2026;572767;299185;273582;180050;57721;26946;8865
522;3;2027;578371;302286;276085;181884;58069;27156;8976
523;3;2028;582900;304494;278406;183753;58243;27328;9082
524;3;2029;583320;304759;278561;183913;58123;27374;9151
525;3;2030;579719;302808;276911;182667;57736;27320;9188
526;3;2031;571021;298183;272838;179475;57019;27150;9194
527;3;2032;562534;293708;268826;176416;56264;26956;9190
528;3;2033;553163;288904;264259;172854;55487;26740;9178
529;3;2034;546223;285726;260497;169967;54827;26535;9168
530;3;2035;541298;283232;258066;168185;54334;26378;9169
531;3;2036;538297;281508;256789;167329;54026;26260;9174
532;3;2037;536119;280166;255953;166795;53808;26166;9184
533;3;2038;535685;279535;256150;167143;53703;26103;9201
534;3;2039;532870;277955;254915;166174;53524;26011;9206
535;3;2040;531899;277223;254676;166016;53477;25962;9221
536;3;2041;532462;277226;255236;166492;53540;25957;9247
537;3;2042;533667;277542;256125;167195;53668;25981;9281
538;3;2043;535401;278132;257269;168077;53843;26028;9321
539;3;2044;537454;278896;258558;169050;54057;26088;9363
540;3;2045;540093;279943;260150;170253;54309;26175;9413
541;3;2046;542981;281115;261866;171542;54575;26279;9470
542;3;2047;545993;282358;263635;172870;54843;26393;9529
543;3;2048;548977;283585;265392;174181;55107;26515;9589
544;3;2049;551841;284761;267080;175435;55355;26640;9650
545;3;2050;554467;285824;268643;176597;55576;26761;9709
546;4;2009;563949;202776;361173;148211;98832;84836;29294
547;4;2010;558220;201904;356316;147331;96573;83783;28629
548;4;2011;560728;203255;357473;149227;96047;83773;28426
549;4;2012;562416;203815;358601;150077;96149;83979;28396
550;4;2013;563398;203872;359526;150230;96440;84427;28429
551;4;2014;562064;203046;359018;148905;96804;84832;28477
552;4;2015;564138;203819;360319;148669;97537;85518;28595
553;4;2016;564145;204396;359749;146719;98207;86112;28711
554;4;2017;568684;206708;361976;146833;99273;86944;28926
555;4;2018;576952;210273;366679;148707;100563;88145;29264
556;4;2019;585717;213852;371865;150895;101853;89456;29661
557;4;2020;592882;216790;376092;152373;103021;90660;30038
558;4;2021;603257;220802;382455;156033;104117;91864;30441
559;4;2022;610713;223611;387102;158550;104929;92833;30790
560;4;2023;615676;225388;390288;160190;105429;93584;31085
561;4;2024;619992;226848;393144;161880;105737;94178;31349
562;4;2025;623600;228121;395479;163424;105883;94601;31571
563;4;2026;619891;226811;393080;161021;105747;94653;31659
564;4;2027;616391;225598;390793;158687;105667;94696;31743
565;4;2028;614293;225123;389170;156641;105743;94895;31891
566;4;2029;616600;226403;390197;156732;106062;95288;32115
567;4;2030;619389;227827;391562;157089;106370;95737;32366
568;4;2031;626950;231013;395937;160135;106753;96360;32689
569;4;2032;632789;233342;399447;162777;106848;96848;32974
570;4;2033;637419;234983;402436;165564;106590;97092;33190
571;4;2034;637865;235123;402742;166653;105951;96885;33253
572;4;2035;633719;233444;400275;165787;104940;96347;33201
573;4;2036;624431;229747;394684;162578;103632;95456;33018
574;4;2037;615522;226216;389306;159576;102383;94531;32816
575;4;2038;605654;222397;383257;155831;101242;93590;32594
576;4;2039;599013;219981;379032;153472;100361;92792;32407
577;4;2040;594070;217954;376116;151962;99747;92153;32254
578;4;2041;590854;216453;374401;151213;99383;91669;32136
579;4;2042;588511;215283;373228;150738;99165;91281;32044
580;4;2043;587980;214690;373290;151154;99115;91031;31990
581;4;2044;585157;213397;371760;150068;99004;90758;31930
582;4;2045;584157;212728;371429;149793;99080;90638;31918
583;4;2046;584707;212602;372105;150185;99311;90659;31950
584;4;2047;585904;212716;373188;150776;99615;90778;32019
585;4;2048;587652;213047;374605;151538;99967;90986;32114
586;4;2049;589734;213507;376227;152387;100356;91255;32229
587;4;2050;592398;214189;378209;153475;100763;91598;32373
588;5;2009;701216;183440;517776;121512;120928;193322;82014
589;5;2010;668208;177569;490639;115345;113977;183883;77434
590;5;2011;634589;171225;463364;108727;107361;174436;72840
591;5;2012;606517;166301;440216;103059;101639;166535;68983
592;5;2013;584697;162103;422594;98197;97355;161020;66022
593;5;2014;574813;160900;413913;96419;94832;158191;64471
594;5;2015;568645;160165;408480;95290;93215;156688;63287
595;5;2016;570901;161511;409390;97022;92899;156634;62835
596;5;2017;572168;162153;410015;97442;93003;156933;62637
597;5;2018;572559;162260;410299;96887;93151;157620;62641
598;5;2019;570674;161488;409186;94745;93304;158410;62727
599;5;2020;572094;161747;410347;93850;93753;159723;63021
600;5;2021;571703;161649;410054;91505;94162;161040;63347
601;5;2022;575824;162941;412883;91342;94902;162746;63893
602;5;2023;583871;165428;418443;93043;95811;164919;64670
603;5;2024;592425;168058;424367;94999;96701;167154;65513
604;5;2025;599454;170245;429209;96325;97466;169137;66281
605;5;2026;609613;173380;436233;99955;98203;171032;67043
606;5;2027;616874;175599;441275;102429;98708;172486;67652
607;5;2028;621704;177114;444590;103939;99049;173501;68101
608;5;2029;625946;178469;447477;105413;99368;174246;68450
609;5;2030;629537;179655;449882;106750;99604;174801;68727
610;5;2031;626008;178624;447384;104169;99510;174897;68808
611;5;2032;622706;177579;445127;101719;99354;175115;68939
612;5;2033;620738;177012;443726;99693;99289;175559;69185
613;5;2034;623117;177792;445325;100083;99429;176264;69549
614;5;2035;625968;178708;447260;100955;99460;176921;69924
615;5;2036;633442;181133;452309;104659;99629;177659;70362
616;5;2037;639262;183020;456242;108015;99616;177969;70642
617;5;2038;643923;184477;459446;111524;99402;177797;70723
618;5;2039;644431;184669;459762;113383;98916;176956;70507
619;5;2040;640417;183424;456993;113114;98162;175634;70083
620;5;2041;631345;180509;450836;110368;97107;173898;69463
621;5;2042;622636;177684;444952;107733;96145;172227;68847
622;5;2043;612930;174562;438368;104245;95242;170635;68246
623;5;2044;606406;172463;433943;102253;94528;169381;67781
624;5;2045;601533;170783;430750;100879;94037;168420;67414
625;5;2046;598352;169595;428757;100099;93769;167741;67148
626;5;2047;596036;168671;427365;99527;93621;167256;66961
627;5;2048;595474;168232;427242;99731;93612;167027;66872
628;5;2049;592634;167118;425516;98471;93516;166760;66769
629;5;2050;591568;166531;425037;97930;93570;166761;66776
630;6;2009;753112;168490;584622;118832;117784;232444;115562
631;6;2010;752605;169674;582931;118715;117580;232022;114614
632;6;2011;750589;170999;579590;118542;116812;230943;113293
633;6;2012;745920;171768;574152;118272;115480;228962;111438
634;6;2013;734936;171522;563414;116874;113049;224888;108603
635;6;2014;713194;168954;544240;112979;108951;218050;104260
636;6;2015;680694;163788;516906;106293;103109;208672;98832
637;6;2016;647507;158092;489415;98972;97557;199398;93488
638;6;2017;619819;153542;466277;92690;92777;191719;89091
639;6;2018;597998;149563;448435;87195;89119;186298;85823
640;6;2019;587930;148272;439658;84924;87066;183588;84080
641;6;2020;581551;147443;434108;83302;85676;182196;82934
642;6;2021;583428;148507;434921;84539;85369;182376;82637
643;6;2022;584323;148919;435404;84578;85285;182923;82618
644;6;2023;584370;148860;435510;83710;85111;183839;82850
645;6;2024;582205;147988;434217;81405;84872;184805;83135
646;6;2025;583336;148019;435317;80376;84963;186329;83649
647;6;2026;582789;147623;435166;78073;84941;187934;84218
648;6;2027;586787;148607;438180;77888;85346;189941;85005
649;6;2028;594852;150818;444034;79547;86129;192375;85983
650;6;2029;603452;153215;450237;81469;87051;194764;86953
651;6;2030;610546;155217;455329;82813;87875;196839;87802
652;6;2031;620659;158109;462550;86293;88773;198840;88644
653;6;2032;627889;160102;467787;88680;89435;200376;89296
654;6;2033;632731;161475;471256;90158;89930;201442;89726
655;6;2034;637034;162691;474343;91648;90364;202272;90059
656;6;2035;640677;163743;476934;93020;90654;202920;90340
657;6;2036;637263;162681;474582;90747;90412;203018;90405
658;6;2037;634024;161575;472449;88623;90112;203187;90527
659;6;2038;632113;160889;471224;86986;90008;203503;90727
660;6;2039;634499;161473;473026;87674;90200;204101;91051
661;6;2040;637351;162220;475131;88819;90369;204598;91345
662;6;2041;644821;164449;480372;92638;90864;205198;91672
663;6;2042;650719;166283;484436;96086;91230;205351;91769
664;6;2043;655420;167770;487650;99575;91384;205049;91642
665;6;2044;655978;168063;487915;101436;91163;204097;91219
666;6;2045;652035;167029;485006;101212;90621;202621;90552
667;6;2046;643030;164411;478619;98570;89647;200707;89695
668;6;2047;634345;161836;472509;95997;88737;198897;88878
669;6;2048;624666;158958;465708;92601;87826;197171;88110
670;6;2049;618093;156958;461135;90618;87135;195850;87532
671;6;2050;613182;155414;457768;89174;86611;194879;87104
672;7;2009;749988;167247;582741;136148;125522;214768;106303
673;7;2010;760583;170046;590537;138484;127497;217785;106771
674;7;2011;766945;171913;595032;139900;128825;219650;106657
675;7;2012;766651;172280;594371;139551;128981;219966;105873
676;7;2013;764046;172518;591528;138655;128590;219361;104922
677;7;2014;759318;171825;587493;136941;127894;218911;103747
678;7;2015;759429;172943;586486;136459;127647;219253;103127
679;7;2016;758166;174297;583869;135928;127082;218864;101995
680;7;2017;754017;175205;578812;135168;125954;217433;100257
681;7;2018;743403;174986;568417;133125;123774;213938;97580
682;7;2019;721918;172396;549522;128379;119794;207628;93721
683;7;2020;689596;166942;522654;120529;113927;199020;89178
684;7;2021;656508;160931;495577;112084;108090;190500;84903
685;7;2022;628879;156015;472864;104816;102982;183516;81550
686;7;2023;607061;151729;455332;98564;98902;178617;79249
687;7;2024;596963;150160;446803;95791;96543;176253;78216
688;7;2025;590578;149130;441448;93829;94813;175126;77680
689;7;2026;592405;150051;442354;94756;94200;175593;77805
690;7;2027;593224;150366;442858;94663;93905;176297;77993
691;7;2028;593164;150297;442867;93798;93666;177166;78237
692;7;2029;590909;149422;441487;91608;93470;177969;78440
693;7;2030;591942;149384;442558;90692;93721;179294;78851
694;7;2031;591382;148839;442543;88594;93849;180729;79371
695;7;2032;595412;149697;445715;88554;94455;182600;80106
696;7;2033;603544;151842;451702;90350;95541;184848;80963
697;7;2034;612206;154218;457988;92438;96738;187022;81790
698;7;2035;619394;156154;463240;93993;97790;188926;82531
699;7;2036;629541;158962;470579;97495;98965;190833;83286
700;7;2037;636810;160881;475929;99936;99867;192272;83854
701;7;2038;641690;162193;479497;101532;100574;193196;84195
702;7;2039;646019;163385;482634;103145;101179;193865;84445
703;7;2040;649700;164405;485295;104653;101635;194361;84646
704;7;2041;646335;163291;483044;102680;101412;194295;84657
705;7;2042;643100;162136;480964;100806;101136;194317;84705
706;7;2043;641239;161417;479822;99424;101102;194495;84801
707;7;2044;643655;161971;481684;100204;101404;195032;85044
708;7;2045;646549;162696;483853;101382;101727;195500;85244
709;7;2046;654074;164941;489133;105095;102476;196102;85460
710;7;2047;660019;166839;493180;108431;103072;196235;85442
711;7;2048;664723;168396;496327;111732;103416;195937;85242
712;7;2049;665271;168738;496533;113402;103283;195037;84811
713;7;2050;661318;167757;493561;113065;102736;193603;84157
714;8;2009;686195;166242;519953;184116;142539;138051;55247
715;8;2010;698357;170777;527580;184971;145150;141519;55940
716;8;2011;711000;175526;535474;186633;147729;144594;56518
717;8;2012;723227;180087;543140;188477;150244;147408;57011
718;8;2013;735049;183955;551094;190386;152749;150306;57653
719;8;2014;747025;187928;559097;191860;155452;153376;58409
720;8;2015;757490;190879;566611;192904;157889;156546;59272
721;8;2016;764027;192802;571225;192813;159749;158968;59695
722;8;2017;763994;192975;571019;190677;160590;160231;59521
723;8;2018;761702;192837;568865;187912;161142;160712;59099
724;8;2019;757260;191825;565435;184225;161823;160954;58433
725;8;2020;757650;192552;565098;182060;163489;161470;58079
726;8;2021;756652;193640;563012;180081;164377;161034;57520
727;8;2022;752710;194433;558277;178007;163810;159616;56844
728;8;2023;742376;194046;548330;174642;161267;156703;55718
729;8;2024;721267;191127;530140;168116;155763;152025;54236
730;8;2025;689453;184866;504587;157692;147990;146466;52439
731;8;2026;656842;177997;478845;146765;140131;141220;50729
732;8;2027;629642;172256;457386;137433;133614;137028;49311
733;8;2028;608121;167275;440846;129631;128670;134180;48365
734;8;2029;598212;165317;432895;125903;126105;132961;47926
735;8;2030;591953;164037;427916;123334;124525;132377;47680
736;8;2031;593818;164906;428912;123976;124328;132823;47785
737;8;2032;594680;165214;429466;123852;124322;133348;47944
738;8;2033;594584;165133;429451;123051;124379;133910;48111
739;8;2034;592330;164201;428129;121027;124373;134441;48288
740;8;2035;593325;164161;429164;120269;124812;135435;48648
741;8;2036;592787;163538;429249;118417;125198;136548;49086
742;8;2037;596848;164351;432497;118636;126224;138009;49628
743;8;2038;604991;166589;438402;120770;127831;139619;50182
744;8;2039;613664;169121;444543;123242;129515;141102;50684
745;8;2040;620895;171179;449716;125190;131037;142369;51120
746;8;2041;631033;174113;456920;128961;132747;143654;51558
747;8;2042;638293;176111;462182;131662;134073;144575;51872
748;8;2043;643165;177505;465660;133479;135005;145120;52056
749;8;2044;647497;178787;468710;135315;135677;145512;52206
750;8;2045;651172;179881;471291;137002;136167;145797;52325
751;8;2046;647842;178713;469129;135208;135854;145723;52344
752;8;2047;644601;177469;467132;133475;135591;145703;52363
753;8;2048;642771;176724;466047;132248;135649;145761;52389
754;8;2049;645200;177295;467905;133124;136162;146110;52509
755;8;2050;648078;178033;470045;134331;136760;146375;52579
756;9;2009;646024;175942;470082;286563;111599;54450;17470
757;9;2010;647121;178253;468868;279960;114258;56690;17960
758;9;2011;651682;181337;470345;275887;117308;58745;18405
759;9;2012;660811;186102;474709;274015;120922;60908;18864
760;9;2013;667810;190425;477385;271642;123878;62658;19207
761;9;2014;678362;195646;482716;271551;127122;64465;19578
762;9;2015;690547;201490;489057;272456;130381;66259;19961
763;9;2016;702895;207259;495636;273703;133562;68036;20335
764;9;2017;715054;212871;502183;274655;136945;69904;20679
765;9;2018;726640;217721;508919;275387;140595;71858;21079
766;9;2019;738360;222541;515819;275807;144655;73879;21478
767;9;2020;748573;226358;522215;275740;148921;75700;21854
768;9;2021;755025;229083;525942;274392;152565;76914;22071
769;9;2022;755044;229757;525287;270300;155200;77566;22221
770;9;2023;752925;230191;522734;265548;157081;77833;22272
771;9;2024;748766;229802;518964;259845;158751;78006;22362
772;9;2025;749467;231304;518163;255659;160960;78872;22672
773;9;2026;748857;233101;515756;251465;162029;79389;22873
774;9;2027;745309;234452;510857;246996;161543;79402;22916
775;9;2028;735488;234215;501273;240800;159048;78666;22759
776;9;2029;714995;230810;484185;230675;154074;77063;22373
777;9;2030;683947;223175;460772;216228;147820;74912;21812
778;9;2031;652056;214876;437180;201556;141522;72817;21285
779;9;2032;625464;207797;417667;189185;136434;71166;20882
780;9;2033;604392;201637;402755;179231;132840;70062;20622
781;9;2034;594771;199201;395570;174285;131104;69633;20548
782;9;2035;588744;197657;391087;170862;130086;69556;20583
783;9;2036;590732;198621;392111;171202;130244;69921;20744
784;9;2037;591712;199043;392669;170936;130501;70321;20911
785;9;2038;591694;199060;392634;170197;130734;70658;21045
786;9;2039;589501;198063;391438;168322;130969;70977;21170
787;9;2040;590513;198090;392423;167883;131699;71489;21352
788;9;2041;590029;197420;392609;166461;132508;72080;21560
789;9;2042;594124;198379;395745;167250;133883;72812;21800
790;9;2043;602282;201020;401262;169977;135643;73597;22045
791;9;2044;610988;204065;406923;173031;137321;74303;22268
792;9;2045;618234;206576;411658;175511;138797;74893;22457
793;9;2046;628365;209961;418404;179827;140436;75493;22648
794;9;2047;635604;212276;423328;182997;141664;75893;22774
795;9;2048;640478;213950;426528;185140;142440;76103;22845
796;9;2049;644810;215502;429308;187236;142933;76239;22900
797;9;2050;648480;216776;431704;189146;143304;76322;22932
798;10;2009;632100;185791;446309;363073;60130;17453;5653
799;10;2010;649586;193453;456133;369763;62073;18411;5886
800;10;2011;670019;203067;466952;377656;63986;19246;6064
801;10;2012;649568;199628;449940;360447;63882;19543;6068
802;10;2013;638267;198797;439470;348536;64778;20027;6129
803;10;2014;633722;200458;433264;339982;66395;20669;6218
804;10;2015;635170;203724;431446;335507;68328;21305;6306
805;10;2016;639893;207992;431901;333317;70297;21883;6404
806;10;2017;648865;213783;435082;333370;72603;22595;6514
807;10;2018;655701;219032;436669;332243;74612;23206;6608
808;10;2019;665874;225383;440491;333222;76729;23831;6709
809;10;2020;677688;232399;445289;334932;79076;24460;6821
810;10;2021;689512;239136;450376;336813;81566;25072;6925
811;10;2022;701417;245758;455659;338047;84654;25845;7113
812;10;2023;712729;251767;460962;339289;87733;26634;7306
813;10;2024;724226;257827;466399;340582;90922;27392;7503
814;10;2025;734222;263129;471093;341322;93862;28186;7723
815;10;2026;740624;267328;473296;340341;96267;28805;7883
816;10;2027;740716;269389;471327;336065;98009;29258;7995
817;10;2028;738809;271089;467720;330464;99471;29686;8099
818;10;2029;734944;271932;463012;323654;100987;30148;8223
819;10;2030;735923;274928;460995;318651;103114;30831;8399
820;10;2031;735662;278077;457585;313327;104381;31322;8555
821;10;2032;732509;280432;452077;307265;104587;31563;8662
822;10;2033;723270;280781;442489;298918;103476;31426;8669
823;10;2034;703491;277110;426381;286039;100829;30921;8592
824;10;2035;673354;268399;404955;268725;97491;30268;8471
825;10;2036;642369;258774;383595;251427;94184;29628;8356
826;10;2037;616525;250468;366057;236927;91665;29182;8283
827;10;2038;596037;243298;352739;225672;89935;28894;8238
828;10;2039;586822;240487;346335;219995;89243;28846;8251
829;10;2040;581119;238794;342325;216243;88912;28885;8285
830;10;2041;583294;240037;343257;216615;89204;29077;8361
831;10;2042;584466;240730;343736;216609;89469;29234;8424
832;10;2043;584591;240875;343716;216208;89683;29350;8475
833;10;2044;582523;239844;342679;214786;89907;29463;8523
834;10;2045;583618;240027;343591;214876;90467;29658;8590
835;10;2046;583263;239490;343773;214104;91130;29879;8660
836;10;2047;587432;240860;346572;215575;92109;30150;8738
837;10;2048;595633;244128;351505;218982;93259;30442;8822
838;10;2049;604362;247863;356499;222604;94294;30701;8900
839;10;2050;611689;250990;360699;225627;95193;30917;8962
840;11;2009;470741;158177;312564;279113;26108;5368;1975
841;11;2010;487508;162952;324556;290175;26730;5614;2037
842;11;2011;495491;164880;330611;295674;27056;5804;2077
843;11;2012;546127;181640;364487;326357;29495;6388;2247
844;11;2013;587528;196712;390816;350387;31237;6826;2366
845;11;2014;614410;207407;407003;364819;32563;7180;2441
846;11;2015;632120;215998;416122;372649;33550;7440;2483
847;11;2016;652506;226583;425923;381443;34364;7612;2504
848;11;2017;633172;222660;410512;365869;34482;7689;2472
849;11;2018;622544;221553;400991;355907;34851;7780;2453
850;11;2019;618340;223180;395160;349407;35426;7887;2440
851;11;2020;619849;226613;393236;346592;36200;8002;2442
852;11;2021;624552;231211;393341;345671;37094;8127;2449
853;11;2022;633304;237349;395955;346894;38259;8314;2488
854;11;2023;640008;242861;397147;346702;39396;8520;2529
855;11;2024;649979;249505;400474;348358;40772;8761;2583
856;11;2025;661593;257057;404536;350863;42019;9010;2644
857;11;2026;673064;264270;408794;353539;43301;9257;2697
858;11;2027;684766;271736;413030;356108;44661;9508;2753
859;11;2028;695825;278660;417165;358542;46035;9775;2813
860;11;2029;707055;285684;421371;361000;47465;10033;2873
861;11;2030;716830;291963;424867;362759;48880;10297;2931
862;11;2031;723128;297106;426022;362611;49940;10489;2982
863;11;2032;723288;299757;423531;358831;50965;10693;3042
864;11;2033;721527;302168;419359;353698;51737;10840;3084
865;11;2034;717969;303730;414239;347533;52543;11016;3147
866;11;2035;719196;307803;411393;343383;53528;11255;3227
867;11;2036;719264;311908;407356;338502;54105;11444;3305
868;11;2037;716452;314990;401462;332385;54159;11556;3362
869;11;2038;707697;315667;392030;323467;53639;11546;3378
870;11;2039;688593;311556;377037;309785;52470;11424;3358
871;11;2040;659368;301908;357460;291880;51018;11246;3316
872;11;2041;629290;291190;338100;274158;49597;11072;3273
873;11;2042;604246;282017;322229;259510;48532;10946;3241
874;11;2043;584408;274143;310265;248382;47800;10860;3223
875;11;2044;575612;271141;304471;242879;47519;10847;3226
876;11;2045;570272;269385;300887;239394;47395;10862;3236
877;11;2046;572654;270909;301745;240017;47553;10920;3255
878;11;2047;574069;271841;302228;240307;47690;10963;3268
879;11;2048;574369;272062;302307;240224;47809;10996;3278
880;11;2049;572494;271012;301482;239222;47940;11031;3289
881;11;2050;573737;271356;302381;239739;48247;11091;3304
882;12;2009;399055;162367;236688;219188;14484;2187;829
883;12;2010;407906;164871;243035;225260;14678;2248;849
884;12;2011;419346;168377;250969;232668;15066;2351;884
885;12;2012;426692;170416;256276;237729;15275;2384;888
886;12;2013;438266;174192;264074;244999;15687;2473;915
887;12;2014;451888;178464;273424;253743;16155;2581;945
888;12;2015;468778;184158;284620;264294;16660;2691;975
889;12;2016;477185;186869;290316;269621;16957;2749;989
890;12;2017;526670;205741;320929;298780;18092;2999;1058
891;12;2018;567150;222583;344567;321426;18918;3134;1089
892;12;2019;593385;234382;359003;335203;19492;3201;1107
893;12;2020;610615;243553;367062;342778;19922;3242;1120
894;12;2021;630118;254545;375573;350811;20332;3298;1132
895;12;2022;611712;249377;362335;337584;20325;3304;1122
896;12;2023;601674;247259;354415;329431;20506;3355;1123
897;12;2024;597825;248126;349699;324211;20936;3422;1130
898;12;2025;599398;251112;348286;322302;21347;3494;1143
899;12;2026;604066;255544;348522;321971;21819;3575;1157
900;12;2027;612496;261569;350927;323706;22382;3664;1175
901;12;2028;619008;266923;352085;324199;22934;3757;1195
902;12;2029;628579;273636;354943;326345;23539;3847;1212
903;12;2030;639812;281267;358545;329176;24188;3949;1232
904;12;2031;650693;288526;362167;332185;24715;4018;1249
905;12;2032;662029;296149;365880;335082;25398;4122;1278
906;12;2033;672627;303274;369353;337910;25948;4198;1297
907;12;2034;683426;310511;372915;340784;26534;4278;1319
908;12;2035;692797;316984;375813;343008;27102;4362;1341
909;12;2036;698884;322162;376722;343331;27591;4434;1366
910;12;2037;698980;324744;374236;340379;27968;4498;1391
911;12;2038;697330;326928;370402;336123;28307;4561;1411
912;12;2039;694046;328370;365676;331002;28596;4640;1438
913;12;2040;695507;332477;363030;327875;28950;4738;1467
914;12;2041;695849;336604;359245;323810;29130;4812;1493
915;12;2042;693227;339467;353760;318307;29098;4848;1507
916;12;2043;684822;339708;345114;309951;28826;4831;1506
917;12;2044;666302;334677;331625;297091;28279;4765;1490
918;12;2045;638157;323891;314266;280525;27588;4686;1467
919;12;2046;609184;312033;297151;264189;26921;4602;1439
920;12;2047;585186;301968;283218;250840;26414;4546;1418
921;12;2048;566205;293416;272789;240826;26050;4509;1404
922;12;2049;557956;290116;267840;236027;25908;4503;1402
923;12;2050;553080;288218;264862;233099;25862;4502;1399
924;13;2009;345321;175924;169397;159266;8735;1119;277
925;13;2010;348606;175858;172748;162389;8919;1155;285
926;13;2011;350363;175063;175300;164900;8934;1177;289
927;13;2012;354560;175427;179133;168549;9083;1205;296
928;13;2013;357147;175085;182062;171430;9099;1232;301
929;13;2014;365934;177875;188059;177137;9322;1286;314
930;13;2015;374946;181101;193845;182685;9505;1331;324
931;13;2016;386188;185351;200837;189353;9772;1378;334
932;13;2017;393361;187770;205591;193861;9936;1448;346
933;13;2018;404169;191922;212247;200167;10235;1495;350
934;13;2019;417200;196841;220359;207928;10537;1530;364
935;13;2020;433223;203269;229954;217144;10863;1571;376
936;13;2021;441352;206426;234926;221824;11095;1624;383
937;13;2022;488048;227291;260757;246927;11696;1720;414
938;13;2023;525948;245487;280461;266056;12153;1818;434
939;13;2024;550177;257816;292361;277504;12520;1895;442
940;13;2025;565711;266890;298821;283643;12764;1966;448
941;13;2026;582683;277498;305185;289702;13014;2014;455
942;13;2027;565878;270881;294997;279460;13045;2037;455
943;13;2028;556895;267708;289187;273495;13156;2072;464
944;13;2029;553504;267733;285771;269854;13330;2117;470
945;13;2030;555036;270082;284954;268744;13560;2175;475
946;13;2031;559405;274040;285365;268872;13792;2218;483
947;13;2032;567118;279585;287533;270663;14105;2271;494
948;13;2033;573171;284453;288718;271530;14374;2312;502
949;13;2034;581968;290716;291252;273722;14664;2355;511
950;13;2035;592373;297962;294411;276520;14970;2403;518
951;13;2036;602235;304673;297562;279324;15262;2449;527
952;13;2037;612748;311941;300807;282209;15566;2493;539
953;13;2038;622496;318617;303879;284939;15861;2532;547
954;13;2039;632442;325396;307046;287765;16142;2580;559
955;13;2040;641117;331438;309679;290073;16411;2627;568
956;13;2041;646692;336098;310594;290721;16629;2666;578
957;13;2042;646721;338045;308676;288608;16788;2699;581
958;13;2043;645227;339560;305667;285438;16928;2714;587
959;13;2044;642434;340443;301991;281633;17034;2731;593
960;13;2045;644263;344048;300215;279694;17156;2760;605
961;13;2046;644895;347553;297342;276749;17197;2784;612
962;13;2047;642487;349585;292902;272361;17132;2795;614
963;13;2048;634598;348887;285711;265365;16952;2782;612
964;13;2049;617193;342699;274494;254505;16640;2745;604
965;13;2050;591230;330933;260297;240748;16271;2691;587
966;14;2009;254242;158767;95475;90206;4606;533;130
967;14;2010;257545;159213;98332;92761;4869;566;136
968;14;2011;264026;161765;102261;96372;5137;608;144
969;14;2012;269267;163854;105413;99357;5274;634;148
970;14;2013;276064;166805;109259;102995;5439;671;154
971;14;2014;279690;167754;111936;105551;5530;696;159
972;14;2015;283861;168941;114920;108394;5635;726;165
973;14;2016;286509;169196;117313;110726;5679;741;167
974;14;2017;290809;170353;120456;113741;5762;771;182
975;14;2018;293755;170785;122970;116175;5833;787;175
976;14;2019;301688;174084;127604;120625;5974;814;191
977;14;2020;309760;177693;132067;124918;6117;837;195
978;14;2021;319680;182294;137386;130010;6301;875;200
979;14;2022;326017;184926;141091;133523;6462;898;208
980;14;2023;335310;189195;146115;138286;6677;938;214
981;14;2024;347031;194604;152427;144310;6913;986;218
982;14;2025;361282;201522;159760;151339;7160;1038;223
983;14;2026;368740;205063;163677;154993;7373;1081;230
984;14;2027;409594;226636;182958;173780;7783;1154;241
985;14;2028;442254;244887;197367;187785;8110;1208;264
986;14;2029;462757;256772;205985;196104;8343;1265;273
987;14;2030;475494;264955;210539;200436;8502;1323;278
988;14;2031;488612;273986;214626;204324;8640;1366;296
989;14;2032;475354;267137;208217;197864;8675;1377;301
990;14;2033;468866;263898;204968;194519;8753;1389;307
991;14;2034;466854;263607;203247;192669;8855;1409;314
992;14;2035;468852;265587;203265;192522;8995;1439;309
993;14;2036;473173;269120;204053;193123;9141;1473;316
994;14;2037;480143;274083;206060;194921;9307;1506;326
995;14;2038;485852;278415;207437;196095;9475;1534;333
996;14;2039;493741;284029;209712;198157;9648;1565;342
997;14;2040;503047;290618;212429;200655;9826;1598;350
998;14;2041;511611;296562;215049;203070;9989;1631;359
999;14;2042;520960;303155;217805;205620;10157;1663;365
1000;14;2043;529515;309149;220366;207997;10313;1685;371
1001;14;2044;538235;315217;223018;210471;10461;1707;379
1002;14;2045;545885;320629;225256;212555;10587;1727;387
1003;14;2046;550741;324592;226149;213330;10676;1749;394
1004;14;2047;550868;325920;224948;212060;10726;1763;399
1005;14;2048;549715;326771;222944;210011;10756;1772;405
1006;14;2049;547707;327163;220544;207587;10769;1777;411
1007;14;2050;549895;330211;219684;206693;10813;1781;397
1008;15;2009;142187;104129;38058;35918;1864;210;66
1009;15;2010;147934;108089;39845;37566;1987;224;68
1010;15;2011;150465;109518;40947;38560;2080;237;70
1011;15;2012;153740;111173;42567;40023;2215;256;73
1012;15;2013;156925;112855;44070;41410;2311;273;76
1013;15;2014;160762;114900;45862;43075;2417;290;80
1014;15;2015;164724;117018;47706;44814;2502;307;83
1015;15;2016;170382;120329;50053;47038;2604;324;87
1016;15;2017;174718;122782;51936;48842;2663;337;94
1017;15;2018;179708;125611;54097;50910;2744;350;93
1018;15;2019;182402;126771;55631;52386;2786;360;99
1019;15;2020;185548;128180;57368;54052;2845;370;101
1020;15;2021;187942;129038;58904;55533;2889;380;102
1021;15;2022;191480;130621;60859;57403;2959;392;105
1022;15;2023;194290;131756;62534;59003;3020;404;107
1023;15;2024;200520;135107;65413;61760;3122;421;110
1024;15;2025;206853;138657;68196;64419;3225;438;114
1025;15;2026;214450;142986;71464;67541;3346;459;118
1026;15;2027;219336;145544;73792;69733;3461;477;121
1027;15;2028;226255;149394;76861;72631;3605;496;129
1028;15;2029;235488;154610;80878;76460;3762;522;134
1029;15;2030;246542;161090;85452;80835;3924;553;140
1030;15;2031;252481;164544;87937;83148;4061;579;149
1031;15;2032;283239;183565;99674;94592;4315;606;161
1032;15;2033;307046;198936;108110;102795;4518;626;171
1033;15;2034;321474;208503;112971;107488;4662;643;178
1034;15;2035;329936;214582;115354;109750;4768;657;179
1035;15;2036;337628;220495;117133;111421;4859;670;183
1036;15;2037;329857;215427;114430;108679;4888;678;185
1037;15;2038;327044;213501;113543;107726;4943;687;187
1038;15;2039;326899;213629;113270;107368;5015;697;190
1039;15;2040;329302;215485;113817;107815;5099;710;193
1040;15;2041;333149;218474;114675;108564;5191;723;197
1041;15;2042;338709;222506;116203;109976;5290;736;201
1042;15;2043;343519;226121;117398;111058;5388;748;204
1043;15;2044;349692;230658;119034;112578;5488;759;209
1044;15;2045;356894;235992;120902;114330;5588;771;213
1045;15;2046;363258;240657;122601;115927;5675;782;217
1046;15;2047;370405;245947;124458;117682;5764;792;220
1047;15;2048;376786;250677;126109;119248;5838;799;224
1048;15;2049;383272;255438;127834;120894;5907;805;228
1049;15;2050;389059;259748;129311;122308;5971;807;225
1050;16;2009;41170;33641;7529;7039;432;41;17
1051;16;2010;43090;35149;7941;7408;471;44;18
1052;16;2011;48012;39042;8970;8375;527;48;20
1053;16;2012;52439;42607;9832;9182;577;52;21
1054;16;2013;56326;45773;10553;9844;629;57;23
1055;16;2014;60453;49124;11329;10569;675;61;24
1056;16;2015;63538;51639;11899;11111;700;63;25
1057;16;2016;65242;52933;12309;11495;723;65;26
1058;16;2017;67057;54192;12865;12015;754;69;27
1059;16;2018;68600;55255;13345;12466;780;71;28
1060;16;2019;70602;56650;13952;13041;808;74;29
1061;16;2020;72545;57981;14564;13625;832;77;30
1062;16;2021;75357;59988;15369;14393;864;80;32
1063;16;2022;77518;61488;16030;15025;889;83;33
1064;16;2023;80009;63202;16807;15766;921;86;34
1065;16;2024;81450;64071;17379;16312;943;89;35
1066;16;2025;83210;65159;18051;16953;971;91;36
1067;16;2026;84806;66098;18708;17581;996;94;37
1068;16;2027;86971;67455;19516;18350;1031;97;38
1069;16;2028;88860;68616;20244;19041;1063;100;40
1070;16;2029;92412;71000;21412;20157;1109;104;42
1071;16;2030;96016;73476;22540;21231;1156;109;44
1072;16;2031;100211;76364;23847;22477;1210;114;46
1073;16;2032;102881;78100;24781;23353;1263;117;48
1074;16;2033;106633;80611;26022;24525;1325;122;50
1075;16;2034;111940;84245;27695;26120;1394;128;53
1076;16;2035;118162;88605;29557;27905;1464;133;55
1077;16;2036;121480;90911;30569;28849;1523;139;58
1078;16;2037;138402;103092;35310;33471;1628;147;64
1079;16;2038;150737;112242;38495;36562;1710;154;69
1080;16;2039;157637;117445;40192;38195;1766;159;72
1081;16;2040;161232;120286;40946;38902;1808;162;74
1082;16;2041;163959;122556;41403;39313;1848;166;76
1083;16;2042;161017;120266;40751;38644;1864;167;76
1084;16;2043;160736;119940;40796;38660;1891;169;76
1085;16;2044;161418;120468;40950;38779;1922;172;77
1086;16;2045;163178;121829;41349;39142;1955;174;78
1087;16;2046;165546;123739;41807;39558;1992;177;80
1088;16;2047;168692;126172;42520;40230;2029;180;81
1089;16;2048;171580;128454;43126;40796;2065;183;82
1090;16;2049;175036;131178;43858;41488;2101;185;84
1091;16;2050;179051;134363;44688;42276;2139;188;85
1092;17;2009;8306;7174;1132;1041;80;8;3
1093;17;2010;9188;7978;1210;1112;86;9;3
1094;17;2011;9772;8521;1251;1145;94;9;3
1095;17;2012;10439;9122;1317;1206;99;9;3
1096;17;2013;11158;9758;1400;1281;106;10;3
1097;17;2014;11785;10328;1457;1333;111;10;3
1098;17;2015;12631;11082;1549;1419;116;11;3
1099;17;2016;14209;12471;1738;1599;125;11;3
1100;17;2017;15523;13636;1887;1739;133;12;3
1101;17;2018;16611;14602;2009;1853;140;12;4
1102;17;2019;17715;15577;2138;1973;148;13;4
1103;17;2020;18582;16346;2236;2067;152;13;4
1104;17;2021;19286;16958;2328;2155;156;13;4
1105;17;2022;19989;17543;2446;2265;163;14;4
1106;17;2023;20601;18056;2545;2361;166;14;4
1107;17;2024;21430;18748;2682;2490;174;14;4
1108;17;2025;22199;19375;2824;2626;179;15;4
1109;17;2026;23204;20203;3001;2793;189;15;4
1110;17;2027;24018;20860;3158;2943;195;16;4
1111;17;2028;24922;21586;3336;3112;204;16;4
1112;17;2029;25579;22090;3489;3257;211;17;4
1113;17;2030;26347;22686;3661;3421;219;17;4
1114;17;2031;27159;23316;3843;3592;229;18;4
1115;17;2032;28104;24052;4052;3792;238;18;4
1116;17;2033;28994;24745;4249;3977;248;19;5
1117;17;2034;30359;25816;4543;4260;259;19;5
1118;17;2035;31747;26916;4831;4534;272;20;5
1119;17;2036;33324;28162;5162;4851;286;20;5
1120;17;2037;34382;28976;5406;5082;298;21;5
1121;17;2038;35802;30081;5721;5382;313;21;5
1122;17;2039;37901;31744;6157;5799;331;22;5
1123;17;2040;40247;33634;6613;6237;348;23;5
1124;17;2041;41594;34709;6885;6493;362;24;6
1125;17;2042;47504;39479;8025;7602;392;25;6
1126;17;2043;51574;42821;8753;8305;415;27;6
1127;17;2044;53838;44706;9132;8671;428;27;6
1128;17;2045;55074;45758;9316;8844;438;28;6
1129;17;2046;55789;46370;9419;8935;449;28;7
1130;17;2047;56317;46825;9492;9002;455;28;7
1131;17;2048;57320;47664;9656;9156;464;29;7
1132;17;2049;58112;48336;9776;9270;470;29;7
1133;17;2050;58993;49082;9911;9396;479;29;7
