ID;EconomicActivitySBI2008;Periods;EnterprisesTotal_1;SingleOwnerCompanies_2;OtherLegalPersons_3
0;A-U All economic activities;1993 January;380;159;221
1;A-U All economic activities;1993 February;371;138;233
2;A-U All economic activities;1993 March;572;218;354
3;A-U All economic activities;1993 1st quarter;1323;515;808
4;A-U All economic activities;1993 April;440;182;258
5;A-U All economic activities;1993 May;418;135;283
6;A-U All economic activities;1993 June;485;183;302
7;A-U All economic activities;1993 2nd quarter;1343;500;843
8;A-U All economic activities;1993 July;499;183;316
9;A-U All economic activities;1993 August;434;163;271
10;A-U All economic activities;1993 September;507;185;322
11;A-U All economic activities;1993 3rd quarter;1440;531;909
12;A-U All economic activities;1993 October;426;190;236
13;A-U All economic activities;1993 November;506;224;282
14;A-U All economic activities;1993 December;474;188;286
15;A-U All economic activities;1993 4th quarter;1406;602;804
16;A-U All economic activities;1993;5512;2148;3364
17;A-U All economic activities;1994 January;443;180;263
18;A-U All economic activities;1994 February;433;171;262
19;A-U All economic activities;1994 March;551;227;324
20;A-U All economic activities;1994 1st quarter;1427;578;849
21;A-U All economic activities;1994 April;406;167;239
22;A-U All economic activities;1994 May;376;162;214
23;A-U All economic activities;1994 June;513;172;341
24;A-U All economic activities;1994 2nd quarter;1295;501;794
25;A-U All economic activities;1994 July;380;147;233
26;A-U All economic activities;1994 August;506;219;287
27;A-U All economic activities;1994 September;451;192;259
28;A-U All economic activities;1994 3rd quarter;1337;558;779
29;A-U All economic activities;1994 October;397;164;233
30;A-U All economic activities;1994 November;505;207;298
31;A-U All economic activities;1994 December;372;165;207
32;A-U All economic activities;1994 4th quarter;1274;536;738
33;A-U All economic activities;1994;5333;2173;3160
34;A-U All economic activities;1995 January;416;192;224
35;A-U All economic activities;1995 February;378;174;204
36;A-U All economic activities;1995 March;458;212;246
37;A-U All economic activities;1995 1st quarter;1252;578;674
38;A-U All economic activities;1995 April;379;166;213
39;A-U All economic activities;1995 May;376;150;226
40;A-U All economic activities;1995 June;397;161;236
41;A-U All economic activities;1995 2nd quarter;1152;477;675
42;A-U All economic activities;1995 July;393;153;240
43;A-U All economic activities;1995 August;401;164;237
44;A-U All economic activities;1995 September;407;145;262
45;A-U All economic activities;1995 3rd quarter;1201;462;739
46;A-U All economic activities;1995 October;441;183;258
47;A-U All economic activities;1995 November;407;168;239
48;A-U All economic activities;1995 December;330;143;187
49;A-U All economic activities;1995 4th quarter;1178;494;684
50;A-U All economic activities;1995;4783;2011;2772
51;A-U All economic activities;1996 January;415;198;217
52;A-U All economic activities;1996 February;366;162;204
53;A-U All economic activities;1996 March;390;162;228
54;A-U All economic activities;1996 1st quarter;1171;522;649
55;A-U All economic activities;1996 April;366;159;207
56;A-U All economic activities;1996 May;398;170;228
57;A-U All economic activities;1996 June;368;146;222
58;A-U All economic activities;1996 2nd quarter;1132;475;657
59;A-U All economic activities;1996 July;373;157;216
60;A-U All economic activities;1996 August;347;141;206
61;A-U All economic activities;1996 September;370;143;227
62;A-U All economic activities;1996 3rd quarter;1090;441;649
63;A-U All economic activities;1996 October;445;168;277
64;A-U All economic activities;1996 November;348;161;187
65;A-U All economic activities;1996 December;348;132;216
66;A-U All economic activities;1996 4th quarter;1141;461;680
67;A-U All economic activities;1996;4534;1899;2635
68;A-U All economic activities;1997 January;432;182;250
69;A-U All economic activities;1997 February;382;157;225
70;A-U All economic activities;1997 March;339;132;207
71;A-U All economic activities;1997 1st quarter;1153;471;682
72;A-U All economic activities;1997 April;362;139;223
73;A-U All economic activities;1997 May;378;146;232
74;A-U All economic activities;1997 June;333;117;216
75;A-U All economic activities;1997 2nd quarter;1073;402;671
76;A-U All economic activities;1997 July;397;146;251
77;A-U All economic activities;1997 August;285;108;177
78;A-U All economic activities;1997 September;386;174;212
79;A-U All economic activities;1997 3rd quarter;1068;428;640
80;A-U All economic activities;1997 October;397;147;250
81;A-U All economic activities;1997 November;381;141;240
82;A-U All economic activities;1997 December;337;139;198
83;A-U All economic activities;1997 4th quarter;1115;427;688
84;A-U All economic activities;1997;4409;1728;2681
85;A-U All economic activities;1998 January;322;133;189
86;A-U All economic activities;1998 February;331;130;201
87;A-U All economic activities;1998 March;428;175;253
88;A-U All economic activities;1998 1st quarter;1081;438;643
89;A-U All economic activities;1998 April;393;145;248
90;A-U All economic activities;1998 May;278;114;164
91;A-U All economic activities;1998 June;353;148;205
92;A-U All economic activities;1998 2nd quarter;1024;407;617
93;A-U All economic activities;1998 July;350;139;211
94;A-U All economic activities;1998 August;273;121;152
95;A-U All economic activities;1998 September;436;175;261
96;A-U All economic activities;1998 3rd quarter;1059;435;624
97;A-U All economic activities;1998 October;299;116;183
98;A-U All economic activities;1998 November;280;88;192
99;A-U All economic activities;1998 December;272;61;211
100;A-U All economic activities;1998 4th quarter;851;265;586
101;A-U All economic activities;1998;4015;1545;2470
102;A-U All economic activities;1999 January;229;76;153
103;A-U All economic activities;1999 February;282;79;203
104;A-U All economic activities;1999 March;345;100;245
105;A-U All economic activities;1999 1st quarter;856;255;601
106;A-U All economic activities;1999 April;289;83;206
107;A-U All economic activities;1999 May;231;56;175
108;A-U All economic activities;1999 June;318;88;230
109;A-U All economic activities;1999 2nd quarter;838;227;611
110;A-U All economic activities;1999 July;232;66;166
111;A-U All economic activities;1999 August;237;80;157
112;A-U All economic activities;1999 September;280;81;199
113;A-U All economic activities;1999 3rd quarter;749;227;522
114;A-U All economic activities;1999 October;242;67;175
115;A-U All economic activities;1999 November;276;72;204
116;A-U All economic activities;1999 December;277;77;200
117;A-U All economic activities;1999 4th quarter;795;216;579
118;A-U All economic activities;1999;3238;925;2313
119;A-U All economic activities;2000 January;245;73;172
120;A-U All economic activities;2000 February;281;74;207
121;A-U All economic activities;2000 March;299;92;207
122;A-U All economic activities;2000 1st quarter;825;239;586
123;A-U All economic activities;2000 April;243;73;170
124;A-U All economic activities;2000 May;306;77;229
125;A-U All economic activities;2000 June;266;61;205
126;A-U All economic activities;2000 2nd quarter;815;211;604
127;A-U All economic activities;2000 July;286;73;213
128;A-U All economic activities;2000 August;362;114;248
129;A-U All economic activities;2000 September;279;79;200
130;A-U All economic activities;2000 3rd quarter;927;266;661
131;A-U All economic activities;2000 October;354;86;268
132;A-U All economic activities;2000 November;388;87;301
133;A-U All economic activities;2000 December;270;69;201
134;A-U All economic activities;2000 4th quarter;1012;242;770
135;A-U All economic activities;2000;3579;958;2621
136;A-U All economic activities;2001 January;335;84;251
137;A-U All economic activities;2001 February;336;75;261
138;A-U All economic activities;2001 March;328;89;239
139;A-U All economic activities;2001 1st quarter;999;248;751
140;A-U All economic activities;2001 April;315;81;234
141;A-U All economic activities;2001 May;425;97;328
142;A-U All economic activities;2001 June;313;74;239
143;A-U All economic activities;2001 2nd quarter;1053;252;801
144;A-U All economic activities;2001 July;390;86;304
145;A-U All economic activities;2001 August;396;100;296
146;A-U All economic activities;2001 September;340;75;265
147;A-U All economic activities;2001 3rd quarter;1126;261;865
148;A-U All economic activities;2001 October;435;102;333
149;A-U All economic activities;2001 November;391;77;314
150;A-U All economic activities;2001 December;326;57;269
151;A-U All economic activities;2001 4th quarter;1152;236;916
152;A-U All economic activities;2001;4330;997;3333
153;A-U All economic activities;2002 January;446;98;348
154;A-U All economic activities;2002 February;375;79;296
155;A-U All economic activities;2002 March;392;85;307
156;A-U All economic activities;2002 1st quarter;1213;262;951
157;A-U All economic activities;2002 April;357;74;283
158;A-U All economic activities;2002 May;398;70;328
159;A-U All economic activities;2002 June;413;84;329
160;A-U All economic activities;2002 2nd quarter;1168;228;940
161;A-U All economic activities;2002 July;530;76;454
162;A-U All economic activities;2002 August;356;72;284
163;A-U All economic activities;2002 September;401;61;340
164;A-U All economic activities;2002 3rd quarter;1287;209;1078
165;A-U All economic activities;2002 October;529;90;439
166;A-U All economic activities;2002 November;373;33;340
167;A-U All economic activities;2002 December;393;56;337
168;A-U All economic activities;2002 4th quarter;1295;179;1116
169;A-U All economic activities;2002;4963;878;4085
170;A-U All economic activities;2003 January;475;98;377
171;A-U All economic activities;2003 February;476;77;399
172;A-U All economic activities;2003 March;470;106;364
173;A-U All economic activities;2003 1st quarter;1421;281;1140
174;A-U All economic activities;2003 April;616;124;492
175;A-U All economic activities;2003 May;565;88;477
176;A-U All economic activities;2003 June;547;92;455
177;A-U All economic activities;2003 2nd quarter;1728;304;1424
178;A-U All economic activities;2003 July;570;105;465
179;A-U All economic activities;2003 August;425;91;334
180;A-U All economic activities;2003 September;614;105;509
181;A-U All economic activities;2003 3rd quarter;1609;301;1308
182;A-U All economic activities;2003 October;573;80;493
183;A-U All economic activities;2003 November;516;104;412
184;A-U All economic activities;2003 December;517;81;436
185;A-U All economic activities;2003 4th quarter;1606;265;1341
186;A-U All economic activities;2003;6364;1151;5213
187;A-U All economic activities;2004 January;532;112;420
188;A-U All economic activities;2004 February;548;112;436
189;A-U All economic activities;2004 March;699;141;558
190;A-U All economic activities;2004 1st quarter;1779;365;1414
191;A-U All economic activities;2004 April;466;106;360
192;A-U All economic activities;2004 May;494;105;389
193;A-U All economic activities;2004 June;618;116;502
194;A-U All economic activities;2004 2nd quarter;1578;327;1251
195;A-U All economic activities;2004 July;534;121;413
196;A-U All economic activities;2004 August;564;118;446
197;A-U All economic activities;2004 September;575;128;447
198;A-U All economic activities;2004 3rd quarter;1673;367;1306
199;A-U All economic activities;2004 October;474;92;382
200;A-U All economic activities;2004 November;584;128;456
201;A-U All economic activities;2004 December;533;102;431
202;A-U All economic activities;2004 4th quarter;1591;322;1269
203;A-U All economic activities;2004;6621;1381;5240
204;A-U All economic activities;2005 January;545;136;409
205;A-U All economic activities;2005 February;574;118;456
206;A-U All economic activities;2005 March;666;162;504
207;A-U All economic activities;2005 1st quarter;1785;416;1369
208;A-U All economic activities;2005 April;526;110;416
209;A-U All economic activities;2005 May;532;138;394
210;A-U All economic activities;2005 June;611;177;434
211;A-U All economic activities;2005 2nd quarter;1669;425;1244
212;A-U All economic activities;2005 July;524;136;388
213;A-U All economic activities;2005 August;569;172;397
214;A-U All economic activities;2005 September;589;142;447
215;A-U All economic activities;2005 3rd quarter;1682;450;1232
216;A-U All economic activities;2005 October;516;135;381
217;A-U All economic activities;2005 November;624;142;482
218;A-U All economic activities;2005 December;490;129;361
219;A-U All economic activities;2005 4th quarter;1630;406;1224
220;A-U All economic activities;2005;6766;1697;5069
221;A-U All economic activities;2006 January;583;159;424
222;A-U All economic activities;2006 February;557;163;394
223;A-U All economic activities;2006 March;553;151;402
224;A-U All economic activities;2006 1st quarter;1693;473;1220
225;A-U All economic activities;2006 April;512;147;365
226;A-U All economic activities;2006 May;522;135;387
227;A-U All economic activities;2006 June;468;125;343
228;A-U All economic activities;2006 2nd quarter;1502;407;1095
229;A-U All economic activities;2006 July;462;137;325
230;A-U All economic activities;2006 August;515;167;348
231;A-U All economic activities;2006 September;444;136;308
232;A-U All economic activities;2006 3rd quarter;1421;440;981
233;A-U All economic activities;2006 October;455;132;323
234;A-U All economic activities;2006 November;456;135;321
235;A-U All economic activities;2006 December;407;126;281
236;A-U All economic activities;2006 4th quarter;1318;393;925
237;A-U All economic activities;2006;5934;1713;4221
238;A-U All economic activities;2007 January;471;89;382
239;A-U All economic activities;2007 February;342;75;267
240;A-U All economic activities;2007 March;348;76;272
241;A-U All economic activities;2007 1st quarter;1161;240;921
242;A-U All economic activities;2007 April;364;76;288
243;A-U All economic activities;2007 May;432;106;326
244;A-U All economic activities;2007 June;330;79;251
245;A-U All economic activities;2007 2nd quarter;1126;261;865
246;A-U All economic activities;2007 July;378;70;308
247;A-U All economic activities;2007 August;399;92;307
248;A-U All economic activities;2007 September;401;82;319
249;A-U All economic activities;2007 3rd quarter;1178;244;934
250;A-U All economic activities;2007 October;442;106;336
251;A-U All economic activities;2007 November;377;80;297
252;A-U All economic activities;2007 December;312;82;230
253;A-U All economic activities;2007 4th quarter;1131;268;863
254;A-U All economic activities;2007;4596;1013;3583
255;A-U All economic activities;2008 January;383;92;291
256;A-U All economic activities;2008 February;349;54;295
257;A-U All economic activities;2008 March;317;58;259
258;A-U All economic activities;2008 1st quarter;1049;204;845
259;A-U All economic activities;2008 April;401;87;314
260;A-U All economic activities;2008 May;285;57;228
261;A-U All economic activities;2008 June;377;58;319
262;A-U All economic activities;2008 2nd quarter;1063;202;861
263;A-U All economic activities;2008 July;380;70;310
264;A-U All economic activities;2008 August;347;60;287
265;A-U All economic activities;2008 September;414;74;340
266;A-U All economic activities;2008 3rd quarter;1141;204;937
267;A-U All economic activities;2008 October;406;65;341
268;A-U All economic activities;2008 November;487;62;425
269;A-U All economic activities;2008 December;475;58;417
270;A-U All economic activities;2008 4th quarter;1368;185;1183
271;A-U All economic activities;2008;4621;795;3826
272;A-U All economic activities;2009 January;566;99;467
273;A-U All economic activities;2009 February;604;63;541
274;A-U All economic activities;2009 March;764;90;674
275;A-U All economic activities;2009 1st quarter;1934;252;1682
276;A-U All economic activities;2009 April;725;85;640
277;A-U All economic activities;2009 May;585;85;500
278;A-U All economic activities;2009 June;797;99;698
279;A-U All economic activities;2009 2nd quarter;2107;269;1838
280;A-U All economic activities;2009 July;740;92;648
281;A-U All economic activities;2009 August;587;72;515
282;A-U All economic activities;2009 September;719;88;631
283;A-U All economic activities;2009 3rd quarter;2046;252;1794
284;A-U All economic activities;2009 October;621;95;526
285;A-U All economic activities;2009 November;677;89;588
286;A-U All economic activities;2009 December;636;88;548
287;A-U All economic activities;2009 4th quarter;1934;272;1662
288;A-U All economic activities;2009;8021;1045;6976
289;A-U All economic activities;2010 January;591;110;481
290;A-U All economic activities;2010 February;636;84;552
291;A-U All economic activities;2010 March;748;110;638
292;A-U All economic activities;2010 1st quarter;1975;304;1671
293;A-U All economic activities;2010 April;571;82;489
294;A-U All economic activities;2010 May;475;74;401
295;A-U All economic activities;2010 June;758;96;662
296;A-U All economic activities;2010 2nd quarter;1804;252;1552
297;A-U All economic activities;2010 July;554;51;503
298;A-U All economic activities;2010 August;597;95;502
299;A-U All economic activities;2010 September;521;69;452
300;A-U All economic activities;2010 3rd quarter;1672;215;1457
301;A-U All economic activities;2010 October;597;65;532
302;A-U All economic activities;2010 November;658;87;571
303;A-U All economic activities;2010 December;482;62;420
304;A-U All economic activities;2010 4th quarter;1737;214;1523
305;A-U All economic activities;2010;7188;985;6203
306;A-U All economic activities;2011 January;567;78;489
307;A-U All economic activities;2011 February;605;74;531
308;A-U All economic activities;2011 March;653;102;551
309;A-U All economic activities;2011 1st quarter;1825;254;1571
310;A-U All economic activities;2011 April;512;70;442
311;A-U All economic activities;2011 May;653;95;558
312;A-U All economic activities;2011 June;498;64;434
313;A-U All economic activities;2011 2nd quarter;1663;229;1434
314;A-U All economic activities;2011 July;520;57;463
315;A-U All economic activities;2011 August;606;101;505
316;A-U All economic activities;2011 September;601;74;527
317;A-U All economic activities;2011 3rd quarter;1727;232;1495
318;A-U All economic activities;2011 October;608;84;524
319;A-U All economic activities;2011 November;732;99;633
320;A-U All economic activities;2011 December;585;66;519
321;A-U All economic activities;2011 4th quarter;1925;249;1676
322;A-U All economic activities;2011;7140;964;6176
323;A-U All economic activities;2012 January;800;120;680
324;A-U All economic activities;2012 February;721;99;622
325;A-U All economic activities;2012 March;689;112;577
326;A-U All economic activities;2012 1st quarter;2210;331;1879
327;A-U All economic activities;2012 April;689;95;594
328;A-U All economic activities;2012 May;777;96;681
329;A-U All economic activities;2012 June;681;85;596
330;A-U All economic activities;2012 2nd quarter;2147;276;1871
331;A-U All economic activities;2012 July ;836;113;723
332;A-U All economic activities;2012 August;594;81;513
333;A-U All economic activities;2012 September;662;106;556
334;A-U All economic activities;2012 3rd quarter;2092;300;1792
335;A-U All economic activities;2012 October;835;137;698
336;A-U All economic activities;2012 November;702;122;580
337;A-U All economic activities;2012 December;630;77;553
338;A-U All economic activities;2012 4th quarter;2167;336;1831
339;A-U All economic activities;2012;8616;1243;7373
340;A-U All economic activities;2013 January;857;123;734
341;A-U All economic activities;2013 February;847;88;759
342;A-U All economic activities;2013 March;820;110;710
343;A-U All economic activities;2013 1st quarter;2524;321;2203
344;A-U All economic activities;2013 April;801;107;694
345;A-U All economic activities;2013 May;900;102;798
346;A-U All economic activities;2013 June;763;88;675
347;A-U All economic activities;2013 2nd quarter;2464;297;2167
348;A-U All economic activities;2013 July;897;117;780
349;A-U All economic activities;2013 August;687;79;608
350;A-U All economic activities;2013 September;682;86;596
351;A-U All economic activities;2013 3rd quarter;2266;282;1984
352;A-U All economic activities;2013 October;844;100;744
353;A-U All economic activities;2013 November;687;105;582
354;A-U All economic activities;2013 December;671;76;595
355;A-U All economic activities;2013 4th quarter;2202;281;1921
356;A-U All economic activities;2013;9456;1181;8275
357;A-U All economic activities;2014 January;707;112;595
358;A-U All economic activities;2014 February;696;78;618
359;A-U All economic activities;2014 March;598;72;526
360;A-U All economic activities;2014 1st quarter;2001;262;1739
361;A-U All economic activities;2014 April;812;112;700
362;A Agriculture, forestry and fishing;1993 January;10;7;3
363;A Agriculture, forestry and fishing;1993 February;12;5;7
364;A Agriculture, forestry and fishing;1993 March;10;9;1
365;A Agriculture, forestry and fishing;1993 1st quarter;32;21;11
366;A Agriculture, forestry and fishing;1993 April;7;6;1
367;A Agriculture, forestry and fishing;1993 May;9;7;2
368;A Agriculture, forestry and fishing;1993 June;11;8;3
369;A Agriculture, forestry and fishing;1993 2nd quarter;27;21;6
370;A Agriculture, forestry and fishing;1993 July;13;9;4
371;A Agriculture, forestry and fishing;1993 August;12;6;6
372;A Agriculture, forestry and fishing;1993 September;8;5;3
373;A Agriculture, forestry and fishing;1993 3rd quarter;33;20;13
374;A Agriculture, forestry and fishing;1993 October;11;6;5
375;A Agriculture, forestry and fishing;1993 November;18;16;2
376;A Agriculture, forestry and fishing;1993 December;15;9;6
377;A Agriculture, forestry and fishing;1993 4th quarter;44;31;13
378;A Agriculture, forestry and fishing;1993;136;93;43
379;A Agriculture, forestry and fishing;1994 January;14;9;5
380;A Agriculture, forestry and fishing;1994 February;10;5;5
381;A Agriculture, forestry and fishing;1994 March;9;6;3
382;A Agriculture, forestry and fishing;1994 1st quarter;33;20;13
383;A Agriculture, forestry and fishing;1994 April;2;2;0
384;A Agriculture, forestry and fishing;1994 May;12;10;2
385;A Agriculture, forestry and fishing;1994 June;9;6;3
386;A Agriculture, forestry and fishing;1994 2nd quarter;23;18;5
387;A Agriculture, forestry and fishing;1994 July;11;7;4
388;A Agriculture, forestry and fishing;1994 August;14;10;4
389;A Agriculture, forestry and fishing;1994 September;8;4;4
390;A Agriculture, forestry and fishing;1994 3rd quarter;33;21;12
391;A Agriculture, forestry and fishing;1994 October;4;2;2
392;A Agriculture, forestry and fishing;1994 November;14;10;4
393;A Agriculture, forestry and fishing;1994 December;9;7;2
394;A Agriculture, forestry and fishing;1994 4th quarter;27;19;8
395;A Agriculture, forestry and fishing;1994;116;78;38
396;A Agriculture, forestry and fishing;1995 January;10;5;5
397;A Agriculture, forestry and fishing;1995 February;9;7;2
398;A Agriculture, forestry and fishing;1995 March;10;5;5
399;A Agriculture, forestry and fishing;1995 1st quarter;29;17;12
400;A Agriculture, forestry and fishing;1995 April;9;7;2
401;A Agriculture, forestry and fishing;1995 May;3;2;1
402;A Agriculture, forestry and fishing;1995 June;3;1;2
403;A Agriculture, forestry and fishing;1995 2nd quarter;15;10;5
404;A Agriculture, forestry and fishing;1995 July;4;3;1
405;A Agriculture, forestry and fishing;1995 August;6;5;1
406;A Agriculture, forestry and fishing;1995 September;11;6;5
407;A Agriculture, forestry and fishing;1995 3rd quarter;21;14;7
408;A Agriculture, forestry and fishing;1995 October;19;14;5
409;A Agriculture, forestry and fishing;1995 November;11;6;5
410;A Agriculture, forestry and fishing;1995 December;9;4;5
411;A Agriculture, forestry and fishing;1995 4th quarter;39;24;15
412;A Agriculture, forestry and fishing;1995;104;65;39
413;A Agriculture, forestry and fishing;1996 January;7;5;2
414;A Agriculture, forestry and fishing;1996 February;7;3;4
415;A Agriculture, forestry and fishing;1996 March;2;1;1
416;A Agriculture, forestry and fishing;1996 1st quarter;16;9;7
417;A Agriculture, forestry and fishing;1996 April;10;6;4
418;A Agriculture, forestry and fishing;1996 May;7;5;2
419;A Agriculture, forestry and fishing;1996 June;3;2;1
420;A Agriculture, forestry and fishing;1996 2nd quarter;20;13;7
421;A Agriculture, forestry and fishing;1996 July;6;2;4
422;A Agriculture, forestry and fishing;1996 August;3;3;0
423;A Agriculture, forestry and fishing;1996 September;7;2;5
424;A Agriculture, forestry and fishing;1996 3rd quarter;16;7;9
425;A Agriculture, forestry and fishing;1996 October;11;7;4
426;A Agriculture, forestry and fishing;1996 November;6;3;3
427;A Agriculture, forestry and fishing;1996 December;6;5;1
428;A Agriculture, forestry and fishing;1996 4th quarter;23;15;8
429;A Agriculture, forestry and fishing;1996;75;44;31
430;A Agriculture, forestry and fishing;1997 January;7;3;4
431;A Agriculture, forestry and fishing;1997 February;4;2;2
432;A Agriculture, forestry and fishing;1997 March;7;4;3
433;A Agriculture, forestry and fishing;1997 1st quarter;18;9;9
434;A Agriculture, forestry and fishing;1997 April;4;1;3
435;A Agriculture, forestry and fishing;1997 May;9;5;4
436;A Agriculture, forestry and fishing;1997 June;8;6;2
437;A Agriculture, forestry and fishing;1997 2nd quarter;21;12;9
438;A Agriculture, forestry and fishing;1997 July;7;4;3
439;A Agriculture, forestry and fishing;1997 August;6;1;5
440;A Agriculture, forestry and fishing;1997 September;9;8;1
441;A Agriculture, forestry and fishing;1997 3rd quarter;22;13;9
442;A Agriculture, forestry and fishing;1997 October;2;1;1
443;A Agriculture, forestry and fishing;1997 November;8;4;4
444;A Agriculture, forestry and fishing;1997 December;9;6;3
445;A Agriculture, forestry and fishing;1997 4th quarter;19;11;8
446;A Agriculture, forestry and fishing;1997;80;45;35
447;A Agriculture, forestry and fishing;1998 January;7;4;3
448;A Agriculture, forestry and fishing;1998 February;7;3;4
449;A Agriculture, forestry and fishing;1998 March;2;2;0
450;A Agriculture, forestry and fishing;1998 1st quarter;16;9;7
451;A Agriculture, forestry and fishing;1998 April;13;7;6
452;A Agriculture, forestry and fishing;1998 May;6;2;4
453;A Agriculture, forestry and fishing;1998 June;4;3;1
454;A Agriculture, forestry and fishing;1998 2nd quarter;23;12;11
455;A Agriculture, forestry and fishing;1998 July;6;3;3
456;A Agriculture, forestry and fishing;1998 August;2;2;0
457;A Agriculture, forestry and fishing;1998 September;5;0;5
458;A Agriculture, forestry and fishing;1998 3rd quarter;13;5;8
459;A Agriculture, forestry and fishing;1998 October;3;1;2
460;A Agriculture, forestry and fishing;1998 November;7;2;5
461;A Agriculture, forestry and fishing;1998 December;4;3;1
462;A Agriculture, forestry and fishing;1998 4th quarter;14;6;8
463;A Agriculture, forestry and fishing;1998;66;32;34
464;A Agriculture, forestry and fishing;1999 January;3;2;1
465;A Agriculture, forestry and fishing;1999 February;9;3;6
466;A Agriculture, forestry and fishing;1999 March;9;5;4
467;A Agriculture, forestry and fishing;1999 1st quarter;21;10;11
468;A Agriculture, forestry and fishing;1999 April;4;3;1
469;A Agriculture, forestry and fishing;1999 May;1;0;1
470;A Agriculture, forestry and fishing;1999 June;2;2;0
471;A Agriculture, forestry and fishing;1999 2nd quarter;7;5;2
472;A Agriculture, forestry and fishing;1999 July;4;2;2
473;A Agriculture, forestry and fishing;1999 August;1;1;0
474;A Agriculture, forestry and fishing;1999 September;2;2;0
475;A Agriculture, forestry and fishing;1999 3rd quarter;7;5;2
476;A Agriculture, forestry and fishing;1999 October;5;1;4
477;A Agriculture, forestry and fishing;1999 November;2;0;2
478;A Agriculture, forestry and fishing;1999 December;4;1;3
479;A Agriculture, forestry and fishing;1999 4th quarter;11;2;9
480;A Agriculture, forestry and fishing;1999;46;22;24
481;A Agriculture, forestry and fishing;2000 January;3;2;1
482;A Agriculture, forestry and fishing;2000 February;5;1;4
483;A Agriculture, forestry and fishing;2000 March;2;0;2
484;A Agriculture, forestry and fishing;2000 1st quarter;10;3;7
485;A Agriculture, forestry and fishing;2000 April;4;2;2
486;A Agriculture, forestry and fishing;2000 May;6;3;3
487;A Agriculture, forestry and fishing;2000 June;1;1;0
488;A Agriculture, forestry and fishing;2000 2nd quarter;11;6;5
489;A Agriculture, forestry and fishing;2000 July;1;0;1
490;A Agriculture, forestry and fishing;2000 August;6;2;4
491;A Agriculture, forestry and fishing;2000 September;2;0;2
492;A Agriculture, forestry and fishing;2000 3rd quarter;9;2;7
493;A Agriculture, forestry and fishing;2000 October;6;3;3
494;A Agriculture, forestry and fishing;2000 November;3;1;2
495;A Agriculture, forestry and fishing;2000 December;3;2;1
496;A Agriculture, forestry and fishing;2000 4th quarter;12;6;6
497;A Agriculture, forestry and fishing;2000;42;17;25
498;A Agriculture, forestry and fishing;2001 January;4;3;1
499;A Agriculture, forestry and fishing;2001 February;2;1;1
500;A Agriculture, forestry and fishing;2001 March;2;0;2
501;A Agriculture, forestry and fishing;2001 1st quarter;8;4;4
502;A Agriculture, forestry and fishing;2001 April;4;1;3
503;A Agriculture, forestry and fishing;2001 May;6;3;3
504;A Agriculture, forestry and fishing;2001 June;3;1;2
505;A Agriculture, forestry and fishing;2001 2nd quarter;13;5;8
506;A Agriculture, forestry and fishing;2001 July;4;0;4
507;A Agriculture, forestry and fishing;2001 August;7;1;6
508;A Agriculture, forestry and fishing;2001 September;0;0;0
509;A Agriculture, forestry and fishing;2001 3rd quarter;11;1;10
510;A Agriculture, forestry and fishing;2001 October;5;3;2
511;A Agriculture, forestry and fishing;2001 November;4;0;4
512;A Agriculture, forestry and fishing;2001 December;4;1;3
513;A Agriculture, forestry and fishing;2001 4th quarter;13;4;9
514;A Agriculture, forestry and fishing;2001;45;14;31
515;A Agriculture, forestry and fishing;2002 January;7;2;5
516;A Agriculture, forestry and fishing;2002 February;3;1;2
517;A Agriculture, forestry and fishing;2002 March;2;2;0
518;A Agriculture, forestry and fishing;2002 1st quarter;12;5;7
519;A Agriculture, forestry and fishing;2002 April;3;2;1
520;A Agriculture, forestry and fishing;2002 May;2;0;2
521;A Agriculture, forestry and fishing;2002 June;5;1;4
522;A Agriculture, forestry and fishing;2002 2nd quarter;10;3;7
523;A Agriculture, forestry and fishing;2002 July;7;1;6
524;A Agriculture, forestry and fishing;2002 August;3;2;1
525;A Agriculture, forestry and fishing;2002 September;2;0;2
526;A Agriculture, forestry and fishing;2002 3rd quarter;12;3;9
527;A Agriculture, forestry and fishing;2002 October;12;5;7
528;A Agriculture, forestry and fishing;2002 November;4;1;3
529;A Agriculture, forestry and fishing;2002 December;9;4;5
530;A Agriculture, forestry and fishing;2002 4th quarter;25;10;15
531;A Agriculture, forestry and fishing;2002;59;21;38
532;A Agriculture, forestry and fishing;2003 January;6;3;3
533;A Agriculture, forestry and fishing;2003 February;12;4;8
534;A Agriculture, forestry and fishing;2003 March;9;6;3
535;A Agriculture, forestry and fishing;2003 1st quarter;27;13;14
536;A Agriculture, forestry and fishing;2003 April;8;2;6
537;A Agriculture, forestry and fishing;2003 May;8;5;3
538;A Agriculture, forestry and fishing;2003 June;5;1;4
539;A Agriculture, forestry and fishing;2003 2nd quarter;21;8;13
540;A Agriculture, forestry and fishing;2003 July;9;0;9
541;A Agriculture, forestry and fishing;2003 August;4;1;3
542;A Agriculture, forestry and fishing;2003 September;10;2;8
543;A Agriculture, forestry and fishing;2003 3rd quarter;23;3;20
544;A Agriculture, forestry and fishing;2003 October;8;0;8
545;A Agriculture, forestry and fishing;2003 November;5;1;4
546;A Agriculture, forestry and fishing;2003 December;6;1;5
547;A Agriculture, forestry and fishing;2003 4th quarter;19;2;17
548;A Agriculture, forestry and fishing;2003;90;26;64
549;A Agriculture, forestry and fishing;2004 January;12;5;7
550;A Agriculture, forestry and fishing;2004 February;17;5;12
551;A Agriculture, forestry and fishing;2004 March;22;4;18
552;A Agriculture, forestry and fishing;2004 1st quarter;51;14;37
553;A Agriculture, forestry and fishing;2004 April;7;0;7
554;A Agriculture, forestry and fishing;2004 May;10;1;9
555;A Agriculture, forestry and fishing;2004 June;19;5;14
556;A Agriculture, forestry and fishing;2004 2nd quarter;36;6;30
557;A Agriculture, forestry and fishing;2004 July;7;5;2
558;A Agriculture, forestry and fishing;2004 August;11;3;8
559;A Agriculture, forestry and fishing;2004 September;17;6;11
560;A Agriculture, forestry and fishing;2004 3rd quarter;35;14;21
561;A Agriculture, forestry and fishing;2004 October;9;4;5
562;A Agriculture, forestry and fishing;2004 November;15;5;10
563;A Agriculture, forestry and fishing;2004 December;18;5;13
564;A Agriculture, forestry and fishing;2004 4th quarter;42;14;28
565;A Agriculture, forestry and fishing;2004;164;48;116
566;A Agriculture, forestry and fishing;2005 January;9;4;5
567;A Agriculture, forestry and fishing;2005 February;4;2;2
568;A Agriculture, forestry and fishing;2005 March;12;2;10
569;A Agriculture, forestry and fishing;2005 1st quarter;25;8;17
570;A Agriculture, forestry and fishing;2005 April;16;3;13
571;A Agriculture, forestry and fishing;2005 May;9;3;6
572;A Agriculture, forestry and fishing;2005 June;7;3;4
573;A Agriculture, forestry and fishing;2005 2nd quarter;32;9;23
574;A Agriculture, forestry and fishing;2005 July;11;1;10
575;A Agriculture, forestry and fishing;2005 August;14;5;9
576;A Agriculture, forestry and fishing;2005 September;4;3;1
577;A Agriculture, forestry and fishing;2005 3rd quarter;29;9;20
578;A Agriculture, forestry and fishing;2005 October;8;1;7
579;A Agriculture, forestry and fishing;2005 November;12;6;6
580;A Agriculture, forestry and fishing;2005 December;13;6;7
581;A Agriculture, forestry and fishing;2005 4th quarter;33;13;20
582;A Agriculture, forestry and fishing;2005;119;39;80
583;A Agriculture, forestry and fishing;2006 January;15;7;8
584;A Agriculture, forestry and fishing;2006 February;9;4;5
585;A Agriculture, forestry and fishing;2006 March;7;1;6
586;A Agriculture, forestry and fishing;2006 1st quarter;31;12;19
587;A Agriculture, forestry and fishing;2006 April;16;7;9
588;A Agriculture, forestry and fishing;2006 May;9;2;7
589;A Agriculture, forestry and fishing;2006 June;11;8;3
590;A Agriculture, forestry and fishing;2006 2nd quarter;36;17;19
591;A Agriculture, forestry and fishing;2006 July;4;4;0
592;A Agriculture, forestry and fishing;2006 August;10;6;4
593;A Agriculture, forestry and fishing;2006 September;12;7;5
594;A Agriculture, forestry and fishing;2006 3rd quarter;26;17;9
595;A Agriculture, forestry and fishing;2006 October;8;7;1
596;A Agriculture, forestry and fishing;2006 November;9;5;4
597;A Agriculture, forestry and fishing;2006 December;12;6;6
598;A Agriculture, forestry and fishing;2006 4th quarter;29;18;11
599;A Agriculture, forestry and fishing;2006;122;64;58
600;A Agriculture, forestry and fishing;2007 January;3;1;2
601;A Agriculture, forestry and fishing;2007 February;4;0;4
602;A Agriculture, forestry and fishing;2007 March;9;2;7
603;A Agriculture, forestry and fishing;2007 1st quarter;16;3;13
604;A Agriculture, forestry and fishing;2007 April;5;0;5
605;A Agriculture, forestry and fishing;2007 May;4;2;2
606;A Agriculture, forestry and fishing;2007 June;4;2;2
607;A Agriculture, forestry and fishing;2007 2nd quarter;13;4;9
608;A Agriculture, forestry and fishing;2007 July;2;0;2
609;A Agriculture, forestry and fishing;2007 August;7;2;5
610;A Agriculture, forestry and fishing;2007 September;4;2;2
611;A Agriculture, forestry and fishing;2007 3rd quarter;13;4;9
612;A Agriculture, forestry and fishing;2007 October;13;1;12
613;A Agriculture, forestry and fishing;2007 November;6;2;4
614;A Agriculture, forestry and fishing;2007 December;7;1;6
615;A Agriculture, forestry and fishing;2007 4th quarter;26;4;22
616;A Agriculture, forestry and fishing;2007;68;15;53
617;A Agriculture, forestry and fishing;2008 January;3;1;2
618;A Agriculture, forestry and fishing;2008 February;10;1;9
619;A Agriculture, forestry and fishing;2008 March;5;0;5
620;A Agriculture, forestry and fishing;2008 1st quarter;18;2;16
621;A Agriculture, forestry and fishing;2008 April;5;1;4
622;A Agriculture, forestry and fishing;2008 May;3;1;2
623;A Agriculture, forestry and fishing;2008 June;4;0;4
624;A Agriculture, forestry and fishing;2008 2nd quarter;12;2;10
625;A Agriculture, forestry and fishing;2008 July;4;1;3
626;A Agriculture, forestry and fishing;2008 August;9;3;6
627;A Agriculture, forestry and fishing;2008 September;5;1;4
628;A Agriculture, forestry and fishing;2008 3rd quarter;18;5;13
629;A Agriculture, forestry and fishing;2008 October;7;2;5
630;A Agriculture, forestry and fishing;2008 November;6;0;6
631;A Agriculture, forestry and fishing;2008 December;8;2;6
632;A Agriculture, forestry and fishing;2008 4th quarter;21;4;17
633;A Agriculture, forestry and fishing;2008;69;13;56
634;A Agriculture, forestry and fishing;2009 January;7;2;5
635;A Agriculture, forestry and fishing;2009 February;4;1;3
636;A Agriculture, forestry and fishing;2009 March;4;0;4
637;A Agriculture, forestry and fishing;2009 1st quarter;15;3;12
638;A Agriculture, forestry and fishing;2009 April;5;1;4
639;A Agriculture, forestry and fishing;2009 May;12;1;11
640;A Agriculture, forestry and fishing;2009 June;11;0;11
641;A Agriculture, forestry and fishing;2009 2nd quarter;28;2;26
642;A Agriculture, forestry and fishing;2009 July;11;1;10
643;A Agriculture, forestry and fishing;2009 August;11;1;10
644;A Agriculture, forestry and fishing;2009 September;15;2;13
645;A Agriculture, forestry and fishing;2009 3rd quarter;37;4;33
646;A Agriculture, forestry and fishing;2009 October;17;0;17
647;A Agriculture, forestry and fishing;2009 November;11;2;9
648;A Agriculture, forestry and fishing;2009 December;12;4;8
649;A Agriculture, forestry and fishing;2009 4th quarter;40;6;34
650;A Agriculture, forestry and fishing;2009;120;15;105
651;A Agriculture, forestry and fishing;2010 January;10;1;9
652;A Agriculture, forestry and fishing;2010 February;13;3;10
653;A Agriculture, forestry and fishing;2010 March;13;0;13
654;A Agriculture, forestry and fishing;2010 1st quarter;36;4;32
655;A Agriculture, forestry and fishing;2010 April;14;1;13
656;A Agriculture, forestry and fishing;2010 May;3;1;2
657;A Agriculture, forestry and fishing;2010 June;7;2;5
658;A Agriculture, forestry and fishing;2010 2nd quarter;24;4;20
659;A Agriculture, forestry and fishing;2010 July;4;0;4
660;A Agriculture, forestry and fishing;2010 August;9;2;7
661;A Agriculture, forestry and fishing;2010 September;10;1;9
662;A Agriculture, forestry and fishing;2010 3rd quarter;23;3;20
663;A Agriculture, forestry and fishing;2010 October;7;1;6
664;A Agriculture, forestry and fishing;2010 November;13;4;9
665;A Agriculture, forestry and fishing;2010 December;12;2;10
666;A Agriculture, forestry and fishing;2010 4th quarter;32;7;25
667;A Agriculture, forestry and fishing;2010;115;18;97
668;A Agriculture, forestry and fishing;2011 January;15;3;12
669;A Agriculture, forestry and fishing;2011 February;14;0;14
670;A Agriculture, forestry and fishing;2011 March;12;4;8
671;A Agriculture, forestry and fishing;2011 1st quarter;41;7;34
672;A Agriculture, forestry and fishing;2011 April;5;0;5
673;A Agriculture, forestry and fishing;2011 May;5;2;3
674;A Agriculture, forestry and fishing;2011 June;6;3;3
675;A Agriculture, forestry and fishing;2011 2nd quarter;16;5;11
676;A Agriculture, forestry and fishing;2011 July;7;1;6
677;A Agriculture, forestry and fishing;2011 August;9;3;6
678;A Agriculture, forestry and fishing;2011 September;2;0;2
679;A Agriculture, forestry and fishing;2011 3rd quarter;18;4;14
680;A Agriculture, forestry and fishing;2011 October;6;1;5
681;A Agriculture, forestry and fishing;2011 November;21;4;17
682;A Agriculture, forestry and fishing;2011 December;16;4;12
683;A Agriculture, forestry and fishing;2011 4th quarter;43;9;34
684;A Agriculture, forestry and fishing;2011;118;25;93
685;A Agriculture, forestry and fishing;2012 January;14;6;8
686;A Agriculture, forestry and fishing;2012 February;12;2;10
687;A Agriculture, forestry and fishing;2012 March;8;2;6
688;A Agriculture, forestry and fishing;2012 1st quarter;34;10;24
689;A Agriculture, forestry and fishing;2012 April;5;1;4
690;A Agriculture, forestry and fishing;2012 May;19;3;16
691;A Agriculture, forestry and fishing;2012 June;9;0;9
692;A Agriculture, forestry and fishing;2012 2nd quarter;33;4;29
693;A Agriculture, forestry and fishing;2012 July ;12;3;9
694;A Agriculture, forestry and fishing;2012 August;12;0;12
695;A Agriculture, forestry and fishing;2012 September;11;2;9
696;A Agriculture, forestry and fishing;2012 3rd quarter;35;5;30
697;A Agriculture, forestry and fishing;2012 October;15;3;12
698;A Agriculture, forestry and fishing;2012 November;14;1;13
699;A Agriculture, forestry and fishing;2012 December;12;2;10
700;A Agriculture, forestry and fishing;2012 4th quarter;41;6;35
701;A Agriculture, forestry and fishing;2012;143;25;118
702;A Agriculture, forestry and fishing;2013 January;10;2;8
703;A Agriculture, forestry and fishing;2013 February;12;0;12
704;A Agriculture, forestry and fishing;2013 March;11;2;9
705;A Agriculture, forestry and fishing;2013 1st quarter;33;4;29
706;A Agriculture, forestry and fishing;2013 April;24;4;20
707;A Agriculture, forestry and fishing;2013 May;10;1;9
708;A Agriculture, forestry and fishing;2013 June;8;3;5
709;A Agriculture, forestry and fishing;2013 2nd quarter;42;8;34
710;A Agriculture, forestry and fishing;2013 July;12;3;9
711;A Agriculture, forestry and fishing;2013 August;18;1;17
712;A Agriculture, forestry and fishing;2013 September;10;1;9
713;A Agriculture, forestry and fishing;2013 3rd quarter;40;5;35
714;A Agriculture, forestry and fishing;2013 October;10;6;4
715;A Agriculture, forestry and fishing;2013 November;23;5;18
716;A Agriculture, forestry and fishing;2013 December;8;1;7
717;A Agriculture, forestry and fishing;2013 4th quarter;41;12;29
718;A Agriculture, forestry and fishing;2013;156;29;127
719;A Agriculture, forestry and fishing;2014 January;11;3;8
720;A Agriculture, forestry and fishing;2014 February;3;1;2
721;A Agriculture, forestry and fishing;2014 March;5;0;5
722;A Agriculture, forestry and fishing;2014 1st quarter;19;4;15
723;A Agriculture, forestry and fishing;2014 April;16;5;11
724;01 Agriculture;1993 January;10;7;3
725;01 Agriculture;1993 February;12;5;7
726;01 Agriculture;1993 March;8;7;1
727;01 Agriculture;1993 1st quarter;30;19;11
728;01 Agriculture;1993 April;6;5;1
729;01 Agriculture;1993 May;9;7;2
730;01 Agriculture;1993 June;11;8;3
731;01 Agriculture;1993 2nd quarter;26;20;6
732;01 Agriculture;1993 July;13;9;4
733;01 Agriculture;1993 August;12;6;6
734;01 Agriculture;1993 September;8;5;3
735;01 Agriculture;1993 3rd quarter;33;20;13
736;01 Agriculture;1993 October;8;4;4
737;01 Agriculture;1993 November;17;16;1
738;01 Agriculture;1993 December;15;9;6
739;01 Agriculture;1993 4th quarter;40;29;11
740;01 Agriculture;1993;129;88;41
741;01 Agriculture;1994 January;14;9;5
742;01 Agriculture;1994 February;10;5;5
743;01 Agriculture;1994 March;8;6;2
744;01 Agriculture;1994 1st quarter;32;20;12
745;01 Agriculture;1994 April;2;2;0
746;01 Agriculture;1994 May;12;10;2
747;01 Agriculture;1994 June;8;5;3
748;01 Agriculture;1994 2nd quarter;22;17;5
749;01 Agriculture;1994 July;11;7;4
750;01 Agriculture;1994 August;14;10;4
751;01 Agriculture;1994 September;8;4;4
752;01 Agriculture;1994 3rd quarter;33;21;12
753;01 Agriculture;1994 October;4;2;2
754;01 Agriculture;1994 November;14;10;4
755;01 Agriculture;1994 December;8;7;1
756;01 Agriculture;1994 4th quarter;26;19;7
757;01 Agriculture;1994;113;77;36
758;01 Agriculture;1995 January;10;5;5
759;01 Agriculture;1995 February;9;7;2
760;01 Agriculture;1995 March;9;5;4
761;01 Agriculture;1995 1st quarter;28;17;11
762;01 Agriculture;1995 April;9;7;2
763;01 Agriculture;1995 May;3;2;1
764;01 Agriculture;1995 June;3;1;2
765;01 Agriculture;1995 2nd quarter;15;10;5
766;01 Agriculture;1995 July;4;3;1
767;01 Agriculture;1995 August;6;5;1
768;01 Agriculture;1995 September;10;5;5
769;01 Agriculture;1995 3rd quarter;20;13;7
770;01 Agriculture;1995 October;19;14;5
771;01 Agriculture;1995 November;11;6;5
772;01 Agriculture;1995 December;9;4;5
773;01 Agriculture;1995 4th quarter;39;24;15
774;01 Agriculture;1995;102;64;38
775;01 Agriculture;1996 January;6;4;2
776;01 Agriculture;1996 February;7;3;4
777;01 Agriculture;1996 March;2;1;1
778;01 Agriculture;1996 1st quarter;15;8;7
779;01 Agriculture;1996 April;10;6;4
780;01 Agriculture;1996 May;7;5;2
781;01 Agriculture;1996 June;2;2;0
782;01 Agriculture;1996 2nd quarter;19;13;6
783;01 Agriculture;1996 July;6;2;4
784;01 Agriculture;1996 August;3;3;0
785;01 Agriculture;1996 September;7;2;5
786;01 Agriculture;1996 3rd quarter;16;7;9
787;01 Agriculture;1996 October;11;7;4
788;01 Agriculture;1996 November;6;3;3
789;01 Agriculture;1996 December;5;5;0
790;01 Agriculture;1996 4th quarter;22;15;7
791;01 Agriculture;1996;72;43;29
792;01 Agriculture;1997 January;7;3;4
793;01 Agriculture;1997 February;3;1;2
794;01 Agriculture;1997 March;6;4;2
795;01 Agriculture;1997 1st quarter;16;8;8
796;01 Agriculture;1997 April;4;1;3
797;01 Agriculture;1997 May;9;5;4
798;01 Agriculture;1997 June;7;6;1
799;01 Agriculture;1997 2nd quarter;20;12;8
800;01 Agriculture;1997 July;6;3;3
801;01 Agriculture;1997 August;6;1;5
802;01 Agriculture;1997 September;9;8;1
803;01 Agriculture;1997 3rd quarter;21;12;9
804;01 Agriculture;1997 October;2;1;1
805;01 Agriculture;1997 November;5;3;2
806;01 Agriculture;1997 December;9;6;3
807;01 Agriculture;1997 4th quarter;16;10;6
808;01 Agriculture;1997;73;42;31
809;01 Agriculture;1998 January;6;3;3
810;01 Agriculture;1998 February;6;2;4
811;01 Agriculture;1998 March;2;2;0
812;01 Agriculture;1998 1st quarter;14;7;7
813;01 Agriculture;1998 April;13;7;6
814;01 Agriculture;1998 May;5;2;3
815;01 Agriculture;1998 June;4;3;1
816;01 Agriculture;1998 2nd quarter;22;12;10
817;01 Agriculture;1998 July;6;3;3
818;01 Agriculture;1998 August;2;2;0
819;01 Agriculture;1998 September;4;0;4
820;01 Agriculture;1998 3rd quarter;12;5;7
821;01 Agriculture;1998 October;3;1;2
822;01 Agriculture;1998 November;7;2;5
823;01 Agriculture;1998 December;4;3;1
824;01 Agriculture;1998 4th quarter;14;6;8
825;01 Agriculture;1998;62;30;32
826;01 Agriculture;1999 January;3;2;1
827;01 Agriculture;1999 February;8;2;6
828;01 Agriculture;1999 March;9;5;4
829;01 Agriculture;1999 1st quarter;20;9;11
830;01 Agriculture;1999 April;3;2;1
831;01 Agriculture;1999 May;1;0;1
832;01 Agriculture;1999 June;2;2;0
833;01 Agriculture;1999 2nd quarter;6;4;2
834;01 Agriculture;1999 July;3;1;2
835;01 Agriculture;1999 August;1;1;0
836;01 Agriculture;1999 September;2;2;0
837;01 Agriculture;1999 3rd quarter;6;4;2
838;01 Agriculture;1999 October;5;1;4
839;01 Agriculture;1999 November;2;0;2
840;01 Agriculture;1999 December;4;1;3
841;01 Agriculture;1999 4th quarter;11;2;9
842;01 Agriculture;1999;43;19;24
843;01 Agriculture;2000 January;3;2;1
844;01 Agriculture;2000 February;5;1;4
845;01 Agriculture;2000 March;2;0;2
846;01 Agriculture;2000 1st quarter;10;3;7
847;01 Agriculture;2000 April;4;2;2
848;01 Agriculture;2000 May;6;3;3
849;01 Agriculture;2000 June;1;1;0
850;01 Agriculture;2000 2nd quarter;11;6;5
851;01 Agriculture;2000 July;1;0;1
852;01 Agriculture;2000 August;6;2;4
853;01 Agriculture;2000 September;1;0;1
854;01 Agriculture;2000 3rd quarter;8;2;6
855;01 Agriculture;2000 October;6;3;3
856;01 Agriculture;2000 November;3;1;2
857;01 Agriculture;2000 December;2;1;1
858;01 Agriculture;2000 4th quarter;11;5;6
859;01 Agriculture;2000;40;16;24
860;01 Agriculture;2001 January;4;3;1
861;01 Agriculture;2001 February;2;1;1
862;01 Agriculture;2001 March;2;0;2
863;01 Agriculture;2001 1st quarter;8;4;4
864;01 Agriculture;2001 April;3;0;3
865;01 Agriculture;2001 May;6;3;3
866;01 Agriculture;2001 June;3;1;2
867;01 Agriculture;2001 2nd quarter;12;4;8
868;01 Agriculture;2001 July;4;0;4
869;01 Agriculture;2001 August;7;1;6
870;01 Agriculture;2001 September;0;0;0
871;01 Agriculture;2001 3rd quarter;11;1;10
872;01 Agriculture;2001 October;3;2;1
873;01 Agriculture;2001 November;4;0;4
874;01 Agriculture;2001 December;4;1;3
875;01 Agriculture;2001 4th quarter;11;3;8
876;01 Agriculture;2001;42;12;30
877;01 Agriculture;2002 January;7;2;5
878;01 Agriculture;2002 February;2;1;1
879;01 Agriculture;2002 March;2;2;0
880;01 Agriculture;2002 1st quarter;11;5;6
881;01 Agriculture;2002 April;3;2;1
882;01 Agriculture;2002 May;2;0;2
883;01 Agriculture;2002 June;5;1;4
884;01 Agriculture;2002 2nd quarter;10;3;7
885;01 Agriculture;2002 July;3;1;2
886;01 Agriculture;2002 August;3;2;1
887;01 Agriculture;2002 September;2;0;2
888;01 Agriculture;2002 3rd quarter;8;3;5
889;01 Agriculture;2002 October;12;5;7
890;01 Agriculture;2002 November;4;1;3
891;01 Agriculture;2002 December;9;4;5
892;01 Agriculture;2002 4th quarter;25;10;15
893;01 Agriculture;2002;54;21;33
894;01 Agriculture;2003 January;6;3;3
895;01 Agriculture;2003 February;12;4;8
896;01 Agriculture;2003 March;8;6;2
897;01 Agriculture;2003 1st quarter;26;13;13
898;01 Agriculture;2003 April;8;2;6
899;01 Agriculture;2003 May;8;5;3
900;01 Agriculture;2003 June;5;1;4
901;01 Agriculture;2003 2nd quarter;21;8;13
902;01 Agriculture;2003 July;9;0;9
903;01 Agriculture;2003 August;3;1;2
904;01 Agriculture;2003 September;10;2;8
905;01 Agriculture;2003 3rd quarter;22;3;19
906;01 Agriculture;2003 October;8;0;8
907;01 Agriculture;2003 November;5;1;4
908;01 Agriculture;2003 December;6;1;5
909;01 Agriculture;2003 4th quarter;19;2;17
910;01 Agriculture;2003;88;26;62
911;01 Agriculture;2004 January;11;5;6
912;01 Agriculture;2004 February;16;5;11
913;01 Agriculture;2004 March;22;4;18
914;01 Agriculture;2004 1st quarter;49;14;35
915;01 Agriculture;2004 April;7;0;7
916;01 Agriculture;2004 May;10;1;9
917;01 Agriculture;2004 June;19;5;14
918;01 Agriculture;2004 2nd quarter;36;6;30
919;01 Agriculture;2004 July;7;5;2
920;01 Agriculture;2004 August;11;3;8
921;01 Agriculture;2004 September;17;6;11
922;01 Agriculture;2004 3rd quarter;35;14;21
923;01 Agriculture;2004 October;9;4;5
924;01 Agriculture;2004 November;15;5;10
925;01 Agriculture;2004 December;18;5;13
926;01 Agriculture;2004 4th quarter;42;14;28
927;01 Agriculture;2004;162;48;114
928;01 Agriculture;2005 January;8;4;4
929;01 Agriculture;2005 February;4;2;2
930;01 Agriculture;2005 March;12;2;10
931;01 Agriculture;2005 1st quarter;24;8;16
932;01 Agriculture;2005 April;16;3;13
933;01 Agriculture;2005 May;7;3;4
934;01 Agriculture;2005 June;6;3;3
935;01 Agriculture;2005 2nd quarter;29;9;20
936;01 Agriculture;2005 July;10;1;9
937;01 Agriculture;2005 August;13;5;8
938;01 Agriculture;2005 September;4;3;1
939;01 Agriculture;2005 3rd quarter;27;9;18
940;01 Agriculture;2005 October;8;1;7
941;01 Agriculture;2005 November;12;6;6
942;01 Agriculture;2005 December;12;6;6
943;01 Agriculture;2005 4th quarter;32;13;19
944;01 Agriculture;2005;112;39;73
945;01 Agriculture;2006 January;15;7;8
946;01 Agriculture;2006 February;9;4;5
947;01 Agriculture;2006 March;6;1;5
948;01 Agriculture;2006 1st quarter;30;12;18
949;01 Agriculture;2006 April;14;7;7
950;01 Agriculture;2006 May;9;2;7
951;01 Agriculture;2006 June;10;8;2
952;01 Agriculture;2006 2nd quarter;33;17;16
953;01 Agriculture;2006 July;4;4;0
954;01 Agriculture;2006 August;10;6;4
955;01 Agriculture;2006 September;12;7;5
956;01 Agriculture;2006 3rd quarter;26;17;9
957;01 Agriculture;2006 October;8;7;1
958;01 Agriculture;2006 November;9;5;4
959;01 Agriculture;2006 December;12;6;6
960;01 Agriculture;2006 4th quarter;29;18;11
961;01 Agriculture;2006;118;64;54
962;01 Agriculture;2007 January;3;1;2
963;01 Agriculture;2007 February;4;0;4
964;01 Agriculture;2007 March;9;2;7
965;01 Agriculture;2007 1st quarter;16;3;13
966;01 Agriculture;2007 April;5;0;5
967;01 Agriculture;2007 May;4;2;2
968;01 Agriculture;2007 June;4;2;2
969;01 Agriculture;2007 2nd quarter;13;4;9
970;01 Agriculture;2007 July;1;0;1
971;01 Agriculture;2007 August;6;2;4
972;01 Agriculture;2007 September;4;2;2
973;01 Agriculture;2007 3rd quarter;11;4;7
974;01 Agriculture;2007 October;13;1;12
975;01 Agriculture;2007 November;5;2;3
976;01 Agriculture;2007 December;7;1;6
977;01 Agriculture;2007 4th quarter;25;4;21
978;01 Agriculture;2007;65;15;50
979;01 Agriculture;2008 January;3;1;2
980;01 Agriculture;2008 February;10;1;9
981;01 Agriculture;2008 March;3;0;3
982;01 Agriculture;2008 1st quarter;16;2;14
983;01 Agriculture;2008 April;5;1;4
984;01 Agriculture;2008 May;2;1;1
985;01 Agriculture;2008 June;4;0;4
986;01 Agriculture;2008 2nd quarter;11;2;9
987;01 Agriculture;2008 July;4;1;3
988;01 Agriculture;2008 August;9;3;6
989;01 Agriculture;2008 September;5;1;4
990;01 Agriculture;2008 3rd quarter;18;5;13
991;01 Agriculture;2008 October;7;2;5
992;01 Agriculture;2008 November;6;0;6
993;01 Agriculture;2008 December;8;2;6
994;01 Agriculture;2008 4th quarter;21;4;17
995;01 Agriculture;2008;66;13;53
996;01 Agriculture;2009 January;7;2;5
997;01 Agriculture;2009 February;4;1;3
998;01 Agriculture;2009 March;4;0;4
999;01 Agriculture;2009 1st quarter;15;3;12
1000;01 Agriculture;2009 April;5;1;4
1001;01 Agriculture;2009 May;5;1;4
1002;01 Agriculture;2009 June;10;0;10
1003;01 Agriculture;2009 2nd quarter;20;2;18
1004;01 Agriculture;2009 July;10;1;9
1005;01 Agriculture;2009 August;11;1;10
1006;01 Agriculture;2009 September;15;2;13
1007;01 Agriculture;2009 3rd quarter;36;4;32
1008;01 Agriculture;2009 October;17;0;17
1009;01 Agriculture;2009 November;11;2;9
1010;01 Agriculture;2009 December;11;4;7
1011;01 Agriculture;2009 4th quarter;39;6;33
1012;01 Agriculture;2009;110;15;95
1013;01 Agriculture;2010 January;10;1;9
1014;01 Agriculture;2010 February;13;3;10
1015;01 Agriculture;2010 March;13;0;13
1016;01 Agriculture;2010 1st quarter;36;4;32
1017;01 Agriculture;2010 April;14;1;13
1018;01 Agriculture;2010 May;2;0;2
1019;01 Agriculture;2010 June;7;2;5
1020;01 Agriculture;2010 2nd quarter;23;3;20
1021;01 Agriculture;2010 July;3;0;3
1022;01 Agriculture;2010 August;9;2;7
1023;01 Agriculture;2010 September;10;1;9
1024;01 Agriculture;2010 3rd quarter;22;3;19
1025;01 Agriculture;2010 October;6;1;5
1026;01 Agriculture;2010 November;12;4;8
1027;01 Agriculture;2010 December;12;2;10
1028;01 Agriculture;2010 4th quarter;30;7;23
1029;01 Agriculture;2010;111;17;94
1030;01 Agriculture;2011 January;14;3;11
1031;01 Agriculture;2011 February;14;0;14
1032;01 Agriculture;2011 March;11;4;7
1033;01 Agriculture;2011 1st quarter;39;7;32
1034;01 Agriculture;2011 April;5;0;5
1035;01 Agriculture;2011 May;5;2;3
1036;01 Agriculture;2011 June;6;3;3
1037;01 Agriculture;2011 2nd quarter;16;5;11
1038;01 Agriculture;2011 July;7;1;6
1039;01 Agriculture;2011 August;9;3;6
1040;01 Agriculture;2011 September;2;0;2
1041;01 Agriculture;2011 3rd quarter;18;4;14
1042;01 Agriculture;2011 October;6;1;5
1043;01 Agriculture;2011 November;21;4;17
1044;01 Agriculture;2011 December;16;4;12
1045;01 Agriculture;2011 4th quarter;43;9;34
1046;01 Agriculture;2011;116;25;91
1047;01 Agriculture;2012 January;14;6;8
1048;01 Agriculture;2012 February;12;2;10
1049;01 Agriculture;2012 March;6;2;4
1050;01 Agriculture;2012 1st quarter;32;10;22
1051;01 Agriculture;2012 April;5;1;4
1052;01 Agriculture;2012 May;18;3;15
1053;01 Agriculture;2012 June;9;0;9
1054;01 Agriculture;2012 2nd quarter;32;4;28
1055;01 Agriculture;2012 July ;12;3;9
1056;01 Agriculture;2012 August;11;0;11
1057;01 Agriculture;2012 September;11;2;9
1058;01 Agriculture;2012 3rd quarter;34;5;29
1059;01 Agriculture;2012 October;15;3;12
1060;01 Agriculture;2012 November;14;1;13
1061;01 Agriculture;2012 December;12;2;10
1062;01 Agriculture;2012 4th quarter;41;6;35
1063;01 Agriculture;2012;139;25;114
1064;01 Agriculture;2013 January;10;2;8
1065;01 Agriculture;2013 February;12;0;12
1066;01 Agriculture;2013 March;9;2;7
1067;01 Agriculture;2013 1st quarter;31;4;27
1068;01 Agriculture;2013 April;23;4;19
1069;01 Agriculture;2013 May;10;1;9
1070;01 Agriculture;2013 June;8;3;5
1071;01 Agriculture;2013 2nd quarter;41;8;33
1072;01 Agriculture;2013 July;12;3;9
1073;01 Agriculture;2013 August;18;1;17
1074;01 Agriculture;2013 September;10;1;9
1075;01 Agriculture;2013 3rd quarter;40;5;35
1076;01 Agriculture;2013 October;9;5;4
1077;01 Agriculture;2013 November;23;5;18
1078;01 Agriculture;2013 December;8;1;7
1079;01 Agriculture;2013 4th quarter;40;11;29
1080;01 Agriculture;2013;152;28;124
1081;01 Agriculture;2014 January;10;3;7
1082;01 Agriculture;2014 February;3;1;2
1083;01 Agriculture;2014 March;5;0;5
1084;01 Agriculture;2014 1st quarter;18;4;14
1085;01 Agriculture;2014 April;14;5;9
1086;02 Forestry and logging;1993 January;0;0;0
1087;02 Forestry and logging;1993 February;0;0;0
1088;02 Forestry and logging;1993 March;2;2;0
1089;02 Forestry and logging;1993 1st quarter;2;2;0
1090;02 Forestry and logging;1993 April;1;1;0
1091;02 Forestry and logging;1993 May;0;0;0
1092;02 Forestry and logging;1993 June;0;0;0
1093;02 Forestry and logging;1993 2nd quarter;1;1;0
1094;02 Forestry and logging;1993 July;0;0;0
1095;02 Forestry and logging;1993 August;0;0;0
1096;02 Forestry and logging;1993 September;0;0;0
1097;02 Forestry and logging;1993 3rd quarter;0;0;0
1098;02 Forestry and logging;1993 October;2;2;0
1099;02 Forestry and logging;1993 November;0;0;0
1100;02 Forestry and logging;1993 December;0;0;0
1101;02 Forestry and logging;1993 4th quarter;2;2;0
1102;02 Forestry and logging;1993;5;5;0
1103;02 Forestry and logging;1994 January;0;0;0
1104;02 Forestry and logging;1994 February;0;0;0
1105;02 Forestry and logging;1994 March;0;0;0
1106;02 Forestry and logging;1994 1st quarter;0;0;0
1107;02 Forestry and logging;1994 April;0;0;0
1108;02 Forestry and logging;1994 May;0;0;0
1109;02 Forestry and logging;1994 June;1;1;0
1110;02 Forestry and logging;1994 2nd quarter;1;1;0
1111;02 Forestry and logging;1994 July;0;0;0
1112;02 Forestry and logging;1994 August;0;0;0
1113;02 Forestry and logging;1994 September;0;0;0
1114;02 Forestry and logging;1994 3rd quarter;0;0;0
1115;02 Forestry and logging;1994 October;0;0;0
1116;02 Forestry and logging;1994 November;0;0;0
1117;02 Forestry and logging;1994 December;0;0;0
1118;02 Forestry and logging;1994 4th quarter;0;0;0
1119;02 Forestry and logging;1994;1;1;0
1120;02 Forestry and logging;1995 January;0;0;0
1121;02 Forestry and logging;1995 February;0;0;0
1122;02 Forestry and logging;1995 March;0;0;0
1123;02 Forestry and logging;1995 1st quarter;0;0;0
1124;02 Forestry and logging;1995 April;0;0;0
1125;02 Forestry and logging;1995 May;0;0;0
1126;02 Forestry and logging;1995 June;0;0;0
1127;02 Forestry and logging;1995 2nd quarter;0;0;0
1128;02 Forestry and logging;1995 July;0;0;0
1129;02 Forestry and logging;1995 August;0;0;0
1130;02 Forestry and logging;1995 September;1;1;0
1131;02 Forestry and logging;1995 3rd quarter;1;1;0
1132;02 Forestry and logging;1995 October;0;0;0
1133;02 Forestry and logging;1995 November;0;0;0
1134;02 Forestry and logging;1995 December;0;0;0
1135;02 Forestry and logging;1995 4th quarter;0;0;0
1136;02 Forestry and logging;1995;1;1;0
1137;02 Forestry and logging;1996 January;0;0;0
1138;02 Forestry and logging;1996 February;0;0;0
1139;02 Forestry and logging;1996 March;0;0;0
1140;02 Forestry and logging;1996 1st quarter;0;0;0
1141;02 Forestry and logging;1996 April;0;0;0
1142;02 Forestry and logging;1996 May;0;0;0
1143;02 Forestry and logging;1996 June;1;0;1
1144;02 Forestry and logging;1996 2nd quarter;1;0;1
1145;02 Forestry and logging;1996 July;0;0;0
1146;02 Forestry and logging;1996 August;0;0;0
1147;02 Forestry and logging;1996 September;0;0;0
1148;02 Forestry and logging;1996 3rd quarter;0;0;0
1149;02 Forestry and logging;1996 October;0;0;0
1150;02 Forestry and logging;1996 November;0;0;0
1151;02 Forestry and logging;1996 December;1;0;1
1152;02 Forestry and logging;1996 4th quarter;1;0;1
1153;02 Forestry and logging;1996;2;0;2
1154;02 Forestry and logging;1997 January;0;0;0
1155;02 Forestry and logging;1997 February;1;1;0
1156;02 Forestry and logging;1997 March;0;0;0
1157;02 Forestry and logging;1997 1st quarter;1;1;0
1158;02 Forestry and logging;1997 April;0;0;0
1159;02 Forestry and logging;1997 May;0;0;0
1160;02 Forestry and logging;1997 June;1;0;1
1161;02 Forestry and logging;1997 2nd quarter;1;0;1
1162;02 Forestry and logging;1997 July;0;0;0
1163;02 Forestry and logging;1997 August;0;0;0
1164;02 Forestry and logging;1997 September;0;0;0
1165;02 Forestry and logging;1997 3rd quarter;0;0;0
1166;02 Forestry and logging;1997 October;0;0;0
1167;02 Forestry and logging;1997 November;0;0;0
1168;02 Forestry and logging;1997 December;0;0;0
1169;02 Forestry and logging;1997 4th quarter;0;0;0
1170;02 Forestry and logging;1997;2;1;1
1171;02 Forestry and logging;1998 January;1;1;0
1172;02 Forestry and logging;1998 February;1;1;0
1173;02 Forestry and logging;1998 March;0;0;0
1174;02 Forestry and logging;1998 1st quarter;2;2;0
1175;02 Forestry and logging;1998 April;0;0;0
1176;02 Forestry and logging;1998 May;0;0;0
1177;02 Forestry and logging;1998 June;0;0;0
1178;02 Forestry and logging;1998 2nd quarter;0;0;0
1179;02 Forestry and logging;1998 July;0;0;0
1180;02 Forestry and logging;1998 August;0;0;0
1181;02 Forestry and logging;1998 September;0;0;0
1182;02 Forestry and logging;1998 3rd quarter;0;0;0
1183;02 Forestry and logging;1998 October;0;0;0
1184;02 Forestry and logging;1998 November;0;0;0
1185;02 Forestry and logging;1998 December;0;0;0
1186;02 Forestry and logging;1998 4th quarter;0;0;0
1187;02 Forestry and logging;1998;2;2;0
1188;02 Forestry and logging;1999 January;0;0;0
1189;02 Forestry and logging;1999 February;0;0;0
1190;02 Forestry and logging;1999 March;0;0;0
1191;02 Forestry and logging;1999 1st quarter;0;0;0
1192;02 Forestry and logging;1999 April;0;0;0
1193;02 Forestry and logging;1999 May;0;0;0
1194;02 Forestry and logging;1999 June;0;0;0
1195;02 Forestry and logging;1999 2nd quarter;0;0;0
1196;02 Forestry and logging;1999 July;1;1;0
1197;02 Forestry and logging;1999 August;0;0;0
1198;02 Forestry and logging;1999 September;0;0;0
1199;02 Forestry and logging;1999 3rd quarter;1;1;0
1200;02 Forestry and logging;1999 October;0;0;0
1201;02 Forestry and logging;1999 November;0;0;0
1202;02 Forestry and logging;1999 December;0;0;0
1203;02 Forestry and logging;1999 4th quarter;0;0;0
1204;02 Forestry and logging;1999;1;1;0
1205;02 Forestry and logging;2000 January;0;0;0
1206;02 Forestry and logging;2000 February;0;0;0
1207;02 Forestry and logging;2000 March;0;0;0
1208;02 Forestry and logging;2000 1st quarter;0;0;0
1209;02 Forestry and logging;2000 April;0;0;0
1210;02 Forestry and logging;2000 May;0;0;0
1211;02 Forestry and logging;2000 June;0;0;0
1212;02 Forestry and logging;2000 2nd quarter;0;0;0
1213;02 Forestry and logging;2000 July;0;0;0
1214;02 Forestry and logging;2000 August;0;0;0
1215;02 Forestry and logging;2000 September;0;0;0
1216;02 Forestry and logging;2000 3rd quarter;0;0;0
1217;02 Forestry and logging;2000 October;0;0;0
1218;02 Forestry and logging;2000 November;0;0;0
1219;02 Forestry and logging;2000 December;0;0;0
1220;02 Forestry and logging;2000 4th quarter;0;0;0
1221;02 Forestry and logging;2000;0;0;0
1222;02 Forestry and logging;2001 January;0;0;0
1223;02 Forestry and logging;2001 February;0;0;0
1224;02 Forestry and logging;2001 March;0;0;0
1225;02 Forestry and logging;2001 1st quarter;0;0;0
1226;02 Forestry and logging;2001 April;1;1;0
1227;02 Forestry and logging;2001 May;0;0;0
1228;02 Forestry and logging;2001 June;0;0;0
1229;02 Forestry and logging;2001 2nd quarter;1;1;0
1230;02 Forestry and logging;2001 July;0;0;0
1231;02 Forestry and logging;2001 August;0;0;0
1232;02 Forestry and logging;2001 September;0;0;0
1233;02 Forestry and logging;2001 3rd quarter;0;0;0
1234;02 Forestry and logging;2001 October;1;1;0
1235;02 Forestry and logging;2001 November;0;0;0
1236;02 Forestry and logging;2001 December;0;0;0
1237;02 Forestry and logging;2001 4th quarter;1;1;0
1238;02 Forestry and logging;2001;2;2;0
1239;02 Forestry and logging;2002 January;0;0;0
1240;02 Forestry and logging;2002 February;0;0;0
1241;02 Forestry and logging;2002 March;0;0;0
1242;02 Forestry and logging;2002 1st quarter;0;0;0
1243;02 Forestry and logging;2002 April;0;0;0
1244;02 Forestry and logging;2002 May;0;0;0
1245;02 Forestry and logging;2002 June;0;0;0
1246;02 Forestry and logging;2002 2nd quarter;0;0;0
1247;02 Forestry and logging;2002 July;0;0;0
1248;02 Forestry and logging;2002 August;0;0;0
1249;02 Forestry and logging;2002 September;0;0;0
1250;02 Forestry and logging;2002 3rd quarter;0;0;0
1251;02 Forestry and logging;2002 October;0;0;0
1252;02 Forestry and logging;2002 November;0;0;0
1253;02 Forestry and logging;2002 December;0;0;0
1254;02 Forestry and logging;2002 4th quarter;0;0;0
1255;02 Forestry and logging;2002;0;0;0
1256;02 Forestry and logging;2003 January;0;0;0
1257;02 Forestry and logging;2003 February;0;0;0
1258;02 Forestry and logging;2003 March;1;0;1
1259;02 Forestry and logging;2003 1st quarter;1;0;1
1260;02 Forestry and logging;2003 April;0;0;0
1261;02 Forestry and logging;2003 May;0;0;0
1262;02 Forestry and logging;2003 June;0;0;0
1263;02 Forestry and logging;2003 2nd quarter;0;0;0
1264;02 Forestry and logging;2003 July;0;0;0
1265;02 Forestry and logging;2003 August;1;0;1
1266;02 Forestry and logging;2003 September;0;0;0
1267;02 Forestry and logging;2003 3rd quarter;1;0;1
1268;02 Forestry and logging;2003 October;0;0;0
1269;02 Forestry and logging;2003 November;0;0;0
1270;02 Forestry and logging;2003 December;0;0;0
1271;02 Forestry and logging;2003 4th quarter;0;0;0
1272;02 Forestry and logging;2003;2;0;2
1273;02 Forestry and logging;2004 January;1;0;1
1274;02 Forestry and logging;2004 February;0;0;0
1275;02 Forestry and logging;2004 March;0;0;0
1276;02 Forestry and logging;2004 1st quarter;1;0;1
1277;02 Forestry and logging;2004 April;0;0;0
1278;02 Forestry and logging;2004 May;0;0;0
1279;02 Forestry and logging;2004 June;0;0;0
1280;02 Forestry and logging;2004 2nd quarter;0;0;0
1281;02 Forestry and logging;2004 July;0;0;0
1282;02 Forestry and logging;2004 August;0;0;0
1283;02 Forestry and logging;2004 September;0;0;0
1284;02 Forestry and logging;2004 3rd quarter;0;0;0
1285;02 Forestry and logging;2004 October;0;0;0
1286;02 Forestry and logging;2004 November;0;0;0
1287;02 Forestry and logging;2004 December;0;0;0
1288;02 Forestry and logging;2004 4th quarter;0;0;0
1289;02 Forestry and logging;2004;1;0;1
1290;02 Forestry and logging;2005 January;0;0;0
1291;02 Forestry and logging;2005 February;0;0;0
1292;02 Forestry and logging;2005 March;0;0;0
1293;02 Forestry and logging;2005 1st quarter;0;0;0
1294;02 Forestry and logging;2005 April;0;0;0
1295;02 Forestry and logging;2005 May;0;0;0
1296;02 Forestry and logging;2005 June;1;0;1
1297;02 Forestry and logging;2005 2nd quarter;1;0;1
1298;02 Forestry and logging;2005 July;1;0;1
1299;02 Forestry and logging;2005 August;1;0;1
1300;02 Forestry and logging;2005 September;0;0;0
1301;02 Forestry and logging;2005 3rd quarter;2;0;2
1302;02 Forestry and logging;2005 October;0;0;0
1303;02 Forestry and logging;2005 November;0;0;0
1304;02 Forestry and logging;2005 December;1;0;1
1305;02 Forestry and logging;2005 4th quarter;1;0;1
1306;02 Forestry and logging;2005;4;0;4
1307;02 Forestry and logging;2006 January;0;0;0
1308;02 Forestry and logging;2006 February;0;0;0
1309;02 Forestry and logging;2006 March;0;0;0
1310;02 Forestry and logging;2006 1st quarter;0;0;0
1311;02 Forestry and logging;2006 April;1;0;1
1312;02 Forestry and logging;2006 May;0;0;0
1313;02 Forestry and logging;2006 June;0;0;0
1314;02 Forestry and logging;2006 2nd quarter;1;0;1
1315;02 Forestry and logging;2006 July;0;0;0
1316;02 Forestry and logging;2006 August;0;0;0
1317;02 Forestry and logging;2006 September;0;0;0
1318;02 Forestry and logging;2006 3rd quarter;0;0;0
1319;02 Forestry and logging;2006 October;0;0;0
1320;02 Forestry and logging;2006 November;0;0;0
1321;02 Forestry and logging;2006 December;0;0;0
1322;02 Forestry and logging;2006 4th quarter;0;0;0
1323;02 Forestry and logging;2006;1;0;1
1324;02 Forestry and logging;2007 January;0;0;0
1325;02 Forestry and logging;2007 February;0;0;0
1326;02 Forestry and logging;2007 March;0;0;0
1327;02 Forestry and logging;2007 1st quarter;0;0;0
1328;02 Forestry and logging;2007 April;0;0;0
1329;02 Forestry and logging;2007 May;0;0;0
1330;02 Forestry and logging;2007 June;0;0;0
1331;02 Forestry and logging;2007 2nd quarter;0;0;0
1332;02 Forestry and logging;2007 July;0;0;0
1333;02 Forestry and logging;2007 August;1;0;1
1334;02 Forestry and logging;2007 September;0;0;0
1335;02 Forestry and logging;2007 3rd quarter;1;0;1
1336;02 Forestry and logging;2007 October;0;0;0
1337;02 Forestry and logging;2007 November;0;0;0
1338;02 Forestry and logging;2007 December;0;0;0
1339;02 Forestry and logging;2007 4th quarter;0;0;0
1340;02 Forestry and logging;2007;1;0;1
1341;02 Forestry and logging;2008 January;0;0;0
1342;02 Forestry and logging;2008 February;0;0;0
1343;02 Forestry and logging;2008 March;0;0;0
1344;02 Forestry and logging;2008 1st quarter;0;0;0
1345;02 Forestry and logging;2008 April;0;0;0
1346;02 Forestry and logging;2008 May;1;0;1
1347;02 Forestry and logging;2008 June;0;0;0
1348;02 Forestry and logging;2008 2nd quarter;1;0;1
1349;02 Forestry and logging;2008 July;0;0;0
1350;02 Forestry and logging;2008 August;0;0;0
1351;02 Forestry and logging;2008 September;0;0;0
1352;02 Forestry and logging;2008 3rd quarter;0;0;0
1353;02 Forestry and logging;2008 October;0;0;0
1354;02 Forestry and logging;2008 November;0;0;0
1355;02 Forestry and logging;2008 December;0;0;0
1356;02 Forestry and logging;2008 4th quarter;0;0;0
1357;02 Forestry and logging;2008;1;0;1
1358;02 Forestry and logging;2009 January;0;0;0
1359;02 Forestry and logging;2009 February;0;0;0
1360;02 Forestry and logging;2009 March;0;0;0
1361;02 Forestry and logging;2009 1st quarter;0;0;0
1362;02 Forestry and logging;2009 April;0;0;0
1363;02 Forestry and logging;2009 May;7;0;7
1364;02 Forestry and logging;2009 June;1;0;1
1365;02 Forestry and logging;2009 2nd quarter;8;0;8
1366;02 Forestry and logging;2009 July;1;0;1
1367;02 Forestry and logging;2009 August;0;0;0
1368;02 Forestry and logging;2009 September;0;0;0
1369;02 Forestry and logging;2009 3rd quarter;1;0;1
1370;02 Forestry and logging;2009 October;0;0;0
1371;02 Forestry and logging;2009 November;0;0;0
1372;02 Forestry and logging;2009 December;1;0;1
1373;02 Forestry and logging;2009 4th quarter;1;0;1
1374;02 Forestry and logging;2009;10;0;10
1375;02 Forestry and logging;2010 January;0;0;0
1376;02 Forestry and logging;2010 February;0;0;0
1377;02 Forestry and logging;2010 March;0;0;0
1378;02 Forestry and logging;2010 1st quarter;0;0;0
1379;02 Forestry and logging;2010 April;0;0;0
1380;02 Forestry and logging;2010 May;1;1;0
1381;02 Forestry and logging;2010 June;0;0;0
1382;02 Forestry and logging;2010 2nd quarter;1;1;0
1383;02 Forestry and logging;2010 July;0;0;0
1384;02 Forestry and logging;2010 August;0;0;0
1385;02 Forestry and logging;2010 September;0;0;0
1386;02 Forestry and logging;2010 3rd quarter;0;0;0
1387;02 Forestry and logging;2010 October;0;0;0
1388;02 Forestry and logging;2010 November;0;0;0
1389;02 Forestry and logging;2010 December;0;0;0
1390;02 Forestry and logging;2010 4th quarter;0;0;0
1391;02 Forestry and logging;2010;1;1;0
1392;02 Forestry and logging;2011 January;0;0;0
1393;02 Forestry and logging;2011 February;0;0;0
1394;02 Forestry and logging;2011 March;0;0;0
1395;02 Forestry and logging;2011 1st quarter;0;0;0
1396;02 Forestry and logging;2011 April;0;0;0
1397;02 Forestry and logging;2011 May;0;0;0
1398;02 Forestry and logging;2011 June;0;0;0
1399;02 Forestry and logging;2011 2nd quarter;0;0;0
1400;02 Forestry and logging;2011 July;0;0;0
1401;02 Forestry and logging;2011 August;0;0;0
1402;02 Forestry and logging;2011 September;0;0;0
1403;02 Forestry and logging;2011 3rd quarter;0;0;0
1404;02 Forestry and logging;2011 October;0;0;0
1405;02 Forestry and logging;2011 November;0;0;0
1406;02 Forestry and logging;2011 December;0;0;0
1407;02 Forestry and logging;2011 4th quarter;0;0;0
1408;02 Forestry and logging;2011;0;0;0
1409;02 Forestry and logging;2012 January;0;0;0
1410;02 Forestry and logging;2012 February;0;0;0
1411;02 Forestry and logging;2012 March;2;0;2
1412;02 Forestry and logging;2012 1st quarter;2;0;2
1413;02 Forestry and logging;2012 April;0;0;0
1414;02 Forestry and logging;2012 May;0;0;0
1415;02 Forestry and logging;2012 June;0;0;0
1416;02 Forestry and logging;2012 2nd quarter;0;0;0
1417;02 Forestry and logging;2012 July ;0;0;0
1418;02 Forestry and logging;2012 August;0;0;0
1419;02 Forestry and logging;2012 September;0;0;0
1420;02 Forestry and logging;2012 3rd quarter;0;0;0
1421;02 Forestry and logging;2012 October;0;0;0
1422;02 Forestry and logging;2012 November;0;0;0
1423;02 Forestry and logging;2012 December;0;0;0
1424;02 Forestry and logging;2012 4th quarter;0;0;0
1425;02 Forestry and logging;2012;2;0;2
1426;02 Forestry and logging;2013 January;0;0;0
1427;02 Forestry and logging;2013 February;0;0;0
1428;02 Forestry and logging;2013 March;0;0;0
1429;02 Forestry and logging;2013 1st quarter;0;0;0
1430;02 Forestry and logging;2013 April;0;0;0
1431;02 Forestry and logging;2013 May;0;0;0
1432;02 Forestry and logging;2013 June;0;0;0
1433;02 Forestry and logging;2013 2nd quarter;0;0;0
1434;02 Forestry and logging;2013 July;0;0;0
1435;02 Forestry and logging;2013 August;0;0;0
1436;02 Forestry and logging;2013 September;0;0;0
1437;02 Forestry and logging;2013 3rd quarter;0;0;0
1438;02 Forestry and logging;2013 October;1;1;0
1439;02 Forestry and logging;2013 November;0;0;0
1440;02 Forestry and logging;2013 December;0;0;0
1441;02 Forestry and logging;2013 4th quarter;1;1;0
1442;02 Forestry and logging;2013;1;1;0
1443;02 Forestry and logging;2014 January;0;0;0
1444;02 Forestry and logging;2014 February;0;0;0
1445;02 Forestry and logging;2014 March;0;0;0
1446;02 Forestry and logging;2014 1st quarter;0;0;0
1447;02 Forestry and logging;2014 April;2;0;2
1448;03 Fishing and aquaculture;1993 January;0;0;0
1449;03 Fishing and aquaculture;1993 February;0;0;0
1450;03 Fishing and aquaculture;1993 March;0;0;0
1451;03 Fishing and aquaculture;1993 1st quarter;0;0;0
1452;03 Fishing and aquaculture;1993 April;0;0;0
1453;03 Fishing and aquaculture;1993 May;0;0;0
1454;03 Fishing and aquaculture;1993 June;0;0;0
1455;03 Fishing and aquaculture;1993 2nd quarter;0;0;0
1456;03 Fishing and aquaculture;1993 July;0;0;0
1457;03 Fishing and aquaculture;1993 August;0;0;0
1458;03 Fishing and aquaculture;1993 September;0;0;0
1459;03 Fishing and aquaculture;1993 3rd quarter;0;0;0
1460;03 Fishing and aquaculture;1993 October;1;0;1
1461;03 Fishing and aquaculture;1993 November;1;0;1
1462;03 Fishing and aquaculture;1993 December;0;0;0
1463;03 Fishing and aquaculture;1993 4th quarter;2;0;2
1464;03 Fishing and aquaculture;1993;2;0;2
1465;03 Fishing and aquaculture;1994 January;0;0;0
1466;03 Fishing and aquaculture;1994 February;0;0;0
1467;03 Fishing and aquaculture;1994 March;1;0;1
1468;03 Fishing and aquaculture;1994 1st quarter;1;0;1
1469;03 Fishing and aquaculture;1994 April;0;0;0
1470;03 Fishing and aquaculture;1994 May;0;0;0
1471;03 Fishing and aquaculture;1994 June;0;0;0
1472;03 Fishing and aquaculture;1994 2nd quarter;0;0;0
1473;03 Fishing and aquaculture;1994 July;0;0;0
1474;03 Fishing and aquaculture;1994 August;0;0;0
1475;03 Fishing and aquaculture;1994 September;0;0;0
1476;03 Fishing and aquaculture;1994 3rd quarter;0;0;0
1477;03 Fishing and aquaculture;1994 October;0;0;0
1478;03 Fishing and aquaculture;1994 November;0;0;0
1479;03 Fishing and aquaculture;1994 December;1;0;1
1480;03 Fishing and aquaculture;1994 4th quarter;1;0;1
1481;03 Fishing and aquaculture;1994;2;0;2
1482;03 Fishing and aquaculture;1995 January;0;0;0
1483;03 Fishing and aquaculture;1995 February;0;0;0
1484;03 Fishing and aquaculture;1995 March;1;0;1
1485;03 Fishing and aquaculture;1995 1st quarter;1;0;1
1486;03 Fishing and aquaculture;1995 April;0;0;0
1487;03 Fishing and aquaculture;1995 May;0;0;0
1488;03 Fishing and aquaculture;1995 June;0;0;0
1489;03 Fishing and aquaculture;1995 2nd quarter;0;0;0
1490;03 Fishing and aquaculture;1995 July;0;0;0
1491;03 Fishing and aquaculture;1995 August;0;0;0
1492;03 Fishing and aquaculture;1995 September;0;0;0
1493;03 Fishing and aquaculture;1995 3rd quarter;0;0;0
1494;03 Fishing and aquaculture;1995 October;0;0;0
1495;03 Fishing and aquaculture;1995 November;0;0;0
1496;03 Fishing and aquaculture;1995 December;0;0;0
1497;03 Fishing and aquaculture;1995 4th quarter;0;0;0
1498;03 Fishing and aquaculture;1995;1;0;1
1499;03 Fishing and aquaculture;1996 January;1;1;0
1500;03 Fishing and aquaculture;1996 February;0;0;0
1501;03 Fishing and aquaculture;1996 March;0;0;0
1502;03 Fishing and aquaculture;1996 1st quarter;1;1;0
1503;03 Fishing and aquaculture;1996 April;0;0;0
1504;03 Fishing and aquaculture;1996 May;0;0;0
1505;03 Fishing and aquaculture;1996 June;0;0;0
1506;03 Fishing and aquaculture;1996 2nd quarter;0;0;0
1507;03 Fishing and aquaculture;1996 July;0;0;0
1508;03 Fishing and aquaculture;1996 August;0;0;0
1509;03 Fishing and aquaculture;1996 September;0;0;0
1510;03 Fishing and aquaculture;1996 3rd quarter;0;0;0
1511;03 Fishing and aquaculture;1996 October;0;0;0
1512;03 Fishing and aquaculture;1996 November;0;0;0
1513;03 Fishing and aquaculture;1996 December;0;0;0
1514;03 Fishing and aquaculture;1996 4th quarter;0;0;0
1515;03 Fishing and aquaculture;1996;1;1;0
1516;03 Fishing and aquaculture;1997 January;0;0;0
1517;03 Fishing and aquaculture;1997 February;0;0;0
1518;03 Fishing and aquaculture;1997 March;1;0;1
1519;03 Fishing and aquaculture;1997 1st quarter;1;0;1
1520;03 Fishing and aquaculture;1997 April;0;0;0
1521;03 Fishing and aquaculture;1997 May;0;0;0
1522;03 Fishing and aquaculture;1997 June;0;0;0
1523;03 Fishing and aquaculture;1997 2nd quarter;0;0;0
1524;03 Fishing and aquaculture;1997 July;1;1;0
1525;03 Fishing and aquaculture;1997 August;0;0;0
1526;03 Fishing and aquaculture;1997 September;0;0;0
1527;03 Fishing and aquaculture;1997 3rd quarter;1;1;0
1528;03 Fishing and aquaculture;1997 October;0;0;0
1529;03 Fishing and aquaculture;1997 November;3;1;2
1530;03 Fishing and aquaculture;1997 December;0;0;0
1531;03 Fishing and aquaculture;1997 4th quarter;3;1;2
1532;03 Fishing and aquaculture;1997;5;2;3
1533;03 Fishing and aquaculture;1998 January;0;0;0
1534;03 Fishing and aquaculture;1998 February;0;0;0
1535;03 Fishing and aquaculture;1998 March;0;0;0
1536;03 Fishing and aquaculture;1998 1st quarter;0;0;0
1537;03 Fishing and aquaculture;1998 April;0;0;0
1538;03 Fishing and aquaculture;1998 May;1;0;1
1539;03 Fishing and aquaculture;1998 June;0;0;0
1540;03 Fishing and aquaculture;1998 2nd quarter;1;0;1
1541;03 Fishing and aquaculture;1998 July;0;0;0
1542;03 Fishing and aquaculture;1998 August;0;0;0
1543;03 Fishing and aquaculture;1998 September;1;0;1
1544;03 Fishing and aquaculture;1998 3rd quarter;1;0;1
1545;03 Fishing and aquaculture;1998 October;0;0;0
1546;03 Fishing and aquaculture;1998 November;0;0;0
1547;03 Fishing and aquaculture;1998 December;0;0;0
1548;03 Fishing and aquaculture;1998 4th quarter;0;0;0
1549;03 Fishing and aquaculture;1998;2;0;2
1550;03 Fishing and aquaculture;1999 January;0;0;0
1551;03 Fishing and aquaculture;1999 February;1;1;0
1552;03 Fishing and aquaculture;1999 March;0;0;0
1553;03 Fishing and aquaculture;1999 1st quarter;1;1;0
1554;03 Fishing and aquaculture;1999 April;1;1;0
1555;03 Fishing and aquaculture;1999 May;0;0;0
1556;03 Fishing and aquaculture;1999 June;0;0;0
1557;03 Fishing and aquaculture;1999 2nd quarter;1;1;0
1558;03 Fishing and aquaculture;1999 July;0;0;0
1559;03 Fishing and aquaculture;1999 August;0;0;0
1560;03 Fishing and aquaculture;1999 September;0;0;0
1561;03 Fishing and aquaculture;1999 3rd quarter;0;0;0
1562;03 Fishing and aquaculture;1999 October;0;0;0
1563;03 Fishing and aquaculture;1999 November;0;0;0
1564;03 Fishing and aquaculture;1999 December;0;0;0
1565;03 Fishing and aquaculture;1999 4th quarter;0;0;0
1566;03 Fishing and aquaculture;1999;2;2;0
1567;03 Fishing and aquaculture;2000 January;0;0;0
1568;03 Fishing and aquaculture;2000 February;0;0;0
1569;03 Fishing and aquaculture;2000 March;0;0;0
1570;03 Fishing and aquaculture;2000 1st quarter;0;0;0
1571;03 Fishing and aquaculture;2000 April;0;0;0
1572;03 Fishing and aquaculture;2000 May;0;0;0
1573;03 Fishing and aquaculture;2000 June;0;0;0
1574;03 Fishing and aquaculture;2000 2nd quarter;0;0;0
1575;03 Fishing and aquaculture;2000 July;0;0;0
1576;03 Fishing and aquaculture;2000 August;0;0;0
1577;03 Fishing and aquaculture;2000 September;1;0;1
1578;03 Fishing and aquaculture;2000 3rd quarter;1;0;1
1579;03 Fishing and aquaculture;2000 October;0;0;0
1580;03 Fishing and aquaculture;2000 November;0;0;0
1581;03 Fishing and aquaculture;2000 December;1;1;0
1582;03 Fishing and aquaculture;2000 4th quarter;1;1;0
1583;03 Fishing and aquaculture;2000;2;1;1
1584;03 Fishing and aquaculture;2001 January;0;0;0
1585;03 Fishing and aquaculture;2001 February;0;0;0
1586;03 Fishing and aquaculture;2001 March;0;0;0
1587;03 Fishing and aquaculture;2001 1st quarter;0;0;0
1588;03 Fishing and aquaculture;2001 April;0;0;0
1589;03 Fishing and aquaculture;2001 May;0;0;0
1590;03 Fishing and aquaculture;2001 June;0;0;0
1591;03 Fishing and aquaculture;2001 2nd quarter;0;0;0
1592;03 Fishing and aquaculture;2001 July;0;0;0
1593;03 Fishing and aquaculture;2001 August;0;0;0
1594;03 Fishing and aquaculture;2001 September;0;0;0
1595;03 Fishing and aquaculture;2001 3rd quarter;0;0;0
1596;03 Fishing and aquaculture;2001 October;1;0;1
1597;03 Fishing and aquaculture;2001 November;0;0;0
1598;03 Fishing and aquaculture;2001 December;0;0;0
1599;03 Fishing and aquaculture;2001 4th quarter;1;0;1
1600;03 Fishing and aquaculture;2001;1;0;1
1601;03 Fishing and aquaculture;2002 January;0;0;0
1602;03 Fishing and aquaculture;2002 February;1;0;1
1603;03 Fishing and aquaculture;2002 March;0;0;0
1604;03 Fishing and aquaculture;2002 1st quarter;1;0;1
1605;03 Fishing and aquaculture;2002 April;0;0;0
1606;03 Fishing and aquaculture;2002 May;0;0;0
1607;03 Fishing and aquaculture;2002 June;0;0;0
1608;03 Fishing and aquaculture;2002 2nd quarter;0;0;0
1609;03 Fishing and aquaculture;2002 July;4;0;4
1610;03 Fishing and aquaculture;2002 August;0;0;0
1611;03 Fishing and aquaculture;2002 September;0;0;0
1612;03 Fishing and aquaculture;2002 3rd quarter;4;0;4
1613;03 Fishing and aquaculture;2002 October;0;0;0
1614;03 Fishing and aquaculture;2002 November;0;0;0
1615;03 Fishing and aquaculture;2002 December;0;0;0
1616;03 Fishing and aquaculture;2002 4th quarter;0;0;0
1617;03 Fishing and aquaculture;2002;5;0;5
1618;03 Fishing and aquaculture;2003 January;0;0;0
1619;03 Fishing and aquaculture;2003 February;0;0;0
1620;03 Fishing and aquaculture;2003 March;0;0;0
1621;03 Fishing and aquaculture;2003 1st quarter;0;0;0
1622;03 Fishing and aquaculture;2003 April;0;0;0
1623;03 Fishing and aquaculture;2003 May;0;0;0
1624;03 Fishing and aquaculture;2003 June;0;0;0
1625;03 Fishing and aquaculture;2003 2nd quarter;0;0;0
1626;03 Fishing and aquaculture;2003 July;0;0;0
1627;03 Fishing and aquaculture;2003 August;0;0;0
1628;03 Fishing and aquaculture;2003 September;0;0;0
1629;03 Fishing and aquaculture;2003 3rd quarter;0;0;0
1630;03 Fishing and aquaculture;2003 October;0;0;0
1631;03 Fishing and aquaculture;2003 November;0;0;0
1632;03 Fishing and aquaculture;2003 December;0;0;0
1633;03 Fishing and aquaculture;2003 4th quarter;0;0;0
1634;03 Fishing and aquaculture;2003;0;0;0
1635;03 Fishing and aquaculture;2004 January;0;0;0
1636;03 Fishing and aquaculture;2004 February;1;0;1
1637;03 Fishing and aquaculture;2004 March;0;0;0
1638;03 Fishing and aquaculture;2004 1st quarter;1;0;1
1639;03 Fishing and aquaculture;2004 April;0;0;0
1640;03 Fishing and aquaculture;2004 May;0;0;0
1641;03 Fishing and aquaculture;2004 June;0;0;0
1642;03 Fishing and aquaculture;2004 2nd quarter;0;0;0
1643;03 Fishing and aquaculture;2004 July;0;0;0
1644;03 Fishing and aquaculture;2004 August;0;0;0
1645;03 Fishing and aquaculture;2004 September;0;0;0
1646;03 Fishing and aquaculture;2004 3rd quarter;0;0;0
1647;03 Fishing and aquaculture;2004 October;0;0;0
1648;03 Fishing and aquaculture;2004 November;0;0;0
1649;03 Fishing and aquaculture;2004 December;0;0;0
1650;03 Fishing and aquaculture;2004 4th quarter;0;0;0
1651;03 Fishing and aquaculture;2004;1;0;1
1652;03 Fishing and aquaculture;2005 January;1;0;1
1653;03 Fishing and aquaculture;2005 February;0;0;0
1654;03 Fishing and aquaculture;2005 March;0;0;0
1655;03 Fishing and aquaculture;2005 1st quarter;1;0;1
1656;03 Fishing and aquaculture;2005 April;0;0;0
1657;03 Fishing and aquaculture;2005 May;2;0;2
1658;03 Fishing and aquaculture;2005 June;0;0;0
1659;03 Fishing and aquaculture;2005 2nd quarter;2;0;2
1660;03 Fishing and aquaculture;2005 July;0;0;0
1661;03 Fishing and aquaculture;2005 August;0;0;0
1662;03 Fishing and aquaculture;2005 September;0;0;0
1663;03 Fishing and aquaculture;2005 3rd quarter;0;0;0
1664;03 Fishing and aquaculture;2005 October;0;0;0
1665;03 Fishing and aquaculture;2005 November;0;0;0
1666;03 Fishing and aquaculture;2005 December;0;0;0
1667;03 Fishing and aquaculture;2005 4th quarter;0;0;0
1668;03 Fishing and aquaculture;2005;3;0;3
1669;03 Fishing and aquaculture;2006 January;0;0;0
1670;03 Fishing and aquaculture;2006 February;0;0;0
1671;03 Fishing and aquaculture;2006 March;1;0;1
1672;03 Fishing and aquaculture;2006 1st quarter;1;0;1
1673;03 Fishing and aquaculture;2006 April;1;0;1
1674;03 Fishing and aquaculture;2006 May;0;0;0
1675;03 Fishing and aquaculture;2006 June;1;0;1
1676;03 Fishing and aquaculture;2006 2nd quarter;2;0;2
1677;03 Fishing and aquaculture;2006 July;0;0;0
1678;03 Fishing and aquaculture;2006 August;0;0;0
1679;03 Fishing and aquaculture;2006 September;0;0;0
1680;03 Fishing and aquaculture;2006 3rd quarter;0;0;0
1681;03 Fishing and aquaculture;2006 October;0;0;0
1682;03 Fishing and aquaculture;2006 November;0;0;0
1683;03 Fishing and aquaculture;2006 December;0;0;0
1684;03 Fishing and aquaculture;2006 4th quarter;0;0;0
1685;03 Fishing and aquaculture;2006;3;0;3
1686;03 Fishing and aquaculture;2007 January;0;0;0
1687;03 Fishing and aquaculture;2007 February;0;0;0
1688;03 Fishing and aquaculture;2007 March;0;0;0
1689;03 Fishing and aquaculture;2007 1st quarter;0;0;0
1690;03 Fishing and aquaculture;2007 April;0;0;0
1691;03 Fishing and aquaculture;2007 May;0;0;0
1692;03 Fishing and aquaculture;2007 June;0;0;0
1693;03 Fishing and aquaculture;2007 2nd quarter;0;0;0
1694;03 Fishing and aquaculture;2007 July;1;0;1
1695;03 Fishing and aquaculture;2007 August;0;0;0
1696;03 Fishing and aquaculture;2007 September;0;0;0
1697;03 Fishing and aquaculture;2007 3rd quarter;1;0;1
1698;03 Fishing and aquaculture;2007 October;0;0;0
1699;03 Fishing and aquaculture;2007 November;1;0;1
1700;03 Fishing and aquaculture;2007 December;0;0;0
1701;03 Fishing and aquaculture;2007 4th quarter;1;0;1
1702;03 Fishing and aquaculture;2007;2;0;2
1703;03 Fishing and aquaculture;2008 January;0;0;0
1704;03 Fishing and aquaculture;2008 February;0;0;0
1705;03 Fishing and aquaculture;2008 March;2;0;2
1706;03 Fishing and aquaculture;2008 1st quarter;2;0;2
1707;03 Fishing and aquaculture;2008 April;0;0;0
1708;03 Fishing and aquaculture;2008 May;0;0;0
1709;03 Fishing and aquaculture;2008 June;0;0;0
1710;03 Fishing and aquaculture;2008 2nd quarter;0;0;0
1711;03 Fishing and aquaculture;2008 July;0;0;0
1712;03 Fishing and aquaculture;2008 August;0;0;0
1713;03 Fishing and aquaculture;2008 September;0;0;0
1714;03 Fishing and aquaculture;2008 3rd quarter;0;0;0
1715;03 Fishing and aquaculture;2008 October;0;0;0
1716;03 Fishing and aquaculture;2008 November;0;0;0
1717;03 Fishing and aquaculture;2008 December;0;0;0
1718;03 Fishing and aquaculture;2008 4th quarter;0;0;0
1719;03 Fishing and aquaculture;2008;2;0;2
1720;03 Fishing and aquaculture;2009 January;0;0;0
1721;03 Fishing and aquaculture;2009 February;0;0;0
1722;03 Fishing and aquaculture;2009 March;0;0;0
1723;03 Fishing and aquaculture;2009 1st quarter;0;0;0
1724;03 Fishing and aquaculture;2009 April;0;0;0
1725;03 Fishing and aquaculture;2009 May;0;0;0
1726;03 Fishing and aquaculture;2009 June;0;0;0
1727;03 Fishing and aquaculture;2009 2nd quarter;0;0;0
1728;03 Fishing and aquaculture;2009 July;0;0;0
1729;03 Fishing and aquaculture;2009 August;0;0;0
1730;03 Fishing and aquaculture;2009 September;0;0;0
1731;03 Fishing and aquaculture;2009 3rd quarter;0;0;0
1732;03 Fishing and aquaculture;2009 October;0;0;0
1733;03 Fishing and aquaculture;2009 November;0;0;0
1734;03 Fishing and aquaculture;2009 December;0;0;0
1735;03 Fishing and aquaculture;2009 4th quarter;0;0;0
1736;03 Fishing and aquaculture;2009;0;0;0
1737;03 Fishing and aquaculture;2010 January;0;0;0
1738;03 Fishing and aquaculture;2010 February;0;0;0
1739;03 Fishing and aquaculture;2010 March;0;0;0
1740;03 Fishing and aquaculture;2010 1st quarter;0;0;0
1741;03 Fishing and aquaculture;2010 April;0;0;0
1742;03 Fishing and aquaculture;2010 May;0;0;0
1743;03 Fishing and aquaculture;2010 June;0;0;0
1744;03 Fishing and aquaculture;2010 2nd quarter;0;0;0
1745;03 Fishing and aquaculture;2010 July;1;0;1
1746;03 Fishing and aquaculture;2010 August;0;0;0
1747;03 Fishing and aquaculture;2010 September;0;0;0
1748;03 Fishing and aquaculture;2010 3rd quarter;1;0;1
1749;03 Fishing and aquaculture;2010 October;1;0;1
1750;03 Fishing and aquaculture;2010 November;1;0;1
1751;03 Fishing and aquaculture;2010 December;0;0;0
1752;03 Fishing and aquaculture;2010 4th quarter;2;0;2
1753;03 Fishing and aquaculture;2010;3;0;3
1754;03 Fishing and aquaculture;2011 January;0;0;0
1755;03 Fishing and aquaculture;2011 February;0;0;0
1756;03 Fishing and aquaculture;2011 March;0;0;0
1757;03 Fishing and aquaculture;2011 1st quarter;0;0;0
1758;03 Fishing and aquaculture;2011 April;0;0;0
1759;03 Fishing and aquaculture;2011 May;0;0;0
1760;03 Fishing and aquaculture;2011 June;0;0;0
1761;03 Fishing and aquaculture;2011 2nd quarter;0;0;0
1762;03 Fishing and aquaculture;2011 July;0;0;0
1763;03 Fishing and aquaculture;2011 August;0;0;0
1764;03 Fishing and aquaculture;2011 September;0;0;0
1765;03 Fishing and aquaculture;2011 3rd quarter;0;0;0
1766;03 Fishing and aquaculture;2011 October;0;0;0
1767;03 Fishing and aquaculture;2011 November;0;0;0
1768;03 Fishing and aquaculture;2011 December;0;0;0
1769;03 Fishing and aquaculture;2011 4th quarter;0;0;0
1770;03 Fishing and aquaculture;2011;0;0;0
1771;03 Fishing and aquaculture;2012 January;0;0;0
1772;03 Fishing and aquaculture;2012 February;0;0;0
1773;03 Fishing and aquaculture;2012 March;0;0;0
1774;03 Fishing and aquaculture;2012 1st quarter;0;0;0
1775;03 Fishing and aquaculture;2012 April;0;0;0
1776;03 Fishing and aquaculture;2012 May;0;0;0
1777;03 Fishing and aquaculture;2012 June;0;0;0
1778;03 Fishing and aquaculture;2012 2nd quarter;0;0;0
1779;03 Fishing and aquaculture;2012 July ;0;0;0
1780;03 Fishing and aquaculture;2012 August;0;0;0
1781;03 Fishing and aquaculture;2012 September;0;0;0
1782;03 Fishing and aquaculture;2012 3rd quarter;0;0;0
1783;03 Fishing and aquaculture;2012 October;0;0;0
1784;03 Fishing and aquaculture;2012 November;0;0;0
1785;03 Fishing and aquaculture;2012 December;0;0;0
1786;03 Fishing and aquaculture;2012 4th quarter;0;0;0
1787;03 Fishing and aquaculture;2012;0;0;0
1788;03 Fishing and aquaculture;2013 January;0;0;0
1789;03 Fishing and aquaculture;2013 February;0;0;0
1790;03 Fishing and aquaculture;2013 March;2;0;2
1791;03 Fishing and aquaculture;2013 1st quarter;2;0;2
1792;03 Fishing and aquaculture;2013 April;1;0;1
1793;03 Fishing and aquaculture;2013 May;0;0;0
1794;03 Fishing and aquaculture;2013 June;0;0;0
1795;03 Fishing and aquaculture;2013 2nd quarter;1;0;1
1796;03 Fishing and aquaculture;2013 July;0;0;0
1797;03 Fishing and aquaculture;2013 August;0;0;0
1798;03 Fishing and aquaculture;2013 September;0;0;0
1799;03 Fishing and aquaculture;2013 3rd quarter;0;0;0
1800;03 Fishing and aquaculture;2013 October;0;0;0
1801;03 Fishing and aquaculture;2013 November;0;0;0
1802;03 Fishing and aquaculture;2013 December;0;0;0
1803;03 Fishing and aquaculture;2013 4th quarter;0;0;0
1804;03 Fishing and aquaculture;2013;3;0;3
1805;03 Fishing and aquaculture;2014 January;1;0;1
1806;03 Fishing and aquaculture;2014 February;0;0;0
1807;03 Fishing and aquaculture;2014 March;0;0;0
1808;03 Fishing and aquaculture;2014 1st quarter;1;0;1
1809;03 Fishing and aquaculture;2014 April;0;0;0
1810;B Mining and quarrying;1993 January;0;0;0
1811;B Mining and quarrying;1993 February;0;0;0
1812;B Mining and quarrying;1993 March;1;0;1
1813;B Mining and quarrying;1993 1st quarter;1;0;1
1814;B Mining and quarrying;1993 April;0;0;0
1815;B Mining and quarrying;1993 May;0;0;0
1816;B Mining and quarrying;1993 June;0;0;0
1817;B Mining and quarrying;1993 2nd quarter;0;0;0
1818;B Mining and quarrying;1993 July;0;0;0
1819;B Mining and quarrying;1993 August;0;0;0
1820;B Mining and quarrying;1993 September;0;0;0
1821;B Mining and quarrying;1993 3rd quarter;0;0;0
1822;B Mining and quarrying;1993 October;1;0;1
1823;B Mining and quarrying;1993 November;0;0;0
1824;B Mining and quarrying;1993 December;0;0;0
1825;B Mining and quarrying;1993 4th quarter;1;0;1
1826;B Mining and quarrying;1993;2;0;2
1827;B Mining and quarrying;1994 January;0;0;0
1828;B Mining and quarrying;1994 February;0;0;0
1829;B Mining and quarrying;1994 March;0;0;0
1830;B Mining and quarrying;1994 1st quarter;0;0;0
1831;B Mining and quarrying;1994 April;0;0;0
1832;B Mining and quarrying;1994 May;0;0;0
1833;B Mining and quarrying;1994 June;0;0;0
1834;B Mining and quarrying;1994 2nd quarter;0;0;0
1835;B Mining and quarrying;1994 July;0;0;0
1836;B Mining and quarrying;1994 August;0;0;0
1837;B Mining and quarrying;1994 September;0;0;0
1838;B Mining and quarrying;1994 3rd quarter;0;0;0
1839;B Mining and quarrying;1994 October;0;0;0
1840;B Mining and quarrying;1994 November;0;0;0
1841;B Mining and quarrying;1994 December;0;0;0
1842;B Mining and quarrying;1994 4th quarter;0;0;0
1843;B Mining and quarrying;1994;0;0;0
1844;B Mining and quarrying;1995 January;0;0;0
1845;B Mining and quarrying;1995 February;0;0;0
1846;B Mining and quarrying;1995 March;0;0;0
1847;B Mining and quarrying;1995 1st quarter;0;0;0
1848;B Mining and quarrying;1995 April;0;0;0
1849;B Mining and quarrying;1995 May;0;0;0
1850;B Mining and quarrying;1995 June;0;0;0
1851;B Mining and quarrying;1995 2nd quarter;0;0;0
1852;B Mining and quarrying;1995 July;0;0;0
1853;B Mining and quarrying;1995 August;0;0;0
1854;B Mining and quarrying;1995 September;0;0;0
1855;B Mining and quarrying;1995 3rd quarter;0;0;0
1856;B Mining and quarrying;1995 October;1;0;1
1857;B Mining and quarrying;1995 November;0;0;0
1858;B Mining and quarrying;1995 December;0;0;0
1859;B Mining and quarrying;1995 4th quarter;1;0;1
1860;B Mining and quarrying;1995;1;0;1
1861;B Mining and quarrying;1996 January;0;0;0
1862;B Mining and quarrying;1996 February;0;0;0
1863;B Mining and quarrying;1996 March;1;1;0
1864;B Mining and quarrying;1996 1st quarter;1;1;0
1865;B Mining and quarrying;1996 April;0;0;0
1866;B Mining and quarrying;1996 May;1;0;1
1867;B Mining and quarrying;1996 June;0;0;0
1868;B Mining and quarrying;1996 2nd quarter;1;0;1
1869;B Mining and quarrying;1996 July;0;0;0
1870;B Mining and quarrying;1996 August;0;0;0
1871;B Mining and quarrying;1996 September;0;0;0
1872;B Mining and quarrying;1996 3rd quarter;0;0;0
1873;B Mining and quarrying;1996 October;0;0;0
1874;B Mining and quarrying;1996 November;0;0;0
1875;B Mining and quarrying;1996 December;1;0;1
1876;B Mining and quarrying;1996 4th quarter;1;0;1
1877;B Mining and quarrying;1996;3;1;2
1878;B Mining and quarrying;1997 January;0;0;0
1879;B Mining and quarrying;1997 February;0;0;0
1880;B Mining and quarrying;1997 March;0;0;0
1881;B Mining and quarrying;1997 1st quarter;0;0;0
1882;B Mining and quarrying;1997 April;0;0;0
1883;B Mining and quarrying;1997 May;1;1;0
1884;B Mining and quarrying;1997 June;0;0;0
1885;B Mining and quarrying;1997 2nd quarter;1;1;0
1886;B Mining and quarrying;1997 July;0;0;0
1887;B Mining and quarrying;1997 August;1;0;1
1888;B Mining and quarrying;1997 September;0;0;0
1889;B Mining and quarrying;1997 3rd quarter;1;0;1
1890;B Mining and quarrying;1997 October;0;0;0
1891;B Mining and quarrying;1997 November;0;0;0
1892;B Mining and quarrying;1997 December;0;0;0
1893;B Mining and quarrying;1997 4th quarter;0;0;0
1894;B Mining and quarrying;1997;2;1;1
1895;B Mining and quarrying;1998 January;0;0;0
1896;B Mining and quarrying;1998 February;0;0;0
1897;B Mining and quarrying;1998 March;0;0;0
1898;B Mining and quarrying;1998 1st quarter;0;0;0
1899;B Mining and quarrying;1998 April;0;0;0
1900;B Mining and quarrying;1998 May;0;0;0
1901;B Mining and quarrying;1998 June;0;0;0
1902;B Mining and quarrying;1998 2nd quarter;0;0;0
1903;B Mining and quarrying;1998 July;0;0;0
1904;B Mining and quarrying;1998 August;0;0;0
1905;B Mining and quarrying;1998 September;0;0;0
1906;B Mining and quarrying;1998 3rd quarter;0;0;0
1907;B Mining and quarrying;1998 October;0;0;0
1908;B Mining and quarrying;1998 November;0;0;0
1909;B Mining and quarrying;1998 December;0;0;0
1910;B Mining and quarrying;1998 4th quarter;0;0;0
1911;B Mining and quarrying;1998;0;0;0
1912;B Mining and quarrying;1999 January;0;0;0
1913;B Mining and quarrying;1999 February;0;0;0
1914;B Mining and quarrying;1999 March;0;0;0
1915;B Mining and quarrying;1999 1st quarter;0;0;0
1916;B Mining and quarrying;1999 April;0;0;0
1917;B Mining and quarrying;1999 May;1;0;1
1918;B Mining and quarrying;1999 June;0;0;0
1919;B Mining and quarrying;1999 2nd quarter;1;0;1
1920;B Mining and quarrying;1999 July;0;0;0
1921;B Mining and quarrying;1999 August;0;0;0
1922;B Mining and quarrying;1999 September;0;0;0
1923;B Mining and quarrying;1999 3rd quarter;0;0;0
1924;B Mining and quarrying;1999 October;0;0;0
1925;B Mining and quarrying;1999 November;0;0;0
1926;B Mining and quarrying;1999 December;0;0;0
1927;B Mining and quarrying;1999 4th quarter;0;0;0
1928;B Mining and quarrying;1999;1;0;1
1929;B Mining and quarrying;2000 January;0;0;0
1930;B Mining and quarrying;2000 February;1;0;1
1931;B Mining and quarrying;2000 March;0;0;0
1932;B Mining and quarrying;2000 1st quarter;1;0;1
1933;B Mining and quarrying;2000 April;0;0;0
1934;B Mining and quarrying;2000 May;1;1;0
1935;B Mining and quarrying;2000 June;0;0;0
1936;B Mining and quarrying;2000 2nd quarter;1;1;0
1937;B Mining and quarrying;2000 July;1;0;1
1938;B Mining and quarrying;2000 August;0;0;0
1939;B Mining and quarrying;2000 September;1;0;1
1940;B Mining and quarrying;2000 3rd quarter;2;0;2
1941;B Mining and quarrying;2000 October;0;0;0
1942;B Mining and quarrying;2000 November;0;0;0
1943;B Mining and quarrying;2000 December;0;0;0
1944;B Mining and quarrying;2000 4th quarter;0;0;0
1945;B Mining and quarrying;2000;4;1;3
1946;B Mining and quarrying;2001 January;2;0;2
1947;B Mining and quarrying;2001 February;0;0;0
1948;B Mining and quarrying;2001 March;2;0;2
1949;B Mining and quarrying;2001 1st quarter;4;0;4
1950;B Mining and quarrying;2001 April;0;0;0
1951;B Mining and quarrying;2001 May;0;0;0
1952;B Mining and quarrying;2001 June;0;0;0
1953;B Mining and quarrying;2001 2nd quarter;0;0;0
1954;B Mining and quarrying;2001 July;0;0;0
1955;B Mining and quarrying;2001 August;0;0;0
1956;B Mining and quarrying;2001 September;0;0;0
1957;B Mining and quarrying;2001 3rd quarter;0;0;0
1958;B Mining and quarrying;2001 October;0;0;0
1959;B Mining and quarrying;2001 November;0;0;0
1960;B Mining and quarrying;2001 December;0;0;0
1961;B Mining and quarrying;2001 4th quarter;0;0;0
1962;B Mining and quarrying;2001;4;0;4
1963;B Mining and quarrying;2002 January;0;0;0
1964;B Mining and quarrying;2002 February;0;0;0
1965;B Mining and quarrying;2002 March;0;0;0
1966;B Mining and quarrying;2002 1st quarter;0;0;0
1967;B Mining and quarrying;2002 April;1;0;1
1968;B Mining and quarrying;2002 May;0;0;0
1969;B Mining and quarrying;2002 June;0;0;0
1970;B Mining and quarrying;2002 2nd quarter;1;0;1
1971;B Mining and quarrying;2002 July;0;0;0
1972;B Mining and quarrying;2002 August;0;0;0
1973;B Mining and quarrying;2002 September;0;0;0
1974;B Mining and quarrying;2002 3rd quarter;0;0;0
1975;B Mining and quarrying;2002 October;0;0;0
1976;B Mining and quarrying;2002 November;0;0;0
1977;B Mining and quarrying;2002 December;0;0;0
1978;B Mining and quarrying;2002 4th quarter;0;0;0
1979;B Mining and quarrying;2002;1;0;1
1980;B Mining and quarrying;2003 January;0;0;0
1981;B Mining and quarrying;2003 February;0;0;0
1982;B Mining and quarrying;2003 March;0;0;0
1983;B Mining and quarrying;2003 1st quarter;0;0;0
1984;B Mining and quarrying;2003 April;0;0;0
1985;B Mining and quarrying;2003 May;0;0;0
1986;B Mining and quarrying;2003 June;0;0;0
1987;B Mining and quarrying;2003 2nd quarter;0;0;0
1988;B Mining and quarrying;2003 July;0;0;0
1989;B Mining and quarrying;2003 August;0;0;0
1990;B Mining and quarrying;2003 September;2;0;2
1991;B Mining and quarrying;2003 3rd quarter;2;0;2
1992;B Mining and quarrying;2003 October;0;0;0
1993;B Mining and quarrying;2003 November;0;0;0
1994;B Mining and quarrying;2003 December;1;0;1
1995;B Mining and quarrying;2003 4th quarter;1;0;1
1996;B Mining and quarrying;2003;3;0;3
1997;B Mining and quarrying;2004 January;0;0;0
1998;B Mining and quarrying;2004 February;0;0;0
1999;B Mining and quarrying;2004 March;0;0;0
2000;B Mining and quarrying;2004 1st quarter;0;0;0
2001;B Mining and quarrying;2004 April;0;0;0
2002;B Mining and quarrying;2004 May;0;0;0
2003;B Mining and quarrying;2004 June;0;0;0
2004;B Mining and quarrying;2004 2nd quarter;0;0;0
2005;B Mining and quarrying;2004 July;0;0;0
2006;B Mining and quarrying;2004 August;0;0;0
2007;B Mining and quarrying;2004 September;0;0;0
2008;B Mining and quarrying;2004 3rd quarter;0;0;0
2009;B Mining and quarrying;2004 October;0;0;0
2010;B Mining and quarrying;2004 November;0;0;0
2011;B Mining and quarrying;2004 December;0;0;0
2012;B Mining and quarrying;2004 4th quarter;0;0;0
2013;B Mining and quarrying;2004;0;0;0
2014;B Mining and quarrying;2005 January;0;0;0
2015;B Mining and quarrying;2005 February;0;0;0
2016;B Mining and quarrying;2005 March;0;0;0
2017;B Mining and quarrying;2005 1st quarter;0;0;0
2018;B Mining and quarrying;2005 April;0;0;0
2019;B Mining and quarrying;2005 May;0;0;0
2020;B Mining and quarrying;2005 June;0;0;0
2021;B Mining and quarrying;2005 2nd quarter;0;0;0
2022;B Mining and quarrying;2005 July;0;0;0
2023;B Mining and quarrying;2005 August;0;0;0
2024;B Mining and quarrying;2005 September;0;0;0
2025;B Mining and quarrying;2005 3rd quarter;0;0;0
2026;B Mining and quarrying;2005 October;0;0;0
2027;B Mining and quarrying;2005 November;0;0;0
2028;B Mining and quarrying;2005 December;0;0;0
2029;B Mining and quarrying;2005 4th quarter;0;0;0
2030;B Mining and quarrying;2005;0;0;0
2031;B Mining and quarrying;2006 January;0;0;0
2032;B Mining and quarrying;2006 February;0;0;0
2033;B Mining and quarrying;2006 March;0;0;0
2034;B Mining and quarrying;2006 1st quarter;0;0;0
2035;B Mining and quarrying;2006 April;0;0;0
2036;B Mining and quarrying;2006 May;0;0;0
2037;B Mining and quarrying;2006 June;0;0;0
2038;B Mining and quarrying;2006 2nd quarter;0;0;0
2039;B Mining and quarrying;2006 July;0;0;0
2040;B Mining and quarrying;2006 August;0;0;0
2041;B Mining and quarrying;2006 September;1;0;1
2042;B Mining and quarrying;2006 3rd quarter;1;0;1
2043;B Mining and quarrying;2006 October;0;0;0
2044;B Mining and quarrying;2006 November;0;0;0
2045;B Mining and quarrying;2006 December;0;0;0
2046;B Mining and quarrying;2006 4th quarter;0;0;0
2047;B Mining and quarrying;2006;1;0;1
2048;B Mining and quarrying;2007 January;0;0;0
2049;B Mining and quarrying;2007 February;0;0;0
2050;B Mining and quarrying;2007 March;0;0;0
2051;B Mining and quarrying;2007 1st quarter;0;0;0
2052;B Mining and quarrying;2007 April;0;0;0
2053;B Mining and quarrying;2007 May;0;0;0
2054;B Mining and quarrying;2007 June;0;0;0
2055;B Mining and quarrying;2007 2nd quarter;0;0;0
2056;B Mining and quarrying;2007 July;0;0;0
2057;B Mining and quarrying;2007 August;0;0;0
2058;B Mining and quarrying;2007 September;0;0;0
2059;B Mining and quarrying;2007 3rd quarter;0;0;0
2060;B Mining and quarrying;2007 October;0;0;0
2061;B Mining and quarrying;2007 November;0;0;0
2062;B Mining and quarrying;2007 December;0;0;0
2063;B Mining and quarrying;2007 4th quarter;0;0;0
2064;B Mining and quarrying;2007;0;0;0
2065;B Mining and quarrying;2008 January;0;0;0
2066;B Mining and quarrying;2008 February;0;0;0
2067;B Mining and quarrying;2008 March;0;0;0
2068;B Mining and quarrying;2008 1st quarter;0;0;0
2069;B Mining and quarrying;2008 April;0;0;0
2070;B Mining and quarrying;2008 May;0;0;0
2071;B Mining and quarrying;2008 June;0;0;0
2072;B Mining and quarrying;2008 2nd quarter;0;0;0
2073;B Mining and quarrying;2008 July;0;0;0
2074;B Mining and quarrying;2008 August;0;0;0
2075;B Mining and quarrying;2008 September;0;0;0
2076;B Mining and quarrying;2008 3rd quarter;0;0;0
2077;B Mining and quarrying;2008 October;0;0;0
2078;B Mining and quarrying;2008 November;0;0;0
2079;B Mining and quarrying;2008 December;0;0;0
2080;B Mining and quarrying;2008 4th quarter;0;0;0
2081;B Mining and quarrying;2008;0;0;0
2082;B Mining and quarrying;2009 January;0;0;0
2083;B Mining and quarrying;2009 February;0;0;0
2084;B Mining and quarrying;2009 March;0;0;0
2085;B Mining and quarrying;2009 1st quarter;0;0;0
2086;B Mining and quarrying;2009 April;0;0;0
2087;B Mining and quarrying;2009 May;0;0;0
2088;B Mining and quarrying;2009 June;0;0;0
2089;B Mining and quarrying;2009 2nd quarter;0;0;0
2090;B Mining and quarrying;2009 July;0;0;0
2091;B Mining and quarrying;2009 August;0;0;0
2092;B Mining and quarrying;2009 September;0;0;0
2093;B Mining and quarrying;2009 3rd quarter;0;0;0
2094;B Mining and quarrying;2009 October;0;0;0
2095;B Mining and quarrying;2009 November;0;0;0
2096;B Mining and quarrying;2009 December;0;0;0
2097;B Mining and quarrying;2009 4th quarter;0;0;0
2098;B Mining and quarrying;2009;0;0;0
2099;B Mining and quarrying;2010 January;0;0;0
2100;B Mining and quarrying;2010 February;0;0;0
2101;B Mining and quarrying;2010 March;0;0;0
2102;B Mining and quarrying;2010 1st quarter;0;0;0
2103;B Mining and quarrying;2010 April;0;0;0
2104;B Mining and quarrying;2010 May;0;0;0
2105;B Mining and quarrying;2010 June;0;0;0
2106;B Mining and quarrying;2010 2nd quarter;0;0;0
2107;B Mining and quarrying;2010 July;0;0;0
2108;B Mining and quarrying;2010 August;0;0;0
2109;B Mining and quarrying;2010 September;0;0;0
2110;B Mining and quarrying;2010 3rd quarter;0;0;0
2111;B Mining and quarrying;2010 October;0;0;0
2112;B Mining and quarrying;2010 November;0;0;0
2113;B Mining and quarrying;2010 December;0;0;0
2114;B Mining and quarrying;2010 4th quarter;0;0;0
2115;B Mining and quarrying;2010;0;0;0
2116;B Mining and quarrying;2011 January;1;0;1
2117;B Mining and quarrying;2011 February;0;0;0
2118;B Mining and quarrying;2011 March;0;0;0
2119;B Mining and quarrying;2011 1st quarter;1;0;1
2120;B Mining and quarrying;2011 April;0;0;0
2121;B Mining and quarrying;2011 May;0;0;0
2122;B Mining and quarrying;2011 June;0;0;0
2123;B Mining and quarrying;2011 2nd quarter;0;0;0
2124;B Mining and quarrying;2011 July;0;0;0
2125;B Mining and quarrying;2011 August;0;0;0
2126;B Mining and quarrying;2011 September;0;0;0
2127;B Mining and quarrying;2011 3rd quarter;0;0;0
2128;B Mining and quarrying;2011 October;0;0;0
2129;B Mining and quarrying;2011 November;0;0;0
2130;B Mining and quarrying;2011 December;0;0;0
2131;B Mining and quarrying;2011 4th quarter;0;0;0
2132;B Mining and quarrying;2011;1;0;1
2133;B Mining and quarrying;2012 January;0;0;0
2134;B Mining and quarrying;2012 February;0;0;0
2135;B Mining and quarrying;2012 March;0;0;0
2136;B Mining and quarrying;2012 1st quarter;0;0;0
2137;B Mining and quarrying;2012 April;0;0;0
2138;B Mining and quarrying;2012 May;0;0;0
2139;B Mining and quarrying;2012 June;0;0;0
2140;B Mining and quarrying;2012 2nd quarter;0;0;0
2141;B Mining and quarrying;2012 July ;6;2;4
2142;B Mining and quarrying;2012 August;0;0;0
2143;B Mining and quarrying;2012 September;1;0;1
2144;B Mining and quarrying;2012 3rd quarter;7;2;5
2145;B Mining and quarrying;2012 October;0;0;0
2146;B Mining and quarrying;2012 November;0;0;0
2147;B Mining and quarrying;2012 December;0;0;0
2148;B Mining and quarrying;2012 4th quarter;0;0;0
2149;B Mining and quarrying;2012;7;2;5
2150;B Mining and quarrying;2013 January;0;0;0
2151;B Mining and quarrying;2013 February;1;0;1
2152;B Mining and quarrying;2013 March;0;0;0
2153;B Mining and quarrying;2013 1st quarter;1;0;1
2154;B Mining and quarrying;2013 April;0;0;0
2155;B Mining and quarrying;2013 May;0;0;0
2156;B Mining and quarrying;2013 June;0;0;0
2157;B Mining and quarrying;2013 2nd quarter;0;0;0
2158;B Mining and quarrying;2013 July;0;0;0
2159;B Mining and quarrying;2013 August;0;0;0
2160;B Mining and quarrying;2013 September;0;0;0
2161;B Mining and quarrying;2013 3rd quarter;0;0;0
2162;B Mining and quarrying;2013 October;0;0;0
2163;B Mining and quarrying;2013 November;0;0;0
2164;B Mining and quarrying;2013 December;0;0;0
2165;B Mining and quarrying;2013 4th quarter;0;0;0
2166;B Mining and quarrying;2013;1;0;1
2167;B Mining and quarrying;2014 January;0;0;0
2168;B Mining and quarrying;2014 February;0;0;0
2169;B Mining and quarrying;2014 March;0;0;0
2170;B Mining and quarrying;2014 1st quarter;0;0;0
2171;B Mining and quarrying;2014 April;0;0;0
2172;C Manufacturing;1993 January;43;13;30
2173;C Manufacturing;1993 February;50;18;32
2174;C Manufacturing;1993 March;88;23;65
2175;C Manufacturing;1993 1st quarter;181;54;127
2176;C Manufacturing;1993 April;58;21;37
2177;C Manufacturing;1993 May;59;13;46
2178;C Manufacturing;1993 June;70;16;54
2179;C Manufacturing;1993 2nd quarter;187;50;137
2180;C Manufacturing;1993 July;75;25;50
2181;C Manufacturing;1993 August;51;9;42
2182;C Manufacturing;1993 September;65;10;55
2183;C Manufacturing;1993 3rd quarter;191;44;147
2184;C Manufacturing;1993 October;49;15;34
2185;C Manufacturing;1993 November;62;19;43
2186;C Manufacturing;1993 December;74;20;54
2187;C Manufacturing;1993 4th quarter;185;54;131
2188;C Manufacturing;1993;744;202;542
2189;C Manufacturing;1994 January;46;12;34
2190;C Manufacturing;1994 February;52;19;33
2191;C Manufacturing;1994 March;71;23;48
2192;C Manufacturing;1994 1st quarter;169;54;115
2193;C Manufacturing;1994 April;61;14;47
2194;C Manufacturing;1994 May;56;15;41
2195;C Manufacturing;1994 June;91;21;70
2196;C Manufacturing;1994 2nd quarter;208;50;158
2197;C Manufacturing;1994 July;50;13;37
2198;C Manufacturing;1994 August;58;28;30
2199;C Manufacturing;1994 September;50;16;34
2200;C Manufacturing;1994 3rd quarter;158;57;101
2201;C Manufacturing;1994 October;49;17;32
2202;C Manufacturing;1994 November;56;18;38
2203;C Manufacturing;1994 December;39;15;24
2204;C Manufacturing;1994 4th quarter;144;50;94
2205;C Manufacturing;1994;679;211;468
2206;C Manufacturing;1995 January;45;22;23
2207;C Manufacturing;1995 February;26;12;14
2208;C Manufacturing;1995 March;51;16;35
2209;C Manufacturing;1995 1st quarter;122;50;72
2210;C Manufacturing;1995 April;50;15;35
2211;C Manufacturing;1995 May;43;13;30
2212;C Manufacturing;1995 June;47;12;35
2213;C Manufacturing;1995 2nd quarter;140;40;100
2214;C Manufacturing;1995 July;36;7;29
2215;C Manufacturing;1995 August;46;17;29
2216;C Manufacturing;1995 September;43;12;31
2217;C Manufacturing;1995 3rd quarter;125;36;89
2218;C Manufacturing;1995 October;41;11;30
2219;C Manufacturing;1995 November;38;12;26
2220;C Manufacturing;1995 December;26;8;18
2221;C Manufacturing;1995 4th quarter;105;31;74
2222;C Manufacturing;1995;492;157;335
2223;C Manufacturing;1996 January;49;17;32
2224;C Manufacturing;1996 February;37;11;26
2225;C Manufacturing;1996 March;56;12;44
2226;C Manufacturing;1996 1st quarter;142;40;102
2227;C Manufacturing;1996 April;36;13;23
2228;C Manufacturing;1996 May;42;12;30
2229;C Manufacturing;1996 June;35;9;26
2230;C Manufacturing;1996 2nd quarter;113;34;79
2231;C Manufacturing;1996 July;36;15;21
2232;C Manufacturing;1996 August;36;9;27
2233;C Manufacturing;1996 September;37;8;29
2234;C Manufacturing;1996 3rd quarter;109;32;77
2235;C Manufacturing;1996 October;50;19;31
2236;C Manufacturing;1996 November;38;10;28
2237;C Manufacturing;1996 December;40;10;30
2238;C Manufacturing;1996 4th quarter;128;39;89
2239;C Manufacturing;1996;492;145;347
2240;C Manufacturing;1997 January;54;22;32
2241;C Manufacturing;1997 February;35;13;22
2242;C Manufacturing;1997 March;47;11;36
2243;C Manufacturing;1997 1st quarter;136;46;90
2244;C Manufacturing;1997 April;46;7;39
2245;C Manufacturing;1997 May;37;10;27
2246;C Manufacturing;1997 June;45;15;30
2247;C Manufacturing;1997 2nd quarter;128;32;96
2248;C Manufacturing;1997 July;37;12;25
2249;C Manufacturing;1997 August;38;10;28
2250;C Manufacturing;1997 September;43;16;27
2251;C Manufacturing;1997 3rd quarter;118;38;80
2252;C Manufacturing;1997 October;46;16;30
2253;C Manufacturing;1997 November;34;14;20
2254;C Manufacturing;1997 December;34;8;26
2255;C Manufacturing;1997 4th quarter;114;38;76
2256;C Manufacturing;1997;496;154;342
2257;C Manufacturing;1998 January;32;11;21
2258;C Manufacturing;1998 February;31;11;20
2259;C Manufacturing;1998 March;50;11;39
2260;C Manufacturing;1998 1st quarter;113;33;80
2261;C Manufacturing;1998 April;34;8;26
2262;C Manufacturing;1998 May;26;9;17
2263;C Manufacturing;1998 June;42;9;33
2264;C Manufacturing;1998 2nd quarter;102;26;76
2265;C Manufacturing;1998 July;40;13;27
2266;C Manufacturing;1998 August;36;15;21
2267;C Manufacturing;1998 September;48;21;27
2268;C Manufacturing;1998 3rd quarter;124;49;75
2269;C Manufacturing;1998 October;33;15;18
2270;C Manufacturing;1998 November;37;9;28
2271;C Manufacturing;1998 December;37;2;35
2272;C Manufacturing;1998 4th quarter;107;26;81
2273;C Manufacturing;1998;446;134;312
2274;C Manufacturing;1999 January;24;1;23
2275;C Manufacturing;1999 February;37;7;30
2276;C Manufacturing;1999 March;34;9;25
2277;C Manufacturing;1999 1st quarter;95;17;78
2278;C Manufacturing;1999 April;22;4;18
2279;C Manufacturing;1999 May;33;3;30
2280;C Manufacturing;1999 June;40;9;31
2281;C Manufacturing;1999 2nd quarter;95;16;79
2282;C Manufacturing;1999 July;32;2;30
2283;C Manufacturing;1999 August;32;9;23
2284;C Manufacturing;1999 September;30;8;22
2285;C Manufacturing;1999 3rd quarter;94;19;75
2286;C Manufacturing;1999 October;20;5;15
2287;C Manufacturing;1999 November;26;4;22
2288;C Manufacturing;1999 December;35;6;29
2289;C Manufacturing;1999 4th quarter;81;15;66
2290;C Manufacturing;1999;365;67;298
2291;C Manufacturing;2000 January;32;8;24
2292;C Manufacturing;2000 February;36;7;29
2293;C Manufacturing;2000 March;35;5;30
2294;C Manufacturing;2000 1st quarter;103;20;83
2295;C Manufacturing;2000 April;22;4;18
2296;C Manufacturing;2000 May;40;2;38
2297;C Manufacturing;2000 June;30;4;26
2298;C Manufacturing;2000 2nd quarter;92;10;82
2299;C Manufacturing;2000 July;34;3;31
2300;C Manufacturing;2000 August;37;11;26
2301;C Manufacturing;2000 September;25;2;23
2302;C Manufacturing;2000 3rd quarter;96;16;80
2303;C Manufacturing;2000 October;41;8;33
2304;C Manufacturing;2000 November;40;4;36
2305;C Manufacturing;2000 December;25;4;21
2306;C Manufacturing;2000 4th quarter;106;16;90
2307;C Manufacturing;2000;397;62;335
2308;C Manufacturing;2001 January;34;5;29
2309;C Manufacturing;2001 February;25;3;22
2310;C Manufacturing;2001 March;32;8;24
2311;C Manufacturing;2001 1st quarter;91;16;75
2312;C Manufacturing;2001 April;19;3;16
2313;C Manufacturing;2001 May;46;4;42
2314;C Manufacturing;2001 June;27;5;22
2315;C Manufacturing;2001 2nd quarter;92;12;80
2316;C Manufacturing;2001 July;48;6;42
2317;C Manufacturing;2001 August;49;5;44
2318;C Manufacturing;2001 September;43;3;40
2319;C Manufacturing;2001 3rd quarter;140;14;126
2320;C Manufacturing;2001 October;55;7;48
2321;C Manufacturing;2001 November;52;7;45
2322;C Manufacturing;2001 December;40;5;35
2323;C Manufacturing;2001 4th quarter;147;19;128
2324;C Manufacturing;2001;470;61;409
2325;C Manufacturing;2002 January;54;6;48
2326;C Manufacturing;2002 February;47;2;45
2327;C Manufacturing;2002 March;52;5;47
2328;C Manufacturing;2002 1st quarter;153;13;140
2329;C Manufacturing;2002 April;38;6;32
2330;C Manufacturing;2002 May;53;6;47
2331;C Manufacturing;2002 June;43;6;37
2332;C Manufacturing;2002 2nd quarter;134;18;116
2333;C Manufacturing;2002 July;56;4;52
2334;C Manufacturing;2002 August;42;7;35
2335;C Manufacturing;2002 September;50;6;44
2336;C Manufacturing;2002 3rd quarter;148;17;131
2337;C Manufacturing;2002 October;52;5;47
2338;C Manufacturing;2002 November;38;3;35
2339;C Manufacturing;2002 December;48;4;44
2340;C Manufacturing;2002 4th quarter;138;12;126
2341;C Manufacturing;2002;573;60;513
2342;C Manufacturing;2003 January;57;9;48
2343;C Manufacturing;2003 February;50;1;49
2344;C Manufacturing;2003 March;47;9;38
2345;C Manufacturing;2003 1st quarter;154;19;135
2346;C Manufacturing;2003 April;59;8;51
2347;C Manufacturing;2003 May;72;4;68
2348;C Manufacturing;2003 June;79;6;73
2349;C Manufacturing;2003 2nd quarter;210;18;192
2350;C Manufacturing;2003 July;74;1;73
2351;C Manufacturing;2003 August;64;9;55
2352;C Manufacturing;2003 September;77;11;66
2353;C Manufacturing;2003 3rd quarter;215;21;194
2354;C Manufacturing;2003 October;67;3;64
2355;C Manufacturing;2003 November;61;14;47
2356;C Manufacturing;2003 December;49;7;42
2357;C Manufacturing;2003 4th quarter;177;24;153
2358;C Manufacturing;2003;756;82;674
2359;C Manufacturing;2004 January;57;8;49
2360;C Manufacturing;2004 February;43;4;39
2361;C Manufacturing;2004 March;96;4;92
2362;C Manufacturing;2004 1st quarter;196;16;180
2363;C Manufacturing;2004 April;60;6;54
2364;C Manufacturing;2004 May;65;8;57
2365;C Manufacturing;2004 June;67;4;63
2366;C Manufacturing;2004 2nd quarter;192;18;174
2367;C Manufacturing;2004 July;44;7;37
2368;C Manufacturing;2004 August;71;15;56
2369;C Manufacturing;2004 September;43;4;39
2370;C Manufacturing;2004 3rd quarter;158;26;132
2371;C Manufacturing;2004 October;57;4;53
2372;C Manufacturing;2004 November;59;9;50
2373;C Manufacturing;2004 December;45;3;42
2374;C Manufacturing;2004 4th quarter;161;16;145
2375;C Manufacturing;2004;707;76;631
2376;C Manufacturing;2005 January;47;6;41
2377;C Manufacturing;2005 February;46;6;40
2378;C Manufacturing;2005 March;58;13;45
2379;C Manufacturing;2005 1st quarter;151;25;126
2380;C Manufacturing;2005 April;52;9;43
2381;C Manufacturing;2005 May;46;7;39
2382;C Manufacturing;2005 June;51;11;40
2383;C Manufacturing;2005 2nd quarter;149;27;122
2384;C Manufacturing;2005 July;50;9;41
2385;C Manufacturing;2005 August;51;11;40
2386;C Manufacturing;2005 September;76;3;73
2387;C Manufacturing;2005 3rd quarter;177;23;154
2388;C Manufacturing;2005 October;47;7;40
2389;C Manufacturing;2005 November;47;9;38
2390;C Manufacturing;2005 December;53;5;48
2391;C Manufacturing;2005 4th quarter;147;21;126
2392;C Manufacturing;2005;624;96;528
2393;C Manufacturing;2006 January;45;4;41
2394;C Manufacturing;2006 February;39;10;29
2395;C Manufacturing;2006 March;44;6;38
2396;C Manufacturing;2006 1st quarter;128;20;108
2397;C Manufacturing;2006 April;39;4;35
2398;C Manufacturing;2006 May;48;9;39
2399;C Manufacturing;2006 June;42;4;38
2400;C Manufacturing;2006 2nd quarter;129;17;112
2401;C Manufacturing;2006 July;30;4;26
2402;C Manufacturing;2006 August;37;3;34
2403;C Manufacturing;2006 September;30;4;26
2404;C Manufacturing;2006 3rd quarter;97;11;86
2405;C Manufacturing;2006 October;36;9;27
2406;C Manufacturing;2006 November;37;7;30
2407;C Manufacturing;2006 December;30;8;22
2408;C Manufacturing;2006 4th quarter;103;24;79
2409;C Manufacturing;2006;457;72;385
2410;C Manufacturing;2007 January;50;2;48
2411;C Manufacturing;2007 February;29;6;23
2412;C Manufacturing;2007 March;25;6;19
2413;C Manufacturing;2007 1st quarter;104;14;90
2414;C Manufacturing;2007 April;34;2;32
2415;C Manufacturing;2007 May;42;9;33
2416;C Manufacturing;2007 June;26;6;20
2417;C Manufacturing;2007 2nd quarter;102;17;85
2418;C Manufacturing;2007 July;28;4;24
2419;C Manufacturing;2007 August;25;2;23
2420;C Manufacturing;2007 September;39;2;37
2421;C Manufacturing;2007 3rd quarter;92;8;84
2422;C Manufacturing;2007 October;51;6;45
2423;C Manufacturing;2007 November;43;5;38
2424;C Manufacturing;2007 December;27;4;23
2425;C Manufacturing;2007 4th quarter;121;15;106
2426;C Manufacturing;2007;419;54;365
2427;C Manufacturing;2008 January;31;7;24
2428;C Manufacturing;2008 February;22;0;22
2429;C Manufacturing;2008 March;19;3;16
2430;C Manufacturing;2008 1st quarter;72;10;62
2431;C Manufacturing;2008 April;38;2;36
2432;C Manufacturing;2008 May;24;5;19
2433;C Manufacturing;2008 June;35;5;30
2434;C Manufacturing;2008 2nd quarter;97;12;85
2435;C Manufacturing;2008 July;29;3;26
2436;C Manufacturing;2008 August;30;3;27
2437;C Manufacturing;2008 September;34;3;31
2438;C Manufacturing;2008 3rd quarter;93;9;84
2439;C Manufacturing;2008 October;28;3;25
2440;C Manufacturing;2008 November;55;6;49
2441;C Manufacturing;2008 December;46;5;41
2442;C Manufacturing;2008 4th quarter;129;14;115
2443;C Manufacturing;2008;391;45;346
2444;C Manufacturing;2009 January;67;8;59
2445;C Manufacturing;2009 February;71;6;65
2446;C Manufacturing;2009 March;113;10;103
2447;C Manufacturing;2009 1st quarter;251;24;227
2448;C Manufacturing;2009 April;62;4;58
2449;C Manufacturing;2009 May;43;3;40
2450;C Manufacturing;2009 June;105;10;95
2451;C Manufacturing;2009 2nd quarter;210;17;193
2452;C Manufacturing;2009 July;63;4;59
2453;C Manufacturing;2009 August;67;10;57
2454;C Manufacturing;2009 September;73;8;65
2455;C Manufacturing;2009 3rd quarter;203;22;181
2456;C Manufacturing;2009 October;60;4;56
2457;C Manufacturing;2009 November;58;4;54
2458;C Manufacturing;2009 December;71;6;65
2459;C Manufacturing;2009 4th quarter;189;14;175
2460;C Manufacturing;2009;853;77;776
2461;C Manufacturing;2010 January;65;11;54
2462;C Manufacturing;2010 February;65;3;62
2463;C Manufacturing;2010 March;77;9;68
2464;C Manufacturing;2010 1st quarter;207;23;184
2465;C Manufacturing;2010 April;65;2;63
2466;C Manufacturing;2010 May;41;3;38
2467;C Manufacturing;2010 June;105;3;102
2468;C Manufacturing;2010 2nd quarter;211;8;203
2469;C Manufacturing;2010 July;54;5;49
2470;C Manufacturing;2010 August;63;7;56
2471;C Manufacturing;2010 September;52;4;48
2472;C Manufacturing;2010 3rd quarter;169;16;153
2473;C Manufacturing;2010 October;106;7;99
2474;C Manufacturing;2010 November;76;8;68
2475;C Manufacturing;2010 December;54;5;49
2476;C Manufacturing;2010 4th quarter;236;20;216
2477;C Manufacturing;2010;823;67;756
2478;C Manufacturing;2011 January;61;5;56
2479;C Manufacturing;2011 February;51;4;47
2480;C Manufacturing;2011 March;65;5;60
2481;C Manufacturing;2011 1st quarter;177;14;163
2482;C Manufacturing;2011 April;65;1;64
2483;C Manufacturing;2011 May;71;5;66
2484;C Manufacturing;2011 June;31;0;31
2485;C Manufacturing;2011 2nd quarter;167;6;161
2486;C Manufacturing;2011 July;52;4;48
2487;C Manufacturing;2011 August;53;2;51
2488;C Manufacturing;2011 September;80;6;74
2489;C Manufacturing;2011 3rd quarter;185;12;173
2490;C Manufacturing;2011 October;71;1;70
2491;C Manufacturing;2011 November;82;3;79
2492;C Manufacturing;2011 December;53;1;52
2493;C Manufacturing;2011 4th quarter;206;5;201
2494;C Manufacturing;2011;735;37;698
2495;C Manufacturing;2012 January;73;8;65
2496;C Manufacturing;2012 February;66;1;65
2497;C Manufacturing;2012 March;53;3;50
2498;C Manufacturing;2012 1st quarter;192;12;180
2499;C Manufacturing;2012 April;82;2;80
2500;C Manufacturing;2012 May;100;7;93
2501;C Manufacturing;2012 June;74;7;67
2502;C Manufacturing;2012 2nd quarter;256;16;240
2503;C Manufacturing;2012 July ;73;12;61
2504;C Manufacturing;2012 August;64;3;61
2505;C Manufacturing;2012 September;82;9;73
2506;C Manufacturing;2012 3rd quarter;219;24;195
2507;C Manufacturing;2012 October;86;6;80
2508;C Manufacturing;2012 November;66;8;58
2509;C Manufacturing;2012 December;59;5;54
2510;C Manufacturing;2012 4th quarter;211;19;192
2511;C Manufacturing;2012;878;71;807
2512;C Manufacturing;2013 January;79;9;70
2513;C Manufacturing;2013 February;94;4;90
2514;C Manufacturing;2013 March;90;7;83
2515;C Manufacturing;2013 1st quarter;263;20;243
2516;C Manufacturing;2013 April;84;4;80
2517;C Manufacturing;2013 May;84;3;81
2518;C Manufacturing;2013 June;78;4;74
2519;C Manufacturing;2013 2nd quarter;246;11;235
2520;C Manufacturing;2013 July;80;5;75
2521;C Manufacturing;2013 August;50;3;47
2522;C Manufacturing;2013 September;42;4;38
2523;C Manufacturing;2013 3rd quarter;172;12;160
2524;C Manufacturing;2013 October;59;4;55
2525;C Manufacturing;2013 November;56;4;52
2526;C Manufacturing;2013 December;59;7;52
2527;C Manufacturing;2013 4th quarter;174;15;159
2528;C Manufacturing;2013;855;58;797
2529;C Manufacturing;2014 January;61;4;57
2530;C Manufacturing;2014 February;80;2;78
2531;C Manufacturing;2014 March;55;4;51
2532;C Manufacturing;2014 1st quarter;196;10;186
2533;C Manufacturing;2014 April;81;8;73
2534;10-12 Manufacture of food and beverages;1993 January;4;2;2
2535;10-12 Manufacture of food and beverages;1993 February;3;2;1
2536;10-12 Manufacture of food and beverages;1993 March;9;5;4
2537;10-12 Manufacture of food and beverages;1993 1st quarter;16;9;7
2538;10-12 Manufacture of food and beverages;1993 April;2;1;1
2539;10-12 Manufacture of food and beverages;1993 May;2;1;1
2540;10-12 Manufacture of food and beverages;1993 June;5;1;4
2541;10-12 Manufacture of food and beverages;1993 2nd quarter;9;3;6
2542;10-12 Manufacture of food and beverages;1993 July;6;2;4
2543;10-12 Manufacture of food and beverages;1993 August;3;1;2
2544;10-12 Manufacture of food and beverages;1993 September;1;0;1
2545;10-12 Manufacture of food and beverages;1993 3rd quarter;10;3;7
2546;10-12 Manufacture of food and beverages;1993 October;4;2;2
2547;10-12 Manufacture of food and beverages;1993 November;5;4;1
2548;10-12 Manufacture of food and beverages;1993 December;12;6;6
2549;10-12 Manufacture of food and beverages;1993 4th quarter;21;12;9
2550;10-12 Manufacture of food and beverages;1993;56;27;29
2551;10-12 Manufacture of food and beverages;1994 January;4;1;3
2552;10-12 Manufacture of food and beverages;1994 February;2;1;1
2553;10-12 Manufacture of food and beverages;1994 March;10;6;4
2554;10-12 Manufacture of food and beverages;1994 1st quarter;16;8;8
2555;10-12 Manufacture of food and beverages;1994 April;10;3;7
2556;10-12 Manufacture of food and beverages;1994 May;2;1;1
2557;10-12 Manufacture of food and beverages;1994 June;12;3;9
2558;10-12 Manufacture of food and beverages;1994 2nd quarter;24;7;17
2559;10-12 Manufacture of food and beverages;1994 July;3;1;2
2560;10-12 Manufacture of food and beverages;1994 August;13;11;2
2561;10-12 Manufacture of food and beverages;1994 September;10;5;5
2562;10-12 Manufacture of food and beverages;1994 3rd quarter;26;17;9
2563;10-12 Manufacture of food and beverages;1994 October;9;2;7
2564;10-12 Manufacture of food and beverages;1994 November;4;1;3
2565;10-12 Manufacture of food and beverages;1994 December;2;1;1
2566;10-12 Manufacture of food and beverages;1994 4th quarter;15;4;11
2567;10-12 Manufacture of food and beverages;1994;81;36;45
2568;10-12 Manufacture of food and beverages;1995 January;3;1;2
2569;10-12 Manufacture of food and beverages;1995 February;2;1;1
2570;10-12 Manufacture of food and beverages;1995 March;5;2;3
2571;10-12 Manufacture of food and beverages;1995 1st quarter;10;4;6
2572;10-12 Manufacture of food and beverages;1995 April;2;2;0
2573;10-12 Manufacture of food and beverages;1995 May;1;0;1
2574;10-12 Manufacture of food and beverages;1995 June;5;2;3
2575;10-12 Manufacture of food and beverages;1995 2nd quarter;8;4;4
2576;10-12 Manufacture of food and beverages;1995 July;4;1;3
2577;10-12 Manufacture of food and beverages;1995 August;8;2;6
2578;10-12 Manufacture of food and beverages;1995 September;3;0;3
2579;10-12 Manufacture of food and beverages;1995 3rd quarter;15;3;12
2580;10-12 Manufacture of food and beverages;1995 October;3;1;2
2581;10-12 Manufacture of food and beverages;1995 November;6;2;4
2582;10-12 Manufacture of food and beverages;1995 December;3;0;3
2583;10-12 Manufacture of food and beverages;1995 4th quarter;12;3;9
2584;10-12 Manufacture of food and beverages;1995;45;14;31
2585;10-12 Manufacture of food and beverages;1996 January;7;4;3
2586;10-12 Manufacture of food and beverages;1996 February;3;1;2
2587;10-12 Manufacture of food and beverages;1996 March;7;1;6
2588;10-12 Manufacture of food and beverages;1996 1st quarter;17;6;11
2589;10-12 Manufacture of food and beverages;1996 April;4;2;2
2590;10-12 Manufacture of food and beverages;1996 May;8;3;5
2591;10-12 Manufacture of food and beverages;1996 June;2;1;1
2592;10-12 Manufacture of food and beverages;1996 2nd quarter;14;6;8
2593;10-12 Manufacture of food and beverages;1996 July;6;1;5
2594;10-12 Manufacture of food and beverages;1996 August;1;0;1
2595;10-12 Manufacture of food and beverages;1996 September;2;0;2
2596;10-12 Manufacture of food and beverages;1996 3rd quarter;9;1;8
2597;10-12 Manufacture of food and beverages;1996 October;9;4;5
2598;10-12 Manufacture of food and beverages;1996 November;9;3;6
2599;10-12 Manufacture of food and beverages;1996 December;3;2;1
2600;10-12 Manufacture of food and beverages;1996 4th quarter;21;9;12
2601;10-12 Manufacture of food and beverages;1996;61;22;39
2602;10-12 Manufacture of food and beverages;1997 January;8;4;4
2603;10-12 Manufacture of food and beverages;1997 February;1;0;1
2604;10-12 Manufacture of food and beverages;1997 March;6;3;3
2605;10-12 Manufacture of food and beverages;1997 1st quarter;15;7;8
2606;10-12 Manufacture of food and beverages;1997 April;7;3;4
2607;10-12 Manufacture of food and beverages;1997 May;8;4;4
2608;10-12 Manufacture of food and beverages;1997 June;6;2;4
2609;10-12 Manufacture of food and beverages;1997 2nd quarter;21;9;12
2610;10-12 Manufacture of food and beverages;1997 July;4;1;3
2611;10-12 Manufacture of food and beverages;1997 August;6;2;4
2612;10-12 Manufacture of food and beverages;1997 September;3;1;2
2613;10-12 Manufacture of food and beverages;1997 3rd quarter;13;4;9
2614;10-12 Manufacture of food and beverages;1997 October;9;3;6
2615;10-12 Manufacture of food and beverages;1997 November;3;2;1
2616;10-12 Manufacture of food and beverages;1997 December;9;3;6
2617;10-12 Manufacture of food and beverages;1997 4th quarter;21;8;13
2618;10-12 Manufacture of food and beverages;1997;70;28;42
2619;10-12 Manufacture of food and beverages;1998 January;4;3;1
2620;10-12 Manufacture of food and beverages;1998 February;4;3;1
2621;10-12 Manufacture of food and beverages;1998 March;4;1;3
2622;10-12 Manufacture of food and beverages;1998 1st quarter;12;7;5
2623;10-12 Manufacture of food and beverages;1998 April;4;0;4
2624;10-12 Manufacture of food and beverages;1998 May;4;3;1
2625;10-12 Manufacture of food and beverages;1998 June;7;2;5
2626;10-12 Manufacture of food and beverages;1998 2nd quarter;15;5;10
2627;10-12 Manufacture of food and beverages;1998 July;4;1;3
2628;10-12 Manufacture of food and beverages;1998 August;4;3;1
2629;10-12 Manufacture of food and beverages;1998 September;6;2;4
2630;10-12 Manufacture of food and beverages;1998 3rd quarter;14;6;8
2631;10-12 Manufacture of food and beverages;1998 October;1;1;0
2632;10-12 Manufacture of food and beverages;1998 November;3;0;3
2633;10-12 Manufacture of food and beverages;1998 December;2;1;1
2634;10-12 Manufacture of food and beverages;1998 4th quarter;6;2;4
2635;10-12 Manufacture of food and beverages;1998;47;20;27
2636;10-12 Manufacture of food and beverages;1999 January;3;0;3
2637;10-12 Manufacture of food and beverages;1999 February;8;2;6
2638;10-12 Manufacture of food and beverages;1999 March;2;0;2
2639;10-12 Manufacture of food and beverages;1999 1st quarter;13;2;11
2640;10-12 Manufacture of food and beverages;1999 April;5;2;3
2641;10-12 Manufacture of food and beverages;1999 May;6;1;5
2642;10-12 Manufacture of food and beverages;1999 June;3;0;3
2643;10-12 Manufacture of food and beverages;1999 2nd quarter;14;3;11
2644;10-12 Manufacture of food and beverages;1999 July;3;0;3
2645;10-12 Manufacture of food and beverages;1999 August;1;0;1
2646;10-12 Manufacture of food and beverages;1999 September;6;3;3
2647;10-12 Manufacture of food and beverages;1999 3rd quarter;10;3;7
2648;10-12 Manufacture of food and beverages;1999 October;2;0;2
2649;10-12 Manufacture of food and beverages;1999 November;2;1;1
2650;10-12 Manufacture of food and beverages;1999 December;3;2;1
2651;10-12 Manufacture of food and beverages;1999 4th quarter;7;3;4
2652;10-12 Manufacture of food and beverages;1999;44;11;33
2653;10-12 Manufacture of food and beverages;2000 January;5;1;4
2654;10-12 Manufacture of food and beverages;2000 February;3;1;2
2655;10-12 Manufacture of food and beverages;2000 March;3;0;3
2656;10-12 Manufacture of food and beverages;2000 1st quarter;11;2;9
2657;10-12 Manufacture of food and beverages;2000 April;2;0;2
2658;10-12 Manufacture of food and beverages;2000 May;4;0;4
2659;10-12 Manufacture of food and beverages;2000 June;1;0;1
2660;10-12 Manufacture of food and beverages;2000 2nd quarter;7;0;7
2661;10-12 Manufacture of food and beverages;2000 July;2;1;1
2662;10-12 Manufacture of food and beverages;2000 August;6;2;4
2663;10-12 Manufacture of food and beverages;2000 September;1;0;1
2664;10-12 Manufacture of food and beverages;2000 3rd quarter;9;3;6
2665;10-12 Manufacture of food and beverages;2000 October;2;0;2
2666;10-12 Manufacture of food and beverages;2000 November;5;2;3
2667;10-12 Manufacture of food and beverages;2000 December;4;0;4
2668;10-12 Manufacture of food and beverages;2000 4th quarter;11;2;9
2669;10-12 Manufacture of food and beverages;2000;38;7;31
2670;10-12 Manufacture of food and beverages;2001 January;2;1;1
2671;10-12 Manufacture of food and beverages;2001 February;2;1;1
2672;10-12 Manufacture of food and beverages;2001 March;1;0;1
2673;10-12 Manufacture of food and beverages;2001 1st quarter;5;2;3
2674;10-12 Manufacture of food and beverages;2001 April;1;0;1
2675;10-12 Manufacture of food and beverages;2001 May;2;0;2
2676;10-12 Manufacture of food and beverages;2001 June;3;1;2
2677;10-12 Manufacture of food and beverages;2001 2nd quarter;6;1;5
2678;10-12 Manufacture of food and beverages;2001 July;4;1;3
2679;10-12 Manufacture of food and beverages;2001 August;5;1;4
2680;10-12 Manufacture of food and beverages;2001 September;6;0;6
2681;10-12 Manufacture of food and beverages;2001 3rd quarter;15;2;13
2682;10-12 Manufacture of food and beverages;2001 October;4;1;3
2683;10-12 Manufacture of food and beverages;2001 November;3;1;2
2684;10-12 Manufacture of food and beverages;2001 December;1;0;1
2685;10-12 Manufacture of food and beverages;2001 4th quarter;8;2;6
2686;10-12 Manufacture of food and beverages;2001;34;7;27
2687;10-12 Manufacture of food and beverages;2002 January;8;0;8
2688;10-12 Manufacture of food and beverages;2002 February;11;0;11
2689;10-12 Manufacture of food and beverages;2002 March;0;0;0
2690;10-12 Manufacture of food and beverages;2002 1st quarter;19;0;19
2691;10-12 Manufacture of food and beverages;2002 April;1;0;1
2692;10-12 Manufacture of food and beverages;2002 May;3;0;3
2693;10-12 Manufacture of food and beverages;2002 June;3;1;2
2694;10-12 Manufacture of food and beverages;2002 2nd quarter;7;1;6
2695;10-12 Manufacture of food and beverages;2002 July;10;3;7
2696;10-12 Manufacture of food and beverages;2002 August;5;0;5
2697;10-12 Manufacture of food and beverages;2002 September;0;0;0
2698;10-12 Manufacture of food and beverages;2002 3rd quarter;15;3;12
2699;10-12 Manufacture of food and beverages;2002 October;4;0;4
2700;10-12 Manufacture of food and beverages;2002 November;3;1;2
2701;10-12 Manufacture of food and beverages;2002 December;6;1;5
2702;10-12 Manufacture of food and beverages;2002 4th quarter;13;2;11
2703;10-12 Manufacture of food and beverages;2002;54;6;48
2704;10-12 Manufacture of food and beverages;2003 January;10;1;9
2705;10-12 Manufacture of food and beverages;2003 February;6;1;5
2706;10-12 Manufacture of food and beverages;2003 March;7;4;3
2707;10-12 Manufacture of food and beverages;2003 1st quarter;23;6;17
2708;10-12 Manufacture of food and beverages;2003 April;8;1;7
2709;10-12 Manufacture of food and beverages;2003 May;15;0;15
2710;10-12 Manufacture of food and beverages;2003 June;5;0;5
2711;10-12 Manufacture of food and beverages;2003 2nd quarter;28;1;27
2712;10-12 Manufacture of food and beverages;2003 July;4;0;4
2713;10-12 Manufacture of food and beverages;2003 August;7;1;6
2714;10-12 Manufacture of food and beverages;2003 September;4;1;3
2715;10-12 Manufacture of food and beverages;2003 3rd quarter;15;2;13
2716;10-12 Manufacture of food and beverages;2003 October;4;0;4
2717;10-12 Manufacture of food and beverages;2003 November;7;2;5
2718;10-12 Manufacture of food and beverages;2003 December;11;3;8
2719;10-12 Manufacture of food and beverages;2003 4th quarter;22;5;17
2720;10-12 Manufacture of food and beverages;2003;88;14;74
2721;10-12 Manufacture of food and beverages;2004 January;5;0;5
2722;10-12 Manufacture of food and beverages;2004 February;4;1;3
2723;10-12 Manufacture of food and beverages;2004 March;6;0;6
2724;10-12 Manufacture of food and beverages;2004 1st quarter;15;1;14
2725;10-12 Manufacture of food and beverages;2004 April;3;0;3
2726;10-12 Manufacture of food and beverages;2004 May;4;1;3
2727;10-12 Manufacture of food and beverages;2004 June;6;1;5
2728;10-12 Manufacture of food and beverages;2004 2nd quarter;13;2;11
2729;10-12 Manufacture of food and beverages;2004 July;3;2;1
2730;10-12 Manufacture of food and beverages;2004 August;6;3;3
2731;10-12 Manufacture of food and beverages;2004 September;3;0;3
2732;10-12 Manufacture of food and beverages;2004 3rd quarter;12;5;7
2733;10-12 Manufacture of food and beverages;2004 October;10;0;10
2734;10-12 Manufacture of food and beverages;2004 November;12;1;11
2735;10-12 Manufacture of food and beverages;2004 December;6;1;5
2736;10-12 Manufacture of food and beverages;2004 4th quarter;28;2;26
2737;10-12 Manufacture of food and beverages;2004;68;10;58
2738;10-12 Manufacture of food and beverages;2005 January;3;1;2
2739;10-12 Manufacture of food and beverages;2005 February;4;1;3
2740;10-12 Manufacture of food and beverages;2005 March;7;2;5
2741;10-12 Manufacture of food and beverages;2005 1st quarter;14;4;10
2742;10-12 Manufacture of food and beverages;2005 April;5;3;2
2743;10-12 Manufacture of food and beverages;2005 May;4;2;2
2744;10-12 Manufacture of food and beverages;2005 June;8;2;6
2745;10-12 Manufacture of food and beverages;2005 2nd quarter;17;7;10
2746;10-12 Manufacture of food and beverages;2005 July;7;2;5
2747;10-12 Manufacture of food and beverages;2005 August;5;3;2
2748;10-12 Manufacture of food and beverages;2005 September;7;0;7
2749;10-12 Manufacture of food and beverages;2005 3rd quarter;19;5;14
2750;10-12 Manufacture of food and beverages;2005 October;10;1;9
2751;10-12 Manufacture of food and beverages;2005 November;9;1;8
2752;10-12 Manufacture of food and beverages;2005 December;4;1;3
2753;10-12 Manufacture of food and beverages;2005 4th quarter;23;3;20
2754;10-12 Manufacture of food and beverages;2005;73;19;54
2755;10-12 Manufacture of food and beverages;2006 January;5;2;3
2756;10-12 Manufacture of food and beverages;2006 February;6;0;6
2757;10-12 Manufacture of food and beverages;2006 March;7;1;6
2758;10-12 Manufacture of food and beverages;2006 1st quarter;18;3;15
2759;10-12 Manufacture of food and beverages;2006 April;4;1;3
2760;10-12 Manufacture of food and beverages;2006 May;5;0;5
2761;10-12 Manufacture of food and beverages;2006 June;4;1;3
2762;10-12 Manufacture of food and beverages;2006 2nd quarter;13;2;11
2763;10-12 Manufacture of food and beverages;2006 July;0;0;0
2764;10-12 Manufacture of food and beverages;2006 August;3;0;3
2765;10-12 Manufacture of food and beverages;2006 September;5;1;4
2766;10-12 Manufacture of food and beverages;2006 3rd quarter;8;1;7
2767;10-12 Manufacture of food and beverages;2006 October;3;1;2
2768;10-12 Manufacture of food and beverages;2006 November;5;3;2
2769;10-12 Manufacture of food and beverages;2006 December;2;1;1
2770;10-12 Manufacture of food and beverages;2006 4th quarter;10;5;5
2771;10-12 Manufacture of food and beverages;2006;49;11;38
2772;10-12 Manufacture of food and beverages;2007 January;4;0;4
2773;10-12 Manufacture of food and beverages;2007 February;4;0;4
2774;10-12 Manufacture of food and beverages;2007 March;3;1;2
2775;10-12 Manufacture of food and beverages;2007 1st quarter;11;1;10
2776;10-12 Manufacture of food and beverages;2007 April;4;0;4
2777;10-12 Manufacture of food and beverages;2007 May;2;1;1
2778;10-12 Manufacture of food and beverages;2007 June;1;0;1
2779;10-12 Manufacture of food and beverages;2007 2nd quarter;7;1;6
2780;10-12 Manufacture of food and beverages;2007 July;1;0;1
2781;10-12 Manufacture of food and beverages;2007 August;2;0;2
2782;10-12 Manufacture of food and beverages;2007 September;8;0;8
2783;10-12 Manufacture of food and beverages;2007 3rd quarter;11;0;11
2784;10-12 Manufacture of food and beverages;2007 October;4;0;4
2785;10-12 Manufacture of food and beverages;2007 November;1;0;1
2786;10-12 Manufacture of food and beverages;2007 December;3;0;3
2787;10-12 Manufacture of food and beverages;2007 4th quarter;8;0;8
2788;10-12 Manufacture of food and beverages;2007;37;2;35
2789;10-12 Manufacture of food and beverages;2008 January;3;1;2
2790;10-12 Manufacture of food and beverages;2008 February;2;0;2
2791;10-12 Manufacture of food and beverages;2008 March;0;0;0
2792;10-12 Manufacture of food and beverages;2008 1st quarter;5;1;4
2793;10-12 Manufacture of food and beverages;2008 April;3;1;2
2794;10-12 Manufacture of food and beverages;2008 May;3;1;2
2795;10-12 Manufacture of food and beverages;2008 June;0;0;0
2796;10-12 Manufacture of food and beverages;2008 2nd quarter;6;2;4
2797;10-12 Manufacture of food and beverages;2008 July;2;0;2
2798;10-12 Manufacture of food and beverages;2008 August;3;1;2
2799;10-12 Manufacture of food and beverages;2008 September;4;0;4
2800;10-12 Manufacture of food and beverages;2008 3rd quarter;9;1;8
2801;10-12 Manufacture of food and beverages;2008 October;0;0;0
2802;10-12 Manufacture of food and beverages;2008 November;2;0;2
2803;10-12 Manufacture of food and beverages;2008 December;5;1;4
2804;10-12 Manufacture of food and beverages;2008 4th quarter;7;1;6
2805;10-12 Manufacture of food and beverages;2008;27;5;22
2806;10-12 Manufacture of food and beverages;2009 January;1;0;1
2807;10-12 Manufacture of food and beverages;2009 February;1;1;0
2808;10-12 Manufacture of food and beverages;2009 March;9;0;9
2809;10-12 Manufacture of food and beverages;2009 1st quarter;11;1;10
2810;10-12 Manufacture of food and beverages;2009 April;2;0;2
2811;10-12 Manufacture of food and beverages;2009 May;3;1;2
2812;10-12 Manufacture of food and beverages;2009 June;3;0;3
2813;10-12 Manufacture of food and beverages;2009 2nd quarter;8;1;7
2814;10-12 Manufacture of food and beverages;2009 July;6;2;4
2815;10-12 Manufacture of food and beverages;2009 August;3;1;2
2816;10-12 Manufacture of food and beverages;2009 September;2;0;2
2817;10-12 Manufacture of food and beverages;2009 3rd quarter;11;3;8
2818;10-12 Manufacture of food and beverages;2009 October;3;0;3
2819;10-12 Manufacture of food and beverages;2009 November;5;0;5
2820;10-12 Manufacture of food and beverages;2009 December;7;0;7
2821;10-12 Manufacture of food and beverages;2009 4th quarter;15;0;15
2822;10-12 Manufacture of food and beverages;2009;45;5;40
2823;10-12 Manufacture of food and beverages;2010 January;6;3;3
2824;10-12 Manufacture of food and beverages;2010 February;1;0;1
2825;10-12 Manufacture of food and beverages;2010 March;5;1;4
2826;10-12 Manufacture of food and beverages;2010 1st quarter;12;4;8
2827;10-12 Manufacture of food and beverages;2010 April;7;0;7
2828;10-12 Manufacture of food and beverages;2010 May;7;0;7
2829;10-12 Manufacture of food and beverages;2010 June;32;0;32
2830;10-12 Manufacture of food and beverages;2010 2nd quarter;46;0;46
2831;10-12 Manufacture of food and beverages;2010 July;2;1;1
2832;10-12 Manufacture of food and beverages;2010 August;0;0;0
2833;10-12 Manufacture of food and beverages;2010 September;1;0;1
2834;10-12 Manufacture of food and beverages;2010 3rd quarter;3;1;2
2835;10-12 Manufacture of food and beverages;2010 October;8;0;8
2836;10-12 Manufacture of food and beverages;2010 November;4;1;3
2837;10-12 Manufacture of food and beverages;2010 December;6;0;6
2838;10-12 Manufacture of food and beverages;2010 4th quarter;18;1;17
2839;10-12 Manufacture of food and beverages;2010;79;6;73
2840;10-12 Manufacture of food and beverages;2011 January;7;0;7
2841;10-12 Manufacture of food and beverages;2011 February;1;0;1
2842;10-12 Manufacture of food and beverages;2011 March;5;1;4
2843;10-12 Manufacture of food and beverages;2011 1st quarter;13;1;12
2844;10-12 Manufacture of food and beverages;2011 April;9;0;9
2845;10-12 Manufacture of food and beverages;2011 May;3;0;3
2846;10-12 Manufacture of food and beverages;2011 June;2;0;2
2847;10-12 Manufacture of food and beverages;2011 2nd quarter;14;0;14
2848;10-12 Manufacture of food and beverages;2011 July;6;0;6
2849;10-12 Manufacture of food and beverages;2011 August;6;1;5
2850;10-12 Manufacture of food and beverages;2011 September;4;0;4
2851;10-12 Manufacture of food and beverages;2011 3rd quarter;16;1;15
2852;10-12 Manufacture of food and beverages;2011 October;3;0;3
2853;10-12 Manufacture of food and beverages;2011 November;4;1;3
2854;10-12 Manufacture of food and beverages;2011 December;0;0;0
2855;10-12 Manufacture of food and beverages;2011 4th quarter;7;1;6
2856;10-12 Manufacture of food and beverages;2011;50;3;47
2857;10-12 Manufacture of food and beverages;2012 January;7;1;6
2858;10-12 Manufacture of food and beverages;2012 February;4;1;3
2859;10-12 Manufacture of food and beverages;2012 March;2;0;2
2860;10-12 Manufacture of food and beverages;2012 1st quarter;13;2;11
2861;10-12 Manufacture of food and beverages;2012 April;5;0;5
2862;10-12 Manufacture of food and beverages;2012 May;10;0;10
2863;10-12 Manufacture of food and beverages;2012 June;6;1;5
2864;10-12 Manufacture of food and beverages;2012 2nd quarter;21;1;20
2865;10-12 Manufacture of food and beverages;2012 July ;9;3;6
2866;10-12 Manufacture of food and beverages;2012 August;4;1;3
2867;10-12 Manufacture of food and beverages;2012 September;3;2;1
2868;10-12 Manufacture of food and beverages;2012 3rd quarter;16;6;10
2869;10-12 Manufacture of food and beverages;2012 October;4;0;4
2870;10-12 Manufacture of food and beverages;2012 November;8;2;6
2871;10-12 Manufacture of food and beverages;2012 December;4;0;4
2872;10-12 Manufacture of food and beverages;2012 4th quarter;16;2;14
2873;10-12 Manufacture of food and beverages;2012;66;11;55
2874;10-12 Manufacture of food and beverages;2013 January;5;3;2
2875;10-12 Manufacture of food and beverages;2013 February;16;1;15
2876;10-12 Manufacture of food and beverages;2013 March;3;2;1
2877;10-12 Manufacture of food and beverages;2013 1st quarter;24;6;18
2878;10-12 Manufacture of food and beverages;2013 April;4;0;4
2879;10-12 Manufacture of food and beverages;2013 May;11;1;10
2880;10-12 Manufacture of food and beverages;2013 June;1;1;0
2881;10-12 Manufacture of food and beverages;2013 2nd quarter;16;2;14
2882;10-12 Manufacture of food and beverages;2013 July;9;1;8
2883;10-12 Manufacture of food and beverages;2013 August;3;1;2
2884;10-12 Manufacture of food and beverages;2013 September;4;1;3
2885;10-12 Manufacture of food and beverages;2013 3rd quarter;16;3;13
2886;10-12 Manufacture of food and beverages;2013 October;4;0;4
2887;10-12 Manufacture of food and beverages;2013 November;4;0;4
2888;10-12 Manufacture of food and beverages;2013 December;1;0;1
2889;10-12 Manufacture of food and beverages;2013 4th quarter;9;0;9
2890;10-12 Manufacture of food and beverages;2013;65;11;54
2891;10-12 Manufacture of food and beverages;2014 January;9;1;8
2892;10-12 Manufacture of food and beverages;2014 February;3;0;3
2893;10-12 Manufacture of food and beverages;2014 March;3;1;2
2894;10-12 Manufacture of food and beverages;2014 1st quarter;15;2;13
2895;10-12 Manufacture of food and beverages;2014 April;8;0;8
2896;13-15 Man. of textile-, leatherproducts;1993 January;4;3;1
2897;13-15 Man. of textile-, leatherproducts;1993 February;8;3;5
2898;13-15 Man. of textile-, leatherproducts;1993 March;4;0;4
2899;13-15 Man. of textile-, leatherproducts;1993 1st quarter;16;6;10
2900;13-15 Man. of textile-, leatherproducts;1993 April;5;1;4
2901;13-15 Man. of textile-, leatherproducts;1993 May;3;1;2
2902;13-15 Man. of textile-, leatherproducts;1993 June;5;2;3
2903;13-15 Man. of textile-, leatherproducts;1993 2nd quarter;13;4;9
2904;13-15 Man. of textile-, leatherproducts;1993 July;5;3;2
2905;13-15 Man. of textile-, leatherproducts;1993 August;5;0;5
2906;13-15 Man. of textile-, leatherproducts;1993 September;4;1;3
2907;13-15 Man. of textile-, leatherproducts;1993 3rd quarter;14;4;10
2908;13-15 Man. of textile-, leatherproducts;1993 October;9;3;6
2909;13-15 Man. of textile-, leatherproducts;1993 November;5;2;3
2910;13-15 Man. of textile-, leatherproducts;1993 December;10;5;5
2911;13-15 Man. of textile-, leatherproducts;1993 4th quarter;24;10;14
2912;13-15 Man. of textile-, leatherproducts;1993;67;24;43
2913;13-15 Man. of textile-, leatherproducts;1994 January;6;2;4
2914;13-15 Man. of textile-, leatherproducts;1994 February;6;2;4
2915;13-15 Man. of textile-, leatherproducts;1994 March;5;0;5
2916;13-15 Man. of textile-, leatherproducts;1994 1st quarter;17;4;13
2917;13-15 Man. of textile-, leatherproducts;1994 April;8;2;6
2918;13-15 Man. of textile-, leatherproducts;1994 May;7;1;6
2919;13-15 Man. of textile-, leatherproducts;1994 June;8;1;7
2920;13-15 Man. of textile-, leatherproducts;1994 2nd quarter;23;4;19
2921;13-15 Man. of textile-, leatherproducts;1994 July;13;4;9
2922;13-15 Man. of textile-, leatherproducts;1994 August;7;5;2
2923;13-15 Man. of textile-, leatherproducts;1994 September;4;2;2
2924;13-15 Man. of textile-, leatherproducts;1994 3rd quarter;24;11;13
2925;13-15 Man. of textile-, leatherproducts;1994 October;6;2;4
2926;13-15 Man. of textile-, leatherproducts;1994 November;6;3;3
2927;13-15 Man. of textile-, leatherproducts;1994 December;9;5;4
2928;13-15 Man. of textile-, leatherproducts;1994 4th quarter;21;10;11
2929;13-15 Man. of textile-, leatherproducts;1994;85;29;56
2930;13-15 Man. of textile-, leatherproducts;1995 January;8;5;3
2931;13-15 Man. of textile-, leatherproducts;1995 February;4;2;2
2932;13-15 Man. of textile-, leatherproducts;1995 March;7;4;3
2933;13-15 Man. of textile-, leatherproducts;1995 1st quarter;19;11;8
2934;13-15 Man. of textile-, leatherproducts;1995 April;5;2;3
2935;13-15 Man. of textile-, leatherproducts;1995 May;6;3;3
2936;13-15 Man. of textile-, leatherproducts;1995 June;4;2;2
2937;13-15 Man. of textile-, leatherproducts;1995 2nd quarter;15;7;8
2938;13-15 Man. of textile-, leatherproducts;1995 July;8;2;6
2939;13-15 Man. of textile-, leatherproducts;1995 August;6;5;1
2940;13-15 Man. of textile-, leatherproducts;1995 September;4;2;2
2941;13-15 Man. of textile-, leatherproducts;1995 3rd quarter;18;9;9
2942;13-15 Man. of textile-, leatherproducts;1995 October;4;2;2
2943;13-15 Man. of textile-, leatherproducts;1995 November;4;2;2
2944;13-15 Man. of textile-, leatherproducts;1995 December;1;0;1
2945;13-15 Man. of textile-, leatherproducts;1995 4th quarter;9;4;5
2946;13-15 Man. of textile-, leatherproducts;1995;61;31;30
2947;13-15 Man. of textile-, leatherproducts;1996 January;1;1;0
2948;13-15 Man. of textile-, leatherproducts;1996 February;4;1;3
2949;13-15 Man. of textile-, leatherproducts;1996 March;4;1;3
2950;13-15 Man. of textile-, leatherproducts;1996 1st quarter;9;3;6
2951;13-15 Man. of textile-, leatherproducts;1996 April;7;3;4
2952;13-15 Man. of textile-, leatherproducts;1996 May;10;3;7
2953;13-15 Man. of textile-, leatherproducts;1996 June;7;2;5
2954;13-15 Man. of textile-, leatherproducts;1996 2nd quarter;24;8;16
2955;13-15 Man. of textile-, leatherproducts;1996 July;3;1;2
2956;13-15 Man. of textile-, leatherproducts;1996 August;7;2;5
2957;13-15 Man. of textile-, leatherproducts;1996 September;2;1;1
2958;13-15 Man. of textile-, leatherproducts;1996 3rd quarter;12;4;8
2959;13-15 Man. of textile-, leatherproducts;1996 October;2;2;0
2960;13-15 Man. of textile-, leatherproducts;1996 November;2;0;2
2961;13-15 Man. of textile-, leatherproducts;1996 December;1;0;1
2962;13-15 Man. of textile-, leatherproducts;1996 4th quarter;5;2;3
2963;13-15 Man. of textile-, leatherproducts;1996;50;17;33
2964;13-15 Man. of textile-, leatherproducts;1997 January;4;2;2
2965;13-15 Man. of textile-, leatherproducts;1997 February;3;1;2
2966;13-15 Man. of textile-, leatherproducts;1997 March;3;1;2
2967;13-15 Man. of textile-, leatherproducts;1997 1st quarter;10;4;6
2968;13-15 Man. of textile-, leatherproducts;1997 April;6;1;5
2969;13-15 Man. of textile-, leatherproducts;1997 May;3;0;3
2970;13-15 Man. of textile-, leatherproducts;1997 June;4;2;2
2971;13-15 Man. of textile-, leatherproducts;1997 2nd quarter;13;3;10
2972;13-15 Man. of textile-, leatherproducts;1997 July;6;3;3
2973;13-15 Man. of textile-, leatherproducts;1997 August;2;0;2
2974;13-15 Man. of textile-, leatherproducts;1997 September;6;3;3
2975;13-15 Man. of textile-, leatherproducts;1997 3rd quarter;14;6;8
2976;13-15 Man. of textile-, leatherproducts;1997 October;4;3;1
2977;13-15 Man. of textile-, leatherproducts;1997 November;6;2;4
2978;13-15 Man. of textile-, leatherproducts;1997 December;2;1;1
2979;13-15 Man. of textile-, leatherproducts;1997 4th quarter;12;6;6
2980;13-15 Man. of textile-, leatherproducts;1997;49;19;30
2981;13-15 Man. of textile-, leatherproducts;1998 January;2;1;1
2982;13-15 Man. of textile-, leatherproducts;1998 February;3;1;2
2983;13-15 Man. of textile-, leatherproducts;1998 March;7;1;6
2984;13-15 Man. of textile-, leatherproducts;1998 1st quarter;12;3;9
2985;13-15 Man. of textile-, leatherproducts;1998 April;6;1;5
2986;13-15 Man. of textile-, leatherproducts;1998 May;1;0;1
2987;13-15 Man. of textile-, leatherproducts;1998 June;5;2;3
2988;13-15 Man. of textile-, leatherproducts;1998 2nd quarter;12;3;9
2989;13-15 Man. of textile-, leatherproducts;1998 July;6;3;3
2990;13-15 Man. of textile-, leatherproducts;1998 August;5;3;2
2991;13-15 Man. of textile-, leatherproducts;1998 September;3;3;0
2992;13-15 Man. of textile-, leatherproducts;1998 3rd quarter;14;9;5
2993;13-15 Man. of textile-, leatherproducts;1998 October;4;2;2
2994;13-15 Man. of textile-, leatherproducts;1998 November;2;0;2
2995;13-15 Man. of textile-, leatherproducts;1998 December;3;0;3
2996;13-15 Man. of textile-, leatherproducts;1998 4th quarter;9;2;7
2997;13-15 Man. of textile-, leatherproducts;1998;47;17;30
2998;13-15 Man. of textile-, leatherproducts;1999 January;2;0;2
2999;13-15 Man. of textile-, leatherproducts;1999 February;4;0;4
3000;13-15 Man. of textile-, leatherproducts;1999 March;3;1;2
3001;13-15 Man. of textile-, leatherproducts;1999 1st quarter;9;1;8
3002;13-15 Man. of textile-, leatherproducts;1999 April;2;1;1
3003;13-15 Man. of textile-, leatherproducts;1999 May;2;0;2
3004;13-15 Man. of textile-, leatherproducts;1999 June;6;3;3
3005;13-15 Man. of textile-, leatherproducts;1999 2nd quarter;10;4;6
3006;13-15 Man. of textile-, leatherproducts;1999 July;2;1;1
3007;13-15 Man. of textile-, leatherproducts;1999 August;2;0;2
3008;13-15 Man. of textile-, leatherproducts;1999 September;0;0;0
3009;13-15 Man. of textile-, leatherproducts;1999 3rd quarter;4;1;3
3010;13-15 Man. of textile-, leatherproducts;1999 October;1;0;1
3011;13-15 Man. of textile-, leatherproducts;1999 November;3;0;3
3012;13-15 Man. of textile-, leatherproducts;1999 December;1;0;1
3013;13-15 Man. of textile-, leatherproducts;1999 4th quarter;5;0;5
3014;13-15 Man. of textile-, leatherproducts;1999;28;6;22
3015;13-15 Man. of textile-, leatherproducts;2000 January;4;2;2
3016;13-15 Man. of textile-, leatherproducts;2000 February;2;0;2
3017;13-15 Man. of textile-, leatherproducts;2000 March;6;3;3
3018;13-15 Man. of textile-, leatherproducts;2000 1st quarter;12;5;7
3019;13-15 Man. of textile-, leatherproducts;2000 April;8;2;6
3020;13-15 Man. of textile-, leatherproducts;2000 May;2;1;1
3021;13-15 Man. of textile-, leatherproducts;2000 June;0;0;0
3022;13-15 Man. of textile-, leatherproducts;2000 2nd quarter;10;3;7
3023;13-15 Man. of textile-, leatherproducts;2000 July;4;1;3
3024;13-15 Man. of textile-, leatherproducts;2000 August;1;0;1
3025;13-15 Man. of textile-, leatherproducts;2000 September;5;1;4
3026;13-15 Man. of textile-, leatherproducts;2000 3rd quarter;10;2;8
3027;13-15 Man. of textile-, leatherproducts;2000 October;2;0;2
3028;13-15 Man. of textile-, leatherproducts;2000 November;4;1;3
3029;13-15 Man. of textile-, leatherproducts;2000 December;1;0;1
3030;13-15 Man. of textile-, leatherproducts;2000 4th quarter;7;1;6
3031;13-15 Man. of textile-, leatherproducts;2000;39;11;28
3032;13-15 Man. of textile-, leatherproducts;2001 January;4;0;4
3033;13-15 Man. of textile-, leatherproducts;2001 February;0;0;0
3034;13-15 Man. of textile-, leatherproducts;2001 March;1;0;1
3035;13-15 Man. of textile-, leatherproducts;2001 1st quarter;5;0;5
3036;13-15 Man. of textile-, leatherproducts;2001 April;2;0;2
3037;13-15 Man. of textile-, leatherproducts;2001 May;4;1;3
3038;13-15 Man. of textile-, leatherproducts;2001 June;1;0;1
3039;13-15 Man. of textile-, leatherproducts;2001 2nd quarter;7;1;6
3040;13-15 Man. of textile-, leatherproducts;2001 July;3;0;3
3041;13-15 Man. of textile-, leatherproducts;2001 August;2;1;1
3042;13-15 Man. of textile-, leatherproducts;2001 September;5;0;5
3043;13-15 Man. of textile-, leatherproducts;2001 3rd quarter;10;1;9
3044;13-15 Man. of textile-, leatherproducts;2001 October;5;1;4
3045;13-15 Man. of textile-, leatherproducts;2001 November;0;0;0
3046;13-15 Man. of textile-, leatherproducts;2001 December;1;1;0
3047;13-15 Man. of textile-, leatherproducts;2001 4th quarter;6;2;4
3048;13-15 Man. of textile-, leatherproducts;2001;28;4;24
3049;13-15 Man. of textile-, leatherproducts;2002 January;1;1;0
3050;13-15 Man. of textile-, leatherproducts;2002 February;5;0;5
3051;13-15 Man. of textile-, leatherproducts;2002 March;8;0;8
3052;13-15 Man. of textile-, leatherproducts;2002 1st quarter;14;1;13
3053;13-15 Man. of textile-, leatherproducts;2002 April;3;0;3
3054;13-15 Man. of textile-, leatherproducts;2002 May;4;0;4
3055;13-15 Man. of textile-, leatherproducts;2002 June;4;0;4
3056;13-15 Man. of textile-, leatherproducts;2002 2nd quarter;11;0;11
3057;13-15 Man. of textile-, leatherproducts;2002 July;1;0;1
3058;13-15 Man. of textile-, leatherproducts;2002 August;8;3;5
3059;13-15 Man. of textile-, leatherproducts;2002 September;3;0;3
3060;13-15 Man. of textile-, leatherproducts;2002 3rd quarter;12;3;9
3061;13-15 Man. of textile-, leatherproducts;2002 October;6;1;5
3062;13-15 Man. of textile-, leatherproducts;2002 November;4;1;3
3063;13-15 Man. of textile-, leatherproducts;2002 December;5;0;5
3064;13-15 Man. of textile-, leatherproducts;2002 4th quarter;15;2;13
3065;13-15 Man. of textile-, leatherproducts;2002;52;6;46
3066;13-15 Man. of textile-, leatherproducts;2003 January;4;0;4
3067;13-15 Man. of textile-, leatherproducts;2003 February;7;0;7
3068;13-15 Man. of textile-, leatherproducts;2003 March;3;1;2
3069;13-15 Man. of textile-, leatherproducts;2003 1st quarter;14;1;13
3070;13-15 Man. of textile-, leatherproducts;2003 April;4;1;3
3071;13-15 Man. of textile-, leatherproducts;2003 May;2;0;2
3072;13-15 Man. of textile-, leatherproducts;2003 June;3;1;2
3073;13-15 Man. of textile-, leatherproducts;2003 2nd quarter;9;2;7
3074;13-15 Man. of textile-, leatherproducts;2003 July;3;0;3
3075;13-15 Man. of textile-, leatherproducts;2003 August;3;1;2
3076;13-15 Man. of textile-, leatherproducts;2003 September;5;1;4
3077;13-15 Man. of textile-, leatherproducts;2003 3rd quarter;11;2;9
3078;13-15 Man. of textile-, leatherproducts;2003 October;6;1;5
3079;13-15 Man. of textile-, leatherproducts;2003 November;4;2;2
3080;13-15 Man. of textile-, leatherproducts;2003 December;3;1;2
3081;13-15 Man. of textile-, leatherproducts;2003 4th quarter;13;4;9
3082;13-15 Man. of textile-, leatherproducts;2003;47;9;38
3083;13-15 Man. of textile-, leatherproducts;2004 January;3;0;3
3084;13-15 Man. of textile-, leatherproducts;2004 February;5;0;5
3085;13-15 Man. of textile-, leatherproducts;2004 March;6;1;5
3086;13-15 Man. of textile-, leatherproducts;2004 1st quarter;14;1;13
3087;13-15 Man. of textile-, leatherproducts;2004 April;6;1;5
3088;13-15 Man. of textile-, leatherproducts;2004 May;4;1;3
3089;13-15 Man. of textile-, leatherproducts;2004 June;5;0;5
3090;13-15 Man. of textile-, leatherproducts;2004 2nd quarter;15;2;13
3091;13-15 Man. of textile-, leatherproducts;2004 July;6;2;4
3092;13-15 Man. of textile-, leatherproducts;2004 August;5;3;2
3093;13-15 Man. of textile-, leatherproducts;2004 September;4;1;3
3094;13-15 Man. of textile-, leatherproducts;2004 3rd quarter;15;6;9
3095;13-15 Man. of textile-, leatherproducts;2004 October;8;1;7
3096;13-15 Man. of textile-, leatherproducts;2004 November;9;2;7
3097;13-15 Man. of textile-, leatherproducts;2004 December;0;0;0
3098;13-15 Man. of textile-, leatherproducts;2004 4th quarter;17;3;14
3099;13-15 Man. of textile-, leatherproducts;2004;61;12;49
3100;13-15 Man. of textile-, leatherproducts;2005 January;1;0;1
3101;13-15 Man. of textile-, leatherproducts;2005 February;3;1;2
3102;13-15 Man. of textile-, leatherproducts;2005 March;5;2;3
3103;13-15 Man. of textile-, leatherproducts;2005 1st quarter;9;3;6
3104;13-15 Man. of textile-, leatherproducts;2005 April;8;0;8
3105;13-15 Man. of textile-, leatherproducts;2005 May;3;0;3
3106;13-15 Man. of textile-, leatherproducts;2005 June;3;1;2
3107;13-15 Man. of textile-, leatherproducts;2005 2nd quarter;14;1;13
3108;13-15 Man. of textile-, leatherproducts;2005 July;5;1;4
3109;13-15 Man. of textile-, leatherproducts;2005 August;5;2;3
3110;13-15 Man. of textile-, leatherproducts;2005 September;4;0;4
3111;13-15 Man. of textile-, leatherproducts;2005 3rd quarter;14;3;11
3112;13-15 Man. of textile-, leatherproducts;2005 October;4;1;3
3113;13-15 Man. of textile-, leatherproducts;2005 November;1;1;0
3114;13-15 Man. of textile-, leatherproducts;2005 December;2;0;2
3115;13-15 Man. of textile-, leatherproducts;2005 4th quarter;7;2;5
3116;13-15 Man. of textile-, leatherproducts;2005;44;9;35
3117;13-15 Man. of textile-, leatherproducts;2006 January;4;0;4
3118;13-15 Man. of textile-, leatherproducts;2006 February;5;3;2
3119;13-15 Man. of textile-, leatherproducts;2006 March;2;0;2
3120;13-15 Man. of textile-, leatherproducts;2006 1st quarter;11;3;8
3121;13-15 Man. of textile-, leatherproducts;2006 April;1;0;1
3122;13-15 Man. of textile-, leatherproducts;2006 May;1;0;1
3123;13-15 Man. of textile-, leatherproducts;2006 June;7;0;7
3124;13-15 Man. of textile-, leatherproducts;2006 2nd quarter;9;0;9
3125;13-15 Man. of textile-, leatherproducts;2006 July;2;1;1
3126;13-15 Man. of textile-, leatherproducts;2006 August;4;2;2
3127;13-15 Man. of textile-, leatherproducts;2006 September;2;1;1
3128;13-15 Man. of textile-, leatherproducts;2006 3rd quarter;8;4;4
3129;13-15 Man. of textile-, leatherproducts;2006 October;1;0;1
3130;13-15 Man. of textile-, leatherproducts;2006 November;3;2;1
3131;13-15 Man. of textile-, leatherproducts;2006 December;1;1;0
3132;13-15 Man. of textile-, leatherproducts;2006 4th quarter;5;3;2
3133;13-15 Man. of textile-, leatherproducts;2006;33;10;23
3134;13-15 Man. of textile-, leatherproducts;2007 January;5;1;4
3135;13-15 Man. of textile-, leatherproducts;2007 February;2;2;0
3136;13-15 Man. of textile-, leatherproducts;2007 March;0;0;0
3137;13-15 Man. of textile-, leatherproducts;2007 1st quarter;7;3;4
3138;13-15 Man. of textile-, leatherproducts;2007 April;1;0;1
3139;13-15 Man. of textile-, leatherproducts;2007 May;2;1;1
3140;13-15 Man. of textile-, leatherproducts;2007 June;3;2;1
3141;13-15 Man. of textile-, leatherproducts;2007 2nd quarter;6;3;3
3142;13-15 Man. of textile-, leatherproducts;2007 July;3;0;3
3143;13-15 Man. of textile-, leatherproducts;2007 August;0;0;0
3144;13-15 Man. of textile-, leatherproducts;2007 September;1;0;1
3145;13-15 Man. of textile-, leatherproducts;2007 3rd quarter;4;0;4
3146;13-15 Man. of textile-, leatherproducts;2007 October;5;1;4
3147;13-15 Man. of textile-, leatherproducts;2007 November;5;0;5
3148;13-15 Man. of textile-, leatherproducts;2007 December;1;0;1
3149;13-15 Man. of textile-, leatherproducts;2007 4th quarter;11;1;10
3150;13-15 Man. of textile-, leatherproducts;2007;28;7;21
3151;13-15 Man. of textile-, leatherproducts;2008 January;2;0;2
3152;13-15 Man. of textile-, leatherproducts;2008 February;1;0;1
3153;13-15 Man. of textile-, leatherproducts;2008 March;0;0;0
3154;13-15 Man. of textile-, leatherproducts;2008 1st quarter;3;0;3
3155;13-15 Man. of textile-, leatherproducts;2008 April;2;0;2
3156;13-15 Man. of textile-, leatherproducts;2008 May;1;0;1
3157;13-15 Man. of textile-, leatherproducts;2008 June;3;1;2
3158;13-15 Man. of textile-, leatherproducts;2008 2nd quarter;6;1;5
3159;13-15 Man. of textile-, leatherproducts;2008 July;2;0;2
3160;13-15 Man. of textile-, leatherproducts;2008 August;1;0;1
3161;13-15 Man. of textile-, leatherproducts;2008 September;2;0;2
3162;13-15 Man. of textile-, leatherproducts;2008 3rd quarter;5;0;5
3163;13-15 Man. of textile-, leatherproducts;2008 October;1;1;0
3164;13-15 Man. of textile-, leatherproducts;2008 November;2;1;1
3165;13-15 Man. of textile-, leatherproducts;2008 December;4;0;4
3166;13-15 Man. of textile-, leatherproducts;2008 4th quarter;7;2;5
3167;13-15 Man. of textile-, leatherproducts;2008;21;3;18
3168;13-15 Man. of textile-, leatherproducts;2009 January;2;0;2
3169;13-15 Man. of textile-, leatherproducts;2009 February;2;0;2
3170;13-15 Man. of textile-, leatherproducts;2009 March;3;0;3
3171;13-15 Man. of textile-, leatherproducts;2009 1st quarter;7;0;7
3172;13-15 Man. of textile-, leatherproducts;2009 April;4;0;4
3173;13-15 Man. of textile-, leatherproducts;2009 May;1;0;1
3174;13-15 Man. of textile-, leatherproducts;2009 June;4;0;4
3175;13-15 Man. of textile-, leatherproducts;2009 2nd quarter;9;0;9
3176;13-15 Man. of textile-, leatherproducts;2009 July;2;0;2
3177;13-15 Man. of textile-, leatherproducts;2009 August;4;1;3
3178;13-15 Man. of textile-, leatherproducts;2009 September;2;0;2
3179;13-15 Man. of textile-, leatherproducts;2009 3rd quarter;8;1;7
3180;13-15 Man. of textile-, leatherproducts;2009 October;3;0;3
3181;13-15 Man. of textile-, leatherproducts;2009 November;4;0;4
3182;13-15 Man. of textile-, leatherproducts;2009 December;4;0;4
3183;13-15 Man. of textile-, leatherproducts;2009 4th quarter;11;0;11
3184;13-15 Man. of textile-, leatherproducts;2009;35;1;34
3185;13-15 Man. of textile-, leatherproducts;2010 January;13;1;12
3186;13-15 Man. of textile-, leatherproducts;2010 February;6;2;4
3187;13-15 Man. of textile-, leatherproducts;2010 March;2;1;1
3188;13-15 Man. of textile-, leatherproducts;2010 1st quarter;21;4;17
3189;13-15 Man. of textile-, leatherproducts;2010 April;3;1;2
3190;13-15 Man. of textile-, leatherproducts;2010 May;0;0;0
3191;13-15 Man. of textile-, leatherproducts;2010 June;4;0;4
3192;13-15 Man. of textile-, leatherproducts;2010 2nd quarter;7;1;6
3193;13-15 Man. of textile-, leatherproducts;2010 July;2;1;1
3194;13-15 Man. of textile-, leatherproducts;2010 August;2;1;1
3195;13-15 Man. of textile-, leatherproducts;2010 September;3;1;2
3196;13-15 Man. of textile-, leatherproducts;2010 3rd quarter;7;3;4
3197;13-15 Man. of textile-, leatherproducts;2010 October;1;0;1
3198;13-15 Man. of textile-, leatherproducts;2010 November;0;0;0
3199;13-15 Man. of textile-, leatherproducts;2010 December;3;0;3
3200;13-15 Man. of textile-, leatherproducts;2010 4th quarter;4;0;4
3201;13-15 Man. of textile-, leatherproducts;2010;39;8;31
3202;13-15 Man. of textile-, leatherproducts;2011 January;4;0;4
3203;13-15 Man. of textile-, leatherproducts;2011 February;1;0;1
3204;13-15 Man. of textile-, leatherproducts;2011 March;0;0;0
3205;13-15 Man. of textile-, leatherproducts;2011 1st quarter;5;0;5
3206;13-15 Man. of textile-, leatherproducts;2011 April;3;0;3
3207;13-15 Man. of textile-, leatherproducts;2011 May;7;0;7
3208;13-15 Man. of textile-, leatherproducts;2011 June;3;0;3
3209;13-15 Man. of textile-, leatherproducts;2011 2nd quarter;13;0;13
3210;13-15 Man. of textile-, leatherproducts;2011 July;0;0;0
3211;13-15 Man. of textile-, leatherproducts;2011 August;2;0;2
3212;13-15 Man. of textile-, leatherproducts;2011 September;3;0;3
3213;13-15 Man. of textile-, leatherproducts;2011 3rd quarter;5;0;5
3214;13-15 Man. of textile-, leatherproducts;2011 October;4;0;4
3215;13-15 Man. of textile-, leatherproducts;2011 November;9;0;9
3216;13-15 Man. of textile-, leatherproducts;2011 December;1;0;1
3217;13-15 Man. of textile-, leatherproducts;2011 4th quarter;14;0;14
3218;13-15 Man. of textile-, leatherproducts;2011;37;0;37
3219;13-15 Man. of textile-, leatherproducts;2012 January;1;0;1
3220;13-15 Man. of textile-, leatherproducts;2012 February;0;0;0
3221;13-15 Man. of textile-, leatherproducts;2012 March;0;0;0
3222;13-15 Man. of textile-, leatherproducts;2012 1st quarter;1;0;1
3223;13-15 Man. of textile-, leatherproducts;2012 April;3;0;3
3224;13-15 Man. of textile-, leatherproducts;2012 May;3;1;2
3225;13-15 Man. of textile-, leatherproducts;2012 June;3;1;2
3226;13-15 Man. of textile-, leatherproducts;2012 2nd quarter;9;2;7
3227;13-15 Man. of textile-, leatherproducts;2012 July ;1;0;1
3228;13-15 Man. of textile-, leatherproducts;2012 August;3;0;3
3229;13-15 Man. of textile-, leatherproducts;2012 September;1;0;1
3230;13-15 Man. of textile-, leatherproducts;2012 3rd quarter;5;0;5
3231;13-15 Man. of textile-, leatherproducts;2012 October;4;1;3
3232;13-15 Man. of textile-, leatherproducts;2012 November;1;0;1
3233;13-15 Man. of textile-, leatherproducts;2012 December;1;0;1
3234;13-15 Man. of textile-, leatherproducts;2012 4th quarter;6;1;5
3235;13-15 Man. of textile-, leatherproducts;2012;21;3;18
3236;13-15 Man. of textile-, leatherproducts;2013 January;2;0;2
3237;13-15 Man. of textile-, leatherproducts;2013 February;10;0;10
3238;13-15 Man. of textile-, leatherproducts;2013 March;3;1;2
3239;13-15 Man. of textile-, leatherproducts;2013 1st quarter;15;1;14
3240;13-15 Man. of textile-, leatherproducts;2013 April;5;0;5
3241;13-15 Man. of textile-, leatherproducts;2013 May;2;0;2
3242;13-15 Man. of textile-, leatherproducts;2013 June;0;0;0
3243;13-15 Man. of textile-, leatherproducts;2013 2nd quarter;7;0;7
3244;13-15 Man. of textile-, leatherproducts;2013 July;1;0;1
3245;13-15 Man. of textile-, leatherproducts;2013 August;3;1;2
3246;13-15 Man. of textile-, leatherproducts;2013 September;0;0;0
3247;13-15 Man. of textile-, leatherproducts;2013 3rd quarter;4;1;3
3248;13-15 Man. of textile-, leatherproducts;2013 October;2;0;2
3249;13-15 Man. of textile-, leatherproducts;2013 November;1;0;1
3250;13-15 Man. of textile-, leatherproducts;2013 December;2;1;1
3251;13-15 Man. of textile-, leatherproducts;2013 4th quarter;5;1;4
3252;13-15 Man. of textile-, leatherproducts;2013;31;3;28
3253;13-15 Man. of textile-, leatherproducts;2014 January;1;1;0
3254;13-15 Man. of textile-, leatherproducts;2014 February;4;1;3
3255;13-15 Man. of textile-, leatherproducts;2014 March;1;0;1
3256;13-15 Man. of textile-, leatherproducts;2014 1st quarter;6;2;4
3257;13-15 Man. of textile-, leatherproducts;2014 April;1;0;1
3258;16+23 Man of wooden and buildingmaterial;1993 January;1;0;1
3259;16+23 Man of wooden and buildingmaterial;1993 February;3;1;2
3260;16+23 Man of wooden and buildingmaterial;1993 March;3;1;2
3261;16+23 Man of wooden and buildingmaterial;1993 1st quarter;7;2;5
3262;16+23 Man of wooden and buildingmaterial;1993 April;7;1;6
3263;16+23 Man of wooden and buildingmaterial;1993 May;4;0;4
3264;16+23 Man of wooden and buildingmaterial;1993 June;7;1;6
3265;16+23 Man of wooden and buildingmaterial;1993 2nd quarter;18;2;16
3266;16+23 Man of wooden and buildingmaterial;1993 July;4;2;2
3267;16+23 Man of wooden and buildingmaterial;1993 August;6;2;4
3268;16+23 Man of wooden and buildingmaterial;1993 September;4;0;4
3269;16+23 Man of wooden and buildingmaterial;1993 3rd quarter;14;4;10
3270;16+23 Man of wooden and buildingmaterial;1993 October;2;0;2
3271;16+23 Man of wooden and buildingmaterial;1993 November;3;2;1
3272;16+23 Man of wooden and buildingmaterial;1993 December;5;0;5
3273;16+23 Man of wooden and buildingmaterial;1993 4th quarter;10;2;8
3274;16+23 Man of wooden and buildingmaterial;1993;49;10;39
3275;16+23 Man of wooden and buildingmaterial;1994 January;1;1;0
3276;16+23 Man of wooden and buildingmaterial;1994 February;2;1;1
3277;16+23 Man of wooden and buildingmaterial;1994 March;6;2;4
3278;16+23 Man of wooden and buildingmaterial;1994 1st quarter;9;4;5
3279;16+23 Man of wooden and buildingmaterial;1994 April;3;1;2
3280;16+23 Man of wooden and buildingmaterial;1994 May;7;2;5
3281;16+23 Man of wooden and buildingmaterial;1994 June;5;1;4
3282;16+23 Man of wooden and buildingmaterial;1994 2nd quarter;15;4;11
3283;16+23 Man of wooden and buildingmaterial;1994 July;4;2;2
3284;16+23 Man of wooden and buildingmaterial;1994 August;4;1;3
3285;16+23 Man of wooden and buildingmaterial;1994 September;2;0;2
3286;16+23 Man of wooden and buildingmaterial;1994 3rd quarter;10;3;7
3287;16+23 Man of wooden and buildingmaterial;1994 October;3;1;2
3288;16+23 Man of wooden and buildingmaterial;1994 November;3;2;1
3289;16+23 Man of wooden and buildingmaterial;1994 December;3;1;2
3290;16+23 Man of wooden and buildingmaterial;1994 4th quarter;9;4;5
3291;16+23 Man of wooden and buildingmaterial;1994;43;15;28
3292;16+23 Man of wooden and buildingmaterial;1995 January;4;1;3
3293;16+23 Man of wooden and buildingmaterial;1995 February;5;3;2
3294;16+23 Man of wooden and buildingmaterial;1995 March;8;2;6
3295;16+23 Man of wooden and buildingmaterial;1995 1st quarter;17;6;11
3296;16+23 Man of wooden and buildingmaterial;1995 April;3;1;2
3297;16+23 Man of wooden and buildingmaterial;1995 May;2;0;2
3298;16+23 Man of wooden and buildingmaterial;1995 June;9;2;7
3299;16+23 Man of wooden and buildingmaterial;1995 2nd quarter;14;3;11
3300;16+23 Man of wooden and buildingmaterial;1995 July;4;1;3
3301;16+23 Man of wooden and buildingmaterial;1995 August;2;1;1
3302;16+23 Man of wooden and buildingmaterial;1995 September;5;0;5
3303;16+23 Man of wooden and buildingmaterial;1995 3rd quarter;11;2;9
3304;16+23 Man of wooden and buildingmaterial;1995 October;3;0;3
3305;16+23 Man of wooden and buildingmaterial;1995 November;3;0;3
3306;16+23 Man of wooden and buildingmaterial;1995 December;4;3;1
3307;16+23 Man of wooden and buildingmaterial;1995 4th quarter;10;3;7
3308;16+23 Man of wooden and buildingmaterial;1995;52;14;38
3309;16+23 Man of wooden and buildingmaterial;1996 January;5;2;3
3310;16+23 Man of wooden and buildingmaterial;1996 February;2;1;1
3311;16+23 Man of wooden and buildingmaterial;1996 March;3;1;2
3312;16+23 Man of wooden and buildingmaterial;1996 1st quarter;10;4;6
3313;16+23 Man of wooden and buildingmaterial;1996 April;1;0;1
3314;16+23 Man of wooden and buildingmaterial;1996 May;2;0;2
3315;16+23 Man of wooden and buildingmaterial;1996 June;1;0;1
3316;16+23 Man of wooden and buildingmaterial;1996 2nd quarter;4;0;4
3317;16+23 Man of wooden and buildingmaterial;1996 July;2;1;1
3318;16+23 Man of wooden and buildingmaterial;1996 August;5;1;4
3319;16+23 Man of wooden and buildingmaterial;1996 September;1;1;0
3320;16+23 Man of wooden and buildingmaterial;1996 3rd quarter;8;3;5
3321;16+23 Man of wooden and buildingmaterial;1996 October;1;0;1
3322;16+23 Man of wooden and buildingmaterial;1996 November;2;1;1
3323;16+23 Man of wooden and buildingmaterial;1996 December;2;0;2
3324;16+23 Man of wooden and buildingmaterial;1996 4th quarter;5;1;4
3325;16+23 Man of wooden and buildingmaterial;1996;27;8;19
3326;16+23 Man of wooden and buildingmaterial;1997 January;3;2;1
3327;16+23 Man of wooden and buildingmaterial;1997 February;5;1;4
3328;16+23 Man of wooden and buildingmaterial;1997 March;2;1;1
3329;16+23 Man of wooden and buildingmaterial;1997 1st quarter;10;4;6
3330;16+23 Man of wooden and buildingmaterial;1997 April;4;0;4
3331;16+23 Man of wooden and buildingmaterial;1997 May;4;0;4
3332;16+23 Man of wooden and buildingmaterial;1997 June;1;1;0
3333;16+23 Man of wooden and buildingmaterial;1997 2nd quarter;9;1;8
3334;16+23 Man of wooden and buildingmaterial;1997 July;3;1;2
3335;16+23 Man of wooden and buildingmaterial;1997 August;6;0;6
3336;16+23 Man of wooden and buildingmaterial;1997 September;3;0;3
3337;16+23 Man of wooden and buildingmaterial;1997 3rd quarter;12;1;11
3338;16+23 Man of wooden and buildingmaterial;1997 October;5;3;2
3339;16+23 Man of wooden and buildingmaterial;1997 November;3;2;1
3340;16+23 Man of wooden and buildingmaterial;1997 December;5;0;5
3341;16+23 Man of wooden and buildingmaterial;1997 4th quarter;13;5;8
3342;16+23 Man of wooden and buildingmaterial;1997;44;11;33
3343;16+23 Man of wooden and buildingmaterial;1998 January;3;2;1
3344;16+23 Man of wooden and buildingmaterial;1998 February;3;1;2
3345;16+23 Man of wooden and buildingmaterial;1998 March;2;1;1
3346;16+23 Man of wooden and buildingmaterial;1998 1st quarter;8;4;4
3347;16+23 Man of wooden and buildingmaterial;1998 April;1;1;0
3348;16+23 Man of wooden and buildingmaterial;1998 May;1;0;1
3349;16+23 Man of wooden and buildingmaterial;1998 June;2;1;1
3350;16+23 Man of wooden and buildingmaterial;1998 2nd quarter;4;2;2
3351;16+23 Man of wooden and buildingmaterial;1998 July;2;0;2
3352;16+23 Man of wooden and buildingmaterial;1998 August;1;0;1
3353;16+23 Man of wooden and buildingmaterial;1998 September;1;1;0
3354;16+23 Man of wooden and buildingmaterial;1998 3rd quarter;4;1;3
3355;16+23 Man of wooden and buildingmaterial;1998 October;1;0;1
3356;16+23 Man of wooden and buildingmaterial;1998 November;2;0;2
3357;16+23 Man of wooden and buildingmaterial;1998 December;3;0;3
3358;16+23 Man of wooden and buildingmaterial;1998 4th quarter;6;0;6
3359;16+23 Man of wooden and buildingmaterial;1998;22;7;15
3360;16+23 Man of wooden and buildingmaterial;1999 January;1;0;1
3361;16+23 Man of wooden and buildingmaterial;1999 February;9;2;7
3362;16+23 Man of wooden and buildingmaterial;1999 March;4;1;3
3363;16+23 Man of wooden and buildingmaterial;1999 1st quarter;14;3;11
3364;16+23 Man of wooden and buildingmaterial;1999 April;1;0;1
3365;16+23 Man of wooden and buildingmaterial;1999 May;1;0;1
3366;16+23 Man of wooden and buildingmaterial;1999 June;0;0;0
3367;16+23 Man of wooden and buildingmaterial;1999 2nd quarter;2;0;2
3368;16+23 Man of wooden and buildingmaterial;1999 July;2;0;2
3369;16+23 Man of wooden and buildingmaterial;1999 August;4;1;3
3370;16+23 Man of wooden and buildingmaterial;1999 September;2;1;1
3371;16+23 Man of wooden and buildingmaterial;1999 3rd quarter;8;2;6
3372;16+23 Man of wooden and buildingmaterial;1999 October;2;1;1
3373;16+23 Man of wooden and buildingmaterial;1999 November;0;0;0
3374;16+23 Man of wooden and buildingmaterial;1999 December;1;0;1
3375;16+23 Man of wooden and buildingmaterial;1999 4th quarter;3;1;2
3376;16+23 Man of wooden and buildingmaterial;1999;27;6;21
3377;16+23 Man of wooden and buildingmaterial;2000 January;0;0;0
3378;16+23 Man of wooden and buildingmaterial;2000 February;1;1;0
3379;16+23 Man of wooden and buildingmaterial;2000 March;4;0;4
3380;16+23 Man of wooden and buildingmaterial;2000 1st quarter;5;1;4
3381;16+23 Man of wooden and buildingmaterial;2000 April;3;1;2
3382;16+23 Man of wooden and buildingmaterial;2000 May;1;0;1
3383;16+23 Man of wooden and buildingmaterial;2000 June;1;0;1
3384;16+23 Man of wooden and buildingmaterial;2000 2nd quarter;5;1;4
3385;16+23 Man of wooden and buildingmaterial;2000 July;1;0;1
3386;16+23 Man of wooden and buildingmaterial;2000 August;1;0;1
3387;16+23 Man of wooden and buildingmaterial;2000 September;1;1;0
3388;16+23 Man of wooden and buildingmaterial;2000 3rd quarter;3;1;2
3389;16+23 Man of wooden and buildingmaterial;2000 October;4;1;3
3390;16+23 Man of wooden and buildingmaterial;2000 November;2;0;2
3391;16+23 Man of wooden and buildingmaterial;2000 December;0;0;0
3392;16+23 Man of wooden and buildingmaterial;2000 4th quarter;6;1;5
3393;16+23 Man of wooden and buildingmaterial;2000;19;4;15
3394;16+23 Man of wooden and buildingmaterial;2001 January;5;2;3
3395;16+23 Man of wooden and buildingmaterial;2001 February;5;0;5
3396;16+23 Man of wooden and buildingmaterial;2001 March;2;1;1
3397;16+23 Man of wooden and buildingmaterial;2001 1st quarter;12;3;9
3398;16+23 Man of wooden and buildingmaterial;2001 April;0;0;0
3399;16+23 Man of wooden and buildingmaterial;2001 May;3;0;3
3400;16+23 Man of wooden and buildingmaterial;2001 June;2;1;1
3401;16+23 Man of wooden and buildingmaterial;2001 2nd quarter;5;1;4
3402;16+23 Man of wooden and buildingmaterial;2001 July;7;0;7
3403;16+23 Man of wooden and buildingmaterial;2001 August;4;1;3
3404;16+23 Man of wooden and buildingmaterial;2001 September;1;0;1
3405;16+23 Man of wooden and buildingmaterial;2001 3rd quarter;12;1;11
3406;16+23 Man of wooden and buildingmaterial;2001 October;2;0;2
3407;16+23 Man of wooden and buildingmaterial;2001 November;2;0;2
3408;16+23 Man of wooden and buildingmaterial;2001 December;2;0;2
3409;16+23 Man of wooden and buildingmaterial;2001 4th quarter;6;0;6
3410;16+23 Man of wooden and buildingmaterial;2001;35;5;30
3411;16+23 Man of wooden and buildingmaterial;2002 January;5;0;5
3412;16+23 Man of wooden and buildingmaterial;2002 February;1;0;1
3413;16+23 Man of wooden and buildingmaterial;2002 March;4;3;1
3414;16+23 Man of wooden and buildingmaterial;2002 1st quarter;10;3;7
3415;16+23 Man of wooden and buildingmaterial;2002 April;3;1;2
3416;16+23 Man of wooden and buildingmaterial;2002 May;3;2;1
3417;16+23 Man of wooden and buildingmaterial;2002 June;2;0;2
3418;16+23 Man of wooden and buildingmaterial;2002 2nd quarter;8;3;5
3419;16+23 Man of wooden and buildingmaterial;2002 July;3;0;3
3420;16+23 Man of wooden and buildingmaterial;2002 August;1;0;1
3421;16+23 Man of wooden and buildingmaterial;2002 September;5;2;3
3422;16+23 Man of wooden and buildingmaterial;2002 3rd quarter;9;2;7
3423;16+23 Man of wooden and buildingmaterial;2002 October;4;1;3
3424;16+23 Man of wooden and buildingmaterial;2002 November;1;0;1
3425;16+23 Man of wooden and buildingmaterial;2002 December;3;1;2
3426;16+23 Man of wooden and buildingmaterial;2002 4th quarter;8;2;6
3427;16+23 Man of wooden and buildingmaterial;2002;35;10;25
3428;16+23 Man of wooden and buildingmaterial;2003 January;5;1;4
3429;16+23 Man of wooden and buildingmaterial;2003 February;4;0;4
3430;16+23 Man of wooden and buildingmaterial;2003 March;3;0;3
3431;16+23 Man of wooden and buildingmaterial;2003 1st quarter;12;1;11
3432;16+23 Man of wooden and buildingmaterial;2003 April;6;2;4
3433;16+23 Man of wooden and buildingmaterial;2003 May;2;0;2
3434;16+23 Man of wooden and buildingmaterial;2003 June;6;1;5
3435;16+23 Man of wooden and buildingmaterial;2003 2nd quarter;14;3;11
3436;16+23 Man of wooden and buildingmaterial;2003 July;3;0;3
3437;16+23 Man of wooden and buildingmaterial;2003 August;4;0;4
3438;16+23 Man of wooden and buildingmaterial;2003 September;4;1;3
3439;16+23 Man of wooden and buildingmaterial;2003 3rd quarter;11;1;10
3440;16+23 Man of wooden and buildingmaterial;2003 October;1;0;1
3441;16+23 Man of wooden and buildingmaterial;2003 November;11;3;8
3442;16+23 Man of wooden and buildingmaterial;2003 December;1;0;1
3443;16+23 Man of wooden and buildingmaterial;2003 4th quarter;13;3;10
3444;16+23 Man of wooden and buildingmaterial;2003;50;8;42
3445;16+23 Man of wooden and buildingmaterial;2004 January;4;2;2
3446;16+23 Man of wooden and buildingmaterial;2004 February;6;1;5
3447;16+23 Man of wooden and buildingmaterial;2004 March;8;0;8
3448;16+23 Man of wooden and buildingmaterial;2004 1st quarter;18;3;15
3449;16+23 Man of wooden and buildingmaterial;2004 April;2;0;2
3450;16+23 Man of wooden and buildingmaterial;2004 May;4;2;2
3451;16+23 Man of wooden and buildingmaterial;2004 June;1;0;1
3452;16+23 Man of wooden and buildingmaterial;2004 2nd quarter;7;2;5
3453;16+23 Man of wooden and buildingmaterial;2004 July;5;0;5
3454;16+23 Man of wooden and buildingmaterial;2004 August;7;2;5
3455;16+23 Man of wooden and buildingmaterial;2004 September;1;0;1
3456;16+23 Man of wooden and buildingmaterial;2004 3rd quarter;13;2;11
3457;16+23 Man of wooden and buildingmaterial;2004 October;2;0;2
3458;16+23 Man of wooden and buildingmaterial;2004 November;0;0;0
3459;16+23 Man of wooden and buildingmaterial;2004 December;1;0;1
3460;16+23 Man of wooden and buildingmaterial;2004 4th quarter;3;0;3
3461;16+23 Man of wooden and buildingmaterial;2004;41;7;34
3462;16+23 Man of wooden and buildingmaterial;2005 January;2;1;1
3463;16+23 Man of wooden and buildingmaterial;2005 February;3;0;3
3464;16+23 Man of wooden and buildingmaterial;2005 March;5;0;5
3465;16+23 Man of wooden and buildingmaterial;2005 1st quarter;10;1;9
3466;16+23 Man of wooden and buildingmaterial;2005 April;2;0;2
3467;16+23 Man of wooden and buildingmaterial;2005 May;3;0;3
3468;16+23 Man of wooden and buildingmaterial;2005 June;4;2;2
3469;16+23 Man of wooden and buildingmaterial;2005 2nd quarter;9;2;7
3470;16+23 Man of wooden and buildingmaterial;2005 July;7;0;7
3471;16+23 Man of wooden and buildingmaterial;2005 August;2;0;2
3472;16+23 Man of wooden and buildingmaterial;2005 September;3;0;3
3473;16+23 Man of wooden and buildingmaterial;2005 3rd quarter;12;0;12
3474;16+23 Man of wooden and buildingmaterial;2005 October;0;0;0
3475;16+23 Man of wooden and buildingmaterial;2005 November;3;1;2
3476;16+23 Man of wooden and buildingmaterial;2005 December;3;3;0
3477;16+23 Man of wooden and buildingmaterial;2005 4th quarter;6;4;2
3478;16+23 Man of wooden and buildingmaterial;2005;37;7;30
3479;16+23 Man of wooden and buildingmaterial;2006 January;3;0;3
3480;16+23 Man of wooden and buildingmaterial;2006 February;3;0;3
3481;16+23 Man of wooden and buildingmaterial;2006 March;5;1;4
3482;16+23 Man of wooden and buildingmaterial;2006 1st quarter;11;1;10
3483;16+23 Man of wooden and buildingmaterial;2006 April;3;0;3
3484;16+23 Man of wooden and buildingmaterial;2006 May;1;1;0
3485;16+23 Man of wooden and buildingmaterial;2006 June;3;0;3
3486;16+23 Man of wooden and buildingmaterial;2006 2nd quarter;7;1;6
3487;16+23 Man of wooden and buildingmaterial;2006 July;5;1;4
3488;16+23 Man of wooden and buildingmaterial;2006 August;5;0;5
3489;16+23 Man of wooden and buildingmaterial;2006 September;3;0;3
3490;16+23 Man of wooden and buildingmaterial;2006 3rd quarter;13;1;12
3491;16+23 Man of wooden and buildingmaterial;2006 October;6;1;5
3492;16+23 Man of wooden and buildingmaterial;2006 November;3;0;3
3493;16+23 Man of wooden and buildingmaterial;2006 December;2;1;1
3494;16+23 Man of wooden and buildingmaterial;2006 4th quarter;11;2;9
3495;16+23 Man of wooden and buildingmaterial;2006;42;5;37
3496;16+23 Man of wooden and buildingmaterial;2007 January;3;0;3
3497;16+23 Man of wooden and buildingmaterial;2007 February;4;0;4
3498;16+23 Man of wooden and buildingmaterial;2007 March;3;0;3
3499;16+23 Man of wooden and buildingmaterial;2007 1st quarter;10;0;10
3500;16+23 Man of wooden and buildingmaterial;2007 April;2;0;2
3501;16+23 Man of wooden and buildingmaterial;2007 May;8;1;7
3502;16+23 Man of wooden and buildingmaterial;2007 June;2;0;2
3503;16+23 Man of wooden and buildingmaterial;2007 2nd quarter;12;1;11
3504;16+23 Man of wooden and buildingmaterial;2007 July;2;0;2
3505;16+23 Man of wooden and buildingmaterial;2007 August;1;0;1
3506;16+23 Man of wooden and buildingmaterial;2007 September;2;0;2
3507;16+23 Man of wooden and buildingmaterial;2007 3rd quarter;5;0;5
3508;16+23 Man of wooden and buildingmaterial;2007 October;4;1;3
3509;16+23 Man of wooden and buildingmaterial;2007 November;2;1;1
3510;16+23 Man of wooden and buildingmaterial;2007 December;2;0;2
3511;16+23 Man of wooden and buildingmaterial;2007 4th quarter;8;2;6
3512;16+23 Man of wooden and buildingmaterial;2007;35;3;32
3513;16+23 Man of wooden and buildingmaterial;2008 January;5;1;4
3514;16+23 Man of wooden and buildingmaterial;2008 February;3;0;3
3515;16+23 Man of wooden and buildingmaterial;2008 March;1;0;1
3516;16+23 Man of wooden and buildingmaterial;2008 1st quarter;9;1;8
3517;16+23 Man of wooden and buildingmaterial;2008 April;1;0;1
3518;16+23 Man of wooden and buildingmaterial;2008 May;0;0;0
3519;16+23 Man of wooden and buildingmaterial;2008 June;2;0;2
3520;16+23 Man of wooden and buildingmaterial;2008 2nd quarter;3;0;3
3521;16+23 Man of wooden and buildingmaterial;2008 July;3;0;3
3522;16+23 Man of wooden and buildingmaterial;2008 August;1;0;1
3523;16+23 Man of wooden and buildingmaterial;2008 September;7;0;7
3524;16+23 Man of wooden and buildingmaterial;2008 3rd quarter;11;0;11
3525;16+23 Man of wooden and buildingmaterial;2008 October;2;0;2
3526;16+23 Man of wooden and buildingmaterial;2008 November;6;0;6
3527;16+23 Man of wooden and buildingmaterial;2008 December;1;1;0
3528;16+23 Man of wooden and buildingmaterial;2008 4th quarter;9;1;8
3529;16+23 Man of wooden and buildingmaterial;2008;32;2;30
3530;16+23 Man of wooden and buildingmaterial;2009 January;2;0;2
3531;16+23 Man of wooden and buildingmaterial;2009 February;5;1;4
3532;16+23 Man of wooden and buildingmaterial;2009 March;10;0;10
3533;16+23 Man of wooden and buildingmaterial;2009 1st quarter;17;1;16
3534;16+23 Man of wooden and buildingmaterial;2009 April;3;1;2
3535;16+23 Man of wooden and buildingmaterial;2009 May;1;0;1
3536;16+23 Man of wooden and buildingmaterial;2009 June;2;0;2
3537;16+23 Man of wooden and buildingmaterial;2009 2nd quarter;6;1;5
3538;16+23 Man of wooden and buildingmaterial;2009 July;5;0;5
3539;16+23 Man of wooden and buildingmaterial;2009 August;2;0;2
3540;16+23 Man of wooden and buildingmaterial;2009 September;6;0;6
3541;16+23 Man of wooden and buildingmaterial;2009 3rd quarter;13;0;13
3542;16+23 Man of wooden and buildingmaterial;2009 October;3;0;3
3543;16+23 Man of wooden and buildingmaterial;2009 November;4;0;4
3544;16+23 Man of wooden and buildingmaterial;2009 December;4;1;3
3545;16+23 Man of wooden and buildingmaterial;2009 4th quarter;11;1;10
3546;16+23 Man of wooden and buildingmaterial;2009;47;3;44
3547;16+23 Man of wooden and buildingmaterial;2010 January;4;1;3
3548;16+23 Man of wooden and buildingmaterial;2010 February;3;0;3
3549;16+23 Man of wooden and buildingmaterial;2010 March;7;0;7
3550;16+23 Man of wooden and buildingmaterial;2010 1st quarter;14;1;13
3551;16+23 Man of wooden and buildingmaterial;2010 April;4;0;4
3552;16+23 Man of wooden and buildingmaterial;2010 May;2;0;2
3553;16+23 Man of wooden and buildingmaterial;2010 June;5;0;5
3554;16+23 Man of wooden and buildingmaterial;2010 2nd quarter;11;0;11
3555;16+23 Man of wooden and buildingmaterial;2010 July;12;0;12
3556;16+23 Man of wooden and buildingmaterial;2010 August;4;0;4
3557;16+23 Man of wooden and buildingmaterial;2010 September;2;0;2
3558;16+23 Man of wooden and buildingmaterial;2010 3rd quarter;18;0;18
3559;16+23 Man of wooden and buildingmaterial;2010 October;10;2;8
3560;16+23 Man of wooden and buildingmaterial;2010 November;5;1;4
3561;16+23 Man of wooden and buildingmaterial;2010 December;7;1;6
3562;16+23 Man of wooden and buildingmaterial;2010 4th quarter;22;4;18
3563;16+23 Man of wooden and buildingmaterial;2010;65;5;60
3564;16+23 Man of wooden and buildingmaterial;2011 January;7;0;7
3565;16+23 Man of wooden and buildingmaterial;2011 February;6;0;6
3566;16+23 Man of wooden and buildingmaterial;2011 March;8;0;8
3567;16+23 Man of wooden and buildingmaterial;2011 1st quarter;21;0;21
3568;16+23 Man of wooden and buildingmaterial;2011 April;8;0;8
3569;16+23 Man of wooden and buildingmaterial;2011 May;6;2;4
3570;16+23 Man of wooden and buildingmaterial;2011 June;1;0;1
3571;16+23 Man of wooden and buildingmaterial;2011 2nd quarter;15;2;13
3572;16+23 Man of wooden and buildingmaterial;2011 July;2;0;2
3573;16+23 Man of wooden and buildingmaterial;2011 August;5;1;4
3574;16+23 Man of wooden and buildingmaterial;2011 September;13;1;12
3575;16+23 Man of wooden and buildingmaterial;2011 3rd quarter;20;2;18
3576;16+23 Man of wooden and buildingmaterial;2011 October;7;0;7
3577;16+23 Man of wooden and buildingmaterial;2011 November;3;1;2
3578;16+23 Man of wooden and buildingmaterial;2011 December;6;0;6
3579;16+23 Man of wooden and buildingmaterial;2011 4th quarter;16;1;15
3580;16+23 Man of wooden and buildingmaterial;2011;72;5;67
3581;16+23 Man of wooden and buildingmaterial;2012 January;16;1;15
3582;16+23 Man of wooden and buildingmaterial;2012 February;11;0;11
3583;16+23 Man of wooden and buildingmaterial;2012 March;4;0;4
3584;16+23 Man of wooden and buildingmaterial;2012 1st quarter;31;1;30
3585;16+23 Man of wooden and buildingmaterial;2012 April;11;0;11
3586;16+23 Man of wooden and buildingmaterial;2012 May;14;2;12
3587;16+23 Man of wooden and buildingmaterial;2012 June;5;0;5
3588;16+23 Man of wooden and buildingmaterial;2012 2nd quarter;30;2;28
3589;16+23 Man of wooden and buildingmaterial;2012 July ;3;0;3
3590;16+23 Man of wooden and buildingmaterial;2012 August;10;0;10
3591;16+23 Man of wooden and buildingmaterial;2012 September;5;0;5
3592;16+23 Man of wooden and buildingmaterial;2012 3rd quarter;18;0;18
3593;16+23 Man of wooden and buildingmaterial;2012 October;8;0;8
3594;16+23 Man of wooden and buildingmaterial;2012 November;5;1;4
3595;16+23 Man of wooden and buildingmaterial;2012 December;9;2;7
3596;16+23 Man of wooden and buildingmaterial;2012 4th quarter;22;3;19
3597;16+23 Man of wooden and buildingmaterial;2012;101;6;95
3598;16+23 Man of wooden and buildingmaterial;2013 January;5;1;4
3599;16+23 Man of wooden and buildingmaterial;2013 February;11;1;10
3600;16+23 Man of wooden and buildingmaterial;2013 March;12;0;12
3601;16+23 Man of wooden and buildingmaterial;2013 1st quarter;28;2;26
3602;16+23 Man of wooden and buildingmaterial;2013 April;18;0;18
3603;16+23 Man of wooden and buildingmaterial;2013 May;10;0;10
3604;16+23 Man of wooden and buildingmaterial;2013 June;13;0;13
3605;16+23 Man of wooden and buildingmaterial;2013 2nd quarter;41;0;41
3606;16+23 Man of wooden and buildingmaterial;2013 July;6;0;6
3607;16+23 Man of wooden and buildingmaterial;2013 August;10;0;10
3608;16+23 Man of wooden and buildingmaterial;2013 September;4;0;4
3609;16+23 Man of wooden and buildingmaterial;2013 3rd quarter;20;0;20
3610;16+23 Man of wooden and buildingmaterial;2013 October;5;0;5
3611;16+23 Man of wooden and buildingmaterial;2013 November;9;1;8
3612;16+23 Man of wooden and buildingmaterial;2013 December;6;1;5
3613;16+23 Man of wooden and buildingmaterial;2013 4th quarter;20;2;18
3614;16+23 Man of wooden and buildingmaterial;2013;109;4;105
3615;16+23 Man of wooden and buildingmaterial;2014 January;10;1;9
3616;16+23 Man of wooden and buildingmaterial;2014 February;16;0;16
3617;16+23 Man of wooden and buildingmaterial;2014 March;4;0;4
3618;16+23 Man of wooden and buildingmaterial;2014 1st quarter;30;1;29
3619;16+23 Man of wooden and buildingmaterial;2014 April;9;0;9
3620;17-18 Manufacture of paper and printing;1993 January;6;1;5
3621;17-18 Manufacture of paper and printing;1993 February;5;3;2
3622;17-18 Manufacture of paper and printing;1993 March;10;2;8
3623;17-18 Manufacture of paper and printing;1993 1st quarter;21;6;15
3624;17-18 Manufacture of paper and printing;1993 April;4;4;0
3625;17-18 Manufacture of paper and printing;1993 May;8;2;6
3626;17-18 Manufacture of paper and printing;1993 June;8;2;6
3627;17-18 Manufacture of paper and printing;1993 2nd quarter;20;8;12
3628;17-18 Manufacture of paper and printing;1993 July;9;5;4
3629;17-18 Manufacture of paper and printing;1993 August;7;1;6
3630;17-18 Manufacture of paper and printing;1993 September;8;2;6
3631;17-18 Manufacture of paper and printing;1993 3rd quarter;24;8;16
3632;17-18 Manufacture of paper and printing;1993 October;5;2;3
3633;17-18 Manufacture of paper and printing;1993 November;7;1;6
3634;17-18 Manufacture of paper and printing;1993 December;7;2;5
3635;17-18 Manufacture of paper and printing;1993 4th quarter;19;5;14
3636;17-18 Manufacture of paper and printing;1993;84;27;57
3637;17-18 Manufacture of paper and printing;1994 January;5;2;3
3638;17-18 Manufacture of paper and printing;1994 February;11;5;6
3639;17-18 Manufacture of paper and printing;1994 March;14;2;12
3640;17-18 Manufacture of paper and printing;1994 1st quarter;30;9;21
3641;17-18 Manufacture of paper and printing;1994 April;10;2;8
3642;17-18 Manufacture of paper and printing;1994 May;12;4;8
3643;17-18 Manufacture of paper and printing;1994 June;10;2;8
3644;17-18 Manufacture of paper and printing;1994 2nd quarter;32;8;24
3645;17-18 Manufacture of paper and printing;1994 July;6;1;5
3646;17-18 Manufacture of paper and printing;1994 August;9;1;8
3647;17-18 Manufacture of paper and printing;1994 September;11;2;9
3648;17-18 Manufacture of paper and printing;1994 3rd quarter;26;4;22
3649;17-18 Manufacture of paper and printing;1994 October;5;2;3
3650;17-18 Manufacture of paper and printing;1994 November;5;2;3
3651;17-18 Manufacture of paper and printing;1994 December;3;1;2
3652;17-18 Manufacture of paper and printing;1994 4th quarter;13;5;8
3653;17-18 Manufacture of paper and printing;1994;101;26;75
3654;17-18 Manufacture of paper and printing;1995 January;4;2;2
3655;17-18 Manufacture of paper and printing;1995 February;0;0;0
3656;17-18 Manufacture of paper and printing;1995 March;8;2;6
3657;17-18 Manufacture of paper and printing;1995 1st quarter;12;4;8
3658;17-18 Manufacture of paper and printing;1995 April;10;2;8
3659;17-18 Manufacture of paper and printing;1995 May;5;2;3
3660;17-18 Manufacture of paper and printing;1995 June;4;1;3
3661;17-18 Manufacture of paper and printing;1995 2nd quarter;19;5;14
3662;17-18 Manufacture of paper and printing;1995 July;3;0;3
3663;17-18 Manufacture of paper and printing;1995 August;6;2;4
3664;17-18 Manufacture of paper and printing;1995 September;5;3;2
3665;17-18 Manufacture of paper and printing;1995 3rd quarter;14;5;9
3666;17-18 Manufacture of paper and printing;1995 October;5;1;4
3667;17-18 Manufacture of paper and printing;1995 November;4;1;3
3668;17-18 Manufacture of paper and printing;1995 December;1;1;0
3669;17-18 Manufacture of paper and printing;1995 4th quarter;10;3;7
3670;17-18 Manufacture of paper and printing;1995;55;17;38
3671;17-18 Manufacture of paper and printing;1996 January;6;3;3
3672;17-18 Manufacture of paper and printing;1996 February;6;4;2
3673;17-18 Manufacture of paper and printing;1996 March;5;2;3
3674;17-18 Manufacture of paper and printing;1996 1st quarter;17;9;8
3675;17-18 Manufacture of paper and printing;1996 April;6;3;3
3676;17-18 Manufacture of paper and printing;1996 May;2;1;1
3677;17-18 Manufacture of paper and printing;1996 June;2;1;1
3678;17-18 Manufacture of paper and printing;1996 2nd quarter;10;5;5
3679;17-18 Manufacture of paper and printing;1996 July;5;1;4
3680;17-18 Manufacture of paper and printing;1996 August;1;1;0
3681;17-18 Manufacture of paper and printing;1996 September;7;1;6
3682;17-18 Manufacture of paper and printing;1996 3rd quarter;13;3;10
3683;17-18 Manufacture of paper and printing;1996 October;6;5;1
3684;17-18 Manufacture of paper and printing;1996 November;3;1;2
3685;17-18 Manufacture of paper and printing;1996 December;8;2;6
3686;17-18 Manufacture of paper and printing;1996 4th quarter;17;8;9
3687;17-18 Manufacture of paper and printing;1996;57;25;32
3688;17-18 Manufacture of paper and printing;1997 January;3;0;3
3689;17-18 Manufacture of paper and printing;1997 February;1;0;1
3690;17-18 Manufacture of paper and printing;1997 March;5;0;5
3691;17-18 Manufacture of paper and printing;1997 1st quarter;9;0;9
3692;17-18 Manufacture of paper and printing;1997 April;0;0;0
3693;17-18 Manufacture of paper and printing;1997 May;1;0;1
3694;17-18 Manufacture of paper and printing;1997 June;3;2;1
3695;17-18 Manufacture of paper and printing;1997 2nd quarter;4;2;2
3696;17-18 Manufacture of paper and printing;1997 July;3;0;3
3697;17-18 Manufacture of paper and printing;1997 August;2;1;1
3698;17-18 Manufacture of paper and printing;1997 September;3;1;2
3699;17-18 Manufacture of paper and printing;1997 3rd quarter;8;2;6
3700;17-18 Manufacture of paper and printing;1997 October;5;2;3
3701;17-18 Manufacture of paper and printing;1997 November;1;1;0
3702;17-18 Manufacture of paper and printing;1997 December;3;1;2
3703;17-18 Manufacture of paper and printing;1997 4th quarter;9;4;5
3704;17-18 Manufacture of paper and printing;1997;30;8;22
3705;17-18 Manufacture of paper and printing;1998 January;3;1;2
3706;17-18 Manufacture of paper and printing;1998 February;4;3;1
3707;17-18 Manufacture of paper and printing;1998 March;8;1;7
3708;17-18 Manufacture of paper and printing;1998 1st quarter;15;5;10
3709;17-18 Manufacture of paper and printing;1998 April;4;0;4
3710;17-18 Manufacture of paper and printing;1998 May;0;0;0
3711;17-18 Manufacture of paper and printing;1998 June;5;0;5
3712;17-18 Manufacture of paper and printing;1998 2nd quarter;9;0;9
3713;17-18 Manufacture of paper and printing;1998 July;1;0;1
3714;17-18 Manufacture of paper and printing;1998 August;5;1;4
3715;17-18 Manufacture of paper and printing;1998 September;12;4;8
3716;17-18 Manufacture of paper and printing;1998 3rd quarter;18;5;13
3717;17-18 Manufacture of paper and printing;1998 October;4;2;2
3718;17-18 Manufacture of paper and printing;1998 November;2;2;0
3719;17-18 Manufacture of paper and printing;1998 December;1;0;1
3720;17-18 Manufacture of paper and printing;1998 4th quarter;7;4;3
3721;17-18 Manufacture of paper and printing;1998;49;14;35
3722;17-18 Manufacture of paper and printing;1999 January;4;0;4
3723;17-18 Manufacture of paper and printing;1999 February;0;0;0
3724;17-18 Manufacture of paper and printing;1999 March;1;0;1
3725;17-18 Manufacture of paper and printing;1999 1st quarter;5;0;5
3726;17-18 Manufacture of paper and printing;1999 April;3;0;3
3727;17-18 Manufacture of paper and printing;1999 May;4;1;3
3728;17-18 Manufacture of paper and printing;1999 June;6;2;4
3729;17-18 Manufacture of paper and printing;1999 2nd quarter;13;3;10
3730;17-18 Manufacture of paper and printing;1999 July;3;0;3
3731;17-18 Manufacture of paper and printing;1999 August;4;1;3
3732;17-18 Manufacture of paper and printing;1999 September;5;1;4
3733;17-18 Manufacture of paper and printing;1999 3rd quarter;12;2;10
3734;17-18 Manufacture of paper and printing;1999 October;5;2;3
3735;17-18 Manufacture of paper and printing;1999 November;2;0;2
3736;17-18 Manufacture of paper and printing;1999 December;3;1;2
3737;17-18 Manufacture of paper and printing;1999 4th quarter;10;3;7
3738;17-18 Manufacture of paper and printing;1999;40;8;32
3739;17-18 Manufacture of paper and printing;2000 January;1;0;1
3740;17-18 Manufacture of paper and printing;2000 February;1;0;1
3741;17-18 Manufacture of paper and printing;2000 March;1;0;1
3742;17-18 Manufacture of paper and printing;2000 1st quarter;3;0;3
3743;17-18 Manufacture of paper and printing;2000 April;0;0;0
3744;17-18 Manufacture of paper and printing;2000 May;2;0;2
3745;17-18 Manufacture of paper and printing;2000 June;3;0;3
3746;17-18 Manufacture of paper and printing;2000 2nd quarter;5;0;5
3747;17-18 Manufacture of paper and printing;2000 July;7;1;6
3748;17-18 Manufacture of paper and printing;2000 August;6;1;5
3749;17-18 Manufacture of paper and printing;2000 September;6;0;6
3750;17-18 Manufacture of paper and printing;2000 3rd quarter;19;2;17
3751;17-18 Manufacture of paper and printing;2000 October;7;1;6
3752;17-18 Manufacture of paper and printing;2000 November;6;0;6
3753;17-18 Manufacture of paper and printing;2000 December;3;1;2
3754;17-18 Manufacture of paper and printing;2000 4th quarter;16;2;14
3755;17-18 Manufacture of paper and printing;2000;43;4;39
3756;17-18 Manufacture of paper and printing;2001 January;4;1;3
3757;17-18 Manufacture of paper and printing;2001 February;2;0;2
3758;17-18 Manufacture of paper and printing;2001 March;3;0;3
3759;17-18 Manufacture of paper and printing;2001 1st quarter;9;1;8
3760;17-18 Manufacture of paper and printing;2001 April;4;0;4
3761;17-18 Manufacture of paper and printing;2001 May;4;0;4
3762;17-18 Manufacture of paper and printing;2001 June;5;1;4
3763;17-18 Manufacture of paper and printing;2001 2nd quarter;13;1;12
3764;17-18 Manufacture of paper and printing;2001 July;6;0;6
3765;17-18 Manufacture of paper and printing;2001 August;8;1;7
3766;17-18 Manufacture of paper and printing;2001 September;5;0;5
3767;17-18 Manufacture of paper and printing;2001 3rd quarter;19;1;18
3768;17-18 Manufacture of paper and printing;2001 October;14;2;12
3769;17-18 Manufacture of paper and printing;2001 November;7;1;6
3770;17-18 Manufacture of paper and printing;2001 December;8;1;7
3771;17-18 Manufacture of paper and printing;2001 4th quarter;29;4;25
3772;17-18 Manufacture of paper and printing;2001;70;7;63
3773;17-18 Manufacture of paper and printing;2002 January;8;2;6
3774;17-18 Manufacture of paper and printing;2002 February;5;0;5
3775;17-18 Manufacture of paper and printing;2002 March;1;0;1
3776;17-18 Manufacture of paper and printing;2002 1st quarter;14;2;12
3777;17-18 Manufacture of paper and printing;2002 April;1;0;1
3778;17-18 Manufacture of paper and printing;2002 May;6;0;6
3779;17-18 Manufacture of paper and printing;2002 June;4;0;4
3780;17-18 Manufacture of paper and printing;2002 2nd quarter;11;0;11
3781;17-18 Manufacture of paper and printing;2002 July;6;0;6
3782;17-18 Manufacture of paper and printing;2002 August;2;1;1
3783;17-18 Manufacture of paper and printing;2002 September;10;1;9
3784;17-18 Manufacture of paper and printing;2002 3rd quarter;18;2;16
3785;17-18 Manufacture of paper and printing;2002 October;9;0;9
3786;17-18 Manufacture of paper and printing;2002 November;4;0;4
3787;17-18 Manufacture of paper and printing;2002 December;10;0;10
3788;17-18 Manufacture of paper and printing;2002 4th quarter;23;0;23
3789;17-18 Manufacture of paper and printing;2002;66;4;62
3790;17-18 Manufacture of paper and printing;2003 January;6;1;5
3791;17-18 Manufacture of paper and printing;2003 February;5;0;5
3792;17-18 Manufacture of paper and printing;2003 March;8;0;8
3793;17-18 Manufacture of paper and printing;2003 1st quarter;19;1;18
3794;17-18 Manufacture of paper and printing;2003 April;2;0;2
3795;17-18 Manufacture of paper and printing;2003 May;7;0;7
3796;17-18 Manufacture of paper and printing;2003 June;15;0;15
3797;17-18 Manufacture of paper and printing;2003 2nd quarter;24;0;24
3798;17-18 Manufacture of paper and printing;2003 July;9;0;9
3799;17-18 Manufacture of paper and printing;2003 August;13;1;12
3800;17-18 Manufacture of paper and printing;2003 September;13;1;12
3801;17-18 Manufacture of paper and printing;2003 3rd quarter;35;2;33
3802;17-18 Manufacture of paper and printing;2003 October;7;1;6
3803;17-18 Manufacture of paper and printing;2003 November;6;0;6
3804;17-18 Manufacture of paper and printing;2003 December;9;1;8
3805;17-18 Manufacture of paper and printing;2003 4th quarter;22;2;20
3806;17-18 Manufacture of paper and printing;2003;100;5;95
3807;17-18 Manufacture of paper and printing;2004 January;10;1;9
3808;17-18 Manufacture of paper and printing;2004 February;5;1;4
3809;17-18 Manufacture of paper and printing;2004 March;10;0;10
3810;17-18 Manufacture of paper and printing;2004 1st quarter;25;2;23
3811;17-18 Manufacture of paper and printing;2004 April;5;1;4
3812;17-18 Manufacture of paper and printing;2004 May;4;0;4
3813;17-18 Manufacture of paper and printing;2004 June;8;0;8
3814;17-18 Manufacture of paper and printing;2004 2nd quarter;17;1;16
3815;17-18 Manufacture of paper and printing;2004 July;7;1;6
3816;17-18 Manufacture of paper and printing;2004 August;11;3;8
3817;17-18 Manufacture of paper and printing;2004 September;7;0;7
3818;17-18 Manufacture of paper and printing;2004 3rd quarter;25;4;21
3819;17-18 Manufacture of paper and printing;2004 October;6;0;6
3820;17-18 Manufacture of paper and printing;2004 November;6;0;6
3821;17-18 Manufacture of paper and printing;2004 December;9;0;9
3822;17-18 Manufacture of paper and printing;2004 4th quarter;21;0;21
3823;17-18 Manufacture of paper and printing;2004;88;7;81
3824;17-18 Manufacture of paper and printing;2005 January;7;0;7
3825;17-18 Manufacture of paper and printing;2005 February;6;1;5
3826;17-18 Manufacture of paper and printing;2005 March;5;0;5
3827;17-18 Manufacture of paper and printing;2005 1st quarter;18;1;17
3828;17-18 Manufacture of paper and printing;2005 April;5;0;5
3829;17-18 Manufacture of paper and printing;2005 May;3;1;2
3830;17-18 Manufacture of paper and printing;2005 June;4;1;3
3831;17-18 Manufacture of paper and printing;2005 2nd quarter;12;2;10
3832;17-18 Manufacture of paper and printing;2005 July;4;2;2
3833;17-18 Manufacture of paper and printing;2005 August;13;2;11
3834;17-18 Manufacture of paper and printing;2005 September;16;1;15
3835;17-18 Manufacture of paper and printing;2005 3rd quarter;33;5;28
3836;17-18 Manufacture of paper and printing;2005 October;8;0;8
3837;17-18 Manufacture of paper and printing;2005 November;7;1;6
3838;17-18 Manufacture of paper and printing;2005 December;4;0;4
3839;17-18 Manufacture of paper and printing;2005 4th quarter;19;1;18
3840;17-18 Manufacture of paper and printing;2005;82;9;73
3841;17-18 Manufacture of paper and printing;2006 January;5;0;5
3842;17-18 Manufacture of paper and printing;2006 February;5;0;5
3843;17-18 Manufacture of paper and printing;2006 March;3;1;2
3844;17-18 Manufacture of paper and printing;2006 1st quarter;13;1;12
3845;17-18 Manufacture of paper and printing;2006 April;5;0;5
3846;17-18 Manufacture of paper and printing;2006 May;8;3;5
3847;17-18 Manufacture of paper and printing;2006 June;5;0;5
3848;17-18 Manufacture of paper and printing;2006 2nd quarter;18;3;15
3849;17-18 Manufacture of paper and printing;2006 July;2;0;2
3850;17-18 Manufacture of paper and printing;2006 August;3;0;3
3851;17-18 Manufacture of paper and printing;2006 September;3;0;3
3852;17-18 Manufacture of paper and printing;2006 3rd quarter;8;0;8
3853;17-18 Manufacture of paper and printing;2006 October;4;0;4
3854;17-18 Manufacture of paper and printing;2006 November;3;0;3
3855;17-18 Manufacture of paper and printing;2006 December;4;1;3
3856;17-18 Manufacture of paper and printing;2006 4th quarter;11;1;10
3857;17-18 Manufacture of paper and printing;2006;50;5;45
3858;17-18 Manufacture of paper and printing;2007 January;6;0;6
3859;17-18 Manufacture of paper and printing;2007 February;3;1;2
3860;17-18 Manufacture of paper and printing;2007 March;1;0;1
3861;17-18 Manufacture of paper and printing;2007 1st quarter;10;1;9
3862;17-18 Manufacture of paper and printing;2007 April;7;0;7
3863;17-18 Manufacture of paper and printing;2007 May;3;0;3
3864;17-18 Manufacture of paper and printing;2007 June;5;2;3
3865;17-18 Manufacture of paper and printing;2007 2nd quarter;15;2;13
3866;17-18 Manufacture of paper and printing;2007 July;8;0;8
3867;17-18 Manufacture of paper and printing;2007 August;4;0;4
3868;17-18 Manufacture of paper and printing;2007 September;7;0;7
3869;17-18 Manufacture of paper and printing;2007 3rd quarter;19;0;19
3870;17-18 Manufacture of paper and printing;2007 October;5;0;5
3871;17-18 Manufacture of paper and printing;2007 November;4;0;4
3872;17-18 Manufacture of paper and printing;2007 December;4;1;3
3873;17-18 Manufacture of paper and printing;2007 4th quarter;13;1;12
3874;17-18 Manufacture of paper and printing;2007;57;4;53
3875;17-18 Manufacture of paper and printing;2008 January;8;2;6
3876;17-18 Manufacture of paper and printing;2008 February;3;0;3
3877;17-18 Manufacture of paper and printing;2008 March;4;0;4
3878;17-18 Manufacture of paper and printing;2008 1st quarter;15;2;13
3879;17-18 Manufacture of paper and printing;2008 April;10;0;10
3880;17-18 Manufacture of paper and printing;2008 May;2;0;2
3881;17-18 Manufacture of paper and printing;2008 June;8;1;7
3882;17-18 Manufacture of paper and printing;2008 2nd quarter;20;1;19
3883;17-18 Manufacture of paper and printing;2008 July;0;0;0
3884;17-18 Manufacture of paper and printing;2008 August;2;0;2
3885;17-18 Manufacture of paper and printing;2008 September;4;0;4
3886;17-18 Manufacture of paper and printing;2008 3rd quarter;6;0;6
3887;17-18 Manufacture of paper and printing;2008 October;4;1;3
3888;17-18 Manufacture of paper and printing;2008 November;7;0;7
3889;17-18 Manufacture of paper and printing;2008 December;9;2;7
3890;17-18 Manufacture of paper and printing;2008 4th quarter;20;3;17
3891;17-18 Manufacture of paper and printing;2008;61;6;55
3892;17-18 Manufacture of paper and printing;2009 January;7;0;7
3893;17-18 Manufacture of paper and printing;2009 February;12;0;12
3894;17-18 Manufacture of paper and printing;2009 March;17;0;17
3895;17-18 Manufacture of paper and printing;2009 1st quarter;36;0;36
3896;17-18 Manufacture of paper and printing;2009 April;4;0;4
3897;17-18 Manufacture of paper and printing;2009 May;12;0;12
3898;17-18 Manufacture of paper and printing;2009 June;28;1;27
3899;17-18 Manufacture of paper and printing;2009 2nd quarter;44;1;43
3900;17-18 Manufacture of paper and printing;2009 July;3;0;3
3901;17-18 Manufacture of paper and printing;2009 August;10;1;9
3902;17-18 Manufacture of paper and printing;2009 September;5;0;5
3903;17-18 Manufacture of paper and printing;2009 3rd quarter;18;1;17
3904;17-18 Manufacture of paper and printing;2009 October;10;1;9
3905;17-18 Manufacture of paper and printing;2009 November;4;0;4
3906;17-18 Manufacture of paper and printing;2009 December;6;1;5
3907;17-18 Manufacture of paper and printing;2009 4th quarter;20;2;18
3908;17-18 Manufacture of paper and printing;2009;118;4;114
3909;17-18 Manufacture of paper and printing;2010 January;10;0;10
3910;17-18 Manufacture of paper and printing;2010 February;16;0;16
3911;17-18 Manufacture of paper and printing;2010 March;13;0;13
3912;17-18 Manufacture of paper and printing;2010 1st quarter;39;0;39
3913;17-18 Manufacture of paper and printing;2010 April;7;0;7
3914;17-18 Manufacture of paper and printing;2010 May;6;0;6
3915;17-18 Manufacture of paper and printing;2010 June;17;1;16
3916;17-18 Manufacture of paper and printing;2010 2nd quarter;30;1;29
3917;17-18 Manufacture of paper and printing;2010 July;3;0;3
3918;17-18 Manufacture of paper and printing;2010 August;16;2;14
3919;17-18 Manufacture of paper and printing;2010 September;7;0;7
3920;17-18 Manufacture of paper and printing;2010 3rd quarter;26;2;24
3921;17-18 Manufacture of paper and printing;2010 October;33;1;32
3922;17-18 Manufacture of paper and printing;2010 November;13;1;12
3923;17-18 Manufacture of paper and printing;2010 December;10;0;10
3924;17-18 Manufacture of paper and printing;2010 4th quarter;56;2;54
3925;17-18 Manufacture of paper and printing;2010;151;5;146
3926;17-18 Manufacture of paper and printing;2011 January;9;1;8
3927;17-18 Manufacture of paper and printing;2011 February;8;1;7
3928;17-18 Manufacture of paper and printing;2011 March;17;1;16
3929;17-18 Manufacture of paper and printing;2011 1st quarter;34;3;31
3930;17-18 Manufacture of paper and printing;2011 April;9;0;9
3931;17-18 Manufacture of paper and printing;2011 May;13;0;13
3932;17-18 Manufacture of paper and printing;2011 June;12;0;12
3933;17-18 Manufacture of paper and printing;2011 2nd quarter;34;0;34
3934;17-18 Manufacture of paper and printing;2011 July;15;0;15
3935;17-18 Manufacture of paper and printing;2011 August;12;0;12
3936;17-18 Manufacture of paper and printing;2011 September;18;2;16
3937;17-18 Manufacture of paper and printing;2011 3rd quarter;45;2;43
3938;17-18 Manufacture of paper and printing;2011 October;12;0;12
3939;17-18 Manufacture of paper and printing;2011 November;17;0;17
3940;17-18 Manufacture of paper and printing;2011 December;4;0;4
3941;17-18 Manufacture of paper and printing;2011 4th quarter;33;0;33
3942;17-18 Manufacture of paper and printing;2011;146;5;141
3943;17-18 Manufacture of paper and printing;2012 January;9;2;7
3944;17-18 Manufacture of paper and printing;2012 February;9;0;9
3945;17-18 Manufacture of paper and printing;2012 March;7;0;7
3946;17-18 Manufacture of paper and printing;2012 1st quarter;25;2;23
3947;17-18 Manufacture of paper and printing;2012 April;4;0;4
3948;17-18 Manufacture of paper and printing;2012 May;8;0;8
3949;17-18 Manufacture of paper and printing;2012 June;7;1;6
3950;17-18 Manufacture of paper and printing;2012 2nd quarter;19;1;18
3951;17-18 Manufacture of paper and printing;2012 July ;15;0;15
3952;17-18 Manufacture of paper and printing;2012 August;8;0;8
3953;17-18 Manufacture of paper and printing;2012 September;8;3;5
3954;17-18 Manufacture of paper and printing;2012 3rd quarter;31;3;28
3955;17-18 Manufacture of paper and printing;2012 October;17;0;17
3956;17-18 Manufacture of paper and printing;2012 November;6;0;6
3957;17-18 Manufacture of paper and printing;2012 December;12;0;12
3958;17-18 Manufacture of paper and printing;2012 4th quarter;35;0;35
3959;17-18 Manufacture of paper and printing;2012;110;6;104
3960;17-18 Manufacture of paper and printing;2013 January;9;0;9
3961;17-18 Manufacture of paper and printing;2013 February;14;0;14
3962;17-18 Manufacture of paper and printing;2013 March;11;1;10
3963;17-18 Manufacture of paper and printing;2013 1st quarter;34;1;33
3964;17-18 Manufacture of paper and printing;2013 April;13;0;13
3965;17-18 Manufacture of paper and printing;2013 May;12;1;11
3966;17-18 Manufacture of paper and printing;2013 June;6;0;6
3967;17-18 Manufacture of paper and printing;2013 2nd quarter;31;1;30
3968;17-18 Manufacture of paper and printing;2013 July;11;0;11
3969;17-18 Manufacture of paper and printing;2013 August;4;0;4
3970;17-18 Manufacture of paper and printing;2013 September;6;1;5
3971;17-18 Manufacture of paper and printing;2013 3rd quarter;21;1;20
3972;17-18 Manufacture of paper and printing;2013 October;12;2;10
3973;17-18 Manufacture of paper and printing;2013 November;8;1;7
3974;17-18 Manufacture of paper and printing;2013 December;5;0;5
3975;17-18 Manufacture of paper and printing;2013 4th quarter;25;3;22
3976;17-18 Manufacture of paper and printing;2013;111;6;105
3977;17-18 Manufacture of paper and printing;2014 January;7;1;6
3978;17-18 Manufacture of paper and printing;2014 February;9;0;9
3979;17-18 Manufacture of paper and printing;2014 March;16;0;16
3980;17-18 Manufacture of paper and printing;2014 1st quarter;32;1;31
3981;17-18 Manufacture of paper and printing;2014 April;17;2;15
3982;19-22 Refineries and chemistry;1993 January;2;0;2
3983;19-22 Refineries and chemistry;1993 February;5;3;2
3984;19-22 Refineries and chemistry;1993 March;7;1;6
3985;19-22 Refineries and chemistry;1993 1st quarter;14;4;10
3986;19-22 Refineries and chemistry;1993 April;2;1;1
3987;19-22 Refineries and chemistry;1993 May;11;3;8
3988;19-22 Refineries and chemistry;1993 June;8;3;5
3989;19-22 Refineries and chemistry;1993 2nd quarter;21;7;14
3990;19-22 Refineries and chemistry;1993 July;8;3;5
3991;19-22 Refineries and chemistry;1993 August;4;1;3
3992;19-22 Refineries and chemistry;1993 September;2;0;2
3993;19-22 Refineries and chemistry;1993 3rd quarter;14;4;10
3994;19-22 Refineries and chemistry;1993 October;5;2;3
3995;19-22 Refineries and chemistry;1993 November;4;1;3
3996;19-22 Refineries and chemistry;1993 December;4;1;3
3997;19-22 Refineries and chemistry;1993 4th quarter;13;4;9
3998;19-22 Refineries and chemistry;1993;62;19;43
3999;19-22 Refineries and chemistry;1994 January;2;0;2
4000;19-22 Refineries and chemistry;1994 February;2;1;1
4001;19-22 Refineries and chemistry;1994 March;1;1;0
4002;19-22 Refineries and chemistry;1994 1st quarter;5;2;3
4003;19-22 Refineries and chemistry;1994 April;2;0;2
4004;19-22 Refineries and chemistry;1994 May;2;0;2
4005;19-22 Refineries and chemistry;1994 June;8;1;7
4006;19-22 Refineries and chemistry;1994 2nd quarter;12;1;11
4007;19-22 Refineries and chemistry;1994 July;2;0;2
4008;19-22 Refineries and chemistry;1994 August;1;0;1
4009;19-22 Refineries and chemistry;1994 September;3;1;2
4010;19-22 Refineries and chemistry;1994 3rd quarter;6;1;5
4011;19-22 Refineries and chemistry;1994 October;2;1;1
4012;19-22 Refineries and chemistry;1994 November;6;1;5
4013;19-22 Refineries and chemistry;1994 December;0;0;0
4014;19-22 Refineries and chemistry;1994 4th quarter;8;2;6
4015;19-22 Refineries and chemistry;1994;31;6;25
4016;19-22 Refineries and chemistry;1995 January;2;0;2
4017;19-22 Refineries and chemistry;1995 February;0;0;0
4018;19-22 Refineries and chemistry;1995 March;1;0;1
4019;19-22 Refineries and chemistry;1995 1st quarter;3;0;3
4020;19-22 Refineries and chemistry;1995 April;5;2;3
4021;19-22 Refineries and chemistry;1995 May;3;0;3
4022;19-22 Refineries and chemistry;1995 June;7;1;6
4023;19-22 Refineries and chemistry;1995 2nd quarter;15;3;12
4024;19-22 Refineries and chemistry;1995 July;3;0;3
4025;19-22 Refineries and chemistry;1995 August;0;0;0
4026;19-22 Refineries and chemistry;1995 September;1;1;0
4027;19-22 Refineries and chemistry;1995 3rd quarter;4;1;3
4028;19-22 Refineries and chemistry;1995 October;2;0;2
4029;19-22 Refineries and chemistry;1995 November;1;0;1
4030;19-22 Refineries and chemistry;1995 December;1;0;1
4031;19-22 Refineries and chemistry;1995 4th quarter;4;0;4
4032;19-22 Refineries and chemistry;1995;26;4;22
4033;19-22 Refineries and chemistry;1996 January;1;0;1
4034;19-22 Refineries and chemistry;1996 February;2;0;2
4035;19-22 Refineries and chemistry;1996 March;3;0;3
4036;19-22 Refineries and chemistry;1996 1st quarter;6;0;6
4037;19-22 Refineries and chemistry;1996 April;7;1;6
4038;19-22 Refineries and chemistry;1996 May;3;0;3
4039;19-22 Refineries and chemistry;1996 June;1;0;1
4040;19-22 Refineries and chemistry;1996 2nd quarter;11;1;10
4041;19-22 Refineries and chemistry;1996 July;4;4;0
4042;19-22 Refineries and chemistry;1996 August;0;0;0
4043;19-22 Refineries and chemistry;1996 September;6;0;6
4044;19-22 Refineries and chemistry;1996 3rd quarter;10;4;6
4045;19-22 Refineries and chemistry;1996 October;5;2;3
4046;19-22 Refineries and chemistry;1996 November;0;0;0
4047;19-22 Refineries and chemistry;1996 December;4;0;4
4048;19-22 Refineries and chemistry;1996 4th quarter;9;2;7
4049;19-22 Refineries and chemistry;1996;36;7;29
4050;19-22 Refineries and chemistry;1997 January;3;1;2
4051;19-22 Refineries and chemistry;1997 February;3;0;3
4052;19-22 Refineries and chemistry;1997 March;1;0;1
4053;19-22 Refineries and chemistry;1997 1st quarter;7;1;6
4054;19-22 Refineries and chemistry;1997 April;4;0;4
4055;19-22 Refineries and chemistry;1997 May;4;1;3
4056;19-22 Refineries and chemistry;1997 June;2;2;0
4057;19-22 Refineries and chemistry;1997 2nd quarter;10;3;7
4058;19-22 Refineries and chemistry;1997 July;0;0;0
4059;19-22 Refineries and chemistry;1997 August;2;0;2
4060;19-22 Refineries and chemistry;1997 September;3;0;3
4061;19-22 Refineries and chemistry;1997 3rd quarter;5;0;5
4062;19-22 Refineries and chemistry;1997 October;2;0;2
4063;19-22 Refineries and chemistry;1997 November;0;0;0
4064;19-22 Refineries and chemistry;1997 December;0;0;0
4065;19-22 Refineries and chemistry;1997 4th quarter;2;0;2
4066;19-22 Refineries and chemistry;1997;24;4;20
4067;19-22 Refineries and chemistry;1998 January;1;0;1
4068;19-22 Refineries and chemistry;1998 February;2;0;2
4069;19-22 Refineries and chemistry;1998 March;0;0;0
4070;19-22 Refineries and chemistry;1998 1st quarter;3;0;3
4071;19-22 Refineries and chemistry;1998 April;3;0;3
4072;19-22 Refineries and chemistry;1998 May;2;2;0
4073;19-22 Refineries and chemistry;1998 June;6;1;5
4074;19-22 Refineries and chemistry;1998 2nd quarter;11;3;8
4075;19-22 Refineries and chemistry;1998 July;6;0;6
4076;19-22 Refineries and chemistry;1998 August;0;0;0
4077;19-22 Refineries and chemistry;1998 September;2;1;1
4078;19-22 Refineries and chemistry;1998 3rd quarter;8;1;7
4079;19-22 Refineries and chemistry;1998 October;1;0;1
4080;19-22 Refineries and chemistry;1998 November;2;0;2
4081;19-22 Refineries and chemistry;1998 December;4;0;4
4082;19-22 Refineries and chemistry;1998 4th quarter;7;0;7
4083;19-22 Refineries and chemistry;1998;29;4;25
4084;19-22 Refineries and chemistry;1999 January;2;0;2
4085;19-22 Refineries and chemistry;1999 February;1;1;0
4086;19-22 Refineries and chemistry;1999 March;0;0;0
4087;19-22 Refineries and chemistry;1999 1st quarter;3;1;2
4088;19-22 Refineries and chemistry;1999 April;2;0;2
4089;19-22 Refineries and chemistry;1999 May;3;0;3
4090;19-22 Refineries and chemistry;1999 June;2;0;2
4091;19-22 Refineries and chemistry;1999 2nd quarter;7;0;7
4092;19-22 Refineries and chemistry;1999 July;3;0;3
4093;19-22 Refineries and chemistry;1999 August;5;1;4
4094;19-22 Refineries and chemistry;1999 September;3;0;3
4095;19-22 Refineries and chemistry;1999 3rd quarter;11;1;10
4096;19-22 Refineries and chemistry;1999 October;2;1;1
4097;19-22 Refineries and chemistry;1999 November;0;0;0
4098;19-22 Refineries and chemistry;1999 December;5;1;4
4099;19-22 Refineries and chemistry;1999 4th quarter;7;2;5
4100;19-22 Refineries and chemistry;1999;28;4;24
4101;19-22 Refineries and chemistry;2000 January;4;0;4
4102;19-22 Refineries and chemistry;2000 February;3;1;2
4103;19-22 Refineries and chemistry;2000 March;3;0;3
4104;19-22 Refineries and chemistry;2000 1st quarter;10;1;9
4105;19-22 Refineries and chemistry;2000 April;2;1;1
4106;19-22 Refineries and chemistry;2000 May;2;0;2
4107;19-22 Refineries and chemistry;2000 June;3;1;2
4108;19-22 Refineries and chemistry;2000 2nd quarter;7;2;5
4109;19-22 Refineries and chemistry;2000 July;2;0;2
4110;19-22 Refineries and chemistry;2000 August;1;0;1
4111;19-22 Refineries and chemistry;2000 September;2;0;2
4112;19-22 Refineries and chemistry;2000 3rd quarter;5;0;5
4113;19-22 Refineries and chemistry;2000 October;2;0;2
4114;19-22 Refineries and chemistry;2000 November;0;0;0
4115;19-22 Refineries and chemistry;2000 December;2;0;2
4116;19-22 Refineries and chemistry;2000 4th quarter;4;0;4
4117;19-22 Refineries and chemistry;2000;26;3;23
4118;19-22 Refineries and chemistry;2001 January;2;0;2
4119;19-22 Refineries and chemistry;2001 February;2;0;2
4120;19-22 Refineries and chemistry;2001 March;6;1;5
4121;19-22 Refineries and chemistry;2001 1st quarter;10;1;9
4122;19-22 Refineries and chemistry;2001 April;1;1;0
4123;19-22 Refineries and chemistry;2001 May;4;0;4
4124;19-22 Refineries and chemistry;2001 June;6;1;5
4125;19-22 Refineries and chemistry;2001 2nd quarter;11;2;9
4126;19-22 Refineries and chemistry;2001 July;1;1;0
4127;19-22 Refineries and chemistry;2001 August;1;0;1
4128;19-22 Refineries and chemistry;2001 September;3;0;3
4129;19-22 Refineries and chemistry;2001 3rd quarter;5;1;4
4130;19-22 Refineries and chemistry;2001 October;0;0;0
4131;19-22 Refineries and chemistry;2001 November;0;0;0
4132;19-22 Refineries and chemistry;2001 December;2;0;2
4133;19-22 Refineries and chemistry;2001 4th quarter;2;0;2
4134;19-22 Refineries and chemistry;2001;28;4;24
4135;19-22 Refineries and chemistry;2002 January;3;0;3
4136;19-22 Refineries and chemistry;2002 February;1;0;1
4137;19-22 Refineries and chemistry;2002 March;3;0;3
4138;19-22 Refineries and chemistry;2002 1st quarter;7;0;7
4139;19-22 Refineries and chemistry;2002 April;2;1;1
4140;19-22 Refineries and chemistry;2002 May;1;0;1
4141;19-22 Refineries and chemistry;2002 June;0;0;0
4142;19-22 Refineries and chemistry;2002 2nd quarter;3;1;2
4143;19-22 Refineries and chemistry;2002 July;1;0;1
4144;19-22 Refineries and chemistry;2002 August;1;0;1
4145;19-22 Refineries and chemistry;2002 September;1;0;1
4146;19-22 Refineries and chemistry;2002 3rd quarter;3;0;3
4147;19-22 Refineries and chemistry;2002 October;1;0;1
4148;19-22 Refineries and chemistry;2002 November;2;0;2
4149;19-22 Refineries and chemistry;2002 December;2;0;2
4150;19-22 Refineries and chemistry;2002 4th quarter;5;0;5
4151;19-22 Refineries and chemistry;2002;18;1;17
4152;19-22 Refineries and chemistry;2003 January;3;1;2
4153;19-22 Refineries and chemistry;2003 February;5;0;5
4154;19-22 Refineries and chemistry;2003 March;1;0;1
4155;19-22 Refineries and chemistry;2003 1st quarter;9;1;8
4156;19-22 Refineries and chemistry;2003 April;1;0;1
4157;19-22 Refineries and chemistry;2003 May;3;0;3
4158;19-22 Refineries and chemistry;2003 June;7;0;7
4159;19-22 Refineries and chemistry;2003 2nd quarter;11;0;11
4160;19-22 Refineries and chemistry;2003 July;6;0;6
4161;19-22 Refineries and chemistry;2003 August;5;0;5
4162;19-22 Refineries and chemistry;2003 September;4;0;4
4163;19-22 Refineries and chemistry;2003 3rd quarter;15;0;15
4164;19-22 Refineries and chemistry;2003 October;10;0;10
4165;19-22 Refineries and chemistry;2003 November;2;0;2
4166;19-22 Refineries and chemistry;2003 December;3;0;3
4167;19-22 Refineries and chemistry;2003 4th quarter;15;0;15
4168;19-22 Refineries and chemistry;2003;50;1;49
4169;19-22 Refineries and chemistry;2004 January;4;0;4
4170;19-22 Refineries and chemistry;2004 February;1;0;1
4171;19-22 Refineries and chemistry;2004 March;6;0;6
4172;19-22 Refineries and chemistry;2004 1st quarter;11;0;11
4173;19-22 Refineries and chemistry;2004 April;3;1;2
4174;19-22 Refineries and chemistry;2004 May;5;0;5
4175;19-22 Refineries and chemistry;2004 June;1;0;1
4176;19-22 Refineries and chemistry;2004 2nd quarter;9;1;8
4177;19-22 Refineries and chemistry;2004 July;1;0;1
4178;19-22 Refineries and chemistry;2004 August;4;1;3
4179;19-22 Refineries and chemistry;2004 September;3;0;3
4180;19-22 Refineries and chemistry;2004 3rd quarter;8;1;7
4181;19-22 Refineries and chemistry;2004 October;6;1;5
4182;19-22 Refineries and chemistry;2004 November;1;0;1
4183;19-22 Refineries and chemistry;2004 December;4;0;4
4184;19-22 Refineries and chemistry;2004 4th quarter;11;1;10
4185;19-22 Refineries and chemistry;2004;39;3;36
4186;19-22 Refineries and chemistry;2005 January;2;0;2
4187;19-22 Refineries and chemistry;2005 February;1;0;1
4188;19-22 Refineries and chemistry;2005 March;3;1;2
4189;19-22 Refineries and chemistry;2005 1st quarter;6;1;5
4190;19-22 Refineries and chemistry;2005 April;3;1;2
4191;19-22 Refineries and chemistry;2005 May;2;0;2
4192;19-22 Refineries and chemistry;2005 June;3;0;3
4193;19-22 Refineries and chemistry;2005 2nd quarter;8;1;7
4194;19-22 Refineries and chemistry;2005 July;1;0;1
4195;19-22 Refineries and chemistry;2005 August;2;0;2
4196;19-22 Refineries and chemistry;2005 September;6;0;6
4197;19-22 Refineries and chemistry;2005 3rd quarter;9;0;9
4198;19-22 Refineries and chemistry;2005 October;2;0;2
4199;19-22 Refineries and chemistry;2005 November;1;0;1
4200;19-22 Refineries and chemistry;2005 December;3;0;3
4201;19-22 Refineries and chemistry;2005 4th quarter;6;0;6
4202;19-22 Refineries and chemistry;2005;29;2;27
4203;19-22 Refineries and chemistry;2006 January;3;0;3
4204;19-22 Refineries and chemistry;2006 February;2;0;2
4205;19-22 Refineries and chemistry;2006 March;6;0;6
4206;19-22 Refineries and chemistry;2006 1st quarter;11;0;11
4207;19-22 Refineries and chemistry;2006 April;3;0;3
4208;19-22 Refineries and chemistry;2006 May;1;0;1
4209;19-22 Refineries and chemistry;2006 June;2;0;2
4210;19-22 Refineries and chemistry;2006 2nd quarter;6;0;6
4211;19-22 Refineries and chemistry;2006 July;1;0;1
4212;19-22 Refineries and chemistry;2006 August;1;0;1
4213;19-22 Refineries and chemistry;2006 September;2;0;2
4214;19-22 Refineries and chemistry;2006 3rd quarter;4;0;4
4215;19-22 Refineries and chemistry;2006 October;2;0;2
4216;19-22 Refineries and chemistry;2006 November;3;0;3
4217;19-22 Refineries and chemistry;2006 December;1;0;1
4218;19-22 Refineries and chemistry;2006 4th quarter;6;0;6
4219;19-22 Refineries and chemistry;2006;27;0;27
4220;19-22 Refineries and chemistry;2007 January;4;0;4
4221;19-22 Refineries and chemistry;2007 February;2;0;2
4222;19-22 Refineries and chemistry;2007 March;2;0;2
4223;19-22 Refineries and chemistry;2007 1st quarter;8;0;8
4224;19-22 Refineries and chemistry;2007 April;0;0;0
4225;19-22 Refineries and chemistry;2007 May;3;0;3
4226;19-22 Refineries and chemistry;2007 June;0;0;0
4227;19-22 Refineries and chemistry;2007 2nd quarter;3;0;3
4228;19-22 Refineries and chemistry;2007 July;0;0;0
4229;19-22 Refineries and chemistry;2007 August;2;0;2
4230;19-22 Refineries and chemistry;2007 September;2;0;2
4231;19-22 Refineries and chemistry;2007 3rd quarter;4;0;4
4232;19-22 Refineries and chemistry;2007 October;2;0;2
4233;19-22 Refineries and chemistry;2007 November;0;0;0
4234;19-22 Refineries and chemistry;2007 December;0;0;0
4235;19-22 Refineries and chemistry;2007 4th quarter;2;0;2
4236;19-22 Refineries and chemistry;2007;17;0;17
4237;19-22 Refineries and chemistry;2008 January;0;0;0
4238;19-22 Refineries and chemistry;2008 February;2;0;2
4239;19-22 Refineries and chemistry;2008 March;2;0;2
4240;19-22 Refineries and chemistry;2008 1st quarter;4;0;4
4241;19-22 Refineries and chemistry;2008 April;3;0;3
4242;19-22 Refineries and chemistry;2008 May;3;1;2
4243;19-22 Refineries and chemistry;2008 June;2;0;2
4244;19-22 Refineries and chemistry;2008 2nd quarter;8;1;7
4245;19-22 Refineries and chemistry;2008 July;6;0;6
4246;19-22 Refineries and chemistry;2008 August;3;0;3
4247;19-22 Refineries and chemistry;2008 September;1;0;1
4248;19-22 Refineries and chemistry;2008 3rd quarter;10;0;10
4249;19-22 Refineries and chemistry;2008 October;1;0;1
4250;19-22 Refineries and chemistry;2008 November;1;0;1
4251;19-22 Refineries and chemistry;2008 December;4;0;4
4252;19-22 Refineries and chemistry;2008 4th quarter;6;0;6
4253;19-22 Refineries and chemistry;2008;28;1;27
4254;19-22 Refineries and chemistry;2009 January;6;0;6
4255;19-22 Refineries and chemistry;2009 February;5;1;4
4256;19-22 Refineries and chemistry;2009 March;3;0;3
4257;19-22 Refineries and chemistry;2009 1st quarter;14;1;13
4258;19-22 Refineries and chemistry;2009 April;4;0;4
4259;19-22 Refineries and chemistry;2009 May;1;0;1
4260;19-22 Refineries and chemistry;2009 June;8;1;7
4261;19-22 Refineries and chemistry;2009 2nd quarter;13;1;12
4262;19-22 Refineries and chemistry;2009 July;3;0;3
4263;19-22 Refineries and chemistry;2009 August;5;0;5
4264;19-22 Refineries and chemistry;2009 September;4;0;4
4265;19-22 Refineries and chemistry;2009 3rd quarter;12;0;12
4266;19-22 Refineries and chemistry;2009 October;3;0;3
4267;19-22 Refineries and chemistry;2009 November;2;0;2
4268;19-22 Refineries and chemistry;2009 December;10;0;10
4269;19-22 Refineries and chemistry;2009 4th quarter;15;0;15
4270;19-22 Refineries and chemistry;2009;54;2;52
4271;19-22 Refineries and chemistry;2010 January;8;0;8
4272;19-22 Refineries and chemistry;2010 February;7;0;7
4273;19-22 Refineries and chemistry;2010 March;6;0;6
4274;19-22 Refineries and chemistry;2010 1st quarter;21;0;21
4275;19-22 Refineries and chemistry;2010 April;6;0;6
4276;19-22 Refineries and chemistry;2010 May;4;0;4
4277;19-22 Refineries and chemistry;2010 June;2;0;2
4278;19-22 Refineries and chemistry;2010 2nd quarter;12;0;12
4279;19-22 Refineries and chemistry;2010 July;1;0;1
4280;19-22 Refineries and chemistry;2010 August;1;0;1
4281;19-22 Refineries and chemistry;2010 September;2;0;2
4282;19-22 Refineries and chemistry;2010 3rd quarter;4;0;4
4283;19-22 Refineries and chemistry;2010 October;14;2;12
4284;19-22 Refineries and chemistry;2010 November;8;0;8
4285;19-22 Refineries and chemistry;2010 December;2;0;2
4286;19-22 Refineries and chemistry;2010 4th quarter;24;2;22
4287;19-22 Refineries and chemistry;2010;61;2;59
4288;19-22 Refineries and chemistry;2011 January;0;0;0
4289;19-22 Refineries and chemistry;2011 February;3;0;3
4290;19-22 Refineries and chemistry;2011 March;1;0;1
4291;19-22 Refineries and chemistry;2011 1st quarter;4;0;4
4292;19-22 Refineries and chemistry;2011 April;2;0;2
4293;19-22 Refineries and chemistry;2011 May;2;0;2
4294;19-22 Refineries and chemistry;2011 June;2;0;2
4295;19-22 Refineries and chemistry;2011 2nd quarter;6;0;6
4296;19-22 Refineries and chemistry;2011 July;0;0;0
4297;19-22 Refineries and chemistry;2011 August;1;0;1
4298;19-22 Refineries and chemistry;2011 September;2;0;2
4299;19-22 Refineries and chemistry;2011 3rd quarter;3;0;3
4300;19-22 Refineries and chemistry;2011 October;4;1;3
4301;19-22 Refineries and chemistry;2011 November;2;0;2
4302;19-22 Refineries and chemistry;2011 December;3;0;3
4303;19-22 Refineries and chemistry;2011 4th quarter;9;1;8
4304;19-22 Refineries and chemistry;2011;22;1;21
4305;19-22 Refineries and chemistry;2012 January;1;0;1
4306;19-22 Refineries and chemistry;2012 February;6;0;6
4307;19-22 Refineries and chemistry;2012 March;3;1;2
4308;19-22 Refineries and chemistry;2012 1st quarter;10;1;9
4309;19-22 Refineries and chemistry;2012 April;2;0;2
4310;19-22 Refineries and chemistry;2012 May;4;0;4
4311;19-22 Refineries and chemistry;2012 June;7;0;7
4312;19-22 Refineries and chemistry;2012 2nd quarter;13;0;13
4313;19-22 Refineries and chemistry;2012 July ;6;1;5
4314;19-22 Refineries and chemistry;2012 August;3;0;3
4315;19-22 Refineries and chemistry;2012 September;4;0;4
4316;19-22 Refineries and chemistry;2012 3rd quarter;13;1;12
4317;19-22 Refineries and chemistry;2012 October;4;0;4
4318;19-22 Refineries and chemistry;2012 November;6;0;6
4319;19-22 Refineries and chemistry;2012 December;3;0;3
4320;19-22 Refineries and chemistry;2012 4th quarter;13;0;13
4321;19-22 Refineries and chemistry;2012;49;2;47
4322;19-22 Refineries and chemistry;2013 January;4;0;4
4323;19-22 Refineries and chemistry;2013 February;3;0;3
4324;19-22 Refineries and chemistry;2013 March;6;0;6
4325;19-22 Refineries and chemistry;2013 1st quarter;13;0;13
4326;19-22 Refineries and chemistry;2013 April;1;0;1
4327;19-22 Refineries and chemistry;2013 May;5;0;5
4328;19-22 Refineries and chemistry;2013 June;3;0;3
4329;19-22 Refineries and chemistry;2013 2nd quarter;9;0;9
4330;19-22 Refineries and chemistry;2013 July;3;0;3
4331;19-22 Refineries and chemistry;2013 August;2;0;2
4332;19-22 Refineries and chemistry;2013 September;1;0;1
4333;19-22 Refineries and chemistry;2013 3rd quarter;6;0;6
4334;19-22 Refineries and chemistry;2013 October;2;0;2
4335;19-22 Refineries and chemistry;2013 November;1;0;1
4336;19-22 Refineries and chemistry;2013 December;3;1;2
4337;19-22 Refineries and chemistry;2013 4th quarter;6;1;5
4338;19-22 Refineries and chemistry;2013;34;1;33
4339;19-22 Refineries and chemistry;2014 January;2;0;2
4340;19-22 Refineries and chemistry;2014 February;6;0;6
4341;19-22 Refineries and chemistry;2014 March;5;0;5
4342;19-22 Refineries and chemistry;2014 1st quarter;13;0;13
4343;19-22 Refineries and chemistry;2014 April;5;0;5
4344;24-25 Man. of basic metals and -products;1993 January;6;2;4
4345;24-25 Man. of basic metals and -products;1993 February;11;3;8
4346;24-25 Man. of basic metals and -products;1993 March;30;10;20
4347;24-25 Man. of basic metals and -products;1993 1st quarter;47;15;32
4348;24-25 Man. of basic metals and -products;1993 April;15;5;10
4349;24-25 Man. of basic metals and -products;1993 May;13;3;10
4350;24-25 Man. of basic metals and -products;1993 June;16;3;13
4351;24-25 Man. of basic metals and -products;1993 2nd quarter;44;11;33
4352;24-25 Man. of basic metals and -products;1993 July;16;3;13
4353;24-25 Man. of basic metals and -products;1993 August;8;2;6
4354;24-25 Man. of basic metals and -products;1993 September;15;1;14
4355;24-25 Man. of basic metals and -products;1993 3rd quarter;39;6;33
4356;24-25 Man. of basic metals and -products;1993 October;7;0;7
4357;24-25 Man. of basic metals and -products;1993 November;16;6;10
4358;24-25 Man. of basic metals and -products;1993 December;23;4;19
4359;24-25 Man. of basic metals and -products;1993 4th quarter;46;10;36
4360;24-25 Man. of basic metals and -products;1993;176;42;134
4361;24-25 Man. of basic metals and -products;1994 January;10;3;7
4362;24-25 Man. of basic metals and -products;1994 February;14;5;9
4363;24-25 Man. of basic metals and -products;1994 March;16;8;8
4364;24-25 Man. of basic metals and -products;1994 1st quarter;40;16;24
4365;24-25 Man. of basic metals and -products;1994 April;11;3;8
4366;24-25 Man. of basic metals and -products;1994 May;8;2;6
4367;24-25 Man. of basic metals and -products;1994 June;19;5;14
4368;24-25 Man. of basic metals and -products;1994 2nd quarter;38;10;28
4369;24-25 Man. of basic metals and -products;1994 July;7;0;7
4370;24-25 Man. of basic metals and -products;1994 August;5;2;3
4371;24-25 Man. of basic metals and -products;1994 September;9;2;7
4372;24-25 Man. of basic metals and -products;1994 3rd quarter;21;4;17
4373;24-25 Man. of basic metals and -products;1994 October;7;3;4
4374;24-25 Man. of basic metals and -products;1994 November;4;2;2
4375;24-25 Man. of basic metals and -products;1994 December;9;2;7
4376;24-25 Man. of basic metals and -products;1994 4th quarter;20;7;13
4377;24-25 Man. of basic metals and -products;1994;119;37;82
4378;24-25 Man. of basic metals and -products;1995 January;11;6;5
4379;24-25 Man. of basic metals and -products;1995 February;6;1;5
4380;24-25 Man. of basic metals and -products;1995 March;7;4;3
4381;24-25 Man. of basic metals and -products;1995 1st quarter;24;11;13
4382;24-25 Man. of basic metals and -products;1995 April;6;0;6
4383;24-25 Man. of basic metals and -products;1995 May;13;3;10
4384;24-25 Man. of basic metals and -products;1995 June;4;1;3
4385;24-25 Man. of basic metals and -products;1995 2nd quarter;23;4;19
4386;24-25 Man. of basic metals and -products;1995 July;5;2;3
4387;24-25 Man. of basic metals and -products;1995 August;7;2;5
4388;24-25 Man. of basic metals and -products;1995 September;9;4;5
4389;24-25 Man. of basic metals and -products;1995 3rd quarter;21;8;13
4390;24-25 Man. of basic metals and -products;1995 October;7;2;5
4391;24-25 Man. of basic metals and -products;1995 November;9;4;5
4392;24-25 Man. of basic metals and -products;1995 December;5;1;4
4393;24-25 Man. of basic metals and -products;1995 4th quarter;21;7;14
4394;24-25 Man. of basic metals and -products;1995;89;30;59
4395;24-25 Man. of basic metals and -products;1996 January;14;2;12
4396;24-25 Man. of basic metals and -products;1996 February;9;3;6
4397;24-25 Man. of basic metals and -products;1996 March;8;1;7
4398;24-25 Man. of basic metals and -products;1996 1st quarter;31;6;25
4399;24-25 Man. of basic metals and -products;1996 April;4;2;2
4400;24-25 Man. of basic metals and -products;1996 May;5;1;4
4401;24-25 Man. of basic metals and -products;1996 June;5;2;3
4402;24-25 Man. of basic metals and -products;1996 2nd quarter;14;5;9
4403;24-25 Man. of basic metals and -products;1996 July;3;2;1
4404;24-25 Man. of basic metals and -products;1996 August;7;2;5
4405;24-25 Man. of basic metals and -products;1996 September;5;0;5
4406;24-25 Man. of basic metals and -products;1996 3rd quarter;15;4;11
4407;24-25 Man. of basic metals and -products;1996 October;6;0;6
4408;24-25 Man. of basic metals and -products;1996 November;10;1;9
4409;24-25 Man. of basic metals and -products;1996 December;8;2;6
4410;24-25 Man. of basic metals and -products;1996 4th quarter;24;3;21
4411;24-25 Man. of basic metals and -products;1996;84;18;66
4412;24-25 Man. of basic metals and -products;1997 January;14;4;10
4413;24-25 Man. of basic metals and -products;1997 February;5;3;2
4414;24-25 Man. of basic metals and -products;1997 March;5;1;4
4415;24-25 Man. of basic metals and -products;1997 1st quarter;24;8;16
4416;24-25 Man. of basic metals and -products;1997 April;9;1;8
4417;24-25 Man. of basic metals and -products;1997 May;6;2;4
4418;24-25 Man. of basic metals and -products;1997 June;7;1;6
4419;24-25 Man. of basic metals and -products;1997 2nd quarter;22;4;18
4420;24-25 Man. of basic metals and -products;1997 July;5;2;3
4421;24-25 Man. of basic metals and -products;1997 August;3;0;3
4422;24-25 Man. of basic metals and -products;1997 September;11;5;6
4423;24-25 Man. of basic metals and -products;1997 3rd quarter;19;7;12
4424;24-25 Man. of basic metals and -products;1997 October;7;2;5
4425;24-25 Man. of basic metals and -products;1997 November;7;1;6
4426;24-25 Man. of basic metals and -products;1997 December;4;1;3
4427;24-25 Man. of basic metals and -products;1997 4th quarter;18;4;14
4428;24-25 Man. of basic metals and -products;1997;83;23;60
4429;24-25 Man. of basic metals and -products;1998 January;9;2;7
4430;24-25 Man. of basic metals and -products;1998 February;8;3;5
4431;24-25 Man. of basic metals and -products;1998 March;6;1;5
4432;24-25 Man. of basic metals and -products;1998 1st quarter;23;6;17
4433;24-25 Man. of basic metals and -products;1998 April;5;3;2
4434;24-25 Man. of basic metals and -products;1998 May;3;2;1
4435;24-25 Man. of basic metals and -products;1998 June;6;1;5
4436;24-25 Man. of basic metals and -products;1998 2nd quarter;14;6;8
4437;24-25 Man. of basic metals and -products;1998 July;4;1;3
4438;24-25 Man. of basic metals and -products;1998 August;7;2;5
4439;24-25 Man. of basic metals and -products;1998 September;8;5;3
4440;24-25 Man. of basic metals and -products;1998 3rd quarter;19;8;11
4441;24-25 Man. of basic metals and -products;1998 October;10;5;5
4442;24-25 Man. of basic metals and -products;1998 November;8;3;5
4443;24-25 Man. of basic metals and -products;1998 December;6;0;6
4444;24-25 Man. of basic metals and -products;1998 4th quarter;24;8;16
4445;24-25 Man. of basic metals and -products;1998;80;28;52
4446;24-25 Man. of basic metals and -products;1999 January;3;0;3
4447;24-25 Man. of basic metals and -products;1999 February;3;1;2
4448;24-25 Man. of basic metals and -products;1999 March;8;2;6
4449;24-25 Man. of basic metals and -products;1999 1st quarter;14;3;11
4450;24-25 Man. of basic metals and -products;1999 April;1;0;1
4451;24-25 Man. of basic metals and -products;1999 May;3;0;3
4452;24-25 Man. of basic metals and -products;1999 June;8;0;8
4453;24-25 Man. of basic metals and -products;1999 2nd quarter;12;0;12
4454;24-25 Man. of basic metals and -products;1999 July;5;0;5
4455;24-25 Man. of basic metals and -products;1999 August;8;2;6
4456;24-25 Man. of basic metals and -products;1999 September;7;1;6
4457;24-25 Man. of basic metals and -products;1999 3rd quarter;20;3;17
4458;24-25 Man. of basic metals and -products;1999 October;4;1;3
4459;24-25 Man. of basic metals and -products;1999 November;7;2;5
4460;24-25 Man. of basic metals and -products;1999 December;8;1;7
4461;24-25 Man. of basic metals and -products;1999 4th quarter;19;4;15
4462;24-25 Man. of basic metals and -products;1999;65;10;55
4463;24-25 Man. of basic metals and -products;2000 January;9;1;8
4464;24-25 Man. of basic metals and -products;2000 February;13;1;12
4465;24-25 Man. of basic metals and -products;2000 March;5;1;4
4466;24-25 Man. of basic metals and -products;2000 1st quarter;27;3;24
4467;24-25 Man. of basic metals and -products;2000 April;2;0;2
4468;24-25 Man. of basic metals and -products;2000 May;12;1;11
4469;24-25 Man. of basic metals and -products;2000 June;11;2;9
4470;24-25 Man. of basic metals and -products;2000 2nd quarter;25;3;22
4471;24-25 Man. of basic metals and -products;2000 July;3;0;3
4472;24-25 Man. of basic metals and -products;2000 August;7;2;5
4473;24-25 Man. of basic metals and -products;2000 September;4;0;4
4474;24-25 Man. of basic metals and -products;2000 3rd quarter;14;2;12
4475;24-25 Man. of basic metals and -products;2000 October;8;1;7
4476;24-25 Man. of basic metals and -products;2000 November;7;0;7
4477;24-25 Man. of basic metals and -products;2000 December;4;1;3
4478;24-25 Man. of basic metals and -products;2000 4th quarter;19;2;17
4479;24-25 Man. of basic metals and -products;2000;85;10;75
4480;24-25 Man. of basic metals and -products;2001 January;10;0;10
4481;24-25 Man. of basic metals and -products;2001 February;5;2;3
4482;24-25 Man. of basic metals and -products;2001 March;11;3;8
4483;24-25 Man. of basic metals and -products;2001 1st quarter;26;5;21
4484;24-25 Man. of basic metals and -products;2001 April;3;0;3
4485;24-25 Man. of basic metals and -products;2001 May;11;1;10
4486;24-25 Man. of basic metals and -products;2001 June;2;0;2
4487;24-25 Man. of basic metals and -products;2001 2nd quarter;16;1;15
4488;24-25 Man. of basic metals and -products;2001 July;3;0;3
4489;24-25 Man. of basic metals and -products;2001 August;13;0;13
4490;24-25 Man. of basic metals and -products;2001 September;3;1;2
4491;24-25 Man. of basic metals and -products;2001 3rd quarter;19;1;18
4492;24-25 Man. of basic metals and -products;2001 October;8;0;8
4493;24-25 Man. of basic metals and -products;2001 November;16;2;14
4494;24-25 Man. of basic metals and -products;2001 December;9;0;9
4495;24-25 Man. of basic metals and -products;2001 4th quarter;33;2;31
4496;24-25 Man. of basic metals and -products;2001;94;9;85
4497;24-25 Man. of basic metals and -products;2002 January;14;1;13
4498;24-25 Man. of basic metals and -products;2002 February;6;1;5
4499;24-25 Man. of basic metals and -products;2002 March;7;1;6
4500;24-25 Man. of basic metals and -products;2002 1st quarter;27;3;24
4501;24-25 Man. of basic metals and -products;2002 April;11;1;10
4502;24-25 Man. of basic metals and -products;2002 May;14;2;12
4503;24-25 Man. of basic metals and -products;2002 June;9;2;7
4504;24-25 Man. of basic metals and -products;2002 2nd quarter;34;5;29
4505;24-25 Man. of basic metals and -products;2002 July;11;0;11
4506;24-25 Man. of basic metals and -products;2002 August;10;1;9
4507;24-25 Man. of basic metals and -products;2002 September;4;0;4
4508;24-25 Man. of basic metals and -products;2002 3rd quarter;25;1;24
4509;24-25 Man. of basic metals and -products;2002 October;8;2;6
4510;24-25 Man. of basic metals and -products;2002 November;10;0;10
4511;24-25 Man. of basic metals and -products;2002 December;5;0;5
4512;24-25 Man. of basic metals and -products;2002 4th quarter;23;2;21
4513;24-25 Man. of basic metals and -products;2002;109;11;98
4514;24-25 Man. of basic metals and -products;2003 January;9;2;7
4515;24-25 Man. of basic metals and -products;2003 February;5;0;5
4516;24-25 Man. of basic metals and -products;2003 March;9;1;8
4517;24-25 Man. of basic metals and -products;2003 1st quarter;23;3;20
4518;24-25 Man. of basic metals and -products;2003 April;13;1;12
4519;24-25 Man. of basic metals and -products;2003 May;14;0;14
4520;24-25 Man. of basic metals and -products;2003 June;19;1;18
4521;24-25 Man. of basic metals and -products;2003 2nd quarter;46;2;44
4522;24-25 Man. of basic metals and -products;2003 July;7;0;7
4523;24-25 Man. of basic metals and -products;2003 August;13;3;10
4524;24-25 Man. of basic metals and -products;2003 September;16;2;14
4525;24-25 Man. of basic metals and -products;2003 3rd quarter;36;5;31
4526;24-25 Man. of basic metals and -products;2003 October;10;0;10
4527;24-25 Man. of basic metals and -products;2003 November;13;5;8
4528;24-25 Man. of basic metals and -products;2003 December;8;0;8
4529;24-25 Man. of basic metals and -products;2003 4th quarter;31;5;26
4530;24-25 Man. of basic metals and -products;2003;136;15;121
4531;24-25 Man. of basic metals and -products;2004 January;14;3;11
4532;24-25 Man. of basic metals and -products;2004 February;10;0;10
4533;24-25 Man. of basic metals and -products;2004 March;22;2;20
4534;24-25 Man. of basic metals and -products;2004 1st quarter;46;5;41
4535;24-25 Man. of basic metals and -products;2004 April;21;0;21
4536;24-25 Man. of basic metals and -products;2004 May;17;2;15
4537;24-25 Man. of basic metals and -products;2004 June;12;1;11
4538;24-25 Man. of basic metals and -products;2004 2nd quarter;50;3;47
4539;24-25 Man. of basic metals and -products;2004 July;7;0;7
4540;24-25 Man. of basic metals and -products;2004 August;17;3;14
4541;24-25 Man. of basic metals and -products;2004 September;8;2;6
4542;24-25 Man. of basic metals and -products;2004 3rd quarter;32;5;27
4543;24-25 Man. of basic metals and -products;2004 October;9;1;8
4544;24-25 Man. of basic metals and -products;2004 November;7;3;4
4545;24-25 Man. of basic metals and -products;2004 December;11;1;10
4546;24-25 Man. of basic metals and -products;2004 4th quarter;27;5;22
4547;24-25 Man. of basic metals and -products;2004;155;18;137
4548;24-25 Man. of basic metals and -products;2005 January;13;1;12
4549;24-25 Man. of basic metals and -products;2005 February;10;1;9
4550;24-25 Man. of basic metals and -products;2005 March;10;3;7
4551;24-25 Man. of basic metals and -products;2005 1st quarter;33;5;28
4552;24-25 Man. of basic metals and -products;2005 April;10;2;8
4553;24-25 Man. of basic metals and -products;2005 May;11;3;8
4554;24-25 Man. of basic metals and -products;2005 June;11;1;10
4555;24-25 Man. of basic metals and -products;2005 2nd quarter;32;6;26
4556;24-25 Man. of basic metals and -products;2005 July;4;1;3
4557;24-25 Man. of basic metals and -products;2005 August;5;1;4
4558;24-25 Man. of basic metals and -products;2005 September;15;1;14
4559;24-25 Man. of basic metals and -products;2005 3rd quarter;24;3;21
4560;24-25 Man. of basic metals and -products;2005 October;8;3;5
4561;24-25 Man. of basic metals and -products;2005 November;5;0;5
4562;24-25 Man. of basic metals and -products;2005 December;16;0;16
4563;24-25 Man. of basic metals and -products;2005 4th quarter;29;3;26
4564;24-25 Man. of basic metals and -products;2005;118;17;101
4565;24-25 Man. of basic metals and -products;2006 January;11;1;10
4566;24-25 Man. of basic metals and -products;2006 February;9;4;5
4567;24-25 Man. of basic metals and -products;2006 March;3;0;3
4568;24-25 Man. of basic metals and -products;2006 1st quarter;23;5;18
4569;24-25 Man. of basic metals and -products;2006 April;8;2;6
4570;24-25 Man. of basic metals and -products;2006 May;17;1;16
4571;24-25 Man. of basic metals and -products;2006 June;8;1;7
4572;24-25 Man. of basic metals and -products;2006 2nd quarter;33;4;29
4573;24-25 Man. of basic metals and -products;2006 July;7;1;6
4574;24-25 Man. of basic metals and -products;2006 August;3;0;3
4575;24-25 Man. of basic metals and -products;2006 September;6;2;4
4576;24-25 Man. of basic metals and -products;2006 3rd quarter;16;3;13
4577;24-25 Man. of basic metals and -products;2006 October;12;4;8
4578;24-25 Man. of basic metals and -products;2006 November;4;1;3
4579;24-25 Man. of basic metals and -products;2006 December;5;1;4
4580;24-25 Man. of basic metals and -products;2006 4th quarter;21;6;15
4581;24-25 Man. of basic metals and -products;2006;93;18;75
4582;24-25 Man. of basic metals and -products;2007 January;10;0;10
4583;24-25 Man. of basic metals and -products;2007 February;6;2;4
4584;24-25 Man. of basic metals and -products;2007 March;6;3;3
4585;24-25 Man. of basic metals and -products;2007 1st quarter;22;5;17
4586;24-25 Man. of basic metals and -products;2007 April;8;0;8
4587;24-25 Man. of basic metals and -products;2007 May;4;3;1
4588;24-25 Man. of basic metals and -products;2007 June;3;0;3
4589;24-25 Man. of basic metals and -products;2007 2nd quarter;15;3;12
4590;24-25 Man. of basic metals and -products;2007 July;7;1;6
4591;24-25 Man. of basic metals and -products;2007 August;9;1;8
4592;24-25 Man. of basic metals and -products;2007 September;7;0;7
4593;24-25 Man. of basic metals and -products;2007 3rd quarter;23;2;21
4594;24-25 Man. of basic metals and -products;2007 October;4;0;4
4595;24-25 Man. of basic metals and -products;2007 November;7;1;6
4596;24-25 Man. of basic metals and -products;2007 December;5;0;5
4597;24-25 Man. of basic metals and -products;2007 4th quarter;16;1;15
4598;24-25 Man. of basic metals and -products;2007;76;11;65
4599;24-25 Man. of basic metals and -products;2008 January;6;2;4
4600;24-25 Man. of basic metals and -products;2008 February;0;0;0
4601;24-25 Man. of basic metals and -products;2008 March;3;0;3
4602;24-25 Man. of basic metals and -products;2008 1st quarter;9;2;7
4603;24-25 Man. of basic metals and -products;2008 April;11;0;11
4604;24-25 Man. of basic metals and -products;2008 May;9;2;7
4605;24-25 Man. of basic metals and -products;2008 June;9;1;8
4606;24-25 Man. of basic metals and -products;2008 2nd quarter;29;3;26
4607;24-25 Man. of basic metals and -products;2008 July;3;0;3
4608;24-25 Man. of basic metals and -products;2008 August;9;1;8
4609;24-25 Man. of basic metals and -products;2008 September;5;2;3
4610;24-25 Man. of basic metals and -products;2008 3rd quarter;17;3;14
4611;24-25 Man. of basic metals and -products;2008 October;5;0;5
4612;24-25 Man. of basic metals and -products;2008 November;10;2;8
4613;24-25 Man. of basic metals and -products;2008 December;4;0;4
4614;24-25 Man. of basic metals and -products;2008 4th quarter;19;2;17
4615;24-25 Man. of basic metals and -products;2008;74;10;64
4616;24-25 Man. of basic metals and -products;2009 January;18;5;13
4617;24-25 Man. of basic metals and -products;2009 February;11;0;11
4618;24-25 Man. of basic metals and -products;2009 March;24;4;20
4619;24-25 Man. of basic metals and -products;2009 1st quarter;53;9;44
4620;24-25 Man. of basic metals and -products;2009 April;15;3;12
4621;24-25 Man. of basic metals and -products;2009 May;7;1;6
4622;24-25 Man. of basic metals and -products;2009 June;19;4;15
4623;24-25 Man. of basic metals and -products;2009 2nd quarter;41;8;33
4624;24-25 Man. of basic metals and -products;2009 July;6;1;5
4625;24-25 Man. of basic metals and -products;2009 August;10;2;8
4626;24-25 Man. of basic metals and -products;2009 September;27;1;26
4627;24-25 Man. of basic metals and -products;2009 3rd quarter;43;4;39
4628;24-25 Man. of basic metals and -products;2009 October;19;3;16
4629;24-25 Man. of basic metals and -products;2009 November;10;1;9
4630;24-25 Man. of basic metals and -products;2009 December;11;0;11
4631;24-25 Man. of basic metals and -products;2009 4th quarter;40;4;36
4632;24-25 Man. of basic metals and -products;2009;177;25;152
4633;24-25 Man. of basic metals and -products;2010 January;12;3;9
4634;24-25 Man. of basic metals and -products;2010 February;18;0;18
4635;24-25 Man. of basic metals and -products;2010 March;20;3;17
4636;24-25 Man. of basic metals and -products;2010 1st quarter;50;6;44
4637;24-25 Man. of basic metals and -products;2010 April;14;1;13
4638;24-25 Man. of basic metals and -products;2010 May;6;1;5
4639;24-25 Man. of basic metals and -products;2010 June;19;2;17
4640;24-25 Man. of basic metals and -products;2010 2nd quarter;39;4;35
4641;24-25 Man. of basic metals and -products;2010 July;14;1;13
4642;24-25 Man. of basic metals and -products;2010 August;14;4;10
4643;24-25 Man. of basic metals and -products;2010 September;15;0;15
4644;24-25 Man. of basic metals and -products;2010 3rd quarter;43;5;38
4645;24-25 Man. of basic metals and -products;2010 October;14;2;12
4646;24-25 Man. of basic metals and -products;2010 November;22;2;20
4647;24-25 Man. of basic metals and -products;2010 December;8;2;6
4648;24-25 Man. of basic metals and -products;2010 4th quarter;44;6;38
4649;24-25 Man. of basic metals and -products;2010;176;21;155
4650;24-25 Man. of basic metals and -products;2011 January;11;1;10
4651;24-25 Man. of basic metals and -products;2011 February;10;0;10
4652;24-25 Man. of basic metals and -products;2011 March;12;1;11
4653;24-25 Man. of basic metals and -products;2011 1st quarter;33;2;31
4654;24-25 Man. of basic metals and -products;2011 April;14;0;14
4655;24-25 Man. of basic metals and -products;2011 May;19;3;16
4656;24-25 Man. of basic metals and -products;2011 June;3;0;3
4657;24-25 Man. of basic metals and -products;2011 2nd quarter;36;3;33
4658;24-25 Man. of basic metals and -products;2011 July;8;0;8
4659;24-25 Man. of basic metals and -products;2011 August;11;0;11
4660;24-25 Man. of basic metals and -products;2011 September;18;1;17
4661;24-25 Man. of basic metals and -products;2011 3rd quarter;37;1;36
4662;24-25 Man. of basic metals and -products;2011 October;10;0;10
4663;24-25 Man. of basic metals and -products;2011 November;20;0;20
4664;24-25 Man. of basic metals and -products;2011 December;10;0;10
4665;24-25 Man. of basic metals and -products;2011 4th quarter;40;0;40
4666;24-25 Man. of basic metals and -products;2011;146;6;140
4667;24-25 Man. of basic metals and -products;2012 January;8;0;8
4668;24-25 Man. of basic metals and -products;2012 February;15;0;15
4669;24-25 Man. of basic metals and -products;2012 March;11;2;9
4670;24-25 Man. of basic metals and -products;2012 1st quarter;34;2;32
4671;24-25 Man. of basic metals and -products;2012 April;24;0;24
4672;24-25 Man. of basic metals and -products;2012 May;22;1;21
4673;24-25 Man. of basic metals and -products;2012 June;17;2;15
4674;24-25 Man. of basic metals and -products;2012 2nd quarter;63;3;60
4675;24-25 Man. of basic metals and -products;2012 July ;16;2;14
4676;24-25 Man. of basic metals and -products;2012 August;11;2;9
4677;24-25 Man. of basic metals and -products;2012 September;19;3;16
4678;24-25 Man. of basic metals and -products;2012 3rd quarter;46;7;39
4679;24-25 Man. of basic metals and -products;2012 October;15;2;13
4680;24-25 Man. of basic metals and -products;2012 November;15;2;13
4681;24-25 Man. of basic metals and -products;2012 December;9;1;8
4682;24-25 Man. of basic metals and -products;2012 4th quarter;39;5;34
4683;24-25 Man. of basic metals and -products;2012;182;17;165
4684;24-25 Man. of basic metals and -products;2013 January;18;3;15
4685;24-25 Man. of basic metals and -products;2013 February;12;0;12
4686;24-25 Man. of basic metals and -products;2013 March;23;0;23
4687;24-25 Man. of basic metals and -products;2013 1st quarter;53;3;50
4688;24-25 Man. of basic metals and -products;2013 April;16;1;15
4689;24-25 Man. of basic metals and -products;2013 May;11;1;10
4690;24-25 Man. of basic metals and -products;2013 June;31;1;30
4691;24-25 Man. of basic metals and -products;2013 2nd quarter;58;3;55
4692;24-25 Man. of basic metals and -products;2013 July;25;2;23
4693;24-25 Man. of basic metals and -products;2013 August;14;0;14
4694;24-25 Man. of basic metals and -products;2013 September;11;1;10
4695;24-25 Man. of basic metals and -products;2013 3rd quarter;50;3;47
4696;24-25 Man. of basic metals and -products;2013 October;19;1;18
4697;24-25 Man. of basic metals and -products;2013 November;7;1;6
4698;24-25 Man. of basic metals and -products;2013 December;14;1;13
4699;24-25 Man. of basic metals and -products;2013 4th quarter;40;3;37
4700;24-25 Man. of basic metals and -products;2013;201;12;189
4701;24-25 Man. of basic metals and -products;2014 January;11;0;11
4702;24-25 Man. of basic metals and -products;2014 February;9;1;8
4703;24-25 Man. of basic metals and -products;2014 March;7;0;7
4704;24-25 Man. of basic metals and -products;2014 1st quarter;27;1;26
4705;24-25 Man. of basic metals and -products;2014 April;15;3;12
4706;26-28 Manufact of electronics, machinery;1993 January;9;1;8
4707;26-28 Manufact of electronics, machinery;1993 February;4;0;4
4708;26-28 Manufact of electronics, machinery;1993 March;10;2;8
4709;26-28 Manufact of electronics, machinery;1993 1st quarter;23;3;20
4710;26-28 Manufact of electronics, machinery;1993 April;14;5;9
4711;26-28 Manufact of electronics, machinery;1993 May;8;0;8
4712;26-28 Manufact of electronics, machinery;1993 June;13;2;11
4713;26-28 Manufact of electronics, machinery;1993 2nd quarter;35;7;28
4714;26-28 Manufact of electronics, machinery;1993 July;12;0;12
4715;26-28 Manufact of electronics, machinery;1993 August;12;1;11
4716;26-28 Manufact of electronics, machinery;1993 September;17;1;16
4717;26-28 Manufact of electronics, machinery;1993 3rd quarter;41;2;39
4718;26-28 Manufact of electronics, machinery;1993 October;5;2;3
4719;26-28 Manufact of electronics, machinery;1993 November;13;0;13
4720;26-28 Manufact of electronics, machinery;1993 December;7;0;7
4721;26-28 Manufact of electronics, machinery;1993 4th quarter;25;2;23
4722;26-28 Manufact of electronics, machinery;1993;124;14;110
4723;26-28 Manufact of electronics, machinery;1994 January;12;0;12
4724;26-28 Manufact of electronics, machinery;1994 February;7;0;7
4725;26-28 Manufact of electronics, machinery;1994 March;9;2;7
4726;26-28 Manufact of electronics, machinery;1994 1st quarter;28;2;26
4727;26-28 Manufact of electronics, machinery;1994 April;9;1;8
4728;26-28 Manufact of electronics, machinery;1994 May;9;2;7
4729;26-28 Manufact of electronics, machinery;1994 June;13;4;9
4730;26-28 Manufact of electronics, machinery;1994 2nd quarter;31;7;24
4731;26-28 Manufact of electronics, machinery;1994 July;9;3;6
4732;26-28 Manufact of electronics, machinery;1994 August;7;2;5
4733;26-28 Manufact of electronics, machinery;1994 September;2;1;1
4734;26-28 Manufact of electronics, machinery;1994 3rd quarter;18;6;12
4735;26-28 Manufact of electronics, machinery;1994 October;7;1;6
4736;26-28 Manufact of electronics, machinery;1994 November;12;3;9
4737;26-28 Manufact of electronics, machinery;1994 December;6;2;4
4738;26-28 Manufact of electronics, machinery;1994 4th quarter;25;6;19
4739;26-28 Manufact of electronics, machinery;1994;102;21;81
4740;26-28 Manufact of electronics, machinery;1995 January;4;0;4
4741;26-28 Manufact of electronics, machinery;1995 February;2;0;2
4742;26-28 Manufact of electronics, machinery;1995 March;3;0;3
4743;26-28 Manufact of electronics, machinery;1995 1st quarter;9;0;9
4744;26-28 Manufact of electronics, machinery;1995 April;8;0;8
4745;26-28 Manufact of electronics, machinery;1995 May;7;2;5
4746;26-28 Manufact of electronics, machinery;1995 June;7;0;7
4747;26-28 Manufact of electronics, machinery;1995 2nd quarter;22;2;20
4748;26-28 Manufact of electronics, machinery;1995 July;3;0;3
4749;26-28 Manufact of electronics, machinery;1995 August;6;2;4
4750;26-28 Manufact of electronics, machinery;1995 September;10;1;9
4751;26-28 Manufact of electronics, machinery;1995 3rd quarter;19;3;16
4752;26-28 Manufact of electronics, machinery;1995 October;4;1;3
4753;26-28 Manufact of electronics, machinery;1995 November;4;0;4
4754;26-28 Manufact of electronics, machinery;1995 December;5;1;4
4755;26-28 Manufact of electronics, machinery;1995 4th quarter;13;2;11
4756;26-28 Manufact of electronics, machinery;1995;63;7;56
4757;26-28 Manufact of electronics, machinery;1996 January;8;0;8
4758;26-28 Manufact of electronics, machinery;1996 February;7;1;6
4759;26-28 Manufact of electronics, machinery;1996 March;4;2;2
4760;26-28 Manufact of electronics, machinery;1996 1st quarter;19;3;16
4761;26-28 Manufact of electronics, machinery;1996 April;3;1;2
4762;26-28 Manufact of electronics, machinery;1996 May;4;2;2
4763;26-28 Manufact of electronics, machinery;1996 June;7;0;7
4764;26-28 Manufact of electronics, machinery;1996 2nd quarter;14;3;11
4765;26-28 Manufact of electronics, machinery;1996 July;3;1;2
4766;26-28 Manufact of electronics, machinery;1996 August;2;1;1
4767;26-28 Manufact of electronics, machinery;1996 September;7;0;7
4768;26-28 Manufact of electronics, machinery;1996 3rd quarter;12;2;10
4769;26-28 Manufact of electronics, machinery;1996 October;12;2;10
4770;26-28 Manufact of electronics, machinery;1996 November;5;4;1
4771;26-28 Manufact of electronics, machinery;1996 December;6;0;6
4772;26-28 Manufact of electronics, machinery;1996 4th quarter;23;6;17
4773;26-28 Manufact of electronics, machinery;1996;68;14;54
4774;26-28 Manufact of electronics, machinery;1997 January;6;2;4
4775;26-28 Manufact of electronics, machinery;1997 February;7;4;3
4776;26-28 Manufact of electronics, machinery;1997 March;11;1;10
4777;26-28 Manufact of electronics, machinery;1997 1st quarter;24;7;17
4778;26-28 Manufact of electronics, machinery;1997 April;6;0;6
4779;26-28 Manufact of electronics, machinery;1997 May;4;1;3
4780;26-28 Manufact of electronics, machinery;1997 June;7;1;6
4781;26-28 Manufact of electronics, machinery;1997 2nd quarter;17;2;15
4782;26-28 Manufact of electronics, machinery;1997 July;7;1;6
4783;26-28 Manufact of electronics, machinery;1997 August;5;0;5
4784;26-28 Manufact of electronics, machinery;1997 September;4;1;3
4785;26-28 Manufact of electronics, machinery;1997 3rd quarter;16;2;14
4786;26-28 Manufact of electronics, machinery;1997 October;5;0;5
4787;26-28 Manufact of electronics, machinery;1997 November;8;2;6
4788;26-28 Manufact of electronics, machinery;1997 December;4;0;4
4789;26-28 Manufact of electronics, machinery;1997 4th quarter;17;2;15
4790;26-28 Manufact of electronics, machinery;1997;74;13;61
4791;26-28 Manufact of electronics, machinery;1998 January;5;1;4
4792;26-28 Manufact of electronics, machinery;1998 February;2;0;2
4793;26-28 Manufact of electronics, machinery;1998 March;12;0;12
4794;26-28 Manufact of electronics, machinery;1998 1st quarter;19;1;18
4795;26-28 Manufact of electronics, machinery;1998 April;6;1;5
4796;26-28 Manufact of electronics, machinery;1998 May;7;0;7
4797;26-28 Manufact of electronics, machinery;1998 June;8;1;7
4798;26-28 Manufact of electronics, machinery;1998 2nd quarter;21;2;19
4799;26-28 Manufact of electronics, machinery;1998 July;6;1;5
4800;26-28 Manufact of electronics, machinery;1998 August;4;1;3
4801;26-28 Manufact of electronics, machinery;1998 September;7;1;6
4802;26-28 Manufact of electronics, machinery;1998 3rd quarter;17;3;14
4803;26-28 Manufact of electronics, machinery;1998 October;5;1;4
4804;26-28 Manufact of electronics, machinery;1998 November;8;0;8
4805;26-28 Manufact of electronics, machinery;1998 December;12;0;12
4806;26-28 Manufact of electronics, machinery;1998 4th quarter;25;1;24
4807;26-28 Manufact of electronics, machinery;1998;82;7;75
4808;26-28 Manufact of electronics, machinery;1999 January;3;0;3
4809;26-28 Manufact of electronics, machinery;1999 February;6;0;6
4810;26-28 Manufact of electronics, machinery;1999 March;4;1;3
4811;26-28 Manufact of electronics, machinery;1999 1st quarter;13;1;12
4812;26-28 Manufact of electronics, machinery;1999 April;4;0;4
4813;26-28 Manufact of electronics, machinery;1999 May;7;0;7
4814;26-28 Manufact of electronics, machinery;1999 June;7;0;7
4815;26-28 Manufact of electronics, machinery;1999 2nd quarter;18;0;18
4816;26-28 Manufact of electronics, machinery;1999 July;7;0;7
4817;26-28 Manufact of electronics, machinery;1999 August;2;1;1
4818;26-28 Manufact of electronics, machinery;1999 September;2;0;2
4819;26-28 Manufact of electronics, machinery;1999 3rd quarter;11;1;10
4820;26-28 Manufact of electronics, machinery;1999 October;3;0;3
4821;26-28 Manufact of electronics, machinery;1999 November;6;0;6
4822;26-28 Manufact of electronics, machinery;1999 December;7;0;7
4823;26-28 Manufact of electronics, machinery;1999 4th quarter;16;0;16
4824;26-28 Manufact of electronics, machinery;1999;58;2;56
4825;26-28 Manufact of electronics, machinery;2000 January;3;1;2
4826;26-28 Manufact of electronics, machinery;2000 February;7;0;7
4827;26-28 Manufact of electronics, machinery;2000 March;8;0;8
4828;26-28 Manufact of electronics, machinery;2000 1st quarter;18;1;17
4829;26-28 Manufact of electronics, machinery;2000 April;2;0;2
4830;26-28 Manufact of electronics, machinery;2000 May;5;0;5
4831;26-28 Manufact of electronics, machinery;2000 June;5;0;5
4832;26-28 Manufact of electronics, machinery;2000 2nd quarter;12;0;12
4833;26-28 Manufact of electronics, machinery;2000 July;7;0;7
4834;26-28 Manufact of electronics, machinery;2000 August;6;1;5
4835;26-28 Manufact of electronics, machinery;2000 September;4;0;4
4836;26-28 Manufact of electronics, machinery;2000 3rd quarter;17;1;16
4837;26-28 Manufact of electronics, machinery;2000 October;3;1;2
4838;26-28 Manufact of electronics, machinery;2000 November;6;0;6
4839;26-28 Manufact of electronics, machinery;2000 December;4;1;3
4840;26-28 Manufact of electronics, machinery;2000 4th quarter;13;2;11
4841;26-28 Manufact of electronics, machinery;2000;60;4;56
4842;26-28 Manufact of electronics, machinery;2001 January;5;1;4
4843;26-28 Manufact of electronics, machinery;2001 February;5;0;5
4844;26-28 Manufact of electronics, machinery;2001 March;6;1;5
4845;26-28 Manufact of electronics, machinery;2001 1st quarter;16;2;14
4846;26-28 Manufact of electronics, machinery;2001 April;2;0;2
4847;26-28 Manufact of electronics, machinery;2001 May;8;2;6
4848;26-28 Manufact of electronics, machinery;2001 June;3;0;3
4849;26-28 Manufact of electronics, machinery;2001 2nd quarter;13;2;11
4850;26-28 Manufact of electronics, machinery;2001 July;16;1;15
4851;26-28 Manufact of electronics, machinery;2001 August;5;0;5
4852;26-28 Manufact of electronics, machinery;2001 September;13;1;12
4853;26-28 Manufact of electronics, machinery;2001 3rd quarter;34;2;32
4854;26-28 Manufact of electronics, machinery;2001 October;10;0;10
4855;26-28 Manufact of electronics, machinery;2001 November;17;1;16
4856;26-28 Manufact of electronics, machinery;2001 December;7;2;5
4857;26-28 Manufact of electronics, machinery;2001 4th quarter;34;3;31
4858;26-28 Manufact of electronics, machinery;2001;97;9;88
4859;26-28 Manufact of electronics, machinery;2002 January;5;1;4
4860;26-28 Manufact of electronics, machinery;2002 February;8;1;7
4861;26-28 Manufact of electronics, machinery;2002 March;12;0;12
4862;26-28 Manufact of electronics, machinery;2002 1st quarter;25;2;23
4863;26-28 Manufact of electronics, machinery;2002 April;8;1;7
4864;26-28 Manufact of electronics, machinery;2002 May;13;0;13
4865;26-28 Manufact of electronics, machinery;2002 June;8;0;8
4866;26-28 Manufact of electronics, machinery;2002 2nd quarter;29;1;28
4867;26-28 Manufact of electronics, machinery;2002 July;9;0;9
4868;26-28 Manufact of electronics, machinery;2002 August;7;0;7
4869;26-28 Manufact of electronics, machinery;2002 September;12;0;12
4870;26-28 Manufact of electronics, machinery;2002 3rd quarter;28;0;28
4871;26-28 Manufact of electronics, machinery;2002 October;12;0;12
4872;26-28 Manufact of electronics, machinery;2002 November;6;0;6
4873;26-28 Manufact of electronics, machinery;2002 December;7;0;7
4874;26-28 Manufact of electronics, machinery;2002 4th quarter;25;0;25
4875;26-28 Manufact of electronics, machinery;2002;107;3;104
4876;26-28 Manufact of electronics, machinery;2003 January;12;1;11
4877;26-28 Manufact of electronics, machinery;2003 February;13;0;13
4878;26-28 Manufact of electronics, machinery;2003 March;7;0;7
4879;26-28 Manufact of electronics, machinery;2003 1st quarter;32;1;31
4880;26-28 Manufact of electronics, machinery;2003 April;14;1;13
4881;26-28 Manufact of electronics, machinery;2003 May;15;1;14
4882;26-28 Manufact of electronics, machinery;2003 June;12;0;12
4883;26-28 Manufact of electronics, machinery;2003 2nd quarter;41;2;39
4884;26-28 Manufact of electronics, machinery;2003 July;15;0;15
4885;26-28 Manufact of electronics, machinery;2003 August;8;0;8
4886;26-28 Manufact of electronics, machinery;2003 September;14;2;12
4887;26-28 Manufact of electronics, machinery;2003 3rd quarter;37;2;35
4888;26-28 Manufact of electronics, machinery;2003 October;12;0;12
4889;26-28 Manufact of electronics, machinery;2003 November;7;0;7
4890;26-28 Manufact of electronics, machinery;2003 December;2;0;2
4891;26-28 Manufact of electronics, machinery;2003 4th quarter;21;0;21
4892;26-28 Manufact of electronics, machinery;2003;131;5;126
4893;26-28 Manufact of electronics, machinery;2004 January;8;0;8
4894;26-28 Manufact of electronics, machinery;2004 February;6;1;5
4895;26-28 Manufact of electronics, machinery;2004 March;20;0;20
4896;26-28 Manufact of electronics, machinery;2004 1st quarter;34;1;33
4897;26-28 Manufact of electronics, machinery;2004 April;8;0;8
4898;26-28 Manufact of electronics, machinery;2004 May;15;0;15
4899;26-28 Manufact of electronics, machinery;2004 June;14;0;14
4900;26-28 Manufact of electronics, machinery;2004 2nd quarter;37;0;37
4901;26-28 Manufact of electronics, machinery;2004 July;7;0;7
4902;26-28 Manufact of electronics, machinery;2004 August;6;0;6
4903;26-28 Manufact of electronics, machinery;2004 September;5;1;4
4904;26-28 Manufact of electronics, machinery;2004 3rd quarter;18;1;17
4905;26-28 Manufact of electronics, machinery;2004 October;7;0;7
4906;26-28 Manufact of electronics, machinery;2004 November;8;0;8
4907;26-28 Manufact of electronics, machinery;2004 December;4;0;4
4908;26-28 Manufact of electronics, machinery;2004 4th quarter;19;0;19
4909;26-28 Manufact of electronics, machinery;2004;108;2;106
4910;26-28 Manufact of electronics, machinery;2005 January;6;0;6
4911;26-28 Manufact of electronics, machinery;2005 February;5;0;5
4912;26-28 Manufact of electronics, machinery;2005 March;9;0;9
4913;26-28 Manufact of electronics, machinery;2005 1st quarter;20;0;20
4914;26-28 Manufact of electronics, machinery;2005 April;7;0;7
4915;26-28 Manufact of electronics, machinery;2005 May;11;0;11
4916;26-28 Manufact of electronics, machinery;2005 June;8;1;7
4917;26-28 Manufact of electronics, machinery;2005 2nd quarter;26;1;25
4918;26-28 Manufact of electronics, machinery;2005 July;7;0;7
4919;26-28 Manufact of electronics, machinery;2005 August;8;0;8
4920;26-28 Manufact of electronics, machinery;2005 September;13;0;13
4921;26-28 Manufact of electronics, machinery;2005 3rd quarter;28;0;28
4922;26-28 Manufact of electronics, machinery;2005 October;7;0;7
4923;26-28 Manufact of electronics, machinery;2005 November;5;0;5
4924;26-28 Manufact of electronics, machinery;2005 December;9;0;9
4925;26-28 Manufact of electronics, machinery;2005 4th quarter;21;0;21
4926;26-28 Manufact of electronics, machinery;2005;95;1;94
4927;26-28 Manufact of electronics, machinery;2006 January;7;0;7
4928;26-28 Manufact of electronics, machinery;2006 February;5;2;3
4929;26-28 Manufact of electronics, machinery;2006 March;10;0;10
4930;26-28 Manufact of electronics, machinery;2006 1st quarter;22;2;20
4931;26-28 Manufact of electronics, machinery;2006 April;12;0;12
4932;26-28 Manufact of electronics, machinery;2006 May;7;0;7
4933;26-28 Manufact of electronics, machinery;2006 June;6;0;6
4934;26-28 Manufact of electronics, machinery;2006 2nd quarter;25;0;25
4935;26-28 Manufact of electronics, machinery;2006 July;9;1;8
4936;26-28 Manufact of electronics, machinery;2006 August;4;0;4
4937;26-28 Manufact of electronics, machinery;2006 September;5;0;5
4938;26-28 Manufact of electronics, machinery;2006 3rd quarter;18;1;17
4939;26-28 Manufact of electronics, machinery;2006 October;2;0;2
4940;26-28 Manufact of electronics, machinery;2006 November;11;0;11
4941;26-28 Manufact of electronics, machinery;2006 December;6;0;6
4942;26-28 Manufact of electronics, machinery;2006 4th quarter;19;0;19
4943;26-28 Manufact of electronics, machinery;2006;84;3;81
4944;26-28 Manufact of electronics, machinery;2007 January;15;1;14
4945;26-28 Manufact of electronics, machinery;2007 February;3;1;2
4946;26-28 Manufact of electronics, machinery;2007 March;2;0;2
4947;26-28 Manufact of electronics, machinery;2007 1st quarter;20;2;18
4948;26-28 Manufact of electronics, machinery;2007 April;5;1;4
4949;26-28 Manufact of electronics, machinery;2007 May;8;0;8
4950;26-28 Manufact of electronics, machinery;2007 June;7;0;7
4951;26-28 Manufact of electronics, machinery;2007 2nd quarter;20;1;19
4952;26-28 Manufact of electronics, machinery;2007 July;2;2;0
4953;26-28 Manufact of electronics, machinery;2007 August;3;0;3
4954;26-28 Manufact of electronics, machinery;2007 September;2;0;2
4955;26-28 Manufact of electronics, machinery;2007 3rd quarter;7;2;5
4956;26-28 Manufact of electronics, machinery;2007 October;15;0;15
4957;26-28 Manufact of electronics, machinery;2007 November;9;0;9
4958;26-28 Manufact of electronics, machinery;2007 December;8;1;7
4959;26-28 Manufact of electronics, machinery;2007 4th quarter;32;1;31
4960;26-28 Manufact of electronics, machinery;2007;79;6;73
4961;26-28 Manufact of electronics, machinery;2008 January;5;0;5
4962;26-28 Manufact of electronics, machinery;2008 February;6;0;6
4963;26-28 Manufact of electronics, machinery;2008 March;4;1;3
4964;26-28 Manufact of electronics, machinery;2008 1st quarter;15;1;14
4965;26-28 Manufact of electronics, machinery;2008 April;0;0;0
4966;26-28 Manufact of electronics, machinery;2008 May;4;0;4
4967;26-28 Manufact of electronics, machinery;2008 June;5;1;4
4968;26-28 Manufact of electronics, machinery;2008 2nd quarter;9;1;8
4969;26-28 Manufact of electronics, machinery;2008 July;3;0;3
4970;26-28 Manufact of electronics, machinery;2008 August;3;0;3
4971;26-28 Manufact of electronics, machinery;2008 September;5;0;5
4972;26-28 Manufact of electronics, machinery;2008 3rd quarter;11;0;11
4973;26-28 Manufact of electronics, machinery;2008 October;4;0;4
4974;26-28 Manufact of electronics, machinery;2008 November;19;0;19
4975;26-28 Manufact of electronics, machinery;2008 December;12;0;12
4976;26-28 Manufact of electronics, machinery;2008 4th quarter;35;0;35
4977;26-28 Manufact of electronics, machinery;2008;70;2;68
4978;26-28 Manufact of electronics, machinery;2009 January;10;1;9
4979;26-28 Manufact of electronics, machinery;2009 February;17;0;17
4980;26-28 Manufact of electronics, machinery;2009 March;33;2;31
4981;26-28 Manufact of electronics, machinery;2009 1st quarter;60;3;57
4982;26-28 Manufact of electronics, machinery;2009 April;16;0;16
4983;26-28 Manufact of electronics, machinery;2009 May;10;0;10
4984;26-28 Manufact of electronics, machinery;2009 June;18;3;15
4985;26-28 Manufact of electronics, machinery;2009 2nd quarter;44;3;41
4986;26-28 Manufact of electronics, machinery;2009 July;26;0;26
4987;26-28 Manufact of electronics, machinery;2009 August;20;2;18
4988;26-28 Manufact of electronics, machinery;2009 September;10;1;9
4989;26-28 Manufact of electronics, machinery;2009 3rd quarter;56;3;53
4990;26-28 Manufact of electronics, machinery;2009 October;9;0;9
4991;26-28 Manufact of electronics, machinery;2009 November;13;0;13
4992;26-28 Manufact of electronics, machinery;2009 December;12;1;11
4993;26-28 Manufact of electronics, machinery;2009 4th quarter;34;1;33
4994;26-28 Manufact of electronics, machinery;2009;194;10;184
4995;26-28 Manufact of electronics, machinery;2010 January;6;1;5
4996;26-28 Manufact of electronics, machinery;2010 February;4;0;4
4997;26-28 Manufact of electronics, machinery;2010 March;6;1;5
4998;26-28 Manufact of electronics, machinery;2010 1st quarter;16;2;14
4999;26-28 Manufact of electronics, machinery;2010 April;11;0;11
5000;26-28 Manufact of electronics, machinery;2010 May;5;1;4
5001;26-28 Manufact of electronics, machinery;2010 June;15;0;15
5002;26-28 Manufact of electronics, machinery;2010 2nd quarter;31;1;30
5003;26-28 Manufact of electronics, machinery;2010 July;6;0;6
5004;26-28 Manufact of electronics, machinery;2010 August;10;0;10
5005;26-28 Manufact of electronics, machinery;2010 September;5;1;4
5006;26-28 Manufact of electronics, machinery;2010 3rd quarter;21;1;20
5007;26-28 Manufact of electronics, machinery;2010 October;10;0;10
5008;26-28 Manufact of electronics, machinery;2010 November;8;1;7
5009;26-28 Manufact of electronics, machinery;2010 December;8;0;8
5010;26-28 Manufact of electronics, machinery;2010 4th quarter;26;1;25
5011;26-28 Manufact of electronics, machinery;2010;94;5;89
5012;26-28 Manufact of electronics, machinery;2011 January;16;0;16
5013;26-28 Manufact of electronics, machinery;2011 February;8;0;8
5014;26-28 Manufact of electronics, machinery;2011 March;7;1;6
5015;26-28 Manufact of electronics, machinery;2011 1st quarter;31;1;30
5016;26-28 Manufact of electronics, machinery;2011 April;3;0;3
5017;26-28 Manufact of electronics, machinery;2011 May;8;0;8
5018;26-28 Manufact of electronics, machinery;2011 June;4;0;4
5019;26-28 Manufact of electronics, machinery;2011 2nd quarter;15;0;15
5020;26-28 Manufact of electronics, machinery;2011 July;7;0;7
5021;26-28 Manufact of electronics, machinery;2011 August;4;0;4
5022;26-28 Manufact of electronics, machinery;2011 September;10;0;10
5023;26-28 Manufact of electronics, machinery;2011 3rd quarter;21;0;21
5024;26-28 Manufact of electronics, machinery;2011 October;18;0;18
5025;26-28 Manufact of electronics, machinery;2011 November;7;0;7
5026;26-28 Manufact of electronics, machinery;2011 December;11;0;11
5027;26-28 Manufact of electronics, machinery;2011 4th quarter;36;0;36
5028;26-28 Manufact of electronics, machinery;2011;103;1;102
5029;26-28 Manufact of electronics, machinery;2012 January;7;1;6
5030;26-28 Manufact of electronics, machinery;2012 February;6;0;6
5031;26-28 Manufact of electronics, machinery;2012 March;11;0;11
5032;26-28 Manufact of electronics, machinery;2012 1st quarter;24;1;23
5033;26-28 Manufact of electronics, machinery;2012 April;19;1;18
5034;26-28 Manufact of electronics, machinery;2012 May;9;1;8
5035;26-28 Manufact of electronics, machinery;2012 June;9;0;9
5036;26-28 Manufact of electronics, machinery;2012 2nd quarter;37;2;35
5037;26-28 Manufact of electronics, machinery;2012 July ;10;2;8
5038;26-28 Manufact of electronics, machinery;2012 August;11;0;11
5039;26-28 Manufact of electronics, machinery;2012 September;14;0;14
5040;26-28 Manufact of electronics, machinery;2012 3rd quarter;35;2;33
5041;26-28 Manufact of electronics, machinery;2012 October;10;0;10
5042;26-28 Manufact of electronics, machinery;2012 November;2;0;2
5043;26-28 Manufact of electronics, machinery;2012 December;6;0;6
5044;26-28 Manufact of electronics, machinery;2012 4th quarter;18;0;18
5045;26-28 Manufact of electronics, machinery;2012;114;5;109
5046;26-28 Manufact of electronics, machinery;2013 January;12;0;12
5047;26-28 Manufact of electronics, machinery;2013 February;6;0;6
5048;26-28 Manufact of electronics, machinery;2013 March;9;1;8
5049;26-28 Manufact of electronics, machinery;2013 1st quarter;27;1;26
5050;26-28 Manufact of electronics, machinery;2013 April;11;0;11
5051;26-28 Manufact of electronics, machinery;2013 May;5;0;5
5052;26-28 Manufact of electronics, machinery;2013 June;12;0;12
5053;26-28 Manufact of electronics, machinery;2013 2nd quarter;28;0;28
5054;26-28 Manufact of electronics, machinery;2013 July;5;0;5
5055;26-28 Manufact of electronics, machinery;2013 August;4;1;3
5056;26-28 Manufact of electronics, machinery;2013 September;2;1;1
5057;26-28 Manufact of electronics, machinery;2013 3rd quarter;11;2;9
5058;26-28 Manufact of electronics, machinery;2013 October;5;0;5
5059;26-28 Manufact of electronics, machinery;2013 November;8;0;8
5060;26-28 Manufact of electronics, machinery;2013 December;8;1;7
5061;26-28 Manufact of electronics, machinery;2013 4th quarter;21;1;20
5062;26-28 Manufact of electronics, machinery;2013;87;4;83
5063;26-28 Manufact of electronics, machinery;2014 January;12;0;12
5064;26-28 Manufact of electronics, machinery;2014 February;14;0;14
5065;26-28 Manufact of electronics, machinery;2014 March;7;1;6
5066;26-28 Manufact of electronics, machinery;2014 1st quarter;33;1;32
5067;26-28 Manufact of electronics, machinery;2014 April;7;0;7
5068;29-30 Transport equipment;1993 January;4;2;2
5069;29-30 Transport equipment;1993 February;3;0;3
5070;29-30 Transport equipment;1993 March;9;2;7
5071;29-30 Transport equipment;1993 1st quarter;16;4;12
5072;29-30 Transport equipment;1993 April;4;0;4
5073;29-30 Transport equipment;1993 May;7;2;5
5074;29-30 Transport equipment;1993 June;2;1;1
5075;29-30 Transport equipment;1993 2nd quarter;13;3;10
5076;29-30 Transport equipment;1993 July;7;2;5
5077;29-30 Transport equipment;1993 August;1;0;1
5078;29-30 Transport equipment;1993 September;6;2;4
5079;29-30 Transport equipment;1993 3rd quarter;14;4;10
5080;29-30 Transport equipment;1993 October;8;1;7
5081;29-30 Transport equipment;1993 November;4;3;1
5082;29-30 Transport equipment;1993 December;3;0;3
5083;29-30 Transport equipment;1993 4th quarter;15;4;11
5084;29-30 Transport equipment;1993;58;15;43
5085;29-30 Transport equipment;1994 January;3;0;3
5086;29-30 Transport equipment;1994 February;4;1;3
5087;29-30 Transport equipment;1994 March;4;1;3
5088;29-30 Transport equipment;1994 1st quarter;11;2;9
5089;29-30 Transport equipment;1994 April;3;1;2
5090;29-30 Transport equipment;1994 May;3;1;2
5091;29-30 Transport equipment;1994 June;9;2;7
5092;29-30 Transport equipment;1994 2nd quarter;15;4;11
5093;29-30 Transport equipment;1994 July;1;0;1
5094;29-30 Transport equipment;1994 August;3;1;2
5095;29-30 Transport equipment;1994 September;5;1;4
5096;29-30 Transport equipment;1994 3rd quarter;9;2;7
5097;29-30 Transport equipment;1994 October;3;2;1
5098;29-30 Transport equipment;1994 November;4;0;4
5099;29-30 Transport equipment;1994 December;2;0;2
5100;29-30 Transport equipment;1994 4th quarter;9;2;7
5101;29-30 Transport equipment;1994;44;10;34
5102;29-30 Transport equipment;1995 January;1;0;1
5103;29-30 Transport equipment;1995 February;2;1;1
5104;29-30 Transport equipment;1995 March;6;1;5
5105;29-30 Transport equipment;1995 1st quarter;9;2;7
5106;29-30 Transport equipment;1995 April;4;2;2
5107;29-30 Transport equipment;1995 May;1;1;0
5108;29-30 Transport equipment;1995 June;3;1;2
5109;29-30 Transport equipment;1995 2nd quarter;8;4;4
5110;29-30 Transport equipment;1995 July;2;0;2
5111;29-30 Transport equipment;1995 August;5;1;4
5112;29-30 Transport equipment;1995 September;2;1;1
5113;29-30 Transport equipment;1995 3rd quarter;9;2;7
5114;29-30 Transport equipment;1995 October;4;1;3
5115;29-30 Transport equipment;1995 November;5;2;3
5116;29-30 Transport equipment;1995 December;1;0;1
5117;29-30 Transport equipment;1995 4th quarter;10;3;7
5118;29-30 Transport equipment;1995;36;11;25
5119;29-30 Transport equipment;1996 January;0;0;0
5120;29-30 Transport equipment;1996 February;2;0;2
5121;29-30 Transport equipment;1996 March;7;1;6
5122;29-30 Transport equipment;1996 1st quarter;9;1;8
5123;29-30 Transport equipment;1996 April;0;0;0
5124;29-30 Transport equipment;1996 May;3;1;2
5125;29-30 Transport equipment;1996 June;3;1;2
5126;29-30 Transport equipment;1996 2nd quarter;6;2;4
5127;29-30 Transport equipment;1996 July;2;0;2
5128;29-30 Transport equipment;1996 August;3;0;3
5129;29-30 Transport equipment;1996 September;3;2;1
5130;29-30 Transport equipment;1996 3rd quarter;8;2;6
5131;29-30 Transport equipment;1996 October;1;0;1
5132;29-30 Transport equipment;1996 November;0;0;0
5133;29-30 Transport equipment;1996 December;2;0;2
5134;29-30 Transport equipment;1996 4th quarter;3;0;3
5135;29-30 Transport equipment;1996;26;5;21
5136;29-30 Transport equipment;1997 January;5;2;3
5137;29-30 Transport equipment;1997 February;1;1;0
5138;29-30 Transport equipment;1997 March;5;0;5
5139;29-30 Transport equipment;1997 1st quarter;11;3;8
5140;29-30 Transport equipment;1997 April;4;0;4
5141;29-30 Transport equipment;1997 May;1;0;1
5142;29-30 Transport equipment;1997 June;2;1;1
5143;29-30 Transport equipment;1997 2nd quarter;7;1;6
5144;29-30 Transport equipment;1997 July;2;1;1
5145;29-30 Transport equipment;1997 August;4;1;3
5146;29-30 Transport equipment;1997 September;3;1;2
5147;29-30 Transport equipment;1997 3rd quarter;9;3;6
5148;29-30 Transport equipment;1997 October;3;2;1
5149;29-30 Transport equipment;1997 November;2;1;1
5150;29-30 Transport equipment;1997 December;1;0;1
5151;29-30 Transport equipment;1997 4th quarter;6;3;3
5152;29-30 Transport equipment;1997;33;10;23
5153;29-30 Transport equipment;1998 January;0;0;0
5154;29-30 Transport equipment;1998 February;3;0;3
5155;29-30 Transport equipment;1998 March;3;2;1
5156;29-30 Transport equipment;1998 1st quarter;6;2;4
5157;29-30 Transport equipment;1998 April;3;1;2
5158;29-30 Transport equipment;1998 May;0;0;0
5159;29-30 Transport equipment;1998 June;0;0;0
5160;29-30 Transport equipment;1998 2nd quarter;3;1;2
5161;29-30 Transport equipment;1998 July;2;1;1
5162;29-30 Transport equipment;1998 August;2;0;2
5163;29-30 Transport equipment;1998 September;1;0;1
5164;29-30 Transport equipment;1998 3rd quarter;5;1;4
5165;29-30 Transport equipment;1998 October;4;3;1
5166;29-30 Transport equipment;1998 November;2;0;2
5167;29-30 Transport equipment;1998 December;3;0;3
5168;29-30 Transport equipment;1998 4th quarter;9;3;6
5169;29-30 Transport equipment;1998;23;7;16
5170;29-30 Transport equipment;1999 January;3;0;3
5171;29-30 Transport equipment;1999 February;1;0;1
5172;29-30 Transport equipment;1999 March;3;0;3
5173;29-30 Transport equipment;1999 1st quarter;7;0;7
5174;29-30 Transport equipment;1999 April;1;0;1
5175;29-30 Transport equipment;1999 May;3;0;3
5176;29-30 Transport equipment;1999 June;3;1;2
5177;29-30 Transport equipment;1999 2nd quarter;7;1;6
5178;29-30 Transport equipment;1999 July;4;0;4
5179;29-30 Transport equipment;1999 August;1;0;1
5180;29-30 Transport equipment;1999 September;0;0;0
5181;29-30 Transport equipment;1999 3rd quarter;5;0;5
5182;29-30 Transport equipment;1999 October;0;0;0
5183;29-30 Transport equipment;1999 November;1;0;1
5184;29-30 Transport equipment;1999 December;3;0;3
5185;29-30 Transport equipment;1999 4th quarter;4;0;4
5186;29-30 Transport equipment;1999;23;1;22
5187;29-30 Transport equipment;2000 January;0;0;0
5188;29-30 Transport equipment;2000 February;1;1;0
5189;29-30 Transport equipment;2000 March;2;0;2
5190;29-30 Transport equipment;2000 1st quarter;3;1;2
5191;29-30 Transport equipment;2000 April;0;0;0
5192;29-30 Transport equipment;2000 May;1;0;1
5193;29-30 Transport equipment;2000 June;3;1;2
5194;29-30 Transport equipment;2000 2nd quarter;4;1;3
5195;29-30 Transport equipment;2000 July;2;0;2
5196;29-30 Transport equipment;2000 August;4;2;2
5197;29-30 Transport equipment;2000 September;0;0;0
5198;29-30 Transport equipment;2000 3rd quarter;6;2;4
5199;29-30 Transport equipment;2000 October;2;1;1
5200;29-30 Transport equipment;2000 November;4;0;4
5201;29-30 Transport equipment;2000 December;4;0;4
5202;29-30 Transport equipment;2000 4th quarter;10;1;9
5203;29-30 Transport equipment;2000;23;5;18
5204;29-30 Transport equipment;2001 January;1;0;1
5205;29-30 Transport equipment;2001 February;0;0;0
5206;29-30 Transport equipment;2001 March;0;0;0
5207;29-30 Transport equipment;2001 1st quarter;1;0;1
5208;29-30 Transport equipment;2001 April;0;0;0
5209;29-30 Transport equipment;2001 May;4;0;4
5210;29-30 Transport equipment;2001 June;2;0;2
5211;29-30 Transport equipment;2001 2nd quarter;6;0;6
5212;29-30 Transport equipment;2001 July;2;2;0
5213;29-30 Transport equipment;2001 August;2;0;2
5214;29-30 Transport equipment;2001 September;2;0;2
5215;29-30 Transport equipment;2001 3rd quarter;6;2;4
5216;29-30 Transport equipment;2001 October;3;1;2
5217;29-30 Transport equipment;2001 November;3;0;3
5218;29-30 Transport equipment;2001 December;7;1;6
5219;29-30 Transport equipment;2001 4th quarter;13;2;11
5220;29-30 Transport equipment;2001;26;4;22
5221;29-30 Transport equipment;2002 January;3;0;3
5222;29-30 Transport equipment;2002 February;4;0;4
5223;29-30 Transport equipment;2002 March;9;0;9
5224;29-30 Transport equipment;2002 1st quarter;16;0;16
5225;29-30 Transport equipment;2002 April;2;0;2
5226;29-30 Transport equipment;2002 May;3;0;3
5227;29-30 Transport equipment;2002 June;5;0;5
5228;29-30 Transport equipment;2002 2nd quarter;10;0;10
5229;29-30 Transport equipment;2002 July;1;1;0
5230;29-30 Transport equipment;2002 August;4;0;4
5231;29-30 Transport equipment;2002 September;4;1;3
5232;29-30 Transport equipment;2002 3rd quarter;9;2;7
5233;29-30 Transport equipment;2002 October;1;0;1
5234;29-30 Transport equipment;2002 November;1;0;1
5235;29-30 Transport equipment;2002 December;1;0;1
5236;29-30 Transport equipment;2002 4th quarter;3;0;3
5237;29-30 Transport equipment;2002;38;2;36
5238;29-30 Transport equipment;2003 January;3;0;3
5239;29-30 Transport equipment;2003 February;0;0;0
5240;29-30 Transport equipment;2003 March;1;1;0
5241;29-30 Transport equipment;2003 1st quarter;4;1;3
5242;29-30 Transport equipment;2003 April;4;1;3
5243;29-30 Transport equipment;2003 May;2;1;1
5244;29-30 Transport equipment;2003 June;4;0;4
5245;29-30 Transport equipment;2003 2nd quarter;10;2;8
5246;29-30 Transport equipment;2003 July;8;0;8
5247;29-30 Transport equipment;2003 August;4;0;4
5248;29-30 Transport equipment;2003 September;8;0;8
5249;29-30 Transport equipment;2003 3rd quarter;20;0;20
5250;29-30 Transport equipment;2003 October;1;0;1
5251;29-30 Transport equipment;2003 November;2;0;2
5252;29-30 Transport equipment;2003 December;2;1;1
5253;29-30 Transport equipment;2003 4th quarter;5;1;4
5254;29-30 Transport equipment;2003;39;4;35
5255;29-30 Transport equipment;2004 January;2;1;1
5256;29-30 Transport equipment;2004 February;3;0;3
5257;29-30 Transport equipment;2004 March;8;0;8
5258;29-30 Transport equipment;2004 1st quarter;13;1;12
5259;29-30 Transport equipment;2004 April;3;0;3
5260;29-30 Transport equipment;2004 May;5;0;5
5261;29-30 Transport equipment;2004 June;6;0;6
5262;29-30 Transport equipment;2004 2nd quarter;14;0;14
5263;29-30 Transport equipment;2004 July;2;0;2
5264;29-30 Transport equipment;2004 August;7;0;7
5265;29-30 Transport equipment;2004 September;5;0;5
5266;29-30 Transport equipment;2004 3rd quarter;14;0;14
5267;29-30 Transport equipment;2004 October;0;0;0
5268;29-30 Transport equipment;2004 November;4;0;4
5269;29-30 Transport equipment;2004 December;2;0;2
5270;29-30 Transport equipment;2004 4th quarter;6;0;6
5271;29-30 Transport equipment;2004;47;1;46
5272;29-30 Transport equipment;2005 January;5;1;4
5273;29-30 Transport equipment;2005 February;2;0;2
5274;29-30 Transport equipment;2005 March;3;1;2
5275;29-30 Transport equipment;2005 1st quarter;10;2;8
5276;29-30 Transport equipment;2005 April;1;0;1
5277;29-30 Transport equipment;2005 May;3;0;3
5278;29-30 Transport equipment;2005 June;3;1;2
5279;29-30 Transport equipment;2005 2nd quarter;7;1;6
5280;29-30 Transport equipment;2005 July;5;1;4
5281;29-30 Transport equipment;2005 August;1;0;1
5282;29-30 Transport equipment;2005 September;5;0;5
5283;29-30 Transport equipment;2005 3rd quarter;11;1;10
5284;29-30 Transport equipment;2005 October;2;1;1
5285;29-30 Transport equipment;2005 November;3;0;3
5286;29-30 Transport equipment;2005 December;4;0;4
5287;29-30 Transport equipment;2005 4th quarter;9;1;8
5288;29-30 Transport equipment;2005;37;5;32
5289;29-30 Transport equipment;2006 January;1;0;1
5290;29-30 Transport equipment;2006 February;1;0;1
5291;29-30 Transport equipment;2006 March;3;0;3
5292;29-30 Transport equipment;2006 1st quarter;5;0;5
5293;29-30 Transport equipment;2006 April;0;0;0
5294;29-30 Transport equipment;2006 May;0;0;0
5295;29-30 Transport equipment;2006 June;1;1;0
5296;29-30 Transport equipment;2006 2nd quarter;1;1;0
5297;29-30 Transport equipment;2006 July;2;0;2
5298;29-30 Transport equipment;2006 August;3;0;3
5299;29-30 Transport equipment;2006 September;0;0;0
5300;29-30 Transport equipment;2006 3rd quarter;5;0;5
5301;29-30 Transport equipment;2006 October;1;0;1
5302;29-30 Transport equipment;2006 November;2;0;2
5303;29-30 Transport equipment;2006 December;3;1;2
5304;29-30 Transport equipment;2006 4th quarter;6;1;5
5305;29-30 Transport equipment;2006;17;2;15
5306;29-30 Transport equipment;2007 January;0;0;0
5307;29-30 Transport equipment;2007 February;3;0;3
5308;29-30 Transport equipment;2007 March;4;0;4
5309;29-30 Transport equipment;2007 1st quarter;7;0;7
5310;29-30 Transport equipment;2007 April;2;1;1
5311;29-30 Transport equipment;2007 May;1;0;1
5312;29-30 Transport equipment;2007 June;1;1;0
5313;29-30 Transport equipment;2007 2nd quarter;4;2;2
5314;29-30 Transport equipment;2007 July;2;1;1
5315;29-30 Transport equipment;2007 August;1;0;1
5316;29-30 Transport equipment;2007 September;4;2;2
5317;29-30 Transport equipment;2007 3rd quarter;7;3;4
5318;29-30 Transport equipment;2007 October;2;1;1
5319;29-30 Transport equipment;2007 November;8;0;8
5320;29-30 Transport equipment;2007 December;2;1;1
5321;29-30 Transport equipment;2007 4th quarter;12;2;10
5322;29-30 Transport equipment;2007;30;7;23
5323;29-30 Transport equipment;2008 January;1;0;1
5324;29-30 Transport equipment;2008 February;2;0;2
5325;29-30 Transport equipment;2008 March;1;0;1
5326;29-30 Transport equipment;2008 1st quarter;4;0;4
5327;29-30 Transport equipment;2008 April;1;0;1
5328;29-30 Transport equipment;2008 May;1;0;1
5329;29-30 Transport equipment;2008 June;1;0;1
5330;29-30 Transport equipment;2008 2nd quarter;3;0;3
5331;29-30 Transport equipment;2008 July;3;1;2
5332;29-30 Transport equipment;2008 August;1;0;1
5333;29-30 Transport equipment;2008 September;2;1;1
5334;29-30 Transport equipment;2008 3rd quarter;6;2;4
5335;29-30 Transport equipment;2008 October;3;0;3
5336;29-30 Transport equipment;2008 November;5;2;3
5337;29-30 Transport equipment;2008 December;1;1;0
5338;29-30 Transport equipment;2008 4th quarter;9;3;6
5339;29-30 Transport equipment;2008;22;5;17
5340;29-30 Transport equipment;2009 January;10;1;9
5341;29-30 Transport equipment;2009 February;9;0;9
5342;29-30 Transport equipment;2009 March;6;0;6
5343;29-30 Transport equipment;2009 1st quarter;25;1;24
5344;29-30 Transport equipment;2009 April;6;0;6
5345;29-30 Transport equipment;2009 May;3;0;3
5346;29-30 Transport equipment;2009 June;7;1;6
5347;29-30 Transport equipment;2009 2nd quarter;16;1;15
5348;29-30 Transport equipment;2009 July;4;0;4
5349;29-30 Transport equipment;2009 August;5;0;5
5350;29-30 Transport equipment;2009 September;8;3;5
5351;29-30 Transport equipment;2009 3rd quarter;17;3;14
5352;29-30 Transport equipment;2009 October;3;0;3
5353;29-30 Transport equipment;2009 November;3;1;2
5354;29-30 Transport equipment;2009 December;7;1;6
5355;29-30 Transport equipment;2009 4th quarter;13;2;11
5356;29-30 Transport equipment;2009;71;7;64
5357;29-30 Transport equipment;2010 January;2;1;1
5358;29-30 Transport equipment;2010 February;2;0;2
5359;29-30 Transport equipment;2010 March;3;0;3
5360;29-30 Transport equipment;2010 1st quarter;7;1;6
5361;29-30 Transport equipment;2010 April;3;0;3
5362;29-30 Transport equipment;2010 May;2;0;2
5363;29-30 Transport equipment;2010 June;4;0;4
5364;29-30 Transport equipment;2010 2nd quarter;9;0;9
5365;29-30 Transport equipment;2010 July;3;0;3
5366;29-30 Transport equipment;2010 August;4;0;4
5367;29-30 Transport equipment;2010 September;4;0;4
5368;29-30 Transport equipment;2010 3rd quarter;11;0;11
5369;29-30 Transport equipment;2010 October;4;0;4
5370;29-30 Transport equipment;2010 November;2;0;2
5371;29-30 Transport equipment;2010 December;4;0;4
5372;29-30 Transport equipment;2010 4th quarter;10;0;10
5373;29-30 Transport equipment;2010;37;1;36
5374;29-30 Transport equipment;2011 January;1;0;1
5375;29-30 Transport equipment;2011 February;5;1;4
5376;29-30 Transport equipment;2011 March;1;0;1
5377;29-30 Transport equipment;2011 1st quarter;7;1;6
5378;29-30 Transport equipment;2011 April;3;1;2
5379;29-30 Transport equipment;2011 May;3;0;3
5380;29-30 Transport equipment;2011 June;1;0;1
5381;29-30 Transport equipment;2011 2nd quarter;7;1;6
5382;29-30 Transport equipment;2011 July;5;1;4
5383;29-30 Transport equipment;2011 August;2;0;2
5384;29-30 Transport equipment;2011 September;3;0;3
5385;29-30 Transport equipment;2011 3rd quarter;10;1;9
5386;29-30 Transport equipment;2011 October;1;0;1
5387;29-30 Transport equipment;2011 November;8;0;8
5388;29-30 Transport equipment;2011 December;1;0;1
5389;29-30 Transport equipment;2011 4th quarter;10;0;10
5390;29-30 Transport equipment;2011;34;3;31
5391;29-30 Transport equipment;2012 January;4;1;3
5392;29-30 Transport equipment;2012 February;4;0;4
5393;29-30 Transport equipment;2012 March;4;0;4
5394;29-30 Transport equipment;2012 1st quarter;12;1;11
5395;29-30 Transport equipment;2012 April;1;0;1
5396;29-30 Transport equipment;2012 May;7;0;7
5397;29-30 Transport equipment;2012 June;9;1;8
5398;29-30 Transport equipment;2012 2nd quarter;17;1;16
5399;29-30 Transport equipment;2012 July ;2;0;2
5400;29-30 Transport equipment;2012 August;1;0;1
5401;29-30 Transport equipment;2012 September;13;0;13
5402;29-30 Transport equipment;2012 3rd quarter;16;0;16
5403;29-30 Transport equipment;2012 October;6;3;3
5404;29-30 Transport equipment;2012 November;7;1;6
5405;29-30 Transport equipment;2012 December;2;0;2
5406;29-30 Transport equipment;2012 4th quarter;15;4;11
5407;29-30 Transport equipment;2012;60;6;54
5408;29-30 Transport equipment;2013 January;4;0;4
5409;29-30 Transport equipment;2013 February;3;0;3
5410;29-30 Transport equipment;2013 March;3;0;3
5411;29-30 Transport equipment;2013 1st quarter;10;0;10
5412;29-30 Transport equipment;2013 April;2;0;2
5413;29-30 Transport equipment;2013 May;7;0;7
5414;29-30 Transport equipment;2013 June;2;0;2
5415;29-30 Transport equipment;2013 2nd quarter;11;0;11
5416;29-30 Transport equipment;2013 July;2;0;2
5417;29-30 Transport equipment;2013 August;3;0;3
5418;29-30 Transport equipment;2013 September;2;0;2
5419;29-30 Transport equipment;2013 3rd quarter;7;0;7
5420;29-30 Transport equipment;2013 October;5;0;5
5421;29-30 Transport equipment;2013 November;7;1;6
5422;29-30 Transport equipment;2013 December;1;0;1
5423;29-30 Transport equipment;2013 4th quarter;13;1;12
5424;29-30 Transport equipment;2013;41;1;40
5425;29-30 Transport equipment;2014 January;1;0;1
5426;29-30 Transport equipment;2014 February;4;0;4
5427;29-30 Transport equipment;2014 March;1;0;1
5428;29-30 Transport equipment;2014 1st quarter;6;0;6
5429;29-30 Transport equipment;2014 April;1;0;1
5430;31 Manufacture of furniture;1993 January;4;1;3
5431;31 Manufacture of furniture;1993 February;7;3;4
5432;31 Manufacture of furniture;1993 March;5;0;5
5433;31 Manufacture of furniture;1993 1st quarter;16;4;12
5434;31 Manufacture of furniture;1993 April;4;3;1
5435;31 Manufacture of furniture;1993 May;2;0;2
5436;31 Manufacture of furniture;1993 June;4;0;4
5437;31 Manufacture of furniture;1993 2nd quarter;10;3;7
5438;31 Manufacture of furniture;1993 July;8;5;3
5439;31 Manufacture of furniture;1993 August;4;1;3
5440;31 Manufacture of furniture;1993 September;6;2;4
5441;31 Manufacture of furniture;1993 3rd quarter;18;8;10
5442;31 Manufacture of furniture;1993 October;2;1;1
5443;31 Manufacture of furniture;1993 November;2;0;2
5444;31 Manufacture of furniture;1993 December;3;2;1
5445;31 Manufacture of furniture;1993 4th quarter;7;3;4
5446;31 Manufacture of furniture;1993;51;18;33
5447;31 Manufacture of furniture;1994 January;1;1;0
5448;31 Manufacture of furniture;1994 February;4;3;1
5449;31 Manufacture of furniture;1994 March;3;0;3
5450;31 Manufacture of furniture;1994 1st quarter;8;4;4
5451;31 Manufacture of furniture;1994 April;4;0;4
5452;31 Manufacture of furniture;1994 May;5;1;4
5453;31 Manufacture of furniture;1994 June;7;2;5
5454;31 Manufacture of furniture;1994 2nd quarter;16;3;13
5455;31 Manufacture of furniture;1994 July;1;1;0
5456;31 Manufacture of furniture;1994 August;9;5;4
5457;31 Manufacture of furniture;1994 September;2;2;0
5458;31 Manufacture of furniture;1994 3rd quarter;12;8;4
5459;31 Manufacture of furniture;1994 October;5;3;2
5460;31 Manufacture of furniture;1994 November;8;3;5
5461;31 Manufacture of furniture;1994 December;4;3;1
5462;31 Manufacture of furniture;1994 4th quarter;17;9;8
5463;31 Manufacture of furniture;1994;53;24;29
5464;31 Manufacture of furniture;1995 January;7;6;1
5465;31 Manufacture of furniture;1995 February;4;3;1
5466;31 Manufacture of furniture;1995 March;6;1;5
5467;31 Manufacture of furniture;1995 1st quarter;17;10;7
5468;31 Manufacture of furniture;1995 April;6;3;3
5469;31 Manufacture of furniture;1995 May;3;0;3
5470;31 Manufacture of furniture;1995 June;2;2;0
5471;31 Manufacture of furniture;1995 2nd quarter;11;5;6
5472;31 Manufacture of furniture;1995 July;4;1;3
5473;31 Manufacture of furniture;1995 August;4;0;4
5474;31 Manufacture of furniture;1995 September;3;0;3
5475;31 Manufacture of furniture;1995 3rd quarter;11;1;10
5476;31 Manufacture of furniture;1995 October;6;2;4
5477;31 Manufacture of furniture;1995 November;0;0;0
5478;31 Manufacture of furniture;1995 December;5;2;3
5479;31 Manufacture of furniture;1995 4th quarter;11;4;7
5480;31 Manufacture of furniture;1995;50;20;30
5481;31 Manufacture of furniture;1996 January;6;4;2
5482;31 Manufacture of furniture;1996 February;1;0;1
5483;31 Manufacture of furniture;1996 March;12;3;9
5484;31 Manufacture of furniture;1996 1st quarter;19;7;12
5485;31 Manufacture of furniture;1996 April;2;0;2
5486;31 Manufacture of furniture;1996 May;5;1;4
5487;31 Manufacture of furniture;1996 June;6;1;5
5488;31 Manufacture of furniture;1996 2nd quarter;13;2;11
5489;31 Manufacture of furniture;1996 July;6;3;3
5490;31 Manufacture of furniture;1996 August;8;2;6
5491;31 Manufacture of furniture;1996 September;2;1;1
5492;31 Manufacture of furniture;1996 3rd quarter;16;6;10
5493;31 Manufacture of furniture;1996 October;8;4;4
5494;31 Manufacture of furniture;1996 November;6;0;6
5495;31 Manufacture of furniture;1996 December;5;4;1
5496;31 Manufacture of furniture;1996 4th quarter;19;8;11
5497;31 Manufacture of furniture;1996;67;23;44
5498;31 Manufacture of furniture;1997 January;7;4;3
5499;31 Manufacture of furniture;1997 February;8;3;5
5500;31 Manufacture of furniture;1997 March;8;4;4
5501;31 Manufacture of furniture;1997 1st quarter;23;11;12
5502;31 Manufacture of furniture;1997 April;6;2;4
5503;31 Manufacture of furniture;1997 May;6;2;4
5504;31 Manufacture of furniture;1997 June;10;3;7
5505;31 Manufacture of furniture;1997 2nd quarter;22;7;15
5506;31 Manufacture of furniture;1997 July;5;2;3
5507;31 Manufacture of furniture;1997 August;8;6;2
5508;31 Manufacture of furniture;1997 September;6;3;3
5509;31 Manufacture of furniture;1997 3rd quarter;19;11;8
5510;31 Manufacture of furniture;1997 October;6;1;5
5511;31 Manufacture of furniture;1997 November;4;3;1
5512;31 Manufacture of furniture;1997 December;5;2;3
5513;31 Manufacture of furniture;1997 4th quarter;15;6;9
5514;31 Manufacture of furniture;1997;79;35;44
5515;31 Manufacture of furniture;1998 January;5;1;4
5516;31 Manufacture of furniture;1998 February;2;0;2
5517;31 Manufacture of furniture;1998 March;3;2;1
5518;31 Manufacture of furniture;1998 1st quarter;10;3;7
5519;31 Manufacture of furniture;1998 April;2;1;1
5520;31 Manufacture of furniture;1998 May;6;1;5
5521;31 Manufacture of furniture;1998 June;2;1;1
5522;31 Manufacture of furniture;1998 2nd quarter;10;3;7
5523;31 Manufacture of furniture;1998 July;6;4;2
5524;31 Manufacture of furniture;1998 August;7;5;2
5525;31 Manufacture of furniture;1998 September;7;4;3
5526;31 Manufacture of furniture;1998 3rd quarter;20;13;7
5527;31 Manufacture of furniture;1998 October;3;1;2
5528;31 Manufacture of furniture;1998 November;6;3;3
5529;31 Manufacture of furniture;1998 December;3;1;2
5530;31 Manufacture of furniture;1998 4th quarter;12;5;7
5531;31 Manufacture of furniture;1998;52;24;28
5532;31 Manufacture of furniture;1999 January;3;1;2
5533;31 Manufacture of furniture;1999 February;4;1;3
5534;31 Manufacture of furniture;1999 March;9;4;5
5535;31 Manufacture of furniture;1999 1st quarter;16;6;10
5536;31 Manufacture of furniture;1999 April;2;1;1
5537;31 Manufacture of furniture;1999 May;4;1;3
5538;31 Manufacture of furniture;1999 June;5;3;2
5539;31 Manufacture of furniture;1999 2nd quarter;11;5;6
5540;31 Manufacture of furniture;1999 July;2;1;1
5541;31 Manufacture of furniture;1999 August;4;2;2
5542;31 Manufacture of furniture;1999 September;4;2;2
5543;31 Manufacture of furniture;1999 3rd quarter;10;5;5
5544;31 Manufacture of furniture;1999 October;1;0;1
5545;31 Manufacture of furniture;1999 November;4;1;3
5546;31 Manufacture of furniture;1999 December;3;1;2
5547;31 Manufacture of furniture;1999 4th quarter;8;2;6
5548;31 Manufacture of furniture;1999;45;18;27
5549;31 Manufacture of furniture;2000 January;5;2;3
5550;31 Manufacture of furniture;2000 February;4;2;2
5551;31 Manufacture of furniture;2000 March;3;1;2
5552;31 Manufacture of furniture;2000 1st quarter;12;5;7
5553;31 Manufacture of furniture;2000 April;3;0;3
5554;31 Manufacture of furniture;2000 May;9;0;9
5555;31 Manufacture of furniture;2000 June;3;0;3
5556;31 Manufacture of furniture;2000 2nd quarter;15;0;15
5557;31 Manufacture of furniture;2000 July;4;0;4
5558;31 Manufacture of furniture;2000 August;5;3;2
5559;31 Manufacture of furniture;2000 September;2;0;2
5560;31 Manufacture of furniture;2000 3rd quarter;11;3;8
5561;31 Manufacture of furniture;2000 October;7;2;5
5562;31 Manufacture of furniture;2000 November;6;1;5
5563;31 Manufacture of furniture;2000 December;3;1;2
5564;31 Manufacture of furniture;2000 4th quarter;16;4;12
5565;31 Manufacture of furniture;2000;54;12;42
5566;31 Manufacture of furniture;2001 January;1;0;1
5567;31 Manufacture of furniture;2001 February;4;0;4
5568;31 Manufacture of furniture;2001 March;2;2;0
5569;31 Manufacture of furniture;2001 1st quarter;7;2;5
5570;31 Manufacture of furniture;2001 April;2;1;1
5571;31 Manufacture of furniture;2001 May;6;0;6
5572;31 Manufacture of furniture;2001 June;3;1;2
5573;31 Manufacture of furniture;2001 2nd quarter;11;2;9
5574;31 Manufacture of furniture;2001 July;5;0;5
5575;31 Manufacture of furniture;2001 August;9;1;8
5576;31 Manufacture of furniture;2001 September;3;1;2
5577;31 Manufacture of furniture;2001 3rd quarter;17;2;15
5578;31 Manufacture of furniture;2001 October;8;2;6
5579;31 Manufacture of furniture;2001 November;3;2;1
5580;31 Manufacture of furniture;2001 December;3;0;3
5581;31 Manufacture of furniture;2001 4th quarter;14;4;10
5582;31 Manufacture of furniture;2001;49;10;39
5583;31 Manufacture of furniture;2002 January;6;1;5
5584;31 Manufacture of furniture;2002 February;6;0;6
5585;31 Manufacture of furniture;2002 March;6;0;6
5586;31 Manufacture of furniture;2002 1st quarter;18;1;17
5587;31 Manufacture of furniture;2002 April;5;2;3
5588;31 Manufacture of furniture;2002 May;6;2;4
5589;31 Manufacture of furniture;2002 June;6;3;3
5590;31 Manufacture of furniture;2002 2nd quarter;17;7;10
5591;31 Manufacture of furniture;2002 July;7;0;7
5592;31 Manufacture of furniture;2002 August;4;2;2
5593;31 Manufacture of furniture;2002 September;10;1;9
5594;31 Manufacture of furniture;2002 3rd quarter;21;3;18
5595;31 Manufacture of furniture;2002 October;6;1;5
5596;31 Manufacture of furniture;2002 November;6;1;5
5597;31 Manufacture of furniture;2002 December;9;2;7
5598;31 Manufacture of furniture;2002 4th quarter;21;4;17
5599;31 Manufacture of furniture;2002;77;15;62
5600;31 Manufacture of furniture;2003 January;4;2;2
5601;31 Manufacture of furniture;2003 February;4;0;4
5602;31 Manufacture of furniture;2003 March;7;2;5
5603;31 Manufacture of furniture;2003 1st quarter;15;4;11
5604;31 Manufacture of furniture;2003 April;7;1;6
5605;31 Manufacture of furniture;2003 May;6;1;5
5606;31 Manufacture of furniture;2003 June;6;2;4
5607;31 Manufacture of furniture;2003 2nd quarter;19;4;15
5608;31 Manufacture of furniture;2003 July;17;1;16
5609;31 Manufacture of furniture;2003 August;5;3;2
5610;31 Manufacture of furniture;2003 September;8;3;5
5611;31 Manufacture of furniture;2003 3rd quarter;30;7;23
5612;31 Manufacture of furniture;2003 October;14;1;13
5613;31 Manufacture of furniture;2003 November;9;2;7
5614;31 Manufacture of furniture;2003 December;8;1;7
5615;31 Manufacture of furniture;2003 4th quarter;31;4;27
5616;31 Manufacture of furniture;2003;95;19;76
5617;31 Manufacture of furniture;2004 January;6;1;5
5618;31 Manufacture of furniture;2004 February;3;0;3
5619;31 Manufacture of furniture;2004 March;8;1;7
5620;31 Manufacture of furniture;2004 1st quarter;17;2;15
5621;31 Manufacture of furniture;2004 April;8;2;6
5622;31 Manufacture of furniture;2004 May;6;2;4
5623;31 Manufacture of furniture;2004 June;12;2;10
5624;31 Manufacture of furniture;2004 2nd quarter;26;6;20
5625;31 Manufacture of furniture;2004 July;6;2;4
5626;31 Manufacture of furniture;2004 August;8;0;8
5627;31 Manufacture of furniture;2004 September;5;0;5
5628;31 Manufacture of furniture;2004 3rd quarter;19;2;17
5629;31 Manufacture of furniture;2004 October;8;1;7
5630;31 Manufacture of furniture;2004 November;11;3;8
5631;31 Manufacture of furniture;2004 December;7;1;6
5632;31 Manufacture of furniture;2004 4th quarter;26;5;21
5633;31 Manufacture of furniture;2004;88;15;73
5634;31 Manufacture of furniture;2005 January;7;1;6
5635;31 Manufacture of furniture;2005 February;10;1;9
5636;31 Manufacture of furniture;2005 March;9;2;7
5637;31 Manufacture of furniture;2005 1st quarter;26;4;22
5638;31 Manufacture of furniture;2005 April;10;3;7
5639;31 Manufacture of furniture;2005 May;4;1;3
5640;31 Manufacture of furniture;2005 June;6;1;5
5641;31 Manufacture of furniture;2005 2nd quarter;20;5;15
5642;31 Manufacture of furniture;2005 July;6;2;4
5643;31 Manufacture of furniture;2005 August;10;3;7
5644;31 Manufacture of furniture;2005 September;5;1;4
5645;31 Manufacture of furniture;2005 3rd quarter;21;6;15
5646;31 Manufacture of furniture;2005 October;5;1;4
5647;31 Manufacture of furniture;2005 November;12;4;8
5648;31 Manufacture of furniture;2005 December;8;1;7
5649;31 Manufacture of furniture;2005 4th quarter;25;6;19
5650;31 Manufacture of furniture;2005;92;21;71
5651;31 Manufacture of furniture;2006 January;3;1;2
5652;31 Manufacture of furniture;2006 February;2;0;2
5653;31 Manufacture of furniture;2006 March;4;2;2
5654;31 Manufacture of furniture;2006 1st quarter;9;3;6
5655;31 Manufacture of furniture;2006 April;3;1;2
5656;31 Manufacture of furniture;2006 May;6;3;3
5657;31 Manufacture of furniture;2006 June;5;1;4
5658;31 Manufacture of furniture;2006 2nd quarter;14;5;9
5659;31 Manufacture of furniture;2006 July;2;0;2
5660;31 Manufacture of furniture;2006 August;9;0;9
5661;31 Manufacture of furniture;2006 September;4;0;4
5662;31 Manufacture of furniture;2006 3rd quarter;15;0;15
5663;31 Manufacture of furniture;2006 October;3;2;1
5664;31 Manufacture of furniture;2006 November;3;1;2
5665;31 Manufacture of furniture;2006 December;4;2;2
5666;31 Manufacture of furniture;2006 4th quarter;10;5;5
5667;31 Manufacture of furniture;2006;48;13;35
5668;31 Manufacture of furniture;2007 January;3;0;3
5669;31 Manufacture of furniture;2007 February;2;0;2
5670;31 Manufacture of furniture;2007 March;3;2;1
5671;31 Manufacture of furniture;2007 1st quarter;8;2;6
5672;31 Manufacture of furniture;2007 April;3;0;3
5673;31 Manufacture of furniture;2007 May;8;3;5
5674;31 Manufacture of furniture;2007 June;4;1;3
5675;31 Manufacture of furniture;2007 2nd quarter;15;4;11
5676;31 Manufacture of furniture;2007 July;3;0;3
5677;31 Manufacture of furniture;2007 August;3;1;2
5678;31 Manufacture of furniture;2007 September;5;0;5
5679;31 Manufacture of furniture;2007 3rd quarter;11;1;10
5680;31 Manufacture of furniture;2007 October;9;3;6
5681;31 Manufacture of furniture;2007 November;6;2;4
5682;31 Manufacture of furniture;2007 December;2;1;1
5683;31 Manufacture of furniture;2007 4th quarter;17;6;11
5684;31 Manufacture of furniture;2007;51;13;38
5685;31 Manufacture of furniture;2008 January;1;1;0
5686;31 Manufacture of furniture;2008 February;3;0;3
5687;31 Manufacture of furniture;2008 March;3;2;1
5688;31 Manufacture of furniture;2008 1st quarter;7;3;4
5689;31 Manufacture of furniture;2008 April;6;1;5
5690;31 Manufacture of furniture;2008 May;1;1;0
5691;31 Manufacture of furniture;2008 June;3;1;2
5692;31 Manufacture of furniture;2008 2nd quarter;10;3;7
5693;31 Manufacture of furniture;2008 July;7;2;5
5694;31 Manufacture of furniture;2008 August;4;1;3
5695;31 Manufacture of furniture;2008 September;2;0;2
5696;31 Manufacture of furniture;2008 3rd quarter;13;3;10
5697;31 Manufacture of furniture;2008 October;8;1;7
5698;31 Manufacture of furniture;2008 November;3;1;2
5699;31 Manufacture of furniture;2008 December;3;0;3
5700;31 Manufacture of furniture;2008 4th quarter;14;2;12
5701;31 Manufacture of furniture;2008;44;11;33
5702;31 Manufacture of furniture;2009 January;11;1;10
5703;31 Manufacture of furniture;2009 February;8;2;6
5704;31 Manufacture of furniture;2009 March;6;2;4
5705;31 Manufacture of furniture;2009 1st quarter;25;5;20
5706;31 Manufacture of furniture;2009 April;6;0;6
5707;31 Manufacture of furniture;2009 May;4;1;3
5708;31 Manufacture of furniture;2009 June;10;0;10
5709;31 Manufacture of furniture;2009 2nd quarter;20;1;19
5710;31 Manufacture of furniture;2009 July;5;1;4
5711;31 Manufacture of furniture;2009 August;8;3;5
5712;31 Manufacture of furniture;2009 September;9;3;6
5713;31 Manufacture of furniture;2009 3rd quarter;22;7;15
5714;31 Manufacture of furniture;2009 October;3;0;3
5715;31 Manufacture of furniture;2009 November;11;2;9
5716;31 Manufacture of furniture;2009 December;7;2;5
5717;31 Manufacture of furniture;2009 4th quarter;21;4;17
5718;31 Manufacture of furniture;2009;88;17;71
5719;31 Manufacture of furniture;2010 January;1;1;0
5720;31 Manufacture of furniture;2010 February;8;1;7
5721;31 Manufacture of furniture;2010 March;9;3;6
5722;31 Manufacture of furniture;2010 1st quarter;18;5;13
5723;31 Manufacture of furniture;2010 April;5;0;5
5724;31 Manufacture of furniture;2010 May;7;1;6
5725;31 Manufacture of furniture;2010 June;5;0;5
5726;31 Manufacture of furniture;2010 2nd quarter;17;1;16
5727;31 Manufacture of furniture;2010 July;10;2;8
5728;31 Manufacture of furniture;2010 August;12;0;12
5729;31 Manufacture of furniture;2010 September;13;2;11
5730;31 Manufacture of furniture;2010 3rd quarter;35;4;31
5731;31 Manufacture of furniture;2010 October;10;0;10
5732;31 Manufacture of furniture;2010 November;11;2;9
5733;31 Manufacture of furniture;2010 December;6;2;4
5734;31 Manufacture of furniture;2010 4th quarter;27;4;23
5735;31 Manufacture of furniture;2010;97;14;83
5736;31 Manufacture of furniture;2011 January;4;2;2
5737;31 Manufacture of furniture;2011 February;5;1;4
5738;31 Manufacture of furniture;2011 March;9;1;8
5739;31 Manufacture of furniture;2011 1st quarter;18;4;14
5740;31 Manufacture of furniture;2011 April;3;0;3
5741;31 Manufacture of furniture;2011 May;6;0;6
5742;31 Manufacture of furniture;2011 June;2;0;2
5743;31 Manufacture of furniture;2011 2nd quarter;11;0;11
5744;31 Manufacture of furniture;2011 July;3;0;3
5745;31 Manufacture of furniture;2011 August;3;0;3
5746;31 Manufacture of furniture;2011 September;8;2;6
5747;31 Manufacture of furniture;2011 3rd quarter;14;2;12
5748;31 Manufacture of furniture;2011 October;9;0;9
5749;31 Manufacture of furniture;2011 November;6;0;6
5750;31 Manufacture of furniture;2011 December;7;0;7
5751;31 Manufacture of furniture;2011 4th quarter;22;0;22
5752;31 Manufacture of furniture;2011;65;6;59
5753;31 Manufacture of furniture;2012 January;10;0;10
5754;31 Manufacture of furniture;2012 February;4;0;4
5755;31 Manufacture of furniture;2012 March;6;0;6
5756;31 Manufacture of furniture;2012 1st quarter;20;0;20
5757;31 Manufacture of furniture;2012 April;7;1;6
5758;31 Manufacture of furniture;2012 May;13;2;11
5759;31 Manufacture of furniture;2012 June;9;1;8
5760;31 Manufacture of furniture;2012 2nd quarter;29;4;25
5761;31 Manufacture of furniture;2012 July ;2;1;1
5762;31 Manufacture of furniture;2012 August;5;0;5
5763;31 Manufacture of furniture;2012 September;7;1;6
5764;31 Manufacture of furniture;2012 3rd quarter;14;2;12
5765;31 Manufacture of furniture;2012 October;11;0;11
5766;31 Manufacture of furniture;2012 November;6;1;5
5767;31 Manufacture of furniture;2012 December;4;1;3
5768;31 Manufacture of furniture;2012 4th quarter;21;2;19
5769;31 Manufacture of furniture;2012;84;8;76
5770;31 Manufacture of furniture;2013 January;16;1;15
5771;31 Manufacture of furniture;2013 February;8;2;6
5772;31 Manufacture of furniture;2013 March;10;1;9
5773;31 Manufacture of furniture;2013 1st quarter;34;4;30
5774;31 Manufacture of furniture;2013 April;11;2;9
5775;31 Manufacture of furniture;2013 May;16;0;16
5776;31 Manufacture of furniture;2013 June;4;1;3
5777;31 Manufacture of furniture;2013 2nd quarter;31;3;28
5778;31 Manufacture of furniture;2013 July;9;1;8
5779;31 Manufacture of furniture;2013 August;6;0;6
5780;31 Manufacture of furniture;2013 September;7;0;7
5781;31 Manufacture of furniture;2013 3rd quarter;22;1;21
5782;31 Manufacture of furniture;2013 October;4;1;3
5783;31 Manufacture of furniture;2013 November;5;0;5
5784;31 Manufacture of furniture;2013 December;11;2;9
5785;31 Manufacture of furniture;2013 4th quarter;20;3;17
5786;31 Manufacture of furniture;2013;107;11;96
5787;31 Manufacture of furniture;2014 January;2;0;2
5788;31 Manufacture of furniture;2014 February;13;0;13
5789;31 Manufacture of furniture;2014 March;4;1;3
5790;31 Manufacture of furniture;2014 1st quarter;19;1;18
5791;31 Manufacture of furniture;2014 April;9;3;6
5792;32 Manufacture of other products;1993 January;3;1;2
5793;32 Manufacture of other products;1993 February;1;0;1
5794;32 Manufacture of other products;1993 March;1;0;1
5795;32 Manufacture of other products;1993 1st quarter;5;1;4
5796;32 Manufacture of other products;1993 April;1;0;1
5797;32 Manufacture of other products;1993 May;1;1;0
5798;32 Manufacture of other products;1993 June;2;1;1
5799;32 Manufacture of other products;1993 2nd quarter;4;2;2
5800;32 Manufacture of other products;1993 July;0;0;0
5801;32 Manufacture of other products;1993 August;1;0;1
5802;32 Manufacture of other products;1993 September;2;1;1
5803;32 Manufacture of other products;1993 3rd quarter;3;1;2
5804;32 Manufacture of other products;1993 October;2;2;0
5805;32 Manufacture of other products;1993 November;3;0;3
5806;32 Manufacture of other products;1993 December;0;0;0
5807;32 Manufacture of other products;1993 4th quarter;5;2;3
5808;32 Manufacture of other products;1993;17;6;11
5809;32 Manufacture of other products;1994 January;2;2;0
5810;32 Manufacture of other products;1994 February;0;0;0
5811;32 Manufacture of other products;1994 March;3;1;2
5812;32 Manufacture of other products;1994 1st quarter;5;3;2
5813;32 Manufacture of other products;1994 April;1;1;0
5814;32 Manufacture of other products;1994 May;1;1;0
5815;32 Manufacture of other products;1994 June;0;0;0
5816;32 Manufacture of other products;1994 2nd quarter;2;2;0
5817;32 Manufacture of other products;1994 July;3;1;2
5818;32 Manufacture of other products;1994 August;0;0;0
5819;32 Manufacture of other products;1994 September;2;0;2
5820;32 Manufacture of other products;1994 3rd quarter;5;1;4
5821;32 Manufacture of other products;1994 October;2;0;2
5822;32 Manufacture of other products;1994 November;4;1;3
5823;32 Manufacture of other products;1994 December;1;0;1
5824;32 Manufacture of other products;1994 4th quarter;7;1;6
5825;32 Manufacture of other products;1994;19;7;12
5826;32 Manufacture of other products;1995 January;1;1;0
5827;32 Manufacture of other products;1995 February;1;1;0
5828;32 Manufacture of other products;1995 March;0;0;0
5829;32 Manufacture of other products;1995 1st quarter;2;2;0
5830;32 Manufacture of other products;1995 April;1;1;0
5831;32 Manufacture of other products;1995 May;2;2;0
5832;32 Manufacture of other products;1995 June;2;0;2
5833;32 Manufacture of other products;1995 2nd quarter;5;3;2
5834;32 Manufacture of other products;1995 July;0;0;0
5835;32 Manufacture of other products;1995 August;2;2;0
5836;32 Manufacture of other products;1995 September;1;0;1
5837;32 Manufacture of other products;1995 3rd quarter;3;2;1
5838;32 Manufacture of other products;1995 October;3;1;2
5839;32 Manufacture of other products;1995 November;2;1;1
5840;32 Manufacture of other products;1995 December;0;0;0
5841;32 Manufacture of other products;1995 4th quarter;5;2;3
5842;32 Manufacture of other products;1995;15;9;6
5843;32 Manufacture of other products;1996 January;1;1;0
5844;32 Manufacture of other products;1996 February;1;0;1
5845;32 Manufacture of other products;1996 March;3;0;3
5846;32 Manufacture of other products;1996 1st quarter;5;1;4
5847;32 Manufacture of other products;1996 April;2;1;1
5848;32 Manufacture of other products;1996 May;0;0;0
5849;32 Manufacture of other products;1996 June;1;1;0
5850;32 Manufacture of other products;1996 2nd quarter;3;2;1
5851;32 Manufacture of other products;1996 July;2;1;1
5852;32 Manufacture of other products;1996 August;2;0;2
5853;32 Manufacture of other products;1996 September;2;2;0
5854;32 Manufacture of other products;1996 3rd quarter;6;3;3
5855;32 Manufacture of other products;1996 October;0;0;0
5856;32 Manufacture of other products;1996 November;1;0;1
5857;32 Manufacture of other products;1996 December;1;0;1
5858;32 Manufacture of other products;1996 4th quarter;2;0;2
5859;32 Manufacture of other products;1996;16;6;10
5860;32 Manufacture of other products;1997 January;1;1;0
5861;32 Manufacture of other products;1997 February;1;0;1
5862;32 Manufacture of other products;1997 March;1;0;1
5863;32 Manufacture of other products;1997 1st quarter;3;1;2
5864;32 Manufacture of other products;1997 April;0;0;0
5865;32 Manufacture of other products;1997 May;0;0;0
5866;32 Manufacture of other products;1997 June;3;0;3
5867;32 Manufacture of other products;1997 2nd quarter;3;0;3
5868;32 Manufacture of other products;1997 July;2;1;1
5869;32 Manufacture of other products;1997 August;0;0;0
5870;32 Manufacture of other products;1997 September;1;1;0
5871;32 Manufacture of other products;1997 3rd quarter;3;2;1
5872;32 Manufacture of other products;1997 October;0;0;0
5873;32 Manufacture of other products;1997 November;0;0;0
5874;32 Manufacture of other products;1997 December;1;0;1
5875;32 Manufacture of other products;1997 4th quarter;1;0;1
5876;32 Manufacture of other products;1997;10;3;7
5877;32 Manufacture of other products;1998 January;0;0;0
5878;32 Manufacture of other products;1998 February;0;0;0
5879;32 Manufacture of other products;1998 March;5;2;3
5880;32 Manufacture of other products;1998 1st quarter;5;2;3
5881;32 Manufacture of other products;1998 April;0;0;0
5882;32 Manufacture of other products;1998 May;2;1;1
5883;32 Manufacture of other products;1998 June;1;0;1
5884;32 Manufacture of other products;1998 2nd quarter;3;1;2
5885;32 Manufacture of other products;1998 July;3;2;1
5886;32 Manufacture of other products;1998 August;1;0;1
5887;32 Manufacture of other products;1998 September;1;0;1
5888;32 Manufacture of other products;1998 3rd quarter;5;2;3
5889;32 Manufacture of other products;1998 October;0;0;0
5890;32 Manufacture of other products;1998 November;2;1;1
5891;32 Manufacture of other products;1998 December;0;0;0
5892;32 Manufacture of other products;1998 4th quarter;2;1;1
5893;32 Manufacture of other products;1998;15;6;9
5894;32 Manufacture of other products;1999 January;0;0;0
5895;32 Manufacture of other products;1999 February;1;0;1
5896;32 Manufacture of other products;1999 March;0;0;0
5897;32 Manufacture of other products;1999 1st quarter;1;0;1
5898;32 Manufacture of other products;1999 April;1;0;1
5899;32 Manufacture of other products;1999 May;0;0;0
5900;32 Manufacture of other products;1999 June;0;0;0
5901;32 Manufacture of other products;1999 2nd quarter;1;0;1
5902;32 Manufacture of other products;1999 July;1;0;1
5903;32 Manufacture of other products;1999 August;1;1;0
5904;32 Manufacture of other products;1999 September;1;0;1
5905;32 Manufacture of other products;1999 3rd quarter;3;1;2
5906;32 Manufacture of other products;1999 October;0;0;0
5907;32 Manufacture of other products;1999 November;1;0;1
5908;32 Manufacture of other products;1999 December;1;0;1
5909;32 Manufacture of other products;1999 4th quarter;2;0;2
5910;32 Manufacture of other products;1999;7;1;6
5911;32 Manufacture of other products;2000 January;1;1;0
5912;32 Manufacture of other products;2000 February;1;0;1
5913;32 Manufacture of other products;2000 March;0;0;0
5914;32 Manufacture of other products;2000 1st quarter;2;1;1
5915;32 Manufacture of other products;2000 April;0;0;0
5916;32 Manufacture of other products;2000 May;1;0;1
5917;32 Manufacture of other products;2000 June;0;0;0
5918;32 Manufacture of other products;2000 2nd quarter;1;0;1
5919;32 Manufacture of other products;2000 July;2;0;2
5920;32 Manufacture of other products;2000 August;0;0;0
5921;32 Manufacture of other products;2000 September;0;0;0
5922;32 Manufacture of other products;2000 3rd quarter;2;0;2
5923;32 Manufacture of other products;2000 October;2;1;1
5924;32 Manufacture of other products;2000 November;0;0;0
5925;32 Manufacture of other products;2000 December;0;0;0
5926;32 Manufacture of other products;2000 4th quarter;2;1;1
5927;32 Manufacture of other products;2000;7;2;5
5928;32 Manufacture of other products;2001 January;0;0;0
5929;32 Manufacture of other products;2001 February;0;0;0
5930;32 Manufacture of other products;2001 March;0;0;0
5931;32 Manufacture of other products;2001 1st quarter;0;0;0
5932;32 Manufacture of other products;2001 April;4;1;3
5933;32 Manufacture of other products;2001 May;0;0;0
5934;32 Manufacture of other products;2001 June;0;0;0
5935;32 Manufacture of other products;2001 2nd quarter;4;1;3
5936;32 Manufacture of other products;2001 July;1;1;0
5937;32 Manufacture of other products;2001 August;0;0;0
5938;32 Manufacture of other products;2001 September;2;0;2
5939;32 Manufacture of other products;2001 3rd quarter;3;1;2
5940;32 Manufacture of other products;2001 October;1;0;1
5941;32 Manufacture of other products;2001 November;1;0;1
5942;32 Manufacture of other products;2001 December;0;0;0
5943;32 Manufacture of other products;2001 4th quarter;2;0;2
5944;32 Manufacture of other products;2001;9;2;7
5945;32 Manufacture of other products;2002 January;1;0;1
5946;32 Manufacture of other products;2002 February;0;0;0
5947;32 Manufacture of other products;2002 March;2;1;1
5948;32 Manufacture of other products;2002 1st quarter;3;1;2
5949;32 Manufacture of other products;2002 April;1;0;1
5950;32 Manufacture of other products;2002 May;0;0;0
5951;32 Manufacture of other products;2002 June;2;0;2
5952;32 Manufacture of other products;2002 2nd quarter;3;0;3
5953;32 Manufacture of other products;2002 July;7;0;7
5954;32 Manufacture of other products;2002 August;0;0;0
5955;32 Manufacture of other products;2002 September;1;1;0
5956;32 Manufacture of other products;2002 3rd quarter;8;1;7
5957;32 Manufacture of other products;2002 October;1;0;1
5958;32 Manufacture of other products;2002 November;1;0;1
5959;32 Manufacture of other products;2002 December;0;0;0
5960;32 Manufacture of other products;2002 4th quarter;2;0;2
5961;32 Manufacture of other products;2002;16;2;14
5962;32 Manufacture of other products;2003 January;1;0;1
5963;32 Manufacture of other products;2003 February;1;0;1
5964;32 Manufacture of other products;2003 March;1;0;1
5965;32 Manufacture of other products;2003 1st quarter;3;0;3
5966;32 Manufacture of other products;2003 April;0;0;0
5967;32 Manufacture of other products;2003 May;6;1;5
5968;32 Manufacture of other products;2003 June;2;1;1
5969;32 Manufacture of other products;2003 2nd quarter;8;2;6
5970;32 Manufacture of other products;2003 July;2;0;2
5971;32 Manufacture of other products;2003 August;2;0;2
5972;32 Manufacture of other products;2003 September;1;0;1
5973;32 Manufacture of other products;2003 3rd quarter;5;0;5
5974;32 Manufacture of other products;2003 October;2;0;2
5975;32 Manufacture of other products;2003 November;0;0;0
5976;32 Manufacture of other products;2003 December;2;0;2
5977;32 Manufacture of other products;2003 4th quarter;4;0;4
5978;32 Manufacture of other products;2003;20;2;18
5979;32 Manufacture of other products;2004 January;1;0;1
5980;32 Manufacture of other products;2004 February;0;0;0
5981;32 Manufacture of other products;2004 March;2;0;2
5982;32 Manufacture of other products;2004 1st quarter;3;0;3
5983;32 Manufacture of other products;2004 April;1;1;0
5984;32 Manufacture of other products;2004 May;1;0;1
5985;32 Manufacture of other products;2004 June;2;0;2
5986;32 Manufacture of other products;2004 2nd quarter;4;1;3
5987;32 Manufacture of other products;2004 July;0;0;0
5988;32 Manufacture of other products;2004 August;0;0;0
5989;32 Manufacture of other products;2004 September;2;0;2
5990;32 Manufacture of other products;2004 3rd quarter;2;0;2
5991;32 Manufacture of other products;2004 October;0;0;0
5992;32 Manufacture of other products;2004 November;1;0;1
5993;32 Manufacture of other products;2004 December;1;0;1
5994;32 Manufacture of other products;2004 4th quarter;2;0;2
5995;32 Manufacture of other products;2004;11;1;10
5996;32 Manufacture of other products;2005 January;1;1;0
5997;32 Manufacture of other products;2005 February;2;1;1
5998;32 Manufacture of other products;2005 March;2;2;0
5999;32 Manufacture of other products;2005 1st quarter;5;4;1
6000;32 Manufacture of other products;2005 April;1;0;1
6001;32 Manufacture of other products;2005 May;2;0;2
6002;32 Manufacture of other products;2005 June;1;1;0
6003;32 Manufacture of other products;2005 2nd quarter;4;1;3
6004;32 Manufacture of other products;2005 July;3;0;3
6005;32 Manufacture of other products;2005 August;0;0;0
6006;32 Manufacture of other products;2005 September;2;0;2
6007;32 Manufacture of other products;2005 3rd quarter;5;0;5
6008;32 Manufacture of other products;2005 October;1;0;1
6009;32 Manufacture of other products;2005 November;0;0;0
6010;32 Manufacture of other products;2005 December;0;0;0
6011;32 Manufacture of other products;2005 4th quarter;1;0;1
6012;32 Manufacture of other products;2005;15;5;10
6013;32 Manufacture of other products;2006 January;3;0;3
6014;32 Manufacture of other products;2006 February;1;1;0
6015;32 Manufacture of other products;2006 March;0;0;0
6016;32 Manufacture of other products;2006 1st quarter;4;1;3
6017;32 Manufacture of other products;2006 April;0;0;0
6018;32 Manufacture of other products;2006 May;2;1;1
6019;32 Manufacture of other products;2006 June;1;0;1
6020;32 Manufacture of other products;2006 2nd quarter;3;1;2
6021;32 Manufacture of other products;2006 July;0;0;0
6022;32 Manufacture of other products;2006 August;2;1;1
6023;32 Manufacture of other products;2006 September;0;0;0
6024;32 Manufacture of other products;2006 3rd quarter;2;1;1
6025;32 Manufacture of other products;2006 October;2;1;1
6026;32 Manufacture of other products;2006 November;0;0;0
6027;32 Manufacture of other products;2006 December;2;0;2
6028;32 Manufacture of other products;2006 4th quarter;4;1;3
6029;32 Manufacture of other products;2006;13;4;9
6030;32 Manufacture of other products;2007 January;0;0;0
6031;32 Manufacture of other products;2007 February;0;0;0
6032;32 Manufacture of other products;2007 March;1;0;1
6033;32 Manufacture of other products;2007 1st quarter;1;0;1
6034;32 Manufacture of other products;2007 April;2;0;2
6035;32 Manufacture of other products;2007 May;3;0;3
6036;32 Manufacture of other products;2007 June;0;0;0
6037;32 Manufacture of other products;2007 2nd quarter;5;0;5
6038;32 Manufacture of other products;2007 July;0;0;0
6039;32 Manufacture of other products;2007 August;0;0;0
6040;32 Manufacture of other products;2007 September;1;0;1
6041;32 Manufacture of other products;2007 3rd quarter;1;0;1
6042;32 Manufacture of other products;2007 October;1;0;1
6043;32 Manufacture of other products;2007 November;1;1;0
6044;32 Manufacture of other products;2007 December;0;0;0
6045;32 Manufacture of other products;2007 4th quarter;2;1;1
6046;32 Manufacture of other products;2007;9;1;8
6047;32 Manufacture of other products;2008 January;0;0;0
6048;32 Manufacture of other products;2008 February;0;0;0
6049;32 Manufacture of other products;2008 March;1;0;1
6050;32 Manufacture of other products;2008 1st quarter;1;0;1
6051;32 Manufacture of other products;2008 April;0;0;0
6052;32 Manufacture of other products;2008 May;0;0;0
6053;32 Manufacture of other products;2008 June;2;0;2
6054;32 Manufacture of other products;2008 2nd quarter;2;0;2
6055;32 Manufacture of other products;2008 July;0;0;0
6056;32 Manufacture of other products;2008 August;3;0;3
6057;32 Manufacture of other products;2008 September;2;0;2
6058;32 Manufacture of other products;2008 3rd quarter;5;0;5
6059;32 Manufacture of other products;2008 October;0;0;0
6060;32 Manufacture of other products;2008 November;0;0;0
6061;32 Manufacture of other products;2008 December;2;0;2
6062;32 Manufacture of other products;2008 4th quarter;2;0;2
6063;32 Manufacture of other products;2008;10;0;10
6064;32 Manufacture of other products;2009 January;0;0;0
6065;32 Manufacture of other products;2009 February;1;1;0
6066;32 Manufacture of other products;2009 March;2;2;0
6067;32 Manufacture of other products;2009 1st quarter;3;3;0
6068;32 Manufacture of other products;2009 April;2;0;2
6069;32 Manufacture of other products;2009 May;1;0;1
6070;32 Manufacture of other products;2009 June;5;0;5
6071;32 Manufacture of other products;2009 2nd quarter;8;0;8
6072;32 Manufacture of other products;2009 July;3;0;3
6073;32 Manufacture of other products;2009 August;0;0;0
6074;32 Manufacture of other products;2009 September;0;0;0
6075;32 Manufacture of other products;2009 3rd quarter;3;0;3
6076;32 Manufacture of other products;2009 October;4;0;4
6077;32 Manufacture of other products;2009 November;1;0;1
6078;32 Manufacture of other products;2009 December;3;0;3
6079;32 Manufacture of other products;2009 4th quarter;8;0;8
6080;32 Manufacture of other products;2009;22;3;19
6081;32 Manufacture of other products;2010 January;3;0;3
6082;32 Manufacture of other products;2010 February;0;0;0
6083;32 Manufacture of other products;2010 March;6;0;6
6084;32 Manufacture of other products;2010 1st quarter;9;0;9
6085;32 Manufacture of other products;2010 April;4;0;4
6086;32 Manufacture of other products;2010 May;1;0;1
6087;32 Manufacture of other products;2010 June;2;0;2
6088;32 Manufacture of other products;2010 2nd quarter;7;0;7
6089;32 Manufacture of other products;2010 July;1;0;1
6090;32 Manufacture of other products;2010 August;0;0;0
6091;32 Manufacture of other products;2010 September;0;0;0
6092;32 Manufacture of other products;2010 3rd quarter;1;0;1
6093;32 Manufacture of other products;2010 October;2;0;2
6094;32 Manufacture of other products;2010 November;3;0;3
6095;32 Manufacture of other products;2010 December;0;0;0
6096;32 Manufacture of other products;2010 4th quarter;5;0;5
6097;32 Manufacture of other products;2010;22;0;22
6098;32 Manufacture of other products;2011 January;0;0;0
6099;32 Manufacture of other products;2011 February;0;0;0
6100;32 Manufacture of other products;2011 March;4;0;4
6101;32 Manufacture of other products;2011 1st quarter;4;0;4
6102;32 Manufacture of other products;2011 April;3;0;3
6103;32 Manufacture of other products;2011 May;1;0;1
6104;32 Manufacture of other products;2011 June;1;0;1
6105;32 Manufacture of other products;2011 2nd quarter;5;0;5
6106;32 Manufacture of other products;2011 July;0;0;0
6107;32 Manufacture of other products;2011 August;2;0;2
6108;32 Manufacture of other products;2011 September;0;0;0
6109;32 Manufacture of other products;2011 3rd quarter;2;0;2
6110;32 Manufacture of other products;2011 October;2;0;2
6111;32 Manufacture of other products;2011 November;2;1;1
6112;32 Manufacture of other products;2011 December;3;0;3
6113;32 Manufacture of other products;2011 4th quarter;7;1;6
6114;32 Manufacture of other products;2011;18;1;17
6115;32 Manufacture of other products;2012 January;4;1;3
6116;32 Manufacture of other products;2012 February;3;0;3
6117;32 Manufacture of other products;2012 March;1;0;1
6118;32 Manufacture of other products;2012 1st quarter;8;1;7
6119;32 Manufacture of other products;2012 April;3;0;3
6120;32 Manufacture of other products;2012 May;5;0;5
6121;32 Manufacture of other products;2012 June;1;0;1
6122;32 Manufacture of other products;2012 2nd quarter;9;0;9
6123;32 Manufacture of other products;2012 July ;5;0;5
6124;32 Manufacture of other products;2012 August;3;0;3
6125;32 Manufacture of other products;2012 September;1;0;1
6126;32 Manufacture of other products;2012 3rd quarter;9;0;9
6127;32 Manufacture of other products;2012 October;6;0;6
6128;32 Manufacture of other products;2012 November;7;0;7
6129;32 Manufacture of other products;2012 December;2;0;2
6130;32 Manufacture of other products;2012 4th quarter;15;0;15
6131;32 Manufacture of other products;2012;41;1;40
6132;32 Manufacture of other products;2013 January;1;0;1
6133;32 Manufacture of other products;2013 February;1;0;1
6134;32 Manufacture of other products;2013 March;3;0;3
6135;32 Manufacture of other products;2013 1st quarter;5;0;5
6136;32 Manufacture of other products;2013 April;1;1;0
6137;32 Manufacture of other products;2013 May;2;0;2
6138;32 Manufacture of other products;2013 June;3;0;3
6139;32 Manufacture of other products;2013 2nd quarter;6;1;5
6140;32 Manufacture of other products;2013 July;3;1;2
6141;32 Manufacture of other products;2013 August;0;0;0
6142;32 Manufacture of other products;2013 September;1;0;1
6143;32 Manufacture of other products;2013 3rd quarter;4;1;3
6144;32 Manufacture of other products;2013 October;0;0;0
6145;32 Manufacture of other products;2013 November;1;0;1
6146;32 Manufacture of other products;2013 December;6;0;6
6147;32 Manufacture of other products;2013 4th quarter;7;0;7
6148;32 Manufacture of other products;2013;22;2;20
6149;32 Manufacture of other products;2014 January;3;0;3
6150;32 Manufacture of other products;2014 February;1;0;1
6151;32 Manufacture of other products;2014 March;2;0;2
6152;32 Manufacture of other products;2014 1st quarter;6;0;6
6153;32 Manufacture of other products;2014 April;1;0;1
6154;33 Repair and installation of machinery;1993 January;0;0;0
6155;33 Repair and installation of machinery;1993 February;0;0;0
6156;33 Repair and installation of machinery;1993 March;0;0;0
6157;33 Repair and installation of machinery;1993 1st quarter;0;0;0
6158;33 Repair and installation of machinery;1993 April;0;0;0
6159;33 Repair and installation of machinery;1993 May;0;0;0
6160;33 Repair and installation of machinery;1993 June;0;0;0
6161;33 Repair and installation of machinery;1993 2nd quarter;0;0;0
6162;33 Repair and installation of machinery;1993 July;0;0;0
6163;33 Repair and installation of machinery;1993 August;0;0;0
6164;33 Repair and installation of machinery;1993 September;0;0;0
6165;33 Repair and installation of machinery;1993 3rd quarter;0;0;0
6166;33 Repair and installation of machinery;1993 October;0;0;0
6167;33 Repair and installation of machinery;1993 November;0;0;0
6168;33 Repair and installation of machinery;1993 December;0;0;0
6169;33 Repair and installation of machinery;1993 4th quarter;0;0;0
6170;33 Repair and installation of machinery;1993;0;0;0
6171;33 Repair and installation of machinery;1994 January;0;0;0
6172;33 Repair and installation of machinery;1994 February;0;0;0
6173;33 Repair and installation of machinery;1994 March;0;0;0
6174;33 Repair and installation of machinery;1994 1st quarter;0;0;0
6175;33 Repair and installation of machinery;1994 April;0;0;0
6176;33 Repair and installation of machinery;1994 May;0;0;0
6177;33 Repair and installation of machinery;1994 June;0;0;0
6178;33 Repair and installation of machinery;1994 2nd quarter;0;0;0
6179;33 Repair and installation of machinery;1994 July;1;0;1
6180;33 Repair and installation of machinery;1994 August;0;0;0
6181;33 Repair and installation of machinery;1994 September;0;0;0
6182;33 Repair and installation of machinery;1994 3rd quarter;1;0;1
6183;33 Repair and installation of machinery;1994 October;0;0;0
6184;33 Repair and installation of machinery;1994 November;0;0;0
6185;33 Repair and installation of machinery;1994 December;0;0;0
6186;33 Repair and installation of machinery;1994 4th quarter;0;0;0
6187;33 Repair and installation of machinery;1994;1;0;1
6188;33 Repair and installation of machinery;1995 January;0;0;0
6189;33 Repair and installation of machinery;1995 February;0;0;0
6190;33 Repair and installation of machinery;1995 March;0;0;0
6191;33 Repair and installation of machinery;1995 1st quarter;0;0;0
6192;33 Repair and installation of machinery;1995 April;0;0;0
6193;33 Repair and installation of machinery;1995 May;0;0;0
6194;33 Repair and installation of machinery;1995 June;0;0;0
6195;33 Repair and installation of machinery;1995 2nd quarter;0;0;0
6196;33 Repair and installation of machinery;1995 July;0;0;0
6197;33 Repair and installation of machinery;1995 August;0;0;0
6198;33 Repair and installation of machinery;1995 September;0;0;0
6199;33 Repair and installation of machinery;1995 3rd quarter;0;0;0
6200;33 Repair and installation of machinery;1995 October;0;0;0
6201;33 Repair and installation of machinery;1995 November;0;0;0
6202;33 Repair and installation of machinery;1995 December;0;0;0
6203;33 Repair and installation of machinery;1995 4th quarter;0;0;0
6204;33 Repair and installation of machinery;1995;0;0;0
6205;33 Repair and installation of machinery;1996 January;0;0;0
6206;33 Repair and installation of machinery;1996 February;0;0;0
6207;33 Repair and installation of machinery;1996 March;0;0;0
6208;33 Repair and installation of machinery;1996 1st quarter;0;0;0
6209;33 Repair and installation of machinery;1996 April;0;0;0
6210;33 Repair and installation of machinery;1996 May;0;0;0
6211;33 Repair and installation of machinery;1996 June;0;0;0
6212;33 Repair and installation of machinery;1996 2nd quarter;0;0;0
6213;33 Repair and installation of machinery;1996 July;0;0;0
6214;33 Repair and installation of machinery;1996 August;0;0;0
6215;33 Repair and installation of machinery;1996 September;0;0;0
6216;33 Repair and installation of machinery;1996 3rd quarter;0;0;0
6217;33 Repair and installation of machinery;1996 October;0;0;0
6218;33 Repair and installation of machinery;1996 November;0;0;0
6219;33 Repair and installation of machinery;1996 December;0;0;0
6220;33 Repair and installation of machinery;1996 4th quarter;0;0;0
6221;33 Repair and installation of machinery;1996;0;0;0
6222;33 Repair and installation of machinery;1997 January;0;0;0
6223;33 Repair and installation of machinery;1997 February;0;0;0
6224;33 Repair and installation of machinery;1997 March;0;0;0
6225;33 Repair and installation of machinery;1997 1st quarter;0;0;0
6226;33 Repair and installation of machinery;1997 April;0;0;0
6227;33 Repair and installation of machinery;1997 May;0;0;0
6228;33 Repair and installation of machinery;1997 June;0;0;0
6229;33 Repair and installation of machinery;1997 2nd quarter;0;0;0
6230;33 Repair and installation of machinery;1997 July;0;0;0
6231;33 Repair and installation of machinery;1997 August;0;0;0
6232;33 Repair and installation of machinery;1997 September;0;0;0
6233;33 Repair and installation of machinery;1997 3rd quarter;0;0;0
6234;33 Repair and installation of machinery;1997 October;0;0;0
6235;33 Repair and installation of machinery;1997 November;0;0;0
6236;33 Repair and installation of machinery;1997 December;0;0;0
6237;33 Repair and installation of machinery;1997 4th quarter;0;0;0
6238;33 Repair and installation of machinery;1997;0;0;0
6239;33 Repair and installation of machinery;1998 January;0;0;0
6240;33 Repair and installation of machinery;1998 February;0;0;0
6241;33 Repair and installation of machinery;1998 March;0;0;0
6242;33 Repair and installation of machinery;1998 1st quarter;0;0;0
6243;33 Repair and installation of machinery;1998 April;0;0;0
6244;33 Repair and installation of machinery;1998 May;0;0;0
6245;33 Repair and installation of machinery;1998 June;0;0;0
6246;33 Repair and installation of machinery;1998 2nd quarter;0;0;0
6247;33 Repair and installation of machinery;1998 July;0;0;0
6248;33 Repair and installation of machinery;1998 August;0;0;0
6249;33 Repair and installation of machinery;1998 September;0;0;0
6250;33 Repair and installation of machinery;1998 3rd quarter;0;0;0
6251;33 Repair and installation of machinery;1998 October;0;0;0
6252;33 Repair and installation of machinery;1998 November;0;0;0
6253;33 Repair and installation of machinery;1998 December;0;0;0
6254;33 Repair and installation of machinery;1998 4th quarter;0;0;0
6255;33 Repair and installation of machinery;1998;0;0;0
6256;33 Repair and installation of machinery;1999 January;0;0;0
6257;33 Repair and installation of machinery;1999 February;0;0;0
6258;33 Repair and installation of machinery;1999 March;0;0;0
6259;33 Repair and installation of machinery;1999 1st quarter;0;0;0
6260;33 Repair and installation of machinery;1999 April;0;0;0
6261;33 Repair and installation of machinery;1999 May;0;0;0
6262;33 Repair and installation of machinery;1999 June;0;0;0
6263;33 Repair and installation of machinery;1999 2nd quarter;0;0;0
6264;33 Repair and installation of machinery;1999 July;0;0;0
6265;33 Repair and installation of machinery;1999 August;0;0;0
6266;33 Repair and installation of machinery;1999 September;0;0;0
6267;33 Repair and installation of machinery;1999 3rd quarter;0;0;0
6268;33 Repair and installation of machinery;1999 October;0;0;0
6269;33 Repair and installation of machinery;1999 November;0;0;0
6270;33 Repair and installation of machinery;1999 December;0;0;0
6271;33 Repair and installation of machinery;1999 4th quarter;0;0;0
6272;33 Repair and installation of machinery;1999;0;0;0
6273;33 Repair and installation of machinery;2000 January;0;0;0
6274;33 Repair and installation of machinery;2000 February;0;0;0
6275;33 Repair and installation of machinery;2000 March;0;0;0
6276;33 Repair and installation of machinery;2000 1st quarter;0;0;0
6277;33 Repair and installation of machinery;2000 April;0;0;0
6278;33 Repair and installation of machinery;2000 May;1;0;1
6279;33 Repair and installation of machinery;2000 June;0;0;0
6280;33 Repair and installation of machinery;2000 2nd quarter;1;0;1
6281;33 Repair and installation of machinery;2000 July;0;0;0
6282;33 Repair and installation of machinery;2000 August;0;0;0
6283;33 Repair and installation of machinery;2000 September;0;0;0
6284;33 Repair and installation of machinery;2000 3rd quarter;0;0;0
6285;33 Repair and installation of machinery;2000 October;2;0;2
6286;33 Repair and installation of machinery;2000 November;0;0;0
6287;33 Repair and installation of machinery;2000 December;0;0;0
6288;33 Repair and installation of machinery;2000 4th quarter;2;0;2
6289;33 Repair and installation of machinery;2000;3;0;3
6290;33 Repair and installation of machinery;2001 January;0;0;0
6291;33 Repair and installation of machinery;2001 February;0;0;0
6292;33 Repair and installation of machinery;2001 March;0;0;0
6293;33 Repair and installation of machinery;2001 1st quarter;0;0;0
6294;33 Repair and installation of machinery;2001 April;0;0;0
6295;33 Repair and installation of machinery;2001 May;0;0;0
6296;33 Repair and installation of machinery;2001 June;0;0;0
6297;33 Repair and installation of machinery;2001 2nd quarter;0;0;0
6298;33 Repair and installation of machinery;2001 July;0;0;0
6299;33 Repair and installation of machinery;2001 August;0;0;0
6300;33 Repair and installation of machinery;2001 September;0;0;0
6301;33 Repair and installation of machinery;2001 3rd quarter;0;0;0
6302;33 Repair and installation of machinery;2001 October;0;0;0
6303;33 Repair and installation of machinery;2001 November;0;0;0
6304;33 Repair and installation of machinery;2001 December;0;0;0
6305;33 Repair and installation of machinery;2001 4th quarter;0;0;0
6306;33 Repair and installation of machinery;2001;0;0;0
6307;33 Repair and installation of machinery;2002 January;0;0;0
6308;33 Repair and installation of machinery;2002 February;0;0;0
6309;33 Repair and installation of machinery;2002 March;0;0;0
6310;33 Repair and installation of machinery;2002 1st quarter;0;0;0
6311;33 Repair and installation of machinery;2002 April;1;0;1
6312;33 Repair and installation of machinery;2002 May;0;0;0
6313;33 Repair and installation of machinery;2002 June;0;0;0
6314;33 Repair and installation of machinery;2002 2nd quarter;1;0;1
6315;33 Repair and installation of machinery;2002 July;0;0;0
6316;33 Repair and installation of machinery;2002 August;0;0;0
6317;33 Repair and installation of machinery;2002 September;0;0;0
6318;33 Repair and installation of machinery;2002 3rd quarter;0;0;0
6319;33 Repair and installation of machinery;2002 October;0;0;0
6320;33 Repair and installation of machinery;2002 November;0;0;0
6321;33 Repair and installation of machinery;2002 December;0;0;0
6322;33 Repair and installation of machinery;2002 4th quarter;0;0;0
6323;33 Repair and installation of machinery;2002;1;0;1
6324;33 Repair and installation of machinery;2003 January;0;0;0
6325;33 Repair and installation of machinery;2003 February;0;0;0
6326;33 Repair and installation of machinery;2003 March;0;0;0
6327;33 Repair and installation of machinery;2003 1st quarter;0;0;0
6328;33 Repair and installation of machinery;2003 April;0;0;0
6329;33 Repair and installation of machinery;2003 May;0;0;0
6330;33 Repair and installation of machinery;2003 June;0;0;0
6331;33 Repair and installation of machinery;2003 2nd quarter;0;0;0
6332;33 Repair and installation of machinery;2003 July;0;0;0
6333;33 Repair and installation of machinery;2003 August;0;0;0
6334;33 Repair and installation of machinery;2003 September;0;0;0
6335;33 Repair and installation of machinery;2003 3rd quarter;0;0;0
6336;33 Repair and installation of machinery;2003 October;0;0;0
6337;33 Repair and installation of machinery;2003 November;0;0;0
6338;33 Repair and installation of machinery;2003 December;0;0;0
6339;33 Repair and installation of machinery;2003 4th quarter;0;0;0
6340;33 Repair and installation of machinery;2003;0;0;0
6341;33 Repair and installation of machinery;2004 January;0;0;0
6342;33 Repair and installation of machinery;2004 February;0;0;0
6343;33 Repair and installation of machinery;2004 March;0;0;0
6344;33 Repair and installation of machinery;2004 1st quarter;0;0;0
6345;33 Repair and installation of machinery;2004 April;0;0;0
6346;33 Repair and installation of machinery;2004 May;0;0;0
6347;33 Repair and installation of machinery;2004 June;0;0;0
6348;33 Repair and installation of machinery;2004 2nd quarter;0;0;0
6349;33 Repair and installation of machinery;2004 July;0;0;0
6350;33 Repair and installation of machinery;2004 August;0;0;0
6351;33 Repair and installation of machinery;2004 September;0;0;0
6352;33 Repair and installation of machinery;2004 3rd quarter;0;0;0
6353;33 Repair and installation of machinery;2004 October;1;0;1
6354;33 Repair and installation of machinery;2004 November;0;0;0
6355;33 Repair and installation of machinery;2004 December;0;0;0
6356;33 Repair and installation of machinery;2004 4th quarter;1;0;1
6357;33 Repair and installation of machinery;2004;1;0;1
6358;33 Repair and installation of machinery;2005 January;0;0;0
6359;33 Repair and installation of machinery;2005 February;0;0;0
6360;33 Repair and installation of machinery;2005 March;0;0;0
6361;33 Repair and installation of machinery;2005 1st quarter;0;0;0
6362;33 Repair and installation of machinery;2005 April;0;0;0
6363;33 Repair and installation of machinery;2005 May;0;0;0
6364;33 Repair and installation of machinery;2005 June;0;0;0
6365;33 Repair and installation of machinery;2005 2nd quarter;0;0;0
6366;33 Repair and installation of machinery;2005 July;1;0;1
6367;33 Repair and installation of machinery;2005 August;0;0;0
6368;33 Repair and installation of machinery;2005 September;0;0;0
6369;33 Repair and installation of machinery;2005 3rd quarter;1;0;1
6370;33 Repair and installation of machinery;2005 October;0;0;0
6371;33 Repair and installation of machinery;2005 November;1;1;0
6372;33 Repair and installation of machinery;2005 December;0;0;0
6373;33 Repair and installation of machinery;2005 4th quarter;1;1;0
6374;33 Repair and installation of machinery;2005;2;1;1
6375;33 Repair and installation of machinery;2006 January;0;0;0
6376;33 Repair and installation of machinery;2006 February;0;0;0
6377;33 Repair and installation of machinery;2006 March;1;1;0
6378;33 Repair and installation of machinery;2006 1st quarter;1;1;0
6379;33 Repair and installation of machinery;2006 April;0;0;0
6380;33 Repair and installation of machinery;2006 May;0;0;0
6381;33 Repair and installation of machinery;2006 June;0;0;0
6382;33 Repair and installation of machinery;2006 2nd quarter;0;0;0
6383;33 Repair and installation of machinery;2006 July;0;0;0
6384;33 Repair and installation of machinery;2006 August;0;0;0
6385;33 Repair and installation of machinery;2006 September;0;0;0
6386;33 Repair and installation of machinery;2006 3rd quarter;0;0;0
6387;33 Repair and installation of machinery;2006 October;0;0;0
6388;33 Repair and installation of machinery;2006 November;0;0;0
6389;33 Repair and installation of machinery;2006 December;0;0;0
6390;33 Repair and installation of machinery;2006 4th quarter;0;0;0
6391;33 Repair and installation of machinery;2006;1;1;0
6392;33 Repair and installation of machinery;2007 January;0;0;0
6393;33 Repair and installation of machinery;2007 February;0;0;0
6394;33 Repair and installation of machinery;2007 March;0;0;0
6395;33 Repair and installation of machinery;2007 1st quarter;0;0;0
6396;33 Repair and installation of machinery;2007 April;0;0;0
6397;33 Repair and installation of machinery;2007 May;0;0;0
6398;33 Repair and installation of machinery;2007 June;0;0;0
6399;33 Repair and installation of machinery;2007 2nd quarter;0;0;0
6400;33 Repair and installation of machinery;2007 July;0;0;0
6401;33 Repair and installation of machinery;2007 August;0;0;0
6402;33 Repair and installation of machinery;2007 September;0;0;0
6403;33 Repair and installation of machinery;2007 3rd quarter;0;0;0
6404;33 Repair and installation of machinery;2007 October;0;0;0
6405;33 Repair and installation of machinery;2007 November;0;0;0
6406;33 Repair and installation of machinery;2007 December;0;0;0
6407;33 Repair and installation of machinery;2007 4th quarter;0;0;0
6408;33 Repair and installation of machinery;2007;0;0;0
6409;33 Repair and installation of machinery;2008 January;0;0;0
6410;33 Repair and installation of machinery;2008 February;0;0;0
6411;33 Repair and installation of machinery;2008 March;0;0;0
6412;33 Repair and installation of machinery;2008 1st quarter;0;0;0
6413;33 Repair and installation of machinery;2008 April;1;0;1
6414;33 Repair and installation of machinery;2008 May;0;0;0
6415;33 Repair and installation of machinery;2008 June;0;0;0
6416;33 Repair and installation of machinery;2008 2nd quarter;1;0;1
6417;33 Repair and installation of machinery;2008 July;0;0;0
6418;33 Repair and installation of machinery;2008 August;0;0;0
6419;33 Repair and installation of machinery;2008 September;0;0;0
6420;33 Repair and installation of machinery;2008 3rd quarter;0;0;0
6421;33 Repair and installation of machinery;2008 October;0;0;0
6422;33 Repair and installation of machinery;2008 November;0;0;0
6423;33 Repair and installation of machinery;2008 December;1;0;1
6424;33 Repair and installation of machinery;2008 4th quarter;1;0;1
6425;33 Repair and installation of machinery;2008;2;0;2
6426;33 Repair and installation of machinery;2009 January;0;0;0
6427;33 Repair and installation of machinery;2009 February;0;0;0
6428;33 Repair and installation of machinery;2009 March;0;0;0
6429;33 Repair and installation of machinery;2009 1st quarter;0;0;0
6430;33 Repair and installation of machinery;2009 April;0;0;0
6431;33 Repair and installation of machinery;2009 May;0;0;0
6432;33 Repair and installation of machinery;2009 June;1;0;1
6433;33 Repair and installation of machinery;2009 2nd quarter;1;0;1
6434;33 Repair and installation of machinery;2009 July;0;0;0
6435;33 Repair and installation of machinery;2009 August;0;0;0
6436;33 Repair and installation of machinery;2009 September;0;0;0
6437;33 Repair and installation of machinery;2009 3rd quarter;0;0;0
6438;33 Repair and installation of machinery;2009 October;0;0;0
6439;33 Repair and installation of machinery;2009 November;1;0;1
6440;33 Repair and installation of machinery;2009 December;0;0;0
6441;33 Repair and installation of machinery;2009 4th quarter;1;0;1
6442;33 Repair and installation of machinery;2009;2;0;2
6443;33 Repair and installation of machinery;2010 January;0;0;0
6444;33 Repair and installation of machinery;2010 February;0;0;0
6445;33 Repair and installation of machinery;2010 March;0;0;0
6446;33 Repair and installation of machinery;2010 1st quarter;0;0;0
6447;33 Repair and installation of machinery;2010 April;1;0;1
6448;33 Repair and installation of machinery;2010 May;1;0;1
6449;33 Repair and installation of machinery;2010 June;0;0;0
6450;33 Repair and installation of machinery;2010 2nd quarter;2;0;2
6451;33 Repair and installation of machinery;2010 July;0;0;0
6452;33 Repair and installation of machinery;2010 August;0;0;0
6453;33 Repair and installation of machinery;2010 September;0;0;0
6454;33 Repair and installation of machinery;2010 3rd quarter;0;0;0
6455;33 Repair and installation of machinery;2010 October;0;0;0
6456;33 Repair and installation of machinery;2010 November;0;0;0
6457;33 Repair and installation of machinery;2010 December;0;0;0
6458;33 Repair and installation of machinery;2010 4th quarter;0;0;0
6459;33 Repair and installation of machinery;2010;2;0;2
6460;33 Repair and installation of machinery;2011 January;2;1;1
6461;33 Repair and installation of machinery;2011 February;4;1;3
6462;33 Repair and installation of machinery;2011 March;1;0;1
6463;33 Repair and installation of machinery;2011 1st quarter;7;2;5
6464;33 Repair and installation of machinery;2011 April;8;0;8
6465;33 Repair and installation of machinery;2011 May;3;0;3
6466;33 Repair and installation of machinery;2011 June;0;0;0
6467;33 Repair and installation of machinery;2011 2nd quarter;11;0;11
6468;33 Repair and installation of machinery;2011 July;6;3;3
6469;33 Repair and installation of machinery;2011 August;5;0;5
6470;33 Repair and installation of machinery;2011 September;1;0;1
6471;33 Repair and installation of machinery;2011 3rd quarter;12;3;9
6472;33 Repair and installation of machinery;2011 October;1;0;1
6473;33 Repair and installation of machinery;2011 November;4;0;4
6474;33 Repair and installation of machinery;2011 December;7;1;6
6475;33 Repair and installation of machinery;2011 4th quarter;12;1;11
6476;33 Repair and installation of machinery;2011;42;6;36
6477;33 Repair and installation of machinery;2012 January;6;1;5
6478;33 Repair and installation of machinery;2012 February;4;0;4
6479;33 Repair and installation of machinery;2012 March;4;0;4
6480;33 Repair and installation of machinery;2012 1st quarter;14;1;13
6481;33 Repair and installation of machinery;2012 April;3;0;3
6482;33 Repair and installation of machinery;2012 May;5;0;5
6483;33 Repair and installation of machinery;2012 June;1;0;1
6484;33 Repair and installation of machinery;2012 2nd quarter;9;0;9
6485;33 Repair and installation of machinery;2012 July ;4;3;1
6486;33 Repair and installation of machinery;2012 August;5;0;5
6487;33 Repair and installation of machinery;2012 September;7;0;7
6488;33 Repair and installation of machinery;2012 3rd quarter;16;3;13
6489;33 Repair and installation of machinery;2012 October;1;0;1
6490;33 Repair and installation of machinery;2012 November;3;1;2
6491;33 Repair and installation of machinery;2012 December;7;1;6
6492;33 Repair and installation of machinery;2012 4th quarter;11;2;9
6493;33 Repair and installation of machinery;2012;50;6;44
6494;33 Repair and installation of machinery;2013 January;3;1;2
6495;33 Repair and installation of machinery;2013 February;10;0;10
6496;33 Repair and installation of machinery;2013 March;7;1;6
6497;33 Repair and installation of machinery;2013 1st quarter;20;2;18
6498;33 Repair and installation of machinery;2013 April;2;0;2
6499;33 Repair and installation of machinery;2013 May;3;0;3
6500;33 Repair and installation of machinery;2013 June;3;1;2
6501;33 Repair and installation of machinery;2013 2nd quarter;8;1;7
6502;33 Repair and installation of machinery;2013 July;6;0;6
6503;33 Repair and installation of machinery;2013 August;1;0;1
6504;33 Repair and installation of machinery;2013 September;4;0;4
6505;33 Repair and installation of machinery;2013 3rd quarter;11;0;11
6506;33 Repair and installation of machinery;2013 October;1;0;1
6507;33 Repair and installation of machinery;2013 November;5;0;5
6508;33 Repair and installation of machinery;2013 December;2;0;2
6509;33 Repair and installation of machinery;2013 4th quarter;8;0;8
6510;33 Repair and installation of machinery;2013;47;3;44
6511;33 Repair and installation of machinery;2014 January;3;0;3
6512;33 Repair and installation of machinery;2014 February;1;0;1
6513;33 Repair and installation of machinery;2014 March;5;1;4
6514;33 Repair and installation of machinery;2014 1st quarter;9;1;8
6515;33 Repair and installation of machinery;2014 April;8;0;8
6516;D Electricity and gas supply;1993 January;0;0;0
6517;D Electricity and gas supply;1993 February;1;1;0
6518;D Electricity and gas supply;1993 March;0;0;0
6519;D Electricity and gas supply;1993 1st quarter;1;1;0
6520;D Electricity and gas supply;1993 April;0;0;0
6521;D Electricity and gas supply;1993 May;0;0;0
6522;D Electricity and gas supply;1993 June;0;0;0
6523;D Electricity and gas supply;1993 2nd quarter;0;0;0
6524;D Electricity and gas supply;1993 July;0;0;0
6525;D Electricity and gas supply;1993 August;0;0;0
6526;D Electricity and gas supply;1993 September;0;0;0
6527;D Electricity and gas supply;1993 3rd quarter;0;0;0
6528;D Electricity and gas supply;1993 October;0;0;0
6529;D Electricity and gas supply;1993 November;1;0;1
6530;D Electricity and gas supply;1993 December;0;0;0
6531;D Electricity and gas supply;1993 4th quarter;1;0;1
6532;D Electricity and gas supply;1993;2;1;1
6533;D Electricity and gas supply;1994 January;0;0;0
6534;D Electricity and gas supply;1994 February;0;0;0
6535;D Electricity and gas supply;1994 March;0;0;0
6536;D Electricity and gas supply;1994 1st quarter;0;0;0
6537;D Electricity and gas supply;1994 April;0;0;0
6538;D Electricity and gas supply;1994 May;0;0;0
6539;D Electricity and gas supply;1994 June;0;0;0
6540;D Electricity and gas supply;1994 2nd quarter;0;0;0
6541;D Electricity and gas supply;1994 July;0;0;0
6542;D Electricity and gas supply;1994 August;0;0;0
6543;D Electricity and gas supply;1994 September;0;0;0
6544;D Electricity and gas supply;1994 3rd quarter;0;0;0
6545;D Electricity and gas supply;1994 October;1;0;1
6546;D Electricity and gas supply;1994 November;1;0;1
6547;D Electricity and gas supply;1994 December;0;0;0
6548;D Electricity and gas supply;1994 4th quarter;2;0;2
6549;D Electricity and gas supply;1994;2;0;2
6550;D Electricity and gas supply;1995 January;0;0;0
6551;D Electricity and gas supply;1995 February;0;0;0
6552;D Electricity and gas supply;1995 March;0;0;0
6553;D Electricity and gas supply;1995 1st quarter;0;0;0
6554;D Electricity and gas supply;1995 April;0;0;0
6555;D Electricity and gas supply;1995 May;0;0;0
6556;D Electricity and gas supply;1995 June;0;0;0
6557;D Electricity and gas supply;1995 2nd quarter;0;0;0
6558;D Electricity and gas supply;1995 July;1;1;0
6559;D Electricity and gas supply;1995 August;0;0;0
6560;D Electricity and gas supply;1995 September;0;0;0
6561;D Electricity and gas supply;1995 3rd quarter;1;1;0
6562;D Electricity and gas supply;1995 October;0;0;0
6563;D Electricity and gas supply;1995 November;0;0;0
6564;D Electricity and gas supply;1995 December;0;0;0
6565;D Electricity and gas supply;1995 4th quarter;0;0;0
6566;D Electricity and gas supply;1995;1;1;0
6567;D Electricity and gas supply;1996 January;0;0;0
6568;D Electricity and gas supply;1996 February;0;0;0
6569;D Electricity and gas supply;1996 March;0;0;0
6570;D Electricity and gas supply;1996 1st quarter;0;0;0
6571;D Electricity and gas supply;1996 April;0;0;0
6572;D Electricity and gas supply;1996 May;0;0;0
6573;D Electricity and gas supply;1996 June;0;0;0
6574;D Electricity and gas supply;1996 2nd quarter;0;0;0
6575;D Electricity and gas supply;1996 July;0;0;0
6576;D Electricity and gas supply;1996 August;0;0;0
6577;D Electricity and gas supply;1996 September;0;0;0
6578;D Electricity and gas supply;1996 3rd quarter;0;0;0
6579;D Electricity and gas supply;1996 October;0;0;0
6580;D Electricity and gas supply;1996 November;0;0;0
6581;D Electricity and gas supply;1996 December;0;0;0
6582;D Electricity and gas supply;1996 4th quarter;0;0;0
6583;D Electricity and gas supply;1996;0;0;0
6584;D Electricity and gas supply;1997 January;0;0;0
6585;D Electricity and gas supply;1997 February;0;0;0
6586;D Electricity and gas supply;1997 March;0;0;0
6587;D Electricity and gas supply;1997 1st quarter;0;0;0
6588;D Electricity and gas supply;1997 April;0;0;0
6589;D Electricity and gas supply;1997 May;0;0;0
6590;D Electricity and gas supply;1997 June;0;0;0
6591;D Electricity and gas supply;1997 2nd quarter;0;0;0
6592;D Electricity and gas supply;1997 July;1;0;1
6593;D Electricity and gas supply;1997 August;0;0;0
6594;D Electricity and gas supply;1997 September;0;0;0
6595;D Electricity and gas supply;1997 3rd quarter;1;0;1
6596;D Electricity and gas supply;1997 October;0;0;0
6597;D Electricity and gas supply;1997 November;0;0;0
6598;D Electricity and gas supply;1997 December;0;0;0
6599;D Electricity and gas supply;1997 4th quarter;0;0;0
6600;D Electricity and gas supply;1997;1;0;1
6601;D Electricity and gas supply;1998 January;0;0;0
6602;D Electricity and gas supply;1998 February;0;0;0
6603;D Electricity and gas supply;1998 March;0;0;0
6604;D Electricity and gas supply;1998 1st quarter;0;0;0
6605;D Electricity and gas supply;1998 April;0;0;0
6606;D Electricity and gas supply;1998 May;0;0;0
6607;D Electricity and gas supply;1998 June;0;0;0
6608;D Electricity and gas supply;1998 2nd quarter;0;0;0
6609;D Electricity and gas supply;1998 July;0;0;0
6610;D Electricity and gas supply;1998 August;0;0;0
6611;D Electricity and gas supply;1998 September;0;0;0
6612;D Electricity and gas supply;1998 3rd quarter;0;0;0
6613;D Electricity and gas supply;1998 October;0;0;0
6614;D Electricity and gas supply;1998 November;1;0;1
6615;D Electricity and gas supply;1998 December;0;0;0
6616;D Electricity and gas supply;1998 4th quarter;1;0;1
6617;D Electricity and gas supply;1998;1;0;1
6618;D Electricity and gas supply;1999 January;0;0;0
6619;D Electricity and gas supply;1999 February;0;0;0
6620;D Electricity and gas supply;1999 March;0;0;0
6621;D Electricity and gas supply;1999 1st quarter;0;0;0
6622;D Electricity and gas supply;1999 April;0;0;0
6623;D Electricity and gas supply;1999 May;0;0;0
6624;D Electricity and gas supply;1999 June;0;0;0
6625;D Electricity and gas supply;1999 2nd quarter;0;0;0
6626;D Electricity and gas supply;1999 July;0;0;0
6627;D Electricity and gas supply;1999 August;0;0;0
6628;D Electricity and gas supply;1999 September;0;0;0
6629;D Electricity and gas supply;1999 3rd quarter;0;0;0
6630;D Electricity and gas supply;1999 October;0;0;0
6631;D Electricity and gas supply;1999 November;0;0;0
6632;D Electricity and gas supply;1999 December;0;0;0
6633;D Electricity and gas supply;1999 4th quarter;0;0;0
6634;D Electricity and gas supply;1999;0;0;0
6635;D Electricity and gas supply;2000 January;0;0;0
6636;D Electricity and gas supply;2000 February;0;0;0
6637;D Electricity and gas supply;2000 March;0;0;0
6638;D Electricity and gas supply;2000 1st quarter;0;0;0
6639;D Electricity and gas supply;2000 April;0;0;0
6640;D Electricity and gas supply;2000 May;0;0;0
6641;D Electricity and gas supply;2000 June;0;0;0
6642;D Electricity and gas supply;2000 2nd quarter;0;0;0
6643;D Electricity and gas supply;2000 July;1;0;1
6644;D Electricity and gas supply;2000 August;0;0;0
6645;D Electricity and gas supply;2000 September;0;0;0
6646;D Electricity and gas supply;2000 3rd quarter;1;0;1
6647;D Electricity and gas supply;2000 October;0;0;0
6648;D Electricity and gas supply;2000 November;0;0;0
6649;D Electricity and gas supply;2000 December;0;0;0
6650;D Electricity and gas supply;2000 4th quarter;0;0;0
6651;D Electricity and gas supply;2000;1;0;1
6652;D Electricity and gas supply;2001 January;0;0;0
6653;D Electricity and gas supply;2001 February;0;0;0
6654;D Electricity and gas supply;2001 March;0;0;0
6655;D Electricity and gas supply;2001 1st quarter;0;0;0
6656;D Electricity and gas supply;2001 April;0;0;0
6657;D Electricity and gas supply;2001 May;0;0;0
6658;D Electricity and gas supply;2001 June;0;0;0
6659;D Electricity and gas supply;2001 2nd quarter;0;0;0
6660;D Electricity and gas supply;2001 July;0;0;0
6661;D Electricity and gas supply;2001 August;0;0;0
6662;D Electricity and gas supply;2001 September;0;0;0
6663;D Electricity and gas supply;2001 3rd quarter;0;0;0
6664;D Electricity and gas supply;2001 October;0;0;0
6665;D Electricity and gas supply;2001 November;0;0;0
6666;D Electricity and gas supply;2001 December;0;0;0
6667;D Electricity and gas supply;2001 4th quarter;0;0;0
6668;D Electricity and gas supply;2001;0;0;0
6669;D Electricity and gas supply;2002 January;0;0;0
6670;D Electricity and gas supply;2002 February;0;0;0
6671;D Electricity and gas supply;2002 March;0;0;0
6672;D Electricity and gas supply;2002 1st quarter;0;0;0
6673;D Electricity and gas supply;2002 April;0;0;0
6674;D Electricity and gas supply;2002 May;0;0;0
6675;D Electricity and gas supply;2002 June;0;0;0
6676;D Electricity and gas supply;2002 2nd quarter;0;0;0
6677;D Electricity and gas supply;2002 July;0;0;0
6678;D Electricity and gas supply;2002 August;0;0;0
6679;D Electricity and gas supply;2002 September;0;0;0
6680;D Electricity and gas supply;2002 3rd quarter;0;0;0
6681;D Electricity and gas supply;2002 October;0;0;0
6682;D Electricity and gas supply;2002 November;0;0;0
6683;D Electricity and gas supply;2002 December;0;0;0
6684;D Electricity and gas supply;2002 4th quarter;0;0;0
6685;D Electricity and gas supply;2002;0;0;0
6686;D Electricity and gas supply;2003 January;0;0;0
6687;D Electricity and gas supply;2003 February;0;0;0
6688;D Electricity and gas supply;2003 March;0;0;0
6689;D Electricity and gas supply;2003 1st quarter;0;0;0
6690;D Electricity and gas supply;2003 April;0;0;0
6691;D Electricity and gas supply;2003 May;0;0;0
6692;D Electricity and gas supply;2003 June;0;0;0
6693;D Electricity and gas supply;2003 2nd quarter;0;0;0
6694;D Electricity and gas supply;2003 July;0;0;0
6695;D Electricity and gas supply;2003 August;0;0;0
6696;D Electricity and gas supply;2003 September;0;0;0
6697;D Electricity and gas supply;2003 3rd quarter;0;0;0
6698;D Electricity and gas supply;2003 October;0;0;0
6699;D Electricity and gas supply;2003 November;0;0;0
6700;D Electricity and gas supply;2003 December;0;0;0
6701;D Electricity and gas supply;2003 4th quarter;0;0;0
6702;D Electricity and gas supply;2003;0;0;0
6703;D Electricity and gas supply;2004 January;1;0;1
6704;D Electricity and gas supply;2004 February;0;0;0
6705;D Electricity and gas supply;2004 March;0;0;0
6706;D Electricity and gas supply;2004 1st quarter;1;0;1
6707;D Electricity and gas supply;2004 April;0;0;0
6708;D Electricity and gas supply;2004 May;0;0;0
6709;D Electricity and gas supply;2004 June;0;0;0
6710;D Electricity and gas supply;2004 2nd quarter;0;0;0
6711;D Electricity and gas supply;2004 July;0;0;0
6712;D Electricity and gas supply;2004 August;0;0;0
6713;D Electricity and gas supply;2004 September;0;0;0
6714;D Electricity and gas supply;2004 3rd quarter;0;0;0
6715;D Electricity and gas supply;2004 October;0;0;0
6716;D Electricity and gas supply;2004 November;0;0;0
6717;D Electricity and gas supply;2004 December;0;0;0
6718;D Electricity and gas supply;2004 4th quarter;0;0;0
6719;D Electricity and gas supply;2004;1;0;1
6720;D Electricity and gas supply;2005 January;0;0;0
6721;D Electricity and gas supply;2005 February;0;0;0
6722;D Electricity and gas supply;2005 March;0;0;0
6723;D Electricity and gas supply;2005 1st quarter;0;0;0
6724;D Electricity and gas supply;2005 April;0;0;0
6725;D Electricity and gas supply;2005 May;0;0;0
6726;D Electricity and gas supply;2005 June;0;0;0
6727;D Electricity and gas supply;2005 2nd quarter;0;0;0
6728;D Electricity and gas supply;2005 July;0;0;0
6729;D Electricity and gas supply;2005 August;1;0;1
6730;D Electricity and gas supply;2005 September;0;0;0
6731;D Electricity and gas supply;2005 3rd quarter;1;0;1
6732;D Electricity and gas supply;2005 October;0;0;0
6733;D Electricity and gas supply;2005 November;0;0;0
6734;D Electricity and gas supply;2005 December;0;0;0
6735;D Electricity and gas supply;2005 4th quarter;0;0;0
6736;D Electricity and gas supply;2005;1;0;1
6737;D Electricity and gas supply;2006 January;0;0;0
6738;D Electricity and gas supply;2006 February;0;0;0
6739;D Electricity and gas supply;2006 March;0;0;0
6740;D Electricity and gas supply;2006 1st quarter;0;0;0
6741;D Electricity and gas supply;2006 April;0;0;0
6742;D Electricity and gas supply;2006 May;0;0;0
6743;D Electricity and gas supply;2006 June;0;0;0
6744;D Electricity and gas supply;2006 2nd quarter;0;0;0
6745;D Electricity and gas supply;2006 July;0;0;0
6746;D Electricity and gas supply;2006 August;2;0;2
6747;D Electricity and gas supply;2006 September;0;0;0
6748;D Electricity and gas supply;2006 3rd quarter;2;0;2
6749;D Electricity and gas supply;2006 October;0;0;0
6750;D Electricity and gas supply;2006 November;0;0;0
6751;D Electricity and gas supply;2006 December;0;0;0
6752;D Electricity and gas supply;2006 4th quarter;0;0;0
6753;D Electricity and gas supply;2006;2;0;2
6754;D Electricity and gas supply;2007 January;0;0;0
6755;D Electricity and gas supply;2007 February;0;0;0
6756;D Electricity and gas supply;2007 March;1;0;1
6757;D Electricity and gas supply;2007 1st quarter;1;0;1
6758;D Electricity and gas supply;2007 April;0;0;0
6759;D Electricity and gas supply;2007 May;0;0;0
6760;D Electricity and gas supply;2007 June;0;0;0
6761;D Electricity and gas supply;2007 2nd quarter;0;0;0
6762;D Electricity and gas supply;2007 July;1;0;1
6763;D Electricity and gas supply;2007 August;0;0;0
6764;D Electricity and gas supply;2007 September;0;0;0
6765;D Electricity and gas supply;2007 3rd quarter;1;0;1
6766;D Electricity and gas supply;2007 October;0;0;0
6767;D Electricity and gas supply;2007 November;0;0;0
6768;D Electricity and gas supply;2007 December;0;0;0
6769;D Electricity and gas supply;2007 4th quarter;0;0;0
6770;D Electricity and gas supply;2007;2;0;2
6771;D Electricity and gas supply;2008 January;0;0;0
6772;D Electricity and gas supply;2008 February;2;0;2
6773;D Electricity and gas supply;2008 March;1;0;1
6774;D Electricity and gas supply;2008 1st quarter;3;0;3
6775;D Electricity and gas supply;2008 April;0;0;0
6776;D Electricity and gas supply;2008 May;0;0;0
6777;D Electricity and gas supply;2008 June;0;0;0
6778;D Electricity and gas supply;2008 2nd quarter;0;0;0
6779;D Electricity and gas supply;2008 July;0;0;0
6780;D Electricity and gas supply;2008 August;0;0;0
6781;D Electricity and gas supply;2008 September;0;0;0
6782;D Electricity and gas supply;2008 3rd quarter;0;0;0
6783;D Electricity and gas supply;2008 October;0;0;0
6784;D Electricity and gas supply;2008 November;0;0;0
6785;D Electricity and gas supply;2008 December;0;0;0
6786;D Electricity and gas supply;2008 4th quarter;0;0;0
6787;D Electricity and gas supply;2008;3;0;3
6788;D Electricity and gas supply;2009 January;0;0;0
6789;D Electricity and gas supply;2009 February;0;0;0
6790;D Electricity and gas supply;2009 March;0;0;0
6791;D Electricity and gas supply;2009 1st quarter;0;0;0
6792;D Electricity and gas supply;2009 April;1;0;1
6793;D Electricity and gas supply;2009 May;0;0;0
6794;D Electricity and gas supply;2009 June;1;0;1
6795;D Electricity and gas supply;2009 2nd quarter;2;0;2
6796;D Electricity and gas supply;2009 July;2;0;2
6797;D Electricity and gas supply;2009 August;1;0;1
6798;D Electricity and gas supply;2009 September;0;0;0
6799;D Electricity and gas supply;2009 3rd quarter;3;0;3
6800;D Electricity and gas supply;2009 October;1;0;1
6801;D Electricity and gas supply;2009 November;0;0;0
6802;D Electricity and gas supply;2009 December;0;0;0
6803;D Electricity and gas supply;2009 4th quarter;1;0;1
6804;D Electricity and gas supply;2009;6;0;6
6805;D Electricity and gas supply;2010 January;0;0;0
6806;D Electricity and gas supply;2010 February;0;0;0
6807;D Electricity and gas supply;2010 March;1;0;1
6808;D Electricity and gas supply;2010 1st quarter;1;0;1
6809;D Electricity and gas supply;2010 April;0;0;0
6810;D Electricity and gas supply;2010 May;0;0;0
6811;D Electricity and gas supply;2010 June;1;0;1
6812;D Electricity and gas supply;2010 2nd quarter;1;0;1
6813;D Electricity and gas supply;2010 July;1;0;1
6814;D Electricity and gas supply;2010 August;0;0;0
6815;D Electricity and gas supply;2010 September;0;0;0
6816;D Electricity and gas supply;2010 3rd quarter;1;0;1
6817;D Electricity and gas supply;2010 October;0;0;0
6818;D Electricity and gas supply;2010 November;1;0;1
6819;D Electricity and gas supply;2010 December;0;0;0
6820;D Electricity and gas supply;2010 4th quarter;1;0;1
6821;D Electricity and gas supply;2010;4;0;4
6822;D Electricity and gas supply;2011 January;0;0;0
6823;D Electricity and gas supply;2011 February;0;0;0
6824;D Electricity and gas supply;2011 March;2;0;2
6825;D Electricity and gas supply;2011 1st quarter;2;0;2
6826;D Electricity and gas supply;2011 April;2;0;2
6827;D Electricity and gas supply;2011 May;1;0;1
6828;D Electricity and gas supply;2011 June;0;0;0
6829;D Electricity and gas supply;2011 2nd quarter;3;0;3
6830;D Electricity and gas supply;2011 July;0;0;0
6831;D Electricity and gas supply;2011 August;1;0;1
6832;D Electricity and gas supply;2011 September;0;0;0
6833;D Electricity and gas supply;2011 3rd quarter;1;0;1
6834;D Electricity and gas supply;2011 October;1;0;1
6835;D Electricity and gas supply;2011 November;0;0;0
6836;D Electricity and gas supply;2011 December;0;0;0
6837;D Electricity and gas supply;2011 4th quarter;1;0;1
6838;D Electricity and gas supply;2011;7;0;7
6839;D Electricity and gas supply;2012 January;0;0;0
6840;D Electricity and gas supply;2012 February;1;0;1
6841;D Electricity and gas supply;2012 March;0;0;0
6842;D Electricity and gas supply;2012 1st quarter;1;0;1
6843;D Electricity and gas supply;2012 April;4;0;4
6844;D Electricity and gas supply;2012 May;1;0;1
6845;D Electricity and gas supply;2012 June;1;0;1
6846;D Electricity and gas supply;2012 2nd quarter;6;0;6
6847;D Electricity and gas supply;2012 July ;7;0;7
6848;D Electricity and gas supply;2012 August;0;0;0
6849;D Electricity and gas supply;2012 September;0;0;0
6850;D Electricity and gas supply;2012 3rd quarter;7;0;7
6851;D Electricity and gas supply;2012 October;0;0;0
6852;D Electricity and gas supply;2012 November;0;0;0
6853;D Electricity and gas supply;2012 December;3;0;3
6854;D Electricity and gas supply;2012 4th quarter;3;0;3
6855;D Electricity and gas supply;2012;17;0;17
6856;D Electricity and gas supply;2013 January;2;0;2
6857;D Electricity and gas supply;2013 February;0;0;0
6858;D Electricity and gas supply;2013 March;1;0;1
6859;D Electricity and gas supply;2013 1st quarter;3;0;3
6860;D Electricity and gas supply;2013 April;0;0;0
6861;D Electricity and gas supply;2013 May;0;0;0
6862;D Electricity and gas supply;2013 June;0;0;0
6863;D Electricity and gas supply;2013 2nd quarter;0;0;0
6864;D Electricity and gas supply;2013 July;1;0;1
6865;D Electricity and gas supply;2013 August;3;0;3
6866;D Electricity and gas supply;2013 September;2;0;2
6867;D Electricity and gas supply;2013 3rd quarter;6;0;6
6868;D Electricity and gas supply;2013 October;2;0;2
6869;D Electricity and gas supply;2013 November;0;0;0
6870;D Electricity and gas supply;2013 December;1;0;1
6871;D Electricity and gas supply;2013 4th quarter;3;0;3
6872;D Electricity and gas supply;2013;12;0;12
6873;D Electricity and gas supply;2014 January;0;0;0
6874;D Electricity and gas supply;2014 February;1;0;1
6875;D Electricity and gas supply;2014 March;1;0;1
6876;D Electricity and gas supply;2014 1st quarter;2;0;2
6877;D Electricity and gas supply;2014 April;0;0;0
6878;E Water supply and waste management;1993 January;0;0;0
6879;E Water supply and waste management;1993 February;0;0;0
6880;E Water supply and waste management;1993 March;0;0;0
6881;E Water supply and waste management;1993 1st quarter;0;0;0
6882;E Water supply and waste management;1993 April;0;0;0
6883;E Water supply and waste management;1993 May;1;1;0
6884;E Water supply and waste management;1993 June;1;0;1
6885;E Water supply and waste management;1993 2nd quarter;2;1;1
6886;E Water supply and waste management;1993 July;1;0;1
6887;E Water supply and waste management;1993 August;0;0;0
6888;E Water supply and waste management;1993 September;0;0;0
6889;E Water supply and waste management;1993 3rd quarter;1;0;1
6890;E Water supply and waste management;1993 October;0;0;0
6891;E Water supply and waste management;1993 November;0;0;0
6892;E Water supply and waste management;1993 December;0;0;0
6893;E Water supply and waste management;1993 4th quarter;0;0;0
6894;E Water supply and waste management;1993;3;1;2
6895;E Water supply and waste management;1994 January;0;0;0
6896;E Water supply and waste management;1994 February;0;0;0
6897;E Water supply and waste management;1994 March;0;0;0
6898;E Water supply and waste management;1994 1st quarter;0;0;0
6899;E Water supply and waste management;1994 April;0;0;0
6900;E Water supply and waste management;1994 May;1;0;1
6901;E Water supply and waste management;1994 June;0;0;0
6902;E Water supply and waste management;1994 2nd quarter;1;0;1
6903;E Water supply and waste management;1994 July;0;0;0
6904;E Water supply and waste management;1994 August;0;0;0
6905;E Water supply and waste management;1994 September;0;0;0
6906;E Water supply and waste management;1994 3rd quarter;0;0;0
6907;E Water supply and waste management;1994 October;0;0;0
6908;E Water supply and waste management;1994 November;0;0;0
6909;E Water supply and waste management;1994 December;0;0;0
6910;E Water supply and waste management;1994 4th quarter;0;0;0
6911;E Water supply and waste management;1994;1;0;1
6912;E Water supply and waste management;1995 January;0;0;0
6913;E Water supply and waste management;1995 February;0;0;0
6914;E Water supply and waste management;1995 March;0;0;0
6915;E Water supply and waste management;1995 1st quarter;0;0;0
6916;E Water supply and waste management;1995 April;0;0;0
6917;E Water supply and waste management;1995 May;0;0;0
6918;E Water supply and waste management;1995 June;1;0;1
6919;E Water supply and waste management;1995 2nd quarter;1;0;1
6920;E Water supply and waste management;1995 July;0;0;0
6921;E Water supply and waste management;1995 August;0;0;0
6922;E Water supply and waste management;1995 September;0;0;0
6923;E Water supply and waste management;1995 3rd quarter;0;0;0
6924;E Water supply and waste management;1995 October;1;0;1
6925;E Water supply and waste management;1995 November;0;0;0
6926;E Water supply and waste management;1995 December;0;0;0
6927;E Water supply and waste management;1995 4th quarter;1;0;1
6928;E Water supply and waste management;1995;2;0;2
6929;E Water supply and waste management;1996 January;0;0;0
6930;E Water supply and waste management;1996 February;1;0;1
6931;E Water supply and waste management;1996 March;1;0;1
6932;E Water supply and waste management;1996 1st quarter;2;0;2
6933;E Water supply and waste management;1996 April;0;0;0
6934;E Water supply and waste management;1996 May;0;0;0
6935;E Water supply and waste management;1996 June;0;0;0
6936;E Water supply and waste management;1996 2nd quarter;0;0;0
6937;E Water supply and waste management;1996 July;1;0;1
6938;E Water supply and waste management;1996 August;1;1;0
6939;E Water supply and waste management;1996 September;0;0;0
6940;E Water supply and waste management;1996 3rd quarter;2;1;1
6941;E Water supply and waste management;1996 October;0;0;0
6942;E Water supply and waste management;1996 November;0;0;0
6943;E Water supply and waste management;1996 December;1;0;1
6944;E Water supply and waste management;1996 4th quarter;1;0;1
6945;E Water supply and waste management;1996;5;1;4
6946;E Water supply and waste management;1997 January;1;0;1
6947;E Water supply and waste management;1997 February;0;0;0
6948;E Water supply and waste management;1997 March;0;0;0
6949;E Water supply and waste management;1997 1st quarter;1;0;1
6950;E Water supply and waste management;1997 April;0;0;0
6951;E Water supply and waste management;1997 May;0;0;0
6952;E Water supply and waste management;1997 June;0;0;0
6953;E Water supply and waste management;1997 2nd quarter;0;0;0
6954;E Water supply and waste management;1997 July;0;0;0
6955;E Water supply and waste management;1997 August;0;0;0
6956;E Water supply and waste management;1997 September;0;0;0
6957;E Water supply and waste management;1997 3rd quarter;0;0;0
6958;E Water supply and waste management;1997 October;0;0;0
6959;E Water supply and waste management;1997 November;0;0;0
6960;E Water supply and waste management;1997 December;0;0;0
6961;E Water supply and waste management;1997 4th quarter;0;0;0
6962;E Water supply and waste management;1997;1;0;1
6963;E Water supply and waste management;1998 January;0;0;0
6964;E Water supply and waste management;1998 February;0;0;0
6965;E Water supply and waste management;1998 March;0;0;0
6966;E Water supply and waste management;1998 1st quarter;0;0;0
6967;E Water supply and waste management;1998 April;0;0;0
6968;E Water supply and waste management;1998 May;0;0;0
6969;E Water supply and waste management;1998 June;0;0;0
6970;E Water supply and waste management;1998 2nd quarter;0;0;0
6971;E Water supply and waste management;1998 July;0;0;0
6972;E Water supply and waste management;1998 August;1;0;1
6973;E Water supply and waste management;1998 September;0;0;0
6974;E Water supply and waste management;1998 3rd quarter;1;0;1
6975;E Water supply and waste management;1998 October;1;0;1
6976;E Water supply and waste management;1998 November;0;0;0
6977;E Water supply and waste management;1998 December;0;0;0
6978;E Water supply and waste management;1998 4th quarter;1;0;1
6979;E Water supply and waste management;1998;2;0;2
6980;E Water supply and waste management;1999 January;0;0;0
6981;E Water supply and waste management;1999 February;0;0;0
6982;E Water supply and waste management;1999 March;2;0;2
6983;E Water supply and waste management;1999 1st quarter;2;0;2
6984;E Water supply and waste management;1999 April;0;0;0
6985;E Water supply and waste management;1999 May;0;0;0
6986;E Water supply and waste management;1999 June;0;0;0
6987;E Water supply and waste management;1999 2nd quarter;0;0;0
6988;E Water supply and waste management;1999 July;0;0;0
6989;E Water supply and waste management;1999 August;0;0;0
6990;E Water supply and waste management;1999 September;0;0;0
6991;E Water supply and waste management;1999 3rd quarter;0;0;0
6992;E Water supply and waste management;1999 October;0;0;0
6993;E Water supply and waste management;1999 November;1;0;1
6994;E Water supply and waste management;1999 December;1;0;1
6995;E Water supply and waste management;1999 4th quarter;2;0;2
6996;E Water supply and waste management;1999;4;0;4
6997;E Water supply and waste management;2000 January;1;0;1
6998;E Water supply and waste management;2000 February;0;0;0
6999;E Water supply and waste management;2000 March;0;0;0
7000;E Water supply and waste management;2000 1st quarter;1;0;1
7001;E Water supply and waste management;2000 April;1;0;1
7002;E Water supply and waste management;2000 May;0;0;0
7003;E Water supply and waste management;2000 June;3;0;3
7004;E Water supply and waste management;2000 2nd quarter;4;0;4
7005;E Water supply and waste management;2000 July;1;0;1
7006;E Water supply and waste management;2000 August;1;1;0
7007;E Water supply and waste management;2000 September;1;0;1
7008;E Water supply and waste management;2000 3rd quarter;3;1;2
7009;E Water supply and waste management;2000 October;1;0;1
7010;E Water supply and waste management;2000 November;0;0;0
7011;E Water supply and waste management;2000 December;0;0;0
7012;E Water supply and waste management;2000 4th quarter;1;0;1
7013;E Water supply and waste management;2000;9;1;8
7014;E Water supply and waste management;2001 January;1;0;1
7015;E Water supply and waste management;2001 February;0;0;0
7016;E Water supply and waste management;2001 March;0;0;0
7017;E Water supply and waste management;2001 1st quarter;1;0;1
7018;E Water supply and waste management;2001 April;0;0;0
7019;E Water supply and waste management;2001 May;0;0;0
7020;E Water supply and waste management;2001 June;1;0;1
7021;E Water supply and waste management;2001 2nd quarter;1;0;1
7022;E Water supply and waste management;2001 July;2;0;2
7023;E Water supply and waste management;2001 August;0;0;0
7024;E Water supply and waste management;2001 September;0;0;0
7025;E Water supply and waste management;2001 3rd quarter;2;0;2
7026;E Water supply and waste management;2001 October;0;0;0
7027;E Water supply and waste management;2001 November;0;0;0
7028;E Water supply and waste management;2001 December;0;0;0
7029;E Water supply and waste management;2001 4th quarter;0;0;0
7030;E Water supply and waste management;2001;4;0;4
7031;E Water supply and waste management;2002 January;0;0;0
7032;E Water supply and waste management;2002 February;0;0;0
7033;E Water supply and waste management;2002 March;1;0;1
7034;E Water supply and waste management;2002 1st quarter;1;0;1
7035;E Water supply and waste management;2002 April;0;0;0
7036;E Water supply and waste management;2002 May;0;0;0
7037;E Water supply and waste management;2002 June;0;0;0
7038;E Water supply and waste management;2002 2nd quarter;0;0;0
7039;E Water supply and waste management;2002 July;1;0;1
7040;E Water supply and waste management;2002 August;0;0;0
7041;E Water supply and waste management;2002 September;0;0;0
7042;E Water supply and waste management;2002 3rd quarter;1;0;1
7043;E Water supply and waste management;2002 October;0;0;0
7044;E Water supply and waste management;2002 November;1;0;1
7045;E Water supply and waste management;2002 December;0;0;0
7046;E Water supply and waste management;2002 4th quarter;1;0;1
7047;E Water supply and waste management;2002;3;0;3
7048;E Water supply and waste management;2003 January;2;1;1
7049;E Water supply and waste management;2003 February;0;0;0
7050;E Water supply and waste management;2003 March;1;0;1
7051;E Water supply and waste management;2003 1st quarter;3;1;2
7052;E Water supply and waste management;2003 April;0;0;0
7053;E Water supply and waste management;2003 May;0;0;0
7054;E Water supply and waste management;2003 June;0;0;0
7055;E Water supply and waste management;2003 2nd quarter;0;0;0
7056;E Water supply and waste management;2003 July;0;0;0
7057;E Water supply and waste management;2003 August;1;0;1
7058;E Water supply and waste management;2003 September;1;0;1
7059;E Water supply and waste management;2003 3rd quarter;2;0;2
7060;E Water supply and waste management;2003 October;1;0;1
7061;E Water supply and waste management;2003 November;0;0;0
7062;E Water supply and waste management;2003 December;2;0;2
7063;E Water supply and waste management;2003 4th quarter;3;0;3
7064;E Water supply and waste management;2003;8;1;7
7065;E Water supply and waste management;2004 January;0;0;0
7066;E Water supply and waste management;2004 February;1;0;1
7067;E Water supply and waste management;2004 March;0;0;0
7068;E Water supply and waste management;2004 1st quarter;1;0;1
7069;E Water supply and waste management;2004 April;2;0;2
7070;E Water supply and waste management;2004 May;1;1;0
7071;E Water supply and waste management;2004 June;1;0;1
7072;E Water supply and waste management;2004 2nd quarter;4;1;3
7073;E Water supply and waste management;2004 July;2;0;2
7074;E Water supply and waste management;2004 August;2;1;1
7075;E Water supply and waste management;2004 September;2;0;2
7076;E Water supply and waste management;2004 3rd quarter;6;1;5
7077;E Water supply and waste management;2004 October;0;0;0
7078;E Water supply and waste management;2004 November;1;0;1
7079;E Water supply and waste management;2004 December;0;0;0
7080;E Water supply and waste management;2004 4th quarter;1;0;1
7081;E Water supply and waste management;2004;12;2;10
7082;E Water supply and waste management;2005 January;0;0;0
7083;E Water supply and waste management;2005 February;0;0;0
7084;E Water supply and waste management;2005 March;2;0;2
7085;E Water supply and waste management;2005 1st quarter;2;0;2
7086;E Water supply and waste management;2005 April;3;0;3
7087;E Water supply and waste management;2005 May;0;0;0
7088;E Water supply and waste management;2005 June;3;0;3
7089;E Water supply and waste management;2005 2nd quarter;6;0;6
7090;E Water supply and waste management;2005 July;1;1;0
7091;E Water supply and waste management;2005 August;3;0;3
7092;E Water supply and waste management;2005 September;0;0;0
7093;E Water supply and waste management;2005 3rd quarter;4;1;3
7094;E Water supply and waste management;2005 October;1;0;1
7095;E Water supply and waste management;2005 November;0;0;0
7096;E Water supply and waste management;2005 December;0;0;0
7097;E Water supply and waste management;2005 4th quarter;1;0;1
7098;E Water supply and waste management;2005;13;1;12
7099;E Water supply and waste management;2006 January;1;0;1
7100;E Water supply and waste management;2006 February;1;0;1
7101;E Water supply and waste management;2006 March;0;0;0
7102;E Water supply and waste management;2006 1st quarter;2;0;2
7103;E Water supply and waste management;2006 April;0;0;0
7104;E Water supply and waste management;2006 May;2;0;2
7105;E Water supply and waste management;2006 June;0;0;0
7106;E Water supply and waste management;2006 2nd quarter;2;0;2
7107;E Water supply and waste management;2006 July;0;0;0
7108;E Water supply and waste management;2006 August;1;1;0
7109;E Water supply and waste management;2006 September;0;0;0
7110;E Water supply and waste management;2006 3rd quarter;1;1;0
7111;E Water supply and waste management;2006 October;0;0;0
7112;E Water supply and waste management;2006 November;2;0;2
7113;E Water supply and waste management;2006 December;1;0;1
7114;E Water supply and waste management;2006 4th quarter;3;0;3
7115;E Water supply and waste management;2006;8;1;7
7116;E Water supply and waste management;2007 January;1;0;1
7117;E Water supply and waste management;2007 February;1;0;1
7118;E Water supply and waste management;2007 March;0;0;0
7119;E Water supply and waste management;2007 1st quarter;2;0;2
7120;E Water supply and waste management;2007 April;0;0;0
7121;E Water supply and waste management;2007 May;0;0;0
7122;E Water supply and waste management;2007 June;2;0;2
7123;E Water supply and waste management;2007 2nd quarter;2;0;2
7124;E Water supply and waste management;2007 July;1;0;1
7125;E Water supply and waste management;2007 August;1;0;1
7126;E Water supply and waste management;2007 September;0;0;0
7127;E Water supply and waste management;2007 3rd quarter;2;0;2
7128;E Water supply and waste management;2007 October;2;0;2
7129;E Water supply and waste management;2007 November;5;0;5
7130;E Water supply and waste management;2007 December;1;0;1
7131;E Water supply and waste management;2007 4th quarter;8;0;8
7132;E Water supply and waste management;2007;14;0;14
7133;E Water supply and waste management;2008 January;0;0;0
7134;E Water supply and waste management;2008 February;4;0;4
7135;E Water supply and waste management;2008 March;1;0;1
7136;E Water supply and waste management;2008 1st quarter;5;0;5
7137;E Water supply and waste management;2008 April;4;0;4
7138;E Water supply and waste management;2008 May;2;0;2
7139;E Water supply and waste management;2008 June;1;0;1
7140;E Water supply and waste management;2008 2nd quarter;7;0;7
7141;E Water supply and waste management;2008 July;1;0;1
7142;E Water supply and waste management;2008 August;1;0;1
7143;E Water supply and waste management;2008 September;1;0;1
7144;E Water supply and waste management;2008 3rd quarter;3;0;3
7145;E Water supply and waste management;2008 October;0;0;0
7146;E Water supply and waste management;2008 November;1;0;1
7147;E Water supply and waste management;2008 December;0;0;0
7148;E Water supply and waste management;2008 4th quarter;1;0;1
7149;E Water supply and waste management;2008;16;0;16
7150;E Water supply and waste management;2009 January;1;0;1
7151;E Water supply and waste management;2009 February;2;0;2
7152;E Water supply and waste management;2009 March;2;0;2
7153;E Water supply and waste management;2009 1st quarter;5;0;5
7154;E Water supply and waste management;2009 April;4;0;4
7155;E Water supply and waste management;2009 May;4;0;4
7156;E Water supply and waste management;2009 June;2;0;2
7157;E Water supply and waste management;2009 2nd quarter;10;0;10
7158;E Water supply and waste management;2009 July;2;0;2
7159;E Water supply and waste management;2009 August;0;0;0
7160;E Water supply and waste management;2009 September;0;0;0
7161;E Water supply and waste management;2009 3rd quarter;2;0;2
7162;E Water supply and waste management;2009 October;1;0;1
7163;E Water supply and waste management;2009 November;1;0;1
7164;E Water supply and waste management;2009 December;1;0;1
7165;E Water supply and waste management;2009 4th quarter;3;0;3
7166;E Water supply and waste management;2009;20;0;20
7167;E Water supply and waste management;2010 January;5;0;5
7168;E Water supply and waste management;2010 February;4;0;4
7169;E Water supply and waste management;2010 March;0;0;0
7170;E Water supply and waste management;2010 1st quarter;9;0;9
7171;E Water supply and waste management;2010 April;1;0;1
7172;E Water supply and waste management;2010 May;5;0;5
7173;E Water supply and waste management;2010 June;0;0;0
7174;E Water supply and waste management;2010 2nd quarter;6;0;6
7175;E Water supply and waste management;2010 July;3;0;3
7176;E Water supply and waste management;2010 August;2;0;2
7177;E Water supply and waste management;2010 September;0;0;0
7178;E Water supply and waste management;2010 3rd quarter;5;0;5
7179;E Water supply and waste management;2010 October;1;0;1
7180;E Water supply and waste management;2010 November;0;0;0
7181;E Water supply and waste management;2010 December;0;0;0
7182;E Water supply and waste management;2010 4th quarter;1;0;1
7183;E Water supply and waste management;2010;21;0;21
7184;E Water supply and waste management;2011 January;3;0;3
7185;E Water supply and waste management;2011 February;1;0;1
7186;E Water supply and waste management;2011 March;2;0;2
7187;E Water supply and waste management;2011 1st quarter;6;0;6
7188;E Water supply and waste management;2011 April;2;0;2
7189;E Water supply and waste management;2011 May;1;0;1
7190;E Water supply and waste management;2011 June;1;0;1
7191;E Water supply and waste management;2011 2nd quarter;4;0;4
7192;E Water supply and waste management;2011 July;9;0;9
7193;E Water supply and waste management;2011 August;1;1;0
7194;E Water supply and waste management;2011 September;3;0;3
7195;E Water supply and waste management;2011 3rd quarter;13;1;12
7196;E Water supply and waste management;2011 October;2;0;2
7197;E Water supply and waste management;2011 November;0;0;0
7198;E Water supply and waste management;2011 December;1;0;1
7199;E Water supply and waste management;2011 4th quarter;3;0;3
7200;E Water supply and waste management;2011;26;1;25
7201;E Water supply and waste management;2012 January;5;0;5
7202;E Water supply and waste management;2012 February;1;0;1
7203;E Water supply and waste management;2012 March;0;0;0
7204;E Water supply and waste management;2012 1st quarter;6;0;6
7205;E Water supply and waste management;2012 April;1;0;1
7206;E Water supply and waste management;2012 May;1;0;1
7207;E Water supply and waste management;2012 June;2;0;2
7208;E Water supply and waste management;2012 2nd quarter;4;0;4
7209;E Water supply and waste management;2012 July ;11;0;11
7210;E Water supply and waste management;2012 August;1;0;1
7211;E Water supply and waste management;2012 September;0;0;0
7212;E Water supply and waste management;2012 3rd quarter;12;0;12
7213;E Water supply and waste management;2012 October;1;0;1
7214;E Water supply and waste management;2012 November;0;0;0
7215;E Water supply and waste management;2012 December;0;0;0
7216;E Water supply and waste management;2012 4th quarter;1;0;1
7217;E Water supply and waste management;2012;23;0;23
7218;E Water supply and waste management;2013 January;1;0;1
7219;E Water supply and waste management;2013 February;0;0;0
7220;E Water supply and waste management;2013 March;2;0;2
7221;E Water supply and waste management;2013 1st quarter;3;0;3
7222;E Water supply and waste management;2013 April;3;1;2
7223;E Water supply and waste management;2013 May;6;1;5
7224;E Water supply and waste management;2013 June;2;0;2
7225;E Water supply and waste management;2013 2nd quarter;11;2;9
7226;E Water supply and waste management;2013 July;3;0;3
7227;E Water supply and waste management;2013 August;1;0;1
7228;E Water supply and waste management;2013 September;0;0;0
7229;E Water supply and waste management;2013 3rd quarter;4;0;4
7230;E Water supply and waste management;2013 October;0;0;0
7231;E Water supply and waste management;2013 November;1;0;1
7232;E Water supply and waste management;2013 December;4;1;3
7233;E Water supply and waste management;2013 4th quarter;5;1;4
7234;E Water supply and waste management;2013;23;3;20
7235;E Water supply and waste management;2014 January;6;0;6
7236;E Water supply and waste management;2014 February;2;0;2
7237;E Water supply and waste management;2014 March;1;0;1
7238;E Water supply and waste management;2014 1st quarter;9;0;9
7239;E Water supply and waste management;2014 April;3;0;3
7240;F Construction;1993 January;44;27;17
7241;F Construction;1993 February;54;26;28
7242;F Construction;1993 March;71;34;37
7243;F Construction;1993 1st quarter;169;87;82
7244;F Construction;1993 April;61;23;38
7245;F Construction;1993 May;44;14;30
7246;F Construction;1993 June;59;24;35
7247;F Construction;1993 2nd quarter;164;61;103
7248;F Construction;1993 July;54;23;31
7249;F Construction;1993 August;46;22;24
7250;F Construction;1993 September;57;32;25
7251;F Construction;1993 3rd quarter;157;77;80
7252;F Construction;1993 October;47;23;24
7253;F Construction;1993 November;56;30;26
7254;F Construction;1993 December;68;37;31
7255;F Construction;1993 4th quarter;171;90;81
7256;F Construction;1993;661;315;346
7257;F Construction;1994 January;72;28;44
7258;F Construction;1994 February;60;24;36
7259;F Construction;1994 March;77;35;42
7260;F Construction;1994 1st quarter;209;87;122
7261;F Construction;1994 April;45;17;28
7262;F Construction;1994 May;58;35;23
7263;F Construction;1994 June;89;32;57
7264;F Construction;1994 2nd quarter;192;84;108
7265;F Construction;1994 July;37;21;16
7266;F Construction;1994 August;56;31;25
7267;F Construction;1994 September;66;38;28
7268;F Construction;1994 3rd quarter;159;90;69
7269;F Construction;1994 October;56;28;28
7270;F Construction;1994 November;54;27;27
7271;F Construction;1994 December;38;16;22
7272;F Construction;1994 4th quarter;148;71;77
7273;F Construction;1994;708;332;376
7274;F Construction;1995 January;53;28;25
7275;F Construction;1995 February;64;25;39
7276;F Construction;1995 March;68;36;32
7277;F Construction;1995 1st quarter;185;89;96
7278;F Construction;1995 April;58;30;28
7279;F Construction;1995 May;46;16;30
7280;F Construction;1995 June;41;27;14
7281;F Construction;1995 2nd quarter;145;73;72
7282;F Construction;1995 July;43;24;19
7283;F Construction;1995 August;45;20;25
7284;F Construction;1995 September;43;24;19
7285;F Construction;1995 3rd quarter;131;68;63
7286;F Construction;1995 October;57;26;31
7287;F Construction;1995 November;48;25;23
7288;F Construction;1995 December;34;18;16
7289;F Construction;1995 4th quarter;139;69;70
7290;F Construction;1995;600;299;301
7291;F Construction;1996 January;56;26;30
7292;F Construction;1996 February;55;30;25
7293;F Construction;1996 March;52;22;30
7294;F Construction;1996 1st quarter;163;78;85
7295;F Construction;1996 April;57;29;28
7296;F Construction;1996 May;56;31;25
7297;F Construction;1996 June;48;24;24
7298;F Construction;1996 2nd quarter;161;84;77
7299;F Construction;1996 July;44;27;17
7300;F Construction;1996 August;61;35;26
7301;F Construction;1996 September;55;35;20
7302;F Construction;1996 3rd quarter;160;97;63
7303;F Construction;1996 October;46;22;24
7304;F Construction;1996 November;51;25;26
7305;F Construction;1996 December;43;21;22
7306;F Construction;1996 4th quarter;140;68;72
7307;F Construction;1996;624;327;297
7308;F Construction;1997 January;40;22;18
7309;F Construction;1997 February;55;21;34
7310;F Construction;1997 March;47;25;22
7311;F Construction;1997 1st quarter;142;68;74
7312;F Construction;1997 April;44;24;20
7313;F Construction;1997 May;57;25;32
7314;F Construction;1997 June;38;17;21
7315;F Construction;1997 2nd quarter;139;66;73
7316;F Construction;1997 July;48;24;24
7317;F Construction;1997 August;33;18;15
7318;F Construction;1997 September;66;32;34
7319;F Construction;1997 3rd quarter;147;74;73
7320;F Construction;1997 October;47;20;27
7321;F Construction;1997 November;60;29;31
7322;F Construction;1997 December;45;23;22
7323;F Construction;1997 4th quarter;152;72;80
7324;F Construction;1997;580;280;300
7325;F Construction;1998 January;52;23;29
7326;F Construction;1998 February;36;19;17
7327;F Construction;1998 March;50;26;24
7328;F Construction;1998 1st quarter;138;68;70
7329;F Construction;1998 April;62;33;29
7330;F Construction;1998 May;36;19;17
7331;F Construction;1998 June;54;31;23
7332;F Construction;1998 2nd quarter;152;83;69
7333;F Construction;1998 July;45;18;27
7334;F Construction;1998 August;46;28;18
7335;F Construction;1998 September;71;39;32
7336;F Construction;1998 3rd quarter;162;85;77
7337;F Construction;1998 October;40;20;20
7338;F Construction;1998 November;42;12;30
7339;F Construction;1998 December;37;15;22
7340;F Construction;1998 4th quarter;119;47;72
7341;F Construction;1998;571;283;288
7342;F Construction;1999 January;37;20;17
7343;F Construction;1999 February;42;13;29
7344;F Construction;1999 March;60;25;35
7345;F Construction;1999 1st quarter;139;58;81
7346;F Construction;1999 April;50;19;31
7347;F Construction;1999 May;31;12;19
7348;F Construction;1999 June;42;22;20
7349;F Construction;1999 2nd quarter;123;53;70
7350;F Construction;1999 July;33;18;15
7351;F Construction;1999 August;40;19;21
7352;F Construction;1999 September;35;15;20
7353;F Construction;1999 3rd quarter;108;52;56
7354;F Construction;1999 October;42;14;28
7355;F Construction;1999 November;35;12;23
7356;F Construction;1999 December;34;16;18
7357;F Construction;1999 4th quarter;111;42;69
7358;F Construction;1999;481;205;276
7359;F Construction;2000 January;42;21;21
7360;F Construction;2000 February;40;16;24
7361;F Construction;2000 March;60;27;33
7362;F Construction;2000 1st quarter;142;64;78
7363;F Construction;2000 April;40;17;23
7364;F Construction;2000 May;47;19;28
7365;F Construction;2000 June;31;10;21
7366;F Construction;2000 2nd quarter;118;46;72
7367;F Construction;2000 July;31;19;12
7368;F Construction;2000 August;47;22;25
7369;F Construction;2000 September;42;21;21
7370;F Construction;2000 3rd quarter;120;62;58
7371;F Construction;2000 October;52;19;33
7372;F Construction;2000 November;62;27;35
7373;F Construction;2000 December;46;24;22
7374;F Construction;2000 4th quarter;160;70;90
7375;F Construction;2000;540;242;298
7376;F Construction;2001 January;59;24;35
7377;F Construction;2001 February;49;15;34
7378;F Construction;2001 March;54;24;30
7379;F Construction;2001 1st quarter;162;63;99
7380;F Construction;2001 April;70;29;41
7381;F Construction;2001 May;60;27;33
7382;F Construction;2001 June;43;17;26
7383;F Construction;2001 2nd quarter;173;73;100
7384;F Construction;2001 July;52;22;30
7385;F Construction;2001 August;61;34;27
7386;F Construction;2001 September;53;26;27
7387;F Construction;2001 3rd quarter;166;82;84
7388;F Construction;2001 October;63;32;31
7389;F Construction;2001 November;55;20;35
7390;F Construction;2001 December;35;16;19
7391;F Construction;2001 4th quarter;153;68;85
7392;F Construction;2001;654;286;368
7393;F Construction;2002 January;68;31;37
7394;F Construction;2002 February;58;21;37
7395;F Construction;2002 March;43;22;21
7396;F Construction;2002 1st quarter;169;74;95
7397;F Construction;2002 April;45;21;24
7398;F Construction;2002 May;56;21;35
7399;F Construction;2002 June;51;16;35
7400;F Construction;2002 2nd quarter;152;58;94
7401;F Construction;2002 July;55;21;34
7402;F Construction;2002 August;48;22;26
7403;F Construction;2002 September;49;19;30
7404;F Construction;2002 3rd quarter;152;62;90
7405;F Construction;2002 October;58;25;33
7406;F Construction;2002 November;43;12;31
7407;F Construction;2002 December;45;15;30
7408;F Construction;2002 4th quarter;146;52;94
7409;F Construction;2002;619;246;373
7410;F Construction;2003 January;68;27;41
7411;F Construction;2003 February;63;19;44
7412;F Construction;2003 March;76;31;45
7413;F Construction;2003 1st quarter;207;77;130
7414;F Construction;2003 April;109;35;74
7415;F Construction;2003 May;95;30;65
7416;F Construction;2003 June;86;28;58
7417;F Construction;2003 2nd quarter;290;93;197
7418;F Construction;2003 July;68;29;39
7419;F Construction;2003 August;57;33;24
7420;F Construction;2003 September;79;28;51
7421;F Construction;2003 3rd quarter;204;90;114
7422;F Construction;2003 October;70;28;42
7423;F Construction;2003 November;62;32;30
7424;F Construction;2003 December;65;26;39
7425;F Construction;2003 4th quarter;197;86;111
7426;F Construction;2003;898;346;552
7427;F Construction;2004 January;62;20;42
7428;F Construction;2004 February;77;31;46
7429;F Construction;2004 March;94;40;54
7430;F Construction;2004 1st quarter;233;91;142
7431;F Construction;2004 April;76;36;40
7432;F Construction;2004 May;65;30;35
7433;F Construction;2004 June;71;36;35
7434;F Construction;2004 2nd quarter;212;102;110
7435;F Construction;2004 July;52;25;27
7436;F Construction;2004 August;78;25;53
7437;F Construction;2004 September;67;27;40
7438;F Construction;2004 3rd quarter;197;77;120
7439;F Construction;2004 October;61;23;38
7440;F Construction;2004 November;94;36;58
7441;F Construction;2004 December;77;34;43
7442;F Construction;2004 4th quarter;232;93;139
7443;F Construction;2004;874;363;511
7444;F Construction;2005 January;86;33;53
7445;F Construction;2005 February;72;33;39
7446;F Construction;2005 March;102;43;59
7447;F Construction;2005 1st quarter;260;109;151
7448;F Construction;2005 April;57;27;30
7449;F Construction;2005 May;94;49;45
7450;F Construction;2005 June;97;41;56
7451;F Construction;2005 2nd quarter;248;117;131
7452;F Construction;2005 July;67;32;35
7453;F Construction;2005 August;70;37;33
7454;F Construction;2005 September;74;31;43
7455;F Construction;2005 3rd quarter;211;100;111
7456;F Construction;2005 October;59;27;32
7457;F Construction;2005 November;65;28;37
7458;F Construction;2005 December;71;31;40
7459;F Construction;2005 4th quarter;195;86;109
7460;F Construction;2005;914;412;502
7461;F Construction;2006 January;63;30;33
7462;F Construction;2006 February;58;32;26
7463;F Construction;2006 March;72;27;45
7464;F Construction;2006 1st quarter;193;89;104
7465;F Construction;2006 April;53;31;22
7466;F Construction;2006 May;73;35;38
7467;F Construction;2006 June;62;27;35
7468;F Construction;2006 2nd quarter;188;93;95
7469;F Construction;2006 July;77;26;51
7470;F Construction;2006 August;98;45;53
7471;F Construction;2006 September;70;27;43
7472;F Construction;2006 3rd quarter;245;98;147
7473;F Construction;2006 October;56;22;34
7474;F Construction;2006 November;67;21;46
7475;F Construction;2006 December;33;10;23
7476;F Construction;2006 4th quarter;156;53;103
7477;F Construction;2006;782;333;449
7478;F Construction;2007 January;48;17;31
7479;F Construction;2007 February;52;14;38
7480;F Construction;2007 March;69;23;46
7481;F Construction;2007 1st quarter;169;54;115
7482;F Construction;2007 April;55;17;38
7483;F Construction;2007 May;52;19;33
7484;F Construction;2007 June;43;20;23
7485;F Construction;2007 2nd quarter;150;56;94
7486;F Construction;2007 July;49;25;24
7487;F Construction;2007 August;68;28;40
7488;F Construction;2007 September;59;17;42
7489;F Construction;2007 3rd quarter;176;70;106
7490;F Construction;2007 October;48;26;22
7491;F Construction;2007 November;50;22;28
7492;F Construction;2007 December;44;21;23
7493;F Construction;2007 4th quarter;142;69;73
7494;F Construction;2007;637;249;388
7495;F Construction;2008 January;57;18;39
7496;F Construction;2008 February;50;19;31
7497;F Construction;2008 March;52;19;33
7498;F Construction;2008 1st quarter;159;56;103
7499;F Construction;2008 April;74;25;49
7500;F Construction;2008 May;35;17;18
7501;F Construction;2008 June;37;16;21
7502;F Construction;2008 2nd quarter;146;58;88
7503;F Construction;2008 July;53;20;33
7504;F Construction;2008 August;45;22;23
7505;F Construction;2008 September;62;14;48
7506;F Construction;2008 3rd quarter;160;56;104
7507;F Construction;2008 October;57;19;38
7508;F Construction;2008 November;68;20;48
7509;F Construction;2008 December;69;15;54
7510;F Construction;2008 4th quarter;194;54;140
7511;F Construction;2008;659;224;435
7512;F Construction;2009 January;83;33;50
7513;F Construction;2009 February;81;15;66
7514;F Construction;2009 March;95;24;71
7515;F Construction;2009 1st quarter;259;72;187
7516;F Construction;2009 April;89;34;55
7517;F Construction;2009 May;84;30;54
7518;F Construction;2009 June;87;33;54
7519;F Construction;2009 2nd quarter;260;97;163
7520;F Construction;2009 July;100;24;76
7521;F Construction;2009 August;63;14;49
7522;F Construction;2009 September;94;30;64
7523;F Construction;2009 3rd quarter;257;68;189
7524;F Construction;2009 October;95;25;70
7525;F Construction;2009 November;95;23;72
7526;F Construction;2009 December;98;23;75
7527;F Construction;2009 4th quarter;288;71;217
7528;F Construction;2009;1064;308;756
7529;F Construction;2010 January;83;33;50
7530;F Construction;2010 February;121;27;94
7531;F Construction;2010 March;148;34;114
7532;F Construction;2010 1st quarter;352;94;258
7533;F Construction;2010 April;93;28;65
7534;F Construction;2010 May;79;24;55
7535;F Construction;2010 June;129;34;95
7536;F Construction;2010 2nd quarter;301;86;215
7537;F Construction;2010 July;85;15;70
7538;F Construction;2010 August;86;29;57
7539;F Construction;2010 September;88;20;68
7540;F Construction;2010 3rd quarter;259;64;195
7541;F Construction;2010 October;92;23;69
7542;F Construction;2010 November;86;18;68
7543;F Construction;2010 December;69;12;57
7544;F Construction;2010 4th quarter;247;53;194
7545;F Construction;2010;1159;297;862
7546;F Construction;2011 January;103;29;74
7547;F Construction;2011 February;112;20;92
7548;F Construction;2011 March;87;20;67
7549;F Construction;2011 1st quarter;302;69;233
7550;F Construction;2011 April;82;15;67
7551;F Construction;2011 May;82;18;64
7552;F Construction;2011 June;71;19;52
7553;F Construction;2011 2nd quarter;235;52;183
7554;F Construction;2011 July;64;13;51
7555;F Construction;2011 August;97;29;68
7556;F Construction;2011 September;130;19;111
7557;F Construction;2011 3rd quarter;291;61;230
7558;F Construction;2011 October;114;21;93
7559;F Construction;2011 November;117;29;88
7560;F Construction;2011 December;89;21;68
7561;F Construction;2011 4th quarter;320;71;249
7562;F Construction;2011;1148;253;895
7563;F Construction;2012 January;121;27;94
7564;F Construction;2012 February;142;34;108
7565;F Construction;2012 March;117;26;91
7566;F Construction;2012 1st quarter;380;87;293
7567;F Construction;2012 April;143;24;119
7568;F Construction;2012 May;131;24;107
7569;F Construction;2012 June;125;18;107
7570;F Construction;2012 2nd quarter;399;66;333
7571;F Construction;2012 July ;147;24;123
7572;F Construction;2012 August;107;20;87
7573;F Construction;2012 September;109;20;89
7574;F Construction;2012 3rd quarter;363;64;299
7575;F Construction;2012 October;161;41;120
7576;F Construction;2012 November;124;32;92
7577;F Construction;2012 December;99;23;76
7578;F Construction;2012 4th quarter;384;96;288
7579;F Construction;2012;1526;313;1213
7580;F Construction;2013 January;148;32;116
7581;F Construction;2013 February;176;23;153
7582;F Construction;2013 March;190;30;160
7583;F Construction;2013 1st quarter;514;85;429
7584;F Construction;2013 April;166;27;139
7585;F Construction;2013 May;165;28;137
7586;F Construction;2013 June;141;14;127
7587;F Construction;2013 2nd quarter;472;69;403
7588;F Construction;2013 July;122;30;92
7589;F Construction;2013 August;117;18;99
7590;F Construction;2013 September;133;32;101
7591;F Construction;2013 3rd quarter;372;80;292
7592;F Construction;2013 October;119;22;97
7593;F Construction;2013 November;82;18;64
7594;F Construction;2013 December;99;17;82
7595;F Construction;2013 4th quarter;300;57;243
7596;F Construction;2013;1658;291;1367
7597;F Construction;2014 January;108;27;81
7598;F Construction;2014 February;96;18;78
7599;F Construction;2014 March;89;12;77
7600;F Construction;2014 1st quarter;293;57;236
7601;F Construction;2014 April;123;25;98
7602;41 Construction buildings, development;1993 January;19;11;8
7603;41 Construction buildings, development;1993 February;13;6;7
7604;41 Construction buildings, development;1993 March;18;7;11
7605;41 Construction buildings, development;1993 1st quarter;50;24;26
7606;41 Construction buildings, development;1993 April;20;4;16
7607;41 Construction buildings, development;1993 May;20;4;16
7608;41 Construction buildings, development;1993 June;24;8;16
7609;41 Construction buildings, development;1993 2nd quarter;64;16;48
7610;41 Construction buildings, development;1993 July;18;5;13
7611;41 Construction buildings, development;1993 August;13;5;8
7612;41 Construction buildings, development;1993 September;17;10;7
7613;41 Construction buildings, development;1993 3rd quarter;48;20;28
7614;41 Construction buildings, development;1993 October;10;4;6
7615;41 Construction buildings, development;1993 November;15;4;11
7616;41 Construction buildings, development;1993 December;16;6;10
7617;41 Construction buildings, development;1993 4th quarter;41;14;27
7618;41 Construction buildings, development;1993;203;74;129
7619;41 Construction buildings, development;1994 January;20;9;11
7620;41 Construction buildings, development;1994 February;22;11;11
7621;41 Construction buildings, development;1994 March;20;7;13
7622;41 Construction buildings, development;1994 1st quarter;62;27;35
7623;41 Construction buildings, development;1994 April;9;3;6
7624;41 Construction buildings, development;1994 May;18;10;8
7625;41 Construction buildings, development;1994 June;42;9;33
7626;41 Construction buildings, development;1994 2nd quarter;69;22;47
7627;41 Construction buildings, development;1994 July;12;7;5
7628;41 Construction buildings, development;1994 August;15;6;9
7629;41 Construction buildings, development;1994 September;26;14;12
7630;41 Construction buildings, development;1994 3rd quarter;53;27;26
7631;41 Construction buildings, development;1994 October;22;12;10
7632;41 Construction buildings, development;1994 November;13;7;6
7633;41 Construction buildings, development;1994 December;18;10;8
7634;41 Construction buildings, development;1994 4th quarter;53;29;24
7635;41 Construction buildings, development;1994;237;105;132
7636;41 Construction buildings, development;1995 January;19;8;11
7637;41 Construction buildings, development;1995 February;19;6;13
7638;41 Construction buildings, development;1995 March;27;13;14
7639;41 Construction buildings, development;1995 1st quarter;65;27;38
7640;41 Construction buildings, development;1995 April;17;9;8
7641;41 Construction buildings, development;1995 May;22;8;14
7642;41 Construction buildings, development;1995 June;10;6;4
7643;41 Construction buildings, development;1995 2nd quarter;49;23;26
7644;41 Construction buildings, development;1995 July;13;6;7
7645;41 Construction buildings, development;1995 August;16;5;11
7646;41 Construction buildings, development;1995 September;13;7;6
7647;41 Construction buildings, development;1995 3rd quarter;42;18;24
7648;41 Construction buildings, development;1995 October;24;7;17
7649;41 Construction buildings, development;1995 November;16;5;11
7650;41 Construction buildings, development;1995 December;7;3;4
7651;41 Construction buildings, development;1995 4th quarter;47;15;32
7652;41 Construction buildings, development;1995;203;83;120
7653;41 Construction buildings, development;1996 January;16;7;9
7654;41 Construction buildings, development;1996 February;19;8;11
7655;41 Construction buildings, development;1996 March;19;9;10
7656;41 Construction buildings, development;1996 1st quarter;54;24;30
7657;41 Construction buildings, development;1996 April;18;5;13
7658;41 Construction buildings, development;1996 May;16;5;11
7659;41 Construction buildings, development;1996 June;17;9;8
7660;41 Construction buildings, development;1996 2nd quarter;51;19;32
7661;41 Construction buildings, development;1996 July;18;12;6
7662;41 Construction buildings, development;1996 August;23;11;12
7663;41 Construction buildings, development;1996 September;17;14;3
7664;41 Construction buildings, development;1996 3rd quarter;58;37;21
7665;41 Construction buildings, development;1996 October;22;10;12
7666;41 Construction buildings, development;1996 November;12;8;4
7667;41 Construction buildings, development;1996 December;13;6;7
7668;41 Construction buildings, development;1996 4th quarter;47;24;23
7669;41 Construction buildings, development;1996;210;104;106
7670;41 Construction buildings, development;1997 January;11;8;3
7671;41 Construction buildings, development;1997 February;21;10;11
7672;41 Construction buildings, development;1997 March;17;10;7
7673;41 Construction buildings, development;1997 1st quarter;49;28;21
7674;41 Construction buildings, development;1997 April;19;11;8
7675;41 Construction buildings, development;1997 May;24;9;15
7676;41 Construction buildings, development;1997 June;16;8;8
7677;41 Construction buildings, development;1997 2nd quarter;59;28;31
7678;41 Construction buildings, development;1997 July;17;5;12
7679;41 Construction buildings, development;1997 August;9;6;3
7680;41 Construction buildings, development;1997 September;21;7;14
7681;41 Construction buildings, development;1997 3rd quarter;47;18;29
7682;41 Construction buildings, development;1997 October;18;4;14
7683;41 Construction buildings, development;1997 November;23;9;14
7684;41 Construction buildings, development;1997 December;13;5;8
7685;41 Construction buildings, development;1997 4th quarter;54;18;36
7686;41 Construction buildings, development;1997;209;92;117
7687;41 Construction buildings, development;1998 January;20;6;14
7688;41 Construction buildings, development;1998 February;13;5;8
7689;41 Construction buildings, development;1998 March;11;6;5
7690;41 Construction buildings, development;1998 1st quarter;44;17;27
7691;41 Construction buildings, development;1998 April;26;12;14
7692;41 Construction buildings, development;1998 May;6;3;3
7693;41 Construction buildings, development;1998 June;16;8;8
7694;41 Construction buildings, development;1998 2nd quarter;48;23;25
7695;41 Construction buildings, development;1998 July;18;7;11
7696;41 Construction buildings, development;1998 August;13;7;6
7697;41 Construction buildings, development;1998 September;26;12;14
7698;41 Construction buildings, development;1998 3rd quarter;57;26;31
7699;41 Construction buildings, development;1998 October;16;9;7
7700;41 Construction buildings, development;1998 November;11;5;6
7701;41 Construction buildings, development;1998 December;14;4;10
7702;41 Construction buildings, development;1998 4th quarter;41;18;23
7703;41 Construction buildings, development;1998;190;84;106
7704;41 Construction buildings, development;1999 January;13;8;5
7705;41 Construction buildings, development;1999 February;17;4;13
7706;41 Construction buildings, development;1999 March;23;8;15
7707;41 Construction buildings, development;1999 1st quarter;53;20;33
7708;41 Construction buildings, development;1999 April;16;7;9
7709;41 Construction buildings, development;1999 May;13;5;8
7710;41 Construction buildings, development;1999 June;10;8;2
7711;41 Construction buildings, development;1999 2nd quarter;39;20;19
7712;41 Construction buildings, development;1999 July;15;7;8
7713;41 Construction buildings, development;1999 August;10;4;6
7714;41 Construction buildings, development;1999 September;11;4;7
7715;41 Construction buildings, development;1999 3rd quarter;36;15;21
7716;41 Construction buildings, development;1999 October;19;5;14
7717;41 Construction buildings, development;1999 November;9;2;7
7718;41 Construction buildings, development;1999 December;13;8;5
7719;41 Construction buildings, development;1999 4th quarter;41;15;26
7720;41 Construction buildings, development;1999;169;70;99
7721;41 Construction buildings, development;2000 January;16;9;7
7722;41 Construction buildings, development;2000 February;15;6;9
7723;41 Construction buildings, development;2000 March;22;11;11
7724;41 Construction buildings, development;2000 1st quarter;53;26;27
7725;41 Construction buildings, development;2000 April;17;6;11
7726;41 Construction buildings, development;2000 May;13;4;9
7727;41 Construction buildings, development;2000 June;8;2;6
7728;41 Construction buildings, development;2000 2nd quarter;38;12;26
7729;41 Construction buildings, development;2000 July;12;6;6
7730;41 Construction buildings, development;2000 August;16;7;9
7731;41 Construction buildings, development;2000 September;13;7;6
7732;41 Construction buildings, development;2000 3rd quarter;41;20;21
7733;41 Construction buildings, development;2000 October;18;5;13
7734;41 Construction buildings, development;2000 November;25;11;14
7735;41 Construction buildings, development;2000 December;14;6;8
7736;41 Construction buildings, development;2000 4th quarter;57;22;35
7737;41 Construction buildings, development;2000;189;80;109
7738;41 Construction buildings, development;2001 January;21;11;10
7739;41 Construction buildings, development;2001 February;22;6;16
7740;41 Construction buildings, development;2001 March;14;7;7
7741;41 Construction buildings, development;2001 1st quarter;57;24;33
7742;41 Construction buildings, development;2001 April;26;6;20
7743;41 Construction buildings, development;2001 May;17;8;9
7744;41 Construction buildings, development;2001 June;14;5;9
7745;41 Construction buildings, development;2001 2nd quarter;57;19;38
7746;41 Construction buildings, development;2001 July;17;8;9
7747;41 Construction buildings, development;2001 August;21;13;8
7748;41 Construction buildings, development;2001 September;20;11;9
7749;41 Construction buildings, development;2001 3rd quarter;58;32;26
7750;41 Construction buildings, development;2001 October;33;16;17
7751;41 Construction buildings, development;2001 November;19;7;12
7752;41 Construction buildings, development;2001 December;16;7;9
7753;41 Construction buildings, development;2001 4th quarter;68;30;38
7754;41 Construction buildings, development;2001;240;105;135
7755;41 Construction buildings, development;2002 January;19;10;9
7756;41 Construction buildings, development;2002 February;23;8;15
7757;41 Construction buildings, development;2002 March;22;16;6
7758;41 Construction buildings, development;2002 1st quarter;64;34;30
7759;41 Construction buildings, development;2002 April;12;7;5
7760;41 Construction buildings, development;2002 May;15;4;11
7761;41 Construction buildings, development;2002 June;14;5;9
7762;41 Construction buildings, development;2002 2nd quarter;41;16;25
7763;41 Construction buildings, development;2002 July;21;7;14
7764;41 Construction buildings, development;2002 August;18;9;9
7765;41 Construction buildings, development;2002 September;23;9;14
7766;41 Construction buildings, development;2002 3rd quarter;62;25;37
7767;41 Construction buildings, development;2002 October;22;6;16
7768;41 Construction buildings, development;2002 November;14;4;10
7769;41 Construction buildings, development;2002 December;16;7;9
7770;41 Construction buildings, development;2002 4th quarter;52;17;35
7771;41 Construction buildings, development;2002;219;92;127
7772;41 Construction buildings, development;2003 January;17;6;11
7773;41 Construction buildings, development;2003 February;17;5;12
7774;41 Construction buildings, development;2003 March;26;8;18
7775;41 Construction buildings, development;2003 1st quarter;60;19;41
7776;41 Construction buildings, development;2003 April;36;9;27
7777;41 Construction buildings, development;2003 May;20;8;12
7778;41 Construction buildings, development;2003 June;34;12;22
7779;41 Construction buildings, development;2003 2nd quarter;90;29;61
7780;41 Construction buildings, development;2003 July;28;9;19
7781;41 Construction buildings, development;2003 August;16;10;6
7782;41 Construction buildings, development;2003 September;25;7;18
7783;41 Construction buildings, development;2003 3rd quarter;69;26;43
7784;41 Construction buildings, development;2003 October;22;11;11
7785;41 Construction buildings, development;2003 November;19;9;10
7786;41 Construction buildings, development;2003 December;15;5;10
7787;41 Construction buildings, development;2003 4th quarter;56;25;31
7788;41 Construction buildings, development;2003;275;99;176
7789;41 Construction buildings, development;2004 January;16;4;12
7790;41 Construction buildings, development;2004 February;20;7;13
7791;41 Construction buildings, development;2004 March;30;13;17
7792;41 Construction buildings, development;2004 1st quarter;66;24;42
7793;41 Construction buildings, development;2004 April;27;14;13
7794;41 Construction buildings, development;2004 May;20;8;12
7795;41 Construction buildings, development;2004 June;19;7;12
7796;41 Construction buildings, development;2004 2nd quarter;66;29;37
7797;41 Construction buildings, development;2004 July;18;9;9
7798;41 Construction buildings, development;2004 August;19;9;10
7799;41 Construction buildings, development;2004 September;20;9;11
7800;41 Construction buildings, development;2004 3rd quarter;57;27;30
7801;41 Construction buildings, development;2004 October;23;8;15
7802;41 Construction buildings, development;2004 November;32;10;22
7803;41 Construction buildings, development;2004 December;27;7;20
7804;41 Construction buildings, development;2004 4th quarter;82;25;57
7805;41 Construction buildings, development;2004;271;105;166
7806;41 Construction buildings, development;2005 January;29;8;21
7807;41 Construction buildings, development;2005 February;26;10;16
7808;41 Construction buildings, development;2005 March;36;19;17
7809;41 Construction buildings, development;2005 1st quarter;91;37;54
7810;41 Construction buildings, development;2005 April;16;8;8
7811;41 Construction buildings, development;2005 May;24;13;11
7812;41 Construction buildings, development;2005 June;31;10;21
7813;41 Construction buildings, development;2005 2nd quarter;71;31;40
7814;41 Construction buildings, development;2005 July;24;11;13
7815;41 Construction buildings, development;2005 August;28;15;13
7816;41 Construction buildings, development;2005 September;29;20;9
7817;41 Construction buildings, development;2005 3rd quarter;81;46;35
7818;41 Construction buildings, development;2005 October;20;7;13
7819;41 Construction buildings, development;2005 November;26;11;15
7820;41 Construction buildings, development;2005 December;23;11;12
7821;41 Construction buildings, development;2005 4th quarter;69;29;40
7822;41 Construction buildings, development;2005;312;143;169
7823;41 Construction buildings, development;2006 January;19;8;11
7824;41 Construction buildings, development;2006 February;26;16;10
7825;41 Construction buildings, development;2006 March;18;8;10
7826;41 Construction buildings, development;2006 1st quarter;63;32;31
7827;41 Construction buildings, development;2006 April;18;9;9
7828;41 Construction buildings, development;2006 May;27;11;16
7829;41 Construction buildings, development;2006 June;23;9;14
7830;41 Construction buildings, development;2006 2nd quarter;68;29;39
7831;41 Construction buildings, development;2006 July;27;9;18
7832;41 Construction buildings, development;2006 August;47;15;32
7833;41 Construction buildings, development;2006 September;27;9;18
7834;41 Construction buildings, development;2006 3rd quarter;101;33;68
7835;41 Construction buildings, development;2006 October;25;10;15
7836;41 Construction buildings, development;2006 November;22;10;12
7837;41 Construction buildings, development;2006 December;14;3;11
7838;41 Construction buildings, development;2006 4th quarter;61;23;38
7839;41 Construction buildings, development;2006;293;117;176
7840;41 Construction buildings, development;2007 January;20;8;12
7841;41 Construction buildings, development;2007 February;19;2;17
7842;41 Construction buildings, development;2007 March;18;5;13
7843;41 Construction buildings, development;2007 1st quarter;57;15;42
7844;41 Construction buildings, development;2007 April;25;5;20
7845;41 Construction buildings, development;2007 May;17;7;10
7846;41 Construction buildings, development;2007 June;17;10;7
7847;41 Construction buildings, development;2007 2nd quarter;59;22;37
7848;41 Construction buildings, development;2007 July;16;7;9
7849;41 Construction buildings, development;2007 August;23;10;13
7850;41 Construction buildings, development;2007 September;25;6;19
7851;41 Construction buildings, development;2007 3rd quarter;64;23;41
7852;41 Construction buildings, development;2007 October;18;5;13
7853;41 Construction buildings, development;2007 November;21;10;11
7854;41 Construction buildings, development;2007 December;19;6;13
7855;41 Construction buildings, development;2007 4th quarter;58;21;37
7856;41 Construction buildings, development;2007;238;81;157
7857;41 Construction buildings, development;2008 January;21;8;13
7858;41 Construction buildings, development;2008 February;24;7;17
7859;41 Construction buildings, development;2008 March;25;11;14
7860;41 Construction buildings, development;2008 1st quarter;70;26;44
7861;41 Construction buildings, development;2008 April;30;6;24
7862;41 Construction buildings, development;2008 May;13;6;7
7863;41 Construction buildings, development;2008 June;16;3;13
7864;41 Construction buildings, development;2008 2nd quarter;59;15;44
7865;41 Construction buildings, development;2008 July;23;4;19
7866;41 Construction buildings, development;2008 August;16;8;8
7867;41 Construction buildings, development;2008 September;21;5;16
7868;41 Construction buildings, development;2008 3rd quarter;60;17;43
7869;41 Construction buildings, development;2008 October;20;7;13
7870;41 Construction buildings, development;2008 November;19;10;9
7871;41 Construction buildings, development;2008 December;31;6;25
7872;41 Construction buildings, development;2008 4th quarter;70;23;47
7873;41 Construction buildings, development;2008;259;81;178
7874;41 Construction buildings, development;2009 January;33;13;20
7875;41 Construction buildings, development;2009 February;42;5;37
7876;41 Construction buildings, development;2009 March;38;11;27
7877;41 Construction buildings, development;2009 1st quarter;113;29;84
7878;41 Construction buildings, development;2009 April;40;13;27
7879;41 Construction buildings, development;2009 May;42;8;34
7880;41 Construction buildings, development;2009 June;39;12;27
7881;41 Construction buildings, development;2009 2nd quarter;121;33;88
7882;41 Construction buildings, development;2009 July;52;11;41
7883;41 Construction buildings, development;2009 August;22;3;19
7884;41 Construction buildings, development;2009 September;34;11;23
7885;41 Construction buildings, development;2009 3rd quarter;108;25;83
7886;41 Construction buildings, development;2009 October;45;12;33
7887;41 Construction buildings, development;2009 November;41;9;32
7888;41 Construction buildings, development;2009 December;48;12;36
7889;41 Construction buildings, development;2009 4th quarter;134;33;101
7890;41 Construction buildings, development;2009;476;120;356
7891;41 Construction buildings, development;2010 January;39;14;25
7892;41 Construction buildings, development;2010 February;55;4;51
7893;41 Construction buildings, development;2010 March;58;7;51
7894;41 Construction buildings, development;2010 1st quarter;152;25;127
7895;41 Construction buildings, development;2010 April;39;10;29
7896;41 Construction buildings, development;2010 May;34;6;28
7897;41 Construction buildings, development;2010 June;40;11;29
7898;41 Construction buildings, development;2010 2nd quarter;113;27;86
7899;41 Construction buildings, development;2010 July;36;6;30
7900;41 Construction buildings, development;2010 August;33;12;21
7901;41 Construction buildings, development;2010 September;29;7;22
7902;41 Construction buildings, development;2010 3rd quarter;98;25;73
7903;41 Construction buildings, development;2010 October;39;11;28
7904;41 Construction buildings, development;2010 November;35;6;29
7905;41 Construction buildings, development;2010 December;19;2;17
7906;41 Construction buildings, development;2010 4th quarter;93;19;74
7907;41 Construction buildings, development;2010;456;96;360
7908;41 Construction buildings, development;2011 January;39;8;31
7909;41 Construction buildings, development;2011 February;57;6;51
7910;41 Construction buildings, development;2011 March;33;10;23
7911;41 Construction buildings, development;2011 1st quarter;129;24;105
7912;41 Construction buildings, development;2011 April;28;2;26
7913;41 Construction buildings, development;2011 May;32;4;28
7914;41 Construction buildings, development;2011 June;31;7;24
7915;41 Construction buildings, development;2011 2nd quarter;91;13;78
7916;41 Construction buildings, development;2011 July;21;4;17
7917;41 Construction buildings, development;2011 August;36;11;25
7918;41 Construction buildings, development;2011 September;52;8;44
7919;41 Construction buildings, development;2011 3rd quarter;109;23;86
7920;41 Construction buildings, development;2011 October;39;7;32
7921;41 Construction buildings, development;2011 November;46;8;38
7922;41 Construction buildings, development;2011 December;34;7;27
7923;41 Construction buildings, development;2011 4th quarter;119;22;97
7924;41 Construction buildings, development;2011;448;82;366
7925;41 Construction buildings, development;2012 January;51;11;40
7926;41 Construction buildings, development;2012 February;59;11;48
7927;41 Construction buildings, development;2012 March;46;4;42
7928;41 Construction buildings, development;2012 1st quarter;156;26;130
7929;41 Construction buildings, development;2012 April;75;10;65
7930;41 Construction buildings, development;2012 May;66;12;54
7931;41 Construction buildings, development;2012 June;52;7;45
7932;41 Construction buildings, development;2012 2nd quarter;193;29;164
7933;41 Construction buildings, development;2012 July ;70;8;62
7934;41 Construction buildings, development;2012 August;61;9;52
7935;41 Construction buildings, development;2012 September;47;11;36
7936;41 Construction buildings, development;2012 3rd quarter;178;28;150
7937;41 Construction buildings, development;2012 October;63;14;49
7938;41 Construction buildings, development;2012 November;44;7;37
7939;41 Construction buildings, development;2012 December;32;6;26
7940;41 Construction buildings, development;2012 4th quarter;139;27;112
7941;41 Construction buildings, development;2012;666;110;556
7942;41 Construction buildings, development;2013 January;69;13;56
7943;41 Construction buildings, development;2013 February;67;6;61
7944;41 Construction buildings, development;2013 March;66;7;59
7945;41 Construction buildings, development;2013 1st quarter;202;26;176
7946;41 Construction buildings, development;2013 April;64;11;53
7947;41 Construction buildings, development;2013 May;59;8;51
7948;41 Construction buildings, development;2013 June;46;4;42
7949;41 Construction buildings, development;2013 2nd quarter;169;23;146
7950;41 Construction buildings, development;2013 July;47;12;35
7951;41 Construction buildings, development;2013 August;54;7;47
7952;41 Construction buildings, development;2013 September;56;11;45
7953;41 Construction buildings, development;2013 3rd quarter;157;30;127
7954;41 Construction buildings, development;2013 October;51;7;44
7955;41 Construction buildings, development;2013 November;31;6;25
7956;41 Construction buildings, development;2013 December;52;7;45
7957;41 Construction buildings, development;2013 4th quarter;134;20;114
7958;41 Construction buildings, development;2013;662;99;563
7959;41 Construction buildings, development;2014 January;47;8;39
7960;41 Construction buildings, development;2014 February;41;10;31
7961;41 Construction buildings, development;2014 March;33;8;25
7962;41 Construction buildings, development;2014 1st quarter;121;26;95
7963;41 Construction buildings, development;2014 April;50;8;42
7964;42 Civil engineering;1993 January;4;2;2
7965;42 Civil engineering;1993 February;2;1;1
7966;42 Civil engineering;1993 March;2;1;1
7967;42 Civil engineering;1993 1st quarter;8;4;4
7968;42 Civil engineering;1993 April;9;4;5
7969;42 Civil engineering;1993 May;2;1;1
7970;42 Civil engineering;1993 June;3;2;1
7971;42 Civil engineering;1993 2nd quarter;14;7;7
7972;42 Civil engineering;1993 July;4;3;1
7973;42 Civil engineering;1993 August;2;1;1
7974;42 Civil engineering;1993 September;2;1;1
7975;42 Civil engineering;1993 3rd quarter;8;5;3
7976;42 Civil engineering;1993 October;5;2;3
7977;42 Civil engineering;1993 November;5;1;4
7978;42 Civil engineering;1993 December;4;0;4
7979;42 Civil engineering;1993 4th quarter;14;3;11
7980;42 Civil engineering;1993;44;19;25
7981;42 Civil engineering;1994 January;2;0;2
7982;42 Civil engineering;1994 February;3;1;2
7983;42 Civil engineering;1994 March;5;0;5
7984;42 Civil engineering;1994 1st quarter;10;1;9
7985;42 Civil engineering;1994 April;3;2;1
7986;42 Civil engineering;1994 May;4;3;1
7987;42 Civil engineering;1994 June;4;2;2
7988;42 Civil engineering;1994 2nd quarter;11;7;4
7989;42 Civil engineering;1994 July;1;0;1
7990;42 Civil engineering;1994 August;3;1;2
7991;42 Civil engineering;1994 September;5;2;3
7992;42 Civil engineering;1994 3rd quarter;9;3;6
7993;42 Civil engineering;1994 October;3;2;1
7994;42 Civil engineering;1994 November;5;3;2
7995;42 Civil engineering;1994 December;1;0;1
7996;42 Civil engineering;1994 4th quarter;9;5;4
7997;42 Civil engineering;1994;39;16;23
7998;42 Civil engineering;1995 January;2;2;0
7999;42 Civil engineering;1995 February;8;3;5
8000;42 Civil engineering;1995 March;3;1;2
8001;42 Civil engineering;1995 1st quarter;13;6;7
8002;42 Civil engineering;1995 April;1;0;1
8003;42 Civil engineering;1995 May;6;1;5
8004;42 Civil engineering;1995 June;1;1;0
8005;42 Civil engineering;1995 2nd quarter;8;2;6
8006;42 Civil engineering;1995 July;2;1;1
8007;42 Civil engineering;1995 August;2;0;2
8008;42 Civil engineering;1995 September;3;2;1
8009;42 Civil engineering;1995 3rd quarter;7;3;4
8010;42 Civil engineering;1995 October;2;0;2
8011;42 Civil engineering;1995 November;3;2;1
8012;42 Civil engineering;1995 December;1;0;1
8013;42 Civil engineering;1995 4th quarter;6;2;4
8014;42 Civil engineering;1995;34;13;21
8015;42 Civil engineering;1996 January;2;0;2
8016;42 Civil engineering;1996 February;2;1;1
8017;42 Civil engineering;1996 March;1;0;1
8018;42 Civil engineering;1996 1st quarter;5;1;4
8019;42 Civil engineering;1996 April;2;2;0
8020;42 Civil engineering;1996 May;1;1;0
8021;42 Civil engineering;1996 June;6;2;4
8022;42 Civil engineering;1996 2nd quarter;9;5;4
8023;42 Civil engineering;1996 July;0;0;0
8024;42 Civil engineering;1996 August;5;3;2
8025;42 Civil engineering;1996 September;0;0;0
8026;42 Civil engineering;1996 3rd quarter;5;3;2
8027;42 Civil engineering;1996 October;3;1;2
8028;42 Civil engineering;1996 November;5;1;4
8029;42 Civil engineering;1996 December;7;2;5
8030;42 Civil engineering;1996 4th quarter;15;4;11
8031;42 Civil engineering;1996;34;13;21
8032;42 Civil engineering;1997 January;4;0;4
8033;42 Civil engineering;1997 February;1;0;1
8034;42 Civil engineering;1997 March;8;3;5
8035;42 Civil engineering;1997 1st quarter;13;3;10
8036;42 Civil engineering;1997 April;2;1;1
8037;42 Civil engineering;1997 May;5;2;3
8038;42 Civil engineering;1997 June;2;1;1
8039;42 Civil engineering;1997 2nd quarter;9;4;5
8040;42 Civil engineering;1997 July;2;1;1
8041;42 Civil engineering;1997 August;1;0;1
8042;42 Civil engineering;1997 September;6;6;0
8043;42 Civil engineering;1997 3rd quarter;9;7;2
8044;42 Civil engineering;1997 October;1;0;1
8045;42 Civil engineering;1997 November;2;2;0
8046;42 Civil engineering;1997 December;2;2;0
8047;42 Civil engineering;1997 4th quarter;5;4;1
8048;42 Civil engineering;1997;36;18;18
8049;42 Civil engineering;1998 January;0;0;0
8050;42 Civil engineering;1998 February;4;3;1
8051;42 Civil engineering;1998 March;6;3;3
8052;42 Civil engineering;1998 1st quarter;10;6;4
8053;42 Civil engineering;1998 April;4;1;3
8054;42 Civil engineering;1998 May;0;0;0
8055;42 Civil engineering;1998 June;5;3;2
8056;42 Civil engineering;1998 2nd quarter;9;4;5
8057;42 Civil engineering;1998 July;1;1;0
8058;42 Civil engineering;1998 August;1;0;1
8059;42 Civil engineering;1998 September;4;4;0
8060;42 Civil engineering;1998 3rd quarter;6;5;1
8061;42 Civil engineering;1998 October;4;3;1
8062;42 Civil engineering;1998 November;1;0;1
8063;42 Civil engineering;1998 December;1;1;0
8064;42 Civil engineering;1998 4th quarter;6;4;2
8065;42 Civil engineering;1998;31;19;12
8066;42 Civil engineering;1999 January;3;1;2
8067;42 Civil engineering;1999 February;3;0;3
8068;42 Civil engineering;1999 March;1;0;1
8069;42 Civil engineering;1999 1st quarter;7;1;6
8070;42 Civil engineering;1999 April;5;1;4
8071;42 Civil engineering;1999 May;0;0;0
8072;42 Civil engineering;1999 June;2;1;1
8073;42 Civil engineering;1999 2nd quarter;7;2;5
8074;42 Civil engineering;1999 July;5;1;4
8075;42 Civil engineering;1999 August;3;1;2
8076;42 Civil engineering;1999 September;5;1;4
8077;42 Civil engineering;1999 3rd quarter;13;3;10
8078;42 Civil engineering;1999 October;3;0;3
8079;42 Civil engineering;1999 November;0;0;0
8080;42 Civil engineering;1999 December;4;1;3
8081;42 Civil engineering;1999 4th quarter;7;1;6
8082;42 Civil engineering;1999;34;7;27
8083;42 Civil engineering;2000 January;3;3;0
8084;42 Civil engineering;2000 February;5;2;3
8085;42 Civil engineering;2000 March;9;5;4
8086;42 Civil engineering;2000 1st quarter;17;10;7
8087;42 Civil engineering;2000 April;2;1;1
8088;42 Civil engineering;2000 May;2;1;1
8089;42 Civil engineering;2000 June;1;1;0
8090;42 Civil engineering;2000 2nd quarter;5;3;2
8091;42 Civil engineering;2000 July;3;2;1
8092;42 Civil engineering;2000 August;4;2;2
8093;42 Civil engineering;2000 September;1;0;1
8094;42 Civil engineering;2000 3rd quarter;8;4;4
8095;42 Civil engineering;2000 October;0;0;0
8096;42 Civil engineering;2000 November;3;0;3
8097;42 Civil engineering;2000 December;3;1;2
8098;42 Civil engineering;2000 4th quarter;6;1;5
8099;42 Civil engineering;2000;36;18;18
8100;42 Civil engineering;2001 January;4;1;3
8101;42 Civil engineering;2001 February;4;3;1
8102;42 Civil engineering;2001 March;3;2;1
8103;42 Civil engineering;2001 1st quarter;11;6;5
8104;42 Civil engineering;2001 April;2;1;1
8105;42 Civil engineering;2001 May;3;1;2
8106;42 Civil engineering;2001 June;2;1;1
8107;42 Civil engineering;2001 2nd quarter;7;3;4
8108;42 Civil engineering;2001 July;4;0;4
8109;42 Civil engineering;2001 August;2;1;1
8110;42 Civil engineering;2001 September;1;1;0
8111;42 Civil engineering;2001 3rd quarter;7;2;5
8112;42 Civil engineering;2001 October;2;1;1
8113;42 Civil engineering;2001 November;5;1;4
8114;42 Civil engineering;2001 December;0;0;0
8115;42 Civil engineering;2001 4th quarter;7;2;5
8116;42 Civil engineering;2001;32;13;19
8117;42 Civil engineering;2002 January;11;1;10
8118;42 Civil engineering;2002 February;10;1;9
8119;42 Civil engineering;2002 March;1;1;0
8120;42 Civil engineering;2002 1st quarter;22;3;19
8121;42 Civil engineering;2002 April;5;5;0
8122;42 Civil engineering;2002 May;10;3;7
8123;42 Civil engineering;2002 June;2;0;2
8124;42 Civil engineering;2002 2nd quarter;17;8;9
8125;42 Civil engineering;2002 July;5;1;4
8126;42 Civil engineering;2002 August;8;1;7
8127;42 Civil engineering;2002 September;1;1;0
8128;42 Civil engineering;2002 3rd quarter;14;3;11
8129;42 Civil engineering;2002 October;1;1;0
8130;42 Civil engineering;2002 November;3;0;3
8131;42 Civil engineering;2002 December;2;0;2
8132;42 Civil engineering;2002 4th quarter;6;1;5
8133;42 Civil engineering;2002;59;15;44
8134;42 Civil engineering;2003 January;11;4;7
8135;42 Civil engineering;2003 February;6;2;4
8136;42 Civil engineering;2003 March;5;2;3
8137;42 Civil engineering;2003 1st quarter;22;8;14
8138;42 Civil engineering;2003 April;14;5;9
8139;42 Civil engineering;2003 May;9;4;5
8140;42 Civil engineering;2003 June;6;2;4
8141;42 Civil engineering;2003 2nd quarter;29;11;18
8142;42 Civil engineering;2003 July;5;1;4
8143;42 Civil engineering;2003 August;4;3;1
8144;42 Civil engineering;2003 September;8;3;5
8145;42 Civil engineering;2003 3rd quarter;17;7;10
8146;42 Civil engineering;2003 October;6;0;6
8147;42 Civil engineering;2003 November;9;5;4
8148;42 Civil engineering;2003 December;4;1;3
8149;42 Civil engineering;2003 4th quarter;19;6;13
8150;42 Civil engineering;2003;87;32;55
8151;42 Civil engineering;2004 January;4;1;3
8152;42 Civil engineering;2004 February;14;7;7
8153;42 Civil engineering;2004 March;3;2;1
8154;42 Civil engineering;2004 1st quarter;21;10;11
8155;42 Civil engineering;2004 April;6;2;4
8156;42 Civil engineering;2004 May;7;4;3
8157;42 Civil engineering;2004 June;7;3;4
8158;42 Civil engineering;2004 2nd quarter;20;9;11
8159;42 Civil engineering;2004 July;3;1;2
8160;42 Civil engineering;2004 August;8;0;8
8161;42 Civil engineering;2004 September;3;3;0
8162;42 Civil engineering;2004 3rd quarter;14;4;10
8163;42 Civil engineering;2004 October;7;2;5
8164;42 Civil engineering;2004 November;7;3;4
8165;42 Civil engineering;2004 December;5;2;3
8166;42 Civil engineering;2004 4th quarter;19;7;12
8167;42 Civil engineering;2004;74;30;44
8168;42 Civil engineering;2005 January;11;3;8
8169;42 Civil engineering;2005 February;2;0;2
8170;42 Civil engineering;2005 March;6;3;3
8171;42 Civil engineering;2005 1st quarter;19;6;13
8172;42 Civil engineering;2005 April;3;1;2
8173;42 Civil engineering;2005 May;12;3;9
8174;42 Civil engineering;2005 June;7;4;3
8175;42 Civil engineering;2005 2nd quarter;22;8;14
8176;42 Civil engineering;2005 July;3;1;2
8177;42 Civil engineering;2005 August;9;4;5
8178;42 Civil engineering;2005 September;6;3;3
8179;42 Civil engineering;2005 3rd quarter;18;8;10
8180;42 Civil engineering;2005 October;1;1;0
8181;42 Civil engineering;2005 November;5;1;4
8182;42 Civil engineering;2005 December;9;4;5
8183;42 Civil engineering;2005 4th quarter;15;6;9
8184;42 Civil engineering;2005;74;28;46
8185;42 Civil engineering;2006 January;6;1;5
8186;42 Civil engineering;2006 February;3;1;2
8187;42 Civil engineering;2006 March;6;1;5
8188;42 Civil engineering;2006 1st quarter;15;3;12
8189;42 Civil engineering;2006 April;7;3;4
8190;42 Civil engineering;2006 May;4;3;1
8191;42 Civil engineering;2006 June;3;2;1
8192;42 Civil engineering;2006 2nd quarter;14;8;6
8193;42 Civil engineering;2006 July;2;0;2
8194;42 Civil engineering;2006 August;3;1;2
8195;42 Civil engineering;2006 September;4;1;3
8196;42 Civil engineering;2006 3rd quarter;9;2;7
8197;42 Civil engineering;2006 October;2;1;1
8198;42 Civil engineering;2006 November;7;1;6
8199;42 Civil engineering;2006 December;1;0;1
8200;42 Civil engineering;2006 4th quarter;10;2;8
8201;42 Civil engineering;2006;48;15;33
8202;42 Civil engineering;2007 January;2;1;1
8203;42 Civil engineering;2007 February;6;3;3
8204;42 Civil engineering;2007 March;3;1;2
8205;42 Civil engineering;2007 1st quarter;11;5;6
8206;42 Civil engineering;2007 April;5;1;4
8207;42 Civil engineering;2007 May;1;0;1
8208;42 Civil engineering;2007 June;2;0;2
8209;42 Civil engineering;2007 2nd quarter;8;1;7
8210;42 Civil engineering;2007 July;2;2;0
8211;42 Civil engineering;2007 August;6;2;4
8212;42 Civil engineering;2007 September;3;1;2
8213;42 Civil engineering;2007 3rd quarter;11;5;6
8214;42 Civil engineering;2007 October;1;1;0
8215;42 Civil engineering;2007 November;2;0;2
8216;42 Civil engineering;2007 December;4;2;2
8217;42 Civil engineering;2007 4th quarter;7;3;4
8218;42 Civil engineering;2007;37;14;23
8219;42 Civil engineering;2008 January;3;1;2
8220;42 Civil engineering;2008 February;3;2;1
8221;42 Civil engineering;2008 March;3;1;2
8222;42 Civil engineering;2008 1st quarter;9;4;5
8223;42 Civil engineering;2008 April;5;2;3
8224;42 Civil engineering;2008 May;0;0;0
8225;42 Civil engineering;2008 June;1;1;0
8226;42 Civil engineering;2008 2nd quarter;6;3;3
8227;42 Civil engineering;2008 July;0;0;0
8228;42 Civil engineering;2008 August;5;4;1
8229;42 Civil engineering;2008 September;8;1;7
8230;42 Civil engineering;2008 3rd quarter;13;5;8
8231;42 Civil engineering;2008 October;3;2;1
8232;42 Civil engineering;2008 November;3;1;2
8233;42 Civil engineering;2008 December;0;0;0
8234;42 Civil engineering;2008 4th quarter;6;3;3
8235;42 Civil engineering;2008;34;15;19
8236;42 Civil engineering;2009 January;9;4;5
8237;42 Civil engineering;2009 February;1;0;1
8238;42 Civil engineering;2009 March;3;1;2
8239;42 Civil engineering;2009 1st quarter;13;5;8
8240;42 Civil engineering;2009 April;5;0;5
8241;42 Civil engineering;2009 May;5;4;1
8242;42 Civil engineering;2009 June;2;1;1
8243;42 Civil engineering;2009 2nd quarter;12;5;7
8244;42 Civil engineering;2009 July;4;0;4
8245;42 Civil engineering;2009 August;1;0;1
8246;42 Civil engineering;2009 September;5;2;3
8247;42 Civil engineering;2009 3rd quarter;10;2;8
8248;42 Civil engineering;2009 October;11;3;8
8249;42 Civil engineering;2009 November;5;2;3
8250;42 Civil engineering;2009 December;7;2;5
8251;42 Civil engineering;2009 4th quarter;23;7;16
8252;42 Civil engineering;2009;58;19;39
8253;42 Civil engineering;2010 January;2;1;1
8254;42 Civil engineering;2010 February;4;2;2
8255;42 Civil engineering;2010 March;2;1;1
8256;42 Civil engineering;2010 1st quarter;8;4;4
8257;42 Civil engineering;2010 April;3;1;2
8258;42 Civil engineering;2010 May;1;0;1
8259;42 Civil engineering;2010 June;3;2;1
8260;42 Civil engineering;2010 2nd quarter;7;3;4
8261;42 Civil engineering;2010 July;8;2;6
8262;42 Civil engineering;2010 August;10;7;3
8263;42 Civil engineering;2010 September;6;1;5
8264;42 Civil engineering;2010 3rd quarter;24;10;14
8265;42 Civil engineering;2010 October;5;1;4
8266;42 Civil engineering;2010 November;5;0;5
8267;42 Civil engineering;2010 December;8;2;6
8268;42 Civil engineering;2010 4th quarter;18;3;15
8269;42 Civil engineering;2010;57;20;37
8270;42 Civil engineering;2011 January;15;5;10
8271;42 Civil engineering;2011 February;8;0;8
8272;42 Civil engineering;2011 March;5;3;2
8273;42 Civil engineering;2011 1st quarter;28;8;20
8274;42 Civil engineering;2011 April;7;1;6
8275;42 Civil engineering;2011 May;4;1;3
8276;42 Civil engineering;2011 June;4;2;2
8277;42 Civil engineering;2011 2nd quarter;15;4;11
8278;42 Civil engineering;2011 July;6;1;5
8279;42 Civil engineering;2011 August;9;2;7
8280;42 Civil engineering;2011 September;10;1;9
8281;42 Civil engineering;2011 3rd quarter;25;4;21
8282;42 Civil engineering;2011 October;3;1;2
8283;42 Civil engineering;2011 November;8;4;4
8284;42 Civil engineering;2011 December;3;0;3
8285;42 Civil engineering;2011 4th quarter;14;5;9
8286;42 Civil engineering;2011;82;21;61
8287;42 Civil engineering;2012 January;4;0;4
8288;42 Civil engineering;2012 February;10;3;7
8289;42 Civil engineering;2012 March;6;3;3
8290;42 Civil engineering;2012 1st quarter;20;6;14
8291;42 Civil engineering;2012 April;15;3;12
8292;42 Civil engineering;2012 May;9;0;9
8293;42 Civil engineering;2012 June;8;1;7
8294;42 Civil engineering;2012 2nd quarter;32;4;28
8295;42 Civil engineering;2012 July ;10;1;9
8296;42 Civil engineering;2012 August;0;0;0
8297;42 Civil engineering;2012 September;6;0;6
8298;42 Civil engineering;2012 3rd quarter;16;1;15
8299;42 Civil engineering;2012 October;16;1;15
8300;42 Civil engineering;2012 November;7;3;4
8301;42 Civil engineering;2012 December;4;2;2
8302;42 Civil engineering;2012 4th quarter;27;6;21
8303;42 Civil engineering;2012;95;17;78
8304;42 Civil engineering;2013 January;2;0;2
8305;42 Civil engineering;2013 February;20;3;17
8306;42 Civil engineering;2013 March;6;1;5
8307;42 Civil engineering;2013 1st quarter;28;4;24
8308;42 Civil engineering;2013 April;6;1;5
8309;42 Civil engineering;2013 May;10;2;8
8310;42 Civil engineering;2013 June;11;2;9
8311;42 Civil engineering;2013 2nd quarter;27;5;22
8312;42 Civil engineering;2013 July;7;3;4
8313;42 Civil engineering;2013 August;1;1;0
8314;42 Civil engineering;2013 September;7;0;7
8315;42 Civil engineering;2013 3rd quarter;15;4;11
8316;42 Civil engineering;2013 October;7;2;5
8317;42 Civil engineering;2013 November;7;2;5
8318;42 Civil engineering;2013 December;5;1;4
8319;42 Civil engineering;2013 4th quarter;19;5;14
8320;42 Civil engineering;2013;89;18;71
8321;42 Civil engineering;2014 January;2;0;2
8322;42 Civil engineering;2014 February;4;1;3
8323;42 Civil engineering;2014 March;10;1;9
8324;42 Civil engineering;2014 1st quarter;16;2;14
8325;42 Civil engineering;2014 April;8;2;6
8326;43 Specialised construction activities;1993 January;21;14;7
8327;43 Specialised construction activities;1993 February;39;19;20
8328;43 Specialised construction activities;1993 March;51;26;25
8329;43 Specialised construction activities;1993 1st quarter;111;59;52
8330;43 Specialised construction activities;1993 April;32;15;17
8331;43 Specialised construction activities;1993 May;22;9;13
8332;43 Specialised construction activities;1993 June;32;14;18
8333;43 Specialised construction activities;1993 2nd quarter;86;38;48
8334;43 Specialised construction activities;1993 July;32;15;17
8335;43 Specialised construction activities;1993 August;31;16;15
8336;43 Specialised construction activities;1993 September;38;21;17
8337;43 Specialised construction activities;1993 3rd quarter;101;52;49
8338;43 Specialised construction activities;1993 October;32;17;15
8339;43 Specialised construction activities;1993 November;36;25;11
8340;43 Specialised construction activities;1993 December;48;31;17
8341;43 Specialised construction activities;1993 4th quarter;116;73;43
8342;43 Specialised construction activities;1993;414;222;192
8343;43 Specialised construction activities;1994 January;50;19;31
8344;43 Specialised construction activities;1994 February;35;12;23
8345;43 Specialised construction activities;1994 March;52;28;24
8346;43 Specialised construction activities;1994 1st quarter;137;59;78
8347;43 Specialised construction activities;1994 April;33;12;21
8348;43 Specialised construction activities;1994 May;36;22;14
8349;43 Specialised construction activities;1994 June;43;21;22
8350;43 Specialised construction activities;1994 2nd quarter;112;55;57
8351;43 Specialised construction activities;1994 July;24;14;10
8352;43 Specialised construction activities;1994 August;38;24;14
8353;43 Specialised construction activities;1994 September;35;22;13
8354;43 Specialised construction activities;1994 3rd quarter;97;60;37
8355;43 Specialised construction activities;1994 October;31;14;17
8356;43 Specialised construction activities;1994 November;36;17;19
8357;43 Specialised construction activities;1994 December;19;6;13
8358;43 Specialised construction activities;1994 4th quarter;86;37;49
8359;43 Specialised construction activities;1994;432;211;221
8360;43 Specialised construction activities;1995 January;32;18;14
8361;43 Specialised construction activities;1995 February;37;16;21
8362;43 Specialised construction activities;1995 March;38;22;16
8363;43 Specialised construction activities;1995 1st quarter;107;56;51
8364;43 Specialised construction activities;1995 April;40;21;19
8365;43 Specialised construction activities;1995 May;18;7;11
8366;43 Specialised construction activities;1995 June;30;20;10
8367;43 Specialised construction activities;1995 2nd quarter;88;48;40
8368;43 Specialised construction activities;1995 July;28;17;11
8369;43 Specialised construction activities;1995 August;27;15;12
8370;43 Specialised construction activities;1995 September;27;15;12
8371;43 Specialised construction activities;1995 3rd quarter;82;47;35
8372;43 Specialised construction activities;1995 October;31;19;12
8373;43 Specialised construction activities;1995 November;29;18;11
8374;43 Specialised construction activities;1995 December;26;15;11
8375;43 Specialised construction activities;1995 4th quarter;86;52;34
8376;43 Specialised construction activities;1995;363;203;160
8377;43 Specialised construction activities;1996 January;38;19;19
8378;43 Specialised construction activities;1996 February;34;21;13
8379;43 Specialised construction activities;1996 March;32;13;19
8380;43 Specialised construction activities;1996 1st quarter;104;53;51
8381;43 Specialised construction activities;1996 April;37;22;15
8382;43 Specialised construction activities;1996 May;39;25;14
8383;43 Specialised construction activities;1996 June;25;13;12
8384;43 Specialised construction activities;1996 2nd quarter;101;60;41
8385;43 Specialised construction activities;1996 July;26;15;11
8386;43 Specialised construction activities;1996 August;33;21;12
8387;43 Specialised construction activities;1996 September;38;21;17
8388;43 Specialised construction activities;1996 3rd quarter;97;57;40
8389;43 Specialised construction activities;1996 October;21;11;10
8390;43 Specialised construction activities;1996 November;34;16;18
8391;43 Specialised construction activities;1996 December;23;13;10
8392;43 Specialised construction activities;1996 4th quarter;78;40;38
8393;43 Specialised construction activities;1996;380;210;170
8394;43 Specialised construction activities;1997 January;25;14;11
8395;43 Specialised construction activities;1997 February;33;11;22
8396;43 Specialised construction activities;1997 March;22;12;10
8397;43 Specialised construction activities;1997 1st quarter;80;37;43
8398;43 Specialised construction activities;1997 April;23;12;11
8399;43 Specialised construction activities;1997 May;28;14;14
8400;43 Specialised construction activities;1997 June;20;8;12
8401;43 Specialised construction activities;1997 2nd quarter;71;34;37
8402;43 Specialised construction activities;1997 July;29;18;11
8403;43 Specialised construction activities;1997 August;23;12;11
8404;43 Specialised construction activities;1997 September;39;19;20
8405;43 Specialised construction activities;1997 3rd quarter;91;49;42
8406;43 Specialised construction activities;1997 October;28;16;12
8407;43 Specialised construction activities;1997 November;35;18;17
8408;43 Specialised construction activities;1997 December;30;16;14
8409;43 Specialised construction activities;1997 4th quarter;93;50;43
8410;43 Specialised construction activities;1997;335;170;165
8411;43 Specialised construction activities;1998 January;32;17;15
8412;43 Specialised construction activities;1998 February;19;11;8
8413;43 Specialised construction activities;1998 March;33;17;16
8414;43 Specialised construction activities;1998 1st quarter;84;45;39
8415;43 Specialised construction activities;1998 April;32;20;12
8416;43 Specialised construction activities;1998 May;30;16;14
8417;43 Specialised construction activities;1998 June;33;20;13
8418;43 Specialised construction activities;1998 2nd quarter;95;56;39
8419;43 Specialised construction activities;1998 July;26;10;16
8420;43 Specialised construction activities;1998 August;32;21;11
8421;43 Specialised construction activities;1998 September;41;23;18
8422;43 Specialised construction activities;1998 3rd quarter;99;54;45
8423;43 Specialised construction activities;1998 October;20;8;12
8424;43 Specialised construction activities;1998 November;30;7;23
8425;43 Specialised construction activities;1998 December;22;10;12
8426;43 Specialised construction activities;1998 4th quarter;72;25;47
8427;43 Specialised construction activities;1998;350;180;170
8428;43 Specialised construction activities;1999 January;21;11;10
8429;43 Specialised construction activities;1999 February;22;9;13
8430;43 Specialised construction activities;1999 March;36;17;19
8431;43 Specialised construction activities;1999 1st quarter;79;37;42
8432;43 Specialised construction activities;1999 April;29;11;18
8433;43 Specialised construction activities;1999 May;18;7;11
8434;43 Specialised construction activities;1999 June;30;13;17
8435;43 Specialised construction activities;1999 2nd quarter;77;31;46
8436;43 Specialised construction activities;1999 July;13;10;3
8437;43 Specialised construction activities;1999 August;27;14;13
8438;43 Specialised construction activities;1999 September;19;10;9
8439;43 Specialised construction activities;1999 3rd quarter;59;34;25
8440;43 Specialised construction activities;1999 October;20;9;11
8441;43 Specialised construction activities;1999 November;26;10;16
8442;43 Specialised construction activities;1999 December;17;7;10
8443;43 Specialised construction activities;1999 4th quarter;63;26;37
8444;43 Specialised construction activities;1999;278;128;150
8445;43 Specialised construction activities;2000 January;23;9;14
8446;43 Specialised construction activities;2000 February;20;8;12
8447;43 Specialised construction activities;2000 March;29;11;18
8448;43 Specialised construction activities;2000 1st quarter;72;28;44
8449;43 Specialised construction activities;2000 April;21;10;11
8450;43 Specialised construction activities;2000 May;32;14;18
8451;43 Specialised construction activities;2000 June;22;7;15
8452;43 Specialised construction activities;2000 2nd quarter;75;31;44
8453;43 Specialised construction activities;2000 July;16;11;5
8454;43 Specialised construction activities;2000 August;27;13;14
8455;43 Specialised construction activities;2000 September;28;14;14
8456;43 Specialised construction activities;2000 3rd quarter;71;38;33
8457;43 Specialised construction activities;2000 October;34;14;20
8458;43 Specialised construction activities;2000 November;34;16;18
8459;43 Specialised construction activities;2000 December;29;17;12
8460;43 Specialised construction activities;2000 4th quarter;97;47;50
8461;43 Specialised construction activities;2000;315;144;171
8462;43 Specialised construction activities;2001 January;34;12;22
8463;43 Specialised construction activities;2001 February;23;6;17
8464;43 Specialised construction activities;2001 March;37;15;22
8465;43 Specialised construction activities;2001 1st quarter;94;33;61
8466;43 Specialised construction activities;2001 April;42;22;20
8467;43 Specialised construction activities;2001 May;40;18;22
8468;43 Specialised construction activities;2001 June;27;11;16
8469;43 Specialised construction activities;2001 2nd quarter;109;51;58
8470;43 Specialised construction activities;2001 July;31;14;17
8471;43 Specialised construction activities;2001 August;38;20;18
8472;43 Specialised construction activities;2001 September;32;14;18
8473;43 Specialised construction activities;2001 3rd quarter;101;48;53
8474;43 Specialised construction activities;2001 October;28;15;13
8475;43 Specialised construction activities;2001 November;31;12;19
8476;43 Specialised construction activities;2001 December;19;9;10
8477;43 Specialised construction activities;2001 4th quarter;78;36;42
8478;43 Specialised construction activities;2001;382;168;214
8479;43 Specialised construction activities;2002 January;38;20;18
8480;43 Specialised construction activities;2002 February;25;12;13
8481;43 Specialised construction activities;2002 March;20;5;15
8482;43 Specialised construction activities;2002 1st quarter;83;37;46
8483;43 Specialised construction activities;2002 April;28;9;19
8484;43 Specialised construction activities;2002 May;31;14;17
8485;43 Specialised construction activities;2002 June;35;11;24
8486;43 Specialised construction activities;2002 2nd quarter;94;34;60
8487;43 Specialised construction activities;2002 July;29;13;16
8488;43 Specialised construction activities;2002 August;22;12;10
8489;43 Specialised construction activities;2002 September;25;9;16
8490;43 Specialised construction activities;2002 3rd quarter;76;34;42
8491;43 Specialised construction activities;2002 October;35;18;17
8492;43 Specialised construction activities;2002 November;26;8;18
8493;43 Specialised construction activities;2002 December;27;8;19
8494;43 Specialised construction activities;2002 4th quarter;88;34;54
8495;43 Specialised construction activities;2002;341;139;202
8496;43 Specialised construction activities;2003 January;40;17;23
8497;43 Specialised construction activities;2003 February;40;12;28
8498;43 Specialised construction activities;2003 March;45;21;24
8499;43 Specialised construction activities;2003 1st quarter;125;50;75
8500;43 Specialised construction activities;2003 April;59;21;38
8501;43 Specialised construction activities;2003 May;66;18;48
8502;43 Specialised construction activities;2003 June;46;14;32
8503;43 Specialised construction activities;2003 2nd quarter;171;53;118
8504;43 Specialised construction activities;2003 July;35;19;16
8505;43 Specialised construction activities;2003 August;37;20;17
8506;43 Specialised construction activities;2003 September;46;18;28
8507;43 Specialised construction activities;2003 3rd quarter;118;57;61
8508;43 Specialised construction activities;2003 October;42;17;25
8509;43 Specialised construction activities;2003 November;34;18;16
8510;43 Specialised construction activities;2003 December;46;20;26
8511;43 Specialised construction activities;2003 4th quarter;122;55;67
8512;43 Specialised construction activities;2003;536;215;321
8513;43 Specialised construction activities;2004 January;42;15;27
8514;43 Specialised construction activities;2004 February;43;17;26
8515;43 Specialised construction activities;2004 March;61;25;36
8516;43 Specialised construction activities;2004 1st quarter;146;57;89
8517;43 Specialised construction activities;2004 April;43;20;23
8518;43 Specialised construction activities;2004 May;38;18;20
8519;43 Specialised construction activities;2004 June;45;26;19
8520;43 Specialised construction activities;2004 2nd quarter;126;64;62
8521;43 Specialised construction activities;2004 July;31;15;16
8522;43 Specialised construction activities;2004 August;51;16;35
8523;43 Specialised construction activities;2004 September;44;15;29
8524;43 Specialised construction activities;2004 3rd quarter;126;46;80
8525;43 Specialised construction activities;2004 October;31;13;18
8526;43 Specialised construction activities;2004 November;55;23;32
8527;43 Specialised construction activities;2004 December;45;25;20
8528;43 Specialised construction activities;2004 4th quarter;131;61;70
8529;43 Specialised construction activities;2004;529;228;301
8530;43 Specialised construction activities;2005 January;46;22;24
8531;43 Specialised construction activities;2005 February;44;23;21
8532;43 Specialised construction activities;2005 March;60;21;39
8533;43 Specialised construction activities;2005 1st quarter;150;66;84
8534;43 Specialised construction activities;2005 April;38;18;20
8535;43 Specialised construction activities;2005 May;58;33;25
8536;43 Specialised construction activities;2005 June;59;27;32
8537;43 Specialised construction activities;2005 2nd quarter;155;78;77
8538;43 Specialised construction activities;2005 July;40;20;20
8539;43 Specialised construction activities;2005 August;33;18;15
8540;43 Specialised construction activities;2005 September;39;8;31
8541;43 Specialised construction activities;2005 3rd quarter;112;46;66
8542;43 Specialised construction activities;2005 October;38;19;19
8543;43 Specialised construction activities;2005 November;34;16;18
8544;43 Specialised construction activities;2005 December;39;16;23
8545;43 Specialised construction activities;2005 4th quarter;111;51;60
8546;43 Specialised construction activities;2005;528;241;287
8547;43 Specialised construction activities;2006 January;38;21;17
8548;43 Specialised construction activities;2006 February;29;15;14
8549;43 Specialised construction activities;2006 March;48;18;30
8550;43 Specialised construction activities;2006 1st quarter;115;54;61
8551;43 Specialised construction activities;2006 April;28;19;9
8552;43 Specialised construction activities;2006 May;42;21;21
8553;43 Specialised construction activities;2006 June;36;16;20
8554;43 Specialised construction activities;2006 2nd quarter;106;56;50
8555;43 Specialised construction activities;2006 July;48;17;31
8556;43 Specialised construction activities;2006 August;48;29;19
8557;43 Specialised construction activities;2006 September;39;17;22
8558;43 Specialised construction activities;2006 3rd quarter;135;63;72
8559;43 Specialised construction activities;2006 October;29;11;18
8560;43 Specialised construction activities;2006 November;38;10;28
8561;43 Specialised construction activities;2006 December;18;7;11
8562;43 Specialised construction activities;2006 4th quarter;85;28;57
8563;43 Specialised construction activities;2006;441;201;240
8564;43 Specialised construction activities;2007 January;26;8;18
8565;43 Specialised construction activities;2007 February;27;9;18
8566;43 Specialised construction activities;2007 March;48;17;31
8567;43 Specialised construction activities;2007 1st quarter;101;34;67
8568;43 Specialised construction activities;2007 April;25;11;14
8569;43 Specialised construction activities;2007 May;34;12;22
8570;43 Specialised construction activities;2007 June;24;10;14
8571;43 Specialised construction activities;2007 2nd quarter;83;33;50
8572;43 Specialised construction activities;2007 July;31;16;15
8573;43 Specialised construction activities;2007 August;39;16;23
8574;43 Specialised construction activities;2007 September;31;10;21
8575;43 Specialised construction activities;2007 3rd quarter;101;42;59
8576;43 Specialised construction activities;2007 October;29;20;9
8577;43 Specialised construction activities;2007 November;27;12;15
8578;43 Specialised construction activities;2007 December;21;13;8
8579;43 Specialised construction activities;2007 4th quarter;77;45;32
8580;43 Specialised construction activities;2007;362;154;208
8581;43 Specialised construction activities;2008 January;33;9;24
8582;43 Specialised construction activities;2008 February;23;10;13
8583;43 Specialised construction activities;2008 March;24;7;17
8584;43 Specialised construction activities;2008 1st quarter;80;26;54
8585;43 Specialised construction activities;2008 April;39;17;22
8586;43 Specialised construction activities;2008 May;22;11;11
8587;43 Specialised construction activities;2008 June;20;12;8
8588;43 Specialised construction activities;2008 2nd quarter;81;40;41
8589;43 Specialised construction activities;2008 July;30;16;14
8590;43 Specialised construction activities;2008 August;24;10;14
8591;43 Specialised construction activities;2008 September;33;8;25
8592;43 Specialised construction activities;2008 3rd quarter;87;34;53
8593;43 Specialised construction activities;2008 October;34;10;24
8594;43 Specialised construction activities;2008 November;46;9;37
8595;43 Specialised construction activities;2008 December;38;9;29
8596;43 Specialised construction activities;2008 4th quarter;118;28;90
8597;43 Specialised construction activities;2008;366;128;238
8598;43 Specialised construction activities;2009 January;41;16;25
8599;43 Specialised construction activities;2009 February;38;10;28
8600;43 Specialised construction activities;2009 March;54;12;42
8601;43 Specialised construction activities;2009 1st quarter;133;38;95
8602;43 Specialised construction activities;2009 April;44;21;23
8603;43 Specialised construction activities;2009 May;37;18;19
8604;43 Specialised construction activities;2009 June;46;20;26
8605;43 Specialised construction activities;2009 2nd quarter;127;59;68
8606;43 Specialised construction activities;2009 July;44;13;31
8607;43 Specialised construction activities;2009 August;40;11;29
8608;43 Specialised construction activities;2009 September;55;17;38
8609;43 Specialised construction activities;2009 3rd quarter;139;41;98
8610;43 Specialised construction activities;2009 October;39;10;29
8611;43 Specialised construction activities;2009 November;49;12;37
8612;43 Specialised construction activities;2009 December;43;9;34
8613;43 Specialised construction activities;2009 4th quarter;131;31;100
8614;43 Specialised construction activities;2009;530;169;361
8615;43 Specialised construction activities;2010 January;42;18;24
8616;43 Specialised construction activities;2010 February;62;21;41
8617;43 Specialised construction activities;2010 March;88;26;62
8618;43 Specialised construction activities;2010 1st quarter;192;65;127
8619;43 Specialised construction activities;2010 April;51;17;34
8620;43 Specialised construction activities;2010 May;44;18;26
8621;43 Specialised construction activities;2010 June;86;21;65
8622;43 Specialised construction activities;2010 2nd quarter;181;56;125
8623;43 Specialised construction activities;2010 July;41;7;34
8624;43 Specialised construction activities;2010 August;43;10;33
8625;43 Specialised construction activities;2010 September;53;12;41
8626;43 Specialised construction activities;2010 3rd quarter;137;29;108
8627;43 Specialised construction activities;2010 October;48;11;37
8628;43 Specialised construction activities;2010 November;46;12;34
8629;43 Specialised construction activities;2010 December;42;8;34
8630;43 Specialised construction activities;2010 4th quarter;136;31;105
8631;43 Specialised construction activities;2010;646;181;465
8632;43 Specialised construction activities;2011 January;49;16;33
8633;43 Specialised construction activities;2011 February;47;14;33
8634;43 Specialised construction activities;2011 March;49;7;42
8635;43 Specialised construction activities;2011 1st quarter;145;37;108
8636;43 Specialised construction activities;2011 April;47;12;35
8637;43 Specialised construction activities;2011 May;46;13;33
8638;43 Specialised construction activities;2011 June;36;10;26
8639;43 Specialised construction activities;2011 2nd quarter;129;35;94
8640;43 Specialised construction activities;2011 July;37;8;29
8641;43 Specialised construction activities;2011 August;52;16;36
8642;43 Specialised construction activities;2011 September;68;10;58
8643;43 Specialised construction activities;2011 3rd quarter;157;34;123
8644;43 Specialised construction activities;2011 October;72;13;59
8645;43 Specialised construction activities;2011 November;63;17;46
8646;43 Specialised construction activities;2011 December;52;14;38
8647;43 Specialised construction activities;2011 4th quarter;187;44;143
8648;43 Specialised construction activities;2011;618;150;468
8649;43 Specialised construction activities;2012 January;66;16;50
8650;43 Specialised construction activities;2012 February;73;20;53
8651;43 Specialised construction activities;2012 March;65;19;46
8652;43 Specialised construction activities;2012 1st quarter;204;55;149
8653;43 Specialised construction activities;2012 April;53;11;42
8654;43 Specialised construction activities;2012 May;56;12;44
8655;43 Specialised construction activities;2012 June;65;10;55
8656;43 Specialised construction activities;2012 2nd quarter;174;33;141
8657;43 Specialised construction activities;2012 July ;67;15;52
8658;43 Specialised construction activities;2012 August;46;11;35
8659;43 Specialised construction activities;2012 September;56;9;47
8660;43 Specialised construction activities;2012 3rd quarter;169;35;134
8661;43 Specialised construction activities;2012 October;82;26;56
8662;43 Specialised construction activities;2012 November;73;22;51
8663;43 Specialised construction activities;2012 December;63;15;48
8664;43 Specialised construction activities;2012 4th quarter;218;63;155
8665;43 Specialised construction activities;2012;765;186;579
8666;43 Specialised construction activities;2013 January;77;19;58
8667;43 Specialised construction activities;2013 February;89;14;75
8668;43 Specialised construction activities;2013 March;118;22;96
8669;43 Specialised construction activities;2013 1st quarter;284;55;229
8670;43 Specialised construction activities;2013 April;96;15;81
8671;43 Specialised construction activities;2013 May;96;18;78
8672;43 Specialised construction activities;2013 June;84;8;76
8673;43 Specialised construction activities;2013 2nd quarter;276;41;235
8674;43 Specialised construction activities;2013 July;68;15;53
8675;43 Specialised construction activities;2013 August;62;10;52
8676;43 Specialised construction activities;2013 September;70;21;49
8677;43 Specialised construction activities;2013 3rd quarter;200;46;154
8678;43 Specialised construction activities;2013 October;61;13;48
8679;43 Specialised construction activities;2013 November;44;10;34
8680;43 Specialised construction activities;2013 December;42;9;33
8681;43 Specialised construction activities;2013 4th quarter;147;32;115
8682;43 Specialised construction activities;2013;907;174;733
8683;43 Specialised construction activities;2014 January;59;19;40
8684;43 Specialised construction activities;2014 February;51;7;44
8685;43 Specialised construction activities;2014 March;46;3;43
8686;43 Specialised construction activities;2014 1st quarter;156;29;127
8687;43 Specialised construction activities;2014 April;65;15;50
8688;G Wholesale and retail trade;1993 January;124;58;66
8689;G Wholesale and retail trade;1993 February;97;34;63
8690;G Wholesale and retail trade;1993 March;165;62;103
8691;G Wholesale and retail trade;1993 1st quarter;386;154;232
8692;G Wholesale and retail trade;1993 April;139;64;75
8693;G Wholesale and retail trade;1993 May;118;43;75
8694;G Wholesale and retail trade;1993 June;155;71;84
8695;G Wholesale and retail trade;1993 2nd quarter;412;178;234
8696;G Wholesale and retail trade;1993 July;137;55;82
8697;G Wholesale and retail trade;1993 August;143;60;83
8698;G Wholesale and retail trade;1993 September;159;66;93
8699;G Wholesale and retail trade;1993 3rd quarter;439;181;258
8700;G Wholesale and retail trade;1993 October;130;68;62
8701;G Wholesale and retail trade;1993 November;147;72;75
8702;G Wholesale and retail trade;1993 December;134;60;74
8703;G Wholesale and retail trade;1993 4th quarter;411;200;211
8704;G Wholesale and retail trade;1993;1648;713;935
8705;G Wholesale and retail trade;1994 January;132;55;77
8706;G Wholesale and retail trade;1994 February;138;57;81
8707;G Wholesale and retail trade;1994 March;169;78;91
8708;G Wholesale and retail trade;1994 1st quarter;439;190;249
8709;G Wholesale and retail trade;1994 April;116;62;54
8710;G Wholesale and retail trade;1994 May;107;46;61
8711;G Wholesale and retail trade;1994 June;124;51;73
8712;G Wholesale and retail trade;1994 2nd quarter;347;159;188
8713;G Wholesale and retail trade;1994 July;124;53;71
8714;G Wholesale and retail trade;1994 August;153;75;78
8715;G Wholesale and retail trade;1994 September;136;63;73
8716;G Wholesale and retail trade;1994 3rd quarter;413;191;222
8717;G Wholesale and retail trade;1994 October;117;52;65
8718;G Wholesale and retail trade;1994 November;170;73;97
8719;G Wholesale and retail trade;1994 December;127;61;66
8720;G Wholesale and retail trade;1994 4th quarter;414;186;228
8721;G Wholesale and retail trade;1994;1613;726;887
8722;G Wholesale and retail trade;1995 January;127;61;66
8723;G Wholesale and retail trade;1995 February;130;69;61
8724;G Wholesale and retail trade;1995 March;125;61;64
8725;G Wholesale and retail trade;1995 1st quarter;382;191;191
8726;G Wholesale and retail trade;1995 April;124;55;69
8727;G Wholesale and retail trade;1995 May;121;54;67
8728;G Wholesale and retail trade;1995 June;118;51;67
8729;G Wholesale and retail trade;1995 2nd quarter;363;160;203
8730;G Wholesale and retail trade;1995 July;128;58;70
8731;G Wholesale and retail trade;1995 August;125;59;66
8732;G Wholesale and retail trade;1995 September;122;48;74
8733;G Wholesale and retail trade;1995 3rd quarter;375;165;210
8734;G Wholesale and retail trade;1995 October;135;60;75
8735;G Wholesale and retail trade;1995 November;145;61;84
8736;G Wholesale and retail trade;1995 December;111;51;60
8737;G Wholesale and retail trade;1995 4th quarter;391;172;219
8738;G Wholesale and retail trade;1995;1511;688;823
8739;G Wholesale and retail trade;1996 January;157;79;78
8740;G Wholesale and retail trade;1996 February;129;64;65
8741;G Wholesale and retail trade;1996 March;118;54;64
8742;G Wholesale and retail trade;1996 1st quarter;404;197;207
8743;G Wholesale and retail trade;1996 April;113;42;71
8744;G Wholesale and retail trade;1996 May;122;54;68
8745;G Wholesale and retail trade;1996 June;130;55;75
8746;G Wholesale and retail trade;1996 2nd quarter;365;151;214
8747;G Wholesale and retail trade;1996 July;127;50;77
8748;G Wholesale and retail trade;1996 August;101;37;64
8749;G Wholesale and retail trade;1996 September;116;39;77
8750;G Wholesale and retail trade;1996 3rd quarter;344;126;218
8751;G Wholesale and retail trade;1996 October;140;62;78
8752;G Wholesale and retail trade;1996 November;98;54;44
8753;G Wholesale and retail trade;1996 December;95;44;51
8754;G Wholesale and retail trade;1996 4th quarter;333;160;173
8755;G Wholesale and retail trade;1996;1446;634;812
8756;G Wholesale and retail trade;1997 January;131;65;66
8757;G Wholesale and retail trade;1997 February;117;57;60
8758;G Wholesale and retail trade;1997 March;81;28;53
8759;G Wholesale and retail trade;1997 1st quarter;329;150;179
8760;G Wholesale and retail trade;1997 April;123;58;65
8761;G Wholesale and retail trade;1997 May;104;49;55
8762;G Wholesale and retail trade;1997 June;99;37;62
8763;G Wholesale and retail trade;1997 2nd quarter;326;144;182
8764;G Wholesale and retail trade;1997 July;133;47;86
8765;G Wholesale and retail trade;1997 August;88;33;55
8766;G Wholesale and retail trade;1997 September;112;53;59
8767;G Wholesale and retail trade;1997 3rd quarter;333;133;200
8768;G Wholesale and retail trade;1997 October;137;52;85
8769;G Wholesale and retail trade;1997 November;103;39;64
8770;G Wholesale and retail trade;1997 December;116;47;69
8771;G Wholesale and retail trade;1997 4th quarter;356;138;218
8772;G Wholesale and retail trade;1997;1344;565;779
8773;G Wholesale and retail trade;1998 January;103;50;53
8774;G Wholesale and retail trade;1998 February;113;45;68
8775;G Wholesale and retail trade;1998 March;134;70;64
8776;G Wholesale and retail trade;1998 1st quarter;350;165;185
8777;G Wholesale and retail trade;1998 April;110;41;69
8778;G Wholesale and retail trade;1998 May;84;37;47
8779;G Wholesale and retail trade;1998 June;110;55;55
8780;G Wholesale and retail trade;1998 2nd quarter;304;133;171
8781;G Wholesale and retail trade;1998 July;100;44;56
8782;G Wholesale and retail trade;1998 August;76;32;44
8783;G Wholesale and retail trade;1998 September;123;49;74
8784;G Wholesale and retail trade;1998 3rd quarter;299;125;174
8785;G Wholesale and retail trade;1998 October;88;33;55
8786;G Wholesale and retail trade;1998 November;77;32;45
8787;G Wholesale and retail trade;1998 December;76;13;63
8788;G Wholesale and retail trade;1998 4th quarter;241;78;163
8789;G Wholesale and retail trade;1998;1194;501;693
8790;G Wholesale and retail trade;1999 January;65;19;46
8791;G Wholesale and retail trade;1999 February;76;19;57
8792;G Wholesale and retail trade;1999 March;103;30;73
8793;G Wholesale and retail trade;1999 1st quarter;244;68;176
8794;G Wholesale and retail trade;1999 April;91;22;69
8795;G Wholesale and retail trade;1999 May;83;19;64
8796;G Wholesale and retail trade;1999 June;98;26;72
8797;G Wholesale and retail trade;1999 2nd quarter;272;67;205
8798;G Wholesale and retail trade;1999 July;65;22;43
8799;G Wholesale and retail trade;1999 August;68;17;51
8800;G Wholesale and retail trade;1999 September;74;20;54
8801;G Wholesale and retail trade;1999 3rd quarter;207;59;148
8802;G Wholesale and retail trade;1999 October;64;20;44
8803;G Wholesale and retail trade;1999 November;90;24;66
8804;G Wholesale and retail trade;1999 December;77;29;48
8805;G Wholesale and retail trade;1999 4th quarter;231;73;158
8806;G Wholesale and retail trade;1999;954;267;687
8807;G Wholesale and retail trade;2000 January;59;22;37
8808;G Wholesale and retail trade;2000 February;83;25;58
8809;G Wholesale and retail trade;2000 March;79;25;54
8810;G Wholesale and retail trade;2000 1st quarter;221;72;149
8811;G Wholesale and retail trade;2000 April;60;22;38
8812;G Wholesale and retail trade;2000 May;84;17;67
8813;G Wholesale and retail trade;2000 June;78;17;61
8814;G Wholesale and retail trade;2000 2nd quarter;222;56;166
8815;G Wholesale and retail trade;2000 July;77;12;65
8816;G Wholesale and retail trade;2000 August;100;31;69
8817;G Wholesale and retail trade;2000 September;79;25;54
8818;G Wholesale and retail trade;2000 3rd quarter;256;68;188
8819;G Wholesale and retail trade;2000 October;103;20;83
8820;G Wholesale and retail trade;2000 November;85;26;59
8821;G Wholesale and retail trade;2000 December;74;14;60
8822;G Wholesale and retail trade;2000 4th quarter;262;60;202
8823;G Wholesale and retail trade;2000;961;256;705
8824;G Wholesale and retail trade;2001 January;90;25;65
8825;G Wholesale and retail trade;2001 February;97;18;79
8826;G Wholesale and retail trade;2001 March;68;18;50
8827;G Wholesale and retail trade;2001 1st quarter;255;61;194
8828;G Wholesale and retail trade;2001 April;85;21;64
8829;G Wholesale and retail trade;2001 May;103;28;75
8830;G Wholesale and retail trade;2001 June;80;22;58
8831;G Wholesale and retail trade;2001 2nd quarter;268;71;197
8832;G Wholesale and retail trade;2001 July;92;25;67
8833;G Wholesale and retail trade;2001 August;100;32;68
8834;G Wholesale and retail trade;2001 September;84;16;68
8835;G Wholesale and retail trade;2001 3rd quarter;276;73;203
8836;G Wholesale and retail trade;2001 October;94;25;69
8837;G Wholesale and retail trade;2001 November;80;17;63
8838;G Wholesale and retail trade;2001 December;89;15;74
8839;G Wholesale and retail trade;2001 4th quarter;263;57;206
8840;G Wholesale and retail trade;2001;1062;262;800
8841;G Wholesale and retail trade;2002 January;124;29;95
8842;G Wholesale and retail trade;2002 February;99;25;74
8843;G Wholesale and retail trade;2002 March;100;27;73
8844;G Wholesale and retail trade;2002 1st quarter;323;81;242
8845;G Wholesale and retail trade;2002 April;79;17;62
8846;G Wholesale and retail trade;2002 May;96;18;78
8847;G Wholesale and retail trade;2002 June;100;29;71
8848;G Wholesale and retail trade;2002 2nd quarter;275;64;211
8849;G Wholesale and retail trade;2002 July;115;17;98
8850;G Wholesale and retail trade;2002 August;74;18;56
8851;G Wholesale and retail trade;2002 September;77;17;60
8852;G Wholesale and retail trade;2002 3rd quarter;266;52;214
8853;G Wholesale and retail trade;2002 October;108;20;88
8854;G Wholesale and retail trade;2002 November;64;6;58
8855;G Wholesale and retail trade;2002 December;83;15;68
8856;G Wholesale and retail trade;2002 4th quarter;255;41;214
8857;G Wholesale and retail trade;2002;1119;238;881
8858;G Wholesale and retail trade;2003 January;103;24;79
8859;G Wholesale and retail trade;2003 February;96;19;77
8860;G Wholesale and retail trade;2003 March;106;24;82
8861;G Wholesale and retail trade;2003 1st quarter;305;67;238
8862;G Wholesale and retail trade;2003 April;122;29;93
8863;G Wholesale and retail trade;2003 May;105;17;88
8864;G Wholesale and retail trade;2003 June;112;20;92
8865;G Wholesale and retail trade;2003 2nd quarter;339;66;273
8866;G Wholesale and retail trade;2003 July;105;24;81
8867;G Wholesale and retail trade;2003 August;96;20;76
8868;G Wholesale and retail trade;2003 September;144;21;123
8869;G Wholesale and retail trade;2003 3rd quarter;345;65;280
8870;G Wholesale and retail trade;2003 October;113;21;92
8871;G Wholesale and retail trade;2003 November;112;18;94
8872;G Wholesale and retail trade;2003 December;113;22;91
8873;G Wholesale and retail trade;2003 4th quarter;338;61;277
8874;G Wholesale and retail trade;2003;1327;259;1068
8875;G Wholesale and retail trade;2004 January;126;39;87
8876;G Wholesale and retail trade;2004 February;116;27;89
8877;G Wholesale and retail trade;2004 March;156;37;119
8878;G Wholesale and retail trade;2004 1st quarter;398;103;295
8879;G Wholesale and retail trade;2004 April;91;23;68
8880;G Wholesale and retail trade;2004 May;108;28;80
8881;G Wholesale and retail trade;2004 June;151;30;121
8882;G Wholesale and retail trade;2004 2nd quarter;350;81;269
8883;G Wholesale and retail trade;2004 July;132;28;104
8884;G Wholesale and retail trade;2004 August;120;34;86
8885;G Wholesale and retail trade;2004 September;160;41;119
8886;G Wholesale and retail trade;2004 3rd quarter;412;103;309
8887;G Wholesale and retail trade;2004 October;118;24;94
8888;G Wholesale and retail trade;2004 November;155;30;125
8889;G Wholesale and retail trade;2004 December;122;24;98
8890;G Wholesale and retail trade;2004 4th quarter;395;78;317
8891;G Wholesale and retail trade;2004;1555;365;1190
8892;G Wholesale and retail trade;2005 January;123;36;87
8893;G Wholesale and retail trade;2005 February;146;33;113
8894;G Wholesale and retail trade;2005 March;156;39;117
8895;G Wholesale and retail trade;2005 1st quarter;425;108;317
8896;G Wholesale and retail trade;2005 April;127;29;98
8897;G Wholesale and retail trade;2005 May;128;34;94
8898;G Wholesale and retail trade;2005 June;147;40;107
8899;G Wholesale and retail trade;2005 2nd quarter;402;103;299
8900;G Wholesale and retail trade;2005 July;128;34;94
8901;G Wholesale and retail trade;2005 August;139;45;94
8902;G Wholesale and retail trade;2005 September;130;38;92
8903;G Wholesale and retail trade;2005 3rd quarter;397;117;280
8904;G Wholesale and retail trade;2005 October;118;35;83
8905;G Wholesale and retail trade;2005 November;147;40;107
8906;G Wholesale and retail trade;2005 December;98;28;70
8907;G Wholesale and retail trade;2005 4th quarter;363;103;260
8908;G Wholesale and retail trade;2005;1587;431;1156
8909;G Wholesale and retail trade;2006 January;141;41;100
8910;G Wholesale and retail trade;2006 February;138;43;95
8911;G Wholesale and retail trade;2006 March;130;40;90
8912;G Wholesale and retail trade;2006 1st quarter;409;124;285
8913;G Wholesale and retail trade;2006 April;145;49;96
8914;G Wholesale and retail trade;2006 May;123;31;92
8915;G Wholesale and retail trade;2006 June;116;34;82
8916;G Wholesale and retail trade;2006 2nd quarter;384;114;270
8917;G Wholesale and retail trade;2006 July;90;29;61
8918;G Wholesale and retail trade;2006 August;110;38;72
8919;G Wholesale and retail trade;2006 September;102;32;70
8920;G Wholesale and retail trade;2006 3rd quarter;302;99;203
8921;G Wholesale and retail trade;2006 October;109;32;77
8922;G Wholesale and retail trade;2006 November;111;33;78
8923;G Wholesale and retail trade;2006 December;93;37;56
8924;G Wholesale and retail trade;2006 4th quarter;313;102;211
8925;G Wholesale and retail trade;2006;1408;439;969
8926;G Wholesale and retail trade;2007 January;120;21;99
8927;G Wholesale and retail trade;2007 February;81;15;66
8928;G Wholesale and retail trade;2007 March;84;17;67
8929;G Wholesale and retail trade;2007 1st quarter;285;53;232
8930;G Wholesale and retail trade;2007 April;87;25;62
8931;G Wholesale and retail trade;2007 May;110;25;85
8932;G Wholesale and retail trade;2007 June;90;21;69
8933;G Wholesale and retail trade;2007 2nd quarter;287;71;216
8934;G Wholesale and retail trade;2007 July;108;21;87
8935;G Wholesale and retail trade;2007 August;101;23;78
8936;G Wholesale and retail trade;2007 September;87;22;65
8937;G Wholesale and retail trade;2007 3rd quarter;296;66;230
8938;G Wholesale and retail trade;2007 October;118;29;89
8939;G Wholesale and retail trade;2007 November;82;19;63
8940;G Wholesale and retail trade;2007 December;86;23;63
8941;G Wholesale and retail trade;2007 4th quarter;286;71;215
8942;G Wholesale and retail trade;2007;1154;261;893
8943;G Wholesale and retail trade;2008 January;103;23;80
8944;G Wholesale and retail trade;2008 February;93;15;78
8945;G Wholesale and retail trade;2008 March;83;19;64
8946;G Wholesale and retail trade;2008 1st quarter;279;57;222
8947;G Wholesale and retail trade;2008 April;91;25;66
8948;G Wholesale and retail trade;2008 May;69;19;50
8949;G Wholesale and retail trade;2008 June;95;21;74
8950;G Wholesale and retail trade;2008 2nd quarter;255;65;190
8951;G Wholesale and retail trade;2008 July;96;11;85
8952;G Wholesale and retail trade;2008 August;105;15;90
8953;G Wholesale and retail trade;2008 September;121;27;94
8954;G Wholesale and retail trade;2008 3rd quarter;322;53;269
8955;G Wholesale and retail trade;2008 October;101;17;84
8956;G Wholesale and retail trade;2008 November;111;14;97
8957;G Wholesale and retail trade;2008 December;130;18;112
8958;G Wholesale and retail trade;2008 4th quarter;342;49;293
8959;G Wholesale and retail trade;2008;1198;224;974
8960;G Wholesale and retail trade;2009 January;134;17;117
8961;G Wholesale and retail trade;2009 February;161;23;138
8962;G Wholesale and retail trade;2009 March;186;24;162
8963;G Wholesale and retail trade;2009 1st quarter;481;64;417
8964;G Wholesale and retail trade;2009 April;244;23;221
8965;G Wholesale and retail trade;2009 May;145;21;124
8966;G Wholesale and retail trade;2009 June;170;27;143
8967;G Wholesale and retail trade;2009 2nd quarter;559;71;488
8968;G Wholesale and retail trade;2009 July;164;26;138
8969;G Wholesale and retail trade;2009 August;124;24;100
8970;G Wholesale and retail trade;2009 September;154;23;131
8971;G Wholesale and retail trade;2009 3rd quarter;442;73;369
8972;G Wholesale and retail trade;2009 October;126;26;100
8973;G Wholesale and retail trade;2009 November;173;23;150
8974;G Wholesale and retail trade;2009 December;140;25;115
8975;G Wholesale and retail trade;2009 4th quarter;439;74;365
8976;G Wholesale and retail trade;2009;1921;282;1639
8977;G Wholesale and retail trade;2010 January;142;32;110
8978;G Wholesale and retail trade;2010 February;129;22;107
8979;G Wholesale and retail trade;2010 March;171;27;144
8980;G Wholesale and retail trade;2010 1st quarter;442;81;361
8981;G Wholesale and retail trade;2010 April;107;24;83
8982;G Wholesale and retail trade;2010 May;98;13;85
8983;G Wholesale and retail trade;2010 June;185;28;157
8984;G Wholesale and retail trade;2010 2nd quarter;390;65;325
8985;G Wholesale and retail trade;2010 July;142;15;127
8986;G Wholesale and retail trade;2010 August;135;20;115
8987;G Wholesale and retail trade;2010 September;126;14;112
8988;G Wholesale and retail trade;2010 3rd quarter;403;49;354
8989;G Wholesale and retail trade;2010 October;126;11;115
8990;G Wholesale and retail trade;2010 November;134;21;113
8991;G Wholesale and retail trade;2010 December;119;15;104
8992;G Wholesale and retail trade;2010 4th quarter;379;47;332
8993;G Wholesale and retail trade;2010;1614;242;1372
8994;G Wholesale and retail trade;2011 January;134;11;123
8995;G Wholesale and retail trade;2011 February;133;14;119
8996;G Wholesale and retail trade;2011 March;129;28;101
8997;G Wholesale and retail trade;2011 1st quarter;396;53;343
8998;G Wholesale and retail trade;2011 April;96;18;78
8999;G Wholesale and retail trade;2011 May;150;28;122
9000;G Wholesale and retail trade;2011 June;113;17;96
9001;G Wholesale and retail trade;2011 2nd quarter;359;63;296
9002;G Wholesale and retail trade;2011 July;99;15;84
9003;G Wholesale and retail trade;2011 August;164;25;139
9004;G Wholesale and retail trade;2011 September;127;26;101
9005;G Wholesale and retail trade;2011 3rd quarter;390;66;324
9006;G Wholesale and retail trade;2011 October;148;30;118
9007;G Wholesale and retail trade;2011 November;166;25;141
9008;G Wholesale and retail trade;2011 December;115;11;104
9009;G Wholesale and retail trade;2011 4th quarter;429;66;363
9010;G Wholesale and retail trade;2011;1574;248;1326
9011;G Wholesale and retail trade;2012 January;199;30;169
9012;G Wholesale and retail trade;2012 February;141;22;119
9013;G Wholesale and retail trade;2012 March;149;24;125
9014;G Wholesale and retail trade;2012 1st quarter;489;76;413
9015;G Wholesale and retail trade;2012 April;131;17;114
9016;G Wholesale and retail trade;2012 May;171;23;148
9017;G Wholesale and retail trade;2012 June;178;27;151
9018;G Wholesale and retail trade;2012 2nd quarter;480;67;413
9019;G Wholesale and retail trade;2012 July ;181;32;149
9020;G Wholesale and retail trade;2012 August;129;26;103
9021;G Wholesale and retail trade;2012 September;112;28;84
9022;G Wholesale and retail trade;2012 3rd quarter;422;86;336
9023;G Wholesale and retail trade;2012 October;186;31;155
9024;G Wholesale and retail trade;2012 November;153;34;119
9025;G Wholesale and retail trade;2012 December;116;20;96
9026;G Wholesale and retail trade;2012 4th quarter;455;85;370
9027;G Wholesale and retail trade;2012;1846;314;1532
9028;G Wholesale and retail trade;2013 January;190;29;161
9029;G Wholesale and retail trade;2013 February;169;24;145
9030;G Wholesale and retail trade;2013 March;165;24;141
9031;G Wholesale and retail trade;2013 1st quarter;524;77;447
9032;G Wholesale and retail trade;2013 April;160;26;134
9033;G Wholesale and retail trade;2013 May;202;24;178
9034;G Wholesale and retail trade;2013 June;155;20;135
9035;G Wholesale and retail trade;2013 2nd quarter;517;70;447
9036;G Wholesale and retail trade;2013 July;257;32;225
9037;G Wholesale and retail trade;2013 August;171;22;149
9038;G Wholesale and retail trade;2013 September;168;22;146
9039;G Wholesale and retail trade;2013 3rd quarter;596;76;520
9040;G Wholesale and retail trade;2013 October;202;29;173
9041;G Wholesale and retail trade;2013 November;189;31;158
9042;G Wholesale and retail trade;2013 December;132;23;109
9043;G Wholesale and retail trade;2013 4th quarter;523;83;440
9044;G Wholesale and retail trade;2013;2160;306;1854
9045;G Wholesale and retail trade;2014 January;170;31;139
9046;G Wholesale and retail trade;2014 February;171;24;147
9047;G Wholesale and retail trade;2014 March;154;24;130
9048;G Wholesale and retail trade;2014 1st quarter;495;79;416
9049;G Wholesale and retail trade;2014 April;199;26;173
9050;45 Sale and repair of motor vehicles;1993 January;15;9;6
9051;45 Sale and repair of motor vehicles;1993 February;13;6;7
9052;45 Sale and repair of motor vehicles;1993 March;14;5;9
9053;45 Sale and repair of motor vehicles;1993 1st quarter;42;20;22
9054;45 Sale and repair of motor vehicles;1993 April;17;9;8
9055;45 Sale and repair of motor vehicles;1993 May;9;4;5
9056;45 Sale and repair of motor vehicles;1993 June;27;15;12
9057;45 Sale and repair of motor vehicles;1993 2nd quarter;53;28;25
9058;45 Sale and repair of motor vehicles;1993 July;23;10;13
9059;45 Sale and repair of motor vehicles;1993 August;14;10;4
9060;45 Sale and repair of motor vehicles;1993 September;22;9;13
9061;45 Sale and repair of motor vehicles;1993 3rd quarter;59;29;30
9062;45 Sale and repair of motor vehicles;1993 October;20;9;11
9063;45 Sale and repair of motor vehicles;1993 November;11;5;6
9064;45 Sale and repair of motor vehicles;1993 December;15;5;10
9065;45 Sale and repair of motor vehicles;1993 4th quarter;46;19;27
9066;45 Sale and repair of motor vehicles;1993;200;96;104
9067;45 Sale and repair of motor vehicles;1994 January;7;5;2
9068;45 Sale and repair of motor vehicles;1994 February;9;3;6
9069;45 Sale and repair of motor vehicles;1994 March;14;10;4
9070;45 Sale and repair of motor vehicles;1994 1st quarter;30;18;12
9071;45 Sale and repair of motor vehicles;1994 April;7;6;1
9072;45 Sale and repair of motor vehicles;1994 May;4;3;1
9073;45 Sale and repair of motor vehicles;1994 June;15;4;11
9074;45 Sale and repair of motor vehicles;1994 2nd quarter;26;13;13
9075;45 Sale and repair of motor vehicles;1994 July;7;4;3
9076;45 Sale and repair of motor vehicles;1994 August;21;10;11
9077;45 Sale and repair of motor vehicles;1994 September;10;6;4
9078;45 Sale and repair of motor vehicles;1994 3rd quarter;38;20;18
9079;45 Sale and repair of motor vehicles;1994 October;13;4;9
9080;45 Sale and repair of motor vehicles;1994 November;18;8;10
9081;45 Sale and repair of motor vehicles;1994 December;15;9;6
9082;45 Sale and repair of motor vehicles;1994 4th quarter;46;21;25
9083;45 Sale and repair of motor vehicles;1994;140;72;68
9084;45 Sale and repair of motor vehicles;1995 January;6;2;4
9085;45 Sale and repair of motor vehicles;1995 February;13;9;4
9086;45 Sale and repair of motor vehicles;1995 March;12;5;7
9087;45 Sale and repair of motor vehicles;1995 1st quarter;31;16;15
9088;45 Sale and repair of motor vehicles;1995 April;8;5;3
9089;45 Sale and repair of motor vehicles;1995 May;11;6;5
9090;45 Sale and repair of motor vehicles;1995 June;8;2;6
9091;45 Sale and repair of motor vehicles;1995 2nd quarter;27;13;14
9092;45 Sale and repair of motor vehicles;1995 July;13;7;6
9093;45 Sale and repair of motor vehicles;1995 August;12;6;6
9094;45 Sale and repair of motor vehicles;1995 September;7;2;5
9095;45 Sale and repair of motor vehicles;1995 3rd quarter;32;15;17
9096;45 Sale and repair of motor vehicles;1995 October;9;6;3
9097;45 Sale and repair of motor vehicles;1995 November;10;6;4
9098;45 Sale and repair of motor vehicles;1995 December;12;6;6
9099;45 Sale and repair of motor vehicles;1995 4th quarter;31;18;13
9100;45 Sale and repair of motor vehicles;1995;121;62;59
9101;45 Sale and repair of motor vehicles;1996 January;17;12;5
9102;45 Sale and repair of motor vehicles;1996 February;8;3;5
9103;45 Sale and repair of motor vehicles;1996 March;6;2;4
9104;45 Sale and repair of motor vehicles;1996 1st quarter;31;17;14
9105;45 Sale and repair of motor vehicles;1996 April;11;5;6
9106;45 Sale and repair of motor vehicles;1996 May;17;8;9
9107;45 Sale and repair of motor vehicles;1996 June;13;2;11
9108;45 Sale and repair of motor vehicles;1996 2nd quarter;41;15;26
9109;45 Sale and repair of motor vehicles;1996 July;6;2;4
9110;45 Sale and repair of motor vehicles;1996 August;9;1;8
9111;45 Sale and repair of motor vehicles;1996 September;12;6;6
9112;45 Sale and repair of motor vehicles;1996 3rd quarter;27;9;18
9113;45 Sale and repair of motor vehicles;1996 October;9;4;5
9114;45 Sale and repair of motor vehicles;1996 November;6;4;2
9115;45 Sale and repair of motor vehicles;1996 December;12;8;4
9116;45 Sale and repair of motor vehicles;1996 4th quarter;27;16;11
9117;45 Sale and repair of motor vehicles;1996;126;57;69
9118;45 Sale and repair of motor vehicles;1997 January;14;5;9
9119;45 Sale and repair of motor vehicles;1997 February;10;5;5
9120;45 Sale and repair of motor vehicles;1997 March;10;5;5
9121;45 Sale and repair of motor vehicles;1997 1st quarter;34;15;19
9122;45 Sale and repair of motor vehicles;1997 April;11;6;5
9123;45 Sale and repair of motor vehicles;1997 May;11;6;5
9124;45 Sale and repair of motor vehicles;1997 June;5;5;0
9125;45 Sale and repair of motor vehicles;1997 2nd quarter;27;17;10
9126;45 Sale and repair of motor vehicles;1997 July;5;4;1
9127;45 Sale and repair of motor vehicles;1997 August;12;5;7
9128;45 Sale and repair of motor vehicles;1997 September;14;6;8
9129;45 Sale and repair of motor vehicles;1997 3rd quarter;31;15;16
9130;45 Sale and repair of motor vehicles;1997 October;9;3;6
9131;45 Sale and repair of motor vehicles;1997 November;9;5;4
9132;45 Sale and repair of motor vehicles;1997 December;9;2;7
9133;45 Sale and repair of motor vehicles;1997 4th quarter;27;10;17
9134;45 Sale and repair of motor vehicles;1997;119;57;62
9135;45 Sale and repair of motor vehicles;1998 January;10;5;5
9136;45 Sale and repair of motor vehicles;1998 February;10;5;5
9137;45 Sale and repair of motor vehicles;1998 March;11;8;3
9138;45 Sale and repair of motor vehicles;1998 1st quarter;31;18;13
9139;45 Sale and repair of motor vehicles;1998 April;10;4;6
9140;45 Sale and repair of motor vehicles;1998 May;3;2;1
9141;45 Sale and repair of motor vehicles;1998 June;12;8;4
9142;45 Sale and repair of motor vehicles;1998 2nd quarter;25;14;11
9143;45 Sale and repair of motor vehicles;1998 July;8;5;3
9144;45 Sale and repair of motor vehicles;1998 August;10;4;6
9145;45 Sale and repair of motor vehicles;1998 September;17;5;12
9146;45 Sale and repair of motor vehicles;1998 3rd quarter;35;14;21
9147;45 Sale and repair of motor vehicles;1998 October;5;1;4
9148;45 Sale and repair of motor vehicles;1998 November;7;3;4
9149;45 Sale and repair of motor vehicles;1998 December;11;5;6
9150;45 Sale and repair of motor vehicles;1998 4th quarter;23;9;14
9151;45 Sale and repair of motor vehicles;1998;114;55;59
9152;45 Sale and repair of motor vehicles;1999 January;4;1;3
9153;45 Sale and repair of motor vehicles;1999 February;8;0;8
9154;45 Sale and repair of motor vehicles;1999 March;10;2;8
9155;45 Sale and repair of motor vehicles;1999 1st quarter;22;3;19
9156;45 Sale and repair of motor vehicles;1999 April;7;1;6
9157;45 Sale and repair of motor vehicles;1999 May;7;1;6
9158;45 Sale and repair of motor vehicles;1999 June;7;3;4
9159;45 Sale and repair of motor vehicles;1999 2nd quarter;21;5;16
9160;45 Sale and repair of motor vehicles;1999 July;12;4;8
9161;45 Sale and repair of motor vehicles;1999 August;6;2;4
9162;45 Sale and repair of motor vehicles;1999 September;10;2;8
9163;45 Sale and repair of motor vehicles;1999 3rd quarter;28;8;20
9164;45 Sale and repair of motor vehicles;1999 October;7;3;4
9165;45 Sale and repair of motor vehicles;1999 November;8;6;2
9166;45 Sale and repair of motor vehicles;1999 December;16;6;10
9167;45 Sale and repair of motor vehicles;1999 4th quarter;31;15;16
9168;45 Sale and repair of motor vehicles;1999;102;31;71
9169;45 Sale and repair of motor vehicles;2000 January;8;2;6
9170;45 Sale and repair of motor vehicles;2000 February;4;2;2
9171;45 Sale and repair of motor vehicles;2000 March;9;5;4
9172;45 Sale and repair of motor vehicles;2000 1st quarter;21;9;12
9173;45 Sale and repair of motor vehicles;2000 April;5;1;4
9174;45 Sale and repair of motor vehicles;2000 May;11;3;8
9175;45 Sale and repair of motor vehicles;2000 June;5;2;3
9176;45 Sale and repair of motor vehicles;2000 2nd quarter;21;6;15
9177;45 Sale and repair of motor vehicles;2000 July;9;2;7
9178;45 Sale and repair of motor vehicles;2000 August;12;5;7
9179;45 Sale and repair of motor vehicles;2000 September;2;1;1
9180;45 Sale and repair of motor vehicles;2000 3rd quarter;23;8;15
9181;45 Sale and repair of motor vehicles;2000 October;7;4;3
9182;45 Sale and repair of motor vehicles;2000 November;7;2;5
9183;45 Sale and repair of motor vehicles;2000 December;7;2;5
9184;45 Sale and repair of motor vehicles;2000 4th quarter;21;8;13
9185;45 Sale and repair of motor vehicles;2000;86;31;55
9186;45 Sale and repair of motor vehicles;2001 January;11;4;7
9187;45 Sale and repair of motor vehicles;2001 February;6;1;5
9188;45 Sale and repair of motor vehicles;2001 March;7;3;4
9189;45 Sale and repair of motor vehicles;2001 1st quarter;24;8;16
9190;45 Sale and repair of motor vehicles;2001 April;9;3;6
9191;45 Sale and repair of motor vehicles;2001 May;11;6;5
9192;45 Sale and repair of motor vehicles;2001 June;9;4;5
9193;45 Sale and repair of motor vehicles;2001 2nd quarter;29;13;16
9194;45 Sale and repair of motor vehicles;2001 July;10;1;9
9195;45 Sale and repair of motor vehicles;2001 August;7;4;3
9196;45 Sale and repair of motor vehicles;2001 September;7;1;6
9197;45 Sale and repair of motor vehicles;2001 3rd quarter;24;6;18
9198;45 Sale and repair of motor vehicles;2001 October;8;2;6
9199;45 Sale and repair of motor vehicles;2001 November;11;4;7
9200;45 Sale and repair of motor vehicles;2001 December;16;1;15
9201;45 Sale and repair of motor vehicles;2001 4th quarter;35;7;28
9202;45 Sale and repair of motor vehicles;2001;112;34;78
9203;45 Sale and repair of motor vehicles;2002 January;19;7;12
9204;45 Sale and repair of motor vehicles;2002 February;9;3;6
9205;45 Sale and repair of motor vehicles;2002 March;12;4;8
9206;45 Sale and repair of motor vehicles;2002 1st quarter;40;14;26
9207;45 Sale and repair of motor vehicles;2002 April;8;0;8
9208;45 Sale and repair of motor vehicles;2002 May;10;5;5
9209;45 Sale and repair of motor vehicles;2002 June;7;0;7
9210;45 Sale and repair of motor vehicles;2002 2nd quarter;25;5;20
9211;45 Sale and repair of motor vehicles;2002 July;16;2;14
9212;45 Sale and repair of motor vehicles;2002 August;6;0;6
9213;45 Sale and repair of motor vehicles;2002 September;5;1;4
9214;45 Sale and repair of motor vehicles;2002 3rd quarter;27;3;24
9215;45 Sale and repair of motor vehicles;2002 October;17;1;16
9216;45 Sale and repair of motor vehicles;2002 November;4;1;3
9217;45 Sale and repair of motor vehicles;2002 December;6;3;3
9218;45 Sale and repair of motor vehicles;2002 4th quarter;27;5;22
9219;45 Sale and repair of motor vehicles;2002;119;27;92
9220;45 Sale and repair of motor vehicles;2003 January;8;4;4
9221;45 Sale and repair of motor vehicles;2003 February;10;2;8
9222;45 Sale and repair of motor vehicles;2003 March;8;2;6
9223;45 Sale and repair of motor vehicles;2003 1st quarter;26;8;18
9224;45 Sale and repair of motor vehicles;2003 April;17;5;12
9225;45 Sale and repair of motor vehicles;2003 May;14;2;12
9226;45 Sale and repair of motor vehicles;2003 June;12;1;11
9227;45 Sale and repair of motor vehicles;2003 2nd quarter;43;8;35
9228;45 Sale and repair of motor vehicles;2003 July;15;7;8
9229;45 Sale and repair of motor vehicles;2003 August;14;4;10
9230;45 Sale and repair of motor vehicles;2003 September;29;3;26
9231;45 Sale and repair of motor vehicles;2003 3rd quarter;58;14;44
9232;45 Sale and repair of motor vehicles;2003 October;10;4;6
9233;45 Sale and repair of motor vehicles;2003 November;10;1;9
9234;45 Sale and repair of motor vehicles;2003 December;21;5;16
9235;45 Sale and repair of motor vehicles;2003 4th quarter;41;10;31
9236;45 Sale and repair of motor vehicles;2003;168;40;128
9237;45 Sale and repair of motor vehicles;2004 January;20;10;10
9238;45 Sale and repair of motor vehicles;2004 February;17;4;13
9239;45 Sale and repair of motor vehicles;2004 March;19;7;12
9240;45 Sale and repair of motor vehicles;2004 1st quarter;56;21;35
9241;45 Sale and repair of motor vehicles;2004 April;9;5;4
9242;45 Sale and repair of motor vehicles;2004 May;5;1;4
9243;45 Sale and repair of motor vehicles;2004 June;12;1;11
9244;45 Sale and repair of motor vehicles;2004 2nd quarter;26;7;19
9245;45 Sale and repair of motor vehicles;2004 July;9;4;5
9246;45 Sale and repair of motor vehicles;2004 August;8;4;4
9247;45 Sale and repair of motor vehicles;2004 September;24;9;15
9248;45 Sale and repair of motor vehicles;2004 3rd quarter;41;17;24
9249;45 Sale and repair of motor vehicles;2004 October;14;3;11
9250;45 Sale and repair of motor vehicles;2004 November;11;2;9
9251;45 Sale and repair of motor vehicles;2004 December;19;6;13
9252;45 Sale and repair of motor vehicles;2004 4th quarter;44;11;33
9253;45 Sale and repair of motor vehicles;2004;167;56;111
9254;45 Sale and repair of motor vehicles;2005 January;10;3;7
9255;45 Sale and repair of motor vehicles;2005 February;12;4;8
9256;45 Sale and repair of motor vehicles;2005 March;9;4;5
9257;45 Sale and repair of motor vehicles;2005 1st quarter;31;11;20
9258;45 Sale and repair of motor vehicles;2005 April;15;2;13
9259;45 Sale and repair of motor vehicles;2005 May;9;4;5
9260;45 Sale and repair of motor vehicles;2005 June;17;8;9
9261;45 Sale and repair of motor vehicles;2005 2nd quarter;41;14;27
9262;45 Sale and repair of motor vehicles;2005 July;17;5;12
9263;45 Sale and repair of motor vehicles;2005 August;14;7;7
9264;45 Sale and repair of motor vehicles;2005 September;18;10;8
9265;45 Sale and repair of motor vehicles;2005 3rd quarter;49;22;27
9266;45 Sale and repair of motor vehicles;2005 October;13;4;9
9267;45 Sale and repair of motor vehicles;2005 November;26;13;13
9268;45 Sale and repair of motor vehicles;2005 December;7;2;5
9269;45 Sale and repair of motor vehicles;2005 4th quarter;46;19;27
9270;45 Sale and repair of motor vehicles;2005;167;66;101
9271;45 Sale and repair of motor vehicles;2006 January;14;5;9
9272;45 Sale and repair of motor vehicles;2006 February;11;3;8
9273;45 Sale and repair of motor vehicles;2006 March;11;4;7
9274;45 Sale and repair of motor vehicles;2006 1st quarter;36;12;24
9275;45 Sale and repair of motor vehicles;2006 April;23;3;20
9276;45 Sale and repair of motor vehicles;2006 May;20;5;15
9277;45 Sale and repair of motor vehicles;2006 June;11;7;4
9278;45 Sale and repair of motor vehicles;2006 2nd quarter;54;15;39
9279;45 Sale and repair of motor vehicles;2006 July;8;2;6
9280;45 Sale and repair of motor vehicles;2006 August;15;9;6
9281;45 Sale and repair of motor vehicles;2006 September;13;7;6
9282;45 Sale and repair of motor vehicles;2006 3rd quarter;36;18;18
9283;45 Sale and repair of motor vehicles;2006 October;10;3;7
9284;45 Sale and repair of motor vehicles;2006 November;13;3;10
9285;45 Sale and repair of motor vehicles;2006 December;13;11;2
9286;45 Sale and repair of motor vehicles;2006 4th quarter;36;17;19
9287;45 Sale and repair of motor vehicles;2006;162;62;100
9288;45 Sale and repair of motor vehicles;2007 January;23;0;23
9289;45 Sale and repair of motor vehicles;2007 February;17;1;16
9290;45 Sale and repair of motor vehicles;2007 March;11;3;8
9291;45 Sale and repair of motor vehicles;2007 1st quarter;51;4;47
9292;45 Sale and repair of motor vehicles;2007 April;12;5;7
9293;45 Sale and repair of motor vehicles;2007 May;15;4;11
9294;45 Sale and repair of motor vehicles;2007 June;8;3;5
9295;45 Sale and repair of motor vehicles;2007 2nd quarter;35;12;23
9296;45 Sale and repair of motor vehicles;2007 July;19;6;13
9297;45 Sale and repair of motor vehicles;2007 August;15;1;14
9298;45 Sale and repair of motor vehicles;2007 September;14;5;9
9299;45 Sale and repair of motor vehicles;2007 3rd quarter;48;12;36
9300;45 Sale and repair of motor vehicles;2007 October;9;0;9
9301;45 Sale and repair of motor vehicles;2007 November;4;0;4
9302;45 Sale and repair of motor vehicles;2007 December;7;1;6
9303;45 Sale and repair of motor vehicles;2007 4th quarter;20;1;19
9304;45 Sale and repair of motor vehicles;2007;154;29;125
9305;45 Sale and repair of motor vehicles;2008 January;9;5;4
9306;45 Sale and repair of motor vehicles;2008 February;3;1;2
9307;45 Sale and repair of motor vehicles;2008 March;7;3;4
9308;45 Sale and repair of motor vehicles;2008 1st quarter;19;9;10
9309;45 Sale and repair of motor vehicles;2008 April;5;2;3
9310;45 Sale and repair of motor vehicles;2008 May;11;6;5
9311;45 Sale and repair of motor vehicles;2008 June;4;2;2
9312;45 Sale and repair of motor vehicles;2008 2nd quarter;20;10;10
9313;45 Sale and repair of motor vehicles;2008 July;15;4;11
9314;45 Sale and repair of motor vehicles;2008 August;18;0;18
9315;45 Sale and repair of motor vehicles;2008 September;5;4;1
9316;45 Sale and repair of motor vehicles;2008 3rd quarter;38;8;30
9317;45 Sale and repair of motor vehicles;2008 October;10;5;5
9318;45 Sale and repair of motor vehicles;2008 November;9;1;8
9319;45 Sale and repair of motor vehicles;2008 December;34;4;30
9320;45 Sale and repair of motor vehicles;2008 4th quarter;53;10;43
9321;45 Sale and repair of motor vehicles;2008;130;37;93
9322;45 Sale and repair of motor vehicles;2009 January;33;2;31
9323;45 Sale and repair of motor vehicles;2009 February;19;4;15
9324;45 Sale and repair of motor vehicles;2009 March;20;5;15
9325;45 Sale and repair of motor vehicles;2009 1st quarter;72;11;61
9326;45 Sale and repair of motor vehicles;2009 April;88;5;83
9327;45 Sale and repair of motor vehicles;2009 May;13;1;12
9328;45 Sale and repair of motor vehicles;2009 June;19;4;15
9329;45 Sale and repair of motor vehicles;2009 2nd quarter;120;10;110
9330;45 Sale and repair of motor vehicles;2009 July;21;5;16
9331;45 Sale and repair of motor vehicles;2009 August;6;0;6
9332;45 Sale and repair of motor vehicles;2009 September;12;4;8
9333;45 Sale and repair of motor vehicles;2009 3rd quarter;39;9;30
9334;45 Sale and repair of motor vehicles;2009 October;20;5;15
9335;45 Sale and repair of motor vehicles;2009 November;18;6;12
9336;45 Sale and repair of motor vehicles;2009 December;9;1;8
9337;45 Sale and repair of motor vehicles;2009 4th quarter;47;12;35
9338;45 Sale and repair of motor vehicles;2009;278;42;236
9339;45 Sale and repair of motor vehicles;2010 January;15;4;11
9340;45 Sale and repair of motor vehicles;2010 February;22;5;17
9341;45 Sale and repair of motor vehicles;2010 March;16;2;14
9342;45 Sale and repair of motor vehicles;2010 1st quarter;53;11;42
9343;45 Sale and repair of motor vehicles;2010 April;10;2;8
9344;45 Sale and repair of motor vehicles;2010 May;8;1;7
9345;45 Sale and repair of motor vehicles;2010 June;15;6;9
9346;45 Sale and repair of motor vehicles;2010 2nd quarter;33;9;24
9347;45 Sale and repair of motor vehicles;2010 July;15;2;13
9348;45 Sale and repair of motor vehicles;2010 August;24;6;18
9349;45 Sale and repair of motor vehicles;2010 September;14;2;12
9350;45 Sale and repair of motor vehicles;2010 3rd quarter;53;10;43
9351;45 Sale and repair of motor vehicles;2010 October;17;1;16
9352;45 Sale and repair of motor vehicles;2010 November;16;5;11
9353;45 Sale and repair of motor vehicles;2010 December;9;4;5
9354;45 Sale and repair of motor vehicles;2010 4th quarter;42;10;32
9355;45 Sale and repair of motor vehicles;2010;181;40;141
9356;45 Sale and repair of motor vehicles;2011 January;11;2;9
9357;45 Sale and repair of motor vehicles;2011 February;21;1;20
9358;45 Sale and repair of motor vehicles;2011 March;10;2;8
9359;45 Sale and repair of motor vehicles;2011 1st quarter;42;5;37
9360;45 Sale and repair of motor vehicles;2011 April;9;3;6
9361;45 Sale and repair of motor vehicles;2011 May;13;1;12
9362;45 Sale and repair of motor vehicles;2011 June;16;3;13
9363;45 Sale and repair of motor vehicles;2011 2nd quarter;38;7;31
9364;45 Sale and repair of motor vehicles;2011 July;7;2;5
9365;45 Sale and repair of motor vehicles;2011 August;22;2;20
9366;45 Sale and repair of motor vehicles;2011 September;17;4;13
9367;45 Sale and repair of motor vehicles;2011 3rd quarter;46;8;38
9368;45 Sale and repair of motor vehicles;2011 October;18;6;12
9369;45 Sale and repair of motor vehicles;2011 November;12;3;9
9370;45 Sale and repair of motor vehicles;2011 December;16;3;13
9371;45 Sale and repair of motor vehicles;2011 4th quarter;46;12;34
9372;45 Sale and repair of motor vehicles;2011;172;32;140
9373;45 Sale and repair of motor vehicles;2012 January;24;2;22
9374;45 Sale and repair of motor vehicles;2012 February;12;5;7
9375;45 Sale and repair of motor vehicles;2012 March;15;4;11
9376;45 Sale and repair of motor vehicles;2012 1st quarter;51;11;40
9377;45 Sale and repair of motor vehicles;2012 April;13;4;9
9378;45 Sale and repair of motor vehicles;2012 May;14;1;13
9379;45 Sale and repair of motor vehicles;2012 June;18;4;14
9380;45 Sale and repair of motor vehicles;2012 2nd quarter;45;9;36
9381;45 Sale and repair of motor vehicles;2012 July ;19;5;14
9382;45 Sale and repair of motor vehicles;2012 August;11;2;9
9383;45 Sale and repair of motor vehicles;2012 September;14;7;7
9384;45 Sale and repair of motor vehicles;2012 3rd quarter;44;14;30
9385;45 Sale and repair of motor vehicles;2012 October;29;7;22
9386;45 Sale and repair of motor vehicles;2012 November;26;7;19
9387;45 Sale and repair of motor vehicles;2012 December;10;2;8
9388;45 Sale and repair of motor vehicles;2012 4th quarter;65;16;49
9389;45 Sale and repair of motor vehicles;2012;205;50;155
9390;45 Sale and repair of motor vehicles;2013 January;15;2;13
9391;45 Sale and repair of motor vehicles;2013 February;23;7;16
9392;45 Sale and repair of motor vehicles;2013 March;21;3;18
9393;45 Sale and repair of motor vehicles;2013 1st quarter;59;12;47
9394;45 Sale and repair of motor vehicles;2013 April;11;4;7
9395;45 Sale and repair of motor vehicles;2013 May;32;6;26
9396;45 Sale and repair of motor vehicles;2013 June;17;5;12
9397;45 Sale and repair of motor vehicles;2013 2nd quarter;60;15;45
9398;45 Sale and repair of motor vehicles;2013 July;27;3;24
9399;45 Sale and repair of motor vehicles;2013 August;25;4;21
9400;45 Sale and repair of motor vehicles;2013 September;11;1;10
9401;45 Sale and repair of motor vehicles;2013 3rd quarter;63;8;55
9402;45 Sale and repair of motor vehicles;2013 October;21;3;18
9403;45 Sale and repair of motor vehicles;2013 November;20;7;13
9404;45 Sale and repair of motor vehicles;2013 December;15;2;13
9405;45 Sale and repair of motor vehicles;2013 4th quarter;56;12;44
9406;45 Sale and repair of motor vehicles;2013;238;47;191
9407;45 Sale and repair of motor vehicles;2014 January;17;3;14
9408;45 Sale and repair of motor vehicles;2014 February;11;0;11
9409;45 Sale and repair of motor vehicles;2014 March;19;5;14
9410;45 Sale and repair of motor vehicles;2014 1st quarter;47;8;39
9411;45 Sale and repair of motor vehicles;2014 April;13;1;12
9412;46 Wholesale trade (no motor vehicles);1993 January;64;20;44
9413;46 Wholesale trade (no motor vehicles);1993 February;50;12;38
9414;46 Wholesale trade (no motor vehicles);1993 March;107;30;77
9415;46 Wholesale trade (no motor vehicles);1993 1st quarter;221;62;159
9416;46 Wholesale trade (no motor vehicles);1993 April;80;28;52
9417;46 Wholesale trade (no motor vehicles);1993 May;78;20;58
9418;46 Wholesale trade (no motor vehicles);1993 June;75;27;48
9419;46 Wholesale trade (no motor vehicles);1993 2nd quarter;233;75;158
9420;46 Wholesale trade (no motor vehicles);1993 July;77;22;55
9421;46 Wholesale trade (no motor vehicles);1993 August;91;29;62
9422;46 Wholesale trade (no motor vehicles);1993 September;92;32;60
9423;46 Wholesale trade (no motor vehicles);1993 3rd quarter;260;83;177
9424;46 Wholesale trade (no motor vehicles);1993 October;71;29;42
9425;46 Wholesale trade (no motor vehicles);1993 November;85;31;54
9426;46 Wholesale trade (no motor vehicles);1993 December;76;22;54
9427;46 Wholesale trade (no motor vehicles);1993 4th quarter;232;82;150
9428;46 Wholesale trade (no motor vehicles);1993;946;302;644
9429;46 Wholesale trade (no motor vehicles);1994 January;72;22;50
9430;46 Wholesale trade (no motor vehicles);1994 February;82;27;55
9431;46 Wholesale trade (no motor vehicles);1994 March;85;21;64
9432;46 Wholesale trade (no motor vehicles);1994 1st quarter;239;70;169
9433;46 Wholesale trade (no motor vehicles);1994 April;71;24;47
9434;46 Wholesale trade (no motor vehicles);1994 May;64;18;46
9435;46 Wholesale trade (no motor vehicles);1994 June;73;20;53
9436;46 Wholesale trade (no motor vehicles);1994 2nd quarter;208;62;146
9437;46 Wholesale trade (no motor vehicles);1994 July;67;19;48
9438;46 Wholesale trade (no motor vehicles);1994 August;70;24;46
9439;46 Wholesale trade (no motor vehicles);1994 September;74;23;51
9440;46 Wholesale trade (no motor vehicles);1994 3rd quarter;211;66;145
9441;46 Wholesale trade (no motor vehicles);1994 October;72;28;44
9442;46 Wholesale trade (no motor vehicles);1994 November;90;26;64
9443;46 Wholesale trade (no motor vehicles);1994 December;71;28;43
9444;46 Wholesale trade (no motor vehicles);1994 4th quarter;233;82;151
9445;46 Wholesale trade (no motor vehicles);1994;891;280;611
9446;46 Wholesale trade (no motor vehicles);1995 January;63;23;40
9447;46 Wholesale trade (no motor vehicles);1995 February;54;14;40
9448;46 Wholesale trade (no motor vehicles);1995 March;65;21;44
9449;46 Wholesale trade (no motor vehicles);1995 1st quarter;182;58;124
9450;46 Wholesale trade (no motor vehicles);1995 April;68;23;45
9451;46 Wholesale trade (no motor vehicles);1995 May;56;15;41
9452;46 Wholesale trade (no motor vehicles);1995 June;65;19;46
9453;46 Wholesale trade (no motor vehicles);1995 2nd quarter;189;57;132
9454;46 Wholesale trade (no motor vehicles);1995 July;60;18;42
9455;46 Wholesale trade (no motor vehicles);1995 August;63;22;41
9456;46 Wholesale trade (no motor vehicles);1995 September;75;21;54
9457;46 Wholesale trade (no motor vehicles);1995 3rd quarter;198;61;137
9458;46 Wholesale trade (no motor vehicles);1995 October;80;28;52
9459;46 Wholesale trade (no motor vehicles);1995 November;86;26;60
9460;46 Wholesale trade (no motor vehicles);1995 December;53;13;40
9461;46 Wholesale trade (no motor vehicles);1995 4th quarter;219;67;152
9462;46 Wholesale trade (no motor vehicles);1995;788;243;545
9463;46 Wholesale trade (no motor vehicles);1996 January;75;30;45
9464;46 Wholesale trade (no motor vehicles);1996 February;64;20;44
9465;46 Wholesale trade (no motor vehicles);1996 March;63;19;44
9466;46 Wholesale trade (no motor vehicles);1996 1st quarter;202;69;133
9467;46 Wholesale trade (no motor vehicles);1996 April;57;16;41
9468;46 Wholesale trade (no motor vehicles);1996 May;60;18;42
9469;46 Wholesale trade (no motor vehicles);1996 June;70;25;45
9470;46 Wholesale trade (no motor vehicles);1996 2nd quarter;187;59;128
9471;46 Wholesale trade (no motor vehicles);1996 July;66;19;47
9472;46 Wholesale trade (no motor vehicles);1996 August;53;14;39
9473;46 Wholesale trade (no motor vehicles);1996 September;67;18;49
9474;46 Wholesale trade (no motor vehicles);1996 3rd quarter;186;51;135
9475;46 Wholesale trade (no motor vehicles);1996 October;75;16;59
9476;46 Wholesale trade (no motor vehicles);1996 November;52;25;27
9477;46 Wholesale trade (no motor vehicles);1996 December;52;16;36
9478;46 Wholesale trade (no motor vehicles);1996 4th quarter;179;57;122
9479;46 Wholesale trade (no motor vehicles);1996;754;236;518
9480;46 Wholesale trade (no motor vehicles);1997 January;64;20;44
9481;46 Wholesale trade (no motor vehicles);1997 February;62;24;38
9482;46 Wholesale trade (no motor vehicles);1997 March;43;8;35
9483;46 Wholesale trade (no motor vehicles);1997 1st quarter;169;52;117
9484;46 Wholesale trade (no motor vehicles);1997 April;67;21;46
9485;46 Wholesale trade (no motor vehicles);1997 May;57;17;40
9486;46 Wholesale trade (no motor vehicles);1997 June;55;11;44
9487;46 Wholesale trade (no motor vehicles);1997 2nd quarter;179;49;130
9488;46 Wholesale trade (no motor vehicles);1997 July;72;20;52
9489;46 Wholesale trade (no motor vehicles);1997 August;47;14;33
9490;46 Wholesale trade (no motor vehicles);1997 September;61;21;40
9491;46 Wholesale trade (no motor vehicles);1997 3rd quarter;180;55;125
9492;46 Wholesale trade (no motor vehicles);1997 October;72;19;53
9493;46 Wholesale trade (no motor vehicles);1997 November;59;16;43
9494;46 Wholesale trade (no motor vehicles);1997 December;55;11;44
9495;46 Wholesale trade (no motor vehicles);1997 4th quarter;186;46;140
9496;46 Wholesale trade (no motor vehicles);1997;714;202;512
9497;46 Wholesale trade (no motor vehicles);1998 January;53;17;36
9498;46 Wholesale trade (no motor vehicles);1998 February;58;17;41
9499;46 Wholesale trade (no motor vehicles);1998 March;73;27;46
9500;46 Wholesale trade (no motor vehicles);1998 1st quarter;184;61;123
9501;46 Wholesale trade (no motor vehicles);1998 April;57;20;37
9502;46 Wholesale trade (no motor vehicles);1998 May;50;16;34
9503;46 Wholesale trade (no motor vehicles);1998 June;45;12;33
9504;46 Wholesale trade (no motor vehicles);1998 2nd quarter;152;48;104
9505;46 Wholesale trade (no motor vehicles);1998 July;55;21;34
9506;46 Wholesale trade (no motor vehicles);1998 August;37;12;25
9507;46 Wholesale trade (no motor vehicles);1998 September;64;21;43
9508;46 Wholesale trade (no motor vehicles);1998 3rd quarter;156;54;102
9509;46 Wholesale trade (no motor vehicles);1998 October;58;17;41
9510;46 Wholesale trade (no motor vehicles);1998 November;41;10;31
9511;46 Wholesale trade (no motor vehicles);1998 December;54;4;50
9512;46 Wholesale trade (no motor vehicles);1998 4th quarter;153;31;122
9513;46 Wholesale trade (no motor vehicles);1998;645;194;451
9514;46 Wholesale trade (no motor vehicles);1999 January;43;6;37
9515;46 Wholesale trade (no motor vehicles);1999 February;48;8;40
9516;46 Wholesale trade (no motor vehicles);1999 March;65;15;50
9517;46 Wholesale trade (no motor vehicles);1999 1st quarter;156;29;127
9518;46 Wholesale trade (no motor vehicles);1999 April;52;5;47
9519;46 Wholesale trade (no motor vehicles);1999 May;49;12;37
9520;46 Wholesale trade (no motor vehicles);1999 June;60;11;49
9521;46 Wholesale trade (no motor vehicles);1999 2nd quarter;161;28;133
9522;46 Wholesale trade (no motor vehicles);1999 July;40;13;27
9523;46 Wholesale trade (no motor vehicles);1999 August;47;9;38
9524;46 Wholesale trade (no motor vehicles);1999 September;45;10;35
9525;46 Wholesale trade (no motor vehicles);1999 3rd quarter;132;32;100
9526;46 Wholesale trade (no motor vehicles);1999 October;37;10;27
9527;46 Wholesale trade (no motor vehicles);1999 November;59;8;51
9528;46 Wholesale trade (no motor vehicles);1999 December;42;9;33
9529;46 Wholesale trade (no motor vehicles);1999 4th quarter;138;27;111
9530;46 Wholesale trade (no motor vehicles);1999;587;116;471
9531;46 Wholesale trade (no motor vehicles);2000 January;31;11;20
9532;46 Wholesale trade (no motor vehicles);2000 February;44;9;35
9533;46 Wholesale trade (no motor vehicles);2000 March;46;9;37
9534;46 Wholesale trade (no motor vehicles);2000 1st quarter;121;29;92
9535;46 Wholesale trade (no motor vehicles);2000 April;30;8;22
9536;46 Wholesale trade (no motor vehicles);2000 May;53;6;47
9537;46 Wholesale trade (no motor vehicles);2000 June;50;8;42
9538;46 Wholesale trade (no motor vehicles);2000 2nd quarter;133;22;111
9539;46 Wholesale trade (no motor vehicles);2000 July;44;3;41
9540;46 Wholesale trade (no motor vehicles);2000 August;56;11;45
9541;46 Wholesale trade (no motor vehicles);2000 September;51;10;41
9542;46 Wholesale trade (no motor vehicles);2000 3rd quarter;151;24;127
9543;46 Wholesale trade (no motor vehicles);2000 October;68;5;63
9544;46 Wholesale trade (no motor vehicles);2000 November;55;11;44
9545;46 Wholesale trade (no motor vehicles);2000 December;40;5;35
9546;46 Wholesale trade (no motor vehicles);2000 4th quarter;163;21;142
9547;46 Wholesale trade (no motor vehicles);2000;568;96;472
9548;46 Wholesale trade (no motor vehicles);2001 January;65;15;50
9549;46 Wholesale trade (no motor vehicles);2001 February;50;7;43
9550;46 Wholesale trade (no motor vehicles);2001 March;39;7;32
9551;46 Wholesale trade (no motor vehicles);2001 1st quarter;154;29;125
9552;46 Wholesale trade (no motor vehicles);2001 April;54;11;43
9553;46 Wholesale trade (no motor vehicles);2001 May;58;10;48
9554;46 Wholesale trade (no motor vehicles);2001 June;48;6;42
9555;46 Wholesale trade (no motor vehicles);2001 2nd quarter;160;27;133
9556;46 Wholesale trade (no motor vehicles);2001 July;46;11;35
9557;46 Wholesale trade (no motor vehicles);2001 August;55;14;41
9558;46 Wholesale trade (no motor vehicles);2001 September;50;5;45
9559;46 Wholesale trade (no motor vehicles);2001 3rd quarter;151;30;121
9560;46 Wholesale trade (no motor vehicles);2001 October;57;10;47
9561;46 Wholesale trade (no motor vehicles);2001 November;44;6;38
9562;46 Wholesale trade (no motor vehicles);2001 December;50;5;45
9563;46 Wholesale trade (no motor vehicles);2001 4th quarter;151;21;130
9564;46 Wholesale trade (no motor vehicles);2001;616;107;509
9565;46 Wholesale trade (no motor vehicles);2002 January;68;12;56
9566;46 Wholesale trade (no motor vehicles);2002 February;58;8;50
9567;46 Wholesale trade (no motor vehicles);2002 March;62;12;50
9568;46 Wholesale trade (no motor vehicles);2002 1st quarter;188;32;156
9569;46 Wholesale trade (no motor vehicles);2002 April;42;6;36
9570;46 Wholesale trade (no motor vehicles);2002 May;63;6;57
9571;46 Wholesale trade (no motor vehicles);2002 June;58;8;50
9572;46 Wholesale trade (no motor vehicles);2002 2nd quarter;163;20;143
9573;46 Wholesale trade (no motor vehicles);2002 July;69;5;64
9574;46 Wholesale trade (no motor vehicles);2002 August;42;10;32
9575;46 Wholesale trade (no motor vehicles);2002 September;44;3;41
9576;46 Wholesale trade (no motor vehicles);2002 3rd quarter;155;18;137
9577;46 Wholesale trade (no motor vehicles);2002 October;60;6;54
9578;46 Wholesale trade (no motor vehicles);2002 November;42;3;39
9579;46 Wholesale trade (no motor vehicles);2002 December;50;5;45
9580;46 Wholesale trade (no motor vehicles);2002 4th quarter;152;14;138
9581;46 Wholesale trade (no motor vehicles);2002;658;84;574
9582;46 Wholesale trade (no motor vehicles);2003 January;66;8;58
9583;46 Wholesale trade (no motor vehicles);2003 February;57;9;48
9584;46 Wholesale trade (no motor vehicles);2003 March;65;11;54
9585;46 Wholesale trade (no motor vehicles);2003 1st quarter;188;28;160
9586;46 Wholesale trade (no motor vehicles);2003 April;61;9;52
9587;46 Wholesale trade (no motor vehicles);2003 May;57;6;51
9588;46 Wholesale trade (no motor vehicles);2003 June;68;11;57
9589;46 Wholesale trade (no motor vehicles);2003 2nd quarter;186;26;160
9590;46 Wholesale trade (no motor vehicles);2003 July;62;9;53
9591;46 Wholesale trade (no motor vehicles);2003 August;45;11;34
9592;46 Wholesale trade (no motor vehicles);2003 September;75;6;69
9593;46 Wholesale trade (no motor vehicles);2003 3rd quarter;182;26;156
9594;46 Wholesale trade (no motor vehicles);2003 October;59;6;53
9595;46 Wholesale trade (no motor vehicles);2003 November;61;10;51
9596;46 Wholesale trade (no motor vehicles);2003 December;55;8;47
9597;46 Wholesale trade (no motor vehicles);2003 4th quarter;175;24;151
9598;46 Wholesale trade (no motor vehicles);2003;731;104;627
9599;46 Wholesale trade (no motor vehicles);2004 January;68;11;57
9600;46 Wholesale trade (no motor vehicles);2004 February;63;8;55
9601;46 Wholesale trade (no motor vehicles);2004 March;91;15;76
9602;46 Wholesale trade (no motor vehicles);2004 1st quarter;222;34;188
9603;46 Wholesale trade (no motor vehicles);2004 April;55;11;44
9604;46 Wholesale trade (no motor vehicles);2004 May;64;14;50
9605;46 Wholesale trade (no motor vehicles);2004 June;83;12;71
9606;46 Wholesale trade (no motor vehicles);2004 2nd quarter;202;37;165
9607;46 Wholesale trade (no motor vehicles);2004 July;78;10;68
9608;46 Wholesale trade (no motor vehicles);2004 August;67;10;57
9609;46 Wholesale trade (no motor vehicles);2004 September;77;9;68
9610;46 Wholesale trade (no motor vehicles);2004 3rd quarter;222;29;193
9611;46 Wholesale trade (no motor vehicles);2004 October;61;8;53
9612;46 Wholesale trade (no motor vehicles);2004 November;94;14;80
9613;46 Wholesale trade (no motor vehicles);2004 December;58;6;52
9614;46 Wholesale trade (no motor vehicles);2004 4th quarter;213;28;185
9615;46 Wholesale trade (no motor vehicles);2004;859;128;731
9616;46 Wholesale trade (no motor vehicles);2005 January;61;14;47
9617;46 Wholesale trade (no motor vehicles);2005 February;86;9;77
9618;46 Wholesale trade (no motor vehicles);2005 March;74;13;61
9619;46 Wholesale trade (no motor vehicles);2005 1st quarter;221;36;185
9620;46 Wholesale trade (no motor vehicles);2005 April;53;9;44
9621;46 Wholesale trade (no motor vehicles);2005 May;67;4;63
9622;46 Wholesale trade (no motor vehicles);2005 June;75;15;60
9623;46 Wholesale trade (no motor vehicles);2005 2nd quarter;195;28;167
9624;46 Wholesale trade (no motor vehicles);2005 July;59;11;48
9625;46 Wholesale trade (no motor vehicles);2005 August;75;18;57
9626;46 Wholesale trade (no motor vehicles);2005 September;61;13;48
9627;46 Wholesale trade (no motor vehicles);2005 3rd quarter;195;42;153
9628;46 Wholesale trade (no motor vehicles);2005 October;63;10;53
9629;46 Wholesale trade (no motor vehicles);2005 November;80;12;68
9630;46 Wholesale trade (no motor vehicles);2005 December;60;15;45
9631;46 Wholesale trade (no motor vehicles);2005 4th quarter;203;37;166
9632;46 Wholesale trade (no motor vehicles);2005;814;143;671
9633;46 Wholesale trade (no motor vehicles);2006 January;78;9;69
9634;46 Wholesale trade (no motor vehicles);2006 February;76;18;58
9635;46 Wholesale trade (no motor vehicles);2006 March;60;14;46
9636;46 Wholesale trade (no motor vehicles);2006 1st quarter;214;41;173
9637;46 Wholesale trade (no motor vehicles);2006 April;72;14;58
9638;46 Wholesale trade (no motor vehicles);2006 May;55;11;44
9639;46 Wholesale trade (no motor vehicles);2006 June;61;7;54
9640;46 Wholesale trade (no motor vehicles);2006 2nd quarter;188;32;156
9641;46 Wholesale trade (no motor vehicles);2006 July;49;8;41
9642;46 Wholesale trade (no motor vehicles);2006 August;61;14;47
9643;46 Wholesale trade (no motor vehicles);2006 September;56;9;47
9644;46 Wholesale trade (no motor vehicles);2006 3rd quarter;166;31;135
9645;46 Wholesale trade (no motor vehicles);2006 October;61;12;49
9646;46 Wholesale trade (no motor vehicles);2006 November;57;10;47
9647;46 Wholesale trade (no motor vehicles);2006 December;49;14;35
9648;46 Wholesale trade (no motor vehicles);2006 4th quarter;167;36;131
9649;46 Wholesale trade (no motor vehicles);2006;735;140;595
9650;46 Wholesale trade (no motor vehicles);2007 January;50;11;39
9651;46 Wholesale trade (no motor vehicles);2007 February;42;7;35
9652;46 Wholesale trade (no motor vehicles);2007 March;43;5;38
9653;46 Wholesale trade (no motor vehicles);2007 1st quarter;135;23;112
9654;46 Wholesale trade (no motor vehicles);2007 April;47;8;39
9655;46 Wholesale trade (no motor vehicles);2007 May;59;9;50
9656;46 Wholesale trade (no motor vehicles);2007 June;46;7;39
9657;46 Wholesale trade (no motor vehicles);2007 2nd quarter;152;24;128
9658;46 Wholesale trade (no motor vehicles);2007 July;61;5;56
9659;46 Wholesale trade (no motor vehicles);2007 August;55;10;45
9660;46 Wholesale trade (no motor vehicles);2007 September;35;5;30
9661;46 Wholesale trade (no motor vehicles);2007 3rd quarter;151;20;131
9662;46 Wholesale trade (no motor vehicles);2007 October;58;6;52
9663;46 Wholesale trade (no motor vehicles);2007 November;45;8;37
9664;46 Wholesale trade (no motor vehicles);2007 December;56;8;48
9665;46 Wholesale trade (no motor vehicles);2007 4th quarter;159;22;137
9666;46 Wholesale trade (no motor vehicles);2007;597;89;508
9667;46 Wholesale trade (no motor vehicles);2008 January;44;5;39
9668;46 Wholesale trade (no motor vehicles);2008 February;54;2;52
9669;46 Wholesale trade (no motor vehicles);2008 March;49;8;41
9670;46 Wholesale trade (no motor vehicles);2008 1st quarter;147;15;132
9671;46 Wholesale trade (no motor vehicles);2008 April;45;9;36
9672;46 Wholesale trade (no motor vehicles);2008 May;34;6;28
9673;46 Wholesale trade (no motor vehicles);2008 June;53;8;45
9674;46 Wholesale trade (no motor vehicles);2008 2nd quarter;132;23;109
9675;46 Wholesale trade (no motor vehicles);2008 July;50;4;46
9676;46 Wholesale trade (no motor vehicles);2008 August;44;6;38
9677;46 Wholesale trade (no motor vehicles);2008 September;68;8;60
9678;46 Wholesale trade (no motor vehicles);2008 3rd quarter;162;18;144
9679;46 Wholesale trade (no motor vehicles);2008 October;51;1;50
9680;46 Wholesale trade (no motor vehicles);2008 November;52;2;50
9681;46 Wholesale trade (no motor vehicles);2008 December;58;3;55
9682;46 Wholesale trade (no motor vehicles);2008 4th quarter;161;6;155
9683;46 Wholesale trade (no motor vehicles);2008;602;62;540
9684;46 Wholesale trade (no motor vehicles);2009 January;55;5;50
9685;46 Wholesale trade (no motor vehicles);2009 February;74;8;66
9686;46 Wholesale trade (no motor vehicles);2009 March;100;8;92
9687;46 Wholesale trade (no motor vehicles);2009 1st quarter;229;21;208
9688;46 Wholesale trade (no motor vehicles);2009 April;87;8;79
9689;46 Wholesale trade (no motor vehicles);2009 May;82;4;78
9690;46 Wholesale trade (no motor vehicles);2009 June;98;5;93
9691;46 Wholesale trade (no motor vehicles);2009 2nd quarter;267;17;250
9692;46 Wholesale trade (no motor vehicles);2009 July;79;3;76
9693;46 Wholesale trade (no motor vehicles);2009 August;65;7;58
9694;46 Wholesale trade (no motor vehicles);2009 September;77;7;70
9695;46 Wholesale trade (no motor vehicles);2009 3rd quarter;221;17;204
9696;46 Wholesale trade (no motor vehicles);2009 October;55;5;50
9697;46 Wholesale trade (no motor vehicles);2009 November;102;4;98
9698;46 Wholesale trade (no motor vehicles);2009 December;79;9;70
9699;46 Wholesale trade (no motor vehicles);2009 4th quarter;236;18;218
9700;46 Wholesale trade (no motor vehicles);2009;953;73;880
9701;46 Wholesale trade (no motor vehicles);2010 January;72;9;63
9702;46 Wholesale trade (no motor vehicles);2010 February;69;5;64
9703;46 Wholesale trade (no motor vehicles);2010 March;87;11;76
9704;46 Wholesale trade (no motor vehicles);2010 1st quarter;228;25;203
9705;46 Wholesale trade (no motor vehicles);2010 April;51;7;44
9706;46 Wholesale trade (no motor vehicles);2010 May;63;3;60
9707;46 Wholesale trade (no motor vehicles);2010 June;111;5;106
9708;46 Wholesale trade (no motor vehicles);2010 2nd quarter;225;15;210
9709;46 Wholesale trade (no motor vehicles);2010 July;86;4;82
9710;46 Wholesale trade (no motor vehicles);2010 August;62;2;60
9711;46 Wholesale trade (no motor vehicles);2010 September;69;3;66
9712;46 Wholesale trade (no motor vehicles);2010 3rd quarter;217;9;208
9713;46 Wholesale trade (no motor vehicles);2010 October;64;3;61
9714;46 Wholesale trade (no motor vehicles);2010 November;74;6;68
9715;46 Wholesale trade (no motor vehicles);2010 December;74;5;69
9716;46 Wholesale trade (no motor vehicles);2010 4th quarter;212;14;198
9717;46 Wholesale trade (no motor vehicles);2010;882;63;819
9718;46 Wholesale trade (no motor vehicles);2011 January;78;3;75
9719;46 Wholesale trade (no motor vehicles);2011 February;66;3;63
9720;46 Wholesale trade (no motor vehicles);2011 March;59;9;50
9721;46 Wholesale trade (no motor vehicles);2011 1st quarter;203;15;188
9722;46 Wholesale trade (no motor vehicles);2011 April;49;4;45
9723;46 Wholesale trade (no motor vehicles);2011 May;86;10;76
9724;46 Wholesale trade (no motor vehicles);2011 June;54;5;49
9725;46 Wholesale trade (no motor vehicles);2011 2nd quarter;189;19;170
9726;46 Wholesale trade (no motor vehicles);2011 July;56;3;53
9727;46 Wholesale trade (no motor vehicles);2011 August;67;4;63
9728;46 Wholesale trade (no motor vehicles);2011 September;56;8;48
9729;46 Wholesale trade (no motor vehicles);2011 3rd quarter;179;15;164
9730;46 Wholesale trade (no motor vehicles);2011 October;67;2;65
9731;46 Wholesale trade (no motor vehicles);2011 November;80;4;76
9732;46 Wholesale trade (no motor vehicles);2011 December;61;1;60
9733;46 Wholesale trade (no motor vehicles);2011 4th quarter;208;7;201
9734;46 Wholesale trade (no motor vehicles);2011;779;56;723
9735;46 Wholesale trade (no motor vehicles);2012 January;93;7;86
9736;46 Wholesale trade (no motor vehicles);2012 February;63;6;57
9737;46 Wholesale trade (no motor vehicles);2012 March;71;6;65
9738;46 Wholesale trade (no motor vehicles);2012 1st quarter;227;19;208
9739;46 Wholesale trade (no motor vehicles);2012 April;72;6;66
9740;46 Wholesale trade (no motor vehicles);2012 May;88;6;82
9741;46 Wholesale trade (no motor vehicles);2012 June;75;4;71
9742;46 Wholesale trade (no motor vehicles);2012 2nd quarter;235;16;219
9743;46 Wholesale trade (no motor vehicles);2012 July ;91;9;82
9744;46 Wholesale trade (no motor vehicles);2012 August;54;5;49
9745;46 Wholesale trade (no motor vehicles);2012 September;55;6;49
9746;46 Wholesale trade (no motor vehicles);2012 3rd quarter;200;20;180
9747;46 Wholesale trade (no motor vehicles);2012 October;87;7;80
9748;46 Wholesale trade (no motor vehicles);2012 November;75;9;66
9749;46 Wholesale trade (no motor vehicles);2012 December;59;3;56
9750;46 Wholesale trade (no motor vehicles);2012 4th quarter;221;19;202
9751;46 Wholesale trade (no motor vehicles);2012;883;74;809
9752;46 Wholesale trade (no motor vehicles);2013 January;91;8;83
9753;46 Wholesale trade (no motor vehicles);2013 February;75;7;68
9754;46 Wholesale trade (no motor vehicles);2013 March;76;7;69
9755;46 Wholesale trade (no motor vehicles);2013 1st quarter;242;22;220
9756;46 Wholesale trade (no motor vehicles);2013 April;76;3;73
9757;46 Wholesale trade (no motor vehicles);2013 May;89;9;80
9758;46 Wholesale trade (no motor vehicles);2013 June;90;6;84
9759;46 Wholesale trade (no motor vehicles);2013 2nd quarter;255;18;237
9760;46 Wholesale trade (no motor vehicles);2013 July;126;8;118
9761;46 Wholesale trade (no motor vehicles);2013 August;83;7;76
9762;46 Wholesale trade (no motor vehicles);2013 September;79;6;73
9763;46 Wholesale trade (no motor vehicles);2013 3rd quarter;288;21;267
9764;46 Wholesale trade (no motor vehicles);2013 October;87;7;80
9765;46 Wholesale trade (no motor vehicles);2013 November;75;3;72
9766;46 Wholesale trade (no motor vehicles);2013 December;60;10;50
9767;46 Wholesale trade (no motor vehicles);2013 4th quarter;222;20;202
9768;46 Wholesale trade (no motor vehicles);2013;1007;81;926
9769;46 Wholesale trade (no motor vehicles);2014 January;86;8;78
9770;46 Wholesale trade (no motor vehicles);2014 February;72;6;66
9771;46 Wholesale trade (no motor vehicles);2014 March;90;7;83
9772;46 Wholesale trade (no motor vehicles);2014 1st quarter;248;21;227
9773;46 Wholesale trade (no motor vehicles);2014 April;110;8;102
9774;47 Retail trade (not in motor vehicles);1993 January;45;29;16
9775;47 Retail trade (not in motor vehicles);1993 February;34;16;18
9776;47 Retail trade (not in motor vehicles);1993 March;44;27;17
9777;47 Retail trade (not in motor vehicles);1993 1st quarter;123;72;51
9778;47 Retail trade (not in motor vehicles);1993 April;42;27;15
9779;47 Retail trade (not in motor vehicles);1993 May;31;19;12
9780;47 Retail trade (not in motor vehicles);1993 June;53;29;24
9781;47 Retail trade (not in motor vehicles);1993 2nd quarter;126;75;51
9782;47 Retail trade (not in motor vehicles);1993 July;37;23;14
9783;47 Retail trade (not in motor vehicles);1993 August;38;21;17
9784;47 Retail trade (not in motor vehicles);1993 September;45;25;20
9785;47 Retail trade (not in motor vehicles);1993 3rd quarter;120;69;51
9786;47 Retail trade (not in motor vehicles);1993 October;39;30;9
9787;47 Retail trade (not in motor vehicles);1993 November;51;36;15
9788;47 Retail trade (not in motor vehicles);1993 December;43;33;10
9789;47 Retail trade (not in motor vehicles);1993 4th quarter;133;99;34
9790;47 Retail trade (not in motor vehicles);1993;502;315;187
9791;47 Retail trade (not in motor vehicles);1994 January;53;28;25
9792;47 Retail trade (not in motor vehicles);1994 February;47;27;20
9793;47 Retail trade (not in motor vehicles);1994 March;70;47;23
9794;47 Retail trade (not in motor vehicles);1994 1st quarter;170;102;68
9795;47 Retail trade (not in motor vehicles);1994 April;38;32;6
9796;47 Retail trade (not in motor vehicles);1994 May;39;25;14
9797;47 Retail trade (not in motor vehicles);1994 June;36;27;9
9798;47 Retail trade (not in motor vehicles);1994 2nd quarter;113;84;29
9799;47 Retail trade (not in motor vehicles);1994 July;50;30;20
9800;47 Retail trade (not in motor vehicles);1994 August;62;41;21
9801;47 Retail trade (not in motor vehicles);1994 September;52;34;18
9802;47 Retail trade (not in motor vehicles);1994 3rd quarter;164;105;59
9803;47 Retail trade (not in motor vehicles);1994 October;32;20;12
9804;47 Retail trade (not in motor vehicles);1994 November;62;39;23
9805;47 Retail trade (not in motor vehicles);1994 December;41;24;17
9806;47 Retail trade (not in motor vehicles);1994 4th quarter;135;83;52
9807;47 Retail trade (not in motor vehicles);1994;582;374;208
9808;47 Retail trade (not in motor vehicles);1995 January;58;36;22
9809;47 Retail trade (not in motor vehicles);1995 February;63;46;17
9810;47 Retail trade (not in motor vehicles);1995 March;48;35;13
9811;47 Retail trade (not in motor vehicles);1995 1st quarter;169;117;52
9812;47 Retail trade (not in motor vehicles);1995 April;48;27;21
9813;47 Retail trade (not in motor vehicles);1995 May;54;33;21
9814;47 Retail trade (not in motor vehicles);1995 June;45;30;15
9815;47 Retail trade (not in motor vehicles);1995 2nd quarter;147;90;57
9816;47 Retail trade (not in motor vehicles);1995 July;55;33;22
9817;47 Retail trade (not in motor vehicles);1995 August;50;31;19
9818;47 Retail trade (not in motor vehicles);1995 September;40;25;15
9819;47 Retail trade (not in motor vehicles);1995 3rd quarter;145;89;56
9820;47 Retail trade (not in motor vehicles);1995 October;46;26;20
9821;47 Retail trade (not in motor vehicles);1995 November;49;29;20
9822;47 Retail trade (not in motor vehicles);1995 December;46;32;14
9823;47 Retail trade (not in motor vehicles);1995 4th quarter;141;87;54
9824;47 Retail trade (not in motor vehicles);1995;602;383;219
9825;47 Retail trade (not in motor vehicles);1996 January;65;37;28
9826;47 Retail trade (not in motor vehicles);1996 February;57;41;16
9827;47 Retail trade (not in motor vehicles);1996 March;49;33;16
9828;47 Retail trade (not in motor vehicles);1996 1st quarter;171;111;60
9829;47 Retail trade (not in motor vehicles);1996 April;45;21;24
9830;47 Retail trade (not in motor vehicles);1996 May;45;28;17
9831;47 Retail trade (not in motor vehicles);1996 June;47;28;19
9832;47 Retail trade (not in motor vehicles);1996 2nd quarter;137;77;60
9833;47 Retail trade (not in motor vehicles);1996 July;55;29;26
9834;47 Retail trade (not in motor vehicles);1996 August;39;22;17
9835;47 Retail trade (not in motor vehicles);1996 September;37;15;22
9836;47 Retail trade (not in motor vehicles);1996 3rd quarter;131;66;65
9837;47 Retail trade (not in motor vehicles);1996 October;56;42;14
9838;47 Retail trade (not in motor vehicles);1996 November;40;25;15
9839;47 Retail trade (not in motor vehicles);1996 December;31;20;11
9840;47 Retail trade (not in motor vehicles);1996 4th quarter;127;87;40
9841;47 Retail trade (not in motor vehicles);1996;566;341;225
9842;47 Retail trade (not in motor vehicles);1997 January;53;40;13
9843;47 Retail trade (not in motor vehicles);1997 February;45;28;17
9844;47 Retail trade (not in motor vehicles);1997 March;28;15;13
9845;47 Retail trade (not in motor vehicles);1997 1st quarter;126;83;43
9846;47 Retail trade (not in motor vehicles);1997 April;45;31;14
9847;47 Retail trade (not in motor vehicles);1997 May;36;26;10
9848;47 Retail trade (not in motor vehicles);1997 June;39;21;18
9849;47 Retail trade (not in motor vehicles);1997 2nd quarter;120;78;42
9850;47 Retail trade (not in motor vehicles);1997 July;56;23;33
9851;47 Retail trade (not in motor vehicles);1997 August;29;14;15
9852;47 Retail trade (not in motor vehicles);1997 September;37;26;11
9853;47 Retail trade (not in motor vehicles);1997 3rd quarter;122;63;59
9854;47 Retail trade (not in motor vehicles);1997 October;56;30;26
9855;47 Retail trade (not in motor vehicles);1997 November;35;18;17
9856;47 Retail trade (not in motor vehicles);1997 December;52;34;18
9857;47 Retail trade (not in motor vehicles);1997 4th quarter;143;82;61
9858;47 Retail trade (not in motor vehicles);1997;511;306;205
9859;47 Retail trade (not in motor vehicles);1998 January;40;28;12
9860;47 Retail trade (not in motor vehicles);1998 February;45;23;22
9861;47 Retail trade (not in motor vehicles);1998 March;50;35;15
9862;47 Retail trade (not in motor vehicles);1998 1st quarter;135;86;49
9863;47 Retail trade (not in motor vehicles);1998 April;43;17;26
9864;47 Retail trade (not in motor vehicles);1998 May;31;19;12
9865;47 Retail trade (not in motor vehicles);1998 June;53;35;18
9866;47 Retail trade (not in motor vehicles);1998 2nd quarter;127;71;56
9867;47 Retail trade (not in motor vehicles);1998 July;37;18;19
9868;47 Retail trade (not in motor vehicles);1998 August;29;16;13
9869;47 Retail trade (not in motor vehicles);1998 September;42;23;19
9870;47 Retail trade (not in motor vehicles);1998 3rd quarter;108;57;51
9871;47 Retail trade (not in motor vehicles);1998 October;25;15;10
9872;47 Retail trade (not in motor vehicles);1998 November;29;19;10
9873;47 Retail trade (not in motor vehicles);1998 December;11;4;7
9874;47 Retail trade (not in motor vehicles);1998 4th quarter;65;38;27
9875;47 Retail trade (not in motor vehicles);1998;435;252;183
9876;47 Retail trade (not in motor vehicles);1999 January;18;12;6
9877;47 Retail trade (not in motor vehicles);1999 February;20;11;9
9878;47 Retail trade (not in motor vehicles);1999 March;28;13;15
9879;47 Retail trade (not in motor vehicles);1999 1st quarter;66;36;30
9880;47 Retail trade (not in motor vehicles);1999 April;32;16;16
9881;47 Retail trade (not in motor vehicles);1999 May;27;6;21
9882;47 Retail trade (not in motor vehicles);1999 June;31;12;19
9883;47 Retail trade (not in motor vehicles);1999 2nd quarter;90;34;56
9884;47 Retail trade (not in motor vehicles);1999 July;13;5;8
9885;47 Retail trade (not in motor vehicles);1999 August;15;6;9
9886;47 Retail trade (not in motor vehicles);1999 September;19;8;11
9887;47 Retail trade (not in motor vehicles);1999 3rd quarter;47;19;28
9888;47 Retail trade (not in motor vehicles);1999 October;20;7;13
9889;47 Retail trade (not in motor vehicles);1999 November;23;10;13
9890;47 Retail trade (not in motor vehicles);1999 December;19;14;5
9891;47 Retail trade (not in motor vehicles);1999 4th quarter;62;31;31
9892;47 Retail trade (not in motor vehicles);1999;265;120;145
9893;47 Retail trade (not in motor vehicles);2000 January;20;9;11
9894;47 Retail trade (not in motor vehicles);2000 February;35;14;21
9895;47 Retail trade (not in motor vehicles);2000 March;24;11;13
9896;47 Retail trade (not in motor vehicles);2000 1st quarter;79;34;45
9897;47 Retail trade (not in motor vehicles);2000 April;25;13;12
9898;47 Retail trade (not in motor vehicles);2000 May;20;8;12
9899;47 Retail trade (not in motor vehicles);2000 June;23;7;16
9900;47 Retail trade (not in motor vehicles);2000 2nd quarter;68;28;40
9901;47 Retail trade (not in motor vehicles);2000 July;24;7;17
9902;47 Retail trade (not in motor vehicles);2000 August;32;15;17
9903;47 Retail trade (not in motor vehicles);2000 September;26;14;12
9904;47 Retail trade (not in motor vehicles);2000 3rd quarter;82;36;46
9905;47 Retail trade (not in motor vehicles);2000 October;28;11;17
9906;47 Retail trade (not in motor vehicles);2000 November;23;13;10
9907;47 Retail trade (not in motor vehicles);2000 December;27;7;20
9908;47 Retail trade (not in motor vehicles);2000 4th quarter;78;31;47
9909;47 Retail trade (not in motor vehicles);2000;307;129;178
9910;47 Retail trade (not in motor vehicles);2001 January;14;6;8
9911;47 Retail trade (not in motor vehicles);2001 February;41;10;31
9912;47 Retail trade (not in motor vehicles);2001 March;22;8;14
9913;47 Retail trade (not in motor vehicles);2001 1st quarter;77;24;53
9914;47 Retail trade (not in motor vehicles);2001 April;22;7;15
9915;47 Retail trade (not in motor vehicles);2001 May;34;12;22
9916;47 Retail trade (not in motor vehicles);2001 June;23;12;11
9917;47 Retail trade (not in motor vehicles);2001 2nd quarter;79;31;48
9918;47 Retail trade (not in motor vehicles);2001 July;36;13;23
9919;47 Retail trade (not in motor vehicles);2001 August;38;14;24
9920;47 Retail trade (not in motor vehicles);2001 September;27;10;17
9921;47 Retail trade (not in motor vehicles);2001 3rd quarter;101;37;64
9922;47 Retail trade (not in motor vehicles);2001 October;29;13;16
9923;47 Retail trade (not in motor vehicles);2001 November;25;7;18
9924;47 Retail trade (not in motor vehicles);2001 December;23;9;14
9925;47 Retail trade (not in motor vehicles);2001 4th quarter;77;29;48
9926;47 Retail trade (not in motor vehicles);2001;334;121;213
9927;47 Retail trade (not in motor vehicles);2002 January;37;10;27
9928;47 Retail trade (not in motor vehicles);2002 February;32;14;18
9929;47 Retail trade (not in motor vehicles);2002 March;26;11;15
9930;47 Retail trade (not in motor vehicles);2002 1st quarter;95;35;60
9931;47 Retail trade (not in motor vehicles);2002 April;29;11;18
9932;47 Retail trade (not in motor vehicles);2002 May;23;7;16
9933;47 Retail trade (not in motor vehicles);2002 June;35;21;14
9934;47 Retail trade (not in motor vehicles);2002 2nd quarter;87;39;48
9935;47 Retail trade (not in motor vehicles);2002 July;30;10;20
9936;47 Retail trade (not in motor vehicles);2002 August;26;8;18
9937;47 Retail trade (not in motor vehicles);2002 September;28;13;15
9938;47 Retail trade (not in motor vehicles);2002 3rd quarter;84;31;53
9939;47 Retail trade (not in motor vehicles);2002 October;31;13;18
9940;47 Retail trade (not in motor vehicles);2002 November;18;2;16
9941;47 Retail trade (not in motor vehicles);2002 December;27;7;20
9942;47 Retail trade (not in motor vehicles);2002 4th quarter;76;22;54
9943;47 Retail trade (not in motor vehicles);2002;342;127;215
9944;47 Retail trade (not in motor vehicles);2003 January;29;12;17
9945;47 Retail trade (not in motor vehicles);2003 February;29;8;21
9946;47 Retail trade (not in motor vehicles);2003 March;33;11;22
9947;47 Retail trade (not in motor vehicles);2003 1st quarter;91;31;60
9948;47 Retail trade (not in motor vehicles);2003 April;44;15;29
9949;47 Retail trade (not in motor vehicles);2003 May;34;9;25
9950;47 Retail trade (not in motor vehicles);2003 June;32;8;24
9951;47 Retail trade (not in motor vehicles);2003 2nd quarter;110;32;78
9952;47 Retail trade (not in motor vehicles);2003 July;28;8;20
9953;47 Retail trade (not in motor vehicles);2003 August;37;5;32
9954;47 Retail trade (not in motor vehicles);2003 September;40;12;28
9955;47 Retail trade (not in motor vehicles);2003 3rd quarter;105;25;80
9956;47 Retail trade (not in motor vehicles);2003 October;44;11;33
9957;47 Retail trade (not in motor vehicles);2003 November;41;7;34
9958;47 Retail trade (not in motor vehicles);2003 December;37;9;28
9959;47 Retail trade (not in motor vehicles);2003 4th quarter;122;27;95
9960;47 Retail trade (not in motor vehicles);2003;428;115;313
9961;47 Retail trade (not in motor vehicles);2004 January;38;18;20
9962;47 Retail trade (not in motor vehicles);2004 February;36;15;21
9963;47 Retail trade (not in motor vehicles);2004 March;46;15;31
9964;47 Retail trade (not in motor vehicles);2004 1st quarter;120;48;72
9965;47 Retail trade (not in motor vehicles);2004 April;27;7;20
9966;47 Retail trade (not in motor vehicles);2004 May;39;13;26
9967;47 Retail trade (not in motor vehicles);2004 June;56;17;39
9968;47 Retail trade (not in motor vehicles);2004 2nd quarter;122;37;85
9969;47 Retail trade (not in motor vehicles);2004 July;45;14;31
9970;47 Retail trade (not in motor vehicles);2004 August;45;20;25
9971;47 Retail trade (not in motor vehicles);2004 September;59;23;36
9972;47 Retail trade (not in motor vehicles);2004 3rd quarter;149;57;92
9973;47 Retail trade (not in motor vehicles);2004 October;43;13;30
9974;47 Retail trade (not in motor vehicles);2004 November;50;14;36
9975;47 Retail trade (not in motor vehicles);2004 December;45;12;33
9976;47 Retail trade (not in motor vehicles);2004 4th quarter;138;39;99
9977;47 Retail trade (not in motor vehicles);2004;529;181;348
9978;47 Retail trade (not in motor vehicles);2005 January;52;19;33
9979;47 Retail trade (not in motor vehicles);2005 February;48;20;28
9980;47 Retail trade (not in motor vehicles);2005 March;73;22;51
9981;47 Retail trade (not in motor vehicles);2005 1st quarter;173;61;112
9982;47 Retail trade (not in motor vehicles);2005 April;59;18;41
9983;47 Retail trade (not in motor vehicles);2005 May;52;26;26
9984;47 Retail trade (not in motor vehicles);2005 June;55;17;38
9985;47 Retail trade (not in motor vehicles);2005 2nd quarter;166;61;105
9986;47 Retail trade (not in motor vehicles);2005 July;52;18;34
9987;47 Retail trade (not in motor vehicles);2005 August;50;20;30
9988;47 Retail trade (not in motor vehicles);2005 September;51;15;36
9989;47 Retail trade (not in motor vehicles);2005 3rd quarter;153;53;100
9990;47 Retail trade (not in motor vehicles);2005 October;42;21;21
9991;47 Retail trade (not in motor vehicles);2005 November;41;15;26
9992;47 Retail trade (not in motor vehicles);2005 December;31;11;20
9993;47 Retail trade (not in motor vehicles);2005 4th quarter;114;47;67
9994;47 Retail trade (not in motor vehicles);2005;606;222;384
9995;47 Retail trade (not in motor vehicles);2006 January;49;27;22
9996;47 Retail trade (not in motor vehicles);2006 February;51;22;29
9997;47 Retail trade (not in motor vehicles);2006 March;59;22;37
9998;47 Retail trade (not in motor vehicles);2006 1st quarter;159;71;88
9999;47 Retail trade (not in motor vehicles);2006 April;50;32;18
