ID;AlleLeeftijden;Geslacht;RegioS2009;Perioden;TotaleBevolking_1;Autochtoon_2;Totaal1eEn2eGeneratie_3;k_1eGeneratie_4;k_2eGeneratie_5;Totaal1eEn2eGeneratie_6;k_1eGeneratie_7;k_2eGeneratie_8;Regiocode_9
0;Totaal over alle leeftijden;Mannen en vrouwen;Nederland;2010;16536250;13206953;1496127;642334;853793;1833170;1037434;795736;1
1;Totaal over alle leeftijden;Mannen en vrouwen;Nederland;2011;16585282;13211179;1511818;654013;857805;1862285;1042708;819577;1
2;Totaal over alle leeftijden;Mannen en vrouwen;Nederland;2012;16633470;13214388;1526189;664031;862158;1892893;1049146;843747;1
3;Totaal over alle leeftijden;Mannen en vrouwen;Nederland;2013;16681830;13218272;1539455;672852;866603;1924103;1057201;866902;1
4;Totaal over alle leeftijden;Mannen en vrouwen;Nederland;2014;16730595;13221868;1552073;680746;871327;1956654;1066912;889742;1
5;Totaal over alle leeftijden;Mannen en vrouwen;Nederland;2015;16779067;13224541;1564219;688035;876184;1990307;1078101;912206;1
6;Totaal over alle leeftijden;Mannen en vrouwen;Nederland;2016;16827459;13226368;1576481;695392;881089;2024610;1090331;934279;1
7;Totaal over alle leeftijden;Mannen en vrouwen;Nederland;2017;16875449;13227144;1589087;703107;885980;2059218;1103278;955940;1
8;Totaal over alle leeftijden;Mannen en vrouwen;Nederland;2018;16922424;13226600;1601874;710974;890900;2093950;1116730;977220;1
9;Totaal over alle leeftijden;Mannen en vrouwen;Nederland;2019;16968564;13225002;1614728;718968;895760;2128834;1130582;998252;1
10;Totaal over alle leeftijden;Mannen en vrouwen;Nederland;2020;17013626;13222430;1627680;727083;900597;2163516;1144563;1018953;1
11;Totaal over alle leeftijden;Mannen en vrouwen;Nederland;2021;17057908;13219372;1640680;735295;905385;2197856;1158376;1039480;1
12;Totaal over alle leeftijden;Mannen en vrouwen;Nederland;2022;17100823;13215619;1653579;743483;910096;2231625;1171791;1059834;1
13;Totaal over alle leeftijden;Mannen en vrouwen;Nederland;2023;17142470;13211179;1666467;751749;914718;2264824;1184873;1079951;1
14;Totaal over alle leeftijden;Mannen en vrouwen;Nederland;2024;17182683;13205779;1679297;760002;919295;2297607;1197663;1099944;1
15;Totaal over alle leeftijden;Mannen en vrouwen;Nederland;2025;17221070;13199201;1692038;768270;923768;2329831;1210076;1119755;1
16;Totaal over alle leeftijden;Mannen en vrouwen;Nederland;2026;17257494;13191336;1704692;776525;928167;2361466;1222097;1139369;1
17;Totaal over alle leeftijden;Mannen en vrouwen;Nederland;2027;17291703;13181960;1717229;784738;932491;2392514;1233785;1158729;1
18;Totaal over alle leeftijden;Mannen en vrouwen;Nederland;2028;17323798;13170897;1729722;792973;936749;2423179;1245142;1178037;1
19;Totaal over alle leeftijden;Mannen en vrouwen;Nederland;2029;17353418;13157979;1742132;801171;940961;2453307;1256112;1197195;1
20;Totaal over alle leeftijden;Mannen en vrouwen;Nederland;2030;17380280;13142981;1754561;809393;945168;2482738;1266529;1216209;1
21;Totaal over alle leeftijden;Mannen en vrouwen;Nederland;2031;17404593;13125576;1767012;817626;949386;2512005;1276736;1235269;1
22;Totaal over alle leeftijden;Mannen en vrouwen;Nederland;2032;17425825;13105620;1779417;825816;953601;2540788;1286488;1254300;1
23;Totaal over alle leeftijden;Mannen en vrouwen;Nederland;2033;17443836;13082922;1791852;834037;957815;2569062;1295771;1273291;1
24;Totaal over alle leeftijden;Mannen en vrouwen;Nederland;2034;17458444;13057251;1804253;842214;962039;2596940;1304731;1292209;1
25;Totaal over alle leeftijden;Mannen en vrouwen;Nederland;2035;17469445;13028499;1816627;850391;966236;2624319;1313174;1311145;1
26;Totaal over alle leeftijden;Mannen en vrouwen;Nederland;2036;17476920;12996666;1829005;858533;970472;2651249;1321152;1330097;1
27;Totaal over alle leeftijden;Mannen en vrouwen;Nederland;2037;17480922;12961725;1841372;866637;974735;2677825;1328796;1349029;1
28;Totaal over alle leeftijden;Mannen en vrouwen;Nederland;2038;17481504;12923914;1853688;874714;978974;2703902;1335898;1368004;1
29;Totaal over alle leeftijden;Mannen en vrouwen;Nederland;2039;17479143;12883474;1866037;882776;983261;2729632;1342703;1386929;1
30;Totaal over alle leeftijden;Mannen en vrouwen;Nederland;2040;17473817;12840719;1878309;890795;987514;2754789;1348973;1405816;1
31;Totaal over alle leeftijden;Mannen en vrouwen;Noord-Nederland (LD);2010;1713212;1534187;100555;40325;60230;78470;46059;32411;1
32;Totaal over alle leeftijden;Mannen en vrouwen;Noord-Nederland (LD);2011;1716122;1531662;101826;40972;60854;82634;47766;34868;1
33;Totaal over alle leeftijden;Mannen en vrouwen;Noord-Nederland (LD);2012;1718897;1529195;102978;41531;61447;86724;49392;37332;1
34;Totaal over alle leeftijden;Mannen en vrouwen;Noord-Nederland (LD);2013;1721816;1526650;104101;42083;62018;91065;51074;39991;1
35;Totaal over alle leeftijden;Mannen en vrouwen;Noord-Nederland (LD);2014;1724770;1524076;105058;42401;62657;95636;52921;42715;1
36;Totaal over alle leeftijden;Mannen en vrouwen;Noord-Nederland (LD);2015;1727441;1521320;106036;42646;63390;100085;54797;45288;1
37;Totaal over alle leeftijden;Mannen en vrouwen;Noord-Nederland (LD);2016;1729859;1518312;107104;43096;64008;104443;56489;47954;1
38;Totaal over alle leeftijden;Mannen en vrouwen;Noord-Nederland (LD);2017;1732546;1515197;108183;43521;64662;109166;58514;50652;1
39;Totaal over alle leeftijden;Mannen en vrouwen;Noord-Nederland (LD);2018;1735044;1512030;109240;43953;65287;113774;60477;53297;1
40;Totaal over alle leeftijden;Mannen en vrouwen;Noord-Nederland (LD);2019;1737480;1508825;110265;44469;65796;118390;62558;55832;1
41;Totaal over alle leeftijden;Mannen en vrouwen;Noord-Nederland (LD);2020;1740195;1505921;111317;44975;66342;122957;64510;58447;1
42;Totaal over alle leeftijden;Mannen en vrouwen;Noord-Nederland (LD);2021;1742832;1502724;112422;45526;66896;127686;66664;61022;1
43;Totaal over alle leeftijden;Mannen en vrouwen;Noord-Nederland (LD);2022;1745255;1499545;113368;45863;67505;132342;68589;63753;1
44;Totaal over alle leeftijden;Mannen en vrouwen;Noord-Nederland (LD);2023;1747755;1496461;114439;46383;68056;136855;70501;66354;1
45;Totaal over alle leeftijden;Mannen en vrouwen;Noord-Nederland (LD);2024;1750071;1493387;115504;46837;68667;141180;72236;68944;1
46;Totaal over alle leeftijden;Mannen en vrouwen;Noord-Nederland (LD);2025;1752117;1490128;116491;47338;69153;145498;74046;71452;1
47;Totaal over alle leeftijden;Mannen en vrouwen;Noord-Nederland (LD);2026;1754115;1486743;117479;47790;69689;149893;75831;74062;1
48;Totaal over alle leeftijden;Mannen en vrouwen;Noord-Nederland (LD);2027;1755826;1483226;118398;48176;70222;154202;77510;76692;1
49;Totaal over alle leeftijden;Mannen en vrouwen;Noord-Nederland (LD);2028;1757366;1479615;119434;48684;70750;158317;79329;78988;1
50;Totaal over alle leeftijden;Mannen en vrouwen;Noord-Nederland (LD);2029;1758872;1475965;120528;49155;71373;162379;81038;81341;1
51;Totaal over alle leeftijden;Mannen en vrouwen;Noord-Nederland (LD);2030;1759765;1471911;121349;49448;71901;166505;82779;83726;1
52;Totaal over alle leeftijden;Mannen en vrouwen;Noord-Nederland (LD);2031;1760722;1467930;122306;49916;72390;170486;84455;86031;1
53;Totaal over alle leeftijden;Mannen en vrouwen;Noord-Nederland (LD);2032;1761026;1463413;123379;50460;72919;174234;85961;88273;1
54;Totaal over alle leeftijden;Mannen en vrouwen;Noord-Nederland (LD);2033;1761324;1458888;124326;50876;73450;178110;87618;90492;1
55;Totaal over alle leeftijden;Mannen en vrouwen;Noord-Nederland (LD);2034;1761342;1454287;125317;51250;74067;181738;89099;92639;1
56;Totaal over alle leeftijden;Mannen en vrouwen;Noord-Nederland (LD);2035;1761045;1449163;126296;51614;74682;185586;90721;94865;1
57;Totaal over alle leeftijden;Mannen en vrouwen;Noord-Nederland (LD);2036;1760652;1444121;127322;52076;75246;189209;92209;97000;1
58;Totaal over alle leeftijden;Mannen en vrouwen;Noord-Nederland (LD);2037;1760118;1438779;128388;52578;75810;192951;93715;99236;1
59;Totaal over alle leeftijden;Mannen en vrouwen;Noord-Nederland (LD);2038;1758924;1433025;129224;52993;76231;196675;95130;101545;1
60;Totaal over alle leeftijden;Mannen en vrouwen;Noord-Nederland (LD);2039;1757562;1427106;130349;53531;76818;200107;96423;103684;1
61;Totaal over alle leeftijden;Mannen en vrouwen;Noord-Nederland (LD);2040;1756031;1421454;131330;53924;77406;203247;97555;105692;1
62;Totaal over alle leeftijden;Mannen en vrouwen;Oost-Nederland (LD);2010;3504417;2955832;262858;99077;163781;285727;160790;124937;2
63;Totaal over alle leeftijden;Mannen en vrouwen;Oost-Nederland (LD);2011;3512771;2955885;264411;100380;164031;292475;163060;129415;2
64;Totaal over alle leeftijden;Mannen en vrouwen;Oost-Nederland (LD);2012;3520760;2955657;266173;101677;164496;298930;165182;133748;2
65;Totaal over alle leeftijden;Mannen en vrouwen;Oost-Nederland (LD);2013;3530313;2956541;267761;102864;164897;306011;167901;138110;2
66;Totaal over alle leeftijden;Mannen en vrouwen;Oost-Nederland (LD);2014;3541130;2957950;269533;104028;165505;313647;170945;142702;2
67;Totaal over alle leeftijden;Mannen en vrouwen;Oost-Nederland (LD);2015;3553373;2960061;271558;105303;166255;321754;174200;147554;2
68;Totaal over alle leeftijden;Mannen en vrouwen;Oost-Nederland (LD);2016;3565133;2961917;273264;106354;166910;329952;177780;152172;2
69;Totaal over alle leeftijden;Mannen en vrouwen;Oost-Nederland (LD);2017;3577325;2964203;274973;107426;167547;338149;181374;156775;2
70;Totaal over alle leeftijden;Mannen en vrouwen;Oost-Nederland (LD);2018;3589409;2966131;276761;108531;168230;346517;185091;161426;2
71;Totaal over alle leeftijden;Mannen en vrouwen;Oost-Nederland (LD);2019;3600757;2966926;278484;109617;168867;355347;189038;166309;2
72;Totaal over alle leeftijden;Mannen en vrouwen;Oost-Nederland (LD);2020;3611686;2967924;280223;110640;169583;363539;192817;170722;2
73;Totaal over alle leeftijden;Mannen en vrouwen;Oost-Nederland (LD);2021;3622965;2968709;282143;111886;170257;372113;196729;175384;2
74;Totaal over alle leeftijden;Mannen en vrouwen;Oost-Nederland (LD);2022;3633079;2968501;284178;113266;170912;380400;200652;179748;2
75;Totaal over alle leeftijden;Mannen en vrouwen;Oost-Nederland (LD);2023;3643511;2968279;285994;114439;171555;389238;204560;184678;2
76;Totaal over alle leeftijden;Mannen en vrouwen;Oost-Nederland (LD);2024;3653700;2968175;287634;115665;171969;397891;208453;189438;2
77;Totaal over alle leeftijden;Mannen en vrouwen;Oost-Nederland (LD);2025;3662824;2967240;289483;116876;172607;406101;212171;193930;2
78;Totaal over alle leeftijden;Mannen en vrouwen;Oost-Nederland (LD);2026;3672144;2966808;291288;118147;173141;414048;215752;198296;2
79;Totaal over alle leeftijden;Mannen en vrouwen;Oost-Nederland (LD);2027;3680428;2965295;293154;119409;173745;421979;219090;202889;2
80;Totaal over alle leeftijden;Mannen en vrouwen;Oost-Nederland (LD);2028;3687514;2963071;294866;120550;174316;429577;222401;207176;2
81;Totaal over alle leeftijden;Mannen en vrouwen;Oost-Nederland (LD);2029;3693963;2959900;296604;121743;174861;437459;225801;211658;2
82;Totaal over alle leeftijden;Mannen en vrouwen;Oost-Nederland (LD);2030;3699149;2956144;297965;122862;175103;445040;229188;215852;2
83;Totaal over alle leeftijden;Mannen en vrouwen;Oost-Nederland (LD);2031;3704130;2952210;299555;123909;175646;452365;232344;220021;2
84;Totaal over alle leeftijden;Mannen en vrouwen;Oost-Nederland (LD);2032;3707419;2947015;301058;124929;176129;459346;235288;224058;2
85;Totaal over alle leeftijden;Mannen en vrouwen;Oost-Nederland (LD);2033;3709089;2940805;302130;125732;176398;466154;238222;227932;2
86;Totaal over alle leeftijden;Mannen en vrouwen;Oost-Nederland (LD);2034;3710166;2933782;303247;126642;176605;473137;240898;232239;2
87;Totaal over alle leeftijden;Mannen en vrouwen;Oost-Nederland (LD);2035;3709757;2925731;304295;127666;176629;479731;243558;236173;2
88;Totaal over alle leeftijden;Mannen en vrouwen;Oost-Nederland (LD);2036;3708016;2916416;305459;128544;176915;486141;246021;240120;2
89;Totaal over alle leeftijden;Mannen en vrouwen;Oost-Nederland (LD);2037;3704736;2906287;306357;129376;176981;492092;248300;243792;2
90;Totaal over alle leeftijden;Mannen en vrouwen;Oost-Nederland (LD);2038;3701045;2895448;307627;130262;177365;497970;250805;247165;2
91;Totaal over alle leeftijden;Mannen en vrouwen;Oost-Nederland (LD);2039;3696215;2883726;308572;131091;177481;503917;252975;250942;2
92;Totaal over alle leeftijden;Mannen en vrouwen;Oost-Nederland (LD);2040;3690733;2871524;309661;131915;177746;509548;255001;254547;2
93;Totaal over alle leeftijden;Mannen en vrouwen;West-Nederland (LD);2010;7759264;5770166;775897;363320;412577;1213201;685698;527503;3
94;Totaal over alle leeftijden;Mannen en vrouwen;West-Nederland (LD);2011;7794748;5782184;788026;371329;416697;1224538;684248;540290;3
95;Totaal over alle leeftijden;Mannen en vrouwen;West-Nederland (LD);2012;7830181;5793453;799043;378180;420863;1237685;684171;553514;3
96;Totaal over alle leeftijden;Mannen en vrouwen;West-Nederland (LD);2013;7863729;5803763;809326;384171;425155;1250640;684971;565669;3
97;Totaal over alle leeftijden;Mannen en vrouwen;West-Nederland (LD);2014;7895783;5813247;818753;389558;429195;1263783;686769;577014;3
98;Totaal over alle leeftijden;Mannen en vrouwen;West-Nederland (LD);2015;7926206;5821076;827736;394587;433149;1277394;689512;587882;3
99;Totaal over alle leeftijden;Mannen en vrouwen;West-Nederland (LD);2016;7956322;5828224;836815;399545;437270;1291283;692872;598411;3
100;Totaal over alle leeftijden;Mannen en vrouwen;West-Nederland (LD);2017;7985423;5834262;846074;404773;441301;1305087;696751;608336;3
101;Totaal over alle leeftijden;Mannen en vrouwen;West-Nederland (LD);2018;8013772;5839383;855244;409849;445395;1319145;701116;618029;3
102;Totaal over alle leeftijden;Mannen en vrouwen;West-Nederland (LD);2019;8041561;5844287;864439;415039;449400;1332835;705573;627262;3
103;Totaal over alle leeftijden;Mannen en vrouwen;West-Nederland (LD);2020;8068517;5847961;873691;420350;453341;1346865;709948;636917;3
104;Totaal over alle leeftijden;Mannen en vrouwen;West-Nederland (LD);2021;8094744;5852356;882543;425454;457089;1359845;714140;645705;3
105;Totaal over alle leeftijden;Mannen en vrouwen;West-Nederland (LD);2022;8120394;5856305;891561;430584;460977;1372528;717990;654538;3
106;Totaal over alle leeftijden;Mannen en vrouwen;West-Nederland (LD);2023;8144903;5859628;900461;435723;464738;1384814;721958;662856;3
107;Totaal over alle leeftijden;Mannen en vrouwen;West-Nederland (LD);2024;8168372;5861965;909581;440925;468656;1396826;725588;671238;3
108;Totaal over alle leeftijden;Mannen en vrouwen;West-Nederland (LD);2025;8191160;5864237;918086;445967;472119;1408837;729014;679823;3
109;Totaal over alle leeftijden;Mannen en vrouwen;West-Nederland (LD);2026;8212496;5865417;926786;451250;475536;1420293;732217;688076;3
110;Totaal over alle leeftijden;Mannen en vrouwen;West-Nederland (LD);2027;8233021;5866051;935407;456409;478998;1431563;735805;695758;3
111;Totaal over alle leeftijden;Mannen en vrouwen;West-Nederland (LD);2028;8253192;5866070;944096;461679;482417;1443026;738946;704080;3
112;Totaal over alle leeftijden;Mannen en vrouwen;West-Nederland (LD);2029;8272590;5865972;952683;466880;485803;1453935;741827;712108;3
113;Totaal over alle leeftijden;Mannen en vrouwen;West-Nederland (LD);2030;8291482;5865302;961732;472330;489402;1464448;744301;720147;3
114;Totaal over alle leeftijden;Mannen en vrouwen;West-Nederland (LD);2031;8309094;5863173;970438;477750;492688;1475483;746949;728534;3
115;Totaal over alle leeftijden;Mannen en vrouwen;West-Nederland (LD);2032;8326453;5860899;979048;483067;495981;1486506;749673;736833;3
116;Totaal over alle leeftijden;Mannen en vrouwen;West-Nederland (LD);2033;8342763;5857448;988138;488669;499469;1497177;751783;745394;3
117;Totaal over alle leeftijden;Mannen en vrouwen;West-Nederland (LD);2034;8357645;5852401;997207;494104;503103;1508037;754163;753874;3
118;Totaal over alle leeftijden;Mannen en vrouwen;West-Nederland (LD);2035;8372035;5847274;1006491;499798;506693;1518270;755787;762483;3
119;Totaal over alle leeftijden;Mannen en vrouwen;West-Nederland (LD);2036;8384828;5840677;1015570;505407;510163;1528581;757404;771177;3
120;Totaal over alle leeftijden;Mannen en vrouwen;West-Nederland (LD);2037;8397009;5833208;1024581;511025;513556;1539220;758916;780304;3
121;Totaal over alle leeftijden;Mannen en vrouwen;West-Nederland (LD);2038;8407724;5824454;1033486;516554;516932;1549784;760077;789707;3
122;Totaal over alle leeftijden;Mannen en vrouwen;West-Nederland (LD);2039;8417329;5814767;1042301;521879;520422;1560261;761387;798874;3
123;Totaal over alle leeftijden;Mannen en vrouwen;West-Nederland (LD);2040;8425878;5803944;1051125;527396;523729;1570809;762584;808225;3
124;Totaal over alle leeftijden;Mannen en vrouwen;Zuid-Nederland (LD);2010;3559357;2946768;356817;139612;217205;255772;144887;110885;4
125;Totaal over alle leeftijden;Mannen en vrouwen;Zuid-Nederland (LD);2011;3561641;2941448;357555;141332;216223;262638;147634;115004;4
126;Totaal over alle leeftijden;Mannen en vrouwen;Zuid-Nederland (LD);2012;3563632;2936083;357995;142643;215352;269554;150401;119153;4
127;Totaal over alle leeftijden;Mannen en vrouwen;Zuid-Nederland (LD);2013;3565972;2931318;358267;143734;214533;276387;153255;123132;4
128;Totaal over alle leeftijden;Mannen en vrouwen;Zuid-Nederland (LD);2014;3568912;2926595;358729;144759;213970;283588;156277;127311;4
129;Totaal over alle leeftijden;Mannen en vrouwen;Zuid-Nederland (LD);2015;3572047;2922084;358889;145499;213390;291074;159592;131482;4
130;Totaal over alle leeftijden;Mannen en vrouwen;Zuid-Nederland (LD);2016;3576145;2917915;359298;146397;212901;298932;163190;135742;4
131;Totaal over alle leeftijden;Mannen en vrouwen;Zuid-Nederland (LD);2017;3580155;2913482;359857;147387;212470;306816;166639;140177;4
132;Totaal over alle leeftijden;Mannen en vrouwen;Zuid-Nederland (LD);2018;3584199;2909056;360629;148641;211988;314514;170046;144468;4
133;Totaal over alle leeftijden;Mannen en vrouwen;Zuid-Nederland (LD);2019;3588766;2904964;361540;149843;211697;322262;173413;148849;4
134;Totaal over alle leeftijden;Mannen en vrouwen;Zuid-Nederland (LD);2020;3593228;2900624;362449;151118;211331;330155;177288;152867;4
135;Totaal over alle leeftijden;Mannen en vrouwen;Zuid-Nederland (LD);2021;3597367;2895583;363572;152429;211143;338212;180843;157369;4
136;Totaal over alle leeftijden;Mannen en vrouwen;Zuid-Nederland (LD);2022;3602095;2891268;364472;153770;210702;346355;184560;161795;4
137;Totaal over alle leeftijden;Mannen en vrouwen;Zuid-Nederland (LD);2023;3606301;2886811;365573;155204;210369;353917;187854;166063;4
138;Totaal over alle leeftijden;Mannen en vrouwen;Zuid-Nederland (LD);2024;3610540;2882252;366578;156575;210003;361710;191386;170324;4
139;Totaal over alle leeftijden;Mannen en vrouwen;Zuid-Nederland (LD);2025;3614969;2877596;367978;158089;209889;369395;194845;174550;4
140;Totaal over alle leeftijden;Mannen en vrouwen;Zuid-Nederland (LD);2026;3618739;2872368;369139;159338;209801;377232;198297;178935;4
141;Totaal over alle leeftijden;Mannen en vrouwen;Zuid-Nederland (LD);2027;3622428;2867388;370270;160744;209526;384770;201380;183390;4
142;Totaal over alle leeftijden;Mannen en vrouwen;Zuid-Nederland (LD);2028;3625726;2862141;371326;162060;209266;392259;204466;187793;4
143;Totaal over alle leeftijden;Mannen en vrouwen;Zuid-Nederland (LD);2029;3627993;2856142;372317;163393;208924;399534;207446;192088;4
144;Totaal over alle leeftijden;Mannen en vrouwen;Zuid-Nederland (LD);2030;3629884;2849624;373515;164753;208762;406745;210261;196484;4
145;Totaal over alle leeftijden;Mannen en vrouwen;Zuid-Nederland (LD);2031;3630647;2842263;374713;166051;208662;413671;212988;200683;4
146;Totaal over alle leeftijden;Mannen en vrouwen;Zuid-Nederland (LD);2032;3630927;2834293;375932;167360;208572;420702;215566;205136;4
147;Totaal over alle leeftijden;Mannen en vrouwen;Zuid-Nederland (LD);2033;3630660;2825781;377258;168760;208498;427621;218148;209473;4
148;Totaal over alle leeftijden;Mannen en vrouwen;Zuid-Nederland (LD);2034;3629291;2816781;378482;170218;208264;434028;220571;213457;4
149;Totaal over alle leeftijden;Mannen en vrouwen;Zuid-Nederland (LD);2035;3626608;2806331;379545;171313;208232;440732;223108;217624;4
150;Totaal over alle leeftijden;Mannen en vrouwen;Zuid-Nederland (LD);2036;3623424;2795452;380654;172506;208148;447318;225518;221800;4
151;Totaal over alle leeftijden;Mannen en vrouwen;Zuid-Nederland (LD);2037;3619059;2783451;382046;173658;208388;453562;227865;225697;4
152;Totaal over alle leeftijden;Mannen en vrouwen;Zuid-Nederland (LD);2038;3613811;2770987;383351;174905;208446;459473;229886;229587;4
153;Totaal over alle leeftijden;Mannen en vrouwen;Zuid-Nederland (LD);2039;3608037;2757875;384815;176275;208540;465347;231918;233429;4
154;Totaal over alle leeftijden;Mannen en vrouwen;Zuid-Nederland (LD);2040;3601175;2743797;386193;177560;208633;471185;233833;237352;4
155;Totaal over alle leeftijden;Mannen en vrouwen;Groningen (PV);2010;578119;502761;40174;17138;23036;35184;20835;14349;20
156;Totaal over alle leeftijden;Mannen en vrouwen;Groningen (PV);2011;580433;503362;40382;17229;23153;36689;21367;15322;20
157;Totaal over alle leeftijden;Mannen en vrouwen;Groningen (PV);2012;582100;503489;40516;17219;23297;38095;21848;16247;20
158;Totaal over alle leeftijden;Mannen en vrouwen;Groningen (PV);2013;583190;503045;40579;17262;23317;39566;22337;17229;20
159;Totaal over alle leeftijden;Mannen en vrouwen;Groningen (PV);2014;583794;502096;40566;17184;23382;41132;22938;18194;20
160;Totaal over alle leeftijden;Mannen en vrouwen;Groningen (PV);2015;584664;501431;40576;17075;23501;42657;23571;19086;20
161;Totaal over alle leeftijden;Mannen en vrouwen;Groningen (PV);2016;585408;500584;40683;17119;23564;44141;24071;20070;20
162;Totaal over alle leeftijden;Mannen en vrouwen;Groningen (PV);2017;585884;499274;40755;17123;23632;45855;24810;21045;20
163;Totaal over alle leeftijden;Mannen en vrouwen;Groningen (PV);2018;586499;498378;40816;17118;23698;47305;25372;21933;20
164;Totaal over alle leeftijden;Mannen en vrouwen;Groningen (PV);2019;587212;497456;40903;17186;23717;48853;26066;22787;20
165;Totaal over alle leeftijden;Mannen en vrouwen;Groningen (PV);2020;587693;496411;40933;17201;23732;50349;26718;23631;20
166;Totaal over alle leeftijden;Mannen en vrouwen;Groningen (PV);2021;588223;495403;40955;17206;23749;51865;27298;24567;20
167;Totaal over alle leeftijden;Mannen en vrouwen;Groningen (PV);2022;589446;494989;41084;17183;23901;53373;27820;25553;20
168;Totaal over alle leeftijden;Mannen en vrouwen;Groningen (PV);2023;590230;494214;41221;17213;24008;54795;28408;26387;20
169;Totaal over alle leeftijden;Mannen en vrouwen;Groningen (PV);2024;591233;493489;41439;17249;24190;56305;28970;27335;20
170;Totaal over alle leeftijden;Mannen en vrouwen;Groningen (PV);2025;592067;492823;41510;17252;24258;57734;29530;28204;20
171;Totaal over alle leeftijden;Mannen en vrouwen;Groningen (PV);2026;592897;491980;41694;17347;24347;59223;30089;29134;20
172;Totaal over alle leeftijden;Mannen en vrouwen;Groningen (PV);2027;593661;491194;41793;17365;24428;60674;30713;29961;20
173;Totaal over alle leeftijden;Mannen en vrouwen;Groningen (PV);2028;594541;490439;41942;17441;24501;62160;31286;30874;20
174;Totaal over alle leeftijden;Mannen en vrouwen;Groningen (PV);2029;595451;489745;42202;17548;24654;63504;31822;31682;20
175;Totaal over alle leeftijden;Mannen en vrouwen;Groningen (PV);2030;595995;488673;42361;17558;24803;64961;32408;32553;20
176;Totaal over alle leeftijden;Mannen en vrouwen;Groningen (PV);2031;596445;487721;42578;17610;24968;66146;32838;33308;20
177;Totaal over alle leeftijden;Mannen en vrouwen;Groningen (PV);2032;596829;486468;42922;17797;25125;67439;33258;34181;20
178;Totaal over alle leeftijden;Mannen en vrouwen;Groningen (PV);2033;597208;485382;43142;17861;25281;68684;33760;34924;20
179;Totaal over alle leeftijden;Mannen en vrouwen;Groningen (PV);2034;597383;484122;43380;17923;25457;69881;34171;35710;20
180;Totaal over alle leeftijden;Mannen en vrouwen;Groningen (PV);2035;597659;482830;43583;17861;25722;71246;34759;36487;20
181;Totaal over alle leeftijden;Mannen en vrouwen;Groningen (PV);2036;597750;481357;43923;18046;25877;72470;35237;37233;20
182;Totaal over alle leeftijden;Mannen en vrouwen;Groningen (PV);2037;597657;479788;44315;18209;26106;73554;35558;37996;20
183;Totaal over alle leeftijden;Mannen en vrouwen;Groningen (PV);2038;597362;478031;44616;18272;26344;74715;35970;38745;20
184;Totaal over alle leeftijden;Mannen en vrouwen;Groningen (PV);2039;596903;476171;44956;18407;26549;75776;36284;39492;20
185;Totaal over alle leeftijden;Mannen en vrouwen;Groningen (PV);2040;596051;474087;45284;18463;26821;76680;36558;40122;20
186;Totaal over alle leeftijden;Mannen en vrouwen;Friesland (PV);2010;645838;588005;32137;12271;19866;25696;15259;10437;21
187;Totaal over alle leeftijden;Mannen en vrouwen;Friesland (PV);2011;646404;586407;32827;12642;20185;27170;15955;11215;21
188;Totaal over alle leeftijden;Mannen en vrouwen;Friesland (PV);2012;647378;585264;33475;12965;20510;28639;16568;12071;21
189;Totaal over alle leeftijden;Mannen en vrouwen;Friesland (PV);2013;648663;584235;34213;13321;20892;30215;17208;13007;21
190;Totaal over alle leeftijden;Mannen en vrouwen;Friesland (PV);2014;649923;583179;34772;13522;21250;31972;17944;14028;21
191;Totaal over alle leeftijden;Mannen en vrouwen;Friesland (PV);2015;651071;582027;35363;13740;21623;33681;18667;15014;21
192;Totaal over alle leeftijden;Mannen en vrouwen;Friesland (PV);2016;652040;580785;35977;13984;21993;35278;19316;15962;21
193;Totaal over alle leeftijden;Mannen en vrouwen;Friesland (PV);2017;653183;579686;36577;14231;22346;36920;19976;16944;21
194;Totaal over alle leeftijden;Mannen en vrouwen;Friesland (PV);2018;654121;578212;37246;14490;22756;38663;20714;17949;21
195;Totaal over alle leeftijden;Mannen en vrouwen;Friesland (PV);2019;654986;576834;37845;14715;23130;40307;21430;18877;21
196;Totaal over alle leeftijden;Mannen en vrouwen;Friesland (PV);2020;656135;575683;38452;14950;23502;42000;22109;19891;21
197;Totaal over alle leeftijden;Mannen en vrouwen;Friesland (PV);2021;657202;574247;39081;15245;23836;43874;23026;20848;21
198;Totaal over alle leeftijden;Mannen en vrouwen;Friesland (PV);2022;657853;572583;39629;15401;24228;45641;23774;21867;21
199;Totaal over alle leeftijden;Mannen en vrouwen;Friesland (PV);2023;658762;571129;40225;15690;24535;47408;24524;22884;21
200;Totaal over alle leeftijden;Mannen en vrouwen;Friesland (PV);2024;659256;569477;40729;15876;24853;49050;25161;23889;21
201;Totaal over alle leeftijden;Mannen en vrouwen;Friesland (PV);2025;659706;567737;41204;16051;25153;50765;25911;24854;21
202;Totaal over alle leeftijden;Mannen en vrouwen;Friesland (PV);2026;660243;566069;41702;16263;25439;52472;26564;25908;21
203;Totaal over alle leeftijden;Mannen en vrouwen;Friesland (PV);2027;660497;564170;42198;16445;25753;54129;27143;26986;21
204;Totaal over alle leeftijden;Mannen en vrouwen;Friesland (PV);2028;660670;562291;42711;16676;26035;55668;27912;27756;21
205;Totaal over alle leeftijden;Mannen en vrouwen;Friesland (PV);2029;660767;560376;43200;16881;26319;57191;28580;28611;21
206;Totaal over alle leeftijden;Mannen en vrouwen;Friesland (PV);2030;660734;558434;43639;17023;26616;58661;29260;29401;21
207;Totaal over alle leeftijden;Mannen en vrouwen;Friesland (PV);2031;660913;556561;44070;17251;26819;60282;29974;30308;21
208;Totaal over alle leeftijden;Mannen en vrouwen;Friesland (PV);2032;660767;554552;44505;17430;27075;61710;30588;31122;21
209;Totaal over alle leeftijden;Mannen en vrouwen;Friesland (PV);2033;660534;552314;44967;17623;27344;63253;31256;31997;21
210;Totaal over alle leeftijden;Mannen en vrouwen;Friesland (PV);2034;660437;550293;45437;17803;27634;64707;31928;32779;21
211;Totaal over alle leeftijden;Mannen en vrouwen;Friesland (PV);2035;660076;547935;45935;18050;27885;66206;32611;33595;21
212;Totaal over alle leeftijden;Mannen en vrouwen;Friesland (PV);2036;659927;545881;46414;18265;28149;67632;33259;34373;21
213;Totaal over alle leeftijden;Mannen en vrouwen;Friesland (PV);2037;659707;543663;46850;18450;28400;69194;34003;35191;21
214;Totaal over alle leeftijden;Mannen en vrouwen;Friesland (PV);2038;659247;541375;47178;18605;28573;70694;34572;36122;21
215;Totaal over alle leeftijden;Mannen en vrouwen;Friesland (PV);2039;658738;538996;47698;18847;28851;72044;35168;36876;21
216;Totaal over alle leeftijden;Mannen en vrouwen;Friesland (PV);2040;658450;537031;48120;19011;29109;73299;35641;37658;21
217;Totaal over alle leeftijden;Mannen en vrouwen;Drenthe (PV);2010;489255;443421;28244;10916;17328;17590;9965;7625;22
218;Totaal over alle leeftijden;Mannen en vrouwen;Drenthe (PV);2011;489285;441893;28617;11101;17516;18775;10444;8331;22
219;Totaal over alle leeftijden;Mannen en vrouwen;Drenthe (PV);2012;489419;440442;28987;11347;17640;19990;10976;9014;22
220;Totaal over alle leeftijden;Mannen en vrouwen;Drenthe (PV);2013;489963;439370;29309;11500;17809;21284;11529;9755;22
221;Totaal over alle leeftijden;Mannen en vrouwen;Drenthe (PV);2014;491053;438801;29720;11695;18025;22532;12039;10493;22
222;Totaal over alle leeftijden;Mannen en vrouwen;Drenthe (PV);2015;491706;437862;30097;11831;18266;23747;12559;11188;22
223;Totaal over alle leeftijden;Mannen en vrouwen;Drenthe (PV);2016;492411;436943;30444;11993;18451;25024;13102;11922;22
224;Totaal over alle leeftijden;Mannen en vrouwen;Drenthe (PV);2017;493479;436237;30851;12167;18684;26391;13728;12663;22
225;Totaal over alle leeftijden;Mannen en vrouwen;Drenthe (PV);2018;494424;435440;31178;12345;18833;27806;14391;13415;22
226;Totaal over alle leeftijden;Mannen en vrouwen;Drenthe (PV);2019;495282;434535;31517;12568;18949;29230;15062;14168;22
227;Totaal over alle leeftijden;Mannen en vrouwen;Drenthe (PV);2020;496367;433827;31932;12824;19108;30608;15683;14925;22
228;Totaal over alle leeftijden;Mannen en vrouwen;Drenthe (PV);2021;497407;433074;32386;13075;19311;31947;16340;15607;22
229;Totaal over alle leeftijden;Mannen en vrouwen;Drenthe (PV);2022;497956;431973;32655;13279;19376;33328;16995;16333;22
230;Totaal over alle leeftijden;Mannen en vrouwen;Drenthe (PV);2023;498763;431118;32993;13480;19513;34652;17569;17083;22
231;Totaal over alle leeftijden;Mannen en vrouwen;Drenthe (PV);2024;499582;430421;33336;13712;19624;35825;18105;17720;22
232;Totaal over alle leeftijden;Mannen en vrouwen;Drenthe (PV);2025;500344;429568;33777;14035;19742;36999;18605;18394;22
233;Totaal over alle leeftijden;Mannen en vrouwen;Drenthe (PV);2026;500975;428694;34083;14180;19903;38198;19178;19020;22
234;Totaal over alle leeftijden;Mannen en vrouwen;Drenthe (PV);2027;501668;427862;34407;14366;20041;39399;19654;19745;22
235;Totaal over alle leeftijden;Mannen en vrouwen;Drenthe (PV);2028;502155;426885;34781;14567;20214;40489;20131;20358;22
236;Totaal over alle leeftijden;Mannen en vrouwen;Drenthe (PV);2029;502654;425844;35126;14726;20400;41684;20636;21048;22
237;Totaal over alle leeftijden;Mannen en vrouwen;Drenthe (PV);2030;503036;424804;35349;14867;20482;42883;21111;21772;22
238;Totaal over alle leeftijden;Mannen en vrouwen;Drenthe (PV);2031;503364;423648;35658;15055;20603;44058;21643;22415;22
239;Totaal over alle leeftijden;Mannen en vrouwen;Drenthe (PV);2032;503430;422393;35952;15233;20719;45085;22115;22970;22
240;Totaal over alle leeftijden;Mannen en vrouwen;Drenthe (PV);2033;503582;421192;36217;15392;20825;46173;22602;23571;22
241;Totaal over alle leeftijden;Mannen en vrouwen;Drenthe (PV);2034;503522;419872;36500;15524;20976;47150;23000;24150;22
242;Totaal over alle leeftijden;Mannen en vrouwen;Drenthe (PV);2035;503310;418398;36778;15703;21075;48134;23351;24783;22
243;Totaal over alle leeftijden;Mannen en vrouwen;Drenthe (PV);2036;502975;416883;36985;15765;21220;49107;23713;25394;22
244;Totaal over alle leeftijden;Mannen en vrouwen;Drenthe (PV);2037;502754;415328;37223;15919;21304;50203;24154;26049;22
245;Totaal over alle leeftijden;Mannen en vrouwen;Drenthe (PV);2038;502315;413619;37430;16116;21314;51266;24588;26678;22
246;Totaal over alle leeftijden;Mannen en vrouwen;Drenthe (PV);2039;501921;411939;37695;16277;21418;52287;24971;27316;22
247;Totaal over alle leeftijden;Mannen en vrouwen;Drenthe (PV);2040;501530;410336;37926;16450;21476;53268;25356;27912;22
248;Totaal over alle leeftijden;Mannen en vrouwen;Overijssel (PV);2010;1126014;964654;78956;29328;49628;82404;46883;35521;23
249;Totaal over alle leeftijden;Mannen en vrouwen;Overijssel (PV);2011;1128583;964774;79440;29862;49578;84369;47579;36790;23
250;Totaal over alle leeftijden;Mannen en vrouwen;Overijssel (PV);2012;1131168;964782;80053;30416;49637;86333;48415;37918;23
251;Totaal over alle leeftijden;Mannen en vrouwen;Overijssel (PV);2013;1133447;964699;80456;30898;49558;88292;49328;38964;23
252;Totaal over alle leeftijden;Mannen en vrouwen;Overijssel (PV);2014;1136066;964816;80795;31255;49540;90455;50338;40117;23
253;Totaal over alle leeftijden;Mannen en vrouwen;Overijssel (PV);2015;1139080;965213;81156;31600;49556;92711;51367;41344;23
254;Totaal over alle leeftijden;Mannen en vrouwen;Overijssel (PV);2016;1141748;965338;81331;31823;49508;95079;52560;42519;23
255;Totaal over alle leeftijden;Mannen en vrouwen;Overijssel (PV);2017;1144502;965444;81612;32178;49434;97446;53681;43765;23
256;Totaal over alle leeftijden;Mannen en vrouwen;Overijssel (PV);2018;1147109;965163;81932;32467;49465;100014;54885;45129;23
257;Totaal over alle leeftijden;Mannen en vrouwen;Overijssel (PV);2019;1149629;964815;82259;32796;49463;102555;56068;46487;23
258;Totaal over alle leeftijden;Mannen en vrouwen;Overijssel (PV);2020;1151701;964263;82494;33070;49424;104944;57212;47732;23
259;Totaal over alle leeftijden;Mannen en vrouwen;Overijssel (PV);2021;1153809;963642;82695;33366;49329;107472;58414;49058;23
260;Totaal over alle leeftijden;Mannen en vrouwen;Overijssel (PV);2022;1155834;962856;83098;33825;49273;109880;59654;50226;23
261;Totaal over alle leeftijden;Mannen en vrouwen;Overijssel (PV);2023;1157769;962038;83393;34178;49215;112338;60862;51476;23
262;Totaal over alle leeftijden;Mannen en vrouwen;Overijssel (PV);2024;1159464;960905;83648;34515;49133;114911;62134;52777;23
263;Totaal over alle leeftijden;Mannen en vrouwen;Overijssel (PV);2025;1161146;959832;83985;34809;49176;117329;63305;54024;23
264;Totaal over alle leeftijden;Mannen en vrouwen;Overijssel (PV);2026;1162652;958628;84367;35234;49133;119657;64428;55229;23
265;Totaal over alle leeftijden;Mannen en vrouwen;Overijssel (PV);2027;1164313;957365;84821;35707;49114;122127;65444;56683;23
266;Totaal over alle leeftijden;Mannen en vrouwen;Overijssel (PV);2028;1165661;955945;85143;36029;49114;124573;66555;58018;23
267;Totaal over alle leeftijden;Mannen en vrouwen;Overijssel (PV);2029;1166777;954272;85425;36333;49092;127080;67655;59425;23
268;Totaal over alle leeftijden;Mannen en vrouwen;Overijssel (PV);2030;1167471;952541;85666;36681;48985;129264;68676;60588;23
269;Totaal over alle leeftijden;Mannen en vrouwen;Overijssel (PV);2031;1168205;950749;85989;37011;48978;131467;69679;61788;23
270;Totaal over alle leeftijden;Mannen en vrouwen;Overijssel (PV);2032;1168791;948723;86368;37296;49072;133700;70737;62963;23
271;Totaal over alle leeftijden;Mannen en vrouwen;Overijssel (PV);2033;1169164;946565;86596;37482;49114;136003;71718;64285;23
272;Totaal over alle leeftijden;Mannen en vrouwen;Overijssel (PV);2034;1169468;944211;86814;37684;49130;138443;72766;65677;23
273;Totaal over alle leeftijden;Mannen en vrouwen;Overijssel (PV);2035;1169438;941679;87233;38106;49127;140526;73656;66870;23
274;Totaal over alle leeftijden;Mannen en vrouwen;Overijssel (PV);2036;1169156;938830;87596;38461;49135;142730;74510;68220;23
275;Totaal over alle leeftijden;Mannen en vrouwen;Overijssel (PV);2037;1168500;935811;87969;38817;49152;144720;75439;69281;23
276;Totaal over alle leeftijden;Mannen en vrouwen;Overijssel (PV);2038;1167933;932805;88398;39154;49244;146730;76283;70447;23
277;Totaal over alle leeftijden;Mannen en vrouwen;Overijssel (PV);2039;1166881;929423;88699;39360;49339;148759;77135;71624;23
278;Totaal over alle leeftijden;Mannen en vrouwen;Overijssel (PV);2040;1165456;925585;89069;39715;49354;150802;78001;72801;23
279;Totaal over alle leeftijden;Mannen en vrouwen;Flevoland (PV);2010;384906;284541;31220;12788;18432;69145;38127;31018;24
280;Totaal over alle leeftijden;Mannen en vrouwen;Flevoland (PV);2011;388140;286675;31387;13000;18387;70078;38373;31705;24
281;Totaal over alle leeftijden;Mannen en vrouwen;Flevoland (PV);2012;391587;289145;31622;13116;18506;70820;38512;32308;24
282;Totaal over alle leeftijden;Mannen en vrouwen;Flevoland (PV);2013;396844;292592;32194;13478;18716;72058;38967;33091;24
283;Totaal over alle leeftijden;Mannen en vrouwen;Flevoland (PV);2014;403032;296659;32839;13836;19003;73534;39512;34022;24
284;Totaal over alle leeftijden;Mannen en vrouwen;Flevoland (PV);2015;409639;300731;33544;14212;19332;75364;40280;35084;24
285;Totaal over alle leeftijden;Mannen en vrouwen;Flevoland (PV);2016;415819;304529;34284;14606;19678;77006;41015;35991;24
286;Totaal over alle leeftijden;Mannen en vrouwen;Flevoland (PV);2017;422073;308344;35055;14969;20086;78674;41854;36820;24
287;Totaal over alle leeftijden;Mannen en vrouwen;Flevoland (PV);2018;428245;312243;35722;15348;20374;80280;42648;37632;24
288;Totaal over alle leeftijden;Mannen en vrouwen;Flevoland (PV);2019;434043;315608;36429;15708;20721;82006;43493;38513;24
289;Totaal over alle leeftijden;Mannen en vrouwen;Flevoland (PV);2020;439872;318985;37117;15997;21120;83770;44281;39489;24
290;Totaal over alle leeftijden;Mannen en vrouwen;Flevoland (PV);2021;445411;322118;37895;16355;21540;85398;45105;40293;24
291;Totaal over alle leeftijden;Mannen en vrouwen;Flevoland (PV);2022;450740;325057;38657;16648;22009;87026;46000;41026;24
292;Totaal over alle leeftijden;Mannen en vrouwen;Flevoland (PV);2023;455971;327826;39292;16882;22410;88853;46935;41918;24
293;Totaal over alle leeftijden;Mannen en vrouwen;Flevoland (PV);2024;460905;330320;40022;17278;22744;90563;47743;42820;24
294;Totaal over alle leeftijden;Mannen en vrouwen;Flevoland (PV);2025;465680;332800;40597;17546;23051;92283;48606;43677;24
295;Totaal over alle leeftijden;Mannen en vrouwen;Flevoland (PV);2026;470272;335202;41152;17784;23368;93918;49437;44481;24
296;Totaal over alle leeftijden;Mannen en vrouwen;Flevoland (PV);2027;474123;336997;41798;18043;23755;95328;50130;45198;24
297;Totaal over alle leeftijden;Mannen en vrouwen;Flevoland (PV);2028;477664;338729;42366;18314;24052;96569;50775;45794;24
298;Totaal over alle leeftijden;Mannen en vrouwen;Flevoland (PV);2029;480695;339899;42905;18597;24308;97891;51493;46398;24
299;Totaal over alle leeftijden;Mannen en vrouwen;Flevoland (PV);2030;483042;340480;43323;18781;24542;99239;52134;47105;24
300;Totaal over alle leeftijden;Mannen en vrouwen;Flevoland (PV);2031;485151;340850;43756;18968;24788;100545;52826;47719;24
301;Totaal over alle leeftijden;Mannen en vrouwen;Flevoland (PV);2032;486286;340720;44020;19137;24883;101546;53397;48149;24
302;Totaal over alle leeftijden;Mannen en vrouwen;Flevoland (PV);2033;486408;339985;44096;19170;24926;102327;54029;48298;24
303;Totaal over alle leeftijden;Mannen en vrouwen;Flevoland (PV);2034;486551;339212;44035;19168;24867;103304;54514;48790;24
304;Totaal over alle leeftijden;Mannen en vrouwen;Flevoland (PV);2035;486167;337908;44026;19248;24778;104233;54993;49240;24
305;Totaal over alle leeftijden;Mannen en vrouwen;Flevoland (PV);2036;485197;336231;43956;19245;24711;105010;55311;49699;24
306;Totaal over alle leeftijden;Mannen en vrouwen;Flevoland (PV);2037;483836;334432;43803;19108;24695;105601;55512;50089;24
307;Totaal over alle leeftijden;Mannen en vrouwen;Flevoland (PV);2038;482213;332243;43766;19062;24704;106204;55827;50377;24
308;Totaal over alle leeftijden;Mannen en vrouwen;Flevoland (PV);2039;480515;329902;43745;19079;24666;106868;56140;50728;24
309;Totaal over alle leeftijden;Mannen en vrouwen;Flevoland (PV);2040;478769;327646;43802;19139;24663;107321;56398;50923;24
310;Totaal over alle leeftijden;Mannen en vrouwen;Gelderland (PV);2010;1993497;1706637;152682;56961;95721;134178;75780;58398;25
311;Totaal over alle leeftijden;Mannen en vrouwen;Gelderland (PV);2011;1996048;1704436;153584;57518;96066;138028;77108;60920;25
312;Totaal over alle leeftijden;Mannen en vrouwen;Gelderland (PV);2012;1998005;1701730;154498;58145;96353;141777;78255;63522;25
313;Totaal over alle leeftijden;Mannen en vrouwen;Gelderland (PV);2013;2000022;1699250;155111;58488;96623;145661;79606;66055;25
314;Totaal over alle leeftijden;Mannen en vrouwen;Gelderland (PV);2014;2002032;1696475;155899;58937;96962;149658;81095;68563;25
315;Totaal over alle leeftijden;Mannen en vrouwen;Gelderland (PV);2015;2004654;1694117;156858;59491;97367;153679;82553;71126;25
316;Totaal over alle leeftijden;Mannen en vrouwen;Gelderland (PV);2016;2007566;1692050;157649;59925;97724;157867;84205;73662;25
317;Totaal over alle leeftijden;Mannen en vrouwen;Gelderland (PV);2017;2010750;1690415;158306;60279;98027;162029;85839;76190;25
318;Totaal over alle leeftijden;Mannen en vrouwen;Gelderland (PV);2018;2014055;1688725;159107;60716;98391;166223;87558;78665;25
319;Totaal over alle leeftijden;Mannen en vrouwen;Gelderland (PV);2019;2017085;1686503;159796;61113;98683;170786;89477;81309;25
320;Totaal over alle leeftijden;Mannen en vrouwen;Gelderland (PV);2020;2020113;1684676;160612;61573;99039;174825;91324;83501;25
321;Totaal over alle leeftijden;Mannen en vrouwen;Gelderland (PV);2021;2023745;1682949;161553;62165;99388;179243;93210;86033;25
322;Totaal over alle leeftijden;Mannen en vrouwen;Gelderland (PV);2022;2026505;1680588;162423;62793;99630;183494;94998;88496;25
323;Totaal over alle leeftijden;Mannen en vrouwen;Gelderland (PV);2023;2029771;1678415;163309;63379;99930;188047;96763;91284;25
324;Totaal over alle leeftijden;Mannen en vrouwen;Gelderland (PV);2024;2033331;1676950;163964;63872;100092;192417;98576;93841;25
325;Totaal over alle leeftijden;Mannen en vrouwen;Gelderland (PV);2025;2035998;1674608;164901;64521;100380;196489;100260;96229;25
326;Totaal over alle leeftijden;Mannen en vrouwen;Gelderland (PV);2026;2039220;1672978;165769;65129;100640;200473;101887;98586;25
327;Totaal over alle leeftijden;Mannen en vrouwen;Gelderland (PV);2027;2041992;1670933;166535;65659;100876;204524;103516;101008;25
328;Totaal over alle leeftijden;Mannen en vrouwen;Gelderland (PV);2028;2044189;1668397;167357;66207;101150;208435;105071;103364;25
329;Totaal over alle leeftijden;Mannen en vrouwen;Gelderland (PV);2029;2046491;1665729;168274;66813;101461;212488;106653;105835;25
330;Totaal over alle leeftijden;Mannen en vrouwen;Gelderland (PV);2030;2048636;1663123;168976;67400;101576;216537;108378;108159;25
331;Totaal over alle leeftijden;Mannen en vrouwen;Gelderland (PV);2031;2050774;1660611;169810;67930;101880;220353;109839;110514;25
332;Totaal over alle leeftijden;Mannen en vrouwen;Gelderland (PV);2032;2052342;1657572;170670;68496;102174;224100;111154;112946;25
333;Totaal over alle leeftijden;Mannen en vrouwen;Gelderland (PV);2033;2053517;1654255;171438;69080;102358;227824;112475;115349;25
334;Totaal over alle leeftijden;Mannen en vrouwen;Gelderland (PV);2034;2054147;1650359;172398;69790;102608;231390;113618;117772;25
335;Totaal over alle leeftijden;Mannen en vrouwen;Gelderland (PV);2035;2054152;1646144;173036;70312;102724;234972;114909;120063;25
336;Totaal over alle leeftijden;Mannen en vrouwen;Gelderland (PV);2036;2053663;1641355;173907;70838;103069;238401;116200;122201;25
337;Totaal over alle leeftijden;Mannen en vrouwen;Gelderland (PV);2037;2052400;1636044;174585;71451;103134;241771;117349;124422;25
338;Totaal over alle leeftijden;Mannen en vrouwen;Gelderland (PV);2038;2050899;1630400;175463;72046;103417;245036;118695;126341;25
339;Totaal over alle leeftijden;Mannen en vrouwen;Gelderland (PV);2039;2048819;1624401;176128;72652;103476;248290;119700;128590;25
340;Totaal over alle leeftijden;Mannen en vrouwen;Gelderland (PV);2040;2046508;1618293;176790;73061;103729;251425;120602;130823;25
341;Totaal over alle leeftijden;Mannen en vrouwen;Utrecht (PV);2010;1225712;977901;103675;41301;62374;144136;78292;65844;26
342;Totaal over alle leeftijden;Mannen en vrouwen;Utrecht (PV);2011;1234518;982272;105301;42437;62864;146945;79148;67797;26
343;Totaal over alle leeftijden;Mannen en vrouwen;Utrecht (PV);2012;1242585;986058;106688;43267;63421;149839;80001;69838;26
344;Totaal over alle leeftijden;Mannen en vrouwen;Utrecht (PV);2013;1249759;989061;108005;43913;64092;152693;80818;71875;26
345;Totaal over alle leeftijden;Mannen en vrouwen;Utrecht (PV);2014;1255747;991268;109160;44632;64528;155319;81683;73636;26
346;Totaal over alle leeftijden;Mannen en vrouwen;Utrecht (PV);2015;1261824;993653;110414;45193;65221;157757;82551;75206;26
347;Totaal over alle leeftijden;Mannen en vrouwen;Utrecht (PV);2016;1267857;995758;111680;45968;65712;160419;83628;76791;26
348;Totaal over alle leeftijden;Mannen en vrouwen;Utrecht (PV);2017;1274050;997982;113036;46618;66418;163032;84751;78281;26
349;Totaal over alle leeftijden;Mannen en vrouwen;Utrecht (PV);2018;1280383;1000023;114474;47291;67183;165886;86122;79764;26
350;Totaal over alle leeftijden;Mannen en vrouwen;Utrecht (PV);2019;1286926;1002484;115781;47936;67845;168661;87336;81325;26
351;Totaal over alle leeftijden;Mannen en vrouwen;Utrecht (PV);2020;1292825;1004380;117015;48554;68461;171430;88462;82968;26
352;Totaal over alle leeftijden;Mannen en vrouwen;Utrecht (PV);2021;1298486;1006240;118259;49223;69036;173987;89661;84326;26
353;Totaal over alle leeftijden;Mannen en vrouwen;Utrecht (PV);2022;1304436;1008236;119422;49767;69655;176778;90840;85938;26
354;Totaal over alle leeftijden;Mannen en vrouwen;Utrecht (PV);2023;1310661;1010507;120899;50482;70417;179255;91904;87351;26
355;Totaal over alle leeftijden;Mannen en vrouwen;Utrecht (PV);2024;1316774;1012495;122301;51095;71206;181978;93116;88862;26
356;Totaal over alle leeftijden;Mannen en vrouwen;Utrecht (PV);2025;1322517;1014064;123694;51851;71843;184759;94274;90485;26
357;Totaal over alle leeftijden;Mannen en vrouwen;Utrecht (PV);2026;1328285;1016172;125202;52637;72565;186911;95086;91825;26
358;Totaal over alle leeftijden;Mannen en vrouwen;Utrecht (PV);2027;1333829;1017977;126491;53321;73170;189361;96176;93185;26
359;Totaal over alle leeftijden;Mannen en vrouwen;Utrecht (PV);2028;1339395;1019468;127902;54034;73868;192025;97250;94775;26
360;Totaal over alle leeftijden;Mannen en vrouwen;Utrecht (PV);2029;1344591;1021060;129174;54634;74540;194357;98189;96168;26
361;Totaal over alle leeftijden;Mannen en vrouwen;Utrecht (PV);2030;1350254;1022876;130727;55410;75317;196651;99043;97608;26
362;Totaal over alle leeftijden;Mannen en vrouwen;Utrecht (PV);2031;1354865;1023645;132051;56021;76030;199169;100030;99139;26
363;Totaal over alle leeftijden;Mannen en vrouwen;Utrecht (PV);2032;1361359;1026090;133534;56773;76761;201735;101185;100550;26
364;Totaal over alle leeftijden;Mannen en vrouwen;Utrecht (PV);2033;1367479;1027915;135154;57596;77558;204410;102228;102182;26
365;Totaal over alle leeftijden;Mannen en vrouwen;Utrecht (PV);2034;1373508;1029848;136535;58199;78336;207125;103305;103820;26
366;Totaal over alle leeftijden;Mannen en vrouwen;Utrecht (PV);2035;1380281;1032244;138289;59108;79181;209748;104186;105562;26
367;Totaal over alle leeftijden;Mannen en vrouwen;Utrecht (PV);2036;1387082;1034756;140012;59964;80048;212314;105120;107194;26
368;Totaal over alle leeftijden;Mannen en vrouwen;Utrecht (PV);2037;1393976;1037261;141801;60868;80933;214914;105948;108966;26
369;Totaal over alle leeftijden;Mannen en vrouwen;Utrecht (PV);2038;1400601;1039378;143491;61621;81870;217732;106948;110784;26
370;Totaal over alle leeftijden;Mannen en vrouwen;Utrecht (PV);2039;1406921;1041269;145235;62442;82793;220417;107899;112518;26
371;Totaal over alle leeftijden;Mannen en vrouwen;Utrecht (PV);2040;1413142;1042999;147066;63390;83676;223077;108742;114335;26
372;Totaal over alle leeftijden;Mannen en vrouwen;Noord-Holland (PV);2010;2660419;1929879;293207;138063;155144;437333;247418;189915;27
373;Totaal over alle leeftijden;Mannen en vrouwen;Noord-Holland (PV);2011;2674622;1936597;297669;140512;157157;440356;246153;194203;27
374;Totaal over alle leeftijden;Mannen en vrouwen;Noord-Holland (PV);2012;2688590;1942821;301738;142644;159094;444031;245484;198547;27
375;Totaal over alle leeftijden;Mannen en vrouwen;Noord-Holland (PV);2013;2701326;1948492;305471;144484;160987;447363;245020;202343;27
376;Totaal over alle leeftijden;Mannen en vrouwen;Noord-Holland (PV);2014;2712914;1953083;308792;145947;162845;451039;244974;206065;27
377;Totaal over alle leeftijden;Mannen en vrouwen;Noord-Holland (PV);2015;2723420;1956905;311686;147199;164487;454829;245206;209623;27
378;Totaal over alle leeftijden;Mannen en vrouwen;Noord-Holland (PV);2016;2733608;1960164;314643;148331;166312;458801;245787;213014;27
379;Totaal over alle leeftijden;Mannen en vrouwen;Noord-Holland (PV);2017;2742748;1962370;317595;149719;167876;462783;246515;216268;27
380;Totaal over alle leeftijden;Mannen en vrouwen;Noord-Holland (PV);2018;2751432;1964321;320326;150989;169337;466785;247320;219465;27
381;Totaal over alle leeftijden;Mannen en vrouwen;Noord-Holland (PV);2019;2759553;1966091;322994;152283;170711;470468;248274;222194;27
382;Totaal over alle leeftijden;Mannen en vrouwen;Noord-Holland (PV);2020;2768019;1967870;325820;153768;172052;474329;249062;225267;27
383;Totaal over alle leeftijden;Mannen en vrouwen;Noord-Holland (PV);2021;2776229;1969936;328210;154890;173320;478083;249935;228148;27
384;Totaal over alle leeftijden;Mannen en vrouwen;Noord-Holland (PV);2022;2784008;1971614;330615;156241;174374;481779;250755;231024;27
385;Totaal over alle leeftijden;Mannen en vrouwen;Noord-Holland (PV);2023;2790892;1972748;332927;157437;175490;485217;251624;233593;27
386;Totaal over alle leeftijden;Mannen en vrouwen;Noord-Holland (PV);2024;2797489;1973603;335322;158683;176639;488564;252186;236378;27
387;Totaal over alle leeftijden;Mannen en vrouwen;Noord-Holland (PV);2025;2803840;1974317;337482;159820;177662;492041;252683;239358;27
388;Totaal over alle leeftijden;Mannen en vrouwen;Noord-Holland (PV);2026;2809300;1974409;339432;160941;178491;495459;253196;242263;27
389;Totaal over alle leeftijden;Mannen en vrouwen;Noord-Holland (PV);2027;2814862;1974698;341427;162165;179262;498737;253823;244914;27
390;Totaal over alle leeftijden;Mannen en vrouwen;Noord-Holland (PV);2028;2820510;1974886;343653;163504;180149;501971;254294;247677;27
391;Totaal over alle leeftijden;Mannen en vrouwen;Noord-Holland (PV);2029;2826207;1974926;345853;164763;181090;505428;254862;250566;27
392;Totaal over alle leeftijden;Mannen en vrouwen;Noord-Holland (PV);2030;2831519;1975028;347788;165766;182022;508703;255254;253449;27
393;Totaal over alle leeftijden;Mannen en vrouwen;Noord-Holland (PV);2031;2836025;1974206;349941;167109;182832;511878;255582;256296;27
394;Totaal over alle leeftijden;Mannen en vrouwen;Noord-Holland (PV);2032;2840241;1973164;351869;168237;183632;515208;255846;259362;27
395;Totaal over alle leeftijden;Mannen en vrouwen;Noord-Holland (PV);2033;2844628;1972085;354144;169550;184594;518399;256005;262394;27
396;Totaal over alle leeftijden;Mannen en vrouwen;Noord-Holland (PV);2034;2848452;1970438;356564;170949;185615;521450;256287;265163;27
397;Totaal over alle leeftijden;Mannen en vrouwen;Noord-Holland (PV);2035;2852753;1968953;359146;172500;186646;524654;256579;268075;27
398;Totaal over alle leeftijden;Mannen en vrouwen;Noord-Holland (PV);2036;2856567;1966802;361810;174061;187749;527955;256538;271417;27
399;Totaal over alle leeftijden;Mannen en vrouwen;Noord-Holland (PV);2037;2859878;1964323;364123;175424;188699;531432;256721;274711;27
400;Totaal over alle leeftijden;Mannen en vrouwen;Noord-Holland (PV);2038;2863241;1961570;366654;176844;189810;535017;256776;278241;27
401;Totaal over alle leeftijden;Mannen en vrouwen;Noord-Holland (PV);2039;2866067;1958789;368878;178214;190664;538400;256961;281439;27
402;Totaal over alle leeftijden;Mannen en vrouwen;Noord-Holland (PV);2040;2868346;1955326;371111;179502;191609;541909;256987;284922;27
403;Totaal over alle leeftijden;Mannen en vrouwen;Zuid-Holland (PV);2010;3491730;2541202;338615;164949;173666;611913;348936;262977;28
404;Totaal over alle leeftijden;Mannen en vrouwen;Zuid-Holland (PV);2011;3504275;2543376;344556;169353;175203;616343;347495;268848;28
405;Totaal over alle leeftijden;Mannen en vrouwen;Zuid-Holland (PV);2012;3517797;2545901;349914;173173;176741;621982;346912;275070;28
406;Totaal over alle leeftijden;Mannen en vrouwen;Zuid-Holland (PV);2013;3531579;2548804;355017;176640;178377;627758;347026;280732;28
407;Totaal over alle leeftijden;Mannen en vrouwen;Zuid-Holland (PV);2014;3546289;2552801;359868;179792;180076;633620;347620;286000;28
408;Totaal over alle leeftijden;Mannen en vrouwen;Zuid-Holland (PV);2015;3560042;2555530;364535;183006;181529;639977;348833;291144;28
409;Totaal over alle leeftijden;Mannen en vrouwen;Zuid-Holland (PV);2016;3573724;2558273;369282;186077;183205;646169;350146;296023;28
410;Totaal over alle leeftijden;Mannen en vrouwen;Zuid-Holland (PV);2017;3587690;2561205;374121;189295;184826;652364;351729;300635;28
411;Totaal over alle leeftijden;Mannen en vrouwen;Zuid-Holland (PV);2018;3601104;2563591;378949;192391;186558;658564;353511;305053;28
412;Totaal over alle leeftijden;Mannen en vrouwen;Zuid-Holland (PV);2019;3614403;2565764;383958;195542;188416;664681;355317;309364;28
413;Totaal over alle leeftijden;Mannen en vrouwen;Zuid-Holland (PV);2020;3627190;2567225;388917;198625;190292;671048;357366;313682;28
414;Totaal over alle leeftijden;Mannen en vrouwen;Zuid-Holland (PV);2021;3639838;2569151;393969;201913;192056;676718;359057;317661;28
415;Totaal over alle leeftijden;Mannen en vrouwen;Zuid-Holland (PV);2022;3651928;2570876;399150;205095;194055;681902;360562;321340;28
416;Totaal over alle leeftijden;Mannen en vrouwen;Zuid-Holland (PV);2023;3663644;2572154;404090;208256;195834;687400;362192;325208;28
417;Totaal over alle leeftijden;Mannen en vrouwen;Zuid-Holland (PV);2024;3674657;2573045;409220;211539;197681;692392;363598;328794;28
418;Totaal over alle leeftijden;Mannen en vrouwen;Zuid-Holland (PV);2025;3685676;2574413;413993;214648;199345;697270;364984;332286;28
419;Totaal over alle leeftijden;Mannen en vrouwen;Zuid-Holland (PV);2026;3696073;2574791;419019;217897;201122;702263;366520;335743;28
420;Totaal over alle leeftijden;Mannen en vrouwen;Zuid-Holland (PV);2027;3705799;2574735;424174;221046;203128;706890;368017;338873;28
421;Totaal over alle leeftijden;Mannen en vrouwen;Zuid-Holland (PV);2028;3715124;2574547;428974;224152;204822;711603;369241;342362;28
422;Totaal over alle leeftijden;Mannen en vrouwen;Zuid-Holland (PV);2029;3723920;2574110;433922;227419;206503;715888;370261;345627;28
423;Totaal over alle leeftijden;Mannen en vrouwen;Zuid-Holland (PV);2030;3732264;2572973;439285;231027;208258;720006;371123;348883;28
424;Totaal over alle leeftijden;Mannen en vrouwen;Zuid-Holland (PV);2031;3741209;2572325;444393;234400;209993;724491;372108;352383;28
425;Totaal over alle leeftijden;Mannen en vrouwen;Zuid-Holland (PV);2032;3748445;2570229;449385;237730;211655;728831;373090;355741;28
426;Totaal over alle leeftijden;Mannen en vrouwen;Zuid-Holland (PV);2033;3754897;2567571;454443;241150;213293;732883;373637;359246;28
427;Totaal over alle leeftijden;Mannen en vrouwen;Zuid-Holland (PV);2034;3760430;2563790;459426;244462;214964;737214;374444;362770;28
428;Totaal over alle leeftijden;Mannen en vrouwen;Zuid-Holland (PV);2035;3764568;2559442;464223;247608;216615;740903;374685;366218;28
429;Totaal over alle leeftijden;Mannen en vrouwen;Zuid-Holland (PV);2036;3767751;2554434;468722;250661;218061;744595;375069;369526;28
430;Totaal over alle leeftijden;Mannen en vrouwen;Zuid-Holland (PV);2037;3770552;2548758;473385;253873;219512;748409;375225;373184;28
431;Totaal over alle leeftijden;Mannen en vrouwen;Zuid-Holland (PV);2038;3772219;2542493;477846;257024;220822;751880;375117;376763;28
432;Totaal over alle leeftijden;Mannen en vrouwen;Zuid-Holland (PV);2039;3773668;2535482;482529;260088;222441;755657;375007;380650;28
433;Totaal over alle leeftijden;Mannen en vrouwen;Zuid-Holland (PV);2040;3774694;2528159;487180;263315;223865;759355;375066;384289;28
434;Totaal over alle leeftijden;Mannen en vrouwen;Zeeland (PV);2010;381403;321184;40400;19007;21393;19819;11052;8767;29
435;Totaal over alle leeftijden;Mannen en vrouwen;Zeeland (PV);2011;381333;319939;40500;19027;21473;20894;11452;9442;29
436;Totaal over alle leeftijden;Mannen en vrouwen;Zeeland (PV);2012;381209;318673;40703;19096;21607;21833;11774;10059;29
437;Totaal over alle leeftijden;Mannen en vrouwen;Zeeland (PV);2013;381065;317406;40833;19134;21699;22826;12107;10719;29
438;Totaal over alle leeftijden;Mannen en vrouwen;Zeeland (PV);2014;380833;316095;40933;19187;21746;23805;12492;11313;29
439;Totaal over alle leeftijden;Mannen en vrouwen;Zeeland (PV);2015;380920;314988;41101;19189;21912;24831;12922;11909;29
440;Totaal over alle leeftijden;Mannen en vrouwen;Zeeland (PV);2016;381133;314029;41210;19169;22041;25894;13311;12583;29
441;Totaal over alle leeftijden;Mannen en vrouwen;Zeeland (PV);2017;380935;312705;41322;19141;22181;26908;13756;13152;29
442;Totaal over alle leeftijden;Mannen en vrouwen;Zeeland (PV);2018;380853;311448;41495;19178;22317;27910;14163;13747;29
443;Totaal over alle leeftijden;Mannen en vrouwen;Zeeland (PV);2019;380679;309948;41706;19278;22428;29025;14646;14379;29
444;Totaal over alle leeftijden;Mannen en vrouwen;Zeeland (PV);2020;380483;308486;41939;19403;22536;30058;15058;15000;29
445;Totaal over alle leeftijden;Mannen en vrouwen;Zeeland (PV);2021;380191;307029;42105;19428;22677;31057;15487;15570;29
446;Totaal over alle leeftijden;Mannen en vrouwen;Zeeland (PV);2022;380022;305579;42374;19481;22893;32069;15833;16236;29
447;Totaal over alle leeftijden;Mannen en vrouwen;Zeeland (PV);2023;379706;304219;42545;19548;22997;32942;16238;16704;29
448;Totaal over alle leeftijden;Mannen en vrouwen;Zeeland (PV);2024;379452;302822;42738;19608;23130;33892;16688;17204;29
449;Totaal over alle leeftijden;Mannen en vrouwen;Zeeland (PV);2025;379127;301443;42917;19648;23269;34767;17073;17694;29
450;Totaal over alle leeftijden;Mannen en vrouwen;Zeeland (PV);2026;378838;300045;43133;19775;23358;35660;17415;18245;29
451;Totaal over alle leeftijden;Mannen en vrouwen;Zeeland (PV);2027;378531;298641;43315;19877;23438;36575;17789;18786;29
452;Totaal over alle leeftijden;Mannen en vrouwen;Zeeland (PV);2028;378163;297169;43567;19989;23578;37427;18161;19266;29
453;Totaal over alle leeftijden;Mannen en vrouwen;Zeeland (PV);2029;377872;295876;43734;20064;23670;38262;18515;19747;29
454;Totaal over alle leeftijden;Mannen en vrouwen;Zeeland (PV);2030;377445;294425;43932;20127;23805;39088;18881;20207;29
455;Totaal over alle leeftijden;Mannen en vrouwen;Zeeland (PV);2031;376995;292997;44053;20220;23833;39945;19229;20716;29
456;Totaal over alle leeftijden;Mannen en vrouwen;Zeeland (PV);2032;376408;291416;44260;20327;23933;40732;19552;21180;29
457;Totaal over alle leeftijden;Mannen en vrouwen;Zeeland (PV);2033;375759;289877;44397;20373;24024;41485;19913;21572;29
458;Totaal over alle leeftijden;Mannen en vrouwen;Zeeland (PV);2034;375255;288325;44682;20494;24188;42248;20127;22121;29
459;Totaal over alle leeftijden;Mannen en vrouwen;Zeeland (PV);2035;374433;286635;44833;20582;24251;42965;20337;22628;29
460;Totaal over alle leeftijden;Mannen en vrouwen;Zeeland (PV);2036;373428;284685;45026;20721;24305;43717;20677;23040;29
461;Totaal over alle leeftijden;Mannen en vrouwen;Zeeland (PV);2037;372603;282866;45272;20860;24412;44465;21022;23443;29
462;Totaal over alle leeftijden;Mannen en vrouwen;Zeeland (PV);2038;371663;281013;45495;21065;24430;45155;21236;23919;29
463;Totaal over alle leeftijden;Mannen en vrouwen;Zeeland (PV);2039;370673;279227;45659;21135;24524;45787;21520;24267;29
464;Totaal over alle leeftijden;Mannen en vrouwen;Zeeland (PV);2040;369696;277460;45768;21189;24579;46468;21789;24679;29
465;Totaal over alle leeftijden;Mannen en vrouwen;Noord-Brabant (PV);2010;2439535;2048509;200076;82356;117720;190950;107331;83619;30
466;Totaal over alle leeftijden;Mannen en vrouwen;Noord-Brabant (PV);2011;2444651;2046289;202797;84565;118232;195565;109214;86351;30
467;Totaal over alle leeftijden;Mannen en vrouwen;Noord-Brabant (PV);2012;2449499;2043963;205214;86445;118769;200322;111088;89234;30
468;Totaal over alle leeftijden;Mannen en vrouwen;Noord-Brabant (PV);2013;2454681;2042601;207417;88145;119272;204663;112861;91802;30
469;Totaal over alle leeftijden;Mannen en vrouwen;Noord-Brabant (PV);2014;2460145;2040946;209799;89814;119985;209400;114856;94544;30
470;Totaal over alle leeftijden;Mannen en vrouwen;Noord-Brabant (PV);2015;2465901;2039483;211950;91202;120748;214468;117123;97345;30
471;Totaal over alle leeftijden;Mannen en vrouwen;Noord-Brabant (PV);2016;2472289;2038184;214250;92648;121602;219855;119650;100205;30
472;Totaal over alle leeftijden;Mannen en vrouwen;Noord-Brabant (PV);2017;2478659;2036794;216657;94245;122412;225208;121905;103303;30
473;Totaal over alle leeftijden;Mannen en vrouwen;Noord-Brabant (PV);2018;2485034;2035398;219132;95938;123194;230504;124349;106155;30
474;Totaal over alle leeftijden;Mannen en vrouwen;Noord-Brabant (PV);2019;2492027;2034512;221733;97568;124165;235782;126656;109126;30
475;Totaal over alle leeftijden;Mannen en vrouwen;Noord-Brabant (PV);2020;2498440;2032894;224383;99267;125116;241163;129348;111815;30
476;Totaal over alle leeftijden;Mannen en vrouwen;Noord-Brabant (PV);2021;2504645;2031074;226991;100942;126049;246580;131760;114820;30
477;Totaal over alle leeftijden;Mannen en vrouwen;Noord-Brabant (PV);2022;2511577;2029858;229484;102673;126811;252235;134345;117890;30
478;Totaal over alle leeftijden;Mannen en vrouwen;Noord-Brabant (PV);2023;2518368;2028790;232163;104423;127740;257415;136615;120800;30
479;Totaal over alle leeftijden;Mannen en vrouwen;Noord-Brabant (PV);2024;2524736;2027305;234620;106046;128574;262811;139000;123811;30
480;Totaal over alle leeftijden;Mannen en vrouwen;Noord-Brabant (PV);2025;2531318;2025799;237321;107784;129537;268198;141450;126748;30
481;Totaal over alle leeftijden;Mannen en vrouwen;Noord-Brabant (PV);2026;2537154;2023943;239713;109299;130414;273498;143880;129618;30
482;Totaal over alle leeftijden;Mannen en vrouwen;Noord-Brabant (PV);2027;2543086;2022208;242163;110930;131233;278715;146014;132701;30
483;Totaal over alle leeftijden;Mannen en vrouwen;Noord-Brabant (PV);2028;2548890;2020289;244673;112658;132015;283928;148114;135814;30
484;Totaal over alle leeftijden;Mannen en vrouwen;Noord-Brabant (PV);2029;2553729;2017798;246831;114149;132682;289100;150253;138847;30
485;Totaal over alle leeftijden;Mannen en vrouwen;Noord-Brabant (PV);2030;2558441;2014911;249212;115715;133497;294318;152193;142125;30
486;Totaal over alle leeftijden;Mannen en vrouwen;Noord-Brabant (PV);2031;2561916;2011309;251414;117192;134222;299193;154116;145077;30
487;Totaal over alle leeftijden;Mannen en vrouwen;Noord-Brabant (PV);2032;2565398;2007491;253821;118764;135057;304086;155987;148099;30
488;Totaal over alle leeftijden;Mannen en vrouwen;Noord-Brabant (PV);2033;2568276;2003269;256096;120275;135821;308911;157644;151267;30
489;Totaal over alle leeftijden;Mannen en vrouwen;Noord-Brabant (PV);2034;2570328;1998537;258265;121826;136439;313526;159459;154067;30
490;Totaal over alle leeftijden;Mannen en vrouwen;Noord-Brabant (PV);2035;2571086;1992487;260248;123104;137144;318351;161208;157143;30
491;Totaal over alle leeftijden;Mannen en vrouwen;Noord-Brabant (PV);2036;2571501;1986218;262304;124443;137861;322979;162877;160102;30
492;Totaal over alle leeftijden;Mannen en vrouwen;Noord-Brabant (PV);2037;2571096;1979270;264502;125763;138739;327324;164483;162841;30
493;Totaal over alle leeftijden;Mannen en vrouwen;Noord-Brabant (PV);2038;2569808;1972012;266420;127095;139325;331376;165861;165515;30
494;Totaal over alle leeftijden;Mannen en vrouwen;Noord-Brabant (PV);2039;2568066;1964116;268481;128483;139998;335469;167182;168287;30
495;Totaal over alle leeftijden;Mannen en vrouwen;Noord-Brabant (PV);2040;2565256;1955352;270422;129750;140672;339482;168484;170998;30
496;Totaal over alle leeftijden;Mannen en vrouwen;Limburg (PV);2010;1119822;898259;156741;57256;99485;64822;37556;27266;31
497;Totaal over alle leeftijden;Mannen en vrouwen;Limburg (PV);2011;1116990;895159;154758;56767;97991;67073;38420;28653;31
498;Totaal over alle leeftijden;Mannen en vrouwen;Limburg (PV);2012;1114133;892120;152781;56198;96583;69232;39313;29919;31
499;Totaal over alle leeftijden;Mannen en vrouwen;Limburg (PV);2013;1111291;888717;150850;55589;95261;71724;40394;31330;31
500;Totaal over alle leeftijden;Mannen en vrouwen;Limburg (PV);2014;1108767;885649;148930;54945;93985;74188;41421;32767;31
501;Totaal over alle leeftijden;Mannen en vrouwen;Limburg (PV);2015;1106146;882601;146939;54297;92642;76606;42469;34137;31
502;Totaal over alle leeftijden;Mannen en vrouwen;Limburg (PV);2016;1103856;879731;145048;53749;91299;79077;43540;35537;31
503;Totaal over alle leeftijden;Mannen en vrouwen;Limburg (PV);2017;1101496;876688;143200;53142;90058;81608;44734;36874;31
504;Totaal over alle leeftijden;Mannen en vrouwen;Limburg (PV);2018;1099165;873658;141497;52703;88794;84010;45697;38313;31
505;Totaal over alle leeftijden;Mannen en vrouwen;Limburg (PV);2019;1096739;870452;139807;52275;87532;86480;46757;39723;31
506;Totaal over alle leeftijden;Mannen en vrouwen;Limburg (PV);2020;1094788;867730;138066;51851;86215;88992;47940;41052;31
507;Totaal over alle leeftijden;Mannen en vrouwen;Limburg (PV);2021;1092722;864509;136581;51487;85094;91632;49083;42549;31
508;Totaal over alle leeftijden;Mannen en vrouwen;Limburg (PV);2022;1090518;861410;134988;51097;83891;94120;50215;43905;31
509;Totaal over alle leeftijden;Mannen en vrouwen;Limburg (PV);2023;1087933;858021;133410;50781;82629;96502;51239;45263;31
510;Totaal over alle leeftijden;Mannen en vrouwen;Limburg (PV);2024;1085804;854947;131958;50529;81429;98899;52386;46513;31
511;Totaal over alle leeftijden;Mannen en vrouwen;Limburg (PV);2025;1083651;851797;130657;50305;80352;101197;53395;47802;31
512;Totaal over alle leeftijden;Mannen en vrouwen;Limburg (PV);2026;1081585;848425;129426;50039;79387;103734;54417;49317;31
513;Totaal over alle leeftijden;Mannen en vrouwen;Limburg (PV);2027;1079342;845180;128107;49814;78293;106055;55366;50689;31
514;Totaal over alle leeftijden;Mannen en vrouwen;Limburg (PV);2028;1076836;841852;126653;49402;77251;108331;56352;51979;31
515;Totaal over alle leeftijden;Mannen en vrouwen;Limburg (PV);2029;1074264;838344;125486;49244;76242;110434;57193;53241;31
516;Totaal over alle leeftijden;Mannen en vrouwen;Limburg (PV);2030;1071443;834713;124303;49038;75265;112427;58068;54359;31
517;Totaal over alle leeftijden;Mannen en vrouwen;Limburg (PV);2031;1068731;830954;123299;48859;74440;114478;58872;55606;31
518;Totaal over alle leeftijden;Mannen en vrouwen;Limburg (PV);2032;1065529;826802;122111;48596;73515;116616;59579;57037;31
519;Totaal over alle leeftijden;Mannen en vrouwen;Limburg (PV);2033;1062384;822512;121162;48485;72677;118710;60504;58206;31
520;Totaal over alle leeftijden;Mannen en vrouwen;Limburg (PV);2034;1058963;818244;120217;48392;71825;120502;61112;59390;31
521;Totaal over alle leeftijden;Mannen en vrouwen;Limburg (PV);2035;1055522;813844;119297;48209;71088;122381;61900;60481;31
522;Totaal over alle leeftijden;Mannen en vrouwen;Limburg (PV);2036;1051923;809234;118350;48063;70287;124339;62641;61698;31
523;Totaal over alle leeftijden;Mannen en vrouwen;Limburg (PV);2037;1047963;804181;117544;47895;69649;126238;63382;62856;31
524;Totaal over alle leeftijden;Mannen en vrouwen;Limburg (PV);2038;1044003;798975;116931;47810;69121;128097;64025;64072;31
525;Totaal over alle leeftijden;Mannen en vrouwen;Limburg (PV);2039;1039971;793759;116334;47792;68542;129878;64736;65142;31
526;Totaal over alle leeftijden;Mannen en vrouwen;Limburg (PV);2040;1035919;788445;115771;47810;67961;131703;65349;66354;31
527;Totaal over alle leeftijden;Mannen en vrouwen;Oost-Groningen (CR);2010;152653;137389;9196;3625;5571;6068;3696;2372;1
528;Totaal over alle leeftijden;Mannen en vrouwen;Oost-Groningen (CR);2011;152033;136395;9209;3613;5596;6429;3825;2604;1
529;Totaal over alle leeftijden;Mannen en vrouwen;Oost-Groningen (CR);2012;151698;135672;9258;3599;5659;6768;3953;2815;1
530;Totaal over alle leeftijden;Mannen en vrouwen;Oost-Groningen (CR);2013;151159;134797;9257;3594;5663;7105;4088;3017;1
531;Totaal over alle leeftijden;Mannen en vrouwen;Oost-Groningen (CR);2014;150732;133995;9258;3547;5711;7479;4256;3223;1
532;Totaal over alle leeftijden;Mannen en vrouwen;Oost-Groningen (CR);2015;150314;133191;9306;3527;5779;7817;4373;3444;1
533;Totaal over alle leeftijden;Mannen en vrouwen;Oost-Groningen (CR);2016;149912;132383;9346;3547;5799;8183;4496;3687;1
534;Totaal over alle leeftijden;Mannen en vrouwen;Oost-Groningen (CR);2017;149450;131427;9422;3544;5878;8601;4687;3914;1
535;Totaal over alle leeftijden;Mannen en vrouwen;Oost-Groningen (CR);2018;149027;130646;9459;3571;5888;8922;4804;4118;1
536;Totaal over alle leeftijden;Mannen en vrouwen;Oost-Groningen (CR);2019;148683;129827;9548;3615;5933;9308;4922;4386;1
537;Totaal over alle leeftijden;Mannen en vrouwen;Oost-Groningen (CR);2020;148211;128951;9590;3630;5960;9670;5088;4582;1
538;Totaal over alle leeftijden;Mannen en vrouwen;Oost-Groningen (CR);2021;147871;128203;9645;3644;6001;10023;5232;4791;1
539;Totaal over alle leeftijden;Mannen en vrouwen;Oost-Groningen (CR);2022;147549;127552;9623;3617;6006;10374;5386;4988;1
540;Totaal over alle leeftijden;Mannen en vrouwen;Oost-Groningen (CR);2023;147205;126776;9684;3648;6036;10745;5511;5234;1
541;Totaal over alle leeftijden;Mannen en vrouwen;Oost-Groningen (CR);2024;146961;126144;9733;3664;6069;11084;5625;5459;1
542;Totaal over alle leeftijden;Mannen en vrouwen;Oost-Groningen (CR);2025;146502;125341;9716;3632;6084;11445;5783;5662;1
543;Totaal over alle leeftijden;Mannen en vrouwen;Oost-Groningen (CR);2026;146228;124636;9828;3683;6145;11764;5918;5846;1
544;Totaal over alle leeftijden;Mannen en vrouwen;Oost-Groningen (CR);2027;145806;123831;9870;3682;6188;12105;6020;6085;1
545;Totaal over alle leeftijden;Mannen en vrouwen;Oost-Groningen (CR);2028;145557;123206;9910;3703;6207;12441;6123;6318;1
546;Totaal over alle leeftijden;Mannen en vrouwen;Oost-Groningen (CR);2029;145040;122352;9956;3690;6266;12732;6208;6524;1
547;Totaal over alle leeftijden;Mannen en vrouwen;Oost-Groningen (CR);2030;144879;121796;9991;3705;6286;13092;6342;6750;1
548;Totaal over alle leeftijden;Mannen en vrouwen;Oost-Groningen (CR);2031;144561;121061;10083;3732;6351;13417;6489;6928;1
549;Totaal over alle leeftijden;Mannen en vrouwen;Oost-Groningen (CR);2032;144295;120341;10128;3759;6369;13826;6625;7201;1
550;Totaal over alle leeftijden;Mannen en vrouwen;Oost-Groningen (CR);2033;143862;119583;10145;3757;6388;14134;6737;7397;1
551;Totaal over alle leeftijden;Mannen en vrouwen;Oost-Groningen (CR);2034;143568;118924;10167;3789;6378;14477;6833;7644;1
552;Totaal over alle leeftijden;Mannen en vrouwen;Oost-Groningen (CR);2035;143311;118297;10158;3756;6402;14856;6998;7858;1
553;Totaal over alle leeftijden;Mannen en vrouwen;Oost-Groningen (CR);2036;143056;117706;10221;3774;6447;15129;7085;8044;1
554;Totaal over alle leeftijden;Mannen en vrouwen;Oost-Groningen (CR);2037;142824;117121;10317;3833;6484;15386;7185;8201;1
555;Totaal over alle leeftijden;Mannen en vrouwen;Oost-Groningen (CR);2038;142659;116518;10383;3860;6523;15758;7306;8452;1
556;Totaal over alle leeftijden;Mannen en vrouwen;Oost-Groningen (CR);2039;142374;115886;10406;3878;6528;16082;7462;8620;1
557;Totaal over alle leeftijden;Mannen en vrouwen;Oost-Groningen (CR);2040;142049;115206;10524;3915;6609;16319;7531;8788;1
558;Totaal over alle leeftijden;Mannen en vrouwen;Delfzijl en omgeving (CR);2010;49054;42382;3471;1402;2069;3201;1963;1238;2
559;Totaal over alle leeftijden;Mannen en vrouwen;Delfzijl en omgeving (CR);2011;48654;41909;3479;1381;2098;3266;1981;1285;2
560;Totaal over alle leeftijden;Mannen en vrouwen;Delfzijl en omgeving (CR);2012;48276;41475;3481;1362;2119;3320;2018;1302;2
561;Totaal over alle leeftijden;Mannen en vrouwen;Delfzijl en omgeving (CR);2013;47953;41037;3481;1360;2121;3435;2058;1377;2
562;Totaal over alle leeftijden;Mannen en vrouwen;Delfzijl en omgeving (CR);2014;47553;40593;3428;1338;2090;3532;2116;1416;2
563;Totaal over alle leeftijden;Mannen en vrouwen;Delfzijl en omgeving (CR);2015;47168;40166;3372;1284;2088;3630;2166;1464;2
564;Totaal over alle leeftijden;Mannen en vrouwen;Delfzijl en omgeving (CR);2016;46749;39727;3351;1282;2069;3671;2191;1480;2
565;Totaal over alle leeftijden;Mannen en vrouwen;Delfzijl en omgeving (CR);2017;46376;39275;3329;1267;2062;3772;2234;1538;2
566;Totaal over alle leeftijden;Mannen en vrouwen;Delfzijl en omgeving (CR);2018;46050;38891;3294;1235;2059;3865;2278;1587;2
567;Totaal over alle leeftijden;Mannen en vrouwen;Delfzijl en omgeving (CR);2019;45648;38469;3240;1192;2048;3939;2312;1627;2
568;Totaal over alle leeftijden;Mannen en vrouwen;Delfzijl en omgeving (CR);2020;45276;38046;3218;1175;2043;4012;2344;1668;2
569;Totaal over alle leeftijden;Mannen en vrouwen;Delfzijl en omgeving (CR);2021;44896;37642;3179;1160;2019;4075;2387;1688;2
570;Totaal over alle leeftijden;Mannen en vrouwen;Delfzijl en omgeving (CR);2022;44561;37267;3144;1127;2017;4150;2434;1716;2
571;Totaal over alle leeftijden;Mannen en vrouwen;Delfzijl en omgeving (CR);2023;44329;36983;3096;1087;2009;4250;2472;1778;2
572;Totaal over alle leeftijden;Mannen en vrouwen;Delfzijl en omgeving (CR);2024;44021;36657;3055;1054;2001;4309;2504;1805;2
573;Totaal over alle leeftijden;Mannen en vrouwen;Delfzijl en omgeving (CR);2025;43715;36328;3011;1037;1974;4376;2525;1851;2
574;Totaal over alle leeftijden;Mannen en vrouwen;Delfzijl en omgeving (CR);2026;43377;35938;2981;1010;1971;4458;2547;1911;2
575;Totaal over alle leeftijden;Mannen en vrouwen;Delfzijl en omgeving (CR);2027;43090;35592;2954;991;1963;4544;2592;1952;2
576;Totaal over alle leeftijden;Mannen en vrouwen;Delfzijl en omgeving (CR);2028;42854;35273;2935;989;1946;4646;2649;1997;2
577;Totaal over alle leeftijden;Mannen en vrouwen;Delfzijl en omgeving (CR);2029;42580;34923;2931;972;1959;4726;2688;2038;2
578;Totaal over alle leeftijden;Mannen en vrouwen;Delfzijl en omgeving (CR);2030;42230;34536;2900;947;1953;4794;2740;2054;2
579;Totaal over alle leeftijden;Mannen en vrouwen;Delfzijl en omgeving (CR);2031;41945;34214;2839;917;1922;4892;2772;2120;2
580;Totaal over alle leeftijden;Mannen en vrouwen;Delfzijl en omgeving (CR);2032;41627;33872;2826;908;1918;4929;2789;2140;2
581;Totaal over alle leeftijden;Mannen en vrouwen;Delfzijl en omgeving (CR);2033;41348;33549;2799;895;1904;5000;2815;2185;2
582;Totaal over alle leeftijden;Mannen en vrouwen;Delfzijl en omgeving (CR);2034;41106;33258;2778;888;1890;5070;2827;2243;2
583;Totaal over alle leeftijden;Mannen en vrouwen;Delfzijl en omgeving (CR);2035;40766;32892;2746;865;1881;5128;2868;2260;2
584;Totaal over alle leeftijden;Mannen en vrouwen;Delfzijl en omgeving (CR);2036;40489;32602;2711;847;1864;5176;2878;2298;2
585;Totaal over alle leeftijden;Mannen en vrouwen;Delfzijl en omgeving (CR);2037;40202;32274;2712;859;1853;5216;2872;2344;2
586;Totaal over alle leeftijden;Mannen en vrouwen;Delfzijl en omgeving (CR);2038;39904;31911;2700;847;1853;5293;2901;2392;2
587;Totaal over alle leeftijden;Mannen en vrouwen;Delfzijl en omgeving (CR);2039;39667;31608;2691;838;1853;5368;2941;2427;2
588;Totaal over alle leeftijden;Mannen en vrouwen;Delfzijl en omgeving (CR);2040;39425;31330;2665;819;1846;5430;2942;2488;2
589;Totaal over alle leeftijden;Mannen en vrouwen;Overig Groningen (CR);2010;376412;322990;27507;12111;15396;25915;15176;10739;3
590;Totaal over alle leeftijden;Mannen en vrouwen;Overig Groningen (CR);2011;379746;325058;27694;12235;15459;26994;15561;11433;3
591;Totaal over alle leeftijden;Mannen en vrouwen;Overig Groningen (CR);2012;382126;326342;27777;12258;15519;28007;15877;12130;3
592;Totaal over alle leeftijden;Mannen en vrouwen;Overig Groningen (CR);2013;384078;327211;27841;12308;15533;29026;16191;12835;3
593;Totaal over alle leeftijden;Mannen en vrouwen;Overig Groningen (CR);2014;385509;327508;27880;12299;15581;30121;16566;13555;3
594;Totaal over alle leeftijden;Mannen en vrouwen;Overig Groningen (CR);2015;387182;328074;27898;12264;15634;31210;17032;14178;3
595;Totaal over alle leeftijden;Mannen en vrouwen;Overig Groningen (CR);2016;388747;328474;27986;12290;15696;32287;17384;14903;3
596;Totaal over alle leeftijden;Mannen en vrouwen;Overig Groningen (CR);2017;390058;328572;28004;12312;15692;33482;17889;15593;3
597;Totaal over alle leeftijden;Mannen en vrouwen;Overig Groningen (CR);2018;391422;328841;28063;12312;15751;34518;18290;16228;3
598;Totaal over alle leeftijden;Mannen en vrouwen;Overig Groningen (CR);2019;392881;329160;28115;12379;15736;35606;18832;16774;3
599;Totaal over alle leeftijden;Mannen en vrouwen;Overig Groningen (CR);2020;394206;329414;28125;12396;15729;36667;19286;17381;3
600;Totaal over alle leeftijden;Mannen en vrouwen;Overig Groningen (CR);2021;395456;329558;28131;12402;15729;37767;19679;18088;3
601;Totaal over alle leeftijden;Mannen en vrouwen;Overig Groningen (CR);2022;397336;330170;28317;12439;15878;38849;20000;18849;3
602;Totaal over alle leeftijden;Mannen en vrouwen;Overig Groningen (CR);2023;398696;330455;28441;12478;15963;39800;20425;19375;3
603;Totaal over alle leeftijden;Mannen en vrouwen;Overig Groningen (CR);2024;400251;330688;28651;12531;16120;40912;20841;20071;3
604;Totaal over alle leeftijden;Mannen en vrouwen;Overig Groningen (CR);2025;401850;331154;28783;12583;16200;41913;21222;20691;3
605;Totaal over alle leeftijden;Mannen en vrouwen;Overig Groningen (CR);2026;403292;331406;28885;12654;16231;43001;21624;21377;3
606;Totaal over alle leeftijden;Mannen en vrouwen;Overig Groningen (CR);2027;404765;331771;28969;12692;16277;44025;22101;21924;3
607;Totaal over alle leeftijden;Mannen en vrouwen;Overig Groningen (CR);2028;406130;331960;29097;12749;16348;45073;22514;22559;3
608;Totaal over alle leeftijden;Mannen en vrouwen;Overig Groningen (CR);2029;407831;332470;29315;12886;16429;46046;22926;23120;3
609;Totaal over alle leeftijden;Mannen en vrouwen;Overig Groningen (CR);2030;408886;332341;29470;12906;16564;47075;23326;23749;3
610;Totaal over alle leeftijden;Mannen en vrouwen;Overig Groningen (CR);2031;409939;332446;29656;12961;16695;47837;23577;24260;3
611;Totaal over alle leeftijden;Mannen en vrouwen;Overig Groningen (CR);2032;410907;332255;29968;13130;16838;48684;23844;24840;3
612;Totaal over alle leeftijden;Mannen en vrouwen;Overig Groningen (CR);2033;411998;332250;30198;13209;16989;49550;24208;25342;3
613;Totaal over alle leeftijden;Mannen en vrouwen;Overig Groningen (CR);2034;412709;331940;30435;13246;17189;50334;24511;25823;3
614;Totaal over alle leeftijden;Mannen en vrouwen;Overig Groningen (CR);2035;413582;331641;30679;13240;17439;51262;24893;26369;3
615;Totaal over alle leeftijden;Mannen en vrouwen;Overig Groningen (CR);2036;414205;331049;30991;13425;17566;52165;25274;26891;3
616;Totaal over alle leeftijden;Mannen en vrouwen;Overig Groningen (CR);2037;414631;330393;31286;13517;17769;52952;25501;27451;3
617;Totaal over alle leeftijden;Mannen en vrouwen;Overig Groningen (CR);2038;414799;329602;31533;13565;17968;53664;25763;27901;3
618;Totaal over alle leeftijden;Mannen en vrouwen;Overig Groningen (CR);2039;414862;328677;31859;13691;18168;54326;25881;28445;3
619;Totaal over alle leeftijden;Mannen en vrouwen;Overig Groningen (CR);2040;414577;327551;32095;13729;18366;54931;26085;28846;3
620;Totaal over alle leeftijden;Mannen en vrouwen;Noord-Friesland (CR);2010;331420;300615;16655;6706;9949;14150;8613;5537;4
621;Totaal over alle leeftijden;Mannen en vrouwen;Noord-Friesland (CR);2011;331428;299581;17039;6936;10103;14808;8934;5874;4
622;Totaal over alle leeftijden;Mannen en vrouwen;Noord-Friesland (CR);2012;331826;298946;17401;7143;10258;15479;9169;6310;4
623;Totaal over alle leeftijden;Mannen en vrouwen;Noord-Friesland (CR);2013;332447;298417;17821;7348;10473;16209;9448;6761;4
624;Totaal over alle leeftijden;Mannen en vrouwen;Noord-Friesland (CR);2014;333174;297936;18180;7491;10689;17058;9762;7296;4
625;Totaal over alle leeftijden;Mannen en vrouwen;Noord-Friesland (CR);2015;333654;297204;18483;7578;10905;17967;10136;7831;4
626;Totaal over alle leeftijden;Mannen en vrouwen;Noord-Friesland (CR);2016;334090;296492;18848;7740;11108;18750;10455;8295;4
627;Totaal over alle leeftijden;Mannen en vrouwen;Noord-Friesland (CR);2017;334497;295678;19218;7901;11317;19601;10744;8857;4
628;Totaal over alle leeftijden;Mannen en vrouwen;Noord-Friesland (CR);2018;334920;294834;19608;8040;11568;20478;11091;9387;4
629;Totaal over alle leeftijden;Mannen en vrouwen;Noord-Friesland (CR);2019;335320;294111;19969;8159;11810;21240;11438;9802;4
630;Totaal over alle leeftijden;Mannen en vrouwen;Noord-Friesland (CR);2020;335881;293415;20299;8304;11995;22167;11800;10367;4
631;Totaal over alle leeftijden;Mannen en vrouwen;Noord-Friesland (CR);2021;336617;292774;20667;8472;12195;23176;12302;10874;4
632;Totaal over alle leeftijden;Mannen en vrouwen;Noord-Friesland (CR);2022;336998;291948;20968;8520;12448;24082;12679;11403;4
633;Totaal over alle leeftijden;Mannen en vrouwen;Noord-Friesland (CR);2023;337501;291291;21296;8680;12616;24914;13018;11896;4
634;Totaal over alle leeftijden;Mannen en vrouwen;Noord-Friesland (CR);2024;337729;290433;21536;8783;12753;25760;13337;12423;4
635;Totaal over alle leeftijden;Mannen en vrouwen;Noord-Friesland (CR);2025;337971;289603;21806;8909;12897;26562;13695;12867;4
636;Totaal over alle leeftijden;Mannen en vrouwen;Noord-Friesland (CR);2026;338191;288643;22098;9053;13045;27450;14000;13450;4
637;Totaal over alle leeftijden;Mannen en vrouwen;Noord-Friesland (CR);2027;337996;287383;22324;9136;13188;28289;14275;14014;4
638;Totaal over alle leeftijden;Mannen en vrouwen;Noord-Friesland (CR);2028;337913;286243;22621;9263;13358;29049;14628;14421;4
639;Totaal over alle leeftijden;Mannen en vrouwen;Noord-Friesland (CR);2029;337678;284897;22950;9392;13558;29831;14959;14872;4
640;Totaal over alle leeftijden;Mannen en vrouwen;Noord-Friesland (CR);2030;337598;283809;23224;9471;13753;30565;15290;15275;4
641;Totaal over alle leeftijden;Mannen en vrouwen;Noord-Friesland (CR);2031;337420;282575;23461;9595;13866;31384;15618;15766;4
642;Totaal over alle leeftijden;Mannen en vrouwen;Noord-Friesland (CR);2032;337076;281366;23691;9687;14004;32019;15888;16131;4
643;Totaal over alle leeftijden;Mannen en vrouwen;Noord-Friesland (CR);2033;336821;280029;23960;9784;14176;32832;16236;16596;4
644;Totaal over alle leeftijden;Mannen en vrouwen;Noord-Friesland (CR);2034;336532;278753;24250;9928;14322;33529;16528;17001;4
645;Totaal over alle leeftijden;Mannen en vrouwen;Noord-Friesland (CR);2035;336468;277605;24547;10092;14455;34316;16910;17406;4
646;Totaal over alle leeftijden;Mannen en vrouwen;Noord-Friesland (CR);2036;336316;276414;24913;10285;14628;34989;17225;17764;4
647;Totaal over alle leeftijden;Mannen en vrouwen;Noord-Friesland (CR);2037;336155;275142;25150;10411;14739;35863;17633;18230;4
648;Totaal over alle leeftijden;Mannen en vrouwen;Noord-Friesland (CR);2038;335922;273941;25281;10445;14836;36700;17970;18730;4
649;Totaal over alle leeftijden;Mannen en vrouwen;Noord-Friesland (CR);2039;335750;272830;25526;10541;14985;37394;18327;19067;4
650;Totaal over alle leeftijden;Mannen en vrouwen;Noord-Friesland (CR);2040;335574;271795;25778;10662;15116;38001;18501;19500;4
651;Totaal over alle leeftijden;Mannen en vrouwen;Zuidwest-Friesland (CR);2010;106244;97336;5616;1992;3624;3292;1735;1557;5
652;Totaal over alle leeftijden;Mannen en vrouwen;Zuidwest-Friesland (CR);2011;106442;97101;5751;2045;3706;3590;1859;1731;5
653;Totaal over alle leeftijden;Mannen en vrouwen;Zuidwest-Friesland (CR);2012;106600;96841;5876;2094;3782;3883;1964;1919;5
654;Totaal over alle leeftijden;Mannen en vrouwen;Zuidwest-Friesland (CR);2013;106670;96418;6010;2142;3868;4242;2116;2126;5
655;Totaal over alle leeftijden;Mannen en vrouwen;Zuidwest-Friesland (CR);2014;106797;96104;6087;2152;3935;4606;2302;2304;5
656;Totaal over alle leeftijden;Mannen en vrouwen;Zuidwest-Friesland (CR);2015;106967;95828;6220;2198;4022;4919;2450;2469;5
657;Totaal over alle leeftijden;Mannen en vrouwen;Zuidwest-Friesland (CR);2016;106953;95386;6317;2237;4080;5250;2556;2694;5
658;Totaal over alle leeftijden;Mannen en vrouwen;Zuidwest-Friesland (CR);2017;107094;95094;6415;2271;4144;5585;2720;2865;5
659;Totaal over alle leeftijden;Mannen en vrouwen;Zuidwest-Friesland (CR);2018;107250;94810;6505;2329;4176;5935;2866;3069;5
660;Totaal over alle leeftijden;Mannen en vrouwen;Zuidwest-Friesland (CR);2019;107272;94424;6611;2358;4253;6237;2978;3259;5
661;Totaal over alle leeftijden;Mannen en vrouwen;Zuidwest-Friesland (CR);2020;107356;94123;6707;2376;4331;6526;3109;3417;5
662;Totaal over alle leeftijden;Mannen en vrouwen;Zuidwest-Friesland (CR);2021;107342;93682;6812;2436;4376;6848;3260;3588;5
663;Totaal over alle leeftijden;Mannen en vrouwen;Zuidwest-Friesland (CR);2022;107368;93288;6913;2466;4447;7167;3374;3793;5
664;Totaal over alle leeftijden;Mannen en vrouwen;Zuidwest-Friesland (CR);2023;107442;92881;7022;2499;4523;7539;3548;3991;5
665;Totaal over alle leeftijden;Mannen en vrouwen;Zuidwest-Friesland (CR);2024;107432;92413;7168;2546;4622;7851;3670;4181;5
666;Totaal over alle leeftijden;Mannen en vrouwen;Zuidwest-Friesland (CR);2025;107477;92001;7252;2556;4696;8224;3811;4413;5
667;Totaal over alle leeftijden;Mannen en vrouwen;Zuidwest-Friesland (CR);2026;107461;91587;7346;2591;4755;8528;3937;4591;5
668;Totaal over alle leeftijden;Mannen en vrouwen;Zuidwest-Friesland (CR);2027;107596;91277;7464;2629;4835;8855;4053;4802;5
669;Totaal over alle leeftijden;Mannen en vrouwen;Zuidwest-Friesland (CR);2028;107617;90934;7529;2646;4883;9154;4181;4973;5
670;Totaal over alle leeftijden;Mannen en vrouwen;Zuidwest-Friesland (CR);2029;107731;90698;7612;2664;4948;9421;4270;5151;5
671;Totaal over alle leeftijden;Mannen en vrouwen;Zuidwest-Friesland (CR);2030;107706;90329;7697;2718;4979;9680;4351;5329;5
672;Totaal over alle leeftijden;Mannen en vrouwen;Zuidwest-Friesland (CR);2031;107946;90139;7821;2763;5058;9986;4505;5481;5
673;Totaal over alle leeftijden;Mannen en vrouwen;Zuidwest-Friesland (CR);2032;107998;89854;7915;2781;5134;10229;4616;5613;5
674;Totaal over alle leeftijden;Mannen en vrouwen;Zuidwest-Friesland (CR);2033;108014;89549;7963;2803;5160;10502;4727;5775;5
675;Totaal over alle leeftijden;Mannen en vrouwen;Zuidwest-Friesland (CR);2034;108079;89281;8029;2810;5219;10769;4862;5907;5
676;Totaal over alle leeftijden;Mannen en vrouwen;Zuidwest-Friesland (CR);2035;108009;88807;8147;2862;5285;11055;4957;6098;5
677;Totaal over alle leeftijden;Mannen en vrouwen;Zuidwest-Friesland (CR);2036;107915;88457;8145;2842;5303;11313;5061;6252;5
678;Totaal over alle leeftijden;Mannen en vrouwen;Zuidwest-Friesland (CR);2037;107853;88057;8237;2848;5389;11559;5144;6415;5
679;Totaal over alle leeftijden;Mannen en vrouwen;Zuidwest-Friesland (CR);2038;107867;87723;8339;2906;5433;11805;5206;6599;5
680;Totaal over alle leeftijden;Mannen en vrouwen;Zuidwest-Friesland (CR);2039;107804;87238;8459;2952;5507;12107;5318;6789;5
681;Totaal over alle leeftijden;Mannen en vrouwen;Zuidwest-Friesland (CR);2040;107765;86916;8527;2952;5575;12322;5410;6912;5
682;Totaal over alle leeftijden;Mannen en vrouwen;Zuidoost-Friesland (CR);2010;208174;190054;9866;3573;6293;8254;4911;3343;6
683;Totaal over alle leeftijden;Mannen en vrouwen;Zuidoost-Friesland (CR);2011;208534;189725;10037;3661;6376;8772;5162;3610;6
684;Totaal over alle leeftijden;Mannen en vrouwen;Zuidoost-Friesland (CR);2012;208952;189477;10198;3728;6470;9277;5435;3842;6
685;Totaal over alle leeftijden;Mannen en vrouwen;Zuidoost-Friesland (CR);2013;209546;189400;10382;3831;6551;9764;5644;4120;6
686;Totaal over alle leeftijden;Mannen en vrouwen;Zuidoost-Friesland (CR);2014;209952;189139;10505;3879;6626;10308;5880;4428;6
687;Totaal over alle leeftijden;Mannen en vrouwen;Zuidoost-Friesland (CR);2015;210450;188995;10660;3964;6696;10795;6081;4714;6
688;Totaal over alle leeftijden;Mannen en vrouwen;Zuidoost-Friesland (CR);2016;210997;188907;10812;4007;6805;11278;6305;4973;6
689;Totaal over alle leeftijden;Mannen en vrouwen;Zuidoost-Friesland (CR);2017;211592;188914;10944;4059;6885;11734;6512;5222;6
690;Totaal over alle leeftijden;Mannen en vrouwen;Zuidoost-Friesland (CR);2018;211951;188568;11133;4121;7012;12250;6757;5493;6
691;Totaal over alle leeftijden;Mannen en vrouwen;Zuidoost-Friesland (CR);2019;212394;188299;11265;4198;7067;12830;7014;5816;6
692;Totaal over alle leeftijden;Mannen en vrouwen;Zuidoost-Friesland (CR);2020;212898;188145;11446;4270;7176;13307;7200;6107;6
693;Totaal over alle leeftijden;Mannen en vrouwen;Zuidoost-Friesland (CR);2021;213243;187791;11602;4337;7265;13850;7464;6386;6
694;Totaal over alle leeftijden;Mannen en vrouwen;Zuidoost-Friesland (CR);2022;213487;187347;11748;4415;7333;14392;7721;6671;6
695;Totaal over alle leeftijden;Mannen en vrouwen;Zuidoost-Friesland (CR);2023;213819;186957;11907;4511;7396;14955;7958;6997;6
696;Totaal over alle leeftijden;Mannen en vrouwen;Zuidoost-Friesland (CR);2024;214095;186631;12025;4547;7478;15439;8154;7285;6
697;Totaal over alle leeftijden;Mannen en vrouwen;Zuidoost-Friesland (CR);2025;214258;186133;12146;4586;7560;15979;8405;7574;6
698;Totaal over alle leeftijden;Mannen en vrouwen;Zuidoost-Friesland (CR);2026;214591;185839;12258;4619;7639;16494;8627;7867;6
699;Totaal over alle leeftijden;Mannen en vrouwen;Zuidoost-Friesland (CR);2027;214905;185510;12410;4680;7730;16985;8815;8170;6
700;Totaal over alle leeftijden;Mannen en vrouwen;Zuidoost-Friesland (CR);2028;215140;185114;12561;4767;7794;17465;9103;8362;6
701;Totaal over alle leeftijden;Mannen en vrouwen;Zuidoost-Friesland (CR);2029;215358;184781;12638;4825;7813;17939;9351;8588;6
702;Totaal over alle leeftijden;Mannen en vrouwen;Zuidoost-Friesland (CR);2030;215430;184296;12718;4834;7884;18416;9619;8797;6
703;Totaal over alle leeftijden;Mannen en vrouwen;Zuidoost-Friesland (CR);2031;215547;183847;12788;4893;7895;18912;9851;9061;6
704;Totaal over alle leeftijden;Mannen en vrouwen;Zuidoost-Friesland (CR);2032;215693;183332;12899;4962;7937;19462;10084;9378;6
705;Totaal over alle leeftijden;Mannen en vrouwen;Zuidoost-Friesland (CR);2033;215699;182736;13044;5036;8008;19919;10293;9626;6
706;Totaal over alle leeftijden;Mannen en vrouwen;Zuidoost-Friesland (CR);2034;215826;182259;13158;5065;8093;20409;10538;9871;6
707;Totaal over alle leeftijden;Mannen en vrouwen;Zuidoost-Friesland (CR);2035;215599;181523;13241;5096;8145;20835;10744;10091;6
708;Totaal over alle leeftijden;Mannen en vrouwen;Zuidoost-Friesland (CR);2036;215696;181010;13356;5138;8218;21330;10973;10357;6
709;Totaal over alle leeftijden;Mannen en vrouwen;Zuidoost-Friesland (CR);2037;215699;180464;13463;5191;8272;21772;11226;10546;6
710;Totaal over alle leeftijden;Mannen en vrouwen;Zuidoost-Friesland (CR);2038;215458;179711;13558;5254;8304;22189;11396;10793;6
711;Totaal over alle leeftijden;Mannen en vrouwen;Zuidoost-Friesland (CR);2039;215184;178928;13713;5354;8359;22543;11523;11020;6
712;Totaal over alle leeftijden;Mannen en vrouwen;Zuidoost-Friesland (CR);2040;215111;178320;13815;5397;8418;22976;11730;11246;6
713;Totaal over alle leeftijden;Mannen en vrouwen;Noord-Drenthe (CR);2010;189222;171469;10937;4121;6816;6816;3720;3096;7
714;Totaal over alle leeftijden;Mannen en vrouwen;Noord-Drenthe (CR);2011;189322;171022;11031;4153;6878;7269;3874;3395;7
715;Totaal over alle leeftijden;Mannen en vrouwen;Noord-Drenthe (CR);2012;189648;170845;11096;4191;6905;7707;4074;3633;7
716;Totaal over alle leeftijden;Mannen en vrouwen;Noord-Drenthe (CR);2013;190042;170772;11072;4169;6903;8198;4286;3912;7
717;Totaal over alle leeftijden;Mannen en vrouwen;Noord-Drenthe (CR);2014;190754;170884;11154;4188;6966;8716;4489;4227;7
718;Totaal over alle leeftijden;Mannen en vrouwen;Noord-Drenthe (CR);2015;191171;170766;11240;4192;7048;9165;4649;4516;7
719;Totaal over alle leeftijden;Mannen en vrouwen;Noord-Drenthe (CR);2016;191679;170732;11302;4223;7079;9645;4847;4798;7
720;Totaal over alle leeftijden;Mannen en vrouwen;Noord-Drenthe (CR);2017;192388;170839;11392;4246;7146;10157;5064;5093;7
721;Totaal over alle leeftijden;Mannen en vrouwen;Noord-Drenthe (CR);2018;193043;170940;11418;4240;7178;10685;5293;5392;7
722;Totaal over alle leeftijden;Mannen en vrouwen;Noord-Drenthe (CR);2019;193665;170954;11478;4286;7192;11233;5544;5689;7
723;Totaal over alle leeftijden;Mannen en vrouwen;Noord-Drenthe (CR);2020;194443;171026;11582;4330;7252;11835;5789;6046;7
724;Totaal over alle leeftijden;Mannen en vrouwen;Noord-Drenthe (CR);2021;195260;171171;11680;4357;7323;12409;6035;6374;7
725;Totaal over alle leeftijden;Mannen en vrouwen;Noord-Drenthe (CR);2022;195760;171162;11690;4357;7333;12908;6254;6654;7
726;Totaal over alle leeftijden;Mannen en vrouwen;Noord-Drenthe (CR);2023;196403;171192;11746;4372;7374;13465;6506;6959;7
727;Totaal over alle leeftijden;Mannen en vrouwen;Noord-Drenthe (CR);2024;197000;171293;11733;4367;7366;13974;6713;7261;7
728;Totaal over alle leeftijden;Mannen en vrouwen;Noord-Drenthe (CR);2025;197558;171341;11834;4425;7409;14383;6836;7547;7
729;Totaal over alle leeftijden;Mannen en vrouwen;Noord-Drenthe (CR);2026;198108;171384;11912;4458;7454;14812;6982;7830;7
730;Totaal over alle leeftijden;Mannen en vrouwen;Noord-Drenthe (CR);2027;198714;171437;11990;4499;7491;15287;7138;8149;7
731;Totaal over alle leeftijden;Mannen en vrouwen;Noord-Drenthe (CR);2028;199212;171388;12090;4514;7576;15734;7288;8446;7
732;Totaal over alle leeftijden;Mannen en vrouwen;Noord-Drenthe (CR);2029;199779;171454;12118;4536;7582;16207;7465;8742;7
733;Totaal over alle leeftijden;Mannen en vrouwen;Noord-Drenthe (CR);2030;200261;171464;12130;4523;7607;16667;7651;9016;7
734;Totaal over alle leeftijden;Mannen en vrouwen;Noord-Drenthe (CR);2031;200740;171411;12199;4546;7653;17130;7817;9313;7
735;Totaal over alle leeftijden;Mannen en vrouwen;Noord-Drenthe (CR);2032;201120;171293;12289;4582;7707;17538;7988;9550;7
736;Totaal over alle leeftijden;Mannen en vrouwen;Noord-Drenthe (CR);2033;201462;171177;12295;4588;7707;17990;8172;9818;7
737;Totaal over alle leeftijden;Mannen en vrouwen;Noord-Drenthe (CR);2034;201793;171047;12316;4591;7725;18430;8356;10074;7
738;Totaal over alle leeftijden;Mannen en vrouwen;Noord-Drenthe (CR);2035;201874;170653;12320;4595;7725;18901;8511;10390;7
739;Totaal over alle leeftijden;Mannen en vrouwen;Noord-Drenthe (CR);2036;201892;170213;12386;4615;7771;19293;8621;10672;7
740;Totaal over alle leeftijden;Mannen en vrouwen;Noord-Drenthe (CR);2037;201983;169856;12376;4620;7756;19751;8845;10906;7
741;Totaal over alle leeftijden;Mannen en vrouwen;Noord-Drenthe (CR);2038;202017;169427;12432;4696;7736;20158;9000;11158;7
742;Totaal over alle leeftijden;Mannen en vrouwen;Noord-Drenthe (CR);2039;201977;168941;12490;4725;7765;20546;9089;11457;7
743;Totaal over alle leeftijden;Mannen en vrouwen;Noord-Drenthe (CR);2040;201900;168487;12490;4765;7725;20923;9217;11706;7
744;Totaal over alle leeftijden;Mannen en vrouwen;Zuidoost-Drenthe (CR);2010;170474;153273;10829;4291;6538;6372;3818;2554;8
745;Totaal over alle leeftijden;Mannen en vrouwen;Zuidoost-Drenthe (CR);2011;170246;152418;11023;4407;6616;6805;4008;2797;8
746;Totaal over alle leeftijden;Mannen en vrouwen;Zuidoost-Drenthe (CR);2012;169998;151505;11215;4542;6673;7278;4194;3084;8
747;Totaal over alle leeftijden;Mannen en vrouwen;Zuidoost-Drenthe (CR);2013;169934;150770;11411;4623;6788;7753;4413;3340;8
748;Totaal over alle leeftijden;Mannen en vrouwen;Zuidoost-Drenthe (CR);2014;169996;150213;11647;4750;6897;8136;4594;3542;8
749;Totaal over alle leeftijden;Mannen en vrouwen;Zuidoost-Drenthe (CR);2015;170028;149602;11852;4848;7004;8574;4813;3761;8
750;Totaal over alle leeftijden;Mannen en vrouwen;Zuidoost-Drenthe (CR);2016;170031;148923;12027;4943;7084;9081;5033;4048;8
751;Totaal over alle leeftijden;Mannen en vrouwen;Zuidoost-Drenthe (CR);2017;170145;148284;12242;5069;7173;9619;5317;4302;8
752;Totaal over alle leeftijden;Mannen en vrouwen;Zuidoost-Drenthe (CR);2018;170287;147681;12458;5217;7241;10148;5564;4584;8
753;Totaal over alle leeftijden;Mannen en vrouwen;Zuidoost-Drenthe (CR);2019;170404;147059;12662;5351;7311;10683;5820;4863;8
754;Totaal over alle leeftijden;Mannen en vrouwen;Zuidoost-Drenthe (CR);2020;170488;146487;12885;5523;7362;11116;6027;5089;8
755;Totaal over alle leeftijden;Mannen en vrouwen;Zuidoost-Drenthe (CR);2021;170585;145901;13132;5716;7416;11552;6274;5278;8
756;Totaal over alle leeftijden;Mannen en vrouwen;Zuidoost-Drenthe (CR);2022;170544;145176;13325;5887;7438;12043;6542;5501;8
757;Totaal over alle leeftijden;Mannen en vrouwen;Zuidoost-Drenthe (CR);2023;170511;144505;13527;6040;7487;12479;6739;5740;8
758;Totaal over alle leeftijden;Mannen en vrouwen;Zuidoost-Drenthe (CR);2024;170499;143854;13746;6194;7552;12899;6966;5933;8
759;Totaal over alle leeftijden;Mannen en vrouwen;Zuidoost-Drenthe (CR);2025;170548;143265;13946;6366;7580;13337;7177;6160;8
760;Totaal over alle leeftijden;Mannen en vrouwen;Zuidoost-Drenthe (CR);2026;170518;142642;14077;6454;7623;13799;7458;6341;8
761;Totaal over alle leeftijden;Mannen en vrouwen;Zuidoost-Drenthe (CR);2027;170407;141944;14230;6530;7700;14233;7652;6581;8
762;Totaal over alle leeftijden;Mannen en vrouwen;Zuidoost-Drenthe (CR);2028;170312;141352;14349;6636;7713;14611;7850;6761;8
763;Totaal over alle leeftijden;Mannen en vrouwen;Zuidoost-Drenthe (CR);2029;170088;140516;14549;6737;7812;15023;8037;6986;8
764;Totaal over alle leeftijden;Mannen en vrouwen;Zuidoost-Drenthe (CR);2030;169967;139813;14711;6867;7844;15443;8229;7214;8
765;Totaal over alle leeftijden;Mannen en vrouwen;Zuidoost-Drenthe (CR);2031;169770;139104;14832;6973;7859;15834;8449;7385;8
766;Totaal over alle leeftijden;Mannen en vrouwen;Zuidoost-Drenthe (CR);2032;169601;138382;15000;7108;7892;16219;8627;7592;8
767;Totaal over alle leeftijden;Mannen en vrouwen;Zuidoost-Drenthe (CR);2033;169293;137592;15140;7198;7942;16561;8792;7769;8
768;Totaal over alle leeftijden;Mannen en vrouwen;Zuidoost-Drenthe (CR);2034;168975;136828;15290;7304;7986;16857;8928;7929;8
769;Totaal over alle leeftijden;Mannen en vrouwen;Zuidoost-Drenthe (CR);2035;168747;136132;15461;7411;8050;17154;9050;8104;8
770;Totaal over alle leeftijden;Mannen en vrouwen;Zuidoost-Drenthe (CR);2036;168478;135409;15566;7470;8096;17503;9210;8293;8
771;Totaal over alle leeftijden;Mannen en vrouwen;Zuidoost-Drenthe (CR);2037;168137;134619;15698;7587;8111;17820;9314;8506;8
772;Totaal over alle leeftijden;Mannen en vrouwen;Zuidoost-Drenthe (CR);2038;167744;133722;15842;7710;8132;18180;9457;8723;8
773;Totaal over alle leeftijden;Mannen en vrouwen;Zuidoost-Drenthe (CR);2039;167393;132846;15962;7805;8157;18585;9658;8927;8
774;Totaal over alle leeftijden;Mannen en vrouwen;Zuidoost-Drenthe (CR);2040;167231;132155;16121;7875;8246;18955;9808;9147;8
775;Totaal over alle leeftijden;Mannen en vrouwen;Zuidwest-Drenthe (CR);2010;129559;118679;6478;2504;3974;4402;2427;1975;9
776;Totaal over alle leeftijden;Mannen en vrouwen;Zuidwest-Drenthe (CR);2011;129717;118453;6563;2541;4022;4701;2562;2139;9
777;Totaal over alle leeftijden;Mannen en vrouwen;Zuidwest-Drenthe (CR);2012;129773;118092;6676;2614;4062;5005;2708;2297;9
778;Totaal over alle leeftijden;Mannen en vrouwen;Zuidwest-Drenthe (CR);2013;129987;117828;6826;2708;4118;5333;2830;2503;9
779;Totaal over alle leeftijden;Mannen en vrouwen;Zuidwest-Drenthe (CR);2014;130303;117704;6919;2757;4162;5680;2956;2724;9
780;Totaal over alle leeftijden;Mannen en vrouwen;Zuidwest-Drenthe (CR);2015;130507;117494;7005;2791;4214;6008;3097;2911;9
781;Totaal over alle leeftijden;Mannen en vrouwen;Zuidwest-Drenthe (CR);2016;130701;117288;7115;2827;4288;6298;3222;3076;9
782;Totaal over alle leeftijden;Mannen en vrouwen;Zuidwest-Drenthe (CR);2017;130946;117114;7217;2852;4365;6615;3347;3268;9
783;Totaal over alle leeftijden;Mannen en vrouwen;Zuidwest-Drenthe (CR);2018;131094;116819;7302;2888;4414;6973;3534;3439;9
784;Totaal over alle leeftijden;Mannen en vrouwen;Zuidwest-Drenthe (CR);2019;131213;116522;7377;2931;4446;7314;3698;3616;9
785;Totaal over alle leeftijden;Mannen en vrouwen;Zuidwest-Drenthe (CR);2020;131436;116314;7465;2971;4494;7657;3867;3790;9
786;Totaal over alle leeftijden;Mannen en vrouwen;Zuidwest-Drenthe (CR);2021;131562;116002;7574;3002;4572;7986;4031;3955;9
787;Totaal over alle leeftijden;Mannen en vrouwen;Zuidwest-Drenthe (CR);2022;131652;115635;7640;3035;4605;8377;4199;4178;9
788;Totaal over alle leeftijden;Mannen en vrouwen;Zuidwest-Drenthe (CR);2023;131849;115421;7720;3068;4652;8708;4324;4384;9
789;Totaal over alle leeftijden;Mannen en vrouwen;Zuidwest-Drenthe (CR);2024;132083;115274;7857;3151;4706;8952;4426;4526;9
790;Totaal over alle leeftijden;Mannen en vrouwen;Zuidwest-Drenthe (CR);2025;132238;114962;7997;3244;4753;9279;4592;4687;9
791;Totaal over alle leeftijden;Mannen en vrouwen;Zuidwest-Drenthe (CR);2026;132349;114668;8094;3268;4826;9587;4738;4849;9
792;Totaal over alle leeftijden;Mannen en vrouwen;Zuidwest-Drenthe (CR);2027;132547;114481;8187;3337;4850;9879;4864;5015;9
793;Totaal over alle leeftijden;Mannen en vrouwen;Zuidwest-Drenthe (CR);2028;132631;114145;8342;3417;4925;10144;4993;5151;9
794;Totaal over alle leeftijden;Mannen en vrouwen;Zuidwest-Drenthe (CR);2029;132787;113874;8459;3453;5006;10454;5134;5320;9
795;Totaal over alle leeftijden;Mannen en vrouwen;Zuidwest-Drenthe (CR);2030;132808;113527;8508;3477;5031;10773;5231;5542;9
796;Totaal over alle leeftijden;Mannen en vrouwen;Zuidwest-Drenthe (CR);2031;132854;113133;8627;3536;5091;11094;5377;5717;9
797;Totaal over alle leeftijden;Mannen en vrouwen;Zuidwest-Drenthe (CR);2032;132709;112718;8663;3543;5120;11328;5500;5828;9
798;Totaal over alle leeftijden;Mannen en vrouwen;Zuidwest-Drenthe (CR);2033;132827;112423;8782;3606;5176;11622;5638;5984;9
799;Totaal over alle leeftijden;Mannen en vrouwen;Zuidwest-Drenthe (CR);2034;132754;111997;8894;3629;5265;11863;5716;6147;9
800;Totaal over alle leeftijden;Mannen en vrouwen;Zuidwest-Drenthe (CR);2035;132689;111613;8997;3697;5300;12079;5790;6289;9
801;Totaal over alle leeftijden;Mannen en vrouwen;Zuidwest-Drenthe (CR);2036;132605;111261;9033;3680;5353;12311;5882;6429;9
802;Totaal over alle leeftijden;Mannen en vrouwen;Zuidwest-Drenthe (CR);2037;132634;110853;9149;3712;5437;12632;5995;6637;9
803;Totaal over alle leeftijden;Mannen en vrouwen;Zuidwest-Drenthe (CR);2038;132554;110470;9156;3710;5446;12928;6131;6797;9
804;Totaal over alle leeftijden;Mannen en vrouwen;Zuidwest-Drenthe (CR);2039;132551;110152;9243;3747;5496;13156;6224;6932;9
805;Totaal over alle leeftijden;Mannen en vrouwen;Zuidwest-Drenthe (CR);2040;132399;109694;9315;3810;5505;13390;6331;7059;9
806;Totaal over alle leeftijden;Mannen en vrouwen;Noord-Overijssel (CR);2010;352237;319041;16328;6079;10249;16868;9755;7113;10
807;Totaal over alle leeftijden;Mannen en vrouwen;Noord-Overijssel (CR);2011;353425;319134;16697;6379;10318;17594;10078;7516;10
808;Totaal over alle leeftijden;Mannen en vrouwen;Noord-Overijssel (CR);2012;355028;319588;17095;6664;10431;18345;10432;7913;10
809;Totaal over alle leeftijden;Mannen en vrouwen;Noord-Overijssel (CR);2013;356460;319962;17370;6916;10454;19128;10808;8320;10
810;Totaal over alle leeftijden;Mannen en vrouwen;Noord-Overijssel (CR);2014;358277;320652;17655;7149;10506;19970;11236;8734;10
811;Totaal over alle leeftijden;Mannen en vrouwen;Noord-Overijssel (CR);2015;360404;321672;17967;7387;10580;20765;11596;9169;10
812;Totaal over alle leeftijden;Mannen en vrouwen;Noord-Overijssel (CR);2016;362427;322510;18239;7564;10675;21678;12069;9609;10
813;Totaal over alle leeftijden;Mannen en vrouwen;Noord-Overijssel (CR);2017;364244;323148;18496;7768;10728;22600;12512;10088;10
814;Totaal over alle leeftijden;Mannen en vrouwen;Noord-Overijssel (CR);2018;366063;323660;18795;7998;10797;23608;12997;10611;10
815;Totaal over alle leeftijden;Mannen en vrouwen;Noord-Overijssel (CR);2019;367657;324150;19035;8153;10882;24472;13416;11056;10
816;Totaal over alle leeftijden;Mannen en vrouwen;Noord-Overijssel (CR);2020;368935;324205;19315;8361;10954;25415;13928;11487;10
817;Totaal over alle leeftijden;Mannen en vrouwen;Noord-Overijssel (CR);2021;370318;324375;19524;8522;11002;26419;14406;12013;10
818;Totaal over alle leeftijden;Mannen en vrouwen;Noord-Overijssel (CR);2022;371802;324622;19857;8802;11055;27323;14818;12505;10
819;Totaal over alle leeftijden;Mannen en vrouwen;Noord-Overijssel (CR);2023;373054;324697;20135;9003;11132;28222;15188;13034;10
820;Totaal over alle leeftijden;Mannen en vrouwen;Noord-Overijssel (CR);2024;374088;324551;20408;9201;11207;29129;15614;13515;10
821;Totaal over alle leeftijden;Mannen en vrouwen;Noord-Overijssel (CR);2025;375181;324515;20644;9343;11301;30022;16040;13982;10
822;Totaal over alle leeftijden;Mannen en vrouwen;Noord-Overijssel (CR);2026;376101;324286;20966;9573;11393;30849;16421;14428;10
823;Totaal over alle leeftijden;Mannen en vrouwen;Noord-Overijssel (CR);2027;377091;324108;21222;9792;11430;31761;16788;14973;10
824;Totaal over alle leeftijden;Mannen en vrouwen;Noord-Overijssel (CR);2028;378215;323977;21518;10004;11514;32720;17232;15488;10
825;Totaal over alle leeftijden;Mannen en vrouwen;Noord-Overijssel (CR);2029;379016;323460;21794;10203;11591;33762;17700;16062;10
826;Totaal over alle leeftijden;Mannen en vrouwen;Noord-Overijssel (CR);2030;379530;322940;22036;10412;11624;34554;18049;16505;10
827;Totaal over alle leeftijden;Mannen en vrouwen;Noord-Overijssel (CR);2031;380167;322448;22341;10607;11734;35378;18359;17019;10
828;Totaal over alle leeftijden;Mannen en vrouwen;Noord-Overijssel (CR);2032;380621;321850;22616;10747;11869;36155;18716;17439;10
829;Totaal over alle leeftijden;Mannen en vrouwen;Noord-Overijssel (CR);2033;380881;321144;22769;10880;11889;36968;19027;17941;10
830;Totaal over alle leeftijden;Mannen en vrouwen;Noord-Overijssel (CR);2034;381221;320436;23011;11053;11958;37774;19393;18381;10
831;Totaal over alle leeftijden;Mannen en vrouwen;Noord-Overijssel (CR);2035;381362;319591;23249;11284;11965;38522;19747;18775;10
832;Totaal over alle leeftijden;Mannen en vrouwen;Noord-Overijssel (CR);2036;381387;318703;23491;11432;12059;39193;20053;19140;10
833;Totaal over alle leeftijden;Mannen en vrouwen;Noord-Overijssel (CR);2037;381176;317653;23729;11634;12095;39794;20342;19452;10
834;Totaal over alle leeftijden;Mannen en vrouwen;Noord-Overijssel (CR);2038;381266;316668;24003;11811;12192;40595;20665;19930;10
835;Totaal over alle leeftijden;Mannen en vrouwen;Noord-Overijssel (CR);2039;381044;315458;24182;11925;12257;41404;21052;20352;10
836;Totaal over alle leeftijden;Mannen en vrouwen;Noord-Overijssel (CR);2040;380606;314106;24426;12074;12352;42074;21389;20685;10
837;Totaal over alle leeftijden;Mannen en vrouwen;Zuidwest-Overijssel (CR);2010;152527;128786;10306;4144;6162;13435;7809;5626;11
838;Totaal over alle leeftijden;Mannen en vrouwen;Zuidwest-Overijssel (CR);2011;152777;128864;10275;4175;6100;13638;7839;5799;11
839;Totaal over alle leeftijden;Mannen en vrouwen;Zuidwest-Overijssel (CR);2012;153049;128990;10241;4212;6029;13818;7856;5962;11
840;Totaal over alle leeftijden;Mannen en vrouwen;Zuidwest-Overijssel (CR);2013;153357;129114;10239;4283;5956;14004;7878;6126;11
841;Totaal over alle leeftijden;Mannen en vrouwen;Zuidwest-Overijssel (CR);2014;153555;129083;10247;4311;5936;14225;7983;6242;11
842;Totaal over alle leeftijden;Mannen en vrouwen;Zuidwest-Overijssel (CR);2015;153924;129176;10270;4352;5918;14478;8106;6372;11
843;Totaal over alle leeftijden;Mannen en vrouwen;Zuidwest-Overijssel (CR);2016;154205;129154;10276;4392;5884;14775;8276;6499;11
844;Totaal over alle leeftijden;Mannen en vrouwen;Zuidwest-Overijssel (CR);2017;154447;129170;10220;4384;5836;15057;8438;6619;11
845;Totaal over alle leeftijden;Mannen en vrouwen;Zuidwest-Overijssel (CR);2018;154643;129087;10148;4347;5801;15408;8614;6794;11
846;Totaal over alle leeftijden;Mannen en vrouwen;Zuidwest-Overijssel (CR);2019;155029;129155;10175;4381;5794;15699;8748;6951;11
847;Totaal over alle leeftijden;Mannen en vrouwen;Zuidwest-Overijssel (CR);2020;155256;129157;10124;4382;5742;15975;8884;7091;11
848;Totaal over alle leeftijden;Mannen en vrouwen;Zuidwest-Overijssel (CR);2021;155468;129095;10118;4401;5717;16255;9039;7216;11
849;Totaal over alle leeftijden;Mannen en vrouwen;Zuidwest-Overijssel (CR);2022;155660;129007;10113;4442;5671;16540;9184;7356;11
850;Totaal over alle leeftijden;Mannen en vrouwen;Zuidwest-Overijssel (CR);2023;155779;128810;10145;4504;5641;16824;9361;7463;11
851;Totaal over alle leeftijden;Mannen en vrouwen;Zuidwest-Overijssel (CR);2024;156027;128711;10148;4552;5596;17168;9533;7635;11
852;Totaal over alle leeftijden;Mannen en vrouwen;Zuidwest-Overijssel (CR);2025;156163;128659;10130;4561;5569;17374;9630;7744;11
853;Totaal over alle leeftijden;Mannen en vrouwen;Zuidwest-Overijssel (CR);2026;156424;128645;10135;4592;5543;17644;9773;7871;11
854;Totaal over alle leeftijden;Mannen en vrouwen;Zuidwest-Overijssel (CR);2027;156698;128694;10118;4613;5505;17886;9886;8000;11
855;Totaal over alle leeftijden;Mannen en vrouwen;Zuidwest-Overijssel (CR);2028;156866;128604;10120;4656;5464;18142;9982;8160;11
856;Totaal over alle leeftijden;Mannen en vrouwen;Zuidwest-Overijssel (CR);2029;156977;128405;10118;4700;5418;18454;10107;8347;11
857;Totaal over alle leeftijden;Mannen en vrouwen;Zuidwest-Overijssel (CR);2030;157124;128335;10124;4743;5381;18665;10237;8428;11
858;Totaal over alle leeftijden;Mannen en vrouwen;Zuidwest-Overijssel (CR);2031;157304;128226;10135;4794;5341;18943;10400;8543;11
859;Totaal over alle leeftijden;Mannen en vrouwen;Zuidwest-Overijssel (CR);2032;157451;128156;10152;4832;5320;19143;10531;8612;11
860;Totaal over alle leeftijden;Mannen en vrouwen;Zuidwest-Overijssel (CR);2033;157698;128078;10164;4838;5326;19456;10695;8761;11
861;Totaal over alle leeftijden;Mannen en vrouwen;Zuidwest-Overijssel (CR);2034;157853;127848;10194;4883;5311;19811;10865;8946;11
862;Totaal over alle leeftijden;Mannen en vrouwen;Zuidwest-Overijssel (CR);2035;157823;127466;10234;4907;5327;20123;10972;9151;11
863;Totaal over alle leeftijden;Mannen en vrouwen;Zuidwest-Overijssel (CR);2036;157892;127223;10260;4946;5314;20409;11075;9334;11
864;Totaal over alle leeftijden;Mannen en vrouwen;Zuidwest-Overijssel (CR);2037;157904;126912;10304;4996;5308;20688;11197;9491;11
865;Totaal over alle leeftijden;Mannen en vrouwen;Zuidwest-Overijssel (CR);2038;157866;126553;10327;5031;5296;20986;11329;9657;11
866;Totaal over alle leeftijden;Mannen en vrouwen;Zuidwest-Overijssel (CR);2039;157839;126253;10382;5054;5328;21204;11387;9817;11
867;Totaal over alle leeftijden;Mannen en vrouwen;Zuidwest-Overijssel (CR);2040;157726;125790;10452;5151;5301;21484;11503;9981;11
868;Totaal over alle leeftijden;Mannen en vrouwen;Twente (CR);2010;621250;516827;52322;19105;33217;52101;29319;22782;12
869;Totaal over alle leeftijden;Mannen en vrouwen;Twente (CR);2011;622381;516776;52468;19308;33160;53137;29662;23475;12
870;Totaal over alle leeftijden;Mannen en vrouwen;Twente (CR);2012;623091;516204;52717;19540;33177;54170;30127;24043;12
871;Totaal over alle leeftijden;Mannen en vrouwen;Twente (CR);2013;623630;515623;52847;19699;33148;55160;30642;24518;12
872;Totaal over alle leeftijden;Mannen en vrouwen;Twente (CR);2014;624234;515081;52893;19795;33098;56260;31119;25141;12
873;Totaal over alle leeftijden;Mannen en vrouwen;Twente (CR);2015;624752;514365;52919;19861;33058;57468;31665;25803;12
874;Totaal over alle leeftijden;Mannen en vrouwen;Twente (CR);2016;625116;513674;52816;19867;32949;58626;32215;26411;12
875;Totaal over alle leeftijden;Mannen en vrouwen;Twente (CR);2017;625811;513126;52896;20026;32870;59789;32731;27058;12
876;Totaal over alle leeftijden;Mannen en vrouwen;Twente (CR);2018;626403;512416;52989;20122;32867;60998;33274;27724;12
877;Totaal over alle leeftijden;Mannen en vrouwen;Twente (CR);2019;626943;511510;53049;20262;32787;62384;33904;28480;12
878;Totaal over alle leeftijden;Mannen en vrouwen;Twente (CR);2020;627510;510901;53055;20327;32728;63554;34400;29154;12
879;Totaal over alle leeftijden;Mannen en vrouwen;Twente (CR);2021;628023;510172;53053;20443;32610;64798;34969;29829;12
880;Totaal over alle leeftijden;Mannen en vrouwen;Twente (CR);2022;628372;509227;53128;20581;32547;66017;35652;30365;12
881;Totaal over alle leeftijden;Mannen en vrouwen;Twente (CR);2023;628936;508531;53113;20671;32442;67292;36313;30979;12
882;Totaal over alle leeftijden;Mannen en vrouwen;Twente (CR);2024;629349;507643;53092;20762;32330;68614;36987;31627;12
883;Totaal over alle leeftijden;Mannen en vrouwen;Twente (CR);2025;629802;506658;53211;20905;32306;69933;37635;32298;12
884;Totaal over alle leeftijden;Mannen en vrouwen;Twente (CR);2026;630127;505697;53266;21069;32197;71164;38234;32930;12
885;Totaal over alle leeftijden;Mannen en vrouwen;Twente (CR);2027;630524;504563;53481;21302;32179;72480;38770;33710;12
886;Totaal over alle leeftijden;Mannen en vrouwen;Twente (CR);2028;630580;503364;53505;21369;32136;73711;39341;34370;12
887;Totaal over alle leeftijden;Mannen en vrouwen;Twente (CR);2029;630784;502407;53513;21430;32083;74864;39848;35016;12
888;Totaal over alle leeftijden;Mannen en vrouwen;Twente (CR);2030;630817;501266;53506;21526;31980;76045;40390;35655;12
889;Totaal over alle leeftijden;Mannen en vrouwen;Twente (CR);2031;630734;500075;53513;21610;31903;77146;40920;36226;12
890;Totaal over alle leeftijden;Mannen en vrouwen;Twente (CR);2032;630719;498717;53600;21717;31883;78402;41490;36912;12
891;Totaal over alle leeftijden;Mannen en vrouwen;Twente (CR);2033;630585;497343;53663;21764;31899;79579;41996;37583;12
892;Totaal over alle leeftijden;Mannen en vrouwen;Twente (CR);2034;630394;495927;53609;21748;31861;80858;42508;38350;12
893;Totaal over alle leeftijden;Mannen en vrouwen;Twente (CR);2035;630253;494622;53750;21915;31835;81881;42937;38944;12
894;Totaal over alle leeftijden;Mannen en vrouwen;Twente (CR);2036;629877;492904;53845;22083;31762;83128;43382;39746;12
895;Totaal over alle leeftijden;Mannen en vrouwen;Twente (CR);2037;629420;491246;53936;22187;31749;84238;43900;40338;12
896;Totaal over alle leeftijden;Mannen en vrouwen;Twente (CR);2038;628801;489584;54068;22312;31756;85149;44289;40860;12
897;Totaal over alle leeftijden;Mannen en vrouwen;Twente (CR);2039;627998;487712;54135;22381;31754;86151;44696;41455;12
898;Totaal over alle leeftijden;Mannen en vrouwen;Twente (CR);2040;627124;485689;54191;22490;31701;87244;45109;42135;12
899;Totaal over alle leeftijden;Mannen en vrouwen;Veluwe (CR);2010;649782;568644;41270;16571;24699;39868;22673;17195;13
900;Totaal over alle leeftijden;Mannen en vrouwen;Veluwe (CR);2011;650105;566989;41820;16780;25040;41296;23063;18233;13
901;Totaal over alle leeftijden;Mannen en vrouwen;Veluwe (CR);2012;650519;565451;42404;17052;25352;42664;23407;19257;13
902;Totaal over alle leeftijden;Mannen en vrouwen;Veluwe (CR);2013;651145;563957;43009;17285;25724;44179;23943;20236;13
903;Totaal over alle leeftijden;Mannen en vrouwen;Veluwe (CR);2014;651954;562639;43592;17510;26082;45723;24525;21198;13
904;Totaal over alle leeftijden;Mannen en vrouwen;Veluwe (CR);2015;653165;561672;44233;17813;26420;47260;25054;22206;13
905;Totaal over alle leeftijden;Mannen en vrouwen;Veluwe (CR);2016;654662;560982;44891;18082;26809;48789;25622;23167;13
906;Totaal over alle leeftijden;Mannen en vrouwen;Veluwe (CR);2017;656192;560431;45462;18239;27223;50299;26201;24098;13
907;Totaal over alle leeftijden;Mannen en vrouwen;Veluwe (CR);2018;657798;559898;46157;18513;27644;51743;26683;25060;13
908;Totaal over alle leeftijden;Mannen en vrouwen;Veluwe (CR);2019;659310;559148;46750;18757;27993;53412;27306;26106;13
909;Totaal over alle leeftijden;Mannen en vrouwen;Veluwe (CR);2020;660647;558387;47380;19004;28376;54880;27988;26892;13
910;Totaal over alle leeftijden;Mannen en vrouwen;Veluwe (CR);2021;662184;557706;48025;19257;28768;56453;28579;27874;13
911;Totaal over alle leeftijden;Mannen en vrouwen;Veluwe (CR);2022;663509;556902;48626;19535;29091;57981;29206;28775;13
912;Totaal over alle leeftijden;Mannen en vrouwen;Veluwe (CR);2023;664956;556123;49252;19837;29415;59581;29902;29679;13
913;Totaal over alle leeftijden;Mannen en vrouwen;Veluwe (CR);2024;666820;555907;49784;20060;29724;61129;30565;30564;13
914;Totaal over alle leeftijden;Mannen en vrouwen;Veluwe (CR);2025;668156;555219;50432;20411;30021;62505;31132;31373;13
915;Totaal over alle leeftijden;Mannen en vrouwen;Veluwe (CR);2026;669942;554885;51131;20745;30386;63926;31670;32256;13
916;Totaal over alle leeftijden;Mannen en vrouwen;Veluwe (CR);2027;671465;554384;51809;21054;30755;65272;32196;33076;13
917;Totaal over alle leeftijden;Mannen en vrouwen;Veluwe (CR);2028;672410;553522;52360;21280;31080;66528;32736;33792;13
918;Totaal over alle leeftijden;Mannen en vrouwen;Veluwe (CR);2029;673619;552981;52875;21498;31377;67763;33226;34537;13
919;Totaal over alle leeftijden;Mannen en vrouwen;Veluwe (CR);2030;675001;552389;53430;21807;31623;69182;33792;35390;13
920;Totaal over alle leeftijden;Mannen en vrouwen;Veluwe (CR);2031;675853;551355;54124;22150;31974;70374;34240;36134;13
921;Totaal over alle leeftijden;Mannen en vrouwen;Veluwe (CR);2032;676685;550439;54688;22389;32299;71558;34629;36929;13
922;Totaal over alle leeftijden;Mannen en vrouwen;Veluwe (CR);2033;677281;549296;55158;22643;32515;72827;35044;37783;13
923;Totaal over alle leeftijden;Mannen en vrouwen;Veluwe (CR);2034;677959;548104;55807;23014;32793;74048;35468;38580;13
924;Totaal over alle leeftijden;Mannen en vrouwen;Veluwe (CR);2035;678011;546518;56238;23224;33014;75255;35982;39273;13
925;Totaal over alle leeftijden;Mannen en vrouwen;Veluwe (CR);2036;678065;544962;56701;23447;33254;76402;36456;39946;13
926;Totaal over alle leeftijden;Mannen en vrouwen;Veluwe (CR);2037;677911;543224;57176;23737;33439;77511;36876;40635;13
927;Totaal over alle leeftijden;Mannen en vrouwen;Veluwe (CR);2038;677418;541261;57634;24005;33629;78523;37328;41195;13
928;Totaal over alle leeftijden;Mannen en vrouwen;Veluwe (CR);2039;676892;539279;57984;24251;33733;79629;37683;41946;13
929;Totaal over alle leeftijden;Mannen en vrouwen;Veluwe (CR);2040;676291;537309;58382;24433;33949;80600;37935;42665;13
930;Totaal over alle leeftijden;Mannen en vrouwen;Achterhoek (CR);2010;400752;354922;28077;9660;18417;17753;9809;7944;14
931;Totaal over alle leeftijden;Mannen en vrouwen;Achterhoek (CR);2011;399839;352988;28186;9797;18389;18665;10301;8364;14
932;Totaal over alle leeftijden;Mannen en vrouwen;Achterhoek (CR);2012;399008;351279;28210;9849;18361;19519;10717;8802;14
933;Totaal over alle leeftijden;Mannen en vrouwen;Achterhoek (CR);2013;398286;349665;28279;9960;18319;20342;11029;9313;14
934;Totaal over alle leeftijden;Mannen en vrouwen;Achterhoek (CR);2014;397792;348232;28283;10009;18274;21277;11420;9857;14
935;Totaal over alle leeftijden;Mannen en vrouwen;Achterhoek (CR);2015;397523;346992;28309;10053;18256;22222;11812;10410;14
936;Totaal over alle leeftijden;Mannen en vrouwen;Achterhoek (CR);2016;397383;345910;28318;10066;18252;23155;12234;10921;14
937;Totaal over alle leeftijden;Mannen en vrouwen;Achterhoek (CR);2017;396846;344542;28301;10121;18180;24003;12574;11429;14
938;Totaal over alle leeftijden;Mannen en vrouwen;Achterhoek (CR);2018;396542;343290;28351;10152;18199;24901;12980;11921;14
939;Totaal over alle leeftijden;Mannen en vrouwen;Achterhoek (CR);2019;396067;341922;28393;10185;18208;25752;13333;12419;14
940;Totaal over alle leeftijden;Mannen en vrouwen;Achterhoek (CR);2020;395492;340443;28412;10239;18173;26637;13772;12865;14
941;Totaal over alle leeftijden;Mannen en vrouwen;Achterhoek (CR);2021;395063;339080;28427;10313;18114;27556;14231;13325;14
942;Totaal over alle leeftijden;Mannen en vrouwen;Achterhoek (CR);2022;394663;337729;28488;10426;18062;28446;14583;13863;14
943;Totaal over alle leeftijden;Mannen en vrouwen;Achterhoek (CR);2023;394037;336174;28492;10472;18020;29371;14942;14429;14
944;Totaal over alle leeftijden;Mannen en vrouwen;Achterhoek (CR);2024;393371;334597;28509;10569;17940;30265;15338;14927;14
945;Totaal over alle leeftijden;Mannen en vrouwen;Achterhoek (CR);2025;392822;333103;28560;10626;17934;31159;15690;15469;14
946;Totaal over alle leeftijden;Mannen en vrouwen;Achterhoek (CR);2026;392111;331706;28537;10659;17878;31868;16013;15855;14
947;Totaal over alle leeftijden;Mannen en vrouwen;Achterhoek (CR);2027;391260;330174;28551;10733;17818;32535;16273;16262;14
948;Totaal over alle leeftijden;Mannen en vrouwen;Achterhoek (CR);2028;390467;328666;28574;10821;17753;33227;16548;16679;14
949;Totaal over alle leeftijden;Mannen en vrouwen;Achterhoek (CR);2029;390026;327363;28625;10920;17705;34038;16830;17208;14
950;Totaal over alle leeftijden;Mannen en vrouwen;Achterhoek (CR);2030;389398;325896;28655;11003;17652;34847;17200;17647;14
951;Totaal over alle leeftijden;Mannen en vrouwen;Achterhoek (CR);2031;388820;324542;28657;11093;17564;35621;17527;18094;14
952;Totaal over alle leeftijden;Mannen en vrouwen;Achterhoek (CR);2032;387928;322981;28681;11143;17538;36266;17798;18468;14
953;Totaal over alle leeftijden;Mannen en vrouwen;Achterhoek (CR);2033;386837;321200;28635;11183;17452;37002;18114;18888;14
954;Totaal over alle leeftijden;Mannen en vrouwen;Achterhoek (CR);2034;385877;319546;28644;11247;17397;37687;18351;19336;14
955;Totaal over alle leeftijden;Mannen en vrouwen;Achterhoek (CR);2035;384916;318019;28607;11287;17320;38290;18589;19701;14
956;Totaal over alle leeftijden;Mannen en vrouwen;Achterhoek (CR);2036;383783;316226;28607;11355;17252;38950;18891;20059;14
957;Totaal over alle leeftijden;Mannen en vrouwen;Achterhoek (CR);2037;382757;314548;28600;11363;17237;39609;19149;20460;14
958;Totaal over alle leeftijden;Mannen en vrouwen;Achterhoek (CR);2038;381628;312663;28686;11457;17229;40279;19451;20828;14
959;Totaal over alle leeftijden;Mannen en vrouwen;Achterhoek (CR);2039;380546;310881;28745;11558;17187;40920;19651;21269;14
960;Totaal over alle leeftijden;Mannen en vrouwen;Achterhoek (CR);2040;379295;309113;28654;11537;17117;41528;19883;21645;14
961;Totaal over alle leeftijden;Mannen en vrouwen;Arnhem/Nijmegen (CR);2010;709208;576646;69968;25841;44127;62594;36034;26560;15
962;Totaal over alle leeftijden;Mannen en vrouwen;Arnhem/Nijmegen (CR);2011;712622;578902;70094;25943;44151;63626;36260;27366;15
963;Totaal over alle leeftijden;Mannen en vrouwen;Arnhem/Nijmegen (CR);2012;715299;580344;70276;26143;44133;64679;36468;28211;15
964;Totaal over alle leeftijden;Mannen en vrouwen;Arnhem/Nijmegen (CR);2013;717562;581679;70110;26078;44032;65773;36858;28915;15
965;Totaal over alle leeftijden;Mannen en vrouwen;Arnhem/Nijmegen (CR);2014;719821;582799;70212;26157;44055;66810;37144;29666;15
966;Totaal over alle leeftijden;Mannen en vrouwen;Arnhem/Nijmegen (CR);2015;722002;583750;70327;26237;44090;67925;37530;30395;15
967;Totaal over alle leeftijden;Mannen en vrouwen;Arnhem/Nijmegen (CR);2016;723620;584154;70334;26270;44064;69132;38054;31078;15
968;Totaal over alle leeftijden;Mannen en vrouwen;Arnhem/Nijmegen (CR);2017;725965;585198;70310;26347;43963;70457;38609;31848;15
969;Totaal over alle leeftijden;Mannen en vrouwen;Arnhem/Nijmegen (CR);2018;728132;586096;70266;26402;43864;71770;39202;32568;15
970;Totaal over alle leeftijden;Mannen en vrouwen;Arnhem/Nijmegen (CR);2019;730424;586962;70240;26453;43787;73222;39893;33329;15
971;Totaal over alle leeftijden;Mannen en vrouwen;Arnhem/Nijmegen (CR);2020;732930;588206;70277;26539;43738;74447;40406;34041;15
972;Totaal over alle leeftijden;Mannen en vrouwen;Arnhem/Nijmegen (CR);2021;735468;589255;70371;26717;43654;75842;41016;34826;15
973;Totaal over alle leeftijden;Mannen en vrouwen;Arnhem/Nijmegen (CR);2022;737725;590079;70427;26833;43594;77219;41622;35597;15
974;Totaal over alle leeftijden;Mannen en vrouwen;Arnhem/Nijmegen (CR);2023;740336;591107;70524;26957;43567;78705;42117;36588;15
975;Totaal over alle leeftijden;Mannen en vrouwen;Arnhem/Nijmegen (CR);2024;742641;591901;70560;27054;43506;80180;42671;37509;15
976;Totaal over alle leeftijden;Mannen en vrouwen;Arnhem/Nijmegen (CR);2025;744771;592647;70638;27195;43443;81486;43234;38252;15
977;Totaal over alle leeftijden;Mannen en vrouwen;Arnhem/Nijmegen (CR);2026;747167;593579;70719;27391;43328;82869;43801;39068;15
978;Totaal over alle leeftijden;Mannen en vrouwen;Arnhem/Nijmegen (CR);2027;749205;594100;70685;27504;43181;84420;44451;39969;15
979;Totaal over alle leeftijden;Mannen en vrouwen;Arnhem/Nijmegen (CR);2028;750928;594370;70789;27612;43177;85769;44995;40774;15
980;Totaal over alle leeftijden;Mannen en vrouwen;Arnhem/Nijmegen (CR);2029;752361;594112;70980;27796;43184;87269;45634;41635;15
981;Totaal over alle leeftijden;Mannen en vrouwen;Arnhem/Nijmegen (CR);2030;753730;594195;70930;27869;43061;88605;46223;42382;15
982;Totaal over alle leeftijden;Mannen en vrouwen;Arnhem/Nijmegen (CR);2031;755414;594507;70996;27982;43014;89911;46686;43225;15
983;Totaal over alle leeftijden;Mannen en vrouwen;Arnhem/Nijmegen (CR);2032;757026;594601;71073;28163;42910;91352;47157;44195;15
984;Totaal over alle leeftijden;Mannen en vrouwen;Arnhem/Nijmegen (CR);2033;758275;594412;71269;28371;42898;92594;47592;45002;15
985;Totaal over alle leeftijden;Mannen en vrouwen;Arnhem/Nijmegen (CR);2034;759123;593969;71339;28462;42877;93815;47981;45834;15
986;Totaal over alle leeftijden;Mannen en vrouwen;Arnhem/Nijmegen (CR);2035;759862;593259;71515;28693;42822;95088;48325;46763;15
987;Totaal over alle leeftijden;Mannen en vrouwen;Arnhem/Nijmegen (CR);2036;760348;592262;71762;28845;42917;96324;48733;47591;15
988;Totaal over alle leeftijden;Mannen en vrouwen;Arnhem/Nijmegen (CR);2037;760511;591057;71866;29059;42807;97588;49142;48446;15
989;Totaal over alle leeftijden;Mannen en vrouwen;Arnhem/Nijmegen (CR);2038;760632;589870;72094;29242;42852;98668;49543;49125;15
990;Totaal over alle leeftijden;Mannen en vrouwen;Arnhem/Nijmegen (CR);2039;760278;588391;72183;29372;42811;99704;49859;49845;15
991;Totaal over alle leeftijden;Mannen en vrouwen;Arnhem/Nijmegen (CR);2040;760073;586847;72371;29544;42827;100855;50174;50681;15
992;Totaal over alle leeftijden;Mannen en vrouwen;Zuidwest-Gelderland (CR);2010;233755;206425;13367;4889;8478;13963;7264;6699;16
993;Totaal over alle leeftijden;Mannen en vrouwen;Zuidwest-Gelderland (CR);2011;233482;205557;13484;4998;8486;14441;7484;6957;16
994;Totaal over alle leeftijden;Mannen en vrouwen;Zuidwest-Gelderland (CR);2012;233179;204656;13608;5101;8507;14915;7663;7252;16
995;Totaal over alle leeftijden;Mannen en vrouwen;Zuidwest-Gelderland (CR);2013;233029;203949;13713;5165;8548;15367;7776;7591;16
996;Totaal over alle leeftijden;Mannen en vrouwen;Zuidwest-Gelderland (CR);2014;232465;202805;13812;5261;8551;15848;8006;7842;16
997;Totaal over alle leeftijden;Mannen en vrouwen;Zuidwest-Gelderland (CR);2015;231964;201703;13989;5388;8601;16272;8157;8115;16
998;Totaal over alle leeftijden;Mannen en vrouwen;Zuidwest-Gelderland (CR);2016;231901;201004;14106;5507;8599;16791;8295;8496;16
999;Totaal over alle leeftijden;Mannen en vrouwen;Zuidwest-Gelderland (CR);2017;231747;200244;14233;5572;8661;17270;8455;8815;16
1000;Totaal over alle leeftijden;Mannen en vrouwen;Zuidwest-Gelderland (CR);2018;231583;199441;14333;5649;8684;17809;8693;9116;16
1001;Totaal over alle leeftijden;Mannen en vrouwen;Zuidwest-Gelderland (CR);2019;231284;198471;14413;5718;8695;18400;8945;9455;16
1002;Totaal over alle leeftijden;Mannen en vrouwen;Zuidwest-Gelderland (CR);2020;231044;197640;14543;5791;8752;18861;9158;9703;16
1003;Totaal over alle leeftijden;Mannen en vrouwen;Zuidwest-Gelderland (CR);2021;231030;196908;14730;5878;8852;19392;9384;10008;16
1004;Totaal over alle leeftijden;Mannen en vrouwen;Zuidwest-Gelderland (CR);2022;230608;195878;14882;5999;8883;19848;9587;10261;16
1005;Totaal over alle leeftijden;Mannen en vrouwen;Zuidwest-Gelderland (CR);2023;230442;195011;15041;6113;8928;20390;9802;10588;16
1006;Totaal over alle leeftijden;Mannen en vrouwen;Zuidwest-Gelderland (CR);2024;230499;194545;15111;6189;8922;20843;10002;10841;16
1007;Totaal over alle leeftijden;Mannen en vrouwen;Zuidwest-Gelderland (CR);2025;230249;193639;15271;6289;8982;21339;10204;11135;16
1008;Totaal over alle leeftijden;Mannen en vrouwen;Zuidwest-Gelderland (CR);2026;230000;192808;15382;6334;9048;21810;10403;11407;16
1009;Totaal over alle leeftijden;Mannen en vrouwen;Zuidwest-Gelderland (CR);2027;230062;192275;15490;6368;9122;22297;10596;11701;16
1010;Totaal over alle leeftijden;Mannen en vrouwen;Zuidwest-Gelderland (CR);2028;230384;191839;15634;6494;9140;22911;10792;12119;16
1011;Totaal over alle leeftijden;Mannen en vrouwen;Zuidwest-Gelderland (CR);2029;230485;191273;15794;6599;9195;23418;10963;12455;16
1012;Totaal over alle leeftijden;Mannen en vrouwen;Zuidwest-Gelderland (CR);2030;230507;190643;15961;6721;9240;23903;11163;12740;16
1013;Totaal over alle leeftijden;Mannen en vrouwen;Zuidwest-Gelderland (CR);2031;230687;190207;16033;6705;9328;24447;11386;13061;16
1014;Totaal over alle leeftijden;Mannen en vrouwen;Zuidwest-Gelderland (CR);2032;230703;189551;16228;6801;9427;24924;11570;13354;16
1015;Totaal over alle leeftijden;Mannen en vrouwen;Zuidwest-Gelderland (CR);2033;231124;189347;16376;6883;9493;25401;11725;13676;16
1016;Totaal over alle leeftijden;Mannen en vrouwen;Zuidwest-Gelderland (CR);2034;231188;188740;16608;7067;9541;25840;11818;14022;16
1017;Totaal over alle leeftijden;Mannen en vrouwen;Zuidwest-Gelderland (CR);2035;231363;188348;16676;7108;9568;26339;12013;14326;16
1018;Totaal over alle leeftijden;Mannen en vrouwen;Zuidwest-Gelderland (CR);2036;231467;187905;16837;7191;9646;26725;12120;14605;16
1019;Totaal over alle leeftijden;Mannen en vrouwen;Zuidwest-Gelderland (CR);2037;231221;187215;16943;7292;9651;27063;12182;14881;16
1020;Totaal over alle leeftijden;Mannen en vrouwen;Zuidwest-Gelderland (CR);2038;231221;186606;17049;7342;9707;27566;12373;15193;16
1021;Totaal over alle leeftijden;Mannen en vrouwen;Zuidwest-Gelderland (CR);2039;231103;185850;17216;7471;9745;28037;12507;15530;16
1022;Totaal over alle leeftijden;Mannen en vrouwen;Zuidwest-Gelderland (CR);2040;230849;185024;17383;7547;9836;28442;12610;15832;16
1023;Totaal over alle leeftijden;Mannen en vrouwen;Utrecht (CR);2010;1225712;977901;103675;41301;62374;144136;78292;65844;17
1024;Totaal over alle leeftijden;Mannen en vrouwen;Utrecht (CR);2011;1234518;982272;105301;42437;62864;146945;79148;67797;17
1025;Totaal over alle leeftijden;Mannen en vrouwen;Utrecht (CR);2012;1242585;986058;106688;43267;63421;149839;80001;69838;17
1026;Totaal over alle leeftijden;Mannen en vrouwen;Utrecht (CR);2013;1249759;989061;108005;43913;64092;152693;80818;71875;17
1027;Totaal over alle leeftijden;Mannen en vrouwen;Utrecht (CR);2014;1255747;991268;109160;44632;64528;155319;81683;73636;17
1028;Totaal over alle leeftijden;Mannen en vrouwen;Utrecht (CR);2015;1261824;993653;110414;45193;65221;157757;82551;75206;17
1029;Totaal over alle leeftijden;Mannen en vrouwen;Utrecht (CR);2016;1267857;995758;111680;45968;65712;160419;83628;76791;17
1030;Totaal over alle leeftijden;Mannen en vrouwen;Utrecht (CR);2017;1274050;997982;113036;46618;66418;163032;84751;78281;17
1031;Totaal over alle leeftijden;Mannen en vrouwen;Utrecht (CR);2018;1280383;1000023;114474;47291;67183;165886;86122;79764;17
1032;Totaal over alle leeftijden;Mannen en vrouwen;Utrecht (CR);2019;1286926;1002484;115781;47936;67845;168661;87336;81325;17
1033;Totaal over alle leeftijden;Mannen en vrouwen;Utrecht (CR);2020;1292825;1004380;117015;48554;68461;171430;88462;82968;17
1034;Totaal over alle leeftijden;Mannen en vrouwen;Utrecht (CR);2021;1298486;1006240;118259;49223;69036;173987;89661;84326;17
1035;Totaal over alle leeftijden;Mannen en vrouwen;Utrecht (CR);2022;1304436;1008236;119422;49767;69655;176778;90840;85938;17
1036;Totaal over alle leeftijden;Mannen en vrouwen;Utrecht (CR);2023;1310661;1010507;120899;50482;70417;179255;91904;87351;17
1037;Totaal over alle leeftijden;Mannen en vrouwen;Utrecht (CR);2024;1316774;1012495;122301;51095;71206;181978;93116;88862;17
1038;Totaal over alle leeftijden;Mannen en vrouwen;Utrecht (CR);2025;1322517;1014064;123694;51851;71843;184759;94274;90485;17
1039;Totaal over alle leeftijden;Mannen en vrouwen;Utrecht (CR);2026;1328285;1016172;125202;52637;72565;186911;95086;91825;17
1040;Totaal over alle leeftijden;Mannen en vrouwen;Utrecht (CR);2027;1333829;1017977;126491;53321;73170;189361;96176;93185;17
1041;Totaal over alle leeftijden;Mannen en vrouwen;Utrecht (CR);2028;1339395;1019468;127902;54034;73868;192025;97250;94775;17
1042;Totaal over alle leeftijden;Mannen en vrouwen;Utrecht (CR);2029;1344591;1021060;129174;54634;74540;194357;98189;96168;17
1043;Totaal over alle leeftijden;Mannen en vrouwen;Utrecht (CR);2030;1350254;1022876;130727;55410;75317;196651;99043;97608;17
1044;Totaal over alle leeftijden;Mannen en vrouwen;Utrecht (CR);2031;1354865;1023645;132051;56021;76030;199169;100030;99139;17
1045;Totaal over alle leeftijden;Mannen en vrouwen;Utrecht (CR);2032;1361359;1026090;133534;56773;76761;201735;101185;100550;17
1046;Totaal over alle leeftijden;Mannen en vrouwen;Utrecht (CR);2033;1367479;1027915;135154;57596;77558;204410;102228;102182;17
1047;Totaal over alle leeftijden;Mannen en vrouwen;Utrecht (CR);2034;1373508;1029848;136535;58199;78336;207125;103305;103820;17
1048;Totaal over alle leeftijden;Mannen en vrouwen;Utrecht (CR);2035;1380281;1032244;138289;59108;79181;209748;104186;105562;17
1049;Totaal over alle leeftijden;Mannen en vrouwen;Utrecht (CR);2036;1387082;1034756;140012;59964;80048;212314;105120;107194;17
1050;Totaal over alle leeftijden;Mannen en vrouwen;Utrecht (CR);2037;1393976;1037261;141801;60868;80933;214914;105948;108966;17
1051;Totaal over alle leeftijden;Mannen en vrouwen;Utrecht (CR);2038;1400601;1039378;143491;61621;81870;217732;106948;110784;17
1052;Totaal over alle leeftijden;Mannen en vrouwen;Utrecht (CR);2039;1406921;1041269;145235;62442;82793;220417;107899;112518;17
1053;Totaal over alle leeftijden;Mannen en vrouwen;Utrecht (CR);2040;1413142;1042999;147066;63390;83676;223077;108742;114335;17
1054;Totaal over alle leeftijden;Mannen en vrouwen;Kop van Noord-Holland (CR);2010;369129;320972;25564;10155;15409;22593;12604;9989;18
1055;Totaal over alle leeftijden;Mannen en vrouwen;Kop van Noord-Holland (CR);2011;369810;320341;26084;10412;15672;23385;12889;10496;18
1056;Totaal over alle leeftijden;Mannen en vrouwen;Kop van Noord-Holland (CR);2012;370837;319730;26603;10655;15948;24504;13400;11104;18
1057;Totaal over alle leeftijden;Mannen en vrouwen;Kop van Noord-Holland (CR);2013;371965;319317;27050;10841;16209;25598;13831;11767;18
1058;Totaal over alle leeftijden;Mannen en vrouwen;Kop van Noord-Holland (CR);2014;372931;318885;27523;11083;16440;26523;14174;12349;18
1059;Totaal over alle leeftijden;Mannen en vrouwen;Kop van Noord-Holland (CR);2015;374165;318514;27999;11261;16738;27652;14664;12988;18
1060;Totaal over alle leeftijden;Mannen en vrouwen;Kop van Noord-Holland (CR);2016;375351;318247;28466;11464;17002;28638;15097;13541;18
1061;Totaal over alle leeftijden;Mannen en vrouwen;Kop van Noord-Holland (CR);2017;376543;317822;29017;11655;17362;29704;15552;14152;18
1062;Totaal over alle leeftijden;Mannen en vrouwen;Kop van Noord-Holland (CR);2018;377760;317479;29574;11899;17675;30707;15947;14760;18
1063;Totaal over alle leeftijden;Mannen en vrouwen;Kop van Noord-Holland (CR);2019;378922;317066;30078;12122;17956;31778;16418;15360;18
1064;Totaal over alle leeftijden;Mannen en vrouwen;Kop van Noord-Holland (CR);2020;379704;316363;30449;12294;18155;32892;16922;15970;18
1065;Totaal over alle leeftijden;Mannen en vrouwen;Kop van Noord-Holland (CR);2021;380867;316061;30800;12443;18357;34006;17412;16594;18
1066;Totaal over alle leeftijden;Mannen en vrouwen;Kop van Noord-Holland (CR);2022;381804;315555;31244;12681;18563;35005;17824;17181;18
1067;Totaal over alle leeftijden;Mannen en vrouwen;Kop van Noord-Holland (CR);2023;382885;315131;31706;12868;18838;36048;18323;17725;18
1068;Totaal over alle leeftijden;Mannen en vrouwen;Kop van Noord-Holland (CR);2024;383924;314760;32112;13034;19078;37052;18703;18349;18
1069;Totaal over alle leeftijden;Mannen en vrouwen;Kop van Noord-Holland (CR);2025;384408;313871;32557;13266;19291;37980;19052;18928;18
1070;Totaal over alle leeftijden;Mannen en vrouwen;Kop van Noord-Holland (CR);2026;385370;313484;32976;13500;19476;38910;19472;19438;18
1071;Totaal over alle leeftijden;Mannen en vrouwen;Kop van Noord-Holland (CR);2027;386422;313022;33399;13642;19757;40001;19961;20040;18
1072;Totaal over alle leeftijden;Mannen en vrouwen;Kop van Noord-Holland (CR);2028;387156;312355;33821;13870;19951;40980;20387;20593;18
1073;Totaal over alle leeftijden;Mannen en vrouwen;Kop van Noord-Holland (CR);2029;387652;311580;34144;13972;20172;41928;20835;21093;18
1074;Totaal over alle leeftijden;Mannen en vrouwen;Kop van Noord-Holland (CR);2030;388074;310742;34467;14122;20345;42865;21193;21672;18
1075;Totaal over alle leeftijden;Mannen en vrouwen;Kop van Noord-Holland (CR);2031;388257;309668;34855;14305;20550;43734;21540;22194;18
1076;Totaal over alle leeftijden;Mannen en vrouwen;Kop van Noord-Holland (CR);2032;388395;308721;35129;14415;20714;44545;21854;22691;18
1077;Totaal over alle leeftijden;Mannen en vrouwen;Kop van Noord-Holland (CR);2033;388570;307878;35433;14571;20862;45259;22144;23115;18
1078;Totaal over alle leeftijden;Mannen en vrouwen;Kop van Noord-Holland (CR);2034;388389;306594;35698;14651;21047;46097;22559;23538;18
1079;Totaal over alle leeftijden;Mannen en vrouwen;Kop van Noord-Holland (CR);2035;388117;305381;36011;14802;21209;46725;22803;23922;18
1080;Totaal over alle leeftijden;Mannen en vrouwen;Kop van Noord-Holland (CR);2036;387691;303790;36345;15010;21335;47556;23132;24424;18
1081;Totaal over alle leeftijden;Mannen en vrouwen;Kop van Noord-Holland (CR);2037;386999;302262;36518;15080;21438;48219;23357;24862;18
1082;Totaal over alle leeftijden;Mannen en vrouwen;Kop van Noord-Holland (CR);2038;386090;300387;36749;15176;21573;48954;23648;25306;18
1083;Totaal over alle leeftijden;Mannen en vrouwen;Kop van Noord-Holland (CR);2039;385203;298652;36914;15319;21595;49637;23891;25746;18
1084;Totaal over alle leeftijden;Mannen en vrouwen;Kop van Noord-Holland (CR);2040;384126;296697;37061;15417;21644;50368;24156;26212;18
1085;Totaal over alle leeftijden;Mannen en vrouwen;Alkmaar en omgeving (CR);2010;229398;190303;19570;8222;11348;19525;11063;8462;19
1086;Totaal over alle leeftijden;Mannen en vrouwen;Alkmaar en omgeving (CR);2011;229996;190263;19712;8370;11342;20021;11336;8685;19
1087;Totaal over alle leeftijden;Mannen en vrouwen;Alkmaar en omgeving (CR);2012;230326;190003;19795;8508;11287;20528;11659;8869;19
1088;Totaal over alle leeftijden;Mannen en vrouwen;Alkmaar en omgeving (CR);2013;230707;189778;19910;8621;11289;21019;11937;9082;19
1089;Totaal over alle leeftijden;Mannen en vrouwen;Alkmaar en omgeving (CR);2014;231682;189919;20114;8721;11393;21649;12214;9435;19
1090;Totaal over alle leeftijden;Mannen en vrouwen;Alkmaar en omgeving (CR);2015;232422;189988;20164;8746;11418;22270;12511;9759;19
1091;Totaal over alle leeftijden;Mannen en vrouwen;Alkmaar en omgeving (CR);2016;233460;190092;20433;8917;11516;22935;12841;10094;19
1092;Totaal over alle leeftijden;Mannen en vrouwen;Alkmaar en omgeving (CR);2017;234566;190451;20585;9038;11547;23530;13109;10421;19
1093;Totaal over alle leeftijden;Mannen en vrouwen;Alkmaar en omgeving (CR);2018;235568;190646;20716;9118;11598;24206;13488;10718;19
1094;Totaal over alle leeftijden;Mannen en vrouwen;Alkmaar en omgeving (CR);2019;236180;190442;20869;9253;11616;24869;13812;11057;19
1095;Totaal over alle leeftijden;Mannen en vrouwen;Alkmaar en omgeving (CR);2020;237250;190669;21072;9386;11686;25509;14115;11394;19
1096;Totaal over alle leeftijden;Mannen en vrouwen;Alkmaar en omgeving (CR);2021;238239;190817;21162;9438;11724;26260;14486;11774;19
1097;Totaal over alle leeftijden;Mannen en vrouwen;Alkmaar en omgeving (CR);2022;238832;190656;21243;9484;11759;26933;14847;12086;19
1098;Totaal over alle leeftijden;Mannen en vrouwen;Alkmaar en omgeving (CR);2023;239443;190688;21338;9527;11811;27417;15121;12296;19
1099;Totaal over alle leeftijden;Mannen en vrouwen;Alkmaar en omgeving (CR);2024;240266;190702;21504;9623;11881;28060;15413;12647;19
1100;Totaal over alle leeftijden;Mannen en vrouwen;Alkmaar en omgeving (CR);2025;241115;190770;21590;9703;11887;28755;15757;12998;19
1101;Totaal over alle leeftijden;Mannen en vrouwen;Alkmaar en omgeving (CR);2026;241776;190716;21719;9820;11899;29341;16006;13335;19
1102;Totaal over alle leeftijden;Mannen en vrouwen;Alkmaar en omgeving (CR);2027;242114;190431;21806;9924;11882;29877;16230;13647;19
1103;Totaal over alle leeftijden;Mannen en vrouwen;Alkmaar en omgeving (CR);2028;242872;190376;21962;10033;11929;30534;16575;13959;19
1104;Totaal over alle leeftijden;Mannen en vrouwen;Alkmaar en omgeving (CR);2029;243371;190156;22160;10217;11943;31055;16806;14249;19
1105;Totaal over alle leeftijden;Mannen en vrouwen;Alkmaar en omgeving (CR);2030;243885;190128;22221;10249;11972;31536;16966;14570;19
1106;Totaal over alle leeftijden;Mannen en vrouwen;Alkmaar en omgeving (CR);2031;244597;190077;22390;10396;11994;32130;17216;14914;19
1107;Totaal over alle leeftijden;Mannen en vrouwen;Alkmaar en omgeving (CR);2032;244948;189787;22490;10479;12011;32671;17421;15250;19
1108;Totaal over alle leeftijden;Mannen en vrouwen;Alkmaar en omgeving (CR);2033;245025;189264;22596;10562;12034;33165;17607;15558;19
1109;Totaal over alle leeftijden;Mannen en vrouwen;Alkmaar en omgeving (CR);2034;244963;188740;22688;10631;12057;33535;17745;15790;19
1110;Totaal over alle leeftijden;Mannen en vrouwen;Alkmaar en omgeving (CR);2035;244922;188068;22828;10729;12099;34026;17976;16050;19
1111;Totaal over alle leeftijden;Mannen en vrouwen;Alkmaar en omgeving (CR);2036;244880;187436;22878;10733;12145;34566;18167;16399;19
1112;Totaal over alle leeftijden;Mannen en vrouwen;Alkmaar en omgeving (CR);2037;244625;186614;22978;10758;12220;35033;18349;16684;19
1113;Totaal over alle leeftijden;Mannen en vrouwen;Alkmaar en omgeving (CR);2038;244479;185929;23040;10801;12239;35510;18450;17060;19
1114;Totaal over alle leeftijden;Mannen en vrouwen;Alkmaar en omgeving (CR);2039;244035;185042;23070;10833;12237;35923;18605;17318;19
1115;Totaal over alle leeftijden;Mannen en vrouwen;Alkmaar en omgeving (CR);2040;243685;184303;23080;10837;12243;36302;18740;17562;19
1116;Totaal over alle leeftijden;Mannen en vrouwen;IJmond (CR);2010;192442;161481;16731;6646;10085;14230;7799;6431;20
1117;Totaal over alle leeftijden;Mannen en vrouwen;IJmond (CR);2011;192644;161037;16910;6762;10148;14697;7925;6772;20
1118;Totaal over alle leeftijden;Mannen en vrouwen;IJmond (CR);2012;192804;160552;17063;6869;10194;15189;8061;7128;20
1119;Totaal over alle leeftijden;Mannen en vrouwen;IJmond (CR);2013;192676;159815;17180;6940;10240;15681;8205;7476;20
1120;Totaal over alle leeftijden;Mannen en vrouwen;IJmond (CR);2014;192636;159041;17347;7053;10294;16248;8379;7869;20
1121;Totaal over alle leeftijden;Mannen en vrouwen;IJmond (CR);2015;192573;158415;17483;7152;10331;16675;8610;8065;20
1122;Totaal over alle leeftijden;Mannen en vrouwen;IJmond (CR);2016;192512;157684;17621;7227;10394;17207;8841;8366;20
1123;Totaal over alle leeftijden;Mannen en vrouwen;IJmond (CR);2017;192317;156918;17731;7321;10410;17668;9016;8652;20
1124;Totaal over alle leeftijden;Mannen en vrouwen;IJmond (CR);2018;192216;156229;17830;7369;10461;18157;9184;8973;20
1125;Totaal over alle leeftijden;Mannen en vrouwen;IJmond (CR);2019;192052;155487;17952;7428;10524;18613;9416;9197;20
1126;Totaal over alle leeftijden;Mannen en vrouwen;IJmond (CR);2020;191907;154708;18124;7519;10605;19075;9567;9508;20
1127;Totaal over alle leeftijden;Mannen en vrouwen;IJmond (CR);2021;191792;154127;18195;7558;10637;19470;9734;9736;20
1128;Totaal over alle leeftijden;Mannen en vrouwen;IJmond (CR);2022;191841;153650;18312;7659;10653;19879;9887;9992;20
1129;Totaal over alle leeftijden;Mannen en vrouwen;IJmond (CR);2023;191674;152957;18357;7686;10671;20360;10107;10253;20
1130;Totaal over alle leeftijden;Mannen en vrouwen;IJmond (CR);2024;191817;152539;18425;7759;10666;20853;10295;10558;20
1131;Totaal over alle leeftijden;Mannen en vrouwen;IJmond (CR);2025;191955;152075;18524;7788;10736;21356;10454;10902;20
1132;Totaal over alle leeftijden;Mannen en vrouwen;IJmond (CR);2026;192050;151657;18583;7802;10781;21810;10635;11175;20
1133;Totaal over alle leeftijden;Mannen en vrouwen;IJmond (CR);2027;192117;151134;18730;7886;10844;22253;10839;11414;20
1134;Totaal over alle leeftijden;Mannen en vrouwen;IJmond (CR);2028;192282;150778;18870;7968;10902;22634;10930;11704;20
1135;Totaal over alle leeftijden;Mannen en vrouwen;IJmond (CR);2029;192531;150400;18985;8056;10929;23146;11233;11913;20
1136;Totaal over alle leeftijden;Mannen en vrouwen;IJmond (CR);2030;192678;149944;19140;8158;10982;23594;11451;12143;20
1137;Totaal over alle leeftijden;Mannen en vrouwen;IJmond (CR);2031;193138;149786;19317;8253;11064;24035;11658;12377;20
1138;Totaal over alle leeftijden;Mannen en vrouwen;IJmond (CR);2032;193239;149278;19441;8309;11132;24520;11878;12642;20
1139;Totaal over alle leeftijden;Mannen en vrouwen;IJmond (CR);2033;193375;148857;19568;8378;11190;24950;12011;12939;20
1140;Totaal over alle leeftijden;Mannen en vrouwen;IJmond (CR);2034;193326;148302;19678;8479;11199;25346;12171;13175;20
1141;Totaal over alle leeftijden;Mannen en vrouwen;IJmond (CR);2035;193620;148048;19780;8511;11269;25792;12327;13465;20
1142;Totaal over alle leeftijden;Mannen en vrouwen;IJmond (CR);2036;193769;147664;19895;8554;11341;26210;12437;13773;20
1143;Totaal over alle leeftijden;Mannen en vrouwen;IJmond (CR);2037;193797;147196;19985;8577;11408;26616;12584;14032;20
1144;Totaal over alle leeftijden;Mannen en vrouwen;IJmond (CR);2038;193825;146595;20153;8656;11497;27077;12738;14339;20
1145;Totaal over alle leeftijden;Mannen en vrouwen;IJmond (CR);2039;193905;146057;20328;8738;11590;27520;12927;14593;20
1146;Totaal over alle leeftijden;Mannen en vrouwen;IJmond (CR);2040;194087;145671;20445;8787;11658;27971;13092;14879;20
1147;Totaal over alle leeftijden;Mannen en vrouwen;Agglomeratie Haarlem (CR);2010;219012;170253;24952;10148;14804;23807;12884;10923;21
1148;Totaal over alle leeftijden;Mannen en vrouwen;Agglomeratie Haarlem (CR);2011;219611;170252;25151;10321;14830;24208;12960;11248;21
1149;Totaal over alle leeftijden;Mannen en vrouwen;Agglomeratie Haarlem (CR);2012;220201;170325;25280;10446;14834;24596;13063;11533;21
1150;Totaal over alle leeftijden;Mannen en vrouwen;Agglomeratie Haarlem (CR);2013;220853;170326;25461;10565;14896;25066;13190;11876;21
1151;Totaal over alle leeftijden;Mannen en vrouwen;Agglomeratie Haarlem (CR);2014;221394;170401;25522;10590;14932;25471;13287;12184;21
1152;Totaal over alle leeftijden;Mannen en vrouwen;Agglomeratie Haarlem (CR);2015;221615;170150;25560;10639;14921;25905;13458;12447;21
1153;Totaal over alle leeftijden;Mannen en vrouwen;Agglomeratie Haarlem (CR);2016;222024;169989;25641;10701;14940;26394;13662;12732;21
1154;Totaal over alle leeftijden;Mannen en vrouwen;Agglomeratie Haarlem (CR);2017;222106;169588;25736;10771;14965;26782;13782;13000;21
1155;Totaal over alle leeftijden;Mannen en vrouwen;Agglomeratie Haarlem (CR);2018;222293;169330;25740;10774;14966;27223;14033;13190;21
1156;Totaal over alle leeftijden;Mannen en vrouwen;Agglomeratie Haarlem (CR);2019;222740;169228;25869;10828;15041;27643;14258;13385;21
1157;Totaal over alle leeftijden;Mannen en vrouwen;Agglomeratie Haarlem (CR);2020;223051;169046;25994;10940;15054;28011;14432;13579;21
1158;Totaal over alle leeftijden;Mannen en vrouwen;Agglomeratie Haarlem (CR);2021;222967;168552;26069;10976;15093;28346;14551;13795;21
1159;Totaal over alle leeftijden;Mannen en vrouwen;Agglomeratie Haarlem (CR);2022;222989;168186;26121;10999;15122;28682;14710;13972;21
1160;Totaal over alle leeftijden;Mannen en vrouwen;Agglomeratie Haarlem (CR);2023;223029;167789;26216;11022;15194;29024;14821;14203;21
1161;Totaal over alle leeftijden;Mannen en vrouwen;Agglomeratie Haarlem (CR);2024;223035;167392;26323;11090;15233;29320;14897;14423;21
1162;Totaal over alle leeftijden;Mannen en vrouwen;Agglomeratie Haarlem (CR);2025;223234;167057;26412;11128;15284;29765;15112;14653;21
1163;Totaal over alle leeftijden;Mannen en vrouwen;Agglomeratie Haarlem (CR);2026;223265;166692;26559;11192;15367;30014;15256;14758;21
1164;Totaal over alle leeftijden;Mannen en vrouwen;Agglomeratie Haarlem (CR);2027;223281;166424;26584;11205;15379;30273;15381;14892;21
1165;Totaal over alle leeftijden;Mannen en vrouwen;Agglomeratie Haarlem (CR);2028;223347;166150;26729;11329;15400;30468;15433;15035;21
1166;Totaal over alle leeftijden;Mannen en vrouwen;Agglomeratie Haarlem (CR);2029;223531;165885;26859;11415;15444;30787;15515;15272;21
1167;Totaal over alle leeftijden;Mannen en vrouwen;Agglomeratie Haarlem (CR);2030;223589;165540;27003;11462;15541;31046;15573;15473;21
1168;Totaal over alle leeftijden;Mannen en vrouwen;Agglomeratie Haarlem (CR);2031;223363;164881;27067;11507;15560;31415;15725;15690;21
1169;Totaal over alle leeftijden;Mannen en vrouwen;Agglomeratie Haarlem (CR);2032;223511;164690;27091;11526;15565;31730;15843;15887;21
1170;Totaal over alle leeftijden;Mannen en vrouwen;Agglomeratie Haarlem (CR);2033;223606;164269;27295;11647;15648;32042;15999;16043;21
1171;Totaal over alle leeftijden;Mannen en vrouwen;Agglomeratie Haarlem (CR);2034;223807;163927;27495;11703;15792;32385;16092;16293;21
1172;Totaal over alle leeftijden;Mannen en vrouwen;Agglomeratie Haarlem (CR);2035;224138;163655;27775;11825;15950;32708;16170;16538;21
1173;Totaal over alle leeftijden;Mannen en vrouwen;Agglomeratie Haarlem (CR);2036;224393;163489;27946;11913;16033;32958;16207;16751;21
1174;Totaal over alle leeftijden;Mannen en vrouwen;Agglomeratie Haarlem (CR);2037;224697;163234;28117;11976;16141;33346;16316;17030;21
1175;Totaal over alle leeftijden;Mannen en vrouwen;Agglomeratie Haarlem (CR);2038;225157;163111;28305;12110;16195;33741;16424;17317;21
1176;Totaal over alle leeftijden;Mannen en vrouwen;Agglomeratie Haarlem (CR);2039;225442;162895;28547;12296;16251;34000;16430;17570;21
1177;Totaal over alle leeftijden;Mannen en vrouwen;Agglomeratie Haarlem (CR);2040;225796;162698;28781;12451;16330;34317;16492;17825;21
1178;Totaal over alle leeftijden;Mannen en vrouwen;Zaanstreek (CR);2010;161199;122059;14062;5771;8291;25078;13500;11578;22
1179;Totaal over alle leeftijden;Mannen en vrouwen;Zaanstreek (CR);2011;162374;122536;14387;5989;8398;25451;13638;11813;22
1180;Totaal over alle leeftijden;Mannen en vrouwen;Zaanstreek (CR);2012;163276;122838;14573;6085;8488;25865;13848;12017;22
1181;Totaal over alle leeftijden;Mannen en vrouwen;Zaanstreek (CR);2013;164245;123255;14815;6235;8580;26175;13926;12249;22
1182;Totaal over alle leeftijden;Mannen en vrouwen;Zaanstreek (CR);2014;164953;123430;14991;6332;8659;26532;14124;12408;22
1183;Totaal over alle leeftijden;Mannen en vrouwen;Zaanstreek (CR);2015;165428;123425;15222;6440;8782;26781;14251;12530;22
1184;Totaal over alle leeftijden;Mannen en vrouwen;Zaanstreek (CR);2016;166131;123597;15461;6547;8914;27073;14384;12689;22
1185;Totaal over alle leeftijden;Mannen en vrouwen;Zaanstreek (CR);2017;166877;123720;15693;6638;9055;27464;14626;12838;22
1186;Totaal over alle leeftijden;Mannen en vrouwen;Zaanstreek (CR);2018;167487;123744;15918;6769;9149;27825;14810;13015;22
1187;Totaal over alle leeftijden;Mannen en vrouwen;Zaanstreek (CR);2019;167918;123768;16083;6852;9231;28067;14881;13186;22
1188;Totaal over alle leeftijden;Mannen en vrouwen;Zaanstreek (CR);2020;168687;123919;16331;6958;9373;28437;15021;13416;22
1189;Totaal over alle leeftijden;Mannen en vrouwen;Zaanstreek (CR);2021;169090;123831;16528;7077;9451;28731;15167;13564;22
1190;Totaal over alle leeftijden;Mannen en vrouwen;Zaanstreek (CR);2022;169495;123671;16676;7136;9540;29148;15326;13822;22
1191;Totaal over alle leeftijden;Mannen en vrouwen;Zaanstreek (CR);2023;169869;123588;16901;7234;9667;29380;15427;13953;22
1192;Totaal over alle leeftijden;Mannen en vrouwen;Zaanstreek (CR);2024;170272;123449;17133;7376;9757;29690;15546;14144;22
1193;Totaal over alle leeftijden;Mannen en vrouwen;Zaanstreek (CR);2025;170477;123306;17233;7447;9786;29938;15694;14244;22
1194;Totaal over alle leeftijden;Mannen en vrouwen;Zaanstreek (CR);2026;170774;123120;17413;7539;9874;30241;15793;14448;22
1195;Totaal over alle leeftijden;Mannen en vrouwen;Zaanstreek (CR);2027;171140;122958;17634;7659;9975;30548;15948;14600;22
1196;Totaal over alle leeftijden;Mannen en vrouwen;Zaanstreek (CR);2028;171345;122784;17802;7732;10070;30759;16005;14754;22
1197;Totaal over alle leeftijden;Mannen en vrouwen;Zaanstreek (CR);2029;171621;122610;18018;7801;10217;30993;16058;14935;22
1198;Totaal over alle leeftijden;Mannen en vrouwen;Zaanstreek (CR);2030;171706;122334;18108;7862;10246;31264;16178;15086;22
1199;Totaal over alle leeftijden;Mannen en vrouwen;Zaanstreek (CR);2031;171725;121993;18198;7937;10261;31534;16317;15217;22
1200;Totaal over alle leeftijden;Mannen en vrouwen;Zaanstreek (CR);2032;171843;121693;18373;8031;10342;31777;16377;15400;22
1201;Totaal over alle leeftijden;Mannen en vrouwen;Zaanstreek (CR);2033;171938;121316;18509;8106;10403;32113;16459;15654;22
1202;Totaal over alle leeftijden;Mannen en vrouwen;Zaanstreek (CR);2034;172057;121031;18678;8170;10508;32348;16499;15849;22
1203;Totaal over alle leeftijden;Mannen en vrouwen;Zaanstreek (CR);2035;172166;120708;18866;8271;10595;32592;16588;16004;22
1204;Totaal over alle leeftijden;Mannen en vrouwen;Zaanstreek (CR);2036;172230;120370;18975;8335;10640;32885;16683;16202;22
1205;Totaal over alle leeftijden;Mannen en vrouwen;Zaanstreek (CR);2037;172345;120080;19067;8440;10627;33198;16760;16438;22
1206;Totaal over alle leeftijden;Mannen en vrouwen;Zaanstreek (CR);2038;172429;119785;19179;8513;10666;33465;16840;16625;22
1207;Totaal over alle leeftijden;Mannen en vrouwen;Zaanstreek (CR);2039;172269;119278;19269;8548;10721;33722;16903;16819;22
1208;Totaal over alle leeftijden;Mannen en vrouwen;Zaanstreek (CR);2040;172227;118825;19443;8641;10802;33959;16928;17031;22
1209;Totaal over alle leeftijden;Mannen en vrouwen;Groot-Amsterdam (CR);2010;1246665;769814;165899;86612;79287;310952;177917;133035;23
1210;Totaal over alle leeftijden;Mannen en vrouwen;Groot-Amsterdam (CR);2011;1256797;777131;168912;88130;80782;310754;175490;135264;23
1211;Totaal over alle leeftijden;Mannen en vrouwen;Groot-Amsterdam (CR);2012;1267569;784796;171830;89497;82333;310943;173337;137606;23
1212;Totaal over alle leeftijden;Mannen en vrouwen;Groot-Amsterdam (CR);2013;1277155;791848;174318;90572;83746;310989;171655;139334;23
1213;Totaal over alle leeftijden;Mannen en vrouwen;Groot-Amsterdam (CR);2014;1285378;797573;176558;91500;85058;311247;170262;140985;23
1214;Totaal over alle leeftijden;Mannen en vrouwen;Groot-Amsterdam (CR);2015;1293281;803072;178521;92307;86214;311688;168994;142694;23
1215;Totaal over alle leeftijden;Mannen en vrouwen;Groot-Amsterdam (CR);2016;1299970;807521;180233;92874;87359;312216;168073;144143;23
1216;Totaal over alle leeftijden;Mannen en vrouwen;Groot-Amsterdam (CR);2017;1305876;811152;181991;93712;88279;312733;167309;145424;23
1217;Totaal over alle leeftijden;Mannen en vrouwen;Groot-Amsterdam (CR);2018;1311325;814455;183697;94519;89178;313173;166443;146730;23
1218;Totaal over alle leeftijden;Mannen en vrouwen;Groot-Amsterdam (CR);2019;1316791;818040;185332;95312;90020;313419;165849;147570;23
1219;Totaal over alle leeftijden;Mannen en vrouwen;Groot-Amsterdam (CR);2020;1322137;821367;186941;96187;90754;313829;165156;148673;23
1220;Totaal over alle leeftijden;Mannen en vrouwen;Groot-Amsterdam (CR);2021;1327486;824865;188516;96925;91591;314105;164531;149574;23
1221;Totaal over alle leeftijden;Mannen en vrouwen;Groot-Amsterdam (CR);2022;1332731;828312;190011;97766;92245;314408;163922;150486;23
1222;Totaal over alle leeftijden;Mannen en vrouwen;Groot-Amsterdam (CR);2023;1337308;831175;191304;98558;92746;314829;163406;151423;23
1223;Totaal over alle leeftijden;Mannen en vrouwen;Groot-Amsterdam (CR);2024;1341193;833642;192680;99292;93388;314871;162696;152175;23
1224;Totaal over alle leeftijden;Mannen en vrouwen;Groot-Amsterdam (CR);2025;1345329;836371;193976;100006;93970;314982;161746;153236;23
1225;Totaal over alle leeftijden;Mannen en vrouwen;Groot-Amsterdam (CR);2026;1348726;838414;194963;100607;94356;315349;160931;154418;23
1226;Totaal over alle leeftijden;Mannen en vrouwen;Groot-Amsterdam (CR);2027;1351959;840454;195957;101331;94626;315548;160160;155388;23
1227;Totaal over alle leeftijden;Mannen en vrouwen;Groot-Amsterdam (CR);2028;1355337;842243;197077;102039;95038;316017;159502;156515;23
1228;Totaal over alle leeftijden;Mannen en vrouwen;Groot-Amsterdam (CR);2029;1358782;844088;198149;102714;95435;316545;158822;157723;23
1229;Totaal over alle leeftijden;Mannen en vrouwen;Groot-Amsterdam (CR);2030;1362450;846264;199246;103332;95914;316940;158128;158812;23
1230;Totaal over alle leeftijden;Mannen en vrouwen;Groot-Amsterdam (CR);2031;1365159;847699;200467;104111;96356;316993;157161;159832;23
1231;Totaal over alle leeftijden;Mannen en vrouwen;Groot-Amsterdam (CR);2032;1368059;848961;201659;104888;96771;317439;156397;161042;23
1232;Totaal over alle leeftijden;Mannen en vrouwen;Groot-Amsterdam (CR);2033;1371183;850456;202877;105640;97237;317850;155569;162281;23
1233;Totaal over alle leeftijden;Mannen en vrouwen;Groot-Amsterdam (CR);2034;1374409;851821;204338;106559;97779;318250;154835;163415;23
1234;Totaal over alle leeftijden;Mannen en vrouwen;Groot-Amsterdam (CR);2035;1377952;853289;205787;107553;98234;318876;154249;164627;23
1235;Totaal over alle leeftijden;Mannen en vrouwen;Groot-Amsterdam (CR);2036;1381436;854471;207463;108600;98863;319502;153357;166145;23
1236;Totaal over alle leeftijden;Mannen en vrouwen;Groot-Amsterdam (CR);2037;1385129;855775;208973;109591;99382;320381;152686;167695;23
1237;Totaal over alle leeftijden;Mannen en vrouwen;Groot-Amsterdam (CR);2038;1388670;856775;210588;110553;100035;321307;151955;169352;23
1238;Totaal over alle leeftijden;Mannen en vrouwen;Groot-Amsterdam (CR);2039;1392422;858131;211983;111379;100604;322308;151429;170879;23
1239;Totaal over alle leeftijden;Mannen en vrouwen;Groot-Amsterdam (CR);2040;1395433;858725;213463;112224;101239;323245;150739;172506;23
1240;Totaal over alle leeftijden;Mannen en vrouwen;Het Gooi en Vechtstreek (CR);2010;242574;194997;26429;10509;15920;21148;11651;9497;24
1241;Totaal over alle leeftijden;Mannen en vrouwen;Het Gooi en Vechtstreek (CR);2011;243390;195037;26513;10528;15985;21840;11915;9925;24
1242;Totaal over alle leeftijden;Mannen en vrouwen;Het Gooi en Vechtstreek (CR);2012;243577;194577;26594;10584;16010;22406;12116;10290;24
1243;Totaal over alle leeftijden;Mannen en vrouwen;Het Gooi en Vechtstreek (CR);2013;243725;194153;26737;10710;16027;22835;12276;10559;24
1244;Totaal over alle leeftijden;Mannen en vrouwen;Het Gooi en Vechtstreek (CR);2014;243940;193834;26737;10668;16069;23369;12534;10835;24
1245;Totaal over alle leeftijden;Mannen en vrouwen;Het Gooi en Vechtstreek (CR);2015;243936;193341;26737;10654;16083;23858;12718;11140;24
1246;Totaal over alle leeftijden;Mannen en vrouwen;Het Gooi en Vechtstreek (CR);2016;244160;193034;26788;10601;16187;24338;12889;11449;24
1247;Totaal over alle leeftijden;Mannen en vrouwen;Het Gooi en Vechtstreek (CR);2017;244463;192719;26842;10584;16258;24902;13121;11781;24
1248;Totaal over alle leeftijden;Mannen en vrouwen;Het Gooi en Vechtstreek (CR);2018;244783;192438;26851;10541;16310;25494;13415;12079;24
1249;Totaal over alle leeftijden;Mannen en vrouwen;Het Gooi en Vechtstreek (CR);2019;244950;192060;26811;10488;16323;26079;13640;12439;24
1250;Totaal over alle leeftijden;Mannen en vrouwen;Het Gooi en Vechtstreek (CR);2020;245283;191798;26909;10484;16425;26576;13849;12727;24
1251;Totaal over alle leeftijden;Mannen en vrouwen;Het Gooi en Vechtstreek (CR);2021;245788;191683;26940;10473;16467;27165;14054;13111;24
1252;Totaal over alle leeftijden;Mannen en vrouwen;Het Gooi en Vechtstreek (CR);2022;246316;191584;27008;10516;16492;27724;14239;13485;24
1253;Totaal over alle leeftijden;Mannen en vrouwen;Het Gooi en Vechtstreek (CR);2023;246684;191420;27105;10542;16563;28159;14419;13740;24
1254;Totaal over alle leeftijden;Mannen en vrouwen;Het Gooi en Vechtstreek (CR);2024;246982;191119;27145;10509;16636;28718;14636;14082;24
1255;Totaal over alle leeftijden;Mannen en vrouwen;Het Gooi en Vechtstreek (CR);2025;247322;190867;27190;10482;16708;29265;14868;14397;24
1256;Totaal over alle leeftijden;Mannen en vrouwen;Het Gooi en Vechtstreek (CR);2026;247339;190326;27219;10481;16738;29794;15103;14691;24
1257;Totaal over alle leeftijden;Mannen en vrouwen;Het Gooi en Vechtstreek (CR);2027;247829;190275;27317;10518;16799;30237;15304;14933;24
1258;Totaal over alle leeftijden;Mannen en vrouwen;Het Gooi en Vechtstreek (CR);2028;248171;190200;27392;10533;16859;30579;15462;15117;24
1259;Totaal over alle leeftijden;Mannen en vrouwen;Het Gooi en Vechtstreek (CR);2029;248719;190207;27538;10588;16950;30974;15593;15381;24
1260;Totaal over alle leeftijden;Mannen en vrouwen;Het Gooi en Vechtstreek (CR);2030;249137;190076;27603;10581;17022;31458;15765;15693;24
1261;Totaal over alle leeftijden;Mannen en vrouwen;Het Gooi en Vechtstreek (CR);2031;249786;190102;27647;10600;17047;32037;15965;16072;24
1262;Totaal over alle leeftijden;Mannen en vrouwen;Het Gooi en Vechtstreek (CR);2032;250246;190034;27686;10589;17097;32526;16076;16450;24
1263;Totaal over alle leeftijden;Mannen en vrouwen;Het Gooi en Vechtstreek (CR);2033;250931;190045;27866;10646;17220;33020;16216;16804;24
1264;Totaal over alle leeftijden;Mannen en vrouwen;Het Gooi en Vechtstreek (CR);2034;251501;190023;27989;10756;17233;33489;16386;17103;24
1265;Totaal over alle leeftijden;Mannen en vrouwen;Het Gooi en Vechtstreek (CR);2035;251838;189804;28099;10809;17290;33935;16466;17469;24
1266;Totaal over alle leeftijden;Mannen en vrouwen;Het Gooi en Vechtstreek (CR);2036;252168;189582;28308;10916;17392;34278;16555;17723;24
1267;Totaal over alle leeftijden;Mannen en vrouwen;Het Gooi en Vechtstreek (CR);2037;252286;189162;28485;11002;17483;34639;16669;17970;24
1268;Totaal over alle leeftijden;Mannen en vrouwen;Het Gooi en Vechtstreek (CR);2038;252591;188988;28640;11035;17605;34963;16721;18242;24
1269;Totaal over alle leeftijden;Mannen en vrouwen;Het Gooi en Vechtstreek (CR);2039;252791;188734;28767;11101;17666;35290;16776;18514;24
1270;Totaal over alle leeftijden;Mannen en vrouwen;Het Gooi en Vechtstreek (CR);2040;252992;188407;28838;11145;17693;35747;16840;18907;24
1271;Totaal over alle leeftijden;Mannen en vrouwen;Agglomeratie Leiden en Bollenstreek (CR);2010;403610;331416;38966;19039;19927;33228;19382;13846;25
1272;Totaal over alle leeftijden;Mannen en vrouwen;Agglomeratie Leiden en Bollenstreek (CR);2011;404160;330370;39464;19282;20182;34326;19825;14501;25
1273;Totaal over alle leeftijden;Mannen en vrouwen;Agglomeratie Leiden en Bollenstreek (CR);2012;404967;329291;39991;19564;20427;35685;20404;15281;25
1274;Totaal over alle leeftijden;Mannen en vrouwen;Agglomeratie Leiden en Bollenstreek (CR);2013;405732;328461;40328;19692;20636;36943;20974;15969;25
1275;Totaal over alle leeftijden;Mannen en vrouwen;Agglomeratie Leiden en Bollenstreek (CR);2014;406782;327640;40853;19951;20902;38289;21498;16791;25
1276;Totaal over alle leeftijden;Mannen en vrouwen;Agglomeratie Leiden en Bollenstreek (CR);2015;407529;326753;41274;20158;21116;39502;22049;17453;25
1277;Totaal over alle leeftijden;Mannen en vrouwen;Agglomeratie Leiden en Bollenstreek (CR);2016;408462;326042;41807;20393;21414;40613;22561;18052;25
1278;Totaal over alle leeftijden;Mannen en vrouwen;Agglomeratie Leiden en Bollenstreek (CR);2017;409580;325246;42373;20650;21723;41961;23135;18826;25
1279;Totaal over alle leeftijden;Mannen en vrouwen;Agglomeratie Leiden en Bollenstreek (CR);2018;411115;324780;43026;20986;22040;43309;23714;19595;25
1280;Totaal over alle leeftijden;Mannen en vrouwen;Agglomeratie Leiden en Bollenstreek (CR);2019;412047;323993;43459;21173;22286;44595;24273;20322;25
1281;Totaal over alle leeftijden;Mannen en vrouwen;Agglomeratie Leiden en Bollenstreek (CR);2020;413423;323524;44033;21461;22572;45866;24854;21012;25
1282;Totaal over alle leeftijden;Mannen en vrouwen;Agglomeratie Leiden en Bollenstreek (CR);2021;415051;323343;44571;21751;22820;47137;25368;21769;25
1283;Totaal over alle leeftijden;Mannen en vrouwen;Agglomeratie Leiden en Bollenstreek (CR);2022;416429;322825;45161;22012;23149;48443;25918;22525;25
1284;Totaal over alle leeftijden;Mannen en vrouwen;Agglomeratie Leiden en Bollenstreek (CR);2023;417729;322415;45690;22222;23468;49624;26426;23198;25
1285;Totaal over alle leeftijden;Mannen en vrouwen;Agglomeratie Leiden en Bollenstreek (CR);2024;418999;321855;46336;22544;23792;50808;26970;23838;25
1286;Totaal over alle leeftijden;Mannen en vrouwen;Agglomeratie Leiden en Bollenstreek (CR);2025;420270;321466;46927;22843;24084;51877;27365;24512;25
1287;Totaal over alle leeftijden;Mannen en vrouwen;Agglomeratie Leiden en Bollenstreek (CR);2026;421449;320903;47462;23160;24302;53084;27859;25225;25
1288;Totaal over alle leeftijden;Mannen en vrouwen;Agglomeratie Leiden en Bollenstreek (CR);2027;422914;320521;48075;23469;24606;54318;28499;25819;25
1289;Totaal over alle leeftijden;Mannen en vrouwen;Agglomeratie Leiden en Bollenstreek (CR);2028;423835;319858;48685;23786;24899;55292;28984;26308;25
1290;Totaal over alle leeftijden;Mannen en vrouwen;Agglomeratie Leiden en Bollenstreek (CR);2029;425103;319458;49288;24080;25208;56357;29404;26953;25
1291;Totaal over alle leeftijden;Mannen en vrouwen;Agglomeratie Leiden en Bollenstreek (CR);2030;426224;318923;49996;24414;25582;57305;29785;27520;25
1292;Totaal over alle leeftijden;Mannen en vrouwen;Agglomeratie Leiden en Bollenstreek (CR);2031;427244;318340;50554;24693;25861;58350;30308;28042;25
1293;Totaal over alle leeftijden;Mannen en vrouwen;Agglomeratie Leiden en Bollenstreek (CR);2032;427882;317459;51185;24956;26229;59238;30663;28575;25
1294;Totaal over alle leeftijden;Mannen en vrouwen;Agglomeratie Leiden en Bollenstreek (CR);2033;428440;316512;51803;25204;26599;60125;31062;29063;25
1295;Totaal over alle leeftijden;Mannen en vrouwen;Agglomeratie Leiden en Bollenstreek (CR);2034;428855;315479;52350;25472;26878;61026;31469;29557;25
1296;Totaal over alle leeftijden;Mannen en vrouwen;Agglomeratie Leiden en Bollenstreek (CR);2035;429325;314543;52837;25670;27167;61945;31844;30101;25
1297;Totaal over alle leeftijden;Mannen en vrouwen;Agglomeratie Leiden en Bollenstreek (CR);2036;429654;313390;53377;25926;27451;62887;32254;30633;25
1298;Totaal over alle leeftijden;Mannen en vrouwen;Agglomeratie Leiden en Bollenstreek (CR);2037;429758;312195;53860;26126;27734;63703;32585;31118;25
1299;Totaal over alle leeftijden;Mannen en vrouwen;Agglomeratie Leiden en Bollenstreek (CR);2038;429557;310831;54457;26473;27984;64269;32768;31501;25
1300;Totaal over alle leeftijden;Mannen en vrouwen;Agglomeratie Leiden en Bollenstreek (CR);2039;429286;309317;55003;26660;28343;64966;32978;31988;25
1301;Totaal over alle leeftijden;Mannen en vrouwen;Agglomeratie Leiden en Bollenstreek (CR);2040;428948;307866;55459;26862;28597;65623;33310;32313;25
1302;Totaal over alle leeftijden;Mannen en vrouwen;Agglomeratie 's-Gravenhage (CR);2010;799252;492412;109800;58482;51318;197040;116607;80433;26
1303;Totaal over alle leeftijden;Mannen en vrouwen;Agglomeratie 's-Gravenhage (CR);2011;804087;494238;112309;60567;51742;197540;115732;81808;26
1304;Totaal over alle leeftijden;Mannen en vrouwen;Agglomeratie 's-Gravenhage (CR);2012;807578;494907;114407;62280;52127;198264;114939;83325;26
1305;Totaal over alle leeftijden;Mannen en vrouwen;Agglomeratie 's-Gravenhage (CR);2013;810964;495635;116227;63776;52451;199102;114437;84665;26
1306;Totaal over alle leeftijden;Mannen en vrouwen;Agglomeratie 's-Gravenhage (CR);2014;814670;496607;117973;65257;52716;200090;114359;85731;26
1307;Totaal over alle leeftijden;Mannen en vrouwen;Agglomeratie 's-Gravenhage (CR);2015;818118;497604;119252;66694;52558;201262;114503;86759;26
1308;Totaal over alle leeftijden;Mannen en vrouwen;Agglomeratie 's-Gravenhage (CR);2016;821359;498426;120613;68114;52499;202320;114650;87670;26
1309;Totaal over alle leeftijden;Mannen en vrouwen;Agglomeratie 's-Gravenhage (CR);2017;824269;498987;122049;69520;52529;203233;114950;88283;26
1310;Totaal over alle leeftijden;Mannen en vrouwen;Agglomeratie 's-Gravenhage (CR);2018;827304;499652;123525;70924;52601;204127;115128;88999;26
1311;Totaal over alle leeftijden;Mannen en vrouwen;Agglomeratie 's-Gravenhage (CR);2019;830133;499926;125074;72343;52731;205133;115580;89553;26
1312;Totaal over alle leeftijden;Mannen en vrouwen;Agglomeratie 's-Gravenhage (CR);2020;832757;499877;126741;73832;52909;206139;115970;90169;26
1313;Totaal over alle leeftijden;Mannen en vrouwen;Agglomeratie 's-Gravenhage (CR);2021;835027;499817;128371;75280;53091;206839;116222;90617;26
1314;Totaal over alle leeftijden;Mannen en vrouwen;Agglomeratie 's-Gravenhage (CR);2022;837626;499976;130070;76710;53360;207580;116465;91115;26
1315;Totaal over alle leeftijden;Mannen en vrouwen;Agglomeratie 's-Gravenhage (CR);2023;839962;500129;131678;78185;53493;208155;116697;91458;26
1316;Totaal over alle leeftijden;Mannen en vrouwen;Agglomeratie 's-Gravenhage (CR);2024;842375;500231;133365;79683;53682;208779;116763;92016;26
1317;Totaal over alle leeftijden;Mannen en vrouwen;Agglomeratie 's-Gravenhage (CR);2025;844531;500353;134835;80985;53850;209343;116957;92386;26
1318;Totaal over alle leeftijden;Mannen en vrouwen;Agglomeratie 's-Gravenhage (CR);2026;846573;500200;136574;82431;54143;209799;117018;92781;26
1319;Totaal over alle leeftijden;Mannen en vrouwen;Agglomeratie 's-Gravenhage (CR);2027;847954;499592;138388;83962;54426;209974;117039;92935;26
1320;Totaal over alle leeftijden;Mannen en vrouwen;Agglomeratie 's-Gravenhage (CR);2028;849904;499522;140113;85436;54677;210269;117053;93216;26
1321;Totaal over alle leeftijden;Mannen en vrouwen;Agglomeratie 's-Gravenhage (CR);2029;851723;499244;141939;86967;54972;210540;117008;93532;26
1322;Totaal over alle leeftijden;Mannen en vrouwen;Agglomeratie 's-Gravenhage (CR);2030;853536;498933;143969;88690;55279;210634;116717;93917;26
1323;Totaal over alle leeftijden;Mannen en vrouwen;Agglomeratie 's-Gravenhage (CR);2031;856317;499101;145941;90291;55650;211275;116731;94544;26
1324;Totaal over alle leeftijden;Mannen en vrouwen;Agglomeratie 's-Gravenhage (CR);2032;858722;499079;147904;91966;55938;211739;116757;94982;26
1325;Totaal over alle leeftijden;Mannen en vrouwen;Agglomeratie 's-Gravenhage (CR);2033;861199;499145;149886;93573;56313;212168;116624;95544;26
1326;Totaal over alle leeftijden;Mannen en vrouwen;Agglomeratie 's-Gravenhage (CR);2034;863758;498961;152061;95254;56807;212736;116462;96274;26
1327;Totaal over alle leeftijden;Mannen en vrouwen;Agglomeratie 's-Gravenhage (CR);2035;866347;498924;154285;97169;57116;213138;116221;96917;26
1328;Totaal over alle leeftijden;Mannen en vrouwen;Agglomeratie 's-Gravenhage (CR);2036;868712;499068;156119;98865;57254;213525;115934;97591;26
1329;Totaal over alle leeftijden;Mannen en vrouwen;Agglomeratie 's-Gravenhage (CR);2037;871185;498836;158265;100636;57629;214084;115686;98398;26
1330;Totaal over alle leeftijden;Mannen en vrouwen;Agglomeratie 's-Gravenhage (CR);2038;873497;498763;160217;102314;57903;214517;115441;99076;26
1331;Totaal over alle leeftijden;Mannen en vrouwen;Agglomeratie 's-Gravenhage (CR);2039;876040;498486;162305;104061;58244;215249;115189;100060;26
1332;Totaal over alle leeftijden;Mannen en vrouwen;Agglomeratie 's-Gravenhage (CR);2040;879157;498669;164592;105941;58651;215896;114939;100957;26
1333;Totaal over alle leeftijden;Mannen en vrouwen;Delft en Westland (CR);2010;216671;174520;18750;9237;9513;23401;14528;8873;27
1334;Totaal over alle leeftijden;Mannen en vrouwen;Delft en Westland (CR);2011;218977;174979;19459;9535;9924;24539;14850;9689;27
1335;Totaal over alle leeftijden;Mannen en vrouwen;Delft en Westland (CR);2012;221152;175589;20065;9705;10360;25498;15103;10395;27
1336;Totaal over alle leeftijden;Mannen en vrouwen;Delft en Westland (CR);2013;223093;175852;20791;10021;10770;26450;15328;11122;27
1337;Totaal over alle leeftijden;Mannen en vrouwen;Delft en Westland (CR);2014;224860;176089;21411;10200;11211;27360;15563;11797;27
1338;Totaal over alle leeftijden;Mannen en vrouwen;Delft en Westland (CR);2015;227249;176583;22241;10506;11735;28425;15947;12478;27
1339;Totaal over alle leeftijden;Mannen en vrouwen;Delft en Westland (CR);2016;229589;177247;22921;10681;12240;29421;16276;13145;27
1340;Totaal over alle leeftijden;Mannen en vrouwen;Delft en Westland (CR);2017;231871;177896;23580;10876;12704;30395;16560;13835;27
1341;Totaal over alle leeftijden;Mannen en vrouwen;Delft en Westland (CR);2018;234047;178428;24324;11141;13183;31295;16868;14427;27
1342;Totaal over alle leeftijden;Mannen en vrouwen;Delft en Westland (CR);2019;236191;179007;24966;11291;13675;32218;17233;14985;27
1343;Totaal over alle leeftijden;Mannen en vrouwen;Delft en Westland (CR);2020;238113;179277;25612;11547;14065;33224;17532;15692;27
1344;Totaal over alle leeftijden;Mannen en vrouwen;Delft en Westland (CR);2021;240325;179881;26247;11805;14442;34197;17814;16383;27
1345;Totaal over alle leeftijden;Mannen en vrouwen;Delft en Westland (CR);2022;242091;180237;26824;12071;14753;35030;18121;16909;27
1346;Totaal over alle leeftijden;Mannen en vrouwen;Delft en Westland (CR);2023;243719;180428;27416;12289;15127;35875;18407;17468;27
1347;Totaal over alle leeftijden;Mannen en vrouwen;Delft en Westland (CR);2024;245363;180804;27937;12461;15476;36622;18742;17880;27
1348;Totaal over alle leeftijden;Mannen en vrouwen;Delft en Westland (CR);2025;247173;181225;28530;12682;15848;37418;19025;18393;27
1349;Totaal over alle leeftijden;Mannen en vrouwen;Delft en Westland (CR);2026;248700;181476;29076;12857;16219;38148;19366;18782;27
1350;Totaal over alle leeftijden;Mannen en vrouwen;Delft en Westland (CR);2027;250297;181668;29639;13024;16615;38990;19729;19261;27
1351;Totaal over alle leeftijden;Mannen en vrouwen;Delft en Westland (CR);2028;252009;181993;30221;13282;16939;39795;20005;19790;27
1352;Totaal over alle leeftijden;Mannen en vrouwen;Delft en Westland (CR);2029;253564;182169;30788;13528;17260;40607;20321;20286;27
1353;Totaal over alle leeftijden;Mannen en vrouwen;Delft en Westland (CR);2030;255267;182408;31427;13769;17658;41432;20632;20800;27
1354;Totaal over alle leeftijden;Mannen en vrouwen;Delft en Westland (CR);2031;257112;182841;32170;14093;18077;42101;20879;21222;27
1355;Totaal over alle leeftijden;Mannen en vrouwen;Delft en Westland (CR);2032;258666;183084;32756;14347;18409;42826;21152;21674;27
1356;Totaal over alle leeftijden;Mannen en vrouwen;Delft en Westland (CR);2033;260493;183451;33424;14653;18771;43618;21403;22215;27
1357;Totaal over alle leeftijden;Mannen en vrouwen;Delft en Westland (CR);2034;262124;183823;34003;14900;19103;44298;21732;22566;27
1358;Totaal over alle leeftijden;Mannen en vrouwen;Delft en Westland (CR);2035;263838;184227;34532;15015;19517;45079;22023;23056;27
1359;Totaal over alle leeftijden;Mannen en vrouwen;Delft en Westland (CR);2036;265474;184612;34975;15122;19853;45887;22249;23638;27
1360;Totaal over alle leeftijden;Mannen en vrouwen;Delft en Westland (CR);2037;267278;185098;35621;15326;20295;46559;22470;24089;27
1361;Totaal over alle leeftijden;Mannen en vrouwen;Delft en Westland (CR);2038;269155;185660;36251;15601;20650;47244;22730;24514;27
1362;Totaal over alle leeftijden;Mannen en vrouwen;Delft en Westland (CR);2039;270821;186226;36904;15873;21031;47691;22933;24758;27
1363;Totaal over alle leeftijden;Mannen en vrouwen;Delft en Westland (CR);2040;272317;186449;37514;16107;21407;48354;23182;25172;27
1364;Totaal over alle leeftijden;Mannen en vrouwen;Oost-Zuid-Holland (CR);2010;311779;262844;21764;8747;13017;27171;14396;12775;28
1365;Totaal over alle leeftijden;Mannen en vrouwen;Oost-Zuid-Holland (CR);2011;312552;262473;22170;9005;13165;27909;14652;13257;28
1366;Totaal over alle leeftijden;Mannen en vrouwen;Oost-Zuid-Holland (CR);2012;313329;262032;22523;9182;13341;28774;14999;13775;28
1367;Totaal over alle leeftijden;Mannen en vrouwen;Oost-Zuid-Holland (CR);2013;314638;262029;22951;9433;13518;29658;15322;14336;28
1368;Totaal over alle leeftijden;Mannen en vrouwen;Oost-Zuid-Holland (CR);2014;316023;262170;23288;9600;13688;30565;15681;14884;28
1369;Totaal over alle leeftijden;Mannen en vrouwen;Oost-Zuid-Holland (CR);2015;317568;262408;23665;9777;13888;31495;16020;15475;28
1370;Totaal over alle leeftijden;Mannen en vrouwen;Oost-Zuid-Holland (CR);2016;319103;262584;24033;9923;14110;32486;16345;16141;28
1371;Totaal over alle leeftijden;Mannen en vrouwen;Oost-Zuid-Holland (CR);2017;320539;262682;24386;10106;14280;33471;16706;16765;28
1372;Totaal over alle leeftijden;Mannen en vrouwen;Oost-Zuid-Holland (CR);2018;322097;262974;24718;10241;14477;34405;17079;17326;28
1373;Totaal over alle leeftijden;Mannen en vrouwen;Oost-Zuid-Holland (CR);2019;323901;263306;25212;10480;14732;35383;17426;17957;28
1374;Totaal over alle leeftijden;Mannen en vrouwen;Oost-Zuid-Holland (CR);2020;325378;263497;25568;10623;14945;36313;17815;18498;28
1375;Totaal over alle leeftijden;Mannen en vrouwen;Oost-Zuid-Holland (CR);2021;326764;263566;25985;10793;15192;37213;18167;19046;28
1376;Totaal over alle leeftijden;Mannen en vrouwen;Oost-Zuid-Holland (CR);2022;328139;263811;26361;10949;15412;37967;18433;19534;28
1377;Totaal over alle leeftijden;Mannen en vrouwen;Oost-Zuid-Holland (CR);2023;329685;264077;26709;11139;15570;38899;18760;20139;28
1378;Totaal over alle leeftijden;Mannen en vrouwen;Oost-Zuid-Holland (CR);2024;330769;263848;27106;11311;15795;39815;19116;20699;28
1379;Totaal over alle leeftijden;Mannen en vrouwen;Oost-Zuid-Holland (CR);2025;332320;264129;27564;11544;16020;40627;19418;21209;28
1380;Totaal over alle leeftijden;Mannen en vrouwen;Oost-Zuid-Holland (CR);2026;333610;264166;27987;11754;16233;41457;19733;21724;28
1381;Totaal over alle leeftijden;Mannen en vrouwen;Oost-Zuid-Holland (CR);2027;335083;264561;28254;11845;16409;42268;20074;22194;28
1382;Totaal over alle leeftijden;Mannen en vrouwen;Oost-Zuid-Holland (CR);2028;336332;264604;28634;12037;16597;43094;20389;22705;28
1383;Totaal over alle leeftijden;Mannen en vrouwen;Oost-Zuid-Holland (CR);2029;337140;264312;28928;12174;16754;43900;20720;23180;28
1384;Totaal over alle leeftijden;Mannen en vrouwen;Oost-Zuid-Holland (CR);2030;338125;264145;29272;12328;16944;44708;21092;23616;28
1385;Totaal over alle leeftijden;Mannen en vrouwen;Oost-Zuid-Holland (CR);2031;339109;264006;29601;12542;17059;45502;21384;24118;28
1386;Totaal over alle leeftijden;Mannen en vrouwen;Oost-Zuid-Holland (CR);2032;340024;263715;29951;12713;17238;46358;21729;24629;28
1387;Totaal over alle leeftijden;Mannen en vrouwen;Oost-Zuid-Holland (CR);2033;340939;263566;30187;12897;17290;47186;22030;25156;28
1388;Totaal over alle leeftijden;Mannen en vrouwen;Oost-Zuid-Holland (CR);2034;341445;263067;30471;13022;17449;47907;22344;25563;28
1389;Totaal over alle leeftijden;Mannen en vrouwen;Oost-Zuid-Holland (CR);2035;341868;262554;30761;13152;17609;48553;22565;25988;28
1390;Totaal over alle leeftijden;Mannen en vrouwen;Oost-Zuid-Holland (CR);2036;342009;261756;31074;13287;17787;49179;22754;26425;28
1391;Totaal over alle leeftijden;Mannen en vrouwen;Oost-Zuid-Holland (CR);2037;342150;260920;31343;13449;17894;49887;23011;26876;28
1392;Totaal over alle leeftijden;Mannen en vrouwen;Oost-Zuid-Holland (CR);2038;342128;260063;31600;13555;18045;50465;23191;27274;28
1393;Totaal over alle leeftijden;Mannen en vrouwen;Oost-Zuid-Holland (CR);2039;342082;259204;31823;13641;18182;51055;23364;27691;28
1394;Totaal over alle leeftijden;Mannen en vrouwen;Oost-Zuid-Holland (CR);2040;342030;258389;32037;13725;18312;51604;23519;28085;28
1395;Totaal over alle leeftijden;Mannen en vrouwen;Groot-Rijnmond (CR);2010;1365297;954958;119970;57415;62555;290369;161768;128601;29
1396;Totaal over alle leeftijden;Mannen en vrouwen;Groot-Rijnmond (CR);2011;1368674;956591;121359;58665;62694;290724;160073;130651;29
1397;Totaal over alle leeftijden;Mannen en vrouwen;Groot-Rijnmond (CR);2012;1374546;959797;122890;59982;62908;291859;158954;132905;29
1398;Totaal over alle leeftijden;Mannen en vrouwen;Groot-Rijnmond (CR);2013;1380578;963126;124313;61040;63273;293139;158291;134848;29
1399;Totaal over alle leeftijden;Mannen en vrouwen;Groot-Rijnmond (CR);2014;1386412;966321;125646;62009;63637;294445;157684;136761;29
1400;Totaal over alle leeftijden;Mannen en vrouwen;Groot-Rijnmond (CR);2015;1391212;968409;127111;62953;64158;295692;157219;138473;29
1401;Totaal over alle leeftijden;Mannen en vrouwen;Groot-Rijnmond (CR);2016;1395938;970273;128582;63945;64637;297083;157032;140051;29
1402;Totaal over alle leeftijden;Mannen en vrouwen;Groot-Rijnmond (CR);2017;1401111;972787;130007;64944;65063;298317;156833;141484;29
1403;Totaal over alle leeftijden;Mannen en vrouwen;Groot-Rijnmond (CR);2018;1405637;974639;131358;65822;65536;299640;156902;142738;29
1404;Totaal over alle leeftijden;Mannen en vrouwen;Groot-Rijnmond (CR);2019;1410396;976615;132965;66903;66062;300816;156750;144066;29
1405;Totaal over alle leeftijden;Mannen en vrouwen;Groot-Rijnmond (CR);2020;1415023;978586;134311;67664;66647;302126;156809;145317;29
1406;Totaal over alle leeftijden;Mannen en vrouwen;Groot-Rijnmond (CR);2021;1419321;980369;135725;68669;67056;303227;156846;146381;29
1407;Totaal over alle leeftijden;Mannen en vrouwen;Groot-Rijnmond (CR);2022;1423464;982150;137280;69604;67676;304034;156732;147302;29
1408;Totaal over alle leeftijden;Mannen en vrouwen;Groot-Rijnmond (CR);2023;1427642;983843;138685;70452;68233;305114;156667;148447;29
1409;Totaal over alle leeftijden;Mannen en vrouwen;Groot-Rijnmond (CR);2024;1431385;985278;140166;71414;68752;305941;156583;149358;29
1410;Totaal over alle leeftijden;Mannen en vrouwen;Groot-Rijnmond (CR);2025;1435232;986827;141605;72396;69209;306800;156453;150347;29
1411;Totaal over alle leeftijden;Mannen en vrouwen;Groot-Rijnmond (CR);2026;1438599;987906;143000;73298;69702;307693;156427;151266;29
1412;Totaal over alle leeftijden;Mannen en vrouwen;Groot-Rijnmond (CR);2027;1441792;988802;144408;74135;70273;308582;156388;152194;29
1413;Totaal over alle leeftijden;Mannen en vrouwen;Groot-Rijnmond (CR);2028;1444915;989655;145680;74947;70733;309580;156287;153293;29
1414;Totaal over alle leeftijden;Mannen en vrouwen;Groot-Rijnmond (CR);2029;1447885;990661;147038;75885;71153;310186;156029;154157;29
1415;Totaal over alle leeftijden;Mannen en vrouwen;Groot-Rijnmond (CR);2030;1450167;990865;148404;76882;71522;310898;155887;155011;29
1416;Totaal over alle leeftijden;Mannen en vrouwen;Groot-Rijnmond (CR);2031;1452321;991117;149667;77741;71926;311537;155656;155881;29
1417;Totaal over alle leeftijden;Mannen en vrouwen;Groot-Rijnmond (CR);2032;1453900;990708;150842;78548;72294;312350;155524;156826;29
1418;Totaal over alle leeftijden;Mannen en vrouwen;Groot-Rijnmond (CR);2033;1454566;989651;152088;79446;72642;312827;155085;157742;29
1419;Totaal over alle leeftijden;Mannen en vrouwen;Groot-Rijnmond (CR);2034;1455318;988432;153282;80342;72940;313604;154843;158761;29
1420;Totaal over alle leeftijden;Mannen en vrouwen;Groot-Rijnmond (CR);2035;1454881;986547;154312;81030;73282;314022;154296;159726;29
1421;Totaal over alle leeftijden;Mannen en vrouwen;Groot-Rijnmond (CR);2036;1454384;984491;155486;81795;73691;314407;153905;160502;29
1422;Totaal over alle leeftijden;Mannen en vrouwen;Groot-Rijnmond (CR);2037;1453319;982003;156456;82524;73932;314860;153357;161503;29
1423;Totaal over alle leeftijden;Mannen en vrouwen;Groot-Rijnmond (CR);2038;1452166;979230;157352;83214;74138;315584;152718;162866;29
1424;Totaal over alle leeftijden;Mannen en vrouwen;Groot-Rijnmond (CR);2039;1450928;976167;158365;83947;74418;316396;152213;164183;29
1425;Totaal over alle leeftijden;Mannen en vrouwen;Groot-Rijnmond (CR);2040;1448782;972463;159335;84690;74645;316984;151640;165344;29
1426;Totaal over alle leeftijden;Mannen en vrouwen;Zuidoost-Zuid-Holland (CR);2010;395121;325052;29365;12029;17336;40704;22255;18449;30
1427;Totaal over alle leeftijden;Mannen en vrouwen;Zuidoost-Zuid-Holland (CR);2011;395825;324725;29795;12299;17496;41305;22363;18942;30
1428;Totaal over alle leeftijden;Mannen en vrouwen;Zuidoost-Zuid-Holland (CR);2012;396225;324285;30038;12460;17578;41902;22513;19389;30
1429;Totaal over alle leeftijden;Mannen en vrouwen;Zuidoost-Zuid-Holland (CR);2013;396574;323701;30407;12678;17729;42466;22674;19792;30
1430;Totaal over alle leeftijden;Mannen en vrouwen;Zuidoost-Zuid-Holland (CR);2014;397542;323974;30697;12775;17922;42871;22835;20036;30
1431;Totaal over alle leeftijden;Mannen en vrouwen;Zuidoost-Zuid-Holland (CR);2015;398366;323773;30992;12918;18074;43601;23095;20506;30
1432;Totaal over alle leeftijden;Mannen en vrouwen;Zuidoost-Zuid-Holland (CR);2016;399273;323701;31326;13021;18305;44246;23282;20964;30
1433;Totaal over alle leeftijden;Mannen en vrouwen;Zuidoost-Zuid-Holland (CR);2017;400320;323607;31726;13199;18527;44987;23545;21442;30
1434;Totaal over alle leeftijden;Mannen en vrouwen;Zuidoost-Zuid-Holland (CR);2018;400904;323118;31998;13277;18721;45788;23820;21968;30
1435;Totaal over alle leeftijden;Mannen en vrouwen;Zuidoost-Zuid-Holland (CR);2019;401735;322917;32282;13352;18930;46536;24055;22481;30
1436;Totaal over alle leeftijden;Mannen en vrouwen;Zuidoost-Zuid-Holland (CR);2020;402496;322464;32652;13498;19154;47380;24386;22994;30
1437;Totaal over alle leeftijden;Mannen en vrouwen;Zuidoost-Zuid-Holland (CR);2021;403350;322175;33070;13615;19455;48105;24640;23465;30
1438;Totaal over alle leeftijden;Mannen en vrouwen;Zuidoost-Zuid-Holland (CR);2022;404179;321877;33454;13749;19705;48848;24893;23955;30
1439;Totaal over alle leeftijden;Mannen en vrouwen;Zuidoost-Zuid-Holland (CR);2023;404907;321262;33912;13969;19943;49733;25235;24498;30
1440;Totaal over alle leeftijden;Mannen en vrouwen;Zuidoost-Zuid-Holland (CR);2024;405766;321029;34310;14126;20184;50427;25424;25003;30
1441;Totaal over alle leeftijden;Mannen en vrouwen;Zuidoost-Zuid-Holland (CR);2025;406150;320413;34532;14198;20334;51205;25766;25439;30
1442;Totaal over alle leeftijden;Mannen en vrouwen;Zuidoost-Zuid-Holland (CR);2026;407142;320140;34920;14397;20523;52082;26117;25965;30
1443;Totaal over alle leeftijden;Mannen en vrouwen;Zuidoost-Zuid-Holland (CR);2027;407759;319591;35410;14611;20799;52758;26288;26470;30
1444;Totaal over alle leeftijden;Mannen en vrouwen;Zuidoost-Zuid-Holland (CR);2028;408129;318915;35641;14664;20977;53573;26523;27050;30
1445;Totaal over alle leeftijden;Mannen en vrouwen;Zuidoost-Zuid-Holland (CR);2029;408505;318266;35941;14785;21156;54298;26779;27519;30
1446;Totaal over alle leeftijden;Mannen en vrouwen;Zuidoost-Zuid-Holland (CR);2030;408945;317699;36217;14944;21273;55029;27010;28019;30
1447;Totaal over alle leeftijden;Mannen en vrouwen;Zuidoost-Zuid-Holland (CR);2031;409106;316920;36460;15040;21420;55726;27150;28576;30
1448;Totaal over alle leeftijden;Mannen en vrouwen;Zuidoost-Zuid-Holland (CR);2032;409251;316184;36747;15200;21547;56320;27265;29055;30
1449;Totaal over alle leeftijden;Mannen en vrouwen;Zuidoost-Zuid-Holland (CR);2033;409260;315246;37055;15377;21678;56959;27433;29526;30
1450;Totaal over alle leeftijden;Mannen en vrouwen;Zuidoost-Zuid-Holland (CR);2034;408930;314028;37259;15472;21787;57643;27594;30049;30
1451;Totaal over alle leeftijden;Mannen en vrouwen;Zuidoost-Zuid-Holland (CR);2035;408309;312647;37496;15572;21924;58166;27736;30430;30
1452;Totaal over alle leeftijden;Mannen en vrouwen;Zuidoost-Zuid-Holland (CR);2036;407518;311117;37691;15666;22025;58710;27973;30737;30
1453;Totaal over alle leeftijden;Mannen en vrouwen;Zuidoost-Zuid-Holland (CR);2037;406862;309706;37840;15812;22028;59316;28116;31200;30
1454;Totaal over alle leeftijden;Mannen en vrouwen;Zuidoost-Zuid-Holland (CR);2038;405716;307946;37969;15867;22102;59801;28269;31532;30
1455;Totaal over alle leeftijden;Mannen en vrouwen;Zuidoost-Zuid-Holland (CR);2039;404511;306082;38129;15906;22223;60300;28330;31970;30
1456;Totaal over alle leeftijden;Mannen en vrouwen;Zuidoost-Zuid-Holland (CR);2040;403460;304323;38243;15990;22253;60894;28476;32418;30
1457;Totaal over alle leeftijden;Mannen en vrouwen;Zeeuwsch-Vlaanderen (CR);2010;106787;82820;19063;9572;9491;4904;2703;2201;31
1458;Totaal over alle leeftijden;Mannen en vrouwen;Zeeuwsch-Vlaanderen (CR);2011;106463;82492;18753;9399;9354;5218;2851;2367;31
1459;Totaal over alle leeftijden;Mannen en vrouwen;Zeeuwsch-Vlaanderen (CR);2012;106191;82177;18536;9281;9255;5478;2966;2512;31
1460;Totaal over alle leeftijden;Mannen en vrouwen;Zeeuwsch-Vlaanderen (CR);2013;105786;81763;18295;9143;9152;5728;3073;2655;31
1461;Totaal over alle leeftijden;Mannen en vrouwen;Zeeuwsch-Vlaanderen (CR);2014;105318;81341;18013;8991;9022;5964;3162;2802;31
1462;Totaal over alle leeftijden;Mannen en vrouwen;Zeeuwsch-Vlaanderen (CR);2015;105099;81107;17731;8824;8907;6261;3268;2993;31
1463;Totaal over alle leeftijden;Mannen en vrouwen;Zeeuwsch-Vlaanderen (CR);2016;104916;80881;17496;8691;8805;6539;3367;3172;31
1464;Totaal over alle leeftijden;Mannen en vrouwen;Zeeuwsch-Vlaanderen (CR);2017;104516;80464;17229;8534;8695;6823;3487;3336;31
1465;Totaal over alle leeftijden;Mannen en vrouwen;Zeeuwsch-Vlaanderen (CR);2018;104316;80156;17014;8427;8587;7146;3611;3535;31
1466;Totaal over alle leeftijden;Mannen en vrouwen;Zeeuwsch-Vlaanderen (CR);2019;103968;79736;16793;8316;8477;7439;3756;3683;31
1467;Totaal over alle leeftijden;Mannen en vrouwen;Zeeuwsch-Vlaanderen (CR);2020;103461;79169;16617;8235;8382;7675;3860;3815;31
1468;Totaal over alle leeftijden;Mannen en vrouwen;Zeeuwsch-Vlaanderen (CR);2021;102966;78647;16389;8087;8302;7930;3950;3980;31
1469;Totaal over alle leeftijden;Mannen en vrouwen;Zeeuwsch-Vlaanderen (CR);2022;102673;78271;16208;7973;8235;8194;4008;4186;31
1470;Totaal over alle leeftijden;Mannen en vrouwen;Zeeuwsch-Vlaanderen (CR);2023;102262;77840;15998;7862;8136;8424;4107;4317;31
1471;Totaal over alle leeftijden;Mannen en vrouwen;Zeeuwsch-Vlaanderen (CR);2024;101800;77400;15776;7752;8024;8624;4222;4402;31
1472;Totaal over alle leeftijden;Mannen en vrouwen;Zeeuwsch-Vlaanderen (CR);2025;101441;77015;15617;7652;7965;8809;4277;4532;31
1473;Totaal over alle leeftijden;Mannen en vrouwen;Zeeuwsch-Vlaanderen (CR);2026;101059;76595;15438;7537;7901;9026;4350;4676;31
1474;Totaal over alle leeftijden;Mannen en vrouwen;Zeeuwsch-Vlaanderen (CR);2027;100550;76074;15272;7451;7821;9204;4447;4757;31
1475;Totaal over alle leeftijden;Mannen en vrouwen;Zeeuwsch-Vlaanderen (CR);2028;100067;75589;15088;7332;7756;9390;4505;4885;31
1476;Totaal over alle leeftijden;Mannen en vrouwen;Zeeuwsch-Vlaanderen (CR);2029;99713;75209;14906;7224;7682;9598;4603;4995;31
1477;Totaal over alle leeftijden;Mannen en vrouwen;Zeeuwsch-Vlaanderen (CR);2030;99266;74671;14756;7122;7634;9839;4723;5116;31
1478;Totaal over alle leeftijden;Mannen en vrouwen;Zeeuwsch-Vlaanderen (CR);2031;98838;74207;14617;7047;7570;10014;4770;5244;31
1479;Totaal over alle leeftijden;Mannen en vrouwen;Zeeuwsch-Vlaanderen (CR);2032;98389;73739;14466;6979;7487;10184;4885;5299;31
1480;Totaal over alle leeftijden;Mannen en vrouwen;Zeeuwsch-Vlaanderen (CR);2033;97955;73208;14355;6905;7450;10392;4981;5411;31
1481;Totaal over alle leeftijden;Mannen en vrouwen;Zeeuwsch-Vlaanderen (CR);2034;97633;72809;14249;6832;7417;10575;5028;5547;31
1482;Totaal over alle leeftijden;Mannen en vrouwen;Zeeuwsch-Vlaanderen (CR);2035;97099;72244;14140;6758;7382;10715;5034;5681;31
1483;Totaal over alle leeftijden;Mannen en vrouwen;Zeeuwsch-Vlaanderen (CR);2036;96537;71596;14068;6729;7339;10873;5084;5789;31
1484;Totaal over alle leeftijden;Mannen en vrouwen;Zeeuwsch-Vlaanderen (CR);2037;96059;71010;14001;6702;7299;11048;5180;5868;31
1485;Totaal over alle leeftijden;Mannen en vrouwen;Zeeuwsch-Vlaanderen (CR);2038;95585;70460;13875;6655;7220;11250;5231;6019;31
1486;Totaal over alle leeftijden;Mannen en vrouwen;Zeeuwsch-Vlaanderen (CR);2039;95168;69988;13774;6589;7185;11406;5312;6094;31
1487;Totaal over alle leeftijden;Mannen en vrouwen;Zeeuwsch-Vlaanderen (CR);2040;94759;69521;13636;6522;7114;11602;5365;6237;31
1488;Totaal over alle leeftijden;Mannen en vrouwen;Overig Zeeland (CR);2010;274616;238364;21337;9435;11902;14915;8349;6566;32
1489;Totaal over alle leeftijden;Mannen en vrouwen;Overig Zeeland (CR);2011;274870;237447;21747;9628;12119;15676;8601;7075;32
1490;Totaal over alle leeftijden;Mannen en vrouwen;Overig Zeeland (CR);2012;275018;236496;22167;9815;12352;16355;8808;7547;32
1491;Totaal over alle leeftijden;Mannen en vrouwen;Overig Zeeland (CR);2013;275279;235643;22538;9991;12547;17098;9034;8064;32
1492;Totaal over alle leeftijden;Mannen en vrouwen;Overig Zeeland (CR);2014;275515;234754;22920;10196;12724;17841;9330;8511;32
1493;Totaal over alle leeftijden;Mannen en vrouwen;Overig Zeeland (CR);2015;275821;233881;23370;10365;13005;18570;9654;8916;32
1494;Totaal over alle leeftijden;Mannen en vrouwen;Overig Zeeland (CR);2016;276217;233148;23714;10478;13236;19355;9944;9411;32
1495;Totaal over alle leeftijden;Mannen en vrouwen;Overig Zeeland (CR);2017;276419;232241;24093;10607;13486;20085;10269;9816;32
1496;Totaal over alle leeftijden;Mannen en vrouwen;Overig Zeeland (CR);2018;276537;231292;24481;10751;13730;20764;10552;10212;32
1497;Totaal over alle leeftijden;Mannen en vrouwen;Overig Zeeland (CR);2019;276711;230212;24913;10962;13951;21586;10890;10696;32
1498;Totaal over alle leeftijden;Mannen en vrouwen;Overig Zeeland (CR);2020;277022;229317;25322;11168;14154;22383;11198;11185;32
1499;Totaal over alle leeftijden;Mannen en vrouwen;Overig Zeeland (CR);2021;277225;228382;25716;11341;14375;23127;11537;11590;32
1500;Totaal over alle leeftijden;Mannen en vrouwen;Overig Zeeland (CR);2022;277349;227308;26166;11508;14658;23875;11825;12050;32
1501;Totaal over alle leeftijden;Mannen en vrouwen;Overig Zeeland (CR);2023;277444;226379;26547;11686;14861;24518;12131;12387;32
1502;Totaal over alle leeftijden;Mannen en vrouwen;Overig Zeeland (CR);2024;277652;225422;26962;11856;15106;25268;12466;12802;32
1503;Totaal over alle leeftijden;Mannen en vrouwen;Overig Zeeland (CR);2025;277686;224428;27300;11996;15304;25958;12796;13162;32
1504;Totaal over alle leeftijden;Mannen en vrouwen;Overig Zeeland (CR);2026;277779;223450;27695;12238;15457;26634;13065;13569;32
1505;Totaal over alle leeftijden;Mannen en vrouwen;Overig Zeeland (CR);2027;277981;222567;28043;12426;15617;27371;13342;14029;32
1506;Totaal over alle leeftijden;Mannen en vrouwen;Overig Zeeland (CR);2028;278096;221580;28479;12657;15822;28037;13656;14381;32
1507;Totaal over alle leeftijden;Mannen en vrouwen;Overig Zeeland (CR);2029;278159;220667;28828;12840;15988;28664;13912;14752;32
1508;Totaal over alle leeftijden;Mannen en vrouwen;Overig Zeeland (CR);2030;278179;219754;29176;13005;16171;29249;14158;15091;32
1509;Totaal over alle leeftijden;Mannen en vrouwen;Overig Zeeland (CR);2031;278157;218790;29436;13173;16263;29931;14459;15472;32
1510;Totaal over alle leeftijden;Mannen en vrouwen;Overig Zeeland (CR);2032;278019;217677;29794;13348;16446;30548;14667;15881;32
1511;Totaal over alle leeftijden;Mannen en vrouwen;Overig Zeeland (CR);2033;277804;216669;30042;13468;16574;31093;14932;16161;32
1512;Totaal over alle leeftijden;Mannen en vrouwen;Overig Zeeland (CR);2034;277622;215516;30433;13662;16771;31673;15099;16574;32
1513;Totaal over alle leeftijden;Mannen en vrouwen;Overig Zeeland (CR);2035;277334;214391;30693;13824;16869;32250;15303;16947;32
1514;Totaal over alle leeftijden;Mannen en vrouwen;Overig Zeeland (CR);2036;276891;213089;30958;13992;16966;32844;15593;17251;32
1515;Totaal over alle leeftijden;Mannen en vrouwen;Overig Zeeland (CR);2037;276544;211856;31271;14158;17113;33417;15842;17575;32
1516;Totaal over alle leeftijden;Mannen en vrouwen;Overig Zeeland (CR);2038;276078;210553;31620;14410;17210;33905;16005;17900;32
1517;Totaal over alle leeftijden;Mannen en vrouwen;Overig Zeeland (CR);2039;275505;209239;31885;14546;17339;34381;16208;18173;32
1518;Totaal over alle leeftijden;Mannen en vrouwen;Overig Zeeland (CR);2040;274937;207939;32132;14667;17465;34866;16424;18442;32
1519;Totaal over alle leeftijden;Mannen en vrouwen;West-Noord-Brabant (CR);2010;610463;504060;54548;22982;31566;51855;28230;23625;33
1520;Totaal over alle leeftijden;Mannen en vrouwen;West-Noord-Brabant (CR);2011;610756;502347;55509;23744;31765;52900;28647;24253;33
1521;Totaal over alle leeftijden;Mannen en vrouwen;West-Noord-Brabant (CR);2012;611046;500762;56284;24334;31950;54000;29110;24890;33
1522;Totaal over alle leeftijden;Mannen en vrouwen;West-Noord-Brabant (CR);2013;611228;499282;56894;24796;32098;55052;29619;25433;33
1523;Totaal over alle leeftijden;Mannen en vrouwen;West-Noord-Brabant (CR);2014;611537;497911;57528;25233;32295;56098;30033;26065;33
1524;Totaal over alle leeftijden;Mannen en vrouwen;West-Noord-Brabant (CR);2015;612492;496895;58294;25695;32599;57303;30613;26690;33
1525;Totaal over alle leeftijden;Mannen en vrouwen;West-Noord-Brabant (CR);2016;613462;495914;59072;26101;32971;58476;31231;27245;33
1526;Totaal over alle leeftijden;Mannen en vrouwen;West-Noord-Brabant (CR);2017;614847;495043;60023;26728;33295;59781;31782;27999;33
1527;Totaal over alle leeftijden;Mannen en vrouwen;West-Noord-Brabant (CR);2018;616269;494268;60948;27323;33625;61053;32388;28665;33
1528;Totaal over alle leeftijden;Mannen en vrouwen;West-Noord-Brabant (CR);2019;617901;493638;61833;27836;33997;62430;32938;29492;33
1529;Totaal over alle leeftijden;Mannen en vrouwen;West-Noord-Brabant (CR);2020;619364;492950;62775;28394;34381;63639;33545;30094;33
1530;Totaal over alle leeftijden;Mannen en vrouwen;West-Noord-Brabant (CR);2021;621025;492293;63738;28956;34782;64994;34154;30840;33
1531;Totaal over alle leeftijden;Mannen en vrouwen;West-Noord-Brabant (CR);2022;622838;491883;64599;29548;35051;66356;34754;31602;33
1532;Totaal over alle leeftijden;Mannen en vrouwen;West-Noord-Brabant (CR);2023;624618;491494;65513;30116;35397;67611;35331;32280;33
1533;Totaal over alle leeftijden;Mannen en vrouwen;West-Noord-Brabant (CR);2024;626563;491068;66477;30674;35803;69018;35967;33051;33
1534;Totaal over alle leeftijden;Mannen en vrouwen;West-Noord-Brabant (CR);2025;628266;490579;67352;31165;36187;70335;36593;33742;33
1535;Totaal over alle leeftijden;Mannen en vrouwen;West-Noord-Brabant (CR);2026;630165;490236;68247;31691;36556;71682;37224;34458;33
1536;Totaal over alle leeftijden;Mannen en vrouwen;West-Noord-Brabant (CR);2027;631796;489799;69044;32170;36874;72953;37734;35219;33
1537;Totaal over alle leeftijden;Mannen en vrouwen;West-Noord-Brabant (CR);2028;633445;489215;70025;32736;37289;74205;38290;35915;33
1538;Totaal over alle leeftijden;Mannen en vrouwen;West-Noord-Brabant (CR);2029;634538;488518;70563;33131;37432;75457;38778;36679;33
1539;Totaal over alle leeftijden;Mannen en vrouwen;West-Noord-Brabant (CR);2030;635745;487537;71321;33645;37676;76887;39328;37559;33
1540;Totaal over alle leeftijden;Mannen en vrouwen;West-Noord-Brabant (CR);2031;636490;486434;72158;34274;37884;77898;39767;38131;33
1541;Totaal over alle leeftijden;Mannen en vrouwen;West-Noord-Brabant (CR);2032;637286;485312;72887;34773;38114;79087;40264;38823;33
1542;Totaal over alle leeftijden;Mannen en vrouwen;West-Noord-Brabant (CR);2033;638120;484124;73609;35218;38391;80387;40841;39546;33
1543;Totaal over alle leeftijden;Mannen en vrouwen;West-Noord-Brabant (CR);2034;638697;482828;74312;35732;38580;81557;41377;40180;33
1544;Totaal over alle leeftijden;Mannen en vrouwen;West-Noord-Brabant (CR);2035;638888;481285;74930;36135;38795;82673;41834;40839;33
1545;Totaal over alle leeftijden;Mannen en vrouwen;West-Noord-Brabant (CR);2036;638967;479664;75585;36541;39044;83718;42177;41541;33
1546;Totaal over alle leeftijden;Mannen en vrouwen;West-Noord-Brabant (CR);2037;638786;477897;76259;36998;39261;84630;42480;42150;33
1547;Totaal over alle leeftijden;Mannen en vrouwen;West-Noord-Brabant (CR);2038;638646;476195;76809;37420;39389;85642;42844;42798;33
1548;Totaal over alle leeftijden;Mannen en vrouwen;West-Noord-Brabant (CR);2039;638206;474176;77417;37813;39604;86613;43183;43430;33
1549;Totaal over alle leeftijden;Mannen en vrouwen;West-Noord-Brabant (CR);2040;637456;471926;78000;38263;39737;87530;43503;44027;33
1550;Totaal over alle leeftijden;Mannen en vrouwen;Midden-Noord-Brabant (CR);2010;458600;384075;34640;14227;20413;39885;22850;17035;34
1551;Totaal over alle leeftijden;Mannen en vrouwen;Midden-Noord-Brabant (CR);2011;459883;383813;35226;14672;20554;40844;23267;17577;34
1552;Totaal over alle leeftijden;Mannen en vrouwen;Midden-Noord-Brabant (CR);2012;461436;383919;35717;15058;20659;41800;23624;18176;34
1553;Totaal over alle leeftijden;Mannen en vrouwen;Midden-Noord-Brabant (CR);2013;462712;383912;36220;15470;20750;42580;23887;18693;34
1554;Totaal over alle leeftijden;Mannen en vrouwen;Midden-Noord-Brabant (CR);2014;464133;383853;36810;15868;20942;43470;24254;19216;34
1555;Totaal over alle leeftijden;Mannen en vrouwen;Midden-Noord-Brabant (CR);2015;465404;383765;37231;16112;21119;44408;24637;19771;34
1556;Totaal over alle leeftijden;Mannen en vrouwen;Midden-Noord-Brabant (CR);2016;466621;383443;37668;16412;21256;45510;25078;20432;34
1557;Totaal over alle leeftijden;Mannen en vrouwen;Midden-Noord-Brabant (CR);2017;468278;383736;38133;16702;21431;46409;25434;20975;34
1558;Totaal over alle leeftijden;Mannen en vrouwen;Midden-Noord-Brabant (CR);2018;469844;383803;38624;17011;21613;47417;25858;21559;34
1559;Totaal over alle leeftijden;Mannen en vrouwen;Midden-Noord-Brabant (CR);2019;471803;384084;39248;17365;21883;48471;26331;22140;34
1560;Totaal over alle leeftijden;Mannen en vrouwen;Midden-Noord-Brabant (CR);2020;473511;384186;39809;17673;22136;49516;26806;22710;34
1561;Totaal over alle leeftijden;Mannen en vrouwen;Midden-Noord-Brabant (CR);2021;475455;384394;40449;18014;22435;50612;27225;23387;34
1562;Totaal over alle leeftijden;Mannen en vrouwen;Midden-Noord-Brabant (CR);2022;477194;384475;40886;18287;22599;51833;27823;24010;34
1563;Totaal over alle leeftijden;Mannen en vrouwen;Midden-Noord-Brabant (CR);2023;479055;384734;41498;18668;22830;52823;28204;24619;34
1564;Totaal over alle leeftijden;Mannen en vrouwen;Midden-Noord-Brabant (CR);2024;480902;384996;41971;18930;23041;53935;28670;25265;34
1565;Totaal over alle leeftijden;Mannen en vrouwen;Midden-Noord-Brabant (CR);2025;482743;385103;42554;19273;23281;55086;29163;25923;34
1566;Totaal over alle leeftijden;Mannen en vrouwen;Midden-Noord-Brabant (CR);2026;484415;385160;43120;19592;23528;56135;29628;26507;34
1567;Totaal over alle leeftijden;Mannen en vrouwen;Midden-Noord-Brabant (CR);2027;486305;385348;43708;19956;23752;57249;30057;27192;34
1568;Totaal over alle leeftijden;Mannen en vrouwen;Midden-Noord-Brabant (CR);2028;488181;385579;44231;20252;23979;58371;30507;27864;34
1569;Totaal over alle leeftijden;Mannen en vrouwen;Midden-Noord-Brabant (CR);2029;490043;385765;44793;20529;24264;59485;30983;28502;34
1570;Totaal over alle leeftijden;Mannen en vrouwen;Midden-Noord-Brabant (CR);2030;491776;385864;45388;20859;24529;60524;31311;29213;34
1571;Totaal over alle leeftijden;Mannen en vrouwen;Midden-Noord-Brabant (CR);2031;493290;385769;45933;21149;24784;61588;31693;29895;34
1572;Totaal over alle leeftijden;Mannen en vrouwen;Midden-Noord-Brabant (CR);2032;494699;385574;46553;21474;25079;62572;32016;30556;34
1573;Totaal over alle leeftijden;Mannen en vrouwen;Midden-Noord-Brabant (CR);2033;495852;385149;47129;21803;25326;63574;32299;31275;34
1574;Totaal over alle leeftijden;Mannen en vrouwen;Midden-Noord-Brabant (CR);2034;496890;384587;47753;22142;25611;64550;32687;31863;34
1575;Totaal over alle leeftijden;Mannen en vrouwen;Midden-Noord-Brabant (CR);2035;497763;383833;48275;22416;25859;65655;33022;32633;34
1576;Totaal over alle leeftijden;Mannen en vrouwen;Midden-Noord-Brabant (CR);2036;498492;383073;48785;22736;26049;66634;33412;33222;34
1577;Totaal over alle leeftijden;Mannen en vrouwen;Midden-Noord-Brabant (CR);2037;498851;382012;49331;23018;26313;67508;33749;33759;34
1578;Totaal over alle leeftijden;Mannen en vrouwen;Midden-Noord-Brabant (CR);2038;499030;380843;49879;23319;26560;68308;34059;34249;34
1579;Totaal over alle leeftijden;Mannen en vrouwen;Midden-Noord-Brabant (CR);2039;499106;379452;50546;23706;26840;69108;34318;34790;34
1580;Totaal over alle leeftijden;Mannen en vrouwen;Midden-Noord-Brabant (CR);2040;498848;377997;50999;23960;27039;69852;34550;35302;34
1581;Totaal over alle leeftijden;Mannen en vrouwen;Noordoost-Noord-Brabant (CR);2010;634130;549242;43850;17188;26662;41038;22821;18217;35
1582;Totaal over alle leeftijden;Mannen en vrouwen;Noordoost-Noord-Brabant (CR);2011;635300;548741;44312;17545;26767;42247;23329;18918;35
1583;Totaal over alle leeftijden;Mannen en vrouwen;Noordoost-Noord-Brabant (CR);2012;635999;547803;44747;17851;26896;43449;23876;19573;35
1584;Totaal over alle leeftijden;Mannen en vrouwen;Noordoost-Noord-Brabant (CR);2013;637113;547368;45196;18161;27035;44549;24322;20227;35
1585;Totaal over alle leeftijden;Mannen en vrouwen;Noordoost-Noord-Brabant (CR);2014;638201;546671;45674;18457;27217;45856;24922;20934;35
1586;Totaal over alle leeftijden;Mannen en vrouwen;Noordoost-Noord-Brabant (CR);2015;639258;545886;46155;18763;27392;47217;25561;21656;35
1587;Totaal over alle leeftijden;Mannen en vrouwen;Noordoost-Noord-Brabant (CR);2016;641193;545911;46611;19053;27558;48671;26323;22348;35
1588;Totaal over alle leeftijden;Mannen en vrouwen;Noordoost-Noord-Brabant (CR);2017;642594;545423;47117;19339;27778;50054;26970;23084;35
1589;Totaal over alle leeftijden;Mannen en vrouwen;Noordoost-Noord-Brabant (CR);2018;643684;544700;47622;19589;28033;51362;27633;23729;35
1590;Totaal over alle leeftijden;Mannen en vrouwen;Noordoost-Noord-Brabant (CR);2019;645083;544085;48282;19983;28299;52716;28280;24436;35
1591;Totaal over alle leeftijden;Mannen en vrouwen;Noordoost-Noord-Brabant (CR);2020;646646;543584;48824;20348;28476;54238;29073;25165;35
1592;Totaal over alle leeftijden;Mannen en vrouwen;Noordoost-Noord-Brabant (CR);2021;647837;542801;49424;20732;28692;55612;29694;25918;35
1593;Totaal over alle leeftijden;Mannen en vrouwen;Noordoost-Noord-Brabant (CR);2022;649297;542144;50028;21174;28854;57125;30397;26728;35
1594;Totaal over alle leeftijden;Mannen en vrouwen;Noordoost-Noord-Brabant (CR);2023;650744;541668;50678;21550;29128;58398;30900;27498;35
1595;Totaal over alle leeftijden;Mannen en vrouwen;Noordoost-Noord-Brabant (CR);2024;651935;541012;51172;21893;29279;59751;31559;28192;35
1596;Totaal over alle leeftijden;Mannen en vrouwen;Noordoost-Noord-Brabant (CR);2025;653548;540723;51772;22293;29479;61053;32124;28929;35
1597;Totaal over alle leeftijden;Mannen en vrouwen;Noordoost-Noord-Brabant (CR);2026;654500;539907;52217;22542;29675;62376;32785;29591;35
1598;Totaal over alle leeftijden;Mannen en vrouwen;Noordoost-Noord-Brabant (CR);2027;655631;539259;52644;22788;29856;63728;33419;30309;35
1599;Totaal over alle leeftijden;Mannen en vrouwen;Noordoost-Noord-Brabant (CR);2028;656909;538872;53151;23229;29922;64886;33894;30992;35
1600;Totaal over alle leeftijden;Mannen en vrouwen;Noordoost-Noord-Brabant (CR);2029;658020;538049;53714;23637;30077;66257;34472;31785;35
1601;Totaal over alle leeftijden;Mannen en vrouwen;Noordoost-Noord-Brabant (CR);2030;658992;537211;54245;23941;30304;67536;34948;32588;35
1602;Totaal over alle leeftijden;Mannen en vrouwen;Noordoost-Noord-Brabant (CR);2031;659610;536203;54660;24205;30455;68747;35443;33304;35
1603;Totaal over alle leeftijden;Mannen en vrouwen;Noordoost-Noord-Brabant (CR);2032;660059;535064;55092;24471;30621;69903;35863;34040;35
1604;Totaal over alle leeftijden;Mannen en vrouwen;Noordoost-Noord-Brabant (CR);2033;660638;533940;55548;24726;30822;71150;36294;34856;35
1605;Totaal over alle leeftijden;Mannen en vrouwen;Noordoost-Noord-Brabant (CR);2034;660743;532530;55907;25000;30907;72306;36677;35629;35
1606;Totaal over alle leeftijden;Mannen en vrouwen;Noordoost-Noord-Brabant (CR);2035;660789;530857;56386;25285;31101;73546;37136;36410;35
1607;Totaal over alle leeftijden;Mannen en vrouwen;Noordoost-Noord-Brabant (CR);2036;660771;529344;56804;25535;31269;74623;37482;37141;35
1608;Totaal over alle leeftijden;Mannen en vrouwen;Noordoost-Noord-Brabant (CR);2037;660599;527599;57214;25764;31450;75786;37870;37916;35
1609;Totaal over alle leeftijden;Mannen en vrouwen;Noordoost-Noord-Brabant (CR);2038;659852;525497;57622;26005;31617;76733;38170;38563;35
1610;Totaal over alle leeftijden;Mannen en vrouwen;Noordoost-Noord-Brabant (CR);2039;659078;523355;57922;26290;31632;77801;38574;39227;35
1611;Totaal over alle leeftijden;Mannen en vrouwen;Noordoost-Noord-Brabant (CR);2040;658254;521008;58330;26523;31807;78916;38901;40015;35
1612;Totaal over alle leeftijden;Mannen en vrouwen;Zuidoost-Noord-Brabant (CR);2010;736342;611132;67038;27959;39079;58172;33430;24742;36
1613;Totaal over alle leeftijden;Mannen en vrouwen;Zuidoost-Noord-Brabant (CR);2011;738712;611388;67750;28604;39146;59574;33971;25603;36
1614;Totaal over alle leeftijden;Mannen en vrouwen;Zuidoost-Noord-Brabant (CR);2012;741018;611479;68466;29202;39264;61073;34478;26595;36
1615;Totaal over alle leeftijden;Mannen en vrouwen;Zuidoost-Noord-Brabant (CR);2013;743628;612039;69107;29718;39389;62482;35033;27449;36
1616;Totaal over alle leeftijden;Mannen en vrouwen;Zuidoost-Noord-Brabant (CR);2014;746274;612511;69787;30256;39531;63976;35647;28329;36
1617;Totaal over alle leeftijden;Mannen en vrouwen;Zuidoost-Noord-Brabant (CR);2015;748747;612937;70270;30632;39638;65540;36312;29228;36
1618;Totaal over alle leeftijden;Mannen en vrouwen;Zuidoost-Noord-Brabant (CR);2016;751013;612916;70899;31082;39817;67198;37018;30180;36
1619;Totaal over alle leeftijden;Mannen en vrouwen;Zuidoost-Noord-Brabant (CR);2017;752940;612592;71384;31476;39908;68964;37719;31245;36
1620;Totaal over alle leeftijden;Mannen en vrouwen;Zuidoost-Noord-Brabant (CR);2018;755237;612627;71938;32015;39923;70672;38470;32202;36
1621;Totaal over alle leeftijden;Mannen en vrouwen;Zuidoost-Noord-Brabant (CR);2019;757240;612705;72370;32384;39986;72165;39107;33058;36
1622;Totaal over alle leeftijden;Mannen en vrouwen;Zuidoost-Noord-Brabant (CR);2020;758919;612174;72975;32852;40123;73770;39924;33846;36
1623;Totaal over alle leeftijden;Mannen en vrouwen;Zuidoost-Noord-Brabant (CR);2021;760328;611586;73380;33240;40140;75362;40687;34675;36
1624;Totaal over alle leeftijden;Mannen en vrouwen;Zuidoost-Noord-Brabant (CR);2022;762248;611356;73971;33664;40307;76921;41371;35550;36
1625;Totaal over alle leeftijden;Mannen en vrouwen;Zuidoost-Noord-Brabant (CR);2023;763951;610894;74474;34089;40385;78583;42180;36403;36
1626;Totaal over alle leeftijden;Mannen en vrouwen;Zuidoost-Noord-Brabant (CR);2024;765336;610229;75000;34549;40451;80107;42804;37303;36
1627;Totaal over alle leeftijden;Mannen en vrouwen;Zuidoost-Noord-Brabant (CR);2025;766761;609394;75643;35053;40590;81724;43570;38154;36
1628;Totaal over alle leeftijden;Mannen en vrouwen;Zuidoost-Noord-Brabant (CR);2026;768074;608640;76129;35474;40655;83305;44243;39062;36
1629;Totaal over alle leeftijden;Mannen en vrouwen;Zuidoost-Noord-Brabant (CR);2027;769354;607802;76767;36016;40751;84785;44804;39981;36
1630;Totaal over alle leeftijden;Mannen en vrouwen;Zuidoost-Noord-Brabant (CR);2028;770355;606623;77266;36441;40825;86466;45423;41043;36
1631;Totaal over alle leeftijden;Mannen en vrouwen;Zuidoost-Noord-Brabant (CR);2029;771128;605466;77761;36852;40909;87901;46020;41881;36
1632;Totaal over alle leeftijden;Mannen en vrouwen;Zuidoost-Noord-Brabant (CR);2030;771928;604299;78258;37270;40988;89371;46606;42765;36
1633;Totaal over alle leeftijden;Mannen en vrouwen;Zuidoost-Noord-Brabant (CR);2031;772526;602903;78663;37564;41099;90960;47213;43747;36
1634;Totaal over alle leeftijden;Mannen en vrouwen;Zuidoost-Noord-Brabant (CR);2032;773354;601541;79289;38046;41243;92524;47844;44680;36
1635;Totaal over alle leeftijden;Mannen en vrouwen;Zuidoost-Noord-Brabant (CR);2033;773666;600056;79810;38528;41282;93800;48210;45590;36
1636;Totaal over alle leeftijden;Mannen en vrouwen;Zuidoost-Noord-Brabant (CR);2034;773998;598592;80293;38952;41341;95113;48718;46395;36
1637;Totaal over alle leeftijden;Mannen en vrouwen;Zuidoost-Noord-Brabant (CR);2035;773646;596512;80657;39268;41389;96477;49216;47261;36
1638;Totaal over alle leeftijden;Mannen en vrouwen;Zuidoost-Noord-Brabant (CR);2036;773271;594137;81130;39631;41499;98004;49806;48198;36
1639;Totaal over alle leeftijden;Mannen en vrouwen;Zuidoost-Noord-Brabant (CR);2037;772860;591762;81698;39983;41715;99400;50384;49016;36
1640;Totaal over alle leeftijden;Mannen en vrouwen;Zuidoost-Noord-Brabant (CR);2038;772280;589477;82110;40351;41759;100693;50788;49905;36
1641;Totaal over alle leeftijden;Mannen en vrouwen;Zuidoost-Noord-Brabant (CR);2039;771676;587133;82596;40674;41922;101947;51107;50840;36
1642;Totaal over alle leeftijden;Mannen en vrouwen;Zuidoost-Noord-Brabant (CR);2040;770698;584421;83093;41004;42089;103184;51530;51654;36
1643;Totaal over alle leeftijden;Mannen en vrouwen;Noord-Limburg (CR);2010;278978;231306;28949;11025;17924;18723;10524;8199;37
1644;Totaal over alle leeftijden;Mannen en vrouwen;Noord-Limburg (CR);2011;278630;230483;28876;11014;17862;19271;10755;8516;37
1645;Totaal over alle leeftijden;Mannen en vrouwen;Noord-Limburg (CR);2012;278283;229819;28769;10997;17772;19695;10928;8767;37
1646;Totaal over alle leeftijden;Mannen en vrouwen;Noord-Limburg (CR);2013;277978;228926;28768;11052;17716;20284;11219;9065;37
1647;Totaal over alle leeftijden;Mannen en vrouwen;Noord-Limburg (CR);2014;278031;228464;28732;11051;17681;20835;11529;9306;37
1648;Totaal over alle leeftijden;Mannen en vrouwen;Noord-Limburg (CR);2015;277823;227747;28682;11033;17649;21394;11791;9603;37
1649;Totaal over alle leeftijden;Mannen en vrouwen;Noord-Limburg (CR);2016;278045;227405;28610;11028;17582;22030;12131;9899;37
1650;Totaal over alle leeftijden;Mannen en vrouwen;Noord-Limburg (CR);2017;278078;226870;28576;11064;17512;22632;12444;10188;37
1651;Totaal over alle leeftijden;Mannen en vrouwen;Noord-Limburg (CR);2018;278183;226513;28438;11037;17401;23232;12678;10554;37
1652;Totaal over alle leeftijden;Mannen en vrouwen;Noord-Limburg (CR);2019;278145;225976;28314;11002;17312;23855;12955;10900;37
1653;Totaal over alle leeftijden;Mannen en vrouwen;Noord-Limburg (CR);2020;278444;225614;28250;11050;17200;24580;13342;11238;37
1654;Totaal over alle leeftijden;Mannen en vrouwen;Noord-Limburg (CR);2021;278449;224973;28229;11090;17139;25247;13637;11610;37
1655;Totaal over alle leeftijden;Mannen en vrouwen;Noord-Limburg (CR);2022;278504;224433;28175;11109;17066;25896;13986;11910;37
1656;Totaal over alle leeftijden;Mannen en vrouwen;Noord-Limburg (CR);2023;278513;223953;28078;11126;16952;26482;14251;12231;37
1657;Totaal over alle leeftijden;Mannen en vrouwen;Noord-Limburg (CR);2024;278609;223434;27993;11156;16837;27182;14636;12546;37
1658;Totaal over alle leeftijden;Mannen en vrouwen;Noord-Limburg (CR);2025;278701;222916;27996;11217;16779;27789;14914;12875;37
1659;Totaal over alle leeftijden;Mannen en vrouwen;Noord-Limburg (CR);2026;279050;222592;28005;11256;16749;28453;15215;13238;37
1660;Totaal over alle leeftijden;Mannen en vrouwen;Noord-Limburg (CR);2027;279031;222170;27849;11208;16641;29012;15460;13552;37
1661;Totaal over alle leeftijden;Mannen en vrouwen;Noord-Limburg (CR);2028;279091;221688;27751;11201;16550;29652;15758;13894;37
1662;Totaal over alle leeftijden;Mannen en vrouwen;Noord-Limburg (CR);2029;279218;221211;27732;11265;16467;30275;16070;14205;37
1663;Totaal over alle leeftijden;Mannen en vrouwen;Noord-Limburg (CR);2030;279259;220678;27672;11238;16434;30909;16397;14512;37
1664;Totaal over alle leeftijden;Mannen en vrouwen;Noord-Limburg (CR);2031;279188;220099;27637;11274;16363;31452;16660;14792;37
1665;Totaal over alle leeftijden;Mannen en vrouwen;Noord-Limburg (CR);2032;279019;219387;27548;11291;16257;32084;16899;15185;37
1666;Totaal over alle leeftijden;Mannen en vrouwen;Noord-Limburg (CR);2033;278869;218637;27526;11310;16216;32706;17247;15459;37
1667;Totaal over alle leeftijden;Mannen en vrouwen;Noord-Limburg (CR);2034;278587;217880;27397;11280;16117;33310;17548;15762;37
1668;Totaal over alle leeftijden;Mannen en vrouwen;Noord-Limburg (CR);2035;278332;217179;27348;11223;16125;33805;17792;16013;37
1669;Totaal over alle leeftijden;Mannen en vrouwen;Noord-Limburg (CR);2036;277930;216298;27276;11223;16053;34356;17980;16376;37
1670;Totaal over alle leeftijden;Mannen en vrouwen;Noord-Limburg (CR);2037;277655;215484;27272;11271;16001;34899;18170;16729;37
1671;Totaal over alle leeftijden;Mannen en vrouwen;Noord-Limburg (CR);2038;277344;214533;27293;11282;16011;35518;18425;17093;37
1672;Totaal over alle leeftijden;Mannen en vrouwen;Noord-Limburg (CR);2039;276852;213501;27292;11301;15991;36059;18675;17384;37
1673;Totaal over alle leeftijden;Mannen en vrouwen;Noord-Limburg (CR);2040;276444;212547;27303;11311;15992;36594;18912;17682;37
1674;Totaal over alle leeftijden;Mannen en vrouwen;Midden-Limburg (CR);2010;232583;191565;26704;9848;16856;14314;8092;6222;38
1675;Totaal over alle leeftijden;Mannen en vrouwen;Midden-Limburg (CR);2011;231721;190529;26574;9932;16642;14618;8236;6382;38
1676;Totaal over alle leeftijden;Mannen en vrouwen;Midden-Limburg (CR);2012;230927;189584;26404;9954;16450;14939;8407;6532;38
1677;Totaal over alle leeftijden;Mannen en vrouwen;Midden-Limburg (CR);2013;230214;188544;26268;9983;16285;15402;8618;6784;38
1678;Totaal over alle leeftijden;Mannen en vrouwen;Midden-Limburg (CR);2014;229742;187743;26124;10020;16104;15875;8794;7081;38
1679;Totaal over alle leeftijden;Mannen en vrouwen;Midden-Limburg (CR);2015;228910;186607;25960;10031;15929;16343;9022;7321;38
1680;Totaal over alle leeftijden;Mannen en vrouwen;Midden-Limburg (CR);2016;228136;185620;25815;10053;15762;16701;9162;7539;38
1681;Totaal over alle leeftijden;Mannen en vrouwen;Midden-Limburg (CR);2017;227112;184459;25551;9955;15596;17102;9384;7718;38
1682;Totaal over alle leeftijden;Mannen en vrouwen;Midden-Limburg (CR);2018;226211;183337;25404;10005;15399;17470;9607;7863;38
1683;Totaal over alle leeftijden;Mannen en vrouwen;Midden-Limburg (CR);2019;225273;182205;25179;9990;15189;17889;9793;8096;38
1684;Totaal over alle leeftijden;Mannen en vrouwen;Midden-Limburg (CR);2020;224400;181201;24904;9908;14996;18295;9982;8313;38
1685;Totaal over alle leeftijden;Mannen en vrouwen;Midden-Limburg (CR);2021;223498;180022;24759;9921;14838;18717;10204;8513;38
1686;Totaal over alle leeftijden;Mannen en vrouwen;Midden-Limburg (CR);2022;222498;178862;24526;9938;14588;19110;10399;8711;38
1687;Totaal over alle leeftijden;Mannen en vrouwen;Midden-Limburg (CR);2023;221432;177540;24372;9937;14435;19520;10606;8914;38
1688;Totaal over alle leeftijden;Mannen en vrouwen;Midden-Limburg (CR);2024;220535;176487;24184;9948;14236;19864;10748;9116;38
1689;Totaal over alle leeftijden;Mannen en vrouwen;Midden-Limburg (CR);2025;219510;175298;24009;9922;14087;20203;10890;9313;38
1690;Totaal over alle leeftijden;Mannen en vrouwen;Midden-Limburg (CR);2026;218435;173905;23864;9932;13932;20666;11112;9554;38
1691;Totaal over alle leeftijden;Mannen en vrouwen;Midden-Limburg (CR);2027;217578;172711;23736;9958;13778;21131;11324;9807;38
1692;Totaal over alle leeftijden;Mannen en vrouwen;Midden-Limburg (CR);2028;216545;171604;23464;9913;13551;21477;11434;10043;38
1693;Totaal over alle leeftijden;Mannen en vrouwen;Midden-Limburg (CR);2029;215441;170322;23276;9907;13369;21843;11565;10278;38
1694;Totaal over alle leeftijden;Mannen en vrouwen;Midden-Limburg (CR);2030;214372;169182;23094;9910;13184;22096;11661;10435;38
1695;Totaal over alle leeftijden;Mannen en vrouwen;Midden-Limburg (CR);2031;213373;167961;22930;9862;13068;22482;11845;10637;38
1696;Totaal over alle leeftijden;Mannen en vrouwen;Midden-Limburg (CR);2032;212126;166615;22681;9797;12884;22830;11952;10878;38
1697;Totaal over alle leeftijden;Mannen en vrouwen;Midden-Limburg (CR);2033;210969;165325;22496;9772;12724;23148;12045;11103;38
1698;Totaal over alle leeftijden;Mannen en vrouwen;Midden-Limburg (CR);2034;209674;163993;22272;9746;12526;23409;12115;11294;38
1699;Totaal over alle leeftijden;Mannen en vrouwen;Midden-Limburg (CR);2035;208418;162622;22048;9670;12378;23748;12205;11543;38
1700;Totaal over alle leeftijden;Mannen en vrouwen;Midden-Limburg (CR);2036;207233;161213;21904;9651;12253;24116;12372;11744;38
1701;Totaal over alle leeftijden;Mannen en vrouwen;Midden-Limburg (CR);2037;205804;159668;21710;9559;12151;24426;12517;11909;38
1702;Totaal over alle leeftijden;Mannen en vrouwen;Midden-Limburg (CR);2038;204269;157915;21565;9495;12070;24789;12624;12165;38
1703;Totaal over alle leeftijden;Mannen en vrouwen;Midden-Limburg (CR);2039;202803;156369;21424;9455;11969;25010;12669;12341;38
1704;Totaal over alle leeftijden;Mannen en vrouwen;Midden-Limburg (CR);2040;201327;154643;21280;9465;11815;25404;12776;12628;38
1705;Totaal over alle leeftijden;Mannen en vrouwen;Zuid-Limburg (CR);2010;608261;475388;101088;36383;64705;31785;18940;12845;39
1706;Totaal over alle leeftijden;Mannen en vrouwen;Zuid-Limburg (CR);2011;606639;474147;99308;35821;63487;33184;19429;13755;39
1707;Totaal over alle leeftijden;Mannen en vrouwen;Zuid-Limburg (CR);2012;604923;472717;97608;35247;62361;34598;19978;14620;39
1708;Totaal over alle leeftijden;Mannen en vrouwen;Zuid-Limburg (CR);2013;603099;471247;95814;34554;61260;36038;20557;15481;39
1709;Totaal over alle leeftijden;Mannen en vrouwen;Zuid-Limburg (CR);2014;600994;469442;94074;33874;60200;37478;21098;16380;39
1710;Totaal over alle leeftijden;Mannen en vrouwen;Zuid-Limburg (CR);2015;599413;468247;92297;33233;59064;38869;21656;17213;39
1711;Totaal over alle leeftijden;Mannen en vrouwen;Zuid-Limburg (CR);2016;597675;466706;90623;32668;57955;40346;22247;18099;39
1712;Totaal over alle leeftijden;Mannen en vrouwen;Zuid-Limburg (CR);2017;596306;465359;89073;32123;56950;41874;22906;18968;39
1713;Totaal over alle leeftijden;Mannen en vrouwen;Zuid-Limburg (CR);2018;594771;463808;87655;31661;55994;43308;23412;19896;39
1714;Totaal over alle leeftijden;Mannen en vrouwen;Zuid-Limburg (CR);2019;593321;462271;86314;31283;55031;44736;24009;20727;39
1715;Totaal over alle leeftijden;Mannen en vrouwen;Zuid-Limburg (CR);2020;591944;460915;84912;30893;54019;46117;24616;21501;39
1716;Totaal over alle leeftijden;Mannen en vrouwen;Zuid-Limburg (CR);2021;590775;459514;83593;30476;53117;47668;25242;22426;39
1717;Totaal over alle leeftijden;Mannen en vrouwen;Zuid-Limburg (CR);2022;589516;458115;82287;30050;52237;49114;25830;23284;39
1718;Totaal over alle leeftijden;Mannen en vrouwen;Zuid-Limburg (CR);2023;587988;456528;80960;29718;51242;50500;26382;24118;39
1719;Totaal over alle leeftijden;Mannen en vrouwen;Zuid-Limburg (CR);2024;586660;455026;79781;29425;50356;51853;27002;24851;39
1720;Totaal over alle leeftijden;Mannen en vrouwen;Zuid-Limburg (CR);2025;585440;453583;78652;29166;49486;53205;27591;25614;39
1721;Totaal over alle leeftijden;Mannen en vrouwen;Zuid-Limburg (CR);2026;584100;451928;77557;28851;48706;54615;28090;26525;39
1722;Totaal over alle leeftijden;Mannen en vrouwen;Zuid-Limburg (CR);2027;582733;450299;76522;28648;47874;55912;28582;27330;39
1723;Totaal over alle leeftijden;Mannen en vrouwen;Zuid-Limburg (CR);2028;581200;448560;75438;28288;47150;57202;29160;28042;39
1724;Totaal over alle leeftijden;Mannen en vrouwen;Zuid-Limburg (CR);2029;579605;446811;74478;28072;46406;58316;29558;28758;39
1725;Totaal over alle leeftijden;Mannen en vrouwen;Zuid-Limburg (CR);2030;577812;444853;73537;27890;45647;59422;30010;29412;39
1726;Totaal over alle leeftijden;Mannen en vrouwen;Zuid-Limburg (CR);2031;576170;442894;72732;27723;45009;60544;30367;30177;39
1727;Totaal over alle leeftijden;Mannen en vrouwen;Zuid-Limburg (CR);2032;574384;440800;71882;27508;44374;61702;30728;30974;39
1728;Totaal over alle leeftijden;Mannen en vrouwen;Zuid-Limburg (CR);2033;572546;438550;71140;27403;43737;62856;31212;31644;39
1729;Totaal over alle leeftijden;Mannen en vrouwen;Zuid-Limburg (CR);2034;570702;436371;70548;27366;43182;63783;31449;32334;39
1730;Totaal over alle leeftijden;Mannen en vrouwen;Zuid-Limburg (CR);2035;568772;434043;69901;27316;42585;64828;31903;32925;39
1731;Totaal over alle leeftijden;Mannen en vrouwen;Zuid-Limburg (CR);2036;566760;431723;69170;27189;41981;65867;32289;33578;39
1732;Totaal over alle leeftijden;Mannen en vrouwen;Zuid-Limburg (CR);2037;564504;429029;68562;27065;41497;66913;32695;34218;39
1733;Totaal over alle leeftijden;Mannen en vrouwen;Zuid-Limburg (CR);2038;562390;426527;68073;27033;41040;67790;32976;34814;39
1734;Totaal over alle leeftijden;Mannen en vrouwen;Zuid-Limburg (CR);2039;560316;423889;67618;27036;40582;68809;33392;35417;39
1735;Totaal over alle leeftijden;Mannen en vrouwen;Zuid-Limburg (CR);2040;558148;421255;67188;27034;40154;69705;33661;36044;39
1736;Totaal over alle leeftijden;Mannen en vrouwen;Flevoland (CR);2010;384906;284541;31220;12788;18432;69145;38127;31018;40
1737;Totaal over alle leeftijden;Mannen en vrouwen;Flevoland (CR);2011;388140;286675;31387;13000;18387;70078;38373;31705;40
1738;Totaal over alle leeftijden;Mannen en vrouwen;Flevoland (CR);2012;391587;289145;31622;13116;18506;70820;38512;32308;40
1739;Totaal over alle leeftijden;Mannen en vrouwen;Flevoland (CR);2013;396844;292592;32194;13478;18716;72058;38967;33091;40
1740;Totaal over alle leeftijden;Mannen en vrouwen;Flevoland (CR);2014;403032;296659;32839;13836;19003;73534;39512;34022;40
1741;Totaal over alle leeftijden;Mannen en vrouwen;Flevoland (CR);2015;409639;300731;33544;14212;19332;75364;40280;35084;40
1742;Totaal over alle leeftijden;Mannen en vrouwen;Flevoland (CR);2016;415819;304529;34284;14606;19678;77006;41015;35991;40
1743;Totaal over alle leeftijden;Mannen en vrouwen;Flevoland (CR);2017;422073;308344;35055;14969;20086;78674;41854;36820;40
1744;Totaal over alle leeftijden;Mannen en vrouwen;Flevoland (CR);2018;428245;312243;35722;15348;20374;80280;42648;37632;40
1745;Totaal over alle leeftijden;Mannen en vrouwen;Flevoland (CR);2019;434043;315608;36429;15708;20721;82006;43493;38513;40
1746;Totaal over alle leeftijden;Mannen en vrouwen;Flevoland (CR);2020;439872;318985;37117;15997;21120;83770;44281;39489;40
1747;Totaal over alle leeftijden;Mannen en vrouwen;Flevoland (CR);2021;445411;322118;37895;16355;21540;85398;45105;40293;40
1748;Totaal over alle leeftijden;Mannen en vrouwen;Flevoland (CR);2022;450740;325057;38657;16648;22009;87026;46000;41026;40
1749;Totaal over alle leeftijden;Mannen en vrouwen;Flevoland (CR);2023;455971;327826;39292;16882;22410;88853;46935;41918;40
1750;Totaal over alle leeftijden;Mannen en vrouwen;Flevoland (CR);2024;460905;330320;40022;17278;22744;90563;47743;42820;40
1751;Totaal over alle leeftijden;Mannen en vrouwen;Flevoland (CR);2025;465680;332800;40597;17546;23051;92283;48606;43677;40
1752;Totaal over alle leeftijden;Mannen en vrouwen;Flevoland (CR);2026;470272;335202;41152;17784;23368;93918;49437;44481;40
1753;Totaal over alle leeftijden;Mannen en vrouwen;Flevoland (CR);2027;474123;336997;41798;18043;23755;95328;50130;45198;40
1754;Totaal over alle leeftijden;Mannen en vrouwen;Flevoland (CR);2028;477664;338729;42366;18314;24052;96569;50775;45794;40
1755;Totaal over alle leeftijden;Mannen en vrouwen;Flevoland (CR);2029;480695;339899;42905;18597;24308;97891;51493;46398;40
1756;Totaal over alle leeftijden;Mannen en vrouwen;Flevoland (CR);2030;483042;340480;43323;18781;24542;99239;52134;47105;40
1757;Totaal over alle leeftijden;Mannen en vrouwen;Flevoland (CR);2031;485151;340850;43756;18968;24788;100545;52826;47719;40
1758;Totaal over alle leeftijden;Mannen en vrouwen;Flevoland (CR);2032;486286;340720;44020;19137;24883;101546;53397;48149;40
1759;Totaal over alle leeftijden;Mannen en vrouwen;Flevoland (CR);2033;486408;339985;44096;19170;24926;102327;54029;48298;40
1760;Totaal over alle leeftijden;Mannen en vrouwen;Flevoland (CR);2034;486551;339212;44035;19168;24867;103304;54514;48790;40
1761;Totaal over alle leeftijden;Mannen en vrouwen;Flevoland (CR);2035;486167;337908;44026;19248;24778;104233;54993;49240;40
1762;Totaal over alle leeftijden;Mannen en vrouwen;Flevoland (CR);2036;485197;336231;43956;19245;24711;105010;55311;49699;40
1763;Totaal over alle leeftijden;Mannen en vrouwen;Flevoland (CR);2037;483836;334432;43803;19108;24695;105601;55512;50089;40
1764;Totaal over alle leeftijden;Mannen en vrouwen;Flevoland (CR);2038;482213;332243;43766;19062;24704;106204;55827;50377;40
1765;Totaal over alle leeftijden;Mannen en vrouwen;Flevoland (CR);2039;480515;329902;43745;19079;24666;106868;56140;50728;40
1766;Totaal over alle leeftijden;Mannen en vrouwen;Flevoland (CR);2040;478769;327646;43802;19139;24663;107321;56398;50923;40
1767;Totaal over alle leeftijden;Mannen en vrouwen;Groningen (GA);2010;206149;167830;19282;8980;10302;19037;11218;7819;1
1768;Totaal over alle leeftijden;Mannen en vrouwen;Groningen (GA);2011;209342;170377;19312;9004;10308;19653;11368;8285;1
1769;Totaal over alle leeftijden;Mannen en vrouwen;Groningen (GA);2012;211826;172336;19234;8983;10251;20256;11459;8797;1
1770;Totaal over alle leeftijden;Mannen en vrouwen;Groningen (GA);2013;213594;173652;19119;8943;10176;20823;11580;9243;1
1771;Totaal over alle leeftijden;Mannen en vrouwen;Groningen (GA);2014;215053;174574;19002;8849;10153;21477;11773;9704;1
1772;Totaal over alle leeftijden;Mannen en vrouwen;Groningen (GA);2015;216453;175472;18883;8772;10111;22098;12016;10082;1
1773;Totaal over alle leeftijden;Mannen en vrouwen;Groningen (GA);2016;217972;176391;18825;8739;10086;22756;12201;10555;1
1774;Totaal over alle leeftijden;Mannen en vrouwen;Groningen (GA);2017;218983;176798;18645;8674;9971;23540;12531;11009;1
1775;Totaal over alle leeftijden;Mannen en vrouwen;Groningen (GA);2018;220179;177514;18551;8626;9925;24114;12734;11380;1
1776;Totaal over alle leeftijden;Mannen en vrouwen;Groningen (GA);2019;221426;178207;18498;8649;9849;24721;13015;11706;1
1777;Totaal over alle leeftijden;Mannen en vrouwen;Groningen (GA);2020;222529;178794;18407;8652;9755;25328;13265;12063;1
1778;Totaal over alle leeftijden;Mannen en vrouwen;Groningen (GA);2021;223605;179375;18307;8631;9676;25923;13427;12496;1
1779;Totaal over alle leeftijden;Mannen en vrouwen;Groningen (GA);2022;225031;180137;18296;8585;9711;26598;13622;12976;1
1780;Totaal over alle leeftijden;Mannen en vrouwen;Groningen (GA);2023;225967;180502;18316;8576;9740;27149;13880;13269;1
1781;Totaal over alle leeftijden;Mannen en vrouwen;Groningen (GA);2024;227140;180905;18425;8610;9815;27810;14108;13702;1
1782;Totaal over alle leeftijden;Mannen en vrouwen;Groningen (GA);2025;228269;181511;18393;8573;9820;28365;14297;14068;1
1783;Totaal over alle leeftijden;Mannen en vrouwen;Groningen (GA);2026;229413;182047;18428;8614;9814;28938;14506;14432;1
1784;Totaal over alle leeftijden;Mannen en vrouwen;Groningen (GA);2027;230420;182557;18384;8597;9787;29479;14802;14677;1
1785;Totaal over alle leeftijden;Mannen en vrouwen;Groningen (GA);2028;231368;182865;18390;8616;9774;30113;15050;15063;1
1786;Totaal over alle leeftijden;Mannen en vrouwen;Groningen (GA);2029;232441;183382;18443;8677;9766;30616;15251;15365;1
1787;Totaal over alle leeftijden;Mannen en vrouwen;Groningen (GA);2030;233183;183478;18503;8659;9844;31202;15499;15703;1
1788;Totaal over alle leeftijden;Mannen en vrouwen;Groningen (GA);2031;233919;183742;18566;8696;9870;31611;15668;15943;1
1789;Totaal over alle leeftijden;Mannen en vrouwen;Groningen (GA);2032;234612;183869;18744;8816;9928;31999;15762;16237;1
1790;Totaal over alle leeftijden;Mannen en vrouwen;Groningen (GA);2033;235383;184022;18909;8866;10043;32452;15985;16467;1
1791;Totaal over alle leeftijden;Mannen en vrouwen;Groningen (GA);2034;235929;183980;19057;8858;10199;32892;16165;16727;1
1792;Totaal over alle leeftijden;Mannen en vrouwen;Groningen (GA);2035;236451;183917;19136;8789;10347;33398;16372;17026;1
1793;Totaal over alle leeftijden;Mannen en vrouwen;Groningen (GA);2036;236852;183610;19340;8911;10429;33902;16584;17318;1
1794;Totaal over alle leeftijden;Mannen en vrouwen;Groningen (GA);2037;237179;183384;19541;8950;10591;34254;16650;17604;1
1795;Totaal over alle leeftijden;Mannen en vrouwen;Groningen (GA);2038;237321;183003;19747;8982;10765;34571;16775;17796;1
1796;Totaal over alle leeftijden;Mannen en vrouwen;Groningen (GA);2039;237643;182811;19948;9051;10897;34884;16788;18096;1
1797;Totaal over alle leeftijden;Mannen en vrouwen;Groningen (GA);2040;237655;182372;20117;9065;11052;35166;16828;18338;1
1798;Totaal over alle leeftijden;Mannen en vrouwen;Leeuwarden (GA);2010;93002;78236;7096;3102;3994;7670;4852;2818;2
1799;Totaal over alle leeftijden;Mannen en vrouwen;Leeuwarden (GA);2011;93470;78709;7190;3172;4018;7571;4797;2774;2
1800;Totaal over alle leeftijden;Mannen en vrouwen;Leeuwarden (GA);2012;93991;79173;7286;3189;4097;7532;4740;2792;2
1801;Totaal over alle leeftijden;Mannen en vrouwen;Leeuwarden (GA);2013;94637;79686;7356;3226;4130;7595;4724;2871;2
1802;Totaal over alle leeftijden;Mannen en vrouwen;Leeuwarden (GA);2014;95176;80089;7448;3263;4185;7639;4711;2928;2
1803;Totaal over alle leeftijden;Mannen en vrouwen;Leeuwarden (GA);2015;95715;80452;7507;3243;4264;7756;4717;3039;2
1804;Totaal over alle leeftijden;Mannen en vrouwen;Leeuwarden (GA);2016;96314;80919;7560;3275;4285;7835;4721;3114;2
1805;Totaal over alle leeftijden;Mannen en vrouwen;Leeuwarden (GA);2017;96723;81133;7646;3304;4342;7944;4763;3181;2
1806;Totaal over alle leeftijden;Mannen en vrouwen;Leeuwarden (GA);2018;97285;81565;7687;3302;4385;8033;4782;3251;2
1807;Totaal over alle leeftijden;Mannen en vrouwen;Leeuwarden (GA);2019;97745;81865;7769;3322;4447;8111;4795;3316;2
1808;Totaal over alle leeftijden;Mannen en vrouwen;Leeuwarden (GA);2020;98218;82086;7824;3349;4475;8308;4835;3473;2
1809;Totaal over alle leeftijden;Mannen en vrouwen;Leeuwarden (GA);2021;98760;82292;7911;3385;4526;8557;4957;3600;2
1810;Totaal over alle leeftijden;Mannen en vrouwen;Leeuwarden (GA);2022;99164;82481;7945;3339;4606;8738;5017;3721;2
1811;Totaal over alle leeftijden;Mannen en vrouwen;Leeuwarden (GA);2023;99522;82627;7999;3370;4629;8896;5021;3875;2
1812;Totaal over alle leeftijden;Mannen en vrouwen;Leeuwarden (GA);2024;99890;82842;8021;3364;4657;9027;5038;3989;2
1813;Totaal over alle leeftijden;Mannen en vrouwen;Leeuwarden (GA);2025;100113;82895;8041;3352;4689;9177;5079;4098;2
1814;Totaal over alle leeftijden;Mannen en vrouwen;Leeuwarden (GA);2026;100285;82848;8093;3400;4693;9344;5110;4234;2
1815;Totaal over alle leeftijden;Mannen en vrouwen;Leeuwarden (GA);2027;100291;82611;8135;3386;4749;9545;5158;4387;2
1816;Totaal over alle leeftijden;Mannen en vrouwen;Leeuwarden (GA);2028;100221;82389;8163;3384;4779;9669;5222;4447;2
1817;Totaal over alle leeftijden;Mannen en vrouwen;Leeuwarden (GA);2029;100132;82071;8250;3436;4814;9811;5251;4560;2
1818;Totaal over alle leeftijden;Mannen en vrouwen;Leeuwarden (GA);2030;100063;81892;8232;3434;4798;9939;5287;4652;2
1819;Totaal over alle leeftijden;Mannen en vrouwen;Leeuwarden (GA);2031;99871;81562;8258;3435;4823;10051;5335;4716;2
1820;Totaal over alle leeftijden;Mannen en vrouwen;Leeuwarden (GA);2032;99669;81272;8320;3446;4874;10077;5317;4760;2
1821;Totaal over alle leeftijden;Mannen en vrouwen;Leeuwarden (GA);2033;99471;80907;8347;3422;4925;10217;5405;4812;2
1822;Totaal over alle leeftijden;Mannen en vrouwen;Leeuwarden (GA);2034;99213;80477;8435;3488;4947;10301;5414;4887;2
1823;Totaal over alle leeftijden;Mannen en vrouwen;Leeuwarden (GA);2035;99195;80240;8482;3528;4954;10473;5502;4971;2
1824;Totaal over alle leeftijden;Mannen en vrouwen;Leeuwarden (GA);2036;99049;79917;8559;3587;4972;10573;5553;5020;2
1825;Totaal over alle leeftijden;Mannen en vrouwen;Leeuwarden (GA);2037;98978;79563;8653;3631;5022;10762;5616;5146;2
1826;Totaal over alle leeftijden;Mannen en vrouwen;Leeuwarden (GA);2038;98810;79239;8661;3626;5035;10910;5698;5212;2
1827;Totaal over alle leeftijden;Mannen en vrouwen;Leeuwarden (GA);2039;98570;78907;8672;3596;5076;10991;5784;5207;2
1828;Totaal over alle leeftijden;Mannen en vrouwen;Leeuwarden (GA);2040;98417;78678;8697;3628;5069;11042;5806;5236;2
1829;Totaal over alle leeftijden;Mannen en vrouwen;Zwolle (GA);2010;118591;100409;8048;3183;4865;10134;5907;4227;3
1830;Totaal over alle leeftijden;Mannen en vrouwen;Zwolle (GA);2011;119717;101320;8217;3375;4842;10180;5944;4236;3
1831;Totaal over alle leeftijden;Mannen en vrouwen;Zwolle (GA);2012;121213;102606;8396;3536;4860;10211;5956;4255;3
1832;Totaal over alle leeftijden;Mannen en vrouwen;Zwolle (GA);2013;122675;103826;8539;3685;4854;10310;6018;4292;3
1833;Totaal over alle leeftijden;Mannen en vrouwen;Zwolle (GA);2014;124163;105103;8650;3826;4824;10410;6098;4312;3
1834;Totaal over alle leeftijden;Mannen en vrouwen;Zwolle (GA);2015;125680;106371;8757;3948;4809;10552;6181;4371;3
1835;Totaal over alle leeftijden;Mannen en vrouwen;Zwolle (GA);2016;127059;107462;8826;4063;4763;10771;6283;4488;3
1836;Totaal over alle leeftijden;Mannen en vrouwen;Zwolle (GA);2017;128341;108493;8895;4154;4741;10953;6378;4575;3
1837;Totaal over alle leeftijden;Mannen en vrouwen;Zwolle (GA);2018;129551;109424;8992;4263;4729;11135;6481;4654;3
1838;Totaal over alle leeftijden;Mannen en vrouwen;Zwolle (GA);2019;130673;110307;9099;4375;4724;11267;6586;4681;3
1839;Totaal over alle leeftijden;Mannen en vrouwen;Zwolle (GA);2020;131566;110909;9208;4486;4722;11449;6728;4721;3
1840;Totaal over alle leeftijden;Mannen en vrouwen;Zwolle (GA);2021;132504;111525;9303;4592;4711;11676;6828;4848;3
1841;Totaal over alle leeftijden;Mannen en vrouwen;Zwolle (GA);2022;133450;112184;9390;4711;4679;11876;6931;4945;3
1842;Totaal over alle leeftijden;Mannen en vrouwen;Zwolle (GA);2023;134267;112782;9488;4848;4640;11997;6968;5029;3
1843;Totaal over alle leeftijden;Mannen en vrouwen;Zwolle (GA);2024;135085;113303;9567;4960;4607;12215;7074;5141;3
1844;Totaal over alle leeftijden;Mannen en vrouwen;Zwolle (GA);2025;135729;113682;9662;5046;4616;12385;7149;5236;3
1845;Totaal over alle leeftijden;Mannen en vrouwen;Zwolle (GA);2026;136391;114055;9810;5166;4644;12526;7244;5282;3
1846;Totaal over alle leeftijden;Mannen en vrouwen;Zwolle (GA);2027;136998;114363;9892;5298;4594;12743;7312;5431;3
1847;Totaal over alle leeftijden;Mannen en vrouwen;Zwolle (GA);2028;137680;114690;10038;5446;4592;12952;7417;5535;3
1848;Totaal over alle leeftijden;Mannen en vrouwen;Zwolle (GA);2029;138105;114753;10105;5528;4577;13247;7550;5697;3
1849;Totaal over alle leeftijden;Mannen en vrouwen;Zwolle (GA);2030;138359;114773;10203;5623;4580;13383;7589;5794;3
1850;Totaal over alle leeftijden;Mannen en vrouwen;Zwolle (GA);2031;138751;114860;10365;5743;4622;13526;7653;5873;3
1851;Totaal over alle leeftijden;Mannen en vrouwen;Zwolle (GA);2032;139083;114899;10475;5829;4646;13709;7778;5931;3
1852;Totaal over alle leeftijden;Mannen en vrouwen;Zwolle (GA);2033;139283;114867;10541;5932;4609;13875;7828;6047;3
1853;Totaal over alle leeftijden;Mannen en vrouwen;Zwolle (GA);2034;139504;114730;10683;6065;4618;14091;7932;6159;3
1854;Totaal over alle leeftijden;Mannen en vrouwen;Zwolle (GA);2035;139681;114661;10802;6215;4587;14218;8017;6201;3
1855;Totaal over alle leeftijden;Mannen en vrouwen;Zwolle (GA);2036;139727;114535;10908;6315;4593;14284;8100;6184;3
1856;Totaal over alle leeftijden;Mannen en vrouwen;Zwolle (GA);2037;139720;114273;11046;6460;4586;14401;8182;6219;3
1857;Totaal over alle leeftijden;Mannen en vrouwen;Zwolle (GA);2038;139838;114048;11186;6592;4594;14604;8261;6343;3
1858;Totaal over alle leeftijden;Mannen en vrouwen;Zwolle (GA);2039;139773;113702;11271;6688;4583;14800;8364;6436;3
1859;Totaal over alle leeftijden;Mannen en vrouwen;Zwolle (GA);2040;139599;113282;11422;6839;4583;14895;8446;6449;3
1860;Totaal over alle leeftijden;Mannen en vrouwen;Enschede (GA);2010;157265;115329;19503;8071;11432;22433;12938;9495;4
1861;Totaal over alle leeftijden;Mannen en vrouwen;Enschede (GA);2011;157933;116081;19503;8197;11306;22349;12805;9544;4
1862;Totaal over alle leeftijden;Mannen en vrouwen;Enschede (GA);2012;158616;116769;19531;8263;11268;22316;12771;9545;4
1863;Totaal over alle leeftijden;Mannen en vrouwen;Enschede (GA);2013;158730;116962;19505;8295;11210;22263;12771;9492;4
1864;Totaal over alle leeftijden;Mannen en vrouwen;Enschede (GA);2014;158796;117166;19433;8305;11128;22197;12712;9485;4
1865;Totaal over alle leeftijden;Mannen en vrouwen;Enschede (GA);2015;158966;117353;19391;8324;11067;22222;12728;9494;4
1866;Totaal over alle leeftijden;Mannen en vrouwen;Enschede (GA);2016;158945;117522;19262;8327;10935;22161;12744;9417;4
1867;Totaal over alle leeftijden;Mannen en vrouwen;Enschede (GA);2017;159016;117651;19151;8377;10774;22214;12778;9436;4
1868;Totaal over alle leeftijden;Mannen en vrouwen;Enschede (GA);2018;158985;117703;19050;8377;10673;22232;12812;9420;4
1869;Totaal over alle leeftijden;Mannen en vrouwen;Enschede (GA);2019;159006;117676;18920;8361;10559;22410;12882;9528;4
1870;Totaal over alle leeftijden;Mannen en vrouwen;Enschede (GA);2020;159122;117781;18806;8359;10447;22535;12919;9616;4
1871;Totaal over alle leeftijden;Mannen en vrouwen;Enschede (GA);2021;159276;117836;18806;8445;10361;22634;12941;9693;4
1872;Totaal over alle leeftijden;Mannen en vrouwen;Enschede (GA);2022;159307;117869;18774;8511;10263;22664;13026;9638;4
1873;Totaal over alle leeftijden;Mannen en vrouwen;Enschede (GA);2023;159379;117944;18686;8547;10139;22749;13097;9652;4
1874;Totaal over alle leeftijden;Mannen en vrouwen;Enschede (GA);2024;159397;118000;18609;8612;9997;22788;13147;9641;4
1875;Totaal over alle leeftijden;Mannen en vrouwen;Enschede (GA);2025;159501;118004;18645;8685;9960;22852;13189;9663;4
1876;Totaal over alle leeftijden;Mannen en vrouwen;Enschede (GA);2026;159470;117848;18696;8823;9873;22926;13258;9668;4
1877;Totaal over alle leeftijden;Mannen en vrouwen;Enschede (GA);2027;159403;117597;18745;8926;9819;23061;13286;9775;4
1878;Totaal over alle leeftijden;Mannen en vrouwen;Enschede (GA);2028;159357;117388;18765;8992;9773;23204;13373;9831;4
1879;Totaal over alle leeftijden;Mannen en vrouwen;Enschede (GA);2029;159315;117226;18741;9010;9731;23348;13415;9933;4
1880;Totaal over alle leeftijden;Mannen en vrouwen;Enschede (GA);2030;159108;116972;18696;9035;9661;23440;13473;9967;4
1881;Totaal over alle leeftijden;Mannen en vrouwen;Enschede (GA);2031;158877;116752;18665;9045;9620;23460;13518;9942;4
1882;Totaal over alle leeftijden;Mannen en vrouwen;Enschede (GA);2032;158798;116467;18712;9105;9607;23619;13546;10073;4
1883;Totaal over alle leeftijden;Mannen en vrouwen;Enschede (GA);2033;158507;116072;18742;9132;9610;23693;13543;10150;4
1884;Totaal over alle leeftijden;Mannen en vrouwen;Enschede (GA);2034;158245;115678;18735;9125;9610;23832;13561;10271;4
1885;Totaal over alle leeftijden;Mannen en vrouwen;Enschede (GA);2035;158044;115347;18817;9178;9639;23880;13577;10303;4
1886;Totaal over alle leeftijden;Mannen en vrouwen;Enschede (GA);2036;158078;115067;18895;9283;9612;24116;13623;10493;4
1887;Totaal over alle leeftijden;Mannen en vrouwen;Enschede (GA);2037;157868;114698;18971;9383;9588;24199;13601;10598;4
1888;Totaal over alle leeftijden;Mannen en vrouwen;Enschede (GA);2038;157552;114265;19006;9440;9566;24281;13576;10705;4
1889;Totaal over alle leeftijden;Mannen en vrouwen;Enschede (GA);2039;157259;113840;19058;9490;9568;24361;13617;10744;4
1890;Totaal over alle leeftijden;Mannen en vrouwen;Enschede (GA);2040;156962;113445;19003;9537;9466;24514;13647;10867;4
1891;Totaal over alle leeftijden;Mannen en vrouwen;Apeldoorn (GA);2010;155311;131625;12282;4466;7816;11404;6301;5103;5
1892;Totaal over alle leeftijden;Mannen en vrouwen;Apeldoorn (GA);2011;155479;131438;12332;4473;7859;11709;6368;5341;5
1893;Totaal over alle leeftijden;Mannen en vrouwen;Apeldoorn (GA);2012;155839;131454;12372;4479;7893;12013;6426;5587;5
1894;Totaal over alle leeftijden;Mannen en vrouwen;Apeldoorn (GA);2013;156270;131538;12433;4478;7955;12299;6487;5812;5
1895;Totaal over alle leeftijden;Mannen en vrouwen;Apeldoorn (GA);2014;156751;131604;12524;4521;8003;12623;6577;6046;5
1896;Totaal over alle leeftijden;Mannen en vrouwen;Apeldoorn (GA);2015;157342;131839;12606;4530;8076;12897;6632;6265;5
1897;Totaal over alle leeftijden;Mannen en vrouwen;Apeldoorn (GA);2016;158031;132139;12668;4528;8140;13224;6707;6517;5
1898;Totaal over alle leeftijden;Mannen en vrouwen;Apeldoorn (GA);2017;158502;132287;12727;4552;8175;13488;6807;6681;5
1899;Totaal over alle leeftijden;Mannen en vrouwen;Apeldoorn (GA);2018;158950;132400;12830;4593;8237;13720;6868;6852;5
1900;Totaal over alle leeftijden;Mannen en vrouwen;Apeldoorn (GA);2019;159425;132492;12884;4613;8271;14049;6971;7078;5
1901;Totaal over alle leeftijden;Mannen en vrouwen;Apeldoorn (GA);2020;159677;132444;12927;4626;8301;14306;7059;7247;5
1902;Totaal over alle leeftijden;Mannen en vrouwen;Apeldoorn (GA);2021;159928;132436;12961;4656;8305;14531;7083;7448;5
1903;Totaal over alle leeftijden;Mannen en vrouwen;Apeldoorn (GA);2022;160228;132407;12991;4642;8349;14830;7204;7626;5
1904;Totaal over alle leeftijden;Mannen en vrouwen;Apeldoorn (GA);2023;160369;132220;13045;4687;8358;15104;7337;7767;5
1905;Totaal over alle leeftijden;Mannen en vrouwen;Apeldoorn (GA);2024;160586;132205;13051;4713;8338;15330;7397;7933;5
1906;Totaal over alle leeftijden;Mannen en vrouwen;Apeldoorn (GA);2025;160763;132065;13102;4760;8342;15596;7484;8112;5
1907;Totaal over alle leeftijden;Mannen en vrouwen;Apeldoorn (GA);2026;161008;132023;13190;4800;8390;15795;7534;8261;5
1908;Totaal over alle leeftijden;Mannen en vrouwen;Apeldoorn (GA);2027;161261;131929;13283;4844;8439;16049;7625;8424;5
1909;Totaal over alle leeftijden;Mannen en vrouwen;Apeldoorn (GA);2028;161303;131784;13274;4827;8447;16245;7716;8529;5
1910;Totaal over alle leeftijden;Mannen en vrouwen;Apeldoorn (GA);2029;161239;131518;13325;4862;8463;16396;7787;8609;5
1911;Totaal over alle leeftijden;Mannen en vrouwen;Apeldoorn (GA);2030;161187;131197;13368;4898;8470;16622;7869;8753;5
1912;Totaal over alle leeftijden;Mannen en vrouwen;Apeldoorn (GA);2031;161134;130856;13438;4929;8509;16840;7952;8888;5
1913;Totaal over alle leeftijden;Mannen en vrouwen;Apeldoorn (GA);2032;160995;130519;13463;4956;8507;17013;8023;8990;5
1914;Totaal over alle leeftijden;Mannen en vrouwen;Apeldoorn (GA);2033;160828;130125;13527;5001;8526;17176;8030;9146;5
1915;Totaal over alle leeftijden;Mannen en vrouwen;Apeldoorn (GA);2034;160768;129723;13583;5035;8548;17462;8129;9333;5
1916;Totaal over alle leeftijden;Mannen en vrouwen;Apeldoorn (GA);2035;160603;129293;13623;5101;8522;17687;8201;9486;5
1917;Totaal over alle leeftijden;Mannen en vrouwen;Apeldoorn (GA);2036;160218;128718;13680;5141;8539;17820;8257;9563;5
1918;Totaal over alle leeftijden;Mannen en vrouwen;Apeldoorn (GA);2037;160084;128399;13722;5177;8545;17963;8325;9638;5
1919;Totaal over alle leeftijden;Mannen en vrouwen;Apeldoorn (GA);2038;159643;127841;13740;5194;8546;18062;8297;9765;5
1920;Totaal over alle leeftijden;Mannen en vrouwen;Apeldoorn (GA);2039;159263;127263;13749;5222;8527;18251;8311;9940;5
1921;Totaal over alle leeftijden;Mannen en vrouwen;Apeldoorn (GA);2040;158847;126684;13729;5222;8507;18434;8371;10063;5
1922;Totaal over alle leeftijden;Mannen en vrouwen;Arnhem (GA);2010;147697;106037;16812;6920;9892;24848;14754;10094;6
1923;Totaal over alle leeftijden;Mannen en vrouwen;Arnhem (GA);2011;148682;107297;16795;6979;9816;24590;14587;10003;6
1924;Totaal over alle leeftijden;Mannen en vrouwen;Arnhem (GA);2012;149452;108207;16867;7071;9796;24378;14442;9936;6
1925;Totaal over alle leeftijden;Mannen en vrouwen;Arnhem (GA);2013;150122;109119;16830;7085;9745;24173;14310;9863;6
1926;Totaal over alle leeftijden;Mannen en vrouwen;Arnhem (GA);2014;150713;109917;16900;7160;9740;23896;14129;9767;6
1927;Totaal over alle leeftijden;Mannen en vrouwen;Arnhem (GA);2015;151368;110698;16984;7215;9769;23686;14059;9627;6
1928;Totaal over alle leeftijden;Mannen en vrouwen;Arnhem (GA);2016;151756;111394;16922;7191;9731;23440;13960;9480;6
1929;Totaal over alle leeftijden;Mannen en vrouwen;Arnhem (GA);2017;152156;111969;16868;7200;9668;23319;13888;9431;6
1930;Totaal over alle leeftijden;Mannen en vrouwen;Arnhem (GA);2018;152366;112379;16732;7177;9555;23255;13900;9355;6
1931;Totaal over alle leeftijden;Mannen en vrouwen;Arnhem (GA);2019;152714;112809;16633;7132;9501;23272;13936;9336;6
1932;Totaal over alle leeftijden;Mannen en vrouwen;Arnhem (GA);2020;152977;113181;16624;7151;9473;23172;13880;9292;6
1933;Totaal over alle leeftijden;Mannen en vrouwen;Arnhem (GA);2021;153382;113602;16592;7166;9426;23188;13847;9341;6
1934;Totaal over alle leeftijden;Mannen en vrouwen;Arnhem (GA);2022;153731;114113;16484;7156;9328;23134;13787;9347;6
1935;Totaal over alle leeftijden;Mannen en vrouwen;Arnhem (GA);2023;154028;114361;16457;7191;9266;23210;13753;9457;6
1936;Totaal over alle leeftijden;Mannen en vrouwen;Arnhem (GA);2024;154321;114553;16372;7231;9141;23396;13726;9670;6
1937;Totaal over alle leeftijden;Mannen en vrouwen;Arnhem (GA);2025;154468;114662;16382;7281;9101;23424;13776;9648;6
1938;Totaal over alle leeftijden;Mannen en vrouwen;Arnhem (GA);2026;154700;114856;16407;7364;9043;23437;13765;9672;6
1939;Totaal over alle leeftijden;Mannen en vrouwen;Arnhem (GA);2027;154782;114883;16270;7339;8931;23629;13875;9754;6
1940;Totaal over alle leeftijden;Mannen en vrouwen;Arnhem (GA);2028;154770;114899;16214;7323;8891;23657;13822;9835;6
1941;Totaal over alle leeftijden;Mannen en vrouwen;Arnhem (GA);2029;154903;114938;16186;7322;8864;23779;13892;9887;6
1942;Totaal over alle leeftijden;Mannen en vrouwen;Arnhem (GA);2030;154841;114863;16165;7382;8783;23813;13869;9944;6
1943;Totaal over alle leeftijden;Mannen en vrouwen;Arnhem (GA);2031;154836;114849;16173;7421;8752;23814;13756;10058;6
1944;Totaal over alle leeftijden;Mannen en vrouwen;Arnhem (GA);2032;154729;114647;16086;7418;8668;23996;13743;10253;6
1945;Totaal over alle leeftijden;Mannen en vrouwen;Arnhem (GA);2033;154527;114428;16071;7468;8603;24028;13650;10378;6
1946;Totaal over alle leeftijden;Mannen en vrouwen;Arnhem (GA);2034;154225;114194;16029;7471;8558;24002;13579;10423;6
1947;Totaal over alle leeftijden;Mannen en vrouwen;Arnhem (GA);2035;153989;113893;16065;7569;8496;24031;13505;10526;6
1948;Totaal over alle leeftijden;Mannen en vrouwen;Arnhem (GA);2036;153695;113499;16035;7571;8464;24161;13546;10615;6
1949;Totaal over alle leeftijden;Mannen en vrouwen;Arnhem (GA);2037;153483;113255;16014;7642;8372;24214;13509;10705;6
1950;Totaal over alle leeftijden;Mannen en vrouwen;Arnhem (GA);2038;153126;112864;16035;7680;8355;24227;13379;10848;6
1951;Totaal over alle leeftijden;Mannen en vrouwen;Arnhem (GA);2039;152723;112458;16002;7700;8302;24263;13359;10904;6
1952;Totaal over alle leeftijden;Mannen en vrouwen;Arnhem (GA);2040;152403;112019;16079;7805;8274;24305;13325;10980;6
1953;Totaal over alle leeftijden;Mannen en vrouwen;Nijmegen (GA);2010;163762;123970;19703;8149;11554;20089;11538;8551;7
1954;Totaal over alle leeftijden;Mannen en vrouwen;Nijmegen (GA);2011;165266;125290;19778;8090;11688;20198;11410;8788;7
1955;Totaal over alle leeftijden;Mannen en vrouwen;Nijmegen (GA);2012;166721;126474;19861;8121;11740;20386;11324;9062;7
1956;Totaal over alle leeftijden;Mannen en vrouwen;Nijmegen (GA);2013;168121;127700;19780;8020;11760;20641;11356;9285;7
1957;Totaal over alle leeftijden;Mannen en vrouwen;Nijmegen (GA);2014;169460;128809;19853;7997;11856;20798;11328;9470;7
1958;Totaal over alle leeftijden;Mannen en vrouwen;Nijmegen (GA);2015;170995;130028;19878;7997;11881;21089;11336;9753;7
1959;Totaal over alle leeftijden;Mannen en vrouwen;Nijmegen (GA);2016;172552;131273;19911;8011;11900;21368;11395;9973;7
1960;Totaal over alle leeftijden;Mannen en vrouwen;Nijmegen (GA);2017;174262;132696;19934;7993;11941;21632;11505;10127;7
1961;Totaal over alle leeftijden;Mannen en vrouwen;Nijmegen (GA);2018;175963;134119;19963;8021;11942;21881;11573;10308;7
1962;Totaal over alle leeftijden;Mannen en vrouwen;Nijmegen (GA);2019;177456;135318;19998;8040;11958;22140;11703;10437;7
1963;Totaal over alle leeftijden;Mannen en vrouwen;Nijmegen (GA);2020;179061;136605;20032;8063;11969;22424;11780;10644;7
1964;Totaal over alle leeftijden;Mannen en vrouwen;Nijmegen (GA);2021;180433;137698;20080;8085;11995;22655;11880;10775;7
1965;Totaal over alle leeftijden;Mannen en vrouwen;Nijmegen (GA);2022;181772;138630;20143;8139;12004;22999;12029;10970;7
1966;Totaal over alle leeftijden;Mannen en vrouwen;Nijmegen (GA);2023;183077;139561;20213;8232;11981;23303;12173;11130;7
1967;Totaal over alle leeftijden;Mannen en vrouwen;Nijmegen (GA);2024;184337;140535;20256;8183;12073;23546;12308;11238;7
1968;Totaal over alle leeftijden;Mannen en vrouwen;Nijmegen (GA);2025;185357;141292;20257;8174;12083;23808;12372;11436;7
1969;Totaal over alle leeftijden;Mannen en vrouwen;Nijmegen (GA);2026;186383;141994;20285;8182;12103;24104;12464;11640;7
1970;Totaal over alle leeftijden;Mannen en vrouwen;Nijmegen (GA);2027;187274;142611;20275;8160;12115;24388;12556;11832;7
1971;Totaal over alle leeftijden;Mannen en vrouwen;Nijmegen (GA);2028;188003;143047;20311;8157;12154;24645;12690;11955;7
1972;Totaal over alle leeftijden;Mannen en vrouwen;Nijmegen (GA);2029;188631;143337;20372;8182;12190;24922;12806;12116;7
1973;Totaal over alle leeftijden;Mannen en vrouwen;Nijmegen (GA);2030;189194;143669;20402;8198;12204;25123;12931;12192;7
1974;Totaal over alle leeftijden;Mannen en vrouwen;Nijmegen (GA);2031;189814;143886;20500;8249;12251;25428;13114;12314;7
1975;Totaal over alle leeftijden;Mannen en vrouwen;Nijmegen (GA);2032;190374;144055;20587;8299;12288;25732;13256;12476;7
1976;Totaal over alle leeftijden;Mannen en vrouwen;Nijmegen (GA);2033;190694;144131;20662;8317;12345;25901;13314;12587;7
1977;Totaal over alle leeftijden;Mannen en vrouwen;Nijmegen (GA);2034;190892;144127;20778;8378;12400;25987;13315;12672;7
1978;Totaal over alle leeftijden;Mannen en vrouwen;Nijmegen (GA);2035;191228;144113;20839;8378;12461;26276;13427;12849;7
1979;Totaal over alle leeftijden;Mannen en vrouwen;Nijmegen (GA);2036;191289;143891;20880;8387;12493;26518;13435;13083;7
1980;Totaal over alle leeftijden;Mannen en vrouwen;Nijmegen (GA);2037;191456;143816;20856;8380;12476;26784;13488;13296;7
1981;Totaal over alle leeftijden;Mannen en vrouwen;Nijmegen (GA);2038;191563;143689;20914;8360;12554;26960;13612;13348;7
1982;Totaal over alle leeftijden;Mannen en vrouwen;Nijmegen (GA);2039;191480;143505;20969;8397;12572;27006;13645;13361;7
1983;Totaal over alle leeftijden;Mannen en vrouwen;Nijmegen (GA);2040;191532;143236;21048;8433;12615;27248;13734;13514;7
1984;Totaal over alle leeftijden;Mannen en vrouwen;Amersfoort (GA);2010;174024;137340;14710;5607;9103;21974;12741;9233;8
1985;Totaal over alle leeftijden;Mannen en vrouwen;Amersfoort (GA);2011;176213;138845;14900;5739;9161;22468;12997;9471;8
1986;Totaal over alle leeftijden;Mannen en vrouwen;Amersfoort (GA);2012;178130;140123;15090;5808;9282;22917;13249;9668;8
1987;Totaal over alle leeftijden;Mannen en vrouwen;Amersfoort (GA);2013;179715;141173;15259;5899;9360;23283;13406;9877;8
1988;Totaal over alle leeftijden;Mannen en vrouwen;Amersfoort (GA);2014;181407;142357;15340;5970;9370;23710;13686;10024;8
1989;Totaal over alle leeftijden;Mannen en vrouwen;Amersfoort (GA);2015;183225;143625;15473;6049;9424;24127;13943;10184;8
1990;Totaal over alle leeftijden;Mannen en vrouwen;Amersfoort (GA);2016;184945;144855;15574;6144;9430;24516;14210;10306;8
1991;Totaal over alle leeftijden;Mannen en vrouwen;Amersfoort (GA);2017;185689;145164;15596;6163;9433;24929;14463;10466;8
1992;Totaal over alle leeftijden;Mannen en vrouwen;Amersfoort (GA);2018;186723;145555;15667;6163;9504;25501;14820;10681;8
1993;Totaal over alle leeftijden;Mannen en vrouwen;Amersfoort (GA);2019;187733;145992;15669;6202;9467;26072;15148;10924;8
1994;Totaal over alle leeftijden;Mannen en vrouwen;Amersfoort (GA);2020;188505;146292;15732;6211;9521;26481;15399;11082;8
1995;Totaal over alle leeftijden;Mannen en vrouwen;Amersfoort (GA);2021;189249;146570;15841;6305;9536;26838;15721;11117;8
1996;Totaal over alle leeftijden;Mannen en vrouwen;Amersfoort (GA);2022;190100;146827;15946;6367;9579;27327;16011;11316;8
1997;Totaal over alle leeftijden;Mannen en vrouwen;Amersfoort (GA);2023;190630;146901;16010;6391;9619;27719;16275;11444;8
1998;Totaal over alle leeftijden;Mannen en vrouwen;Amersfoort (GA);2024;191308;147112;16038;6437;9601;28158;16565;11593;8
1999;Totaal over alle leeftijden;Mannen en vrouwen;Amersfoort (GA);2025;192169;147357;16140;6477;9663;28672;16884;11788;8
2000;Totaal over alle leeftijden;Mannen en vrouwen;Amersfoort (GA);2026;192889;147561;16265;6566;9699;29063;17145;11918;8
2001;Totaal over alle leeftijden;Mannen en vrouwen;Amersfoort (GA);2027;193691;147837;16323;6616;9707;29531;17402;12129;8
2002;Totaal over alle leeftijden;Mannen en vrouwen;Amersfoort (GA);2028;194485;148020;16459;6703;9756;30006;17701;12305;8
2003;Totaal over alle leeftijden;Mannen en vrouwen;Amersfoort (GA);2029;195393;148305;16551;6759;9792;30537;18025;12512;8
2004;Totaal over alle leeftijden;Mannen en vrouwen;Amersfoort (GA);2030;195925;148367;16632;6789;9843;30926;18294;12632;8
2005;Totaal over alle leeftijden;Mannen en vrouwen;Amersfoort (GA);2031;196378;148406;16715;6865;9850;31257;18525;12732;8
2006;Totaal over alle leeftijden;Mannen en vrouwen;Amersfoort (GA);2032;197257;148712;16819;6949;9870;31726;18804;12922;8
2007;Totaal over alle leeftijden;Mannen en vrouwen;Amersfoort (GA);2033;198253;149026;17045;7073;9972;32182;19030;13152;8
2008;Totaal over alle leeftijden;Mannen en vrouwen;Amersfoort (GA);2034;199083;149202;17190;7143;10047;32691;19313;13378;8
2009;Totaal over alle leeftijden;Mannen en vrouwen;Amersfoort (GA);2035;200070;149570;17324;7205;10119;33176;19576;13600;8
2010;Totaal over alle leeftijden;Mannen en vrouwen;Amersfoort (GA);2036;201301;150015;17518;7303;10215;33768;19814;13954;8
2011;Totaal over alle leeftijden;Mannen en vrouwen;Amersfoort (GA);2037;202112;150192;17671;7404;10267;34249;20068;14181;8
2012;Totaal over alle leeftijden;Mannen en vrouwen;Amersfoort (GA);2038;203142;150420;17867;7527;10340;34855;20309;14546;8
2013;Totaal over alle leeftijden;Mannen en vrouwen;Amersfoort (GA);2039;204076;150728;18018;7613;10405;35330;20558;14772;8
2014;Totaal over alle leeftijden;Mannen en vrouwen;Amersfoort (GA);2040;204817;150828;18180;7679;10501;35809;20833;14976;8
2015;Totaal over alle leeftijden;Mannen en vrouwen;Utrecht (GA);2010;446869;322491;44474;19378;25096;79904;42804;37100;9
2016;Totaal over alle leeftijden;Mannen en vrouwen;Utrecht (GA);2011;453402;327045;45451;19948;25503;80906;42929;37977;9
2017;Totaal over alle leeftijden;Mannen en vrouwen;Utrecht (GA);2012;459032;330927;46240;20447;25793;81865;42995;38870;9
2018;Totaal over alle leeftijden;Mannen en vrouwen;Utrecht (GA);2013;464600;334695;47008;20770;26238;82897;43080;39817;9
2019;Totaal over alle leeftijden;Mannen en vrouwen;Utrecht (GA);2014;469284;337942;47668;21107;26561;83674;43097;40577;9
2020;Totaal over alle leeftijden;Mannen en vrouwen;Utrecht (GA);2015;473543;340805;48357;21368;26989;84381;43202;41179;9
2021;Totaal over alle leeftijden;Mannen en vrouwen;Utrecht (GA);2016;477825;343700;49070;21821;27249;85055;43350;41705;9
2022;Totaal over alle leeftijden;Mannen en vrouwen;Utrecht (GA);2017;482480;346812;49834;22153;27681;85834;43636;42198;9
2023;Totaal over alle leeftijden;Mannen en vrouwen;Utrecht (GA);2018;486719;349544;50512;22504;28008;86663;43933;42730;9
2024;Totaal over alle leeftijden;Mannen en vrouwen;Utrecht (GA);2019;491276;352352;51444;22964;28480;87480;44255;43225;9
2025;Totaal over alle leeftijden;Mannen en vrouwen;Utrecht (GA);2020;495320;354759;52170;23308;28862;88391;44518;43873;9
2026;Totaal over alle leeftijden;Mannen en vrouwen;Utrecht (GA);2021;499226;357208;52829;23623;29206;89189;44774;44415;9
2027;Totaal over alle leeftijden;Mannen en vrouwen;Utrecht (GA);2022;503149;359609;53464;23876;29588;90076;45039;45037;9
2028;Totaal over alle leeftijden;Mannen en vrouwen;Utrecht (GA);2023;506936;361981;54142;24207;29935;90813;45257;45556;9
2029;Totaal over alle leeftijden;Mannen en vrouwen;Utrecht (GA);2024;510649;364217;54910;24498;30412;91522;45474;46048;9
2030;Totaal over alle leeftijden;Mannen en vrouwen;Utrecht (GA);2025;514061;366158;55617;24898;30719;92286;45766;46520;9
2031;Totaal over alle leeftijden;Mannen en vrouwen;Utrecht (GA);2026;517495;368276;56359;25256;31103;92860;45879;46981;9
2032;Totaal over alle leeftijden;Mannen en vrouwen;Utrecht (GA);2027;520856;370160;57153;25661;31492;93543;46125;47418;9
2033;Totaal over alle leeftijden;Mannen en vrouwen;Utrecht (GA);2028;523859;371543;57860;25945;31915;94456;46288;48168;9
2034;Totaal over alle leeftijden;Mannen en vrouwen;Utrecht (GA);2029;526549;373002;58638;26322;32316;94909;46349;48560;9
2035;Totaal over alle leeftijden;Mannen en vrouwen;Utrecht (GA);2030;529509;374422;59418;26722;32696;95669;46488;49181;9
2036;Totaal over alle leeftijden;Mannen en vrouwen;Utrecht (GA);2031;532044;375504;60191;27084;33107;96349;46641;49708;9
2037;Totaal over alle leeftijden;Mannen en vrouwen;Utrecht (GA);2032;535437;377304;61121;27534;33587;97012;46976;50036;9
2038;Totaal over alle leeftijden;Mannen en vrouwen;Utrecht (GA);2033;538398;378763;61945;27955;33990;97690;47082;50608;9
2039;Totaal over alle leeftijden;Mannen en vrouwen;Utrecht (GA);2034;541808;380450;62826;28320;34506;98532;47321;51211;9
2040;Totaal over alle leeftijden;Mannen en vrouwen;Utrecht (GA);2035;545533;382367;63800;28819;34981;99366;47444;51922;9
2041;Totaal over alle leeftijden;Mannen en vrouwen;Utrecht (GA);2036;548986;384164;64781;29284;35497;100041;47591;52450;9
2042;Totaal over alle leeftijden;Mannen en vrouwen;Utrecht (GA);2037;552890;386161;65794;29787;36007;100935;47759;53176;9
2043;Totaal over alle leeftijden;Mannen en vrouwen;Utrecht (GA);2038;556877;388182;66734;30159;36575;101961;48043;53918;9
2044;Totaal over alle leeftijden;Mannen en vrouwen;Utrecht (GA);2039;561026;390160;67785;30632;37153;103081;48298;54783;9
2045;Totaal over alle leeftijden;Mannen en vrouwen;Utrecht (GA);2040;564931;392156;68731;31127;37604;104044;48412;55632;9
2046;Totaal over alle leeftijden;Mannen en vrouwen;Amsterdam (GA);2010;1049554;602538;147474;78803;68671;299542;171659;127883;10
2047;Totaal over alle leeftijden;Mannen en vrouwen;Amsterdam (GA);2011;1059483;610403;150286;80275;70011;298794;168967;129827;10
2048;Totaal over alle leeftijden;Mannen en vrouwen;Amsterdam (GA);2012;1070031;618534;152909;81516;71393;298588;166635;131953;10
2049;Totaal over alle leeftijden;Mannen en vrouwen;Amsterdam (GA);2013;1079284;626102;155137;82522;72615;298045;164573;133472;10
2050;Totaal over alle leeftijden;Mannen en vrouwen;Amsterdam (GA);2014;1086530;631807;156988;83355;73633;297735;162852;134883;10
2051;Totaal over alle leeftijden;Mannen en vrouwen;Amsterdam (GA);2015;1093381;637329;158619;84014;74605;297433;161208;136225;10
2052;Totaal over alle leeftijden;Mannen en vrouwen;Amsterdam (GA);2016;1099230;641986;160119;84532;75587;297125;159878;137247;10
2053;Totaal over alle leeftijden;Mannen en vrouwen;Amsterdam (GA);2017;1104654;645851;161696;85290;76406;297107;158930;138177;10
2054;Totaal over alle leeftijden;Mannen en vrouwen;Amsterdam (GA);2018;1109621;649379;163195;86074;77121;297047;157790;139257;10
2055;Totaal over alle leeftijden;Mannen en vrouwen;Amsterdam (GA);2019;1114165;653095;164544;86843;77701;296526;156759;139767;10
2056;Totaal over alle leeftijden;Mannen en vrouwen;Amsterdam (GA);2020;1118846;656641;165925;87627;78298;296280;155758;140522;10
2057;Totaal over alle leeftijden;Mannen en vrouwen;Amsterdam (GA);2021;1123143;660049;167199;88284;78915;295895;154742;141153;10
2058;Totaal over alle leeftijden;Mannen en vrouwen;Amsterdam (GA);2022;1127209;663407;168313;88963;79350;295489;153836;141653;10
2059;Totaal over alle leeftijden;Mannen en vrouwen;Amsterdam (GA);2023;1130554;666267;169410;89629;79781;294877;152855;142022;10
2060;Totaal over alle leeftijden;Mannen en vrouwen;Amsterdam (GA);2024;1133462;668719;170578;90338;80240;294165;151775;142390;10
2061;Totaal over alle leeftijden;Mannen en vrouwen;Amsterdam (GA);2025;1136165;671125;171592;91010;80582;293448;150453;142995;10
2062;Totaal over alle leeftijden;Mannen en vrouwen;Amsterdam (GA);2026;1138591;673061;172482;91577;80905;293048;149273;143775;10
2063;Totaal over alle leeftijden;Mannen en vrouwen;Amsterdam (GA);2027;1140934;675081;173227;92206;81021;292626;148255;144371;10
2064;Totaal over alle leeftijden;Mannen en vrouwen;Amsterdam (GA);2028;1142968;676734;174111;92832;81279;292123;147159;144964;10
2065;Totaal over alle leeftijden;Mannen en vrouwen;Amsterdam (GA);2029;1145276;678478;175004;93438;81566;291794;146100;145694;10
2066;Totaal over alle leeftijden;Mannen en vrouwen;Amsterdam (GA);2030;1147197;680195;175714;93990;81724;291288;145074;146214;10
2067;Totaal over alle leeftijden;Mannen en vrouwen;Amsterdam (GA);2031;1148442;681213;176552;94606;81946;290677;143913;146764;10
2068;Totaal over alle leeftijden;Mannen en vrouwen;Amsterdam (GA);2032;1149750;682068;177463;95333;82130;290219;142816;147403;10
2069;Totaal over alle leeftijden;Mannen en vrouwen;Amsterdam (GA);2033;1151316;683036;178318;95956;82362;289962;141636;148326;10
2070;Totaal over alle leeftijden;Mannen en vrouwen;Amsterdam (GA);2034;1152886;683979;179442;96796;82646;289465;140529;148936;10
2071;Totaal over alle leeftijden;Mannen en vrouwen;Amsterdam (GA);2035;1154739;684911;180605;97714;82891;289223;139586;149637;10
2072;Totaal over alle leeftijden;Mannen en vrouwen;Amsterdam (GA);2036;1156367;685598;181777;98583;83194;288992;138443;150549;10
2073;Totaal over alle leeftijden;Mannen en vrouwen;Amsterdam (GA);2037;1158199;686378;182813;99464;83349;289008;137483;151525;10
2074;Totaal over alle leeftijden;Mannen en vrouwen;Amsterdam (GA);2038;1160050;686988;184006;100218;83788;289056;136412;152644;10
2075;Totaal over alle leeftijden;Mannen en vrouwen;Amsterdam (GA);2039;1161611;687353;184992;100883;84109;289266;135559;153707;10
2076;Totaal over alle leeftijden;Mannen en vrouwen;Amsterdam (GA);2040;1163193;687655;186163;101625;84538;289375;134537;154838;10
2077;Totaal over alle leeftijden;Mannen en vrouwen;Haarlem (GA);2010;196960;152086;22473;9045;13428;22401;12206;10195;11
2078;Totaal over alle leeftijden;Mannen en vrouwen;Haarlem (GA);2011;197504;152148;22638;9202;13436;22718;12267;10451;11
2079;Totaal over alle leeftijden;Mannen en vrouwen;Haarlem (GA);2012;198040;152299;22738;9317;13421;23003;12332;10671;11
2080;Totaal over alle leeftijden;Mannen en vrouwen;Haarlem (GA);2013;198666;152411;22915;9444;13471;23340;12408;10932;11
2081;Totaal over alle leeftijden;Mannen en vrouwen;Haarlem (GA);2014;199167;152543;22978;9488;13490;23646;12490;11156;11
2082;Totaal over alle leeftijden;Mannen en vrouwen;Haarlem (GA);2015;199400;152409;23014;9541;13473;23977;12630;11347;11
2083;Totaal over alle leeftijden;Mannen en vrouwen;Haarlem (GA);2016;199797;152366;23094;9616;13478;24337;12793;11544;11
2084;Totaal over alle leeftijden;Mannen en vrouwen;Haarlem (GA);2017;199845;152037;23179;9683;13496;24629;12880;11749;11
2085;Totaal over alle leeftijden;Mannen en vrouwen;Haarlem (GA);2018;199972;151804;23223;9713;13510;24945;13075;11870;11
2086;Totaal over alle leeftijden;Mannen en vrouwen;Haarlem (GA);2019;200349;151753;23333;9768;13565;25263;13250;12013;11
2087;Totaal over alle leeftijden;Mannen en vrouwen;Haarlem (GA);2020;200634;151619;23461;9870;13591;25554;13396;12158;11
2088;Totaal over alle leeftijden;Mannen en vrouwen;Haarlem (GA);2021;200565;151213;23546;9902;13644;25806;13488;12318;11
2089;Totaal over alle leeftijden;Mannen en vrouwen;Haarlem (GA);2022;200529;150881;23595;9933;13662;26053;13611;12442;11
2090;Totaal over alle leeftijden;Mannen en vrouwen;Haarlem (GA);2023;200523;150539;23695;9950;13745;26289;13666;12623;11
2091;Totaal over alle leeftijden;Mannen en vrouwen;Haarlem (GA);2024;200581;150268;23795;10001;13794;26518;13746;12772;11
2092;Totaal over alle leeftijden;Mannen en vrouwen;Haarlem (GA);2025;200734;149997;23883;10048;13835;26854;13927;12927;11
2093;Totaal over alle leeftijden;Mannen en vrouwen;Haarlem (GA);2026;200644;149634;23997;10084;13913;27013;14044;12969;11
2094;Totaal over alle leeftijden;Mannen en vrouwen;Haarlem (GA);2027;200647;149388;24025;10112;13913;27234;14148;13086;11
2095;Totaal over alle leeftijden;Mannen en vrouwen;Haarlem (GA);2028;200813;149300;24157;10232;13925;27356;14175;13181;11
2096;Totaal over alle leeftijden;Mannen en vrouwen;Haarlem (GA);2029;200978;149107;24277;10293;13984;27594;14233;13361;11
2097;Totaal over alle leeftijden;Mannen en vrouwen;Haarlem (GA);2030;201048;148844;24404;10323;14081;27800;14271;13529;11
2098;Totaal over alle leeftijden;Mannen en vrouwen;Haarlem (GA);2031;200869;148264;24474;10372;14102;28131;14405;13726;11
2099;Totaal over alle leeftijden;Mannen en vrouwen;Haarlem (GA);2032;200956;148075;24511;10410;14101;28370;14508;13862;11
2100;Totaal over alle leeftijden;Mannen en vrouwen;Haarlem (GA);2033;201020;147709;24715;10521;14194;28596;14633;13963;11
2101;Totaal over alle leeftijden;Mannen en vrouwen;Haarlem (GA);2034;201222;147414;24914;10572;14342;28894;14715;14179;11
2102;Totaal over alle leeftijden;Mannen en vrouwen;Haarlem (GA);2035;201503;147176;25174;10703;14471;29153;14762;14391;11
2103;Totaal over alle leeftijden;Mannen en vrouwen;Haarlem (GA);2036;201709;147043;25335;10789;14546;29331;14772;14559;11
2104;Totaal over alle leeftijden;Mannen en vrouwen;Haarlem (GA);2037;201987;146829;25511;10858;14653;29647;14860;14787;11
2105;Totaal over alle leeftijden;Mannen en vrouwen;Haarlem (GA);2038;202456;146772;25691;10985;14706;29993;14950;15043;11
2106;Totaal over alle leeftijden;Mannen en vrouwen;Haarlem (GA);2039;202734;146618;25921;11162;14759;30195;14942;15253;11
2107;Totaal over alle leeftijden;Mannen en vrouwen;Haarlem (GA);2040;203131;146495;26177;11321;14856;30459;15020;15439;11
2108;Totaal over alle leeftijden;Mannen en vrouwen;Leiden (GA);2010;250754;198048;26497;13045;13452;26209;15553;10656;12
2109;Totaal over alle leeftijden;Mannen en vrouwen;Leiden (GA);2011;251141;197759;26716;13129;13587;26666;15690;10976;12
2110;Totaal over alle leeftijden;Mannen en vrouwen;Leiden (GA);2012;251908;197556;26985;13273;13712;27367;15997;11370;12
2111;Totaal over alle leeftijden;Mannen en vrouwen;Leiden (GA);2013;252688;197504;27173;13303;13870;28011;16284;11727;12
2112;Totaal over alle leeftijden;Mannen en vrouwen;Leiden (GA);2014;253351;197236;27453;13435;14018;28662;16479;12183;12
2113;Totaal over alle leeftijden;Mannen en vrouwen;Leiden (GA);2015;254012;196980;27778;13568;14210;29254;16777;12477;12
2114;Totaal over alle leeftijden;Mannen en vrouwen;Leiden (GA);2016;254699;196892;28091;13722;14369;29716;16974;12742;12
2115;Totaal over alle leeftijden;Mannen en vrouwen;Leiden (GA);2017;255537;196636;28408;13858;14550;30493;17327;13166;12
2116;Totaal over alle leeftijden;Mannen en vrouwen;Leiden (GA);2018;256511;196512;28816;14027;14789;31183;17641;13542;12
2117;Totaal over alle leeftijden;Mannen en vrouwen;Leiden (GA);2019;257112;196231;29020;14080;14940;31861;17947;13914;12
2118;Totaal over alle leeftijden;Mannen en vrouwen;Leiden (GA);2020;258020;196221;29351;14236;15115;32448;18232;14216;12
2119;Totaal over alle leeftijden;Mannen en vrouwen;Leiden (GA);2021;259269;196464;29732;14408;15324;33073;18490;14583;12
2120;Totaal over alle leeftijden;Mannen en vrouwen;Leiden (GA);2022;260224;196345;30157;14580;15577;33722;18748;14974;12
2121;Totaal over alle leeftijden;Mannen en vrouwen;Leiden (GA);2023;261114;196353;30408;14627;15781;34353;18996;15357;12
2122;Totaal over alle leeftijden;Mannen en vrouwen;Leiden (GA);2024;262224;196413;30762;14793;15969;35049;19255;15794;12
2123;Totaal over alle leeftijden;Mannen en vrouwen;Leiden (GA);2025;263176;196450;31128;14980;16148;35598;19414;16184;12
2124;Totaal over alle leeftijden;Mannen en vrouwen;Leiden (GA);2026;264128;196430;31441;15166;16275;36257;19661;16596;12
2125;Totaal over alle leeftijden;Mannen en vrouwen;Leiden (GA);2027;264942;196261;31781;15357;16424;36900;20003;16897;12
2126;Totaal over alle leeftijden;Mannen en vrouwen;Leiden (GA);2028;265760;196212;32141;15548;16593;37407;20243;17164;12
2127;Totaal over alle leeftijden;Mannen en vrouwen;Leiden (GA);2029;266587;196126;32502;15689;16813;37959;20507;17452;12
2128;Totaal over alle leeftijden;Mannen en vrouwen;Leiden (GA);2030;267393;196003;32949;15872;17077;38441;20688;17753;12
2129;Totaal over alle leeftijden;Mannen en vrouwen;Leiden (GA);2031;268174;195851;33263;16031;17232;39060;21014;18046;12
2130;Totaal over alle leeftijden;Mannen en vrouwen;Leiden (GA);2032;268588;195449;33672;16134;17538;39467;21162;18305;12
2131;Totaal over alle leeftijden;Mannen en vrouwen;Leiden (GA);2033;269032;195050;34081;16280;17801;39901;21387;18514;12
2132;Totaal over alle leeftijden;Mannen en vrouwen;Leiden (GA);2034;269315;194660;34349;16357;17992;40306;21528;18778;12
2133;Totaal over alle leeftijden;Mannen en vrouwen;Leiden (GA);2035;269492;194107;34643;16451;18192;40742;21697;19045;12
2134;Totaal over alle leeftijden;Mannen en vrouwen;Leiden (GA);2036;269741;193563;34956;16593;18363;41222;21876;19346;12
2135;Totaal over alle leeftijden;Mannen en vrouwen;Leiden (GA);2037;269607;192811;35199;16653;18546;41597;22011;19586;12
2136;Totaal over alle leeftijden;Mannen en vrouwen;Leiden (GA);2038;269401;192071;35557;16842;18715;41773;22099;19674;12
2137;Totaal over alle leeftijden;Mannen en vrouwen;Leiden (GA);2039;269271;191293;35854;16910;18944;42124;22128;19996;12
2138;Totaal over alle leeftijden;Mannen en vrouwen;Leiden (GA);2040;268805;190400;36100;16990;19110;42305;22234;20071;12
2139;Totaal over alle leeftijden;Mannen en vrouwen;'s-Gravenhage (GA);2010;630953;364681;93044;51866;41178;173228;103383;69845;13
2140;Totaal over alle leeftijden;Mannen en vrouwen;'s-Gravenhage (GA);2011;634714;365944;95438;53833;41605;173332;102376;70956;13
2141;Totaal over alle leeftijden;Mannen en vrouwen;'s-Gravenhage (GA);2012;637219;366205;97415;55433;41982;173599;101413;72186;13
2142;Totaal over alle leeftijden;Mannen en vrouwen;'s-Gravenhage (GA);2013;639646;366547;99044;56824;42220;174055;100851;73204;13
2143;Totaal over alle leeftijden;Mannen en vrouwen;'s-Gravenhage (GA);2014;642248;367078;100483;58166;42317;174687;100607;74080;13
2144;Totaal over alle leeftijden;Mannen en vrouwen;'s-Gravenhage (GA);2015;644606;367566;101591;59563;42028;175449;100640;74809;13
2145;Totaal over alle leeftijden;Mannen en vrouwen;'s-Gravenhage (GA);2016;647271;368220;102781;60897;41884;176270;100716;75554;13
2146;Totaal over alle leeftijden;Mannen en vrouwen;'s-Gravenhage (GA);2017;649724;368644;104185;62252;41933;176895;100851;76044;13
2147;Totaal over alle leeftijden;Mannen en vrouwen;'s-Gravenhage (GA);2018;652273;369123;105651;63599;42052;177499;100888;76611;13
2148;Totaal over alle leeftijden;Mannen en vrouwen;'s-Gravenhage (GA);2019;654466;369230;107143;64969;42174;178093;101120;76973;13
2149;Totaal over alle leeftijden;Mannen en vrouwen;'s-Gravenhage (GA);2020;656235;368926;108705;66405;42300;178604;101336;77268;13
2150;Totaal over alle leeftijden;Mannen en vrouwen;'s-Gravenhage (GA);2021;657904;368648;110187;67789;42398;179069;101481;77588;13
2151;Totaal over alle leeftijden;Mannen en vrouwen;'s-Gravenhage (GA);2022;659807;368604;111760;69163;42597;179443;101524;77919;13
2152;Totaal over alle leeftijden;Mannen en vrouwen;'s-Gravenhage (GA);2023;661453;368639;113217;70532;42685;179597;101496;78101;13
2153;Totaal over alle leeftijden;Mannen en vrouwen;'s-Gravenhage (GA);2024;663373;368647;114817;71956;42861;179909;101413;78496;13
2154;Totaal over alle leeftijden;Mannen en vrouwen;'s-Gravenhage (GA);2025;665048;368705;116276;73240;43036;180067;101399;78668;13
2155;Totaal over alle leeftijden;Mannen en vrouwen;'s-Gravenhage (GA);2026;666388;368422;117910;74627;43283;180056;101275;78781;13
2156;Totaal over alle leeftijden;Mannen en vrouwen;'s-Gravenhage (GA);2027;667526;367950;119614;76097;43517;179962;101184;78778;13
2157;Totaal over alle leeftijden;Mannen en vrouwen;'s-Gravenhage (GA);2028;668590;367605;121186;77456;43730;179799;101018;78781;13
2158;Totaal over alle leeftijden;Mannen en vrouwen;'s-Gravenhage (GA);2029;670172;367479;122953;78949;44004;179740;100832;78908;13
2159;Totaal over alle leeftijden;Mannen en vrouwen;'s-Gravenhage (GA);2030;671406;367065;124790;80567;44223;179551;100469;79082;13
2160;Totaal over alle leeftijden;Mannen en vrouwen;'s-Gravenhage (GA);2031;673641;367231;126618;82106;44512;179792;100349;79443;13
2161;Totaal over alle leeftijden;Mannen en vrouwen;'s-Gravenhage (GA);2032;675565;367159;128409;83657;44752;179997;100232;79765;13
2162;Totaal over alle leeftijden;Mannen en vrouwen;'s-Gravenhage (GA);2033;677529;367118;130284;85217;45067;180127;99982;80145;13
2163;Totaal over alle leeftijden;Mannen en vrouwen;'s-Gravenhage (GA);2034;679666;366999;132196;86760;45436;180471;99722;80749;13
2164;Totaal over alle leeftijden;Mannen en vrouwen;'s-Gravenhage (GA);2035;681954;367099;134209;88537;45672;180646;99379;81267;13
2165;Totaal over alle leeftijden;Mannen en vrouwen;'s-Gravenhage (GA);2036;683970;367285;135979;90156;45823;180706;99015;81691;13
2166;Totaal over alle leeftijden;Mannen en vrouwen;'s-Gravenhage (GA);2037;686308;367240;138031;91875;46156;181037;98696;82341;13
2167;Totaal over alle leeftijden;Mannen en vrouwen;'s-Gravenhage (GA);2038;688503;367404;139875;93489;46386;181224;98365;82859;13
2168;Totaal over alle leeftijden;Mannen en vrouwen;'s-Gravenhage (GA);2039;690825;367277;141792;95146;46646;181756;98072;83684;13
2169;Totaal over alle leeftijden;Mannen en vrouwen;'s-Gravenhage (GA);2040;693747;367651;143945;96951;46994;182151;97774;84377;13
2170;Totaal over alle leeftijden;Mannen en vrouwen;Rotterdam (GA);2010;986777;620282;96260;48579;47681;270235;150879;119356;14
2171;Totaal over alle leeftijden;Mannen en vrouwen;Rotterdam (GA);2011;989131;622567;97346;49752;47594;269218;148575;120643;14
2172;Totaal over alle leeftijden;Mannen en vrouwen;Rotterdam (GA);2012;993363;626228;98387;50896;47491;268748;146720;122028;14
2173;Totaal over alle leeftijden;Mannen en vrouwen;Rotterdam (GA);2013;997282;629486;99319;51807;47512;268477;145439;123038;14
2174;Totaal over alle leeftijden;Mannen en vrouwen;Rotterdam (GA);2014;1001372;632844;100247;52688;47559;268281;144225;124056;14
2175;Totaal over alle leeftijden;Mannen en vrouwen;Rotterdam (GA);2015;1004946;635444;101345;53552;47793;268157;143192;124965;14
2176;Totaal over alle leeftijden;Mannen en vrouwen;Rotterdam (GA);2016;1008142;637567;102357;54380;47977;268218;142488;125730;14
2177;Totaal over alle leeftijden;Mannen en vrouwen;Rotterdam (GA);2017;1011354;639876;103448;55331;48117;268030;141715;126315;14
2178;Totaal over alle leeftijden;Mannen en vrouwen;Rotterdam (GA);2018;1014549;642143;104450;56149;48301;267956;141186;126770;14
2179;Totaal over alle leeftijden;Mannen en vrouwen;Rotterdam (GA);2019;1017542;644212;105598;57087;48511;267732;140470;127262;14
2180;Totaal over alle leeftijden;Mannen en vrouwen;Rotterdam (GA);2020;1020626;646473;106629;57833;48796;267524;139899;127625;14
2181;Totaal over alle leeftijden;Mannen en vrouwen;Rotterdam (GA);2021;1023213;648335;107592;58693;48899;267286;139309;127977;14
2182;Totaal over alle leeftijden;Mannen en vrouwen;Rotterdam (GA);2022;1026077;650462;108816;59532;49284;266799;138682;128117;14
2183;Totaal over alle leeftijden;Mannen en vrouwen;Rotterdam (GA);2023;1028658;652262;109902;60295;49607;266494;138052;128442;14
2184;Totaal over alle leeftijden;Mannen en vrouwen;Rotterdam (GA);2024;1030986;653991;111002;61120;49882;265993;137413;128580;14
2185;Totaal over alle leeftijden;Mannen en vrouwen;Rotterdam (GA);2025;1033368;655620;112120;62034;50086;265628;136773;128855;14
2186;Totaal over alle leeftijden;Mannen en vrouwen;Rotterdam (GA);2026;1035183;656948;113127;62875;50252;265108;136097;129011;14
2187;Totaal over alle leeftijden;Mannen en vrouwen;Rotterdam (GA);2027;1037305;658222;114213;63679;50534;264870;135563;129307;14
2188;Totaal over alle leeftijden;Mannen en vrouwen;Rotterdam (GA);2028;1039256;659346;115238;64465;50773;264672;134982;129690;14
2189;Totaal over alle leeftijden;Mannen en vrouwen;Rotterdam (GA);2029;1040872;660420;116223;65285;50938;264229;134343;129886;14
2190;Totaal over alle leeftijden;Mannen en vrouwen;Rotterdam (GA);2030;1041906;660879;117225;66171;51054;263802;133795;130007;14
2191;Totaal over alle leeftijden;Mannen en vrouwen;Rotterdam (GA);2031;1043432;661734;118164;66940;51224;263534;133134;130400;14
2192;Totaal over alle leeftijden;Mannen en vrouwen;Rotterdam (GA);2032;1044850;662385;119203;67778;51425;263262;132500;130762;14
2193;Totaal over alle leeftijden;Mannen en vrouwen;Rotterdam (GA);2033;1045692;662562;120194;68590;51604;262936;131721;131215;14
2194;Totaal over alle leeftijden;Mannen en vrouwen;Rotterdam (GA);2034;1046628;662674;121198;69410;51788;262756;131022;131734;14
2195;Totaal over alle leeftijden;Mannen en vrouwen;Rotterdam (GA);2035;1047131;662592;122160;70108;52052;262379;130155;132224;14
2196;Totaal over alle leeftijden;Mannen en vrouwen;Rotterdam (GA);2036;1047171;662074;123198;70896;52302;261899;129331;132568;14
2197;Totaal over alle leeftijden;Mannen en vrouwen;Rotterdam (GA);2037;1046974;661368;124075;71599;52476;261531;128459;133072;14
2198;Totaal over alle leeftijden;Mannen en vrouwen;Rotterdam (GA);2038;1047077;660710;124876;72265;52611;261491;127525;133966;14
2199;Totaal over alle leeftijden;Mannen en vrouwen;Rotterdam (GA);2039;1046991;659695;125826;72988;52838;261470;126633;134837;14
2200;Totaal over alle leeftijden;Mannen en vrouwen;Rotterdam (GA);2040;1046422;658243;126809;73745;53064;261370;125696;135674;14
2201;Totaal over alle leeftijden;Mannen en vrouwen;Dordrecht (GA);2010;237326;188724;19531;8197;11334;29071;16168;12903;15
2202;Totaal over alle leeftijden;Mannen en vrouwen;Dordrecht (GA);2011;237717;188671;19773;8394;11379;29273;16137;13136;15
2203;Totaal over alle leeftijden;Mannen en vrouwen;Dordrecht (GA);2012;237982;188650;19918;8504;11414;29414;16117;13297;15
2204;Totaal over alle leeftijden;Mannen en vrouwen;Dordrecht (GA);2013;238190;188451;20137;8643;11494;29602;16154;13448;15
2205;Totaal over alle leeftijden;Mannen en vrouwen;Dordrecht (GA);2014;238491;188540;20307;8716;11591;29644;16199;13445;15
2206;Totaal over alle leeftijden;Mannen en vrouwen;Dordrecht (GA);2015;238931;188550;20479;8820;11659;29902;16308;13594;15
2207;Totaal over alle leeftijden;Mannen en vrouwen;Dordrecht (GA);2016;239544;188814;20660;8911;11749;30070;16348;13722;15
2208;Totaal over alle leeftijden;Mannen en vrouwen;Dordrecht (GA);2017;239947;188762;20859;9002;11857;30326;16458;13868;15
2209;Totaal over alle leeftijden;Mannen en vrouwen;Dordrecht (GA);2018;240175;188515;21010;9054;11956;30650;16568;14082;15
2210;Totaal over alle leeftijden;Mannen en vrouwen;Dordrecht (GA);2019;240546;188444;21138;9121;12017;30964;16656;14308;15
2211;Totaal over alle leeftijden;Mannen en vrouwen;Dordrecht (GA);2020;240911;188277;21343;9235;12108;31291;16769;14522;15
2212;Totaal over alle leeftijden;Mannen en vrouwen;Dordrecht (GA);2021;241239;188024;21577;9322;12255;31638;16923;14715;15
2213;Totaal over alle leeftijden;Mannen en vrouwen;Dordrecht (GA);2022;241901;188105;21826;9427;12399;31970;17029;14941;15
2214;Totaal over alle leeftijden;Mannen en vrouwen;Dordrecht (GA);2023;242311;187862;22077;9540;12537;32372;17203;15169;15
2215;Totaal over alle leeftijden;Mannen en vrouwen;Dordrecht (GA);2024;242758;187783;22292;9655;12637;32683;17304;15379;15
2216;Totaal over alle leeftijden;Mannen en vrouwen;Dordrecht (GA);2025;242969;187532;22409;9736;12673;33028;17461;15567;15
2217;Totaal over alle leeftijden;Mannen en vrouwen;Dordrecht (GA);2026;243504;187480;22614;9886;12728;33410;17607;15803;15
2218;Totaal over alle leeftijden;Mannen en vrouwen;Dordrecht (GA);2027;243912;187260;22914;10025;12889;33738;17673;16065;15
2219;Totaal over alle leeftijden;Mannen en vrouwen;Dordrecht (GA);2028;243951;186794;23063;10094;12969;34094;17808;16286;15
2220;Totaal over alle leeftijden;Mannen en vrouwen;Dordrecht (GA);2029;244032;186347;23243;10179;13064;34442;17974;16468;15
2221;Totaal over alle leeftijden;Mannen en vrouwen;Dordrecht (GA);2030;244000;185901;23348;10269;13079;34751;18052;16699;15
2222;Totaal over alle leeftijden;Mannen en vrouwen;Dordrecht (GA);2031;244062;185476;23503;10363;13140;35083;18119;16964;15
2223;Totaal over alle leeftijden;Mannen en vrouwen;Dordrecht (GA);2032;244024;185065;23612;10445;13167;35347;18136;17211;15
2224;Totaal over alle leeftijden;Mannen en vrouwen;Dordrecht (GA);2033;244016;184580;23731;10539;13192;35705;18275;17430;15
2225;Totaal over alle leeftijden;Mannen en vrouwen;Dordrecht (GA);2034;243772;183902;23852;10599;13253;36018;18306;17712;15
2226;Totaal over alle leeftijden;Mannen en vrouwen;Dordrecht (GA);2035;243398;183123;23970;10659;13311;36305;18379;17926;15
2227;Totaal over alle leeftijden;Mannen en vrouwen;Dordrecht (GA);2036;242834;182210;24049;10699;13350;36575;18511;18064;15
2228;Totaal over alle leeftijden;Mannen en vrouwen;Dordrecht (GA);2037;242262;181358;24056;10770;13286;36848;18528;18320;15
2229;Totaal over alle leeftijden;Mannen en vrouwen;Dordrecht (GA);2038;241512;180357;24078;10789;13289;37077;18568;18509;15
2230;Totaal over alle leeftijden;Mannen en vrouwen;Dordrecht (GA);2039;240892;179438;24109;10794;13315;37345;18625;18720;15
2231;Totaal over alle leeftijden;Mannen en vrouwen;Dordrecht (GA);2040;240330;178517;24166;10865;13301;37647;18689;18958;15
2232;Totaal over alle leeftijden;Mannen en vrouwen;Breda (GA);2010;173838;136333;18820;7958;10862;18685;10085;8600;16
2233;Totaal over alle leeftijden;Mannen en vrouwen;Breda (GA);2011;174764;136318;19385;8416;10969;19061;10177;8884;16
2234;Totaal over alle leeftijden;Mannen en vrouwen;Breda (GA);2012;175679;136285;19906;8853;11053;19488;10314;9174;16
2235;Totaal over alle leeftijden;Mannen en vrouwen;Breda (GA);2013;176330;136294;20292;9183;11109;19744;10435;9309;16
2236;Totaal over alle leeftijden;Mannen en vrouwen;Breda (GA);2014;176715;135921;20735;9510;11225;20059;10548;9511;16
2237;Totaal over alle leeftijden;Mannen en vrouwen;Breda (GA);2015;177143;135603;21168;9776;11392;20372;10648;9724;16
2238;Totaal over alle leeftijden;Mannen en vrouwen;Breda (GA);2016;177565;135298;21610;10040;11570;20657;10800;9857;16
2239;Totaal over alle leeftijden;Mannen en vrouwen;Breda (GA);2017;178243;135159;22140;10393;11747;20944;10912;10032;16
2240;Totaal over alle leeftijden;Mannen en vrouwen;Breda (GA);2018;179148;135194;22664;10711;11953;21290;11097;10193;16
2241;Totaal over alle leeftijden;Mannen en vrouwen;Breda (GA);2019;179999;135195;23169;11026;12143;21635;11196;10439;16
2242;Totaal over alle leeftijden;Mannen en vrouwen;Breda (GA);2020;180874;135261;23662;11336;12326;21951;11389;10562;16
2243;Totaal over alle leeftijden;Mannen en vrouwen;Breda (GA);2021;181763;135288;24196;11635;12561;22279;11495;10784;16
2244;Totaal over alle leeftijden;Mannen en vrouwen;Breda (GA);2022;182645;135495;24603;11975;12628;22547;11636;10911;16
2245;Totaal over alle leeftijden;Mannen en vrouwen;Breda (GA);2023;183798;135837;25102;12306;12796;22859;11790;11069;16
2246;Totaal over alle leeftijden;Mannen en vrouwen;Breda (GA);2024;184919;136035;25577;12652;12925;23307;12010;11297;16
2247;Totaal over alle leeftijden;Mannen en vrouwen;Breda (GA);2025;185959;136262;26073;12988;13085;23624;12199;11425;16
2248;Totaal over alle leeftijden;Mannen en vrouwen;Breda (GA);2026;187021;136534;26603;13309;13294;23884;12360;11524;16
2249;Totaal over alle leeftijden;Mannen en vrouwen;Breda (GA);2027;187951;136756;27073;13697;13376;24122;12486;11636;16
2250;Totaal over alle leeftijden;Mannen en vrouwen;Breda (GA);2028;188824;136841;27538;14060;13478;24445;12617;11828;16
2251;Totaal over alle leeftijden;Mannen en vrouwen;Breda (GA);2029;189730;137020;27901;14339;13562;24809;12782;12027;16
2252;Totaal over alle leeftijden;Mannen en vrouwen;Breda (GA);2030;190595;137016;28361;14690;13671;25218;12906;12312;16
2253;Totaal over alle leeftijden;Mannen en vrouwen;Breda (GA);2031;191465;137142;28819;15037;13782;25504;13057;12447;16
2254;Totaal over alle leeftijden;Mannen en vrouwen;Breda (GA);2032;192127;137257;29199;15358;13841;25671;13129;12542;16
2255;Totaal over alle leeftijden;Mannen en vrouwen;Breda (GA);2033;192938;137263;29648;15712;13936;26027;13331;12696;16
2256;Totaal over alle leeftijden;Mannen en vrouwen;Breda (GA);2034;193738;137382;30057;16041;14016;26299;13461;12838;16
2257;Totaal over alle leeftijden;Mannen en vrouwen;Breda (GA);2035;194490;137640;30446;16355;14091;26404;13556;12848;16
2258;Totaal over alle leeftijden;Mannen en vrouwen;Breda (GA);2036;195272;137754;30871;16653;14218;26647;13674;12973;16
2259;Totaal over alle leeftijden;Mannen en vrouwen;Breda (GA);2037;196026;137886;31288;16990;14298;26852;13765;13087;16
2260;Totaal over alle leeftijden;Mannen en vrouwen;Breda (GA);2038;196884;138056;31644;17214;14430;27184;13893;13291;16
2261;Totaal over alle leeftijden;Mannen en vrouwen;Breda (GA);2039;197569;138122;32045;17520;14525;27402;13956;13446;16
2262;Totaal over alle leeftijden;Mannen en vrouwen;Breda (GA);2040;198190;138077;32445;17805;14640;27668;14099;13569;16
2263;Totaal over alle leeftijden;Mannen en vrouwen;Tilburg (GA);2010;228130;179763;19700;8525;11175;28667;16183;12484;17
2264;Totaal over alle leeftijden;Mannen en vrouwen;Tilburg (GA);2011;229521;180741;20036;8818;11218;28744;16025;12719;17
2265;Totaal over alle leeftijden;Mannen en vrouwen;Tilburg (GA);2012;231018;181648;20364;9102;11262;29006;16034;12972;17
2266;Totaal over alle leeftijden;Mannen en vrouwen;Tilburg (GA);2013;232394;182452;20726;9405;11321;29216;16025;13191;17
2267;Totaal over alle leeftijden;Mannen en vrouwen;Tilburg (GA);2014;233593;183083;21035;9664;11371;29475;16081;13394;17
2268;Totaal over alle leeftijden;Mannen en vrouwen;Tilburg (GA);2015;234771;183757;21272;9822;11450;29742;16185;13557;17
2269;Totaal over alle leeftijden;Mannen en vrouwen;Tilburg (GA);2016;235800;184243;21481;9998;11483;30076;16309;13767;17
2270;Totaal over alle leeftijden;Mannen en vrouwen;Tilburg (GA);2017;236925;184950;21708;10206;11502;30267;16412;13855;17
2271;Totaal over alle leeftijden;Mannen en vrouwen;Tilburg (GA);2018;238063;185546;22025;10441;11584;30492;16504;13988;17
2272;Totaal over alle leeftijden;Mannen en vrouwen;Tilburg (GA);2019;239368;186144;22381;10674;11707;30843;16683;14160;17
2273;Totaal over alle leeftijden;Mannen en vrouwen;Tilburg (GA);2020;240439;186599;22742;10904;11838;31098;16836;14262;17
2274;Totaal over alle leeftijden;Mannen en vrouwen;Tilburg (GA);2021;241611;187123;23024;11095;11929;31464;16948;14516;17
2275;Totaal over alle leeftijden;Mannen en vrouwen;Tilburg (GA);2022;242836;187690;23268;11248;12020;31878;17139;14739;17
2276;Totaal over alle leeftijden;Mannen en vrouwen;Tilburg (GA);2023;244064;188318;23610;11506;12104;32136;17218;14918;17
2277;Totaal over alle leeftijden;Mannen en vrouwen;Tilburg (GA);2024;245304;188918;23874;11658;12216;32512;17378;15134;17
2278;Totaal over alle leeftijden;Mannen en vrouwen;Tilburg (GA);2025;246542;189492;24221;11891;12330;32829;17571;15258;17
2279;Totaal over alle leeftijden;Mannen en vrouwen;Tilburg (GA);2026;247776;190066;24586;12118;12468;33124;17730;15394;17
2280;Totaal over alle leeftijden;Mannen en vrouwen;Tilburg (GA);2027;249039;190523;25029;12449;12580;33487;17872;15615;17
2281;Totaal over alle leeftijden;Mannen en vrouwen;Tilburg (GA);2028;250305;191099;25374;12672;12702;33832;18041;15791;17
2282;Totaal over alle leeftijden;Mannen en vrouwen;Tilburg (GA);2029;251442;191550;25724;12904;12820;34168;18170;15998;17
2283;Totaal over alle leeftijden;Mannen en vrouwen;Tilburg (GA);2030;252606;191971;26171;13197;12974;34464;18221;16243;17
2284;Totaal over alle leeftijden;Mannen en vrouwen;Tilburg (GA);2031;253648;192258;26552;13427;13125;34838;18329;16509;17
2285;Totaal over alle leeftijden;Mannen en vrouwen;Tilburg (GA);2032;254815;192720;26957;13665;13292;35138;18406;16732;17
2286;Totaal over alle leeftijden;Mannen en vrouwen;Tilburg (GA);2033;255942;193061;27307;13878;13429;35574;18509;17065;17
2287;Totaal over alle leeftijden;Mannen en vrouwen;Tilburg (GA);2034;256922;193268;27779;14157;13622;35875;18587;17288;17
2288;Totaal over alle leeftijden;Mannen en vrouwen;Tilburg (GA);2035;257888;193377;28178;14421;13757;36333;18643;17690;17
2289;Totaal over alle leeftijden;Mannen en vrouwen;Tilburg (GA);2036;258745;193472;28611;14720;13891;36662;18710;17952;17
2290;Totaal over alle leeftijden;Mannen en vrouwen;Tilburg (GA);2037;259461;193431;29010;14958;14052;37020;18870;18150;17
2291;Totaal over alle leeftijden;Mannen en vrouwen;Tilburg (GA);2038;260093;193498;29361;15168;14193;37234;18939;18295;17
2292;Totaal over alle leeftijden;Mannen en vrouwen;Tilburg (GA);2039;260801;193421;29842;15489;14353;37538;18999;18539;17
2293;Totaal over alle leeftijden;Mannen en vrouwen;Tilburg (GA);2040;261170;193165;30171;15689;14482;37834;19056;18778;17
2294;Totaal over alle leeftijden;Mannen en vrouwen;'s-Hertogenbosch (GA);2010;164226;134593;14579;5680;8899;15054;8413;6641;18
2295;Totaal over alle leeftijden;Mannen en vrouwen;'s-Hertogenbosch (GA);2011;165001;135062;14689;5782;8907;15250;8500;6750;18
2296;Totaal over alle leeftijden;Mannen en vrouwen;'s-Hertogenbosch (GA);2012;165603;135361;14772;5846;8926;15470;8661;6809;18
2297;Totaal over alle leeftijden;Mannen en vrouwen;'s-Hertogenbosch (GA);2013;166348;135963;14785;5836;8949;15600;8719;6881;18
2298;Totaal over alle leeftijden;Mannen en vrouwen;'s-Hertogenbosch (GA);2014;167179;136483;14924;5909;9015;15772;8823;6949;18
2299;Totaal over alle leeftijden;Mannen en vrouwen;'s-Hertogenbosch (GA);2015;167631;136709;14995;5937;9058;15927;8975;6952;18
2300;Totaal over alle leeftijden;Mannen en vrouwen;'s-Hertogenbosch (GA);2016;168211;137113;14962;5900;9062;16136;9138;6998;18
2301;Totaal over alle leeftijden;Mannen en vrouwen;'s-Hertogenbosch (GA);2017;168522;137155;14993;5901;9092;16374;9295;7079;18
2302;Totaal over alle leeftijden;Mannen en vrouwen;'s-Hertogenbosch (GA);2018;168897;137245;15058;5916;9142;16594;9459;7135;18
2303;Totaal over alle leeftijden;Mannen en vrouwen;'s-Hertogenbosch (GA);2019;169233;137328;15164;5995;9169;16741;9571;7170;18
2304;Totaal over alle leeftijden;Mannen en vrouwen;'s-Hertogenbosch (GA);2020;169455;137197;15289;6052;9237;16969;9746;7223;18
2305;Totaal over alle leeftijden;Mannen en vrouwen;'s-Hertogenbosch (GA);2021;169570;137015;15370;6093;9277;17185;9849;7336;18
2306;Totaal over alle leeftijden;Mannen en vrouwen;'s-Hertogenbosch (GA);2022;169857;136927;15486;6163;9323;17444;9964;7480;18
2307;Totaal over alle leeftijden;Mannen en vrouwen;'s-Hertogenbosch (GA);2023;169966;136681;15628;6230;9398;17657;10095;7562;18
2308;Totaal over alle leeftijden;Mannen en vrouwen;'s-Hertogenbosch (GA);2024;170086;136673;15651;6238;9413;17762;10183;7579;18
2309;Totaal over alle leeftijden;Mannen en vrouwen;'s-Hertogenbosch (GA);2025;170241;136528;15772;6335;9437;17941;10271;7670;18
2310;Totaal over alle leeftijden;Mannen en vrouwen;'s-Hertogenbosch (GA);2026;170308;136331;15831;6386;9445;18146;10401;7745;18
2311;Totaal over alle leeftijden;Mannen en vrouwen;'s-Hertogenbosch (GA);2027;170256;136024;15840;6409;9431;18392;10567;7825;18
2312;Totaal over alle leeftijden;Mannen en vrouwen;'s-Hertogenbosch (GA);2028;170201;135791;15854;6401;9453;18556;10676;7880;18
2313;Totaal over alle leeftijden;Mannen en vrouwen;'s-Hertogenbosch (GA);2029;170122;135377;15928;6461;9467;18817;10824;7993;18
2314;Totaal over alle leeftijden;Mannen en vrouwen;'s-Hertogenbosch (GA);2030;170143;135082;16012;6472;9540;19049;10903;8146;18
2315;Totaal over alle leeftijden;Mannen en vrouwen;'s-Hertogenbosch (GA);2031;170124;134684;16155;6550;9605;19285;11021;8264;18
2316;Totaal over alle leeftijden;Mannen en vrouwen;'s-Hertogenbosch (GA);2032;170074;134355;16220;6591;9629;19499;11111;8388;18
2317;Totaal over alle leeftijden;Mannen en vrouwen;'s-Hertogenbosch (GA);2033;169972;133972;16243;6593;9650;19757;11230;8527;18
2318;Totaal over alle leeftijden;Mannen en vrouwen;'s-Hertogenbosch (GA);2034;169876;133575;16276;6627;9649;20025;11269;8756;18
2319;Totaal over alle leeftijden;Mannen en vrouwen;'s-Hertogenbosch (GA);2035;169762;133131;16344;6626;9718;20287;11333;8954;18
2320;Totaal over alle leeftijden;Mannen en vrouwen;'s-Hertogenbosch (GA);2036;169697;132811;16413;6657;9756;20473;11380;9093;18
2321;Totaal over alle leeftijden;Mannen en vrouwen;'s-Hertogenbosch (GA);2037;169538;132310;16492;6698;9794;20736;11473;9263;18
2322;Totaal over alle leeftijden;Mannen en vrouwen;'s-Hertogenbosch (GA);2038;169108;131627;16552;6730;9822;20929;11536;9393;18
2323;Totaal over alle leeftijden;Mannen en vrouwen;'s-Hertogenbosch (GA);2039;168826;131055;16563;6773;9790;21208;11645;9563;18
2324;Totaal over alle leeftijden;Mannen en vrouwen;'s-Hertogenbosch (GA);2040;168464;130441;16608;6800;9808;21415;11722;9693;18
2325;Totaal over alle leeftijden;Mannen en vrouwen;Eindhoven (GA);2010;327665;252383;36675;16344;20331;38607;22633;15974;19
2326;Totaal over alle leeftijden;Mannen en vrouwen;Eindhoven (GA);2011;329656;253485;37147;16749;20398;39024;22722;16302;19
2327;Totaal over alle leeftijden;Mannen en vrouwen;Eindhoven (GA);2012;331284;254236;37627;17115;20512;39421;22768;16653;19
2328;Totaal over alle leeftijden;Mannen en vrouwen;Eindhoven (GA);2013;333126;255320;38001;17450;20551;39805;22879;16926;19
2329;Totaal over alle leeftijden;Mannen en vrouwen;Eindhoven (GA);2014;334573;256008;38381;17715;20666;40184;22942;17242;19
2330;Totaal over alle leeftijden;Mannen en vrouwen;Eindhoven (GA);2015;335702;256438;38721;17957;20764;40543;23090;17453;19
2331;Totaal over alle leeftijden;Mannen en vrouwen;Eindhoven (GA);2016;336901;256731;39067;18200;20867;41103;23337;17766;19
2332;Totaal over alle leeftijden;Mannen en vrouwen;Eindhoven (GA);2017;337775;256783;39360;18450;20910;41632;23508;18124;19
2333;Totaal over alle leeftijden;Mannen en vrouwen;Eindhoven (GA);2018;338634;256822;39631;18734;20897;42181;23748;18433;19
2334;Totaal over alle leeftijden;Mannen en vrouwen;Eindhoven (GA);2019;339470;257086;39773;18927;20846;42611;23930;18681;19
2335;Totaal over alle leeftijden;Mannen en vrouwen;Eindhoven (GA);2020;339901;256850;40051;19175;20876;43000;24187;18813;19
2336;Totaal over alle leeftijden;Mannen en vrouwen;Eindhoven (GA);2021;340238;256547;40246;19391;20855;43445;24426;19019;19
2337;Totaal over alle leeftijden;Mannen en vrouwen;Eindhoven (GA);2022;340857;256507;40564;19601;20963;43786;24589;19197;19
2338;Totaal over alle leeftijden;Mannen en vrouwen;Eindhoven (GA);2023;341619;256495;40802;19828;20974;44322;24894;19428;19
2339;Totaal over alle leeftijden;Mannen en vrouwen;Eindhoven (GA);2024;342167;256302;41050;20113;20937;44815;25065;19750;19
2340;Totaal over alle leeftijden;Mannen en vrouwen;Eindhoven (GA);2025;342487;255792;41339;20330;21009;45356;25319;20037;19
2341;Totaal over alle leeftijden;Mannen en vrouwen;Eindhoven (GA);2026;342862;255289;41631;20570;21061;45942;25565;20377;19
2342;Totaal over alle leeftijden;Mannen en vrouwen;Eindhoven (GA);2027;343178;254851;41905;20829;21076;46422;25751;20671;19
2343;Totaal over alle leeftijden;Mannen en vrouwen;Eindhoven (GA);2028;343573;254339;42143;21063;21080;47091;25899;21192;19
2344;Totaal over alle leeftijden;Mannen en vrouwen;Eindhoven (GA);2029;343727;253776;42362;21257;21105;47589;26072;21517;19
2345;Totaal over alle leeftijden;Mannen en vrouwen;Eindhoven (GA);2030;343840;253079;42723;21576;21147;48038;26211;21827;19
2346;Totaal over alle leeftijden;Mannen en vrouwen;Eindhoven (GA);2031;343769;252236;42861;21755;21106;48672;26412;22260;19
2347;Totaal over alle leeftijden;Mannen en vrouwen;Eindhoven (GA);2032;344120;251612;43275;22054;21221;49233;26591;22642;19
2348;Totaal over alle leeftijden;Mannen en vrouwen;Eindhoven (GA);2033;344110;250981;43521;22324;21197;49608;26651;22957;19
2349;Totaal over alle leeftijden;Mannen en vrouwen;Eindhoven (GA);2034;344260;250453;43804;22564;21240;50003;26761;23242;19
2350;Totaal over alle leeftijden;Mannen en vrouwen;Eindhoven (GA);2035;343923;249449;43998;22757;21241;50476;26954;23522;19
2351;Totaal over alle leeftijden;Mannen en vrouwen;Eindhoven (GA);2036;343702;248482;44312;22994;21318;50908;27106;23802;19
2352;Totaal over alle leeftijden;Mannen en vrouwen;Eindhoven (GA);2037;343383;247443;44589;23245;21344;51351;27271;24080;19
2353;Totaal over alle leeftijden;Mannen en vrouwen;Eindhoven (GA);2038;343098;246619;44800;23443;21357;51679;27314;24365;19
2354;Totaal over alle leeftijden;Mannen en vrouwen;Eindhoven (GA);2039;343026;245883;45133;23685;21448;52010;27372;24638;19
2355;Totaal over alle leeftijden;Mannen en vrouwen;Eindhoven (GA);2040;342453;244671;45364;23857;21507;52418;27504;24914;19
2356;Totaal over alle leeftijden;Mannen en vrouwen;Geleen/Sittard (GA);2010;137693;111628;19192;5818;13374;6873;4093;2780;20
2357;Totaal over alle leeftijden;Mannen en vrouwen;Geleen/Sittard (GA);2011;137539;111483;18950;5832;13118;7106;4185;2921;20
2358;Totaal over alle leeftijden;Mannen en vrouwen;Geleen/Sittard (GA);2012;137255;111272;18661;5796;12865;7322;4322;3000;20
2359;Totaal over alle leeftijden;Mannen en vrouwen;Geleen/Sittard (GA);2013;136930;110953;18379;5750;12629;7598;4479;3119;20
2360;Totaal over alle leeftijden;Mannen en vrouwen;Geleen/Sittard (GA);2014;136465;110598;18029;5634;12395;7838;4611;3227;20
2361;Totaal over alle leeftijden;Mannen en vrouwen;Geleen/Sittard (GA);2015;136315;110491;17716;5537;12179;8108;4748;3360;20
2362;Totaal over alle leeftijden;Mannen en vrouwen;Geleen/Sittard (GA);2016;136174;110325;17464;5501;11963;8385;4840;3545;20
2363;Totaal over alle leeftijden;Mannen en vrouwen;Geleen/Sittard (GA);2017;135960;110127;17193;5466;11727;8640;5004;3636;20
2364;Totaal over alle leeftijden;Mannen en vrouwen;Geleen/Sittard (GA);2018;135658;109803;16969;5396;11573;8886;5115;3771;20
2365;Totaal over alle leeftijden;Mannen en vrouwen;Geleen/Sittard (GA);2019;135351;109410;16753;5390;11363;9188;5247;3941;20
2366;Totaal over alle leeftijden;Mannen en vrouwen;Geleen/Sittard (GA);2020;135200;109179;16532;5347;11185;9489;5366;4123;20
2367;Totaal over alle leeftijden;Mannen en vrouwen;Geleen/Sittard (GA);2021;134962;108868;16293;5288;11005;9801;5521;4280;20
2368;Totaal over alle leeftijden;Mannen en vrouwen;Geleen/Sittard (GA);2022;134745;108555;16118;5264;10854;10072;5628;4444;20
2369;Totaal over alle leeftijden;Mannen en vrouwen;Geleen/Sittard (GA);2023;134387;108187;15873;5246;10627;10327;5755;4572;20
2370;Totaal over alle leeftijden;Mannen en vrouwen;Geleen/Sittard (GA);2024;134042;107859;15641;5201;10440;10542;5826;4716;20
2371;Totaal over alle leeftijden;Mannen en vrouwen;Geleen/Sittard (GA);2025;133875;107610;15478;5197;10281;10787;5948;4839;20
2372;Totaal over alle leeftijden;Mannen en vrouwen;Geleen/Sittard (GA);2026;133496;107145;15249;5158;10091;11102;6087;5015;20
2373;Totaal over alle leeftijden;Mannen en vrouwen;Geleen/Sittard (GA);2027;133242;106790;15057;5148;9909;11395;6195;5200;20
2374;Totaal over alle leeftijden;Mannen en vrouwen;Geleen/Sittard (GA);2028;132871;106418;14838;5108;9730;11615;6284;5331;20
2375;Totaal over alle leeftijden;Mannen en vrouwen;Geleen/Sittard (GA);2029;132440;105990;14629;5058;9571;11821;6323;5498;20
2376;Totaal over alle leeftijden;Mannen en vrouwen;Geleen/Sittard (GA);2030;132169;105584;14483;5065;9418;12102;6435;5667;20
2377;Totaal over alle leeftijden;Mannen en vrouwen;Geleen/Sittard (GA);2031;131822;105206;14302;5032;9270;12314;6501;5813;20
2378;Totaal over alle leeftijden;Mannen en vrouwen;Geleen/Sittard (GA);2032;131487;104793;14128;5018;9110;12566;6567;5999;20
2379;Totaal over alle leeftijden;Mannen en vrouwen;Geleen/Sittard (GA);2033;131049;104245;13993;5041;8952;12811;6644;6167;20
2380;Totaal over alle leeftijden;Mannen en vrouwen;Geleen/Sittard (GA);2034;130658;103756;13906;5084;8822;12996;6659;6337;20
2381;Totaal over alle leeftijden;Mannen en vrouwen;Geleen/Sittard (GA);2035;130290;103343;13735;5076;8659;13212;6743;6469;20
2382;Totaal over alle leeftijden;Mannen en vrouwen;Geleen/Sittard (GA);2036;129812;102868;13539;5018;8521;13405;6850;6555;20
2383;Totaal over alle leeftijden;Mannen en vrouwen;Geleen/Sittard (GA);2037;129303;102267;13378;5005;8373;13658;6923;6735;20
2384;Totaal over alle leeftijden;Mannen en vrouwen;Geleen/Sittard (GA);2038;128841;101693;13306;5028;8278;13842;6992;6850;20
2385;Totaal over alle leeftijden;Mannen en vrouwen;Geleen/Sittard (GA);2039;128348;101070;13197;5025;8172;14081;7053;7028;20
2386;Totaal over alle leeftijden;Mannen en vrouwen;Geleen/Sittard (GA);2040;127748;100342;13128;5041;8087;14278;7099;7179;20
2387;Totaal over alle leeftijden;Mannen en vrouwen;Heerlen (GA);2010;205620;150292;43642;14923;28719;11686;6937;4749;21
2388;Totaal over alle leeftijden;Mannen en vrouwen;Heerlen (GA);2011;205201;150511;42571;14492;28079;12119;7108;5011;21
2389;Totaal over alle leeftijden;Mannen en vrouwen;Heerlen (GA);2012;204852;150774;41509;14084;27425;12569;7321;5248;21
2390;Totaal over alle leeftijden;Mannen en vrouwen;Heerlen (GA);2013;204544;151079;40458;13677;26781;13007;7519;5488;21
2391;Totaal over alle leeftijden;Mannen en vrouwen;Heerlen (GA);2014;203997;151153;39439;13301;26138;13405;7643;5762;21
2392;Totaal over alle leeftijden;Mannen en vrouwen;Heerlen (GA);2015;203109;151017;38345;12883;25462;13747;7773;5974;21
2393;Totaal over alle leeftijden;Mannen en vrouwen;Heerlen (GA);2016;202346;150963;37267;12540;24727;14116;7950;6166;21
2394;Totaal over alle leeftijden;Mannen en vrouwen;Heerlen (GA);2017;201542;150745;36280;12193;24087;14517;8123;6394;21
2395;Totaal over alle leeftijden;Mannen en vrouwen;Heerlen (GA);2018;200755;150573;35276;11873;23403;14906;8270;6636;21
2396;Totaal over alle leeftijden;Mannen en vrouwen;Heerlen (GA);2019;199871;150267;34373;11574;22799;15231;8438;6793;21
2397;Totaal over alle leeftijden;Mannen en vrouwen;Heerlen (GA);2020;198908;149872;33427;11242;22185;15609;8638;6971;21
2398;Totaal over alle leeftijden;Mannen en vrouwen;Heerlen (GA);2021;197773;149252;32544;10957;21587;15977;8833;7144;21
2399;Totaal over alle leeftijden;Mannen en vrouwen;Heerlen (GA);2022;196712;148727;31705;10677;21028;16280;9016;7264;21
2400;Totaal over alle leeftijden;Mannen en vrouwen;Heerlen (GA);2023;195697;148187;30868;10424;20444;16642;9164;7478;21
2401;Totaal over alle leeftijden;Mannen en vrouwen;Heerlen (GA);2024;194690;147672;30046;10161;19885;16972;9298;7674;21
2402;Totaal over alle leeftijden;Mannen en vrouwen;Heerlen (GA);2025;193525;147015;29246;9932;19314;17264;9428;7836;21
2403;Totaal over alle leeftijden;Mannen en vrouwen;Heerlen (GA);2026;192365;146265;28513;9716;18797;17587;9537;8050;21
2404;Totaal over alle leeftijden;Mannen en vrouwen;Heerlen (GA);2027;191062;145481;27704;9464;18240;17877;9654;8223;21
2405;Totaal over alle leeftijden;Mannen en vrouwen;Heerlen (GA);2028;189668;144529;26923;9159;17764;18216;9861;8355;21
2406;Totaal over alle leeftijden;Mannen en vrouwen;Heerlen (GA);2029;188241;143616;26194;8962;17232;18431;9971;8460;21
2407;Totaal over alle leeftijden;Mannen en vrouwen;Heerlen (GA);2030;186706;142484;25493;8778;16715;18729;10132;8597;21
2408;Totaal over alle leeftijden;Mannen en vrouwen;Heerlen (GA);2031;185368;141395;24912;8626;16286;19061;10254;8807;21
2409;Totaal over alle leeftijden;Mannen en vrouwen;Heerlen (GA);2032;183896;140210;24315;8437;15878;19371;10336;9035;21
2410;Totaal over alle leeftijden;Mannen en vrouwen;Heerlen (GA);2033;182505;139085;23752;8252;15500;19668;10459;9209;21
2411;Totaal over alle leeftijden;Mannen en vrouwen;Heerlen (GA);2034;181050;137973;23224;8095;15129;19853;10471;9382;21
2412;Totaal over alle leeftijden;Mannen en vrouwen;Heerlen (GA);2035;179608;136775;22686;7937;14749;20147;10615;9532;21
2413;Totaal over alle leeftijden;Mannen en vrouwen;Heerlen (GA);2036;178039;135553;22147;7795;14352;20339;10691;9648;21
2414;Totaal over alle leeftijden;Mannen en vrouwen;Heerlen (GA);2037;176598;134283;21719;7687;14032;20596;10793;9803;21
2415;Totaal over alle leeftijden;Mannen en vrouwen;Heerlen (GA);2038;174992;132909;21286;7533;13753;20797;10835;9962;21
2416;Totaal over alle leeftijden;Mannen en vrouwen;Heerlen (GA);2039;173497;131601;20852;7445;13407;21044;10955;10089;21
2417;Totaal over alle leeftijden;Mannen en vrouwen;Heerlen (GA);2040;172018;130390;20458;7357;13101;21170;10936;10234;21
2418;Totaal over alle leeftijden;Mannen en vrouwen;Maastricht (GA);2010;118397;91316;17967;8033;9934;9114;5470;3644;22
2419;Totaal over alle leeftijden;Mannen en vrouwen;Maastricht (GA);2011;118148;90884;17945;8124;9821;9319;5488;3831;22
2420;Totaal over alle leeftijden;Mannen en vrouwen;Maastricht (GA);2012;117799;90372;17939;8180;9759;9488;5451;4037;22
2421;Totaal over alle leeftijden;Mannen en vrouwen;Maastricht (GA);2013;117478;89835;17898;8158;9740;9745;5506;4239;22
2422;Totaal over alle leeftijden;Mannen en vrouwen;Maastricht (GA);2014;117221;89366;17891;8167;9724;9964;5572;4392;22
2423;Totaal over alle leeftijden;Mannen en vrouwen;Maastricht (GA);2015;117191;89100;17875;8226;9649;10216;5637;4579;22
2424;Totaal over alle leeftijden;Mannen en vrouwen;Maastricht (GA);2016;116984;88613;17857;8221;9636;10514;5740;4774;22
2425;Totaal over alle leeftijden;Mannen en vrouwen;Maastricht (GA);2017;117077;88376;17867;8218;9649;10834;5817;5017;22
2426;Totaal over alle leeftijden;Mannen en vrouwen;Maastricht (GA);2018;117145;88068;17962;8286;9676;11115;5908;5207;22
2427;Totaal over alle leeftijden;Mannen en vrouwen;Maastricht (GA);2019;117278;87923;18014;8328;9686;11341;5997;5344;22
2428;Totaal over alle leeftijden;Mannen en vrouwen;Maastricht (GA);2020;117521;87811;18081;8397;9684;11629;6119;5510;22
2429;Totaal over alle leeftijden;Mannen en vrouwen;Maastricht (GA);2021;118067;87912;18169;8470;9699;11986;6188;5798;22
2430;Totaal over alle leeftijden;Mannen en vrouwen;Maastricht (GA);2022;118380;87894;18188;8483;9705;12298;6277;6021;22
2431;Totaal over alle leeftijden;Mannen en vrouwen;Maastricht (GA);2023;118638;87810;18257;8525;9732;12571;6367;6204;22
2432;Totaal over alle leeftijden;Mannen en vrouwen;Maastricht (GA);2024;118990;87778;18325;8620;9705;12887;6571;6316;22
2433;Totaal over alle leeftijden;Mannen en vrouwen;Maastricht (GA);2025;119360;87735;18410;8673;9737;13215;6707;6508;22
2434;Totaal over alle leeftijden;Mannen en vrouwen;Maastricht (GA);2026;119719;87805;18449;8691;9758;13465;6761;6704;22
2435;Totaal over alle leeftijden;Mannen en vrouwen;Maastricht (GA);2027;120102;87820;18591;8783;9808;13691;6842;6849;22
2436;Totaal over alle leeftijden;Mannen en vrouwen;Maastricht (GA);2028;120514;87929;18669;8858;9811;13916;6927;6989;22
2437;Totaal over alle leeftijden;Mannen en vrouwen;Maastricht (GA);2029;120908;87990;18781;8939;9842;14137;7029;7108;22
2438;Totaal over alle leeftijden;Mannen en vrouwen;Maastricht (GA);2030;121092;88003;18865;9028;9837;14224;7053;7171;22
2439;Totaal over alle leeftijden;Mannen en vrouwen;Maastricht (GA);2031;121431;88014;18964;9096;9868;14453;7134;7319;22
2440;Totaal over alle leeftijden;Mannen en vrouwen;Maastricht (GA);2032;121637;88002;19022;9108;9914;14613;7186;7427;22
2441;Totaal over alle leeftijden;Mannen en vrouwen;Maastricht (GA);2033;121821;87935;19090;9203;9887;14796;7289;7507;22
2442;Totaal over alle leeftijden;Mannen en vrouwen;Maastricht (GA);2034;122058;87857;19231;9305;9926;14970;7363;7607;22
2443;Totaal over alle leeftijden;Mannen en vrouwen;Maastricht (GA);2035;122245;87772;19377;9414;9963;15096;7410;7686;22
2444;Totaal over alle leeftijden;Mannen en vrouwen;Maastricht (GA);2036;122591;87760;19480;9496;9984;15351;7491;7860;22
2445;Totaal over alle leeftijden;Mannen en vrouwen;Maastricht (GA);2037;122682;87637;19545;9515;10030;15500;7562;7938;22
2446;Totaal over alle leeftijden;Mannen en vrouwen;Maastricht (GA);2038;122837;87555;19641;9643;9998;15641;7634;8007;22
2447;Totaal over alle leeftijden;Mannen en vrouwen;Maastricht (GA);2039;122997;87449;19767;9729;10038;15781;7706;8075;22
2448;Totaal over alle leeftijden;Mannen en vrouwen;Maastricht (GA);2040;123173;87375;19861;9773;10088;15937;7803;8134;22
2449;Totaal over alle leeftijden;Mannen en vrouwen;Groningen (SG);2010;349457;300956;25910;11353;14557;22591;13111;9480;1
2450;Totaal over alle leeftijden;Mannen en vrouwen;Groningen (SG);2011;352337;302769;26032;11429;14603;23536;13393;10143;1
2451;Totaal over alle leeftijden;Mannen en vrouwen;Groningen (SG);2012;354650;304077;26069;11447;14622;24504;13669;10835;1
2452;Totaal over alle leeftijden;Mannen en vrouwen;Groningen (SG);2013;356186;304712;26010;11410;14600;25464;13952;11512;1
2453;Totaal over alle leeftijden;Mannen en vrouwen;Groningen (SG);2014;357459;304947;26007;11374;14633;26505;14277;12228;1
2454;Totaal over alle leeftijden;Mannen en vrouwen;Groningen (SG);2015;358727;305268;25988;11312;14676;27471;14636;12835;1
2455;Totaal over alle leeftijden;Mannen en vrouwen;Groningen (SG);2016;359941;305420;26003;11313;14690;28518;14954;13564;1
2456;Totaal over alle leeftijden;Mannen en vrouwen;Groningen (SG);2017;361044;305368;25969;11317;14652;29707;15431;14276;1
2457;Totaal over alle leeftijden;Mannen en vrouwen;Groningen (SG);2018;362226;305553;25997;11325;14672;30676;15786;14890;1
2458;Totaal over alle leeftijden;Mannen en vrouwen;Groningen (SG);2019;363551;305893;25959;11341;14618;31699;16270;15429;1
2459;Totaal over alle leeftijden;Mannen en vrouwen;Groningen (SG);2020;364781;306117;25943;11337;14606;32721;16686;16035;1
2460;Totaal over alle leeftijden;Mannen en vrouwen;Groningen (SG);2021;366061;306354;25959;11337;14622;33748;17041;16707;1
2461;Totaal over alle leeftijden;Mannen en vrouwen;Groningen (SG);2022;367657;306830;26086;11356;14730;34741;17342;17399;1
2462;Totaal over alle leeftijden;Mannen en vrouwen;Groningen (SG);2023;368880;307116;26106;11359;14747;35658;17741;17917;1
2463;Totaal over alle leeftijden;Mannen en vrouwen;Groningen (SG);2024;370184;307231;26247;11425;14822;36706;18134;18572;1
2464;Totaal over alle leeftijden;Mannen en vrouwen;Groningen (SG);2025;371624;307710;26348;11462;14886;37566;18431;19135;1
2465;Totaal over alle leeftijden;Mannen en vrouwen;Groningen (SG);2026;373044;308071;26471;11545;14926;38502;18762;19740;1
2466;Totaal over alle leeftijden;Mannen en vrouwen;Groningen (SG);2027;374383;308507;26451;11535;14916;39425;19196;20229;1
2467;Totaal over alle leeftijden;Mannen en vrouwen;Groningen (SG);2028;375702;308754;26528;11569;14959;40420;19569;20851;1
2468;Totaal over alle leeftijden;Mannen en vrouwen;Groningen (SG);2029;377353;309315;26698;11683;15015;41340;19931;21409;1
2469;Totaal over alle leeftijden;Mannen en vrouwen;Groningen (SG);2030;378469;309337;26849;11694;15155;42283;20312;21971;1
2470;Totaal over alle leeftijden;Mannen en vrouwen;Groningen (SG);2031;379560;309546;27003;11723;15280;43011;20570;22441;1
2471;Totaal over alle leeftijden;Mannen en vrouwen;Groningen (SG);2032;380486;309477;27303;11888;15415;43706;20788;22918;1
2472;Totaal over alle leeftijden;Mannen en vrouwen;Groningen (SG);2033;381592;309580;27473;11937;15536;44539;21169;23370;1
2473;Totaal over alle leeftijden;Mannen en vrouwen;Groningen (SG);2034;382274;309373;27670;11980;15690;45231;21412;23819;1
2474;Totaal over alle leeftijden;Mannen en vrouwen;Groningen (SG);2035;383057;309063;27855;11965;15890;46139;21765;24374;1
2475;Totaal over alle leeftijden;Mannen en vrouwen;Groningen (SG);2036;383639;308527;28131;12120;16011;46981;22078;24903;1
2476;Totaal over alle leeftijden;Mannen en vrouwen;Groningen (SG);2037;383946;307944;28335;12155;16180;47667;22300;25367;1
2477;Totaal over alle leeftijden;Mannen en vrouwen;Groningen (SG);2038;384097;307225;28604;12229;16375;48268;22532;25736;1
2478;Totaal over alle leeftijden;Mannen en vrouwen;Groningen (SG);2039;384265;306537;28886;12353;16533;48842;22622;26220;1
2479;Totaal over alle leeftijden;Mannen en vrouwen;Groningen (SG);2040;384144;305671;29061;12380;16681;49412;22777;26635;1
2480;Totaal over alle leeftijden;Mannen en vrouwen;Leeuwarden (SG);2010;160298;140958;9620;4064;5556;9720;6061;3659;2
2481;Totaal over alle leeftijden;Mannen en vrouwen;Leeuwarden (SG);2011;160676;141079;9725;4164;5561;9872;6099;3773;2
2482;Totaal over alle leeftijden;Mannen en vrouwen;Leeuwarden (SG);2012;161238;141338;9830;4229;5601;10070;6112;3958;2
2483;Totaal over alle leeftijden;Mannen en vrouwen;Leeuwarden (SG);2013;161998;141707;9990;4328;5662;10301;6149;4152;2
2484;Totaal over alle leeftijden;Mannen en vrouwen;Leeuwarden (SG);2014;162612;141953;10109;4385;5724;10550;6190;4360;2
2485;Totaal over alle leeftijden;Mannen en vrouwen;Leeuwarden (SG);2015;163249;142100;10208;4393;5815;10941;6296;4645;2
2486;Totaal over alle leeftijden;Mannen en vrouwen;Leeuwarden (SG);2016;163864;142341;10295;4450;5845;11228;6368;4860;2
2487;Totaal over alle leeftijden;Mannen en vrouwen;Leeuwarden (SG);2017;164386;142404;10460;4516;5944;11522;6454;5068;2
2488;Totaal over alle leeftijden;Mannen en vrouwen;Leeuwarden (SG);2018;164917;142543;10543;4529;6014;11831;6545;5286;2
2489;Totaal over alle leeftijden;Mannen en vrouwen;Leeuwarden (SG);2019;165375;142617;10683;4575;6108;12075;6633;5442;2
2490;Totaal over alle leeftijden;Mannen en vrouwen;Leeuwarden (SG);2020;165872;142637;10759;4623;6136;12476;6763;5713;2
2491;Totaal over alle leeftijden;Mannen en vrouwen;Leeuwarden (SG);2021;166500;142715;10893;4677;6216;12892;6954;5938;2
2492;Totaal over alle leeftijden;Mannen en vrouwen;Leeuwarden (SG);2022;166859;142639;10960;4640;6320;13260;7071;6189;2
2493;Totaal over alle leeftijden;Mannen en vrouwen;Leeuwarden (SG);2023;167339;142721;10999;4649;6350;13619;7162;6457;2
2494;Totaal over alle leeftijden;Mannen en vrouwen;Leeuwarden (SG);2024;167752;142766;11080;4675;6405;13906;7247;6659;2
2495;Totaal over alle leeftijden;Mannen en vrouwen;Leeuwarden (SG);2025;167950;142557;11158;4698;6460;14235;7388;6847;2
2496;Totaal over alle leeftijden;Mannen en vrouwen;Leeuwarden (SG);2026;168132;142294;11244;4758;6486;14594;7491;7103;2
2497;Totaal over alle leeftijden;Mannen en vrouwen;Leeuwarden (SG);2027;168006;141756;11298;4757;6541;14952;7577;7375;2
2498;Totaal over alle leeftijden;Mannen en vrouwen;Leeuwarden (SG);2028;167890;141268;11377;4792;6585;15245;7714;7531;2
2499;Totaal over alle leeftijden;Mannen en vrouwen;Leeuwarden (SG);2029;167758;140691;11520;4866;6654;15547;7824;7723;2
2500;Totaal over alle leeftijden;Mannen en vrouwen;Leeuwarden (SG);2030;167567;140142;11553;4884;6669;15872;7965;7907;2
2501;Totaal over alle leeftijden;Mannen en vrouwen;Leeuwarden (SG);2031;167313;139490;11655;4938;6717;16168;8082;8086;2
2502;Totaal over alle leeftijden;Mannen en vrouwen;Leeuwarden (SG);2032;167015;138946;11733;4983;6750;16336;8102;8234;2
2503;Totaal over alle leeftijden;Mannen en vrouwen;Leeuwarden (SG);2033;166701;138236;11783;4977;6806;16682;8258;8424;2
2504;Totaal over alle leeftijden;Mannen en vrouwen;Leeuwarden (SG);2034;166371;137544;11875;5052;6823;16952;8354;8598;2
2505;Totaal over alle leeftijden;Mannen en vrouwen;Leeuwarden (SG);2035;166251;137019;11956;5111;6845;17276;8517;8759;2
2506;Totaal over alle leeftijden;Mannen en vrouwen;Leeuwarden (SG);2036;166047;136347;12076;5200;6876;17624;8686;8938;2
2507;Totaal over alle leeftijden;Mannen en vrouwen;Leeuwarden (SG);2037;165954;135734;12195;5285;6910;18025;8859;9166;2
2508;Totaal over alle leeftijden;Mannen en vrouwen;Leeuwarden (SG);2038;165802;135187;12216;5269;6947;18399;9032;9367;2
2509;Totaal over alle leeftijden;Mannen en vrouwen;Leeuwarden (SG);2039;165496;134579;12269;5245;7024;18648;9168;9480;2
2510;Totaal over alle leeftijden;Mannen en vrouwen;Leeuwarden (SG);2040;165229;134102;12307;5275;7032;18820;9203;9617;2
2511;Totaal over alle leeftijden;Mannen en vrouwen;Zwolle (SG);2010;175247;153794;9995;3924;6071;11458;6673;4785;3
2512;Totaal over alle leeftijden;Mannen en vrouwen;Zwolle (SG);2011;176197;154270;10276;4186;6090;11651;6778;4873;3
2513;Totaal over alle leeftijden;Mannen en vrouwen;Zwolle (SG);2012;177588;155134;10573;4413;6160;11881;6892;4989;3
2514;Totaal over alle leeftijden;Mannen en vrouwen;Zwolle (SG);2013;178840;155881;10804;4612;6192;12155;7028;5127;3
2515;Totaal over alle leeftijden;Mannen en vrouwen;Zwolle (SG);2014;180189;156748;10990;4788;6202;12451;7197;5254;3
2516;Totaal over alle leeftijden;Mannen en vrouwen;Zwolle (SG);2015;181758;157786;11216;4978;6238;12756;7335;5421;3
2517;Totaal over alle leeftijden;Mannen en vrouwen;Zwolle (SG);2016;183178;158599;11401;5159;6242;13178;7561;5617;3
2518;Totaal over alle leeftijden;Mannen en vrouwen;Zwolle (SG);2017;184493;159364;11575;5297;6278;13554;7759;5795;3
2519;Totaal over alle leeftijden;Mannen en vrouwen;Zwolle (SG);2018;185735;160042;11779;5456;6323;13914;7958;5956;3
2520;Totaal over alle leeftijden;Mannen en vrouwen;Zwolle (SG);2019;186867;160690;11960;5610;6350;14217;8128;6089;3
2521;Totaal over alle leeftijden;Mannen en vrouwen;Zwolle (SG);2020;187863;161095;12182;5782;6400;14586;8360;6226;3
2522;Totaal over alle leeftijden;Mannen en vrouwen;Zwolle (SG);2021;188907;161525;12372;5936;6436;15010;8559;6451;3
2523;Totaal over alle leeftijden;Mannen en vrouwen;Zwolle (SG);2022;189974;162008;12572;6102;6470;15394;8734;6660;3
2524;Totaal over alle leeftijden;Mannen en vrouwen;Zwolle (SG);2023;190873;162386;12769;6281;6488;15718;8861;6857;3
2525;Totaal over alle leeftijden;Mannen en vrouwen;Zwolle (SG);2024;191724;162630;12959;6447;6512;16135;9050;7085;3
2526;Totaal over alle leeftijden;Mannen en vrouwen;Zwolle (SG);2025;192401;162799;13142;6570;6572;16460;9199;7261;3
2527;Totaal over alle leeftijden;Mannen en vrouwen;Zwolle (SG);2026;193224;163026;13393;6755;6638;16805;9386;7419;3
2528;Totaal over alle leeftijden;Mannen en vrouwen;Zwolle (SG);2027;193893;163125;13625;6977;6648;17143;9518;7625;3
2529;Totaal over alle leeftijden;Mannen en vrouwen;Zwolle (SG);2028;194669;163290;13870;7180;6690;17509;9698;7811;3
2530;Totaal over alle leeftijden;Mannen en vrouwen;Zwolle (SG);2029;195176;163213;14028;7308;6720;17935;9884;8051;3
2531;Totaal over alle leeftijden;Mannen en vrouwen;Zwolle (SG);2030;195610;163172;14199;7430;6769;18239;9979;8260;3
2532;Totaal over alle leeftijden;Mannen en vrouwen;Zwolle (SG);2031;196061;163157;14421;7589;6832;18483;10078;8405;3
2533;Totaal over alle leeftijden;Mannen en vrouwen;Zwolle (SG);2032;196669;163237;14626;7726;6900;18806;10277;8529;3
2534;Totaal over alle leeftijden;Mannen en vrouwen;Zwolle (SG);2033;197091;163210;14789;7902;6887;19092;10361;8731;3
2535;Totaal over alle leeftijden;Mannen en vrouwen;Zwolle (SG);2034;197523;163044;15019;8065;6954;19460;10542;8918;3
2536;Totaal over alle leeftijden;Mannen en vrouwen;Zwolle (SG);2035;197826;162939;15181;8236;6945;19706;10684;9022;3
2537;Totaal over alle leeftijden;Mannen en vrouwen;Zwolle (SG);2036;197965;162708;15335;8354;6981;19922;10801;9121;3
2538;Totaal over alle leeftijden;Mannen en vrouwen;Zwolle (SG);2037;198039;162287;15574;8556;7018;20178;10945;9233;3
2539;Totaal over alle leeftijden;Mannen en vrouwen;Zwolle (SG);2038;198233;161887;15794;8730;7064;20552;11139;9413;3
2540;Totaal over alle leeftijden;Mannen en vrouwen;Zwolle (SG);2039;198224;161430;15918;8838;7080;20876;11290;9586;3
2541;Totaal over alle leeftijden;Mannen en vrouwen;Zwolle (SG);2040;198071;160846;16117;9000;7117;21108;11437;9671;3
2542;Totaal over alle leeftijden;Mannen en vrouwen;Enschede (SG);2010;315075;245294;34355;13163;21192;35426;20040;15386;4
2543;Totaal over alle leeftijden;Mannen en vrouwen;Enschede (SG);2011;316351;246218;34379;13317;21062;35754;20026;15728;4
2544;Totaal over alle leeftijden;Mannen en vrouwen;Enschede (SG);2012;317396;246885;34466;13450;21016;36045;20119;15926;4
2545;Totaal over alle leeftijden;Mannen en vrouwen;Enschede (SG);2013;318004;247194;34449;13529;20920;36361;20278;16083;4
2546;Totaal over alle leeftijden;Mannen en vrouwen;Enschede (SG);2014;318691;247565;34374;13541;20833;36752;20400;16352;4
2547;Totaal over alle leeftijden;Mannen en vrouwen;Enschede (SG);2015;319336;247827;34292;13572;20720;37217;20583;16634;4
2548;Totaal over alle leeftijden;Mannen en vrouwen;Enschede (SG);2016;319769;248025;34107;13529;20578;37637;20782;16855;4
2549;Totaal over alle leeftijden;Mannen en vrouwen;Enschede (SG);2017;320442;248294;34072;13606;20466;38076;20938;17138;4
2550;Totaal over alle leeftijden;Mannen en vrouwen;Enschede (SG);2018;320997;248441;34029;13665;20364;38527;21117;17410;4
2551;Totaal over alle leeftijden;Mannen en vrouwen;Enschede (SG);2019;321425;248373;33930;13697;20233;39122;21347;17775;4
2552;Totaal over alle leeftijden;Mannen en vrouwen;Enschede (SG);2020;322010;248623;33805;13670;20135;39582;21530;18052;4
2553;Totaal over alle leeftijden;Mannen en vrouwen;Enschede (SG);2021;322606;248767;33708;13694;20014;40131;21759;18372;4
2554;Totaal over alle leeftijden;Mannen en vrouwen;Enschede (SG);2022;323023;248806;33697;13758;19939;40520;22012;18508;4
2555;Totaal over alle leeftijden;Mannen en vrouwen;Enschede (SG);2023;323409;248831;33583;13768;19815;40995;22262;18733;4
2556;Totaal over alle leeftijden;Mannen en vrouwen;Enschede (SG);2024;323782;248852;33459;13793;19666;41471;22526;18945;4
2557;Totaal over alle leeftijden;Mannen en vrouwen;Enschede (SG);2025;324259;248803;33466;13872;19594;41990;22774;19216;4
2558;Totaal over alle leeftijden;Mannen en vrouwen;Enschede (SG);2026;324772;248777;33483;13981;19502;42512;23035;19477;4
2559;Totaal over alle leeftijden;Mannen en vrouwen;Enschede (SG);2027;325058;248475;33554;14115;19439;43029;23193;19836;4
2560;Totaal over alle leeftijden;Mannen en vrouwen;Enschede (SG);2028;325350;248257;33545;14168;19377;43548;23475;20073;4
2561;Totaal over alle leeftijden;Mannen en vrouwen;Enschede (SG);2029;325588;248031;33492;14187;19305;44065;23697;20368;4
2562;Totaal over alle leeftijden;Mannen en vrouwen;Enschede (SG);2030;325778;247767;33443;14203;19240;44568;23930;20638;4
2563;Totaal over alle leeftijden;Mannen en vrouwen;Enschede (SG);2031;325872;247498;33402;14248;19154;44972;24127;20845;4
2564;Totaal over alle leeftijden;Mannen en vrouwen;Enschede (SG);2032;325993;247077;33468;14310;19158;45448;24336;21112;4
2565;Totaal over alle leeftijden;Mannen en vrouwen;Enschede (SG);2033;325868;246520;33420;14300;19120;45928;24497;21431;4
2566;Totaal over alle leeftijden;Mannen en vrouwen;Enschede (SG);2034;325744;245900;33336;14250;19086;46508;24729;21779;4
2567;Totaal over alle leeftijden;Mannen en vrouwen;Enschede (SG);2035;325658;245391;33358;14301;19057;46909;24888;22021;4
2568;Totaal over alle leeftijden;Mannen en vrouwen;Enschede (SG);2036;325649;244692;33446;14454;18992;47511;25058;22453;4
2569;Totaal over alle leeftijden;Mannen en vrouwen;Enschede (SG);2037;325574;244087;33512;14575;18937;47975;25225;22750;4
2570;Totaal over alle leeftijden;Mannen en vrouwen;Enschede (SG);2038;325206;243319;33553;14634;18919;48334;25354;22980;4
2571;Totaal over alle leeftijden;Mannen en vrouwen;Enschede (SG);2039;324857;242518;33583;14678;18905;48756;25526;23230;4
2572;Totaal over alle leeftijden;Mannen en vrouwen;Enschede (SG);2040;324492;241750;33504;14721;18783;49238;25682;23556;4
2573;Totaal over alle leeftijden;Mannen en vrouwen;Apeldoorn (SG);2010;211115;181851;15608;5697;9911;13656;7530;6126;5
2574;Totaal over alle leeftijden;Mannen en vrouwen;Apeldoorn (SG);2011;210902;181201;15663;5710;9953;14038;7619;6419;5
2575;Totaal over alle leeftijden;Mannen en vrouwen;Apeldoorn (SG);2012;210988;180853;15700;5696;10004;14435;7712;6723;5
2576;Totaal over alle leeftijden;Mannen en vrouwen;Apeldoorn (SG);2013;211181;180569;15787;5677;10110;14825;7804;7021;5
2577;Totaal over alle leeftijden;Mannen en vrouwen;Apeldoorn (SG);2014;211394;180275;15900;5730;10170;15219;7960;7259;5
2578;Totaal over alle leeftijden;Mannen en vrouwen;Apeldoorn (SG);2015;211928;180318;16015;5736;10279;15595;8070;7525;5
2579;Totaal over alle leeftijden;Mannen en vrouwen;Apeldoorn (SG);2016;212466;180310;16136;5747;10389;16020;8209;7811;5
2580;Totaal over alle leeftijden;Mannen en vrouwen;Apeldoorn (SG);2017;212959;180354;16240;5771;10469;16365;8340;8025;5
2581;Totaal over alle leeftijden;Mannen en vrouwen;Apeldoorn (SG);2018;213406;180306;16392;5833;10559;16708;8457;8251;5
2582;Totaal over alle leeftijden;Mannen en vrouwen;Apeldoorn (SG);2019;213898;180242;16499;5859;10640;17157;8626;8531;5
2583;Totaal over alle leeftijden;Mannen en vrouwen;Apeldoorn (SG);2020;214010;179936;16594;5898;10696;17480;8747;8733;5
2584;Totaal over alle leeftijden;Mannen en vrouwen;Apeldoorn (SG);2021;214299;179765;16689;5933;10756;17845;8823;9022;5
2585;Totaal over alle leeftijden;Mannen en vrouwen;Apeldoorn (SG);2022;214598;179591;16771;5954;10817;18236;8980;9256;5
2586;Totaal over alle leeftijden;Mannen en vrouwen;Apeldoorn (SG);2023;214766;179326;16858;6016;10842;18582;9139;9443;5
2587;Totaal over alle leeftijden;Mannen en vrouwen;Apeldoorn (SG);2024;215082;179210;16904;6042;10862;18968;9272;9696;5
2588;Totaal over alle leeftijden;Mannen en vrouwen;Apeldoorn (SG);2025;215342;179028;16983;6095;10888;19331;9389;9942;5
2589;Totaal over alle leeftijden;Mannen en vrouwen;Apeldoorn (SG);2026;215631;178921;17111;6163;10948;19599;9444;10155;5
2590;Totaal over alle leeftijden;Mannen en vrouwen;Apeldoorn (SG);2027;216002;178821;17266;6247;11019;19915;9558;10357;5
2591;Totaal over alle leeftijden;Mannen en vrouwen;Apeldoorn (SG);2028;216116;178600;17283;6234;11049;20233;9722;10511;5
2592;Totaal over alle leeftijden;Mannen en vrouwen;Apeldoorn (SG);2029;216173;178389;17329;6259;11070;20455;9824;10631;5
2593;Totaal over alle leeftijden;Mannen en vrouwen;Apeldoorn (SG);2030;216191;178016;17402;6319;11083;20773;9936;10837;5
2594;Totaal over alle leeftijden;Mannen en vrouwen;Apeldoorn (SG);2031;216213;177627;17520;6366;11154;21066;10048;11018;5
2595;Totaal over alle leeftijden;Mannen en vrouwen;Apeldoorn (SG);2032;216177;177320;17577;6421;11156;21280;10123;11157;5
2596;Totaal over alle leeftijden;Mannen en vrouwen;Apeldoorn (SG);2033;216114;176886;17681;6489;11192;21547;10194;11353;5
2597;Totaal over alle leeftijden;Mannen en vrouwen;Apeldoorn (SG);2034;216171;176455;17792;6552;11240;21924;10313;11611;5
2598;Totaal over alle leeftijden;Mannen en vrouwen;Apeldoorn (SG);2035;215996;175893;17864;6624;11240;22239;10424;11815;5
2599;Totaal over alle leeftijden;Mannen en vrouwen;Apeldoorn (SG);2036;215661;175273;17926;6688;11238;22462;10515;11947;5
2600;Totaal over alle leeftijden;Mannen en vrouwen;Apeldoorn (SG);2037;215584;174894;17982;6730;11252;22708;10602;12106;5
2601;Totaal over alle leeftijden;Mannen en vrouwen;Apeldoorn (SG);2038;215229;174260;18045;6749;11296;22924;10613;12311;5
2602;Totaal over alle leeftijden;Mannen en vrouwen;Apeldoorn (SG);2039;214876;173580;18094;6793;11301;23202;10651;12551;5
2603;Totaal over alle leeftijden;Mannen en vrouwen;Apeldoorn (SG);2040;214509;172968;18106;6811;11295;23435;10714;12721;5
2604;Totaal over alle leeftijden;Mannen en vrouwen;Arnhem (SG);2010;355994;288131;33601;12376;21225;34262;19903;14359;6
2605;Totaal over alle leeftijden;Mannen en vrouwen;Arnhem (SG);2011;357642;289368;33627;12445;21182;34647;19966;14681;6
2606;Totaal over alle leeftijden;Mannen en vrouwen;Arnhem (SG);2012;358833;290026;33713;12570;21143;35094;20098;14996;6
2607;Totaal over alle leeftijden;Mannen en vrouwen;Arnhem (SG);2013;359853;290726;33651;12580;21071;35476;20247;15229;6
2608;Totaal over alle leeftijden;Mannen en vrouwen;Arnhem (SG);2014;360875;291315;33669;12654;21015;35891;20351;15540;6
2609;Totaal over alle leeftijden;Mannen en vrouwen;Arnhem (SG);2015;361751;291709;33766;12707;21059;36276;20517;15759;6
2610;Totaal over alle leeftijden;Mannen en vrouwen;Arnhem (SG);2016;362256;291890;33720;12718;21002;36646;20685;15961;6
2611;Totaal over alle leeftijden;Mannen en vrouwen;Arnhem (SG);2017;363125;292236;33700;12763;20937;37189;20890;16299;6
2612;Totaal over alle leeftijden;Mannen en vrouwen;Arnhem (SG);2018;363549;292221;33563;12755;20808;37765;21174;16591;6
2613;Totaal over alle leeftijden;Mannen en vrouwen;Arnhem (SG);2019;364332;292414;33486;12743;20743;38432;21465;16967;6
2614;Totaal over alle leeftijden;Mannen en vrouwen;Arnhem (SG);2020;365097;292724;33448;12728;20720;38925;21674;17251;6
2615;Totaal over alle leeftijden;Mannen en vrouwen;Arnhem (SG);2021;366045;292980;33500;12780;20720;39565;21929;17636;6
2616;Totaal over alle leeftijden;Mannen en vrouwen;Arnhem (SG);2022;366715;293132;33464;12794;20670;40119;22169;17950;6
2617;Totaal over alle leeftijden;Mannen en vrouwen;Arnhem (SG);2023;367609;293329;33473;12811;20662;40807;22335;18472;6
2618;Totaal over alle leeftijden;Mannen en vrouwen;Arnhem (SG);2024;368501;293514;33438;12928;20510;41549;22532;19017;6
2619;Totaal over alle leeftijden;Mannen en vrouwen;Arnhem (SG);2025;369242;293700;33473;13009;20464;42069;22830;19239;6
2620;Totaal over alle leeftijden;Mannen en vrouwen;Arnhem (SG);2026;370018;293853;33467;13097;20370;42698;23063;19635;6
2621;Totaal over alle leeftijden;Mannen en vrouwen;Arnhem (SG);2027;370686;293772;33432;13162;20270;43482;23378;20104;6
2622;Totaal over alle leeftijden;Mannen en vrouwen;Arnhem (SG);2028;371277;293719;33464;13208;20256;44094;23574;20520;6
2623;Totaal over alle leeftijden;Mannen en vrouwen;Arnhem (SG);2029;371546;293251;33529;13272;20257;44766;23886;20880;6
2624;Totaal over alle leeftijden;Mannen en vrouwen;Arnhem (SG);2030;371993;293164;33452;13289;20163;45377;24095;21282;6
2625;Totaal over alle leeftijden;Mannen en vrouwen;Arnhem (SG);2031;372567;293252;33431;13334;20097;45884;24152;21732;6
2626;Totaal over alle leeftijden;Mannen en vrouwen;Arnhem (SG);2032;373071;293165;33375;13383;19992;46531;24285;22246;6
2627;Totaal over alle leeftijden;Mannen en vrouwen;Arnhem (SG);2033;373511;292929;33418;13483;19935;47164;24457;22707;6
2628;Totaal over alle leeftijden;Mannen en vrouwen;Arnhem (SG);2034;373516;292415;33352;13485;19867;47749;24643;23106;6
2629;Totaal over alle leeftijden;Mannen en vrouwen;Arnhem (SG);2035;373527;291848;33412;13636;19776;48267;24707;23560;6
2630;Totaal over alle leeftijden;Mannen en vrouwen;Arnhem (SG);2036;373522;291163;33505;13690;19815;48854;24867;23987;6
2631;Totaal over alle leeftijden;Mannen en vrouwen;Arnhem (SG);2037;373272;290324;33532;13806;19726;49416;25042;24374;6
2632;Totaal over alle leeftijden;Mannen en vrouwen;Arnhem (SG);2038;373153;289655;33565;13892;19673;49933;25113;24820;6
2633;Totaal over alle leeftijden;Mannen en vrouwen;Arnhem (SG);2039;372781;288682;33560;13929;19631;50539;25289;25250;6
2634;Totaal over alle leeftijden;Mannen en vrouwen;Arnhem (SG);2040;372510;287804;33622;14019;19603;51084;25413;25671;6
2635;Totaal over alle leeftijden;Mannen en vrouwen;Nijmegen (SG);2010;282377;228039;29815;11319;18496;24523;14053;10470;7
2636;Totaal over alle leeftijden;Mannen en vrouwen;Nijmegen (SG);2011;283969;229044;29895;11303;18592;25030;14163;10867;7
2637;Totaal over alle leeftijden;Mannen en vrouwen;Nijmegen (SG);2012;285439;229946;29999;11373;18626;25494;14186;11308;7
2638;Totaal over alle leeftijden;Mannen en vrouwen;Nijmegen (SG);2013;286428;230406;29936;11319;18617;26086;14391;11695;7
2639;Totaal over alle leeftijden;Mannen en vrouwen;Nijmegen (SG);2014;287529;230974;30015;11304;18711;26540;14495;12045;7
2640;Totaal over alle leeftijden;Mannen en vrouwen;Nijmegen (SG);2015;288732;231546;30053;11310;18743;27133;14660;12473;7
2641;Totaal over alle leeftijden;Mannen en vrouwen;Nijmegen (SG);2016;289758;231907;30076;11341;18735;27775;14941;12834;7
2642;Totaal over alle leeftijden;Mannen en vrouwen;Nijmegen (SG);2017;291129;232655;30064;11335;18729;28410;15212;13198;7
2643;Totaal over alle leeftijden;Mannen en vrouwen;Nijmegen (SG);2018;292711;233642;30086;11377;18709;28983;15441;13542;7
2644;Totaal over alle leeftijden;Mannen en vrouwen;Nijmegen (SG);2019;294061;234357;30107;11409;18698;29597;15738;13859;7
2645;Totaal over alle leeftijden;Mannen en vrouwen;Nijmegen (SG);2020;295545;235227;30113;11438;18675;30205;15993;14212;7
2646;Totaal over alle leeftijden;Mannen en vrouwen;Nijmegen (SG);2021;297005;236085;30153;11530;18623;30767;16254;14513;7
2647;Totaal over alle leeftijden;Mannen en vrouwen;Nijmegen (SG);2022;298352;236751;30225;11618;18607;31376;16547;14829;7
2648;Totaal over alle leeftijden;Mannen en vrouwen;Nijmegen (SG);2023;299936;237592;30342;11751;18591;32002;16788;15214;7
2649;Totaal over alle leeftijden;Mannen en vrouwen;Nijmegen (SG);2024;301314;238339;30421;11738;18683;32554;17066;15488;7
2650;Totaal over alle leeftijden;Mannen en vrouwen;Nijmegen (SG);2025;302474;238894;30461;11769;18692;33119;17245;15874;7
2651;Totaal over alle leeftijden;Mannen en vrouwen;Nijmegen (SG);2026;303905;239555;30551;11853;18698;33799;17544;16255;7
2652;Totaal over alle leeftijden;Mannen en vrouwen;Nijmegen (SG);2027;304978;240057;30553;11879;18674;34368;17789;16579;7
2653;Totaal over alle leeftijden;Mannen en vrouwen;Nijmegen (SG);2028;306017;240438;30631;11905;18726;34948;18105;16843;7
2654;Totaal over alle leeftijden;Mannen en vrouwen;Nijmegen (SG);2029;306925;240595;30771;12010;18761;35559;18347;17212;7
2655;Totaal over alle leeftijden;Mannen en vrouwen;Nijmegen (SG);2030;307770;240829;30832;12066;18766;36109;18650;17459;7
2656;Totaal over alle leeftijden;Mannen en vrouwen;Nijmegen (SG);2031;308670;240999;30985;12173;18812;36686;18955;17731;7
2657;Totaal over alle leeftijden;Mannen en vrouwen;Nijmegen (SG);2032;309538;241125;31106;12280;18826;37307;19227;18080;7
2658;Totaal over alle leeftijden;Mannen en vrouwen;Nijmegen (SG);2033;310247;241172;31268;12384;18884;37807;19465;18342;7
2659;Totaal over alle leeftijden;Mannen en vrouwen;Nijmegen (SG);2034;310906;241186;31421;12466;18955;38299;19607;18692;7
2660;Totaal over alle leeftijden;Mannen en vrouwen;Nijmegen (SG);2035;311520;241095;31531;12527;19004;38894;19846;19048;7
2661;Totaal over alle leeftijden;Mannen en vrouwen;Nijmegen (SG);2036;311964;240888;31656;12606;19050;39420;20024;19396;7
2662;Totaal over alle leeftijden;Mannen en vrouwen;Nijmegen (SG);2037;312299;240581;31722;12706;19016;39996;20248;19748;7
2663;Totaal over alle leeftijden;Mannen en vrouwen;Nijmegen (SG);2038;312590;240241;31869;12768;19101;40480;20539;19941;7
2664;Totaal over alle leeftijden;Mannen en vrouwen;Nijmegen (SG);2039;312601;239882;31928;12819;19109;40791;20672;20119;7
2665;Totaal over alle leeftijden;Mannen en vrouwen;Nijmegen (SG);2040;312733;239440;32046;12904;19142;41247;20812;20435;7
2666;Totaal over alle leeftijden;Mannen en vrouwen;Amersfoort (SG);2010;278642;227817;21267;8056;13211;29558;16925;12633;8
2667;Totaal over alle leeftijden;Mannen en vrouwen;Amersfoort (SG);2011;280739;228993;21530;8255;13275;30216;17217;12999;8
2668;Totaal over alle leeftijden;Mannen en vrouwen;Amersfoort (SG);2012;282485;229855;21781;8377;13404;30849;17533;13316;8
2669;Totaal over alle leeftijden;Mannen en vrouwen;Amersfoort (SG);2013;283921;230456;22051;8527;13524;31414;17762;13652;8
2670;Totaal over alle leeftijden;Mannen en vrouwen;Amersfoort (SG);2014;285450;231184;22228;8672;13556;32038;18130;13908;8
2671;Totaal over alle leeftijden;Mannen en vrouwen;Amersfoort (SG);2015;287161;232107;22449;8793;13656;32605;18412;14193;8
2672;Totaal over alle leeftijden;Mannen en vrouwen;Amersfoort (SG);2016;288894;233017;22652;8966;13686;33225;18759;14466;8
2673;Totaal over alle leeftijden;Mannen en vrouwen;Amersfoort (SG);2017;289682;233067;22760;9058;13702;33855;19105;14750;8
2674;Totaal over alle leeftijden;Mannen en vrouwen;Amersfoort (SG);2018;290947;233316;22958;9127;13831;34673;19530;15143;8
2675;Totaal over alle leeftijden;Mannen en vrouwen;Amersfoort (SG);2019;292013;233497;23021;9202;13819;35495;19970;15525;8
2676;Totaal over alle leeftijden;Mannen en vrouwen;Amersfoort (SG);2020;293006;233631;23168;9263;13905;36207;20334;15873;8
2677;Totaal over alle leeftijden;Mannen en vrouwen;Amersfoort (SG);2021;293731;233612;23371;9415;13956;36748;20758;15990;8
2678;Totaal over alle leeftijden;Mannen en vrouwen;Amersfoort (SG);2022;294575;233540;23539;9531;14008;37496;21182;16314;8
2679;Totaal over alle leeftijden;Mannen en vrouwen;Amersfoort (SG);2023;295114;233289;23746;9641;14105;38079;21527;16552;8
2680;Totaal over alle leeftijden;Mannen en vrouwen;Amersfoort (SG);2024;296023;233374;23867;9746;14121;38782;21931;16851;8
2681;Totaal over alle leeftijden;Mannen en vrouwen;Amersfoort (SG);2025;296861;233305;24034;9850;14184;39522;22335;17187;8
2682;Totaal over alle leeftijden;Mannen en vrouwen;Amersfoort (SG);2026;297704;233337;24286;10020;14266;40081;22642;17439;8
2683;Totaal over alle leeftijden;Mannen en vrouwen;Amersfoort (SG);2027;298415;233219;24419;10100;14319;40777;23002;17775;8
2684;Totaal over alle leeftijden;Mannen en vrouwen;Amersfoort (SG);2028;299357;233256;24669;10281;14388;41432;23401;18031;8
2685;Totaal over alle leeftijden;Mannen en vrouwen;Amersfoort (SG);2029;300424;233394;24821;10356;14465;42209;23836;18373;8
2686;Totaal over alle leeftijden;Mannen en vrouwen;Amersfoort (SG);2030;301176;233362;24960;10458;14502;42854;24211;18643;8
2687;Totaal over alle leeftijden;Mannen en vrouwen;Amersfoort (SG);2031;301976;233354;25150;10552;14598;43472;24571;18901;8
2688;Totaal over alle leeftijden;Mannen en vrouwen;Amersfoort (SG);2032;302852;233381;25337;10680;14657;44134;24892;19242;8
2689;Totaal over alle leeftijden;Mannen en vrouwen;Amersfoort (SG);2033;304096;233538;25675;10860;14815;44883;25260;19623;8
2690;Totaal over alle leeftijden;Mannen en vrouwen;Amersfoort (SG);2034;305225;233734;25904;10972;14932;45587;25635;19952;8
2691;Totaal over alle leeftijden;Mannen en vrouwen;Amersfoort (SG);2035;306565;234159;26090;11087;15003;46316;26000;20316;8
2692;Totaal over alle leeftijden;Mannen en vrouwen;Amersfoort (SG);2036;308085;234622;26383;11243;15140;47080;26284;20796;8
2693;Totaal over alle leeftijden;Mannen en vrouwen;Amersfoort (SG);2037;309318;234883;26627;11428;15199;47808;26611;21197;8
2694;Totaal over alle leeftijden;Mannen en vrouwen;Amersfoort (SG);2038;310704;235160;26919;11600;15319;48625;26928;21697;8
2695;Totaal over alle leeftijden;Mannen en vrouwen;Amersfoort (SG);2039;311977;235475;27155;11738;15417;49347;27270;22077;8
2696;Totaal over alle leeftijden;Mannen en vrouwen;Amersfoort (SG);2040;312908;235417;27426;11896;15530;50065;27649;22416;8
2697;Totaal over alle leeftijden;Mannen en vrouwen;Utrecht (SG);2010;611547;459849;58691;24426;34265;93007;49726;43281;9
2698;Totaal over alle leeftijden;Mannen en vrouwen;Utrecht (SG);2011;618599;464416;59809;25084;34725;94374;49910;44464;9
2699;Totaal over alle leeftijden;Mannen en vrouwen;Utrecht (SG);2012;624789;468353;60724;25642;35082;95712;50113;45599;9
2700;Totaal over alle leeftijden;Mannen en vrouwen;Utrecht (SG);2013;630524;471852;61571;26003;35568;97101;50290;46811;9
2701;Totaal over alle leeftijden;Mannen en vrouwen;Utrecht (SG);2014;635357;474873;62291;26391;35900;98193;50399;47794;9
2702;Totaal over alle leeftijden;Mannen en vrouwen;Utrecht (SG);2015;639885;477637;63038;26649;36389;99210;50611;48599;9
2703;Totaal over alle leeftijden;Mannen en vrouwen;Utrecht (SG);2016;644655;480452;63898;27130;36768;100305;50894;49411;9
2704;Totaal over alle leeftijden;Mannen en vrouwen;Utrecht (SG);2017;650010;483694;64799;27528;37271;101517;51320;50197;9
2705;Totaal over alle leeftijden;Mannen en vrouwen;Utrecht (SG);2018;655089;486699;65673;27941;37732;102717;51829;50888;9
2706;Totaal over alle leeftijden;Mannen en vrouwen;Utrecht (SG);2019;660609;490067;66687;28408;38279;103855;52250;51605;9
2707;Totaal over alle leeftijden;Mannen en vrouwen;Utrecht (SG);2020;665517;492823;67549;28805;38744;105145;52646;52499;9
2708;Totaal over alle leeftijden;Mannen en vrouwen;Utrecht (SG);2021;670320;495628;68369;29177;39192;106323;53015;53308;9
2709;Totaal over alle leeftijden;Mannen en vrouwen;Utrecht (SG);2022;674998;498278;69118;29477;39641;107602;53447;54155;9
2710;Totaal over alle leeftijden;Mannen en vrouwen;Utrecht (SG);2023;679872;501154;70036;29911;40125;108682;53810;54872;9
2711;Totaal over alle leeftijden;Mannen en vrouwen;Utrecht (SG);2024;684466;503677;70963;30250;40713;109826;54210;55616;9
2712;Totaal over alle leeftijden;Mannen en vrouwen;Utrecht (SG);2025;688599;505798;71818;30670;41148;110983;54609;56374;9
2713;Totaal over alle leeftijden;Mannen en vrouwen;Utrecht (SG);2026;692532;507926;72686;31102;41584;111920;54828;57092;9
2714;Totaal over alle leeftijden;Mannen en vrouwen;Utrecht (SG);2027;696716;510180;73631;31570;42061;112905;55200;57705;9
2715;Totaal over alle leeftijden;Mannen en vrouwen;Utrecht (SG);2028;700552;511955;74525;31911;42614;114072;55492;58580;9
2716;Totaal over alle leeftijden;Mannen en vrouwen;Utrecht (SG);2029;703830;513632;75346;32250;43096;114852;55733;59119;9
2717;Totaal over alle leeftijden;Mannen en vrouwen;Utrecht (SG);2030;707748;515579;76331;32709;43622;115838;55953;59885;9
2718;Totaal over alle leeftijden;Mannen en vrouwen;Utrecht (SG);2031;710783;516677;77293;33123;44170;116813;56176;60637;9
2719;Totaal over alle leeftijden;Mannen en vrouwen;Utrecht (SG);2032;715076;518935;78310;33604;44706;117831;56632;61199;9
2720;Totaal over alle leeftijden;Mannen en vrouwen;Utrecht (SG);2033;719010;520851;79212;34038;45174;118947;56932;62015;9
2721;Totaal over alle leeftijden;Mannen en vrouwen;Utrecht (SG);2034;723380;523042;80218;34454;45764;120120;57274;62846;9
2722;Totaal over alle leeftijden;Mannen en vrouwen;Utrecht (SG);2035;728079;525448;81379;35046;46333;121252;57478;63774;9
2723;Totaal over alle leeftijden;Mannen en vrouwen;Utrecht (SG);2036;732567;527834;82494;35587;46907;122239;57702;64537;9
2724;Totaal over alle leeftijden;Mannen en vrouwen;Utrecht (SG);2037;737597;530534;83629;36108;47521;123434;57966;65468;9
2725;Totaal over alle leeftijden;Mannen en vrouwen;Utrecht (SG);2038;742443;533010;84745;36505;48240;124688;58318;66370;9
2726;Totaal over alle leeftijden;Mannen en vrouwen;Utrecht (SG);2039;747412;535388;85976;37055;48921;126048;58671;67377;9
2727;Totaal over alle leeftijden;Mannen en vrouwen;Utrecht (SG);2040;752335;537804;87190;37649;49541;127341;58885;68456;9
2728;Totaal over alle leeftijden;Mannen en vrouwen;Amsterdam (SG);2010;1507600;936969;192016;96853;95163;378615;214470;164145;10
2729;Totaal over alle leeftijden;Mannen en vrouwen;Amsterdam (SG);2011;1519498;945484;195296;98625;96671;378718;211979;166739;10
2730;Totaal over alle leeftijden;Mannen en vrouwen;Amsterdam (SG);2012;1532060;954516;198390;100119;98271;379154;209836;169318;10
2731;Totaal over alle leeftijden;Mannen en vrouwen;Amsterdam (SG);2013;1545199;963916;201375;101499;99876;379908;208308;171600;10
2732;Totaal over alle leeftijden;Mannen en vrouwen;Amsterdam (SG);2014;1557801;972740;204180;102701;101479;380881;207220;173661;10
2733;Totaal over alle leeftijden;Mannen en vrouwen;Amsterdam (SG);2015;1570134;981044;206692;103777;102915;382398;206402;175996;10
2734;Totaal over alle leeftijden;Mannen en vrouwen;Amsterdam (SG);2016;1581519;988601;209141;104748;104393;383777;205877;177900;10
2735;Totaal over alle leeftijden;Mannen en vrouwen;Amsterdam (SG);2017;1592318;995389;211585;105868;105717;385344;205714;179630;10
2736;Totaal over alle leeftijden;Mannen en vrouwen;Amsterdam (SG);2018;1602543;1001874;213929;106990;106939;386740;205373;181367;10
2737;Totaal over alle leeftijden;Mannen en vrouwen;Amsterdam (SG);2019;1612237;1008175;216218;108176;108042;387844;205202;182642;10
2738;Totaal over alle leeftijden;Mannen en vrouwen;Amsterdam (SG);2020;1622559;1014594;218543;109303;109240;389422;205012;184410;10
2739;Totaal over alle leeftijden;Mannen en vrouwen;Amsterdam (SG);2021;1631950;1020519;220801;110368;110433;390630;204902;185728;10
2740;Totaal over alle leeftijden;Mannen en vrouwen;Amsterdam (SG);2022;1641160;1026248;222916;111429;111487;391996;204883;187113;10
2741;Totaal over alle leeftijden;Mannen en vrouwen;Amsterdam (SG);2023;1649963;1031573;224901;112476;112425;393489;204908;188581;10
2742;Totaal over alle leeftijden;Mannen en vrouwen;Amsterdam (SG);2024;1657800;1036176;226963;113613;113350;394661;204695;189966;10
2743;Totaal over alle leeftijden;Mannen en vrouwen;Amsterdam (SG);2025;1665433;1040868;228790;114609;114181;395775;204303;191472;10
2744;Totaal over alle leeftijden;Mannen en vrouwen;Amsterdam (SG);2026;1672281;1044742;230441;115515;114926;397098;203948;193150;10
2745;Totaal over alle leeftijden;Mannen en vrouwen;Amsterdam (SG);2027;1678505;1048375;232052;116518;115534;398078;203583;194495;10
2746;Totaal over alle leeftijden;Mannen en vrouwen;Amsterdam (SG);2028;1684128;1051541;233692;117468;116224;398895;203109;195786;10
2747;Totaal over alle leeftijden;Mannen en vrouwen;Amsterdam (SG);2029;1689901;1054500;235318;118378;116940;400083;202753;197330;10
2748;Totaal over alle leeftijden;Mannen en vrouwen;Amsterdam (SG);2030;1695190;1057270;236693;119123;117570;401227;202430;198797;10
2749;Totaal over alle leeftijden;Mannen en vrouwen;Amsterdam (SG);2031;1699088;1058908;238164;120039;118125;402016;201915;200101;10
2750;Totaal over alle leeftijden;Mannen en vrouwen;Amsterdam (SG);2032;1702718;1060133;239667;120993;118674;402918;201367;201551;10
2751;Totaal over alle leeftijden;Mannen en vrouwen;Amsterdam (SG);2033;1705706;1061158;241001;121775;119226;403547;200803;202744;10
2752;Totaal over alle leeftijden;Mannen en vrouwen;Amsterdam (SG);2034;1708598;1061924;242394;122669;119725;404280;200179;204101;10
2753;Totaal over alle leeftijden;Mannen en vrouwen;Amsterdam (SG);2035;1711484;1062315;243933;123787;120146;405236;199701;205535;10
2754;Totaal over alle leeftijden;Mannen en vrouwen;Amsterdam (SG);2036;1713776;1062222;245422;124789;120633;406132;198984;207148;10
2755;Totaal over alle leeftijden;Mannen en vrouwen;Amsterdam (SG);2037;1716317;1062326;246822;125757;121065;407169;198261;208908;10
2756;Totaal over alle leeftijden;Mannen en vrouwen;Amsterdam (SG);2038;1718481;1061869;248397;126711;121686;408215;197574;210641;10
2757;Totaal over alle leeftijden;Mannen en vrouwen;Amsterdam (SG);2039;1720238;1061249;249734;127556;122178;409255;197042;212213;10
2758;Totaal over alle leeftijden;Mannen en vrouwen;Amsterdam (SG);2040;1721569;1060043;251317;128474;122843;410209;196330;213879;10
2759;Totaal over alle leeftijden;Mannen en vrouwen;Haarlem (SG);2010;411454;331734;41683;16794;24889;38037;20683;17354;11
2760;Totaal over alle leeftijden;Mannen en vrouwen;Haarlem (SG);2011;412255;331289;42061;17083;24978;38905;20885;18020;11
2761;Totaal over alle leeftijden;Mannen en vrouwen;Haarlem (SG);2012;413005;330877;42343;17315;25028;39785;21124;18661;11
2762;Totaal over alle leeftijden;Mannen en vrouwen;Haarlem (SG);2013;413529;330141;42641;17505;25136;40747;21395;19352;11
2763;Totaal over alle leeftijden;Mannen en vrouwen;Haarlem (SG);2014;414030;329442;42869;17643;25226;41719;21666;20053;11
2764;Totaal over alle leeftijden;Mannen en vrouwen;Haarlem (SG);2015;414188;328565;43043;17791;25252;42580;22068;20512;11
2765;Totaal over alle leeftijden;Mannen en vrouwen;Haarlem (SG);2016;414536;327673;43262;17928;25334;43601;22503;21098;11
2766;Totaal over alle leeftijden;Mannen en vrouwen;Haarlem (SG);2017;414423;326506;43467;18092;25375;44450;22798;21652;11
2767;Totaal over alle leeftijden;Mannen en vrouwen;Haarlem (SG);2018;414509;325559;43570;18143;25427;45380;23217;22163;11
2768;Totaal over alle leeftijden;Mannen en vrouwen;Haarlem (SG);2019;414792;324715;43821;18256;25565;46256;23674;22582;11
2769;Totaal over alle leeftijden;Mannen en vrouwen;Haarlem (SG);2020;414958;323754;44118;18459;25659;47086;23999;23087;11
2770;Totaal over alle leeftijden;Mannen en vrouwen;Haarlem (SG);2021;414759;322679;44264;18534;25730;47816;24285;23531;11
2771;Totaal over alle leeftijden;Mannen en vrouwen;Haarlem (SG);2022;414830;321836;44433;18658;25775;48561;24597;23964;11
2772;Totaal over alle leeftijden;Mannen en vrouwen;Haarlem (SG);2023;414703;320746;44573;18708;25865;49384;24928;24456;11
2773;Totaal over alle leeftijden;Mannen en vrouwen;Haarlem (SG);2024;414852;319931;44748;18849;25899;50173;25192;24981;11
2774;Totaal over alle leeftijden;Mannen en vrouwen;Haarlem (SG);2025;415189;319132;44936;18916;26020;51121;25566;25555;11
2775;Totaal over alle leeftijden;Mannen en vrouwen;Haarlem (SG);2026;415315;318349;45142;18994;26148;51824;25891;25933;11
2776;Totaal over alle leeftijden;Mannen en vrouwen;Haarlem (SG);2027;415398;317558;45314;19091;26223;52526;26220;26306;11
2777;Totaal over alle leeftijden;Mannen en vrouwen;Haarlem (SG);2028;415629;316928;45599;19297;26302;53102;26363;26739;11
2778;Totaal over alle leeftijden;Mannen en vrouwen;Haarlem (SG);2029;416062;316285;45844;19471;26373;53933;26748;27185;11
2779;Totaal over alle leeftijden;Mannen en vrouwen;Haarlem (SG);2030;416267;315484;46143;19620;26523;54640;27024;27616;11
2780;Totaal over alle leeftijden;Mannen en vrouwen;Haarlem (SG);2031;416501;314667;46384;19760;26624;55450;27383;28067;11
2781;Totaal over alle leeftijden;Mannen en vrouwen;Haarlem (SG);2032;416750;313968;46532;19835;26697;56250;27721;28529;11
2782;Totaal over alle leeftijden;Mannen en vrouwen;Haarlem (SG);2033;416981;313126;46863;20025;26838;56992;28010;28982;11
2783;Totaal over alle leeftijden;Mannen en vrouwen;Haarlem (SG);2034;417133;312229;47173;20182;26991;57731;28263;29468;11
2784;Totaal over alle leeftijden;Mannen en vrouwen;Haarlem (SG);2035;417758;311703;47555;20336;27219;58500;28497;30003;11
2785;Totaal over alle leeftijden;Mannen en vrouwen;Haarlem (SG);2036;418162;311153;47841;20467;27374;59168;28644;30524;11
2786;Totaal over alle leeftijden;Mannen en vrouwen;Haarlem (SG);2037;418494;310430;48102;20553;27549;59962;28900;31062;11
2787;Totaal over alle leeftijden;Mannen en vrouwen;Haarlem (SG);2038;418982;309706;48458;20766;27692;60818;29162;31656;11
2788;Totaal over alle leeftijden;Mannen en vrouwen;Haarlem (SG);2039;419347;308952;48875;21034;27841;61520;29357;32163;11
2789;Totaal over alle leeftijden;Mannen en vrouwen;Haarlem (SG);2040;419883;308369;49226;21238;27988;62288;29584;32704;11
2790;Totaal over alle leeftijden;Mannen en vrouwen;Leiden (SG);2010;334931;270917;34011;16776;17235;30003;17603;12400;12
2791;Totaal over alle leeftijden;Mannen en vrouwen;Leiden (SG);2011;335242;270144;34370;16976;17394;30728;17889;12839;12
2792;Totaal over alle leeftijden;Mannen en vrouwen;Leiden (SG);2012;335893;269434;34736;17189;17547;31723;18324;13399;12
2793;Totaal over alle leeftijden;Mannen en vrouwen;Leiden (SG);2013;336525;268879;35007;17292;17715;32639;18743;13896;12
2794;Totaal over alle leeftijden;Mannen en vrouwen;Leiden (SG);2014;337388;268362;35408;17511;17897;33618;19100;14518;12
2795;Totaal over alle leeftijden;Mannen en vrouwen;Leiden (SG);2015;337930;267677;35753;17680;18073;34500;19523;14977;12
2796;Totaal over alle leeftijden;Mannen en vrouwen;Leiden (SG);2016;338651;267207;36174;17901;18273;35270;19899;15371;12
2797;Totaal over alle leeftijden;Mannen en vrouwen;Leiden (SG);2017;339487;266581;36626;18114;18512;36280;20351;15929;12
2798;Totaal over alle leeftijden;Mannen en vrouwen;Leiden (SG);2018;340652;266245;37152;18385;18767;37255;20776;16479;12
2799;Totaal over alle leeftijden;Mannen en vrouwen;Leiden (SG);2019;341303;265641;37474;18539;18935;38188;21198;16990;12
2800;Totaal over alle leeftijden;Mannen en vrouwen;Leiden (SG);2020;342487;265462;37954;18798;19156;39071;21641;17430;12
2801;Totaal over alle leeftijden;Mannen en vrouwen;Leiden (SG);2021;343747;265389;38388;19030;19358;39970;22014;17956;12
2802;Totaal over alle leeftijden;Mannen en vrouwen;Leiden (SG);2022;344897;265082;38898;19256;19642;40917;22397;18520;12
2803;Totaal over alle leeftijden;Mannen en vrouwen;Leiden (SG);2023;345904;264774;39312;19396;19916;41818;22775;19043;12
2804;Totaal over alle leeftijden;Mannen en vrouwen;Leiden (SG);2024;347030;264505;39837;19676;20161;42688;23180;19508;12
2805;Totaal over alle leeftijden;Mannen en vrouwen;Leiden (SG);2025;348108;264269;40325;19913;20412;43514;23468;20046;12
2806;Totaal over alle leeftijden;Mannen en vrouwen;Leiden (SG);2026;349214;264001;40744;20172;20572;44469;23857;20612;12
2807;Totaal over alle leeftijden;Mannen en vrouwen;Leiden (SG);2027;350337;263722;41267;20437;20830;45348;24307;21041;12
2808;Totaal over alle leeftijden;Mannen en vrouwen;Leiden (SG);2028;351276;263400;41805;20722;21083;46071;24654;21417;12
2809;Totaal over alle leeftijden;Mannen en vrouwen;Leiden (SG);2029;352366;263206;42293;20947;21346;46867;25002;21865;12
2810;Totaal over alle leeftijden;Mannen en vrouwen;Leiden (SG);2030;353305;262845;42905;21200;21705;47555;25252;22303;12
2811;Totaal over alle leeftijden;Mannen en vrouwen;Leiden (SG);2031;354150;262392;43408;21470;21938;48350;25659;22691;12
2812;Totaal over alle leeftijden;Mannen en vrouwen;Leiden (SG);2032;354578;261706;43936;21681;22255;48936;25909;23027;12
2813;Totaal over alle leeftijden;Mannen en vrouwen;Leiden (SG);2033;354969;260939;44473;21885;22588;49557;26205;23352;12
2814;Totaal over alle leeftijden;Mannen en vrouwen;Leiden (SG);2034;355292;260177;44925;22074;22851;50190;26456;23734;12
2815;Totaal over alle leeftijden;Mannen en vrouwen;Leiden (SG);2035;355429;259323;45319;22236;23083;50787;26686;24101;12
2816;Totaal over alle leeftijden;Mannen en vrouwen;Leiden (SG);2036;355747;258493;45789;22467;23322;51465;26976;24489;12
2817;Totaal over alle leeftijden;Mannen en vrouwen;Leiden (SG);2037;355676;257462;46199;22613;23586;52015;27204;24811;12
2818;Totaal over alle leeftijden;Mannen en vrouwen;Leiden (SG);2038;355441;256397;46692;22891;23801;52352;27305;25047;12
2819;Totaal over alle leeftijden;Mannen en vrouwen;Leiden (SG);2039;355295;255281;47159;23039;24120;52855;27424;25431;12
2820;Totaal over alle leeftijden;Mannen en vrouwen;Leiden (SG);2040;354849;254059;47544;23193;24351;53246;27651;25595;12
2821;Totaal over alle leeftijden;Mannen en vrouwen;'s-Gravenhage (SG);2010;1015923;666932;128550;67719;60831;220441;131135;89306;13
2822;Totaal over alle leeftijden;Mannen en vrouwen;'s-Gravenhage (SG);2011;1023064;669217;131768;70102;61666;222079;130582;91497;13
2823;Totaal over alle leeftijden;Mannen en vrouwen;'s-Gravenhage (SG);2012;1028730;670496;134472;71985;62487;223762;130042;93720;13
2824;Totaal over alle leeftijden;Mannen en vrouwen;'s-Gravenhage (SG);2013;1034057;671487;137018;73797;63221;225552;129765;95787;13
2825;Totaal over alle leeftijden;Mannen en vrouwen;'s-Gravenhage (SG);2014;1039530;672696;139384;75457;63927;227450;129922;97528;13
2826;Totaal over alle leeftijden;Mannen en vrouwen;'s-Gravenhage (SG);2015;1045367;674187;141493;77200;64293;229687;130450;99237;13
2827;Totaal over alle leeftijden;Mannen en vrouwen;'s-Gravenhage (SG);2016;1050948;675673;143534;78795;64739;231741;130926;100815;13
2828;Totaal over alle leeftijden;Mannen en vrouwen;'s-Gravenhage (SG);2017;1056140;676883;145629;80396;65233;233628;131510;102118;13
2829;Totaal over alle leeftijden;Mannen en vrouwen;'s-Gravenhage (SG);2018;1061351;678080;147849;82065;65784;235422;131996;103426;13
2830;Totaal over alle leeftijden;Mannen en vrouwen;'s-Gravenhage (SG);2019;1066324;678933;150040;83634;66406;237351;132813;104538;13
2831;Totaal over alle leeftijden;Mannen en vrouwen;'s-Gravenhage (SG);2020;1070870;679154;152353;85379;66974;239363;133502;105861;13
2832;Totaal over alle leeftijden;Mannen en vrouwen;'s-Gravenhage (SG);2021;1075352;679698;154618;87085;67533;241036;134036;107000;13
2833;Totaal over alle leeftijden;Mannen en vrouwen;'s-Gravenhage (SG);2022;1079717;680213;156894;88781;68113;242610;134586;108024;13
2834;Totaal over alle leeftijden;Mannen en vrouwen;'s-Gravenhage (SG);2023;1083681;680557;159094;90474;68620;244030;135104;108926;13
2835;Totaal over alle leeftijden;Mannen en vrouwen;'s-Gravenhage (SG);2024;1087738;681035;161302;92144;69158;245401;135505;109896;13
2836;Totaal over alle leeftijden;Mannen en vrouwen;'s-Gravenhage (SG);2025;1091704;681578;163365;93667;69698;246761;135982;110779;13
2837;Totaal over alle leeftijden;Mannen en vrouwen;'s-Gravenhage (SG);2026;1095273;681676;165650;95288;70362;247947;136384;111563;13
2838;Totaal over alle leeftijden;Mannen en vrouwen;'s-Gravenhage (SG);2027;1098251;681260;168027;96986;71041;248964;136768;112196;13
2839;Totaal over alle leeftijden;Mannen en vrouwen;'s-Gravenhage (SG);2028;1101913;681515;170334;98718;71616;250064;137058;113006;13
2840;Totaal over alle leeftijden;Mannen en vrouwen;'s-Gravenhage (SG);2029;1105287;681413;172727;100495;72232;251147;137329;113818;13
2841;Totaal over alle leeftijden;Mannen en vrouwen;'s-Gravenhage (SG);2030;1108803;681341;175396;102459;72937;252066;137349;114717;13
2842;Totaal over alle leeftijden;Mannen en vrouwen;'s-Gravenhage (SG);2031;1113429;681942;178111;104384;73727;253376;137610;115766;13
2843;Totaal over alle leeftijden;Mannen en vrouwen;'s-Gravenhage (SG);2032;1117388;682163;180660;106313;74347;254565;137909;116656;13
2844;Totaal over alle leeftijden;Mannen en vrouwen;'s-Gravenhage (SG);2033;1121692;682596;183310;108226;75084;255786;138027;117759;13
2845;Totaal over alle leeftijden;Mannen en vrouwen;'s-Gravenhage (SG);2034;1125882;682784;186064;110154;75910;257034;138194;118840;13
2846;Totaal over alle leeftijden;Mannen en vrouwen;'s-Gravenhage (SG);2035;1130185;683151;188817;112184;76633;258217;138244;119973;13
2847;Totaal over alle leeftijden;Mannen en vrouwen;'s-Gravenhage (SG);2036;1134186;683680;191094;113987;77107;259412;138183;121229;13
2848;Totaal over alle leeftijden;Mannen en vrouwen;'s-Gravenhage (SG);2037;1138463;683934;193886;115962;77924;260643;138156;122487;13
2849;Totaal over alle leeftijden;Mannen en vrouwen;'s-Gravenhage (SG);2038;1142652;684423;196468;117915;78553;261761;138171;123590;13
2850;Totaal over alle leeftijden;Mannen en vrouwen;'s-Gravenhage (SG);2039;1146861;684712;199209;119934;79275;262940;138122;124818;13
2851;Totaal over alle leeftijden;Mannen en vrouwen;'s-Gravenhage (SG);2040;1151474;685118;202106;122048;80058;264250;138121;126129;13
2852;Totaal over alle leeftijden;Mannen en vrouwen;Rotterdam (SG);2010;1172467;779982;110211;53866;56345;282274;157426;124848;14
2853;Totaal over alle leeftijden;Mannen en vrouwen;Rotterdam (SG);2011;1175211;781858;111441;55056;56385;281912;155421;126491;14
2854;Totaal over alle leeftijden;Mannen en vrouwen;Rotterdam (SG);2012;1180055;785098;112706;56277;56429;282251;153973;128278;14
2855;Totaal over alle leeftijden;Mannen en vrouwen;Rotterdam (SG);2013;1184526;788018;113782;57230;56552;282726;152999;129727;14
2856;Totaal over alle leeftijden;Mannen en vrouwen;Rotterdam (SG);2014;1189202;791067;114879;58119;56760;283256;152090;131166;14
2857;Totaal over alle leeftijden;Mannen en vrouwen;Rotterdam (SG);2015;1193001;793194;116049;58949;57100;283758;151352;132406;14
2858;Totaal over alle leeftijden;Mannen en vrouwen;Rotterdam (SG);2016;1196734;794977;117275;59816;57459;284482;150908;133574;14
2859;Totaal over alle leeftijden;Mannen en vrouwen;Rotterdam (SG);2017;1200555;797119;118453;60758;57695;284983;150419;134564;14
2860;Totaal over alle leeftijden;Mannen en vrouwen;Rotterdam (SG);2018;1204336;799154;119587;61560;58027;285595;150187;135408;14
2861;Totaal over alle leeftijden;Mannen en vrouwen;Rotterdam (SG);2019;1207957;800958;120962;62533;58429;286037;149727;136310;14
2862;Totaal over alle leeftijden;Mannen en vrouwen;Rotterdam (SG);2020;1211718;802924;122129;63235;58894;286665;149525;137140;14
2863;Totaal over alle leeftijden;Mannen en vrouwen;Rotterdam (SG);2021;1214869;804496;123293;64144;59149;287080;149258;137822;14
2864;Totaal over alle leeftijden;Mannen en vrouwen;Rotterdam (SG);2022;1218324;806418;124661;65023;59638;287245;148893;138352;14
2865;Totaal over alle leeftijden;Mannen en vrouwen;Rotterdam (SG);2023;1221527;808000;125909;65844;60065;287618;148524;139094;14
2866;Totaal over alle leeftijden;Mannen en vrouwen;Rotterdam (SG);2024;1224600;809546;127189;66708;60481;287865;148173;139692;14
2867;Totaal over alle leeftijden;Mannen en vrouwen;Rotterdam (SG);2025;1227581;810994;128476;67637;60839;288111;147777;140334;14
2868;Totaal over alle leeftijden;Mannen en vrouwen;Rotterdam (SG);2026;1230082;812207;129643;68488;61155;288232;147409;140823;14
2869;Totaal over alle leeftijden;Mannen en vrouwen;Rotterdam (SG);2027;1232691;813359;130788;69224;61564;288544;147121;141423;14
2870;Totaal over alle leeftijden;Mannen en vrouwen;Rotterdam (SG);2028;1235058;814230;131954;70015;61939;288874;146740;142134;14
2871;Totaal over alle leeftijden;Mannen en vrouwen;Rotterdam (SG);2029;1237462;815350;133134;70918;62216;288978;146308;142670;14
2872;Totaal over alle leeftijden;Mannen en vrouwen;Rotterdam (SG);2030;1239246;815811;134308;71817;62491;289127;145921;143206;14
2873;Totaal over alle leeftijden;Mannen en vrouwen;Rotterdam (SG);2031;1241203;816459;135370;72595;62775;289374;145527;143847;14
2874;Totaal over alle leeftijden;Mannen en vrouwen;Rotterdam (SG);2032;1242785;816741;136453;73381;63072;289591;145108;144483;14
2875;Totaal over alle leeftijden;Mannen en vrouwen;Rotterdam (SG);2033;1243685;816408;137563;74220;63343;289714;144468;145246;14
2876;Totaal over alle leeftijden;Mannen en vrouwen;Rotterdam (SG);2034;1244653;815975;138627;75071;63556;290051;143996;146055;14
2877;Totaal over alle leeftijden;Mannen en vrouwen;Rotterdam (SG);2035;1244943;815233;139620;75761;63859;290090;143256;146834;14
2878;Totaal over alle leeftijden;Mannen en vrouwen;Rotterdam (SG);2036;1244918;814118;140712;76503;64209;290088;142642;147446;14
2879;Totaal over alle leeftijden;Mannen en vrouwen;Rotterdam (SG);2037;1244561;812779;141612;77191;64421;290170;141961;148209;14
2880;Totaal over alle leeftijden;Mannen en vrouwen;Rotterdam (SG);2038;1244160;811305;142396;77835;64561;290459;141145;149314;14
2881;Totaal over alle leeftijden;Mannen en vrouwen;Rotterdam (SG);2039;1243815;809586;143392;78565;64827;290837;140451;150386;14
2882;Totaal over alle leeftijden;Mannen en vrouwen;Rotterdam (SG);2040;1242771;807352;144312;79291;65021;291107;139700;151407;14
2883;Totaal over alle leeftijden;Mannen en vrouwen;Dordrecht (SG);2010;283339;228931;22512;9341;13171;31896;17561;14335;15
2884;Totaal over alle leeftijden;Mannen en vrouwen;Dordrecht (SG);2011;284228;229162;22820;9568;13252;32246;17577;14669;15
2885;Totaal over alle leeftijden;Mannen en vrouwen;Dordrecht (SG);2012;284688;229204;22965;9688;13277;32519;17594;14925;15
2886;Totaal over alle leeftijden;Mannen en vrouwen;Dordrecht (SG);2013;285126;229111;23176;9812;13364;32839;17665;15174;15
2887;Totaal over alle leeftijden;Mannen en vrouwen;Dordrecht (SG);2014;285941;229565;23367;9873;13494;33009;17733;15276;15
2888;Totaal over alle leeftijden;Mannen en vrouwen;Dordrecht (SG);2015;286642;229675;23559;9978;13581;33408;17873;15535;15
2889;Totaal over alle leeftijden;Mannen en vrouwen;Dordrecht (SG);2016;287569;230074;23786;10065;13721;33709;17939;15770;15
2890;Totaal over alle leeftijden;Mannen en vrouwen;Dordrecht (SG);2017;288217;230107;24016;10166;13850;34094;18082;16012;15
2891;Totaal over alle leeftijden;Mannen en vrouwen;Dordrecht (SG);2018;288703;229956;24198;10227;13971;34549;18201;16348;15
2892;Totaal over alle leeftijden;Mannen en vrouwen;Dordrecht (SG);2019;289311;229949;24345;10270;14075;35017;18334;16683;15
2893;Totaal over alle leeftijden;Mannen en vrouwen;Dordrecht (SG);2020;289917;229859;24608;10395;14213;35450;18493;16957;15
2894;Totaal over alle leeftijden;Mannen en vrouwen;Dordrecht (SG);2021;290604;229800;24930;10511;14419;35874;18656;17218;15
2895;Totaal over alle leeftijden;Mannen en vrouwen;Dordrecht (SG);2022;291384;229849;25220;10631;14589;36315;18789;17526;15
2896;Totaal over alle leeftijden;Mannen en vrouwen;Dordrecht (SG);2023;291987;229617;25526;10773;14753;36844;19001;17843;15
2897;Totaal over alle leeftijden;Mannen en vrouwen;Dordrecht (SG);2024;292699;229641;25766;10870;14896;37292;19138;18154;15
2898;Totaal over alle leeftijden;Mannen en vrouwen;Dordrecht (SG);2025;292915;229280;25875;10925;14950;37760;19347;18413;15
2899;Totaal over alle leeftijden;Mannen en vrouwen;Dordrecht (SG);2026;293594;229206;26119;11070;15049;38269;19549;18720;15
2900;Totaal over alle leeftijden;Mannen en vrouwen;Dordrecht (SG);2027;294252;229066;26468;11211;15257;38718;19659;19059;15
2901;Totaal over alle leeftijden;Mannen en vrouwen;Dordrecht (SG);2028;294390;228591;26609;11239;15370;39190;19794;19396;15
2902;Totaal over alle leeftijden;Mannen en vrouwen;Dordrecht (SG);2029;294690;228284;26791;11311;15480;39615;19980;19635;15
2903;Totaal over alle leeftijden;Mannen en vrouwen;Dordrecht (SG);2030;294883;227923;26908;11412;15496;40052;20095;19957;15
2904;Totaal over alle leeftijden;Mannen en vrouwen;Dordrecht (SG);2031;294848;227355;27041;11478;15563;40452;20164;20288;15
2905;Totaal over alle leeftijden;Mannen en vrouwen;Dordrecht (SG);2032;294886;226936;27196;11593;15603;40754;20169;20585;15
2906;Totaal over alle leeftijden;Mannen en vrouwen;Dordrecht (SG);2033;294820;226285;27355;11708;15647;41180;20322;20858;15
2907;Totaal over alle leeftijden;Mannen en vrouwen;Dordrecht (SG);2034;294517;225484;27439;11760;15679;41594;20399;21195;15
2908;Totaal over alle leeftijden;Mannen en vrouwen;Dordrecht (SG);2035;294055;224536;27590;11825;15765;41929;20494;21435;15
2909;Totaal over alle leeftijden;Mannen en vrouwen;Dordrecht (SG);2036;293366;223438;27692;11891;15801;42236;20630;21606;15
2910;Totaal over alle leeftijden;Mannen en vrouwen;Dordrecht (SG);2037;292678;222385;27717;11969;15748;42576;20673;21903;15
2911;Totaal over alle leeftijden;Mannen en vrouwen;Dordrecht (SG);2038;291750;221169;27736;11987;15749;42845;20742;22103;15
2912;Totaal over alle leeftijden;Mannen en vrouwen;Dordrecht (SG);2039;290872;219990;27781;11985;15796;43101;20798;22303;15
2913;Totaal over alle leeftijden;Mannen en vrouwen;Dordrecht (SG);2040;290154;218876;27810;12051;15759;43468;20886;22582;15
2914;Totaal over alle leeftijden;Mannen en vrouwen;Breda (SG);2010;316024;257092;30769;13018;17751;28163;15242;12921;16
2915;Totaal over alle leeftijden;Mannen en vrouwen;Breda (SG);2011;317230;256902;31515;13624;17891;28813;15477;13336;16
2916;Totaal over alle leeftijden;Mannen en vrouwen;Breda (SG);2012;318297;256645;32141;14128;18013;29511;15757;13754;16
2917;Totaal over alle leeftijden;Mannen en vrouwen;Breda (SG);2013;319166;256481;32596;14496;18100;30089;16030;14059;16
2918;Totaal over alle leeftijden;Mannen en vrouwen;Breda (SG);2014;319856;256080;33102;14828;18274;30674;16246;14428;16
2919;Totaal over alle leeftijden;Mannen en vrouwen;Breda (SG);2015;320934;255948;33613;15127;18486;31373;16525;14848;16
2920;Totaal over alle leeftijden;Mannen en vrouwen;Breda (SG);2016;321887;255709;34209;15448;18761;31969;16812;15157;16
2921;Totaal over alle leeftijden;Mannen en vrouwen;Breda (SG);2017;323055;255535;34849;15851;18998;32671;17099;15572;16
2922;Totaal over alle leeftijden;Mannen en vrouwen;Breda (SG);2018;324250;255453;35447;16254;19193;33350;17423;15927;16
2923;Totaal over alle leeftijden;Mannen en vrouwen;Breda (SG);2019;325543;255393;36068;16602;19466;34082;17676;16406;16
2924;Totaal over alle leeftijden;Mannen en vrouwen;Breda (SG);2020;327058;255579;36673;16999;19674;34806;18017;16789;16
2925;Totaal over alle leeftijden;Mannen en vrouwen;Breda (SG);2021;328378;255553;37377;17419;19958;35448;18265;17183;16
2926;Totaal over alle leeftijden;Mannen en vrouwen;Breda (SG);2022;329816;255836;37916;17807;20109;36064;18567;17497;16
2927;Totaal over alle leeftijden;Mannen en vrouwen;Breda (SG);2023;331481;256167;38537;18221;20316;36777;18908;17869;16
2928;Totaal over alle leeftijden;Mannen en vrouwen;Breda (SG);2024;333273;256490;39172;18664;20508;37611;19331;18280;16
2929;Totaal over alle leeftijden;Mannen en vrouwen;Breda (SG);2025;334758;256647;39841;19056;20785;38270;19653;18617;16
2930;Totaal over alle leeftijden;Mannen en vrouwen;Breda (SG);2026;336159;256795;40480;19443;21037;38884;19966;18918;16
2931;Totaal over alle leeftijden;Mannen en vrouwen;Breda (SG);2027;337596;257107;40987;19800;21187;39502;20234;19268;16
2932;Totaal over alle leeftijden;Mannen en vrouwen;Breda (SG);2028;338966;257214;41559;20223;21336;40193;20549;19644;16
2933;Totaal over alle leeftijden;Mannen en vrouwen;Breda (SG);2029;340194;257313;41981;20525;21456;40900;20846;20054;16
2934;Totaal over alle leeftijden;Mannen en vrouwen;Breda (SG);2030;341264;257156;42505;20885;21620;41603;21101;20502;16
2935;Totaal over alle leeftijden;Mannen en vrouwen;Breda (SG);2031;342401;257139;43127;21372;21755;42135;21336;20799;16
2936;Totaal over alle leeftijden;Mannen en vrouwen;Breda (SG);2032;343275;256981;43581;21713;21868;42713;21570;21143;16
2937;Totaal over alle leeftijden;Mannen en vrouwen;Breda (SG);2033;344349;256890;44076;22085;21991;43383;21913;21470;16
2938;Totaal over alle leeftijden;Mannen en vrouwen;Breda (SG);2034;345224;256722;44591;22468;22123;43911;22164;21747;16
2939;Totaal over alle leeftijden;Mannen en vrouwen;Breda (SG);2035;345905;256505;45017;22785;22232;44383;22404;21979;16
2940;Totaal over alle leeftijden;Mannen en vrouwen;Breda (SG);2036;346678;256305;45466;23084;22382;44907;22592;22315;16
2941;Totaal over alle leeftijden;Mannen en vrouwen;Breda (SG);2037;347243;255995;45950;23454;22496;45298;22769;22529;16
2942;Totaal over alle leeftijden;Mannen en vrouwen;Breda (SG);2038;347861;255648;46325;23708;22617;45888;23015;22873;16
2943;Totaal over alle leeftijden;Mannen en vrouwen;Breda (SG);2039;348333;255182;46811;24029;22782;46340;23165;23175;16
2944;Totaal over alle leeftijden;Mannen en vrouwen;Breda (SG);2040;348699;254603;47231;24348;22883;46865;23388;23477;16
2945;Totaal over alle leeftijden;Mannen en vrouwen;Tilburg (SG);2010;295094;238520;24125;10149;13976;32449;18606;13843;17
2946;Totaal over alle leeftijden;Mannen en vrouwen;Tilburg (SG);2011;296468;238957;24549;10501;14048;32962;18804;14158;17
2947;Totaal over alle leeftijden;Mannen en vrouwen;Tilburg (SG);2012;298053;239623;24899;10804;14095;33531;19002;14529;17
2948;Totaal over alle leeftijden;Mannen en vrouwen;Tilburg (SG);2013;299315;240056;25304;11147;14157;33955;19098;14857;17
2949;Totaal over alle leeftijden;Mannen en vrouwen;Tilburg (SG);2014;300555;240444;25686;11424;14262;34425;19240;15185;17
2950;Totaal over alle leeftijden;Mannen en vrouwen;Tilburg (SG);2015;301644;240752;25961;11590;14371;34931;19472;15459;17
2951;Totaal over alle leeftijden;Mannen en vrouwen;Tilburg (SG);2016;302657;240952;26191;11763;14428;35514;19703;15811;17
2952;Totaal over alle leeftijden;Mannen en vrouwen;Tilburg (SG);2017;303982;241543;26479;11980;14499;35960;19912;16048;17
2953;Totaal over alle leeftijden;Mannen en vrouwen;Tilburg (SG);2018;305186;241848;26844;12226;14618;36494;20138;16356;17
2954;Totaal over alle leeftijden;Mannen en vrouwen;Tilburg (SG);2019;306741;242360;27242;12479;14763;37139;20462;16677;17
2955;Totaal over alle leeftijden;Mannen en vrouwen;Tilburg (SG);2020;307941;242641;27622;12703;14919;37678;20739;16939;17
2956;Totaal over alle leeftijden;Mannen en vrouwen;Tilburg (SG);2021;309368;243025;28039;12931;15108;38304;20981;17323;17
2957;Totaal over alle leeftijden;Mannen en vrouwen;Tilburg (SG);2022;310758;243453;28294;13091;15203;39011;21339;17672;17
2958;Totaal over alle leeftijden;Mannen en vrouwen;Tilburg (SG);2023;312209;243945;28707;13377;15330;39557;21536;18021;17
2959;Totaal over alle leeftijden;Mannen en vrouwen;Tilburg (SG);2024;313533;244298;29040;13565;15475;40195;21795;18400;17
2960;Totaal over alle leeftijden;Mannen en vrouwen;Tilburg (SG);2025;314929;244675;29460;13861;15599;40794;22120;18674;17
2961;Totaal over alle leeftijden;Mannen en vrouwen;Tilburg (SG);2026;316301;245119;29857;14079;15778;41325;22365;18960;17
2962;Totaal over alle leeftijden;Mannen en vrouwen;Tilburg (SG);2027;317710;245409;30366;14419;15947;41935;22589;19346;17
2963;Totaal over alle leeftijden;Mannen en vrouwen;Tilburg (SG);2028;319261;245886;30802;14693;16109;42573;22890;19683;17
2964;Totaal over alle leeftijden;Mannen en vrouwen;Tilburg (SG);2029;320614;246185;31231;14956;16275;43198;23170;20028;17
2965;Totaal over alle leeftijden;Mannen en vrouwen;Tilburg (SG);2030;321936;246449;31709;15246;16463;43778;23318;20460;17
2966;Totaal over alle leeftijden;Mannen en vrouwen;Tilburg (SG);2031;323156;246646;32099;15439;16660;44411;23561;20850;17
2967;Totaal over alle leeftijden;Mannen en vrouwen;Tilburg (SG);2032;324424;246863;32570;15709;16861;44991;23742;21249;17
2968;Totaal over alle leeftijden;Mannen en vrouwen;Tilburg (SG);2033;325557;246936;32972;15948;17024;45649;23924;21725;17
2969;Totaal over alle leeftijden;Mannen en vrouwen;Tilburg (SG);2034;326574;246870;33484;16233;17251;46220;24102;22118;17
2970;Totaal over alle leeftijden;Mannen en vrouwen;Tilburg (SG);2035;327573;246720;33886;16485;17401;46967;24262;22705;17
2971;Totaal over alle leeftijden;Mannen en vrouwen;Tilburg (SG);2036;328458;246562;34346;16775;17571;47550;24467;23083;17
2972;Totaal over alle leeftijden;Mannen en vrouwen;Tilburg (SG);2037;329138;246249;34784;17027;17757;48105;24714;23391;17
2973;Totaal over alle leeftijden;Mannen en vrouwen;Tilburg (SG);2038;329761;245968;35193;17243;17950;48600;24915;23685;17
2974;Totaal over alle leeftijden;Mannen en vrouwen;Tilburg (SG);2039;330349;245498;35728;17567;18161;49123;25089;24034;17
2975;Totaal over alle leeftijden;Mannen en vrouwen;Tilburg (SG);2040;330629;244914;36110;17796;18314;49605;25198;24407;17
2976;Totaal over alle leeftijden;Mannen en vrouwen;'s-Hertogenbosch (SG);2010;192337;160541;15953;6244;9709;15843;8840;7003;18
2977;Totaal over alle leeftijden;Mannen en vrouwen;'s-Hertogenbosch (SG);2011;192972;160772;16079;6355;9724;16121;8956;7165;18
2978;Totaal over alle leeftijden;Mannen en vrouwen;'s-Hertogenbosch (SG);2012;193518;160910;16193;6439;9754;16415;9148;7267;18
2979;Totaal over alle leeftijden;Mannen en vrouwen;'s-Hertogenbosch (SG);2013;194304;161437;16231;6454;9777;16636;9238;7398;18
2980;Totaal over alle leeftijden;Mannen en vrouwen;'s-Hertogenbosch (SG);2014;195043;161727;16389;6542;9847;16927;9397;7530;18
2981;Totaal over alle leeftijden;Mannen en vrouwen;'s-Hertogenbosch (SG);2015;195521;161834;16502;6603;9899;17185;9582;7603;18
2982;Totaal over alle leeftijden;Mannen en vrouwen;'s-Hertogenbosch (SG);2016;196118;162113;16522;6613;9909;17483;9774;7709;18
2983;Totaal over alle leeftijden;Mannen en vrouwen;'s-Hertogenbosch (SG);2017;196419;162027;16578;6629;9949;17814;9976;7838;18
2984;Totaal over alle leeftijden;Mannen en vrouwen;'s-Hertogenbosch (SG);2018;196815;162005;16680;6654;10026;18130;10171;7959;18
2985;Totaal over alle leeftijden;Mannen en vrouwen;'s-Hertogenbosch (SG);2019;197156;161935;16827;6757;10070;18394;10329;8065;18
2986;Totaal over alle leeftijden;Mannen en vrouwen;'s-Hertogenbosch (SG);2020;197411;161701;16982;6825;10157;18728;10552;8176;18
2987;Totaal over alle leeftijden;Mannen en vrouwen;'s-Hertogenbosch (SG);2021;197517;161367;17109;6902;10207;19041;10677;8364;18
2988;Totaal over alle leeftijden;Mannen en vrouwen;'s-Hertogenbosch (SG);2022;197833;161164;17260;7001;10259;19409;10845;8564;18
2989;Totaal over alle leeftijden;Mannen en vrouwen;'s-Hertogenbosch (SG);2023;198044;160865;17439;7095;10344;19740;11028;8712;18
2990;Totaal over alle leeftijden;Mannen en vrouwen;'s-Hertogenbosch (SG);2024;198215;160757;17500;7140;10360;19958;11173;8785;18
2991;Totaal over alle leeftijden;Mannen en vrouwen;'s-Hertogenbosch (SG);2025;198462;160598;17668;7263;10405;20196;11294;8902;18
2992;Totaal over alle leeftijden;Mannen en vrouwen;'s-Hertogenbosch (SG);2026;198615;160361;17758;7350;10408;20496;11456;9040;18
2993;Totaal over alle leeftijden;Mannen en vrouwen;'s-Hertogenbosch (SG);2027;198641;160020;17801;7390;10411;20820;11660;9160;18
2994;Totaal over alle leeftijden;Mannen en vrouwen;'s-Hertogenbosch (SG);2028;198623;159700;17855;7429;10426;21068;11816;9252;18
2995;Totaal over alle leeftijden;Mannen en vrouwen;'s-Hertogenbosch (SG);2029;198672;159291;17968;7520;10448;21413;12009;9404;18
2996;Totaal over alle leeftijden;Mannen en vrouwen;'s-Hertogenbosch (SG);2030;198737;158889;18111;7569;10542;21737;12131;9606;18
2997;Totaal over alle leeftijden;Mannen en vrouwen;'s-Hertogenbosch (SG);2031;198760;158429;18301;7681;10620;22030;12286;9744;18
2998;Totaal over alle leeftijden;Mannen en vrouwen;'s-Hertogenbosch (SG);2032;198811;158087;18415;7758;10657;22309;12404;9905;18
2999;Totaal over alle leeftijden;Mannen en vrouwen;'s-Hertogenbosch (SG);2033;198808;157686;18460;7770;10690;22662;12583;10079;18
3000;Totaal over alle leeftijden;Mannen en vrouwen;'s-Hertogenbosch (SG);2034;198726;157209;18526;7839;10687;22991;12657;10334;18
3001;Totaal over alle leeftijden;Mannen en vrouwen;'s-Hertogenbosch (SG);2035;198629;156660;18649;7873;10776;23320;12764;10556;18
3002;Totaal over alle leeftijden;Mannen en vrouwen;'s-Hertogenbosch (SG);2036;198663;156308;18782;7949;10833;23573;12828;10745;18
3003;Totaal over alle leeftijden;Mannen en vrouwen;'s-Hertogenbosch (SG);2037;198548;155752;18901;8024;10877;23895;12946;10949;18
3004;Totaal over alle leeftijden;Mannen en vrouwen;'s-Hertogenbosch (SG);2038;198120;154983;18973;8073;10900;24164;13037;11127;18
3005;Totaal over alle leeftijden;Mannen en vrouwen;'s-Hertogenbosch (SG);2039;197830;154282;19058;8176;10882;24490;13180;11310;18
3006;Totaal over alle leeftijden;Mannen en vrouwen;'s-Hertogenbosch (SG);2040;197495;153581;19134;8225;10909;24780;13277;11503;18
3007;Totaal over alle leeftijden;Mannen en vrouwen;Eindhoven (SG);2010;410693;324438;43918;18832;25086;42337;24643;17694;19
3008;Totaal over alle leeftijden;Mannen en vrouwen;Eindhoven (SG);2011;412909;325463;44434;19305;25129;43012;24847;18165;19
3009;Totaal over alle leeftijden;Mannen en vrouwen;Eindhoven (SG);2012;414793;326128;44957;19742;25215;43708;25023;18685;19
3010;Totaal over alle leeftijden;Mannen en vrouwen;Eindhoven (SG);2013;416920;327192;45346;20107;25239;44382;25248;19134;19
3011;Totaal over alle leeftijden;Mannen en vrouwen;Eindhoven (SG);2014;418672;327859;45739;20401;25338;45074;25436;19638;19
3012;Totaal over alle leeftijden;Mannen en vrouwen;Eindhoven (SG);2015;420267;328435;46032;20664;25368;45800;25724;20076;19
3013;Totaal over alle leeftijden;Mannen en vrouwen;Eindhoven (SG);2016;421881;328841;46405;20958;25447;46635;26032;20603;19
3014;Totaal over alle leeftijden;Mannen en vrouwen;Eindhoven (SG);2017;423142;328869;46733;21263;25470;47540;26360;21180;19
3015;Totaal over alle leeftijden;Mannen en vrouwen;Eindhoven (SG);2018;424536;328989;47121;21624;25497;48426;26742;21684;19
3016;Totaal over alle leeftijden;Mannen en vrouwen;Eindhoven (SG);2019;425811;329296;47331;21864;25467;49184;27043;22141;19
3017;Totaal over alle leeftijden;Mannen en vrouwen;Eindhoven (SG);2020;426459;328899;47662;22138;25524;49898;27414;22484;19
3018;Totaal over alle leeftijden;Mannen en vrouwen;Eindhoven (SG);2021;427082;328534;47904;22413;25491;50644;27771;22873;19
3019;Totaal over alle leeftijden;Mannen en vrouwen;Eindhoven (SG);2022;428190;328529;48279;22680;25599;51382;28097;23285;19
3020;Totaal over alle leeftijden;Mannen en vrouwen;Eindhoven (SG);2023;429248;328526;48521;22934;25587;52201;28517;23684;19
3021;Totaal over alle leeftijden;Mannen en vrouwen;Eindhoven (SG);2024;430132;328342;48808;23268;25540;52982;28835;24147;19
3022;Totaal over alle leeftijden;Mannen en vrouwen;Eindhoven (SG);2025;430868;327822;49186;23538;25648;53860;29235;24625;19
3023;Totaal over alle leeftijden;Mannen en vrouwen;Eindhoven (SG);2026;431610;327368;49517;23842;25675;54725;29620;25105;19
3024;Totaal over alle leeftijden;Mannen en vrouwen;Eindhoven (SG);2027;432190;326875;49840;24159;25681;55475;29904;25571;19
3025;Totaal over alle leeftijden;Mannen en vrouwen;Eindhoven (SG);2028;432820;326240;50162;24456;25706;56418;30180;26238;19
3026;Totaal over alle leeftijden;Mannen en vrouwen;Eindhoven (SG);2029;433180;325590;50417;24668;25749;57173;30462;26711;19
3027;Totaal over alle leeftijden;Mannen en vrouwen;Eindhoven (SG);2030;433613;324904;50805;25021;25784;57904;30735;27169;19
3028;Totaal over alle leeftijden;Mannen en vrouwen;Eindhoven (SG);2031;433856;324133;50968;25199;25769;58755;31025;27730;19
3029;Totaal over alle leeftijden;Mannen en vrouwen;Eindhoven (SG);2032;434422;323405;51417;25527;25890;59600;31326;28274;19
3030;Totaal over alle leeftijden;Mannen en vrouwen;Eindhoven (SG);2033;434600;322674;51659;25810;25849;60267;31507;28760;19
3031;Totaal over alle leeftijden;Mannen en vrouwen;Eindhoven (SG);2034;434998;322125;51972;26110;25862;60901;31711;29190;19
3032;Totaal over alle leeftijden;Mannen en vrouwen;Eindhoven (SG);2035;434821;321082;52170;26310;25860;61569;31990;29579;19
3033;Totaal over alle leeftijden;Mannen en vrouwen;Eindhoven (SG);2036;434667;319820;52519;26561;25958;62328;32291;30037;19
3034;Totaal over alle leeftijden;Mannen en vrouwen;Eindhoven (SG);2037;434494;318597;52847;26833;26014;63050;32600;30450;19
3035;Totaal over alle leeftijden;Mannen en vrouwen;Eindhoven (SG);2038;434323;317510;53112;27101;26011;63701;32782;30919;19
3036;Totaal over alle leeftijden;Mannen en vrouwen;Eindhoven (SG);2039;434276;316544;53446;27366;26080;64286;32879;31407;19
3037;Totaal over alle leeftijden;Mannen en vrouwen;Eindhoven (SG);2040;433804;315048;53787;27631;26156;64969;33093;31876;19
3038;Totaal over alle leeftijden;Mannen en vrouwen;Geleen/Sittard (SG);2010;151319;122975;20950;6237;14713;7394;4435;2959;20
3039;Totaal over alle leeftijden;Mannen en vrouwen;Geleen/Sittard (SG);2011;151124;122772;20678;6231;14447;7674;4540;3134;20
3040;Totaal over alle leeftijden;Mannen en vrouwen;Geleen/Sittard (SG);2012;150759;122447;20375;6179;14196;7937;4690;3247;20
3041;Totaal over alle leeftijden;Mannen en vrouwen;Geleen/Sittard (SG);2013;150394;122070;20066;6107;13959;8258;4864;3394;20
3042;Totaal over alle leeftijden;Mannen en vrouwen;Geleen/Sittard (SG);2014;149875;121631;19693;5983;13710;8551;5020;3531;20
3043;Totaal over alle leeftijden;Mannen en vrouwen;Geleen/Sittard (SG);2015;149659;121420;19350;5864;13486;8889;5179;3710;20
3044;Totaal over alle leeftijden;Mannen en vrouwen;Geleen/Sittard (SG);2016;149477;121185;19074;5809;13265;9218;5294;3924;20
3045;Totaal over alle leeftijden;Mannen en vrouwen;Geleen/Sittard (SG);2017;149225;120937;18775;5756;13019;9513;5471;4042;20
3046;Totaal over alle leeftijden;Mannen en vrouwen;Geleen/Sittard (SG);2018;148877;120539;18531;5672;12859;9807;5607;4200;20
3047;Totaal over alle leeftijden;Mannen en vrouwen;Geleen/Sittard (SG);2019;148528;120077;18300;5666;12634;10151;5743;4408;20
3048;Totaal over alle leeftijden;Mannen en vrouwen;Geleen/Sittard (SG);2020;148305;119772;18040;5625;12415;10493;5878;4615;20
3049;Totaal over alle leeftijden;Mannen en vrouwen;Geleen/Sittard (SG);2021;148000;119370;17789;5565;12224;10841;6054;4787;20
3050;Totaal over alle leeftijden;Mannen en vrouwen;Geleen/Sittard (SG);2022;147735;118990;17587;5541;12046;11158;6183;4975;20
3051;Totaal over alle leeftijden;Mannen en vrouwen;Geleen/Sittard (SG);2023;147305;118540;17299;5499;11800;11466;6333;5133;20
3052;Totaal over alle leeftijden;Mannen en vrouwen;Geleen/Sittard (SG);2024;146898;118115;17035;5432;11603;11748;6436;5312;20
3053;Totaal over alle leeftijden;Mannen en vrouwen;Geleen/Sittard (SG);2025;146719;117804;16859;5441;11418;12056;6591;5465;20
3054;Totaal over alle leeftijden;Mannen en vrouwen;Geleen/Sittard (SG);2026;146316;117280;16628;5406;11222;12408;6732;5676;20
3055;Totaal over alle leeftijden;Mannen en vrouwen;Geleen/Sittard (SG);2027;146020;116845;16417;5400;11017;12758;6864;5894;20
3056;Totaal over alle leeftijden;Mannen en vrouwen;Geleen/Sittard (SG);2028;145604;116404;16192;5366;10826;13008;6963;6045;20
3057;Totaal over alle leeftijden;Mannen en vrouwen;Geleen/Sittard (SG);2029;145156;115915;15974;5322;10652;13267;7021;6246;20
3058;Totaal over alle leeftijden;Mannen en vrouwen;Geleen/Sittard (SG);2030;144851;115460;15810;5325;10485;13581;7144;6437;20
3059;Totaal over alle leeftijden;Mannen en vrouwen;Geleen/Sittard (SG);2031;144416;114983;15620;5282;10338;13813;7200;6613;20
3060;Totaal over alle leeftijden;Mannen en vrouwen;Geleen/Sittard (SG);2032;144033;114486;15428;5267;10161;14119;7289;6830;20
3061;Totaal over alle leeftijden;Mannen en vrouwen;Geleen/Sittard (SG);2033;143567;113869;15291;5292;9999;14407;7381;7026;20
3062;Totaal over alle leeftijden;Mannen en vrouwen;Geleen/Sittard (SG);2034;143127;113325;15181;5328;9853;14621;7411;7210;20
3063;Totaal over alle leeftijden;Mannen en vrouwen;Geleen/Sittard (SG);2035;142759;112856;15001;5325;9676;14902;7529;7373;20
3064;Totaal over alle leeftijden;Mannen en vrouwen;Geleen/Sittard (SG);2036;142253;112316;14783;5262;9521;15154;7654;7500;20
3065;Totaal over alle leeftijden;Mannen en vrouwen;Geleen/Sittard (SG);2037;141680;111639;14611;5248;9363;15430;7740;7690;20
3066;Totaal over alle leeftijden;Mannen en vrouwen;Geleen/Sittard (SG);2038;141217;111038;14529;5260;9269;15650;7818;7832;20
3067;Totaal over alle leeftijden;Mannen en vrouwen;Geleen/Sittard (SG);2039;140674;110309;14422;5258;9164;15943;7904;8039;20
3068;Totaal over alle leeftijden;Mannen en vrouwen;Geleen/Sittard (SG);2040;140016;109490;14357;5285;9072;16169;7958;8211;20
3069;Totaal over alle leeftijden;Mannen en vrouwen;Heerlen (SG);2010;252908;190021;50022;16788;33234;12865;7588;5277;21
3070;Totaal over alle leeftijden;Mannen en vrouwen;Heerlen (SG);2011;252212;189931;48830;16326;32504;13451;7818;5633;21
3071;Totaal over alle leeftijden;Mannen en vrouwen;Heerlen (SG);2012;251613;189908;47650;15892;31758;14055;8088;5967;21
3072;Totaal over alle leeftijden;Mannen en vrouwen;Heerlen (SG);2013;250973;189863;46478;15472;31006;14632;8339;6293;21
3073;Totaal over alle leeftijden;Mannen en vrouwen;Heerlen (SG);2014;250177;189611;45353;15059;30294;15213;8524;6689;21
3074;Totaal over alle leeftijden;Mannen en vrouwen;Heerlen (SG);2015;249196;189359;44144;14597;29547;15693;8683;7010;21
3075;Totaal over alle leeftijden;Mannen en vrouwen;Heerlen (SG);2016;248242;189095;42915;14186;28729;16232;8931;7301;21
3076;Totaal over alle leeftijden;Mannen en vrouwen;Heerlen (SG);2017;247281;188665;41843;13809;28034;16773;9161;7612;21
3077;Totaal over alle leeftijden;Mannen en vrouwen;Heerlen (SG);2018;246320;188304;40714;13468;27246;17302;9337;7965;21
3078;Totaal over alle leeftijden;Mannen en vrouwen;Heerlen (SG);2019;245189;187709;39684;13143;26541;17796;9564;8232;21
3079;Totaal over alle leeftijden;Mannen en vrouwen;Heerlen (SG);2020;244079;187174;38596;12792;25804;18309;9826;8483;21
3080;Totaal over alle leeftijden;Mannen en vrouwen;Heerlen (SG);2021;242799;186376;37601;12468;25133;18822;10083;8739;21
3081;Totaal over alle leeftijden;Mannen en vrouwen;Heerlen (SG);2022;241597;185689;36649;12157;24492;19259;10309;8950;21
3082;Totaal over alle leeftijden;Mannen en vrouwen;Heerlen (SG);2023;240356;184917;35694;11880;23814;19745;10497;9248;21
3083;Totaal over alle leeftijden;Mannen en vrouwen;Heerlen (SG);2024;239184;184170;34812;11618;23194;20202;10680;9522;21
3084;Totaal over alle leeftijden;Mannen en vrouwen;Heerlen (SG);2025;237883;183323;33916;11364;22552;20644;10882;9762;21
3085;Totaal over alle leeftijden;Mannen en vrouwen;Heerlen (SG);2026;236562;182369;33087;11126;21961;21106;11045;10061;21
3086;Totaal over alle leeftijden;Mannen en vrouwen;Heerlen (SG);2027;235165;181411;32187;10875;21312;21567;11216;10351;21
3087;Totaal over alle leeftijden;Mannen en vrouwen;Heerlen (SG);2028;233675;180230;31347;10562;20785;22098;11494;10604;21
3088;Totaal over alle leeftijden;Mannen en vrouwen;Heerlen (SG);2029;232154;179158;30570;10352;20218;22426;11640;10786;21
3089;Totaal over alle leeftijden;Mannen en vrouwen;Heerlen (SG);2030;230451;177816;29793;10145;19648;22842;11848;10994;21
3090;Totaal over alle leeftijden;Mannen en vrouwen;Heerlen (SG);2031;228930;176532;29129;9974;19155;23269;12015;11254;21
3091;Totaal over alle leeftijden;Mannen en vrouwen;Heerlen (SG);2032;227323;175146;28474;9785;18689;23703;12141;11562;21
3092;Totaal over alle leeftijden;Mannen en vrouwen;Heerlen (SG);2033;225771;173829;27832;9566;18266;24110;12294;11816;21
3093;Totaal over alle leeftijden;Mannen en vrouwen;Heerlen (SG);2034;224144;172488;27229;9392;17837;24427;12357;12070;21
3094;Totaal over alle leeftijden;Mannen en vrouwen;Heerlen (SG);2035;222557;171083;26639;9241;17398;24835;12567;12268;21
3095;Totaal over alle leeftijden;Mannen en vrouwen;Heerlen (SG);2036;220779;169593;26063;9112;16951;25123;12682;12441;21
3096;Totaal over alle leeftijden;Mannen en vrouwen;Heerlen (SG);2037;219189;168078;25606;9013;16593;25505;12826;12679;21
3097;Totaal over alle leeftijden;Mannen en vrouwen;Heerlen (SG);2038;217377;166461;25102;8833;16269;25814;12898;12916;21
3098;Totaal over alle leeftijden;Mannen en vrouwen;Heerlen (SG);2039;215695;164918;24605;8735;15870;26172;13065;13107;21
3099;Totaal over alle leeftijden;Mannen en vrouwen;Heerlen (SG);2040;214050;163500;24146;8635;15511;26404;13084;13320;21
3100;Totaal over alle leeftijden;Mannen en vrouwen;Maastricht (SG);2010;179498;144604;24096;9984;14112;10798;6433;4365;22
3101;Totaal over alle leeftijden;Mannen en vrouwen;Maastricht (SG);2011;178918;143729;23957;10017;13940;11232;6543;4689;22
3102;Totaal over alle leeftijden;Mannen en vrouwen;Maastricht (SG);2012;178259;142730;23885;10045;13840;11644;6614;5030;22
3103;Totaal over alle leeftijden;Mannen en vrouwen;Maastricht (SG);2013;177567;141729;23745;9988;13757;12093;6731;5362;22
3104;Totaal over alle leeftijden;Mannen en vrouwen;Maastricht (SG);2014;176898;140667;23680;9995;13685;12551;6902;5649;22
3105;Totaal over alle leeftijden;Mannen en vrouwen;Maastricht (SG);2015;176648;140016;23615;10053;13562;13017;7080;5937;22
3106;Totaal over alle leeftijden;Mannen en vrouwen;Maastricht (SG);2016;176159;139038;23578;10051;13527;13543;7267;6276;22
3107;Totaal over alle leeftijden;Mannen en vrouwen;Maastricht (SG);2017;176089;138426;23502;10035;13467;14161;7477;6684;22
3108;Totaal over alle leeftijden;Mannen en vrouwen;Maastricht (SG);2018;175938;137682;23578;10087;13491;14678;7651;7027;22
3109;Totaal over alle leeftijden;Mannen en vrouwen;Maastricht (SG);2019;176024;137253;23596;10128;13468;15175;7852;7323;22
3110;Totaal over alle leeftijden;Mannen en vrouwen;Maastricht (SG);2020;176029;136776;23633;10197;13436;15620;8032;7588;22
3111;Totaal over alle leeftijden;Mannen en vrouwen;Maastricht (SG);2021;176488;136605;23672;10246;13426;16211;8199;8012;22
3112;Totaal over alle leeftijden;Mannen en vrouwen;Maastricht (SG);2022;176773;136304;23644;10228;13416;16825;8400;8425;22
3113;Totaal over alle leeftijden;Mannen en vrouwen;Maastricht (SG);2023;176986;136020;23665;10279;13386;17301;8558;8743;22
3114;Totaal over alle leeftijden;Mannen en vrouwen;Maastricht (SG);2024;177316;135782;23732;10399;13333;17802;8863;8939;22
3115;Totaal over alle leeftijden;Mannen en vrouwen;Maastricht (SG);2025;177656;135561;23773;10433;13340;18322;9062;9260;22
3116;Totaal over alle leeftijden;Mannen en vrouwen;Maastricht (SG);2026;178091;135429;23829;10466;13363;18833;9229;9604;22
3117;Totaal over alle leeftijden;Mannen en vrouwen;Maastricht (SG);2027;178468;135249;23966;10569;13397;19253;9391;9862;22
3118;Totaal over alle leeftijden;Mannen en vrouwen;Maastricht (SG);2028;178945;135222;24014;10614;13400;19709;9576;10133;22
3119;Totaal over alle leeftijden;Mannen en vrouwen;Maastricht (SG);2029;179357;135111;24109;10684;13425;20137;9735;10402;22
3120;Totaal over alle leeftijden;Mannen en vrouwen;Maastricht (SG);2030;179608;135018;24146;10741;13405;20444;9826;10618;22
3121;Totaal over alle leeftijden;Mannen en vrouwen;Maastricht (SG);2031;180017;134911;24253;10822;13431;20853;9946;10907;22
3122;Totaal over alle leeftijden;Mannen en vrouwen;Maastricht (SG);2032;180275;134756;24302;10845;13457;21217;10067;11150;22
3123;Totaal over alle leeftijden;Mannen en vrouwen;Maastricht (SG);2033;180503;134523;24372;10952;13420;21608;10264;11344;22
3124;Totaal over alle leeftijden;Mannen en vrouwen;Maastricht (SG);2034;180781;134304;24535;11083;13452;21942;10388;11554;22
3125;Totaal over alle leeftijden;Mannen en vrouwen;Maastricht (SG);2035;180912;133945;24716;11221;13495;22251;10492;11759;22
3126;Totaal over alle leeftijden;Mannen en vrouwen;Maastricht (SG);2036;181243;133752;24803;11297;13506;22688;10605;12083;22
3127;Totaal over alle leeftijden;Mannen en vrouwen;Maastricht (SG);2037;181255;133376;24868;11334;13534;23011;10760;12251;22
3128;Totaal over alle leeftijden;Mannen en vrouwen;Maastricht (SG);2038;181530;133211;24988;11484;13504;23331;10887;12444;22
3129;Totaal over alle leeftijden;Mannen en vrouwen;Maastricht (SG);2039;181750;132941;25158;11602;13556;23651;11030;12621;22
3130;Totaal over alle leeftijden;Mannen en vrouwen;Maastricht (SG);2040;181963;132703;25260;11673;13587;24000;11188;12812;22
3131;Totaal over alle leeftijden;Mannen en vrouwen;Aa en Hunze;2010;25379;23861;1061;361;700;457;226;231;1680
3132;Totaal over alle leeftijden;Mannen en vrouwen;Aa en Hunze;2011;25257;23632;1097;383;714;528;269;259;1680
3133;Totaal over alle leeftijden;Mannen en vrouwen;Aa en Hunze;2012;25181;23465;1145;409;736;571;290;281;1680
3134;Totaal over alle leeftijden;Mannen en vrouwen;Aa en Hunze;2013;25099;23312;1163;405;758;624;326;298;1680
3135;Totaal over alle leeftijden;Mannen en vrouwen;Aa en Hunze;2014;25034;23137;1188;429;759;709;358;351;1680
3136;Totaal over alle leeftijden;Mannen en vrouwen;Aa en Hunze;2015;24912;22921;1225;432;793;766;382;384;1680
3137;Totaal over alle leeftijden;Mannen en vrouwen;Aa en Hunze;2016;24875;22803;1238;441;797;834;418;416;1680
3138;Totaal over alle leeftijden;Mannen en vrouwen;Aa en Hunze;2017;24837;22682;1253;448;805;902;446;456;1680
3139;Totaal over alle leeftijden;Mannen en vrouwen;Aa en Hunze;2018;24817;22560;1272;443;829;985;490;495;1680
3140;Totaal over alle leeftijden;Mannen en vrouwen;Aa en Hunze;2019;24812;22460;1312;475;837;1040;508;532;1680
3141;Totaal over alle leeftijden;Mannen en vrouwen;Aa en Hunze;2020;24793;22339;1331;480;851;1123;553;570;1680
3142;Totaal over alle leeftijden;Mannen en vrouwen;Aa en Hunze;2021;24768;22227;1347;480;867;1194;594;600;1680
3143;Totaal over alle leeftijden;Mannen en vrouwen;Aa en Hunze;2022;24713;22101;1346;478;868;1266;627;639;1680
3144;Totaal over alle leeftijden;Mannen en vrouwen;Aa en Hunze;2023;24702;22003;1372;488;884;1327;660;667;1680
3145;Totaal over alle leeftijden;Mannen en vrouwen;Aa en Hunze;2024;24712;21924;1382;507;875;1406;697;709;1680
3146;Totaal over alle leeftijden;Mannen en vrouwen;Aa en Hunze;2025;24682;21819;1409;535;874;1454;727;727;1680
3147;Totaal over alle leeftijden;Mannen en vrouwen;Aa en Hunze;2026;24646;21700;1441;545;896;1505;733;772;1680
3148;Totaal over alle leeftijden;Mannen en vrouwen;Aa en Hunze;2027;24674;21655;1465;559;906;1554;753;801;1680
3149;Totaal over alle leeftijden;Mannen en vrouwen;Aa en Hunze;2028;24684;21599;1488;572;916;1597;769;828;1680
3150;Totaal over alle leeftijden;Mannen en vrouwen;Aa en Hunze;2029;24662;21507;1508;584;924;1647;780;867;1680
3151;Totaal over alle leeftijden;Mannen en vrouwen;Aa en Hunze;2030;24637;21426;1494;582;912;1717;808;909;1680
3152;Totaal over alle leeftijden;Mannen en vrouwen;Aa en Hunze;2031;24609;21339;1525;603;922;1745;826;919;1680
3153;Totaal over alle leeftijden;Mannen en vrouwen;Aa en Hunze;2032;24625;21299;1552;621;931;1774;834;940;1680
3154;Totaal over alle leeftijden;Mannen en vrouwen;Aa en Hunze;2033;24586;21225;1552;619;933;1809;870;939;1680
3155;Totaal over alle leeftijden;Mannen en vrouwen;Aa en Hunze;2034;24567;21122;1573;632;941;1872;897;975;1680
3156;Totaal over alle leeftijden;Mannen en vrouwen;Aa en Hunze;2035;24513;20999;1579;642;937;1935;905;1030;1680
3157;Totaal over alle leeftijden;Mannen en vrouwen;Aa en Hunze;2036;24424;20863;1578;635;943;1983;931;1052;1680
3158;Totaal over alle leeftijden;Mannen en vrouwen;Aa en Hunze;2037;24444;20800;1598;648;950;2046;961;1085;1680
3159;Totaal over alle leeftijden;Mannen en vrouwen;Aa en Hunze;2038;24455;20746;1628;671;957;2081;972;1109;1680
3160;Totaal over alle leeftijden;Mannen en vrouwen;Aa en Hunze;2039;24445;20659;1662;688;974;2124;985;1139;1680
3161;Totaal over alle leeftijden;Mannen en vrouwen;Aa en Hunze;2040;24403;20589;1677;703;974;2137;990;1147;1680
3162;Totaal over alle leeftijden;Mannen en vrouwen;Aalburg;2010;12331;11729;384;141;243;218;132;86;738
3163;Totaal over alle leeftijden;Mannen en vrouwen;Aalburg;2011;12293;11634;400;144;256;259;149;110;738
3164;Totaal over alle leeftijden;Mannen en vrouwen;Aalburg;2012;12195;11480;420;146;274;295;169;126;738
3165;Totaal over alle leeftijden;Mannen en vrouwen;Aalburg;2013;12162;11395;436;147;289;331;194;137;738
3166;Totaal over alle leeftijden;Mannen en vrouwen;Aalburg;2014;12183;11349;476;158;318;358;210;148;738
3167;Totaal over alle leeftijden;Mannen en vrouwen;Aalburg;2015;12187;11299;492;163;329;396;224;172;738
3168;Totaal over alle leeftijden;Mannen en vrouwen;Aalburg;2016;12168;11230;507;172;335;431;242;189;738
3169;Totaal over alle leeftijden;Mannen en vrouwen;Aalburg;2017;12186;11205;528;181;347;453;247;206;738
3170;Totaal over alle leeftijden;Mannen en vrouwen;Aalburg;2018;12199;11172;526;179;347;501;259;242;738
3171;Totaal over alle leeftijden;Mannen en vrouwen;Aalburg;2019;12178;11110;539;183;356;529;262;267;738
3172;Totaal over alle leeftijden;Mannen en vrouwen;Aalburg;2020;12190;11052;550;194;356;588;291;297;738
3173;Totaal over alle leeftijden;Mannen en vrouwen;Aalburg;2021;12198;10996;571;195;376;631;306;325;738
3174;Totaal over alle leeftijden;Mannen en vrouwen;Aalburg;2022;12184;10931;587;191;396;666;321;345;738
3175;Totaal over alle leeftijden;Mannen en vrouwen;Aalburg;2023;12192;10883;607;199;408;702;333;369;738
3176;Totaal over alle leeftijden;Mannen en vrouwen;Aalburg;2024;12196;10836;621;190;431;739;353;386;738
3177;Totaal over alle leeftijden;Mannen en vrouwen;Aalburg;2025;12181;10782;638;191;447;761;365;396;738
3178;Totaal over alle leeftijden;Mannen en vrouwen;Aalburg;2026;12214;10734;663;196;467;817;391;426;738
3179;Totaal over alle leeftijden;Mannen en vrouwen;Aalburg;2027;12202;10678;676;205;471;848;407;441;738
3180;Totaal over alle leeftijden;Mannen en vrouwen;Aalburg;2028;12224;10640;671;203;468;913;430;483;738
3181;Totaal over alle leeftijden;Mannen en vrouwen;Aalburg;2029;12237;10602;680;202;478;955;456;499;738
3182;Totaal over alle leeftijden;Mannen en vrouwen;Aalburg;2030;12262;10571;694;200;494;997;486;511;738
3183;Totaal over alle leeftijden;Mannen en vrouwen;Aalburg;2031;12250;10518;702;205;497;1030;497;533;738
3184;Totaal over alle leeftijden;Mannen en vrouwen;Aalburg;2032;12252;10479;718;211;507;1055;511;544;738
3185;Totaal over alle leeftijden;Mannen en vrouwen;Aalburg;2033;12292;10474;736;209;527;1082;526;556;738
3186;Totaal over alle leeftijden;Mannen en vrouwen;Aalburg;2034;12259;10425;729;196;533;1105;539;566;738
3187;Totaal over alle leeftijden;Mannen en vrouwen;Aalburg;2035;12237;10356;751;199;552;1130;558;572;738
3188;Totaal over alle leeftijden;Mannen en vrouwen;Aalburg;2036;12225;10294;761;195;566;1170;583;587;738
3189;Totaal over alle leeftijden;Mannen en vrouwen;Aalburg;2037;12257;10275;771;198;573;1211;608;603;738
3190;Totaal over alle leeftijden;Mannen en vrouwen;Aalburg;2038;12225;10208;782;204;578;1235;610;625;738
3191;Totaal over alle leeftijden;Mannen en vrouwen;Aalburg;2039;12231;10167;796;218;578;1268;624;644;738
3192;Totaal over alle leeftijden;Mannen en vrouwen;Aalburg;2040;12174;10094;802;217;585;1278;627;651;738
3193;Totaal over alle leeftijden;Mannen en vrouwen;Aalsmeer;2010;29228;24610;2639;1277;1362;1979;1029;950;358
3194;Totaal over alle leeftijden;Mannen en vrouwen;Aalsmeer;2011;29765;24893;2729;1311;1418;2143;1091;1052;358
3195;Totaal over alle leeftijden;Mannen en vrouwen;Aalsmeer;2012;30155;25073;2780;1315;1465;2302;1150;1152;358
3196;Totaal over alle leeftijden;Mannen en vrouwen;Aalsmeer;2013;30461;25278;2791;1309;1482;2392;1191;1201;358
3197;Totaal over alle leeftijden;Mannen en vrouwen;Aalsmeer;2014;30880;25454;2863;1321;1542;2563;1270;1293;358
3198;Totaal over alle leeftijden;Mannen en vrouwen;Aalsmeer;2015;31247;25597;2925;1321;1604;2725;1348;1377;358
3199;Totaal over alle leeftijden;Mannen en vrouwen;Aalsmeer;2016;31343;25551;2919;1303;1616;2873;1411;1462;358
3200;Totaal over alle leeftijden;Mannen en vrouwen;Aalsmeer;2017;31491;25587;2921;1322;1599;2983;1475;1508;358
3201;Totaal over alle leeftijden;Mannen en vrouwen;Aalsmeer;2018;31565;25575;2934;1342;1592;3056;1503;1553;358
3202;Totaal over alle leeftijden;Mannen en vrouwen;Aalsmeer;2019;31738;25598;2940;1321;1619;3200;1566;1634;358
3203;Totaal over alle leeftijden;Mannen en vrouwen;Aalsmeer;2020;31820;25559;2963;1346;1617;3298;1618;1680;358
3204;Totaal over alle leeftijden;Mannen en vrouwen;Aalsmeer;2021;31971;25608;2981;1348;1633;3382;1680;1702;358
3205;Totaal over alle leeftijden;Mannen en vrouwen;Aalsmeer;2022;32064;25586;2989;1344;1645;3489;1750;1739;358
3206;Totaal over alle leeftijden;Mannen en vrouwen;Aalsmeer;2023;32108;25563;2979;1343;1636;3566;1795;1771;358
3207;Totaal over alle leeftijden;Mannen en vrouwen;Aalsmeer;2024;32256;25580;3005;1342;1663;3671;1861;1810;358
3208;Totaal over alle leeftijden;Mannen en vrouwen;Aalsmeer;2025;32283;25521;3003;1326;1677;3759;1922;1837;358
3209;Totaal over alle leeftijden;Mannen en vrouwen;Aalsmeer;2026;32295;25454;2987;1291;1696;3854;1987;1867;358
3210;Totaal over alle leeftijden;Mannen en vrouwen;Aalsmeer;2027;32312;25369;3014;1289;1725;3929;2034;1895;358
3211;Totaal over alle leeftijden;Mannen en vrouwen;Aalsmeer;2028;32296;25256;3000;1265;1735;4040;2093;1947;358
3212;Totaal over alle leeftijden;Mannen en vrouwen;Aalsmeer;2029;32241;25147;2949;1222;1727;4145;2150;1995;358
3213;Totaal over alle leeftijden;Mannen en vrouwen;Aalsmeer;2030;32298;25081;2969;1237;1732;4248;2189;2059;358
3214;Totaal over alle leeftijden;Mannen en vrouwen;Aalsmeer;2031;32331;24979;2986;1241;1745;4366;2240;2126;358
3215;Totaal over alle leeftijden;Mannen en vrouwen;Aalsmeer;2032;32300;24865;2978;1217;1761;4457;2298;2159;358
3216;Totaal over alle leeftijden;Mannen en vrouwen;Aalsmeer;2033;32326;24839;2999;1235;1764;4488;2327;2161;358
3217;Totaal over alle leeftijden;Mannen en vrouwen;Aalsmeer;2034;32442;24803;3046;1236;1810;4593;2381;2212;358
3218;Totaal over alle leeftijden;Mannen en vrouwen;Aalsmeer;2035;32520;24781;3060;1236;1824;4679;2442;2237;358
3219;Totaal over alle leeftijden;Mannen en vrouwen;Aalsmeer;2036;32597;24767;3086;1241;1845;4744;2454;2290;358
3220;Totaal over alle leeftijden;Mannen en vrouwen;Aalsmeer;2037;32490;24632;3066;1221;1845;4792;2470;2322;358
3221;Totaal over alle leeftijden;Mannen en vrouwen;Aalsmeer;2038;32510;24551;3062;1205;1857;4897;2551;2346;358
3222;Totaal over alle leeftijden;Mannen en vrouwen;Aalsmeer;2039;32571;24515;3097;1217;1880;4959;2587;2372;358
3223;Totaal over alle leeftijden;Mannen en vrouwen;Aalsmeer;2040;32524;24380;3113;1206;1907;5031;2618;2413;358
3224;Totaal over alle leeftijden;Mannen en vrouwen;Aalten;2010;27522;23991;2515;991;1524;1016;573;443;197
3225;Totaal over alle leeftijden;Mannen en vrouwen;Aalten;2011;27522;23890;2535;1003;1532;1097;615;482;197
3226;Totaal over alle leeftijden;Mannen en vrouwen;Aalten;2012;27566;23857;2543;994;1549;1166;645;521;197
3227;Totaal over alle leeftijden;Mannen en vrouwen;Aalten;2013;27554;23769;2548;997;1551;1237;676;561;197
3228;Totaal over alle leeftijden;Mannen en vrouwen;Aalten;2014;27564;23729;2538;991;1547;1297;706;591;197
3229;Totaal over alle leeftijden;Mannen en vrouwen;Aalten;2015;27619;23655;2548;986;1562;1416;763;653;197
3230;Totaal over alle leeftijden;Mannen en vrouwen;Aalten;2016;27569;23560;2538;971;1567;1471;779;692;197
3231;Totaal over alle leeftijden;Mannen en vrouwen;Aalten;2017;27526;23452;2540;968;1572;1534;812;722;197
3232;Totaal over alle leeftijden;Mannen en vrouwen;Aalten;2018;27486;23349;2526;957;1569;1611;866;745;197
3233;Totaal over alle leeftijden;Mannen en vrouwen;Aalten;2019;27398;23221;2507;944;1563;1670;868;802;197
3234;Totaal over alle leeftijden;Mannen en vrouwen;Aalten;2020;27307;23095;2487;933;1554;1725;893;832;197
3235;Totaal over alle leeftijden;Mannen en vrouwen;Aalten;2021;27200;22925;2495;934;1561;1780;923;857;197
3236;Totaal over alle leeftijden;Mannen en vrouwen;Aalten;2022;27178;22812;2503;939;1564;1863;960;903;197
3237;Totaal over alle leeftijden;Mannen en vrouwen;Aalten;2023;27069;22633;2491;922;1569;1945;1006;939;197
3238;Totaal over alle leeftijden;Mannen en vrouwen;Aalten;2024;26944;22460;2465;913;1552;2019;1048;971;197
3239;Totaal over alle leeftijden;Mannen en vrouwen;Aalten;2025;26825;22305;2438;891;1547;2082;1068;1014;197
3240;Totaal over alle leeftijden;Mannen en vrouwen;Aalten;2026;26729;22166;2446;889;1557;2117;1074;1043;197
3241;Totaal over alle leeftijden;Mannen en vrouwen;Aalten;2027;26576;21971;2446;901;1545;2159;1093;1066;197
3242;Totaal over alle leeftijden;Mannen en vrouwen;Aalten;2028;26464;21791;2438;887;1551;2235;1139;1096;197
3243;Totaal over alle leeftijden;Mannen en vrouwen;Aalten;2029;26382;21654;2445;891;1554;2283;1148;1135;197
3244;Totaal over alle leeftijden;Mannen en vrouwen;Aalten;2030;26222;21456;2428;889;1539;2338;1182;1156;197
3245;Totaal over alle leeftijden;Mannen en vrouwen;Aalten;2031;26113;21284;2417;874;1543;2412;1200;1212;197
3246;Totaal over alle leeftijden;Mannen en vrouwen;Aalten;2032;25956;21109;2396;862;1534;2451;1215;1236;197
3247;Totaal over alle leeftijden;Mannen en vrouwen;Aalten;2033;25791;20893;2384;871;1513;2514;1233;1281;197
3248;Totaal over alle leeftijden;Mannen en vrouwen;Aalten;2034;25658;20694;2380;868;1512;2584;1260;1324;197
3249;Totaal over alle leeftijden;Mannen en vrouwen;Aalten;2035;25507;20496;2385;875;1510;2626;1267;1359;197
3250;Totaal over alle leeftijden;Mannen en vrouwen;Aalten;2036;25366;20340;2374;877;1497;2652;1281;1371;197
3251;Totaal over alle leeftijden;Mannen en vrouwen;Aalten;2037;25230;20149;2359;871;1488;2722;1316;1406;197
3252;Totaal over alle leeftijden;Mannen en vrouwen;Aalten;2038;25114;19969;2369;862;1507;2776;1341;1435;197
3253;Totaal over alle leeftijden;Mannen en vrouwen;Aalten;2039;24986;19820;2381;880;1501;2785;1353;1432;197
3254;Totaal over alle leeftijden;Mannen en vrouwen;Aalten;2040;24865;19656;2383;877;1506;2826;1374;1452;197
3255;Totaal over alle leeftijden;Mannen en vrouwen;Abcoude;2010;8774;7234;999;373;626;541;251;290;305
3256;Totaal over alle leeftijden;Mannen en vrouwen;Abcoude;2011;8770;7174;1015;386;629;581;263;318;305
3257;Totaal over alle leeftijden;Mannen en vrouwen;Abcoude;2012;8796;7146;1018;397;621;632;289;343;305
3258;Totaal over alle leeftijden;Mannen en vrouwen;Abcoude;2013;8776;7080;1022;395;627;674;316;358;305
3259;Totaal over alle leeftijden;Mannen en vrouwen;Abcoude;2014;8795;7034;1035;390;645;726;334;392;305
3260;Totaal over alle leeftijden;Mannen en vrouwen;Abcoude;2015;8748;6934;1038;388;650;776;351;425;305
3261;Totaal over alle leeftijden;Mannen en vrouwen;Abcoude;2016;8745;6873;1052;406;646;820;368;452;305
3262;Totaal over alle leeftijden;Mannen en vrouwen;Abcoude;2017;8728;6797;1064;412;652;867;385;482;305
3263;Totaal over alle leeftijden;Mannen en vrouwen;Abcoude;2018;8688;6728;1060;404;656;900;409;491;305
3264;Totaal over alle leeftijden;Mannen en vrouwen;Abcoude;2019;8590;6589;1060;400;660;941;421;520;305
3265;Totaal over alle leeftijden;Mannen en vrouwen;Abcoude;2020;8582;6530;1067;399;668;985;443;542;305
3266;Totaal over alle leeftijden;Mannen en vrouwen;Abcoude;2021;8577;6479;1067;394;673;1031;459;572;305
3267;Totaal over alle leeftijden;Mannen en vrouwen;Abcoude;2022;8503;6391;1051;389;662;1061;473;588;305
3268;Totaal over alle leeftijden;Mannen en vrouwen;Abcoude;2023;8505;6352;1061;395;666;1092;490;602;305
3269;Totaal over alle leeftijden;Mannen en vrouwen;Abcoude;2024;8504;6310;1052;400;652;1142;521;621;305
3270;Totaal over alle leeftijden;Mannen en vrouwen;Abcoude;2025;8491;6250;1068;413;655;1173;526;647;305
3271;Totaal over alle leeftijden;Mannen en vrouwen;Abcoude;2026;8542;6254;1092;420;672;1196;519;677;305
3272;Totaal over alle leeftijden;Mannen en vrouwen;Abcoude;2027;8541;6226;1093;422;671;1222;525;697;305
3273;Totaal over alle leeftijden;Mannen en vrouwen;Abcoude;2028;8532;6186;1091;411;680;1255;529;726;305
3274;Totaal over alle leeftijden;Mannen en vrouwen;Abcoude;2029;8524;6158;1099;418;681;1267;530;737;305
3275;Totaal over alle leeftijden;Mannen en vrouwen;Abcoude;2030;8586;6169;1107;423;684;1310;540;770;305
3276;Totaal over alle leeftijden;Mannen en vrouwen;Abcoude;2031;8516;6089;1101;426;675;1326;546;780;305
3277;Totaal over alle leeftijden;Mannen en vrouwen;Abcoude;2032;8524;6059;1103;421;682;1362;556;806;305
3278;Totaal over alle leeftijden;Mannen en vrouwen;Abcoude;2033;8540;6027;1114;422;692;1399;560;839;305
3279;Totaal over alle leeftijden;Mannen en vrouwen;Abcoude;2034;8511;5976;1112;428;684;1423;569;854;305
3280;Totaal over alle leeftijden;Mannen en vrouwen;Abcoude;2035;8520;5952;1111;429;682;1457;572;885;305
3281;Totaal over alle leeftijden;Mannen en vrouwen;Abcoude;2036;8529;5926;1101;418;683;1502;607;895;305
3282;Totaal over alle leeftijden;Mannen en vrouwen;Abcoude;2037;8583;5942;1116;421;695;1525;609;916;305
3283;Totaal over alle leeftijden;Mannen en vrouwen;Abcoude;2038;8604;5939;1121;422;699;1544;615;929;305
3284;Totaal over alle leeftijden;Mannen en vrouwen;Abcoude;2039;8595;5913;1131;425;706;1551;613;938;305
3285;Totaal over alle leeftijden;Mannen en vrouwen;Abcoude;2040;8632;5928;1127;419;708;1577;627;950;305
3286;Totaal over alle leeftijden;Mannen en vrouwen;Achtkarspelen;2010;28289;27155;679;236;443;455;258;197;59
3287;Totaal over alle leeftijden;Mannen en vrouwen;Achtkarspelen;2011;28251;26990;736;266;470;525;301;224;59
3288;Totaal over alle leeftijden;Mannen en vrouwen;Achtkarspelen;2012;28230;26853;788;279;509;589;342;247;59
3289;Totaal over alle leeftijden;Mannen en vrouwen;Achtkarspelen;2013;28296;26785;836;297;539;675;386;289;59
3290;Totaal over alle leeftijden;Mannen en vrouwen;Achtkarspelen;2014;28341;26714;868;303;565;759;424;335;59
3291;Totaal over alle leeftijden;Mannen en vrouwen;Achtkarspelen;2015;28337;26601;908;320;588;828;459;369;59
3292;Totaal over alle leeftijden;Mannen en vrouwen;Achtkarspelen;2016;28312;26452;949;334;615;911;496;415;59
3293;Totaal over alle leeftijden;Mannen en vrouwen;Achtkarspelen;2017;28357;26374;991;347;644;992;508;484;59
3294;Totaal over alle leeftijden;Mannen en vrouwen;Achtkarspelen;2018;28380;26292;1043;358;685;1045;530;515;59
3295;Totaal over alle leeftijden;Mannen en vrouwen;Achtkarspelen;2019;28389;26162;1090;377;713;1137;571;566;59
3296;Totaal over alle leeftijden;Mannen en vrouwen;Achtkarspelen;2020;28467;26130;1139;407;732;1198;594;604;59
3297;Totaal over alle leeftijden;Mannen en vrouwen;Achtkarspelen;2021;28387;25898;1183;426;757;1306;655;651;59
3298;Totaal over alle leeftijden;Mannen en vrouwen;Achtkarspelen;2022;28324;25722;1223;450;773;1379;697;682;59
3299;Totaal over alle leeftijden;Mannen en vrouwen;Achtkarspelen;2023;28240;25526;1257;454;803;1457;753;704;59
3300;Totaal over alle leeftijden;Mannen en vrouwen;Achtkarspelen;2024;28159;25333;1281;461;820;1545;801;744;59
3301;Totaal over alle leeftijden;Mannen en vrouwen;Achtkarspelen;2025;28166;25251;1314;475;839;1601;818;783;59
3302;Totaal over alle leeftijden;Mannen en vrouwen;Achtkarspelen;2026;28145;25124;1340;483;857;1681;860;821;59
3303;Totaal over alle leeftijden;Mannen en vrouwen;Achtkarspelen;2027;28202;25064;1403;507;896;1735;884;851;59
3304;Totaal over alle leeftijden;Mannen en vrouwen;Achtkarspelen;2028;28108;24862;1448;529;919;1798;921;877;59
3305;Totaal over alle leeftijden;Mannen en vrouwen;Achtkarspelen;2029;28034;24715;1466;530;936;1853;943;910;59
3306;Totaal over alle leeftijden;Mannen en vrouwen;Achtkarspelen;2030;27982;24575;1483;522;961;1924;988;936;59
3307;Totaal over alle leeftijden;Mannen en vrouwen;Achtkarspelen;2031;28021;24503;1515;531;984;2003;1036;967;59
3308;Totaal over alle leeftijden;Mannen en vrouwen;Achtkarspelen;2032;28012;24403;1541;553;988;2068;1063;1005;59
3309;Totaal over alle leeftijden;Mannen en vrouwen;Achtkarspelen;2033;28127;24405;1581;563;1018;2141;1092;1049;59
3310;Totaal over alle leeftijden;Mannen en vrouwen;Achtkarspelen;2034;28086;24273;1596;558;1038;2217;1131;1086;59
3311;Totaal over alle leeftijden;Mannen en vrouwen;Achtkarspelen;2035;28130;24232;1616;571;1045;2282;1155;1127;59
3312;Totaal over alle leeftijden;Mannen en vrouwen;Achtkarspelen;2036;28128;24129;1668;584;1084;2331;1172;1159;59
3313;Totaal over alle leeftijden;Mannen en vrouwen;Achtkarspelen;2037;28174;24106;1659;567;1092;2409;1198;1211;59
3314;Totaal over alle leeftijden;Mannen en vrouwen;Achtkarspelen;2038;28177;24017;1664;565;1099;2496;1237;1259;59
3315;Totaal over alle leeftijden;Mannen en vrouwen;Achtkarspelen;2039;28185;23924;1710;599;1111;2551;1249;1302;59
3316;Totaal over alle leeftijden;Mannen en vrouwen;Achtkarspelen;2040;28134;23792;1739;595;1144;2603;1259;1344;59
3317;Totaal over alle leeftijden;Mannen en vrouwen;Alblasserdam;2010;18992;16463;1274;525;749;1255;631;624;482
3318;Totaal over alle leeftijden;Mannen en vrouwen;Alblasserdam;2011;19083;16473;1304;540;764;1306;643;663;482
3319;Totaal over alle leeftijden;Mannen en vrouwen;Alblasserdam;2012;19136;16492;1296;531;765;1348;657;691;482
3320;Totaal over alle leeftijden;Mannen en vrouwen;Alblasserdam;2013;19241;16561;1288;523;765;1392;676;716;482
3321;Totaal over alle leeftijden;Mannen en vrouwen;Alblasserdam;2014;19455;16726;1316;527;789;1413;666;747;482
3322;Totaal over alle leeftijden;Mannen en vrouwen;Alblasserdam;2015;19565;16784;1321;522;799;1460;680;780;482
3323;Totaal over alle leeftijden;Mannen en vrouwen;Alblasserdam;2016;19670;16820;1331;517;814;1519;686;833;482
3324;Totaal over alle leeftijden;Mannen en vrouwen;Alblasserdam;2017;19771;16862;1338;508;830;1571;698;873;482
3325;Totaal over alle leeftijden;Mannen en vrouwen;Alblasserdam;2018;19852;16894;1336;507;829;1622;703;919;482
3326;Totaal over alle leeftijden;Mannen en vrouwen;Alblasserdam;2019;19920;16905;1326;475;851;1689;723;966;482
3327;Totaal over alle leeftijden;Mannen en vrouwen;Alblasserdam;2020;19973;16898;1352;485;867;1723;733;990;482
3328;Totaal over alle leeftijden;Mannen en vrouwen;Alblasserdam;2021;20092;16955;1374;479;895;1763;742;1021;482
3329;Totaal over alle leeftijden;Mannen en vrouwen;Alblasserdam;2022;20123;16932;1383;473;910;1808;758;1050;482
3330;Totaal over alle leeftijden;Mannen en vrouwen;Alblasserdam;2023;20158;16931;1371;472;899;1856;771;1085;482
3331;Totaal over alle leeftijden;Mannen en vrouwen;Alblasserdam;2024;20246;16980;1363;452;911;1903;778;1125;482
3332;Totaal over alle leeftijden;Mannen en vrouwen;Alblasserdam;2025;20286;16978;1363;435;928;1945;802;1143;482
3333;Totaal over alle leeftijden;Mannen en vrouwen;Alblasserdam;2026;20291;16930;1367;433;934;1994;818;1176;482
3334;Totaal over alle leeftijden;Mannen en vrouwen;Alblasserdam;2027;20312;16916;1365;418;947;2031;822;1209;482
3335;Totaal over alle leeftijden;Mannen en vrouwen;Alblasserdam;2028;20329;16885;1367;419;948;2077;820;1257;482
3336;Totaal over alle leeftijden;Mannen en vrouwen;Alblasserdam;2029;20416;16921;1367;415;952;2128;832;1296;482
3337;Totaal over alle leeftijden;Mannen en vrouwen;Alblasserdam;2030;20525;16959;1389;419;970;2177;857;1320;482
3338;Totaal over alle leeftijden;Mannen en vrouwen;Alblasserdam;2031;20528;16904;1376;407;969;2248;871;1377;482
3339;Totaal over alle leeftijden;Mannen en vrouwen;Alblasserdam;2032;20629;16948;1422;434;988;2259;867;1392;482
3340;Totaal over alle leeftijden;Mannen en vrouwen;Alblasserdam;2033;20647;16914;1421;427;994;2312;878;1434;482
3341;Totaal over alle leeftijden;Mannen en vrouwen;Alblasserdam;2034;20639;16878;1406;424;982;2355;894;1461;482
3342;Totaal over alle leeftijden;Mannen en vrouwen;Alblasserdam;2035;20676;16861;1425;433;992;2390;904;1486;482
3343;Totaal over alle leeftijden;Mannen en vrouwen;Alblasserdam;2036;20652;16840;1424;436;988;2388;884;1504;482
3344;Totaal over alle leeftijden;Mannen en vrouwen;Alblasserdam;2037;20720;16833;1450;452;998;2437;903;1534;482
3345;Totaal over alle leeftijden;Mannen en vrouwen;Alblasserdam;2038;20732;16799;1472;464;1008;2461;919;1542;482
3346;Totaal over alle leeftijden;Mannen en vrouwen;Alblasserdam;2039;20696;16726;1497;471;1026;2473;917;1556;482
3347;Totaal over alle leeftijden;Mannen en vrouwen;Alblasserdam;2040;20729;16728;1493;466;1027;2508;941;1567;482
3348;Totaal over alle leeftijden;Mannen en vrouwen;Albrandswaard;2010;22731;19082;1716;615;1101;1933;1060;873;613
3349;Totaal over alle leeftijden;Mannen en vrouwen;Albrandswaard;2011;22927;19231;1730;612;1118;1966;1101;865;613
3350;Totaal over alle leeftijden;Mannen en vrouwen;Albrandswaard;2012;23215;19367;1752;626;1126;2096;1176;920;613
3351;Totaal over alle leeftijden;Mannen en vrouwen;Albrandswaard;2013;23347;19371;1784;641;1143;2192;1220;972;613
3352;Totaal over alle leeftijden;Mannen en vrouwen;Albrandswaard;2014;23511;19397;1845;664;1181;2269;1248;1021;613
3353;Totaal over alle leeftijden;Mannen en vrouwen;Albrandswaard;2015;23539;19373;1869;649;1220;2297;1292;1005;613
3354;Totaal over alle leeftijden;Mannen en vrouwen;Albrandswaard;2016;23644;19382;1895;647;1248;2367;1342;1025;613
3355;Totaal over alle leeftijden;Mannen en vrouwen;Albrandswaard;2017;23761;19397;1915;653;1262;2449;1392;1057;613
3356;Totaal over alle leeftijden;Mannen en vrouwen;Albrandswaard;2018;23859;19378;1942;641;1301;2539;1441;1098;613
3357;Totaal over alle leeftijden;Mannen en vrouwen;Albrandswaard;2019;23919;19361;1981;650;1331;2577;1451;1126;613
3358;Totaal over alle leeftijden;Mannen en vrouwen;Albrandswaard;2020;24047;19408;1965;609;1356;2674;1505;1169;613
3359;Totaal over alle leeftijden;Mannen en vrouwen;Albrandswaard;2021;24080;19398;1986;620;1366;2696;1531;1165;613
3360;Totaal over alle leeftijden;Mannen en vrouwen;Albrandswaard;2022;24264;19485;2016;620;1396;2763;1558;1205;613
3361;Totaal over alle leeftijden;Mannen en vrouwen;Albrandswaard;2023;24330;19488;2038;649;1389;2804;1591;1213;613
3362;Totaal over alle leeftijden;Mannen en vrouwen;Albrandswaard;2024;24506;19563;2066;660;1406;2877;1617;1260;613
3363;Totaal over alle leeftijden;Mannen en vrouwen;Albrandswaard;2025;24691;19651;2092;645;1447;2948;1629;1319;613
3364;Totaal over alle leeftijden;Mannen en vrouwen;Albrandswaard;2026;24737;19626;2091;645;1446;3020;1671;1349;613
3365;Totaal over alle leeftijden;Mannen en vrouwen;Albrandswaard;2027;24642;19512;2094;628;1466;3036;1664;1372;613
3366;Totaal over alle leeftijden;Mannen en vrouwen;Albrandswaard;2028;24668;19491;2109;623;1486;3068;1665;1403;613
3367;Totaal over alle leeftijden;Mannen en vrouwen;Albrandswaard;2029;24699;19448;2141;648;1493;3110;1677;1433;613
3368;Totaal over alle leeftijden;Mannen en vrouwen;Albrandswaard;2030;24761;19462;2175;671;1504;3124;1658;1466;613
3369;Totaal over alle leeftijden;Mannen en vrouwen;Albrandswaard;2031;24805;19447;2180;664;1516;3178;1693;1485;613
3370;Totaal over alle leeftijden;Mannen en vrouwen;Albrandswaard;2032;24734;19339;2195;657;1538;3200;1700;1500;613
3371;Totaal over alle leeftijden;Mannen en vrouwen;Albrandswaard;2033;24687;19273;2182;639;1543;3232;1712;1520;613
3372;Totaal over alle leeftijden;Mannen en vrouwen;Albrandswaard;2034;24626;19200;2173;637;1536;3253;1719;1534;613
3373;Totaal over alle leeftijden;Mannen en vrouwen;Albrandswaard;2035;24551;19081;2175;622;1553;3295;1716;1579;613
3374;Totaal over alle leeftijden;Mannen en vrouwen;Albrandswaard;2036;24512;19013;2167;612;1555;3332;1731;1601;613
3375;Totaal over alle leeftijden;Mannen en vrouwen;Albrandswaard;2037;24434;18943;2158;609;1549;3333;1741;1592;613
3376;Totaal over alle leeftijden;Mannen en vrouwen;Albrandswaard;2038;24308;18814;2144;616;1528;3350;1736;1614;613
3377;Totaal over alle leeftijden;Mannen en vrouwen;Albrandswaard;2039;24202;18690;2161;636;1525;3351;1733;1618;613
3378;Totaal over alle leeftijden;Mannen en vrouwen;Albrandswaard;2040;24128;18574;2147;636;1511;3407;1758;1649;613
3379;Totaal over alle leeftijden;Mannen en vrouwen;Alkmaar;2010;93655;72899;9268;4310;4958;11488;6855;4633;361
3380;Totaal over alle leeftijden;Mannen en vrouwen;Alkmaar;2011;93981;73092;9332;4442;4890;11557;6956;4601;361
3381;Totaal over alle leeftijden;Mannen en vrouwen;Alkmaar;2012;94234;73256;9359;4543;4816;11619;7076;4543;361
3382;Totaal over alle leeftijden;Mannen en vrouwen;Alkmaar;2013;94443;73385;9390;4641;4749;11668;7183;4485;361
3383;Totaal over alle leeftijden;Mannen en vrouwen;Alkmaar;2014;95003;73760;9502;4756;4746;11741;7268;4473;361
3384;Totaal over alle leeftijden;Mannen en vrouwen;Alkmaar;2015;95416;73996;9524;4787;4737;11896;7404;4492;361
3385;Totaal over alle leeftijden;Mannen en vrouwen;Alkmaar;2016;95861;74189;9626;4901;4725;12046;7564;4482;361
3386;Totaal over alle leeftijden;Mannen en vrouwen;Alkmaar;2017;96446;74561;9714;4998;4716;12171;7686;4485;361
3387;Totaal over alle leeftijden;Mannen en vrouwen;Alkmaar;2018;96890;74748;9802;5086;4716;12340;7861;4479;361
3388;Totaal over alle leeftijden;Mannen en vrouwen;Alkmaar;2019;97233;74802;9881;5186;4695;12550;8009;4541;361
3389;Totaal over alle leeftijden;Mannen en vrouwen;Alkmaar;2020;97611;74979;9966;5286;4680;12666;8138;4528;361
3390;Totaal over alle leeftijden;Mannen en vrouwen;Alkmaar;2021;97899;75035;10002;5357;4645;12862;8295;4567;361
3391;Totaal over alle leeftijden;Mannen en vrouwen;Alkmaar;2022;98081;75072;9969;5388;4581;13040;8405;4635;361
3392;Totaal over alle leeftijden;Mannen en vrouwen;Alkmaar;2023;98387;75204;10001;5421;4580;13182;8552;4630;361
3393;Totaal over alle leeftijden;Mannen en vrouwen;Alkmaar;2024;98709;75260;10075;5491;4584;13374;8667;4707;361
3394;Totaal over alle leeftijden;Mannen en vrouwen;Alkmaar;2025;98974;75288;10068;5535;4533;13618;8845;4773;361
3395;Totaal over alle leeftijden;Mannen en vrouwen;Alkmaar;2026;99178;75362;10083;5605;4478;13733;8883;4850;361
3396;Totaal over alle leeftijden;Mannen en vrouwen;Alkmaar;2027;99229;75320;10036;5645;4391;13873;8951;4922;361
3397;Totaal over alle leeftijden;Mannen en vrouwen;Alkmaar;2028;99327;75225;10038;5704;4334;14064;9053;5011;361
3398;Totaal over alle leeftijden;Mannen en vrouwen;Alkmaar;2029;99274;75029;10035;5752;4283;14210;9137;5073;361
3399;Totaal over alle leeftijden;Mannen en vrouwen;Alkmaar;2030;99311;74912;10034;5818;4216;14365;9182;5183;361
3400;Totaal over alle leeftijden;Mannen en vrouwen;Alkmaar;2031;99483;74866;10073;5913;4160;14544;9226;5318;361
3401;Totaal over alle leeftijden;Mannen en vrouwen;Alkmaar;2032;99453;74666;10104;5980;4124;14683;9315;5368;361
3402;Totaal over alle leeftijden;Mannen en vrouwen;Alkmaar;2033;99244;74356;10115;5998;4117;14773;9369;5404;361
3403;Totaal over alle leeftijden;Mannen en vrouwen;Alkmaar;2034;98964;73998;10146;6059;4087;14820;9369;5451;361
3404;Totaal over alle leeftijden;Mannen en vrouwen;Alkmaar;2035;98784;73595;10203;6103;4100;14986;9455;5531;361
3405;Totaal over alle leeftijden;Mannen en vrouwen;Alkmaar;2036;98516;73220;10195;6134;4061;15101;9490;5611;361
3406;Totaal over alle leeftijden;Mannen en vrouwen;Alkmaar;2037;98155;72763;10193;6159;4034;15199;9514;5685;361
3407;Totaal over alle leeftijden;Mannen en vrouwen;Alkmaar;2038;97867;72308;10195;6175;4020;15364;9518;5846;361
3408;Totaal over alle leeftijden;Mannen en vrouwen;Alkmaar;2039;97420;71818;10192;6178;4014;15410;9534;5876;361
3409;Totaal over alle leeftijden;Mannen en vrouwen;Alkmaar;2040;97023;71322;10192;6215;3977;15509;9564;5945;361
3410;Totaal over alle leeftijden;Mannen en vrouwen;Almelo;2010;72820;55801;7076;2532;4544;9943;5479;4464;141
3411;Totaal over alle leeftijden;Mannen en vrouwen;Almelo;2011;73468;56306;7129;2544;4585;10033;5504;4529;141
3412;Totaal over alle leeftijden;Mannen en vrouwen;Almelo;2012;73920;56619;7196;2594;4602;10105;5523;4582;141
3413;Totaal over alle leeftijden;Mannen en vrouwen;Almelo;2013;74306;56901;7219;2593;4626;10186;5586;4600;141
3414;Totaal over alle leeftijden;Mannen en vrouwen;Almelo;2014;74585;57103;7236;2598;4638;10246;5621;4625;141
3415;Totaal over alle leeftijden;Mannen en vrouwen;Almelo;2015;74789;57230;7228;2598;4630;10331;5705;4626;141
3416;Totaal over alle leeftijden;Mannen en vrouwen;Almelo;2016;74999;57359;7200;2589;4611;10440;5783;4657;141
3417;Totaal over alle leeftijden;Mannen en vrouwen;Almelo;2017;75140;57432;7189;2600;4589;10519;5833;4686;141
3418;Totaal over alle leeftijden;Mannen en vrouwen;Almelo;2018;75319;57488;7202;2602;4600;10629;5890;4739;141
3419;Totaal over alle leeftijden;Mannen en vrouwen;Almelo;2019;75492;57573;7203;2608;4595;10716;5936;4780;141
3420;Totaal over alle leeftijden;Mannen en vrouwen;Almelo;2020;75620;57599;7210;2623;4587;10811;5990;4821;141
3421;Totaal over alle leeftijden;Mannen en vrouwen;Almelo;2021;75696;57577;7210;2642;4568;10909;6053;4856;141
3422;Totaal over alle leeftijden;Mannen en vrouwen;Almelo;2022;75882;57627;7206;2652;4554;11049;6140;4909;141
3423;Totaal over alle leeftijden;Mannen en vrouwen;Almelo;2023;76021;57585;7224;2662;4562;11212;6227;4985;141
3424;Totaal over alle leeftijden;Mannen en vrouwen;Almelo;2024;76128;57596;7206;2649;4557;11326;6289;5037;141
3425;Totaal over alle leeftijden;Mannen en vrouwen;Almelo;2025;76272;57583;7198;2647;4551;11491;6379;5112;141
3426;Totaal over alle leeftijden;Mannen en vrouwen;Almelo;2026;76335;57576;7177;2658;4519;11582;6417;5165;141
3427;Totaal over alle leeftijden;Mannen en vrouwen;Almelo;2027;76478;57551;7216;2675;4541;11711;6499;5212;141
3428;Totaal over alle leeftijden;Mannen en vrouwen;Almelo;2028;76530;57558;7156;2623;4533;11816;6527;5289;141
3429;Totaal over alle leeftijden;Mannen en vrouwen;Almelo;2029;76552;57531;7114;2603;4511;11907;6566;5341;141
3430;Totaal over alle leeftijden;Mannen en vrouwen;Almelo;2030;76510;57391;7096;2620;4476;12023;6601;5422;141
3431;Totaal over alle leeftijden;Mannen en vrouwen;Almelo;2031;76403;57236;7043;2589;4454;12124;6655;5469;141
3432;Totaal over alle leeftijden;Mannen en vrouwen;Almelo;2032;76434;57102;7037;2587;4450;12295;6717;5578;141
3433;Totaal over alle leeftijden;Mannen en vrouwen;Almelo;2033;76353;56985;7026;2586;4440;12342;6713;5629;141
3434;Totaal over alle leeftijden;Mannen en vrouwen;Almelo;2034;76335;56883;7000;2575;4425;12452;6735;5717;141
3435;Totaal over alle leeftijden;Mannen en vrouwen;Almelo;2035;76298;56769;6988;2587;4401;12541;6755;5786;141
3436;Totaal over alle leeftijden;Mannen en vrouwen;Almelo;2036;76236;56561;6952;2557;4395;12723;6826;5897;141
3437;Totaal over alle leeftijden;Mannen en vrouwen;Almelo;2037;76205;56406;6922;2524;4398;12877;6905;5972;141
3438;Totaal over alle leeftijden;Mannen en vrouwen;Almelo;2038;76147;56279;6912;2495;4417;12956;6906;6050;141
3439;Totaal over alle leeftijden;Mannen en vrouwen;Almelo;2039;76021;56059;6860;2474;4386;13102;6921;6181;141
3440;Totaal over alle leeftijden;Mannen en vrouwen;Almelo;2040;75851;55806;6858;2476;4382;13187;6960;6227;141
3441;Totaal over alle leeftijden;Mannen en vrouwen;Almere;2010;185664;120048;17930;7238;10692;47686;25768;21918;34
3442;Totaal over alle leeftijden;Mannen en vrouwen;Almere;2011;187025;120975;18062;7345;10717;47988;25743;22245;34
3443;Totaal over alle leeftijden;Mannen en vrouwen;Almere;2012;188600;122209;18211;7413;10798;48180;25653;22527;34
3444;Totaal over alle leeftijden;Mannen en vrouwen;Almere;2013;191736;124279;18568;7604;10964;48889;25859;23030;34
3445;Totaal over alle leeftijden;Mannen en vrouwen;Almere;2014;196077;127264;19134;7863;11271;49679;26164;23515;34
3446;Totaal over alle leeftijden;Mannen en vrouwen;Almere;2015;200658;130136;19663;8127;11536;50859;26639;24220;34
3447;Totaal over alle leeftijden;Mannen en vrouwen;Almere;2016;205073;133015;20259;8438;11821;51799;27076;24723;34
3448;Totaal over alle leeftijden;Mannen en vrouwen;Almere;2017;209333;135839;20773;8683;12090;52721;27562;25159;34
3449;Totaal over alle leeftijden;Mannen en vrouwen;Almere;2018;213649;138732;21269;8905;12364;53648;28049;25599;34
3450;Totaal over alle leeftijden;Mannen en vrouwen;Almere;2019;217882;141379;21891;9245;12646;54612;28565;26047;34
3451;Totaal over alle leeftijden;Mannen en vrouwen;Almere;2020;222228;144065;22486;9474;13012;55677;29058;26619;34
3452;Totaal over alle leeftijden;Mannen en vrouwen;Almere;2021;226044;146391;23048;9715;13333;56605;29575;27030;34
3453;Totaal over alle leeftijden;Mannen en vrouwen;Almere;2022;229892;148702;23612;9926;13686;57578;30153;27425;34
3454;Totaal over alle leeftijden;Mannen en vrouwen;Almere;2023;233906;150995;24166;10151;14015;58745;30736;28009;34
3455;Totaal over alle leeftijden;Mannen en vrouwen;Almere;2024;237595;153042;24726;10435;14291;59827;31234;28593;34
3456;Totaal over alle leeftijden;Mannen en vrouwen;Almere;2025;241201;155101;25232;10658;14574;60868;31810;29058;34
3457;Totaal over alle leeftijden;Mannen en vrouwen;Almere;2026;244417;156902;25672;10842;14830;61843;32330;29513;34
3458;Totaal over alle leeftijden;Mannen en vrouwen;Almere;2027;247162;158374;26185;11048;15137;62603;32704;29899;34
3459;Totaal over alle leeftijden;Mannen en vrouwen;Almere;2028;249376;159668;26614;11246;15368;63094;33021;30073;34
3460;Totaal over alle leeftijden;Mannen en vrouwen;Almere;2029;251659;160812;27001;11437;15564;63846;33439;30407;34
3461;Totaal over alle leeftijden;Mannen en vrouwen;Almere;2030;253323;161432;27276;11543;15733;64615;33812;30803;34
3462;Totaal over alle leeftijden;Mannen en vrouwen;Almere;2031;254891;161929;27598;11685;15913;65364;34236;31128;34
3463;Totaal over alle leeftijden;Mannen en vrouwen;Almere;2032;255587;161958;27769;11779;15990;65860;34539;31321;34
3464;Totaal over alle leeftijden;Mannen en vrouwen;Almere;2033;255467;161628;27864;11800;16064;65975;34823;31152;34
3465;Totaal over alle leeftijden;Mannen en vrouwen;Almere;2034;255282;161126;27778;11747;16031;66378;35004;31374;34
3466;Totaal over alle leeftijden;Mannen en vrouwen;Almere;2035;254784;160288;27748;11777;15971;66748;35163;31585;34
3467;Totaal over alle leeftijden;Mannen en vrouwen;Almere;2036;253767;159135;27630;11748;15882;67002;35305;31697;34
3468;Totaal over alle leeftijden;Mannen en vrouwen;Almere;2037;252581;157958;27505;11673;15832;67118;35272;31846;34
3469;Totaal over alle leeftijden;Mannen en vrouwen;Almere;2038;251287;156545;27461;11646;15815;67281;35350;31931;34
3470;Totaal over alle leeftijden;Mannen en vrouwen;Almere;2039;249799;155030;27416;11657;15759;67353;35414;31939;34
3471;Totaal over alle leeftijden;Mannen en vrouwen;Almere;2040;248311;153455;27435;11665;15770;67421;35466;31955;34
3472;Totaal over alle leeftijden;Mannen en vrouwen;Alphen aan den Rijn;2010;72072;58110;6429;2672;3757;7533;4193;3340;484
3473;Totaal over alle leeftijden;Mannen en vrouwen;Alphen aan den Rijn;2011;72241;58273;6467;2727;3740;7501;4171;3330;484
3474;Totaal over alle leeftijden;Mannen en vrouwen;Alphen aan den Rijn;2012;72233;58267;6455;2746;3709;7511;4230;3281;484
3475;Totaal over alle leeftijden;Mannen en vrouwen;Alphen aan den Rijn;2013;72365;58393;6456;2776;3680;7516;4232;3284;484
3476;Totaal over alle leeftijden;Mannen en vrouwen;Alphen aan den Rijn;2014;72487;58514;6403;2782;3621;7570;4286;3284;484
3477;Totaal over alle leeftijden;Mannen en vrouwen;Alphen aan den Rijn;2015;72532;58548;6376;2792;3584;7608;4269;3339;484
3478;Totaal over alle leeftijden;Mannen en vrouwen;Alphen aan den Rijn;2016;72578;58562;6392;2810;3582;7624;4273;3351;484
3479;Totaal over alle leeftijden;Mannen en vrouwen;Alphen aan den Rijn;2017;72532;58497;6373;2854;3519;7662;4329;3333;484
3480;Totaal over alle leeftijden;Mannen en vrouwen;Alphen aan den Rijn;2018;72550;58452;6373;2876;3497;7725;4382;3343;484
3481;Totaal over alle leeftijden;Mannen en vrouwen;Alphen aan den Rijn;2019;72715;58526;6386;2910;3476;7803;4425;3378;484
3482;Totaal over alle leeftijden;Mannen en vrouwen;Alphen aan den Rijn;2020;72793;58567;6359;2919;3440;7867;4467;3400;484
3483;Totaal over alle leeftijden;Mannen en vrouwen;Alphen aan den Rijn;2021;72773;58514;6335;2924;3411;7924;4493;3431;484
3484;Totaal over alle leeftijden;Mannen en vrouwen;Alphen aan den Rijn;2022;72909;58577;6345;2946;3399;7987;4497;3490;484
3485;Totaal over alle leeftijden;Mannen en vrouwen;Alphen aan den Rijn;2023;73029;58584;6373;2992;3381;8072;4528;3544;484
3486;Totaal over alle leeftijden;Mannen en vrouwen;Alphen aan den Rijn;2024;73128;58531;6381;3014;3367;8216;4585;3631;484
3487;Totaal over alle leeftijden;Mannen en vrouwen;Alphen aan den Rijn;2025;73193;58527;6364;3035;3329;8302;4576;3726;484
3488;Totaal over alle leeftijden;Mannen en vrouwen;Alphen aan den Rijn;2026;73261;58509;6332;3042;3290;8420;4625;3795;484
3489;Totaal over alle leeftijden;Mannen en vrouwen;Alphen aan den Rijn;2027;73442;58616;6275;3026;3249;8551;4675;3876;484
3490;Totaal over alle leeftijden;Mannen en vrouwen;Alphen aan den Rijn;2028;73530;58592;6304;3067;3237;8634;4728;3906;484
3491;Totaal over alle leeftijden;Mannen en vrouwen;Alphen aan den Rijn;2029;73534;58525;6288;3074;3214;8721;4774;3947;484
3492;Totaal over alle leeftijden;Mannen en vrouwen;Alphen aan den Rijn;2030;73655;58430;6368;3118;3250;8857;4844;4013;484
3493;Totaal over alle leeftijden;Mannen en vrouwen;Alphen aan den Rijn;2031;73833;58471;6398;3158;3240;8964;4902;4062;484
3494;Totaal over alle leeftijden;Mannen en vrouwen;Alphen aan den Rijn;2032;74012;58444;6460;3185;3275;9108;4966;4142;484
3495;Totaal over alle leeftijden;Mannen en vrouwen;Alphen aan den Rijn;2033;74256;58542;6440;3203;3237;9274;5012;4262;484
3496;Totaal over alle leeftijden;Mannen en vrouwen;Alphen aan den Rijn;2034;74469;58527;6488;3243;3245;9454;5083;4371;484
3497;Totaal over alle leeftijden;Mannen en vrouwen;Alphen aan den Rijn;2035;74610;58515;6547;3279;3268;9548;5116;4432;484
3498;Totaal over alle leeftijden;Mannen en vrouwen;Alphen aan den Rijn;2036;74689;58467;6614;3317;3297;9608;5113;4495;484
3499;Totaal over alle leeftijden;Mannen en vrouwen;Alphen aan den Rijn;2037;74733;58384;6612;3323;3289;9737;5173;4564;484
3500;Totaal over alle leeftijden;Mannen en vrouwen;Alphen aan den Rijn;2038;74827;58376;6660;3345;3315;9791;5176;4615;484
3501;Totaal over alle leeftijden;Mannen en vrouwen;Alphen aan den Rijn;2039;74888;58336;6711;3377;3334;9841;5182;4659;484
3502;Totaal over alle leeftijden;Mannen en vrouwen;Alphen aan den Rijn;2040;74956;58269;6729;3359;3370;9958;5219;4739;484
3503;Totaal over alle leeftijden;Mannen en vrouwen;Alphen-Chaam;2010;9456;8197;1052;333;719;207;120;87;1723
3504;Totaal over alle leeftijden;Mannen en vrouwen;Alphen-Chaam;2011;9406;8119;1054;346;708;233;132;101;1723
3505;Totaal over alle leeftijden;Mannen en vrouwen;Alphen-Chaam;2012;9378;8065;1053;353;700;260;144;116;1723
3506;Totaal over alle leeftijden;Mannen en vrouwen;Alphen-Chaam;2013;9322;8001;1039;352;687;282;157;125;1723
3507;Totaal over alle leeftijden;Mannen en vrouwen;Alphen-Chaam;2014;9267;7908;1055;371;684;304;172;132;1723
3508;Totaal over alle leeftijden;Mannen en vrouwen;Alphen-Chaam;2015;9171;7777;1064;377;687;330;183;147;1723
3509;Totaal over alle leeftijden;Mannen en vrouwen;Alphen-Chaam;2016;9093;7654;1079;395;684;360;189;171;1723
3510;Totaal over alle leeftijden;Mannen en vrouwen;Alphen-Chaam;2017;8992;7516;1093;403;690;383;192;191;1723
3511;Totaal over alle leeftijden;Mannen en vrouwen;Alphen-Chaam;2018;8936;7415;1094;407;687;427;206;221;1723
3512;Totaal over alle leeftijden;Mannen en vrouwen;Alphen-Chaam;2019;8910;7344;1115;431;684;451;207;244;1723
3513;Totaal over alle leeftijden;Mannen en vrouwen;Alphen-Chaam;2020;8912;7298;1117;426;691;497;228;269;1723
3514;Totaal over alle leeftijden;Mannen en vrouwen;Alphen-Chaam;2021;8914;7256;1127;441;686;531;246;285;1723
3515;Totaal over alle leeftijden;Mannen en vrouwen;Alphen-Chaam;2022;8865;7174;1135;450;685;556;253;303;1723
3516;Totaal over alle leeftijden;Mannen en vrouwen;Alphen-Chaam;2023;8887;7157;1153;466;687;577;264;313;1723
3517;Totaal over alle leeftijden;Mannen en vrouwen;Alphen-Chaam;2024;8888;7130;1164;474;690;594;279;315;1723
3518;Totaal over alle leeftijden;Mannen en vrouwen;Alphen-Chaam;2025;8858;7060;1162;479;683;636;295;341;1723
3519;Totaal over alle leeftijden;Mannen en vrouwen;Alphen-Chaam;2026;8848;7018;1163;490;673;667;311;356;1723
3520;Totaal over alle leeftijden;Mannen en vrouwen;Alphen-Chaam;2027;8867;6993;1169;496;673;705;315;390;1723
3521;Totaal over alle leeftijden;Mannen en vrouwen;Alphen-Chaam;2028;8911;6976;1196;506;690;739;332;407;1723
3522;Totaal over alle leeftijden;Mannen en vrouwen;Alphen-Chaam;2029;8909;6943;1212;511;701;754;331;423;1723
3523;Totaal over alle leeftijden;Mannen en vrouwen;Alphen-Chaam;2030;8915;6918;1209;514;695;788;339;449;1723
3524;Totaal over alle leeftijden;Mannen en vrouwen;Alphen-Chaam;2031;8924;6891;1220;529;691;813;341;472;1723
3525;Totaal over alle leeftijden;Mannen en vrouwen;Alphen-Chaam;2032;8928;6853;1236;544;692;839;345;494;1723
3526;Totaal over alle leeftijden;Mannen en vrouwen;Alphen-Chaam;2033;8905;6791;1251;553;698;863;353;510;1723
3527;Totaal over alle leeftijden;Mannen en vrouwen;Alphen-Chaam;2034;8874;6700;1273;566;707;901;383;518;1723
3528;Totaal over alle leeftijden;Mannen en vrouwen;Alphen-Chaam;2035;8818;6629;1287;579;708;902;378;524;1723
3529;Totaal over alle leeftijden;Mannen en vrouwen;Alphen-Chaam;2036;8831;6607;1296;573;723;928;391;537;1723
3530;Totaal over alle leeftijden;Mannen en vrouwen;Alphen-Chaam;2037;8796;6550;1305;573;732;941;402;539;1723
3531;Totaal over alle leeftijden;Mannen en vrouwen;Alphen-Chaam;2038;8758;6490;1321;580;741;947;407;540;1723
3532;Totaal over alle leeftijden;Mannen en vrouwen;Alphen-Chaam;2039;8712;6404;1334;593;741;974;413;561;1723
3533;Totaal over alle leeftijden;Mannen en vrouwen;Alphen-Chaam;2040;8685;6341;1350;607;743;994;409;585;1723
3534;Totaal over alle leeftijden;Mannen en vrouwen;Ameland;2010;3487;3245;164;78;86;78;52;26;60
3535;Totaal over alle leeftijden;Mannen en vrouwen;Ameland;2011;3495;3234;169;73;96;92;60;32;60
3536;Totaal over alle leeftijden;Mannen en vrouwen;Ameland;2012;3489;3209;177;75;102;103;66;37;60
3537;Totaal over alle leeftijden;Mannen en vrouwen;Ameland;2013;3481;3175;192;79;113;114;76;38;60
3538;Totaal over alle leeftijden;Mannen en vrouwen;Ameland;2014;3477;3145;197;80;117;135;85;50;60
3539;Totaal over alle leeftijden;Mannen en vrouwen;Ameland;2015;3475;3125;205;83;122;145;91;54;60
3540;Totaal over alle leeftijden;Mannen en vrouwen;Ameland;2016;3477;3110;204;76;128;163;99;64;60
3541;Totaal over alle leeftijden;Mannen en vrouwen;Ameland;2017;3484;3104;202;73;129;178;106;72;60
3542;Totaal over alle leeftijden;Mannen en vrouwen;Ameland;2018;3495;3083;208;75;133;204;116;88;60
3543;Totaal over alle leeftijden;Mannen en vrouwen;Ameland;2019;3509;3073;214;75;139;222;129;93;60
3544;Totaal over alle leeftijden;Mannen en vrouwen;Ameland;2020;3506;3037;225;74;151;244;136;108;60
3545;Totaal over alle leeftijden;Mannen en vrouwen;Ameland;2021;3510;3037;228;68;160;245;136;109;60
3546;Totaal over alle leeftijden;Mannen en vrouwen;Ameland;2022;3518;3018;239;70;169;261;146;115;60
3547;Totaal over alle leeftijden;Mannen en vrouwen;Ameland;2023;3523;3004;251;72;179;268;153;115;60
3548;Totaal over alle leeftijden;Mannen en vrouwen;Ameland;2024;3543;2986;259;66;193;298;169;129;60
3549;Totaal over alle leeftijden;Mannen en vrouwen;Ameland;2025;3531;2952;261;67;194;318;172;146;60
3550;Totaal over alle leeftijden;Mannen en vrouwen;Ameland;2026;3537;2923;276;78;198;338;170;168;60
3551;Totaal over alle leeftijden;Mannen en vrouwen;Ameland;2027;3562;2919;288;80;208;355;180;175;60
3552;Totaal over alle leeftijden;Mannen en vrouwen;Ameland;2028;3554;2908;285;79;206;361;186;175;60
3553;Totaal over alle leeftijden;Mannen en vrouwen;Ameland;2029;3552;2899;285;75;210;368;181;187;60
3554;Totaal over alle leeftijden;Mannen en vrouwen;Ameland;2030;3552;2887;283;69;214;382;186;196;60
3555;Totaal over alle leeftijden;Mannen en vrouwen;Ameland;2031;3560;2868;290;70;220;402;191;211;60
3556;Totaal over alle leeftijden;Mannen en vrouwen;Ameland;2032;3553;2846;288;65;223;419;195;224;60
3557;Totaal over alle leeftijden;Mannen en vrouwen;Ameland;2033;3556;2833;290;63;227;433;203;230;60
3558;Totaal over alle leeftijden;Mannen en vrouwen;Ameland;2034;3548;2816;298;70;228;434;201;233;60
3559;Totaal over alle leeftijden;Mannen en vrouwen;Ameland;2035;3557;2800;306;65;241;451;205;246;60
3560;Totaal over alle leeftijden;Mannen en vrouwen;Ameland;2036;3553;2786;306;64;242;461;206;255;60
3561;Totaal over alle leeftijden;Mannen en vrouwen;Ameland;2037;3530;2758;303;60;243;469;211;258;60
3562;Totaal over alle leeftijden;Mannen en vrouwen;Ameland;2038;3524;2740;296;55;241;488;218;270;60
3563;Totaal over alle leeftijden;Mannen en vrouwen;Ameland;2039;3514;2709;297;55;242;508;234;274;60
3564;Totaal over alle leeftijden;Mannen en vrouwen;Ameland;2040;3504;2685;300;59;241;519;242;277;60
3565;Totaal over alle leeftijden;Mannen en vrouwen;Amersfoort;2010;145243;112515;12455;4818;7637;20273;11706;8567;307
3566;Totaal over alle leeftijden;Mannen en vrouwen;Amersfoort;2011;147455;114144;12640;4963;7677;20671;11937;8734;307
3567;Totaal over alle leeftijden;Mannen en vrouwen;Amersfoort;2012;149338;115517;12848;5063;7785;20973;12119;8854;307
3568;Totaal over alle leeftijden;Mannen en vrouwen;Amersfoort;2013;150933;116690;13024;5175;7849;21219;12244;8975;307
3569;Totaal over alle leeftijden;Mannen en vrouwen;Amersfoort;2014;152657;118026;13111;5268;7843;21520;12488;9032;307
3570;Totaal over alle leeftijden;Mannen en vrouwen;Amersfoort;2015;154378;119341;13238;5366;7872;21799;12708;9091;307
3571;Totaal over alle leeftijden;Mannen en vrouwen;Amersfoort;2016;155968;120566;13338;5467;7871;22064;12933;9131;307
3572;Totaal over alle leeftijden;Mannen en vrouwen;Amersfoort;2017;156699;121029;13359;5500;7859;22311;13121;9190;307
3573;Totaal over alle leeftijden;Mannen en vrouwen;Amersfoort;2018;157716;121537;13415;5500;7915;22764;13436;9328;307
3574;Totaal over alle leeftijden;Mannen en vrouwen;Amersfoort;2019;158679;122069;13410;5544;7866;23200;13714;9486;307
3575;Totaal over alle leeftijden;Mannen en vrouwen;Amersfoort;2020;159358;122410;13487;5576;7911;23461;13891;9570;307
3576;Totaal over alle leeftijden;Mannen en vrouwen;Amersfoort;2021;160063;122799;13593;5660;7933;23671;14156;9515;307
3577;Totaal over alle leeftijden;Mannen en vrouwen;Amersfoort;2022;160834;123079;13692;5722;7970;24063;14409;9654;307
3578;Totaal over alle leeftijden;Mannen en vrouwen;Amersfoort;2023;161321;123220;13758;5756;8002;24343;14634;9709;307
3579;Totaal over alle leeftijden;Mannen en vrouwen;Amersfoort;2024;161850;123415;13765;5804;7961;24670;14869;9801;307
3580;Totaal over alle leeftijden;Mannen en vrouwen;Amersfoort;2025;162545;123657;13840;5828;8012;25048;15132;9916;307
3581;Totaal over alle leeftijden;Mannen en vrouwen;Amersfoort;2026;163091;123813;13956;5905;8051;25322;15346;9976;307
3582;Totaal over alle leeftijden;Mannen en vrouwen;Amersfoort;2027;163637;123994;14010;5956;8054;25633;15558;10075;307
3583;Totaal over alle leeftijden;Mannen en vrouwen;Amersfoort;2028;164247;124094;14142;6049;8093;26011;15798;10213;307
3584;Totaal over alle leeftijden;Mannen en vrouwen;Amersfoort;2029;164925;124304;14202;6104;8098;26419;16065;10354;307
3585;Totaal over alle leeftijden;Mannen en vrouwen;Amersfoort;2030;165394;124356;14285;6130;8155;26753;16300;10453;307
3586;Totaal over alle leeftijden;Mannen en vrouwen;Amersfoort;2031;165684;124351;14341;6186;8155;26992;16499;10493;307
3587;Totaal over alle leeftijden;Mannen en vrouwen;Amersfoort;2032;166402;124637;14449;6281;8168;27316;16704;10612;307
3588;Totaal over alle leeftijden;Mannen en vrouwen;Amersfoort;2033;167177;124912;14628;6385;8243;27637;16903;10734;307
3589;Totaal over alle leeftijden;Mannen en vrouwen;Amersfoort;2034;167861;125068;14762;6455;8307;28031;17126;10905;307
3590;Totaal over alle leeftijden;Mannen en vrouwen;Amersfoort;2035;168703;125405;14907;6525;8382;28391;17325;11066;307
3591;Totaal over alle leeftijden;Mannen en vrouwen;Amersfoort;2036;169782;125862;15080;6604;8476;28840;17524;11316;307
3592;Totaal over alle leeftijden;Mannen en vrouwen;Amersfoort;2037;170513;126082;15199;6679;8520;29232;17714;11518;307
3593;Totaal over alle leeftijden;Mannen en vrouwen;Amersfoort;2038;171491;126383;15371;6784;8587;29737;17915;11822;307
3594;Totaal over alle leeftijden;Mannen en vrouwen;Amersfoort;2039;172336;126733;15528;6885;8643;30075;18096;11979;307
3595;Totaal over alle leeftijden;Mannen en vrouwen;Amersfoort;2040;173082;126951;15684;6949;8735;30447;18330;12117;307
3596;Totaal over alle leeftijden;Mannen en vrouwen;Amstelveen;2010;81527;54292;15342;9141;6201;11893;7762;4131;362
3597;Totaal over alle leeftijden;Mannen en vrouwen;Amstelveen;2011;82573;54717;15674;9408;6266;12182;7915;4267;362
3598;Totaal over alle leeftijden;Mannen en vrouwen;Amstelveen;2012;83321;54954;15967;9634;6333;12400;7969;4431;362
3599;Totaal over alle leeftijden;Mannen en vrouwen;Amstelveen;2013;84000;55240;16156;9750;6406;12604;8099;4505;362
3600;Totaal over alle leeftijden;Mannen en vrouwen;Amstelveen;2014;84607;55415;16420;9915;6505;12772;8176;4596;362
3601;Totaal over alle leeftijden;Mannen en vrouwen;Amstelveen;2015;85143;55568;16559;9936;6623;13016;8276;4740;362
3602;Totaal over alle leeftijden;Mannen en vrouwen;Amstelveen;2016;85418;55636;16717;9998;6719;13065;8307;4758;362
3603;Totaal over alle leeftijden;Mannen en vrouwen;Amstelveen;2017;85668;55537;16880;10095;6785;13251;8366;4885;362
3604;Totaal over alle leeftijden;Mannen en vrouwen;Amstelveen;2018;85935;55477;17026;10136;6890;13432;8435;4997;362
3605;Totaal over alle leeftijden;Mannen en vrouwen;Amstelveen;2019;86068;55464;17160;10185;6975;13444;8491;4953;362
3606;Totaal over alle leeftijden;Mannen en vrouwen;Amstelveen;2020;86123;55284;17243;10168;7075;13596;8588;5008;362
3607;Totaal over alle leeftijden;Mannen en vrouwen;Amstelveen;2021;86150;55195;17302;10152;7150;13653;8636;5017;362
3608;Totaal over alle leeftijden;Mannen en vrouwen;Amstelveen;2022;86152;55066;17389;10198;7191;13697;8678;5019;362
3609;Totaal over alle leeftijden;Mannen en vrouwen;Amstelveen;2023;86086;54908;17428;10128;7300;13750;8690;5060;362
3610;Totaal over alle leeftijden;Mannen en vrouwen;Amstelveen;2024;86060;54738;17580;10147;7433;13742;8673;5069;362
3611;Totaal over alle leeftijden;Mannen en vrouwen;Amstelveen;2025;85829;54447;17703;10179;7524;13679;8538;5141;362
3612;Totaal over alle leeftijden;Mannen en vrouwen;Amstelveen;2026;85742;54298;17707;10063;7644;13737;8523;5214;362
3613;Totaal over alle leeftijden;Mannen en vrouwen;Amstelveen;2027;85756;54190;17790;10035;7755;13776;8514;5262;362
3614;Totaal over alle leeftijden;Mannen en vrouwen;Amstelveen;2028;85707;53998;17840;10024;7816;13869;8485;5384;362
3615;Totaal over alle leeftijden;Mannen en vrouwen;Amstelveen;2029;85657;53706;17920;10003;7917;14031;8473;5558;362
3616;Totaal over alle leeftijden;Mannen en vrouwen;Amstelveen;2030;85829;53641;18057;10028;8029;14131;8420;5711;362
3617;Totaal over alle leeftijden;Mannen en vrouwen;Amstelveen;2031;85807;53399;18244;10080;8164;14164;8334;5830;362
3618;Totaal over alle leeftijden;Mannen en vrouwen;Amstelveen;2032;85943;53324;18369;10141;8228;14250;8378;5872;362
3619;Totaal over alle leeftijden;Mannen en vrouwen;Amstelveen;2033;86139;53206;18539;10190;8349;14394;8336;6058;362
3620;Totaal over alle leeftijden;Mannen en vrouwen;Amstelveen;2034;86145;52883;18701;10269;8432;14561;8446;6115;362
3621;Totaal over alle leeftijden;Mannen en vrouwen;Amstelveen;2035;86222;52772;18788;10315;8473;14662;8511;6151;362
3622;Totaal over alle leeftijden;Mannen en vrouwen;Amstelveen;2036;86402;52670;18965;10409;8556;14767;8505;6262;362
3623;Totaal over alle leeftijden;Mannen en vrouwen;Amstelveen;2037;86567;52609;19126;10450;8676;14832;8568;6264;362
3624;Totaal over alle leeftijden;Mannen en vrouwen;Amstelveen;2038;86905;52556;19414;10624;8790;14935;8536;6399;362
3625;Totaal over alle leeftijden;Mannen en vrouwen;Amstelveen;2039;87144;52475;19517;10670;8847;15152;8590;6562;362
3626;Totaal over alle leeftijden;Mannen en vrouwen;Amstelveen;2040;87321;52397;19590;10671;8919;15334;8669;6665;362
3627;Totaal over alle leeftijden;Mannen en vrouwen;Amsterdam;2010;763896;394263;113675;62008;51667;255958;146459;109499;363
3628;Totaal over alle leeftijden;Mannen en vrouwen;Amsterdam;2011;771638;401444;115736;62972;52764;254458;143426;111032;363
3629;Totaal over alle leeftijden;Mannen en vrouwen;Amsterdam;2012;780620;409312;117817;63900;53917;253491;140740;112751;363
3630;Totaal over alle leeftijden;Mannen en vrouwen;Amsterdam;2013;788203;416388;119485;64637;54848;252330;138411;113919;363
3631;Totaal over alle leeftijden;Mannen en vrouwen;Amsterdam;2014;793880;421876;120775;65222;55553;251229;136287;114942;363
3632;Totaal over alle leeftijden;Mannen en vrouwen;Amsterdam;2015;799484;427360;121883;65748;56135;250241;134328;115913;363
3633;Totaal over alle leeftijden;Mannen en vrouwen;Amsterdam;2016;804538;432216;122907;66084;56823;249415;132712;116703;363
3634;Totaal over alle leeftijden;Mannen en vrouwen;Amsterdam;2017;808789;436168;123979;66629;57350;248642;131399;117243;363
3635;Totaal over alle leeftijden;Mannen en vrouwen;Amsterdam;2018;812742;439892;125043;67224;57819;247807;129951;117856;363
3636;Totaal over alle leeftijden;Mannen en vrouwen;Amsterdam;2019;816519;443717;126016;67810;58206;246786;128692;118094;363
3637;Totaal over alle leeftijden;Mannen en vrouwen;Amsterdam;2020;820306;447406;126957;68470;58487;245943;127434;118509;363
3638;Totaal over alle leeftijden;Mannen en vrouwen;Amsterdam;2021;823971;451079;127927;69001;58926;244965;126105;118860;363
3639;Totaal over alle leeftijden;Mannen en vrouwen;Amsterdam;2022;827475;454849;128752;69573;59179;243874;124898;118976;363
3640;Totaal over alle leeftijden;Mannen en vrouwen;Amsterdam;2023;830386;458089;129535;70216;59319;242762;123732;119030;363
3641;Totaal over alle leeftijden;Mannen en vrouwen;Amsterdam;2024;832789;460951;130273;70742;59531;241565;122464;119101;363
3642;Totaal over alle leeftijden;Mannen en vrouwen;Amsterdam;2025;835260;463827;131022;71293;59729;240411;121083;119328;363
3643;Totaal over alle leeftijden;Mannen en vrouwen;Amsterdam;2026;837094;466050;131636;71867;59769;239408;119756;119652;363
3644;Totaal over alle leeftijden;Mannen en vrouwen;Amsterdam;2027;838881;468362;132038;72383;59655;238481;118564;119917;363
3645;Totaal over alle leeftijden;Mannen en vrouwen;Amsterdam;2028;840559;470465;132594;72911;59683;237500;117359;120141;363
3646;Totaal over alle leeftijden;Mannen en vrouwen;Amsterdam;2029;842376;472616;133115;73449;59666;236645;116233;120412;363
3647;Totaal over alle leeftijden;Mannen en vrouwen;Amsterdam;2030;843905;474667;133565;73919;59646;235673;115107;120566;363
3648;Totaal over alle leeftijden;Mannen en vrouwen;Amsterdam;2031;844997;476328;134068;74381;59687;234601;113821;120780;363
3649;Totaal over alle leeftijden;Mannen en vrouwen;Amsterdam;2032;845950;477632;134609;74926;59683;233709;112581;121128;363
3650;Totaal over alle leeftijden;Mannen en vrouwen;Amsterdam;2033;847104;479099;135158;75423;59735;232847;111360;121487;363
3651;Totaal over alle leeftijden;Mannen en vrouwen;Amsterdam;2034;848354;480673;135870;76104;59766;231811;110087;121724;363
3652;Totaal over alle leeftijden;Mannen en vrouwen;Amsterdam;2035;849767;481995;136701;76891;59810;231071;108957;122114;363
3653;Totaal over alle leeftijden;Mannen en vrouwen;Amsterdam;2036;850982;483172;137523;77580;59943;230287;107679;122608;363
3654;Totaal over alle leeftijden;Mannen en vrouwen;Amsterdam;2037;852265;484269;138196;78286;59910;229800;106543;123257;363
3655;Totaal over alle leeftijden;Mannen en vrouwen;Amsterdam;2038;853548;485264;138947;78803;60144;229337;105416;123921;363
3656;Totaal over alle leeftijden;Mannen en vrouwen;Amsterdam;2039;854596;486055;139684;79359;60325;228857;104365;124492;363
3657;Totaal over alle leeftijden;Mannen en vrouwen;Amsterdam;2040;855776;486860;140578;79994;60584;228338;103176;125162;363
3658;Totaal over alle leeftijden;Mannen en vrouwen;Andijk;2010;6561;5909;430;197;233;222;117;105;364
3659;Totaal over alle leeftijden;Mannen en vrouwen;Andijk;2011;6591;5896;444;197;247;251;137;114;364
3660;Totaal over alle leeftijden;Mannen en vrouwen;Andijk;2012;6602;5855;470;203;267;277;145;132;364
3661;Totaal over alle leeftijden;Mannen en vrouwen;Andijk;2013;6624;5827;484;208;276;313;161;152;364
3662;Totaal over alle leeftijden;Mannen en vrouwen;Andijk;2014;6666;5816;519;229;290;331;165;166;364
3663;Totaal over alle leeftijden;Mannen en vrouwen;Andijk;2015;6679;5774;537;235;302;368;183;185;364
3664;Totaal over alle leeftijden;Mannen en vrouwen;Andijk;2016;6704;5736;567;246;321;401;194;207;364
3665;Totaal over alle leeftijden;Mannen en vrouwen;Andijk;2017;6729;5686;604;261;343;439;223;216;364
3666;Totaal over alle leeftijden;Mannen en vrouwen;Andijk;2018;6785;5714;611;268;343;460;236;224;364
3667;Totaal over alle leeftijden;Mannen en vrouwen;Andijk;2019;6879;5761;633;286;347;485;248;237;364
3668;Totaal over alle leeftijden;Mannen en vrouwen;Andijk;2020;6931;5752;663;297;366;516;272;244;364
3669;Totaal over alle leeftijden;Mannen en vrouwen;Andijk;2021;6981;5738;687;305;382;556;287;269;364
3670;Totaal over alle leeftijden;Mannen en vrouwen;Andijk;2022;7009;5702;718;321;397;589;297;292;364
3671;Totaal over alle leeftijden;Mannen en vrouwen;Andijk;2023;7027;5675;734;330;404;618;306;312;364
3672;Totaal over alle leeftijden;Mannen en vrouwen;Andijk;2024;7070;5670;746;340;406;654;318;336;364
3673;Totaal over alle leeftijden;Mannen en vrouwen;Andijk;2025;7106;5679;765;355;410;662;317;345;364
3674;Totaal over alle leeftijden;Mannen en vrouwen;Andijk;2026;7119;5674;772;352;420;673;322;351;364
3675;Totaal over alle leeftijden;Mannen en vrouwen;Andijk;2027;7147;5650;799;375;424;698;335;363;364
3676;Totaal over alle leeftijden;Mannen en vrouwen;Andijk;2028;7182;5620;820;384;436;742;352;390;364
3677;Totaal over alle leeftijden;Mannen en vrouwen;Andijk;2029;7191;5589;840;403;437;762;355;407;364
3678;Totaal over alle leeftijden;Mannen en vrouwen;Andijk;2030;7239;5580;855;405;450;804;372;432;364
3679;Totaal over alle leeftijden;Mannen en vrouwen;Andijk;2031;7246;5541;880;417;463;825;374;451;364
3680;Totaal over alle leeftijden;Mannen en vrouwen;Andijk;2032;7289;5539;890;421;469;860;377;483;364
3681;Totaal over alle leeftijden;Mannen en vrouwen;Andijk;2033;7333;5553;905;431;474;875;388;487;364
3682;Totaal over alle leeftijden;Mannen en vrouwen;Andijk;2034;7353;5529;924;432;492;900;401;499;364
3683;Totaal over alle leeftijden;Mannen en vrouwen;Andijk;2035;7390;5520;944;437;507;926;410;516;364
3684;Totaal over alle leeftijden;Mannen en vrouwen;Andijk;2036;7418;5492;974;457;517;952;421;531;364
3685;Totaal over alle leeftijden;Mannen en vrouwen;Andijk;2037;7404;5466;983;465;518;955;424;531;364
3686;Totaal over alle leeftijden;Mannen en vrouwen;Andijk;2038;7405;5440;982;458;524;983;440;543;364
3687;Totaal over alle leeftijden;Mannen en vrouwen;Andijk;2039;7409;5404;1005;479;526;1000;441;559;364
3688;Totaal over alle leeftijden;Mannen en vrouwen;Andijk;2040;7389;5363;1009;475;534;1017;444;573;364
3689;Totaal over alle leeftijden;Mannen en vrouwen;Anna Paulowna;2010;14221;13022;681;264;417;518;268;250;366
3690;Totaal over alle leeftijden;Mannen en vrouwen;Anna Paulowna;2011;14279;13028;675;272;403;576;284;292;366
3691;Totaal over alle leeftijden;Mannen en vrouwen;Anna Paulowna;2012;14377;13095;644;268;376;638;310;328;366
3692;Totaal over alle leeftijden;Mannen en vrouwen;Anna Paulowna;2013;14358;13021;624;272;352;713;340;373;366
3693;Totaal over alle leeftijden;Mannen en vrouwen;Anna Paulowna;2014;14446;13053;622;285;337;771;357;414;366
3694;Totaal over alle leeftijden;Mannen en vrouwen;Anna Paulowna;2015;14486;13036;617;299;318;833;378;455;366
3695;Totaal over alle leeftijden;Mannen en vrouwen;Anna Paulowna;2016;14531;13012;622;297;325;897;405;492;366
3696;Totaal over alle leeftijden;Mannen en vrouwen;Anna Paulowna;2017;14560;12961;633;311;322;966;429;537;366
3697;Totaal over alle leeftijden;Mannen en vrouwen;Anna Paulowna;2018;14587;12942;643;318;325;1002;433;569;366
3698;Totaal over alle leeftijden;Mannen en vrouwen;Anna Paulowna;2019;14593;12895;651;322;329;1047;453;594;366
3699;Totaal over alle leeftijden;Mannen en vrouwen;Anna Paulowna;2020;14591;12811;661;329;332;1119;484;635;366
3700;Totaal over alle leeftijden;Mannen en vrouwen;Anna Paulowna;2021;14636;12804;652;305;347;1180;504;676;366
3701;Totaal over alle leeftijden;Mannen en vrouwen;Anna Paulowna;2022;14644;12758;643;296;347;1243;536;707;366
3702;Totaal over alle leeftijden;Mannen en vrouwen;Anna Paulowna;2023;14653;12715;655;314;341;1283;551;732;366
3703;Totaal over alle leeftijden;Mannen en vrouwen;Anna Paulowna;2024;14688;12703;648;323;325;1337;579;758;366
3704;Totaal over alle leeftijden;Mannen en vrouwen;Anna Paulowna;2025;14687;12641;659;326;333;1387;591;796;366
3705;Totaal over alle leeftijden;Mannen en vrouwen;Anna Paulowna;2026;14727;12653;640;324;316;1434;597;837;366
3706;Totaal over alle leeftijden;Mannen en vrouwen;Anna Paulowna;2027;14793;12664;651;321;330;1478;612;866;366
3707;Totaal over alle leeftijden;Mannen en vrouwen;Anna Paulowna;2028;14781;12599;642;319;323;1540;626;914;366
3708;Totaal over alle leeftijden;Mannen en vrouwen;Anna Paulowna;2029;14810;12578;643;311;332;1589;641;948;366
3709;Totaal over alle leeftijden;Mannen en vrouwen;Anna Paulowna;2030;14791;12515;645;318;327;1631;663;968;366
3710;Totaal over alle leeftijden;Mannen en vrouwen;Anna Paulowna;2031;14788;12454;657;325;332;1677;688;989;366
3711;Totaal over alle leeftijden;Mannen en vrouwen;Anna Paulowna;2032;14774;12403;661;318;343;1710;711;999;366
3712;Totaal over alle leeftijden;Mannen en vrouwen;Anna Paulowna;2033;14745;12331;677;311;366;1737;729;1008;366
3713;Totaal over alle leeftijden;Mannen en vrouwen;Anna Paulowna;2034;14757;12296;686;324;362;1775;738;1037;366
3714;Totaal over alle leeftijden;Mannen en vrouwen;Anna Paulowna;2035;14726;12251;680;325;355;1795;757;1038;366
3715;Totaal over alle leeftijden;Mannen en vrouwen;Anna Paulowna;2036;14710;12191;691;329;362;1828;773;1055;366
3716;Totaal over alle leeftijden;Mannen en vrouwen;Anna Paulowna;2037;14693;12122;689;332;357;1882;786;1096;366
3717;Totaal over alle leeftijden;Mannen en vrouwen;Anna Paulowna;2038;14693;12091;695;333;362;1907;796;1111;366
3718;Totaal over alle leeftijden;Mannen en vrouwen;Anna Paulowna;2039;14665;12045;668;323;345;1952;816;1136;366
3719;Totaal over alle leeftijden;Mannen en vrouwen;Anna Paulowna;2040;14636;11971;657;320;337;2008;844;1164;366
3720;Totaal over alle leeftijden;Mannen en vrouwen;Apeldoorn;2010;155311;131625;12282;4466;7816;11404;6301;5103;200
3721;Totaal over alle leeftijden;Mannen en vrouwen;Apeldoorn;2011;155479;131438;12332;4473;7859;11709;6368;5341;200
3722;Totaal over alle leeftijden;Mannen en vrouwen;Apeldoorn;2012;155839;131454;12372;4479;7893;12013;6426;5587;200
3723;Totaal over alle leeftijden;Mannen en vrouwen;Apeldoorn;2013;156270;131538;12433;4478;7955;12299;6487;5812;200
3724;Totaal over alle leeftijden;Mannen en vrouwen;Apeldoorn;2014;156751;131604;12524;4521;8003;12623;6577;6046;200
3725;Totaal over alle leeftijden;Mannen en vrouwen;Apeldoorn;2015;157342;131839;12606;4530;8076;12897;6632;6265;200
3726;Totaal over alle leeftijden;Mannen en vrouwen;Apeldoorn;2016;158031;132139;12668;4528;8140;13224;6707;6517;200
3727;Totaal over alle leeftijden;Mannen en vrouwen;Apeldoorn;2017;158502;132287;12727;4552;8175;13488;6807;6681;200
3728;Totaal over alle leeftijden;Mannen en vrouwen;Apeldoorn;2018;158950;132400;12830;4593;8237;13720;6868;6852;200
3729;Totaal over alle leeftijden;Mannen en vrouwen;Apeldoorn;2019;159425;132492;12884;4613;8271;14049;6971;7078;200
3730;Totaal over alle leeftijden;Mannen en vrouwen;Apeldoorn;2020;159677;132444;12927;4626;8301;14306;7059;7247;200
3731;Totaal over alle leeftijden;Mannen en vrouwen;Apeldoorn;2021;159928;132436;12961;4656;8305;14531;7083;7448;200
3732;Totaal over alle leeftijden;Mannen en vrouwen;Apeldoorn;2022;160228;132407;12991;4642;8349;14830;7204;7626;200
3733;Totaal over alle leeftijden;Mannen en vrouwen;Apeldoorn;2023;160369;132220;13045;4687;8358;15104;7337;7767;200
3734;Totaal over alle leeftijden;Mannen en vrouwen;Apeldoorn;2024;160586;132205;13051;4713;8338;15330;7397;7933;200
3735;Totaal over alle leeftijden;Mannen en vrouwen;Apeldoorn;2025;160763;132065;13102;4760;8342;15596;7484;8112;200
3736;Totaal over alle leeftijden;Mannen en vrouwen;Apeldoorn;2026;161008;132023;13190;4800;8390;15795;7534;8261;200
3737;Totaal over alle leeftijden;Mannen en vrouwen;Apeldoorn;2027;161261;131929;13283;4844;8439;16049;7625;8424;200
3738;Totaal over alle leeftijden;Mannen en vrouwen;Apeldoorn;2028;161303;131784;13274;4827;8447;16245;7716;8529;200
3739;Totaal over alle leeftijden;Mannen en vrouwen;Apeldoorn;2029;161239;131518;13325;4862;8463;16396;7787;8609;200
3740;Totaal over alle leeftijden;Mannen en vrouwen;Apeldoorn;2030;161187;131197;13368;4898;8470;16622;7869;8753;200
3741;Totaal over alle leeftijden;Mannen en vrouwen;Apeldoorn;2031;161134;130856;13438;4929;8509;16840;7952;8888;200
3742;Totaal over alle leeftijden;Mannen en vrouwen;Apeldoorn;2032;160995;130519;13463;4956;8507;17013;8023;8990;200
3743;Totaal over alle leeftijden;Mannen en vrouwen;Apeldoorn;2033;160828;130125;13527;5001;8526;17176;8030;9146;200
3744;Totaal over alle leeftijden;Mannen en vrouwen;Apeldoorn;2034;160768;129723;13583;5035;8548;17462;8129;9333;200
3745;Totaal over alle leeftijden;Mannen en vrouwen;Apeldoorn;2035;160603;129293;13623;5101;8522;17687;8201;9486;200
3746;Totaal over alle leeftijden;Mannen en vrouwen;Apeldoorn;2036;160218;128718;13680;5141;8539;17820;8257;9563;200
3747;Totaal over alle leeftijden;Mannen en vrouwen;Apeldoorn;2037;160084;128399;13722;5177;8545;17963;8325;9638;200
3748;Totaal over alle leeftijden;Mannen en vrouwen;Apeldoorn;2038;159643;127841;13740;5194;8546;18062;8297;9765;200
3749;Totaal over alle leeftijden;Mannen en vrouwen;Apeldoorn;2039;159263;127263;13749;5222;8527;18251;8311;9940;200
3750;Totaal over alle leeftijden;Mannen en vrouwen;Apeldoorn;2040;158847;126684;13729;5222;8507;18434;8371;10063;200
3751;Totaal over alle leeftijden;Mannen en vrouwen;Appingedam;2010;11975;10407;936;376;560;632;338;294;3
3752;Totaal over alle leeftijden;Mannen en vrouwen;Appingedam;2011;11930;10320;950;379;571;660;347;313;3
3753;Totaal over alle leeftijden;Mannen en vrouwen;Appingedam;2012;11871;10242;938;365;573;691;369;322;3
3754;Totaal over alle leeftijden;Mannen en vrouwen;Appingedam;2013;11866;10209;941;365;576;716;377;339;3
3755;Totaal over alle leeftijden;Mannen en vrouwen;Appingedam;2014;11826;10121;942;367;575;763;398;365;3
3756;Totaal over alle leeftijden;Mannen en vrouwen;Appingedam;2015;11794;10063;938;360;578;793;408;385;3
3757;Totaal over alle leeftijden;Mannen en vrouwen;Appingedam;2016;11754;10016;938;354;584;800;410;390;3
3758;Totaal over alle leeftijden;Mannen en vrouwen;Appingedam;2017;11698;9929;927;348;579;842;432;410;3
3759;Totaal over alle leeftijden;Mannen en vrouwen;Appingedam;2018;11681;9864;949;352;597;868;449;419;3
3760;Totaal over alle leeftijden;Mannen en vrouwen;Appingedam;2019;11627;9794;941;348;593;892;458;434;3
3761;Totaal over alle leeftijden;Mannen en vrouwen;Appingedam;2020;11589;9708;953;356;597;928;476;452;3
3762;Totaal over alle leeftijden;Mannen en vrouwen;Appingedam;2021;11509;9615;948;355;593;946;493;453;3
3763;Totaal over alle leeftijden;Mannen en vrouwen;Appingedam;2022;11444;9531;952;360;592;961;505;456;3
3764;Totaal over alle leeftijden;Mannen en vrouwen;Appingedam;2023;11401;9466;950;357;593;985;508;477;3
3765;Totaal over alle leeftijden;Mannen en vrouwen;Appingedam;2024;11340;9382;947;354;593;1011;520;491;3
3766;Totaal over alle leeftijden;Mannen en vrouwen;Appingedam;2025;11321;9332;958;367;591;1031;520;511;3
3767;Totaal over alle leeftijden;Mannen en vrouwen;Appingedam;2026;11278;9266;958;367;591;1054;527;527;3
3768;Totaal over alle leeftijden;Mannen en vrouwen;Appingedam;2027;11205;9178;946;364;582;1081;536;545;3
3769;Totaal over alle leeftijden;Mannen en vrouwen;Appingedam;2028;11166;9098;947;363;584;1121;557;564;3
3770;Totaal over alle leeftijden;Mannen en vrouwen;Appingedam;2029;11084;9003;951;366;585;1130;570;560;3
3771;Totaal over alle leeftijden;Mannen en vrouwen;Appingedam;2030;11000;8916;932;352;580;1152;590;562;3
3772;Totaal over alle leeftijden;Mannen en vrouwen;Appingedam;2031;10926;8838;912;345;567;1176;604;572;3
3773;Totaal over alle leeftijden;Mannen en vrouwen;Appingedam;2032;10838;8742;905;343;562;1191;607;584;3
3774;Totaal over alle leeftijden;Mannen en vrouwen;Appingedam;2033;10777;8664;901;344;557;1212;622;590;3
3775;Totaal over alle leeftijden;Mannen en vrouwen;Appingedam;2034;10711;8576;903;346;557;1232;629;603;3
3776;Totaal over alle leeftijden;Mannen en vrouwen;Appingedam;2035;10637;8480;906;340;566;1251;639;612;3
3777;Totaal over alle leeftijden;Mannen en vrouwen;Appingedam;2036;10550;8398;896;334;562;1256;638;618;3
3778;Totaal over alle leeftijden;Mannen en vrouwen;Appingedam;2037;10499;8334;901;337;564;1264;637;627;3
3779;Totaal over alle leeftijden;Mannen en vrouwen;Appingedam;2038;10436;8258;898;330;568;1280;655;625;3
3780;Totaal over alle leeftijden;Mannen en vrouwen;Appingedam;2039;10383;8184;907;331;576;1292;658;634;3
3781;Totaal over alle leeftijden;Mannen en vrouwen;Appingedam;2040;10336;8136;909;335;574;1291;643;648;3
3782;Totaal over alle leeftijden;Mannen en vrouwen;Arcen en Velden;2010;8857;7527;1147;386;761;183;100;83;885
3783;Totaal over alle leeftijden;Mannen en vrouwen;Arcen en Velden;2011;8856;7498;1136;372;764;222;120;102;885
3784;Totaal over alle leeftijden;Mannen en vrouwen;Arcen en Velden;2012;8824;7439;1118;355;763;267;134;133;885
3785;Totaal over alle leeftijden;Mannen en vrouwen;Arcen en Velden;2013;8809;7398;1113;352;761;298;143;155;885
3786;Totaal over alle leeftijden;Mannen en vrouwen;Arcen en Velden;2014;8808;7360;1098;338;760;350;161;189;885
3787;Totaal over alle leeftijden;Mannen en vrouwen;Arcen en Velden;2015;8765;7285;1095;325;770;385;175;210;885
3788;Totaal over alle leeftijden;Mannen en vrouwen;Arcen en Velden;2016;8760;7260;1075;311;764;425;188;237;885
3789;Totaal over alle leeftijden;Mannen en vrouwen;Arcen en Velden;2017;8753;7208;1086;324;762;459;201;258;885
3790;Totaal over alle leeftijden;Mannen en vrouwen;Arcen en Velden;2018;8768;7201;1072;304;768;495;216;279;885
3791;Totaal over alle leeftijden;Mannen en vrouwen;Arcen en Velden;2019;8757;7169;1070;291;779;518;216;302;885
3792;Totaal over alle leeftijden;Mannen en vrouwen;Arcen en Velden;2020;8746;7133;1063;289;774;550;227;323;885
3793;Totaal over alle leeftijden;Mannen en vrouwen;Arcen en Velden;2021;8738;7086;1055;288;767;597;250;347;885
3794;Totaal over alle leeftijden;Mannen en vrouwen;Arcen en Velden;2022;8723;7060;1036;282;754;627;264;363;885
3795;Totaal over alle leeftijden;Mannen en vrouwen;Arcen en Velden;2023;8745;7054;1036;289;747;655;278;377;885
3796;Totaal over alle leeftijden;Mannen en vrouwen;Arcen en Velden;2024;8764;7054;1013;272;741;697;303;394;885
3797;Totaal over alle leeftijden;Mannen en vrouwen;Arcen en Velden;2025;8765;7024;1013;264;749;728;316;412;885
3798;Totaal over alle leeftijden;Mannen en vrouwen;Arcen en Velden;2026;8746;6990;997;255;742;759;323;436;885
3799;Totaal over alle leeftijden;Mannen en vrouwen;Arcen en Velden;2027;8729;6956;998;266;732;775;336;439;885
3800;Totaal over alle leeftijden;Mannen en vrouwen;Arcen en Velden;2028;8715;6924;994;261;733;797;340;457;885
3801;Totaal over alle leeftijden;Mannen en vrouwen;Arcen en Velden;2029;8692;6883;978;254;724;831;350;481;885
3802;Totaal over alle leeftijden;Mannen en vrouwen;Arcen en Velden;2030;8688;6856;975;254;721;857;359;498;885
3803;Totaal over alle leeftijden;Mannen en vrouwen;Arcen en Velden;2031;8694;6833;964;252;712;897;381;516;885
3804;Totaal over alle leeftijden;Mannen en vrouwen;Arcen en Velden;2032;8691;6804;951;256;695;936;399;537;885
3805;Totaal over alle leeftijden;Mannen en vrouwen;Arcen en Velden;2033;8686;6785;942;253;689;959;403;556;885
3806;Totaal over alle leeftijden;Mannen en vrouwen;Arcen en Velden;2034;8678;6765;920;237;683;993;424;569;885
3807;Totaal over alle leeftijden;Mannen en vrouwen;Arcen en Velden;2035;8706;6763;907;227;680;1036;438;598;885
3808;Totaal over alle leeftijden;Mannen en vrouwen;Arcen en Velden;2036;8700;6735;888;212;676;1077;458;619;885
3809;Totaal over alle leeftijden;Mannen en vrouwen;Arcen en Velden;2037;8707;6706;881;209;672;1120;480;640;885
3810;Totaal over alle leeftijden;Mannen en vrouwen;Arcen en Velden;2038;8719;6683;880;206;674;1156;489;667;885
3811;Totaal over alle leeftijden;Mannen en vrouwen;Arcen en Velden;2039;8693;6666;873;202;671;1154;490;664;885
3812;Totaal over alle leeftijden;Mannen en vrouwen;Arcen en Velden;2040;8685;6625;873;209;664;1187;513;674;885
3813;Totaal over alle leeftijden;Mannen en vrouwen;Arnhem;2010;146161;104750;16657;6867;9790;24754;14706;10048;202
3814;Totaal over alle leeftijden;Mannen en vrouwen;Arnhem;2011;147165;106038;16641;6928;9713;24486;14531;9955;202
3815;Totaal over alle leeftijden;Mannen en vrouwen;Arnhem;2012;147949;106966;16714;7022;9692;24269;14388;9881;202
3816;Totaal over alle leeftijden;Mannen en vrouwen;Arnhem;2013;148636;107900;16681;7041;9640;24055;14253;9802;202
3817;Totaal over alle leeftijden;Mannen en vrouwen;Arnhem;2014;149250;108727;16752;7113;9639;23771;14071;9700;202
3818;Totaal over alle leeftijden;Mannen en vrouwen;Arnhem;2015;149917;109529;16836;7171;9665;23552;13995;9557;202
3819;Totaal over alle leeftijden;Mannen en vrouwen;Arnhem;2016;150316;110250;16771;7146;9625;23295;13894;9401;202
3820;Totaal over alle leeftijden;Mannen en vrouwen;Arnhem;2017;150702;110829;16713;7155;9558;23160;13815;9345;202
3821;Totaal over alle leeftijden;Mannen en vrouwen;Arnhem;2018;150963;111290;16574;7131;9443;23099;13828;9271;202
3822;Totaal over alle leeftijden;Mannen en vrouwen;Arnhem;2019;151351;111763;16475;7086;9389;23113;13862;9251;202
3823;Totaal over alle leeftijden;Mannen en vrouwen;Arnhem;2020;151612;112139;16467;7108;9359;23006;13808;9198;202
3824;Totaal over alle leeftijden;Mannen en vrouwen;Arnhem;2021;151981;112532;16433;7125;9308;23016;13774;9242;202
3825;Totaal over alle leeftijden;Mannen en vrouwen;Arnhem;2022;152317;113049;16317;7112;9205;22951;13715;9236;202
3826;Totaal over alle leeftijden;Mannen en vrouwen;Arnhem;2023;152614;113309;16285;7143;9142;23020;13682;9338;202
3827;Totaal over alle leeftijden;Mannen en vrouwen;Arnhem;2024;152949;113541;16207;7184;9023;23201;13653;9548;202
3828;Totaal over alle leeftijden;Mannen en vrouwen;Arnhem;2025;153102;113655;16224;7235;8989;23223;13700;9523;202
3829;Totaal over alle leeftijden;Mannen en vrouwen;Arnhem;2026;153325;113836;16253;7322;8931;23236;13687;9549;202
3830;Totaal over alle leeftijden;Mannen en vrouwen;Arnhem;2027;153454;113898;16119;7297;8822;23437;13798;9639;202
3831;Totaal over alle leeftijden;Mannen en vrouwen;Arnhem;2028;153442;113923;16067;7281;8786;23452;13740;9712;202
3832;Totaal over alle leeftijden;Mannen en vrouwen;Arnhem;2029;153552;113950;16038;7278;8760;23564;13807;9757;202
3833;Totaal over alle leeftijden;Mannen en vrouwen;Arnhem;2030;153495;113883;16015;7339;8676;23597;13782;9815;202
3834;Totaal over alle leeftijden;Mannen en vrouwen;Arnhem;2031;153488;113871;16019;7376;8643;23598;13666;9932;202
3835;Totaal over alle leeftijden;Mannen en vrouwen;Arnhem;2032;153380;113665;15932;7373;8559;23783;13654;10129;202
3836;Totaal over alle leeftijden;Mannen en vrouwen;Arnhem;2033;153190;113459;15917;7421;8496;23814;13561;10253;202
3837;Totaal over alle leeftijden;Mannen en vrouwen;Arnhem;2034;152889;113218;15875;7422;8453;23796;13486;10310;202
3838;Totaal over alle leeftijden;Mannen en vrouwen;Arnhem;2035;152657;112922;15915;7520;8395;23820;13411;10409;202
3839;Totaal over alle leeftijden;Mannen en vrouwen;Arnhem;2036;152357;112525;15883;7520;8363;23949;13450;10499;202
3840;Totaal over alle leeftijden;Mannen en vrouwen;Arnhem;2037;152153;112293;15858;7585;8273;24002;13413;10589;202
3841;Totaal over alle leeftijden;Mannen en vrouwen;Arnhem;2038;151793;111911;15878;7621;8257;24004;13275;10729;202
3842;Totaal over alle leeftijden;Mannen en vrouwen;Arnhem;2039;151393;111524;15842;7641;8201;24027;13248;10779;202
3843;Totaal over alle leeftijden;Mannen en vrouwen;Arnhem;2040;151097;111106;15922;7746;8176;24069;13215;10854;202
3844;Totaal over alle leeftijden;Mannen en vrouwen;Assen;2010;66962;57374;5362;2134;3228;4226;2375;1851;106
3845;Totaal over alle leeftijden;Mannen en vrouwen;Assen;2011;67525;57736;5379;2137;3242;4410;2420;1990;106
3846;Totaal over alle leeftijden;Mannen en vrouwen;Assen;2012;68058;58112;5376;2136;3240;4570;2482;2088;106
3847;Totaal over alle leeftijden;Mannen en vrouwen;Assen;2013;68561;58465;5353;2137;3216;4743;2563;2180;106
3848;Totaal over alle leeftijden;Mannen en vrouwen;Assen;2014;69313;59024;5356;2135;3221;4933;2642;2291;106
3849;Totaal over alle leeftijden;Mannen en vrouwen;Assen;2015;69900;59424;5365;2133;3232;5111;2713;2398;106
3850;Totaal over alle leeftijden;Mannen en vrouwen;Assen;2016;70491;59807;5391;2147;3244;5293;2800;2493;106
3851;Totaal over alle leeftijden;Mannen en vrouwen;Assen;2017;71174;60272;5396;2151;3245;5506;2892;2614;106
3852;Totaal over alle leeftijden;Mannen en vrouwen;Assen;2018;71737;60649;5342;2115;3227;5746;3012;2734;106
3853;Totaal over alle leeftijden;Mannen en vrouwen;Assen;2019;72314;60962;5367;2123;3244;5985;3154;2831;106
3854;Totaal over alle leeftijden;Mannen en vrouwen;Assen;2020;72956;61332;5417;2175;3242;6207;3247;2960;106
3855;Totaal over alle leeftijden;Mannen en vrouwen;Assen;2021;73525;61652;5432;2192;3240;6441;3361;3080;106
3856;Totaal over alle leeftijden;Mannen en vrouwen;Assen;2022;74012;61979;5406;2181;3225;6627;3454;3173;106
3857;Totaal over alle leeftijden;Mannen en vrouwen;Assen;2023;74535;62279;5418;2189;3229;6838;3559;3279;106
3858;Totaal over alle leeftijden;Mannen en vrouwen;Assen;2024;75000;62589;5387;2153;3234;7024;3645;3379;106
3859;Totaal over alle leeftijden;Mannen en vrouwen;Assen;2025;75496;62883;5422;2166;3256;7191;3709;3482;106
3860;Totaal over alle leeftijden;Mannen en vrouwen;Assen;2026;75936;63163;5436;2186;3250;7337;3760;3577;106
3861;Totaal over alle leeftijden;Mannen en vrouwen;Assen;2027;76411;63426;5460;2185;3275;7525;3832;3693;106
3862;Totaal over alle leeftijden;Mannen en vrouwen;Assen;2028;76727;63555;5479;2177;3302;7693;3903;3790;106
3863;Totaal over alle leeftijden;Mannen en vrouwen;Assen;2029;77149;63764;5481;2197;3284;7904;4001;3903;106
3864;Totaal over alle leeftijden;Mannen en vrouwen;Assen;2030;77467;63915;5467;2178;3289;8085;4087;3998;106
3865;Totaal over alle leeftijden;Mannen en vrouwen;Assen;2031;77830;64055;5480;2185;3295;8295;4182;4113;106
3866;Totaal over alle leeftijden;Mannen en vrouwen;Assen;2032;78114;64114;5505;2201;3304;8495;4290;4205;106
3867;Totaal over alle leeftijden;Mannen en vrouwen;Assen;2033;78407;64218;5530;2207;3323;8659;4357;4302;106
3868;Totaal over alle leeftijden;Mannen en vrouwen;Assen;2034;78704;64365;5507;2169;3338;8832;4431;4401;106
3869;Totaal over alle leeftijden;Mannen en vrouwen;Assen;2035;78876;64360;5493;2154;3339;9023;4528;4495;106
3870;Totaal over alle leeftijden;Mannen en vrouwen;Assen;2036;78984;64355;5495;2134;3361;9134;4565;4569;106
3871;Totaal over alle leeftijden;Mannen en vrouwen;Assen;2037;79073;64323;5474;2129;3345;9276;4668;4608;106
3872;Totaal over alle leeftijden;Mannen en vrouwen;Assen;2038;79182;64245;5465;2136;3329;9472;4725;4747;106
3873;Totaal over alle leeftijden;Mannen en vrouwen;Assen;2039;79277;64194;5459;2128;3331;9624;4760;4864;106
3874;Totaal over alle leeftijden;Mannen en vrouwen;Assen;2040;79298;64083;5450;2127;3323;9765;4803;4962;106
3875;Totaal over alle leeftijden;Mannen en vrouwen;Asten;2010;16500;15215;750;299;451;535;316;219;743
3876;Totaal over alle leeftijden;Mannen en vrouwen;Asten;2011;16437;15079;767;313;454;591;348;243;743
3877;Totaal over alle leeftijden;Mannen en vrouwen;Asten;2012;16493;15055;789;326;463;649;381;268;743
3878;Totaal over alle leeftijden;Mannen en vrouwen;Asten;2013;16566;15054;801;318;483;711;401;310;743
3879;Totaal over alle leeftijden;Mannen en vrouwen;Asten;2014;16639;15029;827;336;491;783;439;344;743
3880;Totaal over alle leeftijden;Mannen en vrouwen;Asten;2015;16740;15073;845;349;496;822;457;365;743
3881;Totaal over alle leeftijden;Mannen en vrouwen;Asten;2016;16820;15063;881;360;521;876;480;396;743
3882;Totaal over alle leeftijden;Mannen en vrouwen;Asten;2017;16836;14982;910;369;541;944;516;428;743
3883;Totaal over alle leeftijden;Mannen en vrouwen;Asten;2018;16899;14952;945;392;553;1002;534;468;743
3884;Totaal over alle leeftijden;Mannen en vrouwen;Asten;2019;16977;14925;982;398;584;1070;562;508;743
3885;Totaal over alle leeftijden;Mannen en vrouwen;Asten;2020;17051;14887;1040;427;613;1124;605;519;743
3886;Totaal over alle leeftijden;Mannen en vrouwen;Asten;2021;17105;14861;1076;437;639;1168;626;542;743
3887;Totaal over alle leeftijden;Mannen en vrouwen;Asten;2022;17183;14866;1106;457;649;1211;651;560;743
3888;Totaal over alle leeftijden;Mannen en vrouwen;Asten;2023;17260;14857;1120;462;658;1283;690;593;743
3889;Totaal over alle leeftijden;Mannen en vrouwen;Asten;2024;17365;14888;1161;476;685;1316;709;607;743
3890;Totaal over alle leeftijden;Mannen en vrouwen;Asten;2025;17473;14902;1224;510;714;1347;732;615;743
3891;Totaal over alle leeftijden;Mannen en vrouwen;Asten;2026;17550;14917;1244;521;723;1389;746;643;743
3892;Totaal over alle leeftijden;Mannen en vrouwen;Asten;2027;17628;14886;1315;566;749;1427;753;674;743
3893;Totaal over alle leeftijden;Mannen en vrouwen;Asten;2028;17724;14900;1360;579;781;1464;760;704;743
3894;Totaal over alle leeftijden;Mannen en vrouwen;Asten;2029;17799;14890;1404;596;808;1505;783;722;743
3895;Totaal over alle leeftijden;Mannen en vrouwen;Asten;2030;17856;14871;1429;611;818;1556;836;720;743
3896;Totaal over alle leeftijden;Mannen en vrouwen;Asten;2031;17950;14904;1434;606;828;1612;864;748;743
3897;Totaal over alle leeftijden;Mannen en vrouwen;Asten;2032;17964;14810;1464;630;834;1690;900;790;743
3898;Totaal over alle leeftijden;Mannen en vrouwen;Asten;2033;18004;14782;1486;636;850;1736;921;815;743
3899;Totaal over alle leeftijden;Mannen en vrouwen;Asten;2034;18035;14745;1530;664;866;1760;931;829;743
3900;Totaal over alle leeftijden;Mannen en vrouwen;Asten;2035;18078;14704;1552;661;891;1822;969;853;743
3901;Totaal over alle leeftijden;Mannen en vrouwen;Asten;2036;18119;14668;1574;669;905;1877;996;881;743
3902;Totaal over alle leeftijden;Mannen en vrouwen;Asten;2037;18160;14649;1607;682;925;1904;1011;893;743
3903;Totaal over alle leeftijden;Mannen en vrouwen;Asten;2038;18190;14624;1643;708;935;1923;1027;896;743
3904;Totaal over alle leeftijden;Mannen en vrouwen;Asten;2039;18206;14587;1670;725;945;1949;1037;912;743
3905;Totaal over alle leeftijden;Mannen en vrouwen;Asten;2040;18240;14551;1702;733;969;1987;1050;937;743
3906;Totaal over alle leeftijden;Mannen en vrouwen;Baarle-Nassau;2010;6791;5034;1610;602;1008;147;96;51;744
3907;Totaal over alle leeftijden;Mannen en vrouwen;Baarle-Nassau;2011;6775;4984;1621;611;1010;170;109;61;744
3908;Totaal over alle leeftijden;Mannen en vrouwen;Baarle-Nassau;2012;6782;4982;1609;607;1002;191;119;72;744
3909;Totaal over alle leeftijden;Mannen en vrouwen;Baarle-Nassau;2013;6815;5007;1595;605;990;213;130;83;744
3910;Totaal over alle leeftijden;Mannen en vrouwen;Baarle-Nassau;2014;6818;4977;1589;602;987;252;154;98;744
3911;Totaal over alle leeftijden;Mannen en vrouwen;Baarle-Nassau;2015;6898;5020;1599;612;987;279;164;115;744
3912;Totaal over alle leeftijden;Mannen en vrouwen;Baarle-Nassau;2016;6962;5049;1613;620;993;300;170;130;744
3913;Totaal over alle leeftijden;Mannen en vrouwen;Baarle-Nassau;2017;6997;5050;1619;623;996;328;181;147;744
3914;Totaal over alle leeftijden;Mannen en vrouwen;Baarle-Nassau;2018;6998;5038;1610;611;999;350;186;164;744
3915;Totaal over alle leeftijden;Mannen en vrouwen;Baarle-Nassau;2019;7032;5025;1619;614;1005;388;205;183;744
3916;Totaal over alle leeftijden;Mannen en vrouwen;Baarle-Nassau;2020;7063;5036;1639;629;1010;388;195;193;744
3917;Totaal over alle leeftijden;Mannen en vrouwen;Baarle-Nassau;2021;7103;5054;1638;627;1011;411;202;209;744
3918;Totaal over alle leeftijden;Mannen en vrouwen;Baarle-Nassau;2022;7097;5020;1636;614;1022;441;220;221;744
3919;Totaal over alle leeftijden;Mannen en vrouwen;Baarle-Nassau;2023;7150;5029;1635;611;1024;486;229;257;744
3920;Totaal over alle leeftijden;Mannen en vrouwen;Baarle-Nassau;2024;7173;5054;1609;601;1008;510;236;274;744
3921;Totaal over alle leeftijden;Mannen en vrouwen;Baarle-Nassau;2025;7227;5089;1608;603;1005;530;236;294;744
3922;Totaal over alle leeftijden;Mannen en vrouwen;Baarle-Nassau;2026;7255;5101;1610;621;989;544;240;304;744
3923;Totaal over alle leeftijden;Mannen en vrouwen;Baarle-Nassau;2027;7298;5136;1593;613;980;569;253;316;744
3924;Totaal over alle leeftijden;Mannen en vrouwen;Baarle-Nassau;2028;7293;5131;1575;587;988;587;260;327;744
3925;Totaal over alle leeftijden;Mannen en vrouwen;Baarle-Nassau;2029;7338;5182;1570;577;993;586;261;325;744
3926;Totaal over alle leeftijden;Mannen en vrouwen;Baarle-Nassau;2030;7363;5187;1569;572;997;607;282;325;744
3927;Totaal over alle leeftijden;Mannen en vrouwen;Baarle-Nassau;2031;7379;5192;1564;565;999;623;291;332;744
3928;Totaal over alle leeftijden;Mannen en vrouwen;Baarle-Nassau;2032;7434;5237;1564;566;998;633;288;345;744
3929;Totaal over alle leeftijden;Mannen en vrouwen;Baarle-Nassau;2033;7416;5224;1552;569;983;640;287;353;744
3930;Totaal over alle leeftijden;Mannen en vrouwen;Baarle-Nassau;2034;7483;5260;1550;572;978;673;302;371;744
3931;Totaal over alle leeftijden;Mannen en vrouwen;Baarle-Nassau;2035;7506;5281;1539;550;989;686;309;377;744
3932;Totaal over alle leeftijden;Mannen en vrouwen;Baarle-Nassau;2036;7517;5276;1536;546;990;705;323;382;744
3933;Totaal over alle leeftijden;Mannen en vrouwen;Baarle-Nassau;2037;7524;5251;1533;541;992;740;340;400;744
3934;Totaal over alle leeftijden;Mannen en vrouwen;Baarle-Nassau;2038;7550;5241;1532;545;987;777;360;417;744
3935;Totaal over alle leeftijden;Mannen en vrouwen;Baarle-Nassau;2039;7484;5170;1522;538;984;792;368;424;744
3936;Totaal over alle leeftijden;Mannen en vrouwen;Baarle-Nassau;2040;7474;5133;1524;532;992;817;379;438;744
3937;Totaal over alle leeftijden;Mannen en vrouwen;Baarn;2010;24488;20457;2270;764;1506;1761;951;810;308
3938;Totaal over alle leeftijden;Mannen en vrouwen;Baarn;2011;24479;20363;2294;771;1523;1822;974;848;308
3939;Totaal over alle leeftijden;Mannen en vrouwen;Baarn;2012;24494;20292;2304;764;1540;1898;1004;894;308
3940;Totaal over alle leeftijden;Mannen en vrouwen;Baarn;2013;24487;20228;2310;755;1555;1949;1014;935;308
3941;Totaal over alle leeftijden;Mannen en vrouwen;Baarn;2014;24501;20155;2295;741;1554;2051;1052;999;308
3942;Totaal over alle leeftijden;Mannen en vrouwen;Baarn;2015;24556;20109;2310;727;1583;2137;1081;1056;308
3943;Totaal over alle leeftijden;Mannen en vrouwen;Baarn;2016;24624;20074;2302;714;1588;2248;1125;1123;308
3944;Totaal over alle leeftijden;Mannen en vrouwen;Baarn;2017;24708;20018;2332;720;1612;2358;1169;1189;308
3945;Totaal over alle leeftijden;Mannen en vrouwen;Baarn;2018;24804;19980;2371;727;1644;2453;1205;1248;308
3946;Totaal over alle leeftijden;Mannen en vrouwen;Baarn;2019;24886;19960;2391;721;1670;2535;1217;1318;308
3947;Totaal over alle leeftijden;Mannen en vrouwen;Baarn;2020;24975;19949;2409;722;1687;2617;1262;1355;308
3948;Totaal over alle leeftijden;Mannen en vrouwen;Baarn;2021;25050;19924;2413;705;1708;2713;1318;1395;308
3949;Totaal over alle leeftijden;Mannen en vrouwen;Baarn;2022;25121;19955;2380;677;1703;2786;1344;1442;308
3950;Totaal over alle leeftijden;Mannen en vrouwen;Baarn;2023;25241;19945;2425;687;1738;2871;1380;1491;308
3951;Totaal over alle leeftijden;Mannen en vrouwen;Baarn;2024;25360;19940;2461;695;1766;2959;1414;1545;308
3952;Totaal over alle leeftijden;Mannen en vrouwen;Baarn;2025;25436;19890;2488;713;1775;3058;1460;1598;308
3953;Totaal over alle leeftijden;Mannen en vrouwen;Baarn;2026;25519;19876;2502;715;1787;3141;1487;1654;308
3954;Totaal over alle leeftijden;Mannen en vrouwen;Baarn;2027;25606;19902;2486;702;1784;3218;1543;1675;308
3955;Totaal over alle leeftijden;Mannen en vrouwen;Baarn;2028;25717;19917;2501;703;1798;3299;1563;1736;308
3956;Totaal over alle leeftijden;Mannen en vrouwen;Baarn;2029;25799;19894;2526;711;1815;3379;1606;1773;308
3957;Totaal over alle leeftijden;Mannen en vrouwen;Baarn;2030;25870;19884;2547;713;1834;3439;1608;1831;308
3958;Totaal over alle leeftijden;Mannen en vrouwen;Baarn;2031;26038;19900;2577;731;1846;3561;1645;1916;308
3959;Totaal over alle leeftijden;Mannen en vrouwen;Baarn;2032;26206;19937;2605;750;1855;3664;1674;1990;308
3960;Totaal over alle leeftijden;Mannen en vrouwen;Baarn;2033;26362;19966;2624;758;1866;3772;1709;2063;308
3961;Totaal over alle leeftijden;Mannen en vrouwen;Baarn;2034;26482;20016;2592;755;1837;3874;1756;2118;308
3962;Totaal over alle leeftijden;Mannen en vrouwen;Baarn;2035;26577;19998;2590;748;1842;3989;1801;2188;308
3963;Totaal over alle leeftijden;Mannen en vrouwen;Baarn;2036;26656;19987;2600;741;1859;4069;1839;2230;308
3964;Totaal over alle leeftijden;Mannen en vrouwen;Baarn;2037;26788;19979;2638;751;1887;4171;1894;2277;308
3965;Totaal over alle leeftijden;Mannen en vrouwen;Baarn;2038;26896;19984;2664;782;1882;4248;1911;2337;308
3966;Totaal over alle leeftijden;Mannen en vrouwen;Baarn;2039;26984;20003;2694;806;1888;4287;1938;2349;308
3967;Totaal over alle leeftijden;Mannen en vrouwen;Baarn;2040;27085;20017;2733;826;1907;4335;1953;2382;308
3968;Totaal over alle leeftijden;Mannen en vrouwen;Barendrecht;2010;46707;37609;3590;1209;2381;5508;2638;2870;489
3969;Totaal over alle leeftijden;Mannen en vrouwen;Barendrecht;2011;46925;37546;3756;1245;2511;5623;2691;2932;489
3970;Totaal over alle leeftijden;Mannen en vrouwen;Barendrecht;2012;47501;37647;3982;1267;2715;5872;2816;3056;489
3971;Totaal over alle leeftijden;Mannen en vrouwen;Barendrecht;2013;47844;37719;4091;1276;2815;6034;2861;3173;489
3972;Totaal over alle leeftijden;Mannen en vrouwen;Barendrecht;2014;48122;37699;4251;1312;2939;6172;2887;3285;489
3973;Totaal over alle leeftijden;Mannen en vrouwen;Barendrecht;2015;48227;37597;4353;1338;3015;6277;2965;3312;489
3974;Totaal over alle leeftijden;Mannen en vrouwen;Barendrecht;2016;48466;37653;4438;1348;3090;6375;3011;3364;489
3975;Totaal over alle leeftijden;Mannen en vrouwen;Barendrecht;2017;48358;37435;4484;1344;3140;6439;3063;3376;489
3976;Totaal over alle leeftijden;Mannen en vrouwen;Barendrecht;2018;48432;37342;4573;1346;3227;6517;3079;3438;489
3977;Totaal over alle leeftijden;Mannen en vrouwen;Barendrecht;2019;48499;37242;4644;1357;3287;6613;3132;3481;489
3978;Totaal over alle leeftijden;Mannen en vrouwen;Barendrecht;2020;48415;37110;4708;1339;3369;6597;3170;3427;489
3979;Totaal over alle leeftijden;Mannen en vrouwen;Barendrecht;2021;48387;36953;4744;1333;3411;6690;3233;3457;489
3980;Totaal over alle leeftijden;Mannen en vrouwen;Barendrecht;2022;48422;36776;4823;1348;3475;6823;3253;3570;489
3981;Totaal over alle leeftijden;Mannen en vrouwen;Barendrecht;2023;48402;36630;4902;1339;3563;6870;3290;3580;489
3982;Totaal over alle leeftijden;Mannen en vrouwen;Barendrecht;2024;48372;36479;4956;1330;3626;6937;3320;3617;489
3983;Totaal over alle leeftijden;Mannen en vrouwen;Barendrecht;2025;48232;36295;4994;1329;3665;6943;3361;3582;489
3984;Totaal over alle leeftijden;Mannen en vrouwen;Barendrecht;2026;48273;36207;5086;1367;3719;6980;3407;3573;489
3985;Totaal over alle leeftijden;Mannen en vrouwen;Barendrecht;2027;48098;36013;5118;1332;3786;6967;3412;3555;489
3986;Totaal over alle leeftijden;Mannen en vrouwen;Barendrecht;2028;48162;35919;5193;1358;3835;7050;3461;3589;489
3987;Totaal over alle leeftijden;Mannen en vrouwen;Barendrecht;2029;48152;35851;5201;1350;3851;7100;3507;3593;489
3988;Totaal over alle leeftijden;Mannen en vrouwen;Barendrecht;2030;48201;35778;5213;1325;3888;7210;3525;3685;489
3989;Totaal over alle leeftijden;Mannen en vrouwen;Barendrecht;2031;48091;35652;5240;1301;3939;7199;3539;3660;489
3990;Totaal over alle leeftijden;Mannen en vrouwen;Barendrecht;2032;48098;35476;5327;1326;4001;7295;3558;3737;489
3991;Totaal over alle leeftijden;Mannen en vrouwen;Barendrecht;2033;47974;35327;5339;1331;4008;7308;3568;3740;489
3992;Totaal over alle leeftijden;Mannen en vrouwen;Barendrecht;2034;47839;35138;5365;1344;4021;7336;3586;3750;489
3993;Totaal over alle leeftijden;Mannen en vrouwen;Barendrecht;2035;47772;35004;5378;1352;4026;7390;3600;3790;489
3994;Totaal over alle leeftijden;Mannen en vrouwen;Barendrecht;2036;47723;34881;5415;1353;4062;7427;3591;3836;489
3995;Totaal over alle leeftijden;Mannen en vrouwen;Barendrecht;2037;47611;34752;5417;1344;4073;7442;3590;3852;489
3996;Totaal over alle leeftijden;Mannen en vrouwen;Barendrecht;2038;47604;34645;5447;1348;4099;7512;3594;3918;489
3997;Totaal over alle leeftijden;Mannen en vrouwen;Barendrecht;2039;47538;34501;5496;1363;4133;7541;3598;3943;489
3998;Totaal over alle leeftijden;Mannen en vrouwen;Barendrecht;2040;47406;34305;5584;1381;4203;7517;3577;3940;489
3999;Totaal over alle leeftijden;Mannen en vrouwen;Barneveld;2010;51109;46748;2209;858;1351;2152;1229;923;203
4000;Totaal over alle leeftijden;Mannen en vrouwen;Barneveld;2011;51390;46756;2275;893;1382;2359;1327;1032;203
4001;Totaal over alle leeftijden;Mannen en vrouwen;Barneveld;2012;51527;46614;2344;923;1421;2569;1415;1154;203
4002;Totaal over alle leeftijden;Mannen en vrouwen;Barneveld;2013;51845;46638;2421;955;1466;2786;1501;1285;203
4003;Totaal over alle leeftijden;Mannen en vrouwen;Barneveld;2014;52249;46753;2492;962;1530;3004;1601;1403;203
4004;Totaal over alle leeftijden;Mannen en vrouwen;Barneveld;2015;52501;46712;2574;1008;1566;3215;1702;1513;203
4005;Totaal over alle leeftijden;Mannen en vrouwen;Barneveld;2016;52821;46715;2680;1051;1629;3426;1785;1641;203
4006;Totaal over alle leeftijden;Mannen en vrouwen;Barneveld;2017;53248;46828;2735;1066;1669;3685;1888;1797;203
4007;Totaal over alle leeftijden;Mannen en vrouwen;Barneveld;2018;53714;46932;2855;1118;1737;3927;1971;1956;203
4008;Totaal over alle leeftijden;Mannen en vrouwen;Barneveld;2019;54061;46931;2947;1147;1800;4183;2113;2070;203
4009;Totaal over alle leeftijden;Mannen en vrouwen;Barneveld;2020;54499;47072;3017;1175;1842;4410;2230;2180;203
4010;Totaal over alle leeftijden;Mannen en vrouwen;Barneveld;2021;54906;47124;3111;1204;1907;4671;2329;2342;203
4011;Totaal over alle leeftijden;Mannen en vrouwen;Barneveld;2022;55258;47126;3239;1252;1987;4893;2451;2442;203
4012;Totaal over alle leeftijden;Mannen en vrouwen;Barneveld;2023;55647;47161;3336;1291;2045;5150;2597;2553;203
4013;Totaal over alle leeftijden;Mannen en vrouwen;Barneveld;2024;56077;47289;3409;1324;2085;5379;2720;2659;203
4014;Totaal over alle leeftijden;Mannen en vrouwen;Barneveld;2025;56488;47400;3527;1359;2168;5561;2809;2752;203
4015;Totaal over alle leeftijden;Mannen en vrouwen;Barneveld;2026;56879;47493;3603;1370;2233;5783;2924;2859;203
4016;Totaal over alle leeftijden;Mannen en vrouwen;Barneveld;2027;57218;47560;3669;1387;2282;5989;3007;2982;203
4017;Totaal over alle leeftijden;Mannen en vrouwen;Barneveld;2028;57431;47586;3706;1379;2327;6139;3073;3066;203
4018;Totaal over alle leeftijden;Mannen en vrouwen;Barneveld;2029;57648;47581;3762;1400;2362;6305;3139;3166;203
4019;Totaal over alle leeftijden;Mannen en vrouwen;Barneveld;2030;58026;47683;3844;1442;2402;6499;3204;3295;203
4020;Totaal over alle leeftijden;Mannen en vrouwen;Barneveld;2031;58234;47670;3916;1477;2439;6648;3250;3398;203
4021;Totaal over alle leeftijden;Mannen en vrouwen;Barneveld;2032;58518;47682;4018;1514;2504;6818;3325;3493;203
4022;Totaal over alle leeftijden;Mannen en vrouwen;Barneveld;2033;58720;47647;4087;1539;2548;6986;3371;3615;203
4023;Totaal over alle leeftijden;Mannen en vrouwen;Barneveld;2034;58833;47568;4135;1569;2566;7130;3438;3692;203
4024;Totaal over alle leeftijden;Mannen en vrouwen;Barneveld;2035;59031;47525;4190;1585;2605;7316;3524;3792;203
4025;Totaal over alle leeftijden;Mannen en vrouwen;Barneveld;2036;59212;47506;4270;1621;2649;7436;3578;3858;203
4026;Totaal over alle leeftijden;Mannen en vrouwen;Barneveld;2037;59157;47231;4323;1642;2681;7603;3666;3937;203
4027;Totaal over alle leeftijden;Mannen en vrouwen;Barneveld;2038;59197;47092;4365;1670;2695;7740;3736;4004;203
4028;Totaal over alle leeftijden;Mannen en vrouwen;Barneveld;2039;59140;46871;4391;1688;2703;7878;3841;4037;203
4029;Totaal over alle leeftijden;Mannen en vrouwen;Barneveld;2040;59221;46777;4432;1692;2740;8012;3901;4111;203
4030;Totaal over alle leeftijden;Mannen en vrouwen;Bedum;2010;10273;9602;431;136;295;240;148;92;5
4031;Totaal over alle leeftijden;Mannen en vrouwen;Bedum;2011;10287;9569;439;146;293;279;171;108;5
4032;Totaal over alle leeftijden;Mannen en vrouwen;Bedum;2012;10257;9505;443;154;289;309;185;124;5
4033;Totaal over alle leeftijden;Mannen en vrouwen;Bedum;2013;10227;9447;440;154;286;340;195;145;5
4034;Totaal over alle leeftijden;Mannen en vrouwen;Bedum;2014;10229;9392;452;163;289;385;217;168;5
4035;Totaal over alle leeftijden;Mannen en vrouwen;Bedum;2015;10192;9293;468;174;294;431;244;187;5
4036;Totaal over alle leeftijden;Mannen en vrouwen;Bedum;2016;10152;9215;461;173;288;476;267;209;5
4037;Totaal over alle leeftijden;Mannen en vrouwen;Bedum;2017;10147;9150;474;190;284;523;293;230;5
4038;Totaal over alle leeftijden;Mannen en vrouwen;Bedum;2018;10151;9113;484;196;288;554;312;242;5
4039;Totaal over alle leeftijden;Mannen en vrouwen;Bedum;2019;10124;9054;483;197;286;587;333;254;5
4040;Totaal over alle leeftijden;Mannen en vrouwen;Bedum;2020;10145;9050;473;187;286;622;358;264;5
4041;Totaal over alle leeftijden;Mannen en vrouwen;Bedum;2021;10173;9028;482;189;293;663;391;272;5
4042;Totaal over alle leeftijden;Mannen en vrouwen;Bedum;2022;10193;9022;486;195;291;685;385;300;5
4043;Totaal over alle leeftijden;Mannen en vrouwen;Bedum;2023;10254;9034;497;208;289;723;401;322;5
4044;Totaal over alle leeftijden;Mannen en vrouwen;Bedum;2024;10315;9054;498;202;296;763;417;346;5
4045;Totaal over alle leeftijden;Mannen en vrouwen;Bedum;2025;10363;9073;500;204;296;790;426;364;5
4046;Totaal over alle leeftijden;Mannen en vrouwen;Bedum;2026;10363;9034;499;213;286;830;434;396;5
4047;Totaal over alle leeftijden;Mannen en vrouwen;Bedum;2027;10372;9001;500;214;286;871;450;421;5
4048;Totaal over alle leeftijden;Mannen en vrouwen;Bedum;2028;10427;9005;506;215;291;916;470;446;5
4049;Totaal over alle leeftijden;Mannen en vrouwen;Bedum;2029;10460;8993;517;224;293;950;484;466;5
4050;Totaal over alle leeftijden;Mannen en vrouwen;Bedum;2030;10486;8978;526;229;297;982;491;491;5
4051;Totaal over alle leeftijden;Mannen en vrouwen;Bedum;2031;10502;8957;527;236;291;1018;510;508;5
4052;Totaal over alle leeftijden;Mannen en vrouwen;Bedum;2032;10515;8919;533;240;293;1063;527;536;5
4053;Totaal over alle leeftijden;Mannen en vrouwen;Bedum;2033;10551;8919;528;237;291;1104;545;559;5
4054;Totaal over alle leeftijden;Mannen en vrouwen;Bedum;2034;10546;8905;523;241;282;1118;547;571;5
4055;Totaal over alle leeftijden;Mannen en vrouwen;Bedum;2035;10552;8877;529;241;288;1146;559;587;5
4056;Totaal over alle leeftijden;Mannen en vrouwen;Bedum;2036;10554;8851;527;237;290;1176;574;602;5
4057;Totaal over alle leeftijden;Mannen en vrouwen;Bedum;2037;10565;8832;547;244;303;1186;574;612;5
4058;Totaal over alle leeftijden;Mannen en vrouwen;Bedum;2038;10573;8792;564;255;309;1217;587;630;5
4059;Totaal over alle leeftijden;Mannen en vrouwen;Bedum;2039;10559;8746;564;255;309;1249;597;652;5
4060;Totaal over alle leeftijden;Mannen en vrouwen;Bedum;2040;10550;8705;557;256;301;1288;622;666;5
4061;Totaal over alle leeftijden;Mannen en vrouwen;Beek (L.);2010;16748;14416;1715;501;1214;617;360;257;888
4062;Totaal over alle leeftijden;Mannen en vrouwen;Beek (L.);2011;16709;14315;1706;504;1202;688;380;308;888
4063;Totaal over alle leeftijden;Mannen en vrouwen;Beek (L.);2012;16662;14265;1654;490;1164;743;409;334;888
4064;Totaal over alle leeftijden;Mannen en vrouwen;Beek (L.);2013;16646;14202;1632;481;1151;812;441;371;888
4065;Totaal over alle leeftijden;Mannen en vrouwen;Beek (L.);2014;16532;14067;1597;475;1122;868;462;406;888
4066;Totaal over alle leeftijden;Mannen en vrouwen;Beek (L.);2015;16481;13998;1549;452;1097;934;494;440;888
4067;Totaal over alle leeftijden;Mannen en vrouwen;Beek (L.);2016;16460;13944;1521;445;1076;995;524;471;888
4068;Totaal over alle leeftijden;Mannen en vrouwen;Beek (L.);2017;16413;13865;1499;440;1059;1049;550;499;888
4069;Totaal over alle leeftijden;Mannen en vrouwen;Beek (L.);2018;16308;13730;1470;417;1053;1108;564;544;888
4070;Totaal over alle leeftijden;Mannen en vrouwen;Beek (L.);2019;16270;13617;1487;439;1048;1166;580;586;888
4071;Totaal over alle leeftijden;Mannen en vrouwen;Beek (L.);2020;16209;13521;1464;436;1028;1224;612;612;888
4072;Totaal over alle leeftijden;Mannen en vrouwen;Beek (L.);2021;16175;13451;1442;432;1010;1282;639;643;888
4073;Totaal over alle leeftijden;Mannen en vrouwen;Beek (L.);2022;16124;13356;1426;442;984;1342;658;684;888
4074;Totaal over alle leeftijden;Mannen en vrouwen;Beek (L.);2023;15994;13223;1384;427;957;1387;683;704;888
4075;Totaal over alle leeftijden;Mannen en vrouwen;Beek (L.);2024;15879;13106;1360;421;939;1413;706;707;888
4076;Totaal over alle leeftijden;Mannen en vrouwen;Beek (L.);2025;15772;12999;1336;414;922;1437;727;710;888
4077;Totaal over alle leeftijden;Mannen en vrouwen;Beek (L.);2026;15734;12939;1316;401;915;1479;747;732;888
4078;Totaal over alle leeftijden;Mannen en vrouwen;Beek (L.);2027;15699;12855;1301;404;897;1543;771;772;888
4079;Totaal over alle leeftijden;Mannen en vrouwen;Beek (L.);2028;15626;12777;1288;397;891;1561;788;773;888
4080;Totaal over alle leeftijden;Mannen en vrouwen;Beek (L.);2029;15542;12662;1272;389;883;1608;804;804;888
4081;Totaal over alle leeftijden;Mannen en vrouwen;Beek (L.);2030;15486;12581;1265;395;870;1640;819;821;888
4082;Totaal over alle leeftijden;Mannen en vrouwen;Beek (L.);2031;15463;12556;1242;388;854;1665;828;837;888
4083;Totaal over alle leeftijden;Mannen en vrouwen;Beek (L.);2032;15413;12474;1225;390;835;1714;838;876;888
4084;Totaal over alle leeftijden;Mannen en vrouwen;Beek (L.);2033;15324;12379;1189;383;806;1756;858;898;888
4085;Totaal over alle leeftijden;Mannen en vrouwen;Beek (L.);2034;15239;12284;1183;384;799;1772;844;928;888
4086;Totaal over alle leeftijden;Mannen en vrouwen;Beek (L.);2035;15182;12220;1186;398;788;1776;837;939;888
4087;Totaal over alle leeftijden;Mannen en vrouwen;Beek (L.);2036;15078;12149;1148;379;769;1781;845;936;888
4088;Totaal over alle leeftijden;Mannen en vrouwen;Beek (L.);2037;14995;12030;1127;371;756;1838;877;961;888
4089;Totaal over alle leeftijden;Mannen en vrouwen;Beek (L.);2038;14886;11918;1119;364;755;1849;887;962;888
4090;Totaal over alle leeftijden;Mannen en vrouwen;Beek (L.);2039;14816;11837;1115;368;747;1864;890;974;888
4091;Totaal over alle leeftijden;Mannen en vrouwen;Beek (L.);2040;14665;11698;1097;361;736;1870;896;974;888
4092;Totaal over alle leeftijden;Mannen en vrouwen;Beemster;2010;8454;7651;528;178;350;275;151;124;370
4093;Totaal over alle leeftijden;Mannen en vrouwen;Beemster;2011;8462;7575;551;189;362;336;179;157;370
4094;Totaal over alle leeftijden;Mannen en vrouwen;Beemster;2012;8465;7532;557;193;364;376;186;190;370
4095;Totaal over alle leeftijden;Mannen en vrouwen;Beemster;2013;8446;7459;566;203;363;421;201;220;370
4096;Totaal over alle leeftijden;Mannen en vrouwen;Beemster;2014;8455;7417;579;211;368;459;219;240;370
4097;Totaal over alle leeftijden;Mannen en vrouwen;Beemster;2015;8497;7394;595;214;381;508;241;267;370
4098;Totaal over alle leeftijden;Mannen en vrouwen;Beemster;2016;8506;7356;601;213;388;549;255;294;370
4099;Totaal over alle leeftijden;Mannen en vrouwen;Beemster;2017;8513;7317;611;225;386;585;264;321;370
4100;Totaal over alle leeftijden;Mannen en vrouwen;Beemster;2018;8545;7273;633;230;403;639;278;361;370
4101;Totaal over alle leeftijden;Mannen en vrouwen;Beemster;2019;8560;7242;653;233;420;665;286;379;370
4102;Totaal over alle leeftijden;Mannen en vrouwen;Beemster;2020;8588;7229;680;242;438;679;292;387;370
4103;Totaal over alle leeftijden;Mannen en vrouwen;Beemster;2021;8594;7203;697;255;442;694;298;396;370
4104;Totaal over alle leeftijden;Mannen en vrouwen;Beemster;2022;8644;7212;711;257;454;721;310;411;370
4105;Totaal over alle leeftijden;Mannen en vrouwen;Beemster;2023;8708;7212;733;266;467;763;323;440;370
4106;Totaal over alle leeftijden;Mannen en vrouwen;Beemster;2024;8737;7192;744;283;461;801;327;474;370
4107;Totaal over alle leeftijden;Mannen en vrouwen;Beemster;2025;8847;7230;764;299;465;853;348;505;370
4108;Totaal over alle leeftijden;Mannen en vrouwen;Beemster;2026;8830;7182;765;304;461;883;354;529;370
4109;Totaal over alle leeftijden;Mannen en vrouwen;Beemster;2027;8908;7183;786;316;470;939;375;564;370
4110;Totaal over alle leeftijden;Mannen en vrouwen;Beemster;2028;8941;7172;792;324;468;977;390;587;370
4111;Totaal over alle leeftijden;Mannen en vrouwen;Beemster;2029;9031;7206;807;328;479;1018;400;618;370
4112;Totaal over alle leeftijden;Mannen en vrouwen;Beemster;2030;9082;7225;822;337;485;1035;393;642;370
4113;Totaal over alle leeftijden;Mannen en vrouwen;Beemster;2031;9136;7240;838;353;485;1058;408;650;370
4114;Totaal over alle leeftijden;Mannen en vrouwen;Beemster;2032;9162;7213;843;362;481;1106;428;678;370
4115;Totaal over alle leeftijden;Mannen en vrouwen;Beemster;2033;9160;7138;870;366;504;1152;451;701;370
4116;Totaal over alle leeftijden;Mannen en vrouwen;Beemster;2034;9196;7134;885;369;516;1177;460;717;370
4117;Totaal over alle leeftijden;Mannen en vrouwen;Beemster;2035;9218;7131;879;368;511;1208;456;752;370
4118;Totaal over alle leeftijden;Mannen en vrouwen;Beemster;2036;9264;7120;898;380;518;1246;469;777;370
4119;Totaal over alle leeftijden;Mannen en vrouwen;Beemster;2037;9323;7143;907;387;520;1273;481;792;370
4120;Totaal over alle leeftijden;Mannen en vrouwen;Beemster;2038;9301;7102;913;403;510;1286;478;808;370
4121;Totaal over alle leeftijden;Mannen en vrouwen;Beemster;2039;9341;7069;931;414;517;1341;493;848;370
4122;Totaal over alle leeftijden;Mannen en vrouwen;Beemster;2040;9349;7045;927;410;517;1377;512;865;370
4123;Totaal over alle leeftijden;Mannen en vrouwen;Beesel;2010;13892;11662;1525;480;1045;705;371;334;889
4124;Totaal over alle leeftijden;Mannen en vrouwen;Beesel;2011;13867;11597;1544;500;1044;726;375;351;889
4125;Totaal over alle leeftijden;Mannen en vrouwen;Beesel;2012;13905;11603;1563;518;1045;739;383;356;889
4126;Totaal over alle leeftijden;Mannen en vrouwen;Beesel;2013;13939;11568;1588;527;1061;783;401;382;889
4127;Totaal over alle leeftijden;Mannen en vrouwen;Beesel;2014;14000;11559;1616;539;1077;825;418;407;889
4128;Totaal over alle leeftijden;Mannen en vrouwen;Beesel;2015;14044;11539;1640;557;1083;865;437;428;889
4129;Totaal over alle leeftijden;Mannen en vrouwen;Beesel;2016;14111;11558;1661;564;1097;892;450;442;889
4130;Totaal over alle leeftijden;Mannen en vrouwen;Beesel;2017;14163;11546;1695;583;1112;922;453;469;889
4131;Totaal over alle leeftijden;Mannen en vrouwen;Beesel;2018;14217;11566;1701;587;1114;950;463;487;889
4132;Totaal over alle leeftijden;Mannen en vrouwen;Beesel;2019;14270;11580;1722;593;1129;968;471;497;889
4133;Totaal over alle leeftijden;Mannen en vrouwen;Beesel;2020;14338;11577;1736;591;1145;1025;494;531;889
4134;Totaal over alle leeftijden;Mannen en vrouwen;Beesel;2021;14399;11598;1759;598;1161;1042;508;534;889
4135;Totaal over alle leeftijden;Mannen en vrouwen;Beesel;2022;14451;11590;1775;601;1174;1086;530;556;889
4136;Totaal over alle leeftijden;Mannen en vrouwen;Beesel;2023;14512;11579;1802;619;1183;1131;563;568;889
4137;Totaal over alle leeftijden;Mannen en vrouwen;Beesel;2024;14544;11544;1814;631;1183;1186;601;585;889
4138;Totaal over alle leeftijden;Mannen en vrouwen;Beesel;2025;14599;11558;1819;633;1186;1222;627;595;889
4139;Totaal over alle leeftijden;Mannen en vrouwen;Beesel;2026;14627;11530;1834;643;1191;1263;650;613;889
4140;Totaal over alle leeftijden;Mannen en vrouwen;Beesel;2027;14637;11516;1838;646;1192;1283;647;636;889
4141;Totaal over alle leeftijden;Mannen en vrouwen;Beesel;2028;14624;11452;1849;651;1198;1323;654;669;889
4142;Totaal over alle leeftijden;Mannen en vrouwen;Beesel;2029;14649;11466;1851;658;1193;1332;651;681;889
4143;Totaal over alle leeftijden;Mannen en vrouwen;Beesel;2030;14671;11436;1852;652;1200;1383;676;707;889
4144;Totaal over alle leeftijden;Mannen en vrouwen;Beesel;2031;14696;11397;1876;666;1210;1423;691;732;889
4145;Totaal over alle leeftijden;Mannen en vrouwen;Beesel;2032;14707;11369;1899;691;1208;1439;690;749;889
4146;Totaal over alle leeftijden;Mannen en vrouwen;Beesel;2033;14728;11334;1918;691;1227;1476;719;757;889
4147;Totaal over alle leeftijden;Mannen en vrouwen;Beesel;2034;14724;11271;1941;704;1237;1512;742;770;889
4148;Totaal over alle leeftijden;Mannen en vrouwen;Beesel;2035;14715;11223;1959;712;1247;1533;747;786;889
4149;Totaal over alle leeftijden;Mannen en vrouwen;Beesel;2036;14688;11168;1963;719;1244;1557;750;807;889
4150;Totaal over alle leeftijden;Mannen en vrouwen;Beesel;2037;14680;11115;1983;727;1256;1582;754;828;889
4151;Totaal over alle leeftijden;Mannen en vrouwen;Beesel;2038;14692;11072;2003;728;1275;1617;761;856;889
4152;Totaal over alle leeftijden;Mannen en vrouwen;Beesel;2039;14678;11024;2005;719;1286;1649;786;863;889
4153;Totaal over alle leeftijden;Mannen en vrouwen;Beesel;2040;14691;10974;2024;740;1284;1693;807;886;889
4154;Totaal over alle leeftijden;Mannen en vrouwen;Bellingwedde;2010;9153;8155;722;295;427;276;191;85;7
4155;Totaal over alle leeftijden;Mannen en vrouwen;Bellingwedde;2011;8833;7858;683;272;411;292;188;104;7
4156;Totaal over alle leeftijden;Mannen en vrouwen;Bellingwedde;2012;8996;7958;707;276;431;331;206;125;7
4157;Totaal over alle leeftijden;Mannen en vrouwen;Bellingwedde;2013;8964;7898;707;283;424;359;213;146;7
4158;Totaal over alle leeftijden;Mannen en vrouwen;Bellingwedde;2014;8857;7801;679;261;418;377;215;162;7
4159;Totaal over alle leeftijden;Mannen en vrouwen;Bellingwedde;2015;8715;7646;662;254;408;407;234;173;7
4160;Totaal over alle leeftijden;Mannen en vrouwen;Bellingwedde;2016;8611;7521;665;269;396;425;239;186;7
4161;Totaal over alle leeftijden;Mannen en vrouwen;Bellingwedde;2017;8493;7395;651;262;389;447;250;197;7
4162;Totaal over alle leeftijden;Mannen en vrouwen;Bellingwedde;2018;8358;7248;643;261;382;467;256;211;7
4163;Totaal over alle leeftijden;Mannen en vrouwen;Bellingwedde;2019;8212;7100;630;260;370;482;260;222;7
4164;Totaal over alle leeftijden;Mannen en vrouwen;Bellingwedde;2020;8146;7013;632;268;364;501;269;232;7
4165;Totaal over alle leeftijden;Mannen en vrouwen;Bellingwedde;2021;8056;6914;632;272;360;510;269;241;7
4166;Totaal over alle leeftijden;Mannen en vrouwen;Bellingwedde;2022;7910;6777;615;255;360;518;267;251;7
4167;Totaal over alle leeftijden;Mannen en vrouwen;Bellingwedde;2023;7823;6682;614;259;355;527;264;263;7
4168;Totaal over alle leeftijden;Mannen en vrouwen;Bellingwedde;2024;7698;6535;611;260;351;552;278;274;7
4169;Totaal over alle leeftijden;Mannen en vrouwen;Bellingwedde;2025;7542;6384;598;259;339;560;281;279;7
4170;Totaal over alle leeftijden;Mannen en vrouwen;Bellingwedde;2026;7383;6235;580;247;333;568;280;288;7
4171;Totaal over alle leeftijden;Mannen en vrouwen;Bellingwedde;2027;7187;6037;581;248;333;569;284;285;7
4172;Totaal over alle leeftijden;Mannen en vrouwen;Bellingwedde;2028;7051;5902;564;239;325;585;288;297;7
4173;Totaal over alle leeftijden;Mannen en vrouwen;Bellingwedde;2029;6824;5673;558;238;320;593;294;299;7
4174;Totaal over alle leeftijden;Mannen en vrouwen;Bellingwedde;2030;6704;5540;569;250;319;595;293;302;7
4175;Totaal over alle leeftijden;Mannen en vrouwen;Bellingwedde;2031;6522;5364;563;242;321;595;294;301;7
4176;Totaal over alle leeftijden;Mannen en vrouwen;Bellingwedde;2032;6385;5242;536;236;300;607;299;308;7
4177;Totaal over alle leeftijden;Mannen en vrouwen;Bellingwedde;2033;6240;5099;540;243;297;601;300;301;7
4178;Totaal over alle leeftijden;Mannen en vrouwen;Bellingwedde;2034;6145;4981;548;259;289;616;307;309;7
4179;Totaal over alle leeftijden;Mannen en vrouwen;Bellingwedde;2035;6020;4862;537;262;275;621;304;317;7
4180;Totaal over alle leeftijden;Mannen en vrouwen;Bellingwedde;2036;5965;4793;537;260;277;635;310;325;7
4181;Totaal over alle leeftijden;Mannen en vrouwen;Bellingwedde;2037;5900;4727;536;272;264;637;316;321;7
4182;Totaal over alle leeftijden;Mannen en vrouwen;Bellingwedde;2038;5836;4659;524;268;256;653;316;337;7
4183;Totaal over alle leeftijden;Mannen en vrouwen;Bellingwedde;2039;5741;4581;509;261;248;651;315;336;7
4184;Totaal over alle leeftijden;Mannen en vrouwen;Bellingwedde;2040;5667;4504;505;263;242;658;323;335;7
4185;Totaal over alle leeftijden;Mannen en vrouwen;Bergambacht;2010;9704;8916;449;175;274;339;156;183;491
4186;Totaal over alle leeftijden;Mannen en vrouwen;Bergambacht;2011;9759;8909;482;190;292;368;165;203;491
4187;Totaal over alle leeftijden;Mannen en vrouwen;Bergambacht;2012;9834;8918;520;210;310;396;180;216;491
4188;Totaal over alle leeftijden;Mannen en vrouwen;Bergambacht;2013;9867;8881;554;232;322;432;187;245;491
4189;Totaal over alle leeftijden;Mannen en vrouwen;Bergambacht;2014;9944;8869;591;254;337;484;208;276;491
4190;Totaal over alle leeftijden;Mannen en vrouwen;Bergambacht;2015;10001;8860;609;262;347;532;213;319;491
4191;Totaal over alle leeftijden;Mannen en vrouwen;Bergambacht;2016;10106;8886;651;281;370;569;217;352;491
4192;Totaal over alle leeftijden;Mannen en vrouwen;Bergambacht;2017;10083;8822;662;286;376;599;230;369;491
4193;Totaal over alle leeftijden;Mannen en vrouwen;Bergambacht;2018;10174;8825;705;308;397;644;243;401;491
4194;Totaal over alle leeftijden;Mannen en vrouwen;Bergambacht;2019;10277;8864;741;326;415;672;247;425;491
4195;Totaal over alle leeftijden;Mannen en vrouwen;Bergambacht;2020;10374;8903;779;346;433;692;257;435;491
4196;Totaal over alle leeftijden;Mannen en vrouwen;Bergambacht;2021;10421;8887;815;356;459;719;272;447;491
4197;Totaal over alle leeftijden;Mannen en vrouwen;Bergambacht;2022;10460;8874;850;371;479;736;281;455;491
4198;Totaal over alle leeftijden;Mannen en vrouwen;Bergambacht;2023;10511;8866;882;394;488;763;297;466;491
4199;Totaal over alle leeftijden;Mannen en vrouwen;Bergambacht;2024;10602;8861;917;414;503;824;312;512;491
4200;Totaal over alle leeftijden;Mannen en vrouwen;Bergambacht;2025;10654;8853;948;435;513;853;322;531;491
4201;Totaal over alle leeftijden;Mannen en vrouwen;Bergambacht;2026;10714;8836;982;447;535;896;352;544;491
4202;Totaal over alle leeftijden;Mannen en vrouwen;Bergambacht;2027;10762;8827;1011;459;552;924;357;567;491
4203;Totaal over alle leeftijden;Mannen en vrouwen;Bergambacht;2028;10789;8781;1033;470;563;975;378;597;491
4204;Totaal over alle leeftijden;Mannen en vrouwen;Bergambacht;2029;10844;8759;1071;482;589;1014;396;618;491
4205;Totaal over alle leeftijden;Mannen en vrouwen;Bergambacht;2030;10908;8785;1111;500;611;1012;403;609;491
4206;Totaal over alle leeftijden;Mannen en vrouwen;Bergambacht;2031;10954;8764;1133;503;630;1057;420;637;491
4207;Totaal over alle leeftijden;Mannen en vrouwen;Bergambacht;2032;11022;8768;1169;520;649;1085;434;651;491
4208;Totaal over alle leeftijden;Mannen en vrouwen;Bergambacht;2033;11078;8758;1197;530;667;1123;443;680;491
4209;Totaal over alle leeftijden;Mannen en vrouwen;Bergambacht;2034;11092;8721;1234;554;680;1137;439;698;491
4210;Totaal over alle leeftijden;Mannen en vrouwen;Bergambacht;2035;11119;8712;1242;548;694;1165;444;721;491
4211;Totaal over alle leeftijden;Mannen en vrouwen;Bergambacht;2036;11149;8669;1269;552;717;1211;465;746;491
4212;Totaal over alle leeftijden;Mannen en vrouwen;Bergambacht;2037;11182;8628;1291;560;731;1263;483;780;491
4213;Totaal over alle leeftijden;Mannen en vrouwen;Bergambacht;2038;11182;8586;1313;564;749;1283;493;790;491
4214;Totaal over alle leeftijden;Mannen en vrouwen;Bergambacht;2039;11228;8579;1332;583;749;1317;517;800;491
4215;Totaal over alle leeftijden;Mannen en vrouwen;Bergambacht;2040;11235;8514;1360;594;766;1361;538;823;491
4216;Totaal over alle leeftijden;Mannen en vrouwen;Bergeijk;2010;18177;16436;1345;398;947;396;230;166;1724
4217;Totaal over alle leeftijden;Mannen en vrouwen;Bergeijk;2011;18213;16376;1370;428;942;467;265;202;1724
4218;Totaal over alle leeftijden;Mannen en vrouwen;Bergeijk;2012;18165;16256;1390;443;947;519;292;227;1724
4219;Totaal over alle leeftijden;Mannen en vrouwen;Bergeijk;2013;18231;16253;1407;461;946;571;311;260;1724
4220;Totaal over alle leeftijden;Mannen en vrouwen;Bergeijk;2014;18279;16196;1452;487;965;631;337;294;1724
4221;Totaal over alle leeftijden;Mannen en vrouwen;Bergeijk;2015;18281;16108;1487;506;981;686;356;330;1724
4222;Totaal over alle leeftijden;Mannen en vrouwen;Bergeijk;2016;18361;16095;1516;524;992;750;377;373;1724
4223;Totaal over alle leeftijden;Mannen en vrouwen;Bergeijk;2017;18355;15992;1548;551;997;815;404;411;1724
4224;Totaal over alle leeftijden;Mannen en vrouwen;Bergeijk;2018;18322;15906;1554;559;995;862;421;441;1724
4225;Totaal over alle leeftijden;Mannen en vrouwen;Bergeijk;2019;18307;15814;1583;574;1009;910;443;467;1724
4226;Totaal over alle leeftijden;Mannen en vrouwen;Bergeijk;2020;18410;15852;1613;594;1019;945;454;491;1724
4227;Totaal over alle leeftijden;Mannen en vrouwen;Bergeijk;2021;18401;15759;1642;609;1033;1000;491;509;1724
4228;Totaal over alle leeftijden;Mannen en vrouwen;Bergeijk;2022;18419;15717;1652;621;1031;1050;516;534;1724
4229;Totaal over alle leeftijden;Mannen en vrouwen;Bergeijk;2023;18370;15609;1683;646;1037;1078;534;544;1724
4230;Totaal over alle leeftijden;Mannen en vrouwen;Bergeijk;2024;18336;15518;1705;656;1049;1113;545;568;1724
4231;Totaal over alle leeftijden;Mannen en vrouwen;Bergeijk;2025;18266;15389;1736;677;1059;1141;559;582;1724
4232;Totaal over alle leeftijden;Mannen en vrouwen;Bergeijk;2026;18236;15284;1772;700;1072;1180;573;607;1724
4233;Totaal over alle leeftijden;Mannen en vrouwen;Bergeijk;2027;18282;15252;1784;702;1082;1246;606;640;1724
4234;Totaal over alle leeftijden;Mannen en vrouwen;Bergeijk;2028;18218;15155;1800;717;1083;1263;619;644;1724
4235;Totaal over alle leeftijden;Mannen en vrouwen;Bergeijk;2029;18171;15048;1813;730;1083;1310;645;665;1724
4236;Totaal over alle leeftijden;Mannen en vrouwen;Bergeijk;2030;18117;14951;1835;734;1101;1331;652;679;1724
4237;Totaal over alle leeftijden;Mannen en vrouwen;Bergeijk;2031;18075;14868;1862;753;1109;1345;654;691;1724
4238;Totaal over alle leeftijden;Mannen en vrouwen;Bergeijk;2032;18146;14875;1891;767;1124;1380;662;718;1724
4239;Totaal over alle leeftijden;Mannen en vrouwen;Bergeijk;2033;18095;14785;1898;765;1133;1412;687;725;1724
4240;Totaal over alle leeftijden;Mannen en vrouwen;Bergeijk;2034;18058;14708;1920;778;1142;1430;694;736;1724
4241;Totaal over alle leeftijden;Mannen en vrouwen;Bergeijk;2035;18020;14619;1925;793;1132;1476;712;764;1724
4242;Totaal over alle leeftijden;Mannen en vrouwen;Bergeijk;2036;17963;14509;1947;811;1136;1507;724;783;1724
4243;Totaal over alle leeftijden;Mannen en vrouwen;Bergeijk;2037;17884;14402;1959;808;1151;1523;721;802;1724
4244;Totaal over alle leeftijden;Mannen en vrouwen;Bergeijk;2038;17807;14290;1970;816;1154;1547;723;824;1724
4245;Totaal over alle leeftijden;Mannen en vrouwen;Bergeijk;2039;17730;14172;1993;815;1178;1565;730;835;1724
4246;Totaal over alle leeftijden;Mannen en vrouwen;Bergeijk;2040;17700;14102;1998;822;1176;1600;758;842;1724
4247;Totaal over alle leeftijden;Mannen en vrouwen;Bergen (L.);2010;13431;11254;1890;660;1230;287;166;121;893
4248;Totaal over alle leeftijden;Mannen en vrouwen;Bergen (L.);2011;13378;11157;1882;653;1229;339;199;140;893
4249;Totaal over alle leeftijden;Mannen en vrouwen;Bergen (L.);2012;13374;11118;1872;656;1216;384;226;158;893
4250;Totaal over alle leeftijden;Mannen en vrouwen;Bergen (L.);2013;13317;11018;1880;664;1216;419;231;188;893
4251;Totaal over alle leeftijden;Mannen en vrouwen;Bergen (L.);2014;13315;10980;1875;673;1202;460;253;207;893
4252;Totaal over alle leeftijden;Mannen en vrouwen;Bergen (L.);2015;13326;10946;1869;675;1194;511;263;248;893
4253;Totaal over alle leeftijden;Mannen en vrouwen;Bergen (L.);2016;13362;10920;1888;684;1204;554;284;270;893
4254;Totaal over alle leeftijden;Mannen en vrouwen;Bergen (L.);2017;13390;10893;1903;698;1205;594;301;293;893
4255;Totaal over alle leeftijden;Mannen en vrouwen;Bergen (L.);2018;13416;10837;1933;722;1211;646;322;324;893
4256;Totaal over alle leeftijden;Mannen en vrouwen;Bergen (L.);2019;13398;10801;1940;733;1207;657;313;344;893
4257;Totaal over alle leeftijden;Mannen en vrouwen;Bergen (L.);2020;13397;10754;1947;760;1187;696;329;367;893
4258;Totaal over alle leeftijden;Mannen en vrouwen;Bergen (L.);2021;13420;10713;1971;781;1190;736;347;389;893
4259;Totaal over alle leeftijden;Mannen en vrouwen;Bergen (L.);2022;13486;10725;1987;778;1209;774;362;412;893
4260;Totaal over alle leeftijden;Mannen en vrouwen;Bergen (L.);2023;13523;10748;1962;771;1191;813;372;441;893
4261;Totaal over alle leeftijden;Mannen en vrouwen;Bergen (L.);2024;13551;10733;1966;783;1183;852;382;470;893
4262;Totaal over alle leeftijden;Mannen en vrouwen;Bergen (L.);2025;13539;10703;1958;782;1176;878;388;490;893
4263;Totaal over alle leeftijden;Mannen en vrouwen;Bergen (L.);2026;13522;10636;1968;786;1182;918;413;505;893
4264;Totaal over alle leeftijden;Mannen en vrouwen;Bergen (L.);2027;13543;10656;1948;784;1164;939;413;526;893
4265;Totaal over alle leeftijden;Mannen en vrouwen;Bergen (L.);2028;13548;10615;1958;801;1157;975;419;556;893
4266;Totaal over alle leeftijden;Mannen en vrouwen;Bergen (L.);2029;13560;10597;1963;826;1137;1000;418;582;893
4267;Totaal over alle leeftijden;Mannen en vrouwen;Bergen (L.);2030;13572;10612;1931;807;1124;1029;440;589;893
4268;Totaal over alle leeftijden;Mannen en vrouwen;Bergen (L.);2031;13535;10560;1919;810;1109;1056;453;603;893
4269;Totaal over alle leeftijden;Mannen en vrouwen;Bergen (L.);2032;13514;10496;1921;824;1097;1097;467;630;893
4270;Totaal over alle leeftijden;Mannen en vrouwen;Bergen (L.);2033;13515;10440;1937;837;1100;1138;499;639;893
4271;Totaal over alle leeftijden;Mannen en vrouwen;Bergen (L.);2034;13516;10411;1926;840;1086;1179;516;663;893
4272;Totaal over alle leeftijden;Mannen en vrouwen;Bergen (L.);2035;13477;10379;1894;815;1079;1204;524;680;893
4273;Totaal over alle leeftijden;Mannen en vrouwen;Bergen (L.);2036;13463;10361;1888;815;1073;1214;528;686;893
4274;Totaal over alle leeftijden;Mannen en vrouwen;Bergen (L.);2037;13419;10305;1888;809;1079;1226;525;701;893
4275;Totaal over alle leeftijden;Mannen en vrouwen;Bergen (L.);2038;13381;10254;1870;798;1072;1257;539;718;893
4276;Totaal over alle leeftijden;Mannen en vrouwen;Bergen (L.);2039;13372;10207;1881;813;1068;1284;549;735;893
4277;Totaal over alle leeftijden;Mannen en vrouwen;Bergen (L.);2040;13332;10142;1887;818;1069;1303;555;748;893
4278;Totaal over alle leeftijden;Mannen en vrouwen;Bergen (NH.);2010;30953;27178;2747;1147;1600;1028;573;455;373
4279;Totaal over alle leeftijden;Mannen en vrouwen;Bergen (NH.);2011;30787;26925;2715;1116;1599;1147;637;510;373
4280;Totaal over alle leeftijden;Mannen en vrouwen;Bergen (NH.);2012;30560;26595;2709;1120;1589;1256;690;566;373
4281;Totaal over alle leeftijden;Mannen en vrouwen;Bergen (NH.);2013;30378;26297;2713;1113;1600;1368;735;633;373
4282;Totaal over alle leeftijden;Mannen en vrouwen;Bergen (NH.);2014;30312;26136;2678;1078;1600;1498;778;720;373
4283;Totaal over alle leeftijden;Mannen en vrouwen;Bergen (NH.);2015;30187;25925;2644;1051;1593;1618;819;799;373
4284;Totaal over alle leeftijden;Mannen en vrouwen;Bergen (NH.);2016;30136;25756;2661;1032;1629;1719;829;890;373
4285;Totaal over alle leeftijden;Mannen en vrouwen;Bergen (NH.);2017;30072;25595;2644;1021;1623;1833;874;959;373
4286;Totaal over alle leeftijden;Mannen en vrouwen;Bergen (NH.);2018;29975;25430;2604;993;1611;1941;914;1027;373
4287;Totaal over alle leeftijden;Mannen en vrouwen;Bergen (NH.);2019;29853;25216;2575;973;1602;2062;944;1118;373
4288;Totaal over alle leeftijden;Mannen en vrouwen;Bergen (NH.);2020;29860;25095;2552;945;1607;2213;995;1218;373
4289;Totaal over alle leeftijden;Mannen en vrouwen;Bergen (NH.);2021;29838;24956;2550;931;1619;2332;1029;1303;373
4290;Totaal over alle leeftijden;Mannen en vrouwen;Bergen (NH.);2022;29807;24819;2526;898;1628;2462;1080;1382;373
4291;Totaal over alle leeftijden;Mannen en vrouwen;Bergen (NH.);2023;29812;24750;2492;874;1618;2570;1120;1450;373
4292;Totaal over alle leeftijden;Mannen en vrouwen;Bergen (NH.);2024;29866;24638;2508;877;1631;2720;1162;1558;373
4293;Totaal over alle leeftijden;Mannen en vrouwen;Bergen (NH.);2025;29935;24595;2523;893;1630;2817;1189;1628;373
4294;Totaal over alle leeftijden;Mannen en vrouwen;Bergen (NH.);2026;30005;24549;2540;905;1635;2916;1236;1680;373
4295;Totaal over alle leeftijden;Mannen en vrouwen;Bergen (NH.);2027;30019;24478;2552;904;1648;2989;1274;1715;373
4296;Totaal over alle leeftijden;Mannen en vrouwen;Bergen (NH.);2028;30172;24470;2572;899;1673;3130;1342;1788;373
4297;Totaal over alle leeftijden;Mannen en vrouwen;Bergen (NH.);2029;30178;24364;2602;921;1681;3212;1376;1836;373
4298;Totaal over alle leeftijden;Mannen en vrouwen;Bergen (NH.);2030;30189;24314;2582;906;1676;3293;1405;1888;373
4299;Totaal over alle leeftijden;Mannen en vrouwen;Bergen (NH.);2031;30392;24378;2581;900;1681;3433;1468;1965;373
4300;Totaal over alle leeftijden;Mannen en vrouwen;Bergen (NH.);2032;30495;24361;2609;919;1690;3525;1487;2038;373
4301;Totaal over alle leeftijden;Mannen en vrouwen;Bergen (NH.);2033;30543;24288;2613;936;1677;3642;1534;2108;373
4302;Totaal over alle leeftijden;Mannen en vrouwen;Bergen (NH.);2034;30646;24289;2645;958;1687;3712;1559;2153;373
4303;Totaal over alle leeftijden;Mannen en vrouwen;Bergen (NH.);2035;30710;24240;2657;955;1702;3813;1582;2231;373
4304;Totaal over alle leeftijden;Mannen en vrouwen;Bergen (NH.);2036;30791;24224;2639;927;1712;3928;1612;2316;373
4305;Totaal over alle leeftijden;Mannen en vrouwen;Bergen (NH.);2037;30878;24203;2666;926;1740;4009;1633;2376;373
4306;Totaal over alle leeftijden;Mannen en vrouwen;Bergen (NH.);2038;30916;24131;2664;933;1731;4121;1672;2449;373
4307;Totaal over alle leeftijden;Mannen en vrouwen;Bergen (NH.);2039;30993;24080;2654;936;1718;4259;1726;2533;373
4308;Totaal over alle leeftijden;Mannen en vrouwen;Bergen (NH.);2040;31086;24090;2649;914;1735;4347;1768;2579;373
4309;Totaal over alle leeftijden;Mannen en vrouwen;Bergen op Zoom;2010;65044;50475;5972;2515;3457;8597;4665;3932;748
4310;Totaal over alle leeftijden;Mannen en vrouwen;Bergen op Zoom;2011;65067;50328;6065;2572;3493;8674;4717;3957;748
4311;Totaal over alle leeftijden;Mannen en vrouwen;Bergen op Zoom;2012;65069;50214;6149;2623;3526;8706;4745;3961;748
4312;Totaal over alle leeftijden;Mannen en vrouwen;Bergen op Zoom;2013;64993;50033;6163;2627;3536;8797;4810;3987;748
4313;Totaal over alle leeftijden;Mannen en vrouwen;Bergen op Zoom;2014;65170;50061;6234;2688;3546;8875;4873;4002;748
4314;Totaal over alle leeftijden;Mannen en vrouwen;Bergen op Zoom;2015;65264;49938;6351;2764;3587;8975;4954;4021;748
4315;Totaal over alle leeftijden;Mannen en vrouwen;Bergen op Zoom;2016;65470;50017;6399;2787;3612;9054;4998;4056;748
4316;Totaal over alle leeftijden;Mannen en vrouwen;Bergen op Zoom;2017;65586;49905;6448;2815;3633;9233;5089;4144;748
4317;Totaal over alle leeftijden;Mannen en vrouwen;Bergen op Zoom;2018;65848;49949;6527;2876;3651;9372;5190;4182;748
4318;Totaal over alle leeftijden;Mannen en vrouwen;Bergen op Zoom;2019;66045;50012;6567;2907;3660;9466;5254;4212;748
4319;Totaal over alle leeftijden;Mannen en vrouwen;Bergen op Zoom;2020;66148;49954;6651;2956;3695;9543;5295;4248;748
4320;Totaal over alle leeftijden;Mannen en vrouwen;Bergen op Zoom;2021;66360;49994;6682;2962;3720;9684;5390;4294;748
4321;Totaal over alle leeftijden;Mannen en vrouwen;Bergen op Zoom;2022;66542;49992;6714;2999;3715;9836;5460;4376;748
4322;Totaal over alle leeftijden;Mannen en vrouwen;Bergen op Zoom;2023;66665;49988;6772;3047;3725;9905;5504;4401;748
4323;Totaal over alle leeftijden;Mannen en vrouwen;Bergen op Zoom;2024;66728;49895;6827;3076;3751;10006;5546;4460;748
4324;Totaal over alle leeftijden;Mannen en vrouwen;Bergen op Zoom;2025;66848;49807;6858;3087;3771;10183;5614;4569;748
4325;Totaal over alle leeftijden;Mannen en vrouwen;Bergen op Zoom;2026;66990;49755;6907;3115;3792;10328;5710;4618;748
4326;Totaal over alle leeftijden;Mannen en vrouwen;Bergen op Zoom;2027;67076;49671;6939;3130;3809;10466;5787;4679;748
4327;Totaal over alle leeftijden;Mannen en vrouwen;Bergen op Zoom;2028;67192;49630;6953;3143;3810;10609;5859;4750;748
4328;Totaal over alle leeftijden;Mannen en vrouwen;Bergen op Zoom;2029;67181;49520;6971;3160;3811;10690;5922;4768;748
4329;Totaal over alle leeftijden;Mannen en vrouwen;Bergen op Zoom;2030;67209;49436;6956;3145;3811;10817;5985;4832;748
4330;Totaal over alle leeftijden;Mannen en vrouwen;Bergen op Zoom;2031;67211;49308;7004;3173;3831;10899;6000;4899;748
4331;Totaal over alle leeftijden;Mannen en vrouwen;Bergen op Zoom;2032;67228;49120;7054;3189;3865;11054;6058;4996;748
4332;Totaal over alle leeftijden;Mannen en vrouwen;Bergen op Zoom;2033;67117;48903;7063;3177;3886;11151;6119;5032;748
4333;Totaal over alle leeftijden;Mannen en vrouwen;Bergen op Zoom;2034;67043;48678;7063;3159;3904;11302;6189;5113;748
4334;Totaal over alle leeftijden;Mannen en vrouwen;Bergen op Zoom;2035;66935;48435;7091;3168;3923;11409;6214;5195;748
4335;Totaal over alle leeftijden;Mannen en vrouwen;Bergen op Zoom;2036;66739;48167;7087;3182;3905;11485;6223;5262;748
4336;Totaal over alle leeftijden;Mannen en vrouwen;Bergen op Zoom;2037;66538;47831;7131;3213;3918;11576;6243;5333;748
4337;Totaal over alle leeftijden;Mannen en vrouwen;Bergen op Zoom;2038;66369;47523;7172;3261;3911;11674;6250;5424;748
4338;Totaal over alle leeftijden;Mannen en vrouwen;Bergen op Zoom;2039;66183;47186;7202;3280;3922;11795;6287;5508;748
4339;Totaal over alle leeftijden;Mannen en vrouwen;Bergen op Zoom;2040;65882;46815;7216;3285;3931;11851;6291;5560;748
4340;Totaal over alle leeftijden;Mannen en vrouwen;Berkelland;2010;44943;41445;2327;734;1593;1171;656;515;1859
4341;Totaal over alle leeftijden;Mannen en vrouwen;Berkelland;2011;44876;41245;2361;758;1603;1270;713;557;1859
4342;Totaal over alle leeftijden;Mannen en vrouwen;Berkelland;2012;44743;40986;2380;778;1602;1377;766;611;1859
4343;Totaal over alle leeftijden;Mannen en vrouwen;Berkelland;2013;44690;40797;2416;823;1593;1477;813;664;1859
4344;Totaal over alle leeftijden;Mannen en vrouwen;Berkelland;2014;44557;40575;2426;838;1588;1556;858;698;1859
4345;Totaal over alle leeftijden;Mannen en vrouwen;Berkelland;2015;44333;40267;2424;831;1593;1642;896;746;1859
4346;Totaal over alle leeftijden;Mannen en vrouwen;Berkelland;2016;44234;40099;2423;831;1592;1712;929;783;1859
4347;Totaal over alle leeftijden;Mannen en vrouwen;Berkelland;2017;44033;39852;2413;838;1575;1768;950;818;1859
4348;Totaal over alle leeftijden;Mannen en vrouwen;Berkelland;2018;43830;39568;2409;834;1575;1853;985;868;1859
4349;Totaal over alle leeftijden;Mannen en vrouwen;Berkelland;2019;43556;39213;2413;832;1581;1930;1034;896;1859
4350;Totaal over alle leeftijden;Mannen en vrouwen;Berkelland;2020;43359;38922;2439;851;1588;1998;1077;921;1859
4351;Totaal over alle leeftijden;Mannen en vrouwen;Berkelland;2021;43083;38556;2430;848;1582;2097;1157;940;1859
4352;Totaal over alle leeftijden;Mannen en vrouwen;Berkelland;2022;42827;38230;2426;862;1564;2171;1188;983;1859
4353;Totaal over alle leeftijden;Mannen en vrouwen;Berkelland;2023;42571;37891;2438;876;1562;2242;1215;1027;1859
4354;Totaal over alle leeftijden;Mannen en vrouwen;Berkelland;2024;42332;37573;2419;877;1542;2340;1255;1085;1859
4355;Totaal over alle leeftijden;Mannen en vrouwen;Berkelland;2025;42057;37189;2439;900;1539;2429;1279;1150;1859
4356;Totaal over alle leeftijden;Mannen en vrouwen;Berkelland;2026;41765;36837;2439;908;1531;2489;1323;1166;1859
4357;Totaal over alle leeftijden;Mannen en vrouwen;Berkelland;2027;41376;36403;2426;902;1524;2547;1345;1202;1859
4358;Totaal over alle leeftijden;Mannen en vrouwen;Berkelland;2028;41060;36002;2434;922;1512;2624;1391;1233;1859
4359;Totaal over alle leeftijden;Mannen en vrouwen;Berkelland;2029;40832;35689;2450;943;1507;2693;1425;1268;1859
4360;Totaal over alle leeftijden;Mannen en vrouwen;Berkelland;2030;40525;35337;2453;953;1500;2735;1431;1304;1859
4361;Totaal over alle leeftijden;Mannen en vrouwen;Berkelland;2031;40286;35065;2450;961;1489;2771;1437;1334;1859
4362;Totaal over alle leeftijden;Mannen en vrouwen;Berkelland;2032;40002;34702;2453;976;1477;2847;1489;1358;1859
4363;Totaal over alle leeftijden;Mannen en vrouwen;Berkelland;2033;39661;34349;2442;970;1472;2870;1499;1371;1859
4364;Totaal over alle leeftijden;Mannen en vrouwen;Berkelland;2034;39339;33991;2437;978;1459;2911;1521;1390;1859
4365;Totaal over alle leeftijden;Mannen en vrouwen;Berkelland;2035;39067;33669;2423;980;1443;2975;1545;1430;1859
4366;Totaal over alle leeftijden;Mannen en vrouwen;Berkelland;2036;38810;33386;2422;985;1437;3002;1560;1442;1859
4367;Totaal over alle leeftijden;Mannen en vrouwen;Berkelland;2037;38510;33028;2401;977;1424;3081;1587;1494;1859
4368;Totaal over alle leeftijden;Mannen en vrouwen;Berkelland;2038;38230;32669;2416;996;1420;3145;1619;1526;1859
4369;Totaal over alle leeftijden;Mannen en vrouwen;Berkelland;2039;37937;32332;2419;990;1429;3186;1635;1551;1859
4370;Totaal over alle leeftijden;Mannen en vrouwen;Berkelland;2040;37662;31968;2421;996;1425;3273;1668;1605;1859
4371;Totaal over alle leeftijden;Mannen en vrouwen;Bernheze;2010;29396;27399;1348;461;887;649;369;280;1721
4372;Totaal over alle leeftijden;Mannen en vrouwen;Bernheze;2011;29391;27281;1385;479;906;725;394;331;1721
4373;Totaal over alle leeftijden;Mannen en vrouwen;Bernheze;2012;29378;27171;1419;511;908;788;422;366;1721
4374;Totaal over alle leeftijden;Mannen en vrouwen;Bernheze;2013;29359;27030;1464;543;921;865;460;405;1721
4375;Totaal over alle leeftijden;Mannen en vrouwen;Bernheze;2014;29297;26874;1490;560;930;933;485;448;1721
4376;Totaal over alle leeftijden;Mannen en vrouwen;Bernheze;2015;29311;26785;1523;580;943;1003;521;482;1721
4377;Totaal over alle leeftijden;Mannen en vrouwen;Bernheze;2016;29254;26606;1568;619;949;1080;554;526;1721
4378;Totaal over alle leeftijden;Mannen en vrouwen;Bernheze;2017;29234;26481;1601;636;965;1152;589;563;1721
4379;Totaal over alle leeftijden;Mannen en vrouwen;Bernheze;2018;29276;26388;1653;675;978;1235;627;608;1721
4380;Totaal over alle leeftijden;Mannen en vrouwen;Bernheze;2019;29381;26350;1703;703;1000;1328;669;659;1721
4381;Totaal over alle leeftijden;Mannen en vrouwen;Bernheze;2020;29334;26185;1729;706;1023;1420;712;708;1721
4382;Totaal over alle leeftijden;Mannen en vrouwen;Bernheze;2021;29340;26053;1783;728;1055;1504;747;757;1721
4383;Totaal over alle leeftijden;Mannen en vrouwen;Bernheze;2022;29416;26004;1816;749;1067;1596;801;795;1721
4384;Totaal over alle leeftijden;Mannen en vrouwen;Bernheze;2023;29407;25905;1864;778;1086;1638;822;816;1721
4385;Totaal over alle leeftijden;Mannen en vrouwen;Bernheze;2024;29426;25821;1899;801;1098;1706;862;844;1721
4386;Totaal over alle leeftijden;Mannen en vrouwen;Bernheze;2025;29528;25787;1952;841;1111;1789;890;899;1721
4387;Totaal over alle leeftijden;Mannen en vrouwen;Bernheze;2026;29520;25675;1985;859;1126;1860;937;923;1721
4388;Totaal over alle leeftijden;Mannen en vrouwen;Bernheze;2027;29569;25642;2010;873;1137;1917;957;960;1721
4389;Totaal over alle leeftijden;Mannen en vrouwen;Bernheze;2028;29639;25628;2067;906;1161;1944;966;978;1721
4390;Totaal over alle leeftijden;Mannen en vrouwen;Bernheze;2029;29705;25579;2110;938;1172;2016;1001;1015;1721
4391;Totaal over alle leeftijden;Mannen en vrouwen;Bernheze;2030;29721;25501;2152;971;1181;2068;1022;1046;1721
4392;Totaal over alle leeftijden;Mannen en vrouwen;Bernheze;2031;29789;25431;2214;1023;1191;2144;1051;1093;1721
4393;Totaal over alle leeftijden;Mannen en vrouwen;Bernheze;2032;29838;25402;2232;1024;1208;2204;1077;1127;1721
4394;Totaal over alle leeftijden;Mannen en vrouwen;Bernheze;2033;29885;25351;2284;1065;1219;2250;1087;1163;1721
4395;Totaal over alle leeftijden;Mannen en vrouwen;Bernheze;2034;29893;25282;2307;1082;1225;2304;1098;1206;1721
4396;Totaal over alle leeftijden;Mannen en vrouwen;Bernheze;2035;29934;25235;2356;1102;1254;2343;1126;1217;1721
4397;Totaal over alle leeftijden;Mannen en vrouwen;Bernheze;2036;29930;25133;2374;1117;1257;2423;1166;1257;1721
4398;Totaal over alle leeftijden;Mannen en vrouwen;Bernheze;2037;29969;25069;2396;1128;1268;2504;1208;1296;1721
4399;Totaal over alle leeftijden;Mannen en vrouwen;Bernheze;2038;29926;24953;2431;1147;1284;2542;1218;1324;1721
4400;Totaal over alle leeftijden;Mannen en vrouwen;Bernheze;2039;29918;24906;2453;1163;1290;2559;1223;1336;1721
4401;Totaal over alle leeftijden;Mannen en vrouwen;Bernheze;2040;29951;24852;2477;1161;1316;2622;1225;1397;1721
4402;Totaal over alle leeftijden;Mannen en vrouwen;Bernisse;2010;12495;11359;762;248;514;374;185;189;568
4403;Totaal over alle leeftijden;Mannen en vrouwen;Bernisse;2011;12470;11273;786;261;525;411;196;215;568
4404;Totaal over alle leeftijden;Mannen en vrouwen;Bernisse;2012;12481;11200;796;270;526;485;228;257;568
4405;Totaal over alle leeftijden;Mannen en vrouwen;Bernisse;2013;12447;11105;813;274;539;529;246;283;568
4406;Totaal over alle leeftijden;Mannen en vrouwen;Bernisse;2014;12504;11084;838;280;558;582;273;309;568
4407;Totaal over alle leeftijden;Mannen en vrouwen;Bernisse;2015;12487;10996;849;285;564;642;300;342;568
4408;Totaal over alle leeftijden;Mannen en vrouwen;Bernisse;2016;12427;10871;862;295;567;694;325;369;568
4409;Totaal over alle leeftijden;Mannen en vrouwen;Bernisse;2017;12455;10821;874;295;579;760;360;400;568
4410;Totaal over alle leeftijden;Mannen en vrouwen;Bernisse;2018;12445;10752;883;306;577;810;379;431;568
4411;Totaal over alle leeftijden;Mannen en vrouwen;Bernisse;2019;12420;10675;890;303;587;855;394;461;568
4412;Totaal over alle leeftijden;Mannen en vrouwen;Bernisse;2020;12443;10623;899;292;607;921;416;505;568
4413;Totaal over alle leeftijden;Mannen en vrouwen;Bernisse;2021;12387;10503;916;302;614;968;446;522;568
4414;Totaal over alle leeftijden;Mannen en vrouwen;Bernisse;2022;12349;10403;924;311;613;1022;458;564;568
4415;Totaal over alle leeftijden;Mannen en vrouwen;Bernisse;2023;12353;10354;920;309;611;1079;469;610;568
4416;Totaal over alle leeftijden;Mannen en vrouwen;Bernisse;2024;12368;10293;932;310;622;1143;501;642;568
4417;Totaal over alle leeftijden;Mannen en vrouwen;Bernisse;2025;12372;10256;944;305;639;1172;518;654;568
4418;Totaal over alle leeftijden;Mannen en vrouwen;Bernisse;2026;12404;10227;955;307;648;1222;534;688;568
4419;Totaal over alle leeftijden;Mannen en vrouwen;Bernisse;2027;12491;10231;978;311;667;1282;571;711;568
4420;Totaal over alle leeftijden;Mannen en vrouwen;Bernisse;2028;12514;10191;1002;317;685;1321;585;736;568
4421;Totaal over alle leeftijden;Mannen en vrouwen;Bernisse;2029;12585;10172;1030;328;702;1383;620;763;568
4422;Totaal over alle leeftijden;Mannen en vrouwen;Bernisse;2030;12631;10150;1041;326;715;1440;635;805;568
4423;Totaal over alle leeftijden;Mannen en vrouwen;Bernisse;2031;12627;10090;1056;329;727;1481;652;829;568
4424;Totaal over alle leeftijden;Mannen en vrouwen;Bernisse;2032;12641;10048;1060;324;736;1533;670;863;568
4425;Totaal over alle leeftijden;Mannen en vrouwen;Bernisse;2033;12668;10020;1091;346;745;1557;663;894;568
4426;Totaal over alle leeftijden;Mannen en vrouwen;Bernisse;2034;12677;9978;1095;337;758;1604;698;906;568
4427;Totaal over alle leeftijden;Mannen en vrouwen;Bernisse;2035;12675;9925;1115;337;778;1635;707;928;568
4428;Totaal over alle leeftijden;Mannen en vrouwen;Bernisse;2036;12676;9899;1118;343;775;1659;729;930;568
4429;Totaal over alle leeftijden;Mannen en vrouwen;Bernisse;2037;12670;9853;1120;344;776;1697;739;958;568
4430;Totaal over alle leeftijden;Mannen en vrouwen;Bernisse;2038;12635;9780;1133;345;788;1722;742;980;568
4431;Totaal over alle leeftijden;Mannen en vrouwen;Bernisse;2039;12629;9768;1128;337;791;1733;758;975;568
4432;Totaal over alle leeftijden;Mannen en vrouwen;Bernisse;2040;12616;9732;1133;343;790;1751;771;980;568
4433;Totaal over alle leeftijden;Mannen en vrouwen;Best;2010;29262;25210;2276;887;1389;1776;953;823;753
4434;Totaal over alle leeftijden;Mannen en vrouwen;Best;2011;29337;25212;2314;924;1390;1811;977;834;753
4435;Totaal over alle leeftijden;Mannen en vrouwen;Best;2012;29487;25269;2304;936;1368;1914;1021;893;753
4436;Totaal over alle leeftijden;Mannen en vrouwen;Best;2013;29614;25305;2291;934;1357;2018;1059;959;753
4437;Totaal over alle leeftijden;Mannen en vrouwen;Best;2014;29730;25329;2301;936;1365;2100;1092;1008;753
4438;Totaal over alle leeftijden;Mannen en vrouwen;Best;2015;29927;25431;2285;940;1345;2211;1134;1077;753
4439;Totaal over alle leeftijden;Mannen en vrouwen;Best;2016;30145;25545;2291;957;1334;2309;1147;1162;753
4440;Totaal over alle leeftijden;Mannen en vrouwen;Best;2017;30233;25515;2324;979;1345;2394;1197;1197;753
4441;Totaal over alle leeftijden;Mannen en vrouwen;Best;2018;30446;25579;2355;985;1370;2512;1259;1253;753
4442;Totaal over alle leeftijden;Mannen en vrouwen;Best;2019;30639;25618;2384;1000;1384;2637;1296;1341;753
4443;Totaal over alle leeftijden;Mannen en vrouwen;Best;2020;30744;25573;2436;1022;1414;2735;1338;1397;753
4444;Totaal over alle leeftijden;Mannen en vrouwen;Best;2021;30823;25566;2448;1020;1428;2809;1370;1439;753
4445;Totaal over alle leeftijden;Mannen en vrouwen;Best;2022;30975;25560;2473;1042;1431;2942;1426;1516;753
4446;Totaal over alle leeftijden;Mannen en vrouwen;Best;2023;31059;25532;2492;1053;1439;3035;1463;1572;753
4447;Totaal over alle leeftijden;Mannen en vrouwen;Best;2024;31138;25526;2495;1053;1442;3117;1525;1592;753
4448;Totaal over alle leeftijden;Mannen en vrouwen;Best;2025;31269;25517;2549;1079;1470;3203;1570;1633;753
4449;Totaal over alle leeftijden;Mannen en vrouwen;Best;2026;31386;25513;2581;1102;1479;3292;1606;1686;753
4450;Totaal over alle leeftijden;Mannen en vrouwen;Best;2027;31446;25470;2595;1107;1488;3381;1639;1742;753
4451;Totaal over alle leeftijden;Mannen en vrouwen;Best;2028;31481;25414;2636;1133;1503;3431;1653;1778;753
4452;Totaal over alle leeftijden;Mannen en vrouwen;Best;2029;31548;25357;2663;1156;1507;3528;1689;1839;753
4453;Totaal over alle leeftijden;Mannen en vrouwen;Best;2030;31615;25344;2676;1166;1510;3595;1730;1865;753
4454;Totaal over alle leeftijden;Mannen en vrouwen;Best;2031;31725;25369;2684;1161;1523;3672;1761;1911;753
4455;Totaal over alle leeftijden;Mannen en vrouwen;Best;2032;31811;25355;2682;1166;1516;3774;1810;1964;753
4456;Totaal over alle leeftijden;Mannen en vrouwen;Best;2033;31903;25326;2701;1190;1511;3876;1865;2011;753
4457;Totaal over alle leeftijden;Mannen en vrouwen;Best;2034;31960;25280;2728;1214;1514;3952;1880;2072;753
4458;Totaal over alle leeftijden;Mannen en vrouwen;Best;2035;32016;25251;2748;1218;1530;4017;1894;2123;753
4459;Totaal over alle leeftijden;Mannen en vrouwen;Best;2036;32014;25151;2760;1226;1534;4103;1920;2183;753
4460;Totaal over alle leeftijden;Mannen en vrouwen;Best;2037;32038;25068;2765;1210;1555;4205;1974;2231;753
4461;Totaal over alle leeftijden;Mannen en vrouwen;Best;2038;32055;24973;2759;1233;1526;4323;2021;2302;753
4462;Totaal over alle leeftijden;Mannen en vrouwen;Best;2039;32085;24906;2759;1256;1503;4420;2033;2387;753
4463;Totaal over alle leeftijden;Mannen en vrouwen;Best;2040;32134;24860;2803;1278;1525;4471;2043;2428;753
4464;Totaal over alle leeftijden;Mannen en vrouwen;Beuningen;2010;25039;22133;1916;591;1325;990;575;415;209
4465;Totaal over alle leeftijden;Mannen en vrouwen;Beuningen;2011;24888;21939;1906;608;1298;1043;619;424;209
4466;Totaal over alle leeftijden;Mannen en vrouwen;Beuningen;2012;24758;21768;1900;606;1294;1090;636;454;209
4467;Totaal over alle leeftijden;Mannen en vrouwen;Beuningen;2013;24521;21471;1899;619;1280;1151;667;484;209
4468;Totaal over alle leeftijden;Mannen en vrouwen;Beuningen;2014;24371;21287;1871;604;1267;1213;696;517;209
4469;Totaal over alle leeftijden;Mannen en vrouwen;Beuningen;2015;24269;21128;1862;610;1252;1279;729;550;209
4470;Totaal over alle leeftijden;Mannen en vrouwen;Beuningen;2016;24088;20876;1865;606;1259;1347;772;575;209
4471;Totaal over alle leeftijden;Mannen en vrouwen;Beuningen;2017;23993;20723;1861;612;1249;1409;805;604;209
4472;Totaal over alle leeftijden;Mannen en vrouwen;Beuningen;2018;23853;20540;1849;604;1245;1464;836;628;209
4473;Totaal over alle leeftijden;Mannen en vrouwen;Beuningen;2019;23820;20415;1859;609;1250;1546;883;663;209
4474;Totaal over alle leeftijden;Mannen en vrouwen;Beuningen;2020;23728;20298;1826;585;1241;1604;920;684;209
4475;Totaal over alle leeftijden;Mannen en vrouwen;Beuningen;2021;23690;20196;1821;592;1229;1673;959;714;209
4476;Totaal over alle leeftijden;Mannen en vrouwen;Beuningen;2022;23602;20073;1813;594;1219;1716;990;726;209
4477;Totaal over alle leeftijden;Mannen en vrouwen;Beuningen;2023;23589;20027;1784;569;1215;1778;1020;758;209
4478;Totaal over alle leeftijden;Mannen en vrouwen;Beuningen;2024;23607;19977;1794;587;1207;1836;1052;784;209
4479;Totaal over alle leeftijden;Mannen en vrouwen;Beuningen;2025;23633;19919;1822;607;1215;1892;1066;826;209
4480;Totaal over alle leeftijden;Mannen en vrouwen;Beuningen;2026;23688;19916;1815;612;1203;1957;1107;850;209
4481;Totaal over alle leeftijden;Mannen en vrouwen;Beuningen;2027;23719;19941;1788;594;1194;1990;1117;873;209
4482;Totaal over alle leeftijden;Mannen en vrouwen;Beuningen;2028;23750;19882;1793;595;1198;2075;1166;909;209
4483;Totaal over alle leeftijden;Mannen en vrouwen;Beuningen;2029;23809;19824;1814;617;1197;2171;1203;968;209
4484;Totaal over alle leeftijden;Mannen en vrouwen;Beuningen;2030;23851;19792;1821;618;1203;2238;1232;1006;209
4485;Totaal over alle leeftijden;Mannen en vrouwen;Beuningen;2031;23868;19771;1819;614;1205;2278;1248;1030;209
4486;Totaal over alle leeftijden;Mannen en vrouwen;Beuningen;2032;23857;19689;1816;616;1200;2352;1277;1075;209
4487;Totaal over alle leeftijden;Mannen en vrouwen;Beuningen;2033;23907;19679;1842;634;1208;2386;1292;1094;209
4488;Totaal over alle leeftijden;Mannen en vrouwen;Beuningen;2034;23980;19673;1834;644;1190;2473;1317;1156;209
4489;Totaal over alle leeftijden;Mannen en vrouwen;Beuningen;2035;23966;19599;1838;652;1186;2529;1349;1180;209
4490;Totaal over alle leeftijden;Mannen en vrouwen;Beuningen;2036;24106;19647;1852;653;1199;2607;1397;1210;209
4491;Totaal over alle leeftijden;Mannen en vrouwen;Beuningen;2037;24146;19605;1866;674;1192;2675;1433;1242;209
4492;Totaal over alle leeftijden;Mannen en vrouwen;Beuningen;2038;24203;19575;1878;675;1203;2750;1486;1264;209
4493;Totaal over alle leeftijden;Mannen en vrouwen;Beuningen;2039;24210;19544;1842;659;1183;2824;1509;1315;209
4494;Totaal over alle leeftijden;Mannen en vrouwen;Beuningen;2040;24246;19531;1848;670;1178;2867;1507;1360;209
4495;Totaal over alle leeftijden;Mannen en vrouwen;Beverwijk;2010;38427;30303;3958;1728;2230;4166;2281;1885;375
4496;Totaal over alle leeftijden;Mannen en vrouwen;Beverwijk;2011;38655;30382;4028;1766;2262;4245;2264;1981;375
4497;Totaal over alle leeftijden;Mannen en vrouwen;Beverwijk;2012;38994;30562;4091;1795;2296;4341;2256;2085;375
4498;Totaal over alle leeftijden;Mannen en vrouwen;Beverwijk;2013;39215;30680;4130;1806;2324;4405;2213;2192;375
4499;Totaal over alle leeftijden;Mannen en vrouwen;Beverwijk;2014;39503;30805;4181;1832;2349;4517;2249;2268;375
4500;Totaal over alle leeftijden;Mannen en vrouwen;Beverwijk;2015;39728;30892;4228;1859;2369;4608;2282;2326;375
4501;Totaal over alle leeftijden;Mannen en vrouwen;Beverwijk;2016;39909;30915;4274;1871;2403;4720;2324;2396;375
4502;Totaal over alle leeftijden;Mannen en vrouwen;Beverwijk;2017;40150;31002;4333;1910;2423;4815;2355;2460;375
4503;Totaal over alle leeftijden;Mannen en vrouwen;Beverwijk;2018;40384;31101;4414;1945;2469;4869;2352;2517;375
4504;Totaal over alle leeftijden;Mannen en vrouwen;Beverwijk;2019;40479;31063;4480;1963;2517;4936;2368;2568;375
4505;Totaal over alle leeftijden;Mannen en vrouwen;Beverwijk;2020;40671;31155;4539;1994;2545;4977;2367;2610;375
4506;Totaal over alle leeftijden;Mannen en vrouwen;Beverwijk;2021;40762;31165;4579;2020;2559;5018;2372;2646;375
4507;Totaal over alle leeftijden;Mannen en vrouwen;Beverwijk;2022;40958;31263;4598;2040;2558;5097;2385;2712;375
4508;Totaal over alle leeftijden;Mannen en vrouwen;Beverwijk;2023;41110;31324;4613;2050;2563;5173;2390;2783;375
4509;Totaal over alle leeftijden;Mannen en vrouwen;Beverwijk;2024;41276;31421;4610;2041;2569;5245;2381;2864;375
4510;Totaal over alle leeftijden;Mannen en vrouwen;Beverwijk;2025;41251;31330;4593;2042;2551;5328;2413;2915;375
4511;Totaal over alle leeftijden;Mannen en vrouwen;Beverwijk;2026;41375;31354;4621;2058;2563;5400;2427;2973;375
4512;Totaal over alle leeftijden;Mannen en vrouwen;Beverwijk;2027;41445;31280;4658;2081;2577;5507;2445;3062;375
4513;Totaal over alle leeftijden;Mannen en vrouwen;Beverwijk;2028;41484;31215;4700;2109;2591;5569;2460;3109;375
4514;Totaal over alle leeftijden;Mannen en vrouwen;Beverwijk;2029;41573;31183;4724;2115;2609;5666;2510;3156;375
4515;Totaal over alle leeftijden;Mannen en vrouwen;Beverwijk;2030;41600;31095;4775;2125;2650;5730;2506;3224;375
4516;Totaal over alle leeftijden;Mannen en vrouwen;Beverwijk;2031;41784;31147;4812;2128;2684;5825;2533;3292;375
4517;Totaal over alle leeftijden;Mannen en vrouwen;Beverwijk;2032;41766;31063;4816;2135;2681;5887;2525;3362;375
4518;Totaal over alle leeftijden;Mannen en vrouwen;Beverwijk;2033;41729;30925;4866;2177;2689;5938;2506;3432;375
4519;Totaal over alle leeftijden;Mannen en vrouwen;Beverwijk;2034;41621;30815;4865;2183;2682;5941;2475;3466;375
4520;Totaal over alle leeftijden;Mannen en vrouwen;Beverwijk;2035;41602;30687;4839;2164;2675;6076;2509;3567;375
4521;Totaal over alle leeftijden;Mannen en vrouwen;Beverwijk;2036;41515;30508;4852;2156;2696;6155;2530;3625;375
4522;Totaal over alle leeftijden;Mannen en vrouwen;Beverwijk;2037;41431;30358;4844;2136;2708;6229;2530;3699;375
4523;Totaal over alle leeftijden;Mannen en vrouwen;Beverwijk;2038;41449;30243;4898;2165;2733;6308;2545;3763;375
4524;Totaal over alle leeftijden;Mannen en vrouwen;Beverwijk;2039;41401;30119;4911;2147;2764;6371;2536;3835;375
4525;Totaal over alle leeftijden;Mannen en vrouwen;Beverwijk;2040;41403;30014;4910;2153;2757;6479;2563;3916;375
4526;Totaal over alle leeftijden;Mannen en vrouwen;het Bildt;2010;10988;9970;529;230;299;489;305;184;63
4527;Totaal over alle leeftijden;Mannen en vrouwen;het Bildt;2011;11044;9936;551;237;314;557;327;230;63
4528;Totaal over alle leeftijden;Mannen en vrouwen;het Bildt;2012;11069;9884;574;254;320;611;343;268;63
4529;Totaal over alle leeftijden;Mannen en vrouwen;het Bildt;2013;11051;9785;608;270;338;658;359;299;63
4530;Totaal over alle leeftijden;Mannen en vrouwen;het Bildt;2014;11063;9740;622;280;342;701;373;328;63
4531;Totaal over alle leeftijden;Mannen en vrouwen;het Bildt;2015;11057;9669;625;278;347;763;394;369;63
4532;Totaal over alle leeftijden;Mannen en vrouwen;het Bildt;2016;11046;9575;662;294;368;809;402;407;63
4533;Totaal over alle leeftijden;Mannen en vrouwen;het Bildt;2017;11085;9561;668;296;372;856;411;445;63
4534;Totaal over alle leeftijden;Mannen en vrouwen;het Bildt;2018;11104;9503;694;296;398;907;443;464;63
4535;Totaal over alle leeftijden;Mannen en vrouwen;het Bildt;2019;11100;9469;705;294;411;926;459;467;63
4536;Totaal over alle leeftijden;Mannen en vrouwen;het Bildt;2020;11069;9365;729;308;421;975;475;500;63
4537;Totaal over alle leeftijden;Mannen en vrouwen;het Bildt;2021;11090;9331;749;318;431;1010;492;518;63
4538;Totaal over alle leeftijden;Mannen en vrouwen;het Bildt;2022;11012;9215;747;317;430;1050;507;543;63
4539;Totaal over alle leeftijden;Mannen en vrouwen;het Bildt;2023;10984;9175;731;316;415;1078;511;567;63
4540;Totaal over alle leeftijden;Mannen en vrouwen;het Bildt;2024;10939;9079;732;313;419;1128;532;596;63
4541;Totaal over alle leeftijden;Mannen en vrouwen;het Bildt;2025;10944;9030;739;318;421;1175;563;612;63
4542;Totaal over alle leeftijden;Mannen en vrouwen;het Bildt;2026;11005;9036;761;325;436;1208;585;623;63
4543;Totaal over alle leeftijden;Mannen en vrouwen;het Bildt;2027;10984;8972;764;327;437;1248;594;654;63
4544;Totaal over alle leeftijden;Mannen en vrouwen;het Bildt;2028;11027;8961;796;346;450;1270;602;668;63
4545;Totaal over alle leeftijden;Mannen en vrouwen;het Bildt;2029;11035;8897;808;355;453;1330;634;696;63
4546;Totaal over alle leeftijden;Mannen en vrouwen;het Bildt;2030;11046;8837;825;365;460;1384;658;726;63
4547;Totaal over alle leeftijden;Mannen en vrouwen;het Bildt;2031;11071;8795;850;376;474;1426;672;754;63
4548;Totaal over alle leeftijden;Mannen en vrouwen;het Bildt;2032;11087;8768;859;381;478;1460;689;771;63
4549;Totaal over alle leeftijden;Mannen en vrouwen;het Bildt;2033;11122;8742;863;386;477;1517;712;805;63
4550;Totaal over alle leeftijden;Mannen en vrouwen;het Bildt;2034;11133;8701;891;402;489;1541;717;824;63
4551;Totaal over alle leeftijden;Mannen en vrouwen;het Bildt;2035;11139;8661;898;409;489;1580;729;851;63
4552;Totaal over alle leeftijden;Mannen en vrouwen;het Bildt;2036;11171;8611;905;397;508;1655;781;874;63
4553;Totaal over alle leeftijden;Mannen en vrouwen;het Bildt;2037;11229;8608;904;403;501;1717;820;897;63
4554;Totaal over alle leeftijden;Mannen en vrouwen;het Bildt;2038;11275;8595;913;401;512;1767;835;932;63
4555;Totaal over alle leeftijden;Mannen en vrouwen;het Bildt;2039;11306;8552;936;410;526;1818;854;964;63
4556;Totaal over alle leeftijden;Mannen en vrouwen;het Bildt;2040;11328;8523;938;414;524;1867;872;995;63
4557;Totaal over alle leeftijden;Mannen en vrouwen;De Bilt;2010;41987;35644;3915;1414;2501;2428;1194;1234;310
4558;Totaal over alle leeftijden;Mannen en vrouwen;De Bilt;2011;42008;35496;3929;1410;2519;2583;1210;1373;310
4559;Totaal over alle leeftijden;Mannen en vrouwen;De Bilt;2012;42051;35436;3915;1417;2498;2700;1235;1465;310
4560;Totaal over alle leeftijden;Mannen en vrouwen;De Bilt;2013;42020;35284;3908;1420;2488;2828;1248;1580;310
4561;Totaal over alle leeftijden;Mannen en vrouwen;De Bilt;2014;42045;35191;3921;1429;2492;2933;1266;1667;310
4562;Totaal over alle leeftijden;Mannen en vrouwen;De Bilt;2015;42124;35088;3964;1427;2537;3072;1294;1778;310
4563;Totaal over alle leeftijden;Mannen en vrouwen;De Bilt;2016;42304;35067;3988;1426;2562;3249;1346;1903;310
4564;Totaal over alle leeftijden;Mannen en vrouwen;De Bilt;2017;42523;35174;3978;1418;2560;3371;1360;2011;310
4565;Totaal over alle leeftijden;Mannen en vrouwen;De Bilt;2018;42780;35284;4019;1441;2578;3477;1412;2065;310
4566;Totaal over alle leeftijden;Mannen en vrouwen;De Bilt;2019;43051;35465;4053;1464;2589;3533;1421;2112;310
4567;Totaal over alle leeftijden;Mannen en vrouwen;De Bilt;2020;43159;35424;4059;1468;2591;3676;1468;2208;310
4568;Totaal over alle leeftijden;Mannen en vrouwen;De Bilt;2021;43425;35480;4118;1475;2643;3827;1480;2347;310
4569;Totaal over alle leeftijden;Mannen en vrouwen;De Bilt;2022;43626;35560;4138;1503;2635;3928;1523;2405;310
4570;Totaal over alle leeftijden;Mannen en vrouwen;De Bilt;2023;43942;35703;4217;1537;2680;4022;1551;2471;310
4571;Totaal over alle leeftijden;Mannen en vrouwen;De Bilt;2024;44201;35804;4269;1549;2720;4128;1581;2547;310
4572;Totaal over alle leeftijden;Mannen en vrouwen;De Bilt;2025;44357;35809;4320;1582;2738;4228;1579;2649;310
4573;Totaal over alle leeftijden;Mannen en vrouwen;De Bilt;2026;44403;35760;4331;1583;2748;4312;1604;2708;310
4574;Totaal over alle leeftijden;Mannen en vrouwen;De Bilt;2027;44631;35851;4390;1620;2770;4390;1642;2748;310
4575;Totaal over alle leeftijden;Mannen en vrouwen;De Bilt;2028;44728;35887;4427;1635;2792;4414;1667;2747;310
4576;Totaal over alle leeftijden;Mannen en vrouwen;De Bilt;2029;44764;35860;4417;1604;2813;4487;1692;2795;310
4577;Totaal over alle leeftijden;Mannen en vrouwen;De Bilt;2030;44853;35918;4439;1585;2854;4496;1676;2820;310
4578;Totaal over alle leeftijden;Mannen en vrouwen;De Bilt;2031;44811;35829;4451;1577;2874;4531;1692;2839;310
4579;Totaal over alle leeftijden;Mannen en vrouwen;De Bilt;2032;44753;35685;4456;1578;2878;4612;1742;2870;310
4580;Totaal over alle leeftijden;Mannen en vrouwen;De Bilt;2033;44888;35702;4467;1613;2854;4719;1775;2944;310
4581;Totaal over alle leeftijden;Mannen en vrouwen;De Bilt;2034;44932;35674;4483;1635;2848;4775;1759;3016;310
4582;Totaal over alle leeftijden;Mannen en vrouwen;De Bilt;2035;45079;35708;4529;1687;2842;4842;1775;3067;310
4583;Totaal over alle leeftijden;Mannen en vrouwen;De Bilt;2036;45216;35788;4521;1688;2833;4907;1790;3117;310
4584;Totaal over alle leeftijden;Mannen en vrouwen;De Bilt;2037;45349;35889;4515;1675;2840;4945;1823;3122;310
4585;Totaal over alle leeftijden;Mannen en vrouwen;De Bilt;2038;45461;35927;4545;1690;2855;4989;1830;3159;310
4586;Totaal over alle leeftijden;Mannen en vrouwen;De Bilt;2039;45490;35943;4555;1679;2876;4992;1834;3158;310
4587;Totaal over alle leeftijden;Mannen en vrouwen;De Bilt;2040;45715;36018;4614;1710;2904;5083;1872;3211;310
4588;Totaal over alle leeftijden;Mannen en vrouwen;Binnenmaas;2010;29008;26273;1592;614;978;1143;673;470;585
4589;Totaal over alle leeftijden;Mannen en vrouwen;Binnenmaas;2011;29057;26092;1650;642;1008;1315;738;577;585
4590;Totaal over alle leeftijden;Mannen en vrouwen;Binnenmaas;2012;29081;25936;1692;658;1034;1453;793;660;585
4591;Totaal over alle leeftijden;Mannen en vrouwen;Binnenmaas;2013;29089;25781;1710;664;1046;1598;850;748;585
4592;Totaal over alle leeftijden;Mannen en vrouwen;Binnenmaas;2014;29124;25685;1716;657;1059;1723;898;825;585
4593;Totaal over alle leeftijden;Mannen en vrouwen;Binnenmaas;2015;29106;25548;1716;663;1053;1842;940;902;585
4594;Totaal over alle leeftijden;Mannen en vrouwen;Binnenmaas;2016;29187;25442;1748;683;1065;1997;1005;992;585
4595;Totaal over alle leeftijden;Mannen en vrouwen;Binnenmaas;2017;29285;25361;1794;688;1106;2130;1056;1074;585
4596;Totaal over alle leeftijden;Mannen en vrouwen;Binnenmaas;2018;29259;25195;1838;707;1131;2226;1099;1127;585
4597;Totaal over alle leeftijden;Mannen en vrouwen;Binnenmaas;2019;29300;25077;1852;700;1152;2371;1162;1209;585
4598;Totaal over alle leeftijden;Mannen en vrouwen;Binnenmaas;2020;29254;24873;1871;707;1164;2510;1211;1299;585
4599;Totaal over alle leeftijden;Mannen en vrouwen;Binnenmaas;2021;29173;24668;1891;719;1172;2614;1247;1367;585
4600;Totaal over alle leeftijden;Mannen en vrouwen;Binnenmaas;2022;29262;24577;1927;733;1194;2758;1291;1467;585
4601;Totaal over alle leeftijden;Mannen en vrouwen;Binnenmaas;2023;29300;24426;1972;747;1225;2902;1349;1553;585
4602;Totaal over alle leeftijden;Mannen en vrouwen;Binnenmaas;2024;29218;24234;2001;758;1243;2983;1379;1604;585
4603;Totaal over alle leeftijden;Mannen en vrouwen;Binnenmaas;2025;29201;24079;2022;774;1248;3100;1428;1672;585
4604;Totaal over alle leeftijden;Mannen en vrouwen;Binnenmaas;2026;29235;23944;2072;790;1282;3219;1476;1743;585
4605;Totaal over alle leeftijden;Mannen en vrouwen;Binnenmaas;2027;29249;23805;2106;804;1302;3338;1531;1807;585
4606;Totaal over alle leeftijden;Mannen en vrouwen;Binnenmaas;2028;29291;23679;2122;797;1325;3490;1609;1881;585
4607;Totaal over alle leeftijden;Mannen en vrouwen;Binnenmaas;2029;29241;23495;2131;802;1329;3615;1646;1969;585
4608;Totaal over alle leeftijden;Mannen en vrouwen;Binnenmaas;2030;29258;23342;2171;824;1347;3745;1698;2047;585
4609;Totaal over alle leeftijden;Mannen en vrouwen;Binnenmaas;2031;29200;23182;2173;842;1331;3845;1753;2092;585
4610;Totaal over alle leeftijden;Mannen en vrouwen;Binnenmaas;2032;29170;23027;2202;854;1348;3941;1812;2129;585
4611;Totaal over alle leeftijden;Mannen en vrouwen;Binnenmaas;2033;29141;22882;2229;854;1375;4030;1833;2197;585
4612;Totaal over alle leeftijden;Mannen en vrouwen;Binnenmaas;2034;29117;22781;2239;860;1379;4097;1861;2236;585
4613;Totaal over alle leeftijden;Mannen en vrouwen;Binnenmaas;2035;29016;22590;2222;845;1377;4204;1897;2307;585
4614;Totaal over alle leeftijden;Mannen en vrouwen;Binnenmaas;2036;28945;22424;2257;862;1395;4264;1916;2348;585
4615;Totaal over alle leeftijden;Mannen en vrouwen;Binnenmaas;2037;28865;22280;2258;872;1386;4327;1930;2397;585
4616;Totaal over alle leeftijden;Mannen en vrouwen;Binnenmaas;2038;28733;22042;2276;868;1408;4415;1971;2444;585
4617;Totaal over alle leeftijden;Mannen en vrouwen;Binnenmaas;2039;28658;21836;2290;865;1425;4532;2026;2506;585
4618;Totaal over alle leeftijden;Mannen en vrouwen;Binnenmaas;2040;28501;21641;2259;842;1417;4601;2059;2542;585
4619;Totaal over alle leeftijden;Mannen en vrouwen;Bladel;2010;19349;17662;1195;435;760;492;276;216;1728
4620;Totaal over alle leeftijden;Mannen en vrouwen;Bladel;2011;19236;17490;1187;431;756;559;312;247;1728
4621;Totaal over alle leeftijden;Mannen en vrouwen;Bladel;2012;19252;17400;1220;447;773;632;336;296;1728
4622;Totaal over alle leeftijden;Mannen en vrouwen;Bladel;2013;19186;17260;1244;469;775;682;353;329;1728
4623;Totaal over alle leeftijden;Mannen en vrouwen;Bladel;2014;19199;17196;1281;507;774;722;368;354;1728
4624;Totaal over alle leeftijden;Mannen en vrouwen;Bladel;2015;19156;17093;1279;512;767;784;392;392;1728
4625;Totaal over alle leeftijden;Mannen en vrouwen;Bladel;2016;19169;17004;1312;540;772;853;419;434;1728
4626;Totaal over alle leeftijden;Mannen en vrouwen;Bladel;2017;19125;16884;1313;537;776;928;460;468;1728
4627;Totaal over alle leeftijden;Mannen en vrouwen;Bladel;2018;19062;16760;1312;541;771;990;488;502;1728
4628;Totaal over alle leeftijden;Mannen en vrouwen;Bladel;2019;19048;16688;1304;549;755;1056;510;546;1728
4629;Totaal over alle leeftijden;Mannen en vrouwen;Bladel;2020;19096;16664;1313;563;750;1119;530;589;1728
4630;Totaal over alle leeftijden;Mannen en vrouwen;Bladel;2021;19147;16617;1327;569;758;1203;553;650;1728
4631;Totaal over alle leeftijden;Mannen en vrouwen;Bladel;2022;19097;16469;1349;578;771;1279;590;689;1728
4632;Totaal over alle leeftijden;Mannen en vrouwen;Bladel;2023;19166;16429;1390;617;773;1347;612;735;1728
4633;Totaal over alle leeftijden;Mannen en vrouwen;Bladel;2024;19137;16316;1405;628;777;1416;636;780;1728
4634;Totaal over alle leeftijden;Mannen en vrouwen;Bladel;2025;19147;16233;1424;644;780;1490;666;824;1728
4635;Totaal over alle leeftijden;Mannen en vrouwen;Bladel;2026;19137;16174;1416;649;767;1547;687;860;1728
4636;Totaal over alle leeftijden;Mannen en vrouwen;Bladel;2027;19128;16086;1432;656;776;1610;723;887;1728
4637;Totaal over alle leeftijden;Mannen en vrouwen;Bladel;2028;19132;16009;1462;674;788;1661;748;913;1728
4638;Totaal over alle leeftijden;Mannen en vrouwen;Bladel;2029;19132;15944;1487;698;789;1701;754;947;1728
4639;Totaal over alle leeftijden;Mannen en vrouwen;Bladel;2030;19146;15920;1482;706;776;1744;773;971;1728
4640;Totaal over alle leeftijden;Mannen en vrouwen;Bladel;2031;19100;15822;1496;724;772;1782;790;992;1728
4641;Totaal over alle leeftijden;Mannen en vrouwen;Bladel;2032;19075;15749;1492;717;775;1834;807;1027;1728
4642;Totaal over alle leeftijden;Mannen en vrouwen;Bladel;2033;19081;15687;1505;709;796;1889;813;1076;1728
4643;Totaal over alle leeftijden;Mannen en vrouwen;Bladel;2034;19068;15614;1512;719;793;1942;841;1101;1728
4644;Totaal over alle leeftijden;Mannen en vrouwen;Bladel;2035;19025;15522;1515;709;806;1988;862;1126;1728
4645;Totaal over alle leeftijden;Mannen en vrouwen;Bladel;2036;18983;15389;1527;725;802;2067;903;1164;1728
4646;Totaal over alle leeftijden;Mannen en vrouwen;Bladel;2037;18940;15259;1535;734;801;2146;939;1207;1728
4647;Totaal over alle leeftijden;Mannen en vrouwen;Bladel;2038;18931;15176;1549;745;804;2206;961;1245;1728
4648;Totaal over alle leeftijden;Mannen en vrouwen;Bladel;2039;18845;15041;1552;750;802;2252;988;1264;1728
4649;Totaal over alle leeftijden;Mannen en vrouwen;Bladel;2040;18764;14925;1544;743;801;2295;1004;1291;1728
4650;Totaal over alle leeftijden;Mannen en vrouwen;Blaricum;2010;9027;7437;1070;360;710;520;273;247;376
4651;Totaal over alle leeftijden;Mannen en vrouwen;Blaricum;2011;9025;7388;1062;345;717;575;303;272;376
4652;Totaal over alle leeftijden;Mannen en vrouwen;Blaricum;2012;9053;7384;1043;332;711;626;320;306;376
4653;Totaal over alle leeftijden;Mannen en vrouwen;Blaricum;2013;9155;7446;1036;314;722;673;337;336;376
4654;Totaal over alle leeftijden;Mannen en vrouwen;Blaricum;2014;9278;7490;1048;311;737;740;366;374;376
4655;Totaal over alle leeftijden;Mannen en vrouwen;Blaricum;2015;9409;7555;1044;297;747;810;389;421;376
4656;Totaal over alle leeftijden;Mannen en vrouwen;Blaricum;2016;9393;7499;1030;293;737;864;416;448;376
4657;Totaal over alle leeftijden;Mannen en vrouwen;Blaricum;2017;9459;7499;1037;292;745;923;436;487;376
4658;Totaal over alle leeftijden;Mannen en vrouwen;Blaricum;2018;9497;7466;1052;296;756;979;457;522;376
4659;Totaal over alle leeftijden;Mannen en vrouwen;Blaricum;2019;9514;7447;1048;289;759;1019;471;548;376
4660;Totaal over alle leeftijden;Mannen en vrouwen;Blaricum;2020;9517;7418;1013;266;747;1086;501;585;376
4661;Totaal over alle leeftijden;Mannen en vrouwen;Blaricum;2021;9572;7453;1014;264;750;1105;520;585;376
4662;Totaal over alle leeftijden;Mannen en vrouwen;Blaricum;2022;9652;7486;1008;264;744;1158;535;623;376
4663;Totaal over alle leeftijden;Mannen en vrouwen;Blaricum;2023;9715;7511;1005;280;725;1199;555;644;376
4664;Totaal over alle leeftijden;Mannen en vrouwen;Blaricum;2024;9729;7478;1000;278;722;1251;572;679;376
4665;Totaal over alle leeftijden;Mannen en vrouwen;Blaricum;2025;9733;7453;997;270;727;1283;584;699;376
4666;Totaal over alle leeftijden;Mannen en vrouwen;Blaricum;2026;9741;7445;990;263;727;1306;602;704;376
4667;Totaal over alle leeftijden;Mannen en vrouwen;Blaricum;2027;9751;7417;998;264;734;1336;618;718;376
4668;Totaal over alle leeftijden;Mannen en vrouwen;Blaricum;2028;9803;7403;1010;269;741;1390;645;745;376
4669;Totaal over alle leeftijden;Mannen en vrouwen;Blaricum;2029;9879;7472;986;249;737;1421;650;771;376
4670;Totaal over alle leeftijden;Mannen en vrouwen;Blaricum;2030;9989;7514;983;236;747;1492;690;802;376
4671;Totaal over alle leeftijden;Mannen en vrouwen;Blaricum;2031;10048;7553;982;240;742;1513;703;810;376
4672;Totaal over alle leeftijden;Mannen en vrouwen;Blaricum;2032;10084;7577;987;235;752;1520;698;822;376
4673;Totaal over alle leeftijden;Mannen en vrouwen;Blaricum;2033;10143;7586;993;236;757;1564;716;848;376
4674;Totaal over alle leeftijden;Mannen en vrouwen;Blaricum;2034;10171;7572;999;248;751;1600;735;865;376
4675;Totaal over alle leeftijden;Mannen en vrouwen;Blaricum;2035;10160;7572;976;239;737;1612;736;876;376
4676;Totaal over alle leeftijden;Mannen en vrouwen;Blaricum;2036;10172;7545;962;235;727;1665;756;909;376
4677;Totaal over alle leeftijden;Mannen en vrouwen;Blaricum;2037;10180;7514;971;241;730;1695;767;928;376
4678;Totaal over alle leeftijden;Mannen en vrouwen;Blaricum;2038;10188;7500;967;239;728;1721;771;950;376
4679;Totaal over alle leeftijden;Mannen en vrouwen;Blaricum;2039;10151;7450;953;224;729;1748;781;967;376
4680;Totaal over alle leeftijden;Mannen en vrouwen;Blaricum;2040;10137;7404;967;226;741;1766;791;975;376
4681;Totaal over alle leeftijden;Mannen en vrouwen;Bloemendaal;2010;21812;17949;2788;905;1883;1075;535;540;377
4682;Totaal over alle leeftijden;Mannen en vrouwen;Bloemendaal;2011;21753;17771;2742;858;1884;1240;617;623;377
4683;Totaal over alle leeftijden;Mannen en vrouwen;Bloemendaal;2012;21618;17560;2706;834;1872;1352;669;683;377
4684;Totaal over alle leeftijden;Mannen en vrouwen;Bloemendaal;2013;21554;17400;2665;809;1856;1489;720;769;377
4685;Totaal over alle leeftijden;Mannen en vrouwen;Bloemendaal;2014;21554;17310;2631;771;1860;1613;767;846;377
4686;Totaal over alle leeftijden;Mannen en vrouwen;Bloemendaal;2015;21556;17193;2603;748;1855;1760;812;948;377
4687;Totaal over alle leeftijden;Mannen en vrouwen;Bloemendaal;2016;21568;17059;2601;759;1842;1908;873;1035;377
4688;Totaal over alle leeftijden;Mannen en vrouwen;Bloemendaal;2017;21527;16927;2585;755;1830;2015;931;1084;377
4689;Totaal over alle leeftijden;Mannen en vrouwen;Bloemendaal;2018;21523;16825;2550;729;1821;2148;989;1159;377
4690;Totaal over alle leeftijden;Mannen en vrouwen;Bloemendaal;2019;21496;16691;2544;740;1804;2261;1056;1205;377
4691;Totaal over alle leeftijden;Mannen en vrouwen;Bloemendaal;2020;21531;16669;2503;723;1780;2359;1095;1264;377
4692;Totaal over alle leeftijden;Mannen en vrouwen;Bloemendaal;2021;21595;16646;2488;707;1781;2461;1143;1318;377
4693;Totaal over alle leeftijden;Mannen en vrouwen;Bloemendaal;2022;21694;16641;2489;712;1777;2564;1186;1378;377
4694;Totaal over alle leeftijden;Mannen en vrouwen;Bloemendaal;2023;21772;16604;2505;700;1805;2663;1220;1443;377
4695;Totaal over alle leeftijden;Mannen en vrouwen;Bloemendaal;2024;21790;16536;2505;685;1820;2749;1271;1478;377
4696;Totaal over alle leeftijden;Mannen en vrouwen;Bloemendaal;2025;21938;16567;2507;692;1815;2864;1322;1542;377
4697;Totaal over alle leeftijden;Mannen en vrouwen;Bloemendaal;2026;21990;16507;2511;686;1825;2972;1374;1598;377
4698;Totaal over alle leeftijden;Mannen en vrouwen;Bloemendaal;2027;22106;16518;2494;672;1822;3094;1440;1654;377
4699;Totaal over alle leeftijden;Mannen en vrouwen;Bloemendaal;2028;22248;16559;2515;707;1808;3174;1474;1700;377
4700;Totaal over alle leeftijden;Mannen en vrouwen;Bloemendaal;2029;22361;16584;2526;720;1806;3251;1520;1731;377
4701;Totaal over alle leeftijden;Mannen en vrouwen;Bloemendaal;2030;22434;16565;2550;722;1828;3319;1548;1771;377
4702;Totaal over alle leeftijden;Mannen en vrouwen;Bloemendaal;2031;22496;16511;2543;712;1831;3442;1577;1865;377
4703;Totaal over alle leeftijden;Mannen en vrouwen;Bloemendaal;2032;22562;16494;2528;718;1810;3540;1624;1916;377
4704;Totaal over alle leeftijden;Mannen en vrouwen;Bloemendaal;2033;22616;16477;2527;718;1809;3612;1657;1955;377
4705;Totaal over alle leeftijden;Mannen en vrouwen;Bloemendaal;2034;22681;16464;2537;722;1815;3680;1704;1976;377
4706;Totaal over alle leeftijden;Mannen en vrouwen;Bloemendaal;2035;22719;16413;2532;720;1812;3774;1737;2037;377
4707;Totaal over alle leeftijden;Mannen en vrouwen;Bloemendaal;2036;22718;16378;2502;697;1805;3838;1754;2084;377
4708;Totaal over alle leeftijden;Mannen en vrouwen;Bloemendaal;2037;22762;16342;2485;692;1793;3935;1792;2143;377
4709;Totaal over alle leeftijden;Mannen en vrouwen;Bloemendaal;2038;22840;16322;2495;708;1787;4023;1821;2202;377
4710;Totaal over alle leeftijden;Mannen en vrouwen;Bloemendaal;2039;22829;16245;2488;739;1749;4096;1826;2270;377
4711;Totaal over alle leeftijden;Mannen en vrouwen;Bloemendaal;2040;22862;16199;2485;734;1751;4178;1842;2336;377
4712;Totaal over alle leeftijden;Mannen en vrouwen;Boarnsterhim;2010;19645;18410;796;247;549;439;241;198;55
4713;Totaal over alle leeftijden;Mannen en vrouwen;Boarnsterhim;2011;19699;18382;820;252;568;497;272;225;55
4714;Totaal over alle leeftijden;Mannen en vrouwen;Boarnsterhim;2012;19758;18339;854;280;574;565;304;261;55
4715;Totaal over alle leeftijden;Mannen en vrouwen;Boarnsterhim;2013;19788;18279;883;289;594;626;343;283;55
4716;Totaal over alle leeftijden;Mannen en vrouwen;Boarnsterhim;2014;19826;18218;904;292;612;704;383;321;55
4717;Totaal over alle leeftijden;Mannen en vrouwen;Boarnsterhim;2015;19795;18150;893;280;613;752;413;339;55
4718;Totaal over alle leeftijden;Mannen en vrouwen;Boarnsterhim;2016;19721;18021;898;274;624;802;446;356;55
4719;Totaal over alle leeftijden;Mannen en vrouwen;Boarnsterhim;2017;19722;17947;896;272;624;879;491;388;55
4720;Totaal over alle leeftijden;Mannen en vrouwen;Boarnsterhim;2018;19631;17754;905;262;643;972;533;439;55
4721;Totaal over alle leeftijden;Mannen en vrouwen;Boarnsterhim;2019;19596;17664;913;264;649;1019;560;459;55
4722;Totaal over alle leeftijden;Mannen en vrouwen;Boarnsterhim;2020;19537;17517;923;262;661;1097;597;500;55
4723;Totaal over alle leeftijden;Mannen en vrouwen;Boarnsterhim;2021;19552;17454;943;277;666;1155;637;518;55
4724;Totaal over alle leeftijden;Mannen en vrouwen;Boarnsterhim;2022;19555;17387;939;278;661;1229;675;554;55
4725;Totaal over alle leeftijden;Mannen en vrouwen;Boarnsterhim;2023;19566;17342;947;277;670;1277;704;573;55
4726;Totaal over alle leeftijden;Mannen en vrouwen;Boarnsterhim;2024;19481;17191;949;281;668;1341;722;619;55
4727;Totaal over alle leeftijden;Mannen en vrouwen;Boarnsterhim;2025;19387;17026;956;293;663;1405;764;641;55
4728;Totaal over alle leeftijden;Mannen en vrouwen;Boarnsterhim;2026;19404;16962;969;301;668;1473;786;687;55
4729;Totaal over alle leeftijden;Mannen en vrouwen;Boarnsterhim;2027;19387;16871;979;303;676;1537;817;720;55
4730;Totaal over alle leeftijden;Mannen en vrouwen;Boarnsterhim;2028;19401;16822;981;306;675;1598;847;751;55
4731;Totaal over alle leeftijden;Mannen en vrouwen;Boarnsterhim;2029;19405;16777;988;299;689;1640;877;763;55
4732;Totaal over alle leeftijden;Mannen en vrouwen;Boarnsterhim;2030;19431;16737;1017;317;700;1677;878;799;55
4733;Totaal over alle leeftijden;Mannen en vrouwen;Boarnsterhim;2031;19484;16707;1024;314;710;1753;923;830;55
4734;Totaal over alle leeftijden;Mannen en vrouwen;Boarnsterhim;2032;19545;16690;1051;326;725;1804;955;849;55
4735;Totaal over alle leeftijden;Mannen en vrouwen;Boarnsterhim;2033;19589;16681;1051;330;721;1857;975;882;55
4736;Totaal over alle leeftijden;Mannen en vrouwen;Boarnsterhim;2034;19623;16639;1062;330;732;1922;1005;917;55
4737;Totaal over alle leeftijden;Mannen en vrouwen;Boarnsterhim;2035;19660;16617;1092;354;738;1951;1014;937;55
4738;Totaal over alle leeftijden;Mannen en vrouwen;Boarnsterhim;2036;19658;16559;1082;342;740;2017;1045;972;55
4739;Totaal over alle leeftijden;Mannen en vrouwen;Boarnsterhim;2037;19659;16508;1072;338;734;2079;1083;996;55
4740;Totaal over alle leeftijden;Mannen en vrouwen;Boarnsterhim;2038;19711;16502;1079;330;749;2130;1097;1033;55
4741;Totaal over alle leeftijden;Mannen en vrouwen;Boarnsterhim;2039;19779;16508;1087;324;763;2184;1126;1058;55
4742;Totaal over alle leeftijden;Mannen en vrouwen;Boarnsterhim;2040;19804;16469;1080;319;761;2255;1160;1095;55
4743;Totaal over alle leeftijden;Mannen en vrouwen;Bodegraven;2010;19686;17212;1161;468;693;1313;653;660;497
4744;Totaal over alle leeftijden;Mannen en vrouwen;Bodegraven;2011;19775;17179;1216;487;729;1380;679;701;497
4745;Totaal over alle leeftijden;Mannen en vrouwen;Bodegraven;2012;19835;17151;1243;505;738;1441;686;755;497
4746;Totaal over alle leeftijden;Mannen en vrouwen;Bodegraven;2013;19900;17090;1297;527;770;1513;714;799;497
4747;Totaal over alle leeftijden;Mannen en vrouwen;Bodegraven;2014;19988;17061;1337;544;793;1590;726;864;497
4748;Totaal over alle leeftijden;Mannen en vrouwen;Bodegraven;2015;20112;17053;1386;563;823;1673;752;921;497
4749;Totaal over alle leeftijden;Mannen en vrouwen;Bodegraven;2016;20208;17064;1390;551;839;1754;785;969;497
4750;Totaal over alle leeftijden;Mannen en vrouwen;Bodegraven;2017;20242;17002;1394;544;850;1846;815;1031;497
4751;Totaal over alle leeftijden;Mannen en vrouwen;Bodegraven;2018;20394;17055;1396;526;870;1943;863;1080;497
4752;Totaal over alle leeftijden;Mannen en vrouwen;Bodegraven;2019;20506;17092;1424;531;893;1990;874;1116;497
4753;Totaal over alle leeftijden;Mannen en vrouwen;Bodegraven;2020;20572;17093;1429;527;902;2050;882;1168;497
4754;Totaal over alle leeftijden;Mannen en vrouwen;Bodegraven;2021;20638;17082;1456;540;916;2100;899;1201;497
4755;Totaal over alle leeftijden;Mannen en vrouwen;Bodegraven;2022;20687;17042;1497;548;949;2148;904;1244;497
4756;Totaal over alle leeftijden;Mannen en vrouwen;Bodegraven;2023;20773;17053;1506;543;963;2214;940;1274;497
4757;Totaal over alle leeftijden;Mannen en vrouwen;Bodegraven;2024;20801;17016;1536;556;980;2249;950;1299;497
4758;Totaal over alle leeftijden;Mannen en vrouwen;Bodegraven;2025;20835;16984;1550;560;990;2301;972;1329;497
4759;Totaal over alle leeftijden;Mannen en vrouwen;Bodegraven;2026;20981;17010;1586;584;1002;2385;1013;1372;497
4760;Totaal over alle leeftijden;Mannen en vrouwen;Bodegraven;2027;21037;17004;1584;579;1005;2449;1023;1426;497
4761;Totaal over alle leeftijden;Mannen en vrouwen;Bodegraven;2028;21105;17008;1584;557;1027;2513;1045;1468;497
4762;Totaal over alle leeftijden;Mannen en vrouwen;Bodegraven;2029;21113;16969;1600;567;1033;2544;1040;1504;497
4763;Totaal over alle leeftijden;Mannen en vrouwen;Bodegraven;2030;21215;17024;1588;546;1042;2603;1067;1536;497
4764;Totaal over alle leeftijden;Mannen en vrouwen;Bodegraven;2031;21273;17001;1599;562;1037;2673;1092;1581;497
4765;Totaal over alle leeftijden;Mannen en vrouwen;Bodegraven;2032;21415;17041;1637;583;1054;2737;1127;1610;497
4766;Totaal over alle leeftijden;Mannen en vrouwen;Bodegraven;2033;21450;17010;1645;569;1076;2795;1136;1659;497
4767;Totaal over alle leeftijden;Mannen en vrouwen;Bodegraven;2034;21488;17006;1648;567;1081;2834;1162;1672;497
4768;Totaal over alle leeftijden;Mannen en vrouwen;Bodegraven;2035;21480;16948;1668;567;1101;2864;1180;1684;497
4769;Totaal over alle leeftijden;Mannen en vrouwen;Bodegraven;2036;21466;16855;1672;566;1106;2939;1190;1749;497
4770;Totaal over alle leeftijden;Mannen en vrouwen;Bodegraven;2037;21468;16782;1686;582;1104;3000;1213;1787;497
4771;Totaal over alle leeftijden;Mannen en vrouwen;Bodegraven;2038;21488;16701;1703;575;1128;3084;1230;1854;497
4772;Totaal over alle leeftijden;Mannen en vrouwen;Bodegraven;2039;21452;16622;1696;556;1140;3134;1244;1890;497
4773;Totaal over alle leeftijden;Mannen en vrouwen;Bodegraven;2040;21445;16564;1712;558;1154;3169;1263;1906;497
4774;Totaal over alle leeftijden;Mannen en vrouwen;Boekel;2010;9676;9149;374;142;232;153;85;68;755
4775;Totaal over alle leeftijden;Mannen en vrouwen;Boekel;2011;9694;9116;400;163;237;178;97;81;755
4776;Totaal over alle leeftijden;Mannen en vrouwen;Boekel;2012;9762;9126;426;174;252;210;108;102;755
4777;Totaal over alle leeftijden;Mannen en vrouwen;Boekel;2013;9802;9131;445;180;265;226;112;114;755
4778;Totaal over alle leeftijden;Mannen en vrouwen;Boekel;2014;9826;9107;464;188;276;255;133;122;755
4779;Totaal over alle leeftijden;Mannen en vrouwen;Boekel;2015;9821;9070;473;199;274;278;140;138;755
4780;Totaal over alle leeftijden;Mannen en vrouwen;Boekel;2016;9852;9055;489;199;290;308;157;151;755
4781;Totaal over alle leeftijden;Mannen en vrouwen;Boekel;2017;9880;9047;501;208;293;332;174;158;755
4782;Totaal over alle leeftijden;Mannen en vrouwen;Boekel;2018;9939;9053;519;213;306;367;193;174;755
4783;Totaal over alle leeftijden;Mannen en vrouwen;Boekel;2019;9959;9016;545;226;319;398;205;193;755
4784;Totaal over alle leeftijden;Mannen en vrouwen;Boekel;2020;10032;9038;559;233;326;435;226;209;755
4785;Totaal over alle leeftijden;Mannen en vrouwen;Boekel;2021;10080;9051;581;252;329;448;234;214;755
4786;Totaal over alle leeftijden;Mannen en vrouwen;Boekel;2022;10125;9060;582;250;332;483;248;235;755
4787;Totaal over alle leeftijden;Mannen en vrouwen;Boekel;2023;10169;9074;599;259;340;496;242;254;755
4788;Totaal over alle leeftijden;Mannen en vrouwen;Boekel;2024;10199;9056;607;261;346;536;257;279;755
4789;Totaal over alle leeftijden;Mannen en vrouwen;Boekel;2025;10256;9069;613;268;345;574;278;296;755
4790;Totaal over alle leeftijden;Mannen en vrouwen;Boekel;2026;10308;9055;633;271;362;620;290;330;755
4791;Totaal over alle leeftijden;Mannen en vrouwen;Boekel;2027;10317;9045;638;272;366;634;286;348;755
4792;Totaal over alle leeftijden;Mannen en vrouwen;Boekel;2028;10358;9048;641;275;366;669;299;370;755
4793;Totaal over alle leeftijden;Mannen en vrouwen;Boekel;2029;10442;9088;655;284;371;699;315;384;755
4794;Totaal over alle leeftijden;Mannen en vrouwen;Boekel;2030;10472;9084;658;289;369;730;320;410;755
4795;Totaal over alle leeftijden;Mannen en vrouwen;Boekel;2031;10504;9076;673;288;385;755;335;420;755
4796;Totaal over alle leeftijden;Mannen en vrouwen;Boekel;2032;10519;9033;696;301;395;790;352;438;755
4797;Totaal over alle leeftijden;Mannen en vrouwen;Boekel;2033;10547;9017;720;306;414;810;365;445;755
4798;Totaal over alle leeftijden;Mannen en vrouwen;Boekel;2034;10589;9022;724;309;415;843;381;462;755
4799;Totaal over alle leeftijden;Mannen en vrouwen;Boekel;2035;10620;8994;745;320;425;881;398;483;755
4800;Totaal over alle leeftijden;Mannen en vrouwen;Boekel;2036;10649;9007;761;329;432;881;391;490;755
4801;Totaal over alle leeftijden;Mannen en vrouwen;Boekel;2037;10682;8992;790;335;455;900;389;511;755
4802;Totaal over alle leeftijden;Mannen en vrouwen;Boekel;2038;10689;8960;825;364;461;904;397;507;755
4803;Totaal over alle leeftijden;Mannen en vrouwen;Boekel;2039;10681;8905;834;370;464;942;414;528;755
4804;Totaal over alle leeftijden;Mannen en vrouwen;Boekel;2040;10702;8881;843;371;472;978;440;538;755
4805;Totaal over alle leeftijden;Mannen en vrouwen;Ten Boer;2010;7401;6886;343;121;222;172;77;95;9
4806;Totaal over alle leeftijden;Mannen en vrouwen;Ten Boer;2011;7406;6860;354;132;222;192;91;101;9
4807;Totaal over alle leeftijden;Mannen en vrouwen;Ten Boer;2012;7357;6779;374;146;228;204;95;109;9
4808;Totaal over alle leeftijden;Mannen en vrouwen;Ten Boer;2013;7330;6714;392;156;236;224;104;120;9
4809;Totaal over alle leeftijden;Mannen en vrouwen;Ten Boer;2014;7306;6657;401;167;234;248;109;139;9
4810;Totaal over alle leeftijden;Mannen en vrouwen;Ten Boer;2015;7306;6616;422;176;246;268;116;152;9
4811;Totaal over alle leeftijden;Mannen en vrouwen;Ten Boer;2016;7251;6524;448;196;252;279;119;160;9
4812;Totaal over alle leeftijden;Mannen en vrouwen;Ten Boer;2017;7252;6490;463;202;261;299;125;174;9
4813;Totaal over alle leeftijden;Mannen en vrouwen;Ten Boer;2018;7257;6443;487;210;277;327;138;189;9
4814;Totaal over alle leeftijden;Mannen en vrouwen;Ten Boer;2019;7280;6429;498;217;281;353;154;199;9
4815;Totaal over alle leeftijden;Mannen en vrouwen;Ten Boer;2020;7247;6363;508;221;287;376;156;220;9
4816;Totaal over alle leeftijden;Mannen en vrouwen;Ten Boer;2021;7223;6307;516;219;297;400;173;227;9
4817;Totaal over alle leeftijden;Mannen en vrouwen;Ten Boer;2022;7236;6283;535;227;308;418;185;233;9
4818;Totaal over alle leeftijden;Mannen en vrouwen;Ten Boer;2023;7272;6275;551;235;316;446;199;247;9
4819;Totaal over alle leeftijden;Mannen en vrouwen;Ten Boer;2024;7239;6238;544;233;311;457;208;249;9
4820;Totaal over alle leeftijden;Mannen en vrouwen;Ten Boer;2025;7304;6249;572;251;321;483;214;269;9
4821;Totaal over alle leeftijden;Mannen en vrouwen;Ten Boer;2026;7299;6216;585;263;322;498;222;276;9
4822;Totaal over alle leeftijden;Mannen en vrouwen;Ten Boer;2027;7317;6206;594;264;330;517;234;283;9
4823;Totaal over alle leeftijden;Mannen en vrouwen;Ten Boer;2028;7304;6181;596;262;334;527;238;289;9
4824;Totaal over alle leeftijden;Mannen en vrouwen;Ten Boer;2029;7347;6176;624;283;341;547;250;297;9
4825;Totaal over alle leeftijden;Mannen en vrouwen;Ten Boer;2030;7417;6199;647;297;350;571;265;306;9
4826;Totaal over alle leeftijden;Mannen en vrouwen;Ten Boer;2031;7457;6189;671;303;368;597;275;322;9
4827;Totaal over alle leeftijden;Mannen en vrouwen;Ten Boer;2032;7449;6154;685;310;375;610;277;333;9
4828;Totaal over alle leeftijden;Mannen en vrouwen;Ten Boer;2033;7460;6137;695;309;386;628;286;342;9
4829;Totaal over alle leeftijden;Mannen en vrouwen;Ten Boer;2034;7485;6144;706;313;393;635;286;349;9
4830;Totaal over alle leeftijden;Mannen en vrouwen;Ten Boer;2035;7528;6158;715;323;392;655;297;358;9
4831;Totaal over alle leeftijden;Mannen en vrouwen;Ten Boer;2036;7558;6178;718;316;402;662;296;366;9
4832;Totaal over alle leeftijden;Mannen en vrouwen;Ten Boer;2037;7540;6154;719;315;404;667;300;367;9
4833;Totaal over alle leeftijden;Mannen en vrouwen;Ten Boer;2038;7565;6161;719;314;405;685;306;379;9
4834;Totaal over alle leeftijden;Mannen en vrouwen;Ten Boer;2039;7609;6191;728;321;407;690;303;387;9
4835;Totaal over alle leeftijden;Mannen en vrouwen;Ten Boer;2040;7590;6172;725;321;404;693;310;383;9
4836;Totaal over alle leeftijden;Mannen en vrouwen;Bolsward;2010;9832;8919;483;174;309;430;251;179;64
4837;Totaal over alle leeftijden;Mannen en vrouwen;Bolsward;2011;9847;8867;510;190;320;470;266;204;64
4838;Totaal over alle leeftijden;Mannen en vrouwen;Bolsward;2012;9889;8854;537;202;335;498;268;230;64
4839;Totaal over alle leeftijden;Mannen en vrouwen;Bolsward;2013;9949;8845;557;210;347;547;289;258;64
4840;Totaal over alle leeftijden;Mannen en vrouwen;Bolsward;2014;9983;8838;575;212;363;570;306;264;64
4841;Totaal over alle leeftijden;Mannen en vrouwen;Bolsward;2015;10003;8792;598;226;372;613;337;276;64
4842;Totaal over alle leeftijden;Mannen en vrouwen;Bolsward;2016;9971;8707;618;240;378;646;351;295;64
4843;Totaal over alle leeftijden;Mannen en vrouwen;Bolsward;2017;10044;8749;617;238;379;678;365;313;64
4844;Totaal over alle leeftijden;Mannen en vrouwen;Bolsward;2018;10076;8717;634;255;379;725;389;336;64
4845;Totaal over alle leeftijden;Mannen en vrouwen;Bolsward;2019;10074;8679;652;262;390;743;403;340;64
4846;Totaal over alle leeftijden;Mannen en vrouwen;Bolsward;2020;10058;8630;661;261;400;767;409;358;64
4847;Totaal over alle leeftijden;Mannen en vrouwen;Bolsward;2021;10077;8598;678;276;402;801;413;388;64
4848;Totaal over alle leeftijden;Mannen en vrouwen;Bolsward;2022;10078;8550;699;286;413;829;427;402;64
4849;Totaal over alle leeftijden;Mannen en vrouwen;Bolsward;2023;10097;8494;716;293;423;887;449;438;64
4850;Totaal over alle leeftijden;Mannen en vrouwen;Bolsward;2024;10042;8384;735;303;432;923;464;459;64
4851;Totaal over alle leeftijden;Mannen en vrouwen;Bolsward;2025;10003;8275;754;315;439;974;486;488;64
4852;Totaal over alle leeftijden;Mannen en vrouwen;Bolsward;2026;9985;8208;778;324;454;999;500;499;64
4853;Totaal over alle leeftijden;Mannen en vrouwen;Bolsward;2027;10018;8178;805;337;468;1035;499;536;64
4854;Totaal over alle leeftijden;Mannen en vrouwen;Bolsward;2028;10037;8154;806;341;465;1077;516;561;64
4855;Totaal over alle leeftijden;Mannen en vrouwen;Bolsward;2029;10040;8101;820;348;472;1119;532;587;64
4856;Totaal over alle leeftijden;Mannen en vrouwen;Bolsward;2030;10011;8025;825;346;479;1161;548;613;64
4857;Totaal over alle leeftijden;Mannen en vrouwen;Bolsward;2031;10043;7998;847;358;489;1198;564;634;64
4858;Totaal over alle leeftijden;Mannen en vrouwen;Bolsward;2032;10086;8012;864;360;504;1210;572;638;64
4859;Totaal over alle leeftijden;Mannen en vrouwen;Bolsward;2033;10080;7990;866;368;498;1224;578;646;64
4860;Totaal over alle leeftijden;Mannen en vrouwen;Bolsward;2034;10078;7935;885;377;508;1258;597;661;64
4861;Totaal over alle leeftijden;Mannen en vrouwen;Bolsward;2035;10078;7902;900;383;517;1276;595;681;64
4862;Totaal over alle leeftijden;Mannen en vrouwen;Bolsward;2036;10072;7865;912;381;531;1295;601;694;64
4863;Totaal over alle leeftijden;Mannen en vrouwen;Bolsward;2037;10018;7792;914;386;528;1312;607;705;64
4864;Totaal over alle leeftijden;Mannen en vrouwen;Bolsward;2038;10028;7748;934;400;534;1346;620;726;64
4865;Totaal over alle leeftijden;Mannen en vrouwen;Bolsward;2039;10018;7689;949;409;540;1380;632;748;64
4866;Totaal over alle leeftijden;Mannen en vrouwen;Bolsward;2040;10000;7658;946;403;543;1396;638;758;64
4867;Totaal over alle leeftijden;Mannen en vrouwen;Borger-Odoorn;2010;25961;24367;1088;375;713;506;283;223;1681
4868;Totaal over alle leeftijden;Mannen en vrouwen;Borger-Odoorn;2011;25760;24056;1103;380;723;601;336;265;1681
4869;Totaal over alle leeftijden;Mannen en vrouwen;Borger-Odoorn;2012;25537;23717;1136;399;737;684;375;309;1681
4870;Totaal over alle leeftijden;Mannen en vrouwen;Borger-Odoorn;2013;25395;23445;1156;401;755;794;425;369;1681
4871;Totaal over alle leeftijden;Mannen en vrouwen;Borger-Odoorn;2014;25245;23204;1183;412;771;858;475;383;1681
4872;Totaal over alle leeftijden;Mannen en vrouwen;Borger-Odoorn;2015;25160;23000;1222;436;786;938;524;414;1681
4873;Totaal over alle leeftijden;Mannen en vrouwen;Borger-Odoorn;2016;25035;22774;1244;441;803;1017;560;457;1681
4874;Totaal over alle leeftijden;Mannen en vrouwen;Borger-Odoorn;2017;24991;22596;1273;452;821;1122;618;504;1681
4875;Totaal over alle leeftijden;Mannen en vrouwen;Borger-Odoorn;2018;24939;22418;1313;465;848;1208;661;547;1681
4876;Totaal over alle leeftijden;Mannen en vrouwen;Borger-Odoorn;2019;24892;22240;1355;484;871;1297;700;597;1681
4877;Totaal over alle leeftijden;Mannen en vrouwen;Borger-Odoorn;2020;24854;22140;1379;501;878;1335;707;628;1681
4878;Totaal over alle leeftijden;Mannen en vrouwen;Borger-Odoorn;2021;24856;22025;1413;520;893;1418;746;672;1681
4879;Totaal over alle leeftijden;Mannen en vrouwen;Borger-Odoorn;2022;24841;21875;1456;539;917;1510;797;713;1681
4880;Totaal over alle leeftijden;Mannen en vrouwen;Borger-Odoorn;2023;24793;21728;1486;559;927;1579;836;743;1681
4881;Totaal over alle leeftijden;Mannen en vrouwen;Borger-Odoorn;2024;24753;21621;1497;567;930;1635;849;786;1681
4882;Totaal over alle leeftijden;Mannen en vrouwen;Borger-Odoorn;2025;24717;21517;1511;577;934;1689;863;826;1681
4883;Totaal over alle leeftijden;Mannen en vrouwen;Borger-Odoorn;2026;24679;21340;1536;590;946;1803;911;892;1681
4884;Totaal over alle leeftijden;Mannen en vrouwen;Borger-Odoorn;2027;24632;21210;1554;597;957;1868;934;934;1681
4885;Totaal over alle leeftijden;Mannen en vrouwen;Borger-Odoorn;2028;24582;21099;1571;610;961;1912;946;966;1681
4886;Totaal over alle leeftijden;Mannen en vrouwen;Borger-Odoorn;2029;24529;20964;1609;634;975;1956;959;997;1681
4887;Totaal over alle leeftijden;Mannen en vrouwen;Borger-Odoorn;2030;24458;20820;1636;644;992;2002;998;1004;1681
4888;Totaal over alle leeftijden;Mannen en vrouwen;Borger-Odoorn;2031;24380;20679;1644;653;991;2057;1027;1030;1681
4889;Totaal over alle leeftijden;Mannen en vrouwen;Borger-Odoorn;2032;24316;20546;1660;658;1002;2110;1040;1070;1681
4890;Totaal over alle leeftijden;Mannen en vrouwen;Borger-Odoorn;2033;24204;20367;1673;671;1002;2164;1066;1098;1681
4891;Totaal over alle leeftijden;Mannen en vrouwen;Borger-Odoorn;2034;24119;20211;1704;690;1014;2204;1087;1117;1681
4892;Totaal over alle leeftijden;Mannen en vrouwen;Borger-Odoorn;2035;24102;20122;1725;682;1043;2255;1100;1155;1681
4893;Totaal over alle leeftijden;Mannen en vrouwen;Borger-Odoorn;2036;24081;20027;1716;663;1053;2338;1139;1199;1681
4894;Totaal over alle leeftijden;Mannen en vrouwen;Borger-Odoorn;2037;24019;19901;1722;666;1056;2396;1153;1243;1681
4895;Totaal over alle leeftijden;Mannen en vrouwen;Borger-Odoorn;2038;23981;19775;1741;668;1073;2465;1187;1278;1681
4896;Totaal over alle leeftijden;Mannen en vrouwen;Borger-Odoorn;2039;23936;19655;1759;675;1084;2522;1213;1309;1681
4897;Totaal over alle leeftijden;Mannen en vrouwen;Borger-Odoorn;2040;23923;19560;1789;681;1108;2574;1241;1333;1681
4898;Totaal over alle leeftijden;Mannen en vrouwen;Borne;2010;21247;18756;1460;492;968;1031;618;413;147
4899;Totaal over alle leeftijden;Mannen en vrouwen;Borne;2011;21268;18689;1489;505;984;1090;645;445;147
4900;Totaal over alle leeftijden;Mannen en vrouwen;Borne;2012;21283;18608;1517;530;987;1158;685;473;147
4901;Totaal over alle leeftijden;Mannen en vrouwen;Borne;2013;21314;18571;1503;524;979;1240;726;514;147
4902;Totaal over alle leeftijden;Mannen en vrouwen;Borne;2014;21385;18561;1505;541;964;1319;752;567;147
4903;Totaal over alle leeftijden;Mannen en vrouwen;Borne;2015;21406;18534;1487;549;938;1385;770;615;147
4904;Totaal over alle leeftijden;Mannen en vrouwen;Borne;2016;21442;18471;1482;544;938;1489;813;676;147
4905;Totaal over alle leeftijden;Mannen en vrouwen;Borne;2017;21514;18450;1512;555;957;1552;840;712;147
4906;Totaal over alle leeftijden;Mannen en vrouwen;Borne;2018;21583;18413;1531;574;957;1639;864;775;147
4907;Totaal over alle leeftijden;Mannen en vrouwen;Borne;2019;21617;18355;1523;572;951;1739;903;836;147
4908;Totaal over alle leeftijden;Mannen en vrouwen;Borne;2020;21693;18373;1509;578;931;1811;921;890;147
4909;Totaal over alle leeftijden;Mannen en vrouwen;Borne;2021;21778;18355;1534;597;937;1889;968;921;147
4910;Totaal over alle leeftijden;Mannen en vrouwen;Borne;2022;21827;18309;1540;613;927;1978;1000;978;147
4911;Totaal over alle leeftijden;Mannen en vrouwen;Borne;2023;21936;18279;1557;616;941;2100;1059;1041;147
4912;Totaal over alle leeftijden;Mannen en vrouwen;Borne;2024;21977;18231;1563;638;925;2183;1098;1085;147
4913;Totaal over alle leeftijden;Mannen en vrouwen;Borne;2025;22017;18175;1561;630;931;2281;1138;1143;147
4914;Totaal over alle leeftijden;Mannen en vrouwen;Borne;2026;22132;18178;1572;643;929;2382;1160;1222;147
4915;Totaal over alle leeftijden;Mannen en vrouwen;Borne;2027;22155;18134;1567;635;932;2454;1186;1268;147
4916;Totaal over alle leeftijden;Mannen en vrouwen;Borne;2028;22235;18128;1567;648;919;2540;1236;1304;147
4917;Totaal over alle leeftijden;Mannen en vrouwen;Borne;2029;22347;18109;1576;671;905;2662;1294;1368;147
4918;Totaal over alle leeftijden;Mannen en vrouwen;Borne;2030;22407;18095;1594;692;902;2718;1335;1383;147
4919;Totaal over alle leeftijden;Mannen en vrouwen;Borne;2031;22447;18071;1590;703;887;2786;1353;1433;147
4920;Totaal over alle leeftijden;Mannen en vrouwen;Borne;2032;22474;18011;1596;714;882;2867;1388;1479;147
4921;Totaal over alle leeftijden;Mannen en vrouwen;Borne;2033;22535;17968;1628;734;894;2939;1426;1513;147
4922;Totaal over alle leeftijden;Mannen en vrouwen;Borne;2034;22526;17882;1647;738;909;2997;1430;1567;147
4923;Totaal over alle leeftijden;Mannen en vrouwen;Borne;2035;22548;17865;1631;740;891;3052;1478;1574;147
4924;Totaal over alle leeftijden;Mannen en vrouwen;Borne;2036;22539;17784;1614;739;875;3141;1501;1640;147
4925;Totaal over alle leeftijden;Mannen en vrouwen;Borne;2037;22550;17729;1606;752;854;3215;1538;1677;147
4926;Totaal over alle leeftijden;Mannen en vrouwen;Borne;2038;22572;17663;1625;756;869;3284;1554;1730;147
4927;Totaal over alle leeftijden;Mannen en vrouwen;Borne;2039;22655;17636;1652;773;879;3367;1602;1765;147
4928;Totaal over alle leeftijden;Mannen en vrouwen;Borne;2040;22658;17578;1627;748;879;3453;1623;1830;147
4929;Totaal over alle leeftijden;Mannen en vrouwen;Borsele;2010;22537;20657;1357;569;788;523;287;236;654
4930;Totaal over alle leeftijden;Mannen en vrouwen;Borsele;2011;22482;20495;1400;583;817;587;309;278;654
4931;Totaal over alle leeftijden;Mannen en vrouwen;Borsele;2012;22400;20274;1448;601;847;678;355;323;654
4932;Totaal over alle leeftijden;Mannen en vrouwen;Borsele;2013;22332;20066;1521;631;890;745;390;355;654
4933;Totaal over alle leeftijden;Mannen en vrouwen;Borsele;2014;22338;19929;1563;654;909;846;431;415;654
4934;Totaal over alle leeftijden;Mannen en vrouwen;Borsele;2015;22286;19758;1602;659;943;926;463;463;654
4935;Totaal over alle leeftijden;Mannen en vrouwen;Borsele;2016;22316;19664;1625;663;962;1027;504;523;654
4936;Totaal over alle leeftijden;Mannen en vrouwen;Borsele;2017;22179;19434;1648;680;968;1097;531;566;654
4937;Totaal over alle leeftijden;Mannen en vrouwen;Borsele;2018;22097;19222;1710;710;1000;1165;545;620;654
4938;Totaal over alle leeftijden;Mannen en vrouwen;Borsele;2019;22021;19050;1742;708;1034;1229;559;670;654
4939;Totaal over alle leeftijden;Mannen en vrouwen;Borsele;2020;22103;18997;1795;735;1060;1311;593;718;654
4940;Totaal over alle leeftijden;Mannen en vrouwen;Borsele;2021;22041;18831;1818;738;1080;1392;641;751;654
4941;Totaal over alle leeftijden;Mannen en vrouwen;Borsele;2022;22084;18756;1859;754;1105;1469;667;802;654
4942;Totaal over alle leeftijden;Mannen en vrouwen;Borsele;2023;21979;18533;1915;773;1142;1531;692;839;654
4943;Totaal over alle leeftijden;Mannen en vrouwen;Borsele;2024;22028;18454;1958;774;1184;1616;721;895;654
4944;Totaal over alle leeftijden;Mannen en vrouwen;Borsele;2025;22013;18342;1994;780;1214;1677;750;927;654
4945;Totaal over alle leeftijden;Mannen en vrouwen;Borsele;2026;21978;18188;2018;804;1214;1772;780;992;654
4946;Totaal over alle leeftijden;Mannen en vrouwen;Borsele;2027;21977;18070;2064;824;1240;1843;796;1047;654
4947;Totaal over alle leeftijden;Mannen en vrouwen;Borsele;2028;21981;17953;2098;845;1253;1930;825;1105;654
4948;Totaal over alle leeftijden;Mannen en vrouwen;Borsele;2029;22026;17903;2123;848;1275;2000;844;1156;654
4949;Totaal over alle leeftijden;Mannen en vrouwen;Borsele;2030;22090;17860;2155;862;1293;2075;872;1203;654
4950;Totaal over alle leeftijden;Mannen en vrouwen;Borsele;2031;22120;17778;2170;868;1302;2172;913;1259;654
4951;Totaal over alle leeftijden;Mannen en vrouwen;Borsele;2032;22174;17695;2212;892;1320;2267;945;1322;654
4952;Totaal over alle leeftijden;Mannen en vrouwen;Borsele;2033;22231;17677;2240;892;1348;2314;966;1348;654
4953;Totaal over alle leeftijden;Mannen en vrouwen;Borsele;2034;22286;17608;2279;900;1379;2399;999;1400;654
4954;Totaal over alle leeftijden;Mannen en vrouwen;Borsele;2035;22299;17534;2313;923;1390;2452;1005;1447;654
4955;Totaal over alle leeftijden;Mannen en vrouwen;Borsele;2036;22283;17399;2349;937;1412;2535;1038;1497;654
4956;Totaal over alle leeftijden;Mannen en vrouwen;Borsele;2037;22306;17311;2409;963;1446;2586;1048;1538;654
4957;Totaal over alle leeftijden;Mannen en vrouwen;Borsele;2038;22290;17181;2440;971;1469;2669;1069;1600;654
4958;Totaal over alle leeftijden;Mannen en vrouwen;Borsele;2039;22279;17050;2477;989;1488;2752;1112;1640;654
4959;Totaal over alle leeftijden;Mannen en vrouwen;Borsele;2040;22279;16941;2492;993;1499;2846;1150;1696;654
4960;Totaal over alle leeftijden;Mannen en vrouwen;Boskoop;2010;15267;13169;902;356;546;1196;635;561;499
4961;Totaal over alle leeftijden;Mannen en vrouwen;Boskoop;2011;15401;13243;909;349;560;1249;652;597;499
4962;Totaal over alle leeftijden;Mannen en vrouwen;Boskoop;2012;15504;13267;932;355;577;1305;650;655;499
4963;Totaal over alle leeftijden;Mannen en vrouwen;Boskoop;2013;15587;13237;967;372;595;1383;674;709;499
4964;Totaal over alle leeftijden;Mannen en vrouwen;Boskoop;2014;15686;13304;963;366;597;1419;691;728;499
4965;Totaal over alle leeftijden;Mannen en vrouwen;Boskoop;2015;15760;13282;991;376;615;1487;716;771;499
4966;Totaal over alle leeftijden;Mannen en vrouwen;Boskoop;2016;15854;13292;1000;387;613;1562;744;818;499
4967;Totaal over alle leeftijden;Mannen en vrouwen;Boskoop;2017;15950;13335;997;379;618;1618;768;850;499
4968;Totaal over alle leeftijden;Mannen en vrouwen;Boskoop;2018;16022;13344;1011;386;625;1667;786;881;499
4969;Totaal over alle leeftijden;Mannen en vrouwen;Boskoop;2019;16079;13326;1026;383;643;1727;811;916;499
4970;Totaal over alle leeftijden;Mannen en vrouwen;Boskoop;2020;16179;13351;1044;384;660;1784;847;937;499
4971;Totaal over alle leeftijden;Mannen en vrouwen;Boskoop;2021;16274;13384;1072;395;677;1818;853;965;499
4972;Totaal over alle leeftijden;Mannen en vrouwen;Boskoop;2022;16352;13412;1102;405;697;1838;858;980;499
4973;Totaal over alle leeftijden;Mannen en vrouwen;Boskoop;2023;16461;13450;1118;420;698;1893;878;1015;499
4974;Totaal over alle leeftijden;Mannen en vrouwen;Boskoop;2024;16468;13392;1129;421;708;1947;903;1044;499
4975;Totaal over alle leeftijden;Mannen en vrouwen;Boskoop;2025;16433;13317;1138;416;722;1978;917;1061;499
4976;Totaal over alle leeftijden;Mannen en vrouwen;Boskoop;2026;16522;13322;1172;436;736;2028;942;1086;499
4977;Totaal over alle leeftijden;Mannen en vrouwen;Boskoop;2027;16595;13365;1168;440;728;2062;959;1103;499
4978;Totaal over alle leeftijden;Mannen en vrouwen;Boskoop;2028;16709;13380;1205;456;749;2124;976;1148;499
4979;Totaal over alle leeftijden;Mannen en vrouwen;Boskoop;2029;16717;13355;1207;448;759;2155;1003;1152;499
4980;Totaal over alle leeftijden;Mannen en vrouwen;Boskoop;2030;16787;13385;1205;452;753;2197;1025;1172;499
4981;Totaal over alle leeftijden;Mannen en vrouwen;Boskoop;2031;16830;13389;1227;453;774;2214;1029;1185;499
4982;Totaal over alle leeftijden;Mannen en vrouwen;Boskoop;2032;16860;13358;1228;455;773;2274;1054;1220;499
4983;Totaal over alle leeftijden;Mannen en vrouwen;Boskoop;2033;16867;13335;1228;454;774;2304;1075;1229;499
4984;Totaal over alle leeftijden;Mannen en vrouwen;Boskoop;2034;16888;13326;1221;455;766;2341;1099;1242;499
4985;Totaal over alle leeftijden;Mannen en vrouwen;Boskoop;2035;16948;13320;1230;452;778;2398;1109;1289;499
4986;Totaal over alle leeftijden;Mannen en vrouwen;Boskoop;2036;17022;13370;1229;452;777;2423;1115;1308;499
4987;Totaal over alle leeftijden;Mannen en vrouwen;Boskoop;2037;17053;13347;1229;454;775;2477;1128;1349;499
4988;Totaal over alle leeftijden;Mannen en vrouwen;Boskoop;2038;17078;13319;1233;447;786;2526;1143;1383;499
4989;Totaal over alle leeftijden;Mannen en vrouwen;Boskoop;2039;17040;13251;1232;428;804;2557;1163;1394;499
4990;Totaal over alle leeftijden;Mannen en vrouwen;Boskoop;2040;17088;13258;1237;422;815;2593;1170;1423;499
4991;Totaal over alle leeftijden;Mannen en vrouwen;Boxmeer;2010;28473;25389;2046;800;1246;1038;608;430;756
4992;Totaal over alle leeftijden;Mannen en vrouwen;Boxmeer;2011;28496;25316;2076;826;1250;1104;642;462;756
4993;Totaal over alle leeftijden;Mannen en vrouwen;Boxmeer;2012;28378;25165;2059;829;1230;1154;650;504;756
4994;Totaal over alle leeftijden;Mannen en vrouwen;Boxmeer;2013;28286;24974;2087;849;1238;1225;685;540;756
4995;Totaal over alle leeftijden;Mannen en vrouwen;Boxmeer;2014;28219;24839;2088;851;1237;1292;702;590;756
4996;Totaal over alle leeftijden;Mannen en vrouwen;Boxmeer;2015;28268;24773;2102;861;1241;1393;749;644;756
4997;Totaal over alle leeftijden;Mannen en vrouwen;Boxmeer;2016;28341;24718;2130;885;1245;1493;802;691;756
4998;Totaal over alle leeftijden;Mannen en vrouwen;Boxmeer;2017;28355;24635;2152;894;1258;1568;836;732;756
4999;Totaal over alle leeftijden;Mannen en vrouwen;Boxmeer;2018;28350;24544;2135;902;1233;1671;882;789;756
5000;Totaal over alle leeftijden;Mannen en vrouwen;Boxmeer;2019;28364;24451;2178;925;1253;1735;922;813;756
5001;Totaal over alle leeftijden;Mannen en vrouwen;Boxmeer;2020;28466;24448;2217;956;1261;1801;939;862;756
5002;Totaal over alle leeftijden;Mannen en vrouwen;Boxmeer;2021;28487;24377;2226;961;1265;1884;976;908;756
5003;Totaal over alle leeftijden;Mannen en vrouwen;Boxmeer;2022;28493;24330;2212;943;1269;1951;1019;932;756
5004;Totaal over alle leeftijden;Mannen en vrouwen;Boxmeer;2023;28495;24263;2235;960;1275;1997;1027;970;756
5005;Totaal over alle leeftijden;Mannen en vrouwen;Boxmeer;2024;28544;24203;2276;984;1292;2065;1055;1010;756
5006;Totaal over alle leeftijden;Mannen en vrouwen;Boxmeer;2025;28524;24124;2263;982;1281;2137;1084;1053;756
5007;Totaal over alle leeftijden;Mannen en vrouwen;Boxmeer;2026;28553;24035;2291;1002;1289;2227;1115;1112;756
5008;Totaal over alle leeftijden;Mannen en vrouwen;Boxmeer;2027;28548;23981;2275;1007;1268;2292;1152;1140;756
5009;Totaal over alle leeftijden;Mannen en vrouwen;Boxmeer;2028;28592;23908;2299;1031;1268;2385;1192;1193;756
5010;Totaal over alle leeftijden;Mannen en vrouwen;Boxmeer;2029;28617;23836;2319;1055;1264;2462;1219;1243;756
5011;Totaal over alle leeftijden;Mannen en vrouwen;Boxmeer;2030;28627;23764;2332;1072;1260;2531;1231;1300;756
5012;Totaal over alle leeftijden;Mannen en vrouwen;Boxmeer;2031;28650;23703;2329;1062;1267;2618;1262;1356;756
5013;Totaal over alle leeftijden;Mannen en vrouwen;Boxmeer;2032;28604;23604;2331;1075;1256;2669;1281;1388;756
5014;Totaal over alle leeftijden;Mannen en vrouwen;Boxmeer;2033;28569;23477;2326;1051;1275;2766;1316;1450;756
5015;Totaal over alle leeftijden;Mannen en vrouwen;Boxmeer;2034;28545;23413;2292;1029;1263;2840;1346;1494;756
5016;Totaal over alle leeftijden;Mannen en vrouwen;Boxmeer;2035;28539;23327;2311;1044;1267;2901;1388;1513;756
5017;Totaal over alle leeftijden;Mannen en vrouwen;Boxmeer;2036;28525;23242;2300;1037;1263;2983;1413;1570;756
5018;Totaal over alle leeftijden;Mannen en vrouwen;Boxmeer;2037;28470;23167;2279;1022;1257;3024;1419;1605;756
5019;Totaal over alle leeftijden;Mannen en vrouwen;Boxmeer;2038;28381;23034;2293;1023;1270;3054;1418;1636;756
5020;Totaal over alle leeftijden;Mannen en vrouwen;Boxmeer;2039;28296;22924;2292;1037;1255;3080;1412;1668;756
5021;Totaal over alle leeftijden;Mannen en vrouwen;Boxmeer;2040;28190;22749;2315;1063;1252;3126;1411;1715;756
5022;Totaal over alle leeftijden;Mannen en vrouwen;Boxtel;2010;29869;25756;1910;789;1121;2203;1174;1029;757
5023;Totaal over alle leeftijden;Mannen en vrouwen;Boxtel;2011;29807;25596;1939;804;1135;2272;1185;1087;757
5024;Totaal over alle leeftijden;Mannen en vrouwen;Boxtel;2012;29746;25446;1967;816;1151;2333;1212;1121;757
5025;Totaal over alle leeftijden;Mannen en vrouwen;Boxtel;2013;29769;25367;2001;835;1166;2401;1237;1164;757
5026;Totaal over alle leeftijden;Mannen en vrouwen;Boxtel;2014;29834;25313;2039;862;1177;2482;1269;1213;757
5027;Totaal over alle leeftijden;Mannen en vrouwen;Boxtel;2015;29864;25257;2053;858;1195;2554;1286;1268;757
5028;Totaal over alle leeftijden;Mannen en vrouwen;Boxtel;2016;29981;25262;2070;856;1214;2649;1327;1322;757
5029;Totaal over alle leeftijden;Mannen en vrouwen;Boxtel;2017;29956;25149;2091;859;1232;2716;1362;1354;757
5030;Totaal over alle leeftijden;Mannen en vrouwen;Boxtel;2018;29988;25049;2114;868;1246;2825;1413;1412;757
5031;Totaal over alle leeftijden;Mannen en vrouwen;Boxtel;2019;30130;25062;2144;885;1259;2924;1441;1483;757
5032;Totaal over alle leeftijden;Mannen en vrouwen;Boxtel;2020;30148;24986;2165;907;1258;2997;1478;1519;757
5033;Totaal over alle leeftijden;Mannen en vrouwen;Boxtel;2021;30209;24925;2191;932;1259;3093;1530;1563;757
5034;Totaal over alle leeftijden;Mannen en vrouwen;Boxtel;2022;30269;24879;2256;977;1279;3134;1527;1607;757
5035;Totaal over alle leeftijden;Mannen en vrouwen;Boxtel;2023;30371;24848;2299;1003;1296;3224;1559;1665;757
5036;Totaal over alle leeftijden;Mannen en vrouwen;Boxtel;2024;30466;24824;2320;1028;1292;3322;1613;1709;757
5037;Totaal over alle leeftijden;Mannen en vrouwen;Boxtel;2025;30557;24808;2348;1040;1308;3401;1649;1752;757
5038;Totaal over alle leeftijden;Mannen en vrouwen;Boxtel;2026;30579;24697;2398;1062;1336;3484;1677;1807;757
5039;Totaal over alle leeftijden;Mannen en vrouwen;Boxtel;2027;30619;24636;2429;1061;1368;3554;1680;1874;757
5040;Totaal over alle leeftijden;Mannen en vrouwen;Boxtel;2028;30659;24592;2449;1087;1362;3618;1699;1919;757
5041;Totaal over alle leeftijden;Mannen en vrouwen;Boxtel;2029;30714;24509;2477;1105;1372;3728;1735;1993;757
5042;Totaal over alle leeftijden;Mannen en vrouwen;Boxtel;2030;30745;24453;2496;1120;1376;3796;1745;2051;757
5043;Totaal over alle leeftijden;Mannen en vrouwen;Boxtel;2031;30815;24406;2504;1146;1358;3905;1753;2152;757
5044;Totaal over alle leeftijden;Mannen en vrouwen;Boxtel;2032;30879;24364;2519;1160;1359;3996;1777;2219;757
5045;Totaal over alle leeftijden;Mannen en vrouwen;Boxtel;2033;30943;24322;2545;1161;1384;4076;1809;2267;757
5046;Totaal over alle leeftijden;Mannen en vrouwen;Boxtel;2034;30987;24258;2568;1176;1392;4161;1816;2345;757
5047;Totaal over alle leeftijden;Mannen en vrouwen;Boxtel;2035;31014;24169;2614;1191;1423;4231;1837;2394;757
5048;Totaal over alle leeftijden;Mannen en vrouwen;Boxtel;2036;31028;24090;2622;1212;1410;4316;1835;2481;757
5049;Totaal over alle leeftijden;Mannen en vrouwen;Boxtel;2037;31082;24057;2643;1212;1431;4382;1840;2542;757
5050;Totaal over alle leeftijden;Mannen en vrouwen;Boxtel;2038;31112;23969;2693;1231;1462;4450;1856;2594;757
5051;Totaal over alle leeftijden;Mannen en vrouwen;Boxtel;2039;31181;23943;2722;1248;1474;4516;1861;2655;757
5052;Totaal over alle leeftijden;Mannen en vrouwen;Boxtel;2040;31243;23868;2772;1278;1494;4603;1894;2709;757
5053;Totaal over alle leeftijden;Mannen en vrouwen;Breda;2010;173838;136333;18820;7958;10862;18685;10085;8600;758
5054;Totaal over alle leeftijden;Mannen en vrouwen;Breda;2011;174764;136318;19385;8416;10969;19061;10177;8884;758
5055;Totaal over alle leeftijden;Mannen en vrouwen;Breda;2012;175679;136285;19906;8853;11053;19488;10314;9174;758
5056;Totaal over alle leeftijden;Mannen en vrouwen;Breda;2013;176330;136294;20292;9183;11109;19744;10435;9309;758
5057;Totaal over alle leeftijden;Mannen en vrouwen;Breda;2014;176715;135921;20735;9510;11225;20059;10548;9511;758
5058;Totaal over alle leeftijden;Mannen en vrouwen;Breda;2015;177143;135603;21168;9776;11392;20372;10648;9724;758
5059;Totaal over alle leeftijden;Mannen en vrouwen;Breda;2016;177565;135298;21610;10040;11570;20657;10800;9857;758
5060;Totaal over alle leeftijden;Mannen en vrouwen;Breda;2017;178243;135159;22140;10393;11747;20944;10912;10032;758
5061;Totaal over alle leeftijden;Mannen en vrouwen;Breda;2018;179148;135194;22664;10711;11953;21290;11097;10193;758
5062;Totaal over alle leeftijden;Mannen en vrouwen;Breda;2019;179999;135195;23169;11026;12143;21635;11196;10439;758
5063;Totaal over alle leeftijden;Mannen en vrouwen;Breda;2020;180874;135261;23662;11336;12326;21951;11389;10562;758
5064;Totaal over alle leeftijden;Mannen en vrouwen;Breda;2021;181763;135288;24196;11635;12561;22279;11495;10784;758
5065;Totaal over alle leeftijden;Mannen en vrouwen;Breda;2022;182645;135495;24603;11975;12628;22547;11636;10911;758
5066;Totaal over alle leeftijden;Mannen en vrouwen;Breda;2023;183798;135837;25102;12306;12796;22859;11790;11069;758
5067;Totaal over alle leeftijden;Mannen en vrouwen;Breda;2024;184919;136035;25577;12652;12925;23307;12010;11297;758
5068;Totaal over alle leeftijden;Mannen en vrouwen;Breda;2025;185959;136262;26073;12988;13085;23624;12199;11425;758
5069;Totaal over alle leeftijden;Mannen en vrouwen;Breda;2026;187021;136534;26603;13309;13294;23884;12360;11524;758
5070;Totaal over alle leeftijden;Mannen en vrouwen;Breda;2027;187951;136756;27073;13697;13376;24122;12486;11636;758
5071;Totaal over alle leeftijden;Mannen en vrouwen;Breda;2028;188824;136841;27538;14060;13478;24445;12617;11828;758
5072;Totaal over alle leeftijden;Mannen en vrouwen;Breda;2029;189730;137020;27901;14339;13562;24809;12782;12027;758
5073;Totaal over alle leeftijden;Mannen en vrouwen;Breda;2030;190595;137016;28361;14690;13671;25218;12906;12312;758
5074;Totaal over alle leeftijden;Mannen en vrouwen;Breda;2031;191465;137142;28819;15037;13782;25504;13057;12447;758
5075;Totaal over alle leeftijden;Mannen en vrouwen;Breda;2032;192127;137257;29199;15358;13841;25671;13129;12542;758
5076;Totaal over alle leeftijden;Mannen en vrouwen;Breda;2033;192938;137263;29648;15712;13936;26027;13331;12696;758
5077;Totaal over alle leeftijden;Mannen en vrouwen;Breda;2034;193738;137382;30057;16041;14016;26299;13461;12838;758
5078;Totaal over alle leeftijden;Mannen en vrouwen;Breda;2035;194490;137640;30446;16355;14091;26404;13556;12848;758
5079;Totaal over alle leeftijden;Mannen en vrouwen;Breda;2036;195272;137754;30871;16653;14218;26647;13674;12973;758
5080;Totaal over alle leeftijden;Mannen en vrouwen;Breda;2037;196026;137886;31288;16990;14298;26852;13765;13087;758
5081;Totaal over alle leeftijden;Mannen en vrouwen;Breda;2038;196884;138056;31644;17214;14430;27184;13893;13291;758
5082;Totaal over alle leeftijden;Mannen en vrouwen;Breda;2039;197569;138122;32045;17520;14525;27402;13956;13446;758
5083;Totaal over alle leeftijden;Mannen en vrouwen;Breda;2040;198190;138077;32445;17805;14640;27668;14099;13569;758
5084;Totaal over alle leeftijden;Mannen en vrouwen;Breukelen;2010;14344;12479;1228;466;762;637;344;293;311
5085;Totaal over alle leeftijden;Mannen en vrouwen;Breukelen;2011;14246;12306;1270;491;779;670;345;325;311
5086;Totaal over alle leeftijden;Mannen en vrouwen;Breukelen;2012;14224;12212;1290;499;791;722;349;373;311
5087;Totaal over alle leeftijden;Mannen en vrouwen;Breukelen;2013;14136;12047;1315;508;807;774;374;400;311
5088;Totaal over alle leeftijden;Mannen en vrouwen;Breukelen;2014;14039;11894;1335;523;812;810;371;439;311
5089;Totaal over alle leeftijden;Mannen en vrouwen;Breukelen;2015;14014;11802;1344;525;819;868;391;477;311
5090;Totaal over alle leeftijden;Mannen en vrouwen;Breukelen;2016;14036;11754;1368;530;838;914;405;509;311
5091;Totaal over alle leeftijden;Mannen en vrouwen;Breukelen;2017;14029;11703;1372;517;855;954;423;531;311
5092;Totaal over alle leeftijden;Mannen en vrouwen;Breukelen;2018;14000;11596;1397;523;874;1007;454;553;311
5093;Totaal over alle leeftijden;Mannen en vrouwen;Breukelen;2019;13959;11525;1389;514;875;1045;458;587;311
5094;Totaal over alle leeftijden;Mannen en vrouwen;Breukelen;2020;13992;11455;1414;526;888;1123;481;642;311
5095;Totaal over alle leeftijden;Mannen en vrouwen;Breukelen;2021;13980;11386;1432;530;902;1162;494;668;311
5096;Totaal over alle leeftijden;Mannen en vrouwen;Breukelen;2022;14012;11335;1444;519;925;1233;517;716;311
5097;Totaal over alle leeftijden;Mannen en vrouwen;Breukelen;2023;14114;11354;1485;538;947;1275;529;746;311
5098;Totaal over alle leeftijden;Mannen en vrouwen;Breukelen;2024;14201;11367;1514;548;966;1320;558;762;311
5099;Totaal over alle leeftijden;Mannen en vrouwen;Breukelen;2025;14235;11330;1543;557;986;1362;567;795;311
5100;Totaal over alle leeftijden;Mannen en vrouwen;Breukelen;2026;14338;11374;1536;541;995;1428;586;842;311
5101;Totaal over alle leeftijden;Mannen en vrouwen;Breukelen;2027;14370;11348;1544;548;996;1478;592;886;311
5102;Totaal over alle leeftijden;Mannen en vrouwen;Breukelen;2028;14442;11357;1549;556;993;1536;631;905;311
5103;Totaal over alle leeftijden;Mannen en vrouwen;Breukelen;2029;14524;11410;1545;538;1007;1569;637;932;311
5104;Totaal over alle leeftijden;Mannen en vrouwen;Breukelen;2030;14610;11402;1590;558;1032;1618;654;964;311
5105;Totaal over alle leeftijden;Mannen en vrouwen;Breukelen;2031;14617;11383;1581;551;1030;1653;677;976;311
5106;Totaal over alle leeftijden;Mannen en vrouwen;Breukelen;2032;14710;11410;1601;555;1046;1699;696;1003;311
5107;Totaal over alle leeftijden;Mannen en vrouwen;Breukelen;2033;14776;11405;1647;560;1087;1724;699;1025;311
5108;Totaal over alle leeftijden;Mannen en vrouwen;Breukelen;2034;14847;11407;1673;557;1116;1767;708;1059;311
5109;Totaal over alle leeftijden;Mannen en vrouwen;Breukelen;2035;14907;11394;1694;569;1125;1819;724;1095;311
5110;Totaal over alle leeftijden;Mannen en vrouwen;Breukelen;2036;14959;11377;1727;588;1139;1855;743;1112;311
5111;Totaal over alle leeftijden;Mannen en vrouwen;Breukelen;2037;15080;11430;1741;591;1150;1909;765;1144;311
5112;Totaal over alle leeftijden;Mannen en vrouwen;Breukelen;2038;15152;11436;1741;587;1154;1975;796;1179;311
5113;Totaal over alle leeftijden;Mannen en vrouwen;Breukelen;2039;15187;11411;1762;598;1164;2014;815;1199;311
5114;Totaal over alle leeftijden;Mannen en vrouwen;Breukelen;2040;15189;11391;1761;589;1172;2037;814;1223;311
5115;Totaal over alle leeftijden;Mannen en vrouwen;Brielle;2010;15578;13652;1266;446;820;660;372;288;501
5116;Totaal over alle leeftijden;Mannen en vrouwen;Brielle;2011;15622;13580;1304;456;848;738;414;324;501
5117;Totaal over alle leeftijden;Mannen en vrouwen;Brielle;2012;15730;13572;1349;452;897;809;459;350;501
5118;Totaal over alle leeftijden;Mannen en vrouwen;Brielle;2013;15893;13607;1402;460;942;884;501;383;501
5119;Totaal over alle leeftijden;Mannen en vrouwen;Brielle;2014;16037;13638;1425;446;979;974;543;431;501
5120;Totaal over alle leeftijden;Mannen en vrouwen;Brielle;2015;16136;13628;1463;457;1006;1045;579;466;501
5121;Totaal over alle leeftijden;Mannen en vrouwen;Brielle;2016;16287;13655;1501;454;1047;1131;617;514;501
5122;Totaal over alle leeftijden;Mannen en vrouwen;Brielle;2017;16371;13665;1522;439;1083;1184;641;543;501
5123;Totaal over alle leeftijden;Mannen en vrouwen;Brielle;2018;16481;13667;1569;462;1107;1245;663;582;501
5124;Totaal over alle leeftijden;Mannen en vrouwen;Brielle;2019;16653;13708;1600;462;1138;1345;695;650;501
5125;Totaal over alle leeftijden;Mannen en vrouwen;Brielle;2020;16722;13693;1615;449;1166;1414;727;687;501
5126;Totaal over alle leeftijden;Mannen en vrouwen;Brielle;2021;16851;13684;1658;450;1208;1509;772;737;501
5127;Totaal over alle leeftijden;Mannen en vrouwen;Brielle;2022;16991;13731;1689;445;1244;1571;796;775;501
5128;Totaal over alle leeftijden;Mannen en vrouwen;Brielle;2023;17117;13756;1712;445;1267;1649;830;819;501
5129;Totaal over alle leeftijden;Mannen en vrouwen;Brielle;2024;17233;13773;1727;450;1277;1733;853;880;501
5130;Totaal over alle leeftijden;Mannen en vrouwen;Brielle;2025;17257;13737;1756;465;1291;1764;864;900;501
5131;Totaal over alle leeftijden;Mannen en vrouwen;Brielle;2026;17409;13786;1788;464;1324;1835;905;930;501
5132;Totaal over alle leeftijden;Mannen en vrouwen;Brielle;2027;17519;13814;1807;456;1351;1898;931;967;501
5133;Totaal over alle leeftijden;Mannen en vrouwen;Brielle;2028;17600;13819;1840;457;1383;1941;972;969;501
5134;Totaal over alle leeftijden;Mannen en vrouwen;Brielle;2029;17694;13788;1887;458;1429;2019;1009;1010;501
5135;Totaal over alle leeftijden;Mannen en vrouwen;Brielle;2030;17850;13855;1901;459;1442;2094;1029;1065;501
5136;Totaal over alle leeftijden;Mannen en vrouwen;Brielle;2031;17912;13817;1931;463;1468;2164;1064;1100;501
5137;Totaal over alle leeftijden;Mannen en vrouwen;Brielle;2032;17957;13804;1943;472;1471;2210;1082;1128;501
5138;Totaal over alle leeftijden;Mannen en vrouwen;Brielle;2033;17987;13762;1944;462;1482;2281;1112;1169;501
5139;Totaal over alle leeftijden;Mannen en vrouwen;Brielle;2034;17996;13715;1952;453;1499;2329;1135;1194;501
5140;Totaal over alle leeftijden;Mannen en vrouwen;Brielle;2035;17971;13639;1961;435;1526;2371;1143;1228;501
5141;Totaal over alle leeftijden;Mannen en vrouwen;Brielle;2036;17933;13527;1975;425;1550;2431;1186;1245;501
5142;Totaal over alle leeftijden;Mannen en vrouwen;Brielle;2037;17925;13469;1976;419;1557;2480;1211;1269;501
5143;Totaal over alle leeftijden;Mannen en vrouwen;Brielle;2038;17875;13379;1980;408;1572;2516;1220;1296;501
5144;Totaal over alle leeftijden;Mannen en vrouwen;Brielle;2039;17845;13297;1978;407;1571;2570;1234;1336;501
5145;Totaal over alle leeftijden;Mannen en vrouwen;Brielle;2040;17772;13174;1996;416;1580;2602;1245;1357;501
5146;Totaal over alle leeftijden;Mannen en vrouwen;Bronckhorst;2010;37599;35406;1532;491;1041;661;366;295;1876
5147;Totaal over alle leeftijden;Mannen en vrouwen;Bronckhorst;2011;37474;35177;1542;493;1049;755;408;347;1876
5148;Totaal over alle leeftijden;Mannen en vrouwen;Bronckhorst;2012;37279;34891;1547;493;1054;841;444;397;1876
5149;Totaal over alle leeftijden;Mannen en vrouwen;Bronckhorst;2013;37112;34610;1554;492;1062;948;486;462;1876
5150;Totaal over alle leeftijden;Mannen en vrouwen;Bronckhorst;2014;37169;34501;1598;492;1106;1070;522;548;1876
5151;Totaal over alle leeftijden;Mannen en vrouwen;Bronckhorst;2015;37146;34357;1602;475;1127;1187;562;625;1876
5152;Totaal over alle leeftijden;Mannen en vrouwen;Bronckhorst;2016;37185;34277;1609;468;1141;1299;610;689;1876
5153;Totaal over alle leeftijden;Mannen en vrouwen;Bronckhorst;2017;37117;34110;1603;469;1134;1404;642;762;1876
5154;Totaal over alle leeftijden;Mannen en vrouwen;Bronckhorst;2018;37140;34013;1616;480;1136;1511;685;826;1876
5155;Totaal over alle leeftijden;Mannen en vrouwen;Bronckhorst;2019;37160;33934;1627;489;1138;1599;714;885;1876
5156;Totaal over alle leeftijden;Mannen en vrouwen;Bronckhorst;2020;37100;33784;1641;495;1146;1675;741;934;1876
5157;Totaal over alle leeftijden;Mannen en vrouwen;Bronckhorst;2021;37100;33684;1631;475;1156;1785;790;995;1876
5158;Totaal over alle leeftijden;Mannen en vrouwen;Bronckhorst;2022;37078;33564;1635;477;1158;1879;825;1054;1876
5159;Totaal over alle leeftijden;Mannen en vrouwen;Bronckhorst;2023;37000;33396;1645;488;1157;1959;858;1101;1876
5160;Totaal over alle leeftijden;Mannen en vrouwen;Bronckhorst;2024;36907;33249;1633;473;1160;2025;881;1144;1876
5161;Totaal over alle leeftijden;Mannen en vrouwen;Bronckhorst;2025;36866;33100;1654;478;1176;2112;907;1205;1876
5162;Totaal over alle leeftijden;Mannen en vrouwen;Bronckhorst;2026;36746;32923;1637;466;1171;2186;940;1246;1876
5163;Totaal over alle leeftijden;Mannen en vrouwen;Bronckhorst;2027;36677;32766;1621;452;1169;2290;977;1313;1876
5164;Totaal over alle leeftijden;Mannen en vrouwen;Bronckhorst;2028;36583;32582;1639;461;1178;2362;989;1373;1876
5165;Totaal over alle leeftijden;Mannen en vrouwen;Bronckhorst;2029;36589;32475;1650;477;1173;2464;1022;1442;1876
5166;Totaal over alle leeftijden;Mannen en vrouwen;Bronckhorst;2030;36514;32298;1647;472;1175;2569;1067;1502;1876
5167;Totaal over alle leeftijden;Mannen en vrouwen;Bronckhorst;2031;36420;32161;1634;460;1174;2625;1089;1536;1876
5168;Totaal over alle leeftijden;Mannen en vrouwen;Bronckhorst;2032;36239;31931;1635;461;1174;2673;1096;1577;1876
5169;Totaal over alle leeftijden;Mannen en vrouwen;Bronckhorst;2033;36024;31637;1646;466;1180;2741;1122;1619;1876
5170;Totaal over alle leeftijden;Mannen en vrouwen;Bronckhorst;2034;35920;31471;1639;470;1169;2810;1140;1670;1876
5171;Totaal over alle leeftijden;Mannen en vrouwen;Bronckhorst;2035;35791;31287;1645;473;1172;2859;1153;1706;1876
5172;Totaal over alle leeftijden;Mannen en vrouwen;Bronckhorst;2036;35605;31034;1636;456;1180;2935;1195;1740;1876
5173;Totaal over alle leeftijden;Mannen en vrouwen;Bronckhorst;2037;35488;30831;1657;455;1202;3000;1228;1772;1876
5174;Totaal over alle leeftijden;Mannen en vrouwen;Bronckhorst;2038;35350;30626;1645;444;1201;3079;1260;1819;1876
5175;Totaal over alle leeftijden;Mannen en vrouwen;Bronckhorst;2039;35216;30413;1661;442;1219;3142;1277;1865;1876
5176;Totaal over alle leeftijden;Mannen en vrouwen;Bronckhorst;2040;35119;30265;1657;433;1224;3197;1285;1912;1876
5177;Totaal over alle leeftijden;Mannen en vrouwen;Brummen;2010;21277;18786;1343;477;866;1148;621;527;213
5178;Totaal over alle leeftijden;Mannen en vrouwen;Brummen;2011;21218;18686;1358;484;874;1174;631;543;213
5179;Totaal over alle leeftijden;Mannen en vrouwen;Brummen;2012;21235;18612;1382;504;878;1241;672;569;213
5180;Totaal over alle leeftijden;Mannen en vrouwen;Brummen;2013;21136;18444;1403;520;883;1289;683;606;213
5181;Totaal over alle leeftijden;Mannen en vrouwen;Brummen;2014;21049;18255;1422;547;875;1372;723;649;213
5182;Totaal over alle leeftijden;Mannen en vrouwen;Brummen;2015;20936;18055;1436;563;873;1445;749;696;213
5183;Totaal over alle leeftijden;Mannen en vrouwen;Brummen;2016;20814;17862;1451;581;870;1501;778;723;213
5184;Totaal over alle leeftijden;Mannen en vrouwen;Brummen;2017;20722;17714;1460;586;874;1548;797;751;213
5185;Totaal over alle leeftijden;Mannen en vrouwen;Brummen;2018;20601;17519;1482;604;878;1600;830;770;213
5186;Totaal over alle leeftijden;Mannen en vrouwen;Brummen;2019;20540;17357;1537;643;894;1646;846;800;213
5187;Totaal over alle leeftijden;Mannen en vrouwen;Brummen;2020;20484;17194;1553;654;899;1737;898;839;213
5188;Totaal over alle leeftijden;Mannen en vrouwen;Brummen;2021;20480;17101;1584;675;909;1795;918;877;213
5189;Totaal over alle leeftijden;Mannen en vrouwen;Brummen;2022;20441;16971;1619;699;920;1851;943;908;213
5190;Totaal over alle leeftijden;Mannen en vrouwen;Brummen;2023;20404;16848;1630;706;924;1926;973;953;213
5191;Totaal over alle leeftijden;Mannen en vrouwen;Brummen;2024;20409;16730;1661;733;928;2018;1002;1016;213
5192;Totaal over alle leeftijden;Mannen en vrouwen;Brummen;2025;20391;16625;1685;747;938;2081;1035;1046;213
5193;Totaal over alle leeftijden;Mannen en vrouwen;Brummen;2026;20394;16588;1686;739;947;2120;1061;1059;213
5194;Totaal over alle leeftijden;Mannen en vrouwen;Brummen;2027;20368;16529;1699;759;940;2140;1065;1075;213
5195;Totaal over alle leeftijden;Mannen en vrouwen;Brummen;2028;20379;16486;1707;766;941;2186;1079;1107;213
5196;Totaal over alle leeftijden;Mannen en vrouwen;Brummen;2029;20339;16357;1726;785;941;2256;1116;1140;213
5197;Totaal over alle leeftijden;Mannen en vrouwen;Brummen;2030;20362;16285;1754;802;952;2323;1135;1188;213
5198;Totaal over alle leeftijden;Mannen en vrouwen;Brummen;2031;20383;16189;1805;830;975;2389;1168;1221;213
5199;Totaal over alle leeftijden;Mannen en vrouwen;Brummen;2032;20385;16147;1811;841;970;2427;1190;1237;213
5200;Totaal over alle leeftijden;Mannen en vrouwen;Brummen;2033;20355;16030;1827;850;977;2498;1216;1282;213
5201;Totaal over alle leeftijden;Mannen en vrouwen;Brummen;2034;20342;15937;1843;848;995;2562;1227;1335;213
5202;Totaal over alle leeftijden;Mannen en vrouwen;Brummen;2035;20377;15901;1854;863;991;2622;1258;1364;213
5203;Totaal over alle leeftijden;Mannen en vrouwen;Brummen;2036;20355;15806;1864;875;989;2685;1291;1394;213
5204;Totaal over alle leeftijden;Mannen en vrouwen;Brummen;2037;20353;15757;1873;894;979;2723;1293;1430;213
5205;Totaal over alle leeftijden;Mannen en vrouwen;Brummen;2038;20322;15657;1915;924;991;2750;1304;1446;213
5206;Totaal over alle leeftijden;Mannen en vrouwen;Brummen;2039;20308;15600;1915;926;989;2793;1321;1472;213
5207;Totaal over alle leeftijden;Mannen en vrouwen;Brummen;2040;20325;15555;1908;928;980;2862;1354;1508;213
5208;Totaal over alle leeftijden;Mannen en vrouwen;Brunssum;2010;29794;22573;5843;1444;4399;1378;739;639;899
5209;Totaal over alle leeftijden;Mannen en vrouwen;Brunssum;2011;29835;22631;5716;1413;4303;1488;783;705;899
5210;Totaal over alle leeftijden;Mannen en vrouwen;Brunssum;2012;29766;22624;5562;1366;4196;1580;819;761;899
5211;Totaal over alle leeftijden;Mannen en vrouwen;Brunssum;2013;29740;22622;5439;1334;4105;1679;881;798;899
5212;Totaal over alle leeftijden;Mannen en vrouwen;Brunssum;2014;29707;22640;5281;1282;3999;1786;909;877;899
5213;Totaal over alle leeftijden;Mannen en vrouwen;Brunssum;2015;29701;22645;5184;1268;3916;1872;941;931;899
5214;Totaal over alle leeftijden;Mannen en vrouwen;Brunssum;2016;29714;22694;5039;1249;3790;1981;983;998;899
5215;Totaal over alle leeftijden;Mannen en vrouwen;Brunssum;2017;29724;22756;4900;1229;3671;2068;1032;1036;899
5216;Totaal over alle leeftijden;Mannen en vrouwen;Brunssum;2018;29653;22758;4732;1186;3546;2163;1083;1080;899
5217;Totaal over alle leeftijden;Mannen en vrouwen;Brunssum;2019;29614;22784;4584;1133;3451;2246;1129;1117;899
5218;Totaal over alle leeftijden;Mannen en vrouwen;Brunssum;2020;29577;22821;4461;1111;3350;2295;1147;1148;899
5219;Totaal over alle leeftijden;Mannen en vrouwen;Brunssum;2021;29498;22768;4363;1080;3283;2367;1194;1173;899
5220;Totaal over alle leeftijden;Mannen en vrouwen;Brunssum;2022;29358;22710;4218;1041;3177;2430;1234;1196;899
5221;Totaal over alle leeftijden;Mannen en vrouwen;Brunssum;2023;29316;22676;4147;1062;3085;2493;1263;1230;899
5222;Totaal over alle leeftijden;Mannen en vrouwen;Brunssum;2024;29219;22626;4040;1054;2986;2553;1296;1257;899
5223;Totaal over alle leeftijden;Mannen en vrouwen;Brunssum;2025;29200;22612;3945;1034;2911;2643;1344;1299;899
5224;Totaal over alle leeftijden;Mannen en vrouwen;Brunssum;2026;29180;22599;3882;1021;2861;2699;1356;1343;899
5225;Totaal over alle leeftijden;Mannen en vrouwen;Brunssum;2027;29071;22565;3760;992;2768;2746;1375;1371;899
5226;Totaal over alle leeftijden;Mannen en vrouwen;Brunssum;2028;28981;22523;3655;964;2691;2803;1417;1386;899
5227;Totaal over alle leeftijden;Mannen en vrouwen;Brunssum;2029;28857;22474;3533;916;2617;2850;1459;1391;899
5228;Totaal over alle leeftijden;Mannen en vrouwen;Brunssum;2030;28742;22392;3448;902;2546;2902;1497;1405;899
5229;Totaal over alle leeftijden;Mannen en vrouwen;Brunssum;2031;28659;22337;3367;881;2486;2955;1498;1457;899
5230;Totaal over alle leeftijden;Mannen en vrouwen;Brunssum;2032;28577;22272;3323;877;2446;2982;1508;1474;899
5231;Totaal over alle leeftijden;Mannen en vrouwen;Brunssum;2033;28519;22213;3254;864;2390;3052;1531;1521;899
5232;Totaal over alle leeftijden;Mannen en vrouwen;Brunssum;2034;28355;22090;3183;855;2328;3082;1527;1555;899
5233;Totaal over alle leeftijden;Mannen en vrouwen;Brunssum;2035;28218;21984;3108;840;2268;3126;1544;1582;899
5234;Totaal over alle leeftijden;Mannen en vrouwen;Brunssum;2036;28103;21920;3046;822;2224;3137;1567;1570;899
5235;Totaal over alle leeftijden;Mannen en vrouwen;Brunssum;2037;27956;21738;2998;804;2194;3220;1608;1612;899
5236;Totaal over alle leeftijden;Mannen en vrouwen;Brunssum;2038;27828;21618;2920;787;2133;3290;1649;1641;899
5237;Totaal over alle leeftijden;Mannen en vrouwen;Brunssum;2039;27681;21449;2894;803;2091;3338;1673;1665;899
5238;Totaal over alle leeftijden;Mannen en vrouwen;Brunssum;2040;27537;21345;2847;798;2049;3345;1668;1677;899
5239;Totaal over alle leeftijden;Mannen en vrouwen;Bunnik;2010;14224;12624;981;274;707;619;298;321;312
5240;Totaal over alle leeftijden;Mannen en vrouwen;Bunnik;2011;14274;12597;1008;295;713;669;309;360;312
5241;Totaal over alle leeftijden;Mannen en vrouwen;Bunnik;2012;14328;12555;1032;294;738;741;333;408;312
5242;Totaal over alle leeftijden;Mannen en vrouwen;Bunnik;2013;14302;12482;1015;283;732;805;347;458;312
5243;Totaal over alle leeftijden;Mannen en vrouwen;Bunnik;2014;14320;12459;1005;278;727;856;353;503;312
5244;Totaal over alle leeftijden;Mannen en vrouwen;Bunnik;2015;14388;12450;1020;282;738;918;364;554;312
5245;Totaal over alle leeftijden;Mannen en vrouwen;Bunnik;2016;14446;12409;1032;285;747;1005;393;612;312
5246;Totaal over alle leeftijden;Mannen en vrouwen;Bunnik;2017;14512;12376;1035;283;752;1101;436;665;312
5247;Totaal over alle leeftijden;Mannen en vrouwen;Bunnik;2018;14634;12408;1046;278;768;1180;470;710;312
5248;Totaal over alle leeftijden;Mannen en vrouwen;Bunnik;2019;14788;12463;1047;272;775;1278;510;768;312
5249;Totaal over alle leeftijden;Mannen en vrouwen;Bunnik;2020;14955;12532;1058;266;792;1365;534;831;312
5250;Totaal over alle leeftijden;Mannen en vrouwen;Bunnik;2021;15068;12582;1063;259;804;1423;563;860;312
5251;Totaal over alle leeftijden;Mannen en vrouwen;Bunnik;2022;15220;12617;1093;279;814;1510;587;923;312
5252;Totaal over alle leeftijden;Mannen en vrouwen;Bunnik;2023;15366;12695;1098;274;824;1573;618;955;312
5253;Totaal over alle leeftijden;Mannen en vrouwen;Bunnik;2024;15513;12748;1119;280;839;1646;638;1008;312
5254;Totaal over alle leeftijden;Mannen en vrouwen;Bunnik;2025;15631;12813;1134;297;837;1684;648;1036;312
5255;Totaal over alle leeftijden;Mannen en vrouwen;Bunnik;2026;15760;12889;1134;299;835;1737;662;1075;312
5256;Totaal over alle leeftijden;Mannen en vrouwen;Bunnik;2027;15875;12942;1134;301;833;1799;678;1121;312
5257;Totaal over alle leeftijden;Mannen en vrouwen;Bunnik;2028;15984;12989;1149;291;858;1846;701;1145;312
5258;Totaal over alle leeftijden;Mannen en vrouwen;Bunnik;2029;16123;13032;1162;298;864;1929;751;1178;312
5259;Totaal over alle leeftijden;Mannen en vrouwen;Bunnik;2030;16290;13131;1180;297;883;1979;795;1184;312
5260;Totaal over alle leeftijden;Mannen en vrouwen;Bunnik;2031;16444;13179;1203;301;902;2062;825;1237;312
5261;Totaal over alle leeftijden;Mannen en vrouwen;Bunnik;2032;16654;13315;1221;314;907;2118;831;1287;312
5262;Totaal over alle leeftijden;Mannen en vrouwen;Bunnik;2033;16786;13368;1223;307;916;2195;872;1323;312
5263;Totaal over alle leeftijden;Mannen en vrouwen;Bunnik;2034;16958;13471;1225;320;905;2262;903;1359;312
5264;Totaal over alle leeftijden;Mannen en vrouwen;Bunnik;2035;17111;13565;1242;322;920;2304;925;1379;312
5265;Totaal over alle leeftijden;Mannen en vrouwen;Bunnik;2036;17253;13643;1262;338;924;2348;953;1395;312
5266;Totaal over alle leeftijden;Mannen en vrouwen;Bunnik;2037;17350;13691;1278;332;946;2381;961;1420;312
5267;Totaal over alle leeftijden;Mannen en vrouwen;Bunnik;2038;17492;13778;1306;340;966;2408;962;1446;312
5268;Totaal over alle leeftijden;Mannen en vrouwen;Bunnik;2039;17584;13819;1341;350;991;2424;960;1464;312
5269;Totaal over alle leeftijden;Mannen en vrouwen;Bunnik;2040;17729;13910;1350;353;997;2469;979;1490;312
5270;Totaal over alle leeftijden;Mannen en vrouwen;Bunschoten;2010;19695;18143;648;262;386;904;521;383;313
5271;Totaal over alle leeftijden;Mannen en vrouwen;Bunschoten;2011;19581;17954;662;268;394;965;546;419;313
5272;Totaal over alle leeftijden;Mannen en vrouwen;Bunschoten;2012;19533;17833;676;268;408;1024;561;463;313
5273;Totaal over alle leeftijden;Mannen en vrouwen;Bunschoten;2013;19516;17716;710;285;425;1090;587;503;313
5274;Totaal over alle leeftijden;Mannen en vrouwen;Bunschoten;2014;19550;17653;741;298;443;1156;629;527;313
5275;Totaal over alle leeftijden;Mannen en vrouwen;Bunschoten;2015;19592;17588;777;308;469;1227;665;562;313
5276;Totaal over alle leeftijden;Mannen en vrouwen;Bunschoten;2016;19666;17550;803;309;494;1313;704;609;313
5277;Totaal over alle leeftijden;Mannen en vrouwen;Bunschoten;2017;19764;17521;841;330;511;1402;752;650;313
5278;Totaal over alle leeftijden;Mannen en vrouwen;Bunschoten;2018;19864;17520;875;346;529;1469;781;688;313
5279;Totaal over alle leeftijden;Mannen en vrouwen;Bunschoten;2019;19957;17500;904;360;544;1553;825;728;313
5280;Totaal over alle leeftijden;Mannen en vrouwen;Bunschoten;2020;20039;17502;912;357;555;1625;853;772;313
5281;Totaal over alle leeftijden;Mannen en vrouwen;Bunschoten;2021;20164;17517;953;373;580;1694;878;816;313
5282;Totaal over alle leeftijden;Mannen en vrouwen;Bunschoten;2022;20273;17534;984;392;592;1755;917;838;313
5283;Totaal over alle leeftijden;Mannen en vrouwen;Bunschoten;2023;20351;17503;1008;405;603;1840;947;893;313
5284;Totaal over alle leeftijden;Mannen en vrouwen;Bunschoten;2024;20414;17443;1052;427;625;1919;978;941;313
5285;Totaal over alle leeftijden;Mannen en vrouwen;Bunschoten;2025;20509;17450;1075;442;633;1984;1016;968;313
5286;Totaal over alle leeftijden;Mannen en vrouwen;Bunschoten;2026;20627;17459;1106;450;656;2062;1063;999;313
5287;Totaal over alle leeftijden;Mannen en vrouwen;Bunschoten;2027;20655;17406;1120;457;663;2129;1098;1031;313
5288;Totaal over alle leeftijden;Mannen en vrouwen;Bunschoten;2028;20738;17397;1171;483;688;2170;1118;1052;313
5289;Totaal over alle leeftijden;Mannen en vrouwen;Bunschoten;2029;20841;17361;1220;505;715;2260;1150;1110;313
5290;Totaal over alle leeftijden;Mannen en vrouwen;Bunschoten;2030;20970;17394;1245;515;730;2331;1176;1155;313
5291;Totaal over alle leeftijden;Mannen en vrouwen;Bunschoten;2031;21031;17348;1291;535;756;2392;1219;1173;313
5292;Totaal over alle leeftijden;Mannen en vrouwen;Bunschoten;2032;21127;17330;1331;552;779;2466;1247;1219;313
5293;Totaal over alle leeftijden;Mannen en vrouwen;Bunschoten;2033;21232;17304;1369;571;798;2559;1295;1264;313
5294;Totaal over alle leeftijden;Mannen en vrouwen;Bunschoten;2034;21312;17309;1373;562;811;2630;1331;1299;313
5295;Totaal over alle leeftijden;Mannen en vrouwen;Bunschoten;2035;21396;17323;1373;565;808;2700;1365;1335;313
5296;Totaal over alle leeftijden;Mannen en vrouwen;Bunschoten;2036;21481;17329;1394;567;827;2758;1388;1370;313
5297;Totaal over alle leeftijden;Mannen en vrouwen;Bunschoten;2037;21543;17302;1428;597;831;2813;1410;1403;313
5298;Totaal over alle leeftijden;Mannen en vrouwen;Bunschoten;2038;21573;17262;1440;590;850;2871;1437;1434;313
5299;Totaal over alle leeftijden;Mannen en vrouwen;Bunschoten;2039;21626;17211;1469;602;867;2946;1481;1465;313
5300;Totaal over alle leeftijden;Mannen en vrouwen;Bunschoten;2040;21673;17155;1496;613;883;3022;1519;1503;313
5301;Totaal over alle leeftijden;Mannen en vrouwen;Buren;2010;25758;23920;1214;399;815;624;349;275;214
5302;Totaal over alle leeftijden;Mannen en vrouwen;Buren;2011;25837;23840;1271;419;852;726;394;332;214
5303;Totaal over alle leeftijden;Mannen en vrouwen;Buren;2012;25964;23808;1315;447;868;841;456;385;214
5304;Totaal over alle leeftijden;Mannen en vrouwen;Buren;2013;25892;23634;1341;455;886;917;489;428;214
5305;Totaal over alle leeftijden;Mannen en vrouwen;Buren;2014;25858;23499;1368;476;892;991;524;467;214
5306;Totaal over alle leeftijden;Mannen en vrouwen;Buren;2015;25753;23272;1403;501;902;1078;562;516;214
5307;Totaal over alle leeftijden;Mannen en vrouwen;Buren;2016;25552;22953;1439;514;925;1160;579;581;214
5308;Totaal over alle leeftijden;Mannen en vrouwen;Buren;2017;25418;22726;1437;498;939;1255;605;650;214
5309;Totaal over alle leeftijden;Mannen en vrouwen;Buren;2018;25272;22480;1460;502;958;1332;644;688;214
5310;Totaal over alle leeftijden;Mannen en vrouwen;Buren;2019;25139;22195;1485;526;959;1459;691;768;214
5311;Totaal over alle leeftijden;Mannen en vrouwen;Buren;2020;24971;21911;1514;535;979;1546;708;838;214
5312;Totaal over alle leeftijden;Mannen en vrouwen;Buren;2021;25026;21851;1544;550;994;1631;755;876;214
5313;Totaal over alle leeftijden;Mannen en vrouwen;Buren;2022;24948;21600;1576;570;1006;1772;824;948;214
5314;Totaal over alle leeftijden;Mannen en vrouwen;Buren;2023;24938;21440;1606;579;1027;1892;861;1031;214
5315;Totaal over alle leeftijden;Mannen en vrouwen;Buren;2024;24921;21322;1605;597;1008;1994;910;1084;214
5316;Totaal over alle leeftijden;Mannen en vrouwen;Buren;2025;24922;21210;1619;608;1011;2093;953;1140;214
5317;Totaal over alle leeftijden;Mannen en vrouwen;Buren;2026;24906;21090;1651;621;1030;2165;984;1181;214
5318;Totaal over alle leeftijden;Mannen en vrouwen;Buren;2027;24968;20996;1683;655;1028;2289;1034;1255;214
5319;Totaal over alle leeftijden;Mannen en vrouwen;Buren;2028;25073;20926;1748;684;1064;2399;1068;1331;214
5320;Totaal over alle leeftijden;Mannen en vrouwen;Buren;2029;25038;20790;1786;724;1062;2462;1087;1375;214
5321;Totaal over alle leeftijden;Mannen en vrouwen;Buren;2030;25021;20682;1820;726;1094;2519;1115;1404;214
5322;Totaal over alle leeftijden;Mannen en vrouwen;Buren;2031;24964;20528;1840;714;1126;2596;1148;1448;214
5323;Totaal over alle leeftijden;Mannen en vrouwen;Buren;2032;25026;20418;1900;736;1164;2708;1196;1512;214
5324;Totaal over alle leeftijden;Mannen en vrouwen;Buren;2033;25089;20367;1937;767;1170;2785;1225;1560;214
5325;Totaal over alle leeftijden;Mannen en vrouwen;Buren;2034;25062;20232;1949;781;1168;2881;1248;1633;214
5326;Totaal over alle leeftijden;Mannen en vrouwen;Buren;2035;25007;20083;1971;787;1184;2953;1286;1667;214
5327;Totaal over alle leeftijden;Mannen en vrouwen;Buren;2036;24963;19927;2017;802;1215;3019;1307;1712;214
5328;Totaal over alle leeftijden;Mannen en vrouwen;Buren;2037;24915;19807;2015;813;1202;3093;1342;1751;214
5329;Totaal over alle leeftijden;Mannen en vrouwen;Buren;2038;24868;19645;2016;817;1199;3207;1385;1822;214
5330;Totaal over alle leeftijden;Mannen en vrouwen;Buren;2039;24909;19571;2076;847;1229;3262;1385;1877;214
5331;Totaal over alle leeftijden;Mannen en vrouwen;Buren;2040;24835;19381;2120;871;1249;3334;1424;1910;214
5332;Totaal over alle leeftijden;Mannen en vrouwen;Bussum;2010;31912;25555;3817;1409;2408;2540;1245;1295;381
5333;Totaal over alle leeftijden;Mannen en vrouwen;Bussum;2011;32059;25602;3794;1390;2404;2663;1274;1389;381
5334;Totaal over alle leeftijden;Mannen en vrouwen;Bussum;2012;32117;25551;3790;1384;2406;2776;1301;1475;381
5335;Totaal over alle leeftijden;Mannen en vrouwen;Bussum;2013;32187;25529;3820;1383;2437;2838;1320;1518;381
5336;Totaal over alle leeftijden;Mannen en vrouwen;Bussum;2014;32205;25430;3842;1378;2464;2933;1348;1585;381
5337;Totaal over alle leeftijden;Mannen en vrouwen;Bussum;2015;32182;25341;3826;1375;2451;3015;1386;1629;381
5338;Totaal over alle leeftijden;Mannen en vrouwen;Bussum;2016;32212;25235;3868;1380;2488;3109;1424;1685;381
5339;Totaal over alle leeftijden;Mannen en vrouwen;Bussum;2017;32224;25118;3868;1382;2486;3238;1471;1767;381
5340;Totaal over alle leeftijden;Mannen en vrouwen;Bussum;2018;32222;25032;3856;1374;2482;3334;1512;1822;381
5341;Totaal over alle leeftijden;Mannen en vrouwen;Bussum;2019;32216;24981;3842;1359;2483;3393;1542;1851;381
5342;Totaal over alle leeftijden;Mannen en vrouwen;Bussum;2020;32161;24900;3812;1310;2502;3449;1556;1893;381
5343;Totaal over alle leeftijden;Mannen en vrouwen;Bussum;2021;32236;24888;3820;1306;2514;3528;1582;1946;381
5344;Totaal over alle leeftijden;Mannen en vrouwen;Bussum;2022;32233;24788;3855;1338;2517;3590;1589;2001;381
5345;Totaal over alle leeftijden;Mannen en vrouwen;Bussum;2023;32230;24734;3861;1340;2521;3635;1592;2043;381
5346;Totaal over alle leeftijden;Mannen en vrouwen;Bussum;2024;32196;24636;3860;1334;2526;3700;1620;2080;381
5347;Totaal over alle leeftijden;Mannen en vrouwen;Bussum;2025;32207;24644;3833;1305;2528;3730;1646;2084;381
5348;Totaal over alle leeftijden;Mannen en vrouwen;Bussum;2026;32116;24519;3821;1296;2525;3776;1664;2112;381
5349;Totaal over alle leeftijden;Mannen en vrouwen;Bussum;2027;32086;24411;3848;1313;2535;3827;1697;2130;381
5350;Totaal over alle leeftijden;Mannen en vrouwen;Bussum;2028;32102;24441;3822;1307;2515;3839;1705;2134;381
5351;Totaal over alle leeftijden;Mannen en vrouwen;Bussum;2029;32136;24418;3830;1281;2549;3888;1714;2174;381
5352;Totaal over alle leeftijden;Mannen en vrouwen;Bussum;2030;32144;24412;3782;1261;2521;3950;1723;2227;381
5353;Totaal over alle leeftijden;Mannen en vrouwen;Bussum;2031;32335;24500;3785;1264;2521;4050;1784;2266;381
5354;Totaal over alle leeftijden;Mannen en vrouwen;Bussum;2032;32393;24509;3736;1224;2512;4148;1800;2348;381
5355;Totaal over alle leeftijden;Mannen en vrouwen;Bussum;2033;32486;24564;3772;1235;2537;4150;1791;2359;381
5356;Totaal over alle leeftijden;Mannen en vrouwen;Bussum;2034;32548;24577;3772;1249;2523;4199;1810;2389;381
5357;Totaal over alle leeftijden;Mannen en vrouwen;Bussum;2035;32627;24565;3817;1275;2542;4245;1837;2408;381
5358;Totaal over alle leeftijden;Mannen en vrouwen;Bussum;2036;32667;24569;3823;1260;2563;4275;1858;2417;381
5359;Totaal over alle leeftijden;Mannen en vrouwen;Bussum;2037;32703;24601;3790;1219;2571;4312;1891;2421;381
5360;Totaal over alle leeftijden;Mannen en vrouwen;Bussum;2038;32771;24587;3842;1229;2613;4342;1881;2461;381
5361;Totaal over alle leeftijden;Mannen en vrouwen;Bussum;2039;32815;24581;3846;1231;2615;4388;1863;2525;381
5362;Totaal over alle leeftijden;Mannen en vrouwen;Bussum;2040;32913;24600;3843;1253;2590;4470;1868;2602;381
5363;Totaal over alle leeftijden;Mannen en vrouwen;Capelle aan den IJssel;2010;64474;46246;6764;2867;3897;11464;6608;4856;502
5364;Totaal over alle leeftijden;Mannen en vrouwen;Capelle aan den IJssel;2011;64369;46291;6765;2865;3900;11313;6560;4753;502
5365;Totaal over alle leeftijden;Mannen en vrouwen;Capelle aan den IJssel;2012;64335;46303;6710;2853;3857;11322;6562;4760;502
5366;Totaal over alle leeftijden;Mannen en vrouwen;Capelle aan den IJssel;2013;64114;46152;6601;2814;3787;11361;6582;4779;502
5367;Totaal over alle leeftijden;Mannen en vrouwen;Capelle aan den IJssel;2014;64068;46212;6533;2799;3734;11323;6614;4709;502
5368;Totaal over alle leeftijden;Mannen en vrouwen;Capelle aan den IJssel;2015;64058;46281;6425;2744;3681;11352;6615;4737;502
5369;Totaal over alle leeftijden;Mannen en vrouwen;Capelle aan den IJssel;2016;63830;46056;6321;2703;3618;11453;6637;4816;502
5370;Totaal over alle leeftijden;Mannen en vrouwen;Capelle aan den IJssel;2017;63861;46099;6251;2679;3572;11511;6643;4868;502
5371;Totaal over alle leeftijden;Mannen en vrouwen;Capelle aan den IJssel;2018;63764;46000;6168;2697;3471;11596;6685;4911;502
5372;Totaal over alle leeftijden;Mannen en vrouwen;Capelle aan den IJssel;2019;63739;45917;6132;2675;3457;11690;6713;4977;502
5373;Totaal over alle leeftijden;Mannen en vrouwen;Capelle aan den IJssel;2020;63724;45879;6068;2654;3414;11777;6732;5045;502
5374;Totaal over alle leeftijden;Mannen en vrouwen;Capelle aan den IJssel;2021;63578;45750;5987;2675;3312;11841;6748;5093;502
5375;Totaal over alle leeftijden;Mannen en vrouwen;Capelle aan den IJssel;2022;63649;45817;5934;2633;3301;11898;6743;5155;502
5376;Totaal over alle leeftijden;Mannen en vrouwen;Capelle aan den IJssel;2023;63607;45737;5848;2618;3230;12022;6809;5213;502
5377;Totaal over alle leeftijden;Mannen en vrouwen;Capelle aan den IJssel;2024;63541;45707;5775;2619;3156;12059;6831;5228;502
5378;Totaal over alle leeftijden;Mannen en vrouwen;Capelle aan den IJssel;2025;63669;45803;5722;2633;3089;12144;6813;5331;502
5379;Totaal over alle leeftijden;Mannen en vrouwen;Capelle aan den IJssel;2026;63767;45853;5634;2622;3012;12280;6846;5434;502
5380;Totaal over alle leeftijden;Mannen en vrouwen;Capelle aan den IJssel;2027;63848;45838;5611;2603;3008;12399;6872;5527;502
5381;Totaal over alle leeftijden;Mannen en vrouwen;Capelle aan den IJssel;2028;63942;45840;5580;2628;2952;12522;6882;5640;502
5382;Totaal over alle leeftijden;Mannen en vrouwen;Capelle aan den IJssel;2029;63974;45774;5583;2645;2938;12617;6921;5696;502
5383;Totaal over alle leeftijden;Mannen en vrouwen;Capelle aan den IJssel;2030;64075;45701;5553;2652;2901;12821;6958;5863;502
5384;Totaal over alle leeftijden;Mannen en vrouwen;Capelle aan den IJssel;2031;64074;45631;5522;2657;2865;12921;6985;5936;502
5385;Totaal over alle leeftijden;Mannen en vrouwen;Capelle aan den IJssel;2032;64074;45620;5506;2660;2846;12948;6964;5984;502
5386;Totaal over alle leeftijden;Mannen en vrouwen;Capelle aan den IJssel;2033;64071;45509;5502;2668;2834;13060;6978;6082;502
5387;Totaal over alle leeftijden;Mannen en vrouwen;Capelle aan den IJssel;2034;63937;45357;5467;2656;2811;13113;6963;6150;502
5388;Totaal over alle leeftijden;Mannen en vrouwen;Capelle aan den IJssel;2035;63746;45161;5442;2643;2799;13143;6919;6224;502
5389;Totaal over alle leeftijden;Mannen en vrouwen;Capelle aan den IJssel;2036;63483;44928;5412;2619;2793;13143;6888;6255;502
5390;Totaal over alle leeftijden;Mannen en vrouwen;Capelle aan den IJssel;2037;63205;44705;5385;2611;2774;13115;6869;6246;502
5391;Totaal over alle leeftijden;Mannen en vrouwen;Capelle aan den IJssel;2038;62950;44511;5400;2624;2776;13039;6844;6195;502
5392;Totaal over alle leeftijden;Mannen en vrouwen;Capelle aan den IJssel;2039;62605;44198;5336;2604;2732;13071;6783;6288;502
5393;Totaal over alle leeftijden;Mannen en vrouwen;Capelle aan den IJssel;2040;62274;43895;5319;2593;2726;13060;6733;6327;502
5394;Totaal over alle leeftijden;Mannen en vrouwen;Castricum;2010;34646;31094;2333;775;1558;1219;628;591;383
5395;Totaal over alle leeftijden;Mannen en vrouwen;Castricum;2011;34599;30929;2366;800;1566;1304;658;646;383
5396;Totaal over alle leeftijden;Mannen en vrouwen;Castricum;2012;34495;30736;2369;809;1560;1390;687;703;383
5397;Totaal over alle leeftijden;Mannen en vrouwen;Castricum;2013;34401;30550;2373;807;1566;1478;732;746;383
5398;Totaal over alle leeftijden;Mannen en vrouwen;Castricum;2014;34308;30303;2394;821;1573;1611;792;819;383
5399;Totaal over alle leeftijden;Mannen en vrouwen;Castricum;2015;34239;30126;2400;830;1570;1713;852;861;383
5400;Totaal over alle leeftijden;Mannen en vrouwen;Castricum;2016;34141;29900;2393;814;1579;1848;904;944;383
5401;Totaal over alle leeftijden;Mannen en vrouwen;Castricum;2017;34036;29676;2427;838;1589;1933;931;1002;383
5402;Totaal over alle leeftijden;Mannen en vrouwen;Castricum;2018;33901;29484;2410;824;1586;2007;963;1044;383
5403;Totaal over alle leeftijden;Mannen en vrouwen;Castricum;2019;33861;29330;2435;833;1602;2096;1012;1084;383
5404;Totaal over alle leeftijden;Mannen en vrouwen;Castricum;2020;33789;29134;2473;854;1619;2182;1050;1132;383
5405;Totaal over alle leeftijden;Mannen en vrouwen;Castricum;2021;33680;28934;2478;849;1629;2268;1091;1177;383
5406;Totaal over alle leeftijden;Mannen en vrouwen;Castricum;2022;33610;28779;2495;860;1635;2336;1140;1196;383
5407;Totaal over alle leeftijden;Mannen en vrouwen;Castricum;2023;33535;28596;2501;861;1640;2438;1204;1234;383
5408;Totaal over alle leeftijden;Mannen en vrouwen;Castricum;2024;33490;28455;2489;868;1621;2546;1265;1281;383
5409;Totaal over alle leeftijden;Mannen en vrouwen;Castricum;2025;33484;28343;2479;854;1625;2662;1312;1350;383
5410;Totaal over alle leeftijden;Mannen en vrouwen;Castricum;2026;33528;28259;2486;852;1634;2783;1353;1430;383
5411;Totaal over alle leeftijden;Mannen en vrouwen;Castricum;2027;33599;28200;2509;860;1649;2890;1407;1483;383
5412;Totaal over alle leeftijden;Mannen en vrouwen;Castricum;2028;33704;28174;2554;869;1685;2976;1428;1548;383
5413;Totaal over alle leeftijden;Mannen en vrouwen;Castricum;2029;33699;28059;2582;873;1709;3058;1478;1580;383
5414;Totaal over alle leeftijden;Mannen en vrouwen;Castricum;2030;33786;28014;2605;878;1727;3167;1541;1626;383
5415;Totaal over alle leeftijden;Mannen en vrouwen;Castricum;2031;33869;27979;2631;907;1724;3259;1570;1689;383
5416;Totaal over alle leeftijden;Mannen en vrouwen;Castricum;2032;33908;27914;2643;902;1741;3351;1619;1732;383
5417;Totaal over alle leeftijden;Mannen en vrouwen;Castricum;2033;33978;27831;2679;908;1771;3468;1686;1782;383
5418;Totaal over alle leeftijden;Mannen en vrouwen;Castricum;2034;33994;27726;2720;944;1776;3548;1725;1823;383
5419;Totaal over alle leeftijden;Mannen en vrouwen;Castricum;2035;34032;27635;2781;962;1819;3616;1742;1874;383
5420;Totaal over alle leeftijden;Mannen en vrouwen;Castricum;2036;34109;27608;2810;965;1845;3691;1765;1926;383
5421;Totaal over alle leeftijden;Mannen en vrouwen;Castricum;2037;34110;27539;2822;936;1886;3749;1799;1950;383
5422;Totaal over alle leeftijden;Mannen en vrouwen;Castricum;2038;34101;27407;2855;954;1901;3839;1826;2013;383
5423;Totaal over alle leeftijden;Mannen en vrouwen;Castricum;2039;34073;27262;2883;990;1893;3928;1878;2050;383
5424;Totaal over alle leeftijden;Mannen en vrouwen;Castricum;2040;34036;27133;2906;1004;1902;3997;1900;2097;383
5425;Totaal over alle leeftijden;Mannen en vrouwen;Coevorden;2010;35995;32958;1922;751;1171;1115;709;406;109
5426;Totaal over alle leeftijden;Mannen en vrouwen;Coevorden;2011;35959;32814;1955;759;1196;1190;740;450;109
5427;Totaal over alle leeftijden;Mannen en vrouwen;Coevorden;2012;35950;32683;1986;775;1211;1281;762;519;109
5428;Totaal over alle leeftijden;Mannen en vrouwen;Coevorden;2013;35929;32556;1993;760;1233;1380;814;566;109
5429;Totaal over alle leeftijden;Mannen en vrouwen;Coevorden;2014;35916;32413;2028;773;1255;1475;845;630;109
5430;Totaal over alle leeftijden;Mannen en vrouwen;Coevorden;2015;35844;32234;2029;759;1270;1581;880;701;109
5431;Totaal over alle leeftijden;Mannen en vrouwen;Coevorden;2016;35844;32095;2040;745;1295;1709;941;768;109
5432;Totaal over alle leeftijden;Mannen en vrouwen;Coevorden;2017;35883;31973;2059;755;1304;1851;1013;838;109
5433;Totaal over alle leeftijden;Mannen en vrouwen;Coevorden;2018;35933;31867;2090;776;1314;1976;1065;911;109
5434;Totaal over alle leeftijden;Mannen en vrouwen;Coevorden;2019;35919;31732;2096;765;1331;2091;1125;966;109
5435;Totaal over alle leeftijden;Mannen en vrouwen;Coevorden;2020;35973;31631;2137;794;1343;2205;1180;1025;109
5436;Totaal over alle leeftijden;Mannen en vrouwen;Coevorden;2021;35952;31496;2162;813;1349;2294;1230;1064;109
5437;Totaal over alle leeftijden;Mannen en vrouwen;Coevorden;2022;35861;31303;2144;813;1331;2414;1274;1140;109
5438;Totaal over alle leeftijden;Mannen en vrouwen;Coevorden;2023;35926;31236;2180;845;1335;2510;1314;1196;109
5439;Totaal over alle leeftijden;Mannen en vrouwen;Coevorden;2024;35950;31116;2201;850;1351;2633;1383;1250;109
5440;Totaal over alle leeftijden;Mannen en vrouwen;Coevorden;2025;35904;30980;2213;853;1360;2711;1413;1298;109
5441;Totaal over alle leeftijden;Mannen en vrouwen;Coevorden;2026;35875;30881;2211;851;1360;2783;1462;1321;109
5442;Totaal over alle leeftijden;Mannen en vrouwen;Coevorden;2027;35891;30769;2235;844;1391;2887;1519;1368;109
5443;Totaal over alle leeftijden;Mannen en vrouwen;Coevorden;2028;35896;30699;2220;825;1395;2977;1555;1422;109
5444;Totaal over alle leeftijden;Mannen en vrouwen;Coevorden;2029;35797;30474;2247;833;1414;3076;1590;1486;109
5445;Totaal over alle leeftijden;Mannen en vrouwen;Coevorden;2030;35799;30374;2251;841;1410;3174;1634;1540;109
5446;Totaal over alle leeftijden;Mannen en vrouwen;Coevorden;2031;35740;30200;2248;848;1400;3292;1693;1599;109
5447;Totaal over alle leeftijden;Mannen en vrouwen;Coevorden;2032;35681;30042;2268;859;1409;3371;1725;1646;109
5448;Totaal over alle leeftijden;Mannen en vrouwen;Coevorden;2033;35559;29841;2293;853;1440;3425;1735;1690;109
5449;Totaal over alle leeftijden;Mannen en vrouwen;Coevorden;2034;35476;29681;2289;847;1442;3506;1776;1730;109
5450;Totaal over alle leeftijden;Mannen en vrouwen;Coevorden;2035;35417;29535;2300;849;1451;3582;1800;1782;109
5451;Totaal over alle leeftijden;Mannen en vrouwen;Coevorden;2036;35331;29356;2301;851;1450;3674;1842;1832;109
5452;Totaal over alle leeftijden;Mannen en vrouwen;Coevorden;2037;35276;29203;2322;846;1476;3751;1863;1888;109
5453;Totaal over alle leeftijden;Mannen en vrouwen;Coevorden;2038;35177;28986;2370;877;1493;3821;1903;1918;109
5454;Totaal over alle leeftijden;Mannen en vrouwen;Coevorden;2039;35075;28782;2376;877;1499;3917;1942;1975;109
5455;Totaal over alle leeftijden;Mannen en vrouwen;Coevorden;2040;35070;28679;2396;881;1515;3995;1976;2019;109
5456;Totaal over alle leeftijden;Mannen en vrouwen;Cranendonck;2010;19952;17028;2300;831;1469;624;341;283;1706
5457;Totaal over alle leeftijden;Mannen en vrouwen;Cranendonck;2011;19859;16936;2255;819;1436;668;357;311;1706
5458;Totaal over alle leeftijden;Mannen en vrouwen;Cranendonck;2012;19793;16859;2216;807;1409;718;382;336;1706
5459;Totaal over alle leeftijden;Mannen en vrouwen;Cranendonck;2013;19714;16727;2218;799;1419;769;404;365;1706
5460;Totaal over alle leeftijden;Mannen en vrouwen;Cranendonck;2014;19660;16647;2190;780;1410;823;438;385;1706
5461;Totaal over alle leeftijden;Mannen en vrouwen;Cranendonck;2015;19601;16564;2144;751;1393;893;468;425;1706
5462;Totaal over alle leeftijden;Mannen en vrouwen;Cranendonck;2016;19527;16429;2125;734;1391;973;507;466;1706
5463;Totaal over alle leeftijden;Mannen en vrouwen;Cranendonck;2017;19463;16319;2113;729;1384;1031;533;498;1706
5464;Totaal over alle leeftijden;Mannen en vrouwen;Cranendonck;2018;19418;16245;2074;716;1358;1099;562;537;1706
5465;Totaal over alle leeftijden;Mannen en vrouwen;Cranendonck;2019;19356;16142;2061;715;1346;1153;583;570;1706
5466;Totaal over alle leeftijden;Mannen en vrouwen;Cranendonck;2020;19307;16058;2032;703;1329;1217;608;609;1706
5467;Totaal over alle leeftijden;Mannen en vrouwen;Cranendonck;2021;19302;16008;2026;715;1311;1268;630;638;1706
5468;Totaal over alle leeftijden;Mannen en vrouwen;Cranendonck;2022;19249;15921;1983;693;1290;1345;653;692;1706
5469;Totaal over alle leeftijden;Mannen en vrouwen;Cranendonck;2023;19206;15848;1952;689;1263;1406;669;737;1706
5470;Totaal over alle leeftijden;Mannen en vrouwen;Cranendonck;2024;19143;15728;1944;692;1252;1471;699;772;1706
5471;Totaal over alle leeftijden;Mannen en vrouwen;Cranendonck;2025;19124;15664;1944;699;1245;1516;718;798;1706
5472;Totaal over alle leeftijden;Mannen en vrouwen;Cranendonck;2026;19090;15623;1917;686;1231;1550;729;821;1706
5473;Totaal over alle leeftijden;Mannen en vrouwen;Cranendonck;2027;19076;15598;1892;674;1218;1586;737;849;1706
5474;Totaal over alle leeftijden;Mannen en vrouwen;Cranendonck;2028;19045;15515;1881;657;1224;1649;752;897;1706
5475;Totaal over alle leeftijden;Mannen en vrouwen;Cranendonck;2029;19030;15458;1862;654;1208;1710;778;932;1706
5476;Totaal over alle leeftijden;Mannen en vrouwen;Cranendonck;2030;19043;15426;1843;643;1200;1774;792;982;1706
5477;Totaal over alle leeftijden;Mannen en vrouwen;Cranendonck;2031;19020;15350;1817;630;1187;1853;819;1034;1706
5478;Totaal over alle leeftijden;Mannen en vrouwen;Cranendonck;2032;19000;15304;1790;623;1167;1906;844;1062;1706
5479;Totaal over alle leeftijden;Mannen en vrouwen;Cranendonck;2033;18935;15201;1784;631;1153;1950;851;1099;1706
5480;Totaal over alle leeftijden;Mannen en vrouwen;Cranendonck;2034;18926;15161;1772;622;1150;1993;869;1124;1706
5481;Totaal over alle leeftijden;Mannen en vrouwen;Cranendonck;2035;18895;15092;1760;610;1150;2043;879;1164;1706
5482;Totaal over alle leeftijden;Mannen en vrouwen;Cranendonck;2036;18855;15039;1733;604;1129;2083;882;1201;1706
5483;Totaal over alle leeftijden;Mannen en vrouwen;Cranendonck;2037;18794;14964;1701;581;1120;2129;905;1224;1706
5484;Totaal over alle leeftijden;Mannen en vrouwen;Cranendonck;2038;18702;14868;1664;564;1100;2170;927;1243;1706
5485;Totaal over alle leeftijden;Mannen en vrouwen;Cranendonck;2039;18612;14735;1641;554;1087;2236;943;1293;1706
5486;Totaal over alle leeftijden;Mannen en vrouwen;Cranendonck;2040;18605;14679;1643;565;1078;2283;949;1334;1706
5487;Totaal over alle leeftijden;Mannen en vrouwen;Cromstrijen;2010;12839;11893;599;194;405;347;182;165;611
5488;Totaal over alle leeftijden;Mannen en vrouwen;Cromstrijen;2011;12784;11790;595;189;406;399;210;189;611
5489;Totaal over alle leeftijden;Mannen en vrouwen;Cromstrijen;2012;12732;11673;614;191;423;445;223;222;611
5490;Totaal over alle leeftijden;Mannen en vrouwen;Cromstrijen;2013;12656;11539;615;182;433;502;251;251;611
5491;Totaal over alle leeftijden;Mannen en vrouwen;Cromstrijen;2014;12584;11433;610;179;431;541;258;283;611
5492;Totaal over alle leeftijden;Mannen en vrouwen;Cromstrijen;2015;12585;11367;617;179;438;601;284;317;611
5493;Totaal over alle leeftijden;Mannen en vrouwen;Cromstrijen;2016;12543;11262;618;172;446;663;313;350;611
5494;Totaal over alle leeftijden;Mannen en vrouwen;Cromstrijen;2017;12476;11174;604;160;444;698;324;374;611
5495;Totaal over alle leeftijden;Mannen en vrouwen;Cromstrijen;2018;12393;11064;597;149;448;732;337;395;611
5496;Totaal over alle leeftijden;Mannen en vrouwen;Cromstrijen;2019;12378;11007;601;147;454;770;351;419;611
5497;Totaal over alle leeftijden;Mannen en vrouwen;Cromstrijen;2020;12346;10925;617;156;461;804;371;433;611
5498;Totaal over alle leeftijden;Mannen en vrouwen;Cromstrijen;2021;12293;10824;638;162;476;831;379;452;611
5499;Totaal over alle leeftijden;Mannen en vrouwen;Cromstrijen;2022;12218;10707;639;160;479;872;391;481;611
5500;Totaal over alle leeftijden;Mannen en vrouwen;Cromstrijen;2023;12170;10615;632;148;484;923;411;512;611
5501;Totaal over alle leeftijden;Mannen en vrouwen;Cromstrijen;2024;12091;10518;632;149;483;941;426;515;611
5502;Totaal over alle leeftijden;Mannen en vrouwen;Cromstrijen;2025;12049;10439;626;136;490;984;442;542;611
5503;Totaal over alle leeftijden;Mannen en vrouwen;Cromstrijen;2026;12063;10376;634;143;491;1053;470;583;611
5504;Totaal over alle leeftijden;Mannen en vrouwen;Cromstrijen;2027;12035;10300;646;144;502;1089;479;610;611
5505;Totaal over alle leeftijden;Mannen en vrouwen;Cromstrijen;2028;11995;10224;647;140;507;1124;488;636;611
5506;Totaal over alle leeftijden;Mannen en vrouwen;Cromstrijen;2029;12052;10207;666;140;526;1179;490;689;611
5507;Totaal over alle leeftijden;Mannen en vrouwen;Cromstrijen;2030;12020;10131;664;134;530;1225;496;729;611
5508;Totaal over alle leeftijden;Mannen en vrouwen;Cromstrijen;2031;12041;10092;680;135;545;1269;514;755;611
5509;Totaal over alle leeftijden;Mannen en vrouwen;Cromstrijen;2032;12040;10015;694;138;556;1331;529;802;611
5510;Totaal over alle leeftijden;Mannen en vrouwen;Cromstrijen;2033;12046;9978;692;138;554;1376;540;836;611
5511;Totaal over alle leeftijden;Mannen en vrouwen;Cromstrijen;2034;12058;9918;702;127;575;1438;568;870;611
5512;Totaal over alle leeftijden;Mannen en vrouwen;Cromstrijen;2035;12009;9839;706;128;578;1464;597;867;611
5513;Totaal over alle leeftijden;Mannen en vrouwen;Cromstrijen;2036;12017;9779;706;123;583;1532;619;913;611
5514;Totaal over alle leeftijden;Mannen en vrouwen;Cromstrijen;2037;11985;9716;716;129;587;1553;620;933;611
5515;Totaal over alle leeftijden;Mannen en vrouwen;Cromstrijen;2038;11934;9644;720;121;599;1570;621;949;611
5516;Totaal over alle leeftijden;Mannen en vrouwen;Cromstrijen;2039;11907;9597;720;121;599;1590;621;969;611
5517;Totaal over alle leeftijden;Mannen en vrouwen;Cromstrijen;2040;11881;9539;734;133;601;1608;630;978;611
5518;Totaal over alle leeftijden;Mannen en vrouwen;Cuijk;2010;24547;20087;2352;894;1458;2108;1125;983;1684
5519;Totaal over alle leeftijden;Mannen en vrouwen;Cuijk;2011;24626;20194;2321;867;1454;2111;1124;987;1684
5520;Totaal over alle leeftijden;Mannen en vrouwen;Cuijk;2012;24589;20170;2309;852;1457;2110;1128;982;1684
5521;Totaal over alle leeftijden;Mannen en vrouwen;Cuijk;2013;24658;20215;2292;840;1452;2151;1153;998;1684
5522;Totaal over alle leeftijden;Mannen en vrouwen;Cuijk;2014;24657;20187;2281;822;1459;2189;1162;1027;1684
5523;Totaal over alle leeftijden;Mannen en vrouwen;Cuijk;2015;24711;20210;2259;802;1457;2242;1181;1061;1684
5524;Totaal over alle leeftijden;Mannen en vrouwen;Cuijk;2016;24713;20185;2249;780;1469;2279;1217;1062;1684
5525;Totaal over alle leeftijden;Mannen en vrouwen;Cuijk;2017;24717;20193;2212;752;1460;2312;1222;1090;1684
5526;Totaal over alle leeftijden;Mannen en vrouwen;Cuijk;2018;24781;20192;2218;750;1468;2371;1246;1125;1684
5527;Totaal over alle leeftijden;Mannen en vrouwen;Cuijk;2019;24851;20192;2222;735;1487;2437;1282;1155;1684
5528;Totaal over alle leeftijden;Mannen en vrouwen;Cuijk;2020;24836;20136;2226;751;1475;2474;1308;1166;1684
5529;Totaal over alle leeftijden;Mannen en vrouwen;Cuijk;2021;24869;20131;2204;722;1482;2534;1331;1203;1684
5530;Totaal over alle leeftijden;Mannen en vrouwen;Cuijk;2022;24866;20082;2187;717;1470;2597;1377;1220;1684
5531;Totaal over alle leeftijden;Mannen en vrouwen;Cuijk;2023;24906;20069;2202;711;1491;2635;1408;1227;1684
5532;Totaal over alle leeftijden;Mannen en vrouwen;Cuijk;2024;24986;20096;2198;715;1483;2692;1419;1273;1684
5533;Totaal over alle leeftijden;Mannen en vrouwen;Cuijk;2025;25042;20116;2193;711;1482;2733;1429;1304;1684
5534;Totaal over alle leeftijden;Mannen en vrouwen;Cuijk;2026;25087;20123;2191;701;1490;2773;1453;1320;1684
5535;Totaal over alle leeftijden;Mannen en vrouwen;Cuijk;2027;25163;20117;2195;687;1508;2851;1492;1359;1684
5536;Totaal over alle leeftijden;Mannen en vrouwen;Cuijk;2028;25206;20137;2177;675;1502;2892;1490;1402;1684
5537;Totaal over alle leeftijden;Mannen en vrouwen;Cuijk;2029;25245;20187;2169;668;1501;2889;1482;1407;1684
5538;Totaal over alle leeftijden;Mannen en vrouwen;Cuijk;2030;25216;20139;2180;679;1501;2897;1494;1403;1684
5539;Totaal over alle leeftijden;Mannen en vrouwen;Cuijk;2031;25230;20161;2148;660;1488;2921;1506;1415;1684
5540;Totaal over alle leeftijden;Mannen en vrouwen;Cuijk;2032;25242;20101;2155;653;1502;2986;1523;1463;1684
5541;Totaal over alle leeftijden;Mannen en vrouwen;Cuijk;2033;25190;20055;2156;658;1498;2979;1523;1456;1684
5542;Totaal over alle leeftijden;Mannen en vrouwen;Cuijk;2034;25182;20018;2142;644;1498;3022;1533;1489;1684
5543;Totaal over alle leeftijden;Mannen en vrouwen;Cuijk;2035;25136;19956;2141;633;1508;3039;1530;1509;1684
5544;Totaal over alle leeftijden;Mannen en vrouwen;Cuijk;2036;25095;19868;2150;648;1502;3077;1558;1519;1684
5545;Totaal over alle leeftijden;Mannen en vrouwen;Cuijk;2037;25095;19862;2126;645;1481;3107;1577;1530;1684
5546;Totaal over alle leeftijden;Mannen en vrouwen;Cuijk;2038;25077;19816;2120;644;1476;3141;1590;1551;1684
5547;Totaal over alle leeftijden;Mannen en vrouwen;Cuijk;2039;25015;19745;2113;629;1484;3157;1594;1563;1684
5548;Totaal over alle leeftijden;Mannen en vrouwen;Cuijk;2040;24961;19673;2090;612;1478;3198;1598;1600;1684
5549;Totaal over alle leeftijden;Mannen en vrouwen;Culemborg;2010;27765;22030;2401;841;1560;3334;1710;1624;216
5550;Totaal over alle leeftijden;Mannen en vrouwen;Culemborg;2011;27861;22107;2465;878;1587;3289;1683;1606;216
5551;Totaal over alle leeftijden;Mannen en vrouwen;Culemborg;2012;27850;22093;2501;892;1609;3256;1675;1581;216
5552;Totaal over alle leeftijden;Mannen en vrouwen;Culemborg;2013;27899;22110;2557;916;1641;3232;1660;1572;216
5553;Totaal over alle leeftijden;Mannen en vrouwen;Culemborg;2014;27708;21921;2594;925;1669;3193;1653;1540;216
5554;Totaal over alle leeftijden;Mannen en vrouwen;Culemborg;2015;27572;21802;2609;930;1679;3161;1646;1515;216
5555;Totaal over alle leeftijden;Mannen en vrouwen;Culemborg;2016;27555;21763;2621;935;1686;3171;1627;1544;216
5556;Totaal over alle leeftijden;Mannen en vrouwen;Culemborg;2017;27495;21663;2652;942;1710;3180;1640;1540;216
5557;Totaal over alle leeftijden;Mannen en vrouwen;Culemborg;2018;27485;21647;2661;943;1718;3177;1654;1523;216
5558;Totaal over alle leeftijden;Mannen en vrouwen;Culemborg;2019;27483;21621;2664;945;1719;3198;1656;1542;216
5559;Totaal over alle leeftijden;Mannen en vrouwen;Culemborg;2020;27487;21616;2696;962;1734;3175;1669;1506;216
5560;Totaal over alle leeftijden;Mannen en vrouwen;Culemborg;2021;27515;21564;2729;955;1774;3222;1677;1545;216
5561;Totaal over alle leeftijden;Mannen en vrouwen;Culemborg;2022;27477;21468;2762;962;1800;3247;1687;1560;216
5562;Totaal over alle leeftijden;Mannen en vrouwen;Culemborg;2023;27436;21399;2794;985;1809;3243;1691;1552;216
5563;Totaal over alle leeftijden;Mannen en vrouwen;Culemborg;2024;27425;21400;2805;991;1814;3220;1678;1542;216
5564;Totaal over alle leeftijden;Mannen en vrouwen;Culemborg;2025;27404;21342;2838;993;1845;3224;1684;1540;216
5565;Totaal over alle leeftijden;Mannen en vrouwen;Culemborg;2026;27418;21310;2865;1012;1853;3243;1697;1546;216
5566;Totaal over alle leeftijden;Mannen en vrouwen;Culemborg;2027;27492;21345;2900;1015;1885;3247;1709;1538;216
5567;Totaal over alle leeftijden;Mannen en vrouwen;Culemborg;2028;27437;21244;2910;1017;1893;3283;1707;1576;216
5568;Totaal over alle leeftijden;Mannen en vrouwen;Culemborg;2029;27503;21280;2942;1025;1917;3281;1679;1602;216
5569;Totaal over alle leeftijden;Mannen en vrouwen;Culemborg;2030;27501;21228;2984;1038;1946;3289;1691;1598;216
5570;Totaal over alle leeftijden;Mannen en vrouwen;Culemborg;2031;27489;21184;2993;1037;1956;3312;1697;1615;216
5571;Totaal over alle leeftijden;Mannen en vrouwen;Culemborg;2032;27494;21101;3037;1053;1984;3356;1711;1645;216
5572;Totaal over alle leeftijden;Mannen en vrouwen;Culemborg;2033;27583;21106;3084;1072;2012;3393;1719;1674;216
5573;Totaal over alle leeftijden;Mannen en vrouwen;Culemborg;2034;27667;21137;3130;1093;2037;3400;1691;1709;216
5574;Totaal over alle leeftijden;Mannen en vrouwen;Culemborg;2035;27707;21138;3130;1090;2040;3439;1705;1734;216
5575;Totaal over alle leeftijden;Mannen en vrouwen;Culemborg;2036;27700;21079;3139;1100;2039;3482;1686;1796;216
5576;Totaal over alle leeftijden;Mannen en vrouwen;Culemborg;2037;27614;20962;3139;1107;2032;3513;1698;1815;216
5577;Totaal over alle leeftijden;Mannen en vrouwen;Culemborg;2038;27665;20971;3156;1104;2052;3538;1698;1840;216
5578;Totaal over alle leeftijden;Mannen en vrouwen;Culemborg;2039;27683;20926;3173;1121;2052;3584;1704;1880;216
5579;Totaal over alle leeftijden;Mannen en vrouwen;Culemborg;2040;27641;20869;3180;1128;2052;3592;1678;1914;216
5580;Totaal over alle leeftijden;Mannen en vrouwen;Dalfsen;2010;26803;25545;746;278;468;512;305;207;148
5581;Totaal over alle leeftijden;Mannen en vrouwen;Dalfsen;2011;26782;25381;798;313;485;603;345;258;148
5582;Totaal over alle leeftijden;Mannen en vrouwen;Dalfsen;2012;26875;25329;847;343;504;699;390;309;148
5583;Totaal over alle leeftijden;Mannen en vrouwen;Dalfsen;2013;26796;25122;875;363;512;799;443;356;148
5584;Totaal over alle leeftijden;Mannen en vrouwen;Dalfsen;2014;26890;25088;905;375;530;897;494;403;148
5585;Totaal over alle leeftijden;Mannen en vrouwen;Dalfsen;2015;26989;25045;957;409;548;987;523;464;148
5586;Totaal over alle leeftijden;Mannen en vrouwen;Dalfsen;2016;27056;24960;1003;425;578;1093;587;506;148
5587;Totaal over alle leeftijden;Mannen en vrouwen;Dalfsen;2017;27128;24888;1043;452;591;1197;649;548;148
5588;Totaal over alle leeftijden;Mannen en vrouwen;Dalfsen;2018;27201;24830;1091;475;616;1280;692;588;148
5589;Totaal over alle leeftijden;Mannen en vrouwen;Dalfsen;2019;27250;24776;1104;479;625;1370;725;645;148
5590;Totaal over alle leeftijden;Mannen en vrouwen;Dalfsen;2020;27389;24761;1153;506;647;1475;773;702;148
5591;Totaal over alle leeftijden;Mannen en vrouwen;Dalfsen;2021;27509;24744;1196;528;668;1569;820;749;148
5592;Totaal over alle leeftijden;Mannen en vrouwen;Dalfsen;2022;27607;24695;1250;551;699;1662;850;812;148
5593;Totaal over alle leeftijden;Mannen en vrouwen;Dalfsen;2023;27730;24671;1290;569;721;1769;906;863;148
5594;Totaal over alle leeftijden;Mannen en vrouwen;Dalfsen;2024;27769;24556;1342;599;743;1871;945;926;148
5595;Totaal over alle leeftijden;Mannen en vrouwen;Dalfsen;2025;27845;24532;1355;601;754;1958;989;969;148
5596;Totaal over alle leeftijden;Mannen en vrouwen;Dalfsen;2026;27965;24520;1389;633;756;2056;1027;1029;148
5597;Totaal over alle leeftijden;Mannen en vrouwen;Dalfsen;2027;28062;24465;1464;679;785;2133;1064;1069;148
5598;Totaal over alle leeftijden;Mannen en vrouwen;Dalfsen;2028;28176;24461;1504;695;809;2211;1096;1115;148
5599;Totaal over alle leeftijden;Mannen en vrouwen;Dalfsen;2029;28288;24452;1553;729;824;2283;1121;1162;148
5600;Totaal over alle leeftijden;Mannen en vrouwen;Dalfsen;2030;28410;24494;1558;728;830;2358;1148;1210;148
5601;Totaal over alle leeftijden;Mannen en vrouwen;Dalfsen;2031;28524;24532;1578;749;829;2414;1170;1244;148
5602;Totaal over alle leeftijden;Mannen en vrouwen;Dalfsen;2032;28619;24541;1612;768;844;2466;1201;1265;148
5603;Totaal over alle leeftijden;Mannen en vrouwen;Dalfsen;2033;28728;24544;1653;803;850;2531;1225;1306;148
5604;Totaal over alle leeftijden;Mannen en vrouwen;Dalfsen;2034;28792;24502;1671;810;861;2619;1273;1346;148
5605;Totaal over alle leeftijden;Mannen en vrouwen;Dalfsen;2035;28861;24496;1680;825;855;2685;1287;1398;148
5606;Totaal over alle leeftijden;Mannen en vrouwen;Dalfsen;2036;28948;24498;1695;824;871;2755;1298;1457;148
5607;Totaal over alle leeftijden;Mannen en vrouwen;Dalfsen;2037;28982;24429;1729;844;885;2824;1326;1498;148
5608;Totaal over alle leeftijden;Mannen en vrouwen;Dalfsen;2038;29020;24359;1743;849;894;2918;1370;1548;148
5609;Totaal over alle leeftijden;Mannen en vrouwen;Dalfsen;2039;29032;24294;1752;855;897;2986;1387;1599;148
5610;Totaal over alle leeftijden;Mannen en vrouwen;Dalfsen;2040;29040;24244;1763;841;922;3033;1419;1614;148
5611;Totaal over alle leeftijden;Mannen en vrouwen;Dantumadiel;2010;19219;18433;472;160;312;314;182;132;1891
5612;Totaal over alle leeftijden;Mannen en vrouwen;Dantumadiel;2011;19105;18215;508;172;336;382;222;160;1891
5613;Totaal over alle leeftijden;Mannen en vrouwen;Dantumadiel;2012;19019;18051;531;180;351;437;251;186;1891
5614;Totaal over alle leeftijden;Mannen en vrouwen;Dantumadiel;2013;18978;17921;564;187;377;493;282;211;1891
5615;Totaal over alle leeftijden;Mannen en vrouwen;Dantumadiel;2014;18955;17810;588;190;398;557;319;238;1891
5616;Totaal over alle leeftijden;Mannen en vrouwen;Dantumadiel;2015;18886;17667;606;200;406;613;347;266;1891
5617;Totaal over alle leeftijden;Mannen en vrouwen;Dantumadiel;2016;18836;17536;648;223;425;652;365;287;1891
5618;Totaal over alle leeftijden;Mannen en vrouwen;Dantumadiel;2017;18770;17382;682;238;444;706;380;326;1891
5619;Totaal over alle leeftijden;Mannen en vrouwen;Dantumadiel;2018;18765;17290;721;256;465;754;395;359;1891
5620;Totaal over alle leeftijden;Mannen en vrouwen;Dantumadiel;2019;18695;17147;735;258;477;813;423;390;1891
5621;Totaal over alle leeftijden;Mannen en vrouwen;Dantumadiel;2020;18738;17125;755;262;493;858;440;418;1891
5622;Totaal over alle leeftijden;Mannen en vrouwen;Dantumadiel;2021;18745;17042;779;274;505;924;484;440;1891
5623;Totaal over alle leeftijden;Mannen en vrouwen;Dantumadiel;2022;18684;16927;809;277;532;948;488;460;1891
5624;Totaal over alle leeftijden;Mannen en vrouwen;Dantumadiel;2023;18762;16915;848;298;550;999;513;486;1891
5625;Totaal over alle leeftijden;Mannen en vrouwen;Dantumadiel;2024;18756;16834;867;302;565;1055;526;529;1891
5626;Totaal over alle leeftijden;Mannen en vrouwen;Dantumadiel;2025;18774;16762;907;325;582;1105;543;562;1891
5627;Totaal over alle leeftijden;Mannen en vrouwen;Dantumadiel;2026;18747;16663;930;333;597;1154;578;576;1891
5628;Totaal over alle leeftijden;Mannen en vrouwen;Dantumadiel;2027;18787;16641;945;336;609;1201;590;611;1891
5629;Totaal over alle leeftijden;Mannen en vrouwen;Dantumadiel;2028;18815;16582;976;353;623;1257;607;650;1891
5630;Totaal over alle leeftijden;Mannen en vrouwen;Dantumadiel;2029;18804;16497;1017;369;648;1290;618;672;1891
5631;Totaal over alle leeftijden;Mannen en vrouwen;Dantumadiel;2030;18766;16390;1045;368;677;1331;642;689;1891
5632;Totaal over alle leeftijden;Mannen en vrouwen;Dantumadiel;2031;18795;16367;1054;366;688;1374;666;708;1891
5633;Totaal over alle leeftijden;Mannen en vrouwen;Dantumadiel;2032;18802;16293;1081;375;706;1428;695;733;1891
5634;Totaal over alle leeftijden;Mannen en vrouwen;Dantumadiel;2033;18811;16237;1112;378;734;1462;705;757;1891
5635;Totaal over alle leeftijden;Mannen en vrouwen;Dantumadiel;2034;18849;16215;1129;369;760;1505;732;773;1891
5636;Totaal over alle leeftijden;Mannen en vrouwen;Dantumadiel;2035;18816;16114;1143;379;764;1559;775;784;1891
5637;Totaal over alle leeftijden;Mannen en vrouwen;Dantumadiel;2036;18848;16084;1175;390;785;1589;796;793;1891
5638;Totaal over alle leeftijden;Mannen en vrouwen;Dantumadiel;2037;18845;16016;1181;390;791;1648;829;819;1891
5639;Totaal over alle leeftijden;Mannen en vrouwen;Dantumadiel;2038;18791;15906;1198;411;787;1687;833;854;1891
5640;Totaal over alle leeftijden;Mannen en vrouwen;Dantumadiel;2039;18806;15845;1234;436;798;1727;848;879;1891
5641;Totaal over alle leeftijden;Mannen en vrouwen;Dantumadiel;2040;18751;15742;1242;438;804;1767;864;903;1891
5642;Totaal over alle leeftijden;Mannen en vrouwen;Delft;2010;98815;68960;12456;6616;5840;17399;11396;6003;503
5643;Totaal over alle leeftijden;Mannen en vrouwen;Delft;2011;100071;69420;12831;6743;6088;17820;11481;6339;503
5644;Totaal over alle leeftijden;Mannen en vrouwen;Delft;2012;101353;70079;13142;6759;6383;18132;11488;6644;503
5645;Totaal over alle leeftijden;Mannen en vrouwen;Delft;2013;102500;70518;13538;6902;6636;18444;11537;6907;503
5646;Totaal over alle leeftijden;Mannen en vrouwen;Delft;2014;103312;70806;13807;6960;6847;18699;11578;7121;503
5647;Totaal over alle leeftijden;Mannen en vrouwen;Delft;2015;104403;71188;14215;7092;7123;19000;11734;7266;503
5648;Totaal over alle leeftijden;Mannen en vrouwen;Delft;2016;105580;71774;14495;7134;7361;19311;11846;7465;503
5649;Totaal over alle leeftijden;Mannen en vrouwen;Delft;2017;106501;72176;14803;7214;7589;19522;11900;7622;503
5650;Totaal over alle leeftijden;Mannen en vrouwen;Delft;2018;107278;72476;15098;7310;7788;19704;12014;7690;503
5651;Totaal over alle leeftijden;Mannen en vrouwen;Delft;2019;108148;72851;15361;7336;8025;19936;12140;7796;503
5652;Totaal over alle leeftijden;Mannen en vrouwen;Delft;2020;108860;73016;15586;7412;8174;20258;12254;8004;503
5653;Totaal over alle leeftijden;Mannen en vrouwen;Delft;2021;109630;73279;15816;7499;8317;20535;12303;8232;503
5654;Totaal over alle leeftijden;Mannen en vrouwen;Delft;2022;110369;73504;16038;7616;8422;20827;12393;8434;503
5655;Totaal over alle leeftijden;Mannen en vrouwen;Delft;2023;111103;73713;16280;7697;8583;21110;12476;8634;503
5656;Totaal over alle leeftijden;Mannen en vrouwen;Delft;2024;111660;73938;16466;7751;8715;21256;12552;8704;503
5657;Totaal over alle leeftijden;Mannen en vrouwen;Delft;2025;112381;74202;16718;7834;8884;21461;12626;8835;503
5658;Totaal over alle leeftijden;Mannen en vrouwen;Delft;2026;113017;74369;16940;7916;9024;21708;12746;8962;503
5659;Totaal over alle leeftijden;Mannen en vrouwen;Delft;2027;113667;74512;17140;7987;9153;22015;12898;9117;503
5660;Totaal over alle leeftijden;Mannen en vrouwen;Delft;2028;114384;74733;17388;8129;9259;22263;12989;9274;503
5661;Totaal over alle leeftijden;Mannen en vrouwen;Delft;2029;114959;74811;17618;8244;9374;22530;13116;9414;503
5662;Totaal over alle leeftijden;Mannen en vrouwen;Delft;2030;115682;75010;17897;8342;9555;22775;13215;9560;503
5663;Totaal over alle leeftijden;Mannen en vrouwen;Delft;2031;116291;75147;18208;8478;9730;22936;13295;9641;503
5664;Totaal over alle leeftijden;Mannen en vrouwen;Delft;2032;116992;75287;18468;8594;9874;23237;13397;9840;503
5665;Totaal over alle leeftijden;Mannen en vrouwen;Delft;2033;117843;75477;18794;8748;10046;23572;13454;10118;503
5666;Totaal over alle leeftijden;Mannen en vrouwen;Delft;2034;118456;75580;19096;8906;10190;23780;13642;10138;503
5667;Totaal over alle leeftijden;Mannen en vrouwen;Delft;2035;119133;75872;19238;8845;10393;24023;13726;10297;503
5668;Totaal over alle leeftijden;Mannen en vrouwen;Delft;2036;119925;76181;19390;8847;10543;24354;13820;10534;503
5669;Totaal over alle leeftijden;Mannen en vrouwen;Delft;2037;120663;76419;19666;8936;10730;24578;13823;10755;503
5670;Totaal over alle leeftijden;Mannen en vrouwen;Delft;2038;121385;76698;19942;9063;10879;24745;13916;10829;503
5671;Totaal over alle leeftijden;Mannen en vrouwen;Delft;2039;122133;77045;20268;9190;11078;24820;13976;10844;503
5672;Totaal over alle leeftijden;Mannen en vrouwen;Delft;2040;122783;77223;20487;9226;11261;25073;14075;10998;503
5673;Totaal over alle leeftijden;Mannen en vrouwen;Delfzijl;2010;26569;22208;2064;850;1214;2297;1478;819;10
5674;Totaal over alle leeftijden;Mannen en vrouwen;Delfzijl;2011;26263;21925;2053;824;1229;2285;1465;820;10
5675;Totaal over alle leeftijden;Mannen en vrouwen;Delfzijl;2012;25983;21650;2043;807;1236;2290;1470;820;10
5676;Totaal over alle leeftijden;Mannen en vrouwen;Delfzijl;2013;25741;21366;2047;806;1241;2328;1478;850;10
5677;Totaal over alle leeftijden;Mannen en vrouwen;Delfzijl;2014;25448;21127;1988;773;1215;2333;1484;849;10
5678;Totaal over alle leeftijden;Mannen en vrouwen;Delfzijl;2015;25127;20842;1934;727;1207;2351;1492;859;10
5679;Totaal over alle leeftijden;Mannen en vrouwen;Delfzijl;2016;24801;20550;1906;725;1181;2345;1496;849;10
5680;Totaal over alle leeftijden;Mannen en vrouwen;Delfzijl;2017;24520;20293;1874;710;1164;2353;1496;857;10
5681;Totaal over alle leeftijden;Mannen en vrouwen;Delfzijl;2018;24266;20059;1813;668;1145;2394;1502;892;10
5682;Totaal over alle leeftijden;Mannen en vrouwen;Delfzijl;2019;23968;19792;1769;632;1137;2407;1510;897;10
5683;Totaal over alle leeftijden;Mannen en vrouwen;Delfzijl;2020;23728;19582;1731;599;1132;2415;1508;907;10
5684;Totaal over alle leeftijden;Mannen en vrouwen;Delfzijl;2021;23488;19368;1698;583;1115;2422;1516;906;10
5685;Totaal over alle leeftijden;Mannen en vrouwen;Delfzijl;2022;23260;19157;1653;539;1114;2450;1542;908;10
5686;Totaal over alle leeftijden;Mannen en vrouwen;Delfzijl;2023;23071;18990;1609;505;1104;2472;1551;921;10
5687;Totaal over alle leeftijden;Mannen en vrouwen;Delfzijl;2024;22837;18798;1564;470;1094;2475;1557;918;10
5688;Totaal over alle leeftijden;Mannen en vrouwen;Delfzijl;2025;22583;18542;1519;448;1071;2522;1586;936;10
5689;Totaal over alle leeftijden;Mannen en vrouwen;Delfzijl;2026;22320;18278;1487;416;1071;2555;1593;962;10
5690;Totaal over alle leeftijden;Mannen en vrouwen;Delfzijl;2027;22075;18036;1460;393;1067;2579;1610;969;10
5691;Totaal over alle leeftijden;Mannen en vrouwen;Delfzijl;2028;21877;17819;1440;391;1049;2618;1642;976;10
5692;Totaal over alle leeftijden;Mannen en vrouwen;Delfzijl;2029;21648;17569;1420;371;1049;2659;1648;1011;10
5693;Totaal over alle leeftijden;Mannen en vrouwen;Delfzijl;2030;21407;17355;1392;359;1033;2660;1654;1006;10
5694;Totaal over alle leeftijden;Mannen en vrouwen;Delfzijl;2031;21184;17128;1358;339;1019;2698;1673;1025;10
5695;Totaal over alle leeftijden;Mannen en vrouwen;Delfzijl;2032;20951;16916;1350;333;1017;2685;1673;1012;10
5696;Totaal over alle leeftijden;Mannen en vrouwen;Delfzijl;2033;20757;16733;1325;315;1010;2699;1672;1027;10
5697;Totaal over alle leeftijden;Mannen en vrouwen;Delfzijl;2034;20558;16533;1306;311;995;2719;1663;1056;10
5698;Totaal over alle leeftijden;Mannen en vrouwen;Delfzijl;2035;20313;16309;1276;299;977;2728;1669;1059;10
5699;Totaal over alle leeftijden;Mannen en vrouwen;Delfzijl;2036;20121;16128;1260;291;969;2733;1663;1070;10
5700;Totaal over alle leeftijden;Mannen en vrouwen;Delfzijl;2037;19909;15939;1240;291;949;2730;1650;1080;10
5701;Totaal over alle leeftijden;Mannen en vrouwen;Delfzijl;2038;19664;15704;1219;279;940;2741;1647;1094;10
5702;Totaal over alle leeftijden;Mannen en vrouwen;Delfzijl;2039;19490;15523;1193;264;929;2774;1664;1110;10
5703;Totaal over alle leeftijden;Mannen en vrouwen;Delfzijl;2040;19299;15336;1159;245;914;2804;1666;1138;10
5704;Totaal over alle leeftijden;Mannen en vrouwen;Deurne;2010;31360;28872;1463;535;928;1025;562;463;762
5705;Totaal over alle leeftijden;Mannen en vrouwen;Deurne;2011;31360;28739;1475;515;960;1146;611;535;762
5706;Totaal over alle leeftijden;Mannen en vrouwen;Deurne;2012;31279;28545;1467;510;957;1267;652;615;762
5707;Totaal over alle leeftijden;Mannen en vrouwen;Deurne;2013;31191;28353;1477;505;972;1361;704;657;762
5708;Totaal over alle leeftijden;Mannen en vrouwen;Deurne;2014;31229;28278;1483;518;965;1468;740;728;762
5709;Totaal over alle leeftijden;Mannen en vrouwen;Deurne;2015;31258;28205;1488;520;968;1565;790;775;762
5710;Totaal over alle leeftijden;Mannen en vrouwen;Deurne;2016;31166;27941;1515;532;983;1710;841;869;762
5711;Totaal over alle leeftijden;Mannen en vrouwen;Deurne;2017;31224;27850;1541;538;1003;1833;884;949;762
5712;Totaal over alle leeftijden;Mannen en vrouwen;Deurne;2018;31311;27804;1572;538;1034;1935;919;1016;762
5713;Totaal over alle leeftijden;Mannen en vrouwen;Deurne;2019;31393;27783;1593;545;1048;2017;951;1066;762
5714;Totaal over alle leeftijden;Mannen en vrouwen;Deurne;2020;31435;27697;1589;539;1050;2149;1011;1138;762
5715;Totaal over alle leeftijden;Mannen en vrouwen;Deurne;2021;31538;27679;1591;542;1049;2268;1060;1208;762
5716;Totaal over alle leeftijden;Mannen en vrouwen;Deurne;2022;31584;27584;1631;558;1073;2369;1090;1279;762
5717;Totaal over alle leeftijden;Mannen en vrouwen;Deurne;2023;31614;27512;1643;563;1080;2459;1127;1332;762
5718;Totaal over alle leeftijden;Mannen en vrouwen;Deurne;2024;31704;27462;1673;563;1110;2569;1178;1391;762
5719;Totaal over alle leeftijden;Mannen en vrouwen;Deurne;2025;31765;27424;1679;546;1133;2662;1217;1445;762
5720;Totaal over alle leeftijden;Mannen en vrouwen;Deurne;2026;31816;27364;1699;551;1148;2753;1239;1514;762
5721;Totaal over alle leeftijden;Mannen en vrouwen;Deurne;2027;31861;27302;1737;564;1173;2822;1259;1563;762
5722;Totaal over alle leeftijden;Mannen en vrouwen;Deurne;2028;31913;27287;1742;569;1173;2884;1279;1605;762
5723;Totaal over alle leeftijden;Mannen en vrouwen;Deurne;2029;31956;27256;1759;563;1196;2941;1292;1649;762
5724;Totaal over alle leeftijden;Mannen en vrouwen;Deurne;2030;31964;27185;1762;554;1208;3017;1323;1694;762
5725;Totaal over alle leeftijden;Mannen en vrouwen;Deurne;2031;31981;27140;1773;537;1236;3068;1369;1699;762
5726;Totaal over alle leeftijden;Mannen en vrouwen;Deurne;2032;31970;27033;1775;548;1227;3162;1422;1740;762
5727;Totaal over alle leeftijden;Mannen en vrouwen;Deurne;2033;31955;26929;1791;549;1242;3235;1459;1776;762
5728;Totaal over alle leeftijden;Mannen en vrouwen;Deurne;2034;31940;26860;1765;526;1239;3315;1513;1802;762
5729;Totaal over alle leeftijden;Mannen en vrouwen;Deurne;2035;31914;26734;1778;527;1251;3402;1542;1860;762
5730;Totaal over alle leeftijden;Mannen en vrouwen;Deurne;2036;31860;26632;1757;521;1236;3471;1574;1897;762
5731;Totaal over alle leeftijden;Mannen en vrouwen;Deurne;2037;31835;26505;1788;547;1241;3542;1601;1941;762
5732;Totaal over alle leeftijden;Mannen en vrouwen;Deurne;2038;31729;26304;1804;552;1252;3621;1650;1971;762
5733;Totaal over alle leeftijden;Mannen en vrouwen;Deurne;2039;31648;26161;1799;546;1253;3688;1695;1993;762
5734;Totaal over alle leeftijden;Mannen en vrouwen;Deurne;2040;31548;26023;1804;543;1261;3721;1721;2000;762
5735;Totaal over alle leeftijden;Mannen en vrouwen;Deventer;2010;98471;78063;8464;3472;4992;11944;6993;4951;150
5736;Totaal over alle leeftijden;Mannen en vrouwen;Deventer;2011;98896;78430;8426;3496;4930;12040;6995;5045;150
5737;Totaal over alle leeftijden;Mannen en vrouwen;Deventer;2012;99343;78833;8407;3517;4890;12103;6963;5140;150
5738;Totaal over alle leeftijden;Mannen en vrouwen;Deventer;2013;99729;79195;8378;3561;4817;12156;6940;5216;150
5739;Totaal over alle leeftijden;Mannen en vrouwen;Deventer;2014;100087;79450;8380;3587;4793;12257;7006;5251;150
5740;Totaal over alle leeftijden;Mannen en vrouwen;Deventer;2015;100499;79709;8391;3608;4783;12399;7071;5328;150
5741;Totaal over alle leeftijden;Mannen en vrouwen;Deventer;2016;100972;80024;8343;3610;4733;12605;7192;5413;150
5742;Totaal over alle leeftijden;Mannen en vrouwen;Deventer;2017;101319;80259;8295;3599;4696;12765;7307;5458;150
5743;Totaal over alle leeftijden;Mannen en vrouwen;Deventer;2018;101517;80310;8234;3574;4660;12973;7444;5529;150
5744;Totaal over alle leeftijden;Mannen en vrouwen;Deventer;2019;101927;80562;8210;3595;4615;13155;7529;5626;150
5745;Totaal over alle leeftijden;Mannen en vrouwen;Deventer;2020;102186;80741;8153;3590;4563;13292;7633;5659;150
5746;Totaal over alle leeftijden;Mannen en vrouwen;Deventer;2021;102467;80843;8154;3600;4554;13470;7730;5740;150
5747;Totaal over alle leeftijden;Mannen en vrouwen;Deventer;2022;102629;80885;8144;3644;4500;13600;7830;5770;150
5748;Totaal over alle leeftijden;Mannen en vrouwen;Deventer;2023;102802;80882;8139;3690;4449;13781;7965;5816;150
5749;Totaal over alle leeftijden;Mannen en vrouwen;Deventer;2024;102995;80901;8126;3719;4407;13968;8077;5891;150
5750;Totaal over alle leeftijden;Mannen en vrouwen;Deventer;2025;103186;81017;8099;3724;4375;14070;8103;5967;150
5751;Totaal over alle leeftijden;Mannen en vrouwen;Deventer;2026;103443;81099;8106;3745;4361;14238;8219;6019;150
5752;Totaal over alle leeftijden;Mannen en vrouwen;Deventer;2027;103683;81262;8071;3751;4320;14350;8279;6071;150
5753;Totaal over alle leeftijden;Mannen en vrouwen;Deventer;2028;103740;81181;8054;3791;4263;14505;8331;6174;150
5754;Totaal over alle leeftijden;Mannen en vrouwen;Deventer;2029;103854;81124;8045;3836;4209;14685;8413;6272;150
5755;Totaal over alle leeftijden;Mannen en vrouwen;Deventer;2030;103986;81156;8016;3852;4164;14814;8500;6314;150
5756;Totaal over alle leeftijden;Mannen en vrouwen;Deventer;2031;104162;81175;7995;3878;4117;14992;8611;6381;150
5757;Totaal over alle leeftijden;Mannen en vrouwen;Deventer;2032;104307;81180;8003;3902;4101;15124;8716;6408;150
5758;Totaal over alle leeftijden;Mannen en vrouwen;Deventer;2033;104515;81201;7983;3900;4083;15331;8846;6485;150
5759;Totaal over alle leeftijden;Mannen en vrouwen;Deventer;2034;104587;81032;7990;3912;4078;15565;8962;6603;150
5760;Totaal over alle leeftijden;Mannen en vrouwen;Deventer;2035;104560;80785;8007;3931;4076;15768;9025;6743;150
5761;Totaal over alle leeftijden;Mannen en vrouwen;Deventer;2036;104658;80681;8028;3965;4063;15949;9093;6856;150
5762;Totaal over alle leeftijden;Mannen en vrouwen;Deventer;2037;104677;80528;8015;4013;4002;16134;9175;6959;150
5763;Totaal over alle leeftijden;Mannen en vrouwen;Deventer;2038;104693;80341;8046;4046;4000;16306;9248;7058;150
5764;Totaal over alle leeftijden;Mannen en vrouwen;Deventer;2039;104672;80159;8097;4071;4026;16416;9284;7132;150
5765;Totaal over alle leeftijden;Mannen en vrouwen;Deventer;2040;104619;79858;8147;4144;4003;16614;9368;7246;150
5766;Totaal over alle leeftijden;Mannen en vrouwen;Diemen;2010;23728;15190;2993;1401;1592;5545;3399;2146;384
5767;Totaal over alle leeftijden;Mannen en vrouwen;Diemen;2011;23747;15150;3052;1403;1649;5545;3412;2133;384
5768;Totaal over alle leeftijden;Mannen en vrouwen;Diemen;2012;23750;15078;3091;1381;1710;5581;3469;2112;384
5769;Totaal over alle leeftijden;Mannen en vrouwen;Diemen;2013;23813;15070;3166;1355;1811;5577;3479;2098;384
5770;Totaal over alle leeftijden;Mannen en vrouwen;Diemen;2014;24086;15104;3236;1322;1914;5746;3559;2187;384
5771;Totaal over alle leeftijden;Mannen en vrouwen;Diemen;2015;24368;15176;3352;1324;2028;5840;3605;2235;384
5772;Totaal over alle leeftijden;Mannen en vrouwen;Diemen;2016;24288;14964;3415;1330;2085;5909;3672;2237;384
5773;Totaal over alle leeftijden;Mannen en vrouwen;Diemen;2017;24433;14952;3486;1349;2137;5995;3703;2292;384
5774;Totaal over alle leeftijden;Mannen en vrouwen;Diemen;2018;24572;14929;3532;1355;2177;6111;3714;2397;384
5775;Totaal over alle leeftijden;Mannen en vrouwen;Diemen;2019;24725;14925;3579;1389;2190;6221;3764;2457;384
5776;Totaal over alle leeftijden;Mannen en vrouwen;Diemen;2020;24797;14879;3654;1404;2250;6264;3766;2498;384
5777;Totaal over alle leeftijden;Mannen en vrouwen;Diemen;2021;25028;14931;3684;1429;2255;6413;3828;2585;384
5778;Totaal over alle leeftijden;Mannen en vrouwen;Diemen;2022;25145;14914;3693;1413;2280;6538;3879;2659;384
5779;Totaal over alle leeftijden;Mannen en vrouwen;Diemen;2023;25242;14874;3706;1394;2312;6662;3915;2747;384
5780;Totaal over alle leeftijden;Mannen en vrouwen;Diemen;2024;25386;14910;3733;1425;2308;6743;3945;2798;384
5781;Totaal over alle leeftijden;Mannen en vrouwen;Diemen;2025;25516;14896;3764;1422;2342;6856;3944;2912;384
5782;Totaal over alle leeftijden;Mannen en vrouwen;Diemen;2026;25777;14938;3832;1434;2398;7007;3987;3020;384
5783;Totaal over alle leeftijden;Mannen en vrouwen;Diemen;2027;26018;15014;3877;1463;2414;7127;4011;3116;384
5784;Totaal over alle leeftijden;Mannen en vrouwen;Diemen;2028;26202;15069;3927;1470;2457;7206;4039;3167;384
5785;Totaal over alle leeftijden;Mannen en vrouwen;Diemen;2029;26399;15157;3978;1482;2496;7264;4023;3241;384
5786;Totaal over alle leeftijden;Mannen en vrouwen;Diemen;2030;26491;15190;4014;1484;2530;7287;4036;3251;384
5787;Totaal over alle leeftijden;Mannen en vrouwen;Diemen;2031;26624;15191;4036;1470;2566;7397;4081;3316;384
5788;Totaal over alle leeftijden;Mannen en vrouwen;Diemen;2032;26680;15147;4083;1481;2602;7450;4096;3354;384
5789;Totaal over alle leeftijden;Mannen en vrouwen;Diemen;2033;26819;15203;4063;1473;2590;7553;4089;3464;384
5790;Totaal over alle leeftijden;Mannen en vrouwen;Diemen;2034;26963;15262;4112;1470;2642;7589;4078;3511;384
5791;Totaal over alle leeftijden;Mannen en vrouwen;Diemen;2035;27175;15345;4152;1458;2694;7678;4079;3599;384
5792;Totaal over alle leeftijden;Mannen en vrouwen;Diemen;2036;27276;15341;4175;1462;2713;7760;4109;3651;384
5793;Totaal over alle leeftijden;Mannen en vrouwen;Diemen;2037;27501;15404;4274;1488;2786;7823;4121;3702;384
5794;Totaal over alle leeftijden;Mannen en vrouwen;Diemen;2038;27678;15470;4308;1484;2824;7900;4100;3800;384
5795;Totaal over alle leeftijden;Mannen en vrouwen;Diemen;2039;27994;15621;4350;1498;2852;8023;4151;3872;384
5796;Totaal over alle leeftijden;Mannen en vrouwen;Diemen;2040;28185;15693;4330;1476;2854;8162;4205;3957;384
5797;Totaal over alle leeftijden;Mannen en vrouwen;Dinkelland;2010;25617;23539;1593;476;1117;485;268;217;1774
5798;Totaal over alle leeftijden;Mannen en vrouwen;Dinkelland;2011;25410;23273;1574;472;1102;563;307;256;1774
5799;Totaal over alle leeftijden;Mannen en vrouwen;Dinkelland;2012;25280;23075;1577;477;1100;628;342;286;1774
5800;Totaal over alle leeftijden;Mannen en vrouwen;Dinkelland;2013;25200;22910;1587;493;1094;703;387;316;1774
5801;Totaal over alle leeftijden;Mannen en vrouwen;Dinkelland;2014;25064;22687;1569;493;1076;808;426;382;1774
5802;Totaal over alle leeftijden;Mannen en vrouwen;Dinkelland;2015;24977;22508;1572;495;1077;897;465;432;1774
5803;Totaal over alle leeftijden;Mannen en vrouwen;Dinkelland;2016;24839;22303;1562;488;1074;974;500;474;1774
5804;Totaal over alle leeftijden;Mannen en vrouwen;Dinkelland;2017;24740;22144;1553;491;1062;1043;539;504;1774
5805;Totaal over alle leeftijden;Mannen en vrouwen;Dinkelland;2018;24603;21939;1545;490;1055;1119;582;537;1774
5806;Totaal over alle leeftijden;Mannen en vrouwen;Dinkelland;2019;24494;21751;1537;495;1042;1206;630;576;1774
5807;Totaal over alle leeftijden;Mannen en vrouwen;Dinkelland;2020;24380;21584;1532;488;1044;1264;660;604;1774
5808;Totaal over alle leeftijden;Mannen en vrouwen;Dinkelland;2021;24269;21432;1523;492;1031;1314;674;640;1774
5809;Totaal over alle leeftijden;Mannen en vrouwen;Dinkelland;2022;24180;21289;1504;485;1019;1387;714;673;1774
5810;Totaal over alle leeftijden;Mannen en vrouwen;Dinkelland;2023;24094;21088;1509;502;1007;1497;760;737;1774
5811;Totaal over alle leeftijden;Mannen en vrouwen;Dinkelland;2024;24010;20906;1514;516;998;1590;813;777;1774
5812;Totaal over alle leeftijden;Mannen en vrouwen;Dinkelland;2025;23909;20729;1529;526;1003;1651;848;803;1774
5813;Totaal over alle leeftijden;Mannen en vrouwen;Dinkelland;2026;23758;20540;1498;517;981;1720;876;844;1774
5814;Totaal over alle leeftijden;Mannen en vrouwen;Dinkelland;2027;23655;20354;1496;524;972;1805;912;893;1774
5815;Totaal over alle leeftijden;Mannen en vrouwen;Dinkelland;2028;23537;20183;1475;522;953;1879;946;933;1774
5816;Totaal over alle leeftijden;Mannen en vrouwen;Dinkelland;2029;23484;20088;1461;530;931;1935;982;953;1774
5817;Totaal over alle leeftijden;Mannen en vrouwen;Dinkelland;2030;23384;19966;1443;535;908;1975;996;979;1774
5818;Totaal over alle leeftijden;Mannen en vrouwen;Dinkelland;2031;23317;19842;1441;549;892;2034;1011;1023;1774
5819;Totaal over alle leeftijden;Mannen en vrouwen;Dinkelland;2032;23192;19674;1441;556;885;2077;1032;1045;1774
5820;Totaal over alle leeftijden;Mannen en vrouwen;Dinkelland;2033;23118;19564;1448;567;881;2106;1030;1076;1774
5821;Totaal over alle leeftijden;Mannen en vrouwen;Dinkelland;2034;23040;19442;1434;562;872;2164;1050;1114;1774
5822;Totaal over alle leeftijden;Mannen en vrouwen;Dinkelland;2035;22943;19297;1431;566;865;2215;1064;1151;1774
5823;Totaal over alle leeftijden;Mannen en vrouwen;Dinkelland;2036;22858;19170;1428;565;863;2260;1080;1180;1774
5824;Totaal over alle leeftijden;Mannen en vrouwen;Dinkelland;2037;22738;19021;1423;570;853;2294;1092;1202;1774
5825;Totaal over alle leeftijden;Mannen en vrouwen;Dinkelland;2038;22635;18870;1431;585;846;2334;1098;1236;1774
5826;Totaal over alle leeftijden;Mannen en vrouwen;Dinkelland;2039;22544;18760;1450;589;861;2334;1100;1234;1774
5827;Totaal over alle leeftijden;Mannen en vrouwen;Dinkelland;2040;22422;18586;1445;594;851;2391;1113;1278;1774
5828;Totaal over alle leeftijden;Mannen en vrouwen;Dirksland;2010;8374;7937;267;103;164;170;92;78;504
5829;Totaal over alle leeftijden;Mannen en vrouwen;Dirksland;2011;8363;7881;285;105;180;197;111;86;504
5830;Totaal over alle leeftijden;Mannen en vrouwen;Dirksland;2012;8337;7815;304;120;184;218;128;90;504
5831;Totaal over alle leeftijden;Mannen en vrouwen;Dirksland;2013;8382;7802;336;130;206;244;135;109;504
5832;Totaal over alle leeftijden;Mannen en vrouwen;Dirksland;2014;8376;7753;357;135;222;266;143;123;504
5833;Totaal over alle leeftijden;Mannen en vrouwen;Dirksland;2015;8370;7694;386;142;244;290;148;142;504
5834;Totaal over alle leeftijden;Mannen en vrouwen;Dirksland;2016;8347;7656;390;141;249;301;150;151;504
5835;Totaal over alle leeftijden;Mannen en vrouwen;Dirksland;2017;8406;7662;421;146;275;323;160;163;504
5836;Totaal over alle leeftijden;Mannen en vrouwen;Dirksland;2018;8363;7572;443;156;287;348;171;177;504
5837;Totaal over alle leeftijden;Mannen en vrouwen;Dirksland;2019;8409;7568;467;163;304;374;181;193;504
5838;Totaal over alle leeftijden;Mannen en vrouwen;Dirksland;2020;8433;7560;472;156;316;401;190;211;504
5839;Totaal over alle leeftijden;Mannen en vrouwen;Dirksland;2021;8509;7579;493;161;332;437;213;224;504
5840;Totaal over alle leeftijden;Mannen en vrouwen;Dirksland;2022;8517;7539;507;160;347;471;220;251;504
5841;Totaal over alle leeftijden;Mannen en vrouwen;Dirksland;2023;8487;7465;538;178;360;484;226;258;504
5842;Totaal over alle leeftijden;Mannen en vrouwen;Dirksland;2024;8468;7420;549;180;369;499;232;267;504
5843;Totaal over alle leeftijden;Mannen en vrouwen;Dirksland;2025;8469;7372;573;190;383;524;245;279;504
5844;Totaal over alle leeftijden;Mannen en vrouwen;Dirksland;2026;8490;7344;597;195;402;549;257;292;504
5845;Totaal over alle leeftijden;Mannen en vrouwen;Dirksland;2027;8522;7320;621;206;415;581;268;313;504
5846;Totaal over alle leeftijden;Mannen en vrouwen;Dirksland;2028;8562;7325;633;211;422;604;278;326;504
5847;Totaal over alle leeftijden;Mannen en vrouwen;Dirksland;2029;8559;7296;648;220;428;615;278;337;504
5848;Totaal over alle leeftijden;Mannen en vrouwen;Dirksland;2030;8561;7283;649;226;423;629;282;347;504
5849;Totaal over alle leeftijden;Mannen en vrouwen;Dirksland;2031;8549;7254;654;224;430;641;294;347;504
5850;Totaal over alle leeftijden;Mannen en vrouwen;Dirksland;2032;8593;7258;669;229;440;666;299;367;504
5851;Totaal over alle leeftijden;Mannen en vrouwen;Dirksland;2033;8565;7197;690;243;447;678;308;370;504
5852;Totaal over alle leeftijden;Mannen en vrouwen;Dirksland;2034;8552;7166;702;248;454;684;315;369;504
5853;Totaal over alle leeftijden;Mannen en vrouwen;Dirksland;2035;8552;7126;721;248;473;705;322;383;504
5854;Totaal over alle leeftijden;Mannen en vrouwen;Dirksland;2036;8550;7117;713;239;474;720;330;390;504
5855;Totaal over alle leeftijden;Mannen en vrouwen;Dirksland;2037;8545;7071;731;239;492;743;345;398;504
5856;Totaal over alle leeftijden;Mannen en vrouwen;Dirksland;2038;8541;7038;752;247;505;751;349;402;504
5857;Totaal over alle leeftijden;Mannen en vrouwen;Dirksland;2039;8522;6994;758;260;498;770;347;423;504
5858;Totaal over alle leeftijden;Mannen en vrouwen;Dirksland;2040;8476;6919;764;258;506;793;358;435;504
5859;Totaal over alle leeftijden;Mannen en vrouwen;Doesburg;2010;11624;9313;1133;385;748;1178;652;526;221
5860;Totaal over alle leeftijden;Mannen en vrouwen;Doesburg;2011;11663;9327;1140;386;754;1196;670;526;221
5861;Totaal over alle leeftijden;Mannen en vrouwen;Doesburg;2012;11661;9307;1139;377;762;1215;674;541;221
5862;Totaal over alle leeftijden;Mannen en vrouwen;Doesburg;2013;11707;9348;1134;350;784;1225;680;545;221
5863;Totaal over alle leeftijden;Mannen en vrouwen;Doesburg;2014;11766;9361;1141;342;799;1264;701;563;221
5864;Totaal over alle leeftijden;Mannen en vrouwen;Doesburg;2015;11794;9354;1140;332;808;1300;710;590;221
5865;Totaal over alle leeftijden;Mannen en vrouwen;Doesburg;2016;11810;9312;1165;329;836;1333;733;600;221
5866;Totaal over alle leeftijden;Mannen en vrouwen;Doesburg;2017;11770;9252;1173;333;840;1345;736;609;221
5867;Totaal over alle leeftijden;Mannen en vrouwen;Doesburg;2018;11793;9238;1182;332;850;1373;745;628;221
5868;Totaal over alle leeftijden;Mannen en vrouwen;Doesburg;2019;11811;9196;1196;323;873;1419;772;647;221
5869;Totaal over alle leeftijden;Mannen en vrouwen;Doesburg;2020;11894;9195;1217;338;879;1482;794;688;221
5870;Totaal over alle leeftijden;Mannen en vrouwen;Doesburg;2021;11930;9190;1235;347;888;1505;805;700;221
5871;Totaal over alle leeftijden;Mannen en vrouwen;Doesburg;2022;11988;9190;1252;345;907;1546;823;723;221
5872;Totaal over alle leeftijden;Mannen en vrouwen;Doesburg;2023;11990;9179;1242;331;911;1569;825;744;221
5873;Totaal over alle leeftijden;Mannen en vrouwen;Doesburg;2024;12029;9182;1250;314;936;1597;841;756;221
5874;Totaal over alle leeftijden;Mannen en vrouwen;Doesburg;2025;12041;9143;1262;318;944;1636;850;786;221
5875;Totaal over alle leeftijden;Mannen en vrouwen;Doesburg;2026;12100;9183;1266;319;947;1651;859;792;221
5876;Totaal over alle leeftijden;Mannen en vrouwen;Doesburg;2027;12149;9177;1273;317;956;1699;884;815;221
5877;Totaal over alle leeftijden;Mannen en vrouwen;Doesburg;2028;12245;9195;1300;333;967;1750;892;858;221
5878;Totaal over alle leeftijden;Mannen en vrouwen;Doesburg;2029;12289;9208;1300;331;969;1781;898;883;221
5879;Totaal over alle leeftijden;Mannen en vrouwen;Doesburg;2030;12311;9210;1294;320;974;1807;908;899;221
5880;Totaal over alle leeftijden;Mannen en vrouwen;Doesburg;2031;12341;9214;1293;314;979;1834;928;906;221
5881;Totaal over alle leeftijden;Mannen en vrouwen;Doesburg;2032;12365;9204;1296;316;980;1865;945;920;221
5882;Totaal over alle leeftijden;Mannen en vrouwen;Doesburg;2033;12402;9213;1296;303;993;1893;967;926;221
5883;Totaal over alle leeftijden;Mannen en vrouwen;Doesburg;2034;12463;9247;1314;308;1006;1902;969;933;221
5884;Totaal over alle leeftijden;Mannen en vrouwen;Doesburg;2035;12494;9231;1327;307;1020;1936;993;943;221
5885;Totaal over alle leeftijden;Mannen en vrouwen;Doesburg;2036;12504;9226;1332;307;1025;1946;1004;942;221
5886;Totaal over alle leeftijden;Mannen en vrouwen;Doesburg;2037;12518;9196;1330;290;1040;1992;1018;974;221
5887;Totaal over alle leeftijden;Mannen en vrouwen;Doesburg;2038;12547;9186;1350;298;1052;2011;1049;962;221
5888;Totaal over alle leeftijden;Mannen en vrouwen;Doesburg;2039;12560;9142;1368;307;1061;2050;1049;1001;221
5889;Totaal over alle leeftijden;Mannen en vrouwen;Doesburg;2040;12553;9103;1382;301;1081;2068;1059;1009;221
5890;Totaal over alle leeftijden;Mannen en vrouwen;Doetinchem;2010;56341;48918;4240;1466;2774;3183;1749;1434;222
5891;Totaal over alle leeftijden;Mannen en vrouwen;Doetinchem;2011;56242;48763;4238;1446;2792;3241;1779;1462;222
5892;Totaal over alle leeftijden;Mannen en vrouwen;Doetinchem;2012;56199;48657;4249;1442;2807;3293;1797;1496;222
5893;Totaal over alle leeftijden;Mannen en vrouwen;Doetinchem;2013;56085;48519;4232;1427;2805;3334;1796;1538;222
5894;Totaal over alle leeftijden;Mannen en vrouwen;Doetinchem;2014;55921;48303;4185;1399;2786;3433;1849;1584;222
5895;Totaal over alle leeftijden;Mannen en vrouwen;Doetinchem;2015;55869;48147;4209;1409;2800;3513;1887;1626;222
5896;Totaal over alle leeftijden;Mannen en vrouwen;Doetinchem;2016;55796;47975;4203;1403;2800;3618;1924;1694;222
5897;Totaal over alle leeftijden;Mannen en vrouwen;Doetinchem;2017;55752;47868;4207;1415;2792;3677;1926;1751;222
5898;Totaal over alle leeftijden;Mannen en vrouwen;Doetinchem;2018;55661;47745;4159;1379;2780;3757;1936;1821;222
5899;Totaal over alle leeftijden;Mannen en vrouwen;Doetinchem;2019;55648;47664;4149;1355;2794;3835;1957;1878;222
5900;Totaal over alle leeftijden;Mannen en vrouwen;Doetinchem;2020;55531;47467;4148;1351;2797;3916;1980;1936;222
5901;Totaal over alle leeftijden;Mannen en vrouwen;Doetinchem;2021;55456;47306;4124;1352;2772;4026;2007;2019;222
5902;Totaal over alle leeftijden;Mannen en vrouwen;Doetinchem;2022;55365;47143;4102;1336;2766;4120;2062;2058;222
5903;Totaal over alle leeftijden;Mannen en vrouwen;Doetinchem;2023;55264;46947;4065;1310;2755;4252;2122;2130;222
5904;Totaal over alle leeftijden;Mannen en vrouwen;Doetinchem;2024;55149;46725;4106;1327;2779;4318;2151;2167;222
5905;Totaal over alle leeftijden;Mannen en vrouwen;Doetinchem;2025;55088;46603;4101;1296;2805;4384;2152;2232;222
5906;Totaal over alle leeftijden;Mannen en vrouwen;Doetinchem;2026;55027;46449;4115;1290;2825;4463;2170;2293;222
5907;Totaal over alle leeftijden;Mannen en vrouwen;Doetinchem;2027;54964;46335;4126;1313;2813;4503;2182;2321;222
5908;Totaal over alle leeftijden;Mannen en vrouwen;Doetinchem;2028;54848;46155;4104;1311;2793;4589;2221;2368;222
5909;Totaal over alle leeftijden;Mannen en vrouwen;Doetinchem;2029;54791;46030;4101;1305;2796;4660;2231;2429;222
5910;Totaal over alle leeftijden;Mannen en vrouwen;Doetinchem;2030;54745;45943;4090;1297;2793;4712;2242;2470;222
5911;Totaal over alle leeftijden;Mannen en vrouwen;Doetinchem;2031;54731;45885;4085;1296;2789;4761;2257;2504;222
5912;Totaal over alle leeftijden;Mannen en vrouwen;Doetinchem;2032;54615;45693;4095;1306;2789;4827;2270;2557;222
5913;Totaal over alle leeftijden;Mannen en vrouwen;Doetinchem;2033;54477;45488;4100;1311;2789;4889;2311;2578;222
5914;Totaal over alle leeftijden;Mannen en vrouwen;Doetinchem;2034;54308;45258;4102;1301;2801;4948;2327;2621;222
5915;Totaal over alle leeftijden;Mannen en vrouwen;Doetinchem;2035;54169;45066;4080;1277;2803;5023;2327;2696;222
5916;Totaal over alle leeftijden;Mannen en vrouwen;Doetinchem;2036;54026;44834;4107;1323;2784;5085;2341;2744;222
5917;Totaal over alle leeftijden;Mannen en vrouwen;Doetinchem;2037;53924;44656;4115;1329;2786;5153;2339;2814;222
5918;Totaal over alle leeftijden;Mannen en vrouwen;Doetinchem;2038;53748;44408;4104;1314;2790;5236;2382;2854;222
5919;Totaal over alle leeftijden;Mannen en vrouwen;Doetinchem;2039;53597;44176;4080;1313;2767;5341;2418;2923;222
5920;Totaal over alle leeftijden;Mannen en vrouwen;Doetinchem;2040;53350;43901;4058;1283;2775;5391;2438;2953;222
5921;Totaal over alle leeftijden;Mannen en vrouwen;Dongen;2010;25607;22191;1599;698;901;1817;1113;704;766
5922;Totaal over alle leeftijden;Mannen en vrouwen;Dongen;2011;25620;22089;1627;733;894;1904;1162;742;766
5923;Totaal over alle leeftijden;Mannen en vrouwen;Dongen;2012;25688;22051;1675;780;895;1962;1183;779;766
5924;Totaal over alle leeftijden;Mannen en vrouwen;Dongen;2013;25709;21972;1698;805;893;2039;1208;831;766
5925;Totaal over alle leeftijden;Mannen en vrouwen;Dongen;2014;25786;21908;1751;855;896;2127;1266;861;766
5926;Totaal over alle leeftijden;Mannen en vrouwen;Dongen;2015;25876;21867;1806;899;907;2203;1292;911;766
5927;Totaal over alle leeftijden;Mannen en vrouwen;Dongen;2016;25908;21727;1854;940;914;2327;1347;980;766
5928;Totaal over alle leeftijden;Mannen en vrouwen;Dongen;2017;25977;21655;1889;970;919;2433;1389;1044;766
5929;Totaal over alle leeftijden;Mannen en vrouwen;Dongen;2018;26010;21558;1939;1017;922;2513;1422;1091;766
5930;Totaal over alle leeftijden;Mannen en vrouwen;Dongen;2019;26031;21467;1987;1039;948;2577;1452;1125;766
5931;Totaal over alle leeftijden;Mannen en vrouwen;Dongen;2020;25950;21281;2009;1052;957;2660;1496;1164;766
5932;Totaal over alle leeftijden;Mannen en vrouwen;Dongen;2021;25990;21195;2040;1078;962;2755;1516;1239;766
5933;Totaal over alle leeftijden;Mannen en vrouwen;Dongen;2022;25978;21067;2087;1119;968;2824;1558;1266;766
5934;Totaal over alle leeftijden;Mannen en vrouwen;Dongen;2023;25934;20918;2111;1134;977;2905;1597;1308;766
5935;Totaal over alle leeftijden;Mannen en vrouwen;Dongen;2024;25963;20844;2134;1156;978;2985;1614;1371;766
5936;Totaal over alle leeftijden;Mannen en vrouwen;Dongen;2025;26010;20774;2171;1181;990;3065;1639;1426;766
5937;Totaal over alle leeftijden;Mannen en vrouwen;Dongen;2026;26014;20688;2217;1214;1003;3109;1651;1458;766
5938;Totaal over alle leeftijden;Mannen en vrouwen;Dongen;2027;26044;20600;2238;1224;1014;3206;1707;1499;766
5939;Totaal over alle leeftijden;Mannen en vrouwen;Dongen;2028;26009;20415;2268;1248;1020;3326;1748;1578;766
5940;Totaal over alle leeftijden;Mannen en vrouwen;Dongen;2029;26037;20301;2319;1273;1046;3417;1781;1636;766
5941;Totaal over alle leeftijden;Mannen en vrouwen;Dongen;2030;26026;20176;2333;1277;1056;3517;1811;1706;766
5942;Totaal over alle leeftijden;Mannen en vrouwen;Dongen;2031;26018;20046;2366;1301;1065;3606;1837;1769;766
5943;Totaal over alle leeftijden;Mannen en vrouwen;Dongen;2032;25976;19913;2403;1324;1079;3660;1850;1810;766
5944;Totaal over alle leeftijden;Mannen en vrouwen;Dongen;2033;25943;19785;2464;1364;1100;3694;1859;1835;766
5945;Totaal over alle leeftijden;Mannen en vrouwen;Dongen;2034;25926;19665;2497;1396;1101;3764;1887;1877;766
5946;Totaal over alle leeftijden;Mannen en vrouwen;Dongen;2035;25875;19518;2510;1396;1114;3847;1939;1908;766
5947;Totaal over alle leeftijden;Mannen en vrouwen;Dongen;2036;25775;19326;2503;1398;1105;3946;1983;1963;766
5948;Totaal over alle leeftijden;Mannen en vrouwen;Dongen;2037;25687;19170;2524;1420;1104;3993;1996;1997;766
5949;Totaal over alle leeftijden;Mannen en vrouwen;Dongen;2038;25598;19003;2539;1443;1096;4056;2020;2036;766
5950;Totaal over alle leeftijden;Mannen en vrouwen;Dongen;2039;25439;18784;2555;1448;1107;4100;2025;2075;766
5951;Totaal over alle leeftijden;Mannen en vrouwen;Dongen;2040;25344;18575;2590;1487;1103;4179;2070;2109;766
5952;Totaal over alle leeftijden;Mannen en vrouwen;Dongeradeel;2010;24472;22586;945;466;479;941;580;361;58
5953;Totaal over alle leeftijden;Mannen en vrouwen;Dongeradeel;2011;24311;22356;943;476;467;1012;600;412;58
5954;Totaal over alle leeftijden;Mannen en vrouwen;Dongeradeel;2012;24190;22165;950;492;458;1075;618;457;58
5955;Totaal over alle leeftijden;Mannen en vrouwen;Dongeradeel;2013;24184;22078;977;509;468;1129;633;496;58
5956;Totaal over alle leeftijden;Mannen en vrouwen;Dongeradeel;2014;24198;21977;1005;531;474;1216;669;547;58
5957;Totaal over alle leeftijden;Mannen en vrouwen;Dongeradeel;2015;24184;21882;1022;546;476;1280;692;588;58
5958;Totaal over alle leeftijden;Mannen en vrouwen;Dongeradeel;2016;24208;21820;1045;561;484;1343;727;616;58
5959;Totaal over alle leeftijden;Mannen en vrouwen;Dongeradeel;2017;24224;21741;1070;573;497;1413;754;659;58
5960;Totaal over alle leeftijden;Mannen en vrouwen;Dongeradeel;2018;24202;21621;1085;577;508;1496;785;711;58
5961;Totaal over alle leeftijden;Mannen en vrouwen;Dongeradeel;2019;24158;21515;1101;585;516;1542;798;744;58
5962;Totaal over alle leeftijden;Mannen en vrouwen;Dongeradeel;2020;24180;21446;1126;599;527;1608;827;781;58
5963;Totaal over alle leeftijden;Mannen en vrouwen;Dongeradeel;2021;24214;21382;1151;614;537;1681;860;821;58
5964;Totaal over alle leeftijden;Mannen en vrouwen;Dongeradeel;2022;24193;21283;1164;621;543;1746;894;852;58
5965;Totaal over alle leeftijden;Mannen en vrouwen;Dongeradeel;2023;24178;21182;1198;649;549;1798;924;874;58
5966;Totaal over alle leeftijden;Mannen en vrouwen;Dongeradeel;2024;24116;21053;1217;672;545;1846;941;905;58
5967;Totaal over alle leeftijden;Mannen en vrouwen;Dongeradeel;2025;24008;20912;1235;679;556;1861;943;918;58
5968;Totaal over alle leeftijden;Mannen en vrouwen;Dongeradeel;2026;23939;20760;1256;688;568;1923;959;964;58
5969;Totaal over alle leeftijden;Mannen en vrouwen;Dongeradeel;2027;23790;20584;1247;687;560;1959;987;972;58
5970;Totaal over alle leeftijden;Mannen en vrouwen;Dongeradeel;2028;23709;20418;1283;717;566;2008;1006;1002;58
5971;Totaal over alle leeftijden;Mannen en vrouwen;Dongeradeel;2029;23614;20236;1313;740;573;2065;1031;1034;58
5972;Totaal over alle leeftijden;Mannen en vrouwen;Dongeradeel;2030;23556;20071;1344;754;590;2141;1074;1067;58
5973;Totaal over alle leeftijden;Mannen en vrouwen;Dongeradeel;2031;23389;19840;1362;772;590;2187;1085;1102;58
5974;Totaal over alle leeftijden;Mannen en vrouwen;Dongeradeel;2032;23237;19631;1370;780;590;2236;1125;1111;58
5975;Totaal over alle leeftijden;Mannen en vrouwen;Dongeradeel;2033;23125;19419;1406;802;604;2300;1148;1152;58
5976;Totaal over alle leeftijden;Mannen en vrouwen;Dongeradeel;2034;23020;19238;1438;826;612;2344;1167;1177;58
5977;Totaal over alle leeftijden;Mannen en vrouwen;Dongeradeel;2035;22909;19091;1428;814;614;2390;1194;1196;58
5978;Totaal over alle leeftijden;Mannen en vrouwen;Dongeradeel;2036;22819;18929;1458;829;629;2432;1205;1227;58
5979;Totaal over alle leeftijden;Mannen en vrouwen;Dongeradeel;2037;22685;18747;1483;859;624;2455;1220;1235;58
5980;Totaal over alle leeftijden;Mannen en vrouwen;Dongeradeel;2038;22619;18622;1489;870;619;2508;1239;1269;58
5981;Totaal over alle leeftijden;Mannen en vrouwen;Dongeradeel;2039;22473;18435;1478;874;604;2560;1271;1289;58
5982;Totaal over alle leeftijden;Mannen en vrouwen;Dongeradeel;2040;22408;18323;1490;875;615;2595;1304;1291;58
5983;Totaal over alle leeftijden;Mannen en vrouwen;Dordrecht;2010;118588;86835;11883;5352;6531;19870;11188;8682;505
5984;Totaal over alle leeftijden;Mannen en vrouwen;Dordrecht;2011;118747;86933;11971;5484;6487;19843;11098;8745;505
5985;Totaal over alle leeftijden;Mannen en vrouwen;Dordrecht;2012;118943;87085;12067;5594;6473;19791;11034;8757;505
5986;Totaal over alle leeftijden;Mannen en vrouwen;Dordrecht;2013;119048;87142;12184;5703;6481;19722;11005;8717;505
5987;Totaal over alle leeftijden;Mannen en vrouwen;Dordrecht;2014;119105;87183;12315;5768;6547;19607;10966;8641;505
5988;Totaal over alle leeftijden;Mannen en vrouwen;Dordrecht;2015;119301;87305;12414;5855;6559;19582;10958;8624;505
5989;Totaal over alle leeftijden;Mannen en vrouwen;Dordrecht;2016;119543;87457;12531;5932;6599;19555;10918;8637;505
5990;Totaal over alle leeftijden;Mannen en vrouwen;Dordrecht;2017;119624;87468;12635;5984;6651;19521;10935;8586;505
5991;Totaal over alle leeftijden;Mannen en vrouwen;Dordrecht;2018;119807;87503;12744;6054;6690;19560;10951;8609;505
5992;Totaal over alle leeftijden;Mannen en vrouwen;Dordrecht;2019;119954;87471;12834;6116;6718;19649;10960;8689;505
5993;Totaal over alle leeftijden;Mannen en vrouwen;Dordrecht;2020;120195;87495;12972;6222;6750;19728;10980;8748;505
5994;Totaal over alle leeftijden;Mannen en vrouwen;Dordrecht;2021;120299;87423;13092;6285;6807;19784;11004;8780;505
5995;Totaal over alle leeftijden;Mannen en vrouwen;Dordrecht;2022;120508;87462;13219;6369;6850;19827;11013;8814;505
5996;Totaal over alle leeftijden;Mannen en vrouwen;Dordrecht;2023;120748;87438;13348;6453;6895;19962;11098;8864;505
5997;Totaal over alle leeftijden;Mannen en vrouwen;Dordrecht;2024;120875;87430;13432;6505;6927;20013;11138;8875;505
5998;Totaal over alle leeftijden;Mannen en vrouwen;Dordrecht;2025;120905;87337;13475;6573;6902;20093;11169;8924;505
5999;Totaal over alle leeftijden;Mannen en vrouwen;Dordrecht;2026;121193;87391;13584;6660;6924;20218;11209;9009;505
6000;Totaal over alle leeftijden;Mannen en vrouwen;Dordrecht;2027;121369;87311;13742;6751;6991;20316;11234;9082;505
6001;Totaal over alle leeftijden;Mannen en vrouwen;Dordrecht;2028;121473;87154;13862;6833;7029;20457;11298;9159;505
6002;Totaal over alle leeftijden;Mannen en vrouwen;Dordrecht;2029;121567;87064;13970;6930;7040;20533;11314;9219;505
6003;Totaal over alle leeftijden;Mannen en vrouwen;Dordrecht;2030;121487;86796;14043;7000;7043;20648;11325;9323;505
6004;Totaal over alle leeftijden;Mannen en vrouwen;Dordrecht;2031;121488;86563;14147;7074;7073;20778;11343;9435;505
6005;Totaal over alle leeftijden;Mannen en vrouwen;Dordrecht;2032;121494;86392;14216;7136;7080;20886;11364;9522;505
6006;Totaal over alle leeftijden;Mannen en vrouwen;Dordrecht;2033;121483;86176;14303;7226;7077;21004;11404;9600;505
6007;Totaal over alle leeftijden;Mannen en vrouwen;Dordrecht;2034;121346;85876;14351;7265;7086;21119;11407;9712;505
6008;Totaal over alle leeftijden;Mannen en vrouwen;Dordrecht;2035;121184;85538;14441;7341;7100;21205;11400;9805;505
6009;Totaal over alle leeftijden;Mannen en vrouwen;Dordrecht;2036;120927;85175;14519;7381;7138;21233;11416;9817;505
6010;Totaal over alle leeftijden;Mannen en vrouwen;Dordrecht;2037;120641;84767;14487;7430;7057;21387;11444;9943;505
6011;Totaal over alle leeftijden;Mannen en vrouwen;Dordrecht;2038;120335;84358;14527;7463;7064;21450;11408;10042;505
6012;Totaal over alle leeftijden;Mannen en vrouwen;Dordrecht;2039;120066;83955;14574;7474;7100;21537;11410;10127;505
6013;Totaal over alle leeftijden;Mannen en vrouwen;Dordrecht;2040;119803;83497;14660;7538;7122;21646;11403;10243;505
6014;Totaal over alle leeftijden;Mannen en vrouwen;Drechterland;2010;19299;17709;1041;425;616;549;291;258;498
6015;Totaal over alle leeftijden;Mannen en vrouwen;Drechterland;2011;19428;17739;1052;434;618;637;334;303;498
6016;Totaal over alle leeftijden;Mannen en vrouwen;Drechterland;2012;19630;17824;1085;449;636;721;376;345;498
6017;Totaal over alle leeftijden;Mannen en vrouwen;Drechterland;2013;19731;17802;1138;480;658;791;414;377;498
6018;Totaal over alle leeftijden;Mannen en vrouwen;Drechterland;2014;19709;17676;1168;501;667;865;454;411;498
6019;Totaal over alle leeftijden;Mannen en vrouwen;Drechterland;2015;19772;17636;1204;526;678;932;485;447;498
6020;Totaal over alle leeftijden;Mannen en vrouwen;Drechterland;2016;19870;17643;1228;544;684;999;515;484;498
6021;Totaal over alle leeftijden;Mannen en vrouwen;Drechterland;2017;19920;17601;1253;560;693;1066;543;523;498
6022;Totaal over alle leeftijden;Mannen en vrouwen;Drechterland;2018;19954;17588;1262;579;683;1104;550;554;498
6023;Totaal over alle leeftijden;Mannen en vrouwen;Drechterland;2019;20018;17569;1274;581;693;1175;588;587;498
6024;Totaal over alle leeftijden;Mannen en vrouwen;Drechterland;2020;20016;17494;1284;585;699;1238;621;617;498
6025;Totaal over alle leeftijden;Mannen en vrouwen;Drechterland;2021;20072;17448;1320;620;700;1304;655;649;498
6026;Totaal over alle leeftijden;Mannen en vrouwen;Drechterland;2022;20112;17391;1331;629;702;1390;689;701;498
6027;Totaal over alle leeftijden;Mannen en vrouwen;Drechterland;2023;20122;17336;1345;642;703;1441;723;718;498
6028;Totaal over alle leeftijden;Mannen en vrouwen;Drechterland;2024;20197;17311;1382;658;724;1504;764;740;498
6029;Totaal over alle leeftijden;Mannen en vrouwen;Drechterland;2025;20257;17275;1409;674;735;1573;801;772;498
6030;Totaal over alle leeftijden;Mannen en vrouwen;Drechterland;2026;20279;17240;1420;684;736;1619;823;796;498
6031;Totaal over alle leeftijden;Mannen en vrouwen;Drechterland;2027;20318;17216;1432;693;739;1670;854;816;498
6032;Totaal over alle leeftijden;Mannen en vrouwen;Drechterland;2028;20408;17228;1444;714;730;1736;886;850;498
6033;Totaal over alle leeftijden;Mannen en vrouwen;Drechterland;2029;20569;17299;1468;727;741;1802;910;892;498
6034;Totaal over alle leeftijden;Mannen en vrouwen;Drechterland;2030;20592;17238;1492;738;754;1862;944;918;498
6035;Totaal over alle leeftijden;Mannen en vrouwen;Drechterland;2031;20573;17161;1496;755;741;1916;972;944;498
6036;Totaal over alle leeftijden;Mannen en vrouwen;Drechterland;2032;20668;17178;1514;751;763;1976;978;998;498
6037;Totaal over alle leeftijden;Mannen en vrouwen;Drechterland;2033;20722;17144;1548;769;779;2030;988;1042;498
6038;Totaal over alle leeftijden;Mannen en vrouwen;Drechterland;2034;20751;17088;1567;782;785;2096;1009;1087;498
6039;Totaal over alle leeftijden;Mannen en vrouwen;Drechterland;2035;20776;17041;1593;792;801;2142;1007;1135;498
6040;Totaal over alle leeftijden;Mannen en vrouwen;Drechterland;2036;20899;17108;1601;811;790;2190;1030;1160;498
6041;Totaal over alle leeftijden;Mannen en vrouwen;Drechterland;2037;20945;17087;1608;818;790;2250;1068;1182;498
6042;Totaal over alle leeftijden;Mannen en vrouwen;Drechterland;2038;20972;17047;1629;836;793;2296;1081;1215;498
6043;Totaal over alle leeftijden;Mannen en vrouwen;Drechterland;2039;20972;17001;1633;843;790;2338;1112;1226;498
6044;Totaal over alle leeftijden;Mannen en vrouwen;Drechterland;2040;21001;16959;1654;869;785;2388;1130;1258;498
6045;Totaal over alle leeftijden;Mannen en vrouwen;Drimmelen;2010;26322;24320;1396;558;838;606;348;258;1719
6046;Totaal over alle leeftijden;Mannen en vrouwen;Drimmelen;2011;26174;24021;1458;607;851;695;381;314;1719
6047;Totaal over alle leeftijden;Mannen en vrouwen;Drimmelen;2012;26036;23760;1506;647;859;770;424;346;1719
6048;Totaal over alle leeftijden;Mannen en vrouwen;Drimmelen;2013;25864;23466;1534;669;865;864;457;407;1719
6049;Totaal over alle leeftijden;Mannen en vrouwen;Drimmelen;2014;25762;23276;1573;682;891;913;476;437;1719
6050;Totaal over alle leeftijden;Mannen en vrouwen;Drimmelen;2015;25768;23139;1617;696;921;1012;515;497;1719
6051;Totaal over alle leeftijden;Mannen en vrouwen;Drimmelen;2016;25768;22988;1680;732;948;1100;553;547;1719
6052;Totaal over alle leeftijden;Mannen en vrouwen;Drimmelen;2017;25827;22878;1738;760;978;1211;615;596;1719
6053;Totaal over alle leeftijden;Mannen en vrouwen;Drimmelen;2018;25761;22699;1777;792;985;1285;635;650;1719
6054;Totaal over alle leeftijden;Mannen en vrouwen;Drimmelen;2019;25744;22547;1823;810;1013;1374;675;699;1719
6055;Totaal over alle leeftijden;Mannen en vrouwen;Drimmelen;2020;25739;22446;1857;843;1014;1436;694;742;1719
6056;Totaal over alle leeftijden;Mannen en vrouwen;Drimmelen;2021;25730;22266;1930;884;1046;1534;760;774;1719
6057;Totaal over alle leeftijden;Mannen en vrouwen;Drimmelen;2022;25743;22157;1973;901;1072;1613;797;816;1719
6058;Totaal over alle leeftijden;Mannen en vrouwen;Drimmelen;2023;25810;22119;2022;930;1092;1669;819;850;1719
6059;Totaal over alle leeftijden;Mannen en vrouwen;Drimmelen;2024;25944;22108;2064;942;1122;1772;860;912;1719
6060;Totaal over alle leeftijden;Mannen en vrouwen;Drimmelen;2025;25857;21926;2104;952;1152;1827;883;944;1719
6061;Totaal over alle leeftijden;Mannen en vrouwen;Drimmelen;2026;25841;21775;2167;985;1182;1899;913;986;1719
6062;Totaal over alle leeftijden;Mannen en vrouwen;Drimmelen;2027;25916;21692;2222;1012;1210;2002;964;1038;1719
6063;Totaal over alle leeftijden;Mannen en vrouwen;Drimmelen;2028;25929;21585;2264;1028;1236;2080;1004;1076;1719
6064;Totaal over alle leeftijden;Mannen en vrouwen;Drimmelen;2029;25918;21431;2306;1045;1261;2181;1031;1150;1719
6065;Totaal over alle leeftijden;Mannen en vrouwen;Drimmelen;2030;25900;21313;2357;1074;1283;2230;1057;1173;1719
6066;Totaal over alle leeftijden;Mannen en vrouwen;Drimmelen;2031;25865;21198;2417;1115;1302;2250;1065;1185;1719
6067;Totaal over alle leeftijden;Mannen en vrouwen;Drimmelen;2032;25851;21070;2486;1172;1314;2295;1101;1194;1719
6068;Totaal over alle leeftijden;Mannen en vrouwen;Drimmelen;2033;25893;21018;2509;1182;1327;2366;1139;1227;1719
6069;Totaal over alle leeftijden;Mannen en vrouwen;Drimmelen;2034;25873;20882;2567;1212;1355;2424;1166;1258;1719
6070;Totaal over alle leeftijden;Mannen en vrouwen;Drimmelen;2035;25829;20746;2582;1218;1364;2501;1215;1286;1719
6071;Totaal over alle leeftijden;Mannen en vrouwen;Drimmelen;2036;25794;20655;2609;1219;1390;2530;1236;1294;1719
6072;Totaal over alle leeftijden;Mannen en vrouwen;Drimmelen;2037;25712;20515;2636;1240;1396;2561;1263;1298;1719
6073;Totaal over alle leeftijden;Mannen en vrouwen;Drimmelen;2038;25603;20311;2660;1250;1410;2632;1292;1340;1719
6074;Totaal over alle leeftijden;Mannen en vrouwen;Drimmelen;2039;25497;20137;2707;1267;1440;2653;1298;1355;1719
6075;Totaal over alle leeftijden;Mannen en vrouwen;Drimmelen;2040;25364;19947;2722;1283;1439;2695;1327;1368;1719
6076;Totaal over alle leeftijden;Mannen en vrouwen;Dronten;2010;39583;33269;2590;1079;1511;3724;2484;1240;303
6077;Totaal over alle leeftijden;Mannen en vrouwen;Dronten;2011;40030;33540;2622;1113;1509;3868;2589;1279;303
6078;Totaal over alle leeftijden;Mannen en vrouwen;Dronten;2012;40487;33850;2665;1124;1541;3972;2652;1320;303
6079;Totaal over alle leeftijden;Mannen en vrouwen;Dronten;2013;41033;34214;2726;1150;1576;4093;2717;1376;303
6080;Totaal over alle leeftijden;Mannen en vrouwen;Dronten;2014;41420;34410;2767;1163;1604;4243;2784;1459;303
6081;Totaal over alle leeftijden;Mannen en vrouwen;Dronten;2015;41989;34760;2866;1214;1652;4363;2854;1509;303
6082;Totaal over alle leeftijden;Mannen en vrouwen;Dronten;2016;42492;35005;2942;1228;1714;4545;2935;1610;303
6083;Totaal over alle leeftijden;Mannen en vrouwen;Dronten;2017;43179;35374;3054;1271;1783;4751;3035;1716;303
6084;Totaal over alle leeftijden;Mannen en vrouwen;Dronten;2018;43884;35798;3144;1306;1838;4942;3118;1824;303
6085;Totaal over alle leeftijden;Mannen en vrouwen;Dronten;2019;44483;36139;3210;1322;1888;5134;3212;1922;303
6086;Totaal over alle leeftijden;Mannen en vrouwen;Dronten;2020;44880;36316;3240;1344;1896;5324;3286;2038;303
6087;Totaal over alle leeftijden;Mannen en vrouwen;Dronten;2021;45486;36689;3301;1376;1925;5496;3366;2130;303
6088;Totaal over alle leeftijden;Mannen en vrouwen;Dronten;2022;45942;36916;3373;1411;1962;5653;3474;2179;303
6089;Totaal over alle leeftijden;Mannen en vrouwen;Dronten;2023;46305;37097;3425;1443;1982;5783;3557;2226;303
6090;Totaal over alle leeftijden;Mannen en vrouwen;Dronten;2024;46628;37173;3495;1491;2004;5960;3663;2297;303
6091;Totaal over alle leeftijden;Mannen en vrouwen;Dronten;2025;47104;37471;3521;1495;2026;6112;3737;2375;303
6092;Totaal over alle leeftijden;Mannen en vrouwen;Dronten;2026;47569;37743;3543;1483;2060;6283;3842;2441;303
6093;Totaal over alle leeftijden;Mannen en vrouwen;Dronten;2027;47936;37896;3562;1498;2064;6478;3948;2530;303
6094;Totaal over alle leeftijden;Mannen en vrouwen;Dronten;2028;48427;38162;3606;1532;2074;6659;4038;2621;303
6095;Totaal over alle leeftijden;Mannen en vrouwen;Dronten;2029;48775;38319;3635;1550;2085;6821;4157;2664;303
6096;Totaal over alle leeftijden;Mannen en vrouwen;Dronten;2030;49005;38353;3683;1575;2108;6969;4250;2719;303
6097;Totaal over alle leeftijden;Mannen en vrouwen;Dronten;2031;49272;38425;3720;1587;2133;7127;4342;2785;303
6098;Totaal over alle leeftijden;Mannen en vrouwen;Dronten;2032;49454;38464;3735;1599;2136;7255;4440;2815;303
6099;Totaal over alle leeftijden;Mannen en vrouwen;Dronten;2033;49639;38531;3709;1569;2140;7399;4543;2856;303
6100;Totaal over alle leeftijden;Mannen en vrouwen;Dronten;2034;49805;38549;3705;1577;2128;7551;4652;2899;303
6101;Totaal over alle leeftijden;Mannen en vrouwen;Dronten;2035;50000;38595;3694;1583;2111;7711;4770;2941;303
6102;Totaal over alle leeftijden;Mannen en vrouwen;Dronten;2036;50071;38549;3657;1554;2103;7865;4876;2989;303
6103;Totaal over alle leeftijden;Mannen en vrouwen;Dronten;2037;50065;38456;3600;1508;2092;8009;4969;3040;303
6104;Totaal over alle leeftijden;Mannen en vrouwen;Dronten;2038;49947;38209;3572;1473;2099;8166;5092;3074;303
6105;Totaal over alle leeftijden;Mannen en vrouwen;Dronten;2039;49955;38088;3529;1418;2111;8338;5197;3141;303
6106;Totaal over alle leeftijden;Mannen en vrouwen;Dronten;2040;49999;37975;3533;1444;2089;8491;5295;3196;303
6107;Totaal over alle leeftijden;Mannen en vrouwen;Druten;2010;18149;16015;1069;346;723;1065;552;513;225
6108;Totaal over alle leeftijden;Mannen en vrouwen;Druten;2011;18057;15902;1079;375;704;1076;556;520;225
6109;Totaal over alle leeftijden;Mannen en vrouwen;Druten;2012;17998;15785;1110;400;710;1103;554;549;225
6110;Totaal over alle leeftijden;Mannen en vrouwen;Druten;2013;18056;15796;1111;409;702;1149;574;575;225
6111;Totaal over alle leeftijden;Mannen en vrouwen;Druten;2014;18072;15746;1133;430;703;1193;586;607;225
6112;Totaal over alle leeftijden;Mannen en vrouwen;Druten;2015;18085;15700;1141;442;699;1244;612;632;225
6113;Totaal over alle leeftijden;Mannen en vrouwen;Druten;2016;18044;15586;1151;445;706;1307;643;664;225
6114;Totaal over alle leeftijden;Mannen en vrouwen;Druten;2017;18031;15493;1166;462;704;1372;676;696;225
6115;Totaal over alle leeftijden;Mannen en vrouwen;Druten;2018;18117;15500;1213;486;727;1404;685;719;225
6116;Totaal over alle leeftijden;Mannen en vrouwen;Druten;2019;18082;15430;1229;506;723;1423;716;707;225
6117;Totaal over alle leeftijden;Mannen en vrouwen;Druten;2020;18133;15437;1248;525;723;1448;715;733;225
6118;Totaal over alle leeftijden;Mannen en vrouwen;Druten;2021;18133;15366;1252;540;712;1515;758;757;225
6119;Totaal over alle leeftijden;Mannen en vrouwen;Druten;2022;18199;15386;1253;540;713;1560;765;795;225
6120;Totaal over alle leeftijden;Mannen en vrouwen;Druten;2023;18242;15379;1277;552;725;1586;775;811;225
6121;Totaal over alle leeftijden;Mannen en vrouwen;Druten;2024;18244;15316;1294;575;719;1634;789;845;225
6122;Totaal over alle leeftijden;Mannen en vrouwen;Druten;2025;18353;15339;1324;605;719;1690;814;876;225
6123;Totaal over alle leeftijden;Mannen en vrouwen;Druten;2026;18445;15379;1331;615;716;1735;818;917;225
6124;Totaal over alle leeftijden;Mannen en vrouwen;Druten;2027;18504;15373;1341;637;704;1790;842;948;225
6125;Totaal over alle leeftijden;Mannen en vrouwen;Druten;2028;18566;15379;1352;646;706;1835;867;968;225
6126;Totaal over alle leeftijden;Mannen en vrouwen;Druten;2029;18674;15406;1359;657;702;1909;899;1010;225
6127;Totaal over alle leeftijden;Mannen en vrouwen;Druten;2030;18665;15315;1377;684;693;1973;926;1047;225
6128;Totaal over alle leeftijden;Mannen en vrouwen;Druten;2031;18748;15328;1385;691;694;2035;947;1088;225
6129;Totaal over alle leeftijden;Mannen en vrouwen;Druten;2032;18775;15307;1378;694;684;2090;971;1119;225
6130;Totaal over alle leeftijden;Mannen en vrouwen;Druten;2033;18786;15268;1394;711;683;2124;979;1145;225
6131;Totaal over alle leeftijden;Mannen en vrouwen;Druten;2034;18855;15275;1420;723;697;2160;1001;1159;225
6132;Totaal over alle leeftijden;Mannen en vrouwen;Druten;2035;18934;15270;1445;752;693;2219;1010;1209;225
6133;Totaal over alle leeftijden;Mannen en vrouwen;Druten;2036;19000;15296;1452;764;688;2252;1024;1228;225
6134;Totaal over alle leeftijden;Mannen en vrouwen;Druten;2037;19027;15273;1451;768;683;2303;1049;1254;225
6135;Totaal over alle leeftijden;Mannen en vrouwen;Druten;2038;18979;15198;1460;782;678;2321;1061;1260;225
6136;Totaal over alle leeftijden;Mannen en vrouwen;Druten;2039;18913;15124;1457;792;665;2332;1065;1267;225
6137;Totaal over alle leeftijden;Mannen en vrouwen;Druten;2040;18981;15115;1483;804;679;2383;1068;1315;225
6138;Totaal over alle leeftijden;Mannen en vrouwen;Duiven;2010;26075;22805;2078;584;1494;1192;669;523;226
6139;Totaal over alle leeftijden;Mannen en vrouwen;Duiven;2011;26134;22809;2050;580;1470;1275;698;577;226
6140;Totaal over alle leeftijden;Mannen en vrouwen;Duiven;2012;26131;22713;2054;589;1465;1364;737;627;226
6141;Totaal over alle leeftijden;Mannen en vrouwen;Duiven;2013;26063;22614;2026;588;1438;1423;761;662;226
6142;Totaal over alle leeftijden;Mannen en vrouwen;Duiven;2014;25984;22466;1984;562;1422;1534;833;701;226
6143;Totaal over alle leeftijden;Mannen en vrouwen;Duiven;2015;25804;22262;1950;548;1402;1592;850;742;226
6144;Totaal over alle leeftijden;Mannen en vrouwen;Duiven;2016;25624;22043;1918;537;1381;1663;882;781;226
6145;Totaal over alle leeftijden;Mannen en vrouwen;Duiven;2017;25475;21819;1901;532;1369;1755;937;818;226
6146;Totaal over alle leeftijden;Mannen en vrouwen;Duiven;2018;25456;21723;1886;517;1369;1847;970;877;226
6147;Totaal over alle leeftijden;Mannen en vrouwen;Duiven;2019;25430;21623;1864;511;1353;1943;1008;935;226
6148;Totaal over alle leeftijden;Mannen en vrouwen;Duiven;2020;25377;21529;1841;504;1337;2007;1033;974;226
6149;Totaal over alle leeftijden;Mannen en vrouwen;Duiven;2021;25238;21362;1803;502;1301;2073;1060;1013;226
6150;Totaal over alle leeftijden;Mannen en vrouwen;Duiven;2022;25231;21297;1799;499;1300;2135;1091;1044;226
6151;Totaal over alle leeftijden;Mannen en vrouwen;Duiven;2023;25244;21258;1784;480;1304;2202;1130;1072;226
6152;Totaal over alle leeftijden;Mannen en vrouwen;Duiven;2024;25178;21158;1759;480;1279;2261;1159;1102;226
6153;Totaal over alle leeftijden;Mannen en vrouwen;Duiven;2025;25167;21090;1740;500;1240;2337;1209;1128;226
6154;Totaal over alle leeftijden;Mannen en vrouwen;Duiven;2026;25092;20962;1712;484;1228;2418;1271;1147;226
6155;Totaal over alle leeftijden;Mannen en vrouwen;Duiven;2027;25097;20913;1680;474;1206;2504;1300;1204;226
6156;Totaal over alle leeftijden;Mannen en vrouwen;Duiven;2028;25121;20871;1662;479;1183;2588;1334;1254;226
6157;Totaal over alle leeftijden;Mannen en vrouwen;Duiven;2029;25098;20785;1642;462;1180;2671;1371;1300;226
6158;Totaal over alle leeftijden;Mannen en vrouwen;Duiven;2030;25132;20742;1621;458;1163;2769;1417;1352;226
6159;Totaal over alle leeftijden;Mannen en vrouwen;Duiven;2031;25172;20719;1632;471;1161;2821;1448;1373;226
6160;Totaal over alle leeftijden;Mannen en vrouwen;Duiven;2032;25175;20682;1606;450;1156;2887;1476;1411;226
6161;Totaal over alle leeftijden;Mannen en vrouwen;Duiven;2033;25188;20624;1577;431;1146;2987;1510;1477;226
6162;Totaal over alle leeftijden;Mannen en vrouwen;Duiven;2034;25167;20544;1543;412;1131;3080;1553;1527;226
6163;Totaal over alle leeftijden;Mannen en vrouwen;Duiven;2035;25140;20491;1513;407;1106;3136;1573;1563;226
6164;Totaal over alle leeftijden;Mannen en vrouwen;Duiven;2036;25113;20431;1505;403;1102;3177;1584;1593;226
6165;Totaal over alle leeftijden;Mannen en vrouwen;Duiven;2037;25029;20283;1502;415;1087;3244;1623;1621;226
6166;Totaal over alle leeftijden;Mannen en vrouwen;Duiven;2038;24975;20207;1487;412;1075;3281;1628;1653;226
6167;Totaal over alle leeftijden;Mannen en vrouwen;Duiven;2039;24940;20122;1506;429;1077;3312;1630;1682;226
6168;Totaal over alle leeftijden;Mannen en vrouwen;Duiven;2040;24965;20073;1510;440;1070;3382;1655;1727;226
6169;Totaal over alle leeftijden;Mannen en vrouwen;Echt-Susteren;2010;31788;26386;4401;1366;3035;1001;608;393;1711
6170;Totaal over alle leeftijden;Mannen en vrouwen;Echt-Susteren;2011;31593;26147;4355;1380;2975;1091;652;439;1711
6171;Totaal over alle leeftijden;Mannen en vrouwen;Echt-Susteren;2012;31432;25955;4303;1372;2931;1174;677;497;1711
6172;Totaal over alle leeftijden;Mannen en vrouwen;Echt-Susteren;2013;31243;25715;4251;1376;2875;1277;702;575;1711
6173;Totaal over alle leeftijden;Mannen en vrouwen;Echt-Susteren;2014;31082;25528;4180;1371;2809;1374;733;641;1711
6174;Totaal over alle leeftijden;Mannen en vrouwen;Echt-Susteren;2015;30927;25326;4116;1359;2757;1485;786;699;1711
6175;Totaal over alle leeftijden;Mannen en vrouwen;Echt-Susteren;2016;30786;25197;4042;1342;2700;1547;793;754;1711
6176;Totaal over alle leeftijden;Mannen en vrouwen;Echt-Susteren;2017;30640;25001;3977;1329;2648;1662;849;813;1711
6177;Totaal over alle leeftijden;Mannen en vrouwen;Echt-Susteren;2018;30475;24788;3920;1340;2580;1767;915;852;1711
6178;Totaal over alle leeftijden;Mannen en vrouwen;Echt-Susteren;2019;30282;24576;3856;1320;2536;1850;946;904;1711
6179;Totaal over alle leeftijden;Mannen en vrouwen;Echt-Susteren;2020;30088;24376;3755;1278;2477;1957;985;972;1711
6180;Totaal over alle leeftijden;Mannen en vrouwen;Echt-Susteren;2021;29897;24167;3720;1261;2459;2010;1007;1003;1711
6181;Totaal over alle leeftijden;Mannen en vrouwen;Echt-Susteren;2022;29706;23953;3654;1260;2394;2099;1043;1056;1711
6182;Totaal over alle leeftijden;Mannen en vrouwen;Echt-Susteren;2023;29590;23759;3620;1267;2353;2211;1095;1116;1711
6183;Totaal over alle leeftijden;Mannen en vrouwen;Echt-Susteren;2024;29434;23608;3544;1257;2287;2282;1110;1172;1711
6184;Totaal over alle leeftijden;Mannen en vrouwen;Echt-Susteren;2025;29232;23376;3501;1250;2251;2355;1138;1217;1711
6185;Totaal over alle leeftijden;Mannen en vrouwen;Echt-Susteren;2026;29012;23093;3470;1254;2216;2449;1165;1284;1711
6186;Totaal over alle leeftijden;Mannen en vrouwen;Echt-Susteren;2027;28819;22858;3442;1265;2177;2519;1196;1323;1711
6187;Totaal over alle leeftijden;Mannen en vrouwen;Echt-Susteren;2028;28590;22627;3376;1256;2120;2587;1220;1367;1711
6188;Totaal over alle leeftijden;Mannen en vrouwen;Echt-Susteren;2029;28370;22370;3307;1231;2076;2693;1258;1435;1711
6189;Totaal over alle leeftijden;Mannen en vrouwen;Echt-Susteren;2030;28119;22163;3227;1203;2024;2729;1272;1457;1711
6190;Totaal over alle leeftijden;Mannen en vrouwen;Echt-Susteren;2031;27882;21945;3167;1189;1978;2770;1288;1482;1711
6191;Totaal over alle leeftijden;Mannen en vrouwen;Echt-Susteren;2032;27641;21729;3056;1157;1899;2856;1324;1532;1711
6192;Totaal over alle leeftijden;Mannen en vrouwen;Echt-Susteren;2033;27378;21488;2964;1117;1847;2926;1359;1567;1711
6193;Totaal over alle leeftijden;Mannen en vrouwen;Echt-Susteren;2034;27098;21244;2891;1114;1777;2963;1368;1595;1711
6194;Totaal over alle leeftijden;Mannen en vrouwen;Echt-Susteren;2035;26839;21020;2806;1074;1732;3013;1382;1631;1711
6195;Totaal over alle leeftijden;Mannen en vrouwen;Echt-Susteren;2036;26640;20815;2761;1067;1694;3064;1396;1668;1711
6196;Totaal over alle leeftijden;Mannen en vrouwen;Echt-Susteren;2037;26418;20593;2706;1059;1647;3119;1422;1697;1711
6197;Totaal over alle leeftijden;Mannen en vrouwen;Echt-Susteren;2038;26139;20298;2647;1035;1612;3194;1472;1722;1711
6198;Totaal over alle leeftijden;Mannen en vrouwen;Echt-Susteren;2039;25864;20030;2610;1040;1570;3224;1479;1745;1711
6199;Totaal over alle leeftijden;Mannen en vrouwen;Echt-Susteren;2040;25556;19731;2554;1029;1525;3271;1498;1773;1711
6200;Totaal over alle leeftijden;Mannen en vrouwen;Edam-Volendam;2010;28734;26564;1075;384;691;1095;589;506;385
6201;Totaal over alle leeftijden;Mannen en vrouwen;Edam-Volendam;2011;28784;26515;1109;400;709;1160;629;531;385
6202;Totaal over alle leeftijden;Mannen en vrouwen;Edam-Volendam;2012;28851;26477;1153;420;733;1221;646;575;385
6203;Totaal over alle leeftijden;Mannen en vrouwen;Edam-Volendam;2013;28996;26479;1218;461;757;1299;682;617;385
6204;Totaal over alle leeftijden;Mannen en vrouwen;Edam-Volendam;2014;29102;26435;1273;499;774;1394;734;660;385
6205;Totaal over alle leeftijden;Mannen en vrouwen;Edam-Volendam;2015;29218;26404;1316;537;779;1498;775;723;385
6206;Totaal over alle leeftijden;Mannen en vrouwen;Edam-Volendam;2016;29391;26440;1362;556;806;1589;819;770;385
6207;Totaal over alle leeftijden;Mannen en vrouwen;Edam-Volendam;2017;29500;26426;1407;581;826;1667;858;809;385
6208;Totaal over alle leeftijden;Mannen en vrouwen;Edam-Volendam;2018;29597;26372;1466;601;865;1759;907;852;385
6209;Totaal over alle leeftijden;Mannen en vrouwen;Edam-Volendam;2019;29695;26328;1520;628;892;1847;942;905;385
6210;Totaal over alle leeftijden;Mannen en vrouwen;Edam-Volendam;2020;29774;26266;1571;666;905;1937;982;955;385
6211;Totaal over alle leeftijden;Mannen en vrouwen;Edam-Volendam;2021;29912;26236;1617;698;919;2059;1037;1022;385
6212;Totaal over alle leeftijden;Mannen en vrouwen;Edam-Volendam;2022;30035;26187;1670;722;948;2178;1085;1093;385
6213;Totaal over alle leeftijden;Mannen en vrouwen;Edam-Volendam;2023;30134;26123;1727;750;977;2284;1131;1153;385
6214;Totaal over alle leeftijden;Mannen en vrouwen;Edam-Volendam;2024;30186;26030;1789;766;1023;2367;1176;1191;385
6215;Totaal over alle leeftijden;Mannen en vrouwen;Edam-Volendam;2025;30304;25993;1860;795;1065;2451;1207;1244;385
6216;Totaal over alle leeftijden;Mannen en vrouwen;Edam-Volendam;2026;30375;25944;1900;806;1094;2531;1250;1281;385
6217;Totaal over alle leeftijden;Mannen en vrouwen;Edam-Volendam;2027;30438;25868;1962;834;1128;2608;1289;1319;385
6218;Totaal over alle leeftijden;Mannen en vrouwen;Edam-Volendam;2028;30488;25797;2011;854;1157;2680;1331;1349;385
6219;Totaal over alle leeftijden;Mannen en vrouwen;Edam-Volendam;2029;30561;25770;2042;875;1167;2749;1344;1405;385
6220;Totaal over alle leeftijden;Mannen en vrouwen;Edam-Volendam;2030;30596;25694;2058;879;1179;2844;1387;1457;385
6221;Totaal over alle leeftijden;Mannen en vrouwen;Edam-Volendam;2031;30637;25635;2107;908;1199;2895;1405;1490;385
6222;Totaal over alle leeftijden;Mannen en vrouwen;Edam-Volendam;2032;30668;25538;2138;923;1215;2992;1441;1551;385
6223;Totaal over alle leeftijden;Mannen en vrouwen;Edam-Volendam;2033;30628;25424;2168;948;1220;3036;1436;1600;385
6224;Totaal over alle leeftijden;Mannen en vrouwen;Edam-Volendam;2034;30645;25296;2225;971;1254;3124;1466;1658;385
6225;Totaal over alle leeftijden;Mannen en vrouwen;Edam-Volendam;2035;30665;25188;2250;972;1278;3227;1515;1712;385
6226;Totaal over alle leeftijden;Mannen en vrouwen;Edam-Volendam;2036;30678;25041;2299;990;1309;3338;1559;1779;385
6227;Totaal over alle leeftijden;Mannen en vrouwen;Edam-Volendam;2037;30669;24937;2336;1008;1328;3396;1585;1811;385
6228;Totaal over alle leeftijden;Mannen en vrouwen;Edam-Volendam;2038;30645;24792;2378;1024;1354;3475;1604;1871;385
6229;Totaal over alle leeftijden;Mannen en vrouwen;Edam-Volendam;2039;30643;24712;2409;1043;1366;3522;1628;1894;385
6230;Totaal over alle leeftijden;Mannen en vrouwen;Edam-Volendam;2040;30615;24569;2447;1047;1400;3599;1665;1934;385
6231;Totaal over alle leeftijden;Mannen en vrouwen;Ede;2010;107584;91908;7721;2957;4764;7955;4329;3626;228
6232;Totaal over alle leeftijden;Mannen en vrouwen;Ede;2011;107422;91570;7784;3014;4770;8068;4383;3685;228
6233;Totaal over alle leeftijden;Mannen en vrouwen;Ede;2012;107668;91628;7860;3083;4777;8180;4410;3770;228
6234;Totaal over alle leeftijden;Mannen en vrouwen;Ede;2013;107795;91501;7961;3155;4806;8333;4512;3821;228
6235;Totaal over alle leeftijden;Mannen en vrouwen;Ede;2014;107939;91441;8040;3214;4826;8458;4573;3885;228
6236;Totaal over alle leeftijden;Mannen en vrouwen;Ede;2015;108243;91431;8154;3305;4849;8658;4672;3986;228
6237;Totaal over alle leeftijden;Mannen en vrouwen;Ede;2016;108428;91375;8255;3362;4893;8798;4739;4059;228
6238;Totaal over alle leeftijden;Mannen en vrouwen;Ede;2017;108650;91333;8381;3414;4967;8936;4807;4129;228
6239;Totaal over alle leeftijden;Mannen en vrouwen;Ede;2018;108839;91326;8481;3478;5003;9032;4822;4210;228
6240;Totaal over alle leeftijden;Mannen en vrouwen;Ede;2019;109168;91405;8513;3493;5020;9250;4903;4347;228
6241;Totaal over alle leeftijden;Mannen en vrouwen;Ede;2020;109527;91513;8657;3561;5096;9357;5013;4344;228
6242;Totaal over alle leeftijden;Mannen en vrouwen;Ede;2021;109940;91610;8794;3618;5176;9536;5114;4422;228
6243;Totaal over alle leeftijden;Mannen en vrouwen;Ede;2022;110276;91662;8863;3664;5199;9751;5194;4557;228
6244;Totaal over alle leeftijden;Mannen en vrouwen;Ede;2023;110618;91707;8965;3719;5246;9946;5272;4674;228
6245;Totaal over alle leeftijden;Mannen en vrouwen;Ede;2024;111019;91821;9076;3797;5279;10122;5345;4777;228
6246;Totaal over alle leeftijden;Mannen en vrouwen;Ede;2025;111407;91947;9190;3878;5312;10270;5414;4856;228
6247;Totaal over alle leeftijden;Mannen en vrouwen;Ede;2026;111853;92021;9298;3946;5352;10534;5502;5032;228
6248;Totaal over alle leeftijden;Mannen en vrouwen;Ede;2027;112217;92075;9379;3993;5386;10763;5597;5166;228
6249;Totaal over alle leeftijden;Mannen en vrouwen;Ede;2028;112551;92058;9527;4075;5452;10966;5663;5303;228
6250;Totaal over alle leeftijden;Mannen en vrouwen;Ede;2029;112874;92064;9639;4149;5490;11171;5733;5438;228
6251;Totaal over alle leeftijden;Mannen en vrouwen;Ede;2030;113127;92046;9770;4198;5572;11311;5796;5515;228
6252;Totaal over alle leeftijden;Mannen en vrouwen;Ede;2031;113342;91978;9909;4263;5646;11455;5840;5615;228
6253;Totaal over alle leeftijden;Mannen en vrouwen;Ede;2032;113548;91896;10003;4303;5700;11649;5861;5788;228
6254;Totaal over alle leeftijden;Mannen en vrouwen;Ede;2033;113703;91803;10063;4369;5694;11837;5940;5897;228
6255;Totaal over alle leeftijden;Mannen en vrouwen;Ede;2034;113839;91693;10157;4431;5726;11989;6010;5979;228
6256;Totaal over alle leeftijden;Mannen en vrouwen;Ede;2035;113954;91569;10248;4479;5769;12137;6065;6072;228
6257;Totaal over alle leeftijden;Mannen en vrouwen;Ede;2036;114002;91381;10324;4511;5813;12297;6134;6163;228
6258;Totaal over alle leeftijden;Mannen en vrouwen;Ede;2037;114039;91259;10403;4579;5824;12377;6177;6200;228
6259;Totaal over alle leeftijden;Mannen en vrouwen;Ede;2038;114151;91082;10473;4622;5851;12596;6273;6323;228
6260;Totaal over alle leeftijden;Mannen en vrouwen;Ede;2039;114121;90795;10560;4708;5852;12766;6313;6453;228
6261;Totaal over alle leeftijden;Mannen en vrouwen;Ede;2040;114087;90597;10624;4732;5892;12866;6297;6569;228
6262;Totaal over alle leeftijden;Mannen en vrouwen;Eemnes;2010;8965;7785;756;239;517;424;226;198;317
6263;Totaal over alle leeftijden;Mannen en vrouwen;Eemnes;2011;8984;7747;778;260;518;459;239;220;317
6264;Totaal over alle leeftijden;Mannen en vrouwen;Eemnes;2012;9010;7716;792;264;528;502;264;238;317
6265;Totaal over alle leeftijden;Mannen en vrouwen;Eemnes;2013;9068;7739;779;257;522;550;287;263;317
6266;Totaal over alle leeftijden;Mannen en vrouwen;Eemnes;2014;9069;7699;786;255;531;584;292;292;317
6267;Totaal over alle leeftijden;Mannen en vrouwen;Eemnes;2015;9133;7730;792;258;534;611;297;314;317
6268;Totaal over alle leeftijden;Mannen en vrouwen;Eemnes;2016;9154;7685;813;269;544;656;314;342;317
6269;Totaal over alle leeftijden;Mannen en vrouwen;Eemnes;2017;9145;7633;833;273;560;679;327;352;317
6270;Totaal over alle leeftijden;Mannen en vrouwen;Eemnes;2018;9178;7607;844;277;567;727;349;378;317
6271;Totaal over alle leeftijden;Mannen en vrouwen;Eemnes;2019;9156;7545;849;276;573;762;362;400;317
6272;Totaal over alle leeftijden;Mannen en vrouwen;Eemnes;2020;9164;7516;847;274;573;801;378;423;317
6273;Totaal over alle leeftijden;Mannen en vrouwen;Eemnes;2021;9220;7532;860;284;576;828;394;434;317
6274;Totaal over alle leeftijden;Mannen en vrouwen;Eemnes;2022;9252;7519;876;297;579;857;413;444;317
6275;Totaal over alle leeftijden;Mannen en vrouwen;Eemnes;2023;9265;7508;882;300;582;875;431;444;317
6276;Totaal over alle leeftijden;Mannen en vrouwen;Eemnes;2024;9303;7520;886;306;580;897;438;459;317
6277;Totaal over alle leeftijden;Mannen en vrouwen;Eemnes;2025;9384;7552;910;324;586;922;447;475;317
6278;Totaal over alle leeftijden;Mannen en vrouwen;Eemnes;2026;9418;7544;930;336;594;944;460;484;317
6279;Totaal over alle leeftijden;Mannen en vrouwen;Eemnes;2027;9452;7563;914;338;576;975;468;507;317
6280;Totaal over alle leeftijden;Mannen en vrouwen;Eemnes;2028;9503;7583;909;340;569;1011;484;527;317
6281;Totaal over alle leeftijden;Mannen en vrouwen;Eemnes;2029;9562;7598;939;344;595;1025;489;536;317
6282;Totaal over alle leeftijden;Mannen en vrouwen;Eemnes;2030;9659;7640;948;347;601;1071;506;565;317
6283;Totaal over alle leeftijden;Mannen en vrouwen;Eemnes;2031;9740;7667;959;361;598;1114;518;596;317
6284;Totaal over alle leeftijden;Mannen en vrouwen;Eemnes;2032;9838;7701;976;360;616;1161;540;621;317
6285;Totaal over alle leeftijden;Mannen en vrouwen;Eemnes;2033;9924;7748;978;361;617;1198;543;655;317
6286;Totaal over alle leeftijden;Mannen en vrouwen;Eemnes;2034;10059;7805;1008;371;637;1246;563;683;317
6287;Totaal over alle leeftijden;Mannen en vrouwen;Eemnes;2035;10112;7804;1018;381;637;1290;582;708;317
6288;Totaal over alle leeftijden;Mannen en vrouwen;Eemnes;2036;10187;7847;1016;387;629;1324;592;732;317
6289;Totaal over alle leeftijden;Mannen en vrouwen;Eemnes;2037;10239;7844;1036;401;635;1359;603;756;317
6290;Totaal over alle leeftijden;Mannen en vrouwen;Eemnes;2038;10263;7850;1052;412;640;1361;604;757;317
6291;Totaal over alle leeftijden;Mannen en vrouwen;Eemnes;2039;10298;7856;1047;412;635;1395;616;779;317
6292;Totaal over alle leeftijden;Mannen en vrouwen;Eemnes;2040;10330;7843;1062;411;651;1425;629;796;317
6293;Totaal over alle leeftijden;Mannen en vrouwen;Eemsmond;2010;16484;15463;618;218;400;403;235;168;1651
6294;Totaal over alle leeftijden;Mannen en vrouwen;Eemsmond;2011;16432;15349;637;224;413;446;253;193;1651
6295;Totaal over alle leeftijden;Mannen en vrouwen;Eemsmond;2012;16380;15247;645;228;417;488;271;217;1651
6296;Totaal over alle leeftijden;Mannen en vrouwen;Eemsmond;2013;16385;15177;674;241;433;534;289;245;1651
6297;Totaal over alle leeftijden;Mannen en vrouwen;Eemsmond;2014;16335;15032;692;257;435;611;329;282;1651
6298;Totaal over alle leeftijden;Mannen en vrouwen;Eemsmond;2015;16293;14921;698;261;437;674;351;323;1651
6299;Totaal over alle leeftijden;Mannen en vrouwen;Eemsmond;2016;16202;14761;705;261;444;736;378;358;1651
6300;Totaal over alle leeftijden;Mannen en vrouwen;Eemsmond;2017;16166;14672;715;267;448;779;395;384;1651
6301;Totaal over alle leeftijden;Mannen en vrouwen;Eemsmond;2018;16139;14578;722;272;450;839;421;418;1651
6302;Totaal over alle leeftijden;Mannen en vrouwen;Eemsmond;2019;16144;14506;719;267;452;919;455;464;1651
6303;Totaal over alle leeftijden;Mannen en vrouwen;Eemsmond;2020;16106;14409;720;256;464;977;471;506;1651
6304;Totaal over alle leeftijden;Mannen en vrouwen;Eemsmond;2021;16070;14293;731;261;470;1046;505;541;1651
6305;Totaal over alle leeftijden;Mannen en vrouwen;Eemsmond;2022;16039;14193;740;252;488;1106;516;590;1651
6306;Totaal over alle leeftijden;Mannen en vrouwen;Eemsmond;2023;15992;14074;762;264;498;1156;531;625;1651
6307;Totaal over alle leeftijden;Mannen en vrouwen;Eemsmond;2024;15955;13989;763;258;505;1203;538;665;1651
6308;Totaal over alle leeftijden;Mannen en vrouwen;Eemsmond;2025;15941;13915;763;265;498;1263;557;706;1651
6309;Totaal over alle leeftijden;Mannen en vrouwen;Eemsmond;2026;15928;13815;779;259;520;1334;584;750;1651
6310;Totaal over alle leeftijden;Mannen en vrouwen;Eemsmond;2027;15914;13715;803;266;537;1396;606;790;1651
6311;Totaal over alle leeftijden;Mannen en vrouwen;Eemsmond;2028;15910;13646;817;276;541;1447;625;822;1651
6312;Totaal over alle leeftijden;Mannen en vrouwen;Eemsmond;2029;15911;13587;821;269;552;1503;639;864;1651
6313;Totaal over alle leeftijden;Mannen en vrouwen;Eemsmond;2030;15864;13485;840;281;559;1539;635;904;1651
6314;Totaal over alle leeftijden;Mannen en vrouwen;Eemsmond;2031;15853;13403;842;283;559;1608;660;948;1651
6315;Totaal over alle leeftijden;Mannen en vrouwen;Eemsmond;2032;15838;13317;850;291;559;1671;679;992;1651
6316;Totaal over alle leeftijden;Mannen en vrouwen;Eemsmond;2033;15814;13239;851;296;555;1724;690;1034;1651
6317;Totaal over alle leeftijden;Mannen en vrouwen;Eemsmond;2034;15791;13184;854;299;555;1753;715;1038;1651
6318;Totaal over alle leeftijden;Mannen en vrouwen;Eemsmond;2035;15779;13123;876;304;572;1780;719;1061;1651
6319;Totaal over alle leeftijden;Mannen en vrouwen;Eemsmond;2036;15739;13016;883;318;565;1840;748;1092;1651
6320;Totaal over alle leeftijden;Mannen en vrouwen;Eemsmond;2037;15677;12901;873;304;569;1903;782;1121;1651
6321;Totaal over alle leeftijden;Mannen en vrouwen;Eemsmond;2038;15663;12843;866;296;570;1954;798;1156;1651
6322;Totaal over alle leeftijden;Mannen en vrouwen;Eemsmond;2039;15646;12758;877;292;585;2011;820;1191;1651
6323;Totaal over alle leeftijden;Mannen en vrouwen;Eemsmond;2040;15604;12682;878;298;580;2044;834;1210;1651
6324;Totaal over alle leeftijden;Mannen en vrouwen;Eersel;2010;18305;16921;986;303;683;398;213;185;770
6325;Totaal over alle leeftijden;Mannen en vrouwen;Eersel;2011;18276;16830;992;308;684;454;234;220;770
6326;Totaal over alle leeftijden;Mannen en vrouwen;Eersel;2012;18298;16761;1003;311;692;534;260;274;770
6327;Totaal over alle leeftijden;Mannen en vrouwen;Eersel;2013;18286;16661;1008;306;702;617;295;322;770
6328;Totaal over alle leeftijden;Mannen en vrouwen;Eersel;2014;18336;16649;1022;319;703;665;311;354;770
6329;Totaal over alle leeftijden;Mannen en vrouwen;Eersel;2015;18384;16617;1036;335;701;731;345;386;770
6330;Totaal over alle leeftijden;Mannen en vrouwen;Eersel;2016;18407;16567;1051;338;713;789;378;411;770
6331;Totaal over alle leeftijden;Mannen en vrouwen;Eersel;2017;18437;16542;1031;326;705;864;404;460;770
6332;Totaal over alle leeftijden;Mannen en vrouwen;Eersel;2018;18485;16495;1049;337;712;941;450;491;770
6333;Totaal over alle leeftijden;Mannen en vrouwen;Eersel;2019;18509;16461;1044;339;705;1004;473;531;770
6334;Totaal over alle leeftijden;Mannen en vrouwen;Eersel;2020;18558;16405;1068;356;712;1085;500;585;770
6335;Totaal over alle leeftijden;Mannen en vrouwen;Eersel;2021;18606;16370;1095;363;732;1141;521;620;770
6336;Totaal over alle leeftijden;Mannen en vrouwen;Eersel;2022;18648;16364;1084;346;738;1200;526;674;770
6337;Totaal over alle leeftijden;Mannen en vrouwen;Eersel;2023;18759;16373;1094;347;747;1292;552;740;770
6338;Totaal over alle leeftijden;Mannen en vrouwen;Eersel;2024;18786;16363;1087;341;746;1336;572;764;770
6339;Totaal over alle leeftijden;Mannen en vrouwen;Eersel;2025;18867;16361;1076;337;739;1430;616;814;770
6340;Totaal over alle leeftijden;Mannen en vrouwen;Eersel;2026;18896;16347;1068;329;739;1481;662;819;770
6341;Totaal over alle leeftijden;Mannen en vrouwen;Eersel;2027;18933;16325;1056;322;734;1552;680;872;770
6342;Totaal over alle leeftijden;Mannen en vrouwen;Eersel;2028;18958;16314;1048;314;734;1596;695;901;770
6343;Totaal over alle leeftijden;Mannen en vrouwen;Eersel;2029;18969;16245;1048;314;734;1676;734;942;770
6344;Totaal over alle leeftijden;Mannen en vrouwen;Eersel;2030;19009;16229;1068;322;746;1712;745;967;770
6345;Totaal over alle leeftijden;Mannen en vrouwen;Eersel;2031;19045;16179;1065;316;749;1801;767;1034;770
6346;Totaal over alle leeftijden;Mannen en vrouwen;Eersel;2032;19068;16141;1062;322;740;1865;808;1057;770
6347;Totaal over alle leeftijden;Mannen en vrouwen;Eersel;2033;19056;16080;1072;325;747;1904;826;1078;770
6348;Totaal over alle leeftijden;Mannen en vrouwen;Eersel;2034;19006;15997;1058;306;752;1951;826;1125;770
6349;Totaal over alle leeftijden;Mannen en vrouwen;Eersel;2035;18936;15905;1050;296;754;1981;826;1155;770
6350;Totaal over alle leeftijden;Mannen en vrouwen;Eersel;2036;18926;15844;1056;304;752;2026;830;1196;770
6351;Totaal over alle leeftijden;Mannen en vrouwen;Eersel;2037;18869;15726;1050;292;758;2093;854;1239;770
6352;Totaal over alle leeftijden;Mannen en vrouwen;Eersel;2038;18809;15612;1033;282;751;2164;872;1292;770
6353;Totaal over alle leeftijden;Mannen en vrouwen;Eersel;2039;18744;15515;1035;285;750;2194;873;1321;770
6354;Totaal over alle leeftijden;Mannen en vrouwen;Eersel;2040;18675;15427;1020;271;749;2228;885;1343;770
6355;Totaal over alle leeftijden;Mannen en vrouwen;Eijsden;2010;11304;9807;1211;328;883;286;154;132;905
6356;Totaal over alle leeftijden;Mannen en vrouwen;Eijsden;2011;11278;9758;1199;307;892;321;164;157;905
6357;Totaal over alle leeftijden;Mannen en vrouwen;Eijsden;2012;11263;9699;1207;307;900;357;180;177;905
6358;Totaal over alle leeftijden;Mannen en vrouwen;Eijsden;2013;11234;9654;1191;300;891;389;184;205;905
6359;Totaal over alle leeftijden;Mannen en vrouwen;Eijsden;2014;11117;9507;1173;293;880;437;213;224;905
6360;Totaal over alle leeftijden;Mannen en vrouwen;Eijsden;2015;11122;9476;1172;291;881;474;231;243;905
6361;Totaal over alle leeftijden;Mannen en vrouwen;Eijsden;2016;11094;9437;1151;281;870;506;242;264;905
6362;Totaal over alle leeftijden;Mannen en vrouwen;Eijsden;2017;11110;9403;1143;268;875;564;268;296;905
6363;Totaal over alle leeftijden;Mannen en vrouwen;Eijsden;2018;11100;9330;1138;267;871;632;294;338;905
6364;Totaal over alle leeftijden;Mannen en vrouwen;Eijsden;2019;11086;9268;1123;252;871;695;319;376;905
6365;Totaal over alle leeftijden;Mannen en vrouwen;Eijsden;2020;11072;9226;1126;257;869;720;323;397;905
6366;Totaal over alle leeftijden;Mannen en vrouwen;Eijsden;2021;11074;9192;1133;267;866;749;335;414;905
6367;Totaal over alle leeftijden;Mannen en vrouwen;Eijsden;2022;11092;9172;1117;253;864;803;348;455;905
6368;Totaal over alle leeftijden;Mannen en vrouwen;Eijsden;2023;11085;9130;1110;250;860;845;370;475;905
6369;Totaal over alle leeftijden;Mannen en vrouwen;Eijsden;2024;11146;9155;1116;251;865;875;377;498;905
6370;Totaal over alle leeftijden;Mannen en vrouwen;Eijsden;2025;11169;9153;1092;232;860;924;386;538;905
6371;Totaal over alle leeftijden;Mannen en vrouwen;Eijsden;2026;11217;9143;1105;231;874;969;400;569;905
6372;Totaal over alle leeftijden;Mannen en vrouwen;Eijsden;2027;11211;9100;1098;225;873;1013;419;594;905
6373;Totaal over alle leeftijden;Mannen en vrouwen;Eijsden;2028;11266;9106;1094;209;885;1066;442;624;905
6374;Totaal over alle leeftijden;Mannen en vrouwen;Eijsden;2029;11313;9120;1096;215;881;1097;455;642;905
6375;Totaal over alle leeftijden;Mannen en vrouwen;Eijsden;2030;11392;9159;1084;205;879;1149;479;670;905
6376;Totaal over alle leeftijden;Mannen en vrouwen;Eijsden;2031;11459;9178;1094;201;893;1187;496;691;905
6377;Totaal over alle leeftijden;Mannen en vrouwen;Eijsden;2032;11495;9176;1086;199;887;1233;509;724;905
6378;Totaal over alle leeftijden;Mannen en vrouwen;Eijsden;2033;11514;9153;1078;199;879;1283;528;755;905
6379;Totaal over alle leeftijden;Mannen en vrouwen;Eijsden;2034;11590;9162;1096;202;894;1332;540;792;905
6380;Totaal over alle leeftijden;Mannen en vrouwen;Eijsden;2035;11650;9190;1099;203;896;1361;551;810;905
6381;Totaal over alle leeftijden;Mannen en vrouwen;Eijsden;2036;11693;9189;1099;197;902;1405;562;843;905
6382;Totaal over alle leeftijden;Mannen en vrouwen;Eijsden;2037;11648;9114;1108;207;901;1426;570;856;905
6383;Totaal over alle leeftijden;Mannen en vrouwen;Eijsden;2038;11721;9141;1128;213;915;1452;577;875;905
6384;Totaal over alle leeftijden;Mannen en vrouwen;Eijsden;2039;11793;9149;1149;218;931;1495;588;907;905
6385;Totaal over alle leeftijden;Mannen en vrouwen;Eijsden;2040;11773;9114;1145;224;921;1514;600;914;905
6386;Totaal over alle leeftijden;Mannen en vrouwen;Eindhoven;2010;213759;154236;26630;12504;14126;32893;19317;13576;772
6387;Totaal over alle leeftijden;Mannen en vrouwen;Eindhoven;2011;215590;155470;27154;12867;14287;32966;19227;13739;772
6388;Totaal over alle leeftijden;Mannen en vrouwen;Eindhoven;2012;216867;156159;27663;13225;14438;33045;19165;13880;772
6389;Totaal over alle leeftijden;Mannen en vrouwen;Eindhoven;2013;218308;157260;28002;13524;14478;33046;19132;13914;772
6390;Totaal over alle leeftijden;Mannen en vrouwen;Eindhoven;2014;219457;158018;28362;13779;14583;33077;19031;14046;772
6391;Totaal over alle leeftijden;Mannen en vrouwen;Eindhoven;2015;220229;158450;28704;14011;14693;33075;19043;14032;772
6392;Totaal over alle leeftijden;Mannen en vrouwen;Eindhoven;2016;221070;158706;29078;14251;14827;33286;19147;14139;772
6393;Totaal over alle leeftijden;Mannen en vrouwen;Eindhoven;2017;221619;158838;29355;14463;14892;33426;19132;14294;772
6394;Totaal over alle leeftijden;Mannen en vrouwen;Eindhoven;2018;222109;158852;29634;14716;14918;33623;19203;14420;772
6395;Totaal over alle leeftijden;Mannen en vrouwen;Eindhoven;2019;222555;159049;29792;14829;14963;33714;19218;14496;772
6396;Totaal over alle leeftijden;Mannen en vrouwen;Eindhoven;2020;222575;158801;30022;15026;14996;33752;19291;14461;772
6397;Totaal over alle leeftijden;Mannen en vrouwen;Eindhoven;2021;222684;158618;30209;15194;15015;33857;19414;14443;772
6398;Totaal over alle leeftijden;Mannen en vrouwen;Eindhoven;2022;222887;158515;30449;15351;15098;33923;19483;14440;772
6399;Totaal over alle leeftijden;Mannen en vrouwen;Eindhoven;2023;223160;158355;30697;15568;15129;34108;19592;14516;772
6400;Totaal over alle leeftijden;Mannen en vrouwen;Eindhoven;2024;223294;158058;30951;15821;15130;34285;19608;14677;772
6401;Totaal over alle leeftijden;Mannen en vrouwen;Eindhoven;2025;223440;157682;31230;16034;15196;34528;19689;14839;772
6402;Totaal over alle leeftijden;Mannen en vrouwen;Eindhoven;2026;223562;157329;31468;16248;15220;34765;19774;14991;772
6403;Totaal over alle leeftijden;Mannen en vrouwen;Eindhoven;2027;223636;156970;31727;16474;15253;34939;19839;15100;772
6404;Totaal over alle leeftijden;Mannen en vrouwen;Eindhoven;2028;223771;156606;31912;16674;15238;35253;19861;15392;772
6405;Totaal over alle leeftijden;Mannen en vrouwen;Eindhoven;2029;223706;156118;32163;16904;15259;35425;19885;15540;772
6406;Totaal over alle leeftijden;Mannen en vrouwen;Eindhoven;2030;223551;155553;32465;17187;15278;35533;19864;15669;772
6407;Totaal over alle leeftijden;Mannen en vrouwen;Eindhoven;2031;223405;155003;32662;17372;15290;35740;19877;15863;772
6408;Totaal over alle leeftijden;Mannen en vrouwen;Eindhoven;2032;223478;154537;32949;17583;15366;35992;19926;16066;772
6409;Totaal over alle leeftijden;Mannen en vrouwen;Eindhoven;2033;223243;153964;33194;17791;15403;36085;19849;16236;772
6410;Totaal over alle leeftijden;Mannen en vrouwen;Eindhoven;2034;223113;153463;33460;18023;15437;36190;19859;16331;772
6411;Totaal over alle leeftijden;Mannen en vrouwen;Eindhoven;2035;222754;152709;33696;18237;15459;36349;19910;16439;772
6412;Totaal over alle leeftijden;Mannen en vrouwen;Eindhoven;2036;222591;152021;34015;18464;15551;36555;19978;16577;772
6413;Totaal over alle leeftijden;Mannen en vrouwen;Eindhoven;2037;222326;151383;34220;18631;15589;36723;20005;16718;772
6414;Totaal over alle leeftijden;Mannen en vrouwen;Eindhoven;2038;222171;150930;34442;18830;15612;36799;19982;16817;772
6415;Totaal over alle leeftijden;Mannen en vrouwen;Eindhoven;2039;221928;150350;34734;19002;15732;36844;19936;16908;772
6416;Totaal over alle leeftijden;Mannen en vrouwen;Eindhoven;2040;221614;149718;34933;19171;15762;36963;19946;17017;772
6417;Totaal over alle leeftijden;Mannen en vrouwen;Elburg;2010;21948;20668;753;279;474;527;295;232;230
6418;Totaal over alle leeftijden;Mannen en vrouwen;Elburg;2011;21757;20400;771;294;477;586;320;266;230
6419;Totaal over alle leeftijden;Mannen en vrouwen;Elburg;2012;21547;20123;772;292;480;652;348;304;230
6420;Totaal over alle leeftijden;Mannen en vrouwen;Elburg;2013;21439;19934;805;319;486;700;366;334;230
6421;Totaal over alle leeftijden;Mannen en vrouwen;Elburg;2014;21365;19760;840;342;498;765;388;377;230
6422;Totaal over alle leeftijden;Mannen en vrouwen;Elburg;2015;21235;19556;863;361;502;816;409;407;230
6423;Totaal over alle leeftijden;Mannen en vrouwen;Elburg;2016;21174;19429;871;369;502;874;439;435;230
6424;Totaal over alle leeftijden;Mannen en vrouwen;Elburg;2017;21155;19341;860;351;509;954;470;484;230
6425;Totaal over alle leeftijden;Mannen en vrouwen;Elburg;2018;21168;19268;869;355;514;1031;496;535;230
6426;Totaal over alle leeftijden;Mannen en vrouwen;Elburg;2019;21170;19184;894;360;534;1092;510;582;230
6427;Totaal over alle leeftijden;Mannen en vrouwen;Elburg;2020;21118;19063;909;362;547;1146;534;612;230
6428;Totaal over alle leeftijden;Mannen en vrouwen;Elburg;2021;21084;18957;936;374;562;1191;564;627;230
6429;Totaal over alle leeftijden;Mannen en vrouwen;Elburg;2022;21087;18887;970;391;579;1230;566;664;230
6430;Totaal over alle leeftijden;Mannen en vrouwen;Elburg;2023;21137;18870;974;396;578;1293;584;709;230
6431;Totaal over alle leeftijden;Mannen en vrouwen;Elburg;2024;21160;18811;984;398;586;1365;613;752;230
6432;Totaal over alle leeftijden;Mannen en vrouwen;Elburg;2025;21129;18715;1004;402;602;1410;638;772;230
6433;Totaal over alle leeftijden;Mannen en vrouwen;Elburg;2026;21150;18672;1025;419;606;1453;665;788;230
6434;Totaal over alle leeftijden;Mannen en vrouwen;Elburg;2027;21143;18566;1041;420;621;1536;713;823;230
6435;Totaal over alle leeftijden;Mannen en vrouwen;Elburg;2028;21084;18452;1047;409;638;1585;724;861;230
6436;Totaal over alle leeftijden;Mannen en vrouwen;Elburg;2029;21128;18422;1046;397;649;1660;752;908;230
6437;Totaal over alle leeftijden;Mannen en vrouwen;Elburg;2030;21145;18374;1068;410;658;1703;778;925;230
6438;Totaal over alle leeftijden;Mannen en vrouwen;Elburg;2031;21219;18370;1102;428;674;1747;795;952;230
6439;Totaal over alle leeftijden;Mannen en vrouwen;Elburg;2032;21185;18261;1115;434;681;1809;821;988;230
6440;Totaal over alle leeftijden;Mannen en vrouwen;Elburg;2033;21277;18268;1126;430;696;1883;852;1031;230
6441;Totaal over alle leeftijden;Mannen en vrouwen;Elburg;2034;21365;18255;1171;455;716;1939;895;1044;230
6442;Totaal over alle leeftijden;Mannen en vrouwen;Elburg;2035;21361;18205;1176;449;727;1980;923;1057;230
6443;Totaal over alle leeftijden;Mannen en vrouwen;Elburg;2036;21377;18172;1183;441;742;2022;943;1079;230
6444;Totaal over alle leeftijden;Mannen en vrouwen;Elburg;2037;21386;18117;1200;453;747;2069;967;1102;230
6445;Totaal over alle leeftijden;Mannen en vrouwen;Elburg;2038;21328;18049;1187;446;741;2092;999;1093;230
6446;Totaal over alle leeftijden;Mannen en vrouwen;Elburg;2039;21360;18013;1189;454;735;2158;1022;1136;230
6447;Totaal over alle leeftijden;Mannen en vrouwen;Elburg;2040;21293;17894;1205;467;738;2194;1033;1161;230
6448;Totaal over alle leeftijden;Mannen en vrouwen;Emmen;2010;108518;95948;7819;3165;4654;4751;2826;1925;114
6449;Totaal over alle leeftijden;Mannen en vrouwen;Emmen;2011;108527;95548;7965;3268;4697;5014;2932;2082;114
6450;Totaal over alle leeftijden;Mannen en vrouwen;Emmen;2012;108511;95105;8093;3368;4725;5313;3057;2256;114
6451;Totaal over alle leeftijden;Mannen en vrouwen;Emmen;2013;108610;94769;8262;3462;4800;5579;3174;2405;114
6452;Totaal over alle leeftijden;Mannen en vrouwen;Emmen;2014;108835;94596;8436;3565;4871;5803;3274;2529;114
6453;Totaal over alle leeftijden;Mannen en vrouwen;Emmen;2015;109024;94368;8601;3653;4948;6055;3409;2646;114
6454;Totaal over alle leeftijden;Mannen en vrouwen;Emmen;2016;109152;94054;8743;3757;4986;6355;3532;2823;114
6455;Totaal over alle leeftijden;Mannen en vrouwen;Emmen;2017;109271;93715;8910;3862;5048;6646;3686;2960;114
6456;Totaal over alle leeftijden;Mannen en vrouwen;Emmen;2018;109415;93396;9055;3976;5079;6964;3838;3126;114
6457;Totaal over alle leeftijden;Mannen en vrouwen;Emmen;2019;109593;93087;9211;4102;5109;7295;3995;3300;114
6458;Totaal over alle leeftijden;Mannen en vrouwen;Emmen;2020;109661;92716;9369;4228;5141;7576;4140;3436;114
6459;Totaal over alle leeftijden;Mannen en vrouwen;Emmen;2021;109777;92380;9557;4383;5174;7840;4298;3542;114
6460;Totaal over alle leeftijden;Mannen en vrouwen;Emmen;2022;109842;91998;9725;4535;5190;8119;4471;3648;114
6461;Totaal over alle leeftijden;Mannen en vrouwen;Emmen;2023;109792;91541;9861;4636;5225;8390;4589;3801;114
6462;Totaal over alle leeftijden;Mannen en vrouwen;Emmen;2024;109796;91117;10048;4777;5271;8631;4734;3897;114
6463;Totaal over alle leeftijden;Mannen en vrouwen;Emmen;2025;109927;90768;10222;4936;5286;8937;4901;4036;114
6464;Totaal over alle leeftijden;Mannen en vrouwen;Emmen;2026;109964;90421;10330;5013;5317;9213;5085;4128;114
6465;Totaal over alle leeftijden;Mannen en vrouwen;Emmen;2027;109884;89965;10441;5089;5352;9478;5199;4279;114
6466;Totaal over alle leeftijden;Mannen en vrouwen;Emmen;2028;109834;89554;10558;5201;5357;9722;5349;4373;114
6467;Totaal over alle leeftijden;Mannen en vrouwen;Emmen;2029;109762;89078;10693;5270;5423;9991;5488;4503;114
6468;Totaal over alle leeftijden;Mannen en vrouwen;Emmen;2030;109710;88619;10824;5382;5442;10267;5597;4670;114
6469;Totaal over alle leeftijden;Mannen en vrouwen;Emmen;2031;109650;88225;10940;5472;5468;10485;5729;4756;114
6470;Totaal over alle leeftijden;Mannen en vrouwen;Emmen;2032;109604;87794;11072;5591;5481;10738;5862;4876;114
6471;Totaal over alle leeftijden;Mannen en vrouwen;Emmen;2033;109530;87384;11174;5674;5500;10972;5991;4981;114
6472;Totaal over alle leeftijden;Mannen en vrouwen;Emmen;2034;109380;86936;11297;5767;5530;11147;6065;5082;114
6473;Totaal over alle leeftijden;Mannen en vrouwen;Emmen;2035;109228;86475;11436;5880;5556;11317;6150;5167;114
6474;Totaal over alle leeftijden;Mannen en vrouwen;Emmen;2036;109066;86026;11549;5956;5593;11491;6229;5262;114
6475;Totaal over alle leeftijden;Mannen en vrouwen;Emmen;2037;108842;85515;11654;6075;5579;11673;6298;5375;114
6476;Totaal over alle leeftijden;Mannen en vrouwen;Emmen;2038;108586;84961;11731;6165;5566;11894;6367;5527;114
6477;Totaal over alle leeftijden;Mannen en vrouwen;Emmen;2039;108382;84409;11827;6253;5574;12146;6503;5643;114
6478;Totaal over alle leeftijden;Mannen en vrouwen;Emmen;2040;108238;83916;11936;6313;5623;12386;6591;5795;114
6479;Totaal over alle leeftijden;Mannen en vrouwen;Enkhuizen;2010;18030;15537;1259;550;709;1234;679;555;388
6480;Totaal over alle leeftijden;Mannen en vrouwen;Enkhuizen;2011;18103;15548;1286;572;714;1269;676;593;388
6481;Totaal over alle leeftijden;Mannen en vrouwen;Enkhuizen;2012;18214;15561;1321;608;713;1332;683;649;388
6482;Totaal over alle leeftijden;Mannen en vrouwen;Enkhuizen;2013;18355;15590;1361;623;738;1404;705;699;388
6483;Totaal over alle leeftijden;Mannen en vrouwen;Enkhuizen;2014;18482;15642;1385;640;745;1455;734;721;388
6484;Totaal over alle leeftijden;Mannen en vrouwen;Enkhuizen;2015;18649;15709;1421;664;757;1519;764;755;388
6485;Totaal over alle leeftijden;Mannen en vrouwen;Enkhuizen;2016;18857;15819;1455;694;761;1583;785;798;388
6486;Totaal over alle leeftijden;Mannen en vrouwen;Enkhuizen;2017;18994;15886;1486;722;764;1622;803;819;388
6487;Totaal over alle leeftijden;Mannen en vrouwen;Enkhuizen;2018;19201;16001;1543;762;781;1657;808;849;388
6488;Totaal over alle leeftijden;Mannen en vrouwen;Enkhuizen;2019;19295;15982;1599;798;801;1714;815;899;388
6489;Totaal over alle leeftijden;Mannen en vrouwen;Enkhuizen;2020;19380;16003;1606;806;800;1771;812;959;388
6490;Totaal over alle leeftijden;Mannen en vrouwen;Enkhuizen;2021;19524;16069;1607;819;788;1848;845;1003;388
6491;Totaal over alle leeftijden;Mannen en vrouwen;Enkhuizen;2022;19747;16185;1655;852;803;1907;850;1057;388
6492;Totaal over alle leeftijden;Mannen en vrouwen;Enkhuizen;2023;19901;16230;1684;861;823;1987;861;1126;388
6493;Totaal over alle leeftijden;Mannen en vrouwen;Enkhuizen;2024;20071;16298;1726;897;829;2047;875;1172;388
6494;Totaal over alle leeftijden;Mannen en vrouwen;Enkhuizen;2025;20141;16279;1772;922;850;2090;887;1203;388
6495;Totaal over alle leeftijden;Mannen en vrouwen;Enkhuizen;2026;20217;16266;1779;921;858;2172;919;1253;388
6496;Totaal over alle leeftijden;Mannen en vrouwen;Enkhuizen;2027;20303;16274;1784;916;868;2245;936;1309;388
6497;Totaal over alle leeftijden;Mannen en vrouwen;Enkhuizen;2028;20347;16253;1815;943;872;2279;946;1333;388
6498;Totaal over alle leeftijden;Mannen en vrouwen;Enkhuizen;2029;20461;16256;1855;956;899;2350;972;1378;388
6499;Totaal over alle leeftijden;Mannen en vrouwen;Enkhuizen;2030;20534;16243;1897;985;912;2394;997;1397;388
6500;Totaal over alle leeftijden;Mannen en vrouwen;Enkhuizen;2031;20615;16241;1942;1012;930;2432;1009;1423;388
6501;Totaal over alle leeftijden;Mannen en vrouwen;Enkhuizen;2032;20679;16234;1963;1028;935;2482;1029;1453;388
6502;Totaal over alle leeftijden;Mannen en vrouwen;Enkhuizen;2033;20775;16231;2017;1061;956;2527;1056;1471;388
6503;Totaal over alle leeftijden;Mannen en vrouwen;Enkhuizen;2034;20806;16223;2017;1057;960;2566;1076;1490;388
6504;Totaal over alle leeftijden;Mannen en vrouwen;Enkhuizen;2035;20879;16254;2031;1059;972;2594;1074;1520;388
6505;Totaal over alle leeftijden;Mannen en vrouwen;Enkhuizen;2036;20917;16195;2090;1106;984;2632;1090;1542;388
6506;Totaal over alle leeftijden;Mannen en vrouwen;Enkhuizen;2037;20932;16150;2095;1099;996;2687;1121;1566;388
6507;Totaal over alle leeftijden;Mannen en vrouwen;Enkhuizen;2038;20945;16078;2117;1116;1001;2750;1136;1614;388
6508;Totaal over alle leeftijden;Mannen en vrouwen;Enkhuizen;2039;20963;16058;2120;1120;1000;2785;1151;1634;388
6509;Totaal over alle leeftijden;Mannen en vrouwen;Enkhuizen;2040;20916;15959;2128;1132;996;2829;1165;1664;388
6510;Totaal over alle leeftijden;Mannen en vrouwen;Enschede;2010;157265;115329;19503;8071;11432;22433;12938;9495;153
6511;Totaal over alle leeftijden;Mannen en vrouwen;Enschede;2011;157933;116081;19503;8197;11306;22349;12805;9544;153
6512;Totaal over alle leeftijden;Mannen en vrouwen;Enschede;2012;158616;116769;19531;8263;11268;22316;12771;9545;153
6513;Totaal over alle leeftijden;Mannen en vrouwen;Enschede;2013;158730;116962;19505;8295;11210;22263;12771;9492;153
6514;Totaal over alle leeftijden;Mannen en vrouwen;Enschede;2014;158796;117166;19433;8305;11128;22197;12712;9485;153
6515;Totaal over alle leeftijden;Mannen en vrouwen;Enschede;2015;158966;117353;19391;8324;11067;22222;12728;9494;153
6516;Totaal over alle leeftijden;Mannen en vrouwen;Enschede;2016;158945;117522;19262;8327;10935;22161;12744;9417;153
6517;Totaal over alle leeftijden;Mannen en vrouwen;Enschede;2017;159016;117651;19151;8377;10774;22214;12778;9436;153
6518;Totaal over alle leeftijden;Mannen en vrouwen;Enschede;2018;158985;117703;19050;8377;10673;22232;12812;9420;153
6519;Totaal over alle leeftijden;Mannen en vrouwen;Enschede;2019;159006;117676;18920;8361;10559;22410;12882;9528;153
6520;Totaal over alle leeftijden;Mannen en vrouwen;Enschede;2020;159122;117781;18806;8359;10447;22535;12919;9616;153
6521;Totaal over alle leeftijden;Mannen en vrouwen;Enschede;2021;159276;117836;18806;8445;10361;22634;12941;9693;153
6522;Totaal over alle leeftijden;Mannen en vrouwen;Enschede;2022;159307;117869;18774;8511;10263;22664;13026;9638;153
6523;Totaal over alle leeftijden;Mannen en vrouwen;Enschede;2023;159379;117944;18686;8547;10139;22749;13097;9652;153
6524;Totaal over alle leeftijden;Mannen en vrouwen;Enschede;2024;159397;118000;18609;8612;9997;22788;13147;9641;153
6525;Totaal over alle leeftijden;Mannen en vrouwen;Enschede;2025;159501;118004;18645;8685;9960;22852;13189;9663;153
6526;Totaal over alle leeftijden;Mannen en vrouwen;Enschede;2026;159470;117848;18696;8823;9873;22926;13258;9668;153
6527;Totaal over alle leeftijden;Mannen en vrouwen;Enschede;2027;159403;117597;18745;8926;9819;23061;13286;9775;153
6528;Totaal over alle leeftijden;Mannen en vrouwen;Enschede;2028;159357;117388;18765;8992;9773;23204;13373;9831;153
6529;Totaal over alle leeftijden;Mannen en vrouwen;Enschede;2029;159315;117226;18741;9010;9731;23348;13415;9933;153
6530;Totaal over alle leeftijden;Mannen en vrouwen;Enschede;2030;159108;116972;18696;9035;9661;23440;13473;9967;153
6531;Totaal over alle leeftijden;Mannen en vrouwen;Enschede;2031;158877;116752;18665;9045;9620;23460;13518;9942;153
6532;Totaal over alle leeftijden;Mannen en vrouwen;Enschede;2032;158798;116467;18712;9105;9607;23619;13546;10073;153
6533;Totaal over alle leeftijden;Mannen en vrouwen;Enschede;2033;158507;116072;18742;9132;9610;23693;13543;10150;153
6534;Totaal over alle leeftijden;Mannen en vrouwen;Enschede;2034;158245;115678;18735;9125;9610;23832;13561;10271;153
6535;Totaal over alle leeftijden;Mannen en vrouwen;Enschede;2035;158044;115347;18817;9178;9639;23880;13577;10303;153
6536;Totaal over alle leeftijden;Mannen en vrouwen;Enschede;2036;158078;115067;18895;9283;9612;24116;13623;10493;153
6537;Totaal over alle leeftijden;Mannen en vrouwen;Enschede;2037;157868;114698;18971;9383;9588;24199;13601;10598;153
6538;Totaal over alle leeftijden;Mannen en vrouwen;Enschede;2038;157552;114265;19006;9440;9566;24281;13576;10705;153
6539;Totaal over alle leeftijden;Mannen en vrouwen;Enschede;2039;157259;113840;19058;9490;9568;24361;13617;10744;153
6540;Totaal over alle leeftijden;Mannen en vrouwen;Enschede;2040;156962;113445;19003;9537;9466;24514;13647;10867;153
6541;Totaal over alle leeftijden;Mannen en vrouwen;Epe;2010;32522;28767;2124;826;1298;1631;882;749;232
6542;Totaal over alle leeftijden;Mannen en vrouwen;Epe;2011;32333;28527;2134;827;1307;1672;886;786;232
6543;Totaal over alle leeftijden;Mannen en vrouwen;Epe;2012;32202;28355;2127;807;1320;1720;900;820;232
6544;Totaal over alle leeftijden;Mannen en vrouwen;Epe;2013;32172;28228;2137;796;1341;1807;931;876;232
6545;Totaal over alle leeftijden;Mannen en vrouwen;Epe;2014;32092;28096;2142;795;1347;1854;971;883;232
6546;Totaal over alle leeftijden;Mannen en vrouwen;Epe;2015;32113;28030;2149;785;1364;1934;1014;920;232
6547;Totaal over alle leeftijden;Mannen en vrouwen;Epe;2016;32038;27858;2184;787;1397;1996;1057;939;232
6548;Totaal over alle leeftijden;Mannen en vrouwen;Epe;2017;32088;27847;2203;784;1419;2038;1069;969;232
6549;Totaal over alle leeftijden;Mannen en vrouwen;Epe;2018;32090;27761;2236;800;1436;2093;1093;1000;232
6550;Totaal over alle leeftijden;Mannen en vrouwen;Epe;2019;32106;27691;2268;805;1463;2147;1119;1028;232
6551;Totaal over alle leeftijden;Mannen en vrouwen;Epe;2020;32015;27517;2313;824;1489;2185;1130;1055;232
6552;Totaal over alle leeftijden;Mannen en vrouwen;Epe;2021;31985;27364;2342;823;1519;2279;1175;1104;232
6553;Totaal over alle leeftijden;Mannen en vrouwen;Epe;2022;31958;27279;2365;843;1522;2314;1190;1124;232
6554;Totaal over alle leeftijden;Mannen en vrouwen;Epe;2023;31973;27217;2392;857;1535;2364;1202;1162;232
6555;Totaal over alle leeftijden;Mannen en vrouwen;Epe;2024;32020;27123;2409;844;1565;2488;1261;1227;232
6556;Totaal over alle leeftijden;Mannen en vrouwen;Epe;2025;32077;27101;2431;859;1572;2545;1282;1263;232
6557;Totaal over alle leeftijden;Mannen en vrouwen;Epe;2026;32134;27076;2465;879;1586;2593;1286;1307;232
6558;Totaal over alle leeftijden;Mannen en vrouwen;Epe;2027;32193;27056;2492;902;1590;2645;1316;1329;232
6559;Totaal over alle leeftijden;Mannen en vrouwen;Epe;2028;32186;26973;2499;893;1606;2714;1363;1351;232
6560;Totaal over alle leeftijden;Mannen en vrouwen;Epe;2029;32273;27019;2510;891;1619;2744;1374;1370;232
6561;Totaal over alle leeftijden;Mannen en vrouwen;Epe;2030;32297;26966;2524;909;1615;2807;1392;1415;232
6562;Totaal over alle leeftijden;Mannen en vrouwen;Epe;2031;32312;26902;2552;923;1629;2858;1405;1453;232
6563;Totaal over alle leeftijden;Mannen en vrouwen;Epe;2032;32356;26928;2560;946;1614;2868;1398;1470;232
6564;Totaal over alle leeftijden;Mannen en vrouwen;Epe;2033;32413;26907;2583;956;1627;2923;1438;1485;232
6565;Totaal over alle leeftijden;Mannen en vrouwen;Epe;2034;32443;26869;2609;975;1634;2965;1441;1524;232
6566;Totaal over alle leeftijden;Mannen en vrouwen;Epe;2035;32455;26836;2619;966;1653;3000;1453;1547;232
6567;Totaal over alle leeftijden;Mannen en vrouwen;Epe;2036;32477;26773;2640;980;1660;3064;1481;1583;232
6568;Totaal over alle leeftijden;Mannen en vrouwen;Epe;2037;32501;26735;2641;976;1665;3125;1481;1644;232
6569;Totaal over alle leeftijden;Mannen en vrouwen;Epe;2038;32555;26697;2666;976;1690;3192;1497;1695;232
6570;Totaal over alle leeftijden;Mannen en vrouwen;Epe;2039;32545;26618;2702;992;1710;3225;1498;1727;232
6571;Totaal over alle leeftijden;Mannen en vrouwen;Epe;2040;32546;26566;2717;988;1729;3263;1511;1752;232
6572;Totaal over alle leeftijden;Mannen en vrouwen;Ermelo;2010;26543;23814;1590;628;962;1139;604;535;233
6573;Totaal over alle leeftijden;Mannen en vrouwen;Ermelo;2011;26569;23723;1636;644;992;1210;641;569;233
6574;Totaal over alle leeftijden;Mannen en vrouwen;Ermelo;2012;26427;23509;1662;661;1001;1256;645;611;233
6575;Totaal over alle leeftijden;Mannen en vrouwen;Ermelo;2013;26378;23334;1715;695;1020;1329;679;650;233
6576;Totaal over alle leeftijden;Mannen en vrouwen;Ermelo;2014;26397;23223;1740;708;1032;1434;724;710;233
6577;Totaal over alle leeftijden;Mannen en vrouwen;Ermelo;2015;26388;23092;1778;722;1056;1518;752;766;233
6578;Totaal over alle leeftijden;Mannen en vrouwen;Ermelo;2016;26451;23004;1842;758;1084;1605;764;841;233
6579;Totaal over alle leeftijden;Mannen en vrouwen;Ermelo;2017;26448;22879;1877;780;1097;1692;800;892;233
6580;Totaal over alle leeftijden;Mannen en vrouwen;Ermelo;2018;26495;22811;1913;800;1113;1771;840;931;233
6581;Totaal over alle leeftijden;Mannen en vrouwen;Ermelo;2019;26512;22756;1943;810;1133;1813;852;961;233
6582;Totaal over alle leeftijden;Mannen en vrouwen;Ermelo;2020;26494;22642;1968;823;1145;1884;886;998;233
6583;Totaal over alle leeftijden;Mannen en vrouwen;Ermelo;2021;26556;22568;2023;857;1166;1965;914;1051;233
6584;Totaal over alle leeftijden;Mannen en vrouwen;Ermelo;2022;26617;22555;2049;873;1176;2013;917;1096;233
6585;Totaal over alle leeftijden;Mannen en vrouwen;Ermelo;2023;26728;22532;2087;897;1190;2109;956;1153;233
6586;Totaal over alle leeftijden;Mannen en vrouwen;Ermelo;2024;26851;22528;2106;905;1201;2217;1000;1217;233
6587;Totaal over alle leeftijden;Mannen en vrouwen;Ermelo;2025;26900;22490;2145;938;1207;2265;1021;1244;233
6588;Totaal over alle leeftijden;Mannen en vrouwen;Ermelo;2026;26997;22483;2183;956;1227;2331;1042;1289;233
6589;Totaal over alle leeftijden;Mannen en vrouwen;Ermelo;2027;27054;22466;2213;966;1247;2375;1060;1315;233
6590;Totaal over alle leeftijden;Mannen en vrouwen;Ermelo;2028;27093;22409;2243;984;1259;2441;1085;1356;233
6591;Totaal over alle leeftijden;Mannen en vrouwen;Ermelo;2029;27196;22438;2265;1013;1252;2493;1094;1399;233
6592;Totaal over alle leeftijden;Mannen en vrouwen;Ermelo;2030;27330;22472;2298;1029;1269;2560;1106;1454;233
6593;Totaal over alle leeftijden;Mannen en vrouwen;Ermelo;2031;27297;22401;2302;1046;1256;2594;1136;1458;233
6594;Totaal over alle leeftijden;Mannen en vrouwen;Ermelo;2032;27320;22341;2312;1057;1255;2667;1184;1483;233
6595;Totaal over alle leeftijden;Mannen en vrouwen;Ermelo;2033;27331;22261;2370;1093;1277;2700;1187;1513;233
6596;Totaal over alle leeftijden;Mannen en vrouwen;Ermelo;2034;27294;22137;2390;1116;1274;2767;1210;1557;233
6597;Totaal over alle leeftijden;Mannen en vrouwen;Ermelo;2035;27268;22016;2428;1137;1291;2824;1238;1586;233
6598;Totaal over alle leeftijden;Mannen en vrouwen;Ermelo;2036;27244;21923;2457;1147;1310;2864;1248;1616;233
6599;Totaal over alle leeftijden;Mannen en vrouwen;Ermelo;2037;27097;21723;2471;1145;1326;2903;1278;1625;233
6600;Totaal over alle leeftijden;Mannen en vrouwen;Ermelo;2038;27000;21552;2506;1180;1326;2942;1297;1645;233
6601;Totaal over alle leeftijden;Mannen en vrouwen;Ermelo;2039;26907;21425;2539;1220;1319;2943;1297;1646;233
6602;Totaal over alle leeftijden;Mannen en vrouwen;Ermelo;2040;26791;21246;2548;1229;1319;2997;1305;1692;233
6603;Totaal over alle leeftijden;Mannen en vrouwen;Etten-Leur;2010;41265;34427;3374;1357;2017;3464;1923;1541;777
6604;Totaal over alle leeftijden;Mannen en vrouwen;Etten-Leur;2011;41485;34543;3432;1407;2025;3510;1957;1553;777
6605;Totaal over alle leeftijden;Mannen en vrouwen;Etten-Leur;2012;41546;34547;3456;1425;2031;3543;1984;1559;777
6606;Totaal over alle leeftijden;Mannen en vrouwen;Etten-Leur;2013;41656;34609;3465;1430;2035;3582;1987;1595;777
6607;Totaal over alle leeftijden;Mannen en vrouwen;Etten-Leur;2014;41835;34730;3460;1417;2043;3645;2008;1637;777
6608;Totaal over alle leeftijden;Mannen en vrouwen;Etten-Leur;2015;42137;34904;3464;1417;2047;3769;2051;1718;777
6609;Totaal over alle leeftijden;Mannen en vrouwen;Etten-Leur;2016;42415;35069;3524;1448;2076;3822;2046;1776;777
6610;Totaal over alle leeftijden;Mannen en vrouwen;Etten-Leur;2017;42604;35116;3548;1470;2078;3940;2083;1857;777
6611;Totaal over alle leeftijden;Mannen en vrouwen;Etten-Leur;2018;42822;35231;3565;1486;2079;4026;2118;1908;777
6612;Totaal over alle leeftijden;Mannen en vrouwen;Etten-Leur;2019;42968;35260;3620;1502;2118;4088;2125;1963;777
6613;Totaal over alle leeftijden;Mannen en vrouwen;Etten-Leur;2020;43127;35255;3664;1518;2146;4208;2169;2039;777
6614;Totaal over alle leeftijden;Mannen en vrouwen;Etten-Leur;2021;43223;35256;3691;1546;2145;4276;2188;2088;777
6615;Totaal over alle leeftijden;Mannen en vrouwen;Etten-Leur;2022;43450;35361;3722;1550;2172;4367;2227;2140;777
6616;Totaal over alle leeftijden;Mannen en vrouwen;Etten-Leur;2023;43462;35249;3750;1572;2178;4463;2276;2187;777
6617;Totaal over alle leeftijden;Mannen en vrouwen;Etten-Leur;2024;43530;35186;3825;1632;2193;4519;2302;2217;777
6618;Totaal over alle leeftijden;Mannen en vrouwen;Etten-Leur;2025;43587;35116;3881;1649;2232;4590;2331;2259;777
6619;Totaal over alle leeftijden;Mannen en vrouwen;Etten-Leur;2026;43636;35116;3903;1673;2230;4617;2343;2274;777
6620;Totaal over alle leeftijden;Mannen en vrouwen;Etten-Leur;2027;43731;35111;3934;1676;2258;4686;2357;2329;777
6621;Totaal over alle leeftijden;Mannen en vrouwen;Etten-Leur;2028;43835;35090;3990;1723;2267;4755;2401;2354;777
6622;Totaal over alle leeftijden;Mannen en vrouwen;Etten-Leur;2029;43855;35021;4020;1738;2282;4814;2416;2398;777
6623;Totaal over alle leeftijden;Mannen en vrouwen;Etten-Leur;2030;43820;34933;4029;1737;2292;4858;2425;2433;777
6624;Totaal over alle leeftijden;Mannen en vrouwen;Etten-Leur;2031;43833;34846;4074;1788;2286;4913;2445;2468;777
6625;Totaal over alle leeftijden;Mannen en vrouwen;Etten-Leur;2032;43825;34720;4083;1781;2302;5022;2470;2552;777
6626;Totaal over alle leeftijden;Mannen en vrouwen;Etten-Leur;2033;43767;34577;4102;1785;2317;5088;2495;2593;777
6627;Totaal over alle leeftijden;Mannen en vrouwen;Etten-Leur;2034;43729;34451;4130;1792;2338;5148;2484;2664;777
6628;Totaal over alle leeftijden;Mannen en vrouwen;Etten-Leur;2035;43559;34196;4125;1778;2347;5238;2520;2718;777
6629;Totaal over alle leeftijden;Mannen en vrouwen;Etten-Leur;2036;43392;33972;4140;1795;2345;5280;2519;2761;777
6630;Totaal over alle leeftijden;Mannen en vrouwen;Etten-Leur;2037;43255;33764;4155;1775;2380;5336;2522;2814;777
6631;Totaal over alle leeftijden;Mannen en vrouwen;Etten-Leur;2038;43086;33562;4163;1798;2365;5361;2530;2831;777
6632;Totaal over alle leeftijden;Mannen en vrouwen;Etten-Leur;2039;42960;33396;4196;1811;2385;5368;2508;2860;777
6633;Totaal over alle leeftijden;Mannen en vrouwen;Etten-Leur;2040;42778;33165;4206;1819;2387;5407;2523;2884;777
6634;Totaal over alle leeftijden;Mannen en vrouwen;Ferwerderadiel;2010;8962;8426;353;140;213;183;98;85;1722
6635;Totaal over alle leeftijden;Mannen en vrouwen;Ferwerderadiel;2011;8973;8389;372;149;223;212;108;104;1722
6636;Totaal over alle leeftijden;Mannen en vrouwen;Ferwerderadiel;2012;9024;8404;374;154;220;246;126;120;1722
6637;Totaal over alle leeftijden;Mannen en vrouwen;Ferwerderadiel;2013;9034;8369;386;160;226;279;133;146;1722
6638;Totaal over alle leeftijden;Mannen en vrouwen;Ferwerderadiel;2014;9078;8366;399;172;227;313;155;158;1722
6639;Totaal over alle leeftijden;Mannen en vrouwen;Ferwerderadiel;2015;9037;8287;404;175;229;346;170;176;1722
6640;Totaal over alle leeftijden;Mannen en vrouwen;Ferwerderadiel;2016;9082;8269;429;185;244;384;192;192;1722
6641;Totaal over alle leeftijden;Mannen en vrouwen;Ferwerderadiel;2017;9081;8225;438;197;241;418;205;213;1722
6642;Totaal over alle leeftijden;Mannen en vrouwen;Ferwerderadiel;2018;9053;8149;468;218;250;436;209;227;1722
6643;Totaal over alle leeftijden;Mannen en vrouwen;Ferwerderadiel;2019;9089;8115;488;226;262;486;233;253;1722
6644;Totaal over alle leeftijden;Mannen en vrouwen;Ferwerderadiel;2020;9106;8064;517;237;280;525;253;272;1722
6645;Totaal over alle leeftijden;Mannen en vrouwen;Ferwerderadiel;2021;9113;8025;525;246;279;563;270;293;1722
6646;Totaal over alle leeftijden;Mannen en vrouwen;Ferwerderadiel;2022;9146;8001;540;257;283;605;294;311;1722
6647;Totaal over alle leeftijden;Mannen en vrouwen;Ferwerderadiel;2023;9182;8001;545;267;278;636;307;329;1722
6648;Totaal over alle leeftijden;Mannen en vrouwen;Ferwerderadiel;2024;9178;7970;546;272;274;662;327;335;1722
6649;Totaal over alle leeftijden;Mannen en vrouwen;Ferwerderadiel;2025;9189;7940;549;278;271;700;343;357;1722
6650;Totaal over alle leeftijden;Mannen en vrouwen;Ferwerderadiel;2026;9218;7916;566;291;275;736;352;384;1722
6651;Totaal over alle leeftijden;Mannen en vrouwen;Ferwerderadiel;2027;9205;7863;569;297;272;773;366;407;1722
6652;Totaal over alle leeftijden;Mannen en vrouwen;Ferwerderadiel;2028;9251;7854;595;313;282;802;378;424;1722
6653;Totaal over alle leeftijden;Mannen en vrouwen;Ferwerderadiel;2029;9252;7828;596;319;277;828;381;447;1722
6654;Totaal over alle leeftijden;Mannen en vrouwen;Ferwerderadiel;2030;9280;7819;610;330;280;851;381;470;1722
6655;Totaal over alle leeftijden;Mannen en vrouwen;Ferwerderadiel;2031;9267;7776;613;339;274;878;384;494;1722
6656;Totaal over alle leeftijden;Mannen en vrouwen;Ferwerderadiel;2032;9264;7737;608;339;269;919;416;503;1722
6657;Totaal over alle leeftijden;Mannen en vrouwen;Ferwerderadiel;2033;9288;7719;622;357;265;947;438;509;1722
6658;Totaal over alle leeftijden;Mannen en vrouwen;Ferwerderadiel;2034;9270;7655;639;363;276;976;453;523;1722
6659;Totaal over alle leeftijden;Mannen en vrouwen;Ferwerderadiel;2035;9309;7653;661;378;283;995;466;529;1722
6660;Totaal over alle leeftijden;Mannen en vrouwen;Ferwerderadiel;2036;9278;7594;684;394;290;1000;460;540;1722
6661;Totaal over alle leeftijden;Mannen en vrouwen;Ferwerderadiel;2037;9267;7532;696;406;290;1039;475;564;1722
6662;Totaal over alle leeftijden;Mannen en vrouwen;Ferwerderadiel;2038;9280;7516;702;407;295;1062;484;578;1722
6663;Totaal over alle leeftijden;Mannen en vrouwen;Ferwerderadiel;2039;9272;7471;703;409;294;1098;501;597;1722
6664;Totaal over alle leeftijden;Mannen en vrouwen;Ferwerderadiel;2040;9283;7442;708;419;289;1133;498;635;1722
6665;Totaal over alle leeftijden;Mannen en vrouwen;Franekeradeel;2010;20730;18899;1104;384;720;727;416;311;70
6666;Totaal over alle leeftijden;Mannen en vrouwen;Franekeradeel;2011;20762;18837;1149;396;753;776;449;327;70
6667;Totaal over alle leeftijden;Mannen en vrouwen;Franekeradeel;2012;20851;18845;1185;406;779;821;461;360;70
6668;Totaal over alle leeftijden;Mannen en vrouwen;Franekeradeel;2013;20770;18701;1195;407;788;874;484;390;70
6669;Totaal over alle leeftijden;Mannen en vrouwen;Franekeradeel;2014;20834;18657;1233;412;821;944;522;422;70
6670;Totaal over alle leeftijden;Mannen en vrouwen;Franekeradeel;2015;20873;18590;1274;423;851;1009;559;450;70
6671;Totaal over alle leeftijden;Mannen en vrouwen;Franekeradeel;2016;20879;18512;1290;414;876;1077;594;483;70
6672;Totaal over alle leeftijden;Mannen en vrouwen;Franekeradeel;2017;20883;18410;1312;423;889;1161;632;529;70
6673;Totaal over alle leeftijden;Mannen en vrouwen;Franekeradeel;2018;20861;18265;1363;448;915;1233;675;558;70
6674;Totaal over alle leeftijden;Mannen en vrouwen;Franekeradeel;2019;20898;18211;1389;441;948;1298;711;587;70
6675;Totaal over alle leeftijden;Mannen en vrouwen;Franekeradeel;2020;20919;18153;1424;446;978;1342;740;602;70
6676;Totaal over alle leeftijden;Mannen en vrouwen;Franekeradeel;2021;20905;18073;1443;450;993;1389;769;620;70
6677;Totaal over alle leeftijden;Mannen en vrouwen;Franekeradeel;2022;20946;18012;1484;457;1027;1450;791;659;70
6678;Totaal over alle leeftijden;Mannen en vrouwen;Franekeradeel;2023;20938;17911;1515;467;1048;1512;840;672;70
6679;Totaal over alle leeftijden;Mannen en vrouwen;Franekeradeel;2024;20965;17818;1546;480;1066;1601;879;722;70
6680;Totaal over alle leeftijden;Mannen en vrouwen;Franekeradeel;2025;21026;17828;1544;466;1078;1654;910;744;70
6681;Totaal over alle leeftijden;Mannen en vrouwen;Franekeradeel;2026;21097;17811;1572;473;1099;1714;935;779;70
6682;Totaal over alle leeftijden;Mannen en vrouwen;Franekeradeel;2027;21113;17737;1579;464;1115;1797;964;833;70
6683;Totaal over alle leeftijden;Mannen en vrouwen;Franekeradeel;2028;21138;17700;1602;457;1145;1836;979;857;70
6684;Totaal over alle leeftijden;Mannen en vrouwen;Franekeradeel;2029;21190;17641;1612;455;1157;1937;1032;905;70
6685;Totaal over alle leeftijden;Mannen en vrouwen;Franekeradeel;2030;21234;17621;1637;446;1191;1976;1053;923;70
6686;Totaal over alle leeftijden;Mannen en vrouwen;Franekeradeel;2031;21300;17596;1641;439;1202;2063;1073;990;70
6687;Totaal over alle leeftijden;Mannen en vrouwen;Franekeradeel;2032;21374;17564;1671;433;1238;2139;1110;1029;70
6688;Totaal over alle leeftijden;Mannen en vrouwen;Franekeradeel;2033;21387;17499;1685;429;1256;2203;1139;1064;70
6689;Totaal over alle leeftijden;Mannen en vrouwen;Franekeradeel;2034;21431;17460;1714;432;1282;2257;1163;1094;70
6690;Totaal over alle leeftijden;Mannen en vrouwen;Franekeradeel;2035;21416;17339;1745;436;1309;2332;1191;1141;70
6691;Totaal over alle leeftijden;Mannen en vrouwen;Franekeradeel;2036;21431;17274;1787;456;1331;2370;1215;1155;70
6692;Totaal over alle leeftijden;Mannen en vrouwen;Franekeradeel;2037;21439;17166;1824;466;1358;2449;1260;1189;70
6693;Totaal over alle leeftijden;Mannen en vrouwen;Franekeradeel;2038;21416;17063;1825;460;1365;2528;1300;1228;70
6694;Totaal over alle leeftijden;Mannen en vrouwen;Franekeradeel;2039;21473;17043;1845;462;1383;2585;1333;1252;70
6695;Totaal over alle leeftijden;Mannen en vrouwen;Franekeradeel;2040;21533;16991;1915;481;1434;2627;1343;1284;70
6696;Totaal over alle leeftijden;Mannen en vrouwen;Gaasterlân-Sleat;2010;10208;9624;413;132;281;171;102;69;653
6697;Totaal over alle leeftijden;Mannen en vrouwen;Gaasterlân-Sleat;2011;10209;9578;432;141;291;199;116;83;653
6698;Totaal over alle leeftijden;Mannen en vrouwen;Gaasterlân-Sleat;2012;10223;9534;452;150;302;237;136;101;653
6699;Totaal over alle leeftijden;Mannen en vrouwen;Gaasterlân-Sleat;2013;10200;9455;475;155;320;270;157;113;653
6700;Totaal over alle leeftijden;Mannen en vrouwen;Gaasterlân-Sleat;2014;10212;9400;494;163;331;318;190;128;653
6701;Totaal over alle leeftijden;Mannen en vrouwen;Gaasterlân-Sleat;2015;10211;9357;517;176;341;337;200;137;653
6702;Totaal over alle leeftijden;Mannen en vrouwen;Gaasterlân-Sleat;2016;10220;9324;528;174;354;368;210;158;653
6703;Totaal over alle leeftijden;Mannen en vrouwen;Gaasterlân-Sleat;2017;10254;9317;540;176;364;397;221;176;653
6704;Totaal over alle leeftijden;Mannen en vrouwen;Gaasterlân-Sleat;2018;10276;9282;556;187;369;438;243;195;653
6705;Totaal over alle leeftijden;Mannen en vrouwen;Gaasterlân-Sleat;2019;10282;9240;578;196;382;464;258;206;653
6706;Totaal over alle leeftijden;Mannen en vrouwen;Gaasterlân-Sleat;2020;10302;9191;607;205;402;504;281;223;653
6707;Totaal over alle leeftijden;Mannen en vrouwen;Gaasterlân-Sleat;2021;10241;9066;632;219;413;543;295;248;653
6708;Totaal over alle leeftijden;Mannen en vrouwen;Gaasterlân-Sleat;2022;10250;9031;648;219;429;571;307;264;653
6709;Totaal over alle leeftijden;Mannen en vrouwen;Gaasterlân-Sleat;2023;10263;8979;673;230;443;611;328;283;653
6710;Totaal over alle leeftijden;Mannen en vrouwen;Gaasterlân-Sleat;2024;10282;8953;685;237;448;644;349;295;653
6711;Totaal over alle leeftijden;Mannen en vrouwen;Gaasterlân-Sleat;2025;10300;8931;693;232;461;676;365;311;653
6712;Totaal over alle leeftijden;Mannen en vrouwen;Gaasterlân-Sleat;2026;10317;8910;712;248;464;695;372;323;653
6713;Totaal over alle leeftijden;Mannen en vrouwen;Gaasterlân-Sleat;2027;10334;8888;731;254;477;715;383;332;653
6714;Totaal over alle leeftijden;Mannen en vrouwen;Gaasterlân-Sleat;2028;10342;8839;761;264;497;742;398;344;653
6715;Totaal over alle leeftijden;Mannen en vrouwen;Gaasterlân-Sleat;2029;10376;8810;785;269;516;781;411;370;653
6716;Totaal over alle leeftijden;Mannen en vrouwen;Gaasterlân-Sleat;2030;10409;8801;812;283;529;796;408;388;653
6717;Totaal over alle leeftijden;Mannen en vrouwen;Gaasterlân-Sleat;2031;10448;8790;828;289;539;830;420;410;653
6718;Totaal over alle leeftijden;Mannen en vrouwen;Gaasterlân-Sleat;2032;10462;8749;856;301;555;857;440;417;653
6719;Totaal over alle leeftijden;Mannen en vrouwen;Gaasterlân-Sleat;2033;10492;8737;874;309;565;881;450;431;653
6720;Totaal over alle leeftijden;Mannen en vrouwen;Gaasterlân-Sleat;2034;10502;8691;886;307;579;925;478;447;653
6721;Totaal over alle leeftijden;Mannen en vrouwen;Gaasterlân-Sleat;2035;10521;8640;910;316;594;971;503;468;653
6722;Totaal over alle leeftijden;Mannen en vrouwen;Gaasterlân-Sleat;2036;10527;8592;909;311;598;1026;523;503;653
6723;Totaal over alle leeftijden;Mannen en vrouwen;Gaasterlân-Sleat;2037;10534;8534;936;320;616;1064;536;528;653
6724;Totaal over alle leeftijden;Mannen en vrouwen;Gaasterlân-Sleat;2038;10557;8521;950;331;619;1086;536;550;653
6725;Totaal over alle leeftijden;Mannen en vrouwen;Gaasterlân-Sleat;2039;10578;8482;967;343;624;1129;553;576;653
6726;Totaal over alle leeftijden;Mannen en vrouwen;Gaasterlân-Sleat;2040;10605;8483;976;353;623;1146;567;579;653
6727;Totaal over alle leeftijden;Mannen en vrouwen;Geertruidenberg;2010;20752;18865;1169;399;770;718;402;316;779
6728;Totaal over alle leeftijden;Mannen en vrouwen;Geertruidenberg;2011;20740;18786;1167;401;766;787;425;362;779
6729;Totaal over alle leeftijden;Mannen en vrouwen;Geertruidenberg;2012;20751;18725;1141;382;759;885;467;418;779
6730;Totaal over alle leeftijden;Mannen en vrouwen;Geertruidenberg;2013;20720;18610;1159;389;770;951;496;455;779
6731;Totaal over alle leeftijden;Mannen en vrouwen;Geertruidenberg;2014;20713;18512;1154;383;771;1047;543;504;779
6732;Totaal over alle leeftijden;Mannen en vrouwen;Geertruidenberg;2015;20731;18453;1161;389;772;1117;578;539;779
6733;Totaal over alle leeftijden;Mannen en vrouwen;Geertruidenberg;2016;20756;18419;1152;366;786;1185;614;571;779
6734;Totaal over alle leeftijden;Mannen en vrouwen;Geertruidenberg;2017;20761;18355;1142;359;783;1264;650;614;779
6735;Totaal over alle leeftijden;Mannen en vrouwen;Geertruidenberg;2018;20764;18263;1149;356;793;1352;677;675;779
6736;Totaal over alle leeftijden;Mannen en vrouwen;Geertruidenberg;2019;20799;18223;1143;347;796;1433;707;726;779
6737;Totaal over alle leeftijden;Mannen en vrouwen;Geertruidenberg;2020;20755;18133;1157;342;815;1465;707;758;779
6738;Totaal over alle leeftijden;Mannen en vrouwen;Geertruidenberg;2021;20691;17986;1166;350;816;1539;745;794;779
6739;Totaal over alle leeftijden;Mannen en vrouwen;Geertruidenberg;2022;20760;17980;1152;341;811;1628;776;852;779
6740;Totaal over alle leeftijden;Mannen en vrouwen;Geertruidenberg;2023;20761;17919;1150;348;802;1692;796;896;779
6741;Totaal over alle leeftijden;Mannen en vrouwen;Geertruidenberg;2024;20696;17790;1147;339;808;1759;819;940;779
6742;Totaal over alle leeftijden;Mannen en vrouwen;Geertruidenberg;2025;20670;17675;1150;340;810;1845;862;983;779
6743;Totaal over alle leeftijden;Mannen en vrouwen;Geertruidenberg;2026;20740;17632;1166;357;809;1942;905;1037;779
6744;Totaal over alle leeftijden;Mannen en vrouwen;Geertruidenberg;2027;20709;17534;1171;351;820;2004;921;1083;779
6745;Totaal over alle leeftijden;Mannen en vrouwen;Geertruidenberg;2028;20708;17470;1180;344;836;2058;953;1105;779
6746;Totaal over alle leeftijden;Mannen en vrouwen;Geertruidenberg;2029;20700;17426;1175;348;827;2099;975;1124;779
6747;Totaal over alle leeftijden;Mannen en vrouwen;Geertruidenberg;2030;20708;17347;1171;342;829;2190;1015;1175;779
6748;Totaal over alle leeftijden;Mannen en vrouwen;Geertruidenberg;2031;20678;17248;1156;339;817;2274;1047;1227;779
6749;Totaal over alle leeftijden;Mannen en vrouwen;Geertruidenberg;2032;20700;17199;1173;358;815;2328;1068;1260;779
6750;Totaal over alle leeftijden;Mannen en vrouwen;Geertruidenberg;2033;20742;17133;1184;368;816;2425;1102;1323;779
6751;Totaal over alle leeftijden;Mannen en vrouwen;Geertruidenberg;2034;20703;17011;1194;362;832;2498;1132;1366;779
6752;Totaal over alle leeftijden;Mannen en vrouwen;Geertruidenberg;2035;20657;16857;1212;354;858;2588;1170;1418;779
6753;Totaal over alle leeftijden;Mannen en vrouwen;Geertruidenberg;2036;20642;16744;1230;353;877;2668;1199;1469;779
6754;Totaal over alle leeftijden;Mannen en vrouwen;Geertruidenberg;2037;20617;16694;1233;350;883;2690;1212;1478;779
6755;Totaal over alle leeftijden;Mannen en vrouwen;Geertruidenberg;2038;20589;16612;1212;347;865;2765;1252;1513;779
6756;Totaal over alle leeftijden;Mannen en vrouwen;Geertruidenberg;2039;20516;16495;1205;332;873;2816;1286;1530;779
6757;Totaal over alle leeftijden;Mannen en vrouwen;Geertruidenberg;2040;20457;16388;1193;333;860;2876;1317;1559;779
6758;Totaal over alle leeftijden;Mannen en vrouwen;Geldermalsen;2010;26155;23991;1184;412;772;980;540;440;236
6759;Totaal over alle leeftijden;Mannen en vrouwen;Geldermalsen;2011;26106;23830;1212;424;788;1064;569;495;236
6760;Totaal over alle leeftijden;Mannen en vrouwen;Geldermalsen;2012;26071;23672;1265;449;816;1134;593;541;236
6761;Totaal over alle leeftijden;Mannen en vrouwen;Geldermalsen;2013;26136;23623;1281;464;817;1232;619;613;236
6762;Totaal over alle leeftijden;Mannen en vrouwen;Geldermalsen;2014;26065;23426;1306;473;833;1333;671;662;236
6763;Totaal over alle leeftijden;Mannen en vrouwen;Geldermalsen;2015;26037;23262;1343;492;851;1432;704;728;236
6764;Totaal over alle leeftijden;Mannen en vrouwen;Geldermalsen;2016;26080;23166;1384;507;877;1530;729;801;236
6765;Totaal over alle leeftijden;Mannen en vrouwen;Geldermalsen;2017;26032;23025;1394;514;880;1613;771;842;236
6766;Totaal over alle leeftijden;Mannen en vrouwen;Geldermalsen;2018;26016;22911;1390;505;885;1715;821;894;236
6767;Totaal over alle leeftijden;Mannen en vrouwen;Geldermalsen;2019;26042;22795;1421;509;912;1826;873;953;236
6768;Totaal over alle leeftijden;Mannen en vrouwen;Geldermalsen;2020;25994;22654;1416;477;939;1924;926;998;236
6769;Totaal over alle leeftijden;Mannen en vrouwen;Geldermalsen;2021;25973;22521;1440;493;947;2012;956;1056;236
6770;Totaal over alle leeftijden;Mannen en vrouwen;Geldermalsen;2022;25974;22408;1483;524;959;2083;981;1102;236
6771;Totaal over alle leeftijden;Mannen en vrouwen;Geldermalsen;2023;25966;22267;1504;551;953;2195;1032;1163;236
6772;Totaal over alle leeftijden;Mannen en vrouwen;Geldermalsen;2024;25924;22147;1495;540;955;2282;1066;1216;236
6773;Totaal over alle leeftijden;Mannen en vrouwen;Geldermalsen;2025;25907;22017;1533;557;976;2357;1094;1263;236
6774;Totaal over alle leeftijden;Mannen en vrouwen;Geldermalsen;2026;25856;21863;1559;559;1000;2434;1135;1299;236
6775;Totaal over alle leeftijden;Mannen en vrouwen;Geldermalsen;2027;25852;21761;1561;545;1016;2530;1176;1354;236
6776;Totaal over alle leeftijden;Mannen en vrouwen;Geldermalsen;2028;25846;21659;1551;563;988;2636;1205;1431;236
6777;Totaal over alle leeftijden;Mannen en vrouwen;Geldermalsen;2029;25831;21534;1563;571;992;2734;1232;1502;236
6778;Totaal over alle leeftijden;Mannen en vrouwen;Geldermalsen;2030;25854;21451;1583;589;994;2820;1272;1548;236
6779;Totaal over alle leeftijden;Mannen en vrouwen;Geldermalsen;2031;25846;21368;1583;592;991;2895;1295;1600;236
6780;Totaal over alle leeftijden;Mannen en vrouwen;Geldermalsen;2032;25844;21266;1596;608;988;2982;1325;1657;236
6781;Totaal over alle leeftijden;Mannen en vrouwen;Geldermalsen;2033;25921;21244;1609;613;996;3068;1354;1714;236
6782;Totaal over alle leeftijden;Mannen en vrouwen;Geldermalsen;2034;25937;21193;1635;640;995;3109;1368;1741;236
6783;Totaal over alle leeftijden;Mannen en vrouwen;Geldermalsen;2035;25919;21086;1645;653;992;3188;1403;1785;236
6784;Totaal over alle leeftijden;Mannen en vrouwen;Geldermalsen;2036;25942;21031;1658;665;993;3253;1421;1832;236
6785;Totaal over alle leeftijden;Mannen en vrouwen;Geldermalsen;2037;25919;20928;1676;663;1013;3315;1440;1875;236
6786;Totaal over alle leeftijden;Mannen en vrouwen;Geldermalsen;2038;25931;20832;1698;667;1031;3401;1462;1939;236
6787;Totaal over alle leeftijden;Mannen en vrouwen;Geldermalsen;2039;25907;20700;1706;676;1030;3501;1496;2005;236
6788;Totaal over alle leeftijden;Mannen en vrouwen;Geldermalsen;2040;25866;20608;1705;668;1037;3553;1510;2043;236
6789;Totaal over alle leeftijden;Mannen en vrouwen;Geldrop-Mierlo;2010;38439;32782;3284;1214;2070;2373;1304;1069;1771
6790;Totaal over alle leeftijden;Mannen en vrouwen;Geldrop-Mierlo;2011;38449;32705;3255;1209;2046;2489;1361;1128;1771
6791;Totaal over alle leeftijden;Mannen en vrouwen;Geldrop-Mierlo;2012;38658;32791;3238;1205;2033;2629;1397;1232;1771
6792;Totaal over alle leeftijden;Mannen en vrouwen;Geldrop-Mierlo;2013;38795;32781;3248;1226;2022;2766;1409;1357;1771
6793;Totaal over alle leeftijden;Mannen en vrouwen;Geldrop-Mierlo;2014;38844;32731;3249;1244;2005;2864;1462;1402;1771
6794;Totaal over alle leeftijden;Mannen en vrouwen;Geldrop-Mierlo;2015;38943;32717;3239;1246;1993;2987;1509;1478;1771
6795;Totaal over alle leeftijden;Mannen en vrouwen;Geldrop-Mierlo;2016;39055;32697;3222;1236;1986;3136;1538;1598;1771
6796;Totaal over alle leeftijden;Mannen en vrouwen;Geldrop-Mierlo;2017;39145;32664;3213;1249;1964;3268;1583;1685;1771
6797;Totaal over alle leeftijden;Mannen en vrouwen;Geldrop-Mierlo;2018;39206;32632;3191;1253;1938;3383;1617;1766;1771
6798;Totaal over alle leeftijden;Mannen en vrouwen;Geldrop-Mierlo;2019;39177;32499;3171;1274;1897;3507;1675;1832;1771
6799;Totaal over alle leeftijden;Mannen en vrouwen;Geldrop-Mierlo;2020;39324;32553;3167;1281;1886;3604;1716;1888;1771
6800;Totaal over alle leeftijden;Mannen en vrouwen;Geldrop-Mierlo;2021;39322;32434;3163;1302;1861;3725;1751;1974;1771
6801;Totaal over alle leeftijden;Mannen en vrouwen;Geldrop-Mierlo;2022;39361;32368;3200;1321;1879;3793;1760;2033;1771
6802;Totaal over alle leeftijden;Mannen en vrouwen;Geldrop-Mierlo;2023;39398;32327;3201;1330;1871;3870;1804;2066;1771
6803;Totaal over alle leeftijden;Mannen en vrouwen;Geldrop-Mierlo;2024;39437;32287;3206;1335;1871;3944;1843;2101;1771
6804;Totaal over alle leeftijden;Mannen en vrouwen;Geldrop-Mierlo;2025;39321;32099;3182;1327;1855;4040;1898;2142;1771
6805;Totaal over alle leeftijden;Mannen en vrouwen;Geldrop-Mierlo;2026;39354;32010;3215;1347;1868;4129;1944;2185;1771
6806;Totaal over alle leeftijden;Mannen en vrouwen;Geldrop-Mierlo;2027;39345;31891;3213;1346;1867;4241;1972;2269;1771
6807;Totaal over alle leeftijden;Mannen en vrouwen;Geldrop-Mierlo;2028;39284;31725;3232;1356;1876;4327;1978;2349;1771
6808;Totaal over alle leeftijden;Mannen en vrouwen;Geldrop-Mierlo;2029;39226;31585;3188;1317;1871;4453;2019;2434;1771
6809;Totaal over alle leeftijden;Mannen en vrouwen;Geldrop-Mierlo;2030;39121;31396;3165;1309;1856;4560;2061;2499;1771
6810;Totaal over alle leeftijden;Mannen en vrouwen;Geldrop-Mierlo;2031;39044;31176;3124;1294;1830;4744;2134;2610;1771
6811;Totaal over alle leeftijden;Mannen en vrouwen;Geldrop-Mierlo;2032;39062;31045;3172;1322;1850;4845;2162;2683;1771
6812;Totaal over alle leeftijden;Mannen en vrouwen;Geldrop-Mierlo;2033;39020;30938;3167;1361;1806;4915;2203;2712;1771
6813;Totaal over alle leeftijden;Mannen en vrouwen;Geldrop-Mierlo;2034;38914;30789;3146;1358;1788;4979;2217;2762;1771
6814;Totaal over alle leeftijden;Mannen en vrouwen;Geldrop-Mierlo;2035;38906;30666;3148;1353;1795;5092;2217;2875;1771
6815;Totaal over alle leeftijden;Mannen en vrouwen;Geldrop-Mierlo;2036;38835;30546;3152;1354;1798;5137;2217;2920;1771
6816;Totaal over alle leeftijden;Mannen en vrouwen;Geldrop-Mierlo;2037;38718;30365;3133;1360;1773;5220;2234;2986;1771
6817;Totaal over alle leeftijden;Mannen en vrouwen;Geldrop-Mierlo;2038;38613;30197;3107;1338;1769;5309;2252;3057;1771
6818;Totaal over alle leeftijden;Mannen en vrouwen;Geldrop-Mierlo;2039;38514;30024;3077;1341;1736;5413;2286;3127;1771
6819;Totaal over alle leeftijden;Mannen en vrouwen;Geldrop-Mierlo;2040;38476;29805;3105;1332;1773;5566;2334;3232;1771
6820;Totaal over alle leeftijden;Mannen en vrouwen;Gemert-Bakel;2010;28568;26212;1596;680;916;760;446;314;1652
6821;Totaal over alle leeftijden;Mannen en vrouwen;Gemert-Bakel;2011;28600;26157;1606;680;926;837;489;348;1652
6822;Totaal over alle leeftijden;Mannen en vrouwen;Gemert-Bakel;2012;28643;26084;1624;692;932;935;529;406;1652
6823;Totaal over alle leeftijden;Mannen en vrouwen;Gemert-Bakel;2013;28698;26041;1642;709;933;1015;564;451;1652
6824;Totaal over alle leeftijden;Mannen en vrouwen;Gemert-Bakel;2014;28763;25975;1659;735;924;1129;616;513;1652
6825;Totaal over alle leeftijden;Mannen en vrouwen;Gemert-Bakel;2015;28783;25934;1638;710;928;1211;656;555;1652
6826;Totaal over alle leeftijden;Mannen en vrouwen;Gemert-Bakel;2016;28826;25897;1637;704;933;1292;699;593;1652
6827;Totaal over alle leeftijden;Mannen en vrouwen;Gemert-Bakel;2017;28777;25773;1630;700;930;1374;730;644;1652
6828;Totaal over alle leeftijden;Mannen en vrouwen;Gemert-Bakel;2018;28859;25800;1611;692;919;1448;768;680;1652
6829;Totaal over alle leeftijden;Mannen en vrouwen;Gemert-Bakel;2019;28933;25801;1628;691;937;1504;786;718;1652
6830;Totaal over alle leeftijden;Mannen en vrouwen;Gemert-Bakel;2020;29014;25804;1633;689;944;1577;799;778;1652
6831;Totaal over alle leeftijden;Mannen en vrouwen;Gemert-Bakel;2021;29027;25751;1625;683;942;1651;841;810;1652
6832;Totaal over alle leeftijden;Mannen en vrouwen;Gemert-Bakel;2022;29134;25773;1622;693;929;1739;876;863;1652
6833;Totaal over alle leeftijden;Mannen en vrouwen;Gemert-Bakel;2023;29198;25705;1644;704;940;1849;935;914;1652
6834;Totaal over alle leeftijden;Mannen en vrouwen;Gemert-Bakel;2024;29251;25672;1652;712;940;1927;963;964;1652
6835;Totaal over alle leeftijden;Mannen en vrouwen;Gemert-Bakel;2025;29358;25677;1650;728;922;2031;1024;1007;1652
6836;Totaal over alle leeftijden;Mannen en vrouwen;Gemert-Bakel;2026;29386;25617;1639;725;914;2130;1070;1060;1652
6837;Totaal over alle leeftijden;Mannen en vrouwen;Gemert-Bakel;2027;29399;25556;1643;724;919;2200;1108;1092;1652
6838;Totaal over alle leeftijden;Mannen en vrouwen;Gemert-Bakel;2028;29415;25508;1648;726;922;2259;1127;1132;1652
6839;Totaal over alle leeftijden;Mannen en vrouwen;Gemert-Bakel;2029;29444;25482;1635;724;911;2327;1167;1160;1652
6840;Totaal over alle leeftijden;Mannen en vrouwen;Gemert-Bakel;2030;29477;25434;1633;717;916;2410;1190;1220;1652
6841;Totaal over alle leeftijden;Mannen en vrouwen;Gemert-Bakel;2031;29516;25386;1666;738;928;2464;1205;1259;1652
6842;Totaal over alle leeftijden;Mannen en vrouwen;Gemert-Bakel;2032;29510;25337;1663;736;927;2510;1223;1287;1652
6843;Totaal over alle leeftijden;Mannen en vrouwen;Gemert-Bakel;2033;29528;25282;1664;734;930;2582;1235;1347;1652
6844;Totaal over alle leeftijden;Mannen en vrouwen;Gemert-Bakel;2034;29498;25183;1658;737;921;2657;1268;1389;1652
6845;Totaal over alle leeftijden;Mannen en vrouwen;Gemert-Bakel;2035;29505;25133;1673;753;920;2699;1272;1427;1652
6846;Totaal over alle leeftijden;Mannen en vrouwen;Gemert-Bakel;2036;29484;25028;1674;738;936;2782;1286;1496;1652
6847;Totaal over alle leeftijden;Mannen en vrouwen;Gemert-Bakel;2037;29474;24935;1686;737;949;2853;1314;1539;1652
6848;Totaal over alle leeftijden;Mannen en vrouwen;Gemert-Bakel;2038;29501;24869;1688;737;951;2944;1348;1596;1652
6849;Totaal over alle leeftijden;Mannen en vrouwen;Gemert-Bakel;2039;29468;24750;1692;735;957;3026;1370;1656;1652
6850;Totaal over alle leeftijden;Mannen en vrouwen;Gemert-Bakel;2040;29365;24570;1714;748;966;3081;1393;1688;1652
6851;Totaal over alle leeftijden;Mannen en vrouwen;Gennep;2010;16846;14352;1736;506;1230;758;430;328;907
6852;Totaal over alle leeftijden;Mannen en vrouwen;Gennep;2011;16793;14259;1734;516;1218;800;459;341;907
6853;Totaal over alle leeftijden;Mannen en vrouwen;Gennep;2012;16779;14228;1723;514;1209;828;471;357;907
6854;Totaal over alle leeftijden;Mannen en vrouwen;Gennep;2013;16764;14146;1722;522;1200;896;513;383;907
6855;Totaal over alle leeftijden;Mannen en vrouwen;Gennep;2014;16730;14050;1735;523;1212;945;539;406;907
6856;Totaal over alle leeftijden;Mannen en vrouwen;Gennep;2015;16706;14004;1717;520;1197;985;552;433;907
6857;Totaal over alle leeftijden;Mannen en vrouwen;Gennep;2016;16852;14086;1729;527;1202;1037;579;458;907
6858;Totaal over alle leeftijden;Mannen en vrouwen;Gennep;2017;16882;14055;1728;547;1181;1099;607;492;907
6859;Totaal over alle leeftijden;Mannen en vrouwen;Gennep;2018;16971;14091;1710;536;1174;1170;634;536;907
6860;Totaal over alle leeftijden;Mannen en vrouwen;Gennep;2019;17083;14138;1710;540;1170;1235;648;587;907
6861;Totaal over alle leeftijden;Mannen en vrouwen;Gennep;2020;17219;14205;1709;546;1163;1305;668;637;907
6862;Totaal over alle leeftijden;Mannen en vrouwen;Gennep;2021;17250;14167;1719;561;1158;1364;697;667;907
6863;Totaal over alle leeftijden;Mannen en vrouwen;Gennep;2022;17273;14157;1697;551;1146;1419;725;694;907
6864;Totaal over alle leeftijden;Mannen en vrouwen;Gennep;2023;17376;14205;1684;557;1127;1487;750;737;907
6865;Totaal over alle leeftijden;Mannen en vrouwen;Gennep;2024;17514;14278;1684;553;1131;1552;781;771;907
6866;Totaal over alle leeftijden;Mannen en vrouwen;Gennep;2025;17610;14290;1702;576;1126;1618;818;800;907
6867;Totaal over alle leeftijden;Mannen en vrouwen;Gennep;2026;17743;14360;1691;565;1126;1692;840;852;907
6868;Totaal over alle leeftijden;Mannen en vrouwen;Gennep;2027;17784;14374;1683;574;1109;1727;866;861;907
6869;Totaal over alle leeftijden;Mannen en vrouwen;Gennep;2028;17830;14394;1657;566;1091;1779;884;895;907
6870;Totaal over alle leeftijden;Mannen en vrouwen;Gennep;2029;17930;14440;1657;568;1089;1833;920;913;907
6871;Totaal over alle leeftijden;Mannen en vrouwen;Gennep;2030;17976;14460;1640;563;1077;1876;930;946;907
6872;Totaal over alle leeftijden;Mannen en vrouwen;Gennep;2031;18038;14467;1653;572;1081;1918;958;960;907
6873;Totaal over alle leeftijden;Mannen en vrouwen;Gennep;2032;18121;14507;1645;582;1063;1969;973;996;907
6874;Totaal over alle leeftijden;Mannen en vrouwen;Gennep;2033;18189;14508;1647;588;1059;2034;989;1045;907
6875;Totaal over alle leeftijden;Mannen en vrouwen;Gennep;2034;18213;14494;1639;591;1048;2080;1022;1058;907
6876;Totaal over alle leeftijden;Mannen en vrouwen;Gennep;2035;18273;14487;1658;606;1052;2128;1028;1100;907
6877;Totaal over alle leeftijden;Mannen en vrouwen;Gennep;2036;18314;14492;1665;620;1045;2157;1043;1114;907
6878;Totaal over alle leeftijden;Mannen en vrouwen;Gennep;2037;18339;14469;1667;634;1033;2203;1049;1154;907
6879;Totaal over alle leeftijden;Mannen en vrouwen;Gennep;2038;18378;14452;1671;632;1039;2255;1050;1205;907
6880;Totaal over alle leeftijden;Mannen en vrouwen;Gennep;2039;18403;14426;1672;626;1046;2305;1065;1240;907
6881;Totaal over alle leeftijden;Mannen en vrouwen;Gennep;2040;18438;14457;1644;614;1030;2337;1082;1255;907
6882;Totaal over alle leeftijden;Mannen en vrouwen;Giessenlanden;2010;14234;13307;626;232;394;301;159;142;689
6883;Totaal over alle leeftijden;Mannen en vrouwen;Giessenlanden;2011;14198;13216;634;224;410;348;192;156;689
6884;Totaal over alle leeftijden;Mannen en vrouwen;Giessenlanden;2012;14154;13086;655;224;431;413;228;185;689
6885;Totaal over alle leeftijden;Mannen en vrouwen;Giessenlanden;2013;14133;12991;694;248;446;448;241;207;689
6886;Totaal over alle leeftijden;Mannen en vrouwen;Giessenlanden;2014;14076;12878;713;260;453;485;261;224;689
6887;Totaal over alle leeftijden;Mannen en vrouwen;Giessenlanden;2015;14144;12841;757;287;470;546;288;258;689
6888;Totaal over alle leeftijden;Mannen en vrouwen;Giessenlanden;2016;14113;12733;780;291;489;600;308;292;689
6889;Totaal over alle leeftijden;Mannen en vrouwen;Giessenlanden;2017;14167;12706;813;307;506;648;324;324;689
6890;Totaal over alle leeftijden;Mannen en vrouwen;Giessenlanden;2018;14159;12638;831;312;519;690;350;340;689
6891;Totaal over alle leeftijden;Mannen en vrouwen;Giessenlanden;2019;14198;12599;857;320;537;742;367;375;689
6892;Totaal over alle leeftijden;Mannen en vrouwen;Giessenlanden;2020;14221;12533;892;337;555;796;385;411;689
6893;Totaal over alle leeftijden;Mannen en vrouwen;Giessenlanden;2021;14229;12471;921;348;573;837;404;433;689
6894;Totaal over alle leeftijden;Mannen en vrouwen;Giessenlanden;2022;14166;12349;955;359;596;862;415;447;689
6895;Totaal over alle leeftijden;Mannen en vrouwen;Giessenlanden;2023;14134;12235;991;377;614;908;433;475;689
6896;Totaal over alle leeftijden;Mannen en vrouwen;Giessenlanden;2024;14117;12132;1032;394;638;953;449;504;689
6897;Totaal over alle leeftijden;Mannen en vrouwen;Giessenlanden;2025;14147;12072;1075;399;676;1000;468;532;689
6898;Totaal over alle leeftijden;Mannen en vrouwen;Giessenlanden;2026;14148;11983;1099;412;687;1066;497;569;689
6899;Totaal over alle leeftijden;Mannen en vrouwen;Giessenlanden;2027;14181;11945;1131;431;700;1105;509;596;689
6900;Totaal over alle leeftijden;Mannen en vrouwen;Giessenlanden;2028;14154;11838;1150;438;712;1166;537;629;689
6901;Totaal over alle leeftijden;Mannen en vrouwen;Giessenlanden;2029;14115;11767;1170;446;724;1178;546;632;689
6902;Totaal over alle leeftijden;Mannen en vrouwen;Giessenlanden;2030;14160;11731;1209;465;744;1220;556;664;689
6903;Totaal over alle leeftijden;Mannen en vrouwen;Giessenlanden;2031;14206;11713;1225;481;744;1268;575;693;689
6904;Totaal over alle leeftijden;Mannen en vrouwen;Giessenlanden;2032;14148;11570;1249;486;763;1329;604;725;689
6905;Totaal over alle leeftijden;Mannen en vrouwen;Giessenlanden;2033;14169;11510;1278;507;771;1381;619;762;689
6906;Totaal over alle leeftijden;Mannen en vrouwen;Giessenlanden;2034;14168;11434;1303;509;794;1431;641;790;689
6907;Totaal over alle leeftijden;Mannen en vrouwen;Giessenlanden;2035;14155;11341;1330;514;816;1484;673;811;689
6908;Totaal over alle leeftijden;Mannen en vrouwen;Giessenlanden;2036;14159;11269;1371;533;838;1519;693;826;689
6909;Totaal over alle leeftijden;Mannen en vrouwen;Giessenlanden;2037;14124;11147;1395;544;851;1582;723;859;689
6910;Totaal over alle leeftijden;Mannen en vrouwen;Giessenlanden;2038;14087;11050;1434;571;863;1603;740;863;689
6911;Totaal over alle leeftijden;Mannen en vrouwen;Giessenlanden;2039;14059;10953;1444;583;861;1662;754;908;689
6912;Totaal over alle leeftijden;Mannen en vrouwen;Giessenlanden;2040;14044;10870;1462;596;866;1712;774;938;689
6913;Totaal over alle leeftijden;Mannen en vrouwen;Gilze en Rijen;2010;25952;21665;1898;701;1197;2389;1601;788;784
6914;Totaal over alle leeftijden;Mannen en vrouwen;Gilze en Rijen;2011;26092;21468;1925;718;1207;2699;1878;821;784
6915;Totaal over alle leeftijden;Mannen en vrouwen;Gilze en Rijen;2012;26187;21380;1932;727;1205;2875;2024;851;784
6916;Totaal over alle leeftijden;Mannen en vrouwen;Gilze en Rijen;2013;26091;21234;1928;728;1200;2929;2052;877;784
6917;Totaal over alle leeftijden;Mannen en vrouwen;Gilze en Rijen;2014;26143;21195;1948;723;1225;3000;2098;902;784
6918;Totaal over alle leeftijden;Mannen en vrouwen;Gilze en Rijen;2015;26147;21129;1952;718;1234;3066;2143;923;784
6919;Totaal over alle leeftijden;Mannen en vrouwen;Gilze en Rijen;2016;26209;21105;1954;709;1245;3150;2174;976;784
6920;Totaal over alle leeftijden;Mannen en vrouwen;Gilze en Rijen;2017;26371;21172;1968;698;1270;3231;2215;1016;784
6921;Totaal over alle leeftijden;Mannen en vrouwen;Gilze en Rijen;2018;26412;21109;1998;726;1272;3305;2247;1058;784
6922;Totaal over alle leeftijden;Mannen en vrouwen;Gilze en Rijen;2019;26581;21183;2007;717;1290;3391;2294;1097;784
6923;Totaal over alle leeftijden;Mannen en vrouwen;Gilze en Rijen;2020;26612;21148;1987;710;1277;3477;2335;1142;784
6924;Totaal over alle leeftijden;Mannen en vrouwen;Gilze en Rijen;2021;26694;21111;2039;722;1317;3544;2365;1179;784
6925;Totaal over alle leeftijden;Mannen en vrouwen;Gilze en Rijen;2022;26805;21128;2046;730;1316;3631;2423;1208;784
6926;Totaal over alle leeftijden;Mannen en vrouwen;Gilze en Rijen;2023;26916;21112;2089;747;1342;3715;2456;1259;784
6927;Totaal over alle leeftijden;Mannen en vrouwen;Gilze en Rijen;2024;26983;21071;2107;764;1343;3805;2494;1311;784
6928;Totaal over alle leeftijden;Mannen en vrouwen;Gilze en Rijen;2025;27052;21032;2124;784;1340;3896;2535;1361;784
6929;Totaal over alle leeftijden;Mannen en vrouwen;Gilze en Rijen;2026;27139;21039;2135;761;1374;3965;2554;1411;784
6930;Totaal over alle leeftijden;Mannen en vrouwen;Gilze en Rijen;2027;27158;20959;2141;759;1382;4058;2590;1468;784
6931;Totaal over alle leeftijden;Mannen en vrouwen;Gilze en Rijen;2028;27257;20949;2174;774;1400;4134;2626;1508;784
6932;Totaal over alle leeftijden;Mannen en vrouwen;Gilze en Rijen;2029;27297;20873;2202;779;1423;4222;2666;1556;784
6933;Totaal over alle leeftijden;Mannen en vrouwen;Gilze en Rijen;2030;27310;20799;2213;773;1440;4298;2687;1611;784
6934;Totaal over alle leeftijden;Mannen en vrouwen;Gilze en Rijen;2031;27344;20759;2205;747;1458;4380;2734;1646;784
6935;Totaal over alle leeftijden;Mannen en vrouwen;Gilze en Rijen;2032;27430;20742;2205;749;1456;4483;2772;1711;784
6936;Totaal over alle leeftijden;Mannen en vrouwen;Gilze en Rijen;2033;27445;20654;2220;753;1467;4571;2808;1763;784
6937;Totaal over alle leeftijden;Mannen en vrouwen;Gilze en Rijen;2034;27449;20550;2226;749;1477;4673;2843;1830;784
6938;Totaal over alle leeftijden;Mannen en vrouwen;Gilze en Rijen;2035;27474;20494;2204;744;1460;4776;2883;1893;784
6939;Totaal over alle leeftijden;Mannen en vrouwen;Gilze en Rijen;2036;27494;20439;2185;733;1452;4870;2934;1936;784
6940;Totaal over alle leeftijden;Mannen en vrouwen;Gilze en Rijen;2037;27496;20358;2191;726;1465;4947;2970;1977;784
6941;Totaal over alle leeftijden;Mannen en vrouwen;Gilze en Rijen;2038;27468;20239;2201;727;1474;5028;3008;2020;784
6942;Totaal over alle leeftijden;Mannen en vrouwen;Gilze en Rijen;2039;27423;20086;2245;739;1506;5092;3045;2047;784
6943;Totaal over alle leeftijden;Mannen en vrouwen;Gilze en Rijen;2040;27407;19974;2279;757;1522;5154;3066;2088;784
6944;Totaal over alle leeftijden;Mannen en vrouwen;Goedereede;2010;11498;10902;370;139;231;226;122;104;511
6945;Totaal over alle leeftijden;Mannen en vrouwen;Goedereede;2011;11468;10795;409;153;256;264;140;124;511
6946;Totaal over alle leeftijden;Mannen en vrouwen;Goedereede;2012;11468;10716;437;165;272;315;164;151;511
6947;Totaal over alle leeftijden;Mannen en vrouwen;Goedereede;2013;11502;10645;488;190;298;369;184;185;511
6948;Totaal over alle leeftijden;Mannen en vrouwen;Goedereede;2014;11466;10526;523;208;315;417;209;208;511
6949;Totaal over alle leeftijden;Mannen en vrouwen;Goedereede;2015;11501;10471;565;222;343;465;227;238;511
6950;Totaal over alle leeftijden;Mannen en vrouwen;Goedereede;2016;11542;10433;610;240;370;499;236;263;511
6951;Totaal over alle leeftijden;Mannen en vrouwen;Goedereede;2017;11625;10436;627;243;384;562;264;298;511
6952;Totaal over alle leeftijden;Mannen en vrouwen;Goedereede;2018;11637;10378;658;252;406;601;283;318;511
6953;Totaal over alle leeftijden;Mannen en vrouwen;Goedereede;2019;11774;10388;707;278;429;679;305;374;511
6954;Totaal over alle leeftijden;Mannen en vrouwen;Goedereede;2020;11762;10292;750;293;457;720;320;400;511
6955;Totaal over alle leeftijden;Mannen en vrouwen;Goedereede;2021;11816;10245;788;308;480;783;347;436;511
6956;Totaal over alle leeftijden;Mannen en vrouwen;Goedereede;2022;11841;10174;820;318;502;847;370;477;511
6957;Totaal over alle leeftijden;Mannen en vrouwen;Goedereede;2023;11960;10189;849;323;526;922;395;527;511
6958;Totaal over alle leeftijden;Mannen en vrouwen;Goedereede;2024;11968;10111;888;347;541;969;401;568;511
6959;Totaal over alle leeftijden;Mannen en vrouwen;Goedereede;2025;11986;10065;910;355;555;1011;409;602;511
6960;Totaal over alle leeftijden;Mannen en vrouwen;Goedereede;2026;11964;9960;938;365;573;1066;433;633;511
6961;Totaal over alle leeftijden;Mannen en vrouwen;Goedereede;2027;11996;9932;980;381;599;1084;437;647;511
6962;Totaal over alle leeftijden;Mannen en vrouwen;Goedereede;2028;12084;9939;1005;402;603;1140;453;687;511
6963;Totaal over alle leeftijden;Mannen en vrouwen;Goedereede;2029;12192;9937;1042;424;618;1213;478;735;511
6964;Totaal over alle leeftijden;Mannen en vrouwen;Goedereede;2030;12266;9924;1081;437;644;1261;496;765;511
6965;Totaal over alle leeftijden;Mannen en vrouwen;Goedereede;2031;12279;9870;1104;447;657;1305;523;782;511
6966;Totaal over alle leeftijden;Mannen en vrouwen;Goedereede;2032;12252;9774;1126;451;675;1352;540;812;511
6967;Totaal over alle leeftijden;Mannen en vrouwen;Goedereede;2033;12173;9654;1144;455;689;1375;557;818;511
6968;Totaal over alle leeftijden;Mannen en vrouwen;Goedereede;2034;12138;9562;1165;460;705;1411;575;836;511
6969;Totaal over alle leeftijden;Mannen en vrouwen;Goedereede;2035;12083;9446;1191;476;715;1446;590;856;511
6970;Totaal over alle leeftijden;Mannen en vrouwen;Goedereede;2036;12050;9370;1205;484;721;1475;611;864;511
6971;Totaal over alle leeftijden;Mannen en vrouwen;Goedereede;2037;11988;9269;1215;488;727;1504;618;886;511
6972;Totaal over alle leeftijden;Mannen en vrouwen;Goedereede;2038;11937;9171;1221;491;730;1545;635;910;511
6973;Totaal over alle leeftijden;Mannen en vrouwen;Goedereede;2039;11839;9030;1239;499;740;1570;652;918;511
6974;Totaal over alle leeftijden;Mannen en vrouwen;Goedereede;2040;11754;8893;1261;507;754;1600;659;941;511
6975;Totaal over alle leeftijden;Mannen en vrouwen;Goes;2010;36477;31678;2406;1057;1349;2393;1307;1086;664
6976;Totaal over alle leeftijden;Mannen en vrouwen;Goes;2011;36299;31525;2297;1038;1259;2477;1321;1156;664
6977;Totaal over alle leeftijden;Mannen en vrouwen;Goes;2012;36195;31437;2225;1029;1196;2533;1330;1203;664
6978;Totaal over alle leeftijden;Mannen en vrouwen;Goes;2013;36062;31323;2132;1001;1131;2607;1360;1247;664
6979;Totaal over alle leeftijden;Mannen en vrouwen;Goes;2014;35845;31154;2056;984;1072;2635;1347;1288;664
6980;Totaal over alle leeftijden;Mannen en vrouwen;Goes;2015;35639;30937;2029;971;1058;2673;1358;1315;664
6981;Totaal over alle leeftijden;Mannen en vrouwen;Goes;2016;35488;30721;2014;963;1051;2753;1395;1358;664
6982;Totaal over alle leeftijden;Mannen en vrouwen;Goes;2017;35336;30510;1974;955;1019;2852;1430;1422;664
6983;Totaal over alle leeftijden;Mannen en vrouwen;Goes;2018;35176;30319;1952;943;1009;2905;1437;1468;664
6984;Totaal over alle leeftijden;Mannen en vrouwen;Goes;2019;35053;30112;1957;942;1015;2984;1489;1495;664
6985;Totaal over alle leeftijden;Mannen en vrouwen;Goes;2020;34899;29922;1928;925;1003;3049;1500;1549;664
6986;Totaal over alle leeftijden;Mannen en vrouwen;Goes;2021;34763;29761;1903;919;984;3099;1521;1578;664
6987;Totaal over alle leeftijden;Mannen en vrouwen;Goes;2022;34568;29527;1891;939;952;3150;1533;1617;664
6988;Totaal over alle leeftijden;Mannen en vrouwen;Goes;2023;34391;29345;1845;917;928;3201;1565;1636;664
6989;Totaal over alle leeftijden;Mannen en vrouwen;Goes;2024;34243;29154;1835;927;908;3254;1598;1656;664
6990;Totaal over alle leeftijden;Mannen en vrouwen;Goes;2025;34125;28974;1816;919;897;3335;1642;1693;664
6991;Totaal over alle leeftijden;Mannen en vrouwen;Goes;2026;33934;28760;1805;913;892;3369;1632;1737;664
6992;Totaal over alle leeftijden;Mannen en vrouwen;Goes;2027;33714;28474;1803;901;902;3437;1664;1773;664
6993;Totaal over alle leeftijden;Mannen en vrouwen;Goes;2028;33486;28229;1793;886;907;3464;1680;1784;664
6994;Totaal over alle leeftijden;Mannen en vrouwen;Goes;2029;33309;28003;1797;882;915;3509;1691;1818;664
6995;Totaal over alle leeftijden;Mannen en vrouwen;Goes;2030;33125;27777;1803;880;923;3545;1698;1847;664
6996;Totaal over alle leeftijden;Mannen en vrouwen;Goes;2031;32855;27500;1771;862;909;3584;1730;1854;664
6997;Totaal over alle leeftijden;Mannen en vrouwen;Goes;2032;32603;27223;1758;855;903;3622;1758;1864;664
6998;Totaal over alle leeftijden;Mannen en vrouwen;Goes;2033;32382;26970;1729;835;894;3683;1783;1900;664
6999;Totaal over alle leeftijden;Mannen en vrouwen;Goes;2034;32226;26778;1712;819;893;3736;1805;1931;664
7000;Totaal over alle leeftijden;Mannen en vrouwen;Goes;2035;31956;26495;1669;783;886;3792;1815;1977;664
7001;Totaal over alle leeftijden;Mannen en vrouwen;Goes;2036;31740;26259;1639;774;865;3842;1820;2022;664
7002;Totaal over alle leeftijden;Mannen en vrouwen;Goes;2037;31542;26016;1640;764;876;3886;1853;2033;664
7003;Totaal over alle leeftijden;Mannen en vrouwen;Goes;2038;31326;25769;1644;767;877;3913;1833;2080;664
7004;Totaal over alle leeftijden;Mannen en vrouwen;Goes;2039;31096;25494;1632;757;875;3970;1850;2120;664
7005;Totaal over alle leeftijden;Mannen en vrouwen;Goes;2040;30868;25237;1609;736;873;4022;1876;2146;664
7006;Totaal over alle leeftijden;Mannen en vrouwen;Goirle;2010;22374;19924;1588;514;1074;862;452;410;785
7007;Totaal over alle leeftijden;Mannen en vrouwen;Goirle;2011;22335;19791;1609;539;1070;935;486;449;785
7008;Totaal over alle leeftijden;Mannen en vrouwen;Goirle;2012;22317;19674;1619;555;1064;1024;528;496;785
7009;Totaal over alle leeftijden;Mannen en vrouwen;Goirle;2013;22289;19529;1626;577;1049;1134;565;569;785
7010;Totaal over alle leeftijden;Mannen en vrouwen;Goirle;2014;22236;19377;1640;588;1052;1219;604;615;785
7011;Totaal over alle leeftijden;Mannen en vrouwen;Goirle;2015;22238;19302;1645;596;1049;1291;644;647;785
7012;Totaal over alle leeftijden;Mannen en vrouwen;Goirle;2016;22213;19186;1663;622;1041;1364;675;689;785
7013;Totaal over alle leeftijden;Mannen en vrouwen;Goirle;2017;22263;19162;1672;644;1028;1429;690;739;785
7014;Totaal over alle leeftijden;Mannen en vrouwen;Goirle;2018;22390;19139;1717;679;1038;1534;733;801;785
7015;Totaal over alle leeftijden;Mannen en vrouwen;Goirle;2019;22532;19177;1749;700;1049;1606;748;858;785
7016;Totaal over alle leeftijden;Mannen en vrouwen;Goirle;2020;22663;19144;1810;739;1071;1709;788;921;785
7017;Totaal over alle leeftijden;Mannen en vrouwen;Goirle;2021;22818;19201;1845;764;1081;1772;812;960;785
7018;Totaal over alle leeftijden;Mannen en vrouwen;Goirle;2022;23005;19242;1858;774;1084;1905;856;1049;785
7019;Totaal over alle leeftijden;Mannen en vrouwen;Goirle;2023;23086;19220;1883;793;1090;1983;873;1110;785
7020;Totaal over alle leeftijden;Mannen en vrouwen;Goirle;2024;23144;19158;1933;834;1099;2053;895;1158;785
7021;Totaal over alle leeftijden;Mannen en vrouwen;Goirle;2025;23258;19188;1936;836;1100;2134;936;1198;785
7022;Totaal over alle leeftijden;Mannen en vrouwen;Goirle;2026;23393;19235;1969;864;1105;2189;949;1240;785
7023;Totaal over alle leeftijden;Mannen en vrouwen;Goirle;2027;23473;19227;1993;885;1108;2253;967;1286;785
7024;Totaal over alle leeftijden;Mannen en vrouwen;Goirle;2028;23569;19226;1997;882;1115;2346;999;1347;785
7025;Totaal over alle leeftijden;Mannen en vrouwen;Goirle;2029;23595;19177;1998;889;1109;2420;1025;1395;785
7026;Totaal over alle leeftijden;Mannen en vrouwen;Goirle;2030;23635;19140;2029;912;1117;2466;1045;1421;785
7027;Totaal over alle leeftijden;Mannen en vrouwen;Goirle;2031;23656;19105;2036;930;1106;2515;1063;1452;785
7028;Totaal over alle leeftijden;Mannen en vrouwen;Goirle;2032;23687;19096;2049;944;1105;2542;1089;1453;785
7029;Totaal over alle leeftijden;Mannen en vrouwen;Goirle;2033;23684;19030;2075;974;1101;2579;1105;1474;785
7030;Totaal over alle leeftijden;Mannen en vrouwen;Goirle;2034;23673;18951;2108;997;1111;2614;1107;1507;785
7031;Totaal over alle leeftijden;Mannen en vrouwen;Goirle;2035;23653;18878;2127;1017;1110;2648;1109;1539;785
7032;Totaal over alle leeftijden;Mannen en vrouwen;Goirle;2036;23620;18743;2160;1035;1125;2717;1142;1575;785
7033;Totaal over alle leeftijden;Mannen en vrouwen;Goirle;2037;23566;18621;2170;1057;1113;2775;1170;1605;785
7034;Totaal over alle leeftijden;Mannen en vrouwen;Goirle;2038;23520;18532;2192;1073;1119;2796;1162;1634;785
7035;Totaal over alle leeftijden;Mannen en vrouwen;Goirle;2039;23487;18433;2220;1090;1130;2834;1170;1664;785
7036;Totaal over alle leeftijden;Mannen en vrouwen;Goirle;2040;23373;18281;2232;1112;1120;2860;1168;1692;785
7037;Totaal over alle leeftijden;Mannen en vrouwen;Gorinchem;2010;34688;26525;3303;1475;1828;4860;2593;2267;512
7038;Totaal over alle leeftijden;Mannen en vrouwen;Gorinchem;2011;34814;26601;3351;1493;1858;4862;2565;2297;512
7039;Totaal over alle leeftijden;Mannen en vrouwen;Gorinchem;2012;34842;26545;3382;1510;1872;4915;2589;2326;512
7040;Totaal over alle leeftijden;Mannen en vrouwen;Gorinchem;2013;34960;26605;3431;1534;1897;4924;2586;2338;512
7041;Totaal over alle leeftijden;Mannen en vrouwen;Gorinchem;2014;35109;26697;3458;1548;1910;4954;2614;2340;512
7042;Totaal over alle leeftijden;Mannen en vrouwen;Gorinchem;2015;35242;26774;3443;1533;1910;5025;2647;2378;512
7043;Totaal over alle leeftijden;Mannen en vrouwen;Gorinchem;2016;35360;26794;3476;1541;1935;5090;2680;2410;512
7044;Totaal over alle leeftijden;Mannen en vrouwen;Gorinchem;2017;35566;26909;3519;1548;1971;5138;2697;2441;512
7045;Totaal over alle leeftijden;Mannen en vrouwen;Gorinchem;2018;35626;26883;3522;1547;1975;5221;2737;2484;512
7046;Totaal over alle leeftijden;Mannen en vrouwen;Gorinchem;2019;35763;26917;3586;1571;2015;5260;2761;2499;512
7047;Totaal over alle leeftijden;Mannen en vrouwen;Gorinchem;2020;35793;26859;3594;1564;2030;5340;2801;2539;512
7048;Totaal over alle leeftijden;Mannen en vrouwen;Gorinchem;2021;35840;26851;3590;1546;2044;5399;2804;2595;512
7049;Totaal over alle leeftijden;Mannen en vrouwen;Gorinchem;2022;35800;26777;3577;1530;2047;5446;2836;2610;512
7050;Totaal over alle leeftijden;Mannen en vrouwen;Gorinchem;2023;35780;26660;3614;1563;2051;5506;2856;2650;512
7051;Totaal over alle leeftijden;Mannen en vrouwen;Gorinchem;2024;35907;26723;3663;1587;2076;5521;2833;2688;512
7052;Totaal over alle leeftijden;Mannen en vrouwen;Gorinchem;2025;35942;26708;3663;1575;2088;5571;2858;2713;512
7053;Totaal over alle leeftijden;Mannen en vrouwen;Gorinchem;2026;35998;26671;3696;1586;2110;5631;2880;2751;512
7054;Totaal over alle leeftijden;Mannen en vrouwen;Gorinchem;2027;35962;26623;3683;1579;2104;5656;2881;2775;512
7055;Totaal over alle leeftijden;Mannen en vrouwen;Gorinchem;2028;36027;26645;3682;1572;2110;5700;2871;2829;512
7056;Totaal over alle leeftijden;Mannen en vrouwen;Gorinchem;2029;35974;26530;3698;1592;2106;5746;2867;2879;512
7057;Totaal over alle leeftijden;Mannen en vrouwen;Gorinchem;2030;35982;26470;3722;1609;2113;5790;2878;2912;512
7058;Totaal over alle leeftijden;Mannen en vrouwen;Gorinchem;2031;35998;26444;3749;1615;2134;5805;2870;2935;512
7059;Totaal over alle leeftijden;Mannen en vrouwen;Gorinchem;2032;35988;26383;3765;1633;2132;5840;2881;2959;512
7060;Totaal over alle leeftijden;Mannen en vrouwen;Gorinchem;2033;35957;26311;3797;1630;2167;5849;2859;2990;512
7061;Totaal over alle leeftijden;Mannen en vrouwen;Gorinchem;2034;35878;26194;3831;1642;2189;5853;2855;2998;512
7062;Totaal over alle leeftijden;Mannen en vrouwen;Gorinchem;2035;35793;26088;3832;1646;2186;5873;2850;3023;512
7063;Totaal over alle leeftijden;Mannen en vrouwen;Gorinchem;2036;35675;25942;3829;1625;2204;5904;2855;3049;512
7064;Totaal over alle leeftijden;Mannen en vrouwen;Gorinchem;2037;35689;25911;3828;1636;2192;5950;2871;3079;512
7065;Totaal over alle leeftijden;Mannen en vrouwen;Gorinchem;2038;35626;25780;3834;1622;2212;6012;2883;3129;512
7066;Totaal over alle leeftijden;Mannen en vrouwen;Gorinchem;2039;35499;25601;3837;1618;2219;6061;2868;3193;512
7067;Totaal over alle leeftijden;Mannen en vrouwen;Gorinchem;2040;35358;25449;3834;1619;2215;6075;2873;3202;512
7068;Totaal over alle leeftijden;Mannen en vrouwen;Gouda;2010;71377;55308;5629;2415;3214;10440;5461;4979;513
7069;Totaal over alle leeftijden;Mannen en vrouwen;Gouda;2011;71857;55455;5796;2526;3270;10606;5546;5060;513
7070;Totaal over alle leeftijden;Mannen en vrouwen;Gouda;2012;72408;55706;5915;2592;3323;10787;5623;5164;513
7071;Totaal over alle leeftijden;Mannen en vrouwen;Gouda;2013;73057;56030;6060;2664;3396;10967;5731;5236;513
7072;Totaal over alle leeftijden;Mannen en vrouwen;Gouda;2014;73720;56321;6222;2741;3481;11177;5842;5335;513
7073;Totaal over alle leeftijden;Mannen en vrouwen;Gouda;2015;74314;56624;6363;2818;3545;11327;5945;5382;513
7074;Totaal over alle leeftijden;Mannen en vrouwen;Gouda;2016;74954;56884;6557;2917;3640;11513;6017;5496;513
7075;Totaal over alle leeftijden;Mannen en vrouwen;Gouda;2017;75631;57278;6691;3003;3688;11662;6074;5588;513
7076;Totaal over alle leeftijden;Mannen en vrouwen;Gouda;2018;76221;57591;6799;3038;3761;11831;6151;5680;513
7077;Totaal over alle leeftijden;Mannen en vrouwen;Gouda;2019;76840;57852;7005;3156;3849;11983;6206;5777;513
7078;Totaal over alle leeftijden;Mannen en vrouwen;Gouda;2020;77383;58131;7124;3201;3923;12128;6319;5809;513
7079;Totaal over alle leeftijden;Mannen en vrouwen;Gouda;2021;77883;58306;7267;3247;4020;12310;6412;5898;513
7080;Totaal over alle leeftijden;Mannen en vrouwen;Gouda;2022;78338;58582;7381;3307;4074;12375;6453;5922;513
7081;Totaal over alle leeftijden;Mannen en vrouwen;Gouda;2023;78818;58866;7492;3370;4122;12460;6508;5952;513
7082;Totaal over alle leeftijden;Mannen en vrouwen;Gouda;2024;79276;59000;7661;3466;4195;12615;6583;6032;513
7083;Totaal over alle leeftijden;Mannen en vrouwen;Gouda;2025;79736;59159;7813;3549;4264;12764;6673;6091;513
7084;Totaal over alle leeftijden;Mannen en vrouwen;Gouda;2026;80196;59372;7962;3630;4332;12862;6727;6135;513
7085;Totaal over alle leeftijden;Mannen en vrouwen;Gouda;2027;80658;59589;8106;3702;4404;12963;6823;6140;513
7086;Totaal over alle leeftijden;Mannen en vrouwen;Gouda;2028;81115;59836;8245;3786;4459;13034;6875;6159;513
7087;Totaal over alle leeftijden;Mannen en vrouwen;Gouda;2029;81413;59854;8395;3854;4541;13164;6978;6186;513
7088;Totaal over alle leeftijden;Mannen en vrouwen;Gouda;2030;81769;59944;8550;3924;4626;13275;7047;6228;513
7089;Totaal over alle leeftijden;Mannen en vrouwen;Gouda;2031;81982;59950;8688;4014;4674;13344;7106;6238;513
7090;Totaal over alle leeftijden;Mannen en vrouwen;Gouda;2032;82173;59894;8812;4098;4714;13467;7134;6333;513
7091;Totaal over alle leeftijden;Mannen en vrouwen;Gouda;2033;82329;59805;8925;4180;4745;13599;7188;6411;513
7092;Totaal over alle leeftijden;Mannen en vrouwen;Gouda;2034;82418;59738;9013;4211;4802;13667;7230;6437;513
7093;Totaal over alle leeftijden;Mannen en vrouwen;Gouda;2035;82370;59507;9118;4276;4842;13745;7266;6479;513
7094;Totaal over alle leeftijden;Mannen en vrouwen;Gouda;2036;82210;59192;9201;4310;4891;13817;7316;6501;513
7095;Totaal over alle leeftijden;Mannen en vrouwen;Gouda;2037;82115;58924;9281;4360;4921;13910;7378;6532;513
7096;Totaal over alle leeftijden;Mannen en vrouwen;Gouda;2038;81995;58683;9364;4405;4959;13948;7403;6545;513
7097;Totaal over alle leeftijden;Mannen en vrouwen;Gouda;2039;81803;58402;9402;4429;4973;13999;7407;6592;513
7098;Totaal over alle leeftijden;Mannen en vrouwen;Gouda;2040;81487;58002;9480;4494;4986;14005;7406;6599;513
7099;Totaal over alle leeftijden;Mannen en vrouwen;Graafstroom;2010;9649;9220;253;77;176;176;96;80;693
7100;Totaal over alle leeftijden;Mannen en vrouwen;Graafstroom;2011;9561;9083;265;80;185;213;113;100;693
7101;Totaal over alle leeftijden;Mannen en vrouwen;Graafstroom;2012;9544;9013;272;84;188;259;124;135;693
7102;Totaal over alle leeftijden;Mannen en vrouwen;Graafstroom;2013;9505;8930;275;83;192;300;138;162;693
7103;Totaal over alle leeftijden;Mannen en vrouwen;Graafstroom;2014;9451;8825;292;90;202;334;144;190;693
7104;Totaal over alle leeftijden;Mannen en vrouwen;Graafstroom;2015;9403;8732;291;82;209;380;163;217;693
7105;Totaal over alle leeftijden;Mannen en vrouwen;Graafstroom;2016;9353;8638;290;79;211;425;173;252;693
7106;Totaal over alle leeftijden;Mannen en vrouwen;Graafstroom;2017;9309;8541;301;85;216;467;184;283;693
7107;Totaal over alle leeftijden;Mannen en vrouwen;Graafstroom;2018;9270;8445;316;88;228;509;198;311;693
7108;Totaal over alle leeftijden;Mannen en vrouwen;Graafstroom;2019;9248;8387;309;86;223;552;207;345;693
7109;Totaal over alle leeftijden;Mannen en vrouwen;Graafstroom;2020;9214;8287;325;91;234;602;230;372;693
7110;Totaal over alle leeftijden;Mannen en vrouwen;Graafstroom;2021;9214;8239;335;93;242;640;233;407;693
7111;Totaal over alle leeftijden;Mannen en vrouwen;Graafstroom;2022;9198;8181;342;97;245;675;242;433;693
7112;Totaal over alle leeftijden;Mannen en vrouwen;Graafstroom;2023;9182;8118;352;94;258;712;252;460;693
7113;Totaal over alle leeftijden;Mannen en vrouwen;Graafstroom;2024;9167;8066;360;99;261;741;259;482;693
7114;Totaal over alle leeftijden;Mannen en vrouwen;Graafstroom;2025;9167;8015;379;103;276;773;274;499;693
7115;Totaal over alle leeftijden;Mannen en vrouwen;Graafstroom;2026;9214;8017;381;102;279;816;280;536;693
7116;Totaal over alle leeftijden;Mannen en vrouwen;Graafstroom;2027;9188;7937;405;116;289;846;287;559;693
7117;Totaal over alle leeftijden;Mannen en vrouwen;Graafstroom;2028;9168;7867;403;115;288;898;299;599;693
7118;Totaal over alle leeftijden;Mannen en vrouwen;Graafstroom;2029;9177;7819;413;110;303;945;308;637;693
7119;Totaal over alle leeftijden;Mannen en vrouwen;Graafstroom;2030;9213;7801;429;105;324;983;326;657;693
7120;Totaal over alle leeftijden;Mannen en vrouwen;Graafstroom;2031;9229;7775;424;99;325;1030;343;687;693
7121;Totaal over alle leeftijden;Mannen en vrouwen;Graafstroom;2032;9212;7717;435;105;330;1060;361;699;693
7122;Totaal over alle leeftijden;Mannen en vrouwen;Graafstroom;2033;9266;7717;449;107;342;1100;373;727;693
7123;Totaal over alle leeftijden;Mannen en vrouwen;Graafstroom;2034;9224;7636;451;106;345;1137;388;749;693
7124;Totaal over alle leeftijden;Mannen en vrouwen;Graafstroom;2035;9206;7593;459;111;348;1154;391;763;693
7125;Totaal over alle leeftijden;Mannen en vrouwen;Graafstroom;2036;9224;7575;466;115;351;1183;394;789;693
7126;Totaal over alle leeftijden;Mannen en vrouwen;Graafstroom;2037;9202;7523;467;115;352;1212;410;802;693
7127;Totaal over alle leeftijden;Mannen en vrouwen;Graafstroom;2038;9181;7470;477;117;360;1234;422;812;693
7128;Totaal over alle leeftijden;Mannen en vrouwen;Graafstroom;2039;9150;7398;487;118;369;1265;437;828;693
7129;Totaal over alle leeftijden;Mannen en vrouwen;Graafstroom;2040;9102;7316;496;113;383;1290;454;836;693
7130;Totaal over alle leeftijden;Mannen en vrouwen;Graft-De Rijp;2010;6545;5988;365;127;238;192;80;112;365
7131;Totaal over alle leeftijden;Mannen en vrouwen;Graft-De Rijp;2011;6504;5916;369;130;239;219;87;132;365
7132;Totaal over alle leeftijden;Mannen en vrouwen;Graft-De Rijp;2012;6462;5843;369;135;234;250;97;153;365
7133;Totaal over alle leeftijden;Mannen en vrouwen;Graft-De Rijp;2013;6469;5800;373;141;232;296;120;176;365
7134;Totaal over alle leeftijden;Mannen en vrouwen;Graft-De Rijp;2014;6473;5755;388;149;239;330;134;196;365
7135;Totaal over alle leeftijden;Mannen en vrouwen;Graft-De Rijp;2015;6486;5717;405;158;247;364;146;218;365
7136;Totaal over alle leeftijden;Mannen en vrouwen;Graft-De Rijp;2016;6479;5678;413;162;251;388;163;225;365
7137;Totaal over alle leeftijden;Mannen en vrouwen;Graft-De Rijp;2017;6473;5634;429;174;255;410;165;245;365
7138;Totaal over alle leeftijden;Mannen en vrouwen;Graft-De Rijp;2018;6468;5585;441;174;267;442;178;264;365
7139;Totaal over alle leeftijden;Mannen en vrouwen;Graft-De Rijp;2019;6449;5520;448;181;267;481;193;288;365
7140;Totaal over alle leeftijden;Mannen en vrouwen;Graft-De Rijp;2020;6441;5475;454;180;274;512;206;306;365
7141;Totaal over alle leeftijden;Mannen en vrouwen;Graft-De Rijp;2021;6459;5449;454;181;273;556;220;336;365
7142;Totaal over alle leeftijden;Mannen en vrouwen;Graft-De Rijp;2022;6447;5404;456;183;273;587;225;362;365
7143;Totaal over alle leeftijden;Mannen en vrouwen;Graft-De Rijp;2023;6474;5375;475;192;283;624;240;384;365
7144;Totaal over alle leeftijden;Mannen en vrouwen;Graft-De Rijp;2024;6475;5325;491;205;286;659;249;410;365
7145;Totaal over alle leeftijden;Mannen en vrouwen;Graft-De Rijp;2025;6466;5281;497;210;287;688;250;438;365
7146;Totaal over alle leeftijden;Mannen en vrouwen;Graft-De Rijp;2026;6500;5275;507;216;291;718;260;458;365
7147;Totaal over alle leeftijden;Mannen en vrouwen;Graft-De Rijp;2027;6481;5220;511;216;295;750;269;481;365
7148;Totaal over alle leeftijden;Mannen en vrouwen;Graft-De Rijp;2028;6496;5195;512;209;303;789;290;499;365
7149;Totaal over alle leeftijden;Mannen en vrouwen;Graft-De Rijp;2029;6502;5161;534;216;318;807;305;502;365
7150;Totaal over alle leeftijden;Mannen en vrouwen;Graft-De Rijp;2030;6528;5140;549;219;330;839;318;521;365
7151;Totaal over alle leeftijden;Mannen en vrouwen;Graft-De Rijp;2031;6591;5141;552;216;336;898;346;552;365
7152;Totaal over alle leeftijden;Mannen en vrouwen;Graft-De Rijp;2032;6623;5143;556;218;338;924;355;569;365
7153;Totaal over alle leeftijden;Mannen en vrouwen;Graft-De Rijp;2033;6638;5104;583;237;346;951;372;579;365
7154;Totaal over alle leeftijden;Mannen en vrouwen;Graft-De Rijp;2034;6664;5085;592;245;347;987;381;606;365
7155;Totaal over alle leeftijden;Mannen en vrouwen;Graft-De Rijp;2035;6661;5062;592;248;344;1007;388;619;365
7156;Totaal over alle leeftijden;Mannen en vrouwen;Graft-De Rijp;2036;6700;5070;602;249;353;1028;399;629;365
7157;Totaal over alle leeftijden;Mannen en vrouwen;Graft-De Rijp;2037;6705;5037;611;264;347;1057;400;657;365
7158;Totaal over alle leeftijden;Mannen en vrouwen;Graft-De Rijp;2038;6712;5015;627;267;360;1070;409;661;365
7159;Totaal over alle leeftijden;Mannen en vrouwen;Graft-De Rijp;2039;6719;4999;631;266;365;1089;416;673;365
7160;Totaal over alle leeftijden;Mannen en vrouwen;Graft-De Rijp;2040;6721;4973;641;283;358;1107;427;680;365
7161;Totaal over alle leeftijden;Mannen en vrouwen;Grave;2010;12624;10890;1120;394;726;614;376;238;786
7162;Totaal over alle leeftijden;Mannen en vrouwen;Grave;2011;12600;10847;1115;390;725;638;364;274;786
7163;Totaal over alle leeftijden;Mannen en vrouwen;Grave;2012;12556;10754;1129;395;734;673;373;300;786
7164;Totaal over alle leeftijden;Mannen en vrouwen;Grave;2013;12620;10782;1131;394;737;707;379;328;786
7165;Totaal over alle leeftijden;Mannen en vrouwen;Grave;2014;12559;10655;1154;402;752;750;392;358;786
7166;Totaal over alle leeftijden;Mannen en vrouwen;Grave;2015;12576;10598;1186;423;763;792;398;394;786
7167;Totaal over alle leeftijden;Mannen en vrouwen;Grave;2016;12586;10562;1181;418;763;843;428;415;786
7168;Totaal over alle leeftijden;Mannen en vrouwen;Grave;2017;12696;10570;1215;428;787;911;453;458;786
7169;Totaal over alle leeftijden;Mannen en vrouwen;Grave;2018;12685;10512;1235;442;793;938;460;478;786
7170;Totaal over alle leeftijden;Mannen en vrouwen;Grave;2019;12725;10497;1245;429;816;983;485;498;786
7171;Totaal over alle leeftijden;Mannen en vrouwen;Grave;2020;12784;10511;1255;447;808;1018;506;512;786
7172;Totaal over alle leeftijden;Mannen en vrouwen;Grave;2021;12769;10440;1280;454;826;1049;518;531;786
7173;Totaal over alle leeftijden;Mannen en vrouwen;Grave;2022;12801;10440;1278;456;822;1083;531;552;786
7174;Totaal over alle leeftijden;Mannen en vrouwen;Grave;2023;12803;10386;1300;468;832;1117;556;561;786
7175;Totaal over alle leeftijden;Mannen en vrouwen;Grave;2024;12790;10319;1303;470;833;1168;584;584;786
7176;Totaal over alle leeftijden;Mannen en vrouwen;Grave;2025;12803;10293;1306;472;834;1204;597;607;786
7177;Totaal over alle leeftijden;Mannen en vrouwen;Grave;2026;12775;10230;1328;492;836;1217;598;619;786
7178;Totaal over alle leeftijden;Mannen en vrouwen;Grave;2027;12725;10137;1337;494;843;1251;617;634;786
7179;Totaal over alle leeftijden;Mannen en vrouwen;Grave;2028;12669;10053;1333;502;831;1283;625;658;786
7180;Totaal over alle leeftijden;Mannen en vrouwen;Grave;2029;12604;9943;1356;515;841;1305;636;669;786
7181;Totaal over alle leeftijden;Mannen en vrouwen;Grave;2030;12564;9860;1359;529;830;1345;665;680;786
7182;Totaal over alle leeftijden;Mannen en vrouwen;Grave;2031;12486;9745;1375;545;830;1366;658;708;786
7183;Totaal over alle leeftijden;Mannen en vrouwen;Grave;2032;12418;9665;1384;551;833;1369;655;714;786
7184;Totaal over alle leeftijden;Mannen en vrouwen;Grave;2033;12340;9585;1397;571;826;1358;635;723;786
7185;Totaal over alle leeftijden;Mannen en vrouwen;Grave;2034;12252;9453;1421;592;829;1378;650;728;786
7186;Totaal over alle leeftijden;Mannen en vrouwen;Grave;2035;12162;9332;1430;598;832;1400;654;746;786
7187;Totaal over alle leeftijden;Mannen en vrouwen;Grave;2036;12038;9220;1415;587;828;1403;638;765;786
7188;Totaal over alle leeftijden;Mannen en vrouwen;Grave;2037;11974;9122;1420;597;823;1432;655;777;786
7189;Totaal over alle leeftijden;Mannen en vrouwen;Grave;2038;11926;9006;1453;619;834;1467;655;812;786
7190;Totaal over alle leeftijden;Mannen en vrouwen;Grave;2039;11843;8914;1453;622;831;1476;657;819;786
7191;Totaal over alle leeftijden;Mannen en vrouwen;Grave;2040;11738;8793;1466;628;838;1479;642;837;786
7192;Totaal over alle leeftijden;Mannen en vrouwen;'s-Gravenhage (gemeente);2010;484366;259235;70088;40038;30050;155043;92227;62816;518
7193;Totaal over alle leeftijden;Mannen en vrouwen;'s-Gravenhage (gemeente);2011;487826;260776;72380;42010;30370;154670;91109;63561;518
7194;Totaal over alle leeftijden;Mannen en vrouwen;'s-Gravenhage (gemeente);2012;490175;261391;74308;43735;30573;154476;90024;64452;518
7195;Totaal over alle leeftijden;Mannen en vrouwen;'s-Gravenhage (gemeente);2013;492030;261869;75739;45248;30491;154422;89294;65128;518
7196;Totaal over alle leeftijden;Mannen en vrouwen;'s-Gravenhage (gemeente);2014;494132;262453;77069;46708;30361;154610;88883;65727;518
7197;Totaal over alle leeftijden;Mannen en vrouwen;'s-Gravenhage (gemeente);2015;495711;262968;77932;48152;29780;154811;88725;66086;518
7198;Totaal over alle leeftijden;Mannen en vrouwen;'s-Gravenhage (gemeente);2016;497858;263766;78879;49605;29274;155213;88665;66548;518
7199;Totaal over alle leeftijden;Mannen en vrouwen;'s-Gravenhage (gemeente);2017;499773;264442;79989;51012;28977;155342;88620;66722;518
7200;Totaal over alle leeftijden;Mannen en vrouwen;'s-Gravenhage (gemeente);2018;501654;265033;81274;52506;28768;155347;88508;66839;518
7201;Totaal over alle leeftijden;Mannen en vrouwen;'s-Gravenhage (gemeente);2019;503296;265295;82568;53968;28600;155433;88492;66941;518
7202;Totaal over alle leeftijden;Mannen en vrouwen;'s-Gravenhage (gemeente);2020;504671;265180;83984;55515;28469;155507;88490;67017;518
7203;Totaal over alle leeftijden;Mannen en vrouwen;'s-Gravenhage (gemeente);2021;505961;265157;85290;56908;28382;155514;88458;67056;518
7204;Totaal over alle leeftijden;Mannen en vrouwen;'s-Gravenhage (gemeente);2022;507586;265349;86652;58323;28329;155585;88371;67214;518
7205;Totaal over alle leeftijden;Mannen en vrouwen;'s-Gravenhage (gemeente);2023;508773;265416;87937;59711;28226;155420;88252;67168;518
7206;Totaal over alle leeftijden;Mannen en vrouwen;'s-Gravenhage (gemeente);2024;510277;265556;89411;61194;28217;155310;88071;67239;518
7207;Totaal over alle leeftijden;Mannen en vrouwen;'s-Gravenhage (gemeente);2025;511575;265798;90728;62538;28190;155049;87855;67194;518
7208;Totaal over alle leeftijden;Mannen en vrouwen;'s-Gravenhage (gemeente);2026;512673;265769;92235;63967;28268;154669;87510;67159;518
7209;Totaal over alle leeftijden;Mannen en vrouwen;'s-Gravenhage (gemeente);2027;513286;265385;93714;65368;28346;154187;87254;66933;518
7210;Totaal over alle leeftijden;Mannen en vrouwen;'s-Gravenhage (gemeente);2028;514126;265197;95200;66758;28442;153729;86939;66790;518
7211;Totaal over alle leeftijden;Mannen en vrouwen;'s-Gravenhage (gemeente);2029;515274;265200;96690;68156;28534;153384;86641;66743;518
7212;Totaal over alle leeftijden;Mannen en vrouwen;'s-Gravenhage (gemeente);2030;516288;265019;98320;69694;28626;152949;86178;66771;518
7213;Totaal over alle leeftijden;Mannen en vrouwen;'s-Gravenhage (gemeente);2031;518168;265295;99987;71173;28814;152886;85965;66921;518
7214;Totaal over alle leeftijden;Mannen en vrouwen;'s-Gravenhage (gemeente);2032;519720;265418;101597;72673;28924;152705;85717;66988;518
7215;Totaal over alle leeftijden;Mannen en vrouwen;'s-Gravenhage (gemeente);2033;521378;265573;103368;74242;29126;152437;85377;67060;518
7216;Totaal over alle leeftijden;Mannen en vrouwen;'s-Gravenhage (gemeente);2034;523177;265670;105057;75707;29350;152450;84983;67467;518
7217;Totaal over alle leeftijden;Mannen en vrouwen;'s-Gravenhage (gemeente);2035;525142;265824;106919;77424;29495;152399;84693;67706;518
7218;Totaal over alle leeftijden;Mannen en vrouwen;'s-Gravenhage (gemeente);2036;526968;266175;108543;78940;29603;152250;84282;67968;518
7219;Totaal over alle leeftijden;Mannen en vrouwen;'s-Gravenhage (gemeente);2037;529115;266416;110415;80592;29823;152284;83861;68423;518
7220;Totaal over alle leeftijden;Mannen en vrouwen;'s-Gravenhage (gemeente);2038;531223;266787;112187;82206;29981;152249;83481;68768;518
7221;Totaal over alle leeftijden;Mannen en vrouwen;'s-Gravenhage (gemeente);2039;533506;266989;114065;83848;30217;152452;83128;69324;518
7222;Totaal over alle leeftijden;Mannen en vrouwen;'s-Gravenhage (gemeente);2040;536148;267554;116035;85554;30481;152559;82669;69890;518
7223;Totaal over alle leeftijden;Mannen en vrouwen;Groesbeek;2010;18717;16238;1952;596;1356;527;324;203;241
7224;Totaal over alle leeftijden;Mannen en vrouwen;Groesbeek;2011;18602;16079;1927;596;1331;596;363;233;241
7225;Totaal over alle leeftijden;Mannen en vrouwen;Groesbeek;2012;18492;15923;1936;622;1314;633;374;259;241
7226;Totaal over alle leeftijden;Mannen en vrouwen;Groesbeek;2013;18383;15761;1927;638;1289;695;406;289;241
7227;Totaal over alle leeftijden;Mannen en vrouwen;Groesbeek;2014;18319;15601;1966;661;1305;752;434;318;241
7228;Totaal over alle leeftijden;Mannen en vrouwen;Groesbeek;2015;18299;15508;1995;691;1304;796;458;338;241
7229;Totaal over alle leeftijden;Mannen en vrouwen;Groesbeek;2016;18192;15324;2010;708;1302;858;501;357;241
7230;Totaal over alle leeftijden;Mannen en vrouwen;Groesbeek;2017;18108;15168;2009;730;1279;931;543;388;241
7231;Totaal over alle leeftijden;Mannen en vrouwen;Groesbeek;2018;18076;15066;2015;748;1267;995;577;418;241
7232;Totaal over alle leeftijden;Mannen en vrouwen;Groesbeek;2019;18042;14961;2021;777;1244;1060;601;459;241
7233;Totaal over alle leeftijden;Mannen en vrouwen;Groesbeek;2020;18032;14889;2015;787;1228;1128;650;478;241
7234;Totaal over alle leeftijden;Mannen en vrouwen;Groesbeek;2021;18082;14877;2033;828;1205;1172;673;499;241
7235;Totaal over alle leeftijden;Mannen en vrouwen;Groesbeek;2022;18144;14868;2059;864;1195;1217;695;522;241
7236;Totaal over alle leeftijden;Mannen en vrouwen;Groesbeek;2023;18249;14877;2104;902;1202;1268;699;569;241
7237;Totaal over alle leeftijden;Mannen en vrouwen;Groesbeek;2024;18262;14811;2127;920;1207;1324;722;602;241
7238;Totaal over alle leeftijden;Mannen en vrouwen;Groesbeek;2025;18282;14761;2143;935;1208;1378;744;634;241
7239;Totaal over alle leeftijden;Mannen en vrouwen;Groesbeek;2026;18410;14760;2188;986;1202;1462;774;688;241
7240;Totaal over alle leeftijden;Mannen en vrouwen;Groesbeek;2027;18411;14713;2188;998;1190;1510;799;711;241
7241;Totaal over alle leeftijden;Mannen en vrouwen;Groesbeek;2028;18483;14712;2216;1023;1193;1555;821;734;241
7242;Totaal over alle leeftijden;Mannen en vrouwen;Groesbeek;2029;18535;14674;2248;1046;1202;1613;842;771;241
7243;Totaal over alle leeftijden;Mannen en vrouwen;Groesbeek;2030;18644;14701;2276;1067;1209;1667;877;790;241
7244;Totaal over alle leeftijden;Mannen en vrouwen;Groesbeek;2031;18685;14675;2308;1104;1204;1702;897;805;241
7245;Totaal over alle leeftijden;Mannen en vrouwen;Groesbeek;2032;18766;14696;2342;1149;1193;1728;914;814;241
7246;Totaal over alle leeftijden;Mannen en vrouwen;Groesbeek;2033;18859;14674;2372;1172;1200;1813;962;851;241
7247;Totaal over alle leeftijden;Mannen en vrouwen;Groesbeek;2034;18913;14637;2375;1189;1186;1901;992;909;241
7248;Totaal over alle leeftijden;Mannen en vrouwen;Groesbeek;2035;19002;14616;2406;1217;1189;1980;1018;962;241
7249;Totaal over alle leeftijden;Mannen en vrouwen;Groesbeek;2036;19053;14620;2434;1238;1196;1999;1031;968;241
7250;Totaal over alle leeftijden;Mannen en vrouwen;Groesbeek;2037;19115;14582;2483;1288;1195;2050;1060;990;241
7251;Totaal over alle leeftijden;Mannen en vrouwen;Groesbeek;2038;19169;14573;2487;1293;1194;2109;1081;1028;241
7252;Totaal over alle leeftijden;Mannen en vrouwen;Groesbeek;2039;19171;14541;2495;1306;1189;2135;1079;1056;241
7253;Totaal over alle leeftijden;Mannen en vrouwen;Groesbeek;2040;19271;14560;2519;1335;1184;2192;1109;1083;241
7254;Totaal over alle leeftijden;Mannen en vrouwen;Groningen (gemeente);2010;187485;151287;17865;8435;9430;18333;10807;7526;14
7255;Totaal over alle leeftijden;Mannen en vrouwen;Groningen (gemeente);2011;190664;153936;17896;8464;9432;18832;10879;7953;14
7256;Totaal over alle leeftijden;Mannen en vrouwen;Groningen (gemeente);2012;193166;155978;17838;8458;9380;19350;10940;8410;14
7257;Totaal over alle leeftijden;Mannen en vrouwen;Groningen (gemeente);2013;195043;157470;17737;8420;9317;19836;11016;8820;14
7258;Totaal over alle leeftijden;Mannen en vrouwen;Groningen (gemeente);2014;196635;158597;17616;8324;9292;20422;11166;9256;14
7259;Totaal over alle leeftijden;Mannen en vrouwen;Groningen (gemeente);2015;198085;159563;17544;8280;9264;20978;11370;9608;14
7260;Totaal over alle leeftijden;Mannen en vrouwen;Groningen (gemeente);2016;199583;160579;17468;8241;9227;21536;11511;10025;14
7261;Totaal over alle leeftijden;Mannen en vrouwen;Groningen (gemeente);2017;200661;161116;17311;8203;9108;22234;11806;10428;14
7262;Totaal over alle leeftijden;Mannen en vrouwen;Groningen (gemeente);2018;201891;161945;17237;8180;9057;22709;11967;10742;14
7263;Totaal over alle leeftijden;Mannen en vrouwen;Groningen (gemeente);2019;203132;162730;17179;8203;8976;23223;12202;11021;14
7264;Totaal over alle leeftijden;Mannen en vrouwen;Groningen (gemeente);2020;204226;163374;17108;8214;8894;23744;12409;11335;14
7265;Totaal over alle leeftijden;Mannen en vrouwen;Groningen (gemeente);2021;205321;164012;17019;8194;8825;24290;12537;11753;14
7266;Totaal over alle leeftijden;Mannen en vrouwen;Groningen (gemeente);2022;206749;164828;17023;8165;8858;24898;12707;12191;14
7267;Totaal over alle leeftijden;Mannen en vrouwen;Groningen (gemeente);2023;207699;165253;17069;8175;8894;25377;12933;12444;14
7268;Totaal over alle leeftijden;Mannen en vrouwen;Groningen (gemeente);2024;208852;165716;17176;8197;8979;25960;13127;12833;14
7269;Totaal over alle leeftijden;Mannen en vrouwen;Groningen (gemeente);2025;209960;166382;17144;8162;8982;26434;13277;13157;14
7270;Totaal over alle leeftijden;Mannen en vrouwen;Groningen (gemeente);2026;211052;166930;17197;8222;8975;26925;13460;13465;14
7271;Totaal over alle leeftijden;Mannen en vrouwen;Groningen (gemeente);2027;212054;167484;17200;8236;8964;27370;13713;13657;14
7272;Totaal over alle leeftijden;Mannen en vrouwen;Groningen (gemeente);2028;212923;167827;17193;8250;8943;27903;13931;13972;14
7273;Totaal over alle leeftijden;Mannen en vrouwen;Groningen (gemeente);2029;214001;168399;17253;8310;8943;28349;14115;14234;14
7274;Totaal over alle leeftijden;Mannen en vrouwen;Groningen (gemeente);2030;214797;168627;17319;8301;9018;28851;14332;14519;14
7275;Totaal over alle leeftijden;Mannen en vrouwen;Groningen (gemeente);2031;215514;168889;17410;8351;9059;29215;14463;14752;14
7276;Totaal over alle leeftijden;Mannen en vrouwen;Groningen (gemeente);2032;216194;169082;17567;8453;9114;29545;14552;14993;14
7277;Totaal over alle leeftijden;Mannen en vrouwen;Groningen (gemeente);2033;216931;169281;17734;8503;9231;29916;14741;15175;14
7278;Totaal over alle leeftijden;Mannen en vrouwen;Groningen (gemeente);2034;217443;169260;17877;8499;9378;30306;14903;15403;14
7279;Totaal over alle leeftijden;Mannen en vrouwen;Groningen (gemeente);2035;217940;169252;17964;8442;9522;30724;15080;15644;14
7280;Totaal over alle leeftijden;Mannen en vrouwen;Groningen (gemeente);2036;218308;169010;18173;8552;9621;31125;15263;15862;14
7281;Totaal over alle leeftijden;Mannen en vrouwen;Groningen (gemeente);2037;218605;168787;18380;8591;9789;31438;15319;16119;14
7282;Totaal over alle leeftijden;Mannen en vrouwen;Groningen (gemeente);2038;218736;168443;18581;8616;9965;31712;15428;16284;14
7283;Totaal over alle leeftijden;Mannen en vrouwen;Groningen (gemeente);2039;219090;168294;18796;8680;10116;32000;15446;16554;14
7284;Totaal over alle leeftijden;Mannen en vrouwen;Groningen (gemeente);2040;219105;167919;18985;8701;10284;32201;15450;16751;14
7285;Totaal over alle leeftijden;Mannen en vrouwen;Grootegast;2010;12229;11720;321;115;206;188;109;79;15
7286;Totaal over alle leeftijden;Mannen en vrouwen;Grootegast;2011;12259;11662;357;136;221;240;135;105;15
7287;Totaal over alle leeftijden;Mannen en vrouwen;Grootegast;2012;12178;11545;362;141;221;271;150;121;15
7288;Totaal over alle leeftijden;Mannen en vrouwen;Grootegast;2013;12156;11480;378;150;228;298;162;136;15
7289;Totaal over alle leeftijden;Mannen en vrouwen;Grootegast;2014;12108;11393;397;162;235;318;166;152;15
7290;Totaal over alle leeftijden;Mannen en vrouwen;Grootegast;2015;12143;11369;409;167;242;365;190;175;15
7291;Totaal over alle leeftijden;Mannen en vrouwen;Grootegast;2016;12103;11281;418;168;250;404;205;199;15
7292;Totaal over alle leeftijden;Mannen en vrouwen;Grootegast;2017;12089;11223;430;172;258;436;224;212;15
7293;Totaal over alle leeftijden;Mannen en vrouwen;Grootegast;2018;12073;11141;459;188;271;473;237;236;15
7294;Totaal over alle leeftijden;Mannen en vrouwen;Grootegast;2019;11991;11014;471;203;268;506;258;248;15
7295;Totaal over alle leeftijden;Mannen en vrouwen;Grootegast;2020;11953;10943;493;214;279;517;264;253;15
7296;Totaal over alle leeftijden;Mannen en vrouwen;Grootegast;2021;11876;10822;490;214;276;564;287;277;15
7297;Totaal over alle leeftijden;Mannen en vrouwen;Grootegast;2022;11907;10810;492;208;284;605;310;295;15
7298;Totaal over alle leeftijden;Mannen en vrouwen;Grootegast;2023;11885;10750;498;206;292;637;322;315;15
7299;Totaal over alle leeftijden;Mannen en vrouwen;Grootegast;2024;11985;10767;513;210;303;705;350;355;15
7300;Totaal over alle leeftijden;Mannen en vrouwen;Grootegast;2025;11955;10686;517;218;299;752;373;379;15
7301;Totaal over alle leeftijden;Mannen en vrouwen;Grootegast;2026;11961;10645;535;224;311;781;375;406;15
7302;Totaal over alle leeftijden;Mannen en vrouwen;Grootegast;2027;11946;10568;545;230;315;833;408;425;15
7303;Totaal over alle leeftijden;Mannen en vrouwen;Grootegast;2028;11964;10559;553;236;317;852;422;430;15
7304;Totaal over alle leeftijden;Mannen en vrouwen;Grootegast;2029;11990;10524;582;253;329;884;439;445;15
7305;Totaal over alle leeftijden;Mannen en vrouwen;Grootegast;2030;11937;10448;579;260;319;910;445;465;15
7306;Totaal over alle leeftijden;Mannen en vrouwen;Grootegast;2031;11997;10459;603;275;328;935;446;489;15
7307;Totaal over alle leeftijden;Mannen en vrouwen;Grootegast;2032;12036;10454;596;276;320;986;462;524;15
7308;Totaal over alle leeftijden;Mannen en vrouwen;Grootegast;2033;12104;10460;628;289;339;1016;457;559;15
7309;Totaal over alle leeftijden;Mannen en vrouwen;Grootegast;2034;12079;10410;633;297;336;1036;461;575;15
7310;Totaal over alle leeftijden;Mannen en vrouwen;Grootegast;2035;12105;10402;637;298;339;1066;466;600;15
7311;Totaal over alle leeftijden;Mannen en vrouwen;Grootegast;2036;12131;10379;661;307;354;1091;467;624;15
7312;Totaal over alle leeftijden;Mannen en vrouwen;Grootegast;2037;12201;10400;684;323;361;1117;474;643;15
7313;Totaal over alle leeftijden;Mannen en vrouwen;Grootegast;2038;12196;10366;683;322;361;1147;481;666;15
7314;Totaal over alle leeftijden;Mannen en vrouwen;Grootegast;2039;12160;10292;697;328;369;1171;490;681;15
7315;Totaal over alle leeftijden;Mannen en vrouwen;Grootegast;2040;12113;10222;695;326;369;1196;500;696;15
7316;Totaal over alle leeftijden;Mannen en vrouwen;Gulpen-Wittem;2010;14565;12593;1671;513;1158;301;193;108;1729
7317;Totaal over alle leeftijden;Mannen en vrouwen;Gulpen-Wittem;2011;14453;12464;1639;505;1134;350;216;134;1729
7318;Totaal over alle leeftijden;Mannen en vrouwen;Gulpen-Wittem;2012;14354;12351;1607;488;1119;396;234;162;1729
7319;Totaal over alle leeftijden;Mannen en vrouwen;Gulpen-Wittem;2013;14327;12296;1585;475;1110;446;254;192;1729
7320;Totaal over alle leeftijden;Mannen en vrouwen;Gulpen-Wittem;2014;14221;12180;1530;436;1094;511;276;235;1729
7321;Totaal over alle leeftijden;Mannen en vrouwen;Gulpen-Wittem;2015;14137;12061;1512;432;1080;564;308;256;1729
7322;Totaal over alle leeftijden;Mannen en vrouwen;Gulpen-Wittem;2016;14050;11941;1489;419;1070;620;326;294;1729
7323;Totaal over alle leeftijden;Mannen en vrouwen;Gulpen-Wittem;2017;13992;11841;1486;414;1072;665;351;314;1729
7324;Totaal over alle leeftijden;Mannen en vrouwen;Gulpen-Wittem;2018;13944;11776;1448;398;1050;720;354;366;1729
7325;Totaal over alle leeftijden;Mannen en vrouwen;Gulpen-Wittem;2019;13888;11670;1448;401;1047;770;375;395;1729
7326;Totaal over alle leeftijden;Mannen en vrouwen;Gulpen-Wittem;2020;13844;11611;1429;400;1029;804;387;417;1729
7327;Totaal over alle leeftijden;Mannen en vrouwen;Gulpen-Wittem;2021;13813;11545;1410;399;1011;858;409;449;1729
7328;Totaal over alle leeftijden;Mannen en vrouwen;Gulpen-Wittem;2022;13746;11477;1375;391;984;894;426;468;1729
7329;Totaal over alle leeftijden;Mannen en vrouwen;Gulpen-Wittem;2023;13707;11390;1352;385;967;965;452;513;1729
7330;Totaal over alle leeftijden;Mannen en vrouwen;Gulpen-Wittem;2024;13647;11274;1343;371;972;1030;475;555;1729
7331;Totaal over alle leeftijden;Mannen en vrouwen;Gulpen-Wittem;2025;13586;11180;1330;362;968;1076;494;582;1729
7332;Totaal over alle leeftijden;Mannen en vrouwen;Gulpen-Wittem;2026;13534;11115;1301;347;954;1118;513;605;1729
7333;Totaal over alle leeftijden;Mannen en vrouwen;Gulpen-Wittem;2027;13503;11049;1298;352;946;1156;527;629;1729
7334;Totaal over alle leeftijden;Mannen en vrouwen;Gulpen-Wittem;2028;13426;10947;1304;359;945;1175;528;647;1729
7335;Totaal over alle leeftijden;Mannen en vrouwen;Gulpen-Wittem;2029;13408;10866;1306;363;943;1236;547;689;1729
7336;Totaal over alle leeftijden;Mannen en vrouwen;Gulpen-Wittem;2030;13381;10786;1313;372;941;1282;561;721;1729
7337;Totaal over alle leeftijden;Mannen en vrouwen;Gulpen-Wittem;2031;13330;10708;1298;362;936;1324;570;754;1729
7338;Totaal over alle leeftijden;Mannen en vrouwen;Gulpen-Wittem;2032;13291;10640;1294;372;922;1357;579;778;1729
7339;Totaal over alle leeftijden;Mannen en vrouwen;Gulpen-Wittem;2033;13239;10556;1292;379;913;1391;593;798;1729
7340;Totaal over alle leeftijden;Mannen en vrouwen;Gulpen-Wittem;2034;13211;10490;1288;382;906;1433;605;828;1729
7341;Totaal over alle leeftijden;Mannen en vrouwen;Gulpen-Wittem;2035;13116;10398;1263;369;894;1455;610;845;1729
7342;Totaal over alle leeftijden;Mannen en vrouwen;Gulpen-Wittem;2036;13061;10300;1274;380;894;1487;627;860;1729
7343;Totaal over alle leeftijden;Mannen en vrouwen;Gulpen-Wittem;2037;12993;10207;1264;370;894;1522;636;886;1729
7344;Totaal over alle leeftijden;Mannen en vrouwen;Gulpen-Wittem;2038;12924;10119;1266;377;889;1539;641;898;1729
7345;Totaal over alle leeftijden;Mannen en vrouwen;Gulpen-Wittem;2039;12862;10041;1265;381;884;1556;649;907;1729
7346;Totaal over alle leeftijden;Mannen en vrouwen;Gulpen-Wittem;2040;12786;9911;1285;395;890;1590;667;923;1729
7347;Totaal over alle leeftijden;Mannen en vrouwen;Haaksbergen;2010;24084;21237;1735;463;1272;1112;601;511;158
7348;Totaal over alle leeftijden;Mannen en vrouwen;Haaksbergen;2011;24074;21187;1730;460;1270;1157;637;520;158
7349;Totaal over alle leeftijden;Mannen en vrouwen;Haaksbergen;2012;24091;21133;1712;451;1261;1246;691;555;158
7350;Totaal over alle leeftijden;Mannen en vrouwen;Haaksbergen;2013;24034;21063;1674;425;1249;1297;720;577;158
7351;Totaal over alle leeftijden;Mannen en vrouwen;Haaksbergen;2014;24103;21072;1678;427;1251;1353;757;596;158
7352;Totaal over alle leeftijden;Mannen en vrouwen;Haaksbergen;2015;24084;20998;1664;410;1254;1422;780;642;158
7353;Totaal over alle leeftijden;Mannen en vrouwen;Haaksbergen;2016;24145;21009;1663;405;1258;1473;805;668;158
7354;Totaal over alle leeftijden;Mannen en vrouwen;Haaksbergen;2017;24130;20944;1665;416;1249;1521;839;682;158
7355;Totaal over alle leeftijden;Mannen en vrouwen;Haaksbergen;2018;24214;20936;1682;423;1259;1596;874;722;158
7356;Totaal over alle leeftijden;Mannen en vrouwen;Haaksbergen;2019;24330;20947;1696;424;1272;1687;914;773;158
7357;Totaal over alle leeftijden;Mannen en vrouwen;Haaksbergen;2020;24380;20905;1707;429;1278;1768;948;820;158
7358;Totaal over alle leeftijden;Mannen en vrouwen;Haaksbergen;2021;24422;20902;1697;407;1290;1823;987;836;158
7359;Totaal over alle leeftijden;Mannen en vrouwen;Haaksbergen;2022;24457;20866;1684;405;1279;1907;1031;876;158
7360;Totaal over alle leeftijden;Mannen en vrouwen;Haaksbergen;2023;24497;20845;1680;401;1279;1972;1078;894;158
7361;Totaal over alle leeftijden;Mannen en vrouwen;Haaksbergen;2024;24568;20843;1690;404;1286;2035;1105;930;158
7362;Totaal over alle leeftijden;Mannen en vrouwen;Haaksbergen;2025;24559;20794;1654;391;1263;2111;1158;953;158
7363;Totaal over alle leeftijden;Mannen en vrouwen;Haaksbergen;2026;24567;20750;1667;399;1268;2150;1172;978;158
7364;Totaal over alle leeftijden;Mannen en vrouwen;Haaksbergen;2027;24637;20725;1672;399;1273;2240;1217;1023;158
7365;Totaal over alle leeftijden;Mannen en vrouwen;Haaksbergen;2028;24689;20723;1667;395;1272;2299;1235;1064;158
7366;Totaal over alle leeftijden;Mannen en vrouwen;Haaksbergen;2029;24723;20694;1662;392;1270;2367;1257;1110;158
7367;Totaal over alle leeftijden;Mannen en vrouwen;Haaksbergen;2030;24792;20714;1643;395;1248;2435;1297;1138;158
7368;Totaal over alle leeftijden;Mannen en vrouwen;Haaksbergen;2031;24830;20677;1654;399;1255;2499;1331;1168;158
7369;Totaal over alle leeftijden;Mannen en vrouwen;Haaksbergen;2032;24892;20689;1662;412;1250;2541;1341;1200;158
7370;Totaal over alle leeftijden;Mannen en vrouwen;Haaksbergen;2033;24959;20701;1626;387;1239;2632;1406;1226;158
7371;Totaal over alle leeftijden;Mannen en vrouwen;Haaksbergen;2034;24976;20679;1618;383;1235;2679;1411;1268;158
7372;Totaal over alle leeftijden;Mannen en vrouwen;Haaksbergen;2035;25015;20658;1613;371;1242;2744;1445;1299;158
7373;Totaal over alle leeftijden;Mannen en vrouwen;Haaksbergen;2036;25043;20657;1601;370;1231;2785;1460;1325;158
7374;Totaal over alle leeftijden;Mannen en vrouwen;Haaksbergen;2037;25078;20652;1593;352;1241;2833;1483;1350;158
7375;Totaal over alle leeftijden;Mannen en vrouwen;Haaksbergen;2038;25101;20617;1607;363;1244;2877;1521;1356;158
7376;Totaal over alle leeftijden;Mannen en vrouwen;Haaksbergen;2039;25106;20556;1634;372;1262;2916;1541;1375;158
7377;Totaal over alle leeftijden;Mannen en vrouwen;Haaksbergen;2040;25127;20470;1657;383;1274;3000;1592;1408;158
7378;Totaal over alle leeftijden;Mannen en vrouwen;Haaren;2010;13562;12701;585;203;382;276;166;110;788
7379;Totaal over alle leeftijden;Mannen en vrouwen;Haaren;2011;13531;12607;604;220;384;320;188;132;788
7380;Totaal over alle leeftijden;Mannen en vrouwen;Haaren;2012;13524;12549;607;216;391;368;207;161;788
7381;Totaal over alle leeftijden;Mannen en vrouwen;Haaren;2013;13470;12455;623;224;399;392;213;179;788
7382;Totaal over alle leeftijden;Mannen en vrouwen;Haaren;2014;13414;12335;626;221;405;453;250;203;788
7383;Totaal over alle leeftijden;Mannen en vrouwen;Haaren;2015;13315;12177;631;218;413;507;273;234;788
7384;Totaal over alle leeftijden;Mannen en vrouwen;Haaren;2016;13294;12094;661;232;429;539;283;256;788
7385;Totaal over alle leeftijden;Mannen en vrouwen;Haaren;2017;13277;12020;657;232;425;600;314;286;788
7386;Totaal over alle leeftijden;Mannen en vrouwen;Haaren;2018;13221;11939;655;234;421;627;324;303;788
7387;Totaal over alle leeftijden;Mannen en vrouwen;Haaren;2019;13170;11803;678;238;440;689;348;341;788
7388;Totaal over alle leeftijden;Mannen en vrouwen;Haaren;2020;13208;11789;675;236;439;744;369;375;788
7389;Totaal over alle leeftijden;Mannen en vrouwen;Haaren;2021;13175;11705;672;220;452;798;397;401;788
7390;Totaal over alle leeftijden;Mannen en vrouwen;Haaren;2022;13171;11645;684;215;469;842;416;426;788
7391;Totaal over alle leeftijden;Mannen en vrouwen;Haaren;2023;13226;11621;714;235;479;891;430;461;788
7392;Totaal over alle leeftijden;Mannen en vrouwen;Haaren;2024;13293;11610;730;237;493;953;456;497;788
7393;Totaal over alle leeftijden;Mannen en vrouwen;Haaren;2025;13358;11625;749;237;512;984;462;522;788
7394;Totaal over alle leeftijden;Mannen en vrouwen;Haaren;2026;13407;11609;746;229;517;1052;499;553;788
7395;Totaal over alle leeftijden;Mannen en vrouwen;Haaren;2027;13426;11587;758;237;521;1081;515;566;788
7396;Totaal over alle leeftijden;Mannen en vrouwen;Haaren;2028;13471;11559;766;242;524;1146;553;593;788
7397;Totaal over alle leeftijden;Mannen en vrouwen;Haaren;2029;13487;11529;778;248;530;1180;569;611;788
7398;Totaal over alle leeftijden;Mannen en vrouwen;Haaren;2030;13528;11529;766;232;534;1233;585;648;788
7399;Totaal over alle leeftijden;Mannen en vrouwen;Haaren;2031;13562;11515;771;234;537;1276;603;673;788
7400;Totaal over alle leeftijden;Mannen en vrouwen;Haaren;2032;13571;11478;781;234;547;1312;616;696;788
7401;Totaal over alle leeftijden;Mannen en vrouwen;Haaren;2033;13574;11432;790;234;556;1352;629;723;788
7402;Totaal over alle leeftijden;Mannen en vrouwen;Haaren;2034;13569;11386;807;246;561;1376;648;728;788
7403;Totaal over alle leeftijden;Mannen en vrouwen;Haaren;2035;13549;11294;830;244;586;1425;667;758;788
7404;Totaal over alle leeftijden;Mannen en vrouwen;Haaren;2036;13545;11243;841;238;603;1461;686;775;788
7405;Totaal over alle leeftijden;Mannen en vrouwen;Haaren;2037;13564;11203;854;233;621;1507;699;808;788
7406;Totaal over alle leeftijden;Mannen en vrouwen;Haaren;2038;13556;11165;852;230;622;1539;702;837;788
7407;Totaal over alle leeftijden;Mannen en vrouwen;Haaren;2039;13498;11070;853;232;621;1575;722;853;788
7408;Totaal over alle leeftijden;Mannen en vrouwen;Haaren;2040;13508;11030;877;237;640;1601;736;865;788
7409;Totaal over alle leeftijden;Mannen en vrouwen;Haarlem;2010;149416;112923;16633;7094;9539;19860;10938;8922;392
7410;Totaal over alle leeftijden;Mannen en vrouwen;Haarlem;2011;149971;113224;16851;7312;9539;19896;10883;9013;392
7411;Totaal over alle leeftijden;Mannen en vrouwen;Haarlem;2012;150618;113657;17040;7483;9557;19921;10842;9079;392
7412;Totaal over alle leeftijden;Mannen en vrouwen;Haarlem;2013;151288;114001;17297;7655;9642;19990;10832;9158;392
7413;Totaal over alle leeftijden;Mannen en vrouwen;Haarlem;2014;151798;114273;17459;7780;9679;20066;10844;9222;392
7414;Totaal over alle leeftijden;Mannen en vrouwen;Haarlem;2015;152031;114301;17589;7889;9700;20141;10899;9242;392
7415;Totaal over alle leeftijden;Mannen en vrouwen;Haarlem;2016;152471;114510;17718;7983;9735;20243;10952;9291;392
7416;Totaal over alle leeftijden;Mannen en vrouwen;Haarlem;2017;152559;114363;17836;8069;9767;20360;10967;9393;392
7417;Totaal over alle leeftijden;Mannen en vrouwen;Haarlem;2018;152703;114318;17960;8140;9820;20425;11056;9369;392
7418;Totaal over alle leeftijden;Mannen en vrouwen;Haarlem;2019;153092;114445;18103;8195;9908;20544;11110;9434;392
7419;Totaal over alle leeftijden;Mannen en vrouwen;Haarlem;2020;153278;114367;18269;8297;9972;20642;11170;9472;392
7420;Totaal over alle leeftijden;Mannen en vrouwen;Haarlem;2021;153139;114020;18429;8378;10051;20690;11189;9501;392
7421;Totaal over alle leeftijden;Mannen en vrouwen;Haarlem;2022;153010;113729;18545;8455;10090;20736;11228;9508;392
7422;Totaal over alle leeftijden;Mannen en vrouwen;Haarlem;2023;152870;113421;18649;8493;10156;20800;11229;9571;392
7423;Totaal over alle leeftijden;Mannen en vrouwen;Haarlem;2024;152834;113233;18763;8567;10196;20838;11215;9623;392
7424;Totaal over alle leeftijden;Mannen en vrouwen;Haarlem;2025;152771;112943;18849;8603;10246;20979;11282;9697;392
7425;Totaal over alle leeftijden;Mannen en vrouwen;Haarlem;2026;152567;112666;18981;8680;10301;20920;11295;9625;392
7426;Totaal over alle leeftijden;Mannen en vrouwen;Haarlem;2027;152400;112379;19049;8747;10302;20972;11315;9657;392
7427;Totaal over alle leeftijden;Mannen en vrouwen;Haarlem;2028;152386;112224;19187;8837;10350;20975;11278;9697;392
7428;Totaal over alle leeftijden;Mannen en vrouwen;Haarlem;2029;152336;111911;19288;8883;10405;21137;11277;9860;392
7429;Totaal over alle leeftijden;Mannen en vrouwen;Haarlem;2030;152350;111702;19426;8931;10495;21222;11233;9989;392
7430;Totaal over alle leeftijden;Mannen en vrouwen;Haarlem;2031;152139;111255;19518;9010;10508;21366;11308;10058;392
7431;Totaal over alle leeftijden;Mannen en vrouwen;Haarlem;2032;152083;111060;19573;9039;10534;21450;11346;10104;392
7432;Totaal over alle leeftijden;Mannen en vrouwen;Haarlem;2033;152148;110816;19769;9131;10638;21563;11409;10154;392
7433;Totaal over alle leeftijden;Mannen en vrouwen;Haarlem;2034;152320;110620;19976;9208;10768;21724;11418;10306;392
7434;Totaal over alle leeftijden;Mannen en vrouwen;Haarlem;2035;152544;110452;20229;9332;10897;21863;11427;10436;392
7435;Totaal over alle leeftijden;Mannen en vrouwen;Haarlem;2036;152707;110359;20396;9421;10975;21952;11410;10542;392
7436;Totaal over alle leeftijden;Mannen en vrouwen;Haarlem;2037;152874;110188;20578;9469;11109;22108;11413;10695;392
7437;Totaal over alle leeftijden;Mannen en vrouwen;Haarlem;2038;153251;110185;20764;9601;11163;22302;11447;10855;392
7438;Totaal over alle leeftijden;Mannen en vrouwen;Haarlem;2039;153545;110138;21005;9738;11267;22402;11426;10976;392
7439;Totaal over alle leeftijden;Mannen en vrouwen;Haarlem;2040;153866;110046;21283;9901;11382;22537;11480;11057;392
7440;Totaal over alle leeftijden;Mannen en vrouwen;Haarlemmerliede en Spaarnwoude;2010;5345;4662;393;147;246;290;146;144;393
7441;Totaal over alle leeftijden;Mannen en vrouwen;Haarlemmerliede en Spaarnwoude;2011;5274;4554;413;161;252;307;151;156;393
7442;Totaal over alle leeftijden;Mannen en vrouwen;Haarlemmerliede en Spaarnwoude;2012;5241;4484;427;167;260;330;160;170;393
7443;Totaal over alle leeftijden;Mannen en vrouwen;Haarlemmerliede en Spaarnwoude;2013;5188;4387;438;176;262;363;173;190;393
7444;Totaal over alle leeftijden;Mannen en vrouwen;Haarlemmerliede en Spaarnwoude;2014;5186;4352;447;177;270;387;180;207;393
7445;Totaal over alle leeftijden;Mannen en vrouwen;Haarlemmerliede en Spaarnwoude;2015;5137;4289;441;173;268;407;188;219;393
7446;Totaal over alle leeftijden;Mannen en vrouwen;Haarlemmerliede en Spaarnwoude;2016;5166;4273;443;170;273;450;204;246;393
7447;Totaal over alle leeftijden;Mannen en vrouwen;Haarlemmerliede en Spaarnwoude;2017;5173;4231;452;178;274;490;221;269;393
7448;Totaal over alle leeftijden;Mannen en vrouwen;Haarlemmerliede en Spaarnwoude;2018;5160;4188;451;176;275;521;229;292;393
7449;Totaal over alle leeftijden;Mannen en vrouwen;Haarlemmerliede en Spaarnwoude;2019;5188;4177;460;188;272;551;241;310;393
7450;Totaal over alle leeftijden;Mannen en vrouwen;Haarlemmerliede en Spaarnwoude;2020;5163;4139;466;192;274;558;240;318;393
7451;Totaal over alle leeftijden;Mannen en vrouwen;Haarlemmerliede en Spaarnwoude;2021;5178;4126;468;188;280;584;251;333;393
7452;Totaal over alle leeftijden;Mannen en vrouwen;Haarlemmerliede en Spaarnwoude;2022;5159;4081;482;197;285;596;246;350;393
7453;Totaal over alle leeftijden;Mannen en vrouwen;Haarlemmerliede en Spaarnwoude;2023;5107;4023;472;197;275;612;248;364;393
7454;Totaal over alle leeftijden;Mannen en vrouwen;Haarlemmerliede en Spaarnwoude;2024;5115;4001;484;207;277;630;252;378;393
7455;Totaal over alle leeftijden;Mannen en vrouwen;Haarlemmerliede en Spaarnwoude;2025;5174;4019;489;211;278;666;258;408;393
7456;Totaal over alle leeftijden;Mannen en vrouwen;Haarlemmerliede en Spaarnwoude;2026;5243;4050;502;221;281;691;262;429;393
7457;Totaal over alle leeftijden;Mannen en vrouwen;Haarlemmerliede en Spaarnwoude;2027;5225;4029;508;233;275;688;259;429;393
7458;Totaal over alle leeftijden;Mannen en vrouwen;Haarlemmerliede en Spaarnwoude;2028;5156;3941;508;222;286;707;265;442;393
7459;Totaal over alle leeftijden;Mannen en vrouwen;Haarlemmerliede en Spaarnwoude;2029;5170;3933;519;225;294;718;277;441;393
7460;Totaal over alle leeftijden;Mannen en vrouwen;Haarlemmerliede en Spaarnwoude;2030;5202;3932;536;236;300;734;283;451;393
7461;Totaal over alle leeftijden;Mannen en vrouwen;Haarlemmerliede en Spaarnwoude;2031;5164;3892;534;233;301;738;276;462;393
7462;Totaal over alle leeftijden;Mannen en vrouwen;Haarlemmerliede en Spaarnwoude;2032;5233;3928;544;246;298;761;284;477;393
7463;Totaal over alle leeftijden;Mannen en vrouwen;Haarlemmerliede en Spaarnwoude;2033;5228;3905;533;246;287;790;306;484;393
7464;Totaal over alle leeftijden;Mannen en vrouwen;Haarlemmerliede en Spaarnwoude;2034;5275;3932;539;252;287;804;304;500;393
7465;Totaal over alle leeftijden;Mannen en vrouwen;Haarlemmerliede en Spaarnwoude;2035;5271;3913;539;251;288;819;308;511;393
7466;Totaal over alle leeftijden;Mannen en vrouwen;Haarlemmerliede en Spaarnwoude;2036;5303;3910;549;262;287;844;322;522;393
7467;Totaal over alle leeftijden;Mannen en vrouwen;Haarlemmerliede en Spaarnwoude;2037;5316;3906;552;266;286;858;330;528;393
7468;Totaal over alle leeftijden;Mannen en vrouwen;Haarlemmerliede en Spaarnwoude;2038;5281;3851;563;276;287;867;337;530;393
7469;Totaal over alle leeftijden;Mannen en vrouwen;Haarlemmerliede en Spaarnwoude;2039;5245;3812;563;275;288;870;339;531;393
7470;Totaal over alle leeftijden;Mannen en vrouwen;Haarlemmerliede en Spaarnwoude;2040;5247;3810;566;283;283;871;330;541;393
7471;Totaal over alle leeftijden;Mannen en vrouwen;Haarlemmermeer;2010;142246;110382;14679;6288;8391;17185;9264;7921;394
7472;Totaal over alle leeftijden;Mannen en vrouwen;Haarlemmermeer;2011;143056;110635;14897;6380;8517;17524;9422;8102;394
7473;Totaal over alle leeftijden;Mannen en vrouwen;Haarlemmermeer;2012;143600;110788;15099;6458;8641;17713;9589;8124;394
7474;Totaal over alle leeftijden;Mannen en vrouwen;Haarlemmermeer;2013;144620;111163;15418;6608;8810;18039;9794;8245;394
7475;Totaal over alle leeftijden;Mannen en vrouwen;Haarlemmermeer;2014;145364;111472;15645;6678;8967;18247;10027;8220;394
7476;Totaal over alle leeftijden;Mannen en vrouwen;Haarlemmermeer;2015;146299;111766;15915;6788;9127;18618;10265;8353;394
7477;Totaal over alle leeftijden;Mannen en vrouwen;Haarlemmermeer;2016;147254;112065;16142;6886;9256;19047;10525;8522;394
7478;Totaal over alle leeftijden;Mannen en vrouwen;Haarlemmermeer;2017;148155;112405;16380;6983;9397;19370;10674;8696;394
7479;Totaal over alle leeftijden;Mannen en vrouwen;Haarlemmermeer;2018;148913;112679;16587;7024;9563;19647;10924;8723;394
7480;Totaal over alle leeftijden;Mannen en vrouwen;Haarlemmermeer;2019;149858;113026;16809;7095;9714;20023;11146;8877;394
7481;Totaal over alle leeftijden;Mannen en vrouwen;Haarlemmermeer;2020;150925;113422;17065;7178;9887;20438;11327;9111;394
7482;Totaal over alle leeftijden;Mannen en vrouwen;Haarlemmermeer;2021;151791;113692;17347;7275;10072;20752;11539;9213;394
7483;Totaal over alle leeftijden;Mannen en vrouwen;Haarlemmermeer;2022;152707;113879;17634;7388;10246;21194;11736;9458;394
7484;Totaal over alle leeftijden;Mannen en vrouwen;Haarlemmermeer;2023;153854;114249;17868;7481;10387;21737;12002;9735;394
7485;Totaal over alle leeftijden;Mannen en vrouwen;Haarlemmermeer;2024;154811;114543;18085;7574;10511;22183;12219;9964;394
7486;Totaal over alle leeftijden;Mannen en vrouwen;Haarlemmermeer;2025;155811;114949;18265;7610;10655;22597;12422;10175;394
7487;Totaal over alle leeftijden;Mannen en vrouwen;Haarlemmermeer;2026;156722;115257;18398;7641;10757;23067;12626;10441;394
7488;Totaal over alle leeftijden;Mannen en vrouwen;Haarlemmermeer;2027;157526;115453;18632;7721;10911;23441;12819;10622;394
7489;Totaal over alle leeftijden;Mannen en vrouwen;Haarlemmermeer;2028;158779;115901;18875;7801;11074;24003;13058;10945;394
7490;Totaal over alle leeftijden;Mannen en vrouwen;Haarlemmermeer;2029;159615;116078;19069;7847;11222;24468;13279;11189;394
7491;Totaal over alle leeftijden;Mannen en vrouwen;Haarlemmermeer;2030;160887;116579;19337;7930;11407;24971;13469;11502;394
7492;Totaal over alle leeftijden;Mannen en vrouwen;Haarlemmermeer;2031;161734;116864;19533;8034;11499;25337;13597;11740;394
7493;Totaal over alle leeftijden;Mannen en vrouwen;Haarlemmermeer;2032;163021;117325;19837;8108;11729;25859;13736;12123;394
7494;Totaal over alle leeftijden;Mannen en vrouwen;Haarlemmermeer;2033;164227;117836;20091;8195;11896;26300;13938;12362;394
7495;Totaal over alle leeftijden;Mannen en vrouwen;Haarlemmermeer;2034;165417;118364;20322;8234;12088;26731;14103;12628;394
7496;Totaal over alle leeftijden;Mannen en vrouwen;Haarlemmermeer;2035;166843;118929;20663;8382;12281;27251;14295;12956;394
7497;Totaal over alle leeftijden;Mannen en vrouwen;Haarlemmermeer;2036;168383;119536;21029;8525;12504;27818;14475;13343;394
7498;Totaal over alle leeftijden;Mannen en vrouwen;Haarlemmermeer;2037;169939;120124;21354;8638;12716;28461;14675;13786;394
7499;Totaal over alle leeftijden;Mannen en vrouwen;Haarlemmermeer;2038;171402;120720;21686;8774;12912;28996;14921;14075;394
7500;Totaal over alle leeftijden;Mannen en vrouwen;Haarlemmermeer;2039;172731;121288;21956;8889;13067;29487;15148;14339;394
7501;Totaal over alle leeftijden;Mannen en vrouwen;Haarlemmermeer;2040;173968;121700;22255;9033;13222;30013;15347;14666;394
7502;Totaal over alle leeftijden;Mannen en vrouwen;Halderberge;2010;29078;25361;1725;737;988;1992;1120;872;1655
7503;Totaal over alle leeftijden;Mannen en vrouwen;Halderberge;2011;29006;25167;1785;762;1023;2054;1150;904;1655
7504;Totaal over alle leeftijden;Mannen en vrouwen;Halderberge;2012;28898;24955;1867;803;1064;2076;1158;918;1655
7505;Totaal over alle leeftijden;Mannen en vrouwen;Halderberge;2013;28817;24755;1919;838;1081;2143;1199;944;1655
7506;Totaal over alle leeftijden;Mannen en vrouwen;Halderberge;2014;28656;24465;1957;861;1096;2234;1236;998;1655
7507;Totaal over alle leeftijden;Mannen en vrouwen;Halderberge;2015;28661;24337;2005;888;1117;2319;1279;1040;1655
7508;Totaal over alle leeftijden;Mannen en vrouwen;Halderberge;2016;28678;24210;2066;915;1151;2402;1334;1068;1655
7509;Totaal over alle leeftijden;Mannen en vrouwen;Halderberge;2017;28729;24122;2124;964;1160;2483;1339;1144;1655
7510;Totaal over alle leeftijden;Mannen en vrouwen;Halderberge;2018;28733;23979;2197;1003;1194;2557;1356;1201;1655
7511;Totaal over alle leeftijden;Mannen en vrouwen;Halderberge;2019;28725;23846;2254;1033;1221;2625;1398;1227;1655
7512;Totaal over alle leeftijden;Mannen en vrouwen;Halderberge;2020;28695;23683;2292;1034;1258;2720;1437;1283;1655
7513;Totaal over alle leeftijden;Mannen en vrouwen;Halderberge;2021;28824;23631;2396;1097;1299;2797;1485;1312;1655
7514;Totaal over alle leeftijden;Mannen en vrouwen;Halderberge;2022;28821;23466;2472;1140;1332;2883;1527;1356;1655
7515;Totaal over alle leeftijden;Mannen en vrouwen;Halderberge;2023;28886;23374;2542;1170;1372;2970;1551;1419;1655
7516;Totaal over alle leeftijden;Mannen en vrouwen;Halderberge;2024;28982;23280;2611;1180;1431;3091;1592;1499;1655
7517;Totaal over alle leeftijden;Mannen en vrouwen;Halderberge;2025;28968;23129;2685;1228;1457;3154;1637;1517;1655
7518;Totaal over alle leeftijden;Mannen en vrouwen;Halderberge;2026;29073;23093;2743;1241;1502;3237;1674;1563;1655
7519;Totaal over alle leeftijden;Mannen en vrouwen;Halderberge;2027;29092;22984;2810;1270;1540;3298;1689;1609;1655
7520;Totaal over alle leeftijden;Mannen en vrouwen;Halderberge;2028;29104;22843;2902;1308;1594;3359;1714;1645;1655
7521;Totaal over alle leeftijden;Mannen en vrouwen;Halderberge;2029;29011;22659;2959;1334;1625;3393;1730;1663;1655
7522;Totaal over alle leeftijden;Mannen en vrouwen;Halderberge;2030;28944;22478;2991;1358;1633;3475;1758;1717;1655
7523;Totaal over alle leeftijden;Mannen en vrouwen;Halderberge;2031;28861;22308;3046;1382;1664;3507;1791;1716;1655
7524;Totaal over alle leeftijden;Mannen en vrouwen;Halderberge;2032;28840;22156;3121;1430;1691;3563;1807;1756;1655
7525;Totaal over alle leeftijden;Mannen en vrouwen;Halderberge;2033;28797;22028;3158;1438;1720;3611;1834;1777;1655
7526;Totaal over alle leeftijden;Mannen en vrouwen;Halderberge;2034;28748;21847;3213;1477;1736;3688;1867;1821;1655
7527;Totaal over alle leeftijden;Mannen en vrouwen;Halderberge;2035;28705;21664;3289;1530;1759;3752;1888;1864;1655
7528;Totaal over alle leeftijden;Mannen en vrouwen;Halderberge;2036;28624;21485;3351;1561;1790;3788;1897;1891;1655
7529;Totaal over alle leeftijden;Mannen en vrouwen;Halderberge;2037;28595;21355;3390;1575;1815;3850;1903;1947;1655
7530;Totaal over alle leeftijden;Mannen en vrouwen;Halderberge;2038;28474;21167;3451;1609;1842;3856;1902;1954;1655
7531;Totaal over alle leeftijden;Mannen en vrouwen;Halderberge;2039;28375;20981;3510;1635;1875;3884;1917;1967;1655
7532;Totaal over alle leeftijden;Mannen en vrouwen;Halderberge;2040;28224;20747;3566;1678;1888;3911;1931;1980;1655
7533;Totaal over alle leeftijden;Mannen en vrouwen;Hardenberg;2010;58882;55301;2358;658;1700;1223;723;500;160
7534;Totaal over alle leeftijden;Mannen en vrouwen;Hardenberg;2011;58832;55060;2426;714;1712;1346;789;557;160
7535;Totaal over alle leeftijden;Mannen en vrouwen;Hardenberg;2012;58838;54910;2448;721;1727;1480;849;631;160
7536;Totaal over alle leeftijden;Mannen en vrouwen;Hardenberg;2013;58778;54686;2461;746;1715;1631;919;712;160
7537;Totaal over alle leeftijden;Mannen en vrouwen;Hardenberg;2014;58839;54573;2505;781;1724;1761;991;770;160
7538;Totaal over alle leeftijden;Mannen en vrouwen;Hardenberg;2015;58957;54544;2538;807;1731;1875;1045;830;160
7539;Totaal over alle leeftijden;Mannen en vrouwen;Hardenberg;2016;59103;54520;2590;837;1753;1993;1107;886;160
7540;Totaal over alle leeftijden;Mannen en vrouwen;Hardenberg;2017;59227;54501;2606;852;1754;2120;1165;955;160
7541;Totaal over alle leeftijden;Mannen en vrouwen;Hardenberg;2018;59307;54404;2645;868;1777;2258;1215;1043;160
7542;Totaal over alle leeftijden;Mannen en vrouwen;Hardenberg;2019;59375;54306;2657;878;1779;2412;1292;1120;160
7543;Totaal over alle leeftijden;Mannen en vrouwen;Hardenberg;2020;59460;54233;2682;905;1777;2545;1371;1174;160
7544;Totaal over alle leeftijden;Mannen en vrouwen;Hardenberg;2021;59547;54157;2706;928;1778;2684;1433;1251;160
7545;Totaal over alle leeftijden;Mannen en vrouwen;Hardenberg;2022;59604;54046;2745;963;1782;2813;1492;1321;160
7546;Totaal over alle leeftijden;Mannen en vrouwen;Hardenberg;2023;59679;53954;2784;976;1808;2941;1546;1395;160
7547;Totaal over alle leeftijden;Mannen en vrouwen;Hardenberg;2024;59764;53895;2834;1002;1832;3035;1591;1444;160
7548;Totaal over alle leeftijden;Mannen en vrouwen;Hardenberg;2025;59803;53768;2872;1019;1853;3163;1659;1504;160
7549;Totaal over alle leeftijden;Mannen en vrouwen;Hardenberg;2026;59794;53619;2904;1045;1859;3271;1701;1570;160
7550;Totaal over alle leeftijden;Mannen en vrouwen;Hardenberg;2027;59828;53500;2942;1063;1879;3386;1754;1632;160
7551;Totaal over alle leeftijden;Mannen en vrouwen;Hardenberg;2028;59919;53415;2983;1106;1877;3521;1808;1713;160
7552;Totaal over alle leeftijden;Mannen en vrouwen;Hardenberg;2029;59975;53286;3027;1134;1893;3662;1871;1791;160
7553;Totaal over alle leeftijden;Mannen en vrouwen;Hardenberg;2030;59969;53159;3050;1174;1876;3760;1908;1852;160
7554;Totaal over alle leeftijden;Mannen en vrouwen;Hardenberg;2031;59965;53024;3090;1203;1887;3851;1939;1912;160
7555;Totaal over alle leeftijden;Mannen en vrouwen;Hardenberg;2032;59973;52903;3121;1209;1912;3949;1973;1976;160
7556;Totaal over alle leeftijden;Mannen en vrouwen;Hardenberg;2033;59942;52751;3109;1204;1905;4082;2024;2058;160
7557;Totaal over alle leeftijden;Mannen en vrouwen;Hardenberg;2034;59940;52650;3128;1236;1892;4162;2054;2108;160
7558;Totaal over alle leeftijden;Mannen en vrouwen;Hardenberg;2035;59890;52513;3132;1244;1888;4245;2102;2143;160
7559;Totaal over alle leeftijden;Mannen en vrouwen;Hardenberg;2036;59910;52409;3137;1247;1890;4364;2170;2194;160
7560;Totaal over alle leeftijden;Mannen en vrouwen;Hardenberg;2037;59830;52235;3157;1257;1900;4438;2206;2232;160
7561;Totaal over alle leeftijden;Mannen en vrouwen;Hardenberg;2038;59831;52067;3184;1262;1922;4580;2260;2320;160
7562;Totaal over alle leeftijden;Mannen en vrouwen;Hardenberg;2039;59797;51908;3199;1269;1930;4690;2338;2352;160
7563;Totaal over alle leeftijden;Mannen en vrouwen;Hardenberg;2040;59707;51693;3221;1266;1955;4793;2384;2409;160
7564;Totaal over alle leeftijden;Mannen en vrouwen;Harderwijk;2010;43587;36677;2596;927;1669;4314;2330;1984;243
7565;Totaal over alle leeftijden;Mannen en vrouwen;Harderwijk;2011;44045;37014;2615;936;1679;4416;2347;2069;243
7566;Totaal over alle leeftijden;Mannen en vrouwen;Harderwijk;2012;44379;37289;2630;955;1675;4460;2365;2095;243
7567;Totaal over alle leeftijden;Mannen en vrouwen;Harderwijk;2013;44645;37516;2647;980;1667;4482;2382;2100;243
7568;Totaal over alle leeftijden;Mannen en vrouwen;Harderwijk;2014;45110;37940;2647;985;1662;4523;2395;2128;243
7569;Totaal over alle leeftijden;Mannen en vrouwen;Harderwijk;2015;45483;38202;2687;1015;1672;4594;2433;2161;243
7570;Totaal over alle leeftijden;Mannen en vrouwen;Harderwijk;2016;45843;38527;2688;1017;1671;4628;2454;2174;243
7571;Totaal over alle leeftijden;Mannen en vrouwen;Harderwijk;2017;46239;38835;2698;1030;1668;4706;2508;2198;243
7572;Totaal over alle leeftijden;Mannen en vrouwen;Harderwijk;2018;46616;39106;2748;1032;1716;4762;2554;2208;243
7573;Totaal over alle leeftijden;Mannen en vrouwen;Harderwijk;2019;46984;39382;2766;1021;1745;4836;2585;2251;243
7574;Totaal over alle leeftijden;Mannen en vrouwen;Harderwijk;2020;47380;39684;2767;994;1773;4929;2651;2278;243
7575;Totaal over alle leeftijden;Mannen en vrouwen;Harderwijk;2021;47679;39921;2763;989;1774;4995;2690;2305;243
7576;Totaal over alle leeftijden;Mannen en vrouwen;Harderwijk;2022;47950;40108;2782;989;1793;5060;2751;2309;243
7577;Totaal over alle leeftijden;Mannen en vrouwen;Harderwijk;2023;48096;40155;2802;1003;1799;5139;2802;2337;243
7578;Totaal over alle leeftijden;Mannen en vrouwen;Harderwijk;2024;48373;40398;2826;1025;1801;5149;2838;2311;243
7579;Totaal over alle leeftijden;Mannen en vrouwen;Harderwijk;2025;48736;40673;2838;1058;1780;5225;2877;2348;243
7580;Totaal over alle leeftijden;Mannen en vrouwen;Harderwijk;2026;48980;40854;2870;1073;1797;5256;2921;2335;243
7581;Totaal over alle leeftijden;Mannen en vrouwen;Harderwijk;2027;49327;41106;2896;1087;1809;5325;2953;2372;243
7582;Totaal over alle leeftijden;Mannen en vrouwen;Harderwijk;2028;49501;41172;2943;1111;1832;5386;2989;2397;243
7583;Totaal over alle leeftijden;Mannen en vrouwen;Harderwijk;2029;49722;41272;2990;1126;1864;5460;3028;2432;243
7584;Totaal over alle leeftijden;Mannen en vrouwen;Harderwijk;2030;49926;41368;3001;1126;1875;5557;3050;2507;243
7585;Totaal over alle leeftijden;Mannen en vrouwen;Harderwijk;2031;50056;41370;3063;1160;1903;5623;3062;2561;243
7586;Totaal over alle leeftijden;Mannen en vrouwen;Harderwijk;2032;50161;41390;3083;1160;1923;5688;3091;2597;243
7587;Totaal over alle leeftijden;Mannen en vrouwen;Harderwijk;2033;50267;41426;3114;1179;1935;5727;3113;2614;243
7588;Totaal over alle leeftijden;Mannen en vrouwen;Harderwijk;2034;50271;41364;3159;1218;1941;5748;3105;2643;243
7589;Totaal over alle leeftijden;Mannen en vrouwen;Harderwijk;2035;50291;41261;3169;1200;1969;5861;3141;2720;243
7590;Totaal over alle leeftijden;Mannen en vrouwen;Harderwijk;2036;50381;41216;3193;1208;1985;5972;3189;2783;243
7591;Totaal over alle leeftijden;Mannen en vrouwen;Harderwijk;2037;50367;41145;3215;1220;1995;6007;3183;2824;243
7592;Totaal over alle leeftijden;Mannen en vrouwen;Harderwijk;2038;50322;41011;3241;1230;2011;6070;3227;2843;243
7593;Totaal over alle leeftijden;Mannen en vrouwen;Harderwijk;2039;50389;40973;3259;1245;2014;6157;3253;2904;243
7594;Totaal over alle leeftijden;Mannen en vrouwen;Harderwijk;2040;50381;40907;3281;1271;2010;6193;3276;2917;243
7595;Totaal over alle leeftijden;Mannen en vrouwen;Hardinxveld-Giessendam;2010;17812;16802;538;187;351;472;238;234;523
7596;Totaal over alle leeftijden;Mannen en vrouwen;Hardinxveld-Giessendam;2011;17831;16738;559;191;368;534;266;268;523
7597;Totaal over alle leeftijden;Mannen en vrouwen;Hardinxveld-Giessendam;2012;17877;16699;573;191;382;605;294;311;523
7598;Totaal over alle leeftijden;Mannen en vrouwen;Hardinxveld-Giessendam;2013;17944;16677;591;193;398;676;310;366;523
7599;Totaal over alle leeftijden;Mannen en vrouwen;Hardinxveld-Giessendam;2014;18044;16705;621;201;420;718;322;396;523
7600;Totaal over alle leeftijden;Mannen en vrouwen;Hardinxveld-Giessendam;2015;18113;16681;649;207;442;783;341;442;523
7601;Totaal over alle leeftijden;Mannen en vrouwen;Hardinxveld-Giessendam;2016;18197;16673;674;212;462;850;357;493;523
7602;Totaal over alle leeftijden;Mannen en vrouwen;Hardinxveld-Giessendam;2017;18255;16649;683;208;475;923;383;540;523
7603;Totaal over alle leeftijden;Mannen en vrouwen;Hardinxveld-Giessendam;2018;18295;16608;708;215;493;979;405;574;523
7604;Totaal over alle leeftijden;Mannen en vrouwen;Hardinxveld-Giessendam;2019;18371;16617;720;212;508;1034;432;602;523
7605;Totaal over alle leeftijden;Mannen en vrouwen;Hardinxveld-Giessendam;2020;18435;16618;739;222;517;1078;445;633;523
7606;Totaal over alle leeftijden;Mannen en vrouwen;Hardinxveld-Giessendam;2021;18517;16585;761;229;532;1171;486;685;523
7607;Totaal over alle leeftijden;Mannen en vrouwen;Hardinxveld-Giessendam;2022;18618;16561;802;236;566;1255;524;731;523
7608;Totaal over alle leeftijden;Mannen en vrouwen;Hardinxveld-Giessendam;2023;18688;16565;820;243;577;1303;531;772;523
7609;Totaal over alle leeftijden;Mannen en vrouwen;Hardinxveld-Giessendam;2024;18826;16602;855;259;596;1369;557;812;523
7610;Totaal over alle leeftijden;Mannen en vrouwen;Hardinxveld-Giessendam;2025;18859;16545;859;255;604;1455;597;858;523
7611;Totaal over alle leeftijden;Mannen en vrouwen;Hardinxveld-Giessendam;2026;18998;16571;894;262;632;1533;619;914;523
7612;Totaal over alle leeftijden;Mannen en vrouwen;Hardinxveld-Giessendam;2027;19094;16562;923;269;654;1609;637;972;523
7613;Totaal over alle leeftijden;Mannen en vrouwen;Hardinxveld-Giessendam;2028;19113;16523;922;263;659;1668;649;1019;523
7614;Totaal over alle leeftijden;Mannen en vrouwen;Hardinxveld-Giessendam;2029;19045;16404;914;248;666;1727;666;1061;523
7615;Totaal over alle leeftijden;Mannen en vrouwen;Hardinxveld-Giessendam;2030;19172;16448;934;253;681;1790;688;1102;523
7616;Totaal over alle leeftijden;Mannen en vrouwen;Hardinxveld-Giessendam;2031;19288;16480;974;259;715;1834;700;1134;523
7617;Totaal over alle leeftijden;Mannen en vrouwen;Hardinxveld-Giessendam;2032;19300;16451;976;258;718;1873;712;1161;523
7618;Totaal over alle leeftijden;Mannen en vrouwen;Hardinxveld-Giessendam;2033;19374;16400;994;258;736;1980;754;1226;523
7619;Totaal over alle leeftijden;Mannen en vrouwen;Hardinxveld-Giessendam;2034;19350;16306;1012;261;751;2032;756;1276;523
7620;Totaal over alle leeftijden;Mannen en vrouwen;Hardinxveld-Giessendam;2035;19355;16263;1011;252;759;2081;789;1292;523
7621;Totaal over alle leeftijden;Mannen en vrouwen;Hardinxveld-Giessendam;2036;19350;16208;1011;234;777;2131;828;1303;523
7622;Totaal over alle leeftijden;Mannen en vrouwen;Hardinxveld-Giessendam;2037;19351;16139;1037;242;795;2175;828;1347;523
7623;Totaal over alle leeftijden;Mannen en vrouwen;Hardinxveld-Giessendam;2038;19304;16034;1053;252;801;2217;844;1373;523
7624;Totaal over alle leeftijden;Mannen en vrouwen;Hardinxveld-Giessendam;2039;19262;15934;1062;254;808;2266;864;1402;523
7625;Totaal over alle leeftijden;Mannen en vrouwen;Hardinxveld-Giessendam;2040;19229;15861;1060;257;803;2308;902;1406;523
7626;Totaal over alle leeftijden;Mannen en vrouwen;Haren;2010;18664;16543;1417;545;872;704;411;293;17
7627;Totaal over alle leeftijden;Mannen en vrouwen;Haren;2011;18678;16441;1416;540;876;821;489;332;17
7628;Totaal over alle leeftijden;Mannen en vrouwen;Haren;2012;18660;16358;1396;525;871;906;519;387;17
7629;Totaal over alle leeftijden;Mannen en vrouwen;Haren;2013;18551;16182;1382;523;859;987;564;423;17
7630;Totaal over alle leeftijden;Mannen en vrouwen;Haren;2014;18418;15977;1386;525;861;1055;607;448;17
7631;Totaal over alle leeftijden;Mannen en vrouwen;Haren;2015;18368;15909;1339;492;847;1120;646;474;17
7632;Totaal over alle leeftijden;Mannen en vrouwen;Haren;2016;18389;15812;1357;498;859;1220;690;530;17
7633;Totaal over alle leeftijden;Mannen en vrouwen;Haren;2017;18322;15682;1334;471;863;1306;725;581;17
7634;Totaal over alle leeftijden;Mannen en vrouwen;Haren;2018;18288;15569;1314;446;868;1405;767;638;17
7635;Totaal over alle leeftijden;Mannen en vrouwen;Haren;2019;18294;15477;1319;446;873;1498;813;685;17
7636;Totaal over alle leeftijden;Mannen en vrouwen;Haren;2020;18303;15420;1299;438;861;1584;856;728;17
7637;Totaal over alle leeftijden;Mannen en vrouwen;Haren;2021;18284;15363;1288;437;851;1633;890;743;17
7638;Totaal over alle leeftijden;Mannen en vrouwen;Haren;2022;18282;15309;1273;420;853;1700;915;785;17
7639;Totaal over alle leeftijden;Mannen en vrouwen;Haren;2023;18268;15249;1247;401;846;1772;947;825;17
7640;Totaal over alle leeftijden;Mannen en vrouwen;Haren;2024;18288;15189;1249;413;836;1850;981;869;17
7641;Totaal over alle leeftijden;Mannen en vrouwen;Haren;2025;18309;15129;1249;411;838;1931;1020;911;17
7642;Totaal over alle leeftijden;Mannen en vrouwen;Haren;2026;18361;15117;1231;392;839;2013;1046;967;17
7643;Totaal over alle leeftijden;Mannen en vrouwen;Haren;2027;18366;15073;1184;361;823;2109;1089;1020;17
7644;Totaal over alle leeftijden;Mannen en vrouwen;Haren;2028;18445;15038;1197;366;831;2210;1119;1091;17
7645;Totaal over alle leeftijden;Mannen en vrouwen;Haren;2029;18440;14983;1190;367;823;2267;1136;1131;17
7646;Totaal over alle leeftijden;Mannen en vrouwen;Haren;2030;18386;14851;1184;358;826;2351;1167;1184;17
7647;Totaal over alle leeftijden;Mannen en vrouwen;Haren;2031;18405;14853;1156;345;811;2396;1205;1191;17
7648;Totaal over alle leeftijden;Mannen en vrouwen;Haren;2032;18418;14787;1177;363;814;2454;1210;1244;17
7649;Totaal over alle leeftijden;Mannen en vrouwen;Haren;2033;18452;14741;1175;363;812;2536;1244;1292;17
7650;Totaal over alle leeftijden;Mannen en vrouwen;Haren;2034;18486;14720;1180;359;821;2586;1262;1324;17
7651;Totaal over alle leeftijden;Mannen en vrouwen;Haren;2035;18511;14665;1172;347;825;2674;1292;1382;17
7652;Totaal over alle leeftijden;Mannen en vrouwen;Haren;2036;18544;14600;1167;359;808;2777;1321;1456;17
7653;Totaal over alle leeftijden;Mannen en vrouwen;Haren;2037;18574;14597;1161;359;802;2816;1331;1485;17
7654;Totaal over alle leeftijden;Mannen en vrouwen;Haren;2038;18585;14560;1166;366;800;2859;1347;1512;17
7655;Totaal over alle leeftijden;Mannen en vrouwen;Haren;2039;18553;14517;1152;371;781;2884;1342;1542;17
7656;Totaal over alle leeftijden;Mannen en vrouwen;Haren;2040;18550;14453;1132;364;768;2965;1378;1587;17
7657;Totaal over alle leeftijden;Mannen en vrouwen;Harenkarspel;2010;16159;14853;905;392;513;401;216;185;395
7658;Totaal over alle leeftijden;Mannen en vrouwen;Harenkarspel;2011;16265;14847;957;417;540;461;241;220;395
7659;Totaal over alle leeftijden;Mannen en vrouwen;Harenkarspel;2012;16386;14836;1007;443;564;543;274;269;395
7660;Totaal over alle leeftijden;Mannen en vrouwen;Harenkarspel;2013;16428;14806;1025;444;581;597;285;312;395
7661;Totaal over alle leeftijden;Mannen en vrouwen;Harenkarspel;2014;16500;14779;1074;472;602;647;319;328;395
7662;Totaal over alle leeftijden;Mannen en vrouwen;Harenkarspel;2015;16660;14811;1135;507;628;714;342;372;395
7663;Totaal over alle leeftijden;Mannen en vrouwen;Harenkarspel;2016;16774;14844;1156;517;639;774;365;409;395
7664;Totaal over alle leeftijden;Mannen en vrouwen;Harenkarspel;2017;16947;14929;1179;528;651;839;393;446;395
7665;Totaal over alle leeftijden;Mannen en vrouwen;Harenkarspel;2018;17107;14940;1234;556;678;933;437;496;395
7666;Totaal over alle leeftijden;Mannen en vrouwen;Harenkarspel;2019;17176;14915;1269;574;695;992;472;520;395
7667;Totaal over alle leeftijden;Mannen en vrouwen;Harenkarspel;2020;17243;14894;1298;591;707;1051;516;535;395
7668;Totaal over alle leeftijden;Mannen en vrouwen;Harenkarspel;2021;17367;14900;1354;619;735;1113;543;570;395
7669;Totaal over alle leeftijden;Mannen en vrouwen;Harenkarspel;2022;17459;14887;1400;641;759;1172;572;600;395
7670;Totaal over alle leeftijden;Mannen en vrouwen;Harenkarspel;2023;17505;14861;1435;647;788;1209;594;615;395
7671;Totaal over alle leeftijden;Mannen en vrouwen;Harenkarspel;2024;17591;14877;1457;665;792;1257;617;640;395
7672;Totaal over alle leeftijden;Mannen en vrouwen;Harenkarspel;2025;17623;14824;1476;673;803;1323;649;674;395
7673;Totaal over alle leeftijden;Mannen en vrouwen;Harenkarspel;2026;17682;14774;1521;702;819;1387;669;718;395
7674;Totaal over alle leeftijden;Mannen en vrouwen;Harenkarspel;2027;17814;14780;1584;735;849;1450;702;748;395
7675;Totaal over alle leeftijden;Mannen en vrouwen;Harenkarspel;2028;17868;14751;1624;762;862;1493;710;783;395
7676;Totaal over alle leeftijden;Mannen en vrouwen;Harenkarspel;2029;17902;14738;1664;788;876;1500;714;786;395
7677;Totaal over alle leeftijden;Mannen en vrouwen;Harenkarspel;2030;18011;14752;1690;798;892;1569;738;831;395
7678;Totaal over alle leeftijden;Mannen en vrouwen;Harenkarspel;2031;18054;14726;1712;817;895;1616;771;845;395
7679;Totaal over alle leeftijden;Mannen en vrouwen;Harenkarspel;2032;18126;14724;1749;838;911;1653;783;870;395
7680;Totaal over alle leeftijden;Mannen en vrouwen;Harenkarspel;2033;18200;14752;1756;847;909;1692;794;898;395
7681;Totaal over alle leeftijden;Mannen en vrouwen;Harenkarspel;2034;18249;14698;1790;866;924;1761;834;927;395
7682;Totaal over alle leeftijden;Mannen en vrouwen;Harenkarspel;2035;18305;14705;1821;874;947;1779;834;945;395
7683;Totaal over alle leeftijden;Mannen en vrouwen;Harenkarspel;2036;18353;14681;1862;908;954;1810;847;963;395
7684;Totaal over alle leeftijden;Mannen en vrouwen;Harenkarspel;2037;18379;14632;1894;939;955;1853;879;974;395
7685;Totaal over alle leeftijden;Mannen en vrouwen;Harenkarspel;2038;18354;14541;1919;952;967;1894;901;993;395
7686;Totaal over alle leeftijden;Mannen en vrouwen;Harenkarspel;2039;18369;14473;1963;967;996;1933;920;1013;395
7687;Totaal over alle leeftijden;Mannen en vrouwen;Harenkarspel;2040;18359;14381;2005;1003;1002;1973;929;1044;395
7688;Totaal over alle leeftijden;Mannen en vrouwen;Harlingen;2010;15506;13546;1245;494;751;715;417;298;72
7689;Totaal over alle leeftijden;Mannen en vrouwen;Harlingen;2011;15371;13347;1262;516;746;762;451;311;72
7690;Totaal over alle leeftijden;Mannen en vrouwen;Harlingen;2012;15293;13209;1282;534;748;802;467;335;72
7691;Totaal over alle leeftijden;Mannen en vrouwen;Harlingen;2013;15219;13070;1304;550;754;845;493;352;72
7692;Totaal over alle leeftijden;Mannen en vrouwen;Harlingen;2014;15187;12946;1337;568;769;904;504;400;72
7693;Totaal over alle leeftijden;Mannen en vrouwen;Harlingen;2015;15163;12836;1351;573;778;976;541;435;72
7694;Totaal over alle leeftijden;Mannen en vrouwen;Harlingen;2016;15066;12683;1374;595;779;1009;562;447;72
7695;Totaal over alle leeftijden;Mannen en vrouwen;Harlingen;2017;14991;12534;1402;613;789;1055;572;483;72
7696;Totaal over alle leeftijden;Mannen en vrouwen;Harlingen;2018;14967;12434;1422;627;795;1111;599;512;72
7697;Totaal over alle leeftijden;Mannen en vrouwen;Harlingen;2019;14996;12394;1443;646;797;1159;632;527;72
7698;Totaal over alle leeftijden;Mannen en vrouwen;Harlingen;2020;14963;12299;1461;661;800;1203;641;562;72
7699;Totaal over alle leeftijden;Mannen en vrouwen;Harlingen;2021;15030;12274;1482;683;799;1274;669;605;72
7700;Totaal over alle leeftijden;Mannen en vrouwen;Harlingen;2022;15049;12234;1480;680;800;1335;703;632;72
7701;Totaal over alle leeftijden;Mannen en vrouwen;Harlingen;2023;15038;12172;1518;719;799;1348;696;652;72
7702;Totaal over alle leeftijden;Mannen en vrouwen;Harlingen;2024;15023;12106;1525;728;797;1392;721;671;72
7703;Totaal over alle leeftijden;Mannen en vrouwen;Harlingen;2025;15063;12054;1558;756;802;1451;753;698;72
7704;Totaal over alle leeftijden;Mannen en vrouwen;Harlingen;2026;15048;11985;1566;763;803;1497;780;717;72
7705;Totaal over alle leeftijden;Mannen en vrouwen;Harlingen;2027;15009;11900;1583;780;803;1526;792;734;72
7706;Totaal over alle leeftijden;Mannen en vrouwen;Harlingen;2028;15002;11842;1586;789;797;1574;805;769;72
7707;Totaal over alle leeftijden;Mannen en vrouwen;Harlingen;2029;14957;11756;1596;796;800;1605;824;781;72
7708;Totaal over alle leeftijden;Mannen en vrouwen;Harlingen;2030;14913;11655;1627;817;810;1631;841;790;72
7709;Totaal over alle leeftijden;Mannen en vrouwen;Harlingen;2031;14901;11610;1621;816;805;1670;856;814;72
7710;Totaal over alle leeftijden;Mannen en vrouwen;Harlingen;2032;14905;11599;1613;816;797;1693;865;828;72
7711;Totaal over alle leeftijden;Mannen en vrouwen;Harlingen;2033;14869;11523;1632;829;803;1714;864;850;72
7712;Totaal over alle leeftijden;Mannen en vrouwen;Harlingen;2034;14891;11501;1647;840;807;1743;882;861;72
7713;Totaal over alle leeftijden;Mannen en vrouwen;Harlingen;2035;14838;11366;1688;869;819;1784;891;893;72
7714;Totaal over alle leeftijden;Mannen en vrouwen;Harlingen;2036;14816;11304;1709;884;825;1803;903;900;72
7715;Totaal over alle leeftijden;Mannen en vrouwen;Harlingen;2037;14861;11322;1712;880;832;1827;917;910;72
7716;Totaal over alle leeftijden;Mannen en vrouwen;Harlingen;2038;14820;11201;1746;900;846;1873;928;945;72
7717;Totaal over alle leeftijden;Mannen en vrouwen;Harlingen;2039;14857;11170;1779;922;857;1908;944;964;72
7718;Totaal over alle leeftijden;Mannen en vrouwen;Harlingen;2040;14889;11128;1806;937;869;1955;954;1001;72
7719;Totaal over alle leeftijden;Mannen en vrouwen;Hattem;2010;11714;10790;570;222;348;354;182;172;244
7720;Totaal over alle leeftijden;Mannen en vrouwen;Hattem;2011;11725;10755;594;233;361;376;195;181;244
7721;Totaal over alle leeftijden;Mannen en vrouwen;Hattem;2012;11681;10632;633;259;374;416;220;196;244
7722;Totaal over alle leeftijden;Mannen en vrouwen;Hattem;2013;11695;10587;656;269;387;452;230;222;244
7723;Totaal over alle leeftijden;Mannen en vrouwen;Hattem;2014;11659;10500;678;278;400;481;243;238;244
7724;Totaal over alle leeftijden;Mannen en vrouwen;Hattem;2015;11697;10478;700;290;410;519;250;269;244
7725;Totaal over alle leeftijden;Mannen en vrouwen;Hattem;2016;11772;10484;729;310;419;559;267;292;244
7726;Totaal over alle leeftijden;Mannen en vrouwen;Hattem;2017;11851;10510;755;318;437;586;278;308;244
7727;Totaal over alle leeftijden;Mannen en vrouwen;Hattem;2018;11924;10519;785;335;450;620;296;324;244
7728;Totaal over alle leeftijden;Mannen en vrouwen;Hattem;2019;11963;10488;814;353;461;661;319;342;244
7729;Totaal over alle leeftijden;Mannen en vrouwen;Hattem;2020;11982;10451;837;365;472;694;333;361;244
7730;Totaal over alle leeftijden;Mannen en vrouwen;Hattem;2021;12106;10495;880;390;490;731;353;378;244
7731;Totaal over alle leeftijden;Mannen en vrouwen;Hattem;2022;12201;10498;919;411;508;784;373;411;244
7732;Totaal over alle leeftijden;Mannen en vrouwen;Hattem;2023;12233;10459;943;419;524;831;377;454;244
7733;Totaal over alle leeftijden;Mannen en vrouwen;Hattem;2024;12284;10440;977;442;535;867;392;475;244
7734;Totaal over alle leeftijden;Mannen en vrouwen;Hattem;2025;12302;10393;1018;460;558;891;389;502;244
7735;Totaal over alle leeftijden;Mannen en vrouwen;Hattem;2026;12359;10391;1046;473;573;922;399;523;244
7736;Totaal over alle leeftijden;Mannen en vrouwen;Hattem;2027;12392;10375;1082;496;586;935;404;531;244
7737;Totaal over alle leeftijden;Mannen en vrouwen;Hattem;2028;12360;10297;1116;518;598;947;412;535;244
7738;Totaal over alle leeftijden;Mannen en vrouwen;Hattem;2029;12362;10265;1128;517;611;969;424;545;244
7739;Totaal over alle leeftijden;Mannen en vrouwen;Hattem;2030;12393;10220;1174;539;635;999;433;566;244
7740;Totaal over alle leeftijden;Mannen en vrouwen;Hattem;2031;12407;10191;1193;545;648;1023;435;588;244
7741;Totaal over alle leeftijden;Mannen en vrouwen;Hattem;2032;12494;10210;1223;561;662;1061;450;611;244
7742;Totaal over alle leeftijden;Mannen en vrouwen;Hattem;2033;12554;10219;1252;590;662;1083;451;632;244
7743;Totaal over alle leeftijden;Mannen en vrouwen;Hattem;2034;12632;10241;1282;602;680;1109;456;653;244
7744;Totaal over alle leeftijden;Mannen en vrouwen;Hattem;2035;12656;10222;1318;615;703;1116;472;644;244
7745;Totaal over alle leeftijden;Mannen en vrouwen;Hattem;2036;12659;10169;1332;625;707;1158;487;671;244
7746;Totaal over alle leeftijden;Mannen en vrouwen;Hattem;2037;12673;10137;1349;633;716;1187;505;682;244
7747;Totaal over alle leeftijden;Mannen en vrouwen;Hattem;2038;12708;10121;1370;641;729;1217;534;683;244
7748;Totaal over alle leeftijden;Mannen en vrouwen;Hattem;2039;12718;10084;1385;647;738;1249;547;702;244
7749;Totaal over alle leeftijden;Mannen en vrouwen;Hattem;2040;12744;10063;1398;658;740;1283;554;729;244
7750;Totaal over alle leeftijden;Mannen en vrouwen;Heemskerk;2010;38824;31841;3675;1510;2165;3308;1967;1341;396
7751;Totaal over alle leeftijden;Mannen en vrouwen;Heemskerk;2011;38803;31748;3659;1478;2181;3396;2023;1373;396
7752;Totaal over alle leeftijden;Mannen en vrouwen;Heemskerk;2012;38847;31702;3685;1498;2187;3460;2060;1400;396
7753;Totaal over alle leeftijden;Mannen en vrouwen;Heemskerk;2013;38829;31553;3687;1493;2194;3589;2154;1435;396
7754;Totaal over alle leeftijden;Mannen en vrouwen;Heemskerk;2014;38782;31355;3719;1504;2215;3708;2190;1518;396
7755;Totaal over alle leeftijden;Mannen en vrouwen;Heemskerk;2015;38622;31140;3718;1511;2207;3764;2246;1518;396
7756;Totaal over alle leeftijden;Mannen en vrouwen;Heemskerk;2016;38409;30893;3707;1498;2209;3809;2288;1521;396
7757;Totaal over alle leeftijden;Mannen en vrouwen;Heemskerk;2017;38220;30689;3662;1478;2184;3869;2329;1540;396
7758;Totaal over alle leeftijden;Mannen en vrouwen;Heemskerk;2018;38200;30592;3663;1472;2191;3945;2378;1567;396
7759;Totaal over alle leeftijden;Mannen en vrouwen;Heemskerk;2019;38171;30483;3655;1467;2188;4033;2415;1618;396
7760;Totaal over alle leeftijden;Mannen en vrouwen;Heemskerk;2020;38102;30299;3675;1483;2192;4128;2435;1693;396
7761;Totaal over alle leeftijden;Mannen en vrouwen;Heemskerk;2021;38067;30217;3664;1476;2188;4186;2470;1716;396
7762;Totaal over alle leeftijden;Mannen en vrouwen;Heemskerk;2022;38004;30107;3642;1465;2177;4255;2520;1735;396
7763;Totaal over alle leeftijden;Mannen en vrouwen;Heemskerk;2023;37834;29851;3634;1457;2177;4349;2558;1791;396
7764;Totaal over alle leeftijden;Mannen en vrouwen;Heemskerk;2024;37867;29780;3647;1477;2170;4440;2588;1852;396
7765;Totaal over alle leeftijden;Mannen en vrouwen;Heemskerk;2025;37883;29686;3667;1463;2204;4530;2595;1935;396
7766;Totaal over alle leeftijden;Mannen en vrouwen;Heemskerk;2026;37859;29626;3666;1446;2220;4567;2620;1947;396
7767;Totaal over alle leeftijden;Mannen en vrouwen;Heemskerk;2027;37859;29548;3690;1444;2246;4621;2663;1958;396
7768;Totaal over alle leeftijden;Mannen en vrouwen;Heemskerk;2028;37812;29441;3691;1427;2264;4680;2669;2011;396
7769;Totaal over alle leeftijden;Mannen en vrouwen;Heemskerk;2029;37828;29348;3702;1433;2269;4778;2735;2043;396
7770;Totaal over alle leeftijden;Mannen en vrouwen;Heemskerk;2030;37780;29218;3706;1442;2264;4856;2802;2054;396
7771;Totaal over alle leeftijden;Mannen en vrouwen;Heemskerk;2031;37883;29236;3708;1433;2275;4939;2847;2092;396
7772;Totaal over alle leeftijden;Mannen en vrouwen;Heemskerk;2032;37821;29075;3725;1440;2285;5021;2902;2119;396
7773;Totaal over alle leeftijden;Mannen en vrouwen;Heemskerk;2033;37853;29058;3716;1411;2305;5079;2911;2168;396
7774;Totaal over alle leeftijden;Mannen en vrouwen;Heemskerk;2034;37781;28927;3713;1412;2301;5141;2934;2207;396
7775;Totaal over alle leeftijden;Mannen en vrouwen;Heemskerk;2035;37880;28957;3722;1398;2324;5201;2980;2221;396
7776;Totaal over alle leeftijden;Mannen en vrouwen;Heemskerk;2036;37894;28947;3713;1379;2334;5234;2980;2254;396
7777;Totaal over alle leeftijden;Mannen en vrouwen;Heemskerk;2037;37921;28922;3731;1386;2345;5268;2981;2287;396
7778;Totaal over alle leeftijden;Mannen en vrouwen;Heemskerk;2038;37909;28846;3750;1392;2358;5313;3006;2307;396
7779;Totaal over alle leeftijden;Mannen en vrouwen;Heemskerk;2039;37924;28766;3790;1392;2398;5368;3043;2325;396
7780;Totaal over alle leeftijden;Mannen en vrouwen;Heemskerk;2040;37926;28703;3808;1380;2428;5415;3071;2344;396
7781;Totaal over alle leeftijden;Mannen en vrouwen;Heemstede;2010;25732;21214;3052;1046;2006;1466;733;733;397
7782;Totaal over alle leeftijden;Mannen en vrouwen;Heemstede;2011;25780;21153;3045;1032;2013;1582;767;815;397
7783;Totaal over alle leeftijden;Mannen en vrouwen;Heemstede;2012;25804;21082;2992;1000;1992;1730;821;909;397
7784;Totaal over alle leeftijden;Mannen en vrouwen;Heemstede;2013;25824;21010;2953;980;1973;1861;856;1005;397
7785;Totaal over alle leeftijden;Mannen en vrouwen;Heemstede;2014;25815;20960;2888;937;1951;1967;879;1088;397
7786;Totaal over alle leeftijden;Mannen en vrouwen;Heemstede;2015;25813;20915;2822;904;1918;2076;919;1157;397
7787;Totaal over alle leeftijden;Mannen en vrouwen;Heemstede;2016;25758;20797;2775;874;1901;2186;968;1218;397
7788;Totaal over alle leeftijden;Mannen en vrouwen;Heemstede;2017;25759;20747;2758;859;1899;2254;982;1272;397
7789;Totaal over alle leeftijden;Mannen en vrouwen;Heemstede;2018;25746;20661;2713;844;1869;2372;1030;1342;397
7790;Totaal over alle leeftijden;Mannen en vrouwen;Heemstede;2019;25761;20617;2686;833;1853;2458;1084;1374;397
7791;Totaal over alle leeftijden;Mannen en vrouwen;Heemstede;2020;25825;20583;2689;850;1839;2553;1131;1422;397
7792;Totaal over alle leeftijden;Mannen en vrouwen;Heemstede;2021;25831;20547;2629;817;1812;2655;1156;1499;397
7793;Totaal over alle leeftijden;Mannen en vrouwen;Heemstede;2022;25825;20511;2561;766;1795;2753;1197;1556;397
7794;Totaal over alle leeftijden;Mannen en vrouwen;Heemstede;2023;25881;20514;2541;757;1784;2826;1217;1609;397
7795;Totaal over alle leeftijden;Mannen en vrouwen;Heemstede;2024;25957;20499;2527;749;1778;2931;1260;1671;397
7796;Totaal over alle leeftijden;Mannen en vrouwen;Heemstede;2025;26025;20487;2527;753;1774;3011;1323;1688;397
7797;Totaal over alle leeftijden;Mannen en vrouwen;Heemstede;2026;26087;20461;2505;718;1787;3121;1375;1746;397
7798;Totaal over alle leeftijden;Mannen en vrouwen;Heemstede;2027;26141;20491;2482;693;1789;3168;1393;1775;397
7799;Totaal over alle leeftijden;Mannen en vrouwen;Heemstede;2028;26179;20517;2455;688;1767;3207;1423;1784;397
7800;Totaal over alle leeftijden;Mannen en vrouwen;Heemstede;2029;26281;20612;2463;690;1773;3206;1436;1770;397
7801;Totaal over alle leeftijden;Mannen en vrouwen;Heemstede;2030;26264;20577;2428;670;1758;3259;1490;1769;397
7802;Totaal over alle leeftijden;Mannen en vrouwen;Heemstede;2031;26234;20498;2413;650;1763;3323;1520;1803;397
7803;Totaal over alle leeftijden;Mannen en vrouwen;Heemstede;2032;26311;20521;2410;653;1757;3380;1538;1842;397
7804;Totaal over alle leeftijden;Mannen en vrouwen;Heemstede;2033;26256;20416;2419;672;1747;3421;1567;1854;397
7805;Totaal over alle leeftijden;Mannen en vrouwen;Heemstede;2034;26221;20330;2401;642;1759;3490;1593;1897;397
7806;Totaal over alle leeftijden;Mannen en vrouwen;Heemstede;2035;26240;20311;2413;651;1762;3516;1598;1918;397
7807;Totaal over alle leeftijden;Mannen en vrouwen;Heemstede;2036;26284;20306;2437;671;1766;3541;1608;1933;397
7808;Totaal over alle leeftijden;Mannen en vrouwen;Heemstede;2037;26351;20299;2448;697;1751;3604;1655;1949;397
7809;Totaal over alle leeftijden;Mannen en vrouwen;Heemstede;2038;26365;20265;2432;676;1756;3668;1682;1986;397
7810;Totaal over alle leeftijden;Mannen en vrouwen;Heemstede;2039;26360;20235;2428;685;1743;3697;1690;2007;397
7811;Totaal over alle leeftijden;Mannen en vrouwen;Heemstede;2040;26403;20250;2409;686;1723;3744;1698;2046;397
7812;Totaal over alle leeftijden;Mannen en vrouwen;Heerde;2010;18139;17050;631;241;390;458;279;179;246
7813;Totaal over alle leeftijden;Mannen en vrouwen;Heerde;2011;17973;16814;667;265;402;492;294;198;246
7814;Totaal over alle leeftijden;Mannen en vrouwen;Heerde;2012;17819;16567;697;275;422;555;326;229;246
7815;Totaal over alle leeftijden;Mannen en vrouwen;Heerde;2013;17674;16346;734;295;439;594;337;257;246
7816;Totaal over alle leeftijden;Mannen en vrouwen;Heerde;2014;17477;16057;757;309;448;663;362;301;246
7817;Totaal over alle leeftijden;Mannen en vrouwen;Heerde;2015;17392;15892;802;331;471;698;381;317;246
7818;Totaal over alle leeftijden;Mannen en vrouwen;Heerde;2016;17291;15693;843;361;482;755;424;331;246
7819;Totaal over alle leeftijden;Mannen en vrouwen;Heerde;2017;17173;15473;882;373;509;818;454;364;246
7820;Totaal over alle leeftijden;Mannen en vrouwen;Heerde;2018;17059;15269;911;383;528;879;489;390;246
7821;Totaal over alle leeftijden;Mannen en vrouwen;Heerde;2019;16981;15119;943;403;540;919;498;421;246
7822;Totaal over alle leeftijden;Mannen en vrouwen;Heerde;2020;16926;14974;984;425;559;968;526;442;246
7823;Totaal over alle leeftijden;Mannen en vrouwen;Heerde;2021;16788;14761;993;426;567;1034;558;476;246
7824;Totaal over alle leeftijden;Mannen en vrouwen;Heerde;2022;16716;14631;1013;429;584;1072;580;492;246
7825;Totaal over alle leeftijden;Mannen en vrouwen;Heerde;2023;16643;14474;1048;445;603;1121;610;511;246
7826;Totaal over alle leeftijden;Mannen en vrouwen;Heerde;2024;16586;14331;1073;446;627;1182;639;543;246
7827;Totaal over alle leeftijden;Mannen en vrouwen;Heerde;2025;16525;14192;1107;463;644;1226;672;554;246
7828;Totaal over alle leeftijden;Mannen en vrouwen;Heerde;2026;16509;14060;1148;483;665;1301;716;585;246
7829;Totaal over alle leeftijden;Mannen en vrouwen;Heerde;2027;16441;13922;1187;504;683;1332;738;594;246
7830;Totaal over alle leeftijden;Mannen en vrouwen;Heerde;2028;16453;13842;1212;521;691;1399;773;626;246
7831;Totaal over alle leeftijden;Mannen en vrouwen;Heerde;2029;16421;13743;1242;534;708;1436;789;647;246
7832;Totaal over alle leeftijden;Mannen en vrouwen;Heerde;2030;16448;13685;1264;540;724;1499;809;690;246
7833;Totaal over alle leeftijden;Mannen en vrouwen;Heerde;2031;16379;13574;1285;552;733;1520;820;700;246
7834;Totaal over alle leeftijden;Mannen en vrouwen;Heerde;2032;16473;13587;1316;568;748;1570;848;722;246
7835;Totaal over alle leeftijden;Mannen en vrouwen;Heerde;2033;16526;13580;1343;577;766;1603;857;746;246
7836;Totaal over alle leeftijden;Mannen en vrouwen;Heerde;2034;16595;13571;1383;588;795;1641;881;760;246
7837;Totaal over alle leeftijden;Mannen en vrouwen;Heerde;2035;16628;13560;1381;581;800;1687;908;779;246
7838;Totaal over alle leeftijden;Mannen en vrouwen;Heerde;2036;16631;13506;1400;590;810;1725;916;809;246
7839;Totaal over alle leeftijden;Mannen en vrouwen;Heerde;2037;16664;13448;1450;619;831;1766;932;834;246
7840;Totaal over alle leeftijden;Mannen en vrouwen;Heerde;2038;16667;13359;1495;648;847;1813;974;839;246
7841;Totaal over alle leeftijden;Mannen en vrouwen;Heerde;2039;16701;13350;1510;648;862;1841;992;849;246
7842;Totaal over alle leeftijden;Mannen en vrouwen;Heerde;2040;16688;13257;1534;662;872;1897;1018;879;246
7843;Totaal over alle leeftijden;Mannen en vrouwen;Heerenveen;2010;43544;38491;2524;982;1542;2529;1427;1102;74
7844;Totaal over alle leeftijden;Mannen en vrouwen;Heerenveen;2011;43684;38502;2555;980;1575;2627;1461;1166;74
7845;Totaal over alle leeftijden;Mannen en vrouwen;Heerenveen;2012;43869;38530;2587;983;1604;2752;1527;1225;74
7846;Totaal over alle leeftijden;Mannen en vrouwen;Heerenveen;2013;44031;38567;2626;991;1635;2838;1569;1269;74
7847;Totaal over alle leeftijden;Mannen en vrouwen;Heerenveen;2014;44245;38606;2661;1003;1658;2978;1624;1354;74
7848;Totaal over alle leeftijden;Mannen en vrouwen;Heerenveen;2015;44397;38609;2695;1016;1679;3093;1671;1422;74
7849;Totaal over alle leeftijden;Mannen en vrouwen;Heerenveen;2016;44591;38654;2736;1019;1717;3201;1736;1465;74
7850;Totaal over alle leeftijden;Mannen en vrouwen;Heerenveen;2017;44740;38655;2778;1048;1730;3307;1799;1508;74
7851;Totaal over alle leeftijden;Mannen en vrouwen;Heerenveen;2018;44910;38683;2835;1065;1770;3392;1823;1569;74
7852;Totaal over alle leeftijden;Mannen en vrouwen;Heerenveen;2019;45104;38734;2878;1083;1795;3492;1862;1630;74
7853;Totaal over alle leeftijden;Mannen en vrouwen;Heerenveen;2020;45249;38769;2917;1100;1817;3563;1886;1677;74
7854;Totaal over alle leeftijden;Mannen en vrouwen;Heerenveen;2021;45415;38804;2965;1130;1835;3646;1931;1715;74
7855;Totaal over alle leeftijden;Mannen en vrouwen;Heerenveen;2022;45532;38742;3031;1173;1858;3759;1983;1776;74
7856;Totaal over alle leeftijden;Mannen en vrouwen;Heerenveen;2023;45613;38681;3056;1189;1867;3876;2025;1851;74
7857;Totaal over alle leeftijden;Mannen en vrouwen;Heerenveen;2024;45699;38644;3089;1197;1892;3966;2040;1926;74
7858;Totaal over alle leeftijden;Mannen en vrouwen;Heerenveen;2025;45759;38570;3122;1184;1938;4067;2092;1975;74
7859;Totaal over alle leeftijden;Mannen en vrouwen;Heerenveen;2026;45834;38505;3178;1198;1980;4151;2115;2036;74
7860;Totaal over alle leeftijden;Mannen en vrouwen;Heerenveen;2027;45901;38435;3208;1205;2003;4258;2146;2112;74
7861;Totaal over alle leeftijden;Mannen en vrouwen;Heerenveen;2028;45969;38418;3217;1210;2007;4334;2202;2132;74
7862;Totaal over alle leeftijden;Mannen en vrouwen;Heerenveen;2029;45982;38303;3238;1212;2026;4441;2267;2174;74
7863;Totaal over alle leeftijden;Mannen en vrouwen;Heerenveen;2030;46006;38212;3268;1228;2040;4526;2308;2218;74
7864;Totaal over alle leeftijden;Mannen en vrouwen;Heerenveen;2031;46050;38107;3310;1257;2053;4633;2344;2289;74
7865;Totaal over alle leeftijden;Mannen en vrouwen;Heerenveen;2032;46056;37987;3333;1262;2071;4736;2369;2367;74
7866;Totaal over alle leeftijden;Mannen en vrouwen;Heerenveen;2033;46029;37780;3410;1302;2108;4839;2428;2411;74
7867;Totaal over alle leeftijden;Mannen en vrouwen;Heerenveen;2034;46089;37683;3463;1334;2129;4943;2468;2475;74
7868;Totaal over alle leeftijden;Mannen en vrouwen;Heerenveen;2035;46058;37514;3502;1360;2142;5042;2507;2535;74
7869;Totaal over alle leeftijden;Mannen en vrouwen;Heerenveen;2036;46086;37407;3538;1388;2150;5141;2564;2577;74
7870;Totaal over alle leeftijden;Mannen en vrouwen;Heerenveen;2037;46104;37276;3579;1411;2168;5249;2638;2611;74
7871;Totaal over alle leeftijden;Mannen en vrouwen;Heerenveen;2038;46043;37094;3604;1422;2182;5345;2672;2673;74
7872;Totaal over alle leeftijden;Mannen en vrouwen;Heerenveen;2039;45980;36942;3637;1435;2202;5401;2702;2699;74
7873;Totaal over alle leeftijden;Mannen en vrouwen;Heerenveen;2040;45985;36831;3664;1450;2214;5490;2720;2770;74
7874;Totaal over alle leeftijden;Mannen en vrouwen;Heerhugowaard;2010;51197;42209;4149;1566;2583;4839;2576;2263;398
7875;Totaal over alle leeftijden;Mannen en vrouwen;Heerhugowaard;2011;51532;42365;4203;1598;2605;4964;2621;2343;398
7876;Totaal over alle leeftijden;Mannen en vrouwen;Heerhugowaard;2012;51772;42414;4251;1630;2621;5107;2700;2407;398
7877;Totaal over alle leeftijden;Mannen en vrouwen;Heerhugowaard;2013;52098;42556;4300;1636;2664;5242;2767;2475;398
7878;Totaal over alle leeftijden;Mannen en vrouwen;Heerhugowaard;2014;52481;42664;4369;1648;2721;5448;2842;2606;398
7879;Totaal over alle leeftijden;Mannen en vrouwen;Heerhugowaard;2015;52837;42784;4452;1681;2771;5601;2905;2696;398
7880;Totaal over alle leeftijden;Mannen en vrouwen;Heerhugowaard;2016;53368;43036;4551;1729;2822;5781;2969;2812;398
7881;Totaal over alle leeftijden;Mannen en vrouwen;Heerhugowaard;2017;53897;43333;4626;1760;2866;5938;3016;2922;398
7882;Totaal over alle leeftijden;Mannen en vrouwen;Heerhugowaard;2018;54376;43595;4673;1775;2898;6108;3109;2999;398
7883;Totaal over alle leeftijden;Mannen en vrouwen;Heerhugowaard;2019;54646;43698;4715;1786;2929;6233;3177;3056;398
7884;Totaal over alle leeftijden;Mannen en vrouwen;Heerhugowaard;2020;55037;43867;4766;1797;2969;6404;3246;3158;398
7885;Totaal over alle leeftijden;Mannen en vrouwen;Heerhugowaard;2021;55455;44057;4808;1785;3023;6590;3322;3268;398
7886;Totaal over alle leeftijden;Mannen en vrouwen;Heerhugowaard;2022;55856;44236;4877;1797;3080;6743;3420;3323;398
7887;Totaal over alle leeftijden;Mannen en vrouwen;Heerhugowaard;2023;56033;44285;4922;1811;3111;6826;3462;3364;398
7888;Totaal over alle leeftijden;Mannen en vrouwen;Heerhugowaard;2024;56273;44329;4973;1834;3139;6971;3535;3436;398
7889;Totaal over alle leeftijden;Mannen en vrouwen;Heerhugowaard;2025;56589;44461;5019;1843;3176;7109;3601;3508;398
7890;Totaal over alle leeftijden;Mannen en vrouwen;Heerhugowaard;2026;56776;44458;5079;1860;3219;7239;3702;3537;398
7891;Totaal over alle leeftijden;Mannen en vrouwen;Heerhugowaard;2027;56884;44388;5111;1888;3223;7385;3751;3634;398
7892;Totaal over alle leeftijden;Mannen en vrouwen;Heerhugowaard;2028;57113;44400;5175;1918;3257;7538;3841;3697;398
7893;Totaal over alle leeftijden;Mannen en vrouwen;Heerhugowaard;2029;57247;44318;5300;2003;3297;7629;3875;3754;398
7894;Totaal over alle leeftijden;Mannen en vrouwen;Heerhugowaard;2030;57444;44381;5339;1998;3341;7724;3899;3825;398
7895;Totaal over alle leeftijden;Mannen en vrouwen;Heerhugowaard;2031;57460;44279;5385;2026;3359;7796;3948;3848;398
7896;Totaal over alle leeftijden;Mannen en vrouwen;Heerhugowaard;2032;57578;44217;5453;2035;3418;7908;3987;3921;398
7897;Totaal over alle leeftijden;Mannen en vrouwen;Heerhugowaard;2033;57611;44076;5524;2072;3452;8011;4014;3997;398
7898;Totaal over alle leeftijden;Mannen en vrouwen;Heerhugowaard;2034;57634;43987;5531;2052;3479;8116;4093;4023;398
7899;Totaal over alle leeftijden;Mannen en vrouwen;Heerhugowaard;2035;57619;43884;5548;2057;3491;8187;4144;4043;398
7900;Totaal over alle leeftijden;Mannen en vrouwen;Heerhugowaard;2036;57567;43734;5561;2038;3523;8272;4187;4085;398
7901;Totaal over alle leeftijden;Mannen en vrouwen;Heerhugowaard;2037;57561;43574;5616;2032;3584;8371;4246;4125;398
7902;Totaal over alle leeftijden;Mannen en vrouwen;Heerhugowaard;2038;57519;43443;5628;2023;3605;8448;4267;4181;398
7903;Totaal over alle leeftijden;Mannen en vrouwen;Heerhugowaard;2039;57461;43275;5667;2042;3625;8519;4286;4233;398
7904;Totaal over alle leeftijden;Mannen en vrouwen;Heerhugowaard;2040;57397;43143;5669;2040;3629;8585;4306;4279;398
7905;Totaal over alle leeftijden;Mannen en vrouwen;Heerlen;2010;89757;65645;17451;5674;11777;6661;4052;2609;917
7906;Totaal over alle leeftijden;Mannen en vrouwen;Heerlen;2011;89703;65896;17115;5604;11511;6692;4054;2638;917
7907;Totaal over alle leeftijden;Mannen en vrouwen;Heerlen;2012;89705;66135;16844;5609;11235;6726;4101;2625;917
7908;Totaal over alle leeftijden;Mannen en vrouwen;Heerlen;2013;89585;66293;16511;5511;11000;6781;4133;2648;917
7909;Totaal over alle leeftijden;Mannen en vrouwen;Heerlen;2014;89339;66303;16214;5455;10759;6822;4164;2658;917
7910;Totaal over alle leeftijden;Mannen en vrouwen;Heerlen;2015;88884;66216;15870;5380;10490;6798;4155;2643;917
7911;Totaal over alle leeftijden;Mannen en vrouwen;Heerlen;2016;88520;66193;15529;5312;10217;6798;4183;2615;917
7912;Totaal over alle leeftijden;Mannen en vrouwen;Heerlen;2017;88085;65963;15245;5265;9980;6877;4224;2653;917
7913;Totaal over alle leeftijden;Mannen en vrouwen;Heerlen;2018;87686;65845;14930;5205;9725;6911;4231;2680;917
7914;Totaal over alle leeftijden;Mannen en vrouwen;Heerlen;2019;87198;65571;14691;5194;9497;6936;4272;2664;917
7915;Totaal over alle leeftijden;Mannen en vrouwen;Heerlen;2020;86634;65276;14350;5093;9257;7008;4347;2661;917
7916;Totaal over alle leeftijden;Mannen en vrouwen;Heerlen;2021;86165;65011;14032;5040;8992;7122;4410;2712;917
7917;Totaal over alle leeftijden;Mannen en vrouwen;Heerlen;2022;85685;64754;13767;4995;8772;7164;4457;2707;917
7918;Totaal over alle leeftijden;Mannen en vrouwen;Heerlen;2023;85164;64362;13511;4933;8578;7291;4514;2777;917
7919;Totaal over alle leeftijden;Mannen en vrouwen;Heerlen;2024;84676;64066;13217;4855;8362;7393;4573;2820;917
7920;Totaal over alle leeftijden;Mannen en vrouwen;Heerlen;2025;84100;63717;12942;4806;8136;7441;4595;2846;917
7921;Totaal over alle leeftijden;Mannen en vrouwen;Heerlen;2026;83482;63303;12673;4769;7904;7506;4609;2897;917
7922;Totaal over alle leeftijden;Mannen en vrouwen;Heerlen;2027;82787;62821;12383;4688;7695;7583;4644;2939;917
7923;Totaal over alle leeftijden;Mannen en vrouwen;Heerlen;2028;82056;62332;12072;4586;7486;7652;4705;2947;917
7924;Totaal over alle leeftijden;Mannen en vrouwen;Heerlen;2029;81301;61803;11841;4565;7276;7657;4729;2928;917
7925;Totaal over alle leeftijden;Mannen en vrouwen;Heerlen;2030;80519;61221;11562;4512;7050;7736;4799;2937;917
7926;Totaal over alle leeftijden;Mannen en vrouwen;Heerlen;2031;79834;60645;11374;4471;6903;7815;4831;2984;917
7927;Totaal over alle leeftijden;Mannen en vrouwen;Heerlen;2032;79036;60016;11124;4407;6717;7896;4865;3031;917
7928;Totaal over alle leeftijden;Mannen en vrouwen;Heerlen;2033;78318;59445;10916;4362;6554;7957;4885;3072;917
7929;Totaal over alle leeftijden;Mannen en vrouwen;Heerlen;2034;77612;58883;10728;4308;6420;8001;4875;3126;917
7930;Totaal over alle leeftijden;Mannen en vrouwen;Heerlen;2035;76939;58315;10519;4241;6278;8105;4946;3159;917
7931;Totaal over alle leeftijden;Mannen en vrouwen;Heerlen;2036;76194;57745;10304;4224;6080;8145;4943;3202;917
7932;Totaal over alle leeftijden;Mannen en vrouwen;Heerlen;2037;75528;57163;10157;4226;5931;8208;4973;3235;917
7933;Totaal over alle leeftijden;Mannen en vrouwen;Heerlen;2038;74776;56514;10010;4163;5847;8252;4954;3298;917
7934;Totaal over alle leeftijden;Mannen en vrouwen;Heerlen;2039;74051;55873;9851;4129;5722;8327;4994;3333;917
7935;Totaal over alle leeftijden;Mannen en vrouwen;Heerlen;2040;73303;55297;9705;4116;5589;8301;4952;3349;917
7936;Totaal over alle leeftijden;Mannen en vrouwen;Heeze-Leende;2010;15054;13689;995;381;614;370;211;159;1658
7937;Totaal over alle leeftijden;Mannen en vrouwen;Heeze-Leende;2011;15013;13575;1012;396;616;426;236;190;1658
7938;Totaal over alle leeftijden;Mannen en vrouwen;Heeze-Leende;2012;14913;13394;1029;403;626;490;270;220;1658
7939;Totaal over alle leeftijden;Mannen en vrouwen;Heeze-Leende;2013;14810;13218;1039;413;626;553;305;248;1658
7940;Totaal over alle leeftijden;Mannen en vrouwen;Heeze-Leende;2014;14726;13096;1040;425;615;590;317;273;1658
7941;Totaal over alle leeftijden;Mannen en vrouwen;Heeze-Leende;2015;14688;12997;1052;433;619;639;334;305;1658
7942;Totaal over alle leeftijden;Mannen en vrouwen;Heeze-Leende;2016;14632;12892;1065;461;604;675;356;319;1658
7943;Totaal over alle leeftijden;Mannen en vrouwen;Heeze-Leende;2017;14600;12799;1067;471;596;734;384;350;1658
7944;Totaal over alle leeftijden;Mannen en vrouwen;Heeze-Leende;2018;14562;12704;1089;507;582;769;390;379;1658
7945;Totaal over alle leeftijden;Mannen en vrouwen;Heeze-Leende;2019;14601;12651;1123;534;589;827;414;413;1658
7946;Totaal over alle leeftijden;Mannen en vrouwen;Heeze-Leende;2020;14522;12505;1141;559;582;876;437;439;1658
7947;Totaal over alle leeftijden;Mannen en vrouwen;Heeze-Leende;2021;14486;12399;1150;574;576;937;468;469;1658
7948;Totaal over alle leeftijden;Mannen en vrouwen;Heeze-Leende;2022;14491;12340;1178;592;586;973;470;503;1658
7949;Totaal over alle leeftijden;Mannen en vrouwen;Heeze-Leende;2023;14496;12288;1193;614;579;1015;484;531;1658
7950;Totaal over alle leeftijden;Mannen en vrouwen;Heeze-Leende;2024;14461;12220;1199;625;574;1042;491;551;1658
7951;Totaal over alle leeftijden;Mannen en vrouwen;Heeze-Leende;2025;14465;12173;1206;641;565;1086;498;588;1658
7952;Totaal over alle leeftijden;Mannen en vrouwen;Heeze-Leende;2026;14438;12058;1242;667;575;1138;523;615;1658
7953;Totaal over alle leeftijden;Mannen en vrouwen;Heeze-Leende;2027;14428;11973;1273;694;579;1182;546;636;1658
7954;Totaal over alle leeftijden;Mannen en vrouwen;Heeze-Leende;2028;14481;11954;1282;708;574;1245;574;671;1658
7955;Totaal over alle leeftijden;Mannen en vrouwen;Heeze-Leende;2029;14456;11858;1309;734;575;1289;580;709;1658
7956;Totaal over alle leeftijden;Mannen en vrouwen;Heeze-Leende;2030;14444;11812;1304;740;564;1328;610;718;1658
7957;Totaal over alle leeftijden;Mannen en vrouwen;Heeze-Leende;2031;14459;11775;1324;762;562;1360;630;730;1658
7958;Totaal over alle leeftijden;Mannen en vrouwen;Heeze-Leende;2032;14465;11734;1326;764;562;1405;649;756;1658
7959;Totaal over alle leeftijden;Mannen en vrouwen;Heeze-Leende;2033;14483;11670;1369;809;560;1444;663;781;1658
7960;Totaal over alle leeftijden;Mannen en vrouwen;Heeze-Leende;2034;14496;11590;1392;832;560;1514;699;815;1658
7961;Totaal over alle leeftijden;Mannen en vrouwen;Heeze-Leende;2035;14511;11531;1427;859;568;1553;706;847;1658
7962;Totaal over alle leeftijden;Mannen en vrouwen;Heeze-Leende;2036;14542;11474;1464;883;581;1604;718;886;1658
7963;Totaal over alle leeftijden;Mannen en vrouwen;Heeze-Leende;2037;14511;11387;1470;895;575;1654;732;922;1658
7964;Totaal over alle leeftijden;Mannen en vrouwen;Heeze-Leende;2038;14513;11326;1500;919;581;1687;742;945;1658
7965;Totaal over alle leeftijden;Mannen en vrouwen;Heeze-Leende;2039;14495;11260;1506;915;591;1729;752;977;1658
7966;Totaal over alle leeftijden;Mannen en vrouwen;Heeze-Leende;2040;14486;11168;1528;939;589;1790;766;1024;1658
7967;Totaal over alle leeftijden;Mannen en vrouwen;Heiloo;2010;22366;19756;1710;604;1106;900;465;435;399
7968;Totaal over alle leeftijden;Mannen en vrouwen;Heiloo;2011;22358;19648;1742;621;1121;968;485;483;399
7969;Totaal over alle leeftijden;Mannen en vrouwen;Heiloo;2012;22461;19637;1764;632;1132;1060;526;534;399
7970;Totaal over alle leeftijden;Mannen en vrouwen;Heiloo;2013;22473;19552;1775;647;1128;1146;556;590;399
7971;Totaal over alle leeftijden;Mannen en vrouwen;Heiloo;2014;22536;19477;1813;660;1153;1246;587;659;399
7972;Totaal over alle leeftijden;Mannen en vrouwen;Heiloo;2015;22640;19492;1803;658;1145;1345;615;730;399
7973;Totaal over alle leeftijden;Mannen en vrouwen;Heiloo;2016;22741;19443;1842;695;1147;1456;653;803;399
7974;Totaal over alle leeftijden;Mannen en vrouwen;Heiloo;2017;22747;19338;1856;699;1157;1553;680;873;399
7975;Totaal over alle leeftijden;Mannen en vrouwen;Heiloo;2018;22866;19339;1875;709;1166;1652;709;943;399
7976;Totaal over alle leeftijden;Mannen en vrouwen;Heiloo;2019;22966;19299;1906;739;1167;1761;755;1006;399
7977;Totaal over alle leeftijden;Mannen en vrouwen;Heiloo;2020;23100;19309;1951;777;1174;1840;785;1055;399
7978;Totaal over alle leeftijden;Mannen en vrouwen;Heiloo;2021;23220;19327;1948;777;1171;1945;837;1108;399
7979;Totaal over alle leeftijden;Mannen en vrouwen;Heiloo;2022;23269;19251;1978;794;1184;2040;887;1153;399
7980;Totaal over alle leeftijden;Mannen en vrouwen;Heiloo;2023;23352;19228;2005;806;1199;2119;907;1212;399
7981;Totaal over alle leeftijden;Mannen en vrouwen;Heiloo;2024;23396;19209;2000;794;1206;2187;933;1254;399
7982;Totaal over alle leeftijden;Mannen en vrouwen;Heiloo;2025;23458;19157;2015;800;1215;2286;971;1315;399
7983;Totaal over alle leeftijden;Mannen en vrouwen;Heiloo;2026;23574;19138;2037;819;1218;2399;1003;1396;399
7984;Totaal over alle leeftijden;Mannen en vrouwen;Heiloo;2027;23659;19134;2080;838;1242;2445;1012;1433;399
7985;Totaal over alle leeftijden;Mannen en vrouwen;Heiloo;2028;23772;19127;2111;867;1244;2534;1061;1473;399
7986;Totaal over alle leeftijden;Mannen en vrouwen;Heiloo;2029;23959;19207;2128;876;1252;2624;1096;1528;399
7987;Totaal over alle leeftijden;Mannen en vrouwen;Heiloo;2030;24100;19275;2142;870;1272;2683;1124;1559;399
7988;Totaal over alle leeftijden;Mannen en vrouwen;Heiloo;2031;24273;19293;2203;907;1296;2777;1158;1619;399
7989;Totaal over alle leeftijden;Mannen en vrouwen;Heiloo;2032;24355;19293;2195;913;1282;2867;1199;1668;399
7990;Totaal over alle leeftijden;Mannen en vrouwen;Heiloo;2033;24490;19282;2242;938;1304;2966;1234;1732;399
7991;Totaal over alle leeftijden;Mannen en vrouwen;Heiloo;2034;24540;19237;2264;956;1308;3039;1248;1791;399
7992;Totaal over alle leeftijden;Mannen en vrouwen;Heiloo;2035;24575;19186;2280;992;1288;3109;1289;1820;399
7993;Totaal over alle leeftijden;Mannen en vrouwen;Heiloo;2036;24669;19153;2294;993;1301;3222;1333;1889;399
7994;Totaal over alle leeftijden;Mannen en vrouwen;Heiloo;2037;24702;19085;2305;1004;1301;3312;1381;1931;399
7995;Totaal over alle leeftijden;Mannen en vrouwen;Heiloo;2038;24736;19060;2315;1008;1307;3361;1399;1962;399
7996;Totaal over alle leeftijden;Mannen en vrouwen;Heiloo;2039;24686;18933;2316;1017;1299;3437;1432;2005;399
7997;Totaal over alle leeftijden;Mannen en vrouwen;Heiloo;2040;24688;18870;2336;1034;1302;3482;1449;2033;399
7998;Totaal over alle leeftijden;Mannen en vrouwen;Helden;2010;19622;17551;1139;418;721;932;489;443;918
7999;Totaal over alle leeftijden;Mannen en vrouwen;Helden;2011;19599;17454;1157;431;726;988;523;465;918
8000;Totaal over alle leeftijden;Mannen en vrouwen;Helden;2012;19517;17314;1176;442;734;1027;539;488;918
8001;Totaal over alle leeftijden;Mannen en vrouwen;Helden;2013;19466;17184;1216;461;755;1066;557;509;918
8002;Totaal over alle leeftijden;Mannen en vrouwen;Helden;2014;19448;17096;1230;455;775;1122;592;530;918
8003;Totaal over alle leeftijden;Mannen en vrouwen;Helden;2015;19413;16991;1230;447;783;1192;616;576;918
8004;Totaal over alle leeftijden;Mannen en vrouwen;Helden;2016;19386;16894;1241;456;785;1251;641;610;918
8005;Totaal over alle leeftijden;Mannen en vrouwen;Helden;2017;19360;16794;1262;460;802;1304;683;621;918
8006;Totaal over alle leeftijden;Mannen en vrouwen;Helden;2018;19386;16742;1271;462;809;1373;700;673;918
8007;Totaal over alle leeftijden;Mannen en vrouwen;Helden;2019;19322;16611;1262;449;813;1449;734;715;918
8008;Totaal over alle leeftijden;Mannen en vrouwen;Helden;2020;19328;16531;1283;452;831;1514;766;748;918
8009;Totaal over alle leeftijden;Mannen en vrouwen;Helden;2021;19310;16433;1287;445;842;1590;798;792;918
8010;Totaal over alle leeftijden;Mannen en vrouwen;Helden;2022;19295;16344;1291;451;840;1660;838;822;918
8011;Totaal over alle leeftijden;Mannen en vrouwen;Helden;2023;19280;16246;1318;470;848;1716;868;848;918
8012;Totaal over alle leeftijden;Mannen en vrouwen;Helden;2024;19269;16185;1313;468;845;1771;904;867;918
8013;Totaal over alle leeftijden;Mannen en vrouwen;Helden;2025;19239;16069;1340;481;859;1830;925;905;918
8014;Totaal over alle leeftijden;Mannen en vrouwen;Helden;2026;19302;16066;1361;490;871;1875;932;943;918
8015;Totaal over alle leeftijden;Mannen en vrouwen;Helden;2027;19285;15992;1351;485;866;1942;967;975;918
8016;Totaal over alle leeftijden;Mannen en vrouwen;Helden;2028;19308;15966;1355;486;869;1987;980;1007;918
8017;Totaal over alle leeftijden;Mannen en vrouwen;Helden;2029;19301;15879;1369;488;881;2053;1023;1030;918
8018;Totaal over alle leeftijden;Mannen en vrouwen;Helden;2030;19301;15824;1376;482;894;2101;1056;1045;918
8019;Totaal over alle leeftijden;Mannen en vrouwen;Helden;2031;19289;15777;1380;480;900;2132;1061;1071;918
8020;Totaal over alle leeftijden;Mannen en vrouwen;Helden;2032;19274;15697;1408;491;917;2169;1072;1097;918
8021;Totaal over alle leeftijden;Mannen en vrouwen;Helden;2033;19256;15608;1415;495;920;2233;1108;1125;918
8022;Totaal over alle leeftijden;Mannen en vrouwen;Helden;2034;19203;15533;1392;476;916;2278;1116;1162;918
8023;Totaal over alle leeftijden;Mannen en vrouwen;Helden;2035;19148;15446;1396;467;929;2306;1116;1190;918
8024;Totaal over alle leeftijden;Mannen en vrouwen;Helden;2036;19113;15367;1408;469;939;2338;1128;1210;918
8025;Totaal over alle leeftijden;Mannen en vrouwen;Helden;2037;19149;15316;1438;482;956;2395;1132;1263;918
8026;Totaal over alle leeftijden;Mannen en vrouwen;Helden;2038;19122;15255;1422;459;963;2445;1167;1278;918
8027;Totaal over alle leeftijden;Mannen en vrouwen;Helden;2039;19115;15207;1425;452;973;2483;1176;1307;918
8028;Totaal over alle leeftijden;Mannen en vrouwen;Helden;2040;19095;15146;1424;447;977;2525;1187;1338;918
8029;Totaal over alle leeftijden;Mannen en vrouwen;Den Helder;2010;57342;46574;5848;2214;3634;4920;2895;2025;400
8030;Totaal over alle leeftijden;Mannen en vrouwen;Den Helder;2011;57245;46382;5881;2233;3648;4982;2893;2089;400
8031;Totaal over alle leeftijden;Mannen en vrouwen;Den Helder;2012;57276;46241;5915;2252;3663;5120;2923;2197;400
8032;Totaal over alle leeftijden;Mannen en vrouwen;Den Helder;2013;57308;46114;5927;2265;3662;5267;2978;2289;400
8033;Totaal over alle leeftijden;Mannen en vrouwen;Den Helder;2014;57166;45829;5973;2282;3691;5364;2968;2396;400
8034;Totaal over alle leeftijden;Mannen en vrouwen;Den Helder;2015;57134;45633;6027;2288;3739;5474;2999;2475;400
8035;Totaal over alle leeftijden;Mannen en vrouwen;Den Helder;2016;57136;45539;6028;2283;3745;5569;3021;2548;400
8036;Totaal over alle leeftijden;Mannen en vrouwen;Den Helder;2017;57286;45457;6107;2301;3806;5722;3043;2679;400
8037;Totaal over alle leeftijden;Mannen en vrouwen;Den Helder;2018;57330;45343;6157;2338;3819;5830;3079;2751;400
8038;Totaal over alle leeftijden;Mannen en vrouwen;Den Helder;2019;57368;45208;6208;2354;3854;5952;3145;2807;400
8039;Totaal over alle leeftijden;Mannen en vrouwen;Den Helder;2020;57357;45046;6243;2405;3838;6068;3184;2884;400
8040;Totaal over alle leeftijden;Mannen en vrouwen;Den Helder;2021;57261;44839;6269;2430;3839;6153;3214;2939;400
8041;Totaal over alle leeftijden;Mannen en vrouwen;Den Helder;2022;57293;44772;6260;2434;3826;6261;3257;3004;400
8042;Totaal over alle leeftijden;Mannen en vrouwen;Den Helder;2023;57417;44706;6321;2488;3833;6390;3310;3080;400
8043;Totaal over alle leeftijden;Mannen en vrouwen;Den Helder;2024;57350;44508;6357;2506;3851;6485;3317;3168;400
8044;Totaal over alle leeftijden;Mannen en vrouwen;Den Helder;2025;57187;44266;6391;2528;3863;6530;3318;3212;400
8045;Totaal over alle leeftijden;Mannen en vrouwen;Den Helder;2026;57225;44124;6404;2540;3864;6697;3381;3316;400
8046;Totaal over alle leeftijden;Mannen en vrouwen;Den Helder;2027;57236;43970;6432;2539;3893;6834;3446;3388;400
8047;Totaal over alle leeftijden;Mannen en vrouwen;Den Helder;2028;57091;43696;6485;2573;3912;6910;3499;3411;400
8048;Totaal over alle leeftijden;Mannen en vrouwen;Den Helder;2029;56977;43444;6507;2598;3909;7026;3576;3450;400
8049;Totaal over alle leeftijden;Mannen en vrouwen;Den Helder;2030;56844;43172;6545;2625;3920;7127;3591;3536;400
8050;Totaal over alle leeftijden;Mannen en vrouwen;Den Helder;2031;56595;42825;6587;2665;3922;7183;3595;3588;400
8051;Totaal over alle leeftijden;Mannen en vrouwen;Den Helder;2032;56226;42395;6607;2689;3918;7224;3635;3589;400
8052;Totaal over alle leeftijden;Mannen en vrouwen;Den Helder;2033;55971;42100;6589;2692;3897;7282;3667;3615;400
8053;Totaal over alle leeftijden;Mannen en vrouwen;Den Helder;2034;55727;41750;6594;2700;3894;7383;3717;3666;400
8054;Totaal over alle leeftijden;Mannen en vrouwen;Den Helder;2035;55443;41383;6640;2762;3878;7420;3733;3687;400
8055;Totaal over alle leeftijden;Mannen en vrouwen;Den Helder;2036;55212;40982;6691;2780;3911;7539;3780;3759;400
8056;Totaal over alle leeftijden;Mannen en vrouwen;Den Helder;2037;54852;40597;6690;2774;3916;7565;3752;3813;400
8057;Totaal over alle leeftijden;Mannen en vrouwen;Den Helder;2038;54516;40159;6714;2784;3930;7643;3773;3870;400
8058;Totaal over alle leeftijden;Mannen en vrouwen;Den Helder;2039;54191;39768;6697;2797;3900;7726;3813;3913;400
8059;Totaal over alle leeftijden;Mannen en vrouwen;Den Helder;2040;53830;39363;6691;2793;3898;7776;3817;3959;400
8060;Totaal over alle leeftijden;Mannen en vrouwen;Hellendoorn;2010;35682;33268;1548;487;1061;866;460;406;163
8061;Totaal over alle leeftijden;Mannen en vrouwen;Hellendoorn;2011;35635;33083;1582;507;1075;970;508;462;163
8062;Totaal over alle leeftijden;Mannen en vrouwen;Hellendoorn;2012;35580;32877;1620;524;1096;1083;566;517;163
8063;Totaal over alle leeftijden;Mannen en vrouwen;Hellendoorn;2013;35511;32684;1660;549;1111;1167;613;554;163
8064;Totaal over alle leeftijden;Mannen en vrouwen;Hellendoorn;2014;35444;32458;1702;576;1126;1284;691;593;163
8065;Totaal over alle leeftijden;Mannen en vrouwen;Hellendoorn;2015;35340;32220;1733;588;1145;1387;731;656;163
8066;Totaal over alle leeftijden;Mannen en vrouwen;Hellendoorn;2016;35381;32116;1765;613;1152;1500;779;721;163
8067;Totaal over alle leeftijden;Mannen en vrouwen;Hellendoorn;2017;35404;32012;1797;634;1163;1595;818;777;163
8068;Totaal over alle leeftijden;Mannen en vrouwen;Hellendoorn;2018;35353;31853;1837;657;1180;1663;854;809;163
8069;Totaal over alle leeftijden;Mannen en vrouwen;Hellendoorn;2019;35357;31697;1889;681;1208;1771;890;881;163
8070;Totaal over alle leeftijden;Mannen en vrouwen;Hellendoorn;2020;35385;31628;1909;703;1206;1848;918;930;163
8071;Totaal over alle leeftijden;Mannen en vrouwen;Hellendoorn;2021;35415;31552;1933;723;1210;1930;952;978;163
8072;Totaal over alle leeftijden;Mannen en vrouwen;Hellendoorn;2022;35478;31464;1974;756;1218;2040;985;1055;163
8073;Totaal over alle leeftijden;Mannen en vrouwen;Hellendoorn;2023;35479;31341;1994;769;1225;2144;1033;1111;163
8074;Totaal over alle leeftijden;Mannen en vrouwen;Hellendoorn;2024;35430;31175;2020;780;1240;2235;1067;1168;163
8075;Totaal over alle leeftijden;Mannen en vrouwen;Hellendoorn;2025;35451;31049;2045;791;1254;2357;1117;1240;163
8076;Totaal over alle leeftijden;Mannen en vrouwen;Hellendoorn;2026;35487;30936;2072;804;1268;2479;1176;1303;163
8077;Totaal over alle leeftijden;Mannen en vrouwen;Hellendoorn;2027;35485;30827;2097;832;1265;2561;1214;1347;163
8078;Totaal over alle leeftijden;Mannen en vrouwen;Hellendoorn;2028;35478;30684;2134;839;1295;2660;1248;1412;163
8079;Totaal over alle leeftijden;Mannen en vrouwen;Hellendoorn;2029;35436;30517;2179;854;1325;2740;1271;1469;163
8080;Totaal over alle leeftijden;Mannen en vrouwen;Hellendoorn;2030;35455;30418;2206;867;1339;2831;1324;1507;163
8081;Totaal over alle leeftijden;Mannen en vrouwen;Hellendoorn;2031;35465;30274;2228;882;1346;2963;1385;1578;163
8082;Totaal over alle leeftijden;Mannen en vrouwen;Hellendoorn;2032;35550;30193;2246;889;1357;3111;1440;1671;163
8083;Totaal over alle leeftijden;Mannen en vrouwen;Hellendoorn;2033;35571;30041;2280;897;1383;3250;1516;1734;163
8084;Totaal over alle leeftijden;Mannen en vrouwen;Hellendoorn;2034;35618;29962;2303;910;1393;3353;1561;1792;163
8085;Totaal over alle leeftijden;Mannen en vrouwen;Hellendoorn;2035;35644;29861;2338;939;1399;3445;1595;1850;163
8086;Totaal over alle leeftijden;Mannen en vrouwen;Hellendoorn;2036;35588;29707;2369;968;1401;3512;1623;1889;163
8087;Totaal over alle leeftijden;Mannen en vrouwen;Hellendoorn;2037;35560;29550;2406;984;1422;3604;1655;1949;163
8088;Totaal over alle leeftijden;Mannen en vrouwen;Hellendoorn;2038;35506;29395;2437;1002;1435;3674;1675;1999;163
8089;Totaal over alle leeftijden;Mannen en vrouwen;Hellendoorn;2039;35469;29234;2451;1018;1433;3784;1722;2062;163
8090;Totaal over alle leeftijden;Mannen en vrouwen;Hellendoorn;2040;35435;29092;2474;1024;1450;3869;1773;2096;163
8091;Totaal over alle leeftijden;Mannen en vrouwen;Hellevoetsluis;2010;39916;32940;3712;1432;2280;3264;1757;1507;530
8092;Totaal over alle leeftijden;Mannen en vrouwen;Hellevoetsluis;2011;40010;32860;3764;1439;2325;3386;1799;1587;530
8093;Totaal over alle leeftijden;Mannen en vrouwen;Hellevoetsluis;2012;40010;32693;3840;1470;2370;3477;1834;1643;530
8094;Totaal over alle leeftijden;Mannen en vrouwen;Hellevoetsluis;2013;40145;32663;3885;1479;2406;3597;1856;1741;530
8095;Totaal over alle leeftijden;Mannen en vrouwen;Hellevoetsluis;2014;40213;32577;3943;1483;2460;3693;1891;1802;530
8096;Totaal over alle leeftijden;Mannen en vrouwen;Hellevoetsluis;2015;40170;32382;3968;1486;2482;3820;1942;1878;530
8097;Totaal over alle leeftijden;Mannen en vrouwen;Hellevoetsluis;2016;40169;32229;4012;1476;2536;3928;1967;1961;530
8098;Totaal over alle leeftijden;Mannen en vrouwen;Hellevoetsluis;2017;40230;32165;4028;1481;2547;4037;1982;2055;530
8099;Totaal over alle leeftijden;Mannen en vrouwen;Hellevoetsluis;2018;40232;32044;4058;1467;2591;4130;2022;2108;530
8100;Totaal over alle leeftijden;Mannen en vrouwen;Hellevoetsluis;2019;40264;31912;4109;1462;2647;4243;2031;2212;530
8101;Totaal over alle leeftijden;Mannen en vrouwen;Hellevoetsluis;2020;40310;31796;4112;1434;2678;4402;2100;2302;530
8102;Totaal over alle leeftijden;Mannen en vrouwen;Hellevoetsluis;2021;40295;31620;4152;1436;2716;4523;2156;2367;530
8103;Totaal over alle leeftijden;Mannen en vrouwen;Hellevoetsluis;2022;40306;31538;4172;1444;2728;4596;2168;2428;530
8104;Totaal over alle leeftijden;Mannen en vrouwen;Hellevoetsluis;2023;40409;31462;4219;1471;2748;4728;2214;2514;530
8105;Totaal over alle leeftijden;Mannen en vrouwen;Hellevoetsluis;2024;40406;31304;4260;1481;2779;4842;2247;2595;530
8106;Totaal over alle leeftijden;Mannen en vrouwen;Hellevoetsluis;2025;40416;31173;4302;1497;2805;4941;2279;2662;530
8107;Totaal over alle leeftijden;Mannen en vrouwen;Hellevoetsluis;2026;40517;31120;4361;1513;2848;5036;2335;2701;530
8108;Totaal over alle leeftijden;Mannen en vrouwen;Hellevoetsluis;2027;40513;31000;4378;1493;2885;5135;2369;2766;530
8109;Totaal over alle leeftijden;Mannen en vrouwen;Hellevoetsluis;2028;40576;30921;4410;1495;2915;5245;2412;2833;530
8110;Totaal over alle leeftijden;Mannen en vrouwen;Hellevoetsluis;2029;40677;30926;4436;1518;2918;5315;2423;2892;530
8111;Totaal over alle leeftijden;Mannen en vrouwen;Hellevoetsluis;2030;40646;30775;4482;1514;2968;5389;2423;2966;530
8112;Totaal over alle leeftijden;Mannen en vrouwen;Hellevoetsluis;2031;40645;30689;4497;1501;2996;5459;2456;3003;530
8113;Totaal over alle leeftijden;Mannen en vrouwen;Hellevoetsluis;2032;40691;30611;4530;1502;3028;5550;2497;3053;530
8114;Totaal over alle leeftijden;Mannen en vrouwen;Hellevoetsluis;2033;40606;30420;4555;1503;3052;5631;2517;3114;530
8115;Totaal over alle leeftijden;Mannen en vrouwen;Hellevoetsluis;2034;40476;30216;4582;1517;3065;5678;2534;3144;530
8116;Totaal over alle leeftijden;Mannen en vrouwen;Hellevoetsluis;2035;40421;30047;4589;1528;3061;5785;2571;3214;530
8117;Totaal over alle leeftijden;Mannen en vrouwen;Hellevoetsluis;2036;40355;29879;4594;1498;3096;5882;2591;3291;530
8118;Totaal over alle leeftijden;Mannen en vrouwen;Hellevoetsluis;2037;40303;29687;4637;1495;3142;5979;2628;3351;530
8119;Totaal over alle leeftijden;Mannen en vrouwen;Hellevoetsluis;2038;40195;29488;4674;1523;3151;6033;2659;3374;530
8120;Totaal over alle leeftijden;Mannen en vrouwen;Hellevoetsluis;2039;40116;29318;4680;1525;3155;6118;2686;3432;530
8121;Totaal over alle leeftijden;Mannen en vrouwen;Hellevoetsluis;2040;39960;29094;4671;1513;3158;6195;2717;3478;530
8122;Totaal over alle leeftijden;Mannen en vrouwen;Helmond;2010;87974;69203;9052;3980;5072;9719;5318;4401;794
8123;Totaal over alle leeftijden;Mannen en vrouwen;Helmond;2011;88402;69575;9155;4078;5077;9672;5300;4372;794
8124;Totaal over alle leeftijden;Mannen en vrouwen;Helmond;2012;89056;70127;9234;4152;5082;9695;5301;4394;794
8125;Totaal over alle leeftijden;Mannen en vrouwen;Helmond;2013;89737;70720;9345;4240;5105;9672;5311;4361;794
8126;Totaal over alle leeftijden;Mannen en vrouwen;Helmond;2014;90410;71256;9432;4316;5116;9722;5389;4333;794
8127;Totaal over alle leeftijden;Mannen en vrouwen;Helmond;2015;91239;71901;9540;4389;5151;9798;5442;4356;794
8128;Totaal over alle leeftijden;Mannen en vrouwen;Helmond;2016;91809;72364;9627;4469;5158;9818;5485;4333;794
8129;Totaal over alle leeftijden;Mannen en vrouwen;Helmond;2017;92380;72836;9691;4498;5193;9853;5517;4336;794
8130;Totaal over alle leeftijden;Mannen en vrouwen;Helmond;2018;93018;73346;9733;4556;5177;9939;5577;4362;794
8131;Totaal over alle leeftijden;Mannen en vrouwen;Helmond;2019;93416;73649;9795;4602;5193;9972;5626;4346;794
8132;Totaal over alle leeftijden;Mannen en vrouwen;Helmond;2020;93944;74013;9864;4667;5197;10067;5736;4331;794
8133;Totaal over alle leeftijden;Mannen en vrouwen;Helmond;2021;94338;74330;9884;4697;5187;10124;5814;4310;794
8134;Totaal over alle leeftijden;Mannen en vrouwen;Helmond;2022;94693;74586;9927;4739;5188;10180;5873;4307;794
8135;Totaal over alle leeftijden;Mannen en vrouwen;Helmond;2023;94918;74671;9993;4771;5222;10254;5938;4316;794
8136;Totaal over alle leeftijden;Mannen en vrouwen;Helmond;2024;95184;74779;10077;4833;5244;10328;5981;4347;794
8137;Totaal over alle leeftijden;Mannen en vrouwen;Helmond;2025;95473;74942;10165;4920;5245;10366;6024;4342;794
8138;Totaal over alle leeftijden;Mannen en vrouwen;Helmond;2026;95695;75102;10207;4958;5249;10386;6034;4352;794
8139;Totaal over alle leeftijden;Mannen en vrouwen;Helmond;2027;96041;75268;10320;5074;5246;10453;6070;4383;794
8140;Totaal over alle leeftijden;Mannen en vrouwen;Helmond;2028;96230;75313;10355;5134;5221;10562;6159;4403;794
8141;Totaal over alle leeftijden;Mannen en vrouwen;Helmond;2029;96405;75339;10469;5227;5242;10597;6200;4397;794
8142;Totaal over alle leeftijden;Mannen en vrouwen;Helmond;2030;96508;75284;10544;5308;5236;10680;6223;4457;794
8143;Totaal over alle leeftijden;Mannen en vrouwen;Helmond;2031;96609;75203;10613;5341;5272;10793;6265;4528;794
8144;Totaal over alle leeftijden;Mannen en vrouwen;Helmond;2032;96720;75141;10680;5378;5302;10899;6315;4584;794
8145;Totaal over alle leeftijden;Mannen en vrouwen;Helmond;2033;96796;75046;10796;5499;5297;10954;6272;4682;794
8146;Totaal over alle leeftijden;Mannen en vrouwen;Helmond;2034;96781;74859;10873;5566;5307;11049;6306;4743;794
8147;Totaal over alle leeftijden;Mannen en vrouwen;Helmond;2035;96771;74689;10923;5640;5283;11159;6315;4844;794
8148;Totaal over alle leeftijden;Mannen en vrouwen;Helmond;2036;96663;74414;10961;5718;5243;11288;6372;4916;794
8149;Totaal over alle leeftijden;Mannen en vrouwen;Helmond;2037;96629;74222;11062;5757;5305;11345;6373;4972;794
8150;Totaal over alle leeftijden;Mannen en vrouwen;Helmond;2038;96472;73941;11100;5784;5316;11431;6365;5066;794
8151;Totaal over alle leeftijden;Mannen en vrouwen;Helmond;2039;96361;73632;11164;5819;5345;11565;6382;5183;794
8152;Totaal over alle leeftijden;Mannen en vrouwen;Helmond;2040;96229;73409;11209;5840;5369;11611;6378;5233;794
8153;Totaal over alle leeftijden;Mannen en vrouwen;Hendrik-Ido-Ambacht;2010;27021;23744;1707;619;1088;1570;762;808;531
8154;Totaal over alle leeftijden;Mannen en vrouwen;Hendrik-Ido-Ambacht;2011;27428;24018;1743;634;1109;1667;797;870;531
8155;Totaal over alle leeftijden;Mannen en vrouwen;Hendrik-Ido-Ambacht;2012;27570;24062;1751;653;1098;1757;820;937;531
8156;Totaal over alle leeftijden;Mannen en vrouwen;Hendrik-Ido-Ambacht;2013;27695;24099;1751;646;1105;1845;835;1010;531
8157;Totaal over alle leeftijden;Mannen en vrouwen;Hendrik-Ido-Ambacht;2014;27995;24299;1744;630;1114;1952;868;1084;531
8158;Totaal over alle leeftijden;Mannen en vrouwen;Hendrik-Ido-Ambacht;2015;28146;24341;1759;636;1123;2046;885;1161;531
8159;Totaal over alle leeftijden;Mannen en vrouwen;Hendrik-Ido-Ambacht;2016;28355;24440;1795;637;1158;2120;905;1215;531
8160;Totaal over alle leeftijden;Mannen en vrouwen;Hendrik-Ido-Ambacht;2017;28499;24483;1819;656;1163;2197;926;1271;531
8161;Totaal over alle leeftijden;Mannen en vrouwen;Hendrik-Ido-Ambacht;2018;28676;24547;1852;666;1186;2277;930;1347;531
8162;Totaal over alle leeftijden;Mannen en vrouwen;Hendrik-Ido-Ambacht;2019;28845;24600;1881;674;1207;2364;955;1409;531
8163;Totaal over alle leeftijden;Mannen en vrouwen;Hendrik-Ido-Ambacht;2020;29033;24684;1913;675;1238;2436;991;1445;531
8164;Totaal over alle leeftijden;Mannen en vrouwen;Hendrik-Ido-Ambacht;2021;29273;24821;1979;710;1269;2473;991;1482;531
8165;Totaal over alle leeftijden;Mannen en vrouwen;Hendrik-Ido-Ambacht;2022;29360;24812;2011;731;1280;2537;1002;1535;531
8166;Totaal over alle leeftijden;Mannen en vrouwen;Hendrik-Ido-Ambacht;2023;29518;24824;2078;761;1317;2616;1027;1589;531
8167;Totaal over alle leeftijden;Mannen en vrouwen;Hendrik-Ido-Ambacht;2024;29695;24878;2111;763;1348;2706;1056;1650;531
8168;Totaal over alle leeftijden;Mannen en vrouwen;Hendrik-Ido-Ambacht;2025;29660;24770;2103;754;1349;2787;1084;1703;531
8169;Totaal over alle leeftijden;Mannen en vrouwen;Hendrik-Ido-Ambacht;2026;29799;24796;2138;751;1387;2865;1124;1741;531
8170;Totaal over alle leeftijden;Mannen en vrouwen;Hendrik-Ido-Ambacht;2027;30028;24890;2189;768;1421;2949;1164;1785;531
8171;Totaal over alle leeftijden;Mannen en vrouwen;Hendrik-Ido-Ambacht;2028;30110;24912;2179;726;1453;3019;1166;1853;531
8172;Totaal over alle leeftijden;Mannen en vrouwen;Hendrik-Ido-Ambacht;2029;30242;25016;2181;717;1464;3045;1174;1871;531
8173;Totaal over alle leeftijden;Mannen en vrouwen;Hendrik-Ido-Ambacht;2030;30358;25063;2171;724;1447;3124;1186;1938;531
8174;Totaal over alle leeftijden;Mannen en vrouwen;Hendrik-Ido-Ambacht;2031;30258;24975;2162;708;1454;3121;1174;1947;531
8175;Totaal over alle leeftijden;Mannen en vrouwen;Hendrik-Ido-Ambacht;2032;30233;24923;2162;714;1448;3148;1166;1982;531
8176;Totaal over alle leeftijden;Mannen en vrouwen;Hendrik-Ido-Ambacht;2033;30157;24791;2203;742;1461;3163;1169;1994;531
8177;Totaal over alle leeftijden;Mannen en vrouwen;Hendrik-Ido-Ambacht;2034;30106;24704;2181;737;1444;3221;1199;2022;531
8178;Totaal over alle leeftijden;Mannen en vrouwen;Hendrik-Ido-Ambacht;2035;29981;24552;2195;733;1462;3234;1211;2023;531
8179;Totaal over alle leeftijden;Mannen en vrouwen;Hendrik-Ido-Ambacht;2036;29880;24388;2219;756;1463;3273;1235;2038;531
8180;Totaal over alle leeftijden;Mannen en vrouwen;Hendrik-Ido-Ambacht;2037;29696;24194;2211;747;1464;3291;1242;2049;531
8181;Totaal over alle leeftijden;Mannen en vrouwen;Hendrik-Ido-Ambacht;2038;29506;24013;2186;734;1452;3307;1255;2052;531
8182;Totaal over alle leeftijden;Mannen en vrouwen;Hendrik-Ido-Ambacht;2039;29284;23826;2175;720;1455;3283;1256;2027;531
8183;Totaal over alle leeftijden;Mannen en vrouwen;Hendrik-Ido-Ambacht;2040;29095;23631;2151;720;1431;3313;1256;2057;531
8184;Totaal over alle leeftijden;Mannen en vrouwen;Hengelo (O.);2010;82439;65206;8079;3022;5057;9154;4933;4221;164
8185;Totaal over alle leeftijden;Mannen en vrouwen;Hengelo (O.);2011;83069;65639;8078;3039;5039;9352;4968;4384;164
8186;Totaal over alle leeftijden;Mannen en vrouwen;Hengelo (O.);2012;83455;65876;8074;3056;5018;9505;5012;4493;164
8187;Totaal over alle leeftijden;Mannen en vrouwen;Hengelo (O.);2013;83928;66127;8120;3109;5011;9681;5083;4598;164
8188;Totaal over alle leeftijden;Mannen en vrouwen;Hengelo (O.);2014;84421;66384;8140;3115;5025;9897;5162;4735;164
8189;Totaal over alle leeftijden;Mannen en vrouwen;Hengelo (O.);2015;84829;66592;8146;3132;5014;10091;5234;4857;164
8190;Totaal over alle leeftijden;Mannen en vrouwen;Hengelo (O.);2016;85204;66808;8116;3091;5025;10280;5284;4996;164
8191;Totaal over alle leeftijden;Mannen en vrouwen;Hengelo (O.);2017;85583;67014;8144;3091;5053;10425;5307;5118;164
8192;Totaal over alle leeftijden;Mannen en vrouwen;Hengelo (O.);2018;85903;67127;8173;3112;5061;10603;5359;5244;164
8193;Totaal over alle leeftijden;Mannen en vrouwen;Hengelo (O.);2019;86192;67263;8188;3150;5038;10741;5401;5340;164
8194;Totaal over alle leeftijden;Mannen en vrouwen;Hengelo (O.);2020;86448;67418;8161;3111;5050;10869;5489;5380;164
8195;Totaal over alle leeftijden;Mannen en vrouwen;Hengelo (O.);2021;86645;67509;8083;3050;5033;11053;5563;5490;164
8196;Totaal over alle leeftijden;Mannen en vrouwen;Hengelo (O.);2022;86949;67657;8093;3046;5047;11199;5635;5564;164
8197;Totaal over alle leeftijden;Mannen en vrouwen;Hengelo (O.);2023;87122;67721;8070;3029;5041;11331;5692;5639;164
8198;Totaal over alle leeftijden;Mannen en vrouwen;Hengelo (O.);2024;87330;67807;8053;3007;5046;11470;5751;5719;164
8199;Totaal over alle leeftijden;Mannen en vrouwen;Hengelo (O.);2025;87553;67886;8021;3009;5012;11646;5827;5819;164
8200;Totaal over alle leeftijden;Mannen en vrouwen;Hengelo (O.);2026;87763;67962;7972;2952;5020;11829;5937;5892;164
8201;Totaal over alle leeftijden;Mannen en vrouwen;Hengelo (O.);2027;87977;68041;8014;2985;5029;11922;5960;5962;164
8202;Totaal over alle leeftijden;Mannen en vrouwen;Hengelo (O.);2028;88149;68169;7970;2950;5020;12010;6040;5970;164
8203;Totaal over alle leeftijden;Mannen en vrouwen;Hengelo (O.);2029;88276;68220;7968;2926;5042;12088;6098;5990;164
8204;Totaal over alle leeftijden;Mannen en vrouwen;Hengelo (O.);2030;88405;68236;7951;2899;5052;12218;6148;6070;164
8205;Totaal over alle leeftijden;Mannen en vrouwen;Hengelo (O.);2031;88578;68279;7958;2927;5031;12341;6188;6153;164
8206;Totaal over alle leeftijden;Mannen en vrouwen;Hengelo (O.);2032;88592;68206;7966;2915;5051;12420;6264;6156;164
8207;Totaal over alle leeftijden;Mannen en vrouwen;Hengelo (O.);2033;88597;68136;7879;2853;5026;12582;6328;6254;164
8208;Totaal over alle leeftijden;Mannen en vrouwen;Hengelo (O.);2034;88652;68088;7818;2812;5006;12746;6439;6307;164
8209;Totaal over alle leeftijden;Mannen en vrouwen;Hengelo (O.);2035;88666;67988;7805;2806;4999;12873;6466;6407;164
8210;Totaal over alle leeftijden;Mannen en vrouwen;Hengelo (O.);2036;88648;67910;7799;2839;4960;12939;6495;6444;164
8211;Totaal over alle leeftijden;Mannen en vrouwen;Hengelo (O.);2037;88606;67726;7791;2850;4941;13089;6573;6516;164
8212;Totaal over alle leeftijden;Mannen en vrouwen;Hengelo (O.);2038;88549;67639;7762;2839;4923;13148;6651;6497;164
8213;Totaal over alle leeftijden;Mannen en vrouwen;Hengelo (O.);2039;88479;67465;7741;2823;4918;13273;6705;6568;164
8214;Totaal over alle leeftijden;Mannen en vrouwen;Hengelo (O.);2040;88392;67332;7748;2834;4914;13312;6717;6595;164
8215;Totaal over alle leeftijden;Mannen en vrouwen;'s-Hertogenbosch;2010;138543;112390;12202;4850;7352;13951;7791;6160;796
8216;Totaal over alle leeftijden;Mannen en vrouwen;'s-Hertogenbosch;2011;139394;113016;12296;4938;7358;14082;7876;6206;796
8217;Totaal over alle leeftijden;Mannen en vrouwen;'s-Hertogenbosch;2012;140091;113481;12412;5021;7391;14198;7997;6201;796
8218;Totaal over alle leeftijden;Mannen en vrouwen;'s-Hertogenbosch;2013;140840;114158;12449;5028;7421;14233;8028;6205;796
8219;Totaal over alle leeftijden;Mannen en vrouwen;'s-Hertogenbosch;2014;141752;114840;12576;5092;7484;14336;8096;6240;796
8220;Totaal over alle leeftijden;Mannen en vrouwen;'s-Hertogenbosch;2015;142329;115262;12634;5093;7541;14433;8210;6223;796
8221;Totaal over alle leeftijden;Mannen en vrouwen;'s-Hertogenbosch;2016;143020;115834;12611;5056;7555;14575;8353;6222;796
8222;Totaal over alle leeftijden;Mannen en vrouwen;'s-Hertogenbosch;2017;143544;116131;12661;5072;7589;14752;8478;6274;796
8223;Totaal over alle leeftijden;Mannen en vrouwen;'s-Hertogenbosch;2018;143964;116338;12714;5069;7645;14912;8626;6286;796
8224;Totaal over alle leeftijden;Mannen en vrouwen;'s-Hertogenbosch;2019;144333;116514;12786;5111;7675;15033;8732;6301;796
8225;Totaal over alle leeftijden;Mannen en vrouwen;'s-Hertogenbosch;2020;144633;116547;12874;5151;7723;15212;8872;6340;796
8226;Totaal over alle leeftijden;Mannen en vrouwen;'s-Hertogenbosch;2021;144841;116529;12929;5165;7764;15383;8966;6417;796
8227;Totaal over alle leeftijden;Mannen en vrouwen;'s-Hertogenbosch;2022;145133;116518;13027;5225;7802;15588;9076;6512;796
8228;Totaal over alle leeftijden;Mannen en vrouwen;'s-Hertogenbosch;2023;145353;116438;13157;5300;7857;15758;9182;6576;796
8229;Totaal over alle leeftijden;Mannen en vrouwen;'s-Hertogenbosch;2024;145578;116547;13154;5291;7863;15877;9295;6582;796
8230;Totaal over alle leeftijden;Mannen en vrouwen;'s-Hertogenbosch;2025;145802;116552;13241;5342;7899;16009;9375;6634;796
8231;Totaal over alle leeftijden;Mannen en vrouwen;'s-Hertogenbosch;2026;145896;116456;13264;5366;7898;16176;9470;6706;796
8232;Totaal over alle leeftijden;Mannen en vrouwen;'s-Hertogenbosch;2027;145898;116274;13258;5385;7873;16366;9598;6768;796
8233;Totaal over alle leeftijden;Mannen en vrouwen;'s-Hertogenbosch;2028;145865;116070;13297;5383;7914;16498;9702;6796;796
8234;Totaal over alle leeftijden;Mannen en vrouwen;'s-Hertogenbosch;2029;145882;115781;13374;5455;7919;16727;9830;6897;796
8235;Totaal over alle leeftijden;Mannen en vrouwen;'s-Hertogenbosch;2030;145947;115578;13423;5455;7968;16946;9908;7038;796
8236;Totaal over alle leeftijden;Mannen en vrouwen;'s-Hertogenbosch;2031;146022;115338;13537;5529;8008;17147;10008;7139;796
8237;Totaal over alle leeftijden;Mannen en vrouwen;'s-Hertogenbosch;2032;146090;115171;13572;5535;8037;17347;10097;7250;796
8238;Totaal over alle leeftijden;Mannen en vrouwen;'s-Hertogenbosch;2033;146122;114959;13591;5521;8070;17572;10205;7367;796
8239;Totaal over alle leeftijden;Mannen en vrouwen;'s-Hertogenbosch;2034;146083;114646;13654;5567;8087;17783;10219;7564;796
8240;Totaal over alle leeftijden;Mannen en vrouwen;'s-Hertogenbosch;2035;146143;114384;13737;5578;8159;18022;10263;7759;796
8241;Totaal over alle leeftijden;Mannen en vrouwen;'s-Hertogenbosch;2036;146168;114164;13827;5611;8216;18177;10293;7884;796
8242;Totaal over alle leeftijden;Mannen en vrouwen;'s-Hertogenbosch;2037;146057;113733;13907;5652;8255;18417;10385;8032;796
8243;Totaal over alle leeftijden;Mannen en vrouwen;'s-Hertogenbosch;2038;145784;113261;13952;5673;8279;18571;10439;8132;796
8244;Totaal over alle leeftijden;Mannen en vrouwen;'s-Hertogenbosch;2039;145662;112819;14036;5752;8284;18807;10494;8313;796
8245;Totaal over alle leeftijden;Mannen en vrouwen;'s-Hertogenbosch;2040;145396;112389;14077;5759;8318;18930;10532;8398;796
8246;Totaal over alle leeftijden;Mannen en vrouwen;Heumen;2010;16440;14356;1489;523;966;595;338;257;252
8247;Totaal over alle leeftijden;Mannen en vrouwen;Heumen;2011;16331;14164;1512;545;967;655;379;276;252
8248;Totaal over alle leeftijden;Mannen en vrouwen;Heumen;2012;16314;14070;1526;568;958;718;413;305;252
8249;Totaal over alle leeftijden;Mannen en vrouwen;Heumen;2013;16153;13859;1541;585;956;753;436;317;252
8250;Totaal over alle leeftijden;Mannen en vrouwen;Heumen;2014;16062;13726;1555;592;963;781;445;336;252
8251;Totaal over alle leeftijden;Mannen en vrouwen;Heumen;2015;15961;13590;1544;594;950;827;474;353;252
8252;Totaal over alle leeftijden;Mannen en vrouwen;Heumen;2016;15866;13443;1547;600;947;876;505;371;252
8253;Totaal over alle leeftijden;Mannen en vrouwen;Heumen;2017;15753;13267;1560;615;945;926;527;399;252
8254;Totaal over alle leeftijden;Mannen en vrouwen;Heumen;2018;15695;13153;1560;628;932;982;556;426;252
8255;Totaal over alle leeftijden;Mannen en vrouwen;Heumen;2019;15616;12996;1560;635;925;1060;608;452;252
8256;Totaal over alle leeftijden;Mannen en vrouwen;Heumen;2020;15610;12903;1585;653;932;1122;631;491;252
8257;Totaal over alle leeftijden;Mannen en vrouwen;Heumen;2021;15595;12826;1591;668;923;1178;665;513;252
8258;Totaal over alle leeftijden;Mannen en vrouwen;Heumen;2022;15535;12708;1601;673;928;1226;706;520;252
8259;Totaal over alle leeftijden;Mannen en vrouwen;Heumen;2023;15539;12627;1631;691;940;1281;729;552;252
8260;Totaal over alle leeftijden;Mannen en vrouwen;Heumen;2024;15523;12522;1651;705;946;1350;775;575;252
8261;Totaal over alle leeftijden;Mannen en vrouwen;Heumen;2025;15559;12512;1655;714;941;1392;786;606;252
8262;Totaal over alle leeftijden;Mannen en vrouwen;Heumen;2026;15650;12538;1675;728;947;1437;814;623;252
8263;Totaal over alle leeftijden;Mannen en vrouwen;Heumen;2027;15664;12499;1696;753;943;1469;830;639;252
8264;Totaal over alle leeftijden;Mannen en vrouwen;Heumen;2028;15745;12518;1724;773;951;1503;839;664;252
8265;Totaal over alle leeftijden;Mannen en vrouwen;Heumen;2029;15798;12530;1734;783;951;1534;832;702;252
8266;Totaal over alle leeftijden;Mannen en vrouwen;Heumen;2030;15850;12536;1735;783;952;1579;860;719;252
8267;Totaal over alle leeftijden;Mannen en vrouwen;Heumen;2031;15894;12509;1746;800;946;1639;883;756;252
8268;Totaal over alle leeftijden;Mannen en vrouwen;Heumen;2032;15989;12505;1789;831;958;1695;893;802;252
8269;Totaal over alle leeftijden;Mannen en vrouwen;Heumen;2033;16111;12545;1816;854;962;1750;930;820;252
8270;Totaal over alle leeftijden;Mannen en vrouwen;Heumen;2034;16231;12588;1842;872;970;1801;952;849;252
8271;Totaal over alle leeftijden;Mannen en vrouwen;Heumen;2035;16321;12635;1853;889;964;1833;971;862;252
8272;Totaal over alle leeftijden;Mannen en vrouwen;Heumen;2036;16370;12583;1906;921;985;1881;991;890;252
8273;Totaal over alle leeftijden;Mannen en vrouwen;Heumen;2037;16403;12543;1943;942;1001;1917;1018;899;252
8274;Totaal over alle leeftijden;Mannen en vrouwen;Heumen;2038;16377;12482;1951;958;993;1944;1022;922;252
8275;Totaal over alle leeftijden;Mannen en vrouwen;Heumen;2039;16434;12452;1988;985;1003;1994;1048;946;252
8276;Totaal over alle leeftijden;Mannen en vrouwen;Heumen;2040;16412;12373;2010;989;1021;2029;1048;981;252
8277;Totaal over alle leeftijden;Mannen en vrouwen;Heusden;2010;42782;37707;2516;1038;1478;2559;1374;1185;797
8278;Totaal over alle leeftijden;Mannen en vrouwen;Heusden;2011;42752;37554;2551;1073;1478;2647;1400;1247;797
8279;Totaal over alle leeftijden;Mannen en vrouwen;Heusden;2012;42675;37392;2560;1067;1493;2723;1421;1302;797
8280;Totaal over alle leeftijden;Mannen en vrouwen;Heusden;2013;42615;37263;2601;1095;1506;2751;1399;1352;797
8281;Totaal over alle leeftijden;Mannen en vrouwen;Heusden;2014;42617;37219;2589;1078;1511;2809;1416;1393;797
8282;Totaal over alle leeftijden;Mannen en vrouwen;Heusden;2015;42697;37168;2638;1106;1532;2891;1447;1444;797
8283;Totaal over alle leeftijden;Mannen en vrouwen;Heusden;2016;42860;37228;2668;1117;1551;2964;1480;1484;797
8284;Totaal over alle leeftijden;Mannen en vrouwen;Heusden;2017;42995;37228;2721;1141;1580;3046;1486;1560;797
8285;Totaal over alle leeftijden;Mannen en vrouwen;Heusden;2018;43027;37182;2760;1152;1608;3085;1506;1579;797
8286;Totaal over alle leeftijden;Mannen en vrouwen;Heusden;2019;43070;37082;2799;1188;1611;3189;1546;1643;797
8287;Totaal over alle leeftijden;Mannen en vrouwen;Heusden;2020;43188;37109;2797;1175;1622;3282;1592;1690;797
8288;Totaal over alle leeftijden;Mannen en vrouwen;Heusden;2021;43257;37080;2836;1207;1629;3341;1617;1724;797
8289;Totaal over alle leeftijden;Mannen en vrouwen;Heusden;2022;43435;37155;2868;1212;1656;3412;1650;1762;797
8290;Totaal over alle leeftijden;Mannen en vrouwen;Heusden;2023;43627;37218;2902;1213;1689;3507;1683;1824;797
8291;Totaal over alle leeftijden;Mannen en vrouwen;Heusden;2024;43650;37135;2948;1227;1721;3567;1706;1861;797
8292;Totaal over alle leeftijden;Mannen en vrouwen;Heusden;2025;43751;37154;2979;1239;1740;3618;1717;1901;797
8293;Totaal over alle leeftijden;Mannen en vrouwen;Heusden;2026;43878;37184;3012;1259;1753;3682;1758;1924;797
8294;Totaal over alle leeftijden;Mannen en vrouwen;Heusden;2027;44045;37206;3057;1265;1792;3782;1795;1987;797
8295;Totaal over alle leeftijden;Mannen en vrouwen;Heusden;2028;44281;37326;3085;1296;1789;3870;1799;2071;797
8296;Totaal over alle leeftijden;Mannen en vrouwen;Heusden;2029;44343;37290;3134;1329;1805;3919;1828;2091;797
8297;Totaal over alle leeftijden;Mannen en vrouwen;Heusden;2030;44547;37415;3146;1349;1797;3986;1836;2150;797
8298;Totaal over alle leeftijden;Mannen en vrouwen;Heusden;2031;44539;37360;3134;1319;1815;4045;1849;2196;797
8299;Totaal over alle leeftijden;Mannen en vrouwen;Heusden;2032;44584;37369;3117;1304;1813;4098;1849;2249;797
8300;Totaal over alle leeftijden;Mannen en vrouwen;Heusden;2033;44673;37335;3162;1329;1833;4176;1875;2301;797
8301;Totaal over alle leeftijden;Mannen en vrouwen;Heusden;2034;44660;37271;3180;1336;1844;4209;1882;2327;797
8302;Totaal over alle leeftijden;Mannen en vrouwen;Heusden;2035;44656;37202;3216;1377;1839;4238;1891;2347;797
8303;Totaal over alle leeftijden;Mannen en vrouwen;Heusden;2036;44589;37108;3203;1354;1849;4278;1912;2366;797
8304;Totaal over alle leeftijden;Mannen en vrouwen;Heusden;2037;44463;36958;3206;1363;1843;4299;1915;2384;797
8305;Totaal over alle leeftijden;Mannen en vrouwen;Heusden;2038;44312;36806;3178;1331;1847;4328;1944;2384;797
8306;Totaal over alle leeftijden;Mannen en vrouwen;Heusden;2039;44125;36635;3148;1305;1843;4342;1936;2406;797
8307;Totaal over alle leeftijden;Mannen en vrouwen;Heusden;2040;43944;36427;3160;1316;1844;4357;1920;2437;797
8308;Totaal over alle leeftijden;Mannen en vrouwen;Hillegom;2010;20649;17533;1731;776;955;1385;753;632;534
8309;Totaal over alle leeftijden;Mannen en vrouwen;Hillegom;2011;20691;17415;1745;778;967;1531;813;718;534
8310;Totaal over alle leeftijden;Mannen en vrouwen;Hillegom;2012;20772;17268;1790;799;991;1714;884;830;534
8311;Totaal over alle leeftijden;Mannen en vrouwen;Hillegom;2013;20824;17192;1796;794;1002;1836;930;906;534
8312;Totaal over alle leeftijden;Mannen en vrouwen;Hillegom;2014;20922;17124;1814;782;1032;1984;999;985;534
8313;Totaal over alle leeftijden;Mannen en vrouwen;Hillegom;2015;21019;17070;1830;780;1050;2119;1050;1069;534
8314;Totaal over alle leeftijden;Mannen en vrouwen;Hillegom;2016;21193;17084;1849;756;1093;2260;1097;1163;534
8315;Totaal over alle leeftijden;Mannen en vrouwen;Hillegom;2017;21327;17081;1856;753;1103;2390;1140;1250;534
8316;Totaal over alle leeftijden;Mannen en vrouwen;Hillegom;2018;21482;17077;1883;765;1118;2522;1187;1335;534
8317;Totaal over alle leeftijden;Mannen en vrouwen;Hillegom;2019;21618;17047;1925;767;1158;2646;1241;1405;534
8318;Totaal over alle leeftijden;Mannen en vrouwen;Hillegom;2020;21733;16973;1945;778;1167;2815;1303;1512;534
8319;Totaal over alle leeftijden;Mannen en vrouwen;Hillegom;2021;21816;16951;1939;766;1173;2926;1346;1580;534
8320;Totaal over alle leeftijden;Mannen en vrouwen;Hillegom;2022;21968;16949;1958;759;1199;3061;1409;1652;534
8321;Totaal over alle leeftijden;Mannen en vrouwen;Hillegom;2023;22124;16966;1990;794;1196;3168;1448;1720;534
8322;Totaal over alle leeftijden;Mannen en vrouwen;Hillegom;2024;22247;16961;1997;785;1212;3289;1496;1793;534
8323;Totaal over alle leeftijden;Mannen en vrouwen;Hillegom;2025;22390;16978;2038;810;1228;3374;1516;1858;534
8324;Totaal over alle leeftijden;Mannen en vrouwen;Hillegom;2026;22482;16947;2069;825;1244;3466;1563;1903;534
8325;Totaal over alle leeftijden;Mannen en vrouwen;Hillegom;2027;22578;16928;2037;801;1236;3613;1638;1975;534
8326;Totaal over alle leeftijden;Mannen en vrouwen;Hillegom;2028;22618;16860;2046;800;1246;3712;1683;2029;534
8327;Totaal over alle leeftijden;Mannen en vrouwen;Hillegom;2029;22742;16848;2099;831;1268;3795;1688;2107;534
8328;Totaal over alle leeftijden;Mannen en vrouwen;Hillegom;2030;22785;16773;2147;863;1284;3865;1722;2143;534
8329;Totaal over alle leeftijden;Mannen en vrouwen;Hillegom;2031;22821;16716;2146;828;1318;3959;1746;2213;534
8330;Totaal over alle leeftijden;Mannen en vrouwen;Hillegom;2032;22821;16616;2138;827;1311;4067;1782;2285;534
8331;Totaal over alle leeftijden;Mannen en vrouwen;Hillegom;2033;22925;16593;2167;837;1330;4165;1811;2354;534
8332;Totaal over alle leeftijden;Mannen en vrouwen;Hillegom;2034;22855;16422;2184;867;1317;4249;1853;2396;534
8333;Totaal over alle leeftijden;Mannen en vrouwen;Hillegom;2035;22958;16407;2213;887;1326;4338;1890;2448;534
8334;Totaal over alle leeftijden;Mannen en vrouwen;Hillegom;2036;22921;16282;2210;874;1336;4429;1924;2505;534
8335;Totaal over alle leeftijden;Mannen en vrouwen;Hillegom;2037;22962;16245;2213;885;1328;4504;1954;2550;534
8336;Totaal over alle leeftijden;Mannen en vrouwen;Hillegom;2038;23049;16200;2254;911;1343;4595;1985;2610;534
8337;Totaal over alle leeftijden;Mannen en vrouwen;Hillegom;2039;23063;16143;2252;894;1358;4668;2029;2639;534
8338;Totaal over alle leeftijden;Mannen en vrouwen;Hillegom;2040;23051;16026;2255;884;1371;4770;2064;2706;534
8339;Totaal over alle leeftijden;Mannen en vrouwen;Hilvarenbeek;2010;15076;14025;784;242;542;267;162;105;798
8340;Totaal over alle leeftijden;Mannen en vrouwen;Hilvarenbeek;2011;15057;13941;805;248;557;311;187;124;798
8341;Totaal over alle leeftijden;Mannen en vrouwen;Hilvarenbeek;2012;15040;13843;816;258;558;381;230;151;798
8342;Totaal over alle leeftijden;Mannen en vrouwen;Hilvarenbeek;2013;15001;13728;837;275;562;436;261;175;798
8343;Totaal over alle leeftijden;Mannen en vrouwen;Hilvarenbeek;2014;15006;13652;859;280;579;495;276;219;798
8344;Totaal over alle leeftijden;Mannen en vrouwen;Hilvarenbeek;2015;14964;13518;876;283;593;570;311;259;798
8345;Totaal over alle leeftijden;Mannen en vrouwen;Hilvarenbeek;2016;14965;13430;893;292;601;642;354;288;798
8346;Totaal over alle leeftijden;Mannen en vrouwen;Hilvarenbeek;2017;14962;13336;908;293;615;718;383;335;798
8347;Totaal over alle leeftijden;Mannen en vrouwen;Hilvarenbeek;2018;14955;13230;924;286;638;801;420;381;798
8348;Totaal over alle leeftijden;Mannen en vrouwen;Hilvarenbeek;2019;15013;13188;945;303;642;880;455;425;798
8349;Totaal over alle leeftijden;Mannen en vrouwen;Hilvarenbeek;2020;15028;13120;973;310;663;935;481;454;798
8350;Totaal over alle leeftijden;Mannen en vrouwen;Hilvarenbeek;2021;15072;13054;995;315;680;1023;528;495;798
8351;Totaal over alle leeftijden;Mannen en vrouwen;Hilvarenbeek;2022;15051;12978;997;305;692;1076;559;517;798
8352;Totaal over alle leeftijden;Mannen en vrouwen;Hilvarenbeek;2023;15125;12948;1010;301;709;1167;599;568;798
8353;Totaal over alle leeftijden;Mannen en vrouwen;Hilvarenbeek;2024;15119;12856;1033;311;722;1230;623;607;798
8354;Totaal over alle leeftijden;Mannen en vrouwen;Hilvarenbeek;2025;15111;12761;1044;313;731;1306;652;654;798
8355;Totaal over alle leeftijden;Mannen en vrouwen;Hilvarenbeek;2026;15143;12687;1059;321;738;1397;673;724;798
8356;Totaal over alle leeftijden;Mannen en vrouwen;Hilvarenbeek;2027;15238;12695;1082;323;759;1461;699;762;798
8357;Totaal over alle leeftijden;Mannen en vrouwen;Hilvarenbeek;2028;15319;12660;1113;336;777;1546;729;817;798
8358;Totaal over alle leeftijden;Mannen en vrouwen;Hilvarenbeek;2029;15409;12646;1129;345;784;1634;767;867;798
8359;Totaal over alle leeftijden;Mannen en vrouwen;Hilvarenbeek;2030;15479;12643;1133;342;791;1703;792;911;798
8360;Totaal over alle leeftijden;Mannen en vrouwen;Hilvarenbeek;2031;15545;12638;1146;335;811;1761;821;940;798
8361;Totaal over alle leeftijden;Mannen en vrouwen;Hilvarenbeek;2032;15544;12538;1170;338;832;1836;845;991;798
8362;Totaal over alle leeftijden;Mannen en vrouwen;Hilvarenbeek;2033;15541;12471;1198;351;847;1872;849;1023;798
8363;Totaal over alle leeftijden;Mannen en vrouwen;Hilvarenbeek;2034;15553;12416;1209;347;862;1928;882;1046;798
8364;Totaal over alle leeftijden;Mannen en vrouwen;Hilvarenbeek;2035;15551;12337;1226;346;880;1988;904;1084;798
8365;Totaal over alle leeftijden;Mannen en vrouwen;Hilvarenbeek;2036;15522;12245;1240;347;893;2037;936;1101;798
8366;Totaal over alle leeftijden;Mannen en vrouwen;Hilvarenbeek;2037;15489;12161;1263;353;910;2065;947;1118;798
8367;Totaal over alle leeftijden;Mannen en vrouwen;Hilvarenbeek;2038;15499;12090;1276;351;925;2133;971;1162;798
8368;Totaal over alle leeftijden;Mannen en vrouwen;Hilvarenbeek;2039;15472;11998;1301;348;953;2173;999;1174;798
8369;Totaal over alle leeftijden;Mannen en vrouwen;Hilvarenbeek;2040;15450;11916;1305;349;956;2229;1026;1203;798
8370;Totaal over alle leeftijden;Mannen en vrouwen;Hilversum;2010;84122;65470;9877;4337;5540;8775;5039;3736;402
8371;Totaal over alle leeftijden;Mannen en vrouwen;Hilversum;2011;84716;65692;10124;4432;5692;8900;5062;3838;402
8372;Totaal over alle leeftijden;Mannen en vrouwen;Hilversum;2012;85172;65787;10385;4568;5817;9000;5095;3905;402
8373;Totaal over alle leeftijden;Mannen en vrouwen;Hilversum;2013;85344;65679;10598;4692;5906;9067;5133;3934;402
8374;Totaal over alle leeftijden;Mannen en vrouwen;Hilversum;2014;85479;65605;10703;4737;5966;9171;5215;3956;402
8375;Totaal over alle leeftijden;Mannen en vrouwen;Hilversum;2015;85567;65532;10820;4771;6049;9215;5223;3992;402
8376;Totaal over alle leeftijden;Mannen en vrouwen;Hilversum;2016;85714;65541;10882;4778;6104;9291;5247;4044;402
8377;Totaal over alle leeftijden;Mannen en vrouwen;Hilversum;2017;85932;65602;10989;4843;6146;9341;5268;4073;402
8378;Totaal over alle leeftijden;Mannen en vrouwen;Hilversum;2018;86155;65619;11063;4851;6212;9473;5347;4126;402
8379;Totaal over alle leeftijden;Mannen en vrouwen;Hilversum;2019;86266;65474;11135;4910;6225;9657;5422;4235;402
8380;Totaal over alle leeftijden;Mannen en vrouwen;Hilversum;2020;86421;65442;11233;4953;6280;9746;5461;4285;402
8381;Totaal over alle leeftijden;Mannen en vrouwen;Hilversum;2021;86601;65404;11304;4986;6318;9893;5516;4377;402
8382;Totaal over alle leeftijden;Mannen en vrouwen;Hilversum;2022;86882;65439;11402;5051;6351;10041;5572;4469;402
8383;Totaal over alle leeftijden;Mannen en vrouwen;Hilversum;2023;86918;65274;11506;5121;6385;10138;5627;4511;402
8384;Totaal over alle leeftijden;Mannen en vrouwen;Hilversum;2024;87031;65163;11560;5109;6451;10308;5713;4595;402
8385;Totaal over alle leeftijden;Mannen en vrouwen;Hilversum;2025;87135;65067;11647;5169;6478;10421;5783;4638;402
8386;Totaal over alle leeftijden;Mannen en vrouwen;Hilversum;2026;87195;64891;11690;5161;6529;10614;5902;4712;402
8387;Totaal over alle leeftijden;Mannen en vrouwen;Hilversum;2027;87513;64977;11789;5238;6551;10747;5920;4827;402
8388;Totaal over alle leeftijden;Mannen en vrouwen;Hilversum;2028;87531;64803;11898;5315;6583;10830;5969;4861;402
8389;Totaal over alle leeftijden;Mannen en vrouwen;Hilversum;2029;87712;64766;12009;5418;6591;10937;5991;4946;402
8390;Totaal over alle leeftijden;Mannen en vrouwen;Hilversum;2030;87726;64626;12028;5450;6578;11072;6060;5012;402
8391;Totaal over alle leeftijden;Mannen en vrouwen;Hilversum;2031;87886;64606;12091;5482;6609;11189;6091;5098;402
8392;Totaal over alle leeftijden;Mannen en vrouwen;Hilversum;2032;88077;64555;12203;5554;6649;11319;6097;5222;402
8393;Totaal over alle leeftijden;Mannen en vrouwen;Hilversum;2033;88326;64533;12296;5612;6684;11497;6143;5354;402
8394;Totaal over alle leeftijden;Mannen en vrouwen;Hilversum;2034;88562;64526;12391;5690;6701;11645;6192;5453;402
8395;Totaal over alle leeftijden;Mannen en vrouwen;Hilversum;2035;88753;64469;12481;5741;6740;11803;6196;5607;402
8396;Totaal over alle leeftijden;Mannen en vrouwen;Hilversum;2036;89044;64581;12643;5833;6810;11820;6187;5633;402
8397;Totaal over alle leeftijden;Mannen en vrouwen;Hilversum;2037;89243;64536;12809;5964;6845;11898;6220;5678;402
8398;Totaal over alle leeftijden;Mannen en vrouwen;Hilversum;2038;89470;64618;12931;6020;6911;11921;6242;5679;402
8399;Totaal over alle leeftijden;Mannen en vrouwen;Hilversum;2039;89612;64558;13035;6107;6928;12019;6278;5741;402
8400;Totaal over alle leeftijden;Mannen en vrouwen;Hilversum;2040;89766;64542;13097;6124;6973;12127;6257;5870;402
8401;Totaal over alle leeftijden;Mannen en vrouwen;Hof van Twente;2010;35177;31908;1958;688;1270;1311;794;517;1735
8402;Totaal over alle leeftijden;Mannen en vrouwen;Hof van Twente;2011;35046;31687;1963;686;1277;1396;841;555;1735
8403;Totaal over alle leeftijden;Mannen en vrouwen;Hof van Twente;2012;34956;31474;1971;692;1279;1511;888;623;1735
8404;Totaal over alle leeftijden;Mannen en vrouwen;Hof van Twente;2013;34890;31279;2015;727;1288;1596;921;675;1735
8405;Totaal over alle leeftijden;Mannen en vrouwen;Hof van Twente;2014;34782;31092;2014;726;1288;1676;954;722;1735
8406;Totaal over alle leeftijden;Mannen en vrouwen;Hof van Twente;2015;34691;30899;2038;733;1305;1754;982;772;1735
8407;Totaal over alle leeftijden;Mannen en vrouwen;Hof van Twente;2016;34574;30680;2067;749;1318;1827;1014;813;1735
8408;Totaal over alle leeftijden;Mannen en vrouwen;Hof van Twente;2017;34509;30480;2089;756;1333;1940;1062;878;1735
8409;Totaal over alle leeftijden;Mannen en vrouwen;Hof van Twente;2018;34410;30283;2083;742;1341;2044;1098;946;1735
8410;Totaal over alle leeftijden;Mannen en vrouwen;Hof van Twente;2019;34319;30095;2101;751;1350;2123;1148;975;1735
8411;Totaal over alle leeftijden;Mannen en vrouwen;Hof van Twente;2020;34247;29903;2143;766;1377;2201;1178;1023;1735
8412;Totaal over alle leeftijden;Mannen en vrouwen;Hof van Twente;2021;34159;29719;2133;780;1353;2307;1226;1081;1735
8413;Totaal over alle leeftijden;Mannen en vrouwen;Hof van Twente;2022;34041;29505;2145;790;1355;2391;1264;1127;1735
8414;Totaal over alle leeftijden;Mannen en vrouwen;Hof van Twente;2023;33959;29344;2144;798;1346;2471;1300;1171;1735
8415;Totaal over alle leeftijden;Mannen en vrouwen;Hof van Twente;2024;33829;29106;2142;805;1337;2581;1355;1226;1735
8416;Totaal over alle leeftijden;Mannen en vrouwen;Hof van Twente;2025;33747;28919;2169;824;1345;2659;1391;1268;1735
8417;Totaal over alle leeftijden;Mannen en vrouwen;Hof van Twente;2026;33658;28763;2162;826;1336;2733;1421;1312;1735
8418;Totaal over alle leeftijden;Mannen en vrouwen;Hof van Twente;2027;33559;28536;2200;843;1357;2823;1466;1357;1735
8419;Totaal over alle leeftijden;Mannen en vrouwen;Hof van Twente;2028;33483;28351;2226;856;1370;2906;1502;1404;1735
8420;Totaal over alle leeftijden;Mannen en vrouwen;Hof van Twente;2029;33453;28216;2255;871;1384;2982;1533;1449;1735
8421;Totaal over alle leeftijden;Mannen en vrouwen;Hof van Twente;2030;33309;28000;2253;873;1380;3056;1553;1503;1735
8422;Totaal over alle leeftijden;Mannen en vrouwen;Hof van Twente;2031;33229;27834;2272;876;1396;3123;1590;1533;1735
8423;Totaal over alle leeftijden;Mannen en vrouwen;Hof van Twente;2032;33071;27599;2266;880;1386;3206;1642;1564;1735
8424;Totaal over alle leeftijden;Mannen en vrouwen;Hof van Twente;2033;33056;27473;2298;884;1414;3285;1703;1582;1735
8425;Totaal over alle leeftijden;Mannen en vrouwen;Hof van Twente;2034;33017;27336;2294;879;1415;3387;1751;1636;1735
8426;Totaal over alle leeftijden;Mannen en vrouwen;Hof van Twente;2035;33045;27235;2308;886;1422;3502;1810;1692;1735
8427;Totaal over alle leeftijden;Mannen en vrouwen;Hof van Twente;2036;32973;27109;2280;869;1411;3584;1849;1735;1735
8428;Totaal over alle leeftijden;Mannen en vrouwen;Hof van Twente;2037;32911;26970;2273;874;1399;3668;1921;1747;1735
8429;Totaal over alle leeftijden;Mannen en vrouwen;Hof van Twente;2038;32876;26848;2281;888;1393;3747;1973;1774;1735
8430;Totaal over alle leeftijden;Mannen en vrouwen;Hof van Twente;2039;32804;26721;2274;892;1382;3809;1996;1813;1735
8431;Totaal over alle leeftijden;Mannen en vrouwen;Hof van Twente;2040;32763;26586;2312;900;1412;3865;2007;1858;1735
8432;Totaal over alle leeftijden;Mannen en vrouwen;Hoogeveen;2010;54406;49373;3063;1197;1866;1970;1052;918;118
8433;Totaal over alle leeftijden;Mannen en vrouwen;Hoogeveen;2011;54369;49201;3087;1228;1859;2081;1100;981;118
8434;Totaal over alle leeftijden;Mannen en vrouwen;Hoogeveen;2012;54282;48977;3102;1245;1857;2203;1143;1060;118
8435;Totaal over alle leeftijden;Mannen en vrouwen;Hoogeveen;2013;54224;48753;3127;1269;1858;2344;1183;1161;118
8436;Totaal over alle leeftijden;Mannen en vrouwen;Hoogeveen;2014;54312;48651;3191;1316;1875;2470;1222;1248;118
8437;Totaal over alle leeftijden;Mannen en vrouwen;Hoogeveen;2015;54301;48507;3209;1321;1888;2585;1257;1328;118
8438;Totaal over alle leeftijden;Mannen en vrouwen;Hoogeveen;2016;54371;48398;3248;1329;1919;2725;1311;1414;118
8439;Totaal over alle leeftijden;Mannen en vrouwen;Hoogeveen;2017;54377;48233;3292;1335;1957;2852;1356;1496;118
8440;Totaal over alle leeftijden;Mannen en vrouwen;Hoogeveen;2018;54261;47972;3300;1331;1969;2989;1428;1561;118
8441;Totaal over alle leeftijden;Mannen en vrouwen;Hoogeveen;2019;54259;47815;3344;1348;1996;3100;1471;1629;118
8442;Totaal over alle leeftijden;Mannen en vrouwen;Hoogeveen;2020;54306;47697;3382;1359;2023;3227;1531;1696;118
8443;Totaal over alle leeftijden;Mannen en vrouwen;Hoogeveen;2021;54301;47507;3430;1363;2067;3364;1607;1757;118
8444;Totaal over alle leeftijden;Mannen en vrouwen;Hoogeveen;2022;54304;47331;3445;1365;2080;3528;1686;1842;118
8445;Totaal over alle leeftijden;Mannen en vrouwen;Hoogeveen;2023;54274;47136;3484;1394;2090;3654;1729;1925;118
8446;Totaal over alle leeftijden;Mannen en vrouwen;Hoogeveen;2024;54305;47047;3526;1422;2104;3732;1767;1965;118
8447;Totaal over alle leeftijden;Mannen en vrouwen;Hoogeveen;2025;54316;46843;3584;1464;2120;3889;1856;2033;118
8448;Totaal over alle leeftijden;Mannen en vrouwen;Hoogeveen;2026;54242;46618;3616;1477;2139;4008;1922;2086;118
8449;Totaal over alle leeftijden;Mannen en vrouwen;Hoogeveen;2027;54294;46501;3649;1510;2139;4144;1975;2169;118
8450;Totaal over alle leeftijden;Mannen en vrouwen;Hoogeveen;2028;54320;46351;3690;1518;2172;4279;2018;2261;118
8451;Totaal over alle leeftijden;Mannen en vrouwen;Hoogeveen;2029;54289;46139;3755;1546;2209;4395;2067;2328;118
8452;Totaal over alle leeftijden;Mannen en vrouwen;Hoogeveen;2030;54303;45996;3797;1554;2243;4510;2085;2425;118
8453;Totaal over alle leeftijden;Mannen en vrouwen;Hoogeveen;2031;54357;45831;3866;1580;2286;4660;2136;2524;118
8454;Totaal over alle leeftijden;Mannen en vrouwen;Hoogeveen;2032;54304;45677;3864;1578;2286;4763;2169;2594;118
8455;Totaal over alle leeftijden;Mannen en vrouwen;Hoogeveen;2033;54247;45471;3921;1604;2317;4855;2225;2630;118
8456;Totaal over alle leeftijden;Mannen en vrouwen;Hoogeveen;2034;54224;45321;3974;1606;2368;4929;2237;2692;118
8457;Totaal over alle leeftijden;Mannen en vrouwen;Hoogeveen;2035;54207;45181;4016;1639;2377;5010;2244;2766;118
8458;Totaal over alle leeftijden;Mannen en vrouwen;Hoogeveen;2036;54168;45051;4013;1633;2380;5104;2289;2815;118
8459;Totaal over alle leeftijden;Mannen en vrouwen;Hoogeveen;2037;54137;44875;4045;1639;2406;5217;2335;2882;118
8460;Totaal over alle leeftijden;Mannen en vrouwen;Hoogeveen;2038;54118;44753;4059;1649;2410;5306;2378;2928;118
8461;Totaal over alle leeftijden;Mannen en vrouwen;Hoogeveen;2039;54145;44652;4087;1664;2423;5406;2425;2981;118
8462;Totaal over alle leeftijden;Mannen en vrouwen;Hoogeveen;2040;54091;44483;4101;1673;2428;5507;2477;3030;118
8463;Totaal over alle leeftijden;Mannen en vrouwen;Hoogezand-Sappemeer;2010;34758;28762;2411;997;1414;3585;2076;1509;18
8464;Totaal over alle leeftijden;Mannen en vrouwen;Hoogezand-Sappemeer;2011;34888;28855;2414;1008;1406;3619;2100;1519;18
8465;Totaal over alle leeftijden;Mannen en vrouwen;Hoogezand-Sappemeer;2012;34941;28895;2425;1008;1417;3621;2115;1506;18
8466;Totaal over alle leeftijden;Mannen en vrouwen;Hoogezand-Sappemeer;2013;35033;28966;2407;989;1418;3660;2133;1527;18
8467;Totaal over alle leeftijden;Mannen en vrouwen;Hoogezand-Sappemeer;2014;35010;28948;2385;950;1435;3677;2151;1526;18
8468;Totaal over alle leeftijden;Mannen en vrouwen;Hoogezand-Sappemeer;2015;35064;29002;2369;932;1437;3693;2161;1532;18
8469;Totaal over alle leeftijden;Mannen en vrouwen;Hoogezand-Sappemeer;2016;35210;29152;2385;934;1451;3673;2156;1517;18
8470;Totaal over alle leeftijden;Mannen en vrouwen;Hoogezand-Sappemeer;2017;35292;29217;2414;941;1473;3661;2181;1480;18
8471;Totaal over alle leeftijden;Mannen en vrouwen;Hoogezand-Sappemeer;2018;35358;29265;2408;934;1474;3685;2198;1487;18
8472;Totaal over alle leeftijden;Mannen en vrouwen;Hoogezand-Sappemeer;2019;35388;29219;2429;951;1478;3740;2222;1518;18
8473;Totaal over alle leeftijden;Mannen en vrouwen;Hoogezand-Sappemeer;2020;35435;29214;2444;962;1482;3777;2256;1521;18
8474;Totaal over alle leeftijden;Mannen en vrouwen;Hoogezand-Sappemeer;2021;35533;29273;2462;960;1502;3798;2254;1544;18
8475;Totaal over alle leeftijden;Mannen en vrouwen;Hoogezand-Sappemeer;2022;35636;29330;2480;969;1511;3826;2269;1557;18
8476;Totaal over alle leeftijden;Mannen en vrouwen;Hoogezand-Sappemeer;2023;35702;29353;2489;968;1521;3860;2297;1563;18
8477;Totaal over alle leeftijden;Mannen en vrouwen;Hoogezand-Sappemeer;2024;35726;29355;2507;966;1541;3864;2296;1568;18
8478;Totaal over alle leeftijden;Mannen en vrouwen;Hoogezand-Sappemeer;2025;35786;29354;2509;957;1552;3923;2315;1608;18
8479;Totaal over alle leeftijden;Mannen en vrouwen;Hoogezand-Sappemeer;2026;35866;29387;2493;963;1530;3986;2345;1641;18
8480;Totaal over alle leeftijden;Mannen en vrouwen;Hoogezand-Sappemeer;2027;35981;29445;2512;961;1551;4024;2354;1670;18
8481;Totaal over alle leeftijden;Mannen en vrouwen;Hoogezand-Sappemeer;2028;36034;29443;2520;942;1578;4071;2376;1695;18
8482;Totaal over alle leeftijden;Mannen en vrouwen;Hoogezand-Sappemeer;2029;36109;29489;2517;938;1579;4103;2396;1707;18
8483;Totaal over alle leeftijden;Mannen en vrouwen;Hoogezand-Sappemeer;2030;36150;29512;2484;904;1580;4154;2418;1736;18
8484;Totaal over alle leeftijden;Mannen en vrouwen;Hoogezand-Sappemeer;2031;36197;29542;2499;895;1604;4156;2407;1749;18
8485;Totaal over alle leeftijden;Mannen en vrouwen;Hoogezand-Sappemeer;2032;36265;29572;2499;877;1622;4194;2434;1760;18
8486;Totaal over alle leeftijden;Mannen en vrouwen;Hoogezand-Sappemeer;2033;36310;29588;2485;863;1622;4237;2436;1801;18
8487;Totaal over alle leeftijden;Mannen en vrouwen;Hoogezand-Sappemeer;2034;36324;29567;2458;850;1608;4299;2470;1829;18
8488;Totaal over alle leeftijden;Mannen en vrouwen;Hoogezand-Sappemeer;2035;36381;29558;2472;837;1635;4351;2491;1860;18
8489;Totaal over alle leeftijden;Mannen en vrouwen;Hoogezand-Sappemeer;2036;36460;29557;2518;877;1641;4385;2513;1872;18
8490;Totaal over alle leeftijden;Mannen en vrouwen;Hoogezand-Sappemeer;2037;36507;29514;2526;892;1634;4467;2538;1929;18
8491;Totaal over alle leeftijden;Mannen en vrouwen;Hoogezand-Sappemeer;2038;36484;29426;2543;890;1653;4515;2544;1971;18
8492;Totaal over alle leeftijden;Mannen en vrouwen;Hoogezand-Sappemeer;2039;36407;29309;2574;901;1673;4524;2516;2008;18
8493;Totaal over alle leeftijden;Mannen en vrouwen;Hoogezand-Sappemeer;2040;36337;29226;2579;898;1681;4532;2523;2009;18
8494;Totaal over alle leeftijden;Mannen en vrouwen;Hoorn;2010;69277;55114;5706;2335;3371;8457;4703;3754;405
8495;Totaal over alle leeftijden;Mannen en vrouwen;Hoorn;2011;69383;55234;5801;2382;3419;8348;4697;3651;405
8496;Totaal over alle leeftijden;Mannen en vrouwen;Hoorn;2012;69549;55292;5882;2422;3460;8375;4773;3602;405
8497;Totaal over alle leeftijden;Mannen en vrouwen;Hoorn;2013;70000;55631;5994;2473;3521;8375;4799;3576;405
8498;Totaal over alle leeftijden;Mannen en vrouwen;Hoorn;2014;70256;55821;6054;2507;3547;8381;4835;3546;405
8499;Totaal over alle leeftijden;Mannen en vrouwen;Hoorn;2015;70614;56027;6144;2535;3609;8443;4906;3537;405
8500;Totaal over alle leeftijden;Mannen en vrouwen;Hoorn;2016;71072;56315;6246;2558;3688;8511;5002;3509;405
8501;Totaal over alle leeftijden;Mannen en vrouwen;Hoorn;2017;71587;56635;6396;2582;3814;8556;5049;3507;405
8502;Totaal over alle leeftijden;Mannen en vrouwen;Hoorn;2018;72009;56885;6503;2626;3877;8621;5106;3515;405
8503;Totaal over alle leeftijden;Mannen en vrouwen;Hoorn;2019;72398;57042;6635;2714;3921;8721;5166;3555;405
8504;Totaal over alle leeftijden;Mannen en vrouwen;Hoorn;2020;72792;57300;6732;2740;3992;8760;5200;3560;405
8505;Totaal over alle leeftijden;Mannen en vrouwen;Hoorn;2021;73287;57593;6842;2770;4072;8852;5273;3579;405
8506;Totaal over alle leeftijden;Mannen en vrouwen;Hoorn;2022;73454;57624;6897;2804;4093;8933;5317;3616;405
8507;Totaal over alle leeftijden;Mannen en vrouwen;Hoorn;2023;73969;57882;6997;2813;4184;9090;5441;3649;405
8508;Totaal over alle leeftijden;Mannen en vrouwen;Hoorn;2024;74299;58005;7107;2858;4249;9187;5484;3703;405
8509;Totaal over alle leeftijden;Mannen en vrouwen;Hoorn;2025;74467;57994;7201;2916;4285;9272;5509;3763;405
8510;Totaal over alle leeftijden;Mannen en vrouwen;Hoorn;2026;74763;58145;7289;2964;4325;9329;5552;3777;405
8511;Totaal over alle leeftijden;Mannen en vrouwen;Hoorn;2027;75172;58366;7402;3018;4384;9404;5620;3784;405
8512;Totaal over alle leeftijden;Mannen en vrouwen;Hoorn;2028;75389;58413;7470;3067;4403;9506;5672;3834;405
8513;Totaal over alle leeftijden;Mannen en vrouwen;Hoorn;2029;75564;58405;7523;3092;4431;9636;5757;3879;405
8514;Totaal over alle leeftijden;Mannen en vrouwen;Hoorn;2030;75642;58393;7569;3091;4478;9680;5784;3896;405
8515;Totaal over alle leeftijden;Mannen en vrouwen;Hoorn;2031;75751;58412;7606;3089;4517;9733;5789;3944;405
8516;Totaal over alle leeftijden;Mannen en vrouwen;Hoorn;2032;75763;58313;7649;3098;4551;9801;5826;3975;405
8517;Totaal over alle leeftijden;Mannen en vrouwen;Hoorn;2033;75719;58216;7692;3109;4583;9811;5841;3970;405
8518;Totaal over alle leeftijden;Mannen en vrouwen;Hoorn;2034;75550;57965;7715;3108;4607;9870;5904;3966;405
8519;Totaal over alle leeftijden;Mannen en vrouwen;Hoorn;2035;75306;57709;7732;3102;4630;9865;5910;3955;405
8520;Totaal over alle leeftijden;Mannen en vrouwen;Hoorn;2036;75006;57378;7730;3101;4629;9898;5915;3983;405
8521;Totaal over alle leeftijden;Mannen en vrouwen;Hoorn;2037;74592;56999;7721;3109;4612;9872;5867;4005;405
8522;Totaal over alle leeftijden;Mannen en vrouwen;Hoorn;2038;74136;56572;7696;3093;4603;9868;5855;4013;405
8523;Totaal over alle leeftijden;Mannen en vrouwen;Hoorn;2039;73570;56080;7690;3106;4584;9800;5773;4027;405
8524;Totaal over alle leeftijden;Mannen en vrouwen;Hoorn;2040;73097;55603;7665;3105;4560;9829;5774;4055;405
8525;Totaal over alle leeftijden;Mannen en vrouwen;Horst aan de Maas;2010;29040;26449;1747;673;1074;844;508;336;1507
8526;Totaal over alle leeftijden;Mannen en vrouwen;Horst aan de Maas;2011;29002;26301;1768;695;1073;933;554;379;1507
8527;Totaal over alle leeftijden;Mannen en vrouwen;Horst aan de Maas;2012;28840;26100;1764;694;1070;976;579;397;1507
8528;Totaal over alle leeftijden;Mannen en vrouwen;Horst aan de Maas;2013;28711;25890;1765;696;1069;1056;614;442;1507
8529;Totaal over alle leeftijden;Mannen en vrouwen;Horst aan de Maas;2014;28607;25651;1809;731;1078;1147;676;471;1507
8530;Totaal over alle leeftijden;Mannen en vrouwen;Horst aan de Maas;2015;28508;25452;1821;734;1087;1235;718;517;1507
8531;Totaal over alle leeftijden;Mannen en vrouwen;Horst aan de Maas;2016;28425;25286;1827;747;1080;1312;757;555;1507
8532;Totaal over alle leeftijden;Mannen en vrouwen;Horst aan de Maas;2017;28357;25140;1832;750;1082;1385;795;590;1507
8533;Totaal over alle leeftijden;Mannen en vrouwen;Horst aan de Maas;2018;28331;25040;1839;763;1076;1452;833;619;1507
8534;Totaal over alle leeftijden;Mannen en vrouwen;Horst aan de Maas;2019;28289;24897;1836;761;1075;1556;881;675;1507
8535;Totaal over alle leeftijden;Mannen en vrouwen;Horst aan de Maas;2020;28295;24799;1851;773;1078;1645;936;709;1507
8536;Totaal over alle leeftijden;Mannen en vrouwen;Horst aan de Maas;2021;28290;24654;1878;793;1085;1758;997;761;1507
8537;Totaal over alle leeftijden;Mannen en vrouwen;Horst aan de Maas;2022;28270;24518;1893;804;1089;1859;1040;819;1507
8538;Totaal over alle leeftijden;Mannen en vrouwen;Horst aan de Maas;2023;28182;24358;1901;815;1086;1923;1068;855;1507
8539;Totaal over alle leeftijden;Mannen en vrouwen;Horst aan de Maas;2024;28205;24279;1927;849;1078;1999;1098;901;1507
8540;Totaal over alle leeftijden;Mannen en vrouwen;Horst aan de Maas;2025;28220;24170;1948;859;1089;2102;1152;950;1507
8541;Totaal over alle leeftijden;Mannen en vrouwen;Horst aan de Maas;2026;28257;24090;1962;888;1074;2205;1217;988;1507
8542;Totaal over alle leeftijden;Mannen en vrouwen;Horst aan de Maas;2027;28282;24048;1952;881;1071;2282;1255;1027;1507
8543;Totaal over alle leeftijden;Mannen en vrouwen;Horst aan de Maas;2028;28298;23977;1959;893;1066;2362;1284;1078;1507
8544;Totaal over alle leeftijden;Mannen en vrouwen;Horst aan de Maas;2029;28336;23938;1987;907;1080;2411;1304;1107;1507
8545;Totaal over alle leeftijden;Mannen en vrouwen;Horst aan de Maas;2030;28380;23859;2006;914;1092;2515;1363;1152;1507
8546;Totaal over alle leeftijden;Mannen en vrouwen;Horst aan de Maas;2031;28395;23804;2010;913;1097;2581;1396;1185;1507
8547;Totaal over alle leeftijden;Mannen en vrouwen;Horst aan de Maas;2032;28421;23749;2024;925;1099;2648;1434;1214;1507
8548;Totaal over alle leeftijden;Mannen en vrouwen;Horst aan de Maas;2033;28436;23653;2030;927;1103;2753;1493;1260;1507
8549;Totaal over alle leeftijden;Mannen en vrouwen;Horst aan de Maas;2034;28459;23594;2039;930;1109;2826;1541;1285;1507
8550;Totaal over alle leeftijden;Mannen en vrouwen;Horst aan de Maas;2035;28441;23498;2045;929;1116;2898;1573;1325;1507
8551;Totaal over alle leeftijden;Mannen en vrouwen;Horst aan de Maas;2036;28422;23382;2045;943;1102;2995;1624;1371;1507
8552;Totaal over alle leeftijden;Mannen en vrouwen;Horst aan de Maas;2037;28356;23251;2042;954;1088;3063;1664;1399;1507
8553;Totaal over alle leeftijden;Mannen en vrouwen;Horst aan de Maas;2038;28280;23122;2037;965;1072;3121;1692;1429;1507
8554;Totaal over alle leeftijden;Mannen en vrouwen;Horst aan de Maas;2039;28226;23009;2025;955;1070;3192;1730;1462;1507
8555;Totaal over alle leeftijden;Mannen en vrouwen;Horst aan de Maas;2040;28235;22931;2045;963;1082;3259;1761;1498;1507
8556;Totaal over alle leeftijden;Mannen en vrouwen;Houten;2010;47601;41263;3313;1023;2290;3025;1603;1422;321
8557;Totaal over alle leeftijden;Mannen en vrouwen;Houten;2011;47799;41362;3353;1061;2292;3084;1637;1447;321
8558;Totaal over alle leeftijden;Mannen en vrouwen;Houten;2012;48075;41523;3377;1079;2298;3175;1678;1497;321
8559;Totaal over alle leeftijden;Mannen en vrouwen;Houten;2013;48098;41466;3419;1104;2315;3213;1704;1509;321
8560;Totaal over alle leeftijden;Mannen en vrouwen;Houten;2014;48087;41375;3439;1130;2309;3273;1751;1522;321
8561;Totaal over alle leeftijden;Mannen en vrouwen;Houten;2015;48009;41276;3409;1114;2295;3324;1779;1545;321
8562;Totaal over alle leeftijden;Mannen en vrouwen;Houten;2016;48050;41228;3455;1130;2325;3367;1822;1545;321
8563;Totaal over alle leeftijden;Mannen en vrouwen;Houten;2017;48130;41213;3490;1154;2336;3427;1870;1557;321
8564;Totaal over alle leeftijden;Mannen en vrouwen;Houten;2018;48196;41182;3524;1165;2359;3490;1921;1569;321
8565;Totaal over alle leeftijden;Mannen en vrouwen;Houten;2019;48316;41208;3528;1150;2378;3580;1973;1607;321
8566;Totaal over alle leeftijden;Mannen en vrouwen;Houten;2020;48467;41268;3569;1176;2393;3630;2022;1608;321
8567;Totaal over alle leeftijden;Mannen en vrouwen;Houten;2021;48685;41378;3601;1190;2411;3706;2068;1638;321
8568;Totaal over alle leeftijden;Mannen en vrouwen;Houten;2022;48704;41325;3614;1176;2438;3765;2109;1656;321
8569;Totaal over alle leeftijden;Mannen en vrouwen;Houten;2023;48965;41433;3684;1229;2455;3848;2151;1697;321
8570;Totaal over alle leeftijden;Mannen en vrouwen;Houten;2024;49117;41516;3710;1222;2488;3891;2180;1711;321
8571;Totaal over alle leeftijden;Mannen en vrouwen;Houten;2025;49240;41527;3733;1202;2531;3980;2231;1749;321
8572;Totaal over alle leeftijden;Mannen en vrouwen;Houten;2026;49360;41494;3735;1191;2544;4131;2300;1831;321
8573;Totaal over alle leeftijden;Mannen en vrouwen;Houten;2027;49448;41519;3745;1203;2542;4184;2336;1848;321
8574;Totaal over alle leeftijden;Mannen en vrouwen;Houten;2028;49708;41654;3790;1231;2559;4264;2361;1903;321
8575;Totaal over alle leeftijden;Mannen en vrouwen;Houten;2029;49750;41622;3795;1215;2580;4333;2401;1932;321
8576;Totaal over alle leeftijden;Mannen en vrouwen;Houten;2030;50003;41754;3840;1248;2592;4409;2410;1999;321
8577;Totaal over alle leeftijden;Mannen en vrouwen;Houten;2031;50045;41706;3856;1247;2609;4483;2424;2059;321
8578;Totaal over alle leeftijden;Mannen en vrouwen;Houten;2032;50338;41949;3846;1229;2617;4543;2451;2092;321
8579;Totaal over alle leeftijden;Mannen en vrouwen;Houten;2033;50725;42168;3902;1218;2684;4655;2516;2139;321
8580;Totaal over alle leeftijden;Mannen en vrouwen;Houten;2034;51083;42372;3956;1225;2731;4755;2578;2177;321
8581;Totaal over alle leeftijden;Mannen en vrouwen;Houten;2035;51453;42572;4028;1238;2790;4853;2599;2254;321
8582;Totaal over alle leeftijden;Mannen en vrouwen;Houten;2036;51900;42875;4086;1254;2832;4939;2619;2320;321
8583;Totaal over alle leeftijden;Mannen en vrouwen;Houten;2037;52458;43276;4139;1251;2888;5043;2676;2367;321
8584;Totaal over alle leeftijden;Mannen en vrouwen;Houten;2038;52862;43562;4183;1229;2954;5117;2693;2424;321
8585;Totaal over alle leeftijden;Mannen en vrouwen;Houten;2039;53292;43852;4265;1252;3013;5175;2742;2433;321
8586;Totaal over alle leeftijden;Mannen en vrouwen;Houten;2040;53686;44068;4358;1271;3087;5260;2781;2479;321
8587;Totaal over alle leeftijden;Mannen en vrouwen;Huizen;2010;41605;33891;4114;1497;2617;3600;1974;1626;406
8588;Totaal over alle leeftijden;Mannen en vrouwen;Huizen;2011;41390;33711;4110;1488;2622;3569;1973;1596;406
8589;Totaal over alle leeftijden;Mannen en vrouwen;Huizen;2012;41042;33439;4064;1444;2620;3539;1974;1565;406
8590;Totaal over alle leeftijden;Mannen en vrouwen;Huizen;2013;40852;33246;4051;1422;2629;3555;1996;1559;406
8591;Totaal over alle leeftijden;Mannen en vrouwen;Huizen;2014;40646;33065;4018;1406;2612;3563;2011;1552;406
8592;Totaal over alle leeftijden;Mannen en vrouwen;Huizen;2015;40337;32803;3947;1356;2591;3587;2037;1550;406
8593;Totaal over alle leeftijden;Mannen en vrouwen;Huizen;2016;40227;32721;3924;1330;2594;3582;2050;1532;406
8594;Totaal over alle leeftijden;Mannen en vrouwen;Huizen;2017;40028;32530;3901;1294;2607;3597;2080;1517;406
8595;Totaal over alle leeftijden;Mannen en vrouwen;Huizen;2018;39807;32306;3858;1270;2588;3643;2121;1522;406
8596;Totaal over alle leeftijden;Mannen en vrouwen;Huizen;2019;39714;32208;3817;1232;2585;3689;2153;1536;406
8597;Totaal over alle leeftijden;Mannen en vrouwen;Huizen;2020;39633;32070;3856;1263;2593;3707;2171;1536;406
8598;Totaal over alle leeftijden;Mannen en vrouwen;Huizen;2021;39580;31990;3850;1252;2598;3740;2181;1559;406
8599;Totaal over alle leeftijden;Mannen en vrouwen;Huizen;2022;39469;31906;3797;1225;2572;3766;2206;1560;406
8600;Totaal over alle leeftijden;Mannen en vrouwen;Huizen;2023;39435;31843;3767;1190;2577;3825;2217;1608;406
8601;Totaal over alle leeftijden;Mannen en vrouwen;Huizen;2024;39431;31756;3789;1187;2602;3886;2246;1640;406
8602;Totaal over alle leeftijden;Mannen en vrouwen;Huizen;2025;39404;31651;3800;1184;2616;3953;2276;1677;406
8603;Totaal over alle leeftijden;Mannen en vrouwen;Huizen;2026;39316;31511;3776;1157;2619;4029;2290;1739;406
8604;Totaal over alle leeftijden;Mannen en vrouwen;Huizen;2027;39330;31523;3742;1115;2627;4065;2320;1745;406
8605;Totaal over alle leeftijden;Mannen en vrouwen;Huizen;2028;39299;31473;3723;1101;2622;4103;2341;1762;406
8606;Totaal over alle leeftijden;Mannen en vrouwen;Huizen;2029;39317;31446;3738;1096;2642;4133;2355;1778;406
8607;Totaal over alle leeftijden;Mannen en vrouwen;Huizen;2030;39430;31462;3780;1105;2675;4188;2352;1836;406
8608;Totaal over alle leeftijden;Mannen en vrouwen;Huizen;2031;39488;31397;3797;1112;2685;4294;2375;1919;406
8609;Totaal over alle leeftijden;Mannen en vrouwen;Huizen;2032;39526;31419;3792;1103;2689;4315;2383;1932;406
8610;Totaal over alle leeftijden;Mannen en vrouwen;Huizen;2033;39583;31420;3777;1082;2695;4386;2405;1981;406
8611;Totaal over alle leeftijden;Mannen en vrouwen;Huizen;2034;39586;31366;3768;1080;2688;4452;2440;2012;406
8612;Totaal over alle leeftijden;Mannen en vrouwen;Huizen;2035;39573;31287;3771;1049;2722;4515;2462;2053;406
8613;Totaal over alle leeftijden;Mannen en vrouwen;Huizen;2036;39495;31192;3751;1044;2707;4552;2468;2084;406
8614;Totaal over alle leeftijden;Mannen en vrouwen;Huizen;2037;39392;31056;3746;1027;2719;4590;2485;2105;406
8615;Totaal over alle leeftijden;Mannen en vrouwen;Huizen;2038;39303;30938;3739;1004;2735;4626;2477;2149;406
8616;Totaal over alle leeftijden;Mannen en vrouwen;Huizen;2039;39227;30835;3756;1006;2750;4636;2483;2153;406
8617;Totaal over alle leeftijden;Mannen en vrouwen;Huizen;2040;39143;30729;3715;987;2728;4699;2491;2208;406
8618;Totaal over alle leeftijden;Mannen en vrouwen;Hulst;2010;27874;21333;5808;2903;2905;733;398;335;677
8619;Totaal over alle leeftijden;Mannen en vrouwen;Hulst;2011;27810;21272;5723;2857;2866;815;435;380;677
8620;Totaal over alle leeftijden;Mannen en vrouwen;Hulst;2012;27740;21189;5666;2811;2855;885;459;426;677
8621;Totaal over alle leeftijden;Mannen en vrouwen;Hulst;2013;27694;21105;5626;2775;2851;963;486;477;677
8622;Totaal over alle leeftijden;Mannen en vrouwen;Hulst;2014;27585;21007;5548;2721;2827;1030;513;517;677
8623;Totaal over alle leeftijden;Mannen en vrouwen;Hulst;2015;27682;21081;5492;2665;2827;1109;536;573;677
8624;Totaal over alle leeftijden;Mannen en vrouwen;Hulst;2016;27776;21118;5463;2643;2820;1195;562;633;677
8625;Totaal over alle leeftijden;Mannen en vrouwen;Hulst;2017;27654;21022;5370;2566;2804;1262;583;679;677
8626;Totaal over alle leeftijden;Mannen en vrouwen;Hulst;2018;27720;21025;5331;2560;2771;1364;618;746;677
8627;Totaal over alle leeftijden;Mannen en vrouwen;Hulst;2019;27612;20919;5272;2525;2747;1421;646;775;677
8628;Totaal over alle leeftijden;Mannen en vrouwen;Hulst;2020;27474;20748;5230;2498;2732;1496;678;818;677
8629;Totaal over alle leeftijden;Mannen en vrouwen;Hulst;2021;27348;20598;5165;2443;2722;1585;709;876;677
8630;Totaal over alle leeftijden;Mannen en vrouwen;Hulst;2022;27375;20585;5112;2392;2720;1678;729;949;677
8631;Totaal over alle leeftijden;Mannen en vrouwen;Hulst;2023;27251;20490;5041;2384;2657;1720;729;991;677
8632;Totaal over alle leeftijden;Mannen en vrouwen;Hulst;2024;27125;20376;4969;2341;2628;1780;765;1015;677
8633;Totaal over alle leeftijden;Mannen en vrouwen;Hulst;2025;27055;20302;4920;2301;2619;1833;782;1051;677
8634;Totaal over alle leeftijden;Mannen en vrouwen;Hulst;2026;26945;20183;4852;2249;2603;1910;817;1093;677
8635;Totaal over alle leeftijden;Mannen en vrouwen;Hulst;2027;26814;20071;4779;2182;2597;1964;841;1123;677
8636;Totaal over alle leeftijden;Mannen en vrouwen;Hulst;2028;26709;19965;4715;2134;2581;2029;871;1158;677
8637;Totaal over alle leeftijden;Mannen en vrouwen;Hulst;2029;26701;19953;4665;2112;2553;2083;882;1201;677
8638;Totaal over alle leeftijden;Mannen en vrouwen;Hulst;2030;26593;19819;4614;2081;2533;2160;919;1241;677
8639;Totaal over alle leeftijden;Mannen en vrouwen;Hulst;2031;26496;19731;4567;2038;2529;2198;928;1270;677
8640;Totaal over alle leeftijden;Mannen en vrouwen;Hulst;2032;26360;19594;4515;2022;2493;2251;958;1293;677
8641;Totaal over alle leeftijden;Mannen en vrouwen;Hulst;2033;26254;19474;4475;1993;2482;2305;968;1337;677
8642;Totaal over alle leeftijden;Mannen en vrouwen;Hulst;2034;26292;19485;4448;1979;2469;2359;974;1385;677
8643;Totaal over alle leeftijden;Mannen en vrouwen;Hulst;2035;26149;19375;4383;1937;2446;2391;985;1406;677
8644;Totaal over alle leeftijden;Mannen en vrouwen;Hulst;2036;26016;19231;4353;1909;2444;2432;991;1441;677
8645;Totaal over alle leeftijden;Mannen en vrouwen;Hulst;2037;25871;19056;4328;1897;2431;2487;1015;1472;677
8646;Totaal over alle leeftijden;Mannen en vrouwen;Hulst;2038;25813;18989;4289;1876;2413;2535;1024;1511;677
8647;Totaal over alle leeftijden;Mannen en vrouwen;Hulst;2039;25793;18945;4248;1838;2410;2600;1041;1559;677
8648;Totaal over alle leeftijden;Mannen en vrouwen;Hulst;2040;25744;18891;4194;1817;2377;2659;1056;1603;677
8649;Totaal over alle leeftijden;Mannen en vrouwen;IJsselstein;2010;34173;27812;2205;801;1404;4156;2237;1919;353
8650;Totaal over alle leeftijden;Mannen en vrouwen;IJsselstein;2011;34208;27812;2143;789;1354;4253;2267;1986;353
8651;Totaal over alle leeftijden;Mannen en vrouwen;IJsselstein;2012;34145;27815;2055;779;1276;4275;2267;2008;353
8652;Totaal over alle leeftijden;Mannen en vrouwen;IJsselstein;2013;34214;27888;1979;754;1225;4347;2299;2048;353
8653;Totaal over alle leeftijden;Mannen en vrouwen;IJsselstein;2014;34169;27918;1890;726;1164;4361;2298;2063;353
8654;Totaal over alle leeftijden;Mannen en vrouwen;IJsselstein;2015;34086;27859;1842;711;1131;4385;2312;2073;353
8655;Totaal over alle leeftijden;Mannen en vrouwen;IJsselstein;2016;34022;27775;1777;715;1062;4470;2348;2122;353
8656;Totaal over alle leeftijden;Mannen en vrouwen;IJsselstein;2017;34003;27764;1711;676;1035;4528;2388;2140;353
8657;Totaal over alle leeftijden;Mannen en vrouwen;IJsselstein;2018;34061;27819;1657;662;995;4585;2416;2169;353
8658;Totaal over alle leeftijden;Mannen en vrouwen;IJsselstein;2019;33986;27696;1660;678;982;4630;2434;2196;353
8659;Totaal over alle leeftijden;Mannen en vrouwen;IJsselstein;2020;33838;27541;1645;690;955;4652;2450;2202;353
8660;Totaal over alle leeftijden;Mannen en vrouwen;IJsselstein;2021;33756;27451;1594;679;915;4711;2493;2218;353
8661;Totaal over alle leeftijden;Mannen en vrouwen;IJsselstein;2022;33703;27352;1579;668;911;4772;2514;2258;353
8662;Totaal over alle leeftijden;Mannen en vrouwen;IJsselstein;2023;33525;27155;1529;650;879;4841;2562;2279;353
8663;Totaal over alle leeftijden;Mannen en vrouwen;IJsselstein;2024;33487;27031;1535;657;878;4921;2602;2319;353
8664;Totaal over alle leeftijden;Mannen en vrouwen;IJsselstein;2025;33444;26930;1533;673;860;4981;2647;2334;353
8665;Totaal over alle leeftijden;Mannen en vrouwen;IJsselstein;2026;33344;26837;1529;676;853;4978;2640;2338;353
8666;Totaal over alle leeftijden;Mannen en vrouwen;IJsselstein;2027;33322;26771;1512;667;845;5039;2666;2373;353
8667;Totaal over alle leeftijden;Mannen en vrouwen;IJsselstein;2028;33121;26556;1485;651;834;5080;2678;2402;353
8668;Totaal over alle leeftijden;Mannen en vrouwen;IJsselstein;2029;33017;26447;1496;645;851;5074;2662;2412;353
8669;Totaal over alle leeftijden;Mannen en vrouwen;IJsselstein;2030;32870;26310;1444;624;820;5116;2680;2436;353
8670;Totaal over alle leeftijden;Mannen en vrouwen;IJsselstein;2031;32787;26167;1442;620;822;5178;2703;2475;353
8671;Totaal over alle leeftijden;Mannen en vrouwen;IJsselstein;2032;32713;26017;1450;629;821;5246;2731;2515;353
8672;Totaal over alle leeftijden;Mannen en vrouwen;IJsselstein;2033;32621;25926;1417;638;779;5278;2720;2558;353
8673;Totaal over alle leeftijden;Mannen en vrouwen;IJsselstein;2034;32604;25854;1418;626;792;5332;2747;2585;353
8674;Totaal over alle leeftijden;Mannen en vrouwen;IJsselstein;2035;32593;25799;1427;629;798;5367;2754;2613;353
8675;Totaal over alle leeftijden;Mannen en vrouwen;IJsselstein;2036;32535;25672;1454;631;823;5409;2763;2646;353
8676;Totaal over alle leeftijden;Mannen en vrouwen;IJsselstein;2037;32466;25549;1481;655;826;5436;2781;2655;353
8677;Totaal over alle leeftijden;Mannen en vrouwen;IJsselstein;2038;32466;25431;1524;682;842;5511;2807;2704;353
8678;Totaal over alle leeftijden;Mannen en vrouwen;IJsselstein;2039;32419;25316;1530;662;868;5573;2824;2749;353
8679;Totaal over alle leeftijden;Mannen en vrouwen;IJsselstein;2040;32393;25230;1538;653;885;5625;2826;2799;353
8680;Totaal over alle leeftijden;Mannen en vrouwen;Kaag en Braassem;2010;25425;23298;1320;549;771;807;420;387;1884
8681;Totaal over alle leeftijden;Mannen en vrouwen;Kaag en Braassem;2011;25460;23152;1402;588;814;906;464;442;1884
8682;Totaal over alle leeftijden;Mannen en vrouwen;Kaag en Braassem;2012;25481;23029;1463;615;848;989;495;494;1884
8683;Totaal over alle leeftijden;Mannen en vrouwen;Kaag en Braassem;2013;25575;22944;1504;638;866;1127;561;566;1884
8684;Totaal over alle leeftijden;Mannen en vrouwen;Kaag en Braassem;2014;25606;22804;1565;657;908;1237;607;630;1884
8685;Totaal over alle leeftijden;Mannen en vrouwen;Kaag en Braassem;2015;25659;22715;1590;678;912;1354;648;706;1884
8686;Totaal over alle leeftijden;Mannen en vrouwen;Kaag en Braassem;2016;25693;22592;1648;696;952;1453;683;770;1884
8687;Totaal over alle leeftijden;Mannen en vrouwen;Kaag en Braassem;2017;25732;22470;1690;703;987;1572;733;839;1884
8688;Totaal over alle leeftijden;Mannen en vrouwen;Kaag en Braassem;2018;25945;22516;1738;718;1020;1691;779;912;1884
8689;Totaal over alle leeftijden;Mannen en vrouwen;Kaag en Braassem;2019;26045;22442;1799;744;1055;1804;819;985;1884
8690;Totaal over alle leeftijden;Mannen en vrouwen;Kaag en Braassem;2020;26126;22346;1861;755;1106;1919;847;1072;1884
8691;Totaal over alle leeftijden;Mannen en vrouwen;Kaag en Braassem;2021;26375;22380;1919;793;1126;2076;912;1164;1884
8692;Totaal over alle leeftijden;Mannen en vrouwen;Kaag en Braassem;2022;26439;22267;1970;820;1150;2202;967;1235;1884
8693;Totaal over alle leeftijden;Mannen en vrouwen;Kaag en Braassem;2023;26611;22260;2041;849;1192;2310;1015;1295;1884
8694;Totaal over alle leeftijden;Mannen en vrouwen;Kaag en Braassem;2024;26702;22165;2113;877;1236;2424;1068;1356;1884
8695;Totaal over alle leeftijden;Mannen en vrouwen;Kaag en Braassem;2025;26725;22082;2125;874;1251;2518;1112;1406;1884
8696;Totaal over alle leeftijden;Mannen en vrouwen;Kaag en Braassem;2026;26761;21946;2192;906;1286;2623;1156;1467;1884
8697;Totaal over alle leeftijden;Mannen en vrouwen;Kaag en Braassem;2027;26863;21883;2252;928;1324;2728;1213;1515;1884
8698;Totaal over alle leeftijden;Mannen en vrouwen;Kaag en Braassem;2028;26837;21729;2293;951;1342;2815;1273;1542;1884
8699;Totaal over alle leeftijden;Mannen en vrouwen;Kaag en Braassem;2029;26918;21661;2334;966;1368;2923;1303;1620;1884
8700;Totaal over alle leeftijden;Mannen en vrouwen;Kaag en Braassem;2030;27017;21634;2376;998;1378;3007;1344;1663;1884
8701;Totaal over alle leeftijden;Mannen en vrouwen;Kaag en Braassem;2031;27172;21665;2426;1019;1407;3081;1370;1711;1884
8702;Totaal over alle leeftijden;Mannen en vrouwen;Kaag en Braassem;2032;27286;21603;2506;1047;1459;3177;1395;1782;1884
8703;Totaal over alle leeftijden;Mannen en vrouwen;Kaag en Braassem;2033;27410;21572;2556;1071;1485;3282;1428;1854;1884
8704;Totaal over alle leeftijden;Mannen en vrouwen;Kaag en Braassem;2034;27455;21486;2598;1092;1506;3371;1484;1887;1884
8705;Totaal over alle leeftijden;Mannen en vrouwen;Kaag en Braassem;2035;27633;21487;2627;1091;1536;3519;1550;1969;1884
8706;Totaal over alle leeftijden;Mannen en vrouwen;Kaag en Braassem;2036;27660;21376;2678;1126;1552;3606;1589;2017;1884
8707;Totaal over alle leeftijden;Mannen en vrouwen;Kaag en Braassem;2037;27715;21288;2718;1139;1579;3709;1644;2065;1884
8708;Totaal over alle leeftijden;Mannen en vrouwen;Kaag en Braassem;2038;27660;21117;2768;1175;1593;3775;1673;2102;1884
8709;Totaal over alle leeftijden;Mannen en vrouwen;Kaag en Braassem;2039;27586;20958;2801;1196;1605;3827;1687;2140;1884
8710;Totaal over alle leeftijden;Mannen en vrouwen;Kaag en Braassem;2040;27622;20872;2837;1230;1607;3913;1707;2206;1884
8711;Totaal over alle leeftijden;Mannen en vrouwen;Kampen;2010;49827;45476;1933;775;1158;2418;1346;1072;166
8712;Totaal over alle leeftijden;Mannen en vrouwen;Kampen;2011;50023;45449;1991;794;1197;2583;1402;1181;166
8713;Totaal over alle leeftijden;Mannen en vrouwen;Kampen;2012;50194;45380;2065;840;1225;2749;1475;1274;166
8714;Totaal over alle leeftijden;Mannen en vrouwen;Kampen;2013;50414;45396;2125;886;1239;2893;1528;1365;166
8715;Totaal over alle leeftijden;Mannen en vrouwen;Kampen;2014;50576;45332;2181;916;1265;3063;1609;1454;166
8716;Totaal over alle leeftijden;Mannen en vrouwen;Kampen;2015;50828;45379;2235;930;1305;3214;1681;1533;166
8717;Totaal over alle leeftijden;Mannen en vrouwen;Kampen;2016;51079;45467;2270;936;1334;3342;1755;1587;166
8718;Totaal over alle leeftijden;Mannen en vrouwen;Kampen;2017;51374;45512;2342;979;1363;3520;1834;1686;166
8719;Totaal over alle leeftijden;Mannen en vrouwen;Kampen;2018;51696;45564;2410;1014;1396;3722;1926;1796;166
8720;Totaal over alle leeftijden;Mannen en vrouwen;Kampen;2019;51986;45630;2467;1036;1431;3889;1993;1896;166
8721;Totaal over alle leeftijden;Mannen en vrouwen;Kampen;2020;52210;45590;2509;1054;1455;4111;2109;2002;166
8722;Totaal over alle leeftijden;Mannen en vrouwen;Kampen;2021;52431;45568;2543;1068;1475;4320;2229;2091;166
8723;Totaal over alle leeftijden;Mannen en vrouwen;Kampen;2022;52725;45598;2606;1097;1509;4521;2323;2198;166
8724;Totaal over alle leeftijden;Mannen en vrouwen;Kampen;2023;52979;45561;2663;1129;1534;4755;2448;2307;166
8725;Totaal over alle leeftijden;Mannen en vrouwen;Kampen;2024;53141;45486;2711;1151;1560;4944;2537;2407;166
8726;Totaal over alle leeftijden;Mannen en vrouwen;Kampen;2025;53308;45450;2787;1181;1606;5071;2597;2474;166
8727;Totaal over alle leeftijden;Mannen en vrouwen;Kampen;2026;53469;45379;2851;1207;1644;5239;2667;2572;166
8728;Totaal over alle leeftijden;Mannen en vrouwen;Kampen;2027;53623;45333;2853;1202;1651;5437;2756;2681;166
8729;Totaal over alle leeftijden;Mannen en vrouwen;Kampen;2028;53803;45301;2883;1202;1681;5619;2833;2786;166
8730;Totaal over alle leeftijden;Mannen en vrouwen;Kampen;2029;53951;45223;2934;1244;1690;5794;2914;2880;166
8731;Totaal over alle leeftijden;Mannen en vrouwen;Kampen;2030;54058;45087;2989;1272;1717;5982;3019;2963;166
8732;Totaal over alle leeftijden;Mannen en vrouwen;Kampen;2031;54212;44991;3039;1292;1747;6182;3086;3096;166
8733;Totaal over alle leeftijden;Mannen en vrouwen;Kampen;2032;54289;44813;3098;1299;1799;6378;3203;3175;166
8734;Totaal over alle leeftijden;Mannen en vrouwen;Kampen;2033;54361;44667;3099;1289;1810;6595;3288;3307;166
8735;Totaal over alle leeftijden;Mannen en vrouwen;Kampen;2034;54355;44467;3132;1288;1844;6756;3354;3402;166
8736;Totaal over alle leeftijden;Mannen en vrouwen;Kampen;2035;54382;44258;3166;1306;1860;6958;3445;3513;166
8737;Totaal over alle leeftijden;Mannen en vrouwen;Kampen;2036;54280;43972;3202;1321;1881;7106;3479;3627;166
8738;Totaal over alle leeftijden;Mannen en vrouwen;Kampen;2037;54229;43758;3202;1310;1892;7269;3540;3729;166
8739;Totaal over alle leeftijden;Mannen en vrouwen;Kampen;2038;54216;43570;3240;1329;1911;7406;3607;3799;166
8740;Totaal over alle leeftijden;Mannen en vrouwen;Kampen;2039;54160;43350;3242;1325;1917;7568;3675;3893;166
8741;Totaal over alle leeftijden;Mannen en vrouwen;Kampen;2040;54037;43013;3273;1324;1949;7751;3723;4028;166
8742;Totaal over alle leeftijden;Mannen en vrouwen;Kapelle;2010;12315;11264;699;278;421;352;196;156;678
8743;Totaal over alle leeftijden;Mannen en vrouwen;Kapelle;2011;12360;11227;746;297;449;387;210;177;678
8744;Totaal over alle leeftijden;Mannen en vrouwen;Kapelle;2012;12371;11162;790;320;470;419;228;191;678
8745;Totaal over alle leeftijden;Mannen en vrouwen;Kapelle;2013;12420;11142;803;327;476;475;246;229;678
8746;Totaal over alle leeftijden;Mannen en vrouwen;Kapelle;2014;12478;11117;838;347;491;523;261;262;678
8747;Totaal over alle leeftijden;Mannen en vrouwen;Kapelle;2015;12550;11111;888;365;523;551;272;279;678
8748;Totaal over alle leeftijden;Mannen en vrouwen;Kapelle;2016;12617;11120;909;375;534;588;289;299;678
8749;Totaal over alle leeftijden;Mannen en vrouwen;Kapelle;2017;12656;11097;949;393;556;610;293;317;678
8750;Totaal over alle leeftijden;Mannen en vrouwen;Kapelle;2018;12751;11130;973;399;574;648;298;350;678
8751;Totaal over alle leeftijden;Mannen en vrouwen;Kapelle;2019;12792;11087;1014;411;603;691;313;378;678
8752;Totaal over alle leeftijden;Mannen en vrouwen;Kapelle;2020;12814;11014;1043;424;619;757;337;420;678
8753;Totaal over alle leeftijden;Mannen en vrouwen;Kapelle;2021;12791;10917;1077;438;639;797;367;430;678
8754;Totaal over alle leeftijden;Mannen en vrouwen;Kapelle;2022;12823;10875;1113;454;659;835;380;455;678
8755;Totaal over alle leeftijden;Mannen en vrouwen;Kapelle;2023;12907;10850;1154;467;687;903;409;494;678
8756;Totaal over alle leeftijden;Mannen en vrouwen;Kapelle;2024;12928;10805;1186;482;704;937;420;517;678
8757;Totaal over alle leeftijden;Mannen en vrouwen;Kapelle;2025;12929;10746;1211;490;721;972;433;539;678
8758;Totaal over alle leeftijden;Mannen en vrouwen;Kapelle;2026;13041;10775;1253;508;745;1013;463;550;678
8759;Totaal over alle leeftijden;Mannen en vrouwen;Kapelle;2027;13084;10742;1282;535;747;1060;476;584;678
8760;Totaal over alle leeftijden;Mannen en vrouwen;Kapelle;2028;13156;10733;1334;566;768;1089;487;602;678
8761;Totaal over alle leeftijden;Mannen en vrouwen;Kapelle;2029;13266;10752;1379;586;793;1135;505;630;678
8762;Totaal over alle leeftijden;Mannen en vrouwen;Kapelle;2030;13366;10793;1417;613;804;1156;514;642;678
8763;Totaal over alle leeftijden;Mannen en vrouwen;Kapelle;2031;13334;10720;1429;611;818;1185;523;662;678
8764;Totaal over alle leeftijden;Mannen en vrouwen;Kapelle;2032;13414;10757;1449;628;821;1208;521;687;678
8765;Totaal over alle leeftijden;Mannen en vrouwen;Kapelle;2033;13439;10738;1458;634;824;1243;544;699;678
8766;Totaal over alle leeftijden;Mannen en vrouwen;Kapelle;2034;13454;10690;1473;643;830;1291;548;743;678
8767;Totaal over alle leeftijden;Mannen en vrouwen;Kapelle;2035;13468;10673;1484;652;832;1311;562;749;678
8768;Totaal over alle leeftijden;Mannen en vrouwen;Kapelle;2036;13499;10676;1501;676;825;1322;575;747;678
8769;Totaal over alle leeftijden;Mannen en vrouwen;Kapelle;2037;13569;10664;1545;696;849;1360;586;774;678
8770;Totaal over alle leeftijden;Mannen en vrouwen;Kapelle;2038;13614;10637;1570;719;851;1407;606;801;678
8771;Totaal over alle leeftijden;Mannen en vrouwen;Kapelle;2039;13673;10651;1580;724;856;1442;619;823;678
8772;Totaal over alle leeftijden;Mannen en vrouwen;Kapelle;2040;13678;10602;1609;740;869;1467;629;838;678
8773;Totaal over alle leeftijden;Mannen en vrouwen;Katwijk;2010;60947;55269;3038;1396;1642;2640;1498;1142;537
8774;Totaal over alle leeftijden;Mannen en vrouwen;Katwijk;2011;60968;55014;3148;1452;1696;2806;1579;1227;537
8775;Totaal over alle leeftijden;Mannen en vrouwen;Katwijk;2012;61208;54897;3308;1533;1775;3003;1655;1348;537
8776;Totaal over alle leeftijden;Mannen en vrouwen;Katwijk;2013;61518;54816;3452;1598;1854;3250;1761;1489;537
8777;Totaal over alle leeftijden;Mannen en vrouwen;Katwijk;2014;61910;54799;3596;1673;1923;3515;1870;1645;537
8778;Totaal over alle leeftijden;Mannen en vrouwen;Katwijk;2015;62478;54925;3794;1776;2018;3759;2000;1759;537
8779;Totaal over alle leeftijden;Mannen en vrouwen;Katwijk;2016;63016;54990;4024;1894;2130;4002;2093;1909;537
8780;Totaal over alle leeftijden;Mannen en vrouwen;Katwijk;2017;63646;55162;4231;2023;2208;4253;2202;2051;537
8781;Totaal over alle leeftijden;Mannen en vrouwen;Katwijk;2018;64289;55298;4455;2135;2320;4536;2340;2196;537
8782;Totaal over alle leeftijden;Mannen en vrouwen;Katwijk;2019;64901;55456;4622;2211;2411;4823;2461;2362;537
8783;Totaal over alle leeftijden;Mannen en vrouwen;Katwijk;2020;65596;55692;4854;2305;2549;5050;2576;2474;537
8784;Totaal over alle leeftijden;Mannen en vrouwen;Katwijk;2021;66280;55924;5034;2408;2626;5322;2704;2618;537
8785;Totaal over alle leeftijden;Mannen en vrouwen;Katwijk;2022;66897;56145;5233;2498;2735;5519;2794;2725;537
8786;Totaal over alle leeftijden;Mannen en vrouwen;Katwijk;2023;67454;56270;5436;2597;2839;5748;2937;2811;537
8787;Totaal over alle leeftijden;Mannen en vrouwen;Katwijk;2024;68060;56455;5631;2700;2931;5974;3044;2930;537
8788;Totaal over alle leeftijden;Mannen en vrouwen;Katwijk;2025;68588;56582;5816;2830;2986;6190;3154;3036;537
8789;Totaal over alle leeftijden;Mannen en vrouwen;Katwijk;2026;69231;56778;6026;2933;3093;6427;3273;3154;537
8790;Totaal over alle leeftijden;Mannen en vrouwen;Katwijk;2027;69770;56866;6207;3011;3196;6697;3432;3265;537
8791;Totaal over alle leeftijden;Mannen en vrouwen;Katwijk;2028;70303;56990;6393;3104;3289;6920;3542;3378;537
8792;Totaal over alle leeftijden;Mannen en vrouwen;Katwijk;2029;70792;57049;6557;3189;3368;7186;3665;3521;537
8793;Totaal over alle leeftijden;Mannen en vrouwen;Katwijk;2030;71170;57021;6754;3292;3462;7395;3758;3637;537
8794;Totaal over alle leeftijden;Mannen en vrouwen;Katwijk;2031;71605;57060;6896;3354;3542;7649;3915;3734;537
8795;Totaal over alle leeftijden;Mannen en vrouwen;Katwijk;2032;71841;56926;7072;3418;3654;7843;4006;3837;537
8796;Totaal over alle leeftijden;Mannen en vrouwen;Katwijk;2033;72154;56923;7196;3472;3724;8035;4096;3939;537
8797;Totaal over alle leeftijden;Mannen en vrouwen;Katwijk;2034;72317;56810;7325;3544;3781;8182;4155;4027;537
8798;Totaal over alle leeftijden;Mannen en vrouwen;Katwijk;2035;72454;56625;7473;3619;3854;8356;4242;4114;537
8799;Totaal over alle leeftijden;Mannen en vrouwen;Katwijk;2036;72539;56442;7562;3671;3891;8535;4347;4188;537
8800;Totaal over alle leeftijden;Mannen en vrouwen;Katwijk;2037;72511;56147;7658;3728;3930;8706;4432;4274;537
8801;Totaal over alle leeftijden;Mannen en vrouwen;Katwijk;2038;72496;55907;7767;3791;3976;8822;4500;4322;537
8802;Totaal over alle leeftijden;Mannen en vrouwen;Katwijk;2039;72492;55633;7848;3825;4023;9011;4569;4442;537
8803;Totaal over alle leeftijden;Mannen en vrouwen;Katwijk;2040;72453;55278;7979;3894;4085;9196;4672;4524;537
8804;Totaal over alle leeftijden;Mannen en vrouwen;Kerkrade;2010;47930;32922;12689;5629;7060;2319;1378;941;928
8805;Totaal over alle leeftijden;Mannen en vrouwen;Kerkrade;2011;47721;32968;12266;5368;6898;2487;1448;1039;928
8806;Totaal over alle leeftijden;Mannen en vrouwen;Kerkrade;2012;47595;33071;11850;5110;6740;2674;1520;1154;928
8807;Totaal over alle leeftijden;Mannen en vrouwen;Kerkrade;2013;47457;33162;11454;4891;6563;2841;1581;1260;928
8808;Totaal over alle leeftijden;Mannen en vrouwen;Kerkrade;2014;47366;33328;11068;4663;6405;2970;1607;1363;928
8809;Totaal over alle leeftijden;Mannen en vrouwen;Kerkrade;2015;47142;33391;10637;4412;6225;3114;1653;1461;928
8810;Totaal over alle leeftijden;Mannen en vrouwen;Kerkrade;2016;46928;33396;10261;4224;6037;3271;1703;1568;928
8811;Totaal over alle leeftijden;Mannen en vrouwen;Kerkrade;2017;46738;33449;9904;4031;5873;3385;1748;1637;928
8812;Totaal over alle leeftijden;Mannen en vrouwen;Kerkrade;2018;46604;33519;9569;3872;5697;3516;1786;1730;928
8813;Totaal over alle leeftijden;Mannen en vrouwen;Kerkrade;2019;46465;33608;9240;3688;5552;3617;1817;1800;928
8814;Totaal over alle leeftijden;Mannen en vrouwen;Kerkrade;2020;46308;33599;8924;3524;5400;3785;1886;1899;928
8815;Totaal over alle leeftijden;Mannen en vrouwen;Kerkrade;2021;46060;33550;8605;3357;5248;3905;1957;1948;928
8816;Totaal over alle leeftijden;Mannen en vrouwen;Kerkrade;2022;45855;33490;8338;3216;5122;4027;1993;2034;928
8817;Totaal over alle leeftijden;Mannen en vrouwen;Kerkrade;2023;45616;33459;8008;3031;4977;4149;2031;2118;928
8818;Totaal over alle leeftijden;Mannen en vrouwen;Kerkrade;2024;45397;33414;7735;2870;4865;4248;2064;2184;928
8819;Totaal over alle leeftijden;Mannen en vrouwen;Kerkrade;2025;45100;33334;7443;2751;4692;4323;2102;2221;928
8820;Totaal over alle leeftijden;Mannen en vrouwen;Kerkrade;2026;44869;33216;7210;2636;4574;4443;2162;2281;928
8821;Totaal over alle leeftijden;Mannen en vrouwen;Kerkrade;2027;44588;33109;6963;2541;4422;4516;2187;2329;928
8822;Totaal over alle leeftijden;Mannen en vrouwen;Kerkrade;2028;44321;32929;6740;2423;4317;4652;2268;2384;928
8823;Totaal over alle leeftijden;Mannen en vrouwen;Kerkrade;2029;44040;32792;6512;2321;4191;4736;2287;2449;928
8824;Totaal over alle leeftijden;Mannen en vrouwen;Kerkrade;2030;43771;32598;6317;2249;4068;4856;2343;2513;928
8825;Totaal over alle leeftijden;Mannen en vrouwen;Kerkrade;2031;43524;32415;6133;2186;3947;4976;2406;2570;928
8826;Totaal over alle leeftijden;Mannen en vrouwen;Kerkrade;2032;43219;32209;5922;2093;3829;5088;2414;2674;928
8827;Totaal over alle leeftijden;Mannen en vrouwen;Kerkrade;2033;42901;31992;5732;1990;3742;5177;2473;2704;928
8828;Totaal over alle leeftijden;Mannen en vrouwen;Kerkrade;2034;42599;31785;5557;1919;3638;5257;2490;2767;928
8829;Totaal over alle leeftijden;Mannen en vrouwen;Kerkrade;2035;42236;31490;5412;1865;3547;5334;2531;2803;928
8830;Totaal over alle leeftijden;Mannen en vrouwen;Kerkrade;2036;41846;31172;5280;1796;3484;5394;2542;2852;928
8831;Totaal over alle leeftijden;Mannen en vrouwen;Kerkrade;2037;41486;30884;5140;1728;3412;5462;2558;2904;928
8832;Totaal over alle leeftijden;Mannen en vrouwen;Kerkrade;2038;41106;30585;5005;1655;3350;5516;2562;2954;928
8833;Totaal over alle leeftijden;Mannen en vrouwen;Kerkrade;2039;40809;30391;4853;1600;3253;5565;2586;2979;928
8834;Totaal over alle leeftijden;Mannen en vrouwen;Kerkrade;2040;40495;30085;4757;1557;3200;5653;2613;3040;928
8835;Totaal over alle leeftijden;Mannen en vrouwen;Kessel;2010;4327;3929;310;111;199;88;53;35;929
8836;Totaal over alle leeftijden;Mannen en vrouwen;Kessel;2011;4364;3946;306;112;194;112;61;51;929
8837;Totaal over alle leeftijden;Mannen en vrouwen;Kessel;2012;4396;3949;318;122;196;129;71;58;929
8838;Totaal over alle leeftijden;Mannen en vrouwen;Kessel;2013;4398;3928;320;125;195;150;78;72;929
8839;Totaal over alle leeftijden;Mannen en vrouwen;Kessel;2014;4401;3918;316;121;195;167;82;85;929
8840;Totaal over alle leeftijden;Mannen en vrouwen;Kessel;2015;4411;3906;320;121;199;185;88;97;929
8841;Totaal over alle leeftijden;Mannen en vrouwen;Kessel;2016;4429;3894;323;123;200;212;97;115;929
8842;Totaal over alle leeftijden;Mannen en vrouwen;Kessel;2017;4456;3902;323;131;192;231;106;125;929
8843;Totaal over alle leeftijden;Mannen en vrouwen;Kessel;2018;4487;3915;327;134;193;245;107;138;929
8844;Totaal over alle leeftijden;Mannen en vrouwen;Kessel;2019;4506;3912;326;132;194;268;117;151;929
8845;Totaal over alle leeftijden;Mannen en vrouwen;Kessel;2020;4544;3912;332;139;193;300;132;168;929
8846;Totaal over alle leeftijden;Mannen en vrouwen;Kessel;2021;4522;3861;339;146;193;322;139;183;929
8847;Totaal over alle leeftijden;Mannen en vrouwen;Kessel;2022;4526;3850;343;147;196;333;141;192;929
8848;Totaal over alle leeftijden;Mannen en vrouwen;Kessel;2023;4547;3855;338;144;194;354;151;203;929
8849;Totaal over alle leeftijden;Mannen en vrouwen;Kessel;2024;4566;3860;328;141;187;378;161;217;929
8850;Totaal over alle leeftijden;Mannen en vrouwen;Kessel;2025;4564;3838;336;146;190;390;164;226;929
8851;Totaal over alle leeftijden;Mannen en vrouwen;Kessel;2026;4594;3841;346;150;196;407;167;240;929
8852;Totaal over alle leeftijden;Mannen en vrouwen;Kessel;2027;4587;3817;349;156;193;421;178;243;929
8853;Totaal over alle leeftijden;Mannen en vrouwen;Kessel;2028;4609;3821;339;147;192;449;192;257;929
8854;Totaal over alle leeftijden;Mannen en vrouwen;Kessel;2029;4637;3839;332;143;189;466;200;266;929
8855;Totaal over alle leeftijden;Mannen en vrouwen;Kessel;2030;4669;3856;336;147;189;477;205;272;929
8856;Totaal over alle leeftijden;Mannen en vrouwen;Kessel;2031;4686;3860;334;144;190;492;210;282;929
8857;Totaal over alle leeftijden;Mannen en vrouwen;Kessel;2032;4695;3855;331;149;182;509;217;292;929
8858;Totaal over alle leeftijden;Mannen en vrouwen;Kessel;2033;4744;3880;328;149;179;536;240;296;929
8859;Totaal over alle leeftijden;Mannen en vrouwen;Kessel;2034;4743;3882;314;143;171;547;241;306;929
8860;Totaal over alle leeftijden;Mannen en vrouwen;Kessel;2035;4761;3884;318;143;175;559;251;308;929
8861;Totaal over alle leeftijden;Mannen en vrouwen;Kessel;2036;4730;3840;325;150;175;565;254;311;929
8862;Totaal over alle leeftijden;Mannen en vrouwen;Kessel;2037;4756;3849;324;148;176;583;256;327;929
8863;Totaal over alle leeftijden;Mannen en vrouwen;Kessel;2038;4772;3848;323;144;179;601;259;342;929
8864;Totaal over alle leeftijden;Mannen en vrouwen;Kessel;2039;4773;3839;325;146;179;609;259;350;929
8865;Totaal over alle leeftijden;Mannen en vrouwen;Kessel;2040;4769;3830;323;140;183;616;255;361;929
8866;Totaal over alle leeftijden;Mannen en vrouwen;Koggenland;2010;21943;20324;970;371;599;649;328;321;1598
8867;Totaal over alle leeftijden;Mannen en vrouwen;Koggenland;2011;22087;20302;1025;398;627;760;362;398;1598
8868;Totaal over alle leeftijden;Mannen en vrouwen;Koggenland;2012;22133;20236;1053;409;644;844;390;454;1598
8869;Totaal over alle leeftijden;Mannen en vrouwen;Koggenland;2013;22161;20141;1059;416;643;961;420;541;1598
8870;Totaal over alle leeftijden;Mannen en vrouwen;Koggenland;2014;22288;20132;1093;436;657;1063;461;602;1598
8871;Totaal over alle leeftijden;Mannen en vrouwen;Koggenland;2015;22414;20107;1118;451;667;1189;510;679;1598
8872;Totaal over alle leeftijden;Mannen en vrouwen;Koggenland;2016;22464;20038;1148;460;688;1278;540;738;1598
8873;Totaal over alle leeftijden;Mannen en vrouwen;Koggenland;2017;22515;19974;1168;471;697;1373;574;799;1598
8874;Totaal over alle leeftijden;Mannen en vrouwen;Koggenland;2018;22662;19969;1204;477;727;1489;604;885;1598
8875;Totaal over alle leeftijden;Mannen en vrouwen;Koggenland;2019;22749;19929;1232;491;741;1588;653;935;1598
8876;Totaal over alle leeftijden;Mannen en vrouwen;Koggenland;2020;22778;19846;1252;505;747;1680;705;975;1598
8877;Totaal over alle leeftijden;Mannen en vrouwen;Koggenland;2021;22900;19826;1280;513;767;1794;762;1032;1598
8878;Totaal over alle leeftijden;Mannen en vrouwen;Koggenland;2022;22980;19788;1338;540;798;1854;798;1056;1598
8879;Totaal over alle leeftijden;Mannen en vrouwen;Koggenland;2023;23060;19773;1350;547;803;1937;832;1105;1598
8880;Totaal over alle leeftijden;Mannen en vrouwen;Koggenland;2024;23139;19769;1362;545;817;2008;859;1149;1598
8881;Totaal over alle leeftijden;Mannen en vrouwen;Koggenland;2025;23186;19705;1383;553;830;2098;902;1196;1598
8882;Totaal over alle leeftijden;Mannen en vrouwen;Koggenland;2026;23171;19582;1411;573;838;2178;941;1237;1598
8883;Totaal over alle leeftijden;Mannen en vrouwen;Koggenland;2027;23270;19553;1442;579;863;2275;970;1305;1598
8884;Totaal over alle leeftijden;Mannen en vrouwen;Koggenland;2028;23404;19540;1474;589;885;2390;1006;1384;1598
8885;Totaal over alle leeftijden;Mannen en vrouwen;Koggenland;2029;23508;19519;1509;589;920;2480;1044;1436;1598
8886;Totaal over alle leeftijden;Mannen en vrouwen;Koggenland;2030;23562;19487;1533;599;934;2542;1065;1477;1598
8887;Totaal over alle leeftijden;Mannen en vrouwen;Koggenland;2031;23616;19427;1554;602;952;2635;1127;1508;1598
8888;Totaal over alle leeftijden;Mannen en vrouwen;Koggenland;2032;23631;19364;1548;586;962;2719;1171;1548;1598
8889;Totaal over alle leeftijden;Mannen en vrouwen;Koggenland;2033;23679;19359;1553;588;965;2767;1185;1582;1598
8890;Totaal over alle leeftijden;Mannen en vrouwen;Koggenland;2034;23729;19340;1573;593;980;2816;1202;1614;1598
8891;Totaal over alle leeftijden;Mannen en vrouwen;Koggenland;2035;23782;19318;1602;607;995;2862;1235;1627;1598
8892;Totaal over alle leeftijden;Mannen en vrouwen;Koggenland;2036;23786;19246;1607;609;998;2933;1274;1659;1598
8893;Totaal over alle leeftijden;Mannen en vrouwen;Koggenland;2037;23802;19181;1622;594;1028;2999;1312;1687;1598
8894;Totaal over alle leeftijden;Mannen en vrouwen;Koggenland;2038;23809;19091;1655;611;1044;3063;1332;1731;1598
8895;Totaal over alle leeftijden;Mannen en vrouwen;Koggenland;2039;23816;19043;1669;602;1067;3104;1355;1749;1598
8896;Totaal over alle leeftijden;Mannen en vrouwen;Koggenland;2040;23811;18950;1686;601;1085;3175;1390;1785;1598
8897;Totaal over alle leeftijden;Mannen en vrouwen;Kollumerland en Nieuwkruisland;2010;13120;12513;348;119;229;259;149;110;79
8898;Totaal over alle leeftijden;Mannen en vrouwen;Kollumerland en Nieuwkruisland;2011;13122;12451;372;131;241;299;175;124;79
8899;Totaal over alle leeftijden;Mannen en vrouwen;Kollumerland en Nieuwkruisland;2012;13124;12389;396;145;251;339;196;143;79
8900;Totaal over alle leeftijden;Mannen en vrouwen;Kollumerland en Nieuwkruisland;2013;13149;12347;422;164;258;380;215;165;79
8901;Totaal over alle leeftijden;Mannen en vrouwen;Kollumerland en Nieuwkruisland;2014;13134;12274;433;165;268;427;241;186;79
8902;Totaal over alle leeftijden;Mannen en vrouwen;Kollumerland en Nieuwkruisland;2015;13175;12244;457;176;281;474;271;203;79
8903;Totaal over alle leeftijden;Mannen en vrouwen;Kollumerland en Nieuwkruisland;2016;13214;12217;483;191;292;514;286;228;79
8904;Totaal over alle leeftijden;Mannen en vrouwen;Kollumerland en Nieuwkruisland;2017;13190;12150;496;197;299;544;299;245;79
8905;Totaal over alle leeftijden;Mannen en vrouwen;Kollumerland en Nieuwkruisland;2018;13228;12113;528;212;316;587;322;265;79
8906;Totaal over alle leeftijden;Mannen en vrouwen;Kollumerland en Nieuwkruisland;2019;13203;12025;556;226;330;622;334;288;79
8907;Totaal over alle leeftijden;Mannen en vrouwen;Kollumerland en Nieuwkruisland;2020;13237;11992;577;240;337;668;351;317;79
8908;Totaal over alle leeftijden;Mannen en vrouwen;Kollumerland en Nieuwkruisland;2021;13274;11940;598;246;352;736;390;346;79
8909;Totaal over alle leeftijden;Mannen en vrouwen;Kollumerland en Nieuwkruisland;2022;13277;11879;621;261;360;777;411;366;79
8910;Totaal over alle leeftijden;Mannen en vrouwen;Kollumerland en Nieuwkruisland;2023;13269;11773;658;278;380;838;440;398;79
8911;Totaal over alle leeftijden;Mannen en vrouwen;Kollumerland en Nieuwkruisland;2024;13251;11698;669;281;388;884;456;428;79
8912;Totaal over alle leeftijden;Mannen en vrouwen;Kollumerland en Nieuwkruisland;2025;13309;11686;678;281;397;945;495;450;79
8913;Totaal over alle leeftijden;Mannen en vrouwen;Kollumerland en Nieuwkruisland;2026;13282;11606;687;280;407;989;509;480;79
8914;Totaal over alle leeftijden;Mannen en vrouwen;Kollumerland en Nieuwkruisland;2027;13263;11526;715;296;419;1022;514;508;79
8915;Totaal over alle leeftijden;Mannen en vrouwen;Kollumerland en Nieuwkruisland;2028;13294;11498;724;295;429;1072;548;524;79
8916;Totaal over alle leeftijden;Mannen en vrouwen;Kollumerland en Nieuwkruisland;2029;13286;11426;750;314;436;1110;572;538;79
8917;Totaal over alle leeftijden;Mannen en vrouwen;Kollumerland en Nieuwkruisland;2030;13344;11444;765;322;443;1135;577;558;79
8918;Totaal over alle leeftijden;Mannen en vrouwen;Kollumerland en Nieuwkruisland;2031;13331;11371;777;325;452;1183;600;583;79
8919;Totaal over alle leeftijden;Mannen en vrouwen;Kollumerland en Nieuwkruisland;2032;13309;11299;795;327;468;1215;605;610;79
8920;Totaal over alle leeftijden;Mannen en vrouwen;Kollumerland en Nieuwkruisland;2033;13276;11195;799;334;465;1282;643;639;79
8921;Totaal over alle leeftijden;Mannen en vrouwen;Kollumerland en Nieuwkruisland;2034;13282;11158;813;346;467;1311;658;653;79
8922;Totaal over alle leeftijden;Mannen en vrouwen;Kollumerland en Nieuwkruisland;2035;13321;11131;833;353;480;1357;701;656;79
8923;Totaal over alle leeftijden;Mannen en vrouwen;Kollumerland en Nieuwkruisland;2036;13408;11183;847;359;488;1378;716;662;79
8924;Totaal over alle leeftijden;Mannen en vrouwen;Kollumerland en Nieuwkruisland;2037;13369;11106;860;369;491;1403;724;679;79
8925;Totaal over alle leeftijden;Mannen en vrouwen;Kollumerland en Nieuwkruisland;2038;13409;11112;872;381;491;1425;729;696;79
8926;Totaal over alle leeftijden;Mannen en vrouwen;Kollumerland en Nieuwkruisland;2039;13469;11112;884;391;493;1473;761;712;79
8927;Totaal over alle leeftijden;Mannen en vrouwen;Kollumerland en Nieuwkruisland;2040;13489;11084;902;408;494;1503;772;731;79
8928;Totaal over alle leeftijden;Mannen en vrouwen;Korendijk;2010;10936;10224;456;159;297;256;138;118;588
8929;Totaal over alle leeftijden;Mannen en vrouwen;Korendijk;2011;10918;10168;439;140;299;311;168;143;588
8930;Totaal over alle leeftijden;Mannen en vrouwen;Korendijk;2012;10909;10111;446;130;316;352;192;160;588
8931;Totaal over alle leeftijden;Mannen en vrouwen;Korendijk;2013;10918;10054;471;146;325;393;202;191;588
8932;Totaal over alle leeftijden;Mannen en vrouwen;Korendijk;2014;10946;10020;482;142;340;444;228;216;588
8933;Totaal over alle leeftijden;Mannen en vrouwen;Korendijk;2015;10922;9936;482;140;342;504;258;246;588
8934;Totaal over alle leeftijden;Mannen en vrouwen;Korendijk;2016;10870;9819;505;148;357;546;272;274;588
8935;Totaal over alle leeftijden;Mannen en vrouwen;Korendijk;2017;10891;9772;509;150;359;610;297;313;588
8936;Totaal over alle leeftijden;Mannen en vrouwen;Korendijk;2018;10895;9746;504;144;360;645;319;326;588
8937;Totaal over alle leeftijden;Mannen en vrouwen;Korendijk;2019;10947;9730;515;145;370;702;343;359;588
8938;Totaal over alle leeftijden;Mannen en vrouwen;Korendijk;2020;10925;9691;510;137;373;724;358;366;588
8939;Totaal over alle leeftijden;Mannen en vrouwen;Korendijk;2021;10945;9675;507;133;374;763;369;394;588
8940;Totaal over alle leeftijden;Mannen en vrouwen;Korendijk;2022;10954;9654;523;140;383;777;379;398;588
8941;Totaal over alle leeftijden;Mannen en vrouwen;Korendijk;2023;10973;9603;540;138;402;830;394;436;588
8942;Totaal over alle leeftijden;Mannen en vrouwen;Korendijk;2024;11001;9585;555;141;414;861;398;463;588
8943;Totaal over alle leeftijden;Mannen en vrouwen;Korendijk;2025;11007;9558;550;131;419;899;425;474;588
8944;Totaal over alle leeftijden;Mannen en vrouwen;Korendijk;2026;10978;9488;558;133;425;932;448;484;588
8945;Totaal over alle leeftijden;Mannen en vrouwen;Korendijk;2027;10955;9438;550;117;433;967;452;515;588
8946;Totaal over alle leeftijden;Mannen en vrouwen;Korendijk;2028;10995;9443;557;120;437;995;465;530;588
8947;Totaal over alle leeftijden;Mannen en vrouwen;Korendijk;2029;11026;9446;564;123;441;1016;470;546;588
8948;Totaal over alle leeftijden;Mannen en vrouwen;Korendijk;2030;11066;9432;584;135;449;1050;486;564;588
8949;Totaal over alle leeftijden;Mannen en vrouwen;Korendijk;2031;11103;9414;604;140;464;1085;486;599;588
8950;Totaal over alle leeftijden;Mannen en vrouwen;Korendijk;2032;11078;9364;596;128;468;1118;497;621;588
8951;Totaal over alle leeftijden;Mannen en vrouwen;Korendijk;2033;11112;9340;613;132;481;1159;522;637;588
8952;Totaal over alle leeftijden;Mannen en vrouwen;Korendijk;2034;11132;9320;630;127;503;1182;528;654;588
8953;Totaal over alle leeftijden;Mannen en vrouwen;Korendijk;2035;11150;9278;642;124;518;1230;541;689;588
8954;Totaal over alle leeftijden;Mannen en vrouwen;Korendijk;2036;11145;9206;651;126;525;1288;565;723;588
8955;Totaal over alle leeftijden;Mannen en vrouwen;Korendijk;2037;11190;9200;657;137;520;1333;581;752;588
8956;Totaal over alle leeftijden;Mannen en vrouwen;Korendijk;2038;11206;9179;655;128;527;1372;584;788;588
8957;Totaal over alle leeftijden;Mannen en vrouwen;Korendijk;2039;11195;9130;659;128;531;1406;599;807;588
8958;Totaal over alle leeftijden;Mannen en vrouwen;Korendijk;2040;11198;9089;672;131;541;1437;621;816;588
8959;Totaal over alle leeftijden;Mannen en vrouwen;Krimpen aan den IJssel;2010;28487;24676;2237;883;1354;1574;873;701;542
8960;Totaal over alle leeftijden;Mannen en vrouwen;Krimpen aan den IJssel;2011;28419;24473;2275;899;1376;1671;897;774;542
8961;Totaal over alle leeftijden;Mannen en vrouwen;Krimpen aan den IJssel;2012;28373;24332;2303;908;1395;1738;900;838;542
8962;Totaal over alle leeftijden;Mannen en vrouwen;Krimpen aan den IJssel;2013;28283;24152;2318;888;1430;1813;900;913;542
8963;Totaal over alle leeftijden;Mannen en vrouwen;Krimpen aan den IJssel;2014;28437;24127;2356;886;1470;1954;946;1008;542
8964;Totaal over alle leeftijden;Mannen en vrouwen;Krimpen aan den IJssel;2015;28461;24014;2394;875;1519;2053;958;1095;542
8965;Totaal over alle leeftijden;Mannen en vrouwen;Krimpen aan den IJssel;2016;28594;23968;2447;879;1568;2179;986;1193;542
8966;Totaal over alle leeftijden;Mannen en vrouwen;Krimpen aan den IJssel;2017;28677;23883;2495;893;1602;2299;1004;1295;542
8967;Totaal over alle leeftijden;Mannen en vrouwen;Krimpen aan den IJssel;2018;28754;23828;2537;886;1651;2389;1021;1368;542
8968;Totaal over alle leeftijden;Mannen en vrouwen;Krimpen aan den IJssel;2019;28895;23773;2569;876;1693;2553;1082;1471;542
8969;Totaal over alle leeftijden;Mannen en vrouwen;Krimpen aan den IJssel;2020;28931;23656;2623;893;1730;2652;1094;1558;542
8970;Totaal over alle leeftijden;Mannen en vrouwen;Krimpen aan den IJssel;2021;29136;23669;2685;908;1777;2782;1140;1642;542
8971;Totaal over alle leeftijden;Mannen en vrouwen;Krimpen aan den IJssel;2022;29253;23657;2698;892;1806;2898;1163;1735;542
8972;Totaal over alle leeftijden;Mannen en vrouwen;Krimpen aan den IJssel;2023;29421;23652;2748;917;1831;3021;1191;1830;542
8973;Totaal over alle leeftijden;Mannen en vrouwen;Krimpen aan den IJssel;2024;29480;23581;2788;923;1865;3111;1209;1902;542
8974;Totaal over alle leeftijden;Mannen en vrouwen;Krimpen aan den IJssel;2025;29660;23610;2843;950;1893;3207;1229;1978;542
8975;Totaal over alle leeftijden;Mannen en vrouwen;Krimpen aan den IJssel;2026;29827;23629;2887;934;1953;3311;1252;2059;542
8976;Totaal over alle leeftijden;Mannen en vrouwen;Krimpen aan den IJssel;2027;29951;23646;2921;934;1987;3384;1268;2116;542
8977;Totaal over alle leeftijden;Mannen en vrouwen;Krimpen aan den IJssel;2028;30097;23706;2928;933;1995;3463;1295;2168;542
8978;Totaal over alle leeftijden;Mannen en vrouwen;Krimpen aan den IJssel;2029;30302;23784;2933;938;1995;3585;1314;2271;542
8979;Totaal over alle leeftijden;Mannen en vrouwen;Krimpen aan den IJssel;2030;30333;23730;2935;930;2005;3668;1343;2325;542
8980;Totaal over alle leeftijden;Mannen en vrouwen;Krimpen aan den IJssel;2031;30427;23709;2954;927;2027;3764;1379;2385;542
8981;Totaal over alle leeftijden;Mannen en vrouwen;Krimpen aan den IJssel;2032;30460;23667;2960;910;2050;3833;1407;2426;542
8982;Totaal over alle leeftijden;Mannen en vrouwen;Krimpen aan den IJssel;2033;30357;23502;2949;890;2059;3906;1421;2485;542
8983;Totaal over alle leeftijden;Mannen en vrouwen;Krimpen aan den IJssel;2034;30263;23361;2968;904;2064;3934;1444;2490;542
8984;Totaal over alle leeftijden;Mannen en vrouwen;Krimpen aan den IJssel;2035;30172;23240;2987;898;2089;3945;1445;2500;542
8985;Totaal over alle leeftijden;Mannen en vrouwen;Krimpen aan den IJssel;2036;30088;23092;3013;897;2116;3983;1445;2538;542
8986;Totaal over alle leeftijden;Mannen en vrouwen;Krimpen aan den IJssel;2037;30009;22962;3026;899;2127;4021;1459;2562;542
8987;Totaal over alle leeftijden;Mannen en vrouwen;Krimpen aan den IJssel;2038;29869;22823;3028;886;2142;4018;1424;2594;542
8988;Totaal over alle leeftijden;Mannen en vrouwen;Krimpen aan den IJssel;2039;29674;22644;3005;870;2135;4025;1424;2601;542
8989;Totaal over alle leeftijden;Mannen en vrouwen;Krimpen aan den IJssel;2040;29534;22488;2991;867;2124;4055;1443;2612;542
8990;Totaal over alle leeftijden;Mannen en vrouwen;Laarbeek;2010;21721;20034;1175;477;698;512;297;215;1659
8991;Totaal over alle leeftijden;Mannen en vrouwen;Laarbeek;2011;21687;19901;1184;500;684;602;340;262;1659
8992;Totaal over alle leeftijden;Mannen en vrouwen;Laarbeek;2012;21614;19756;1196;511;685;662;364;298;1659
8993;Totaal over alle leeftijden;Mannen en vrouwen;Laarbeek;2013;21575;19646;1195;514;681;734;397;337;1659
8994;Totaal over alle leeftijden;Mannen en vrouwen;Laarbeek;2014;21629;19602;1221;533;688;806;431;375;1659
8995;Totaal over alle leeftijden;Mannen en vrouwen;Laarbeek;2015;21630;19509;1231;539;692;890;450;440;1659
8996;Totaal over alle leeftijden;Mannen en vrouwen;Laarbeek;2016;21734;19521;1240;537;703;973;492;481;1659
8997;Totaal over alle leeftijden;Mannen en vrouwen;Laarbeek;2017;21793;19466;1274;564;710;1053;517;536;1659
8998;Totaal over alle leeftijden;Mannen en vrouwen;Laarbeek;2018;21880;19480;1298;590;708;1102;536;566;1659
8999;Totaal over alle leeftijden;Mannen en vrouwen;Laarbeek;2019;21906;19409;1322;594;728;1175;561;614;1659
9000;Totaal over alle leeftijden;Mannen en vrouwen;Laarbeek;2020;21936;19332;1345;613;732;1259;601;658;1659
9001;Totaal over alle leeftijden;Mannen en vrouwen;Laarbeek;2021;21981;19289;1356;626;730;1336;629;707;1659
9002;Totaal over alle leeftijden;Mannen en vrouwen;Laarbeek;2022;22053;19238;1389;662;727;1426;664;762;1659
9003;Totaal over alle leeftijden;Mannen en vrouwen;Laarbeek;2023;22103;19194;1418;675;743;1491;696;795;1659
9004;Totaal over alle leeftijden;Mannen en vrouwen;Laarbeek;2024;22174;19165;1434;683;751;1575;726;849;1659
9005;Totaal over alle leeftijden;Mannen en vrouwen;Laarbeek;2025;22182;19083;1453;717;736;1646;758;888;1659
9006;Totaal over alle leeftijden;Mannen en vrouwen;Laarbeek;2026;22234;19045;1462;727;735;1727;780;947;1659
9007;Totaal over alle leeftijden;Mannen en vrouwen;Laarbeek;2027;22296;19003;1474;735;739;1819;814;1005;1659
9008;Totaal over alle leeftijden;Mannen en vrouwen;Laarbeek;2028;22303;18919;1485;747;738;1899;860;1039;1659
9009;Totaal over alle leeftijden;Mannen en vrouwen;Laarbeek;2029;22331;18860;1507;776;731;1964;887;1077;1659
9010;Totaal over alle leeftijden;Mannen en vrouwen;Laarbeek;2030;22397;18823;1531;788;743;2043;929;1114;1659
9011;Totaal over alle leeftijden;Mannen en vrouwen;Laarbeek;2031;22425;18757;1556;802;754;2112;962;1150;1659
9012;Totaal over alle leeftijden;Mannen en vrouwen;Laarbeek;2032;22447;18703;1573;827;746;2171;977;1194;1659
9013;Totaal over alle leeftijden;Mannen en vrouwen;Laarbeek;2033;22487;18646;1596;846;750;2245;1025;1220;1659
9014;Totaal over alle leeftijden;Mannen en vrouwen;Laarbeek;2034;22495;18591;1599;848;751;2305;1055;1250;1659
9015;Totaal over alle leeftijden;Mannen en vrouwen;Laarbeek;2035;22463;18504;1608;855;753;2351;1073;1278;1659
9016;Totaal over alle leeftijden;Mannen en vrouwen;Laarbeek;2036;22489;18449;1629;872;757;2411;1110;1301;1659
9017;Totaal over alle leeftijden;Mannen en vrouwen;Laarbeek;2037;22497;18369;1647;893;754;2481;1149;1332;1659
9018;Totaal over alle leeftijden;Mannen en vrouwen;Laarbeek;2038;22531;18341;1670;896;774;2520;1159;1361;1659
9019;Totaal over alle leeftijden;Mannen en vrouwen;Laarbeek;2039;22580;18324;1683;907;776;2573;1176;1397;1659
9020;Totaal over alle leeftijden;Mannen en vrouwen;Laarbeek;2040;22589;18258;1713;924;789;2618;1209;1409;1659
9021;Totaal over alle leeftijden;Mannen en vrouwen;Landerd;2010;14752;13800;611;223;388;341;208;133;1685
9022;Totaal over alle leeftijden;Mannen en vrouwen;Landerd;2011;14675;13647;636;236;400;392;243;149;1685
9023;Totaal over alle leeftijden;Mannen en vrouwen;Landerd;2012;14581;13505;647;238;409;429;260;169;1685
9024;Totaal over alle leeftijden;Mannen en vrouwen;Landerd;2013;14475;13365;641;241;400;469;274;195;1685
9025;Totaal over alle leeftijden;Mannen en vrouwen;Landerd;2014;14400;13229;648;244;404;523;303;220;1685
9026;Totaal over alle leeftijden;Mannen en vrouwen;Landerd;2015;14313;13096;647;233;414;570;333;237;1685
9027;Totaal over alle leeftijden;Mannen en vrouwen;Landerd;2016;14268;12998;670;244;426;600;343;257;1685
9028;Totaal over alle leeftijden;Mannen en vrouwen;Landerd;2017;14272;12937;681;254;427;654;363;291;1685
9029;Totaal over alle leeftijden;Mannen en vrouwen;Landerd;2018;14187;12793;704;259;445;690;379;311;1685
9030;Totaal over alle leeftijden;Mannen en vrouwen;Landerd;2019;14092;12623;740;273;467;729;397;332;1685
9031;Totaal over alle leeftijden;Mannen en vrouwen;Landerd;2020;14122;12585;754;286;468;783;424;359;1685
9032;Totaal over alle leeftijden;Mannen en vrouwen;Landerd;2021;14106;12503;763;285;478;840;454;386;1685
9033;Totaal over alle leeftijden;Mannen en vrouwen;Landerd;2022;14065;12397;776;296;480;892;474;418;1685
9034;Totaal over alle leeftijden;Mannen en vrouwen;Landerd;2023;14039;12318;783;296;487;938;490;448;1685
9035;Totaal over alle leeftijden;Mannen en vrouwen;Landerd;2024;14013;12232;798;309;489;983;518;465;1685
9036;Totaal over alle leeftijden;Mannen en vrouwen;Landerd;2025;14003;12156;811;320;491;1036;546;490;1685
9037;Totaal over alle leeftijden;Mannen en vrouwen;Landerd;2026;13953;12096;792;295;497;1065;554;511;1685
9038;Totaal over alle leeftijden;Mannen en vrouwen;Landerd;2027;13974;12035;820;312;508;1119;587;532;1685
9039;Totaal over alle leeftijden;Mannen en vrouwen;Landerd;2028;13961;11995;818;312;506;1148;595;553;1685
9040;Totaal over alle leeftijden;Mannen en vrouwen;Landerd;2029;13932;11908;832;317;515;1192;607;585;1685
9041;Totaal over alle leeftijden;Mannen en vrouwen;Landerd;2030;13871;11824;827;319;508;1220;626;594;1685
9042;Totaal over alle leeftijden;Mannen en vrouwen;Landerd;2031;13822;11755;826;323;503;1241;641;600;1685
9043;Totaal over alle leeftijden;Mannen en vrouwen;Landerd;2032;13788;11674;851;322;529;1263;653;610;1685
9044;Totaal over alle leeftijden;Mannen en vrouwen;Landerd;2033;13733;11594;841;314;527;1298;663;635;1685
9045;Totaal over alle leeftijden;Mannen en vrouwen;Landerd;2034;13689;11546;834;305;529;1309;664;645;1685
9046;Totaal over alle leeftijden;Mannen en vrouwen;Landerd;2035;13699;11486;846;315;531;1367;689;678;1685
9047;Totaal over alle leeftijden;Mannen en vrouwen;Landerd;2036;13659;11422;830;304;526;1407;718;689;1685
9048;Totaal over alle leeftijden;Mannen en vrouwen;Landerd;2037;13645;11367;834;296;538;1444;736;708;1685
9049;Totaal over alle leeftijden;Mannen en vrouwen;Landerd;2038;13559;11247;859;315;544;1453;739;714;1685
9050;Totaal over alle leeftijden;Mannen en vrouwen;Landerd;2039;13524;11168;873;315;558;1483;755;728;1685
9051;Totaal over alle leeftijden;Mannen en vrouwen;Landerd;2040;13486;11066;899;334;565;1521;773;748;1685
9052;Totaal over alle leeftijden;Mannen en vrouwen;Landgraaf;2010;38139;29152;7659;2176;5483;1328;768;560;882
9053;Totaal over alle leeftijden;Mannen en vrouwen;Landgraaf;2011;37942;29016;7474;2107;5367;1452;823;629;882
9054;Totaal over alle leeftijden;Mannen en vrouwen;Landgraaf;2012;37786;28944;7253;1999;5254;1589;881;708;882
9055;Totaal over alle leeftijden;Mannen en vrouwen;Landgraaf;2013;37762;29002;7054;1941;5113;1706;924;782;882
9056;Totaal over alle leeftijden;Mannen en vrouwen;Landgraaf;2014;37585;28882;6876;1901;4975;1827;963;864;882
9057;Totaal over alle leeftijden;Mannen en vrouwen;Landgraaf;2015;37382;28765;6654;1823;4831;1963;1024;939;882
9058;Totaal over alle leeftijden;Mannen en vrouwen;Landgraaf;2016;37184;28680;6438;1755;4683;2066;1081;985;882
9059;Totaal over alle leeftijden;Mannen en vrouwen;Landgraaf;2017;36995;28577;6231;1668;4563;2187;1119;1068;882
9060;Totaal over alle leeftijden;Mannen en vrouwen;Landgraaf;2018;36812;28451;6045;1610;4435;2316;1170;1146;882
9061;Totaal over alle leeftijden;Mannen en vrouwen;Landgraaf;2019;36594;28304;5858;1559;4299;2432;1220;1212;882
9062;Totaal over alle leeftijden;Mannen en vrouwen;Landgraaf;2020;36389;28176;5692;1514;4178;2521;1258;1263;882
9063;Totaal over alle leeftijden;Mannen en vrouwen;Landgraaf;2021;36050;27923;5544;1480;4064;2583;1272;1311;882
9064;Totaal over alle leeftijden;Mannen en vrouwen;Landgraaf;2022;35814;27773;5382;1425;3957;2659;1332;1327;882
9065;Totaal over alle leeftijden;Mannen en vrouwen;Landgraaf;2023;35601;27690;5202;1398;3804;2709;1356;1353;882
9066;Totaal over alle leeftijden;Mannen en vrouwen;Landgraaf;2024;35398;27566;5054;1382;3672;2778;1365;1413;882
9067;Totaal over alle leeftijden;Mannen en vrouwen;Landgraaf;2025;35125;27352;4916;1341;3575;2857;1387;1470;882
9068;Totaal over alle leeftijden;Mannen en vrouwen;Landgraaf;2026;34834;27147;4748;1290;3458;2939;1410;1529;882
9069;Totaal over alle leeftijden;Mannen en vrouwen;Landgraaf;2027;34616;26986;4598;1243;3355;3032;1448;1584;882
9070;Totaal over alle leeftijden;Mannen en vrouwen;Landgraaf;2028;34310;26745;4456;1186;3270;3109;1471;1638;882
9071;Totaal over alle leeftijden;Mannen en vrouwen;Landgraaf;2029;34043;26547;4308;1160;3148;3188;1496;1692;882
9072;Totaal over alle leeftijden;Mannen en vrouwen;Landgraaf;2030;33674;26273;4166;1115;3051;3235;1493;1742;882
9073;Totaal over alle leeftijden;Mannen en vrouwen;Landgraaf;2031;33351;25998;4038;1088;2950;3315;1519;1796;882
9074;Totaal over alle leeftijden;Mannen en vrouwen;Landgraaf;2032;33064;25713;3946;1060;2886;3405;1549;1856;882
9075;Totaal over alle leeftijden;Mannen en vrouwen;Landgraaf;2033;32767;25435;3850;1036;2814;3482;1570;1912;882
9076;Totaal over alle leeftijden;Mannen en vrouwen;Landgraaf;2034;32484;25215;3756;1013;2743;3513;1579;1934;882
9077;Totaal over alle leeftijden;Mannen en vrouwen;Landgraaf;2035;32215;24986;3647;991;2656;3582;1594;1988;882
9078;Totaal over alle leeftijden;Mannen en vrouwen;Landgraaf;2036;31896;24716;3517;953;2564;3663;1639;2024;882
9079;Totaal over alle leeftijden;Mannen en vrouwen;Landgraaf;2037;31628;24498;3424;929;2495;3706;1654;2052;882
9080;Totaal over alle leeftijden;Mannen en vrouwen;Landgraaf;2038;31282;24192;3351;928;2423;3739;1670;2069;882
9081;Totaal over alle leeftijden;Mannen en vrouwen;Landgraaf;2039;30956;23888;3254;913;2341;3814;1702;2112;882
9082;Totaal over alle leeftijden;Mannen en vrouwen;Landgraaf;2040;30683;23663;3149;886;2263;3871;1703;2168;882
9083;Totaal over alle leeftijden;Mannen en vrouwen;Landsmeer;2010;9996;8618;825;296;529;553;289;264;415
9084;Totaal over alle leeftijden;Mannen en vrouwen;Landsmeer;2011;9969;8522;847;317;530;600;310;290;415
9085;Totaal over alle leeftijden;Mannen en vrouwen;Landsmeer;2012;9933;8419;872;334;538;642;323;319;415
9086;Totaal over alle leeftijden;Mannen en vrouwen;Landsmeer;2013;9909;8297;917;358;559;695;348;347;415
9087;Totaal over alle leeftijden;Mannen en vrouwen;Landsmeer;2014;9859;8183;944;369;575;732;375;357;415
9088;Totaal over alle leeftijden;Mannen en vrouwen;Landsmeer;2015;9773;8022;978;382;596;773;394;379;415
9089;Totaal over alle leeftijden;Mannen en vrouwen;Landsmeer;2016;9756;7932;997;398;599;827;413;414;415
9090;Totaal over alle leeftijden;Mannen en vrouwen;Landsmeer;2017;9787;7883;1035;414;621;869;431;438;415
9091;Totaal over alle leeftijden;Mannen en vrouwen;Landsmeer;2018;9773;7789;1052;428;624;932;455;477;415
9092;Totaal over alle leeftijden;Mannen en vrouwen;Landsmeer;2019;9807;7742;1064;440;624;1001;488;513;415
9093;Totaal over alle leeftijden;Mannen en vrouwen;Landsmeer;2020;9797;7706;1093;465;628;998;494;504;415
9094;Totaal over alle leeftijden;Mannen en vrouwen;Landsmeer;2021;9804;7628;1124;471;653;1052;521;531;415
9095;Totaal over alle leeftijden;Mannen en vrouwen;Landsmeer;2022;9828;7576;1140;479;661;1112;554;558;415
9096;Totaal over alle leeftijden;Mannen en vrouwen;Landsmeer;2023;9884;7555;1166;485;681;1163;574;589;415
9097;Totaal over alle leeftijden;Mannen en vrouwen;Landsmeer;2024;9869;7484;1169;480;689;1216;602;614;415
9098;Totaal over alle leeftijden;Mannen en vrouwen;Landsmeer;2025;9935;7465;1177;497;680;1293;626;667;415
9099;Totaal over alle leeftijden;Mannen en vrouwen;Landsmeer;2026;10033;7498;1190;507;683;1345;639;706;415
9100;Totaal over alle leeftijden;Mannen en vrouwen;Landsmeer;2027;9996;7442;1195;510;685;1359;637;722;415
9101;Totaal over alle leeftijden;Mannen en vrouwen;Landsmeer;2028;10030;7379;1235;528;707;1416;668;748;415
9102;Totaal over alle leeftijden;Mannen en vrouwen;Landsmeer;2029;10073;7364;1257;534;723;1452;688;764;415
9103;Totaal over alle leeftijden;Mannen en vrouwen;Landsmeer;2030;10097;7350;1248;538;710;1499;705;794;415
9104;Totaal over alle leeftijden;Mannen en vrouwen;Landsmeer;2031;10132;7335;1274;570;704;1523;725;798;415
9105;Totaal over alle leeftijden;Mannen en vrouwen;Landsmeer;2032;10206;7342;1289;586;703;1575;751;824;415
9106;Totaal over alle leeftijden;Mannen en vrouwen;Landsmeer;2033;10202;7297;1308;593;715;1597;758;839;415
9107;Totaal over alle leeftijden;Mannen en vrouwen;Landsmeer;2034;10268;7305;1312;593;719;1651;770;881;415
9108;Totaal over alle leeftijden;Mannen en vrouwen;Landsmeer;2035;10279;7264;1331;594;737;1684;783;901;415
9109;Totaal over alle leeftijden;Mannen en vrouwen;Landsmeer;2036;10303;7247;1364;610;754;1692;780;912;415
9110;Totaal over alle leeftijden;Mannen en vrouwen;Landsmeer;2037;10352;7237;1385;620;765;1730;799;931;415
9111;Totaal over alle leeftijden;Mannen en vrouwen;Landsmeer;2038;10309;7172;1391;623;768;1746;805;941;415
9112;Totaal over alle leeftijden;Mannen en vrouwen;Landsmeer;2039;10355;7157;1391;628;763;1807;827;980;415
9113;Totaal over alle leeftijden;Mannen en vrouwen;Landsmeer;2040;10376;7115;1422;656;766;1839;831;1008;415
9114;Totaal over alle leeftijden;Mannen en vrouwen;Langedijk;2010;25990;23390;1439;505;934;1161;539;622;416
9115;Totaal over alle leeftijden;Mannen en vrouwen;Langedijk;2011;26088;23369;1461;505;956;1258;573;685;416
9116;Totaal over alle leeftijden;Mannen en vrouwen;Langedijk;2012;26074;23279;1443;489;954;1352;605;747;416
9117;Totaal over alle leeftijden;Mannen en vrouwen;Langedijk;2013;26108;23195;1459;487;972;1454;632;822;416
9118;Totaal over alle leeftijden;Mannen en vrouwen;Langedijk;2014;26198;23159;1469;480;989;1570;669;901;416
9119;Totaal over alle leeftijden;Mannen en vrouwen;Langedijk;2015;26190;23073;1467;471;996;1650;697;953;416
9120;Totaal over alle leeftijden;Mannen en vrouwen;Langedijk;2016;26245;23006;1481;463;1018;1758;747;1011;416
9121;Totaal over alle leeftijden;Mannen en vrouwen;Langedijk;2017;26318;22986;1483;466;1017;1849;768;1081;416
9122;Totaal over alle leeftijden;Mannen en vrouwen;Langedijk;2018;26382;22922;1495;463;1032;1965;804;1161;416
9123;Totaal over alle leeftijden;Mannen en vrouwen;Langedijk;2019;26402;22846;1505;466;1039;2051;830;1221;416
9124;Totaal over alle leeftijden;Mannen en vrouwen;Langedijk;2020;26556;22854;1541;472;1069;2161;844;1317;416
9125;Totaal over alle leeftijden;Mannen en vrouwen;Langedijk;2021;26724;22877;1557;478;1079;2290;880;1410;416
9126;Totaal over alle leeftijden;Mannen en vrouwen;Langedijk;2022;26762;22792;1584;495;1089;2386;921;1465;416
9127;Totaal over alle leeftijden;Mannen en vrouwen;Langedijk;2023;26842;22777;1613;508;1105;2452;942;1510;416
9128;Totaal over alle leeftijden;Mannen en vrouwen;Langedijk;2024;26983;22827;1625;512;1113;2531;974;1557;416
9129;Totaal over alle leeftijden;Mannen en vrouwen;Langedijk;2025;27132;22855;1636;512;1124;2641;1010;1631;416
9130;Totaal over alle leeftijden;Mannen en vrouwen;Langedijk;2026;27228;22817;1651;515;1136;2760;1037;1723;416
9131;Totaal over alle leeftijden;Mannen en vrouwen;Langedijk;2027;27346;22778;1694;529;1165;2874;1088;1786;416
9132;Totaal over alle leeftijden;Mannen en vrouwen;Langedijk;2028;27483;22819;1714;519;1195;2950;1119;1831;416
9133;Totaal over alle leeftijden;Mannen en vrouwen;Langedijk;2029;27684;22882;1747;541;1206;3055;1165;1890;416
9134;Totaal over alle leeftijden;Mannen en vrouwen;Langedijk;2030;27840;22921;1780;540;1240;3139;1193;1946;416
9135;Totaal over alle leeftijden;Mannen en vrouwen;Langedijk;2031;27964;22944;1792;526;1266;3228;1241;1987;416
9136;Totaal over alle leeftijden;Mannen en vrouwen;Langedijk;2032;28083;22977;1789;520;1269;3317;1252;2065;416
9137;Totaal over alle leeftijden;Mannen en vrouwen;Langedijk;2033;28121;22971;1763;509;1254;3387;1269;2118;416
9138;Totaal over alle leeftijden;Mannen en vrouwen;Langedijk;2034;28163;22951;1762;502;1260;3450;1281;2169;416
9139;Totaal over alle leeftijden;Mannen en vrouwen;Langedijk;2035;28253;22928;1795;521;1274;3530;1312;2218;416
9140;Totaal over alle leeftijden;Mannen en vrouwen;Langedijk;2036;28296;22839;1825;527;1298;3632;1346;2286;416
9141;Totaal over alle leeftijden;Mannen en vrouwen;Langedijk;2037;28305;22727;1848;530;1318;3730;1376;2354;416
9142;Totaal over alle leeftijden;Mannen en vrouwen;Langedijk;2038;28435;22752;1888;552;1336;3795;1392;2403;416
9143;Totaal over alle leeftijden;Mannen en vrouwen;Langedijk;2039;28463;22696;1896;549;1347;3871;1424;2447;416
9144;Totaal over alle leeftijden;Mannen en vrouwen;Langedijk;2040;28443;22616;1882;526;1356;3945;1452;2493;416
9145;Totaal over alle leeftijden;Mannen en vrouwen;Lansingerland;2010;51246;44187;3286;1248;2038;3773;1949;1824;1621
9146;Totaal over alle leeftijden;Mannen en vrouwen;Lansingerland;2011;52046;44782;3314;1277;2037;3950;2015;1935;1621
9147;Totaal over alle leeftijden;Mannen en vrouwen;Lansingerland;2012;53216;45585;3414;1329;2085;4217;2105;2112;1621
9148;Totaal over alle leeftijden;Mannen en vrouwen;Lansingerland;2013;54802;46733;3568;1381;2187;4501;2206;2295;1621
9149;Totaal over alle leeftijden;Mannen en vrouwen;Lansingerland;2014;55972;47574;3645;1415;2230;4753;2284;2469;1621
9150;Totaal over alle leeftijden;Mannen en vrouwen;Lansingerland;2015;57110;48323;3783;1480;2303;5004;2368;2636;1621
9151;Totaal over alle leeftijden;Mannen en vrouwen;Lansingerland;2016;58124;49112;3857;1525;2332;5155;2411;2744;1621
9152;Totaal over alle leeftijden;Mannen en vrouwen;Lansingerland;2017;59208;49901;3949;1570;2379;5358;2484;2874;1621
9153;Totaal over alle leeftijden;Mannen en vrouwen;Lansingerland;2018;60261;50632;4049;1614;2435;5580;2586;2994;1621
9154;Totaal over alle leeftijden;Mannen en vrouwen;Lansingerland;2019;61139;51283;4102;1669;2433;5754;2659;3095;1621
9155;Totaal over alle leeftijden;Mannen en vrouwen;Lansingerland;2020;62150;51989;4184;1709;2475;5977;2755;3222;1621
9156;Totaal over alle leeftijden;Mannen en vrouwen;Lansingerland;2021;63146;52720;4294;1761;2533;6132;2830;3302;1621
9157;Totaal over alle leeftijden;Mannen en vrouwen;Lansingerland;2022;63750;53197;4316;1777;2539;6237;2891;3346;1621
9158;Totaal over alle leeftijden;Mannen en vrouwen;Lansingerland;2023;64594;53850;4349;1800;2549;6395;2983;3412;1621
9159;Totaal over alle leeftijden;Mannen en vrouwen;Lansingerland;2024;65341;54427;4377;1813;2564;6537;3065;3472;1621
9160;Totaal over alle leeftijden;Mannen en vrouwen;Lansingerland;2025;66080;55004;4407;1818;2589;6669;3133;3536;1621
9161;Totaal over alle leeftijden;Mannen en vrouwen;Lansingerland;2026;66799;55488;4442;1819;2623;6869;3236;3633;1621
9162;Totaal over alle leeftijden;Mannen en vrouwen;Lansingerland;2027;67378;55854;4534;1862;2672;6990;3314;3676;1621
9163;Totaal over alle leeftijden;Mannen en vrouwen;Lansingerland;2028;67790;56131;4548;1861;2687;7111;3364;3747;1621
9164;Totaal over alle leeftijden;Mannen en vrouwen;Lansingerland;2029;68181;56464;4575;1850;2725;7142;3399;3743;1621
9165;Totaal over alle leeftijden;Mannen en vrouwen;Lansingerland;2030;68523;56663;4605;1870;2735;7255;3474;3781;1621
9166;Totaal over alle leeftijden;Mannen en vrouwen;Lansingerland;2031;68588;56699;4652;1880;2772;7237;3482;3755;1621
9167;Totaal over alle leeftijden;Mannen en vrouwen;Lansingerland;2032;68535;56591;4612;1882;2730;7332;3515;3817;1621
9168;Totaal over alle leeftijden;Mannen en vrouwen;Lansingerland;2033;68361;56432;4615;1880;2735;7314;3565;3749;1621
9169;Totaal over alle leeftijden;Mannen en vrouwen;Lansingerland;2034;68207;56216;4624;1921;2703;7367;3616;3751;1621
9170;Totaal over alle leeftijden;Mannen en vrouwen;Lansingerland;2035;67843;55905;4604;1924;2680;7334;3617;3717;1621
9171;Totaal over alle leeftijden;Mannen en vrouwen;Lansingerland;2036;67393;55510;4571;1888;2683;7312;3642;3670;1621
9172;Totaal over alle leeftijden;Mannen en vrouwen;Lansingerland;2037;66904;55005;4560;1881;2679;7339;3657;3682;1621
9173;Totaal over alle leeftijden;Mannen en vrouwen;Lansingerland;2038;66457;54467;4579;1918;2661;7411;3696;3715;1621
9174;Totaal over alle leeftijden;Mannen en vrouwen;Lansingerland;2039;65850;53877;4562;1914;2648;7411;3707;3704;1621
9175;Totaal over alle leeftijden;Mannen en vrouwen;Lansingerland;2040;65157;53287;4504;1892;2612;7366;3712;3654;1621
9176;Totaal over alle leeftijden;Mannen en vrouwen;Laren (NH.);2010;10708;8712;1117;500;617;879;588;291;417
9177;Totaal over alle leeftijden;Mannen en vrouwen;Laren (NH.);2011;10746;8612;1060;480;580;1074;734;340;417
9178;Totaal over alle leeftijden;Mannen en vrouwen;Laren (NH.);2012;10687;8509;1004;450;554;1174;781;393;417
9179;Totaal over alle leeftijden;Mannen en vrouwen;Laren (NH.);2013;10664;8465;981;474;507;1218;798;420;417
9180;Totaal over alle leeftijden;Mannen en vrouwen;Laren (NH.);2014;10683;8484;945;465;480;1254;812;442;417
9181;Totaal over alle leeftijden;Mannen en vrouwen;Laren (NH.);2015;10657;8404;956;493;463;1297;825;472;417
9182;Totaal over alle leeftijden;Mannen en vrouwen;Laren (NH.);2016;10744;8442;961;485;476;1341;837;504;417
9183;Totaal over alle leeftijden;Mannen en vrouwen;Laren (NH.);2017;10769;8428;951;466;485;1390;853;537;417
9184;Totaal over alle leeftijden;Mannen en vrouwen;Laren (NH.);2018;10816;8447;927;455;472;1442;864;578;417
9185;Totaal over alle leeftijden;Mannen en vrouwen;Laren (NH.);2019;10926;8501;941;457;484;1484;875;609;417
9186;Totaal over alle leeftijden;Mannen en vrouwen;Laren (NH.);2020;10907;8448;938;454;484;1521;888;633;417
9187;Totaal over alle leeftijden;Mannen en vrouwen;Laren (NH.);2021;10895;8425;904;437;467;1566;906;660;417
9188;Totaal over alle leeftijden;Mannen en vrouwen;Laren (NH.);2022;10855;8378;869;421;448;1608;918;690;417
9189;Totaal over alle leeftijden;Mannen en vrouwen;Laren (NH.);2023;10931;8417;901;424;477;1613;923;690;417
9190;Totaal over alle leeftijden;Mannen en vrouwen;Laren (NH.);2024;10972;8443;876;415;461;1653;936;717;417
9191;Totaal over alle leeftijden;Mannen en vrouwen;Laren (NH.);2025;11013;8439;895;411;484;1679;941;738;417
9192;Totaal over alle leeftijden;Mannen en vrouwen;Laren (NH.);2026;11003;8403;878;418;460;1722;958;764;417
9193;Totaal over alle leeftijden;Mannen en vrouwen;Laren (NH.);2027;11027;8411;867;412;455;1749;964;785;417
9194;Totaal over alle leeftijden;Mannen en vrouwen;Laren (NH.);2028;11127;8509;854;394;460;1764;968;796;417
9195;Totaal over alle leeftijden;Mannen en vrouwen;Laren (NH.);2029;11131;8498;833;383;450;1800;993;807;417
9196;Totaal over alle leeftijden;Mannen en vrouwen;Laren (NH.);2030;11168;8497;829;366;463;1842;1004;838;417
9197;Totaal over alle leeftijden;Mannen en vrouwen;Laren (NH.);2031;11187;8505;820;372;448;1862;998;864;417
9198;Totaal over alle leeftijden;Mannen en vrouwen;Laren (NH.);2032;11192;8507;793;356;437;1892;1008;884;417
9199;Totaal over alle leeftijden;Mannen en vrouwen;Laren (NH.);2033;11195;8481;803;358;445;1911;1016;895;417
9200;Totaal over alle leeftijden;Mannen en vrouwen;Laren (NH.);2034;11177;8461;793;358;435;1923;1016;907;417
9201;Totaal over alle leeftijden;Mannen en vrouwen;Laren (NH.);2035;11152;8417;783;349;434;1952;1025;927;417
9202;Totaal over alle leeftijden;Mannen en vrouwen;Laren (NH.);2036;11069;8291;793;367;426;1985;1033;952;417
9203;Totaal over alle leeftijden;Mannen en vrouwen;Laren (NH.);2037;10969;8153;801;372;429;2015;1049;966;417
9204;Totaal over alle leeftijden;Mannen en vrouwen;Laren (NH.);2038;10865;8039;792;371;421;2034;1060;974;417
9205;Totaal over alle leeftijden;Mannen en vrouwen;Laren (NH.);2039;10790;7980;760;347;413;2050;1064;986;417
9206;Totaal over alle leeftijden;Mannen en vrouwen;Laren (NH.);2040;10687;7917;715;322;393;2055;1064;991;417
9207;Totaal over alle leeftijden;Mannen en vrouwen;Leek;2010;19544;17997;930;392;538;617;345;272;22
9208;Totaal over alle leeftijden;Mannen en vrouwen;Leek;2011;19657;18044;928;389;539;685;371;314;22
9209;Totaal over alle leeftijden;Mannen en vrouwen;Leek;2012;19694;17997;929;371;558;768;412;356;22
9210;Totaal over alle leeftijden;Mannen en vrouwen;Leek;2013;19730;17948;935;376;559;847;446;401;22
9211;Totaal over alle leeftijden;Mannen en vrouwen;Leek;2014;19745;17875;961;388;573;909;466;443;22
9212;Totaal over alle leeftijden;Mannen en vrouwen;Leek;2015;19789;17858;955;375;580;976;495;481;22
9213;Totaal over alle leeftijden;Mannen en vrouwen;Leek;2016;19779;17791;944;364;580;1044;520;524;22
9214;Totaal over alle leeftijden;Mannen en vrouwen;Leek;2017;19830;17759;963;368;595;1108;535;573;22
9215;Totaal over alle leeftijden;Mannen en vrouwen;Leek;2018;19845;17700;957;354;603;1188;561;627;22
9216;Totaal over alle leeftijden;Mannen en vrouwen;Leek;2019;19881;17650;970;348;622;1261;603;658;22
9217;Totaal over alle leeftijden;Mannen en vrouwen;Leek;2020;19942;17646;978;333;645;1318;627;691;22
9218;Totaal over alle leeftijden;Mannen en vrouwen;Leek;2021;19960;17616;966;321;645;1378;638;740;22
9219;Totaal over alle leeftijden;Mannen en vrouwen;Leek;2022;20049;17652;976;330;646;1421;652;769;22
9220;Totaal over alle leeftijden;Mannen en vrouwen;Leek;2023;20128;17693;964;329;635;1471;674;797;22
9221;Totaal over alle leeftijden;Mannen en vrouwen;Leek;2024;20164;17639;964;334;630;1561;701;860;22
9222;Totaal over alle leeftijden;Mannen en vrouwen;Leek;2025;20219;17601;983;330;653;1635;736;899;22
9223;Totaal over alle leeftijden;Mannen en vrouwen;Leek;2026;20282;17621;979;315;664;1682;746;936;22
9224;Totaal over alle leeftijden;Mannen en vrouwen;Leek;2027;20359;17652;963;306;657;1744;766;978;22
9225;Totaal over alle leeftijden;Mannen en vrouwen;Leek;2028;20453;17665;977;301;676;1811;805;1006;22
9226;Totaal over alle leeftijden;Mannen en vrouwen;Leek;2029;20516;17655;990;309;681;1871;830;1041;22
9227;Totaal over alle leeftijden;Mannen en vrouwen;Leek;2030;20551;17643;992;319;673;1916;835;1081;22
9228;Totaal over alle leeftijden;Mannen en vrouwen;Leek;2031;20555;17586;991;310;681;1978;852;1126;22
9229;Totaal over alle leeftijden;Mannen en vrouwen;Leek;2032;20587;17527;1022;329;693;2038;875;1163;22
9230;Totaal over alle leeftijden;Mannen en vrouwen;Leek;2033;20634;17523;1019;330;689;2092;898;1194;22
9231;Totaal over alle leeftijden;Mannen en vrouwen;Leek;2034;20658;17505;1025;329;696;2128;904;1224;22
9232;Totaal over alle leeftijden;Mannen en vrouwen;Leek;2035;20741;17494;1048;333;715;2199;926;1273;22
9233;Totaal over alle leeftijden;Mannen en vrouwen;Leek;2036;20773;17460;1062;342;720;2251;947;1304;22
9234;Totaal over alle leeftijden;Mannen en vrouwen;Leek;2037;20747;17368;1062;333;729;2317;979;1338;22
9235;Totaal over alle leeftijden;Mannen en vrouwen;Leek;2038;20783;17350;1054;343;711;2379;995;1384;22
9236;Totaal over alle leeftijden;Mannen en vrouwen;Leek;2039;20751;17250;1069;348;721;2432;1028;1404;22
9237;Totaal over alle leeftijden;Mannen en vrouwen;Leek;2040;20738;17183;1072;352;720;2483;1046;1437;22
9238;Totaal over alle leeftijden;Mannen en vrouwen;Leerdam;2010;20742;16434;1621;532;1089;2687;1410;1277;545
9239;Totaal over alle leeftijden;Mannen en vrouwen;Leerdam;2011;20653;16311;1627;534;1093;2715;1416;1299;545
9240;Totaal over alle leeftijden;Mannen en vrouwen;Leerdam;2012;20653;16263;1631;527;1104;2759;1441;1318;545
9241;Totaal over alle leeftijden;Mannen en vrouwen;Leerdam;2013;20569;16160;1633;538;1095;2776;1448;1328;545
9242;Totaal over alle leeftijden;Mannen en vrouwen;Leerdam;2014;20592;16201;1617;527;1090;2774;1443;1331;545
9243;Totaal over alle leeftijden;Mannen en vrouwen;Leerdam;2015;20584;16190;1616;528;1088;2778;1447;1331;545
9244;Totaal over alle leeftijden;Mannen en vrouwen;Leerdam;2016;20576;16154;1629;527;1102;2793;1454;1339;545
9245;Totaal over alle leeftijden;Mannen en vrouwen;Leerdam;2017;20672;16169;1639;540;1099;2864;1477;1387;545
9246;Totaal over alle leeftijden;Mannen en vrouwen;Leerdam;2018;20649;16114;1637;530;1107;2898;1500;1398;545
9247;Totaal over alle leeftijden;Mannen en vrouwen;Leerdam;2019;20673;16104;1647;516;1131;2922;1516;1406;545
9248;Totaal over alle leeftijden;Mannen en vrouwen;Leerdam;2020;20705;16096;1628;495;1133;2981;1549;1432;545
9249;Totaal over alle leeftijden;Mannen en vrouwen;Leerdam;2021;20755;16144;1637;498;1139;2974;1547;1427;545
9250;Totaal over alle leeftijden;Mannen en vrouwen;Leerdam;2022;20833;16174;1642;498;1144;3017;1557;1460;545
9251;Totaal over alle leeftijden;Mannen en vrouwen;Leerdam;2023;20888;16184;1647;491;1156;3057;1575;1482;545
9252;Totaal over alle leeftijden;Mannen en vrouwen;Leerdam;2024;20851;16154;1635;479;1156;3062;1577;1485;545
9253;Totaal over alle leeftijden;Mannen en vrouwen;Leerdam;2025;20842;16136;1626;473;1153;3080;1582;1498;545
9254;Totaal over alle leeftijden;Mannen en vrouwen;Leerdam;2026;20879;16128;1634;476;1158;3117;1605;1512;545
9255;Totaal over alle leeftijden;Mannen en vrouwen;Leerdam;2027;20833;16067;1663;493;1170;3103;1600;1503;545
9256;Totaal over alle leeftijden;Mannen en vrouwen;Leerdam;2028;20851;16055;1660;477;1183;3136;1617;1519;545
9257;Totaal over alle leeftijden;Mannen en vrouwen;Leerdam;2029;20880;16043;1655;473;1182;3182;1633;1549;545
9258;Totaal over alle leeftijden;Mannen en vrouwen;Leerdam;2030;20875;16007;1668;477;1191;3200;1655;1545;545
9259;Totaal over alle leeftijden;Mannen en vrouwen;Leerdam;2031;20900;15981;1673;480;1193;3246;1665;1581;545
9260;Totaal over alle leeftijden;Mannen en vrouwen;Leerdam;2032;20975;15993;1705;479;1226;3277;1655;1622;545
9261;Totaal over alle leeftijden;Mannen en vrouwen;Leerdam;2033;20930;15966;1701;482;1219;3263;1646;1617;545
9262;Totaal over alle leeftijden;Mannen en vrouwen;Leerdam;2034;20946;15923;1703;474;1229;3320;1661;1659;545
9263;Totaal over alle leeftijden;Mannen en vrouwen;Leerdam;2035;20916;15901;1688;470;1218;3327;1660;1667;545
9264;Totaal over alle leeftijden;Mannen en vrouwen;Leerdam;2036;20899;15860;1688;473;1215;3351;1677;1674;545
9265;Totaal over alle leeftijden;Mannen en vrouwen;Leerdam;2037;20911;15861;1706;485;1221;3344;1667;1677;545
9266;Totaal over alle leeftijden;Mannen en vrouwen;Leerdam;2038;20900;15817;1699;485;1214;3384;1678;1706;545
9267;Totaal over alle leeftijden;Mannen en vrouwen;Leerdam;2039;20884;15744;1721;492;1229;3419;1660;1759;545
9268;Totaal over alle leeftijden;Mannen en vrouwen;Leerdam;2040;20907;15725;1725;480;1245;3457;1648;1809;545
9269;Totaal over alle leeftijden;Mannen en vrouwen;Leeuwarden;2010;93002;78236;7096;3102;3994;7670;4852;2818;80
9270;Totaal over alle leeftijden;Mannen en vrouwen;Leeuwarden;2011;93470;78709;7190;3172;4018;7571;4797;2774;80
9271;Totaal over alle leeftijden;Mannen en vrouwen;Leeuwarden;2012;93991;79173;7286;3189;4097;7532;4740;2792;80
9272;Totaal over alle leeftijden;Mannen en vrouwen;Leeuwarden;2013;94637;79686;7356;3226;4130;7595;4724;2871;80
9273;Totaal over alle leeftijden;Mannen en vrouwen;Leeuwarden;2014;95176;80089;7448;3263;4185;7639;4711;2928;80
9274;Totaal over alle leeftijden;Mannen en vrouwen;Leeuwarden;2015;95715;80452;7507;3243;4264;7756;4717;3039;80
9275;Totaal over alle leeftijden;Mannen en vrouwen;Leeuwarden;2016;96314;80919;7560;3275;4285;7835;4721;3114;80
9276;Totaal over alle leeftijden;Mannen en vrouwen;Leeuwarden;2017;96723;81133;7646;3304;4342;7944;4763;3181;80
9277;Totaal over alle leeftijden;Mannen en vrouwen;Leeuwarden;2018;97285;81565;7687;3302;4385;8033;4782;3251;80
9278;Totaal over alle leeftijden;Mannen en vrouwen;Leeuwarden;2019;97745;81865;7769;3322;4447;8111;4795;3316;80
9279;Totaal over alle leeftijden;Mannen en vrouwen;Leeuwarden;2020;98218;82086;7824;3349;4475;8308;4835;3473;80
9280;Totaal over alle leeftijden;Mannen en vrouwen;Leeuwarden;2021;98760;82292;7911;3385;4526;8557;4957;3600;80
9281;Totaal over alle leeftijden;Mannen en vrouwen;Leeuwarden;2022;99164;82481;7945;3339;4606;8738;5017;3721;80
9282;Totaal over alle leeftijden;Mannen en vrouwen;Leeuwarden;2023;99522;82627;7999;3370;4629;8896;5021;3875;80
9283;Totaal over alle leeftijden;Mannen en vrouwen;Leeuwarden;2024;99890;82842;8021;3364;4657;9027;5038;3989;80
9284;Totaal over alle leeftijden;Mannen en vrouwen;Leeuwarden;2025;100113;82895;8041;3352;4689;9177;5079;4098;80
9285;Totaal over alle leeftijden;Mannen en vrouwen;Leeuwarden;2026;100285;82848;8093;3400;4693;9344;5110;4234;80
9286;Totaal over alle leeftijden;Mannen en vrouwen;Leeuwarden;2027;100291;82611;8135;3386;4749;9545;5158;4387;80
9287;Totaal over alle leeftijden;Mannen en vrouwen;Leeuwarden;2028;100221;82389;8163;3384;4779;9669;5222;4447;80
9288;Totaal over alle leeftijden;Mannen en vrouwen;Leeuwarden;2029;100132;82071;8250;3436;4814;9811;5251;4560;80
9289;Totaal over alle leeftijden;Mannen en vrouwen;Leeuwarden;2030;100063;81892;8232;3434;4798;9939;5287;4652;80
9290;Totaal over alle leeftijden;Mannen en vrouwen;Leeuwarden;2031;99871;81562;8258;3435;4823;10051;5335;4716;80
9291;Totaal over alle leeftijden;Mannen en vrouwen;Leeuwarden;2032;99669;81272;8320;3446;4874;10077;5317;4760;80
9292;Totaal over alle leeftijden;Mannen en vrouwen;Leeuwarden;2033;99471;80907;8347;3422;4925;10217;5405;4812;80
9293;Totaal over alle leeftijden;Mannen en vrouwen;Leeuwarden;2034;99213;80477;8435;3488;4947;10301;5414;4887;80
9294;Totaal over alle leeftijden;Mannen en vrouwen;Leeuwarden;2035;99195;80240;8482;3528;4954;10473;5502;4971;80
9295;Totaal over alle leeftijden;Mannen en vrouwen;Leeuwarden;2036;99049;79917;8559;3587;4972;10573;5553;5020;80
9296;Totaal over alle leeftijden;Mannen en vrouwen;Leeuwarden;2037;98978;79563;8653;3631;5022;10762;5616;5146;80
9297;Totaal over alle leeftijden;Mannen en vrouwen;Leeuwarden;2038;98810;79239;8661;3626;5035;10910;5698;5212;80
9298;Totaal over alle leeftijden;Mannen en vrouwen;Leeuwarden;2039;98570;78907;8672;3596;5076;10991;5784;5207;80
9299;Totaal over alle leeftijden;Mannen en vrouwen;Leeuwarden;2040;98417;78678;8697;3628;5069;11042;5806;5236;80
9300;Totaal over alle leeftijden;Mannen en vrouwen;Leeuwarderadeel;2010;10387;9562;475;163;312;350;167;183;81
9301;Totaal over alle leeftijden;Mannen en vrouwen;Leeuwarderadeel;2011;10341;9458;491;172;319;392;181;211;81
9302;Totaal over alle leeftijden;Mannen en vrouwen;Leeuwarderadeel;2012;10352;9414;503;184;319;435;194;241;81
9303;Totaal over alle leeftijden;Mannen en vrouwen;Leeuwarderadeel;2013;10293;9319;517;189;328;457;203;254;81
9304;Totaal over alle leeftijden;Mannen en vrouwen;Leeuwarderadeel;2014;10245;9203;535;199;336;507;213;294;81
9305;Totaal over alle leeftijden;Mannen en vrouwen;Leeuwarderadeel;2015;10225;9102;544;201;343;579;243;336;81
9306;Totaal over alle leeftijden;Mannen en vrouwen;Leeuwarderadeel;2016;10202;9040;545;205;340;617;260;357;81
9307;Totaal over alle leeftijden;Mannen en vrouwen;Leeuwarderadeel;2017;10158;8938;573;214;359;647;267;380;81
9308;Totaal over alle leeftijden;Mannen en vrouwen;Leeuwarderadeel;2018;10132;8848;575;205;370;709;284;425;81
9309;Totaal over alle leeftijden;Mannen en vrouwen;Leeuwarderadeel;2019;10012;8682;588;207;381;742;298;444;81
9310;Totaal over alle leeftijden;Mannen en vrouwen;Leeuwarderadeel;2020;9995;8613;601;221;380;781;313;468;81
9311;Totaal over alle leeftijden;Mannen en vrouwen;Leeuwarderadeel;2021;10002;8573;615;224;391;814;327;487;81
9312;Totaal over alle leeftijden;Mannen en vrouwen;Leeuwarderadeel;2022;10026;8554;619;226;393;853;328;525;81
9313;Totaal over alle leeftijden;Mannen en vrouwen;Leeuwarderadeel;2023;10040;8530;622;224;398;888;344;544;81
9314;Totaal over alle leeftijden;Mannen en vrouwen;Leeuwarderadeel;2024;10116;8561;626;226;400;929;369;560;81
9315;Totaal over alle leeftijden;Mannen en vrouwen;Leeuwarderadeel;2025;10144;8527;655;237;418;962;384;578;81
9316;Totaal over alle leeftijden;Mannen en vrouwen;Leeuwarderadeel;2026;10181;8506;664;241;423;1011;393;618;81
9317;Totaal over alle leeftijden;Mannen en vrouwen;Leeuwarderadeel;2027;10225;8525;667;247;420;1033;393;640;81
9318;Totaal over alle leeftijden;Mannen en vrouwen;Leeuwarderadeel;2028;10279;8529;675;260;415;1075;402;673;81
9319;Totaal over alle leeftijden;Mannen en vrouwen;Leeuwarderadeel;2029;10309;8517;686;263;423;1106;416;690;81
9320;Totaal over alle leeftijden;Mannen en vrouwen;Leeuwarderadeel;2030;10323;8484;696;266;430;1143;420;723;81
9321;Totaal over alle leeftijden;Mannen en vrouwen;Leeuwarderadeel;2031;10366;8501;707;285;422;1158;421;737;81
9322;Totaal over alle leeftijden;Mannen en vrouwen;Leeuwarderadeel;2032;10384;8476;716;295;421;1192;426;766;81
9323;Totaal over alle leeftijden;Mannen en vrouwen;Leeuwarderadeel;2033;10400;8434;727;304;423;1239;439;800;81
9324;Totaal over alle leeftijden;Mannen en vrouwen;Leeuwarderadeel;2034;10467;8453;721;299;422;1293;458;835;81
9325;Totaal over alle leeftijden;Mannen en vrouwen;Leeuwarderadeel;2035;10510;8442;756;321;435;1312;465;847;81
9326;Totaal over alle leeftijden;Mannen en vrouwen;Leeuwarderadeel;2036;10574;8433;783;339;444;1358;478;880;81
9327;Totaal over alle leeftijden;Mannen en vrouwen;Leeuwarderadeel;2037;10604;8405;788;347;441;1411;497;914;81
9328;Totaal over alle leeftijden;Mannen en vrouwen;Leeuwarderadeel;2038;10619;8358;789;344;445;1472;521;951;81
9329;Totaal over alle leeftijden;Mannen en vrouwen;Leeuwarderadeel;2039;10643;8339;799;345;454;1505;527;978;81
9330;Totaal over alle leeftijden;Mannen en vrouwen;Leeuwarderadeel;2040;10659;8320;799;346;453;1540;538;1002;81
9331;Totaal over alle leeftijden;Mannen en vrouwen;Leiden;2010;117123;85228;14451;7546;6905;17444;10725;6719;546
9332;Totaal over alle leeftijden;Mannen en vrouwen;Leiden;2011;117162;85167;14504;7565;6939;17491;10726;6765;546
9333;Totaal over alle leeftijden;Mannen en vrouwen;Leiden;2012;117497;85228;14560;7646;6914;17709;10844;6865;546
9334;Totaal over alle leeftijden;Mannen en vrouwen;Leiden;2013;117874;85395;14655;7736;6919;17824;10917;6907;546
9335;Totaal over alle leeftijden;Mannen en vrouwen;Leiden;2014;117907;85282;14756;7831;6925;17869;10896;6973;546
9336;Totaal over alle leeftijden;Mannen en vrouwen;Leiden;2015;117750;84956;14816;7899;6917;17978;10986;6992;546
9337;Totaal over alle leeftijden;Mannen en vrouwen;Leiden;2016;117722;84876;14862;7963;6899;17984;11031;6953;546
9338;Totaal over alle leeftijden;Mannen en vrouwen;Leiden;2017;117703;84623;14919;7989;6930;18161;11128;7033;546
9339;Totaal over alle leeftijden;Mannen en vrouwen;Leiden;2018;117709;84379;15050;8066;6984;18280;11203;7077;546
9340;Totaal over alle leeftijden;Mannen en vrouwen;Leiden;2019;117499;84045;15036;8087;6949;18418;11265;7153;546
9341;Totaal over alle leeftijden;Mannen en vrouwen;Leiden;2020;117494;83845;15099;8171;6928;18550;11315;7235;546
9342;Totaal over alle leeftijden;Mannen en vrouwen;Leiden;2021;117502;83598;15243;8236;7007;18661;11328;7333;546
9343;Totaal over alle leeftijden;Mannen en vrouwen;Leiden;2022;117615;83352;15375;8304;7071;18888;11408;7480;546
9344;Totaal over alle leeftijden;Mannen en vrouwen;Leiden;2023;117694;83327;15363;8260;7103;19004;11378;7626;546
9345;Totaal over alle leeftijden;Mannen en vrouwen;Leiden;2024;117802;83126;15489;8363;7126;19187;11397;7790;546
9346;Totaal over alle leeftijden;Mannen en vrouwen;Leiden;2025;117847;83004;15592;8434;7158;19251;11343;7908;546
9347;Totaal over alle leeftijden;Mannen en vrouwen;Leiden;2026;117932;82854;15640;8498;7142;19438;11410;8028;546
9348;Totaal over alle leeftijden;Mannen en vrouwen;Leiden;2027;118020;82689;15755;8614;7141;19576;11517;8059;546
9349;Totaal over alle leeftijden;Mannen en vrouwen;Leiden;2028;118062;82495;15937;8752;7185;19630;11556;8074;546
9350;Totaal over alle leeftijden;Mannen en vrouwen;Leiden;2029;118100;82259;16117;8844;7273;19724;11598;8126;546
9351;Totaal over alle leeftijden;Mannen en vrouwen;Leiden;2030;118307;82101;16370;8960;7410;19836;11570;8266;546
9352;Totaal over alle leeftijden;Mannen en vrouwen;Leiden;2031;118331;81917;16466;9040;7426;19948;11614;8334;546
9353;Totaal over alle leeftijden;Mannen en vrouwen;Leiden;2032;118391;81693;16661;9099;7562;20037;11635;8402;546
9354;Totaal over alle leeftijden;Mannen en vrouwen;Leiden;2033;118376;81415;16883;9159;7724;20078;11671;8407;546
9355;Totaal over alle leeftijden;Mannen en vrouwen;Leiden;2034;118171;81078;16952;9190;7762;20141;11718;8423;546
9356;Totaal over alle leeftijden;Mannen en vrouwen;Leiden;2035;118009;80690;17001;9165;7836;20318;11767;8551;546
9357;Totaal over alle leeftijden;Mannen en vrouwen;Leiden;2036;117962;80332;17118;9215;7903;20512;11797;8715;546
9358;Totaal over alle leeftijden;Mannen en vrouwen;Leiden;2037;117747;79996;17222;9203;8019;20529;11779;8750;546
9359;Totaal over alle leeftijden;Mannen en vrouwen;Leiden;2038;117410;79571;17393;9274;8119;20446;11760;8686;546
9360;Totaal over alle leeftijden;Mannen en vrouwen;Leiden;2039;117125;79089;17559;9307;8252;20477;11712;8765;546
9361;Totaal over alle leeftijden;Mannen en vrouwen;Leiden;2040;116704;78703;17651;9344;8307;20350;11694;8656;546
9362;Totaal over alle leeftijden;Mannen en vrouwen;Leiderdorp;2010;26640;21492;2693;1084;1609;2455;1380;1075;547
9363;Totaal over alle leeftijden;Mannen en vrouwen;Leiderdorp;2011;26729;21526;2705;1073;1632;2498;1401;1097;547
9364;Totaal over alle leeftijden;Mannen en vrouwen;Leiderdorp;2012;26783;21482;2746;1064;1682;2555;1422;1133;547
9365;Totaal over alle leeftijden;Mannen en vrouwen;Leiderdorp;2013;26828;21427;2769;1031;1738;2632;1456;1176;547
9366;Totaal over alle leeftijden;Mannen en vrouwen;Leiderdorp;2014;26917;21392;2775;986;1789;2750;1490;1260;547
9367;Totaal over alle leeftijden;Mannen en vrouwen;Leiderdorp;2015;27044;21422;2816;967;1849;2806;1514;1292;547
9368;Totaal over alle leeftijden;Mannen en vrouwen;Leiderdorp;2016;27135;21434;2838;942;1896;2863;1538;1325;547
9369;Totaal over alle leeftijden;Mannen en vrouwen;Leiderdorp;2017;27230;21409;2873;950;1923;2948;1589;1359;547
9370;Totaal over alle leeftijden;Mannen en vrouwen;Leiderdorp;2018;27360;21419;2916;956;1960;3025;1605;1420;547
9371;Totaal over alle leeftijden;Mannen en vrouwen;Leiderdorp;2019;27479;21423;2951;951;2000;3105;1636;1469;547
9372;Totaal over alle leeftijden;Mannen en vrouwen;Leiderdorp;2020;27594;21424;2976;949;2027;3194;1699;1495;547
9373;Totaal over alle leeftijden;Mannen en vrouwen;Leiderdorp;2021;27799;21533;2996;953;2043;3270;1736;1534;547
9374;Totaal over alle leeftijden;Mannen en vrouwen;Leiderdorp;2022;27914;21525;3043;940;2103;3346;1772;1574;547
9375;Totaal over alle leeftijden;Mannen en vrouwen;Leiderdorp;2023;28069;21583;3078;952;2126;3408;1800;1608;547
9376;Totaal over alle leeftijden;Mannen en vrouwen;Leiderdorp;2024;28117;21541;3083;908;2175;3493;1841;1652;547
9377;Totaal over alle leeftijden;Mannen en vrouwen;Leiderdorp;2025;28283;21581;3130;903;2227;3572;1885;1687;547
9378;Totaal over alle leeftijden;Mannen en vrouwen;Leiderdorp;2026;28416;21612;3153;911;2242;3651;1884;1767;547
9379;Totaal over alle leeftijden;Mannen en vrouwen;Leiderdorp;2027;28568;21619;3183;920;2263;3766;1913;1853;547
9380;Totaal over alle leeftijden;Mannen en vrouwen;Leiderdorp;2028;28702;21646;3177;914;2263;3879;1939;1940;547
9381;Totaal over alle leeftijden;Mannen en vrouwen;Leiderdorp;2029;28838;21676;3202;900;2302;3960;1990;1970;547
9382;Totaal over alle leeftijden;Mannen en vrouwen;Leiderdorp;2030;28957;21709;3214;884;2330;4034;2026;2008;547
9383;Totaal over alle leeftijden;Mannen en vrouwen;Leiderdorp;2031;29027;21687;3221;895;2326;4119;2073;2046;547
9384;Totaal over alle leeftijden;Mannen en vrouwen;Leiderdorp;2032;29102;21664;3273;912;2361;4165;2096;2069;547
9385;Totaal over alle leeftijden;Mannen en vrouwen;Leiderdorp;2033;29148;21618;3301;941;2360;4229;2125;2104;547
9386;Totaal over alle leeftijden;Mannen en vrouwen;Leiderdorp;2034;29287;21631;3335;948;2387;4321;2147;2174;547
9387;Totaal over alle leeftijden;Mannen en vrouwen;Leiderdorp;2035;29300;21606;3325;937;2388;4369;2170;2199;547
9388;Totaal over alle leeftijden;Mannen en vrouwen;Leiderdorp;2036;29319;21559;3367;962;2405;4393;2176;2217;547
9389;Totaal over alle leeftijden;Mannen en vrouwen;Leiderdorp;2037;29434;21527;3421;978;2443;4486;2187;2299;547
9390;Totaal over alle leeftijden;Mannen en vrouwen;Leiderdorp;2038;29505;21519;3446;994;2452;4540;2169;2371;547
9391;Totaal over alle leeftijden;Mannen en vrouwen;Leiderdorp;2039;29572;21516;3470;974;2496;4586;2167;2419;547
9392;Totaal over alle leeftijden;Mannen en vrouwen;Leiderdorp;2040;29640;21493;3491;973;2518;4656;2176;2480;547
9393;Totaal over alle leeftijden;Mannen en vrouwen;Leidschendam-Voorburg;2010;73589;53176;10470;4975;5495;9943;6025;3918;1916
9394;Totaal over alle leeftijden;Mannen en vrouwen;Leidschendam-Voorburg;2011;73914;53068;10585;5032;5553;10261;6078;4183;1916
9395;Totaal over alle leeftijden;Mannen en vrouwen;Leidschendam-Voorburg;2012;74082;52772;10731;5050;5681;10579;6120;4459;1916
9396;Totaal over alle leeftijden;Mannen en vrouwen;Leidschendam-Voorburg;2013;74492;52657;10931;5092;5839;10904;6176;4728;1916
9397;Totaal over alle leeftijden;Mannen en vrouwen;Leidschendam-Voorburg;2014;74836;52507;11098;5130;5968;11231;6282;4949;1916
9398;Totaal over alle leeftijden;Mannen en vrouwen;Leidschendam-Voorburg;2015;75385;52455;11370;5242;6128;11560;6352;5208;1916
9399;Totaal over alle leeftijden;Mannen en vrouwen;Leidschendam-Voorburg;2016;75691;52277;11577;5263;6314;11837;6381;5456;1916
9400;Totaal over alle leeftijden;Mannen en vrouwen;Leidschendam-Voorburg;2017;76062;52151;11780;5262;6518;12131;6418;5713;1916
9401;Totaal over alle leeftijden;Mannen en vrouwen;Leidschendam-Voorburg;2018;76453;52039;11973;5267;6706;12441;6468;5973;1916
9402;Totaal over alle leeftijden;Mannen en vrouwen;Leidschendam-Voorburg;2019;76807;51901;12184;5330;6854;12722;6570;6152;1916
9403;Totaal over alle leeftijden;Mannen en vrouwen;Leidschendam-Voorburg;2020;77005;51708;12319;5363;6956;12978;6675;6303;1916
9404;Totaal over alle leeftijden;Mannen en vrouwen;Leidschendam-Voorburg;2021;77182;51482;12503;5460;7043;13197;6725;6472;1916
9405;Totaal over alle leeftijden;Mannen en vrouwen;Leidschendam-Voorburg;2022;77311;51244;12694;5515;7179;13373;6772;6601;1916
9406;Totaal over alle leeftijden;Mannen en vrouwen;Leidschendam-Voorburg;2023;77607;51188;12855;5576;7279;13564;6792;6772;1916
9407;Totaal over alle leeftijden;Mannen en vrouwen;Leidschendam-Voorburg;2024;77778;50979;13018;5620;7398;13781;6846;6935;1916
9408;Totaal over alle leeftijden;Mannen en vrouwen;Leidschendam-Voorburg;2025;77913;50710;13174;5618;7556;14029;6919;7110;1916
9409;Totaal over alle leeftijden;Mannen en vrouwen;Leidschendam-Voorburg;2026;77933;50470;13246;5648;7598;14217;7001;7216;1916
9410;Totaal over alle leeftijden;Mannen en vrouwen;Leidschendam-Voorburg;2027;78087;50342;13384;5695;7689;14361;7094;7267;1916
9411;Totaal over alle leeftijden;Mannen en vrouwen;Leidschendam-Voorburg;2028;78314;50174;13541;5750;7791;14599;7174;7425;1916
9412;Totaal over alle leeftijden;Mannen en vrouwen;Leidschendam-Voorburg;2029;78521;50022;13740;5837;7903;14759;7216;7543;1916
9413;Totaal over alle leeftijden;Mannen en vrouwen;Leidschendam-Voorburg;2030;78729;49907;13917;5944;7973;14905;7226;7679;1916
9414;Totaal over alle leeftijden;Mannen en vrouwen;Leidschendam-Voorburg;2031;79008;49815;14046;6016;8030;15147;7304;7843;1916
9415;Totaal over alle leeftijden;Mannen en vrouwen;Leidschendam-Voorburg;2032;79088;49606;14180;6081;8099;15302;7335;7967;1916
9416;Totaal over alle leeftijden;Mannen en vrouwen;Leidschendam-Voorburg;2033;79236;49516;14239;6131;8108;15481;7355;8126;1916
9417;Totaal over alle leeftijden;Mannen en vrouwen;Leidschendam-Voorburg;2034;79428;49440;14370;6201;8169;15618;7391;8227;1916
9418;Totaal over alle leeftijden;Mannen en vrouwen;Leidschendam-Voorburg;2035;79573;49370;14478;6269;8209;15725;7333;8392;1916
9419;Totaal over alle leeftijden;Mannen en vrouwen;Leidschendam-Voorburg;2036;79660;49167;14626;6385;8241;15867;7370;8497;1916
9420;Totaal over alle leeftijden;Mannen en vrouwen;Leidschendam-Voorburg;2037;79753;48984;14764;6495;8269;16005;7385;8620;1916
9421;Totaal over alle leeftijden;Mannen en vrouwen;Leidschendam-Voorburg;2038;79766;48862;14789;6503;8286;16115;7414;8701;1916
9422;Totaal over alle leeftijden;Mannen en vrouwen;Leidschendam-Voorburg;2039;79750;48651;14834;6539;8295;16265;7409;8856;1916
9423;Totaal over alle leeftijden;Mannen en vrouwen;Leidschendam-Voorburg;2040;79885;48516;14918;6619;8299;16451;7484;8967;1916
9424;Totaal over alle leeftijden;Mannen en vrouwen;Lelystad;2010;74337;54458;6518;2749;3769;13361;7450;5911;995
9425;Totaal over alle leeftijden;Mannen en vrouwen;Lelystad;2011;74973;55033;6436;2760;3676;13504;7531;5973;995
9426;Totaal over alle leeftijden;Mannen en vrouwen;Lelystad;2012;75630;55586;6431;2780;3651;13613;7595;6018;995
9427;Totaal over alle leeftijden;Mannen en vrouwen;Lelystad;2013;76453;56287;6474;2866;3608;13692;7648;6044;995
9428;Totaal over alle leeftijden;Mannen en vrouwen;Lelystad;2014;77150;56824;6442;2911;3531;13884;7695;6189;995
9429;Totaal over alle leeftijden;Mannen en vrouwen;Lelystad;2015;77868;57403;6433;2930;3503;14032;7753;6279;995
9430;Totaal over alle leeftijden;Mannen en vrouwen;Lelystad;2016;78432;57823;6420;2963;3457;14189;7854;6335;995
9431;Totaal over alle leeftijden;Mannen en vrouwen;Lelystad;2017;79067;58263;6456;2993;3463;14348;7969;6379;995
9432;Totaal over alle leeftijden;Mannen en vrouwen;Lelystad;2018;79682;58714;6446;3055;3391;14522;8077;6445;995
9433;Totaal over alle leeftijden;Mannen en vrouwen;Lelystad;2019;80026;58945;6411;3055;3356;14670;8175;6495;995
9434;Totaal over alle leeftijden;Mannen en vrouwen;Lelystad;2020;80512;59308;6392;3052;3340;14812;8251;6561;995
9435;Totaal over alle leeftijden;Mannen en vrouwen;Lelystad;2021;80955;59571;6387;3069;3318;14997;8343;6654;995
9436;Totaal over alle leeftijden;Mannen en vrouwen;Lelystad;2022;81326;59789;6389;3095;3294;15148;8429;6719;995
9437;Totaal over alle leeftijden;Mannen en vrouwen;Lelystad;2023;81677;60048;6340;3063;3277;15289;8514;6775;995
9438;Totaal over alle leeftijden;Mannen en vrouwen;Lelystad;2024;81961;60227;6315;3064;3251;15419;8618;6801;995
9439;Totaal over alle leeftijden;Mannen en vrouwen;Lelystad;2025;82203;60377;6260;3061;3199;15566;8688;6878;995
9440;Totaal over alle leeftijden;Mannen en vrouwen;Lelystad;2026;82633;60604;6299;3094;3205;15730;8745;6985;995
9441;Totaal over alle leeftijden;Mannen en vrouwen;Lelystad;2027;82837;60741;6292;3088;3204;15804;8791;7013;995
9442;Totaal over alle leeftijden;Mannen en vrouwen;Lelystad;2028;83301;60940;6328;3111;3217;16033;8889;7144;995
9443;Totaal over alle leeftijden;Mannen en vrouwen;Lelystad;2029;83437;60910;6378;3160;3218;16149;8912;7237;995
9444;Totaal over alle leeftijden;Mannen en vrouwen;Lelystad;2030;83572;60944;6375;3166;3209;16253;8936;7317;995
9445;Totaal over alle leeftijden;Mannen en vrouwen;Lelystad;2031;83745;60976;6395;3182;3213;16374;8979;7395;995
9446;Totaal over alle leeftijden;Mannen en vrouwen;Lelystad;2032;83822;60975;6390;3202;3188;16457;9005;7452;995
9447;Totaal over alle leeftijden;Mannen en vrouwen;Lelystad;2033;83903;60879;6341;3213;3128;16683;9121;7562;995
9448;Totaal over alle leeftijden;Mannen en vrouwen;Lelystad;2034;84031;60901;6295;3226;3069;16835;9195;7640;995
9449;Totaal over alle leeftijden;Mannen en vrouwen;Lelystad;2035;83978;60750;6262;3239;3023;16966;9256;7710;995
9450;Totaal over alle leeftijden;Mannen en vrouwen;Lelystad;2036;84043;60648;6274;3260;3014;17121;9235;7886;995
9451;Totaal over alle leeftijden;Mannen en vrouwen;Lelystad;2037;84064;60578;6247;3236;3011;17239;9269;7970;995
9452;Totaal over alle leeftijden;Mannen en vrouwen;Lelystad;2038;83951;60467;6212;3212;3000;17272;9281;7991;995
9453;Totaal over alle leeftijden;Mannen en vrouwen;Lelystad;2039;83903;60256;6212;3247;2965;17435;9330;8105;995
9454;Totaal over alle leeftijden;Mannen en vrouwen;Lelystad;2040;83821;60132;6208;3277;2931;17481;9351;8130;995
9455;Totaal over alle leeftijden;Mannen en vrouwen;Lemsterland;2010;13516;12157;822;323;499;537;261;276;82
9456;Totaal over alle leeftijden;Mannen en vrouwen;Lemsterland;2011;13591;12177;854;327;527;560;266;294;82
9457;Totaal over alle leeftijden;Mannen en vrouwen;Lemsterland;2012;13599;12146;878;331;547;575;261;314;82
9458;Totaal over alle leeftijden;Mannen en vrouwen;Lemsterland;2013;13612;12112;899;330;569;601;265;336;82
9459;Totaal over alle leeftijden;Mannen en vrouwen;Lemsterland;2014;13677;12106;910;322;588;661;292;369;82
9460;Totaal over alle leeftijden;Mannen en vrouwen;Lemsterland;2015;13761;12141;934;328;606;686;293;393;82
9461;Totaal over alle leeftijden;Mannen en vrouwen;Lemsterland;2016;13774;12083;949;325;624;742;295;447;82
9462;Totaal over alle leeftijden;Mannen en vrouwen;Lemsterland;2017;13822;12085;972;329;643;765;306;459;82
9463;Totaal over alle leeftijden;Mannen en vrouwen;Lemsterland;2018;13866;12084;972;324;648;810;321;489;82
9464;Totaal over alle leeftijden;Mannen en vrouwen;Lemsterland;2019;13937;12109;993;323;670;835;325;510;82
9465;Totaal over alle leeftijden;Mannen en vrouwen;Lemsterland;2020;14015;12136;1021;330;691;858;328;530;82
9466;Totaal over alle leeftijden;Mannen en vrouwen;Lemsterland;2021;14089;12161;1029;326;703;899;349;550;82
9467;Totaal over alle leeftijden;Mannen en vrouwen;Lemsterland;2022;14142;12170;1049;332;717;923;350;573;82
9468;Totaal over alle leeftijden;Mannen en vrouwen;Lemsterland;2023;14187;12136;1078;337;741;973;370;603;82
9469;Totaal over alle leeftijden;Mannen en vrouwen;Lemsterland;2024;14213;12104;1095;339;756;1014;386;628;82
9470;Totaal over alle leeftijden;Mannen en vrouwen;Lemsterland;2025;14199;12022;1115;337;778;1062;401;661;82
9471;Totaal over alle leeftijden;Mannen en vrouwen;Lemsterland;2026;14220;12020;1110;337;773;1090;412;678;82
9472;Totaal over alle leeftijden;Mannen en vrouwen;Lemsterland;2027;14237;11998;1114;319;795;1125;420;705;82
9473;Totaal over alle leeftijden;Mannen en vrouwen;Lemsterland;2028;14227;11946;1117;301;816;1164;423;741;82
9474;Totaal over alle leeftijden;Mannen en vrouwen;Lemsterland;2029;14276;11960;1132;299;833;1184;421;763;82
9475;Totaal over alle leeftijden;Mannen en vrouwen;Lemsterland;2030;14307;11941;1141;304;837;1225;425;800;82
9476;Totaal over alle leeftijden;Mannen en vrouwen;Lemsterland;2031;14376;11961;1155;306;849;1260;445;815;82
9477;Totaal over alle leeftijden;Mannen en vrouwen;Lemsterland;2032;14422;11977;1168;308;860;1277;449;828;82
9478;Totaal over alle leeftijden;Mannen en vrouwen;Lemsterland;2033;14468;11983;1187;305;882;1298;456;842;82
9479;Totaal over alle leeftijden;Mannen en vrouwen;Lemsterland;2034;14487;11997;1179;291;888;1311;457;854;82
9480;Totaal over alle leeftijden;Mannen en vrouwen;Lemsterland;2035;14482;11946;1186;284;902;1350;462;888;82
9481;Totaal over alle leeftijden;Mannen en vrouwen;Lemsterland;2036;14451;11902;1182;276;906;1367;472;895;82
9482;Totaal over alle leeftijden;Mannen en vrouwen;Lemsterland;2037;14462;11855;1213;281;932;1394;467;927;82
9483;Totaal over alle leeftijden;Mannen en vrouwen;Lemsterland;2038;14505;11867;1210;281;929;1428;481;947;82
9484;Totaal over alle leeftijden;Mannen en vrouwen;Lemsterland;2039;14521;11830;1216;279;937;1475;500;975;82
9485;Totaal over alle leeftijden;Mannen en vrouwen;Lemsterland;2040;14530;11812;1226;274;952;1492;499;993;82
9486;Totaal over alle leeftijden;Mannen en vrouwen;Leudal;2010;36396;32230;3193;1238;1955;973;557;416;1640
9487;Totaal over alle leeftijden;Mannen en vrouwen;Leudal;2011;36061;31798;3185;1246;1939;1078;605;473;1640
9488;Totaal over alle leeftijden;Mannen en vrouwen;Leudal;2012;35828;31447;3174;1252;1922;1207;665;542;1640
9489;Totaal over alle leeftijden;Mannen en vrouwen;Leudal;2013;35655;31157;3158;1240;1918;1340;741;599;1640
9490;Totaal over alle leeftijden;Mannen en vrouwen;Leudal;2014;35472;30867;3139;1230;1909;1466;785;681;1640
9491;Totaal over alle leeftijden;Mannen en vrouwen;Leudal;2015;35196;30480;3135;1226;1909;1581;818;763;1640
9492;Totaal over alle leeftijden;Mannen en vrouwen;Leudal;2016;34947;30120;3160;1258;1902;1667;850;817;1640
9493;Totaal over alle leeftijden;Mannen en vrouwen;Leudal;2017;34691;29769;3123;1234;1889;1799;905;894;1640
9494;Totaal over alle leeftijden;Mannen en vrouwen;Leudal;2018;34426;29414;3117;1233;1884;1895;951;944;1640
9495;Totaal over alle leeftijden;Mannen en vrouwen;Leudal;2019;34095;29055;3096;1231;1865;1944;965;979;1640
9496;Totaal over alle leeftijden;Mannen en vrouwen;Leudal;2020;33850;28769;3056;1212;1844;2025;1007;1018;1640
9497;Totaal over alle leeftijden;Mannen en vrouwen;Leudal;2021;33625;28490;3025;1201;1824;2110;1047;1063;1640
9498;Totaal over alle leeftijden;Mannen en vrouwen;Leudal;2022;33347;28191;2996;1204;1792;2160;1082;1078;1640
9499;Totaal over alle leeftijden;Mannen en vrouwen;Leudal;2023;33026;27829;2968;1196;1772;2229;1129;1100;1640
9500;Totaal over alle leeftijden;Mannen en vrouwen;Leudal;2024;32808;27537;2986;1220;1766;2285;1159;1126;1640
9501;Totaal over alle leeftijden;Mannen en vrouwen;Leudal;2025;32592;27256;2973;1218;1755;2363;1200;1163;1640
9502;Totaal over alle leeftijden;Mannen en vrouwen;Leudal;2026;32212;26833;2949;1209;1740;2430;1247;1183;1640
9503;Totaal over alle leeftijden;Mannen en vrouwen;Leudal;2027;32044;26611;2930;1198;1732;2503;1284;1219;1640
9504;Totaal over alle leeftijden;Mannen en vrouwen;Leudal;2028;31810;26346;2887;1180;1707;2577;1305;1272;1640
9505;Totaal over alle leeftijden;Mannen en vrouwen;Leudal;2029;31570;26051;2879;1185;1694;2640;1346;1294;1640
9506;Totaal over alle leeftijden;Mannen en vrouwen;Leudal;2030;31318;25778;2853;1182;1671;2687;1370;1317;1640
9507;Totaal over alle leeftijden;Mannen en vrouwen;Leudal;2031;31152;25565;2814;1151;1663;2773;1417;1356;1640
9508;Totaal over alle leeftijden;Mannen en vrouwen;Leudal;2032;30875;25282;2778;1129;1649;2815;1428;1387;1640
9509;Totaal over alle leeftijden;Mannen en vrouwen;Leudal;2033;30647;25013;2759;1138;1621;2875;1445;1430;1640
9510;Totaal over alle leeftijden;Mannen en vrouwen;Leudal;2034;30360;24727;2718;1123;1595;2915;1454;1461;1640
9511;Totaal over alle leeftijden;Mannen en vrouwen;Leudal;2035;30141;24478;2712;1120;1592;2951;1459;1492;1640
9512;Totaal over alle leeftijden;Mannen en vrouwen;Leudal;2036;29894;24179;2703;1118;1585;3012;1489;1523;1640
9513;Totaal over alle leeftijden;Mannen en vrouwen;Leudal;2037;29569;23866;2653;1102;1551;3050;1522;1528;1640
9514;Totaal over alle leeftijden;Mannen en vrouwen;Leudal;2038;29259;23520;2641;1092;1549;3098;1542;1556;1640
9515;Totaal over alle leeftijden;Mannen en vrouwen;Leudal;2039;28951;23189;2634;1089;1545;3128;1559;1569;1640
9516;Totaal over alle leeftijden;Mannen en vrouwen;Leudal;2040;28639;22822;2617;1085;1532;3200;1575;1625;1640
9517;Totaal over alle leeftijden;Mannen en vrouwen;Leusden;2010;28781;24825;2255;789;1466;1701;1035;666;327
9518;Totaal over alle leeftijden;Mannen en vrouwen;Leusden;2011;28758;24701;2260;776;1484;1797;1060;737;327
9519;Totaal over alle leeftijden;Mannen en vrouwen;Leusden;2012;28792;24606;2242;745;1497;1944;1130;814;327
9520;Totaal over alle leeftijden;Mannen en vrouwen;Leusden;2013;28782;24483;2235;724;1511;2064;1162;902;327
9521;Totaal over alle leeftijden;Mannen en vrouwen;Leusden;2014;28750;24331;2229;702;1527;2190;1198;992;327
9522;Totaal over alle leeftijden;Mannen en vrouwen;Leusden;2015;28847;24284;2235;683;1552;2328;1235;1093;327
9523;Totaal over alle leeftijden;Mannen en vrouwen;Leusden;2016;28977;24289;2236;677;1559;2452;1277;1175;327
9524;Totaal over alle leeftijden;Mannen en vrouwen;Leusden;2017;28990;24135;2237;663;1574;2618;1342;1276;327
9525;Totaal over alle leeftijden;Mannen en vrouwen;Leusden;2018;29007;24018;2252;663;1589;2737;1384;1353;327
9526;Totaal over alle leeftijden;Mannen en vrouwen;Leusden;2019;29054;23923;2259;658;1601;2872;1434;1438;327
9527;Totaal over alle leeftijden;Mannen en vrouwen;Leusden;2020;29147;23882;2245;635;1610;3020;1508;1512;327
9528;Totaal over alle leeftijden;Mannen en vrouwen;Leusden;2021;29186;23771;2248;645;1603;3167;1565;1602;327
9529;Totaal over alle leeftijden;Mannen en vrouwen;Leusden;2022;29266;23748;2254;645;1609;3264;1602;1662;327
9530;Totaal over alle leeftijden;Mannen en vrouwen;Leusden;2023;29309;23681;2252;635;1617;3376;1641;1735;327
9531;Totaal over alle leeftijden;Mannen en vrouwen;Leusden;2024;29458;23697;2273;633;1640;3488;1696;1792;327
9532;Totaal over alle leeftijden;Mannen en vrouwen;Leusden;2025;29624;23700;2300;649;1651;3624;1752;1872;327
9533;Totaal over alle leeftijden;Mannen en vrouwen;Leusden;2026;29798;23748;2309;661;1648;3741;1799;1942;327
9534;Totaal over alle leeftijden;Mannen en vrouwen;Leusden;2027;30054;23843;2313;660;1653;3898;1844;2054;327
9535;Totaal over alle leeftijden;Mannen en vrouwen;Leusden;2028;30238;23926;2317;654;1663;3995;1903;2092;327
9536;Totaal over alle leeftijden;Mannen en vrouwen;Leusden;2029;30468;24001;2349;655;1694;4118;1960;2158;327
9537;Totaal over alle leeftijden;Mannen en vrouwen;Leusden;2030;30531;24011;2347;659;1688;4173;1994;2179;327
9538;Totaal over alle leeftijden;Mannen en vrouwen;Leusden;2031;30694;24055;2374;679;1695;4265;2026;2239;327
9539;Totaal over alle leeftijden;Mannen en vrouwen;Leusden;2032;30855;24075;2370;668;1702;4410;2100;2310;327
9540;Totaal over alle leeftijden;Mannen en vrouwen;Leusden;2033;31076;24114;2417;688;1729;4545;2127;2418;327
9541;Totaal over alle leeftijden;Mannen en vrouwen;Leusden;2034;31222;24134;2428;688;1740;4660;2187;2473;327
9542;Totaal over alle leeftijden;Mannen en vrouwen;Leusden;2035;31367;24165;2417;680;1737;4785;2251;2534;327
9543;Totaal over alle leeftijden;Mannen en vrouwen;Leusden;2036;31519;24153;2438;699;1739;4928;2290;2638;327
9544;Totaal over alle leeftijden;Mannen en vrouwen;Leusden;2037;31599;24110;2472;725;1747;5017;2354;2663;327
9545;Totaal over alle leeftijden;Mannen en vrouwen;Leusden;2038;31651;24037;2496;743;1753;5118;2394;2724;327
9546;Totaal over alle leeftijden;Mannen en vrouwen;Leusden;2039;31740;23995;2490;728;1762;5255;2462;2793;327
9547;Totaal over alle leeftijden;Mannen en vrouwen;Leusden;2040;31735;23877;2496;730;1766;5362;2503;2859;327
9548;Totaal over alle leeftijden;Mannen en vrouwen;Liesveld;2010;9766;9206;322;120;202;238;136;102;694
9549;Totaal over alle leeftijden;Mannen en vrouwen;Liesveld;2011;9795;9185;332;126;206;278;158;120;694
9550;Totaal over alle leeftijden;Mannen en vrouwen;Liesveld;2012;9832;9182;341;133;208;309;171;138;694
9551;Totaal over alle leeftijden;Mannen en vrouwen;Liesveld;2013;9871;9153;366;142;224;352;187;165;694
9552;Totaal over alle leeftijden;Mannen en vrouwen;Liesveld;2014;9944;9172;381;151;230;391;199;192;694
9553;Totaal over alle leeftijden;Mannen en vrouwen;Liesveld;2015;10013;9181;409;158;251;423;195;228;694
9554;Totaal over alle leeftijden;Mannen en vrouwen;Liesveld;2016;10018;9127;414;160;254;477;210;267;694
9555;Totaal over alle leeftijden;Mannen en vrouwen;Liesveld;2017;10098;9123;440;173;267;535;233;302;694
9556;Totaal over alle leeftijden;Mannen en vrouwen;Liesveld;2018;10155;9115;459;176;283;581;255;326;694
9557;Totaal over alle leeftijden;Mannen en vrouwen;Liesveld;2019;10233;9146;469;176;293;618;271;347;694
9558;Totaal over alle leeftijden;Mannen en vrouwen;Liesveld;2020;10312;9151;495;184;311;666;292;374;694
9559;Totaal over alle leeftijden;Mannen en vrouwen;Liesveld;2021;10363;9145;512;182;330;706;309;397;694
9560;Totaal over alle leeftijden;Mannen en vrouwen;Liesveld;2022;10471;9204;523;182;341;744;317;427;694
9561;Totaal over alle leeftijden;Mannen en vrouwen;Liesveld;2023;10548;9199;551;200;351;798;342;456;694
9562;Totaal over alle leeftijden;Mannen en vrouwen;Liesveld;2024;10675;9246;582;207;375;847;355;492;694
9563;Totaal over alle leeftijden;Mannen en vrouwen;Liesveld;2025;10712;9219;615;222;393;878;377;501;694
9564;Totaal over alle leeftijden;Mannen en vrouwen;Liesveld;2026;10793;9230;643;228;415;920;398;522;694
9565;Totaal over alle leeftijden;Mannen en vrouwen;Liesveld;2027;10817;9194;669;238;431;954;410;544;694
9566;Totaal over alle leeftijden;Mannen en vrouwen;Liesveld;2028;10924;9230;705;259;446;989;425;564;694
9567;Totaal over alle leeftijden;Mannen en vrouwen;Liesveld;2029;10971;9209;727;265;462;1035;436;599;694
9568;Totaal over alle leeftijden;Mannen en vrouwen;Liesveld;2030;11088;9262;755;275;480;1071;450;621;694
9569;Totaal over alle leeftijden;Mannen en vrouwen;Liesveld;2031;11149;9272;773;277;496;1104;462;642;694
9570;Totaal over alle leeftijden;Mannen en vrouwen;Liesveld;2032;11194;9262;792;283;509;1140;482;658;694
9571;Totaal over alle leeftijden;Mannen en vrouwen;Liesveld;2033;11235;9260;815;291;524;1160;485;675;694
9572;Totaal over alle leeftijden;Mannen en vrouwen;Liesveld;2034;11283;9246;834;295;539;1203;503;700;694
9573;Totaal over alle leeftijden;Mannen en vrouwen;Liesveld;2035;11297;9220;859;305;554;1218;503;715;694
9574;Totaal over alle leeftijden;Mannen en vrouwen;Liesveld;2036;11331;9206;887;316;571;1238;512;726;694
9575;Totaal over alle leeftijden;Mannen en vrouwen;Liesveld;2037;11346;9168;918;328;590;1260;523;737;694
9576;Totaal over alle leeftijden;Mannen en vrouwen;Liesveld;2038;11321;9091;955;344;611;1275;538;737;694
9577;Totaal over alle leeftijden;Mannen en vrouwen;Liesveld;2039;11301;9022;977;352;625;1302;537;765;694
9578;Totaal over alle leeftijden;Mannen en vrouwen;Liesveld;2040;11292;8955;1012;367;645;1325;549;776;694
9579;Totaal over alle leeftijden;Mannen en vrouwen;Lingewaal;2010;10657;9840;472;167;305;345;173;172;733
9580;Totaal over alle leeftijden;Mannen en vrouwen;Lingewaal;2011;10551;9702;488;178;310;361;186;175;733
9581;Totaal over alle leeftijden;Mannen en vrouwen;Lingewaal;2012;10435;9554;493;184;309;388;191;197;733
9582;Totaal over alle leeftijden;Mannen en vrouwen;Lingewaal;2013;10310;9401;502;184;318;407;190;217;733
9583;Totaal over alle leeftijden;Mannen en vrouwen;Lingewaal;2014;10215;9265;515;195;320;435;206;229;733
9584;Totaal over alle leeftijden;Mannen en vrouwen;Lingewaal;2015;10149;9182;524;200;324;443;208;235;733
9585;Totaal over alle leeftijden;Mannen en vrouwen;Lingewaal;2016;10170;9167;533;214;319;470;221;249;733
9586;Totaal over alle leeftijden;Mannen en vrouwen;Lingewaal;2017;10209;9154;556;224;332;499;226;273;733
9587;Totaal over alle leeftijden;Mannen en vrouwen;Lingewaal;2018;10216;9126;580;236;344;510;230;280;733
9588;Totaal over alle leeftijden;Mannen en vrouwen;Lingewaal;2019;10198;9063;603;244;359;532;241;291;733
9589;Totaal over alle leeftijden;Mannen en vrouwen;Lingewaal;2020;10172;9017;607;252;355;548;246;302;733
9590;Totaal over alle leeftijden;Mannen en vrouwen;Lingewaal;2021;10140;8953;622;262;360;565;257;308;733
9591;Totaal over alle leeftijden;Mannen en vrouwen;Lingewaal;2022;10042;8833;628;269;359;581;263;318;733
9592;Totaal over alle leeftijden;Mannen en vrouwen;Lingewaal;2023;10063;8813;659;281;378;591;265;326;733
9593;Totaal over alle leeftijden;Mannen en vrouwen;Lingewaal;2024;10084;8799;675;297;378;610;263;347;733
9594;Totaal over alle leeftijden;Mannen en vrouwen;Lingewaal;2025;10069;8761;690;315;375;618;261;357;733
9595;Totaal over alle leeftijden;Mannen en vrouwen;Lingewaal;2026;10042;8705;713;324;389;624;268;356;733
9596;Totaal over alle leeftijden;Mannen en vrouwen;Lingewaal;2027;10063;8700;727;338;389;636;268;368;733
9597;Totaal over alle leeftijden;Mannen en vrouwen;Lingewaal;2028;10099;8701;738;344;394;660;277;383;733
9598;Totaal over alle leeftijden;Mannen en vrouwen;Lingewaal;2029;10114;8690;762;362;400;662;280;382;733
9599;Totaal over alle leeftijden;Mannen en vrouwen;Lingewaal;2030;10098;8651;763;366;397;684;299;385;733
9600;Totaal over alle leeftijden;Mannen en vrouwen;Lingewaal;2031;10122;8646;779;373;406;697;310;387;733
9601;Totaal over alle leeftijden;Mannen en vrouwen;Lingewaal;2032;10134;8626;793;372;421;715;319;396;733
9602;Totaal over alle leeftijden;Mannen en vrouwen;Lingewaal;2033;10127;8588;808;385;423;731;326;405;733
9603;Totaal over alle leeftijden;Mannen en vrouwen;Lingewaal;2034;10175;8588;832;405;427;755;330;425;733
9604;Totaal over alle leeftijden;Mannen en vrouwen;Lingewaal;2035;10196;8575;839;411;428;782;331;451;733
9605;Totaal over alle leeftijden;Mannen en vrouwen;Lingewaal;2036;10237;8586;854;423;431;797;337;460;733
9606;Totaal over alle leeftijden;Mannen en vrouwen;Lingewaal;2037;10226;8563;853;421;432;810;338;472;733
9607;Totaal over alle leeftijden;Mannen en vrouwen;Lingewaal;2038;10231;8528;876;439;437;827;354;473;733
9608;Totaal over alle leeftijden;Mannen en vrouwen;Lingewaal;2039;10249;8509;895;459;436;845;362;483;733
9609;Totaal over alle leeftijden;Mannen en vrouwen;Lingewaal;2040;10269;8488;922;480;442;859;363;496;733
9610;Totaal over alle leeftijden;Mannen en vrouwen;Lingewaard;2010;45006;40673;3039;864;2175;1294;663;631;1705
9611;Totaal over alle leeftijden;Mannen en vrouwen;Lingewaard;2011;45109;40676;3029;875;2154;1404;693;711;1705
9612;Totaal over alle leeftijden;Mannen en vrouwen;Lingewaard;2012;45145;40598;3035;906;2129;1512;752;760;1705
9613;Totaal over alle leeftijden;Mannen en vrouwen;Lingewaard;2013;45160;40530;2996;891;2105;1634;816;818;1705
9614;Totaal over alle leeftijden;Mannen en vrouwen;Lingewaard;2014;45372;40596;2998;902;2096;1778;865;913;1705
9615;Totaal over alle leeftijden;Mannen en vrouwen;Lingewaard;2015;45516;40547;3016;930;2086;1953;944;1009;1705
9616;Totaal over alle leeftijden;Mannen en vrouwen;Lingewaard;2016;45551;40440;3017;956;2061;2094;1004;1090;1705
9617;Totaal over alle leeftijden;Mannen en vrouwen;Lingewaard;2017;45681;40442;3016;978;2038;2223;1064;1159;1705
9618;Totaal over alle leeftijden;Mannen en vrouwen;Lingewaard;2018;45701;40337;3025;1000;2025;2339;1114;1225;1705
9619;Totaal over alle leeftijden;Mannen en vrouwen;Lingewaard;2019;45840;40324;3007;1003;2004;2509;1151;1358;1705
9620;Totaal over alle leeftijden;Mannen en vrouwen;Lingewaard;2020;46081;40404;3009;1003;2006;2668;1230;1438;1705
9621;Totaal over alle leeftijden;Mannen en vrouwen;Lingewaard;2021;46227;40395;3028;1030;1998;2804;1292;1512;1705
9622;Totaal over alle leeftijden;Mannen en vrouwen;Lingewaard;2022;46326;40324;3064;1067;1997;2938;1342;1596;1705
9623;Totaal over alle leeftijden;Mannen en vrouwen;Lingewaard;2023;46464;40268;3098;1115;1983;3098;1391;1707;1705
9624;Totaal over alle leeftijden;Mannen en vrouwen;Lingewaard;2024;46579;40221;3103;1122;1981;3255;1472;1783;1705
9625;Totaal over alle leeftijden;Mannen en vrouwen;Lingewaard;2025;46805;40284;3166;1167;1999;3355;1531;1824;1705
9626;Totaal over alle leeftijden;Mannen en vrouwen;Lingewaard;2026;46931;40248;3164;1191;1973;3519;1589;1930;1705
9627;Totaal over alle leeftijden;Mannen en vrouwen;Lingewaard;2027;47085;40224;3192;1230;1962;3669;1646;2023;1705
9628;Totaal over alle leeftijden;Mannen en vrouwen;Lingewaard;2028;47304;40280;3262;1279;1983;3762;1686;2076;1705
9629;Totaal over alle leeftijden;Mannen en vrouwen;Lingewaard;2029;47273;40113;3276;1311;1965;3884;1734;2150;1705
9630;Totaal over alle leeftijden;Mannen en vrouwen;Lingewaard;2030;47399;40072;3323;1345;1978;4004;1796;2208;1705
9631;Totaal over alle leeftijden;Mannen en vrouwen;Lingewaard;2031;47367;39976;3287;1353;1934;4104;1826;2278;1705
9632;Totaal over alle leeftijden;Mannen en vrouwen;Lingewaard;2032;47587;40021;3321;1391;1930;4245;1871;2374;1705
9633;Totaal over alle leeftijden;Mannen en vrouwen;Lingewaard;2033;47794;40054;3362;1423;1939;4378;1937;2441;1705
9634;Totaal over alle leeftijden;Mannen en vrouwen;Lingewaard;2034;47874;40018;3361;1438;1923;4495;1995;2500;1705
9635;Totaal over alle leeftijden;Mannen en vrouwen;Lingewaard;2035;48054;40046;3406;1479;1927;4602;2009;2593;1705
9636;Totaal over alle leeftijden;Mannen en vrouwen;Lingewaard;2036;48179;40015;3460;1515;1945;4704;2038;2666;1705
9637;Totaal over alle leeftijden;Mannen en vrouwen;Lingewaard;2037;48198;39906;3460;1529;1931;4832;2118;2714;1705
9638;Totaal over alle leeftijden;Mannen en vrouwen;Lingewaard;2038;48298;39886;3477;1549;1928;4935;2139;2796;1705
9639;Totaal over alle leeftijden;Mannen en vrouwen;Lingewaard;2039;48303;39726;3521;1583;1938;5056;2174;2882;1705
9640;Totaal over alle leeftijden;Mannen en vrouwen;Lingewaard;2040;48219;39567;3512;1597;1915;5140;2198;2942;1705
9641;Totaal over alle leeftijden;Mannen en vrouwen;Lisse;2010;22605;19668;1904;938;966;1033;606;427;553
9642;Totaal over alle leeftijden;Mannen en vrouwen;Lisse;2011;22767;19659;1947;940;1007;1161;659;502;553
9643;Totaal over alle leeftijden;Mannen en vrouwen;Lisse;2012;22821;19560;2002;961;1041;1259;701;558;553
9644;Totaal over alle leeftijden;Mannen en vrouwen;Lisse;2013;22808;19446;2021;968;1053;1341;740;601;553
9645;Totaal over alle leeftijden;Mannen en vrouwen;Lisse;2014;22866;19350;2066;1001;1065;1450;792;658;553
9646;Totaal over alle leeftijden;Mannen en vrouwen;Lisse;2015;22921;19291;2101;1020;1081;1529;828;701;553
9647;Totaal over alle leeftijden;Mannen en vrouwen;Lisse;2016;22925;19159;2136;1040;1096;1630;882;748;553
9648;Totaal over alle leeftijden;Mannen en vrouwen;Lisse;2017;23034;19114;2201;1080;1121;1719;911;808;553
9649;Totaal over alle leeftijden;Mannen en vrouwen;Lisse;2018;23036;18942;2253;1118;1135;1841;972;869;553
9650;Totaal over alle leeftijden;Mannen en vrouwen;Lisse;2019;23081;18863;2261;1123;1138;1957;1015;942;553
9651;Totaal over alle leeftijden;Mannen en vrouwen;Lisse;2020;23077;18743;2273;1130;1143;2061;1063;998;553
9652;Totaal over alle leeftijden;Mannen en vrouwen;Lisse;2021;23113;18623;2325;1162;1163;2165;1096;1069;553
9653;Totaal over alle leeftijden;Mannen en vrouwen;Lisse;2022;23125;18527;2335;1177;1158;2263;1145;1118;553
9654;Totaal over alle leeftijden;Mannen en vrouwen;Lisse;2023;23090;18415;2347;1183;1164;2328;1188;1140;553
9655;Totaal over alle leeftijden;Mannen en vrouwen;Lisse;2024;23020;18224;2389;1206;1183;2407;1226;1181;553
9656;Totaal over alle leeftijden;Mannen en vrouwen;Lisse;2025;23047;18137;2439;1246;1193;2471;1269;1202;553
9657;Totaal over alle leeftijden;Mannen en vrouwen;Lisse;2026;22992;18009;2457;1257;1200;2526;1283;1243;553
9658;Totaal over alle leeftijden;Mannen en vrouwen;Lisse;2027;23136;17988;2519;1303;1216;2629;1341;1288;553
9659;Totaal over alle leeftijden;Mannen en vrouwen;Lisse;2028;23104;17869;2541;1313;1228;2694;1374;1320;553
9660;Totaal over alle leeftijden;Mannen en vrouwen;Lisse;2029;23077;17743;2562;1336;1226;2772;1411;1361;553
9661;Totaal over alle leeftijden;Mannen en vrouwen;Lisse;2030;23117;17671;2568;1353;1215;2878;1467;1411;553
9662;Totaal over alle leeftijden;Mannen en vrouwen;Lisse;2031;23101;17567;2574;1376;1198;2960;1533;1427;553
9663;Totaal over alle leeftijden;Mannen en vrouwen;Lisse;2032;23197;17534;2605;1401;1204;3058;1577;1481;553
9664;Totaal over alle leeftijden;Mannen en vrouwen;Lisse;2033;23136;17408;2607;1411;1196;3121;1618;1503;553
9665;Totaal over alle leeftijden;Mannen en vrouwen;Lisse;2034;23253;17394;2643;1439;1204;3216;1676;1540;553
9666;Totaal over alle leeftijden;Mannen en vrouwen;Lisse;2035;23305;17326;2678;1456;1222;3301;1718;1583;553
9667;Totaal over alle leeftijden;Mannen en vrouwen;Lisse;2036;23326;17239;2700;1459;1241;3387;1765;1622;553
9668;Totaal over alle leeftijden;Mannen en vrouwen;Lisse;2037;23405;17200;2730;1489;1241;3475;1783;1692;553
9669;Totaal over alle leeftijden;Mannen en vrouwen;Lisse;2038;23407;17117;2743;1496;1247;3547;1805;1742;553
9670;Totaal over alle leeftijden;Mannen en vrouwen;Lisse;2039;23342;16935;2791;1531;1260;3616;1838;1778;553
9671;Totaal over alle leeftijden;Mannen en vrouwen;Lisse;2040;23426;16909;2823;1555;1268;3694;1888;1806;553
9672;Totaal over alle leeftijden;Mannen en vrouwen;Lith;2010;6657;6281;247;80;167;129;75;54;808
9673;Totaal over alle leeftijden;Mannen en vrouwen;Lith;2011;6666;6276;246;83;163;144;81;63;808
9674;Totaal over alle leeftijden;Mannen en vrouwen;Lith;2012;6632;6225;251;89;162;156;93;63;808
9675;Totaal over alle leeftijden;Mannen en vrouwen;Lith;2013;6677;6243;257;88;169;177;105;72;808
9676;Totaal over alle leeftijden;Mannen en vrouwen;Lith;2014;6696;6225;262;90;172;209;117;92;808
9677;Totaal over alle leeftijden;Mannen en vrouwen;Lith;2015;6653;6157;263;92;171;233;132;101;808
9678;Totaal over alle leeftijden;Mannen en vrouwen;Lith;2016;6648;6129;268;96;172;251;143;108;808
9679;Totaal over alle leeftijden;Mannen en vrouwen;Lith;2017;6639;6101;265;94;171;273;153;120;808
9680;Totaal over alle leeftijden;Mannen en vrouwen;Lith;2018;6637;6068;277;99;178;292;159;133;808
9681;Totaal over alle leeftijden;Mannen en vrouwen;Lith;2019;6654;6050;294;110;184;310;165;145;808
9682;Totaal over alle leeftijden;Mannen en vrouwen;Lith;2020;6653;6021;300;118;182;332;175;157;808
9683;Totaal over alle leeftijden;Mannen en vrouwen;Lith;2021;6656;5992;302;123;179;362;189;173;808
9684;Totaal over alle leeftijden;Mannen en vrouwen;Lith;2022;6675;5987;310;131;179;378;197;181;808
9685;Totaal over alle leeftijden;Mannen en vrouwen;Lith;2023;6658;5944;317;132;185;397;204;193;808
9686;Totaal over alle leeftijden;Mannen en vrouwen;Lith;2024;6708;5954;334;140;194;420;212;208;808
9687;Totaal over alle leeftijden;Mannen en vrouwen;Lith;2025;6756;5964;350;144;206;442;219;223;808
9688;Totaal over alle leeftijden;Mannen en vrouwen;Lith;2026;6789;5964;363;150;213;462;226;236;808
9689;Totaal over alle leeftijden;Mannen en vrouwen;Lith;2027;6796;5943;372;160;212;481;238;243;808
9690;Totaal over alle leeftijden;Mannen en vrouwen;Lith;2028;6823;5948;376;161;215;499;247;252;808
9691;Totaal over alle leeftijden;Mannen en vrouwen;Lith;2029;6875;5965;394;172;222;516;254;262;808
9692;Totaal over alle leeftijden;Mannen en vrouwen;Lith;2030;6910;5976;400;178;222;534;266;268;808
9693;Totaal over alle leeftijden;Mannen en vrouwen;Lith;2031;6914;5946;411;183;228;557;274;283;808
9694;Totaal over alle leeftijden;Mannen en vrouwen;Lith;2032;6900;5911;419;185;234;570;281;289;808
9695;Totaal over alle leeftijden;Mannen en vrouwen;Lith;2033;6945;5930;427;192;235;588;282;306;808
9696;Totaal over alle leeftijden;Mannen en vrouwen;Lith;2034;6972;5919;460;205;255;593;287;306;808
9697;Totaal over alle leeftijden;Mannen en vrouwen;Lith;2035;7001;5926;470;207;263;605;289;316;808
9698;Totaal over alle leeftijden;Mannen en vrouwen;Lith;2036;7030;5938;473;208;265;619;295;324;808
9699;Totaal over alle leeftijden;Mannen en vrouwen;Lith;2037;7055;5932;479;211;268;644;303;341;808
9700;Totaal over alle leeftijden;Mannen en vrouwen;Lith;2038;7099;5955;491;222;269;653;299;354;808
9701;Totaal over alle leeftijden;Mannen en vrouwen;Lith;2039;7122;5949;501;227;274;672;311;361;808
9702;Totaal over alle leeftijden;Mannen en vrouwen;Lith;2040;7136;5947;508;229;279;681;307;374;808
9703;Totaal over alle leeftijden;Mannen en vrouwen;Littenseradiel;2010;10960;10351;452;151;301;157;79;78;140
9704;Totaal over alle leeftijden;Mannen en vrouwen;Littenseradiel;2011;10952;10301;476;164;312;175;91;84;140
9705;Totaal over alle leeftijden;Mannen en vrouwen;Littenseradiel;2012;10921;10225;505;182;323;191;102;89;140
9706;Totaal over alle leeftijden;Mannen en vrouwen;Littenseradiel;2013;10887;10141;524;185;339;222;117;105;140
9707;Totaal over alle leeftijden;Mannen en vrouwen;Littenseradiel;2014;10894;10114;540;196;344;240;121;119;140
9708;Totaal over alle leeftijden;Mannen en vrouwen;Littenseradiel;2015;10868;10048;560;202;358;260;133;127;140
9709;Totaal over alle leeftijden;Mannen en vrouwen;Littenseradiel;2016;10809;9928;593;213;380;288;145;143;140
9710;Totaal over alle leeftijden;Mannen en vrouwen;Littenseradiel;2017;10792;9870;606;219;387;316;153;163;140
9711;Totaal over alle leeftijden;Mannen en vrouwen;Littenseradiel;2018;10787;9825;614;228;386;348;169;179;140
9712;Totaal over alle leeftijden;Mannen en vrouwen;Littenseradiel;2019;10785;9780;641;241;400;364;177;187;140
9713;Totaal over alle leeftijden;Mannen en vrouwen;Littenseradiel;2020;10720;9669;649;239;410;402;200;202;140
9714;Totaal over alle leeftijden;Mannen en vrouwen;Littenseradiel;2021;10689;9610;663;248;415;416;204;212;140
9715;Totaal over alle leeftijden;Mannen en vrouwen;Littenseradiel;2022;10688;9545;693;261;432;450;222;228;140
9716;Totaal over alle leeftijden;Mannen en vrouwen;Littenseradiel;2023;10665;9468;724;274;450;473;225;248;140
9717;Totaal over alle leeftijden;Mannen en vrouwen;Littenseradiel;2024;10632;9399;730;281;449;503;242;261;140
9718;Totaal over alle leeftijden;Mannen en vrouwen;Littenseradiel;2025;10662;9380;751;295;456;531;249;282;140
9719;Totaal over alle leeftijden;Mannen en vrouwen;Littenseradiel;2026;10691;9370;769;305;464;552;253;299;140
9720;Totaal over alle leeftijden;Mannen en vrouwen;Littenseradiel;2027;10683;9314;779;310;469;590;261;329;140
9721;Totaal over alle leeftijden;Mannen en vrouwen;Littenseradiel;2028;10704;9287;798;318;480;619;279;340;140
9722;Totaal over alle leeftijden;Mannen en vrouwen;Littenseradiel;2029;10700;9251;802;317;485;647;289;358;140
9723;Totaal over alle leeftijden;Mannen en vrouwen;Littenseradiel;2030;10808;9316;822;321;501;670;306;364;140
9724;Totaal over alle leeftijden;Mannen en vrouwen;Littenseradiel;2031;10824;9302;840;336;504;682;310;372;140
9725;Totaal over alle leeftijden;Mannen en vrouwen;Littenseradiel;2032;10797;9241;850;338;512;706;330;376;140
9726;Totaal over alle leeftijden;Mannen en vrouwen;Littenseradiel;2033;10790;9195;863;357;506;732;337;395;140
9727;Totaal over alle leeftijden;Mannen en vrouwen;Littenseradiel;2034;10802;9176;877;360;517;749;345;404;140
9728;Totaal over alle leeftijden;Mannen en vrouwen;Littenseradiel;2035;10848;9182;902;379;523;764;352;412;140
9729;Totaal over alle leeftijden;Mannen en vrouwen;Littenseradiel;2036;10859;9175;912;388;524;772;355;417;140
9730;Totaal over alle leeftijden;Mannen en vrouwen;Littenseradiel;2037;10845;9110;932;385;547;803;371;432;140
9731;Totaal over alle leeftijden;Mannen en vrouwen;Littenseradiel;2038;10792;9028;936;389;547;828;379;449;140
9732;Totaal over alle leeftijden;Mannen en vrouwen;Littenseradiel;2039;10804;8990;961;407;554;853;387;466;140
9733;Totaal over alle leeftijden;Mannen en vrouwen;Littenseradiel;2040;10840;8984;985;424;561;871;388;483;140
9734;Totaal over alle leeftijden;Mannen en vrouwen;Lochem;2010;33214;29856;1994;671;1323;1364;748;616;262
9735;Totaal over alle leeftijden;Mannen en vrouwen;Lochem;2011;33127;29636;2026;685;1341;1465;802;663;262
9736;Totaal over alle leeftijden;Mannen en vrouwen;Lochem;2012;33109;29495;2048;686;1362;1566;848;718;262
9737;Totaal over alle leeftijden;Mannen en vrouwen;Lochem;2013;33135;29435;2064;702;1362;1636;865;771;262
9738;Totaal over alle leeftijden;Mannen en vrouwen;Lochem;2014;33272;29464;2088;721;1367;1720;890;830;262
9739;Totaal over alle leeftijden;Mannen en vrouwen;Lochem;2015;33366;29446;2099;709;1390;1821;915;906;262
9740;Totaal over alle leeftijden;Mannen en vrouwen;Lochem;2016;33525;29482;2159;737;1422;1884;947;937;262
9741;Totaal over alle leeftijden;Mannen en vrouwen;Lochem;2017;33620;29506;2182;745;1437;1932;961;971;262
9742;Totaal over alle leeftijden;Mannen en vrouwen;Lochem;2018;33726;29490;2198;749;1449;2038;1006;1032;262
9743;Totaal over alle leeftijden;Mannen en vrouwen;Lochem;2019;33854;29478;2231;764;1467;2145;1052;1093;262
9744;Totaal over alle leeftijden;Mannen en vrouwen;Lochem;2020;33934;29457;2254;772;1482;2223;1086;1137;262
9745;Totaal over alle leeftijden;Mannen en vrouwen;Lochem;2021;34014;29438;2280;788;1492;2296;1123;1173;262
9746;Totaal over alle leeftijden;Mannen en vrouwen;Lochem;2022;34102;29398;2303;809;1494;2401;1155;1246;262
9747;Totaal over alle leeftijden;Mannen en vrouwen;Lochem;2023;34196;29369;2345;821;1524;2482;1171;1311;262
9748;Totaal over alle leeftijden;Mannen en vrouwen;Lochem;2024;34233;29357;2342;833;1509;2534;1189;1345;262
9749;Totaal over alle leeftijden;Mannen en vrouwen;Lochem;2025;34294;29312;2372;861;1511;2610;1215;1395;262
9750;Totaal over alle leeftijden;Mannen en vrouwen;Lochem;2026;34334;29300;2384;878;1506;2650;1210;1440;262
9751;Totaal over alle leeftijden;Mannen en vrouwen;Lochem;2027;34369;29215;2408;889;1519;2746;1261;1485;262
9752;Totaal over alle leeftijden;Mannen en vrouwen;Lochem;2028;34428;29191;2464;926;1538;2773;1271;1502;262
9753;Totaal over alle leeftijden;Mannen en vrouwen;Lochem;2029;34554;29192;2487;950;1537;2875;1268;1607;262
9754;Totaal over alle leeftijden;Mannen en vrouwen;Lochem;2030;34586;29116;2517;978;1539;2953;1303;1650;262
9755;Totaal over alle leeftijden;Mannen en vrouwen;Lochem;2031;34651;29046;2561;1013;1548;3044;1351;1693;262
9756;Totaal over alle leeftijden;Mannen en vrouwen;Lochem;2032;34685;29006;2591;1022;1569;3088;1358;1730;262
9757;Totaal over alle leeftijden;Mannen en vrouwen;Lochem;2033;34734;28957;2599;1033;1566;3178;1384;1794;262
9758;Totaal over alle leeftijden;Mannen en vrouwen;Lochem;2034;34762;28904;2616;1042;1574;3242;1400;1842;262
9759;Totaal over alle leeftijden;Mannen en vrouwen;Lochem;2035;34813;28896;2612;1030;1582;3305;1447;1858;262
9760;Totaal over alle leeftijden;Mannen en vrouwen;Lochem;2036;34801;28775;2620;1046;1574;3406;1487;1919;262
9761;Totaal over alle leeftijden;Mannen en vrouwen;Lochem;2037;34796;28715;2614;1047;1567;3467;1526;1941;262
9762;Totaal over alle leeftijden;Mannen en vrouwen;Lochem;2038;34815;28677;2614;1061;1553;3524;1540;1984;262
9763;Totaal over alle leeftijden;Mannen en vrouwen;Lochem;2039;34833;28575;2625;1060;1565;3633;1588;2045;262
9764;Totaal over alle leeftijden;Mannen en vrouwen;Lochem;2040;34779;28465;2633;1060;1573;3681;1600;2081;262
9765;Totaal over alle leeftijden;Mannen en vrouwen;Loenen;2010;8386;7166;809;293;516;411;207;204;329
9766;Totaal over alle leeftijden;Mannen en vrouwen;Loenen;2011;8423;7133;836;322;514;454;220;234;329
9767;Totaal over alle leeftijden;Mannen en vrouwen;Loenen;2012;8400;7054;864;343;521;482;220;262;329
9768;Totaal over alle leeftijden;Mannen en vrouwen;Loenen;2013;8404;6980;905;359;546;519;233;286;329
9769;Totaal over alle leeftijden;Mannen en vrouwen;Loenen;2014;8387;6914;925;365;560;548;240;308;329
9770;Totaal over alle leeftijden;Mannen en vrouwen;Loenen;2015;8291;6773;957;380;577;561;242;319;329
9771;Totaal over alle leeftijden;Mannen en vrouwen;Loenen;2016;8298;6728;992;392;600;578;242;336;329
9772;Totaal over alle leeftijden;Mannen en vrouwen;Loenen;2017;8292;6672;1020;400;620;600;246;354;329
9773;Totaal over alle leeftijden;Mannen en vrouwen;Loenen;2018;8273;6623;1025;405;620;625;242;383;329
9774;Totaal over alle leeftijden;Mannen en vrouwen;Loenen;2019;8273;6569;1065;438;627;639;239;400;329
9775;Totaal over alle leeftijden;Mannen en vrouwen;Loenen;2020;8234;6488;1080;449;631;666;251;415;329
9776;Totaal over alle leeftijden;Mannen en vrouwen;Loenen;2021;8143;6358;1095;471;624;690;265;425;329
9777;Totaal over alle leeftijden;Mannen en vrouwen;Loenen;2022;8140;6330;1115;489;626;695;262;433;329
9778;Totaal over alle leeftijden;Mannen en vrouwen;Loenen;2023;8110;6285;1124;486;638;701;264;437;329
9779;Totaal over alle leeftijden;Mannen en vrouwen;Loenen;2024;8119;6238;1152;497;655;729;281;448;329
9780;Totaal over alle leeftijden;Mannen en vrouwen;Loenen;2025;8126;6195;1197;522;675;734;279;455;329
9781;Totaal over alle leeftijden;Mannen en vrouwen;Loenen;2026;8135;6156;1235;542;693;744;281;463;329
9782;Totaal over alle leeftijden;Mannen en vrouwen;Loenen;2027;8138;6117;1238;546;692;783;291;492;329
9783;Totaal over alle leeftijden;Mannen en vrouwen;Loenen;2028;8138;6076;1261;561;700;801;294;507;329
9784;Totaal over alle leeftijden;Mannen en vrouwen;Loenen;2029;8152;6061;1265;567;698;826;307;519;329
9785;Totaal over alle leeftijden;Mannen en vrouwen;Loenen;2030;8189;6064;1291;580;711;834;297;537;329
9786;Totaal over alle leeftijden;Mannen en vrouwen;Loenen;2031;8190;6036;1311;593;718;843;295;548;329
9787;Totaal over alle leeftijden;Mannen en vrouwen;Loenen;2032;8214;6049;1307;591;716;858;306;552;329
9788;Totaal over alle leeftijden;Mannen en vrouwen;Loenen;2033;8231;6036;1313;598;715;882;306;576;329
9789;Totaal over alle leeftijden;Mannen en vrouwen;Loenen;2034;8267;6060;1320;612;708;887;298;589;329
9790;Totaal over alle leeftijden;Mannen en vrouwen;Loenen;2035;8288;6044;1345;636;709;899;301;598;329
9791;Totaal over alle leeftijden;Mannen en vrouwen;Loenen;2036;8309;6037;1335;630;705;937;321;616;329
9792;Totaal over alle leeftijden;Mannen en vrouwen;Loenen;2037;8334;6027;1342;631;711;965;329;636;329
9793;Totaal over alle leeftijden;Mannen en vrouwen;Loenen;2038;8382;6050;1344;640;704;988;335;653;329
9794;Totaal over alle leeftijden;Mannen en vrouwen;Loenen;2039;8394;6029;1355;649;706;1010;331;679;329
9795;Totaal over alle leeftijden;Mannen en vrouwen;Loenen;2040;8408;6025;1363;640;723;1020;333;687;329
9796;Totaal over alle leeftijden;Mannen en vrouwen;Loon op Zand;2010;23061;20984;1253;469;784;824;462;362;809
9797;Totaal over alle leeftijden;Mannen en vrouwen;Loon op Zand;2011;22923;20800;1255;459;796;868;479;389;809
9798;Totaal over alle leeftijden;Mannen en vrouwen;Loon op Zand;2012;22896;20710;1255;454;801;931;501;430;809
9799;Totaal over alle leeftijden;Mannen en vrouwen;Loon op Zand;2013;22808;20587;1267;463;804;954;516;438;809
9800;Totaal over alle leeftijden;Mannen en vrouwen;Loon op Zand;2014;22753;20481;1269;461;808;1003;526;477;809
9801;Totaal over alle leeftijden;Mannen en vrouwen;Loon op Zand;2015;22664;20350;1256;460;796;1058;550;508;809
9802;Totaal over alle leeftijden;Mannen en vrouwen;Loon op Zand;2016;22580;20194;1261;463;798;1125;581;544;809
9803;Totaal over alle leeftijden;Mannen en vrouwen;Loon op Zand;2017;22566;20126;1269;458;811;1171;583;588;809
9804;Totaal over alle leeftijden;Mannen en vrouwen;Loon op Zand;2018;22551;20081;1254;456;798;1216;607;609;809
9805;Totaal over alle leeftijden;Mannen en vrouwen;Loon op Zand;2019;22553;19996;1289;478;811;1268;620;648;809
9806;Totaal over alle leeftijden;Mannen en vrouwen;Loon op Zand;2020;22592;19940;1314;491;823;1338;655;683;809
9807;Totaal over alle leeftijden;Mannen en vrouwen;Loon op Zand;2021;22676;19933;1347;515;832;1396;680;716;809
9808;Totaal over alle leeftijden;Mannen en vrouwen;Loon op Zand;2022;22739;19932;1360;522;838;1447;709;738;809
9809;Totaal over alle leeftijden;Mannen en vrouwen;Loon op Zand;2023;22790;19920;1370;535;835;1500;734;766;809
9810;Totaal over alle leeftijden;Mannen en vrouwen;Loon op Zand;2024;22781;19823;1387;546;841;1571;760;811;809
9811;Totaal over alle leeftijden;Mannen en vrouwen;Loon op Zand;2025;22784;19746;1388;539;849;1650;791;859;809
9812;Totaal over alle leeftijden;Mannen en vrouwen;Loon op Zand;2026;22805;19662;1430;559;871;1713;829;884;809
9813;Totaal over alle leeftijden;Mannen en vrouwen;Loon op Zand;2027;22848;19628;1440;568;872;1780;841;939;809
9814;Totaal over alle leeftijden;Mannen en vrouwen;Loon op Zand;2028;22849;19590;1425;561;864;1834;857;977;809
9815;Totaal over alle leeftijden;Mannen en vrouwen;Loon op Zand;2029;22896;19571;1421;567;854;1904;889;1015;809
9816;Totaal over alle leeftijden;Mannen en vrouwen;Loon op Zand;2030;22982;19584;1437;582;855;1961;894;1067;809
9817;Totaal over alle leeftijden;Mannen en vrouwen;Loon op Zand;2031;23048;19566;1460;595;865;2022;921;1101;809
9818;Totaal over alle leeftijden;Mannen en vrouwen;Loon op Zand;2032;23086;19536;1474;590;884;2076;938;1138;809
9819;Totaal over alle leeftijden;Mannen en vrouwen;Loon op Zand;2033;23078;19450;1478;591;887;2150;970;1180;809
9820;Totaal over alle leeftijden;Mannen en vrouwen;Loon op Zand;2034;23048;19365;1474;587;887;2209;995;1214;809
9821;Totaal over alle leeftijden;Mannen en vrouwen;Loon op Zand;2035;23079;19352;1465;579;886;2262;1017;1245;809
9822;Totaal over alle leeftijden;Mannen en vrouwen;Loon op Zand;2036;23060;19268;1464;587;877;2328;1033;1295;809
9823;Totaal over alle leeftijden;Mannen en vrouwen;Loon op Zand;2037;23024;19192;1473;588;885;2359;1028;1331;809
9824;Totaal over alle leeftijden;Mannen en vrouwen;Loon op Zand;2038;22993;19084;1519;604;915;2390;1036;1354;809
9825;Totaal over alle leeftijden;Mannen en vrouwen;Loon op Zand;2039;22945;18980;1524;601;923;2441;1063;1378;809
9826;Totaal over alle leeftijden;Mannen en vrouwen;Loon op Zand;2040;22885;18878;1537;607;930;2470;1064;1406;809
9827;Totaal over alle leeftijden;Mannen en vrouwen;Lopik;2010;13985;12944;530;201;329;511;283;228;331
9828;Totaal over alle leeftijden;Mannen en vrouwen;Lopik;2011;13832;12762;542;210;332;528;295;233;331
9829;Totaal over alle leeftijden;Mannen en vrouwen;Lopik;2012;13689;12551;563;209;354;575;313;262;331
9830;Totaal over alle leeftijden;Mannen en vrouwen;Lopik;2013;13636;12431;594;219;375;611;336;275;331
9831;Totaal over alle leeftijden;Mannen en vrouwen;Lopik;2014;13560;12288;627;230;397;645;350;295;331
9832;Totaal over alle leeftijden;Mannen en vrouwen;Lopik;2015;13396;12057;646;242;404;693;366;327;331
9833;Totaal over alle leeftijden;Mannen en vrouwen;Lopik;2016;13249;11861;651;247;404;737;389;348;331
9834;Totaal over alle leeftijden;Mannen en vrouwen;Lopik;2017;13106;11682;662;251;411;762;411;351;331
9835;Totaal over alle leeftijden;Mannen en vrouwen;Lopik;2018;13017;11509;691;261;430;817;441;376;331
9836;Totaal over alle leeftijden;Mannen en vrouwen;Lopik;2019;12945;11381;706;274;432;858;452;406;331
9837;Totaal over alle leeftijden;Mannen en vrouwen;Lopik;2020;12939;11324;722;280;442;893;468;425;331
9838;Totaal over alle leeftijden;Mannen en vrouwen;Lopik;2021;12850;11180;748;292;456;922;478;444;331
9839;Totaal over alle leeftijden;Mannen en vrouwen;Lopik;2022;12741;11014;761;292;469;966;496;470;331
9840;Totaal over alle leeftijden;Mannen en vrouwen;Lopik;2023;12644;10832;798;292;506;1014;515;499;331
9841;Totaal over alle leeftijden;Mannen en vrouwen;Lopik;2024;12633;10742;841;311;530;1050;527;523;331
9842;Totaal over alle leeftijden;Mannen en vrouwen;Lopik;2025;12629;10668;864;318;546;1097;544;553;331
9843;Totaal over alle leeftijden;Mannen en vrouwen;Lopik;2026;12604;10572;897;335;562;1135;551;584;331
9844;Totaal over alle leeftijden;Mannen en vrouwen;Lopik;2027;12514;10476;891;331;560;1147;559;588;331
9845;Totaal over alle leeftijden;Mannen en vrouwen;Lopik;2028;12546;10427;913;338;575;1206;597;609;331
9846;Totaal over alle leeftijden;Mannen en vrouwen;Lopik;2029;12549;10378;930;341;589;1241;616;625;331
9847;Totaal over alle leeftijden;Mannen en vrouwen;Lopik;2030;12567;10339;958;343;615;1270;631;639;331
9848;Totaal over alle leeftijden;Mannen en vrouwen;Lopik;2031;12594;10316;969;344;625;1309;658;651;331
9849;Totaal over alle leeftijden;Mannen en vrouwen;Lopik;2032;12585;10274;978;349;629;1333;669;664;331
9850;Totaal over alle leeftijden;Mannen en vrouwen;Lopik;2033;12550;10196;995;348;647;1359;682;677;331
9851;Totaal over alle leeftijden;Mannen en vrouwen;Lopik;2034;12516;10100;1017;357;660;1399;695;704;331
9852;Totaal over alle leeftijden;Mannen en vrouwen;Lopik;2035;12519;10027;1065;380;685;1427;696;731;331
9853;Totaal over alle leeftijden;Mannen en vrouwen;Lopik;2036;12511;9939;1090;395;695;1482;723;759;331
9854;Totaal over alle leeftijden;Mannen en vrouwen;Lopik;2037;12498;9880;1108;409;699;1510;737;773;331
9855;Totaal over alle leeftijden;Mannen en vrouwen;Lopik;2038;12513;9826;1139;421;718;1548;750;798;331
9856;Totaal over alle leeftijden;Mannen en vrouwen;Lopik;2039;12532;9797;1171;433;738;1564;757;807;331
9857;Totaal over alle leeftijden;Mannen en vrouwen;Lopik;2040;12562;9763;1193;438;755;1606;771;835;331
9858;Totaal over alle leeftijden;Mannen en vrouwen;Loppersum;2010;10510;9767;471;176;295;272;147;125;24
9859;Totaal over alle leeftijden;Mannen en vrouwen;Loppersum;2011;10461;9664;476;178;298;321;169;152;24
9860;Totaal over alle leeftijden;Mannen en vrouwen;Loppersum;2012;10422;9583;500;190;310;339;179;160;24
9861;Totaal over alle leeftijden;Mannen en vrouwen;Loppersum;2013;10346;9462;493;189;304;391;203;188;24
9862;Totaal over alle leeftijden;Mannen en vrouwen;Loppersum;2014;10279;9345;498;198;300;436;234;202;24
9863;Totaal over alle leeftijden;Mannen en vrouwen;Loppersum;2015;10247;9261;500;197;303;486;266;220;24
9864;Totaal over alle leeftijden;Mannen en vrouwen;Loppersum;2016;10194;9161;507;203;304;526;285;241;24
9865;Totaal over alle leeftijden;Mannen en vrouwen;Loppersum;2017;10158;9053;528;209;319;577;306;271;24
9866;Totaal over alle leeftijden;Mannen en vrouwen;Loppersum;2018;10103;8968;532;215;317;603;327;276;24
9867;Totaal over alle leeftijden;Mannen en vrouwen;Loppersum;2019;10053;8883;530;212;318;640;344;296;24
9868;Totaal over alle leeftijden;Mannen en vrouwen;Loppersum;2020;9959;8756;534;220;314;669;360;309;24
9869;Totaal over alle leeftijden;Mannen en vrouwen;Loppersum;2021;9899;8659;533;222;311;707;378;329;24
9870;Totaal over alle leeftijden;Mannen en vrouwen;Loppersum;2022;9857;8579;539;228;311;739;387;352;24
9871;Totaal over alle leeftijden;Mannen en vrouwen;Loppersum;2023;9857;8527;537;225;312;793;413;380;24
9872;Totaal over alle leeftijden;Mannen en vrouwen;Loppersum;2024;9844;8477;544;230;314;823;427;396;24
9873;Totaal over alle leeftijden;Mannen en vrouwen;Loppersum;2025;9811;8454;534;222;312;823;419;404;24
9874;Totaal over alle leeftijden;Mannen en vrouwen;Loppersum;2026;9779;8394;536;227;309;849;427;422;24
9875;Totaal over alle leeftijden;Mannen en vrouwen;Loppersum;2027;9810;8378;548;234;314;884;446;438;24
9876;Totaal over alle leeftijden;Mannen en vrouwen;Loppersum;2028;9811;8356;548;235;313;907;450;457;24
9877;Totaal over alle leeftijden;Mannen en vrouwen;Loppersum;2029;9848;8351;560;235;325;937;470;467;24
9878;Totaal over alle leeftijden;Mannen en vrouwen;Loppersum;2030;9823;8265;576;236;340;982;496;486;24
9879;Totaal over alle leeftijden;Mannen en vrouwen;Loppersum;2031;9835;8248;569;233;336;1018;495;523;24
9880;Totaal over alle leeftijden;Mannen en vrouwen;Loppersum;2032;9838;8214;571;232;339;1053;509;544;24
9881;Totaal over alle leeftijden;Mannen en vrouwen;Loppersum;2033;9814;8152;573;236;337;1089;521;568;24
9882;Totaal over alle leeftijden;Mannen en vrouwen;Loppersum;2034;9837;8149;569;231;338;1119;535;584;24
9883;Totaal over alle leeftijden;Mannen en vrouwen;Loppersum;2035;9816;8103;564;226;338;1149;560;589;24
9884;Totaal over alle leeftijden;Mannen en vrouwen;Loppersum;2036;9818;8076;555;222;333;1187;577;610;24
9885;Totaal over alle leeftijden;Mannen en vrouwen;Loppersum;2037;9794;8001;571;231;340;1222;585;637;24
9886;Totaal over alle leeftijden;Mannen en vrouwen;Loppersum;2038;9804;7949;583;238;345;1272;599;673;24
9887;Totaal over alle leeftijden;Mannen en vrouwen;Loppersum;2039;9794;7901;591;243;348;1302;619;683;24
9888;Totaal over alle leeftijden;Mannen en vrouwen;Loppersum;2040;9790;7858;597;239;358;1335;633;702;24
9889;Totaal over alle leeftijden;Mannen en vrouwen;Losser;2010;22360;19028;2709;775;1934;623;358;265;168
9890;Totaal over alle leeftijden;Mannen en vrouwen;Losser;2011;22298;18890;2694;756;1938;714;386;328;168
9891;Totaal over alle leeftijden;Mannen en vrouwen;Losser;2012;22165;18686;2706;770;1936;773;398;375;168
9892;Totaal over alle leeftijden;Mannen en vrouwen;Losser;2013;22075;18551;2697;772;1925;827;420;407;168
9893;Totaal over alle leeftijden;Mannen en vrouwen;Losser;2014;22024;18437;2678;765;1913;909;454;455;168
9894;Totaal over alle leeftijden;Mannen en vrouwen;Losser;2015;22004;18332;2677;759;1918;995;485;510;168
9895;Totaal over alle leeftijden;Mannen en vrouwen;Losser;2016;21997;18220;2666;759;1907;1111;537;574;168
9896;Totaal over alle leeftijden;Mannen en vrouwen;Losser;2017;22015;18128;2674;770;1904;1213;576;637;168
9897;Totaal over alle leeftijden;Mannen en vrouwen;Losser;2018;22063;18099;2678;788;1890;1286;613;673;168
9898;Totaal over alle leeftijden;Mannen en vrouwen;Losser;2019;22097;18033;2678;785;1893;1386;653;733;168
9899;Totaal over alle leeftijden;Mannen en vrouwen;Losser;2020;22126;17984;2693;782;1911;1449;672;777;168
9900;Totaal over alle leeftijden;Mannen en vrouwen;Losser;2021;22173;17967;2688;773;1915;1518;696;822;168
9901;Totaal over alle leeftijden;Mannen en vrouwen;Losser;2022;22191;17886;2716;778;1938;1589;729;860;168
9902;Totaal over alle leeftijden;Mannen en vrouwen;Losser;2023;22229;17868;2688;770;1918;1673;762;911;168
9903;Totaal over alle leeftijden;Mannen en vrouwen;Losser;2024;22275;17833;2671;750;1921;1771;805;966;168
9904;Totaal over alle leeftijden;Mannen en vrouwen;Losser;2025;22296;17776;2668;752;1916;1852;838;1014;168
9905;Totaal over alle leeftijden;Mannen en vrouwen;Losser;2026;22355;17754;2667;761;1906;1934;877;1057;168
9906;Totaal over alle leeftijden;Mannen en vrouwen;Losser;2027;22371;17688;2658;758;1900;2025;906;1119;168
9907;Totaal over alle leeftijden;Mannen en vrouwen;Losser;2028;22386;17614;2672;769;1903;2100;927;1173;168
9908;Totaal over alle leeftijden;Mannen en vrouwen;Losser;2029;22373;17556;2647;776;1871;2170;955;1215;168
9909;Totaal over alle leeftijden;Mannen en vrouwen;Losser;2030;22419;17519;2639;776;1863;2261;992;1269;168
9910;Totaal over alle leeftijden;Mannen en vrouwen;Losser;2031;22465;17477;2633;783;1850;2355;1038;1317;168
9911;Totaal over alle leeftijden;Mannen en vrouwen;Losser;2032;22487;17456;2632;776;1856;2399;1063;1336;168
9912;Totaal over alle leeftijden;Mannen en vrouwen;Losser;2033;22490;17418;2595;757;1838;2477;1096;1381;168
9913;Totaal over alle leeftijden;Mannen en vrouwen;Losser;2034;22539;17394;2569;752;1817;2576;1136;1440;168
9914;Totaal over alle leeftijden;Mannen en vrouwen;Losser;2035;22571;17365;2549;755;1794;2657;1168;1489;168
9915;Totaal over alle leeftijden;Mannen en vrouwen;Losser;2036;22612;17264;2587;769;1818;2761;1201;1560;168
9916;Totaal over alle leeftijden;Mannen en vrouwen;Losser;2037;22658;17266;2560;761;1799;2832;1243;1589;168
9917;Totaal over alle leeftijden;Mannen en vrouwen;Losser;2038;22675;17205;2569;761;1808;2901;1278;1623;168
9918;Totaal over alle leeftijden;Mannen en vrouwen;Losser;2039;22693;17159;2568;763;1805;2966;1309;1657;168
9919;Totaal over alle leeftijden;Mannen en vrouwen;Losser;2040;22717;17084;2578;772;1806;3055;1348;1707;168
9920;Totaal over alle leeftijden;Mannen en vrouwen;Maarssen;2010;39465;32465;3189;1292;1897;3811;2103;1708;333
9921;Totaal over alle leeftijden;Mannen en vrouwen;Maarssen;2011;39569;32519;3119;1296;1823;3931;2129;1802;333
9922;Totaal over alle leeftijden;Mannen en vrouwen;Maarssen;2012;39451;32368;3021;1292;1729;4062;2151;1911;333
9923;Totaal over alle leeftijden;Mannen en vrouwen;Maarssen;2013;39577;32452;2956;1312;1644;4169;2158;2011;333
9924;Totaal over alle leeftijden;Mannen en vrouwen;Maarssen;2014;39684;32501;2910;1325;1585;4273;2172;2101;333
9925;Totaal over alle leeftijden;Mannen en vrouwen;Maarssen;2015;39786;32522;2850;1306;1544;4414;2192;2222;333
9926;Totaal over alle leeftijden;Mannen en vrouwen;Maarssen;2016;39829;32459;2845;1348;1497;4525;2193;2332;333
9927;Totaal over alle leeftijden;Mannen en vrouwen;Maarssen;2017;40094;32584;2841;1357;1484;4669;2245;2424;333
9928;Totaal over alle leeftijden;Mannen en vrouwen;Maarssen;2018;40335;32752;2819;1372;1447;4764;2271;2493;333
9929;Totaal over alle leeftijden;Mannen en vrouwen;Maarssen;2019;40564;32850;2816;1375;1441;4898;2300;2598;333
9930;Totaal over alle leeftijden;Mannen en vrouwen;Maarssen;2020;40827;32978;2825;1392;1433;5024;2311;2713;333
9931;Totaal over alle leeftijden;Mannen en vrouwen;Maarssen;2021;41075;33105;2835;1406;1429;5135;2344;2791;333
9932;Totaal over alle leeftijden;Mannen en vrouwen;Maarssen;2022;41264;33203;2824;1410;1414;5237;2373;2864;333
9933;Totaal over alle leeftijden;Mannen en vrouwen;Maarssen;2023;41489;33333;2820;1434;1386;5336;2388;2948;333
9934;Totaal over alle leeftijden;Mannen en vrouwen;Maarssen;2024;41590;33368;2833;1431;1402;5389;2390;2999;333
9935;Totaal over alle leeftijden;Mannen en vrouwen;Maarssen;2025;41669;33407;2817;1445;1372;5445;2401;3044;333
9936;Totaal over alle leeftijden;Mannen en vrouwen;Maarssen;2026;41718;33373;2840;1484;1356;5505;2401;3104;333
9937;Totaal over alle leeftijden;Mannen en vrouwen;Maarssen;2027;41904;33439;2856;1507;1349;5609;2425;3184;333
9938;Totaal over alle leeftijden;Mannen en vrouwen;Maarssen;2028;41815;33283;2866;1521;1345;5666;2430;3236;333
9939;Totaal over alle leeftijden;Mannen en vrouwen;Maarssen;2029;41762;33166;2843;1519;1324;5753;2451;3302;333
9940;Totaal over alle leeftijden;Mannen en vrouwen;Maarssen;2030;41718;33065;2820;1508;1312;5833;2482;3351;333
9941;Totaal over alle leeftijden;Mannen en vrouwen;Maarssen;2031;41552;32831;2804;1483;1321;5917;2492;3425;333
9942;Totaal over alle leeftijden;Mannen en vrouwen;Maarssen;2032;41494;32635;2870;1542;1328;5989;2494;3495;333
9943;Totaal over alle leeftijden;Mannen en vrouwen;Maarssen;2033;41483;32611;2816;1523;1293;6056;2525;3531;333
9944;Totaal over alle leeftijden;Mannen en vrouwen;Maarssen;2034;41611;32624;2848;1542;1306;6139;2515;3624;333
9945;Totaal over alle leeftijden;Mannen en vrouwen;Maarssen;2035;41813;32643;2900;1582;1318;6270;2551;3719;333
9946;Totaal over alle leeftijden;Mannen en vrouwen;Maarssen;2036;41975;32648;2913;1579;1334;6414;2580;3834;333
9947;Totaal over alle leeftijden;Mannen en vrouwen;Maarssen;2037;42078;32614;2960;1616;1344;6504;2606;3898;333
9948;Totaal over alle leeftijden;Mannen en vrouwen;Maarssen;2038;42158;32574;2978;1641;1337;6606;2642;3964;333
9949;Totaal over alle leeftijden;Mannen en vrouwen;Maarssen;2039;42327;32570;3019;1674;1345;6738;2673;4065;333
9950;Totaal over alle leeftijden;Mannen en vrouwen;Maarssen;2040;42413;32518;3023;1683;1340;6872;2695;4177;333
9951;Totaal over alle leeftijden;Mannen en vrouwen;Maasbree;2010;12919;11755;903;272;631;261;134;127;934
9952;Totaal over alle leeftijden;Mannen en vrouwen;Maasbree;2011;12903;11699;903;277;626;301;153;148;934
9953;Totaal over alle leeftijden;Mannen en vrouwen;Maasbree;2012;12875;11628;912;284;628;335;165;170;934
9954;Totaal over alle leeftijden;Mannen en vrouwen;Maasbree;2013;12891;11594;920;294;626;377;184;193;934
9955;Totaal over alle leeftijden;Mannen en vrouwen;Maasbree;2014;12986;11618;941;306;635;427;205;222;934
9956;Totaal over alle leeftijden;Mannen en vrouwen;Maasbree;2015;12971;11566;946;310;636;459;214;245;934
9957;Totaal over alle leeftijden;Mannen en vrouwen;Maasbree;2016;12912;11453;964;321;643;495;229;266;934
9958;Totaal over alle leeftijden;Mannen en vrouwen;Maasbree;2017;12941;11421;986;325;661;534;253;281;934
9959;Totaal over alle leeftijden;Mannen en vrouwen;Maasbree;2018;12935;11373;998;336;662;564;263;301;934
9960;Totaal over alle leeftijden;Mannen en vrouwen;Maasbree;2019;12944;11320;1015;346;669;609;285;324;934
9961;Totaal over alle leeftijden;Mannen en vrouwen;Maasbree;2020;13048;11338;1050;363;687;660;306;354;934
9962;Totaal over alle leeftijden;Mannen en vrouwen;Maasbree;2021;13069;11282;1061;369;692;726;340;386;934
9963;Totaal over alle leeftijden;Mannen en vrouwen;Maasbree;2022;13111;11228;1094;391;703;789;366;423;934
9964;Totaal over alle leeftijden;Mannen en vrouwen;Maasbree;2023;13162;11228;1095;400;695;839;388;451;934
9965;Totaal over alle leeftijden;Mannen en vrouwen;Maasbree;2024;13166;11167;1110;406;704;889;413;476;934
9966;Totaal over alle leeftijden;Mannen en vrouwen;Maasbree;2025;13243;11157;1146;429;717;940;438;502;934
9967;Totaal over alle leeftijden;Mannen en vrouwen;Maasbree;2026;13395;11208;1194;450;744;993;459;534;934
9968;Totaal over alle leeftijden;Mannen en vrouwen;Maasbree;2027;13394;11148;1207;459;748;1039;471;568;934
9969;Totaal over alle leeftijden;Mannen en vrouwen;Maasbree;2028;13534;11214;1232;478;754;1088;498;590;934
9970;Totaal over alle leeftijden;Mannen en vrouwen;Maasbree;2029;13607;11212;1254;493;761;1141;529;612;934
9971;Totaal over alle leeftijden;Mannen en vrouwen;Maasbree;2030;13645;11204;1251;493;758;1190;545;645;934
9972;Totaal over alle leeftijden;Mannen en vrouwen;Maasbree;2031;13637;11134;1277;505;772;1226;560;666;934
9973;Totaal over alle leeftijden;Mannen en vrouwen;Maasbree;2032;13682;11128;1283;507;776;1271;571;700;934
9974;Totaal over alle leeftijden;Mannen en vrouwen;Maasbree;2033;13685;11096;1285;508;777;1304;596;708;934
9975;Totaal over alle leeftijden;Mannen en vrouwen;Maasbree;2034;13703;11044;1294;518;776;1365;625;740;934
9976;Totaal over alle leeftijden;Mannen en vrouwen;Maasbree;2035;13820;11118;1300;518;782;1402;642;760;934
9977;Totaal over alle leeftijden;Mannen en vrouwen;Maasbree;2036;13835;11074;1319;528;791;1442;650;792;934
9978;Totaal over alle leeftijden;Mannen en vrouwen;Maasbree;2037;13854;11042;1340;541;799;1472;664;808;934
9979;Totaal over alle leeftijden;Mannen en vrouwen;Maasbree;2038;13976;11079;1376;557;819;1521;689;832;934
9980;Totaal over alle leeftijden;Mannen en vrouwen;Maasbree;2039;14026;11067;1390;564;826;1569;712;857;934
9981;Totaal over alle leeftijden;Mannen en vrouwen;Maasbree;2040;14061;11027;1412;588;824;1622;736;886;934
9982;Totaal over alle leeftijden;Mannen en vrouwen;Maasdonk;2010;11260;10661;368;151;217;231;138;93;1671
9983;Totaal over alle leeftijden;Mannen en vrouwen;Maasdonk;2011;11225;10588;379;150;229;258;150;108;1671
9984;Totaal over alle leeftijden;Mannen en vrouwen;Maasdonk;2012;11195;10497;387;153;234;311;178;133;1671
9985;Totaal over alle leeftijden;Mannen en vrouwen;Maasdonk;2013;11155;10401;407;163;244;347;192;155;1671
9986;Totaal over alle leeftijden;Mannen en vrouwen;Maasdonk;2014;11065;10276;417;167;250;372;196;176;1671
9987;Totaal over alle leeftijden;Mannen en vrouwen;Maasdonk;2015;11024;10165;440;181;259;419;214;205;1671
9988;Totaal over alle leeftijden;Mannen en vrouwen;Maasdonk;2016;11019;10096;473;195;278;450;221;229;1671
9989;Totaal over alle leeftijden;Mannen en vrouwen;Maasdonk;2017;11059;10077;494;214;280;488;239;249;1671
9990;Totaal over alle leeftijden;Mannen en vrouwen;Maasdonk;2018;11032;9995;526;225;301;511;235;276;1671
9991;Totaal over alle leeftijden;Mannen en vrouwen;Maasdonk;2019;11036;9931;551;234;317;554;258;296;1671
9992;Totaal over alle leeftijden;Mannen en vrouwen;Maasdonk;2020;10994;9842;566;238;328;586;271;315;1671
9993;Totaal over alle leeftijden;Mannen en vrouwen;Maasdonk;2021;11055;9851;593;267;326;611;283;328;1671
9994;Totaal over alle leeftijden;Mannen en vrouwen;Maasdonk;2022;11062;9807;608;278;330;647;302;345;1671
9995;Totaal over alle leeftijden;Mannen en vrouwen;Maasdonk;2023;11075;9757;629;293;336;689;321;368;1671
9996;Totaal over alle leeftijden;Mannen en vrouwen;Maasdonk;2024;11082;9688;652;303;349;742;346;396;1671
9997;Totaal over alle leeftijden;Mannen en vrouwen;Maasdonk;2025;11147;9711;679;317;362;757;346;411;1671
9998;Totaal over alle leeftijden;Mannen en vrouwen;Maasdonk;2026;11158;9675;680;321;359;803;366;437;1671
9999;Totaal over alle leeftijden;Mannen en vrouwen;Maasdonk;2027;11188;9651;687;328;359;850;377;473;1671
