ID;Geboorteland;Leeftijd;Perioden;TotaalAdoptiesExclPartneradopties_1;GeadopteerdeMeisjes_2;GeadopteerdeJongens_3
0;0;Alle leeftijden;1995;730;389;341
1;0;Alle leeftijden;1996;841;450;391
2;0;Alle leeftijden;1997;740;394;346
3;0;Alle leeftijden;1998;920;520;400
4;0;Alle leeftijden;1999;1006;608;398
5;0;Alle leeftijden;2000;1199;773;426
6;0;Alle leeftijden;2001;1113;694;419
7;0;Alle leeftijden;2002;1160;761;399
8;0;Alle leeftijden;2003;1211;776;435
9;0;Alle leeftijden;2004;1378;972;406
10;0;Alle leeftijden;2005;1250;831;419
11;0;Alle leeftijden;2006;881;519;362
12;0;Alle leeftijden;2007;828;469;359
13;0;Alle leeftijden;2008;809;422;387
14;0;Alle leeftijden;2009;720;313;407
15;0;Alle leeftijden;2010;720;269;451
16;0;Alle leeftijden;2011;563;193;370
17;0;Alle leeftijden;2012;532;196;336
18;0;0 jaar;1995;300;178;122
19;0;0 jaar;1996;287;177;110
20;0;0 jaar;1997;258;137;121
21;0;0 jaar;1998;316;173;143
22;0;0 jaar;1999;352;203;149
23;0;0 jaar;2000;497;330;167
24;0;0 jaar;2001;387;229;158
25;0;0 jaar;2002;367;227;140
26;0;0 jaar;2003;364;223;141
27;0;0 jaar;2004;267;176;91
28;0;0 jaar;2005;275;172;103
29;0;0 jaar;2006;231;137;94
30;0;0 jaar;2007;181;108;73
31;0;0 jaar;2008;147;68;79
32;0;0 jaar;2009;105;55;50
33;0;0 jaar;2010;81;34;47
34;0;0 jaar;2011;100;39;61
35;0;0 jaar;2012;82;40;42
36;0;1 jaar;1995;148;78;70
37;0;1 jaar;1996;178;86;92
38;0;1 jaar;1997;178;99;79
39;0;1 jaar;1998;234;154;80
40;0;1 jaar;1999;251;187;64
41;0;1 jaar;2000;280;192;88
42;0;1 jaar;2001;409;291;118
43;0;1 jaar;2002;399;295;104
44;0;1 jaar;2003;389;282;107
45;0;1 jaar;2004;586;488;98
46;0;1 jaar;2005;510;416;94
47;0;1 jaar;2006;250;170;80
48;0;1 jaar;2007;228;142;86
49;0;1 jaar;2008;192;118;74
50;0;1 jaar;2009;173;69;104
51;0;1 jaar;2010;196;62;134
52;0;1 jaar;2011;103;32;71
53;0;1 jaar;2012;137;40;97
54;0;2 jaar;1995;89;43;46
55;0;2 jaar;1996;106;56;50
56;0;2 jaar;1997;104;50;54
57;0;2 jaar;1998;128;76;52
58;0;2 jaar;1999;158;93;65
59;0;2 jaar;2000;167;104;63
60;0;2 jaar;2001;141;88;53
61;0;2 jaar;2002;195;136;59
62;0;2 jaar;2003;234;152;82
63;0;2 jaar;2004;235;154;81
64;0;2 jaar;2005;211;130;81
65;0;2 jaar;2006;188;110;78
66;0;2 jaar;2007;166;83;83
67;0;2 jaar;2008;187;96;91
68;0;2 jaar;2009;163;61;102
69;0;2 jaar;2010;169;64;105
70;0;2 jaar;2011;130;35;95
71;0;2 jaar;2012;106;34;72
72;0;3 jaar;1995;71;37;34
73;0;3 jaar;1996;87;43;44
74;0;3 jaar;1997;69;35;34
75;0;3 jaar;1998;71;34;37
76;0;3 jaar;1999;93;46;47
77;0;3 jaar;2000;112;73;39
78;0;3 jaar;2001;78;40;38
79;0;3 jaar;2002;78;36;42
80;0;3 jaar;2003;96;55;41
81;0;3 jaar;2004;114;60;54
82;0;3 jaar;2005;93;38;55
83;0;3 jaar;2006;75;40;35
84;0;3 jaar;2007;102;53;49
85;0;3 jaar;2008;94;41;53
86;0;3 jaar;2009;109;49;60
87;0;3 jaar;2010;131;44;87
88;0;3 jaar;2011;96;31;65
89;0;3 jaar;2012;66;16;50
90;0;4 jaar;1995;43;18;25
91;0;4 jaar;1996;55;24;31
92;0;4 jaar;1997;47;24;23
93;0;4 jaar;1998;61;30;31
94;0;4 jaar;1999;59;31;28
95;0;4 jaar;2000;56;30;26
96;0;4 jaar;2001;33;16;17
97;0;4 jaar;2002;53;30;23
98;0;4 jaar;2003;59;32;27
99;0;4 jaar;2004;64;34;30
100;0;4 jaar;2005;52;19;33
101;0;4 jaar;2006;43;19;24
102;0;4 jaar;2007;48;26;22
103;0;4 jaar;2008;64;37;27
104;0;4 jaar;2009;59;27;32
105;0;4 jaar;2010;68;28;40
106;0;4 jaar;2011;42;10;32
107;0;4 jaar;2012;55;22;33
108;0;5 jaar;1995;17;6;11
109;0;5 jaar;1996;47;19;28
110;0;5 jaar;1997;39;19;20
111;0;5 jaar;1998;47;23;24
112;0;5 jaar;1999;41;19;22
113;0;5 jaar;2000;29;14;15
114;0;5 jaar;2001;19;10;9
115;0;5 jaar;2002;41;23;18
116;0;5 jaar;2003;35;12;23
117;0;5 jaar;2004;50;26;24
118;0;5 jaar;2005;51;22;29
119;0;5 jaar;2006;40;18;22
120;0;5 jaar;2007;52;24;28
121;0;5 jaar;2008;51;21;30
122;0;5 jaar;2009;42;18;24
123;0;5 jaar;2010;31;13;18
124;0;5 jaar;2011;42;20;22
125;0;5 jaar;2012;46;22;24
126;0;6 jaar of ouder;1995;62;29;33
127;0;6 jaar of ouder;1996;81;45;36
128;0;6 jaar of ouder;1997;45;30;15
129;0;6 jaar of ouder;1998;63;30;33
130;0;6 jaar of ouder;1999;52;29;23
131;0;6 jaar of ouder;2000;58;30;28
132;0;6 jaar of ouder;2001;46;20;26
133;0;6 jaar of ouder;2002;27;14;13
134;0;6 jaar of ouder;2003;34;20;14
135;0;6 jaar of ouder;2004;62;34;28
136;0;6 jaar of ouder;2005;58;34;24
137;0;6 jaar of ouder;2006;54;25;29
138;0;6 jaar of ouder;2007;51;33;18
139;0;6 jaar of ouder;2008;74;41;33
140;0;6 jaar of ouder;2009;69;34;35
141;0;6 jaar of ouder;2010;44;24;20
142;0;6 jaar of ouder;2011;50;26;24
143;0;6 jaar of ouder;2012;40;22;18
144;1;Alle leeftijden;1995;123;118;5
145;1;Alle leeftijden;1996;120;110;10
146;1;Alle leeftijden;1997;102;88;14
147;1;Alle leeftijden;1998;207;193;14
148;1;Alle leeftijden;1999;259;253;6
149;1;Alle leeftijden;2000;448;427;21
150;1;Alle leeftijden;2001;442;409;33
151;1;Alle leeftijden;2002;506;446;60
152;1;Alle leeftijden;2003;564;479;85
153;1;Alle leeftijden;2004;787;696;91
154;1;Alle leeftijden;2005;654;582;72
155;1;Alle leeftijden;2006;389;315;74
156;1;Alle leeftijden;2007;367;264;103
157;1;Alle leeftijden;2008;295;182;113
158;1;Alle leeftijden;2009;273;120;153
159;1;Alle leeftijden;2010;317;107;210
160;1;Alle leeftijden;2011;182;38;144
161;1;Alle leeftijden;2012;187;40;147
162;1;0 jaar;1995;67;64;3
163;1;0 jaar;1996;80;76;4
164;1;0 jaar;1997;18;14;4
165;1;0 jaar;1998;57;50;7
166;1;0 jaar;1999;65;62;3
167;1;0 jaar;2000;204;198;6
168;1;0 jaar;2001;109;105;4
169;1;0 jaar;2002;116;108;8
170;1;0 jaar;2003;120;111;9
171;1;0 jaar;2004;107;101;6
172;1;0 jaar;2005;100;99;1
173;1;0 jaar;2006;77;73;4
174;1;0 jaar;2007;57;50;7
175;1;0 jaar;2008;13;11;2
176;1;0 jaar;2009;15;11;4
177;1;0 jaar;2010;6;4;2
178;1;0 jaar;2011;4;1;3
179;1;0 jaar;2012;4;1;3
180;1;1 jaar;1995;28;26;2
181;1;1 jaar;1996;18;15;3
182;1;1 jaar;1997;55;53;2
183;1;1 jaar;1998;93;90;3
184;1;1 jaar;1999;117;116;1
185;1;1 jaar;2000;137;131;6
186;1;1 jaar;2001;230;213;17
187;1;1 jaar;2002;241;220;21
188;1;1 jaar;2003;264;231;33
189;1;1 jaar;2004;473;436;37
190;1;1 jaar;2005;391;365;26
191;1;1 jaar;2006;163;138;25
192;1;1 jaar;2007;152;113;39
193;1;1 jaar;2008;127;88;39
194;1;1 jaar;2009;94;41;53
195;1;1 jaar;2010;120;34;86
196;1;1 jaar;2011;43;6;37
197;1;1 jaar;2012;70;13;57
198;1;2 jaar;1995;10;10;0
199;1;2 jaar;1996;8;8;0
200;1;2 jaar;1997;13;11;2
201;1;2 jaar;1998;33;30;3
202;1;2 jaar;1999;55;54;1
203;1;2 jaar;2000;60;54;6
204;1;2 jaar;2001;69;66;3
205;1;2 jaar;2002;103;87;16
206;1;2 jaar;2003;127;101;26
207;1;2 jaar;2004;139;110;29
208;1;2 jaar;2005;115;88;27
209;1;2 jaar;2006;101;75;26
210;1;2 jaar;2007;84;53;31
211;1;2 jaar;2008;97;55;42
212;1;2 jaar;2009;89;31;58
213;1;2 jaar;2010;108;35;73
214;1;2 jaar;2011;68;17;51
215;1;2 jaar;2012;55;14;41
216;1;3 jaar;1995;13;13;0
217;1;3 jaar;1996;7;7;0
218;1;3 jaar;1997;11;7;4
219;1;3 jaar;1998;13;13;0
220;1;3 jaar;1999;14;14;0
221;1;3 jaar;2000;41;38;3
222;1;3 jaar;2001;23;18;5
223;1;3 jaar;2002;25;17;8
224;1;3 jaar;2003;36;25;11
225;1;3 jaar;2004;53;41;12
226;1;3 jaar;2005;29;20;9
227;1;3 jaar;2006;34;21;13
228;1;3 jaar;2007;49;31;18
229;1;3 jaar;2008;30;13;17
230;1;3 jaar;2009;47;21;26
231;1;3 jaar;2010;56;23;33
232;1;3 jaar;2011;47;10;37
233;1;3 jaar;2012;34;3;31
234;1;4 jaar;1995;4;4;0
235;1;4 jaar;1996;6;3;3
236;1;4 jaar;1997;2;1;1
237;1;4 jaar;1998;7;7;0
238;1;4 jaar;1999;2;2;0
239;1;4 jaar;2000;2;2;0
240;1;4 jaar;2001;7;5;2
241;1;4 jaar;2002;9;8;1
242;1;4 jaar;2003;11;7;4
243;1;4 jaar;2004;13;7;6
244;1;4 jaar;2005;13;6;7
245;1;4 jaar;2006;9;5;4
246;1;4 jaar;2007;17;12;5
247;1;4 jaar;2008;19;10;9
248;1;4 jaar;2009;16;7;9
249;1;4 jaar;2010;20;6;14
250;1;4 jaar;2011;8;0;8
251;1;4 jaar;2012;15;4;11
252;1;5 jaar;1995;0;0;0
253;1;5 jaar;1996;0;0;0
254;1;5 jaar;1997;3;2;1
255;1;5 jaar;1998;4;3;1
256;1;5 jaar;1999;4;4;0
257;1;5 jaar;2000;1;1;0
258;1;5 jaar;2001;4;2;2
259;1;5 jaar;2002;12;6;6
260;1;5 jaar;2003;4;2;2
261;1;5 jaar;2004;2;1;1
262;1;5 jaar;2005;3;2;1
263;1;5 jaar;2006;2;0;2
264;1;5 jaar;2007;5;3;2
265;1;5 jaar;2008;6;3;3
266;1;5 jaar;2009;4;2;2
267;1;5 jaar;2010;2;1;1
268;1;5 jaar;2011;6;0;6
269;1;5 jaar;2012;6;3;3
270;1;6 jaar of ouder;1995;1;1;0
271;1;6 jaar of ouder;1996;1;1;0
272;1;6 jaar of ouder;1997;0;0;0
273;1;6 jaar of ouder;1998;0;0;0
274;1;6 jaar of ouder;1999;2;1;1
275;1;6 jaar of ouder;2000;3;3;0
276;1;6 jaar of ouder;2001;0;0;0
277;1;6 jaar of ouder;2002;0;0;0
278;1;6 jaar of ouder;2003;2;2;0
279;1;6 jaar of ouder;2004;0;0;0
280;1;6 jaar of ouder;2005;3;2;1
281;1;6 jaar of ouder;2006;3;3;0
282;1;6 jaar of ouder;2007;3;2;1
283;1;6 jaar of ouder;2008;3;2;1
284;1;6 jaar of ouder;2009;8;7;1
285;1;6 jaar of ouder;2010;5;4;1
286;1;6 jaar of ouder;2011;6;4;2
287;1;6 jaar of ouder;2012;3;2;1
288;2;Alle leeftijden;1995;148;53;95
289;2;Alle leeftijden;1996;151;70;81
290;2;Alle leeftijden;1997;147;73;74
291;2;Alle leeftijden;1998;165;69;96
292;2;Alle leeftijden;1999;162;71;91
293;2;Alle leeftijden;2000;189;91;98
294;2;Alle leeftijden;2001;132;52;80
295;2;Alle leeftijden;2002;177;78;99
296;2;Alle leeftijden;2003;160;72;88
297;2;Alle leeftijden;2004;105;49;56
298;2;Alle leeftijden;2005;82;33;49
299;2;Alle leeftijden;2006;70;28;42
300;2;Alle leeftijden;2007;37;14;23
301;2;Alle leeftijden;2008;43;23;20
302;2;Alle leeftijden;2009;35;17;18
303;2;Alle leeftijden;2010;11;4;7
304;2;Alle leeftijden;2011;18;6;12
305;2;Alle leeftijden;2012;7;2;5
306;2;0 jaar;1995;69;25;44
307;2;0 jaar;1996;57;27;30
308;2;0 jaar;1997;77;44;33
309;2;0 jaar;1998;81;38;43
310;2;0 jaar;1999;70;31;39
311;2;0 jaar;2000;74;34;40
312;2;0 jaar;2001;61;22;39
313;2;0 jaar;2002;86;38;48
314;2;0 jaar;2003;60;27;33
315;2;0 jaar;2004;31;14;17
316;2;0 jaar;2005;19;8;11
317;2;0 jaar;2006;17;8;9
318;2;0 jaar;2007;8;3;5
319;2;0 jaar;2008;6;2;4
320;2;0 jaar;2009;7;4;3
321;2;0 jaar;2010;1;1;0
322;2;0 jaar;2011;2;1;1
323;2;0 jaar;2012;0;0;0
324;2;1 jaar;1995;28;8;20
325;2;1 jaar;1996;33;15;18
326;2;1 jaar;1997;16;5;11
327;2;1 jaar;1998;24;11;13
328;2;1 jaar;1999;21;11;10
329;2;1 jaar;2000;27;11;16
330;2;1 jaar;2001;33;13;20
331;2;1 jaar;2002;39;17;22
332;2;1 jaar;2003;29;12;17
333;2;1 jaar;2004;21;12;9
334;2;1 jaar;2005;17;3;14
335;2;1 jaar;2006;15;4;11
336;2;1 jaar;2007;4;0;4
337;2;1 jaar;2008;10;4;6
338;2;1 jaar;2009;7;2;5
339;2;1 jaar;2010;5;0;5
340;2;1 jaar;2011;5;2;3
341;2;1 jaar;2012;0;0;0
342;2;2 jaar;1995;17;9;8
343;2;2 jaar;1996;18;8;10
344;2;2 jaar;1997;18;4;14
345;2;2 jaar;1998;17;4;13
346;2;2 jaar;1999;22;5;17
347;2;2 jaar;2000;33;14;19
348;2;2 jaar;2001;13;6;7
349;2;2 jaar;2002;19;12;7
350;2;2 jaar;2003;33;17;16
351;2;2 jaar;2004;15;4;11
352;2;2 jaar;2005;8;3;5
353;2;2 jaar;2006;12;5;7
354;2;2 jaar;2007;7;3;4
355;2;2 jaar;2008;9;6;3
356;2;2 jaar;2009;4;3;1
357;2;2 jaar;2010;1;1;0
358;2;2 jaar;2011;2;0;2
359;2;2 jaar;2012;3;1;2
360;2;3 jaar;1995;15;7;8
361;2;3 jaar;1996;11;6;5
362;2;3 jaar;1997;14;8;6
363;2;3 jaar;1998;14;3;11
364;2;3 jaar;1999;17;8;9
365;2;3 jaar;2000;15;9;6
366;2;3 jaar;2001;9;2;7
367;2;3 jaar;2002;15;3;12
368;2;3 jaar;2003;16;9;7
369;2;3 jaar;2004;13;4;9
370;2;3 jaar;2005;12;3;9
371;2;3 jaar;2006;12;6;6
372;2;3 jaar;2007;8;4;4
373;2;3 jaar;2008;7;2;5
374;2;3 jaar;2009;4;3;1
375;2;3 jaar;2010;2;0;2
376;2;3 jaar;2011;1;0;1
377;2;3 jaar;2012;1;1;0
378;2;4 jaar;1995;9;1;8
379;2;4 jaar;1996;11;4;7
380;2;4 jaar;1997;9;3;6
381;2;4 jaar;1998;12;5;7
382;2;4 jaar;1999;13;7;6
383;2;4 jaar;2000;15;10;5
384;2;4 jaar;2001;6;4;2
385;2;4 jaar;2002;10;4;6
386;2;4 jaar;2003;12;5;7
387;2;4 jaar;2004;13;8;5
388;2;4 jaar;2005;8;4;4
389;2;4 jaar;2006;7;3;4
390;2;4 jaar;2007;5;2;3
391;2;4 jaar;2008;7;5;2
392;2;4 jaar;2009;5;1;4
393;2;4 jaar;2010;0;0;0
394;2;4 jaar;2011;2;1;1
395;2;4 jaar;2012;2;0;2
396;2;5 jaar;1995;3;0;3
397;2;5 jaar;1996;11;6;5
398;2;5 jaar;1997;10;7;3
399;2;5 jaar;1998;7;2;5
400;2;5 jaar;1999;10;3;7
401;2;5 jaar;2000;11;7;4
402;2;5 jaar;2001;3;2;1
403;2;5 jaar;2002;3;3;0
404;2;5 jaar;2003;7;1;6
405;2;5 jaar;2004;6;4;2
406;2;5 jaar;2005;9;7;2
407;2;5 jaar;2006;4;1;3
408;2;5 jaar;2007;4;2;2
409;2;5 jaar;2008;1;1;0
410;2;5 jaar;2009;2;1;1
411;2;5 jaar;2010;0;0;0
412;2;5 jaar;2011;3;1;2
413;2;5 jaar;2012;0;0;0
414;2;6 jaar of ouder;1995;7;3;4
415;2;6 jaar of ouder;1996;10;4;6
416;2;6 jaar of ouder;1997;3;2;1
417;2;6 jaar of ouder;1998;10;6;4
418;2;6 jaar of ouder;1999;9;6;3
419;2;6 jaar of ouder;2000;14;6;8
420;2;6 jaar of ouder;2001;7;3;4
421;2;6 jaar of ouder;2002;5;1;4
422;2;6 jaar of ouder;2003;3;1;2
423;2;6 jaar of ouder;2004;6;3;3
424;2;6 jaar of ouder;2005;9;5;4
425;2;6 jaar of ouder;2006;3;1;2
426;2;6 jaar of ouder;2007;1;0;1
427;2;6 jaar of ouder;2008;3;3;0
428;2;6 jaar of ouder;2009;6;3;3
429;2;6 jaar of ouder;2010;2;2;0
430;2;6 jaar of ouder;2011;3;1;2
431;2;6 jaar of ouder;2012;1;0;1
432;3;Alle leeftijden;1995;41;22;19
433;3;Alle leeftijden;1996;50;26;24
434;3;Alle leeftijden;1997;56;28;28
435;3;Alle leeftijden;1998;41;16;25
436;3;Alle leeftijden;1999;41;9;32
437;3;Alle leeftijden;2000;61;18;43
438;3;Alle leeftijden;2001;39;15;24
439;3;Alle leeftijden;2002;47;21;26
440;3;Alle leeftijden;2003;36;10;26
441;3;Alle leeftijden;2004;79;30;49
442;3;Alle leeftijden;2005;82;36;46
443;3;Alle leeftijden;2006;47;24;23
444;3;Alle leeftijden;2007;67;24;43
445;3;Alle leeftijden;2008;63;34;29
446;3;Alle leeftijden;2009;37;13;24
447;3;Alle leeftijden;2010;16;5;11
448;3;Alle leeftijden;2011;24;9;15
449;3;Alle leeftijden;2012;16;5;11
450;3;0 jaar;1995;19;10;9
451;3;0 jaar;1996;30;14;16
452;3;0 jaar;1997;36;18;18
453;3;0 jaar;1998;26;10;16
454;3;0 jaar;1999;18;4;14
455;3;0 jaar;2000;31;11;20
456;3;0 jaar;2001;15;6;9
457;3;0 jaar;2002;24;14;10
458;3;0 jaar;2003;20;6;14
459;3;0 jaar;2004;30;13;17
460;3;0 jaar;2005;26;13;13
461;3;0 jaar;2006;18;9;9
462;3;0 jaar;2007;20;7;13
463;3;0 jaar;2008;24;13;11
464;3;0 jaar;2009;10;6;4
465;3;0 jaar;2010;3;1;2
466;3;0 jaar;2011;4;3;1
467;3;0 jaar;2012;6;3;3
468;3;1 jaar;1995;10;6;4
469;3;1 jaar;1996;10;6;4
470;3;1 jaar;1997;8;2;6
471;3;1 jaar;1998;6;3;3
472;3;1 jaar;1999;12;5;7
473;3;1 jaar;2000;13;0;13
474;3;1 jaar;2001;13;4;9
475;3;1 jaar;2002;10;3;7
476;3;1 jaar;2003;8;1;7
477;3;1 jaar;2004;18;5;13
478;3;1 jaar;2005;20;11;9
479;3;1 jaar;2006;9;3;6
480;3;1 jaar;2007;15;7;8
481;3;1 jaar;2008;9;5;4
482;3;1 jaar;2009;10;2;8
483;3;1 jaar;2010;8;2;6
484;3;1 jaar;2011;6;2;4
485;3;1 jaar;2012;5;2;3
486;3;2 jaar;1995;5;1;4
487;3;2 jaar;1996;4;3;1
488;3;2 jaar;1997;7;4;3
489;3;2 jaar;1998;2;0;2
490;3;2 jaar;1999;4;0;4
491;3;2 jaar;2000;4;1;3
492;3;2 jaar;2001;2;0;2
493;3;2 jaar;2002;5;2;3
494;3;2 jaar;2003;2;1;1
495;3;2 jaar;2004;10;3;7
496;3;2 jaar;2005;11;2;9
497;3;2 jaar;2006;5;3;2
498;3;2 jaar;2007;9;1;8
499;3;2 jaar;2008;5;2;3
500;3;2 jaar;2009;2;2;0
501;3;2 jaar;2010;0;0;0
502;3;2 jaar;2011;2;0;2
503;3;2 jaar;2012;0;0;0
504;3;3 jaar;1995;3;2;1
505;3;3 jaar;1996;2;1;1
506;3;3 jaar;1997;2;2;0
507;3;3 jaar;1998;1;0;1
508;3;3 jaar;1999;5;0;5
509;3;3 jaar;2000;5;3;2
510;3;3 jaar;2001;5;2;3
511;3;3 jaar;2002;3;0;3
512;3;3 jaar;2003;2;1;1
513;3;3 jaar;2004;9;2;7
514;3;3 jaar;2005;9;5;4
515;3;3 jaar;2006;4;4;0
516;3;3 jaar;2007;9;2;7
517;3;3 jaar;2008;3;3;0
518;3;3 jaar;2009;3;0;3
519;3;3 jaar;2010;2;1;1
520;3;3 jaar;2011;6;2;4
521;3;3 jaar;2012;0;0;0
522;3;4 jaar;1995;3;2;1
523;3;4 jaar;1996;3;1;2
524;3;4 jaar;1997;3;2;1
525;3;4 jaar;1998;4;1;3
526;3;4 jaar;1999;1;0;1
527;3;4 jaar;2000;5;2;3
528;3;4 jaar;2001;2;1;1
529;3;4 jaar;2002;2;1;1
530;3;4 jaar;2003;2;1;1
531;3;4 jaar;2004;1;1;0
532;3;4 jaar;2005;3;0;3
533;3;4 jaar;2006;2;0;2
534;3;4 jaar;2007;5;2;3
535;3;4 jaar;2008;5;3;2
536;3;4 jaar;2009;3;0;3
537;3;4 jaar;2010;1;0;1
538;3;4 jaar;2011;2;0;2
539;3;4 jaar;2012;2;0;2
540;3;5 jaar;1995;0;0;0
541;3;5 jaar;1996;0;0;0
542;3;5 jaar;1997;0;0;0
543;3;5 jaar;1998;1;1;0
544;3;5 jaar;1999;0;0;0
545;3;5 jaar;2000;1;0;1
546;3;5 jaar;2001;2;2;0
547;3;5 jaar;2002;2;1;1
548;3;5 jaar;2003;1;0;1
549;3;5 jaar;2004;4;1;3
550;3;5 jaar;2005;6;0;6
551;3;5 jaar;2006;7;3;4
552;3;5 jaar;2007;6;3;3
553;3;5 jaar;2008;6;2;4
554;3;5 jaar;2009;2;2;0
555;3;5 jaar;2010;1;1;0
556;3;5 jaar;2011;3;2;1
557;3;5 jaar;2012;1;0;1
558;3;6 jaar of ouder;1995;1;1;0
559;3;6 jaar of ouder;1996;1;1;0
560;3;6 jaar of ouder;1997;0;0;0
561;3;6 jaar of ouder;1998;1;1;0
562;3;6 jaar of ouder;1999;1;0;1
563;3;6 jaar of ouder;2000;2;1;1
564;3;6 jaar of ouder;2001;0;0;0
565;3;6 jaar of ouder;2002;1;0;1
566;3;6 jaar of ouder;2003;1;0;1
567;3;6 jaar of ouder;2004;7;5;2
568;3;6 jaar of ouder;2005;7;5;2
569;3;6 jaar of ouder;2006;2;2;0
570;3;6 jaar of ouder;2007;3;2;1
571;3;6 jaar of ouder;2008;11;6;5
572;3;6 jaar of ouder;2009;7;1;6
573;3;6 jaar of ouder;2010;1;0;1
574;3;6 jaar of ouder;2011;1;0;1
575;3;6 jaar of ouder;2012;2;0;2
576;4;Alle leeftijden;1995;17;10;7
577;4;Alle leeftijden;1996;27;11;16
578;4;Alle leeftijden;1997;10;6;4
579;4;Alle leeftijden;1998;31;14;17
580;4;Alle leeftijden;1999;58;27;31
581;4;Alle leeftijden;2000;53;19;34
582;4;Alle leeftijden;2001;74;26;48
583;4;Alle leeftijden;2002;73;36;37
584;4;Alle leeftijden;2003;65;34;31
585;4;Alle leeftijden;2004;53;24;29
586;4;Alle leeftijden;2005;49;21;28
587;4;Alle leeftijden;2006;39;15;24
588;4;Alle leeftijden;2007;30;13;17
589;4;Alle leeftijden;2008;78;39;39
590;4;Alle leeftijden;2009;56;30;26
591;4;Alle leeftijden;2010;106;37;69
592;4;Alle leeftijden;2011;0;0;0
593;4;Alle leeftijden;2012;0;0;0
594;4;0 jaar;1995;1;1;0
595;4;0 jaar;1996;0;0;0
596;4;0 jaar;1997;0;0;0
597;4;0 jaar;1998;3;1;2
598;4;0 jaar;1999;8;4;4
599;4;0 jaar;2000;12;7;5
600;4;0 jaar;2001;9;6;3
601;4;0 jaar;2002;6;3;3
602;4;0 jaar;2003;4;2;2
603;4;0 jaar;2004;2;0;2
604;4;0 jaar;2005;0;0;0
605;4;0 jaar;2006;0;0;0
606;4;0 jaar;2007;0;0;0
607;4;0 jaar;2008;0;0;0
608;4;0 jaar;2009;0;0;0
609;4;0 jaar;2010;3;0;3
610;4;0 jaar;2011;0;0;0
611;4;0 jaar;2012;0;0;0
612;4;1 jaar;1995;4;4;0
613;4;1 jaar;1996;11;7;4
614;4;1 jaar;1997;1;0;1
615;4;1 jaar;1998;5;1;4
616;4;1 jaar;1999;8;3;5
617;4;1 jaar;2000;12;3;9
618;4;1 jaar;2001;22;7;15
619;4;1 jaar;2002;20;10;10
620;4;1 jaar;2003;16;6;10
621;4;1 jaar;2004;10;5;5
622;4;1 jaar;2005;7;2;5
623;4;1 jaar;2006;3;1;2
624;4;1 jaar;2007;2;0;2
625;4;1 jaar;2008;3;0;3
626;4;1 jaar;2009;2;1;1
627;4;1 jaar;2010;9;3;6
628;4;1 jaar;2011;0;0;0
629;4;1 jaar;2012;0;0;0
630;4;2 jaar;1995;4;1;3
631;4;2 jaar;1996;6;2;4
632;4;2 jaar;1997;4;2;2
633;4;2 jaar;1998;8;5;3
634;4;2 jaar;1999;18;7;11
635;4;2 jaar;2000;14;4;10
636;4;2 jaar;2001;16;2;14
637;4;2 jaar;2002;13;6;7
638;4;2 jaar;2003;16;9;7
639;4;2 jaar;2004;5;3;2
640;4;2 jaar;2005;11;8;3
641;4;2 jaar;2006;14;5;9
642;4;2 jaar;2007;8;2;6
643;4;2 jaar;2008;13;7;6
644;4;2 jaar;2009;10;6;4
645;4;2 jaar;2010;22;10;12
646;4;2 jaar;2011;0;0;0
647;4;2 jaar;2012;0;0;0
648;4;3 jaar;1995;3;2;1
649;4;3 jaar;1996;3;0;3
650;4;3 jaar;1997;3;3;0
651;4;3 jaar;1998;6;4;2
652;4;3 jaar;1999;8;2;6
653;4;3 jaar;2000;10;4;6
654;4;3 jaar;2001;13;6;7
655;4;3 jaar;2002;16;9;7
656;4;3 jaar;2003;6;2;4
657;4;3 jaar;2004;15;3;12
658;4;3 jaar;2005;8;1;7
659;4;3 jaar;2006;5;1;4
660;4;3 jaar;2007;7;5;2
661;4;3 jaar;2008;26;12;14
662;4;3 jaar;2009;12;4;8
663;4;3 jaar;2010;32;10;22
664;4;3 jaar;2011;0;0;0
665;4;3 jaar;2012;0;0;0
666;4;4 jaar;1995;2;1;1
667;4;4 jaar;1996;5;1;4
668;4;4 jaar;1997;1;1;0
669;4;4 jaar;1998;5;2;3
670;4;4 jaar;1999;11;8;3
671;4;4 jaar;2000;3;0;3
672;4;4 jaar;2001;6;2;4
673;4;4 jaar;2002;8;3;5
674;4;4 jaar;2003;12;11;1
675;4;4 jaar;2004;8;3;5
676;4;4 jaar;2005;9;1;8
677;4;4 jaar;2006;4;3;1
678;4;4 jaar;2007;5;2;3
679;4;4 jaar;2008;14;7;7
680;4;4 jaar;2009;13;8;5
681;4;4 jaar;2010;21;8;13
682;4;4 jaar;2011;0;0;0
683;4;4 jaar;2012;0;0;0
684;4;5 jaar;1995;2;0;2
685;4;5 jaar;1996;2;1;1
686;4;5 jaar;1997;1;0;1
687;4;5 jaar;1998;2;1;1
688;4;5 jaar;1999;3;1;2
689;4;5 jaar;2000;2;1;1
690;4;5 jaar;2001;4;1;3
691;4;5 jaar;2002;8;4;4
692;4;5 jaar;2003;7;2;5
693;4;5 jaar;2004;7;6;1
694;4;5 jaar;2005;10;6;4
695;4;5 jaar;2006;5;2;3
696;4;5 jaar;2007;8;4;4
697;4;5 jaar;2008;15;8;7
698;4;5 jaar;2009;9;5;4
699;4;5 jaar;2010;11;3;8
700;4;5 jaar;2011;0;0;0
701;4;5 jaar;2012;0;0;0
702;4;6 jaar of ouder;1995;1;1;0
703;4;6 jaar of ouder;1996;0;0;0
704;4;6 jaar of ouder;1997;0;0;0
705;4;6 jaar of ouder;1998;2;0;2
706;4;6 jaar of ouder;1999;2;2;0
707;4;6 jaar of ouder;2000;0;0;0
708;4;6 jaar of ouder;2001;4;2;2
709;4;6 jaar of ouder;2002;2;1;1
710;4;6 jaar of ouder;2003;4;2;2
711;4;6 jaar of ouder;2004;6;4;2
712;4;6 jaar of ouder;2005;4;3;1
713;4;6 jaar of ouder;2006;8;3;5
714;4;6 jaar of ouder;2007;0;0;0
715;4;6 jaar of ouder;2008;7;5;2
716;4;6 jaar of ouder;2009;10;6;4
717;4;6 jaar of ouder;2010;8;3;5
718;4;6 jaar of ouder;2011;0;0;0
719;4;6 jaar of ouder;2012;0;0;0
720;5;Alle leeftijden;1995;28;14;14
721;5;Alle leeftijden;1996;38;14;24
722;5;Alle leeftijden;1997;45;20;25
723;5;Alle leeftijden;1998;40;22;18
724;5;Alle leeftijden;1999;46;26;20
725;5;Alle leeftijden;2000;30;18;12
726;5;Alle leeftijden;2001;44;22;22
727;5;Alle leeftijden;2002;62;38;24
728;5;Alle leeftijden;2003;72;38;34
729;5;Alle leeftijden;2004;48;24;24
730;5;Alle leeftijden;2005;49;17;32
731;5;Alle leeftijden;2006;41;11;30
732;5;Alle leeftijden;2007;31;17;14
733;5;Alle leeftijden;2008;36;15;21
734;5;Alle leeftijden;2009;35;17;18
735;5;Alle leeftijden;2010;24;9;15
736;5;Alle leeftijden;2011;17;7;10
737;5;Alle leeftijden;2012;16;7;9
738;5;0 jaar;1995;25;12;13
739;5;0 jaar;1996;31;14;17
740;5;0 jaar;1997;37;18;19
741;5;0 jaar;1998;37;22;15
742;5;0 jaar;1999;39;23;16
743;5;0 jaar;2000;27;16;11
744;5;0 jaar;2001;34;20;14
745;5;0 jaar;2002;42;26;16
746;5;0 jaar;2003;58;30;28
747;5;0 jaar;2004;29;13;16
748;5;0 jaar;2005;32;9;23
749;5;0 jaar;2006;31;8;23
750;5;0 jaar;2007;20;13;7
751;5;0 jaar;2008;21;10;11
752;5;0 jaar;2009;24;11;13
753;5;0 jaar;2010;13;4;9
754;5;0 jaar;2011;9;2;7
755;5;0 jaar;2012;8;5;3
756;5;1 jaar;1995;2;2;0
757;5;1 jaar;1996;3;0;3
758;5;1 jaar;1997;5;1;4
759;5;1 jaar;1998;1;0;1
760;5;1 jaar;1999;5;3;2
761;5;1 jaar;2000;1;0;1
762;5;1 jaar;2001;9;2;7
763;5;1 jaar;2002;11;7;4
764;5;1 jaar;2003;11;6;5
765;5;1 jaar;2004;11;6;5
766;5;1 jaar;2005;8;4;4
767;5;1 jaar;2006;5;0;5
768;5;1 jaar;2007;6;2;4
769;5;1 jaar;2008;8;3;5
770;5;1 jaar;2009;6;3;3
771;5;1 jaar;2010;5;3;2
772;5;1 jaar;2011;4;3;1
773;5;1 jaar;2012;5;2;3
774;5;2 jaar;1995;0;0;0
775;5;2 jaar;1996;1;0;1
776;5;2 jaar;1997;1;1;0
777;5;2 jaar;1998;1;0;1
778;5;2 jaar;1999;1;0;1
779;5;2 jaar;2000;0;0;0
780;5;2 jaar;2001;0;0;0
781;5;2 jaar;2002;7;4;3
782;5;2 jaar;2003;3;2;1
783;5;2 jaar;2004;3;1;2
784;5;2 jaar;2005;6;3;3
785;5;2 jaar;2006;0;0;0
786;5;2 jaar;2007;3;2;1
787;5;2 jaar;2008;3;2;1
788;5;2 jaar;2009;2;2;0
789;5;2 jaar;2010;1;1;0
790;5;2 jaar;2011;2;1;1
791;5;2 jaar;2012;1;0;1
792;5;3 jaar;1995;1;0;1
793;5;3 jaar;1996;1;0;1
794;5;3 jaar;1997;0;0;0
795;5;3 jaar;1998;1;0;1
796;5;3 jaar;1999;0;0;0
797;5;3 jaar;2000;0;0;0
798;5;3 jaar;2001;1;0;1
799;5;3 jaar;2002;0;0;0
800;5;3 jaar;2003;0;0;0
801;5;3 jaar;2004;1;1;0
802;5;3 jaar;2005;1;1;0
803;5;3 jaar;2006;0;0;0
804;5;3 jaar;2007;2;0;2
805;5;3 jaar;2008;1;0;1
806;5;3 jaar;2009;0;0;0
807;5;3 jaar;2010;1;0;1
808;5;3 jaar;2011;2;1;1
809;5;3 jaar;2012;1;0;1
810;5;4 jaar;1995;0;0;0
811;5;4 jaar;1996;1;0;1
812;5;4 jaar;1997;0;0;0
813;5;4 jaar;1998;0;0;0
814;5;4 jaar;1999;1;0;1
815;5;4 jaar;2000;0;0;0
816;5;4 jaar;2001;0;0;0
817;5;4 jaar;2002;2;1;1
818;5;4 jaar;2003;0;0;0
819;5;4 jaar;2004;2;1;1
820;5;4 jaar;2005;1;0;1
821;5;4 jaar;2006;0;0;0
822;5;4 jaar;2007;0;0;0
823;5;4 jaar;2008;0;0;0
824;5;4 jaar;2009;2;0;2
825;5;4 jaar;2010;2;1;1
826;5;4 jaar;2011;0;0;0
827;5;4 jaar;2012;0;0;0
828;5;5 jaar;1995;0;0;0
829;5;5 jaar;1996;1;0;1
830;5;5 jaar;1997;2;0;2
831;5;5 jaar;1998;0;0;0
832;5;5 jaar;1999;0;0;0
833;5;5 jaar;2000;0;0;0
834;5;5 jaar;2001;0;0;0
835;5;5 jaar;2002;0;0;0
836;5;5 jaar;2003;0;0;0
837;5;5 jaar;2004;1;1;0
838;5;5 jaar;2005;1;0;1
839;5;5 jaar;2006;5;3;2
840;5;5 jaar;2007;0;0;0
841;5;5 jaar;2008;2;0;2
842;5;5 jaar;2009;0;0;0
843;5;5 jaar;2010;0;0;0
844;5;5 jaar;2011;0;0;0
845;5;5 jaar;2012;1;0;1
846;5;6 jaar of ouder;1995;0;0;0
847;5;6 jaar of ouder;1996;0;0;0
848;5;6 jaar of ouder;1997;0;0;0
849;5;6 jaar of ouder;1998;0;0;0
850;5;6 jaar of ouder;1999;0;0;0
851;5;6 jaar of ouder;2000;2;2;0
852;5;6 jaar of ouder;2001;0;0;0
853;5;6 jaar of ouder;2002;0;0;0
854;5;6 jaar of ouder;2003;0;0;0
855;5;6 jaar of ouder;2004;1;1;0
856;5;6 jaar of ouder;2005;0;0;0
857;5;6 jaar of ouder;2006;0;0;0
858;5;6 jaar of ouder;2007;0;0;0
859;5;6 jaar of ouder;2008;1;0;1
860;5;6 jaar of ouder;2009;1;1;0
861;5;6 jaar of ouder;2010;2;0;2
862;5;6 jaar of ouder;2011;0;0;0
863;5;6 jaar of ouder;2012;0;0;0
864;6;Alle leeftijden;1995;59;43;16
865;6;Alle leeftijden;1996;35;28;7
866;6;Alle leeftijden;1997;51;38;13
867;6;Alle leeftijden;1998;73;47;26
868;6;Alle leeftijden;1999;58;41;17
869;6;Alle leeftijden;2000;62;47;15
870;6;Alle leeftijden;2001;50;33;17
871;6;Alle leeftijden;2002;36;25;11
872;6;Alle leeftijden;2003;24;19;5
873;6;Alle leeftijden;2004;27;17;10
874;6;Alle leeftijden;2005;28;12;16
875;6;Alle leeftijden;2006;15;11;4
876;6;Alle leeftijden;2007;18;13;5
877;6;Alle leeftijden;2008;8;5;3
878;6;Alle leeftijden;2009;7;5;2
879;6;Alle leeftijden;2010;1;0;1
880;6;Alle leeftijden;2011;2;1;1
881;6;Alle leeftijden;2012;1;0;1
882;6;0 jaar;1995;40;32;8
883;6;0 jaar;1996;10;7;3
884;6;0 jaar;1997;6;5;1
885;6;0 jaar;1998;16;13;3
886;6;0 jaar;1999;15;10;5
887;6;0 jaar;2000;21;19;2
888;6;0 jaar;2001;8;6;2
889;6;0 jaar;2002;6;3;3
890;6;0 jaar;2003;2;2;0
891;6;0 jaar;2004;1;1;0
892;6;0 jaar;2005;0;0;0
893;6;0 jaar;2006;0;0;0
894;6;0 jaar;2007;0;0;0
895;6;0 jaar;2008;0;0;0
896;6;0 jaar;2009;0;0;0
897;6;0 jaar;2010;0;0;0
898;6;0 jaar;2011;1;0;1
899;6;0 jaar;2012;0;0;0
900;6;1 jaar;1995;18;11;7
901;6;1 jaar;1996;18;15;3
902;6;1 jaar;1997;27;21;6
903;6;1 jaar;1998;33;17;16
904;6;1 jaar;1999;26;21;5
905;6;1 jaar;2000;26;21;5
906;6;1 jaar;2001;33;22;11
907;6;1 jaar;2002;22;15;7
908;6;1 jaar;2003;7;6;1
909;6;1 jaar;2004;6;3;3
910;6;1 jaar;2005;10;4;6
911;6;1 jaar;2006;1;1;0
912;6;1 jaar;2007;7;7;0
913;6;1 jaar;2008;2;0;2
914;6;1 jaar;2009;0;0;0
915;6;1 jaar;2010;0;0;0
916;6;1 jaar;2011;0;0;0
917;6;1 jaar;2012;0;0;0
918;6;2 jaar;1995;0;0;0
919;6;2 jaar;1996;5;4;1
920;6;2 jaar;1997;4;3;1
921;6;2 jaar;1998;11;9;2
922;6;2 jaar;1999;6;4;2
923;6;2 jaar;2000;4;3;1
924;6;2 jaar;2001;2;1;1
925;6;2 jaar;2002;4;3;1
926;6;2 jaar;2003;4;2;2
927;6;2 jaar;2004;10;9;1
928;6;2 jaar;2005;8;3;5
929;6;2 jaar;2006;5;5;0
930;6;2 jaar;2007;2;1;1
931;6;2 jaar;2008;3;3;0
932;6;2 jaar;2009;1;0;1
933;6;2 jaar;2010;0;0;0
934;6;2 jaar;2011;0;0;0
935;6;2 jaar;2012;0;0;0
936;6;3 jaar;1995;0;0;0
937;6;3 jaar;1996;0;0;0
938;6;3 jaar;1997;1;1;0
939;6;3 jaar;1998;2;1;1
940;6;3 jaar;1999;5;3;2
941;6;3 jaar;2000;6;2;4
942;6;3 jaar;2001;1;1;0
943;6;3 jaar;2002;2;2;0
944;6;3 jaar;2003;5;4;1
945;6;3 jaar;2004;1;1;0
946;6;3 jaar;2005;2;1;1
947;6;3 jaar;2006;1;1;0
948;6;3 jaar;2007;3;2;1
949;6;3 jaar;2008;0;0;0
950;6;3 jaar;2009;3;3;0
951;6;3 jaar;2010;0;0;0
952;6;3 jaar;2011;1;1;0
953;6;3 jaar;2012;0;0;0
954;6;4 jaar;1995;1;0;1
955;6;4 jaar;1996;0;0;0
956;6;4 jaar;1997;3;1;2
957;6;4 jaar;1998;3;2;1
958;6;4 jaar;1999;2;2;0
959;6;4 jaar;2000;2;1;1
960;6;4 jaar;2001;1;0;1
961;6;4 jaar;2002;1;1;0
962;6;4 jaar;2003;2;1;1
963;6;4 jaar;2004;3;1;2
964;6;4 jaar;2005;2;2;0
965;6;4 jaar;2006;3;1;2
966;6;4 jaar;2007;0;0;0
967;6;4 jaar;2008;0;0;0
968;6;4 jaar;2009;3;2;1
969;6;4 jaar;2010;0;0;0
970;6;4 jaar;2011;0;0;0
971;6;4 jaar;2012;0;0;0
972;6;5 jaar;1995;0;0;0
973;6;5 jaar;1996;1;1;0
974;6;5 jaar;1997;6;4;2
975;6;5 jaar;1998;5;4;1
976;6;5 jaar;1999;2;1;1
977;6;5 jaar;2000;2;1;1
978;6;5 jaar;2001;1;1;0
979;6;5 jaar;2002;1;1;0
980;6;5 jaar;2003;1;1;0
981;6;5 jaar;2004;4;1;3
982;6;5 jaar;2005;4;1;3
983;6;5 jaar;2006;3;1;2
984;6;5 jaar;2007;3;1;2
985;6;5 jaar;2008;1;0;1
986;6;5 jaar;2009;0;0;0
987;6;5 jaar;2010;0;0;0
988;6;5 jaar;2011;0;0;0
989;6;5 jaar;2012;1;0;1
990;6;6 jaar of ouder;1995;0;0;0
991;6;6 jaar of ouder;1996;1;1;0
992;6;6 jaar of ouder;1997;4;3;1
993;6;6 jaar of ouder;1998;3;1;2
994;6;6 jaar of ouder;1999;2;0;2
995;6;6 jaar of ouder;2000;1;0;1
996;6;6 jaar of ouder;2001;4;2;2
997;6;6 jaar of ouder;2002;0;0;0
998;6;6 jaar of ouder;2003;3;3;0
999;6;6 jaar of ouder;2004;2;1;1
1000;6;6 jaar of ouder;2005;2;1;1
1001;6;6 jaar of ouder;2006;2;2;0
1002;6;6 jaar of ouder;2007;3;2;1
1003;6;6 jaar of ouder;2008;2;2;0
1004;6;6 jaar of ouder;2009;0;0;0
1005;6;6 jaar of ouder;2010;1;0;1
1006;6;6 jaar of ouder;2011;0;0;0
1007;6;6 jaar of ouder;2012;0;0;0
1008;7;Alle leeftijden;1995;61;25;36
1009;7;Alle leeftijden;1996;81;38;43
1010;7;Alle leeftijden;1997;69;25;44
1011;7;Alle leeftijden;1998;49;22;27
1012;7;Alle leeftijden;1999;47;19;28
1013;7;Alle leeftijden;2000;43;17;26
1014;7;Alle leeftijden;2001;24;6;18
1015;7;Alle leeftijden;2002;20;11;9
1016;7;Alle leeftijden;2003;16;3;13
1017;7;Alle leeftijden;2004;27;10;17
1018;7;Alle leeftijden;2005;23;7;16
1019;7;Alle leeftijden;2006;8;3;5
1020;7;Alle leeftijden;2007;12;6;6
1021;7;Alle leeftijden;2008;6;1;5
1022;7;Alle leeftijden;2009;0;0;0
1023;7;Alle leeftijden;2010;2;1;1
1024;7;Alle leeftijden;2011;3;1;2
1025;7;Alle leeftijden;2012;2;0;2
1026;7;0 jaar;1995;11;4;7
1027;7;0 jaar;1996;16;9;7
1028;7;0 jaar;1997;12;4;8
1029;7;0 jaar;1998;9;5;4
1030;7;0 jaar;1999;5;2;3
1031;7;0 jaar;2000;3;1;2
1032;7;0 jaar;2001;2;0;2
1033;7;0 jaar;2002;0;0;0
1034;7;0 jaar;2003;0;0;0
1035;7;0 jaar;2004;0;0;0
1036;7;0 jaar;2005;0;0;0
1037;7;0 jaar;2006;0;0;0
1038;7;0 jaar;2007;0;0;0
1039;7;0 jaar;2008;0;0;0
1040;7;0 jaar;2009;0;0;0
1041;7;0 jaar;2010;0;0;0
1042;7;0 jaar;2011;1;0;1
1043;7;0 jaar;2012;0;0;0
1044;7;1 jaar;1995;11;4;7
1045;7;1 jaar;1996;10;3;7
1046;7;1 jaar;1997;14;2;12
1047;7;1 jaar;1998;5;1;4
1048;7;1 jaar;1999;10;4;6
1049;7;1 jaar;2000;4;2;2
1050;7;1 jaar;2001;3;0;3
1051;7;1 jaar;2002;1;0;1
1052;7;1 jaar;2003;2;1;1
1053;7;1 jaar;2004;1;1;0
1054;7;1 jaar;2005;1;0;1
1055;7;1 jaar;2006;0;0;0
1056;7;1 jaar;2007;0;0;0
1057;7;1 jaar;2008;1;1;0
1058;7;1 jaar;2009;0;0;0
1059;7;1 jaar;2010;0;0;0
1060;7;1 jaar;2011;0;0;0
1061;7;1 jaar;2012;0;0;0
1062;7;2 jaar;1995;11;5;6
1063;7;2 jaar;1996;11;4;7
1064;7;2 jaar;1997;10;6;4
1065;7;2 jaar;1998;6;3;3
1066;7;2 jaar;1999;8;2;6
1067;7;2 jaar;2000;6;5;1
1068;7;2 jaar;2001;7;2;5
1069;7;2 jaar;2002;5;2;3
1070;7;2 jaar;2003;4;1;3
1071;7;2 jaar;2004;5;1;4
1072;7;2 jaar;2005;3;1;2
1073;7;2 jaar;2006;0;0;0
1074;7;2 jaar;2007;1;0;1
1075;7;2 jaar;2008;0;0;0
1076;7;2 jaar;2009;0;0;0
1077;7;2 jaar;2010;0;0;0
1078;7;2 jaar;2011;1;0;1
1079;7;2 jaar;2012;0;0;0
1080;7;3 jaar;1995;8;3;5
1081;7;3 jaar;1996;13;5;8
1082;7;3 jaar;1997;9;1;8
1083;7;3 jaar;1998;10;5;5
1084;7;3 jaar;1999;9;3;6
1085;7;3 jaar;2000;9;2;7
1086;7;3 jaar;2001;6;1;5
1087;7;3 jaar;2002;4;1;3
1088;7;3 jaar;2003;3;0;3
1089;7;3 jaar;2004;1;0;1
1090;7;3 jaar;2005;4;1;3
1091;7;3 jaar;2006;1;0;1
1092;7;3 jaar;2007;1;0;1
1093;7;3 jaar;2008;1;0;1
1094;7;3 jaar;2009;0;0;0
1095;7;3 jaar;2010;0;0;0
1096;7;3 jaar;2011;0;0;0
1097;7;3 jaar;2012;2;0;2
1098;7;4 jaar;1995;8;3;5
1099;7;4 jaar;1996;10;3;7
1100;7;4 jaar;1997;5;2;3
1101;7;4 jaar;1998;7;1;6
1102;7;4 jaar;1999;5;4;1
1103;7;4 jaar;2000;12;4;8
1104;7;4 jaar;2001;3;2;1
1105;7;4 jaar;2002;6;5;1
1106;7;4 jaar;2003;2;0;2
1107;7;4 jaar;2004;4;2;2
1108;7;4 jaar;2005;2;0;2
1109;7;4 jaar;2006;2;0;2
1110;7;4 jaar;2007;4;2;2
1111;7;4 jaar;2008;1;0;1
1112;7;4 jaar;2009;0;0;0
1113;7;4 jaar;2010;0;0;0
1114;7;4 jaar;2011;0;0;0
1115;7;4 jaar;2012;0;0;0
1116;7;5 jaar;1995;5;2;3
1117;7;5 jaar;1996;9;4;5
1118;7;5 jaar;1997;7;3;4
1119;7;5 jaar;1998;6;2;4
1120;7;5 jaar;1999;5;2;3
1121;7;5 jaar;2000;5;2;3
1122;7;5 jaar;2001;1;1;0
1123;7;5 jaar;2002;3;3;0
1124;7;5 jaar;2003;3;0;3
1125;7;5 jaar;2004;6;2;4
1126;7;5 jaar;2005;6;2;4
1127;7;5 jaar;2006;3;2;1
1128;7;5 jaar;2007;2;2;0
1129;7;5 jaar;2008;1;0;1
1130;7;5 jaar;2009;0;0;0
1131;7;5 jaar;2010;0;0;0
1132;7;5 jaar;2011;1;1;0
1133;7;5 jaar;2012;0;0;0
1134;7;6 jaar of ouder;1995;7;4;3
1135;7;6 jaar of ouder;1996;12;10;2
1136;7;6 jaar of ouder;1997;12;7;5
1137;7;6 jaar of ouder;1998;6;5;1
1138;7;6 jaar of ouder;1999;5;2;3
1139;7;6 jaar of ouder;2000;4;1;3
1140;7;6 jaar of ouder;2001;2;0;2
1141;7;6 jaar of ouder;2002;1;0;1
1142;7;6 jaar of ouder;2003;2;1;1
1143;7;6 jaar of ouder;2004;10;4;6
1144;7;6 jaar of ouder;2005;7;3;4
1145;7;6 jaar of ouder;2006;2;1;1
1146;7;6 jaar of ouder;2007;4;2;2
1147;7;6 jaar of ouder;2008;2;0;2
1148;7;6 jaar of ouder;2009;0;0;0
1149;7;6 jaar of ouder;2010;2;1;1
1150;7;6 jaar of ouder;2011;0;0;0
1151;7;6 jaar of ouder;2012;0;0;0
1152;8;Alle leeftijden;1995;15;7;8
1153;8;Alle leeftijden;1996;25;7;18
1154;8;Alle leeftijden;1997;36;18;18
1155;8;Alle leeftijden;1998;37;18;19
1156;8;Alle leeftijden;1999;69;30;39
1157;8;Alle leeftijden;2000;61;25;36
1158;8;Alle leeftijden;2001;58;22;36
1159;8;Alle leeftijden;2002;28;13;15
1160;8;Alle leeftijden;2003;17;7;10
1161;8;Alle leeftijden;2004;0;0;0
1162;8;Alle leeftijden;2005;0;0;0
1163;8;Alle leeftijden;2006;0;0;0
1164;8;Alle leeftijden;2007;0;0;0
1165;8;Alle leeftijden;2008;0;0;0
1166;8;Alle leeftijden;2009;0;0;0
1167;8;Alle leeftijden;2010;0;0;0
1168;8;Alle leeftijden;2011;0;0;0
1169;8;Alle leeftijden;2012;0;0;0
1170;8;0 jaar;1995;15;7;8
1171;8;0 jaar;1996;23;6;17
1172;8;0 jaar;1997;36;18;18
1173;8;0 jaar;1998;34;15;19
1174;8;0 jaar;1999;63;28;35
1175;8;0 jaar;2000;55;22;33
1176;8;0 jaar;2001;50;18;32
1177;8;0 jaar;2002;28;13;15
1178;8;0 jaar;2003;15;6;9
1179;8;0 jaar;2004;0;0;0
1180;8;0 jaar;2005;0;0;0
1181;8;0 jaar;2006;0;0;0
1182;8;0 jaar;2007;0;0;0
1183;8;0 jaar;2008;0;0;0
1184;8;0 jaar;2009;0;0;0
1185;8;0 jaar;2010;0;0;0
1186;8;0 jaar;2011;0;0;0
1187;8;0 jaar;2012;0;0;0
1188;8;1 jaar;1995;0;0;0
1189;8;1 jaar;1996;1;1;0
1190;8;1 jaar;1997;0;0;0
1191;8;1 jaar;1998;3;3;0
1192;8;1 jaar;1999;5;2;3
1193;8;1 jaar;2000;6;3;3
1194;8;1 jaar;2001;5;2;3
1195;8;1 jaar;2002;0;0;0
1196;8;1 jaar;2003;2;1;1
1197;8;1 jaar;2004;0;0;0
1198;8;1 jaar;2005;0;0;0
1199;8;1 jaar;2006;0;0;0
1200;8;1 jaar;2007;0;0;0
1201;8;1 jaar;2008;0;0;0
1202;8;1 jaar;2009;0;0;0
1203;8;1 jaar;2010;0;0;0
1204;8;1 jaar;2011;0;0;0
1205;8;1 jaar;2012;0;0;0
1206;8;2 jaar;1995;0;0;0
1207;8;2 jaar;1996;0;0;0
1208;8;2 jaar;1997;0;0;0
1209;8;2 jaar;1998;0;0;0
1210;8;2 jaar;1999;0;0;0
1211;8;2 jaar;2000;0;0;0
1212;8;2 jaar;2001;1;0;1
1213;8;2 jaar;2002;0;0;0
1214;8;2 jaar;2003;0;0;0
1215;8;2 jaar;2004;0;0;0
1216;8;2 jaar;2005;0;0;0
1217;8;2 jaar;2006;0;0;0
1218;8;2 jaar;2007;0;0;0
1219;8;2 jaar;2008;0;0;0
1220;8;2 jaar;2009;0;0;0
1221;8;2 jaar;2010;0;0;0
1222;8;2 jaar;2011;0;0;0
1223;8;2 jaar;2012;0;0;0
1224;8;3 jaar;1995;0;0;0
1225;8;3 jaar;1996;0;0;0
1226;8;3 jaar;1997;0;0;0
1227;8;3 jaar;1998;0;0;0
1228;8;3 jaar;1999;0;0;0
1229;8;3 jaar;2000;0;0;0
1230;8;3 jaar;2001;1;1;0
1231;8;3 jaar;2002;0;0;0
1232;8;3 jaar;2003;0;0;0
1233;8;3 jaar;2004;0;0;0
1234;8;3 jaar;2005;0;0;0
1235;8;3 jaar;2006;0;0;0
1236;8;3 jaar;2007;0;0;0
1237;8;3 jaar;2008;0;0;0
1238;8;3 jaar;2009;0;0;0
1239;8;3 jaar;2010;0;0;0
1240;8;3 jaar;2011;0;0;0
1241;8;3 jaar;2012;0;0;0
1242;8;4 jaar;1995;0;0;0
1243;8;4 jaar;1996;1;0;1
1244;8;4 jaar;1997;0;0;0
1245;8;4 jaar;1998;0;0;0
1246;8;4 jaar;1999;1;0;1
1247;8;4 jaar;2000;0;0;0
1248;8;4 jaar;2001;0;0;0
1249;8;4 jaar;2002;0;0;0
1250;8;4 jaar;2003;0;0;0
1251;8;4 jaar;2004;0;0;0
1252;8;4 jaar;2005;0;0;0
1253;8;4 jaar;2006;0;0;0
1254;8;4 jaar;2007;0;0;0
1255;8;4 jaar;2008;0;0;0
1256;8;4 jaar;2009;0;0;0
1257;8;4 jaar;2010;0;0;0
1258;8;4 jaar;2011;0;0;0
1259;8;4 jaar;2012;0;0;0
1260;8;5 jaar;1995;0;0;0
1261;8;5 jaar;1996;0;0;0
1262;8;5 jaar;1997;0;0;0
1263;8;5 jaar;1998;0;0;0
1264;8;5 jaar;1999;0;0;0
1265;8;5 jaar;2000;0;0;0
1266;8;5 jaar;2001;0;0;0
1267;8;5 jaar;2002;0;0;0
1268;8;5 jaar;2003;0;0;0
1269;8;5 jaar;2004;0;0;0
1270;8;5 jaar;2005;0;0;0
1271;8;5 jaar;2006;0;0;0
1272;8;5 jaar;2007;0;0;0
1273;8;5 jaar;2008;0;0;0
1274;8;5 jaar;2009;0;0;0
1275;8;5 jaar;2010;0;0;0
1276;8;5 jaar;2011;0;0;0
1277;8;5 jaar;2012;0;0;0
1278;8;6 jaar of ouder;1995;0;0;0
1279;8;6 jaar of ouder;1996;0;0;0
1280;8;6 jaar of ouder;1997;0;0;0
1281;8;6 jaar of ouder;1998;0;0;0
1282;8;6 jaar of ouder;1999;0;0;0
1283;8;6 jaar of ouder;2000;0;0;0
1284;8;6 jaar of ouder;2001;1;1;0
1285;8;6 jaar of ouder;2002;0;0;0
1286;8;6 jaar of ouder;2003;0;0;0
1287;8;6 jaar of ouder;2004;0;0;0
1288;8;6 jaar of ouder;2005;0;0;0
1289;8;6 jaar of ouder;2006;0;0;0
1290;8;6 jaar of ouder;2007;0;0;0
1291;8;6 jaar of ouder;2008;0;0;0
1292;8;6 jaar of ouder;2009;0;0;0
1293;8;6 jaar of ouder;2010;0;0;0
1294;8;6 jaar of ouder;2011;0;0;0
1295;8;6 jaar of ouder;2012;0;0;0
1296;9;Alle leeftijden;1995;1;0;1
1297;9;Alle leeftijden;1996;2;2;0
1298;9;Alle leeftijden;1997;2;1;1
1299;9;Alle leeftijden;1998;0;0;0
1300;9;Alle leeftijden;1999;0;0;0
1301;9;Alle leeftijden;2000;6;2;4
1302;9;Alle leeftijden;2001;21;9;12
1303;9;Alle leeftijden;2002;37;13;24
1304;9;Alle leeftijden;2003;44;23;21
1305;9;Alle leeftijden;2004;53;25;28
1306;9;Alle leeftijden;2005;58;26;32
1307;9;Alle leeftijden;2006;43;18;25
1308;9;Alle leeftijden;2007;32;15;17
1309;9;Alle leeftijden;2008;32;15;17
1310;9;Alle leeftijden;2009;24;14;10
1311;9;Alle leeftijden;2010;21;5;16
1312;9;Alle leeftijden;2011;23;6;17
1313;9;Alle leeftijden;2012;20;12;8
1314;9;0 jaar;1995;0;0;0
1315;9;0 jaar;1996;0;0;0
1316;9;0 jaar;1997;0;0;0
1317;9;0 jaar;1998;0;0;0
1318;9;0 jaar;1999;0;0;0
1319;9;0 jaar;2000;2;1;1
1320;9;0 jaar;2001;15;8;7
1321;9;0 jaar;2002;27;11;16
1322;9;0 jaar;2003;37;19;18
1323;9;0 jaar;2004;32;15;17
1324;9;0 jaar;2005;47;22;25
1325;9;0 jaar;2006;31;11;20
1326;9;0 jaar;2007;21;8;13
1327;9;0 jaar;2008;17;6;11
1328;9;0 jaar;2009;15;8;7
1329;9;0 jaar;2010;12;1;11
1330;9;0 jaar;2011;6;3;3
1331;9;0 jaar;2012;4;4;0
1332;9;1 jaar;1995;0;0;0
1333;9;1 jaar;1996;0;0;0
1334;9;1 jaar;1997;0;0;0
1335;9;1 jaar;1998;0;0;0
1336;9;1 jaar;1999;0;0;0
1337;9;1 jaar;2000;1;1;0
1338;9;1 jaar;2001;2;1;1
1339;9;1 jaar;2002;4;0;4
1340;9;1 jaar;2003;3;2;1
1341;9;1 jaar;2004;8;4;4
1342;9;1 jaar;2005;7;3;4
1343;9;1 jaar;2006;7;4;3
1344;9;1 jaar;2007;2;2;0
1345;9;1 jaar;2008;6;3;3
1346;9;1 jaar;2009;7;4;3
1347;9;1 jaar;2010;7;4;3
1348;9;1 jaar;2011;8;2;6
1349;9;1 jaar;2012;10;3;7
1350;9;2 jaar;1995;1;0;1
1351;9;2 jaar;1996;1;1;0
1352;9;2 jaar;1997;0;0;0
1353;9;2 jaar;1998;0;0;0
1354;9;2 jaar;1999;0;0;0
1355;9;2 jaar;2000;1;0;1
1356;9;2 jaar;2001;1;0;1
1357;9;2 jaar;2002;4;2;2
1358;9;2 jaar;2003;1;1;0
1359;9;2 jaar;2004;3;1;2
1360;9;2 jaar;2005;3;1;2
1361;9;2 jaar;2006;1;0;1
1362;9;2 jaar;2007;5;3;2
1363;9;2 jaar;2008;5;3;2
1364;9;2 jaar;2009;0;0;0
1365;9;2 jaar;2010;0;0;0
1366;9;2 jaar;2011;7;1;6
1367;9;2 jaar;2012;0;0;0
1368;9;3 jaar;1995;0;0;0
1369;9;3 jaar;1996;0;0;0
1370;9;3 jaar;1997;0;0;0
1371;9;3 jaar;1998;0;0;0
1372;9;3 jaar;1999;0;0;0
1373;9;3 jaar;2000;1;0;1
1374;9;3 jaar;2001;1;0;1
1375;9;3 jaar;2002;1;0;1
1376;9;3 jaar;2003;2;1;1
1377;9;3 jaar;2004;2;1;1
1378;9;3 jaar;2005;0;0;0
1379;9;3 jaar;2006;1;1;0
1380;9;3 jaar;2007;1;1;0
1381;9;3 jaar;2008;3;2;1
1382;9;3 jaar;2009;1;1;0
1383;9;3 jaar;2010;0;0;0
1384;9;3 jaar;2011;1;0;1
1385;9;3 jaar;2012;2;1;1
1386;9;4 jaar;1995;0;0;0
1387;9;4 jaar;1996;1;1;0
1388;9;4 jaar;1997;0;0;0
1389;9;4 jaar;1998;0;0;0
1390;9;4 jaar;1999;0;0;0
1391;9;4 jaar;2000;0;0;0
1392;9;4 jaar;2001;0;0;0
1393;9;4 jaar;2002;0;0;0
1394;9;4 jaar;2003;1;0;1
1395;9;4 jaar;2004;2;2;0
1396;9;4 jaar;2005;0;0;0
1397;9;4 jaar;2006;0;0;0
1398;9;4 jaar;2007;2;0;2
1399;9;4 jaar;2008;0;0;0
1400;9;4 jaar;2009;0;0;0
1401;9;4 jaar;2010;0;0;0
1402;9;4 jaar;2011;0;0;0
1403;9;4 jaar;2012;2;2;0
1404;9;5 jaar;1995;0;0;0
1405;9;5 jaar;1996;0;0;0
1406;9;5 jaar;1997;1;0;1
1407;9;5 jaar;1998;0;0;0
1408;9;5 jaar;1999;0;0;0
1409;9;5 jaar;2000;0;0;0
1410;9;5 jaar;2001;1;0;1
1411;9;5 jaar;2002;1;0;1
1412;9;5 jaar;2003;0;0;0
1413;9;5 jaar;2004;3;1;2
1414;9;5 jaar;2005;0;0;0
1415;9;5 jaar;2006;2;1;1
1416;9;5 jaar;2007;0;0;0
1417;9;5 jaar;2008;0;0;0
1418;9;5 jaar;2009;0;0;0
1419;9;5 jaar;2010;2;0;2
1420;9;5 jaar;2011;1;0;1
1421;9;5 jaar;2012;2;2;0
1422;9;6 jaar of ouder;1995;0;0;0
1423;9;6 jaar of ouder;1996;0;0;0
1424;9;6 jaar of ouder;1997;1;1;0
1425;9;6 jaar of ouder;1998;0;0;0
1426;9;6 jaar of ouder;1999;0;0;0
1427;9;6 jaar of ouder;2000;1;0;1
1428;9;6 jaar of ouder;2001;1;0;1
1429;9;6 jaar of ouder;2002;0;0;0
1430;9;6 jaar of ouder;2003;0;0;0
1431;9;6 jaar of ouder;2004;3;1;2
1432;9;6 jaar of ouder;2005;1;0;1
1433;9;6 jaar of ouder;2006;1;1;0
1434;9;6 jaar of ouder;2007;1;1;0
1435;9;6 jaar of ouder;2008;1;1;0
1436;9;6 jaar of ouder;2009;1;1;0
1437;9;6 jaar of ouder;2010;0;0;0
1438;9;6 jaar of ouder;2011;0;0;0
1439;9;6 jaar of ouder;2012;0;0;0
1440;Verenigde Staten van Amerika;Alle leeftijden;1995;6;4;2
1441;Verenigde Staten van Amerika;Alle leeftijden;1996;8;3;5
1442;Verenigde Staten van Amerika;Alle leeftijden;1997;10;4;6
1443;Verenigde Staten van Amerika;Alle leeftijden;1998;11;3;8
1444;Verenigde Staten van Amerika;Alle leeftijden;1999;13;8;5
1445;Verenigde Staten van Amerika;Alle leeftijden;2000;9;4;5
1446;Verenigde Staten van Amerika;Alle leeftijden;2001;14;6;8
1447;Verenigde Staten van Amerika;Alle leeftijden;2002;18;5;13
1448;Verenigde Staten van Amerika;Alle leeftijden;2003;35;12;23
1449;Verenigde Staten van Amerika;Alle leeftijden;2004;15;10;5
1450;Verenigde Staten van Amerika;Alle leeftijden;2005;37;16;21
1451;Verenigde Staten van Amerika;Alle leeftijden;2006;37;19;18
1452;Verenigde Staten van Amerika;Alle leeftijden;2007;43;21;22
1453;Verenigde Staten van Amerika;Alle leeftijden;2008;61;25;36
1454;Verenigde Staten van Amerika;Alle leeftijden;2009;29;13;16
1455;Verenigde Staten van Amerika;Alle leeftijden;2010;33;15;18
1456;Verenigde Staten van Amerika;Alle leeftijden;2011;51;18;33
1457;Verenigde Staten van Amerika;Alle leeftijden;2012;47;21;26
1458;Verenigde Staten van Amerika;0 jaar;1995;6;4;2
1459;Verenigde Staten van Amerika;0 jaar;1996;3;1;2
1460;Verenigde Staten van Amerika;0 jaar;1997;9;4;5
1461;Verenigde Staten van Amerika;0 jaar;1998;11;3;8
1462;Verenigde Staten van Amerika;0 jaar;1999;12;7;5
1463;Verenigde Staten van Amerika;0 jaar;2000;7;3;4
1464;Verenigde Staten van Amerika;0 jaar;2001;12;6;6
1465;Verenigde Staten van Amerika;0 jaar;2002;14;3;11
1466;Verenigde Staten van Amerika;0 jaar;2003;30;11;19
1467;Verenigde Staten van Amerika;0 jaar;2004;13;9;4
1468;Verenigde Staten van Amerika;0 jaar;2005;30;13;17
1469;Verenigde Staten van Amerika;0 jaar;2006;28;16;12
1470;Verenigde Staten van Amerika;0 jaar;2007;35;17;18
1471;Verenigde Staten van Amerika;0 jaar;2008;51;20;31
1472;Verenigde Staten van Amerika;0 jaar;2009;17;7;10
1473;Verenigde Staten van Amerika;0 jaar;2010;30;15;15
1474;Verenigde Staten van Amerika;0 jaar;2011;44;15;29
1475;Verenigde Staten van Amerika;0 jaar;2012;44;19;25
1476;Verenigde Staten van Amerika;1 jaar;1995;0;0;0
1477;Verenigde Staten van Amerika;1 jaar;1996;3;1;2
1478;Verenigde Staten van Amerika;1 jaar;1997;1;0;1
1479;Verenigde Staten van Amerika;1 jaar;1998;0;0;0
1480;Verenigde Staten van Amerika;1 jaar;1999;0;0;0
1481;Verenigde Staten van Amerika;1 jaar;2000;1;0;1
1482;Verenigde Staten van Amerika;1 jaar;2001;0;0;0
1483;Verenigde Staten van Amerika;1 jaar;2002;3;1;2
1484;Verenigde Staten van Amerika;1 jaar;2003;0;0;0
1485;Verenigde Staten van Amerika;1 jaar;2004;1;1;0
1486;Verenigde Staten van Amerika;1 jaar;2005;1;0;1
1487;Verenigde Staten van Amerika;1 jaar;2006;5;2;3
1488;Verenigde Staten van Amerika;1 jaar;2007;3;1;2
1489;Verenigde Staten van Amerika;1 jaar;2008;1;1;0
1490;Verenigde Staten van Amerika;1 jaar;2009;2;1;1
1491;Verenigde Staten van Amerika;1 jaar;2010;1;0;1
1492;Verenigde Staten van Amerika;1 jaar;2011;2;0;2
1493;Verenigde Staten van Amerika;1 jaar;2012;0;0;0
1494;Verenigde Staten van Amerika;2 jaar;1995;0;0;0
1495;Verenigde Staten van Amerika;2 jaar;1996;1;1;0
1496;Verenigde Staten van Amerika;2 jaar;1997;0;0;0
1497;Verenigde Staten van Amerika;2 jaar;1998;0;0;0
1498;Verenigde Staten van Amerika;2 jaar;1999;0;0;0
1499;Verenigde Staten van Amerika;2 jaar;2000;0;0;0
1500;Verenigde Staten van Amerika;2 jaar;2001;0;0;0
1501;Verenigde Staten van Amerika;2 jaar;2002;1;1;0
1502;Verenigde Staten van Amerika;2 jaar;2003;0;0;0
1503;Verenigde Staten van Amerika;2 jaar;2004;1;0;1
1504;Verenigde Staten van Amerika;2 jaar;2005;2;2;0
1505;Verenigde Staten van Amerika;2 jaar;2006;0;0;0
1506;Verenigde Staten van Amerika;2 jaar;2007;0;0;0
1507;Verenigde Staten van Amerika;2 jaar;2008;2;0;2
1508;Verenigde Staten van Amerika;2 jaar;2009;0;0;0
1509;Verenigde Staten van Amerika;2 jaar;2010;1;0;1
1510;Verenigde Staten van Amerika;2 jaar;2011;1;0;1
1511;Verenigde Staten van Amerika;2 jaar;2012;1;0;1
1512;Verenigde Staten van Amerika;3 jaar;1995;0;0;0
1513;Verenigde Staten van Amerika;3 jaar;1996;0;0;0
1514;Verenigde Staten van Amerika;3 jaar;1997;0;0;0
1515;Verenigde Staten van Amerika;3 jaar;1998;0;0;0
1516;Verenigde Staten van Amerika;3 jaar;1999;1;1;0
1517;Verenigde Staten van Amerika;3 jaar;2000;0;0;0
1518;Verenigde Staten van Amerika;3 jaar;2001;1;0;1
1519;Verenigde Staten van Amerika;3 jaar;2002;0;0;0
1520;Verenigde Staten van Amerika;3 jaar;2003;1;0;1
1521;Verenigde Staten van Amerika;3 jaar;2004;0;0;0
1522;Verenigde Staten van Amerika;3 jaar;2005;1;0;1
1523;Verenigde Staten van Amerika;3 jaar;2006;2;1;1
1524;Verenigde Staten van Amerika;3 jaar;2007;0;0;0
1525;Verenigde Staten van Amerika;3 jaar;2008;0;0;0
1526;Verenigde Staten van Amerika;3 jaar;2009;0;0;0
1527;Verenigde Staten van Amerika;3 jaar;2010;0;0;0
1528;Verenigde Staten van Amerika;3 jaar;2011;1;1;0
1529;Verenigde Staten van Amerika;3 jaar;2012;0;0;0
1530;Verenigde Staten van Amerika;4 jaar;1995;0;0;0
1531;Verenigde Staten van Amerika;4 jaar;1996;1;0;1
1532;Verenigde Staten van Amerika;4 jaar;1997;0;0;0
1533;Verenigde Staten van Amerika;4 jaar;1998;0;0;0
1534;Verenigde Staten van Amerika;4 jaar;1999;0;0;0
1535;Verenigde Staten van Amerika;4 jaar;2000;0;0;0
1536;Verenigde Staten van Amerika;4 jaar;2001;1;0;1
1537;Verenigde Staten van Amerika;4 jaar;2002;0;0;0
1538;Verenigde Staten van Amerika;4 jaar;2003;1;0;1
1539;Verenigde Staten van Amerika;4 jaar;2004;0;0;0
1540;Verenigde Staten van Amerika;4 jaar;2005;0;0;0
1541;Verenigde Staten van Amerika;4 jaar;2006;1;0;1
1542;Verenigde Staten van Amerika;4 jaar;2007;0;0;0
1543;Verenigde Staten van Amerika;4 jaar;2008;2;2;0
1544;Verenigde Staten van Amerika;4 jaar;2009;2;1;1
1545;Verenigde Staten van Amerika;4 jaar;2010;0;0;0
1546;Verenigde Staten van Amerika;4 jaar;2011;1;1;0
1547;Verenigde Staten van Amerika;4 jaar;2012;1;1;0
1548;Verenigde Staten van Amerika;5 jaar;1995;0;0;0
1549;Verenigde Staten van Amerika;5 jaar;1996;0;0;0
1550;Verenigde Staten van Amerika;5 jaar;1997;0;0;0
1551;Verenigde Staten van Amerika;5 jaar;1998;0;0;0
1552;Verenigde Staten van Amerika;5 jaar;1999;0;0;0
1553;Verenigde Staten van Amerika;5 jaar;2000;0;0;0
1554;Verenigde Staten van Amerika;5 jaar;2001;0;0;0
1555;Verenigde Staten van Amerika;5 jaar;2002;0;0;0
1556;Verenigde Staten van Amerika;5 jaar;2003;2;0;2
1557;Verenigde Staten van Amerika;5 jaar;2004;0;0;0
1558;Verenigde Staten van Amerika;5 jaar;2005;0;0;0
1559;Verenigde Staten van Amerika;5 jaar;2006;0;0;0
1560;Verenigde Staten van Amerika;5 jaar;2007;3;1;2
1561;Verenigde Staten van Amerika;5 jaar;2008;1;1;0
1562;Verenigde Staten van Amerika;5 jaar;2009;1;0;1
1563;Verenigde Staten van Amerika;5 jaar;2010;0;0;0
1564;Verenigde Staten van Amerika;5 jaar;2011;0;0;0
1565;Verenigde Staten van Amerika;5 jaar;2012;1;1;0
1566;Verenigde Staten van Amerika;6 jaar of ouder;1995;0;0;0
1567;Verenigde Staten van Amerika;6 jaar of ouder;1996;0;0;0
1568;Verenigde Staten van Amerika;6 jaar of ouder;1997;0;0;0
1569;Verenigde Staten van Amerika;6 jaar of ouder;1998;0;0;0
1570;Verenigde Staten van Amerika;6 jaar of ouder;1999;0;0;0
1571;Verenigde Staten van Amerika;6 jaar of ouder;2000;1;1;0
1572;Verenigde Staten van Amerika;6 jaar of ouder;2001;0;0;0
1573;Verenigde Staten van Amerika;6 jaar of ouder;2002;0;0;0
1574;Verenigde Staten van Amerika;6 jaar of ouder;2003;1;1;0
1575;Verenigde Staten van Amerika;6 jaar of ouder;2004;0;0;0
1576;Verenigde Staten van Amerika;6 jaar of ouder;2005;3;1;2
1577;Verenigde Staten van Amerika;6 jaar of ouder;2006;1;0;1
1578;Verenigde Staten van Amerika;6 jaar of ouder;2007;2;2;0
1579;Verenigde Staten van Amerika;6 jaar of ouder;2008;4;1;3
1580;Verenigde Staten van Amerika;6 jaar of ouder;2009;7;4;3
1581;Verenigde Staten van Amerika;6 jaar of ouder;2010;1;0;1
1582;Verenigde Staten van Amerika;6 jaar of ouder;2011;2;1;1
1583;Verenigde Staten van Amerika;6 jaar of ouder;2012;0;0;0
1584;Polen;Alle leeftijden;1995;17;7;10
1585;Polen;Alle leeftijden;1996;27;9;18
1586;Polen;Alle leeftijden;1997;25;12;13
1587;Polen;Alle leeftijden;1998;16;5;11
1588;Polen;Alle leeftijden;1999;20;10;10
1589;Polen;Alle leeftijden;2000;29;17;12
1590;Polen;Alle leeftijden;2001;12;3;9
1591;Polen;Alle leeftijden;2002;15;9;6
1592;Polen;Alle leeftijden;2003;19;6;13
1593;Polen;Alle leeftijden;2004;19;9;10
1594;Polen;Alle leeftijden;2005;31;18;13
1595;Polen;Alle leeftijden;2006;22;5;17
1596;Polen;Alle leeftijden;2007;26;10;16
1597;Polen;Alle leeftijden;2008;21;5;16
1598;Polen;Alle leeftijden;2009;26;11;15
1599;Polen;Alle leeftijden;2010;20;6;14
1600;Polen;Alle leeftijden;2011;9;4;5
1601;Polen;Alle leeftijden;2012;13;6;7
1602;Polen;0 jaar;1995;2;1;1
1603;Polen;0 jaar;1996;1;0;1
1604;Polen;0 jaar;1997;3;0;3
1605;Polen;0 jaar;1998;1;0;1
1606;Polen;0 jaar;1999;0;0;0
1607;Polen;0 jaar;2000;1;1;0
1608;Polen;0 jaar;2001;0;0;0
1609;Polen;0 jaar;2002;1;0;1
1610;Polen;0 jaar;2003;0;0;0
1611;Polen;0 jaar;2004;1;0;1
1612;Polen;0 jaar;2005;1;0;1
1613;Polen;0 jaar;2006;1;0;1
1614;Polen;0 jaar;2007;0;0;0
1615;Polen;0 jaar;2008;1;0;1
1616;Polen;0 jaar;2009;0;0;0
1617;Polen;0 jaar;2010;1;1;0
1618;Polen;0 jaar;2011;1;0;1
1619;Polen;0 jaar;2012;0;0;0
1620;Polen;1 jaar;1995;4;1;3
1621;Polen;1 jaar;1996;9;0;9
1622;Polen;1 jaar;1997;5;3;2
1623;Polen;1 jaar;1998;1;0;1
1624;Polen;1 jaar;1999;4;2;2
1625;Polen;1 jaar;2000;3;1;2
1626;Polen;1 jaar;2001;7;0;7
1627;Polen;1 jaar;2002;4;2;2
1628;Polen;1 jaar;2003;3;1;2
1629;Polen;1 jaar;2004;8;3;5
1630;Polen;1 jaar;2005;10;6;4
1631;Polen;1 jaar;2006;4;0;4
1632;Polen;1 jaar;2007;4;2;2
1633;Polen;1 jaar;2008;5;4;1
1634;Polen;1 jaar;2009;5;3;2
1635;Polen;1 jaar;2010;2;2;0
1636;Polen;1 jaar;2011;3;2;1
1637;Polen;1 jaar;2012;7;3;4
1638;Polen;2 jaar;1995;4;1;3
1639;Polen;2 jaar;1996;5;4;1
1640;Polen;2 jaar;1997;5;3;2
1641;Polen;2 jaar;1998;7;2;5
1642;Polen;2 jaar;1999;6;4;2
1643;Polen;2 jaar;2000;9;5;4
1644;Polen;2 jaar;2001;3;2;1
1645;Polen;2 jaar;2002;4;3;1
1646;Polen;2 jaar;2003;6;3;3
1647;Polen;2 jaar;2004;4;3;1
1648;Polen;2 jaar;2005;4;4;0
1649;Polen;2 jaar;2006;7;3;4
1650;Polen;2 jaar;2007;9;4;5
1651;Polen;2 jaar;2008;5;0;5
1652;Polen;2 jaar;2009;6;2;4
1653;Polen;2 jaar;2010;5;1;4
1654;Polen;2 jaar;2011;1;0;1
1655;Polen;2 jaar;2012;2;2;0
1656;Polen;3 jaar;1995;3;1;2
1657;Polen;3 jaar;1996;7;3;4
1658;Polen;3 jaar;1997;5;3;2
1659;Polen;3 jaar;1998;0;0;0
1660;Polen;3 jaar;1999;6;3;3
1661;Polen;3 jaar;2000;7;6;1
1662;Polen;3 jaar;2001;1;0;1
1663;Polen;3 jaar;2002;2;0;2
1664;Polen;3 jaar;2003;1;0;1
1665;Polen;3 jaar;2004;1;1;0
1666;Polen;3 jaar;2005;8;3;5
1667;Polen;3 jaar;2006;2;0;2
1668;Polen;3 jaar;2007;4;1;3
1669;Polen;3 jaar;2008;5;0;5
1670;Polen;3 jaar;2009;5;1;4
1671;Polen;3 jaar;2010;5;0;5
1672;Polen;3 jaar;2011;1;0;1
1673;Polen;3 jaar;2012;1;1;0
1674;Polen;4 jaar;1995;1;1;0
1675;Polen;4 jaar;1996;1;1;0
1676;Polen;4 jaar;1997;6;2;4
1677;Polen;4 jaar;1998;4;3;1
1678;Polen;4 jaar;1999;2;0;2
1679;Polen;4 jaar;2000;5;3;2
1680;Polen;4 jaar;2001;1;1;0
1681;Polen;4 jaar;2002;2;2;0
1682;Polen;4 jaar;2003;6;1;5
1683;Polen;4 jaar;2004;1;0;1
1684;Polen;4 jaar;2005;3;2;1
1685;Polen;4 jaar;2006;1;1;0
1686;Polen;4 jaar;2007;1;1;0
1687;Polen;4 jaar;2008;1;0;1
1688;Polen;4 jaar;2009;0;0;0
1689;Polen;4 jaar;2010;3;0;3
1690;Polen;4 jaar;2011;0;0;0
1691;Polen;4 jaar;2012;2;0;2
1692;Polen;5 jaar;1995;2;1;1
1693;Polen;5 jaar;1996;2;0;2
1694;Polen;5 jaar;1997;0;0;0
1695;Polen;5 jaar;1998;1;0;1
1696;Polen;5 jaar;1999;2;1;1
1697;Polen;5 jaar;2000;3;1;2
1698;Polen;5 jaar;2001;0;0;0
1699;Polen;5 jaar;2002;2;2;0
1700;Polen;5 jaar;2003;1;0;1
1701;Polen;5 jaar;2004;2;1;1
1702;Polen;5 jaar;2005;3;1;2
1703;Polen;5 jaar;2006;3;1;2
1704;Polen;5 jaar;2007;4;1;3
1705;Polen;5 jaar;2008;3;1;2
1706;Polen;5 jaar;2009;3;1;2
1707;Polen;5 jaar;2010;3;2;1
1708;Polen;5 jaar;2011;2;2;0
1709;Polen;5 jaar;2012;1;0;1
1710;Polen;6 jaar of ouder;1995;1;1;0
1711;Polen;6 jaar of ouder;1996;2;1;1
1712;Polen;6 jaar of ouder;1997;1;1;0
1713;Polen;6 jaar of ouder;1998;2;0;2
1714;Polen;6 jaar of ouder;1999;0;0;0
1715;Polen;6 jaar of ouder;2000;1;0;1
1716;Polen;6 jaar of ouder;2001;0;0;0
1717;Polen;6 jaar of ouder;2002;0;0;0
1718;Polen;6 jaar of ouder;2003;2;1;1
1719;Polen;6 jaar of ouder;2004;2;1;1
1720;Polen;6 jaar of ouder;2005;2;2;0
1721;Polen;6 jaar of ouder;2006;4;0;4
1722;Polen;6 jaar of ouder;2007;4;1;3
1723;Polen;6 jaar of ouder;2008;1;0;1
1724;Polen;6 jaar of ouder;2009;7;4;3
1725;Polen;6 jaar of ouder;2010;1;0;1
1726;Polen;6 jaar of ouder;2011;1;0;1
1727;Polen;6 jaar of ouder;2012;0;0;0
1728;Thailand;Alle leeftijden;1995;20;2;18
1729;Thailand;Alle leeftijden;1996;31;2;29
1730;Thailand;Alle leeftijden;1997;33;5;28
1731;Thailand;Alle leeftijden;1998;32;4;28
1732;Thailand;Alle leeftijden;1999;28;8;20
1733;Thailand;Alle leeftijden;2000;18;4;14
1734;Thailand;Alle leeftijden;2001;17;4;13
1735;Thailand;Alle leeftijden;2002;14;4;10
1736;Thailand;Alle leeftijden;2003;17;4;13
1737;Thailand;Alle leeftijden;2004;11;2;9
1738;Thailand;Alle leeftijden;2005;13;0;13
1739;Thailand;Alle leeftijden;2006;22;2;20
1740;Thailand;Alle leeftijden;2007;16;2;14
1741;Thailand;Alle leeftijden;2008;19;0;19
1742;Thailand;Alle leeftijden;2009;14;4;10
1743;Thailand;Alle leeftijden;2010;7;2;5
1744;Thailand;Alle leeftijden;2011;14;6;8
1745;Thailand;Alle leeftijden;2012;9;1;8
1746;Thailand;0 jaar;1995;0;0;0
1747;Thailand;0 jaar;1996;0;0;0
1748;Thailand;0 jaar;1997;0;0;0
1749;Thailand;0 jaar;1998;0;0;0
1750;Thailand;0 jaar;1999;1;0;1
1751;Thailand;0 jaar;2000;0;0;0
1752;Thailand;0 jaar;2001;2;0;2
1753;Thailand;0 jaar;2002;0;0;0
1754;Thailand;0 jaar;2003;0;0;0
1755;Thailand;0 jaar;2004;0;0;0
1756;Thailand;0 jaar;2005;1;0;1
1757;Thailand;0 jaar;2006;1;0;1
1758;Thailand;0 jaar;2007;0;0;0
1759;Thailand;0 jaar;2008;2;0;2
1760;Thailand;0 jaar;2009;0;0;0
1761;Thailand;0 jaar;2010;0;0;0
1762;Thailand;0 jaar;2011;2;1;1
1763;Thailand;0 jaar;2012;0;0;0
1764;Thailand;1 jaar;1995;9;0;9
1765;Thailand;1 jaar;1996;15;0;15
1766;Thailand;1 jaar;1997;19;1;18
1767;Thailand;1 jaar;1998;20;3;17
1768;Thailand;1 jaar;1999;10;3;7
1769;Thailand;1 jaar;2000;9;2;7
1770;Thailand;1 jaar;2001;8;3;5
1771;Thailand;1 jaar;2002;4;2;2
1772;Thailand;1 jaar;2003;7;1;6
1773;Thailand;1 jaar;2004;1;0;1
1774;Thailand;1 jaar;2005;2;0;2
1775;Thailand;1 jaar;2006;7;1;6
1776;Thailand;1 jaar;2007;4;0;4
1777;Thailand;1 jaar;2008;1;0;1
1778;Thailand;1 jaar;2009;2;0;2
1779;Thailand;1 jaar;2010;2;1;1
1780;Thailand;1 jaar;2011;2;1;1
1781;Thailand;1 jaar;2012;1;0;1
1782;Thailand;2 jaar;1995;7;1;6
1783;Thailand;2 jaar;1996;9;0;9
1784;Thailand;2 jaar;1997;5;1;4
1785;Thailand;2 jaar;1998;6;0;6
1786;Thailand;2 jaar;1999;12;4;8
1787;Thailand;2 jaar;2000;7;1;6
1788;Thailand;2 jaar;2001;4;0;4
1789;Thailand;2 jaar;2002;7;1;6
1790;Thailand;2 jaar;2003;5;2;3
1791;Thailand;2 jaar;2004;2;0;2
1792;Thailand;2 jaar;2005;5;0;5
1793;Thailand;2 jaar;2006;5;0;5
1794;Thailand;2 jaar;2007;8;0;8
1795;Thailand;2 jaar;2008;4;0;4
1796;Thailand;2 jaar;2009;6;2;4
1797;Thailand;2 jaar;2010;0;0;0
1798;Thailand;2 jaar;2011;2;1;1
1799;Thailand;2 jaar;2012;5;1;4
1800;Thailand;3 jaar;1995;4;1;3
1801;Thailand;3 jaar;1996;2;1;1
1802;Thailand;3 jaar;1997;5;0;5
1803;Thailand;3 jaar;1998;4;1;3
1804;Thailand;3 jaar;1999;3;1;2
1805;Thailand;3 jaar;2000;1;1;0
1806;Thailand;3 jaar;2001;2;1;1
1807;Thailand;3 jaar;2002;1;0;1
1808;Thailand;3 jaar;2003;2;0;2
1809;Thailand;3 jaar;2004;6;1;5
1810;Thailand;3 jaar;2005;5;0;5
1811;Thailand;3 jaar;2006;4;1;3
1812;Thailand;3 jaar;2007;0;0;0
1813;Thailand;3 jaar;2008;4;0;4
1814;Thailand;3 jaar;2009;5;2;3
1815;Thailand;3 jaar;2010;4;1;3
1816;Thailand;3 jaar;2011;1;0;1
1817;Thailand;3 jaar;2012;0;0;0
1818;Thailand;4 jaar;1995;0;0;0
1819;Thailand;4 jaar;1996;0;0;0
1820;Thailand;4 jaar;1997;2;1;1
1821;Thailand;4 jaar;1998;0;0;0
1822;Thailand;4 jaar;1999;2;0;2
1823;Thailand;4 jaar;2000;1;0;1
1824;Thailand;4 jaar;2001;1;0;1
1825;Thailand;4 jaar;2002;1;1;0
1826;Thailand;4 jaar;2003;2;0;2
1827;Thailand;4 jaar;2004;1;1;0
1828;Thailand;4 jaar;2005;0;0;0
1829;Thailand;4 jaar;2006;1;0;1
1830;Thailand;4 jaar;2007;1;0;1
1831;Thailand;4 jaar;2008;3;0;3
1832;Thailand;4 jaar;2009;0;0;0
1833;Thailand;4 jaar;2010;1;0;1
1834;Thailand;4 jaar;2011;3;1;2
1835;Thailand;4 jaar;2012;2;0;2
1836;Thailand;5 jaar;1995;0;0;0
1837;Thailand;5 jaar;1996;3;0;3
1838;Thailand;5 jaar;1997;1;1;0
1839;Thailand;5 jaar;1998;2;0;2
1840;Thailand;5 jaar;1999;0;0;0
1841;Thailand;5 jaar;2000;0;0;0
1842;Thailand;5 jaar;2001;0;0;0
1843;Thailand;5 jaar;2002;0;0;0
1844;Thailand;5 jaar;2003;1;1;0
1845;Thailand;5 jaar;2004;1;0;1
1846;Thailand;5 jaar;2005;0;0;0
1847;Thailand;5 jaar;2006;0;0;0
1848;Thailand;5 jaar;2007;1;0;1
1849;Thailand;5 jaar;2008;1;0;1
1850;Thailand;5 jaar;2009;1;0;1
1851;Thailand;5 jaar;2010;0;0;0
1852;Thailand;5 jaar;2011;1;1;0
1853;Thailand;5 jaar;2012;1;0;1
1854;Thailand;6 jaar of ouder;1995;0;0;0
1855;Thailand;6 jaar of ouder;1996;2;1;1
1856;Thailand;6 jaar of ouder;1997;1;1;0
1857;Thailand;6 jaar of ouder;1998;0;0;0
1858;Thailand;6 jaar of ouder;1999;0;0;0
1859;Thailand;6 jaar of ouder;2000;0;0;0
1860;Thailand;6 jaar of ouder;2001;0;0;0
1861;Thailand;6 jaar of ouder;2002;1;0;1
1862;Thailand;6 jaar of ouder;2003;0;0;0
1863;Thailand;6 jaar of ouder;2004;0;0;0
1864;Thailand;6 jaar of ouder;2005;0;0;0
1865;Thailand;6 jaar of ouder;2006;4;0;4
1866;Thailand;6 jaar of ouder;2007;2;2;0
1867;Thailand;6 jaar of ouder;2008;4;0;4
1868;Thailand;6 jaar of ouder;2009;0;0;0
1869;Thailand;6 jaar of ouder;2010;0;0;0
1870;Thailand;6 jaar of ouder;2011;3;1;2
1871;Thailand;6 jaar of ouder;2012;0;0;0
1872;Guatemala;Alle leeftijden;1995;1;0;1
1873;Guatemala;Alle leeftijden;1996;4;4;0
1874;Guatemala;Alle leeftijden;1997;2;2;0
1875;Guatemala;Alle leeftijden;1998;14;6;8
1876;Guatemala;Alle leeftijden;1999;39;21;18
1877;Guatemala;Alle leeftijden;2000;44;9;35
1878;Guatemala;Alle leeftijden;2001;53;23;30
1879;Guatemala;Alle leeftijden;2002;4;0;4
1880;Guatemala;Alle leeftijden;2003;4;1;3
1881;Guatemala;Alle leeftijden;2004;4;3;1
1882;Guatemala;Alle leeftijden;2005;1;1;0
1883;Guatemala;Alle leeftijden;2006;2;1;1
1884;Guatemala;Alle leeftijden;2007;5;2;3
1885;Guatemala;Alle leeftijden;2008;1;1;0
1886;Guatemala;Alle leeftijden;2009;0;0;0
1887;Guatemala;Alle leeftijden;2010;0;0;0
1888;Guatemala;Alle leeftijden;2011;0;0;0
1889;Guatemala;Alle leeftijden;2012;1;1;0
1890;Guatemala;0 jaar;1995;0;0;0
1891;Guatemala;0 jaar;1996;3;3;0
1892;Guatemala;0 jaar;1997;2;2;0
1893;Guatemala;0 jaar;1998;13;5;8
1894;Guatemala;0 jaar;1999;35;19;16
1895;Guatemala;0 jaar;2000;43;8;35
1896;Guatemala;0 jaar;2001;48;20;28
1897;Guatemala;0 jaar;2002;1;0;1
1898;Guatemala;0 jaar;2003;0;0;0
1899;Guatemala;0 jaar;2004;0;0;0
1900;Guatemala;0 jaar;2005;0;0;0
1901;Guatemala;0 jaar;2006;0;0;0
1902;Guatemala;0 jaar;2007;1;1;0
1903;Guatemala;0 jaar;2008;0;0;0
1904;Guatemala;0 jaar;2009;0;0;0
1905;Guatemala;0 jaar;2010;0;0;0
1906;Guatemala;0 jaar;2011;0;0;0
1907;Guatemala;0 jaar;2012;0;0;0
1908;Guatemala;1 jaar;1995;1;0;1
1909;Guatemala;1 jaar;1996;1;1;0
1910;Guatemala;1 jaar;1997;0;0;0
1911;Guatemala;1 jaar;1998;0;0;0
1912;Guatemala;1 jaar;1999;4;2;2
1913;Guatemala;1 jaar;2000;1;1;0
1914;Guatemala;1 jaar;2001;5;3;2
1915;Guatemala;1 jaar;2002;2;0;2
1916;Guatemala;1 jaar;2003;1;0;1
1917;Guatemala;1 jaar;2004;1;1;0
1918;Guatemala;1 jaar;2005;0;0;0
1919;Guatemala;1 jaar;2006;2;1;1
1920;Guatemala;1 jaar;2007;3;0;3
1921;Guatemala;1 jaar;2008;0;0;0
1922;Guatemala;1 jaar;2009;0;0;0
1923;Guatemala;1 jaar;2010;0;0;0
1924;Guatemala;1 jaar;2011;0;0;0
1925;Guatemala;1 jaar;2012;0;0;0
1926;Guatemala;2 jaar;1995;0;0;0
1927;Guatemala;2 jaar;1996;0;0;0
1928;Guatemala;2 jaar;1997;0;0;0
1929;Guatemala;2 jaar;1998;0;0;0
1930;Guatemala;2 jaar;1999;0;0;0
1931;Guatemala;2 jaar;2000;0;0;0
1932;Guatemala;2 jaar;2001;0;0;0
1933;Guatemala;2 jaar;2002;1;0;1
1934;Guatemala;2 jaar;2003;3;1;2
1935;Guatemala;2 jaar;2004;2;2;0
1936;Guatemala;2 jaar;2005;1;1;0
1937;Guatemala;2 jaar;2006;0;0;0
1938;Guatemala;2 jaar;2007;1;1;0
1939;Guatemala;2 jaar;2008;0;0;0
1940;Guatemala;2 jaar;2009;0;0;0
1941;Guatemala;2 jaar;2010;0;0;0
1942;Guatemala;2 jaar;2011;0;0;0
1943;Guatemala;2 jaar;2012;0;0;0
1944;Guatemala;3 jaar;1995;0;0;0
1945;Guatemala;3 jaar;1996;0;0;0
1946;Guatemala;3 jaar;1997;0;0;0
1947;Guatemala;3 jaar;1998;0;0;0
1948;Guatemala;3 jaar;1999;0;0;0
1949;Guatemala;3 jaar;2000;0;0;0
1950;Guatemala;3 jaar;2001;0;0;0
1951;Guatemala;3 jaar;2002;0;0;0
1952;Guatemala;3 jaar;2003;0;0;0
1953;Guatemala;3 jaar;2004;1;0;1
1954;Guatemala;3 jaar;2005;0;0;0
1955;Guatemala;3 jaar;2006;0;0;0
1956;Guatemala;3 jaar;2007;0;0;0
1957;Guatemala;3 jaar;2008;1;1;0
1958;Guatemala;3 jaar;2009;0;0;0
1959;Guatemala;3 jaar;2010;0;0;0
1960;Guatemala;3 jaar;2011;0;0;0
1961;Guatemala;3 jaar;2012;0;0;0
1962;Guatemala;4 jaar;1995;0;0;0
1963;Guatemala;4 jaar;1996;0;0;0
1964;Guatemala;4 jaar;1997;0;0;0
1965;Guatemala;4 jaar;1998;0;0;0
1966;Guatemala;4 jaar;1999;0;0;0
1967;Guatemala;4 jaar;2000;0;0;0
1968;Guatemala;4 jaar;2001;0;0;0
1969;Guatemala;4 jaar;2002;0;0;0
1970;Guatemala;4 jaar;2003;0;0;0
1971;Guatemala;4 jaar;2004;0;0;0
1972;Guatemala;4 jaar;2005;0;0;0
1973;Guatemala;4 jaar;2006;0;0;0
1974;Guatemala;4 jaar;2007;0;0;0
1975;Guatemala;4 jaar;2008;0;0;0
1976;Guatemala;4 jaar;2009;0;0;0
1977;Guatemala;4 jaar;2010;0;0;0
1978;Guatemala;4 jaar;2011;0;0;0
1979;Guatemala;4 jaar;2012;0;0;0
1980;Guatemala;5 jaar;1995;0;0;0
1981;Guatemala;5 jaar;1996;0;0;0
1982;Guatemala;5 jaar;1997;0;0;0
1983;Guatemala;5 jaar;1998;1;1;0
1984;Guatemala;5 jaar;1999;0;0;0
1985;Guatemala;5 jaar;2000;0;0;0
1986;Guatemala;5 jaar;2001;0;0;0
1987;Guatemala;5 jaar;2002;0;0;0
1988;Guatemala;5 jaar;2003;0;0;0
1989;Guatemala;5 jaar;2004;0;0;0
1990;Guatemala;5 jaar;2005;0;0;0
1991;Guatemala;5 jaar;2006;0;0;0
1992;Guatemala;5 jaar;2007;0;0;0
1993;Guatemala;5 jaar;2008;0;0;0
1994;Guatemala;5 jaar;2009;0;0;0
1995;Guatemala;5 jaar;2010;0;0;0
1996;Guatemala;5 jaar;2011;0;0;0
1997;Guatemala;5 jaar;2012;0;0;0
1998;Guatemala;6 jaar of ouder;1995;0;0;0
1999;Guatemala;6 jaar of ouder;1996;0;0;0
2000;Guatemala;6 jaar of ouder;1997;0;0;0
2001;Guatemala;6 jaar of ouder;1998;0;0;0
2002;Guatemala;6 jaar of ouder;1999;0;0;0
2003;Guatemala;6 jaar of ouder;2000;0;0;0
2004;Guatemala;6 jaar of ouder;2001;0;0;0
2005;Guatemala;6 jaar of ouder;2002;0;0;0
2006;Guatemala;6 jaar of ouder;2003;0;0;0
2007;Guatemala;6 jaar of ouder;2004;0;0;0
2008;Guatemala;6 jaar of ouder;2005;0;0;0
2009;Guatemala;6 jaar of ouder;2006;0;0;0
2010;Guatemala;6 jaar of ouder;2007;0;0;0
2011;Guatemala;6 jaar of ouder;2008;0;0;0
2012;Guatemala;6 jaar of ouder;2009;0;0;0
2013;Guatemala;6 jaar of ouder;2010;0;0;0
2014;Guatemala;6 jaar of ouder;2011;0;0;0
2015;Guatemala;6 jaar of ouder;2012;1;1;0
2016;Filippijnen;Alle leeftijden;1995;14;5;9
2017;Filippijnen;Alle leeftijden;1996;11;3;8
2018;Filippijnen;Alle leeftijden;1997;4;2;2
2019;Filippijnen;Alle leeftijden;1998;13;4;9
2020;Filippijnen;Alle leeftijden;1999;13;7;6
2021;Filippijnen;Alle leeftijden;2000;6;2;4
2022;Filippijnen;Alle leeftijden;2001;19;6;13
2023;Filippijnen;Alle leeftijden;2002;13;5;8
2024;Filippijnen;Alle leeftijden;2003;10;1;9
2025;Filippijnen;Alle leeftijden;2004;12;2;10
2026;Filippijnen;Alle leeftijden;2005;11;2;9
2027;Filippijnen;Alle leeftijden;2006;9;2;7
2028;Filippijnen;Alle leeftijden;2007;12;0;12
2029;Filippijnen;Alle leeftijden;2008;11;4;7
2030;Filippijnen;Alle leeftijden;2009;18;2;16
2031;Filippijnen;Alle leeftijden;2010;12;4;8
2032;Filippijnen;Alle leeftijden;2011;11;2;9
2033;Filippijnen;Alle leeftijden;2012;8;3;5
2034;Filippijnen;0 jaar;1995;7;2;5
2035;Filippijnen;0 jaar;1996;6;1;5
2036;Filippijnen;0 jaar;1997;1;0;1
2037;Filippijnen;0 jaar;1998;3;0;3
2038;Filippijnen;0 jaar;1999;0;0;0
2039;Filippijnen;0 jaar;2000;0;0;0
2040;Filippijnen;0 jaar;2001;2;1;1
2041;Filippijnen;0 jaar;2002;2;1;1
2042;Filippijnen;0 jaar;2003;1;0;1
2043;Filippijnen;0 jaar;2004;3;0;3
2044;Filippijnen;0 jaar;2005;0;0;0
2045;Filippijnen;0 jaar;2006;0;0;0
2046;Filippijnen;0 jaar;2007;0;0;0
2047;Filippijnen;0 jaar;2008;2;0;2
2048;Filippijnen;0 jaar;2009;0;0;0
2049;Filippijnen;0 jaar;2010;0;0;0
2050;Filippijnen;0 jaar;2011;0;0;0
2051;Filippijnen;0 jaar;2012;0;0;0
2052;Filippijnen;1 jaar;1995;4;2;2
2053;Filippijnen;1 jaar;1996;3;0;3
2054;Filippijnen;1 jaar;1997;2;1;1
2055;Filippijnen;1 jaar;1998;5;3;2
2056;Filippijnen;1 jaar;1999;9;5;4
2057;Filippijnen;1 jaar;2000;4;1;3
2058;Filippijnen;1 jaar;2001;9;2;7
2059;Filippijnen;1 jaar;2002;8;3;5
2060;Filippijnen;1 jaar;2003;2;0;2
2061;Filippijnen;1 jaar;2004;4;1;3
2062;Filippijnen;1 jaar;2005;3;1;2
2063;Filippijnen;1 jaar;2006;2;2;0
2064;Filippijnen;1 jaar;2007;6;0;6
2065;Filippijnen;1 jaar;2008;4;1;3
2066;Filippijnen;1 jaar;2009;8;1;7
2067;Filippijnen;1 jaar;2010;5;1;4
2068;Filippijnen;1 jaar;2011;2;1;1
2069;Filippijnen;1 jaar;2012;1;0;1
2070;Filippijnen;2 jaar;1995;2;1;1
2071;Filippijnen;2 jaar;1996;0;0;0
2072;Filippijnen;2 jaar;1997;0;0;0
2073;Filippijnen;2 jaar;1998;3;1;2
2074;Filippijnen;2 jaar;1999;3;1;2
2075;Filippijnen;2 jaar;2000;1;1;0
2076;Filippijnen;2 jaar;2001;6;1;5
2077;Filippijnen;2 jaar;2002;2;1;1
2078;Filippijnen;2 jaar;2003;6;1;5
2079;Filippijnen;2 jaar;2004;3;0;3
2080;Filippijnen;2 jaar;2005;2;0;2
2081;Filippijnen;2 jaar;2006;6;0;6
2082;Filippijnen;2 jaar;2007;3;0;3
2083;Filippijnen;2 jaar;2008;3;1;2
2084;Filippijnen;2 jaar;2009;6;0;6
2085;Filippijnen;2 jaar;2010;3;1;2
2086;Filippijnen;2 jaar;2011;5;0;5
2087;Filippijnen;2 jaar;2012;3;1;2
2088;Filippijnen;3 jaar;1995;0;0;0
2089;Filippijnen;3 jaar;1996;0;0;0
2090;Filippijnen;3 jaar;1997;0;0;0
2091;Filippijnen;3 jaar;1998;0;0;0
2092;Filippijnen;3 jaar;1999;0;0;0
2093;Filippijnen;3 jaar;2000;1;0;1
2094;Filippijnen;3 jaar;2001;1;1;0
2095;Filippijnen;3 jaar;2002;0;0;0
2096;Filippijnen;3 jaar;2003;1;0;1
2097;Filippijnen;3 jaar;2004;0;0;0
2098;Filippijnen;3 jaar;2005;4;1;3
2099;Filippijnen;3 jaar;2006;1;0;1
2100;Filippijnen;3 jaar;2007;1;0;1
2101;Filippijnen;3 jaar;2008;2;2;0
2102;Filippijnen;3 jaar;2009;3;1;2
2103;Filippijnen;3 jaar;2010;2;0;2
2104;Filippijnen;3 jaar;2011;2;0;2
2105;Filippijnen;3 jaar;2012;2;1;1
2106;Filippijnen;4 jaar;1995;1;0;1
2107;Filippijnen;4 jaar;1996;0;0;0
2108;Filippijnen;4 jaar;1997;0;0;0
2109;Filippijnen;4 jaar;1998;1;0;1
2110;Filippijnen;4 jaar;1999;0;0;0
2111;Filippijnen;4 jaar;2000;0;0;0
2112;Filippijnen;4 jaar;2001;0;0;0
2113;Filippijnen;4 jaar;2002;1;0;1
2114;Filippijnen;4 jaar;2003;0;0;0
2115;Filippijnen;4 jaar;2004;1;0;1
2116;Filippijnen;4 jaar;2005;0;0;0
2117;Filippijnen;4 jaar;2006;0;0;0
2118;Filippijnen;4 jaar;2007;0;0;0
2119;Filippijnen;4 jaar;2008;0;0;0
2120;Filippijnen;4 jaar;2009;0;0;0
2121;Filippijnen;4 jaar;2010;2;2;0
2122;Filippijnen;4 jaar;2011;0;0;0
2123;Filippijnen;4 jaar;2012;2;1;1
2124;Filippijnen;5 jaar;1995;0;0;0
2125;Filippijnen;5 jaar;1996;1;1;0
2126;Filippijnen;5 jaar;1997;0;0;0
2127;Filippijnen;5 jaar;1998;1;0;1
2128;Filippijnen;5 jaar;1999;0;0;0
2129;Filippijnen;5 jaar;2000;0;0;0
2130;Filippijnen;5 jaar;2001;0;0;0
2131;Filippijnen;5 jaar;2002;0;0;0
2132;Filippijnen;5 jaar;2003;0;0;0
2133;Filippijnen;5 jaar;2004;0;0;0
2134;Filippijnen;5 jaar;2005;1;0;1
2135;Filippijnen;5 jaar;2006;0;0;0
2136;Filippijnen;5 jaar;2007;0;0;0
2137;Filippijnen;5 jaar;2008;0;0;0
2138;Filippijnen;5 jaar;2009;0;0;0
2139;Filippijnen;5 jaar;2010;0;0;0
2140;Filippijnen;5 jaar;2011;1;0;1
2141;Filippijnen;5 jaar;2012;0;0;0
2142;Filippijnen;6 jaar of ouder;1995;0;0;0
2143;Filippijnen;6 jaar of ouder;1996;1;1;0
2144;Filippijnen;6 jaar of ouder;1997;1;1;0
2145;Filippijnen;6 jaar of ouder;1998;0;0;0
2146;Filippijnen;6 jaar of ouder;1999;1;1;0
2147;Filippijnen;6 jaar of ouder;2000;0;0;0
2148;Filippijnen;6 jaar of ouder;2001;1;1;0
2149;Filippijnen;6 jaar of ouder;2002;0;0;0
2150;Filippijnen;6 jaar of ouder;2003;0;0;0
2151;Filippijnen;6 jaar of ouder;2004;1;1;0
2152;Filippijnen;6 jaar of ouder;2005;1;0;1
2153;Filippijnen;6 jaar of ouder;2006;0;0;0
2154;Filippijnen;6 jaar of ouder;2007;2;0;2
2155;Filippijnen;6 jaar of ouder;2008;0;0;0
2156;Filippijnen;6 jaar of ouder;2009;1;0;1
2157;Filippijnen;6 jaar of ouder;2010;0;0;0
2158;Filippijnen;6 jaar of ouder;2011;1;1;0
2159;Filippijnen;6 jaar of ouder;2012;0;0;0
2160;Suriname;Alle leeftijden;1995;11;4;7
2161;Suriname;Alle leeftijden;1996;13;7;6
2162;Suriname;Alle leeftijden;1997;10;3;7
2163;Suriname;Alle leeftijden;1998;15;5;10
2164;Suriname;Alle leeftijden;1999;14;7;7
2165;Suriname;Alle leeftijden;2000;10;4;6
2166;Suriname;Alle leeftijden;2001;13;8;5
2167;Suriname;Alle leeftijden;2002;13;8;5
2168;Suriname;Alle leeftijden;2003;10;5;5
2169;Suriname;Alle leeftijden;2004;15;9;6
2170;Suriname;Alle leeftijden;2005;14;2;12
2171;Suriname;Alle leeftijden;2006;7;2;5
2172;Suriname;Alle leeftijden;2007;7;2;5
2173;Suriname;Alle leeftijden;2008;3;1;2
2174;Suriname;Alle leeftijden;2009;8;4;4
2175;Suriname;Alle leeftijden;2010;3;2;1
2176;Suriname;Alle leeftijden;2011;2;2;0
2177;Suriname;Alle leeftijden;2012;3;2;1
2178;Suriname;0 jaar;1995;3;0;3
2179;Suriname;0 jaar;1996;0;0;0
2180;Suriname;0 jaar;1997;5;1;4
2181;Suriname;0 jaar;1998;2;0;2
2182;Suriname;0 jaar;1999;2;1;1
2183;Suriname;0 jaar;2000;2;1;1
2184;Suriname;0 jaar;2001;1;1;0
2185;Suriname;0 jaar;2002;3;2;1
2186;Suriname;0 jaar;2003;2;2;0
2187;Suriname;0 jaar;2004;2;0;2
2188;Suriname;0 jaar;2005;1;1;0
2189;Suriname;0 jaar;2006;2;1;1
2190;Suriname;0 jaar;2007;0;0;0
2191;Suriname;0 jaar;2008;0;0;0
2192;Suriname;0 jaar;2009;0;0;0
2193;Suriname;0 jaar;2010;0;0;0
2194;Suriname;0 jaar;2011;0;0;0
2195;Suriname;0 jaar;2012;1;1;0
2196;Suriname;1 jaar;1995;2;1;1
2197;Suriname;1 jaar;1996;6;4;2
2198;Suriname;1 jaar;1997;2;0;2
2199;Suriname;1 jaar;1998;4;3;1
2200;Suriname;1 jaar;1999;0;0;0
2201;Suriname;1 jaar;2000;1;1;0
2202;Suriname;1 jaar;2001;3;2;1
2203;Suriname;1 jaar;2002;2;1;1
2204;Suriname;1 jaar;2003;2;0;2
2205;Suriname;1 jaar;2004;0;0;0
2206;Suriname;1 jaar;2005;4;0;4
2207;Suriname;1 jaar;2006;3;0;3
2208;Suriname;1 jaar;2007;0;0;0
2209;Suriname;1 jaar;2008;0;0;0
2210;Suriname;1 jaar;2009;1;1;0
2211;Suriname;1 jaar;2010;0;0;0
2212;Suriname;1 jaar;2011;0;0;0
2213;Suriname;1 jaar;2012;0;0;0
2214;Suriname;2 jaar;1995;2;2;0
2215;Suriname;2 jaar;1996;1;0;1
2216;Suriname;2 jaar;1997;1;0;1
2217;Suriname;2 jaar;1998;0;0;0
2218;Suriname;2 jaar;1999;2;1;1
2219;Suriname;2 jaar;2000;1;0;1
2220;Suriname;2 jaar;2001;2;0;2
2221;Suriname;2 jaar;2002;0;0;0
2222;Suriname;2 jaar;2003;0;0;0
2223;Suriname;2 jaar;2004;3;2;1
2224;Suriname;2 jaar;2005;2;1;1
2225;Suriname;2 jaar;2006;0;0;0
2226;Suriname;2 jaar;2007;2;1;1
2227;Suriname;2 jaar;2008;0;0;0
2228;Suriname;2 jaar;2009;1;1;0
2229;Suriname;2 jaar;2010;0;0;0
2230;Suriname;2 jaar;2011;0;0;0
2231;Suriname;2 jaar;2012;0;0;0
2232;Suriname;3 jaar;1995;1;0;1
2233;Suriname;3 jaar;1996;3;2;1
2234;Suriname;3 jaar;1997;0;0;0
2235;Suriname;3 jaar;1998;1;0;1
2236;Suriname;3 jaar;1999;2;2;0
2237;Suriname;3 jaar;2000;1;0;1
2238;Suriname;3 jaar;2001;2;1;1
2239;Suriname;3 jaar;2002;1;1;0
2240;Suriname;3 jaar;2003;1;0;1
2241;Suriname;3 jaar;2004;1;1;0
2242;Suriname;3 jaar;2005;2;0;2
2243;Suriname;3 jaar;2006;1;0;1
2244;Suriname;3 jaar;2007;0;0;0
2245;Suriname;3 jaar;2008;0;0;0
2246;Suriname;3 jaar;2009;0;0;0
2247;Suriname;3 jaar;2010;1;1;0
2248;Suriname;3 jaar;2011;1;1;0
2249;Suriname;3 jaar;2012;0;0;0
2250;Suriname;4 jaar;1995;1;0;1
2251;Suriname;4 jaar;1996;1;1;0
2252;Suriname;4 jaar;1997;1;1;0
2253;Suriname;4 jaar;1998;2;0;2
2254;Suriname;4 jaar;1999;2;0;2
2255;Suriname;4 jaar;2000;2;1;1
2256;Suriname;4 jaar;2001;1;0;1
2257;Suriname;4 jaar;2002;3;2;1
2258;Suriname;4 jaar;2003;1;1;0
2259;Suriname;4 jaar;2004;3;2;1
2260;Suriname;4 jaar;2005;1;0;1
2261;Suriname;4 jaar;2006;0;0;0
2262;Suriname;4 jaar;2007;0;0;0
2263;Suriname;4 jaar;2008;0;0;0
2264;Suriname;4 jaar;2009;1;1;0
2265;Suriname;4 jaar;2010;1;0;1
2266;Suriname;4 jaar;2011;0;0;0
2267;Suriname;4 jaar;2012;1;1;0
2268;Suriname;5 jaar;1995;0;0;0
2269;Suriname;5 jaar;1996;0;0;0
2270;Suriname;5 jaar;1997;0;0;0
2271;Suriname;5 jaar;1998;3;1;2
2272;Suriname;5 jaar;1999;2;1;1
2273;Suriname;5 jaar;2000;1;1;0
2274;Suriname;5 jaar;2001;1;1;0
2275;Suriname;5 jaar;2002;0;0;0
2276;Suriname;5 jaar;2003;2;1;1
2277;Suriname;5 jaar;2004;3;2;1
2278;Suriname;5 jaar;2005;2;0;2
2279;Suriname;5 jaar;2006;1;1;0
2280;Suriname;5 jaar;2007;3;0;3
2281;Suriname;5 jaar;2008;0;0;0
2282;Suriname;5 jaar;2009;1;0;1
2283;Suriname;5 jaar;2010;0;0;0
2284;Suriname;5 jaar;2011;1;1;0
2285;Suriname;5 jaar;2012;0;0;0
2286;Suriname;6 jaar of ouder;1995;2;1;1
2287;Suriname;6 jaar of ouder;1996;2;0;2
2288;Suriname;6 jaar of ouder;1997;1;1;0
2289;Suriname;6 jaar of ouder;1998;3;1;2
2290;Suriname;6 jaar of ouder;1999;4;2;2
2291;Suriname;6 jaar of ouder;2000;2;0;2
2292;Suriname;6 jaar of ouder;2001;3;3;0
2293;Suriname;6 jaar of ouder;2002;4;2;2
2294;Suriname;6 jaar of ouder;2003;2;1;1
2295;Suriname;6 jaar of ouder;2004;3;2;1
2296;Suriname;6 jaar of ouder;2005;2;0;2
2297;Suriname;6 jaar of ouder;2006;0;0;0
2298;Suriname;6 jaar of ouder;2007;2;1;1
2299;Suriname;6 jaar of ouder;2008;3;1;2
2300;Suriname;6 jaar of ouder;2009;4;1;3
2301;Suriname;6 jaar of ouder;2010;1;1;0
2302;Suriname;6 jaar of ouder;2011;0;0;0
2303;Suriname;6 jaar of ouder;2012;1;0;1
2304;Nigeria;Alle leeftijden;1995;0;0;0
2305;Nigeria;Alle leeftijden;1996;1;1;0
2306;Nigeria;Alle leeftijden;1997;3;1;2
2307;Nigeria;Alle leeftijden;1998;7;6;1
2308;Nigeria;Alle leeftijden;1999;9;4;5
2309;Nigeria;Alle leeftijden;2000;1;0;1
2310;Nigeria;Alle leeftijden;2001;3;0;3
2311;Nigeria;Alle leeftijden;2002;3;1;2
2312;Nigeria;Alle leeftijden;2003;5;5;0
2313;Nigeria;Alle leeftijden;2004;16;11;5
2314;Nigeria;Alle leeftijden;2005;24;10;14
2315;Nigeria;Alle leeftijden;2006;30;15;15
2316;Nigeria;Alle leeftijden;2007;23;10;13
2317;Nigeria;Alle leeftijden;2008;22;11;11
2318;Nigeria;Alle leeftijden;2009;15;5;10
2319;Nigeria;Alle leeftijden;2010;12;9;3
2320;Nigeria;Alle leeftijden;2011;14;7;7
2321;Nigeria;Alle leeftijden;2012;18;9;9
2322;Nigeria;0 jaar;1995;0;0;0
2323;Nigeria;0 jaar;1996;0;0;0
2324;Nigeria;0 jaar;1997;1;0;1
2325;Nigeria;0 jaar;1998;0;0;0
2326;Nigeria;0 jaar;1999;1;1;0
2327;Nigeria;0 jaar;2000;1;0;1
2328;Nigeria;0 jaar;2001;0;0;0
2329;Nigeria;0 jaar;2002;2;1;1
2330;Nigeria;0 jaar;2003;1;1;0
2331;Nigeria;0 jaar;2004;4;2;2
2332;Nigeria;0 jaar;2005;3;1;2
2333;Nigeria;0 jaar;2006;6;4;2
2334;Nigeria;0 jaar;2007;5;2;3
2335;Nigeria;0 jaar;2008;3;2;1
2336;Nigeria;0 jaar;2009;1;1;0
2337;Nigeria;0 jaar;2010;2;2;0
2338;Nigeria;0 jaar;2011;1;1;0
2339;Nigeria;0 jaar;2012;1;0;1
2340;Nigeria;1 jaar;1995;0;0;0
2341;Nigeria;1 jaar;1996;0;0;0
2342;Nigeria;1 jaar;1997;0;0;0
2343;Nigeria;1 jaar;1998;2;2;0
2344;Nigeria;1 jaar;1999;1;0;1
2345;Nigeria;1 jaar;2000;0;0;0
2346;Nigeria;1 jaar;2001;1;0;1
2347;Nigeria;1 jaar;2002;1;0;1
2348;Nigeria;1 jaar;2003;2;2;0
2349;Nigeria;1 jaar;2004;1;1;0
2350;Nigeria;1 jaar;2005;6;3;3
2351;Nigeria;1 jaar;2006;6;3;3
2352;Nigeria;1 jaar;2007;4;1;3
2353;Nigeria;1 jaar;2008;2;2;0
2354;Nigeria;1 jaar;2009;2;1;1
2355;Nigeria;1 jaar;2010;2;0;2
2356;Nigeria;1 jaar;2011;4;3;1
2357;Nigeria;1 jaar;2012;4;2;2
2358;Nigeria;2 jaar;1995;0;0;0
2359;Nigeria;2 jaar;1996;1;1;0
2360;Nigeria;2 jaar;1997;1;1;0
2361;Nigeria;2 jaar;1998;3;2;1
2362;Nigeria;2 jaar;1999;3;1;2
2363;Nigeria;2 jaar;2000;0;0;0
2364;Nigeria;2 jaar;2001;1;0;1
2365;Nigeria;2 jaar;2002;0;0;0
2366;Nigeria;2 jaar;2003;1;1;0
2367;Nigeria;2 jaar;2004;5;4;1
2368;Nigeria;2 jaar;2005;5;1;4
2369;Nigeria;2 jaar;2006;9;4;5
2370;Nigeria;2 jaar;2007;5;3;2
2371;Nigeria;2 jaar;2008;4;2;2
2372;Nigeria;2 jaar;2009;3;0;3
2373;Nigeria;2 jaar;2010;2;1;1
2374;Nigeria;2 jaar;2011;1;0;1
2375;Nigeria;2 jaar;2012;3;1;2
2376;Nigeria;3 jaar;1995;0;0;0
2377;Nigeria;3 jaar;1996;0;0;0
2378;Nigeria;3 jaar;1997;1;0;1
2379;Nigeria;3 jaar;1998;1;1;0
2380;Nigeria;3 jaar;1999;3;1;2
2381;Nigeria;3 jaar;2000;0;0;0
2382;Nigeria;3 jaar;2001;1;0;1
2383;Nigeria;3 jaar;2002;0;0;0
2384;Nigeria;3 jaar;2003;1;1;0
2385;Nigeria;3 jaar;2004;1;1;0
2386;Nigeria;3 jaar;2005;2;0;2
2387;Nigeria;3 jaar;2006;1;1;0
2388;Nigeria;3 jaar;2007;0;0;0
2389;Nigeria;3 jaar;2008;1;0;1
2390;Nigeria;3 jaar;2009;4;2;2
2391;Nigeria;3 jaar;2010;2;2;0
2392;Nigeria;3 jaar;2011;2;0;2
2393;Nigeria;3 jaar;2012;3;2;1
2394;Nigeria;4 jaar;1995;0;0;0
2395;Nigeria;4 jaar;1996;0;0;0
2396;Nigeria;4 jaar;1997;0;0;0
2397;Nigeria;4 jaar;1998;1;1;0
2398;Nigeria;4 jaar;1999;0;0;0
2399;Nigeria;4 jaar;2000;0;0;0
2400;Nigeria;4 jaar;2001;0;0;0
2401;Nigeria;4 jaar;2002;0;0;0
2402;Nigeria;4 jaar;2003;0;0;0
2403;Nigeria;4 jaar;2004;2;1;1
2404;Nigeria;4 jaar;2005;3;2;1
2405;Nigeria;4 jaar;2006;4;1;3
2406;Nigeria;4 jaar;2007;1;0;1
2407;Nigeria;4 jaar;2008;3;3;0
2408;Nigeria;4 jaar;2009;0;0;0
2409;Nigeria;4 jaar;2010;1;1;0
2410;Nigeria;4 jaar;2011;2;1;1
2411;Nigeria;4 jaar;2012;3;2;1
2412;Nigeria;5 jaar;1995;0;0;0
2413;Nigeria;5 jaar;1996;0;0;0
2414;Nigeria;5 jaar;1997;0;0;0
2415;Nigeria;5 jaar;1998;0;0;0
2416;Nigeria;5 jaar;1999;0;0;0
2417;Nigeria;5 jaar;2000;0;0;0
2418;Nigeria;5 jaar;2001;0;0;0
2419;Nigeria;5 jaar;2002;0;0;0
2420;Nigeria;5 jaar;2003;0;0;0
2421;Nigeria;5 jaar;2004;2;1;1
2422;Nigeria;5 jaar;2005;1;1;0
2423;Nigeria;5 jaar;2006;2;1;1
2424;Nigeria;5 jaar;2007;6;3;3
2425;Nigeria;5 jaar;2008;6;0;6
2426;Nigeria;5 jaar;2009;2;0;2
2427;Nigeria;5 jaar;2010;2;2;0
2428;Nigeria;5 jaar;2011;2;1;1
2429;Nigeria;5 jaar;2012;3;1;2
2430;Nigeria;6 jaar of ouder;1995;0;0;0
2431;Nigeria;6 jaar of ouder;1996;0;0;0
2432;Nigeria;6 jaar of ouder;1997;0;0;0
2433;Nigeria;6 jaar of ouder;1998;0;0;0
2434;Nigeria;6 jaar of ouder;1999;1;1;0
2435;Nigeria;6 jaar of ouder;2000;0;0;0
2436;Nigeria;6 jaar of ouder;2001;0;0;0
2437;Nigeria;6 jaar of ouder;2002;0;0;0
2438;Nigeria;6 jaar of ouder;2003;0;0;0
2439;Nigeria;6 jaar of ouder;2004;1;1;0
2440;Nigeria;6 jaar of ouder;2005;4;2;2
2441;Nigeria;6 jaar of ouder;2006;2;1;1
2442;Nigeria;6 jaar of ouder;2007;2;1;1
2443;Nigeria;6 jaar of ouder;2008;3;2;1
2444;Nigeria;6 jaar of ouder;2009;3;1;2
2445;Nigeria;6 jaar of ouder;2010;1;1;0
2446;Nigeria;6 jaar of ouder;2011;2;1;1
2447;Nigeria;6 jaar of ouder;2012;1;1;0
2448;Roemenië;Alle leeftijden;1995;13;5;8
2449;Roemenië;Alle leeftijden;1996;35;18;17
2450;Roemenië;Alle leeftijden;1997;22;8;14
2451;Roemenië;Alle leeftijden;1998;15;8;7
2452;Roemenië;Alle leeftijden;1999;29;13;16
2453;Roemenië;Alle leeftijden;2000;21;10;11
2454;Roemenië;Alle leeftijden;2001;1;0;1
2455;Roemenië;Alle leeftijden;2002;0;0;0
2456;Roemenië;Alle leeftijden;2003;1;0;1
2457;Roemenië;Alle leeftijden;2004;0;0;0
2458;Roemenië;Alle leeftijden;2005;0;0;0
2459;Roemenië;Alle leeftijden;2006;0;0;0
2460;Roemenië;Alle leeftijden;2007;0;0;0
2461;Roemenië;Alle leeftijden;2008;0;0;0
2462;Roemenië;Alle leeftijden;2009;0;0;0
2463;Roemenië;Alle leeftijden;2010;2;2;0
2464;Roemenië;Alle leeftijden;2011;0;0;0
2465;Roemenië;Alle leeftijden;2012;0;0;0
2466;Roemenië;0 jaar;1995;0;0;0
2467;Roemenië;0 jaar;1996;0;0;0
2468;Roemenië;0 jaar;1997;0;0;0
2469;Roemenië;0 jaar;1998;0;0;0
2470;Roemenië;0 jaar;1999;0;0;0
2471;Roemenië;0 jaar;2000;0;0;0
2472;Roemenië;0 jaar;2001;0;0;0
2473;Roemenië;0 jaar;2002;0;0;0
2474;Roemenië;0 jaar;2003;0;0;0
2475;Roemenië;0 jaar;2004;0;0;0
2476;Roemenië;0 jaar;2005;0;0;0
2477;Roemenië;0 jaar;2006;0;0;0
2478;Roemenië;0 jaar;2007;0;0;0
2479;Roemenië;0 jaar;2008;0;0;0
2480;Roemenië;0 jaar;2009;0;0;0
2481;Roemenië;0 jaar;2010;0;0;0
2482;Roemenië;0 jaar;2011;0;0;0
2483;Roemenië;0 jaar;2012;0;0;0
2484;Roemenië;1 jaar;1995;3;0;3
2485;Roemenië;1 jaar;1996;9;3;6
2486;Roemenië;1 jaar;1997;1;0;1
2487;Roemenië;1 jaar;1998;3;2;1
2488;Roemenië;1 jaar;1999;4;2;2
2489;Roemenië;1 jaar;2000;3;0;3
2490;Roemenië;1 jaar;2001;0;0;0
2491;Roemenië;1 jaar;2002;0;0;0
2492;Roemenië;1 jaar;2003;0;0;0
2493;Roemenië;1 jaar;2004;0;0;0
2494;Roemenië;1 jaar;2005;0;0;0
2495;Roemenië;1 jaar;2006;0;0;0
2496;Roemenië;1 jaar;2007;0;0;0
2497;Roemenië;1 jaar;2008;0;0;0
2498;Roemenië;1 jaar;2009;0;0;0
2499;Roemenië;1 jaar;2010;0;0;0
2500;Roemenië;1 jaar;2011;0;0;0
2501;Roemenië;1 jaar;2012;0;0;0
2502;Roemenië;2 jaar;1995;5;1;4
2503;Roemenië;2 jaar;1996;7;5;2
2504;Roemenië;2 jaar;1997;6;2;4
2505;Roemenië;2 jaar;1998;6;5;1
2506;Roemenië;2 jaar;1999;5;3;2
2507;Roemenië;2 jaar;2000;10;6;4
2508;Roemenië;2 jaar;2001;1;0;1
2509;Roemenië;2 jaar;2002;0;0;0
2510;Roemenië;2 jaar;2003;0;0;0
2511;Roemenië;2 jaar;2004;0;0;0
2512;Roemenië;2 jaar;2005;0;0;0
2513;Roemenië;2 jaar;2006;0;0;0
2514;Roemenië;2 jaar;2007;0;0;0
2515;Roemenië;2 jaar;2008;0;0;0
2516;Roemenië;2 jaar;2009;0;0;0
2517;Roemenië;2 jaar;2010;0;0;0
2518;Roemenië;2 jaar;2011;0;0;0
2519;Roemenië;2 jaar;2012;0;0;0
2520;Roemenië;3 jaar;1995;4;3;1
2521;Roemenië;3 jaar;1996;11;6;5
2522;Roemenië;3 jaar;1997;5;2;3
2523;Roemenië;3 jaar;1998;4;0;4
2524;Roemenië;3 jaar;1999;6;4;2
2525;Roemenië;3 jaar;2000;2;1;1
2526;Roemenië;3 jaar;2001;0;0;0
2527;Roemenië;3 jaar;2002;0;0;0
2528;Roemenië;3 jaar;2003;0;0;0
2529;Roemenië;3 jaar;2004;0;0;0
2530;Roemenië;3 jaar;2005;0;0;0
2531;Roemenië;3 jaar;2006;0;0;0
2532;Roemenië;3 jaar;2007;0;0;0
2533;Roemenië;3 jaar;2008;0;0;0
2534;Roemenië;3 jaar;2009;0;0;0
2535;Roemenië;3 jaar;2010;0;0;0
2536;Roemenië;3 jaar;2011;0;0;0
2537;Roemenië;3 jaar;2012;0;0;0
2538;Roemenië;4 jaar;1995;1;1;0
2539;Roemenië;4 jaar;1996;5;3;2
2540;Roemenië;4 jaar;1997;4;3;1
2541;Roemenië;4 jaar;1998;0;0;0
2542;Roemenië;4 jaar;1999;8;2;6
2543;Roemenië;4 jaar;2000;3;2;1
2544;Roemenië;4 jaar;2001;0;0;0
2545;Roemenië;4 jaar;2002;0;0;0
2546;Roemenië;4 jaar;2003;0;0;0
2547;Roemenië;4 jaar;2004;0;0;0
2548;Roemenië;4 jaar;2005;0;0;0
2549;Roemenië;4 jaar;2006;0;0;0
2550;Roemenië;4 jaar;2007;0;0;0
2551;Roemenië;4 jaar;2008;0;0;0
2552;Roemenië;4 jaar;2009;0;0;0
2553;Roemenië;4 jaar;2010;1;1;0
2554;Roemenië;4 jaar;2011;0;0;0
2555;Roemenië;4 jaar;2012;0;0;0
2556;Roemenië;5 jaar;1995;0;0;0
2557;Roemenië;5 jaar;1996;2;1;1
2558;Roemenië;5 jaar;1997;5;1;4
2559;Roemenië;5 jaar;1998;2;1;1
2560;Roemenië;5 jaar;1999;5;1;4
2561;Roemenië;5 jaar;2000;1;0;1
2562;Roemenië;5 jaar;2001;0;0;0
2563;Roemenië;5 jaar;2002;0;0;0
2564;Roemenië;5 jaar;2003;0;0;0
2565;Roemenië;5 jaar;2004;0;0;0
2566;Roemenië;5 jaar;2005;0;0;0
2567;Roemenië;5 jaar;2006;0;0;0
2568;Roemenië;5 jaar;2007;0;0;0
2569;Roemenië;5 jaar;2008;0;0;0
2570;Roemenië;5 jaar;2009;0;0;0
2571;Roemenië;5 jaar;2010;0;0;0
2572;Roemenië;5 jaar;2011;0;0;0
2573;Roemenië;5 jaar;2012;0;0;0
2574;Roemenië;6 jaar of ouder;1995;0;0;0
2575;Roemenië;6 jaar of ouder;1996;1;0;1
2576;Roemenië;6 jaar of ouder;1997;1;0;1
2577;Roemenië;6 jaar of ouder;1998;0;0;0
2578;Roemenië;6 jaar of ouder;1999;1;1;0
2579;Roemenië;6 jaar of ouder;2000;2;1;1
2580;Roemenië;6 jaar of ouder;2001;0;0;0
2581;Roemenië;6 jaar of ouder;2002;0;0;0
2582;Roemenië;6 jaar of ouder;2003;1;0;1
2583;Roemenië;6 jaar of ouder;2004;0;0;0
2584;Roemenië;6 jaar of ouder;2005;0;0;0
2585;Roemenië;6 jaar of ouder;2006;0;0;0
2586;Roemenië;6 jaar of ouder;2007;0;0;0
2587;Roemenië;6 jaar of ouder;2008;0;0;0
2588;Roemenië;6 jaar of ouder;2009;0;0;0
2589;Roemenië;6 jaar of ouder;2010;1;1;0
2590;Roemenië;6 jaar of ouder;2011;0;0;0
2591;Roemenië;6 jaar of ouder;2012;0;0;0
2592;Sri Lanka;Alle leeftijden;1995;22;6;16
2593;Sri Lanka;Alle leeftijden;1996;7;4;3
2594;Sri Lanka;Alle leeftijden;1997;5;1;4
2595;Sri Lanka;Alle leeftijden;1998;3;1;2
2596;Sri Lanka;Alle leeftijden;1999;7;2;5
2597;Sri Lanka;Alle leeftijden;2000;4;3;1
2598;Sri Lanka;Alle leeftijden;2001;5;2;3
2599;Sri Lanka;Alle leeftijden;2002;9;5;4
2600;Sri Lanka;Alle leeftijden;2003;8;5;3
2601;Sri Lanka;Alle leeftijden;2004;10;6;4
2602;Sri Lanka;Alle leeftijden;2005;9;3;6
2603;Sri Lanka;Alle leeftijden;2006;10;4;6
2604;Sri Lanka;Alle leeftijden;2007;4;1;3
2605;Sri Lanka;Alle leeftijden;2008;5;2;3
2606;Sri Lanka;Alle leeftijden;2009;16;10;6
2607;Sri Lanka;Alle leeftijden;2010;12;8;4
2608;Sri Lanka;Alle leeftijden;2011;17;8;9
2609;Sri Lanka;Alle leeftijden;2012;1;0;1
2610;Sri Lanka;0 jaar;1995;17;3;14
2611;Sri Lanka;0 jaar;1996;4;3;1
2612;Sri Lanka;0 jaar;1997;1;0;1
2613;Sri Lanka;0 jaar;1998;2;1;1
2614;Sri Lanka;0 jaar;1999;2;0;2
2615;Sri Lanka;0 jaar;2000;1;0;1
2616;Sri Lanka;0 jaar;2001;2;1;1
2617;Sri Lanka;0 jaar;2002;2;0;2
2618;Sri Lanka;0 jaar;2003;3;1;2
2619;Sri Lanka;0 jaar;2004;7;5;2
2620;Sri Lanka;0 jaar;2005;4;1;3
2621;Sri Lanka;0 jaar;2006;6;1;5
2622;Sri Lanka;0 jaar;2007;4;1;3
2623;Sri Lanka;0 jaar;2008;4;2;2
2624;Sri Lanka;0 jaar;2009;8;4;4
2625;Sri Lanka;0 jaar;2010;7;5;2
2626;Sri Lanka;0 jaar;2011;13;6;7
2627;Sri Lanka;0 jaar;2012;0;0;0
2628;Sri Lanka;1 jaar;1995;3;1;2
2629;Sri Lanka;1 jaar;1996;2;0;2
2630;Sri Lanka;1 jaar;1997;1;0;1
2631;Sri Lanka;1 jaar;1998;0;0;0
2632;Sri Lanka;1 jaar;1999;2;1;1
2633;Sri Lanka;1 jaar;2000;2;2;0
2634;Sri Lanka;1 jaar;2001;2;1;1
2635;Sri Lanka;1 jaar;2002;4;3;1
2636;Sri Lanka;1 jaar;2003;3;2;1
2637;Sri Lanka;1 jaar;2004;1;0;1
2638;Sri Lanka;1 jaar;2005;3;2;1
2639;Sri Lanka;1 jaar;2006;1;1;0
2640;Sri Lanka;1 jaar;2007;0;0;0
2641;Sri Lanka;1 jaar;2008;0;0;0
2642;Sri Lanka;1 jaar;2009;2;2;0
2643;Sri Lanka;1 jaar;2010;3;2;1
2644;Sri Lanka;1 jaar;2011;1;1;0
2645;Sri Lanka;1 jaar;2012;0;0;0
2646;Sri Lanka;2 jaar;1995;0;0;0
2647;Sri Lanka;2 jaar;1996;0;0;0
2648;Sri Lanka;2 jaar;1997;2;1;1
2649;Sri Lanka;2 jaar;1998;1;0;1
2650;Sri Lanka;2 jaar;1999;1;0;1
2651;Sri Lanka;2 jaar;2000;1;1;0
2652;Sri Lanka;2 jaar;2001;0;0;0
2653;Sri Lanka;2 jaar;2002;1;1;0
2654;Sri Lanka;2 jaar;2003;1;1;0
2655;Sri Lanka;2 jaar;2004;0;0;0
2656;Sri Lanka;2 jaar;2005;1;0;1
2657;Sri Lanka;2 jaar;2006;2;1;1
2658;Sri Lanka;2 jaar;2007;0;0;0
2659;Sri Lanka;2 jaar;2008;0;0;0
2660;Sri Lanka;2 jaar;2009;3;1;2
2661;Sri Lanka;2 jaar;2010;0;0;0
2662;Sri Lanka;2 jaar;2011;0;0;0
2663;Sri Lanka;2 jaar;2012;0;0;0
2664;Sri Lanka;3 jaar;1995;0;0;0
2665;Sri Lanka;3 jaar;1996;0;0;0
2666;Sri Lanka;3 jaar;1997;0;0;0
2667;Sri Lanka;3 jaar;1998;0;0;0
2668;Sri Lanka;3 jaar;1999;0;0;0
2669;Sri Lanka;3 jaar;2000;0;0;0
2670;Sri Lanka;3 jaar;2001;0;0;0
2671;Sri Lanka;3 jaar;2002;1;0;1
2672;Sri Lanka;3 jaar;2003;1;1;0
2673;Sri Lanka;3 jaar;2004;0;0;0
2674;Sri Lanka;3 jaar;2005;0;0;0
2675;Sri Lanka;3 jaar;2006;0;0;0
2676;Sri Lanka;3 jaar;2007;0;0;0
2677;Sri Lanka;3 jaar;2008;1;0;1
2678;Sri Lanka;3 jaar;2009;0;0;0
2679;Sri Lanka;3 jaar;2010;1;0;1
2680;Sri Lanka;3 jaar;2011;0;0;0
2681;Sri Lanka;3 jaar;2012;0;0;0
2682;Sri Lanka;4 jaar;1995;0;0;0
2683;Sri Lanka;4 jaar;1996;0;0;0
2684;Sri Lanka;4 jaar;1997;0;0;0
2685;Sri Lanka;4 jaar;1998;0;0;0
2686;Sri Lanka;4 jaar;1999;0;0;0
2687;Sri Lanka;4 jaar;2000;0;0;0
2688;Sri Lanka;4 jaar;2001;0;0;0
2689;Sri Lanka;4 jaar;2002;0;0;0
2690;Sri Lanka;4 jaar;2003;0;0;0
2691;Sri Lanka;4 jaar;2004;1;0;1
2692;Sri Lanka;4 jaar;2005;0;0;0
2693;Sri Lanka;4 jaar;2006;1;1;0
2694;Sri Lanka;4 jaar;2007;0;0;0
2695;Sri Lanka;4 jaar;2008;0;0;0
2696;Sri Lanka;4 jaar;2009;2;2;0
2697;Sri Lanka;4 jaar;2010;0;0;0
2698;Sri Lanka;4 jaar;2011;3;1;2
2699;Sri Lanka;4 jaar;2012;0;0;0
2700;Sri Lanka;5 jaar;1995;0;0;0
2701;Sri Lanka;5 jaar;1996;0;0;0
2702;Sri Lanka;5 jaar;1997;0;0;0
2703;Sri Lanka;5 jaar;1998;0;0;0
2704;Sri Lanka;5 jaar;1999;0;0;0
2705;Sri Lanka;5 jaar;2000;0;0;0
2706;Sri Lanka;5 jaar;2001;0;0;0
2707;Sri Lanka;5 jaar;2002;0;0;0
2708;Sri Lanka;5 jaar;2003;0;0;0
2709;Sri Lanka;5 jaar;2004;0;0;0
2710;Sri Lanka;5 jaar;2005;1;0;1
2711;Sri Lanka;5 jaar;2006;0;0;0
2712;Sri Lanka;5 jaar;2007;0;0;0
2713;Sri Lanka;5 jaar;2008;0;0;0
2714;Sri Lanka;5 jaar;2009;1;1;0
2715;Sri Lanka;5 jaar;2010;1;1;0
2716;Sri Lanka;5 jaar;2011;0;0;0
2717;Sri Lanka;5 jaar;2012;0;0;0
2718;Sri Lanka;6 jaar of ouder;1995;2;2;0
2719;Sri Lanka;6 jaar of ouder;1996;1;1;0
2720;Sri Lanka;6 jaar of ouder;1997;1;0;1
2721;Sri Lanka;6 jaar of ouder;1998;0;0;0
2722;Sri Lanka;6 jaar of ouder;1999;2;1;1
2723;Sri Lanka;6 jaar of ouder;2000;0;0;0
2724;Sri Lanka;6 jaar of ouder;2001;1;0;1
2725;Sri Lanka;6 jaar of ouder;2002;1;1;0
2726;Sri Lanka;6 jaar of ouder;2003;0;0;0
2727;Sri Lanka;6 jaar of ouder;2004;1;1;0
2728;Sri Lanka;6 jaar of ouder;2005;0;0;0
2729;Sri Lanka;6 jaar of ouder;2006;0;0;0
2730;Sri Lanka;6 jaar of ouder;2007;0;0;0
2731;Sri Lanka;6 jaar of ouder;2008;0;0;0
2732;Sri Lanka;6 jaar of ouder;2009;0;0;0
2733;Sri Lanka;6 jaar of ouder;2010;0;0;0
2734;Sri Lanka;6 jaar of ouder;2011;0;0;0
2735;Sri Lanka;6 jaar of ouder;2012;1;0;1
2736;Nederland;Alle leeftijden;1995;60;25;35
2737;Nederland;Alle leeftijden;1996;66;29;37
2738;Nederland;Alle leeftijden;1997;48;23;25
2739;Nederland;Alle leeftijden;1998;50;28;22
2740;Nederland;Alle leeftijden;1999;35;21;14
2741;Nederland;Alle leeftijden;2000;42;19;23
2742;Nederland;Alle leeftijden;2001;27;14;13
2743;Nederland;Alle leeftijden;2002;35;18;17
2744;Nederland;Alle leeftijden;2003;43;19;24
2745;Nederland;Alle leeftijden;2004;49;20;29
2746;Nederland;Alle leeftijden;2005;38;19;19
2747;Nederland;Alle leeftijden;2006;29;14;15
2748;Nederland;Alle leeftijden;2007;21;10;11
2749;Nederland;Alle leeftijden;2008;28;18;10
2750;Nederland;Alle leeftijden;2009;40;15;25
2751;Nederland;Alle leeftijden;2010;36;18;18
2752;Nederland;Alle leeftijden;2011;28;12;16
2753;Nederland;Alle leeftijden;2012;34;19;15
2754;Nederland;0 jaar;1995;1;1;0
2755;Nederland;0 jaar;1996;1;0;1
2756;Nederland;0 jaar;1997;0;0;0
2757;Nederland;0 jaar;1998;1;1;0
2758;Nederland;0 jaar;1999;0;0;0
2759;Nederland;0 jaar;2000;0;0;0
2760;Nederland;0 jaar;2001;1;1;0
2761;Nederland;0 jaar;2002;0;0;0
2762;Nederland;0 jaar;2003;1;1;0
2763;Nederland;0 jaar;2004;1;0;1
2764;Nederland;0 jaar;2005;4;1;3
2765;Nederland;0 jaar;2006;2;2;0
2766;Nederland;0 jaar;2007;2;2;0
2767;Nederland;0 jaar;2008;1;1;0
2768;Nederland;0 jaar;2009;2;0;2
2769;Nederland;0 jaar;2010;1;0;1
2770;Nederland;0 jaar;2011;4;2;2
2771;Nederland;0 jaar;2012;2;1;1
2772;Nederland;1 jaar;1995;12;8;4
2773;Nederland;1 jaar;1996;9;3;6
2774;Nederland;1 jaar;1997;12;5;7
2775;Nederland;1 jaar;1998;16;9;7
2776;Nederland;1 jaar;1999;7;4;3
2777;Nederland;1 jaar;2000;17;5;12
2778;Nederland;1 jaar;2001;9;6;3
2779;Nederland;1 jaar;2002;17;9;8
2780;Nederland;1 jaar;2003;10;3;7
2781;Nederland;1 jaar;2004;15;6;9
2782;Nederland;1 jaar;2005;10;7;3
2783;Nederland;1 jaar;2006;8;4;4
2784;Nederland;1 jaar;2007;6;2;4
2785;Nederland;1 jaar;2008;4;3;1
2786;Nederland;1 jaar;2009;13;5;8
2787;Nederland;1 jaar;2010;12;5;7
2788;Nederland;1 jaar;2011;7;2;5
2789;Nederland;1 jaar;2012;16;9;7
2790;Nederland;2 jaar;1995;16;8;8
2791;Nederland;2 jaar;1996;14;9;5
2792;Nederland;2 jaar;1997;14;6;8
2793;Nederland;2 jaar;1998;11;7;4
2794;Nederland;2 jaar;1999;10;6;4
2795;Nederland;2 jaar;2000;12;6;6
2796;Nederland;2 jaar;2001;7;3;4
2797;Nederland;2 jaar;2002;12;7;5
2798;Nederland;2 jaar;2003;13;6;7
2799;Nederland;2 jaar;2004;17;8;9
2800;Nederland;2 jaar;2005;16;6;10
2801;Nederland;2 jaar;2006;9;4;5
2802;Nederland;2 jaar;2007;5;3;2
2803;Nederland;2 jaar;2008;15;8;7
2804;Nederland;2 jaar;2009;13;5;8
2805;Nederland;2 jaar;2010;9;5;4
2806;Nederland;2 jaar;2011;11;6;5
2807;Nederland;2 jaar;2012;6;3;3
2808;Nederland;3 jaar;1995;7;0;7
2809;Nederland;3 jaar;1996;13;3;10
2810;Nederland;3 jaar;1997;4;2;2
2811;Nederland;3 jaar;1998;1;0;1
2812;Nederland;3 jaar;1999;6;3;3
2813;Nederland;3 jaar;2000;4;4;0
2814;Nederland;3 jaar;2001;2;2;0
2815;Nederland;3 jaar;2002;1;0;1
2816;Nederland;3 jaar;2003;7;3;4
2817;Nederland;3 jaar;2004;4;1;3
2818;Nederland;3 jaar;2005;1;0;1
2819;Nederland;3 jaar;2006;1;1;0
2820;Nederland;3 jaar;2007;3;2;1
2821;Nederland;3 jaar;2008;1;0;1
2822;Nederland;3 jaar;2009;3;1;2
2823;Nederland;3 jaar;2010;5;3;2
2824;Nederland;3 jaar;2011;2;1;1
2825;Nederland;3 jaar;2012;3;2;1
2826;Nederland;4 jaar;1995;6;3;3
2827;Nederland;4 jaar;1996;4;3;1
2828;Nederland;4 jaar;1997;6;3;3
2829;Nederland;4 jaar;1998;3;2;1
2830;Nederland;4 jaar;1999;3;2;1
2831;Nederland;4 jaar;2000;2;1;1
2832;Nederland;4 jaar;2001;2;0;2
2833;Nederland;4 jaar;2002;1;0;1
2834;Nederland;4 jaar;2003;4;2;2
2835;Nederland;4 jaar;2004;1;0;1
2836;Nederland;4 jaar;2005;2;1;1
2837;Nederland;4 jaar;2006;3;1;2
2838;Nederland;4 jaar;2007;1;0;1
2839;Nederland;4 jaar;2008;1;1;0
2840;Nederland;4 jaar;2009;3;2;1
2841;Nederland;4 jaar;2010;1;1;0
2842;Nederland;4 jaar;2011;1;0;1
2843;Nederland;4 jaar;2012;4;2;2
2844;Nederland;5 jaar;1995;2;1;1
2845;Nederland;5 jaar;1996;6;1;5
2846;Nederland;5 jaar;1997;2;1;1
2847;Nederland;5 jaar;1998;5;4;1
2848;Nederland;5 jaar;1999;2;1;1
2849;Nederland;5 jaar;2000;0;0;0
2850;Nederland;5 jaar;2001;1;0;1
2851;Nederland;5 jaar;2002;3;1;2
2852;Nederland;5 jaar;2003;3;2;1
2853;Nederland;5 jaar;2004;1;1;0
2854;Nederland;5 jaar;2005;1;1;0
2855;Nederland;5 jaar;2006;0;0;0
2856;Nederland;5 jaar;2007;0;0;0
2857;Nederland;5 jaar;2008;0;0;0
2858;Nederland;5 jaar;2009;3;1;2
2859;Nederland;5 jaar;2010;1;0;1
2860;Nederland;5 jaar;2011;0;0;0
2861;Nederland;5 jaar;2012;1;0;1
2862;Nederland;6 jaar of ouder;1995;16;4;12
2863;Nederland;6 jaar of ouder;1996;19;10;9
2864;Nederland;6 jaar of ouder;1997;10;6;4
2865;Nederland;6 jaar of ouder;1998;13;5;8
2866;Nederland;6 jaar of ouder;1999;7;5;2
2867;Nederland;6 jaar of ouder;2000;7;3;4
2868;Nederland;6 jaar of ouder;2001;5;2;3
2869;Nederland;6 jaar of ouder;2002;1;1;0
2870;Nederland;6 jaar of ouder;2003;5;2;3
2871;Nederland;6 jaar of ouder;2004;10;4;6
2872;Nederland;6 jaar of ouder;2005;4;3;1
2873;Nederland;6 jaar of ouder;2006;6;2;4
2874;Nederland;6 jaar of ouder;2007;4;1;3
2875;Nederland;6 jaar of ouder;2008;6;5;1
2876;Nederland;6 jaar of ouder;2009;3;1;2
2877;Nederland;6 jaar of ouder;2010;7;4;3
2878;Nederland;6 jaar of ouder;2011;3;1;2
2879;Nederland;6 jaar of ouder;2012;2;1;1
2880;Nederlandse Antillen;Alle leeftijden;1995;2;0;2
2881;Nederlandse Antillen;Alle leeftijden;1996;0;0;0
2882;Nederlandse Antillen;Alle leeftijden;1997;5;3;2
2883;Nederlandse Antillen;Alle leeftijden;1998;6;3;3
2884;Nederlandse Antillen;Alle leeftijden;1999;6;1;5
2885;Nederlandse Antillen;Alle leeftijden;2000;4;3;1
2886;Nederlandse Antillen;Alle leeftijden;2001;6;2;4
2887;Nederlandse Antillen;Alle leeftijden;2002;0;0;0
2888;Nederlandse Antillen;Alle leeftijden;2003;3;2;1
2889;Nederlandse Antillen;Alle leeftijden;2004;1;1;0
2890;Nederlandse Antillen;Alle leeftijden;2005;2;2;0
2891;Nederlandse Antillen;Alle leeftijden;2006;1;1;0
2892;Nederlandse Antillen;Alle leeftijden;2007;0;0;0
2893;Nederlandse Antillen;Alle leeftijden;2008;0;0;0
2894;Nederlandse Antillen;Alle leeftijden;2009;4;3;1
2895;Nederlandse Antillen;Alle leeftijden;2010;0;0;0
2896;Nederlandse Antillen;Alle leeftijden;2011;3;2;1
2897;Nederlandse Antillen;Alle leeftijden;2012;1;1;0
2898;Nederlandse Antillen;0 jaar;1995;0;0;0
2899;Nederlandse Antillen;0 jaar;1996;0;0;0
2900;Nederlandse Antillen;0 jaar;1997;0;0;0
2901;Nederlandse Antillen;0 jaar;1998;0;0;0
2902;Nederlandse Antillen;0 jaar;1999;0;0;0
2903;Nederlandse Antillen;0 jaar;2000;1;1;0
2904;Nederlandse Antillen;0 jaar;2001;0;0;0
2905;Nederlandse Antillen;0 jaar;2002;0;0;0
2906;Nederlandse Antillen;0 jaar;2003;0;0;0
2907;Nederlandse Antillen;0 jaar;2004;0;0;0
2908;Nederlandse Antillen;0 jaar;2005;0;0;0
2909;Nederlandse Antillen;0 jaar;2006;0;0;0
2910;Nederlandse Antillen;0 jaar;2007;0;0;0
2911;Nederlandse Antillen;0 jaar;2008;0;0;0
2912;Nederlandse Antillen;0 jaar;2009;0;0;0
2913;Nederlandse Antillen;0 jaar;2010;0;0;0
2914;Nederlandse Antillen;0 jaar;2011;0;0;0
2915;Nederlandse Antillen;0 jaar;2012;0;0;0
2916;Nederlandse Antillen;1 jaar;1995;1;0;1
2917;Nederlandse Antillen;1 jaar;1996;0;0;0
2918;Nederlandse Antillen;1 jaar;1997;1;0;1
2919;Nederlandse Antillen;1 jaar;1998;0;0;0
2920;Nederlandse Antillen;1 jaar;1999;0;0;0
2921;Nederlandse Antillen;1 jaar;2000;0;0;0
2922;Nederlandse Antillen;1 jaar;2001;0;0;0
2923;Nederlandse Antillen;1 jaar;2002;0;0;0
2924;Nederlandse Antillen;1 jaar;2003;1;0;1
2925;Nederlandse Antillen;1 jaar;2004;0;0;0
2926;Nederlandse Antillen;1 jaar;2005;0;0;0
2927;Nederlandse Antillen;1 jaar;2006;0;0;0
2928;Nederlandse Antillen;1 jaar;2007;0;0;0
2929;Nederlandse Antillen;1 jaar;2008;0;0;0
2930;Nederlandse Antillen;1 jaar;2009;0;0;0
2931;Nederlandse Antillen;1 jaar;2010;0;0;0
2932;Nederlandse Antillen;1 jaar;2011;0;0;0
2933;Nederlandse Antillen;1 jaar;2012;0;0;0
2934;Nederlandse Antillen;2 jaar;1995;0;0;0
2935;Nederlandse Antillen;2 jaar;1996;0;0;0
2936;Nederlandse Antillen;2 jaar;1997;0;0;0
2937;Nederlandse Antillen;2 jaar;1998;2;1;1
2938;Nederlandse Antillen;2 jaar;1999;0;0;0
2939;Nederlandse Antillen;2 jaar;2000;0;0;0
2940;Nederlandse Antillen;2 jaar;2001;0;0;0
2941;Nederlandse Antillen;2 jaar;2002;0;0;0
2942;Nederlandse Antillen;2 jaar;2003;0;0;0
2943;Nederlandse Antillen;2 jaar;2004;0;0;0
2944;Nederlandse Antillen;2 jaar;2005;1;1;0
2945;Nederlandse Antillen;2 jaar;2006;0;0;0
2946;Nederlandse Antillen;2 jaar;2007;0;0;0
2947;Nederlandse Antillen;2 jaar;2008;0;0;0
2948;Nederlandse Antillen;2 jaar;2009;0;0;0
2949;Nederlandse Antillen;2 jaar;2010;0;0;0
2950;Nederlandse Antillen;2 jaar;2011;0;0;0
2951;Nederlandse Antillen;2 jaar;2012;0;0;0
2952;Nederlandse Antillen;3 jaar;1995;0;0;0
2953;Nederlandse Antillen;3 jaar;1996;0;0;0
2954;Nederlandse Antillen;3 jaar;1997;0;0;0
2955;Nederlandse Antillen;3 jaar;1998;0;0;0
2956;Nederlandse Antillen;3 jaar;1999;1;0;1
2957;Nederlandse Antillen;3 jaar;2000;0;0;0
2958;Nederlandse Antillen;3 jaar;2001;0;0;0
2959;Nederlandse Antillen;3 jaar;2002;0;0;0
2960;Nederlandse Antillen;3 jaar;2003;0;0;0
2961;Nederlandse Antillen;3 jaar;2004;0;0;0
2962;Nederlandse Antillen;3 jaar;2005;0;0;0
2963;Nederlandse Antillen;3 jaar;2006;0;0;0
2964;Nederlandse Antillen;3 jaar;2007;0;0;0
2965;Nederlandse Antillen;3 jaar;2008;0;0;0
2966;Nederlandse Antillen;3 jaar;2009;1;1;0
2967;Nederlandse Antillen;3 jaar;2010;0;0;0
2968;Nederlandse Antillen;3 jaar;2011;1;0;1
2969;Nederlandse Antillen;3 jaar;2012;0;0;0
2970;Nederlandse Antillen;4 jaar;1995;0;0;0
2971;Nederlandse Antillen;4 jaar;1996;0;0;0
2972;Nederlandse Antillen;4 jaar;1997;0;0;0
2973;Nederlandse Antillen;4 jaar;1998;1;0;1
2974;Nederlandse Antillen;4 jaar;1999;1;1;0
2975;Nederlandse Antillen;4 jaar;2000;0;0;0
2976;Nederlandse Antillen;4 jaar;2001;0;0;0
2977;Nederlandse Antillen;4 jaar;2002;0;0;0
2978;Nederlandse Antillen;4 jaar;2003;0;0;0
2979;Nederlandse Antillen;4 jaar;2004;1;1;0
2980;Nederlandse Antillen;4 jaar;2005;0;0;0
2981;Nederlandse Antillen;4 jaar;2006;0;0;0
2982;Nederlandse Antillen;4 jaar;2007;0;0;0
2983;Nederlandse Antillen;4 jaar;2008;0;0;0
2984;Nederlandse Antillen;4 jaar;2009;0;0;0
2985;Nederlandse Antillen;4 jaar;2010;0;0;0
2986;Nederlandse Antillen;4 jaar;2011;0;0;0
2987;Nederlandse Antillen;4 jaar;2012;0;0;0
2988;Nederlandse Antillen;5 jaar;1995;0;0;0
2989;Nederlandse Antillen;5 jaar;1996;0;0;0
2990;Nederlandse Antillen;5 jaar;1997;0;0;0
2991;Nederlandse Antillen;5 jaar;1998;0;0;0
2992;Nederlandse Antillen;5 jaar;1999;0;0;0
2993;Nederlandse Antillen;5 jaar;2000;0;0;0
2994;Nederlandse Antillen;5 jaar;2001;0;0;0
2995;Nederlandse Antillen;5 jaar;2002;0;0;0
2996;Nederlandse Antillen;5 jaar;2003;0;0;0
2997;Nederlandse Antillen;5 jaar;2004;0;0;0
2998;Nederlandse Antillen;5 jaar;2005;1;1;0
2999;Nederlandse Antillen;5 jaar;2006;0;0;0
3000;Nederlandse Antillen;5 jaar;2007;0;0;0
3001;Nederlandse Antillen;5 jaar;2008;0;0;0
3002;Nederlandse Antillen;5 jaar;2009;0;0;0
3003;Nederlandse Antillen;5 jaar;2010;0;0;0
3004;Nederlandse Antillen;5 jaar;2011;0;0;0
3005;Nederlandse Antillen;5 jaar;2012;1;1;0
3006;Nederlandse Antillen;6 jaar of ouder;1995;1;0;1
3007;Nederlandse Antillen;6 jaar of ouder;1996;0;0;0
3008;Nederlandse Antillen;6 jaar of ouder;1997;4;3;1
3009;Nederlandse Antillen;6 jaar of ouder;1998;3;2;1
3010;Nederlandse Antillen;6 jaar of ouder;1999;4;0;4
3011;Nederlandse Antillen;6 jaar of ouder;2000;3;2;1
3012;Nederlandse Antillen;6 jaar of ouder;2001;6;2;4
3013;Nederlandse Antillen;6 jaar of ouder;2002;0;0;0
3014;Nederlandse Antillen;6 jaar of ouder;2003;2;2;0
3015;Nederlandse Antillen;6 jaar of ouder;2004;0;0;0
3016;Nederlandse Antillen;6 jaar of ouder;2005;0;0;0
3017;Nederlandse Antillen;6 jaar of ouder;2006;1;1;0
3018;Nederlandse Antillen;6 jaar of ouder;2007;0;0;0
3019;Nederlandse Antillen;6 jaar of ouder;2008;0;0;0
3020;Nederlandse Antillen;6 jaar of ouder;2009;3;2;1
3021;Nederlandse Antillen;6 jaar of ouder;2010;0;0;0
3022;Nederlandse Antillen;6 jaar of ouder;2011;2;2;0
3023;Nederlandse Antillen;6 jaar of ouder;2012;0;0;0
3024;Overige landen;Alle leeftijden;1995;71;39;32
3025;Overige landen;Alle leeftijden;1996;109;64;45
3026;Overige landen;Alle leeftijden;1997;55;33;22
3027;Overige landen;Alle leeftijden;1998;95;46;49
3028;Overige landen;Alle leeftijden;1999;53;30;23
3029;Overige landen;Alle leeftijden;2000;58;34;24
3030;Overige landen;Alle leeftijden;2001;59;32;27
3031;Overige landen;Alle leeftijden;2002;50;25;25
3032;Overige landen;Alle leeftijden;2003;58;31;27
3033;Overige landen;Alle leeftijden;2004;47;24;23
3034;Overige landen;Alle leeftijden;2005;45;24;21
3035;Overige landen;Alle leeftijden;2006;60;29;31
3036;Overige landen;Alle leeftijden;2007;77;45;32
3037;Overige landen;Alle leeftijden;2008;77;41;36
3038;Overige landen;Alle leeftijden;2009;83;30;53
3039;Overige landen;Alle leeftijden;2010;85;35;50
3040;Overige landen;Alle leeftijden;2011;145;64;81
3041;Overige landen;Alle leeftijden;2012;148;67;81
3042;Overige landen;0 jaar;1995;17;12;5
3043;Overige landen;0 jaar;1996;22;16;6
3044;Overige landen;0 jaar;1997;14;9;5
3045;Overige landen;0 jaar;1998;20;9;11
3046;Overige landen;0 jaar;1999;16;11;5
3047;Overige landen;0 jaar;2000;12;7;5
3048;Overige landen;0 jaar;2001;16;8;8
3049;Overige landen;0 jaar;2002;7;4;3
3050;Overige landen;0 jaar;2003;10;4;6
3051;Overige landen;0 jaar;2004;4;3;1
3052;Overige landen;0 jaar;2005;7;4;3
3053;Overige landen;0 jaar;2006;11;4;7
3054;Overige landen;0 jaar;2007;8;4;4
3055;Overige landen;0 jaar;2008;2;1;1
3056;Overige landen;0 jaar;2009;6;3;3
3057;Overige landen;0 jaar;2010;2;0;2
3058;Overige landen;0 jaar;2011;8;4;4
3059;Overige landen;0 jaar;2012;12;6;6
3060;Overige landen;1 jaar;1995;8;4;4
3061;Overige landen;1 jaar;1996;17;12;5
3062;Overige landen;1 jaar;1997;8;5;3
3063;Overige landen;1 jaar;1998;13;6;7
3064;Overige landen;1 jaar;1999;6;3;3
3065;Overige landen;1 jaar;2000;12;7;5
3066;Overige landen;1 jaar;2001;15;10;5
3067;Overige landen;1 jaar;2002;6;2;4
3068;Overige landen;1 jaar;2003;16;7;9
3069;Overige landen;1 jaar;2004;6;3;3
3070;Overige landen;1 jaar;2005;10;5;5
3071;Overige landen;1 jaar;2006;9;5;4
3072;Overige landen;1 jaar;2007;10;5;5
3073;Overige landen;1 jaar;2008;9;3;6
3074;Overige landen;1 jaar;2009;12;2;10
3075;Overige landen;1 jaar;2010;15;5;10
3076;Overige landen;1 jaar;2011;16;7;9
3077;Overige landen;1 jaar;2012;18;6;12
3078;Overige landen;2 jaar;1995;5;3;2
3079;Overige landen;2 jaar;1996;14;6;8
3080;Overige landen;2 jaar;1997;13;5;8
3081;Overige landen;2 jaar;1998;11;7;4
3082;Overige landen;2 jaar;1999;2;1;1
3083;Overige landen;2 jaar;2000;4;3;1
3084;Overige landen;2 jaar;2001;6;5;1
3085;Overige landen;2 jaar;2002;7;4;3
3086;Overige landen;2 jaar;2003;9;3;6
3087;Overige landen;2 jaar;2004;8;3;5
3088;Overige landen;2 jaar;2005;7;5;2
3089;Overige landen;2 jaar;2006;12;5;7
3090;Overige landen;2 jaar;2007;14;6;8
3091;Overige landen;2 jaar;2008;19;7;12
3092;Overige landen;2 jaar;2009;17;6;11
3093;Overige landen;2 jaar;2010;17;9;8
3094;Overige landen;2 jaar;2011;27;9;18
3095;Overige landen;2 jaar;2012;27;11;16
3096;Overige landen;3 jaar;1995;9;5;4
3097;Overige landen;3 jaar;1996;14;9;5
3098;Overige landen;3 jaar;1997;9;6;3
3099;Overige landen;3 jaar;1998;13;6;7
3100;Overige landen;3 jaar;1999;7;1;6
3101;Overige landen;3 jaar;2000;9;3;6
3102;Overige landen;3 jaar;2001;8;4;4
3103;Overige landen;3 jaar;2002;6;3;3
3104;Overige landen;3 jaar;2003;11;8;3
3105;Overige landen;3 jaar;2004;5;2;3
3106;Overige landen;3 jaar;2005;5;2;3
3107;Overige landen;3 jaar;2006;5;2;3
3108;Overige landen;3 jaar;2007;14;5;9
3109;Overige landen;3 jaar;2008;8;6;2
3110;Overige landen;3 jaar;2009;18;9;9
3111;Overige landen;3 jaar;2010;18;3;15
3112;Overige landen;3 jaar;2011;27;14;13
3113;Overige landen;3 jaar;2012;17;4;13
3114;Overige landen;4 jaar;1995;6;2;4
3115;Overige landen;4 jaar;1996;5;3;2
3116;Overige landen;4 jaar;1997;5;4;1
3117;Overige landen;4 jaar;1998;11;6;5
3118;Overige landen;4 jaar;1999;5;3;2
3119;Overige landen;4 jaar;2000;4;4;0
3120;Overige landen;4 jaar;2001;2;1;1
3121;Overige landen;4 jaar;2002;7;2;5
3122;Overige landen;4 jaar;2003;3;3;0
3123;Overige landen;4 jaar;2004;7;4;3
3124;Overige landen;4 jaar;2005;5;1;4
3125;Overige landen;4 jaar;2006;5;3;2
3126;Overige landen;4 jaar;2007;6;5;1
3127;Overige landen;4 jaar;2008;8;6;2
3128;Overige landen;4 jaar;2009;9;3;6
3129;Overige landen;4 jaar;2010;14;8;6
3130;Overige landen;4 jaar;2011;20;5;15
3131;Overige landen;4 jaar;2012;19;9;10
3132;Overige landen;5 jaar;1995;3;2;1
3133;Overige landen;5 jaar;1996;9;4;5
3134;Overige landen;5 jaar;1997;1;0;1
3135;Overige landen;5 jaar;1998;7;3;4
3136;Overige landen;5 jaar;1999;6;4;2
3137;Overige landen;5 jaar;2000;2;0;2
3138;Overige landen;5 jaar;2001;1;0;1
3139;Overige landen;5 jaar;2002;6;2;4
3140;Overige landen;5 jaar;2003;3;2;1
3141;Overige landen;5 jaar;2004;8;4;4
3142;Overige landen;5 jaar;2005;2;0;2
3143;Overige landen;5 jaar;2006;3;2;1
3144;Overige landen;5 jaar;2007;7;4;3
3145;Overige landen;5 jaar;2008;8;5;3
3146;Overige landen;5 jaar;2009;13;5;8
3147;Overige landen;5 jaar;2010;8;3;5
3148;Overige landen;5 jaar;2011;21;11;10
3149;Overige landen;5 jaar;2012;27;14;13
3150;Overige landen;6 jaar of ouder;1995;23;11;12
3151;Overige landen;6 jaar of ouder;1996;28;14;14
3152;Overige landen;6 jaar of ouder;1997;5;4;1
3153;Overige landen;6 jaar of ouder;1998;20;9;11
3154;Overige landen;6 jaar of ouder;1999;11;7;4
3155;Overige landen;6 jaar of ouder;2000;15;10;5
3156;Overige landen;6 jaar of ouder;2001;11;4;7
3157;Overige landen;6 jaar of ouder;2002;11;8;3
3158;Overige landen;6 jaar of ouder;2003;6;4;2
3159;Overige landen;6 jaar of ouder;2004;9;5;4
3160;Overige landen;6 jaar of ouder;2005;9;7;2
3161;Overige landen;6 jaar of ouder;2006;15;8;7
3162;Overige landen;6 jaar of ouder;2007;18;16;2
3163;Overige landen;6 jaar of ouder;2008;23;13;10
3164;Overige landen;6 jaar of ouder;2009;8;2;6
3165;Overige landen;6 jaar of ouder;2010;11;7;4
3166;Overige landen;6 jaar of ouder;2011;26;14;12
3167;Overige landen;6 jaar of ouder;2012;28;17;11
