ID;Leeftijd;Perioden;TotaalLevendgeborenen_1;k_1eKind_2;k_2eKind_3;k_3eKind_4;k_4eOfVolgendeKinderen_5;TotaalOverledenen_6;OverledenMannen_7;OverledenVrouwen_8;TotaalImmigratie_9;ImmigratieMannen_10;ImmigratieVrouwen_11;TotaalEmigratie_12;EmigratieMannen_13;EmigratieVrouwen_14;TotaalMigratieSaldo_15;MigratieSaldoMannen_16;MigratieSaldoVrouwen_17
0;Totaal over alle leeftijden;2010;182148.0;83083.0;66351.0;23822.0;8893.0;135568;65578;69990;147448;76477;70971;119427;65398;54029;28021;11079;16942
1;Totaal over alle leeftijden;2011;180620.0;82198.0;65993.0;23535.0;8894.0;136895;66435;70460;150475;77990;72485;120514;66137;54377;29961;11853;18108
2;Totaal over alle leeftijden;2012;179923.0;82131.0;65887.0;22995.0;8910.0;138276;67349;70927;150302;77639;72663;121620;66922;54698;28682;10717;17965
3;Totaal over alle leeftijden;2013;180096.0;82470.0;65967.0;22680.0;8979.0;139706;68282;71425;147167;75693;71474;123447;68059;55388;23720;7634;16086
4;Totaal over alle leeftijden;2014;180477.0;82874.0;66182.0;22373.0;9048.0;141174;69201;71973;144611;74189;70422;125655;69492;56162;18956;4697;14260
5;Totaal over alle leeftijden;2015;181043.0;83345.0;66443.0;22126.0;9130.0;142714;70121;72593;143898;73876;70022;127408;70639;56769;16490;3237;13253
6;Totaal over alle leeftijden;2016;181820.0;83843.0;66856.0;21889.0;9233.0;144321;71063;73258;143703;73881;69822;128547;71321;57227;15156;2560;12595
7;Totaal over alle leeftijden;2017;182918.0;84336.0;67380.0;21803.0;9400.0;146009;72053;73956;143827;74111;69716;129093;71584;57508;14734;2527;12208
8;Totaal over alle leeftijden;2018;184216.0;84894.0;67951.0;21817.0;9554.0;147788;73108;74680;144132;74436;69696;129527;71791;57736;14605;2645;11960
9;Totaal over alle leeftijden;2019;185449.0;85396.0;68530.0;21823.0;9700.0;149714;74252;75462;144505;74822;69683;129868;71964;57905;14637;2858;11778
10;Totaal over alle leeftijden;2020;186622.0;85819.0;69086.0;21869.0;9848.0;151804;75510;76295;144789;75154;69635;130121;72098;58024;14668;3056;11611
11;Totaal over alle leeftijden;2021;187576.0;86093.0;69606.0;21902.0;9974.0;154058;76871;77186;144929;75374;69555;130162;72132;58030;14767;3242;11525
12;Totaal over alle leeftijden;2022;188574.0;86333.0;70065.0;22042.0;10134.0;156477;78329;78148;144801;75420;69381;130129;72133;57996;14672;3287;11385
13;Totaal over alle leeftijden;2023;189357.0;86527.0;70441.0;22120.0;10269.0;159048;79868;79180;144576;75371;69205;130033;72105;57928;14543;3266;11277
14;Totaal over alle leeftijden;2024;189970.0;86667.0;70728.0;22180.0;10395.0;161781;81491;80290;144300;75307;68993;129872;72050;57822;14428;3257;11171
15;Totaal over alle leeftijden;2025;190438.0;86773.0;70939.0;22215.0;10511.0;164664;83187;81477;144010;75234;68776;129676;71979;57696;14334;3255;11080
16;Totaal over alle leeftijden;2026;190770.0;86849.0;71089.0;22218.0;10615.0;167681;84939;82742;143736;75148;68588;129450;71896;57553;14286;3252;11035
17;Totaal over alle leeftijden;2027;191013.0;86910.0;71195.0;22204.0;10704.0;170808;86731;84078;143450;75050;68400;129166;71786;57380;14284;3264;11020
18;Totaal over alle leeftijden;2028;191163.0;86925.0;71275.0;22184.0;10779.0;174031;88553;85478;143199;74973;68226;128853;71663;57190;14346;3310;11036
19;Totaal over alle leeftijden;2029;191202.0;86856.0;71342.0;22164.0;10841.0;177280;90348;86932;142996;74912;68084;128522;71527;56996;14474;3385;11088
20;Totaal over alle leeftijden;2030;191082.0;86667.0;71374.0;22149.0;10892.0;180530;92102;88428;142837;74861;67976;128203;71400;56803;14634;3461;11173
21;Totaal over alle leeftijden;2031;190775.0;86354.0;71352.0;22136.0;10932.0;183759;93798;89961;142690;74823;67867;127869;71252;56616;14822;3571;11251
22;Totaal over alle leeftijden;2032;190269.0;85930.0;71249.0;22128.0;10962.0;186945;95425;91520;142623;74811;67812;127575;71124;56451;15048;3687;11361
23;Totaal over alle leeftijden;2033;189577.0;85427.0;71058.0;22114.0;10979.0;190042;96954;93088;142632;74829;67803;127311;71012;56299;15321;3817;11504
24;Totaal over alle leeftijden;2034;188729.0;84890.0;70774.0;22082.0;10985.0;193072;98418;94654;142692;74886;67806;127122;70943;56179;15570;3943;11627
25;Totaal over alle leeftijden;2035;187779.0;84367.0;70413.0;22021.0;10978.0;195979;99785;96194;142881;74990;67891;126983;70900;56084;15898;4090;11807
26;Totaal over alle leeftijden;2036;186788.0;83899.0;70001.0;21929.0;10958.0;198717;101034;97683;143068;75095;67973;126914;70888;56026;16154;4207;11947
27;Totaal over alle leeftijden;2037;185823.0;83515.0;69571.0;21809.0;10928.0;201242;102144;99098;143252;75202;68050;126873;70890;55983;16379;4312;12067
28;Totaal over alle leeftijden;2038;184929.0;83221.0;69152.0;21670.0;10886.0;203526;103106;100420;143417;75290;68127;126871;70905;55965;16546;4385;12162
29;Totaal over alle leeftijden;2039;184146.0;83010.0;68781.0;21521.0;10835.0;205515;103892;101623;143580;75381;68199;126887;70927;55960;16693;4454;12239
30;Totaal over alle leeftijden;2040;183498.0;82871.0;68472.0;21377.0;10778.0;207207;104509;102698;143724;75479;68245;126921;70961;55960;16803;4518;12285
31;Totaal over alle leeftijden;2041;183003.0;82800.0;68234.0;21249.0;10719.0;208628;104981;103647;143825;75540;68285;126986;71007;55979;16839;4533;12306
32;Totaal over alle leeftijden;2042;182679.0;82797.0;68070.0;21148.0;10664.0;209799;105336;104464;143923;75601;68322;127076;71064;56011;16847;4537;12311
33;Totaal over alle leeftijden;2043;182528.0;82863.0;67975.0;21075.0;10615.0;210748;105600;105148;143992;75641;68351;127185;71138;56047;16807;4503;12304
34;Totaal over alle leeftijden;2044;182549.0;82995.0;67949.0;21030.0;10575.0;211512;105797;105715;144030;75657;68373;127298;71207;56091;16732;4450;12282
35;Totaal over alle leeftijden;2045;182732.0;83187.0;67990.0;21007.0;10547.0;212149;105952;106197;144053;75677;68376;127420;71281;56139;16633;4396;12237
36;Totaal over alle leeftijden;2046;183059.0;83430.0;68093.0;21006.0;10531.0;212628;106061;106566;144079;75689;68390;127531;71352;56179;16548;4337;12211
37;Totaal over alle leeftijden;2047;183506.0;83708.0;68248.0;21025.0;10526.0;213041;106149;106892;144113;75709;68404;127657;71429;56228;16456;4280;12176
38;Totaal over alle leeftijden;2048;184045.0;84005.0;68446.0;21062.0;10531.0;213431;106221;107210;144155;75732;68423;127770;71495;56275;16385;4237;12148
39;Totaal over alle leeftijden;2049;184643.0;84307.0;68675.0;21115.0;10546.0;213806;106279;107527;144186;75748;68438;127895;71568;56327;16291;4180;12111
40;Totaal over alle leeftijden;2050;185274.0;84600.0;68925.0;21181.0;10568.0;214144;106312;107833;144234;75782;68452;128014;71645;56370;16220;4137;12082
41;Totaal over alle leeftijden;2051;185913.0;84875.0;69185.0;21257.0;10596.0;214396;106291;108105;144276;75813;68463;128141;71718;56423;16135;4095;12040
42;Totaal over alle leeftijden;2052;186536.0;85124.0;69443.0;21340.0;10629.0;214489;106179;108310;144310;75824;68486;128258;71789;56469;16052;4035;12017
43;Totaal over alle leeftijden;2053;187122.0;85341.0;69691.0;21425.0;10665.0;214392;105962;108430;144319;75821;68498;128363;71853;56509;15956;3968;11989
44;Totaal over alle leeftijden;2054;187653.0;85520.0;69920.0;21510.0;10703.0;214077;105629;108448;144361;75846;68515;128481;71929;56551;15880;3917;11964
45;Totaal over alle leeftijden;2055;188113.0;85658.0;70123.0;21590.0;10742.0;213526;105177;108349;144368;75852;68516;128572;71987;56585;15796;3865;11931
46;Totaal over alle leeftijden;2056;188491.0;85753.0;70294.0;21663.0;10780.0;212742;104615;108127;144409;75873;68536;128659;72042;56617;15750;3831;11919
47;Totaal over alle leeftijden;2057;188778.0;85805.0;70431.0;21728.0;10815.0;211754;103967;107787;144424;75873;68551;128748;72100;56647;15676;3773;11904
48;Totaal over alle leeftijden;2058;188971.0;85813.0;70531.0;21781.0;10846.0;210579;103248;107331;144433;75882;68551;128807;72134;56673;15626;3748;11878
49;Totaal over alle leeftijden;2059;189067.0;85777.0;70594.0;21824.0;10873.0;209226;102466;106760;144439;75889;68550;128864;72172;56693;15575;3717;11857
50;0;2010;;;;;;642;349;293;961;478;483;400;209;191;561;269;292
51;0;2011;;;;;;629;342;287;1004;500;504;394;205;189;610;295;315
52;0;2012;;;;;;619;337;282;986;490;496;390;203;186;596;287;310
53;0;2013;;;;;;612;333;279;943;471;472;390;205;185;553;266;287
54;0;2014;;;;;;605;330;276;895;447;448;392;207;186;503;240;262
55;0;2015;;;;;;600;327;274;896;448;448;395;209;185;501;239;263
56;0;2016;;;;;;596;324;272;893;447;446;396;210;186;497;237;260
57;0;2017;;;;;;592;322;271;893;446;447;395;209;186;498;237;261
58;0;2018;;;;;;590;320;270;889;445;444;395;209;186;494;236;258
59;0;2019;;;;;;587;318;269;887;447;440;396;209;186;491;238;254
60;0;2020;;;;;;585;316;269;887;449;438;394;209;185;493;240;253
61;0;2021;;;;;;582;314;268;885;448;437;393;208;185;492;240;252
62;0;2022;;;;;;579;312;267;877;446;431;391;207;184;486;239;247
63;0;2023;;;;;;576;309;267;874;444;430;391;207;184;483;237;246
64;0;2024;;;;;;572;307;266;869;442;427;389;206;184;480;236;243
65;0;2025;;;;;;569;304;265;866;442;424;388;205;183;478;237;241
66;0;2026;;;;;;565;301;264;863;439;424;387;204;183;476;235;241
67;0;2027;;;;;;561;298;263;854;436;418;385;203;182;469;233;236
68;0;2028;;;;;;556;295;261;849;436;413;383;202;181;466;234;232
69;0;2029;;;;;;552;292;260;843;432;411;381;201;180;462;231;231
70;0;2030;;;;;;547;289;258;839;430;409;381;201;180;458;229;229
71;0;2031;;;;;;542;285;257;834;429;405;378;200;179;456;229;226
72;0;2032;;;;;;536;281;255;836;430;406;376;198;178;460;232;228
73;0;2033;;;;;;530;277;252;825;424;401;374;197;177;451;227;224
74;0;2034;;;;;;523;273;250;828;428;400;371;195;176;457;233;224
75;0;2035;;;;;;516;269;247;824;425;399;370;195;175;454;230;224
76;0;2036;;;;;;509;264;245;823;427;396;369;194;175;454;233;221
77;0;2037;;;;;;502;260;242;820;423;397;367;193;174;453;230;223
78;0;2038;;;;;;495;256;239;819;425;394;365;192;173;454;233;221
79;0;2039;;;;;;488;252;237;819;424;395;364;191;173;455;233;222
80;0;2040;;;;;;482;248;234;819;423;396;362;190;172;457;233;224
81;0;2041;;;;;;477;244;232;814;422;392;360;189;172;454;233;220
82;0;2042;;;;;;472;241;230;811;422;389;360;188;171;451;234;218
83;0;2043;;;;;;467;238;229;810;421;389;359;188;171;451;233;218
84;0;2044;;;;;;463;235;227;811;422;389;359;188;171;452;234;218
85;0;2045;;;;;;459;233;226;806;419;387;359;188;171;447;231;216
86;0;2046;;;;;;455;231;225;803;417;386;359;188;172;444;229;214
87;0;2047;;;;;;452;228;224;800;416;384;358;187;171;442;229;213
88;0;2048;;;;;;450;226;223;798;414;384;358;187;171;440;227;213
89;0;2049;;;;;;447;224;222;796;412;384;360;188;172;436;224;212
90;0;2050;;;;;;444;223;222;793;411;382;359;187;172;434;224;210
91;0;2051;;;;;;442;221;221;793;411;382;360;188;172;433;223;210
92;0;2052;;;;;;440;219;221;790;408;382;360;187;173;430;221;209
93;0;2053;;;;;;437;217;220;788;408;380;359;187;172;429;221;208
94;0;2054;;;;;;434;215;219;788;408;380;360;188;173;428;220;207
95;0;2055;;;;;;431;213;218;786;408;378;360;187;173;426;221;205
96;0;2056;;;;;;429;211;217;784;407;377;361;187;174;423;220;203
97;0;2057;;;;;;425;209;216;783;407;376;361;188;174;422;219;202
98;0;2058;;;;;;422;207;215;783;407;376;361;187;174;422;220;202
99;0;2059;;;;;;418;204;214;783;407;376;361;187;174;422;220;202
100;1;2010;;;;;;88;52;36;1488;766;722;1327;692;635;161;74;87
101;1;2011;;;;;;84;49;35;1539;789;750;1270;661;609;269;128;141
102;1;2012;;;;;;81;47;33;1529;784;745;1255;655;600;274;129;145
103;1;2013;;;;;;78;46;32;1477;755;722;1251;655;596;226;100;126
104;1;2014;;;;;;75;44;31;1431;732;699;1257;661;596;174;71;103
105;1;2015;;;;;;73;43;30;1427;733;694;1264;667;597;163;66;97
106;1;2016;;;;;;71;41;30;1425;732;693;1266;669;597;159;63;96
107;1;2017;;;;;;69;40;29;1423;732;691;1265;667;597;158;65;94
108;1;2018;;;;;;68;39;28;1427;736;691;1263;666;597;164;70;94
109;1;2019;;;;;;66;38;28;1433;742;691;1262;666;596;171;76;95
110;1;2020;;;;;;65;37;27;1437;746;691;1261;665;596;176;81;95
111;1;2021;;;;;;63;36;27;1437;749;688;1257;663;594;180;86;94
112;1;2022;;;;;;62;36;27;1436;750;686;1254;661;593;182;89;93
113;1;2023;;;;;;61;35;26;1428;748;680;1249;658;590;179;90;90
114;1;2024;;;;;;60;34;26;1429;748;681;1244;656;589;185;92;92
115;1;2025;;;;;;59;33;25;1424;747;677;1240;654;587;184;93;90
116;1;2026;;;;;;57;33;25;1422;746;676;1235;651;584;187;95;92
117;1;2027;;;;;;56;32;24;1417;744;673;1231;648;583;186;96;90
118;1;2028;;;;;;55;31;24;1414;744;670;1226;646;580;188;98;90
119;1;2029;;;;;;54;31;23;1411;742;669;1220;643;577;191;99;92
120;1;2030;;;;;;53;30;23;1412;742;670;1215;640;575;197;102;95
121;1;2031;;;;;;52;29;22;1408;741;667;1210;636;573;198;105;94
122;1;2032;;;;;;50;28;22;1406;741;665;1204;633;570;202;108;95
123;1;2033;;;;;;49;28;21;1407;742;665;1197;630;568;210;112;97
124;1;2034;;;;;;48;27;21;1404;741;663;1192;627;565;212;114;98
125;1;2035;;;;;;47;26;20;1405;743;662;1186;623;563;219;120;99
126;1;2036;;;;;;45;26;20;1408;744;664;1180;620;560;228;124;104
127;1;2037;;;;;;44;25;19;1411;746;665;1176;617;558;235;129;107
128;1;2038;;;;;;43;24;19;1411;746;665;1170;614;555;241;132;110
129;1;2039;;;;;;42;24;18;1411;745;666;1166;612;554;245;133;112
130;1;2040;;;;;;41;23;18;1410;745;665;1162;610;552;248;135;113
131;1;2041;;;;;;40;22;18;1411;746;665;1157;607;551;254;139;114
132;1;2042;;;;;;39;22;17;1410;745;665;1154;605;549;256;140;116
133;1;2043;;;;;;38;21;17;1411;746;665;1152;603;549;259;143;116
134;1;2044;;;;;;37;21;16;1411;746;665;1150;603;547;261;143;118
135;1;2045;;;;;;36;20;16;1410;745;665;1149;602;547;261;143;118
136;1;2046;;;;;;36;20;16;1406;742;664;1148;600;548;258;142;116
137;1;2047;;;;;;35;20;15;1405;742;663;1147;600;547;258;142;116
138;1;2048;;;;;;34;19;15;1405;742;663;1147;599;547;259;143;116
139;1;2049;;;;;;34;19;15;1403;741;662;1147;599;548;256;142;114
140;1;2050;;;;;;33;18;15;1403;741;662;1147;599;548;256;142;114
141;1;2051;;;;;;33;18;14;1402;740;662;1148;599;549;254;141;113
142;1;2052;;;;;;32;18;14;1401;740;661;1148;599;550;253;141;111
143;1;2053;;;;;;32;18;14;1401;740;661;1149;599;550;252;141;111
144;1;2054;;;;;;31;17;14;1401;740;661;1150;599;551;251;141;110
145;1;2055;;;;;;31;17;13;1400;739;661;1151;599;552;249;140;109
146;1;2056;;;;;;30;17;13;1400;739;661;1152;600;552;248;140;109
147;1;2057;;;;;;29;16;13;1400;739;661;1151;598;553;249;141;108
148;1;2058;;;;;;29;16;13;1400;739;661;1152;598;554;248;141;107
149;1;2059;;;;;;28;16;13;1399;739;660;1153;599;554;246;140;106
150;2;2010;;;;;;56;32;24;1778;920;858;1468;763;705;310;157;153
151;2;2011;;;;;;54;31;23;1833;947;886;1403;732;672;430;215;214
152;2;2012;;;;;;51;29;22;1827;941;886;1356;707;649;471;234;237
153;2;2013;;;;;;49;28;21;1767;908;859;1349;705;644;418;203;215
154;2;2014;;;;;;47;27;20;1716;880;836;1354;710;644;362;170;192
155;2;2015;;;;;;46;26;20;1713;882;831;1359;716;643;354;166;188
156;2;2016;;;;;;45;25;19;1706;880;826;1361;718;643;345;162;183
157;2;2017;;;;;;43;25;19;1710;884;826;1358;716;642;352;168;184
158;2;2018;;;;;;42;24;18;1716;888;828;1356;715;641;360;173;187
159;2;2019;;;;;;41;23;18;1719;894;825;1355;714;641;364;180;184
160;2;2020;;;;;;40;23;18;1726;900;826;1354;714;640;372;186;186
161;2;2021;;;;;;39;22;17;1728;903;825;1350;712;638;378;191;187
162;2;2022;;;;;;39;22;17;1726;903;823;1346;709;637;380;194;186
163;2;2023;;;;;;38;21;17;1725;905;820;1341;706;635;384;199;185
164;2;2024;;;;;;37;21;16;1721;904;817;1336;704;632;385;200;185
165;2;2025;;;;;;36;20;16;1718;903;815;1331;701;630;387;202;185
166;2;2026;;;;;;36;20;16;1716;903;813;1326;699;627;390;204;186
167;2;2027;;;;;;35;19;16;1713;902;811;1321;696;625;392;206;186
168;2;2028;;;;;;34;19;15;1711;901;810;1315;693;622;396;208;188
169;2;2029;;;;;;33;18;15;1707;899;808;1310;690;620;397;209;188
170;2;2030;;;;;;33;18;15;1702;897;805;1304;687;617;398;210;188
171;2;2031;;;;;;32;18;14;1700;896;804;1298;684;614;402;212;190
172;2;2032;;;;;;31;17;14;1702;898;804;1293;681;612;409;217;192
173;2;2033;;;;;;31;17;14;1701;898;803;1288;678;610;413;220;193
174;2;2034;;;;;;30;16;13;1703;899;804;1282;675;607;421;224;197
175;2;2035;;;;;;29;16;13;1704;901;803;1276;672;604;428;229;199
176;2;2036;;;;;;28;16;13;1705;901;804;1270;669;602;435;232;202
177;2;2037;;;;;;28;15;12;1706;902;804;1266;666;600;440;236;204
178;2;2038;;;;;;27;15;12;1708;901;807;1260;663;597;448;238;210
179;2;2039;;;;;;26;14;12;1709;902;807;1255;660;595;454;242;212
180;2;2040;;;;;;25;14;11;1708;903;805;1250;657;593;458;246;212
181;2;2041;;;;;;25;13;11;1710;904;806;1247;655;592;463;249;214
182;2;2042;;;;;;24;13;11;1711;904;807;1243;653;590;469;251;217
183;2;2043;;;;;;24;13;11;1712;905;807;1240;651;589;472;254;218
184;2;2044;;;;;;23;13;10;1711;904;807;1238;650;588;473;254;219
185;2;2045;;;;;;22;12;10;1707;901;806;1235;648;587;472;253;219
186;2;2046;;;;;;22;12;10;1706;901;805;1234;647;587;472;254;218
187;2;2047;;;;;;21;12;10;1706;901;805;1232;646;586;474;255;219
188;2;2048;;;;;;21;12;10;1706;901;805;1231;645;587;475;256;218
189;2;2049;;;;;;21;11;9;1707;901;806;1231;645;587;476;256;219
190;2;2050;;;;;;20;11;9;1704;899;805;1231;644;587;473;255;218
191;2;2051;;;;;;20;11;9;1704;899;805;1231;644;587;473;255;218
192;2;2052;;;;;;20;11;9;1704;899;805;1231;644;587;473;255;218
193;2;2053;;;;;;19;11;9;1704;899;805;1233;644;589;471;255;216
194;2;2054;;;;;;19;10;9;1704;899;805;1233;644;589;471;255;216
195;2;2055;;;;;;19;10;9;1703;897;806;1234;644;590;469;253;216
196;2;2056;;;;;;18;10;8;1703;898;805;1235;644;591;468;254;214
197;2;2057;;;;;;18;10;8;1704;899;805;1235;644;591;469;255;214
198;2;2058;;;;;;18;10;8;1704;899;805;1235;644;592;469;255;213
199;2;2059;;;;;;17;9;8;1704;899;805;1235;643;592;469;256;213
200;3;2010;;;;;;37;21;16;1764;918;846;1524;789;734;240;129;112
201;3;2011;;;;;;37;21;16;1815;942;873;1534;798;736;281;144;137
202;3;2012;;;;;;35;20;15;1801;934;867;1481;774;707;320;160;160
203;3;2013;;;;;;34;19;15;1735;896;839;1449;757;691;286;139;148
204;3;2014;;;;;;32;18;14;1685;870;815;1451;761;690;234;109;125
205;3;2015;;;;;;31;18;14;1679;868;811;1453;764;688;226;104;123
206;3;2016;;;;;;30;17;13;1678;868;810;1454;766;688;224;102;122
207;3;2017;;;;;;29;16;13;1681;872;809;1449;764;686;232;108;123
208;3;2018;;;;;;28;16;12;1686;878;808;1448;763;685;238;115;123
209;3;2019;;;;;;28;15;12;1690;883;807;1445;761;684;245;122;123
210;3;2020;;;;;;27;15;12;1695;887;808;1445;761;683;250;126;125
211;3;2021;;;;;;26;15;12;1695;889;806;1440;759;682;255;130;124
212;3;2022;;;;;;26;14;11;1695;892;803;1436;757;679;259;135;124
213;3;2023;;;;;;25;14;11;1692;891;801;1431;754;677;261;137;124
214;3;2024;;;;;;25;14;11;1692;892;800;1427;752;675;265;140;125
215;3;2025;;;;;;24;13;11;1689;891;798;1421;749;671;268;142;127
216;3;2026;;;;;;24;13;11;1683;889;794;1416;746;670;267;143;125
217;3;2027;;;;;;23;13;10;1680;889;791;1409;743;666;271;146;125
218;3;2028;;;;;;23;13;10;1679;889;790;1404;741;663;275;148;127
219;3;2029;;;;;;22;12;10;1674;887;787;1398;738;660;276;149;127
220;3;2030;;;;;;22;12;10;1677;889;788;1393;735;658;284;154;130
221;3;2031;;;;;;21;12;10;1670;887;783;1386;732;655;284;155;128
222;3;2032;;;;;;21;11;9;1669;886;783;1381;728;653;288;158;130
223;3;2033;;;;;;21;11;9;1669;885;784;1375;726;650;294;159;134
224;3;2034;;;;;;20;11;9;1668;885;783;1370;723;647;298;162;136
225;3;2035;;;;;;19;11;9;1669;887;782;1366;721;645;303;166;137
226;3;2036;;;;;;19;10;9;1672;888;784;1360;718;642;312;170;142
227;3;2037;;;;;;18;10;8;1673;888;785;1354;714;640;319;174;145
228;3;2038;;;;;;18;10;8;1675;890;785;1349;711;638;326;179;147
229;3;2039;;;;;;17;9;8;1673;889;784;1345;709;636;328;180;148
230;3;2040;;;;;;17;9;8;1672;888;784;1340;706;634;332;182;150
231;3;2041;;;;;;17;9;8;1674;889;785;1335;703;632;339;186;153
232;3;2042;;;;;;16;9;7;1675;890;785;1330;701;629;345;189;156
233;3;2043;;;;;;16;9;7;1677;892;785;1327;699;628;350;193;157
234;3;2044;;;;;;15;8;7;1676;892;784;1325;697;628;351;195;156
235;3;2045;;;;;;15;8;7;1671;889;782;1322;696;626;349;193;156
236;3;2046;;;;;;15;8;7;1669;888;781;1319;694;625;350;194;156
237;3;2047;;;;;;14;8;7;1669;888;781;1317;693;625;352;195;156
238;3;2048;;;;;;14;8;6;1669;888;781;1316;692;625;353;196;156
239;3;2049;;;;;;14;7;6;1668;887;781;1315;691;624;353;196;157
240;3;2050;;;;;;13;7;6;1668;887;781;1316;691;625;352;196;156
241;3;2051;;;;;;13;7;6;1667;887;780;1315;690;625;352;197;155
242;3;2052;;;;;;13;7;6;1666;886;780;1315;690;625;351;196;155
243;3;2053;;;;;;13;7;6;1667;886;781;1316;689;626;351;197;155
244;3;2054;;;;;;13;7;6;1667;886;781;1317;690;627;350;196;154
245;3;2055;;;;;;12;7;6;1666;885;781;1316;689;627;350;196;154
246;3;2056;;;;;;12;7;6;1665;885;780;1318;689;628;347;196;152
247;3;2057;;;;;;12;6;5;1664;885;779;1318;690;628;346;195;151
248;3;2058;;;;;;12;6;5;1663;884;779;1319;689;629;344;195;150
249;3;2059;;;;;;12;6;5;1662;883;779;1319;689;630;343;194;149
250;4;2010;;;;;;28;16;12;1589;814;775;1497;767;730;92;47;45
251;4;2011;;;;;;26;15;11;1649;845;804;1521;782;739;128;63;65
252;4;2012;;;;;;26;15;11;1627;834;793;1535;794;741;92;40;52
253;4;2013;;;;;;25;14;11;1563;798;765;1497;778;719;66;20;46
254;4;2014;;;;;;24;14;10;1499;763;736;1478;769;709;21;-6;27
255;4;2015;;;;;;23;13;10;1497;764;733;1476;771;706;21;-7;27
256;4;2016;;;;;;22;12;10;1493;764;729;1472;769;703;21;-5;26
257;4;2017;;;;;;21;12;9;1490;765;725;1468;767;700;22;-2;25
258;4;2018;;;;;;21;12;9;1495;767;728;1466;766;700;29;1;28
259;4;2019;;;;;;20;11;9;1499;772;727;1463;765;698;36;7;29
260;4;2020;;;;;;20;11;9;1500;778;722;1460;764;697;40;14;25
261;4;2021;;;;;;19;11;8;1504;781;723;1456;762;694;48;19;29
262;4;2022;;;;;;19;10;8;1500;782;718;1451;760;691;49;22;27
263;4;2023;;;;;;18;10;8;1502;783;719;1446;757;689;56;26;30
264;4;2024;;;;;;18;10;8;1497;782;715;1440;754;686;57;28;29
265;4;2025;;;;;;18;10;8;1493;779;714;1436;753;683;57;26;31
266;4;2026;;;;;;17;10;8;1488;780;708;1431;750;681;57;30;27
267;4;2027;;;;;;17;9;8;1484;778;706;1424;747;677;60;31;29
268;4;2028;;;;;;17;9;7;1477;776;701;1418;744;674;59;32;27
269;4;2029;;;;;;16;9;7;1476;775;701;1414;742;672;62;33;29
270;4;2030;;;;;;16;9;7;1474;776;698;1407;739;668;67;37;30
271;4;2031;;;;;;16;8;7;1472;774;698;1402;736;666;70;38;32
272;4;2032;;;;;;15;8;7;1468;772;696;1397;733;664;71;39;32
273;4;2033;;;;;;15;8;7;1465;772;693;1392;731;661;73;41;32
274;4;2034;;;;;;14;8;7;1465;772;693;1388;729;659;77;43;34
275;4;2035;;;;;;14;8;6;1465;773;692;1384;727;657;81;46;35
276;4;2036;;;;;;14;7;6;1464;772;692;1380;725;655;84;47;37
277;4;2037;;;;;;14;7;6;1465;772;693;1374;722;653;91;50;40
278;4;2038;;;;;;13;7;6;1463;772;691;1370;719;651;93;53;41
279;4;2039;;;;;;13;7;6;1462;771;691;1365;716;649;97;55;42
280;4;2040;;;;;;12;7;6;1463;772;691;1362;715;647;101;57;44
281;4;2041;;;;;;12;7;5;1463;771;692;1356;712;645;107;59;47
282;4;2042;;;;;;12;6;5;1462;771;691;1352;709;643;110;62;48
283;4;2043;;;;;;11;6;5;1462;771;691;1348;708;641;114;63;50
284;4;2044;;;;;;11;6;5;1462;772;690;1345;706;640;117;66;50
285;4;2045;;;;;;11;6;5;1460;770;690;1343;704;639;117;66;51
286;4;2046;;;;;;11;6;5;1457;768;689;1340;703;637;117;65;52
287;4;2047;;;;;;10;6;5;1455;767;688;1337;701;636;118;66;52
288;4;2048;;;;;;10;5;5;1453;767;686;1336;700;636;117;67;50
289;4;2049;;;;;;10;5;5;1450;766;684;1335;699;636;115;67;48
290;4;2050;;;;;;10;5;4;1450;766;684;1334;698;636;116;68;48
291;4;2051;;;;;;9;5;4;1450;766;684;1333;697;636;117;69;48
292;4;2052;;;;;;9;5;4;1449;765;684;1332;697;635;117;68;49
293;4;2053;;;;;;9;5;4;1449;765;684;1334;697;636;115;68;48
294;4;2054;;;;;;9;5;4;1449;765;684;1334;697;637;115;68;47
295;4;2055;;;;;;9;5;4;1447;763;684;1333;697;637;114;66;47
296;4;2056;;;;;;9;5;4;1447;763;684;1335;697;638;112;66;46
297;4;2057;;;;;;9;5;4;1446;762;684;1335;697;638;111;65;46
298;4;2058;;;;;;8;5;4;1445;762;683;1336;697;639;109;65;44
299;4;2059;;;;;;8;4;4;1443;761;682;1335;697;639;108;64;43
300;5;2010;;;;;;22;12;10;1523;781;742;1464;754;709;59;27;33
301;5;2011;;;;;;21;12;9;1576;806;770;1480;758;722;96;48;48
302;5;2012;;;;;;20;11;9;1556;795;761;1501;771;729;55;24;32
303;5;2013;;;;;;20;11;9;1491;762;729;1521;787;734;-30;-25;-5
304;5;2014;;;;;;19;11;8;1431;728;703;1498;779;719;-67;-51;-16
305;5;2015;;;;;;18;10;8;1428;728;700;1477;769;709;-49;-41;-9
306;5;2016;;;;;;17;10;8;1425;728;697;1471;766;705;-46;-38;-8
307;5;2017;;;;;;17;9;7;1426;730;696;1464;762;702;-38;-32;-6
308;5;2018;;;;;;16;9;7;1425;732;693;1458;760;698;-33;-28;-5
309;5;2019;;;;;;16;9;7;1431;736;695;1453;757;696;-22;-21;-1
310;5;2020;;;;;;15;8;7;1432;742;690;1451;756;694;-19;-14;-4
311;5;2021;;;;;;15;8;7;1434;745;689;1443;753;691;-9;-8;-2
312;5;2022;;;;;;15;8;6;1431;743;688;1439;751;688;-8;-8;0
313;5;2023;;;;;;14;8;6;1432;745;687;1433;748;685;-1;-3;2
314;5;2024;;;;;;14;8;6;1426;742;684;1427;746;682;-1;-4;2
315;5;2025;;;;;;14;8;6;1420;741;679;1422;743;678;-2;-2;1
316;5;2026;;;;;;13;7;6;1415;739;676;1416;741;676;-1;-2;0
317;5;2027;;;;;;13;7;6;1412;739;673;1409;738;672;3;1;1
318;5;2028;;;;;;13;7;6;1407;738;669;1404;735;669;3;3;0
319;5;2029;;;;;;13;7;6;1405;737;668;1397;732;665;8;5;3
320;5;2030;;;;;;12;7;6;1400;734;666;1393;730;663;7;4;3
321;5;2031;;;;;;12;7;6;1396;733;663;1386;727;660;10;6;3
322;5;2032;;;;;;12;6;5;1394;734;660;1382;725;657;12;9;3
323;5;2033;;;;;;12;6;5;1391;731;660;1378;723;655;13;8;5
324;5;2034;;;;;;11;6;5;1389;731;658;1373;720;653;16;11;5
325;5;2035;;;;;;11;6;5;1387;728;659;1370;719;651;17;9;8
326;5;2036;;;;;;11;6;5;1386;729;657;1366;717;649;20;12;8
327;5;2037;;;;;;10;6;5;1386;730;656;1362;714;647;24;16;9
328;5;2038;;;;;;10;5;5;1388;732;656;1358;713;645;30;19;11
329;5;2039;;;;;;10;5;5;1386;731;655;1353;709;644;33;22;11
330;5;2040;;;;;;10;5;4;1382;728;654;1349;708;641;33;20;13
331;5;2041;;;;;;9;5;4;1384;729;655;1345;705;640;39;24;15
332;5;2042;;;;;;9;5;4;1383;728;655;1340;702;638;43;26;17
333;5;2043;;;;;;9;5;4;1381;729;652;1337;701;636;44;28;16
334;5;2044;;;;;;9;5;4;1377;726;651;1333;699;635;44;27;16
335;5;2045;;;;;;8;5;4;1377;726;651;1330;697;634;47;29;17
336;5;2046;;;;;;8;4;4;1375;724;651;1327;695;632;48;29;19
337;5;2047;;;;;;8;4;4;1374;723;651;1324;694;631;50;29;20
338;5;2048;;;;;;8;4;4;1371;723;648;1323;693;631;48;30;17
339;5;2049;;;;;;8;4;4;1368;721;647;1320;691;629;48;30;18
340;5;2050;;;;;;7;4;3;1368;721;647;1319;690;629;49;31;18
341;5;2051;;;;;;7;4;3;1367;721;646;1318;689;629;49;32;17
342;5;2052;;;;;;7;4;3;1365;719;646;1318;689;629;47;30;17
343;5;2053;;;;;;7;4;3;1365;719;646;1317;689;629;48;30;17
344;5;2054;;;;;;7;4;3;1364;718;646;1318;689;630;46;29;16
345;5;2055;;;;;;7;4;3;1364;718;646;1319;689;630;45;29;16
346;5;2056;;;;;;7;4;3;1363;718;645;1318;688;630;45;30;15
347;5;2057;;;;;;7;4;3;1363;717;646;1319;688;631;44;29;15
348;5;2058;;;;;;6;3;3;1362;717;645;1319;688;631;43;29;14
349;5;2059;;;;;;6;3;3;1361;717;644;1320;688;632;41;29;12
350;6;2010;;;;;;19;11;8;1467;747;720;1404;710;694;63;37;26
351;6;2011;;;;;;17;10;8;1522;774;748;1408;715;694;114;59;55
352;6;2012;;;;;;17;9;7;1495;760;735;1424;719;705;71;41;30
353;6;2013;;;;;;16;9;7;1433;727;706;1448;733;715;-15;-6;-9
354;6;2014;;;;;;15;9;7;1370;694;676;1476;753;723;-106;-59;-47
355;6;2015;;;;;;15;8;6;1367;693;674;1452;744;708;-85;-51;-34
356;6;2016;;;;;;14;8;6;1360;691;669;1431;733;698;-71;-42;-29
357;6;2017;;;;;;14;8;6;1362;693;669;1421;728;693;-59;-35;-24
358;6;2018;;;;;;13;7;6;1364;698;666;1413;724;689;-49;-26;-23
359;6;2019;;;;;;13;7;6;1366;701;665;1407;721;686;-41;-20;-21
360;6;2020;;;;;;12;7;6;1371;705;666;1403;719;683;-32;-14;-17
361;6;2021;;;;;;12;7;5;1370;706;664;1395;716;679;-25;-10;-15
362;6;2022;;;;;;12;6;5;1366;704;662;1390;714;676;-24;-10;-14
363;6;2023;;;;;;11;6;5;1364;706;658;1384;711;672;-20;-5;-14
364;6;2024;;;;;;11;6;5;1361;705;656;1379;710;669;-18;-5;-13
365;6;2025;;;;;;11;6;5;1355;702;653;1373;707;666;-18;-5;-13
366;6;2026;;;;;;11;6;5;1352;703;649;1367;705;662;-15;-2;-13
367;6;2027;;;;;;11;6;5;1349;701;648;1363;703;660;-14;-2;-12
368;6;2028;;;;;;10;6;5;1343;699;644;1356;700;656;-13;-1;-12
369;6;2029;;;;;;10;6;5;1337;697;640;1350;697;653;-13;0;-13
370;6;2030;;;;;;10;5;4;1332;694;638;1344;695;649;-12;-1;-11
371;6;2031;;;;;;10;5;4;1333;695;638;1340;693;648;-7;2;-10
372;6;2032;;;;;;10;5;4;1327;693;634;1335;691;645;-8;2;-11
373;6;2033;;;;;;9;5;4;1324;692;632;1331;689;642;-7;3;-10
374;6;2034;;;;;;9;5;4;1321;689;632;1327;687;640;-6;2;-8
375;6;2035;;;;;;9;5;4;1321;690;631;1324;686;639;-3;4;-8
376;6;2036;;;;;;9;5;4;1319;690;629;1322;684;638;-3;6;-9
377;6;2037;;;;;;8;5;4;1318;689;629;1318;683;636;0;6;-7
378;6;2038;;;;;;8;5;4;1315;687;628;1315;681;634;0;6;-6
379;6;2039;;;;;;8;4;4;1317;689;628;1312;679;633;5;10;-5
380;6;2040;;;;;;8;4;4;1315;688;627;1308;677;631;7;11;-4
381;6;2041;;;;;;8;4;4;1316;689;627;1304;675;629;12;14;-2
382;6;2042;;;;;;7;4;3;1312;687;625;1300;673;627;12;14;-2
383;6;2043;;;;;;7;4;3;1311;687;624;1296;671;625;15;16;-1
384;6;2044;;;;;;7;4;3;1309;685;624;1292;669;624;17;16;0
385;6;2045;;;;;;7;4;3;1305;685;620;1290;668;622;15;17;-2
386;6;2046;;;;;;7;4;3;1303;684;619;1287;666;622;16;18;-3
387;6;2047;;;;;;6;4;3;1300;682;618;1284;664;620;16;18;-2
388;6;2048;;;;;;6;3;3;1300;681;619;1282;663;620;18;18;-1
389;6;2049;;;;;;6;3;3;1297;678;619;1280;662;619;17;16;0
390;6;2050;;;;;;6;3;3;1296;678;618;1278;660;618;18;18;0
391;6;2051;;;;;;6;3;3;1294;678;616;1276;659;617;18;19;-1
392;6;2052;;;;;;6;3;3;1294;678;616;1277;659;617;17;19;-1
393;6;2053;;;;;;6;3;3;1292;677;615;1277;659;618;15;18;-3
394;6;2054;;;;;;6;3;3;1290;675;615;1276;659;617;14;16;-2
395;6;2055;;;;;;6;3;3;1290;675;615;1277;659;618;13;16;-3
396;6;2056;;;;;;5;3;2;1290;675;615;1277;659;618;13;16;-3
397;6;2057;;;;;;5;3;2;1289;674;615;1277;659;618;12;15;-3
398;6;2058;;;;;;5;3;2;1289;674;615;1278;659;619;11;15;-4
399;6;2059;;;;;;5;3;2;1286;672;614;1278;659;619;8;13;-5
400;7;2010;;;;;;17;10;7;1378;718;660;1283;643;640;95;75;20
401;7;2011;;;;;;16;9;7;1427;743;684;1291;651;641;136;92;43
402;7;2012;;;;;;15;9;6;1404;729;675;1296;655;640;109;74;35
403;7;2013;;;;;;14;8;6;1341;694;647;1314;662;652;27;32;-5
404;7;2014;;;;;;14;8;6;1280;663;617;1340;677;663;-60;-14;-46
405;7;2015;;;;;;13;8;6;1279;663;616;1361;692;669;-82;-29;-53
406;7;2016;;;;;;13;7;6;1275;663;612;1339;682;657;-64;-19;-45
407;7;2017;;;;;;12;7;5;1276;664;612;1316;670;646;-40;-6;-34
408;7;2018;;;;;;12;7;5;1274;667;607;1306;665;641;-32;2;-34
409;7;2019;;;;;;11;6;5;1277;670;607;1298;661;637;-21;9;-30
410;7;2020;;;;;;11;6;5;1278;674;604;1292;659;634;-14;15;-30
411;7;2021;;;;;;11;6;5;1282;676;606;1287;656;631;-5;20;-25
412;7;2022;;;;;;10;6;5;1282;676;606;1280;653;627;2;23;-21
413;7;2023;;;;;;10;6;5;1278;676;602;1274;651;624;4;25;-22
414;7;2024;;;;;;10;5;4;1275;675;600;1269;648;621;6;27;-21
415;7;2025;;;;;;10;5;4;1270;673;597;1264;646;618;6;27;-21
416;7;2026;;;;;;10;5;4;1265;672;593;1260;645;615;5;27;-22
417;7;2027;;;;;;9;5;4;1260;670;590;1254;643;611;6;27;-21
418;7;2028;;;;;;9;5;4;1254;668;586;1249;640;609;5;28;-23
419;7;2029;;;;;;9;5;4;1252;667;585;1244;638;606;8;29;-21
420;7;2030;;;;;;9;5;4;1247;665;582;1239;636;603;8;29;-21
421;7;2031;;;;;;9;5;4;1245;664;581;1234;633;601;11;31;-20
422;7;2032;;;;;;8;5;4;1241;662;579;1231;632;599;10;30;-20
423;7;2033;;;;;;8;5;4;1237;659;578;1227;630;597;10;29;-19
424;7;2034;;;;;;8;4;4;1233;657;576;1225;630;596;8;27;-20
425;7;2035;;;;;;8;4;4;1234;659;575;1221;628;594;13;31;-19
426;7;2036;;;;;;8;4;4;1231;659;572;1220;628;592;11;31;-20
427;7;2037;;;;;;8;4;3;1230;658;572;1218;626;592;12;32;-20
428;7;2038;;;;;;7;4;3;1230;657;573;1215;625;591;15;32;-18
429;7;2039;;;;;;7;4;3;1230;658;572;1213;624;589;17;34;-17
430;7;2040;;;;;;7;4;3;1228;657;571;1210;622;587;18;35;-16
431;7;2041;;;;;;7;4;3;1225;657;568;1207;621;586;18;36;-18
432;7;2042;;;;;;7;4;3;1223;656;567;1204;619;585;19;37;-18
433;7;2043;;;;;;6;3;3;1220;654;566;1202;618;584;18;36;-18
434;7;2044;;;;;;6;3;3;1219;653;566;1199;616;582;20;37;-16
435;7;2045;;;;;;6;3;3;1217;652;565;1195;614;580;22;38;-15
436;7;2046;;;;;;6;3;3;1214;650;564;1192;613;579;22;37;-15
437;7;2047;;;;;;6;3;3;1212;648;564;1190;612;578;22;36;-14
438;7;2048;;;;;;6;3;3;1211;647;564;1188;610;578;23;37;-14
439;7;2049;;;;;;5;3;3;1209;646;563;1186;609;577;23;37;-14
440;7;2050;;;;;;5;3;2;1207;646;561;1184;608;576;23;38;-15
441;7;2051;;;;;;5;3;2;1207;646;561;1184;608;576;23;38;-15
442;7;2052;;;;;;5;3;2;1205;645;560;1182;607;575;23;38;-15
443;7;2053;;;;;;5;3;2;1200;642;558;1182;607;575;18;35;-17
444;7;2054;;;;;;5;3;2;1200;642;558;1182;606;576;18;36;-18
445;7;2055;;;;;;5;3;2;1199;641;558;1183;606;577;16;35;-19
446;7;2056;;;;;;5;3;2;1199;641;558;1184;607;577;15;34;-19
447;7;2057;;;;;;5;3;2;1199;641;558;1184;607;577;15;34;-19
448;7;2058;;;;;;5;3;2;1198;640;558;1185;607;578;13;33;-20
449;7;2059;;;;;;5;3;2;1198;640;558;1186;607;579;12;33;-21
450;8;2010;;;;;;16;9;7;1300;666;634;1130;575;555;170;91;79
451;8;2011;;;;;;15;9;7;1352;691;661;1147;580;567;205;111;94
452;8;2012;;;;;;14;8;6;1332;679;653;1154;588;566;178;91;87
453;8;2013;;;;;;13;8;6;1271;645;626;1162;594;568;109;51;58
454;8;2014;;;;;;13;7;6;1211;614;597;1182;604;579;29;10;18
455;8;2015;;;;;;12;7;5;1210;616;594;1200;613;587;10;3;7
456;8;2016;;;;;;12;7;5;1208;614;594;1216;624;592;-8;-10;2
457;8;2017;;;;;;11;6;5;1204;616;588;1194;613;581;10;3;7
458;8;2018;;;;;;11;6;5;1206;618;588;1176;603;573;30;15;15
459;8;2019;;;;;;10;6;5;1208;620;588;1167;598;569;41;22;19
460;8;2020;;;;;;10;6;5;1212;625;587;1160;594;566;52;31;21
461;8;2021;;;;;;10;5;4;1212;626;586;1152;591;561;60;35;25
462;8;2022;;;;;;10;5;4;1210;626;584;1147;588;559;63;38;25
463;8;2023;;;;;;9;5;4;1205;624;581;1141;585;556;64;39;25
464;8;2024;;;;;;9;5;4;1203;624;579;1136;583;553;67;41;26
465;8;2025;;;;;;9;5;4;1200;623;577;1131;580;551;69;43;26
466;8;2026;;;;;;9;5;4;1195;621;574;1128;579;549;67;42;25
467;8;2027;;;;;;9;5;4;1188;619;569;1123;577;546;65;42;23
468;8;2028;;;;;;8;5;4;1186;616;570;1119;575;544;67;41;26
469;8;2029;;;;;;8;5;4;1181;615;566;1115;573;541;66;42;25
470;8;2030;;;;;;8;4;4;1178;614;564;1111;572;539;67;42;25
471;8;2031;;;;;;8;4;4;1174;612;562;1107;570;537;67;42;25
472;8;2032;;;;;;8;4;4;1170;609;561;1103;568;535;67;41;26
473;8;2033;;;;;;8;4;3;1168;609;559;1101;567;535;67;42;24
474;8;2034;;;;;;7;4;3;1168;609;559;1099;566;533;69;43;26
475;8;2035;;;;;;7;4;3;1165;608;557;1096;564;532;69;44;25
476;8;2036;;;;;;7;4;3;1161;605;556;1095;564;531;66;41;25
477;8;2037;;;;;;7;4;3;1162;606;556;1094;563;531;68;43;25
478;8;2038;;;;;;7;4;3;1160;606;554;1094;563;531;66;43;23
479;8;2039;;;;;;7;4;3;1159;605;554;1091;562;530;68;43;24
480;8;2040;;;;;;6;3;3;1154;603;551;1089;561;529;65;42;22
481;8;2041;;;;;;6;3;3;1152;601;551;1087;560;527;65;41;24
482;8;2042;;;;;;6;3;3;1150;601;549;1084;558;526;66;43;23
483;8;2043;;;;;;6;3;3;1146;599;547;1083;557;525;63;42;22
484;8;2044;;;;;;6;3;3;1146;598;548;1080;555;525;66;43;23
485;8;2045;;;;;;6;3;3;1144;597;547;1077;553;523;67;44;24
486;8;2046;;;;;;6;3;3;1141;595;546;1074;553;521;67;42;25
487;8;2047;;;;;;5;3;2;1141;595;546;1072;551;521;69;44;25
488;8;2048;;;;;;5;3;2;1139;594;545;1071;550;520;68;44;25
489;8;2049;;;;;;5;3;2;1136;593;543;1069;549;520;67;44;23
490;8;2050;;;;;;5;3;2;1135;591;544;1067;548;519;68;43;25
491;8;2051;;;;;;5;3;2;1134;591;543;1066;547;519;68;44;24
492;8;2052;;;;;;5;3;2;1132;590;542;1066;547;519;66;43;23
493;8;2053;;;;;;5;2;2;1131;589;542;1065;547;519;66;42;24
494;8;2054;;;;;;5;2;2;1130;588;542;1065;546;519;65;42;23
495;8;2055;;;;;;4;2;2;1129;588;541;1066;546;519;63;42;22
496;8;2056;;;;;;4;2;2;1129;588;541;1066;546;520;63;42;21
497;8;2057;;;;;;4;2;2;1128;587;541;1067;547;521;61;40;20
498;8;2058;;;;;;4;2;2;1128;587;541;1068;547;521;60;40;20
499;8;2059;;;;;;4;2;2;1128;587;541;1070;547;522;58;40;19
500;9;2010;;;;;;16;9;7;1273;642;631;1013;517;496;260;125;135
501;9;2011;;;;;;15;8;7;1324;667;657;1015;522;494;309;145;163
502;9;2012;;;;;;14;8;6;1300;652;648;1029;527;502;271;125;146
503;9;2013;;;;;;13;7;6;1241;619;622;1038;535;504;203;84;118
504;9;2014;;;;;;12;7;6;1185;591;594;1047;542;505;138;49;89
505;9;2015;;;;;;12;7;5;1180;589;591;1061;548;513;119;41;78
506;9;2016;;;;;;11;6;5;1179;588;591;1072;554;519;107;34;72
507;9;2017;;;;;;11;6;5;1174;589;585;1081;560;521;93;29;64
508;9;2018;;;;;;11;6;5;1178;592;586;1065;551;514;113;41;72
509;9;2019;;;;;;10;6;5;1179;596;583;1050;543;507;129;53;76
510;9;2020;;;;;;10;5;4;1181;597;584;1040;538;503;141;59;81
511;9;2021;;;;;;9;5;4;1183;600;583;1033;534;499;150;66;84
512;9;2022;;;;;;9;5;4;1181;602;579;1025;530;495;156;72;84
513;9;2023;;;;;;9;5;4;1177;600;577;1021;528;493;156;72;84
514;9;2024;;;;;;9;5;4;1172;598;574;1016;526;490;156;72;84
515;9;2025;;;;;;9;5;4;1169;600;569;1011;523;488;158;77;81
516;9;2026;;;;;;8;5;4;1162;596;566;1007;522;486;155;74;80
517;9;2027;;;;;;8;4;4;1161;595;566;1004;520;484;157;75;82
518;9;2028;;;;;;8;4;4;1158;594;564;999;518;482;159;76;82
519;9;2029;;;;;;8;4;4;1153;592;561;996;516;480;157;76;81
520;9;2030;;;;;;8;4;4;1148;591;557;992;514;478;156;77;79
521;9;2031;;;;;;8;4;4;1144;588;556;989;513;477;155;75;79
522;9;2032;;;;;;7;4;3;1141;587;554;986;511;475;155;76;79
523;9;2033;;;;;;7;4;3;1138;586;552;983;510;473;155;76;79
524;9;2034;;;;;;7;4;3;1138;586;552;981;509;473;157;77;79
525;9;2035;;;;;;7;4;3;1133;584;549;980;508;472;153;76;77
526;9;2036;;;;;;7;4;3;1132;583;549;979;507;471;153;76;78
527;9;2037;;;;;;7;4;3;1131;583;548;977;506;471;154;77;77
528;9;2038;;;;;;7;3;3;1129;582;547;976;506;471;153;77;76
529;9;2039;;;;;;6;3;3;1130;582;548;976;505;470;154;77;78
530;9;2040;;;;;;6;3;3;1125;580;545;974;504;470;151;76;75
531;9;2041;;;;;;6;3;3;1124;580;544;972;503;469;152;77;75
532;9;2042;;;;;;6;3;3;1120;576;544;970;501;468;150;75;76
533;9;2043;;;;;;6;3;3;1120;577;543;968;500;468;152;77;75
534;9;2044;;;;;;6;3;3;1119;577;542;966;499;466;154;78;76
535;9;2045;;;;;;5;3;3;1114;574;540;963;498;465;151;76;75
536;9;2046;;;;;;5;3;2;1112;572;540;960;496;465;152;76;76
537;9;2047;;;;;;5;3;2;1111;572;539;958;495;464;153;77;75
538;9;2048;;;;;;5;3;2;1110;571;539;956;493;463;154;78;76
539;9;2049;;;;;;5;3;2;1109;571;538;955;493;463;154;78;75
540;9;2050;;;;;;5;2;2;1108;570;538;954;492;462;154;78;76
541;9;2051;;;;;;5;2;2;1106;569;537;951;490;462;155;79;75
542;9;2052;;;;;;5;2;2;1104;568;536;951;489;462;153;79;74
543;9;2053;;;;;;4;2;2;1103;568;535;950;489;462;153;79;73
544;9;2054;;;;;;4;2;2;1101;567;534;950;489;462;151;78;72
545;9;2055;;;;;;4;2;2;1101;567;534;950;488;462;151;79;72
546;9;2056;;;;;;4;2;2;1100;566;534;951;487;463;149;79;71
547;9;2057;;;;;;4;2;2;1100;566;534;952;488;464;148;78;70
548;9;2058;;;;;;4;2;2;1100;566;534;952;488;465;148;78;69
549;9;2059;;;;;;4;2;2;1099;565;534;953;487;465;146;78;69
550;10;2010;;;;;;16;9;7;1203;608;595;947;494;453;256;114;142
551;10;2011;;;;;;15;9;7;1247;630;617;920;481;439;327;149;178
552;10;2012;;;;;;15;8;6;1231;620;611;925;486;439;306;134;172
553;10;2013;;;;;;14;8;6;1173;587;586;941;494;447;232;93;139
554;10;2014;;;;;;13;7;6;1130;565;565;952;502;450;178;63;115
555;10;2015;;;;;;12;7;5;1123;564;559;957;507;450;166;57;109
556;10;2016;;;;;;12;6;5;1120;562;558;966;510;457;154;52;101
557;10;2017;;;;;;11;6;5;1117;562;555;970;511;459;147;51;96
558;10;2018;;;;;;11;6;5;1116;564;552;979;517;462;137;47;90
559;10;2019;;;;;;10;6;5;1120;568;552;966;510;456;154;58;96
560;10;2020;;;;;;10;5;5;1123;571;552;952;502;450;171;69;102
561;10;2021;;;;;;10;5;4;1122;573;549;943;498;446;179;75;103
562;10;2022;;;;;;9;5;4;1120;572;548;936;494;442;184;78;106
563;10;2023;;;;;;9;5;4;1120;573;547;930;491;439;190;82;108
564;10;2024;;;;;;9;5;4;1115;571;544;926;489;437;189;82;107
565;10;2025;;;;;;9;5;4;1110;568;542;920;487;434;190;81;108
566;10;2026;;;;;;8;5;4;1106;567;539;916;484;432;190;83;107
567;10;2027;;;;;;8;4;4;1102;567;535;912;482;430;190;85;105
568;10;2028;;;;;;8;4;4;1101;566;535;910;481;429;191;85;106
569;10;2029;;;;;;8;4;4;1096;566;530;906;480;426;190;86;104
570;10;2030;;;;;;8;4;4;1091;563;528;903;478;425;188;85;103
571;10;2031;;;;;;8;4;4;1087;562;525;900;476;424;187;86;101
572;10;2032;;;;;;8;4;4;1086;562;524;898;475;423;188;87;101
573;10;2033;;;;;;7;4;3;1081;559;522;895;474;421;186;85;101
574;10;2034;;;;;;7;4;3;1079;560;519;892;472;420;187;88;99
575;10;2035;;;;;;7;4;3;1081;561;520;893;472;421;188;89;99
576;10;2036;;;;;;7;4;3;1081;561;520;891;471;420;190;90;100
577;10;2037;;;;;;7;4;3;1076;558;518;890;471;420;186;87;98
578;10;2038;;;;;;7;4;3;1074;556;518;889;470;419;185;86;99
579;10;2039;;;;;;6;3;3;1072;555;517;888;469;419;184;86;98
580;10;2040;;;;;;6;3;3;1070;554;516;887;468;419;183;86;97
581;10;2041;;;;;;6;3;3;1069;554;515;886;468;418;183;86;97
582;10;2042;;;;;;6;3;3;1067;553;514;884;466;418;183;87;96
583;10;2043;;;;;;6;3;3;1066;553;513;882;465;417;184;88;96
584;10;2044;;;;;;6;3;3;1065;552;513;881;464;417;184;88;96
585;10;2045;;;;;;6;3;3;1061;551;510;879;463;416;182;88;94
586;10;2046;;;;;;5;3;2;1059;550;509;877;461;416;182;89;93
587;10;2047;;;;;;5;3;2;1058;550;508;874;459;415;184;91;93
588;10;2048;;;;;;5;3;2;1057;549;508;872;458;414;185;91;94
589;10;2049;;;;;;5;3;2;1056;548;508;872;458;414;185;90;94
590;10;2050;;;;;;5;3;2;1055;548;507;869;457;413;186;92;94
591;10;2051;;;;;;5;2;2;1054;547;507;867;455;413;187;92;94
592;10;2052;;;;;;5;2;2;1052;546;506;867;454;413;185;92;93
593;10;2053;;;;;;4;2;2;1051;545;506;866;453;412;185;92;94
594;10;2054;;;;;;4;2;2;1050;544;506;866;453;413;184;91;93
595;10;2055;;;;;;4;2;2;1050;544;506;865;452;413;185;92;93
596;10;2056;;;;;;4;2;2;1050;544;506;865;452;413;185;92;93
597;10;2057;;;;;;4;2;2;1050;544;506;866;452;415;184;92;91
598;10;2058;;;;;;4;2;2;1049;543;506;866;451;415;183;92;91
599;10;2059;;;;;;4;2;2;1048;543;505;868;452;416;180;91;89
600;11;2010;;;;;;17;9;7;1145;593;552;837;441;397;308;152;155
601;11;2011;;;;;;16;9;7;1186;616;570;849;449;399;337;167;171
602;11;2012;;;;;;15;9;7;1166;602;564;828;439;389;338;163;175
603;11;2013;;;;;;15;8;7;1122;577;545;836;447;389;286;130;156
604;11;2014;;;;;;14;8;6;1076;552;524;855;457;399;221;95;125
605;11;2015;;;;;;13;7;6;1072;552;520;865;463;402;207;89;118
606;11;2016;;;;;;12;7;6;1068;551;517;865;464;401;203;87;116
607;11;2017;;;;;;12;6;5;1068;551;517;871;465;406;197;86;111
608;11;2018;;;;;;11;6;5;1067;554;513;873;465;408;194;89;105
609;11;2019;;;;;;11;6;5;1069;555;514;881;471;411;188;84;103
610;11;2020;;;;;;11;6;5;1068;558;510;870;465;405;198;93;105
611;11;2021;;;;;;10;5;5;1074;561;513;856;456;399;218;105;114
612;11;2022;;;;;;10;5;5;1071;561;510;848;453;395;223;108;115
613;11;2023;;;;;;9;5;4;1068;559;509;842;449;392;226;110;117
614;11;2024;;;;;;9;5;4;1064;558;506;837;447;389;227;111;117
615;11;2025;;;;;;9;5;4;1059;557;502;832;445;387;227;112;115
616;11;2026;;;;;;9;5;4;1058;557;501;828;443;385;230;114;116
617;11;2027;;;;;;9;5;4;1050;553;497;825;441;384;225;112;113
618;11;2028;;;;;;8;4;4;1049;554;495;822;440;382;227;114;113
619;11;2029;;;;;;8;4;4;1046;552;494;820;439;381;226;113;113
620;11;2030;;;;;;8;4;4;1042;550;492;818;439;379;224;111;113
621;11;2031;;;;;;8;4;4;1036;548;488;814;437;378;222;111;110
622;11;2032;;;;;;8;4;4;1036;548;488;812;435;377;224;113;111
623;11;2033;;;;;;8;4;4;1037;549;488;810;435;375;227;114;113
624;11;2034;;;;;;8;4;4;1032;548;484;810;434;375;222;114;109
625;11;2035;;;;;;7;4;3;1030;546;484;808;434;374;222;112;110
626;11;2036;;;;;;7;4;3;1028;544;484;808;433;375;220;111;109
627;11;2037;;;;;;7;4;3;1025;542;483;806;433;374;219;109;109
628;11;2038;;;;;;7;4;3;1027;545;482;806;432;374;221;113;108
629;11;2039;;;;;;7;4;3;1026;545;481;805;432;373;221;113;108
630;11;2040;;;;;;7;3;3;1024;543;481;806;432;374;218;111;107
631;11;2041;;;;;;6;3;3;1019;541;478;804;431;374;215;110;104
632;11;2042;;;;;;6;3;3;1020;542;478;804;430;373;216;112;105
633;11;2043;;;;;;6;3;3;1018;541;477;803;430;373;215;111;104
634;11;2044;;;;;;6;3;3;1016;541;475;802;429;373;214;112;102
635;11;2045;;;;;;6;3;3;1016;541;475;800;428;372;216;113;103
636;11;2046;;;;;;6;3;3;1012;537;475;798;427;372;214;110;103
637;11;2047;;;;;;5;3;3;1009;535;474;797;426;371;212;109;103
638;11;2048;;;;;;5;3;2;1008;535;473;795;425;371;213;110;102
639;11;2049;;;;;;5;3;2;1006;533;473;794;423;370;212;110;103
640;11;2050;;;;;;5;3;2;1006;533;473;792;422;370;214;111;103
641;11;2051;;;;;;5;3;2;1005;533;472;792;422;370;213;111;102
642;11;2052;;;;;;5;2;2;1005;533;472;791;421;370;214;112;102
643;11;2053;;;;;;5;2;2;1005;533;472;791;420;370;214;113;102
644;11;2054;;;;;;5;2;2;1003;532;471;790;420;370;213;112;101
645;11;2055;;;;;;5;2;2;1002;532;470;790;420;371;212;112;99
646;11;2056;;;;;;4;2;2;1001;532;469;790;419;371;211;113;98
647;11;2057;;;;;;4;2;2;999;531;468;791;419;372;208;112;96
648;11;2058;;;;;;4;2;2;1000;532;468;792;419;372;208;113;96
649;11;2059;;;;;;4;2;2;1000;532;468;792;419;373;208;113;95
650;12;2010;;;;;;18;10;8;1130;583;547;762;397;365;368;186;182
651;12;2011;;;;;;17;10;8;1166;601;565;764;395;369;402;206;196
652;12;2012;;;;;;17;9;8;1151;592;559;777;404;373;374;188;186
653;12;2013;;;;;;16;9;7;1106;567;539;763;398;365;343;169;174
654;12;2014;;;;;;15;8;7;1066;545;521;775;407;368;291;138;153
655;12;2015;;;;;;15;8;7;1064;543;521;790;414;376;274;129;145
656;12;2016;;;;;;14;7;6;1061;543;518;793;415;378;268;128;140
657;12;2017;;;;;;13;7;6;1058;544;514;792;415;377;266;129;137
658;12;2018;;;;;;12;7;6;1062;547;515;795;415;380;267;133;135
659;12;2019;;;;;;12;6;5;1062;548;514;797;415;382;265;133;132
660;12;2020;;;;;;11;6;5;1063;550;513;803;420;383;260;130;130
661;12;2021;;;;;;11;6;5;1065;552;513;792;414;378;273;138;135
662;12;2022;;;;;;11;6;5;1062;553;509;780;407;373;282;146;136
663;12;2023;;;;;;10;6;5;1060;552;508;773;404;370;287;148;138
664;12;2024;;;;;;10;5;5;1054;549;505;767;401;366;287;148;139
665;12;2025;;;;;;10;5;4;1051;548;503;763;399;364;288;149;139
666;12;2026;;;;;;9;5;4;1047;547;500;759;397;361;288;150;139
667;12;2027;;;;;;9;5;4;1046;547;499;756;396;360;290;151;139
668;12;2028;;;;;;9;5;4;1047;548;499;752;394;358;295;154;141
669;12;2029;;;;;;9;5;4;1039;545;494;749;393;356;290;152;138
670;12;2030;;;;;;9;5;4;1038;543;495;747;392;355;291;151;140
671;12;2031;;;;;;8;5;4;1034;541;493;745;391;354;289;150;139
672;12;2032;;;;;;8;4;4;1031;538;493;742;390;352;289;148;141
673;12;2033;;;;;;8;4;4;1030;539;491;741;390;352;289;149;139
674;12;2034;;;;;;8;4;4;1026;538;488;740;389;351;286;149;137
675;12;2035;;;;;;8;4;4;1026;538;488;739;389;350;287;149;138
676;12;2036;;;;;;8;4;4;1025;537;488;738;388;350;287;149;138
677;12;2037;;;;;;8;4;4;1021;535;486;739;389;351;282;146;135
678;12;2038;;;;;;7;4;3;1018;533;485;738;388;350;280;145;135
679;12;2039;;;;;;7;4;3;1020;534;486;739;388;350;281;146;136
680;12;2040;;;;;;7;4;3;1021;535;486;738;388;350;283;147;136
681;12;2041;;;;;;7;4;3;1019;535;484;738;388;350;281;147;134
682;12;2042;;;;;;7;4;3;1017;533;484;737;388;350;280;145;134
683;12;2043;;;;;;7;3;3;1016;533;483;737;387;350;279;146;133
684;12;2044;;;;;;6;3;3;1014;531;483;736;387;349;278;144;134
685;12;2045;;;;;;6;3;3;1012;530;482;735;386;349;277;144;133
686;12;2046;;;;;;6;3;3;1011;530;481;734;385;349;277;145;132
687;12;2047;;;;;;6;3;3;1010;529;481;733;384;349;277;145;132
688;12;2048;;;;;;6;3;3;1009;528;481;732;384;349;277;144;132
689;12;2049;;;;;;5;3;3;1009;528;481;730;382;348;279;146;133
690;12;2050;;;;;;5;3;3;1008;527;481;729;381;348;279;146;133
691;12;2051;;;;;;5;3;2;1007;527;480;729;381;348;278;146;132
692;12;2052;;;;;;5;3;2;1006;526;480;727;380;347;279;146;133
693;12;2053;;;;;;5;3;2;1004;525;479;726;379;347;278;146;132
694;12;2054;;;;;;5;3;2;1004;525;479;726;379;347;278;146;132
695;12;2055;;;;;;5;3;2;1004;525;479;726;378;348;278;147;131
696;12;2056;;;;;;5;2;2;1003;524;479;726;378;348;277;146;131
697;12;2057;;;;;;5;2;2;1002;523;479;727;378;349;275;145;130
698;12;2058;;;;;;4;2;2;1002;523;479;727;378;349;275;145;130
699;12;2059;;;;;;4;2;2;1002;524;478;728;379;349;274;145;129
700;13;2010;;;;;;19;11;8;1089;556;533;716;363;353;373;193;180
701;13;2011;;;;;;19;11;8;1118;570;548;708;360;348;410;210;200
702;13;2012;;;;;;18;10;8;1096;556;540;712;360;352;384;196;188
703;13;2013;;;;;;18;10;8;1058;537;521;727;370;357;331;167;164
704;13;2014;;;;;;17;9;8;1023;519;504;719;367;351;304;152;153
705;13;2015;;;;;;16;9;7;1021;518;503;728;375;353;293;143;150
706;13;2016;;;;;;16;9;7;1018;518;500;739;379;360;279;139;140
707;13;2017;;;;;;15;8;7;1014;518;496;739;378;361;275;140;135
708;13;2018;;;;;;14;7;6;1013;517;496;737;377;359;276;140;137
709;13;2019;;;;;;13;7;6;1018;522;496;739;378;362;279;144;134
710;13;2020;;;;;;12;7;6;1018;522;496;741;377;364;277;145;132
711;13;2021;;;;;;12;7;6;1018;524;494;745;381;364;273;143;130
712;13;2022;;;;;;12;6;5;1018;525;493;735;375;359;283;150;134
713;13;2023;;;;;;11;6;5;1016;524;492;723;370;353;293;154;139
714;13;2024;;;;;;11;6;5;1010;523;487;716;367;350;294;156;137
715;13;2025;;;;;;11;6;5;1009;521;488;710;363;347;299;158;141
716;13;2026;;;;;;10;6;5;1003;519;484;706;362;344;297;157;140
717;13;2027;;;;;;10;5;5;998;516;482;702;360;342;296;156;140
718;13;2028;;;;;;10;5;5;992;515;477;698;358;340;294;157;137
719;13;2029;;;;;;10;5;5;989;515;474;695;357;338;294;158;136
720;13;2030;;;;;;10;5;4;988;513;475;693;356;337;295;157;138
721;13;2031;;;;;;9;5;4;980;509;471;690;355;336;290;154;135
722;13;2032;;;;;;9;5;4;978;509;469;689;355;334;289;154;135
723;13;2033;;;;;;9;5;4;975;507;468;687;354;333;288;153;135
724;13;2034;;;;;;9;5;4;970;505;465;686;353;333;284;152;132
725;13;2035;;;;;;9;5;4;970;506;464;685;353;332;285;153;132
726;13;2036;;;;;;8;5;4;970;505;465;684;353;331;286;152;134
727;13;2037;;;;;;8;4;4;970;505;465;683;352;331;287;153;134
728;13;2038;;;;;;8;4;4;966;503;463;682;352;331;284;151;132
729;13;2039;;;;;;8;4;4;962;500;462;682;352;330;280;148;132
730;13;2040;;;;;;8;4;4;960;500;460;682;351;330;278;149;130
731;13;2041;;;;;;8;4;4;962;501;461;682;352;330;280;149;131
732;13;2042;;;;;;7;4;4;961;501;460;682;352;330;279;149;130
733;13;2043;;;;;;7;4;3;960;500;460;681;351;330;279;149;130
734;13;2044;;;;;;7;4;3;959;499;460;681;350;330;278;149;130
735;13;2045;;;;;;7;4;3;956;496;460;679;350;330;277;146;130
736;13;2046;;;;;;7;4;3;953;496;457;679;349;330;274;147;127
737;13;2047;;;;;;7;3;3;953;496;457;678;349;329;275;147;128
738;13;2048;;;;;;6;3;3;952;495;457;677;348;328;275;147;129
739;13;2049;;;;;;6;3;3;952;495;457;675;347;328;277;148;129
740;13;2050;;;;;;6;3;3;949;495;454;675;347;328;274;148;126
741;13;2051;;;;;;6;3;3;948;494;454;674;346;328;274;148;126
742;13;2052;;;;;;6;3;3;946;493;453;672;345;327;274;148;126
743;13;2053;;;;;;6;3;3;944;491;453;671;344;327;273;147;126
744;13;2054;;;;;;5;3;3;944;491;453;672;344;327;272;147;126
745;13;2055;;;;;;5;3;2;943;490;453;671;344;327;272;146;126
746;13;2056;;;;;;5;3;2;943;490;453;671;343;327;272;147;126
747;13;2057;;;;;;5;3;2;941;489;452;670;343;327;271;146;125
748;13;2058;;;;;;5;3;2;941;489;452;671;343;328;270;146;124
749;13;2059;;;;;;5;3;2;941;489;452;672;343;328;269;146;124
750;14;2010;;;;;;22;12;9;1108;575;533;665;335;331;443;240;202
751;14;2011;;;;;;21;12;9;1138;588;550;662;332;330;476;256;220
752;14;2012;;;;;;21;12;9;1118;576;542;657;331;326;461;245;216
753;14;2013;;;;;;20;11;9;1080;556;524;662;331;331;418;225;193
754;14;2014;;;;;;20;11;9;1041;536;505;681;343;338;360;193;167
755;14;2015;;;;;;19;11;8;1040;537;503;672;341;332;368;196;171
756;14;2016;;;;;;18;10;8;1035;533;502;677;345;332;358;188;170
757;14;2017;;;;;;17;10;7;1033;533;500;684;347;338;349;186;162
758;14;2018;;;;;;16;9;7;1037;537;500;685;347;339;352;190;161
759;14;2019;;;;;;15;8;7;1039;540;499;684;346;338;355;194;161
760;14;2020;;;;;;14;8;6;1038;540;498;686;346;340;352;194;158
761;14;2021;;;;;;14;8;6;1040;541;499;685;345;340;355;196;159
762;14;2022;;;;;;13;7;6;1037;541;496;689;349;340;348;192;156
763;14;2023;;;;;;13;7;6;1037;542;495;679;344;335;358;198;160
764;14;2024;;;;;;13;7;6;1032;542;490;669;338;331;363;204;159
765;14;2025;;;;;;12;7;5;1029;540;489;662;335;327;367;205;162
766;14;2026;;;;;;12;7;5;1022;537;485;657;333;324;365;204;161
767;14;2027;;;;;;11;6;5;1015;534;481;652;331;321;363;203;160
768;14;2028;;;;;;11;6;5;1012;533;479;649;330;319;363;203;160
769;14;2029;;;;;;11;6;5;1011;531;480;645;328;317;366;203;163
770;14;2030;;;;;;11;6;5;1008;532;476;643;327;316;365;205;160
771;14;2031;;;;;;11;6;5;1003;529;474;640;326;314;363;203;160
772;14;2032;;;;;;10;6;5;998;526;472;639;326;313;359;200;159
773;14;2033;;;;;;10;6;5;995;526;469;636;325;311;359;201;158
774;14;2034;;;;;;10;5;5;994;524;470;635;325;311;359;199;159
775;14;2035;;;;;;10;5;4;993;523;470;634;324;310;359;199;160
776;14;2036;;;;;;10;5;4;985;519;466;633;324;309;352;195;157
777;14;2037;;;;;;9;5;4;987;520;467;632;324;308;355;196;159
778;14;2038;;;;;;9;5;4;988;521;467;632;324;308;356;197;159
779;14;2039;;;;;;9;5;4;987;520;467;632;324;309;355;196;158
780;14;2040;;;;;;9;5;4;982;517;465;631;324;307;351;193;158
781;14;2041;;;;;;9;5;4;979;515;464;631;323;307;348;192;157
782;14;2042;;;;;;8;5;4;977;514;463;631;323;307;347;191;156
783;14;2043;;;;;;8;4;4;977;514;463;630;323;307;347;191;156
784;14;2044;;;;;;8;4;4;974;512;462;631;323;308;343;189;154
785;14;2045;;;;;;8;4;4;974;512;462;630;323;307;344;189;155
786;14;2046;;;;;;8;4;3;969;510;459;629;323;307;340;187;152
787;14;2047;;;;;;7;4;3;968;510;458;629;322;307;339;188;151
788;14;2048;;;;;;7;4;3;967;509;458;627;321;306;340;188;152
789;14;2049;;;;;;7;4;3;965;509;456;627;321;306;338;188;150
790;14;2050;;;;;;7;4;3;965;509;456;625;320;305;340;189;151
791;14;2051;;;;;;7;4;3;965;509;456;624;319;305;341;190;151
792;14;2052;;;;;;6;3;3;964;508;456;624;319;305;340;189;151
793;14;2053;;;;;;6;3;3;963;508;455;623;318;304;340;190;151
794;14;2054;;;;;;6;3;3;962;507;455;622;318;304;340;189;151
795;14;2055;;;;;;6;3;3;960;507;453;621;317;304;339;190;149
796;14;2056;;;;;;6;3;3;960;507;453;622;318;304;338;189;149
797;14;2057;;;;;;6;3;3;959;506;453;621;317;304;338;189;149
798;14;2058;;;;;;6;3;3;958;505;453;622;317;305;336;188;148
799;14;2059;;;;;;5;3;2;959;506;453;622;317;305;337;189;148
800;15;2010;28.0;28.0;0.0;0.0;0.0;25;15;10;1118;576;542;615;310;305;503;266;237
801;15;2011;28.0;28.0;0.0;0.0;0.0;24;14;10;1147;590;557;630;318;312;517;272;245
802;15;2012;29.0;29.0;0.0;0.0;0.0;23;13;10;1122;574;548;630;317;312;492;257;236
803;15;2013;30.0;30.0;0.0;0.0;0.0;23;13;10;1086;555;531;626;317;309;460;238;222
804;15;2014;30.0;30.0;0.0;0.0;0.0;22;13;9;1052;537;515;636;321;315;416;216;200
805;15;2015;30.0;30.0;0.0;0.0;0.0;22;13;9;1048;536;512;651;331;320;397;205;192
806;15;2016;30.0;30.0;0.0;0.0;0.0;21;12;9;1043;535;508;640;326;315;403;209;193
807;15;2017;30.0;30.0;0.0;0.0;0.0;20;11;8;1043;536;507;644;328;316;399;208;191
808;15;2018;30.0;29.0;0.0;0.0;0.0;19;11;8;1042;536;506;650;330;320;392;206;186
809;15;2019;29.0;28.0;0.0;0.0;0.0;18;10;8;1047;539;508;651;331;320;396;208;188
810;15;2020;27.0;27.0;0.0;0.0;0.0;17;10;7;1049;540;509;649;331;319;400;209;190
811;15;2021;27.0;27.0;0.0;0.0;0.0;16;9;7;1047;541;506;650;330;320;397;211;186
812;15;2022;27.0;27.0;0.0;0.0;0.0;15;9;7;1047;541;506;651;330;321;396;211;185
813;15;2023;27.0;27.0;0.0;0.0;0.0;15;9;7;1042;541;501;653;333;320;389;208;181
814;15;2024;27.0;27.0;0.0;0.0;0.0;15;8;6;1039;540;499;645;329;316;394;211;183
815;15;2025;27.0;27.0;0.0;0.0;0.0;14;8;6;1033;537;496;635;323;311;398;214;185
816;15;2026;27.0;27.0;0.0;0.0;0.0;14;8;6;1032;536;496;629;321;308;403;215;188
817;15;2027;27.0;27.0;0.0;0.0;0.0;13;7;6;1024;532;492;623;318;305;401;214;187
818;15;2028;27.0;27.0;0.0;0.0;0.0;13;7;6;1023;531;492;620;317;303;403;214;189
819;15;2029;27.0;27.0;0.0;0.0;0.0;13;7;6;1021;530;491;617;315;301;404;215;190
820;15;2030;27.0;27.0;0.0;0.0;0.0;12;7;5;1016;527;489;613;314;299;403;213;190
821;15;2031;27.0;27.0;0.0;0.0;0.0;12;7;5;1009;524;485;611;314;298;398;210;187
822;15;2032;27.0;27.0;0.0;0.0;0.0;12;7;5;1007;522;485;610;313;297;397;209;188
823;15;2033;27.0;27.0;0.0;0.0;0.0;12;7;5;1006;523;483;609;313;296;397;210;187
824;15;2034;27.0;27.0;0.0;0.0;0.0;11;6;5;1002;520;482;607;312;294;395;208;188
825;15;2035;28.0;28.0;0.0;0.0;0.0;11;6;5;1001;519;482;606;312;294;395;207;188
826;15;2036;28.0;28.0;0.0;0.0;0.0;11;6;5;1001;519;482;605;311;294;396;208;188
827;15;2037;28.0;28.0;0.0;0.0;0.0;11;6;5;997;516;481;604;311;293;393;205;188
828;15;2038;28.0;28.0;0.0;0.0;0.0;11;6;5;994;514;480;604;312;292;390;202;188
829;15;2039;28.0;28.0;0.0;0.0;0.0;10;6;5;993;513;480;604;312;292;389;201;188
830;15;2040;28.0;28.0;0.0;0.0;0.0;10;6;4;992;513;479;604;311;293;388;202;186
831;15;2041;28.0;28.0;0.0;0.0;0.0;10;5;4;992;513;479;603;311;292;389;202;187
832;15;2042;28.0;28.0;0.0;0.0;0.0;10;5;4;988;511;477;603;312;292;385;199;185
833;15;2043;28.0;28.0;0.0;0.0;0.0;9;5;4;986;509;477;603;312;291;383;197;186
834;15;2044;28.0;28.0;0.0;0.0;0.0;9;5;4;983;506;477;603;312;291;380;194;186
835;15;2045;28.0;28.0;0.0;0.0;0.0;9;5;4;981;505;476;604;312;292;377;193;184
836;15;2046;28.0;28.0;0.0;0.0;0.0;9;5;4;980;505;475;603;312;292;377;193;183
837;15;2047;28.0;28.0;0.0;0.0;0.0;8;5;4;978;503;475;603;312;291;375;191;184
838;15;2048;28.0;28.0;0.0;0.0;0.0;8;5;4;978;503;475;602;312;291;376;191;184
839;15;2049;28.0;28.0;0.0;0.0;0.0;8;4;4;975;502;473;601;311;291;374;191;182
840;15;2050;28.0;28.0;0.0;0.0;0.0;8;4;3;973;501;472;601;311;290;372;190;182
841;15;2051;28.0;28.0;0.0;0.0;0.0;8;4;3;972;501;471;600;310;290;372;191;181
842;15;2052;28.0;27.0;0.0;0.0;0.0;7;4;3;971;500;471;599;310;289;372;190;182
843;15;2053;27.0;27.0;0.0;0.0;0.0;7;4;3;969;498;471;598;309;289;371;189;182
844;15;2054;27.0;27.0;0.0;0.0;0.0;7;4;3;968;497;471;598;309;289;370;188;182
845;15;2055;27.0;27.0;0.0;0.0;0.0;7;4;3;967;496;471;597;309;289;370;187;182
846;15;2056;27.0;27.0;0.0;0.0;0.0;7;4;3;966;496;470;598;309;289;368;187;181
847;15;2057;27.0;27.0;0.0;0.0;0.0;7;4;3;966;496;470;597;309;288;369;187;182
848;15;2058;27.0;27.0;0.0;0.0;0.0;6;4;3;966;496;470;596;308;288;370;188;182
849;15;2059;27.0;27.0;0.0;0.0;0.0;6;4;3;966;496;470;596;308;288;370;188;182
850;16;2010;97.0;91.0;6.0;0.0;0.0;30;18;12;1180;632;548;607;302;304;573;330;244
851;16;2011;83.0;77.0;6.0;0.0;0.0;28;17;11;1203;642;561;597;298;299;606;344;262
852;16;2012;78.0;75.0;3.0;0.0;0.0;27;17;11;1178;625;553;610;306;304;568;319;249
853;16;2013;78.0;75.0;3.0;0.0;0.0;26;16;11;1140;605;535;614;307;306;526;298;229
854;16;2014;82.0;76.0;6.0;0.0;0.0;26;16;11;1103;586;517;617;311;306;486;275;211
855;16;2015;82.0;77.0;5.0;0.0;0.0;25;15;10;1100;584;516;625;314;312;475;270;204
856;16;2016;82.0;77.0;5.0;0.0;0.0;25;15;10;1097;584;513;638;322;316;459;262;197
857;16;2017;81.0;76.0;5.0;0.0;0.0;24;14;10;1099;588;511;624;315;309;475;273;202
858;16;2018;80.0;75.0;5.0;0.0;0.0;23;13;9;1103;591;512;627;317;310;476;274;202
859;16;2019;80.0;75.0;5.0;0.0;0.0;22;13;9;1104;592;512;632;318;314;472;274;198
860;16;2020;78.0;73.0;5.0;0.0;0.0;20;12;8;1105;593;512;632;318;314;473;275;198
861;16;2021;75.0;70.0;5.0;0.0;0.0;19;11;8;1107;595;512;630;318;312;477;277;200
862;16;2022;74.0;69.0;5.0;0.0;0.0;18;11;8;1105;594;511;630;317;313;475;277;198
863;16;2023;73.0;68.0;5.0;0.0;0.0;18;10;7;1100;592;508;630;317;314;470;275;194
864;16;2024;74.0;69.0;5.0;0.0;0.0;17;10;7;1100;593;507;632;319;313;468;274;194
865;16;2025;74.0;70.0;5.0;0.0;0.0;17;10;7;1095;591;504;625;315;310;470;276;194
866;16;2026;73.0;69.0;5.0;0.0;0.0;16;9;7;1093;591;502;616;310;306;477;281;196
867;16;2027;73.0;68.0;5.0;0.0;0.0;16;9;7;1089;588;501;609;307;302;480;281;199
868;16;2028;72.0;68.0;5.0;0.0;0.0;15;9;6;1083;584;499;604;305;300;479;279;199
869;16;2029;72.0;68.0;5.0;0.0;0.0;15;9;6;1082;583;499;602;303;298;480;280;201
870;16;2030;73.0;68.0;5.0;0.0;0.0;14;8;6;1075;580;495;598;302;297;477;278;198
871;16;2031;73.0;68.0;5.0;0.0;0.0;14;8;6;1072;579;493;596;301;295;476;278;198
872;16;2032;73.0;69.0;5.0;0.0;0.0;14;8;6;1070;578;492;594;300;294;476;278;198
873;16;2033;74.0;69.0;5.0;0.0;0.0;14;8;6;1063;573;490;592;299;293;471;274;197
874;16;2034;74.0;69.0;5.0;0.0;0.0;13;8;6;1062;573;489;591;299;293;471;274;196
875;16;2035;75.0;70.0;5.0;0.0;0.0;13;8;6;1061;573;488;590;298;292;471;275;196
876;16;2036;75.0;70.0;5.0;0.0;0.0;13;7;5;1059;570;489;590;298;292;469;272;197
877;16;2037;75.0;71.0;5.0;0.0;0.0;13;7;5;1056;569;487;590;299;291;466;271;196
878;16;2038;76.0;71.0;5.0;0.0;0.0;12;7;5;1054;567;487;590;298;291;464;269;196
879;16;2039;76.0;71.0;5.0;0.0;0.0;12;7;5;1050;565;485;589;299;291;461;267;194
880;16;2040;76.0;72.0;5.0;0.0;0.0;12;7;5;1049;563;486;589;298;291;460;265;195
881;16;2041;77.0;72.0;5.0;0.0;0.0;12;7;5;1046;561;485;589;298;291;457;263;194
882;16;2042;77.0;72.0;5.0;0.0;0.0;11;6;5;1044;559;485;589;298;291;455;261;194
883;16;2043;77.0;72.0;5.0;0.0;0.0;11;6;5;1043;558;485;589;298;291;454;260;194
884;16;2044;77.0;72.0;5.0;0.0;0.0;11;6;5;1041;557;484;589;298;291;452;259;193
885;16;2045;77.0;72.0;5.0;0.0;0.0;10;6;4;1038;555;483;590;298;292;448;257;191
886;16;2046;77.0;72.0;5.0;0.0;0.0;10;6;4;1036;554;482;590;298;292;446;256;190
887;16;2047;77.0;72.0;5.0;0.0;0.0;10;6;4;1036;553;483;589;298;291;447;255;192
888;16;2048;76.0;72.0;5.0;0.0;0.0;10;6;4;1036;553;483;589;298;292;447;255;191
889;16;2049;76.0;71.0;5.0;0.0;0.0;10;5;4;1031;551;480;589;298;291;442;253;189
890;16;2050;76.0;71.0;5.0;0.0;0.0;9;5;4;1031;551;480;588;297;291;443;254;189
891;16;2051;76.0;71.0;5.0;0.0;0.0;9;5;4;1029;551;478;587;296;290;442;255;188
892;16;2052;75.0;70.0;5.0;0.0;0.0;9;5;4;1028;550;478;587;297;290;441;253;188
893;16;2053;75.0;70.0;5.0;0.0;0.0;8;5;4;1028;550;478;585;296;289;443;254;189
894;16;2054;74.0;70.0;5.0;0.0;0.0;8;5;4;1027;549;478;584;295;289;443;254;189
895;16;2055;74.0;69.0;5.0;0.0;0.0;8;5;3;1026;548;478;585;295;290;441;253;188
896;16;2056;74.0;69.0;5.0;0.0;0.0;8;5;3;1026;548;478;583;294;289;443;254;189
897;16;2057;74.0;69.0;5.0;0.0;0.0;8;4;3;1026;548;478;584;295;289;442;253;189
898;16;2058;74.0;69.0;5.0;0.0;0.0;8;4;3;1025;547;478;583;294;289;442;253;189
899;16;2059;74.0;69.0;5.0;0.0;0.0;7;4;3;1024;546;478;584;294;290;440;252;188
900;17;2010;239.0;229.0;10.0;0.0;0.0;36;22;13;1233;677;556;589;298;290;644;379;266
901;17;2011;242.0;231.0;12.0;0.0;0.0;34;21;13;1258;687;571;593;302;291;665;385;280
902;17;2012;227.0;211.0;16.0;0.0;0.0;32;20;12;1225;664;561;584;297;287;641;367;274
903;17;2013;214.0;205.0;10.0;0.0;0.0;31;19;12;1189;643;546;599;307;292;590;336;254
904;17;2014;222.0;208.0;14.0;0.0;0.0;30;18;11;1156;626;530;607;310;296;549;316;234
905;17;2015;233.0;215.0;19.0;0.0;0.0;30;18;11;1157;626;531;609;312;297;548;314;234
906;17;2016;229.0;214.0;14.0;0.0;0.0;29;18;11;1152;624;528;615;313;302;537;311;226
907;17;2017;233.0;218.0;15.0;0.0;0.0;28;17;11;1153;627;526;626;320;305;527;307;221
908;17;2018;228.0;214.0;15.0;0.0;0.0;27;16;10;1155;629;526;612;313;299;543;316;227
909;17;2019;227.0;212.0;15.0;0.0;0.0;26;16;10;1158;631;527;614;315;299;544;316;228
910;17;2020;227.0;211.0;16.0;0.0;0.0;25;15;10;1161;634;527;618;315;303;543;319;224
911;17;2021;219.0;205.0;14.0;0.0;0.0;23;14;9;1161;636;525;617;315;302;544;321;223
912;17;2022;212.0;198.0;14.0;0.0;0.0;22;13;9;1158;635;523;614;314;300;544;321;223
913;17;2023;209.0;195.0;14.0;0.0;0.0;21;13;8;1157;634;523;613;312;301;544;322;222
914;17;2024;207.0;193.0;14.0;0.0;0.0;20;12;8;1156;634;522;612;311;301;544;323;221
915;17;2025;209.0;195.0;14.0;0.0;0.0;20;12;8;1150;633;517;615;313;301;535;320;216
916;17;2026;210.0;196.0;14.0;0.0;0.0;19;11;8;1145;631;514;607;310;298;538;321;216
917;17;2027;207.0;193.0;14.0;0.0;0.0;18;11;7;1142;628;514;599;305;294;543;323;220
918;17;2028;206.0;192.0;14.0;0.0;0.0;18;11;7;1139;625;514;594;302;291;545;323;223
919;17;2029;205.0;191.0;14.0;0.0;0.0;17;10;7;1136;624;512;589;300;290;547;324;222
920;17;2030;205.0;191.0;14.0;0.0;0.0;17;10;7;1132;622;510;586;298;288;546;324;222
921;17;2031;205.0;192.0;14.0;0.0;0.0;16;10;7;1127;619;508;583;297;286;544;322;222
922;17;2032;206.0;192.0;14.0;0.0;0.0;16;10;6;1123;617;506;581;296;285;542;321;221
923;17;2033;207.0;193.0;14.0;0.0;0.0;16;9;6;1121;616;505;579;295;284;542;321;221
924;17;2034;208.0;194.0;14.0;0.0;0.0;15;9;6;1120;614;506;579;295;284;541;319;222
925;17;2035;210.0;196.0;14.0;0.0;0.0;15;9;6;1117;611;506;578;294;284;539;317;222
926;17;2036;211.0;197.0;14.0;0.0;0.0;15;9;6;1112;608;504;578;294;284;534;314;220
927;17;2037;212.0;198.0;14.0;0.0;0.0;14;9;6;1113;609;504;578;295;284;535;314;220
928;17;2038;213.0;199.0;14.0;0.0;0.0;14;8;6;1110;607;503;578;294;284;532;313;219
929;17;2039;214.0;200.0;14.0;0.0;0.0;14;8;6;1107;604;503;578;294;284;529;310;219
930;17;2040;215.0;201.0;14.0;0.0;0.0;14;8;6;1104;601;503;578;294;284;526;307;219
931;17;2041;216.0;201.0;14.0;0.0;0.0;13;8;5;1102;600;502;578;294;284;524;306;218
932;17;2042;216.0;202.0;14.0;0.0;0.0;13;8;5;1101;600;501;579;294;285;522;306;216
933;17;2043;217.0;202.0;15.0;0.0;0.0;13;8;5;1099;599;500;579;294;285;520;305;215
934;17;2044;217.0;203.0;15.0;0.0;0.0;12;7;5;1094;595;499;578;293;285;516;302;214
935;17;2045;217.0;203.0;15.0;0.0;0.0;12;7;5;1093;594;499;579;293;285;514;301;214
936;17;2046;217.0;203.0;15.0;0.0;0.0;12;7;5;1090;592;498;579;293;285;511;299;213
937;17;2047;217.0;203.0;15.0;0.0;0.0;12;7;5;1088;592;496;578;293;285;510;299;211
938;17;2048;217.0;202.0;15.0;0.0;0.0;11;7;5;1086;591;495;579;293;286;507;298;209
939;17;2049;216.0;202.0;14.0;0.0;0.0;11;6;4;1085;591;494;578;293;285;507;298;209
940;17;2050;216.0;201.0;14.0;0.0;0.0;11;6;4;1084;591;493;577;292;285;507;299;208
941;17;2051;215.0;200.0;14.0;0.0;0.0;10;6;4;1083;590;493;577;291;286;506;299;207
942;17;2052;214.0;199.0;14.0;0.0;0.0;10;6;4;1083;590;493;575;291;285;508;299;208
943;17;2053;213.0;198.0;14.0;0.0;0.0;10;6;4;1080;587;493;575;290;285;505;297;208
944;17;2054;212.0;197.0;14.0;0.0;0.0;10;6;4;1080;587;493;575;290;285;505;297;208
945;17;2055;211.0;197.0;14.0;0.0;0.0;9;6;4;1078;586;492;573;289;284;505;297;208
946;17;2056;210.0;196.0;14.0;0.0;0.0;9;5;4;1078;586;492;573;288;284;505;298;208
947;17;2057;209.0;195.0;14.0;0.0;0.0;9;5;4;1076;585;491;572;288;285;504;297;206
948;17;2058;209.0;195.0;14.0;0.0;0.0;9;5;4;1076;585;491;571;287;284;505;298;207
949;17;2059;208.0;194.0;14.0;0.0;0.0;9;5;3;1076;585;491;572;287;285;504;298;206
950;18;2010;524.0;491.0;33.0;0.0;0.0;43;28;15;2524;1190;1334;1082;530;552;1442;660;782
951;18;2011;515.0;482.0;33.0;0.0;0.0;41;26;15;2578;1212;1366;1057;515;542;1521;697;824
952;18;2012;529.0;489.0;40.0;0.0;0.0;40;25;14;2561;1196;1365;1064;520;544;1497;676;821
953;18;2013;510.0;466.0;44.0;0.0;0.0;37;24;13;2515;1170;1345;1050;515;535;1465;655;810
954;18;2014;502.0;464.0;38.0;0.0;0.0;36;23;13;2465;1144;1321;1078;532;546;1387;612;775
955;18;2015;511.0;466.0;45.0;0.0;0.0;35;22;13;2457;1143;1314;1089;537;552;1368;606;762
956;18;2016;527.0;477.0;50.0;0.0;0.0;35;22;13;2458;1146;1312;1093;542;551;1365;604;761
957;18;2017;523.0;479.0;45.0;0.0;0.0;34;21;12;2458;1148;1310;1096;540;555;1362;608;755
958;18;2018;537.0;490.0;47.0;0.0;0.0;33;21;12;2462;1153;1309;1112;550;562;1350;603;747
959;18;2019;527.0;482.0;46.0;0.0;0.0;32;20;12;2467;1160;1307;1089;539;550;1378;621;757
960;18;2020;522.0;476.0;46.0;0.0;0.0;31;19;11;2471;1164;1307;1089;541;548;1382;623;759
961;18;2021;521.0;475.0;46.0;0.0;0.0;30;19;11;2472;1168;1304;1092;541;551;1380;627;753
962;18;2022;504.0;460.0;44.0;0.0;0.0;28;17;10;2471;1169;1302;1083;535;548;1388;634;754
963;18;2023;488.0;445.0;43.0;0.0;0.0;26;16;10;2465;1167;1298;1073;532;542;1392;635;756
964;18;2024;482.0;440.0;42.0;0.0;0.0;25;16;9;2459;1166;1293;1069;529;541;1390;637;752
965;18;2025;476.0;434.0;42.0;0.0;0.0;24;15;9;2453;1164;1289;1064;525;539;1389;639;750
966;18;2026;481.0;439.0;42.0;0.0;0.0;24;15;9;2449;1163;1286;1066;529;537;1383;634;749
967;18;2027;484.0;441.0;42.0;0.0;0.0;23;15;9;2440;1160;1280;1054;522;531;1386;638;749
968;18;2028;477.0;435.0;42.0;0.0;0.0;23;14;9;2436;1160;1276;1038;515;523;1398;645;753
969;18;2029;474.0;432.0;42.0;0.0;0.0;22;14;8;2430;1157;1273;1027;509;518;1403;648;755
970;18;2030;472.0;430.0;41.0;0.0;0.0;21;13;8;2427;1155;1272;1019;506;513;1408;649;759
971;18;2031;472.0;431.0;41.0;0.0;0.0;21;13;8;2425;1154;1271;1013;503;510;1412;651;761
972;18;2032;473.0;431.0;41.0;0.0;0.0;20;13;8;2420;1151;1269;1007;500;507;1413;651;762
973;18;2033;474.0;433.0;42.0;0.0;0.0;20;12;8;2416;1150;1266;1002;498;504;1414;652;762
974;18;2034;476.0;435.0;42.0;0.0;0.0;20;12;7;2415;1148;1267;1000;497;503;1415;651;764
975;18;2035;479.0;437.0;42.0;0.0;0.0;19;12;7;2418;1149;1269;997;496;501;1421;653;768
976;18;2036;483.0;440.0;42.0;0.0;0.0;19;12;7;2413;1145;1268;997;496;501;1416;649;767
977;18;2037;486.0;443.0;43.0;0.0;0.0;19;12;7;2416;1146;1270;995;495;500;1421;651;770
978;18;2038;489.0;446.0;43.0;0.0;0.0;18;11;7;2416;1147;1269;994;495;499;1422;652;770
979;18;2039;491.0;448.0;43.0;0.0;0.0;18;11;7;2415;1146;1269;993;494;499;1422;652;770
980;18;2040;494.0;450.0;43.0;0.0;0.0;18;11;7;2415;1146;1269;993;494;498;1422;652;771
981;18;2041;496.0;452.0;43.0;0.0;0.0;17;11;7;2413;1143;1270;992;494;498;1421;649;772
982;18;2042;497.0;454.0;44.0;0.0;0.0;17;10;6;2414;1143;1271;991;494;497;1423;649;774
983;18;2043;498.0;455.0;44.0;0.0;0.0;17;10;6;2410;1140;1270;990;493;496;1420;647;774
984;18;2044;499.0;455.0;44.0;0.0;0.0;16;10;6;2410;1139;1271;988;492;496;1422;647;775
985;18;2045;500.0;456.0;44.0;0.0;0.0;16;10;6;2408;1138;1270;988;492;496;1420;646;774
986;18;2046;500.0;456.0;44.0;0.0;0.0;16;10;6;2406;1136;1270;986;491;495;1420;645;775
987;18;2047;500.0;456.0;44.0;0.0;0.0;15;9;6;2403;1134;1269;985;490;495;1418;644;774
988;18;2048;500.0;456.0;44.0;0.0;0.0;15;9;6;2404;1135;1269;984;490;494;1420;645;775
989;18;2049;499.0;456.0;44.0;0.0;0.0;15;9;6;2403;1135;1268;983;490;494;1420;645;774
990;18;2050;498.0;454.0;44.0;0.0;0.0;14;9;5;2402;1134;1268;982;489;493;1420;645;775
991;18;2051;496.0;453.0;43.0;0.0;0.0;14;9;5;2401;1134;1267;978;487;492;1423;647;775
992;18;2052;494.0;451.0;43.0;0.0;0.0;14;8;5;2401;1134;1267;977;486;491;1424;648;776
993;18;2053;492.0;449.0;43.0;0.0;0.0;13;8;5;2399;1133;1266;974;484;490;1425;649;776
994;18;2054;489.0;447.0;43.0;0.0;0.0;13;8;5;2398;1132;1266;972;484;488;1426;648;778
995;18;2055;487.0;444.0;43.0;0.0;0.0;13;8;5;2398;1132;1266;970;482;488;1428;650;778
996;18;2056;485.0;442.0;42.0;0.0;0.0;12;8;5;2398;1132;1266;967;481;486;1431;651;780
997;18;2057;483.0;441.0;42.0;0.0;0.0;12;7;5;2399;1132;1267;965;479;486;1434;653;781
998;18;2058;481.0;439.0;42.0;0.0;0.0;12;7;5;2398;1131;1267;963;478;485;1435;653;782
999;18;2059;480.0;438.0;42.0;0.0;0.0;11;7;4;2398;1131;1267;962;477;484;1436;654;783
1000;19;2010;1047.0;953.0;93.0;0.0;1.0;50;33;17;3781;1606;2175;1567;725;842;2214;881;1333
1001;19;2011;1001.0;906.0;95.0;0.0;0.0;48;32;16;3848;1635;2213;1576;734;841;2272;901;1372
1002;19;2012;1009.0;911.0;98.0;0.0;0.0;46;30;16;3844;1627;2217;1546;721;825;2298;906;1392
1003;19;2013;1021.0;915.0;106.0;0.0;0.0;45;29;15;3790;1600;2190;1561;732;829;2229;868;1361
1004;19;2014;985.0;881.0;104.0;0.0;0.0;42;28;15;3733;1573;2160;1551;732;819;2182;841;1341
1005;19;2015;977.0;873.0;104.0;0.0;0.0;41;27;14;3723;1571;2152;1583;752;831;2140;819;1321
1006;19;2016;994.0;883.0;111.0;0.0;0.0;40;26;14;3718;1573;2145;1592;756;836;2126;817;1309
1007;19;2017;1022.0;904.0;118.0;0.0;0.0;40;26;14;3713;1576;2137;1595;761;833;2118;815;1304
1008;19;2018;1019.0;907.0;112.0;0.0;0.0;39;25;14;3718;1583;2135;1598;761;837;2120;822;1298
1009;19;2019;1046.0;930.0;116.0;0.0;0.0;39;25;14;3717;1588;2129;1619;773;845;2098;815;1284
1010;19;2020;1028.0;914.0;114.0;0.0;0.0;37;24;13;3715;1590;2125;1590;761;829;2125;829;1296
1011;19;2021;1019.0;905.0;114.0;0.0;0.0;36;23;13;3713;1593;2120;1586;761;825;2127;832;1295
1012;19;2022;1014.0;901.0;113.0;0.0;0.0;35;23;12;3704;1591;2113;1586;760;826;2118;831;1287
1013;19;2023;984.0;874.0;109.0;0.0;0.0;33;21;12;3694;1589;2105;1571;752;819;2123;837;1286
1014;19;2024;952.0;846.0;106.0;0.0;0.0;31;20;11;3684;1588;2096;1553;746;807;2131;842;1289
1015;19;2025;940.0;835.0;105.0;0.0;0.0;30;19;11;3671;1584;2087;1543;740;803;2128;844;1284
1016;19;2026;928.0;825.0;104.0;0.0;0.0;29;18;10;3661;1583;2078;1534;735;799;2127;848;1279
1017;19;2027;939.0;834.0;105.0;0.0;0.0;29;18;10;3647;1579;2068;1536;740;796;2111;839;1272
1018;19;2028;944.0;839.0;105.0;0.0;0.0;28;18;10;3633;1573;2060;1519;731;787;2114;842;1273
1019;19;2029;931.0;827.0;104.0;0.0;0.0;27;17;10;3621;1569;2052;1496;722;775;2125;847;1277
1020;19;2030;924.0;821.0;103.0;0.0;0.0;26;17;10;3614;1568;2046;1481;715;767;2133;853;1279
1021;19;2031;921.0;818.0;103.0;0.0;0.0;26;17;9;3609;1567;2042;1469;709;760;2140;858;1282
1022;19;2032;921.0;818.0;103.0;0.0;0.0;25;16;9;3598;1562;2036;1460;705;754;2138;857;1282
1023;19;2033;923.0;820.0;103.0;0.0;0.0;25;16;9;3597;1562;2035;1452;702;750;2145;860;1285
1024;19;2034;926.0;823.0;103.0;0.0;0.0;24;16;9;3597;1562;2035;1446;699;746;2151;863;1289
1025;19;2035;930.0;826.0;104.0;0.0;0.0;24;15;9;3597;1561;2036;1441;698;743;2156;863;1293
1026;19;2036;935.0;831.0;104.0;0.0;0.0;24;15;9;3598;1561;2037;1439;697;742;2159;864;1295
1027;19;2037;942.0;837.0;105.0;0.0;0.0;23;15;8;3599;1561;2038;1437;697;740;2162;864;1298
1028;19;2038;948.0;842.0;106.0;0.0;0.0;23;15;8;3600;1562;2038;1436;697;739;2164;865;1299
1029;19;2039;954.0;847.0;106.0;0.0;0.0;23;14;8;3601;1561;2040;1436;698;738;2165;863;1302
1030;19;2040;958.0;851.0;107.0;0.0;0.0;22;14;8;3602;1561;2041;1433;697;737;2169;864;1304
1031;19;2041;963.0;856.0;107.0;0.0;0.0;22;14;8;3601;1560;2041;1432;697;735;2169;863;1306
1032;19;2042;967.0;859.0;108.0;0.0;0.0;22;14;8;3603;1559;2044;1431;697;734;2172;862;1310
1033;19;2043;970.0;862.0;108.0;0.0;0.0;21;13;8;3602;1559;2043;1430;697;733;2172;862;1310
1034;19;2044;972.0;864.0;108.0;0.0;0.0;21;13;8;3601;1557;2044;1429;696;733;2172;861;1311
1035;19;2045;974.0;865.0;109.0;0.0;0.0;20;13;7;3599;1557;2042;1426;695;731;2173;862;1311
1036;19;2046;975.0;866.0;109.0;0.0;0.0;20;13;7;3600;1557;2043;1425;695;730;2175;862;1313
1037;19;2047;976.0;867.0;109.0;0.0;0.0;20;12;7;3597;1554;2043;1424;695;728;2173;859;1315
1038;19;2048;976.0;867.0;109.0;0.0;0.0;19;12;7;3597;1555;2042;1422;695;727;2175;860;1315
1039;19;2049;976.0;867.0;109.0;0.0;0.0;19;12;7;3597;1555;2042;1421;694;727;2176;861;1315
1040;19;2050;974.0;866.0;109.0;0.0;0.0;18;12;7;3596;1554;2042;1418;693;725;2178;861;1317
1041;19;2051;972.0;864.0;108.0;0.0;0.0;18;11;7;3595;1553;2042;1415;692;723;2180;861;1319
1042;19;2052;968.0;861.0;108.0;0.0;0.0;18;11;7;3596;1552;2044;1412;691;721;2184;861;1323
1043;19;2053;964.0;857.0;107.0;0.0;0.0;17;11;6;3595;1552;2043;1408;689;719;2187;863;1324
1044;19;2054;960.0;853.0;107.0;0.0;0.0;17;11;6;3594;1552;2042;1405;687;717;2189;865;1325
1045;19;2055;955.0;849.0;106.0;0.0;0.0;17;10;6;3591;1550;2041;1401;686;715;2190;864;1326
1046;19;2056;951.0;845.0;106.0;0.0;0.0;16;10;6;3593;1551;2042;1397;684;713;2196;867;1329
1047;19;2057;946.0;841.0;105.0;0.0;0.0;16;10;6;3592;1550;2042;1395;683;712;2197;867;1330
1048;19;2058;943.0;838.0;105.0;0.0;0.0;15;10;6;3593;1550;2043;1391;681;710;2202;869;1333
1049;19;2059;940.0;835.0;105.0;0.0;0.0;15;10;6;3593;1551;2042;1389;680;709;2204;871;1333
1050;20;2010;1628.0;1411.0;208.0;6.0;3.0;57;38;19;4936;2018;2918;2236;1013;1223;2700;1005;1695
1051;20;2011;1625.0;1418.0;207.0;0.0;0.0;55;37;18;5006;2047;2959;2210;1002;1208;2796;1045;1751
1052;20;2012;1593.0;1381.0;211.0;1.0;1.0;53;36;17;5006;2039;2967;2213;1014;1199;2793;1025;1768
1053;20;2013;1575.0;1366.0;209.0;0.0;0.0;51;34;17;4958;2017;2941;2190;1004;1186;2768;1013;1755
1054;20;2014;1587.0;1371.0;215.0;0.0;0.0;50;33;17;4910;1995;2915;2218;1025;1194;2692;970;1721
1055;20;2015;1552.0;1335.0;216.0;0.0;0.0;47;32;16;4904;1994;2910;2199;1021;1178;2705;973;1732
1056;20;2016;1538.0;1320.0;217.0;0.0;0.0;46;31;15;4896;1997;2899;2225;1039;1186;2671;958;1713
1057;20;2017;1561.0;1335.0;225.0;0.0;0.0;45;30;15;4896;2002;2894;2223;1035;1188;2673;967;1706
1058;20;2018;1600.0;1366.0;234.0;0.0;0.0;45;30;15;4895;2007;2888;2222;1040;1182;2673;967;1706
1059;20;2019;1601.0;1372.0;228.0;0.0;0.0;45;30;15;4898;2014;2884;2220;1039;1181;2678;975;1703
1060;20;2020;1645.0;1409.0;236.0;0.0;0.0;44;30;15;4895;2018;2877;2238;1051;1187;2657;967;1690
1061;20;2021;1618.0;1384.0;233.0;0.0;0.0;43;28;14;4887;2021;2866;2200;1035;1164;2687;986;1702
1062;20;2022;1602.0;1370.0;231.0;0.0;0.0;41;28;14;4875;2021;2854;2191;1036;1155;2684;985;1699
1063;20;2023;1594.0;1364.0;229.0;0.0;0.0;40;27;14;4862;2019;2843;2187;1034;1154;2675;985;1689
1064;20;2024;1547.0;1325.0;222.0;0.0;0.0;38;25;13;4847;2016;2831;2162;1022;1140;2685;994;1691
1065;20;2025;1499.0;1283.0;216.0;0.0;0.0;36;24;12;4831;2013;2818;2136;1013;1122;2695;1000;1696
1066;20;2026;1480.0;1267.0;213.0;0.0;0.0;35;23;12;4816;2010;2806;2122;1007;1115;2694;1003;1691
1067;20;2027;1461.0;1251.0;210.0;0.0;0.0;34;22;12;4803;2008;2795;2106;999;1106;2697;1009;1689
1068;20;2028;1477.0;1264.0;212.0;0.0;0.0;34;22;12;4790;2005;2785;2105;1004;1100;2685;1001;1685
1069;20;2029;1485.0;1271.0;214.0;0.0;0.0;33;22;11;4779;2002;2777;2081;993;1087;2698;1009;1690
1070;20;2030;1466.0;1255.0;211.0;0.0;0.0;32;21;11;4770;2000;2770;2049;979;1070;2721;1021;1700
1071;20;2031;1455.0;1245.0;209.0;0.0;0.0;32;21;11;4761;1998;2763;2030;971;1058;2731;1027;1705
1072;20;2032;1450.0;1241.0;209.0;0.0;0.0;31;20;11;4754;1997;2757;2012;964;1049;2742;1033;1708
1073;20;2033;1450.0;1241.0;209.0;0.0;0.0;30;20;10;4756;1999;2757;2000;959;1041;2756;1040;1716
1074;20;2034;1453.0;1244.0;209.0;0.0;0.0;30;19;10;4757;2002;2755;1991;955;1035;2766;1047;1720
1075;20;2035;1458.0;1248.0;210.0;0.0;0.0;29;19;10;4762;2004;2758;1983;953;1030;2779;1051;1728
1076;20;2036;1464.0;1253.0;211.0;0.0;0.0;29;19;10;4770;2008;2762;1977;951;1026;2793;1057;1736
1077;20;2037;1473.0;1261.0;212.0;0.0;0.0;29;19;10;4774;2010;2764;1974;950;1023;2800;1060;1741
1078;20;2038;1483.0;1269.0;213.0;0.0;0.0;28;18;10;4779;2012;2767;1972;950;1022;2807;1062;1745
1079;20;2039;1492.0;1277.0;215.0;0.0;0.0;28;18;10;4784;2014;2770;1969;950;1019;2815;1064;1751
1080;20;2040;1501.0;1285.0;216.0;0.0;0.0;27;18;10;4788;2017;2771;1968;950;1017;2820;1067;1754
1081;20;2041;1508.0;1291.0;217.0;0.0;0.0;27;18;9;4792;2017;2775;1964;949;1015;2828;1068;1760
1082;20;2042;1516.0;1297.0;218.0;0.0;0.0;27;17;9;4798;2020;2778;1963;950;1013;2835;1070;1765
1083;20;2043;1522.0;1303.0;219.0;0.0;0.0;26;17;9;4798;2019;2779;1961;949;1012;2837;1070;1767
1084;20;2044;1527.0;1307.0;220.0;0.0;0.0;26;17;9;4801;2019;2782;1958;949;1010;2843;1070;1772
1085;20;2045;1530.0;1310.0;220.0;0.0;0.0;26;17;9;4801;2019;2782;1957;949;1009;2844;1070;1773
1086;20;2046;1533.0;1312.0;220.0;0.0;0.0;25;16;9;4799;2019;2780;1954;948;1006;2845;1071;1774
1087;20;2047;1535.0;1314.0;221.0;0.0;0.0;25;16;9;4797;2018;2779;1951;947;1004;2846;1071;1775
1088;20;2048;1536.0;1315.0;221.0;0.0;0.0;24;16;9;4797;2019;2778;1949;947;1002;2848;1072;1776
1089;20;2049;1536.0;1315.0;221.0;0.0;0.0;24;15;8;4795;2017;2778;1946;946;1000;2849;1071;1778
1090;20;2050;1536.0;1314.0;221.0;0.0;0.0;24;15;8;4795;2017;2778;1943;945;998;2852;1072;1780
1091;20;2051;1534.0;1313.0;221.0;0.0;0.0;23;15;8;4798;2018;2780;1941;945;996;2857;1073;1784
1092;20;2052;1530.0;1309.0;220.0;0.0;0.0;23;15;8;4797;2017;2780;1936;943;993;2861;1074;1787
1093;20;2053;1525.0;1305.0;219.0;0.0;0.0;22;14;8;4795;2016;2779;1932;940;991;2863;1076;1788
1094;20;2054;1518.0;1300.0;218.0;0.0;0.0;22;14;8;4794;2015;2779;1926;939;988;2868;1076;1791
1095;20;2055;1511.0;1294.0;217.0;0.0;0.0;21;14;7;4793;2015;2778;1922;937;985;2871;1078;1793
1096;20;2056;1504.0;1288.0;216.0;0.0;0.0;21;13;7;4793;2014;2779;1917;935;982;2876;1079;1797
1097;20;2057;1497.0;1282.0;215.0;0.0;0.0;20;13;7;4794;2014;2780;1911;932;980;2883;1082;1800
1098;20;2058;1491.0;1276.0;214.0;0.0;0.0;20;13;7;4795;2015;2780;1907;930;977;2888;1085;1803
1099;20;2059;1485.0;1271.0;214.0;0.0;0.0;20;13;7;4795;2015;2780;1902;928;974;2893;1087;1806
1100;21;2010;2279.0;1852.0;389.0;31.0;6.0;59;40;19;5888;2455;3433;3063;1304;1758;2825;1151;1675
1101;21;2011;2296.0;1856.0;400.0;28.0;11.0;61;41;19;5965;2485;3480;3106;1351;1755;2859;1134;1725
1102;21;2012;2311.0;1890.0;412.0;5.0;5.0;59;40;19;5969;2477;3492;3073;1340;1734;2896;1138;1758
1103;21;2013;2258.0;1848.0;408.0;1.0;1.0;57;39;18;5917;2451;3466;3095;1360;1735;2822;1091;1731
1104;21;2014;2244.0;1836.0;409.0;0.0;0.0;55;38;18;5870;2429;3441;3078;1356;1722;2792;1073;1719
1105;21;2015;2281.0;1839.0;417.0;16.0;10.0;54;37;17;5859;2428;3431;3099;1375;1724;2760;1053;1707
1106;21;2016;2209.0;1785.0;410.0;7.0;7.0;52;35;17;5857;2432;3425;3059;1361;1698;2798;1071;1727
1107;21;2017;2182.0;1768.0;413.0;0.0;0.0;51;35;16;5863;2441;3422;3076;1374;1702;2787;1067;1720
1108;21;2018;2216.0;1791.0;423.0;0.0;0.0;50;34;16;5862;2447;3415;3062;1365;1697;2800;1082;1718
1109;21;2019;2270.0;1833.0;436.0;0.0;0.0;50;34;16;5866;2454;3412;3051;1368;1683;2815;1086;1729
1110;21;2020;2277.0;1841.0;432.0;2.0;2.0;50;34;16;5865;2457;3408;3042;1365;1677;2823;1092;1731
1111;21;2021;2337.0;1891.0;445.0;0.0;0.0;50;34;16;5859;2462;3397;3052;1374;1678;2807;1088;1719
1112;21;2022;2298.0;1859.0;439.0;0.0;0.0;48;32;16;5845;2459;3386;3003;1354;1649;2842;1105;1737
1113;21;2023;2276.0;1840.0;435.0;0.0;0.0;47;32;15;5832;2458;3374;2987;1352;1635;2845;1106;1739
1114;21;2024;2264.0;1831.0;432.0;0.0;0.0;46;31;15;5815;2455;3360;2976;1347;1629;2839;1108;1731
1115;21;2025;2200.0;1780.0;419.0;0.0;0.0;43;29;14;5802;2452;3350;2941;1332;1609;2861;1120;1741
1116;21;2026;2132.0;1725.0;407.0;0.0;0.0;42;28;14;5788;2450;3338;2907;1321;1586;2881;1129;1752
1117;21;2027;2106.0;1704.0;402.0;0.0;0.0;40;27;13;5775;2446;3329;2884;1311;1573;2891;1135;1756
1118;21;2028;2080.0;1683.0;397.0;0.0;0.0;39;26;13;5760;2445;3315;2861;1302;1560;2899;1143;1755
1119;21;2029;2102.0;1700.0;401.0;0.0;0.0;39;26;13;5752;2444;3308;2855;1305;1550;2897;1139;1758
1120;21;2030;2113.0;1710.0;403.0;0.0;0.0;38;26;13;5744;2443;3301;2824;1292;1533;2920;1151;1768
1121;21;2031;2087.0;1688.0;398.0;0.0;0.0;37;25;12;5738;2442;3296;2784;1274;1510;2954;1168;1786
1122;21;2032;2072.0;1676.0;395.0;0.0;0.0;36;24;12;5734;2442;3292;2758;1262;1495;2976;1180;1797
1123;21;2033;2064.0;1670.0;394.0;0.0;0.0;36;24;12;5737;2444;3293;2737;1254;1483;3000;1190;1810
1124;21;2034;2065.0;1671.0;394.0;0.0;0.0;35;23;12;5741;2447;3294;2721;1248;1473;3020;1199;1821
1125;21;2035;2070.0;1674.0;395.0;0.0;0.0;35;23;12;5753;2454;3299;2709;1244;1465;3044;1210;1834
1126;21;2036;2077.0;1680.0;396.0;0.0;0.0;34;23;11;5765;2461;3304;2701;1241;1460;3064;1220;1844
1127;21;2037;2085.0;1687.0;398.0;0.0;0.0;34;23;11;5776;2465;3311;2694;1239;1455;3082;1226;1856
1128;21;2038;2098.0;1697.0;400.0;0.0;0.0;34;22;11;5787;2470;3317;2691;1239;1452;3096;1231;1865
1129;21;2039;2112.0;1708.0;403.0;0.0;0.0;33;22;11;5795;2474;3321;2687;1238;1449;3108;1236;1872
1130;21;2040;2125.0;1719.0;405.0;0.0;0.0;33;22;11;5805;2478;3327;2684;1238;1446;3121;1240;1881
1131;21;2041;2138.0;1729.0;408.0;0.0;0.0;33;22;11;5813;2482;3331;2682;1238;1444;3131;1244;1887
1132;21;2042;2148.0;1737.0;410.0;0.0;0.0;32;21;11;5818;2485;3333;2678;1237;1440;3140;1248;1893
1133;21;2043;2159.0;1746.0;412.0;0.0;0.0;32;21;11;5823;2487;3336;2676;1237;1438;3147;1250;1898
1134;21;2044;2167.0;1753.0;413.0;0.0;0.0;32;21;11;5829;2489;3340;2673;1237;1436;3157;1252;1904
1135;21;2045;2174.0;1758.0;415.0;0.0;0.0;31;21;10;5827;2489;3338;2668;1235;1433;3159;1254;1905
1136;21;2046;2179.0;1763.0;416.0;0.0;0.0;31;20;10;5828;2489;3339;2666;1235;1431;3162;1254;1908
1137;21;2047;2182.0;1765.0;416.0;0.0;0.0;30;20;10;5828;2489;3339;2660;1233;1427;3168;1256;1912
1138;21;2048;2185.0;1768.0;417.0;0.0;0.0;30;20;10;5828;2489;3339;2657;1232;1425;3171;1257;1914
1139;21;2049;2187.0;1769.0;417.0;0.0;0.0;29;19;10;5827;2488;3339;2652;1231;1422;3175;1257;1917
1140;21;2050;2188.0;1770.0;417.0;0.0;0.0;29;19;10;5825;2487;3338;2647;1229;1418;3178;1258;1920
1141;21;2051;2187.0;1769.0;417.0;0.0;0.0;28;19;10;5828;2488;3340;2643;1228;1415;3185;1260;1925
1142;21;2052;2184.0;1767.0;417.0;0.0;0.0;28;18;10;5828;2488;3340;2638;1227;1412;3190;1261;1928
1143;21;2053;2179.0;1762.0;416.0;0.0;0.0;28;18;9;5827;2486;3341;2633;1224;1409;3194;1262;1932
1144;21;2054;2172.0;1757.0;414.0;0.0;0.0;27;18;9;5826;2486;3340;2627;1222;1405;3199;1264;1935
1145;21;2055;2163.0;1750.0;413.0;0.0;0.0;26;17;9;5825;2486;3339;2620;1219;1401;3205;1267;1938
1146;21;2056;2153.0;1742.0;411.0;0.0;0.0;26;17;9;5828;2487;3341;2613;1216;1397;3215;1271;1944
1147;21;2057;2143.0;1734.0;409.0;0.0;0.0;26;17;9;5828;2487;3341;2607;1214;1393;3221;1273;1948
1148;21;2058;2134.0;1726.0;407.0;0.0;0.0;25;17;9;5827;2487;3340;2600;1210;1390;3227;1277;1950
1149;21;2059;2125.0;1719.0;405.0;0.0;0.0;25;16;8;5827;2487;3340;2593;1207;1385;3234;1280;1955
1150;22;2010;3080.0;2313.0;675.0;79.0;14.0;63;43;20;6494;2820;3674;3871;1654;2217;2623;1166;1457
1151;22;2011;3151.0;2370.0;694.0;71.0;15.0;63;43;20;6572;2846;3726;3923;1678;2245;2649;1168;1481
1152;22;2012;3282.0;2465.0;733.0;59.0;24.0;64;44;20;6573;2834;3739;3972;1727;2244;2601;1107;1495
1153;22;2013;3284.0;2478.0;735.0;42.0;29.0;63;43;20;6514;2805;3709;3969;1727;2242;2545;1078;1467
1154;22;2014;3213.0;2434.0;727.0;35.0;18.0;62;42;20;6458;2778;3680;3997;1751;2246;2461;1027;1434
1155;22;2015;3143.0;2413.0;731.0;0.0;0.0;60;41;19;6445;2776;3669;3967;1742;2225;2478;1034;1444
1156;22;2016;3201.0;2411.0;737.0;32.0;21.0;59;40;19;6442;2778;3664;3972;1749;2222;2470;1029;1442
1157;22;2017;3103.0;2350.0;724.0;14.0;14.0;56;38;18;6445;2785;3660;3910;1724;2186;2535;1061;1474
1158;22;2018;3116.0;2328.0;725.0;43.0;21.0;55;38;18;6442;2790;3652;3917;1732;2184;2525;1058;1468
1159;22;2019;3158.0;2360.0;740.0;38.0;20.0;55;37;18;6445;2796;3649;3895;1720;2175;2550;1076;1474
1160;22;2020;3237.0;2415.0;760.0;40.0;21.0;56;38;18;6440;2801;3639;3877;1721;2156;2563;1080;1483
1161;22;2021;3193.0;2428.0;758.0;4.0;4.0;55;37;18;6432;2800;3632;3857;1713;2143;2575;1087;1489
1162;22;2022;3342.0;2493.0;779.0;47.0;22.0;55;37;18;6415;2797;3618;3861;1720;2141;2554;1077;1477
1163;22;2023;3284.0;2451.0;767.0;44.0;22.0;54;36;17;6394;2791;3603;3803;1696;2106;2591;1095;1497
1164;22;2024;3252.0;2427.0;760.0;43.0;22.0;52;35;17;6375;2785;3590;3778;1691;2087;2597;1094;1503
1165;22;2025;3237.0;2415.0;756.0;44.0;22.0;51;35;17;6356;2781;3575;3759;1683;2076;2597;1098;1499
1166;22;2026;3148.0;2348.0;735.0;44.0;21.0;49;33;16;6338;2775;3563;3712;1663;2049;2626;1112;1514
1167;22;2027;3053.0;2278.0;713.0;42.0;20.0;47;32;15;6319;2770;3549;3666;1646;2020;2653;1124;1529
1168;22;2028;3016.0;2250.0;704.0;41.0;20.0;46;31;15;6302;2765;3537;3636;1634;2002;2666;1131;1535
1169;22;2029;2979.0;2223.0;696.0;41.0;20.0;45;30;15;6290;2761;3529;3604;1620;1984;2686;1141;1545
1170;22;2030;3010.0;2246.0;703.0;41.0;20.0;45;30;15;6280;2758;3522;3595;1623;1972;2685;1135;1550
1171;22;2031;3027.0;2258.0;707.0;41.0;20.0;44;30;15;6268;2754;3514;3560;1608;1953;2708;1146;1562
1172;22;2032;2989.0;2230.0;698.0;41.0;20.0;43;29;14;6265;2755;3510;3514;1587;1927;2751;1168;1583
1173;22;2033;2969.0;2215.0;693.0;41.0;20.0;42;28;14;6263;2755;3508;3484;1574;1910;2779;1181;1598
1174;22;2034;2959.0;2208.0;691.0;40.0;20.0;41;28;14;6265;2758;3507;3461;1565;1896;2804;1193;1611
1175;22;2035;2961.0;2209.0;692.0;40.0;20.0;41;27;14;6273;2762;3511;3445;1559;1885;2828;1203;1626
1176;22;2036;2967.0;2214.0;693.0;41.0;20.0;40;27;13;6283;2767;3516;3432;1555;1878;2851;1212;1638
1177;22;2037;2977.0;2221.0;695.0;41.0;20.0;40;27;13;6291;2770;3521;3424;1553;1871;2867;1217;1650
1178;22;2038;2990.0;2231.0;698.0;41.0;20.0;40;26;13;6299;2774;3525;3417;1551;1867;2882;1223;1658
1179;22;2039;3008.0;2244.0;703.0;41.0;20.0;39;26;13;6308;2777;3531;3414;1550;1864;2894;1227;1667
1180;22;2040;3028.0;2259.0;707.0;41.0;20.0;39;26;13;6313;2781;3532;3410;1549;1860;2903;1232;1672
1181;22;2041;3046.0;2273.0;712.0;42.0;20.0;39;26;13;6317;2782;3535;3407;1550;1857;2910;1232;1678
1182;22;2042;3065.0;2287.0;716.0;42.0;20.0;38;26;13;6319;2784;3535;3403;1549;1854;2916;1235;1681
1183;22;2043;3079.0;2297.0;719.0;42.0;21.0;38;25;13;6323;2786;3537;3400;1549;1851;2923;1237;1686
1184;22;2044;3094.0;2309.0;723.0;42.0;21.0;38;25;13;6324;2786;3538;3397;1549;1849;2927;1237;1689
1185;22;2045;3107.0;2318.0;726.0;42.0;21.0;37;25;13;6326;2787;3539;3393;1547;1845;2933;1240;1694
1186;22;2046;3116.0;2325.0;728.0;43.0;21.0;37;25;12;6325;2786;3539;3387;1546;1841;2938;1240;1698
1187;22;2047;3123.0;2330.0;730.0;43.0;21.0;37;24;12;6327;2788;3539;3384;1545;1839;2944;1243;1700
1188;22;2048;3128.0;2334.0;731.0;43.0;21.0;36;24;12;6326;2788;3538;3376;1542;1834;2950;1246;1704
1189;22;2049;3133.0;2337.0;732.0;43.0;21.0;36;24;12;6327;2788;3539;3372;1541;1831;2955;1247;1708
1190;22;2050;3135.0;2339.0;732.0;43.0;21.0;35;23;12;6327;2787;3540;3366;1539;1827;2961;1248;1714
1191;22;2051;3136.0;2340.0;732.0;43.0;21.0;35;23;12;6328;2787;3541;3360;1537;1823;2968;1250;1718
1192;22;2052;3135.0;2339.0;732.0;43.0;21.0;34;23;12;6327;2787;3540;3354;1535;1820;2973;1252;1721
1193;22;2053;3131.0;2336.0;731.0;43.0;21.0;34;22;12;6328;2788;3540;3349;1533;1816;2979;1255;1724
1194;22;2054;3124.0;2331.0;730.0;43.0;21.0;33;22;11;6328;2788;3540;3341;1530;1811;2987;1258;1729
1195;22;2055;3114.0;2323.0;727.0;43.0;21.0;33;22;11;6330;2788;3542;3333;1527;1806;2997;1261;1736
1196;22;2056;3102.0;2314.0;725.0;42.0;21.0;32;21;11;6331;2789;3542;3325;1524;1801;3006;1265;1741
1197;22;2057;3088.0;2304.0;721.0;42.0;21.0;32;21;11;6330;2788;3542;3317;1520;1797;3013;1268;1745
1198;22;2058;3075.0;2294.0;718.0;42.0;20.0;31;21;11;6331;2788;3543;3308;1516;1792;3023;1272;1751
1199;22;2059;3061.0;2284.0;715.0;42.0;20.0;31;20;10;6331;2788;3543;3300;1513;1788;3031;1275;1755
1200;23;2010;4212.0;3000.0;1031.0;157.0;24.0;65;44;21;6839;3093;3746;4310;1885;2425;2529;1208;1321
1201;23;2011;4217.0;2992.0;1043.0;153.0;29.0;64;44;21;6908;3115;3793;4478;1965;2513;2430;1150;1280
1202;23;2012;4373.0;3123.0;1076.0;140.0;34.0;64;43;21;6901;3098;3803;4523;1987;2536;2378;1111;1267
1203;23;2013;4516.0;3238.0;1115.0;119.0;43.0;66;45;21;6832;3059;3773;4623;2051;2572;2209;1008;1201
1204;23;2014;4488.0;3220.0;1118.0;101.0;50.0;64;44;21;6775;3031;3744;4631;2056;2575;2144;975;1169
1205;23;2015;4392.0;3173.0;1113.0;70.0;36.0;63;43;20;6755;3025;3730;4646;2076;2570;2109;949;1160
1206;23;2016;4264.0;3151.0;1113.0;0.0;0.0;61;41;20;6754;3029;3725;4600;2054;2546;2154;975;1179
1207;23;2017;4415.0;3151.0;1120.0;104.0;40.0;60;41;19;6746;3030;3716;4590;2052;2538;2156;978;1178
1208;23;2018;4304.0;3073.0;1096.0;94.0;40.0;58;39;19;6748;3037;3711;4518;2021;2498;2230;1016;1213
1209;23;2019;4265.0;3043.0;1095.0;86.0;40.0;57;39;18;6748;3045;3703;4517;2027;2490;2231;1018;1213
1210;23;2020;4322.0;3090.0;1116.0;77.0;39.0;56;38;18;6741;3046;3695;4494;2013;2481;2247;1033;1214
1211;23;2021;4430.0;3164.0;1145.0;80.0;41.0;57;38;18;6729;3047;3682;4472;2013;2459;2257;1034;1223
1212;23;2022;4464.0;3181.0;1145.0;96.0;41.0;56;38;18;6711;3042;3669;4446;2002;2444;2265;1040;1225
1213;23;2023;4577.0;3264.0;1176.0;95.0;42.0;57;38;19;6687;3035;3652;4448;2008;2440;2239;1027;1212
1214;23;2024;4499.0;3210.0;1158.0;89.0;41.0;55;37;18;6662;3027;3635;4382;1980;2402;2280;1047;1233
1215;23;2025;4456.0;3179.0;1148.0;88.0;41.0;54;36;18;6637;3018;3619;4350;1972;2378;2287;1046;1241
1216;23;2026;4436.0;3164.0;1142.0;89.0;41.0;53;35;17;6619;3012;3607;4323;1961;2362;2296;1051;1245
1217;23;2027;4318.0;3079.0;1110.0;89.0;40.0;50;34;17;6597;3004;3593;4265;1935;2330;2332;1069;1263
1218;23;2028;4189.0;2988.0;1078.0;85.0;38.0;48;33;16;6575;2997;3578;4209;1914;2294;2366;1083;1284
1219;23;2029;4138.0;2952.0;1065.0;83.0;38.0;47;32;16;6558;2991;3567;4172;1899;2273;2386;1092;1294
1220;23;2030;4090.0;2917.0;1053.0;82.0;38.0;46;31;15;6541;2985;3556;4135;1883;2252;2406;1102;1304
1221;23;2031;4133.0;2947.0;1063.0;84.0;38.0;46;31;15;6531;2981;3550;4124;1884;2240;2407;1097;1310
1222;23;2032;4155.0;2964.0;1069.0;84.0;38.0;45;30;15;6521;2977;3544;4089;1868;2220;2432;1109;1324
1223;23;2033;4105.0;2928.0;1057.0;83.0;38.0;44;30;15;6514;2976;3538;4042;1847;2194;2472;1129;1344
1224;23;2034;4078.0;2909.0;1050.0;82.0;37.0;43;29;14;6513;2975;3538;4012;1835;2177;2501;1140;1361
1225;23;2035;4066.0;2900.0;1046.0;82.0;37.0;43;28;14;6518;2978;3540;3989;1825;2164;2529;1153;1376
1226;23;2036;4069.0;2902.0;1047.0;82.0;37.0;42;28;14;6525;2982;3543;3974;1820;2154;2551;1162;1389
1227;23;2037;4078.0;2908.0;1049.0;82.0;37.0;41;28;14;6534;2987;3547;3963;1816;2147;2571;1171;1400
1228;23;2038;4092.0;2919.0;1053.0;83.0;38.0;41;27;14;6538;2990;3548;3955;1814;2141;2583;1176;1407
1229;23;2039;4109.0;2931.0;1058.0;83.0;38.0;41;27;14;6544;2993;3551;3949;1812;2136;2595;1181;1415
1230;23;2040;4134.0;2948.0;1064.0;84.0;38.0;40;27;14;6546;2995;3551;3945;1811;2133;2601;1184;1418
1231;23;2041;4161.0;2968.0;1071.0;84.0;38.0;40;27;14;6545;2994;3551;3943;1812;2131;2602;1182;1420
1232;23;2042;4186.0;2986.0;1077.0;85.0;38.0;40;26;13;6547;2997;3550;3940;1811;2128;2607;1186;1422
1233;23;2043;4211.0;3004.0;1084.0;85.0;39.0;39;26;13;6546;2994;3552;3937;1812;2126;2609;1182;1426
1234;23;2044;4231.0;3018.0;1089.0;86.0;39.0;39;26;13;6544;2993;3551;3934;1811;2123;2610;1182;1428
1235;23;2045;4251.0;3032.0;1094.0;86.0;39.0;39;26;13;6547;2995;3552;3930;1811;2119;2617;1184;1433
1236;23;2046;4268.0;3044.0;1098.0;86.0;39.0;38;25;13;6548;2996;3552;3926;1810;2117;2622;1186;1435
1237;23;2047;4281.0;3053.0;1102.0;87.0;39.0;38;25;13;6550;2997;3553;3921;1808;2113;2629;1189;1440
1238;23;2048;4291.0;3061.0;1104.0;87.0;39.0;38;25;13;6550;2997;3553;3917;1807;2110;2633;1190;1443
1239;23;2049;4298.0;3065.0;1106.0;87.0;39.0;37;25;13;6550;2997;3553;3910;1804;2106;2640;1193;1447
1240;23;2050;4304.0;3070.0;1108.0;87.0;40.0;37;24;12;6552;2997;3555;3905;1803;2102;2647;1194;1453
1241;23;2051;4308.0;3072.0;1109.0;87.0;40.0;36;24;12;6552;2997;3555;3899;1801;2098;2653;1196;1457
1242;23;2052;4309.0;3073.0;1109.0;87.0;40.0;36;24;12;6553;2998;3555;3893;1798;2095;2660;1200;1460
1243;23;2053;4307.0;3072.0;1108.0;87.0;40.0;35;23;12;6553;2997;3556;3886;1796;2090;2667;1201;1466
1244;23;2054;4302.0;3069.0;1107.0;87.0;39.0;35;23;12;6552;2996;3556;3879;1793;2086;2673;1203;1470
1245;23;2055;4293.0;3062.0;1105.0;87.0;39.0;34;23;12;6550;2996;3554;3872;1791;2082;2678;1205;1472
1246;23;2056;4280.0;3053.0;1101.0;87.0;39.0;34;22;12;6554;2998;3556;3864;1787;2078;2690;1211;1478
1247;23;2057;4264.0;3041.0;1097.0;86.0;39.0;33;22;11;6554;2998;3556;3855;1783;2072;2699;1215;1484
1248;23;2058;4246.0;3028.0;1093.0;86.0;39.0;33;21;11;6556;2999;3557;3845;1778;2067;2711;1221;1490
1249;23;2059;4227.0;3015.0;1088.0;85.0;39.0;32;21;11;6555;2999;3556;3837;1774;2062;2718;1225;1494
1250;24;2010;5480.0;3710.0;1473.0;249.0;47.0;67;45;22;6897;3235;3662;4656;2117;2538;2241;1118;1124
1251;24;2011;5451.0;3687.0;1472.0;242.0;49.0;66;45;22;6957;3252;3705;4716;2148;2568;2241;1104;1137
1252;24;2012;5578.0;3767.0;1521.0;231.0;59.0;65;44;21;6941;3229;3712;4849;2214;2635;2092;1015;1077
1253;24;2013;5664.0;3838.0;1552.0;208.0;67.0;65;44;21;6866;3185;3681;4933;2245;2688;1933;940;993
1254;24;2014;5841.0;3976.0;1594.0;196.0;75.0;66;45;22;6809;3156;3653;5043;2315;2728;1766;841;925
1255;24;2015;5841.0;3967.0;1608.0;184.0;83.0;65;44;21;6792;3151;3641;5043;2315;2727;1749;836;914
1256;24;2016;5742.0;3915.0;1594.0;165.0;67.0;63;43;21;6784;3152;3632;5038;2324;2714;1746;828;918
1257;24;2017;5689.0;3888.0;1595.0;135.0;70.0;62;42;20;6784;3156;3628;4977;2290;2688;1807;866;940
1258;24;2018;5734.0;3881.0;1600.0;180.0;72.0;61;41;20;6783;3161;3622;4965;2286;2679;1818;875;943
1259;24;2019;5598.0;3792.0;1565.0;170.0;72.0;58;39;19;6782;3168;3614;4894;2254;2640;1888;914;974
1260;24;2020;5559.0;3760.0;1562.0;165.0;71.0;58;39;19;6778;3172;3606;4886;2258;2628;1892;914;978
1261;24;2021;5645.0;3819.0;1589.0;166.0;70.0;57;38;19;6767;3172;3595;4859;2241;2617;1908;931;978
1262;24;2022;5785.0;3912.0;1629.0;171.0;73.0;58;39;19;6748;3166;3582;4838;2241;2597;1910;925;985
1263;24;2023;5813.0;3932.0;1632.0;175.0;73.0;57;39;19;6725;3158;3567;4810;2229;2580;1915;929;987
1264;24;2024;5962.0;4033.0;1675.0;178.0;75.0;58;38;19;6704;3153;3551;4810;2234;2576;1894;920;975
1265;24;2025;5866.0;3968.0;1650.0;174.0;74.0;56;37;19;6680;3145;3535;4742;2205;2537;1938;940;998
1266;24;2026;5812.0;3931.0;1635.0;173.0;73.0;55;37;18;6658;3136;3522;4706;2194;2512;1952;942;1010
1267;24;2027;5785.0;3913.0;1627.0;172.0;73.0;54;36;18;6636;3129;3507;4675;2181;2494;1961;948;1013
1268;24;2028;5631.0;3809.0;1583.0;168.0;71.0;51;34;17;6617;3120;3497;4613;2153;2459;2004;967;1038
1269;24;2029;5467.0;3698.0;1537.0;163.0;69.0;49;33;16;6598;3115;3483;4553;2130;2423;2045;985;1060
1270;24;2030;5404.0;3655.0;1520.0;161.0;68.0;48;32;16;6581;3108;3473;4515;2114;2401;2066;994;1072
1271;24;2031;5342.0;3613.0;1502.0;159.0;67.0;47;31;16;6572;3106;3466;4476;2096;2379;2097;1010;1087
1272;24;2032;5396.0;3650.0;1517.0;161.0;68.0;47;31;16;6562;3103;3459;4467;2099;2368;2095;1004;1091
1273;24;2033;5426.0;3670.0;1526.0;162.0;68.0;46;31;16;6553;3100;3453;4437;2085;2353;2116;1015;1100
1274;24;2034;5364.0;3628.0;1508.0;160.0;68.0;45;30;15;6555;3101;3454;4395;2066;2329;2160;1035;1125
1275;24;2035;5330.0;3605.0;1499.0;159.0;67.0;44;29;15;6561;3103;3458;4367;2054;2313;2194;1049;1145
1276;24;2036;5314.0;3595.0;1494.0;158.0;67.0;43;29;15;6566;3106;3460;4349;2047;2302;2217;1059;1159
1277;24;2037;5319.0;3598.0;1496.0;158.0;67.0;43;28;15;6571;3109;3462;4337;2043;2294;2234;1066;1168
1278;24;2038;5331.0;3606.0;1499.0;159.0;67.0;43;28;14;6576;3112;3464;4329;2040;2288;2247;1072;1176
1279;24;2039;5349.0;3618.0;1504.0;159.0;67.0;42;28;14;6579;3114;3465;4324;2040;2284;2255;1074;1181
1280;24;2040;5372.0;3634.0;1511.0;160.0;68.0;42;27;14;6582;3116;3466;4319;2039;2280;2263;1077;1186
1281;24;2041;5403.0;3655.0;1519.0;161.0;68.0;41;27;14;6584;3118;3466;4318;2039;2278;2266;1079;1188
1282;24;2042;5439.0;3679.0;1529.0;162.0;69.0;41;27;14;6583;3118;3465;4317;2040;2276;2266;1078;1189
1283;24;2043;5471.0;3701.0;1539.0;163.0;69.0;41;27;14;6583;3117;3466;4316;2042;2274;2267;1075;1192
1284;24;2044;5504.0;3723.0;1548.0;164.0;69.0;40;27;14;6580;3117;3463;4316;2043;2273;2264;1074;1190
1285;24;2045;5529.0;3740.0;1555.0;165.0;70.0;40;26;14;6580;3116;3464;4313;2043;2271;2267;1073;1193
1286;24;2046;5556.0;3758.0;1562.0;166.0;70.0;40;26;14;6581;3115;3466;4311;2043;2269;2270;1072;1197
1287;24;2047;5578.0;3773.0;1569.0;166.0;70.0;39;26;13;6581;3116;3465;4310;2042;2267;2271;1074;1198
1288;24;2048;5594.0;3784.0;1573.0;167.0;71.0;39;26;13;6581;3115;3466;4306;2042;2264;2275;1073;1202
1289;24;2049;5608.0;3793.0;1577.0;167.0;71.0;39;25;13;6582;3115;3467;4302;2041;2262;2280;1074;1205
1290;24;2050;5617.0;3799.0;1579.0;167.0;71.0;38;25;13;6584;3116;3468;4297;2040;2258;2287;1076;1210
1291;24;2051;5625.0;3805.0;1582.0;168.0;71.0;38;25;13;6587;3118;3469;4293;2038;2255;2294;1080;1214
1292;24;2052;5630.0;3808.0;1583.0;168.0;71.0;37;24;13;6588;3119;3469;4288;2037;2251;2300;1082;1218
1293;24;2053;5632.0;3809.0;1584.0;168.0;71.0;37;24;13;6586;3117;3469;4283;2035;2248;2303;1082;1221
1294;24;2054;5630.0;3808.0;1583.0;168.0;71.0;36;24;13;6588;3118;3470;4278;2033;2245;2310;1085;1225
1295;24;2055;5624.0;3804.0;1581.0;168.0;71.0;36;23;12;6587;3119;3468;4272;2031;2241;2315;1088;1227
1296;24;2056;5612.0;3796.0;1578.0;167.0;71.0;35;23;12;6588;3118;3470;4264;2028;2236;2324;1090;1234
1297;24;2057;5596.0;3785.0;1573.0;167.0;71.0;35;23;12;6588;3118;3470;4257;2025;2232;2331;1093;1238
1298;24;2058;5575.0;3771.0;1568.0;166.0;70.0;34;22;12;6590;3119;3471;4249;2021;2228;2341;1098;1243
1299;24;2059;5552.0;3755.0;1561.0;165.0;70.0;33;22;12;6589;3119;3470;4240;2018;2222;2349;1101;1248
1300;25;2010;6930.0;4544.0;1939.0;371.0;76.0;67;44;22;6636;3232;3404;4707;2242;2465;1929;990;939
1301;25;2011;7073.0;4623.0;2002.0;370.0;77.0;67;45;22;6696;3251;3445;4790;2304;2487;1906;948;958
1302;25;2012;7193.0;4703.0;2041.0;363.0;87.0;67;45;22;6675;3227;3448;4831;2325;2506;1844;902;942
1303;25;2013;7305.0;4763.0;2093.0;351.0;97.0;66;44;22;6604;3183;3421;4977;2392;2585;1627;791;836
1304;25;2014;7371.0;4834.0;2104.0;330.0;104.0;65;44;22;6545;3148;3397;5064;2429;2635;1481;719;762
1305;25;2015;7619.0;5005.0;2174.0;325.0;115.0;67;45;22;6533;3147;3386;5164;2494;2670;1369;653;716
1306;25;2016;7615.0;4990.0;2191.0;311.0;123.0;66;44;22;6520;3144;3376;5150;2485;2666;1370;659;710
1307;25;2017;7508.0;4932.0;2173.0;293.0;110.0;64;43;21;6524;3152;3372;5133;2484;2649;1391;668;723
1308;25;2018;7463.0;4898.0;2169.0;282.0;113.0;62;42;21;6526;3157;3369;5076;2451;2624;1450;706;745
1309;25;2019;7478.0;4893.0;2171.0;298.0;116.0;62;41;21;6528;3165;3363;5065;2448;2618;1463;717;745
1310;25;2020;7311.0;4785.0;2126.0;285.0;115.0;59;39;20;6524;3168;3356;4997;2416;2581;1527;752;775
1311;25;2021;7259.0;4748.0;2119.0;278.0;115.0;58;39;19;6512;3166;3346;4984;2419;2565;1528;747;781
1312;25;2022;7375.0;4825.0;2155.0;279.0;116.0;58;38;19;6493;3161;3332;4958;2402;2556;1535;759;776
1313;25;2023;7553.0;4941.0;2207.0;285.0;119.0;59;39;20;6477;3156;3321;4942;2402;2540;1535;754;781
1314;25;2024;7591.0;4966.0;2216.0;289.0;121.0;58;39;19;6456;3148;3308;4914;2391;2523;1542;757;785
1315;25;2025;7783.0;5092.0;2273.0;294.0;124.0;58;39;20;6435;3141;3294;4916;2395;2521;1519;746;773
1316;25;2026;7661.0;5012.0;2239.0;289.0;122.0;57;38;19;6416;3134;3282;4853;2368;2485;1563;766;797
1317;25;2027;7591.0;4966.0;2218.0;286.0;120.0;56;37;19;6395;3126;3269;4818;2357;2462;1577;769;807
1318;25;2028;7556.0;4943.0;2208.0;285.0;120.0;55;36;18;6375;3119;3256;4789;2345;2444;1586;774;812
1319;25;2029;7359.0;4814.0;2150.0;278.0;117.0;52;34;18;6358;3112;3246;4729;2317;2412;1629;795;834
1320;25;2030;7149.0;4677.0;2089.0;270.0;114.0;50;33;17;6345;3107;3238;4672;2293;2378;1673;814;860
1321;25;2031;7068.0;4624.0;2065.0;267.0;112.0;49;32;17;6335;3102;3233;4636;2278;2358;1699;824;875
1322;25;2032;6988.0;4572.0;2042.0;264.0;111.0;47;31;16;6326;3098;3228;4601;2261;2340;1725;837;888
1323;25;2033;7059.0;4618.0;2063.0;266.0;112.0;48;31;16;6320;3096;3224;4599;2267;2332;1721;829;892
1324;25;2034;7099.0;4644.0;2074.0;268.0;113.0;47;31;16;6319;3096;3223;4577;2256;2320;1742;840;903
1325;25;2035;7019.0;4592.0;2051.0;265.0;111.0;46;30;16;6322;3098;3224;4542;2241;2301;1780;857;923
1326;25;2036;6976.0;4564.0;2038.0;263.0;111.0;45;30;15;6325;3100;3225;4521;2233;2289;1804;867;936
1327;25;2037;6957.0;4552.0;2033.0;263.0;110.0;44;29;15;6328;3101;3227;4508;2227;2280;1820;874;947
1328;25;2038;6964.0;4556.0;2035.0;263.0;111.0;44;29;15;6334;3104;3230;4499;2225;2274;1835;879;956
1329;25;2039;6980.0;4566.0;2039.0;263.0;111.0;43;28;15;6340;3109;3231;4495;2225;2271;1845;884;960
1330;25;2040;7004.0;4582.0;2047.0;264.0;111.0;43;28;15;6341;3110;3231;4492;2224;2267;1849;886;964
1331;25;2041;7034.0;4602.0;2055.0;265.0;112.0;42;28;15;6344;3112;3232;4491;2226;2265;1853;886;967
1332;25;2042;7075.0;4628.0;2067.0;267.0;112.0;42;28;15;6342;3112;3230;4493;2228;2265;1849;884;965
1333;25;2043;7120.0;4658.0;2080.0;269.0;113.0;42;27;15;6343;3111;3232;4495;2231;2264;1848;880;968
1334;25;2044;7163.0;4686.0;2093.0;270.0;114.0;41;27;14;6338;3108;3230;4496;2233;2263;1842;875;967
1335;25;2045;7205.0;4714.0;2105.0;272.0;114.0;41;27;14;6339;3109;3230;4498;2236;2262;1841;873;968
1336;25;2046;7238.0;4735.0;2115.0;273.0;115.0;41;27;14;6339;3109;3230;4498;2237;2261;1841;872;969
1337;25;2047;7272.0;4758.0;2125.0;274.0;115.0;40;26;14;6338;3108;3230;4500;2239;2260;1838;869;970
1338;25;2048;7301.0;4776.0;2133.0;275.0;116.0;40;26;14;6338;3107;3231;4499;2240;2258;1839;867;973
1339;25;2049;7323.0;4791.0;2140.0;276.0;116.0;40;26;14;6338;3107;3231;4497;2241;2257;1841;866;974
1340;25;2050;7340.0;4802.0;2145.0;277.0;117.0;39;26;14;6341;3109;3232;4496;2242;2255;1845;867;977
1341;25;2051;7352.0;4810.0;2148.0;277.0;117.0;39;25;13;6342;3109;3233;4494;2241;2253;1848;868;980
1342;25;2052;7363.0;4817.0;2151.0;278.0;117.0;38;25;13;6343;3109;3234;4492;2241;2250;1851;868;984
1343;25;2053;7369.0;4821.0;2153.0;278.0;117.0;38;25;13;6345;3111;3234;4488;2240;2247;1857;871;987
1344;25;2054;7372.0;4823.0;2154.0;278.0;117.0;37;24;13;6346;3110;3236;4485;2240;2245;1861;870;991
1345;25;2055;7370.0;4822.0;2153.0;278.0;117.0;37;24;13;6345;3110;3235;4481;2239;2242;1864;871;993
1346;25;2056;7362.0;4816.0;2151.0;278.0;117.0;36;24;13;6347;3112;3235;4477;2238;2239;1870;874;996
1347;25;2057;7348.0;4807.0;2147.0;277.0;117.0;36;23;13;6347;3111;3236;4471;2236;2235;1876;875;1001
1348;25;2058;7326.0;4793.0;2141.0;276.0;116.0;35;23;12;6346;3111;3235;4464;2233;2231;1882;878;1004
1349;25;2059;7300.0;4776.0;2133.0;275.0;116.0;35;22;12;6346;3111;3235;4457;2230;2227;1889;881;1008
1350;26;2010;8447.0;5231.0;2532.0;567.0;118.0;68;45;23;6229;3153;3076;4631;2348;2283;1598;805;793
1351;26;2011;8575.0;5350.0;2536.0;565.0;124.0;68;45;23;6291;3178;3113;4623;2336;2287;1668;842;826
1352;26;2012;8952.0;5577.0;2663.0;580.0;132.0;69;46;23;6283;3160;3123;4690;2384;2306;1593;776;817
1353;26;2013;9051.0;5624.0;2717.0;571.0;140.0;68;45;23;6206;3109;3097;4762;2417;2344;1444;692;753
1354;26;2014;9109.0;5683.0;2719.0;556.0;151.0;67;45;23;6149;3076;3073;4895;2485;2410;1254;591;664
1355;26;2015;9209.0;5753.0;2756.0;541.0;160.0;67;44;23;6135;3073;3062;4967;2518;2449;1168;555;613
1356;26;2016;9516.0;5950.0;2852.0;541.0;172.0;68;45;23;6131;3074;3057;5052;2571;2481;1079;503;576
1357;26;2017;9528.0;5940.0;2875.0;532.0;181.0;67;44;23;6133;3080;3053;5030;2557;2473;1103;523;580
1358;26;2018;9399.0;5868.0;2845.0;513.0;173.0;65;43;22;6138;3089;3049;5016;2558;2458;1122;531;591
1359;26;2019;9345.0;5832.0;2833.0;503.0;177.0;64;42;22;6140;3096;3044;4967;2528;2439;1173;568;605
1360;26;2020;9350.0;5831.0;2839.0;499.0;180.0;63;42;21;6138;3100;3038;4962;2527;2434;1176;573;604
1361;26;2021;9145.0;5706.0;2780.0;481.0;179.0;61;40;21;6135;3102;3033;4894;2495;2399;1241;607;634
1362;26;2022;9085.0;5666.0;2769.0;470.0;180.0;60;40;20;6126;3101;3025;4880;2498;2382;1246;603;643
1363;26;2023;9226.0;5757.0;2813.0;473.0;183.0;59;39;20;6107;3093;3014;4858;2481;2377;1249;612;637
1364;26;2024;9444.0;5894.0;2880.0;481.0;189.0;60;40;21;6092;3091;3001;4848;2483;2364;1244;608;637
1365;26;2025;9496.0;5925.0;2897.0;483.0;191.0;60;39;20;6074;3083;2991;4826;2474;2352;1248;609;639
1366;26;2026;9732.0;6073.0;2970.0;493.0;196.0;60;39;21;6054;3075;2979;4832;2479;2352;1222;596;627
1367;26;2027;9582.0;5979.0;2925.0;485.0;193.0;58;38;20;6035;3066;2969;4775;2454;2321;1260;612;648
1368;26;2028;9496.0;5926.0;2898.0;481.0;191.0;57;37;20;6021;3062;2959;4744;2443;2301;1277;619;658
1369;26;2029;9453.0;5899.0;2885.0;479.0;190.0;56;37;19;6003;3055;2948;4718;2432;2286;1285;623;662
1370;26;2030;9211.0;5748.0;2811.0;466.0;185.0;54;35;19;5992;3049;2943;4661;2404;2257;1331;645;686
1371;26;2031;8952.0;5586.0;2732.0;453.0;180.0;52;34;18;5982;3046;2936;4608;2381;2227;1374;665;709
1372;26;2032;8852.0;5524.0;2702.0;448.0;178.0;50;33;18;5975;3044;2931;4578;2368;2210;1397;676;721
1373;26;2033;8754.0;5463.0;2672.0;443.0;176.0;49;32;17;5972;3042;2930;4546;2351;2195;1426;691;735
1374;26;2034;8843.0;5518.0;2699.0;448.0;178.0;49;32;17;5974;3045;2929;4551;2361;2191;1423;684;738
1375;26;2035;8893.0;5549.0;2714.0;450.0;179.0;48;32;17;5977;3047;2930;4538;2354;2184;1439;693;746
1376;26;2036;8796.0;5489.0;2684.0;445.0;177.0;47;31;17;5982;3049;2933;4511;2342;2169;1471;707;764
1377;26;2037;8743.0;5456.0;2668.0;443.0;176.0;46;30;16;5991;3055;2936;4495;2335;2160;1496;720;776
1378;26;2038;8721.0;5442.0;2662.0;442.0;176.0;46;30;16;5991;3055;2936;4485;2331;2154;1506;724;782
1379;26;2039;8729.0;5448.0;2664.0;442.0;176.0;45;29;16;5994;3057;2937;4481;2331;2150;1513;726;787
1380;26;2040;8749.0;5460.0;2670.0;443.0;176.0;45;29;16;5994;3057;2937;4478;2331;2147;1516;726;790
1381;26;2041;8780.0;5479.0;2680.0;445.0;177.0;44;29;16;5995;3058;2937;4478;2333;2145;1517;725;792
1382;26;2042;8817.0;5502.0;2691.0;446.0;177.0;44;28;15;5996;3058;2938;4480;2336;2144;1516;722;794
1383;26;2043;8867.0;5534.0;2706.0;449.0;179.0;43;28;15;5994;3058;2936;4484;2339;2144;1510;719;792
1384;26;2044;8924.0;5569.0;2724.0;452.0;180.0;43;28;15;5992;3057;2935;4487;2343;2144;1505;714;791
1385;26;2045;8977.0;5602.0;2740.0;455.0;181.0;43;28;15;5991;3055;2936;4490;2346;2145;1501;709;792
1386;26;2046;9030.0;5635.0;2756.0;457.0;182.0;42;27;15;5991;3054;2937;4494;2349;2145;1497;705;792
1387;26;2047;9070.0;5660.0;2768.0;459.0;183.0;42;27;15;5993;3057;2936;4497;2352;2145;1496;705;791
1388;26;2048;9113.0;5687.0;2781.0;461.0;183.0;42;27;15;5992;3057;2935;4500;2355;2145;1492;702;790
1389;26;2049;9149.0;5710.0;2792.0;463.0;184.0;41;27;15;5994;3058;2936;4501;2356;2144;1493;702;792
1390;26;2050;9176.0;5726.0;2801.0;465.0;185.0;41;26;15;5994;3057;2937;4501;2358;2143;1493;699;794
1391;26;2051;9199.0;5740.0;2807.0;466.0;185.0;40;26;14;5996;3059;2937;4501;2359;2142;1495;700;795
1392;26;2052;9213.0;5749.0;2812.0;467.0;185.0;40;26;14;5998;3060;2938;4499;2359;2140;1499;701;798
1393;26;2053;9227.0;5758.0;2816.0;467.0;186.0;40;25;14;5997;3058;2939;4498;2360;2138;1499;698;801
1394;26;2054;9235.0;5763.0;2819.0;468.0;186.0;39;25;14;5997;3057;2940;4496;2360;2137;1501;697;803
1395;26;2055;9239.0;5765.0;2820.0;468.0;186.0;39;25;14;5998;3058;2940;4496;2361;2135;1502;697;805
1396;26;2056;9237.0;5764.0;2819.0;468.0;186.0;38;25;14;6000;3059;2941;4493;2360;2133;1507;699;808
1397;26;2057;9227.0;5758.0;2816.0;467.0;186.0;38;24;13;5999;3058;2941;4489;2360;2130;1510;698;811
1398;26;2058;9209.0;5747.0;2811.0;466.0;185.0;37;24;13;6001;3059;2942;4484;2357;2127;1517;702;815
1399;26;2059;9183.0;5731.0;2803.0;465.0;185.0;36;23;13;6003;3061;2942;4479;2356;2123;1524;705;819
1400;27;2010;10058.0;5915.0;3201.0;774.0;169.0;68;45;23;5708;2953;2755;4280;2265;2015;1428;688;740
1401;27;2011;10217.0;6053.0;3259.0;739.0;166.0;69;46;23;5770;2979;2791;4431;2363;2068;1339;616;723
1402;27;2012;10481.0;6244.0;3324.0;735.0;178.0;69;45;24;5757;2961;2796;4428;2355;2073;1329;606;723
1403;27;2013;10944.0;6527.0;3470.0;756.0;191.0;70;46;24;5685;2915;2770;4519;2407;2112;1166;508;658
1404;27;2014;10980.0;6562.0;3474.0;743.0;201.0;69;46;23;5636;2885;2751;4591;2445;2146;1045;440;605
1405;27;2015;11086.0;6635.0;3509.0;733.0;210.0;68;45;23;5624;2882;2742;4696;2500;2196;928;382;546
1406;27;2016;11186.0;6687.0;3561.0;720.0;219.0;68;45;23;5622;2884;2738;4747;2521;2226;875;363;512
1407;27;2017;11553.0;6910.0;3682.0;727.0;234.0;69;46;24;5624;2888;2736;4817;2564;2253;807;324;483
1408;27;2018;11577.0;6911.0;3702.0;721.0;243.0;68;45;23;5630;2898;2732;4799;2552;2248;831;346;484
1409;27;2019;11426.0;6828.0;3657.0;702.0;239.0;66;44;23;5637;2907;2730;4788;2553;2234;849;354;496
1410;27;2020;11376.0;6792.0;3646.0;695.0;243.0;65;43;22;5638;2912;2726;4746;2527;2219;892;385;507
1411;27;2021;11367.0;6791.0;3654.0;675.0;248.0;64;42;22;5635;2916;2719;4738;2525;2214;897;391;505
1412;27;2022;11126.0;6650.0;3577.0;652.0;246.0;62;40;21;5624;2914;2710;4677;2495;2182;947;419;528
1413;27;2023;11052.0;6606.0;3559.0;640.0;247.0;61;40;21;5610;2908;2702;4664;2497;2168;946;411;534
1414;27;2024;11222.0;6711.0;3614.0;644.0;253.0;60;39;21;5595;2904;2691;4646;2481;2165;949;423;526
1415;27;2025;11486.0;6870.0;3700.0;654.0;261.0;61;40;21;5580;2899;2681;4643;2486;2157;937;413;524
1416;27;2026;11549.0;6906.0;3726.0;655.0;263.0;61;40;21;5565;2892;2673;4626;2479;2148;939;413;525
1417;27;2027;11834.0;7077.0;3818.0;669.0;270.0;61;40;21;5552;2889;2663;4634;2484;2149;918;405;514
1418;27;2028;11655.0;6970.0;3760.0;659.0;266.0;59;39;21;5539;2883;2656;4584;2461;2124;955;422;532
1419;27;2029;11552.0;6909.0;3726.0;653.0;264.0;58;38;20;5528;2879;2649;4558;2451;2107;970;428;542
1420;27;2030;11500.0;6878.0;3710.0;650.0;263.0;57;37;20;5518;2874;2644;4536;2442;2094;982;432;550
1421;27;2031;11209.0;6704.0;3616.0;633.0;256.0;55;35;19;5510;2871;2639;4483;2414;2069;1027;457;570
1422;27;2032;10899.0;6518.0;3516.0;616.0;249.0;53;34;18;5507;2871;2636;4435;2392;2042;1072;479;594
1423;27;2033;10779.0;6447.0;3477.0;609.0;246.0;51;33;18;5503;2869;2634;4411;2382;2029;1092;487;605
1424;27;2034;10662.0;6377.0;3439.0;603.0;243.0;50;32;18;5505;2872;2633;4384;2367;2017;1121;505;616
1425;27;2035;10770.0;6441.0;3474.0;609.0;246.0;50;32;18;5509;2876;2633;4396;2379;2017;1113;497;616
1426;27;2036;10831.0;6478.0;3494.0;612.0;247.0;49;32;17;5515;2879;2636;4388;2375;2013;1127;504;623
1427;27;2037;10715.0;6408.0;3456.0;606.0;245.0;48;31;17;5520;2882;2638;4369;2366;2002;1151;516;636
1428;27;2038;10653.0;6371.0;3436.0;602.0;243.0;47;31;17;5524;2885;2639;4356;2361;1995;1168;524;644
1429;27;2039;10626.0;6355.0;3428.0;601.0;243.0;46;30;16;5528;2888;2640;4348;2358;1991;1180;530;649
1430;27;2040;10637.0;6362.0;3431.0;601.0;243.0;46;30;16;5535;2891;2644;4347;2358;1988;1188;533;656
1431;27;2041;10662.0;6376.0;3439.0;603.0;243.0;45;29;16;5539;2894;2645;4347;2360;1987;1192;534;658
1432;27;2042;10699.0;6399.0;3451.0;605.0;244.0;45;29;16;5540;2896;2644;4350;2363;1987;1190;533;657
1433;27;2043;10744.0;6426.0;3466.0;607.0;245.0;45;29;16;5538;2894;2644;4353;2365;1987;1185;529;657
1434;27;2044;10804.0;6462.0;3485.0;611.0;247.0;44;28;16;5535;2893;2642;4358;2370;1988;1177;523;654
1435;27;2045;10873.0;6503.0;3507.0;615.0;248.0;44;28;16;5534;2892;2642;4364;2374;1990;1170;518;652
1436;27;2046;10937.0;6541.0;3528.0;618.0;250.0;43;28;15;5538;2895;2643;4369;2378;1991;1169;517;652
1437;27;2047;11000.0;6579.0;3548.0;622.0;251.0;43;28;15;5537;2894;2643;4375;2382;1993;1162;512;650
1438;27;2048;11050.0;6608.0;3564.0;625.0;252.0;43;27;15;5539;2894;2645;4379;2385;1994;1160;509;651
1439;27;2049;11102.0;6640.0;3581.0;628.0;253.0;42;27;15;5540;2895;2645;4384;2389;1995;1156;506;650
1440;27;2050;11145.0;6666.0;3595.0;630.0;254.0;42;27;15;5540;2894;2646;4387;2391;1996;1153;503;650
1441;27;2051;11178.0;6685.0;3606.0;632.0;255.0;42;27;15;5539;2894;2645;4389;2393;1996;1150;501;649
1442;27;2052;11205.0;6701.0;3614.0;633.0;256.0;41;26;15;5541;2896;2645;4391;2395;1996;1150;501;649
1443;27;2053;11223.0;6712.0;3620.0;634.0;256.0;41;26;15;5541;2896;2645;4391;2396;1995;1150;500;650
1444;27;2054;11240.0;6722.0;3626.0;635.0;257.0;40;26;14;5544;2898;2646;4393;2398;1995;1151;500;651
1445;27;2055;11250.0;6728.0;3629.0;636.0;257.0;40;26;14;5544;2898;2646;4392;2398;1994;1152;500;652
1446;27;2056;11254.0;6731.0;3630.0;636.0;257.0;39;25;14;5545;2899;2646;4392;2399;1994;1153;500;652
1447;27;2057;11252.0;6729.0;3630.0;636.0;257.0;39;25;14;5548;2899;2649;4391;2399;1992;1157;500;657
1448;27;2058;11241.0;6723.0;3626.0;635.0;257.0;38;25;14;5546;2899;2647;4389;2398;1991;1157;501;656
1449;27;2059;11220.0;6710.0;3619.0;634.0;256.0;38;24;13;5545;2898;2647;4386;2397;1989;1159;501;658
1450;28;2010;11757.0;6552.0;3989.0;978.0;238.0;71;46;24;5199;2722;2477;4089;2244;1845;1110;478;632
1451;28;2011;11663.0;6460.0;3961.0;992.0;251.0;69;45;24;5261;2746;2515;4138;2282;1856;1123;464;660
1452;28;2012;11907.0;6650.0;4031.0;970.0;256.0;70;46;24;5258;2735;2523;4268;2366;1902;990;369;621
1453;28;2013;12266.0;6870.0;4141.0;983.0;271.0;70;46;24;5194;2695;2499;4298;2370;1928;896;325;571
1454;28;2014;12728.0;7155.0;4278.0;1008.0;287.0;71;46;24;5140;2664;2476;4389;2421;1968;751;243;508
1455;28;2015;12818.0;7213.0;4317.0;993.0;296.0;70;46;24;5125;2658;2467;4447;2452;1995;678;206;472
1456;28;2016;12893.0;7261.0;4346.0;981.0;305.0;69;45;24;5125;2663;2462;4521;2489;2032;604;174;430
1457;28;2017;13003.0;7306.0;4404.0;976.0;317.0;69;45;24;5128;2669;2459;4555;2501;2054;573;168;405
1458;28;2018;13434.0;7553.0;4552.0;996.0;334.0;70;46;24;5135;2676;2459;4622;2544;2078;513;132;381
1459;28;2019;13468.0;7561.0;4572.0;992.0;342.0;69;45;24;5142;2683;2459;4609;2534;2074;533;149;385
1460;28;2020;13309.0;7475.0;4520.0;972.0;342.0;67;44;23;5139;2687;2452;4597;2536;2061;542;151;391
1461;28;2021;13250.0;7435.0;4504.0;966.0;346.0;66;43;23;5140;2690;2450;4554;2509;2045;586;181;405
1462;28;2022;13237.0;7440.0;4511.0;935.0;351.0;65;43;23;5132;2687;2445;4547;2507;2040;585;180;405
1463;28;2023;12960.0;7288.0;4417.0;907.0;348.0;63;41;22;5121;2684;2437;4490;2478;2012;631;206;425
1464;28;2024;12875.0;7241.0;4393.0;892.0;349.0;62;40;21;5113;2679;2434;4478;2480;1998;635;199;436
1465;28;2025;13072.0;7355.0;4461.0;900.0;357.0;61;40;21;5104;2678;2426;4462;2467;1996;642;211;430
1466;28;2026;13377.0;7529.0;4566.0;915.0;368.0;62;40;22;5094;2674;2420;4465;2474;1992;629;200;428
1467;28;2027;13452.0;7568.0;4598.0;915.0;371.0;62;40;22;5082;2670;2412;4450;2466;1984;632;204;428
1468;28;2028;13780.0;7754.0;4710.0;935.0;381.0;62;40;22;5070;2665;2405;4461;2473;1987;609;192;418
1469;28;2029;13574.0;7638.0;4639.0;922.0;375.0;60;39;21;5061;2661;2400;4417;2452;1966;644;209;434
1470;28;2030;13456.0;7572.0;4599.0;914.0;372.0;59;38;21;5055;2660;2395;4394;2443;1951;661;217;444
1471;28;2031;13398.0;7539.0;4579.0;910.0;370.0;58;38;20;5049;2657;2392;4375;2435;1940;674;222;452
1472;28;2032;13063.0;7351.0;4465.0;886.0;361.0;56;36;20;5045;2656;2389;4327;2409;1918;718;247;471
1473;28;2033;12706.0;7150.0;4343.0;862.0;351.0;54;35;19;5046;2656;2390;4283;2389;1894;763;267;496
1474;28;2034;12569.0;7072.0;4296.0;853.0;347.0;52;34;18;5048;2658;2390;4263;2380;1884;785;278;506
1475;28;2035;12435.0;6997.0;4250.0;844.0;344.0;51;33;18;5054;2662;2392;4241;2367;1874;813;295;518
1476;28;2036;12560.0;7067.0;4293.0;853.0;347.0;51;33;18;5060;2665;2395;4256;2381;1875;804;284;520
1477;28;2037;12631.0;7108.0;4317.0;857.0;349.0;50;32;18;5066;2668;2398;4253;2379;1874;813;289;524
1478;28;2038;12498.0;7033.0;4272.0;848.0;345.0;49;32;18;5072;2672;2400;4237;2372;1866;835;300;534
1479;28;2039;12427.0;6993.0;4247.0;844.0;343.0;48;31;17;5077;2675;2402;4227;2367;1860;850;308;542
1480;28;2040;12396.0;6976.0;4237.0;841.0;343.0;47;31;17;5081;2678;2403;4222;2365;1857;859;313;546
1481;28;2041;12410.0;6983.0;4241.0;842.0;343.0;47;30;17;5083;2680;2403;4220;2365;1856;863;315;547
1482;28;2042;12438.0;6999.0;4251.0;844.0;344.0;46;30;17;5084;2680;2404;4223;2367;1856;861;313;548
1483;28;2043;12482.0;7023.0;4266.0;847.0;345.0;46;29;16;5088;2682;2406;4226;2370;1856;862;312;550
1484;28;2044;12534.0;7053.0;4284.0;851.0;346.0;45;29;16;5087;2681;2406;4231;2373;1858;856;308;548
1485;28;2045;12604.0;7092.0;4308.0;856.0;348.0;45;29;16;5088;2682;2406;4237;2377;1860;851;305;546
1486;28;2046;12683.0;7137.0;4335.0;861.0;350.0;45;29;16;5087;2682;2405;4245;2382;1863;842;300;542
1487;28;2047;12757.0;7178.0;4360.0;866.0;353.0;44;28;16;5090;2682;2408;4250;2386;1865;840;296;543
1488;28;2048;12830.0;7220.0;4385.0;871.0;355.0;44;28;16;5092;2684;2408;4257;2390;1867;835;294;541
1489;28;2049;12887.0;7252.0;4405.0;875.0;356.0;44;28;16;5094;2684;2410;4263;2393;1869;831;291;541
1490;28;2050;12948.0;7286.0;4425.0;879.0;358.0;43;28;16;5093;2683;2410;4269;2397;1872;824;286;538
1491;28;2051;12998.0;7314.0;4442.0;882.0;359.0;43;28;15;5096;2686;2410;4273;2400;1873;823;286;537
1492;28;2052;13036.0;7335.0;4455.0;885.0;360.0;43;27;15;5096;2685;2411;4276;2402;1874;820;283;537
1493;28;2053;13067.0;7353.0;4466.0;887.0;361.0;42;27;15;5098;2686;2412;4279;2404;1875;819;282;537
1494;28;2054;13088.0;7365.0;4473.0;888.0;362.0;42;27;15;5099;2687;2412;4280;2404;1876;819;283;537
1495;28;2055;13108.0;7376.0;4480.0;890.0;362.0;41;26;15;5100;2687;2413;4281;2405;1876;819;282;537
1496;28;2056;13120.0;7382.0;4484.0;891.0;363.0;41;26;15;5099;2687;2412;4284;2407;1877;815;280;535
1497;28;2057;13124.0;7385.0;4486.0;891.0;363.0;40;26;14;5099;2687;2412;4284;2407;1877;815;280;535
1498;28;2058;13122.0;7384.0;4485.0;891.0;363.0;40;25;14;5098;2686;2412;4284;2407;1876;814;279;536
1499;28;2059;13109.0;7377.0;4480.0;890.0;362.0;39;25;14;5098;2687;2411;4283;2407;1876;815;280;535
1500;29;2010;13681.0;7283.0;4796.0;1276.0;326.0;75;49;27;4798;2604;2194;3883;2175;1708;915;429;486
1501;29;2011;13178.0;6960.0;4693.0;1203.0;321.0;73;47;25;4858;2631;2227;4012;2275;1737;846;356;490
1502;29;2012;13096.0;6897.0;4665.0;1206.0;328.0;71;46;25;4851;2618;2233;4060;2310;1750;791;308;483
1503;29;2013;13505.0;7131.0;4819.0;1216.0;339.0;72;47;25;4787;2576;2211;4205;2397;1808;582;179;403
1504;29;2014;13875.0;7376.0;4914.0;1230.0;356.0;72;47;25;4738;2545;2193;4247;2410;1837;491;135;356
1505;29;2015;14373.0;7656.0;5088.0;1254.0;375.0;73;47;25;4729;2543;2186;4326;2454;1871;403;89;315
1506;29;2016;14431.0;7690.0;5118.0;1239.0;384.0;72;47;25;4724;2545;2179;4361;2472;1889;363;73;290
1507;29;2017;14503.0;7730.0;5150.0;1230.0;393.0;71;46;25;4731;2552;2179;4411;2495;1915;320;57;264
1508;29;2018;14652.0;7789.0;5223.0;1235.0;405.0;71;46;25;4737;2560;2177;4442;2508;1933;295;52;244
1509;29;2019;15129.0;8051.0;5389.0;1264.0;425.0;72;47;25;4746;2569;2177;4507;2551;1956;239;18;221
1510;29;2020;15175.0;8064.0;5414.0;1263.0;433.0;71;46;25;4753;2576;2177;4494;2543;1952;259;33;225
1511;29;2021;14998.0;7971.0;5351.0;1241.0;435.0;69;45;24;4750;2577;2173;4476;2540;1935;274;37;238
1512;29;2022;14942.0;7935.0;5331.0;1237.0;439.0;68;44;24;4746;2578;2168;4434;2513;1920;312;65;248
1513;29;2023;14926.0;7943.0;5340.0;1199.0;445.0;67;44;23;4737;2575;2162;4426;2511;1915;311;64;247
1514;29;2024;14615.0;7781.0;5229.0;1166.0;440.0;65;42;23;4727;2570;2157;4371;2482;1889;356;88;268
1515;29;2025;14521.0;7732.0;5199.0;1150.0;441.0;64;41;22;4720;2568;2152;4358;2483;1875;362;85;277
1516;29;2026;14743.0;7853.0;5279.0;1161.0;451.0;63;41;22;4709;2563;2146;4344;2470;1874;365;93;272
1517;29;2027;15087.0;8038.0;5403.0;1181.0;464.0;64;41;23;4701;2560;2141;4351;2479;1872;350;81;269
1518;29;2028;15171.0;8080.0;5441.0;1182.0;468.0;63;41;22;4693;2557;2136;4339;2474;1865;354;83;271
1519;29;2029;15538.0;8277.0;5572.0;1208.0;480.0;64;41;23;4685;2553;2132;4351;2481;1871;334;72;261
1520;29;2030;15309.0;8155.0;5489.0;1191.0;473.0;62;40;22;4679;2552;2127;4309;2460;1849;370;92;278
1521;29;2031;15178.0;8086.0;5442.0;1181.0;469.0;61;39;22;4677;2552;2125;4287;2451;1837;390;101;288
1522;29;2032;15114.0;8052.0;5419.0;1176.0;467.0;60;39;21;4675;2550;2125;4270;2443;1827;405;107;298
1523;29;2033;14740.0;7852.0;5286.0;1147.0;455.0;57;37;21;4678;2553;2125;4225;2417;1808;453;136;317
1524;29;2034;14342.0;7640.0;5143.0;1116.0;443.0;55;35;20;4678;2553;2125;4183;2398;1785;495;155;340
1525;29;2035;14189.0;7559.0;5088.0;1104.0;438.0;54;35;19;4686;2557;2129;4166;2390;1776;520;167;353
1526;29;2036;14040.0;7480.0;5034.0;1092.0;434.0;52;34;19;4690;2559;2131;4145;2377;1767;545;182;364
1527;29;2037;14180.0;7554.0;5085.0;1103.0;438.0;53;34;19;4698;2564;2134;4163;2392;1770;535;172;364
1528;29;2038;14261.0;7597.0;5114.0;1110.0;441.0;52;33;19;4704;2568;2136;4162;2390;1771;542;178;365
1529;29;2039;14113.0;7518.0;5060.0;1098.0;436.0;51;32;18;4709;2571;2138;4147;2384;1763;562;187;375
1530;29;2040;14034.0;7476.0;5032.0;1092.0;434.0;50;32;18;4713;2574;2139;4137;2378;1758;576;196;381
1531;29;2041;14000.0;7458.0;5020.0;1089.0;433.0;49;31;18;4717;2577;2140;4132;2376;1756;585;201;384
1532;29;2042;14016.0;7467.0;5026.0;1091.0;433.0;48;31;17;4719;2578;2141;4133;2377;1756;586;201;385
1533;29;2043;14048.0;7484.0;5037.0;1093.0;434.0;48;30;17;4720;2578;2142;4135;2379;1756;585;199;386
1534;29;2044;14097.0;7510.0;5055.0;1097.0;436.0;47;30;17;4721;2578;2143;4139;2382;1757;582;196;386
1535;29;2045;14155.0;7541.0;5076.0;1101.0;437.0;47;30;17;4723;2580;2143;4143;2384;1759;580;196;384
1536;29;2046;14233.0;7582.0;5104.0;1107.0;440.0;46;30;17;4725;2581;2144;4149;2388;1761;576;193;383
1537;29;2047;14322.0;7630.0;5135.0;1114.0;443.0;46;30;17;4725;2582;2143;4156;2392;1764;569;190;379
1538;29;2048;14405.0;7674.0;5165.0;1121.0;445.0;46;29;17;4727;2583;2144;4163;2396;1766;564;187;378
1539;29;2049;14487.0;7718.0;5195.0;1127.0;448.0;45;29;16;4731;2584;2147;4169;2399;1770;562;185;377
1540;29;2050;14552.0;7752.0;5218.0;1132.0;450.0;45;29;16;4732;2584;2148;4174;2403;1771;558;181;377
1541;29;2051;14619.0;7788.0;5242.0;1137.0;452.0;45;28;16;4734;2585;2149;4180;2406;1774;554;179;375
1542;29;2052;14675.0;7818.0;5262.0;1142.0;453.0;44;28;16;4735;2585;2150;4184;2408;1776;551;177;374
1543;29;2053;14718.0;7841.0;5277.0;1145.0;455.0;44;28;16;4734;2584;2150;4187;2409;1777;547;175;373
1544;29;2054;14753.0;7859.0;5290.0;1148.0;456.0;43;28;16;4736;2586;2150;4190;2411;1779;546;175;371
1545;29;2055;14776.0;7872.0;5298.0;1150.0;457.0;43;27;16;4736;2586;2150;4191;2411;1779;545;175;371
1546;29;2056;14799.0;7884.0;5306.0;1151.0;457.0;43;27;16;4738;2588;2150;4192;2413;1780;546;175;370
1547;29;2057;14812.0;7891.0;5311.0;1152.0;458.0;42;27;15;4739;2587;2152;4193;2413;1780;546;174;372
1548;29;2058;14817.0;7894.0;5313.0;1153.0;458.0;41;26;15;4740;2588;2152;4193;2413;1780;547;175;372
1549;29;2059;14815.0;7892.0;5312.0;1153.0;458.0;41;26;15;4739;2588;2151;4192;2412;1780;547;176;371
1550;30;2010;14812.0;7340.0;5466.0;1579.0;427.0;80;52;28;4443;2461;1982;3717;2097;1620;726;364;362
1551;30;2011;14633.0;7213.0;5425.0;1568.0;427.0;78;50;28;4495;2486;2009;3765;2144;1621;730;342;388
1552;30;2012;14162.0;6957.0;5305.0;1478.0;422.0;75;49;27;4497;2480;2017;3878;2229;1648;619;251;369
1553;30;2013;14072.0;6915.0;5264.0;1466.0;426.0;74;48;26;4434;2437;1997;3950;2273;1677;484;164;320
1554;30;2014;14461.0;7125.0;5401.0;1492.0;443.0;75;48;26;4389;2412;1977;4091;2359;1733;298;53;244
1555;30;2015;14873.0;7347.0;5548.0;1517.0;461.0;75;48;26;4373;2404;1969;4127;2370;1757;246;34;212
1556;30;2016;15386.0;7613.0;5743.0;1547.0;483.0;75;49;27;4371;2405;1966;4186;2401;1785;185;4;181
1557;30;2017;15434.0;7643.0;5767.0;1531.0;493.0;75;49;26;4378;2414;1964;4206;2409;1797;172;5;167
1558;30;2018;15501.0;7682.0;5794.0;1525.0;500.0;73;48;26;4384;2421;1963;4247;2428;1819;137;-7;144
1559;30;2019;15663.0;7739.0;5872.0;1538.0;514.0;73;47;26;4392;2429;1963;4276;2440;1836;116;-11;127
1560;30;2020;16178.0;7998.0;6063.0;1580.0;536.0;75;48;26;4396;2432;1964;4337;2480;1857;59;-48;107
1561;30;2021;16232.0;8016.0;6090.0;1582.0;544.0;74;47;26;4399;2438;1961;4320;2470;1850;79;-32;111
1562;30;2022;16049.0;7927.0;6016.0;1558.0;547.0;72;46;25;4394;2438;1956;4303;2467;1836;91;-29;120
1563;30;2023;15992.0;7894.0;5993.0;1554.0;551.0;70;45;25;4385;2432;1953;4264;2443;1822;121;-11;131
1564;30;2024;15974.0;7901.0;6003.0;1513.0;557.0;69;45;25;4373;2428;1945;4257;2440;1817;116;-12;128
1565;30;2025;15646.0;7742.0;5879.0;1475.0;550.0;67;43;24;4364;2422;1942;4206;2413;1793;158;9;149
1566;30;2026;15546.0;7694.0;5844.0;1456.0;551.0;66;43;24;4359;2421;1938;4196;2414;1782;163;7;156
1567;30;2027;15784.0;7814.0;5934.0;1472.0;563.0;66;42;24;4350;2418;1932;4184;2403;1781;166;15;151
1568;30;2028;16150.0;7998.0;6073.0;1500.0;579.0;66;43;24;4342;2414;1928;4193;2413;1780;149;1;148
1569;30;2029;16241.0;8040.0;6115.0;1503.0;584.0;66;42;24;4337;2412;1925;4184;2409;1775;153;3;150
1570;30;2030;16631.0;8235.0;6262.0;1536.0;598.0;66;43;24;4332;2409;1923;4199;2417;1782;133;-8;141
1571;30;2031;16389.0;8115.0;6170.0;1515.0;590.0;65;41;23;4329;2408;1921;4162;2398;1764;167;10;157
1572;30;2032;16251.0;8047.0;6117.0;1502.0;585.0;63;41;23;4329;2408;1921;4144;2391;1753;185;17;168
1573;30;2033;16183.0;8013.0;6092.0;1495.0;582.0;62;40;22;4329;2409;1920;4131;2384;1746;198;25;174
1574;30;2034;15787.0;7817.0;5944.0;1458.0;568.0;60;38;22;4331;2410;1921;4089;2360;1729;242;50;192
1575;30;2035;15365.0;7608.0;5784.0;1420.0;553.0;57;37;21;4336;2412;1924;4051;2341;1710;285;71;214
1576;30;2036;15203.0;7528.0;5724.0;1405.0;547.0;56;36;20;4342;2415;1927;4038;2335;1703;304;80;224
1577;30;2037;15046.0;7450.0;5664.0;1390.0;541.0;55;35;20;4350;2422;1928;4020;2324;1696;330;98;232
1578;30;2038;15196.0;7524.0;5721.0;1404.0;547.0;55;35;20;4354;2423;1931;4041;2340;1700;313;83;231
1579;30;2039;15282.0;7567.0;5753.0;1412.0;550.0;54;34;20;4357;2425;1932;4040;2338;1701;317;87;231
1580;30;2040;15125.0;7489.0;5694.0;1397.0;544.0;53;34;19;4364;2429;1935;4027;2332;1695;337;97;240
1581;30;2041;15042.0;7448.0;5663.0;1390.0;541.0;52;33;19;4366;2430;1936;4020;2328;1692;346;102;244
1582;30;2042;15006.0;7430.0;5649.0;1386.0;540.0;51;32;19;4370;2432;1938;4017;2327;1690;353;105;248
1583;30;2043;15023.0;7439.0;5656.0;1388.0;541.0;50;32;18;4370;2430;1940;4018;2328;1690;352;102;250
1584;30;2044;15057.0;7456.0;5669.0;1391.0;542.0;50;32;18;4371;2431;1940;4022;2330;1691;349;101;249
1585;30;2045;15109.0;7481.0;5688.0;1396.0;544.0;49;31;18;4373;2432;1941;4026;2333;1693;347;99;248
1586;30;2046;15171.0;7512.0;5712.0;1402.0;546.0;49;31;18;4374;2433;1941;4031;2335;1695;343;98;246
1587;30;2047;15255.0;7553.0;5743.0;1409.0;549.0;48;31;18;4377;2435;1942;4038;2340;1698;339;95;244
1588;30;2048;15349.0;7600.0;5778.0;1418.0;552.0;48;31;18;4379;2436;1943;4046;2344;1701;333;92;242
1589;30;2049;15437.0;7644.0;5812.0;1426.0;555.0;48;30;17;4381;2437;1944;4053;2349;1705;328;88;239
1590;30;2050;15525.0;7688.0;5845.0;1434.0;559.0;47;30;17;4382;2437;1945;4059;2352;1707;323;85;238
1591;30;2051;15594.0;7721.0;5871.0;1441.0;561.0;47;30;17;4383;2438;1945;4065;2356;1709;318;82;236
1592;30;2052;15665.0;7757.0;5898.0;1447.0;564.0;47;30;17;4384;2438;1946;4072;2359;1713;312;79;233
1593;30;2053;15726.0;7787.0;5920.0;1453.0;566.0;46;29;17;4382;2437;1945;4077;2362;1715;305;75;230
1594;30;2054;15771.0;7809.0;5937.0;1457.0;567.0;46;29;17;4384;2439;1945;4080;2364;1717;304;75;228
1595;30;2055;15808.0;7828.0;5951.0;1461.0;569.0;45;29;17;4385;2438;1947;4084;2366;1718;301;72;229
1596;30;2056;15833.0;7840.0;5961.0;1463.0;570.0;45;28;17;4387;2439;1948;4086;2366;1720;301;73;228
1597;30;2057;15857.0;7852.0;5970.0;1465.0;571.0;44;28;16;4387;2439;1948;4088;2368;1720;299;71;228
1598;30;2058;15871.0;7859.0;5975.0;1466.0;571.0;44;28;16;4387;2440;1947;4089;2368;1721;298;72;226
1599;30;2059;15877.0;7862.0;5977.0;1467.0;571.0;43;27;16;4388;2440;1948;4090;2368;1722;298;72;226
1600;31;2010;14719.0;6635.0;5861.0;1737.0;487.0;81;52;29;4076;2271;1805;3401;1944;1458;675;327;347
1601;31;2011;15179.0;6829.0;6030.0;1803.0;518.0;83;53;30;4138;2304;1834;3531;2016;1515;607;288;319
1602;31;2012;14859.0;6628.0;5959.0;1750.0;523.0;80;51;29;4137;2295;1842;3577;2057;1520;560;238;322
1603;31;2013;14431.0;6437.0;5795.0;1688.0;511.0;77;50;28;4076;2254;1822;3700;2142;1557;376;112;265
1604;31;2014;14339.0;6383.0;5788.0;1649.0;519.0;76;49;27;4030;2224;1806;3774;2188;1587;256;36;219
1605;31;2015;14757.0;6570.0;5946.0;1703.0;538.0;77;49;28;4015;2218;1797;3894;2260;1634;121;-42;163
1606;31;2016;15146.0;6763.0;6103.0;1724.0;557.0;77;49;28;4013;2220;1793;3914;2260;1653;99;-40;140
1607;31;2017;15631.0;6988.0;6305.0;1757.0;582.0;77;49;28;4014;2223;1791;3953;2278;1675;61;-55;116
1608;31;2018;15691.0;7028.0;6325.0;1748.0;590.0;77;49;28;4021;2231;1790;3970;2286;1684;51;-55;106
1609;31;2019;15754.0;7059.0;6356.0;1742.0;598.0;76;48;27;4032;2240;1792;4007;2302;1705;25;-62;87
1610;31;2020;15928.0;7112.0;6440.0;1763.0;612.0;75;48;27;4035;2246;1789;4033;2313;1720;2;-67;69
1611;31;2021;16445.0;7349.0;6647.0;1813.0;636.0;77;49;28;4039;2250;1789;4083;2347;1736;-44;-97;53
1612;31;2022;16507.0;7371.0;6674.0;1818.0;644.0;76;48;27;4034;2249;1785;4070;2339;1730;-36;-90;55
1613;31;2023;16324.0;7290.0;6593.0;1792.0;648.0;74;47;27;4026;2246;1780;4053;2337;1717;-27;-91;64
1614;31;2024;16268.0;7260.0;6569.0;1789.0;651.0;73;46;26;4020;2243;1777;4019;2314;1705;1;-71;72
1615;31;2025;16251.0;7268.0;6578.0;1747.0;657.0;72;46;26;4015;2243;1772;4014;2313;1701;1;-70;71
1616;31;2026;15920.0;7122.0;6444.0;1706.0;648.0;69;44;25;4007;2239;1768;3968;2288;1680;39;-49;88
1617;31;2027;15821.0;7080.0;6405.0;1687.0;649.0;68;44;25;3997;2234;1763;3957;2289;1669;40;-55;94
1618;31;2028;16063.0;7190.0;6503.0;1707.0;663.0;68;43;25;3993;2233;1760;3949;2280;1669;44;-47;91
1619;31;2029;16435.0;7358.0;6656.0;1740.0;681.0;69;44;25;3986;2229;1757;3960;2290;1670;26;-61;87
1620;31;2030;16528.0;7397.0;6700.0;1745.0;686.0;68;43;25;3984;2228;1756;3956;2289;1666;28;-61;90
1621;31;2031;16922.0;7575.0;6861.0;1783.0;703.0;69;43;25;3982;2228;1754;3972;2299;1674;10;-71;80
1622;31;2032;16679.0;7466.0;6761.0;1759.0;693.0;67;42;24;3980;2229;1751;3942;2283;1659;38;-54;92
1623;31;2033;16540.0;7404.0;6704.0;1744.0;687.0;65;41;24;3983;2229;1754;3927;2276;1650;56;-47;104
1624;31;2034;16472.0;7374.0;6677.0;1737.0;684.0;64;41;24;3983;2229;1754;3917;2271;1645;66;-42;109
1625;31;2035;16071.0;7195.0;6515.0;1694.0;668.0;62;39;23;3991;2234;1757;3881;2250;1631;110;-16;126
1626;31;2036;15646.0;7004.0;6343.0;1649.0;650.0;59;38;22;3995;2235;1760;3849;2235;1614;146;0;146
1627;31;2037;15483.0;6931.0;6276.0;1632.0;643.0;58;37;21;4000;2239;1761;3838;2230;1608;162;9;153
1628;31;2038;15324.0;6860.0;6212.0;1616.0;637.0;56;35;21;4009;2244;1765;3823;2220;1604;186;24;161
1629;31;2039;15476.0;6928.0;6274.0;1631.0;643.0;56;36;21;4015;2248;1767;3844;2236;1609;171;12;158
1630;31;2040;15564.0;6967.0;6309.0;1641.0;647.0;56;35;21;4018;2250;1768;3845;2235;1610;173;15;158
1631;31;2041;15406.0;6897.0;6245.0;1624.0;640.0;55;34;20;4021;2250;1771;3836;2231;1605;185;19;166
1632;31;2042;15322.0;6859.0;6211.0;1615.0;637.0;54;34;20;4028;2255;1773;3831;2228;1603;197;27;170
1633;31;2043;15286.0;6843.0;6197.0;1611.0;635.0;53;33;20;4030;2257;1773;3829;2227;1602;201;30;171
1634;31;2044;15303.0;6851.0;6204.0;1613.0;636.0;52;33;19;4031;2257;1774;3832;2229;1603;199;28;171
1635;31;2045;15338.0;6866.0;6218.0;1617.0;637.0;51;32;19;4031;2256;1775;3835;2231;1604;196;25;171
1636;31;2046;15391.0;6890.0;6239.0;1622.0;639.0;51;32;19;4033;2258;1775;3840;2234;1606;193;24;169
1637;31;2047;15454.0;6918.0;6265.0;1629.0;642.0;50;32;19;4033;2257;1776;3846;2238;1608;188;19;168
1638;31;2048;15538.0;6956.0;6299.0;1638.0;646.0;50;31;19;4035;2258;1777;3853;2242;1611;182;16;166
1639;31;2049;15634.0;6999.0;6337.0;1648.0;650.0;50;31;19;4036;2258;1778;3861;2247;1614;175;11;164
1640;31;2050;15723.0;7039.0;6374.0;1658.0;653.0;49;31;18;4038;2260;1778;3868;2251;1618;170;9;160
1641;31;2051;15812.0;7079.0;6410.0;1667.0;657.0;49;31;18;4039;2261;1778;3876;2255;1621;163;6;157
1642;31;2052;15882.0;7110.0;6438.0;1674.0;660.0;49;31;18;4042;2262;1780;3882;2259;1623;160;3;157
1643;31;2053;15954.0;7142.0;6467.0;1682.0;663.0;48;30;18;4045;2263;1782;3888;2262;1626;157;1;156
1644;31;2054;16015.0;7169.0;6492.0;1688.0;665.0;48;30;18;4045;2263;1782;3895;2266;1629;150;-3;153
1645;31;2055;16061.0;7190.0;6510.0;1693.0;667.0;47;30;18;4045;2263;1782;3899;2269;1631;146;-6;151
1646;31;2056;16099.0;7207.0;6526.0;1697.0;669.0;47;29;18;4044;2263;1781;3903;2270;1632;141;-7;149
1647;31;2057;16124.0;7218.0;6536.0;1700.0;670.0;46;29;17;4046;2264;1782;3906;2272;1634;140;-8;148
1648;31;2058;16148.0;7229.0;6546.0;1702.0;671.0;46;29;17;4046;2264;1782;3910;2274;1636;136;-10;146
1649;31;2059;16162.0;7235.0;6552.0;1704.0;672.0;45;28;17;4046;2265;1781;3911;2275;1636;135;-10;145
1650;32;2010;14395.0;5795.0;6012.0;1979.0;609.0;86;54;32;3717;2093;1624;3199;1819;1380;518;274;244
1651;32;2011;14245.0;5697.0;5991.0;1958.0;599.0;85;54;31;3778;2125;1653;3240;1873;1367;538;252;286
1652;32;2012;14597.0;5765.0;6170.0;2024.0;637.0;87;55;32;3787;2127;1660;3359;1939;1420;428;188;240
1653;32;2013;14360.0;5623.0;6110.0;1984.0;643.0;84;53;31;3720;2080;1640;3422;1987;1436;298;94;204
1654;32;2014;13985.0;5479.0;5959.0;1922.0;625.0;81;51;30;3677;2054;1623;3536;2066;1470;141;-12;153
1655;32;2015;13842.0;5411.0;5927.0;1874.0;630.0;80;50;29;3661;2045;1616;3596;2102;1494;65;-57;122
1656;32;2016;14227.0;5553.0;6088.0;1932.0;655.0;80;51;29;3654;2044;1610;3690;2156;1534;-36;-112;76
1657;32;2017;14595.0;5702.0;6257.0;1960.0;676.0;80;51;30;3664;2052;1612;3697;2148;1548;-33;-96;64
1658;32;2018;15074.0;5906.0;6461.0;2003.0;703.0;81;51;30;3671;2059;1612;3731;2164;1567;-60;-105;45
1659;32;2019;15128.0;5944.0;6478.0;1996.0;711.0;81;51;29;3679;2068;1611;3745;2170;1574;-66;-102;37
1660;32;2020;15174.0;5963.0;6502.0;1992.0;718.0;79;50;29;3688;2077;1611;3774;2184;1590;-86;-107;21
1661;32;2021;15347.0;6007.0;6588.0;2019.0;733.0;79;50;29;3693;2082;1611;3791;2191;1600;-98;-109;11
1662;32;2022;15845.0;6205.0;6800.0;2079.0;760.0;81;51;30;3689;2080;1609;3837;2222;1615;-148;-142;-6
1663;32;2023;15913.0;6232.0;6827.0;2087.0;767.0;79;50;29;3682;2078;1604;3824;2215;1609;-142;-137;-5
1664;32;2024;15736.0;6163.0;6744.0;2058.0;771.0;78;49;29;3676;2077;1599;3806;2212;1595;-130;-135;4
1665;32;2025;15682.0;6136.0;6718.0;2054.0;773.0;76;48;28;3670;2075;1595;3774;2191;1583;-104;-116;12
1666;32;2026;15668.0;6144.0;6728.0;2016.0;780.0;75;47;28;3668;2074;1594;3771;2191;1580;-103;-117;14
1667;32;2027;15353.0;6022.0;6592.0;1971.0;768.0;73;46;27;3663;2071;1592;3726;2167;1559;-63;-96;33
1668;32;2028;15258.0;5987.0;6552.0;1950.0;768.0;72;45;26;3657;2069;1588;3717;2169;1548;-60;-100;40
1669;32;2029;15491.0;6080.0;6653.0;1975.0;784.0;71;45;27;3651;2065;1586;3709;2160;1549;-58;-95;37
1670;32;2030;15850.0;6222.0;6809.0;2015.0;805.0;72;45;27;3649;2064;1585;3722;2172;1550;-73;-108;35
1671;32;2031;15941.0;6254.0;6853.0;2022.0;810.0;72;45;27;3651;2067;1584;3719;2172;1547;-68;-105;37
1672;32;2032;16319.0;6405.0;7017.0;2067.0;830.0;72;45;27;3647;2065;1582;3736;2181;1555;-89;-116;27
1673;32;2033;16086.0;6314.0;6915.0;2038.0;819.0;70;44;26;3650;2067;1583;3708;2168;1540;-58;-101;43
1674;32;2034;15954.0;6262.0;6858.0;2022.0;812.0;69;43;26;3654;2068;1586;3697;2163;1533;-43;-95;53
1675;32;2035;15889.0;6236.0;6831.0;2013.0;809.0;67;42;25;3658;2071;1587;3689;2161;1528;-31;-90;59
1676;32;2036;15506.0;6086.0;6667.0;1964.0;789.0;65;40;24;3665;2075;1590;3657;2142;1515;8;-67;75
1677;32;2037;15098.0;5926.0;6491.0;1913.0;768.0;62;39;23;3668;2078;1590;3628;2128;1500;40;-50;90
1678;32;2038;14943.0;5865.0;6424.0;1893.0;761.0;61;38;23;3677;2082;1595;3619;2124;1495;58;-42;100
1679;32;2039;14791.0;5805.0;6359.0;1874.0;753.0;59;37;22;3683;2086;1597;3605;2115;1490;78;-29;107
1680;32;2040;14937.0;5863.0;6422.0;1892.0;760.0;59;37;22;3685;2087;1598;3624;2130;1494;61;-43;104
1681;32;2041;15021.0;5896.0;6458.0;1903.0;765.0;59;36;22;3687;2087;1600;3627;2131;1495;60;-44;105
1682;32;2042;14870.0;5836.0;6393.0;1884.0;757.0;57;36;22;3693;2092;1601;3619;2129;1491;74;-37;110
1683;32;2043;14790.0;5805.0;6358.0;1874.0;753.0;56;35;21;3695;2092;1603;3614;2126;1488;81;-34;115
1684;32;2044;14755.0;5791.0;6344.0;1869.0;751.0;55;34;21;3695;2091;1604;3613;2125;1487;82;-34;117
1685;32;2045;14772.0;5798.0;6351.0;1872.0;752.0;55;34;21;3699;2095;1604;3614;2127;1487;85;-32;117
1686;32;2046;14806.0;5811.0;6365.0;1876.0;754.0;54;34;20;3699;2093;1606;3617;2129;1488;82;-36;118
1687;32;2047;14856.0;5831.0;6387.0;1882.0;756.0;54;33;20;3701;2095;1606;3622;2132;1489;79;-37;117
1688;32;2048;14917.0;5855.0;6413.0;1890.0;759.0;53;33;20;3705;2096;1609;3627;2135;1492;78;-39;117
1689;32;2049;14998.0;5887.0;6448.0;1900.0;763.0;53;33;20;3707;2096;1611;3633;2139;1494;74;-43;117
1690;32;2050;15090.0;5923.0;6487.0;1912.0;768.0;52;33;20;3709;2098;1611;3641;2144;1497;68;-46;114
1691;32;2051;15176.0;5956.0;6524.0;1923.0;772.0;52;32;20;3711;2099;1612;3648;2148;1500;63;-49;112
1692;32;2052;15261.0;5990.0;6561.0;1934.0;777.0;52;32;20;3710;2099;1611;3654;2152;1502;56;-53;109
1693;32;2053;15328.0;6016.0;6590.0;1942.0;780.0;51;32;19;3711;2100;1611;3660;2155;1504;51;-55;107
1694;32;2054;15398.0;6044.0;6620.0;1951.0;784.0;51;31;19;3712;2099;1613;3667;2160;1507;45;-61;106
1695;32;2055;15456.0;6066.0;6645.0;1958.0;787.0;50;31;19;3711;2099;1612;3671;2163;1509;40;-64;103
1696;32;2056;15500.0;6083.0;6664.0;1964.0;789.0;50;31;19;3713;2100;1613;3675;2165;1510;38;-65;103
1697;32;2057;15536.0;6098.0;6679.0;1968.0;791.0;49;31;19;3715;2102;1613;3679;2167;1512;36;-65;101
1698;32;2058;15560.0;6107.0;6690.0;1971.0;792.0;49;30;19;3715;2103;1612;3681;2169;1512;34;-66;100
1699;32;2059;15583.0;6116.0;6699.0;1974.0;793.0;48;30;18;3715;2103;1612;3683;2170;1513;32;-67;99
1700;33;2010;13117.0;4596.0;5762.0;2133.0;627.0;91;57;35;3424;1932;1492;2946;1679;1266;478;253;226
1701;33;2011;13240.0;4660.0;5820.0;2095.0;665.0;91;57;34;3484;1962;1522;3028;1735;1293;456;227;229
1702;33;2012;13115.0;4557.0;5822.0;2073.0;663.0;90;56;34;3486;1958;1528;3066;1782;1284;420;176;244
1703;33;2013;13422.0;4574.0;5997.0;2166.0;686.0;91;57;34;3424;1917;1507;3199;1856;1342;225;61;165
1704;33;2014;13184.0;4453.0;5936.0;2108.0;688.0;89;55;33;3383;1891;1492;3262;1902;1359;121;-11;133
1705;33;2015;12809.0;4329.0;5759.0;2042.0;678.0;85;53;32;3365;1885;1480;3355;1968;1387;10;-83;93
1706;33;2016;12678.0;4273.0;5734.0;1990.0;681.0;84;52;31;3364;1884;1480;3397;1991;1406;-33;-107;74
1707;33;2017;13037.0;4374.0;5900.0;2056.0;707.0;85;53;32;3367;1889;1478;3469;2030;1439;-102;-141;39
1708;33;2018;13379.0;4495.0;6067.0;2090.0;726.0;85;53;32;3377;1897;1480;3472;2022;1450;-95;-125;30
1709;33;2019;13807.0;4659.0;6258.0;2135.0;755.0;85;53;32;3391;1907;1484;3502;2035;1466;-111;-128;18
1710;33;2020;13851.0;4690.0;6268.0;2130.0;763.0;85;53;32;3397;1914;1483;3511;2041;1471;-114;-127;12
1711;33;2021;13893.0;4705.0;6290.0;2129.0;768.0;83;52;31;3401;1917;1484;3530;2049;1481;-129;-132;3
1712;33;2022;14052.0;4733.0;6374.0;2161.0;784.0;83;52;31;3401;1920;1481;3543;2054;1489;-142;-134;-8
1713;33;2023;14509.0;4892.0;6578.0;2228.0;811.0;85;53;32;3399;1920;1479;3585;2084;1502;-186;-164;-23
1714;33;2024;14573.0;4917.0;6603.0;2236.0;817.0;84;52;32;3392;1916;1476;3571;2076;1495;-179;-160;-19
1715;33;2025;14411.0;4862.0;6522.0;2205.0;822.0;82;51;31;3385;1912;1473;3555;2073;1482;-170;-161;-9
1716;33;2026;14362.0;4842.0;6497.0;2200.0;823.0;80;50;30;3382;1911;1471;3525;2055;1471;-143;-144;1
1717;33;2027;14353.0;4847.0;6508.0;2168.0;829.0;79;49;30;3377;1908;1469;3520;2053;1467;-143;-145;2
1718;33;2028;14068.0;4753.0;6377.0;2121.0;817.0;77;48;29;3374;1907;1467;3479;2031;1447;-105;-124;20
1719;33;2029;13982.0;4726.0;6339.0;2101.0;816.0;76;47;29;3372;1906;1466;3469;2032;1437;-97;-126;29
1720;33;2030;14196.0;4799.0;6436.0;2128.0;833.0;75;46;29;3371;1905;1466;3465;2026;1439;-94;-121;27
1721;33;2031;14525.0;4911.0;6587.0;2173.0;855.0;76;47;29;3370;1904;1466;3479;2038;1440;-109;-134;26
1722;33;2032;14608.0;4936.0;6629.0;2182.0;861.0;76;47;29;3370;1905;1465;3477;2039;1438;-107;-134;27
1723;33;2033;14953.0;5055.0;6787.0;2230.0;882.0;76;47;29;3372;1906;1466;3495;2050;1445;-123;-144;21
1724;33;2034;14742.0;4984.0;6690.0;2200.0;869.0;74;46;28;3376;1908;1468;3471;2038;1433;-95;-130;35
1725;33;2035;14623.0;4943.0;6635.0;2182.0;862.0;73;45;28;3378;1908;1470;3461;2035;1426;-83;-127;44
1726;33;2036;14564.0;4923.0;6609.0;2173.0;859.0;71;44;27;3383;1910;1473;3455;2032;1422;-72;-122;51
1727;33;2037;14215.0;4805.0;6451.0;2120.0;838.0;68;42;26;3390;1916;1474;3426;2015;1410;-36;-99;64
1728;33;2038;13844.0;4680.0;6283.0;2065.0;816.0;66;41;25;3394;1916;1478;3399;2003;1396;-5;-87;82
1729;33;2039;13703.0;4632.0;6218.0;2044.0;808.0;64;40;25;3404;1922;1482;3389;1998;1391;15;-76;91
1730;33;2040;13564.0;4585.0;6155.0;2023.0;800.0;63;38;24;3408;1925;1483;3377;1989;1387;32;-64;96
1731;33;2041;13698.0;4630.0;6216.0;2043.0;808.0;63;39;24;3409;1925;1484;3395;2004;1391;14;-79;93
1732;33;2042;13775.0;4657.0;6251.0;2055.0;812.0;62;38;24;3414;1927;1487;3398;2005;1393;16;-78;94
1733;33;2043;13637.0;4610.0;6189.0;2034.0;804.0;61;37;23;3419;1930;1489;3390;2002;1388;29;-72;101
1734;33;2044;13564.0;4585.0;6156.0;2023.0;800.0;59;37;23;3415;1927;1488;3385;2000;1386;30;-73;102
1735;33;2045;13533.0;4575.0;6142.0;2019.0;798.0;59;36;23;3421;1930;1491;3383;1999;1384;38;-69;107
1736;33;2046;13549.0;4580.0;6149.0;2021.0;799.0;58;36;22;3424;1931;1493;3385;2000;1385;40;-69;108
1737;33;2047;13580.0;4591.0;6163.0;2026.0;801.0;57;35;22;3427;1932;1495;3388;2002;1386;39;-70;109
1738;33;2048;13626.0;4606.0;6184.0;2033.0;803.0;57;35;22;3428;1933;1495;3391;2004;1387;37;-71;108
1739;33;2049;13682.0;4625.0;6209.0;2041.0;807.0;56;34;22;3429;1933;1496;3395;2007;1388;34;-74;108
1740;33;2050;13756.0;4650.0;6243.0;2052.0;811.0;56;34;22;3431;1934;1497;3401;2010;1391;30;-76;106
1741;33;2051;13839.0;4678.0;6280.0;2064.0;816.0;55;34;21;3431;1935;1496;3407;2014;1393;24;-79;103
1742;33;2052;13918.0;4705.0;6316.0;2076.0;821.0;55;34;21;3433;1935;1498;3413;2018;1395;20;-83;103
1743;33;2053;13996.0;4731.0;6352.0;2088.0;825.0;55;33;21;3434;1936;1498;3419;2021;1398;15;-85;100
1744;33;2054;14057.0;4752.0;6379.0;2097.0;829.0;54;33;21;3437;1939;1498;3425;2025;1400;12;-86;98
1745;33;2055;14121.0;4773.0;6408.0;2106.0;833.0;54;33;21;3438;1939;1499;3430;2028;1402;8;-89;97
1746;33;2056;14174.0;4791.0;6432.0;2114.0;836.0;53;33;21;3439;1940;1499;3434;2030;1404;5;-90;95
1747;33;2057;14214.0;4805.0;6450.0;2120.0;838.0;53;32;20;3438;1940;1498;3437;2033;1405;1;-93;93
1748;33;2058;14247.0;4816.0;6465.0;2125.0;840.0;52;32;20;3439;1939;1500;3441;2035;1406;-2;-96;94
1749;33;2059;14269.0;4824.0;6475.0;2129.0;841.0;52;32;20;3440;1940;1500;3442;2036;1407;-2;-96;93
1750;34;2010;11820.0;3781.0;5166.0;2168.0;706.0;99;61;38;3199;1819;1380;2730;1596;1134;469;223;246
1751;34;2011;11660.0;3641.0;5117.0;2192.0;710.0;96;59;37;3253;1845;1408;2784;1634;1150;469;211;258
1752;34;2012;11678.0;3580.0;5180.0;2175.0;742.0;97;59;37;3254;1838;1416;2861;1686;1176;393;152;240
1753;34;2013;11585.0;3537.0;5130.0;2164.0;754.0;95;58;36;3201;1801;1400;2919;1739;1181;282;62;219
1754;34;2014;11810.0;3514.0;5301.0;2217.0;779.0;96;59;37;3159;1774;1385;3052;1817;1236;107;-43;149
1755;34;2015;11607.0;3424.0;5239.0;2167.0;778.0;94;58;36;3141;1765;1376;3102;1853;1249;39;-88;127
1756;34;2016;11279.0;3330.0;5079.0;2106.0;764.0;90;56;35;3143;1771;1372;3172;1902;1271;-29;-131;101
1757;34;2017;11148.0;3270.0;5056.0;2057.0;766.0;88;55;34;3146;1774;1372;3199;1915;1284;-53;-141;88
1758;34;2018;11478.0;3355.0;5202.0;2126.0;795.0;89;55;34;3154;1780;1374;3262;1950;1312;-108;-170;62
1759;34;2019;11776.0;3445.0;5359.0;2157.0;815.0;89;55;34;3164;1788;1376;3262;1941;1321;-98;-153;55
1760;34;2020;12148.0;3572.0;5524.0;2208.0;844.0;90;55;35;3174;1795;1379;3286;1951;1335;-112;-156;44
1761;34;2021;12185.0;3599.0;5529.0;2206.0;852.0;90;55;34;3179;1801;1378;3291;1954;1337;-112;-153;41
1762;34;2022;12200.0;3590.0;5547.0;2207.0;857.0;88;54;34;3175;1800;1375;3304;1959;1345;-129;-159;30
1763;34;2023;12357.0;3623.0;5621.0;2241.0;873.0;88;54;34;3170;1798;1372;3314;1963;1352;-144;-165;20
1764;34;2024;12758.0;3745.0;5800.0;2311.0;901.0;90;55;35;3169;1798;1371;3354;1991;1363;-185;-193;8
1765;34;2025;12813.0;3766.0;5821.0;2319.0;907.0;89;54;34;3166;1798;1368;3340;1983;1357;-174;-185;11
1766;34;2026;12671.0;3723.0;5750.0;2287.0;911.0;87;53;33;3163;1796;1367;3325;1980;1345;-162;-184;22
1767;34;2027;12628.0;3706.0;5728.0;2282.0;912.0;85;52;33;3159;1793;1366;3297;1962;1335;-138;-169;31
1768;34;2028;12625.0;3712.0;5738.0;2257.0;917.0;84;52;33;3153;1790;1363;3292;1960;1332;-139;-170;31
1769;34;2029;12377.0;3640.0;5624.0;2210.0;903.0;81;50;32;3151;1788;1363;3254;1939;1315;-103;-151;48
1770;34;2030;12302.0;3620.0;5591.0;2189.0;901.0;80;49;31;3153;1789;1364;3246;1940;1307;-93;-151;57
1771;34;2031;12490.0;3675.0;5676.0;2219.0;919.0;79;48;31;3153;1791;1362;3243;1934;1309;-90;-143;53
1772;34;2032;12779.0;3761.0;5809.0;2267.0;943.0;81;49;31;3149;1787;1362;3259;1948;1311;-110;-161;51
1773;34;2033;12854.0;3781.0;5846.0;2278.0;949.0;80;49;31;3153;1788;1365;3260;1949;1310;-107;-161;55
1774;34;2034;13156.0;3871.0;5984.0;2328.0;972.0;81;49;32;3156;1790;1366;3278;1961;1317;-122;-171;49
1775;34;2035;12972.0;3817.0;5900.0;2296.0;959.0;79;48;31;3161;1793;1368;3259;1951;1308;-98;-158;60
1776;34;2036;12868.0;3786.0;5852.0;2278.0;951.0;77;47;30;3170;1800;1370;3250;1948;1303;-80;-148;67
1777;34;2037;12817.0;3772.0;5829.0;2269.0;947.0;76;46;30;3175;1801;1374;3246;1946;1300;-71;-145;74
1778;34;2038;12511.0;3682.0;5691.0;2214.0;925.0;73;44;29;3179;1803;1376;3219;1929;1289;-40;-126;87
1779;34;2039;12187.0;3586.0;5543.0;2157.0;901.0;70;42;27;3184;1805;1379;3194;1916;1277;-10;-111;102
1780;34;2040;12064.0;3550.0;5487.0;2135.0;892.0;68;41;27;3190;1809;1381;3186;1912;1273;4;-103;108
1781;34;2041;11943.0;3514.0;5432.0;2114.0;883.0;66;40;26;3194;1810;1384;3173;1903;1270;21;-93;114
1782;34;2042;12060.0;3549.0;5485.0;2135.0;891.0;67;40;26;3198;1814;1384;3191;1917;1274;7;-103;110
1783;34;2043;12128.0;3569.0;5516.0;2147.0;896.0;66;40;26;3197;1812;1385;3194;1918;1276;3;-106;109
1784;34;2044;12008.0;3533.0;5461.0;2125.0;887.0;64;39;25;3199;1814;1385;3187;1915;1272;12;-101;113
1785;34;2045;11944.0;3515.0;5432.0;2114.0;883.0;63;38;25;3203;1815;1388;3182;1912;1270;21;-97;118
1786;34;2046;11917.0;3507.0;5420.0;2109.0;881.0;62;38;25;3203;1816;1387;3179;1910;1269;24;-94;118
1787;34;2047;11930.0;3511.0;5426.0;2112.0;882.0;61;37;24;3206;1818;1388;3181;1911;1270;25;-93;118
1788;34;2048;11958.0;3519.0;5439.0;2117.0;884.0;61;37;24;3208;1819;1389;3183;1913;1270;25;-94;119
1789;34;2049;11998.0;3531.0;5457.0;2124.0;887.0;60;36;24;3212;1822;1390;3187;1915;1272;25;-93;118
1790;34;2050;12047.0;3545.0;5480.0;2132.0;890.0;60;36;24;3214;1822;1392;3190;1917;1273;24;-95;119
1791;34;2051;12113.0;3564.0;5509.0;2144.0;895.0;59;36;23;3215;1822;1393;3196;1921;1275;19;-99;118
1792;34;2052;12186.0;3586.0;5542.0;2157.0;901.0;59;36;23;3216;1822;1394;3202;1924;1278;14;-102;116
1793;34;2053;12255.0;3606.0;5574.0;2169.0;906.0;58;35;23;3218;1824;1394;3207;1927;1280;11;-103;114
1794;34;2054;12323.0;3626.0;5605.0;2181.0;911.0;58;35;23;3216;1823;1393;3213;1931;1282;3;-108;111
1795;34;2055;12376.0;3642.0;5629.0;2191.0;915.0;58;35;23;3218;1824;1394;3218;1934;1284;0;-110;110
1796;34;2056;12433.0;3658.0;5655.0;2201.0;919.0;57;35;23;3219;1824;1395;3223;1937;1287;-4;-113;108
1797;34;2057;12479.0;3672.0;5676.0;2209.0;922.0;57;34;22;3219;1824;1395;3227;1939;1288;-8;-115;107
1798;34;2058;12514.0;3682.0;5692.0;2215.0;925.0;56;34;22;3221;1824;1397;3229;1940;1289;-8;-116;108
1799;34;2059;12543.0;3691.0;5705.0;2220.0;927.0;55;33;22;3221;1825;1396;3232;1941;1291;-11;-116;105
1800;35;2010;10277.0;2968.0;4406.0;2141.0;761.0;108;65;43;2986;1705;1281;2603;1541;1062;383;164;219
1801;35;2011;10110.0;2910.0;4349.0;2126.0;724.0;105;64;42;3044;1737;1307;2573;1531;1043;471;206;264
1802;35;2012;9839.0;2693.0;4281.0;2112.0;752.0;103;62;41;3050;1733;1317;2625;1567;1059;425;166;258
1803;35;2013;9931.0;2692.0;4356.0;2111.0;772.0;103;62;41;2992;1694;1298;2717;1626;1091;275;68;207
1804;35;2014;9855.0;2669.0;4314.0;2087.0;785.0;101;61;40;2945;1661;1284;2780;1681;1099;165;-20;185
1805;35;2015;10031.0;2654.0;4427.0;2149.0;801.0;102;62;40;2929;1654;1275;2897;1751;1146;32;-97;129
1806;35;2016;9850.0;2572.0;4381.0;2092.0;806.0;99;60;39;2926;1654;1272;2931;1775;1156;-5;-121;116
1807;35;2017;9558.0;2490.0;4240.0;2035.0;793.0;96;58;38;2932;1660;1272;2980;1808;1172;-48;-148;100
1808;35;2018;9467.0;2459.0;4224.0;1991.0;792.0;94;57;37;2941;1669;1272;3002;1819;1183;-61;-150;89
1809;35;2019;9753.0;2523.0;4351.0;2058.0;821.0;95;57;37;2952;1676;1276;3059;1852;1207;-107;-176;69
1810;35;2020;10002.0;2588.0;4485.0;2090.0;840.0;95;57;38;2961;1684;1277;3060;1846;1214;-99;-162;63
1811;35;2021;10304.0;2674.0;4621.0;2139.0;870.0;96;58;38;2963;1689;1274;3079;1855;1224;-116;-166;50
1812;35;2022;10320.0;2682.0;4622.0;2140.0;876.0;95;58;38;2967;1692;1275;3082;1859;1224;-115;-167;51
1813;35;2023;10339.0;2681.0;4636.0;2143.0;880.0;94;57;37;2963;1690;1273;3095;1865;1231;-132;-175;42
1814;35;2024;10480.0;2711.0;4697.0;2176.0;895.0;94;56;37;2963;1691;1272;3104;1869;1235;-141;-178;37
1815;35;2025;10815.0;2801.0;4847.0;2243.0;924.0;96;58;38;2962;1693;1269;3142;1897;1245;-180;-204;24
1816;35;2026;10859.0;2815.0;4864.0;2250.0;929.0;94;57;37;2957;1689;1268;3131;1891;1240;-174;-202;28
1817;35;2027;10738.0;2782.0;4805.0;2219.0;933.0;92;56;37;2952;1686;1266;3117;1888;1229;-165;-202;37
1818;35;2028;10705.0;2771.0;4787.0;2215.0;933.0;90;54;36;2952;1686;1266;3092;1872;1220;-140;-186;46
1819;35;2029;10707.0;2776.0;4796.0;2198.0;938.0;89;54;36;2950;1685;1265;3089;1872;1217;-139;-187;48
1820;35;2030;10498.0;2722.0;4701.0;2152.0;922.0;86;52;35;2950;1685;1265;3056;1853;1203;-106;-168;62
1821;35;2031;10435.0;2707.0;4674.0;2133.0;921.0;85;51;34;2949;1685;1264;3050;1854;1196;-101;-169;68
1822;35;2032;10595.0;2748.0;4744.0;2164.0;939.0;85;51;34;2949;1684;1265;3049;1851;1198;-100;-167;67
1823;35;2033;10841.0;2812.0;4855.0;2211.0;962.0;86;51;34;2955;1688;1267;3067;1865;1201;-112;-177;66
1824;35;2034;10905.0;2827.0;4886.0;2223.0;969.0;85;51;34;2957;1689;1268;3071;1870;1201;-114;-181;67
1825;35;2035;11160.0;2895.0;5001.0;2272.0;992.0;86;51;35;2963;1692;1271;3093;1884;1209;-130;-192;62
1826;35;2036;11005.0;2854.0;4931.0;2241.0;978.0;84;50;34;2969;1695;1274;3076;1875;1200;-107;-180;74
1827;35;2037;10917.0;2832.0;4892.0;2223.0;971.0;82;49;33;2974;1698;1276;3071;1874;1197;-97;-176;79
1828;35;2038;10875.0;2821.0;4873.0;2214.0;967.0;80;48;32;2977;1700;1277;3069;1874;1195;-92;-174;82
1829;35;2039;10617.0;2754.0;4758.0;2161.0;944.0;77;46;31;2987;1704;1283;3044;1858;1186;-57;-154;97
1830;35;2040;10344.0;2683.0;4635.0;2106.0;920.0;74;44;30;2993;1708;1285;3021;1846;1175;-28;-138;110
1831;35;2041;10240.0;2656.0;4589.0;2085.0;910.0;73;44;29;2993;1708;1285;3014;1842;1172;-21;-134;113
1832;35;2042;10138.0;2629.0;4543.0;2064.0;901.0;71;42;29;2998;1710;1288;3004;1835;1169;-6;-125;119
1833;35;2043;10237.0;2655.0;4587.0;2084.0;910.0;71;42;29;3001;1713;1288;3022;1849;1172;-21;-136;116
1834;35;2044;10294.0;2670.0;4613.0;2096.0;915.0;70;42;28;3002;1713;1289;3025;1850;1175;-23;-137;114
1835;35;2045;10193.0;2644.0;4568.0;2075.0;906.0;68;41;28;3002;1713;1289;3021;1848;1172;-19;-135;117
1836;35;2046;10139.0;2630.0;4544.0;2064.0;901.0;67;40;27;3005;1714;1291;3016;1846;1170;-11;-132;121
1837;35;2047;10116.0;2624.0;4533.0;2059.0;899.0;66;39;27;3008;1716;1292;3015;1845;1170;-7;-129;122
1838;35;2048;10128.0;2627.0;4539.0;2062.0;900.0;65;39;26;3010;1717;1293;3016;1846;1170;-6;-129;123
1839;35;2049;10151.0;2633.0;4549.0;2067.0;903.0;65;39;26;3011;1717;1294;3019;1849;1171;-8;-132;123
1840;35;2050;10185.0;2642.0;4564.0;2074.0;906.0;64;38;26;3013;1720;1293;3023;1851;1172;-10;-131;121
1841;35;2051;10227.0;2653.0;4583.0;2082.0;909.0;64;38;26;3015;1721;1294;3028;1854;1174;-13;-133;120
1842;35;2052;10282.0;2667.0;4608.0;2093.0;914.0;63;38;26;3019;1722;1297;3034;1858;1176;-15;-136;121
1843;35;2053;10344.0;2683.0;4635.0;2106.0;920.0;63;37;25;3020;1722;1298;3040;1862;1178;-20;-140;120
1844;35;2054;10403.0;2698.0;4662.0;2118.0;925.0;62;37;25;3021;1723;1298;3045;1866;1179;-24;-143;119
1845;35;2055;10460.0;2713.0;4688.0;2129.0;930.0;62;37;25;3020;1722;1298;3052;1870;1182;-32;-148;116
1846;35;2056;10505.0;2725.0;4708.0;2139.0;934.0;61;37;25;3024;1725;1299;3056;1873;1183;-32;-148;116
1847;35;2057;10553.0;2737.0;4729.0;2148.0;938.0;61;36;25;3023;1725;1298;3062;1877;1185;-39;-152;113
1848;35;2058;10592.0;2747.0;4747.0;2156.0;942.0;60;36;24;3024;1726;1298;3066;1879;1187;-42;-153;111
1849;35;2059;10622.0;2755.0;4760.0;2162.0;944.0;60;35;24;3025;1726;1299;3070;1882;1189;-45;-156;110
1850;36;2010;8772.0;2290.0;3701.0;2031.0;750.0;123;73;50;2736;1555;1181;2431;1422;1009;305;133;172
1851;36;2011;8344.0;2175.0;3514.0;1904.0;751.0;116;69;47;2789;1583;1206;2414;1430;984;375;153;222
1852;36;2012;8199.0;2073.0;3500.0;1903.0;724.0;113;68;46;2798;1580;1218;2394;1426;969;404;154;249
1853;36;2013;8013.0;1975.0;3420.0;1867.0;750.0;110;66;45;2741;1541;1200;2460;1467;992;281;74;208
1854;36;2014;8113.0;1985.0;3494.0;1873.0;762.0;110;66;45;2700;1512;1188;2551;1527;1025;149;-15;163
1855;36;2015;8002.0;1955.0;3420.0;1849.0;778.0;108;65;44;2680;1503;1177;2605;1574;1031;75;-71;146
1856;36;2016;8153.0;1949.0;3513.0;1897.0;793.0;110;66;44;2681;1505;1176;2700;1627;1073;-19;-122;103
1857;36;2017;8020.0;1891.0;3485.0;1846.0;798.0;107;64;43;2683;1508;1175;2720;1642;1079;-37;-134;96
1858;36;2018;7788.0;1842.0;3364.0;1798.0;784.0;103;62;41;2695;1516;1179;2764;1671;1093;-69;-155;86
1859;36;2019;7717.0;1823.0;3351.0;1761.0;781.0;101;60;41;2703;1525;1178;2783;1681;1102;-80;-156;76
1860;36;2020;7950.0;1866.0;3454.0;1820.0;810.0;102;61;41;2714;1534;1180;2833;1710;1123;-119;-176;57
1861;36;2021;8137.0;1894.0;3566.0;1849.0;828.0;102;61;41;2720;1538;1182;2831;1705;1126;-111;-167;56
1862;36;2022;8374.0;1951.0;3672.0;1893.0;857.0;103;61;42;2719;1539;1180;2849;1714;1135;-130;-175;45
1863;36;2023;8390.0;1964.0;3670.0;1895.0;862.0;103;61;41;2718;1538;1180;2853;1718;1135;-135;-180;45
1864;36;2024;8406.0;1963.0;3679.0;1899.0;865.0;101;60;41;2715;1537;1178;2863;1724;1139;-148;-187;39
1865;36;2025;8522.0;1987.0;3728.0;1928.0;879.0;101;60;41;2714;1537;1177;2874;1730;1144;-160;-193;33
1866;36;2026;8789.0;2049.0;3847.0;1986.0;907.0;103;61;42;2712;1537;1175;2908;1756;1153;-196;-219;22
1867;36;2027;8824.0;2060.0;3860.0;1993.0;911.0;102;60;41;2712;1537;1175;2900;1752;1148;-188;-215;27
1868;36;2028;8729.0;2036.0;3813.0;1966.0;914.0;99;59;40;2706;1533;1173;2888;1749;1139;-182;-216;34
1869;36;2029;8704.0;2028.0;3800.0;1962.0;913.0;97;58;40;2706;1533;1173;2868;1737;1131;-162;-204;42
1870;36;2030;8708.0;2032.0;3807.0;1951.0;918.0;96;57;39;2706;1532;1174;2867;1739;1129;-161;-207;45
1871;36;2031;8539.0;1993.0;3732.0;1912.0;903.0;93;55;38;2708;1534;1174;2839;1723;1116;-131;-189;58
1872;36;2032;8489.0;1982.0;3711.0;1896.0;901.0;92;55;37;2706;1531;1175;2836;1725;1111;-130;-194;64
1873;36;2033;8620.0;2012.0;3767.0;1923.0;918.0;91;54;37;2710;1535;1175;2838;1724;1114;-128;-189;61
1874;36;2034;8820.0;2059.0;3855.0;1966.0;941.0;93;55;38;2714;1536;1178;2859;1741;1118;-145;-205;60
1875;36;2035;8873.0;2070.0;3879.0;1978.0;947.0;92;54;38;2724;1543;1181;2867;1747;1119;-143;-204;62
1876;36;2036;9079.0;2119.0;3970.0;2020.0;970.0;93;54;38;2728;1542;1186;2890;1762;1128;-162;-220;58
1877;36;2037;8954.0;2090.0;3915.0;1993.0;957.0;90;53;37;2735;1546;1189;2878;1757;1121;-143;-211;68
1878;36;2038;8884.0;2073.0;3884.0;1977.0;949.0;88;52;36;2739;1549;1190;2875;1757;1118;-136;-208;72
1879;36;2039;8849.0;2065.0;3869.0;1970.0;945.0;87;51;36;2743;1551;1192;2873;1757;1116;-130;-206;76
1880;36;2040;8641.0;2017.0;3778.0;1923.0;923.0;83;49;34;2747;1554;1193;2852;1744;1109;-105;-190;84
1881;36;2041;8420.0;1965.0;3681.0;1874.0;899.0;80;47;33;2752;1557;1195;2832;1734;1098;-80;-177;97
1882;36;2042;8335.0;1945.0;3644.0;1855.0;891.0;79;46;32;2755;1558;1197;2827;1731;1096;-72;-173;101
1883;36;2043;8253.0;1926.0;3608.0;1837.0;882.0;76;45;32;2760;1559;1201;2817;1725;1093;-57;-166;108
1884;36;2044;8333.0;1945.0;3644.0;1855.0;890.0;76;45;31;2763;1562;1201;2837;1740;1097;-74;-178;104
1885;36;2045;8380.0;1956.0;3664.0;1865.0;895.0;76;44;31;2763;1562;1201;2839;1741;1099;-76;-179;102
1886;36;2046;8298.0;1936.0;3628.0;1847.0;886.0;74;43;30;2764;1562;1202;2836;1740;1096;-72;-178;106
1887;36;2047;8254.0;1926.0;3609.0;1837.0;882.0;73;43;30;2766;1564;1202;2834;1738;1095;-68;-174;107
1888;36;2048;8236.0;1922.0;3601.0;1833.0;880.0;72;42;29;2768;1565;1203;2832;1738;1094;-64;-173;109
1889;36;2049;8245.0;1924.0;3605.0;1835.0;881.0;71;42;29;2769;1565;1204;2835;1740;1095;-66;-175;109
1890;36;2050;8264.0;1929.0;3613.0;1839.0;883.0;70;41;29;2772;1567;1205;2838;1743;1096;-66;-176;109
1891;36;2051;8292.0;1935.0;3626.0;1845.0;886.0;69;41;29;2774;1569;1205;2843;1746;1097;-69;-177;108
1892;36;2052;8326.0;1943.0;3640.0;1853.0;889.0;69;40;28;2776;1570;1206;2848;1750;1098;-72;-180;108
1893;36;2053;8371.0;1954.0;3660.0;1863.0;894.0;68;40;28;2776;1570;1206;2854;1754;1101;-78;-184;105
1894;36;2054;8421.0;1965.0;3682.0;1874.0;900.0;68;40;28;2780;1572;1208;2861;1759;1103;-81;-187;105
1895;36;2055;8469.0;1976.0;3703.0;1885.0;905.0;67;39;28;2783;1572;1211;2868;1763;1105;-85;-191;106
1896;36;2056;8515.0;1987.0;3723.0;1895.0;910.0;67;39;28;2782;1571;1211;2874;1767;1107;-92;-196;104
1897;36;2057;8552.0;1996.0;3739.0;1903.0;914.0;66;39;27;2783;1572;1211;2880;1771;1109;-97;-199;102
1898;36;2058;8590.0;2005.0;3756.0;1912.0;918.0;66;39;27;2784;1573;1211;2886;1775;1111;-102;-202;100
1899;36;2059;8622.0;2012.0;3770.0;1919.0;921.0;65;38;27;2785;1574;1211;2891;1779;1112;-106;-205;99
1900;37;2010;7065.0;1783.0;2931.0;1621.0;729.0;140;82;58;2554;1460;1094;2318;1389;929;236;71;165
1901;37;2011;6805.0;1572.0;2862.0;1647.0;724.0;133;78;55;2615;1490;1125;2308;1377;931;307;113;194
1902;37;2012;6540.0;1567.0;2716.0;1549.0;708.0;125;74;52;2620;1487;1133;2295;1385;910;325;102;223
1903;37;2013;6463.0;1536.0;2675.0;1538.0;714.0;122;72;50;2563;1450;1113;2294;1390;904;269;60;209
1904;37;2014;6315.0;1491.0;2609.0;1489.0;727.0;119;70;49;2515;1418;1097;2362;1433;928;153;-15;169
1905;37;2015;6373.0;1470.0;2667.0;1505.0;732.0;119;70;49;2496;1407;1089;2441;1484;957;55;-77;133
1906;37;2016;6282.0;1455.0;2599.0;1477.0;751.0;117;69;48;2495;1409;1086;2477;1517;960;18;-108;126
1907;37;2017;6425.0;1481.0;2665.0;1515.0;763.0;119;70;49;2498;1413;1085;2555;1560;995;-57;-147;90
1908;37;2018;6338.0;1453.0;2644.0;1469.0;772.0;115;68;48;2511;1422;1089;2570;1571;999;-59;-149;90
1909;37;2019;6147.0;1412.0;2547.0;1433.0;755.0;111;66;46;2522;1431;1091;2606;1595;1011;-84;-164;80
1910;37;2020;6093.0;1398.0;2538.0;1406.0;752.0;109;64;45;2532;1439;1093;2623;1604;1019;-91;-165;74
1911;37;2021;6258.0;1406.0;2620.0;1453.0;779.0;110;65;45;2537;1446;1091;2664;1628;1035;-127;-182;56
1912;37;2022;6420.0;1440.0;2709.0;1476.0;796.0;110;65;45;2539;1448;1091;2660;1622;1038;-121;-174;53
1913;37;2023;6605.0;1484.0;2787.0;1512.0;823.0;112;66;46;2539;1447;1092;2675;1629;1046;-136;-182;46
1914;37;2024;6612.0;1490.0;2781.0;1514.0;826.0;111;66;45;2539;1448;1091;2678;1632;1046;-139;-184;45
1915;37;2025;6623.0;1489.0;2787.0;1518.0;829.0;109;64;45;2537;1448;1089;2688;1637;1051;-151;-189;38
1916;37;2026;6713.0;1506.0;2825.0;1540.0;842.0;109;64;45;2538;1450;1088;2695;1641;1055;-157;-191;33
1917;37;2027;6924.0;1555.0;2916.0;1586.0;867.0;111;66;46;2534;1447;1087;2730;1666;1064;-196;-219;23
1918;37;2028;6951.0;1562.0;2925.0;1592.0;871.0;110;65;46;2532;1445;1087;2722;1662;1060;-190;-217;27
1919;37;2029;6877.0;1544.0;2890.0;1571.0;873.0;108;63;44;2532;1443;1089;2711;1659;1052;-179;-216;37
1920;37;2030;6858.0;1538.0;2880.0;1568.0;872.0;105;62;44;2536;1447;1089;2693;1647;1046;-157;-200;43
1921;37;2031;6864.0;1541.0;2885.0;1562.0;876.0;104;61;43;2536;1446;1090;2693;1648;1045;-157;-202;45
1922;37;2032;6733.0;1511.0;2829.0;1531.0;862.0;101;59;42;2538;1448;1090;2666;1632;1034;-128;-184;56
1923;37;2033;6694.0;1503.0;2813.0;1519.0;859.0;100;58;41;2540;1449;1091;2664;1635;1029;-124;-186;62
1924;37;2034;6797.0;1525.0;2855.0;1541.0;876.0;99;58;41;2544;1452;1092;2670;1636;1034;-126;-184;58
1925;37;2035;6956.0;1561.0;2922.0;1576.0;897.0;100;58;42;2551;1455;1096;2691;1652;1039;-140;-197;57
1926;37;2036;6997.0;1569.0;2939.0;1586.0;903.0;100;58;41;2559;1459;1100;2701;1660;1041;-142;-201;59
1927;37;2037;7160.0;1606.0;3009.0;1620.0;924.0;100;58;42;2562;1460;1102;2725;1675;1050;-163;-215;52
1928;37;2038;7062.0;1584.0;2967.0;1598.0;912.0;98;57;41;2567;1464;1103;2714;1670;1045;-147;-206;58
1929;37;2039;7006.0;1572.0;2944.0;1586.0;905.0;96;56;40;2572;1467;1105;2711;1669;1042;-139;-202;63
1930;37;2040;6980.0;1566.0;2933.0;1580.0;901.0;94;55;39;2576;1469;1107;2710;1669;1041;-134;-200;66
1931;37;2041;6816.0;1529.0;2864.0;1542.0;880.0;90;52;38;2580;1471;1109;2690;1656;1034;-110;-185;75
1932;37;2042;6642.0;1490.0;2791.0;1503.0;858.0;87;51;36;2587;1474;1113;2672;1646;1026;-85;-172;87
1933;37;2043;6576.0;1475.0;2763.0;1488.0;849.0;85;49;36;2588;1475;1113;2666;1643;1023;-78;-168;90
1934;37;2044;6512.0;1461.0;2736.0;1474.0;841.0;83;48;35;2593;1478;1115;2658;1636;1021;-65;-158;94
1935;37;2045;6575.0;1475.0;2763.0;1488.0;849.0;83;48;35;2593;1478;1115;2675;1650;1025;-82;-172;90
1936;37;2046;6612.0;1483.0;2778.0;1496.0;854.0;82;48;34;2597;1480;1117;2678;1651;1027;-81;-171;90
1937;37;2047;6547.0;1469.0;2751.0;1482.0;845.0;80;47;34;2597;1480;1117;2677;1651;1026;-80;-171;91
1938;37;2048;6513.0;1461.0;2737.0;1474.0;841.0;79;46;33;2600;1482;1118;2674;1648;1025;-74;-166;93
1939;37;2049;6498.0;1458.0;2731.0;1471.0;839.0;77;45;32;2602;1483;1119;2673;1648;1024;-71;-165;95
1940;37;2050;6506.0;1460.0;2734.0;1472.0;840.0;77;44;32;2604;1484;1120;2674;1649;1025;-70;-165;95
1941;37;2051;6521.0;1463.0;2740.0;1476.0;842.0;76;44;32;2606;1485;1121;2678;1651;1027;-72;-166;94
1942;37;2052;6543.0;1468.0;2749.0;1481.0;845.0;75;44;32;2610;1487;1123;2683;1655;1028;-73;-168;95
1943;37;2053;6569.0;1474.0;2760.0;1487.0;848.0;74;43;31;2612;1488;1124;2687;1658;1030;-75;-170;94
1944;37;2054;6605.0;1482.0;2775.0;1495.0;853.0;74;43;31;2614;1490;1124;2693;1661;1032;-79;-171;92
1945;37;2055;6644.0;1491.0;2792.0;1504.0;858.0;73;43;31;2614;1491;1123;2700;1665;1035;-86;-174;88
1946;37;2056;6682.0;1499.0;2808.0;1512.0;863.0;73;42;31;2615;1491;1124;2707;1669;1037;-92;-178;87
1947;37;2057;6718.0;1507.0;2823.0;1521.0;868.0;72;42;30;2617;1493;1124;2713;1673;1040;-96;-180;84
1948;37;2058;6747.0;1514.0;2835.0;1527.0;871.0;72;42;30;2617;1492;1125;2717;1676;1041;-100;-184;84
1949;37;2059;6777.0;1520.0;2848.0;1534.0;875.0;71;41;30;2616;1491;1125;2723;1680;1043;-107;-189;82
1950;38;2010;5778.0;1428.0;2310.0;1356.0;684.0;166;96;70;2382;1349;1033;2279;1371;907;103;-22;126
1951;38;2011;5210.0;1206.0;2144.0;1218.0;642.0;151;88;64;2442;1380;1062;2188;1323;866;254;57;196
1952;38;2012;5057.0;1180.0;2059.0;1202.0;616.0;144;84;60;2452;1379;1073;2184;1314;870;268;65;203
1953;38;2013;4891.0;1179.0;1970.0;1155.0;588.0;136;79;57;2389;1338;1051;2188;1329;860;201;9;191
1954;38;2014;4867.0;1157.0;1941.0;1159.0;610.0;133;78;55;2348;1313;1035;2199;1341;858;149;-28;177
1955;38;2015;4702.0;1126.0;1862.0;1090.0;623.0;129;75;54;2329;1303;1026;2255;1376;879;74;-73;147
1956;38;2016;4786.0;1132.0;1921.0;1106.0;626.0;129;75;54;2324;1302;1022;2318;1413;904;6;-111;118
1957;38;2017;4704.0;1132.0;1851.0;1079.0;642.0;127;74;53;2330;1308;1022;2340;1433;907;-10;-125;115
1958;38;2018;4825.0;1166.0;1899.0;1110.0;649.0;129;75;54;2341;1316;1025;2410;1472;938;-69;-156;87
1959;38;2019;4769.0;1150.0;1886.0;1074.0;659.0;125;73;53;2356;1327;1029;2420;1478;942;-64;-151;87
1960;38;2020;4618.0;1116.0;1810.0;1047.0;645.0;121;70;50;2362;1332;1030;2450;1498;952;-88;-166;78
1961;38;2021;4563.0;1089.0;1804.0;1028.0;642.0;119;69;50;2371;1341;1030;2459;1503;956;-88;-162;74
1962;38;2022;4719.0;1125.0;1866.0;1063.0;665.0;120;70;50;2372;1342;1030;2496;1524;971;-124;-182;59
1963;38;2023;4840.0;1147.0;1933.0;1081.0;679.0;120;70;50;2372;1342;1030;2493;1519;974;-121;-177;56
1964;38;2024;4972.0;1178.0;1985.0;1107.0;702.0;121;70;51;2368;1340;1028;2506;1525;981;-138;-185;47
1965;38;2025;4970.0;1178.0;1978.0;1109.0;704.0;121;70;50;2369;1341;1028;2509;1528;981;-140;-187;47
1966;38;2026;4977.0;1179.0;1982.0;1111.0;706.0;119;69;50;2367;1341;1026;2516;1531;985;-149;-190;41
1967;38;2027;5050.0;1197.0;2010.0;1127.0;716.0;119;69;50;2370;1342;1028;2523;1534;989;-153;-192;39
1968;38;2028;5206.0;1233.0;2074.0;1161.0;738.0;121;70;51;2370;1343;1027;2555;1557;998;-185;-214;29
1969;38;2029;5225.0;1238.0;2081.0;1165.0;741.0;120;69;50;2372;1342;1030;2548;1553;995;-176;-211;35
1970;38;2030;5171.0;1223.0;2056.0;1150.0;743.0;117;68;49;2370;1341;1029;2539;1551;988;-169;-210;41
1971;38;2031;5157.0;1219.0;2049.0;1148.0;742.0;115;66;48;2371;1343;1028;2522;1539;983;-151;-196;45
1972;38;2032;5165.0;1221.0;2053.0;1146.0;745.0;113;66;48;2375;1347;1028;2523;1540;983;-148;-193;45
1973;38;2033;5067.0;1198.0;2013.0;1124.0;732.0;110;63;46;2374;1343;1031;2500;1526;974;-126;-183;57
1974;38;2034;5038.0;1191.0;2002.0;1115.0;730.0;108;63;46;2377;1346;1031;2498;1529;970;-121;-183;61
1975;38;2035;5116.0;1209.0;2032.0;1132.0;744.0;108;62;46;2387;1350;1037;2504;1530;974;-117;-180;63
1976;38;2036;5236.0;1237.0;2079.0;1158.0;762.0;109;63;46;2394;1355;1039;2528;1547;981;-134;-192;58
1977;38;2037;5268.0;1244.0;2091.0;1166.0;767.0;108;62;46;2396;1356;1040;2538;1555;983;-142;-199;57
1978;38;2038;5389.0;1273.0;2140.0;1191.0;785.0;109;63;46;2400;1356;1044;2562;1569;993;-162;-213;51
1979;38;2039;5316.0;1256.0;2111.0;1175.0;775.0;106;61;45;2409;1363;1046;2552;1564;988;-143;-201;58
1980;38;2040;5275.0;1246.0;2095.0;1165.0;769.0;104;60;44;2412;1365;1047;2548;1562;986;-136;-197;61
1981;38;2041;5255.0;1241.0;2087.0;1161.0;766.0;102;59;43;2419;1369;1050;2547;1562;986;-128;-193;64
1982;38;2042;5132.0;1212.0;2038.0;1134.0;748.0;98;56;42;2422;1370;1052;2528;1549;979;-106;-179;73
1983;38;2043;5002.0;1181.0;1986.0;1105.0;729.0;95;54;40;2424;1371;1053;2510;1538;971;-86;-167;82
1984;38;2044;4952.0;1170.0;1967.0;1094.0;722.0;93;53;39;2427;1373;1054;2505;1536;969;-78;-163;85
1985;38;2045;4904.0;1158.0;1947.0;1084.0;715.0;90;52;38;2431;1375;1056;2497;1528;968;-66;-153;88
1986;38;2046;4951.0;1169.0;1966.0;1094.0;722.0;90;52;38;2432;1376;1056;2512;1541;971;-80;-165;85
1987;38;2047;4979.0;1176.0;1977.0;1100.0;726.0;89;51;38;2432;1375;1057;2515;1541;974;-83;-166;83
1988;38;2048;4930.0;1165.0;1958.0;1089.0;719.0;87;50;37;2435;1377;1058;2513;1540;973;-78;-163;85
1989;38;2049;4905.0;1159.0;1948.0;1084.0;715.0;86;49;36;2440;1379;1061;2509;1537;972;-69;-158;89
1990;38;2050;4894.0;1156.0;1944.0;1081.0;713.0;84;48;36;2441;1379;1062;2508;1536;972;-67;-157;90
1991;38;2051;4900.0;1157.0;1946.0;1083.0;714.0;83;48;35;2443;1381;1062;2510;1537;972;-67;-156;90
1992;38;2052;4911.0;1160.0;1950.0;1085.0;716.0;82;47;35;2444;1382;1062;2514;1539;974;-70;-157;88
1993;38;2053;4927.0;1164.0;1957.0;1089.0;718.0;82;47;35;2445;1383;1062;2517;1541;976;-72;-158;86
1994;38;2054;4948.0;1169.0;1965.0;1093.0;721.0;81;47;35;2447;1384;1063;2521;1544;977;-74;-160;86
1995;38;2055;4974.0;1175.0;1975.0;1099.0;725.0;81;46;34;2447;1384;1063;2526;1547;980;-79;-163;83
1996;38;2056;5004.0;1182.0;1987.0;1105.0;729.0;80;46;34;2448;1384;1064;2532;1550;982;-84;-166;82
1997;38;2057;5032.0;1189.0;1998.0;1112.0;733.0;79;46;34;2450;1385;1065;2537;1553;984;-87;-168;81
1998;38;2058;5059.0;1195.0;2009.0;1118.0;737.0;79;45;33;2450;1385;1065;2544;1556;987;-94;-171;78
1999;38;2059;5081.0;1200.0;2018.0;1123.0;741.0;78;45;33;2451;1386;1065;2548;1559;989;-97;-173;76
2000;39;2010;4412.0;1051.0;1711.0;1012.0;638.0;193;111;82;2223;1279;944;2135;1280;855;88;-1;89
2001;39;2011;4283.0;1012.0;1673.0;1007.0;591.0;181;103;77;2276;1305;971;2110;1262;849;166;43;122
2002;39;2012;3941.0;943.0;1532.0;901.0;566.0;164;94;70;2282;1303;979;2032;1220;812;250;83;167
2003;39;2013;3787.0;916.0;1460.0;865.0;547.0;156;90;66;2226;1263;963;2042;1221;821;184;43;142
2004;39;2014;3645.0;879.0;1408.0;844.0;514.0;148;85;63;2185;1239;946;2053;1238;814;132;1;132
2005;39;2015;3623.0;863.0;1380.0;837.0;543.0;144;83;61;2169;1229;940;2058;1246;812;111;-17;128
2006;39;2016;3495.0;860.0;1307.0;778.0;550.0;141;81;60;2165;1228;937;2097;1268;829;68;-40;108
2007;39;2017;3577.0;872.0;1359.0;794.0;553.0;140;81;60;2167;1233;934;2141;1292;848;26;-59;86
2008;39;2018;3497.0;867.0;1295.0;768.0;566.0;138;80;58;2177;1240;937;2160;1309;850;17;-69;87
2009;39;2019;3585.0;892.0;1330.0;791.0;572.0;140;81;59;2189;1250;939;2220;1343;877;-31;-93;62
2010;39;2020;3549.0;883.0;1321.0;763.0;582.0;136;78;58;2200;1259;941;2227;1347;880;-27;-88;61
2011;39;2021;3437.0;861.0;1263.0;746.0;568.0;131;76;56;2206;1262;944;2247;1361;886;-41;-99;58
2012;39;2022;3417.0;858.0;1260.0;734.0;565.0;129;74;55;2211;1268;943;2254;1365;890;-43;-97;53
2013;39;2023;3524.0;875.0;1306.0;758.0;585.0;130;75;55;2207;1267;940;2287;1384;903;-80;-117;37
2014;39;2024;3612.0;891.0;1353.0;771.0;597.0;130;75;55;2206;1267;939;2283;1379;904;-77;-112;35
2015;39;2025;3708.0;915.0;1387.0;790.0;616.0;132;76;56;2204;1265;939;2297;1386;911;-93;-121;28
2016;39;2026;3705.0;916.0;1380.0;791.0;618.0;131;76;56;2205;1268;937;2299;1389;909;-94;-121;28
2017;39;2027;3712.0;919.0;1382.0;793.0;618.0;129;74;55;2205;1265;940;2303;1390;913;-98;-125;27
2018;39;2028;3765.0;930.0;1403.0;804.0;627.0;129;74;55;2205;1266;939;2311;1395;916;-106;-129;23
2019;39;2029;3881.0;959.0;1448.0;828.0;646.0;132;76;56;2205;1269;936;2340;1416;924;-135;-147;12
2020;39;2030;3895.0;963.0;1452.0;831.0;649.0;130;75;56;2204;1267;937;2335;1413;921;-131;-146;16
2021;39;2031;3856.0;951.0;1434.0;821.0;650.0;127;73;54;2204;1266;938;2325;1411;915;-121;-145;23
2022;39;2032;3845.0;948.0;1430.0;819.0;649.0;125;71;53;2208;1269;939;2312;1402;910;-104;-133;29
2023;39;2033;3853.0;950.0;1433.0;820.0;651.0;124;71;53;2215;1272;943;2315;1404;910;-100;-132;33
2024;39;2034;3781.0;931.0;1405.0;804.0;640.0;120;68;51;2215;1270;945;2294;1392;902;-79;-122;43
2025;39;2035;3760.0;926.0;1397.0;798.0;638.0;118;68;50;2216;1272;944;2295;1396;899;-79;-124;45
2026;39;2036;3818.0;940.0;1418.0;810.0;650.0;117;67;50;2227;1279;948;2303;1399;904;-76;-120;44
2027;39;2037;3908.0;962.0;1451.0;829.0;666.0;119;68;51;2231;1281;950;2325;1416;909;-94;-135;41
2028;39;2038;3931.0;967.0;1459.0;835.0;670.0;118;67;51;2236;1284;952;2335;1423;912;-99;-139;40
2029;39;2039;4022.0;990.0;1493.0;853.0;686.0;119;67;51;2239;1284;955;2357;1436;921;-118;-152;34
2030;39;2040;3968.0;977.0;1473.0;841.0;676.0;116;66;50;2245;1289;956;2348;1432;916;-103;-143;40
2031;39;2041;3937.0;969.0;1462.0;835.0;671.0;113;65;49;2249;1292;957;2346;1431;915;-97;-139;42
2032;39;2042;3922.0;966.0;1456.0;832.0;669.0;111;63;48;2254;1296;958;2344;1431;914;-90;-135;44
2033;39;2043;3831.0;943.0;1422.0;812.0;653.0;107;61;46;2255;1296;959;2327;1419;908;-72;-123;51
2034;39;2044;3734.0;919.0;1387.0;792.0;637.0;103;59;44;2258;1296;962;2310;1410;900;-52;-114;62
2035;39;2045;3697.0;910.0;1373.0;784.0;630.0;101;57;43;2260;1298;962;2306;1407;899;-46;-109;63
2036;39;2046;3661.0;901.0;1360.0;776.0;624.0;98;56;42;2264;1299;965;2297;1400;897;-33;-101;68
2037;39;2047;3696.0;910.0;1373.0;784.0;630.0;98;56;42;2268;1303;965;2313;1412;901;-45;-109;64
2038;39;2048;3717.0;915.0;1380.0;788.0;634.0;97;55;42;2269;1303;966;2316;1413;903;-47;-110;63
2039;39;2049;3681.0;906.0;1367.0;780.0;628.0;95;54;41;2270;1304;966;2314;1411;903;-44;-107;63
2040;39;2050;3662.0;901.0;1360.0;776.0;624.0;93;53;40;2272;1305;967;2310;1409;901;-38;-104;66
2041;39;2051;3654.0;900.0;1357.0;775.0;623.0;92;52;40;2272;1305;967;2310;1409;901;-38;-104;66
2042;39;2052;3658.0;901.0;1358.0;776.0;624.0;91;52;39;2273;1306;967;2311;1409;902;-38;-103;65
2043;39;2053;3667.0;903.0;1361.0;777.0;625.0;90;51;39;2276;1307;969;2314;1411;903;-38;-104;66
2044;39;2054;3679.0;906.0;1366.0;780.0;627.0;89;51;38;2278;1308;970;2318;1413;904;-40;-105;66
2045;39;2055;3694.0;909.0;1372.0;783.0;630.0;88;50;38;2279;1310;969;2321;1415;906;-42;-105;63
2046;39;2056;3714.0;914.0;1379.0;787.0;633.0;88;50;38;2282;1311;971;2326;1418;908;-44;-107;63
2047;39;2057;3736.0;920.0;1387.0;792.0;637.0;87;50;38;2282;1311;971;2331;1421;910;-49;-110;61
2048;39;2058;3757.0;925.0;1395.0;796.0;640.0;86;49;37;2282;1311;971;2336;1424;913;-54;-113;58
2049;39;2059;3777.0;930.0;1402.0;801.0;644.0;86;49;37;2282;1311;971;2342;1427;915;-60;-116;56
2050;40;2010;3099.0;760.0;1177.0;661.0;500.0;223;128;95;2101;1227;874;2091;1281;810;10;-54;64
2051;40;2011;3114.0;723.0;1152.0;708.0;531.0;210;120;90;2151;1256;895;1995;1211;784;156;45;111
2052;40;2012;2901.0;710.0;1102.0;647.0;442.0;197;112;85;2158;1254;904;1978;1198;780;180;56;124
2053;40;2013;2730.0;665.0;1007.0;601.0;457.0;180;102;77;2107;1220;887;1918;1167;752;189;53;135
2054;40;2014;2615.0;643.0;987.0;556.0;430.0;171;98;73;2065;1190;875;1935;1173;762;130;17;113
2055;40;2015;2498.0;608.0;938.0;552.0;399.0;161;92;69;2046;1181;865;1939;1185;754;107;-4;111
2056;40;2016;2492.0;602.0;910.0;549.0;432.0;158;91;67;2043;1180;863;1935;1185;751;108;-5;112
2057;40;2017;2373.0;600.0;848.0;492.0;433.0;154;88;66;2049;1185;864;1961;1197;764;88;-12;100
2058;40;2018;2449.0;608.0;894.0;510.0;437.0;153;88;66;2055;1193;862;2000;1220;780;55;-27;82
2059;40;2019;2381.0;604.0;844.0;487.0;447.0;151;86;65;2065;1201;864;2016;1235;781;49;-34;83
2060;40;2020;2437.0;620.0;863.0;503.0;451.0;153;88;65;2078;1209;869;2070;1265;805;8;-56;64
2061;40;2021;2417.0;616.0;858.0;483.0;459.0;149;85;64;2084;1215;869;2073;1268;805;11;-53;64
2062;40;2022;2338.0;600.0;817.0;473.0;448.0;144;82;62;2088;1218;870;2089;1280;810;-1;-62;60
2063;40;2023;2328.0;598.0;816.0;468.0;446.0;141;81;61;2084;1217;867;2095;1283;812;-11;-66;55
2064;40;2024;2401.0;610.0;848.0;482.0;461.0;142;81;61;2082;1217;865;2123;1301;823;-41;-84;42
2065;40;2025;2460.0;621.0;878.0;491.0;470.0;143;81;61;2081;1217;864;2122;1298;824;-41;-81;40
2066;40;2026;2522.0;637.0;897.0;502.0;485.0;144;82;62;2081;1217;864;2134;1304;830;-53;-87;34
2067;40;2027;2518.0;638.0;891.0;503.0;486.0;144;82;61;2083;1220;863;2137;1308;829;-54;-88;34
2068;40;2028;2524.0;640.0;893.0;505.0;486.0;142;81;61;2082;1219;863;2140;1309;831;-58;-90;32
2069;40;2029;2560.0;648.0;907.0;512.0;493.0;141;80;61;2085;1221;864;2148;1314;834;-63;-93;30
2070;40;2030;2639.0;668.0;936.0;527.0;508.0;144;82;62;2082;1220;862;2176;1334;842;-94;-114;20
2071;40;2031;2648.0;670.0;939.0;529.0;510.0;143;81;61;2081;1220;861;2171;1332;839;-90;-112;22
2072;40;2032;2622.0;663.0;927.0;522.0;510.0;139;79;60;2086;1221;865;2165;1331;835;-79;-110;30
2073;40;2033;2615.0;661.0;924.0;521.0;509.0;137;78;59;2086;1221;865;2152;1322;830;-66;-101;35
2074;40;2034;2621.0;662.0;926.0;522.0;511.0;135;77;58;2090;1224;866;2157;1326;831;-67;-102;35
2075;40;2035;2572.0;649.0;909.0;512.0;502.0;131;74;57;2096;1227;869;2140;1316;824;-44;-89;45
2076;40;2036;2558.0;645.0;903.0;508.0;501.0;129;73;56;2105;1231;874;2141;1321;821;-36;-90;53
2077;40;2037;2598.0;655.0;917.0;516.0;510.0;128;73;56;2106;1232;874;2149;1324;826;-43;-92;48
2078;40;2038;2659.0;670.0;938.0;528.0;522.0;130;74;56;2112;1236;876;2172;1341;831;-60;-105;45
2079;40;2039;2675.0;674.0;943.0;532.0;525.0;129;73;56;2118;1239;879;2181;1348;833;-63;-109;46
2080;40;2040;2736.0;690.0;966.0;543.0;538.0;130;73;56;2121;1241;880;2203;1361;842;-82;-120;38
2081;40;2041;2700.0;681.0;953.0;536.0;531.0;126;72;55;2125;1243;882;2196;1358;837;-71;-115;45
2082;40;2042;2679.0;675.0;945.0;532.0;527.0;124;70;54;2132;1248;884;2194;1357;837;-62;-109;47
2083;40;2043;2669.0;673.0;942.0;530.0;525.0;122;69;53;2133;1249;884;2194;1358;836;-61;-109;48
2084;40;2044;2607.0;657.0;920.0;517.0;512.0;117;66;51;2135;1250;885;2177;1348;830;-42;-98;55
2085;40;2045;2541.0;641.0;897.0;504.0;500.0;113;64;49;2135;1251;884;2162;1339;823;-27;-88;61
2086;40;2046;2516.0;634.0;888.0;499.0;495.0;111;63;48;2137;1252;885;2158;1337;821;-21;-85;64
2087;40;2047;2492.0;628.0;879.0;495.0;490.0;107;61;47;2140;1254;886;2151;1331;819;-11;-77;67
2088;40;2048;2516.0;634.0;888.0;499.0;495.0;108;61;47;2144;1257;887;2166;1343;823;-22;-86;64
2089;40;2049;2530.0;638.0;893.0;502.0;497.0;106;60;46;2146;1257;889;2168;1344;824;-22;-87;65
2090;40;2050;2505.0;632.0;884.0;497.0;493.0;104;59;45;2148;1258;890;2168;1344;823;-20;-86;67
2091;40;2051;2492.0;628.0;879.0;495.0;490.0;102;58;44;2149;1259;890;2164;1342;822;-15;-83;68
2092;40;2052;2487.0;627.0;878.0;494.0;489.0;101;57;44;2151;1260;891;2164;1342;823;-13;-82;69
2093;40;2053;2490.0;628.0;879.0;494.0;490.0;100;56;43;2152;1260;892;2165;1343;822;-13;-83;70
2094;40;2054;2496.0;629.0;881.0;495.0;491.0;99;56;43;2153;1260;893;2169;1345;824;-16;-85;69
2095;40;2055;2504.0;631.0;884.0;497.0;492.0;98;55;42;2156;1263;893;2172;1347;825;-16;-84;68
2096;40;2056;2514.0;634.0;887.0;499.0;494.0;97;55;42;2158;1265;893;2176;1349;826;-18;-84;67
2097;40;2057;2528.0;637.0;892.0;502.0;497.0;96;55;42;2158;1265;893;2181;1353;828;-23;-88;65
2098;40;2058;2542.0;641.0;897.0;505.0;500.0;95;54;41;2159;1265;894;2186;1356;830;-27;-91;64
2099;40;2059;2557.0;645.0;902.0;507.0;503.0;95;54;41;2157;1264;893;2191;1359;832;-34;-95;61
2100;41;2010;2037.0;505.0;724.0;436.0;373.0;253;144;109;1966;1154;812;1996;1250;746;-30;-96;66
2101;41;2011;2021.0;495.0;706.0;440.0;381.0;244;138;105;2015;1181;834;2000;1243;756;15;-62;78
2102;41;2012;1986.0;482.0;669.0;408.0;427.0;230;130;99;2022;1180;842;1917;1182;734;105;-2;108
2103;41;2013;1790.0;467.0;629.0;385.0;310.0;216;122;94;1971;1146;825;1913;1178;735;58;-32;90
2104;41;2014;1751.0;432.0;600.0;372.0;347.0;196;111;85;1931;1119;812;1865;1153;712;66;-34;100
2105;41;2015;1637.0;413.0;570.0;330.0;325.0;187;106;81;1916;1113;803;1873;1154;720;43;-41;83
2106;41;2016;1571.0;397.0;543.0;332.0;299.0;176;100;76;1913;1112;801;1867;1155;711;46;-43;90
2107;41;2017;1564.0;392.0;521.0;324.0;328.0;173;98;74;1917;1115;802;1855;1149;706;62;-34;96
2108;41;2018;1472.0;389.0;475.0;283.0;324.0;168;95;73;1926;1125;801;1876;1159;717;50;-34;84
2109;41;2019;1534.0;394.0;512.0;298.0;330.0;168;95;73;1933;1130;803;1911;1180;731;22;-50;72
2110;41;2020;1479.0;392.0;471.0;280.0;337.0;165;94;72;1943;1139;804;1924;1193;731;19;-54;73
2111;41;2021;1513.0;404.0;481.0;289.0;339.0;168;95;73;1948;1142;806;1970;1219;751;-22;-77;55
2112;41;2022;1502.0;400.0;479.0;277.0;346.0;163;92;71;1951;1147;804;1973;1222;752;-22;-75;52
2113;41;2023;1452.0;389.0;453.0;273.0;337.0;157;89;68;1950;1145;805;1986;1232;754;-36;-87;51
2114;41;2024;1449.0;388.0;453.0;273.0;335.0;155;87;67;1950;1146;804;1990;1234;756;-40;-88;48
2115;41;2025;1494.0;396.0;472.0;279.0;347.0;156;88;68;1947;1146;801;2016;1251;765;-69;-105;36
2116;41;2026;1529.0;403.0;488.0;284.0;354.0;156;88;68;1942;1145;797;2016;1249;768;-74;-104;29
2117;41;2027;1565.0;414.0;497.0;290.0;364.0;158;89;69;1943;1145;798;2028;1255;773;-85;-110;25
2118;41;2028;1563.0;415.0;493.0;291.0;364.0;158;89;68;1944;1145;799;2030;1259;771;-86;-114;28
2119;41;2029;1567.0;416.0;495.0;292.0;364.0;155;88;68;1945;1146;799;2033;1260;773;-88;-114;26
2120;41;2030;1590.0;421.0;504.0;296.0;370.0;155;87;68;1946;1145;801;2041;1265;776;-95;-120;25
2121;41;2031;1639.0;434.0;519.0;305.0;381.0;158;89;69;1946;1146;800;2069;1285;784;-123;-139;16
2122;41;2032;1644.0;435.0;520.0;306.0;382.0;156;88;68;1949;1150;799;2066;1283;783;-117;-133;16
2123;41;2033;1628.0;430.0;514.0;302.0;382.0;153;86;67;1946;1148;798;2059;1281;778;-113;-133;20
2124;41;2034;1624.0;429.0;513.0;301.0;381.0;150;84;66;1953;1151;802;2050;1275;775;-97;-124;27
2125;41;2035;1628.0;430.0;514.0;302.0;382.0;148;84;65;1957;1152;805;2055;1279;776;-98;-127;29
2126;41;2036;1597.0;422.0;504.0;296.0;376.0;144;81;63;1961;1155;806;2038;1269;768;-77;-114;38
2127;41;2037;1589.0;419.0;501.0;294.0;375.0;141;80;62;1967;1157;810;2041;1275;767;-74;-118;43
2128;41;2038;1614.0;426.0;509.0;298.0;381.0;140;79;62;1969;1160;809;2050;1278;772;-81;-118;37
2129;41;2039;1652.0;435.0;520.0;305.0;390.0;142;80;62;1974;1161;813;2071;1293;778;-97;-132;35
2130;41;2040;1661.0;438.0;523.0;308.0;393.0;142;80;62;1980;1166;814;2080;1301;779;-100;-135;35
2131;41;2041;1700.0;448.0;536.0;314.0;402.0;142;80;62;1982;1167;815;2101;1313;788;-119;-146;27
2132;41;2042;1677.0;442.0;528.0;310.0;397.0;139;78;61;1984;1167;817;2095;1310;784;-111;-143;33
2133;41;2043;1664.0;439.0;524.0;308.0;394.0;136;76;60;1987;1168;819;2092;1310;783;-105;-142;36
2134;41;2044;1658.0;437.0;522.0;306.0;392.0;134;75;59;1991;1171;820;2093;1311;782;-102;-140;38
2135;41;2045;1619.0;427.0;510.0;299.0;383.0;128;72;56;1994;1174;820;2077;1300;777;-83;-126;43
2136;41;2046;1579.0;416.0;497.0;292.0;373.0;124;70;54;1996;1175;821;2063;1292;771;-67;-117;50
2137;41;2047;1563.0;412.0;493.0;289.0;370.0;121;68;53;1997;1176;821;2059;1290;769;-62;-114;52
2138;41;2048;1548.0;408.0;488.0;286.0;366.0;118;66;52;1998;1176;822;2051;1284;767;-53;-108;55
2139;41;2049;1563.0;412.0;493.0;289.0;370.0;118;66;52;2000;1177;823;2065;1295;770;-65;-118;53
2140;41;2050;1572.0;414.0;495.0;291.0;372.0;117;66;51;2003;1179;824;2069;1297;772;-66;-118;52
2141;41;2051;1557.0;410.0;490.0;288.0;368.0;114;64;50;2006;1180;826;2066;1296;770;-60;-116;56
2142;41;2052;1549.0;408.0;488.0;286.0;366.0;112;63;49;2008;1181;827;2064;1295;769;-56;-114;58
2143;41;2053;1545.0;407.0;487.0;286.0;365.0;111;62;48;2010;1182;828;2064;1294;770;-54;-112;58
2144;41;2054;1547.0;408.0;488.0;286.0;366.0;109;61;48;2013;1184;829;2065;1295;770;-52;-111;59
2145;41;2055;1551.0;409.0;489.0;287.0;367.0;108;61;47;2012;1184;828;2068;1297;771;-56;-113;57
2146;41;2056;1556.0;410.0;490.0;288.0;368.0;107;60;47;2011;1184;827;2072;1300;772;-61;-116;55
2147;41;2057;1562.0;412.0;492.0;289.0;369.0;106;60;46;2013;1184;829;2076;1302;774;-63;-118;55
2148;41;2058;1570.0;414.0;495.0;290.0;371.0;105;59;46;2012;1183;829;2080;1305;775;-68;-122;54
2149;41;2059;1580.0;416.0;498.0;292.0;374.0;105;59;46;2013;1184;829;2084;1308;777;-71;-124;52
2150;42;2010;1159.0;262.0;397.0;249.0;251.0;268;151;117;1830;1078;752;1888;1189;699;-58;-111;53
2151;42;2011;1236.0;274.0;439.0;268.0;255.0;276;155;120;1879;1106;773;1909;1201;708;-30;-95;65
2152;42;2012;1196.0;278.0;416.0;255.0;246.0;265;149;116;1890;1107;783;1918;1198;720;-28;-91;63
2153;42;2013;1184.0;268.0;391.0;218.0;307.0;250;141;109;1843;1076;767;1858;1153;705;-15;-77;62
2154;42;2014;1053.0;256.0;387.0;211.0;199.0;235;132;103;1803;1048;755;1864;1154;710;-61;-106;45
2155;42;2015;1031.0;234.0;347.0;213.0;237.0;214;120;94;1785;1040;745;1811;1125;687;-26;-85;58
2156;42;2016;954.0;227.0;330.0;178.0;220.0;204;114;89;1784;1042;742;1812;1118;694;-28;-76;48
2157;42;2017;917.0;218.0;317.0;182.0;200.0;192;108;84;1785;1045;740;1794;1110;684;-9;-65;56
2158;42;2018;916.0;215.0;302.0;175.0;224.0;188;106;82;1796;1051;745;1785;1106;679;11;-55;66
2159;42;2019;852.0;213.0;272.0;149.0;218.0;184;103;81;1805;1061;744;1802;1113;689;3;-52;55
2160;42;2020;893.0;216.0;295.0;160.0;223.0;184;103;81;1814;1068;746;1833;1131;702;-19;-63;44
2161;42;2021;856.0;215.0;267.0;146.0;228.0;180;101;79;1817;1072;745;1845;1142;703;-28;-70;42
2162;42;2022;875.0;221.0;273.0;151.0;229.0;183;103;80;1819;1075;744;1887;1166;720;-68;-91;24
2163;42;2023;871.0;219.0;272.0;146.0;234.0;178;100;79;1822;1076;746;1888;1168;721;-66;-92;25
2164;42;2024;841.0;213.0;256.0;145.0;227.0;172;96;76;1823;1076;747;1898;1174;723;-75;-98;24
2165;42;2025;841.0;213.0;256.0;146.0;226.0;169;95;74;1822;1078;744;1901;1176;724;-79;-98;20
2166;42;2026;866.0;217.0;268.0;147.0;234.0;171;96;75;1820;1077;743;1925;1192;733;-105;-115;10
2167;42;2027;884.0;221.0;275.0;150.0;238.0;171;96;75;1817;1076;741;1926;1191;735;-109;-115;6
2168;42;2028;904.0;227.0;279.0;154.0;245.0;173;97;76;1817;1077;740;1937;1197;739;-120;-120;1
2169;42;2029;904.0;227.0;278.0;154.0;245.0;172;97;76;1820;1079;741;1939;1202;738;-119;-123;3
2170;42;2030;907.0;228.0;279.0;155.0;245.0;170;95;75;1818;1078;740;1942;1202;740;-124;-124;0
2171;42;2031;920.0;231.0;284.0;157.0;249.0;169;94;75;1821;1080;741;1950;1207;743;-129;-127;-2
2172;42;2032;948.0;238.0;292.0;161.0;256.0;173;97;76;1824;1082;742;1977;1227;750;-153;-145;-8
2173;42;2033;951.0;238.0;293.0;162.0;257.0;171;95;76;1825;1082;743;1974;1225;749;-149;-143;-6
2174;42;2034;942.0;236.0;289.0;160.0;256.0;167;93;74;1825;1083;742;1969;1225;744;-144;-142;-2
2175;42;2035;939.0;235.0;289.0;160.0;256.0;164;91;73;1832;1087;745;1960;1218;742;-128;-131;3
2176;42;2036;941.0;235.0;289.0;160.0;257.0;162;90;72;1838;1091;747;1965;1222;743;-127;-131;4
2177;42;2037;924.0;231.0;284.0;157.0;252.0;157;87;69;1843;1093;750;1951;1214;738;-108;-121;12
2178;42;2038;919.0;230.0;282.0;156.0;251.0;155;86;68;1846;1095;751;1953;1218;735;-107;-123;16
2179;42;2039;933.0;233.0;286.0;158.0;256.0;154;85;68;1851;1097;754;1962;1221;740;-111;-124;14
2180;42;2040;955.0;239.0;293.0;162.0;262.0;156;87;69;1856;1102;754;1983;1237;746;-127;-135;8
2181;42;2041;961.0;240.0;295.0;163.0;263.0;155;86;68;1859;1104;755;1992;1244;748;-133;-140;7
2182;42;2042;983.0;245.0;302.0;166.0;269.0;156;87;69;1859;1103;756;2012;1255;756;-153;-152;0
2183;42;2043;970.0;242.0;298.0;164.0;266.0;152;84;67;1860;1105;755;2005;1252;752;-145;-147;3
2184;42;2044;962.0;240.0;295.0;163.0;264.0;149;83;66;1867;1109;758;2004;1252;752;-137;-143;6
2185;42;2045;959.0;239.0;294.0;162.0;263.0;146;81;65;1872;1111;761;2003;1252;751;-131;-141;10
2186;42;2046;937.0;234.0;287.0;159.0;257.0;141;78;62;1875;1113;762;1988;1242;746;-113;-129;16
2187;42;2047;913.0;228.0;280.0;155.0;250.0;136;76;60;1877;1114;763;1974;1234;740;-97;-120;23
2188;42;2048;904.0;226.0;278.0;153.0;248.0;133;74;59;1878;1114;764;1971;1232;739;-93;-118;25
2189;42;2049;896.0;224.0;275.0;152.0;246.0;129;72;57;1881;1115;766;1963;1226;737;-82;-111;29
2190;42;2050;904.0;226.0;277.0;153.0;248.0;129;72;57;1883;1117;766;1976;1236;740;-93;-119;26
2191;42;2051;909.0;227.0;279.0;154.0;249.0;128;71;57;1883;1118;765;1979;1237;742;-96;-119;23
2192;42;2052;901.0;225.0;276.0;152.0;247.0;125;70;55;1885;1119;766;1977;1236;741;-92;-117;25
2193;42;2053;896.0;224.0;275.0;152.0;246.0;123;69;54;1886;1120;766;1974;1234;740;-88;-114;26
2194;42;2054;894.0;223.0;274.0;151.0;245.0;121;68;54;1888;1122;766;1973;1233;740;-85;-111;26
2195;42;2055;895.0;224.0;275.0;152.0;245.0;120;67;53;1889;1122;767;1975;1235;740;-86;-113;27
2196;42;2056;897.0;224.0;275.0;152.0;246.0;118;66;52;1890;1122;768;1977;1236;742;-87;-114;26
2197;42;2057;900.0;225.0;276.0;152.0;247.0;117;65;52;1891;1122;769;1981;1238;743;-90;-116;26
2198;42;2058;904.0;226.0;277.0;153.0;248.0;116;65;51;1889;1121;768;1984;1240;744;-95;-119;24
2199;42;2059;909.0;227.0;279.0;154.0;249.0;115;65;51;1892;1122;770;1988;1242;745;-96;-120;25
2200;43;2010;608.0;138.0;202.0;117.0;150.0;295;165;130;1708;1011;697;1731;1086;644;-23;-75;53
2201;43;2011;627.0;141.0;206.0;124.0;156.0;293;164;129;1757;1040;717;1757;1097;660;0;-57;57
2202;43;2012;631.0;149.0;199.0;122.0;161.0;302;169;132;1765;1039;726;1784;1114;670;-19;-75;56
2203;43;2013;618.0;149.0;201.0;116.0;153.0;291;163;128;1718;1006;712;1803;1118;685;-85;-112;27
2204;43;2014;628.0;141.0;197.0;90.0;200.0;274;153;121;1681;981;700;1759;1086;673;-78;-105;27
2205;43;2015;527.0;135.0;179.0;89.0;124.0;257;143;114;1664;972;692;1757;1081;676;-93;-109;16
2206;43;2016;528.0;125.0;159.0;95.0;149.0;235;131;104;1664;975;689;1700;1047;652;-36;-72;37
2207;43;2017;481.0;120.0;151.0;72.0;138.0;223;125;99;1664;976;688;1689;1033;656;-25;-57;32
2208;43;2018;466.0;116.0;148.0;76.0;126.0;211;118;93;1671;982;689;1672;1025;646;-1;-43;43
2209;43;2019;467.0;114.0;139.0;72.0;141.0;206;116;91;1683;994;689;1662;1020;642;21;-26;47
2210;43;2020;427.0;113.0;120.0;57.0;137.0;201;112;89;1691;1000;691;1677;1027;650;14;-27;41
2211;43;2021;452.0;115.0;134.0;63.0;140.0;201;112;89;1695;1004;691;1704;1042;662;-9;-38;29
2212;43;2022;430.0;114.0;118.0;56.0;142.0;198;110;87;1700;1008;692;1713;1051;662;-13;-43;30
2213;43;2023;440.0;117.0;121.0;58.0;143.0;201;112;89;1695;1006;689;1751;1072;679;-56;-66;10
2214;43;2024;440.0;116.0;121.0;57.0;146.0;196;109;87;1698;1009;689;1751;1073;678;-53;-64;11
2215;43;2025;424.0;113.0;112.0;57.0;142.0;189;105;84;1700;1010;690;1757;1077;680;-57;-67;10
2216;43;2026;424.0;113.0;113.0;57.0;141.0;185;103;82;1696;1009;687;1760;1079;681;-64;-70;6
2217;43;2027;436.0;115.0;118.0;57.0;146.0;187;104;83;1697;1010;687;1782;1093;689;-85;-83;-2
2218;43;2028;444.0;117.0;120.0;58.0;149.0;188;104;83;1694;1009;685;1782;1092;690;-88;-83;-5
2219;43;2029;455.0;120.0;122.0;60.0;152.0;190;105;84;1694;1012;682;1795;1100;695;-101;-88;-13
2220;43;2030;455.0;120.0;122.0;60.0;152.0;189;105;84;1699;1013;686;1797;1103;694;-98;-90;-8
2221;43;2031;456.0;121.0;123.0;60.0;153.0;186;104;83;1698;1012;686;1801;1105;696;-103;-93;-10
2222;43;2032;463.0;122.0;125.0;61.0;155.0;186;103;83;1700;1014;686;1809;1110;700;-109;-96;-14
2223;43;2033;476.0;126.0;128.0;63.0;160.0;190;105;84;1705;1016;689;1835;1127;707;-130;-111;-18
2224;43;2034;478.0;126.0;128.0;63.0;160.0;187;104;83;1706;1017;689;1834;1128;706;-128;-111;-17
2225;43;2035;473.0;125.0;127.0;62.0;159.0;183;102;82;1708;1018;690;1829;1127;703;-121;-109;-13
2226;43;2036;472.0;125.0;127.0;62.0;159.0;180;100;80;1714;1023;691;1822;1122;700;-108;-99;-9
2227;43;2037;473.0;125.0;127.0;62.0;159.0;178;99;79;1720;1027;693;1828;1126;701;-108;-99;-8
2228;43;2038;464.0;123.0;125.0;61.0;156.0;172;95;77;1722;1026;696;1815;1119;696;-93;-93;0
2229;43;2039;462.0;122.0;124.0;61.0;156.0;170;94;75;1726;1030;696;1817;1123;694;-91;-93;2
2230;43;2040;469.0;124.0;126.0;62.0;158.0;169;93;75;1732;1034;698;1824;1126;698;-92;-92;0
2231;43;2041;480.0;127.0;129.0;63.0;162.0;171;95;76;1734;1037;697;1846;1141;705;-112;-104;-8
2232;43;2042;483.0;127.0;129.0;63.0;163.0;170;94;75;1732;1035;697;1854;1148;706;-122;-113;-9
2233;43;2043;494.0;130.0;132.0;65.0;167.0;171;94;76;1737;1038;699;1874;1159;715;-137;-121;-16
2234;43;2044;487.0;128.0;131.0;64.0;164.0;166;92;74;1741;1041;700;1867;1157;711;-126;-116;-11
2235;43;2045;484.0;127.0;130.0;63.0;163.0;163;91;73;1745;1043;702;1866;1156;710;-121;-113;-8
2236;43;2046;482.0;127.0;129.0;63.0;163.0;161;89;71;1751;1046;705;1866;1156;709;-115;-110;-4
2237;43;2047;471.0;124.0;126.0;62.0;159.0;154;85;69;1752;1046;706;1851;1147;705;-99;-101;1
2238;43;2048;459.0;121.0;123.0;60.0;155.0;149;83;66;1752;1046;706;1838;1139;699;-86;-93;7
2239;43;2049;455.0;120.0;122.0;60.0;153.0;146;81;65;1754;1048;706;1835;1137;698;-81;-89;8
2240;43;2050;450.0;119.0;121.0;59.0;152.0;142;78;63;1756;1049;707;1828;1132;696;-72;-83;11
2241;43;2051;454.0;120.0;122.0;60.0;153.0;142;79;63;1759;1050;709;1841;1142;699;-82;-92;10
2242;43;2052;457.0;120.0;122.0;60.0;154.0;140;78;63;1762;1052;710;1843;1143;700;-81;-91;10
2243;43;2053;453.0;119.0;121.0;59.0;153.0;137;76;61;1762;1052;710;1842;1143;699;-80;-91;11
2244;43;2054;450.0;119.0;121.0;59.0;152.0;135;75;60;1765;1054;711;1839;1141;698;-74;-87;13
2245;43;2055;449.0;118.0;120.0;59.0;152.0;133;74;59;1765;1054;711;1838;1140;698;-73;-86;13
2246;43;2056;450.0;119.0;121.0;59.0;152.0;132;73;58;1766;1055;711;1840;1142;699;-74;-87;12
2247;43;2057;451.0;119.0;121.0;59.0;152.0;130;72;58;1766;1054;712;1842;1143;699;-76;-89;13
2248;43;2058;452.0;119.0;121.0;59.0;153.0;129;72;57;1766;1055;711;1845;1145;700;-79;-90;11
2249;43;2059;454.0;120.0;122.0;60.0;153.0;128;71;57;1765;1054;711;1848;1148;701;-83;-94;10
2250;44;2010;330.0;78.0;94.0;65.0;93.0;331;185;146;1604;944;660;1631;1047;584;-27;-103;76
2251;44;2011;332.0;80.0;97.0;66.0;88.0;324;181;143;1650;970;680;1633;1038;595;17;-68;85
2252;44;2012;327.0;83.0;94.0;61.0;89.0;322;179;142;1655;971;684;1664;1053;611;-9;-82;73
2253;44;2013;337.0;88.0;89.0;62.0;98.0;331;185;146;1612;940;672;1700;1076;624;-88;-136;48
2254;44;2014;330.0;87.0;91.0;60.0;91.0;319;178;141;1578;917;661;1727;1087;639;-149;-170;22
2255;44;2015;321.0;81.0;82.0;46.0;111.0;301;168;133;1562;908;654;1679;1052;627;-117;-144;27
2256;44;2016;277.0;78.0;77.0;46.0;76.0;283;156;126;1560;909;651;1668;1040;627;-108;-131;24
2257;44;2017;274.0;73.0;68.0;48.0;85.0;258;143;115;1562;911;651;1605;1000;605;-43;-89;46
2258;44;2018;253.0;70.0;65.0;37.0;81.0;245;136;109;1572;919;653;1593;987;606;-21;-68;47
2259;44;2019;244.0;67.0;64.0;39.0;74.0;232;129;103;1576;923;653;1574;977;596;2;-54;57
2260;44;2020;243.0;66.0;60.0;37.0;80.0;227;127;101;1584;932;652;1564;972;592;20;-40;60
2261;44;2021;227.0;66.0;52.0;31.0;78.0;222;123;99;1589;937;652;1575;977;598;14;-40;54
2262;44;2022;238.0;67.0;58.0;34.0;80.0;221;123;99;1591;940;651;1600;990;609;-9;-50;42
2263;44;2023;229.0;66.0;51.0;31.0;80.0;218;121;97;1590;939;651;1607;998;608;-17;-59;43
2264;44;2024;234.0;68.0;53.0;32.0;82.0;221;123;98;1589;941;648;1642;1018;624;-53;-77;24
2265;44;2025;235.0;68.0;52.0;33.0;82.0;215;119;96;1588;941;647;1642;1018;624;-54;-77;23
2266;44;2026;226.0;66.0;49.0;31.0;80.0;208;115;93;1587;940;647;1646;1022;624;-59;-82;23
2267;44;2027;226.0;66.0;49.0;31.0;80.0;204;113;91;1588;942;646;1648;1023;624;-60;-81;22
2268;44;2028;232.0;67.0;51.0;32.0;82.0;206;114;92;1587;940;647;1669;1037;633;-82;-97;14
2269;44;2029;236.0;68.0;52.0;32.0;84.0;207;114;92;1588;941;647;1670;1036;634;-82;-95;13
2270;44;2030;242.0;70.0;53.0;33.0;86.0;209;115;94;1588;941;647;1682;1043;639;-94;-102;8
2271;44;2031;242.0;70.0;53.0;33.0;86.0;208;115;93;1588;943;645;1685;1047;639;-97;-104;6
2272;44;2032;243.0;70.0;53.0;33.0;86.0;205;113;92;1589;944;645;1689;1048;641;-100;-104;4
2273;44;2033;246.0;71.0;54.0;34.0;87.0;205;113;92;1593;946;647;1698;1054;644;-105;-108;3
2274;44;2034;253.0;73.0;56.0;35.0;90.0;209;116;93;1595;948;647;1724;1072;652;-129;-124;-5
2275;44;2035;254.0;74.0;56.0;35.0;90.0;206;114;92;1601;952;649;1724;1072;652;-123;-120;-3
2276;44;2036;251.0;73.0;55.0;34.0;89.0;202;111;90;1603;954;649;1719;1071;648;-116;-117;1
2277;44;2037;251.0;72.0;55.0;34.0;89.0;198;109;89;1610;957;653;1714;1067;646;-104;-110;7
2278;44;2038;251.0;73.0;55.0;34.0;89.0;196;108;88;1612;959;653;1720;1072;648;-108;-113;5
2279;44;2039;246.0;71.0;54.0;34.0;87.0;190;105;85;1613;959;654;1707;1065;643;-94;-106;11
2280;44;2040;245.0;71.0;54.0;34.0;87.0;187;104;83;1619;965;654;1711;1069;642;-92;-104;12
2281;44;2041;249.0;72.0;55.0;34.0;88.0;186;102;83;1620;965;655;1719;1073;646;-99;-108;9
2282;44;2042;255.0;74.0;56.0;35.0;90.0;188;104;84;1625;967;658;1739;1087;652;-114;-120;7
2283;44;2043;256.0;74.0;56.0;35.0;91.0;187;103;84;1626;968;658;1748;1094;654;-122;-126;4
2284;44;2044;262.0;76.0;57.0;36.0;93.0;188;104;84;1632;972;660;1766;1105;661;-134;-133;-1
2285;44;2045;258.0;75.0;57.0;35.0;92.0;183;101;82;1632;972;660;1761;1103;658;-129;-131;2
2286;44;2046;256.0;74.0;56.0;35.0;91.0;180;99;80;1633;973;660;1760;1102;657;-127;-129;3
2287;44;2047;256.0;74.0;56.0;35.0;91.0;177;98;79;1636;974;662;1760;1103;657;-124;-129;5
2288;44;2048;250.0;72.0;55.0;34.0;89.0;170;94;76;1637;975;662;1748;1095;653;-111;-120;9
2289;44;2049;243.0;70.0;53.0;33.0;86.0;164;91;73;1638;976;662;1735;1088;647;-97;-112;15
2290;44;2050;241.0;70.0;53.0;33.0;86.0;161;89;72;1640;977;663;1732;1085;646;-92;-108;17
2291;44;2051;239.0;69.0;52.0;33.0;85.0;156;86;70;1640;978;662;1726;1081;645;-86;-103;17
2292;44;2052;241.0;70.0;53.0;33.0;85.0;156;87;70;1644;981;663;1737;1090;647;-93;-109;16
2293;44;2053;242.0;70.0;53.0;33.0;86.0;155;86;69;1646;981;665;1740;1091;649;-94;-110;16
2294;44;2054;240.0;69.0;53.0;33.0;85.0;151;84;68;1648;982;666;1739;1091;648;-91;-109;18
2295;44;2055;239.0;69.0;52.0;33.0;85.0;149;82;66;1649;982;667;1737;1089;647;-88;-107;20
2296;44;2056;238.0;69.0;52.0;33.0;85.0;146;81;65;1649;983;666;1735;1089;646;-86;-106;20
2297;44;2057;239.0;69.0;52.0;33.0;85.0;145;80;64;1650;983;667;1738;1090;647;-88;-107;20
2298;44;2058;239.0;69.0;52.0;33.0;85.0;143;79;64;1649;982;667;1740;1092;647;-91;-110;20
2299;44;2059;240.0;69.0;53.0;33.0;85.0;142;79;63;1652;984;668;1742;1094;649;-90;-110;19
2300;45;2010;132.0;31.0;32.0;26.0;41.0;374;208;166;1493;883;610;1602;1044;559;-109;-161;51
2301;45;2011;129.0;33.0;30.0;27.0;39.0;361;201;161;1539;911;628;1556;1013;543;-17;-102;85
2302;45;2012;128.0;33.0;25.0;25.0;44.0;354;197;157;1549;915;634;1561;1007;554;-12;-92;80
2303;45;2013;131.0;34.0;28.0;26.0;43.0;352;196;156;1506;884;622;1601;1029;572;-95;-145;50
2304;45;2014;137.0;36.0;30.0;27.0;45.0;362;201;160;1473;862;611;1646;1060;586;-173;-198;25
2305;45;2015;127.0;34.0;25.0;25.0;42.0;348;193;155;1459;852;607;1667;1067;600;-208;-215;7
2306;45;2016;125.0;33.0;25.0;22.0;45.0;329;183;146;1453;850;603;1616;1028;589;-163;-178;14
2307;45;2017;115.0;32.0;23.0;22.0;39.0;309;170;139;1461;857;604;1596;1008;588;-135;-151;16
2308;45;2018;110.0;29.0;21.0;21.0;38.0;282;156;126;1465;862;603;1536;971;566;-71;-109;37
2309;45;2019;104.0;28.0;20.0;19.0;36.0;269;148;120;1472;869;603;1523;957;566;-51;-88;37
2310;45;2020;99.0;27.0;19.0;19.0;34.0;254;140;114;1478;876;602;1503;946;557;-25;-70;45
2311;45;2021;99.0;27.0;19.0;18.0;35.0;249;138;111;1486;883;603;1493;940;553;-7;-57;50
2312;45;2022;96.0;27.0;18.0;17.0;34.0;243;134;109;1489;886;603;1503;945;558;-14;-59;45
2313;45;2023;98.0;27.0;19.0;18.0;35.0;243;134;109;1486;884;602;1524;956;568;-38;-72;34
2314;45;2024;97.0;27.0;18.0;17.0;35.0;239;132;107;1487;885;602;1530;964;567;-43;-79;35
2315;45;2025;99.0;28.0;18.0;18.0;36.0;242;134;109;1487;886;601;1560;980;580;-73;-94;21
2316;45;2026;99.0;27.0;18.0;18.0;36.0;236;130;106;1484;885;599;1560;980;580;-76;-95;19
2317;45;2027;96.0;27.0;17.0;17.0;35.0;228;126;102;1486;888;598;1563;983;580;-77;-95;18
2318;45;2028;95.0;27.0;17.0;17.0;35.0;224;123;100;1486;887;599;1564;984;581;-78;-97;18
2319;45;2029;98.0;27.0;18.0;17.0;35.0;226;125;101;1485;886;599;1583;995;588;-98;-109;11
2320;45;2030;99.0;28.0;18.0;18.0;36.0;226;125;102;1486;888;598;1585;995;590;-99;-107;8
2321;45;2031;102.0;28.0;18.0;18.0;37.0;229;126;103;1488;890;598;1596;1001;595;-108;-111;3
2322;45;2032;102.0;28.0;18.0;18.0;37.0;228;126;102;1489;890;599;1599;1005;594;-110;-115;5
2323;45;2033;102.0;28.0;18.0;18.0;37.0;225;124;101;1489;891;598;1603;1006;597;-114;-115;1
2324;45;2034;104.0;29.0;19.0;19.0;38.0;224;123;101;1493;895;598;1611;1011;600;-118;-116;-2
2325;45;2035;107.0;30.0;19.0;19.0;39.0;229;126;103;1498;898;600;1635;1027;608;-137;-129;-8
2326;45;2036;107.0;30.0;19.0;19.0;39.0;226;124;102;1500;900;600;1635;1028;607;-135;-128;-7
2327;45;2037;106.0;29.0;19.0;19.0;38.0;221;122;99;1503;902;601;1631;1027;605;-128;-125;-4
2328;45;2038;106.0;29.0;19.0;19.0;38.0;217;119;98;1506;903;603;1627;1023;603;-121;-120;0
2329;45;2039;106.0;29.0;19.0;19.0;38.0;215;118;97;1509;905;604;1631;1027;604;-122;-122;0
2330;45;2040;104.0;29.0;19.0;19.0;38.0;208;114;93;1517;911;606;1621;1021;600;-104;-110;6
2331;45;2041;103.0;29.0;19.0;18.0;38.0;205;113;92;1518;912;606;1623;1024;599;-105;-112;7
2332;45;2042;105.0;29.0;19.0;19.0;38.0;204;112;92;1520;913;607;1631;1028;604;-111;-115;3
2333;45;2043;107.0;30.0;19.0;19.0;39.0;206;114;93;1524;915;609;1650;1041;609;-126;-126;0
2334;45;2044;108.0;30.0;19.0;19.0;39.0;205;113;92;1527;918;609;1658;1047;611;-131;-129;-2
2335;45;2045;110.0;31.0;20.0;20.0;40.0;206;113;93;1528;918;610;1675;1056;618;-147;-138;-8
2336;45;2046;109.0;30.0;20.0;19.0;40.0;201;111;90;1530;919;611;1670;1055;615;-140;-136;-4
2337;45;2047;108.0;30.0;19.0;19.0;39.0;197;109;88;1532;920;612;1669;1055;615;-137;-135;-3
2338;45;2048;108.0;30.0;19.0;19.0;39.0;194;107;87;1533;920;613;1668;1054;614;-135;-134;-1
2339;45;2049;105.0;29.0;19.0;19.0;38.0;186;103;84;1537;923;614;1658;1047;611;-121;-124;3
2340;45;2050;103.0;28.0;18.0;18.0;37.0;180;99;81;1536;923;613;1646;1039;607;-110;-116;6
2341;45;2051;102.0;28.0;18.0;18.0;37.0;176;97;79;1537;924;613;1643;1038;605;-106;-114;8
2342;45;2052;101.0;28.0;18.0;18.0;37.0;171;94;77;1541;927;614;1637;1033;604;-96;-106;10
2343;45;2053;102.0;28.0;18.0;18.0;37.0;172;95;77;1542;928;614;1649;1043;606;-107;-115;8
2344;45;2054;102.0;28.0;18.0;18.0;37.0;170;94;76;1542;928;614;1651;1043;608;-109;-115;6
2345;45;2055;101.0;28.0;18.0;18.0;37.0;166;92;74;1543;928;615;1651;1043;608;-108;-115;7
2346;45;2056;101.0;28.0;18.0;18.0;37.0;163;90;73;1546;929;617;1649;1042;607;-103;-113;10
2347;45;2057;100.0;28.0;18.0;18.0;36.0;161;89;72;1546;929;617;1649;1042;607;-103;-113;10
2348;45;2058;101.0;28.0;18.0;18.0;37.0;159;88;71;1546;929;617;1650;1042;608;-104;-113;9
2349;45;2059;101.0;28.0;18.0;18.0;37.0;157;87;70;1547;930;617;1652;1043;609;-105;-113;8
2350;46;2010;69.0;17.0;13.0;14.0;25.0;422;233;189;1337;778;559;1546;985;561;-209;-207;-2
2351;46;2011;71.0;18.0;13.0;13.0;27.0;409;226;183;1378;802;576;1530;981;549;-152;-179;27
2352;46;2012;70.0;18.0;14.0;12.0;26.0;396;219;177;1386;804;582;1493;958;535;-107;-154;47
2353;46;2013;69.0;19.0;14.0;12.0;24.0;388;215;173;1350;779;571;1509;960;549;-159;-181;22
2354;46;2014;67.0;18.0;14.0;12.0;23.0;385;213;172;1327;765;562;1558;990;568;-231;-225;-6
2355;46;2015;72.0;19.0;14.0;13.0;26.0;396;219;177;1312;755;557;1598;1016;582;-286;-261;-25
2356;46;2016;71.0;19.0;14.0;13.0;25.0;381;211;171;1310;755;555;1611;1017;594;-301;-262;-39
2357;46;2017;68.0;18.0;13.0;12.0;24.0;360;199;161;1311;758;553;1557;976;581;-246;-218;-28
2358;46;2018;65.0;17.0;13.0;12.0;23.0;339;186;153;1318;763;555;1537;957;580;-219;-194;-25
2359;46;2019;60.0;16.0;12.0;11.0;21.0;309;170;139;1324;770;554;1480;922;558;-156;-152;-4
2360;46;2020;58.0;15.0;11.0;10.0;21.0;294;162;133;1332;775;557;1468;909;559;-136;-134;-2
2361;46;2021;55.0;15.0;11.0;10.0;20.0;279;153;126;1335;779;556;1446;897;549;-111;-118;7
2362;46;2022;55.0;14.0;11.0;10.0;19.0;273;151;123;1335;782;553;1436;892;543;-101;-110;10
2363;46;2023;54.0;14.0;11.0;10.0;19.0;267;146;120;1337;782;555;1445;897;548;-108;-115;7
2364;46;2024;55.0;14.0;11.0;10.0;20.0;266;146;120;1336;782;554;1464;907;557;-128;-125;-3
2365;46;2025;55.0;14.0;11.0;10.0;19.0;262;144;118;1334;781;553;1469;914;555;-135;-133;-2
2366;46;2026;56.0;15.0;11.0;10.0;20.0;266;146;120;1337;782;555;1496;929;568;-159;-147;-13
2367;46;2027;56.0;15.0;11.0;10.0;20.0;259;142;117;1333;781;552;1495;928;567;-162;-147;-15
2368;46;2028;54.0;14.0;11.0;10.0;19.0;250;137;113;1334;782;552;1497;930;567;-163;-148;-15
2369;46;2029;54.0;14.0;11.0;10.0;19.0;246;135;111;1339;786;553;1497;930;567;-158;-144;-14
2370;46;2030;55.0;15.0;11.0;10.0;20.0;248;136;112;1339;785;554;1516;941;575;-177;-156;-21
2371;46;2031;56.0;15.0;11.0;10.0;20.0;249;136;112;1341;787;554;1518;942;576;-177;-155;-22
2372;46;2032;58.0;15.0;11.0;10.0;20.0;252;138;114;1340;787;553;1530;949;581;-190;-162;-28
2373;46;2033;58.0;15.0;12.0;10.0;21.0;250;138;113;1342;786;556;1533;952;581;-191;-166;-25
2374;46;2034;58.0;15.0;12.0;11.0;21.0;247;135;112;1347;790;557;1537;954;583;-190;-164;-26
2375;46;2035;59.0;15.0;12.0;11.0;21.0;246;135;112;1346;790;556;1545;959;586;-199;-169;-30
2376;46;2036;60.0;16.0;12.0;11.0;21.0;251;138;113;1351;793;558;1569;975;594;-218;-182;-36
2377;46;2037;61.0;16.0;12.0;11.0;22.0;248;136;112;1353;795;558;1569;976;593;-216;-181;-35
2378;46;2038;60.0;16.0;12.0;11.0;21.0;243;133;110;1358;797;561;1566;975;590;-208;-178;-29
2379;46;2039;60.0;16.0;12.0;11.0;21.0;238;130;108;1361;800;561;1562;972;589;-201;-172;-28
2380;46;2040;60.0;16.0;12.0;11.0;21.0;236;129;107;1362;801;561;1566;976;590;-204;-175;-29
2381;46;2041;59.0;15.0;12.0;11.0;21.0;228;125;103;1367;805;562;1556;970;586;-189;-165;-24
2382;46;2042;58.0;15.0;12.0;11.0;21.0;225;124;101;1372;808;564;1559;974;585;-187;-166;-21
2383;46;2043;59.0;16.0;12.0;11.0;21.0;224;122;101;1374;809;565;1567;977;589;-193;-168;-24
2384;46;2044;61.0;16.0;12.0;11.0;22.0;227;124;102;1376;810;566;1585;990;594;-209;-180;-28
2385;46;2045;61.0;16.0;12.0;11.0;22.0;225;124;101;1376;811;565;1592;996;596;-216;-185;-31
2386;46;2046;62.0;16.0;12.0;11.0;22.0;226;124;102;1378;813;565;1609;1006;603;-231;-193;-38
2387;46;2047;62.0;16.0;12.0;11.0;22.0;221;121;99;1379;812;567;1604;1004;600;-225;-192;-33
2388;46;2048;61.0;16.0;12.0;11.0;22.0;217;119;97;1383;815;568;1603;1004;599;-220;-189;-31
2389;46;2049;61.0;16.0;12.0;11.0;22.0;213;117;96;1385;815;570;1603;1003;599;-218;-188;-29
2390;46;2050;59.0;16.0;12.0;11.0;21.0;205;112;92;1387;817;570;1592;996;596;-205;-179;-26
2391;46;2051;58.0;15.0;12.0;11.0;21.0;198;109;89;1387;817;570;1582;990;591;-195;-173;-21
2392;46;2052;57.0;15.0;11.0;10.0;20.0;193;107;87;1387;817;570;1578;988;590;-191;-171;-20
2393;46;2053;57.0;15.0;11.0;10.0;20.0;188;104;85;1389;818;571;1573;984;589;-184;-166;-18
2394;46;2054;57.0;15.0;11.0;10.0;20.0;189;104;84;1389;818;571;1584;993;592;-195;-175;-21
2395;46;2055;58.0;15.0;12.0;10.0;21.0;187;103;84;1391;820;571;1587;993;593;-196;-173;-22
2396;46;2056;57.0;15.0;11.0;10.0;20.0;183;101;82;1390;819;571;1586;993;592;-196;-174;-21
2397;46;2057;57.0;15.0;11.0;10.0;20.0;179;99;80;1392;821;571;1584;992;592;-192;-171;-21
2398;46;2058;57.0;15.0;11.0;10.0;20.0;177;98;79;1393;821;572;1584;992;592;-191;-171;-20
2399;46;2059;57.0;15.0;11.0;10.0;20.0;175;96;78;1393;820;573;1585;993;593;-192;-173;-20
2400;47;2010;29.0;9.0;5.0;4.0;10.0;464;255;209;1251;746;505;1422;903;519;-171;-157;-14
2401;47;2011;29.0;9.0;5.0;4.0;11.0;464;255;209;1287;769;518;1464;928;536;-177;-159;-18
2402;47;2012;28.0;8.0;6.0;3.0;10.0;450;248;201;1295;771;524;1456;929;527;-161;-158;-3
2403;47;2013;28.0;8.0;6.0;3.0;11.0;436;241;195;1261;746;515;1432;916;516;-171;-170;-1
2404;47;2014;29.0;8.0;6.0;3.0;12.0;427;236;191;1239;733;506;1458;926;532;-219;-193;-26
2405;47;2015;28.0;8.0;6.0;3.0;11.0;424;234;190;1225;724;501;1499;951;548;-274;-227;-47
2406;47;2016;29.0;9.0;6.0;3.0;11.0;436;241;196;1224;724;500;1532;971;561;-308;-247;-61
2407;47;2017;29.0;8.0;6.0;3.0;11.0;420;231;189;1226;727;499;1535;964;570;-309;-237;-71
2408;47;2018;27.0;8.0;6.0;3.0;11.0;397;219;179;1233;733;500;1483;926;557;-250;-193;-57
2409;47;2019;26.0;8.0;5.0;3.0;10.0;374;204;169;1242;738;504;1462;906;556;-220;-168;-52
2410;47;2020;24.0;7.0;5.0;3.0;9.0;341;187;155;1248;743;505;1408;874;535;-160;-131;-30
2411;47;2021;23.0;7.0;5.0;3.0;9.0;325;178;147;1250;746;504;1394;860;534;-144;-114;-30
2412;47;2022;22.0;6.0;5.0;3.0;9.0;308;168;139;1254;750;504;1372;847;524;-118;-97;-20
2413;47;2023;22.0;6.0;5.0;3.0;9.0;302;166;136;1254;752;502;1362;843;519;-108;-91;-17
2414;47;2024;22.0;6.0;5.0;3.0;9.0;294;161;133;1253;752;501;1369;846;523;-116;-94;-22
2415;47;2025;22.0;6.0;5.0;3.0;9.0;294;161;133;1252;752;500;1386;855;531;-134;-103;-31
2416;47;2026;22.0;6.0;5.0;3.0;9.0;289;158;131;1250;751;499;1390;860;529;-140;-109;-30
2417;47;2027;23.0;7.0;5.0;3.0;9.0;294;161;133;1251;751;500;1414;873;541;-163;-122;-41
2418;47;2028;23.0;7.0;5.0;3.0;9.0;286;156;130;1250;751;499;1412;872;540;-162;-121;-41
2419;47;2029;22.0;6.0;5.0;3.0;9.0;276;151;125;1254;754;500;1412;872;540;-158;-118;-40
2420;47;2030;22.0;6.0;5.0;3.0;9.0;271;148;123;1252;754;498;1413;872;541;-161;-118;-43
2421;47;2031;22.0;6.0;5.0;3.0;9.0;274;150;124;1252;754;498;1430;882;548;-178;-128;-50
2422;47;2032;23.0;7.0;5.0;3.0;9.0;275;150;125;1254;755;499;1431;882;549;-177;-127;-50
2423;47;2033;23.0;7.0;5.0;3.0;9.0;278;151;126;1255;755;500;1442;888;553;-187;-133;-53
2424;47;2034;23.0;7.0;5.0;3.0;9.0;276;152;125;1258;756;502;1447;892;554;-189;-136;-52
2425;47;2035;24.0;7.0;5.0;3.0;9.0;273;149;124;1263;759;504;1450;893;556;-187;-134;-52
2426;47;2036;24.0;7.0;5.0;3.0;9.0;272;148;124;1265;761;504;1457;898;560;-192;-137;-56
2427;47;2037;25.0;7.0;5.0;3.0;10.0;277;152;126;1270;765;505;1479;913;566;-209;-148;-61
2428;47;2038;25.0;7.0;5.0;3.0;10.0;274;150;124;1275;768;507;1479;913;566;-204;-145;-59
2429;47;2039;24.0;7.0;5.0;3.0;10.0;268;147;121;1276;767;509;1477;912;564;-201;-145;-55
2430;47;2040;24.0;7.0;5.0;3.0;9.0;263;144;119;1280;770;510;1472;910;563;-192;-140;-53
2431;47;2041;24.0;7.0;5.0;3.0;10.0;260;142;118;1282;772;510;1477;912;565;-195;-140;-55
2432;47;2042;24.0;7.0;5.0;3.0;9.0;252;138;114;1286;774;512;1467;907;561;-181;-133;-49
2433;47;2043;24.0;7.0;5.0;3.0;9.0;248;137;112;1290;777;513;1470;911;559;-180;-134;-46
2434;47;2044;24.0;7.0;5.0;3.0;9.0;247;135;112;1292;778;514;1476;913;563;-184;-135;-49
2435;47;2045;25.0;7.0;5.0;3.0;10.0;250;137;113;1292;778;514;1493;925;568;-201;-147;-54
2436;47;2046;25.0;7.0;5.0;3.0;10.0;249;136;112;1295;780;515;1500;930;570;-205;-150;-55
2437;47;2047;25.0;7.0;5.0;3.0;10.0;250;137;113;1298;783;515;1515;939;576;-217;-156;-61
2438;47;2048;25.0;7.0;5.0;3.0;10.0;244;134;110;1299;784;515;1510;936;573;-211;-152;-58
2439;47;2049;25.0;7.0;5.0;3.0;10.0;239;131;108;1299;784;515;1509;936;573;-210;-152;-58
2440;47;2050;25.0;7.0;5.0;3.0;10.0;235;129;106;1301;786;515;1509;936;573;-208;-150;-58
2441;47;2051;24.0;7.0;5.0;3.0;9.0;226;124;102;1301;785;516;1498;929;570;-197;-144;-54
2442;47;2052;24.0;7.0;5.0;3.0;9.0;218;120;98;1302;786;516;1488;922;566;-186;-136;-50
2443;47;2053;23.0;7.0;5.0;3.0;9.0;214;118;96;1302;785;517;1485;921;564;-183;-136;-47
2444;47;2054;23.0;7.0;5.0;3.0;9.0;208;114;94;1305;787;518;1481;917;564;-176;-130;-46
2445;47;2055;23.0;7.0;5.0;3.0;9.0;208;115;93;1306;787;519;1491;925;566;-185;-138;-47
2446;47;2056;24.0;7.0;5.0;3.0;9.0;206;114;93;1307;787;520;1493;926;567;-186;-139;-47
2447;47;2057;23.0;7.0;5.0;3.0;9.0;202;111;90;1308;788;520;1492;925;567;-184;-137;-47
2448;47;2058;23.0;7.0;5.0;3.0;9.0;198;109;89;1309;789;520;1490;924;566;-181;-135;-46
2449;47;2059;23.0;7.0;5.0;3.0;9.0;195;108;87;1309;790;519;1490;923;566;-181;-133;-47
2450;48;2010;19.0;8.0;3.0;2.0;6.0;510;279;232;1172;693;479;1335;865;470;-163;-172;9
2451;48;2011;20.0;8.0;3.0;3.0;5.0;511;281;231;1208;714;494;1357;882;475;-149;-168;19
2452;48;2012;19.0;7.0;3.0;3.0;6.0;511;281;230;1214;716;498;1400;908;492;-186;-192;6
2453;48;2013;18.0;7.0;3.0;3.0;5.0;495;273;222;1182;693;489;1403;916;487;-221;-223;2
2454;48;2014;18.0;8.0;3.0;3.0;5.0;479;264;215;1158;677;481;1392;911;481;-234;-234;0
2455;48;2015;19.0;8.0;3.0;3.0;5.0;469;258;211;1147;670;477;1410;916;494;-263;-246;-17
2456;48;2016;19.0;8.0;3.0;3.0;5.0;466;256;210;1146;670;476;1445;934;511;-299;-264;-35
2457;48;2017;19.0;8.0;3.0;3.0;5.0;478;263;216;1149;673;476;1468;947;521;-319;-274;-45
2458;48;2018;19.0;8.0;3.0;3.0;5.0;461;252;209;1154;677;477;1471;941;530;-317;-264;-53
2459;48;2019;18.0;8.0;3.0;3.0;5.0;436;238;198;1161;681;480;1422;903;519;-261;-222;-39
2460;48;2020;18.0;7.0;3.0;3.0;5.0;409;222;187;1166;687;479;1400;883;517;-234;-196;-38
2461;48;2021;16.0;7.0;2.0;3.0;4.0;374;203;171;1171;691;480;1348;850;497;-177;-159;-17
2462;48;2022;16.0;7.0;2.0;2.0;4.0;356;194;163;1173;692;481;1334;837;496;-161;-145;-15
2463;48;2023;15.0;6.0;2.0;2.0;4.0;337;183;154;1172;693;479;1313;825;488;-141;-132;-9
2464;48;2024;15.0;6.0;2.0;2.0;4.0;331;180;150;1172;694;478;1302;819;483;-130;-125;-5
2465;48;2025;15.0;6.0;2.0;2.0;4.0;323;175;147;1173;696;477;1310;822;488;-137;-126;-11
2466;48;2026;15.0;6.0;2.0;2.0;4.0;322;175;148;1171;695;476;1324;829;495;-153;-134;-19
2467;48;2027;15.0;6.0;2.0;2.0;4.0;317;172;145;1172;694;478;1327;832;494;-155;-138;-16
2468;48;2028;15.0;6.0;2.0;2.0;4.0;322;175;147;1171;694;477;1350;844;506;-179;-150;-29
2469;48;2029;15.0;6.0;2.0;2.0;4.0;314;170;144;1170;694;476;1347;842;505;-177;-148;-29
2470;48;2030;15.0;6.0;2.0;2.0;4.0;303;164;138;1169;694;475;1347;842;506;-178;-148;-31
2471;48;2031;15.0;6.0;2.0;2.0;4.0;297;161;136;1171;697;474;1347;840;507;-176;-143;-33
2472;48;2032;15.0;6.0;2.0;2.0;4.0;300;163;137;1170;695;475;1364;851;514;-194;-156;-39
2473;48;2033;15.0;6.0;2.0;2.0;4.0;301;163;138;1173;696;477;1367;851;516;-194;-155;-39
2474;48;2034;16.0;7.0;2.0;2.0;4.0;304;165;140;1174;697;477;1377;856;521;-203;-159;-44
2475;48;2035;16.0;7.0;2.0;2.0;4.0;303;165;138;1181;701;480;1381;860;522;-200;-159;-42
2476;48;2036;16.0;7.0;2.0;3.0;4.0;299;162;137;1183;701;482;1385;860;525;-202;-159;-43
2477;48;2037;16.0;7.0;2.0;3.0;4.0;298;161;137;1189;707;482;1392;864;529;-203;-157;-47
2478;48;2038;16.0;7.0;2.0;3.0;4.0;304;165;139;1191;707;484;1413;877;536;-222;-170;-52
2479;48;2039;16.0;7.0;2.0;3.0;4.0;300;163;138;1191;707;484;1413;877;536;-222;-170;-52
2480;48;2040;16.0;7.0;2.0;3.0;4.0;294;160;134;1197;711;486;1411;876;535;-214;-165;-49
2481;48;2041;16.0;7.0;2.0;3.0;4.0;288;156;132;1200;713;487;1407;873;534;-207;-160;-47
2482;48;2042;16.0;7.0;2.0;3.0;4.0;285;155;130;1203;715;488;1412;876;536;-209;-161;-48
2483;48;2043;16.0;7.0;2.0;3.0;4.0;276;150;126;1205;716;489;1404;871;534;-199;-155;-45
2484;48;2044;16.0;7.0;2.0;3.0;4.0;272;149;124;1209;718;491;1407;873;533;-198;-155;-42
2485;48;2045;16.0;7.0;2.0;3.0;4.0;271;147;124;1209;718;491;1413;875;538;-204;-157;-47
2486;48;2046;16.0;7.0;2.0;3.0;4.0;274;149;125;1210;719;491;1429;885;543;-219;-166;-52
2487;48;2047;16.0;7.0;2.0;3.0;4.0;273;149;124;1211;720;491;1436;891;545;-225;-171;-54
2488;48;2048;17.0;7.0;2.0;3.0;5.0;274;149;125;1212;720;492;1450;898;553;-238;-178;-61
2489;48;2049;17.0;7.0;2.0;3.0;5.0;267;146;122;1214;722;492;1445;895;550;-231;-173;-58
2490;48;2050;16.0;7.0;2.0;3.0;4.0;262;143;119;1215;723;492;1445;895;551;-230;-172;-59
2491;48;2051;16.0;7.0;2.0;3.0;4.0;258;141;117;1216;724;492;1445;895;550;-229;-171;-58
2492;48;2052;16.0;7.0;2.0;3.0;4.0;248;135;113;1217;724;493;1436;888;548;-219;-164;-55
2493;48;2053;16.0;7.0;2.0;3.0;4.0;239;131;109;1217;724;493;1426;882;544;-209;-158;-51
2494;48;2054;16.0;7.0;2.0;2.0;4.0;234;128;106;1220;726;494;1424;881;544;-204;-155;-50
2495;48;2055;15.0;7.0;2.0;2.0;4.0;228;125;104;1222;728;494;1420;877;543;-198;-149;-49
2496;48;2056;16.0;7.0;2.0;2.0;4.0;228;125;103;1222;727;495;1430;884;546;-208;-157;-51
2497;48;2057;16.0;7.0;2.0;2.0;4.0;226;124;103;1223;727;496;1432;885;547;-209;-158;-51
2498;48;2058;15.0;7.0;2.0;2.0;4.0;221;121;100;1224;727;497;1432;885;547;-208;-158;-50
2499;48;2059;15.0;7.0;2.0;2.0;4.0;217;119;98;1224;727;497;1432;884;547;-208;-157;-50
2500;49;2010;13.0;6.0;2.0;2.0;3.0;566;309;257;1061;641;420;1219;788;432;-158;-147;-12
2501;49;2011;18.0;7.0;3.0;2.0;5.0;561;307;254;1092;661;431;1253;807;446;-161;-146;-15
2502;49;2012;14.0;6.0;2.0;2.0;3.0;562;309;253;1101;665;436;1277;826;452;-176;-161;-16
2503;49;2013;15.0;7.0;2.0;3.0;3.0;562;308;253;1069;643;426;1328;857;471;-259;-214;-45
2504;49;2014;15.0;7.0;2.0;3.0;4.0;543;299;244;1052;631;421;1342;872;470;-290;-241;-49
2505;49;2015;15.0;7.0;2.0;2.0;4.0;525;289;237;1041;625;416;1329;866;463;-288;-241;-47
2506;49;2016;15.0;7.0;2.0;2.0;4.0;514;282;232;1038;623;415;1341;865;476;-303;-242;-61
2507;49;2017;15.0;7.0;2.0;2.0;3.0;510;279;231;1041;625;416;1369;878;492;-328;-253;-76
2508;49;2018;16.0;7.0;2.0;3.0;4.0;524;286;238;1045;630;415;1390;889;501;-345;-259;-86
2509;49;2019;15.0;7.0;2.0;2.0;4.0;504;274;230;1052;636;416;1394;884;510;-342;-248;-94
2510;49;2020;15.0;7.0;2.0;2.0;3.0;476;259;218;1056;639;417;1350;850;500;-294;-211;-83
2511;49;2021;14.0;7.0;2.0;2.0;3.0;448;242;206;1062;644;418;1330;832;498;-268;-188;-80
2512;49;2022;13.0;6.0;2.0;2.0;3.0;409;221;188;1062;645;417;1283;803;480;-221;-158;-63
2513;49;2023;13.0;6.0;2.0;2.0;3.0;390;210;179;1063;648;415;1270;791;479;-207;-143;-64
2514;49;2024;12.0;6.0;2.0;2.0;3.0;369;199;170;1065;649;416;1251;780;471;-186;-131;-55
2515;49;2025;12.0;6.0;2.0;2.0;3.0;362;196;166;1062;649;413;1241;775;466;-179;-126;-53
2516;49;2026;12.0;5.0;2.0;2.0;3.0;353;190;163;1063;648;415;1249;778;472;-186;-130;-57
2517;49;2027;12.0;6.0;2.0;2.0;3.0;353;190;163;1066;652;414;1265;786;479;-199;-134;-65
2518;49;2028;12.0;6.0;2.0;2.0;3.0;347;187;160;1060;649;411;1267;789;478;-207;-140;-67
2519;49;2029;12.0;6.0;2.0;2.0;3.0;352;190;162;1061;648;413;1289;800;489;-228;-152;-76
2520;49;2030;12.0;6.0;2.0;2.0;3.0;343;185;159;1062;649;413;1288;799;489;-226;-150;-76
2521;49;2031;12.0;5.0;2.0;2.0;3.0;331;179;153;1064;652;412;1289;798;490;-225;-146;-78
2522;49;2032;12.0;5.0;2.0;2.0;3.0;325;175;150;1068;654;414;1290;799;492;-222;-145;-78
2523;49;2033;12.0;6.0;2.0;2.0;3.0;329;177;151;1069;654;415;1307;808;499;-238;-154;-84
2524;49;2034;12.0;6.0;2.0;2.0;3.0;330;178;152;1072;657;415;1311;810;501;-239;-153;-86
2525;49;2035;13.0;6.0;2.0;2.0;3.0;333;179;154;1074;658;416;1322;816;506;-248;-158;-90
2526;49;2036;13.0;6.0;2.0;2.0;3.0;332;180;152;1078;661;417;1327;820;507;-249;-159;-90
2527;49;2037;13.0;6.0;2.0;2.0;3.0;327;176;151;1076;660;416;1332;821;511;-256;-161;-95
2528;49;2038;13.0;6.0;2.0;2.0;3.0;326;176;151;1082;664;418;1341;826;515;-259;-162;-97
2529;49;2039;13.0;6.0;2.0;2.0;3.0;333;180;153;1085;666;419;1363;840;523;-278;-174;-104
2530;49;2040;13.0;6.0;2.0;2.0;3.0;329;177;151;1088;668;420;1364;840;524;-276;-172;-104
2531;49;2041;13.0;6.0;2.0;2.0;3.0;322;174;148;1089;668;421;1363;840;523;-274;-172;-102
2532;49;2042;13.0;6.0;2.0;2.0;3.0;316;170;145;1094;672;422;1360;838;523;-266;-166;-101
2533;49;2043;13.0;6.0;2.0;2.0;3.0;312;169;144;1095;673;422;1367;841;525;-272;-168;-103
2534;49;2044;13.0;6.0;2.0;2.0;3.0;302;163;139;1097;674;423;1359;837;523;-262;-163;-100
2535;49;2045;13.0;6.0;2.0;2.0;3.0;298;162;136;1100;675;425;1363;840;522;-263;-165;-97
2536;49;2046;13.0;6.0;2.0;2.0;3.0;296;160;137;1102;676;426;1370;843;527;-268;-167;-101
2537;49;2047;13.0;6.0;2.0;2.0;3.0;300;162;138;1104;677;427;1388;854;534;-284;-177;-107
2538;49;2048;13.0;6.0;2.0;2.0;3.0;298;162;137;1105;678;427;1394;858;536;-289;-180;-109
2539;49;2049;14.0;6.0;2.0;2.0;3.0;300;162;138;1107;678;429;1410;867;543;-303;-189;-114
2540;49;2050;13.0;6.0;2.0;2.0;3.0;293;158;134;1108;679;429;1407;865;541;-299;-186;-112
2541;49;2051;13.0;6.0;2.0;2.0;3.0;287;156;132;1108;679;429;1407;865;542;-299;-186;-113
2542;49;2052;13.0;6.0;2.0;2.0;3.0;283;153;129;1110;680;430;1409;866;543;-299;-186;-113
2543;49;2053;13.0;6.0;2.0;2.0;3.0;272;147;125;1111;680;431;1399;859;540;-288;-179;-109
2544;49;2054;13.0;6.0;2.0;2.0;3.0;262;142;120;1113;682;431;1391;854;537;-278;-172;-106
2545;49;2055;13.0;6.0;2.0;2.0;3.0;257;140;117;1113;682;431;1389;853;536;-276;-171;-105
2546;49;2056;12.0;6.0;2.0;2.0;3.0;250;136;115;1111;681;430;1386;849;536;-275;-168;-106
2547;49;2057;13.0;6.0;2.0;2.0;3.0;250;136;114;1113;683;430;1396;857;539;-283;-174;-109
2548;49;2058;13.0;6.0;2.0;2.0;3.0;248;135;113;1113;685;428;1399;858;541;-286;-173;-113
2549;49;2059;13.0;6.0;2.0;2.0;3.0;243;132;111;1114;685;429;1399;858;541;-285;-173;-112
2550;50;2010;;;;;;618;338;280;964;572;392;1189;761;429;-225;-189;-37
2551;50;2011;;;;;;623;340;283;996;594;402;1163;742;421;-167;-148;-19
2552;50;2012;;;;;;618;338;280;1003;595;408;1199;764;435;-196;-169;-27
2553;50;2013;;;;;;618;339;279;980;578;402;1231;787;443;-251;-209;-41
2554;50;2014;;;;;;616;338;278;956;562;394;1288;823;464;-332;-261;-70
2555;50;2015;;;;;;596;327;269;944;556;388;1296;834;462;-352;-278;-74
2556;50;2016;;;;;;576;315;261;944;557;387;1280;823;457;-336;-266;-70
2557;50;2017;;;;;;563;307;256;948;560;388;1282;817;466;-334;-257;-78
2558;50;2018;;;;;;558;304;255;954;565;389;1309;828;481;-355;-263;-92
2559;50;2019;;;;;;573;311;262;960;569;391;1330;840;490;-370;-271;-99
2560;50;2020;;;;;;552;298;253;964;573;391;1334;835;500;-370;-262;-109
2561;50;2021;;;;;;521;281;240;969;576;393;1289;801;487;-320;-225;-94
2562;50;2022;;;;;;490;263;227;972;581;391;1271;786;485;-299;-205;-94
2563;50;2023;;;;;;448;240;208;969;580;389;1225;758;468;-256;-178;-79
2564;50;2024;;;;;;427;229;198;972;583;389;1213;747;466;-241;-164;-77
2565;50;2025;;;;;;404;217;187;969;582;387;1195;736;459;-226;-154;-72
2566;50;2026;;;;;;396;213;183;969;583;386;1186;732;454;-217;-149;-68
2567;50;2027;;;;;;387;207;179;973;586;387;1194;735;459;-221;-149;-72
2568;50;2028;;;;;;386;207;179;972;585;387;1208;742;466;-236;-157;-79
2569;50;2029;;;;;;380;204;176;971;584;387;1211;745;466;-240;-161;-79
2570;50;2030;;;;;;386;207;179;973;585;388;1233;756;477;-260;-171;-89
2571;50;2031;;;;;;376;201;175;974;586;388;1232;755;477;-258;-169;-89
2572;50;2032;;;;;;363;195;168;974;585;389;1233;755;478;-259;-170;-89
2573;50;2033;;;;;;357;191;166;980;590;390;1236;756;479;-256;-166;-89
2574;50;2034;;;;;;360;193;167;982;591;391;1253;767;486;-271;-176;-95
2575;50;2035;;;;;;361;194;168;985;592;393;1258;769;489;-273;-177;-96
2576;50;2036;;;;;;365;196;170;985;592;393;1269;775;494;-284;-183;-101
2577;50;2037;;;;;;364;196;168;989;595;394;1275;779;496;-286;-184;-102
2578;50;2038;;;;;;358;192;166;993;598;395;1280;781;499;-287;-183;-104
2579;50;2039;;;;;;357;192;166;994;599;395;1290;786;503;-296;-187;-108
2580;50;2040;;;;;;365;196;169;1001;604;397;1312;800;512;-311;-196;-115
2581;50;2041;;;;;;360;193;167;1003;606;397;1314;801;513;-311;-195;-116
2582;50;2042;;;;;;352;189;163;1004;606;398;1314;801;512;-310;-195;-114
2583;50;2043;;;;;;346;186;160;1007;608;399;1312;800;512;-305;-192;-113
2584;50;2044;;;;;;342;184;158;1008;607;401;1318;803;515;-310;-196;-114
2585;50;2045;;;;;;331;178;153;1010;607;403;1311;799;512;-301;-192;-109
2586;50;2046;;;;;;327;176;150;1013;609;404;1315;803;512;-302;-194;-108
2587;50;2047;;;;;;325;174;151;1014;609;405;1323;806;517;-309;-197;-112
2588;50;2048;;;;;;329;177;152;1014;610;404;1341;817;524;-327;-207;-120
2589;50;2049;;;;;;327;176;151;1016;612;404;1347;822;526;-331;-210;-122
2590;50;2050;;;;;;329;177;152;1018;613;405;1363;830;533;-345;-217;-128
2591;50;2051;;;;;;321;173;148;1020;614;406;1361;829;532;-341;-215;-126
2592;50;2052;;;;;;315;170;145;1020;614;406;1361;829;532;-341;-215;-126
2593;50;2053;;;;;;310;167;143;1019;613;406;1362;830;532;-343;-217;-126
2594;50;2054;;;;;;298;160;138;1021;615;406;1354;824;530;-333;-209;-124
2595;50;2055;;;;;;288;155;133;1021;615;406;1345;819;526;-324;-204;-120
2596;50;2056;;;;;;282;152;130;1021;615;406;1344;818;525;-323;-203;-119
2597;50;2057;;;;;;274;148;127;1022;615;407;1340;815;526;-318;-200;-119
2598;50;2058;;;;;;275;149;126;1023;616;407;1351;823;528;-328;-207;-121
2599;50;2059;;;;;;272;147;125;1022;616;406;1353;823;530;-331;-207;-124
2600;51;2010;;;;;;683;375;308;859;512;347;1085;691;394;-226;-179;-47
2601;51;2011;;;;;;676;372;304;883;528;355;1144;729;414;-261;-201;-59
2602;51;2012;;;;;;681;374;307;893;533;360;1123;716;408;-230;-183;-48
2603;51;2013;;;;;;675;370;304;874;517;357;1169;745;424;-295;-228;-67
2604;51;2014;;;;;;674;371;303;851;501;350;1207;774;434;-356;-273;-84
2605;51;2015;;;;;;672;369;303;842;497;345;1257;805;452;-415;-308;-107
2606;51;2016;;;;;;649;356;293;839;495;344;1259;810;450;-420;-315;-106
2607;51;2017;;;;;;627;343;284;844;500;344;1237;794;443;-393;-294;-99
2608;51;2018;;;;;;613;334;279;846;503;343;1236;786;450;-390;-283;-107
2609;51;2019;;;;;;607;330;278;850;507;343;1262;797;465;-412;-290;-122
2610;51;2020;;;;;;624;338;285;857;513;344;1282;809;473;-425;-296;-129
2611;51;2021;;;;;;600;324;276;859;515;344;1283;803;480;-424;-288;-136
2612;51;2022;;;;;;567;306;261;859;514;345;1237;770;468;-378;-256;-123
2613;51;2023;;;;;;533;285;248;864;518;346;1220;754;466;-356;-236;-120
2614;51;2024;;;;;;487;261;226;862;517;345;1174;726;448;-312;-209;-103
2615;51;2025;;;;;;464;249;215;862;518;344;1160;715;445;-298;-197;-101
2616;51;2026;;;;;;440;236;204;865;520;345;1140;704;436;-275;-184;-91
2617;51;2027;;;;;;431;232;199;864;519;345;1131;699;432;-267;-180;-87
2618;51;2028;;;;;;421;225;196;865;521;344;1136;701;435;-271;-180;-91
2619;51;2029;;;;;;421;225;196;865;522;343;1150;708;443;-285;-186;-100
2620;51;2030;;;;;;414;222;192;866;523;343;1151;710;441;-285;-187;-98
2621;51;2031;;;;;;420;225;195;866;523;343;1172;721;452;-306;-198;-109
2622;51;2032;;;;;;410;219;191;867;523;344;1170;718;452;-303;-195;-108
2623;51;2033;;;;;;396;212;184;870;525;345;1170;719;452;-300;-194;-107
2624;51;2034;;;;;;389;208;181;870;525;345;1173;719;454;-303;-194;-109
2625;51;2035;;;;;;393;211;182;876;528;348;1190;730;460;-314;-202;-112
2626;51;2036;;;;;;394;211;183;878;530;348;1195;732;463;-317;-202;-115
2627;51;2037;;;;;;398;213;185;880;532;348;1206;738;468;-326;-206;-120
2628;51;2038;;;;;;396;213;183;884;533;351;1212;743;469;-328;-210;-118
2629;51;2039;;;;;;390;209;181;885;534;351;1216;744;472;-331;-210;-121
2630;51;2040;;;;;;389;208;181;886;535;351;1225;749;476;-339;-214;-125
2631;51;2041;;;;;;397;214;184;888;536;352;1246;762;484;-358;-226;-132
2632;51;2042;;;;;;392;210;182;889;536;353;1247;763;484;-358;-227;-131
2633;51;2043;;;;;;384;206;178;893;540;353;1246;763;483;-353;-223;-130
2634;51;2044;;;;;;377;202;175;895;541;354;1245;761;483;-350;-220;-129
2635;51;2045;;;;;;373;200;173;898;544;354;1251;765;486;-353;-221;-132
2636;51;2046;;;;;;361;194;167;899;544;355;1244;761;483;-345;-217;-128
2637;51;2047;;;;;;356;192;164;899;544;355;1248;765;483;-349;-221;-128
2638;51;2048;;;;;;354;189;164;901;545;356;1255;767;488;-354;-222;-132
2639;51;2049;;;;;;358;192;166;901;545;356;1271;777;494;-370;-232;-138
2640;51;2050;;;;;;356;192;165;902;546;356;1279;782;496;-377;-236;-140
2641;51;2051;;;;;;359;192;166;902;546;356;1293;790;503;-391;-244;-147
2642;51;2052;;;;;;350;188;162;903;547;356;1290;788;501;-387;-241;-145
2643;51;2053;;;;;;343;185;159;903;547;356;1290;789;501;-387;-242;-145
2644;51;2054;;;;;;338;182;156;905;548;357;1292;790;502;-387;-242;-145
2645;51;2055;;;;;;325;175;151;905;548;357;1282;783;499;-377;-235;-142
2646;51;2056;;;;;;314;169;145;906;549;357;1273;778;495;-367;-229;-138
2647;51;2057;;;;;;307;166;142;907;550;357;1273;778;495;-366;-228;-138
2648;51;2058;;;;;;299;161;139;906;549;357;1269;774;494;-363;-225;-137
2649;51;2059;;;;;;300;162;138;907;550;357;1278;781;497;-371;-231;-140
2650;52;2010;;;;;;737;409;328;791;470;321;1026;658;368;-235;-188;-47
2651;52;2011;;;;;;742;410;331;815;486;329;1049;675;374;-234;-189;-45
2652;52;2012;;;;;;734;406;327;821;487;334;1107;714;393;-286;-227;-59
2653;52;2013;;;;;;738;407;331;799;470;329;1097;707;390;-298;-237;-61
2654;52;2014;;;;;;731;403;328;784;458;326;1149;743;406;-365;-285;-80
2655;52;2015;;;;;;729;403;327;776;454;322;1182;768;415;-406;-314;-93
2656;52;2016;;;;;;726;400;327;774;454;320;1224;793;431;-450;-339;-111
2657;52;2017;;;;;;701;385;316;773;454;319;1219;792;427;-446;-338;-108
2658;52;2018;;;;;;677;371;306;782;461;321;1196;776;421;-414;-315;-100
2659;52;2019;;;;;;662;361;300;784;464;320;1194;767;426;-410;-303;-106
2660;52;2020;;;;;;656;356;299;788;467;321;1218;778;440;-430;-311;-119
2661;52;2021;;;;;;673;365;308;791;471;320;1238;790;448;-447;-319;-128
2662;52;2022;;;;;;648;350;298;795;473;322;1239;784;455;-444;-311;-133
2663;52;2023;;;;;;612;330;282;796;473;323;1196;752;444;-400;-279;-121
2664;52;2024;;;;;;576;309;268;792;472;320;1177;736;441;-385;-264;-121
2665;52;2025;;;;;;527;282;244;796;476;320;1131;708;422;-335;-232;-102
2666;52;2026;;;;;;502;269;233;795;474;321;1116;697;419;-321;-223;-98
2667;52;2027;;;;;;476;255;221;795;474;321;1096;685;411;-301;-211;-90
2668;52;2028;;;;;;466;251;215;797;475;322;1087;680;407;-290;-205;-85
2669;52;2029;;;;;;455;244;211;795;475;320;1092;682;410;-297;-207;-90
2670;52;2030;;;;;;455;244;211;798;477;321;1105;689;416;-307;-212;-95
2671;52;2031;;;;;;448;240;208;799;479;320;1105;691;415;-306;-212;-95
2672;52;2032;;;;;;455;244;211;800;479;321;1126;701;425;-326;-222;-104
2673;52;2033;;;;;;444;237;206;803;480;323;1123;699;425;-320;-219;-102
2674;52;2034;;;;;;428;230;198;804;482;322;1124;699;424;-320;-217;-102
2675;52;2035;;;;;;421;226;195;805;481;324;1126;700;426;-321;-219;-102
2676;52;2036;;;;;;425;228;196;808;483;325;1143;710;433;-335;-227;-108
2677;52;2037;;;;;;426;228;197;810;484;326;1149;713;436;-339;-229;-110
2678;52;2038;;;;;;431;231;200;814;487;327;1160;720;441;-346;-233;-114
2679;52;2039;;;;;;429;231;198;815;488;327;1166;724;441;-351;-236;-114
2680;52;2040;;;;;;422;227;195;819;490;329;1170;725;444;-351;-235;-115
2681;52;2041;;;;;;421;226;195;822;492;330;1179;731;448;-357;-239;-118
2682;52;2042;;;;;;430;231;198;823;493;330;1200;744;456;-377;-251;-126
2683;52;2043;;;;;;424;228;197;824;494;330;1202;746;457;-378;-252;-127
2684;52;2044;;;;;;415;223;192;825;494;331;1201;745;456;-376;-251;-125
2685;52;2045;;;;;;407;219;189;826;494;332;1200;744;456;-374;-250;-124
2686;52;2046;;;;;;403;217;187;827;495;332;1205;748;458;-378;-253;-126
2687;52;2047;;;;;;390;210;181;828;496;332;1199;744;456;-371;-248;-124
2688;52;2048;;;;;;385;208;177;829;497;332;1202;747;455;-373;-250;-123
2689;52;2049;;;;;;383;205;178;830;498;332;1210;750;460;-380;-252;-128
2690;52;2050;;;;;;388;208;180;833;500;333;1225;760;465;-392;-260;-132
2691;52;2051;;;;;;386;208;178;833;500;333;1233;766;467;-400;-266;-134
2692;52;2052;;;;;;388;208;180;835;501;334;1247;773;473;-412;-272;-139
2693;52;2053;;;;;;379;204;175;835;501;334;1244;771;473;-409;-270;-139
2694;52;2054;;;;;;372;200;172;835;501;334;1244;772;472;-409;-271;-138
2695;52;2055;;;;;;366;197;169;836;501;335;1245;773;473;-409;-272;-138
2696;52;2056;;;;;;352;189;163;836;501;335;1236;766;470;-400;-265;-135
2697;52;2057;;;;;;340;183;157;836;501;335;1229;762;466;-393;-261;-131
2698;52;2058;;;;;;333;179;154;835;500;335;1227;761;466;-392;-261;-131
2699;52;2059;;;;;;324;174;150;835;500;335;1223;758;466;-388;-258;-131
2700;53;2010;;;;;;794;444;351;726;447;279;944;597;347;-218;-150;-68
2701;53;2011;;;;;;794;443;351;752;465;287;963;612;351;-211;-147;-64
2702;53;2012;;;;;;799;445;354;759;468;291;988;631;357;-229;-163;-66
2703;53;2013;;;;;;790;440;350;734;449;285;1050;673;377;-316;-224;-92
2704;53;2014;;;;;;795;441;354;721;436;285;1051;675;376;-330;-239;-91
2705;53;2015;;;;;;787;436;351;714;433;281;1098;707;391;-384;-274;-110
2706;53;2016;;;;;;785;436;350;710;432;278;1125;726;399;-415;-294;-121
2707;53;2017;;;;;;782;432;350;713;435;278;1160;746;414;-447;-311;-136
2708;53;2018;;;;;;755;417;338;715;438;277;1155;744;411;-440;-306;-134
2709;53;2019;;;;;;730;402;329;722;442;280;1136;731;405;-414;-289;-125
2710;53;2020;;;;;;714;392;322;726;446;280;1133;722;411;-407;-276;-131
2711;53;2021;;;;;;708;387;321;729;449;280;1157;734;423;-428;-285;-143
2712;53;2022;;;;;;727;397;330;731;451;280;1177;745;432;-446;-294;-152
2713;53;2023;;;;;;700;380;319;733;453;280;1177;741;437;-444;-288;-157
2714;53;2024;;;;;;662;359;303;734;454;280;1140;713;427;-406;-259;-147
2715;53;2025;;;;;;623;336;287;734;454;280;1122;698;424;-388;-244;-144
2716;53;2026;;;;;;570;307;262;735;453;282;1080;672;408;-345;-219;-126
2717;53;2027;;;;;;543;293;250;736;456;280;1068;662;405;-332;-206;-125
2718;53;2028;;;;;;515;278;237;734;455;279;1047;650;397;-313;-195;-118
2719;53;2029;;;;;;505;274;231;738;458;280;1039;647;393;-301;-189;-113
2720;53;2030;;;;;;493;266;227;737;457;280;1045;649;396;-308;-192;-116
2721;53;2031;;;;;;493;266;227;737;458;279;1057;655;402;-320;-197;-123
2722;53;2032;;;;;;485;262;223;740;460;280;1059;658;401;-319;-198;-121
2723;53;2033;;;;;;492;266;226;739;459;280;1078;668;410;-339;-209;-130
2724;53;2034;;;;;;481;259;221;742;463;279;1078;667;411;-336;-204;-132
2725;53;2035;;;;;;463;251;213;744;463;281;1078;668;410;-334;-205;-129
2726;53;2036;;;;;;455;246;209;749;467;282;1081;668;413;-332;-201;-131
2727;53;2037;;;;;;460;249;211;750;468;282;1098;679;419;-348;-211;-137
2728;53;2038;;;;;;461;249;212;752;469;283;1103;681;422;-351;-212;-139
2729;53;2039;;;;;;466;252;214;753;470;283;1116;689;427;-363;-219;-144
2730;53;2040;;;;;;464;252;212;755;469;286;1122;693;429;-367;-224;-143
2731;53;2041;;;;;;457;247;210;758;472;286;1126;695;431;-368;-223;-145
2732;53;2042;;;;;;456;246;209;759;472;287;1137;701;436;-378;-229;-149
2733;53;2043;;;;;;465;252;213;763;475;288;1156;714;443;-393;-239;-155
2734;53;2044;;;;;;459;248;211;765;477;288;1159;715;444;-394;-238;-156
2735;53;2045;;;;;;449;243;206;766;477;289;1159;716;444;-393;-239;-155
2736;53;2046;;;;;;441;239;202;767;479;288;1159;715;444;-392;-236;-156
2737;53;2047;;;;;;437;236;200;769;480;289;1164;719;445;-395;-239;-156
2738;53;2048;;;;;;423;229;194;769;480;289;1159;715;443;-390;-235;-154
2739;53;2049;;;;;;417;227;190;770;481;289;1163;719;444;-393;-238;-155
2740;53;2050;;;;;;415;224;191;770;481;289;1170;722;448;-400;-241;-159
2741;53;2051;;;;;;420;228;193;773;482;291;1186;733;454;-413;-251;-163
2742;53;2052;;;;;;418;227;191;773;483;290;1194;738;456;-421;-255;-166
2743;53;2053;;;;;;420;228;193;773;483;290;1208;746;462;-435;-263;-172
2744;53;2054;;;;;;411;222;188;774;484;290;1205;745;460;-431;-261;-170
2745;53;2055;;;;;;403;219;184;774;484;290;1206;745;461;-432;-261;-171
2746;53;2056;;;;;;397;215;181;774;484;290;1208;747;461;-434;-263;-171
2747;53;2057;;;;;;382;207;175;773;483;290;1199;740;459;-426;-257;-169
2748;53;2058;;;;;;368;200;169;775;484;291;1192;737;455;-417;-253;-164
2749;53;2059;;;;;;361;196;165;775;484;291;1191;735;455;-416;-251;-164
2750;54;2010;;;;;;856;484;373;653;388;265;872;550;322;-219;-162;-57
2751;54;2011;;;;;;852;479;373;677;404;273;871;545;326;-194;-141;-53
2752;54;2012;;;;;;852;479;373;687;408;279;892;562;330;-205;-154;-51
2753;54;2013;;;;;;857;480;376;668;394;274;922;583;339;-254;-189;-65
2754;54;2014;;;;;;847;475;372;653;383;270;988;629;359;-335;-246;-89
2755;54;2015;;;;;;853;476;377;643;378;265;986;628;358;-343;-250;-93
2756;54;2016;;;;;;844;470;374;641;378;263;1025;654;371;-384;-276;-108
2757;54;2017;;;;;;843;470;373;642;380;262;1045;667;378;-403;-287;-116
2758;54;2018;;;;;;840;467;373;646;382;264;1078;686;392;-432;-304;-128
2759;54;2019;;;;;;811;451;361;651;387;264;1073;684;389;-422;-297;-125
2760;54;2020;;;;;;785;434;350;658;392;266;1056;673;383;-398;-281;-117
2761;54;2021;;;;;;767;424;344;659;393;266;1052;663;389;-393;-270;-123
2762;54;2022;;;;;;761;419;343;659;393;266;1075;675;400;-416;-282;-134
2763;54;2023;;;;;;782;430;352;663;396;267;1095;687;408;-432;-291;-141
2764;54;2024;;;;;;753;412;341;660;394;266;1096;683;412;-436;-289;-146
2765;54;2025;;;;;;713;390;323;664;396;268;1062;658;403;-398;-262;-135
2766;54;2026;;;;;;671;364;307;662;396;266;1044;644;400;-382;-248;-134
2767;54;2027;;;;;;614;334;280;664;397;267;1006;621;385;-342;-224;-118
2768;54;2028;;;;;;585;319;267;666;398;268;995;613;382;-329;-215;-114
2769;54;2029;;;;;;555;302;253;664;397;267;975;601;374;-311;-204;-107
2770;54;2030;;;;;;544;298;247;663;397;266;968;598;370;-305;-201;-104
2771;54;2031;;;;;;532;290;242;666;398;268;973;600;373;-307;-202;-105
2772;54;2032;;;;;;531;289;242;667;399;268;985;606;379;-318;-207;-111
2773;54;2033;;;;;;523;285;238;671;402;269;988;609;378;-317;-207;-109
2774;54;2034;;;;;;531;290;242;672;402;270;1005;618;387;-333;-216;-117
2775;54;2035;;;;;;518;282;236;672;401;271;1004;617;387;-332;-216;-116
2776;54;2036;;;;;;500;272;227;676;404;272;1006;619;387;-330;-215;-115
2777;54;2037;;;;;;491;268;223;679;405;274;1008;620;388;-329;-215;-114
2778;54;2038;;;;;;496;271;225;679;404;275;1024;629;395;-345;-225;-120
2779;54;2039;;;;;;497;271;226;682;407;275;1030;632;397;-348;-225;-122
2780;54;2040;;;;;;502;274;229;685;410;275;1041;639;402;-356;-229;-127
2781;54;2041;;;;;;500;274;226;687;410;277;1048;644;404;-361;-234;-127
2782;54;2042;;;;;;493;269;224;689;412;277;1053;646;407;-364;-234;-130
2783;54;2043;;;;;;491;268;223;690;413;277;1061;650;411;-371;-237;-134
2784;54;2044;;;;;;501;274;227;691;414;277;1081;663;418;-390;-249;-141
2785;54;2045;;;;;;495;270;225;692;414;278;1083;665;418;-391;-251;-140
2786;54;2046;;;;;;484;265;219;695;416;279;1084;666;418;-389;-250;-139
2787;54;2047;;;;;;475;260;216;695;416;279;1084;665;418;-389;-249;-139
2788;54;2048;;;;;;471;257;213;696;417;279;1088;668;420;-392;-251;-141
2789;54;2049;;;;;;456;249;207;695;417;278;1083;665;418;-388;-248;-140
2790;54;2050;;;;;;450;247;203;696;418;278;1088;670;418;-392;-252;-140
2791;54;2051;;;;;;448;244;204;698;419;279;1095;673;423;-397;-254;-144
2792;54;2052;;;;;;454;248;206;700;420;280;1110;683;428;-410;-263;-148
2793;54;2053;;;;;;451;247;204;702;421;281;1117;687;430;-415;-266;-149
2794;54;2054;;;;;;454;248;206;701;420;281;1130;694;435;-429;-274;-154
2795;54;2055;;;;;;443;242;201;701;420;281;1128;694;434;-427;-274;-153
2796;54;2056;;;;;;435;238;197;703;421;282;1128;695;434;-425;-274;-152
2797;54;2057;;;;;;428;235;194;703;421;282;1131;696;435;-428;-275;-153
2798;54;2058;;;;;;412;225;187;702;421;281;1123;690;433;-421;-269;-152
2799;54;2059;;;;;;398;218;180;702;420;282;1116;687;429;-414;-267;-147
2800;55;2010;;;;;;912;518;394;607;361;246;800;493;307;-193;-132;-61
2801;55;2011;;;;;;915;521;394;632;377;255;827;513;315;-195;-136;-60
2802;55;2012;;;;;;911;516;394;639;382;257;832;512;320;-193;-130;-63
2803;55;2013;;;;;;910;516;395;621;367;254;861;533;327;-240;-166;-73
2804;55;2014;;;;;;916;517;399;607;356;251;896;558;337;-289;-202;-86
2805;55;2015;;;;;;906;511;395;597;351;246;957;600;357;-360;-249;-111
2806;55;2016;;;;;;912;512;399;596;352;244;952;597;356;-356;-245;-112
2807;55;2017;;;;;;903;506;396;599;355;244;985;617;369;-386;-262;-125
2808;55;2018;;;;;;902;506;396;601;355;246;1004;628;375;-403;-273;-129
2809;55;2019;;;;;;899;503;396;607;362;245;1036;646;389;-429;-284;-144
2810;55;2020;;;;;;869;486;383;612;366;246;1033;646;387;-421;-280;-141
2811;55;2021;;;;;;841;469;372;616;367;249;1017;635;382;-401;-268;-133
2812;55;2022;;;;;;823;458;365;619;370;249;1011;626;385;-392;-256;-136
2813;55;2023;;;;;;817;453;364;622;372;250;1034;638;396;-412;-266;-146
2814;55;2024;;;;;;839;465;374;620;370;250;1055;650;404;-435;-280;-154
2815;55;2025;;;;;;809;447;362;619;370;249;1057;647;410;-438;-277;-161
2816;55;2026;;;;;;765;422;343;621;371;250;1026;624;401;-405;-253;-151
2817;55;2027;;;;;;721;395;326;621;372;249;1009;611;398;-388;-239;-149
2818;55;2028;;;;;;659;362;297;623;373;250;973;589;384;-350;-216;-134
2819;55;2029;;;;;;629;346;283;623;372;251;963;582;381;-340;-210;-130
2820;55;2030;;;;;;597;328;269;625;375;250;944;571;373;-319;-196;-123
2821;55;2031;;;;;;585;323;262;624;375;249;937;568;369;-313;-193;-120
2822;55;2032;;;;;;572;314;257;627;378;249;943;570;373;-316;-192;-124
2823;55;2033;;;;;;571;314;257;627;377;250;955;577;378;-328;-200;-128
2824;55;2034;;;;;;562;310;253;629;378;251;958;580;378;-329;-202;-127
2825;55;2035;;;;;;571;314;256;632;380;252;976;589;387;-344;-209;-135
2826;55;2036;;;;;;557;306;251;635;380;255;977;589;387;-342;-209;-132
2827;55;2037;;;;;;537;296;241;637;382;255;977;590;387;-340;-208;-132
2828;55;2038;;;;;;528;290;237;638;382;256;981;591;389;-343;-209;-133
2829;55;2039;;;;;;532;294;239;643;387;256;996;601;396;-353;-214;-140
2830;55;2040;;;;;;534;294;240;643;387;256;1003;604;399;-360;-217;-143
2831;55;2041;;;;;;540;297;243;647;390;257;1015;611;404;-368;-221;-147
2832;55;2042;;;;;;537;297;240;649;390;259;1021;616;406;-372;-226;-147
2833;55;2043;;;;;;529;292;237;652;393;259;1026;618;408;-374;-225;-149
2834;55;2044;;;;;;528;291;237;652;393;259;1036;623;413;-384;-230;-154
2835;55;2045;;;;;;538;298;241;652;393;259;1054;635;419;-402;-242;-160
2836;55;2046;;;;;;532;293;239;655;394;261;1058;637;421;-403;-243;-160
2837;55;2047;;;;;;520;287;233;656;394;262;1060;639;421;-404;-245;-159
2838;55;2048;;;;;;511;282;229;655;394;261;1060;639;421;-405;-245;-160
2839;55;2049;;;;;;506;280;227;658;397;261;1065;642;424;-407;-245;-163
2840;55;2050;;;;;;491;271;220;658;397;261;1060;639;421;-402;-242;-160
2841;55;2051;;;;;;484;269;216;657;397;260;1065;643;422;-408;-246;-162
2842;55;2052;;;;;;482;265;216;657;397;260;1073;646;427;-416;-249;-167
2843;55;2053;;;;;;488;270;218;659;398;261;1088;656;432;-429;-258;-171
2844;55;2054;;;;;;486;269;217;659;398;261;1095;661;434;-436;-263;-173
2845;55;2055;;;;;;489;270;219;661;399;262;1109;669;441;-448;-270;-179
2846;55;2056;;;;;;477;264;213;661;399;262;1107;668;439;-446;-269;-177
2847;55;2057;;;;;;468;259;209;661;398;263;1108;669;439;-447;-271;-176
2848;55;2058;;;;;;461;255;206;663;400;263;1110;670;440;-447;-270;-177
2849;55;2059;;;;;;444;245;198;663;400;263;1104;666;438;-441;-266;-175
2850;56;2010;;;;;;983;566;417;559;328;231;733;460;273;-174;-132;-42
2851;56;2011;;;;;;975;557;418;579;340;239;746;467;279;-167;-127;-40
2852;56;2012;;;;;;978;561;418;587;345;242;776;489;287;-189;-144;-45
2853;56;2013;;;;;;974;556;418;567;330;237;788;493;295;-221;-163;-58
2854;56;2014;;;;;;973;555;419;553;320;233;822;519;303;-269;-199;-70
2855;56;2015;;;;;;980;556;423;544;315;229;854;543;311;-310;-228;-82
2856;56;2016;;;;;;968;549;419;544;316;228;908;579;329;-364;-263;-101
2857;56;2017;;;;;;975;551;424;546;319;227;899;572;327;-353;-253;-100
2858;56;2018;;;;;;966;545;421;549;320;229;931;592;340;-382;-272;-111
2859;56;2019;;;;;;965;545;421;554;325;229;949;604;346;-395;-279;-117
2860;56;2020;;;;;;963;542;421;559;330;229;980;621;359;-421;-291;-130
2861;56;2021;;;;;;931;524;407;563;331;232;975;620;355;-412;-289;-123
2862;56;2022;;;;;;902;506;396;564;332;232;960;610;350;-396;-278;-118
2863;56;2023;;;;;;883;494;388;568;335;233;955;601;354;-387;-266;-121
2864;56;2024;;;;;;876;489;387;567;334;233;979;614;365;-412;-280;-132
2865;56;2025;;;;;;901;503;398;567;334;233;999;627;373;-432;-293;-140
2866;56;2026;;;;;;869;483;385;567;335;232;1000;623;377;-433;-288;-145
2867;56;2027;;;;;;823;457;365;571;338;233;971;602;368;-400;-264;-135
2868;56;2028;;;;;;774;428;347;571;338;233;955;589;366;-384;-251;-133
2869;56;2029;;;;;;709;392;317;571;337;234;920;568;352;-349;-231;-118
2870;56;2030;;;;;;676;375;301;573;339;234;910;560;350;-337;-221;-116
2871;56;2031;;;;;;642;356;286;573;339;234;892;549;343;-319;-210;-109
2872;56;2032;;;;;;630;351;279;573;339;234;886;547;339;-313;-208;-105
2873;56;2033;;;;;;615;341;274;577;342;235;893;551;342;-316;-209;-107
2874;56;2034;;;;;;614;341;274;578;341;237;904;557;347;-326;-216;-110
2875;56;2035;;;;;;605;336;269;581;343;238;908;561;346;-327;-218;-108
2876;56;2036;;;;;;614;341;273;581;343;238;926;571;355;-345;-228;-117
2877;56;2037;;;;;;599;332;267;585;345;240;927;572;355;-342;-227;-115
2878;56;2038;;;;;;577;321;256;587;346;241;927;572;356;-340;-226;-115
2879;56;2039;;;;;;567;315;252;588;347;241;931;573;358;-343;-226;-117
2880;56;2040;;;;;;572;319;254;590;349;241;947;583;364;-357;-234;-123
2881;56;2041;;;;;;574;319;255;593;351;242;954;587;367;-361;-236;-125
2882;56;2042;;;;;;580;322;258;595;353;242;965;593;371;-370;-240;-129
2883;56;2043;;;;;;577;322;255;597;353;244;972;599;373;-375;-246;-129
2884;56;2044;;;;;;569;317;252;599;355;244;978;603;376;-379;-248;-132
2885;56;2045;;;;;;567;315;252;602;357;245;988;609;380;-386;-252;-135
2886;56;2046;;;;;;579;323;256;603;357;246;1006;621;385;-403;-264;-139
2887;56;2047;;;;;;572;318;254;604;358;246;1011;624;387;-407;-266;-141
2888;56;2048;;;;;;560;312;248;603;357;246;1013;626;387;-410;-269;-141
2889;56;2049;;;;;;550;306;244;602;357;245;1012;625;387;-410;-268;-142
2890;56;2050;;;;;;545;304;241;605;360;245;1019;629;389;-414;-269;-144
2891;56;2051;;;;;;528;294;234;607;361;246;1014;627;387;-407;-266;-141
2892;56;2052;;;;;;521;292;230;607;361;246;1019;631;388;-412;-270;-142
2893;56;2053;;;;;;519;289;230;608;361;247;1026;634;392;-418;-273;-145
2894;56;2054;;;;;;526;293;232;610;362;248;1043;646;397;-433;-284;-149
2895;56;2055;;;;;;523;292;231;609;361;248;1050;651;400;-441;-290;-152
2896;56;2056;;;;;;526;293;233;609;361;248;1063;658;405;-454;-297;-157
2897;56;2057;;;;;;514;287;227;610;362;248;1062;659;404;-452;-297;-156
2898;56;2058;;;;;;504;282;222;610;362;248;1063;659;404;-453;-297;-156
2899;56;2059;;;;;;496;277;219;611;363;248;1065;660;405;-454;-297;-157
2900;57;2010;;;;;;1057;612;444;504;292;212;665;402;263;-161;-110;-51
2901;57;2011;;;;;;1050;607;442;522;303;219;676;408;267;-154;-105;-48
2902;57;2012;;;;;;1041;598;443;532;309;223;691;417;274;-159;-108;-51
2903;57;2013;;;;;;1045;602;443;513;295;218;723;441;282;-210;-146;-64
2904;57;2014;;;;;;1040;596;444;501;286;215;741;450;291;-240;-164;-76
2905;57;2015;;;;;;1039;594;445;492;282;210;769;472;298;-277;-190;-88
2906;57;2016;;;;;;1046;596;450;490;281;209;796;490;306;-306;-209;-97
2907;57;2017;;;;;;1034;589;446;494;286;208;842;521;322;-348;-235;-114
2908;57;2018;;;;;;1042;591;451;498;288;210;832;513;319;-334;-225;-109
2909;57;2019;;;;;;1033;584;448;500;289;211;864;533;331;-364;-244;-120
2910;57;2020;;;;;;1033;585;448;505;295;210;880;544;336;-375;-249;-126
2911;57;2021;;;;;;1030;582;448;510;297;213;907;560;347;-397;-263;-134
2912;57;2022;;;;;;997;564;434;511;297;214;904;560;344;-393;-263;-130
2913;57;2023;;;;;;966;545;422;513;298;215;891;552;339;-378;-254;-124
2914;57;2024;;;;;;947;533;414;513;299;214;886;544;342;-373;-245;-128
2915;57;2025;;;;;;940;528;412;515;299;216;908;556;352;-393;-257;-136
2916;57;2026;;;;;;967;543;424;514;299;215;927;568;359;-413;-269;-144
2917;57;2027;;;;;;932;522;410;512;298;214;928;565;363;-416;-267;-149
2918;57;2028;;;;;;883;494;389;515;299;216;900;546;354;-385;-247;-138
2919;57;2029;;;;;;832;463;369;518;303;215;885;533;352;-367;-230;-137
2920;57;2030;;;;;;762;424;337;520;304;216;852;514;338;-332;-210;-122
2921;57;2031;;;;;;726;405;321;518;303;215;843;507;336;-325;-204;-121
2922;57;2032;;;;;;689;385;305;518;303;215;826;498;329;-308;-195;-114
2923;57;2033;;;;;;676;379;297;521;305;216;820;495;325;-299;-190;-109
2924;57;2034;;;;;;661;369;291;522;306;216;826;499;327;-304;-193;-111
2925;57;2035;;;;;;660;369;291;525;308;217;837;504;333;-312;-196;-116
2926;57;2036;;;;;;649;363;286;527;309;218;840;508;332;-313;-199;-114
2927;57;2037;;;;;;659;369;290;528;309;219;856;516;339;-328;-207;-120
2928;57;2038;;;;;;643;359;284;530;310;220;857;517;340;-327;-207;-120
2929;57;2039;;;;;;620;347;273;532;311;221;857;517;340;-325;-206;-119
2930;57;2040;;;;;;609;340;268;533;311;222;860;519;341;-327;-208;-119
2931;57;2041;;;;;;614;344;270;534;312;222;876;529;347;-342;-217;-125
2932;57;2042;;;;;;616;345;271;535;313;222;881;532;349;-346;-219;-127
2933;57;2043;;;;;;623;348;275;537;314;223;893;539;354;-356;-225;-131
2934;57;2044;;;;;;620;349;271;539;315;224;898;544;354;-359;-229;-130
2935;57;2045;;;;;;611;343;268;540;316;224;904;547;357;-364;-231;-133
2936;57;2046;;;;;;609;341;268;541;317;224;912;552;360;-371;-235;-136
2937;57;2047;;;;;;622;349;273;541;318;223;930;564;366;-389;-246;-143
2938;57;2048;;;;;;615;345;270;542;318;224;933;566;367;-391;-248;-143
2939;57;2049;;;;;;602;338;264;545;320;225;934;568;366;-389;-248;-141
2940;57;2050;;;;;;591;332;260;545;320;225;934;568;366;-389;-248;-141
2941;57;2051;;;;;;586;329;257;546;321;225;940;572;368;-394;-251;-143
2942;57;2052;;;;;;568;319;249;545;320;225;936;569;366;-391;-249;-141
2943;57;2053;;;;;;561;316;244;545;320;225;940;573;366;-395;-253;-141
2944;57;2054;;;;;;558;313;245;546;320;226;947;577;370;-401;-257;-144
2945;57;2055;;;;;;565;318;247;547;321;226;961;587;374;-414;-266;-148
2946;57;2056;;;;;;562;317;246;546;320;226;967;592;376;-421;-272;-150
2947;57;2057;;;;;;566;318;248;546;320;226;980;599;381;-434;-279;-155
2948;57;2058;;;;;;552;311;242;547;321;226;979;600;380;-432;-279;-154
2949;57;2059;;;;;;542;306;237;547;321;226;980;600;380;-433;-279;-154
2950;58;2010;;;;;;1158;677;481;479;278;201;618;376;242;-139;-98;-41
2951;58;2011;;;;;;1130;657;473;500;290;210;618;373;245;-118;-83;-35
2952;58;2012;;;;;;1123;652;471;506;294;212;633;383;251;-127;-89;-39
2953;58;2013;;;;;;1113;642;471;487;281;206;651;393;258;-164;-112;-52
2954;58;2014;;;;;;1117;646;472;474;272;202;687;420;267;-213;-148;-65
2955;58;2015;;;;;;1113;640;473;466;267;199;702;427;275;-236;-160;-76
2956;58;2016;;;;;;1112;638;474;463;265;198;726;445;281;-263;-180;-83
2957;58;2017;;;;;;1120;640;480;470;271;199;747;459;288;-277;-188;-89
2958;58;2018;;;;;;1108;632;475;472;273;199;787;486;301;-315;-213;-102
2959;58;2019;;;;;;1117;635;482;476;276;200;779;480;299;-303;-204;-99
2960;58;2020;;;;;;1107;629;479;483;282;201;807;498;309;-324;-216;-108
2961;58;2021;;;;;;1108;630;478;487;285;202;822;508;314;-335;-223;-112
2962;58;2022;;;;;;1106;628;478;486;284;202;845;522;323;-359;-238;-121
2963;58;2023;;;;;;1071;608;463;488;285;203;844;523;320;-356;-238;-117
2964;58;2024;;;;;;1038;588;450;490;286;204;832;516;316;-342;-230;-112
2965;58;2025;;;;;;1017;576;442;488;285;203;829;509;320;-341;-224;-117
2966;58;2026;;;;;;1011;570;441;491;287;204;848;520;328;-357;-233;-124
2967;58;2027;;;;;;1040;587;453;491;288;203;865;531;334;-374;-243;-131
2968;58;2028;;;;;;1003;565;438;493;289;204;866;528;338;-373;-239;-134
2969;58;2029;;;;;;951;535;416;496;291;205;839;509;330;-343;-218;-125
2970;58;2030;;;;;;895;501;394;497;291;206;827;499;328;-330;-208;-122
2971;58;2031;;;;;;820;460;360;496;291;205;797;481;315;-301;-190;-110
2972;58;2032;;;;;;782;439;343;496;291;205;787;475;312;-291;-184;-107
2973;58;2033;;;;;;742;417;325;498;291;207;774;467;307;-276;-176;-100
2974;58;2034;;;;;;728;411;317;498;293;205;769;465;304;-271;-172;-99
2975;58;2035;;;;;;711;400;311;502;295;207;775;468;307;-273;-173;-100
2976;58;2036;;;;;;711;399;311;501;294;207;785;473;312;-284;-179;-105
2977;58;2037;;;;;;699;393;306;504;297;207;789;477;312;-285;-180;-105
2978;58;2038;;;;;;709;399;310;506;297;209;805;485;320;-299;-188;-111
2979;58;2039;;;;;;692;388;303;509;298;211;807;486;321;-298;-188;-110
2980;58;2040;;;;;;667;375;291;509;298;211;808;488;321;-299;-190;-110
2981;58;2041;;;;;;655;369;286;511;300;211;812;490;323;-301;-190;-112
2982;58;2042;;;;;;661;373;288;512;301;211;826;498;328;-314;-197;-117
2983;58;2043;;;;;;663;373;289;516;304;212;833;502;331;-317;-198;-119
2984;58;2044;;;;;;670;377;293;517;305;212;843;508;334;-326;-203;-122
2985;58;2045;;;;;;667;378;290;517;305;212;849;513;336;-332;-208;-124
2986;58;2046;;;;;;658;371;286;518;306;212;855;516;339;-337;-210;-127
2987;58;2047;;;;;;656;370;286;520;307;213;863;521;342;-343;-214;-129
2988;58;2048;;;;;;670;379;291;520;307;213;880;532;347;-360;-225;-134
2989;58;2049;;;;;;662;374;288;521;308;213;884;535;349;-363;-227;-136
2990;58;2050;;;;;;648;367;282;520;307;213;885;536;349;-365;-229;-136
2991;58;2051;;;;;;637;360;277;520;307;213;885;536;349;-365;-229;-136
2992;58;2052;;;;;;632;357;274;521;308;213;890;540;351;-369;-232;-138
2993;58;2053;;;;;;612;346;266;524;309;215;887;538;349;-363;-229;-134
2994;58;2054;;;;;;605;343;261;524;309;215;891;542;349;-367;-233;-134
2995;58;2055;;;;;;601;340;262;526;312;214;897;545;353;-371;-233;-139
2996;58;2056;;;;;;610;345;264;526;312;214;911;554;357;-385;-242;-143
2997;58;2057;;;;;;606;344;262;527;312;215;918;559;359;-391;-247;-144
2998;58;2058;;;;;;610;345;265;525;311;214;930;566;364;-405;-255;-150
2999;58;2059;;;;;;596;338;258;527;312;215;929;566;363;-402;-254;-148
3000;59;2010;;;;;;1226;721;505;441;255;186;564;342;222;-123;-87;-36
3001;59;2011;;;;;;1241;727;514;463;268;195;588;356;232;-125;-88;-37
3002;59;2012;;;;;;1211;707;505;469;271;198;591;355;236;-122;-84;-38
3003;59;2013;;;;;;1204;701;503;450;259;191;611;369;242;-161;-110;-51
3004;59;2014;;;;;;1194;690;504;441;252;189;632;383;250;-191;-131;-61
3005;59;2015;;;;;;1198;694;505;433;247;186;664;406;258;-231;-159;-72
3006;59;2016;;;;;;1193;687;506;428;245;183;677;411;266;-249;-166;-83
3007;59;2017;;;;;;1193;685;508;431;248;183;696;425;271;-265;-177;-88
3008;59;2018;;;;;;1202;688;514;438;253;185;714;436;278;-276;-183;-93
3009;59;2019;;;;;;1189;680;509;440;255;185;751;461;291;-311;-206;-106
3010;59;2020;;;;;;1200;684;516;445;259;186;744;456;288;-299;-197;-102
3011;59;2021;;;;;;1190;678;513;451;264;187;769;471;297;-318;-207;-110
3012;59;2022;;;;;;1192;680;512;451;264;187;783;481;302;-332;-217;-115
3013;59;2023;;;;;;1191;678;513;455;265;190;805;494;311;-350;-229;-121
3014;59;2024;;;;;;1154;657;496;455;265;190;801;492;309;-346;-227;-119
3015;59;2025;;;;;;1119;636;483;455;265;190;789;486;304;-334;-221;-114
3016;59;2026;;;;;;1097;623;474;456;265;191;789;481;308;-333;-216;-117
3017;59;2027;;;;;;1090;618;472;454;264;190;805;490;316;-351;-226;-126
3018;59;2028;;;;;;1122;636;486;457;266;191;820;499;321;-363;-233;-130
3019;59;2029;;;;;;1082;612;470;459;268;191;822;496;325;-363;-228;-134
3020;59;2030;;;;;;1026;580;445;462;270;192;796;478;317;-334;-208;-125
3021;59;2031;;;;;;966;544;423;462;269;193;783;468;315;-321;-199;-122
3022;59;2032;;;;;;885;499;386;463;270;193;754;450;303;-291;-180;-110
3023;59;2033;;;;;;845;477;368;462;270;192;745;444;301;-283;-174;-109
3024;59;2034;;;;;;801;452;349;465;272;193;732;436;296;-267;-164;-103
3025;59;2035;;;;;;786;446;340;466;272;194;728;434;293;-262;-162;-99
3026;59;2036;;;;;;768;434;334;468;274;194;731;436;296;-263;-162;-102
3027;59;2037;;;;;;767;433;333;469;274;195;742;441;301;-273;-167;-106
3028;59;2038;;;;;;754;427;327;473;277;196;745;444;301;-272;-167;-105
3029;59;2039;;;;;;765;433;332;473;277;196;760;452;309;-287;-175;-113
3030;59;2040;;;;;;746;421;325;475;277;198;761;452;309;-286;-175;-111
3031;59;2041;;;;;;719;407;312;476;278;198;762;453;310;-286;-175;-112
3032;59;2042;;;;;;707;400;307;476;278;198;766;454;312;-290;-176;-114
3033;59;2043;;;;;;713;405;309;479;280;199;778;462;316;-299;-182;-117
3034;59;2044;;;;;;715;405;310;480;281;199;785;465;320;-305;-184;-121
3035;59;2045;;;;;;723;409;314;482;283;199;794;471;323;-312;-188;-124
3036;59;2046;;;;;;720;410;310;483;284;199;800;475;325;-317;-191;-126
3037;59;2047;;;;;;710;403;307;483;285;198;804;477;327;-321;-192;-129
3038;59;2048;;;;;;708;401;307;485;285;200;812;482;330;-327;-197;-130
3039;59;2049;;;;;;724;412;312;484;284;200;828;492;336;-344;-208;-136
3040;59;2050;;;;;;716;406;309;486;286;200;831;493;338;-345;-207;-138
3041;59;2051;;;;;;701;399;302;487;287;200;831;494;337;-344;-207;-137
3042;59;2052;;;;;;689;392;297;487;287;200;831;494;337;-344;-207;-137
3043;59;2053;;;;;;683;389;294;487;287;200;837;497;340;-350;-210;-140
3044;59;2054;;;;;;662;377;285;488;287;201;833;494;338;-345;-207;-137
3045;59;2055;;;;;;654;374;280;487;286;201;836;498;338;-349;-212;-137
3046;59;2056;;;;;;650;369;281;488;287;201;842;500;342;-354;-213;-141
3047;59;2057;;;;;;659;376;283;487;286;201;854;509;346;-367;-223;-145
3048;59;2058;;;;;;656;374;281;488;287;201;860;512;348;-372;-225;-147
3049;59;2059;;;;;;660;376;284;490;288;202;869;518;352;-379;-230;-150
3050;60;2010;;;;;;1348;797;551;418;244;174;575;348;226;-157;-104;-52
3051;60;2011;;;;;;1313;774;539;442;258;184;562;339;223;-120;-81;-39
3052;60;2012;;;;;;1330;782;548;448;261;187;586;353;233;-138;-92;-46
3053;60;2013;;;;;;1298;760;538;427;249;178;596;358;238;-169;-109;-60
3054;60;2014;;;;;;1290;753;537;414;239;175;618;373;245;-204;-134;-70
3055;60;2015;;;;;;1280;741;538;405;233;172;638;386;252;-233;-153;-80
3056;60;2016;;;;;;1285;745;539;403;232;171;666;405;261;-263;-173;-90
3057;60;2017;;;;;;1280;739;541;406;236;170;675;407;268;-269;-171;-98
3058;60;2018;;;;;;1280;737;543;412;240;172;692;419;272;-280;-179;-100
3059;60;2019;;;;;;1291;741;550;417;243;174;709;431;278;-292;-188;-104
3060;60;2020;;;;;;1278;733;545;421;248;173;742;451;291;-321;-203;-118
3061;60;2021;;;;;;1290;738;552;425;251;174;737;449;288;-312;-198;-114
3062;60;2022;;;;;;1281;732;549;427;252;175;759;462;297;-332;-210;-122
3063;60;2023;;;;;;1283;735;548;429;253;176;772;470;302;-343;-217;-126
3064;60;2024;;;;;;1282;733;549;430;253;177;793;482;311;-363;-229;-134
3065;60;2025;;;;;;1243;712;531;431;254;177;788;481;308;-357;-227;-131
3066;60;2026;;;;;;1206;689;517;433;255;178;776;473;303;-343;-218;-125
3067;60;2027;;;;;;1183;676;507;433;254;179;775;469;306;-342;-215;-127
3068;60;2028;;;;;;1176;670;506;437;259;178;789;476;314;-352;-217;-136
3069;60;2029;;;;;;1211;690;520;437;258;179;806;486;320;-369;-228;-141
3070;60;2030;;;;;;1168;665;503;440;260;180;806;482;324;-366;-222;-144
3071;60;2031;;;;;;1107;630;477;441;261;180;779;464;316;-338;-203;-136
3072;60;2032;;;;;;1043;591;453;440;260;180;767;453;314;-327;-193;-134
3073;60;2033;;;;;;956;542;413;441;260;181;736;435;301;-295;-175;-120
3074;60;2034;;;;;;912;518;394;444;263;181;727;428;299;-283;-165;-118
3075;60;2035;;;;;;865;492;373;445;263;182;714;420;295;-269;-157;-113
3076;60;2036;;;;;;849;485;364;448;265;183;711;418;292;-263;-153;-109
3077;60;2037;;;;;;828;471;357;448;264;184;714;419;295;-266;-155;-111
3078;60;2038;;;;;;827;470;357;450;265;185;723;424;299;-273;-159;-114
3079;60;2039;;;;;;814;464;350;452;266;186;727;427;300;-275;-161;-114
3080;60;2040;;;;;;826;470;355;453;267;186;742;434;307;-289;-167;-121
3081;60;2041;;;;;;805;457;348;456;270;186;742;435;307;-286;-165;-121
3082;60;2042;;;;;;776;442;334;459;272;187;743;435;308;-284;-163;-121
3083;60;2043;;;;;;762;434;328;461;273;188;746;436;309;-285;-163;-121
3084;60;2044;;;;;;770;439;330;463;275;188;759;444;315;-296;-169;-127
3085;60;2045;;;;;;771;440;332;464;276;188;765;447;318;-301;-171;-130
3086;60;2046;;;;;;781;445;336;464;276;188;774;453;321;-310;-177;-133
3087;60;2047;;;;;;778;445;332;465;276;189;780;457;323;-315;-181;-134
3088;60;2048;;;;;;767;438;329;465;276;189;783;458;325;-318;-182;-136
3089;60;2049;;;;;;765;437;329;466;277;189;791;462;329;-325;-185;-140
3090;60;2050;;;;;;782;448;334;467;278;189;806;472;334;-339;-194;-145
3091;60;2051;;;;;;774;442;331;467;278;189;808;473;335;-341;-195;-146
3092;60;2052;;;;;;757;434;324;468;279;189;808;473;335;-340;-194;-146
3093;60;2053;;;;;;745;426;319;469;279;190;809;473;335;-340;-194;-145
3094;60;2054;;;;;;738;423;315;471;281;190;813;476;337;-342;-195;-147
3095;60;2055;;;;;;716;410;305;470;281;189;809;474;336;-339;-193;-147
3096;60;2056;;;;;;707;407;300;470;281;189;812;477;336;-342;-196;-147
3097;60;2057;;;;;;703;402;301;472;282;190;818;479;339;-346;-197;-149
3098;60;2058;;;;;;713;409;304;472;282;190;830;487;343;-358;-205;-153
3099;60;2059;;;;;;709;408;301;472;281;191;835;490;345;-363;-209;-154
3100;61;2010;;;;;;1497;893;605;377;221;156;565;348;218;-188;-127;-62
3101;61;2011;;;;;;1445;858;587;396;233;163;564;344;220;-168;-111;-57
3102;61;2012;;;;;;1408;834;574;405;238;167;556;340;217;-151;-102;-50
3103;61;2013;;;;;;1426;842;584;385;225;160;586;358;228;-201;-133;-68
3104;61;2014;;;;;;1392;818;574;374;217;157;599;365;233;-225;-148;-76
3105;61;2015;;;;;;1383;811;573;368;211;157;619;379;240;-251;-168;-83
3106;61;2016;;;;;;1373;798;574;366;211;155;633;387;246;-267;-176;-91
3107;61;2017;;;;;;1378;802;576;369;214;155;655;402;253;-286;-188;-98
3108;61;2018;;;;;;1374;796;578;372;216;156;665;405;260;-293;-189;-104
3109;61;2019;;;;;;1375;795;580;377;219;158;679;415;264;-302;-196;-106
3110;61;2020;;;;;;1387;800;588;383;225;158;694;426;269;-311;-201;-111
3111;61;2021;;;;;;1375;792;582;386;228;158;724;443;280;-338;-215;-122
3112;61;2022;;;;;;1389;798;591;388;229;159;720;442;278;-332;-213;-119
3113;61;2023;;;;;;1379;793;587;389;229;160;739;454;286;-350;-225;-126
3114;61;2024;;;;;;1383;797;586;394;233;161;751;462;289;-357;-229;-128
3115;61;2025;;;;;;1382;796;587;391;231;160;770;472;298;-379;-241;-138
3116;61;2026;;;;;;1341;773;568;394;233;161;765;470;296;-371;-237;-135
3117;61;2027;;;;;;1301;749;553;397;233;164;752;462;290;-355;-229;-126
3118;61;2028;;;;;;1277;734;542;397;234;163;752;458;294;-355;-224;-131
3119;61;2029;;;;;;1270;729;541;398;236;162;765;465;300;-367;-229;-138
3120;61;2030;;;;;;1308;751;556;397;235;162;779;474;305;-382;-239;-143
3121;61;2031;;;;;;1262;723;538;398;234;164;779;470;309;-381;-236;-145
3122;61;2032;;;;;;1196;686;510;402;237;165;755;453;302;-353;-216;-137
3123;61;2033;;;;;;1127;643;484;403;238;165;740;440;299;-337;-202;-134
3124;61;2034;;;;;;1032;590;442;403;238;165;710;422;288;-307;-184;-123
3125;61;2035;;;;;;985;564;421;406;241;165;701;415;286;-295;-174;-121
3126;61;2036;;;;;;934;535;399;407;241;166;689;407;282;-282;-166;-116
3127;61;2037;;;;;;917;527;389;409;243;166;684;405;279;-275;-162;-113
3128;61;2038;;;;;;894;513;382;412;244;168;689;407;282;-277;-163;-114
3129;61;2039;;;;;;893;512;381;412;244;168;697;410;287;-285;-166;-119
3130;61;2040;;;;;;879;504;374;412;244;168;700;414;287;-288;-170;-119
3131;61;2041;;;;;;891;512;380;412;244;168;715;420;294;-303;-176;-126
3132;61;2042;;;;;;869;498;372;416;247;169;714;420;294;-298;-173;-125
3133;61;2043;;;;;;838;481;357;415;247;168;716;420;295;-301;-173;-127
3134;61;2044;;;;;;823;472;351;415;247;168;718;421;297;-303;-174;-129
3135;61;2045;;;;;;831;478;353;418;250;168;731;429;302;-313;-179;-134
3136;61;2046;;;;;;834;479;355;418;250;168;737;431;305;-319;-181;-137
3137;61;2047;;;;;;844;484;359;420;251;169;746;438;309;-326;-187;-140
3138;61;2048;;;;;;841;485;355;421;252;169;751;441;310;-330;-189;-141
3139;61;2049;;;;;;829;478;352;422;253;169;755;442;312;-333;-189;-143
3140;61;2050;;;;;;828;476;352;423;253;170;762;447;315;-339;-194;-145
3141;61;2051;;;;;;846;489;357;424;253;171;776;456;321;-352;-203;-150
3142;61;2052;;;;;;837;483;354;424;253;171;779;457;322;-355;-204;-151
3143;61;2053;;;;;;820;474;346;424;253;171;780;458;322;-356;-205;-151
3144;61;2054;;;;;;806;465;341;424;253;171;780;458;322;-356;-205;-151
3145;61;2055;;;;;;799;462;337;426;254;172;783;459;324;-357;-205;-152
3146;61;2056;;;;;;775;448;327;427;254;173;779;457;323;-352;-203;-150
3147;61;2057;;;;;;765;444;321;427;255;172;782;460;322;-355;-205;-150
3148;61;2058;;;;;;761;440;322;429;257;172;788;462;326;-359;-205;-154
3149;61;2059;;;;;;772;447;325;429;257;172;798;469;329;-369;-212;-157
3150;62;2010;;;;;;1687;1015;672;339;201;138;530;322;207;-191;-121;-69
3151;62;2011;;;;;;1602;959;642;355;211;144;515;311;204;-160;-100;-60
3152;62;2012;;;;;;1546;923;624;362;214;148;519;312;207;-157;-98;-59
3153;62;2013;;;;;;1507;897;610;346;205;141;516;313;204;-170;-108;-63
3154;62;2014;;;;;;1526;905;621;334;198;136;547;332;215;-213;-134;-79
3155;62;2015;;;;;;1490;879;611;327;193;134;557;338;220;-230;-145;-86
3156;62;2016;;;;;;1481;871;610;328;192;136;574;348;225;-246;-156;-89
3157;62;2017;;;;;;1470;858;612;329;194;135;583;351;231;-254;-157;-96
3158;62;2018;;;;;;1477;864;614;330;196;134;603;365;237;-273;-169;-103
3159;62;2019;;;;;;1474;857;616;335;200;135;609;367;242;-274;-167;-107
3160;62;2020;;;;;;1477;858;619;342;203;139;624;377;247;-282;-174;-108
3161;62;2021;;;;;;1490;864;627;348;208;140;637;386;251;-289;-178;-111
3162;62;2022;;;;;;1477;856;621;349;210;139;664;401;263;-315;-191;-124
3163;62;2023;;;;;;1494;864;630;349;210;139;660;400;260;-311;-190;-121
3164;62;2024;;;;;;1485;859;626;349;211;138;679;411;268;-330;-200;-130
3165;62;2025;;;;;;1489;864;625;351;212;139;688;417;271;-337;-205;-132
3166;62;2026;;;;;;1489;863;626;352;211;141;705;426;280;-353;-215;-139
3167;62;2027;;;;;;1445;839;606;353;212;141;700;423;277;-347;-211;-136
3168;62;2028;;;;;;1403;813;590;352;211;141;687;416;271;-335;-205;-130
3169;62;2029;;;;;;1377;798;579;354;211;143;685;412;273;-331;-201;-130
3170;62;2030;;;;;;1370;792;577;359;215;144;697;417;280;-338;-202;-136
3171;62;2031;;;;;;1411;817;594;358;215;143;712;427;285;-354;-212;-142
3172;62;2032;;;;;;1361;787;574;357;214;143;711;422;289;-354;-208;-146
3173;62;2033;;;;;;1291;746;544;359;216;143;689;406;283;-330;-190;-140
3174;62;2034;;;;;;1216;699;516;360;216;144;676;395;280;-316;-179;-136
3175;62;2035;;;;;;1114;642;472;363;217;146;646;377;269;-283;-160;-123
3176;62;2036;;;;;;1062;614;449;364;218;146;637;371;267;-273;-153;-121
3177;62;2037;;;;;;1007;582;426;365;219;146;624;362;262;-259;-143;-116
3178;62;2038;;;;;;989;573;415;366;220;146;621;362;259;-255;-142;-113
3179;62;2039;;;;;;965;558;407;366;221;145;624;362;262;-258;-141;-117
3180;62;2040;;;;;;963;557;407;372;225;147;632;366;266;-260;-141;-119
3181;62;2041;;;;;;948;548;399;371;224;147;633;368;265;-262;-144;-118
3182;62;2042;;;;;;961;556;405;373;225;148;647;375;272;-274;-150;-124
3183;62;2043;;;;;;937;541;396;373;225;148;647;374;272;-274;-149;-124
3184;62;2044;;;;;;904;523;380;373;225;148;647;374;273;-274;-149;-125
3185;62;2045;;;;;;888;514;374;375;227;148;650;375;275;-275;-148;-127
3186;62;2046;;;;;;897;521;376;375;227;148;661;382;279;-286;-155;-131
3187;62;2047;;;;;;900;521;378;377;227;150;666;385;281;-289;-158;-131
3188;62;2048;;;;;;911;527;383;378;228;150;674;390;284;-296;-162;-134
3189;62;2049;;;;;;908;529;379;378;228;150;679;394;285;-301;-166;-135
3190;62;2050;;;;;;896;521;375;380;230;150;682;395;287;-302;-165;-137
3191;62;2051;;;;;;895;520;375;380;230;150;689;399;290;-309;-169;-140
3192;62;2052;;;;;;915;533;382;381;231;150;703;408;295;-322;-177;-145
3193;62;2053;;;;;;905;527;379;381;231;150;704;408;296;-323;-177;-146
3194;62;2054;;;;;;886;517;370;381;230;151;704;408;296;-323;-178;-145
3195;62;2055;;;;;;872;508;364;383;232;151;703;407;296;-320;-175;-145
3196;62;2056;;;;;;864;504;360;383;232;151;708;410;298;-325;-178;-147
3197;62;2057;;;;;;838;489;349;383;232;151;704;408;297;-321;-176;-146
3198;62;2058;;;;;;828;485;343;383;232;151;706;410;297;-323;-178;-146
3199;62;2059;;;;;;823;480;344;383;232;151;711;411;300;-328;-179;-149
3200;63;2010;;;;;;1935;1169;766;299;173;126;521;311;211;-222;-138;-85
3201;63;2011;;;;;;1799;1088;712;318;186;132;506;299;207;-188;-113;-75
3202;63;2012;;;;;;1708;1028;680;319;186;133;497;292;204;-178;-106;-71
3203;63;2013;;;;;;1650;989;661;302;174;128;504;296;208;-202;-122;-80
3204;63;2014;;;;;;1608;961;646;290;168;122;504;299;205;-214;-131;-83
3205;63;2015;;;;;;1629;970;659;285;165;120;532;315;217;-247;-150;-97
3206;63;2016;;;;;;1591;942;649;285;165;120;538;317;221;-253;-152;-101
3207;63;2017;;;;;;1582;935;648;289;167;122;549;323;226;-260;-156;-104
3208;63;2018;;;;;;1571;921;650;291;170;121;559;327;232;-268;-157;-111
3209;63;2019;;;;;;1580;928;652;294;172;122;576;339;237;-282;-167;-115
3210;63;2020;;;;;;1577;922;655;300;176;124;584;341;243;-284;-165;-119
3211;63;2021;;;;;;1582;924;658;302;178;124;597;350;247;-295;-172;-123
3212;63;2022;;;;;;1598;931;666;303;178;125;610;359;251;-307;-181;-126
3213;63;2023;;;;;;1585;924;660;305;181;124;636;372;263;-331;-191;-139
3214;63;2024;;;;;;1604;934;670;304;181;123;630;371;259;-326;-190;-136
3215;63;2025;;;;;;1594;929;666;304;180;124;650;382;268;-346;-202;-144
3216;63;2026;;;;;;1600;935;665;305;180;125;659;388;271;-354;-208;-146
3217;63;2027;;;;;;1601;935;666;308;182;126;677;397;280;-369;-215;-154
3218;63;2028;;;;;;1554;909;645;310;183;127;669;393;276;-359;-210;-149
3219;63;2029;;;;;;1509;882;627;310;183;127;657;387;270;-347;-204;-143
3220;63;2030;;;;;;1482;866;616;312;184;128;655;383;272;-343;-199;-144
3221;63;2031;;;;;;1474;860;614;310;183;127;668;388;280;-358;-205;-153
3222;63;2032;;;;;;1518;887;631;311;183;128;682;397;285;-371;-214;-157
3223;63;2033;;;;;;1465;854;611;315;186;129;682;393;289;-367;-207;-160
3224;63;2034;;;;;;1389;810;579;318;189;129;661;379;282;-343;-190;-153
3225;63;2035;;;;;;1308;759;549;318;189;129;648;368;280;-330;-179;-151
3226;63;2036;;;;;;1198;697;501;320;190;130;622;352;270;-302;-162;-140
3227;63;2037;;;;;;1143;666;477;319;189;130;613;346;267;-294;-157;-137
3228;63;2038;;;;;;1084;631;452;319;189;130;601;338;262;-282;-149;-132
3229;63;2039;;;;;;1063;622;441;322;191;131;597;337;260;-275;-146;-129
3230;63;2040;;;;;;1038;605;433;324;191;133;600;338;263;-276;-147;-130
3231;63;2041;;;;;;1036;604;432;325;192;133;607;341;266;-282;-149;-133
3232;63;2042;;;;;;1019;595;424;326;193;133;609;343;266;-283;-150;-133
3233;63;2043;;;;;;1034;604;430;326;193;133;622;349;273;-296;-156;-140
3234;63;2044;;;;;;1009;587;421;327;194;133;622;348;274;-295;-154;-141
3235;63;2045;;;;;;973;568;404;327;194;133;622;348;274;-295;-154;-141
3236;63;2046;;;;;;956;558;398;329;195;134;625;349;276;-296;-154;-142
3237;63;2047;;;;;;966;566;400;329;195;134;636;355;280;-307;-160;-146
3238;63;2048;;;;;;969;567;402;331;196;135;640;358;282;-309;-162;-147
3239;63;2049;;;;;;981;574;408;331;196;135;647;362;285;-316;-166;-150
3240;63;2050;;;;;;979;576;403;331;196;135;651;366;286;-320;-170;-151
3241;63;2051;;;;;;966;567;399;333;198;135;654;367;287;-321;-169;-152
3242;63;2052;;;;;;965;566;399;332;197;135;661;371;291;-329;-174;-156
3243;63;2053;;;;;;987;581;406;334;199;135;673;378;295;-339;-179;-160
3244;63;2054;;;;;;976;574;403;333;198;135;674;379;296;-341;-181;-161
3245;63;2055;;;;;;956;563;393;333;198;135;675;379;296;-342;-181;-161
3246;63;2056;;;;;;941;553;388;335;199;136;674;379;296;-339;-180;-160
3247;63;2057;;;;;;933;549;383;334;198;136;679;381;298;-345;-183;-162
3248;63;2058;;;;;;905;533;372;334;198;136;674;378;296;-340;-180;-160
3249;63;2059;;;;;;894;529;365;334;198;136;678;381;297;-344;-183;-161
3250;64;2010;;;;;;2175;1330;845;281;167;114;525;313;212;-244;-146;-98
3251;64;2011;;;;;;2061;1251;809;297;176;121;517;302;215;-220;-126;-94
3252;64;2012;;;;;;1917;1166;752;302;179;123;504;294;210;-202;-115;-87
3253;64;2013;;;;;;1821;1102;719;280;165;115;499;290;209;-219;-125;-94
3254;64;2014;;;;;;1759;1060;699;273;160;113;512;297;215;-239;-137;-102
3255;64;2015;;;;;;1715;1030;684;266;156;110;508;298;210;-242;-142;-100
3256;64;2016;;;;;;1737;1039;698;267;155;112;535;312;223;-268;-157;-111
3257;64;2017;;;;;;1698;1011;688;269;157;112;536;310;225;-267;-153;-113
3258;64;2018;;;;;;1690;1003;686;272;159;113;548;317;232;-276;-158;-119
3259;64;2019;;;;;;1679;990;689;276;163;113;556;319;238;-280;-156;-125
3260;64;2020;;;;;;1690;998;692;279;166;113;574;331;243;-295;-165;-130
3261;64;2021;;;;;;1689;994;695;283;168;115;582;333;249;-299;-165;-134
3262;64;2022;;;;;;1694;997;698;286;170;116;596;342;254;-310;-172;-138
3263;64;2023;;;;;;1713;1006;707;288;172;116;607;350;257;-319;-178;-141
3264;64;2024;;;;;;1700;999;700;287;171;116;635;364;271;-348;-193;-155
3265;64;2025;;;;;;1721;1010;711;287;172;115;628;363;266;-341;-191;-151
3266;64;2026;;;;;;1712;1006;706;287;172;115;648;372;276;-361;-200;-161
3267;64;2027;;;;;;1719;1013;706;287;172;115;656;378;279;-369;-206;-164
3268;64;2028;;;;;;1720;1014;707;290;173;117;673;386;287;-383;-213;-170
3269;64;2029;;;;;;1670;986;684;290;174;116;667;383;284;-377;-209;-168
3270;64;2030;;;;;;1623;957;665;288;172;116;655;377;278;-367;-205;-162
3271;64;2031;;;;;;1593;940;653;289;172;117;652;373;279;-363;-201;-162
3272;64;2032;;;;;;1585;934;651;293;175;118;666;378;288;-373;-203;-170
3273;64;2033;;;;;;1633;963;670;296;178;118;679;387;293;-383;-209;-175
3274;64;2034;;;;;;1576;928;648;295;177;118;680;382;297;-385;-205;-179
3275;64;2035;;;;;;1494;880;614;297;178;119;658;368;290;-361;-190;-171
3276;64;2036;;;;;;1407;824;582;298;179;119;646;358;289;-348;-179;-170
3277;64;2037;;;;;;1288;757;532;298;178;120;618;341;277;-320;-163;-157
3278;64;2038;;;;;;1229;723;506;301;180;121;610;336;274;-309;-156;-153
3279;64;2039;;;;;;1165;685;480;302;182;120;597;328;270;-295;-146;-150
3280;64;2040;;;;;;1144;676;468;302;182;120;592;326;266;-290;-144;-146
3281;64;2041;;;;;;1116;657;459;303;182;121;595;326;269;-292;-144;-148
3282;64;2042;;;;;;1114;656;458;305;183;122;603;330;273;-298;-147;-151
3283;64;2043;;;;;;1096;646;450;307;184;123;605;332;273;-298;-148;-150
3284;64;2044;;;;;;1112;656;457;306;183;123;618;338;279;-312;-155;-156
3285;64;2045;;;;;;1085;638;447;308;185;123;618;338;280;-310;-153;-157
3286;64;2046;;;;;;1047;618;429;308;185;123;618;337;281;-310;-152;-158
3287;64;2047;;;;;;1029;607;422;309;186;123;620;338;283;-311;-152;-160
3288;64;2048;;;;;;1040;615;425;310;186;124;632;344;288;-322;-158;-164
3289;64;2049;;;;;;1044;617;427;310;186;124;637;347;290;-327;-161;-166
3290;64;2050;;;;;;1058;625;433;311;187;124;644;352;292;-333;-165;-168
3291;64;2051;;;;;;1055;627;429;312;188;124;648;355;293;-336;-167;-169
3292;64;2052;;;;;;1042;618;424;313;188;125;652;356;295;-339;-168;-170
3293;64;2053;;;;;;1041;616;424;314;189;125;657;359;298;-343;-170;-173
3294;64;2054;;;;;;1064;633;431;314;189;125;670;367;303;-356;-178;-178
3295;64;2055;;;;;;1053;625;428;314;189;125;673;368;304;-359;-179;-179
3296;64;2056;;;;;;1032;614;418;314;189;125;673;369;304;-359;-180;-179
3297;64;2057;;;;;;1015;603;412;316;191;125;672;368;304;-356;-177;-179
3298;64;2058;;;;;;1006;599;407;315;190;125;676;370;307;-361;-180;-182
3299;64;2059;;;;;;976;581;395;315;190;125;672;368;305;-357;-178;-180
3300;65;2010;;;;;;1698;1042;657;258;156;102;462;277;185;-204;-121;-83
3301;65;2011;;;;;;2315;1421;894;274;168;106;569;345;224;-295;-177;-118
3302;65;2012;;;;;;2194;1337;857;278;168;110;564;338;226;-286;-170;-116
3303;65;2013;;;;;;2043;1246;796;263;158;105;554;333;221;-291;-175;-116
3304;65;2014;;;;;;1940;1178;762;253;151;102;552;332;220;-299;-181;-118
3305;65;2015;;;;;;1874;1133;741;247;148;99;563;338;225;-316;-190;-126
3306;65;2016;;;;;;1828;1102;727;248;147;101;555;334;221;-307;-187;-120
3307;65;2017;;;;;;1854;1112;741;247;147;100;577;345;232;-330;-198;-132
3308;65;2018;;;;;;1813;1083;730;253;152;101;577;343;234;-324;-191;-133
3309;65;2019;;;;;;1805;1076;729;257;154;103;590;349;241;-333;-195;-138
3310;65;2020;;;;;;1796;1063;733;261;158;103;598;351;246;-337;-193;-143
3311;65;2021;;;;;;1809;1074;735;265;161;104;615;363;252;-350;-202;-148
3312;65;2022;;;;;;1809;1070;739;267;163;104;622;365;257;-355;-202;-153
3313;65;2023;;;;;;1816;1074;742;271;164;107;635;373;262;-364;-209;-155
3314;65;2024;;;;;;1837;1086;751;271;164;107;647;382;265;-376;-218;-158
3315;65;2025;;;;;;1824;1079;745;271;165;106;674;394;280;-403;-229;-174
3316;65;2026;;;;;;1848;1092;756;271;165;106;669;394;275;-398;-229;-169
3317;65;2027;;;;;;1839;1088;751;272;166;106;688;404;284;-416;-238;-178
3318;65;2028;;;;;;1847;1097;750;273;167;106;696;410;287;-423;-243;-181
3319;65;2029;;;;;;1849;1098;751;270;165;105;713;417;296;-443;-252;-191
3320;65;2030;;;;;;1796;1069;728;271;166;105;705;414;292;-434;-248;-187
3321;65;2031;;;;;;1745;1038;708;274;169;105;691;405;286;-417;-236;-181
3322;65;2032;;;;;;1714;1020;695;277;172;105;687;401;287;-410;-229;-182
3323;65;2033;;;;;;1705;1013;693;279;172;107;701;405;296;-422;-233;-189
3324;65;2034;;;;;;1757;1044;712;278;171;107;717;415;302;-439;-244;-195
3325;65;2035;;;;;;1695;1006;689;280;171;109;715;410;305;-435;-239;-196
3326;65;2036;;;;;;1607;954;653;281;171;110;693;394;298;-412;-223;-188
3327;65;2037;;;;;;1513;893;619;283;173;110;677;381;296;-394;-208;-186
3328;65;2038;;;;;;1385;820;565;284;174;110;646;363;283;-362;-189;-173
3329;65;2039;;;;;;1321;783;538;285;175;110;635;355;280;-350;-180;-170
3330;65;2040;;;;;;1253;743;510;286;175;111;620;345;275;-334;-170;-164
3331;65;2041;;;;;;1230;732;498;287;176;111;615;344;271;-328;-168;-160
3332;65;2042;;;;;;1200;712;488;287;177;110;617;343;274;-330;-166;-164
3333;65;2043;;;;;;1198;711;487;288;178;110;626;348;279;-338;-170;-169
3334;65;2044;;;;;;1179;701;479;288;178;110;626;349;278;-338;-171;-168
3335;65;2045;;;;;;1197;711;486;290;179;111;641;356;285;-351;-177;-174
3336;65;2046;;;;;;1168;693;475;290;179;111;640;355;285;-350;-176;-174
3337;65;2047;;;;;;1127;670;456;290;179;111;640;354;286;-350;-175;-175
3338;65;2048;;;;;;1108;659;449;292;180;112;642;354;288;-350;-174;-176
3339;65;2049;;;;;;1121;668;452;293;180;113;654;361;293;-361;-181;-180
3340;65;2050;;;;;;1125;671;455;295;182;113;659;364;295;-364;-182;-182
3341;65;2051;;;;;;1141;679;461;296;182;114;667;369;298;-371;-187;-184
3342;65;2052;;;;;;1138;682;456;296;182;114;672;373;299;-376;-191;-185
3343;65;2053;;;;;;1124;672;452;297;183;114;674;374;300;-377;-191;-186
3344;65;2054;;;;;;1122;671;452;298;184;114;682;377;304;-384;-193;-190
3345;65;2055;;;;;;1148;689;459;299;184;115;696;387;309;-397;-203;-194
3346;65;2056;;;;;;1136;681;456;299;184;115;698;388;310;-399;-204;-195
3347;65;2057;;;;;;1113;668;445;298;183;115;697;387;310;-399;-204;-195
3348;65;2058;;;;;;1095;657;438;299;184;115;696;386;310;-397;-202;-195
3349;65;2059;;;;;;1086;653;434;299;184;115;700;388;312;-401;-204;-197
3350;66;2010;;;;;;1920;1183;738;211;116;95;441;267;174;-230;-151;-79
3351;66;2011;;;;;;1802;1107;694;221;122;99;438;263;175;-217;-141;-76
3352;66;2012;;;;;;2457;1511;946;222;122;100;541;332;209;-319;-210;-109
3353;66;2013;;;;;;2330;1423;907;209;113;96;542;330;212;-333;-217;-116
3354;66;2014;;;;;;2169;1326;843;199;106;93;536;327;209;-337;-221;-116
3355;66;2015;;;;;;2061;1254;808;196;105;91;533;324;209;-337;-219;-118
3356;66;2016;;;;;;1992;1206;786;196;105;91;540;326;214;-344;-221;-123
3357;66;2017;;;;;;1944;1173;771;199;108;91;528;320;208;-329;-212;-117
3358;66;2018;;;;;;1972;1186;786;199;108;91;550;331;219;-351;-223;-128
3359;66;2019;;;;;;1931;1156;775;202;110;92;551;329;222;-349;-219;-130
3360;66;2020;;;;;;1924;1150;774;206;113;93;563;335;228;-357;-222;-135
3361;66;2021;;;;;;1916;1138;778;209;115;94;571;337;234;-362;-222;-140
3362;66;2022;;;;;;1932;1151;781;211;117;94;587;349;239;-376;-232;-145
3363;66;2023;;;;;;1933;1148;784;209;116;93;594;350;243;-385;-234;-150
3364;66;2024;;;;;;1942;1154;788;211;116;95;607;359;248;-396;-243;-153
3365;66;2025;;;;;;1965;1167;798;212;118;94;618;367;251;-406;-249;-157
3366;66;2026;;;;;;1953;1162;791;212;117;95;645;379;266;-433;-262;-171
3367;66;2027;;;;;;1979;1177;803;214;119;95;641;380;261;-427;-261;-166
3368;66;2028;;;;;;1970;1173;797;214;119;95;658;388;270;-444;-269;-175
3369;66;2029;;;;;;1980;1183;797;218;122;96;667;394;273;-449;-272;-177
3370;66;2030;;;;;;1983;1185;798;217;123;94;682;401;281;-465;-278;-187
3371;66;2031;;;;;;1926;1154;773;218;123;95;676;398;278;-458;-275;-183
3372;66;2032;;;;;;1872;1121;752;217;122;95;663;390;273;-446;-268;-178
3373;66;2033;;;;;;1839;1101;738;217;122;95;659;386;273;-442;-264;-178
3374;66;2034;;;;;;1829;1094;736;217;122;95;673;391;282;-456;-269;-187
3375;66;2035;;;;;;1884;1128;756;217;122;95;689;401;288;-472;-279;-193
3376;66;2036;;;;;;1817;1086;731;217;122;95;688;396;292;-471;-274;-197
3377;66;2037;;;;;;1723;1030;693;220;125;95;667;381;286;-447;-256;-191
3378;66;2038;;;;;;1622;964;657;219;124;95;652;369;283;-433;-245;-188
3379;66;2039;;;;;;1485;885;600;221;124;97;622;350;272;-401;-226;-175
3380;66;2040;;;;;;1417;846;571;223;124;99;612;343;269;-389;-219;-170
3381;66;2041;;;;;;1344;802;542;223;124;99;598;334;264;-375;-210;-165
3382;66;2042;;;;;;1319;791;528;224;125;99;593;332;261;-369;-207;-162
3383;66;2043;;;;;;1287;769;518;222;123;99;596;332;264;-374;-209;-165
3384;66;2044;;;;;;1286;768;518;224;125;99;603;335;268;-379;-210;-169
3385;66;2045;;;;;;1265;757;508;223;125;98;604;337;267;-381;-212;-169
3386;66;2046;;;;;;1285;769;516;223;125;98;619;345;274;-396;-220;-176
3387;66;2047;;;;;;1254;749;505;223;125;98;618;343;275;-395;-218;-177
3388;66;2048;;;;;;1210;725;485;223;125;98;616;341;275;-393;-216;-177
3389;66;2049;;;;;;1191;713;477;225;126;99;619;342;277;-394;-216;-178
3390;66;2050;;;;;;1205;724;481;227;127;100;631;349;282;-404;-222;-182
3391;66;2051;;;;;;1210;727;484;227;127;100;636;352;284;-409;-225;-184
3392;66;2052;;;;;;1227;736;490;227;127;100;644;358;286;-417;-231;-186
3393;66;2053;;;;;;1225;739;485;227;127;100;647;361;286;-420;-234;-186
3394;66;2054;;;;;;1209;729;480;227;127;100;651;362;288;-424;-235;-188
3395;66;2055;;;;;;1208;727;481;227;127;100;657;365;291;-430;-238;-191
3396;66;2056;;;;;;1236;747;489;227;126;101;671;374;296;-444;-248;-195
3397;66;2057;;;;;;1223;738;485;229;128;101;673;376;297;-444;-248;-196
3398;66;2058;;;;;;1199;725;474;229;128;101;672;375;298;-443;-247;-197
3399;66;2059;;;;;;1180;713;467;229;128;101;672;374;298;-443;-246;-197
3400;67;2010;;;;;;1978;1224;754;197;109;88;363;221;142;-166;-112;-54
3401;67;2011;;;;;;2042;1258;784;208;116;92;384;230;154;-176;-114;-62
3402;67;2012;;;;;;1917;1179;738;208;115;93;387;231;156;-179;-116;-63
3403;67;2013;;;;;;2615;1609;1006;198;108;90;473;289;184;-275;-181;-94
3404;67;2014;;;;;;2480;1515;965;190;101;89;479;289;189;-289;-188;-100
3405;67;2015;;;;;;2310;1412;898;186;99;87;473;286;187;-287;-187;-100
3406;67;2016;;;;;;2196;1336;861;185;99;86;467;280;186;-282;-181;-100
3407;67;2017;;;;;;2124;1286;838;188;102;86;472;280;192;-284;-178;-106
3408;67;2018;;;;;;2074;1252;822;189;103;86;461;274;186;-272;-171;-100
3409;67;2019;;;;;;2106;1267;839;191;105;86;482;285;198;-291;-180;-112
3410;67;2020;;;;;;2064;1237;827;194;107;87;483;283;200;-289;-176;-113
3411;67;2021;;;;;;2059;1233;826;199;110;89;496;290;207;-297;-180;-118
3412;67;2022;;;;;;2051;1222;830;199;110;89;504;292;212;-305;-182;-123
3413;67;2023;;;;;;2070;1237;833;198;111;87;520;304;216;-322;-193;-129
3414;67;2024;;;;;;2073;1236;837;199;112;87;527;306;222;-328;-194;-135
3415;67;2025;;;;;;2084;1243;841;201;113;88;540;314;226;-339;-201;-138
3416;67;2026;;;;;;2110;1259;852;204;115;89;553;323;230;-349;-208;-141
3417;67;2027;;;;;;2097;1253;844;203;114;89;580;337;243;-377;-223;-154
3418;67;2028;;;;;;2127;1271;857;204;115;89;572;335;237;-368;-220;-148
3419;67;2029;;;;;;2118;1267;851;206;117;89;593;345;248;-387;-228;-159
3420;67;2030;;;;;;2129;1279;851;205;117;88;600;350;250;-395;-233;-162
3421;67;2031;;;;;;2133;1281;852;206;117;89;617;359;258;-411;-242;-169
3422;67;2032;;;;;;2072;1248;825;206;117;89;612;357;256;-406;-240;-167
3423;67;2033;;;;;;2014;1212;802;206;117;89;602;351;251;-396;-234;-162
3424;67;2034;;;;;;1978;1191;787;206;115;91;595;344;252;-389;-229;-161
3425;67;2035;;;;;;1968;1183;785;207;116;91;611;351;261;-404;-235;-170
3426;67;2036;;;;;;2026;1219;807;209;118;91;625;359;266;-416;-241;-175
3427;67;2037;;;;;;1954;1174;780;209;118;91;626;355;271;-417;-237;-180
3428;67;2038;;;;;;1853;1113;740;208;117;91;607;342;265;-399;-225;-174
3429;67;2039;;;;;;1744;1042;701;207;117;90;596;332;264;-389;-215;-174
3430;67;2040;;;;;;1597;957;641;207;117;90;572;317;254;-365;-200;-164
3431;67;2041;;;;;;1524;914;609;209;118;91;564;311;253;-355;-193;-162
3432;67;2042;;;;;;1445;867;578;209;118;91;552;304;248;-343;-186;-157
3433;67;2043;;;;;;1419;855;564;209;118;91;547;302;245;-338;-184;-154
3434;67;2044;;;;;;1385;832;553;209;117;92;551;302;248;-342;-185;-156
3435;67;2045;;;;;;1384;831;553;209;117;92;558;306;253;-349;-189;-161
3436;67;2046;;;;;;1362;820;543;211;118;93;559;307;252;-348;-189;-159
3437;67;2047;;;;;;1384;833;551;211;118;93;571;313;259;-360;-195;-166
3438;67;2048;;;;;;1351;811;539;213;120;93;571;312;259;-358;-192;-166
3439;67;2049;;;;;;1304;786;518;213;120;93;572;312;260;-359;-192;-167
3440;67;2050;;;;;;1284;774;510;213;120;93;575;313;262;-362;-193;-169
3441;67;2051;;;;;;1300;786;514;213;120;93;585;319;267;-372;-199;-174
3442;67;2052;;;;;;1306;789;517;214;120;94;589;321;268;-375;-201;-174
3443;67;2053;;;;;;1324;799;524;215;121;94;596;325;270;-381;-204;-176
3444;67;2054;;;;;;1322;803;519;216;122;94;600;328;271;-384;-206;-177
3445;67;2055;;;;;;1305;791;514;216;122;94;602;330;273;-386;-208;-179
3446;67;2056;;;;;;1304;790;514;216;122;94;608;332;275;-392;-210;-181
3447;67;2057;;;;;;1334;812;523;215;121;94;619;340;280;-404;-219;-186
3448;67;2058;;;;;;1321;803;519;215;121;94;622;341;281;-407;-220;-187
3449;67;2059;;;;;;1295;788;507;214;120;94;622;340;281;-408;-220;-187
3450;68;2010;;;;;;1981;1228;753;171;90;81;311;191;120;-140;-101;-39
3451;68;2011;;;;;;2097;1297;800;180;95;85;317;197;120;-137;-102;-35
3452;68;2012;;;;;;2163;1332;831;183;97;86;338;207;131;-155;-110;-45
3453;68;2013;;;;;;2029;1247;782;171;87;84;345;210;135;-174;-123;-51
3454;68;2014;;;;;;2765;1700;1064;165;83;82;424;267;157;-259;-184;-75
3455;68;2015;;;;;;2620;1600;1021;161;81;80;426;264;161;-265;-183;-81
3456;68;2016;;;;;;2440;1490;950;159;81;78;420;260;161;-261;-179;-83
3457;68;2017;;;;;;2319;1409;910;161;83;78;414;253;161;-253;-170;-83
3458;68;2018;;;;;;2242;1357;885;162;84;78;420;253;167;-258;-169;-89
3459;68;2019;;;;;;2190;1322;868;165;87;78;409;247;161;-244;-160;-83
3460;68;2020;;;;;;2225;1339;885;167;88;79;428;256;172;-261;-168;-93
3461;68;2021;;;;;;2181;1308;872;167;88;79;430;256;175;-263;-168;-96
3462;68;2022;;;;;;2177;1305;871;169;90;79;443;262;182;-274;-172;-103
3463;68;2023;;;;;;2170;1294;875;171;91;80;450;264;186;-279;-173;-106
3464;68;2024;;;;;;2190;1312;879;172;92;80;466;276;191;-294;-184;-111
3465;68;2025;;;;;;2194;1311;883;172;92;80;472;277;195;-300;-185;-115
3466;68;2026;;;;;;2207;1320;887;172;91;81;485;285;200;-313;-194;-119
3467;68;2027;;;;;;2236;1337;899;173;91;82;496;293;203;-323;-202;-121
3468;68;2028;;;;;;2223;1332;891;174;92;82;524;307;217;-350;-215;-135
3469;68;2029;;;;;;2256;1351;905;173;92;81;515;304;210;-342;-212;-129
3470;68;2030;;;;;;2247;1347;900;175;94;81;536;315;221;-361;-221;-140
3471;68;2031;;;;;;2259;1360;899;174;93;81;542;319;223;-368;-226;-142
3472;68;2032;;;;;;2263;1362;901;175;93;82;559;327;232;-384;-234;-150
3473;68;2033;;;;;;2199;1326;873;175;93;82;556;325;231;-381;-232;-149
3474;68;2034;;;;;;2137;1288;849;175;93;82;545;319;227;-370;-226;-145
3475;68;2035;;;;;;2099;1265;834;178;96;82;537;312;226;-359;-216;-144
3476;68;2036;;;;;;2087;1256;831;180;97;83;555;319;236;-375;-222;-153
3477;68;2037;;;;;;2149;1294;855;179;96;83;567;327;240;-388;-231;-157
3478;68;2038;;;;;;2072;1246;827;179;96;83;570;324;246;-391;-228;-163
3479;68;2039;;;;;;1965;1181;784;179;96;83;553;311;242;-374;-215;-159
3480;68;2040;;;;;;1849;1106;743;179;96;83;543;303;241;-364;-207;-158
3481;68;2041;;;;;;1693;1014;679;178;95;83;522;289;232;-344;-194;-149
3482;68;2042;;;;;;1615;969;646;178;95;83;515;284;231;-337;-189;-148
3483;68;2043;;;;;;1532;919;613;178;95;83;503;276;227;-325;-181;-144
3484;68;2044;;;;;;1504;907;598;179;97;82;497;274;223;-318;-177;-141
3485;68;2045;;;;;;1468;882;586;180;98;82;502;275;227;-322;-177;-145
3486;68;2046;;;;;;1468;881;586;180;98;82;507;277;230;-327;-179;-148
3487;68;2047;;;;;;1446;870;576;180;98;82;508;279;229;-328;-181;-147
3488;68;2048;;;;;;1469;884;585;180;98;82;517;283;234;-337;-185;-152
3489;68;2049;;;;;;1434;862;573;180;98;82;517;282;235;-337;-184;-153
3490;68;2050;;;;;;1386;835;551;181;98;83;518;283;235;-337;-185;-152
3491;68;2051;;;;;;1365;823;542;184;100;84;521;283;238;-337;-183;-154
3492;68;2052;;;;;;1382;835;546;184;100;84;530;289;242;-346;-189;-158
3493;68;2053;;;;;;1388;838;550;184;100;84;533;291;242;-349;-191;-158
3494;68;2054;;;;;;1408;850;558;184;100;84;538;295;243;-354;-195;-159
3495;68;2055;;;;;;1406;854;552;184;100;84;541;296;244;-357;-196;-160
3496;68;2056;;;;;;1388;841;547;184;100;84;543;298;246;-359;-198;-162
3497;68;2057;;;;;;1388;840;547;184;100;84;548;300;248;-364;-200;-164
3498;68;2058;;;;;;1420;863;557;184;100;84;558;306;251;-374;-206;-167
3499;68;2059;;;;;;1406;853;553;184;100;84;559;306;253;-375;-206;-169
3500;69;2010;;;;;;2046;1266;779;163;83;80;242;153;89;-79;-70;-9
3501;69;2011;;;;;;2099;1298;801;170;88;82;255;158;96;-85;-70;-14
3502;69;2012;;;;;;2220;1371;850;174;91;83;261;166;95;-87;-75;-12
3503;69;2013;;;;;;2289;1407;882;165;83;82;280;175;105;-115;-92;-23
3504;69;2014;;;;;;2145;1315;829;156;77;79;290;180;110;-134;-103;-31
3505;69;2015;;;;;;2921;1792;1129;151;74;77;352;227;125;-201;-153;-48
3506;69;2016;;;;;;2767;1685;1082;151;76;75;354;224;130;-203;-148;-55
3507;69;2017;;;;;;2576;1570;1006;152;77;75;350;219;131;-198;-142;-56
3508;69;2018;;;;;;2448;1485;963;154;77;77;345;214;132;-191;-137;-55
3509;69;2019;;;;;;2367;1431;937;158;81;77;355;217;139;-197;-136;-62
3510;69;2020;;;;;;2314;1396;918;159;82;77;345;211;134;-186;-129;-57
3511;69;2021;;;;;;2352;1415;937;159;83;76;363;219;144;-204;-136;-68
3512;69;2022;;;;;;2307;1384;923;162;85;77;365;219;147;-203;-134;-70
3513;69;2023;;;;;;2304;1382;922;163;85;78;378;225;153;-215;-140;-75
3514;69;2024;;;;;;2298;1371;926;164;86;78;385;228;158;-221;-142;-80
3515;69;2025;;;;;;2320;1390;930;166;87;79;400;238;162;-234;-151;-83
3516;69;2026;;;;;;2326;1391;935;166;87;79;405;239;166;-239;-152;-87
3517;69;2027;;;;;;2340;1401;940;167;87;80;417;247;170;-250;-160;-90
3518;69;2028;;;;;;2372;1419;953;168;88;80;427;254;173;-259;-166;-93
3519;69;2029;;;;;;2359;1414;945;169;89;80;454;268;187;-285;-179;-107
3520;69;2030;;;;;;2395;1435;960;170;90;80;445;265;180;-275;-175;-100
3521;69;2031;;;;;;2386;1431;955;170;90;80;465;274;191;-295;-184;-111
3522;69;2032;;;;;;2399;1445;955;170;90;80;470;278;192;-300;-188;-112
3523;69;2033;;;;;;2403;1447;957;170;89;81;487;286;201;-317;-197;-120
3524;69;2034;;;;;;2335;1408;927;171;90;81;485;285;200;-314;-195;-119
3525;69;2035;;;;;;2270;1367;902;172;91;81;476;279;197;-304;-188;-116
3526;69;2036;;;;;;2229;1343;886;173;93;80;470;274;196;-297;-181;-116
3527;69;2037;;;;;;2215;1332;883;174;92;82;487;280;206;-313;-188;-124
3528;69;2038;;;;;;2281;1372;909;171;91;80;497;287;210;-326;-196;-130
3529;69;2039;;;;;;2199;1320;879;171;91;80;500;285;216;-329;-194;-136
3530;69;2040;;;;;;2084;1251;833;171;91;80;487;274;213;-316;-183;-133
3531;69;2041;;;;;;1961;1171;790;171;91;80;480;268;213;-309;-177;-133
3532;69;2042;;;;;;1796;1075;722;171;91;80;461;255;206;-290;-164;-126
3533;69;2043;;;;;;1714;1027;687;173;93;80;456;251;205;-283;-158;-125
3534;69;2044;;;;;;1626;974;652;173;93;80;446;245;201;-273;-152;-121
3535;69;2045;;;;;;1597;961;636;174;94;80;441;243;198;-267;-149;-118
3536;69;2046;;;;;;1559;935;624;173;93;80;445;244;201;-272;-151;-121
3537;69;2047;;;;;;1559;934;624;174;93;81;450;246;204;-276;-153;-123
3538;69;2048;;;;;;1536;922;614;174;93;81;451;248;203;-277;-155;-122
3539;69;2049;;;;;;1561;938;623;174;93;81;460;251;208;-286;-158;-127
3540;69;2050;;;;;;1526;915;611;176;95;81;459;251;208;-283;-156;-127
3541;69;2051;;;;;;1475;887;587;177;95;82;461;252;210;-284;-157;-128
3542;69;2052;;;;;;1452;874;579;178;95;83;464;253;212;-286;-158;-129
3543;69;2053;;;;;;1470;887;583;178;95;83;473;258;215;-295;-163;-132
3544;69;2054;;;;;;1478;891;587;179;96;83;476;260;216;-297;-164;-133
3545;69;2055;;;;;;1499;903;596;179;96;83;479;262;216;-300;-166;-133
3546;69;2056;;;;;;1497;907;590;179;96;83;482;264;217;-303;-168;-134
3547;69;2057;;;;;;1479;894;585;179;96;83;484;266;218;-305;-170;-135
3548;69;2058;;;;;;1478;893;585;179;96;83;489;268;220;-310;-172;-137
3549;69;2059;;;;;;1513;917;596;179;96;83;496;273;223;-317;-177;-140
3550;70;2010;;;;;;2274;1402;872;143;73;70;238;151;86;-95;-78;-16
3551;70;2011;;;;;;2169;1339;830;150;77;73;220;139;81;-70;-62;-8
3552;70;2012;;;;;;2224;1372;852;154;78;76;232;144;88;-78;-66;-12
3553;70;2013;;;;;;2350;1448;903;147;72;75;239;152;87;-92;-80;-12
3554;70;2014;;;;;;2420;1484;936;139;68;71;260;163;97;-121;-95;-26
3555;70;2015;;;;;;2267;1387;880;135;65;70;269;167;102;-134;-102;-32
3556;70;2016;;;;;;3087;1889;1197;135;65;70;322;206;116;-187;-141;-46
3557;70;2017;;;;;;2923;1776;1147;137;68;69;323;203;120;-186;-135;-51
3558;70;2018;;;;;;2721;1655;1066;137;68;69;321;199;122;-184;-131;-53
3559;70;2019;;;;;;2587;1567;1021;140;69;71;317;195;122;-177;-126;-51
3560;70;2020;;;;;;2503;1511;992;143;72;71;328;198;129;-185;-126;-58
3561;70;2021;;;;;;2449;1476;973;143;73;70;317;192;125;-174;-119;-55
3562;70;2022;;;;;;2490;1498;992;143;73;70;334;201;134;-191;-128;-64
3563;70;2023;;;;;;2444;1466;978;143;73;70;338;202;137;-195;-129;-67
3564;70;2024;;;;;;2442;1465;977;146;75;71;350;208;142;-204;-133;-71
3565;70;2025;;;;;;2437;1455;982;149;77;72;357;210;147;-208;-133;-75
3566;70;2026;;;;;;2463;1476;987;151;79;72;373;221;151;-222;-142;-79
3567;70;2027;;;;;;2470;1478;992;151;79;72;376;221;155;-225;-142;-83
3568;70;2028;;;;;;2487;1489;998;151;78;73;389;229;159;-238;-151;-86
3569;70;2029;;;;;;2522;1509;1012;152;79;73;398;236;162;-246;-157;-89
3570;70;2030;;;;;;2508;1504;1004;152;79;73;426;250;176;-274;-171;-103
3571;70;2031;;;;;;2547;1526;1021;154;81;73;416;246;169;-262;-165;-96
3572;70;2032;;;;;;2538;1522;1015;155;81;74;436;256;180;-281;-175;-106
3573;70;2033;;;;;;2552;1536;1016;154;80;74;441;260;181;-287;-180;-107
3574;70;2034;;;;;;2556;1538;1018;153;79;74;457;268;190;-304;-189;-116
3575;70;2035;;;;;;2484;1497;987;153;79;74;456;267;189;-303;-188;-115
3576;70;2036;;;;;;2414;1452;961;154;79;75;448;261;187;-294;-182;-112
3577;70;2037;;;;;;2369;1426;944;157;82;75;441;255;186;-284;-173;-111
3578;70;2038;;;;;;2355;1414;941;157;82;75;458;263;196;-301;-181;-121
3579;70;2039;;;;;;2424;1456;968;157;82;75;468;269;199;-311;-187;-124
3580;70;2040;;;;;;2337;1400;936;156;82;74;472;267;205;-316;-185;-131
3581;70;2041;;;;;;2215;1327;888;157;83;74;458;257;202;-301;-174;-128
3582;70;2042;;;;;;2084;1242;842;157;83;74;454;251;203;-297;-168;-129
3583;70;2043;;;;;;1909;1140;769;157;83;74;437;240;197;-280;-157;-123
3584;70;2044;;;;;;1822;1089;733;157;83;74;433;236;197;-276;-153;-123
3585;70;2045;;;;;;1728;1033;695;157;83;74;422;230;192;-265;-147;-118
3586;70;2046;;;;;;1698;1019;679;158;84;74;417;228;189;-259;-144;-115
3587;70;2047;;;;;;1658;992;666;159;85;74;422;229;193;-263;-144;-119
3588;70;2048;;;;;;1659;992;667;159;85;74;427;231;195;-268;-146;-121
3589;70;2049;;;;;;1635;980;656;160;86;74;427;233;194;-267;-147;-120
3590;70;2050;;;;;;1663;997;666;160;86;74;435;236;199;-275;-150;-125
3591;70;2051;;;;;;1626;973;653;160;86;74;434;235;199;-274;-149;-125
3592;70;2052;;;;;;1572;943;629;160;86;74;437;237;200;-277;-151;-126
3593;70;2053;;;;;;1549;929;620;160;86;74;441;238;203;-281;-152;-129
3594;70;2054;;;;;;1568;943;625;160;86;74;450;243;207;-290;-157;-133
3595;70;2055;;;;;;1576;947;629;161;86;75;451;244;207;-290;-158;-132
3596;70;2056;;;;;;1599;960;639;162;87;75;454;246;207;-292;-159;-132
3597;70;2057;;;;;;1598;965;633;162;87;75;456;248;208;-294;-161;-133
3598;70;2058;;;;;;1578;951;627;162;87;75;459;249;209;-297;-162;-134
3599;70;2059;;;;;;1578;950;628;163;88;75;463;252;211;-300;-164;-136
3600;71;2010;;;;;;2379;1458;921;132;66;66;196;121;75;-64;-55;-9
3601;71;2011;;;;;;2417;1485;931;139;71;68;212;131;81;-73;-60;-13
3602;71;2012;;;;;;2304;1418;885;142;72;70;195;119;76;-53;-47;-6
3603;71;2013;;;;;;2361;1453;908;134;67;67;208;126;83;-74;-59;-16
3604;71;2014;;;;;;2493;1531;962;128;63;65;216;134;83;-88;-71;-18
3605;71;2015;;;;;;2566;1569;997;123;60;63;235;142;92;-112;-82;-29
3606;71;2016;;;;;;2402;1466;937;123;60;63;243;146;96;-120;-86;-33
3607;71;2017;;;;;;3271;1996;1274;123;61;62;286;177;109;-163;-116;-47
3608;71;2018;;;;;;3098;1878;1220;127;62;65;288;175;113;-161;-113;-48
3609;71;2019;;;;;;2885;1751;1134;129;64;65;287;171;115;-158;-107;-50
3610;71;2020;;;;;;2745;1660;1086;130;66;64;285;169;116;-155;-103;-52
3611;71;2021;;;;;;2658;1603;1056;132;68;64;296;173;123;-164;-105;-59
3612;71;2022;;;;;;2603;1567;1035;132;68;64;285;167;117;-153;-99;-53
3613;71;2023;;;;;;2648;1592;1056;134;69;65;301;175;126;-167;-106;-61
3614;71;2024;;;;;;2601;1560;1042;136;69;67;305;176;129;-169;-107;-62
3615;71;2025;;;;;;2602;1560;1041;138;71;67;317;183;134;-179;-112;-67
3616;71;2026;;;;;;2598;1551;1047;138;71;67;324;186;138;-186;-115;-71
3617;71;2027;;;;;;2627;1574;1053;136;70;66;338;196;142;-202;-126;-76
3618;71;2028;;;;;;2636;1577;1059;136;70;66;341;196;145;-205;-126;-79
3619;71;2029;;;;;;2655;1589;1066;137;70;67;354;204;150;-217;-134;-83
3620;71;2030;;;;;;2693;1611;1082;139;71;68;364;211;153;-225;-140;-85
3621;71;2031;;;;;;2680;1606;1074;138;70;68;391;225;166;-253;-155;-98
3622;71;2032;;;;;;2722;1630;1092;138;70;68;382;222;160;-244;-152;-92
3623;71;2033;;;;;;2712;1625;1087;140;72;68;402;232;170;-262;-160;-102
3624;71;2034;;;;;;2727;1640;1088;141;73;68;407;236;172;-266;-163;-104
3625;71;2035;;;;;;2731;1641;1090;142;73;69;423;244;180;-281;-171;-111
3626;71;2036;;;;;;2653;1596;1057;142;73;69;423;243;180;-281;-170;-111
3627;71;2037;;;;;;2577;1548;1029;142;73;69;417;239;178;-275;-166;-109
3628;71;2038;;;;;;2530;1519;1011;141;72;69;409;233;176;-268;-161;-107
3629;71;2039;;;;;;2513;1505;1008;145;75;70;426;240;186;-281;-165;-116
3630;71;2040;;;;;;2588;1550;1037;146;76;70;436;246;190;-290;-170;-120
3631;71;2041;;;;;;2494;1491;1003;146;76;70;440;245;196;-294;-169;-126
3632;71;2042;;;;;;2364;1413;951;145;76;69;429;236;193;-284;-160;-124
3633;71;2043;;;;;;2225;1322;903;145;76;69;425;231;194;-280;-155;-125
3634;71;2044;;;;;;2038;1213;825;145;76;69;410;222;189;-265;-146;-120
3635;71;2045;;;;;;1945;1160;786;145;77;68;406;219;188;-261;-142;-120
3636;71;2046;;;;;;1846;1100;746;145;77;68;396;212;183;-251;-135;-115
3637;71;2047;;;;;;1815;1086;729;145;77;68;391;211;180;-246;-134;-112
3638;71;2048;;;;;;1773;1058;715;145;77;68;397;213;184;-252;-136;-116
3639;71;2049;;;;;;1774;1058;716;145;77;68;400;215;186;-255;-138;-118
3640;71;2050;;;;;;1750;1045;705;146;78;68;401;216;185;-255;-138;-117
3641;71;2051;;;;;;1781;1064;717;147;78;69;407;219;189;-260;-141;-120
3642;71;2052;;;;;;1742;1038;703;147;78;69;406;218;188;-259;-140;-119
3643;71;2053;;;;;;1684;1007;677;147;78;69;410;220;189;-263;-142;-120
3644;71;2054;;;;;;1659;992;667;147;78;69;413;221;192;-266;-143;-123
3645;71;2055;;;;;;1681;1007;673;148;79;69;421;226;196;-273;-147;-127
3646;71;2056;;;;;;1690;1012;678;148;79;69;423;227;196;-275;-148;-127
3647;71;2057;;;;;;1715;1026;689;148;79;69;425;229;196;-277;-150;-127
3648;71;2058;;;;;;1714;1031;683;148;79;69;427;231;196;-279;-152;-127
3649;71;2059;;;;;;1693;1016;677;148;79;69;429;232;197;-281;-153;-128
3650;72;2010;;;;;;2535;1554;981;112;59;53;170;103;67;-58;-44;-14
3651;72;2011;;;;;;2528;1544;984;118;61;57;173;105;68;-55;-44;-11
3652;72;2012;;;;;;2566;1572;994;122;64;58;187;114;74;-65;-50;-16
3653;72;2013;;;;;;2445;1501;944;115;59;56;174;105;69;-59;-46;-13
3654;72;2014;;;;;;2503;1536;967;110;56;54;188;112;76;-78;-56;-22
3655;72;2015;;;;;;2643;1618;1025;106;54;52;194;118;76;-88;-64;-24
3656;72;2016;;;;;;2720;1658;1062;105;53;52;210;125;84;-105;-72;-32
3657;72;2017;;;;;;2546;1549;998;104;53;51;216;128;88;-112;-75;-37
3658;72;2018;;;;;;3467;2111;1356;107;56;51;252;153;99;-145;-97;-48
3659;72;2019;;;;;;3286;1987;1299;108;57;51;254;151;103;-146;-94;-52
3660;72;2020;;;;;;3063;1855;1207;109;58;51;255;150;106;-146;-92;-55
3661;72;2021;;;;;;2918;1761;1156;111;59;52;253;147;106;-142;-88;-54
3662;72;2022;;;;;;2828;1703;1125;113;61;52;264;152;112;-151;-91;-60
3663;72;2023;;;;;;2771;1667;1104;113;61;52;255;147;109;-142;-86;-57
3664;72;2024;;;;;;2822;1695;1127;113;61;52;270;154;116;-157;-93;-64
3665;72;2025;;;;;;2774;1662;1112;112;60;52;275;156;119;-163;-96;-67
3666;72;2026;;;;;;2776;1664;1112;113;61;52;286;162;124;-173;-101;-72
3667;72;2027;;;;;;2775;1655;1119;113;61;52;292;165;127;-179;-104;-75
3668;72;2028;;;;;;2807;1681;1126;115;63;52;306;174;131;-191;-111;-79
3669;72;2029;;;;;;2818;1685;1133;113;62;51;308;174;134;-195;-112;-83
3670;72;2030;;;;;;2840;1699;1141;114;62;52;320;181;138;-206;-119;-86
3671;72;2031;;;;;;2882;1722;1159;114;62;52;330;188;141;-216;-126;-89
3672;72;2032;;;;;;2867;1716;1151;118;63;55;355;202;153;-237;-139;-98
3673;72;2033;;;;;;2913;1742;1172;117;63;54;347;199;148;-230;-136;-94
3674;72;2034;;;;;;2902;1736;1166;117;63;54;365;208;157;-248;-145;-103
3675;72;2035;;;;;;2918;1751;1167;117;63;54;371;212;159;-254;-149;-105
3676;72;2036;;;;;;2921;1751;1170;117;63;54;386;219;166;-269;-156;-112
3677;72;2037;;;;;;2836;1702;1134;119;64;55;386;219;167;-267;-155;-112
3678;72;2038;;;;;;2755;1650;1105;119;64;55;381;215;165;-262;-151;-110
3679;72;2039;;;;;;2704;1619;1085;119;64;55;374;210;164;-255;-146;-109
3680;72;2040;;;;;;2687;1604;1082;119;64;55;390;218;173;-271;-154;-118
3681;72;2041;;;;;;2766;1652;1114;120;64;56;400;223;176;-280;-159;-120
3682;72;2042;;;;;;2666;1589;1077;119;63;56;405;223;182;-286;-160;-126
3683;72;2043;;;;;;2528;1506;1022;121;65;56;396;215;181;-275;-150;-125
3684;72;2044;;;;;;2379;1409;970;122;65;57;392;211;181;-270;-146;-124
3685;72;2045;;;;;;2180;1293;887;123;66;57;380;203;176;-257;-137;-119
3686;72;2046;;;;;;2081;1236;845;123;66;57;376;200;176;-253;-134;-119
3687;72;2047;;;;;;1976;1174;802;124;67;57;367;196;172;-243;-129;-115
3688;72;2048;;;;;;1943;1159;784;124;67;57;363;194;169;-239;-127;-112
3689;72;2049;;;;;;1900;1129;771;124;67;57;368;196;173;-244;-129;-116
3690;72;2050;;;;;;1903;1130;772;124;67;57;372;198;174;-248;-131;-117
3691;72;2051;;;;;;1878;1117;761;124;67;57;373;199;174;-249;-132;-117
3692;72;2052;;;;;;1911;1137;774;125;67;58;377;201;176;-252;-134;-118
3693;72;2053;;;;;;1869;1110;760;125;67;58;378;201;177;-253;-134;-119
3694;72;2054;;;;;;1808;1077;731;125;67;58;381;203;178;-256;-136;-120
3695;72;2055;;;;;;1782;1061;721;126;68;58;383;204;180;-257;-136;-122
3696;72;2056;;;;;;1805;1077;728;127;69;58;391;208;183;-264;-139;-125
3697;72;2057;;;;;;1816;1082;734;127;69;58;393;209;183;-266;-140;-125
3698;72;2058;;;;;;1843;1097;746;127;69;58;395;211;183;-268;-142;-125
3699;72;2059;;;;;;1842;1103;740;127;69;58;397;213;184;-270;-144;-126
3700;73;2010;;;;;;2607;1586;1021;103;52;51;138;82;56;-35;-30;-5
3701;73;2011;;;;;;2709;1653;1056;107;54;53;149;89;60;-42;-35;-7
3702;73;2012;;;;;;2703;1645;1059;111;56;55;152;90;62;-41;-34;-7
3703;73;2013;;;;;;2745;1676;1070;102;51;51;166;98;67;-64;-47;-16
3704;73;2014;;;;;;2618;1601;1017;101;50;51;156;92;64;-55;-42;-13
3705;73;2015;;;;;;2682;1639;1043;98;48;50;169;99;70;-71;-51;-20
3706;73;2016;;;;;;2835;1729;1106;96;47;49;175;105;71;-79;-58;-22
3707;73;2017;;;;;;2920;1773;1147;96;47;49;188;110;78;-92;-63;-29
3708;73;2018;;;;;;2736;1659;1078;97;48;49;195;113;82;-98;-65;-33
3709;73;2019;;;;;;3732;2265;1467;100;51;49;225;134;92;-125;-83;-43
3710;73;2020;;;;;;3544;2138;1406;101;52;49;228;132;96;-127;-80;-47
3711;73;2021;;;;;;3308;2000;1308;103;52;51;229;131;98;-126;-79;-47
3712;73;2022;;;;;;3156;1903;1254;102;52;50;228;129;99;-126;-77;-49
3713;73;2023;;;;;;3063;1843;1221;104;54;50;240;134;106;-136;-80;-56
3714;73;2024;;;;;;3006;1807;1199;104;54;50;231;130;102;-127;-76;-52
3715;73;2025;;;;;;3065;1840;1225;104;54;50;246;137;109;-142;-83;-59
3716;73;2026;;;;;;3016;1807;1209;103;53;50;251;138;112;-148;-85;-62
3717;73;2027;;;;;;3021;1810;1210;103;53;50;261;144;117;-158;-91;-67
3718;73;2028;;;;;;3021;1802;1219;103;54;49;268;147;121;-165;-93;-72
3719;73;2029;;;;;;3058;1832;1226;103;54;49;280;156;125;-177;-102;-76
3720;73;2030;;;;;;3072;1837;1235;104;55;49;284;156;128;-180;-101;-79
3721;73;2031;;;;;;3097;1853;1244;104;55;49;294;163;132;-190;-108;-83
3722;73;2032;;;;;;3143;1879;1264;105;55;50;304;169;135;-199;-114;-85
3723;73;2033;;;;;;3127;1873;1255;104;54;50;328;181;147;-224;-127;-97
3724;73;2034;;;;;;3178;1900;1277;105;55;50;320;178;141;-215;-123;-91
3725;73;2035;;;;;;3164;1893;1271;106;55;51;339;188;151;-233;-133;-100
3726;73;2036;;;;;;3181;1909;1272;106;55;51;344;192;152;-238;-137;-101
3727;73;2037;;;;;;3184;1909;1275;107;56;51;358;199;160;-251;-143;-109
3728;73;2038;;;;;;3091;1855;1236;107;56;51;359;199;160;-252;-143;-109
3729;73;2039;;;;;;3003;1799;1204;107;56;51;355;196;160;-248;-140;-109
3730;73;2040;;;;;;2947;1765;1182;108;56;52;348;190;158;-240;-134;-106
3731;73;2041;;;;;;2928;1749;1179;108;56;52;364;197;167;-256;-141;-115
3732;73;2042;;;;;;3015;1801;1214;109;56;53;373;203;170;-264;-147;-117
3733;73;2043;;;;;;2907;1733;1174;109;56;53;378;202;176;-269;-146;-123
3734;73;2044;;;;;;2757;1643;1114;109;56;53;370;196;174;-261;-140;-121
3735;73;2045;;;;;;2596;1538;1058;110;56;54;367;192;175;-257;-136;-121
3736;73;2046;;;;;;2380;1413;967;111;57;54;356;186;170;-245;-129;-116
3737;73;2047;;;;;;2273;1351;922;111;57;54;354;183;171;-243;-126;-117
3738;73;2048;;;;;;2160;1284;876;113;58;55;345;178;167;-232;-120;-112
3739;73;2049;;;;;;2125;1268;857;113;58;55;341;177;164;-228;-119;-109
3740;73;2050;;;;;;2079;1237;843;113;58;55;346;179;167;-233;-121;-112
3741;73;2051;;;;;;2083;1239;845;113;58;55;350;180;170;-237;-122;-115
3742;73;2052;;;;;;2057;1225;832;113;58;55;350;181;169;-237;-123;-114
3743;73;2053;;;;;;2094;1247;847;113;58;55;355;183;172;-242;-125;-117
3744;73;2054;;;;;;2049;1217;831;113;58;55;355;183;172;-242;-125;-117
3745;73;2055;;;;;;1982;1181;801;113;58;55;359;185;174;-246;-127;-119
3746;73;2056;;;;;;1954;1164;790;114;59;55;361;186;176;-247;-127;-121
3747;73;2057;;;;;;1980;1182;797;115;59;56;369;190;179;-254;-131;-123
3748;73;2058;;;;;;1992;1188;804;115;59;56;371;192;179;-256;-133;-123
3749;73;2059;;;;;;2022;1205;817;114;58;56;372;193;179;-258;-135;-123
3750;74;2010;;;;;;2835;1712;1123;86;43;43;126;73;53;-40;-30;-10
3751;74;2011;;;;;;2785;1683;1103;93;47;46;131;76;55;-38;-29;-9
3752;74;2012;;;;;;2896;1756;1140;97;49;48;142;83;58;-45;-34;-10
3753;74;2013;;;;;;2892;1749;1144;92;45;47;145;85;60;-53;-40;-13
3754;74;2014;;;;;;2939;1783;1157;86;40;46;161;95;65;-75;-55;-19
3755;74;2015;;;;;;2805;1705;1101;83;38;45;151;89;62;-68;-51;-17
3756;74;2016;;;;;;2877;1747;1130;83;38;45;163;94;69;-80;-56;-24
3757;74;2017;;;;;;3045;1845;1199;83;38;45;167;99;68;-84;-61;-23
3758;74;2018;;;;;;3140;1895;1245;84;39;45;179;104;75;-95;-65;-30
3759;74;2019;;;;;;2947;1777;1171;85;40;45;186;108;78;-101;-68;-33
3760;74;2020;;;;;;4028;2433;1595;87;42;45;214;126;88;-127;-84;-43
3761;74;2021;;;;;;3832;2301;1531;89;43;46;216;124;92;-127;-81;-46
3762;74;2022;;;;;;3583;2157;1425;90;43;47;217;122;94;-127;-79;-47
3763;74;2023;;;;;;3423;2056;1367;89;43;46;216;122;95;-127;-79;-49
3764;74;2024;;;;;;3327;1994;1332;89;43;46;227;126;101;-138;-83;-55
3765;74;2025;;;;;;3269;1959;1309;89;43;46;218;121;97;-129;-78;-51
3766;74;2026;;;;;;3336;1997;1339;91;45;46;233;128;104;-142;-83;-58
3767;74;2027;;;;;;3286;1963;1322;91;45;46;237;130;107;-146;-85;-61
3768;74;2028;;;;;;3294;1969;1324;91;45;46;246;135;112;-155;-90;-66
3769;74;2029;;;;;;3296;1962;1334;90;44;46;254;139;115;-164;-95;-69
3770;74;2030;;;;;;3338;1996;1343;91;45;46;266;148;119;-175;-103;-73
3771;74;2031;;;;;;3355;2002;1353;91;45;46;268;147;121;-177;-102;-75
3772;74;2032;;;;;;3383;2020;1363;92;46;46;278;153;125;-186;-107;-79
3773;74;2033;;;;;;3434;2049;1385;91;46;45;288;160;128;-197;-114;-83
3774;74;2034;;;;;;3416;2041;1375;93;47;46;312;173;139;-219;-126;-93
3775;74;2035;;;;;;3471;2071;1399;92;47;45;304;170;134;-212;-123;-89
3776;74;2036;;;;;;3456;2063;1392;94;47;47;322;179;143;-228;-132;-96
3777;74;2037;;;;;;3474;2080;1394;93;46;47;327;183;145;-234;-137;-98
3778;74;2038;;;;;;3476;2079;1397;94;48;46;342;190;151;-248;-142;-105
3779;74;2039;;;;;;3375;2021;1354;94;48;46;343;192;151;-249;-144;-105
3780;74;2040;;;;;;3278;1960;1318;94;48;46;339;189;151;-245;-141;-105
3781;74;2041;;;;;;3219;1923;1295;95;48;47;331;182;149;-236;-134;-102
3782;74;2042;;;;;;3198;1906;1292;95;48;47;348;190;157;-253;-142;-110
3783;74;2043;;;;;;3294;1964;1330;95;48;47;357;196;161;-262;-148;-114
3784;74;2044;;;;;;3177;1890;1287;95;48;47;362;196;166;-267;-148;-119
3785;74;2045;;;;;;3015;1793;1222;95;48;47;354;190;165;-259;-142;-118
3786;74;2046;;;;;;2840;1680;1160;95;48;47;352;187;165;-257;-139;-118
3787;74;2047;;;;;;2605;1543;1061;96;48;48;342;180;161;-246;-132;-113
3788;74;2048;;;;;;2489;1477;1012;97;48;49;339;178;161;-242;-130;-112
3789;74;2049;;;;;;2367;1404;963;97;48;49;330;173;157;-233;-125;-108
3790;74;2050;;;;;;2331;1389;942;98;48;50;327;172;155;-229;-124;-105
3791;74;2051;;;;;;2282;1355;927;98;48;50;332;174;158;-234;-126;-108
3792;74;2052;;;;;;2287;1358;929;97;47;50;335;175;160;-238;-128;-110
3793;74;2053;;;;;;2259;1343;916;97;47;50;336;176;160;-239;-129;-110
3794;74;2054;;;;;;2300;1368;932;97;47;50;340;178;162;-243;-131;-112
3795;74;2055;;;;;;2251;1336;916;97;47;50;339;177;162;-242;-130;-112
3796;74;2056;;;;;;2178;1296;882;98;48;50;342;179;163;-244;-131;-113
3797;74;2057;;;;;;2148;1278;870;98;48;50;345;180;166;-247;-132;-116
3798;74;2058;;;;;;2177;1298;879;98;48;50;353;184;169;-255;-136;-119
3799;74;2059;;;;;;2191;1305;886;98;48;50;354;185;169;-256;-137;-119
3800;75;2010;;;;;;3022;1807;1216;78;38;40;111;64;47;-33;-26;-7
3801;75;2011;;;;;;3027;1813;1214;84;41;43;118;69;48;-34;-28;-5
3802;75;2012;;;;;;2977;1784;1193;85;41;44;123;73;50;-38;-32;-6
3803;75;2013;;;;;;3098;1864;1234;80;38;42;133;80;53;-53;-42;-11
3804;75;2014;;;;;;3097;1858;1239;76;34;42;138;83;55;-62;-49;-13
3805;75;2015;;;;;;3150;1896;1254;72;32;40;154;93;61;-82;-61;-21
3806;75;2016;;;;;;3010;1815;1195;72;32;40;144;86;57;-72;-54;-17
3807;75;2017;;;;;;3091;1864;1228;72;32;40;154;90;64;-82;-58;-24
3808;75;2018;;;;;;3276;1972;1304;73;33;40;157;94;64;-84;-61;-24
3809;75;2019;;;;;;3385;2030;1355;73;33;40;169;99;70;-96;-66;-30
3810;75;2020;;;;;;3183;1908;1276;75;35;40;176;103;73;-101;-68;-33
3811;75;2021;;;;;;4359;2618;1741;78;38;40;202;119;83;-124;-81;-43
3812;75;2022;;;;;;4154;2482;1672;77;38;39;204;117;86;-127;-79;-47
3813;75;2023;;;;;;3890;2332;1558;79;38;41;205;116;89;-126;-78;-48
3814;75;2024;;;;;;3722;2226;1496;79;38;41;205;115;90;-126;-77;-49
3815;75;2025;;;;;;3621;2163;1458;79;38;41;216;119;96;-137;-81;-55
3816;75;2026;;;;;;3562;2128;1435;78;38;40;207;114;93;-129;-76;-53
3817;75;2027;;;;;;3639;2172;1468;78;38;40;221;121;100;-143;-83;-60
3818;75;2028;;;;;;3588;2137;1451;79;39;40;225;122;103;-146;-83;-63
3819;75;2029;;;;;;3599;2145;1454;80;40;40;234;126;107;-154;-86;-67
3820;75;2030;;;;;;3604;2139;1465;79;39;40;241;130;111;-162;-91;-71
3821;75;2031;;;;;;3651;2176;1475;79;39;40;254;139;114;-175;-100;-74
3822;75;2032;;;;;;3670;2184;1486;80;40;40;255;138;117;-175;-98;-77
3823;75;2033;;;;;;3701;2204;1498;80;40;40;266;145;121;-186;-105;-81
3824;75;2034;;;;;;3757;2236;1522;80;40;40;276;152;124;-196;-112;-84
3825;75;2035;;;;;;3737;2227;1511;81;41;40;299;165;134;-218;-124;-94
3826;75;2036;;;;;;3797;2259;1538;81;41;40;292;162;130;-211;-121;-90
3827;75;2037;;;;;;3779;2250;1529;81;41;40;309;170;139;-228;-129;-99
3828;75;2038;;;;;;3799;2268;1531;83;42;41;314;174;140;-231;-132;-99
3829;75;2039;;;;;;3801;2267;1534;83;41;42;328;182;146;-245;-141;-104
3830;75;2040;;;;;;3691;2204;1487;83;41;42;329;183;147;-246;-142;-105
3831;75;2041;;;;;;3586;2138;1448;83;41;42;327;180;147;-244;-139;-105
3832;75;2042;;;;;;3522;2099;1423;84;42;42;319;173;146;-235;-131;-104
3833;75;2043;;;;;;3501;2081;1420;84;42;42;336;182;154;-252;-140;-112
3834;75;2044;;;;;;3607;2144;1463;84;42;42;345;187;158;-261;-145;-116
3835;75;2045;;;;;;3480;2065;1416;84;42;42;350;187;163;-266;-145;-121
3836;75;2046;;;;;;3304;1960;1344;85;42;43;343;182;161;-258;-140;-118
3837;75;2047;;;;;;3114;1837;1277;86;42;44;341;179;162;-255;-137;-118
3838;75;2048;;;;;;2858;1689;1169;87;43;44;332;173;158;-245;-130;-114
3839;75;2049;;;;;;2734;1618;1115;87;43;44;330;171;159;-243;-128;-115
3840;75;2050;;;;;;2602;1540;1062;87;43;44;322;167;155;-235;-124;-111
3841;75;2051;;;;;;2564;1524;1040;87;43;44;318;165;153;-231;-122;-109
3842;75;2052;;;;;;2510;1488;1023;87;43;44;323;168;156;-236;-125;-112
3843;75;2053;;;;;;2517;1491;1026;87;43;44;327;169;158;-240;-126;-114
3844;75;2054;;;;;;2487;1475;1012;87;43;44;327;169;158;-240;-126;-114
3845;75;2055;;;;;;2533;1503;1030;87;43;44;331;171;160;-244;-128;-116
3846;75;2056;;;;;;2480;1468;1012;87;43;44;331;170;160;-244;-127;-116
3847;75;2057;;;;;;2400;1425;975;87;43;44;334;172;162;-247;-129;-118
3848;75;2058;;;;;;2368;1405;962;87;43;44;337;173;164;-250;-130;-120
3849;75;2059;;;;;;2400;1429;972;88;43;45;344;177;167;-256;-134;-122
3850;76;2010;;;;;;3254;1913;1341;81;40;41;95;53;41;-14;-13;0
3851;76;2011;;;;;;3223;1904;1319;88;45;43;99;56;44;-11;-11;-1
3852;76;2012;;;;;;3231;1913;1318;89;45;44;106;61;45;-17;-16;-1
3853;76;2013;;;;;;3181;1886;1295;84;42;42;110;64;47;-26;-22;-5
3854;76;2014;;;;;;3313;1971;1341;78;38;40;123;72;51;-45;-34;-11
3855;76;2015;;;;;;3315;1967;1348;75;36;39;127;75;53;-52;-39;-14
3856;76;2016;;;;;;3376;2010;1366;74;36;38;143;84;58;-69;-48;-20
3857;76;2017;;;;;;3231;1928;1303;74;36;38;131;77;54;-57;-41;-16
3858;76;2018;;;;;;3323;1984;1340;74;36;38;142;81;61;-68;-45;-23
3859;76;2019;;;;;;3528;2104;1425;75;38;37;144;84;60;-69;-46;-23
3860;76;2020;;;;;;3654;2172;1482;78;40;38;155;89;66;-77;-49;-28
3861;76;2021;;;;;;3443;2046;1397;80;41;39;162;92;70;-82;-51;-31
3862;76;2022;;;;;;4724;2815;1909;80;41;39;184;106;78;-104;-65;-39
3863;76;2023;;;;;;4509;2674;1835;80;41;39;187;105;82;-107;-64;-43
3864;76;2024;;;;;;4228;2517;1712;80;41;39;190;105;85;-110;-64;-46
3865;76;2025;;;;;;4052;2407;1645;81;43;38;190;104;86;-109;-61;-48
3866;76;2026;;;;;;3946;2342;1605;80;42;38;202;109;93;-122;-67;-55
3867;76;2027;;;;;;3887;2307;1580;80;42;38;192;103;88;-112;-61;-50
3868;76;2028;;;;;;3974;2357;1617;80;42;38;206;111;95;-126;-69;-57
3869;76;2029;;;;;;3921;2322;1599;81;43;38;210;112;98;-129;-69;-60
3870;76;2030;;;;;;3935;2332;1603;82;43;39;219;117;103;-137;-74;-64
3871;76;2031;;;;;;3943;2327;1616;84;44;40;226;120;106;-142;-76;-66
3872;76;2032;;;;;;3996;2368;1628;85;44;41;239;130;110;-154;-86;-69
3873;76;2033;;;;;;4018;2377;1641;86;45;41;240;128;112;-154;-83;-71
3874;76;2034;;;;;;4052;2399;1653;86;45;41;251;135;116;-165;-90;-75
3875;76;2035;;;;;;4112;2433;1680;85;44;41;262;142;119;-177;-98;-78
3876;76;2036;;;;;;4089;2422;1667;86;44;42;286;156;130;-200;-112;-88
3877;76;2037;;;;;;4154;2457;1697;88;45;43;278;152;126;-190;-107;-83
3878;76;2038;;;;;;4135;2447;1688;88;45;43;296;162;134;-208;-117;-91
3879;76;2039;;;;;;4156;2467;1689;88;45;43;301;165;136;-213;-120;-93
3880;76;2040;;;;;;4160;2467;1693;89;45;44;315;173;142;-226;-128;-98
3881;76;2041;;;;;;4040;2398;1642;90;46;44;317;174;143;-227;-128;-99
3882;76;2042;;;;;;3926;2327;1599;89;46;43;314;172;142;-225;-126;-99
3883;76;2043;;;;;;3858;2286;1572;91;46;45;305;165;140;-214;-119;-95
3884;76;2044;;;;;;3836;2267;1569;91;46;45;323;174;149;-232;-128;-104
3885;76;2045;;;;;;3955;2338;1617;91;46;45;332;179;153;-241;-133;-108
3886;76;2046;;;;;;3818;2253;1565;91;46;45;339;180;159;-248;-134;-114
3887;76;2047;;;;;;3627;2140;1487;90;46;44;333;175;158;-243;-129;-114
3888;76;2048;;;;;;3421;2008;1414;89;45;44;331;173;159;-242;-128;-115
3889;76;2049;;;;;;3142;1847;1295;89;45;44;323;167;156;-234;-122;-112
3890;76;2050;;;;;;3008;1771;1236;90;45;45;320;166;155;-230;-121;-110
3891;76;2051;;;;;;2865;1687;1177;90;45;45;311;160;150;-221;-115;-105
3892;76;2052;;;;;;2824;1670;1153;90;45;45;307;159;149;-217;-114;-104
3893;76;2053;;;;;;2766;1631;1135;90;45;45;314;162;152;-224;-117;-107
3894;76;2054;;;;;;2774;1635;1139;91;46;45;316;163;153;-225;-117;-108
3895;76;2055;;;;;;2742;1618;1123;91;46;45;316;163;153;-225;-117;-108
3896;76;2056;;;;;;2794;1650;1144;91;46;45;319;164;155;-228;-118;-110
3897;76;2057;;;;;;2737;1612;1124;91;46;45;319;164;156;-228;-118;-111
3898;76;2058;;;;;;2649;1566;1084;91;46;45;322;165;157;-231;-119;-112
3899;76;2059;;;;;;2614;1544;1070;91;46;45;324;166;158;-233;-120;-113
3900;77;2010;;;;;;3457;1997;1461;70;34;36;81;44;36;-11;-10;0
3901;77;2011;;;;;;3461;2004;1457;75;38;37;83;47;36;-8;-9;1
3902;77;2012;;;;;;3432;1998;1433;77;39;38;87;48;39;-10;-9;-1
3903;77;2013;;;;;;3444;2011;1433;71;35;36;94;54;40;-23;-19;-4
3904;77;2014;;;;;;3394;1984;1410;69;33;36;100;58;42;-31;-25;-6
3905;77;2015;;;;;;3539;2077;1462;66;32;34;111;65;46;-45;-33;-12
3906;77;2016;;;;;;3548;2076;1471;65;32;33;115;68;47;-50;-36;-14
3907;77;2017;;;;;;3618;2125;1493;65;32;33;130;77;53;-65;-45;-20
3908;77;2018;;;;;;3468;2043;1425;65;32;33;118;69;49;-53;-37;-16
3909;77;2019;;;;;;3574;2107;1467;65;32;33;129;73;55;-64;-41;-22
3910;77;2020;;;;;;3804;2241;1562;66;33;33;129;75;55;-63;-42;-22
3911;77;2021;;;;;;3947;2320;1627;68;35;33;139;79;60;-71;-44;-27
3912;77;2022;;;;;;3726;2191;1536;70;36;34;146;83;63;-76;-47;-29
3913;77;2023;;;;;;5122;3022;2100;70;35;35;166;94;72;-96;-59;-37
3914;77;2024;;;;;;4897;2876;2021;70;35;35;169;93;76;-99;-58;-41
3915;77;2025;;;;;;4598;2711;1887;70;35;35;172;94;79;-102;-59;-44
3916;77;2026;;;;;;4412;2597;1815;70;35;35;172;93;79;-102;-58;-44
3917;77;2027;;;;;;4302;2530;1772;70;35;35;183;98;85;-113;-63;-50
3918;77;2028;;;;;;4241;2495;1746;71;36;35;173;91;82;-102;-55;-47
3919;77;2029;;;;;;4340;2552;1788;72;37;35;187;99;88;-115;-62;-53
3920;77;2030;;;;;;4285;2516;1769;72;37;35;190;99;91;-118;-62;-56
3921;77;2031;;;;;;4303;2529;1774;72;37;35;199;104;95;-127;-67;-60
3922;77;2032;;;;;;4313;2524;1789;73;38;35;206;108;98;-133;-70;-63
3923;77;2033;;;;;;4371;2569;1802;73;38;35;219;117;102;-146;-79;-67
3924;77;2034;;;;;;4396;2579;1817;71;37;34;221;116;104;-150;-79;-70
3925;77;2035;;;;;;4433;2602;1830;72;38;34;231;123;107;-159;-85;-73
3926;77;2036;;;;;;4498;2639;1859;73;39;34;241;131;111;-168;-92;-77
3927;77;2037;;;;;;4472;2627;1845;74;39;35;264;144;120;-190;-105;-85
3928;77;2038;;;;;;4544;2666;1878;75;39;36;256;140;117;-181;-101;-81
3929;77;2039;;;;;;4523;2655;1868;76;40;36;274;150;124;-198;-110;-88
3930;77;2040;;;;;;4547;2677;1870;76;40;36;280;154;126;-204;-114;-90
3931;77;2041;;;;;;4552;2677;1875;76;40;36;293;162;131;-217;-122;-95
3932;77;2042;;;;;;4422;2604;1818;76;39;37;296;164;133;-220;-125;-96
3933;77;2043;;;;;;4300;2528;1772;77;40;37;294;162;133;-217;-122;-96
3934;77;2044;;;;;;4227;2484;1742;77;40;37;285;154;131;-208;-114;-94
3935;77;2045;;;;;;4205;2466;1739;78;40;38;303;165;139;-225;-125;-101
3936;77;2046;;;;;;4338;2545;1794;78;40;38;312;169;142;-234;-129;-104
3937;77;2047;;;;;;4191;2453;1738;77;39;38;317;170;147;-240;-131;-109
3938;77;2048;;;;;;3984;2333;1652;77;39;38;313;165;148;-236;-126;-110
3939;77;2049;;;;;;3762;2191;1571;79;41;38;310;162;148;-231;-121;-110
3940;77;2050;;;;;;3458;2018;1441;79;41;38;303;158;145;-224;-117;-107
3941;77;2051;;;;;;3313;1936;1376;78;40;38;301;157;144;-223;-117;-106
3942;77;2052;;;;;;3156;1845;1311;78;40;38;291;151;140;-213;-111;-102
3943;77;2053;;;;;;3113;1828;1285;78;40;38;288;149;138;-210;-109;-100
3944;77;2054;;;;;;3050;1785;1265;78;40;38;294;153;142;-216;-113;-104
3945;77;2055;;;;;;3060;1791;1270;79;40;39;296;153;143;-217;-113;-104
3946;77;2056;;;;;;3026;1773;1253;81;40;41;296;153;143;-215;-113;-102
3947;77;2057;;;;;;3085;1808;1276;81;40;41;299;154;145;-218;-114;-104
3948;77;2058;;;;;;3022;1768;1255;81;40;41;299;153;145;-218;-113;-104
3949;77;2059;;;;;;2927;1717;1210;81;40;41;301;155;146;-220;-115;-105
3950;78;2010;;;;;;3828;2160;1668;66;32;34;66;33;33;0;-1;1
3951;78;2011;;;;;;3676;2084;1592;69;34;35;68;35;33;1;-1;2
3952;78;2012;;;;;;3687;2099;1589;72;37;35;71;37;34;1;0;1
3953;78;2013;;;;;;3663;2099;1565;66;33;33;74;38;35;-8;-5;-2
3954;78;2014;;;;;;3683;2117;1566;63;31;32;82;44;38;-19;-13;-6
3955;78;2015;;;;;;3638;2095;1544;61;30;31;87;48;39;-26;-18;-8
3956;78;2016;;;;;;3801;2199;1603;60;29;31;95;53;42;-35;-24;-11
3957;78;2017;;;;;;3819;2204;1615;60;29;31;99;55;44;-39;-26;-13
3958;78;2018;;;;;;3903;2263;1640;61;30;31;112;63;49;-51;-33;-18
3959;78;2019;;;;;;3752;2184;1568;61;30;31;102;57;46;-41;-27;-15
3960;78;2020;;;;;;3877;2260;1617;61;30;31;112;60;51;-51;-30;-20
3961;78;2021;;;;;;4136;2412;1724;64;33;31;112;62;50;-48;-29;-19
3962;78;2022;;;;;;4302;2504;1798;64;33;31;121;66;55;-57;-33;-24
3963;78;2023;;;;;;4069;2370;1699;66;33;33;126;68;58;-60;-35;-25
3964;78;2024;;;;;;5603;3277;2326;65;33;32;143;78;65;-78;-45;-33
3965;78;2025;;;;;;5365;3125;2240;65;33;32;146;78;69;-81;-45;-37
3966;78;2026;;;;;;5044;2951;2094;65;33;32;149;78;71;-84;-45;-39
3967;78;2027;;;;;;4845;2830;2015;65;33;32;149;77;72;-84;-44;-40
3968;78;2028;;;;;;4729;2760;1969;65;33;32;159;81;77;-94;-48;-45
3969;78;2029;;;;;;4666;2725;1941;66;34;32;150;76;74;-84;-42;-42
3970;78;2030;;;;;;4778;2789;1989;65;34;31;162;83;80;-97;-49;-49
3971;78;2031;;;;;;4719;2751;1968;65;34;31;166;83;82;-101;-49;-51
3972;78;2032;;;;;;4740;2766;1974;65;34;31;173;87;86;-108;-53;-55
3973;78;2033;;;;;;4752;2761;1991;66;35;31;179;90;89;-113;-55;-58
3974;78;2034;;;;;;4816;2810;2006;66;35;31;190;98;92;-124;-63;-61
3975;78;2035;;;;;;4843;2821;2022;66;35;31;191;97;94;-125;-62;-63
3976;78;2036;;;;;;4883;2846;2037;67;36;31;200;103;98;-133;-67;-67
3977;78;2037;;;;;;4955;2886;2070;67;36;31;209;109;101;-142;-73;-70
3978;78;2038;;;;;;4927;2873;2054;67;36;31;230;120;109;-163;-84;-78
3979;78;2039;;;;;;5007;2916;2092;69;36;33;224;118;106;-155;-82;-73
3980;78;2040;;;;;;4986;2905;2081;71;38;33;239;126;113;-168;-88;-80
3981;78;2041;;;;;;5014;2930;2084;70;37;33;244;130;114;-174;-93;-81
3982;78;2042;;;;;;5022;2932;2090;70;37;33;256;137;119;-186;-100;-86
3983;78;2043;;;;;;4882;2854;2028;70;37;33;257;138;120;-187;-101;-87
3984;78;2044;;;;;;4750;2773;1978;71;38;33;257;136;120;-186;-98;-87
3985;78;2045;;;;;;4673;2727;1946;71;38;33;249;131;118;-178;-93;-85
3986;78;2046;;;;;;4653;2709;1944;71;38;33;264;139;126;-193;-101;-93
3987;78;2047;;;;;;4804;2798;2006;72;38;34;273;144;129;-201;-106;-95
3988;78;2048;;;;;;4646;2701;1945;72;38;34;278;145;133;-206;-107;-99
3989;78;2049;;;;;;4421;2571;1850;72;38;34;275;142;133;-203;-104;-99
3990;78;2050;;;;;;4178;2416;1761;73;39;34;273;139;134;-200;-100;-100
3991;78;2051;;;;;;3844;2228;1616;73;39;34;267;135;132;-194;-96;-98
3992;78;2052;;;;;;3683;2139;1544;73;39;34;264;134;130;-191;-95;-96
3993;78;2053;;;;;;3511;2039;1472;73;39;34;255;129;127;-182;-90;-93
3994;78;2054;;;;;;3464;2021;1443;73;39;34;252;128;125;-179;-89;-91
3995;78;2055;;;;;;3395;1974;1421;73;39;34;259;130;128;-186;-91;-94
3996;78;2056;;;;;;3409;1982;1427;73;39;34;260;130;130;-187;-91;-96
3997;78;2057;;;;;;3371;1963;1409;73;39;34;260;131;129;-187;-92;-95
3998;78;2058;;;;;;3439;2003;1436;72;39;33;261;131;130;-189;-92;-97
3999;78;2059;;;;;;3371;1959;1412;72;39;33;261;130;131;-189;-91;-98
4000;79;2010;;;;;;4042;2226;1816;59;28;31;56;29;28;3;-1;3
4001;79;2011;;;;;;4060;2248;1812;63;30;33;62;32;30;1;-2;3
4002;79;2012;;;;;;3907;2176;1731;64;30;34;64;34;30;0;-4;4
4003;79;2013;;;;;;3927;2198;1729;61;29;32;67;36;31;-6;-7;1
4004;79;2014;;;;;;3909;2204;1705;60;27;33;72;39;33;-12;-12;0
4005;79;2015;;;;;;3939;2230;1710;57;25;32;79;44;35;-22;-19;-3
4006;79;2016;;;;;;3900;2212;1688;56;25;31;84;47;36;-28;-22;-5
4007;79;2017;;;;;;4084;2330;1755;56;25;31;92;53;39;-36;-28;-8
4008;79;2018;;;;;;4113;2343;1770;57;26;31;94;54;40;-37;-28;-9
4009;79;2019;;;;;;4214;2414;1800;57;26;31;109;64;46;-52;-38;-15
4010;79;2020;;;;;;4063;2338;1724;57;26;31;99;56;43;-42;-30;-12
4011;79;2021;;;;;;4208;2428;1780;59;28;31;108;60;48;-49;-32;-17
4012;79;2022;;;;;;4501;2599;1901;60;29;31;107;60;47;-47;-31;-16
4013;79;2023;;;;;;4690;2705;1985;62;29;33;115;64;52;-53;-35;-19
4014;79;2024;;;;;;4444;2567;1878;62;29;33;120;66;54;-58;-37;-21
4015;79;2025;;;;;;6129;3556;2573;62;29;33;135;75;61;-73;-46;-28
4016;79;2026;;;;;;5877;3396;2481;62;29;33;138;75;64;-76;-46;-31
4017;79;2027;;;;;;5532;3212;2320;62;29;33;141;75;66;-79;-46;-33
4018;79;2028;;;;;;5319;3084;2235;62;29;33;141;74;67;-79;-45;-34
4019;79;2029;;;;;;5195;3011;2184;61;29;32;150;77;73;-89;-48;-41
4020;79;2030;;;;;;5130;2975;2155;61;29;32;141;71;69;-80;-42;-37
4021;79;2031;;;;;;5255;3046;2209;62;30;32;151;77;74;-89;-47;-42
4022;79;2032;;;;;;5192;3005;2187;62;30;32;154;77;77;-92;-47;-45
4023;79;2033;;;;;;5216;3022;2194;62;30;32;161;80;81;-99;-50;-49
4024;79;2034;;;;;;5230;3017;2213;63;31;32;168;84;83;-105;-53;-51
4025;79;2035;;;;;;5300;3071;2230;63;31;32;178;91;87;-115;-60;-55
4026;79;2036;;;;;;5330;3082;2248;63;31;32;178;90;88;-115;-59;-56
4027;79;2037;;;;;;5374;3110;2265;63;31;32;187;95;91;-124;-64;-59
4028;79;2038;;;;;;5455;3154;2301;66;32;34;197;102;95;-131;-70;-61
4029;79;2039;;;;;;5425;3141;2285;65;31;34;216;112;104;-151;-81;-70
4030;79;2040;;;;;;5517;3189;2328;65;31;34;212;111;100;-147;-80;-66
4031;79;2041;;;;;;5495;3179;2317;65;31;34;226;119;108;-161;-88;-74
4032;79;2042;;;;;;5530;3209;2321;66;32;34;231;122;109;-165;-90;-75
4033;79;2043;;;;;;5543;3213;2329;66;32;34;243;129;114;-177;-97;-80
4034;79;2044;;;;;;5392;3130;2262;67;32;35;245;130;115;-178;-98;-80
4035;79;2045;;;;;;5251;3043;2207;67;32;35;246;130;116;-179;-98;-81
4036;79;2046;;;;;;5170;2997;2174;69;33;36;237;124;113;-168;-91;-77
4037;79;2047;;;;;;5153;2980;2173;70;34;36;253;133;121;-183;-99;-85
4038;79;2048;;;;;;5325;3081;2244;70;34;36;262;138;125;-192;-104;-89
4039;79;2049;;;;;;5154;2977;2178;70;34;36;268;139;129;-198;-105;-93
4040;79;2050;;;;;;4910;2837;2073;70;34;36;266;137;129;-196;-103;-93
4041;79;2051;;;;;;4644;2669;1975;70;34;36;263;133;130;-193;-99;-94
4042;79;2052;;;;;;4274;2462;1813;70;34;36;257;130;128;-187;-96;-92
4043;79;2053;;;;;;4097;2364;1733;70;34;36;255;129;127;-185;-95;-91
4044;79;2054;;;;;;3908;2255;1652;71;35;36;245;123;122;-174;-88;-86
4045;79;2055;;;;;;3857;2236;1621;71;35;36;242;121;120;-171;-86;-84
4046;79;2056;;;;;;3783;2186;1596;71;35;36;248;124;124;-177;-89;-88
4047;79;2057;;;;;;3800;2195;1604;72;35;37;249;124;125;-177;-89;-88
4048;79;2058;;;;;;3760;2176;1584;73;35;38;249;124;125;-176;-89;-87
4049;79;2059;;;;;;3837;2222;1615;74;35;39;248;122;126;-174;-87;-87
4050;80;2010;;;;;;4368;2334;2034;54;25;29;51;26;26;3;-1;3
4051;80;2011;;;;;;4274;2303;1971;59;27;32;48;24;25;11;3;7
4052;80;2012;;;;;;4302;2334;1968;61;28;33;54;27;27;7;1;6
4053;80;2013;;;;;;4150;2267;1882;57;25;32;56;29;28;1;-4;4
4054;80;2014;;;;;;4180;2297;1883;54;24;30;60;31;29;-6;-7;1
4055;80;2015;;;;;;4171;2310;1861;53;23;30;64;33;31;-11;-10;-1
4056;80;2016;;;;;;4213;2344;1869;52;23;29;70;38;32;-18;-15;-3
4057;80;2017;;;;;;4181;2334;1847;51;23;28;75;41;34;-24;-18;-6
4058;80;2018;;;;;;4389;2465;1923;51;23;28;83;46;37;-32;-23;-9
4059;80;2019;;;;;;4432;2489;1943;52;24;28;86;47;39;-34;-23;-11
4060;80;2020;;;;;;4553;2573;1980;52;24;28;100;56;44;-48;-32;-16
4061;80;2021;;;;;;4401;2502;1900;52;24;28;89;49;40;-37;-25;-12
4062;80;2022;;;;;;4569;2606;1964;55;27;28;98;52;46;-43;-25;-18
4063;80;2023;;;;;;4897;2797;2101;57;28;29;96;52;44;-39;-24;-15
4064;80;2024;;;;;;5113;2917;2196;57;27;30;103;55;48;-46;-28;-18
4065;80;2025;;;;;;4852;2773;2079;57;27;30;108;57;52;-51;-30;-22
4066;80;2026;;;;;;6701;3848;2852;57;27;30;122;64;57;-65;-37;-27
4067;80;2027;;;;;;6433;3681;2752;57;27;30;125;64;61;-68;-37;-31
4068;80;2028;;;;;;6061;3485;2576;56;27;29;128;65;63;-72;-38;-34
4069;80;2029;;;;;;5832;3350;2482;56;27;29;128;65;64;-72;-38;-35
4070;80;2030;;;;;;5700;3273;2428;56;27;29;137;68;69;-81;-41;-40
4071;80;2031;;;;;;5632;3236;2396;55;26;29;126;61;65;-71;-35;-36
4072;80;2032;;;;;;5771;3315;2457;56;27;29;137;66;71;-81;-39;-42
4073;80;2033;;;;;;5704;3271;2433;57;28;29;139;67;72;-82;-39;-43
4074;80;2034;;;;;;5732;3290;2441;57;28;29;146;70;76;-89;-42;-47
4075;80;2035;;;;;;5748;3284;2463;57;28;29;152;73;79;-95;-45;-50
4076;80;2036;;;;;;5825;3343;2482;57;28;29;161;80;82;-104;-52;-53
4077;80;2037;;;;;;5859;3357;2503;57;28;29;161;79;83;-104;-51;-54
4078;80;2038;;;;;;5910;3387;2522;57;28;29;170;84;86;-113;-56;-57
4079;80;2039;;;;;;6002;3437;2564;57;28;29;179;90;89;-122;-62;-60
4080;80;2040;;;;;;5971;3424;2547;58;29;29;199;100;99;-141;-71;-70
4081;80;2041;;;;;;6076;3480;2596;59;29;30;193;98;94;-134;-69;-64
4082;80;2042;;;;;;6056;3471;2585;60;29;31;209;106;103;-149;-77;-72
4083;80;2043;;;;;;6099;3507;2592;60;29;31;213;109;104;-153;-80;-73
4084;80;2044;;;;;;6118;3514;2603;60;29;31;226;116;110;-166;-87;-79
4085;80;2045;;;;;;5956;3427;2530;60;29;31;228;118;110;-168;-89;-79
4086;80;2046;;;;;;5806;3336;2470;61;30;31;228;118;110;-167;-88;-79
4087;80;2047;;;;;;5723;3288;2435;61;30;31;219;111;108;-158;-81;-77
4088;80;2048;;;;;;5709;3273;2436;61;30;31;237;120;116;-176;-90;-85
4089;80;2049;;;;;;5907;3388;2518;61;30;31;247;126;120;-186;-96;-89
4090;80;2050;;;;;;5723;3277;2446;62;31;31;252;127;125;-190;-96;-94
4091;80;2051;;;;;;5456;3126;2330;63;31;32;251;125;126;-188;-94;-94
4092;80;2052;;;;;;5163;2943;2221;63;31;32;247;122;126;-184;-91;-94
4093;80;2053;;;;;;4755;2716;2039;63;31;32;242;119;124;-179;-88;-92
4094;80;2054;;;;;;4560;2610;1950;64;32;32;240;117;123;-176;-85;-91
4095;80;2055;;;;;;4352;2491;1860;64;32;32;230;111;119;-166;-79;-87
4096;80;2056;;;;;;4298;2472;1826;64;32;32;226;110;117;-162;-78;-85
4097;80;2057;;;;;;4217;2418;1799;64;32;32;233;113;120;-169;-81;-88
4098;80;2058;;;;;;4238;2429;1809;64;32;32;233;112;121;-169;-80;-89
4099;80;2059;;;;;;4196;2409;1787;64;32;32;233;112;121;-169;-80;-89
4100;81;2010;;;;;;4448;2298;2151;50;25;25;42;20;22;8;5;3
4101;81;2011;;;;;;4591;2399;2192;54;27;27;47;24;24;7;3;3
4102;81;2012;;;;;;4503;2377;2126;55;27;28;45;22;23;10;5;5
4103;81;2013;;;;;;4544;2418;2126;51;24;27;50;25;26;1;-1;1
4104;81;2014;;;;;;4392;2356;2037;48;23;25;54;27;27;-6;-4;-2
4105;81;2015;;;;;;4436;2394;2042;47;22;25;57;30;27;-10;-8;-2
4106;81;2016;;;;;;4437;2416;2021;45;21;24;61;32;29;-16;-11;-5
4107;81;2017;;;;;;4493;2459;2033;44;21;23;67;36;31;-23;-15;-8
4108;81;2018;;;;;;4470;2457;2013;46;22;24;72;39;33;-26;-17;-9
4109;81;2019;;;;;;4704;2605;2099;46;22;24;80;43;36;-34;-21;-12
4110;81;2020;;;;;;4765;2640;2125;47;23;24;82;44;37;-35;-21;-13
4111;81;2021;;;;;;4907;2739;2168;47;23;24;97;54;43;-50;-31;-19
4112;81;2022;;;;;;4754;2671;2084;47;23;24;85;47;39;-38;-24;-15
4113;81;2023;;;;;;4946;2789;2157;49;25;24;96;51;45;-47;-26;-21
4114;81;2024;;;;;;5311;3001;2310;49;25;24;93;50;43;-44;-25;-19
4115;81;2025;;;;;;5554;3136;2417;50;25;25;100;53;47;-50;-28;-22
4116;81;2026;;;;;;5277;2986;2291;50;25;25;104;55;50;-54;-30;-25
4117;81;2027;;;;;;7297;4150;3146;51;25;26;117;63;54;-66;-38;-28
4118;81;2028;;;;;;7013;3975;3039;51;25;26;121;63;58;-70;-38;-32
4119;81;2029;;;;;;6612;3767;2846;51;25;26;125;64;61;-74;-39;-35
4120;81;2030;;;;;;6368;3624;2744;50;25;25;125;63;61;-75;-38;-36
4121;81;2031;;;;;;6227;3542;2685;48;23;25;135;67;68;-87;-44;-43
4122;81;2032;;;;;;6156;3504;2651;48;23;25;124;62;62;-76;-39;-37
4123;81;2033;;;;;;6310;3591;2719;49;24;25;135;67;67;-86;-43;-42
4124;81;2034;;;;;;6239;3545;2694;50;25;25;137;68;69;-87;-43;-44
4125;81;2035;;;;;;6270;3566;2704;50;25;25;144;71;73;-94;-46;-48
4126;81;2036;;;;;;6289;3560;2729;50;25;25;150;74;76;-100;-49;-51
4127;81;2037;;;;;;6375;3625;2750;51;26;25;159;81;78;-108;-55;-53
4128;81;2038;;;;;;6416;3642;2774;51;26;25;159;80;79;-108;-54;-54
4129;81;2039;;;;;;6474;3677;2798;51;26;25;168;85;82;-117;-59;-57
4130;81;2040;;;;;;6579;3733;2846;51;26;25;176;91;85;-125;-65;-60
4131;81;2041;;;;;;6549;3722;2828;51;26;25;198;101;96;-147;-75;-71
4132;81;2042;;;;;;6671;3786;2885;51;26;25;192;101;92;-141;-75;-67
4133;81;2043;;;;;;6654;3779;2875;51;26;25;208;108;100;-157;-82;-75
4134;81;2044;;;;;;6707;3822;2885;51;26;25;213;111;101;-162;-85;-76
4135;81;2045;;;;;;6734;3834;2899;51;26;25;226;119;107;-175;-93;-82
4136;81;2046;;;;;;6562;3743;2820;51;26;25;228;119;108;-177;-93;-83
4137;81;2047;;;;;;6404;3648;2756;51;26;25;228;119;108;-177;-93;-83
4138;81;2048;;;;;;6320;3601;2719;52;26;26;218;114;104;-166;-88;-78
4139;81;2049;;;;;;6310;3588;2723;53;27;26;237;123;114;-184;-96;-88
4140;81;2050;;;;;;6536;3719;2817;53;27;26;246;128;119;-193;-101;-93
4141;81;2051;;;;;;6338;3600;2738;53;27;26;252;129;123;-199;-102;-97
4142;81;2052;;;;;;6046;3436;2610;54;28;26;253;129;124;-199;-101;-98
4143;81;2053;;;;;;5725;3237;2488;54;28;26;249;125;124;-195;-97;-98
4144;81;2054;;;;;;5275;2989;2286;54;28;26;244;122;123;-190;-94;-97
4145;81;2055;;;;;;5062;2875;2187;54;28;26;242;120;122;-188;-92;-96
4146;81;2056;;;;;;4834;2746;2088;54;28;26;231;115;116;-177;-87;-90
4147;81;2057;;;;;;4776;2727;2050;54;28;26;228;113;114;-174;-85;-88
4148;81;2058;;;;;;4690;2669;2021;55;29;26;235;116;119;-180;-87;-93
4149;81;2059;;;;;;4716;2683;2033;55;29;26;235;115;120;-180;-86;-94
4150;82;2010;;;;;;4677;2331;2347;42;20;22;36;17;19;6;3;3
4151;82;2011;;;;;;4655;2349;2306;44;21;23;37;17;20;7;4;3
4152;82;2012;;;;;;4815;2462;2353;46;22;24;42;21;21;4;1;3
4153;82;2013;;;;;;4734;2449;2285;41;19;22;40;20;20;1;-1;2
4154;82;2014;;;;;;4789;2499;2290;41;18;23;45;23;22;-4;-5;1
4155;82;2015;;;;;;4641;2443;2199;39;17;22;49;25;24;-10;-8;-2
4156;82;2016;;;;;;4699;2491;2208;39;17;22;52;28;24;-13;-11;-2
4157;82;2017;;;;;;4712;2522;2190;38;17;21;55;29;25;-17;-12;-4
4158;82;2018;;;;;;4784;2577;2206;38;17;21;61;34;27;-23;-17;-6
4159;82;2019;;;;;;4773;2584;2188;39;18;21;65;36;29;-26;-18;-8
4160;82;2020;;;;;;5037;2750;2287;39;18;21;72;40;32;-33;-22;-11
4161;82;2021;;;;;;5116;2797;2319;41;18;23;74;41;33;-33;-23;-10
4162;82;2022;;;;;;5279;2909;2370;41;18;23;87;50;38;-46;-32;-15
4163;82;2023;;;;;;5126;2845;2281;40;18;22;78;43;35;-38;-25;-13
4164;82;2024;;;;;;5342;2977;2364;41;19;22;87;48;39;-46;-29;-17
4165;82;2025;;;;;;5745;3210;2535;41;19;22;84;47;38;-43;-28;-16
4166;82;2026;;;;;;6017;3361;2656;43;21;22;92;50;42;-49;-29;-20
4167;82;2027;;;;;;5724;3205;2519;44;21;23;96;51;45;-52;-30;-22
4168;82;2028;;;;;;7923;4460;3463;44;21;23;106;58;48;-62;-37;-25
4169;82;2029;;;;;;7623;4276;3347;44;21;23;110;59;51;-66;-38;-28
4170;82;2030;;;;;;7192;4055;3137;44;21;23;113;60;53;-69;-39;-30
4171;82;2031;;;;;;6930;3904;3027;45;21;24;113;59;54;-68;-38;-30
4172;82;2032;;;;;;6780;3817;2963;45;21;24;124;64;60;-79;-43;-36
4173;82;2033;;;;;;6706;3779;2927;45;21;24;113;59;54;-68;-38;-30
4174;82;2034;;;;;;6877;3874;3003;45;21;24;122;63;59;-77;-42;-35
4175;82;2035;;;;;;6801;3825;2976;44;20;24;124;64;60;-80;-44;-36
4176;82;2036;;;;;;6837;3849;2988;44;20;24;131;67;64;-87;-47;-40
4177;82;2037;;;;;;6861;3845;3016;44;20;24;136;70;66;-92;-50;-42
4178;82;2038;;;;;;6959;3917;3042;44;20;24;144;76;68;-100;-56;-44
4179;82;2039;;;;;;7008;3938;3070;44;20;24;145;76;69;-101;-56;-45
4180;82;2040;;;;;;7077;3979;3098;45;22;23;153;81;72;-108;-59;-49
4181;82;2041;;;;;;7197;4044;3154;45;22;23;161;86;75;-116;-64;-52
4182;82;2042;;;;;;7171;4035;3136;45;22;23;182;96;86;-137;-74;-63
4183;82;2043;;;;;;7311;4109;3202;46;23;23;176;96;80;-130;-73;-57
4184;82;2044;;;;;;7300;4106;3194;46;23;23;190;102;88;-144;-79;-65
4185;82;2045;;;;;;7366;4158;3208;46;23;23;196;106;90;-150;-83;-67
4186;82;2046;;;;;;7402;4176;3226;46;23;23;209;113;96;-163;-90;-73
4187;82;2047;;;;;;7222;4081;3141;46;23;23;211;113;97;-165;-90;-74
4188;82;2048;;;;;;7055;3982;3073;46;23;23;211;114;97;-165;-91;-74
4189;82;2049;;;;;;6971;3936;3035;46;23;23;201;109;91;-155;-86;-68
4190;82;2050;;;;;;6968;3927;3041;46;23;23;219;118;101;-173;-95;-78
4191;82;2051;;;;;;7224;4075;3149;47;24;23;228;122;105;-181;-98;-82
4192;82;2052;;;;;;7010;3948;3062;47;24;23;234;124;110;-187;-100;-87
4193;82;2053;;;;;;6691;3771;2920;47;24;23;234;123;111;-187;-99;-88
4194;82;2054;;;;;;6341;3555;2786;47;24;23;230;120;110;-183;-96;-87
4195;82;2055;;;;;;5845;3285;2560;47;24;23;227;118;109;-180;-94;-86
4196;82;2056;;;;;;5613;3162;2452;47;24;23;225;117;108;-178;-93;-85
4197;82;2057;;;;;;5364;3022;2341;47;24;23;214;111;103;-167;-87;-80
4198;82;2058;;;;;;5304;3003;2300;47;24;23;210;110;101;-163;-86;-78
4199;82;2059;;;;;;5211;2942;2269;48;24;24;216;112;104;-168;-88;-80
4200;83;2010;;;;;;4713;2280;2433;35;15;20;31;14;17;4;1;3
4201;83;2011;;;;;;4838;2349;2489;37;17;20;34;15;18;3;2;2
4202;83;2012;;;;;;4822;2374;2448;37;17;20;34;16;18;3;1;2
4203;83;2013;;;;;;4997;2494;2503;35;16;19;39;20;19;-4;-4;0
4204;83;2014;;;;;;4922;2485;2436;34;14;20;38;19;19;-4;-5;1
4205;83;2015;;;;;;4988;2540;2448;32;13;19;42;21;21;-10;-8;-2
4206;83;2016;;;;;;4843;2488;2355;32;13;19;44;22;22;-12;-9;-3
4207;83;2017;;;;;;4913;2543;2369;32;13;19;47;25;23;-15;-12;-4
4208;83;2018;;;;;;4935;2581;2353;32;13;19;50;26;24;-18;-13;-5
4209;83;2019;;;;;;5019;2644;2376;32;13;19;55;30;25;-23;-17;-6
4210;83;2020;;;;;;5018;2658;2361;34;15;19;58;31;26;-24;-16;-7
4211;83;2021;;;;;;5305;2835;2471;34;15;19;64;35;29;-30;-20;-10
4212;83;2022;;;;;;5397;2888;2509;34;15;19;65;35;30;-31;-20;-11
4213;83;2023;;;;;;5576;3008;2567;34;15;19;76;43;33;-42;-28;-14
4214;83;2024;;;;;;5420;2946;2474;33;15;18;69;37;31;-36;-22;-13
4215;83;2025;;;;;;5653;3086;2566;33;15;18;77;42;35;-44;-27;-17
4216;83;2026;;;;;;6085;3331;2754;32;15;17;76;42;34;-44;-27;-17
4217;83;2027;;;;;;6376;3490;2887;32;15;17;82;44;38;-50;-29;-21
4218;83;2028;;;;;;6069;3329;2739;31;14;17;85;45;41;-54;-31;-24
4219;83;2029;;;;;;8402;4635;3767;32;15;17;97;52;44;-65;-37;-27
4220;83;2030;;;;;;8085;4444;3641;31;14;17;100;53;47;-69;-39;-30
4221;83;2031;;;;;;7628;4215;3412;33;14;19;103;55;48;-70;-41;-29
4222;83;2032;;;;;;7351;4058;3293;33;14;19;102;53;49;-69;-39;-30
4223;83;2033;;;;;;7190;3968;3223;34;15;19;110;57;53;-76;-42;-34
4224;83;2034;;;;;;7111;3928;3184;34;15;19;103;54;49;-69;-39;-30
4225;83;2035;;;;;;7291;4025;3266;34;15;19;110;58;53;-76;-43;-34
4226;83;2036;;;;;;7209;3974;3235;34;15;19;114;59;55;-80;-44;-36
4227;83;2037;;;;;;7247;3999;3248;34;15;19;119;61;58;-85;-46;-39
4228;83;2038;;;;;;7273;3995;3278;35;15;20;123;63;60;-88;-48;-40
4229;83;2039;;;;;;7376;4070;3306;35;15;20;130;67;63;-95;-52;-43
4230;83;2040;;;;;;7431;4094;3337;35;15;20;131;68;63;-96;-53;-43
4231;83;2041;;;;;;7506;4138;3367;35;15;20;138;72;66;-103;-57;-46
4232;83;2042;;;;;;7636;4207;3428;35;15;20;143;75;68;-108;-60;-48
4233;83;2043;;;;;;7609;4200;3409;35;15;20;159;82;77;-124;-67;-57
4234;83;2044;;;;;;7762;4280;3482;35;15;20;156;83;73;-121;-68;-53
4235;83;2045;;;;;;7753;4280;3473;35;15;20;167;87;80;-132;-72;-60
4236;83;2046;;;;;;7826;4337;3489;35;15;20;171;90;81;-136;-75;-61
4237;83;2047;;;;;;7869;4358;3510;35;15;20;182;96;86;-147;-81;-66
4238;83;2048;;;;;;7680;4262;3418;35;15;20;183;95;88;-148;-80;-68
4239;83;2049;;;;;;7507;4162;3345;35;15;20;183;96;87;-148;-81;-67
4240;83;2050;;;;;;7422;4117;3305;35;15;20;177;93;83;-142;-78;-63
4241;83;2051;;;;;;7421;4109;3312;35;15;20;189;98;91;-154;-83;-71
4242;83;2052;;;;;;7694;4264;3430;35;15;20;196;102;94;-161;-87;-74
4243;83;2053;;;;;;7467;4132;3334;35;15;20;202;104;98;-167;-89;-78
4244;83;2054;;;;;;7128;3948;3180;35;15;20;203;104;99;-168;-89;-79
4245;83;2055;;;;;;6756;3722;3034;35;15;20;201;102;99;-166;-87;-79
4246;83;2056;;;;;;6228;3441;2788;35;15;20;197;99;98;-162;-84;-78
4247;83;2057;;;;;;5981;3312;2669;35;15;20;195;99;97;-160;-84;-77
4248;83;2058;;;;;;5716;3167;2549;35;15;20;187;95;92;-152;-80;-72
4249;83;2059;;;;;;5652;3148;2505;35;15;20;184;94;90;-149;-79;-70
4250;84;2010;;;;;;4883;2252;2632;30;13;17;27;12;15;3;1;2
4251;84;2011;;;;;;4840;2275;2565;32;15;17;27;12;14;5;3;3
4252;84;2012;;;;;;4979;2352;2627;33;16;17;29;14;16;4;2;1
4253;84;2013;;;;;;4972;2382;2590;31;15;16;30;14;16;1;1;0
4254;84;2014;;;;;;5161;2507;2654;30;14;16;33;17;16;-3;-3;0
4255;84;2015;;;;;;5094;2504;2590;28;13;15;32;16;16;-4;-3;-1
4256;84;2016;;;;;;5172;2564;2607;28;13;15;36;18;18;-8;-5;-3
4257;84;2017;;;;;;5031;2518;2513;28;13;15;37;19;18;-9;-6;-3
4258;84;2018;;;;;;5113;2579;2534;28;13;15;39;21;19;-11;-8;-4
4259;84;2019;;;;;;5146;2624;2522;28;13;15;42;23;19;-14;-10;-4
4260;84;2020;;;;;;5245;2694;2551;28;13;15;45;25;20;-17;-12;-5
4261;84;2021;;;;;;5253;2715;2539;28;13;15;47;26;21;-19;-13;-6
4262;84;2022;;;;;;5561;2901;2661;27;13;14;52;29;23;-25;-16;-9
4263;84;2023;;;;;;5666;2960;2706;28;14;14;53;29;24;-25;-15;-10
4264;84;2024;;;;;;5858;3087;2771;27;14;13;61;35;26;-34;-21;-13
4265;84;2025;;;;;;5699;3027;2672;27;14;13;56;31;25;-29;-17;-12
4266;84;2026;;;;;;5948;3174;2774;27;14;13;62;34;28;-35;-20;-15
4267;84;2027;;;;;;6407;3428;2979;27;14;13;62;34;28;-35;-20;-15
4268;84;2028;;;;;;6717;3594;3124;27;14;13;67;36;31;-40;-22;-18
4269;84;2029;;;;;;6395;3430;2965;28;15;13;69;37;32;-41;-22;-19
4270;84;2030;;;;;;8856;4777;4079;28;15;13;80;44;36;-52;-29;-23
4271;84;2031;;;;;;8524;4581;3943;29;15;14;83;45;38;-54;-30;-24
4272;84;2032;;;;;;8041;4345;3696;30;16;14;85;46;39;-55;-30;-25
4273;84;2033;;;;;;7749;4183;3566;31;16;15;84;44;40;-53;-28;-25
4274;84;2034;;;;;;7579;4090;3489;31;16;15;90;47;43;-59;-31;-28
4275;84;2035;;;;;;7495;4048;3447;30;15;15;87;46;41;-57;-31;-26
4276;84;2036;;;;;;7683;4148;3535;30;15;15;92;48;44;-62;-33;-29
4277;84;2037;;;;;;7598;4096;3502;30;15;15;94;49;45;-64;-34;-30
4278;84;2038;;;;;;7637;4123;3515;31;15;16;99;51;48;-68;-36;-32
4279;84;2039;;;;;;7668;4120;3548;31;15;16;102;52;50;-71;-37;-34
4280;84;2040;;;;;;7777;4200;3578;31;15;16;106;55;51;-75;-40;-35
4281;84;2041;;;;;;7838;4226;3612;31;15;16;109;56;53;-78;-41;-37
4282;84;2042;;;;;;7920;4274;3645;31;15;16;114;59;55;-83;-44;-39
4283;84;2043;;;;;;8061;4349;3712;31;15;16;118;61;56;-87;-46;-40
4284;84;2044;;;;;;8035;4344;3692;31;15;16;128;66;62;-97;-51;-46
4285;84;2045;;;;;;8201;4430;3772;31;15;16;127;67;60;-96;-52;-44
4286;84;2046;;;;;;8195;4432;3763;31;15;16;135;70;64;-104;-55;-48
4287;84;2047;;;;;;8276;4495;3782;31;15;16;138;73;65;-107;-58;-49
4288;84;2048;;;;;;8326;4520;3806;31;15;16;145;77;68;-114;-62;-52
4289;84;2049;;;;;;8130;4424;3706;31;15;16;146;76;69;-115;-61;-53
4290;84;2050;;;;;;7951;4323;3628;31;15;16;146;77;69;-115;-62;-53
4291;84;2051;;;;;;7863;4278;3585;31;15;16;144;76;67;-113;-61;-51
4292;84;2052;;;;;;7863;4270;3593;31;15;16;152;80;72;-121;-65;-56
4293;84;2053;;;;;;8154;4434;3721;31;15;16;156;82;74;-125;-67;-58
4294;84;2054;;;;;;7914;4297;3617;31;15;16;160;83;77;-129;-68;-61
4295;84;2055;;;;;;7556;4106;3449;31;15;16;160;83;77;-129;-68;-61
4296;84;2056;;;;;;7164;3873;3291;31;15;16;159;81;78;-128;-66;-62
4297;84;2057;;;;;;6604;3580;3024;31;15;16;155;79;76;-124;-64;-60
4298;84;2058;;;;;;6343;3447;2896;32;16;16;153;79;75;-121;-63;-59
4299;84;2059;;;;;;6063;3297;2765;32;16;16;148;75;72;-116;-59;-56
4300;85;2010;;;;;;4954;2173;2781;23;11;12;24;10;13;-1;1;-1
4301;85;2011;;;;;;4972;2221;2752;25;12;13;23;10;13;2;2;0
4302;85;2012;;;;;;4938;2251;2687;25;12;13;22;10;12;3;2;1
4303;85;2013;;;;;;5090;2332;2758;23;11;12;25;11;13;-2;0;-1
4304;85;2014;;;;;;5093;2367;2726;22;10;12;25;12;13;-3;-2;-1
4305;85;2015;;;;;;5298;2497;2801;20;9;11;28;14;13;-8;-5;-2
4306;85;2016;;;;;;5239;2499;2740;20;9;11;27;14;13;-7;-5;-2
4307;85;2017;;;;;;5330;2566;2764;19;9;10;30;15;15;-11;-6;-5
4308;85;2018;;;;;;5195;2526;2669;19;9;10;31;16;15;-12;-7;-5
4309;85;2019;;;;;;5290;2594;2696;20;10;10;33;18;15;-13;-8;-5
4310;85;2020;;;;;;5334;2645;2689;19;9;10;35;19;16;-16;-10;-6
4311;85;2021;;;;;;5446;2722;2724;19;9;10;38;21;17;-19;-12;-7
4312;85;2022;;;;;;5463;2748;2716;19;9;10;40;22;17;-21;-13;-7
4313;85;2023;;;;;;5790;2941;2850;19;9;10;43;25;19;-24;-16;-9
4314;85;2024;;;;;;5906;3005;2901;19;9;10;45;25;20;-26;-16;-10
4315;85;2025;;;;;;6111;3137;2974;19;9;10;51;30;21;-32;-21;-11
4316;85;2026;;;;;;5950;3080;2870;19;9;10;48;27;21;-29;-18;-11
4317;85;2027;;;;;;6213;3232;2981;19;9;10;52;29;23;-33;-20;-13
4318;85;2028;;;;;;6696;3493;3203;19;9;10;52;30;23;-33;-21;-13
4319;85;2029;;;;;;7023;3663;3360;19;9;10;56;31;25;-37;-22;-15
4320;85;2030;;;;;;6687;3497;3190;19;9;10;58;32;26;-39;-23;-16
4321;85;2031;;;;;;9261;4872;4389;19;9;10;68;38;30;-49;-29;-20
4322;85;2032;;;;;;8916;4673;4243;19;9;10;70;39;31;-51;-30;-21
4323;85;2033;;;;;;8409;4433;3976;20;10;10;72;41;32;-52;-31;-22
4324;85;2034;;;;;;8105;4268;3837;20;10;10;72;39;33;-52;-29;-23
4325;85;2035;;;;;;7927;4173;3754;20;10;10;76;41;35;-56;-31;-25
4326;85;2036;;;;;;7839;4131;3708;20;10;10;74;40;34;-54;-30;-24
4327;85;2037;;;;;;8037;4235;3802;20;10;10;79;42;36;-59;-32;-26
4328;85;2038;;;;;;7950;4183;3767;21;10;11;81;44;38;-60;-34;-27
4329;85;2039;;;;;;7993;4212;3781;21;10;11;85;45;39;-64;-35;-28
4330;85;2040;;;;;;8029;4212;3817;22;11;11;87;46;41;-65;-35;-30
4331;85;2041;;;;;;8146;4296;3850;22;11;11;91;49;42;-69;-38;-31
4332;85;2042;;;;;;8213;4326;3888;22;11;11;93;50;44;-71;-39;-33
4333;85;2043;;;;;;8303;4378;3925;22;11;11;97;53;45;-75;-42;-34
4334;85;2044;;;;;;8455;4458;3997;22;11;11;101;55;47;-79;-44;-36
4335;85;2045;;;;;;8432;4456;3977;22;11;11;109;59;50;-87;-48;-39
4336;85;2046;;;;;;8612;4548;4064;22;11;11;110;60;49;-88;-49;-38
4337;85;2047;;;;;;8610;4554;4056;22;11;11;115;63;52;-93;-52;-41
4338;85;2048;;;;;;8699;4621;4077;22;11;11;118;65;53;-96;-54;-42
4339;85;2049;;;;;;8755;4651;4104;22;11;11;124;69;55;-102;-58;-44
4340;85;2050;;;;;;8553;4555;3998;22;11;11;123;68;55;-101;-57;-44
4341;85;2051;;;;;;8367;4453;3914;22;11;11;124;69;55;-102;-58;-44
4342;85;2052;;;;;;8277;4409;3868;22;11;11;124;69;55;-102;-58;-44
4343;85;2053;;;;;;8279;4402;3877;22;11;11;130;72;58;-108;-61;-47
4344;85;2054;;;;;;8587;4572;4015;22;11;11;134;75;59;-112;-64;-48
4345;85;2055;;;;;;8336;4433;3903;23;11;12;136;75;61;-113;-64;-49
4346;85;2056;;;;;;7959;4237;3722;24;11;13;136;75;61;-112;-64;-48
4347;85;2057;;;;;;7549;3997;3551;24;11;13;134;74;61;-110;-63;-48
4348;85;2058;;;;;;6960;3696;3263;24;11;13;132;72;60;-108;-61;-47
4349;85;2059;;;;;;6685;3560;3125;24;11;13;130;72;59;-106;-61;-46
4350;86;2010;;;;;;5038;2062;2976;20;8;12;21;9;12;-1;-1;0
4351;86;2011;;;;;;5006;2119;2887;22;9;13;21;9;12;1;0;1
4352;86;2012;;;;;;5035;2172;2863;22;9;13;21;9;12;1;0;1
4353;86;2013;;;;;;5010;2208;2802;20;8;12;21;9;11;-1;-1;1
4354;86;2014;;;;;;5176;2292;2884;20;7;13;22;10;12;-2;-3;1
4355;86;2015;;;;;;5190;2332;2858;19;7;12;23;11;12;-4;-4;0
4356;86;2016;;;;;;5410;2465;2945;19;7;12;25;12;13;-6;-5;-1
4357;86;2017;;;;;;5360;2474;2887;19;7;12;25;12;13;-6;-5;-1
4358;86;2018;;;;;;5464;2546;2918;19;7;12;27;13;13;-8;-6;-1
4359;86;2019;;;;;;5337;2513;2824;19;7;12;27;14;14;-8;-7;-2
4360;86;2020;;;;;;5446;2587;2859;19;7;12;29;15;14;-10;-8;-2
4361;86;2021;;;;;;5500;2644;2856;19;7;12;31;16;15;-12;-9;-3
4362;86;2022;;;;;;5623;2726;2898;19;7;12;33;18;15;-14;-11;-3
4363;86;2023;;;;;;5648;2756;2892;19;7;12;34;19;16;-15;-12;-4
4364;86;2024;;;;;;5992;2954;3038;19;7;12;38;21;17;-19;-14;-5
4365;86;2025;;;;;;6118;3022;3096;19;7;12;39;22;17;-20;-15;-5
4366;86;2026;;;;;;6335;3159;3176;18;7;11;43;24;18;-25;-17;-7
4367;86;2027;;;;;;6171;3103;3067;18;7;11;41;23;19;-23;-16;-8
4368;86;2028;;;;;;6447;3259;3188;18;7;11;45;25;20;-27;-18;-9
4369;86;2029;;;;;;6951;3524;3426;18;7;11;45;25;20;-27;-18;-9
4370;86;2030;;;;;;7293;3698;3595;18;7;11;48;27;22;-30;-20;-11
4371;86;2031;;;;;;6946;3532;3414;18;7;11;50;28;23;-32;-21;-12
4372;86;2032;;;;;;9620;4922;4698;18;7;11;60;34;26;-42;-27;-15
4373;86;2033;;;;;;9264;4722;4542;19;7;12;63;35;28;-44;-28;-16
4374;86;2034;;;;;;8738;4481;4257;19;7;12;65;37;28;-46;-30;-16
4375;86;2035;;;;;;8422;4315;4107;19;7;12;65;36;29;-46;-29;-17
4376;86;2036;;;;;;8238;4220;4018;19;7;12;68;38;30;-49;-31;-18
4377;86;2037;;;;;;8149;4180;3969;19;7;12;67;38;29;-48;-31;-17
4378;86;2038;;;;;;8358;4287;4071;19;7;12;70;39;31;-51;-32;-19
4379;86;2039;;;;;;8270;4237;4033;20;8;12;73;41;32;-53;-33;-20
4380;86;2040;;;;;;8319;4269;4050;21;8;13;76;43;33;-55;-35;-20
4381;86;2041;;;;;;8362;4272;4090;22;8;14;78;43;35;-56;-35;-21
4382;86;2042;;;;;;8486;4361;4126;22;8;14;82;46;36;-60;-38;-22
4383;86;2043;;;;;;8562;4395;4167;22;8;14;84;47;37;-62;-39;-23
4384;86;2044;;;;;;8660;4452;4209;22;8;14;87;49;38;-65;-41;-24
4385;86;2045;;;;;;8824;4536;4288;22;8;14;89;50;39;-67;-42;-25
4386;86;2046;;;;;;8805;4538;4267;22;8;14;94;53;41;-72;-45;-27
4387;86;2047;;;;;;8998;4635;4363;22;8;14;96;55;42;-74;-47;-28
4388;86;2048;;;;;;9001;4646;4355;22;8;14;100;56;43;-78;-48;-29
4389;86;2049;;;;;;9097;4718;4379;22;8;14;102;58;44;-80;-50;-30
4390;86;2050;;;;;;9161;4751;4410;22;8;14;107;61;45;-85;-53;-31
4391;86;2051;;;;;;8953;4656;4297;22;8;14;106;61;45;-84;-53;-31
4392;86;2052;;;;;;8761;4554;4207;22;8;14;105;61;45;-83;-53;-31
4393;86;2053;;;;;;8668;4510;4158;22;8;14;107;61;46;-85;-53;-32
4394;86;2054;;;;;;8673;4505;4168;23;9;14;110;63;47;-87;-54;-33
4395;86;2055;;;;;;8998;4681;4317;23;9;14;114;66;49;-91;-57;-35
4396;86;2056;;;;;;8737;4540;4197;23;9;14;115;66;49;-92;-57;-35
4397;86;2057;;;;;;8344;4341;4003;23;9;14;115;66;49;-92;-57;-35
4398;86;2058;;;;;;7917;4097;3820;23;9;14;114;65;49;-91;-56;-35
4399;86;2059;;;;;;7300;3790;3510;23;9;14;111;63;48;-88;-54;-34
4400;87;2010;;;;;;5120;2011;3109;16;7;9;18;8;10;-2;-1;-1
4401;87;2011;;;;;;5035;1982;3053;18;8;10;18;8;10;0;0;0
4402;87;2012;;;;;;5012;2043;2969;18;8;10;18;8;10;0;0;0
4403;87;2013;;;;;;5052;2101;2951;17;7;10;18;8;10;-1;-1;0
4404;87;2014;;;;;;5037;2140;2897;17;7;10;18;8;9;-1;-1;1
4405;87;2015;;;;;;5218;2227;2991;15;6;9;19;9;10;-4;-3;-1
4406;87;2016;;;;;;5243;2271;2973;15;6;9;20;10;10;-5;-4;-1
4407;87;2017;;;;;;5476;2407;3069;15;6;9;21;11;10;-6;-5;-1
4408;87;2018;;;;;;5437;2422;3015;15;6;9;21;11;10;-6;-5;-1
4409;87;2019;;;;;;5554;2499;3055;16;7;9;23;12;11;-7;-5;-2
4410;87;2020;;;;;;5435;2472;2963;16;7;9;23;12;11;-7;-5;-2
4411;87;2021;;;;;;5555;2551;3004;16;7;9;25;13;11;-9;-6;-2
4412;87;2022;;;;;;5619;2613;3006;16;7;9;26;14;12;-10;-7;-3
4413;87;2023;;;;;;5752;2698;3054;16;7;9;27;15;12;-11;-8;-3
4414;87;2024;;;;;;5784;2732;3052;16;7;9;29;16;12;-13;-9;-3
4415;87;2025;;;;;;6142;2932;3209;16;7;9;31;18;13;-15;-11;-4
4416;87;2026;;;;;;6276;3003;3273;16;7;9;33;19;14;-17;-12;-5
4417;87;2027;;;;;;6502;3142;3360;16;7;9;35;20;15;-19;-13;-6
4418;87;2028;;;;;;6336;3089;3247;16;7;9;34;20;15;-18;-13;-6
4419;87;2029;;;;;;6622;3246;3376;16;7;9;37;21;15;-21;-14;-6
4420;87;2030;;;;;;7143;3513;3630;16;7;9;37;22;15;-21;-15;-6
4421;87;2031;;;;;;7498;3688;3810;16;7;9;39;23;17;-23;-16;-8
4422;87;2032;;;;;;7143;3524;3619;16;7;9;41;24;17;-25;-17;-8
4423;87;2033;;;;;;9895;4914;4981;16;7;9;51;29;21;-35;-22;-12
4424;87;2034;;;;;;9532;4716;4816;16;7;9;54;31;23;-38;-24;-14
4425;87;2035;;;;;;8990;4476;4514;15;6;9;54;32;22;-39;-26;-13
4426;87;2036;;;;;;8669;4313;4355;15;6;9;54;32;23;-39;-26;-14
4427;87;2037;;;;;;8483;4221;4262;15;6;9;57;34;23;-42;-28;-14
4428;87;2038;;;;;;8394;4183;4211;16;6;10;57;35;23;-41;-29;-13
4429;87;2039;;;;;;8614;4294;4320;16;6;10;59;35;24;-43;-29;-14
4430;87;2040;;;;;;8529;4247;4282;17;6;11;62;37;25;-45;-31;-14
4431;87;2041;;;;;;8584;4284;4300;17;6;11;64;38;26;-47;-32;-15
4432;87;2042;;;;;;8635;4290;4345;18;7;11;65;39;26;-47;-32;-15
4433;87;2043;;;;;;8768;4383;4385;18;7;11;68;41;27;-50;-34;-16
4434;87;2044;;;;;;8852;4422;4431;18;7;11;70;42;28;-52;-35;-17
4435;87;2045;;;;;;8960;4483;4477;18;7;11;72;43;28;-54;-36;-17
4436;87;2046;;;;;;9136;4573;4563;18;7;11;75;45;30;-57;-38;-19
4437;87;2047;;;;;;9121;4578;4542;18;7;11;78;47;31;-60;-40;-20
4438;87;2048;;;;;;9327;4681;4646;18;7;11;80;48;32;-62;-41;-21
4439;87;2049;;;;;;9334;4695;4640;18;7;11;82;49;33;-64;-42;-22
4440;87;2050;;;;;;9438;4771;4667;18;7;11;84;51;33;-66;-44;-22
4441;87;2051;;;;;;9508;4808;4701;18;7;11;87;53;34;-69;-46;-23
4442;87;2052;;;;;;9295;4714;4581;18;7;11;87;53;34;-69;-46;-23
4443;87;2053;;;;;;9100;4613;4487;18;7;11;87;53;34;-69;-46;-23
4444;87;2054;;;;;;9006;4571;4435;18;7;11;88;54;34;-70;-47;-23
4445;87;2055;;;;;;9015;4568;4446;18;7;11;90;55;35;-72;-48;-24
4446;87;2056;;;;;;9355;4749;4606;20;7;13;94;57;36;-74;-50;-23
4447;87;2057;;;;;;9087;4608;4480;20;7;13;95;58;37;-75;-51;-24
4448;87;2058;;;;;;8681;4408;4273;20;7;13;94;57;37;-74;-50;-24
4449;87;2059;;;;;;8240;4162;4078;20;7;13;93;57;37;-73;-50;-24
4450;88;2010;;;;;;4903;1847;3056;14;7;7;14;6;8;0;1;-1
4451;88;2011;;;;;;5066;1919;3147;15;8;7;15;6;9;0;2;-2
4452;88;2012;;;;;;4995;1898;3097;15;8;7;15;6;9;0;2;-2
4453;88;2013;;;;;;4982;1964;3018;14;7;7;15;7;9;-1;1;-2
4454;88;2014;;;;;;5033;2024;3008;13;6;7;15;7;8;-2;-1;-1
4455;88;2015;;;;;;5030;2068;2961;12;6;6;15;7;8;-3;-1;-2
4456;88;2016;;;;;;5223;2159;3064;12;6;6;16;8;9;-4;-2;-3
4457;88;2017;;;;;;5262;2209;3052;12;6;6;17;8;9;-5;-2;-3
4458;88;2018;;;;;;5508;2350;3158;12;6;6;18;9;9;-6;-3;-3
4459;88;2019;;;;;;5482;2373;3110;12;6;6;18;9;9;-6;-3;-3
4460;88;2020;;;;;;5615;2457;3158;12;6;6;19;10;9;-7;-4;-3
4461;88;2021;;;;;;5508;2440;3069;12;6;6;20;10;10;-8;-4;-4
4462;88;2022;;;;;;5644;2526;3118;12;6;6;21;11;10;-9;-5;-4
4463;88;2023;;;;;;5721;2595;3126;12;6;6;22;12;10;-10;-6;-4
4464;88;2024;;;;;;5870;2688;3182;12;6;6;23;12;10;-11;-6;-4
4465;88;2025;;;;;;5916;2730;3186;12;6;6;24;13;11;-12;-7;-5
4466;88;2026;;;;;;6295;2938;3356;12;6;6;26;14;12;-14;-8;-6
4467;88;2027;;;;;;6446;3018;3429;12;6;6;27;15;12;-15;-9;-6
4468;88;2028;;;;;;6691;3165;3526;12;6;6;29;16;13;-17;-10;-7
4469;88;2029;;;;;;6533;3120;3413;12;6;6;29;16;13;-17;-10;-7
4470;88;2030;;;;;;6841;3287;3554;12;6;6;30;17;14;-18;-11;-8
4471;88;2031;;;;;;7393;3566;3827;12;6;6;32;18;14;-20;-12;-8
4472;88;2032;;;;;;7775;3752;4023;12;6;6;34;19;15;-22;-13;-9
4473;88;2033;;;;;;7420;3593;3827;12;6;6;35;20;15;-23;-14;-9
4474;88;2034;;;;;;10296;5022;5274;12;6;6;43;24;19;-31;-18;-13
4475;88;2035;;;;;;9936;4829;5107;12;6;6;44;24;20;-32;-18;-14
4476;88;2036;;;;;;9386;4594;4793;12;6;6;44;25;20;-32;-19;-14
4477;88;2037;;;;;;9066;4436;4631;12;6;6;45;25;20;-33;-19;-14
4478;88;2038;;;;;;8887;4349;4538;12;6;6;46;26;20;-34;-20;-14
4479;88;2039;;;;;;8810;4320;4490;12;6;6;47;26;20;-35;-20;-14
4480;88;2040;;;;;;9057;4443;4613;13;6;7;49;28;21;-36;-22;-14
4481;88;2041;;;;;;8984;4405;4579;13;6;7;50;29;22;-37;-23;-15
4482;88;2042;;;;;;9058;4452;4606;13;6;7;52;30;22;-39;-24;-15
4483;88;2043;;;;;;9128;4468;4661;13;6;7;53;30;23;-40;-24;-16
4484;88;2044;;;;;;9285;4574;4711;13;6;7;56;31;24;-43;-25;-17
4485;88;2045;;;;;;9392;4624;4768;14;7;7;57;32;25;-43;-25;-18
4486;88;2046;;;;;;9523;4698;4825;14;7;7;59;33;25;-45;-26;-18
4487;88;2047;;;;;;9727;4802;4926;14;7;7;61;35;26;-47;-28;-19
4488;88;2048;;;;;;9729;4818;4911;14;7;7;62;36;27;-48;-29;-20
4489;88;2049;;;;;;9967;4935;5031;14;7;7;65;37;28;-51;-30;-21
4490;88;2050;;;;;;9992;4960;5032;14;7;7;67;38;29;-53;-31;-22
4491;88;2051;;;;;;10121;5051;5070;14;7;7;69;39;29;-55;-32;-22
4492;88;2052;;;;;;10213;5100;5114;14;7;7;71;41;30;-57;-34;-23
4493;88;2053;;;;;;10001;5010;4991;14;7;7;71;40;30;-57;-33;-23
4494;88;2054;;;;;;9807;4911;4896;14;7;7;70;40;30;-56;-33;-23
4495;88;2055;;;;;;9723;4876;4847;14;7;7;72;41;30;-58;-34;-23
4496;88;2056;;;;;;9748;4882;4866;14;7;7;73;42;31;-59;-35;-24
4497;88;2057;;;;;;10133;5084;5049;14;7;7;77;44;33;-63;-37;-26
4498;88;2058;;;;;;9859;4943;4917;14;7;7;76;43;33;-62;-36;-26
4499;88;2059;;;;;;9434;4737;4697;15;7;8;76;43;33;-61;-36;-25
4500;89;2010;;;;;;4769;1701;3068;12;5;7;10;3;7;2;2;0
4501;89;2011;;;;;;4776;1733;3042;13;5;8;10;3;7;3;2;1
4502;89;2012;;;;;;4947;1807;3139;13;5;8;10;3;7;3;2;1
4503;89;2013;;;;;;4891;1794;3097;12;5;7;11;4;7;1;1;0
4504;89;2014;;;;;;4888;1861;3027;11;4;7;11;4;7;0;0;0
4505;89;2015;;;;;;4951;1925;3026;11;4;7;11;4;7;0;0;0
4506;89;2016;;;;;;4960;1973;2986;11;4;7;11;4;7;0;0;0
4507;89;2017;;;;;;5165;2067;3098;11;4;7;11;5;7;0;-1;0
4508;89;2018;;;;;;5215;2123;3093;11;4;7;12;5;7;-1;-1;0
4509;89;2019;;;;;;5474;2266;3208;11;4;7;13;5;7;-2;-1;0
4510;89;2020;;;;;;5463;2296;3167;11;4;7;12;5;7;-1;-1;0
4511;89;2021;;;;;;5609;2387;3222;11;4;7;13;6;7;-2;-2;0
4512;89;2022;;;;;;5517;2378;3139;11;4;7;13;6;8;-2;-2;-1
4513;89;2023;;;;;;5666;2470;3196;11;4;7;14;6;8;-3;-2;-1
4514;89;2024;;;;;;5756;2545;3211;11;4;7;15;7;8;-4;-3;-1
4515;89;2025;;;;;;5920;2645;3275;11;4;7;16;7;8;-5;-3;-1
4516;89;2026;;;;;;5979;2694;3285;11;4;7;16;7;9;-5;-3;-2
4517;89;2027;;;;;;6375;2907;3467;10;4;6;17;8;9;-7;-4;-3
4518;89;2028;;;;;;6543;2994;3548;10;4;6;18;9;10;-8;-5;-4
4519;89;2029;;;;;;6804;3149;3655;9;4;5;20;9;10;-11;-5;-5
4520;89;2030;;;;;;6656;3112;3544;9;4;5;19;9;10;-10;-5;-5
4521;89;2031;;;;;;6983;3287;3696;9;4;5;20;10;11;-11;-6;-6
4522;89;2032;;;;;;7561;3574;3987;9;4;5;21;10;11;-12;-6;-6
4523;89;2033;;;;;;7967;3770;4197;9;4;5;23;11;12;-14;-7;-7
4524;89;2034;;;;;;7617;3618;3998;9;4;5;23;11;12;-14;-7;-7
4525;89;2035;;;;;;10587;5068;5519;9;4;5;29;14;15;-20;-10;-10
4526;89;2036;;;;;;10236;4885;5352;9;4;5;31;14;16;-22;-10;-11
4527;89;2037;;;;;;9687;4657;5030;9;4;5;30;14;16;-21;-10;-11
4528;89;2038;;;;;;9374;4506;4867;9;4;5;30;14;16;-21;-10;-11
4529;89;2039;;;;;;9206;4429;4777;9;4;5;30;15;16;-21;-11;-11
4530;89;2040;;;;;;9143;4408;4735;10;4;6;31;15;16;-21;-11;-10
4531;89;2041;;;;;;9417;4544;4873;10;4;6;32;16;16;-22;-12;-10
4532;89;2042;;;;;;9359;4514;4844;10;4;6;33;16;17;-23;-12;-11
4533;89;2043;;;;;;9454;4573;4881;10;4;6;34;17;18;-24;-13;-12
4534;89;2044;;;;;;9547;4599;4947;10;4;6;35;17;18;-25;-13;-12
4535;89;2045;;;;;;9729;4719;5010;10;4;6;36;18;19;-26;-14;-13
4536;89;2046;;;;;;9860;4781;5079;10;4;6;37;18;19;-27;-14;-13
4537;89;2047;;;;;;10017;4869;5148;10;4;6;38;19;20;-28;-15;-14
4538;89;2048;;;;;;10252;4987;5265;10;4;6;40;20;20;-30;-16;-14
4539;89;2049;;;;;;10273;5015;5259;10;4;6;41;20;20;-31;-16;-14
4540;89;2050;;;;;;10545;5148;5396;11;4;7;42;21;21;-31;-17;-14
4541;89;2051;;;;;;10592;5185;5406;11;4;7;43;21;22;-32;-17;-15
4542;89;2052;;;;;;10748;5292;5456;11;4;7;45;22;22;-34;-18;-15
4543;89;2053;;;;;;10866;5353;5513;11;4;7;46;23;23;-35;-19;-16
4544;89;2054;;;;;;10659;5269;5389;11;4;7;46;23;23;-35;-19;-16
4545;89;2055;;;;;;10472;5177;5295;11;4;7;46;22;23;-35;-18;-16
4546;89;2056;;;;;;10400;5149;5251;11;4;7;46;23;24;-35;-19;-17
4547;89;2057;;;;;;10447;5166;5280;11;4;7;47;23;24;-36;-19;-17
4548;89;2058;;;;;;10878;5391;5487;11;4;7;50;24;25;-39;-20;-18
4549;89;2059;;;;;;10604;5251;5353;11;4;7;50;24;25;-39;-20;-18
4550;90;2010;;;;;;4518;1525;2993;6;3;3;7;2;5;-1;1;-2
4551;90;2011;;;;;;4563;1568;2995;6;3;3;8;2;6;-2;1;-3
4552;90;2012;;;;;;4581;1604;2977;6;3;3;8;2;5;-2;1;-2
4553;90;2013;;;;;;4758;1678;3080;6;3;3;8;3;6;-2;0;-3
4554;90;2014;;;;;;4719;1671;3048;6;3;3;9;3;6;-3;0;-3
4555;90;2015;;;;;;4727;1738;2989;6;3;3;9;3;6;-3;0;-3
4556;90;2016;;;;;;4800;1804;2997;6;3;3;9;3;6;-3;0;-3
4557;90;2017;;;;;;4821;1856;2965;6;3;3;9;3;6;-3;0;-3
4558;90;2018;;;;;;5034;1951;3083;6;3;3;9;3;6;-3;0;-3
4559;90;2019;;;;;;5097;2011;3087;6;3;3;9;4;6;-3;-1;-3
4560;90;2020;;;;;;5364;2154;3210;6;3;3;10;4;6;-4;-1;-3
4561;90;2021;;;;;;5368;2192;3176;6;3;3;10;4;6;-4;-1;-3
4562;90;2022;;;;;;5526;2286;3240;6;3;3;11;4;6;-5;-1;-3
4563;90;2023;;;;;;5448;2285;3163;6;3;3;11;4;6;-5;-1;-3
4564;90;2024;;;;;;5609;2381;3228;6;3;3;11;5;6;-5;-2;-3
4565;90;2025;;;;;;5711;2462;3250;6;3;3;12;5;7;-6;-2;-4
4566;90;2026;;;;;;5886;2565;3321;6;3;3;12;5;7;-6;-2;-4
4567;90;2027;;;;;;5958;2620;3338;6;3;3;13;5;7;-7;-2;-4
4568;90;2028;;;;;;6365;2836;3530;6;3;3;14;6;8;-8;-3;-5
4569;90;2029;;;;;;6547;2928;3619;6;3;3;14;6;8;-8;-3;-5
4570;90;2030;;;;;;6822;3088;3734;6;3;3;15;7;9;-9;-4;-6
4571;90;2031;;;;;;6686;3059;3626;6;3;3;15;6;9;-9;-3;-6
4572;90;2032;;;;;;7028;3239;3789;6;3;3;16;7;9;-10;-4;-6
4573;90;2033;;;;;;7624;3530;4094;6;3;3;16;7;9;-10;-4;-6
4574;90;2034;;;;;;8048;3732;4316;6;3;3;18;8;10;-12;-5;-7
4575;90;2035;;;;;;7708;3590;4118;6;3;3;18;8;10;-12;-5;-7
4576;90;2036;;;;;;10733;5040;5693;6;3;3;23;10;13;-17;-7;-10
4577;90;2037;;;;;;10397;4869;5528;6;3;3;24;10;14;-18;-7;-11
4578;90;2038;;;;;;9856;4652;5205;6;3;3;23;10;13;-17;-7;-10
4579;90;2039;;;;;;9557;4512;5045;6;3;3;23;10;13;-17;-7;-10
4580;90;2040;;;;;;9404;4444;4960;6;3;3;23;10;14;-17;-7;-11
4581;90;2041;;;;;;9358;4434;4925;6;3;3;23;10;13;-17;-7;-10
4582;90;2042;;;;;;9658;4581;5077;6;3;3;24;10;14;-18;-7;-11
4583;90;2043;;;;;;9618;4561;5056;6;3;3;25;11;14;-19;-8;-11
4584;90;2044;;;;;;9735;4631;5104;6;3;3;26;11;15;-20;-8;-12
4585;90;2045;;;;;;9851;4668;5183;6;3;3;26;11;15;-20;-8;-12
4586;90;2046;;;;;;10059;4801;5258;6;3;3;27;11;16;-21;-8;-13
4587;90;2047;;;;;;10216;4875;5340;6;3;3;28;12;16;-22;-9;-13
4588;90;2048;;;;;;10399;4976;5423;6;3;3;28;12;16;-22;-9;-13
4589;90;2049;;;;;;10665;5109;5556;6;3;3;30;13;17;-24;-10;-14
4590;90;2050;;;;;;10708;5149;5560;6;3;3;30;13;17;-24;-10;-14
4591;90;2051;;;;;;11014;5298;5716;6;3;3;31;13;18;-25;-10;-15
4592;90;2052;;;;;;11085;5348;5737;6;3;3;32;14;19;-26;-11;-16
4593;90;2053;;;;;;11269;5469;5800;6;3;3;33;14;19;-27;-11;-16
4594;90;2054;;;;;;11415;5544;5871;6;3;3;34;15;20;-28;-12;-17
4595;90;2055;;;;;;11219;5469;5750;6;3;3;34;14;20;-28;-11;-17
4596;90;2056;;;;;;11044;5384;5660;6;3;3;34;14;20;-28;-11;-17
4597;90;2057;;;;;;10990;5368;5622;6;3;3;35;15;20;-29;-12;-17
4598;90;2058;;;;;;11061;5396;5664;6;3;3;36;15;21;-30;-12;-18
4599;90;2059;;;;;;11540;5643;5896;6;3;3;37;16;22;-31;-13;-19
4600;91;2010;;;;;;3536;1111;2425;0;0;0;0;0;0;0;0;0
4601;91;2011;;;;;;4232;1374;2858;0;0;0;0;0;0;0;0;0
4602;91;2012;;;;;;4284;1417;2867;0;0;0;0;0;0;0;0;0
4603;91;2013;;;;;;4313;1455;2858;0;0;0;0;0;0;0;0;0
4604;91;2014;;;;;;4494;1527;2967;0;0;0;0;0;0;0;0;0
4605;91;2015;;;;;;4471;1525;2946;0;0;0;0;0;0;0;0;0
4606;91;2016;;;;;;4490;1592;2898;0;0;0;0;0;0;0;0;0
4607;91;2017;;;;;;4571;1658;2913;0;0;0;0;0;0;0;0;0
4608;91;2018;;;;;;4602;1712;2890;0;0;0;0;0;0;0;0;0
4609;91;2019;;;;;;4821;1806;3014;0;0;0;0;0;0;0;0;0
4610;91;2020;;;;;;4895;1869;3026;0;0;0;0;0;0;0;0;0
4611;91;2021;;;;;;5165;2010;3155;0;0;0;0;0;0;0;0;0
4612;91;2022;;;;;;5181;2052;3129;0;0;0;0;0;0;0;0;0
4613;91;2023;;;;;;5347;2147;3200;0;0;0;0;0;0;0;0;0
4614;91;2024;;;;;;5284;2153;3131;0;0;0;0;0;0;0;0;0
4615;91;2025;;;;;;5452;2250;3202;0;0;0;0;0;0;0;0;0
4616;91;2026;;;;;;5564;2334;3230;0;0;0;0;0;0;0;0;0
4617;91;2027;;;;;;5747;2439;3308;0;0;0;0;0;0;0;0;0
4618;91;2028;;;;;;5829;2498;3331;0;0;0;0;0;0;0;0;0
4619;91;2029;;;;;;6239;2711;3529;0;0;0;0;0;0;0;0;0
4620;91;2030;;;;;;6430;2806;3624;0;0;0;0;0;0;0;0;0
4621;91;2031;;;;;;6712;2966;3746;0;0;0;0;0;0;0;0;0
4622;91;2032;;;;;;6590;2946;3644;0;0;0;0;0;0;0;0;0
4623;91;2033;;;;;;6940;3126;3814;0;0;0;0;0;0;0;0;0
4624;91;2034;;;;;;7542;3415;4127;0;0;0;0;0;0;0;0;0
4625;91;2035;;;;;;7976;3618;4359;0;0;0;0;0;0;0;0;0
4626;91;2036;;;;;;7652;3488;4165;0;0;0;0;0;0;0;0;0
4627;91;2037;;;;;;10674;4907;5767;0;0;0;0;0;0;0;0;0
4628;91;2038;;;;;;10361;4751;5610;0;0;0;0;0;0;0;0;0
4629;91;2039;;;;;;9840;4549;5291;0;0;0;0;0;0;0;0;0
4630;91;2040;;;;;;9560;4423;5137;0;0;0;0;0;0;0;0;0
4631;91;2041;;;;;;9426;4366;5060;0;0;0;0;0;0;0;0;0
4632;91;2042;;;;;;9399;4366;5033;0;0;0;0;0;0;0;0;0
4633;91;2043;;;;;;9719;4521;5198;0;0;0;0;0;0;0;0;0
4634;91;2044;;;;;;9699;4512;5187;0;0;0;0;0;0;0;0;0
4635;91;2045;;;;;;9838;4592;5246;0;0;0;0;0;0;0;0;0
4636;91;2046;;;;;;9977;4640;5337;0;0;0;0;0;0;0;0;0
4637;91;2047;;;;;;10208;4783;5424;0;0;0;0;0;0;0;0;0
4638;91;2048;;;;;;10389;4869;5520;0;0;0;0;0;0;0;0;0
4639;91;2049;;;;;;10597;4981;5617;0;0;0;0;0;0;0;0;0
4640;91;2050;;;;;;10891;5125;5766;0;0;0;0;0;0;0;0;0
4641;91;2051;;;;;;10958;5177;5780;0;0;0;0;0;0;0;0;0
4642;91;2052;;;;;;11294;5340;5954;0;0;0;0;0;0;0;0;0
4643;91;2053;;;;;;11389;5401;5988;0;0;0;0;0;0;0;0;0
4644;91;2054;;;;;;11602;5536;6066;0;0;0;0;0;0;0;0;0
4645;91;2055;;;;;;11776;5625;6151;0;0;0;0;0;0;0;0;0
4646;91;2056;;;;;;11597;5561;6036;0;0;0;0;0;0;0;0;0
4647;91;2057;;;;;;11439;5486;5953;0;0;0;0;0;0;0;0;0
4648;91;2058;;;;;;11406;5481;5925;0;0;0;0;0;0;0;0;0
4649;91;2059;;;;;;11503;5523;5980;0;0;0;0;0;0;0;0;0
4650;92;2010;;;;;;3039;889;2151;0;0;0;0;0;0;0;0;0
4651;92;2011;;;;;;3240;977;2263;0;0;0;0;0;0;0;0;0
4652;92;2012;;;;;;3886;1212;2674;0;0;0;0;0;0;0;0;0
4653;92;2013;;;;;;3946;1255;2691;0;0;0;0;0;0;0;0;0
4654;92;2014;;;;;;3984;1292;2692;0;0;0;0;0;0;0;0;0
4655;92;2015;;;;;;4165;1360;2805;0;0;0;0;0;0;0;0;0
4656;92;2016;;;;;;4157;1363;2794;0;0;0;0;0;0;0;0;0
4657;92;2017;;;;;;4184;1428;2756;0;0;0;0;0;0;0;0;0
4658;92;2018;;;;;;4271;1493;2779;0;0;0;0;0;0;0;0;0
4659;92;2019;;;;;;4312;1547;2765;0;0;0;0;0;0;0;0;0
4660;92;2020;;;;;;4530;1638;2892;0;0;0;0;0;0;0;0;0
4661;92;2021;;;;;;4612;1701;2911;0;0;0;0;0;0;0;0;0
4662;92;2022;;;;;;4878;1836;3042;0;0;0;0;0;0;0;0;0
4663;92;2023;;;;;;4906;1880;3025;0;0;0;0;0;0;0;0;0
4664;92;2024;;;;;;5075;1974;3101;0;0;0;0;0;0;0;0;0
4665;92;2025;;;;;;5026;1985;3041;0;0;0;0;0;0;0;0;0
4666;92;2026;;;;;;5197;2081;3116;0;0;0;0;0;0;0;0;0
4667;92;2027;;;;;;5313;2163;3150;0;0;0;0;0;0;0;0;0
4668;92;2028;;;;;;5499;2266;3232;0;0;0;0;0;0;0;0;0
4669;92;2029;;;;;;5588;2327;3261;0;0;0;0;0;0;0;0;0
4670;92;2030;;;;;;5992;2531;3460;0;0;0;0;0;0;0;0;0
4671;92;2031;;;;;;6187;2627;3560;0;0;0;0;0;0;0;0;0
4672;92;2032;;;;;;6469;2783;3686;0;0;0;0;0;0;0;0;0
4673;92;2033;;;;;;6361;2770;3592;0;0;0;0;0;0;0;0;0
4674;92;2034;;;;;;6710;2945;3764;0;0;0;0;0;0;0;0;0
4675;92;2035;;;;;;7304;3224;4080;0;0;0;0;0;0;0;0;0
4676;92;2036;;;;;;7738;3423;4315;0;0;0;0;0;0;0;0;0
4677;92;2037;;;;;;7437;3307;4130;0;0;0;0;0;0;0;0;0
4678;92;2038;;;;;;10392;4662;5729;0;0;0;0;0;0;0;0;0
4679;92;2039;;;;;;10106;4524;5582;0;0;0;0;0;0;0;0;0
4680;92;2040;;;;;;9615;4341;5274;0;0;0;0;0;0;0;0;0
4681;92;2041;;;;;;9360;4230;5130;0;0;0;0;0;0;0;0;0
4682;92;2042;;;;;;9247;4185;5062;0;0;0;0;0;0;0;0;0
4683;92;2043;;;;;;9239;4194;5045;0;0;0;0;0;0;0;0;0
4684;92;2044;;;;;;9574;4353;5220;0;0;0;0;0;0;0;0;0
4685;92;2045;;;;;;9574;4355;5219;0;0;0;0;0;0;0;0;0
4686;92;2046;;;;;;9730;4441;5289;0;0;0;0;0;0;0;0;0
4687;92;2047;;;;;;9889;4499;5391;0;0;0;0;0;0;0;0;0
4688;92;2048;;;;;;10138;4648;5490;0;0;0;0;0;0;0;0;0
4689;92;2049;;;;;;10340;4742;5598;0;0;0;0;0;0;0;0;0
4690;92;2050;;;;;;10570;4862;5707;0;0;0;0;0;0;0;0;0
4691;92;2051;;;;;;10886;5015;5870;0;0;0;0;0;0;0;0;0
4692;92;2052;;;;;;10975;5077;5897;0;0;0;0;0;0;0;0;0
4693;92;2053;;;;;;11334;5247;6087;0;0;0;0;0;0;0;0;0
4694;92;2054;;;;;;11454;5320;6134;0;0;0;0;0;0;0;0;0
4695;92;2055;;;;;;11690;5464;6226;0;0;0;0;0;0;0;0;0
4696;92;2056;;;;;;11890;5564;6326;0;0;0;0;0;0;0;0;0
4697;92;2057;;;;;;11733;5512;6221;0;0;0;0;0;0;0;0;0
4698;92;2058;;;;;;11597;5450;6147;0;0;0;0;0;0;0;0;0
4699;92;2059;;;;;;11587;5457;6130;0;0;0;0;0;0;0;0;0
4700;93;2010;;;;;;2748;747;2001;0;0;0;0;0;0;0;0;0
4701;93;2011;;;;;;2714;756;1958;0;0;0;0;0;0;0;0;0
4702;93;2012;;;;;;2901;834;2067;0;0;0;0;0;0;0;0;0
4703;93;2013;;;;;;3490;1038;2452;0;0;0;0;0;0;0;0;0
4704;93;2014;;;;;;3555;1078;2477;0;0;0;0;0;0;0;0;0
4705;93;2015;;;;;;3601;1113;2489;0;0;0;0;0;0;0;0;0
4706;93;2016;;;;;;3777;1175;2602;0;0;0;0;0;0;0;0;0
4707;93;2017;;;;;;3782;1182;2601;0;0;0;0;0;0;0;0;0
4708;93;2018;;;;;;3815;1242;2573;0;0;0;0;0;0;0;0;0
4709;93;2019;;;;;;3905;1302;2602;0;0;0;0;0;0;0;0;0
4710;93;2020;;;;;;3951;1354;2597;0;0;0;0;0;0;0;0;0
4711;93;2021;;;;;;4162;1439;2724;0;0;0;0;0;0;0;0;0
4712;93;2022;;;;;;4246;1498;2748;0;0;0;0;0;0;0;0;0
4713;93;2023;;;;;;4500;1621;2879;0;0;0;0;0;0;0;0;0
4714;93;2024;;;;;;4532;1663;2869;0;0;0;0;0;0;0;0;0
4715;93;2025;;;;;;4695;1750;2946;0;0;0;0;0;0;0;0;0
4716;93;2026;;;;;;4657;1763;2893;0;0;0;0;0;0;0;0;0
4717;93;2027;;;;;;4821;1851;2970;0;0;0;0;0;0;0;0;0
4718;93;2028;;;;;;4934;1928;3006;0;0;0;0;0;0;0;0;0
4719;93;2029;;;;;;5112;2023;3089;0;0;0;0;0;0;0;0;0
4720;93;2030;;;;;;5200;2080;3120;0;0;0;0;0;0;0;0;0
4721;93;2031;;;;;;5580;2265;3315;0;0;0;0;0;0;0;0;0
4722;93;2032;;;;;;5767;2353;3414;0;0;0;0;0;0;0;0;0
4723;93;2033;;;;;;6034;2496;3538;0;0;0;0;0;0;0;0;0
4724;93;2034;;;;;;5938;2487;3451;0;0;0;0;0;0;0;0;0
4725;93;2035;;;;;;6268;2648;3621;0;0;0;0;0;0;0;0;0
4726;93;2036;;;;;;6830;2902;3928;0;0;0;0;0;0;0;0;0
4727;93;2037;;;;;;7244;3085;4159;0;0;0;0;0;0;0;0;0
4728;93;2038;;;;;;6970;2984;3986;0;0;0;0;0;0;0;0;0
4729;93;2039;;;;;;9749;4214;5535;0;0;0;0;0;0;0;0;0
4730;93;2040;;;;;;9495;4095;5400;0;0;0;0;0;0;0;0;0
4731;93;2041;;;;;;9044;3936;5109;0;0;0;0;0;0;0;0;0
4732;93;2042;;;;;;8817;3841;4976;0;0;0;0;0;0;0;0;0
4733;93;2043;;;;;;8723;3806;4917;0;0;0;0;0;0;0;0;0
4734;93;2044;;;;;;8728;3821;4907;0;0;0;0;0;0;0;0;0
4735;93;2045;;;;;;9058;3973;5085;0;0;0;0;0;0;0;0;0
4736;93;2046;;;;;;9072;3980;5092;0;0;0;0;0;0;0;0;0
4737;93;2047;;;;;;9234;4067;5167;0;0;0;0;0;0;0;0;0
4738;93;2048;;;;;;9401;4126;5275;0;0;0;0;0;0;0;0;0
4739;93;2049;;;;;;9650;4270;5380;0;0;0;0;0;0;0;0;0
4740;93;2050;;;;;;9858;4364;5494;0;0;0;0;0;0;0;0;0
4741;93;2051;;;;;;10092;4482;5610;0;0;0;0;0;0;0;0;0
4742;93;2052;;;;;;10409;4629;5779;0;0;0;0;0;0;0;0;0
4743;93;2053;;;;;;10509;4693;5815;0;0;0;0;0;0;0;0;0
4744;93;2054;;;;;;10870;4858;6012;0;0;0;0;0;0;0;0;0
4745;93;2055;;;;;;10999;4932;6067;0;0;0;0;0;0;0;0;0
4746;93;2056;;;;;;11241;5074;6168;0;0;0;0;0;0;0;0;0
4747;93;2057;;;;;;11451;5174;6277;0;0;0;0;0;0;0;0;0
4748;93;2058;;;;;;11315;5134;6182;0;0;0;0;0;0;0;0;0
4749;93;2059;;;;;;11201;5083;6118;0;0;0;0;0;0;0;0;0
4750;94;2010;;;;;;2308;579;1729;0;0;0;0;0;0;0;0;0
4751;94;2011;;;;;;2387;613;1774;0;0;0;0;0;0;0;0;0
4752;94;2012;;;;;;2365;623;1742;0;0;0;0;0;0;0;0;0
4753;94;2013;;;;;;2535;689;1846;0;0;0;0;0;0;0;0;0
4754;94;2014;;;;;;3059;860;2199;0;0;0;0;0;0;0;0;0
4755;94;2015;;;;;;3126;896;2231;0;0;0;0;0;0;0;0;0
4756;94;2016;;;;;;3177;927;2249;0;0;0;0;0;0;0;0;0
4757;94;2017;;;;;;3342;982;2360;0;0;0;0;0;0;0;0;0
4758;94;2018;;;;;;3356;991;2366;0;0;0;0;0;0;0;0;0
4759;94;2019;;;;;;3393;1045;2348;0;0;0;0;0;0;0;0;0
4760;94;2020;;;;;;3481;1099;2382;0;0;0;0;0;0;0;0;0
4761;94;2021;;;;;;3530;1146;2383;0;0;0;0;0;0;0;0;0
4762;94;2022;;;;;;3726;1221;2505;0;0;0;0;0;0;0;0;0
4763;94;2023;;;;;;3808;1274;2533;0;0;0;0;0;0;0;0;0
4764;94;2024;;;;;;4041;1382;2659;0;0;0;0;0;0;0;0;0
4765;94;2025;;;;;;4075;1421;2654;0;0;0;0;0;0;0;0;0
4766;94;2026;;;;;;4227;1497;2730;0;0;0;0;0;0;0;0;0
4767;94;2027;;;;;;4196;1511;2685;0;0;0;0;0;0;0;0;0
4768;94;2028;;;;;;4349;1589;2760;0;0;0;0;0;0;0;0;0
4769;94;2029;;;;;;4454;1657;2798;0;0;0;0;0;0;0;0;0
4770;94;2030;;;;;;4618;1740;2878;0;0;0;0;0;0;0;0;0
4771;94;2031;;;;;;4701;1792;2910;0;0;0;0;0;0;0;0;0
4772;94;2032;;;;;;5048;1953;3094;0;0;0;0;0;0;0;0;0
4773;94;2033;;;;;;5222;2031;3190;0;0;0;0;0;0;0;0;0
4774;94;2034;;;;;;5466;2157;3310;0;0;0;0;0;0;0;0;0
4775;94;2035;;;;;;5382;2151;3231;0;0;0;0;0;0;0;0;0
4776;94;2036;;;;;;5686;2293;3393;0;0;0;0;0;0;0;0;0
4777;94;2037;;;;;;6201;2516;3685;0;0;0;0;0;0;0;0;0
4778;94;2038;;;;;;6584;2678;3906;0;0;0;0;0;0;0;0;0
4779;94;2039;;;;;;6341;2594;3747;0;0;0;0;0;0;0;0;0
4780;94;2040;;;;;;8878;3668;5210;0;0;0;0;0;0;0;0;0
4781;94;2041;;;;;;8659;3569;5090;0;0;0;0;0;0;0;0;0
4782;94;2042;;;;;;8256;3435;4821;0;0;0;0;0;0;0;0;0
4783;94;2043;;;;;;8060;3357;4702;0;0;0;0;0;0;0;0;0
4784;94;2044;;;;;;7985;3332;4653;0;0;0;0;0;0;0;0;0
4785;94;2045;;;;;;8000;3351;4650;0;0;0;0;0;0;0;0;0
4786;94;2046;;;;;;8314;3489;4825;0;0;0;0;0;0;0;0;0
4787;94;2047;;;;;;8340;3501;4838;0;0;0;0;0;0;0;0;0
4788;94;2048;;;;;;8500;3583;4917;0;0;0;0;0;0;0;0;0
4789;94;2049;;;;;;8668;3641;5027;0;0;0;0;0;0;0;0;0
4790;94;2050;;;;;;8909;3774;5135;0;0;0;0;0;0;0;0;0
4791;94;2051;;;;;;9114;3862;5252;0;0;0;0;0;0;0;0;0
4792;94;2052;;;;;;9343;3972;5371;0;0;0;0;0;0;0;0;0
4793;94;2053;;;;;;9651;4108;5542;0;0;0;0;0;0;0;0;0
4794;94;2054;;;;;;9756;4171;5585;0;0;0;0;0;0;0;0;0
4795;94;2055;;;;;;10106;4323;5783;0;0;0;0;0;0;0;0;0
4796;94;2056;;;;;;10241;4395;5845;0;0;0;0;0;0;0;0;0
4797;94;2057;;;;;;10479;4527;5951;0;0;0;0;0;0;0;0;0
4798;94;2058;;;;;;10689;4623;6066;0;0;0;0;0;0;0;0;0
4799;94;2059;;;;;;10577;4593;5983;0;0;0;0;0;0;0;0;0
4800;95;2010;;;;;;1888;424;1464;0;0;0;0;0;0;0;0;0
4801;95;2011;;;;;;1955;461;1494;0;0;0;0;0;0;0;0;0
4802;95;2012;;;;;;2028;490;1538;0;0;0;0;0;0;0;0;0
4803;95;2013;;;;;;2015;499;1516;0;0;0;0;0;0;0;0;0
4804;95;2014;;;;;;2167;554;1613;0;0;0;0;0;0;0;0;0
4805;95;2015;;;;;;2623;693;1930;0;0;0;0;0;0;0;0;0
4806;95;2016;;;;;;2689;724;1965;0;0;0;0;0;0;0;0;0
4807;95;2017;;;;;;2740;751;1988;0;0;0;0;0;0;0;0;0
4808;95;2018;;;;;;2890;798;2092;0;0;0;0;0;0;0;0;0
4809;95;2019;;;;;;2911;808;2104;0;0;0;0;0;0;0;0;0
4810;95;2020;;;;;;2948;854;2094;0;0;0;0;0;0;0;0;0
4811;95;2021;;;;;;3031;901;2129;0;0;0;0;0;0;0;0;0
4812;95;2022;;;;;;3078;942;2136;0;0;0;0;0;0;0;0;0
4813;95;2023;;;;;;3255;1006;2250;0;0;0;0;0;0;0;0;0
4814;95;2024;;;;;;3331;1052;2279;0;0;0;0;0;0;0;0;0
4815;95;2025;;;;;;3539;1142;2397;0;0;0;0;0;0;0;0;0
4816;95;2026;;;;;;3572;1176;2396;0;0;0;0;0;0;0;0;0
4817;95;2027;;;;;;3709;1241;2468;0;0;0;0;0;0;0;0;0
4818;95;2028;;;;;;3685;1254;2430;0;0;0;0;0;0;0;0;0
4819;95;2029;;;;;;3821;1320;2501;0;0;0;0;0;0;0;0;0
4820;95;2030;;;;;;3916;1378;2537;0;0;0;0;0;0;0;0;0
4821;95;2031;;;;;;4062;1449;2613;0;0;0;0;0;0;0;0;0
4822;95;2032;;;;;;4137;1493;2644;0;0;0;0;0;0;0;0;0
4823;95;2033;;;;;;4444;1630;2814;0;0;0;0;0;0;0;0;0
4824;95;2034;;;;;;4600;1696;2904;0;0;0;0;0;0;0;0;0
4825;95;2035;;;;;;4817;1802;3015;0;0;0;0;0;0;0;0;0
4826;95;2036;;;;;;4745;1800;2946;0;0;0;0;0;0;0;0;0
4827;95;2037;;;;;;5016;1920;3096;0;0;0;0;0;0;0;0;0
4828;95;2038;;;;;;5475;2109;3366;0;0;0;0;0;0;0;0;0
4829;95;2039;;;;;;5819;2247;3572;0;0;0;0;0;0;0;0;0
4830;95;2040;;;;;;5610;2180;3430;0;0;0;0;0;0;0;0;0
4831;95;2041;;;;;;7861;3086;4775;0;0;0;0;0;0;0;0;0
4832;95;2042;;;;;;7677;3007;4671;0;0;0;0;0;0;0;0;0
4833;95;2043;;;;;;7328;2898;4429;0;0;0;0;0;0;0;0;0
4834;95;2044;;;;;;7162;2836;4326;0;0;0;0;0;0;0;0;0
4835;95;2045;;;;;;7105;2819;4286;0;0;0;0;0;0;0;0;0
4836;95;2046;;;;;;7127;2838;4289;0;0;0;0;0;0;0;0;0
4837;95;2047;;;;;;7417;2960;4457;0;0;0;0;0;0;0;0;0
4838;95;2048;;;;;;7450;2975;4475;0;0;0;0;0;0;0;0;0
4839;95;2049;;;;;;7602;3048;4554;0;0;0;0;0;0;0;0;0
4840;95;2050;;;;;;7764;3101;4663;0;0;0;0;0;0;0;0;0
4841;95;2051;;;;;;7989;3219;4770;0;0;0;0;0;0;0;0;0
4842;95;2052;;;;;;8184;3298;4886;0;0;0;0;0;0;0;0;0
4843;95;2053;;;;;;8400;3396;5004;0;0;0;0;0;0;0;0;0
4844;95;2054;;;;;;8689;3517;5171;0;0;0;0;0;0;0;0;0
4845;95;2055;;;;;;8794;3575;5219;0;0;0;0;0;0;0;0;0
4846;95;2056;;;;;;9122;3710;5412;0;0;0;0;0;0;0;0;0
4847;95;2057;;;;;;9255;3777;5479;0;0;0;0;0;0;0;0;0
4848;95;2058;;;;;;9482;3895;5586;0;0;0;0;0;0;0;0;0
4849;95;2059;;;;;;9685;3982;5703;0;0;0;0;0;0;0;0;0
4850;96;2010;;;;;;1646;364;1282;0;0;0;0;0;0;0;0;0
4851;96;2011;;;;;;1555;328;1227;0;0;0;0;0;0;0;0;0
4852;96;2012;;;;;;1614;357;1257;0;0;0;0;0;0;0;0;0
4853;96;2013;;;;;;1680;381;1299;0;0;0;0;0;0;0;0;0
4854;96;2014;;;;;;1675;389;1286;0;0;0;0;0;0;0;0;0
4855;96;2015;;;;;;1806;432;1374;0;0;0;0;0;0;0;0;0
4856;96;2016;;;;;;2192;542;1650;0;0;0;0;0;0;0;0;0
4857;96;2017;;;;;;2253;568;1686;0;0;0;0;0;0;0;0;0
4858;96;2018;;;;;;2302;591;1711;0;0;0;0;0;0;0;0;0
4859;96;2019;;;;;;2435;630;1806;0;0;0;0;0;0;0;0;0
4860;96;2020;;;;;;2460;639;1821;0;0;0;0;0;0;0;0;0
4861;96;2021;;;;;;2494;677;1817;0;0;0;0;0;0;0;0;0
4862;96;2022;;;;;;2568;716;1852;0;0;0;0;0;0;0;0;0
4863;96;2023;;;;;;2611;750;1861;0;0;0;0;0;0;0;0;0
4864;96;2024;;;;;;2766;802;1964;0;0;0;0;0;0;0;0;0
4865;96;2025;;;;;;2833;840;1993;0;0;0;0;0;0;0;0;0
4866;96;2026;;;;;;3012;913;2098;0;0;0;0;0;0;0;0;0
4867;96;2027;;;;;;3042;942;2100;0;0;0;0;0;0;0;0;0
4868;96;2028;;;;;;3161;995;2166;0;0;0;0;0;0;0;0;0
4869;96;2029;;;;;;3142;1007;2135;0;0;0;0;0;0;0;0;0
4870;96;2030;;;;;;3260;1060;2199;0;0;0;0;0;0;0;0;0
4871;96;2031;;;;;;3341;1108;2233;0;0;0;0;0;0;0;0;0
4872;96;2032;;;;;;3467;1166;2301;0;0;0;0;0;0;0;0;0
4873;96;2033;;;;;;3532;1202;2330;0;0;0;0;0;0;0;0;0
4874;96;2034;;;;;;3795;1313;2482;0;0;0;0;0;0;0;0;0
4875;96;2035;;;;;;3930;1368;2563;0;0;0;0;0;0;0;0;0
4876;96;2036;;;;;;4117;1454;2663;0;0;0;0;0;0;0;0;0
4877;96;2037;;;;;;4057;1454;2604;0;0;0;0;0;0;0;0;0
4878;96;2038;;;;;;4291;1552;2739;0;0;0;0;0;0;0;0;0
4879;96;2039;;;;;;4688;1707;2981;0;0;0;0;0;0;0;0;0
4880;96;2040;;;;;;4987;1821;3166;0;0;0;0;0;0;0;0;0
4881;96;2041;;;;;;4811;1768;3044;0;0;0;0;0;0;0;0;0
4882;96;2042;;;;;;6747;2506;4242;0;0;0;0;0;0;0;0;0
4883;96;2043;;;;;;6597;2444;4153;0;0;0;0;0;0;0;0;0
4884;96;2044;;;;;;6302;2359;3943;0;0;0;0;0;0;0;0;0
4885;96;2045;;;;;;6167;2311;3855;0;0;0;0;0;0;0;0;0
4886;96;2046;;;;;;6124;2300;3824;0;0;0;0;0;0;0;0;0
4887;96;2047;;;;;;6151;2319;3832;0;0;0;0;0;0;0;0;0
4888;96;2048;;;;;;6408;2421;3987;0;0;0;0;0;0;0;0;0
4889;96;2049;;;;;;6444;2436;4009;0;0;0;0;0;0;0;0;0
4890;96;2050;;;;;;6584;2499;4085;0;0;0;0;0;0;0;0;0
4891;96;2051;;;;;;6734;2546;4188;0;0;0;0;0;0;0;0;0
4892;96;2052;;;;;;6935;2645;4290;0;0;0;0;0;0;0;0;0
4893;96;2053;;;;;;7114;2713;4401;0;0;0;0;0;0;0;0;0
4894;96;2054;;;;;;7310;2796;4514;0;0;0;0;0;0;0;0;0
4895;96;2055;;;;;;7570;2899;4671;0;0;0;0;0;0;0;0;0
4896;96;2056;;;;;;7671;2950;4721;0;0;0;0;0;0;0;0;0
4897;96;2057;;;;;;7967;3065;4902;0;0;0;0;0;0;0;0;0
4898;96;2058;;;;;;8093;3123;4970;0;0;0;0;0;0;0;0;0
4899;96;2059;;;;;;8299;3224;5075;0;0;0;0;0;0;0;0;0
4900;97;2010;;;;;;1232;247;985;0;0;0;0;0;0;0;0;0
4901;97;2011;;;;;;1309;271;1038;0;0;0;0;0;0;0;0;0
4902;97;2012;;;;;;1242;245;997;0;0;0;0;0;0;0;0;0
4903;97;2013;;;;;;1293;268;1025;0;0;0;0;0;0;0;0;0
4904;97;2014;;;;;;1350;286;1064;0;0;0;0;0;0;0;0;0
4905;97;2015;;;;;;1351;293;1058;0;0;0;0;0;0;0;0;0
4906;97;2016;;;;;;1461;326;1135;0;0;0;0;0;0;0;0;0
4907;97;2017;;;;;;1777;410;1367;0;0;0;0;0;0;0;0;0
4908;97;2018;;;;;;1831;431;1401;0;0;0;0;0;0;0;0;0
4909;97;2019;;;;;;1875;450;1425;0;0;0;0;0;0;0;0;0
4910;97;2020;;;;;;1989;480;1509;0;0;0;0;0;0;0;0;0
4911;97;2021;;;;;;2014;489;1525;0;0;0;0;0;0;0;0;0
4912;97;2022;;;;;;2044;519;1525;0;0;0;0;0;0;0;0;0
4913;97;2023;;;;;;2107;550;1557;0;0;0;0;0;0;0;0;0
4914;97;2024;;;;;;2144;577;1568;0;0;0;0;0;0;0;0;0
4915;97;2025;;;;;;2274;618;1657;0;0;0;0;0;0;0;0;0
4916;97;2026;;;;;;2331;648;1683;0;0;0;0;0;0;0;0;0
4917;97;2027;;;;;;2479;705;1774;0;0;0;0;0;0;0;0;0
4918;97;2028;;;;;;2506;728;1778;0;0;0;0;0;0;0;0;0
4919;97;2029;;;;;;2604;769;1835;0;0;0;0;0;0;0;0;0
4920;97;2030;;;;;;2589;779;1810;0;0;0;0;0;0;0;0;0
4921;97;2031;;;;;;2687;821;1866;0;0;0;0;0;0;0;0;0
4922;97;2032;;;;;;2754;858;1896;0;0;0;0;0;0;0;0;0
4923;97;2033;;;;;;2858;904;1954;0;0;0;0;0;0;0;0;0
4924;97;2034;;;;;;2913;933;1980;0;0;0;0;0;0;0;0;0
4925;97;2035;;;;;;3130;1019;2111;0;0;0;0;0;0;0;0;0
4926;97;2036;;;;;;3243;1062;2181;0;0;0;0;0;0;0;0;0
4927;97;2037;;;;;;3398;1131;2267;0;0;0;0;0;0;0;0;0
4928;97;2038;;;;;;3350;1131;2219;0;0;0;0;0;0;0;0;0
4929;97;2039;;;;;;3545;1209;2336;0;0;0;0;0;0;0;0;0
4930;97;2040;;;;;;3875;1330;2544;0;0;0;0;0;0;0;0;0
4931;97;2041;;;;;;4125;1420;2705;0;0;0;0;0;0;0;0;0
4932;97;2042;;;;;;3983;1380;2603;0;0;0;0;0;0;0;0;0
4933;97;2043;;;;;;5589;1958;3631;0;0;0;0;0;0;0;0;0
4934;97;2044;;;;;;5471;1912;3558;0;0;0;0;0;0;0;0;0
4935;97;2045;;;;;;5230;1848;3382;0;0;0;0;0;0;0;0;0
4936;97;2046;;;;;;5123;1812;3310;0;0;0;0;0;0;0;0;0
4937;97;2047;;;;;;5093;1805;3287;0;0;0;0;0;0;0;0;0
4938;97;2048;;;;;;5119;1822;3298;0;0;0;0;0;0;0;0;0
4939;97;2049;;;;;;5339;1904;3435;0;0;0;0;0;0;0;0;0
4940;97;2050;;;;;;5375;1918;3458;0;0;0;0;0;0;0;0;0
4941;97;2051;;;;;;5497;1969;3528;0;0;0;0;0;0;0;0;0
4942;97;2052;;;;;;5630;2008;3622;0;0;0;0;0;0;0;0;0
4943;97;2053;;;;;;5803;2088;3715;0;0;0;0;0;0;0;0;0
4944;97;2054;;;;;;5960;2144;3816;0;0;0;0;0;0;0;0;0
4945;97;2055;;;;;;6131;2212;3919;0;0;0;0;0;0;0;0;0
4946;97;2056;;;;;;6356;2295;4061;0;0;0;0;0;0;0;0;0
4947;97;2057;;;;;;6447;2337;4109;0;0;0;0;0;0;0;0;0
4948;97;2058;;;;;;6703;2430;4273;0;0;0;0;0;0;0;0;0
4949;97;2059;;;;;;6816;2479;4337;0;0;0;0;0;0;0;0;0
4950;98;2010;;;;;;879;159;720;0;0;0;0;0;0;0;0;0
4951;98;2011;;;;;;946;178;767;0;0;0;0;0;0;0;0;0
4952;98;2012;;;;;;1008;196;811;0;0;0;0;0;0;0;0;0
4953;98;2013;;;;;;960;178;783;0;0;0;0;0;0;0;0;0
4954;98;2014;;;;;;1003;195;809;0;0;0;0;0;0;0;0;0
4955;98;2015;;;;;;1051;208;843;0;0;0;0;0;0;0;0;0
4956;98;2016;;;;;;1055;214;841;0;0;0;0;0;0;0;0;0
4957;98;2017;;;;;;1144;239;905;0;0;0;0;0;0;0;0;0
4958;98;2018;;;;;;1395;301;1094;0;0;0;0;0;0;0;0;0
4959;98;2019;;;;;;1441;317;1124;0;0;0;0;0;0;0;0;0
4960;98;2020;;;;;;1479;332;1147;0;0;0;0;0;0;0;0;0
4961;98;2021;;;;;;1572;355;1217;0;0;0;0;0;0;0;0;0
4962;98;2022;;;;;;1594;362;1233;0;0;0;0;0;0;0;0;0
4963;98;2023;;;;;;1620;385;1235;0;0;0;0;0;0;0;0;0
4964;98;2024;;;;;;1671;408;1263;0;0;0;0;0;0;0;0;0
4965;98;2025;;;;;;1702;429;1273;0;0;0;0;0;0;0;0;0
4966;98;2026;;;;;;1807;460;1347;0;0;0;0;0;0;0;0;0
4967;98;2027;;;;;;1852;483;1370;0;0;0;0;0;0;0;0;0
4968;98;2028;;;;;;1971;526;1445;0;0;0;0;0;0;0;0;0
4969;98;2029;;;;;;1992;543;1449;0;0;0;0;0;0;0;0;0
4970;98;2030;;;;;;2071;575;1496;0;0;0;0;0;0;0;0;0
4971;98;2031;;;;;;2059;582;1477;0;0;0;0;0;0;0;0;0
4972;98;2032;;;;;;2137;614;1523;0;0;0;0;0;0;0;0;0
4973;98;2033;;;;;;2191;642;1548;0;0;0;0;0;0;0;0;0
4974;98;2034;;;;;;2274;677;1597;0;0;0;0;0;0;0;0;0
4975;98;2035;;;;;;2318;699;1619;0;0;0;0;0;0;0;0;0
4976;98;2036;;;;;;2490;764;1727;0;0;0;0;0;0;0;0;0
4977;98;2037;;;;;;2581;797;1785;0;0;0;0;0;0;0;0;0
4978;98;2038;;;;;;2705;848;1857;0;0;0;0;0;0;0;0;0
4979;98;2039;;;;;;2667;849;1818;0;0;0;0;0;0;0;0;0
4980;98;2040;;;;;;2824;908;1916;0;0;0;0;0;0;0;0;0
4981;98;2041;;;;;;3088;1000;2088;0;0;0;0;0;0;0;0;0
4982;98;2042;;;;;;3291;1069;2221;0;0;0;0;0;0;0;0;0
4983;98;2043;;;;;;3179;1040;2139;0;0;0;0;0;0;0;0;0
4984;98;2044;;;;;;4464;1477;2987;0;0;0;0;0;0;0;0;0
4985;98;2045;;;;;;4374;1443;2930;0;0;0;0;0;0;0;0;0
4986;98;2046;;;;;;4183;1396;2787;0;0;0;0;0;0;0;0;0
4987;98;2047;;;;;;4101;1370;2731;0;0;0;0;0;0;0;0;0
4988;98;2048;;;;;;4081;1366;2715;0;0;0;0;0;0;0;0;0
4989;98;2049;;;;;;4106;1380;2726;0;0;0;0;0;0;0;0;0
4990;98;2050;;;;;;4286;1443;2842;0;0;0;0;0;0;0;0;0
4991;98;2051;;;;;;4319;1455;2864;0;0;0;0;0;0;0;0;0
4992;98;2052;;;;;;4421;1495;2926;0;0;0;0;0;0;0;0;0
4993;98;2053;;;;;;4533;1526;3007;0;0;0;0;0;0;0;0;0
4994;98;2054;;;;;;4676;1588;3089;0;0;0;0;0;0;0;0;0
4995;98;2055;;;;;;4807;1631;3176;0;0;0;0;0;0;0;0;0
4996;98;2056;;;;;;4950;1684;3266;0;0;0;0;0;0;0;0;0
4997;98;2057;;;;;;5137;1749;3388;0;0;0;0;0;0;0;0;0
4998;98;2058;;;;;;5215;1783;3432;0;0;0;0;0;0;0;0;0
4999;98;2059;;;;;;5428;1855;3573;0;0;0;0;0;0;0;0;0
5000;99;2010;;;;;;1629;256;1373;0;0;0;0;0;0;0;0;0
5001;99;2011;;;;;;1712;274;1438;0;0;0;0;0;0;0;0;0
5002;99;2012;;;;;;1821;300;1521;0;0;0;0;0;0;0;0;0
5003;99;2013;;;;;;1945;330;1615;0;0;0;0;0;0;0;0;0
5004;99;2014;;;;;;1999;336;1663;0;0;0;0;0;0;0;0;0
5005;99;2015;;;;;;2075;353;1722;0;0;0;0;0;0;0;0;0
5006;99;2016;;;;;;2167;374;1793;0;0;0;0;0;0;0;0;0
5007;99;2017;;;;;;2237;392;1844;0;0;0;0;0;0;0;0;0
5008;99;2018;;;;;;2356;423;1933;0;0;0;0;0;0;0;0;0
5009;99;2019;;;;;;2631;488;2143;0;0;0;0;0;0;0;0;0
5010;99;2020;;;;;;2855;542;2313;0;0;0;0;0;0;0;0;0
5011;99;2021;;;;;;3039;589;2449;0;0;0;0;0;0;0;0;0
5012;99;2022;;;;;;3238;638;2600;0;0;0;0;0;0;0;0;0
5013;99;2023;;;;;;3392;675;2718;0;0;0;0;0;0;0;0;0
5014;99;2024;;;;;;3519;716;2803;0;0;0;0;0;0;0;0;0
5015;99;2025;;;;;;3646;761;2885;0;0;0;0;0;0;0;0;0
5016;99;2026;;;;;;3756;806;2950;0;0;0;0;0;0;0;0;0
5017;99;2027;;;;;;3912;858;3055;0;0;0;0;0;0;0;0;0
5018;99;2028;;;;;;4054;909;3145;0;0;0;0;0;0;0;0;0
5019;99;2029;;;;;;4240;974;3266;0;0;0;0;0;0;0;0;0
5020;99;2030;;;;;;4382;1029;3353;0;0;0;0;0;0;0;0;0
5021;99;2031;;;;;;4537;1088;3449;0;0;0;0;0;0;0;0;0
5022;99;2032;;;;;;4633;1133;3500;0;0;0;0;0;0;0;0;0
5023;99;2033;;;;;;4756;1185;3571;0;0;0;0;0;0;0;0;0
5024;99;2034;;;;;;4879;1240;3639;0;0;0;0;0;0;0;0;0
5025;99;2035;;;;;;5025;1301;3724;0;0;0;0;0;0;0;0;0
5026;99;2036;;;;;;5157;1358;3799;0;0;0;0;0;0;0;0;0
5027;99;2037;;;;;;5377;1442;3935;0;0;0;0;0;0;0;0;0
5028;99;2038;;;;;;5595;1522;4073;0;0;0;0;0;0;0;0;0
5029;99;2039;;;;;;5837;1613;4225;0;0;0;0;0;0;0;0;0
5030;99;2040;;;;;;5972;1673;4298;0;0;0;0;0;0;0;0;0
5031;99;2041;;;;;;6183;1757;4426;0;0;0;0;0;0;0;0;0
5032;99;2042;;;;;;6529;1879;4650;0;0;0;0;0;0;0;0;0
5033;99;2043;;;;;;6920;2011;4909;0;0;0;0;0;0;0;0;0
5034;99;2044;;;;;;7099;2077;5022;0;0;0;0;0;0;0;0;0
5035;99;2045;;;;;;8209;2440;5768;0;0;0;0;0;0;0;0;0
5036;99;2046;;;;;;8890;2656;6234;0;0;0;0;0;0;0;0;0
5037;99;2047;;;;;;9206;2764;6442;0;0;0;0;0;0;0;0;0
5038;99;2048;;;;;;9360;2818;6542;0;0;0;0;0;0;0;0;0
5039;99;2049;;;;;;9453;2852;6601;0;0;0;0;0;0;0;0;0
5040;99;2050;;;;;;9539;2886;6653;0;0;0;0;0;0;0;0;0
5041;99;2051;;;;;;9742;2956;6786;0;0;0;0;0;0;0;0;0
5042;99;2052;;;;;;9910;3012;6898;0;0;0;0;0;0;0;0;0
5043;99;2053;;;;;;10109;3079;7029;0;0;0;0;0;0;0;0;0
5044;99;2054;;;;;;10336;3148;7188;0;0;0;0;0;0;0;0;0
5045;99;2055;;;;;;10605;3239;7366;0;0;0;0;0;0;0;0;0
5046;99;2056;;;;;;10895;3333;7562;0;0;0;0;0;0;0;0;0
5047;99;2057;;;;;;11208;3435;7773;0;0;0;0;0;0;0;0;0
5048;99;2058;;;;;;11571;3551;8020;0;0;0;0;0;0;0;0;0
5049;99;2059;;;;;;11884;3654;8230;0;0;0;0;0;0;0;0;0
5050;0 tot 5 jaar;2010;;;;;;851;470;381;7580;3896;3684;6216;3220;2995;1364;676;689
5051;0 tot 5 jaar;2011;;;;;;830;458;372;7840;4023;3817;6122;3178;2945;1718;845;872
5052;0 tot 5 jaar;2012;;;;;;812;448;363;7770;3983;3787;6017;3133;2883;1753;850;904
5053;0 tot 5 jaar;2013;;;;;;798;440;358;7485;3828;3657;5936;3100;2835;1549;728;822
5054;0 tot 5 jaar;2014;;;;;;783;433;351;7226;3692;3534;5932;3108;2825;1294;584;709
5055;0 tot 5 jaar;2015;;;;;;773;427;348;7212;3695;3517;5947;3127;2819;1265;568;698
5056;0 tot 5 jaar;2016;;;;;;764;419;344;7195;3691;3504;5949;3132;2817;1246;559;687
5057;0 tot 5 jaar;2017;;;;;;754;415;341;7197;3699;3498;5935;3123;2811;1262;576;687
5058;0 tot 5 jaar;2018;;;;;;749;411;337;7213;3714;3499;5928;3119;2809;1285;595;690
5059;0 tot 5 jaar;2019;;;;;;742;405;336;7228;3738;3490;5921;3115;2805;1307;623;685
5060;0 tot 5 jaar;2020;;;;;;737;402;335;7245;3760;3485;5914;3113;2801;1331;647;684
5061;0 tot 5 jaar;2021;;;;;;729;398;332;7249;3770;3479;5896;3104;2793;1353;666;686
5062;0 tot 5 jaar;2022;;;;;;725;394;330;7234;3773;3461;5878;3094;2784;1356;679;677
5063;0 tot 5 jaar;2023;;;;;;718;389;329;7221;3771;3450;5858;3082;2775;1363;689;675
5064;0 tot 5 jaar;2024;;;;;;712;386;327;7208;3768;3440;5836;3072;2766;1372;696;674
5065;0 tot 5 jaar;2025;;;;;;706;380;325;7190;3762;3428;5816;3062;2754;1374;700;674
5066;0 tot 5 jaar;2026;;;;;;699;377;324;7172;3757;3415;5795;3050;2745;1377;707;671
5067;0 tot 5 jaar;2027;;;;;;692;371;321;7148;3749;3399;5770;3037;2733;1378;712;666
5068;0 tot 5 jaar;2028;;;;;;685;367;317;7130;3746;3384;5746;3026;2720;1384;720;664
5069;0 tot 5 jaar;2029;;;;;;677;362;315;7111;3735;3376;5723;3014;2709;1388;721;667
5070;0 tot 5 jaar;2030;;;;;;671;358;313;7104;3734;3370;5700;3002;2698;1404;732;672
5071;0 tot 5 jaar;2031;;;;;;663;352;310;7084;3727;3357;5674;2988;2687;1410;739;670
5072;0 tot 5 jaar;2032;;;;;;653;345;307;7081;3727;3354;5651;2973;2677;1430;754;677
5073;0 tot 5 jaar;2033;;;;;;646;341;303;7067;3721;3346;5626;2962;2666;1441;759;680
5074;0 tot 5 jaar;2034;;;;;;635;335;300;7068;3725;3343;5603;2949;2654;1465;776;689
5075;0 tot 5 jaar;2035;;;;;;625;330;295;7067;3729;3338;5582;2938;2644;1485;791;694
5076;0 tot 5 jaar;2036;;;;;;615;323;293;7072;3732;3340;5559;2926;2634;1513;806;706
5077;0 tot 5 jaar;2037;;;;;;606;317;287;7075;3731;3344;5537;2912;2625;1538;819;719
5078;0 tot 5 jaar;2038;;;;;;596;312;284;7076;3734;3342;5514;2899;2614;1562;835;729
5079;0 tot 5 jaar;2039;;;;;;586;306;281;7074;3731;3343;5495;2888;2607;1579;843;736
5080;0 tot 5 jaar;2040;;;;;;577;301;277;7072;3731;3341;5476;2878;2598;1596;853;743
5081;0 tot 5 jaar;2041;;;;;;571;295;274;7072;3732;3340;5455;2866;2592;1617;866;748
5082;0 tot 5 jaar;2042;;;;;;563;291;270;7069;3732;3337;5439;2856;2582;1631;876;755
5083;0 tot 5 jaar;2043;;;;;;556;287;269;7072;3735;3337;5426;2849;2578;1646;886;759
5084;0 tot 5 jaar;2044;;;;;;549;283;265;7071;3736;3335;5417;2844;2574;1654;892;761
5085;0 tot 5 jaar;2045;;;;;;543;279;264;7054;3724;3330;5408;2838;2570;1646;886;760
5086;0 tot 5 jaar;2046;;;;;;539;277;263;7041;3716;3325;5400;2832;2569;1641;884;756
5087;0 tot 5 jaar;2047;;;;;;532;274;261;7035;3714;3321;5391;2827;2565;1644;887;756
5088;0 tot 5 jaar;2048;;;;;;529;270;259;7031;3712;3319;5388;2823;2566;1644;889;753
5089;0 tot 5 jaar;2049;;;;;;526;266;257;7024;3707;3317;5388;2822;2567;1636;885;750
5090;0 tot 5 jaar;2050;;;;;;520;264;256;7018;3704;3314;5387;2819;2568;1631;885;746
5091;0 tot 5 jaar;2051;;;;;;517;262;254;7016;3703;3313;5387;2818;2569;1629;885;744
5092;0 tot 5 jaar;2052;;;;;;514;260;254;7010;3698;3312;5386;2817;2570;1624;881;742
5093;0 tot 5 jaar;2053;;;;;;510;258;253;7009;3698;3311;5391;2816;2573;1618;882;738
5094;0 tot 5 jaar;2054;;;;;;506;254;252;7009;3698;3311;5394;2818;2577;1615;880;734
5095;0 tot 5 jaar;2055;;;;;;502;252;250;7002;3692;3310;5394;2816;2579;1608;876;731
5096;0 tot 5 jaar;2056;;;;;;498;250;248;6999;3692;3307;5401;2817;2583;1598;876;724
5097;0 tot 5 jaar;2057;;;;;;493;246;246;6997;3692;3305;5400;2817;2584;1597;875;721
5098;0 tot 5 jaar;2058;;;;;;489;244;245;6995;3691;3304;5403;2815;2588;1592;876;716
5099;0 tot 5 jaar;2059;;;;;;483;239;244;6991;3689;3302;5403;2815;2589;1588;874;713
5100;5 tot 10 jaar;2010;;;;;;90;51;39;6941;3554;3387;6294;3199;3094;647;355;293
5101;5 tot 10 jaar;2011;;;;;;84;48;38;7201;3681;3520;6341;3226;3118;860;455;403
5102;5 tot 10 jaar;2012;;;;;;80;45;34;7087;3615;3472;6404;3260;3142;684;355;330
5103;5 tot 10 jaar;2013;;;;;;76;43;34;6777;3447;3330;6483;3311;3173;294;136;157
5104;5 tot 10 jaar;2014;;;;;;73;42;33;6477;3290;3187;6543;3355;3189;-66;-65;-2
5105;5 tot 10 jaar;2015;;;;;;70;40;30;6464;3289;3175;6551;3366;3186;-87;-77;-11
5106;5 tot 10 jaar;2016;;;;;;67;38;30;6447;3284;3163;6529;3359;3171;-82;-75;-8
5107;5 tot 10 jaar;2017;;;;;;65;36;28;6442;3292;3150;6476;3333;3143;-34;-41;7
5108;5 tot 10 jaar;2018;;;;;;63;35;28;6447;3307;3140;6418;3303;3115;29;4;25
5109;5 tot 10 jaar;2019;;;;;;60;34;28;6461;3323;3138;6375;3280;3095;86;43;43
5110;5 tot 10 jaar;2020;;;;;;58;32;27;6474;3343;3131;6346;3266;3080;128;77;51
5111;5 tot 10 jaar;2021;;;;;;57;31;25;6481;3353;3128;6310;3250;3061;171;103;67
5112;5 tot 10 jaar;2022;;;;;;56;30;24;6470;3351;3119;6281;3236;3045;189;115;74
5113;5 tot 10 jaar;2023;;;;;;53;30;24;6456;3351;3105;6253;3223;3030;203;128;75
5114;5 tot 10 jaar;2024;;;;;;53;29;23;6437;3344;3093;6227;3213;3015;210;131;78
5115;5 tot 10 jaar;2025;;;;;;53;29;23;6414;3339;3075;6201;3199;3001;213;140;74
5116;5 tot 10 jaar;2026;;;;;;51;28;23;6389;3331;3058;6178;3192;2988;211;139;70
5117;5 tot 10 jaar;2027;;;;;;50;27;23;6370;3324;3046;6153;3181;2973;217;143;73
5118;5 tot 10 jaar;2028;;;;;;48;27;23;6348;3315;3033;6127;3168;2960;221;147;73
5119;5 tot 10 jaar;2029;;;;;;48;27;23;6328;3308;3020;6102;3156;2945;226;152;75
5120;5 tot 10 jaar;2030;;;;;;47;25;22;6305;3298;3007;6079;3147;2932;226;151;75
5121;5 tot 10 jaar;2031;;;;;;47;25;22;6292;3292;3000;6056;3136;2923;236;156;77
5122;5 tot 10 jaar;2032;;;;;;45;24;20;6273;3285;2988;6037;3127;2911;236;158;77
5123;5 tot 10 jaar;2033;;;;;;44;24;19;6258;3277;2981;6020;3119;2902;238;158;79
5124;5 tot 10 jaar;2034;;;;;;42;23;19;6249;3272;2977;6005;3112;2895;244;160;82
5125;5 tot 10 jaar;2035;;;;;;42;23;19;6240;3269;2971;5991;3105;2888;249;164;83
5126;5 tot 10 jaar;2036;;;;;;42;23;19;6229;3266;2963;5982;3100;2881;247;166;82
5127;5 tot 10 jaar;2037;;;;;;40;23;18;6227;3266;2961;5969;3092;2877;258;174;84
5128;5 tot 10 jaar;2038;;;;;;39;21;18;6222;3264;2958;5958;3088;2872;264;177;86
5129;5 tot 10 jaar;2039;;;;;;38;20;18;6222;3265;2957;5945;3079;2866;277;186;91
5130;5 tot 10 jaar;2040;;;;;;37;19;17;6204;3256;2948;5930;3072;2858;274;184;90
5131;5 tot 10 jaar;2041;;;;;;36;19;17;6201;3256;2945;5915;3064;2851;286;192;94
5132;5 tot 10 jaar;2042;;;;;;35;19;16;6188;3248;2940;5898;3053;2844;290;195;96
5133;5 tot 10 jaar;2043;;;;;;34;18;16;6178;3246;2932;5886;3047;2838;292;199;94
5134;5 tot 10 jaar;2044;;;;;;34;18;16;6170;3239;2931;5870;3038;2832;301;201;99
5135;5 tot 10 jaar;2045;;;;;;32;18;16;6157;3234;2923;5855;3030;2824;302;204;99
5136;5 tot 10 jaar;2046;;;;;;32;17;15;6145;3225;2920;5840;3023;2819;305;202;102
5137;5 tot 10 jaar;2047;;;;;;30;17;14;6138;3220;2918;5828;3016;2814;310;204;104
5138;5 tot 10 jaar;2048;;;;;;30;16;14;6131;3216;2915;5820;3009;2812;311;207;103
5139;5 tot 10 jaar;2049;;;;;;29;16;14;6119;3209;2910;5810;3004;2808;309;205;102
5140;5 tot 10 jaar;2050;;;;;;28;15;12;6114;3206;2908;5802;2998;2804;312;208;104
5141;5 tot 10 jaar;2051;;;;;;28;15;12;6108;3205;2903;5795;2993;2803;313;212;100
5142;5 tot 10 jaar;2052;;;;;;28;15;12;6100;3200;2900;5794;2991;2802;306;209;98
5143;5 tot 10 jaar;2053;;;;;;27;14;12;6091;3195;2896;5791;2991;2803;300;204;94
5144;5 tot 10 jaar;2054;;;;;;27;14;12;6085;3190;2895;5791;2989;2804;294;201;91
5145;5 tot 10 jaar;2055;;;;;;26;14;12;6083;3189;2894;5795;2988;2806;288;201;88
5146;5 tot 10 jaar;2056;;;;;;25;14;11;6081;3188;2893;5796;2987;2808;285;201;85
5147;5 tot 10 jaar;2057;;;;;;25;14;11;6079;3185;2894;5799;2989;2811;280;196;83
5148;5 tot 10 jaar;2058;;;;;;24;13;11;6077;3184;2893;5802;2989;2814;275;195;79
5149;5 tot 10 jaar;2059;;;;;;24;13;11;6072;3181;2891;5807;2988;2817;265;193;74
5150;10 tot 15 jaar;2010;;;;;;92;51;39;5675;2915;2760;3927;2030;1899;1748;885;861
5151;10 tot 15 jaar;2011;;;;;;88;51;39;5855;3005;2850;3903;2017;1885;1952;988;965
5152;10 tot 15 jaar;2012;;;;;;86;48;38;5762;2946;2816;3899;2020;1879;1863;926;937
5153;10 tot 15 jaar;2013;;;;;;83;46;37;5539;2824;2715;3929;2040;1889;1610;784;826
5154;10 tot 15 jaar;2014;;;;;;79;43;36;5336;2717;2619;3982;2076;1906;1354;641;713
5155;10 tot 15 jaar;2015;;;;;;75;42;33;5320;2714;2606;4012;2100;1913;1308;614;693
5156;10 tot 15 jaar;2016;;;;;;72;39;32;5302;2707;2595;4040;2113;1928;1262;594;667
5157;10 tot 15 jaar;2017;;;;;;68;37;30;5290;2708;2582;4056;2116;1941;1234;592;641
5158;10 tot 15 jaar;2018;;;;;;64;35;29;5295;2719;2576;4069;2121;1948;1226;599;628
5159;10 tot 15 jaar;2019;;;;;;61;33;28;5308;2733;2575;4067;2120;1949;1241;613;626
5160;10 tot 15 jaar;2020;;;;;;58;32;27;5310;2741;2569;4052;2110;1942;1258;631;627
5161;10 tot 15 jaar;2021;;;;;;57;31;26;5319;2751;2568;4021;2094;1927;1298;657;641
5162;10 tot 15 jaar;2022;;;;;;55;29;25;5308;2752;2556;3988;2078;1909;1320;674;647
5163;10 tot 15 jaar;2023;;;;;;52;29;24;5301;2750;2551;3947;2058;1889;1354;692;662
5164;10 tot 15 jaar;2024;;;;;;52;28;24;5275;2743;2532;3915;2042;1873;1360;701;659
5165;10 tot 15 jaar;2025;;;;;;51;28;22;5258;2734;2524;3887;2029;1859;1371;705;665
5166;10 tot 15 jaar;2026;;;;;;48;28;22;5236;2727;2509;3866;2019;1846;1370;708;663
5167;10 tot 15 jaar;2027;;;;;;47;25;22;5211;2717;2494;3847;2010;1837;1364;707;657
5168;10 tot 15 jaar;2028;;;;;;46;24;22;5201;2716;2485;3831;2003;1828;1370;713;657
5169;10 tot 15 jaar;2029;;;;;;46;24;22;5181;2709;2472;3815;1997;1818;1366;712;654
5170;10 tot 15 jaar;2030;;;;;;46;24;21;5167;2701;2466;3804;1992;1812;1363;709;654
5171;10 tot 15 jaar;2031;;;;;;44;24;21;5140;2689;2451;3789;1985;1806;1351;704;645
5172;10 tot 15 jaar;2032;;;;;;43;23;21;5129;2683;2446;3780;1981;1799;1349;702;647
5173;10 tot 15 jaar;2033;;;;;;42;23;20;5118;2680;2438;3769;1978;1792;1349;702;646
5174;10 tot 15 jaar;2034;;;;;;42;22;20;5101;2675;2426;3763;1973;1790;1338;702;636
5175;10 tot 15 jaar;2035;;;;;;41;22;18;5100;2674;2426;3759;1972;1787;1341;702;639
5176;10 tot 15 jaar;2036;;;;;;40;22;18;5089;2666;2423;3754;1969;1785;1335;697;638
5177;10 tot 15 jaar;2037;;;;;;39;21;18;5079;2660;2419;3750;1969;1784;1329;691;635
5178;10 tot 15 jaar;2038;;;;;;38;21;17;5073;2658;2415;3747;1966;1782;1326;692;633
5179;10 tot 15 jaar;2039;;;;;;37;20;17;5067;2654;2413;3746;1965;1781;1321;689;632
5180;10 tot 15 jaar;2040;;;;;;37;19;17;5057;2649;2408;3744;1963;1780;1313;686;628
5181;10 tot 15 jaar;2041;;;;;;36;19;17;5048;2646;2402;3741;1962;1779;1307;684;623
5182;10 tot 15 jaar;2042;;;;;;34;19;17;5042;2643;2399;3738;1959;1778;1305;684;621
5183;10 tot 15 jaar;2043;;;;;;34;17;16;5037;2641;2396;3733;1956;1777;1304;685;619
5184;10 tot 15 jaar;2044;;;;;;33;17;16;5028;2635;2393;3731;1953;1777;1297;682;616
5185;10 tot 15 jaar;2045;;;;;;33;17;16;5019;2630;2389;3723;1950;1774;1296;680;615
5186;10 tot 15 jaar;2046;;;;;;32;17;14;5004;2623;2381;3717;1945;1774;1287;678;607
5187;10 tot 15 jaar;2047;;;;;;30;16;14;4998;2620;2378;3711;1940;1771;1287;680;607
5188;10 tot 15 jaar;2048;;;;;;29;16;13;4993;2616;2377;3703;1936;1768;1290;680;609
5189;10 tot 15 jaar;2049;;;;;;28;16;13;4988;2613;2375;3698;1931;1766;1291;682;609
5190;10 tot 15 jaar;2050;;;;;;28;16;13;4983;2612;2371;3690;1927;1764;1293;686;607
5191;10 tot 15 jaar;2051;;;;;;28;15;12;4979;2610;2369;3686;1923;1764;1293;687;605
5192;10 tot 15 jaar;2052;;;;;;27;13;12;4973;2606;2367;3681;1919;1762;1292;687;605
5193;10 tot 15 jaar;2053;;;;;;26;13;12;4967;2602;2365;3677;1914;1760;1290;688;605
5194;10 tot 15 jaar;2054;;;;;;25;13;12;4963;2599;2364;3676;1914;1761;1287;685;603
5195;10 tot 15 jaar;2055;;;;;;25;13;11;4959;2598;2361;3673;1911;1763;1286;687;598
5196;10 tot 15 jaar;2056;;;;;;24;12;11;4957;2597;2360;3674;1910;1763;1283;687;597
5197;10 tot 15 jaar;2057;;;;;;24;12;11;4951;2593;2358;3675;1909;1767;1276;684;591
5198;10 tot 15 jaar;2058;;;;;;23;12;11;4950;2592;2358;3678;1908;1769;1272;684;589
5199;10 tot 15 jaar;2059;;;;;;22;12;10;4950;2594;2356;3682;1910;1771;1268;684;585
5200;15 tot 20 jaar;2010;1935.0;1792.0;142.0;0.0;1.0;184;116;67;9836;4681;5155;4460;2165;2293;5376;2516;2862
5201;15 tot 20 jaar;2011;1869.0;1724.0;146.0;0.0;0.0;175;110;65;10034;4766;5268;4453;2167;2285;5581;2599;2983
5202;15 tot 20 jaar;2012;1872.0;1715.0;157.0;0.0;0.0;168;105;63;9930;4686;5244;4434;2161;2272;5496;2525;2972
5203;15 tot 20 jaar;2013;1853.0;1691.0;163.0;0.0;0.0;162;101;61;9720;4573;5147;4450;2178;2271;5270;2395;2876
5204;15 tot 20 jaar;2014;1821.0;1659.0;162.0;0.0;0.0;156;98;59;9509;4466;5043;4489;2206;2282;5020;2260;2761
5205;15 tot 20 jaar;2015;1833.0;1661.0;173.0;0.0;0.0;153;95;57;9485;4460;5025;4557;2246;2312;4928;2214;2713
5206;15 tot 20 jaar;2016;1862.0;1681.0;180.0;0.0;0.0;150;93;57;9468;4462;5006;4578;2259;2320;4890;2203;2686
5207;15 tot 20 jaar;2017;1889.0;1707.0;183.0;0.0;0.0;146;89;55;9466;4475;4991;4585;2264;2318;4881;2211;2673
5208;15 tot 20 jaar;2018;1894.0;1715.0;179.0;0.0;0.0;141;86;53;9480;4492;4988;4599;2271;2328;4881;2221;2660
5209;15 tot 20 jaar;2019;1909.0;1727.0;182.0;0.0;0.0;137;84;53;9493;4510;4983;4605;2276;2328;4888;2234;2655
5210;15 tot 20 jaar;2020;1882.0;1701.0;181.0;0.0;0.0;130;80;49;9501;4521;4980;4578;2266;2313;4923;2255;2667
5211;15 tot 20 jaar;2021;1861.0;1682.0;179.0;0.0;0.0;124;76;48;9500;4533;4967;4575;2265;2310;4925;2268;2657
5212;15 tot 20 jaar;2022;1831.0;1655.0;176.0;0.0;0.0;118;73;46;9485;4530;4955;4564;2256;2308;4921;2274;2647
5213;15 tot 20 jaar;2023;1781.0;1609.0;171.0;0.0;0.0;113;69;44;9458;4523;4935;4540;2246;2296;4918;2277;2639
5214;15 tot 20 jaar;2024;1742.0;1575.0;167.0;0.0;0.0;108;66;41;9438;4521;4917;4511;2234;2278;4927;2287;2639
5215;15 tot 20 jaar;2025;1726.0;1561.0;166.0;0.0;0.0;105;64;41;9402;4509;4893;4482;2216;2264;4920;2293;2629
5216;15 tot 20 jaar;2026;1719.0;1556.0;165.0;0.0;0.0;102;61;40;9380;4504;4876;4452;2205;2248;4928;2299;2628
5217;15 tot 20 jaar;2027;1730.0;1563.0;166.0;0.0;0.0;99;60;39;9342;4487;4855;4421;2192;2228;4921;2295;2627
5218;15 tot 20 jaar;2028;1726.0;1561.0;166.0;0.0;0.0;97;59;38;9314;4473;4841;4375;2170;2204;4939;2303;2637
5219;15 tot 20 jaar;2029;1709.0;1545.0;165.0;0.0;0.0;94;57;37;9290;4463;4827;4331;2149;2182;4959;2314;2645
5220;15 tot 20 jaar;2030;1701.0;1537.0;163.0;0.0;0.0;90;55;36;9264;4452;4812;4297;2135;2164;4967;2317;2648
5221;15 tot 20 jaar;2031;1698.0;1536.0;163.0;0.0;0.0;89;55;35;9242;4443;4799;4272;2124;2149;4970;2319;2650
5222;15 tot 20 jaar;2032;1700.0;1537.0;163.0;0.0;0.0;87;54;34;9218;4430;4788;4252;2114;2137;4966;2316;2651
5223;15 tot 20 jaar;2033;1705.0;1542.0;164.0;0.0;0.0;87;52;34;9203;4424;4779;4234;2107;2127;4969;2317;2652
5224;15 tot 20 jaar;2034;1711.0;1548.0;164.0;0.0;0.0;83;51;33;9196;4417;4779;4223;2102;2120;4973;2315;2659
5225;15 tot 20 jaar;2035;1722.0;1557.0;165.0;0.0;0.0;82;50;33;9194;4413;4781;4212;2098;2114;4982;2315;2667
5226;15 tot 20 jaar;2036;1732.0;1566.0;165.0;0.0;0.0;82;49;32;9183;4403;4780;4209;2096;2113;4974;2307;2667
5227;15 tot 20 jaar;2037;1743.0;1577.0;167.0;0.0;0.0;80;49;31;9181;4401;4780;4204;2097;2108;4977;2305;2672
5228;15 tot 20 jaar;2038;1754.0;1586.0;168.0;0.0;0.0;78;47;31;9174;4397;4777;4202;2096;2105;4972;2301;2672
5229;15 tot 20 jaar;2039;1763.0;1594.0;168.0;0.0;0.0;77;46;31;9166;4389;4777;4200;2097;2104;4966;2293;2673
5230;15 tot 20 jaar;2040;1771.0;1602.0;169.0;0.0;0.0;76;46;30;9162;4384;4778;4197;2094;2103;4965;2290;2675
5231;15 tot 20 jaar;2041;1780.0;1609.0;169.0;0.0;0.0;74;45;29;9154;4377;4777;4194;2094;2100;4960;2283;2677
5232;15 tot 20 jaar;2042;1785.0;1615.0;171.0;0.0;0.0;73;43;28;9150;4372;4778;4193;2095;2099;4957;2277;2679
5233;15 tot 20 jaar;2043;1790.0;1619.0;172.0;0.0;0.0;71;42;28;9140;4365;4775;4191;2094;2096;4949;2271;2679
5234;15 tot 20 jaar;2044;1793.0;1622.0;172.0;0.0;0.0;69;41;28;9129;4354;4775;4187;2091;2096;4942;2263;2679
5235;15 tot 20 jaar;2045;1796.0;1624.0;173.0;0.0;0.0;67;41;26;9119;4349;4770;4187;2090;2096;4932;2259;2674
5236;15 tot 20 jaar;2046;1797.0;1625.0;173.0;0.0;0.0;67;41;26;9112;4344;4768;4183;2089;2094;4929;2255;2674
5237;15 tot 20 jaar;2047;1798.0;1626.0;173.0;0.0;0.0;65;39;26;9102;4336;4766;4179;2088;2090;4923;2248;2676
5238;15 tot 20 jaar;2048;1797.0;1625.0;173.0;0.0;0.0;63;39;26;9101;4337;4764;4176;2088;2090;4925;2249;2674
5239;15 tot 20 jaar;2049;1795.0;1624.0;172.0;0.0;0.0;63;36;25;9091;4334;4757;4172;2086;2088;4919;2248;2669
5240;15 tot 20 jaar;2050;1792.0;1620.0;172.0;0.0;0.0;60;36;23;9086;4331;4755;4166;2082;2084;4920;2249;2671
5241;15 tot 20 jaar;2051;1787.0;1616.0;170.0;0.0;0.0;59;35;23;9080;4329;4751;4157;2076;2081;4923;2253;2670
5242;15 tot 20 jaar;2052;1779.0;1608.0;170.0;0.0;0.0;58;34;23;9079;4326;4753;4150;2075;2076;4929;2251;2677
5243;15 tot 20 jaar;2053;1771.0;1601.0;169.0;0.0;0.0;55;34;22;9071;4320;4751;4140;2068;2072;4931;2252;2679
5244;15 tot 20 jaar;2054;1762.0;1594.0;169.0;0.0;0.0;55;34;22;9067;4317;4750;4134;2065;2068;4933;2252;2682
5245;15 tot 20 jaar;2055;1754.0;1586.0;168.0;0.0;0.0;54;33;21;9060;4312;4748;4126;2061;2066;4934;2251;2682
5246;15 tot 20 jaar;2056;1747.0;1579.0;167.0;0.0;0.0;52;32;21;9061;4313;4748;4118;2056;2061;4943;2257;2687
5247;15 tot 20 jaar;2057;1739.0;1573.0;166.0;0.0;0.0;52;30;21;9059;4311;4748;4113;2054;2060;4946;2257;2688
5248;15 tot 20 jaar;2058;1734.0;1568.0;166.0;0.0;0.0;50;30;21;9058;4309;4749;4104;2048;2056;4954;2261;2693
5249;15 tot 20 jaar;2059;1729.0;1563.0;166.0;0.0;0.0;48;30;19;9057;4309;4748;4103;2046;2056;4954;2263;2692
5250;20 tot 25 jaar;2010;16679.0;12286.0;3776.0;522.0;94.0;311;210;101;31054;13621;17433;18136;7973;10161;12918;5648;7272
5251;20 tot 25 jaar;2011;16740.0;12323.0;3816.0;494.0;104.0;309;210;100;31408;13745;17663;18433;8144;10289;12975;5601;7374
5252;20 tot 25 jaar;2012;17137.0;12626.0;3953.0;436.0;123.0;305;207;98;31390;13677;17713;18630;8282;10348;12760;5396;7365
5253;20 tot 25 jaar;2013;17297.0;12768.0;4019.0;370.0;140.0;302;205;97;31087;13517;17570;18810;8387;10423;12277;5130;7147
5254;20 tot 25 jaar;2014;17373.0;12837.0;4063.0;332.0;143.0;297;202;98;30822;13389;17433;18967;8503;10465;11855;4886;6968
5255;20 tot 25 jaar;2015;17209.0;12727.0;4085.0;270.0;129.0;289;197;93;30755;13374;17381;18954;8529;10424;11801;4845;6957
5256;20 tot 25 jaar;2016;16954.0;12582.0;4071.0;204.0;95.0;281;190;92;30733;13388;17345;18894;8527;10366;11839;4861;6979
5257;20 tot 25 jaar;2017;16950.0;12492.0;4077.0;253.0;124.0;274;186;88;30734;13414;17320;18776;8475;10302;11958;4939;7018
5258;20 tot 25 jaar;2018;16970.0;12439.0;4078.0;317.0;133.0;269;182;88;30730;13442;17288;18684;8444;10240;12046;4998;7048
5259;20 tot 25 jaar;2019;16892.0;12400.0;4064.0;294.0;132.0;265;179;86;30739;13477;17262;18577;8408;10169;12162;5069;7093
5260;20 tot 25 jaar;2020;17040.0;12515.0;4106.0;284.0;133.0;264;179;86;30719;13494;17225;18537;8408;10129;12182;5086;7096
5261;20 tot 25 jaar;2021;17223.0;12686.0;4170.0;250.0;115.0;262;175;85;30674;13502;17172;18440;8376;10061;12234;5126;7111
5262;20 tot 25 jaar;2022;17491.0;12815.0;4223.0;314.0;136.0;258;174;85;30594;13485;17109;18339;8353;9986;12255;5132;7123
5263;20 tot 25 jaar;2023;17544.0;12851.0;4239.0;314.0;137.0;255;172;84;30500;13461;17039;18235;8319;9915;12265;5142;7124
5264;20 tot 25 jaar;2024;17524.0;12826.0;4247.0;310.0;138.0;249;166;82;30403;13436;16967;18108;8274;9834;12295;5163;7133
5265;20 tot 25 jaar;2025;17258.0;12625.0;4189.0;306.0;137.0;240;161;80;30306;13409;16897;17928;8205;9722;12378;5204;7175
5266;20 tot 25 jaar;2026;17008.0;12435.0;4132.0;306.0;135.0;234;156;77;30219;13383;16836;17770;8146;9624;12449;5237;7212
5267;20 tot 25 jaar;2027;16723.0;12225.0;4062.0;303.0;133.0;225;151;75;30130;13357;16773;17596;8072;9523;12534;5285;7250
5268;20 tot 25 jaar;2028;16393.0;11994.0;3974.0;294.0;129.0;218;146;73;30044;13332;16712;17424;8007;9415;12620;5325;7297
5269;20 tot 25 jaar;2029;16171.0;11844.0;3913.0;287.0;127.0;213;143;71;29977;13313;16664;17265;7947;9317;12712;5366;7347
5270;20 tot 25 jaar;2030;16083.0;11783.0;3890.0;284.0;126.0;209;140;70;29916;13294;16622;17118;7891;9228;12798;5403;7394
5271;20 tot 25 jaar;2031;16044.0;11751.0;3879.0;284.0;125.0;206;138;69;29870;13281;16589;16974;7833;9140;12897;5448;7450
5272;20 tot 25 jaar;2032;16062.0;11761.0;3888.0;286.0;126.0;202;134;68;29836;13274;16562;16840;7780;9059;12996;5494;7503
5273;20 tot 25 jaar;2033;16014.0;11724.0;3879.0;286.0;126.0;198;133;67;29823;13274;16549;16700;7719;8981;13123;5555;7568
5274;20 tot 25 jaar;2034;15919.0;11660.0;3852.0;282.0;125.0;194;129;65;29831;13283;16548;16580;7669;8910;13251;5614;7638
5275;20 tot 25 jaar;2035;15885.0;11636.0;3842.0;281.0;124.0;192;126;65;29867;13301;16566;16493;7635;8857;13374;5666;7709
5276;20 tot 25 jaar;2036;15891.0;11644.0;3841.0;281.0;124.0;188;126;63;29909;13324;16585;16433;7614;8820;13476;5710;7766
5277;20 tot 25 jaar;2037;15932.0;11675.0;3850.0;281.0;124.0;187;125;63;29946;13341;16605;16392;7601;8790;13554;5740;7815
5278;20 tot 25 jaar;2038;15994.0;11722.0;3863.0;283.0;125.0;186;121;62;29979;13358;16621;16364;7594;8770;13615;5764;7851
5279;20 tot 25 jaar;2039;16070.0;11778.0;3883.0;283.0;125.0;183;121;62;30010;13372;16638;16343;7590;8752;13667;5782;7886
5280;20 tot 25 jaar;2040;16160.0;11845.0;3903.0;285.0;126.0;181;120;62;30034;13387;16647;16326;7587;8736;13708;5800;7911
5281;20 tot 25 jaar;2041;16256.0;11916.0;3927.0;287.0;126.0;180;120;61;30051;13393;16658;16314;7588;8725;13737;5805;7933
5282;20 tot 25 jaar;2042;16354.0;11986.0;3950.0;289.0;127.0;178;117;60;30065;13404;16661;16301;7587;8711;13764;5817;7950
5283;20 tot 25 jaar;2043;16442.0;12051.0;3973.0;290.0;129.0;176;116;60;30073;13403;16670;16290;7589;8701;13783;5814;7969
5284;20 tot 25 jaar;2044;16523.0;12110.0;3993.0;292.0;129.0;175;116;60;30078;13404;16674;16278;7589;8691;13801;5815;7983
5285;20 tot 25 jaar;2045;16591.0;12158.0;4010.0;293.0;130.0;173;115;59;30081;13406;16675;16261;7585;8677;13820;5821;7998
5286;20 tot 25 jaar;2046;16652.0;12202.0;4024.0;295.0;130.0;171;112;58;30081;13405;16676;16244;7582;8664;13837;5823;8012
5287;20 tot 25 jaar;2047;16699.0;12235.0;4038.0;296.0;130.0;169;111;57;30083;13408;16675;16226;7575;8650;13858;5833;8025
5288;20 tot 25 jaar;2048;16734.0;12262.0;4046.0;297.0;131.0;167;111;57;30082;13408;16674;16205;7570;8635;13877;5838;8039
5289;20 tot 25 jaar;2049;16762.0;12279.0;4053.0;297.0;131.0;165;108;56;30081;13405;16676;16182;7563;8621;13899;5842;8055
5290;20 tot 25 jaar;2050;16780.0;12292.0;4057.0;297.0;132.0;163;106;55;30083;13404;16679;16158;7556;8603;13925;5848;8077
5291;20 tot 25 jaar;2051;16790.0;12299.0;4061.0;298.0;132.0;160;106;55;30093;13408;16685;16136;7549;8587;13957;5859;8098
5292;20 tot 25 jaar;2052;16788.0;12296.0;4061.0;298.0;132.0;158;104;55;30093;13409;16684;16109;7540;8571;13984;5869;8114
5293;20 tot 25 jaar;2053;16774.0;12284.0;4058.0;298.0;132.0;156;101;54;30089;13404;16685;16083;7528;8554;14006;5876;8131
5294;20 tot 25 jaar;2054;16746.0;12265.0;4052.0;298.0;131.0;153;101;53;30088;13403;16685;16051;7517;8535;14037;5886;8150
5295;20 tot 25 jaar;2055;16705.0;12233.0;4043.0;298.0;131.0;150;99;51;30085;13404;16681;16019;7505;8515;14066;5899;8166
5296;20 tot 25 jaar;2056;16651.0;12193.0;4031.0;296.0;131.0;148;96;51;30094;13406;16688;15983;7490;8494;14111;5916;8194
5297;20 tot 25 jaar;2057;16588.0;12146.0;4015.0;295.0;131.0;146;96;50;30094;13405;16689;15947;7474;8474;14147;5931;8215
5298;20 tot 25 jaar;2058;16521.0;12095.0;4000.0;294.0;129.0;143;94;50;30099;13408;16691;15909;7455;8454;14190;5953;8237
5299;20 tot 25 jaar;2059;16450.0;12044.0;3983.0;292.0;129.0;141;92;48;30097;13408;16689;15872;7440;8431;14225;5968;8258
5300;25 tot 30 jaar;2010;50873.0;29525.0;16457.0;3966.0;927.0;349;229;119;28570;14664;13906;21590;11274;10316;6980;3390;3590
5301;25 tot 30 jaar;2011;50706.0;29446.0;16451.0;3869.0;939.0;346;228;117;28876;14785;14091;21994;11560;10435;6882;3226;3657
5302;25 tot 30 jaar;2012;51629.0;30071.0;16724.0;3854.0;981.0;346;228;118;28824;14701;14123;22277;11740;10537;6547;2961;3586
5303;25 tot 30 jaar;2013;53071.0;30915.0;17240.0;3877.0;1038.0;346;228;118;28476;14478;13998;22761;11983;10777;5715;2495;3221
5304;25 tot 30 jaar;2014;54063.0;31610.0;17489.0;3867.0;1099.0;344;228;117;28208;14318;13890;23186;12190;10996;5022;2128;2895
5305;25 tot 30 jaar;2015;55105.0;32262.0;17844.0;3846.0;1156.0;345;227;117;28146;14303;13843;23600;12418;11181;4546;1885;2662
5306;25 tot 30 jaar;2016;55641.0;32578.0;18068.0;3792.0;1203.0;343;226;117;28122;14310;13812;23831;12538;11294;4291;1772;2518
5307;25 tot 30 jaar;2017;56095.0;32818.0;18284.0;3758.0;1235.0;340;224;117;28140;14341;13799;23946;12601;11344;4194;1740;2455
5308;25 tot 30 jaar;2018;56525.0;33019.0;18491.0;3747.0;1268.0;336;222;115;28166;14380;13786;23955;12613;11341;4211;1767;2445
5309;25 tot 30 jaar;2019;56846.0;33165.0;18622.0;3759.0;1299.0;333;219;115;28193;14420;13773;23936;12614;11321;4257;1806;2452
5310;25 tot 30 jaar;2020;56521.0;32947.0;18545.0;3714.0;1313.0;325;214;111;28192;14443;13749;23796;12549;11247;4396;1894;2502
5311;25 tot 30 jaar;2021;56019.0;32651.0;18408.0;3641.0;1323.0;318;209;109;28172;14451;13721;23646;12488;11158;4526;1963;2563
5312;25 tot 30 jaar;2022;55765.0;32516.0;18343.0;3573.0;1332.0;313;205;107;28121;14441;13680;23496;12415;11080;4625;2026;2600
5313;25 tot 30 jaar;2023;55717.0;32535.0;18336.0;3504.0;1342.0;309;203;106;28052;14416;13636;23380;12369;11012;4672;2047;2624
5314;25 tot 30 jaar;2024;55747.0;32593.0;18332.0;3472.0;1352.0;305;200;105;27983;14392;13591;23257;12317;10939;4726;2075;2652
5315;25 tot 30 jaar;2025;56358.0;32974.0;18530.0;3481.0;1374.0;304;199;104;27913;14369;13544;23205;12305;10901;4708;2064;2643
5316;25 tot 30 jaar;2026;57062.0;33373.0;18780.0;3513.0;1400.0;303;198;105;27838;14338;13500;23120;12270;10851;4718;2068;2649
5317;25 tot 30 jaar;2027;57546.0;33628.0;18962.0;3536.0;1418.0;301;196;105;27765;14311;13454;23028;12240;10788;4737;2071;2666
5318;25 tot 30 jaar;2028;57658.0;33673.0;19017.0;3542.0;1426.0;296;193;103;27698;14286;13412;22917;12196;10721;4781;2090;2691
5319;25 tot 30 jaar;2029;57476.0;33537.0;18972.0;3540.0;1426.0;290;189;101;27635;14260;13375;22773;12133;10642;4862;2127;2733
5320;25 tot 30 jaar;2030;56625.0;33030.0;18698.0;3491.0;1407.0;282;183;99;27589;14242;13347;22572;12042;10529;5017;2200;2818
5321;25 tot 30 jaar;2031;55805.0;32539.0;18434.0;3444.0;1387.0;275;178;96;27553;14228;13325;22389;11959;10431;5164;2269;2894
5322;25 tot 30 jaar;2032;54916.0;32017.0;18144.0;3390.0;1366.0;266;173;93;27528;14219;13309;22211;11873;10337;5317;2346;2972
5323;25 tot 30 jaar;2033;54038.0;31530.0;17841.0;3327.0;1340.0;259;168;91;27519;14216;13303;22064;11806;10258;5455;2410;3045
5324;25 tot 30 jaar;2034;53515.0;31251.0;17651.0;3288.0;1324.0;253;164;89;27524;14224;13300;21958;11762;10197;5566;2462;3103
5325;25 tot 30 jaar;2035;53306.0;31138.0;17577.0;3272.0;1318.0;249;162;88;27548;14240;13308;21883;11731;10152;5665;2509;3156
5326;25 tot 30 jaar;2036;53203.0;31078.0;17543.0;3265.0;1316.0;244;160;86;27572;14252;13320;21821;11708;10113;5751;2544;3207
5327;25 tot 30 jaar;2037;53226.0;31078.0;17559.0;3272.0;1318.0;241;156;85;27603;14270;13333;21788;11699;10086;5815;2571;3247
5328;25 tot 30 jaar;2038;53097.0;30999.0;17519.0;3265.0;1316.0;238;155;85;27625;14284;13341;21739;11679;10060;5886;2605;3281
5329;25 tot 30 jaar;2039;52875.0;30880.0;17438.0;3248.0;1309.0;233;150;82;27648;14300;13348;21698;11665;10035;5950;2635;3313
5330;25 tot 30 jaar;2040;52820.0;30856.0;17417.0;3241.0;1307.0;231;150;82;27664;14310;13354;21676;11656;10017;5988;2654;3337
5331;25 tot 30 jaar;2041;52886.0;30898.0;17435.0;3244.0;1308.0;227;147;82;27678;14321;13357;21668;11660;10009;6010;2661;3348
5332;25 tot 30 jaar;2042;53045.0;30995.0;17486.0;3253.0;1310.0;225;146;80;27681;14324;13357;21679;11671;10008;6002;2653;3349
5333;25 tot 30 jaar;2043;53261.0;31125.0;17555.0;3265.0;1316.0;224;143;79;27683;14323;13360;21693;11684;10007;5990;2639;3353
5334;25 tot 30 jaar;2044;53522.0;31280.0;17641.0;3281.0;1323.0;220;142;78;27673;14317;13356;21711;11701;10010;5962;2616;3346
5335;25 tot 30 jaar;2045;53814.0;31452.0;17736.0;3299.0;1328.0;220;142;78;27675;14318;13357;21732;11717;10016;5943;2601;3342
5336;25 tot 30 jaar;2046;54121.0;31630.0;17838.0;3316.0;1337.0;217;141;77;27680;14321;13359;21755;11734;10021;5925;2587;3338
5337;25 tot 30 jaar;2047;54421.0;31805.0;17936.0;3335.0;1345.0;215;139;77;27683;14323;13360;21778;11751;10027;5905;2572;3333
5338;25 tot 30 jaar;2048;54699.0;31965.0;18028.0;3353.0;1351.0;215;137;77;27688;14325;13363;21798;11766;10030;5890;2559;3333
5339;25 tot 30 jaar;2049;54948.0;32111.0;18113.0;3369.0;1357.0;212;137;76;27697;14328;13369;21814;11778;10035;5883;2550;3334
5340;25 tot 30 jaar;2050;55161.0;32232.0;18184.0;3383.0;1364.0;210;136;76;27700;14327;13373;21827;11791;10037;5873;2536;3336
5341;25 tot 30 jaar;2051;55346.0;32337.0;18245.0;3394.0;1368.0;209;134;73;27707;14333;13374;21837;11799;10038;5870;2534;3336
5342;25 tot 30 jaar;2052;55492.0;32420.0;18294.0;3405.0;1371.0;206;132;73;27713;14335;13378;21842;11805;10036;5871;2530;3342
5343;25 tot 30 jaar;2053;55604.0;32485.0;18332.0;3411.0;1375.0;205;131;73;27715;14335;13380;21843;11809;10032;5872;2526;3348
5344;25 tot 30 jaar;2054;55688.0;32532.0;18362.0;3417.0;1378.0;201;130;72;27722;14338;13384;21844;11813;10032;5878;2525;3353
5345;25 tot 30 jaar;2055;55743.0;32563.0;18380.0;3422.0;1379.0;200;128;72;27723;14339;13384;21841;11814;10026;5882;2525;3358
5346;25 tot 30 jaar;2056;55772.0;32577.0;18390.0;3424.0;1380.0;197;127;72;27729;14345;13384;21838;11817;10023;5891;2528;3361
5347;25 tot 30 jaar;2057;55763.0;32570.0;18390.0;3423.0;1381.0;195;125;69;27732;14342;13390;21828;11815;10014;5904;2527;3376
5348;25 tot 30 jaar;2058;55715.0;32541.0;18376.0;3421.0;1379.0;191;123;68;27731;14343;13388;21814;11808;10005;5917;2535;3383
5349;25 tot 30 jaar;2059;55627.0;32486.0;18347.0;3417.0;1377.0;189;120;67;27731;14345;13386;21797;11802;9995;5934;2543;3391
5350;30 tot 35 jaar;2010;68863.0;28147.0;28267.0;9596.0;2856.0;437;276;162;18859;10576;8283;15993;9135;6858;2866;1441;1425
5351;30 tot 35 jaar;2011;68957.0;28040.0;28383.0;9616.0;2919.0;433;273;160;19148;10722;8426;16348;9402;6946;2800;1320;1480
5352;30 tot 35 jaar;2012;68411.0;27487.0;28436.0;9500.0;2987.0;429;270;159;19161;10698;8463;16741;9693;7048;2420;1005;1415
5353;30 tot 35 jaar;2013;67870.0;27086.0;28296.0;9468.0;3020.0;421;266;155;18855;10489;8366;17190;9997;7193;1665;493;1173
5354;30 tot 35 jaar;2014;67779.0;26954.0;28385.0;9388.0;3054.0;417;262;153;18638;10355;8283;17715;10332;7385;923;23;898
5355;30 tot 35 jaar;2015;67888.0;27081.0;28419.0;9303.0;3085.0;411;258;151;18555;10317;8238;18074;10553;7521;481;-236;717
5356;30 tot 35 jaar;2016;68716.0;27532.0;28747.0;9299.0;3140.0;406;257;150;18545;10324;8221;18359;10710;7649;186;-386;572
5357;30 tot 35 jaar;2017;69845.0;27977.0;29285.0;9361.0;3224.0;405;257;150;18569;10352;8217;18524;10780;7743;45;-428;474
5358;30 tot 35 jaar;2018;71123.0;28466.0;29849.0;9492.0;3314.0;405;256;150;18607;10388;8219;18682;10850;7832;-75;-462;387
5359;30 tot 35 jaar;2019;72128.0;28846.0;30323.0;9568.0;3393.0;404;254;148;18658;10432;8226;18792;10888;7902;-134;-456;324
5360;30 tot 35 jaar;2020;73279.0;29335.0;30797.0;9673.0;3473.0;404;254;149;18690;10464;8226;18941;10969;7973;-251;-505;253
5361;30 tot 35 jaar;2021;74102.0;29676.0;31144.0;9749.0;3533.0;403;253;148;18711;10488;8223;19015;11011;8004;-304;-523;219
5362;30 tot 35 jaar;2022;74653.0;29826.0;31411.0;9823.0;3592.0;400;251;147;18693;10487;8206;19057;11041;8015;-364;-554;191
5363;30 tot 35 jaar;2023;75095.0;29931.0;31612.0;9902.0;3650.0;396;249;147;18662;10474;8188;19040;11042;8002;-378;-568;187
5364;30 tot 35 jaar;2024;75309.0;29986.0;31719.0;9907.0;3697.0;394;247;147;18630;10462;8168;19007;11033;7975;-377;-571;193
5365;30 tot 35 jaar;2025;74803.0;29774.0;31518.0;9800.0;3709.0;386;242;143;18600;10450;8150;18889;10973;7916;-289;-523;234
5366;30 tot 35 jaar;2026;74167.0;29525.0;31263.0;9665.0;3713.0;377;237;140;18579;10441;8138;18785;10928;7858;-206;-487;281
5367;30 tot 35 jaar;2027;73939.0;29469.0;31167.0;9580.0;3721.0;371;233;139;18546;10424;8122;18684;10874;7811;-138;-450;311
5368;30 tot 35 jaar;2028;74164.0;29640.0;31243.0;9535.0;3744.0;367;231;137;18519;10413;8106;18630;10853;7776;-111;-440;330
5369;30 tot 35 jaar;2029;74526.0;29844.0;31387.0;9529.0;3768.0;363;228;137;18497;10400;8097;18576;10830;7746;-79;-430;351
5370;30 tot 35 jaar;2030;75507.0;30273.0;31798.0;9613.0;3823.0;361;226;136;18489;10395;8094;18588;10844;7744;-99;-449;350
5371;30 tot 35 jaar;2031;76267.0;30530.0;32147.0;9712.0;3877.0;361;224;135;18485;10398;8087;18575;10841;7734;-90;-443;353
5372;30 tot 35 jaar;2032;76636.0;30615.0;32333.0;9777.0;3912.0;359;224;134;18475;10394;8081;18558;10842;7716;-83;-448;365
5373;30 tot 35 jaar;2033;76616.0;30567.0;32344.0;9785.0;3919.0;353;221;132;18487;10399;8088;18521;10827;7691;-34;-428;397
5374;30 tot 35 jaar;2034;76111.0;30308.0;32153.0;9745.0;3905.0;348;217;132;18500;10405;8095;18452;10793;7657;48;-388;438
5375;30 tot 35 jaar;2035;74920.0;29799.0;31665.0;9605.0;3851.0;338;211;128;18524;10418;8106;18341;10738;7603;183;-320;503
5376;30 tot 35 jaar;2036;73787.0;29327.0;31195.0;9469.0;3796.0;328;205;123;18555;10435;8120;18249;10692;7557;306;-257;563
5377;30 tot 35 jaar;2037;72659.0;28884.0;30711.0;9324.0;3737.0;319;199;120;18583;10456;8127;18158;10643;7514;425;-187;613
5378;30 tot 35 jaar;2038;71818.0;28611.0;30331.0;9192.0;3686.0;311;193;118;18613;10468;8145;18101;10616;7484;512;-148;661
5379;30 tot 35 jaar;2039;71439.0;28518.0;30147.0;9118.0;3655.0;303;189;115;18643;10486;8157;18072;10603;7468;571;-117;689
5380;30 tot 35 jaar;2040;71254.0;28454.0;30067.0;9088.0;3643.0;299;185;113;18665;10500;8165;18059;10598;7459;607;-98;706
5381;30 tot 35 jaar;2041;71110.0;28385.0;30014.0;9074.0;3637.0;295;182;111;18677;10502;8175;18051;10597;7453;626;-95;722
5382;30 tot 35 jaar;2042;71033.0;28331.0;29989.0;9075.0;3637.0;291;180;111;18703;10520;8183;18056;10606;7451;647;-86;732
5383;30 tot 35 jaar;2043;70864.0;28266.0;29916.0;9054.0;3629.0;286;177;108;18711;10521;8190;18045;10601;7444;666;-80;746
5384;30 tot 35 jaar;2044;70687.0;28216.0;29834.0;9021.0;3616.0;280;175;106;18711;10520;8191;18039;10599;7439;672;-79;752
5385;30 tot 35 jaar;2045;70696.0;28235.0;29831.0;9018.0;3614.0;277;171;106;18727;10528;8199;18040;10602;7438;687;-74;761
5386;30 tot 35 jaar;2046;70834.0;28300.0;29885.0;9030.0;3619.0;274;171;104;18733;10531;8202;18052;10608;7443;682;-77;759
5387;30 tot 35 jaar;2047;71075.0;28404.0;29984.0;9058.0;3630.0;270;168;103;18744;10537;8207;18075;10623;7451;670;-86;756
5388;30 tot 35 jaar;2048;71388.0;28536.0;30113.0;9096.0;3644.0;269;167;103;18755;10542;8213;18100;10638;7461;655;-96;752
5389;30 tot 35 jaar;2049;71749.0;28686.0;30263.0;9139.0;3662.0;267;164;102;18765;10546;8219;18129;10657;7473;636;-111;746
5390;30 tot 35 jaar;2050;72141.0;28845.0;30429.0;9188.0;3681.0;264;164;101;18774;10551;8223;18159;10674;7486;615;-123;737
5391;30 tot 35 jaar;2051;72534.0;28998.0;30594.0;9239.0;3701.0;262;163;99;18779;10555;8224;18192;10694;7498;587;-139;726
5392;30 tot 35 jaar;2052;72912.0;29148.0;30755.0;9288.0;3723.0;262;163;99;18785;10556;8229;18223;10712;7511;562;-156;718
5393;30 tot 35 jaar;2053;73259.0;29282.0;30903.0;9334.0;3740.0;258;159;98;18790;10560;8230;18251;10727;7523;539;-167;707
5394;30 tot 35 jaar;2054;73564.0;29400.0;31033.0;9374.0;3756.0;257;158;98;18794;10563;8231;18280;10746;7535;514;-183;696
5395;30 tot 35 jaar;2055;73822.0;29499.0;31143.0;9409.0;3771.0;254;158;98;18797;10563;8234;18302;10760;7544;495;-197;690
5396;30 tot 35 jaar;2056;74039.0;29579.0;31238.0;9439.0;3783.0;252;156;98;18802;10566;8236;18321;10768;7553;481;-202;683
5397;30 tot 35 jaar;2057;74210.0;29645.0;31311.0;9462.0;3792.0;249;154;94;18805;10569;8236;18337;10779;7559;468;-210;677
5398;30 tot 35 jaar;2058;74340.0;29693.0;31368.0;9479.0;3799.0;247;153;94;18808;10570;8238;18350;10786;7564;458;-216;674
5399;30 tot 35 jaar;2059;74434.0;29728.0;31408.0;9494.0;3804.0;243;150;93;18810;10573;8237;18358;10790;7569;452;-217;668
5400;35 tot 40 jaar;2010;36304.0;9520.0;15059.0;8161.0;3562.0;730;427;303;12881;7348;5533;11766;7003;4762;1115;345;771
5401;35 tot 40 jaar;2011;34752.0;8875.0;14542.0;7902.0;3432.0;686;402;285;13166;7495;5671;11593;6923;4673;1573;572;998
5402;35 tot 40 jaar;2012;33576.0;8456.0;14088.0;7667.0;3366.0;649;382;269;13202;7482;5720;11530;6912;4620;1672;570;1100
5403;35 tot 40 jaar;2013;33085.0;8298.0;13881.0;7536.0;3371.0;627;369;259;12911;7286;5625;11701;7033;4668;1210;254;957
5404;35 tot 40 jaar;2014;32795.0;8181.0;13766.0;7452.0;3398.0;611;360;252;12693;7143;5550;11945;7220;4724;748;-77;826
5405;35 tot 40 jaar;2015;32731.0;8068.0;13756.0;7430.0;3477.0;602;355;248;12603;7096;5507;12256;7431;4825;347;-335;683
5406;35 tot 40 jaar;2016;32566.0;7968.0;13721.0;7350.0;3526.0;596;351;245;12591;7098;5493;12523;7600;4922;68;-502;571
5407;35 tot 40 jaar;2017;32284.0;7866.0;13600.0;7269.0;3549.0;589;347;243;12610;7122;5488;12736;7735;5001;-126;-613;487
5408;35 tot 40 jaar;2018;31915.0;7787.0;13426.0;7136.0;3563.0;579;342;238;12665;7163;5502;12906;7842;5063;-241;-679;439
5409;35 tot 40 jaar;2019;31971.0;7800.0;13465.0;7117.0;3588.0;572;337;236;12722;7209;5513;13088;7949;5139;-366;-740;374
5410;35 tot 40 jaar;2020;32212.0;7851.0;13608.0;7126.0;3629.0;563;330;232;12769;7248;5521;13193;8005;5188;-424;-757;333
5411;35 tot 40 jaar;2021;32699.0;7924.0;13874.0;7215.0;3687.0;558;329;230;12797;7276;5521;13280;8052;5227;-483;-776;294
5412;35 tot 40 jaar;2022;33250.0;8056.0;14129.0;7306.0;3759.0;557;328;230;12808;7289;5519;13341;8084;5258;-533;-795;261
5413;35 tot 40 jaar;2023;33698.0;8151.0;14332.0;7389.0;3829.0;559;329;229;12799;7284;5515;13403;8115;5289;-604;-831;226
5414;35 tot 40 jaar;2024;34082.0;8233.0;14495.0;7467.0;3885.0;557;327;229;12791;7283;5508;13434;8129;5305;-643;-846;203
5415;35 tot 40 jaar;2025;34638.0;8370.0;14727.0;7588.0;3952.0;559;328;230;12786;7284;5502;13510;8178;5332;-724;-894;170
5416;35 tot 40 jaar;2026;35043.0;8465.0;14898.0;7678.0;4002.0;556;327;230;12779;7285;5494;13549;8208;5342;-770;-923;152
5417;35 tot 40 jaar;2027;35248.0;8513.0;14973.0;7718.0;4045.0;553;325;229;12773;7277;5496;13573;8230;5343;-800;-953;153
5418;35 tot 40 jaar;2028;35356.0;8532.0;15002.0;7738.0;4083.0;549;322;228;12765;7273;5492;13568;8235;5333;-803;-962;159
5419;35 tot 40 jaar;2029;35394.0;8545.0;15015.0;7724.0;4111.0;546;320;226;12765;7272;5493;13556;8237;5319;-791;-965;174
5420;35 tot 40 jaar;2030;35130.0;8478.0;14896.0;7652.0;4104.0;534;314;223;12766;7272;5494;13490;8203;5287;-724;-931;207
5421;35 tot 40 jaar;2031;34851.0;8411.0;14774.0;7576.0;4092.0;524;306;217;12768;7274;5494;13429;8175;5255;-661;-901;239
5422;35 tot 40 jaar;2032;34827.0;8410.0;14767.0;7556.0;4096.0;516;302;214;12776;7279;5497;13386;8150;5236;-610;-871;261
5423;35 tot 40 jaar;2033;35075.0;8475.0;14881.0;7597.0;4122.0;511;297;211;12794;7287;5507;13384;8154;5228;-590;-867;279
5424;35 tot 40 jaar;2034;35341.0;8533.0;15003.0;7649.0;4156.0;505;295;210;12807;7293;5514;13392;8168;5225;-585;-875;289
5425;35 tot 40 jaar;2035;35865.0;8661.0;15231.0;7756.0;4218.0;504;293;211;12841;7312;5529;13450;8209;5240;-609;-897;289
5426;35 tot 40 jaar;2036;36135.0;8719.0;15337.0;7815.0;4263.0;503;292;209;12877;7330;5547;13498;8243;5254;-621;-913;293
5427;35 tot 40 jaar;2037;36207.0;8734.0;15358.0;7831.0;4285.0;499;290;209;12898;7341;5557;13537;8277;5260;-639;-936;297
5428;35 tot 40 jaar;2038;36141.0;8718.0;15323.0;7815.0;4283.0;493;287;206;12919;7353;5566;13555;8293;5263;-636;-940;303
5429;35 tot 40 jaar;2039;35810.0;8637.0;15175.0;7745.0;4255.0;485;281;203;12950;7369;5581;13537;8284;5253;-587;-915;328
5430;35 tot 40 jaar;2040;35208.0;8489.0;14914.0;7615.0;4189.0;471;274;197;12973;7385;5588;13479;8253;5227;-506;-868;361
5431;35 tot 40 jaar;2041;34668.0;8360.0;14683.0;7497.0;4126.0;458;267;192;12993;7397;5596;13429;8225;5205;-436;-828;391
5432;35 tot 40 jaar;2042;34169.0;8242.0;14472.0;7388.0;4067.0;446;258;187;13016;7408;5608;13375;8192;5184;-359;-784;424
5433;35 tot 40 jaar;2043;33899.0;8180.0;14366.0;7326.0;4023.0;434;251;183;13028;7414;5614;13342;8174;5167;-314;-760;447
5434;35 tot 40 jaar;2044;33825.0;8165.0;14347.0;7311.0;4005.0;425;247;177;13043;7422;5621;13335;8172;5162;-292;-750;459
5435;35 tot 40 jaar;2045;33749.0;8143.0;14315.0;7296.0;3995.0;418;242;175;13049;7426;5623;13338;8174;5163;-289;-748;460
5436;35 tot 40 jaar;2046;33661.0;8119.0;14276.0;7277.0;3987.0;411;239;171;13062;7431;5631;13339;8178;5161;-277;-747;470
5437;35 tot 40 jaar;2047;33592.0;8105.0;14243.0;7262.0;3982.0;406;236;171;13071;7438;5633;13354;8187;5166;-283;-749;467
5438;35 tot 40 jaar;2048;33524.0;8090.0;14215.0;7246.0;3974.0;400;232;167;13082;7444;5638;13351;8185;5165;-269;-741;473
5439;35 tot 40 jaar;2049;33480.0;8080.0;14200.0;7237.0;3966.0;394;229;164;13092;7448;5644;13350;8185;5165;-258;-737;479
5440;35 tot 40 jaar;2050;33511.0;8088.0;14215.0;7242.0;3966.0;388;224;163;13102;7455;5647;13353;8188;5166;-251;-733;481
5441;35 tot 40 jaar;2051;33594.0;8108.0;14252.0;7261.0;3974.0;384;223;162;13110;7461;5649;13369;8197;5171;-259;-736;478
5442;35 tot 40 jaar;2052;33720.0;8139.0;14305.0;7288.0;3988.0;380;221;160;13122;7467;5655;13390;8211;5178;-268;-744;477
5443;35 tot 40 jaar;2053;33878.0;8178.0;14373.0;7322.0;4005.0;377;218;158;13129;7470;5659;13412;8226;5188;-283;-756;471
5444;35 tot 40 jaar;2054;34056.0;8220.0;14450.0;7360.0;4026.0;374;218;157;13140;7477;5663;13438;8243;5195;-298;-766;468
5445;35 tot 40 jaar;2055;34241.0;8264.0;14530.0;7400.0;4048.0;371;215;156;13143;7479;5664;13467;8260;5208;-324;-781;456
5446;35 tot 40 jaar;2056;34420.0;8307.0;14605.0;7438.0;4069.0;369;214;156;13151;7482;5669;13495;8277;5217;-344;-795;452
5447;35 tot 40 jaar;2057;34591.0;8349.0;14676.0;7476.0;4090.0;365;213;154;13155;7486;5669;13523;8295;5228;-368;-809;441
5448;35 tot 40 jaar;2058;34745.0;8386.0;14742.0;7509.0;4108.0;363;211;151;13157;7487;5670;13549;8310;5239;-392;-823;431
5449;35 tot 40 jaar;2059;34879.0;8417.0;14798.0;7539.0;4125.0;360;208;151;13159;7488;5671;13574;8327;5248;-415;-839;423
5450;40 tot 45 jaar;2010;7233.0;1743.0;2594.0;1528.0;1367.0;1370;773;597;9209;5414;3795;9337;5853;3483;-128;-439;312
5451;40 tot 45 jaar;2011;7330.0;1713.0;2600.0;1606.0;1411.0;1347;758;587;9452;5553;3899;9294;5790;3503;158;-237;396
5452;40 tot 45 jaar;2012;7041.0;1702.0;2480.0;1493.0;1365.0;1316;739;574;9490;5551;3939;9261;5745;3515;229;-194;424
5453;40 tot 45 jaar;2013;6659.0;1637.0;2317.0;1382.0;1325.0;1268;713;554;9251;5388;3863;9192;5692;3501;59;-304;362
5454;40 tot 45 jaar;2014;6377.0;1559.0;2262.0;1289.0;1267.0;1195;672;523;9058;5255;3803;9150;5653;3496;-92;-398;307
5455;40 tot 45 jaar;2015;6014.0;1471.0;2116.0;1230.0;1196.0;1120;629;491;8973;5214;3759;9059;5597;3464;-86;-383;295
5456;40 tot 45 jaar;2016;5822.0;1429.0;2019.0;1200.0;1176.0;1056;592;462;8964;5218;3746;8982;5545;3435;-18;-327;311
5457;40 tot 45 jaar;2017;5609.0;1403.0;1905.0;1118.0;1184.0;1000;562;438;8977;5232;3745;8904;5489;3415;73;-257;330
5458;40 tot 45 jaar;2018;5556.0;1398.0;1884.0;1081.0;1192.0;965;543;423;9020;5270;3750;8926;5497;3428;94;-227;322
5459;40 tot 45 jaar;2019;5478.0;1392.0;1831.0;1045.0;1210.0;941;529;413;9062;5309;3753;8965;5525;3439;97;-216;314
5460;40 tot 45 jaar;2020;5479.0;1407.0;1809.0;1037.0;1228.0;930;524;408;9110;5348;3762;9068;5588;3480;42;-240;282
5461;40 tot 45 jaar;2021;5465.0;1416.0;1792.0;1012.0;1244.0;920;516;404;9133;5370;3763;9167;5648;3519;-34;-278;244
5462;40 tot 45 jaar;2022;5383.0;1402.0;1745.0;991.0;1245.0;909;510;399;9149;5388;3761;9262;5709;3553;-113;-321;208
5463;40 tot 45 jaar;2023;5320.0;1389.0;1713.0;976.0;1240.0;895;503;394;9141;5383;3758;9327;5753;3574;-186;-370;184
5464;40 tot 45 jaar;2024;5365.0;1395.0;1731.0;989.0;1251.0;886;496;389;9142;5389;3753;9404;5800;3604;-262;-411;149
5465;40 tot 45 jaar;2025;5454.0;1411.0;1770.0;1006.0;1267.0;872;488;383;9138;5392;3746;9438;5820;3617;-300;-428;129
5466;40 tot 45 jaar;2026;5567.0;1436.0;1815.0;1021.0;1294.0;864;484;380;9126;5388;3738;9481;5846;3636;-355;-458;102
5467;40 tot 45 jaar;2027;5629.0;1454.0;1830.0;1031.0;1314.0;864;484;379;9128;5393;3735;9521;5870;3650;-393;-477;85
5468;40 tot 45 jaar;2028;5667.0;1466.0;1836.0;1040.0;1326.0;867;485;380;9124;5390;3734;9558;5894;3664;-434;-504;70
5469;40 tot 45 jaar;2029;5722.0;1479.0;1854.0;1050.0;1338.0;865;484;381;9132;5399;3733;9585;5912;3674;-453;-513;59
5470;40 tot 45 jaar;2030;5833.0;1507.0;1894.0;1071.0;1361.0;867;484;383;9133;5397;3736;9638;5947;3691;-505;-550;45
5471;40 tot 45 jaar;2031;5905.0;1526.0;1918.0;1084.0;1379.0;864;483;381;9134;5401;3733;9676;5976;3701;-542;-575;32
5472;40 tot 45 jaar;2032;5920.0;1528.0;1917.0;1083.0;1389.0;859;480;379;9148;5411;3737;9706;5999;3709;-558;-588;28
5473;40 tot 45 jaar;2033;5916.0;1526.0;1913.0;1082.0;1395.0;856;477;378;9155;5413;3742;9718;6009;3708;-563;-596;34
5474;40 tot 45 jaar;2034;5918.0;1526.0;1912.0;1081.0;1398.0;848;474;374;9169;5423;3746;9734;6026;3708;-565;-603;38
5475;40 tot 45 jaar;2035;5866.0;1513.0;1895.0;1071.0;1389.0;832;465;369;9194;5436;3758;9708;6012;3697;-514;-576;61
5476;40 tot 45 jaar;2036;5819.0;1500.0;1878.0;1060.0;1382.0;817;455;361;9221;5454;3767;9685;6005;3680;-464;-551;87
5477;40 tot 45 jaar;2037;5835.0;1502.0;1884.0;1063.0;1385.0;802;448;355;9246;5466;3780;9683;6006;3678;-437;-540;102
5478;40 tot 45 jaar;2038;5907.0;1522.0;1909.0;1077.0;1399.0;793;442;351;9261;5476;3785;9710;6028;3682;-449;-552;103
5479;40 tot 45 jaar;2039;5968.0;1535.0;1927.0;1090.0;1414.0;785;437;346;9282;5486;3796;9738;6050;3688;-456;-564;108
5480;40 tot 45 jaar;2040;6066.0;1562.0;1962.0;1109.0;1438.0;784;437;345;9308;5508;3800;9801;6094;3707;-493;-586;93
5481;40 tot 45 jaar;2041;6090.0;1568.0;1968.0;1110.0;1446.0;780;435;344;9320;5516;3804;9854;6129;3724;-534;-613;80
5482;40 tot 45 jaar;2042;6077.0;1563.0;1960.0;1106.0;1446.0;777;433;343;9332;5520;3812;9894;6157;3735;-562;-637;78
5483;40 tot 45 jaar;2043;6053.0;1558.0;1952.0;1102.0;1443.0;768;426;340;9343;5528;3815;9913;6173;3740;-570;-645;75
5484;40 tot 45 jaar;2044;5976.0;1538.0;1925.0;1086.0;1425.0;754;420;334;9366;5543;3823;9907;6173;3736;-541;-630;87
5485;40 tot 45 jaar;2045;5861.0;1509.0;1888.0;1063.0;1401.0;733;409;325;9378;5551;3827;9869;6150;3719;-491;-599;108
5486;40 tot 45 jaar;2046;5770.0;1485.0;1857.0;1048.0;1379.0;717;399;315;9392;5559;3833;9835;6129;3704;-443;-570;129
5487;40 tot 45 jaar;2047;5695.0;1466.0;1834.0;1036.0;1360.0;695;388;308;9402;5564;3838;9795;6105;3690;-393;-541;148
5488;40 tot 45 jaar;2048;5677.0;1461.0;1832.0;1032.0;1353.0;678;378;300;9409;5568;3841;9774;6093;3681;-365;-525;160
5489;40 tot 45 jaar;2049;5687.0;1464.0;1836.0;1036.0;1352.0;663;370;293;9419;5573;3846;9766;6090;3676;-347;-517;170
5490;40 tot 45 jaar;2050;5672.0;1461.0;1830.0;1033.0;1351.0;653;364;288;9430;5580;3850;9773;6094;3677;-343;-514;173
5491;40 tot 45 jaar;2051;5651.0;1454.0;1822.0;1030.0;1345.0;642;358;284;9437;5585;3852;9776;6098;3678;-339;-513;174
5492;40 tot 45 jaar;2052;5635.0;1450.0;1817.0;1025.0;1341.0;634;355;281;9450;5593;3857;9785;6106;3680;-335;-513;178
5493;40 tot 45 jaar;2053;5626.0;1448.0;1815.0;1024.0;1340.0;626;349;275;9456;5595;3861;9785;6105;3680;-329;-510;181
5494;40 tot 45 jaar;2054;5627.0;1448.0;1817.0;1024.0;1339.0;615;344;273;9467;5602;3865;9785;6105;3680;-318;-503;185
5495;40 tot 45 jaar;2055;5638.0;1451.0;1820.0;1028.0;1341.0;608;339;267;9471;5605;3866;9790;6108;3681;-319;-503;185
5496;40 tot 45 jaar;2056;5655.0;1456.0;1825.0;1031.0;1345.0;600;335;264;9474;5609;3865;9800;6116;3685;-326;-507;180
5497;40 tot 45 jaar;2057;5680.0;1462.0;1833.0;1035.0;1350.0;594;332;262;9478;5608;3870;9818;6126;3691;-340;-518;179
5498;40 tot 45 jaar;2058;5707.0;1469.0;1842.0;1040.0;1357.0;588;329;259;9475;5606;3869;9835;6138;3696;-360;-532;173
5499;40 tot 45 jaar;2059;5740.0;1477.0;1854.0;1046.0;1364.0;585;328;258;9479;5608;3871;9853;6151;3704;-374;-543;167
5500;45 tot 50 jaar;2010;262.0;71.0;55.0;48.0;85.0;2336;1284;1053;6314;3741;2573;7124;4585;2541;-810;-844;32
5501;45 tot 50 jaar;2011;267.0;75.0;54.0;49.0;87.0;2306;1270;1038;6504;3857;2647;7160;4611;2549;-656;-754;98
5502;45 tot 50 jaar;2012;259.0;72.0;50.0;45.0;89.0;2273;1254;1018;6545;3871;2674;7187;4628;2560;-642;-757;114
5503;45 tot 50 jaar;2013;261.0;75.0;53.0;47.0;86.0;2233;1233;999;6368;3745;2623;7273;4678;2595;-905;-933;28
5504;45 tot 50 jaar;2014;266.0;77.0;55.0;48.0;89.0;2196;1213;982;6249;3668;2581;7396;4759;2637;-1147;-1091;-56
5505;45 tot 50 jaar;2015;261.0;76.0;50.0;46.0;88.0;2162;1193;970;6184;3626;2558;7503;4816;2687;-1319;-1190;-129
5506;45 tot 50 jaar;2016;259.0;76.0;50.0;43.0;90.0;2126;1173;955;6171;3622;2549;7545;4815;2731;-1374;-1193;-182
5507;45 tot 50 jaar;2017;246.0;73.0;47.0;42.0;82.0;2077;1142;936;6188;3640;2548;7525;4773;2752;-1337;-1133;-204
5508;45 tot 50 jaar;2018;237.0;69.0;45.0;42.0;81.0;2003;1099;905;6215;3665;2550;7417;4684;2734;-1202;-1019;-184
5509;45 tot 50 jaar;2019;223.0;67.0;42.0;38.0;76.0;1892;1034;856;6251;3694;2557;7281;4572;2709;-1030;-878;-152
5510;45 tot 50 jaar;2020;214.0;63.0;40.0;37.0;72.0;1774;970;807;6280;3720;2560;7129;4462;2668;-849;-742;-108
5511;45 tot 50 jaar;2021;207.0;63.0;39.0;36.0;71.0;1675;914;761;6304;3743;2561;7011;4379;2631;-707;-636;-70
5512;45 tot 50 jaar;2022;202.0;60.0;38.0;34.0;69.0;1589;868;722;6313;3755;2558;6928;4324;2601;-615;-569;-43
5513;45 tot 50 jaar;2023;202.0;59.0;39.0;35.0;70.0;1539;839;698;6312;3759;2553;6914;4312;2602;-602;-553;-49
5514;45 tot 50 jaar;2024;201.0;59.0;38.0;34.0;71.0;1499;818;680;6313;3762;2551;6916;4316;2601;-603;-554;-50
5515;45 tot 50 jaar;2025;203.0;60.0;38.0;35.0;71.0;1483;810;673;6308;3764;2544;6966;4346;2620;-658;-582;-76
5516;45 tot 50 jaar;2026;204.0;59.0;38.0;35.0;72.0;1466;799;668;6305;3761;2544;7019;4376;2644;-714;-615;-100
5517;45 tot 50 jaar;2027;202.0;61.0;37.0;34.0;71.0;1451;791;660;6308;3766;2542;7064;4402;2661;-756;-636;-119
5518;45 tot 50 jaar;2028;199.0;60.0;37.0;34.0;70.0;1429;778;650;6301;3763;2538;7090;4419;2672;-789;-656;-134
5519;45 tot 50 jaar;2029;201.0;59.0;38.0;34.0;70.0;1414;771;643;6309;3768;2541;7128;4439;2689;-819;-671;-148
5520;45 tot 50 jaar;2030;203.0;61.0;38.0;35.0;72.0;1391;758;634;6308;3770;2538;7149;4449;2701;-841;-679;-163
5521;45 tot 50 jaar;2031;207.0;60.0;38.0;35.0;73.0;1380;752;628;6316;3780;2536;7180;4463;2716;-864;-683;-180
5522;45 tot 50 jaar;2032;210.0;61.0;38.0;35.0;73.0;1380;752;628;6321;3781;2540;7214;4486;2730;-893;-705;-190
5523;45 tot 50 jaar;2033;210.0;62.0;39.0;35.0;74.0;1383;753;629;6328;3782;2546;7252;4505;2746;-924;-723;-200
5524;45 tot 50 jaar;2034;213.0;64.0;40.0;37.0;75.0;1381;753;630;6344;3795;2549;7283;4523;2759;-939;-728;-210
5525;45 tot 50 jaar;2035;219.0;65.0;40.0;37.0;76.0;1384;754;631;6362;3806;2556;7333;4555;2778;-971;-749;-222
5526;45 tot 50 jaar;2036;220.0;66.0;40.0;38.0;76.0;1380;752;628;6377;3816;2561;7373;4581;2793;-996;-765;-232
5527;45 tot 50 jaar;2037;221.0;65.0;40.0;38.0;77.0;1371;747;625;6391;3829;2562;7403;4601;2804;-1012;-772;-242
5528;45 tot 50 jaar;2038;220.0;65.0;40.0;38.0;76.0;1364;743;622;6412;3839;2573;7426;4614;2810;-1014;-775;-237
5529;45 tot 50 jaar;2039;219.0;65.0;40.0;38.0;76.0;1354;738;617;6422;3845;2577;7446;4628;2816;-1024;-783;-239
5530;45 tot 50 jaar;2040;217.0;65.0;40.0;38.0;75.0;1330;724;604;6444;3861;2583;7434;4623;2812;-990;-762;-229
5531;45 tot 50 jaar;2041;215.0;64.0;40.0;37.0;76.0;1303;710;593;6456;3870;2586;7426;4619;2807;-970;-749;-221
5532;45 tot 50 jaar;2042;216.0;64.0;40.0;38.0;75.0;1282;699;582;6475;3882;2593;7429;4623;2809;-954;-741;-216
5533;45 tot 50 jaar;2043;219.0;66.0;40.0;38.0;76.0;1266;692;576;6488;3890;2598;7458;4641;2816;-970;-751;-218
5534;45 tot 50 jaar;2044;222.0;66.0;40.0;38.0;77.0;1253;684;569;6501;3898;2603;7485;4660;2824;-984;-762;-221
5535;45 tot 50 jaar;2045;225.0;67.0;41.0;39.0;79.0;1250;683;567;6505;3900;2605;7536;4692;2842;-1031;-792;-237
5536;45 tot 50 jaar;2046;225.0;66.0;41.0;38.0;79.0;1246;680;566;6515;3907;2608;7578;4719;2858;-1063;-812;-250
5537;45 tot 50 jaar;2047;224.0;66.0;40.0;38.0;78.0;1241;678;562;6524;3912;2612;7612;4743;2870;-1088;-831;-258
5538;45 tot 50 jaar;2048;224.0;66.0;40.0;38.0;79.0;1227;671;556;6532;3917;2615;7625;4750;2875;-1093;-833;-260
5539;45 tot 50 jaar;2049;222.0;65.0;40.0;38.0;78.0;1205;659;548;6542;3922;2620;7625;4748;2876;-1083;-826;-256
5540;45 tot 50 jaar;2050;216.0;64.0;39.0;37.0;75.0;1175;641;532;6547;3928;2619;7599;4731;2868;-1052;-803;-249
5541;45 tot 50 jaar;2051;213.0;63.0;39.0;37.0;74.0;1145;627;519;6549;3929;2620;7575;4717;2858;-1026;-788;-238
5542;45 tot 50 jaar;2052;211.0;63.0;38.0;36.0;73.0;1113;609;504;6557;3934;2623;7548;4697;2851;-991;-763;-228
5543;45 tot 50 jaar;2053;211.0;63.0;38.0;36.0;73.0;1085;595;492;6561;3935;2626;7532;4689;2843;-971;-754;-217
5544;45 tot 50 jaar;2054;211.0;63.0;38.0;35.0;73.0;1063;582;480;6569;3941;2628;7531;4688;2845;-962;-747;-217
5545;45 tot 50 jaar;2055;210.0;63.0;39.0;35.0;74.0;1046;575;472;6575;3945;2630;7538;4691;2846;-963;-746;-216
5546;45 tot 50 jaar;2056;210.0;63.0;38.0;35.0;73.0;1030;566;466;6576;3943;2633;7544;4694;2848;-968;-751;-215
5547;45 tot 50 jaar;2057;209.0;63.0;38.0;35.0;72.0;1018;559;459;6582;3948;2634;7553;4701;2852;-971;-753;-218
5548;45 tot 50 jaar;2058;209.0;63.0;38.0;35.0;73.0;1003;551;452;6585;3951;2634;7555;4701;2854;-970;-750;-220
5549;45 tot 50 jaar;2059;209.0;63.0;38.0;35.0;73.0;987;542;444;6587;3952;2635;7558;4701;2856;-971;-749;-221
5550;50 tot 55 jaar;2010;;;;;;3688;2050;1640;3993;2389;1604;5116;3257;1860;-1123;-868;-256
5551;50 tot 55 jaar;2011;;;;;;3687;2044;1642;4123;2477;1646;5190;3303;1886;-1067;-826;-240
5552;50 tot 55 jaar;2012;;;;;;3684;2042;1641;4163;2491;1672;5309;3387;1923;-1146;-896;-251
5553;50 tot 55 jaar;2013;;;;;;3678;2036;1640;4055;2408;1647;5469;3495;1973;-1414;-1087;-326
5554;50 tot 55 jaar;2014;;;;;;3663;2028;1635;3965;2340;1625;5683;3644;2039;-1718;-1304;-414
5555;50 tot 55 jaar;2015;;;;;;3637;2011;1627;3919;2318;1601;5819;3742;2078;-1900;-1424;-477
5556;50 tot 55 jaar;2016;;;;;;3580;1977;1605;3908;2316;1592;5913;3806;2108;-2005;-1490;-516
5557;50 tot 55 jaar;2017;;;;;;3516;1937;1579;3920;2329;1591;5943;3816;2128;-2023;-1487;-537
5558;50 tot 55 jaar;2018;;;;;;3443;1893;1551;3943;2349;1594;5974;3820;2155;-2031;-1471;-561
5559;50 tot 55 jaar;2019;;;;;;3383;1855;1530;3967;2369;1598;5995;3819;2175;-2028;-1450;-577
5560;50 tot 55 jaar;2020;;;;;;3331;1818;1509;3993;2391;1602;6023;3817;2207;-2030;-1426;-605
5561;50 tot 55 jaar;2021;;;;;;3269;1781;1489;4007;2404;1603;6019;3791;2227;-2012;-1387;-624
5562;50 tot 55 jaar;2022;;;;;;3193;1735;1459;4016;2412;1604;5999;3760;2240;-1983;-1348;-636
5563;50 tot 55 jaar;2023;;;;;;3075;1665;1409;4025;2420;1605;5913;3692;2223;-1888;-1272;-618
5564;50 tot 55 jaar;2024;;;;;;2905;1570;1336;4020;2420;1600;5800;3605;2194;-1780;-1185;-594
5565;50 tot 55 jaar;2025;;;;;;2731;1474;1256;4025;2426;1599;5670;3515;2153;-1645;-1089;-554
5566;50 tot 55 jaar;2026;;;;;;2579;1389;1189;4026;2426;1600;5566;3449;2117;-1540;-1023;-517
5567;50 tot 55 jaar;2027;;;;;;2451;1321;1129;4032;2432;1600;5495;3402;2092;-1463;-970;-492
5568;50 tot 55 jaar;2028;;;;;;2373;1280;1094;4034;2434;1600;5473;3386;2087;-1439;-952;-487
5569;50 tot 55 jaar;2029;;;;;;2316;1249;1067;4033;2436;1597;5467;3383;2086;-1434;-947;-489
5570;50 tot 55 jaar;2030;;;;;;2292;1237;1056;4037;2439;1598;5502;3402;2100;-1465;-963;-502
5571;50 tot 55 jaar;2031;;;;;;2269;1222;1047;4042;2444;1598;5539;3422;2119;-1497;-978;-521
5572;50 tot 55 jaar;2032;;;;;;2244;1209;1035;4048;2446;1602;5573;3438;2135;-1525;-992;-533
5573;50 tot 55 jaar;2033;;;;;;2212;1191;1020;4063;2456;1607;5595;3451;2144;-1532;-995;-537
5574;50 tot 55 jaar;2034;;;;;;2189;1180;1009;4070;2463;1607;5633;3470;2162;-1563;-1007;-555
5575;50 tot 55 jaar;2035;;;;;;2156;1164;994;4082;2465;1617;5656;3484;2172;-1574;-1019;-555
5576;50 tot 55 jaar;2036;;;;;;2139;1153;985;4096;2476;1620;5694;3504;2190;-1598;-1028;-570
5577;50 tot 55 jaar;2037;;;;;;2139;1154;984;4108;2484;1624;5736;3529;2207;-1628;-1045;-583
5578;50 tot 55 jaar;2038;;;;;;2142;1156;986;4122;2491;1631;5779;3554;2226;-1657;-1063;-595
5579;50 tot 55 jaar;2039;;;;;;2139;1155;985;4129;2498;1631;5818;3575;2240;-1689;-1077;-609
5580;50 tot 55 jaar;2040;;;;;;2142;1157;986;4146;2508;1638;5870;3606;2263;-1724;-1098;-625
5581;50 tot 55 jaar;2041;;;;;;2135;1154;982;4158;2516;1642;5913;3633;2280;-1755;-1117;-638
5582;50 tot 55 jaar;2042;;;;;;2123;1145;976;4164;2519;1645;5951;3655;2295;-1787;-1136;-650
5583;50 tot 55 jaar;2043;;;;;;2110;1140;971;4177;2530;1647;5977;3673;2306;-1800;-1143;-659
5584;50 tot 55 jaar;2044;;;;;;2094;1131;963;4184;2533;1651;6004;3687;2316;-1820;-1154;-665
5585;50 tot 55 jaar;2045;;;;;;2055;1110;946;4192;2536;1656;6004;3689;2316;-1812;-1153;-660
5586;50 tot 55 jaar;2046;;;;;;2016;1091;925;4201;2543;1658;6007;3693;2315;-1806;-1150;-657
5587;50 tot 55 jaar;2047;;;;;;1983;1072;912;4205;2545;1660;6018;3699;2319;-1813;-1154;-659
5588;50 tot 55 jaar;2048;;;;;;1962;1060;900;4209;2549;1660;6045;3714;2330;-1836;-1165;-670
5589;50 tot 55 jaar;2049;;;;;;1941;1049;892;4212;2553;1659;6074;3733;2342;-1862;-1180;-683
5590;50 tot 55 jaar;2050;;;;;;1938;1048;891;4219;2558;1661;6125;3764;2360;-1906;-1206;-699
5591;50 tot 55 jaar;2051;;;;;;1934;1045;889;4226;2561;1665;6168;3791;2379;-1942;-1230;-714
5592;50 tot 55 jaar;2052;;;;;;1925;1041;884;4231;2565;1666;6202;3811;2390;-1971;-1246;-724
5593;50 tot 55 jaar;2053;;;;;;1903;1031;874;4232;2565;1667;6221;3823;2398;-1989;-1258;-731
5594;50 tot 55 jaar;2054;;;;;;1873;1012;860;4236;2568;1668;6225;3825;2399;-1989;-1257;-731
5595;50 tot 55 jaar;2055;;;;;;1825;988;838;4237;2568;1669;6206;3814;2393;-1969;-1246;-724
5596;50 tot 55 jaar;2056;;;;;;1780;963;816;4240;2570;1670;6189;3804;2385;-1949;-1234;-715
5597;50 tot 55 jaar;2057;;;;;;1731;939;795;4241;2570;1671;6172;3791;2381;-1931;-1221;-710
5598;50 tot 55 jaar;2058;;;;;;1687;914;775;4241;2570;1671;6162;3785;2376;-1921;-1215;-705
5599;50 tot 55 jaar;2059;;;;;;1655;897;758;4241;2570;1671;6161;3784;2377;-1920;-1214;-706
5600;55 tot 60 jaar;2010;;;;;;5336;3094;2241;2590;1514;1076;3380;2073;1307;-790;-559;-231
5601;55 tot 60 jaar;2011;;;;;;5311;3069;2241;2696;1578;1118;3455;2117;1338;-759;-539;-220
5602;55 tot 60 jaar;2012;;;;;;5264;3034;2231;2733;1601;1132;3523;2156;1368;-790;-555;-236
5603;55 tot 60 jaar;2013;;;;;;5246;3017;2230;2638;1532;1106;3634;2229;1404;-996;-697;-298
5604;55 tot 60 jaar;2014;;;;;;5240;3004;2238;2576;1486;1090;3778;2330;1448;-1202;-844;-358
5605;55 tot 60 jaar;2015;;;;;;5236;2995;2241;2532;1462;1070;3946;2448;1499;-1414;-986;-429
5606;55 tot 60 jaar;2016;;;;;;5231;2982;2248;2521;1459;1062;4059;2522;1538;-1538;-1063;-476
5607;55 tot 60 jaar;2017;;;;;;5225;2971;2254;2540;1479;1061;4169;2594;1577;-1629;-1115;-516
5608;55 tot 60 jaar;2018;;;;;;5220;2962;2257;2558;1489;1069;4268;2655;1613;-1710;-1166;-544
5609;55 tot 60 jaar;2019;;;;;;5203;2947;2256;2577;1507;1070;4379;2724;1656;-1802;-1217;-586
5610;55 tot 60 jaar;2020;;;;;;5172;2926;2247;2604;1532;1072;4444;2765;1679;-1840;-1233;-607
5611;55 tot 60 jaar;2021;;;;;;5100;2883;2218;2627;1544;1083;4490;2794;1695;-1863;-1250;-612
5612;55 tot 60 jaar;2022;;;;;;5020;2836;2185;2631;1547;1084;4503;2799;1704;-1872;-1252;-620
5613;55 tot 60 jaar;2023;;;;;;4928;2778;2150;2646;1555;1091;4529;2808;1720;-1883;-1253;-629
5614;55 tot 60 jaar;2024;;;;;;4854;2732;2121;2645;1554;1091;4553;2816;1736;-1908;-1262;-645
5615;55 tot 60 jaar;2025;;;;;;4786;2690;2097;2644;1553;1091;4582;2825;1759;-1938;-1272;-668
5616;55 tot 60 jaar;2026;;;;;;4709;2641;2067;2649;1557;1092;4590;2816;1773;-1941;-1259;-681
5617;55 tot 60 jaar;2027;;;;;;4606;2579;2026;2649;1560;1089;4578;2799;1779;-1929;-1239;-690
5618;55 tot 60 jaar;2028;;;;;;4441;2485;1957;2659;1565;1094;4514;2751;1763;-1855;-1186;-669
5619;55 tot 60 jaar;2029;;;;;;4203;2348;1855;2667;1571;1096;4429;2688;1740;-1762;-1117;-644
5620;55 tot 60 jaar;2030;;;;;;3956;2208;1746;2677;1579;1098;4329;2622;1706;-1652;-1043;-608
5621;55 tot 60 jaar;2031;;;;;;3739;2088;1652;2673;1577;1096;4252;2573;1678;-1579;-996;-582
5622;55 tot 60 jaar;2032;;;;;;3558;1988;1570;2677;1581;1096;4196;2540;1656;-1519;-959;-560
5623;55 tot 60 jaar;2033;;;;;;3449;1928;1521;2685;1585;1100;4187;2534;1653;-1502;-949;-553
5624;55 tot 60 jaar;2034;;;;;;3366;1883;1484;2692;1590;1102;4189;2537;1652;-1497;-947;-550
5625;55 tot 60 jaar;2035;;;;;;3333;1865;1467;2706;1598;1108;4224;2556;1666;-1518;-958;-558
5626;55 tot 60 jaar;2036;;;;;;3299;1843;1455;2712;1600;1112;4259;2577;1682;-1547;-977;-570
5627;55 tot 60 jaar;2037;;;;;;3261;1823;1437;2723;1607;1116;4291;2596;1694;-1568;-989;-578
5628;55 tot 60 jaar;2038;;;;;;3211;1796;1414;2734;1612;1122;4315;2609;1706;-1581;-997;-584
5629;55 tot 60 jaar;2039;;;;;;3176;1777;1399;2745;1620;1125;4351;2629;1724;-1606;-1009;-599
5630;55 tot 60 jaar;2040;;;;;;3128;1749;1378;2750;1622;1128;4379;2646;1734;-1629;-1024;-606
5631;55 tot 60 jaar;2041;;;;;;3102;1736;1366;2761;1631;1130;4419;2670;1751;-1658;-1039;-621
5632;55 tot 60 jaar;2042;;;;;;3101;1737;1364;2767;1635;1132;4459;2693;1766;-1692;-1058;-634
5633;55 tot 60 jaar;2043;;;;;;3105;1740;1365;2781;1644;1137;4502;2720;1782;-1721;-1076;-645
5634;55 tot 60 jaar;2044;;;;;;3102;1739;1363;2787;1649;1138;4540;2743;1797;-1753;-1094;-659
5635;55 tot 60 jaar;2045;;;;;;3106;1743;1365;2793;1654;1139;4589;2775;1815;-1796;-1121;-676
5636;55 tot 60 jaar;2046;;;;;;3098;1738;1359;2800;1658;1142;4631;2801;1830;-1831;-1143;-688
5637;55 tot 60 jaar;2047;;;;;;3080;1727;1353;2804;1662;1142;4668;2825;1843;-1864;-1163;-701
5638;55 tot 60 jaar;2048;;;;;;3064;1719;1345;2805;1661;1144;4698;2845;1852;-1893;-1184;-708
5639;55 tot 60 jaar;2049;;;;;;3044;1710;1335;2810;1666;1144;4723;2862;1862;-1913;-1196;-718
5640;55 tot 60 jaar;2050;;;;;;2991;1680;1312;2814;1670;1144;4729;2865;1863;-1915;-1195;-719
5641;55 tot 60 jaar;2051;;;;;;2936;1651;1286;2817;1673;1144;4735;2872;1863;-1918;-1199;-719
5642;55 tot 60 jaar;2052;;;;;;2892;1625;1266;2817;1673;1144;4749;2880;1869;-1932;-1207;-725
5643;55 tot 60 jaar;2053;;;;;;2863;1610;1252;2823;1675;1148;4778;2898;1879;-1955;-1223;-731
5644;55 tot 60 jaar;2054;;;;;;2837;1595;1240;2827;1676;1151;4809;2920;1888;-1982;-1244;-737
5645;55 tot 60 jaar;2055;;;;;;2832;1594;1239;2830;1679;1151;4853;2950;1906;-2023;-1271;-755
5646;55 tot 60 jaar;2056;;;;;;2825;1588;1237;2830;1679;1151;4890;2972;1919;-2060;-1293;-768
5647;55 tot 60 jaar;2057;;;;;;2813;1584;1229;2831;1678;1153;4922;2995;1929;-2091;-1317;-776
5648;55 tot 60 jaar;2058;;;;;;2783;1567;1216;2833;1681;1152;4942;3007;1936;-2109;-1326;-784
5649;55 tot 60 jaar;2059;;;;;;2738;1542;1196;2838;1684;1154;4947;3010;1938;-2109;-1326;-784
5650;60 tot 65 jaar;2010;;;;;;8642;5204;3439;1714;1006;708;2716;1642;1074;-1002;-636;-366
5651;60 tot 65 jaar;2011;;;;;;8220;4930;3289;1808;1064;744;2664;1595;1069;-856;-531;-325
5652;60 tot 65 jaar;2012;;;;;;7909;4733;3178;1836;1078;758;2662;1591;1071;-826;-513;-313
5653;60 tot 65 jaar;2013;;;;;;7702;4590;3112;1740;1018;722;2701;1615;1087;-961;-597;-365
5654;60 tot 65 jaar;2014;;;;;;7575;4497;3077;1685;982;703;2780;1666;1113;-1095;-684;-410
5655;60 tot 65 jaar;2015;;;;;;7497;4431;3065;1651;958;693;2854;1716;1139;-1203;-758;-446
5656;60 tot 65 jaar;2016;;;;;;7467;4395;3070;1649;955;694;2946;1769;1176;-1297;-814;-482
5657;60 tot 65 jaar;2017;;;;;;7408;4345;3065;1662;968;694;2998;1793;1203;-1336;-825;-509
5658;60 tot 65 jaar;2018;;;;;;7392;4321;3071;1677;981;696;3067;1833;1233;-1390;-852;-537
5659;60 tot 65 jaar;2019;;;;;;7399;4311;3087;1699;997;702;3129;1871;1259;-1430;-874;-557
5660;60 tot 65 jaar;2020;;;;;;7409;4311;3099;1725;1018;707;3218;1926;1293;-1493;-908;-586
5661;60 tot 65 jaar;2021;;;;;;7426;4312;3114;1744;1033;711;3277;1961;1315;-1533;-928;-604
5662;60 tot 65 jaar;2022;;;;;;7439;4314;3125;1753;1039;714;3349;2006;1343;-1596;-967;-629
5663;60 tot 65 jaar;2023;;;;;;7454;4322;3132;1760;1045;715;3414;2046;1368;-1654;-1001;-653
5664;60 tot 65 jaar;2024;;;;;;7454;4322;3131;1764;1049;715;3488;2090;1398;-1724;-1041;-683
5665;60 tot 65 jaar;2025;;;;;;7429;4311;3120;1764;1049;715;3524;2115;1411;-1760;-1066;-696
5666;60 tot 65 jaar;2026;;;;;;7348;4266;3082;1771;1051;720;3553;2129;1426;-1782;-1078;-706
5667;60 tot 65 jaar;2027;;;;;;7249;4212;3038;1778;1053;725;3560;2129;1432;-1782;-1076;-707
5668;60 tot 65 jaar;2028;;;;;;7130;4140;2990;1786;1060;726;3570;2129;1442;-1784;-1069;-716
5669;60 tot 65 jaar;2029;;;;;;7037;4085;2951;1789;1062;727;3580;2133;1447;-1791;-1071;-720
5670;60 tot 65 jaar;2030;;;;;;6951;4031;2917;1796;1066;730;3592;2133;1459;-1796;-1067;-729
5671;60 tot 65 jaar;2031;;;;;;6847;3970;2876;1796;1065;731;3590;2122;1469;-1794;-1057;-738
5672;60 tot 65 jaar;2032;;;;;;6703;3885;2819;1803;1069;734;3581;2103;1478;-1778;-1034;-744
5673;60 tot 65 jaar;2033;;;;;;6472;3748;2722;1814;1078;736;3526;2061;1465;-1712;-983;-729
5674;60 tot 65 jaar;2034;;;;;;6125;3545;2579;1820;1083;737;3454;2006;1446;-1634;-923;-709
5675;60 tot 65 jaar;2035;;;;;;5766;3337;2429;1829;1088;741;3367;1948;1420;-1538;-860;-679
5676;60 tot 65 jaar;2036;;;;;;5450;3155;2295;1837;1093;744;3305;1906;1400;-1468;-813;-656
5677;60 tot 65 jaar;2037;;;;;;5183;3003;2181;1839;1093;746;3253;1873;1380;-1414;-780;-634
5678;60 tot 65 jaar;2038;;;;;;5023;2910;2112;1848;1098;750;3244;1867;1376;-1396;-769;-626
5679;60 tot 65 jaar;2039;;;;;;4900;2841;2059;1854;1104;750;3242;1864;1379;-1388;-760;-629
5680;60 tot 65 jaar;2040;;;;;;4850;2812;2037;1863;1109;754;3266;1878;1389;-1403;-769;-635
5681;60 tot 65 jaar;2041;;;;;;4796;2778;2018;1867;1112;755;3292;1890;1401;-1425;-778;-646
5682;60 tot 65 jaar;2042;;;;;;4739;2747;1993;1879;1120;759;3316;1903;1413;-1437;-783;-654
5683;60 tot 65 jaar;2043;;;;;;4667;2706;1961;1882;1122;760;3336;1911;1422;-1454;-789;-662
5684;60 tot 65 jaar;2044;;;;;;4618;2677;1939;1884;1124;760;3364;1925;1438;-1480;-801;-678
5685;60 tot 65 jaar;2045;;;;;;4548;2638;1910;1892;1132;760;3386;1937;1449;-1494;-805;-689
5686;60 tot 65 jaar;2046;;;;;;4515;2621;1894;1894;1133;761;3415;1952;1462;-1521;-819;-701
5687;60 tot 65 jaar;2047;;;;;;4517;2623;1891;1900;1135;765;3448;1973;1476;-1548;-838;-711
5688;60 tot 65 jaar;2048;;;;;;4528;2632;1894;1905;1138;767;3480;1991;1489;-1575;-853;-722
5689;60 tot 65 jaar;2049;;;;;;4527;2635;1895;1907;1140;767;3509;2007;1501;-1602;-867;-734
5690;60 tot 65 jaar;2050;;;;;;4543;2646;1897;1912;1144;768;3545;2032;1514;-1633;-888;-746
5691;60 tot 65 jaar;2051;;;;;;4536;2645;1891;1916;1147;769;3575;2050;1526;-1659;-903;-757
5692;60 tot 65 jaar;2052;;;;;;4516;2634;1883;1918;1148;770;3603;2065;1538;-1685;-917;-768
5693;60 tot 65 jaar;2053;;;;;;4498;2624;1874;1922;1151;771;3623;2076;1546;-1701;-925;-775
5694;60 tot 65 jaar;2054;;;;;;4470;2612;1860;1923;1151;772;3641;2088;1554;-1718;-937;-782
5695;60 tot 65 jaar;2055;;;;;;4396;2568;1827;1926;1154;772;3643;2087;1556;-1717;-933;-784
5696;60 tot 65 jaar;2056;;;;;;4319;2526;1793;1929;1155;774;3646;2092;1557;-1717;-937;-783
5697;60 tot 65 jaar;2057;;;;;;4254;2487;1766;1932;1158;774;3655;2096;1560;-1723;-938;-786
5698;60 tot 65 jaar;2058;;;;;;4213;2466;1748;1933;1159;774;3674;2107;1569;-1741;-948;-795
5699;60 tot 65 jaar;2059;;;;;;4174;2445;1730;1933;1158;775;3694;2119;1576;-1761;-961;-801
5700;65 tot 70 jaar;2010;;;;;;9623;5943;3681;1000;554;446;1819;1109;710;-819;-555;-264
5701;65 tot 70 jaar;2011;;;;;;10355;6381;3973;1053;589;464;1963;1193;769;-910;-604;-305
5702;65 tot 70 jaar;2012;;;;;;10951;6730;4222;1065;593;472;2091;1274;817;-1026;-681;-345
5703;65 tot 70 jaar;2013;;;;;;11306;6932;4373;1006;549;457;2194;1337;857;-1188;-788;-400
5704;65 tot 70 jaar;2014;;;;;;11499;7034;4463;963;518;445;2281;1395;885;-1318;-877;-440
5705;65 tot 70 jaar;2015;;;;;;11786;7191;4597;941;507;434;2347;1439;907;-1406;-932;-473
5706;65 tot 70 jaar;2016;;;;;;11223;6819;4406;939;508;431;2336;1424;912;-1397;-916;-481
5707;65 tot 70 jaar;2017;;;;;;10817;6550;4266;947;517;430;2341;1417;924;-1394;-900;-494
5708;65 tot 70 jaar;2018;;;;;;10549;6363;4186;957;524;433;2353;1415;938;-1396;-891;-505
5709;65 tot 70 jaar;2019;;;;;;10399;6252;4148;973;537;436;2387;1427;961;-1414;-890;-525
5710;65 tot 70 jaar;2020;;;;;;10323;6185;4137;987;548;439;2417;1436;980;-1430;-888;-541
5711;65 tot 70 jaar;2021;;;;;;10317;6168;4148;999;557;442;2475;1465;1012;-1476;-908;-570
5712;65 tot 70 jaar;2022;;;;;;10276;6132;4144;1008;565;443;2521;1487;1037;-1513;-922;-594
5713;65 tot 70 jaar;2023;;;;;;10293;6135;4156;1012;567;445;2577;1516;1060;-1565;-949;-615
5714;65 tot 70 jaar;2024;;;;;;10340;6159;4181;1017;570;447;2632;1551;1084;-1615;-981;-637
5715;65 tot 70 jaar;2025;;;;;;10387;6190;4197;1022;575;447;2704;1590;1114;-1682;-1015;-667
5716;65 tot 70 jaar;2026;;;;;;10444;6224;4221;1025;575;450;2757;1620;1137;-1732;-1045;-687
5717;65 tot 70 jaar;2027;;;;;;10491;6256;4237;1029;577;452;2822;1661;1161;-1793;-1084;-709
5718;65 tot 70 jaar;2028;;;;;;10539;6292;4248;1033;581;452;2877;1694;1184;-1844;-1113;-732
5719;65 tot 70 jaar;2029;;;;;;10562;6313;4249;1036;585;451;2942;1728;1214;-1906;-1143;-763
5720;65 tot 70 jaar;2030;;;;;;10550;6315;4237;1038;590;448;2968;1745;1224;-1930;-1155;-776
5721;65 tot 70 jaar;2031;;;;;;10449;6264;4187;1042;592;450;2991;1755;1236;-1949;-1163;-786
5722;65 tot 70 jaar;2032;;;;;;10320;6196;4128;1045;594;451;2991;1753;1240;-1946;-1159;-789
5723;65 tot 70 jaar;2033;;;;;;10160;6099;4063;1047;593;454;3005;1753;1252;-1958;-1160;-798
5724;65 tot 70 jaar;2034;;;;;;10036;6025;4011;1047;591;456;3015;1754;1263;-1968;-1163;-807
5725;65 tot 70 jaar;2035;;;;;;9916;5949;3966;1054;596;458;3028;1753;1277;-1974;-1157;-819
5726;65 tot 70 jaar;2036;;;;;;9766;5858;3908;1060;601;459;3031;1742;1288;-1971;-1141;-829
5727;65 tot 70 jaar;2037;;;;;;9554;5723;3830;1065;604;461;3024;1724;1299;-1959;-1120;-838
5728;65 tot 70 jaar;2038;;;;;;9213;5515;3698;1061;602;459;2972;1685;1287;-1911;-1083;-828
5729;65 tot 70 jaar;2039;;;;;;8714;5211;3502;1063;603;460;2906;1633;1274;-1843;-1030;-814
5730;65 tot 70 jaar;2040;;;;;;8200;4903;3298;1066;603;463;2834;1582;1252;-1768;-979;-789
5731;65 tot 70 jaar;2041;;;;;;7752;4633;3118;1068;604;464;2779;1546;1233;-1711;-942;-769
5732;65 tot 70 jaar;2042;;;;;;7375;4414;2962;1069;606;463;2738;1518;1220;-1669;-912;-757
5733;65 tot 70 jaar;2043;;;;;;7150;4281;2869;1070;607;463;2728;1509;1220;-1658;-902;-757
5734;65 tot 70 jaar;2044;;;;;;6980;4182;2800;1073;610;463;2723;1505;1218;-1650;-895;-755
5735;65 tot 70 jaar;2045;;;;;;6911;4142;2769;1076;613;463;2746;1517;1230;-1670;-904;-767
5736;65 tot 70 jaar;2046;;;;;;6842;4098;2744;1077;613;464;2770;1528;1242;-1693;-915;-778
5737;65 tot 70 jaar;2047;;;;;;6770;4056;2712;1078;613;465;2787;1535;1253;-1709;-922;-788
5738;65 tot 70 jaar;2048;;;;;;6674;4001;2672;1082;616;466;2797;1538;1259;-1715;-922;-793
5739;65 tot 70 jaar;2049;;;;;;6611;3967;2643;1085;617;468;2822;1548;1273;-1737;-931;-805
5740;65 tot 70 jaar;2050;;;;;;6526;3919;2608;1092;622;470;2842;1560;1282;-1750;-938;-812
5741;65 tot 70 jaar;2051;;;;;;6491;3902;2588;1097;624;473;2870;1575;1297;-1773;-951;-824
5742;65 tot 70 jaar;2052;;;;;;6505;3916;2588;1099;624;475;2899;1594;1307;-1800;-970;-832
5743;65 tot 70 jaar;2053;;;;;;6531;3935;2594;1101;626;475;2923;1609;1313;-1822;-983;-838
5744;65 tot 70 jaar;2054;;;;;;6539;3944;2596;1104;629;475;2947;1622;1322;-1843;-993;-847
5745;65 tot 70 jaar;2055;;;;;;6566;3964;2602;1105;629;476;2975;1640;1333;-1870;-1011;-857
5746;65 tot 70 jaar;2056;;;;;;6561;3966;2596;1105;628;477;3002;1656;1344;-1897;-1028;-867
5747;65 tot 70 jaar;2057;;;;;;6537;3952;2585;1105;628;477;3021;1669;1353;-1916;-1041;-876
5748;65 tot 70 jaar;2058;;;;;;6513;3941;2573;1106;629;477;3037;1676;1360;-1931;-1047;-883
5749;65 tot 70 jaar;2059;;;;;;6480;3924;2557;1105;628;477;3049;1681;1367;-1944;-1053;-890
5750;70 tot 75 jaar;2010;;;;;;12630;7712;4918;576;293;283;868;530;337;-292;-237;-54
5751;70 tot 75 jaar;2011;;;;;;12608;7704;4904;607;310;297;885;540;345;-278;-230;-48
5752;70 tot 75 jaar;2012;;;;;;12693;7763;4930;626;319;307;908;550;358;-282;-231;-51
5753;70 tot 75 jaar;2013;;;;;;12793;7827;4969;590;294;296;932;566;366;-342;-272;-70
5754;70 tot 75 jaar;2014;;;;;;12973;7935;5039;564;277;287;981;596;385;-417;-319;-98
5755;70 tot 75 jaar;2015;;;;;;12963;7918;5046;545;265;280;1018;615;402;-473;-350;-122
5756;70 tot 75 jaar;2016;;;;;;13921;8489;5432;542;263;279;1113;676;436;-571;-413;-157
5757;70 tot 75 jaar;2017;;;;;;14705;8939;5765;543;267;276;1180;717;463;-637;-450;-187
5758;70 tot 75 jaar;2018;;;;;;15162;9198;5965;552;273;279;1235;744;491;-683;-471;-212
5759;70 tot 75 jaar;2019;;;;;;15437;9347;6092;562;281;281;1269;759;510;-707;-478;-229
5760;70 tot 75 jaar;2020;;;;;;15883;9597;6286;570;290;280;1310;775;535;-740;-485;-255
5761;70 tot 75 jaar;2021;;;;;;15165;9141;6024;578;295;283;1311;767;544;-733;-472;-261
5762;70 tot 75 jaar;2022;;;;;;14660;8828;5831;580;297;283;1328;771;556;-748;-474;-273
5763;70 tot 75 jaar;2023;;;;;;14349;8624;5726;583;300;283;1350;780;573;-767;-480;-290
5764;70 tot 75 jaar;2024;;;;;;14198;8521;5677;588;302;286;1383;794;590;-795;-492;-304
5765;70 tot 75 jaar;2025;;;;;;14147;8476;5669;592;305;287;1413;807;606;-821;-502;-319
5766;70 tot 75 jaar;2026;;;;;;14189;8495;5694;596;309;287;1467;835;629;-871;-526;-342
5767;70 tot 75 jaar;2027;;;;;;14179;8480;5696;594;308;286;1504;856;648;-910;-548;-362
5768;70 tot 75 jaar;2028;;;;;;14245;8518;5726;596;310;286;1550;881;668;-954;-571;-382
5769;70 tot 75 jaar;2029;;;;;;14349;8577;5771;595;309;286;1594;909;686;-999;-600;-400
5770;70 tot 75 jaar;2030;;;;;;14451;8647;5805;600;312;288;1660;946;714;-1060;-634;-426
5771;70 tot 75 jaar;2031;;;;;;14561;8709;5851;601;313;288;1699;969;729;-1098;-656;-441
5772;70 tot 75 jaar;2032;;;;;;14653;8767;5885;608;315;293;1755;1002;753;-1147;-687;-460
5773;70 tot 75 jaar;2033;;;;;;14738;8825;5915;606;315;291;1806;1032;774;-1200;-717;-483
5774;70 tot 75 jaar;2034;;;;;;14779;8855;5924;609;317;292;1861;1063;799;-1252;-746;-507
5775;70 tot 75 jaar;2035;;;;;;14768;8853;5914;610;317;293;1893;1081;813;-1283;-764;-520
5776;70 tot 75 jaar;2036;;;;;;14625;8771;5852;613;317;296;1923;1094;828;-1310;-777;-532
5777;70 tot 75 jaar;2037;;;;;;14440;8665;5776;618;321;297;1929;1095;836;-1311;-774;-539
5778;70 tot 75 jaar;2038;;;;;;14207;8517;5690;618;322;296;1949;1100;848;-1331;-778;-552
5779;70 tot 75 jaar;2039;;;;;;14019;8400;5619;622;325;297;1966;1107;860;-1344;-782;-563
5780;70 tot 75 jaar;2040;;;;;;13837;8279;5555;623;326;297;1985;1110;877;-1362;-784;-580
5781;70 tot 75 jaar;2041;;;;;;13622;8142;5479;626;327;299;1993;1104;890;-1367;-777;-591
5782;70 tot 75 jaar;2042;;;;;;13327;7951;5376;625;326;299;2009;1103;905;-1384;-777;-606
5783;70 tot 75 jaar;2043;;;;;;12863;7665;5198;627;328;299;1993;1084;909;-1366;-756;-610
5784;70 tot 75 jaar;2044;;;;;;12173;7244;4929;628;328;300;1967;1061;907;-1339;-733;-607
5785;70 tot 75 jaar;2045;;;;;;11464;6817;4648;630;330;300;1929;1034;896;-1299;-704;-596
5786;70 tot 75 jaar;2046;;;;;;10845;6448;4397;632;332;300;1897;1013;883;-1265;-681;-583
5787;70 tot 75 jaar;2047;;;;;;10327;6146;4180;635;334;301;1876;999;877;-1241;-665;-576
5788;70 tot 75 jaar;2048;;;;;;10024;5970;4054;638;335;303;1871;994;876;-1233;-659;-573
5789;70 tot 75 jaar;2049;;;;;;9801;5839;3963;639;336;303;1866;994;874;-1227;-658;-571
5790;70 tot 75 jaar;2050;;;;;;9726;5798;3928;641;337;304;1881;1001;880;-1240;-664;-576
5791;70 tot 75 jaar;2051;;;;;;9650;5748;3903;642;337;305;1896;1007;890;-1254;-670;-585
5792;70 tot 75 jaar;2052;;;;;;9569;5701;3867;642;336;306;1905;1012;893;-1263;-676;-587
5793;70 tot 75 jaar;2053;;;;;;9455;5636;3820;642;336;306;1920;1018;901;-1278;-682;-595
5794;70 tot 75 jaar;2054;;;;;;9384;5597;3786;642;336;306;1939;1028;911;-1297;-692;-605
5795;70 tot 75 jaar;2055;;;;;;9272;5532;3740;645;338;307;1953;1036;919;-1308;-698;-612
5796;70 tot 75 jaar;2056;;;;;;9226;5509;3717;649;342;307;1971;1046;925;-1322;-704;-618
5797;70 tot 75 jaar;2057;;;;;;9257;5533;3723;650;342;308;1988;1056;932;-1338;-714;-624
5798;70 tot 75 jaar;2058;;;;;;9304;5565;3739;650;342;308;2005;1067;936;-1355;-725;-628
5799;70 tot 75 jaar;2059;;;;;;9326;5579;3748;650;342;308;2015;1075;940;-1365;-733;-632
5800;75 tot 80 jaar;2010;;;;;;17603;10103;7502;354;172;182;409;223;185;-55;-51;-3
5801;75 tot 80 jaar;2011;;;;;;17447;10053;7394;379;188;191;430;239;191;-51;-51;0
5802;75 tot 80 jaar;2012;;;;;;17234;9970;7264;387;192;195;451;253;198;-64;-61;-3
5803;75 tot 80 jaar;2013;;;;;;17313;10058;7256;362;177;185;478;272;206;-116;-95;-21
5804;75 tot 80 jaar;2014;;;;;;17396;10134;7261;346;163;183;515;296;219;-169;-133;-36
5805;75 tot 80 jaar;2015;;;;;;17581;10265;7318;331;155;176;558;325;234;-227;-170;-58
5806;75 tot 80 jaar;2016;;;;;;17635;10312;7323;327;154;173;581;338;240;-254;-184;-67
5807;75 tot 80 jaar;2017;;;;;;17843;10451;7394;327;154;173;606;352;254;-279;-198;-81
5808;75 tot 80 jaar;2018;;;;;;18083;10605;7479;330;157;173;623;361;263;-293;-204;-90
5809;75 tot 80 jaar;2019;;;;;;18453;10839;7615;331;159;172;653;377;277;-322;-218;-105
5810;75 tot 80 jaar;2020;;;;;;18581;10919;7661;337;164;173;671;383;288;-334;-219;-115
5811;75 tot 80 jaar;2021;;;;;;20093;11824;8269;349;175;174;723;412;311;-374;-237;-137
5812;75 tot 80 jaar;2022;;;;;;21407;12591;8816;351;177;174;762;432;329;-411;-255;-155
5813;75 tot 80 jaar;2023;;;;;;22280;13103;9177;357;176;181;799;447;353;-442;-271;-172
5814;75 tot 80 jaar;2024;;;;;;22894;13463;9433;356;176;180;827;457;370;-471;-281;-190
5815;75 tot 80 jaar;2025;;;;;;23765;13962;9803;357;178;179;859;470;391;-502;-292;-212
5816;75 tot 80 jaar;2026;;;;;;22841;13414;9430;355;177;178;868;469;400;-513;-292;-222
5817;75 tot 80 jaar;2027;;;;;;22205;13051;9155;355;177;178;886;474;411;-531;-297;-233
5818;75 tot 80 jaar;2028;;;;;;21851;12833;9018;357;179;178;904;479;424;-547;-300;-246
5819;75 tot 80 jaar;2029;;;;;;21721;12755;8966;360;183;177;931;490;440;-571;-307;-263
5820;75 tot 80 jaar;2030;;;;;;21732;12751;8981;359;182;177;953;500;454;-594;-318;-277
5821;75 tot 80 jaar;2031;;;;;;21871;12829;9042;362;184;178;996;523;471;-634;-339;-293
5822;75 tot 80 jaar;2032;;;;;;21911;12847;9064;365;186;179;1027;540;488;-662;-354;-309
5823;75 tot 80 jaar;2033;;;;;;22058;12933;9126;367;188;179;1065;560;505;-698;-372;-326
5824;75 tot 80 jaar;2034;;;;;;22251;13041;9211;366;188;178;1106;585;519;-740;-397;-341
5825;75 tot 80 jaar;2035;;;;;;22425;13154;9273;367;189;178;1161;618;541;-794;-429;-363
5826;75 tot 80 jaar;2036;;;;;;22597;13248;9349;370;191;179;1197;642;557;-827;-451;-378
5827;75 tot 80 jaar;2037;;;;;;22734;13330;9406;373;192;181;1247;670;577;-874;-478;-396
5828;75 tot 80 jaar;2038;;;;;;22860;13408;9452;379;194;185;1293;698;595;-914;-504;-410
5829;75 tot 80 jaar;2039;;;;;;22912;13446;9468;381;193;188;1343;727;616;-962;-534;-428
5830;75 tot 80 jaar;2040;;;;;;22901;13442;9459;384;195;189;1375;747;628;-991;-552;-439
5831;75 tot 80 jaar;2041;;;;;;22687;13322;9366;384;195;189;1407;765;643;-1023;-570;-454
5832;75 tot 80 jaar;2042;;;;;;22422;13171;9251;385;196;189;1416;768;649;-1031;-572;-460
5833;75 tot 80 jaar;2043;;;;;;22084;12962;9121;388;197;191;1435;776;661;-1047;-579;-470
5834;75 tot 80 jaar;2044;;;;;;21812;12798;9014;390;198;192;1455;781;673;-1065;-583;-481
5835;75 tot 80 jaar;2045;;;;;;21564;12639;8925;391;198;193;1480;792;689;-1089;-594;-496
5836;75 tot 80 jaar;2046;;;;;;21283;12464;8821;394;199;195;1495;794;701;-1101;-595;-506
5837;75 tot 80 jaar;2047;;;;;;20889;12208;8681;395;199;196;1517;801;717;-1122;-602;-521
5838;75 tot 80 jaar;2048;;;;;;20234;11812;8424;395;199;196;1516;794;723;-1121;-595;-527
5839;75 tot 80 jaar;2049;;;;;;19213;11204;8009;397;201;196;1506;781;725;-1109;-580;-529
5840;75 tot 80 jaar;2050;;;;;;18156;10582;7573;399;202;197;1484;767;718;-1085;-565;-521
5841;75 tot 80 jaar;2051;;;;;;17230;10044;7184;398;201;197;1460;750;709;-1062;-549;-512
5842;75 tot 80 jaar;2052;;;;;;16447;9604;6844;398;201;197;1442;742;703;-1044;-541;-506
5843;75 tot 80 jaar;2053;;;;;;16004;9353;6651;398;201;197;1439;738;702;-1041;-537;-505
5844;75 tot 80 jaar;2054;;;;;;15683;9171;6511;400;203;197;1434;736;700;-1034;-533;-503
5845;75 tot 80 jaar;2055;;;;;;15587;9122;6465;401;203;198;1444;738;704;-1043;-535;-506
5846;75 tot 80 jaar;2056;;;;;;15492;9059;6432;403;203;200;1454;741;712;-1051;-538;-512
5847;75 tot 80 jaar;2057;;;;;;15393;9003;6388;404;203;201;1461;745;717;-1057;-542;-516
5848;75 tot 80 jaar;2058;;;;;;15238;8918;6321;404;203;201;1468;746;721;-1064;-543;-520
5849;75 tot 80 jaar;2059;;;;;;15149;8871;6279;406;203;203;1478;750;728;-1072;-547;-525
5850;80 tot 85 jaar;2010;;;;;;23089;11495;11597;211;98;113;187;89;99;24;9;14
5851;80 tot 85 jaar;2011;;;;;;23198;11675;11523;226;107;119;193;92;101;33;15;18
5852;80 tot 85 jaar;2012;;;;;;23421;11899;11522;232;110;122;204;100;105;28;10;17
5853;80 tot 85 jaar;2013;;;;;;23397;12010;11386;215;99;116;215;108;109;0;-9;7
5854;80 tot 85 jaar;2014;;;;;;23444;12144;11300;207;93;114;230;117;113;-23;-24;1
5855;80 tot 85 jaar;2015;;;;;;23330;12191;11140;199;88;111;244;125;119;-45;-37;-8
5856;80 tot 85 jaar;2016;;;;;;23364;12303;11060;196;87;109;263;138;125;-67;-51;-16
5857;80 tot 85 jaar;2017;;;;;;23330;12376;10952;193;87;106;281;150;131;-88;-63;-25
5858;80 tot 85 jaar;2018;;;;;;23691;12659;11029;195;88;107;305;166;140;-110;-78;-33
5859;80 tot 85 jaar;2019;;;;;;24074;12946;11128;197;90;107;328;179;148;-131;-89;-41
5860;80 tot 85 jaar;2020;;;;;;24618;13315;11304;200;93;107;357;196;159;-157;-103;-52
5861;80 tot 85 jaar;2021;;;;;;24982;13588;11397;202;93;109;371;205;166;-169;-112;-57
5862;80 tot 85 jaar;2022;;;;;;25560;13975;11588;204;96;108;387;213;176;-183;-117;-68
5863;80 tot 85 jaar;2023;;;;;;26211;14399;11812;208;100;108;399;218;181;-191;-118;-73
5864;80 tot 85 jaar;2024;;;;;;27044;14928;12115;207;100;107;413;225;187;-206;-125;-80
5865;80 tot 85 jaar;2025;;;;;;27503;15232;12269;208;100;108;425;230;197;-217;-130;-89
5866;80 tot 85 jaar;2026;;;;;;30028;16700;13327;209;102;107;456;245;211;-247;-143;-104
5867;80 tot 85 jaar;2027;;;;;;32237;17954;14283;211;102;109;482;256;226;-271;-154;-117
5868;80 tot 85 jaar;2028;;;;;;33783;18843;14941;209;101;108;507;267;241;-298;-166;-133
5869;80 tot 85 jaar;2029;;;;;;34864;19458;15407;211;103;108;529;277;252;-318;-174;-144
5870;80 tot 85 jaar;2030;;;;;;36201;20173;16029;209;102;107;555;288;266;-346;-186;-159
5871;80 tot 85 jaar;2031;;;;;;34941;19478;15463;210;99;111;560;287;273;-350;-188;-162
5872;80 tot 85 jaar;2032;;;;;;34099;19039;15060;212;101;111;572;291;281;-360;-190;-170
5873;80 tot 85 jaar;2033;;;;;;33659;18792;14868;216;104;112;581;294;286;-365;-190;-174
5874;80 tot 85 jaar;2034;;;;;;33538;18727;14811;217;105;112;598;302;296;-381;-197;-184
5875;80 tot 85 jaar;2035;;;;;;33605;18748;14856;215;103;112;617;312;306;-402;-209;-194
5876;80 tot 85 jaar;2036;;;;;;33843;18874;14969;215;103;112;648;328;321;-433;-225;-209
5877;80 tot 85 jaar;2037;;;;;;33940;18922;15019;216;104;112;669;340;330;-453;-236;-218
5878;80 tot 85 jaar;2038;;;;;;34195;19064;15131;218;104;114;695;354;341;-477;-250;-227
5879;80 tot 85 jaar;2039;;;;;;34528;19242;15286;218;104;114;724;370;353;-506;-266;-239
5880;80 tot 85 jaar;2040;;;;;;34835;19430;15406;220;107;113;765;395;370;-545;-288;-257
5881;80 tot 85 jaar;2041;;;;;;35166;19610;15557;221;107;114;799;413;384;-578;-306;-270
5882;80 tot 85 jaar;2042;;;;;;35454;19773;15679;222;107;115;840;437;404;-618;-330;-289
5883;80 tot 85 jaar;2043;;;;;;35734;19944;15790;223;108;115;874;456;417;-651;-348;-302
5884;80 tot 85 jaar;2044;;;;;;35922;20066;15856;223;108;115;913;478;434;-690;-370;-319
5885;80 tot 85 jaar;2045;;;;;;36010;20129;15882;223;108;115;944;497;447;-721;-389;-332
5886;80 tot 85 jaar;2046;;;;;;35791;20024;15768;224;109;115;971;510;459;-747;-401;-344
5887;80 tot 85 jaar;2047;;;;;;35494;19870;15624;224;109;115;978;512;464;-754;-403;-349
5888;80 tot 85 jaar;2048;;;;;;35090;19638;15452;225;109;116;994;520;473;-769;-411;-357
5889;80 tot 85 jaar;2049;;;;;;34825;19498;15327;226;110;116;1014;530;481;-788;-420;-365
5890;80 tot 85 jaar;2050;;;;;;34600;19363;15237;227;111;116;1040;543;497;-813;-432;-381
5891;80 tot 85 jaar;2051;;;;;;34302;19188;15114;229;112;117;1064;550;512;-835;-438;-395
5892;80 tot 85 jaar;2052;;;;;;33776;18861;14916;230;113;117;1082;557;526;-852;-444;-409
5893;80 tot 85 jaar;2053;;;;;;32792;18290;14502;230;113;117;1083;553;531;-853;-440;-414
5894;80 tot 85 jaar;2054;;;;;;31218;17399;13819;231;114;117;1077;546;532;-846;-432;-415
5895;80 tot 85 jaar;2055;;;;;;29571;16479;13090;231;114;117;1060;534;526;-829;-420;-409
5896;80 tot 85 jaar;2056;;;;;;28137;15694;12445;231;114;117;1038;522;517;-807;-408;-400
5897;80 tot 85 jaar;2057;;;;;;26942;15059;11883;231;114;117;1025;515;510;-794;-401;-393
5898;80 tot 85 jaar;2058;;;;;;26291;14715;11575;233;116;117;1018;512;508;-785;-396;-391
5899;80 tot 85 jaar;2059;;;;;;25838;14479;11359;234;116;118;1016;508;507;-782;-392;-389
5900;85 tot 90 jaar;2010;;;;;;24784;9794;14990;85;38;47;87;36;50;-2;2;-3
5901;85 tot 90 jaar;2011;;;;;;24855;9974;14881;93;42;51;87;36;51;6;6;0
5902;85 tot 90 jaar;2012;;;;;;24927;10171;14755;93;42;51;86;36;50;7;6;1
5903;85 tot 90 jaar;2013;;;;;;25025;10399;14626;86;38;48;90;39;50;-4;0;-2
5904;85 tot 90 jaar;2014;;;;;;25227;10684;14542;83;34;49;91;41;49;-8;-7;0
5905;85 tot 90 jaar;2015;;;;;;25687;11049;14637;77;32;45;96;45;50;-19;-13;-5
5906;85 tot 90 jaar;2016;;;;;;26075;11367;14708;77;32;45;99;48;52;-22;-16;-7
5907;85 tot 90 jaar;2017;;;;;;26593;11723;14870;76;32;44;104;51;54;-28;-19;-10
5908;85 tot 90 jaar;2018;;;;;;26819;11967;14853;76;32;44;109;54;54;-33;-22;-10
5909;85 tot 90 jaar;2019;;;;;;27137;12245;14893;78;34;44;114;58;56;-36;-24;-12
5910;85 tot 90 jaar;2020;;;;;;27293;12457;14836;77;33;44;118;61;57;-41;-28;-13
5911;85 tot 90 jaar;2021;;;;;;27618;12744;14875;77;33;44;127;66;60;-50;-33;-16
5912;85 tot 90 jaar;2022;;;;;;27866;12991;14877;77;33;44;133;71;62;-56;-38;-18
5913;85 tot 90 jaar;2023;;;;;;28577;13460;15118;77;33;44;140;77;65;-63;-44;-21
5914;85 tot 90 jaar;2024;;;;;;29308;13924;15384;77;33;44;150;81;67;-73;-48;-23
5915;85 tot 90 jaar;2025;;;;;;30207;14466;15740;77;33;44;161;90;70;-84;-57;-26
5916;85 tot 90 jaar;2026;;;;;;30835;14874;15960;76;33;43;166;91;74;-90;-58;-31
5917;85 tot 90 jaar;2027;;;;;;31707;15402;16304;75;33;42;172;95;78;-97;-62;-36
5918;85 tot 90 jaar;2028;;;;;;32713;16000;16712;75;33;42;178;100;81;-103;-67;-39
5919;85 tot 90 jaar;2029;;;;;;33933;16702;17230;74;33;41;187;102;83;-113;-69;-42
5920;85 tot 90 jaar;2030;;;;;;34620;17107;17513;74;33;41;192;107;87;-118;-74;-46
5921;85 tot 90 jaar;2031;;;;;;38081;18945;19136;74;33;41;209;117;95;-135;-84;-54
5922;85 tot 90 jaar;2032;;;;;;41015;20445;20570;74;33;41;226;126;100;-152;-93;-59
5923;85 tot 90 jaar;2033;;;;;;42955;21432;21523;76;34;42;244;136;108;-168;-102;-66
5924;85 tot 90 jaar;2034;;;;;;44288;22105;22182;76;34;42;257;142;115;-181;-108;-73
5925;85 tot 90 jaar;2035;;;;;;45862;22861;23001;75;33;42;268;147;121;-193;-114;-79
5926;85 tot 90 jaar;2036;;;;;;44368;22143;22226;75;33;42;271;149;123;-196;-116;-81
5927;85 tot 90 jaar;2037;;;;;;43422;21729;21694;75;33;42;278;153;124;-203;-120;-82
5928;85 tot 90 jaar;2038;;;;;;42963;21508;21454;77;33;44;284;158;128;-207;-125;-84
5929;85 tot 90 jaar;2039;;;;;;42893;21492;21401;78;34;44;294;162;131;-216;-128;-87
5930;85 tot 90 jaar;2040;;;;;;43077;21579;21497;83;35;48;305;169;136;-222;-134;-88
5931;85 tot 90 jaar;2041;;;;;;43493;21801;21692;84;35;49;315;175;141;-231;-140;-92
5932;85 tot 90 jaar;2042;;;;;;43751;21943;21809;85;36;49;325;181;145;-240;-145;-96
5933;85 tot 90 jaar;2043;;;;;;44215;22197;22019;85;36;49;336;188;150;-251;-152;-101
5934;85 tot 90 jaar;2044;;;;;;44799;22505;22295;85;36;49;349;194;155;-264;-158;-106
5935;85 tot 90 jaar;2045;;;;;;45337;22818;22520;86;37;49;363;202;161;-277;-165;-112
5936;85 tot 90 jaar;2046;;;;;;45936;23138;22798;86;37;49;375;209;164;-289;-172;-115
5937;85 tot 90 jaar;2047;;;;;;46473;23438;23035;86;37;49;388;219;171;-302;-182;-122
5938;85 tot 90 jaar;2048;;;;;;47008;23753;23254;86;37;49;400;225;175;-314;-188;-126
5939;85 tot 90 jaar;2049;;;;;;47426;24014;23413;86;37;49;414;233;180;-328;-196;-131
5940;85 tot 90 jaar;2050;;;;;;47689;24185;23503;87;37;50;423;239;183;-336;-202;-133
5941;85 tot 90 jaar;2051;;;;;;47541;24153;23388;87;37;50;429;243;185;-342;-206;-135
5942;85 tot 90 jaar;2052;;;;;;47294;24069;23226;87;37;50;432;246;186;-345;-209;-136
5943;85 tot 90 jaar;2053;;;;;;46914;23888;23026;87;37;50;441;249;191;-354;-212;-141
5944;85 tot 90 jaar;2054;;;;;;46732;23828;22903;88;38;50;448;255;193;-360;-217;-143
5945;85 tot 90 jaar;2055;;;;;;46544;23735;22808;89;38;51;458;259;198;-369;-221;-147
5946;85 tot 90 jaar;2056;;;;;;46199;23557;22642;92;38;54;464;263;201;-372;-225;-147
5947;85 tot 90 jaar;2057;;;;;;45560;23196;22363;92;38;54;468;265;204;-376;-227;-150
5948;85 tot 90 jaar;2058;;;;;;44295;22535;21760;92;38;54;466;261;204;-374;-223;-150
5949;85 tot 90 jaar;2059;;;;;;42263;21500;20763;93;38;55;460;259;202;-367;-221;-147
5950;90 tot 95 jaar;2010;;;;;;16149;4851;11299;6;3;3;7;2;5;-1;1;-2
5951;90 tot 95 jaar;2011;;;;;;17136;5288;11848;6;3;3;8;2;6;-2;1;-3
5952;90 tot 95 jaar;2012;;;;;;18017;5690;12327;6;3;3;8;2;5;-2;1;-2
5953;90 tot 95 jaar;2013;;;;;;19042;6115;12927;6;3;3;8;3;6;-2;0;-3
5954;90 tot 95 jaar;2014;;;;;;19811;6428;13383;6;3;3;9;3;6;-3;0;-3
5955;90 tot 95 jaar;2015;;;;;;20090;6632;13460;6;3;3;9;3;6;-3;0;-3
5956;90 tot 95 jaar;2016;;;;;;20401;6861;13540;6;3;3;9;3;6;-3;0;-3
5957;90 tot 95 jaar;2017;;;;;;20700;7106;13595;6;3;3;9;3;6;-3;0;-3
5958;90 tot 95 jaar;2018;;;;;;21078;7389;13691;6;3;3;9;3;6;-3;0;-3
5959;90 tot 95 jaar;2019;;;;;;21528;7711;13816;6;3;3;9;4;6;-3;-1;-3
5960;90 tot 95 jaar;2020;;;;;;22221;8114;14107;6;3;3;10;4;6;-4;-1;-3
5961;90 tot 95 jaar;2021;;;;;;22837;8488;14349;6;3;3;10;4;6;-4;-1;-3
5962;90 tot 95 jaar;2022;;;;;;23557;8893;14664;6;3;3;11;4;6;-5;-1;-3
5963;90 tot 95 jaar;2023;;;;;;24009;9207;14800;6;3;3;11;4;6;-5;-1;-3
5964;90 tot 95 jaar;2024;;;;;;24541;9553;14988;6;3;3;11;5;6;-5;-2;-3
5965;90 tot 95 jaar;2025;;;;;;24959;9868;15093;6;3;3;12;5;7;-6;-2;-4
5966;90 tot 95 jaar;2026;;;;;;25531;10240;15290;6;3;3;12;5;7;-6;-2;-4
5967;90 tot 95 jaar;2027;;;;;;26035;10584;15451;6;3;3;13;5;7;-7;-2;-4
5968;90 tot 95 jaar;2028;;;;;;26976;11117;15859;6;3;3;14;6;8;-8;-3;-5
5969;90 tot 95 jaar;2029;;;;;;27940;11646;16296;6;3;3;14;6;8;-8;-3;-5
5970;90 tot 95 jaar;2030;;;;;;29062;12245;16816;6;3;3;15;7;9;-9;-4;-6
5971;90 tot 95 jaar;2031;;;;;;29866;12709;17157;6;3;3;15;6;9;-9;-3;-6
5972;90 tot 95 jaar;2032;;;;;;30902;13274;17627;6;3;3;16;7;9;-10;-4;-6
5973;90 tot 95 jaar;2033;;;;;;32181;13953;18228;6;3;3;16;7;9;-10;-4;-6
5974;90 tot 95 jaar;2034;;;;;;33704;14736;18968;6;3;3;18;8;10;-12;-5;-7
5975;90 tot 95 jaar;2035;;;;;;34638;15231;19409;6;3;3;18;8;10;-12;-5;-7
5976;90 tot 95 jaar;2036;;;;;;38639;17146;21494;6;3;3;23;10;13;-17;-7;-10
5977;90 tot 95 jaar;2037;;;;;;41953;18684;23269;6;3;3;24;10;14;-18;-7;-11
5978;90 tot 95 jaar;2038;;;;;;44163;19727;24436;6;3;3;23;10;13;-17;-7;-10
5979;90 tot 95 jaar;2039;;;;;;45593;20393;25200;6;3;3;23;10;13;-17;-7;-10
5980;90 tot 95 jaar;2040;;;;;;46952;20971;25981;6;3;3;23;10;14;-17;-7;-11
5981;90 tot 95 jaar;2041;;;;;;45847;20535;25314;6;3;3;23;10;13;-17;-7;-10
5982;90 tot 95 jaar;2042;;;;;;45377;20408;24969;6;3;3;24;10;14;-18;-7;-11
5983;90 tot 95 jaar;2043;;;;;;45359;20439;24918;6;3;3;25;11;14;-19;-8;-11
5984;90 tot 95 jaar;2044;;;;;;45721;20649;25071;6;3;3;26;11;15;-20;-8;-12
5985;90 tot 95 jaar;2045;;;;;;46321;20939;25383;6;3;3;26;11;15;-20;-8;-12
5986;90 tot 95 jaar;2046;;;;;;47152;21351;25801;6;3;3;27;11;16;-21;-8;-13
5987;90 tot 95 jaar;2047;;;;;;47887;21725;26160;6;3;3;28;12;16;-22;-9;-13
5988;90 tot 95 jaar;2048;;;;;;48827;22202;26625;6;3;3;28;12;16;-22;-9;-13
5989;90 tot 95 jaar;2049;;;;;;49920;22743;27178;6;3;3;30;13;17;-24;-10;-14
5990;90 tot 95 jaar;2050;;;;;;50936;23274;27662;6;3;3;30;13;17;-24;-10;-14
5991;90 tot 95 jaar;2051;;;;;;52064;23834;28228;6;3;3;31;13;18;-25;-10;-15
5992;90 tot 95 jaar;2052;;;;;;53106;24366;28738;6;3;3;32;14;19;-26;-11;-16
5993;90 tot 95 jaar;2053;;;;;;54152;24918;29232;6;3;3;33;14;19;-27;-11;-16
5994;90 tot 95 jaar;2054;;;;;;55097;25429;29668;6;3;3;34;15;20;-28;-12;-17
5995;90 tot 95 jaar;2055;;;;;;55790;25813;29977;6;3;3;34;14;20;-28;-11;-17
5996;90 tot 95 jaar;2056;;;;;;56013;25978;30035;6;3;3;34;14;20;-28;-11;-17
5997;90 tot 95 jaar;2057;;;;;;56092;26067;30024;6;3;3;35;15;20;-29;-12;-17
5998;90 tot 95 jaar;2058;;;;;;56068;26084;29984;6;3;3;36;15;21;-30;-12;-18
5999;90 tot 95 jaar;2059;;;;;;56408;26299;30107;6;3;3;37;16;22;-31;-13;-19
6000;95 jaar of ouder;2010;;;;;;7274;1450;5824;0;0;0;0;0;0;0;0;0
6001;95 jaar of ouder;2011;;;;;;7477;1512;5964;0;0;0;0;0;0;0;0;0
6002;95 jaar of ouder;2012;;;;;;7713;1588;6124;0;0;0;0;0;0;0;0;0
6003;95 jaar of ouder;2013;;;;;;7893;1656;6238;0;0;0;0;0;0;0;0;0
6004;95 jaar of ouder;2014;;;;;;8194;1760;6435;0;0;0;0;0;0;0;0;0
6005;95 jaar of ouder;2015;;;;;;8906;1979;6927;0;0;0;0;0;0;0;0;0
6006;95 jaar of ouder;2016;;;;;;9564;2180;7384;0;0;0;0;0;0;0;0;0
6007;95 jaar of ouder;2017;;;;;;10151;2360;7790;0;0;0;0;0;0;0;0;0
6008;95 jaar of ouder;2018;;;;;;10774;2544;8231;0;0;0;0;0;0;0;0;0
6009;95 jaar of ouder;2019;;;;;;11293;2693;8602;0;0;0;0;0;0;0;0;0
6010;95 jaar of ouder;2020;;;;;;11731;2847;8884;0;0;0;0;0;0;0;0;0
6011;95 jaar of ouder;2021;;;;;;12150;3011;9137;0;0;0;0;0;0;0;0;0
6012;95 jaar of ouder;2022;;;;;;12522;3177;9346;0;0;0;0;0;0;0;0;0
6013;95 jaar of ouder;2023;;;;;;12985;3366;9621;0;0;0;0;0;0;0;0;0
6014;95 jaar of ouder;2024;;;;;;13431;3555;9877;0;0;0;0;0;0;0;0;0
6015;95 jaar of ouder;2025;;;;;;13994;3790;10205;0;0;0;0;0;0;0;0;0
6016;95 jaar of ouder;2026;;;;;;14478;4003;10474;0;0;0;0;0;0;0;0;0
6017;95 jaar of ouder;2027;;;;;;14994;4229;10767;0;0;0;0;0;0;0;0;0
6018;95 jaar of ouder;2028;;;;;;15377;4412;10964;0;0;0;0;0;0;0;0;0
6019;95 jaar of ouder;2029;;;;;;15799;4613;11186;0;0;0;0;0;0;0;0;0
6020;95 jaar of ouder;2030;;;;;;16218;4821;11395;0;0;0;0;0;0;0;0;0
6021;95 jaar of ouder;2031;;;;;;16686;5048;11638;0;0;0;0;0;0;0;0;0
6022;95 jaar of ouder;2032;;;;;;17128;5264;11864;0;0;0;0;0;0;0;0;0
6023;95 jaar of ouder;2033;;;;;;17781;5563;12217;0;0;0;0;0;0;0;0;0
6024;95 jaar of ouder;2034;;;;;;18461;5859;12602;0;0;0;0;0;0;0;0;0
6025;95 jaar of ouder;2035;;;;;;19220;6189;13032;0;0;0;0;0;0;0;0;0
6026;95 jaar of ouder;2036;;;;;;19752;6438;13316;0;0;0;0;0;0;0;0;0
6027;95 jaar of ouder;2037;;;;;;20429;6744;13687;0;0;0;0;0;0;0;0;0
6028;95 jaar of ouder;2038;;;;;;21416;7162;14254;0;0;0;0;0;0;0;0;0
6029;95 jaar of ouder;2039;;;;;;22556;7625;14932;0;0;0;0;0;0;0;0;0
6030;95 jaar of ouder;2040;;;;;;23268;7912;15354;0;0;0;0;0;0;0;0;0
6031;95 jaar of ouder;2041;;;;;;26068;9031;17038;0;0;0;0;0;0;0;0;0
6032;95 jaar of ouder;2042;;;;;;28227;9841;18387;0;0;0;0;0;0;0;0;0
6033;95 jaar of ouder;2043;;;;;;29613;10351;19261;0;0;0;0;0;0;0;0;0
6034;95 jaar of ouder;2044;;;;;;30498;10661;19836;0;0;0;0;0;0;0;0;0
6035;95 jaar of ouder;2045;;;;;;31085;10861;20221;0;0;0;0;0;0;0;0;0
6036;95 jaar of ouder;2046;;;;;;31447;11002;20444;0;0;0;0;0;0;0;0;0
6037;95 jaar of ouder;2047;;;;;;31968;11218;20749;0;0;0;0;0;0;0;0;0
6038;95 jaar of ouder;2048;;;;;;32418;11402;21017;0;0;0;0;0;0;0;0;0
6039;95 jaar of ouder;2049;;;;;;32944;11620;21325;0;0;0;0;0;0;0;0;0
6040;95 jaar of ouder;2050;;;;;;33548;11847;21701;0;0;0;0;0;0;0;0;0
6041;95 jaar of ouder;2051;;;;;;34281;12145;22136;0;0;0;0;0;0;0;0;0
6042;95 jaar of ouder;2052;;;;;;35080;12458;22622;0;0;0;0;0;0;0;0;0
6043;95 jaar of ouder;2053;;;;;;35959;12802;23156;0;0;0;0;0;0;0;0;0
6044;95 jaar of ouder;2054;;;;;;36971;13193;23778;0;0;0;0;0;0;0;0;0
6045;95 jaar of ouder;2055;;;;;;37907;13556;24351;0;0;0;0;0;0;0;0;0
6046;95 jaar of ouder;2056;;;;;;38994;13972;25022;0;0;0;0;0;0;0;0;0
6047;95 jaar of ouder;2057;;;;;;40014;14363;25651;0;0;0;0;0;0;0;0;0
6048;95 jaar of ouder;2058;;;;;;41064;14782;26281;0;0;0;0;0;0;0;0;0
6049;95 jaar of ouder;2059;;;;;;42112;15194;26918;0;0;0;0;0;0;0;0;0
6050;0 tot 10 jaar;2010;;;;;;941;521;420;14521;7450;7071;12510;6419;6089;2011;1031;982
6051;0 tot 10 jaar;2011;;;;;;914;506;410;15041;7704;7337;12463;6404;6063;2578;1300;1275
6052;0 tot 10 jaar;2012;;;;;;892;493;397;14857;7598;7259;12421;6393;6025;2437;1205;1234
6053;0 tot 10 jaar;2013;;;;;;874;483;392;14262;7275;6987;12419;6411;6008;1843;864;979
6054;0 tot 10 jaar;2014;;;;;;856;475;384;13703;6982;6721;12475;6463;6014;1228;519;707
6055;0 tot 10 jaar;2015;;;;;;843;467;378;13676;6984;6692;12498;6493;6005;1178;491;687
6056;0 tot 10 jaar;2016;;;;;;831;457;374;13642;6975;6667;12478;6491;5988;1164;484;679
6057;0 tot 10 jaar;2017;;;;;;819;451;369;13639;6991;6648;12411;6456;5954;1228;535;694
6058;0 tot 10 jaar;2018;;;;;;812;446;365;13660;7021;6639;12346;6422;5924;1314;599;715
6059;0 tot 10 jaar;2019;;;;;;802;439;364;13689;7061;6628;12296;6395;5900;1393;666;728
6060;0 tot 10 jaar;2020;;;;;;795;434;362;13719;7103;6616;12260;6379;5881;1459;724;735
6061;0 tot 10 jaar;2021;;;;;;786;429;357;13730;7123;6607;12206;6354;5854;1524;769;753
6062;0 tot 10 jaar;2022;;;;;;781;424;354;13704;7124;6580;12159;6330;5829;1545;794;751
6063;0 tot 10 jaar;2023;;;;;;771;419;353;13677;7122;6555;12111;6305;5805;1566;817;750
6064;0 tot 10 jaar;2024;;;;;;765;415;350;13645;7112;6533;12063;6285;5781;1582;827;752
6065;0 tot 10 jaar;2025;;;;;;759;409;348;13604;7101;6503;12017;6261;5755;1587;840;748
6066;0 tot 10 jaar;2026;;;;;;750;405;347;13561;7088;6473;11973;6242;5733;1588;846;741
6067;0 tot 10 jaar;2027;;;;;;742;398;344;13518;7073;6445;11923;6218;5706;1595;855;739
6068;0 tot 10 jaar;2028;;;;;;733;394;340;13478;7061;6417;11873;6194;5680;1605;867;737
6069;0 tot 10 jaar;2029;;;;;;725;389;338;13439;7043;6396;11825;6170;5654;1614;873;742
6070;0 tot 10 jaar;2030;;;;;;718;383;335;13409;7032;6377;11779;6149;5630;1630;883;747
6071;0 tot 10 jaar;2031;;;;;;710;377;332;13376;7019;6357;11730;6124;5610;1646;895;747
6072;0 tot 10 jaar;2032;;;;;;698;369;327;13354;7012;6342;11688;6100;5588;1666;912;754
6073;0 tot 10 jaar;2033;;;;;;690;365;322;13325;6998;6327;11646;6081;5568;1679;917;759
6074;0 tot 10 jaar;2034;;;;;;677;358;319;13317;6997;6320;11608;6061;5549;1709;936;771
6075;0 tot 10 jaar;2035;;;;;;667;353;314;13307;6998;6309;11573;6043;5532;1734;955;777
6076;0 tot 10 jaar;2036;;;;;;657;346;312;13301;6998;6303;11541;6026;5515;1760;972;788
6077;0 tot 10 jaar;2037;;;;;;646;340;305;13302;6997;6305;11506;6004;5502;1796;993;803
6078;0 tot 10 jaar;2038;;;;;;635;333;302;13298;6998;6300;11472;5987;5486;1826;1012;815
6079;0 tot 10 jaar;2039;;;;;;624;326;299;13296;6996;6300;11440;5967;5473;1856;1029;827
6080;0 tot 10 jaar;2040;;;;;;614;320;294;13276;6987;6289;11406;5950;5456;1870;1037;833
6081;0 tot 10 jaar;2041;;;;;;607;314;291;13273;6988;6285;11370;5930;5443;1903;1058;842
6082;0 tot 10 jaar;2042;;;;;;598;310;286;13257;6980;6277;11337;5909;5426;1921;1071;851
6083;0 tot 10 jaar;2043;;;;;;590;305;285;13250;6981;6269;11312;5896;5416;1938;1085;853
6084;0 tot 10 jaar;2044;;;;;;583;301;281;13241;6975;6266;11287;5882;5406;1955;1093;860
6085;0 tot 10 jaar;2045;;;;;;575;297;280;13211;6958;6253;11263;5868;5394;1948;1090;859
6086;0 tot 10 jaar;2046;;;;;;571;294;278;13186;6941;6245;11240;5855;5388;1946;1086;858
6087;0 tot 10 jaar;2047;;;;;;562;291;275;13173;6934;6239;11219;5843;5379;1954;1091;860
6088;0 tot 10 jaar;2048;;;;;;559;286;273;13162;6928;6234;11208;5832;5378;1955;1096;856
6089;0 tot 10 jaar;2049;;;;;;555;282;271;13143;6916;6227;11198;5826;5375;1945;1090;852
6090;0 tot 10 jaar;2050;;;;;;548;279;268;13132;6910;6222;11189;5817;5372;1943;1093;850
6091;0 tot 10 jaar;2051;;;;;;545;277;266;13124;6908;6216;11182;5811;5372;1942;1097;844
6092;0 tot 10 jaar;2052;;;;;;542;275;266;13110;6898;6212;11180;5808;5372;1930;1090;840
6093;0 tot 10 jaar;2053;;;;;;537;272;265;13100;6893;6207;11182;5807;5376;1918;1086;832
6094;0 tot 10 jaar;2054;;;;;;533;268;264;13094;6888;6206;11185;5807;5381;1909;1081;825
6095;0 tot 10 jaar;2055;;;;;;528;266;262;13085;6881;6204;11189;5804;5385;1896;1077;819
6096;0 tot 10 jaar;2056;;;;;;523;264;259;13080;6880;6200;11197;5804;5391;1883;1077;809
6097;0 tot 10 jaar;2057;;;;;;518;260;257;13076;6877;6199;11199;5806;5395;1877;1071;804
6098;0 tot 10 jaar;2058;;;;;;513;257;256;13072;6875;6197;11205;5804;5402;1867;1071;795
6099;0 tot 10 jaar;2059;;;;;;507;252;255;13063;6870;6193;11210;5803;5406;1853;1067;787
6100;10 tot 20 jaar;2010;1935.0;1792.0;142.0;0.0;1.0;276;167;106;15511;7596;7915;8387;4195;4192;7124;3401;3723
6101;10 tot 20 jaar;2011;1869.0;1724.0;146.0;0.0;0.0;263;161;104;15889;7771;8118;8356;4184;4170;7533;3587;3948
6102;10 tot 20 jaar;2012;1872.0;1715.0;157.0;0.0;0.0;254;153;101;15692;7632;8060;8333;4181;4151;7359;3451;3909
6103;10 tot 20 jaar;2013;1853.0;1691.0;163.0;0.0;0.0;245;147;98;15259;7397;7862;8379;4218;4160;6880;3179;3702
6104;10 tot 20 jaar;2014;1821.0;1659.0;162.0;0.0;0.0;235;141;95;14845;7183;7662;8471;4282;4188;6374;2901;3474
6105;10 tot 20 jaar;2015;1833.0;1661.0;173.0;0.0;0.0;228;137;90;14805;7174;7631;8569;4346;4225;6236;2828;3406
6106;10 tot 20 jaar;2016;1862.0;1681.0;180.0;0.0;0.0;222;132;89;14770;7169;7601;8618;4372;4248;6152;2797;3353
6107;10 tot 20 jaar;2017;1889.0;1707.0;183.0;0.0;0.0;214;126;85;14756;7183;7573;8641;4380;4259;6115;2803;3314
6108;10 tot 20 jaar;2018;1894.0;1715.0;179.0;0.0;0.0;205;121;82;14775;7211;7564;8668;4392;4276;6107;2820;3288
6109;10 tot 20 jaar;2019;1909.0;1727.0;182.0;0.0;0.0;198;117;81;14801;7243;7558;8672;4396;4277;6129;2847;3281
6110;10 tot 20 jaar;2020;1882.0;1701.0;181.0;0.0;0.0;188;112;76;14811;7262;7549;8630;4376;4255;6181;2886;3294
6111;10 tot 20 jaar;2021;1861.0;1682.0;179.0;0.0;0.0;181;107;74;14819;7284;7535;8596;4359;4237;6223;2925;3298
6112;10 tot 20 jaar;2022;1831.0;1655.0;176.0;0.0;0.0;173;102;71;14793;7282;7511;8552;4334;4217;6241;2948;3294
6113;10 tot 20 jaar;2023;1781.0;1609.0;171.0;0.0;0.0;165;98;68;14759;7273;7486;8487;4304;4185;6272;2969;3301
6114;10 tot 20 jaar;2024;1742.0;1575.0;167.0;0.0;0.0;160;94;65;14713;7264;7449;8426;4276;4151;6287;2988;3298
6115;10 tot 20 jaar;2025;1726.0;1561.0;166.0;0.0;0.0;156;92;63;14660;7243;7417;8369;4245;4123;6291;2998;3294
6116;10 tot 20 jaar;2026;1719.0;1556.0;165.0;0.0;0.0;150;89;62;14616;7231;7385;8318;4224;4094;6298;3007;3291
6117;10 tot 20 jaar;2027;1730.0;1563.0;166.0;0.0;0.0;146;85;61;14553;7204;7349;8268;4202;4065;6285;3002;3284
6118;10 tot 20 jaar;2028;1726.0;1561.0;166.0;0.0;0.0;143;83;60;14515;7189;7326;8206;4173;4032;6309;3016;3294
6119;10 tot 20 jaar;2029;1709.0;1545.0;165.0;0.0;0.0;140;81;59;14471;7172;7299;8146;4146;4000;6325;3026;3299
6120;10 tot 20 jaar;2030;1701.0;1537.0;163.0;0.0;0.0;136;79;57;14431;7153;7278;8101;4127;3976;6330;3026;3302
6121;10 tot 20 jaar;2031;1698.0;1536.0;163.0;0.0;0.0;133;79;56;14382;7132;7250;8061;4109;3955;6321;3023;3295
6122;10 tot 20 jaar;2032;1700.0;1537.0;163.0;0.0;0.0;130;77;55;14347;7113;7234;8032;4095;3936;6315;3018;3298
6123;10 tot 20 jaar;2033;1705.0;1542.0;164.0;0.0;0.0;129;75;54;14321;7104;7217;8003;4085;3919;6318;3019;3298
6124;10 tot 20 jaar;2034;1711.0;1548.0;164.0;0.0;0.0;125;73;53;14297;7092;7205;7986;4075;3910;6311;3017;3295
6125;10 tot 20 jaar;2035;1722.0;1557.0;165.0;0.0;0.0;123;72;51;14294;7087;7207;7971;4070;3901;6323;3017;3306
6126;10 tot 20 jaar;2036;1732.0;1566.0;165.0;0.0;0.0;122;71;50;14272;7069;7203;7963;4065;3898;6309;3004;3305
6127;10 tot 20 jaar;2037;1743.0;1577.0;167.0;0.0;0.0;119;70;49;14260;7061;7199;7954;4066;3892;6306;2996;3307
6128;10 tot 20 jaar;2038;1754.0;1586.0;168.0;0.0;0.0;116;68;48;14247;7055;7192;7949;4062;3887;6298;2993;3305
6129;10 tot 20 jaar;2039;1763.0;1594.0;168.0;0.0;0.0;114;66;48;14233;7043;7190;7946;4062;3885;6287;2982;3305
6130;10 tot 20 jaar;2040;1771.0;1602.0;169.0;0.0;0.0;113;65;47;14219;7033;7186;7941;4057;3883;6278;2976;3303
6131;10 tot 20 jaar;2041;1780.0;1609.0;169.0;0.0;0.0;110;64;46;14202;7023;7179;7935;4056;3879;6267;2967;3300
6132;10 tot 20 jaar;2042;1785.0;1615.0;171.0;0.0;0.0;107;62;45;14192;7015;7177;7931;4054;3877;6262;2961;3300
6133;10 tot 20 jaar;2043;1790.0;1619.0;172.0;0.0;0.0;105;59;44;14177;7006;7171;7924;4050;3873;6253;2956;3298
6134;10 tot 20 jaar;2044;1793.0;1622.0;172.0;0.0;0.0;102;58;44;14157;6989;7168;7918;4044;3873;6239;2945;3295
6135;10 tot 20 jaar;2045;1796.0;1624.0;173.0;0.0;0.0;100;58;42;14138;6979;7159;7910;4040;3870;6228;2939;3289
6136;10 tot 20 jaar;2046;1797.0;1625.0;173.0;0.0;0.0;99;58;40;14116;6967;7149;7900;4034;3868;6216;2933;3281
6137;10 tot 20 jaar;2047;1798.0;1626.0;173.0;0.0;0.0;95;55;40;14100;6956;7144;7890;4028;3861;6210;2928;3283
6138;10 tot 20 jaar;2048;1797.0;1625.0;173.0;0.0;0.0;92;55;39;14094;6953;7141;7879;4024;3858;6215;2929;3283
6139;10 tot 20 jaar;2049;1795.0;1624.0;172.0;0.0;0.0;91;52;38;14079;6947;7132;7870;4017;3854;6210;2930;3278
6140;10 tot 20 jaar;2050;1792.0;1620.0;172.0;0.0;0.0;88;52;36;14069;6943;7126;7856;4009;3848;6213;2935;3278
6141;10 tot 20 jaar;2051;1787.0;1616.0;170.0;0.0;0.0;87;50;35;14059;6939;7120;7843;3999;3845;6216;2940;3275
6142;10 tot 20 jaar;2052;1779.0;1608.0;170.0;0.0;0.0;85;47;35;14052;6932;7120;7831;3994;3838;6221;2938;3282
6143;10 tot 20 jaar;2053;1771.0;1601.0;169.0;0.0;0.0;81;47;34;14038;6922;7116;7817;3982;3832;6221;2940;3284
6144;10 tot 20 jaar;2054;1762.0;1594.0;169.0;0.0;0.0;80;47;34;14030;6916;7114;7810;3979;3829;6220;2937;3285
6145;10 tot 20 jaar;2055;1754.0;1586.0;168.0;0.0;0.0;79;46;32;14019;6910;7109;7799;3972;3829;6220;2938;3280
6146;10 tot 20 jaar;2056;1747.0;1579.0;167.0;0.0;0.0;76;44;32;14018;6910;7108;7792;3966;3824;6226;2944;3284
6147;10 tot 20 jaar;2057;1739.0;1573.0;166.0;0.0;0.0;76;42;32;14010;6904;7106;7788;3963;3827;6222;2941;3279
6148;10 tot 20 jaar;2058;1734.0;1568.0;166.0;0.0;0.0;73;42;32;14008;6901;7107;7782;3956;3825;6226;2945;3282
6149;10 tot 20 jaar;2059;1729.0;1563.0;166.0;0.0;0.0;70;42;29;14007;6903;7104;7785;3956;3827;6222;2947;3277
6150;20 tot 30 jaar;2010;67552.0;41811.0;20233.0;4488.0;1021.0;660;439;220;59624;28285;31339;39726;19247;20477;19898;9038;10862
6151;20 tot 30 jaar;2011;67446.0;41769.0;20267.0;4363.0;1043.0;655;438;217;60284;28530;31754;40427;19704;20724;19857;8827;11031
6152;20 tot 30 jaar;2012;68766.0;42697.0;20677.0;4290.0;1104.0;651;435;216;60214;28378;31836;40907;20022;20885;19307;8357;10951
6153;20 tot 30 jaar;2013;70368.0;43683.0;21259.0;4247.0;1178.0;648;433;215;59563;27995;31568;41571;20370;21200;17992;7625;10368
6154;20 tot 30 jaar;2014;71436.0;44447.0;21552.0;4199.0;1242.0;641;430;215;59030;27707;31323;42153;20693;21461;16877;7014;9863
6155;20 tot 30 jaar;2015;72314.0;44989.0;21929.0;4116.0;1285.0;634;424;210;58901;27677;31224;42554;20947;21605;16347;6730;9619
6156;20 tot 30 jaar;2016;72595.0;45160.0;22139.0;3996.0;1298.0;624;416;209;58855;27698;31157;42725;21065;21660;16130;6633;9497
6157;20 tot 30 jaar;2017;73045.0;45310.0;22361.0;4011.0;1359.0;614;410;205;58874;27755;31119;42722;21076;21646;16152;6679;9473
6158;20 tot 30 jaar;2018;73495.0;45458.0;22569.0;4064.0;1401.0;605;404;203;58896;27822;31074;42639;21057;21581;16257;6765;9493
6159;20 tot 30 jaar;2019;73738.0;45565.0;22686.0;4053.0;1431.0;598;398;201;58932;27897;31035;42513;21022;21490;16419;6875;9545
6160;20 tot 30 jaar;2020;73561.0;45462.0;22651.0;3998.0;1446.0;589;393;197;58911;27937;30974;42333;20957;21376;16578;6980;9598
6161;20 tot 30 jaar;2021;73242.0;45337.0;22578.0;3891.0;1438.0;580;384;194;58846;27953;30893;42086;20864;21219;16760;7089;9674
6162;20 tot 30 jaar;2022;73256.0;45331.0;22566.0;3887.0;1468.0;571;379;192;58715;27926;30789;41835;20768;21066;16880;7158;9723
6163;20 tot 30 jaar;2023;73261.0;45386.0;22575.0;3818.0;1479.0;564;375;190;58552;27877;30675;41615;20688;20927;16937;7189;9748
6164;20 tot 30 jaar;2024;73271.0;45419.0;22579.0;3782.0;1490.0;554;366;187;58386;27828;30558;41365;20591;20773;17021;7238;9785
6165;20 tot 30 jaar;2025;73616.0;45599.0;22719.0;3787.0;1511.0;544;360;184;58219;27778;30441;41133;20510;20623;17086;7268;9818
6166;20 tot 30 jaar;2026;74070.0;45808.0;22912.0;3819.0;1535.0;537;354;182;58057;27721;30336;40890;20416;20475;17167;7305;9861
6167;20 tot 30 jaar;2027;74269.0;45853.0;23024.0;3839.0;1551.0;526;347;180;57895;27668;30227;40624;20312;20311;17271;7356;9916
6168;20 tot 30 jaar;2028;74051.0;45667.0;22991.0;3836.0;1555.0;514;339;176;57742;27618;30124;40341;20203;20136;17401;7415;9988
6169;20 tot 30 jaar;2029;73647.0;45381.0;22885.0;3827.0;1553.0;503;332;172;57612;27573;30039;40038;20080;19959;17574;7493;10080
6170;20 tot 30 jaar;2030;72708.0;44813.0;22588.0;3775.0;1533.0;491;323;169;57505;27536;29969;39690;19933;19757;17815;7603;10212
6171;20 tot 30 jaar;2031;71849.0;44290.0;22313.0;3728.0;1512.0;481;316;165;57423;27509;29914;39363;19792;19571;18061;7717;10344
6172;20 tot 30 jaar;2032;70978.0;43778.0;22032.0;3676.0;1492.0;468;307;161;57364;27493;29871;39051;19653;19396;18313;7840;10475
6173;20 tot 30 jaar;2033;70052.0;43254.0;21720.0;3613.0;1466.0;457;301;158;57342;27490;29852;38764;19525;19239;18578;7965;10613
6174;20 tot 30 jaar;2034;69434.0;42911.0;21503.0;3570.0;1449.0;447;293;154;57355;27507;29848;38538;19431;19107;18817;8076;10741
6175;20 tot 30 jaar;2035;69191.0;42774.0;21419.0;3553.0;1442.0;441;288;153;57415;27541;29874;38376;19366;19009;19039;8175;10865
6176;20 tot 30 jaar;2036;69094.0;42722.0;21384.0;3546.0;1440.0;432;286;149;57481;27576;29905;38254;19322;18933;19227;8254;10973
6177;20 tot 30 jaar;2037;69158.0;42753.0;21409.0;3553.0;1442.0;428;281;148;57549;27611;29938;38180;19300;18876;19369;8311;11062
6178;20 tot 30 jaar;2038;69091.0;42721.0;21382.0;3548.0;1441.0;424;276;147;57604;27642;29962;38103;19273;18830;19501;8369;11132
6179;20 tot 30 jaar;2039;68945.0;42658.0;21321.0;3531.0;1434.0;416;271;144;57658;27672;29986;38041;19255;18787;19617;8417;11199
6180;20 tot 30 jaar;2040;68980.0;42701.0;21320.0;3526.0;1433.0;412;270;144;57698;27697;30001;38002;19243;18753;19696;8454;11248
6181;20 tot 30 jaar;2041;69142.0;42814.0;21362.0;3531.0;1434.0;407;267;143;57729;27714;30015;37982;19248;18734;19747;8466;11281
6182;20 tot 30 jaar;2042;69399.0;42981.0;21436.0;3542.0;1437.0;403;263;140;57746;27728;30018;37980;19258;18719;19766;8470;11299
6183;20 tot 30 jaar;2043;69703.0;43176.0;21528.0;3555.0;1445.0;400;259;139;57756;27726;30030;37983;19273;18708;19773;8453;11322
6184;20 tot 30 jaar;2044;70045.0;43390.0;21634.0;3573.0;1452.0;395;258;138;57751;27721;30030;37989;19290;18701;19763;8431;11329
6185;20 tot 30 jaar;2045;70405.0;43610.0;21746.0;3592.0;1458.0;393;257;137;57756;27724;30032;37993;19302;18693;19763;8422;11340
6186;20 tot 30 jaar;2046;70773.0;43832.0;21862.0;3611.0;1467.0;388;253;135;57761;27726;30035;37999;19316;18685;19762;8410;11350
6187;20 tot 30 jaar;2047;71120.0;44040.0;21974.0;3631.0;1475.0;384;250;134;57766;27731;30035;38004;19326;18677;19763;8405;11358
6188;20 tot 30 jaar;2048;71433.0;44227.0;22074.0;3650.0;1482.0;382;248;134;57770;27733;30037;38003;19336;18665;19767;8397;11372
6189;20 tot 30 jaar;2049;71710.0;44390.0;22166.0;3666.0;1488.0;377;245;132;57778;27733;30045;37996;19341;18656;19782;8392;11389
6190;20 tot 30 jaar;2050;71941.0;44524.0;22241.0;3680.0;1496.0;373;242;131;57783;27731;30052;37985;19347;18640;19798;8384;11413
6191;20 tot 30 jaar;2051;72136.0;44636.0;22306.0;3692.0;1500.0;369;240;128;57800;27741;30059;37973;19348;18625;19827;8393;11434
6192;20 tot 30 jaar;2052;72280.0;44716.0;22355.0;3703.0;1503.0;364;236;128;57806;27744;30062;37951;19345;18607;19855;8399;11456
6193;20 tot 30 jaar;2053;72378.0;44769.0;22390.0;3709.0;1507.0;361;232;127;57804;27739;30065;37926;19337;18586;19878;8402;11479
6194;20 tot 30 jaar;2054;72434.0;44797.0;22414.0;3715.0;1509.0;354;231;125;57810;27741;30069;37895;19330;18567;19915;8411;11503
6195;20 tot 30 jaar;2055;72448.0;44796.0;22423.0;3720.0;1510.0;350;227;123;57808;27743;30065;37860;19319;18541;19948;8424;11524
6196;20 tot 30 jaar;2056;72423.0;44770.0;22421.0;3720.0;1511.0;345;223;123;57823;27751;30072;37821;19307;18517;20002;8444;11555
6197;20 tot 30 jaar;2057;72351.0;44716.0;22405.0;3718.0;1512.0;341;221;119;57826;27747;30079;37775;19289;18488;20051;8458;11591
6198;20 tot 30 jaar;2058;72236.0;44636.0;22376.0;3715.0;1508.0;334;217;118;57830;27751;30079;37723;19263;18459;20107;8488;11620
6199;20 tot 30 jaar;2059;72077.0;44530.0;22330.0;3709.0;1506.0;330;212;115;57828;27753;30075;37669;19242;18426;20159;8511;11649
6200;30 tot 40 jaar;2010;105167.0;37667.0;43326.0;17757.0;6418.0;1167;703;465;31740;17924;13816;27759;16138;11620;3981;1786;2196
6201;30 tot 40 jaar;2011;103709.0;36915.0;42925.0;17518.0;6351.0;1119;675;445;32314;18217;14097;27941;16325;11619;4373;1892;2478
6202;30 tot 40 jaar;2012;101987.0;35943.0;42524.0;17167.0;6353.0;1078;652;428;32363;18180;14183;28271;16605;11668;4092;1575;2515
6203;30 tot 40 jaar;2013;100955.0;35384.0;42177.0;17004.0;6391.0;1048;635;414;31766;17775;13991;28891;17030;11861;2875;747;2130
6204;30 tot 40 jaar;2014;100574.0;35135.0;42151.0;16840.0;6452.0;1028;622;405;31331;17498;13833;29660;17552;12109;1671;-54;1724
6205;30 tot 40 jaar;2015;100619.0;35149.0;42175.0;16733.0;6562.0;1013;613;399;31158;17413;13745;30330;17984;12346;828;-571;1400
6206;30 tot 40 jaar;2016;101282.0;35500.0;42468.0;16649.0;6666.0;1002;608;395;31136;17422;13714;30882;18310;12571;254;-888;1143
6207;30 tot 40 jaar;2017;102129.0;35843.0;42885.0;16630.0;6773.0;994;604;393;31179;17474;13705;31260;18515;12744;-81;-1041;961
6208;30 tot 40 jaar;2018;103038.0;36253.0;43275.0;16628.0;6877.0;984;598;388;31272;17551;13721;31588;18692;12895;-316;-1141;826
6209;30 tot 40 jaar;2019;104099.0;36646.0;43788.0;16685.0;6981.0;976;591;384;31380;17641;13739;31880;18837;13041;-500;-1196;698
6210;30 tot 40 jaar;2020;105491.0;37186.0;44405.0;16799.0;7102.0;967;584;381;31459;17712;13747;32134;18974;13161;-675;-1262;586
6211;30 tot 40 jaar;2021;106801.0;37600.0;45018.0;16964.0;7220.0;961;582;378;31508;17764;13744;32295;19063;13231;-787;-1299;513
6212;30 tot 40 jaar;2022;107903.0;37882.0;45540.0;17129.0;7351.0;957;579;377;31501;17776;13725;32398;19125;13273;-897;-1349;452
6213;30 tot 40 jaar;2023;108793.0;38082.0;45944.0;17291.0;7479.0;955;578;376;31461;17758;13703;32443;19157;13291;-982;-1399;413
6214;30 tot 40 jaar;2024;109391.0;38219.0;46214.0;17374.0;7582.0;951;574;376;31421;17745;13676;32441;19162;13280;-1020;-1417;396
6215;30 tot 40 jaar;2025;109441.0;38144.0;46245.0;17388.0;7661.0;945;570;373;31386;17734;13652;32399;19151;13248;-1013;-1417;404
6216;30 tot 40 jaar;2026;109210.0;37990.0;46161.0;17343.0;7715.0;933;564;370;31358;17726;13632;32334;19136;13200;-976;-1410;433
6217;30 tot 40 jaar;2027;109187.0;37982.0;46140.0;17298.0;7766.0;924;558;368;31319;17701;13618;32257;19104;13154;-938;-1403;464
6218;30 tot 40 jaar;2028;109520.0;38172.0;46245.0;17273.0;7827.0;916;553;365;31284;17686;13598;32198;19088;13109;-914;-1402;489
6219;30 tot 40 jaar;2029;109920.0;38389.0;46402.0;17253.0;7879.0;909;548;363;31262;17672;13590;32132;19067;13065;-870;-1395;525
6220;30 tot 40 jaar;2030;110637.0;38751.0;46694.0;17265.0;7927.0;895;540;359;31255;17667;13588;32078;19047;13031;-823;-1380;557
6221;30 tot 40 jaar;2031;111118.0;38941.0;46921.0;17288.0;7969.0;885;530;352;31253;17672;13581;32004;19016;12989;-751;-1344;592
6222;30 tot 40 jaar;2032;111463.0;39025.0;47100.0;17333.0;8008.0;875;526;348;31251;17673;13578;31944;18992;12952;-693;-1319;626
6223;30 tot 40 jaar;2033;111691.0;39042.0;47225.0;17382.0;8041.0;864;518;343;31281;17686;13595;31905;18981;12919;-624;-1295;676
6224;30 tot 40 jaar;2034;111452.0;38841.0;47156.0;17394.0;8061.0;853;512;342;31307;17698;13609;31844;18961;12882;-537;-1263;727
6225;30 tot 40 jaar;2035;110785.0;38460.0;46896.0;17361.0;8069.0;842;504;339;31365;17730;13635;31791;18947;12843;-426;-1217;792
6226;30 tot 40 jaar;2036;109922.0;38046.0;46532.0;17284.0;8059.0;831;497;332;31432;17765;13667;31747;18935;12811;-315;-1170;856
6227;30 tot 40 jaar;2037;108866.0;37618.0;46069.0;17155.0;8022.0;818;489;329;31481;17797;13684;31695;18920;12774;-214;-1123;910
6228;30 tot 40 jaar;2038;107959.0;37329.0;45654.0;17007.0;7969.0;804;480;324;31532;17821;13711;31656;18909;12747;-124;-1088;964
6229;30 tot 40 jaar;2039;107249.0;37155.0;45322.0;16863.0;7910.0;788;470;318;31593;17855;13738;31609;18887;12721;-16;-1032;1017
6230;30 tot 40 jaar;2040;106462.0;36943.0;44981.0;16703.0;7832.0;770;459;310;31638;17885;13753;31538;18851;12686;101;-966;1067
6231;30 tot 40 jaar;2041;105778.0;36745.0;44697.0;16571.0;7763.0;753;449;303;31670;17899;13771;31480;18822;12658;190;-923;1113
6232;30 tot 40 jaar;2042;105202.0;36573.0;44461.0;16463.0;7704.0;737;438;298;31719;17928;13791;31431;18798;12635;288;-870;1156
6233;30 tot 40 jaar;2043;104763.0;36446.0;44282.0;16380.0;7652.0;720;428;291;31739;17935;13804;31387;18775;12611;352;-840;1193
6234;30 tot 40 jaar;2044;104512.0;36381.0;44181.0;16332.0;7621.0;705;422;283;31754;17942;13812;31374;18771;12601;380;-829;1211
6235;30 tot 40 jaar;2045;104445.0;36378.0;44146.0;16314.0;7609.0;695;413;281;31776;17954;13822;31378;18776;12601;398;-822;1221
6236;30 tot 40 jaar;2046;104495.0;36419.0;44161.0;16307.0;7606.0;685;410;275;31795;17962;13833;31391;18786;12604;405;-824;1229
6237;30 tot 40 jaar;2047;104667.0;36509.0;44227.0;16320.0;7612.0;676;404;274;31815;17975;13840;31429;18810;12617;387;-835;1223
6238;30 tot 40 jaar;2048;104912.0;36626.0;44328.0;16342.0;7618.0;669;399;270;31837;17986;13851;31451;18823;12626;386;-837;1225
6239;30 tot 40 jaar;2049;105229.0;36766.0;44463.0;16376.0;7628.0;661;393;266;31857;17994;13863;31479;18842;12638;378;-848;1225
6240;30 tot 40 jaar;2050;105652.0;36933.0;44644.0;16430.0;7647.0;652;388;264;31876;18006;13870;31512;18862;12652;364;-856;1218
6241;30 tot 40 jaar;2051;106128.0;37106.0;44846.0;16500.0;7675.0;646;386;261;31889;18016;13873;31561;18891;12669;328;-875;1204
6242;30 tot 40 jaar;2052;106632.0;37287.0;45060.0;16576.0;7711.0;642;384;259;31907;18023;13884;31613;18923;12689;294;-900;1195
6243;30 tot 40 jaar;2053;107137.0;37460.0;45276.0;16656.0;7745.0;635;377;256;31919;18030;13889;31663;18953;12711;256;-923;1178
6244;30 tot 40 jaar;2054;107620.0;37620.0;45483.0;16734.0;7782.0;631;376;255;31934;18040;13894;31718;18989;12730;216;-949;1164
6245;30 tot 40 jaar;2055;108063.0;37763.0;45673.0;16809.0;7819.0;625;373;254;31940;18042;13898;31769;19020;12752;171;-978;1146
6246;30 tot 40 jaar;2056;108459.0;37886.0;45843.0;16877.0;7852.0;621;370;254;31953;18048;13905;31816;19045;12770;137;-997;1135
6247;30 tot 40 jaar;2057;108801.0;37994.0;45987.0;16938.0;7882.0;614;367;248;31960;18055;13905;31860;19074;12787;100;-1019;1118
6248;30 tot 40 jaar;2058;109085.0;38079.0;46110.0;16988.0;7907.0;610;364;245;31965;18057;13908;31899;19096;12803;66;-1039;1105
6249;30 tot 40 jaar;2059;109313.0;38145.0;46206.0;17033.0;7929.0;603;358;244;31969;18061;13908;31932;19117;12817;37;-1056;1091
6250;40 tot 50 jaar;2010;7495.0;1814.0;2649.0;1576.0;1452.0;3706;2057;1650;15523;9155;6368;16461;10438;6024;-938;-1283;344
6251;40 tot 50 jaar;2011;7597.0;1788.0;2654.0;1655.0;1498.0;3653;2028;1625;15956;9410;6546;16454;10401;6052;-498;-991;494
6252;40 tot 50 jaar;2012;7300.0;1774.0;2530.0;1538.0;1454.0;3589;1993;1592;16035;9422;6613;16448;10373;6075;-413;-951;538
6253;40 tot 50 jaar;2013;6920.0;1712.0;2370.0;1429.0;1411.0;3501;1946;1553;15619;9133;6486;16465;10370;6096;-846;-1237;390
6254;40 tot 50 jaar;2014;6643.0;1636.0;2317.0;1337.0;1356.0;3391;1885;1505;15307;8923;6384;16546;10412;6133;-1239;-1489;251
6255;40 tot 50 jaar;2015;6275.0;1547.0;2166.0;1276.0;1284.0;3282;1822;1461;15157;8840;6317;16562;10413;6151;-1405;-1573;166
6256;40 tot 50 jaar;2016;6081.0;1505.0;2069.0;1243.0;1266.0;3182;1765;1417;15135;8840;6295;16527;10360;6166;-1392;-1520;129
6257;40 tot 50 jaar;2017;5855.0;1476.0;1952.0;1160.0;1266.0;3077;1704;1374;15165;8872;6293;16429;10262;6167;-1264;-1390;126
6258;40 tot 50 jaar;2018;5793.0;1467.0;1929.0;1123.0;1273.0;2968;1642;1328;15235;8935;6300;16343;10181;6162;-1108;-1246;138
6259;40 tot 50 jaar;2019;5701.0;1459.0;1873.0;1083.0;1286.0;2833;1563;1269;15313;9003;6310;16246;10097;6148;-933;-1094;162
6260;40 tot 50 jaar;2020;5693.0;1470.0;1849.0;1074.0;1300.0;2704;1494;1215;15390;9068;6322;16197;10050;6148;-807;-982;174
6261;40 tot 50 jaar;2021;5672.0;1479.0;1831.0;1048.0;1315.0;2595;1430;1165;15437;9113;6324;16178;10027;6150;-741;-914;174
6262;40 tot 50 jaar;2022;5585.0;1462.0;1783.0;1025.0;1314.0;2498;1378;1121;15462;9143;6319;16190;10033;6154;-728;-890;165
6263;40 tot 50 jaar;2023;5522.0;1448.0;1752.0;1011.0;1310.0;2434;1342;1092;15453;9142;6311;16241;10065;6176;-788;-923;135
6264;40 tot 50 jaar;2024;5566.0;1454.0;1769.0;1023.0;1322.0;2385;1314;1069;15455;9151;6304;16320;10116;6205;-865;-965;99
6265;40 tot 50 jaar;2025;5657.0;1471.0;1808.0;1041.0;1338.0;2355;1298;1056;15446;9156;6290;16404;10166;6237;-958;-1010;53
6266;40 tot 50 jaar;2026;5771.0;1495.0;1853.0;1056.0;1366.0;2330;1283;1048;15431;9149;6282;16500;10222;6280;-1069;-1073;2
6267;40 tot 50 jaar;2027;5831.0;1515.0;1867.0;1065.0;1385.0;2315;1275;1039;15436;9159;6277;16585;10272;6311;-1149;-1113;-34
6268;40 tot 50 jaar;2028;5866.0;1526.0;1873.0;1074.0;1396.0;2296;1263;1030;15425;9153;6272;16648;10313;6336;-1223;-1160;-64
6269;40 tot 50 jaar;2029;5923.0;1538.0;1892.0;1084.0;1408.0;2279;1255;1024;15441;9167;6274;16713;10351;6363;-1272;-1184;-89
6270;40 tot 50 jaar;2030;6036.0;1568.0;1932.0;1106.0;1433.0;2258;1242;1017;15441;9167;6274;16787;10396;6392;-1346;-1229;-118
6271;40 tot 50 jaar;2031;6112.0;1586.0;1956.0;1119.0;1452.0;2244;1235;1009;15450;9181;6269;16856;10439;6417;-1406;-1258;-148
6272;40 tot 50 jaar;2032;6130.0;1589.0;1955.0;1118.0;1462.0;2239;1232;1007;15469;9192;6277;16920;10485;6439;-1451;-1293;-162
6273;40 tot 50 jaar;2033;6126.0;1588.0;1952.0;1117.0;1469.0;2239;1230;1007;15483;9195;6288;16970;10514;6454;-1487;-1319;-166
6274;40 tot 50 jaar;2034;6131.0;1590.0;1952.0;1118.0;1473.0;2229;1227;1004;15513;9218;6295;17017;10549;6467;-1504;-1331;-172
6275;40 tot 50 jaar;2035;6085.0;1578.0;1935.0;1108.0;1465.0;2216;1219;1000;15556;9242;6314;17041;10567;6475;-1485;-1325;-161
6276;40 tot 50 jaar;2036;6039.0;1566.0;1918.0;1098.0;1458.0;2197;1207;989;15598;9270;6328;17058;10586;6473;-1460;-1316;-145
6277;40 tot 50 jaar;2037;6056.0;1567.0;1924.0;1101.0;1462.0;2173;1195;980;15637;9295;6342;17086;10607;6482;-1449;-1312;-140
6278;40 tot 50 jaar;2038;6127.0;1587.0;1949.0;1115.0;1475.0;2157;1185;973;15673;9315;6358;17136;10642;6492;-1463;-1327;-134
6279;40 tot 50 jaar;2039;6187.0;1600.0;1967.0;1128.0;1490.0;2139;1175;963;15704;9331;6373;17184;10678;6504;-1480;-1347;-131
6280;40 tot 50 jaar;2040;6283.0;1627.0;2002.0;1147.0;1513.0;2114;1161;949;15752;9369;6383;17235;10717;6519;-1483;-1348;-136
6281;40 tot 50 jaar;2041;6305.0;1632.0;2008.0;1147.0;1522.0;2083;1145;937;15776;9386;6390;17280;10748;6531;-1504;-1362;-141
6282;40 tot 50 jaar;2042;6293.0;1627.0;2000.0;1144.0;1521.0;2059;1132;925;15807;9402;6405;17323;10780;6544;-1516;-1378;-138
6283;40 tot 50 jaar;2043;6272.0;1624.0;1992.0;1140.0;1519.0;2034;1118;916;15831;9418;6413;17371;10814;6556;-1540;-1396;-143
6284;40 tot 50 jaar;2044;6198.0;1604.0;1965.0;1124.0;1502.0;2007;1104;903;15867;9441;6426;17392;10833;6560;-1525;-1392;-134
6285;40 tot 50 jaar;2045;6086.0;1576.0;1929.0;1102.0;1480.0;1983;1092;892;15883;9451;6432;17405;10842;6561;-1522;-1391;-129
6286;40 tot 50 jaar;2046;5995.0;1551.0;1898.0;1086.0;1458.0;1963;1079;881;15907;9466;6441;17413;10848;6562;-1506;-1382;-121
6287;40 tot 50 jaar;2047;5919.0;1532.0;1874.0;1074.0;1438.0;1936;1066;870;15926;9476;6450;17407;10848;6560;-1481;-1372;-110
6288;40 tot 50 jaar;2048;5901.0;1527.0;1872.0;1070.0;1432.0;1905;1049;856;15941;9485;6456;17399;10843;6556;-1458;-1358;-100
6289;40 tot 50 jaar;2049;5909.0;1529.0;1876.0;1074.0;1430.0;1868;1029;841;15961;9495;6466;17391;10838;6552;-1430;-1343;-86
6290;40 tot 50 jaar;2050;5888.0;1525.0;1869.0;1070.0;1426.0;1828;1005;820;15977;9508;6469;17372;10825;6545;-1395;-1317;-76
6291;40 tot 50 jaar;2051;5864.0;1517.0;1861.0;1067.0;1419.0;1787;985;803;15986;9514;6472;17351;10815;6536;-1365;-1301;-64
6292;40 tot 50 jaar;2052;5846.0;1513.0;1855.0;1061.0;1414.0;1747;964;785;16007;9527;6480;17333;10803;6531;-1326;-1276;-50
6293;40 tot 50 jaar;2053;5837.0;1511.0;1853.0;1060.0;1413.0;1711;944;767;16017;9530;6487;17317;10794;6523;-1300;-1264;-36
6294;40 tot 50 jaar;2054;5838.0;1511.0;1855.0;1059.0;1412.0;1678;926;753;16036;9543;6493;17316;10793;6525;-1280;-1250;-32
6295;40 tot 50 jaar;2055;5848.0;1514.0;1859.0;1063.0;1415.0;1654;914;739;16046;9550;6496;17328;10799;6527;-1282;-1249;-31
6296;40 tot 50 jaar;2056;5865.0;1519.0;1863.0;1066.0;1418.0;1630;901;730;16050;9552;6498;17344;10810;6533;-1294;-1258;-35
6297;40 tot 50 jaar;2057;5889.0;1525.0;1871.0;1070.0;1422.0;1612;891;721;16060;9556;6504;17371;10827;6543;-1311;-1271;-39
6298;40 tot 50 jaar;2058;5916.0;1532.0;1880.0;1075.0;1430.0;1591;880;711;16060;9557;6503;17390;10839;6550;-1330;-1282;-47
6299;40 tot 50 jaar;2059;5949.0;1540.0;1892.0;1081.0;1437.0;1572;870;702;16066;9560;6506;17411;10852;6560;-1345;-1292;-54
6300;50 tot 60 jaar;2010;;;;;;9024;5144;3881;6583;3903;2680;8496;5330;3167;-1913;-1427;-487
6301;50 tot 60 jaar;2011;;;;;;8998;5113;3883;6819;4055;2764;8645;5420;3224;-1826;-1365;-460
6302;50 tot 60 jaar;2012;;;;;;8948;5076;3872;6896;4092;2804;8832;5543;3291;-1936;-1451;-487
6303;50 tot 60 jaar;2013;;;;;;8924;5053;3870;6693;3940;2753;9103;5724;3377;-2410;-1784;-624
6304;50 tot 60 jaar;2014;;;;;;8903;5032;3873;6541;3826;2715;9461;5974;3487;-2920;-2148;-772
6305;50 tot 60 jaar;2015;;;;;;8873;5006;3868;6451;3780;2671;9765;6190;3577;-3314;-2410;-906
6306;50 tot 60 jaar;2016;;;;;;8811;4959;3853;6429;3775;2654;9972;6328;3646;-3543;-2553;-992
6307;50 tot 60 jaar;2017;;;;;;8741;4908;3833;6460;3808;2652;10112;6410;3705;-3652;-2602;-1053
6308;50 tot 60 jaar;2018;;;;;;8663;4855;3808;6501;3838;2663;10242;6475;3768;-3741;-2637;-1105
6309;50 tot 60 jaar;2019;;;;;;8586;4802;3786;6544;3876;2668;10374;6543;3831;-3830;-2667;-1163
6310;50 tot 60 jaar;2020;;;;;;8503;4744;3756;6597;3923;2674;10467;6582;3886;-3870;-2659;-1212
6311;50 tot 60 jaar;2021;;;;;;8369;4664;3707;6634;3948;2686;10509;6585;3922;-3875;-2637;-1236
6312;50 tot 60 jaar;2022;;;;;;8213;4571;3644;6647;3959;2688;10502;6559;3944;-3855;-2600;-1256
6313;50 tot 60 jaar;2023;;;;;;8003;4443;3559;6671;3975;2696;10442;6500;3943;-3771;-2525;-1247
6314;50 tot 60 jaar;2024;;;;;;7759;4302;3457;6665;3974;2691;10353;6421;3930;-3688;-2447;-1239
6315;50 tot 60 jaar;2025;;;;;;7517;4164;3353;6669;3979;2690;10252;6340;3912;-3583;-2361;-1222
6316;50 tot 60 jaar;2026;;;;;;7288;4030;3256;6675;3983;2692;10156;6265;3890;-3481;-2282;-1198
6317;50 tot 60 jaar;2027;;;;;;7057;3900;3155;6681;3992;2689;10073;6201;3871;-3392;-2209;-1182
6318;50 tot 60 jaar;2028;;;;;;6814;3765;3051;6693;3999;2694;9987;6137;3850;-3294;-2138;-1156
6319;50 tot 60 jaar;2029;;;;;;6519;3597;2922;6700;4007;2693;9896;6071;3826;-3196;-2064;-1133
6320;50 tot 60 jaar;2030;;;;;;6248;3445;2802;6714;4018;2696;9831;6024;3806;-3117;-2006;-1110
6321;50 tot 60 jaar;2031;;;;;;6008;3310;2699;6715;4021;2694;9791;5995;3797;-3076;-1974;-1103
6322;50 tot 60 jaar;2032;;;;;;5802;3197;2605;6725;4027;2698;9769;5978;3791;-3044;-1951;-1093
6323;50 tot 60 jaar;2033;;;;;;5661;3119;2541;6748;4041;2707;9782;5985;3797;-3034;-1944;-1090
6324;50 tot 60 jaar;2034;;;;;;5555;3063;2493;6762;4053;2709;9822;6007;3814;-3060;-1954;-1105
6325;50 tot 60 jaar;2035;;;;;;5489;3029;2461;6788;4063;2725;9880;6040;3838;-3092;-1977;-1113
6326;50 tot 60 jaar;2036;;;;;;5438;2996;2440;6808;4076;2732;9953;6081;3872;-3145;-2005;-1140
6327;50 tot 60 jaar;2037;;;;;;5400;2977;2421;6831;4091;2740;10027;6125;3901;-3196;-2034;-1161
6328;50 tot 60 jaar;2038;;;;;;5353;2952;2400;6856;4103;2753;10094;6163;3932;-3238;-2060;-1179
6329;50 tot 60 jaar;2039;;;;;;5315;2932;2384;6874;4118;2756;10169;6204;3964;-3295;-2086;-1208
6330;50 tot 60 jaar;2040;;;;;;5270;2906;2364;6896;4130;2766;10249;6252;3997;-3353;-2122;-1231
6331;50 tot 60 jaar;2041;;;;;;5237;2890;2348;6919;4147;2772;10332;6303;4031;-3413;-2156;-1259
6332;50 tot 60 jaar;2042;;;;;;5224;2882;2340;6931;4154;2777;10410;6348;4061;-3479;-2194;-1284
6333;50 tot 60 jaar;2043;;;;;;5215;2880;2336;6958;4174;2784;10479;6393;4088;-3521;-2219;-1304
6334;50 tot 60 jaar;2044;;;;;;5196;2870;2326;6971;4182;2789;10544;6430;4113;-3573;-2248;-1324
6335;50 tot 60 jaar;2045;;;;;;5161;2853;2311;6985;4190;2795;10593;6464;4131;-3608;-2274;-1336
6336;50 tot 60 jaar;2046;;;;;;5114;2829;2284;7001;4201;2800;10638;6494;4145;-3637;-2293;-1345
6337;50 tot 60 jaar;2047;;;;;;5063;2799;2265;7009;4207;2802;10686;6524;4162;-3677;-2317;-1360
6338;50 tot 60 jaar;2048;;;;;;5026;2779;2245;7014;4210;2804;10743;6559;4182;-3729;-2349;-1378
6339;50 tot 60 jaar;2049;;;;;;4985;2759;2227;7022;4219;2803;10797;6595;4204;-3775;-2376;-1401
6340;50 tot 60 jaar;2050;;;;;;4929;2728;2203;7033;4228;2805;10854;6629;4223;-3821;-2401;-1418
6341;50 tot 60 jaar;2051;;;;;;4870;2696;2175;7043;4234;2809;10903;6663;4242;-3860;-2429;-1433
6342;50 tot 60 jaar;2052;;;;;;4817;2666;2150;7048;4238;2810;10951;6691;4259;-3903;-2453;-1449
6343;50 tot 60 jaar;2053;;;;;;4766;2641;2126;7055;4240;2815;10999;6721;4277;-3944;-2481;-1462
6344;50 tot 60 jaar;2054;;;;;;4710;2607;2100;7063;4244;2819;11034;6745;4287;-3971;-2501;-1468
6345;50 tot 60 jaar;2055;;;;;;4657;2582;2077;7067;4247;2820;11059;6764;4299;-3992;-2517;-1479
6346;50 tot 60 jaar;2056;;;;;;4605;2551;2053;7070;4249;2821;11079;6776;4304;-4009;-2527;-1483
6347;50 tot 60 jaar;2057;;;;;;4544;2523;2024;7072;4248;2824;11094;6786;4310;-4022;-2538;-1486
6348;50 tot 60 jaar;2058;;;;;;4470;2481;1991;7074;4251;2823;11104;6792;4312;-4030;-2541;-1489
6349;50 tot 60 jaar;2059;;;;;;4393;2439;1954;7079;4254;2825;11108;6794;4315;-4029;-2540;-1490
6350;60 tot 70 jaar;2010;;;;;;18265;11147;7120;2714;1560;1154;4535;2751;1784;-1821;-1191;-630
6351;60 tot 70 jaar;2011;;;;;;18575;11311;7262;2861;1653;1208;4627;2788;1838;-1766;-1135;-630
6352;60 tot 70 jaar;2012;;;;;;18860;11463;7400;2901;1671;1230;4753;2865;1888;-1852;-1194;-658
6353;60 tot 70 jaar;2013;;;;;;19008;11522;7485;2746;1567;1179;4895;2952;1944;-2149;-1385;-765
6354;60 tot 70 jaar;2014;;;;;;19074;11531;7540;2648;1500;1148;5061;3061;1998;-2413;-1561;-850
6355;60 tot 70 jaar;2015;;;;;;19283;11622;7662;2592;1465;1127;5201;3155;2046;-2609;-1690;-919
6356;60 tot 70 jaar;2016;;;;;;18690;11214;7476;2588;1463;1125;5282;3193;2088;-2694;-1730;-963
6357;60 tot 70 jaar;2017;;;;;;18225;10895;7331;2609;1485;1124;5339;3210;2127;-2730;-1725;-1003
6358;60 tot 70 jaar;2018;;;;;;17941;10684;7257;2634;1505;1129;5420;3248;2171;-2786;-1743;-1042
6359;60 tot 70 jaar;2019;;;;;;17798;10563;7235;2672;1534;1138;5516;3298;2220;-2844;-1764;-1082
6360;60 tot 70 jaar;2020;;;;;;17732;10496;7236;2712;1566;1146;5635;3362;2273;-2923;-1796;-1127
6361;60 tot 70 jaar;2021;;;;;;17743;10480;7262;2743;1590;1153;5752;3426;2327;-3009;-1836;-1174
6362;60 tot 70 jaar;2022;;;;;;17715;10446;7269;2761;1604;1157;5870;3493;2380;-3109;-1889;-1223
6363;60 tot 70 jaar;2023;;;;;;17747;10457;7288;2772;1612;1160;5991;3562;2428;-3219;-1950;-1268
6364;60 tot 70 jaar;2024;;;;;;17794;10481;7312;2781;1619;1162;6120;3641;2482;-3339;-2022;-1320
6365;60 tot 70 jaar;2025;;;;;;17816;10501;7317;2786;1624;1162;6228;3705;2525;-3442;-2081;-1363
6366;60 tot 70 jaar;2026;;;;;;17792;10490;7303;2796;1626;1170;6310;3749;2563;-3514;-2123;-1393
6367;60 tot 70 jaar;2027;;;;;;17740;10468;7275;2807;1630;1177;6382;3790;2593;-3575;-2160;-1416
6368;60 tot 70 jaar;2028;;;;;;17669;10432;7238;2819;1641;1178;6447;3823;2626;-3628;-2182;-1448
6369;60 tot 70 jaar;2029;;;;;;17599;10398;7200;2825;1647;1178;6522;3861;2661;-3697;-2214;-1483
6370;60 tot 70 jaar;2030;;;;;;17501;10346;7154;2834;1656;1178;6560;3878;2683;-3726;-2222;-1505
6371;60 tot 70 jaar;2031;;;;;;17296;10234;7063;2838;1657;1181;6581;3877;2705;-3743;-2220;-1524
6372;60 tot 70 jaar;2032;;;;;;17023;10081;6947;2848;1663;1185;6572;3856;2718;-3724;-2193;-1533
6373;60 tot 70 jaar;2033;;;;;;16632;9847;6785;2861;1671;1190;6531;3814;2717;-3670;-2143;-1527
6374;60 tot 70 jaar;2034;;;;;;16161;9570;6590;2867;1674;1193;6469;3760;2709;-3602;-2086;-1516
6375;60 tot 70 jaar;2035;;;;;;15682;9286;6395;2883;1684;1199;6395;3701;2697;-3512;-2017;-1498
6376;60 tot 70 jaar;2036;;;;;;15216;9013;6203;2897;1694;1203;6336;3648;2688;-3439;-1954;-1485
6377;60 tot 70 jaar;2037;;;;;;14737;8726;6011;2904;1697;1207;6277;3597;2679;-3373;-1900;-1472
6378;60 tot 70 jaar;2038;;;;;;14236;8425;5810;2909;1700;1209;6216;3552;2663;-3307;-1852;-1454
6379;60 tot 70 jaar;2039;;;;;;13614;8052;5561;2917;1707;1210;6148;3497;2653;-3231;-1790;-1443
6380;60 tot 70 jaar;2040;;;;;;13050;7715;5335;2929;1712;1217;6100;3460;2641;-3171;-1748;-1424
6381;60 tot 70 jaar;2041;;;;;;12548;7411;5136;2935;1716;1219;6071;3436;2634;-3136;-1720;-1415
6382;60 tot 70 jaar;2042;;;;;;12114;7161;4955;2948;1726;1222;6054;3421;2633;-3106;-1695;-1411
6383;60 tot 70 jaar;2043;;;;;;11817;6987;4830;2952;1729;1223;6064;3420;2642;-3112;-1691;-1419
6384;60 tot 70 jaar;2044;;;;;;11598;6859;4739;2957;1734;1223;6087;3430;2656;-3130;-1696;-1433
6385;60 tot 70 jaar;2045;;;;;;11459;6780;4679;2968;1745;1223;6132;3454;2679;-3164;-1709;-1456
6386;60 tot 70 jaar;2046;;;;;;11357;6719;4638;2971;1746;1225;6185;3480;2704;-3214;-1734;-1479
6387;60 tot 70 jaar;2047;;;;;;11287;6679;4603;2978;1748;1230;6235;3508;2729;-3257;-1760;-1499
6388;60 tot 70 jaar;2048;;;;;;11202;6633;4566;2987;1754;1233;6277;3529;2748;-3290;-1775;-1515
6389;60 tot 70 jaar;2049;;;;;;11138;6602;4538;2992;1757;1235;6331;3555;2774;-3339;-1798;-1539
6390;60 tot 70 jaar;2050;;;;;;11069;6565;4505;3004;1766;1238;6387;3592;2796;-3383;-1826;-1558
6391;60 tot 70 jaar;2051;;;;;;11027;6547;4479;3013;1771;1242;6445;3625;2823;-3432;-1854;-1581
6392;60 tot 70 jaar;2052;;;;;;11021;6550;4471;3017;1772;1245;6502;3659;2845;-3485;-1887;-1600
6393;60 tot 70 jaar;2053;;;;;;11029;6559;4468;3023;1777;1246;6546;3685;2859;-3523;-1908;-1613
6394;60 tot 70 jaar;2054;;;;;;11009;6556;4456;3027;1780;1247;6588;3710;2876;-3561;-1930;-1629
6395;60 tot 70 jaar;2055;;;;;;10962;6532;4429;3031;1783;1248;6618;3727;2889;-3587;-1944;-1641
6396;60 tot 70 jaar;2056;;;;;;10880;6492;4389;3034;1783;1251;6648;3748;2901;-3614;-1965;-1650
6397;60 tot 70 jaar;2057;;;;;;10791;6439;4351;3037;1786;1251;6676;3765;2913;-3639;-1979;-1662
6398;60 tot 70 jaar;2058;;;;;;10726;6407;4321;3039;1788;1251;6711;3783;2929;-3672;-1995;-1678
6399;60 tot 70 jaar;2059;;;;;;10654;6369;4287;3038;1786;1252;6743;3800;2943;-3705;-2014;-1691
6400;70 tot 80 jaar;2010;;;;;;30233;17815;12420;930;465;465;1277;753;522;-347;-288;-57
6401;70 tot 80 jaar;2011;;;;;;30055;17757;12298;986;498;488;1315;779;536;-329;-281;-48
6402;70 tot 80 jaar;2012;;;;;;29927;17733;12194;1013;511;502;1359;803;556;-346;-292;-54
6403;70 tot 80 jaar;2013;;;;;;30106;17885;12225;952;471;481;1410;838;572;-458;-367;-91
6404;70 tot 80 jaar;2014;;;;;;30369;18069;12300;910;440;470;1496;892;604;-586;-452;-134
6405;70 tot 80 jaar;2015;;;;;;30544;18183;12364;876;420;456;1576;940;636;-700;-520;-180
6406;70 tot 80 jaar;2016;;;;;;31556;18801;12755;869;417;452;1694;1014;676;-825;-597;-224
6407;70 tot 80 jaar;2017;;;;;;32548;19390;13159;870;421;449;1786;1069;717;-916;-648;-268
6408;70 tot 80 jaar;2018;;;;;;33245;19803;13444;882;430;452;1858;1105;754;-976;-675;-302
6409;70 tot 80 jaar;2019;;;;;;33890;20186;13707;893;440;453;1922;1136;787;-1029;-696;-334
6410;70 tot 80 jaar;2020;;;;;;34464;20516;13947;907;454;453;1981;1158;823;-1074;-704;-370
6411;70 tot 80 jaar;2021;;;;;;35258;20965;14293;927;470;457;2034;1179;855;-1107;-709;-398
6412;70 tot 80 jaar;2022;;;;;;36067;21419;14647;931;474;457;2090;1203;885;-1159;-729;-428
6413;70 tot 80 jaar;2023;;;;;;36629;21727;14903;940;476;464;2149;1227;926;-1209;-751;-462
6414;70 tot 80 jaar;2024;;;;;;37092;21984;15110;944;478;466;2210;1251;960;-1266;-773;-494
6415;70 tot 80 jaar;2025;;;;;;37912;22438;15472;949;483;466;2272;1277;997;-1323;-794;-531
6416;70 tot 80 jaar;2026;;;;;;37030;21909;15124;951;486;465;2335;1304;1029;-1384;-818;-564
6417;70 tot 80 jaar;2027;;;;;;36384;21531;14851;949;485;464;2390;1330;1059;-1441;-845;-595
6418;70 tot 80 jaar;2028;;;;;;36096;21351;14744;953;489;464;2454;1360;1092;-1501;-871;-628
6419;70 tot 80 jaar;2029;;;;;;36070;21332;14737;955;492;463;2525;1399;1126;-1570;-907;-663
6420;70 tot 80 jaar;2030;;;;;;36183;21398;14786;959;494;465;2613;1446;1168;-1654;-952;-703
6421;70 tot 80 jaar;2031;;;;;;36432;21538;14893;963;497;466;2695;1492;1200;-1732;-995;-734
6422;70 tot 80 jaar;2032;;;;;;36564;21614;14949;973;501;472;2782;1542;1241;-1809;-1041;-769
6423;70 tot 80 jaar;2033;;;;;;36796;21758;15041;973;503;470;2871;1592;1279;-1898;-1089;-809
6424;70 tot 80 jaar;2034;;;;;;37030;21896;15135;975;505;470;2967;1648;1318;-1992;-1143;-848
6425;70 tot 80 jaar;2035;;;;;;37193;22007;15187;977;506;471;3054;1699;1354;-2077;-1193;-883
6426;70 tot 80 jaar;2036;;;;;;37222;22019;15201;983;508;475;3120;1736;1385;-2137;-1228;-910
6427;70 tot 80 jaar;2037;;;;;;37174;21995;15182;991;513;478;3176;1765;1413;-2185;-1252;-935
6428;70 tot 80 jaar;2038;;;;;;37067;21925;15142;997;516;481;3242;1798;1443;-2245;-1282;-962
6429;70 tot 80 jaar;2039;;;;;;36931;21846;15087;1003;518;485;3309;1834;1476;-2306;-1316;-991
6430;70 tot 80 jaar;2040;;;;;;36738;21721;15014;1007;521;486;3360;1857;1505;-2353;-1336;-1019
6431;70 tot 80 jaar;2041;;;;;;36309;21464;14845;1010;522;488;3400;1869;1533;-2390;-1347;-1045
6432;70 tot 80 jaar;2042;;;;;;35749;21122;14627;1010;522;488;3425;1871;1554;-2415;-1349;-1066
6433;70 tot 80 jaar;2043;;;;;;34947;20627;14319;1015;525;490;3428;1860;1570;-2413;-1335;-1080
6434;70 tot 80 jaar;2044;;;;;;33985;20042;13943;1018;526;492;3422;1842;1580;-2404;-1316;-1088
6435;70 tot 80 jaar;2045;;;;;;33028;19456;13573;1021;528;493;3409;1826;1585;-2388;-1298;-1092
6436;70 tot 80 jaar;2046;;;;;;32128;18912;13218;1026;531;495;3392;1807;1584;-2366;-1276;-1089
6437;70 tot 80 jaar;2047;;;;;;31216;18354;12861;1030;533;497;3393;1800;1594;-2363;-1267;-1097
6438;70 tot 80 jaar;2048;;;;;;30258;17782;12478;1033;534;499;3387;1788;1599;-2354;-1254;-1100
6439;70 tot 80 jaar;2049;;;;;;29014;17043;11972;1036;537;499;3372;1775;1599;-2336;-1238;-1100
6440;70 tot 80 jaar;2050;;;;;;27882;16380;11501;1040;539;501;3365;1768;1598;-2325;-1229;-1097
6441;70 tot 80 jaar;2051;;;;;;26880;15792;11087;1040;538;502;3356;1757;1599;-2316;-1219;-1097
6442;70 tot 80 jaar;2052;;;;;;26016;15305;10711;1040;537;503;3347;1754;1596;-2307;-1217;-1093
6443;70 tot 80 jaar;2053;;;;;;25459;14989;10471;1040;537;503;3359;1756;1603;-2319;-1219;-1100
6444;70 tot 80 jaar;2054;;;;;;25067;14768;10297;1042;539;503;3373;1764;1611;-2331;-1225;-1108
6445;70 tot 80 jaar;2055;;;;;;24859;14654;10205;1046;541;505;3397;1774;1623;-2351;-1233;-1118
6446;70 tot 80 jaar;2056;;;;;;24718;14568;10149;1052;545;507;3425;1787;1637;-2373;-1242;-1130
6447;70 tot 80 jaar;2057;;;;;;24650;14536;10111;1054;545;509;3449;1801;1649;-2395;-1256;-1140
6448;70 tot 80 jaar;2058;;;;;;24542;14483;10060;1054;545;509;3473;1813;1657;-2419;-1268;-1148
6449;70 tot 80 jaar;2059;;;;;;24475;14450;10027;1056;545;511;3493;1825;1668;-2437;-1280;-1157
6450;80 tot 90 jaar;2010;;;;;;47873;21289;26587;296;136;160;274;125;149;22;11;11
6451;80 tot 90 jaar;2011;;;;;;48053;21649;26404;319;149;170;280;128;152;39;21;18
6452;80 tot 90 jaar;2012;;;;;;48348;22070;26277;325;152;173;290;136;155;35;16;18
6453;80 tot 90 jaar;2013;;;;;;48422;22409;26012;301;137;164;305;147;159;-4;-9;5
6454;80 tot 90 jaar;2014;;;;;;48671;22828;25842;290;127;163;321;158;162;-31;-31;1
6455;80 tot 90 jaar;2015;;;;;;49017;23240;25777;276;120;156;340;170;169;-64;-50;-13
6456;80 tot 90 jaar;2016;;;;;;49439;23670;25768;273;119;154;362;186;177;-89;-67;-23
6457;80 tot 90 jaar;2017;;;;;;49923;24099;25822;269;119;150;385;201;185;-116;-82;-35
6458;80 tot 90 jaar;2018;;;;;;50510;24626;25882;271;120;151;414;220;194;-143;-100;-43
6459;80 tot 90 jaar;2019;;;;;;51211;25191;26021;275;124;151;442;237;204;-167;-113;-53
6460;80 tot 90 jaar;2020;;;;;;51911;25772;26140;277;126;151;475;257;216;-198;-131;-65
6461;80 tot 90 jaar;2021;;;;;;52600;26332;26272;279;126;153;498;271;226;-219;-145;-73
6462;80 tot 90 jaar;2022;;;;;;53426;26966;26465;281;129;152;520;284;238;-239;-155;-86
6463;80 tot 90 jaar;2023;;;;;;54788;27859;26930;285;133;152;539;295;246;-254;-162;-94
6464;80 tot 90 jaar;2024;;;;;;56352;28852;27499;284;133;151;563;306;254;-279;-173;-103
6465;80 tot 90 jaar;2025;;;;;;57710;29698;28009;285;133;152;586;320;267;-301;-187;-115
6466;80 tot 90 jaar;2026;;;;;;60863;31574;29287;285;135;150;622;336;285;-337;-201;-135
6467;80 tot 90 jaar;2027;;;;;;63944;33356;30587;286;135;151;654;351;304;-368;-216;-153
6468;80 tot 90 jaar;2028;;;;;;66496;34843;31653;284;134;150;685;367;322;-401;-233;-172
6469;80 tot 90 jaar;2029;;;;;;68797;36160;32637;285;136;149;716;379;335;-431;-243;-186
6470;80 tot 90 jaar;2030;;;;;;70821;37280;33542;283;135;148;747;395;353;-464;-260;-205
6471;80 tot 90 jaar;2031;;;;;;73022;38423;34599;284;132;152;769;404;368;-485;-272;-216
6472;80 tot 90 jaar;2032;;;;;;75114;39484;35630;286;134;152;798;417;381;-512;-283;-229
6473;80 tot 90 jaar;2033;;;;;;76614;40224;36391;292;138;154;825;430;394;-533;-292;-240
6474;80 tot 90 jaar;2034;;;;;;77826;40832;36993;293;139;154;855;444;411;-562;-305;-257
6475;80 tot 90 jaar;2035;;;;;;79467;41609;37857;290;136;154;885;459;427;-595;-323;-273
6476;80 tot 90 jaar;2036;;;;;;78211;41017;37195;290;136;154;919;477;444;-629;-341;-290
6477;80 tot 90 jaar;2037;;;;;;77362;40651;36713;291;137;154;947;493;454;-656;-356;-300
6478;80 tot 90 jaar;2038;;;;;;77158;40572;36585;295;137;158;979;512;469;-684;-375;-311
6479;80 tot 90 jaar;2039;;;;;;77421;40734;36687;296;138;158;1018;532;484;-722;-394;-326
6480;80 tot 90 jaar;2040;;;;;;77912;41009;36903;303;142;161;1070;564;506;-767;-422;-345
6481;80 tot 90 jaar;2041;;;;;;78659;41411;37249;305;142;163;1114;588;525;-809;-446;-362
6482;80 tot 90 jaar;2042;;;;;;79205;41716;37488;307;143;164;1165;618;549;-858;-475;-385
6483;80 tot 90 jaar;2043;;;;;;79949;42141;37809;308;144;164;1210;644;567;-902;-500;-403
6484;80 tot 90 jaar;2044;;;;;;80721;42571;38151;308;144;164;1262;672;589;-954;-528;-425
6485;80 tot 90 jaar;2045;;;;;;81347;42947;38402;309;145;164;1307;699;608;-998;-554;-444
6486;80 tot 90 jaar;2046;;;;;;81727;43162;38566;310;146;164;1346;719;623;-1036;-573;-459
6487;80 tot 90 jaar;2047;;;;;;81967;43308;38659;310;146;164;1366;731;635;-1056;-585;-471
6488;80 tot 90 jaar;2048;;;;;;82098;43391;38706;311;146;165;1394;745;648;-1083;-599;-483
6489;80 tot 90 jaar;2049;;;;;;82251;43512;38740;312;147;165;1428;763;661;-1116;-616;-496
6490;80 tot 90 jaar;2050;;;;;;82289;43548;38740;314;148;166;1463;782;680;-1149;-634;-514
6491;80 tot 90 jaar;2051;;;;;;81843;43341;38502;316;149;167;1493;793;697;-1177;-644;-530
6492;80 tot 90 jaar;2052;;;;;;81070;42930;38142;317;150;167;1514;803;712;-1197;-653;-545
6493;80 tot 90 jaar;2053;;;;;;79706;42178;37528;317;150;167;1524;802;722;-1207;-652;-555
6494;80 tot 90 jaar;2054;;;;;;77950;41227;36722;319;152;167;1525;801;725;-1206;-649;-558
6495;80 tot 90 jaar;2055;;;;;;76115;40214;35898;320;152;168;1518;793;724;-1198;-641;-556
6496;80 tot 90 jaar;2056;;;;;;74336;39251;35087;323;152;171;1502;785;718;-1179;-633;-547
6497;80 tot 90 jaar;2057;;;;;;72502;38255;34246;323;152;171;1493;780;714;-1170;-628;-543
6498;80 tot 90 jaar;2058;;;;;;70586;37250;33335;325;154;171;1484;773;712;-1159;-619;-541
6499;80 tot 90 jaar;2059;;;;;;68101;35979;32122;327;154;173;1476;767;709;-1149;-613;-536
6500;90 jaar of ouder;2010;;;;;;23423;6301;17123;6;3;3;7;2;5;-1;1;-2
6501;90 jaar of ouder;2011;;;;;;24613;6800;17812;6;3;3;8;2;6;-2;1;-3
6502;90 jaar of ouder;2012;;;;;;25730;7278;18451;6;3;3;8;2;5;-2;1;-2
6503;90 jaar of ouder;2013;;;;;;26935;7771;19165;6;3;3;8;3;6;-2;0;-3
6504;90 jaar of ouder;2014;;;;;;28005;8188;19818;6;3;3;9;3;6;-3;0;-3
6505;90 jaar of ouder;2015;;;;;;28996;8611;20387;6;3;3;9;3;6;-3;0;-3
6506;90 jaar of ouder;2016;;;;;;29965;9041;20924;6;3;3;9;3;6;-3;0;-3
6507;90 jaar of ouder;2017;;;;;;30851;9466;21385;6;3;3;9;3;6;-3;0;-3
6508;90 jaar of ouder;2018;;;;;;31852;9933;21922;6;3;3;9;3;6;-3;0;-3
6509;90 jaar of ouder;2019;;;;;;32821;10404;22418;6;3;3;9;4;6;-3;-1;-3
6510;90 jaar of ouder;2020;;;;;;33952;10961;22991;6;3;3;10;4;6;-4;-1;-3
6511;90 jaar of ouder;2021;;;;;;34987;11499;23486;6;3;3;10;4;6;-4;-1;-3
6512;90 jaar of ouder;2022;;;;;;36079;12070;24010;6;3;3;11;4;6;-5;-1;-3
6513;90 jaar of ouder;2023;;;;;;36994;12573;24421;6;3;3;11;4;6;-5;-1;-3
6514;90 jaar of ouder;2024;;;;;;37972;13108;24865;6;3;3;11;5;6;-5;-2;-3
6515;90 jaar of ouder;2025;;;;;;38953;13658;25298;6;3;3;12;5;7;-6;-2;-4
6516;90 jaar of ouder;2026;;;;;;40009;14243;25764;6;3;3;12;5;7;-6;-2;-4
6517;90 jaar of ouder;2027;;;;;;41029;14813;26218;6;3;3;13;5;7;-7;-2;-4
6518;90 jaar of ouder;2028;;;;;;42353;15529;26823;6;3;3;14;6;8;-8;-3;-5
6519;90 jaar of ouder;2029;;;;;;43739;16259;27482;6;3;3;14;6;8;-8;-3;-5
6520;90 jaar of ouder;2030;;;;;;45280;17066;28211;6;3;3;15;7;9;-9;-4;-6
6521;90 jaar of ouder;2031;;;;;;46552;17757;28795;6;3;3;15;6;9;-9;-3;-6
6522;90 jaar of ouder;2032;;;;;;48030;18538;29491;6;3;3;16;7;9;-10;-4;-6
6523;90 jaar of ouder;2033;;;;;;49962;19516;30445;6;3;3;16;7;9;-10;-4;-6
6524;90 jaar of ouder;2034;;;;;;52165;20595;31570;6;3;3;18;8;10;-12;-5;-7
6525;90 jaar of ouder;2035;;;;;;53858;21420;32441;6;3;3;18;8;10;-12;-5;-7
6526;90 jaar of ouder;2036;;;;;;58391;23584;34810;6;3;3;23;10;13;-17;-7;-10
6527;90 jaar of ouder;2037;;;;;;62382;25428;36956;6;3;3;24;10;14;-18;-7;-11
6528;90 jaar of ouder;2038;;;;;;65579;26889;38690;6;3;3;23;10;13;-17;-7;-10
6529;90 jaar of ouder;2039;;;;;;68149;28018;40132;6;3;3;23;10;13;-17;-7;-10
6530;90 jaar of ouder;2040;;;;;;70220;28883;41335;6;3;3;23;10;14;-17;-7;-11
6531;90 jaar of ouder;2041;;;;;;71915;29566;42352;6;3;3;23;10;13;-17;-7;-10
6532;90 jaar of ouder;2042;;;;;;73604;30249;43356;6;3;3;24;10;14;-18;-7;-11
6533;90 jaar of ouder;2043;;;;;;74972;30790;44179;6;3;3;25;11;14;-19;-8;-11
6534;90 jaar of ouder;2044;;;;;;76219;31310;44907;6;3;3;26;11;15;-20;-8;-12
6535;90 jaar of ouder;2045;;;;;;77406;31800;45604;6;3;3;26;11;15;-20;-8;-12
6536;90 jaar of ouder;2046;;;;;;78599;32353;46245;6;3;3;27;11;16;-21;-8;-13
6537;90 jaar of ouder;2047;;;;;;79855;32943;46909;6;3;3;28;12;16;-22;-9;-13
6538;90 jaar of ouder;2048;;;;;;81245;33604;47642;6;3;3;28;12;16;-22;-9;-13
6539;90 jaar of ouder;2049;;;;;;82864;34363;48503;6;3;3;30;13;17;-24;-10;-14
6540;90 jaar of ouder;2050;;;;;;84484;35121;49363;6;3;3;30;13;17;-24;-10;-14
6541;90 jaar of ouder;2051;;;;;;86345;35979;50364;6;3;3;31;13;18;-25;-10;-15
6542;90 jaar of ouder;2052;;;;;;88186;36824;51360;6;3;3;32;14;19;-26;-11;-16
6543;90 jaar of ouder;2053;;;;;;90111;37720;52388;6;3;3;33;14;19;-27;-11;-16
6544;90 jaar of ouder;2054;;;;;;92068;38622;53446;6;3;3;34;15;20;-28;-12;-17
6545;90 jaar of ouder;2055;;;;;;93697;39369;54328;6;3;3;34;14;20;-28;-11;-17
6546;90 jaar of ouder;2056;;;;;;95007;39950;55057;6;3;3;34;14;20;-28;-11;-17
6547;90 jaar of ouder;2057;;;;;;96106;40430;55675;6;3;3;35;15;20;-29;-12;-17
6548;90 jaar of ouder;2058;;;;;;97132;40866;56265;6;3;3;36;15;21;-30;-12;-18
6549;90 jaar of ouder;2059;;;;;;98520;41493;57025;6;3;3;37;16;22;-31;-13;-19
