ID;LeeftijdReferentiepersoon;Perioden;TotaalParticuliereHuishoudens_1;Eenpersoonshuishoudens_2;TotaalMeerpersoonshuishoudens_3;k_2Personen_4;k_3Personen_5;k_4Personen_6;k_5OfMeerPersonen_7
0;Totaal leeftijden (15 jaar of ouder);2011;7447340;2705474;4741866;2443842;914046;967973;416005
1;Totaal leeftijden (15 jaar of ouder);2012;7509842;2743215;4766627;2470870;919118;963780;412859
2;Totaal leeftijden (15 jaar of ouder);2013;7572330;2781303;4791027;2496553;925228;959536;409710
3;Totaal leeftijden (15 jaar of ouder);2014;7632062;2818443;4813619;2521793;930230;955192;406404
4;Totaal leeftijden (15 jaar of ouder);2015;7689070;2854643;4834427;2546055;934888;950675;402809
5;Totaal leeftijden (15 jaar of ouder);2016;7744245;2890581;4853664;2568547;938697;946890;399530
6;Totaal leeftijden (15 jaar of ouder);2017;7798590;2927197;4871393;2589585;941946;943564;396298
7;Totaal leeftijden (15 jaar of ouder);2018;7852444;2964774;4887670;2608955;944440;940863;393412
8;Totaal leeftijden (15 jaar of ouder);2019;7906008;3003315;4902693;2626517;946759;938681;390736
9;Totaal leeftijden (15 jaar of ouder);2020;7958886;3042073;4916813;2641376;950736;936769;387932
10;Totaal leeftijden (15 jaar of ouder);2021;8010484;3080993;4929491;2654913;953737;935377;385464
11;Totaal leeftijden (15 jaar of ouder);2022;8060417;3120063;4940354;2667301;955114;934545;383394
12;Totaal leeftijden (15 jaar of ouder);2023;8108021;3158560;4949461;2678434;955068;934250;381709
13;Totaal leeftijden (15 jaar of ouder);2024;8152754;3196092;4956662;2687624;953784;934702;380552
14;Totaal leeftijden (15 jaar of ouder);2025;8194437;3232711;4961726;2694791;952270;935211;379454
15;Totaal leeftijden (15 jaar of ouder);2026;8232950;3268306;4964644;2699473;949629;936660;378882
16;Totaal leeftijden (15 jaar of ouder);2027;8268528;3303057;4965471;2701392;946455;938945;378679
17;Totaal leeftijden (15 jaar of ouder);2028;8301068;3336903;4964165;2700648;943040;941731;378746
18;Totaal leeftijden (15 jaar of ouder);2029;8330455;3369540;4960915;2697081;939401;945240;379193
19;Totaal leeftijden (15 jaar of ouder);2030;8356577;3400742;4955835;2691115;936043;948858;379819
20;Totaal leeftijden (15 jaar of ouder);2031;8379479;3430188;4949291;2682968;932779;952786;380758
21;Totaal leeftijden (15 jaar of ouder);2032;8399285;3458155;4941130;2673455;929378;956562;381735
22;Totaal leeftijden (15 jaar of ouder);2033;8416267;3484428;4931839;2662569;926333;960194;382743
23;Totaal leeftijden (15 jaar of ouder);2034;8430742;3509074;4921668;2650567;923291;963901;383909
24;Totaal leeftijden (15 jaar of ouder);2035;8442894;3532100;4910794;2637780;920576;967323;385115
25;Totaal leeftijden (15 jaar of ouder);2036;8453098;3553342;4899756;2624297;918750;970456;386253
26;Totaal leeftijden (15 jaar of ouder);2037;8461352;3573232;4888120;2610722;917351;972881;387166
27;Totaal leeftijden (15 jaar of ouder);2038;8468056;3591577;4876479;2597213;916763;974726;387777
28;Totaal leeftijden (15 jaar of ouder);2039;8473421;3608452;4864969;2583835;916667;976152;388315
29;Totaal leeftijden (15 jaar of ouder);2040;8477589;3623888;4853701;2570854;916974;977125;388748
30;Totaal leeftijden (15 jaar of ouder);2041;8480832;3638080;4842752;2558627;917647;977556;388922
31;Totaal leeftijden (15 jaar of ouder);2042;8483268;3651089;4832179;2547210;918665;977469;388835
32;Totaal leeftijden (15 jaar of ouder);2043;8484964;3662964;4822000;2536508;919854;977048;388590
33;Totaal leeftijden (15 jaar of ouder);2044;8486178;3673851;4812327;2526543;921056;976456;388272
34;Totaal leeftijden (15 jaar of ouder);2045;8486683;3683642;4803041;2517218;922172;975738;387913
35;Totaal leeftijden (15 jaar of ouder);2046;8486573;3692417;4794156;2508665;923331;974764;387396
36;Totaal leeftijden (15 jaar of ouder);2047;8485948;3700170;4785778;2500815;924496;973649;386818
37;Totaal leeftijden (15 jaar of ouder);2048;8484723;3706859;4777864;2493507;925549;972546;386262
38;Totaal leeftijden (15 jaar of ouder);2049;8482932;3712401;4770531;2486772;926519;971497;385743
39;Totaal leeftijden (15 jaar of ouder);2050;8480510;3716754;4763756;2480517;927425;970554;385260
40;Totaal leeftijden (15 jaar of ouder);2051;8477458;3719894;4757564;2474860;928259;969661;384784
41;Totaal leeftijden (15 jaar of ouder);2052;8473832;3721801;4752031;2469770;928944;968909;384408
42;Totaal leeftijden (15 jaar of ouder);2053;8469701;3722478;4747223;2465239;929298;968445;384241
43;Totaal leeftijden (15 jaar of ouder);2054;8465110;3722001;4743109;2461353;929459;968108;384189
44;Totaal leeftijden (15 jaar of ouder);2055;8460240;3720460;4739780;2458089;929415;967984;384292
45;Totaal leeftijden (15 jaar of ouder);2056;8455226;3718047;4737179;2455510;929170;968007;384492
46;Totaal leeftijden (15 jaar of ouder);2057;8450289;3714885;4735404;2453587;928706;968285;384826
47;Totaal leeftijden (15 jaar of ouder);2058;8445549;3711131;4734418;2452247;927931;968882;385358
48;Totaal leeftijden (15 jaar of ouder);2059;8441155;3706994;4734161;2451539;927088;969598;385936
49;Totaal leeftijden (15 jaar of ouder);2060;8437337;3702679;4734658;2451456;926183;970465;386554
50;100;2011;414067;310605;103462;77915;18630;4827;2090
51;100;2012;416571;311354;105217;79123;18976;4975;2143
52;100;2013;418785;312202;106583;79917;19333;5139;2194
53;100;2014;420719;312647;108072;80887;19646;5295;2244
54;100;2015;421539;312400;109139;81661;19800;5402;2276
55;100;2016;418807;310180;108627;81083;19791;5458;2295
56;100;2017;416507;308574;107933;80380;19727;5509;2317
57;100;2018;415637;308210;107427;79831;19690;5561;2345
58;100;2019;416258;309017;107241;79526;19711;5628;2376
59;100;2020;416970;310046;106924;79088;19742;5689;2405
60;100;2021;420133;312495;107638;79545;19879;5773;2441
61;100;2022;423460;314897;108563;80175;20031;5871;2486
62;100;2023;425977;316301;109676;81039;20144;5961;2532
63;100;2024;424897;315184;109713;81008;20129;6016;2560
64;100;2025;422000;312752;109248;80581;20029;6054;2584
65;100;2026;415909;308198;107711;79271;19793;6053;2594
66;100;2027;410237;304041;106196;77986;19556;6050;2604
67;100;2028;404571;300107;104464;76507;19300;6041;2616
68;100;2029;398560;296154;102406;74740;19028;6019;2619
69;100;2030;394747;293657;101090;73596;18849;6016;2629
70;100;2031;392927;292450;100477;73028;18759;6039;2651
71;100;2032;391786;291665;100121;72666;18705;6073;2677
72;100;2033;392181;291739;100442;72895;18710;6125;2712
73;100;2034;391180;291018;100162;72603;18660;6159;2740
74;100;2035;390092;290273;99819;72254;18609;6189;2767
75;100;2036;390045;290280;99765;72144;18601;6226;2794
76;100;2037;390865;290875;99990;72256;18632;6275;2827
77;100;2038;392353;291929;100424;72544;18693;6327;2860
78;100;2039;394217;293234;100983;72931;18776;6382;2894
79;100;2040;396352;294714;101638;73398;18872;6440;2928
80;100;2041;398647;296289;102358;73922;18978;6497;2961
81;100;2042;401001;297886;103115;74479;19087;6555;2994
82;100;2043;403254;299404;103850;75022;19192;6610;3026
83;100;2044;405303;300759;104544;75534;19293;6662;3055
84;100;2045;407097;301934;105163;75989;19380;6711;3083
85;100;2046;408606;302906;105700;76381;19456;6755;3108
86;100;2047;409901;303721;106180;76730;19522;6796;3132
87;100;2048;410888;304318;106570;77012;19573;6832;3153
88;100;2049;411635;304738;106897;77245;19615;6864;3173
89;100;2050;412129;304986;107143;77421;19644;6889;3189
90;100;2051;412380;305057;107323;77545;19662;6912;3204
91;100;2052;412400;304960;107440;77626;19669;6930;3215
92;100;2053;412138;304658;107480;77654;19664;6940;3222
93;100;2054;411579;304145;107434;77621;19641;6944;3228
94;100;2055;410734;303424;107310;77518;19611;6948;3233
95;100;2056;409595;302513;107082;77345;19562;6942;3233
96;100;2057;408243;301462;106781;77112;19505;6933;3231
97;100;2058;406737;300319;106418;76835;19438;6918;3227
98;100;2059;405184;299162;106022;76529;19368;6902;3223
99;100;2060;403659;298047;105612;76214;19298;6883;3217
100;101;2011;1086709;474854;611855;316066;151583;108749;35457
101;101;2012;1099119;481452;617667;319881;152578;109576;35632
102;101;2013;1112779;487784;624995;324423;153849;110818;35905
103;101;2014;1123772;492170;631602;328069;155293;112101;36139
104;101;2015;1134906;496207;638699;331408;157065;113801;36425
105;101;2016;1145191;500296;644895;333907;158670;115638;36680
106;101;2017;1156886;504515;652371;336942;160470;117879;37080
107;101;2018;1169913;508869;661044;340805;162239;120433;37567
108;101;2019;1182631;512909;669722;344848;163806;122974;38094
109;101;2020;1192640;516208;676432;347725;164911;125248;38548
110;101;2021;1198675;517438;681237;349480;165644;127185;38928
111;101;2022;1201596;517559;684037;350031;165964;128767;39275
112;101;2023;1203437;517829;685608;349929;166079;130041;39559
113;101;2024;1208524;520085;688439;351215;166255;131153;39816
114;101;2025;1213456;522649;690807;352374;166480;131981;39972
115;101;2026;1215894;525107;690787;351589;166609;132539;40050
116;101;2027;1217363;526845;690518;350557;166680;133110;40171
117;101;2028;1219330;528550;690780;349845;166830;133764;40341
118;101;2029;1221732;530165;691567;349552;166968;134471;40576
119;101;2030;1220665;529754;690911;348139;166796;135134;40842
120;101;2031;1219430;528522;690908;347526;166491;135764;41127
121;101;2032;1216728;526588;690140;346737;165902;136128;41373
122;101;2033;1211716;523503;688213;345622;164994;136085;41512
123;101;2034;1204297;520086;684211;343365;163772;135554;41520
124;101;2035;1196032;516635;679397;340840;162473;134671;41413
125;101;2036;1184647;511951;672696;336993;160959;133522;41222
126;101;2037;1174263;507611;666652;333632;159625;132379;41016
127;101;2038;1164479;503533;660946;330354;158516;131280;40796
128;101;2039;1155326;499760;655566;327063;157574;130323;40606
129;101;2040;1150102;497404;652698;325497;157027;129679;40495
130;101;2041;1148203;496321;651882;325323;156806;129299;40454
131;101;2042;1147792;495856;651936;325657;156764;129066;40449
132;101;2043;1150043;496373;653670;327223;156993;128979;40475
133;101;2044;1150983;496597;654386;327772;157239;128884;40491
134;101;2045;1152497;497071;655426;328420;157553;128903;40550
135;101;2046;1155732;498237;657495;329703;158032;129098;40662
136;101;2047;1160230;499847;660383;331473;158639;129448;40823
137;101;2048;1165587;501769;663818;333553;159350;129904;41011
138;101;2049;1171288;503799;667489;335742;160100;130428;41219
139;101;2050;1177087;505830;671257;337956;160844;131008;41449
140;101;2051;1182774;507796;674978;340131;161551;131608;41688
141;101;2052;1188148;509614;678534;342204;162206;132199;41925
142;101;2053;1193010;511232;681778;344095;162786;132754;42143
143;101;2054;1197217;512606;684611;345727;163277;133258;42349
144;101;2055;1200765;513734;687031;347109;163679;133705;42538
145;101;2056;1203566;514597;688969;348206;163976;134081;42706
146;101;2057;1205717;515220;690497;349078;164183;134388;42848
147;101;2058;1207058;515535;691523;349657;164289;134616;42961
148;101;2059;1207608;515543;692065;349950;164298;134766;43051
149;101;2060;1207403;515251;692152;349985;164221;134836;43110
150;102;2011;1395118;350794;1044324;227607;228869;402694;185154
151;102;2012;1365289;348498;1016791;220474;223036;392230;181051
152;102;2013;1335566;345894;989672;213186;217249;382073;177164
153;102;2014;1306013;343239;962774;206469;211275;372110;172920
154;102;2015;1268874;337882;930992;198371;204527;360507;167587
155;102;2016;1239175;333830;905345;192469;198869;350999;163008
156;102;2017;1213917;330094;883823;186626;194076;343938;159183
157;102;2018;1193670;326468;867202;180733;190382;339532;156555
158;102;2019;1183073;324569;858504;176383;188413;338475;155233
159;102;2020;1179729;323942;855787;174317;187757;339260;154453
160;102;2021;1182886;324666;858220;173758;187965;341975;154522
161;102;2022;1189497;326126;863371;174318;188476;345604;154973
162;102;2023;1198903;328121;870782;175902;189218;349932;155730
163;102;2024;1206341;329254;877087;176384;189944;354252;156507
164;102;2025;1215151;330761;884390;177285;190832;358850;157423
165;102;2026;1225050;332710;892340;179155;191638;363209;158338
166;102;2027;1236509;335174;901335;181735;192630;367636;159334
167;102;2028;1249318;338140;911178;185049;193870;371897;160362
168;102;2029;1261803;341211;920592;188403;195131;375851;161207
169;102;2030;1271865;343834;928031;190930;196248;379063;161790
170;102;2031;1277606;345114;932492;191584;196941;381710;162257
171;102;2032;1280560;345603;934957;191181;197292;383903;162581
172;102;2033;1282475;346080;936395;190221;197580;385770;162824
173;102;2034;1288548;348020;940528;191665;197981;387685;163197
174;102;2035;1294499;350006;944493;193449;198122;389319;163603
175;102;2036;1298122;351448;946674;194492;197986;390321;163875
176;102;2037;1300254;352297;947957;195330;197690;390870;164067
177;102;2038;1302719;353207;949512;196814;197486;391049;164163
178;102;2039;1305447;354177;951270;199023;197262;390816;164169
179;102;2040;1304064;353810;950254;199577;196768;389945;163964
180;102;2041;1302347;353265;949082;200380;196238;388805;163659
181;102;2042;1299453;352409;947044;200900;195643;387333;163168
182;102;2043;1294133;350773;943360;200489;194873;385509;162489
183;102;2044;1287222;348717;938505;199643;193932;383312;161618
184;102;2045;1279423;346402;933021;198337;192931;381053;160700
185;102;2046;1268356;342964;925392;195358;191729;378617;159688
186;102;2047;1258100;339688;918412;192430;190674;376500;158808
187;102;2048;1248373;336501;911872;189304;189771;374730;158067
188;102;2049;1239273;333448;905825;186017;189022;373304;157482
189;102;2050;1234064;331521;902543;184151;188635;372557;157200
190;102;2051;1232154;330593;901561;183413;188595;372393;157160
191;102;2052;1231772;330120;901652;183047;188734;372598;157273
192;102;2053;1234045;330406;903639;183716;189068;373272;157583
193;102;2054;1235080;330325;904755;183505;189358;373977;157915
194;102;2055;1236703;330384;906319;183417;189702;374867;158333
195;102;2056;1240053;330982;909071;183976;190194;376024;158877
196;102;2057;1244602;331952;912650;184995;190788;377366;159501
197;102;2058;1249984;333193;916791;186368;191424;378819;160180
198;102;2059;1255659;334552;921107;187887;192066;380286;160868
199;102;2060;1261407;335965;925442;189497;192714;381705;161526
200;103;2011;1485388;354189;1131199;327216;276265;363044;164674
201;103;2012;1500112;360473;1139639;330429;279232;365306;164672
202;103;2013;1511741;365753;1145988;333187;281736;366713;164352
203;103;2014;1521321;370487;1150834;334491;283837;368132;164374
204;103;2015;1533874;375640;1158234;336069;286392;370679;165094
205;103;2016;1540649;379718;1160931;335998;287661;371839;165433
206;103;2017;1537660;381491;1156169;333609;287205;370469;164886
207;103;2018;1525742;381454;1144288;329182;284880;366835;163391
208;103;2019;1500796;378303;1122493;321157;280434;360172;160730
209;103;2020;1469531;373849;1095682;311035;275423;351922;157302
210;103;2021;1435958;369008;1066950;300374;269756;343222;153598
211;103;2022;1404855;364916;1039939;290636;263799;335333;150171
212;103;2023;1373365;360371;1012994;280690;257016;328205;147083
213;103;2024;1342599;355799;986800;270840;249328;322068;144564
214;103;2025;1304790;348351;956439;258369;240818;315503;141749
215;103;2026;1274478;342195;932283;248218;233474;310928;139663
216;103;2027;1248697;336716;911981;238824;227389;307702;138066
217;103;2028;1227732;331770;895962;230321;223091;305729;136821
218;103;2029;1216385;329125;887260;224675;220657;305564;136364
219;103;2030;1212309;328048;884261;221662;219548;306615;136436
220;103;2031;1214957;328667;886290;220901;219667;308765;136957
221;103;2032;1221103;330005;891098;221507;220407;311488;137696
222;103;2033;1230220;332025;898195;223356;221657;314565;138617
223;103;2034;1237437;333224;904213;224166;222945;317603;139499
224;103;2035;1246168;334817;911351;225547;224579;320750;140475
225;103;2036;1256071;336575;919496;227722;226486;323854;141434
226;103;2037;1267616;338862;928754;230825;228817;326839;142273
227;103;2038;1280613;341891;938722;234880;231318;329539;142985
228;103;2039;1293392;345127;948265;239074;233622;331941;143628
229;103;2040;1303751;347791;955960;242413;235454;333887;144206
230;103;2041;1309767;349206;960561;244061;236702;335233;144565
231;103;2042;1312924;349715;963209;244682;237589;336168;144770
232;103;2043;1315014;350136;964878;244779;238288;336868;144943
233;103;2044;1321186;351936;969250;247036;239102;337834;145278
234;103;2045;1327195;353763;973432;249483;239664;338685;145600
235;103;2046;1330827;354852;975975;250982;239995;339209;145789
236;103;2047;1332955;355483;977472;252138;240274;339295;145765
237;103;2048;1335424;356349;979075;253769;240540;339117;145649
238;103;2049;1338134;357345;980789;255953;240771;338667;145398
239;103;2050;1336784;357149;979635;256485;240698;337580;144872
240;103;2051;1335069;356956;978113;257276;240499;336159;144179
241;103;2052;1332198;356496;975702;257681;239963;334586;143472
242;103;2053;1326874;355224;971650;257081;238921;332872;142776
243;103;2054;1319948;353292;966656;255819;237545;331162;142130
244;103;2055;1312154;351039;961115;253997;235888;329623;141607
245;103;2056;1301083;347528;953555;250468;234016;328013;141058
246;103;2057;1290850;344215;946635;247038;232289;326685;140623
247;103;2058;1281159;340979;940180;243422;230670;325718;140370
248;103;2059;1272101;337820;934281;239730;229369;324990;140192
249;103;2060;1266899;335839;931060;237581;228595;324718;140166
250;104;2011;1326671;388215;938456;652902;181281;79108;25165
251;104;2012;1316224;390329;925895;633950;184740;81523;25682
252;104;2013;1313094;394385;918709;619173;189376;83947;26213
253;104;2014;1319813;401864;917949;610820;194159;86247;26723
254;104;2015;1334131;411448;922683;607550;199170;88618;27345
255;104;2016;1352153;421977;930176;607314;203928;90973;27961
256;104;2017;1374317;434022;940295;609158;208988;93509;28640
257;104;2018;1394150;445160;948990;609930;213874;95909;29277
258;104;2019;1417518;457255;960263;612683;219150;98506;29924
259;104;2020;1441132;468702;972430;615143;225261;101304;30722
260;104;2021;1461145;479098;982047;616756;230507;103450;31334
261;104;2022;1474929;487680;987249;615911;234725;104861;31752
262;104;2023;1485809;495317;990492;614523;238316;105682;31971
263;104;2024;1494920;502565;992355;612145;241625;106403;32182
264;104;2025;1507351;510899;996452;610778;245378;107637;32659
265;104;2026;1514685;518560;996125;607526;247209;108368;33022
266;104;2027;1512445;523301;989144;600432;247041;108507;33164
267;104;2028;1501653;525652;976001;590274;244608;107999;33120
268;104;2029;1478100;523784;954316;574756;240120;106650;32790
269;104;2030;1448400;519544;928856;556530;235029;104943;32354
270;104;2031;1416358;514381;901977;537524;229539;103069;31845
271;104;2032;1386702;509586;877116;519868;224488;101365;31395
272;104;2033;1356559;503726;852833;502220;219720;99905;30988
273;104;2034;1327229;497212;830017;485010;215241;98988;30778
274;104;2035;1291030;486485;804545;464856;210923;98193;30573
275;104;2036;1262146;477299;784847;448539;207803;97986;30519
276;104;2037;1237538;469218;768320;434437;205495;97877;30511
277;104;2038;1217450;462144;755306;423042;203943;97836;30485
278;104;2039;1206745;458599;748146;416052;203432;98107;30555
279;104;2040;1203217;457390;745827;412565;203823;98719;30720
280;104;2041;1206355;458606;747749;412416;205019;99426;30888
281;104;2042;1212909;460748;752161;414198;206662;100202;31099
282;104;2043;1222391;463823;758568;417647;208518;101065;31338
283;104;2044;1229916;465974;763942;420303;210272;101818;31549
284;104;2045;1238950;468804;770146;423744;212141;102523;31738
285;104;2046;1249093;471638;777455;428135;214133;103250;31937
286;104;2047;1260810;475308;785502;433670;215919;103815;32098
287;104;2048;1273940;480132;793808;440021;217349;104223;32215
288;104;2049;1286807;485234;801573;446237;218472;104546;32318
289;104;2050;1297259;489419;807840;451302;219257;104859;32422
290;104;2051;1303349;491884;811465;454402;219689;104938;32436
291;104;2052;1306477;492837;813640;456255;220069;104913;32403
292;104;2053;1308619;493639;814980;457301;220431;104872;32376
293;104;2054;1314758;495909;818849;460351;221081;104999;32418
294;104;2055;1320724;498059;822665;463390;221798;105052;32425
295;104;2056;1324398;499081;825317;465384;222375;105112;32446
296;104;2057;1326567;499557;827010;466911;222630;105035;32434
297;104;2058;1329083;500446;828637;468722;222590;104907;32418
298;104;2059;1331804;501520;830284;470890;222262;104736;32396
299;104;2060;1330494;501253;829241;471161;221381;104379;32320
300;105;2011;916694;334761;581933;529416;41833;7785;2899
301;105;2012;974681;353922;620759;564657;44619;8389;3094
302;105;2013;1027406;372664;654742;595026;47375;9049;3292
303;105;2014;1067723;387779;679944;617923;49149;9472;3400
304;105;2015;1102041;402138;699903;636075;50569;9792;3467
305;105;2016;1130849;415615;715234;649836;51788;10084;3526
306;105;2017;1160909;430552;730357;663491;52982;10323;3561
307;105;2018;1190801;446148;744653;676156;54281;10596;3620
308;105;2019;1213180;459642;753538;683512;55474;10861;3691
309;105;2020;1232648;472542;760106;688004;57128;11194;3780
310;105;2021;1257606;488426;769180;694991;58723;11573;3893
311;105;2022;1248852;490249;758603;683086;59783;11797;3937
312;105;2023;1246598;494673;751925;674918;60994;12020;3993
313;105;2024;1253661;503123;750538;671801;62382;12299;4056
314;105;2025;1267882;514430;753452;672807;63891;12585;4169
315;105;2026;1285334;526833;758501;675955;65378;12878;4290
316;105;2027;1306913;541249;765664;681100;66985;13187;4392
317;105;2028;1326143;554731;771412;684931;68511;13465;4505
318;105;2029;1348645;569673;778972;690549;70030;13773;4620
319;105;2030;1371328;584857;786471;696169;71483;14090;4729
320;105;2031;1390390;598581;791809;699933;72658;14365;4853
321;105;2032;1403783;610537;793246;700562;73288;14472;4924
322;105;2033;1414504;621473;793031;699679;73801;14563;4988
323;105;2034;1423655;632021;791634;697634;74271;14675;5054
324;105;2035;1436276;644324;791952;697001;74898;14905;5148
325;105;2036;1444355;655152;789203;693380;75388;15181;5254
326;105;2037;1443186;662108;781078;685509;75049;15225;5295
327;105;2038;1434029;665676;768353;673557;74274;15227;5295
328;105;2039;1412642;663326;749316;656004;72977;15078;5257
329;105;2040;1385414;657603;727811;636115;71585;14900;5211
330;105;2041;1355872;650407;705465;615499;70119;14696;5151
331;105;2042;1328548;643521;685027;596543;68864;14516;5104
332;105;2043;1300646;635450;665196;578061;67718;14360;5057
333;105;2044;1273644;626875;646769;560713;66767;14273;5016
334;105;2045;1240222;613743;626479;541464;65879;14166;4970
335;105;2046;1213873;602993;610880;526511;65313;14120;4936
336;105;2047;1191535;593707;597828;513956;64877;14079;4916
337;105;2048;1173245;585502;587743;504233;64581;14032;4897
338;105;2049;1163810;581526;582284;498902;64487;14005;4890
339;105;2050;1161296;580587;580709;497165;64648;14014;4882
340;105;2051;1165116;582686;582430;498537;64963;14043;4887
341;105;2052;1172377;586305;586072;501678;65383;14107;4904
342;105;2053;1182327;590925;591402;506423;65857;14187;4935
343;105;2054;1190348;594439;595909;510409;66300;14245;4955
344;105;2055;1199795;598686;601109;515096;66737;14300;4976
345;105;2056;1210404;603155;607249;520632;67241;14376;5000
346;105;2057;1222442;608403;614039;526888;67687;14440;5024
347;105;2058;1235751;614599;621152;533574;68048;14486;5044
348;105;2059;1248727;620885;627842;539910;68356;14522;5054
349;105;2060;1259392;626001;633391;545124;68638;14565;5064
350;106;2011;615370;336088;279282;263904;13328;1552;498
351;106;2012;623746;337037;286709;271073;13564;1558;514
352;106;2013;632704;338796;293908;278002;13825;1565;516
353;106;2014;645035;341827;303208;286819;14266;1595;528
354;106;2015;658661;345884;312777;295947;14664;1629;537
355;106;2016;673482;350375;323107;305760;15160;1642;545
356;106;2017;686236;354340;331896;314122;15558;1670;546
357;106;2018;701476;359402;342074;323760;16026;1720;568
358;106;2019;724061;368075;355986;337005;16607;1779;595
359;106;2020;749750;378422;371328;351631;17217;1855;625
360;106;2021;769594;386651;382943;362555;17848;1893;647
361;106;2022;824295;410387;413908;392423;18796;1995;694
362;106;2023;873107;432992;440115;417659;19638;2086;732
363;106;2024;910753;451063;459690;436458;20300;2177;755
364;106;2025;942316;467529;474787;450883;20869;2253;782
365;106;2026;968623;482436;486187;461678;21370;2331;808
366;106;2027;994467;498107;496360;471292;21853;2389;826
367;106;2028;1019875;513974;505901;480262;22330;2454;855
368;106;2029;1038636;526854;511782;485620;22763;2513;886
369;106;2030;1054621;538515;516106;489434;23189;2579;904
370;106;2031;1073813;552633;521180;493983;23632;2637;928
371;106;2032;1069245;552376;516869;489347;23904;2672;946
372;106;2033;1070024;555118;514906;487023;24228;2700;955
373;106;2034;1078210;562144;516066;487788;24573;2737;968
374;106;2035;1092216;572401;519815;491100;24953;2782;980
375;106;2036;1108353;583739;524614;495417;25362;2839;996
376;106;2037;1127993;597204;530789;501148;25748;2879;1014
377;106;2038;1145726;609601;536125;506081;26099;2919;1026
378;106;2039;1165951;623405;542546;512112;26451;2947;1036
379;106;2040;1186335;637491;548844;518063;26742;2987;1052
380;106;2041;1202977;649675;553302;522256;26954;3023;1069
381;106;2042;1214798;659750;555048;523841;27090;3043;1074
382;106;2043;1224143;668680;555463;524154;27164;3062;1083
383;106;2044;1232294;677173;555121;523762;27207;3070;1082
384;106;2045;1244002;687687;556315;524895;27248;3084;1088
385;106;2046;1251562;696588;554974;523615;27176;3093;1090
386;106;2047;1250926;700949;549977;518833;26970;3086;1088
387;106;2048;1243156;701748;541408;510606;26651;3071;1080
388;106;2049;1224573;696267;528306;497991;26205;3040;1070
389;106;2050;1201057;687479;513578;483777;25750;2999;1052
390;106;2051;1175262;677177;498085;468814;25282;2955;1034
391;106;2052;1151243;667279;483964;455168;24855;2922;1019
392;106;2053;1126899;656509;470390;442022;24473;2888;1007
393;106;2054;1103990;645714;458276;430274;24147;2861;994
394;106;2055;1077038;631388;445650;417986;23859;2825;980
395;106;2056;1056916;620204;436712;409278;23666;2797;971
396;106;2057;1040337;610869;429468;402198;23526;2780;964
397;106;2058;1026704;602677;424027;396857;23443;2767;960
398;106;2059;1020083;598627;421456;394300;23444;2756;956
399;106;2060;1019432;597778;421654;394422;23523;2752;957
400;107;2011;198160;147990;50170;47725;2172;208;65
401;107;2012;204400;151698;52702;50132;2284;218;68
402;107;2013;209923;154808;55115;52423;2394;227;71
403;107;2014;216821;158958;57863;55047;2509;234;73
404;107;2015;223439;162916;60523;57608;2599;241;75
405;107;2016;230838;167165;63673;60627;2717;251;78
406;107;2017;237737;171036;66701;63541;2819;260;81
407;107;2018;245472;175475;69997;66703;2939;270;85
408;107;2019;251657;178865;72792;69398;3027;278;89
409;107;2020;258609;182753;75856;72319;3155;289;93
410;107;2021;265689;186815;78874;75212;3267;298;97
411;107;2022;273228;191097;82131;78338;3384;308;101
412;107;2023;280321;195141;85180;81260;3502;314;104
413;107;2024;289565;200377;89188;85104;3652;325;107
414;107;2025;299087;205940;93147;88901;3797;338;111
415;107;2026;309450;211936;97514;93085;3973;344;112
416;107;2027;317459;216558;100901;96306;4126;353;116
417;107;2028;327054;222134;104920;100133;4296;371;120
418;107;2029;340569;230218;110351;105342;4496;388;125
419;107;2030;355869;239578;116291;111068;4687;407;129
420;107;2031;366486;246292;120194;114768;4867;425;134
421;107;2032;401015;267571;133444;127697;5161;449;137
422;107;2033;429458;285921;143537;137520;5407;469;141
423;107;2034;449841;299533;150308;144073;5601;488;146
424;107;2035;465028;310355;154673;148261;5762;501;149
425;107;2036;476451;318997;157454;150891;5897;514;152
426;107;2037;485916;326503;159413;152714;6019;524;156
427;107;2038;495800;334112;161688;154846;6148;535;159
428;107;2039;502979;339856;163123;156144;6273;544;162
429;107;2040;509531;345000;164531;157426;6388;553;164
430;107;2041;516764;350731;166033;158800;6505;562;166
431;107;2042;520275;353006;167269;159920;6611;570;168
432;107;2043;525985;356970;169015;161539;6729;578;169
433;107;2044;534277;362777;171500;163892;6850;586;172
434;107;2045;544942;370314;174628;166886;6974;595;173
435;107;2046;555625;377834;177791;169924;7088;604;175
436;107;2047;568141;386678;181463;173467;7207;612;177
437;107;2048;579776;394934;184842;176733;7311;619;179
438;107;2049;592228;403737;188491;180274;7412;624;181
439;107;2050;604662;412663;191999;183686;7502;629;182
440;107;2051;614063;419687;194376;185996;7562;634;184
441;107;2052;620570;425030;195540;187120;7600;635;185
442;107;2053;625652;429525;196127;187682;7619;640;186
443;107;2054;630470;433909;196561;188109;7623;642;187
444;107;2055;638778;440580;198198;189725;7642;644;187
445;107;2056;644038;445496;198542;190085;7627;642;188
446;107;2057;644426;447128;197298;188897;7576;638;187
447;107;2058;640221;445870;194351;186042;7495;630;184
448;107;2059;629342;439904;189438;181257;7380;619;182
449;107;2060;616213;432081;184132;176087;7260;606;179
450;108;2011;9163;7978;1185;1091;85;6;3
451;108;2012;9700;8452;1248;1151;89;5;3
452;108;2013;10332;9017;1315;1216;91;5;3
453;108;2014;10845;9472;1373;1268;96;6;3
454;108;2015;11605;10128;1477;1366;102;6;3
455;108;2016;13101;11425;1676;1553;113;6;4
456;108;2017;14421;12573;1848;1716;121;7;4
457;108;2018;15583;13588;1995;1855;129;7;4
458;108;2019;16834;14680;2154;2005;137;8;4
459;108;2020;17877;15609;2268;2114;142;8;4
460;108;2021;18798;16396;2402;2242;148;8;4
461;108;2022;19705;17152;2553;2383;156;9;5
462;108;2023;20504;17815;2689;2514;161;9;5
463;108;2024;21494;18642;2852;2669;169;9;5
464;108;2025;22404;19400;3004;2813;176;10;5
465;108;2026;23527;20331;3196;2996;185;10;5
466;108;2027;24438;21066;3372;3160;195;11;6
467;108;2028;25392;21845;3547;3326;204;11;6
468;108;2029;26025;22356;3669;3444;208;11;6
469;108;2030;26773;22955;3818;3587;214;11;6
470;108;2031;27512;23548;3964;3721;225;12;6
471;108;2032;28363;24224;4139;3890;231;12;6
472;108;2033;29130;24843;4287;4033;236;12;6
473;108;2034;30345;25816;4529;4263;247;12;7
474;108;2035;31553;26804;4749;4472;257;13;7
475;108;2036;32908;27901;5007;4719;268;13;7
476;108;2037;33721;28554;5167;4871;276;13;7
477;108;2038;34887;29484;5403;5095;286;14;8
478;108;2039;36722;30968;5754;5432;300;14;8
479;108;2040;38823;32685;6138;5800;315;15;8
480;108;2041;39900;33580;6320;5970;326;15;9
481;108;2042;45568;38198;7370;6990;355;16;9
482;108;2043;49355;41355;8000;7594;379;17;10
483;108;2044;51353;43043;8310;7888;394;17;11
484;108;2045;52355;43924;8431;8000;402;18;11
485;108;2046;52899;44405;8494;8056;409;18;11
486;108;2047;53350;44789;8561;8118;414;18;11
487;108;2048;54334;45606;8728;8276;423;18;11
488;108;2049;55184;46307;8877;8411;435;19;12
489;108;2050;56172;47120;9052;8574;447;19;12
490;108;2051;57291;48058;9233;8746;456;19;12
491;108;2052;58647;49160;9487;8991;465;19;12
492;108;2053;60137;50360;9777;9265;479;20;13
493;108;2054;61720;51662;10058;9538;487;20;13
494;108;2055;63549;53166;10383;9851;499;20;13
495;108;2056;65173;54491;10682;10136;513;20;13
496;108;2057;67105;56079;11026;10470;522;20;14
497;108;2058;68852;57513;11339;10770;534;21;14
498;108;2059;70647;58981;11666;11086;545;21;14
499;108;2060;72438;60464;11974;11385;553;21;15
500;1;2011;66028;55021;11007;6615;2956;911;525
501;1;2012;64903;53737;11166;6688;3013;928;537
502;1;2013;64167;52999;11168;6674;3017;935;542
503;1;2014;63400;52314;11086;6608;2997;937;544
504;1;2015;62120;51234;10886;6463;2949;932;542
505;1;2016;62264;51351;10913;6457;2962;945;549
506;1;2017;63116;52111;11005;6492;2990;964;559
507;1;2018;64275;53097;11178;6588;3028;989;573
508;1;2019;64912;53658;11254;6619;3044;1007;584
509;1;2020;65363;54068;11295;6634;3048;1021;592
510;1;2021;64585;53415;11170;6548;3008;1021;593
511;1;2022;64036;52961;11075;6481;2974;1025;595
512;1;2023;63139;52213;10926;6381;2926;1024;595
513;1;2024;61453;50784;10669;6207;2857;1015;590
514;1;2025;60226;49740;10486;6074;2808;1014;590
515;1;2026;59591;49211;10380;5990;2778;1019;593
516;1;2027;59300;48986;10314;5925;2762;1029;598
517;1;2028;59759;49388;10371;5941;2771;1049;610
518;1;2029;59573;49251;10322;5890;2755;1060;617
519;1;2030;59044;48805;10239;5820;2730;1068;621
520;1;2031;58744;48550;10194;5773;2715;1079;627
521;1;2032;58645;48465;10180;5746;2706;1093;635
522;1;2033;58706;48512;10194;5736;2705;1109;644
523;1;2034;58847;48625;10222;5735;2707;1126;654
524;1;2035;59068;48803;10265;5742;2713;1145;665
525;1;2036;59348;49032;10316;5757;2721;1163;675
526;1;2037;59689;49311;10378;5779;2731;1182;686
527;1;2038;60056;49610;10446;5805;2743;1201;697
528;1;2039;60398;49892;10506;5830;2753;1217;706
529;1;2040;60716;50149;10567;5854;2764;1234;715
530;1;2041;60988;50367;10621;5877;2773;1248;723
531;1;2042;61243;50572;10671;5898;2780;1262;731
532;1;2043;61449;50735;10714;5915;2787;1274;738
533;1;2044;61601;50853;10748;5928;2792;1284;744
534;1;2045;61718;50945;10773;5937;2793;1294;749
535;1;2046;61793;51003;10790;5940;2794;1302;754
536;1;2047;61858;51050;10808;5945;2795;1310;758
537;1;2048;61875;51060;10815;5943;2793;1317;762
538;1;2049;61871;51049;10822;5942;2791;1323;766
539;1;2050;61811;50998;10813;5934;2785;1326;768
540;1;2051;61707;50905;10802;5924;2779;1329;770
541;1;2052;61542;50763;10779;5908;2770;1331;770
542;1;2053;61328;50586;10742;5887;2757;1329;769
543;1;2054;61084;50378;10706;5865;2745;1327;769
544;1;2055;60827;50159;10668;5839;2733;1327;769
545;1;2056;60560;49934;10626;5814;2721;1324;767
546;1;2057;60313;49724;10589;5791;2710;1322;766
547;1;2058;60084;49531;10553;5768;2700;1320;765
548;1;2059;59895;49369;10526;5750;2692;1319;765
549;1;2060;59742;49240;10502;5735;2686;1317;764
550;2;2011;348039;255584;92455;71300;15674;3916;1565
551;2;2012;351668;257617;94051;72435;15963;4047;1606
552;2;2013;354618;259203;95415;73243;16316;4204;1652
553;2;2014;357319;260333;96986;74279;16649;4358;1700
554;2;2015;359419;261166;98253;75198;16851;4470;1734
555;2;2016;356543;258829;97714;74626;16829;4513;1746
556;2;2017;353391;256463;96928;73888;16737;4545;1758
557;2;2018;351362;255113;96249;73243;16662;4572;1772
558;2;2019;351346;255359;95987;72907;16667;4621;1792
559;2;2020;351607;255978;95629;72454;16694;4668;1813
560;2;2021;355548;259080;96468;72997;16871;4752;1848
561;2;2022;359424;261936;97488;73694;17057;4846;1891
562;2;2023;362838;264088;98750;74658;17218;4937;1937
563;2;2024;363444;264400;99044;74801;17272;5001;1970
564;2;2025;361774;263012;98762;74507;17221;5040;1994
565;2;2026;356318;258987;97331;73281;17015;5034;2001
566;2;2027;350937;255055;95882;72061;16794;5021;2006
567;2;2028;344812;250719;94093;70566;16529;4992;2006
568;2;2029;338987;246903;92084;68850;16273;4959;2002
569;2;2030;335703;244852;90851;67776;16119;4948;2008
570;2;2031;334183;243900;90283;67255;16044;4960;2024
571;2;2032;333141;243200;89941;66920;15999;4980;2042
572;2;2033;333475;243227;90248;67159;16005;5016;2068
573;2;2034;332333;242393;89940;66868;15953;5033;2086
574;2;2035;331024;241470;89554;66512;15896;5044;2102
575;2;2036;330697;241248;89449;66387;15880;5063;2119
576;2;2037;331176;241564;89612;66477;15901;5093;2141
577;2;2038;332297;242319;89978;66739;15950;5126;2163
578;2;2039;333819;243342;90477;67101;16023;5165;2188
579;2;2040;335636;244565;91071;67544;16108;5206;2213
580;2;2041;337659;245922;91737;68045;16205;5249;2238
581;2;2042;339758;247314;92444;68581;16307;5293;2263
582;2;2043;341805;248669;93136;69107;16405;5336;2288
583;2;2044;343702;249906;93796;69606;16501;5378;2311
584;2;2045;345379;250989;94390;70052;16587;5417;2334
585;2;2046;346813;251903;94910;70441;16662;5453;2354
586;2;2047;348043;252671;95372;70785;16727;5486;2374
587;2;2048;349013;253258;95755;71069;16780;5515;2391
588;2;2049;349764;253689;96075;71303;16824;5541;2407
589;2;2050;350318;253988;96330;71487;16859;5563;2421
590;2;2051;350673;254152;96521;71621;16883;5583;2434
591;2;2052;350858;254197;96661;71718;16899;5599;2445
592;2;2053;350810;254072;96738;71767;16907;5611;2453
593;2;2054;350495;253767;96728;71756;16896;5617;2459
594;2;2055;349907;253265;96642;71679;16878;5621;2464
595;2;2056;349035;252579;96456;71531;16841;5618;2466
596;2;2057;347930;251738;96192;71321;16795;5611;2465
597;2;2058;346653;250788;95865;71067;16738;5598;2462
598;2;2059;345289;249793;95496;70779;16676;5583;2458
599;2;2060;343917;248807;95110;70479;16612;5566;2453
600;3;2011;519930;266343;253587;170164;52372;23865;7186
601;3;2012;527424;270371;257053;172577;52963;24237;7276
602;3;2013;537284;275192;262092;175966;53897;24827;7402
603;3;2014;546967;279487;267480;179519;54890;25496;7575
604;3;2015;554203;282660;271543;181889;55737;26189;7728
605;3;2016;563415;286789;276626;185229;56627;26901;7869
606;3;2017;569718;289426;280292;187460;57330;27506;7996
607;3;2018;573882;291074;282808;188857;57810;28034;8107
608;3;2019;577698;292473;285225;190353;58143;28511;8218
609;3;2020;580683;293636;287047;191580;58307;28859;8301
610;3;2021;576618;291513;285105;189619;58140;29009;8337
611;3;2022;572535;289415;283120;187686;57922;29126;8386
612;3;2023;570046;288415;281631;186105;57824;29261;8441
613;3;2024;571338;289536;281802;185891;57910;29475;8526
614;3;2025;573205;291052;282153;185731;58081;29721;8620
615;3;2026;580027;295063;284964;187640;58523;30061;8740
616;3;2027;585617;298216;287401;189251;58900;30386;8864
617;3;2028;590085;300464;289621;190880;59125;30639;8977
618;3;2029;590416;300801;289615;190779;59055;30732;9049
619;3;2030;586694;298916;287778;189313;58696;30681;9088
620;3;2031;577797;294339;283458;185905;57999;30471;9083
621;3;2032;569218;289941;279277;182722;57271;30216;9068
622;3;2033;559615;285124;274491;179029;56508;29916;9038
623;3;2034;551796;281481;270315;175825;55845;29634;9011
624;3;2035;547830;279687;268143;174255;55445;29440;9003
625;3;2036;546020;278747;267273;173704;55226;29328;9015
626;3;2037;544667;277925;266742;173366;55091;29252;9033
627;3;2038;545056;277750;267306;173956;55073;29217;9060
628;3;2039;543496;276793;266703;173500;54986;29145;9072
629;3;2040;542006;275870;266136;173044;54918;29087;9087
630;3;2041;541939;275656;266283;173143;54949;29078;9113
631;3;2042;543032;275991;267041;173708;55067;29116;9150
632;3;2043;545057;276778;268279;174624;55271;29189;9195
633;3;2044;547657;277858;269799;175735;55529;29289;9246
634;3;2045;550666;279139;271527;176986;55818;29416;9307
635;3;2046;553929;280558;273371;178320;56120;29559;9372
636;3;2047;557248;281987;275261;179680;56427;29713;9441
637;3;2048;560474;283374;277100;180997;56727;29867;9509
638;3;2049;563426;284635;278791;182202;57001;30014;9574
639;3;2050;566038;285729;280309;183274;57245;30153;9637
640;3;2051;568257;286644;281613;184187;57451;30279;9696
641;3;2052;570147;287403;282744;184978;57625;30391;9750
642;3;2053;571645;287995;283650;185613;57758;30484;9795
643;3;2054;572776;288426;284350;186096;57857;30562;9835
644;3;2055;573615;288731;284884;186463;57925;30625;9871
645;3;2056;574127;288898;285229;186699;57958;30671;9901
646;3;2057;574353;288934;285419;186836;57961;30698;9924
647;3;2058;574170;288786;285384;186818;57925;30703;9938
648;3;2059;573569;288437;285132;186650;57852;30685;9945
649;3;2060;572528;287884;284644;186312;57744;30645;9943
650;4;2011;566779;208511;358268;145902;99211;84884;28271
651;4;2012;571695;211081;360614;147304;99615;85339;28356
652;4;2013;575495;212592;362903;148457;99952;85991;28503
653;4;2014;576805;212683;364122;148550;100403;86605;28564
654;4;2015;580703;213547;367156;149519;101328;87612;28697
655;4;2016;581776;213507;368269;148678;102043;88737;28811
656;4;2017;587168;215089;372079;149482;103140;90373;29084
657;4;2018;596031;217795;378236;151948;104429;92399;29460
658;4;2019;604933;220436;384497;154495;105663;94463;29876
659;4;2020;611957;222572;389385;156145;106604;96389;30247
660;4;2021;622057;225925;396132;159861;107504;98176;30591
661;4;2022;629061;228144;400917;162345;108042;99641;30889
662;4;2023;633391;229414;403977;163824;108255;100780;31118
663;4;2024;637186;230549;406637;165324;108345;101678;31290
664;4;2025;640251;231597;408654;166643;108399;102260;31352
665;4;2026;635867;230044;405823;163949;108086;102478;31310
666;4;2027;631746;228629;403117;161306;107780;102724;31307
667;4;2028;629245;228086;401159;158965;107705;103125;31364
668;4;2029;631316;229364;401952;158773;107913;103739;31527
669;4;2030;633971;230838;403133;158826;108100;104453;31754
670;4;2031;641633;234183;407450;161621;108492;105293;32044
671;4;2032;647510;236647;410863;164015;108631;105912;32305
672;4;2033;652101;238379;413722;166593;108486;106169;32474
673;4;2034;652501;238605;413896;167540;107927;105920;32509
674;4;2035;648202;236948;411254;166585;107028;105231;32410
675;4;2036;638627;233204;405423;163289;105733;104194;32207
676;4;2037;629596;229686;399910;160266;104534;103127;31983
677;4;2038;619423;225783;393640;156398;103443;102063;31736
678;4;2039;611830;222967;388863;153563;102588;101178;31534
679;4;2040;608096;221534;386562;152453;102109;100592;31408
680;4;2041;606264;220665;385599;152180;101857;100221;31341
681;4;2042;604760;219865;384895;151949;101697;99950;31299
682;4;2043;604986;219595;385391;152599;101722;99790;31280
683;4;2044;603326;218739;384587;152037;101710;99595;31245
684;4;2045;601831;217932;383899;151434;101735;99487;31243
685;4;2046;601803;217679;384124;151383;101912;99539;31290
686;4;2047;602982;217860;385122;151793;102212;99735;31382
687;4;2048;605113;218395;386718;152556;102623;100037;31502
688;4;2049;607862;219164;388698;153540;103099;100414;31645
689;4;2050;611049;220101;390948;154682;103599;100855;31812
690;4;2051;614517;221152;393365;155944;104100;101329;31992
691;4;2052;618001;222211;395790;157226;104581;101808;32175
692;4;2053;621365;223237;398128;158482;105028;102270;32348
693;4;2054;624441;224180;400261;159631;105420;102696;32514
694;4;2055;627150;225003;402147;160646;105754;103080;32667
695;4;2056;629439;225699;403740;161507;106018;103410;32805
696;4;2057;631364;226286;405078;162242;106222;103690;32924
697;4;2058;632888;226749;406139;162839;106364;103913;33023
698;4;2059;634039;227106;406933;163300;106446;104081;33106
699;4;2060;634875;227367;407508;163673;106477;104191;33167
700;5;2011;639603;175518;464085;107753;110070;172818;73444
701;5;2012;613095;171697;441398;101292;104890;164955;70261
702;5;2013;592868;168634;424234;95826;100964;159269;68175
703;5;2014;584095;168229;415866;93147;98979;156692;67048
704;5;2015;579072;167984;411088;91864;97737;155200;66287
705;5;2016;582526;169709;412817;93572;97611;155472;66162
706;5;2017;584818;170597;414221;94426;97594;156149;66052
707;5;2018;586070;170792;415278;94414;97597;157216;66051
708;5;2019;585253;170018;415235;93038;97641;158492;66064
709;5;2020;587600;170009;417591;92701;98195;160447;66248
710;5;2021;587831;169362;418469;90916;98558;162490;66505
711;5;2022;592645;170154;422491;91074;99202;165154;67061
712;5;2023;601299;172112;429187;93055;100076;168230;67826
713;5;2024;610035;174129;435906;95148;100959;171235;68564
714;5;2025;616955;175808;441147;96536;101595;173841;69175
715;5;2026;626910;178536;448374;100148;102288;176224;69714
716;5;2027;633777;180412;453365;102537;102726;178052;70050
717;5;2028;637997;181582;456415;103884;102999;179337;70195
718;5;2029;641768;182758;459010;105159;103226;180380;70245
719;5;2030;644852;183829;461023;106227;103454;181156;70186
720;5;2031;640680;182604;458076;103390;103187;181475;70024
721;5;2032;636804;181384;455420;100688;102861;181891;69980
722;5;2033;634497;180777;453720;98423;102700;182519;70078
723;5;2034;636718;181612;455106;98591;102746;183407;70362
724;5;2035;639505;182636;456869;99244;102687;184223;70715
725;5;2036;647137;185297;461840;102758;102908;185056;71118
726;5;2037;653040;187383;465657;105905;102968;185416;71368
727;5;2038;657691;188983;468708;109203;102883;185230;71392
728;5;2039;658186;189298;468888;110926;102500;184331;71131
729;5;2040;654011;188053;465958;110558;101830;182917;70653
730;5;2041;644698;185060;459638;107762;100767;181093;70016
731;5;2042;635900;182199;453701;105105;99799;179392;69405
732;5;2043;625923;178948;446975;101479;98874;177800;68822
733;5;2044;618502;176503;441999;98965;98145;176525;68364
734;5;2045;614807;175235;439572;98023;97749;175715;68085
735;5;2046;612968;174501;438467;97755;97570;175218;67924
736;5;2047;611441;173844;437597;97420;97476;174879;67822
737;5;2048;611625;173669;437956;97817;97553;174787;67799
738;5;2049;609950;172930;437020;97019;97571;174667;67763
739;5;2050;608460;172204;436256;96165;97607;174691;67793
740;5;2051;608412;171940;436472;95819;97777;174956;67920
741;5;2052;609554;172046;437508;95903;98051;175425;68129
742;5;2053;611639;172445;439194;96336;98403;176057;68398
743;5;2054;614332;173044;441288;96994;98801;176783;68710
744;5;2055;617458;173790;443668;97831;99222;177567;69048
745;5;2056;620842;174632;446210;98805;99642;178366;69397
746;5;2057;624248;175503;448745;99821;100044;179144;69736
747;5;2058;627552;176360;451192;100848;100413;179875;70056
748;5;2059;630555;177151;453404;101797;100733;180529;70345
749;5;2060;633198;177854;455344;102651;101010;181091;70592
750;6;2011;755515;175276;580239;119854;118799;229876;111710
751;6;2012;752194;176801;575393;119182;118146;227275;110790
752;6;2013;742698;177260;565438;117360;116285;222804;108989
753;6;2014;721918;175010;546908;113322;112296;215418;105872
754;6;2015;689802;169898;519904;106507;106790;205307;101300
755;6;2016;656649;164121;492528;98897;101258;195527;96846
756;6;2017;629099;159497;469602;92200;96482;187789;93131
757;6;2018;607600;155676;451924;86319;92785;182316;90504
758;6;2019;597820;154551;443269;83345;90772;179983;89169
759;6;2020;592129;153933;438196;81616;89562;178813;88205
760;6;2021;595055;155304;439751;82842;89407;179485;88017
761;6;2022;596852;155972;440880;83244;89274;180450;87912
762;6;2023;597604;156009;441595;82847;89142;181702;87904
763;6;2024;596306;155125;441181;81236;88985;183017;87943
764;6;2025;598196;154953;443243;80749;89237;185009;88248
765;6;2026;598140;154174;443966;79007;89350;186985;88624
766;6;2027;602732;154762;447970;79198;89904;189584;89284
767;6;2028;611321;156558;454763;81165;90871;192560;90167
768;6;2029;620035;158453;461582;83244;91905;195471;90962
769;6;2030;627013;160005;467008;84703;92794;197907;91604
770;6;2031;636926;162510;474416;88194;93754;200235;92233
771;6;2032;643756;164219;479537;90493;94431;202012;92601
772;6;2033;647978;165303;482675;91798;94880;203251;92746
773;6;2034;651830;166408;485422;93074;95235;204278;92835
774;6;2035;654994;167370;487624;94205;95435;205096;92888
775;6;2036;650985;166151;484834;91734;95078;205265;92757
776;6;2037;647214;164914;482300;89425;94722;205454;92699
777;6;2038;645028;164224;480804;87611;94603;205819;92771
778;6;2039;647261;164879;482382;88097;94762;206485;93038
779;6;2040;650053;165757;484296;89019;94938;207028;93311
780;6;2041;657649;168205;489444;92618;95471;207712;93643
781;6;2042;663553;170210;493343;95795;95844;207941;93763
782;6;2043;668210;171825;496385;99010;95999;207709;93667
783;6;2044;668720;172214;496506;100678;95787;206787;93254
784;6;2045;664616;171167;493449;100314;95182;205338;92615
785;6;2046;655388;168463;486925;97603;94159;203399;91764
786;6;2047;646659;165844;480815;95010;93198;201621;90986
787;6;2048;636748;162832;473916;91487;92218;199943;90268
788;6;2049;629323;160518;468805;88998;91451;198637;89719
789;6;2050;625604;159317;466287;87986;91028;197866;89407
790;6;2051;623742;158653;465089;87594;90818;197437;89240
791;6;2052;622218;158074;464144;87144;90683;197173;89144
792;6;2053;622406;157961;464445;87380;90665;197215;89185
793;6;2054;620748;157281;463467;86511;90557;197194;89205
794;6;2055;619245;156594;462651;85586;90480;197300;89285
795;6;2056;619211;156350;462861;85171;90552;197658;89480
796;6;2057;620354;156449;463905;85174;90744;198222;89765
797;6;2058;622432;156833;465599;85520;91011;198944;90124
798;6;2059;625104;157401;467703;86090;91333;199757;90523
799;6;2060;628209;158111;470098;86846;91704;200614;90934
800;7;2011;771524;176447;595077;141772;129880;217730;105695
801;7;2012;772758;177730;595028;142289;130243;217348;105148
802;7;2013;771200;178329;592871;142139;130127;216339;104266
803;7;2014;767572;178276;589296;140912;129769;215082;103533
804;7;2015;768515;179683;588832;140308;130082;214965;103477
805;7;2016;767990;181175;586815;139608;129870;214111;103226
806;7;2017;764224;182199;582025;138593;128946;212009;102477
807;7;2018;754109;182062;572047;136227;126504;208254;101062
808;7;2019;732931;179368;553563;131280;121901;201854;98528
809;7;2020;700626;173727;526899;123198;115807;193117;94777
810;7;2021;667321;167419;499902;114380;109867;184680;90975
811;7;2022;639754;162317;477437;106696;104859;178060;87822
812;7;2023;618180;158072;460108;100094;101108;173440;85466
813;7;2024;608304;156594;451710;96787;99080;171529;84314
814;7;2025;602496;155771;446725;94804;97854;170585;83482
815;7;2026;605255;157023;448232;95809;97621;171369;83433
816;7;2027;606825;157648;449177;96066;97368;172279;83464
817;7;2028;607326;157744;449582;95632;97208;173232;83510
818;7;2029;605792;156957;448835;94025;97009;174214;83587
819;7;2030;607484;156877;450607;93545;97265;175806;83991
820;7;2031;607376;156145;451231;91958;97557;177330;84386
821;7;2032;611992;156717;455275;92343;98463;179472;84997
822;7;2033;620660;158507;462153;94523;99817;182004;85809
823;7;2034;629451;160406;469045;96858;101187;184438;86562
824;7;2035;636510;161935;474575;98586;102377;186441;87171
825;7;2036;646471;164397;482074;102158;103624;188466;87826
826;7;2037;653350;166064;487286;104541;104541;189965;88239
827;7;2038;657600;167110;490490;105958;105168;190931;88433
828;7;2039;661525;168204;493321;107371;105678;191694;88578
829;7;2040;664747;169124;495623;108630;105930;192307;88756
830;7;2041;660782;167861;492921;106421;105561;192262;88677
831;7;2042;657039;166571;490468;104359;105264;192240;88605
832;7;2043;654882;165844;489038;102793;105221;192389;88635
833;7;2044;657122;166452;490670;103379;105510;192933;88848
834;7;2045;659916;167286;492630;104345;105904;193381;89000
835;7;2046;667481;169699;497782;107866;106680;194011;89225
836;7;2047;673358;171715;501643;110942;107226;194211;89264
837;7;2048;677968;173357;504611;113969;107454;194026;89162
838;7;2049;678478;173772;504706;115455;107219;193230;88802
839;7;2050;674376;172774;501602;114951;106470;191928;88253
840;7;2051;665148;170100;495048;112149;105277;190146;87476
841;7;2052;656414;167509;488905;109464;104125;188529;86787
842;7;2053;646511;164529;481982;105899;102921;187003;86159
843;7;2054;639082;162195;476887;103314;102000;185871;85702
844;7;2055;635379;160993;474386;102212;101466;185244;85464
845;7;2056;633515;160344;473171;101747;101157;184912;85355
846;7;2057;631995;159798;472197;101260;100931;184710;85296
847;7;2058;632163;159719;472444;101450;100813;184796;85385
848;7;2059;630515;159071;471444;100584;100600;184812;85448
849;7;2060;629017;158405;470612;99681;100465;184928;85538
850;8;2011;713864;177742;536122;185444;146385;145314;58979
851;8;2012;727354;182743;544611;188140;148989;147958;59524
852;8;2013;740541;187424;553117;191048;151609;150374;60086
853;8;2014;753749;192211;561538;193579;154068;153050;60841
854;8;2015;765359;195957;569402;195761;156310;155714;61617
855;8;2016;772659;198543;574116;196390;157791;157728;62207
856;8;2017;773436;199292;574144;195016;158259;158460;62409
857;8;2018;771633;199392;572241;192955;158376;158581;62329
858;8;2019;767865;198935;568930;189877;158533;158318;62202
859;8;2020;768905;200122;568783;187837;159616;158805;62525
860;8;2021;768637;201589;567048;185994;159889;158542;62623
861;8;2022;765101;202599;562502;183940;158940;157273;62349
862;8;2023;755185;202299;552886;180596;155908;154765;61617
863;8;2024;734295;199205;535090;174053;150248;150539;60250
864;8;2025;702294;192580;509714;163565;142964;144918;58267
865;8;2026;669223;185172;484051;152409;135853;139559;56230
866;8;2027;641872;179068;462804;142758;130021;135423;54602
867;8;2028;620406;174026;446380;134689;125883;132497;53311
868;8;2029;610593;172168;438425;130650;123648;131350;52777
869;8;2030;604825;171171;433654;128117;122283;130809;52445
870;8;2031;607581;172522;435059;128943;122110;131435;52571
871;8;2032;609111;173288;435823;129164;121944;132016;52699
872;8;2033;609560;173518;436042;128833;121840;132561;52808
873;8;2034;607986;172818;435168;127308;121758;133165;52937
874;8;2035;609658;172882;436776;126961;122202;134309;53304
875;8;2036;609600;172178;437422;125564;122862;135388;53608
876;8;2037;614266;172798;441468;126284;124276;136874;54034
877;8;2038;623013;174781;448232;128922;126150;138608;54552
878;8;2039;631867;176923;454944;131703;127944;140247;55050
879;8;2040;639004;178667;460337;133783;129524;141580;55450
880;8;2041;648985;181345;467640;137640;131141;142971;55888
881;8;2042;655885;183144;472741;140323;132325;143928;56165
882;8;2043;660132;184292;475840;141986;133067;144479;56308
883;8;2044;664064;185484;478580;143657;133592;144901;56430
884;8;2045;667279;186477;480802;145138;133760;145304;56600
885;8;2046;663346;185153;478193;143116;133315;145198;56564
886;8;2047;659597;183768;475829;141196;133048;145084;56501
887;8;2048;657456;182992;474464;139800;133086;145091;56487
888;8;2049;659656;183573;476083;140498;133552;145437;56596
889;8;2050;662408;184375;478033;141534;134228;145652;56619
890;8;2051;669921;186856;483065;145127;135222;146013;56703
891;8;2052;675784;188987;486797;148217;135838;146057;56685
892;8;2053;680363;190695;489668;151182;136000;145869;56617
893;8;2054;680866;191097;489769;152505;135545;145291;56428
894;8;2055;676775;190046;486729;151785;134422;144379;56143
895;8;2056;667568;187184;480384;148721;132859;143101;55703
896;8;2057;658855;184417;474438;145778;131358;141975;55327
897;8;2058;648996;181260;467736;141972;129857;140922;54985
898;8;2059;641586;178749;462837;139146;128769;140178;54744
899;8;2060;637882;177434;460448;137900;128130;139790;54628
900;9;2011;654124;183148;470976;275626;116480;59787;19083
901;9;2012;663631;188101;475530;273553;120293;62064;19620
902;9;2013;671316;192739;478577;271075;123558;63894;20050
903;9;2014;682345;198280;484065;271233;126741;65632;20459
904;9;2015;694885;204290;490595;272410;129835;67406;20944
905;9;2016;707978;210401;497577;274265;132732;69163;21417
906;9;2017;720937;216350;504587;276065;135613;70982;21927
907;9;2018;733475;221775;511700;277822;138673;72784;22421
908;9;2019;746192;227210;518982;279324;142006;74730;22922
909;9;2020;757497;231499;525998;280259;145578;76687;23474
910;9;2021;764815;234851;529964;279718;148324;78048;23874
911;9;2022;765727;236296;529431;276714;149976;78668;24073
912;9;2023;764247;237269;526978;273057;151015;78800;24106
913;9;2024;760799;237672;523127;268333;151800;78842;24152
914;9;2025;762168;239857;522311;265077;153308;79480;24446
915;9;2026;762236;242351;519885;261859;153578;79786;24662
916;9;2027;759046;244106;514940;258053;152521;79654;24712
917;9;2028;749497;244048;505449;252436;149506;78933;24574
918;9;2029;729106;240434;488672;242758;144451;77309;24154
919;9;2030;697688;232350;465338;228408;138280;75108;23542
920;9;2031;665163;223266;441897;213676;132423;72907;22891
921;9;2032;638267;215663;422604;201169;127868;71174;22393
922;9;2033;617132;209358;407774;191133;124735;69916;21990
923;9;2034;607537;206956;400581;186084;123075;69528;21894
924;9;2035;601971;205730;396241;182883;122079;69416;21863
925;9;2036;604852;207274;397578;183600;122109;69871;21998
926;9;2037;606486;208222;398264;183729;122167;70253;22115
927;9;2038;607013;208617;398396;183417;122217;70564;22198
928;9;2039;605514;207922;397592;181995;122438;70885;22274
929;9;2040;607241;208132;399109;181988;123204;71481;22436
930;9;2041;607284;207463;399821;181062;124189;72013;22557
931;9;2042;612026;208368;403658;182531;125700;72694;22733
932;9;2043;620837;210922;409915;186035;127459;73477;22944
933;9;2044;629743;213765;415978;189634;129035;74169;23140
934;9;2045;636940;216126;420814;192443;130373;74706;23292
935;9;2046;646906;219394;427512;197006;131748;75291;23467
936;9;2047;653757;221544;432213;200289;132688;75661;23575
937;9;2048;657999;222982;435017;202374;133180;75839;23624
938;9;2049;661916;224434;437482;204366;133493;75961;23662
939;9;2050;665115;225607;439508;206086;133600;76109;23713
940;9;2051;661231;224101;437130;204205;133270;75989;23666
941;9;2052;657494;222453;435041;202437;133147;75854;23603
942;9;2053;655376;221543;433833;201217;133270;75779;23567
943;9;2054;657569;222113;435456;202166;133783;75903;23604
944;9;2055;660306;222919;437387;203424;134410;75945;23608
945;9;2056;667781;225697;442084;207185;135161;76082;23656
946;9;2057;673640;228134;445506;210292;135475;76072;23667
947;9;2058;678190;230034;448156;213162;135362;75971;23661
948;9;2059;678697;230430;448267;214208;134720;75725;23614
949;9;2060;674637;229215;445422;213066;133517;75318;23521
950;10;2011;672547;205067;467480;377276;64801;19321;6082
951;10;2012;652593;202228;450365;360397;64447;19459;6062
952;10;2013;641778;201646;440132;348098;65818;20053;6163
953;10;2014;637468;203584;433884;339587;67418;20615;6264
954;10;2015;639246;207158;432088;335140;69335;21212;6401
955;10;2016;644175;211576;432599;333049;71196;21810;6544
956;10;2017;653380;217672;435708;333093;73375;22527;6713
957;10;2018;660675;223385;437290;332108;75201;23125;6856
958;10;2019;671326;230045;441281;333359;77144;23776;7002
959;10;2020;683635;237203;446432;334884;79683;24617;7248
960;10;2021;696330;244247;452083;337038;82183;25402;7460
961;10;2022;709202;251384;457818;339197;84749;26193;7679
962;10;2023;721562;258048;463514;341466;87301;26882;7865
963;10;2024;734121;264893;469228;343812;89825;27561;8030
964;10;2025;745183;271042;474141;345701;92070;28157;8213
965;10;2026;752449;276209;476240;345667;93631;28582;8360
966;10;2027;753399;279195;474204;342379;94520;28853;8452
967;10;2028;752156;281604;470552;337838;95102;29066;8546
968;10;2029;748994;283350;465644;331998;95669;29341;8636
969;10;2030;750712;287194;463518;328122;96749;29835;8812
970;10;2031;751195;291115;460080;323848;97116;30162;8954
971;10;2032;748435;293923;454512;318699;96620;30191;9002
972;10;2033;739427;294368;445059;311087;94985;29989;8998
973;10;2034;719692;290256;429436;298926;92166;29460;8884
974;10;2035;689059;280755;408304;281973;88844;28777;8710
975;10;2036;657294;270025;387269;264939;85694;28115;8521
976;10;2037;631052;260996;370056;250708;83328;27624;8396
977;10;2038;610437;253527;356910;239625;81726;27272;8287
978;10;2039;601231;250677;350554;234057;80994;27222;8281
979;10;2040;595976;249258;346718;230577;80619;27238;8284
980;10;2041;599071;251143;347928;231354;80830;27413;8331
981;10;2042;600883;252380;348503;231667;80962;27508;8366
982;10;2043;601554;252901;348653;231612;81059;27588;8394
983;10;2044;600173;252209;347964;230669;81237;27649;8409
984;10;2045;602010;252678;349332;231301;81768;27817;8446
985;10;2046;602187;252244;349943;231129;82385;27959;8470
986;10;2047;607053;253764;353289;233381;83231;28154;8523
987;10;2048;615941;257150;358791;237647;84169;28384;8591
988;10;2049;624891;260800;364091;241871;84979;28585;8656
989;10;2050;632144;263812;368332;245216;85657;28750;8709
990;10;2051;642118;267783;374335;250197;86419;28949;8770
991;10;2052;648983;270384;378599;253818;86922;29059;8800
992;10;2053;653243;272096;381147;256084;87161;29093;8809
993;10;2054;657189;273796;383393;258185;87298;29096;8814
994;10;2055;660418;275140;385278;259966;87388;29107;8817
995;10;2056;656617;273384;383233;258199;87214;29030;8790
996;10;2057;652927;271423;381504;256619;87155;28963;8767
997;10;2058;650893;270412;380481;255560;87228;28936;8757
998;10;2059;653107;271090;382017;256682;87542;29011;8782
999;10;2060;655857;272038;383819;258095;87864;29061;8799
1000;11;2011;496862;166577;330285;295951;26818;5513;2003
1001;11;2012;547392;183475;363917;326182;29450;6100;2185
1002;11;2013;588728;198541;390187;349569;31615;6651;2352
1003;11;2014;615666;209445;406221;363879;32914;6988;2440
1004;11;2015;633424;218331;415093;371554;33839;7211;2489
1005;11;2016;653822;229118;424704;379989;34701;7467;2547
1006;11;2017;634798;225557;409241;364609;34604;7500;2528
1007;11;2018;624490;224737;399753;354608;35004;7608;2533
1008;11;2019;620574;226636;393938;348029;35593;7754;2562
1009;11;2020;622520;230353;392167;344900;36661;7983;2623
1010;11;2021;627605;235152;392453;343802;37739;8224;2688
1011;11;2022;636713;241706;395007;345037;38795;8439;2736
1012;11;2023;644002;247792;396210;345007;39788;8628;2787
1013;11;2024;654489;254926;399563;347013;40851;8852;2847
1014;11;2025;666612;262813;403799;349823;41963;9078;2935
1015;11;2026;678925;270460;408465;353113;43023;9303;3026
1016;11;2027;691585;278436;413149;356397;44123;9529;3100
1017;11;2028;703650;286010;417640;359552;45174;9738;3176
1018;11;2029;715945;293846;422099;362688;46201;9965;3245
1019;11;2030;726777;301050;425727;365083;47136;10188;3320
1020;11;2031;734013;307129;426884;365291;47821;10373;3399
1021;11;2032;735052;310883;424169;362248;48067;10426;3428
1022;11;2033;734079;314041;420038;357882;48217;10472;3467
1023;11;2034;731298;316551;414747;352367;48334;10540;3506
1024;11;2035;733406;321459;411947;348982;48683;10706;3576
1025;11;2036;734355;326159;408196;344769;48892;10888;3647
1026;11;2037;732071;329553;402518;339450;48498;10902;3668
1027;11;2038;723652;330164;393488;331247;47725;10861;3655
1028;11;2039;704656;325476;379180;318437;46443;10692;3608
1029;11;2040;675027;314845;360182;301162;45009;10472;3539
1030;11;2041;644230;302886;341344;283996;43639;10246;3463
1031;11;2042;618853;292883;325970;269846;42630;10077;3417
1032;11;2043;598910;284649;314261;259014;41915;9952;3380
1033;11;2044;590190;281603;308587;253689;41604;9924;3370
1034;11;2045;585303;280110;305193;250492;41429;9910;3362
1035;11;2046;588590;282289;306301;251453;41531;9950;3367
1036;11;2047;590619;283754;306865;251918;41603;9971;3373
1037;11;2048;591443;284357;307086;252074;41656;9978;3378
1038;11;2049;590232;283678;306554;251483;41721;9973;3377
1039;11;2050;592211;284370;307841;252511;41949;10000;3381
1040;11;2051;592602;284210;308392;252770;42209;10027;3386
1041;11;2052;597611;286248;311363;255287;42587;10085;3404
1042;11;2053;606571;290230;316341;259727;43022;10160;3432
1043;11;2054;615579;294403;321176;264093;43407;10221;3455
1044;11;2055;622917;297849;325068;267614;43712;10269;3473
1045;11;2056;632906;302344;330562;272662;44070;10335;3495
1046;11;2057;639815;305304;334511;276311;44315;10375;3510
1047;11;2058;644154;307220;336934;278588;44442;10389;3515
1048;11;2059;648162;309075;339087;280645;44530;10397;3515
1049;11;2060;651443;310509;340934;282380;44625;10413;3516
1050;12;2011;419832;168184;251648;233465;15015;2272;896
1051;12;2012;427289;170447;256842;238475;15169;2289;909
1052;12;2013;438678;174123;264555;245457;15760;2398;940
1053;12;2014;452057;178334;273723;254044;16235;2484;960
1054;12;2015;468617;183807;284810;264521;16730;2581;978
1055;12;2016;477027;186497;290530;269847;17087;2617;979
1056;12;2017;526111;204995;321116;298882;18378;2823;1033
1057;12;2018;566311;221411;344900;321548;19277;2988;1087
1058;12;2019;592606;233006;359600;335483;19881;3107;1129
1059;12;2020;610128;242189;367939;343104;20467;3211;1157
1060;12;2021;630001;253274;376727;351189;20984;3349;1205
1061;12;2022;612139;248543;363596;338049;20988;3358;1201
1062;12;2023;602596;246881;355715;329911;21206;3392;1206
1063;12;2024;599172;248197;350975;324788;21531;3447;1209
1064;12;2025;601270;251617;349653;322984;21928;3507;1234
1065;12;2026;606409;256373;350036;322842;22355;3575;1264
1066;12;2027;615328;262813;352515;324703;22862;3658;1292
1067;12;2028;622493;268721;353772;325379;23337;3727;1329
1068;12;2029;632700;275827;356873;327861;23829;3808;1375
1069;12;2030;644551;283807;360744;331086;24347;3902;1409
1070;12;2031;656377;291452;364925;334642;24837;3992;1454
1071;12;2032;668731;299654;369077;338314;25221;4046;1496
1072;12;2033;680425;307432;372993;341797;25584;4091;1521
1073;12;2034;692357;315470;376887;345267;25937;4135;1548
1074;12;2035;702870;322865;380005;348019;26215;4199;1572
1075;12;2036;710000;328993;381007;348611;26496;4293;1607
1076;12;2037;711115;332555;378560;346059;26551;4323;1627
1077;12;2038;710377;335512;374865;342310;26549;4366;1640
1078;12;2039;707986;337850;370136;337567;26534;4386;1649
1079;12;2040;710387;342758;367629;334953;26576;4428;1672
1080;12;2041;711642;347521;364121;331503;26480;4450;1688
1081;12;2042;709695;350638;359057;326697;26234;4439;1687
1082;12;2043;701736;350801;350935;319047;25803;4408;1677
1083;12;2044;683454;345272;338182;307024;25163;4349;1646
1084;12;2045;654919;333633;321286;290972;24450;4256;1608
1085;12;2046;625283;320704;304579;275058;23782;4170;1569
1086;12;2047;600916;309953;290963;262038;23274;4108;1543
1087;12;2048;581802;301145;280657;252159;22925;4054;1519
1088;12;2049;573578;297848;275730;247419;22766;4032;1513
1089;12;2050;569085;296217;272868;244654;22699;4014;1501
1090;12;2051;572514;298476;274038;245767;22754;4016;1501
1091;12;2052;574766;300057;274709;246391;22796;4022;1500
1092;12;2053;575756;300695;275061;246696;22835;4027;1503
1093;12;2054;574769;300036;274733;246316;22893;4024;1500
1094;12;2055;576878;300837;276041;247482;23025;4031;1503
1095;12;2056;577498;300811;276687;247970;23171;4041;1505
1096;12;2057;582627;303099;279528;250577;23372;4065;1514
1097;12;2058;591597;307379;284218;254986;23606;4097;1529
1098;12;2059;600565;311810;288755;259265;23826;4125;1539
1099;12;2060;607949;315492;292457;262744;24013;4152;1548
1100;13;2011;351094;174730;176364;166297;8705;1023;339
1101;13;2012;354993;174681;180312;170098;8841;1023;350
1102;13;2013;357642;174205;183437;173130;8940;1019;348
1103;13;2014;366630;176856;189774;179095;9278;1044;357
1104;13;2015;375915;179948;195967;185006;9530;1069;362
1105;13;2016;387470;183993;203477;192091;9938;1081;367
1106;13;2017;395246;186587;208659;196998;10198;1099;364
1107;13;2018;406493;190735;215758;203668;10566;1143;381
1108;13;2019;419931;195617;224314;211810;10922;1184;398
1109;13;2020;436333;201888;234445;221456;11332;1239;418
1110;13;2021;445087;205136;239951;226572;11678;1269;432
1111;13;2022;492277;225664;266613;252363;12425;1355;470
1112;13;2023;530835;243614;287221;272304;12992;1427;498
1113;13;2024;555954;256011;299943;284551;13390;1490;512
1114;13;2025;572505;265406;307099;291353;13689;1531;526
1115;13;2026;590640;276480;314160;298070;13951;1593;546
1116;13;2027;574332;270433;303899;287775;13977;1602;545
1117;13;2028;565845;267807;298038;281763;14101;1618;556
1118;13;2029;563040;268396;294644;278151;14278;1642;573
1119;13;2030;565333;271332;294001;277227;14517;1674;583
1120;13;2031;570477;275790;294687;277602;14781;1706;598
1121;13;2032;579010;281929;297081;279695;15033;1735;618
1122;13;2033;585976;287458;298518;280856;15280;1755;627
1123;13;2034;595725;294272;301453;283508;15529;1778;638
1124;13;2035;607096;302025;305071;286839;15776;1809;647
1125;13;2036;618199;309320;308879;290337;16033;1849;660
1126;13;2037;630057;317263;312794;293990;16257;1874;673
1127;13;2038;641157;324711;316446;297410;16456;1899;681
1128;13;2039;652490;332360;320130;300881;16646;1916;687
1129;13;2040;662471;339327;323144;303724;16784;1938;698
1130;13;2041;669264;344995;324269;304739;16861;1960;709
1131;13;2042;670313;347837;322476;302936;16864;1966;710
1132;13;2043;669715;350076;319639;300123;16826;1976;714
1133;13;2044;667718;351741;315977;296520;16768;1978;711
1134;13;2045;670390;356043;314347;294913;16735;1985;714
1135;13;2046;671884;360153;311731;292400;16631;1987;713
1136;13;2047;670154;362486;307668;288534;16443;1980;711
1137;13;2048;662633;361811;300822;281991;16164;1964;703
1138;13;2049;645236;355273;289963;271559;15773;1937;694
1139;13;2050;618459;342727;275732;257805;15356;1896;675
1140;13;2051;590716;329030;261686;244206;14967;1855;658
1141;13;2052;568047;317694;250353;233212;14668;1828;645
1142;13;2053;550321;308465;241856;224954;14463;1803;636
1143;13;2054;542877;304927;237950;221154;14374;1792;630
1144;13;2055;538946;303139;235807;219061;14339;1781;626
1145;13;2056;542498;305359;237139;220355;14377;1780;627
1146;13;2057;544978;306985;237993;221169;14413;1783;628
1147;13;2058;546088;307592;238496;221629;14451;1786;630
1148;13;2059;545333;306918;238415;221503;14499;1784;629
1149;13;2060;547533;307741;239792;222783;14590;1788;631
1150;14;2011;264276;161358;102918;97607;4623;529;159
1151;14;2012;268753;162356;106397;100975;4723;535;164
1152;14;2013;275062;164591;110471;104872;4885;546;168
1153;14;2014;278405;164971;113434;107724;4988;551;171
1154;14;2015;282746;165936;116810;110941;5134;560;175
1155;14;2016;286012;166382;119630;113669;5222;561;178
1156;14;2017;290990;167753;123237;117124;5360;571;182
1157;14;2018;294983;168667;126316;120092;5460;577;187
1158;14;2019;304130;172458;131672;125195;5685;595;197
1159;14;2020;313417;176534;136883;130175;5885;616;207
1160;14;2021;324507;181515;142992;135983;6170;624;215
1161;14;2022;332018;184723;147295;140060;6371;640;224
1162;14;2023;342272;189378;152894;145355;6646;659;234
1163;14;2024;354799;195052;159747;151907;6910;687;243
1164;14;2025;369811;202123;167688;159530;7180;722;256
1165;14;2026;377983;205956;172027;163608;7419;738;262
1166;14;2027;420135;227674;192461;183517;7876;787;281
1167;14;2028;454030;246167;207863;198499;8229;836;299
1168;14;2029;475596;258458;217138;207469;8485;871;313
1169;14;2030;489288;267183;222105;212207;8672;905;321
1170;14;2031;503336;276843;226493;216381;8851;931;330
1171;14;2032;490235;270447;219788;209652;8871;937;328
1172;14;2033;484048;267660;216388;206167;8948;945;328
1173;14;2034;482485;267872;214613;204280;9044;959;330
1174;14;2035;485120;270376;214744;204261;9177;973;333
1175;14;2036;490154;274419;215735;205080;9329;990;336
1176;14;2037;497936;279941;217995;207158;9491;1005;341
1177;14;2038;504569;284890;219679;208671;9643;1020;345
1178;14;2039;513461;291045;222416;211231;9805;1031;349
1179;14;2040;523864;298164;225700;214339;9958;1049;354
1180;14;2041;533713;304680;229033;217517;10093;1063;360
1181;14;2042;544485;311913;232572;220905;10226;1077;364
1182;14;2043;554428;318604;235824;224031;10338;1086;369
1183;14;2044;564576;325432;239144;227242;10439;1092;371
1184;14;2045;573612;331644;241968;229982;10513;1099;374
1185;14;2046;579678;336435;243243;231215;10545;1106;377
1186;14;2047;580772;338463;242309;230299;10527;1106;377
1187;14;2048;580523;339937;240586;228615;10487;1107;377
1188;14;2049;579337;340994;238343;226432;10432;1103;376
1189;14;2050;582598;344752;237846;225972;10394;1103;377
1190;14;2051;584546;348147;236399;224608;10315;1100;376
1191;14;2052;583196;349585;233611;221956;10187;1094;374
1192;14;2053;576578;348044;228534;217068;10010;1085;371
1193;14;2054;561113;340787;220326;209120;9773;1069;364
1194;14;2055;538092;328249;209843;198925;9520;1044;354
1195;14;2056;514418;314845;199573;188923;9289;1017;344
1196;14;2057;495359;303884;191475;181029;9113;997;336
1197;14;2058;480616;295085;185531;175228;8992;981;330
1198;14;2059;474750;291709;183041;172797;8945;972;327
1199;14;2060;471899;290037;181862;171639;8933;964;326
1200;15;2011;150712;109483;41229;39277;1734;173;45
1201;15;2012;153055;110172;42883;40848;1808;180;47
1202;15;2013;155253;110715;44538;42419;1884;186;49
1203;15;2014;158400;111919;46481;44282;1958;191;50
1204;15;2015;162116;113554;48562;46274;2039;197;52
1205;15;2016;167723;116549;51174;48763;2149;207;55
1206;15;2017;172583;119074;53509;51019;2220;213;57
1207;15;2018;178409;122275;56134;53541;2312;221;60
1208;15;2019;182103;123969;58134;55468;2377;227;62
1209;15;2020;186464;126087;60377;57608;2469;235;65
1210;15;2021;190110;127736;62374;59526;2541;240;67
1211;15;2022;194750;130012;64738;61792;2628;248;70
1212;15;2023;198668;131852;66816;63785;2709;251;71
1213;15;2024;205926;135816;70110;66942;2834;260;74
1214;15;2025;213160;139892;73268;69973;2947;271;77
1215;15;2026;221521;144629;76892;73446;3094;275;77
1216;15;2027;227054;147646;79408;75832;3214;282;80
1217;15;2028;234490;151834;82656;78921;3355;297;83
1218;15;2029;244181;157321;86860;82952;3510;311;87
1219;15;2030;255675;164036;91639;87562;3660;327;90
1220;15;2031;261970;167752;94218;89993;3791;341;93
1221;15;2032;293797;187203;106594;102093;4043;362;96
1222;15;2033;318508;202999;115509;110794;4237;379;99
1223;15;2034;333594;212960;120634;115766;4373;393;102
1224;15;2035;342553;219406;123147;118167;4475;402;103
1225;15;2036;350727;225731;124996;119916;4564;411;105
1226;15;2037;342815;220806;122009;116905;4586;413;105
1227;15;2038;340100;219093;121007;115848;4636;417;106
1228;15;2039;340280;219526;120754;115519;4706;422;107
1229;15;2040;343208;221731;121477;116156;4785;428;108
1230;15;2041;347724;225119;122605;117192;4870;434;109
1231;15;2042;354095;229605;124490;118974;4964;441;111
1232;15;2043;359844;233732;126112;120498;5055;447;112
1233;15;2044;367093;238778;128315;122602;5146;453;114
1234;15;2045;375514;244659;130855;125045;5235;460;115
1235;15;2046;383248;249916;133332;127436;5314;466;116
1236;15;2047;391940;255921;136019;130039;5392;471;117
1237;15;2048;399883;261408;138475;132423;5458;476;118
1238;15;2049;407979;266981;140998;134884;5517;478;119
1239;15;2050;415387;272144;143243;137078;5566;480;119
1240;15;2051;420318;275882;144436;138242;5592;482;120
1241;15;2052;421659;277387;144272;138080;5591;481;120
1242;15;2053;422077;278412;143665;137484;5578;483;120
1243;15;2054;422136;279280;142856;136700;5553;483;120
1244;15;2055;425954;282608;143346;137201;5542;483;120
1245;15;2056;428355;285308;143047;136936;5511;480;120
1246;15;2057;427714;286025;141689;135643;5452;475;119
1247;15;2058;422893;284121;138772;132819;5369;467;117
1248;15;2059;411248;277380;133868;128041;5256;456;115
1249;15;2060;394846;266951;127895;122209;5131;443;112
1250;16;2011;47448;38507;8941;8448;438;35;20
1251;16;2012;51345;41526;9819;9284;476;38;21
1252;16;2013;54670;44093;10577;10004;510;41;22
1253;16;2014;58421;47039;11382;10765;551;43;23
1254;16;2015;61323;49362;11961;11334;560;44;23
1255;16;2016;63115;50616;12499;11864;568;44;23
1256;16;2017;65154;51962;13192;12522;599;47;24
1257;16;2018;67063;53200;13863;13162;627;49;25
1258;16;2019;69554;54896;14658;13930;650;51;27
1259;16;2020;72145;56666;15479;14711;686;54;28
1260;16;2021;75579;59079;16500;15686;726;58;30
1261;16;2022;78478;61085;17393;16546;756;60;31
1262;16;2023;81653;63289;18364;17475;793;63;33
1263;16;2024;83639;64561;19078;18162;818;65;33
1264;16;2025;85927;66048;19879;18928;850;67;34
1265;16;2026;87929;67307;20622;19639;879;69;35
1266;16;2027;90405;68912;21493;20474;912;71;36
1267;16;2028;92564;70300;22264;21212;941;74;37
1268;16;2029;96388;72897;23491;22390;986;77;38
1269;16;2030;100194;75542;24652;23506;1027;80;39
1270;16;2031;104516;78540;25976;24775;1076;84;41
1271;16;2032;107218;80368;26850;25604;1118;87;41
1272;16;2033;110950;82922;28028;26726;1170;90;42
1273;16;2034;116247;86573;29674;28307;1228;95;44
1274;16;2035;122475;90949;31526;30094;1287;99;46
1275;16;2036;125724;93266;32458;30975;1333;103;47
1276;16;2037;143101;105697;37404;35809;1433;111;51
1277;16;2038;155700;115019;40681;38998;1512;118;53
1278;16;2039;162699;120330;42369;40625;1567;122;55
1279;16;2040;166323;123269;43054;41270;1603;125;56
1280;16;2041;169040;125612;43428;41608;1635;128;57
1281;16;2042;166180;123401;42779;40946;1647;129;57
1282;16;2043;166141;123238;42903;41041;1674;131;57
1283;16;2044;167184;123999;43185;41290;1704;133;58
1284;16;2045;169428;125655;43773;41841;1739;135;58
1285;16;2046;172377;127918;44459;42488;1774;138;59
1286;16;2047;176201;130757;45444;43428;1815;141;60
1287;16;2048;179893;133526;46367;44310;1853;143;61
1288;16;2049;184249;136756;47493;45390;1895;146;62
1289;16;2050;189275;140519;48756;46608;1936;149;63
1290;16;2051;193745;143805;49940;47754;1970;152;64
1291;16;2052;198911;147643;51268;49040;2009;154;65
1292;16;2053;203575;151113;52462;50198;2041;157;66
1293;16;2054;208334;154629;53705;51409;2070;159;67
1294;16;2055;212824;157972;54852;52524;2100;161;67
1295;16;2056;215683;160188;55495;53149;2116;162;68
1296;16;2057;216712;161103;55609;53254;2124;163;68
1297;16;2058;217328;161749;55579;53223;2126;163;67
1298;16;2059;218094;162524;55570;53216;2124;163;67
1299;16;2060;221367;165130;56237;53878;2129;163;67
1300;17;2011;9163;7978;1185;1091;85;6;3
1301;17;2012;9700;8452;1248;1151;89;5;3
1302;17;2013;10332;9017;1315;1216;91;5;3
1303;17;2014;10845;9472;1373;1268;96;6;3
1304;17;2015;11605;10128;1477;1366;102;6;3
1305;17;2016;13101;11425;1676;1553;113;6;4
1306;17;2017;14421;12573;1848;1716;121;7;4
1307;17;2018;15583;13588;1995;1855;129;7;4
1308;17;2019;16834;14680;2154;2005;137;8;4
1309;17;2020;17877;15609;2268;2114;142;8;4
1310;17;2021;18798;16396;2402;2242;148;8;4
1311;17;2022;19705;17152;2553;2383;156;9;5
1312;17;2023;20504;17815;2689;2514;161;9;5
1313;17;2024;21494;18642;2852;2669;169;9;5
1314;17;2025;22404;19400;3004;2813;176;10;5
1315;17;2026;23527;20331;3196;2996;185;10;5
1316;17;2027;24438;21066;3372;3160;195;11;6
1317;17;2028;25392;21845;3547;3326;204;11;6
1318;17;2029;26025;22356;3669;3444;208;11;6
1319;17;2030;26773;22955;3818;3587;214;11;6
1320;17;2031;27512;23548;3964;3721;225;12;6
1321;17;2032;28363;24224;4139;3890;231;12;6
1322;17;2033;29130;24843;4287;4033;236;12;6
1323;17;2034;30345;25816;4529;4263;247;12;7
1324;17;2035;31553;26804;4749;4472;257;13;7
1325;17;2036;32908;27901;5007;4719;268;13;7
1326;17;2037;33721;28554;5167;4871;276;13;7
1327;17;2038;34887;29484;5403;5095;286;14;8
1328;17;2039;36722;30968;5754;5432;300;14;8
1329;17;2040;38823;32685;6138;5800;315;15;8
1330;17;2041;39900;33580;6320;5970;326;15;9
1331;17;2042;45568;38198;7370;6990;355;16;9
1332;17;2043;49355;41355;8000;7594;379;17;10
1333;17;2044;51353;43043;8310;7888;394;17;11
1334;17;2045;52355;43924;8431;8000;402;18;11
1335;17;2046;52899;44405;8494;8056;409;18;11
1336;17;2047;53350;44789;8561;8118;414;18;11
1337;17;2048;54334;45606;8728;8276;423;18;11
1338;17;2049;55184;46307;8877;8411;435;19;12
1339;17;2050;56172;47120;9052;8574;447;19;12
1340;17;2051;57291;48058;9233;8746;456;19;12
1341;17;2052;58647;49160;9487;8991;465;19;12
1342;17;2053;60137;50360;9777;9265;479;20;13
1343;17;2054;61720;51662;10058;9538;487;20;13
1344;17;2055;63549;53166;10383;9851;499;20;13
1345;17;2056;65173;54491;10682;10136;513;20;13
1346;17;2057;67105;56079;11026;10470;522;20;14
1347;17;2058;68852;57513;11339;10770;534;21;14
1348;17;2059;70647;58981;11666;11086;545;21;14
1349;17;2060;72438;60464;11974;11385;553;21;15
