ID;Geslacht;Leeftijd;Perioden;Overledenen_1;Immigratie_2;EmigratieInclusiefCorrecties_3;MigratiesaldoInclusiefCorrecties_4
0;Mannen en Vrouwen;Totaal leeftijd;2012;139404;154705;143788;10917
1;Mannen en Vrouwen;Totaal leeftijd;2013;141167;152909;141165;11744
2;Mannen en Vrouwen;Totaal leeftijd;2014;142899;151977;139094;12883
3;Mannen en Vrouwen;Totaal leeftijd;2015;144614;153485;137430;16055
4;Mannen en Vrouwen;Totaal leeftijd;2016;146317;155373;135634;19739
5;Mannen en Vrouwen;Totaal leeftijd;2017;148020;157374;133446;23928
6;Mannen en Vrouwen;Totaal leeftijd;2018;149731;157331;133973;23358
7;Mannen en Vrouwen;Totaal leeftijd;2019;151464;156685;134333;22352
8;Mannen en Vrouwen;Totaal leeftijd;2020;153230;155562;134431;21131
9;Mannen en Vrouwen;Totaal leeftijd;2021;155058;154447;134274;20173
10;Mannen en Vrouwen;Totaal leeftijd;2022;156967;153323;133986;19337
11;Mannen en Vrouwen;Totaal leeftijd;2023;158964;153235;133925;19310
12;Mannen en Vrouwen;Totaal leeftijd;2024;161052;153231;133968;19263
13;Mannen en Vrouwen;Totaal leeftijd;2025;163224;153286;134091;19195
14;Mannen en Vrouwen;Totaal leeftijd;2026;165460;153385;134250;19135
15;Mannen en Vrouwen;Totaal leeftijd;2027;167740;153466;134399;19067
16;Mannen en Vrouwen;Totaal leeftijd;2028;170036;153538;134562;18976
17;Mannen en Vrouwen;Totaal leeftijd;2029;172335;153655;134679;18976
18;Mannen en Vrouwen;Totaal leeftijd;2030;174616;153712;134801;18911
19;Mannen en Vrouwen;Totaal leeftijd;2031;176861;153773;134886;18887
20;Mannen en Vrouwen;Totaal leeftijd;2032;179043;153805;134964;18841
21;Mannen en Vrouwen;Totaal leeftijd;2033;181137;153896;135038;18858
22;Mannen en Vrouwen;Totaal leeftijd;2034;183138;153979;135114;18865
23;Mannen en Vrouwen;Totaal leeftijd;2035;185044;154029;135188;18841
24;Mannen en Vrouwen;Totaal leeftijd;2036;186837;154136;135258;18878
25;Mannen en Vrouwen;Totaal leeftijd;2037;188504;154187;135321;18866
26;Mannen en Vrouwen;Totaal leeftijd;2038;190032;154234;135395;18839
27;Mannen en Vrouwen;Totaal leeftijd;2039;191415;154298;135463;18835
28;Mannen en Vrouwen;Totaal leeftijd;2040;192646;154412;135529;18883
29;Mannen en Vrouwen;Totaal leeftijd;2041;193729;154481;135608;18873
30;Mannen en Vrouwen;Totaal leeftijd;2042;194667;154490;135704;18786
31;Mannen en Vrouwen;Totaal leeftijd;2043;195464;154557;135816;18741
32;Mannen en Vrouwen;Totaal leeftijd;2044;196114;154581;135940;18641
33;Mannen en Vrouwen;Totaal leeftijd;2045;196647;154641;136071;18570
34;Mannen en Vrouwen;Totaal leeftijd;2046;197063;154674;136215;18459
35;Mannen en Vrouwen;Totaal leeftijd;2047;197447;154774;136351;18423
36;Mannen en Vrouwen;Totaal leeftijd;2048;197845;154837;136496;18341
37;Mannen en Vrouwen;Totaal leeftijd;2049;198255;154901;136648;18253
38;Mannen en Vrouwen;Totaal leeftijd;2050;198653;154943;136799;18144
39;Mannen en Vrouwen;Totaal leeftijd;2051;199008;155005;136953;18052
40;Mannen en Vrouwen;Totaal leeftijd;2052;199282;155017;137106;17911
41;Mannen en Vrouwen;Totaal leeftijd;2053;199445;155064;137255;17809
42;Mannen en Vrouwen;Totaal leeftijd;2054;199463;155108;137389;17719
43;Mannen en Vrouwen;Totaal leeftijd;2055;199308;155139;137521;17618
44;Mannen en Vrouwen;Totaal leeftijd;2056;198955;155190;137640;17550
45;Mannen en Vrouwen;Totaal leeftijd;2057;198390;155198;137745;17453
46;Mannen en Vrouwen;Totaal leeftijd;2058;197607;155202;137844;17358
47;Mannen en Vrouwen;Totaal leeftijd;2059;196600;155222;137922;17300
48;Mannen en Vrouwen;0 jaar;2012;572;1344;451;893
49;Mannen en Vrouwen;0 jaar;2013;548;1321;434;887
50;Mannen en Vrouwen;0 jaar;2014;526;1307;424;883
51;Mannen en Vrouwen;0 jaar;2015;507;1313;415;898
52;Mannen en Vrouwen;0 jaar;2016;489;1325;408;917
53;Mannen en Vrouwen;0 jaar;2017;472;1335;401;934
54;Mannen en Vrouwen;0 jaar;2018;456;1332;401;931
55;Mannen en Vrouwen;0 jaar;2019;438;1321;401;920
56;Mannen en Vrouwen;0 jaar;2020;422;1304;400;904
57;Mannen en Vrouwen;0 jaar;2021;405;1293;400;893
58;Mannen en Vrouwen;0 jaar;2022;389;1279;399;880
59;Mannen en Vrouwen;0 jaar;2023;374;1272;399;873
60;Mannen en Vrouwen;0 jaar;2024;359;1270;399;871
61;Mannen en Vrouwen;0 jaar;2025;344;1267;399;868
62;Mannen en Vrouwen;0 jaar;2026;330;1268;400;868
63;Mannen en Vrouwen;0 jaar;2027;316;1264;398;866
64;Mannen en Vrouwen;0 jaar;2028;302;1262;398;864
65;Mannen en Vrouwen;0 jaar;2029;288;1260;398;862
66;Mannen en Vrouwen;0 jaar;2030;276;1254;398;856
67;Mannen en Vrouwen;0 jaar;2031;264;1253;397;856
68;Mannen en Vrouwen;0 jaar;2032;250;1251;397;854
69;Mannen en Vrouwen;0 jaar;2033;239;1250;395;855
70;Mannen en Vrouwen;0 jaar;2034;227;1248;395;853
71;Mannen en Vrouwen;0 jaar;2035;216;1246;393;853
72;Mannen en Vrouwen;0 jaar;2036;205;1246;392;854
73;Mannen en Vrouwen;0 jaar;2037;195;1242;391;851
74;Mannen en Vrouwen;0 jaar;2038;185;1240;389;851
75;Mannen en Vrouwen;0 jaar;2039;176;1237;387;850
76;Mannen en Vrouwen;0 jaar;2040;167;1235;387;848
77;Mannen en Vrouwen;0 jaar;2041;159;1233;386;847
78;Mannen en Vrouwen;0 jaar;2042;152;1233;385;848
79;Mannen en Vrouwen;0 jaar;2043;145;1231;384;847
80;Mannen en Vrouwen;0 jaar;2044;138;1228;383;845
81;Mannen en Vrouwen;0 jaar;2045;131;1228;383;845
82;Mannen en Vrouwen;0 jaar;2046;126;1228;383;845
83;Mannen en Vrouwen;0 jaar;2047;121;1224;383;841
84;Mannen en Vrouwen;0 jaar;2048;116;1224;383;841
85;Mannen en Vrouwen;0 jaar;2049;111;1224;384;840
86;Mannen en Vrouwen;0 jaar;2050;106;1222;385;837
87;Mannen en Vrouwen;0 jaar;2051;102;1218;384;834
88;Mannen en Vrouwen;0 jaar;2052;97;1217;386;831
89;Mannen en Vrouwen;0 jaar;2053;93;1216;388;828
90;Mannen en Vrouwen;0 jaar;2054;89;1215;387;828
91;Mannen en Vrouwen;0 jaar;2055;85;1215;389;826
92;Mannen en Vrouwen;0 jaar;2056;82;1215;389;826
93;Mannen en Vrouwen;0 jaar;2057;78;1215;389;826
94;Mannen en Vrouwen;0 jaar;2058;75;1213;390;823
95;Mannen en Vrouwen;0 jaar;2059;71;1213;390;823
96;Mannen en Vrouwen;1 jaar;2012;91;1804;1517;287
97;Mannen en Vrouwen;1 jaar;2013;85;1779;1443;336
98;Mannen en Vrouwen;1 jaar;2014;82;1763;1395;368
99;Mannen en Vrouwen;1 jaar;2015;79;1776;1364;412
100;Mannen en Vrouwen;1 jaar;2016;76;1797;1338;459
101;Mannen en Vrouwen;1 jaar;2017;73;1819;1311;508
102;Mannen en Vrouwen;1 jaar;2018;70;1820;1313;507
103;Mannen en Vrouwen;1 jaar;2019;68;1812;1312;500
104;Mannen en Vrouwen;1 jaar;2020;66;1796;1309;487
105;Mannen en Vrouwen;1 jaar;2021;63;1784;1304;480
106;Mannen en Vrouwen;1 jaar;2022;61;1768;1302;466
107;Mannen en Vrouwen;1 jaar;2023;59;1766;1299;467
108;Mannen en Vrouwen;1 jaar;2024;56;1764;1300;464
109;Mannen en Vrouwen;1 jaar;2025;54;1764;1299;465
110;Mannen en Vrouwen;1 jaar;2026;52;1766;1300;466
111;Mannen en Vrouwen;1 jaar;2027;50;1764;1300;464
112;Mannen en Vrouwen;1 jaar;2028;47;1763;1298;465
113;Mannen en Vrouwen;1 jaar;2029;45;1764;1298;466
114;Mannen en Vrouwen;1 jaar;2030;43;1765;1298;467
115;Mannen en Vrouwen;1 jaar;2031;41;1765;1295;470
116;Mannen en Vrouwen;1 jaar;2032;39;1765;1293;472
117;Mannen en Vrouwen;1 jaar;2033;37;1765;1291;474
118;Mannen en Vrouwen;1 jaar;2034;36;1766;1287;479
119;Mannen en Vrouwen;1 jaar;2035;34;1764;1283;481
120;Mannen en Vrouwen;1 jaar;2036;32;1764;1279;485
121;Mannen en Vrouwen;1 jaar;2037;30;1764;1274;490
122;Mannen en Vrouwen;1 jaar;2038;29;1767;1269;498
123;Mannen en Vrouwen;1 jaar;2039;28;1769;1265;504
124;Mannen en Vrouwen;1 jaar;2040;26;1769;1260;509
125;Mannen en Vrouwen;1 jaar;2041;25;1768;1256;512
126;Mannen en Vrouwen;1 jaar;2042;23;1766;1253;513
127;Mannen en Vrouwen;1 jaar;2043;23;1767;1250;517
128;Mannen en Vrouwen;1 jaar;2044;21;1765;1248;517
129;Mannen en Vrouwen;1 jaar;2045;21;1765;1247;518
130;Mannen en Vrouwen;1 jaar;2046;19;1764;1245;519
131;Mannen en Vrouwen;1 jaar;2047;19;1763;1246;517
132;Mannen en Vrouwen;1 jaar;2048;18;1764;1246;518
133;Mannen en Vrouwen;1 jaar;2049;17;1764;1248;516
134;Mannen en Vrouwen;1 jaar;2050;16;1764;1249;515
135;Mannen en Vrouwen;1 jaar;2051;16;1766;1251;515
136;Mannen en Vrouwen;1 jaar;2052;16;1765;1253;512
137;Mannen en Vrouwen;1 jaar;2053;14;1765;1254;511
138;Mannen en Vrouwen;1 jaar;2054;14;1765;1256;509
139;Mannen en Vrouwen;1 jaar;2055;14;1764;1258;506
140;Mannen en Vrouwen;1 jaar;2056;13;1767;1259;508
141;Mannen en Vrouwen;1 jaar;2057;12;1766;1261;505
142;Mannen en Vrouwen;1 jaar;2058;12;1765;1262;503
143;Mannen en Vrouwen;1 jaar;2059;11;1766;1263;503
144;Mannen en Vrouwen;2 jaar;2012;37;1901;1702;199
145;Mannen en Vrouwen;2 jaar;2013;34;1878;1580;298
146;Mannen en Vrouwen;2 jaar;2014;32;1862;1516;346
147;Mannen en Vrouwen;2 jaar;2015;31;1877;1472;405
148;Mannen en Vrouwen;2 jaar;2016;30;1899;1440;459
149;Mannen en Vrouwen;2 jaar;2017;29;1922;1409;513
150;Mannen en Vrouwen;2 jaar;2018;28;1923;1409;514
151;Mannen en Vrouwen;2 jaar;2019;27;1915;1410;505
152;Mannen en Vrouwen;2 jaar;2020;26;1904;1407;497
153;Mannen en Vrouwen;2 jaar;2021;26;1890;1402;488
154;Mannen en Vrouwen;2 jaar;2022;24;1871;1395;476
155;Mannen en Vrouwen;2 jaar;2023;24;1871;1393;478
156;Mannen en Vrouwen;2 jaar;2024;23;1867;1391;476
157;Mannen en Vrouwen;2 jaar;2025;22;1869;1391;478
158;Mannen en Vrouwen;2 jaar;2026;21;1869;1392;477
159;Mannen en Vrouwen;2 jaar;2027;21;1870;1393;477
160;Mannen en Vrouwen;2 jaar;2028;20;1871;1391;480
161;Mannen en Vrouwen;2 jaar;2029;19;1870;1390;480
162;Mannen en Vrouwen;2 jaar;2030;18;1869;1390;479
163;Mannen en Vrouwen;2 jaar;2031;18;1868;1388;480
164;Mannen en Vrouwen;2 jaar;2032;16;1870;1387;483
165;Mannen en Vrouwen;2 jaar;2033;16;1870;1385;485
166;Mannen en Vrouwen;2 jaar;2034;16;1869;1381;488
167;Mannen en Vrouwen;2 jaar;2035;15;1867;1377;490
168;Mannen en Vrouwen;2 jaar;2036;14;1869;1373;496
169;Mannen en Vrouwen;2 jaar;2037;13;1870;1369;501
170;Mannen en Vrouwen;2 jaar;2038;13;1867;1363;504
171;Mannen en Vrouwen;2 jaar;2039;13;1870;1359;511
172;Mannen en Vrouwen;2 jaar;2040;12;1870;1354;516
173;Mannen en Vrouwen;2 jaar;2041;11;1870;1350;520
174;Mannen en Vrouwen;2 jaar;2042;11;1872;1346;526
175;Mannen en Vrouwen;2 jaar;2043;10;1871;1342;529
176;Mannen en Vrouwen;2 jaar;2044;10;1869;1339;530
177;Mannen en Vrouwen;2 jaar;2045;10;1868;1338;530
178;Mannen en Vrouwen;2 jaar;2046;9;1867;1336;531
179;Mannen en Vrouwen;2 jaar;2047;8;1866;1335;531
180;Mannen en Vrouwen;2 jaar;2048;8;1867;1333;534
181;Mannen en Vrouwen;2 jaar;2049;8;1867;1334;533
182;Mannen en Vrouwen;2 jaar;2050;8;1869;1335;534
183;Mannen en Vrouwen;2 jaar;2051;8;1869;1338;531
184;Mannen en Vrouwen;2 jaar;2052;7;1868;1338;530
185;Mannen en Vrouwen;2 jaar;2053;7;1870;1340;530
186;Mannen en Vrouwen;2 jaar;2054;7;1871;1343;528
187;Mannen en Vrouwen;2 jaar;2055;6;1871;1345;526
188;Mannen en Vrouwen;2 jaar;2056;6;1867;1346;521
189;Mannen en Vrouwen;2 jaar;2057;6;1867;1348;519
190;Mannen en Vrouwen;2 jaar;2058;6;1867;1349;518
191;Mannen en Vrouwen;2 jaar;2059;5;1866;1351;515
192;Mannen en Vrouwen;3 jaar;2012;24;1781;1753;28
193;Mannen en Vrouwen;3 jaar;2013;23;1763;1732;31
194;Mannen en Vrouwen;3 jaar;2014;22;1752;1627;125
195;Mannen en Vrouwen;3 jaar;2015;21;1765;1570;195
196;Mannen en Vrouwen;3 jaar;2016;19;1782;1528;254
197;Mannen en Vrouwen;3 jaar;2017;19;1807;1490;317
198;Mannen en Vrouwen;3 jaar;2018;18;1806;1491;315
199;Mannen en Vrouwen;3 jaar;2019;18;1798;1490;308
200;Mannen en Vrouwen;3 jaar;2020;18;1785;1489;296
201;Mannen en Vrouwen;3 jaar;2021;16;1769;1483;286
202;Mannen en Vrouwen;3 jaar;2022;16;1757;1476;281
203;Mannen en Vrouwen;3 jaar;2023;16;1750;1472;278
204;Mannen en Vrouwen;3 jaar;2024;15;1747;1470;277
205;Mannen en Vrouwen;3 jaar;2025;14;1745;1470;275
206;Mannen en Vrouwen;3 jaar;2026;14;1742;1468;274
207;Mannen en Vrouwen;3 jaar;2027;13;1743;1469;274
208;Mannen en Vrouwen;3 jaar;2028;13;1741;1469;272
209;Mannen en Vrouwen;3 jaar;2029;13;1739;1469;270
210;Mannen en Vrouwen;3 jaar;2030;13;1742;1468;274
211;Mannen en Vrouwen;3 jaar;2031;11;1740;1465;275
212;Mannen en Vrouwen;3 jaar;2032;11;1740;1465;275
213;Mannen en Vrouwen;3 jaar;2033;11;1737;1464;273
214;Mannen en Vrouwen;3 jaar;2034;10;1736;1462;274
215;Mannen en Vrouwen;3 jaar;2035;10;1735;1458;277
216;Mannen en Vrouwen;3 jaar;2036;10;1733;1454;279
217;Mannen en Vrouwen;3 jaar;2037;9;1732;1449;283
218;Mannen en Vrouwen;3 jaar;2038;8;1732;1445;287
219;Mannen en Vrouwen;3 jaar;2039;8;1733;1440;293
220;Mannen en Vrouwen;3 jaar;2040;8;1731;1435;296
221;Mannen en Vrouwen;3 jaar;2041;8;1729;1430;299
222;Mannen en Vrouwen;3 jaar;2042;7;1728;1426;302
223;Mannen en Vrouwen;3 jaar;2043;7;1727;1421;306
224;Mannen en Vrouwen;3 jaar;2044;6;1725;1418;307
225;Mannen en Vrouwen;3 jaar;2045;6;1723;1415;308
226;Mannen en Vrouwen;3 jaar;2046;6;1722;1413;309
227;Mannen en Vrouwen;3 jaar;2047;6;1722;1411;311
228;Mannen en Vrouwen;3 jaar;2048;5;1722;1409;313
229;Mannen en Vrouwen;3 jaar;2049;5;1721;1410;311
230;Mannen en Vrouwen;3 jaar;2050;5;1722;1411;311
231;Mannen en Vrouwen;3 jaar;2051;5;1721;1411;310
232;Mannen en Vrouwen;3 jaar;2052;5;1721;1413;308
233;Mannen en Vrouwen;3 jaar;2053;5;1719;1414;305
234;Mannen en Vrouwen;3 jaar;2054;5;1720;1417;303
235;Mannen en Vrouwen;3 jaar;2055;5;1719;1419;300
236;Mannen en Vrouwen;3 jaar;2056;4;1720;1420;300
237;Mannen en Vrouwen;3 jaar;2057;4;1720;1422;298
238;Mannen en Vrouwen;3 jaar;2058;3;1722;1424;298
239;Mannen en Vrouwen;3 jaar;2059;3;1722;1425;297
240;Mannen en Vrouwen;4 jaar;2012;19;1664;1761;-97
241;Mannen en Vrouwen;4 jaar;2013;18;1646;1718;-72
242;Mannen en Vrouwen;4 jaar;2014;18;1632;1704;-72
243;Mannen en Vrouwen;4 jaar;2015;16;1643;1613;30
244;Mannen en Vrouwen;4 jaar;2016;15;1663;1559;104
245;Mannen en Vrouwen;4 jaar;2017;14;1681;1513;168
246;Mannen en Vrouwen;4 jaar;2018;14;1685;1509;176
247;Mannen en Vrouwen;4 jaar;2019;13;1677;1509;168
248;Mannen en Vrouwen;4 jaar;2020;13;1663;1505;158
249;Mannen en Vrouwen;4 jaar;2021;13;1645;1501;144
250;Mannen en Vrouwen;4 jaar;2022;13;1630;1495;135
251;Mannen en Vrouwen;4 jaar;2023;12;1625;1490;135
252;Mannen en Vrouwen;4 jaar;2024;11;1623;1487;136
253;Mannen en Vrouwen;4 jaar;2025;11;1620;1487;133
254;Mannen en Vrouwen;4 jaar;2026;11;1618;1486;132
255;Mannen en Vrouwen;4 jaar;2027;10;1617;1485;132
256;Mannen en Vrouwen;4 jaar;2028;10;1614;1484;130
257;Mannen en Vrouwen;4 jaar;2029;10;1613;1484;129
258;Mannen en Vrouwen;4 jaar;2030;10;1609;1483;126
259;Mannen en Vrouwen;4 jaar;2031;8;1605;1483;122
260;Mannen en Vrouwen;4 jaar;2032;8;1601;1481;120
261;Mannen en Vrouwen;4 jaar;2033;8;1602;1480;122
262;Mannen en Vrouwen;4 jaar;2034;8;1600;1479;121
263;Mannen en Vrouwen;4 jaar;2035;8;1599;1475;124
264;Mannen en Vrouwen;4 jaar;2036;7;1599;1472;127
265;Mannen en Vrouwen;4 jaar;2037;7;1595;1468;127
266;Mannen en Vrouwen;4 jaar;2038;6;1592;1463;129
267;Mannen en Vrouwen;4 jaar;2039;6;1595;1460;135
268;Mannen en Vrouwen;4 jaar;2040;6;1595;1455;140
269;Mannen en Vrouwen;4 jaar;2041;6;1593;1450;143
270;Mannen en Vrouwen;4 jaar;2042;5;1591;1445;146
271;Mannen en Vrouwen;4 jaar;2043;5;1586;1441;145
272;Mannen en Vrouwen;4 jaar;2044;5;1585;1437;148
273;Mannen en Vrouwen;4 jaar;2045;5;1585;1432;153
274;Mannen en Vrouwen;4 jaar;2046;5;1584;1430;154
275;Mannen en Vrouwen;4 jaar;2047;5;1584;1427;157
276;Mannen en Vrouwen;4 jaar;2048;5;1585;1427;158
277;Mannen en Vrouwen;4 jaar;2049;4;1582;1424;158
278;Mannen en Vrouwen;4 jaar;2050;4;1582;1425;157
279;Mannen en Vrouwen;4 jaar;2051;3;1581;1425;156
280;Mannen en Vrouwen;4 jaar;2052;3;1579;1426;153
281;Mannen en Vrouwen;4 jaar;2053;3;1580;1427;153
282;Mannen en Vrouwen;4 jaar;2054;3;1580;1429;151
283;Mannen en Vrouwen;4 jaar;2055;3;1580;1431;149
284;Mannen en Vrouwen;4 jaar;2056;3;1580;1432;148
285;Mannen en Vrouwen;4 jaar;2057;3;1579;1434;145
286;Mannen en Vrouwen;4 jaar;2058;3;1578;1436;142
287;Mannen en Vrouwen;4 jaar;2059;3;1578;1437;141
288;Mannen en Vrouwen;5 jaar;2012;15;1567;1740;-173
289;Mannen en Vrouwen;5 jaar;2013;14;1557;1693;-136
290;Mannen en Vrouwen;5 jaar;2014;14;1539;1658;-119
291;Mannen en Vrouwen;5 jaar;2015;13;1552;1647;-95
292;Mannen en Vrouwen;5 jaar;2016;13;1567;1566;1
293;Mannen en Vrouwen;5 jaar;2017;11;1595;1511;84
294;Mannen en Vrouwen;5 jaar;2018;11;1588;1501;87
295;Mannen en Vrouwen;5 jaar;2019;11;1578;1497;81
296;Mannen en Vrouwen;5 jaar;2020;11;1566;1494;72
297;Mannen en Vrouwen;5 jaar;2021;10;1550;1489;61
298;Mannen en Vrouwen;5 jaar;2022;10;1534;1483;51
299;Mannen en Vrouwen;5 jaar;2023;10;1530;1480;50
300;Mannen en Vrouwen;5 jaar;2024;10;1529;1476;53
301;Mannen en Vrouwen;5 jaar;2025;9;1525;1473;52
302;Mannen en Vrouwen;5 jaar;2026;8;1521;1472;49
303;Mannen en Vrouwen;5 jaar;2027;8;1518;1471;47
304;Mannen en Vrouwen;5 jaar;2028;8;1516;1469;47
305;Mannen en Vrouwen;5 jaar;2029;8;1512;1470;42
306;Mannen en Vrouwen;5 jaar;2030;8;1510;1470;40
307;Mannen en Vrouwen;5 jaar;2031;7;1507;1468;39
308;Mannen en Vrouwen;5 jaar;2032;7;1504;1467;37
309;Mannen en Vrouwen;5 jaar;2033;7;1502;1466;36
310;Mannen en Vrouwen;5 jaar;2034;6;1499;1465;34
311;Mannen en Vrouwen;5 jaar;2035;6;1498;1463;35
312;Mannen en Vrouwen;5 jaar;2036;6;1496;1460;36
313;Mannen en Vrouwen;5 jaar;2037;5;1495;1457;38
314;Mannen en Vrouwen;5 jaar;2038;5;1493;1453;40
315;Mannen en Vrouwen;5 jaar;2039;5;1490;1448;42
316;Mannen en Vrouwen;5 jaar;2040;5;1490;1443;47
317;Mannen en Vrouwen;5 jaar;2041;5;1487;1438;49
318;Mannen en Vrouwen;5 jaar;2042;5;1482;1434;48
319;Mannen en Vrouwen;5 jaar;2043;5;1482;1430;52
320;Mannen en Vrouwen;5 jaar;2044;4;1478;1424;54
321;Mannen en Vrouwen;5 jaar;2045;4;1477;1420;57
322;Mannen en Vrouwen;5 jaar;2046;3;1478;1417;61
323;Mannen en Vrouwen;5 jaar;2047;3;1477;1414;63
324;Mannen en Vrouwen;5 jaar;2048;3;1476;1411;65
325;Mannen en Vrouwen;5 jaar;2049;3;1474;1410;64
326;Mannen en Vrouwen;5 jaar;2050;3;1473;1409;64
327;Mannen en Vrouwen;5 jaar;2051;3;1473;1408;65
328;Mannen en Vrouwen;5 jaar;2052;3;1472;1410;62
329;Mannen en Vrouwen;5 jaar;2053;3;1472;1410;62
330;Mannen en Vrouwen;5 jaar;2054;3;1470;1410;60
331;Mannen en Vrouwen;5 jaar;2055;3;1469;1414;55
332;Mannen en Vrouwen;5 jaar;2056;3;1470;1414;56
333;Mannen en Vrouwen;5 jaar;2057;2;1471;1415;56
334;Mannen en Vrouwen;5 jaar;2058;2;1471;1417;54
335;Mannen en Vrouwen;5 jaar;2059;2;1468;1418;50
336;Mannen en Vrouwen;6 jaar;2012;14;1466;1606;-140
337;Mannen en Vrouwen;6 jaar;2013;13;1445;1583;-138
338;Mannen en Vrouwen;6 jaar;2014;13;1436;1551;-115
339;Mannen en Vrouwen;6 jaar;2015;13;1445;1524;-79
340;Mannen en Vrouwen;6 jaar;2016;11;1459;1514;-55
341;Mannen en Vrouwen;6 jaar;2017;11;1477;1441;36
342;Mannen en Vrouwen;6 jaar;2018;10;1478;1425;53
343;Mannen en Vrouwen;6 jaar;2019;10;1468;1415;53
344;Mannen en Vrouwen;6 jaar;2020;10;1449;1409;40
345;Mannen en Vrouwen;6 jaar;2021;9;1435;1405;30
346;Mannen en Vrouwen;6 jaar;2022;9;1423;1400;23
347;Mannen en Vrouwen;6 jaar;2023;8;1415;1399;16
348;Mannen en Vrouwen;6 jaar;2024;8;1412;1395;17
349;Mannen en Vrouwen;6 jaar;2025;8;1411;1394;17
350;Mannen en Vrouwen;6 jaar;2026;8;1409;1391;18
351;Mannen en Vrouwen;6 jaar;2027;8;1402;1391;11
352;Mannen en Vrouwen;6 jaar;2028;7;1399;1390;9
353;Mannen en Vrouwen;6 jaar;2029;7;1398;1388;10
354;Mannen en Vrouwen;6 jaar;2030;6;1394;1390;4
355;Mannen en Vrouwen;6 jaar;2031;6;1389;1389;0
356;Mannen en Vrouwen;6 jaar;2032;6;1384;1389;-5
357;Mannen en Vrouwen;6 jaar;2033;6;1383;1387;-4
358;Mannen en Vrouwen;6 jaar;2034;6;1379;1387;-8
359;Mannen en Vrouwen;6 jaar;2035;5;1379;1386;-7
360;Mannen en Vrouwen;6 jaar;2036;5;1377;1384;-7
361;Mannen en Vrouwen;6 jaar;2037;5;1373;1382;-9
362;Mannen en Vrouwen;6 jaar;2038;5;1371;1378;-7
363;Mannen en Vrouwen;6 jaar;2039;5;1369;1375;-6
364;Mannen en Vrouwen;6 jaar;2040;5;1368;1371;-3
365;Mannen en Vrouwen;6 jaar;2041;5;1364;1366;-2
366;Mannen en Vrouwen;6 jaar;2042;4;1361;1363;-2
367;Mannen en Vrouwen;6 jaar;2043;3;1358;1358;0
368;Mannen en Vrouwen;6 jaar;2044;3;1356;1354;2
369;Mannen en Vrouwen;6 jaar;2045;3;1355;1349;6
370;Mannen en Vrouwen;6 jaar;2046;3;1353;1346;7
371;Mannen en Vrouwen;6 jaar;2047;3;1350;1342;8
372;Mannen en Vrouwen;6 jaar;2048;3;1351;1340;11
373;Mannen en Vrouwen;6 jaar;2049;3;1349;1338;11
374;Mannen en Vrouwen;6 jaar;2050;3;1349;1337;12
375;Mannen en Vrouwen;6 jaar;2051;3;1347;1336;11
376;Mannen en Vrouwen;6 jaar;2052;3;1347;1337;10
377;Mannen en Vrouwen;6 jaar;2053;3;1346;1337;9
378;Mannen en Vrouwen;6 jaar;2054;2;1345;1338;7
379;Mannen en Vrouwen;6 jaar;2055;2;1344;1340;4
380;Mannen en Vrouwen;6 jaar;2056;2;1344;1341;3
381;Mannen en Vrouwen;6 jaar;2057;2;1342;1341;1
382;Mannen en Vrouwen;6 jaar;2058;2;1343;1344;-1
383;Mannen en Vrouwen;6 jaar;2059;2;1343;1345;-2
384;Mannen en Vrouwen;7 jaar;2012;14;1380;1426;-46
385;Mannen en Vrouwen;7 jaar;2013;13;1361;1400;-39
386;Mannen en Vrouwen;7 jaar;2014;12;1351;1386;-35
387;Mannen en Vrouwen;7 jaar;2015;12;1357;1363;-6
388;Mannen en Vrouwen;7 jaar;2016;11;1374;1340;34
389;Mannen en Vrouwen;7 jaar;2017;11;1390;1329;61
390;Mannen en Vrouwen;7 jaar;2018;11;1391;1296;95
391;Mannen en Vrouwen;7 jaar;2019;9;1377;1282;95
392;Mannen en Vrouwen;7 jaar;2020;9;1363;1273;90
393;Mannen en Vrouwen;7 jaar;2021;9;1353;1268;85
394;Mannen en Vrouwen;7 jaar;2022;8;1342;1262;80
395;Mannen en Vrouwen;7 jaar;2023;8;1332;1260;72
396;Mannen en Vrouwen;7 jaar;2024;8;1326;1261;65
397;Mannen en Vrouwen;7 jaar;2025;8;1323;1261;62
398;Mannen en Vrouwen;7 jaar;2026;8;1320;1258;62
399;Mannen en Vrouwen;7 jaar;2027;8;1318;1257;61
400;Mannen en Vrouwen;7 jaar;2028;7;1315;1258;57
401;Mannen en Vrouwen;7 jaar;2029;6;1314;1257;57
402;Mannen en Vrouwen;7 jaar;2030;6;1309;1257;52
403;Mannen en Vrouwen;7 jaar;2031;6;1304;1258;46
404;Mannen en Vrouwen;7 jaar;2032;6;1299;1258;41
405;Mannen en Vrouwen;7 jaar;2033;6;1299;1258;41
406;Mannen en Vrouwen;7 jaar;2034;5;1293;1257;36
407;Mannen en Vrouwen;7 jaar;2035;5;1290;1257;33
408;Mannen en Vrouwen;7 jaar;2036;5;1288;1257;31
409;Mannen en Vrouwen;7 jaar;2037;5;1288;1257;31
410;Mannen en Vrouwen;7 jaar;2038;5;1285;1254;31
411;Mannen en Vrouwen;7 jaar;2039;5;1283;1252;31
412;Mannen en Vrouwen;7 jaar;2040;5;1282;1249;33
413;Mannen en Vrouwen;7 jaar;2041;4;1278;1245;33
414;Mannen en Vrouwen;7 jaar;2042;3;1272;1242;30
415;Mannen en Vrouwen;7 jaar;2043;3;1269;1239;30
416;Mannen en Vrouwen;7 jaar;2044;3;1267;1234;33
417;Mannen en Vrouwen;7 jaar;2045;3;1265;1230;35
418;Mannen en Vrouwen;7 jaar;2046;3;1264;1229;35
419;Mannen en Vrouwen;7 jaar;2047;3;1263;1225;38
420;Mannen en Vrouwen;7 jaar;2048;3;1261;1222;39
421;Mannen en Vrouwen;7 jaar;2049;3;1259;1221;38
422;Mannen en Vrouwen;7 jaar;2050;3;1258;1220;38
423;Mannen en Vrouwen;7 jaar;2051;3;1256;1218;38
424;Mannen en Vrouwen;7 jaar;2052;3;1259;1219;40
425;Mannen en Vrouwen;7 jaar;2053;2;1258;1219;39
426;Mannen en Vrouwen;7 jaar;2054;2;1258;1221;37
427;Mannen en Vrouwen;7 jaar;2055;2;1258;1222;36
428;Mannen en Vrouwen;7 jaar;2056;2;1256;1224;32
429;Mannen en Vrouwen;7 jaar;2057;2;1256;1225;31
430;Mannen en Vrouwen;7 jaar;2058;2;1255;1227;28
431;Mannen en Vrouwen;7 jaar;2059;2;1255;1228;27
432;Mannen en Vrouwen;8 jaar;2012;14;1312;1285;27
433;Mannen en Vrouwen;8 jaar;2013;13;1296;1256;40
434;Mannen en Vrouwen;8 jaar;2014;12;1284;1242;42
435;Mannen en Vrouwen;8 jaar;2015;12;1288;1232;56
436;Mannen en Vrouwen;8 jaar;2016;12;1307;1213;94
437;Mannen en Vrouwen;8 jaar;2017;11;1320;1190;130
438;Mannen en Vrouwen;8 jaar;2018;11;1318;1204;114
439;Mannen en Vrouwen;8 jaar;2019;9;1307;1177;130
440;Mannen en Vrouwen;8 jaar;2020;9;1294;1162;132
441;Mannen en Vrouwen;8 jaar;2021;9;1279;1152;127
442;Mannen en Vrouwen;8 jaar;2022;9;1263;1147;116
443;Mannen en Vrouwen;8 jaar;2023;8;1259;1146;113
444;Mannen en Vrouwen;8 jaar;2024;8;1251;1144;107
445;Mannen en Vrouwen;8 jaar;2025;8;1248;1146;102
446;Mannen en Vrouwen;8 jaar;2026;8;1245;1145;100
447;Mannen en Vrouwen;8 jaar;2027;8;1242;1144;98
448;Mannen en Vrouwen;8 jaar;2028;8;1241;1142;99
449;Mannen en Vrouwen;8 jaar;2029;6;1234;1143;91
450;Mannen en Vrouwen;8 jaar;2030;6;1231;1143;88
451;Mannen en Vrouwen;8 jaar;2031;6;1226;1142;84
452;Mannen en Vrouwen;8 jaar;2032;6;1221;1143;78
453;Mannen en Vrouwen;8 jaar;2033;6;1219;1144;75
454;Mannen en Vrouwen;8 jaar;2034;6;1218;1143;75
455;Mannen en Vrouwen;8 jaar;2035;5;1212;1144;68
456;Mannen en Vrouwen;8 jaar;2036;5;1210;1143;67
457;Mannen en Vrouwen;8 jaar;2037;5;1209;1142;67
458;Mannen en Vrouwen;8 jaar;2038;5;1203;1143;60
459;Mannen en Vrouwen;8 jaar;2039;5;1201;1140;61
460;Mannen en Vrouwen;8 jaar;2040;5;1198;1139;59
461;Mannen en Vrouwen;8 jaar;2041;5;1194;1136;58
462;Mannen en Vrouwen;8 jaar;2042;4;1191;1133;58
463;Mannen en Vrouwen;8 jaar;2043;3;1188;1129;59
464;Mannen en Vrouwen;8 jaar;2044;3;1187;1126;61
465;Mannen en Vrouwen;8 jaar;2045;3;1183;1122;61
466;Mannen en Vrouwen;8 jaar;2046;3;1181;1119;62
467;Mannen en Vrouwen;8 jaar;2047;3;1181;1116;65
468;Mannen en Vrouwen;8 jaar;2048;3;1179;1114;65
469;Mannen en Vrouwen;8 jaar;2049;3;1178;1111;67
470;Mannen en Vrouwen;8 jaar;2050;3;1176;1110;66
471;Mannen en Vrouwen;8 jaar;2051;3;1176;1110;66
472;Mannen en Vrouwen;8 jaar;2052;3;1173;1108;65
473;Mannen en Vrouwen;8 jaar;2053;3;1172;1108;64
474;Mannen en Vrouwen;8 jaar;2054;3;1170;1110;60
475;Mannen en Vrouwen;8 jaar;2055;2;1170;1111;59
476;Mannen en Vrouwen;8 jaar;2056;2;1170;1111;59
477;Mannen en Vrouwen;8 jaar;2057;2;1168;1113;55
478;Mannen en Vrouwen;8 jaar;2058;2;1168;1115;53
479;Mannen en Vrouwen;8 jaar;2059;2;1168;1117;51
480;Mannen en Vrouwen;9 jaar;2012;15;1303;1158;145
481;Mannen en Vrouwen;9 jaar;2013;14;1289;1127;162
482;Mannen en Vrouwen;9 jaar;2014;14;1274;1107;167
483;Mannen en Vrouwen;9 jaar;2015;12;1278;1096;182
484;Mannen en Vrouwen;9 jaar;2016;12;1292;1088;204
485;Mannen en Vrouwen;9 jaar;2017;12;1310;1068;242
486;Mannen en Vrouwen;9 jaar;2018;11;1313;1071;242
487;Mannen en Vrouwen;9 jaar;2019;11;1296;1083;213
488;Mannen en Vrouwen;9 jaar;2020;11;1281;1058;223
489;Mannen en Vrouwen;9 jaar;2021;9;1268;1044;224
490;Mannen en Vrouwen;9 jaar;2022;9;1253;1035;218
491;Mannen en Vrouwen;9 jaar;2023;9;1249;1033;216
492;Mannen en Vrouwen;9 jaar;2024;9;1244;1033;211
493;Mannen en Vrouwen;9 jaar;2025;8;1240;1031;209
494;Mannen en Vrouwen;9 jaar;2026;8;1235;1033;202
495;Mannen en Vrouwen;9 jaar;2027;8;1231;1033;198
496;Mannen en Vrouwen;9 jaar;2028;8;1229;1032;197
497;Mannen en Vrouwen;9 jaar;2029;8;1225;1030;195
498;Mannen en Vrouwen;9 jaar;2030;8;1223;1032;191
499;Mannen en Vrouwen;9 jaar;2031;6;1217;1031;186
500;Mannen en Vrouwen;9 jaar;2032;6;1212;1032;180
501;Mannen en Vrouwen;9 jaar;2033;6;1205;1031;174
502;Mannen en Vrouwen;9 jaar;2034;6;1206;1033;173
503;Mannen en Vrouwen;9 jaar;2035;6;1205;1032;173
504;Mannen en Vrouwen;9 jaar;2036;6;1198;1032;166
505;Mannen en Vrouwen;9 jaar;2037;5;1196;1031;165
506;Mannen en Vrouwen;9 jaar;2038;5;1194;1031;163
507;Mannen en Vrouwen;9 jaar;2039;5;1192;1030;162
508;Mannen en Vrouwen;9 jaar;2040;5;1193;1028;165
509;Mannen en Vrouwen;9 jaar;2041;5;1185;1026;159
510;Mannen en Vrouwen;9 jaar;2042;5;1182;1024;158
511;Mannen en Vrouwen;9 jaar;2043;5;1181;1021;160
512;Mannen en Vrouwen;9 jaar;2044;5;1179;1018;161
513;Mannen en Vrouwen;9 jaar;2045;4;1177;1017;160
514;Mannen en Vrouwen;9 jaar;2046;3;1174;1013;161
515;Mannen en Vrouwen;9 jaar;2047;3;1172;1010;162
516;Mannen en Vrouwen;9 jaar;2048;3;1171;1008;163
517;Mannen en Vrouwen;9 jaar;2049;3;1172;1005;167
518;Mannen en Vrouwen;9 jaar;2050;3;1171;1003;168
519;Mannen en Vrouwen;9 jaar;2051;3;1170;1002;168
520;Mannen en Vrouwen;9 jaar;2052;3;1167;1002;165
521;Mannen en Vrouwen;9 jaar;2053;3;1164;1000;164
522;Mannen en Vrouwen;9 jaar;2054;3;1163;1001;162
523;Mannen en Vrouwen;9 jaar;2055;3;1163;1002;161
524;Mannen en Vrouwen;9 jaar;2056;3;1162;1002;160
525;Mannen en Vrouwen;9 jaar;2057;3;1162;1003;159
526;Mannen en Vrouwen;9 jaar;2058;2;1162;1005;157
527;Mannen en Vrouwen;9 jaar;2059;2;1164;1006;158
528;Mannen en Vrouwen;10 jaar;2012;17;1220;1017;203
529;Mannen en Vrouwen;10 jaar;2013;16;1212;1006;206
530;Mannen en Vrouwen;10 jaar;2014;14;1201;985;216
531;Mannen en Vrouwen;10 jaar;2015;14;1202;968;234
532;Mannen en Vrouwen;10 jaar;2016;13;1211;959;252
533;Mannen en Vrouwen;10 jaar;2017;12;1233;949;284
534;Mannen en Vrouwen;10 jaar;2018;12;1231;952;279
535;Mannen en Vrouwen;10 jaar;2019;12;1223;954;269
536;Mannen en Vrouwen;10 jaar;2020;11;1208;964;244
537;Mannen en Vrouwen;10 jaar;2021;11;1196;942;254
538;Mannen en Vrouwen;10 jaar;2022;10;1183;930;253
539;Mannen en Vrouwen;10 jaar;2023;10;1177;925;252
540;Mannen en Vrouwen;10 jaar;2024;9;1175;922;253
541;Mannen en Vrouwen;10 jaar;2025;9;1169;924;245
542;Mannen en Vrouwen;10 jaar;2026;9;1167;923;244
543;Mannen en Vrouwen;10 jaar;2027;8;1165;925;240
544;Mannen en Vrouwen;10 jaar;2028;8;1160;925;235
545;Mannen en Vrouwen;10 jaar;2029;8;1155;925;230
546;Mannen en Vrouwen;10 jaar;2030;8;1155;925;230
547;Mannen en Vrouwen;10 jaar;2031;8;1149;925;224
548;Mannen en Vrouwen;10 jaar;2032;8;1144;925;219
549;Mannen en Vrouwen;10 jaar;2033;7;1142;926;216
550;Mannen en Vrouwen;10 jaar;2034;7;1139;928;211
551;Mannen en Vrouwen;10 jaar;2035;7;1136;928;208
552;Mannen en Vrouwen;10 jaar;2036;6;1136;930;206
553;Mannen en Vrouwen;10 jaar;2037;6;1131;929;202
554;Mannen en Vrouwen;10 jaar;2038;6;1131;928;203
555;Mannen en Vrouwen;10 jaar;2039;6;1129;930;199
556;Mannen en Vrouwen;10 jaar;2040;5;1125;929;196
557;Mannen en Vrouwen;10 jaar;2041;5;1121;928;193
558;Mannen en Vrouwen;10 jaar;2042;5;1118;925;193
559;Mannen en Vrouwen;10 jaar;2043;5;1117;924;193
560;Mannen en Vrouwen;10 jaar;2044;5;1117;922;195
561;Mannen en Vrouwen;10 jaar;2045;5;1114;921;193
562;Mannen en Vrouwen;10 jaar;2046;5;1112;918;194
563;Mannen en Vrouwen;10 jaar;2047;5;1112;916;196
564;Mannen en Vrouwen;10 jaar;2048;4;1111;914;197
565;Mannen en Vrouwen;10 jaar;2049;4;1110;912;198
566;Mannen en Vrouwen;10 jaar;2050;3;1108;912;196
567;Mannen en Vrouwen;10 jaar;2051;3;1108;909;199
568;Mannen en Vrouwen;10 jaar;2052;3;1106;909;197
569;Mannen en Vrouwen;10 jaar;2053;3;1104;908;196
570;Mannen en Vrouwen;10 jaar;2054;3;1103;909;194
571;Mannen en Vrouwen;10 jaar;2055;3;1102;909;193
572;Mannen en Vrouwen;10 jaar;2056;3;1103;909;194
573;Mannen en Vrouwen;10 jaar;2057;3;1103;912;191
574;Mannen en Vrouwen;10 jaar;2058;3;1100;912;188
575;Mannen en Vrouwen;10 jaar;2059;3;1102;914;188
576;Mannen en Vrouwen;11 jaar;2012;18;1152;913;239
577;Mannen en Vrouwen;11 jaar;2013;17;1144;892;252
578;Mannen en Vrouwen;11 jaar;2014;16;1132;887;245
579;Mannen en Vrouwen;11 jaar;2015;16;1138;872;266
580;Mannen en Vrouwen;11 jaar;2016;14;1148;858;290
581;Mannen en Vrouwen;11 jaar;2017;14;1164;847;317
582;Mannen en Vrouwen;11 jaar;2018;13;1159;856;303
583;Mannen en Vrouwen;11 jaar;2019;13;1155;860;295
584;Mannen en Vrouwen;11 jaar;2020;13;1138;861;277
585;Mannen en Vrouwen;11 jaar;2021;12;1124;866;258
586;Mannen en Vrouwen;11 jaar;2022;11;1115;848;267
587;Mannen en Vrouwen;11 jaar;2023;11;1110;838;272
588;Mannen en Vrouwen;11 jaar;2024;10;1104;835;269
589;Mannen en Vrouwen;11 jaar;2025;10;1103;833;270
590;Mannen en Vrouwen;11 jaar;2026;10;1099;835;264
591;Mannen en Vrouwen;11 jaar;2027;10;1099;835;264
592;Mannen en Vrouwen;11 jaar;2028;10;1094;836;258
593;Mannen en Vrouwen;11 jaar;2029;10;1092;837;255
594;Mannen en Vrouwen;11 jaar;2030;8;1089;837;252
595;Mannen en Vrouwen;11 jaar;2031;8;1088;838;250
596;Mannen en Vrouwen;11 jaar;2032;8;1085;838;247
597;Mannen en Vrouwen;11 jaar;2033;8;1081;839;242
598;Mannen en Vrouwen;11 jaar;2034;8;1080;840;240
599;Mannen en Vrouwen;11 jaar;2035;8;1077;840;237
600;Mannen en Vrouwen;11 jaar;2036;8;1076;842;234
601;Mannen en Vrouwen;11 jaar;2037;7;1074;843;231
602;Mannen en Vrouwen;11 jaar;2038;7;1070;843;227
603;Mannen en Vrouwen;11 jaar;2039;7;1068;844;224
604;Mannen en Vrouwen;11 jaar;2040;7;1068;844;224
605;Mannen en Vrouwen;11 jaar;2041;6;1065;844;221
606;Mannen en Vrouwen;11 jaar;2042;6;1062;844;218
607;Mannen en Vrouwen;11 jaar;2043;6;1057;842;215
608;Mannen en Vrouwen;11 jaar;2044;5;1054;842;212
609;Mannen en Vrouwen;11 jaar;2045;5;1052;840;212
610;Mannen en Vrouwen;11 jaar;2046;5;1052;839;213
611;Mannen en Vrouwen;11 jaar;2047;5;1051;838;213
612;Mannen en Vrouwen;11 jaar;2048;5;1052;836;216
613;Mannen en Vrouwen;11 jaar;2049;5;1049;834;215
614;Mannen en Vrouwen;11 jaar;2050;5;1047;834;213
615;Mannen en Vrouwen;11 jaar;2051;4;1046;832;214
616;Mannen en Vrouwen;11 jaar;2052;4;1047;832;215
617;Mannen en Vrouwen;11 jaar;2053;4;1047;830;217
618;Mannen en Vrouwen;11 jaar;2054;4;1046;830;216
619;Mannen en Vrouwen;11 jaar;2055;4;1044;832;212
620;Mannen en Vrouwen;11 jaar;2056;3;1044;832;212
621;Mannen en Vrouwen;11 jaar;2057;3;1044;833;211
622;Mannen en Vrouwen;11 jaar;2058;3;1044;834;210
623;Mannen en Vrouwen;11 jaar;2059;3;1043;837;206
624;Mannen en Vrouwen;12 jaar;2012;20;1117;871;246
625;Mannen en Vrouwen;12 jaar;2013;20;1107;829;278
626;Mannen en Vrouwen;12 jaar;2014;18;1104;815;289
627;Mannen en Vrouwen;12 jaar;2015;18;1107;814;293
628;Mannen en Vrouwen;12 jaar;2016;17;1120;799;321
629;Mannen en Vrouwen;12 jaar;2017;16;1134;782;352
630;Mannen en Vrouwen;12 jaar;2018;15;1133;789;344
631;Mannen en Vrouwen;12 jaar;2019;15;1125;795;330
632;Mannen en Vrouwen;12 jaar;2020;15;1113;798;315
633;Mannen en Vrouwen;12 jaar;2021;13;1101;798;303
634;Mannen en Vrouwen;12 jaar;2022;13;1090;801;289
635;Mannen en Vrouwen;12 jaar;2023;13;1083;785;298
636;Mannen en Vrouwen;12 jaar;2024;12;1082;777;305
637;Mannen en Vrouwen;12 jaar;2025;12;1078;774;304
638;Mannen en Vrouwen;12 jaar;2026;11;1080;773;307
639;Mannen en Vrouwen;12 jaar;2027;11;1078;774;304
640;Mannen en Vrouwen;12 jaar;2028;10;1075;774;301
641;Mannen en Vrouwen;12 jaar;2029;10;1073;775;298
642;Mannen en Vrouwen;12 jaar;2030;10;1070;776;294
643;Mannen en Vrouwen;12 jaar;2031;10;1068;777;291
644;Mannen en Vrouwen;12 jaar;2032;10;1064;777;287
645;Mannen en Vrouwen;12 jaar;2033;10;1064;777;287
646;Mannen en Vrouwen;12 jaar;2034;9;1061;779;282
647;Mannen en Vrouwen;12 jaar;2035;9;1058;779;279
648;Mannen en Vrouwen;12 jaar;2036;9;1057;780;277
649;Mannen en Vrouwen;12 jaar;2037;8;1055;781;274
650;Mannen en Vrouwen;12 jaar;2038;8;1052;782;270
651;Mannen en Vrouwen;12 jaar;2039;8;1051;782;269
652;Mannen en Vrouwen;12 jaar;2040;7;1050;782;268
653;Mannen en Vrouwen;12 jaar;2041;7;1047;783;264
654;Mannen en Vrouwen;12 jaar;2042;7;1042;782;260
655;Mannen en Vrouwen;12 jaar;2043;7;1040;783;257
656;Mannen en Vrouwen;12 jaar;2044;7;1038;782;256
657;Mannen en Vrouwen;12 jaar;2045;7;1037;780;257
658;Mannen en Vrouwen;12 jaar;2046;7;1038;779;259
659;Mannen en Vrouwen;12 jaar;2047;5;1037;778;259
660;Mannen en Vrouwen;12 jaar;2048;5;1037;776;261
661;Mannen en Vrouwen;12 jaar;2049;5;1036;775;261
662;Mannen en Vrouwen;12 jaar;2050;5;1034;774;260
663;Mannen en Vrouwen;12 jaar;2051;5;1034;773;261
664;Mannen en Vrouwen;12 jaar;2052;5;1033;771;262
665;Mannen en Vrouwen;12 jaar;2053;5;1034;771;263
666;Mannen en Vrouwen;12 jaar;2054;5;1033;771;262
667;Mannen en Vrouwen;12 jaar;2055;5;1032;771;261
668;Mannen en Vrouwen;12 jaar;2056;4;1032;771;261
669;Mannen en Vrouwen;12 jaar;2057;4;1032;772;260
670;Mannen en Vrouwen;12 jaar;2058;4;1030;774;256
671;Mannen en Vrouwen;12 jaar;2059;4;1030;775;255
672;Mannen en Vrouwen;13 jaar;2012;22;1066;807;259
673;Mannen en Vrouwen;13 jaar;2013;22;1065;796;269
674;Mannen en Vrouwen;13 jaar;2014;21;1060;762;298
675;Mannen en Vrouwen;13 jaar;2015;20;1067;752;315
676;Mannen en Vrouwen;13 jaar;2016;20;1079;749;330
677;Mannen en Vrouwen;13 jaar;2017;18;1095;732;363
678;Mannen en Vrouwen;13 jaar;2018;17;1089;733;356
679;Mannen en Vrouwen;13 jaar;2019;17;1082;737;345
680;Mannen en Vrouwen;13 jaar;2020;15;1071;741;330
681;Mannen en Vrouwen;13 jaar;2021;15;1062;743;319
682;Mannen en Vrouwen;13 jaar;2022;15;1052;741;311
683;Mannen en Vrouwen;13 jaar;2023;15;1048;745;303
684;Mannen en Vrouwen;13 jaar;2024;14;1044;731;313
685;Mannen en Vrouwen;13 jaar;2025;13;1041;723;318
686;Mannen en Vrouwen;13 jaar;2026;13;1038;721;317
687;Mannen en Vrouwen;13 jaar;2027;12;1032;719;313
688;Mannen en Vrouwen;13 jaar;2028;12;1031;720;311
689;Mannen en Vrouwen;13 jaar;2029;12;1028;720;308
690;Mannen en Vrouwen;13 jaar;2030;12;1029;720;309
691;Mannen en Vrouwen;13 jaar;2031;12;1027;720;307
692;Mannen en Vrouwen;13 jaar;2032;12;1024;721;303
693;Mannen en Vrouwen;13 jaar;2033;10;1020;721;299
694;Mannen en Vrouwen;13 jaar;2034;10;1018;721;297
695;Mannen en Vrouwen;13 jaar;2035;10;1016;722;294
696;Mannen en Vrouwen;13 jaar;2036;10;1014;724;290
697;Mannen en Vrouwen;13 jaar;2037;10;1010;723;287
698;Mannen en Vrouwen;13 jaar;2038;10;1007;723;284
699;Mannen en Vrouwen;13 jaar;2039;9;1007;724;283
700;Mannen en Vrouwen;13 jaar;2040;9;1007;724;283
701;Mannen en Vrouwen;13 jaar;2041;9;1006;725;281
702;Mannen en Vrouwen;13 jaar;2042;8;1002;724;278
703;Mannen en Vrouwen;13 jaar;2043;8;1001;724;277
704;Mannen en Vrouwen;13 jaar;2044;8;1000;725;275
705;Mannen en Vrouwen;13 jaar;2045;7;1000;723;277
706;Mannen en Vrouwen;13 jaar;2046;7;999;722;277
707;Mannen en Vrouwen;13 jaar;2047;7;997;721;276
708;Mannen en Vrouwen;13 jaar;2048;7;996;719;277
709;Mannen en Vrouwen;13 jaar;2049;7;996;718;278
710;Mannen en Vrouwen;13 jaar;2050;7;995;717;278
711;Mannen en Vrouwen;13 jaar;2051;6;996;714;282
712;Mannen en Vrouwen;13 jaar;2052;6;994;713;281
713;Mannen en Vrouwen;13 jaar;2053;5;993;713;280
714;Mannen en Vrouwen;13 jaar;2054;5;992;712;280
715;Mannen en Vrouwen;13 jaar;2055;5;992;712;280
716;Mannen en Vrouwen;13 jaar;2056;5;992;712;280
717;Mannen en Vrouwen;13 jaar;2057;5;991;711;280
718;Mannen en Vrouwen;13 jaar;2058;5;992;712;280
719;Mannen en Vrouwen;13 jaar;2059;5;993;713;280
720;Mannen en Vrouwen;14 jaar;2012;24;1045;749;296
721;Mannen en Vrouwen;14 jaar;2013;24;1043;732;311
722;Mannen en Vrouwen;14 jaar;2014;24;1042;728;314
723;Mannen en Vrouwen;14 jaar;2015;23;1047;700;347
724;Mannen en Vrouwen;14 jaar;2016;21;1060;689;371
725;Mannen en Vrouwen;14 jaar;2017;21;1074;685;389
726;Mannen en Vrouwen;14 jaar;2018;20;1073;686;387
727;Mannen en Vrouwen;14 jaar;2019;18;1066;685;381
728;Mannen en Vrouwen;14 jaar;2020;18;1054;688;366
729;Mannen en Vrouwen;14 jaar;2021;17;1043;691;352
730;Mannen en Vrouwen;14 jaar;2022;17;1035;691;344
731;Mannen en Vrouwen;14 jaar;2023;16;1028;690;338
732;Mannen en Vrouwen;14 jaar;2024;16;1028;695;333
733;Mannen en Vrouwen;14 jaar;2025;15;1025;682;343
734;Mannen en Vrouwen;14 jaar;2026;15;1022;674;348
735;Mannen en Vrouwen;14 jaar;2027;14;1016;672;344
736;Mannen en Vrouwen;14 jaar;2028;13;1013;671;342
737;Mannen en Vrouwen;14 jaar;2029;13;1012;671;341
738;Mannen en Vrouwen;14 jaar;2030;13;1010;671;339
739;Mannen en Vrouwen;14 jaar;2031;13;1006;672;334
740;Mannen en Vrouwen;14 jaar;2032;13;1003;672;331
741;Mannen en Vrouwen;14 jaar;2033;12;1001;672;329
742;Mannen en Vrouwen;14 jaar;2034;12;1000;673;327
743;Mannen en Vrouwen;14 jaar;2035;12;998;674;324
744;Mannen en Vrouwen;14 jaar;2036;12;994;673;321
745;Mannen en Vrouwen;14 jaar;2037;11;990;674;316
746;Mannen en Vrouwen;14 jaar;2038;10;990;674;316
747;Mannen en Vrouwen;14 jaar;2039;10;989;674;315
748;Mannen en Vrouwen;14 jaar;2040;10;986;675;311
749;Mannen en Vrouwen;14 jaar;2041;10;985;675;310
750;Mannen en Vrouwen;14 jaar;2042;10;982;675;307
751;Mannen en Vrouwen;14 jaar;2043;10;981;675;306
752;Mannen en Vrouwen;14 jaar;2044;9;979;674;305
753;Mannen en Vrouwen;14 jaar;2045;9;976;675;301
754;Mannen en Vrouwen;14 jaar;2046;9;974;673;301
755;Mannen en Vrouwen;14 jaar;2047;8;976;672;304
756;Mannen en Vrouwen;14 jaar;2048;8;976;671;305
757;Mannen en Vrouwen;14 jaar;2049;7;976;670;306
758;Mannen en Vrouwen;14 jaar;2050;7;974;669;305
759;Mannen en Vrouwen;14 jaar;2051;7;972;668;304
760;Mannen en Vrouwen;14 jaar;2052;7;970;666;304
761;Mannen en Vrouwen;14 jaar;2053;7;970;665;305
762;Mannen en Vrouwen;14 jaar;2054;7;969;665;304
763;Mannen en Vrouwen;14 jaar;2055;7;968;663;305
764;Mannen en Vrouwen;14 jaar;2056;7;968;664;304
765;Mannen en Vrouwen;14 jaar;2057;6;967;663;304
766;Mannen en Vrouwen;14 jaar;2058;5;967;664;303
767;Mannen en Vrouwen;14 jaar;2059;5;968;664;304
768;Mannen en Vrouwen;15 jaar;2012;27;1050;718;332
769;Mannen en Vrouwen;15 jaar;2013;27;1050;691;359
770;Mannen en Vrouwen;15 jaar;2014;27;1051;679;372
771;Mannen en Vrouwen;15 jaar;2015;27;1063;676;387
772;Mannen en Vrouwen;15 jaar;2016;25;1071;651;420
773;Mannen en Vrouwen;15 jaar;2017;24;1089;639;450
774;Mannen en Vrouwen;15 jaar;2018;24;1087;649;438
775;Mannen en Vrouwen;15 jaar;2019;22;1079;648;431
776;Mannen en Vrouwen;15 jaar;2020;21;1068;647;421
777;Mannen en Vrouwen;15 jaar;2021;21;1058;649;409
778;Mannen en Vrouwen;15 jaar;2022;19;1048;651;397
779;Mannen en Vrouwen;15 jaar;2023;19;1043;652;391
780;Mannen en Vrouwen;15 jaar;2024;19;1038;653;385
781;Mannen en Vrouwen;15 jaar;2025;18;1033;656;377
782;Mannen en Vrouwen;15 jaar;2026;17;1032;645;387
783;Mannen en Vrouwen;15 jaar;2027;16;1028;638;390
784;Mannen en Vrouwen;15 jaar;2028;16;1026;637;389
785;Mannen en Vrouwen;15 jaar;2029;16;1023;636;387
786;Mannen en Vrouwen;15 jaar;2030;15;1022;636;386
787;Mannen en Vrouwen;15 jaar;2031;15;1020;636;384
788;Mannen en Vrouwen;15 jaar;2032;15;1016;637;379
789;Mannen en Vrouwen;15 jaar;2033;14;1013;637;376
790;Mannen en Vrouwen;15 jaar;2034;14;1011;639;372
791;Mannen en Vrouwen;15 jaar;2035;13;1008;638;370
792;Mannen en Vrouwen;15 jaar;2036;13;1007;638;369
793;Mannen en Vrouwen;15 jaar;2037;13;1006;640;366
794;Mannen en Vrouwen;15 jaar;2038;13;1005;640;365
795;Mannen en Vrouwen;15 jaar;2039;13;1000;640;360
796;Mannen en Vrouwen;15 jaar;2040;12;999;641;358
797;Mannen en Vrouwen;15 jaar;2041;12;996;641;355
798;Mannen en Vrouwen;15 jaar;2042;11;994;641;353
799;Mannen en Vrouwen;15 jaar;2043;11;991;641;350
800;Mannen en Vrouwen;15 jaar;2044;11;989;642;347
801;Mannen en Vrouwen;15 jaar;2045;10;989;640;349
802;Mannen en Vrouwen;15 jaar;2046;10;986;641;345
803;Mannen en Vrouwen;15 jaar;2047;10;986;640;346
804;Mannen en Vrouwen;15 jaar;2048;10;985;639;346
805;Mannen en Vrouwen;15 jaar;2049;10;984;638;346
806;Mannen en Vrouwen;15 jaar;2050;9;980;637;343
807;Mannen en Vrouwen;15 jaar;2051;8;980;636;344
808;Mannen en Vrouwen;15 jaar;2052;8;978;634;344
809;Mannen en Vrouwen;15 jaar;2053;8;978;634;344
810;Mannen en Vrouwen;15 jaar;2054;8;976;634;342
811;Mannen en Vrouwen;15 jaar;2055;8;976;632;344
812;Mannen en Vrouwen;15 jaar;2056;7;977;633;344
813;Mannen en Vrouwen;15 jaar;2057;7;977;632;345
814;Mannen en Vrouwen;15 jaar;2058;7;977;632;345
815;Mannen en Vrouwen;15 jaar;2059;7;976;632;344
816;Mannen en Vrouwen;16 jaar;2012;32;1135;685;450
817;Mannen en Vrouwen;16 jaar;2013;31;1138;663;475
818;Mannen en Vrouwen;16 jaar;2014;31;1138;644;494
819;Mannen en Vrouwen;16 jaar;2015;31;1154;636;518
820;Mannen en Vrouwen;16 jaar;2016;31;1171;633;538
821;Mannen en Vrouwen;16 jaar;2017;29;1190;608;582
822;Mannen en Vrouwen;16 jaar;2018;28;1189;611;578
823;Mannen en Vrouwen;16 jaar;2019;28;1181;619;562
824;Mannen en Vrouwen;16 jaar;2020;25;1168;617;551
825;Mannen en Vrouwen;16 jaar;2021;24;1159;615;544
826;Mannen en Vrouwen;16 jaar;2022;23;1150;616;534
827;Mannen en Vrouwen;16 jaar;2023;22;1146;619;527
828;Mannen en Vrouwen;16 jaar;2024;22;1142;623;519
829;Mannen en Vrouwen;16 jaar;2025;22;1141;623;518
830;Mannen en Vrouwen;16 jaar;2026;21;1140;626;514
831;Mannen en Vrouwen;16 jaar;2027;20;1133;616;517
832;Mannen en Vrouwen;16 jaar;2028;19;1131;611;520
833;Mannen en Vrouwen;16 jaar;2029;19;1131;609;522
834;Mannen en Vrouwen;16 jaar;2030;18;1129;608;521
835;Mannen en Vrouwen;16 jaar;2031;17;1121;608;513
836;Mannen en Vrouwen;16 jaar;2032;17;1120;609;511
837;Mannen en Vrouwen;16 jaar;2033;17;1118;611;507
838;Mannen en Vrouwen;16 jaar;2034;17;1117;612;505
839;Mannen en Vrouwen;16 jaar;2035;16;1112;611;501
840;Mannen en Vrouwen;16 jaar;2036;16;1112;612;500
841;Mannen en Vrouwen;16 jaar;2037;16;1108;613;495
842;Mannen en Vrouwen;16 jaar;2038;16;1107;613;494
843;Mannen en Vrouwen;16 jaar;2039;15;1104;615;489
844;Mannen en Vrouwen;16 jaar;2040;14;1104;616;488
845;Mannen en Vrouwen;16 jaar;2041;14;1104;616;488
846;Mannen en Vrouwen;16 jaar;2042;14;1099;616;483
847;Mannen en Vrouwen;16 jaar;2043;13;1098;617;481
848;Mannen en Vrouwen;16 jaar;2044;13;1097;618;479
849;Mannen en Vrouwen;16 jaar;2045;13;1094;617;477
850;Mannen en Vrouwen;16 jaar;2046;13;1094;617;477
851;Mannen en Vrouwen;16 jaar;2047;13;1093;619;474
852;Mannen en Vrouwen;16 jaar;2048;11;1092;617;475
853;Mannen en Vrouwen;16 jaar;2049;11;1093;616;477
854;Mannen en Vrouwen;16 jaar;2050;11;1090;616;474
855;Mannen en Vrouwen;16 jaar;2051;11;1089;616;473
856;Mannen en Vrouwen;16 jaar;2052;10;1089;615;474
857;Mannen en Vrouwen;16 jaar;2053;10;1088;614;474
858;Mannen en Vrouwen;16 jaar;2054;10;1088;613;475
859;Mannen en Vrouwen;16 jaar;2055;10;1087;613;474
860;Mannen en Vrouwen;16 jaar;2056;10;1088;613;475
861;Mannen en Vrouwen;16 jaar;2057;8;1086;611;475
862;Mannen en Vrouwen;16 jaar;2058;8;1085;611;474
863;Mannen en Vrouwen;16 jaar;2059;8;1085;612;473
864;Mannen en Vrouwen;17 jaar;2012;38;1179;645;534
865;Mannen en Vrouwen;17 jaar;2013;36;1189;641;548
866;Mannen en Vrouwen;17 jaar;2014;36;1197;625;572
867;Mannen en Vrouwen;17 jaar;2015;36;1210;612;598
868;Mannen en Vrouwen;17 jaar;2016;35;1224;605;619
869;Mannen en Vrouwen;17 jaar;2017;35;1250;601;649
870;Mannen en Vrouwen;17 jaar;2018;34;1247;591;656
871;Mannen en Vrouwen;17 jaar;2019;33;1241;594;647
872;Mannen en Vrouwen;17 jaar;2020;32;1227;602;625
873;Mannen en Vrouwen;17 jaar;2021;30;1216;601;615
874;Mannen en Vrouwen;17 jaar;2022;29;1207;599;608
875;Mannen en Vrouwen;17 jaar;2023;27;1205;600;605
876;Mannen en Vrouwen;17 jaar;2024;26;1202;605;597
877;Mannen en Vrouwen;17 jaar;2025;26;1198;608;590
878;Mannen en Vrouwen;17 jaar;2026;25;1195;608;587
879;Mannen en Vrouwen;17 jaar;2027;25;1193;611;582
880;Mannen en Vrouwen;17 jaar;2028;23;1192;602;590
881;Mannen en Vrouwen;17 jaar;2029;22;1189;596;593
882;Mannen en Vrouwen;17 jaar;2030;22;1184;595;589
883;Mannen en Vrouwen;17 jaar;2031;22;1182;595;587
884;Mannen en Vrouwen;17 jaar;2032;21;1181;596;585
885;Mannen en Vrouwen;17 jaar;2033;20;1178;597;581
886;Mannen en Vrouwen;17 jaar;2034;20;1175;598;577
887;Mannen en Vrouwen;17 jaar;2035;20;1171;600;571
888;Mannen en Vrouwen;17 jaar;2036;20;1168;600;568
889;Mannen en Vrouwen;17 jaar;2037;19;1168;601;567
890;Mannen en Vrouwen;17 jaar;2038;19;1166;602;564
891;Mannen en Vrouwen;17 jaar;2039;19;1164;603;561
892;Mannen en Vrouwen;17 jaar;2040;18;1162;605;557
893;Mannen en Vrouwen;17 jaar;2041;17;1162;605;557
894;Mannen en Vrouwen;17 jaar;2042;17;1159;606;553
895;Mannen en Vrouwen;17 jaar;2043;17;1159;607;552
896;Mannen en Vrouwen;17 jaar;2044;16;1155;607;548
897;Mannen en Vrouwen;17 jaar;2045;16;1153;608;545
898;Mannen en Vrouwen;17 jaar;2046;16;1152;608;544
899;Mannen en Vrouwen;17 jaar;2047;15;1151;609;542
900;Mannen en Vrouwen;17 jaar;2048;14;1151;610;541
901;Mannen en Vrouwen;17 jaar;2049;14;1151;609;542
902;Mannen en Vrouwen;17 jaar;2050;14;1150;609;541
903;Mannen en Vrouwen;17 jaar;2051;14;1148;609;539
904;Mannen en Vrouwen;17 jaar;2052;13;1144;609;535
905;Mannen en Vrouwen;17 jaar;2053;13;1144;608;536
906;Mannen en Vrouwen;17 jaar;2054;12;1144;607;537
907;Mannen en Vrouwen;17 jaar;2055;12;1144;607;537
908;Mannen en Vrouwen;17 jaar;2056;11;1143;607;536
909;Mannen en Vrouwen;17 jaar;2057;11;1142;607;535
910;Mannen en Vrouwen;17 jaar;2058;11;1141;606;535
911;Mannen en Vrouwen;17 jaar;2059;11;1140;607;533
912;Mannen en Vrouwen;18 jaar;2012;46;2682;1192;1490
913;Mannen en Vrouwen;18 jaar;2013;43;2692;1135;1557
914;Mannen en Vrouwen;18 jaar;2014;42;2685;1128;1557
915;Mannen en Vrouwen;18 jaar;2015;42;2709;1100;1609
916;Mannen en Vrouwen;18 jaar;2016;42;2742;1075;1667
917;Mannen en Vrouwen;18 jaar;2017;40;2775;1056;1719
918;Mannen en Vrouwen;18 jaar;2018;40;2772;1070;1702
919;Mannen en Vrouwen;18 jaar;2019;39;2760;1052;1708
920;Mannen en Vrouwen;18 jaar;2020;38;2733;1054;1679
921;Mannen en Vrouwen;18 jaar;2021;37;2713;1061;1652
922;Mannen en Vrouwen;18 jaar;2022;35;2690;1055;1635
923;Mannen en Vrouwen;18 jaar;2023;33;2685;1051;1634
924;Mannen en Vrouwen;18 jaar;2024;32;2681;1053;1628
925;Mannen en Vrouwen;18 jaar;2025;30;2680;1059;1621
926;Mannen en Vrouwen;18 jaar;2026;30;2677;1063;1614
927;Mannen en Vrouwen;18 jaar;2027;30;2670;1065;1605
928;Mannen en Vrouwen;18 jaar;2028;29;2671;1067;1604
929;Mannen en Vrouwen;18 jaar;2029;27;2669;1052;1617
930;Mannen en Vrouwen;18 jaar;2030;26;2667;1043;1624
931;Mannen en Vrouwen;18 jaar;2031;25;2665;1040;1625
932;Mannen en Vrouwen;18 jaar;2032;25;2663;1040;1623
933;Mannen en Vrouwen;18 jaar;2033;24;2662;1042;1620
934;Mannen en Vrouwen;18 jaar;2034;24;2658;1043;1615
935;Mannen en Vrouwen;18 jaar;2035;24;2654;1046;1608
936;Mannen en Vrouwen;18 jaar;2036;23;2652;1047;1605
937;Mannen en Vrouwen;18 jaar;2037;23;2650;1047;1603
938;Mannen en Vrouwen;18 jaar;2038;23;2647;1048;1599
939;Mannen en Vrouwen;18 jaar;2039;22;2647;1051;1596
940;Mannen en Vrouwen;18 jaar;2040;21;2646;1052;1594
941;Mannen en Vrouwen;18 jaar;2041;21;2646;1053;1593
942;Mannen en Vrouwen;18 jaar;2042;21;2643;1055;1588
943;Mannen en Vrouwen;18 jaar;2043;20;2642;1056;1586
944;Mannen en Vrouwen;18 jaar;2044;20;2641;1056;1585
945;Mannen en Vrouwen;18 jaar;2045;20;2640;1058;1582
946;Mannen en Vrouwen;18 jaar;2046;18;2639;1059;1580
947;Mannen en Vrouwen;18 jaar;2047;18;2637;1059;1578
948;Mannen en Vrouwen;18 jaar;2048;18;2638;1059;1579
949;Mannen en Vrouwen;18 jaar;2049;18;2636;1058;1578
950;Mannen en Vrouwen;18 jaar;2050;17;2634;1058;1576
951;Mannen en Vrouwen;18 jaar;2051;17;2632;1056;1576
952;Mannen en Vrouwen;18 jaar;2052;17;2631;1057;1574
953;Mannen en Vrouwen;18 jaar;2053;15;2631;1055;1576
954;Mannen en Vrouwen;18 jaar;2054;15;2629;1054;1575
955;Mannen en Vrouwen;18 jaar;2055;15;2629;1053;1576
956;Mannen en Vrouwen;18 jaar;2056;14;2629;1052;1577
957;Mannen en Vrouwen;18 jaar;2057;14;2630;1050;1580
958;Mannen en Vrouwen;18 jaar;2058;14;2629;1049;1580
959;Mannen en Vrouwen;18 jaar;2059;14;2628;1050;1578
960;Mannen en Vrouwen;19 jaar;2012;52;4065;1765;2300
961;Mannen en Vrouwen;19 jaar;2013;51;4029;1733;2296
962;Mannen en Vrouwen;19 jaar;2014;48;4002;1664;2338
963;Mannen en Vrouwen;19 jaar;2015;48;4030;1655;2375
964;Mannen en Vrouwen;19 jaar;2016;46;4062;1619;2443
965;Mannen en Vrouwen;19 jaar;2017;47;4102;1586;2516
966;Mannen en Vrouwen;19 jaar;2018;46;4086;1589;2497
967;Mannen en Vrouwen;19 jaar;2019;45;4054;1606;2448
968;Mannen en Vrouwen;19 jaar;2020;44;4021;1580;2441
969;Mannen en Vrouwen;19 jaar;2021;42;3982;1576;2406
970;Mannen en Vrouwen;19 jaar;2022;42;3946;1579;2367
971;Mannen en Vrouwen;19 jaar;2023;39;3944;1569;2375
972;Mannen en Vrouwen;19 jaar;2024;38;3938;1559;2379
973;Mannen en Vrouwen;19 jaar;2025;36;3935;1559;2376
974;Mannen en Vrouwen;19 jaar;2026;35;3934;1561;2373
975;Mannen en Vrouwen;19 jaar;2027;35;3932;1568;2364
976;Mannen en Vrouwen;19 jaar;2028;33;3932;1569;2363
977;Mannen en Vrouwen;19 jaar;2029;32;3933;1571;2362
978;Mannen en Vrouwen;19 jaar;2030;31;3929;1549;2380
979;Mannen en Vrouwen;19 jaar;2031;29;3925;1534;2391
980;Mannen en Vrouwen;19 jaar;2032;29;3923;1530;2393
981;Mannen en Vrouwen;19 jaar;2033;29;3924;1529;2395
982;Mannen en Vrouwen;19 jaar;2034;28;3923;1532;2391
983;Mannen en Vrouwen;19 jaar;2035;28;3920;1533;2387
984;Mannen en Vrouwen;19 jaar;2036;28;3919;1535;2384
985;Mannen en Vrouwen;19 jaar;2037;26;3919;1536;2383
986;Mannen en Vrouwen;19 jaar;2038;26;3917;1538;2379
987;Mannen en Vrouwen;19 jaar;2039;26;3914;1538;2376
988;Mannen en Vrouwen;19 jaar;2040;25;3911;1541;2370
989;Mannen en Vrouwen;19 jaar;2041;25;3911;1541;2370
990;Mannen en Vrouwen;19 jaar;2042;25;3908;1543;2365
991;Mannen en Vrouwen;19 jaar;2043;24;3906;1543;2363
992;Mannen en Vrouwen;19 jaar;2044;23;3906;1545;2361
993;Mannen en Vrouwen;19 jaar;2045;23;3905;1545;2360
994;Mannen en Vrouwen;19 jaar;2046;22;3903;1545;2358
995;Mannen en Vrouwen;19 jaar;2047;22;3902;1546;2356
996;Mannen en Vrouwen;19 jaar;2048;22;3899;1546;2353
997;Mannen en Vrouwen;19 jaar;2049;21;3901;1546;2355
998;Mannen en Vrouwen;19 jaar;2050;20;3901;1545;2356
999;Mannen en Vrouwen;19 jaar;2051;20;3900;1543;2357
1000;Mannen en Vrouwen;19 jaar;2052;19;3898;1541;2357
1001;Mannen en Vrouwen;19 jaar;2053;19;3897;1540;2357
1002;Mannen en Vrouwen;19 jaar;2054;18;3896;1538;2358
1003;Mannen en Vrouwen;19 jaar;2055;18;3897;1535;2362
1004;Mannen en Vrouwen;19 jaar;2056;18;3897;1533;2364
1005;Mannen en Vrouwen;19 jaar;2057;16;3896;1530;2366
1006;Mannen en Vrouwen;19 jaar;2058;16;3898;1528;2370
1007;Mannen en Vrouwen;19 jaar;2059;16;3897;1526;2371
1008;Mannen en Vrouwen;20 jaar;2012;58;5344;2632;2712
1009;Mannen en Vrouwen;20 jaar;2013;57;5265;2514;2751
1010;Mannen en Vrouwen;20 jaar;2014;56;5206;2465;2741
1011;Mannen en Vrouwen;20 jaar;2015;53;5245;2374;2871
1012;Mannen en Vrouwen;20 jaar;2016;51;5289;2353;2936
1013;Mannen en Vrouwen;20 jaar;2017;50;5332;2292;3040
1014;Mannen en Vrouwen;20 jaar;2018;51;5303;2287;3016
1015;Mannen en Vrouwen;20 jaar;2019;50;5264;2283;2981
1016;Mannen en Vrouwen;20 jaar;2020;50;5216;2292;2924
1017;Mannen en Vrouwen;20 jaar;2021;49;5165;2250;2915
1018;Mannen en Vrouwen;20 jaar;2022;47;5118;2237;2881
1019;Mannen en Vrouwen;20 jaar;2023;46;5118;2240;2878
1020;Mannen en Vrouwen;20 jaar;2024;43;5110;2222;2888
1021;Mannen en Vrouwen;20 jaar;2025;41;5109;2208;2901
1022;Mannen en Vrouwen;20 jaar;2026;40;5112;2208;2904
1023;Mannen en Vrouwen;20 jaar;2027;38;5110;2207;2903
1024;Mannen en Vrouwen;20 jaar;2028;38;5110;2214;2896
1025;Mannen en Vrouwen;20 jaar;2029;37;5112;2212;2900
1026;Mannen en Vrouwen;20 jaar;2030;36;5110;2213;2897
1027;Mannen en Vrouwen;20 jaar;2031;34;5109;2184;2925
1028;Mannen en Vrouwen;20 jaar;2032;33;5107;2163;2944
1029;Mannen en Vrouwen;20 jaar;2033;33;5107;2159;2948
1030;Mannen en Vrouwen;20 jaar;2034;32;5107;2157;2950
1031;Mannen en Vrouwen;20 jaar;2035;31;5104;2159;2945
1032;Mannen en Vrouwen;20 jaar;2036;31;5105;2159;2946
1033;Mannen en Vrouwen;20 jaar;2037;30;5106;2160;2946
1034;Mannen en Vrouwen;20 jaar;2038;30;5104;2161;2943
1035;Mannen en Vrouwen;20 jaar;2039;30;5103;2162;2941
1036;Mannen en Vrouwen;20 jaar;2040;29;5104;2162;2942
1037;Mannen en Vrouwen;20 jaar;2041;29;5101;2163;2938
1038;Mannen en Vrouwen;20 jaar;2042;28;5103;2162;2941
1039;Mannen en Vrouwen;20 jaar;2043;27;5104;2162;2942
1040;Mannen en Vrouwen;20 jaar;2044;27;5102;2163;2939
1041;Mannen en Vrouwen;20 jaar;2045;27;5103;2164;2939
1042;Mannen en Vrouwen;20 jaar;2046;26;5100;2163;2937
1043;Mannen en Vrouwen;20 jaar;2047;26;5100;2161;2939
1044;Mannen en Vrouwen;20 jaar;2048;24;5101;2162;2939
1045;Mannen en Vrouwen;20 jaar;2049;24;5101;2161;2940
1046;Mannen en Vrouwen;20 jaar;2050;24;5101;2160;2941
1047;Mannen en Vrouwen;20 jaar;2051;23;5100;2156;2944
1048;Mannen en Vrouwen;20 jaar;2052;23;5097;2155;2942
1049;Mannen en Vrouwen;20 jaar;2053;23;5095;2152;2943
1050;Mannen en Vrouwen;20 jaar;2054;21;5098;2148;2950
1051;Mannen en Vrouwen;20 jaar;2055;21;5097;2145;2952
1052;Mannen en Vrouwen;20 jaar;2056;20;5097;2140;2957
1053;Mannen en Vrouwen;20 jaar;2057;20;5098;2137;2961
1054;Mannen en Vrouwen;20 jaar;2058;20;5097;2132;2965
1055;Mannen en Vrouwen;20 jaar;2059;19;5101;2129;2972
1056;Mannen en Vrouwen;21 jaar;2012;64;6423;3780;2643
1057;Mannen en Vrouwen;21 jaar;2013;62;6319;3654;2665
1058;Mannen en Vrouwen;21 jaar;2014;59;6248;3508;2740
1059;Mannen en Vrouwen;21 jaar;2015;58;6297;3441;2856
1060;Mannen en Vrouwen;21 jaar;2016;56;6360;3324;3036
1061;Mannen en Vrouwen;21 jaar;2017;55;6413;3272;3141
1062;Mannen en Vrouwen;21 jaar;2018;54;6379;3257;3122
1063;Mannen en Vrouwen;21 jaar;2019;55;6342;3240;3102
1064;Mannen en Vrouwen;21 jaar;2020;53;6285;3220;3065
1065;Mannen en Vrouwen;21 jaar;2021;54;6226;3214;3012
1066;Mannen en Vrouwen;21 jaar;2022;52;6172;3155;3017
1067;Mannen en Vrouwen;21 jaar;2023;51;6170;3136;3034
1068;Mannen en Vrouwen;21 jaar;2024;49;6172;3135;3037
1069;Mannen en Vrouwen;21 jaar;2025;46;6174;3111;3063
1070;Mannen en Vrouwen;21 jaar;2026;44;6173;3092;3081
1071;Mannen en Vrouwen;21 jaar;2027;42;6176;3086;3090
1072;Mannen en Vrouwen;21 jaar;2028;41;6180;3081;3099
1073;Mannen en Vrouwen;21 jaar;2029;41;6184;3085;3099
1074;Mannen en Vrouwen;21 jaar;2030;40;6184;3082;3102
1075;Mannen en Vrouwen;21 jaar;2031;39;6187;3077;3110
1076;Mannen en Vrouwen;21 jaar;2032;38;6188;3042;3146
1077;Mannen en Vrouwen;21 jaar;2033;36;6189;3015;3174
1078;Mannen en Vrouwen;21 jaar;2034;35;6189;3008;3181
1079;Mannen en Vrouwen;21 jaar;2035;35;6189;3003;3186
1080;Mannen en Vrouwen;21 jaar;2036;34;6191;3002;3189
1081;Mannen en Vrouwen;21 jaar;2037;34;6193;3001;3192
1082;Mannen en Vrouwen;21 jaar;2038;33;6194;3000;3194
1083;Mannen en Vrouwen;21 jaar;2039;32;6195;2999;3196
1084;Mannen en Vrouwen;21 jaar;2040;32;6195;2997;3198
1085;Mannen en Vrouwen;21 jaar;2041;32;6197;2995;3202
1086;Mannen en Vrouwen;21 jaar;2042;31;6196;2993;3203
1087;Mannen en Vrouwen;21 jaar;2043;31;6193;2990;3203
1088;Mannen en Vrouwen;21 jaar;2044;31;6196;2989;3207
1089;Mannen en Vrouwen;21 jaar;2045;29;6196;2987;3209
1090;Mannen en Vrouwen;21 jaar;2046;29;6197;2985;3212
1091;Mannen en Vrouwen;21 jaar;2047;28;6201;2981;3220
1092;Mannen en Vrouwen;21 jaar;2048;28;6201;2979;3222
1093;Mannen en Vrouwen;21 jaar;2049;28;6201;2976;3225
1094;Mannen en Vrouwen;21 jaar;2050;27;6201;2972;3229
1095;Mannen en Vrouwen;21 jaar;2051;26;6204;2969;3235
1096;Mannen en Vrouwen;21 jaar;2052;25;6205;2964;3241
1097;Mannen en Vrouwen;21 jaar;2053;25;6205;2959;3246
1098;Mannen en Vrouwen;21 jaar;2054;25;6204;2954;3250
1099;Mannen en Vrouwen;21 jaar;2055;24;6203;2948;3255
1100;Mannen en Vrouwen;21 jaar;2056;23;6202;2942;3260
1101;Mannen en Vrouwen;21 jaar;2057;22;6205;2935;3270
1102;Mannen en Vrouwen;21 jaar;2058;22;6205;2929;3276
1103;Mannen en Vrouwen;21 jaar;2059;21;6205;2921;3284
1104;Mannen en Vrouwen;22 jaar;2012;66;7134;5037;2097
1105;Mannen en Vrouwen;22 jaar;2013;65;7007;4836;2171
1106;Mannen en Vrouwen;22 jaar;2014;63;6940;4689;2251
1107;Mannen en Vrouwen;22 jaar;2015;62;7000;4524;2476
1108;Mannen en Vrouwen;22 jaar;2016;60;7060;4439;2621
1109;Mannen en Vrouwen;22 jaar;2017;58;7126;4287;2839
1110;Mannen en Vrouwen;22 jaar;2018;57;7096;4304;2792
1111;Mannen en Vrouwen;22 jaar;2019;56;7054;4274;2780
1112;Mannen en Vrouwen;22 jaar;2020;56;6988;4241;2747
1113;Mannen en Vrouwen;22 jaar;2021;56;6926;4203;2723
1114;Mannen en Vrouwen;22 jaar;2022;56;6867;4181;2686
1115;Mannen en Vrouwen;22 jaar;2023;53;6869;4114;2755
1116;Mannen en Vrouwen;22 jaar;2024;52;6867;4093;2774
1117;Mannen en Vrouwen;22 jaar;2025;51;6873;4088;2785
1118;Mannen en Vrouwen;22 jaar;2026;49;6873;4054;2819
1119;Mannen en Vrouwen;22 jaar;2027;46;6878;4028;2850
1120;Mannen en Vrouwen;22 jaar;2028;45;6882;4017;2865
1121;Mannen en Vrouwen;22 jaar;2029;43;6885;4004;2881
1122;Mannen en Vrouwen;22 jaar;2030;43;6889;4008;2881
1123;Mannen en Vrouwen;22 jaar;2031;42;6890;4001;2889
1124;Mannen en Vrouwen;22 jaar;2032;41;6890;3992;2898
1125;Mannen en Vrouwen;22 jaar;2033;39;6893;3951;2942
1126;Mannen en Vrouwen;22 jaar;2034;38;6896;3919;2977
1127;Mannen en Vrouwen;22 jaar;2035;37;6895;3908;2987
1128;Mannen en Vrouwen;22 jaar;2036;36;6900;3902;2998
1129;Mannen en Vrouwen;22 jaar;2037;36;6901;3899;3002
1130;Mannen en Vrouwen;22 jaar;2038;36;6903;3895;3008
1131;Mannen en Vrouwen;22 jaar;2039;36;6904;3892;3012
1132;Mannen en Vrouwen;22 jaar;2040;35;6905;3888;3017
1133;Mannen en Vrouwen;22 jaar;2041;34;6906;3883;3023
1134;Mannen en Vrouwen;22 jaar;2042;33;6906;3880;3026
1135;Mannen en Vrouwen;22 jaar;2043;33;6906;3875;3031
1136;Mannen en Vrouwen;22 jaar;2044;33;6907;3870;3037
1137;Mannen en Vrouwen;22 jaar;2045;32;6907;3865;3042
1138;Mannen en Vrouwen;22 jaar;2046;32;6906;3861;3045
1139;Mannen en Vrouwen;22 jaar;2047;32;6907;3857;3050
1140;Mannen en Vrouwen;22 jaar;2048;30;6910;3851;3059
1141;Mannen en Vrouwen;22 jaar;2049;30;6912;3846;3066
1142;Mannen en Vrouwen;22 jaar;2050;29;6913;3840;3073
1143;Mannen en Vrouwen;22 jaar;2051;29;6914;3834;3080
1144;Mannen en Vrouwen;22 jaar;2052;29;6914;3829;3085
1145;Mannen en Vrouwen;22 jaar;2053;28;6915;3821;3094
1146;Mannen en Vrouwen;22 jaar;2054;27;6914;3814;3100
1147;Mannen en Vrouwen;22 jaar;2055;26;6916;3806;3110
1148;Mannen en Vrouwen;22 jaar;2056;26;6918;3797;3121
1149;Mannen en Vrouwen;22 jaar;2057;25;6917;3788;3129
1150;Mannen en Vrouwen;22 jaar;2058;25;6914;3777;3137
1151;Mannen en Vrouwen;22 jaar;2059;24;6917;3768;3149
1152;Mannen en Vrouwen;23 jaar;2012;65;7529;5842;1687
1153;Mannen en Vrouwen;23 jaar;2013;67;7386;5789;1597
1154;Mannen en Vrouwen;23 jaar;2014;65;7299;5587;1712
1155;Mannen en Vrouwen;23 jaar;2015;64;7363;5442;1921
1156;Mannen en Vrouwen;23 jaar;2016;62;7437;5270;2167
1157;Mannen en Vrouwen;23 jaar;2017;61;7507;5159;2348
1158;Mannen en Vrouwen;23 jaar;2018;59;7479;5103;2376
1159;Mannen en Vrouwen;23 jaar;2019;58;7429;5102;2327
1160;Mannen en Vrouwen;23 jaar;2020;57;7362;5057;2305
1161;Mannen en Vrouwen;23 jaar;2021;57;7300;5011;2289
1162;Mannen en Vrouwen;23 jaar;2022;56;7239;4959;2280
1163;Mannen en Vrouwen;23 jaar;2023;56;7236;4942;2294
1164;Mannen en Vrouwen;23 jaar;2024;55;7241;4878;2363
1165;Mannen en Vrouwen;23 jaar;2025;53;7247;4855;2392
1166;Mannen en Vrouwen;23 jaar;2026;52;7253;4849;2404
1167;Mannen en Vrouwen;23 jaar;2027;49;7256;4809;2447
1168;Mannen en Vrouwen;23 jaar;2028;47;7258;4776;2482
1169;Mannen en Vrouwen;23 jaar;2029;46;7259;4759;2500
1170;Mannen en Vrouwen;23 jaar;2030;45;7264;4744;2520
1171;Mannen en Vrouwen;23 jaar;2031;44;7269;4749;2520
1172;Mannen en Vrouwen;23 jaar;2032;43;7272;4742;2530
1173;Mannen en Vrouwen;23 jaar;2033;42;7274;4732;2542
1174;Mannen en Vrouwen;23 jaar;2034;40;7275;4688;2587
1175;Mannen en Vrouwen;23 jaar;2035;39;7276;4655;2621
1176;Mannen en Vrouwen;23 jaar;2036;39;7280;4642;2638
1177;Mannen en Vrouwen;23 jaar;2037;38;7282;4635;2647
1178;Mannen en Vrouwen;23 jaar;2038;37;7282;4632;2650
1179;Mannen en Vrouwen;23 jaar;2039;37;7284;4628;2656
1180;Mannen en Vrouwen;23 jaar;2040;37;7288;4627;2661
1181;Mannen en Vrouwen;23 jaar;2041;36;7291;4620;2671
1182;Mannen en Vrouwen;23 jaar;2042;36;7291;4616;2675
1183;Mannen en Vrouwen;23 jaar;2043;36;7295;4611;2684
1184;Mannen en Vrouwen;23 jaar;2044;35;7295;4608;2687
1185;Mannen en Vrouwen;23 jaar;2045;34;7297;4601;2696
1186;Mannen en Vrouwen;23 jaar;2046;33;7296;4596;2700
1187;Mannen en Vrouwen;23 jaar;2047;33;7298;4592;2706
1188;Mannen en Vrouwen;23 jaar;2048;33;7297;4586;2711
1189;Mannen en Vrouwen;23 jaar;2049;32;7300;4579;2721
1190;Mannen en Vrouwen;23 jaar;2050;31;7301;4573;2728
1191;Mannen en Vrouwen;23 jaar;2051;31;7302;4567;2735
1192;Mannen en Vrouwen;23 jaar;2052;30;7301;4561;2740
1193;Mannen en Vrouwen;23 jaar;2053;30;7303;4555;2748
1194;Mannen en Vrouwen;23 jaar;2054;29;7304;4546;2758
1195;Mannen en Vrouwen;23 jaar;2055;29;7306;4537;2769
1196;Mannen en Vrouwen;23 jaar;2056;27;7311;4528;2783
1197;Mannen en Vrouwen;23 jaar;2057;27;7311;4517;2794
1198;Mannen en Vrouwen;23 jaar;2058;27;7314;4506;2808
1199;Mannen en Vrouwen;23 jaar;2059;26;7313;4496;2817
1200;Mannen en Vrouwen;24 jaar;2012;66;7431;6282;1149
1201;Mannen en Vrouwen;24 jaar;2013;66;7296;6117;1179
1202;Mannen en Vrouwen;24 jaar;2014;67;7211;6056;1155
1203;Mannen en Vrouwen;24 jaar;2015;66;7280;5879;1401
1204;Mannen en Vrouwen;24 jaar;2016;64;7356;5748;1608
1205;Mannen en Vrouwen;24 jaar;2017;62;7427;5574;1853
1206;Mannen en Vrouwen;24 jaar;2018;62;7400;5585;1815
1207;Mannen en Vrouwen;24 jaar;2019;59;7359;5514;1845
1208;Mannen en Vrouwen;24 jaar;2020;58;7295;5495;1800
1209;Mannen en Vrouwen;24 jaar;2021;57;7232;5440;1792
1210;Mannen en Vrouwen;24 jaar;2022;58;7171;5392;1779
1211;Mannen en Vrouwen;24 jaar;2023;57;7170;5350;1820
1212;Mannen en Vrouwen;24 jaar;2024;57;7174;5346;1828
1213;Mannen en Vrouwen;24 jaar;2025;55;7179;5288;1891
1214;Mannen en Vrouwen;24 jaar;2026;54;7182;5268;1914
1215;Mannen en Vrouwen;24 jaar;2027;53;7185;5259;1926
1216;Mannen en Vrouwen;24 jaar;2028;50;7187;5216;1971
1217;Mannen en Vrouwen;24 jaar;2029;48;7194;5179;2015
1218;Mannen en Vrouwen;24 jaar;2030;47;7197;5163;2034
1219;Mannen en Vrouwen;24 jaar;2031;45;7200;5145;2055
1220;Mannen en Vrouwen;24 jaar;2032;45;7201;5153;2048
1221;Mannen en Vrouwen;24 jaar;2033;44;7203;5146;2057
1222;Mannen en Vrouwen;24 jaar;2034;44;7207;5136;2071
1223;Mannen en Vrouwen;24 jaar;2035;41;7211;5094;2117
1224;Mannen en Vrouwen;24 jaar;2036;40;7215;5062;2153
1225;Mannen en Vrouwen;24 jaar;2037;39;7216;5051;2165
1226;Mannen en Vrouwen;24 jaar;2038;39;7217;5045;2172
1227;Mannen en Vrouwen;24 jaar;2039;38;7221;5044;2177
1228;Mannen en Vrouwen;24 jaar;2040;38;7222;5040;2182
1229;Mannen en Vrouwen;24 jaar;2041;38;7228;5040;2188
1230;Mannen en Vrouwen;24 jaar;2042;38;7229;5037;2192
1231;Mannen en Vrouwen;24 jaar;2043;36;7228;5035;2193
1232;Mannen en Vrouwen;24 jaar;2044;36;7232;5032;2200
1233;Mannen en Vrouwen;24 jaar;2045;36;7232;5028;2204
1234;Mannen en Vrouwen;24 jaar;2046;35;7232;5023;2209
1235;Mannen en Vrouwen;24 jaar;2047;35;7235;5019;2216
1236;Mannen en Vrouwen;24 jaar;2048;34;7236;5015;2221
1237;Mannen en Vrouwen;24 jaar;2049;33;7238;5011;2227
1238;Mannen en Vrouwen;24 jaar;2050;33;7242;5006;2236
1239;Mannen en Vrouwen;24 jaar;2051;33;7244;5000;2244
1240;Mannen en Vrouwen;24 jaar;2052;32;7245;4994;2251
1241;Mannen en Vrouwen;24 jaar;2053;32;7248;4989;2259
1242;Mannen en Vrouwen;24 jaar;2054;30;7246;4982;2264
1243;Mannen en Vrouwen;24 jaar;2055;30;7244;4975;2269
1244;Mannen en Vrouwen;24 jaar;2056;29;7246;4967;2279
1245;Mannen en Vrouwen;24 jaar;2057;29;7247;4957;2290
1246;Mannen en Vrouwen;24 jaar;2058;29;7245;4947;2298
1247;Mannen en Vrouwen;24 jaar;2059;27;7249;4936;2313
1248;Mannen en Vrouwen;25 jaar;2012;68;7076;6142;934
1249;Mannen en Vrouwen;25 jaar;2013;67;6959;6117;842
1250;Mannen en Vrouwen;25 jaar;2014;66;6894;5986;908
1251;Mannen en Vrouwen;25 jaar;2015;68;6960;5945;1015
1252;Mannen en Vrouwen;25 jaar;2016;66;7037;5801;1236
1253;Mannen en Vrouwen;25 jaar;2017;65;7113;5678;1435
1254;Mannen en Vrouwen;25 jaar;2018;63;7089;5642;1447
1255;Mannen en Vrouwen;25 jaar;2019;62;7053;5640;1413
1256;Mannen en Vrouwen;25 jaar;2020;60;6996;5560;1436
1257;Mannen en Vrouwen;25 jaar;2021;58;6937;5529;1408
1258;Mannen en Vrouwen;25 jaar;2022;58;6883;5475;1408
1259;Mannen en Vrouwen;25 jaar;2023;58;6880;5448;1432
1260;Mannen en Vrouwen;25 jaar;2024;58;6881;5420;1461
1261;Mannen en Vrouwen;25 jaar;2025;58;6886;5427;1459
1262;Mannen en Vrouwen;25 jaar;2026;56;6893;5377;1516
1263;Mannen en Vrouwen;25 jaar;2027;55;6895;5358;1537
1264;Mannen en Vrouwen;25 jaar;2028;54;6899;5349;1550
1265;Mannen en Vrouwen;25 jaar;2029;51;6906;5305;1601
1266;Mannen en Vrouwen;25 jaar;2030;49;6907;5266;1641
1267;Mannen en Vrouwen;25 jaar;2031;48;6909;5250;1659
1268;Mannen en Vrouwen;25 jaar;2032;46;6910;5230;1680
1269;Mannen en Vrouwen;25 jaar;2033;46;6918;5242;1676
1270;Mannen en Vrouwen;25 jaar;2034;45;6919;5237;1682
1271;Mannen en Vrouwen;25 jaar;2035;44;6923;5229;1694
1272;Mannen en Vrouwen;25 jaar;2036;43;6922;5187;1735
1273;Mannen en Vrouwen;25 jaar;2037;41;6926;5158;1768
1274;Mannen en Vrouwen;25 jaar;2038;40;6924;5149;1775
1275;Mannen en Vrouwen;25 jaar;2039;40;6927;5145;1782
1276;Mannen en Vrouwen;25 jaar;2040;40;6932;5146;1786
1277;Mannen en Vrouwen;25 jaar;2041;39;6934;5146;1788
1278;Mannen en Vrouwen;25 jaar;2042;38;6936;5148;1788
1279;Mannen en Vrouwen;25 jaar;2043;38;6936;5147;1789
1280;Mannen en Vrouwen;25 jaar;2044;38;6939;5146;1793
1281;Mannen en Vrouwen;25 jaar;2045;37;6944;5145;1799
1282;Mannen en Vrouwen;25 jaar;2046;37;6946;5143;1803
1283;Mannen en Vrouwen;25 jaar;2047;37;6947;5141;1806
1284;Mannen en Vrouwen;25 jaar;2048;35;6947;5138;1809
1285;Mannen en Vrouwen;25 jaar;2049;35;6950;5136;1814
1286;Mannen en Vrouwen;25 jaar;2050;35;6951;5133;1818
1287;Mannen en Vrouwen;25 jaar;2051;34;6951;5129;1822
1288;Mannen en Vrouwen;25 jaar;2052;34;6954;5125;1829
1289;Mannen en Vrouwen;25 jaar;2053;33;6953;5119;1834
1290;Mannen en Vrouwen;25 jaar;2054;32;6954;5115;1839
1291;Mannen en Vrouwen;25 jaar;2055;32;6957;5109;1848
1292;Mannen en Vrouwen;25 jaar;2056;31;6958;5103;1855
1293;Mannen en Vrouwen;25 jaar;2057;31;6961;5095;1866
1294;Mannen en Vrouwen;25 jaar;2058;30;6962;5087;1875
1295;Mannen en Vrouwen;25 jaar;2059;29;6964;5076;1888
1296;Mannen en Vrouwen;26 jaar;2012;70;6593;5832;761
1297;Mannen en Vrouwen;26 jaar;2013;69;6494;5703;791
1298;Mannen en Vrouwen;26 jaar;2014;68;6447;5673;774
1299;Mannen en Vrouwen;26 jaar;2015;67;6515;5580;935
1300;Mannen en Vrouwen;26 jaar;2016;69;6591;5558;1033
1301;Mannen en Vrouwen;26 jaar;2017;68;6667;5431;1236
1302;Mannen en Vrouwen;26 jaar;2018;66;6656;5442;1214
1303;Mannen en Vrouwen;26 jaar;2019;64;6617;5401;1216
1304;Mannen en Vrouwen;26 jaar;2020;64;6564;5389;1175
1305;Mannen en Vrouwen;26 jaar;2021;61;6515;5307;1208
1306;Mannen en Vrouwen;26 jaar;2022;61;6465;5275;1190
1307;Mannen en Vrouwen;26 jaar;2023;59;6464;5240;1224
1308;Mannen en Vrouwen;26 jaar;2024;60;6469;5234;1235
1309;Mannen en Vrouwen;26 jaar;2025;59;6470;5219;1251
1310;Mannen en Vrouwen;26 jaar;2026;59;6477;5235;1242
1311;Mannen en Vrouwen;26 jaar;2027;58;6480;5191;1289
1312;Mannen en Vrouwen;26 jaar;2028;56;6484;5175;1309
1313;Mannen en Vrouwen;26 jaar;2029;56;6490;5168;1322
1314;Mannen en Vrouwen;26 jaar;2030;53;6492;5125;1367
1315;Mannen en Vrouwen;26 jaar;2031;50;6498;5086;1412
1316;Mannen en Vrouwen;26 jaar;2032;49;6499;5072;1427
1317;Mannen en Vrouwen;26 jaar;2033;47;6502;5053;1449
1318;Mannen en Vrouwen;26 jaar;2034;48;6505;5069;1436
1319;Mannen en Vrouwen;26 jaar;2035;47;6506;5064;1442
1320;Mannen en Vrouwen;26 jaar;2036;45;6509;5058;1451
1321;Mannen en Vrouwen;26 jaar;2037;44;6508;5020;1488
1322;Mannen en Vrouwen;26 jaar;2038;42;6510;4995;1515
1323;Mannen en Vrouwen;26 jaar;2039;42;6511;4988;1523
1324;Mannen en Vrouwen;26 jaar;2040;42;6519;4987;1532
1325;Mannen en Vrouwen;26 jaar;2041;41;6520;4991;1529
1326;Mannen en Vrouwen;26 jaar;2042;40;6521;4994;1527
1327;Mannen en Vrouwen;26 jaar;2043;40;6521;4999;1522
1328;Mannen en Vrouwen;26 jaar;2044;40;6523;5000;1523
1329;Mannen en Vrouwen;26 jaar;2045;39;6525;5002;1523
1330;Mannen en Vrouwen;26 jaar;2046;39;6527;5004;1523
1331;Mannen en Vrouwen;26 jaar;2047;38;6529;5006;1523
1332;Mannen en Vrouwen;26 jaar;2048;38;6532;5005;1527
1333;Mannen en Vrouwen;26 jaar;2049;37;6533;5004;1529
1334;Mannen en Vrouwen;26 jaar;2050;37;6536;5006;1530
1335;Mannen en Vrouwen;26 jaar;2051;37;6537;5003;1534
1336;Mannen en Vrouwen;26 jaar;2052;35;6538;5002;1536
1337;Mannen en Vrouwen;26 jaar;2053;35;6539;5000;1539
1338;Mannen en Vrouwen;26 jaar;2054;34;6540;4999;1541
1339;Mannen en Vrouwen;26 jaar;2055;34;6543;4994;1549
1340;Mannen en Vrouwen;26 jaar;2056;34;6546;4991;1555
1341;Mannen en Vrouwen;26 jaar;2057;32;6547;4986;1561
1342;Mannen en Vrouwen;26 jaar;2058;32;6548;4979;1569
1343;Mannen en Vrouwen;26 jaar;2059;32;6550;4972;1578
1344;Mannen en Vrouwen;27 jaar;2012;71;5974;5486;488
1345;Mannen en Vrouwen;27 jaar;2013;71;5893;5366;527
1346;Mannen en Vrouwen;27 jaar;2014;70;5852;5260;592
1347;Mannen en Vrouwen;27 jaar;2015;69;5916;5237;679
1348;Mannen en Vrouwen;27 jaar;2016;69;5993;5162;831
1349;Mannen en Vrouwen;27 jaar;2017;70;6061;5139;922
1350;Mannen en Vrouwen;27 jaar;2018;70;6053;5138;915
1351;Mannen en Vrouwen;27 jaar;2019;68;6017;5144;873
1352;Mannen en Vrouwen;27 jaar;2020;67;5974;5099;875
1353;Mannen en Vrouwen;27 jaar;2021;65;5925;5081;844
1354;Mannen en Vrouwen;27 jaar;2022;63;5879;5003;876
1355;Mannen en Vrouwen;27 jaar;2023;62;5879;4986;893
1356;Mannen en Vrouwen;27 jaar;2024;62;5881;4966;915
1357;Mannen en Vrouwen;27 jaar;2025;62;5885;4973;912
1358;Mannen en Vrouwen;27 jaar;2026;61;5887;4965;922
1359;Mannen en Vrouwen;27 jaar;2027;61;5891;4985;906
1360;Mannen en Vrouwen;27 jaar;2028;60;5894;4947;947
1361;Mannen en Vrouwen;27 jaar;2029;58;5902;4934;968
1362;Mannen en Vrouwen;27 jaar;2030;58;5902;4929;973
1363;Mannen en Vrouwen;27 jaar;2031;55;5904;4888;1016
1364;Mannen en Vrouwen;27 jaar;2032;52;5907;4851;1056
1365;Mannen en Vrouwen;27 jaar;2033;51;5911;4838;1073
1366;Mannen en Vrouwen;27 jaar;2034;49;5914;4820;1094
1367;Mannen en Vrouwen;27 jaar;2035;50;5915;4839;1076
1368;Mannen en Vrouwen;27 jaar;2036;48;5919;4836;1083
1369;Mannen en Vrouwen;27 jaar;2037;47;5923;4831;1092
1370;Mannen en Vrouwen;27 jaar;2038;45;5921;4798;1123
1371;Mannen en Vrouwen;27 jaar;2039;44;5924;4773;1151
1372;Mannen en Vrouwen;27 jaar;2040;44;5928;4770;1158
1373;Mannen en Vrouwen;27 jaar;2041;44;5928;4772;1156
1374;Mannen en Vrouwen;27 jaar;2042;42;5930;4778;1152
1375;Mannen en Vrouwen;27 jaar;2043;42;5933;4783;1150
1376;Mannen en Vrouwen;27 jaar;2044;42;5933;4789;1144
1377;Mannen en Vrouwen;27 jaar;2045;42;5934;4794;1140
1378;Mannen en Vrouwen;27 jaar;2046;42;5936;4798;1138
1379;Mannen en Vrouwen;27 jaar;2047;40;5938;4803;1135
1380;Mannen en Vrouwen;27 jaar;2048;40;5937;4806;1131
1381;Mannen en Vrouwen;27 jaar;2049;40;5938;4808;1130
1382;Mannen en Vrouwen;27 jaar;2050;39;5937;4810;1127
1383;Mannen en Vrouwen;27 jaar;2051;39;5941;4812;1129
1384;Mannen en Vrouwen;27 jaar;2052;38;5940;4814;1126
1385;Mannen en Vrouwen;27 jaar;2053;37;5945;4813;1132
1386;Mannen en Vrouwen;27 jaar;2054;37;5947;4814;1133
1387;Mannen en Vrouwen;27 jaar;2055;37;5948;4813;1135
1388;Mannen en Vrouwen;27 jaar;2056;35;5950;4812;1138
1389;Mannen en Vrouwen;27 jaar;2057;35;5951;4811;1140
1390;Mannen en Vrouwen;27 jaar;2058;35;5951;4806;1145
1391;Mannen en Vrouwen;27 jaar;2059;34;5951;4802;1149
1392;Mannen en Vrouwen;28 jaar;2012;73;5454;5240;214
1393;Mannen en Vrouwen;28 jaar;2013;72;5379;5140;239
1394;Mannen en Vrouwen;28 jaar;2014;73;5350;5049;301
1395;Mannen en Vrouwen;28 jaar;2015;73;5407;4966;441
1396;Mannen en Vrouwen;28 jaar;2016;71;5476;4938;538
1397;Mannen en Vrouwen;28 jaar;2017;71;5546;4869;677
1398;Mannen en Vrouwen;28 jaar;2018;72;5534;4951;583
1399;Mannen en Vrouwen;28 jaar;2019;71;5509;4946;563
1400;Mannen en Vrouwen;28 jaar;2020;69;5468;4942;526
1401;Mannen en Vrouwen;28 jaar;2021;68;5427;4893;534
1402;Mannen en Vrouwen;28 jaar;2022;67;5388;4873;515
1403;Mannen en Vrouwen;28 jaar;2023;64;5381;4810;571
1404;Mannen en Vrouwen;28 jaar;2024;64;5386;4800;586
1405;Mannen en Vrouwen;28 jaar;2025;63;5386;4789;597
1406;Mannen en Vrouwen;28 jaar;2026;64;5392;4804;588
1407;Mannen en Vrouwen;28 jaar;2027;63;5397;4798;599
1408;Mannen en Vrouwen;28 jaar;2028;63;5402;4822;580
1409;Mannen en Vrouwen;28 jaar;2029;62;5405;4787;618
1410;Mannen en Vrouwen;28 jaar;2030;60;5407;4775;632
1411;Mannen en Vrouwen;28 jaar;2031;59;5412;4770;642
1412;Mannen en Vrouwen;28 jaar;2032;57;5414;4729;685
1413;Mannen en Vrouwen;28 jaar;2033;54;5414;4691;723
1414;Mannen en Vrouwen;28 jaar;2034;52;5418;4680;738
1415;Mannen en Vrouwen;28 jaar;2035;51;5420;4660;760
1416;Mannen en Vrouwen;28 jaar;2036;52;5422;4678;744
1417;Mannen en Vrouwen;28 jaar;2037;50;5422;4677;745
1418;Mannen en Vrouwen;28 jaar;2038;49;5424;4672;752
1419;Mannen en Vrouwen;28 jaar;2039;47;5426;4638;788
1420;Mannen en Vrouwen;28 jaar;2040;46;5429;4617;812
1421;Mannen en Vrouwen;28 jaar;2041;45;5431;4615;816
1422;Mannen en Vrouwen;28 jaar;2042;45;5431;4615;816
1423;Mannen en Vrouwen;28 jaar;2043;44;5430;4622;808
1424;Mannen en Vrouwen;28 jaar;2044;44;5433;4627;806
1425;Mannen en Vrouwen;28 jaar;2045;44;5436;4636;800
1426;Mannen en Vrouwen;28 jaar;2046;43;5438;4641;797
1427;Mannen en Vrouwen;28 jaar;2047;43;5440;4647;793
1428;Mannen en Vrouwen;28 jaar;2048;42;5443;4650;793
1429;Mannen en Vrouwen;28 jaar;2049;42;5445;4655;790
1430;Mannen en Vrouwen;28 jaar;2050;42;5445;4656;789
1431;Mannen en Vrouwen;28 jaar;2051;40;5448;4658;790
1432;Mannen en Vrouwen;28 jaar;2052;40;5452;4663;789
1433;Mannen en Vrouwen;28 jaar;2053;40;5454;4664;790
1434;Mannen en Vrouwen;28 jaar;2054;39;5454;4664;790
1435;Mannen en Vrouwen;28 jaar;2055;39;5454;4666;788
1436;Mannen en Vrouwen;28 jaar;2056;38;5454;4665;789
1437;Mannen en Vrouwen;28 jaar;2057;37;5455;4664;791
1438;Mannen en Vrouwen;28 jaar;2058;37;5456;4662;794
1439;Mannen en Vrouwen;28 jaar;2059;37;5455;4659;796
1440;Mannen en Vrouwen;29 jaar;2012;74;4984;4892;92
1441;Mannen en Vrouwen;29 jaar;2013;74;4923;4914;9
1442;Mannen en Vrouwen;29 jaar;2014;74;4894;4839;55
1443;Mannen en Vrouwen;29 jaar;2015;74;4948;4774;174
1444;Mannen en Vrouwen;29 jaar;2016;74;5017;4701;316
1445;Mannen en Vrouwen;29 jaar;2017;73;5077;4664;413
1446;Mannen en Vrouwen;29 jaar;2018;72;5075;4693;382
1447;Mannen en Vrouwen;29 jaar;2019;74;5049;4767;282
1448;Mannen en Vrouwen;29 jaar;2020;73;5014;4756;258
1449;Mannen en Vrouwen;29 jaar;2021;71;4978;4743;235
1450;Mannen en Vrouwen;29 jaar;2022;70;4944;4693;251
1451;Mannen en Vrouwen;29 jaar;2023;69;4943;4686;257
1452;Mannen en Vrouwen;29 jaar;2024;66;4945;4631;314
1453;Mannen en Vrouwen;29 jaar;2025;66;4944;4626;318
1454;Mannen en Vrouwen;29 jaar;2026;64;4950;4619;331
1455;Mannen en Vrouwen;29 jaar;2027;66;4952;4639;313
1456;Mannen en Vrouwen;29 jaar;2028;65;4955;4638;317
1457;Mannen en Vrouwen;29 jaar;2029;65;4960;4662;298
1458;Mannen en Vrouwen;29 jaar;2030;64;4962;4629;333
1459;Mannen en Vrouwen;29 jaar;2031;62;4966;4618;348
1460;Mannen en Vrouwen;29 jaar;2032;60;4966;4611;355
1461;Mannen en Vrouwen;29 jaar;2033;58;4972;4571;401
1462;Mannen en Vrouwen;29 jaar;2034;56;4970;4533;437
1463;Mannen en Vrouwen;29 jaar;2035;54;4977;4522;455
1464;Mannen en Vrouwen;29 jaar;2036;52;4978;4502;476
1465;Mannen en Vrouwen;29 jaar;2037;52;4982;4522;460
1466;Mannen en Vrouwen;29 jaar;2038;52;4979;4519;460
1467;Mannen en Vrouwen;29 jaar;2039;51;4984;4514;470
1468;Mannen en Vrouwen;29 jaar;2040;49;4984;4482;502
1469;Mannen en Vrouwen;29 jaar;2041;47;4984;4459;525
1470;Mannen en Vrouwen;29 jaar;2042;47;4987;4457;530
1471;Mannen en Vrouwen;29 jaar;2043;46;4990;4461;529
1472;Mannen en Vrouwen;29 jaar;2044;46;4990;4468;522
1473;Mannen en Vrouwen;29 jaar;2045;45;4993;4474;519
1474;Mannen en Vrouwen;29 jaar;2046;45;4992;4481;511
1475;Mannen en Vrouwen;29 jaar;2047;44;4995;4488;507
1476;Mannen en Vrouwen;29 jaar;2048;44;4996;4493;503
1477;Mannen en Vrouwen;29 jaar;2049;44;4996;4498;498
1478;Mannen en Vrouwen;29 jaar;2050;44;4997;4503;494
1479;Mannen en Vrouwen;29 jaar;2051;42;4998;4506;492
1480;Mannen en Vrouwen;29 jaar;2052;42;4998;4509;489
1481;Mannen en Vrouwen;29 jaar;2053;42;5003;4512;491
1482;Mannen en Vrouwen;29 jaar;2054;41;5005;4514;491
1483;Mannen en Vrouwen;29 jaar;2055;40;5004;4514;490
1484;Mannen en Vrouwen;29 jaar;2056;40;5008;4514;494
1485;Mannen en Vrouwen;29 jaar;2057;39;5010;4515;495
1486;Mannen en Vrouwen;29 jaar;2058;39;5012;4513;499
1487;Mannen en Vrouwen;29 jaar;2059;38;5011;4512;499
1488;Mannen en Vrouwen;30 jaar;2012;78;4565;4583;-18
1489;Mannen en Vrouwen;30 jaar;2013;76;4511;4523;-12
1490;Mannen en Vrouwen;30 jaar;2014;77;4494;4556;-62
1491;Mannen en Vrouwen;30 jaar;2015;76;4544;4502;42
1492;Mannen en Vrouwen;30 jaar;2016;78;4602;4449;153
1493;Mannen en Vrouwen;30 jaar;2017;77;4664;4374;290
1494;Mannen en Vrouwen;30 jaar;2018;75;4661;4419;242
1495;Mannen en Vrouwen;30 jaar;2019;75;4642;4446;196
1496;Mannen en Vrouwen;30 jaar;2020;77;4612;4510;102
1497;Mannen en Vrouwen;30 jaar;2021;75;4578;4493;85
1498;Mannen en Vrouwen;30 jaar;2022;74;4543;4478;65
1499;Mannen en Vrouwen;30 jaar;2023;72;4542;4443;99
1500;Mannen en Vrouwen;30 jaar;2024;71;4543;4441;102
1501;Mannen en Vrouwen;30 jaar;2025;68;4550;4395;155
1502;Mannen en Vrouwen;30 jaar;2026;68;4553;4393;160
1503;Mannen en Vrouwen;30 jaar;2027;68;4557;4390;167
1504;Mannen en Vrouwen;30 jaar;2028;68;4562;4412;150
1505;Mannen en Vrouwen;30 jaar;2029;67;4564;4413;151
1506;Mannen en Vrouwen;30 jaar;2030;67;4563;4439;124
1507;Mannen en Vrouwen;30 jaar;2031;66;4565;4409;156
1508;Mannen en Vrouwen;30 jaar;2032;64;4567;4398;169
1509;Mannen en Vrouwen;30 jaar;2033;62;4571;4393;178
1510;Mannen en Vrouwen;30 jaar;2034;60;4576;4355;221
1511;Mannen en Vrouwen;30 jaar;2035;57;4577;4319;258
1512;Mannen en Vrouwen;30 jaar;2036;56;4582;4306;276
1513;Mannen en Vrouwen;30 jaar;2037;54;4583;4288;295
1514;Mannen en Vrouwen;30 jaar;2038;54;4585;4309;276
1515;Mannen en Vrouwen;30 jaar;2039;54;4587;4306;281
1516;Mannen en Vrouwen;30 jaar;2040;52;4588;4302;286
1517;Mannen en Vrouwen;30 jaar;2041;51;4589;4271;318
1518;Mannen en Vrouwen;30 jaar;2042;49;4593;4252;341
1519;Mannen en Vrouwen;30 jaar;2043;49;4596;4251;345
1520;Mannen en Vrouwen;30 jaar;2044;48;4597;4255;342
1521;Mannen en Vrouwen;30 jaar;2045;47;4599;4264;335
1522;Mannen en Vrouwen;30 jaar;2046;47;4598;4270;328
1523;Mannen en Vrouwen;30 jaar;2047;47;4602;4278;324
1524;Mannen en Vrouwen;30 jaar;2048;47;4604;4285;319
1525;Mannen en Vrouwen;30 jaar;2049;46;4605;4290;315
1526;Mannen en Vrouwen;30 jaar;2050;45;4607;4297;310
1527;Mannen en Vrouwen;30 jaar;2051;45;4608;4302;306
1528;Mannen en Vrouwen;30 jaar;2052;44;4611;4307;304
1529;Mannen en Vrouwen;30 jaar;2053;44;4611;4310;301
1530;Mannen en Vrouwen;30 jaar;2054;43;4613;4314;299
1531;Mannen en Vrouwen;30 jaar;2055;42;4612;4316;296
1532;Mannen en Vrouwen;30 jaar;2056;42;4615;4317;298
1533;Mannen en Vrouwen;30 jaar;2057;42;4614;4318;296
1534;Mannen en Vrouwen;30 jaar;2058;40;4617;4319;298
1535;Mannen en Vrouwen;30 jaar;2059;40;4619;4318;301
1536;Mannen en Vrouwen;31 jaar;2012;84;4158;4198;-40
1537;Mannen en Vrouwen;31 jaar;2013;80;4110;4190;-80
1538;Mannen en Vrouwen;31 jaar;2014;78;4093;4152;-59
1539;Mannen en Vrouwen;31 jaar;2015;80;4138;4190;-52
1540;Mannen en Vrouwen;31 jaar;2016;79;4193;4138;55
1541;Mannen en Vrouwen;31 jaar;2017;80;4248;4080;168
1542;Mannen en Vrouwen;31 jaar;2018;79;4248;4088;160
1543;Mannen en Vrouwen;31 jaar;2019;78;4234;4125;109
1544;Mannen en Vrouwen;31 jaar;2020;77;4202;4145;57
1545;Mannen en Vrouwen;31 jaar;2021;80;4178;4195;-17
1546;Mannen en Vrouwen;31 jaar;2022;78;4146;4181;-35
1547;Mannen en Vrouwen;31 jaar;2023;76;4145;4176;-31
1548;Mannen en Vrouwen;31 jaar;2024;75;4151;4149;2
1549;Mannen en Vrouwen;31 jaar;2025;73;4153;4151;2
1550;Mannen en Vrouwen;31 jaar;2026;71;4158;4111;47
1551;Mannen en Vrouwen;31 jaar;2027;70;4160;4110;50
1552;Mannen en Vrouwen;31 jaar;2028;70;4165;4110;55
1553;Mannen en Vrouwen;31 jaar;2029;71;4168;4135;33
1554;Mannen en Vrouwen;31 jaar;2030;69;4172;4138;34
1555;Mannen en Vrouwen;31 jaar;2031;70;4173;4164;9
1556;Mannen en Vrouwen;31 jaar;2032;68;4175;4138;37
1557;Mannen en Vrouwen;31 jaar;2033;66;4177;4130;47
1558;Mannen en Vrouwen;31 jaar;2034;65;4181;4126;55
1559;Mannen en Vrouwen;31 jaar;2035;62;4186;4091;95
1560;Mannen en Vrouwen;31 jaar;2036;59;4188;4058;130
1561;Mannen en Vrouwen;31 jaar;2037;59;4191;4048;143
1562;Mannen en Vrouwen;31 jaar;2038;56;4192;4030;162
1563;Mannen en Vrouwen;31 jaar;2039;57;4192;4050;142
1564;Mannen en Vrouwen;31 jaar;2040;56;4195;4049;146
1565;Mannen en Vrouwen;31 jaar;2041;54;4199;4046;153
1566;Mannen en Vrouwen;31 jaar;2042;52;4200;4020;180
1567;Mannen en Vrouwen;31 jaar;2043;51;4203;4003;200
1568;Mannen en Vrouwen;31 jaar;2044;51;4204;4004;200
1569;Mannen en Vrouwen;31 jaar;2045;49;4206;4006;200
1570;Mannen en Vrouwen;31 jaar;2046;49;4208;4016;192
1571;Mannen en Vrouwen;31 jaar;2047;49;4210;4022;188
1572;Mannen en Vrouwen;31 jaar;2048;49;4213;4032;181
1573;Mannen en Vrouwen;31 jaar;2049;48;4214;4040;174
1574;Mannen en Vrouwen;31 jaar;2050;47;4216;4045;171
1575;Mannen en Vrouwen;31 jaar;2051;47;4223;4052;171
1576;Mannen en Vrouwen;31 jaar;2052;47;4222;4058;164
1577;Mannen en Vrouwen;31 jaar;2053;46;4221;4062;159
1578;Mannen en Vrouwen;31 jaar;2054;45;4222;4068;154
1579;Mannen en Vrouwen;31 jaar;2055;45;4223;4071;152
1580;Mannen en Vrouwen;31 jaar;2056;45;4224;4075;149
1581;Mannen en Vrouwen;31 jaar;2057;44;4224;4077;147
1582;Mannen en Vrouwen;31 jaar;2058;43;4224;4078;146
1583;Mannen en Vrouwen;31 jaar;2059;42;4225;4079;146
1584;Mannen en Vrouwen;32 jaar;2012;89;3780;3923;-143
1585;Mannen en Vrouwen;32 jaar;2013;86;3738;3843;-105
1586;Mannen en Vrouwen;32 jaar;2014;83;3722;3848;-126
1587;Mannen en Vrouwen;32 jaar;2015;81;3766;3823;-57
1588;Mannen en Vrouwen;32 jaar;2016;82;3819;3851;-32
1589;Mannen en Vrouwen;32 jaar;2017;82;3870;3794;76
1590;Mannen en Vrouwen;32 jaar;2018;82;3869;3813;56
1591;Mannen en Vrouwen;32 jaar;2019;82;3858;3817;41
1592;Mannen en Vrouwen;32 jaar;2020;81;3834;3844;-10
1593;Mannen en Vrouwen;32 jaar;2021;80;3807;3856;-49
1594;Mannen en Vrouwen;32 jaar;2022;82;3785;3900;-115
1595;Mannen en Vrouwen;32 jaar;2023;80;3783;3895;-112
1596;Mannen en Vrouwen;32 jaar;2024;79;3786;3894;-108
1597;Mannen en Vrouwen;32 jaar;2025;77;3787;3872;-85
1598;Mannen en Vrouwen;32 jaar;2026;76;3792;3876;-84
1599;Mannen en Vrouwen;32 jaar;2027;73;3795;3842;-47
1600;Mannen en Vrouwen;32 jaar;2028;73;3799;3843;-44
1601;Mannen en Vrouwen;32 jaar;2029;72;3805;3843;-38
1602;Mannen en Vrouwen;32 jaar;2030;73;3808;3868;-60
1603;Mannen en Vrouwen;32 jaar;2031;72;3809;3872;-63
1604;Mannen en Vrouwen;32 jaar;2032;72;3810;3895;-85
1605;Mannen en Vrouwen;32 jaar;2033;71;3814;3874;-60
1606;Mannen en Vrouwen;32 jaar;2034;69;3817;3866;-49
1607;Mannen en Vrouwen;32 jaar;2035;67;3819;3863;-44
1608;Mannen en Vrouwen;32 jaar;2036;64;3825;3834;-9
1609;Mannen en Vrouwen;32 jaar;2037;62;3827;3802;25
1610;Mannen en Vrouwen;32 jaar;2038;61;3829;3795;34
1611;Mannen en Vrouwen;32 jaar;2039;58;3830;3779;51
1612;Mannen en Vrouwen;32 jaar;2040;59;3834;3797;37
1613;Mannen en Vrouwen;32 jaar;2041;57;3835;3796;39
1614;Mannen en Vrouwen;32 jaar;2042;56;3836;3794;42
1615;Mannen en Vrouwen;32 jaar;2043;54;3840;3772;68
1616;Mannen en Vrouwen;32 jaar;2044;53;3841;3756;85
1617;Mannen en Vrouwen;32 jaar;2045;52;3842;3758;84
1618;Mannen en Vrouwen;32 jaar;2046;52;3846;3761;85
1619;Mannen en Vrouwen;32 jaar;2047;51;3848;3769;79
1620;Mannen en Vrouwen;32 jaar;2048;51;3849;3778;71
1621;Mannen en Vrouwen;32 jaar;2049;50;3851;3786;65
1622;Mannen en Vrouwen;32 jaar;2050;50;3857;3793;64
1623;Mannen en Vrouwen;32 jaar;2051;49;3856;3800;56
1624;Mannen en Vrouwen;32 jaar;2052;49;3858;3807;51
1625;Mannen en Vrouwen;32 jaar;2053;49;3858;3813;45
1626;Mannen en Vrouwen;32 jaar;2054;48;3860;3817;43
1627;Mannen en Vrouwen;32 jaar;2055;47;3860;3823;37
1628;Mannen en Vrouwen;32 jaar;2056;47;3861;3826;35
1629;Mannen en Vrouwen;32 jaar;2057;47;3859;3829;30
1630;Mannen en Vrouwen;32 jaar;2058;45;3859;3832;27
1631;Mannen en Vrouwen;32 jaar;2059;45;3859;3833;26
1632;Mannen en Vrouwen;33 jaar;2012;92;3446;3583;-137
1633;Mannen en Vrouwen;33 jaar;2013;93;3413;3628;-215
1634;Mannen en Vrouwen;33 jaar;2014;90;3401;3572;-171
1635;Mannen en Vrouwen;33 jaar;2015;86;3438;3582;-144
1636;Mannen en Vrouwen;33 jaar;2016;85;3487;3554;-67
1637;Mannen en Vrouwen;33 jaar;2017;86;3541;3568;-27
1638;Mannen en Vrouwen;33 jaar;2018;86;3542;3582;-40
1639;Mannen en Vrouwen;33 jaar;2019;86;3527;3598;-71
1640;Mannen en Vrouwen;33 jaar;2020;85;3505;3600;-95
1641;Mannen en Vrouwen;33 jaar;2021;85;3481;3617;-136
1642;Mannen en Vrouwen;33 jaar;2022;84;3458;3625;-167
1643;Mannen en Vrouwen;33 jaar;2023;86;3458;3674;-216
1644;Mannen en Vrouwen;33 jaar;2024;84;3461;3673;-212
1645;Mannen en Vrouwen;33 jaar;2025;82;3465;3673;-208
1646;Mannen en Vrouwen;33 jaar;2026;81;3470;3656;-186
1647;Mannen en Vrouwen;33 jaar;2027;79;3474;3660;-186
1648;Mannen en Vrouwen;33 jaar;2028;77;3471;3630;-159
1649;Mannen en Vrouwen;33 jaar;2029;75;3476;3629;-153
1650;Mannen en Vrouwen;33 jaar;2030;75;3479;3632;-153
1651;Mannen en Vrouwen;33 jaar;2031;76;3483;3656;-173
1652;Mannen en Vrouwen;33 jaar;2032;75;3489;3661;-172
1653;Mannen en Vrouwen;33 jaar;2033;75;3490;3685;-195
1654;Mannen en Vrouwen;33 jaar;2034;73;3494;3665;-171
1655;Mannen en Vrouwen;33 jaar;2035;71;3493;3657;-164
1656;Mannen en Vrouwen;33 jaar;2036;71;3494;3656;-162
1657;Mannen en Vrouwen;33 jaar;2037;68;3497;3627;-130
1658;Mannen en Vrouwen;33 jaar;2038;65;3499;3599;-100
1659;Mannen en Vrouwen;33 jaar;2039;63;3502;3591;-89
1660;Mannen en Vrouwen;33 jaar;2040;61;3505;3576;-71
1661;Mannen en Vrouwen;33 jaar;2041;61;3509;3593;-84
1662;Mannen en Vrouwen;33 jaar;2042;61;3507;3594;-87
1663;Mannen en Vrouwen;33 jaar;2043;59;3510;3591;-81
1664;Mannen en Vrouwen;33 jaar;2044;58;3513;3571;-58
1665;Mannen en Vrouwen;33 jaar;2045;56;3516;3556;-40
1666;Mannen en Vrouwen;33 jaar;2046;55;3517;3558;-41
1667;Mannen en Vrouwen;33 jaar;2047;54;3523;3561;-38
1668;Mannen en Vrouwen;33 jaar;2048;54;3525;3570;-45
1669;Mannen en Vrouwen;33 jaar;2049;53;3529;3576;-47
1670;Mannen en Vrouwen;33 jaar;2050;53;3529;3585;-56
1671;Mannen en Vrouwen;33 jaar;2051;52;3530;3591;-61
1672;Mannen en Vrouwen;33 jaar;2052;52;3530;3599;-69
1673;Mannen en Vrouwen;33 jaar;2053;51;3530;3604;-74
1674;Mannen en Vrouwen;33 jaar;2054;51;3531;3610;-79
1675;Mannen en Vrouwen;33 jaar;2055;50;3532;3614;-82
1676;Mannen en Vrouwen;33 jaar;2056;49;3533;3618;-85
1677;Mannen en Vrouwen;33 jaar;2057;49;3536;3622;-86
1678;Mannen en Vrouwen;33 jaar;2058;49;3537;3625;-88
1679;Mannen en Vrouwen;33 jaar;2059;47;3537;3627;-90
1680;Mannen en Vrouwen;34 jaar;2012;100;3172;3376;-204
1681;Mannen en Vrouwen;34 jaar;2013;98;3135;3328;-193
1682;Mannen en Vrouwen;34 jaar;2014;99;3131;3385;-254
1683;Mannen en Vrouwen;34 jaar;2015;96;3167;3344;-177
1684;Mannen en Vrouwen;34 jaar;2016;92;3210;3344;-134
1685;Mannen en Vrouwen;34 jaar;2017;90;3258;3308;-50
1686;Mannen en Vrouwen;34 jaar;2018;90;3261;3377;-116
1687;Mannen en Vrouwen;34 jaar;2019;90;3253;3389;-136
1688;Mannen en Vrouwen;34 jaar;2020;92;3230;3400;-170
1689;Mannen en Vrouwen;34 jaar;2021;91;3210;3397;-187
1690;Mannen en Vrouwen;34 jaar;2022;89;3192;3409;-217
1691;Mannen en Vrouwen;34 jaar;2023;89;3190;3424;-234
1692;Mannen en Vrouwen;34 jaar;2024;90;3195;3472;-277
1693;Mannen en Vrouwen;34 jaar;2025;89;3196;3473;-277
1694;Mannen en Vrouwen;34 jaar;2026;87;3201;3475;-274
1695;Mannen en Vrouwen;34 jaar;2027;85;3202;3458;-256
1696;Mannen en Vrouwen;34 jaar;2028;85;3206;3463;-257
1697;Mannen en Vrouwen;34 jaar;2029;82;3208;3435;-227
1698;Mannen en Vrouwen;34 jaar;2030;80;3210;3436;-226
1699;Mannen en Vrouwen;34 jaar;2031;80;3217;3439;-222
1700;Mannen en Vrouwen;34 jaar;2032;81;3220;3463;-243
1701;Mannen en Vrouwen;34 jaar;2033;79;3220;3469;-249
1702;Mannen en Vrouwen;34 jaar;2034;80;3222;3492;-270
1703;Mannen en Vrouwen;34 jaar;2035;77;3223;3475;-252
1704;Mannen en Vrouwen;34 jaar;2036;76;3227;3469;-242
1705;Mannen en Vrouwen;34 jaar;2037;74;3231;3465;-234
1706;Mannen en Vrouwen;34 jaar;2038;71;3230;3439;-209
1707;Mannen en Vrouwen;34 jaar;2039;69;3232;3413;-181
1708;Mannen en Vrouwen;34 jaar;2040;67;3236;3405;-169
1709;Mannen en Vrouwen;34 jaar;2041;64;3241;3390;-149
1710;Mannen en Vrouwen;34 jaar;2042;65;3245;3407;-162
1711;Mannen en Vrouwen;34 jaar;2043;64;3246;3408;-162
1712;Mannen en Vrouwen;34 jaar;2044;62;3245;3407;-162
1713;Mannen en Vrouwen;34 jaar;2045;60;3249;3387;-138
1714;Mannen en Vrouwen;34 jaar;2046;59;3248;3374;-126
1715;Mannen en Vrouwen;34 jaar;2047;58;3252;3376;-124
1716;Mannen en Vrouwen;34 jaar;2048;57;3255;3380;-125
1717;Mannen en Vrouwen;34 jaar;2049;57;3256;3387;-131
1718;Mannen en Vrouwen;34 jaar;2050;57;3257;3394;-137
1719;Mannen en Vrouwen;34 jaar;2051;55;3261;3401;-140
1720;Mannen en Vrouwen;34 jaar;2052;55;3261;3408;-147
1721;Mannen en Vrouwen;34 jaar;2053;55;3264;3415;-151
1722;Mannen en Vrouwen;34 jaar;2054;55;3266;3421;-155
1723;Mannen en Vrouwen;34 jaar;2055;53;3266;3426;-160
1724;Mannen en Vrouwen;34 jaar;2056;53;3265;3429;-164
1725;Mannen en Vrouwen;34 jaar;2057;52;3267;3433;-166
1726;Mannen en Vrouwen;34 jaar;2058;51;3268;3438;-170
1727;Mannen en Vrouwen;34 jaar;2059;51;3271;3440;-169
1728;Mannen en Vrouwen;35 jaar;2012;106;2958;3128;-170
1729;Mannen en Vrouwen;35 jaar;2013;106;2931;3119;-188
1730;Mannen en Vrouwen;35 jaar;2014;104;2919;3086;-167
1731;Mannen en Vrouwen;35 jaar;2015;105;2958;3149;-191
1732;Mannen en Vrouwen;35 jaar;2016;102;2998;3104;-106
1733;Mannen en Vrouwen;35 jaar;2017;98;3041;3093;-52
1734;Mannen en Vrouwen;35 jaar;2018;96;3047;3114;-67
1735;Mannen en Vrouwen;35 jaar;2019;96;3035;3175;-140
1736;Mannen en Vrouwen;35 jaar;2020;96;3018;3180;-162
1737;Mannen en Vrouwen;35 jaar;2021;98;3002;3185;-183
1738;Mannen en Vrouwen;35 jaar;2022;97;2984;3179;-195
1739;Mannen en Vrouwen;35 jaar;2023;95;2985;3196;-211
1740;Mannen en Vrouwen;35 jaar;2024;94;2984;3211;-227
1741;Mannen en Vrouwen;35 jaar;2025;96;2989;3260;-271
1742;Mannen en Vrouwen;35 jaar;2026;95;2991;3260;-269
1743;Mannen en Vrouwen;35 jaar;2027;93;2997;3263;-266
1744;Mannen en Vrouwen;35 jaar;2028;91;3003;3249;-246
1745;Mannen en Vrouwen;35 jaar;2029;89;3006;3254;-248
1746;Mannen en Vrouwen;35 jaar;2030;86;3008;3228;-220
1747;Mannen en Vrouwen;35 jaar;2031;85;3012;3230;-218
1748;Mannen en Vrouwen;35 jaar;2032;84;3011;3235;-224
1749;Mannen en Vrouwen;35 jaar;2033;85;3013;3259;-246
1750;Mannen en Vrouwen;35 jaar;2034;85;3021;3267;-246
1751;Mannen en Vrouwen;35 jaar;2035;85;3021;3290;-269
1752;Mannen en Vrouwen;35 jaar;2036;82;3026;3274;-248
1753;Mannen en Vrouwen;35 jaar;2037;80;3025;3269;-244
1754;Mannen en Vrouwen;35 jaar;2038;80;3027;3266;-239
1755;Mannen en Vrouwen;35 jaar;2039;75;3030;3240;-210
1756;Mannen en Vrouwen;35 jaar;2040;73;3035;3215;-180
1757;Mannen en Vrouwen;35 jaar;2041;71;3037;3207;-170
1758;Mannen en Vrouwen;35 jaar;2042;69;3039;3195;-156
1759;Mannen en Vrouwen;35 jaar;2043;68;3041;3212;-171
1760;Mannen en Vrouwen;35 jaar;2044;68;3043;3213;-170
1761;Mannen en Vrouwen;35 jaar;2045;66;3048;3213;-165
1762;Mannen en Vrouwen;35 jaar;2046;64;3046;3194;-148
1763;Mannen en Vrouwen;35 jaar;2047;63;3051;3183;-132
1764;Mannen en Vrouwen;35 jaar;2048;61;3052;3185;-133
1765;Mannen en Vrouwen;35 jaar;2049;61;3055;3189;-134
1766;Mannen en Vrouwen;35 jaar;2050;60;3057;3196;-139
1767;Mannen en Vrouwen;35 jaar;2051;59;3058;3203;-145
1768;Mannen en Vrouwen;35 jaar;2052;59;3059;3212;-153
1769;Mannen en Vrouwen;35 jaar;2053;59;3061;3219;-158
1770;Mannen en Vrouwen;35 jaar;2054;58;3063;3226;-163
1771;Mannen en Vrouwen;35 jaar;2055;57;3064;3231;-167
1772;Mannen en Vrouwen;35 jaar;2056;57;3068;3237;-169
1773;Mannen en Vrouwen;35 jaar;2057;56;3068;3240;-172
1774;Mannen en Vrouwen;35 jaar;2058;55;3070;3243;-173
1775;Mannen en Vrouwen;35 jaar;2059;54;3068;3247;-179
1776;Mannen en Vrouwen;36 jaar;2012;117;2743;2854;-111
1777;Mannen en Vrouwen;36 jaar;2013;114;2721;2837;-116
1778;Mannen en Vrouwen;36 jaar;2014;114;2718;2843;-125
1779;Mannen en Vrouwen;36 jaar;2015;112;2748;2821;-73
1780;Mannen en Vrouwen;36 jaar;2016;113;2787;2875;-88
1781;Mannen en Vrouwen;36 jaar;2017;110;2827;2824;3
1782;Mannen en Vrouwen;36 jaar;2018;105;2830;2859;-29
1783;Mannen en Vrouwen;36 jaar;2019;103;2822;2876;-54
1784;Mannen en Vrouwen;36 jaar;2020;104;2811;2928;-117
1785;Mannen en Vrouwen;36 jaar;2021;104;2792;2929;-137
1786;Mannen en Vrouwen;36 jaar;2022;104;2777;2933;-156
1787;Mannen en Vrouwen;36 jaar;2023;104;2778;2934;-156
1788;Mannen en Vrouwen;36 jaar;2024;102;2779;2951;-172
1789;Mannen en Vrouwen;36 jaar;2025;102;2781;2965;-184
1790;Mannen en Vrouwen;36 jaar;2026;103;2783;3013;-230
1791;Mannen en Vrouwen;36 jaar;2027;102;2786;3014;-228
1792;Mannen en Vrouwen;36 jaar;2028;99;2791;3018;-227
1793;Mannen en Vrouwen;36 jaar;2029;98;2791;3005;-214
1794;Mannen en Vrouwen;36 jaar;2030;96;2799;3013;-214
1795;Mannen en Vrouwen;36 jaar;2031;93;2802;2990;-188
1796;Mannen en Vrouwen;36 jaar;2032;92;2803;2993;-190
1797;Mannen en Vrouwen;36 jaar;2033;91;2804;2999;-195
1798;Mannen en Vrouwen;36 jaar;2034;92;2807;3025;-218
1799;Mannen en Vrouwen;36 jaar;2035;91;2810;3034;-224
1800;Mannen en Vrouwen;36 jaar;2036;91;2815;3058;-243
1801;Mannen en Vrouwen;36 jaar;2037;88;2819;3045;-226
1802;Mannen en Vrouwen;36 jaar;2038;86;2821;3040;-219
1803;Mannen en Vrouwen;36 jaar;2039;85;2825;3037;-212
1804;Mannen en Vrouwen;36 jaar;2040;81;2826;3013;-187
1805;Mannen en Vrouwen;36 jaar;2041;78;2828;2990;-162
1806;Mannen en Vrouwen;36 jaar;2042;76;2831;2983;-152
1807;Mannen en Vrouwen;36 jaar;2043;74;2834;2972;-138
1808;Mannen en Vrouwen;36 jaar;2044;74;2838;2990;-152
1809;Mannen en Vrouwen;36 jaar;2045;73;2838;2990;-152
1810;Mannen en Vrouwen;36 jaar;2046;71;2840;2990;-150
1811;Mannen en Vrouwen;36 jaar;2047;69;2844;2976;-132
1812;Mannen en Vrouwen;36 jaar;2048;67;2846;2964;-118
1813;Mannen en Vrouwen;36 jaar;2049;66;2847;2967;-120
1814;Mannen en Vrouwen;36 jaar;2050;65;2850;2971;-121
1815;Mannen en Vrouwen;36 jaar;2051;64;2851;2979;-128
1816;Mannen en Vrouwen;36 jaar;2052;64;2854;2987;-133
1817;Mannen en Vrouwen;36 jaar;2053;64;2854;2994;-140
1818;Mannen en Vrouwen;36 jaar;2054;62;2857;3001;-144
1819;Mannen en Vrouwen;36 jaar;2055;62;2856;3008;-152
1820;Mannen en Vrouwen;36 jaar;2056;62;2858;3014;-156
1821;Mannen en Vrouwen;36 jaar;2057;60;2857;3020;-163
1822;Mannen en Vrouwen;36 jaar;2058;60;2859;3025;-166
1823;Mannen en Vrouwen;36 jaar;2059;60;2863;3029;-166
1824;Mannen en Vrouwen;37 jaar;2012;131;2579;2656;-77
1825;Mannen en Vrouwen;37 jaar;2013;127;2557;2570;-13
1826;Mannen en Vrouwen;37 jaar;2014;124;2554;2564;-10
1827;Mannen en Vrouwen;37 jaar;2015;124;2584;2578;6
1828;Mannen en Vrouwen;37 jaar;2016;121;2621;2555;66
1829;Mannen en Vrouwen;37 jaar;2017;123;2658;2594;64
1830;Mannen en Vrouwen;37 jaar;2018;119;2665;2592;73
1831;Mannen en Vrouwen;37 jaar;2019;114;2659;2621;38
1832;Mannen en Vrouwen;37 jaar;2020;112;2650;2631;19
1833;Mannen en Vrouwen;37 jaar;2021;113;2633;2673;-40
1834;Mannen en Vrouwen;37 jaar;2022;112;2617;2673;-56
1835;Mannen en Vrouwen;37 jaar;2023;114;2616;2685;-69
1836;Mannen en Vrouwen;37 jaar;2024;113;2619;2690;-71
1837;Mannen en Vrouwen;37 jaar;2025;110;2621;2705;-84
1838;Mannen en Vrouwen;37 jaar;2026;110;2624;2721;-97
1839;Mannen en Vrouwen;37 jaar;2027;112;2630;2764;-134
1840;Mannen en Vrouwen;37 jaar;2028;111;2635;2768;-133
1841;Mannen en Vrouwen;37 jaar;2029;108;2637;2770;-133
1842;Mannen en Vrouwen;37 jaar;2030;106;2643;2761;-118
1843;Mannen en Vrouwen;37 jaar;2031;104;2647;2768;-121
1844;Mannen en Vrouwen;37 jaar;2032;101;2650;2748;-98
1845;Mannen en Vrouwen;37 jaar;2033;100;2652;2751;-99
1846;Mannen en Vrouwen;37 jaar;2034;98;2654;2759;-105
1847;Mannen en Vrouwen;37 jaar;2035;100;2658;2784;-126
1848;Mannen en Vrouwen;37 jaar;2036;98;2663;2793;-130
1849;Mannen en Vrouwen;37 jaar;2037;98;2667;2816;-149
1850;Mannen en Vrouwen;37 jaar;2038;96;2666;2806;-140
1851;Mannen en Vrouwen;37 jaar;2039;94;2672;2800;-128
1852;Mannen en Vrouwen;37 jaar;2040;92;2677;2799;-122
1853;Mannen en Vrouwen;37 jaar;2041;88;2679;2776;-97
1854;Mannen en Vrouwen;37 jaar;2042;84;2680;2753;-73
1855;Mannen en Vrouwen;37 jaar;2043;82;2683;2749;-66
1856;Mannen en Vrouwen;37 jaar;2044;79;2685;2738;-53
1857;Mannen en Vrouwen;37 jaar;2045;80;2690;2755;-65
1858;Mannen en Vrouwen;37 jaar;2046;79;2691;2756;-65
1859;Mannen en Vrouwen;37 jaar;2047;77;2693;2757;-64
1860;Mannen en Vrouwen;37 jaar;2048;74;2694;2742;-48
1861;Mannen en Vrouwen;37 jaar;2049;72;2697;2733;-36
1862;Mannen en Vrouwen;37 jaar;2050;72;2700;2735;-35
1863;Mannen en Vrouwen;37 jaar;2051;70;2702;2740;-38
1864;Mannen en Vrouwen;37 jaar;2052;70;2704;2746;-42
1865;Mannen en Vrouwen;37 jaar;2053;69;2705;2753;-48
1866;Mannen en Vrouwen;37 jaar;2054;68;2707;2762;-55
1867;Mannen en Vrouwen;37 jaar;2055;68;2711;2769;-58
1868;Mannen en Vrouwen;37 jaar;2056;67;2711;2776;-65
1869;Mannen en Vrouwen;37 jaar;2057;66;2710;2781;-71
1870;Mannen en Vrouwen;37 jaar;2058;66;2709;2787;-78
1871;Mannen en Vrouwen;37 jaar;2059;64;2710;2791;-81
1872;Mannen en Vrouwen;38 jaar;2012;151;2446;2539;-93
1873;Mannen en Vrouwen;38 jaar;2013;142;2424;2443;-19
1874;Mannen en Vrouwen;38 jaar;2014;138;2414;2378;36
1875;Mannen en Vrouwen;38 jaar;2015;134;2445;2377;68
1876;Mannen en Vrouwen;38 jaar;2016;134;2477;2383;94
1877;Mannen en Vrouwen;38 jaar;2017;131;2515;2353;162
1878;Mannen en Vrouwen;38 jaar;2018;133;2524;2428;96
1879;Mannen en Vrouwen;38 jaar;2019;129;2518;2423;95
1880;Mannen en Vrouwen;38 jaar;2020;124;2510;2443;67
1881;Mannen en Vrouwen;38 jaar;2021;121;2497;2447;50
1882;Mannen en Vrouwen;38 jaar;2022;122;2480;2483;-3
1883;Mannen en Vrouwen;38 jaar;2023;122;2482;2489;-7
1884;Mannen en Vrouwen;38 jaar;2024;122;2482;2502;-20
1885;Mannen en Vrouwen;38 jaar;2025;122;2483;2507;-24
1886;Mannen en Vrouwen;38 jaar;2026;120;2486;2521;-35
1887;Mannen en Vrouwen;38 jaar;2027;118;2494;2535;-41
1888;Mannen en Vrouwen;38 jaar;2028;121;2497;2577;-80
1889;Mannen en Vrouwen;38 jaar;2029;119;2500;2580;-80
1890;Mannen en Vrouwen;38 jaar;2030;117;2503;2582;-79
1891;Mannen en Vrouwen;38 jaar;2031;114;2506;2574;-68
1892;Mannen en Vrouwen;38 jaar;2032;113;2507;2580;-73
1893;Mannen en Vrouwen;38 jaar;2033;109;2510;2560;-50
1894;Mannen en Vrouwen;38 jaar;2034;108;2519;2565;-46
1895;Mannen en Vrouwen;38 jaar;2035;106;2523;2572;-49
1896;Mannen en Vrouwen;38 jaar;2036;108;2526;2597;-71
1897;Mannen en Vrouwen;38 jaar;2037;106;2528;2605;-77
1898;Mannen en Vrouwen;38 jaar;2038;106;2532;2627;-95
1899;Mannen en Vrouwen;38 jaar;2039;104;2534;2616;-82
1900;Mannen en Vrouwen;38 jaar;2040;101;2540;2612;-72
1901;Mannen en Vrouwen;38 jaar;2041;99;2544;2609;-65
1902;Mannen en Vrouwen;38 jaar;2042;95;2547;2588;-41
1903;Mannen en Vrouwen;38 jaar;2043;92;2550;2566;-16
1904;Mannen en Vrouwen;38 jaar;2044;89;2551;2560;-9
1905;Mannen en Vrouwen;38 jaar;2045;87;2556;2549;7
1906;Mannen en Vrouwen;38 jaar;2046;86;2558;2565;-7
1907;Mannen en Vrouwen;38 jaar;2047;85;2559;2566;-7
1908;Mannen en Vrouwen;38 jaar;2048;83;2563;2567;-4
1909;Mannen en Vrouwen;38 jaar;2049;80;2568;2552;16
1910;Mannen en Vrouwen;38 jaar;2050;78;2568;2543;25
1911;Mannen en Vrouwen;38 jaar;2051;77;2573;2544;29
1912;Mannen en Vrouwen;38 jaar;2052;76;2572;2547;25
1913;Mannen en Vrouwen;38 jaar;2053;75;2572;2556;16
1914;Mannen en Vrouwen;38 jaar;2054;74;2574;2562;12
1915;Mannen en Vrouwen;38 jaar;2055;74;2575;2569;6
1916;Mannen en Vrouwen;38 jaar;2056;73;2576;2576;0
1917;Mannen en Vrouwen;38 jaar;2057;72;2576;2581;-5
1918;Mannen en Vrouwen;38 jaar;2058;71;2575;2586;-11
1919;Mannen en Vrouwen;38 jaar;2059;71;2575;2591;-16
1920;Mannen en Vrouwen;39 jaar;2012;172;2301;2450;-149
1921;Mannen en Vrouwen;39 jaar;2013;162;2280;2369;-89
1922;Mannen en Vrouwen;39 jaar;2014;153;2271;2292;-21
1923;Mannen en Vrouwen;39 jaar;2015;149;2299;2240;59
1924;Mannen en Vrouwen;39 jaar;2016;144;2329;2231;98
1925;Mannen en Vrouwen;39 jaar;2017;144;2364;2227;137
1926;Mannen en Vrouwen;39 jaar;2018;141;2373;2236;137
1927;Mannen en Vrouwen;39 jaar;2019;143;2371;2305;66
1928;Mannen en Vrouwen;39 jaar;2020;138;2358;2297;61
1929;Mannen en Vrouwen;39 jaar;2021;133;2347;2309;38
1930;Mannen en Vrouwen;39 jaar;2022;130;2332;2311;21
1931;Mannen en Vrouwen;39 jaar;2023;131;2338;2349;-11
1932;Mannen en Vrouwen;39 jaar;2024;131;2335;2356;-21
1933;Mannen en Vrouwen;39 jaar;2025;132;2335;2369;-34
1934;Mannen en Vrouwen;39 jaar;2026;131;2337;2375;-38
1935;Mannen en Vrouwen;39 jaar;2027;128;2343;2388;-45
1936;Mannen en Vrouwen;39 jaar;2028;128;2346;2401;-55
1937;Mannen en Vrouwen;39 jaar;2029;131;2352;2441;-89
1938;Mannen en Vrouwen;39 jaar;2030;129;2354;2444;-90
1939;Mannen en Vrouwen;39 jaar;2031;125;2359;2446;-87
1940;Mannen en Vrouwen;39 jaar;2032;122;2361;2437;-76
1941;Mannen en Vrouwen;39 jaar;2033;122;2362;2443;-81
1942;Mannen en Vrouwen;39 jaar;2034;117;2366;2425;-59
1943;Mannen en Vrouwen;39 jaar;2035;115;2367;2429;-62
1944;Mannen en Vrouwen;39 jaar;2036;113;2375;2435;-60
1945;Mannen en Vrouwen;39 jaar;2037;115;2378;2460;-82
1946;Mannen en Vrouwen;39 jaar;2038;114;2379;2468;-89
1947;Mannen en Vrouwen;39 jaar;2039;114;2382;2488;-106
1948;Mannen en Vrouwen;39 jaar;2040;111;2388;2477;-89
1949;Mannen en Vrouwen;39 jaar;2041;109;2391;2473;-82
1950;Mannen en Vrouwen;39 jaar;2042;107;2394;2469;-75
1951;Mannen en Vrouwen;39 jaar;2043;102;2399;2450;-51
1952;Mannen en Vrouwen;39 jaar;2044;98;2398;2431;-33
1953;Mannen en Vrouwen;39 jaar;2045;95;2401;2425;-24
1954;Mannen en Vrouwen;39 jaar;2046;93;2404;2415;-11
1955;Mannen en Vrouwen;39 jaar;2047;93;2406;2429;-23
1956;Mannen en Vrouwen;39 jaar;2048;91;2409;2429;-20
1957;Mannen en Vrouwen;39 jaar;2049;89;2412;2430;-18
1958;Mannen en Vrouwen;39 jaar;2050;86;2415;2416;-1
1959;Mannen en Vrouwen;39 jaar;2051;84;2418;2408;10
1960;Mannen en Vrouwen;39 jaar;2052;83;2419;2408;11
1961;Mannen en Vrouwen;39 jaar;2053;81;2421;2411;10
1962;Mannen en Vrouwen;39 jaar;2054;81;2423;2417;6
1963;Mannen en Vrouwen;39 jaar;2055;80;2423;2424;-1
1964;Mannen en Vrouwen;39 jaar;2056;79;2423;2430;-7
1965;Mannen en Vrouwen;39 jaar;2057;79;2423;2435;-12
1966;Mannen en Vrouwen;39 jaar;2058;77;2424;2440;-16
1967;Mannen en Vrouwen;39 jaar;2059;77;2424;2446;-22
1968;Mannen en Vrouwen;40 jaar;2012;203;2185;2356;-171
1969;Mannen en Vrouwen;40 jaar;2013;184;2157;2231;-74
1970;Mannen en Vrouwen;40 jaar;2014;174;2151;2171;-20
1971;Mannen en Vrouwen;40 jaar;2015;164;2176;2108;68
1972;Mannen en Vrouwen;40 jaar;2016;159;2206;2058;148
1973;Mannen en Vrouwen;40 jaar;2017;155;2241;2040;201
1974;Mannen en Vrouwen;40 jaar;2018;154;2251;2074;177
1975;Mannen en Vrouwen;40 jaar;2019;151;2249;2083;166
1976;Mannen en Vrouwen;40 jaar;2020;154;2237;2141;96
1977;Mannen en Vrouwen;40 jaar;2021;149;2228;2134;94
1978;Mannen en Vrouwen;40 jaar;2022;143;2215;2141;74
1979;Mannen en Vrouwen;40 jaar;2023;140;2221;2148;73
1980;Mannen en Vrouwen;40 jaar;2024;141;2218;2183;35
1981;Mannen en Vrouwen;40 jaar;2025;141;2220;2192;28
1982;Mannen en Vrouwen;40 jaar;2026;141;2222;2205;17
1983;Mannen en Vrouwen;40 jaar;2027;140;2222;2212;10
1984;Mannen en Vrouwen;40 jaar;2028;137;2228;2225;3
1985;Mannen en Vrouwen;40 jaar;2029;137;2235;2237;-2
1986;Mannen en Vrouwen;40 jaar;2030;140;2238;2274;-36
1987;Mannen en Vrouwen;40 jaar;2031;138;2240;2277;-37
1988;Mannen en Vrouwen;40 jaar;2032;134;2245;2280;-35
1989;Mannen en Vrouwen;40 jaar;2033;131;2246;2272;-26
1990;Mannen en Vrouwen;40 jaar;2034;129;2250;2279;-29
1991;Mannen en Vrouwen;40 jaar;2035;125;2251;2264;-13
1992;Mannen en Vrouwen;40 jaar;2036;123;2257;2267;-10
1993;Mannen en Vrouwen;40 jaar;2037;122;2261;2274;-13
1994;Mannen en Vrouwen;40 jaar;2038;123;2262;2298;-36
1995;Mannen en Vrouwen;40 jaar;2039;123;2267;2306;-39
1996;Mannen en Vrouwen;40 jaar;2040;123;2270;2324;-54
1997;Mannen en Vrouwen;40 jaar;2041;119;2272;2315;-43
1998;Mannen en Vrouwen;40 jaar;2042;116;2276;2311;-35
1999;Mannen en Vrouwen;40 jaar;2043;114;2280;2311;-31
2000;Mannen en Vrouwen;40 jaar;2044;109;2279;2292;-13
2001;Mannen en Vrouwen;40 jaar;2045;105;2283;2274;9
2002;Mannen en Vrouwen;40 jaar;2046;102;2284;2269;15
2003;Mannen en Vrouwen;40 jaar;2047;99;2286;2261;25
2004;Mannen en Vrouwen;40 jaar;2048;99;2290;2275;15
2005;Mannen en Vrouwen;40 jaar;2049;97;2294;2276;18
2006;Mannen en Vrouwen;40 jaar;2050;95;2297;2277;20
2007;Mannen en Vrouwen;40 jaar;2051;93;2299;2265;34
2008;Mannen en Vrouwen;40 jaar;2052;89;2303;2257;46
2009;Mannen en Vrouwen;40 jaar;2053;88;2303;2259;44
2010;Mannen en Vrouwen;40 jaar;2054;87;2305;2262;43
2011;Mannen en Vrouwen;40 jaar;2055;86;2305;2268;37
2012;Mannen en Vrouwen;40 jaar;2056;86;2306;2274;32
2013;Mannen en Vrouwen;40 jaar;2057;85;2305;2281;24
2014;Mannen en Vrouwen;40 jaar;2058;84;2306;2286;20
2015;Mannen en Vrouwen;40 jaar;2059;83;2307;2290;17
2016;Mannen en Vrouwen;41 jaar;2012;233;2040;2245;-205
2017;Mannen en Vrouwen;41 jaar;2013;217;2018;2158;-140
2018;Mannen en Vrouwen;41 jaar;2014;197;2007;2056;-49
2019;Mannen en Vrouwen;41 jaar;2015;187;2032;2009;23
2020;Mannen en Vrouwen;41 jaar;2016;176;2064;1948;116
2021;Mannen en Vrouwen;41 jaar;2017;171;2095;1894;201
2022;Mannen en Vrouwen;41 jaar;2018;166;2100;1913;187
2023;Mannen en Vrouwen;41 jaar;2019;166;2098;1944;154
2024;Mannen en Vrouwen;41 jaar;2020;162;2089;1949;140
2025;Mannen en Vrouwen;41 jaar;2021;165;2081;2000;81
2026;Mannen en Vrouwen;41 jaar;2022;159;2070;1989;81
2027;Mannen en Vrouwen;41 jaar;2023;153;2071;2000;71
2028;Mannen en Vrouwen;41 jaar;2024;149;2070;2007;63
2029;Mannen en Vrouwen;41 jaar;2025;150;2071;2040;31
2030;Mannen en Vrouwen;41 jaar;2026;150;2074;2049;25
2031;Mannen en Vrouwen;41 jaar;2027;151;2076;2062;14
2032;Mannen en Vrouwen;41 jaar;2028;150;2079;2069;10
2033;Mannen en Vrouwen;41 jaar;2029;148;2082;2079;3
2034;Mannen en Vrouwen;41 jaar;2030;146;2089;2091;-2
2035;Mannen en Vrouwen;41 jaar;2031;149;2091;2127;-36
2036;Mannen en Vrouwen;41 jaar;2032;147;2093;2130;-37
2037;Mannen en Vrouwen;41 jaar;2033;144;2098;2133;-35
2038;Mannen en Vrouwen;41 jaar;2034;140;2099;2127;-28
2039;Mannen en Vrouwen;41 jaar;2035;138;2102;2135;-33
2040;Mannen en Vrouwen;41 jaar;2036;134;2109;2120;-11
2041;Mannen en Vrouwen;41 jaar;2037;132;2110;2123;-13
2042;Mannen en Vrouwen;41 jaar;2038;131;2116;2131;-15
2043;Mannen en Vrouwen;41 jaar;2039;132;2117;2153;-36
2044;Mannen en Vrouwen;41 jaar;2040;131;2120;2161;-41
2045;Mannen en Vrouwen;41 jaar;2041;131;2127;2179;-52
2046;Mannen en Vrouwen;41 jaar;2042;127;2129;2171;-42
2047;Mannen en Vrouwen;41 jaar;2043;125;2131;2168;-37
2048;Mannen en Vrouwen;41 jaar;2044;122;2133;2168;-35
2049;Mannen en Vrouwen;41 jaar;2045;117;2137;2151;-14
2050;Mannen en Vrouwen;41 jaar;2046;112;2138;2134;4
2051;Mannen en Vrouwen;41 jaar;2047;109;2142;2130;12
2052;Mannen en Vrouwen;41 jaar;2048;106;2144;2123;21
2053;Mannen en Vrouwen;41 jaar;2049;105;2145;2135;10
2054;Mannen en Vrouwen;41 jaar;2050;104;2148;2136;12
2055;Mannen en Vrouwen;41 jaar;2051;102;2149;2138;11
2056;Mannen en Vrouwen;41 jaar;2052;98;2151;2127;24
2057;Mannen en Vrouwen;41 jaar;2053;96;2154;2120;34
2058;Mannen en Vrouwen;41 jaar;2054;95;2156;2122;34
2059;Mannen en Vrouwen;41 jaar;2055;93;2159;2125;34
2060;Mannen en Vrouwen;41 jaar;2056;93;2159;2131;28
2061;Mannen en Vrouwen;41 jaar;2057;91;2159;2138;21
2062;Mannen en Vrouwen;41 jaar;2058;91;2159;2144;15
2063;Mannen en Vrouwen;41 jaar;2059;89;2157;2148;9
2064;Mannen en Vrouwen;42 jaar;2012;265;1917;2204;-287
2065;Mannen en Vrouwen;42 jaar;2013;249;1900;2075;-175
2066;Mannen en Vrouwen;42 jaar;2014;232;1892;2006;-114
2067;Mannen en Vrouwen;42 jaar;2015;212;1914;1917;-3
2068;Mannen en Vrouwen;42 jaar;2016;200;1943;1869;74
2069;Mannen en Vrouwen;42 jaar;2017;188;1973;1806;167
2070;Mannen en Vrouwen;42 jaar;2018;184;1981;1789;192
2071;Mannen en Vrouwen;42 jaar;2019;179;1980;1805;175
2072;Mannen en Vrouwen;42 jaar;2020;177;1971;1830;141
2073;Mannen en Vrouwen;42 jaar;2021;174;1961;1831;130
2074;Mannen en Vrouwen;42 jaar;2022;176;1952;1877;75
2075;Mannen en Vrouwen;42 jaar;2023;170;1951;1869;82
2076;Mannen en Vrouwen;42 jaar;2024;164;1955;1878;77
2077;Mannen en Vrouwen;42 jaar;2025;160;1956;1884;72
2078;Mannen en Vrouwen;42 jaar;2026;162;1964;1915;49
2079;Mannen en Vrouwen;42 jaar;2027;161;1964;1923;41
2080;Mannen en Vrouwen;42 jaar;2028;162;1966;1935;31
2081;Mannen en Vrouwen;42 jaar;2029;161;1970;1940;30
2082;Mannen en Vrouwen;42 jaar;2030;158;1972;1950;22
2083;Mannen en Vrouwen;42 jaar;2031;157;1976;1961;15
2084;Mannen en Vrouwen;42 jaar;2032;159;1981;1994;-13
2085;Mannen en Vrouwen;42 jaar;2033;157;1984;1998;-14
2086;Mannen en Vrouwen;42 jaar;2034;154;1986;1999;-13
2087;Mannen en Vrouwen;42 jaar;2035;150;1988;1996;-8
2088;Mannen en Vrouwen;42 jaar;2036;148;1995;2002;-7
2089;Mannen en Vrouwen;42 jaar;2037;143;1996;1988;8
2090;Mannen en Vrouwen;42 jaar;2038;141;2001;1991;10
2091;Mannen en Vrouwen;42 jaar;2039;139;2002;1998;4
2092;Mannen en Vrouwen;42 jaar;2040;141;2004;2019;-15
2093;Mannen en Vrouwen;42 jaar;2041;140;2008;2027;-19
2094;Mannen en Vrouwen;42 jaar;2042;140;2009;2044;-35
2095;Mannen en Vrouwen;42 jaar;2043;136;2013;2037;-24
2096;Mannen en Vrouwen;42 jaar;2044;133;2014;2034;-20
2097;Mannen en Vrouwen;42 jaar;2045;131;2017;2033;-16
2098;Mannen en Vrouwen;42 jaar;2046;125;2020;2017;3
2099;Mannen en Vrouwen;42 jaar;2047;120;2025;2002;23
2100;Mannen en Vrouwen;42 jaar;2048;117;2027;1997;30
2101;Mannen en Vrouwen;42 jaar;2049;113;2027;1990;37
2102;Mannen en Vrouwen;42 jaar;2050;113;2028;2002;26
2103;Mannen en Vrouwen;42 jaar;2051;111;2030;2003;27
2104;Mannen en Vrouwen;42 jaar;2052;109;2032;2003;29
2105;Mannen en Vrouwen;42 jaar;2053;106;2036;1993;43
2106;Mannen en Vrouwen;42 jaar;2054;102;2038;1987;51
2107;Mannen en Vrouwen;42 jaar;2055;101;2040;1987;53
2108;Mannen en Vrouwen;42 jaar;2056;100;2042;1991;51
2109;Mannen en Vrouwen;42 jaar;2057;99;2043;1996;47
2110;Mannen en Vrouwen;42 jaar;2058;98;2041;2001;40
2111;Mannen en Vrouwen;42 jaar;2059;97;2042;2008;34
2112;Mannen en Vrouwen;43 jaar;2012;298;1777;2070;-293
2113;Mannen en Vrouwen;43 jaar;2013;286;1760;2037;-277
2114;Mannen en Vrouwen;43 jaar;2014;268;1752;1932;-180
2115;Mannen en Vrouwen;43 jaar;2015;250;1775;1878;-103
2116;Mannen en Vrouwen;43 jaar;2016;227;1800;1788;12
2117;Mannen en Vrouwen;43 jaar;2017;216;1825;1737;88
2118;Mannen en Vrouwen;43 jaar;2018;203;1834;1711;123
2119;Mannen en Vrouwen;43 jaar;2019;197;1828;1698;130
2120;Mannen en Vrouwen;43 jaar;2020;192;1823;1709;114
2121;Mannen en Vrouwen;43 jaar;2021;191;1814;1730;84
2122;Mannen en Vrouwen;43 jaar;2022;187;1803;1730;73
2123;Mannen en Vrouwen;43 jaar;2023;190;1805;1775;30
2124;Mannen en Vrouwen;43 jaar;2024;183;1808;1769;39
2125;Mannen en Vrouwen;43 jaar;2025;176;1812;1777;35
2126;Mannen en Vrouwen;43 jaar;2026;172;1817;1783;34
2127;Mannen en Vrouwen;43 jaar;2027;173;1823;1811;12
2128;Mannen en Vrouwen;43 jaar;2028;173;1821;1820;1
2129;Mannen en Vrouwen;43 jaar;2029;174;1824;1832;-8
2130;Mannen en Vrouwen;43 jaar;2030;172;1826;1838;-12
2131;Mannen en Vrouwen;43 jaar;2031;169;1829;1848;-19
2132;Mannen en Vrouwen;43 jaar;2032;169;1834;1858;-24
2133;Mannen en Vrouwen;43 jaar;2033;172;1838;1890;-52
2134;Mannen en Vrouwen;43 jaar;2034;168;1842;1892;-50
2135;Mannen en Vrouwen;43 jaar;2035;164;1846;1895;-49
2136;Mannen en Vrouwen;43 jaar;2036;161;1848;1891;-43
2137;Mannen en Vrouwen;43 jaar;2037;159;1851;1897;-46
2138;Mannen en Vrouwen;43 jaar;2038;153;1855;1885;-30
2139;Mannen en Vrouwen;43 jaar;2039;151;1856;1889;-33
2140;Mannen en Vrouwen;43 jaar;2040;150;1858;1896;-38
2141;Mannen en Vrouwen;43 jaar;2041;151;1862;1915;-53
2142;Mannen en Vrouwen;43 jaar;2042;149;1864;1923;-59
2143;Mannen en Vrouwen;43 jaar;2043;150;1866;1940;-74
2144;Mannen en Vrouwen;43 jaar;2044;146;1868;1933;-65
2145;Mannen en Vrouwen;43 jaar;2045;142;1873;1930;-57
2146;Mannen en Vrouwen;43 jaar;2046;140;1873;1929;-56
2147;Mannen en Vrouwen;43 jaar;2047;133;1874;1916;-42
2148;Mannen en Vrouwen;43 jaar;2048;129;1877;1901;-24
2149;Mannen en Vrouwen;43 jaar;2049;125;1882;1897;-15
2150;Mannen en Vrouwen;43 jaar;2050;121;1882;1890;-8
2151;Mannen en Vrouwen;43 jaar;2051;121;1884;1902;-18
2152;Mannen en Vrouwen;43 jaar;2052;119;1884;1902;-18
2153;Mannen en Vrouwen;43 jaar;2053;116;1886;1905;-19
2154;Mannen en Vrouwen;43 jaar;2054;112;1888;1895;-7
2155;Mannen en Vrouwen;43 jaar;2055;109;1889;1889;0
2156;Mannen en Vrouwen;43 jaar;2056;107;1890;1890;0
2157;Mannen en Vrouwen;43 jaar;2057;106;1892;1893;-1
2158;Mannen en Vrouwen;43 jaar;2058;105;1892;1899;-7
2159;Mannen en Vrouwen;43 jaar;2059;104;1891;1903;-12
2160;Mannen en Vrouwen;44 jaar;2012;317;1641;1944;-303
2161;Mannen en Vrouwen;44 jaar;2013;325;1628;1925;-297
2162;Mannen en Vrouwen;44 jaar;2014;311;1620;1902;-282
2163;Mannen en Vrouwen;44 jaar;2015;292;1642;1814;-172
2164;Mannen en Vrouwen;44 jaar;2016;272;1667;1754;-87
2165;Mannen en Vrouwen;44 jaar;2017;247;1692;1665;27
2166;Mannen en Vrouwen;44 jaar;2018;234;1698;1649;49
2167;Mannen en Vrouwen;44 jaar;2019;221;1697;1623;74
2168;Mannen en Vrouwen;44 jaar;2020;215;1688;1609;79
2169;Mannen en Vrouwen;44 jaar;2021;208;1682;1620;62
2170;Mannen en Vrouwen;44 jaar;2022;208;1671;1636;35
2171;Mannen en Vrouwen;44 jaar;2023;202;1671;1640;31
2172;Mannen en Vrouwen;44 jaar;2024;205;1675;1681;-6
2173;Mannen en Vrouwen;44 jaar;2025;199;1672;1676;-4
2174;Mannen en Vrouwen;44 jaar;2026;190;1674;1682;-8
2175;Mannen en Vrouwen;44 jaar;2027;186;1682;1688;-6
2176;Mannen en Vrouwen;44 jaar;2028;188;1684;1715;-31
2177;Mannen en Vrouwen;44 jaar;2029;187;1687;1724;-37
2178;Mannen en Vrouwen;44 jaar;2030;188;1691;1738;-47
2179;Mannen en Vrouwen;44 jaar;2031;186;1689;1742;-53
2180;Mannen en Vrouwen;44 jaar;2032;182;1694;1751;-57
2181;Mannen en Vrouwen;44 jaar;2033;182;1699;1762;-63
2182;Mannen en Vrouwen;44 jaar;2034;185;1700;1792;-92
2183;Mannen en Vrouwen;44 jaar;2035;181;1704;1796;-92
2184;Mannen en Vrouwen;44 jaar;2036;177;1708;1799;-91
2185;Mannen en Vrouwen;44 jaar;2037;174;1709;1794;-85
2186;Mannen en Vrouwen;44 jaar;2038;171;1710;1801;-91
2187;Mannen en Vrouwen;44 jaar;2039;164;1715;1789;-74
2188;Mannen en Vrouwen;44 jaar;2040;162;1720;1794;-74
2189;Mannen en Vrouwen;44 jaar;2041;160;1724;1799;-75
2190;Mannen en Vrouwen;44 jaar;2042;162;1725;1819;-94
2191;Mannen en Vrouwen;44 jaar;2043;160;1728;1827;-99
2192;Mannen en Vrouwen;44 jaar;2044;160;1731;1843;-112
2193;Mannen en Vrouwen;44 jaar;2045;156;1731;1837;-106
2194;Mannen en Vrouwen;44 jaar;2046;152;1734;1835;-101
2195;Mannen en Vrouwen;44 jaar;2047;149;1736;1835;-99
2196;Mannen en Vrouwen;44 jaar;2048;143;1738;1821;-83
2197;Mannen en Vrouwen;44 jaar;2049;137;1738;1808;-70
2198;Mannen en Vrouwen;44 jaar;2050;134;1741;1805;-64
2199;Mannen en Vrouwen;44 jaar;2051;129;1742;1799;-57
2200;Mannen en Vrouwen;44 jaar;2052;129;1743;1810;-67
2201;Mannen en Vrouwen;44 jaar;2053;127;1744;1811;-67
2202;Mannen en Vrouwen;44 jaar;2054;123;1748;1813;-65
2203;Mannen en Vrouwen;44 jaar;2055;119;1748;1804;-56
2204;Mannen en Vrouwen;44 jaar;2056;117;1749;1799;-50
2205;Mannen en Vrouwen;44 jaar;2057;115;1751;1801;-50
2206;Mannen en Vrouwen;44 jaar;2058;113;1750;1803;-53
2207;Mannen en Vrouwen;44 jaar;2059;112;1751;1808;-57
2208;Mannen en Vrouwen;45 jaar;2012;351;1542;1765;-223
2209;Mannen en Vrouwen;45 jaar;2013;347;1527;1778;-251
2210;Mannen en Vrouwen;45 jaar;2014;355;1524;1773;-249
2211;Mannen en Vrouwen;45 jaar;2015;340;1543;1756;-213
2212;Mannen en Vrouwen;45 jaar;2016;319;1565;1671;-106
2213;Mannen en Vrouwen;45 jaar;2017;298;1593;1606;-13
2214;Mannen en Vrouwen;45 jaar;2018;270;1596;1553;43
2215;Mannen en Vrouwen;45 jaar;2019;256;1592;1537;55
2216;Mannen en Vrouwen;45 jaar;2020;241;1590;1510;80
2217;Mannen en Vrouwen;45 jaar;2021;235;1581;1494;87
2218;Mannen en Vrouwen;45 jaar;2022;228;1569;1502;67
2219;Mannen en Vrouwen;45 jaar;2023;226;1574;1520;54
2220;Mannen en Vrouwen;45 jaar;2024;221;1574;1522;52
2221;Mannen en Vrouwen;45 jaar;2025;224;1575;1560;15
2222;Mannen en Vrouwen;45 jaar;2026;217;1578;1555;23
2223;Mannen en Vrouwen;45 jaar;2027;207;1584;1558;26
2224;Mannen en Vrouwen;45 jaar;2028;203;1586;1564;22
2225;Mannen en Vrouwen;45 jaar;2029;204;1592;1588;4
2226;Mannen en Vrouwen;45 jaar;2030;203;1595;1596;-1
2227;Mannen en Vrouwen;45 jaar;2031;204;1599;1609;-10
2228;Mannen en Vrouwen;45 jaar;2032;201;1601;1614;-13
2229;Mannen en Vrouwen;45 jaar;2033;198;1603;1622;-19
2230;Mannen en Vrouwen;45 jaar;2034;196;1605;1631;-26
2231;Mannen en Vrouwen;45 jaar;2035;200;1609;1660;-51
2232;Mannen en Vrouwen;45 jaar;2036;197;1611;1662;-51
2233;Mannen en Vrouwen;45 jaar;2037;192;1614;1665;-51
2234;Mannen en Vrouwen;45 jaar;2038;187;1616;1661;-45
2235;Mannen en Vrouwen;45 jaar;2039;185;1619;1667;-48
2236;Mannen en Vrouwen;45 jaar;2040;178;1623;1655;-32
2237;Mannen en Vrouwen;45 jaar;2041;175;1626;1660;-34
2238;Mannen en Vrouwen;45 jaar;2042;173;1628;1665;-37
2239;Mannen en Vrouwen;45 jaar;2043;175;1629;1685;-56
2240;Mannen en Vrouwen;45 jaar;2044;173;1630;1691;-61
2241;Mannen en Vrouwen;45 jaar;2045;173;1634;1706;-72
2242;Mannen en Vrouwen;45 jaar;2046;168;1637;1699;-62
2243;Mannen en Vrouwen;45 jaar;2047;164;1639;1698;-59
2244;Mannen en Vrouwen;45 jaar;2048;160;1639;1698;-59
2245;Mannen en Vrouwen;45 jaar;2049;153;1641;1685;-44
2246;Mannen en Vrouwen;45 jaar;2050;147;1642;1673;-31
2247;Mannen en Vrouwen;45 jaar;2051;143;1644;1670;-26
2248;Mannen en Vrouwen;45 jaar;2052;138;1644;1665;-21
2249;Mannen en Vrouwen;45 jaar;2053;138;1647;1675;-28
2250;Mannen en Vrouwen;45 jaar;2054;136;1647;1676;-29
2251;Mannen en Vrouwen;45 jaar;2055;133;1650;1679;-29
2252;Mannen en Vrouwen;45 jaar;2056;128;1651;1671;-20
2253;Mannen en Vrouwen;45 jaar;2057;125;1650;1665;-15
2254;Mannen en Vrouwen;45 jaar;2058;123;1652;1666;-14
2255;Mannen en Vrouwen;45 jaar;2059;121;1652;1669;-17
2256;Mannen en Vrouwen;46 jaar;2012;397;1439;1729;-290
2257;Mannen en Vrouwen;46 jaar;2013;386;1426;1674;-248
2258;Mannen en Vrouwen;46 jaar;2014;381;1420;1695;-275
2259;Mannen en Vrouwen;46 jaar;2015;389;1438;1696;-258
2260;Mannen en Vrouwen;46 jaar;2016;372;1455;1673;-218
2261;Mannen en Vrouwen;46 jaar;2017;350;1483;1581;-98
2262;Mannen en Vrouwen;46 jaar;2018;327;1489;1553;-64
2263;Mannen en Vrouwen;46 jaar;2019;297;1488;1500;-12
2264;Mannen en Vrouwen;46 jaar;2020;280;1481;1484;-3
2265;Mannen en Vrouwen;46 jaar;2021;263;1474;1453;21
2266;Mannen en Vrouwen;46 jaar;2022;256;1465;1438;27
2267;Mannen en Vrouwen;46 jaar;2023;249;1465;1447;18
2268;Mannen en Vrouwen;46 jaar;2024;247;1468;1463;5
2269;Mannen en Vrouwen;46 jaar;2025;241;1469;1466;3
2270;Mannen en Vrouwen;46 jaar;2026;244;1470;1502;-32
2271;Mannen en Vrouwen;46 jaar;2027;236;1474;1497;-23
2272;Mannen en Vrouwen;46 jaar;2028;226;1477;1500;-23
2273;Mannen en Vrouwen;46 jaar;2029;220;1481;1505;-24
2274;Mannen en Vrouwen;46 jaar;2030;221;1484;1529;-45
2275;Mannen en Vrouwen;46 jaar;2031;221;1490;1537;-47
2276;Mannen en Vrouwen;46 jaar;2032;221;1489;1549;-60
2277;Mannen en Vrouwen;46 jaar;2033;219;1492;1554;-62
2278;Mannen en Vrouwen;46 jaar;2034;215;1495;1561;-66
2279;Mannen en Vrouwen;46 jaar;2035;213;1496;1570;-74
2280;Mannen en Vrouwen;46 jaar;2036;217;1500;1596;-96
2281;Mannen en Vrouwen;46 jaar;2037;213;1503;1600;-97
2282;Mannen en Vrouwen;46 jaar;2038;207;1506;1602;-96
2283;Mannen en Vrouwen;46 jaar;2039;203;1509;1598;-89
2284;Mannen en Vrouwen;46 jaar;2040;200;1512;1604;-92
2285;Mannen en Vrouwen;46 jaar;2041;192;1513;1594;-81
2286;Mannen en Vrouwen;46 jaar;2042;189;1515;1597;-82
2287;Mannen en Vrouwen;46 jaar;2043;187;1516;1602;-86
2288;Mannen en Vrouwen;46 jaar;2044;189;1518;1621;-103
2289;Mannen en Vrouwen;46 jaar;2045;187;1520;1626;-106
2290;Mannen en Vrouwen;46 jaar;2046;186;1521;1642;-121
2291;Mannen en Vrouwen;46 jaar;2047;182;1524;1636;-112
2292;Mannen en Vrouwen;46 jaar;2048;176;1528;1634;-106
2293;Mannen en Vrouwen;46 jaar;2049;173;1531;1634;-103
2294;Mannen en Vrouwen;46 jaar;2050;165;1531;1622;-91
2295;Mannen en Vrouwen;46 jaar;2051;158;1535;1610;-75
2296;Mannen en Vrouwen;46 jaar;2052;154;1535;1608;-73
2297;Mannen en Vrouwen;46 jaar;2053;149;1538;1603;-65
2298;Mannen en Vrouwen;46 jaar;2054;149;1538;1613;-75
2299;Mannen en Vrouwen;46 jaar;2055;146;1539;1614;-75
2300;Mannen en Vrouwen;46 jaar;2056;143;1540;1615;-75
2301;Mannen en Vrouwen;46 jaar;2057;138;1539;1608;-69
2302;Mannen en Vrouwen;46 jaar;2058;134;1538;1602;-64
2303;Mannen en Vrouwen;46 jaar;2059;132;1540;1604;-64
2304;Mannen en Vrouwen;47 jaar;2012;453;1342;1696;-354
2305;Mannen en Vrouwen;47 jaar;2013;436;1330;1627;-297
2306;Mannen en Vrouwen;47 jaar;2014;423;1324;1588;-264
2307;Mannen en Vrouwen;47 jaar;2015;418;1342;1612;-270
2308;Mannen en Vrouwen;47 jaar;2016;427;1362;1609;-247
2309;Mannen en Vrouwen;47 jaar;2017;409;1381;1580;-199
2310;Mannen en Vrouwen;47 jaar;2018;383;1391;1523;-132
2311;Mannen en Vrouwen;47 jaar;2019;358;1393;1497;-104
2312;Mannen en Vrouwen;47 jaar;2020;325;1384;1445;-61
2313;Mannen en Vrouwen;47 jaar;2021;307;1378;1428;-50
2314;Mannen en Vrouwen;47 jaar;2022;289;1371;1397;-26
2315;Mannen en Vrouwen;47 jaar;2023;281;1373;1384;-11
2316;Mannen en Vrouwen;47 jaar;2024;272;1374;1392;-18
2317;Mannen en Vrouwen;47 jaar;2025;270;1378;1409;-31
2318;Mannen en Vrouwen;47 jaar;2026;263;1379;1413;-34
2319;Mannen en Vrouwen;47 jaar;2027;266;1381;1446;-65
2320;Mannen en Vrouwen;47 jaar;2028;257;1384;1441;-57
2321;Mannen en Vrouwen;47 jaar;2029;246;1386;1446;-60
2322;Mannen en Vrouwen;47 jaar;2030;240;1389;1449;-60
2323;Mannen en Vrouwen;47 jaar;2031;241;1387;1472;-85
2324;Mannen en Vrouwen;47 jaar;2032;240;1392;1480;-88
2325;Mannen en Vrouwen;47 jaar;2033;241;1395;1491;-96
2326;Mannen en Vrouwen;47 jaar;2034;239;1401;1496;-95
2327;Mannen en Vrouwen;47 jaar;2035;234;1401;1502;-101
2328;Mannen en Vrouwen;47 jaar;2036;232;1405;1512;-107
2329;Mannen en Vrouwen;47 jaar;2037;236;1410;1536;-126
2330;Mannen en Vrouwen;47 jaar;2038;232;1412;1539;-127
2331;Mannen en Vrouwen;47 jaar;2039;226;1415;1541;-126
2332;Mannen en Vrouwen;47 jaar;2040;221;1417;1537;-120
2333;Mannen en Vrouwen;47 jaar;2041;217;1418;1543;-125
2334;Mannen en Vrouwen;47 jaar;2042;209;1420;1534;-114
2335;Mannen en Vrouwen;47 jaar;2043;205;1421;1536;-115
2336;Mannen en Vrouwen;47 jaar;2044;202;1423;1542;-119
2337;Mannen en Vrouwen;47 jaar;2045;203;1425;1558;-133
2338;Mannen en Vrouwen;47 jaar;2046;201;1427;1564;-137
2339;Mannen en Vrouwen;47 jaar;2047;201;1432;1577;-145
2340;Mannen en Vrouwen;47 jaar;2048;195;1432;1573;-141
2341;Mannen en Vrouwen;47 jaar;2049;191;1436;1572;-136
2342;Mannen en Vrouwen;47 jaar;2050;186;1436;1570;-134
2343;Mannen en Vrouwen;47 jaar;2051;179;1440;1560;-120
2344;Mannen en Vrouwen;47 jaar;2052;171;1439;1550;-111
2345;Mannen en Vrouwen;47 jaar;2053;166;1440;1547;-107
2346;Mannen en Vrouwen;47 jaar;2054;161;1441;1542;-101
2347;Mannen en Vrouwen;47 jaar;2055;160;1442;1552;-110
2348;Mannen en Vrouwen;47 jaar;2056;157;1444;1552;-108
2349;Mannen en Vrouwen;47 jaar;2057;153;1443;1553;-110
2350;Mannen en Vrouwen;47 jaar;2058;148;1443;1546;-103
2351;Mannen en Vrouwen;47 jaar;2059;144;1443;1542;-99
2352;Mannen en Vrouwen;48 jaar;2012;516;1206;1611;-405
2353;Mannen en Vrouwen;48 jaar;2013;495;1201;1563;-362
2354;Mannen en Vrouwen;48 jaar;2014;476;1196;1511;-315
2355;Mannen en Vrouwen;48 jaar;2015;463;1208;1484;-276
2356;Mannen en Vrouwen;48 jaar;2016;456;1228;1498;-270
2357;Mannen en Vrouwen;48 jaar;2017;465;1248;1488;-240
2358;Mannen en Vrouwen;48 jaar;2018;445;1251;1491;-240
2359;Mannen en Vrouwen;48 jaar;2019;417;1256;1441;-185
2360;Mannen en Vrouwen;48 jaar;2020;390;1248;1415;-167
2361;Mannen en Vrouwen;48 jaar;2021;354;1241;1366;-125
2362;Mannen en Vrouwen;48 jaar;2022;334;1236;1348;-112
2363;Mannen en Vrouwen;48 jaar;2023;314;1236;1323;-87
2364;Mannen en Vrouwen;48 jaar;2024;305;1242;1311;-69
2365;Mannen en Vrouwen;48 jaar;2025;296;1246;1321;-75
2366;Mannen en Vrouwen;48 jaar;2026;293;1249;1337;-88
2367;Mannen en Vrouwen;48 jaar;2027;286;1247;1340;-93
2368;Mannen en Vrouwen;48 jaar;2028;289;1247;1372;-125
2369;Mannen en Vrouwen;48 jaar;2029;279;1249;1368;-119
2370;Mannen en Vrouwen;48 jaar;2030;267;1253;1372;-119
2371;Mannen en Vrouwen;48 jaar;2031;261;1254;1376;-122
2372;Mannen en Vrouwen;48 jaar;2032;262;1261;1397;-136
2373;Mannen en Vrouwen;48 jaar;2033;260;1261;1405;-144
2374;Mannen en Vrouwen;48 jaar;2034;262;1262;1416;-154
2375;Mannen en Vrouwen;48 jaar;2035;258;1264;1421;-157
2376;Mannen en Vrouwen;48 jaar;2036;253;1266;1428;-162
2377;Mannen en Vrouwen;48 jaar;2037;251;1271;1437;-166
2378;Mannen en Vrouwen;48 jaar;2038;255;1274;1460;-186
2379;Mannen en Vrouwen;48 jaar;2039;250;1275;1464;-189
2380;Mannen en Vrouwen;48 jaar;2040;243;1279;1465;-186
2381;Mannen en Vrouwen;48 jaar;2041;238;1279;1462;-183
2382;Mannen en Vrouwen;48 jaar;2042;234;1282;1468;-186
2383;Mannen en Vrouwen;48 jaar;2043;225;1286;1459;-173
2384;Mannen en Vrouwen;48 jaar;2044;221;1286;1462;-176
2385;Mannen en Vrouwen;48 jaar;2045;218;1287;1467;-180
2386;Mannen en Vrouwen;48 jaar;2046;220;1289;1484;-195
2387;Mannen en Vrouwen;48 jaar;2047;218;1292;1489;-197
2388;Mannen en Vrouwen;48 jaar;2048;218;1291;1502;-211
2389;Mannen en Vrouwen;48 jaar;2049;211;1292;1498;-206
2390;Mannen en Vrouwen;48 jaar;2050;205;1295;1497;-202
2391;Mannen en Vrouwen;48 jaar;2051;201;1297;1497;-200
2392;Mannen en Vrouwen;48 jaar;2052;192;1299;1487;-188
2393;Mannen en Vrouwen;48 jaar;2053;184;1298;1478;-180
2394;Mannen en Vrouwen;48 jaar;2054;179;1300;1476;-176
2395;Mannen en Vrouwen;48 jaar;2055;173;1301;1472;-171
2396;Mannen en Vrouwen;48 jaar;2056;172;1300;1482;-182
2397;Mannen en Vrouwen;48 jaar;2057;169;1301;1483;-182
2398;Mannen en Vrouwen;48 jaar;2058;165;1300;1485;-185
2399;Mannen en Vrouwen;48 jaar;2059;159;1301;1478;-177
2400;Mannen en Vrouwen;49 jaar;2012;562;1118;1448;-330
2401;Mannen en Vrouwen;49 jaar;2013;559;1112;1474;-362
2402;Mannen en Vrouwen;49 jaar;2014;536;1112;1440;-328
2403;Mannen en Vrouwen;49 jaar;2015;516;1122;1401;-279
2404;Mannen en Vrouwen;49 jaar;2016;501;1139;1378;-239
2405;Mannen en Vrouwen;49 jaar;2017;494;1159;1381;-222
2406;Mannen en Vrouwen;49 jaar;2018;504;1165;1403;-238
2407;Mannen en Vrouwen;49 jaar;2019;482;1164;1406;-242
2408;Mannen en Vrouwen;49 jaar;2020;451;1161;1362;-201
2409;Mannen en Vrouwen;49 jaar;2021;422;1156;1338;-182
2410;Mannen en Vrouwen;49 jaar;2022;383;1150;1293;-143
2411;Mannen en Vrouwen;49 jaar;2023;362;1148;1279;-131
2412;Mannen en Vrouwen;49 jaar;2024;339;1151;1259;-108
2413;Mannen en Vrouwen;49 jaar;2025;330;1155;1251;-96
2414;Mannen en Vrouwen;49 jaar;2026;320;1158;1261;-103
2415;Mannen en Vrouwen;49 jaar;2027;316;1162;1278;-116
2416;Mannen en Vrouwen;49 jaar;2028;309;1160;1282;-122
2417;Mannen en Vrouwen;49 jaar;2029;312;1163;1313;-150
2418;Mannen en Vrouwen;49 jaar;2030;302;1163;1312;-149
2419;Mannen en Vrouwen;49 jaar;2031;288;1169;1316;-147
2420;Mannen en Vrouwen;49 jaar;2032;281;1172;1322;-150
2421;Mannen en Vrouwen;49 jaar;2033;282;1174;1343;-169
2422;Mannen en Vrouwen;49 jaar;2034;280;1176;1352;-176
2423;Mannen en Vrouwen;49 jaar;2035;281;1177;1364;-187
2424;Mannen en Vrouwen;49 jaar;2036;279;1181;1372;-191
2425;Mannen en Vrouwen;49 jaar;2037;272;1182;1379;-197
2426;Mannen en Vrouwen;49 jaar;2038;270;1183;1390;-207
2427;Mannen en Vrouwen;49 jaar;2039;274;1185;1413;-228
2428;Mannen en Vrouwen;49 jaar;2040;269;1187;1417;-230
2429;Mannen en Vrouwen;49 jaar;2041;262;1189;1421;-232
2430;Mannen en Vrouwen;49 jaar;2042;255;1192;1419;-227
2431;Mannen en Vrouwen;49 jaar;2043;251;1193;1425;-232
2432;Mannen en Vrouwen;49 jaar;2044;242;1195;1418;-223
2433;Mannen en Vrouwen;49 jaar;2045;238;1195;1421;-226
2434;Mannen en Vrouwen;49 jaar;2046;235;1199;1429;-230
2435;Mannen en Vrouwen;49 jaar;2047;236;1204;1445;-241
2436;Mannen en Vrouwen;49 jaar;2048;233;1204;1453;-249
2437;Mannen en Vrouwen;49 jaar;2049;233;1206;1466;-260
2438;Mannen en Vrouwen;49 jaar;2050;226;1206;1463;-257
2439;Mannen en Vrouwen;49 jaar;2051;220;1209;1462;-253
2440;Mannen en Vrouwen;49 jaar;2052;215;1208;1463;-255
2441;Mannen en Vrouwen;49 jaar;2053;206;1209;1455;-246
2442;Mannen en Vrouwen;49 jaar;2054;197;1209;1445;-236
2443;Mannen en Vrouwen;49 jaar;2055;192;1211;1444;-233
2444;Mannen en Vrouwen;49 jaar;2056;185;1212;1440;-228
2445;Mannen en Vrouwen;49 jaar;2057;184;1214;1450;-236
2446;Mannen en Vrouwen;49 jaar;2058;181;1212;1452;-240
2447;Mannen en Vrouwen;49 jaar;2059;177;1213;1454;-241
2448;Mannen en Vrouwen;50 jaar;2012;612;1038;1369;-331
2449;Mannen en Vrouwen;50 jaar;2013;608;1029;1368;-339
2450;Mannen en Vrouwen;50 jaar;2014;603;1029;1399;-370
2451;Mannen en Vrouwen;50 jaar;2015;579;1039;1374;-335
2452;Mannen en Vrouwen;50 jaar;2016;557;1056;1334;-278
2453;Mannen en Vrouwen;50 jaar;2017;541;1076;1306;-230
2454;Mannen en Vrouwen;50 jaar;2018;533;1079;1335;-256
2455;Mannen en Vrouwen;50 jaar;2019;544;1081;1354;-273
2456;Mannen en Vrouwen;50 jaar;2020;521;1075;1359;-284
2457;Mannen en Vrouwen;50 jaar;2021;488;1070;1317;-247
2458;Mannen en Vrouwen;50 jaar;2022;455;1064;1295;-231
2459;Mannen en Vrouwen;50 jaar;2023;412;1064;1254;-190
2460;Mannen en Vrouwen;50 jaar;2024;389;1065;1243;-178
2461;Mannen en Vrouwen;50 jaar;2025;366;1070;1225;-155
2462;Mannen en Vrouwen;50 jaar;2026;356;1072;1220;-148
2463;Mannen en Vrouwen;50 jaar;2027;344;1077;1229;-152
2464;Mannen en Vrouwen;50 jaar;2028;341;1075;1246;-171
2465;Mannen en Vrouwen;50 jaar;2029;333;1080;1252;-172
2466;Mannen en Vrouwen;50 jaar;2030;336;1080;1282;-202
2467;Mannen en Vrouwen;50 jaar;2031;324;1081;1282;-201
2468;Mannen en Vrouwen;50 jaar;2032;310;1080;1287;-207
2469;Mannen en Vrouwen;50 jaar;2033;302;1084;1292;-208
2470;Mannen en Vrouwen;50 jaar;2034;303;1088;1314;-226
2471;Mannen en Vrouwen;50 jaar;2035;301;1091;1324;-233
2472;Mannen en Vrouwen;50 jaar;2036;303;1092;1336;-244
2473;Mannen en Vrouwen;50 jaar;2037;299;1091;1343;-252
2474;Mannen en Vrouwen;50 jaar;2038;293;1096;1352;-256
2475;Mannen en Vrouwen;50 jaar;2039;290;1095;1362;-267
2476;Mannen en Vrouwen;50 jaar;2040;295;1100;1387;-287
2477;Mannen en Vrouwen;50 jaar;2041;289;1103;1390;-287
2478;Mannen en Vrouwen;50 jaar;2042;281;1105;1395;-290
2479;Mannen en Vrouwen;50 jaar;2043;274;1106;1393;-287
2480;Mannen en Vrouwen;50 jaar;2044;270;1112;1401;-289
2481;Mannen en Vrouwen;50 jaar;2045;260;1113;1395;-282
2482;Mannen en Vrouwen;50 jaar;2046;255;1113;1399;-286
2483;Mannen en Vrouwen;50 jaar;2047;251;1116;1407;-291
2484;Mannen en Vrouwen;50 jaar;2048;253;1118;1424;-306
2485;Mannen en Vrouwen;50 jaar;2049;250;1120;1431;-311
2486;Mannen en Vrouwen;50 jaar;2050;249;1119;1445;-326
2487;Mannen en Vrouwen;50 jaar;2051;242;1119;1442;-323
2488;Mannen en Vrouwen;50 jaar;2052;236;1120;1443;-323
2489;Mannen en Vrouwen;50 jaar;2053;231;1123;1445;-322
2490;Mannen en Vrouwen;50 jaar;2054;220;1124;1436;-312
2491;Mannen en Vrouwen;50 jaar;2055;211;1124;1428;-304
2492;Mannen en Vrouwen;50 jaar;2056;206;1123;1427;-304
2493;Mannen en Vrouwen;50 jaar;2057;199;1123;1424;-301
2494;Mannen en Vrouwen;50 jaar;2058;198;1124;1432;-308
2495;Mannen en Vrouwen;50 jaar;2059;193;1124;1435;-311
2496;Mannen en Vrouwen;51 jaar;2012;670;962;1281;-319
2497;Mannen en Vrouwen;51 jaar;2013;661;958;1290;-332
2498;Mannen en Vrouwen;51 jaar;2014;656;955;1298;-343
2499;Mannen en Vrouwen;51 jaar;2015;650;968;1330;-362
2500;Mannen en Vrouwen;51 jaar;2016;624;979;1303;-324
2501;Mannen en Vrouwen;51 jaar;2017;600;996;1259;-263
2502;Mannen en Vrouwen;51 jaar;2018;582;1002;1259;-257
2503;Mannen en Vrouwen;51 jaar;2019;575;1003;1285;-282
2504;Mannen en Vrouwen;51 jaar;2020;586;1000;1306;-306
2505;Mannen en Vrouwen;51 jaar;2021;560;993;1306;-313
2506;Mannen en Vrouwen;51 jaar;2022;524;991;1266;-275
2507;Mannen en Vrouwen;51 jaar;2023;490;992;1246;-254
2508;Mannen en Vrouwen;51 jaar;2024;443;992;1206;-214
2509;Mannen en Vrouwen;51 jaar;2025;419;995;1195;-200
2510;Mannen en Vrouwen;51 jaar;2026;394;998;1179;-181
2511;Mannen en Vrouwen;51 jaar;2027;383;1000;1172;-172
2512;Mannen en Vrouwen;51 jaar;2028;370;1006;1181;-175
2513;Mannen en Vrouwen;51 jaar;2029;367;1005;1197;-192
2514;Mannen en Vrouwen;51 jaar;2030;357;1007;1203;-196
2515;Mannen en Vrouwen;51 jaar;2031;360;1009;1232;-223
2516;Mannen en Vrouwen;51 jaar;2032;348;1009;1231;-222
2517;Mannen en Vrouwen;51 jaar;2033;333;1012;1235;-223
2518;Mannen en Vrouwen;51 jaar;2034;324;1016;1240;-224
2519;Mannen en Vrouwen;51 jaar;2035;325;1018;1260;-242
2520;Mannen en Vrouwen;51 jaar;2036;323;1019;1271;-252
2521;Mannen en Vrouwen;51 jaar;2037;324;1021;1283;-262
2522;Mannen en Vrouwen;51 jaar;2038;320;1022;1289;-267
2523;Mannen en Vrouwen;51 jaar;2039;313;1022;1297;-275
2524;Mannen en Vrouwen;51 jaar;2040;311;1027;1308;-281
2525;Mannen en Vrouwen;51 jaar;2041;315;1031;1332;-301
2526;Mannen en Vrouwen;51 jaar;2042;309;1032;1335;-303
2527;Mannen en Vrouwen;51 jaar;2043;301;1034;1339;-305
2528;Mannen en Vrouwen;51 jaar;2044;294;1035;1338;-303
2529;Mannen en Vrouwen;51 jaar;2045;289;1036;1344;-308
2530;Mannen en Vrouwen;51 jaar;2046;278;1036;1339;-303
2531;Mannen en Vrouwen;51 jaar;2047;272;1040;1343;-303
2532;Mannen en Vrouwen;51 jaar;2048;269;1041;1351;-310
2533;Mannen en Vrouwen;51 jaar;2049;271;1042;1367;-325
2534;Mannen en Vrouwen;51 jaar;2050;268;1044;1375;-331
2535;Mannen en Vrouwen;51 jaar;2051;267;1044;1388;-344
2536;Mannen en Vrouwen;51 jaar;2052;259;1046;1386;-340
2537;Mannen en Vrouwen;51 jaar;2053;252;1047;1386;-339
2538;Mannen en Vrouwen;51 jaar;2054;246;1046;1387;-341
2539;Mannen en Vrouwen;51 jaar;2055;236;1048;1379;-331
2540;Mannen en Vrouwen;51 jaar;2056;225;1048;1371;-323
2541;Mannen en Vrouwen;51 jaar;2057;220;1047;1369;-322
2542;Mannen en Vrouwen;51 jaar;2058;212;1048;1366;-318
2543;Mannen en Vrouwen;51 jaar;2059;211;1048;1376;-328
2544;Mannen en Vrouwen;52 jaar;2012;721;865;1216;-351
2545;Mannen en Vrouwen;52 jaar;2013;721;859;1175;-316
2546;Mannen en Vrouwen;52 jaar;2014;710;858;1193;-335
2547;Mannen en Vrouwen;52 jaar;2015;705;871;1203;-332
2548;Mannen en Vrouwen;52 jaar;2016;699;884;1228;-344
2549;Mannen en Vrouwen;52 jaar;2017;670;898;1198;-300
2550;Mannen en Vrouwen;52 jaar;2018;645;903;1182;-279
2551;Mannen en Vrouwen;52 jaar;2019;626;904;1183;-279
2552;Mannen en Vrouwen;52 jaar;2020;617;900;1208;-308
2553;Mannen en Vrouwen;52 jaar;2021;629;900;1226;-326
2554;Mannen en Vrouwen;52 jaar;2022;601;896;1227;-331
2555;Mannen en Vrouwen;52 jaar;2023;563;897;1191;-294
2556;Mannen en Vrouwen;52 jaar;2024;525;897;1175;-278
2557;Mannen en Vrouwen;52 jaar;2025;476;897;1137;-240
2558;Mannen en Vrouwen;52 jaar;2026;449;898;1129;-231
2559;Mannen en Vrouwen;52 jaar;2027;421;900;1112;-212
2560;Mannen en Vrouwen;52 jaar;2028;410;902;1109;-207
2561;Mannen en Vrouwen;52 jaar;2029;396;907;1116;-209
2562;Mannen en Vrouwen;52 jaar;2030;392;908;1132;-224
2563;Mannen en Vrouwen;52 jaar;2031;383;908;1138;-230
2564;Mannen en Vrouwen;52 jaar;2032;386;909;1166;-257
2565;Mannen en Vrouwen;52 jaar;2033;372;911;1167;-256
2566;Mannen en Vrouwen;52 jaar;2034;356;912;1169;-257
2567;Mannen en Vrouwen;52 jaar;2035;347;912;1175;-263
2568;Mannen en Vrouwen;52 jaar;2036;347;914;1196;-282
2569;Mannen en Vrouwen;52 jaar;2037;345;920;1204;-284
2570;Mannen en Vrouwen;52 jaar;2038;347;923;1218;-295
2571;Mannen en Vrouwen;52 jaar;2039;342;926;1225;-299
2572;Mannen en Vrouwen;52 jaar;2040;335;925;1233;-308
2573;Mannen en Vrouwen;52 jaar;2041;332;929;1243;-314
2574;Mannen en Vrouwen;52 jaar;2042;337;929;1267;-338
2575;Mannen en Vrouwen;52 jaar;2043;330;930;1271;-341
2576;Mannen en Vrouwen;52 jaar;2044;321;931;1275;-344
2577;Mannen en Vrouwen;52 jaar;2045;313;932;1276;-344
2578;Mannen en Vrouwen;52 jaar;2046;308;934;1283;-349
2579;Mannen en Vrouwen;52 jaar;2047;296;936;1276;-340
2580;Mannen en Vrouwen;52 jaar;2048;291;939;1281;-342
2581;Mannen en Vrouwen;52 jaar;2049;287;939;1289;-350
2582;Mannen en Vrouwen;52 jaar;2050;289;939;1305;-366
2583;Mannen en Vrouwen;52 jaar;2051;285;939;1314;-375
2584;Mannen en Vrouwen;52 jaar;2052;285;940;1327;-387
2585;Mannen en Vrouwen;52 jaar;2053;276;943;1325;-382
2586;Mannen en Vrouwen;52 jaar;2054;269;944;1325;-381
2587;Mannen en Vrouwen;52 jaar;2055;263;945;1327;-382
2588;Mannen en Vrouwen;52 jaar;2056;250;946;1319;-373
2589;Mannen en Vrouwen;52 jaar;2057;240;946;1311;-365
2590;Mannen en Vrouwen;52 jaar;2058;233;946;1311;-365
2591;Mannen en Vrouwen;52 jaar;2059;225;947;1308;-361
2592;Mannen en Vrouwen;53 jaar;2012;791;792;1077;-285
2593;Mannen en Vrouwen;53 jaar;2013;779;788;1117;-329
2594;Mannen en Vrouwen;53 jaar;2014;779;784;1084;-300
2595;Mannen en Vrouwen;53 jaar;2015;766;799;1108;-309
2596;Mannen en Vrouwen;53 jaar;2016;761;809;1113;-304
2597;Mannen en Vrouwen;53 jaar;2017;755;823;1130;-307
2598;Mannen en Vrouwen;53 jaar;2018;724;828;1125;-297
2599;Mannen en Vrouwen;53 jaar;2019;696;828;1112;-284
2600;Mannen en Vrouwen;53 jaar;2020;675;826;1108;-282
2601;Mannen en Vrouwen;53 jaar;2021;665;823;1134;-311
2602;Mannen en Vrouwen;53 jaar;2022;677;821;1152;-331
2603;Mannen en Vrouwen;53 jaar;2023;647;822;1155;-333
2604;Mannen en Vrouwen;53 jaar;2024;606;823;1121;-298
2605;Mannen en Vrouwen;53 jaar;2025;565;822;1107;-285
2606;Mannen en Vrouwen;53 jaar;2026;512;824;1072;-248
2607;Mannen en Vrouwen;53 jaar;2027;483;826;1063;-237
2608;Mannen en Vrouwen;53 jaar;2028;454;828;1047;-219
2609;Mannen en Vrouwen;53 jaar;2029;440;833;1044;-211
2610;Mannen en Vrouwen;53 jaar;2030;427;836;1052;-216
2611;Mannen en Vrouwen;53 jaar;2031;422;838;1067;-229
2612;Mannen en Vrouwen;53 jaar;2032;412;839;1072;-233
2613;Mannen en Vrouwen;53 jaar;2033;415;837;1099;-262
2614;Mannen en Vrouwen;53 jaar;2034;401;838;1098;-260
2615;Mannen en Vrouwen;53 jaar;2035;382;841;1101;-260
2616;Mannen en Vrouwen;53 jaar;2036;372;842;1107;-265
2617;Mannen en Vrouwen;53 jaar;2037;373;845;1126;-281
2618;Mannen en Vrouwen;53 jaar;2038;371;846;1136;-290
2619;Mannen en Vrouwen;53 jaar;2039;372;847;1148;-301
2620;Mannen en Vrouwen;53 jaar;2040;367;848;1155;-307
2621;Mannen en Vrouwen;53 jaar;2041;359;850;1164;-314
2622;Mannen en Vrouwen;53 jaar;2042;355;850;1175;-325
2623;Mannen en Vrouwen;53 jaar;2043;361;851;1197;-346
2624;Mannen en Vrouwen;53 jaar;2044;354;853;1203;-350
2625;Mannen en Vrouwen;53 jaar;2045;344;854;1206;-352
2626;Mannen en Vrouwen;53 jaar;2046;336;859;1206;-347
2627;Mannen en Vrouwen;53 jaar;2047;330;859;1214;-355
2628;Mannen en Vrouwen;53 jaar;2048;318;860;1207;-347
2629;Mannen en Vrouwen;53 jaar;2049;311;860;1212;-352
2630;Mannen en Vrouwen;53 jaar;2050;307;861;1220;-359
2631;Mannen en Vrouwen;53 jaar;2051;309;864;1237;-373
2632;Mannen en Vrouwen;53 jaar;2052;306;864;1245;-381
2633;Mannen en Vrouwen;53 jaar;2053;305;865;1259;-394
2634;Mannen en Vrouwen;53 jaar;2054;295;866;1257;-391
2635;Mannen en Vrouwen;53 jaar;2055;288;866;1258;-392
2636;Mannen en Vrouwen;53 jaar;2056;281;867;1260;-393
2637;Mannen en Vrouwen;53 jaar;2057;268;869;1252;-383
2638;Mannen en Vrouwen;53 jaar;2058;257;870;1246;-376
2639;Mannen en Vrouwen;53 jaar;2059;250;870;1245;-375
2640;Mannen en Vrouwen;54 jaar;2012;857;717;996;-279
2641;Mannen en Vrouwen;54 jaar;2013;859;713;1004;-291
2642;Mannen en Vrouwen;54 jaar;2014;844;714;1047;-333
2643;Mannen en Vrouwen;54 jaar;2015;845;722;1023;-301
2644;Mannen en Vrouwen;54 jaar;2016;831;735;1038;-303
2645;Mannen en Vrouwen;54 jaar;2017;825;745;1036;-291
2646;Mannen en Vrouwen;54 jaar;2018;818;752;1072;-320
2647;Mannen en Vrouwen;54 jaar;2019;783;755;1068;-313
2648;Mannen en Vrouwen;54 jaar;2020;752;753;1053;-300
2649;Mannen en Vrouwen;54 jaar;2021;730;747;1048;-301
2650;Mannen en Vrouwen;54 jaar;2022;719;746;1072;-326
2651;Mannen en Vrouwen;54 jaar;2023;733;745;1090;-345
2652;Mannen en Vrouwen;54 jaar;2024;700;747;1091;-344
2653;Mannen en Vrouwen;54 jaar;2025;656;746;1063;-317
2654;Mannen en Vrouwen;54 jaar;2026;612;748;1045;-297
2655;Mannen en Vrouwen;54 jaar;2027;554;750;1013;-263
2656;Mannen en Vrouwen;54 jaar;2028;523;753;1005;-252
2657;Mannen en Vrouwen;54 jaar;2029;491;754;988;-234
2658;Mannen en Vrouwen;54 jaar;2030;477;756;983;-227
2659;Mannen en Vrouwen;54 jaar;2031;461;761;991;-230
2660;Mannen en Vrouwen;54 jaar;2032;456;760;1003;-243
2661;Mannen en Vrouwen;54 jaar;2033;444;763;1008;-245
2662;Mannen en Vrouwen;54 jaar;2034;448;765;1031;-266
2663;Mannen en Vrouwen;54 jaar;2035;433;766;1031;-265
2664;Mannen en Vrouwen;54 jaar;2036;413;768;1031;-263
2665;Mannen en Vrouwen;54 jaar;2037;402;768;1037;-269
2666;Mannen en Vrouwen;54 jaar;2038;403;769;1054;-285
2667;Mannen en Vrouwen;54 jaar;2039;400;772;1064;-292
2668;Mannen en Vrouwen;54 jaar;2040;402;772;1076;-304
2669;Mannen en Vrouwen;54 jaar;2041;397;774;1082;-308
2670;Mannen en Vrouwen;54 jaar;2042;387;773;1089;-316
2671;Mannen en Vrouwen;54 jaar;2043;383;775;1098;-323
2672;Mannen en Vrouwen;54 jaar;2044;389;776;1118;-342
2673;Mannen en Vrouwen;54 jaar;2045;382;776;1124;-348
2674;Mannen en Vrouwen;54 jaar;2046;371;778;1127;-349
2675;Mannen en Vrouwen;54 jaar;2047;362;781;1126;-345
2676;Mannen en Vrouwen;54 jaar;2048;356;781;1132;-351
2677;Mannen en Vrouwen;54 jaar;2049;342;781;1127;-346
2678;Mannen en Vrouwen;54 jaar;2050;335;783;1133;-350
2679;Mannen en Vrouwen;54 jaar;2051;331;784;1141;-357
2680;Mannen en Vrouwen;54 jaar;2052;333;784;1155;-371
2681;Mannen en Vrouwen;54 jaar;2053;329;785;1163;-378
2682;Mannen en Vrouwen;54 jaar;2054;328;787;1176;-389
2683;Mannen en Vrouwen;54 jaar;2055;317;787;1173;-386
2684;Mannen en Vrouwen;54 jaar;2056;309;787;1174;-387
2685;Mannen en Vrouwen;54 jaar;2057;302;788;1175;-387
2686;Mannen en Vrouwen;54 jaar;2058;288;787;1168;-381
2687;Mannen en Vrouwen;54 jaar;2059;277;788;1161;-373
2688;Mannen en Vrouwen;55 jaar;2012;931;682;907;-225
2689;Mannen en Vrouwen;55 jaar;2013;929;675;913;-238
2690;Mannen en Vrouwen;55 jaar;2014;930;679;928;-249
2691;Mannen en Vrouwen;55 jaar;2015;914;685;971;-286
2692;Mannen en Vrouwen;55 jaar;2016;913;699;946;-247
2693;Mannen en Vrouwen;55 jaar;2017;897;708;955;-247
2694;Mannen en Vrouwen;55 jaar;2018;890;714;974;-260
2695;Mannen en Vrouwen;55 jaar;2019;882;719;1009;-290
2696;Mannen en Vrouwen;55 jaar;2020;846;717;1005;-288
2697;Mannen en Vrouwen;55 jaar;2021;813;712;992;-280
2698;Mannen en Vrouwen;55 jaar;2022;788;708;985;-277
2699;Mannen en Vrouwen;55 jaar;2023;777;710;1011;-301
2700;Mannen en Vrouwen;55 jaar;2024;791;711;1030;-319
2701;Mannen en Vrouwen;55 jaar;2025;756;711;1033;-322
2702;Mannen en Vrouwen;55 jaar;2026;708;712;1008;-296
2703;Mannen en Vrouwen;55 jaar;2027;659;712;991;-279
2704;Mannen en Vrouwen;55 jaar;2028;597;714;961;-247
2705;Mannen en Vrouwen;55 jaar;2029;564;717;954;-237
2706;Mannen en Vrouwen;55 jaar;2030;529;717;938;-221
2707;Mannen en Vrouwen;55 jaar;2031;513;724;934;-210
2708;Mannen en Vrouwen;55 jaar;2032;497;725;943;-218
2709;Mannen en Vrouwen;55 jaar;2033;491;727;955;-228
2710;Mannen en Vrouwen;55 jaar;2034;479;727;960;-233
2711;Mannen en Vrouwen;55 jaar;2035;482;729;983;-254
2712;Mannen en Vrouwen;55 jaar;2036;466;731;983;-252
2713;Mannen en Vrouwen;55 jaar;2037;445;731;984;-253
2714;Mannen en Vrouwen;55 jaar;2038;432;734;989;-255
2715;Mannen en Vrouwen;55 jaar;2039;434;734;1007;-273
2716;Mannen en Vrouwen;55 jaar;2040;430;737;1015;-278
2717;Mannen en Vrouwen;55 jaar;2041;432;737;1028;-291
2718;Mannen en Vrouwen;55 jaar;2042;426;737;1036;-299
2719;Mannen en Vrouwen;55 jaar;2043;417;739;1042;-303
2720;Mannen en Vrouwen;55 jaar;2044;413;740;1052;-312
2721;Mannen en Vrouwen;55 jaar;2045;418;741;1073;-332
2722;Mannen en Vrouwen;55 jaar;2046;410;742;1077;-335
2723;Mannen en Vrouwen;55 jaar;2047;399;743;1081;-338
2724;Mannen en Vrouwen;55 jaar;2048;389;746;1081;-335
2725;Mannen en Vrouwen;55 jaar;2049;382;746;1088;-342
2726;Mannen en Vrouwen;55 jaar;2050;367;746;1085;-339
2727;Mannen en Vrouwen;55 jaar;2051;360;747;1090;-343
2728;Mannen en Vrouwen;55 jaar;2052;355;749;1098;-349
2729;Mannen en Vrouwen;55 jaar;2053;358;748;1114;-366
2730;Mannen en Vrouwen;55 jaar;2054;352;750;1121;-371
2731;Mannen en Vrouwen;55 jaar;2055;352;751;1135;-384
2732;Mannen en Vrouwen;55 jaar;2056;341;752;1134;-382
2733;Mannen en Vrouwen;55 jaar;2057;332;752;1134;-382
2734;Mannen en Vrouwen;55 jaar;2058;324;752;1137;-385
2735;Mannen en Vrouwen;55 jaar;2059;309;751;1129;-378
2736;Mannen en Vrouwen;56 jaar;2012;1014;621;826;-205
2737;Mannen en Vrouwen;56 jaar;2013;1007;616;815;-199
2738;Mannen en Vrouwen;56 jaar;2014;1002;617;824;-207
2739;Mannen en Vrouwen;56 jaar;2015;1001;624;842;-218
2740;Mannen en Vrouwen;56 jaar;2016;983;636;874;-238
2741;Mannen en Vrouwen;56 jaar;2017;982;646;849;-203
2742;Mannen en Vrouwen;56 jaar;2018;965;650;877;-227
2743;Mannen en Vrouwen;56 jaar;2019;958;651;895;-244
2744;Mannen en Vrouwen;56 jaar;2020;949;652;926;-274
2745;Mannen en Vrouwen;56 jaar;2021;910;651;922;-271
2746;Mannen en Vrouwen;56 jaar;2022;875;645;910;-265
2747;Mannen en Vrouwen;56 jaar;2023;848;645;907;-262
2748;Mannen en Vrouwen;56 jaar;2024;835;646;933;-287
2749;Mannen en Vrouwen;56 jaar;2025;850;648;952;-304
2750;Mannen en Vrouwen;56 jaar;2026;811;650;956;-306
2751;Mannen en Vrouwen;56 jaar;2027;761;653;934;-281
2752;Mannen en Vrouwen;56 jaar;2028;708;654;920;-266
2753;Mannen en Vrouwen;56 jaar;2029;641;656;892;-236
2754;Mannen en Vrouwen;56 jaar;2030;605;656;886;-230
2755;Mannen en Vrouwen;56 jaar;2031;568;660;872;-212
2756;Mannen en Vrouwen;56 jaar;2032;552;662;870;-208
2757;Mannen en Vrouwen;56 jaar;2033;533;665;878;-213
2758;Mannen en Vrouwen;56 jaar;2034;527;666;892;-226
2759;Mannen en Vrouwen;56 jaar;2035;515;667;899;-232
2760;Mannen en Vrouwen;56 jaar;2036;518;666;920;-254
2761;Mannen en Vrouwen;56 jaar;2037;499;668;921;-253
2762;Mannen en Vrouwen;56 jaar;2038;477;670;922;-252
2763;Mannen en Vrouwen;56 jaar;2039;464;671;927;-256
2764;Mannen en Vrouwen;56 jaar;2040;465;673;945;-272
2765;Mannen en Vrouwen;56 jaar;2041;462;675;954;-279
2766;Mannen en Vrouwen;56 jaar;2042;463;674;967;-293
2767;Mannen en Vrouwen;56 jaar;2043;457;676;974;-298
2768;Mannen en Vrouwen;56 jaar;2044;446;676;982;-306
2769;Mannen en Vrouwen;56 jaar;2045;442;676;994;-318
2770;Mannen en Vrouwen;56 jaar;2046;448;678;1014;-336
2771;Mannen en Vrouwen;56 jaar;2047;439;678;1019;-341
2772;Mannen en Vrouwen;56 jaar;2048;428;680;1025;-345
2773;Mannen en Vrouwen;56 jaar;2049;417;680;1025;-345
2774;Mannen en Vrouwen;56 jaar;2050;410;680;1033;-353
2775;Mannen en Vrouwen;56 jaar;2051;394;681;1029;-348
2776;Mannen en Vrouwen;56 jaar;2052;386;683;1035;-352
2777;Mannen en Vrouwen;56 jaar;2053;380;684;1044;-360
2778;Mannen en Vrouwen;56 jaar;2054;383;685;1060;-375
2779;Mannen en Vrouwen;56 jaar;2055;377;685;1068;-383
2780;Mannen en Vrouwen;56 jaar;2056;376;687;1083;-396
2781;Mannen en Vrouwen;56 jaar;2057;365;686;1082;-396
2782;Mannen en Vrouwen;56 jaar;2058;355;685;1084;-399
2783;Mannen en Vrouwen;56 jaar;2059;347;685;1085;-400
2784;Mannen en Vrouwen;57 jaar;2012;1088;547;748;-201
2785;Mannen en Vrouwen;57 jaar;2013;1092;541;764;-223
2786;Mannen en Vrouwen;57 jaar;2014;1082;543;761;-218
2787;Mannen en Vrouwen;57 jaar;2015;1074;553;772;-219
2788;Mannen en Vrouwen;57 jaar;2016;1072;560;785;-225
2789;Mannen en Vrouwen;57 jaar;2017;1050;569;809;-240
2790;Mannen en Vrouwen;57 jaar;2018;1050;573;805;-232
2791;Mannen en Vrouwen;57 jaar;2019;1033;575;830;-255
2792;Mannen en Vrouwen;57 jaar;2020;1025;574;847;-273
2793;Mannen en Vrouwen;57 jaar;2021;1016;575;875;-300
2794;Mannen en Vrouwen;57 jaar;2022;975;572;871;-299
2795;Mannen en Vrouwen;57 jaar;2023;936;572;862;-290
2796;Mannen en Vrouwen;57 jaar;2024;908;573;858;-285
2797;Mannen en Vrouwen;57 jaar;2025;894;576;881;-305
2798;Mannen en Vrouwen;57 jaar;2026;910;577;900;-323
2799;Mannen en Vrouwen;57 jaar;2027;868;577;903;-326
2800;Mannen en Vrouwen;57 jaar;2028;813;579;883;-304
2801;Mannen en Vrouwen;57 jaar;2029;757;581;870;-289
2802;Mannen en Vrouwen;57 jaar;2030;686;583;844;-261
2803;Mannen en Vrouwen;57 jaar;2031;648;583;838;-255
2804;Mannen en Vrouwen;57 jaar;2032;607;585;824;-239
2805;Mannen en Vrouwen;57 jaar;2033;590;587;823;-236
2806;Mannen en Vrouwen;57 jaar;2034;570;590;830;-240
2807;Mannen en Vrouwen;57 jaar;2035;564;592;842;-250
2808;Mannen en Vrouwen;57 jaar;2036;550;594;847;-253
2809;Mannen en Vrouwen;57 jaar;2037;553;595;868;-273
2810;Mannen en Vrouwen;57 jaar;2038;534;596;869;-273
2811;Mannen en Vrouwen;57 jaar;2039;509;595;870;-275
2812;Mannen en Vrouwen;57 jaar;2040;496;596;874;-278
2813;Mannen en Vrouwen;57 jaar;2041;496;598;890;-292
2814;Mannen en Vrouwen;57 jaar;2042;493;600;900;-300
2815;Mannen en Vrouwen;57 jaar;2043;494;603;910;-307
2816;Mannen en Vrouwen;57 jaar;2044;488;603;918;-315
2817;Mannen en Vrouwen;57 jaar;2045;477;605;926;-321
2818;Mannen en Vrouwen;57 jaar;2046;471;604;936;-332
2819;Mannen en Vrouwen;57 jaar;2047;478;605;954;-349
2820;Mannen en Vrouwen;57 jaar;2048;468;605;959;-354
2821;Mannen en Vrouwen;57 jaar;2049;455;608;962;-354
2822;Mannen en Vrouwen;57 jaar;2050;444;608;963;-355
2823;Mannen en Vrouwen;57 jaar;2051;436;607;971;-364
2824;Mannen en Vrouwen;57 jaar;2052;419;606;968;-362
2825;Mannen en Vrouwen;57 jaar;2053;411;607;973;-366
2826;Mannen en Vrouwen;57 jaar;2054;406;609;981;-372
2827;Mannen en Vrouwen;57 jaar;2055;407;609;996;-387
2828;Mannen en Vrouwen;57 jaar;2056;403;609;1003;-394
2829;Mannen en Vrouwen;57 jaar;2057;401;609;1016;-407
2830;Mannen en Vrouwen;57 jaar;2058;388;612;1016;-404
2831;Mannen en Vrouwen;57 jaar;2059;378;611;1017;-406
2832;Mannen en Vrouwen;58 jaar;2012;1173;492;711;-219
2833;Mannen en Vrouwen;58 jaar;2013;1164;489;711;-222
2834;Mannen en Vrouwen;58 jaar;2014;1165;490;731;-241
2835;Mannen en Vrouwen;58 jaar;2015;1152;496;731;-235
2836;Mannen en Vrouwen;58 jaar;2016;1144;507;741;-234
2837;Mannen en Vrouwen;58 jaar;2017;1143;514;747;-233
2838;Mannen en Vrouwen;58 jaar;2018;1122;518;785;-267
2839;Mannen en Vrouwen;58 jaar;2019;1123;520;780;-260
2840;Mannen en Vrouwen;58 jaar;2020;1104;521;803;-282
2841;Mannen en Vrouwen;58 jaar;2021;1096;521;817;-296
2842;Mannen en Vrouwen;58 jaar;2022;1086;520;845;-325
2843;Mannen en Vrouwen;58 jaar;2023;1041;518;840;-322
2844;Mannen en Vrouwen;58 jaar;2024;1000;520;831;-311
2845;Mannen en Vrouwen;58 jaar;2025;969;524;829;-305
2846;Mannen en Vrouwen;58 jaar;2026;954;526;850;-324
2847;Mannen en Vrouwen;58 jaar;2027;971;526;869;-343
2848;Mannen en Vrouwen;58 jaar;2028;927;525;871;-346
2849;Mannen en Vrouwen;58 jaar;2029;868;529;851;-322
2850;Mannen en Vrouwen;58 jaar;2030;808;528;839;-311
2851;Mannen en Vrouwen;58 jaar;2031;732;529;813;-284
2852;Mannen en Vrouwen;58 jaar;2032;691;529;806;-277
2853;Mannen en Vrouwen;58 jaar;2033;648;534;794;-260
2854;Mannen en Vrouwen;58 jaar;2034;629;536;792;-256
2855;Mannen en Vrouwen;58 jaar;2035;608;540;800;-260
2856;Mannen en Vrouwen;58 jaar;2036;600;543;811;-268
2857;Mannen en Vrouwen;58 jaar;2037;585;541;816;-275
2858;Mannen en Vrouwen;58 jaar;2038;590;544;836;-292
2859;Mannen en Vrouwen;58 jaar;2039;569;542;837;-295
2860;Mannen en Vrouwen;58 jaar;2040;543;544;838;-294
2861;Mannen en Vrouwen;58 jaar;2041;528;545;843;-298
2862;Mannen en Vrouwen;58 jaar;2042;529;547;858;-311
2863;Mannen en Vrouwen;58 jaar;2043;525;550;867;-317
2864;Mannen en Vrouwen;58 jaar;2044;526;550;878;-328
2865;Mannen en Vrouwen;58 jaar;2045;519;551;885;-334
2866;Mannen en Vrouwen;58 jaar;2046;507;553;892;-339
2867;Mannen en Vrouwen;58 jaar;2047;502;553;902;-349
2868;Mannen en Vrouwen;58 jaar;2048;509;554;920;-366
2869;Mannen en Vrouwen;58 jaar;2049;499;554;924;-370
2870;Mannen en Vrouwen;58 jaar;2050;485;555;929;-374
2871;Mannen en Vrouwen;58 jaar;2051;473;555;930;-375
2872;Mannen en Vrouwen;58 jaar;2052;465;554;936;-382
2873;Mannen en Vrouwen;58 jaar;2053;447;555;934;-379
2874;Mannen en Vrouwen;58 jaar;2054;437;555;938;-383
2875;Mannen en Vrouwen;58 jaar;2055;430;556;945;-389
2876;Mannen en Vrouwen;58 jaar;2056;433;557;959;-402
2877;Mannen en Vrouwen;58 jaar;2057;427;558;967;-409
2878;Mannen en Vrouwen;58 jaar;2058;426;558;979;-421
2879;Mannen en Vrouwen;58 jaar;2059;413;559;978;-419
2880;Mannen en Vrouwen;59 jaar;2012;1254;440;673;-233
2881;Mannen en Vrouwen;59 jaar;2013;1247;439;674;-235
2882;Mannen en Vrouwen;59 jaar;2014;1236;437;679;-242
2883;Mannen en Vrouwen;59 jaar;2015;1238;448;700;-252
2884;Mannen en Vrouwen;59 jaar;2016;1226;454;701;-247
2885;Mannen en Vrouwen;59 jaar;2017;1219;463;706;-243
2886;Mannen en Vrouwen;59 jaar;2018;1220;467;725;-258
2887;Mannen en Vrouwen;59 jaar;2019;1199;470;761;-291
2888;Mannen en Vrouwen;59 jaar;2020;1199;469;756;-287
2889;Mannen en Vrouwen;59 jaar;2021;1179;470;779;-309
2890;Mannen en Vrouwen;59 jaar;2022;1169;468;790;-322
2891;Mannen en Vrouwen;59 jaar;2023;1158;468;818;-350
2892;Mannen en Vrouwen;59 jaar;2024;1109;467;812;-345
2893;Mannen en Vrouwen;59 jaar;2025;1065;471;803;-332
2894;Mannen en Vrouwen;59 jaar;2026;1033;472;802;-330
2895;Mannen en Vrouwen;59 jaar;2027;1016;473;823;-350
2896;Mannen en Vrouwen;59 jaar;2028;1034;475;842;-367
2897;Mannen en Vrouwen;59 jaar;2029;987;478;843;-365
2898;Mannen en Vrouwen;59 jaar;2030;924;477;823;-346
2899;Mannen en Vrouwen;59 jaar;2031;861;478;811;-333
2900;Mannen en Vrouwen;59 jaar;2032;779;479;785;-306
2901;Mannen en Vrouwen;59 jaar;2033;735;483;778;-295
2902;Mannen en Vrouwen;59 jaar;2034;690;482;766;-284
2903;Mannen en Vrouwen;59 jaar;2035;669;484;763;-279
2904;Mannen en Vrouwen;59 jaar;2036;647;484;770;-286
2905;Mannen en Vrouwen;59 jaar;2037;639;487;780;-293
2906;Mannen en Vrouwen;59 jaar;2038;623;487;785;-298
2907;Mannen en Vrouwen;59 jaar;2039;627;489;803;-314
2908;Mannen en Vrouwen;59 jaar;2040;605;490;804;-314
2909;Mannen en Vrouwen;59 jaar;2041;577;492;805;-313
2910;Mannen en Vrouwen;59 jaar;2042;562;494;808;-314
2911;Mannen en Vrouwen;59 jaar;2043;562;496;823;-327
2912;Mannen en Vrouwen;59 jaar;2044;558;497;831;-334
2913;Mannen en Vrouwen;59 jaar;2045;560;496;841;-345
2914;Mannen en Vrouwen;59 jaar;2046;552;496;847;-351
2915;Mannen en Vrouwen;59 jaar;2047;539;498;853;-355
2916;Mannen en Vrouwen;59 jaar;2048;533;501;862;-361
2917;Mannen en Vrouwen;59 jaar;2049;541;501;879;-378
2918;Mannen en Vrouwen;59 jaar;2050;530;501;883;-382
2919;Mannen en Vrouwen;59 jaar;2051;516;501;886;-385
2920;Mannen en Vrouwen;59 jaar;2052;502;501;887;-386
2921;Mannen en Vrouwen;59 jaar;2053;493;501;893;-392
2922;Mannen en Vrouwen;59 jaar;2054;474;501;890;-389
2923;Mannen en Vrouwen;59 jaar;2055;464;500;893;-393
2924;Mannen en Vrouwen;59 jaar;2056;458;501;900;-399
2925;Mannen en Vrouwen;59 jaar;2057;460;504;914;-410
2926;Mannen en Vrouwen;59 jaar;2058;454;504;919;-415
2927;Mannen en Vrouwen;59 jaar;2059;452;504;930;-426
2928;Mannen en Vrouwen;60 jaar;2012;1359;409;653;-244
2929;Mannen en Vrouwen;60 jaar;2013;1332;404;646;-242
2930;Mannen en Vrouwen;60 jaar;2014;1325;408;652;-244
2931;Mannen en Vrouwen;60 jaar;2015;1313;413;659;-246
2932;Mannen en Vrouwen;60 jaar;2016;1317;421;676;-255
2933;Mannen en Vrouwen;60 jaar;2017;1306;429;672;-243
2934;Mannen en Vrouwen;60 jaar;2018;1300;434;689;-255
2935;Mannen en Vrouwen;60 jaar;2019;1300;437;709;-272
2936;Mannen en Vrouwen;60 jaar;2020;1276;437;740;-303
2937;Mannen en Vrouwen;60 jaar;2021;1276;436;736;-300
2938;Mannen en Vrouwen;60 jaar;2022;1253;435;758;-323
2939;Mannen en Vrouwen;60 jaar;2023;1243;437;770;-333
2940;Mannen en Vrouwen;60 jaar;2024;1230;437;795;-358
2941;Mannen en Vrouwen;60 jaar;2025;1179;437;793;-356
2942;Mannen en Vrouwen;60 jaar;2026;1132;438;782;-344
2943;Mannen en Vrouwen;60 jaar;2027;1098;441;782;-341
2944;Mannen en Vrouwen;60 jaar;2028;1079;440;802;-362
2945;Mannen en Vrouwen;60 jaar;2029;1099;443;819;-376
2946;Mannen en Vrouwen;60 jaar;2030;1048;444;822;-378
2947;Mannen en Vrouwen;60 jaar;2031;982;444;800;-356
2948;Mannen en Vrouwen;60 jaar;2032;914;448;788;-340
2949;Mannen en Vrouwen;60 jaar;2033;828;448;763;-315
2950;Mannen en Vrouwen;60 jaar;2034;781;449;756;-307
2951;Mannen en Vrouwen;60 jaar;2035;732;451;744;-293
2952;Mannen en Vrouwen;60 jaar;2036;711;450;741;-291
2953;Mannen en Vrouwen;60 jaar;2037;686;451;747;-296
2954;Mannen en Vrouwen;60 jaar;2038;678;454;758;-304
2955;Mannen en Vrouwen;60 jaar;2039;661;455;761;-306
2956;Mannen en Vrouwen;60 jaar;2040;665;457;780;-323
2957;Mannen en Vrouwen;60 jaar;2041;642;458;780;-322
2958;Mannen en Vrouwen;60 jaar;2042;612;460;779;-319
2959;Mannen en Vrouwen;60 jaar;2043;595;463;784;-321
2960;Mannen en Vrouwen;60 jaar;2044;596;464;798;-334
2961;Mannen en Vrouwen;60 jaar;2045;592;463;806;-343
2962;Mannen en Vrouwen;60 jaar;2046;593;463;816;-353
2963;Mannen en Vrouwen;60 jaar;2047;585;465;822;-357
2964;Mannen en Vrouwen;60 jaar;2048;572;467;828;-361
2965;Mannen en Vrouwen;60 jaar;2049;565;468;837;-369
2966;Mannen en Vrouwen;60 jaar;2050;573;468;853;-385
2967;Mannen en Vrouwen;60 jaar;2051;561;468;858;-390
2968;Mannen en Vrouwen;60 jaar;2052;546;468;859;-391
2969;Mannen en Vrouwen;60 jaar;2053;532;468;861;-393
2970;Mannen en Vrouwen;60 jaar;2054;523;469;867;-398
2971;Mannen en Vrouwen;60 jaar;2055;502;470;864;-394
2972;Mannen en Vrouwen;60 jaar;2056;492;470;868;-398
2973;Mannen en Vrouwen;60 jaar;2057;484;470;873;-403
2974;Mannen en Vrouwen;60 jaar;2058;487;472;887;-415
2975;Mannen en Vrouwen;60 jaar;2059;481;471;892;-421
2976;Mannen en Vrouwen;61 jaar;2012;1422;376;585;-209
2977;Mannen en Vrouwen;61 jaar;2013;1447;377;595;-218
2978;Mannen en Vrouwen;61 jaar;2014;1419;375;592;-217
2979;Mannen en Vrouwen;61 jaar;2015;1413;380;602;-222
2980;Mannen en Vrouwen;61 jaar;2016;1402;391;607;-216
2981;Mannen en Vrouwen;61 jaar;2017;1407;398;619;-221
2982;Mannen en Vrouwen;61 jaar;2018;1395;403;627;-224
2983;Mannen en Vrouwen;61 jaar;2019;1387;404;643;-239
2984;Mannen en Vrouwen;61 jaar;2020;1385;403;658;-255
2985;Mannen en Vrouwen;61 jaar;2021;1358;405;687;-282
2986;Mannen en Vrouwen;61 jaar;2022;1357;405;684;-279
2987;Mannen en Vrouwen;61 jaar;2023;1333;404;704;-300
2988;Mannen en Vrouwen;61 jaar;2024;1322;404;716;-312
2989;Mannen en Vrouwen;61 jaar;2025;1308;403;740;-337
2990;Mannen en Vrouwen;61 jaar;2026;1254;406;738;-332
2991;Mannen en Vrouwen;61 jaar;2027;1204;409;728;-319
2992;Mannen en Vrouwen;61 jaar;2028;1167;408;729;-321
2993;Mannen en Vrouwen;61 jaar;2029;1148;409;746;-337
2994;Mannen en Vrouwen;61 jaar;2030;1168;412;764;-352
2995;Mannen en Vrouwen;61 jaar;2031;1115;414;765;-351
2996;Mannen en Vrouwen;61 jaar;2032;1044;415;747;-332
2997;Mannen en Vrouwen;61 jaar;2033;971;416;734;-318
2998;Mannen en Vrouwen;61 jaar;2034;879;420;709;-289
2999;Mannen en Vrouwen;61 jaar;2035;829;422;704;-282
3000;Mannen en Vrouwen;61 jaar;2036;778;422;692;-270
3001;Mannen en Vrouwen;61 jaar;2037;756;423;690;-267
3002;Mannen en Vrouwen;61 jaar;2038;730;424;696;-272
3003;Mannen en Vrouwen;61 jaar;2039;721;425;707;-282
3004;Mannen en Vrouwen;61 jaar;2040;702;426;710;-284
3005;Mannen en Vrouwen;61 jaar;2041;707;429;728;-299
3006;Mannen en Vrouwen;61 jaar;2042;682;430;729;-299
3007;Mannen en Vrouwen;61 jaar;2043;650;432;730;-298
3008;Mannen en Vrouwen;61 jaar;2044;633;431;733;-302
3009;Mannen en Vrouwen;61 jaar;2045;633;432;747;-315
3010;Mannen en Vrouwen;61 jaar;2046;628;433;755;-322
3011;Mannen en Vrouwen;61 jaar;2047;630;436;766;-330
3012;Mannen en Vrouwen;61 jaar;2048;622;437;771;-334
3013;Mannen en Vrouwen;61 jaar;2049;607;436;777;-341
3014;Mannen en Vrouwen;61 jaar;2050;600;437;785;-348
3015;Mannen en Vrouwen;61 jaar;2051;608;437;802;-365
3016;Mannen en Vrouwen;61 jaar;2052;596;437;805;-368
3017;Mannen en Vrouwen;61 jaar;2053;579;437;808;-371
3018;Mannen en Vrouwen;61 jaar;2054;564;437;809;-372
3019;Mannen en Vrouwen;61 jaar;2055;554;438;814;-376
3020;Mannen en Vrouwen;61 jaar;2056;533;440;811;-371
3021;Mannen en Vrouwen;61 jaar;2057;522;440;816;-376
3022;Mannen en Vrouwen;61 jaar;2058;514;439;822;-383
3023;Mannen en Vrouwen;61 jaar;2059;516;439;834;-395
3024;Mannen en Vrouwen;62 jaar;2012;1553;346;549;-203
3025;Mannen en Vrouwen;62 jaar;2013;1522;342;526;-184
3026;Mannen en Vrouwen;62 jaar;2014;1552;340;540;-200
3027;Mannen en Vrouwen;62 jaar;2015;1523;347;540;-193
3028;Mannen en Vrouwen;62 jaar;2016;1518;356;548;-192
3029;Mannen en Vrouwen;62 jaar;2017;1506;368;548;-180
3030;Mannen en Vrouwen;62 jaar;2018;1508;372;568;-196
3031;Mannen en Vrouwen;62 jaar;2019;1493;371;577;-206
3032;Mannen en Vrouwen;62 jaar;2020;1482;372;591;-219
3033;Mannen en Vrouwen;62 jaar;2021;1479;374;604;-230
3034;Mannen en Vrouwen;62 jaar;2022;1448;374;632;-258
3035;Mannen en Vrouwen;62 jaar;2023;1448;374;629;-255
3036;Mannen en Vrouwen;62 jaar;2024;1422;374;649;-275
3037;Mannen en Vrouwen;62 jaar;2025;1411;376;661;-285
3038;Mannen en Vrouwen;62 jaar;2026;1397;376;682;-306
3039;Mannen en Vrouwen;62 jaar;2027;1338;379;679;-300
3040;Mannen en Vrouwen;62 jaar;2028;1286;379;673;-294
3041;Mannen en Vrouwen;62 jaar;2029;1245;381;673;-292
3042;Mannen en Vrouwen;62 jaar;2030;1226;381;691;-310
3043;Mannen en Vrouwen;62 jaar;2031;1247;385;706;-321
3044;Mannen en Vrouwen;62 jaar;2032;1189;386;708;-322
3045;Mannen en Vrouwen;62 jaar;2033;1113;386;691;-305
3046;Mannen en Vrouwen;62 jaar;2034;1036;387;682;-295
3047;Mannen en Vrouwen;62 jaar;2035;938;390;658;-268
3048;Mannen en Vrouwen;62 jaar;2036;885;391;654;-263
3049;Mannen en Vrouwen;62 jaar;2037;830;392;644;-252
3050;Mannen en Vrouwen;62 jaar;2038;806;395;642;-247
3051;Mannen en Vrouwen;62 jaar;2039;778;396;648;-252
3052;Mannen en Vrouwen;62 jaar;2040;769;398;657;-259
3053;Mannen en Vrouwen;62 jaar;2041;749;400;660;-260
3054;Mannen en Vrouwen;62 jaar;2042;754;399;677;-278
3055;Mannen en Vrouwen;62 jaar;2043;726;400;677;-277
3056;Mannen en Vrouwen;62 jaar;2044;693;400;678;-278
3057;Mannen en Vrouwen;62 jaar;2045;674;401;683;-282
3058;Mannen en Vrouwen;62 jaar;2046;675;402;695;-293
3059;Mannen en Vrouwen;62 jaar;2047;669;405;702;-297
3060;Mannen en Vrouwen;62 jaar;2048;671;404;712;-308
3061;Mannen en Vrouwen;62 jaar;2049;663;404;717;-313
3062;Mannen en Vrouwen;62 jaar;2050;646;405;722;-317
3063;Mannen en Vrouwen;62 jaar;2051;639;405;730;-325
3064;Mannen en Vrouwen;62 jaar;2052;648;407;746;-339
3065;Mannen en Vrouwen;62 jaar;2053;635;406;749;-343
3066;Mannen en Vrouwen;62 jaar;2054;617;408;752;-344
3067;Mannen en Vrouwen;62 jaar;2055;601;409;753;-344
3068;Mannen en Vrouwen;62 jaar;2056;591;409;758;-349
3069;Mannen en Vrouwen;62 jaar;2057;567;408;756;-348
3070;Mannen en Vrouwen;62 jaar;2058;555;408;760;-352
3071;Mannen en Vrouwen;62 jaar;2059;547;408;764;-356
3072;Mannen en Vrouwen;63 jaar;2012;1717;325;521;-196
3073;Mannen en Vrouwen;63 jaar;2013;1670;324;514;-190
3074;Mannen en Vrouwen;63 jaar;2014;1637;321;495;-174
3075;Mannen en Vrouwen;63 jaar;2015;1669;328;511;-183
3076;Mannen en Vrouwen;63 jaar;2016;1638;338;508;-170
3077;Mannen en Vrouwen;63 jaar;2017;1630;345;512;-167
3078;Mannen en Vrouwen;63 jaar;2018;1614;352;522;-170
3079;Mannen en Vrouwen;63 jaar;2019;1614;354;543;-189
3080;Mannen en Vrouwen;63 jaar;2020;1597;354;550;-196
3081;Mannen en Vrouwen;63 jaar;2021;1585;357;563;-206
3082;Mannen en Vrouwen;63 jaar;2022;1583;357;576;-219
3083;Mannen en Vrouwen;63 jaar;2023;1552;357;604;-247
3084;Mannen en Vrouwen;63 jaar;2024;1552;357;600;-243
3085;Mannen en Vrouwen;63 jaar;2025;1526;358;620;-262
3086;Mannen en Vrouwen;63 jaar;2026;1514;360;629;-269
3087;Mannen en Vrouwen;63 jaar;2027;1498;361;651;-290
3088;Mannen en Vrouwen;63 jaar;2028;1436;363;649;-286
3089;Mannen en Vrouwen;63 jaar;2029;1378;363;641;-278
3090;Mannen en Vrouwen;63 jaar;2030;1335;364;639;-275
3091;Mannen en Vrouwen;63 jaar;2031;1313;364;658;-294
3092;Mannen en Vrouwen;63 jaar;2032;1336;367;672;-305
3093;Mannen en Vrouwen;63 jaar;2033;1274;369;676;-307
3094;Mannen en Vrouwen;63 jaar;2034;1193;368;656;-288
3095;Mannen en Vrouwen;63 jaar;2035;1111;369;648;-279
3096;Mannen en Vrouwen;63 jaar;2036;1006;372;628;-256
3097;Mannen en Vrouwen;63 jaar;2037;948;374;622;-248
3098;Mannen en Vrouwen;63 jaar;2038;889;376;612;-236
3099;Mannen en Vrouwen;63 jaar;2039;863;376;610;-234
3100;Mannen en Vrouwen;63 jaar;2040;834;378;615;-237
3101;Mannen en Vrouwen;63 jaar;2041;824;378;624;-246
3102;Mannen en Vrouwen;63 jaar;2042;802;379;626;-247
3103;Mannen en Vrouwen;63 jaar;2043;808;381;643;-262
3104;Mannen en Vrouwen;63 jaar;2044;778;381;643;-262
3105;Mannen en Vrouwen;63 jaar;2045;743;384;644;-260
3106;Mannen en Vrouwen;63 jaar;2046;722;386;648;-262
3107;Mannen en Vrouwen;63 jaar;2047;723;386;661;-275
3108;Mannen en Vrouwen;63 jaar;2048;718;384;667;-283
3109;Mannen en Vrouwen;63 jaar;2049;718;387;676;-289
3110;Mannen en Vrouwen;63 jaar;2050;709;388;681;-293
3111;Mannen en Vrouwen;63 jaar;2051;693;389;685;-296
3112;Mannen en Vrouwen;63 jaar;2052;684;389;692;-303
3113;Mannen en Vrouwen;63 jaar;2053;694;390;707;-317
3114;Mannen en Vrouwen;63 jaar;2054;680;390;710;-320
3115;Mannen en Vrouwen;63 jaar;2055;660;391;713;-322
3116;Mannen en Vrouwen;63 jaar;2056;643;390;713;-323
3117;Mannen en Vrouwen;63 jaar;2057;632;389;718;-329
3118;Mannen en Vrouwen;63 jaar;2058;607;390;716;-326
3119;Mannen en Vrouwen;63 jaar;2059;595;389;719;-330
3120;Mannen en Vrouwen;64 jaar;2012;1932;298;543;-245
3121;Mannen en Vrouwen;64 jaar;2013;1848;295;521;-226
3122;Mannen en Vrouwen;64 jaar;2014;1797;296;519;-223
3123;Mannen en Vrouwen;64 jaar;2015;1760;301;502;-201
3124;Mannen en Vrouwen;64 jaar;2016;1791;309;516;-207
3125;Mannen en Vrouwen;64 jaar;2017;1754;317;512;-195
3126;Mannen en Vrouwen;64 jaar;2018;1744;322;523;-201
3127;Mannen en Vrouwen;64 jaar;2019;1725;325;533;-208
3128;Mannen en Vrouwen;64 jaar;2020;1727;324;553;-229
3129;Mannen en Vrouwen;64 jaar;2021;1710;324;559;-235
3130;Mannen en Vrouwen;64 jaar;2022;1699;326;572;-246
3131;Mannen en Vrouwen;64 jaar;2023;1700;328;587;-259
3132;Mannen en Vrouwen;64 jaar;2024;1668;330;616;-286
3133;Mannen en Vrouwen;64 jaar;2025;1670;329;612;-283
3134;Mannen en Vrouwen;64 jaar;2026;1641;330;632;-302
3135;Mannen en Vrouwen;64 jaar;2027;1626;332;642;-310
3136;Mannen en Vrouwen;64 jaar;2028;1609;334;664;-330
3137;Mannen en Vrouwen;64 jaar;2029;1542;334;661;-327
3138;Mannen en Vrouwen;64 jaar;2030;1479;335;653;-318
3139;Mannen en Vrouwen;64 jaar;2031;1434;335;651;-316
3140;Mannen en Vrouwen;64 jaar;2032;1410;335;668;-333
3141;Mannen en Vrouwen;64 jaar;2033;1436;337;686;-349
3142;Mannen en Vrouwen;64 jaar;2034;1369;339;688;-349
3143;Mannen en Vrouwen;64 jaar;2035;1283;339;669;-330
3144;Mannen en Vrouwen;64 jaar;2036;1194;339;659;-320
3145;Mannen en Vrouwen;64 jaar;2037;1080;339;637;-298
3146;Mannen en Vrouwen;64 jaar;2038;1019;341;631;-290
3147;Mannen en Vrouwen;64 jaar;2039;956;341;620;-279
3148;Mannen en Vrouwen;64 jaar;2040;927;345;615;-270
3149;Mannen en Vrouwen;64 jaar;2041;896;347;622;-275
3150;Mannen en Vrouwen;64 jaar;2042;886;346;630;-284
3151;Mannen en Vrouwen;64 jaar;2043;862;347;633;-286
3152;Mannen en Vrouwen;64 jaar;2044;868;348;649;-301
3153;Mannen en Vrouwen;64 jaar;2045;837;348;649;-301
3154;Mannen en Vrouwen;64 jaar;2046;798;350;649;-299
3155;Mannen en Vrouwen;64 jaar;2047;776;350;653;-303
3156;Mannen en Vrouwen;64 jaar;2048;776;350;666;-316
3157;Mannen en Vrouwen;64 jaar;2049;771;350;673;-323
3158;Mannen en Vrouwen;64 jaar;2050;772;352;681;-329
3159;Mannen en Vrouwen;64 jaar;2051;762;354;685;-331
3160;Mannen en Vrouwen;64 jaar;2052;744;355;691;-336
3161;Mannen en Vrouwen;64 jaar;2053;735;357;698;-341
3162;Mannen en Vrouwen;64 jaar;2054;745;356;712;-356
3163;Mannen en Vrouwen;64 jaar;2055;730;356;716;-360
3164;Mannen en Vrouwen;64 jaar;2056;709;358;719;-361
3165;Mannen en Vrouwen;64 jaar;2057;691;358;718;-360
3166;Mannen en Vrouwen;64 jaar;2058;679;358;724;-366
3167;Mannen en Vrouwen;64 jaar;2059;652;356;721;-365
3168;Mannen en Vrouwen;65 jaar;2012;2220;288;562;-274
3169;Mannen en Vrouwen;65 jaar;2013;2079;289;538;-249
3170;Mannen en Vrouwen;65 jaar;2014;1988;283;522;-239
3171;Mannen en Vrouwen;65 jaar;2015;1931;288;525;-237
3172;Mannen en Vrouwen;65 jaar;2016;1890;298;507;-209
3173;Mannen en Vrouwen;65 jaar;2017;1921;306;519;-213
3174;Mannen en Vrouwen;65 jaar;2018;1881;310;521;-211
3175;Mannen en Vrouwen;65 jaar;2019;1869;312;534;-222
3176;Mannen en Vrouwen;65 jaar;2020;1852;311;543;-232
3177;Mannen en Vrouwen;65 jaar;2021;1854;314;563;-249
3178;Mannen en Vrouwen;65 jaar;2022;1838;314;568;-254
3179;Mannen en Vrouwen;65 jaar;2023;1829;317;582;-265
3180;Mannen en Vrouwen;65 jaar;2024;1829;316;598;-282
3181;Mannen en Vrouwen;65 jaar;2025;1794;316;626;-310
3182;Mannen en Vrouwen;65 jaar;2026;1795;317;623;-306
3183;Mannen en Vrouwen;65 jaar;2027;1763;321;643;-322
3184;Mannen en Vrouwen;65 jaar;2028;1748;320;654;-334
3185;Mannen en Vrouwen;65 jaar;2029;1729;322;674;-352
3186;Mannen en Vrouwen;65 jaar;2030;1656;323;670;-347
3187;Mannen en Vrouwen;65 jaar;2031;1591;324;662;-338
3188;Mannen en Vrouwen;65 jaar;2032;1542;325;657;-332
3189;Mannen en Vrouwen;65 jaar;2033;1517;329;675;-346
3190;Mannen en Vrouwen;65 jaar;2034;1543;328;694;-366
3191;Mannen en Vrouwen;65 jaar;2035;1472;330;694;-364
3192;Mannen en Vrouwen;65 jaar;2036;1379;331;676;-345
3193;Mannen en Vrouwen;65 jaar;2037;1283;334;662;-328
3194;Mannen en Vrouwen;65 jaar;2038;1162;334;637;-303
3195;Mannen en Vrouwen;65 jaar;2039;1096;334;630;-296
3196;Mannen en Vrouwen;65 jaar;2040;1028;335;616;-281
3197;Mannen en Vrouwen;65 jaar;2041;998;338;613;-275
3198;Mannen en Vrouwen;65 jaar;2042;964;338;616;-278
3199;Mannen en Vrouwen;65 jaar;2043;953;342;626;-284
3200;Mannen en Vrouwen;65 jaar;2044;928;342;628;-286
3201;Mannen en Vrouwen;65 jaar;2045;933;342;645;-303
3202;Mannen en Vrouwen;65 jaar;2046;899;342;645;-303
3203;Mannen en Vrouwen;65 jaar;2047;858;344;643;-299
3204;Mannen en Vrouwen;65 jaar;2048;834;346;647;-301
3205;Mannen en Vrouwen;65 jaar;2049;835;346;659;-313
3206;Mannen en Vrouwen;65 jaar;2050;829;346;667;-321
3207;Mannen en Vrouwen;65 jaar;2051;830;347;675;-328
3208;Mannen en Vrouwen;65 jaar;2052;819;347;681;-334
3209;Mannen en Vrouwen;65 jaar;2053;800;348;687;-339
3210;Mannen en Vrouwen;65 jaar;2054;791;350;693;-343
3211;Mannen en Vrouwen;65 jaar;2055;802;351;710;-359
3212;Mannen en Vrouwen;65 jaar;2056;785;352;713;-361
3213;Mannen en Vrouwen;65 jaar;2057;763;351;715;-364
3214;Mannen en Vrouwen;65 jaar;2058;743;351;716;-365
3215;Mannen en Vrouwen;65 jaar;2059;731;350;721;-371
3216;Mannen en Vrouwen;66 jaar;2012;2499;224;529;-305
3217;Mannen en Vrouwen;66 jaar;2013;2384;224;518;-294
3218;Mannen en Vrouwen;66 jaar;2014;2232;225;502;-277
3219;Mannen en Vrouwen;66 jaar;2015;2133;226;493;-267
3220;Mannen en Vrouwen;66 jaar;2016;2071;234;493;-259
3221;Mannen en Vrouwen;66 jaar;2017;2027;240;472;-232
3222;Mannen en Vrouwen;66 jaar;2018;2061;244;493;-249
3223;Mannen en Vrouwen;66 jaar;2019;2017;244;496;-252
3224;Mannen en Vrouwen;66 jaar;2020;2007;246;510;-264
3225;Mannen en Vrouwen;66 jaar;2021;1990;246;519;-273
3226;Mannen en Vrouwen;66 jaar;2022;1994;245;538;-293
3227;Mannen en Vrouwen;66 jaar;2023;1977;244;546;-302
3228;Mannen en Vrouwen;66 jaar;2024;1965;244;560;-316
3229;Mannen en Vrouwen;66 jaar;2025;1964;247;575;-328
3230;Mannen en Vrouwen;66 jaar;2026;1925;249;603;-354
3231;Mannen en Vrouwen;66 jaar;2027;1925;250;600;-350
3232;Mannen en Vrouwen;66 jaar;2028;1890;251;622;-371
3233;Mannen en Vrouwen;66 jaar;2029;1875;252;631;-379
3234;Mannen en Vrouwen;66 jaar;2030;1855;251;651;-400
3235;Mannen en Vrouwen;66 jaar;2031;1777;253;649;-396
3236;Mannen en Vrouwen;66 jaar;2032;1707;251;642;-391
3237;Mannen en Vrouwen;66 jaar;2033;1655;253;636;-383
3238;Mannen en Vrouwen;66 jaar;2034;1628;255;655;-400
3239;Mannen en Vrouwen;66 jaar;2035;1657;257;673;-416
3240;Mannen en Vrouwen;66 jaar;2036;1580;257;675;-418
3241;Mannen en Vrouwen;66 jaar;2037;1480;256;656;-400
3242;Mannen en Vrouwen;66 jaar;2038;1378;256;647;-391
3243;Mannen en Vrouwen;66 jaar;2039;1248;256;623;-367
3244;Mannen en Vrouwen;66 jaar;2040;1177;258;615;-357
3245;Mannen en Vrouwen;66 jaar;2041;1104;259;602;-343
3246;Mannen en Vrouwen;66 jaar;2042;1071;260;599;-339
3247;Mannen en Vrouwen;66 jaar;2043;1035;261;604;-343
3248;Mannen en Vrouwen;66 jaar;2044;1023;260;613;-353
3249;Mannen en Vrouwen;66 jaar;2045;996;262;616;-354
3250;Mannen en Vrouwen;66 jaar;2046;1002;262;633;-371
3251;Mannen en Vrouwen;66 jaar;2047;965;262;631;-369
3252;Mannen en Vrouwen;66 jaar;2048;921;262;633;-371
3253;Mannen en Vrouwen;66 jaar;2049;896;262;636;-374
3254;Mannen en Vrouwen;66 jaar;2050;896;263;650;-387
3255;Mannen en Vrouwen;66 jaar;2051;889;265;656;-391
3256;Mannen en Vrouwen;66 jaar;2052;891;265;664;-399
3257;Mannen en Vrouwen;66 jaar;2053;880;266;669;-403
3258;Mannen en Vrouwen;66 jaar;2054;858;265;674;-409
3259;Mannen en Vrouwen;66 jaar;2055;849;267;683;-416
3260;Mannen en Vrouwen;66 jaar;2056;860;267;698;-431
3261;Mannen en Vrouwen;66 jaar;2057;843;266;701;-435
3262;Mannen en Vrouwen;66 jaar;2058;819;266;704;-438
3263;Mannen en Vrouwen;66 jaar;2059;798;267;706;-439
3264;Mannen en Vrouwen;67 jaar;2012;1943;200;396;-196
3265;Mannen en Vrouwen;67 jaar;2013;2671;195;461;-266
3266;Mannen en Vrouwen;67 jaar;2014;2548;197;455;-258
3267;Mannen en Vrouwen;67 jaar;2015;2385;200;444;-244
3268;Mannen en Vrouwen;67 jaar;2016;2280;204;431;-227
3269;Mannen en Vrouwen;67 jaar;2017;2214;211;432;-221
3270;Mannen en Vrouwen;67 jaar;2018;2168;215;420;-205
3271;Mannen en Vrouwen;67 jaar;2019;2206;214;440;-226
3272;Mannen en Vrouwen;67 jaar;2020;2163;214;443;-229
3273;Mannen en Vrouwen;67 jaar;2021;2153;214;456;-242
3274;Mannen en Vrouwen;67 jaar;2022;2135;216;465;-249
3275;Mannen en Vrouwen;67 jaar;2023;2136;217;484;-267
3276;Mannen en Vrouwen;67 jaar;2024;2116;216;491;-275
3277;Mannen en Vrouwen;67 jaar;2025;2101;216;505;-289
3278;Mannen en Vrouwen;67 jaar;2026;2097;218;520;-302
3279;Mannen en Vrouwen;67 jaar;2027;2054;220;549;-329
3280;Mannen en Vrouwen;67 jaar;2028;2055;222;543;-321
3281;Mannen en Vrouwen;67 jaar;2029;2020;222;566;-344
3282;Mannen en Vrouwen;67 jaar;2030;2004;221;574;-353
3283;Mannen en Vrouwen;67 jaar;2031;1983;224;595;-371
3284;Mannen en Vrouwen;67 jaar;2032;1900;225;594;-369
3285;Mannen en Vrouwen;67 jaar;2033;1826;227;586;-359
3286;Mannen en Vrouwen;67 jaar;2034;1770;226;580;-354
3287;Mannen en Vrouwen;67 jaar;2035;1740;228;599;-371
3288;Mannen en Vrouwen;67 jaar;2036;1771;227;614;-387
3289;Mannen en Vrouwen;67 jaar;2037;1689;229;618;-389
3290;Mannen en Vrouwen;67 jaar;2038;1582;231;601;-370
3291;Mannen en Vrouwen;67 jaar;2039;1473;231;593;-362
3292;Mannen en Vrouwen;67 jaar;2040;1334;231;572;-341
3293;Mannen en Vrouwen;67 jaar;2041;1259;231;566;-335
3294;Mannen en Vrouwen;67 jaar;2042;1180;230;554;-324
3295;Mannen en Vrouwen;67 jaar;2043;1146;232;550;-318
3296;Mannen en Vrouwen;67 jaar;2044;1107;233;555;-322
3297;Mannen en Vrouwen;67 jaar;2045;1093;233;563;-330
3298;Mannen en Vrouwen;67 jaar;2046;1065;233;566;-333
3299;Mannen en Vrouwen;67 jaar;2047;1071;235;580;-345
3300;Mannen en Vrouwen;67 jaar;2048;1033;235;579;-344
3301;Mannen en Vrouwen;67 jaar;2049;985;234;581;-347
3302;Mannen en Vrouwen;67 jaar;2050;958;235;584;-349
3303;Mannen en Vrouwen;67 jaar;2051;958;236;597;-361
3304;Mannen en Vrouwen;67 jaar;2052;952;236;602;-366
3305;Mannen en Vrouwen;67 jaar;2053;953;236;608;-372
3306;Mannen en Vrouwen;67 jaar;2054;941;236;612;-376
3307;Mannen en Vrouwen;67 jaar;2055;918;236;616;-380
3308;Mannen en Vrouwen;67 jaar;2056;908;235;623;-388
3309;Mannen en Vrouwen;67 jaar;2057;920;235;635;-400
3310;Mannen en Vrouwen;67 jaar;2058;901;236;638;-402
3311;Mannen en Vrouwen;67 jaar;2059;876;237;641;-404
3312;Mannen en Vrouwen;68 jaar;2012;2198;180;339;-159
3313;Mannen en Vrouwen;68 jaar;2013;2071;179;336;-157
3314;Mannen en Vrouwen;68 jaar;2014;2844;181;398;-217
3315;Mannen en Vrouwen;68 jaar;2015;2712;181;397;-216
3316;Mannen en Vrouwen;68 jaar;2016;2539;185;388;-203
3317;Mannen en Vrouwen;68 jaar;2017;2428;190;374;-184
3318;Mannen en Vrouwen;68 jaar;2018;2358;193;382;-189
3319;Mannen en Vrouwen;68 jaar;2019;2311;196;369;-173
3320;Mannen en Vrouwen;68 jaar;2020;2351;192;388;-196
3321;Mannen en Vrouwen;68 jaar;2021;2304;191;390;-199
3322;Mannen en Vrouwen;68 jaar;2022;2292;193;402;-209
3323;Mannen en Vrouwen;68 jaar;2023;2269;193;410;-217
3324;Mannen en Vrouwen;68 jaar;2024;2269;195;427;-232
3325;Mannen en Vrouwen;68 jaar;2025;2247;194;432;-238
3326;Mannen en Vrouwen;68 jaar;2026;2232;193;448;-255
3327;Mannen en Vrouwen;68 jaar;2027;2231;194;460;-266
3328;Mannen en Vrouwen;68 jaar;2028;2188;197;489;-292
3329;Mannen en Vrouwen;68 jaar;2029;2191;197;481;-284
3330;Mannen en Vrouwen;68 jaar;2030;2154;202;503;-301
3331;Mannen en Vrouwen;68 jaar;2031;2137;201;510;-309
3332;Mannen en Vrouwen;68 jaar;2032;2115;201;530;-329
3333;Mannen en Vrouwen;68 jaar;2033;2026;203;529;-326
3334;Mannen en Vrouwen;68 jaar;2034;1946;203;521;-318
3335;Mannen en Vrouwen;68 jaar;2035;1887;206;516;-310
3336;Mannen en Vrouwen;68 jaar;2036;1856;206;535;-329
3337;Mannen en Vrouwen;68 jaar;2037;1888;206;547;-341
3338;Mannen en Vrouwen;68 jaar;2038;1801;205;551;-346
3339;Mannen en Vrouwen;68 jaar;2039;1688;207;536;-329
3340;Mannen en Vrouwen;68 jaar;2040;1571;207;530;-323
3341;Mannen en Vrouwen;68 jaar;2041;1423;211;512;-301
3342;Mannen en Vrouwen;68 jaar;2042;1342;210;507;-297
3343;Mannen en Vrouwen;68 jaar;2043;1259;211;496;-285
3344;Mannen en Vrouwen;68 jaar;2044;1222;211;492;-281
3345;Mannen en Vrouwen;68 jaar;2045;1181;211;496;-285
3346;Mannen en Vrouwen;68 jaar;2046;1166;211;503;-292
3347;Mannen en Vrouwen;68 jaar;2047;1135;211;505;-294
3348;Mannen en Vrouwen;68 jaar;2048;1142;211;517;-306
3349;Mannen en Vrouwen;68 jaar;2049;1102;211;516;-305
3350;Mannen en Vrouwen;68 jaar;2050;1050;213;518;-305
3351;Mannen en Vrouwen;68 jaar;2051;1022;213;521;-308
3352;Mannen en Vrouwen;68 jaar;2052;1022;213;531;-318
3353;Mannen en Vrouwen;68 jaar;2053;1014;213;537;-324
3354;Mannen en Vrouwen;68 jaar;2054;1016;214;541;-327
3355;Mannen en Vrouwen;68 jaar;2055;1003;215;544;-329
3356;Mannen en Vrouwen;68 jaar;2056;979;215;548;-333
3357;Mannen en Vrouwen;68 jaar;2057;968;215;553;-338
3358;Mannen en Vrouwen;68 jaar;2058;981;215;563;-348
3359;Mannen en Vrouwen;68 jaar;2059;961;215;567;-352
3360;Mannen en Vrouwen;69 jaar;2012;2258;160;273;-113
3361;Mannen en Vrouwen;69 jaar;2013;2341;159;283;-124
3362;Mannen en Vrouwen;69 jaar;2014;2204;160;284;-124
3363;Mannen en Vrouwen;69 jaar;2015;3027;162;336;-174
3364;Mannen en Vrouwen;69 jaar;2016;2886;164;334;-170
3365;Mannen en Vrouwen;69 jaar;2017;2701;169;324;-155
3366;Mannen en Vrouwen;69 jaar;2018;2583;172;319;-147
3367;Mannen en Vrouwen;69 jaar;2019;2507;174;329;-155
3368;Mannen en Vrouwen;69 jaar;2020;2454;174;316;-142
3369;Mannen en Vrouwen;69 jaar;2021;2494;175;333;-158
3370;Mannen en Vrouwen;69 jaar;2022;2441;173;335;-162
3371;Mannen en Vrouwen;69 jaar;2023;2427;172;347;-175
3372;Mannen en Vrouwen;69 jaar;2024;2405;171;356;-185
3373;Mannen en Vrouwen;69 jaar;2025;2408;173;371;-198
3374;Mannen en Vrouwen;69 jaar;2026;2389;174;376;-202
3375;Mannen en Vrouwen;69 jaar;2027;2377;175;389;-214
3376;Mannen en Vrouwen;69 jaar;2028;2379;176;401;-225
3377;Mannen en Vrouwen;69 jaar;2029;2336;177;428;-251
3378;Mannen en Vrouwen;69 jaar;2030;2339;177;420;-243
3379;Mannen en Vrouwen;69 jaar;2031;2297;180;442;-262
3380;Mannen en Vrouwen;69 jaar;2032;2279;179;448;-269
3381;Mannen en Vrouwen;69 jaar;2033;2254;179;465;-286
3382;Mannen en Vrouwen;69 jaar;2034;2159;182;466;-284
3383;Mannen en Vrouwen;69 jaar;2035;2074;181;461;-280
3384;Mannen en Vrouwen;69 jaar;2036;2011;182;453;-271
3385;Mannen en Vrouwen;69 jaar;2037;1978;182;472;-290
3386;Mannen en Vrouwen;69 jaar;2038;2014;182;484;-302
3387;Mannen en Vrouwen;69 jaar;2039;1921;183;489;-306
3388;Mannen en Vrouwen;69 jaar;2040;1800;184;474;-290
3389;Mannen en Vrouwen;69 jaar;2041;1676;184;469;-285
3390;Mannen en Vrouwen;69 jaar;2042;1516;183;454;-271
3391;Mannen en Vrouwen;69 jaar;2043;1431;184;450;-266
3392;Mannen en Vrouwen;69 jaar;2044;1342;184;439;-255
3393;Mannen en Vrouwen;69 jaar;2045;1303;185;436;-251
3394;Mannen en Vrouwen;69 jaar;2046;1258;185;440;-255
3395;Mannen en Vrouwen;69 jaar;2047;1243;186;447;-261
3396;Mannen en Vrouwen;69 jaar;2048;1210;186;447;-261
3397;Mannen en Vrouwen;69 jaar;2049;1217;189;458;-269
3398;Mannen en Vrouwen;69 jaar;2050;1174;189;457;-268
3399;Mannen en Vrouwen;69 jaar;2051;1119;189;460;-271
3400;Mannen en Vrouwen;69 jaar;2052;1089;189;463;-274
3401;Mannen en Vrouwen;69 jaar;2053;1089;189;473;-284
3402;Mannen en Vrouwen;69 jaar;2054;1081;191;475;-284
3403;Mannen en Vrouwen;69 jaar;2055;1083;191;479;-288
3404;Mannen en Vrouwen;69 jaar;2056;1069;191;482;-291
3405;Mannen en Vrouwen;69 jaar;2057;1043;191;485;-294
3406;Mannen en Vrouwen;69 jaar;2058;1031;191;490;-299
3407;Mannen en Vrouwen;69 jaar;2059;1045;191;497;-306
3408;Mannen en Vrouwen;70 jaar;2012;2262;143;235;-92
3409;Mannen en Vrouwen;70 jaar;2013;2405;143;234;-91
3410;Mannen en Vrouwen;70 jaar;2014;2492;143;245;-102
3411;Mannen en Vrouwen;70 jaar;2015;2347;145;247;-102
3412;Mannen en Vrouwen;70 jaar;2016;3223;147;290;-143
3413;Mannen en Vrouwen;70 jaar;2017;3072;148;286;-138
3414;Mannen en Vrouwen;70 jaar;2018;2874;151;284;-133
3415;Mannen en Vrouwen;70 jaar;2019;2746;153;280;-127
3416;Mannen en Vrouwen;70 jaar;2020;2664;155;288;-133
3417;Mannen en Vrouwen;70 jaar;2021;2607;154;278;-124
3418;Mannen en Vrouwen;70 jaar;2022;2649;155;292;-137
3419;Mannen en Vrouwen;70 jaar;2023;2594;155;294;-139
3420;Mannen en Vrouwen;70 jaar;2024;2582;156;305;-149
3421;Mannen en Vrouwen;70 jaar;2025;2563;159;312;-153
3422;Mannen en Vrouwen;70 jaar;2026;2569;159;326;-167
3423;Mannen en Vrouwen;70 jaar;2027;2553;160;330;-170
3424;Mannen en Vrouwen;70 jaar;2028;2541;160;341;-181
3425;Mannen en Vrouwen;70 jaar;2029;2544;159;353;-194
3426;Mannen en Vrouwen;70 jaar;2030;2495;159;377;-218
3427;Mannen en Vrouwen;70 jaar;2031;2497;160;369;-209
3428;Mannen en Vrouwen;70 jaar;2032;2452;161;388;-227
3429;Mannen en Vrouwen;70 jaar;2033;2431;162;394;-232
3430;Mannen en Vrouwen;70 jaar;2034;2405;162;411;-249
3431;Mannen en Vrouwen;70 jaar;2035;2305;165;411;-246
3432;Mannen en Vrouwen;70 jaar;2036;2214;165;407;-242
3433;Mannen en Vrouwen;70 jaar;2037;2148;164;401;-237
3434;Mannen en Vrouwen;70 jaar;2038;2112;165;418;-253
3435;Mannen en Vrouwen;70 jaar;2039;2151;165;428;-263
3436;Mannen en Vrouwen;70 jaar;2040;2052;166;433;-267
3437;Mannen en Vrouwen;70 jaar;2041;1922;167;419;-252
3438;Mannen en Vrouwen;70 jaar;2042;1789;167;416;-249
3439;Mannen en Vrouwen;70 jaar;2043;1620;168;404;-236
3440;Mannen en Vrouwen;70 jaar;2044;1527;168;401;-233
3441;Mannen en Vrouwen;70 jaar;2045;1433;168;391;-223
3442;Mannen en Vrouwen;70 jaar;2046;1391;167;388;-221
3443;Mannen en Vrouwen;70 jaar;2047;1344;168;392;-224
3444;Mannen en Vrouwen;70 jaar;2048;1328;169;398;-229
3445;Mannen en Vrouwen;70 jaar;2049;1293;170;399;-229
3446;Mannen en Vrouwen;70 jaar;2050;1301;170;408;-238
3447;Mannen en Vrouwen;70 jaar;2051;1254;171;407;-236
3448;Mannen en Vrouwen;70 jaar;2052;1195;171;410;-239
3449;Mannen en Vrouwen;70 jaar;2053;1162;171;412;-241
3450;Mannen en Vrouwen;70 jaar;2054;1162;171;421;-250
3451;Mannen en Vrouwen;70 jaar;2055;1154;171;423;-252
3452;Mannen en Vrouwen;70 jaar;2056;1156;171;428;-257
3453;Mannen en Vrouwen;70 jaar;2057;1140;170;430;-260
3454;Mannen en Vrouwen;70 jaar;2058;1113;171;434;-263
3455;Mannen en Vrouwen;70 jaar;2059;1101;171;437;-266
3456;Mannen en Vrouwen;71 jaar;2012;2338;127;192;-65
3457;Mannen en Vrouwen;71 jaar;2013;2412;125;200;-75
3458;Mannen en Vrouwen;71 jaar;2014;2565;128;199;-71
3459;Mannen en Vrouwen;71 jaar;2015;2659;133;209;-76
3460;Mannen en Vrouwen;71 jaar;2016;2504;132;210;-78
3461;Mannen en Vrouwen;71 jaar;2017;3437;135;244;-109
3462;Mannen en Vrouwen;71 jaar;2018;3277;136;248;-112
3463;Mannen en Vrouwen;71 jaar;2019;3064;137;247;-110
3464;Mannen en Vrouwen;71 jaar;2020;2927;136;245;-109
3465;Mannen en Vrouwen;71 jaar;2021;2839;138;253;-115
3466;Mannen en Vrouwen;71 jaar;2022;2781;138;240;-102
3467;Mannen en Vrouwen;71 jaar;2023;2829;138;254;-116
3468;Mannen en Vrouwen;71 jaar;2024;2775;137;257;-120
3469;Mannen en Vrouwen;71 jaar;2025;2766;137;268;-131
3470;Mannen en Vrouwen;71 jaar;2026;2749;137;276;-139
3471;Mannen en Vrouwen;71 jaar;2027;2759;138;289;-151
3472;Mannen en Vrouwen;71 jaar;2028;2739;139;291;-152
3473;Mannen en Vrouwen;71 jaar;2029;2725;139;303;-164
3474;Mannen en Vrouwen;71 jaar;2030;2724;140;315;-175
3475;Mannen en Vrouwen;71 jaar;2031;2669;141;337;-196
3476;Mannen en Vrouwen;71 jaar;2032;2670;141;331;-190
3477;Mannen en Vrouwen;71 jaar;2033;2622;140;352;-212
3478;Mannen en Vrouwen;71 jaar;2034;2601;141;357;-216
3479;Mannen en Vrouwen;71 jaar;2035;2573;141;373;-232
3480;Mannen en Vrouwen;71 jaar;2036;2467;142;374;-232
3481;Mannen en Vrouwen;71 jaar;2037;2371;141;372;-231
3482;Mannen en Vrouwen;71 jaar;2038;2300;142;364;-222
3483;Mannen en Vrouwen;71 jaar;2039;2262;145;382;-237
3484;Mannen en Vrouwen;71 jaar;2040;2303;145;392;-247
3485;Mannen en Vrouwen;71 jaar;2041;2197;145;397;-252
3486;Mannen en Vrouwen;71 jaar;2042;2057;145;388;-243
3487;Mannen en Vrouwen;71 jaar;2043;1915;146;384;-238
3488;Mannen en Vrouwen;71 jaar;2044;1734;149;372;-223
3489;Mannen en Vrouwen;71 jaar;2045;1636;149;371;-222
3490;Mannen en Vrouwen;71 jaar;2046;1534;149;361;-212
3491;Mannen en Vrouwen;71 jaar;2047;1490;149;358;-209
3492;Mannen en Vrouwen;71 jaar;2048;1439;149;362;-213
3493;Mannen en Vrouwen;71 jaar;2049;1422;149;368;-219
3494;Mannen en Vrouwen;71 jaar;2050;1384;149;367;-218
3495;Mannen en Vrouwen;71 jaar;2051;1392;149;376;-227
3496;Mannen en Vrouwen;71 jaar;2052;1342;149;375;-226
3497;Mannen en Vrouwen;71 jaar;2053;1279;149;377;-228
3498;Mannen en Vrouwen;71 jaar;2054;1244;149;380;-231
3499;Mannen en Vrouwen;71 jaar;2055;1244;149;389;-240
3500;Mannen en Vrouwen;71 jaar;2056;1235;149;391;-242
3501;Mannen en Vrouwen;71 jaar;2057;1238;150;394;-244
3502;Mannen en Vrouwen;71 jaar;2058;1221;150;397;-247
3503;Mannen en Vrouwen;71 jaar;2059;1191;150;400;-250
3504;Mannen en Vrouwen;72 jaar;2012;2613;118;187;-69
3505;Mannen en Vrouwen;72 jaar;2013;2503;118;168;-50
3506;Mannen en Vrouwen;72 jaar;2014;2583;117;176;-59
3507;Mannen en Vrouwen;72 jaar;2015;2748;117;175;-58
3508;Mannen en Vrouwen;72 jaar;2016;2850;120;183;-63
3509;Mannen en Vrouwen;72 jaar;2017;2683;122;183;-61
3510;Mannen en Vrouwen;72 jaar;2018;3683;124;214;-90
3511;Mannen en Vrouwen;72 jaar;2019;3509;125;219;-94
3512;Mannen en Vrouwen;72 jaar;2020;3282;126;219;-93
3513;Mannen en Vrouwen;72 jaar;2021;3137;126;216;-90
3514;Mannen en Vrouwen;72 jaar;2022;3047;127;224;-97
3515;Mannen en Vrouwen;72 jaar;2023;2991;127;213;-86
3516;Mannen en Vrouwen;72 jaar;2024;3050;128;225;-97
3517;Mannen en Vrouwen;72 jaar;2025;2998;128;228;-100
3518;Mannen en Vrouwen;72 jaar;2026;2992;128;237;-109
3519;Mannen en Vrouwen;72 jaar;2027;2974;127;244;-117
3520;Mannen en Vrouwen;72 jaar;2028;2979;127;257;-130
3521;Mannen en Vrouwen;72 jaar;2029;2953;128;259;-131
3522;Mannen en Vrouwen;72 jaar;2030;2932;128;269;-141
3523;Mannen en Vrouwen;72 jaar;2031;2928;129;280;-151
3524;Mannen en Vrouwen;72 jaar;2032;2867;130;303;-173
3525;Mannen en Vrouwen;72 jaar;2033;2870;131;296;-165
3526;Mannen en Vrouwen;72 jaar;2034;2820;131;314;-183
3527;Mannen en Vrouwen;72 jaar;2035;2799;132;320;-188
3528;Mannen en Vrouwen;72 jaar;2036;2771;133;335;-202
3529;Mannen en Vrouwen;72 jaar;2037;2657;133;337;-204
3530;Mannen en Vrouwen;72 jaar;2038;2553;134;334;-200
3531;Mannen en Vrouwen;72 jaar;2039;2477;133;326;-193
3532;Mannen en Vrouwen;72 jaar;2040;2436;135;344;-209
3533;Mannen en Vrouwen;72 jaar;2041;2479;135;353;-218
3534;Mannen en Vrouwen;72 jaar;2042;2365;136;359;-223
3535;Mannen en Vrouwen;72 jaar;2043;2216;136;350;-214
3536;Mannen en Vrouwen;72 jaar;2044;2063;136;348;-212
3537;Mannen en Vrouwen;72 jaar;2045;1868;137;338;-201
3538;Mannen en Vrouwen;72 jaar;2046;1762;137;337;-200
3539;Mannen en Vrouwen;72 jaar;2047;1653;138;328;-190
3540;Mannen en Vrouwen;72 jaar;2048;1605;139;324;-185
3541;Mannen en Vrouwen;72 jaar;2049;1550;141;329;-188
3542;Mannen en Vrouwen;72 jaar;2050;1532;142;332;-190
3543;Mannen en Vrouwen;72 jaar;2051;1492;142;333;-191
3544;Mannen en Vrouwen;72 jaar;2052;1500;142;340;-198
3545;Mannen en Vrouwen;72 jaar;2053;1446;141;340;-199
3546;Mannen en Vrouwen;72 jaar;2054;1378;141;342;-201
3547;Mannen en Vrouwen;72 jaar;2055;1340;141;343;-202
3548;Mannen en Vrouwen;72 jaar;2056;1340;141;351;-210
3549;Mannen en Vrouwen;72 jaar;2057;1331;141;354;-213
3550;Mannen en Vrouwen;72 jaar;2058;1333;140;356;-216
3551;Mannen en Vrouwen;72 jaar;2059;1315;140;357;-217
3552;Mannen en Vrouwen;73 jaar;2012;2748;105;163;-58
3553;Mannen en Vrouwen;73 jaar;2013;2807;102;174;-72
3554;Mannen en Vrouwen;73 jaar;2014;2690;102;156;-54
3555;Mannen en Vrouwen;73 jaar;2015;2778;104;164;-60
3556;Mannen en Vrouwen;73 jaar;2016;2955;103;162;-59
3557;Mannen en Vrouwen;73 jaar;2017;3064;108;169;-61
3558;Mannen en Vrouwen;73 jaar;2018;2884;109;174;-65
3559;Mannen en Vrouwen;73 jaar;2019;3958;107;204;-97
3560;Mannen en Vrouwen;73 jaar;2020;3772;107;208;-101
3561;Mannen en Vrouwen;73 jaar;2021;3530;107;209;-102
3562;Mannen en Vrouwen;73 jaar;2022;3378;107;208;-101
3563;Mannen en Vrouwen;73 jaar;2023;3287;108;216;-108
3564;Mannen en Vrouwen;73 jaar;2024;3229;108;205;-97
3565;Mannen en Vrouwen;73 jaar;2025;3294;109;216;-107
3566;Mannen en Vrouwen;73 jaar;2026;3235;108;219;-111
3567;Mannen en Vrouwen;73 jaar;2027;3223;108;228;-120
3568;Mannen en Vrouwen;73 jaar;2028;3195;108;235;-127
3569;Mannen en Vrouwen;73 jaar;2029;3195;108;248;-140
3570;Mannen en Vrouwen;73 jaar;2030;3164;110;250;-140
3571;Mannen en Vrouwen;73 jaar;2031;3142;111;260;-149
3572;Mannen en Vrouwen;73 jaar;2032;3140;111;271;-160
3573;Mannen en Vrouwen;73 jaar;2033;3080;112;294;-182
3574;Mannen en Vrouwen;73 jaar;2034;3088;112;287;-175
3575;Mannen en Vrouwen;73 jaar;2035;3037;111;305;-194
3576;Mannen en Vrouwen;73 jaar;2036;3017;111;311;-200
3577;Mannen en Vrouwen;73 jaar;2037;2987;112;327;-215
3578;Mannen en Vrouwen;73 jaar;2038;2864;114;329;-215
3579;Mannen en Vrouwen;73 jaar;2039;2754;114;327;-213
3580;Mannen en Vrouwen;73 jaar;2040;2672;115;318;-203
3581;Mannen en Vrouwen;73 jaar;2041;2628;115;338;-223
3582;Mannen en Vrouwen;73 jaar;2042;2676;115;345;-230
3583;Mannen en Vrouwen;73 jaar;2043;2554;116;353;-237
3584;Mannen en Vrouwen;73 jaar;2044;2394;116;343;-227
3585;Mannen en Vrouwen;73 jaar;2045;2230;116;342;-226
3586;Mannen en Vrouwen;73 jaar;2046;2019;115;333;-218
3587;Mannen en Vrouwen;73 jaar;2047;1905;116;331;-215
3588;Mannen en Vrouwen;73 jaar;2048;1788;116;323;-207
3589;Mannen en Vrouwen;73 jaar;2049;1736;117;319;-202
3590;Mannen en Vrouwen;73 jaar;2050;1678;118;324;-206
3591;Mannen en Vrouwen;73 jaar;2051;1658;118;329;-211
3592;Mannen en Vrouwen;73 jaar;2052;1615;119;328;-209
3593;Mannen en Vrouwen;73 jaar;2053;1625;119;335;-216
3594;Mannen en Vrouwen;73 jaar;2054;1567;121;334;-213
3595;Mannen en Vrouwen;73 jaar;2055;1493;122;336;-214
3596;Mannen en Vrouwen;73 jaar;2056;1453;122;338;-216
3597;Mannen en Vrouwen;73 jaar;2057;1454;122;345;-223
3598;Mannen en Vrouwen;73 jaar;2058;1443;120;348;-228
3599;Mannen en Vrouwen;73 jaar;2059;1446;120;350;-230
3600;Mannen en Vrouwen;74 jaar;2012;2945;93;143;-50
3601;Mannen en Vrouwen;74 jaar;2013;2956;96;144;-48
3602;Mannen en Vrouwen;74 jaar;2014;3020;95;155;-60
3603;Mannen en Vrouwen;74 jaar;2015;2896;95;140;-45
3604;Mannen en Vrouwen;74 jaar;2016;2990;98;147;-49
3605;Mannen en Vrouwen;74 jaar;2017;3180;98;143;-45
3606;Mannen en Vrouwen;74 jaar;2018;3296;99;154;-55
3607;Mannen en Vrouwen;74 jaar;2019;3101;98;159;-61
3608;Mannen en Vrouwen;74 jaar;2020;4257;97;185;-88
3609;Mannen en Vrouwen;74 jaar;2021;4059;98;190;-92
3610;Mannen en Vrouwen;74 jaar;2022;3801;98;192;-94
3611;Mannen en Vrouwen;74 jaar;2023;3638;99;192;-93
3612;Mannen en Vrouwen;74 jaar;2024;3538;100;200;-100
3613;Mannen en Vrouwen;74 jaar;2025;3472;100;189;-89
3614;Mannen en Vrouwen;74 jaar;2026;3533;100;200;-100
3615;Mannen en Vrouwen;74 jaar;2027;3462;100;203;-103
3616;Mannen en Vrouwen;74 jaar;2028;3441;100;213;-113
3617;Mannen en Vrouwen;74 jaar;2029;3407;100;220;-120
3618;Mannen en Vrouwen;74 jaar;2030;3410;100;232;-132
3619;Mannen en Vrouwen;74 jaar;2031;3381;100;233;-133
3620;Mannen en Vrouwen;74 jaar;2032;3365;100;243;-143
3621;Mannen en Vrouwen;74 jaar;2033;3370;101;254;-153
3622;Mannen en Vrouwen;74 jaar;2034;3311;102;279;-177
3623;Mannen en Vrouwen;74 jaar;2035;3323;103;271;-168
3624;Mannen en Vrouwen;74 jaar;2036;3270;105;289;-184
3625;Mannen en Vrouwen;74 jaar;2037;3249;104;294;-190
3626;Mannen en Vrouwen;74 jaar;2038;3218;106;310;-204
3627;Mannen en Vrouwen;74 jaar;2039;3087;106;312;-206
3628;Mannen en Vrouwen;74 jaar;2040;2970;106;310;-204
3629;Mannen en Vrouwen;74 jaar;2041;2883;107;302;-195
3630;Mannen en Vrouwen;74 jaar;2042;2838;108;320;-212
3631;Mannen en Vrouwen;74 jaar;2043;2892;108;330;-222
3632;Mannen en Vrouwen;74 jaar;2044;2762;108;336;-228
3633;Mannen en Vrouwen;74 jaar;2045;2590;108;329;-221
3634;Mannen en Vrouwen;74 jaar;2046;2414;109;327;-218
3635;Mannen en Vrouwen;74 jaar;2047;2187;110;320;-210
3636;Mannen en Vrouwen;74 jaar;2048;2066;110;318;-208
3637;Mannen en Vrouwen;74 jaar;2049;1940;110;308;-198
3638;Mannen en Vrouwen;74 jaar;2050;1884;110;305;-195
3639;Mannen en Vrouwen;74 jaar;2051;1822;111;310;-199
3640;Mannen en Vrouwen;74 jaar;2052;1801;111;314;-203
3641;Mannen en Vrouwen;74 jaar;2053;1756;111;314;-203
3642;Mannen en Vrouwen;74 jaar;2054;1767;111;319;-208
3643;Mannen en Vrouwen;74 jaar;2055;1705;110;320;-210
3644;Mannen en Vrouwen;74 jaar;2056;1626;110;322;-212
3645;Mannen en Vrouwen;74 jaar;2057;1583;110;323;-213
3646;Mannen en Vrouwen;74 jaar;2058;1583;110;330;-220
3647;Mannen en Vrouwen;74 jaar;2059;1573;110;332;-222
3648;Mannen en Vrouwen;75 jaar;2012;3024;85;122;-37
3649;Mannen en Vrouwen;75 jaar;2013;3164;85;130;-45
3650;Mannen en Vrouwen;75 jaar;2014;3178;84;129;-45
3651;Mannen en Vrouwen;75 jaar;2015;3248;84;141;-57
3652;Mannen en Vrouwen;75 jaar;2016;3114;86;126;-40
3653;Mannen en Vrouwen;75 jaar;2017;3215;86;133;-47
3654;Mannen en Vrouwen;75 jaar;2018;3419;88;134;-46
3655;Mannen en Vrouwen;75 jaar;2019;3543;87;143;-56
3656;Mannen en Vrouwen;75 jaar;2020;3335;87;149;-62
3657;Mannen en Vrouwen;75 jaar;2021;4580;88;173;-85
3658;Mannen en Vrouwen;75 jaar;2022;4369;90;177;-87
3659;Mannen en Vrouwen;75 jaar;2023;4092;88;180;-92
3660;Mannen en Vrouwen;75 jaar;2024;3915;88;179;-91
3661;Mannen en Vrouwen;75 jaar;2025;3802;89;188;-99
3662;Mannen en Vrouwen;75 jaar;2026;3726;90;179;-89
3663;Mannen en Vrouwen;75 jaar;2027;3786;90;190;-100
3664;Mannen en Vrouwen;75 jaar;2028;3704;91;193;-102
3665;Mannen en Vrouwen;75 jaar;2029;3679;91;202;-111
3666;Mannen en Vrouwen;75 jaar;2030;3646;91;208;-117
3667;Mannen en Vrouwen;75 jaar;2031;3653;91;221;-130
3668;Mannen en Vrouwen;75 jaar;2032;3628;91;223;-132
3669;Mannen en Vrouwen;75 jaar;2033;3617;92;233;-141
3670;Mannen en Vrouwen;75 jaar;2034;3627;93;242;-149
3671;Mannen en Vrouwen;75 jaar;2035;3565;94;267;-173
3672;Mannen en Vrouwen;75 jaar;2036;3580;94;259;-165
3673;Mannen en Vrouwen;75 jaar;2037;3524;93;277;-184
3674;Mannen en Vrouwen;75 jaar;2038;3504;95;281;-186
3675;Mannen en Vrouwen;75 jaar;2039;3473;94;299;-205
3676;Mannen en Vrouwen;75 jaar;2040;3334;94;300;-206
3677;Mannen en Vrouwen;75 jaar;2041;3209;95;299;-204
3678;Mannen en Vrouwen;75 jaar;2042;3118;95;291;-196
3679;Mannen en Vrouwen;75 jaar;2043;3071;95;310;-215
3680;Mannen en Vrouwen;75 jaar;2044;3133;95;319;-224
3681;Mannen en Vrouwen;75 jaar;2045;2994;95;326;-231
3682;Mannen en Vrouwen;75 jaar;2046;2809;96;319;-223
3683;Mannen en Vrouwen;75 jaar;2047;2620;96;318;-222
3684;Mannen en Vrouwen;75 jaar;2048;2375;96;310;-214
3685;Mannen en Vrouwen;75 jaar;2049;2243;96;309;-213
3686;Mannen en Vrouwen;75 jaar;2050;2107;98;301;-203
3687;Mannen en Vrouwen;75 jaar;2051;2050;98;297;-199
3688;Mannen en Vrouwen;75 jaar;2052;1982;98;302;-204
3689;Mannen en Vrouwen;75 jaar;2053;1961;98;306;-208
3690;Mannen en Vrouwen;75 jaar;2054;1913;98;306;-208
3691;Mannen en Vrouwen;75 jaar;2055;1926;97;311;-214
3692;Mannen en Vrouwen;75 jaar;2056;1859;97;311;-214
3693;Mannen en Vrouwen;75 jaar;2057;1774;97;313;-216
3694;Mannen en Vrouwen;75 jaar;2058;1728;97;315;-218
3695;Mannen en Vrouwen;75 jaar;2059;1730;97;322;-225
3696;Mannen en Vrouwen;76 jaar;2012;3283;87;109;-22
3697;Mannen en Vrouwen;76 jaar;2013;3243;86;112;-26
3698;Mannen en Vrouwen;76 jaar;2014;3395;86;120;-34
3699;Mannen en Vrouwen;76 jaar;2015;3409;86;120;-34
3700;Mannen en Vrouwen;76 jaar;2016;3483;87;130;-43
3701;Mannen en Vrouwen;76 jaar;2017;3341;88;115;-27
3702;Mannen en Vrouwen;76 jaar;2018;3449;88;126;-38
3703;Mannen en Vrouwen;76 jaar;2019;3669;89;127;-38
3704;Mannen en Vrouwen;76 jaar;2020;3804;89;138;-49
3705;Mannen en Vrouwen;76 jaar;2021;3583;91;142;-51
3706;Mannen en Vrouwen;76 jaar;2022;4922;90;162;-72
3707;Mannen en Vrouwen;76 jaar;2023;4695;93;166;-73
3708;Mannen en Vrouwen;76 jaar;2024;4396;92;169;-77
3709;Mannen en Vrouwen;76 jaar;2025;4202;92;170;-78
3710;Mannen en Vrouwen;76 jaar;2026;4078;92;180;-88
3711;Mannen en Vrouwen;76 jaar;2027;3992;93;169;-76
3712;Mannen en Vrouwen;76 jaar;2028;4053;92;181;-89
3713;Mannen en Vrouwen;76 jaar;2029;3967;93;184;-91
3714;Mannen en Vrouwen;76 jaar;2030;3944;93;193;-100
3715;Mannen en Vrouwen;76 jaar;2031;3913;92;200;-108
3716;Mannen en Vrouwen;76 jaar;2032;3926;93;211;-118
3717;Mannen en Vrouwen;76 jaar;2033;3903;94;214;-120
3718;Mannen en Vrouwen;76 jaar;2034;3893;95;224;-129
3719;Mannen en Vrouwen;76 jaar;2035;3906;95;235;-140
3720;Mannen en Vrouwen;76 jaar;2036;3840;97;259;-162
3721;Mannen en Vrouwen;76 jaar;2037;3859;97;252;-155
3722;Mannen en Vrouwen;76 jaar;2038;3800;97;271;-174
3723;Mannen en Vrouwen;76 jaar;2039;3781;97;276;-179
3724;Mannen en Vrouwen;76 jaar;2040;3750;98;293;-195
3725;Mannen en Vrouwen;76 jaar;2041;3603;100;295;-195
3726;Mannen en Vrouwen;76 jaar;2042;3472;100;293;-193
3727;Mannen en Vrouwen;76 jaar;2043;3377;100;285;-185
3728;Mannen en Vrouwen;76 jaar;2044;3328;100;306;-206
3729;Mannen en Vrouwen;76 jaar;2045;3396;100;315;-215
3730;Mannen en Vrouwen;76 jaar;2046;3247;100;323;-223
3731;Mannen en Vrouwen;76 jaar;2047;3049;101;317;-216
3732;Mannen en Vrouwen;76 jaar;2048;2844;101;315;-214
3733;Mannen en Vrouwen;76 jaar;2049;2580;101;308;-207
3734;Mannen en Vrouwen;76 jaar;2050;2440;101;308;-207
3735;Mannen en Vrouwen;76 jaar;2051;2293;102;298;-196
3736;Mannen en Vrouwen;76 jaar;2052;2231;102;294;-192
3737;Mannen en Vrouwen;76 jaar;2053;2159;103;301;-198
3738;Mannen en Vrouwen;76 jaar;2054;2137;103;303;-200
3739;Mannen en Vrouwen;76 jaar;2055;2086;103;302;-199
3740;Mannen en Vrouwen;76 jaar;2056;2102;103;307;-204
3741;Mannen en Vrouwen;76 jaar;2057;2029;103;306;-203
3742;Mannen en Vrouwen;76 jaar;2058;1938;103;308;-205
3743;Mannen en Vrouwen;76 jaar;2059;1887;103;310;-207
3744;Mannen en Vrouwen;77 jaar;2012;3476;71;92;-21
3745;Mannen en Vrouwen;77 jaar;2013;3508;71;98;-27
3746;Mannen en Vrouwen;77 jaar;2014;3466;72;101;-29
3747;Mannen en Vrouwen;77 jaar;2015;3626;72;108;-36
3748;Mannen en Vrouwen;77 jaar;2016;3642;72;108;-36
3749;Mannen en Vrouwen;77 jaar;2017;3722;74;116;-42
3750;Mannen en Vrouwen;77 jaar;2018;3571;74;108;-34
3751;Mannen en Vrouwen;77 jaar;2019;3689;75;118;-43
3752;Mannen en Vrouwen;77 jaar;2020;3928;76;118;-42
3753;Mannen en Vrouwen;77 jaar;2021;4074;75;127;-52
3754;Mannen en Vrouwen;77 jaar;2022;3838;75;133;-58
3755;Mannen en Vrouwen;77 jaar;2023;5273;75;152;-77
3756;Mannen en Vrouwen;77 jaar;2024;5028;75;156;-81
3757;Mannen en Vrouwen;77 jaar;2025;4705;76;160;-84
3758;Mannen en Vrouwen;77 jaar;2026;4496;77;160;-83
3759;Mannen en Vrouwen;77 jaar;2027;4361;77;170;-93
3760;Mannen en Vrouwen;77 jaar;2028;4271;77;161;-84
3761;Mannen en Vrouwen;77 jaar;2029;4341;79;173;-94
3762;Mannen en Vrouwen;77 jaar;2030;4253;79;175;-96
3763;Mannen en Vrouwen;77 jaar;2031;4234;78;184;-106
3764;Mannen en Vrouwen;77 jaar;2032;4205;78;192;-114
3765;Mannen en Vrouwen;77 jaar;2033;4220;78;204;-126
3766;Mannen en Vrouwen;77 jaar;2034;4196;79;206;-127
3767;Mannen en Vrouwen;77 jaar;2035;4185;79;217;-138
3768;Mannen en Vrouwen;77 jaar;2036;4198;80;226;-146
3769;Mannen en Vrouwen;77 jaar;2037;4130;80;251;-171
3770;Mannen en Vrouwen;77 jaar;2038;4153;81;244;-163
3771;Mannen en Vrouwen;77 jaar;2039;4095;82;261;-179
3772;Mannen en Vrouwen;77 jaar;2040;4079;82;267;-185
3773;Mannen en Vrouwen;77 jaar;2041;4050;82;283;-201
3774;Mannen en Vrouwen;77 jaar;2042;3895;83;286;-203
3775;Mannen en Vrouwen;77 jaar;2043;3754;83;285;-202
3776;Mannen en Vrouwen;77 jaar;2044;3654;84;278;-194
3777;Mannen en Vrouwen;77 jaar;2045;3603;84;297;-213
3778;Mannen en Vrouwen;77 jaar;2046;3680;84;307;-223
3779;Mannen en Vrouwen;77 jaar;2047;3520;83;315;-232
3780;Mannen en Vrouwen;77 jaar;2048;3307;83;311;-228
3781;Mannen en Vrouwen;77 jaar;2049;3088;84;310;-226
3782;Mannen en Vrouwen;77 jaar;2050;2803;84;302;-218
3783;Mannen en Vrouwen;77 jaar;2051;2651;85;302;-217
3784;Mannen en Vrouwen;77 jaar;2052;2494;85;294;-209
3785;Mannen en Vrouwen;77 jaar;2053;2429;85;290;-205
3786;Mannen en Vrouwen;77 jaar;2054;2351;85;296;-211
3787;Mannen en Vrouwen;77 jaar;2055;2329;86;299;-213
3788;Mannen en Vrouwen;77 jaar;2056;2274;86;299;-213
3789;Mannen en Vrouwen;77 jaar;2057;2292;86;303;-217
3790;Mannen en Vrouwen;77 jaar;2058;2215;86;303;-217
3791;Mannen en Vrouwen;77 jaar;2059;2117;86;305;-219
3792;Mannen en Vrouwen;78 jaar;2012;3729;65;82;-17
3793;Mannen en Vrouwen;78 jaar;2013;3710;64;83;-19
3794;Mannen en Vrouwen;78 jaar;2014;3746;63;89;-26
3795;Mannen en Vrouwen;78 jaar;2015;3704;63;91;-28
3796;Mannen en Vrouwen;78 jaar;2016;3878;64;97;-33
3797;Mannen en Vrouwen;78 jaar;2017;3899;65;98;-33
3798;Mannen en Vrouwen;78 jaar;2018;3988;65;109;-44
3799;Mannen en Vrouwen;78 jaar;2019;3832;67;101;-34
3800;Mannen en Vrouwen;78 jaar;2020;3961;66;111;-45
3801;Mannen en Vrouwen;78 jaar;2021;4220;66;112;-46
3802;Mannen en Vrouwen;78 jaar;2022;4379;66;121;-55
3803;Mannen en Vrouwen;78 jaar;2023;4126;66;126;-60
3804;Mannen en Vrouwen;78 jaar;2024;5669;68;143;-75
3805;Mannen en Vrouwen;78 jaar;2025;5407;70;148;-78
3806;Mannen en Vrouwen;78 jaar;2026;5060;70;152;-82
3807;Mannen en Vrouwen;78 jaar;2027;4837;70;153;-83
3808;Mannen en Vrouwen;78 jaar;2028;4694;69;163;-94
3809;Mannen en Vrouwen;78 jaar;2029;4600;69;155;-86
3810;Mannen en Vrouwen;78 jaar;2030;4678;69;166;-97
3811;Mannen en Vrouwen;78 jaar;2031;4585;68;169;-101
3812;Mannen en Vrouwen;78 jaar;2032;4564;68;179;-111
3813;Mannen en Vrouwen;78 jaar;2033;4531;68;188;-120
3814;Mannen en Vrouwen;78 jaar;2034;4547;68;200;-132
3815;Mannen en Vrouwen;78 jaar;2035;4523;69;202;-133
3816;Mannen en Vrouwen;78 jaar;2036;4515;69;212;-143
3817;Mannen en Vrouwen;78 jaar;2037;4535;69;222;-153
3818;Mannen en Vrouwen;78 jaar;2038;4467;69;248;-179
3819;Mannen en Vrouwen;78 jaar;2039;4500;70;241;-171
3820;Mannen en Vrouwen;78 jaar;2040;4443;70;259;-189
3821;Mannen en Vrouwen;78 jaar;2041;4431;70;266;-196
3822;Mannen en Vrouwen;78 jaar;2042;4403;71;281;-210
3823;Mannen en Vrouwen;78 jaar;2043;4238;71;285;-214
3824;Mannen en Vrouwen;78 jaar;2044;4090;72;284;-212
3825;Mannen en Vrouwen;78 jaar;2045;3985;73;277;-204
3826;Mannen en Vrouwen;78 jaar;2046;3933;73;297;-224
3827;Mannen en Vrouwen;78 jaar;2047;4020;75;306;-231
3828;Mannen en Vrouwen;78 jaar;2048;3848;75;316;-241
3829;Mannen en Vrouwen;78 jaar;2049;3621;75;311;-236
3830;Mannen en Vrouwen;78 jaar;2050;3383;75;310;-235
3831;Mannen en Vrouwen;78 jaar;2051;3073;75;304;-229
3832;Mannen en Vrouwen;78 jaar;2052;2910;75;305;-230
3833;Mannen en Vrouwen;78 jaar;2053;2739;76;295;-219
3834;Mannen en Vrouwen;78 jaar;2054;2669;76;292;-216
3835;Mannen en Vrouwen;78 jaar;2055;2587;77;298;-221
3836;Mannen en Vrouwen;78 jaar;2056;2565;78;301;-223
3837;Mannen en Vrouwen;78 jaar;2057;2506;78;302;-224
3838;Mannen en Vrouwen;78 jaar;2058;2529;78;306;-228
3839;Mannen en Vrouwen;78 jaar;2059;2446;78;305;-227
3840;Mannen en Vrouwen;79 jaar;2012;3946;53;75;-22
3841;Mannen en Vrouwen;79 jaar;2013;3975;55;74;-19
3842;Mannen en Vrouwen;79 jaar;2014;3960;55;76;-21
3843;Mannen en Vrouwen;79 jaar;2015;4003;54;82;-28
3844;Mannen en Vrouwen;79 jaar;2016;3965;53;84;-31
3845;Mannen en Vrouwen;79 jaar;2017;4158;54;90;-36
3846;Mannen en Vrouwen;79 jaar;2018;4188;54;93;-39
3847;Mannen en Vrouwen;79 jaar;2019;4289;55;105;-50
3848;Mannen en Vrouwen;79 jaar;2020;4124;54;97;-43
3849;Mannen en Vrouwen;79 jaar;2021;4266;54;106;-52
3850;Mannen en Vrouwen;79 jaar;2022;4549;53;106;-53
3851;Mannen en Vrouwen;79 jaar;2023;4723;52;116;-64
3852;Mannen en Vrouwen;79 jaar;2024;4452;53;122;-69
3853;Mannen en Vrouwen;79 jaar;2025;6120;54;138;-84
3854;Mannen en Vrouwen;79 jaar;2026;5839;55;142;-87
3855;Mannen en Vrouwen;79 jaar;2027;5466;56;148;-92
3856;Mannen en Vrouwen;79 jaar;2028;5227;56;148;-92
3857;Mannen en Vrouwen;79 jaar;2029;5073;56;160;-104
3858;Mannen en Vrouwen;79 jaar;2030;4972;56;152;-96
3859;Mannen en Vrouwen;79 jaar;2031;5055;56;163;-107
3860;Mannen en Vrouwen;79 jaar;2032;4953;56;166;-110
3861;Mannen en Vrouwen;79 jaar;2033;4929;56;176;-120
3862;Mannen en Vrouwen;79 jaar;2034;4893;56;184;-128
3863;Mannen en Vrouwen;79 jaar;2035;4914;55;195;-140
3864;Mannen en Vrouwen;79 jaar;2036;4896;56;198;-142
3865;Mannen en Vrouwen;79 jaar;2037;4895;56;208;-152
3866;Mannen en Vrouwen;79 jaar;2038;4927;56;217;-161
3867;Mannen en Vrouwen;79 jaar;2039;4862;56;242;-186
3868;Mannen en Vrouwen;79 jaar;2040;4906;56;237;-181
3869;Mannen en Vrouwen;79 jaar;2041;4850;56;254;-198
3870;Mannen en Vrouwen;79 jaar;2042;4842;56;260;-204
3871;Mannen en Vrouwen;79 jaar;2043;4817;57;277;-220
3872;Mannen en Vrouwen;79 jaar;2044;4642;58;279;-221
3873;Mannen en Vrouwen;79 jaar;2045;4485;58;280;-222
3874;Mannen en Vrouwen;79 jaar;2046;4375;59;272;-213
3875;Mannen en Vrouwen;79 jaar;2047;4323;59;292;-233
3876;Mannen en Vrouwen;79 jaar;2048;4425;59;302;-243
3877;Mannen en Vrouwen;79 jaar;2049;4242;59;312;-253
3878;Mannen en Vrouwen;79 jaar;2050;3996;60;308;-248
3879;Mannen en Vrouwen;79 jaar;2051;3738;60;307;-247
3880;Mannen en Vrouwen;79 jaar;2052;3399;61;301;-240
3881;Mannen en Vrouwen;79 jaar;2053;3222;61;302;-241
3882;Mannen en Vrouwen;79 jaar;2054;3037;61;293;-232
3883;Mannen en Vrouwen;79 jaar;2055;2963;62;290;-228
3884;Mannen en Vrouwen;79 jaar;2056;2875;62;297;-235
3885;Mannen en Vrouwen;79 jaar;2057;2852;63;300;-237
3886;Mannen en Vrouwen;79 jaar;2058;2790;63;300;-237
3887;Mannen en Vrouwen;79 jaar;2059;2819;63;305;-242
3888;Mannen en Vrouwen;80 jaar;2012;4339;52;62;-10
3889;Mannen en Vrouwen;80 jaar;2013;4191;50;64;-14
3890;Mannen en Vrouwen;80 jaar;2014;4229;51;64;-13
3891;Mannen en Vrouwen;80 jaar;2015;4218;50;66;-16
3892;Mannen en Vrouwen;80 jaar;2016;4270;50;71;-21
3893;Mannen en Vrouwen;80 jaar;2017;4235;51;73;-22
3894;Mannen en Vrouwen;80 jaar;2018;4448;52;81;-29
3895;Mannen en Vrouwen;80 jaar;2019;4485;53;84;-31
3896;Mannen en Vrouwen;80 jaar;2020;4597;54;96;-42
3897;Mannen en Vrouwen;80 jaar;2021;4424;54;87;-33
3898;Mannen en Vrouwen;80 jaar;2022;4579;54;96;-42
3899;Mannen en Vrouwen;80 jaar;2023;4885;54;95;-41
3900;Mannen en Vrouwen;80 jaar;2024;5075;54;104;-50
3901;Mannen en Vrouwen;80 jaar;2025;4787;57;109;-52
3902;Mannen en Vrouwen;80 jaar;2026;6583;58;124;-66
3903;Mannen en Vrouwen;80 jaar;2027;6286;58;129;-71
3904;Mannen en Vrouwen;80 jaar;2028;5888;58;132;-74
3905;Mannen en Vrouwen;80 jaar;2029;5633;58;134;-76
3906;Mannen en Vrouwen;80 jaar;2030;5468;58;145;-87
3907;Mannen en Vrouwen;80 jaar;2031;5359;57;137;-80
3908;Mannen en Vrouwen;80 jaar;2032;5448;57;148;-91
3909;Mannen en Vrouwen;80 jaar;2033;5337;57;151;-94
3910;Mannen en Vrouwen;80 jaar;2034;5313;57;160;-103
3911;Mannen en Vrouwen;80 jaar;2035;5280;57;166;-109
3912;Mannen en Vrouwen;80 jaar;2036;5310;58;178;-120
3913;Mannen en Vrouwen;80 jaar;2037;5299;58;180;-122
3914;Mannen en Vrouwen;80 jaar;2038;5308;58;191;-133
3915;Mannen en Vrouwen;80 jaar;2039;5352;59;199;-140
3916;Mannen en Vrouwen;80 jaar;2040;5290;59;222;-163
3917;Mannen en Vrouwen;80 jaar;2041;5345;59;217;-158
3918;Mannen en Vrouwen;80 jaar;2042;5290;60;234;-174
3919;Mannen en Vrouwen;80 jaar;2043;5288;61;240;-179
3920;Mannen en Vrouwen;80 jaar;2044;5268;61;255;-194
3921;Mannen en Vrouwen;80 jaar;2045;5082;61;257;-196
3922;Mannen en Vrouwen;80 jaar;2046;4916;61;258;-197
3923;Mannen en Vrouwen;80 jaar;2047;4804;61;252;-191
3924;Mannen en Vrouwen;80 jaar;2048;4752;61;271;-210
3925;Mannen en Vrouwen;80 jaar;2049;4870;62;281;-219
3926;Mannen en Vrouwen;80 jaar;2050;4675;62;290;-228
3927;Mannen en Vrouwen;80 jaar;2051;4407;63;286;-223
3928;Mannen en Vrouwen;80 jaar;2052;4129;64;285;-221
3929;Mannen en Vrouwen;80 jaar;2053;3759;64;280;-216
3930;Mannen en Vrouwen;80 jaar;2054;3567;64;281;-217
3931;Mannen en Vrouwen;80 jaar;2055;3366;64;272;-208
3932;Mannen en Vrouwen;80 jaar;2056;3288;65;270;-205
3933;Mannen en Vrouwen;80 jaar;2057;3193;66;276;-210
3934;Mannen en Vrouwen;80 jaar;2058;3172;66;279;-213
3935;Mannen en Vrouwen;80 jaar;2059;3106;66;279;-213
3936;Mannen en Vrouwen;81 jaar;2012;4548;42;49;-7
3937;Mannen en Vrouwen;81 jaar;2013;4589;42;55;-13
3938;Mannen en Vrouwen;81 jaar;2014;4439;44;56;-12
3939;Mannen en Vrouwen;81 jaar;2015;4484;44;56;-12
3940;Mannen en Vrouwen;81 jaar;2016;4479;44;58;-14
3941;Mannen en Vrouwen;81 jaar;2017;4540;44;61;-17
3942;Mannen en Vrouwen;81 jaar;2018;4508;45;65;-20
3943;Mannen en Vrouwen;81 jaar;2019;4740;45;73;-28
3944;Mannen en Vrouwen;81 jaar;2020;4783;46;76;-30
3945;Mannen en Vrouwen;81 jaar;2021;4905;45;86;-41
3946;Mannen en Vrouwen;81 jaar;2022;4724;45;79;-34
3947;Mannen en Vrouwen;81 jaar;2023;4893;45;87;-42
3948;Mannen en Vrouwen;81 jaar;2024;5224;45;86;-41
3949;Mannen en Vrouwen;81 jaar;2025;5431;45;93;-48
3950;Mannen en Vrouwen;81 jaar;2026;5125;46;98;-52
3951;Mannen en Vrouwen;81 jaar;2027;7056;47;112;-65
3952;Mannen en Vrouwen;81 jaar;2028;6742;47;117;-70
3953;Mannen en Vrouwen;81 jaar;2029;6318;48;121;-73
3954;Mannen en Vrouwen;81 jaar;2030;6047;48;122;-74
3955;Mannen en Vrouwen;81 jaar;2031;5871;49;132;-83
3956;Mannen en Vrouwen;81 jaar;2032;5757;49;125;-76
3957;Mannen en Vrouwen;81 jaar;2033;5852;49;135;-86
3958;Mannen en Vrouwen;81 jaar;2034;5737;49;138;-89
3959;Mannen en Vrouwen;81 jaar;2035;5718;49;147;-98
3960;Mannen en Vrouwen;81 jaar;2036;5690;48;153;-105
3961;Mannen en Vrouwen;81 jaar;2037;5732;48;164;-116
3962;Mannen en Vrouwen;81 jaar;2038;5730;48;166;-118
3963;Mannen en Vrouwen;81 jaar;2039;5750;48;176;-128
3964;Mannen en Vrouwen;81 jaar;2040;5806;48;183;-135
3965;Mannen en Vrouwen;81 jaar;2041;5745;48;207;-159
3966;Mannen en Vrouwen;81 jaar;2042;5813;48;202;-154
3967;Mannen en Vrouwen;81 jaar;2043;5761;50;218;-168
3968;Mannen en Vrouwen;81 jaar;2044;5768;50;223;-173
3969;Mannen en Vrouwen;81 jaar;2045;5752;50;240;-190
3970;Mannen en Vrouwen;81 jaar;2046;5557;50;242;-192
3971;Mannen en Vrouwen;81 jaar;2047;5384;50;243;-193
3972;Mannen en Vrouwen;81 jaar;2048;5266;50;236;-186
3973;Mannen en Vrouwen;81 jaar;2049;5218;51;256;-205
3974;Mannen en Vrouwen;81 jaar;2050;5354;51;265;-214
3975;Mannen en Vrouwen;81 jaar;2051;5146;51;273;-222
3976;Mannen en Vrouwen;81 jaar;2052;4858;51;269;-218
3977;Mannen en Vrouwen;81 jaar;2053;4556;51;270;-219
3978;Mannen en Vrouwen;81 jaar;2054;4152;51;265;-214
3979;Mannen en Vrouwen;81 jaar;2055;3945;51;266;-215
3980;Mannen en Vrouwen;81 jaar;2056;3728;52;257;-205
3981;Mannen en Vrouwen;81 jaar;2057;3645;51;253;-202
3982;Mannen en Vrouwen;81 jaar;2058;3544;51;259;-208
3983;Mannen en Vrouwen;81 jaar;2059;3525;50;262;-212
3984;Mannen en Vrouwen;82 jaar;2012;4852;35;48;-13
3985;Mannen en Vrouwen;82 jaar;2013;4782;34;45;-11
3986;Mannen en Vrouwen;82 jaar;2014;4831;34;50;-16
3987;Mannen en Vrouwen;82 jaar;2015;4679;33;50;-17
3988;Mannen en Vrouwen;82 jaar;2016;4733;34;51;-17
3989;Mannen en Vrouwen;82 jaar;2017;4733;35;52;-17
3990;Mannen en Vrouwen;82 jaar;2018;4802;36;57;-21
3991;Mannen en Vrouwen;82 jaar;2019;4772;36;62;-26
3992;Mannen en Vrouwen;82 jaar;2020;5020;36;67;-31
3993;Mannen en Vrouwen;82 jaar;2021;5070;36;70;-34
3994;Mannen en Vrouwen;82 jaar;2022;5202;34;79;-45
3995;Mannen en Vrouwen;82 jaar;2023;5014;35;73;-38
3996;Mannen en Vrouwen;82 jaar;2024;5198;35;80;-45
3997;Mannen en Vrouwen;82 jaar;2025;5554;35;80;-45
3998;Mannen en Vrouwen;82 jaar;2026;5779;34;87;-53
3999;Mannen en Vrouwen;82 jaar;2027;5459;34;91;-57
4000;Mannen en Vrouwen;82 jaar;2028;7521;34;103;-69
4001;Mannen en Vrouwen;82 jaar;2029;7193;35;108;-73
4002;Mannen en Vrouwen;82 jaar;2030;6744;35;110;-75
4003;Mannen en Vrouwen;82 jaar;2031;6458;36;111;-75
4004;Mannen en Vrouwen;82 jaar;2032;6273;37;121;-84
4005;Mannen en Vrouwen;82 jaar;2033;6154;37;113;-76
4006;Mannen en Vrouwen;82 jaar;2034;6262;37;123;-86
4007;Mannen en Vrouwen;82 jaar;2035;6147;38;125;-87
4008;Mannen en Vrouwen;82 jaar;2036;6136;38;133;-95
4009;Mannen en Vrouwen;82 jaar;2037;6116;38;140;-102
4010;Mannen en Vrouwen;82 jaar;2038;6170;38;149;-111
4011;Mannen en Vrouwen;82 jaar;2039;6178;38;152;-114
4012;Mannen en Vrouwen;82 jaar;2040;6209;38;161;-123
4013;Mannen en Vrouwen;82 jaar;2041;6279;37;169;-132
4014;Mannen en Vrouwen;82 jaar;2042;6220;37;190;-153
4015;Mannen en Vrouwen;82 jaar;2043;6304;37;184;-147
4016;Mannen en Vrouwen;82 jaar;2044;6256;37;201;-164
4017;Mannen en Vrouwen;82 jaar;2045;6272;37;206;-169
4018;Mannen en Vrouwen;82 jaar;2046;6264;37;222;-185
4019;Mannen en Vrouwen;82 jaar;2047;6060;37;224;-187
4020;Mannen en Vrouwen;82 jaar;2048;5880;37;224;-187
4021;Mannen en Vrouwen;82 jaar;2049;5760;37;219;-182
4022;Mannen en Vrouwen;82 jaar;2050;5713;37;237;-200
4023;Mannen en Vrouwen;82 jaar;2051;5870;37;246;-209
4024;Mannen en Vrouwen;82 jaar;2052;5648;37;254;-217
4025;Mannen en Vrouwen;82 jaar;2053;5340;37;250;-213
4026;Mannen en Vrouwen;82 jaar;2054;5015;37;251;-214
4027;Mannen en Vrouwen;82 jaar;2055;4576;38;245;-207
4028;Mannen en Vrouwen;82 jaar;2056;4353;38;247;-209
4029;Mannen en Vrouwen;82 jaar;2057;4119;38;237;-199
4030;Mannen en Vrouwen;82 jaar;2058;4031;38;233;-195
4031;Mannen en Vrouwen;82 jaar;2059;3924;38;240;-202
4032;Mannen en Vrouwen;83 jaar;2012;4869;25;40;-15
4033;Mannen en Vrouwen;83 jaar;2013;5052;26;42;-16
4034;Mannen en Vrouwen;83 jaar;2014;4985;26;40;-14
4035;Mannen en Vrouwen;83 jaar;2015;5043;26;43;-17
4036;Mannen en Vrouwen;83 jaar;2016;4891;26;44;-18
4037;Mannen en Vrouwen;83 jaar;2017;4953;27;43;-16
4038;Mannen en Vrouwen;83 jaar;2018;4959;27;47;-20
4039;Mannen en Vrouwen;83 jaar;2019;5036;27;51;-24
4040;Mannen en Vrouwen;83 jaar;2020;5011;27;55;-28
4041;Mannen en Vrouwen;83 jaar;2021;5278;26;60;-34
4042;Mannen en Vrouwen;83 jaar;2022;5338;26;63;-37
4043;Mannen en Vrouwen;83 jaar;2023;5484;26;70;-44
4044;Mannen en Vrouwen;83 jaar;2024;5293;26;66;-40
4045;Mannen en Vrouwen;83 jaar;2025;5494;26;72;-46
4046;Mannen en Vrouwen;83 jaar;2026;5879;26;71;-45
4047;Mannen en Vrouwen;83 jaar;2027;6126;26;77;-51
4048;Mannen en Vrouwen;83 jaar;2028;5794;27;82;-55
4049;Mannen en Vrouwen;83 jaar;2029;7992;27;92;-65
4050;Mannen en Vrouwen;83 jaar;2030;7651;27;96;-69
4051;Mannen en Vrouwen;83 jaar;2031;7177;27;99;-72
4052;Mannen en Vrouwen;83 jaar;2032;6878;28;99;-71
4053;Mannen en Vrouwen;83 jaar;2033;6685;28;107;-79
4054;Mannen en Vrouwen;83 jaar;2034;6563;28;101;-73
4055;Mannen en Vrouwen;83 jaar;2035;6685;28;109;-81
4056;Mannen en Vrouwen;83 jaar;2036;6569;29;111;-82
4057;Mannen en Vrouwen;83 jaar;2037;6566;29;119;-90
4058;Mannen en Vrouwen;83 jaar;2038;6554;30;125;-95
4059;Mannen en Vrouwen;83 jaar;2039;6622;30;133;-103
4060;Mannen en Vrouwen;83 jaar;2040;6641;30;135;-105
4061;Mannen en Vrouwen;83 jaar;2041;6682;30;142;-112
4062;Mannen en Vrouwen;83 jaar;2042;6767;31;150;-119
4063;Mannen en Vrouwen;83 jaar;2043;6715;31;169;-138
4064;Mannen en Vrouwen;83 jaar;2044;6817;31;164;-133
4065;Mannen en Vrouwen;83 jaar;2045;6774;31;178;-147
4066;Mannen en Vrouwen;83 jaar;2046;6802;31;183;-152
4067;Mannen en Vrouwen;83 jaar;2047;6803;31;196;-165
4068;Mannen en Vrouwen;83 jaar;2048;6592;32;199;-167
4069;Mannen en Vrouwen;83 jaar;2049;6404;32;199;-167
4070;Mannen en Vrouwen;83 jaar;2050;6283;32;193;-161
4071;Mannen en Vrouwen;83 jaar;2051;6240;32;210;-178
4072;Mannen en Vrouwen;83 jaar;2052;6421;32;218;-186
4073;Mannen en Vrouwen;83 jaar;2053;6187;32;226;-194
4074;Mannen en Vrouwen;83 jaar;2054;5857;32;223;-191
4075;Mannen en Vrouwen;83 jaar;2055;5508;32;222;-190
4076;Mannen en Vrouwen;83 jaar;2056;5033;32;218;-186
4077;Mannen en Vrouwen;83 jaar;2057;4794;32;219;-187
4078;Mannen en Vrouwen;83 jaar;2058;4541;32;210;-178
4079;Mannen en Vrouwen;83 jaar;2059;4451;32;207;-175
4080;Mannen en Vrouwen;84 jaar;2012;5032;23;34;-11
4081;Mannen en Vrouwen;84 jaar;2013;5022;24;33;-9
4082;Mannen en Vrouwen;84 jaar;2014;5217;25;36;-11
4083;Mannen en Vrouwen;84 jaar;2015;5154;25;34;-9
4084;Mannen en Vrouwen;84 jaar;2016;5222;25;36;-11
4085;Mannen en Vrouwen;84 jaar;2017;5071;27;37;-10
4086;Mannen en Vrouwen;84 jaar;2018;5144;28;38;-10
4087;Mannen en Vrouwen;84 jaar;2019;5157;28;40;-12
4088;Mannen en Vrouwen;84 jaar;2020;5247;28;44;-16
4089;Mannen en Vrouwen;84 jaar;2021;5229;27;47;-20
4090;Mannen en Vrouwen;84 jaar;2022;5518;27;51;-24
4091;Mannen en Vrouwen;84 jaar;2023;5593;27;53;-26
4092;Mannen en Vrouwen;84 jaar;2024;5755;27;59;-32
4093;Mannen en Vrouwen;84 jaar;2025;5565;27;56;-29
4094;Mannen en Vrouwen;84 jaar;2026;5787;27;62;-35
4095;Mannen en Vrouwen;84 jaar;2027;6203;27;61;-34
4096;Mannen en Vrouwen;84 jaar;2028;6474;27;67;-40
4097;Mannen en Vrouwen;84 jaar;2029;6131;27;70;-43
4098;Mannen en Vrouwen;84 jaar;2030;8465;27;80;-53
4099;Mannen en Vrouwen;84 jaar;2031;8111;27;84;-57
4100;Mannen en Vrouwen;84 jaar;2032;7613;27;87;-60
4101;Mannen en Vrouwen;84 jaar;2033;7300;28;87;-59
4102;Mannen en Vrouwen;84 jaar;2034;7099;30;94;-64
4103;Mannen en Vrouwen;84 jaar;2035;6977;31;89;-58
4104;Mannen en Vrouwen;84 jaar;2036;7113;31;95;-64
4105;Mannen en Vrouwen;84 jaar;2037;6999;31;98;-67
4106;Mannen en Vrouwen;84 jaar;2038;7003;31;104;-73
4107;Mannen en Vrouwen;84 jaar;2039;7001;30;109;-79
4108;Mannen en Vrouwen;84 jaar;2040;7083;33;115;-82
4109;Mannen en Vrouwen;84 jaar;2041;7114;33;118;-85
4110;Mannen en Vrouwen;84 jaar;2042;7170;33;124;-91
4111;Mannen en Vrouwen;84 jaar;2043;7275;32;130;-98
4112;Mannen en Vrouwen;84 jaar;2044;7229;32;145;-113
4113;Mannen en Vrouwen;84 jaar;2045;7352;32;143;-111
4114;Mannen en Vrouwen;84 jaar;2046;7318;32;154;-122
4115;Mannen en Vrouwen;84 jaar;2047;7358;32;158;-126
4116;Mannen en Vrouwen;84 jaar;2048;7370;32;169;-137
4117;Mannen en Vrouwen;84 jaar;2049;7151;32;171;-139
4118;Mannen en Vrouwen;84 jaar;2050;6958;32;171;-139
4119;Mannen en Vrouwen;84 jaar;2051;6838;32;167;-135
4120;Mannen en Vrouwen;84 jaar;2052;6801;32;181;-149
4121;Mannen en Vrouwen;84 jaar;2053;7008;32;188;-156
4122;Mannen en Vrouwen;84 jaar;2054;6764;32;194;-162
4123;Mannen en Vrouwen;84 jaar;2055;6411;32;193;-161
4124;Mannen en Vrouwen;84 jaar;2056;6037;32;192;-160
4125;Mannen en Vrouwen;84 jaar;2057;5525;32;189;-157
4126;Mannen en Vrouwen;84 jaar;2058;5268;32;188;-156
4127;Mannen en Vrouwen;84 jaar;2059;4998;32;182;-150
4128;Mannen en Vrouwen;85 jaar;2012;4995;22;27;-5
4129;Mannen en Vrouwen;85 jaar;2013;5148;22;29;-7
4130;Mannen en Vrouwen;85 jaar;2014;5144;23;29;-6
4131;Mannen en Vrouwen;85 jaar;2015;5352;23;30;-7
4132;Mannen en Vrouwen;85 jaar;2016;5295;23;29;-6
4133;Mannen en Vrouwen;85 jaar;2017;5375;24;31;-7
4134;Mannen en Vrouwen;85 jaar;2018;5226;23;32;-9
4135;Mannen en Vrouwen;85 jaar;2019;5310;24;34;-10
4136;Mannen en Vrouwen;85 jaar;2020;5333;24;35;-11
4137;Mannen en Vrouwen;85 jaar;2021;5435;24;38;-14
4138;Mannen en Vrouwen;85 jaar;2022;5429;24;40;-16
4139;Mannen en Vrouwen;85 jaar;2023;5739;24;44;-20
4140;Mannen en Vrouwen;85 jaar;2024;5829;24;47;-23
4141;Mannen en Vrouwen;85 jaar;2025;6009;24;51;-27
4142;Mannen en Vrouwen;85 jaar;2026;5820;24;49;-25
4143;Mannen en Vrouwen;85 jaar;2027;6062;24;55;-31
4144;Mannen en Vrouwen;85 jaar;2028;6508;24;54;-30
4145;Mannen en Vrouwen;85 jaar;2029;6802;24;59;-35
4146;Mannen en Vrouwen;85 jaar;2030;6448;24;62;-38
4147;Mannen en Vrouwen;85 jaar;2031;8911;23;71;-48
4148;Mannen en Vrouwen;85 jaar;2032;8546;23;76;-53
4149;Mannen en Vrouwen;85 jaar;2033;8025;25;77;-52
4150;Mannen en Vrouwen;85 jaar;2034;7701;25;78;-53
4151;Mannen en Vrouwen;85 jaar;2035;7497;25;84;-59
4152;Mannen en Vrouwen;85 jaar;2036;7376;25;80;-55
4153;Mannen en Vrouwen;85 jaar;2037;7530;25;85;-60
4154;Mannen en Vrouwen;85 jaar;2038;7419;26;88;-62
4155;Mannen en Vrouwen;85 jaar;2039;7434;26;94;-68
4156;Mannen en Vrouwen;85 jaar;2040;7444;26;97;-71
4157;Mannen en Vrouwen;85 jaar;2041;7543;27;102;-75
4158;Mannen en Vrouwen;85 jaar;2042;7589;27;105;-78
4159;Mannen en Vrouwen;85 jaar;2043;7663;27;109;-82
4160;Mannen en Vrouwen;85 jaar;2044;7788;27;114;-87
4161;Mannen en Vrouwen;85 jaar;2045;7752;27;127;-100
4162;Mannen en Vrouwen;85 jaar;2046;7897;27;125;-98
4163;Mannen en Vrouwen;85 jaar;2047;7873;27;134;-107
4164;Mannen en Vrouwen;85 jaar;2048;7929;27;138;-111
4165;Mannen en Vrouwen;85 jaar;2049;7954;27;148;-121
4166;Mannen en Vrouwen;85 jaar;2050;7731;27;149;-122
4167;Mannen en Vrouwen;85 jaar;2051;7534;27;150;-123
4168;Mannen en Vrouwen;85 jaar;2052;7415;27;145;-118
4169;Mannen en Vrouwen;85 jaar;2053;7387;28;158;-130
4170;Mannen en Vrouwen;85 jaar;2054;7623;28;164;-136
4171;Mannen en Vrouwen;85 jaar;2055;7368;28;170;-142
4172;Mannen en Vrouwen;85 jaar;2056;6995;28;170;-142
4173;Mannen en Vrouwen;85 jaar;2057;6598;28;170;-142
4174;Mannen en Vrouwen;85 jaar;2058;6046;28;167;-139
4175;Mannen en Vrouwen;85 jaar;2059;5774;28;166;-138
4176;Mannen en Vrouwen;86 jaar;2012;5097;19;25;-6
4177;Mannen en Vrouwen;86 jaar;2013;5063;20;23;-3
4178;Mannen en Vrouwen;86 jaar;2014;5227;21;25;-4
4179;Mannen en Vrouwen;86 jaar;2015;5232;21;25;-4
4180;Mannen en Vrouwen;86 jaar;2016;5451;21;26;-5
4181;Mannen en Vrouwen;86 jaar;2017;5402;22;25;-3
4182;Mannen en Vrouwen;86 jaar;2018;5491;21;28;-7
4183;Mannen en Vrouwen;86 jaar;2019;5349;21;28;-7
4184;Mannen en Vrouwen;86 jaar;2020;5445;21;29;-8
4185;Mannen en Vrouwen;86 jaar;2021;5478;20;31;-11
4186;Mannen en Vrouwen;86 jaar;2022;5595;20;33;-13
4187;Mannen en Vrouwen;86 jaar;2023;5599;20;36;-16
4188;Mannen en Vrouwen;86 jaar;2024;5931;20;39;-19
4189;Mannen en Vrouwen;86 jaar;2025;6035;20;41;-21
4190;Mannen en Vrouwen;86 jaar;2026;6232;20;45;-25
4191;Mannen en Vrouwen;86 jaar;2027;6047;20;43;-23
4192;Mannen en Vrouwen;86 jaar;2028;6307;20;47;-27
4193;Mannen en Vrouwen;86 jaar;2029;6780;20;47;-27
4194;Mannen en Vrouwen;86 jaar;2030;7095;20;51;-31
4195;Mannen en Vrouwen;86 jaar;2031;6733;20;54;-34
4196;Mannen en Vrouwen;86 jaar;2032;9312;20;63;-43
4197;Mannen en Vrouwen;86 jaar;2033;8937;20;68;-48
4198;Mannen en Vrouwen;86 jaar;2034;8401;21;69;-48
4199;Mannen en Vrouwen;86 jaar;2035;8070;21;70;-49
4200;Mannen en Vrouwen;86 jaar;2036;7865;21;74;-53
4201;Mannen en Vrouwen;86 jaar;2037;7748;22;71;-49
4202;Mannen en Vrouwen;86 jaar;2038;7922;22;75;-53
4203;Mannen en Vrouwen;86 jaar;2039;7817;22;77;-55
4204;Mannen en Vrouwen;86 jaar;2040;7847;22;82;-60
4205;Mannen en Vrouwen;86 jaar;2041;7871;23;85;-62
4206;Mannen en Vrouwen;86 jaar;2042;7990;23;89;-66
4207;Mannen en Vrouwen;86 jaar;2043;8055;23;91;-68
4208;Mannen en Vrouwen;86 jaar;2044;8148;23;95;-72
4209;Mannen en Vrouwen;86 jaar;2045;8296;23;99;-76
4210;Mannen en Vrouwen;86 jaar;2046;8272;23;111;-88
4211;Mannen en Vrouwen;86 jaar;2047;8442;23;109;-86
4212;Mannen en Vrouwen;86 jaar;2048;8429;23;116;-93
4213;Mannen en Vrouwen;86 jaar;2049;8503;24;119;-95
4214;Mannen en Vrouwen;86 jaar;2050;8545;24;128;-104
4215;Mannen en Vrouwen;86 jaar;2051;8318;24;130;-106
4216;Mannen en Vrouwen;86 jaar;2052;8120;24;130;-106
4217;Mannen en Vrouwen;86 jaar;2053;8005;24;127;-103
4218;Mannen en Vrouwen;86 jaar;2054;7987;24;137;-113
4219;Mannen en Vrouwen;86 jaar;2055;8257;23;143;-120
4220;Mannen en Vrouwen;86 jaar;2056;7993;23;148;-125
4221;Mannen en Vrouwen;86 jaar;2057;7600;23;148;-125
4222;Mannen en Vrouwen;86 jaar;2058;7181;23;148;-125
4223;Mannen en Vrouwen;86 jaar;2059;6590;23;146;-123
4224;Mannen en Vrouwen;87 jaar;2012;5062;16;22;-6
4225;Mannen en Vrouwen;87 jaar;2013;5114;16;21;-5
4226;Mannen en Vrouwen;87 jaar;2014;5087;17;20;-3
4227;Mannen en Vrouwen;87 jaar;2015;5262;17;22;-5
4228;Mannen en Vrouwen;87 jaar;2016;5276;17;22;-5
4229;Mannen en Vrouwen;87 jaar;2017;5506;17;21;-4
4230;Mannen en Vrouwen;87 jaar;2018;5465;17;22;-5
4231;Mannen en Vrouwen;87 jaar;2019;5566;18;24;-6
4232;Mannen en Vrouwen;87 jaar;2020;5432;18;26;-8
4233;Mannen en Vrouwen;87 jaar;2021;5540;18;26;-8
4234;Mannen en Vrouwen;87 jaar;2022;5585;17;28;-11
4235;Mannen en Vrouwen;87 jaar;2023;5716;17;30;-13
4236;Mannen en Vrouwen;87 jaar;2024;5732;17;32;-15
4237;Mannen en Vrouwen;87 jaar;2025;6081;17;35;-18
4238;Mannen en Vrouwen;87 jaar;2026;6201;17;37;-20
4239;Mannen en Vrouwen;87 jaar;2027;6413;17;41;-24
4240;Mannen en Vrouwen;87 jaar;2028;6231;17;39;-22
4241;Mannen en Vrouwen;87 jaar;2029;6510;17;44;-27
4242;Mannen en Vrouwen;87 jaar;2030;7006;17;43;-26
4243;Mannen en Vrouwen;87 jaar;2031;7340;17;46;-29
4244;Mannen en Vrouwen;87 jaar;2032;6972;17;50;-33
4245;Mannen en Vrouwen;87 jaar;2033;9651;17;57;-40
4246;Mannen en Vrouwen;87 jaar;2034;9273;17;62;-45
4247;Mannen en Vrouwen;87 jaar;2035;8725;17;63;-46
4248;Mannen en Vrouwen;87 jaar;2036;8394;17;64;-47
4249;Mannen en Vrouwen;87 jaar;2037;8192;17;68;-51
4250;Mannen en Vrouwen;87 jaar;2038;8084;18;64;-46
4251;Mannen en Vrouwen;87 jaar;2039;8279;19;67;-48
4252;Mannen en Vrouwen;87 jaar;2040;8185;19;70;-51
4253;Mannen en Vrouwen;87 jaar;2041;8230;19;75;-56
4254;Mannen en Vrouwen;87 jaar;2042;8272;19;77;-58
4255;Mannen en Vrouwen;87 jaar;2043;8413;19;81;-62
4256;Mannen en Vrouwen;87 jaar;2044;8499;19;82;-63
4257;Mannen en Vrouwen;87 jaar;2045;8613;19;86;-67
4258;Mannen en Vrouwen;87 jaar;2046;8785;20;90;-70
4259;Mannen en Vrouwen;87 jaar;2047;8776;21;102;-81
4260;Mannen en Vrouwen;87 jaar;2048;8972;22;99;-77
4261;Mannen en Vrouwen;87 jaar;2049;8974;22;108;-86
4262;Mannen en Vrouwen;87 jaar;2050;9068;22;110;-88
4263;Mannen en Vrouwen;87 jaar;2051;9129;22;119;-97
4264;Mannen en Vrouwen;87 jaar;2052;8902;22;121;-99
4265;Mannen en Vrouwen;87 jaar;2053;8705;22;121;-99
4266;Mannen en Vrouwen;87 jaar;2054;8597;23;116;-93
4267;Mannen en Vrouwen;87 jaar;2055;8593;23;128;-105
4268;Mannen en Vrouwen;87 jaar;2056;8898;23;133;-110
4269;Mannen en Vrouwen;87 jaar;2057;8627;23;139;-116
4270;Mannen en Vrouwen;87 jaar;2058;8217;23;140;-117
4271;Mannen en Vrouwen;87 jaar;2059;7776;23;140;-117
4272;Mannen en Vrouwen;88 jaar;2012;5027;14;17;-3
4273;Mannen en Vrouwen;88 jaar;2013;5016;14;17;-3
4274;Mannen en Vrouwen;88 jaar;2014;5077;14;17;-3
4275;Mannen en Vrouwen;88 jaar;2015;5058;14;15;-1
4276;Mannen en Vrouwen;88 jaar;2016;5243;14;17;-3
4277;Mannen en Vrouwen;88 jaar;2017;5266;14;17;-3
4278;Mannen en Vrouwen;88 jaar;2018;5507;14;18;-4
4279;Mannen en Vrouwen;88 jaar;2019;5476;14;19;-5
4280;Mannen en Vrouwen;88 jaar;2020;5590;14;20;-6
4281;Mannen en Vrouwen;88 jaar;2021;5467;14;20;-6
4282;Mannen en Vrouwen;88 jaar;2022;5588;14;22;-8
4283;Mannen en Vrouwen;88 jaar;2023;5646;14;22;-8
4284;Mannen en Vrouwen;88 jaar;2024;5790;14;24;-10
4285;Mannen en Vrouwen;88 jaar;2025;5818;14;26;-12
4286;Mannen en Vrouwen;88 jaar;2026;6186;14;29;-15
4287;Mannen en Vrouwen;88 jaar;2027;6321;14;30;-16
4288;Mannen en Vrouwen;88 jaar;2028;6548;14;33;-19
4289;Mannen en Vrouwen;88 jaar;2029;6373;14;32;-18
4290;Mannen en Vrouwen;88 jaar;2030;6668;14;36;-22
4291;Mannen en Vrouwen;88 jaar;2031;7187;14;36;-22
4292;Mannen en Vrouwen;88 jaar;2032;7540;14;38;-24
4293;Mannen en Vrouwen;88 jaar;2033;7170;14;41;-27
4294;Mannen en Vrouwen;88 jaar;2034;9939;14;48;-34
4295;Mannen en Vrouwen;88 jaar;2035;9564;14;52;-38
4296;Mannen en Vrouwen;88 jaar;2036;9012;14;52;-38
4297;Mannen en Vrouwen;88 jaar;2037;8684;14;53;-39
4298;Mannen en Vrouwen;88 jaar;2038;8492;14;56;-42
4299;Mannen en Vrouwen;88 jaar;2039;8396;14;54;-40
4300;Mannen en Vrouwen;88 jaar;2040;8615;14;56;-42
4301;Mannen en Vrouwen;88 jaar;2041;8535;14;59;-45
4302;Mannen en Vrouwen;88 jaar;2042;8600;15;63;-48
4303;Mannen en Vrouwen;88 jaar;2043;8664;15;65;-50
4304;Mannen en Vrouwen;88 jaar;2044;8828;15;68;-53
4305;Mannen en Vrouwen;88 jaar;2045;8937;16;70;-54
4306;Mannen en Vrouwen;88 jaar;2046;9076;16;73;-57
4307;Mannen en Vrouwen;88 jaar;2047;9277;16;76;-60
4308;Mannen en Vrouwen;88 jaar;2048;9285;16;87;-71
4309;Mannen en Vrouwen;88 jaar;2049;9512;16;84;-68
4310;Mannen en Vrouwen;88 jaar;2050;9533;16;92;-76
4311;Mannen en Vrouwen;88 jaar;2051;9651;16;93;-77
4312;Mannen en Vrouwen;88 jaar;2052;9733;16;101;-85
4313;Mannen en Vrouwen;88 jaar;2053;9510;16;102;-86
4314;Mannen en Vrouwen;88 jaar;2054;9318;16;103;-87
4315;Mannen en Vrouwen;88 jaar;2055;9219;16;99;-83
4316;Mannen en Vrouwen;88 jaar;2056;9233;16;108;-92
4317;Mannen en Vrouwen;88 jaar;2057;9577;16;113;-97
4318;Mannen en Vrouwen;88 jaar;2058;9304;16;118;-102
4319;Mannen en Vrouwen;88 jaar;2059;8877;16;118;-102
4320;Mannen en Vrouwen;89 jaar;2012;4962;11;13;-2
4321;Mannen en Vrouwen;89 jaar;2013;4910;11;13;-2
4322;Mannen en Vrouwen;89 jaar;2014;4907;11;13;-2
4323;Mannen en Vrouwen;89 jaar;2015;4976;11;12;-1
4324;Mannen en Vrouwen;89 jaar;2016;4967;11;12;-1
4325;Mannen en Vrouwen;89 jaar;2017;5161;11;12;-1
4326;Mannen en Vrouwen;89 jaar;2018;5194;11;13;-2
4327;Mannen en Vrouwen;89 jaar;2019;5443;11;14;-3
4328;Mannen en Vrouwen;89 jaar;2020;5424;11;14;-3
4329;Mannen en Vrouwen;89 jaar;2021;5551;10;15;-5
4330;Mannen en Vrouwen;89 jaar;2022;5441;10;15;-5
4331;Mannen en Vrouwen;89 jaar;2023;5575;10;16;-6
4332;Mannen en Vrouwen;89 jaar;2024;5646;10;16;-6
4333;Mannen en Vrouwen;89 jaar;2025;5803;10;17;-7
4334;Mannen en Vrouwen;89 jaar;2026;5846;10;19;-9
4335;Mannen en Vrouwen;89 jaar;2027;6227;10;20;-10
4336;Mannen en Vrouwen;89 jaar;2028;6377;10;22;-12
4337;Mannen en Vrouwen;89 jaar;2029;6619;10;23;-13
4338;Mannen en Vrouwen;89 jaar;2030;6452;10;23;-13
4339;Mannen en Vrouwen;89 jaar;2031;6762;10;26;-16
4340;Mannen en Vrouwen;89 jaar;2032;7300;10;26;-16
4341;Mannen en Vrouwen;89 jaar;2033;7671;10;29;-19
4342;Mannen en Vrouwen;89 jaar;2034;7306;10;30;-20
4343;Mannen en Vrouwen;89 jaar;2035;10143;10;36;-26
4344;Mannen en Vrouwen;89 jaar;2036;9779;10;39;-29
4345;Mannen en Vrouwen;89 jaar;2037;9231;10;39;-29
4346;Mannen en Vrouwen;89 jaar;2038;8914;10;40;-30
4347;Mannen en Vrouwen;89 jaar;2039;8735;10;42;-32
4348;Mannen en Vrouwen;89 jaar;2040;8654;10;41;-31
4349;Mannen en Vrouwen;89 jaar;2041;8901;10;43;-33
4350;Mannen en Vrouwen;89 jaar;2042;8837;10;45;-35
4351;Mannen en Vrouwen;89 jaar;2043;8925;10;46;-36
4352;Mannen en Vrouwen;89 jaar;2044;9013;10;50;-40
4353;Mannen en Vrouwen;89 jaar;2045;9204;10;51;-41
4354;Mannen en Vrouwen;89 jaar;2046;9339;10;53;-43
4355;Mannen en Vrouwen;89 jaar;2047;9505;10;54;-44
4356;Mannen en Vrouwen;89 jaar;2048;9737;10;57;-47
4357;Mannen en Vrouwen;89 jaar;2049;9765;10;63;-53
4358;Mannen en Vrouwen;89 jaar;2050;10027;10;62;-52
4359;Mannen en Vrouwen;89 jaar;2051;10070;10;66;-56
4360;Mannen en Vrouwen;89 jaar;2052;10215;10;67;-57
4361;Mannen en Vrouwen;89 jaar;2053;10324;10;72;-62
4362;Mannen en Vrouwen;89 jaar;2054;10108;11;73;-62
4363;Mannen en Vrouwen;89 jaar;2055;9925;11;72;-61
4364;Mannen en Vrouwen;89 jaar;2056;9841;11;72;-61
4365;Mannen en Vrouwen;89 jaar;2057;9875;11;76;-65
4366;Mannen en Vrouwen;89 jaar;2058;10265;11;81;-70
4367;Mannen en Vrouwen;89 jaar;2059;9992;11;83;-72
4368;Mannen en Vrouwen;90 jaar;2012;4561;7;8;-1
4369;Mannen en Vrouwen;90 jaar;2013;4762;6;9;-3
4370;Mannen en Vrouwen;90 jaar;2014;4724;6;9;-3
4371;Mannen en Vrouwen;90 jaar;2015;4729;6;9;-3
4372;Mannen en Vrouwen;90 jaar;2016;4805;6;9;-3
4373;Mannen en Vrouwen;90 jaar;2017;4806;6;9;-3
4374;Mannen en Vrouwen;90 jaar;2018;5004;6;9;-3
4375;Mannen en Vrouwen;90 jaar;2019;5049;6;9;-3
4376;Mannen en Vrouwen;90 jaar;2020;5302;6;10;-4
4377;Mannen en Vrouwen;90 jaar;2021;5297;6;10;-4
4378;Mannen en Vrouwen;90 jaar;2022;5433;6;10;-4
4379;Mannen en Vrouwen;90 jaar;2023;5339;6;10;-4
4380;Mannen en Vrouwen;90 jaar;2024;5484;6;12;-6
4381;Mannen en Vrouwen;90 jaar;2025;5565;6;12;-6
4382;Mannen en Vrouwen;90 jaar;2026;5734;6;12;-6
4383;Mannen en Vrouwen;90 jaar;2027;5788;6;13;-7
4384;Mannen en Vrouwen;90 jaar;2028;6179;6;15;-9
4385;Mannen en Vrouwen;90 jaar;2029;6342;6;15;-9
4386;Mannen en Vrouwen;90 jaar;2030;6593;6;16;-10
4387;Mannen en Vrouwen;90 jaar;2031;6439;6;16;-10
4388;Mannen en Vrouwen;90 jaar;2032;6758;6;18;-12
4389;Mannen en Vrouwen;90 jaar;2033;7307;6;18;-12
4390;Mannen en Vrouwen;90 jaar;2034;7690;6;20;-14
4391;Mannen en Vrouwen;90 jaar;2035;7337;6;21;-15
4392;Mannen en Vrouwen;90 jaar;2036;10207;6;26;-20
4393;Mannen en Vrouwen;90 jaar;2037;9861;6;27;-21
4394;Mannen en Vrouwen;90 jaar;2038;9327;6;28;-22
4395;Mannen en Vrouwen;90 jaar;2039;9027;6;28;-22
4396;Mannen en Vrouwen;90 jaar;2040;8864;6;29;-23
4397;Mannen en Vrouwen;90 jaar;2041;8803;6;28;-22
4398;Mannen en Vrouwen;90 jaar;2042;9076;6;31;-25
4399;Mannen en Vrouwen;90 jaar;2043;9033;6;32;-26
4400;Mannen en Vrouwen;90 jaar;2044;9144;6;34;-28
4401;Mannen en Vrouwen;90 jaar;2045;9257;6;35;-29
4402;Mannen en Vrouwen;90 jaar;2046;9473;6;37;-31
4403;Mannen en Vrouwen;90 jaar;2047;9636;6;38;-32
4404;Mannen en Vrouwen;90 jaar;2048;9829;6;40;-34
4405;Mannen en Vrouwen;90 jaar;2049;10092;6;41;-35
4406;Mannen en Vrouwen;90 jaar;2050;10144;6;45;-39
4407;Mannen en Vrouwen;90 jaar;2051;10439;6;46;-40
4408;Mannen en Vrouwen;90 jaar;2052;10507;6;49;-43
4409;Mannen en Vrouwen;90 jaar;2053;10682;6;50;-44
4410;Mannen en Vrouwen;90 jaar;2054;10819;6;53;-47
4411;Mannen en Vrouwen;90 jaar;2055;10616;6;53;-47
4412;Mannen en Vrouwen;90 jaar;2056;10446;6;53;-47
4413;Mannen en Vrouwen;90 jaar;2057;10380;6;53;-47
4414;Mannen en Vrouwen;90 jaar;2058;10440;6;57;-51
4415;Mannen en Vrouwen;90 jaar;2059;10874;6;60;-54
4416;Mannen en Vrouwen;91 jaar;2012;4278;0;0;0
4417;Mannen en Vrouwen;91 jaar;2013;4295;0;0;0
4418;Mannen en Vrouwen;91 jaar;2014;4493;0;0;0
4419;Mannen en Vrouwen;91 jaar;2015;4469;0;0;0
4420;Mannen en Vrouwen;91 jaar;2016;4481;0;0;0
4421;Mannen en Vrouwen;91 jaar;2017;4562;0;0;0
4422;Mannen en Vrouwen;91 jaar;2018;4572;0;0;0
4423;Mannen en Vrouwen;91 jaar;2019;4772;0;0;0
4424;Mannen en Vrouwen;91 jaar;2020;4826;0;0;0
4425;Mannen en Vrouwen;91 jaar;2021;5081;0;0;0
4426;Mannen en Vrouwen;91 jaar;2022;5088;0;0;0
4427;Mannen en Vrouwen;91 jaar;2023;5233;0;0;0
4428;Mannen en Vrouwen;91 jaar;2024;5154;0;0;0
4429;Mannen en Vrouwen;91 jaar;2025;5306;0;0;0
4430;Mannen en Vrouwen;91 jaar;2026;5398;0;0;0
4431;Mannen en Vrouwen;91 jaar;2027;5573;0;0;0
4432;Mannen en Vrouwen;91 jaar;2028;5638;0;0;0
4433;Mannen en Vrouwen;91 jaar;2029;6031;0;0;0
4434;Mannen en Vrouwen;91 jaar;2030;6201;0;0;0
4435;Mannen en Vrouwen;91 jaar;2031;6458;0;0;0
4436;Mannen en Vrouwen;91 jaar;2032;6316;0;0;0
4437;Mannen en Vrouwen;91 jaar;2033;6641;0;0;0
4438;Mannen en Vrouwen;91 jaar;2034;7192;0;0;0
4439;Mannen en Vrouwen;91 jaar;2035;7586;0;0;0
4440;Mannen en Vrouwen;91 jaar;2036;7252;0;0;0
4441;Mannen en Vrouwen;91 jaar;2037;10107;0;0;0
4442;Mannen en Vrouwen;91 jaar;2038;9788;0;0;0
4443;Mannen en Vrouwen;91 jaar;2039;9278;0;0;0
4444;Mannen en Vrouwen;91 jaar;2040;9000;0;0;0
4445;Mannen en Vrouwen;91 jaar;2041;8860;0;0;0
4446;Mannen en Vrouwen;91 jaar;2042;8820;0;0;0
4447;Mannen en Vrouwen;91 jaar;2043;9115;0;0;0
4448;Mannen en Vrouwen;91 jaar;2044;9095;0;0;0
4449;Mannen en Vrouwen;91 jaar;2045;9230;0;0;0
4450;Mannen en Vrouwen;91 jaar;2046;9367;0;0;0
4451;Mannen en Vrouwen;91 jaar;2047;9609;0;0;0
4452;Mannen en Vrouwen;91 jaar;2048;9797;0;0;0
4453;Mannen en Vrouwen;91 jaar;2049;10016;0;0;0
4454;Mannen en Vrouwen;91 jaar;2050;10309;0;0;0
4455;Mannen en Vrouwen;91 jaar;2051;10386;0;0;0
4456;Mannen en Vrouwen;91 jaar;2052;10714;0;0;0
4457;Mannen en Vrouwen;91 jaar;2053;10810;0;0;0
4458;Mannen en Vrouwen;91 jaar;2054;11013;0;0;0
4459;Mannen en Vrouwen;91 jaar;2055;11180;0;0;0
4460;Mannen en Vrouwen;91 jaar;2056;10995;0;0;0
4461;Mannen en Vrouwen;91 jaar;2057;10844;0;0;0
4462;Mannen en Vrouwen;91 jaar;2058;10799;0;0;0
4463;Mannen en Vrouwen;91 jaar;2059;10886;0;0;0
4464;Mannen en Vrouwen;92 jaar;2012;3867;0;0;0
4465;Mannen en Vrouwen;92 jaar;2013;3941;0;0;0
4466;Mannen en Vrouwen;92 jaar;2014;3965;0;0;0
4467;Mannen en Vrouwen;92 jaar;2015;4157;0;0;0
4468;Mannen en Vrouwen;92 jaar;2016;4146;0;0;0
4469;Mannen en Vrouwen;92 jaar;2017;4163;0;0;0
4470;Mannen en Vrouwen;92 jaar;2018;4249;0;0;0
4471;Mannen en Vrouwen;92 jaar;2019;4266;0;0;0
4472;Mannen en Vrouwen;92 jaar;2020;4465;0;0;0
4473;Mannen en Vrouwen;92 jaar;2021;4526;0;0;0
4474;Mannen en Vrouwen;92 jaar;2022;4778;0;0;0
4475;Mannen en Vrouwen;92 jaar;2023;4796;0;0;0
4476;Mannen en Vrouwen;92 jaar;2024;4945;0;0;0
4477;Mannen en Vrouwen;92 jaar;2025;4882;0;0;0
4478;Mannen en Vrouwen;92 jaar;2026;5038;0;0;0
4479;Mannen en Vrouwen;92 jaar;2027;5136;0;0;0
4480;Mannen en Vrouwen;92 jaar;2028;5314;0;0;0
4481;Mannen en Vrouwen;92 jaar;2029;5388;0;0;0
4482;Mannen en Vrouwen;92 jaar;2030;5773;0;0;0
4483;Mannen en Vrouwen;92 jaar;2031;5948;0;0;0
4484;Mannen en Vrouwen;92 jaar;2032;6204;0;0;0
4485;Mannen en Vrouwen;92 jaar;2033;6077;0;0;0
4486;Mannen en Vrouwen;92 jaar;2034;6401;0;0;0
4487;Mannen en Vrouwen;92 jaar;2035;6947;0;0;0
4488;Mannen en Vrouwen;92 jaar;2036;7341;0;0;0
4489;Mannen en Vrouwen;92 jaar;2037;7034;0;0;0
4490;Mannen en Vrouwen;92 jaar;2038;9825;0;0;0
4491;Mannen en Vrouwen;92 jaar;2039;9538;0;0;0
4492;Mannen en Vrouwen;92 jaar;2040;9062;0;0;0
4493;Mannen en Vrouwen;92 jaar;2041;8813;0;0;0
4494;Mannen en Vrouwen;92 jaar;2042;8698;0;0;0
4495;Mannen en Vrouwen;92 jaar;2043;8681;0;0;0
4496;Mannen en Vrouwen;92 jaar;2044;8995;0;0;0
4497;Mannen en Vrouwen;92 jaar;2045;8997;0;0;0
4498;Mannen en Vrouwen;92 jaar;2046;9154;0;0;0
4499;Mannen en Vrouwen;92 jaar;2047;9315;0;0;0
4500;Mannen en Vrouwen;92 jaar;2048;9578;0;0;0
4501;Mannen en Vrouwen;92 jaar;2049;9790;0;0;0
4502;Mannen en Vrouwen;92 jaar;2050;10033;0;0;0
4503;Mannen en Vrouwen;92 jaar;2051;10353;0;0;0
4504;Mannen en Vrouwen;92 jaar;2052;10455;0;0;0
4505;Mannen en Vrouwen;92 jaar;2053;10812;0;0;0
4506;Mannen en Vrouwen;92 jaar;2054;10933;0;0;0
4507;Mannen en Vrouwen;92 jaar;2055;11165;0;0;0
4508;Mannen en Vrouwen;92 jaar;2056;11361;0;0;0
4509;Mannen en Vrouwen;92 jaar;2057;11199;0;0;0
4510;Mannen en Vrouwen;92 jaar;2058;11071;0;0;0
4511;Mannen en Vrouwen;92 jaar;2059;11052;0;0;0
4512;Mannen en Vrouwen;93 jaar;2012;2858;0;0;0
4513;Mannen en Vrouwen;93 jaar;2013;3482;0;0;0
4514;Mannen en Vrouwen;93 jaar;2014;3557;0;0;0
4515;Mannen en Vrouwen;93 jaar;2015;3587;0;0;0
4516;Mannen en Vrouwen;93 jaar;2016;3768;0;0;0
4517;Mannen en Vrouwen;93 jaar;2017;3768;0;0;0
4518;Mannen en Vrouwen;93 jaar;2018;3791;0;0;0
4519;Mannen en Vrouwen;93 jaar;2019;3878;0;0;0
4520;Mannen en Vrouwen;93 jaar;2020;3902;0;0;0
4521;Mannen en Vrouwen;93 jaar;2021;4096;0;0;0
4522;Mannen en Vrouwen;93 jaar;2022;4162;0;0;0
4523;Mannen en Vrouwen;93 jaar;2023;4404;0;0;0
4524;Mannen en Vrouwen;93 jaar;2024;4431;0;0;0
4525;Mannen en Vrouwen;93 jaar;2025;4581;0;0;0
4526;Mannen en Vrouwen;93 jaar;2026;4533;0;0;0
4527;Mannen en Vrouwen;93 jaar;2027;4688;0;0;0
4528;Mannen en Vrouwen;93 jaar;2028;4789;0;0;0
4529;Mannen en Vrouwen;93 jaar;2029;4966;0;0;0
4530;Mannen en Vrouwen;93 jaar;2030;5044;0;0;0
4531;Mannen en Vrouwen;93 jaar;2031;5414;0;0;0
4532;Mannen en Vrouwen;93 jaar;2032;5587;0;0;0
4533;Mannen en Vrouwen;93 jaar;2033;5837;0;0;0
4534;Mannen en Vrouwen;93 jaar;2034;5729;0;0;0
4535;Mannen en Vrouwen;93 jaar;2035;6045;0;0;0
4536;Mannen en Vrouwen;93 jaar;2036;6574;0;0;0
4537;Mannen en Vrouwen;93 jaar;2037;6964;0;0;0
4538;Mannen en Vrouwen;93 jaar;2038;6688;0;0;0
4539;Mannen en Vrouwen;93 jaar;2039;9363;0;0;0
4540;Mannen en Vrouwen;93 jaar;2040;9114;0;0;0
4541;Mannen en Vrouwen;93 jaar;2041;8680;0;0;0
4542;Mannen en Vrouwen;93 jaar;2042;8462;0;0;0
4543;Mannen en Vrouwen;93 jaar;2043;8375;0;0;0
4544;Mannen en Vrouwen;93 jaar;2044;8380;0;0;0
4545;Mannen en Vrouwen;93 jaar;2045;8705;0;0;0
4546;Mannen en Vrouwen;93 jaar;2046;8730;0;0;0
4547;Mannen en Vrouwen;93 jaar;2047;8903;0;0;0
4548;Mannen en Vrouwen;93 jaar;2048;9083;0;0;0
4549;Mannen en Vrouwen;93 jaar;2049;9362;0;0;0
4550;Mannen en Vrouwen;93 jaar;2050;9594;0;0;0
4551;Mannen en Vrouwen;93 jaar;2051;9857;0;0;0
4552;Mannen en Vrouwen;93 jaar;2052;10195;0;0;0
4553;Mannen en Vrouwen;93 jaar;2053;10321;0;0;0
4554;Mannen en Vrouwen;93 jaar;2054;10700;0;0;0
4555;Mannen en Vrouwen;93 jaar;2055;10846;0;0;0
4556;Mannen en Vrouwen;93 jaar;2056;11102;0;0;0
4557;Mannen en Vrouwen;93 jaar;2057;11324;0;0;0
4558;Mannen en Vrouwen;93 jaar;2058;11188;0;0;0
4559;Mannen en Vrouwen;93 jaar;2059;11088;0;0;0
4560;Mannen en Vrouwen;94 jaar;2012;2350;0;0;0
4561;Mannen en Vrouwen;94 jaar;2013;2513;0;0;0
4562;Mannen en Vrouwen;94 jaar;2014;3068;0;0;0
4563;Mannen en Vrouwen;94 jaar;2015;3141;0;0;0
4564;Mannen en Vrouwen;94 jaar;2016;3175;0;0;0
4565;Mannen en Vrouwen;94 jaar;2017;3343;0;0;0
4566;Mannen en Vrouwen;94 jaar;2018;3351;0;0;0
4567;Mannen en Vrouwen;94 jaar;2019;3379;0;0;0
4568;Mannen en Vrouwen;94 jaar;2020;3464;0;0;0
4569;Mannen en Vrouwen;94 jaar;2021;3494;0;0;0
4570;Mannen en Vrouwen;94 jaar;2022;3677;0;0;0
4571;Mannen en Vrouwen;94 jaar;2023;3746;0;0;0
4572;Mannen en Vrouwen;94 jaar;2024;3973;0;0;0
4573;Mannen en Vrouwen;94 jaar;2025;4007;0;0;0
4574;Mannen en Vrouwen;94 jaar;2026;4152;0;0;0
4575;Mannen en Vrouwen;94 jaar;2027;4117;0;0;0
4576;Mannen en Vrouwen;94 jaar;2028;4267;0;0;0
4577;Mannen en Vrouwen;94 jaar;2029;4368;0;0;0
4578;Mannen en Vrouwen;94 jaar;2030;4537;0;0;0
4579;Mannen en Vrouwen;94 jaar;2031;4618;0;0;0
4580;Mannen en Vrouwen;94 jaar;2032;4964;0;0;0
4581;Mannen en Vrouwen;94 jaar;2033;5133;0;0;0
4582;Mannen en Vrouwen;94 jaar;2034;5373;0;0;0
4583;Mannen en Vrouwen;94 jaar;2035;5283;0;0;0
4584;Mannen en Vrouwen;94 jaar;2036;5587;0;0;0
4585;Mannen en Vrouwen;94 jaar;2037;6089;0;0;0
4586;Mannen en Vrouwen;94 jaar;2038;6466;0;0;0
4587;Mannen en Vrouwen;94 jaar;2039;6224;0;0;0
4588;Mannen en Vrouwen;94 jaar;2040;8736;0;0;0
4589;Mannen en Vrouwen;94 jaar;2041;8526;0;0;0
4590;Mannen en Vrouwen;94 jaar;2042;8140;0;0;0
4591;Mannen en Vrouwen;94 jaar;2043;7957;0;0;0
4592;Mannen en Vrouwen;94 jaar;2044;7895;0;0;0
4593;Mannen en Vrouwen;94 jaar;2045;7921;0;0;0
4594;Mannen en Vrouwen;94 jaar;2046;8249;0;0;0
4595;Mannen en Vrouwen;94 jaar;2047;8293;0;0;0
4596;Mannen en Vrouwen;94 jaar;2048;8480;0;0;0
4597;Mannen en Vrouwen;94 jaar;2049;8674;0;0;0
4598;Mannen en Vrouwen;94 jaar;2050;8961;0;0;0
4599;Mannen en Vrouwen;94 jaar;2051;9207;0;0;0
4600;Mannen en Vrouwen;94 jaar;2052;9482;0;0;0
4601;Mannen en Vrouwen;94 jaar;2053;9833;0;0;0
4602;Mannen en Vrouwen;94 jaar;2054;9979;0;0;0
4603;Mannen en Vrouwen;94 jaar;2055;10371;0;0;0
4604;Mannen en Vrouwen;94 jaar;2056;10538;0;0;0
4605;Mannen en Vrouwen;94 jaar;2057;10812;0;0;0
4606;Mannen en Vrouwen;94 jaar;2058;11054;0;0;0
4607;Mannen en Vrouwen;94 jaar;2059;10948;0;0;0
4608;Mannen en Vrouwen;95 jaar;2012;2007;0;0;0
4609;Mannen en Vrouwen;95 jaar;2013;2014;0;0;0
4610;Mannen en Vrouwen;95 jaar;2014;2159;0;0;0
4611;Mannen en Vrouwen;95 jaar;2015;2640;0;0;0
4612;Mannen en Vrouwen;95 jaar;2016;2709;0;0;0
4613;Mannen en Vrouwen;95 jaar;2017;2745;0;0;0
4614;Mannen en Vrouwen;95 jaar;2018;2897;0;0;0
4615;Mannen en Vrouwen;95 jaar;2019;2912;0;0;0
4616;Mannen en Vrouwen;95 jaar;2020;2942;0;0;0
4617;Mannen en Vrouwen;95 jaar;2021;3023;0;0;0
4618;Mannen en Vrouwen;95 jaar;2022;3057;0;0;0
4619;Mannen en Vrouwen;95 jaar;2023;3225;0;0;0
4620;Mannen en Vrouwen;95 jaar;2024;3294;0;0;0
4621;Mannen en Vrouwen;95 jaar;2025;3502;0;0;0
4622;Mannen en Vrouwen;95 jaar;2026;3540;0;0;0
4623;Mannen en Vrouwen;95 jaar;2027;3676;0;0;0
4624;Mannen en Vrouwen;95 jaar;2028;3653;0;0;0
4625;Mannen en Vrouwen;95 jaar;2029;3794;0;0;0
4626;Mannen en Vrouwen;95 jaar;2030;3891;0;0;0
4627;Mannen en Vrouwen;95 jaar;2031;4049;0;0;0
4628;Mannen en Vrouwen;95 jaar;2032;4127;0;0;0
4629;Mannen en Vrouwen;95 jaar;2033;4446;0;0;0
4630;Mannen en Vrouwen;95 jaar;2034;4605;0;0;0
4631;Mannen en Vrouwen;95 jaar;2035;4830;0;0;0
4632;Mannen en Vrouwen;95 jaar;2036;4759;0;0;0
4633;Mannen en Vrouwen;95 jaar;2037;5045;0;0;0
4634;Mannen en Vrouwen;95 jaar;2038;5512;0;0;0
4635;Mannen en Vrouwen;95 jaar;2039;5868;0;0;0
4636;Mannen en Vrouwen;95 jaar;2040;5663;0;0;0
4637;Mannen en Vrouwen;95 jaar;2041;7968;0;0;0
4638;Mannen en Vrouwen;95 jaar;2042;7798;0;0;0
4639;Mannen en Vrouwen;95 jaar;2043;7464;0;0;0
4640;Mannen en Vrouwen;95 jaar;2044;7318;0;0;0
4641;Mannen en Vrouwen;95 jaar;2045;7279;0;0;0
4642;Mannen en Vrouwen;95 jaar;2046;7322;0;0;0
4643;Mannen en Vrouwen;95 jaar;2047;7645;0;0;0
4644;Mannen en Vrouwen;95 jaar;2048;7708;0;0;0
4645;Mannen en Vrouwen;95 jaar;2049;7900;0;0;0
4646;Mannen en Vrouwen;95 jaar;2050;8103;0;0;0
4647;Mannen en Vrouwen;95 jaar;2051;8393;0;0;0
4648;Mannen en Vrouwen;95 jaar;2052;8645;0;0;0
4649;Mannen en Vrouwen;95 jaar;2053;8927;0;0;0
4650;Mannen en Vrouwen;95 jaar;2054;9281;0;0;0
4651;Mannen en Vrouwen;95 jaar;2055;9441;0;0;0
4652;Mannen en Vrouwen;95 jaar;2056;9838;0;0;0
4653;Mannen en Vrouwen;95 jaar;2057;10021;0;0;0
4654;Mannen en Vrouwen;95 jaar;2058;10306;0;0;0
4655;Mannen en Vrouwen;95 jaar;2059;10564;0;0;0
4656;Mannen en Vrouwen;96 jaar;2012;1606;0;0;0
4657;Mannen en Vrouwen;96 jaar;2013;1675;0;0;0
4658;Mannen en Vrouwen;96 jaar;2014;1685;0;0;0
4659;Mannen en Vrouwen;96 jaar;2015;1808;0;0;0
4660;Mannen en Vrouwen;96 jaar;2016;2216;0;0;0
4661;Mannen en Vrouwen;96 jaar;2017;2279;0;0;0
4662;Mannen en Vrouwen;96 jaar;2018;2316;0;0;0
4663;Mannen en Vrouwen;96 jaar;2019;2449;0;0;0
4664;Mannen en Vrouwen;96 jaar;2020;2469;0;0;0
4665;Mannen en Vrouwen;96 jaar;2021;2499;0;0;0
4666;Mannen en Vrouwen;96 jaar;2022;2574;0;0;0
4667;Mannen en Vrouwen;96 jaar;2023;2609;0;0;0
4668;Mannen en Vrouwen;96 jaar;2024;2760;0;0;0
4669;Mannen en Vrouwen;96 jaar;2025;2826;0;0;0
4670;Mannen en Vrouwen;96 jaar;2026;3011;0;0;0
4671;Mannen en Vrouwen;96 jaar;2027;3050;0;0;0
4672;Mannen en Vrouwen;96 jaar;2028;3175;0;0;0
4673;Mannen en Vrouwen;96 jaar;2029;3160;0;0;0
4674;Mannen en Vrouwen;96 jaar;2030;3288;0;0;0
4675;Mannen en Vrouwen;96 jaar;2031;3378;0;0;0
4676;Mannen en Vrouwen;96 jaar;2032;3521;0;0;0
4677;Mannen en Vrouwen;96 jaar;2033;3596;0;0;0
4678;Mannen en Vrouwen;96 jaar;2034;3879;0;0;0
4679;Mannen en Vrouwen;96 jaar;2035;4028;0;0;0
4680;Mannen en Vrouwen;96 jaar;2036;4233;0;0;0
4681;Mannen en Vrouwen;96 jaar;2037;4181;0;0;0
4682;Mannen en Vrouwen;96 jaar;2038;4442;0;0;0
4683;Mannen en Vrouwen;96 jaar;2039;4867;0;0;0
4684;Mannen en Vrouwen;96 jaar;2040;5194;0;0;0
4685;Mannen en Vrouwen;96 jaar;2041;5027;0;0;0
4686;Mannen en Vrouwen;96 jaar;2042;7093;0;0;0
4687;Mannen en Vrouwen;96 jaar;2043;6961;0;0;0
4688;Mannen en Vrouwen;96 jaar;2044;6680;0;0;0
4689;Mannen en Vrouwen;96 jaar;2045;6567;0;0;0
4690;Mannen en Vrouwen;96 jaar;2046;6551;0;0;0
4691;Mannen en Vrouwen;96 jaar;2047;6606;0;0;0
4692;Mannen en Vrouwen;96 jaar;2048;6917;0;0;0
4693;Mannen en Vrouwen;96 jaar;2049;6991;0;0;0
4694;Mannen en Vrouwen;96 jaar;2050;7186;0;0;0
4695;Mannen en Vrouwen;96 jaar;2051;7390;0;0;0
4696;Mannen en Vrouwen;96 jaar;2052;7674;0;0;0
4697;Mannen en Vrouwen;96 jaar;2053;7926;0;0;0
4698;Mannen en Vrouwen;96 jaar;2054;8206;0;0;0
4699;Mannen en Vrouwen;96 jaar;2055;8554;0;0;0
4700;Mannen en Vrouwen;96 jaar;2056;8724;0;0;0
4701;Mannen en Vrouwen;96 jaar;2057;9114;0;0;0
4702;Mannen en Vrouwen;96 jaar;2058;9308;0;0;0
4703;Mannen en Vrouwen;96 jaar;2059;9596;0;0;0
4704;Mannen en Vrouwen;97 jaar;2012;1248;0;0;0
4705;Mannen en Vrouwen;97 jaar;2013;1293;0;0;0
4706;Mannen en Vrouwen;97 jaar;2014;1352;0;0;0
4707;Mannen en Vrouwen;97 jaar;2015;1363;0;0;0
4708;Mannen en Vrouwen;97 jaar;2016;1466;0;0;0
4709;Mannen en Vrouwen;97 jaar;2017;1800;0;0;0
4710;Mannen en Vrouwen;97 jaar;2018;1855;0;0;0
4711;Mannen en Vrouwen;97 jaar;2019;1889;0;0;0
4712;Mannen en Vrouwen;97 jaar;2020;2003;0;0;0
4713;Mannen en Vrouwen;97 jaar;2021;2025;0;0;0
4714;Mannen en Vrouwen;97 jaar;2022;2054;0;0;0
4715;Mannen en Vrouwen;97 jaar;2023;2120;0;0;0
4716;Mannen en Vrouwen;97 jaar;2024;2153;0;0;0
4717;Mannen en Vrouwen;97 jaar;2025;2285;0;0;0
4718;Mannen en Vrouwen;97 jaar;2026;2344;0;0;0
4719;Mannen en Vrouwen;97 jaar;2027;2502;0;0;0
4720;Mannen en Vrouwen;97 jaar;2028;2540;0;0;0
4721;Mannen en Vrouwen;97 jaar;2029;2648;0;0;0
4722;Mannen en Vrouwen;97 jaar;2030;2641;0;0;0
4723;Mannen en Vrouwen;97 jaar;2031;2752;0;0;0
4724;Mannen en Vrouwen;97 jaar;2032;2831;0;0;0
4725;Mannen en Vrouwen;97 jaar;2033;2956;0;0;0
4726;Mannen en Vrouwen;97 jaar;2034;3025;0;0;0
4727;Mannen en Vrouwen;97 jaar;2035;3271;0;0;0
4728;Mannen en Vrouwen;97 jaar;2036;3404;0;0;0
4729;Mannen en Vrouwen;97 jaar;2037;3585;0;0;0
4730;Mannen en Vrouwen;97 jaar;2038;3549;0;0;0
4731;Mannen en Vrouwen;97 jaar;2039;3782;0;0;0
4732;Mannen en Vrouwen;97 jaar;2040;4154;0;0;0
4733;Mannen en Vrouwen;97 jaar;2041;4446;0;0;0
4734;Mannen en Vrouwen;97 jaar;2042;4315;0;0;0
4735;Mannen en Vrouwen;97 jaar;2043;6104;0;0;0
4736;Mannen en Vrouwen;97 jaar;2044;6008;0;0;0
4737;Mannen en Vrouwen;97 jaar;2045;5782;0;0;0
4738;Mannen en Vrouwen;97 jaar;2046;5698;0;0;0
4739;Mannen en Vrouwen;97 jaar;2047;5700;0;0;0
4740;Mannen en Vrouwen;97 jaar;2048;5764;0;0;0
4741;Mannen en Vrouwen;97 jaar;2049;6052;0;0;0
4742;Mannen en Vrouwen;97 jaar;2050;6133;0;0;0
4743;Mannen en Vrouwen;97 jaar;2051;6320;0;0;0
4744;Mannen en Vrouwen;97 jaar;2052;6519;0;0;0
4745;Mannen en Vrouwen;97 jaar;2053;6785;0;0;0
4746;Mannen en Vrouwen;97 jaar;2054;7028;0;0;0
4747;Mannen en Vrouwen;97 jaar;2055;7295;0;0;0
4748;Mannen en Vrouwen;97 jaar;2056;7625;0;0;0
4749;Mannen en Vrouwen;97 jaar;2057;7798;0;0;0
4750;Mannen en Vrouwen;97 jaar;2058;8168;0;0;0
4751;Mannen en Vrouwen;97 jaar;2059;8363;0;0;0
4752;Mannen en Vrouwen;98 jaar;2012;1008;0;0;0
4753;Mannen en Vrouwen;98 jaar;2013;965;0;0;0
4754;Mannen en Vrouwen;98 jaar;2014;1000;0;0;0
4755;Mannen en Vrouwen;98 jaar;2015;1047;0;0;0
4756;Mannen en Vrouwen;98 jaar;2016;1058;0;0;0
4757;Mannen en Vrouwen;98 jaar;2017;1139;0;0;0
4758;Mannen en Vrouwen;98 jaar;2018;1400;0;0;0
4759;Mannen en Vrouwen;98 jaar;2019;1446;0;0;0
4760;Mannen en Vrouwen;98 jaar;2020;1476;0;0;0
4761;Mannen en Vrouwen;98 jaar;2021;1567;0;0;0
4762;Mannen en Vrouwen;98 jaar;2022;1589;0;0;0
4763;Mannen en Vrouwen;98 jaar;2023;1614;0;0;0
4764;Mannen en Vrouwen;98 jaar;2024;1670;0;0;0
4765;Mannen en Vrouwen;98 jaar;2025;1698;0;0;0
4766;Mannen en Vrouwen;98 jaar;2026;1805;0;0;0
4767;Mannen en Vrouwen;98 jaar;2027;1855;0;0;0
4768;Mannen en Vrouwen;98 jaar;2028;1983;0;0;0
4769;Mannen en Vrouwen;98 jaar;2029;2015;0;0;0
4770;Mannen en Vrouwen;98 jaar;2030;2104;0;0;0
4771;Mannen en Vrouwen;98 jaar;2031;2101;0;0;0
4772;Mannen en Vrouwen;98 jaar;2032;2192;0;0;0
4773;Mannen en Vrouwen;98 jaar;2033;2257;0;0;0
4774;Mannen en Vrouwen;98 jaar;2034;2361;0;0;0
4775;Mannen en Vrouwen;98 jaar;2035;2419;0;0;0
4776;Mannen en Vrouwen;98 jaar;2036;2621;0;0;0
4777;Mannen en Vrouwen;98 jaar;2037;2733;0;0;0
4778;Mannen en Vrouwen;98 jaar;2038;2884;0;0;0
4779;Mannen en Vrouwen;98 jaar;2039;2861;0;0;0
4780;Mannen en Vrouwen;98 jaar;2040;3055;0;0;0
4781;Mannen en Vrouwen;98 jaar;2041;3364;0;0;0
4782;Mannen en Vrouwen;98 jaar;2042;3609;0;0;0
4783;Mannen en Vrouwen;98 jaar;2043;3511;0;0;0
4784;Mannen en Vrouwen;98 jaar;2044;4978;0;0;0
4785;Mannen en Vrouwen;98 jaar;2045;4912;0;0;0
4786;Mannen en Vrouwen;98 jaar;2046;4736;0;0;0
4787;Mannen en Vrouwen;98 jaar;2047;4680;0;0;0
4788;Mannen en Vrouwen;98 jaar;2048;4692;0;0;0
4789;Mannen en Vrouwen;98 jaar;2049;4755;0;0;0
4790;Mannen en Vrouwen;98 jaar;2050;5004;0;0;0
4791;Mannen en Vrouwen;98 jaar;2051;5083;0;0;0
4792;Mannen en Vrouwen;98 jaar;2052;5251;0;0;0
4793;Mannen en Vrouwen;98 jaar;2053;5428;0;0;0
4794;Mannen en Vrouwen;98 jaar;2054;5663;0;0;0
4795;Mannen en Vrouwen;98 jaar;2055;5880;0;0;0
4796;Mannen en Vrouwen;98 jaar;2056;6117;0;0;0
4797;Mannen en Vrouwen;98 jaar;2057;6408;0;0;0
4798;Mannen en Vrouwen;98 jaar;2058;6568;0;0;0
4799;Mannen en Vrouwen;98 jaar;2059;6895;0;0;0
4800;Mannen en Vrouwen;99 jaar of ouder;2012;1764;0;0;0
4801;Mannen en Vrouwen;99 jaar of ouder;2013;1925;0;0;0
4802;Mannen en Vrouwen;99 jaar of ouder;2014;2005;0;0;0
4803;Mannen en Vrouwen;99 jaar of ouder;2015;2088;0;0;0
4804;Mannen en Vrouwen;99 jaar of ouder;2016;2182;0;0;0
4805;Mannen en Vrouwen;99 jaar of ouder;2017;2258;0;0;0
4806;Mannen en Vrouwen;99 jaar of ouder;2018;2372;0;0;0
4807;Mannen en Vrouwen;99 jaar of ouder;2019;2648;0;0;0
4808;Mannen en Vrouwen;99 jaar of ouder;2020;2873;0;0;0
4809;Mannen en Vrouwen;99 jaar of ouder;2021;3052;0;0;0
4810;Mannen en Vrouwen;99 jaar of ouder;2022;3249;0;0;0
4811;Mannen en Vrouwen;99 jaar of ouder;2023;3404;0;0;0
4812;Mannen en Vrouwen;99 jaar of ouder;2024;3534;0;0;0
4813;Mannen en Vrouwen;99 jaar of ouder;2025;3670;0;0;0
4814;Mannen en Vrouwen;99 jaar of ouder;2026;3789;0;0;0
4815;Mannen en Vrouwen;99 jaar of ouder;2027;3955;0;0;0
4816;Mannen en Vrouwen;99 jaar of ouder;2028;4112;0;0;0
4817;Mannen en Vrouwen;99 jaar of ouder;2029;4321;0;0;0
4818;Mannen en Vrouwen;99 jaar of ouder;2030;4493;0;0;0
4819;Mannen en Vrouwen;99 jaar of ouder;2031;4682;0;0;0
4820;Mannen en Vrouwen;99 jaar of ouder;2032;4813;0;0;0
4821;Mannen en Vrouwen;99 jaar of ouder;2033;4977;0;0;0
4822;Mannen en Vrouwen;99 jaar of ouder;2034;5145;0;0;0
4823;Mannen en Vrouwen;99 jaar of ouder;2035;5347;0;0;0
4824;Mannen en Vrouwen;99 jaar of ouder;2036;5538;0;0;0
4825;Mannen en Vrouwen;99 jaar of ouder;2037;5834;0;0;0
4826;Mannen en Vrouwen;99 jaar of ouder;2038;6135;0;0;0
4827;Mannen en Vrouwen;99 jaar of ouder;2039;6472;0;0;0
4828;Mannen en Vrouwen;99 jaar of ouder;2040;6702;0;0;0
4829;Mannen en Vrouwen;99 jaar of ouder;2041;7026;0;0;0
4830;Mannen en Vrouwen;99 jaar of ouder;2042;7505;0;0;0
4831;Mannen en Vrouwen;99 jaar of ouder;2043;8047;0;0;0
4832;Mannen en Vrouwen;99 jaar of ouder;2044;8368;0;0;0
4833;Mannen en Vrouwen;99 jaar of ouder;2045;9751;0;0;0
4834;Mannen en Vrouwen;99 jaar of ouder;2046;10695;0;0;0
4835;Mannen en Vrouwen;99 jaar of ouder;2047;11247;0;0;0
4836;Mannen en Vrouwen;99 jaar of ouder;2048;11616;0;0;0
4837;Mannen en Vrouwen;99 jaar of ouder;2049;11913;0;0;0
4838;Mannen en Vrouwen;99 jaar of ouder;2050;12198;0;0;0
4839;Mannen en Vrouwen;99 jaar of ouder;2051;12623;0;0;0
4840;Mannen en Vrouwen;99 jaar of ouder;2052;13016;0;0;0
4841;Mannen en Vrouwen;99 jaar of ouder;2053;13455;0;0;0
4842;Mannen en Vrouwen;99 jaar of ouder;2054;13940;0;0;0
4843;Mannen en Vrouwen;99 jaar of ouder;2055;14502;0;0;0
4844;Mannen en Vrouwen;99 jaar of ouder;2056;15110;0;0;0
4845;Mannen en Vrouwen;99 jaar of ouder;2057;15767;0;0;0
4846;Mannen en Vrouwen;99 jaar of ouder;2058;16507;0;0;0
4847;Mannen en Vrouwen;99 jaar of ouder;2059;17204;0;0;0
4848;Mannen en Vrouwen;0 tot 5 jaar;2012;743;8494;7184;1310
4849;Mannen en Vrouwen;0 tot 5 jaar;2013;708;8387;6907;1480
4850;Mannen en Vrouwen;0 tot 5 jaar;2014;680;8316;6666;1650
4851;Mannen en Vrouwen;0 tot 5 jaar;2015;654;8374;6434;1940
4852;Mannen en Vrouwen;0 tot 5 jaar;2016;629;8466;6273;2193
4853;Mannen en Vrouwen;0 tot 5 jaar;2017;607;8564;6124;2440
4854;Mannen en Vrouwen;0 tot 5 jaar;2018;586;8566;6123;2443
4855;Mannen en Vrouwen;0 tot 5 jaar;2019;564;8523;6122;2401
4856;Mannen en Vrouwen;0 tot 5 jaar;2020;545;8452;6110;2342
4857;Mannen en Vrouwen;0 tot 5 jaar;2021;523;8381;6090;2291
4858;Mannen en Vrouwen;0 tot 5 jaar;2022;503;8305;6067;2238
4859;Mannen en Vrouwen;0 tot 5 jaar;2023;485;8284;6053;2231
4860;Mannen en Vrouwen;0 tot 5 jaar;2024;464;8271;6047;2224
4861;Mannen en Vrouwen;0 tot 5 jaar;2025;445;8265;6046;2219
4862;Mannen en Vrouwen;0 tot 5 jaar;2026;428;8263;6046;2217
4863;Mannen en Vrouwen;0 tot 5 jaar;2027;410;8258;6045;2213
4864;Mannen en Vrouwen;0 tot 5 jaar;2028;392;8251;6040;2211
4865;Mannen en Vrouwen;0 tot 5 jaar;2029;375;8246;6039;2207
4866;Mannen en Vrouwen;0 tot 5 jaar;2030;360;8239;6037;2202
4867;Mannen en Vrouwen;0 tot 5 jaar;2031;342;8231;6028;2203
4868;Mannen en Vrouwen;0 tot 5 jaar;2032;324;8227;6023;2204
4869;Mannen en Vrouwen;0 tot 5 jaar;2033;311;8224;6015;2209
4870;Mannen en Vrouwen;0 tot 5 jaar;2034;297;8219;6004;2215
4871;Mannen en Vrouwen;0 tot 5 jaar;2035;283;8211;5986;2225
4872;Mannen en Vrouwen;0 tot 5 jaar;2036;268;8211;5970;2241
4873;Mannen en Vrouwen;0 tot 5 jaar;2037;254;8203;5951;2252
4874;Mannen en Vrouwen;0 tot 5 jaar;2038;241;8198;5929;2269
4875;Mannen en Vrouwen;0 tot 5 jaar;2039;231;8204;5911;2293
4876;Mannen en Vrouwen;0 tot 5 jaar;2040;219;8200;5891;2309
4877;Mannen en Vrouwen;0 tot 5 jaar;2041;209;8193;5872;2321
4878;Mannen en Vrouwen;0 tot 5 jaar;2042;198;8190;5855;2335
4879;Mannen en Vrouwen;0 tot 5 jaar;2043;190;8182;5838;2344
4880;Mannen en Vrouwen;0 tot 5 jaar;2044;180;8172;5825;2347
4881;Mannen en Vrouwen;0 tot 5 jaar;2045;173;8169;5815;2354
4882;Mannen en Vrouwen;0 tot 5 jaar;2046;165;8165;5807;2358
4883;Mannen en Vrouwen;0 tot 5 jaar;2047;159;8159;5802;2357
4884;Mannen en Vrouwen;0 tot 5 jaar;2048;152;8162;5798;2364
4885;Mannen en Vrouwen;0 tot 5 jaar;2049;145;8158;5800;2358
4886;Mannen en Vrouwen;0 tot 5 jaar;2050;139;8159;5805;2354
4887;Mannen en Vrouwen;0 tot 5 jaar;2051;134;8155;5809;2346
4888;Mannen en Vrouwen;0 tot 5 jaar;2052;128;8150;5816;2334
4889;Mannen en Vrouwen;0 tot 5 jaar;2053;122;8150;5823;2327
4890;Mannen en Vrouwen;0 tot 5 jaar;2054;118;8151;5832;2319
4891;Mannen en Vrouwen;0 tot 5 jaar;2055;113;8149;5842;2307
4892;Mannen en Vrouwen;0 tot 5 jaar;2056;108;8149;5846;2303
4893;Mannen en Vrouwen;0 tot 5 jaar;2057;103;8147;5854;2293
4894;Mannen en Vrouwen;0 tot 5 jaar;2058;99;8145;5861;2284
4895;Mannen en Vrouwen;0 tot 5 jaar;2059;93;8145;5866;2279
4896;Mannen en Vrouwen;5 tot 10 jaar;2012;72;7028;7215;-187
4897;Mannen en Vrouwen;5 tot 10 jaar;2013;67;6948;7059;-111
4898;Mannen en Vrouwen;5 tot 10 jaar;2014;65;6884;6944;-60
4899;Mannen en Vrouwen;5 tot 10 jaar;2015;62;6920;6862;58
4900;Mannen en Vrouwen;5 tot 10 jaar;2016;59;6999;6721;278
4901;Mannen en Vrouwen;5 tot 10 jaar;2017;56;7092;6539;553
4902;Mannen en Vrouwen;5 tot 10 jaar;2018;54;7088;6497;591
4903;Mannen en Vrouwen;5 tot 10 jaar;2019;50;7026;6454;572
4904;Mannen en Vrouwen;5 tot 10 jaar;2020;50;6953;6396;557
4905;Mannen en Vrouwen;5 tot 10 jaar;2021;46;6885;6358;527
4906;Mannen en Vrouwen;5 tot 10 jaar;2022;45;6815;6327;488
4907;Mannen en Vrouwen;5 tot 10 jaar;2023;43;6785;6318;467
4908;Mannen en Vrouwen;5 tot 10 jaar;2024;43;6762;6309;453
4909;Mannen en Vrouwen;5 tot 10 jaar;2025;41;6747;6305;442
4910;Mannen en Vrouwen;5 tot 10 jaar;2026;40;6730;6299;431
4911;Mannen en Vrouwen;5 tot 10 jaar;2027;40;6711;6296;415
4912;Mannen en Vrouwen;5 tot 10 jaar;2028;38;6700;6291;409
4913;Mannen en Vrouwen;5 tot 10 jaar;2029;35;6683;6288;395
4914;Mannen en Vrouwen;5 tot 10 jaar;2030;34;6667;6292;375
4915;Mannen en Vrouwen;5 tot 10 jaar;2031;31;6643;6288;355
4916;Mannen en Vrouwen;5 tot 10 jaar;2032;31;6620;6289;331
4917;Mannen en Vrouwen;5 tot 10 jaar;2033;31;6608;6286;322
4918;Mannen en Vrouwen;5 tot 10 jaar;2034;29;6595;6285;310
4919;Mannen en Vrouwen;5 tot 10 jaar;2035;27;6584;6282;302
4920;Mannen en Vrouwen;5 tot 10 jaar;2036;27;6569;6276;293
4921;Mannen en Vrouwen;5 tot 10 jaar;2037;25;6561;6269;292
4922;Mannen en Vrouwen;5 tot 10 jaar;2038;25;6546;6259;287
4923;Mannen en Vrouwen;5 tot 10 jaar;2039;25;6535;6245;290
4924;Mannen en Vrouwen;5 tot 10 jaar;2040;25;6531;6230;301
4925;Mannen en Vrouwen;5 tot 10 jaar;2041;24;6508;6211;297
4926;Mannen en Vrouwen;5 tot 10 jaar;2042;21;6488;6196;292
4927;Mannen en Vrouwen;5 tot 10 jaar;2043;19;6478;6177;301
4928;Mannen en Vrouwen;5 tot 10 jaar;2044;18;6467;6156;311
4929;Mannen en Vrouwen;5 tot 10 jaar;2045;17;6457;6138;319
4930;Mannen en Vrouwen;5 tot 10 jaar;2046;15;6450;6124;326
4931;Mannen en Vrouwen;5 tot 10 jaar;2047;15;6443;6107;336
4932;Mannen en Vrouwen;5 tot 10 jaar;2048;15;6438;6095;343
4933;Mannen en Vrouwen;5 tot 10 jaar;2049;15;6432;6085;347
4934;Mannen en Vrouwen;5 tot 10 jaar;2050;15;6427;6079;348
4935;Mannen en Vrouwen;5 tot 10 jaar;2051;15;6422;6074;348
4936;Mannen en Vrouwen;5 tot 10 jaar;2052;15;6418;6076;342
4937;Mannen en Vrouwen;5 tot 10 jaar;2053;14;6412;6074;338
4938;Mannen en Vrouwen;5 tot 10 jaar;2054;13;6406;6080;326
4939;Mannen en Vrouwen;5 tot 10 jaar;2055;12;6404;6089;315
4940;Mannen en Vrouwen;5 tot 10 jaar;2056;12;6402;6092;310
4941;Mannen en Vrouwen;5 tot 10 jaar;2057;11;6399;6097;302
4942;Mannen en Vrouwen;5 tot 10 jaar;2058;10;6399;6108;291
4943;Mannen en Vrouwen;5 tot 10 jaar;2059;10;6398;6114;284
4944;Mannen en Vrouwen;10 tot 15 jaar;2012;101;5600;4357;1243
4945;Mannen en Vrouwen;10 tot 15 jaar;2013;99;5571;4255;1316
4946;Mannen en Vrouwen;10 tot 15 jaar;2014;93;5539;4177;1362
4947;Mannen en Vrouwen;10 tot 15 jaar;2015;91;5561;4106;1455
4948;Mannen en Vrouwen;10 tot 15 jaar;2016;85;5618;4054;1564
4949;Mannen en Vrouwen;10 tot 15 jaar;2017;81;5700;3995;1705
4950;Mannen en Vrouwen;10 tot 15 jaar;2018;77;5685;4016;1669
4951;Mannen en Vrouwen;10 tot 15 jaar;2019;75;5651;4031;1620
4952;Mannen en Vrouwen;10 tot 15 jaar;2020;72;5584;4052;1532
4953;Mannen en Vrouwen;10 tot 15 jaar;2021;68;5526;4040;1486
4954;Mannen en Vrouwen;10 tot 15 jaar;2022;66;5475;4011;1464
4955;Mannen en Vrouwen;10 tot 15 jaar;2023;65;5446;3983;1463
4956;Mannen en Vrouwen;10 tot 15 jaar;2024;61;5433;3960;1473
4957;Mannen en Vrouwen;10 tot 15 jaar;2025;59;5416;3936;1480
4958;Mannen en Vrouwen;10 tot 15 jaar;2026;58;5406;3926;1480
4959;Mannen en Vrouwen;10 tot 15 jaar;2027;55;5390;3925;1465
4960;Mannen en Vrouwen;10 tot 15 jaar;2028;53;5373;3926;1447
4961;Mannen en Vrouwen;10 tot 15 jaar;2029;53;5360;3928;1432
4962;Mannen en Vrouwen;10 tot 15 jaar;2030;51;5353;3929;1424
4963;Mannen en Vrouwen;10 tot 15 jaar;2031;51;5338;3932;1406
4964;Mannen en Vrouwen;10 tot 15 jaar;2032;51;5320;3933;1387
4965;Mannen en Vrouwen;10 tot 15 jaar;2033;47;5308;3935;1373
4966;Mannen en Vrouwen;10 tot 15 jaar;2034;46;5298;3941;1357
4967;Mannen en Vrouwen;10 tot 15 jaar;2035;46;5285;3943;1342
4968;Mannen en Vrouwen;10 tot 15 jaar;2036;45;5277;3949;1328
4969;Mannen en Vrouwen;10 tot 15 jaar;2037;42;5260;3950;1310
4970;Mannen en Vrouwen;10 tot 15 jaar;2038;41;5250;3950;1300
4971;Mannen en Vrouwen;10 tot 15 jaar;2039;40;5244;3954;1290
4972;Mannen en Vrouwen;10 tot 15 jaar;2040;38;5236;3954;1282
4973;Mannen en Vrouwen;10 tot 15 jaar;2041;37;5224;3955;1269
4974;Mannen en Vrouwen;10 tot 15 jaar;2042;36;5206;3950;1256
4975;Mannen en Vrouwen;10 tot 15 jaar;2043;36;5196;3948;1248
4976;Mannen en Vrouwen;10 tot 15 jaar;2044;34;5188;3945;1243
4977;Mannen en Vrouwen;10 tot 15 jaar;2045;33;5179;3939;1240
4978;Mannen en Vrouwen;10 tot 15 jaar;2046;33;5175;3931;1244
4979;Mannen en Vrouwen;10 tot 15 jaar;2047;30;5173;3925;1248
4980;Mannen en Vrouwen;10 tot 15 jaar;2048;29;5172;3916;1256
4981;Mannen en Vrouwen;10 tot 15 jaar;2049;28;5167;3909;1258
4982;Mannen en Vrouwen;10 tot 15 jaar;2050;27;5158;3906;1252
4983;Mannen en Vrouwen;10 tot 15 jaar;2051;25;5156;3896;1260
4984;Mannen en Vrouwen;10 tot 15 jaar;2052;25;5150;3891;1259
4985;Mannen en Vrouwen;10 tot 15 jaar;2053;24;5148;3887;1261
4986;Mannen en Vrouwen;10 tot 15 jaar;2054;24;5143;3887;1256
4987;Mannen en Vrouwen;10 tot 15 jaar;2055;24;5138;3887;1251
4988;Mannen en Vrouwen;10 tot 15 jaar;2056;22;5139;3888;1251
4989;Mannen en Vrouwen;10 tot 15 jaar;2057;21;5137;3891;1246
4990;Mannen en Vrouwen;10 tot 15 jaar;2058;20;5133;3896;1237
4991;Mannen en Vrouwen;10 tot 15 jaar;2059;20;5136;3903;1233
4992;Mannen en Vrouwen;15 tot 20 jaar;2012;195;10111;5005;5106
4993;Mannen en Vrouwen;15 tot 20 jaar;2013;188;10098;4863;5235
4994;Mannen en Vrouwen;15 tot 20 jaar;2014;184;10073;4740;5333
4995;Mannen en Vrouwen;15 tot 20 jaar;2015;184;10166;4679;5487
4996;Mannen en Vrouwen;15 tot 20 jaar;2016;179;10270;4583;5687
4997;Mannen en Vrouwen;15 tot 20 jaar;2017;175;10406;4490;5916
4998;Mannen en Vrouwen;15 tot 20 jaar;2018;172;10381;4510;5871
4999;Mannen en Vrouwen;15 tot 20 jaar;2019;167;10315;4519;5796
5000;Mannen en Vrouwen;15 tot 20 jaar;2020;160;10217;4500;5717
5001;Mannen en Vrouwen;15 tot 20 jaar;2021;154;10128;4502;5626
5002;Mannen en Vrouwen;15 tot 20 jaar;2022;148;10041;4500;5541
5003;Mannen en Vrouwen;15 tot 20 jaar;2023;140;10023;4491;5532
5004;Mannen en Vrouwen;15 tot 20 jaar;2024;137;10001;4493;5508
5005;Mannen en Vrouwen;15 tot 20 jaar;2025;132;9987;4505;5482
5006;Mannen en Vrouwen;15 tot 20 jaar;2026;128;9978;4503;5475
5007;Mannen en Vrouwen;15 tot 20 jaar;2027;126;9956;4498;5458
5008;Mannen en Vrouwen;15 tot 20 jaar;2028;120;9952;4486;5466
5009;Mannen en Vrouwen;15 tot 20 jaar;2029;116;9945;4464;5481
5010;Mannen en Vrouwen;15 tot 20 jaar;2030;112;9931;4431;5500
5011;Mannen en Vrouwen;15 tot 20 jaar;2031;108;9913;4413;5500
5012;Mannen en Vrouwen;15 tot 20 jaar;2032;107;9903;4412;5491
5013;Mannen en Vrouwen;15 tot 20 jaar;2033;104;9895;4416;5479
5014;Mannen en Vrouwen;15 tot 20 jaar;2034;103;9884;4424;5460
5015;Mannen en Vrouwen;15 tot 20 jaar;2035;101;9865;4428;5437
5016;Mannen en Vrouwen;15 tot 20 jaar;2036;100;9858;4432;5426
5017;Mannen en Vrouwen;15 tot 20 jaar;2037;97;9851;4437;5414
5018;Mannen en Vrouwen;15 tot 20 jaar;2038;97;9842;4441;5401
5019;Mannen en Vrouwen;15 tot 20 jaar;2039;95;9829;4447;5382
5020;Mannen en Vrouwen;15 tot 20 jaar;2040;90;9822;4455;5367
5021;Mannen en Vrouwen;15 tot 20 jaar;2041;89;9819;4456;5363
5022;Mannen en Vrouwen;15 tot 20 jaar;2042;88;9803;4461;5342
5023;Mannen en Vrouwen;15 tot 20 jaar;2043;85;9796;4464;5332
5024;Mannen en Vrouwen;15 tot 20 jaar;2044;83;9788;4468;5320
5025;Mannen en Vrouwen;15 tot 20 jaar;2045;82;9781;4468;5313
5026;Mannen en Vrouwen;15 tot 20 jaar;2046;79;9774;4470;5304
5027;Mannen en Vrouwen;15 tot 20 jaar;2047;78;9769;4473;5296
5028;Mannen en Vrouwen;15 tot 20 jaar;2048;75;9765;4471;5294
5029;Mannen en Vrouwen;15 tot 20 jaar;2049;74;9765;4467;5298
5030;Mannen en Vrouwen;15 tot 20 jaar;2050;71;9755;4465;5290
5031;Mannen en Vrouwen;15 tot 20 jaar;2051;70;9749;4460;5289
5032;Mannen en Vrouwen;15 tot 20 jaar;2052;67;9740;4456;5284
5033;Mannen en Vrouwen;15 tot 20 jaar;2053;65;9738;4451;5287
5034;Mannen en Vrouwen;15 tot 20 jaar;2054;63;9733;4446;5287
5035;Mannen en Vrouwen;15 tot 20 jaar;2055;63;9733;4440;5293
5036;Mannen en Vrouwen;15 tot 20 jaar;2056;60;9734;4438;5296
5037;Mannen en Vrouwen;15 tot 20 jaar;2057;56;9731;4430;5301
5038;Mannen en Vrouwen;15 tot 20 jaar;2058;56;9730;4426;5304
5039;Mannen en Vrouwen;15 tot 20 jaar;2059;56;9726;4427;5299
5040;Mannen en Vrouwen;20 tot 25 jaar;2012;319;33861;23573;10288
5041;Mannen en Vrouwen;20 tot 25 jaar;2013;317;33273;22910;10363
5042;Mannen en Vrouwen;20 tot 25 jaar;2014;310;32904;22305;10599
5043;Mannen en Vrouwen;20 tot 25 jaar;2015;303;33185;21660;11525
5044;Mannen en Vrouwen;20 tot 25 jaar;2016;293;33502;21134;12368
5045;Mannen en Vrouwen;20 tot 25 jaar;2017;286;33805;20584;13221
5046;Mannen en Vrouwen;20 tot 25 jaar;2018;283;33657;20536;13121
5047;Mannen en Vrouwen;20 tot 25 jaar;2019;278;33448;20413;13035
5048;Mannen en Vrouwen;20 tot 25 jaar;2020;274;33146;20305;12841
5049;Mannen en Vrouwen;20 tot 25 jaar;2021;273;32849;20118;12731
5050;Mannen en Vrouwen;20 tot 25 jaar;2022;269;32567;19924;12643
5051;Mannen en Vrouwen;20 tot 25 jaar;2023;263;32563;19782;12781
5052;Mannen en Vrouwen;20 tot 25 jaar;2024;256;32564;19674;12890
5053;Mannen en Vrouwen;20 tot 25 jaar;2025;246;32582;19550;13032
5054;Mannen en Vrouwen;20 tot 25 jaar;2026;239;32593;19471;13122
5055;Mannen en Vrouwen;20 tot 25 jaar;2027;228;32605;19389;13216
5056;Mannen en Vrouwen;20 tot 25 jaar;2028;221;32617;19304;13313
5057;Mannen en Vrouwen;20 tot 25 jaar;2029;215;32634;19239;13395
5058;Mannen en Vrouwen;20 tot 25 jaar;2030;211;32644;19210;13434
5059;Mannen en Vrouwen;20 tot 25 jaar;2031;204;32655;19156;13499
5060;Mannen en Vrouwen;20 tot 25 jaar;2032;200;32658;19092;13566
5061;Mannen en Vrouwen;20 tot 25 jaar;2033;194;32666;19003;13663
5062;Mannen en Vrouwen;20 tot 25 jaar;2034;189;32674;18908;13766
5063;Mannen en Vrouwen;20 tot 25 jaar;2035;183;32675;18819;13856
5064;Mannen en Vrouwen;20 tot 25 jaar;2036;180;32691;18767;13924
5065;Mannen en Vrouwen;20 tot 25 jaar;2037;177;32698;18746;13952
5066;Mannen en Vrouwen;20 tot 25 jaar;2038;175;32700;18733;13967
5067;Mannen en Vrouwen;20 tot 25 jaar;2039;173;32707;18725;13982
5068;Mannen en Vrouwen;20 tot 25 jaar;2040;171;32714;18714;14000
5069;Mannen en Vrouwen;20 tot 25 jaar;2041;169;32723;18701;14022
5070;Mannen en Vrouwen;20 tot 25 jaar;2042;166;32725;18688;14037
5071;Mannen en Vrouwen;20 tot 25 jaar;2043;163;32726;18673;14053
5072;Mannen en Vrouwen;20 tot 25 jaar;2044;162;32732;18662;14070
5073;Mannen en Vrouwen;20 tot 25 jaar;2045;158;32735;18645;14090
5074;Mannen en Vrouwen;20 tot 25 jaar;2046;155;32731;18628;14103
5075;Mannen en Vrouwen;20 tot 25 jaar;2047;154;32741;18610;14131
5076;Mannen en Vrouwen;20 tot 25 jaar;2048;149;32745;18593;14152
5077;Mannen en Vrouwen;20 tot 25 jaar;2049;147;32752;18573;14179
5078;Mannen en Vrouwen;20 tot 25 jaar;2050;144;32758;18551;14207
5079;Mannen en Vrouwen;20 tot 25 jaar;2051;142;32764;18526;14238
5080;Mannen en Vrouwen;20 tot 25 jaar;2052;139;32762;18503;14259
5081;Mannen en Vrouwen;20 tot 25 jaar;2053;138;32766;18476;14290
5082;Mannen en Vrouwen;20 tot 25 jaar;2054;132;32766;18444;14322
5083;Mannen en Vrouwen;20 tot 25 jaar;2055;130;32766;18411;14355
5084;Mannen en Vrouwen;20 tot 25 jaar;2056;125;32774;18374;14400
5085;Mannen en Vrouwen;20 tot 25 jaar;2057;123;32778;18334;14444
5086;Mannen en Vrouwen;20 tot 25 jaar;2058;123;32775;18291;14484
5087;Mannen en Vrouwen;20 tot 25 jaar;2059;117;32785;18250;14535
5088;Mannen en Vrouwen;25 tot 30 jaar;2012;356;30081;27592;2489
5089;Mannen en Vrouwen;25 tot 30 jaar;2013;353;29648;27240;2408
5090;Mannen en Vrouwen;25 tot 30 jaar;2014;351;29437;26807;2630
5091;Mannen en Vrouwen;25 tot 30 jaar;2015;351;29746;26502;3244
5092;Mannen en Vrouwen;25 tot 30 jaar;2016;349;30114;26160;3954
5093;Mannen en Vrouwen;25 tot 30 jaar;2017;347;30464;25781;4683
5094;Mannen en Vrouwen;25 tot 30 jaar;2018;343;30407;25866;4541
5095;Mannen en Vrouwen;25 tot 30 jaar;2019;339;30245;25898;4347
5096;Mannen en Vrouwen;25 tot 30 jaar;2020;333;30016;25746;4270
5097;Mannen en Vrouwen;25 tot 30 jaar;2021;323;29782;25553;4229
5098;Mannen en Vrouwen;25 tot 30 jaar;2022;319;29559;25319;4240
5099;Mannen en Vrouwen;25 tot 30 jaar;2023;312;29547;25170;4377
5100;Mannen en Vrouwen;25 tot 30 jaar;2024;310;29562;25051;4511
5101;Mannen en Vrouwen;25 tot 30 jaar;2025;308;29571;25034;4537
5102;Mannen en Vrouwen;25 tot 30 jaar;2026;304;29599;25000;4599
5103;Mannen en Vrouwen;25 tot 30 jaar;2027;303;29615;24971;4644
5104;Mannen en Vrouwen;25 tot 30 jaar;2028;298;29634;24931;4703
5105;Mannen en Vrouwen;25 tot 30 jaar;2029;292;29663;24856;4807
5106;Mannen en Vrouwen;25 tot 30 jaar;2030;284;29670;24724;4946
5107;Mannen en Vrouwen;25 tot 30 jaar;2031;274;29689;24612;5077
5108;Mannen en Vrouwen;25 tot 30 jaar;2032;264;29696;24493;5203
5109;Mannen en Vrouwen;25 tot 30 jaar;2033;256;29717;24395;5322
5110;Mannen en Vrouwen;25 tot 30 jaar;2034;250;29726;24339;5387
5111;Mannen en Vrouwen;25 tot 30 jaar;2035;246;29741;24314;5427
5112;Mannen en Vrouwen;25 tot 30 jaar;2036;240;29750;24261;5489
5113;Mannen en Vrouwen;25 tot 30 jaar;2037;234;29761;24208;5553
5114;Mannen en Vrouwen;25 tot 30 jaar;2038;228;29758;24133;5625
5115;Mannen en Vrouwen;25 tot 30 jaar;2039;224;29772;24058;5714
5116;Mannen en Vrouwen;25 tot 30 jaar;2040;221;29792;24002;5790
5117;Mannen en Vrouwen;25 tot 30 jaar;2041;216;29797;23983;5814
5118;Mannen en Vrouwen;25 tot 30 jaar;2042;212;29805;23992;5813
5119;Mannen en Vrouwen;25 tot 30 jaar;2043;210;29810;24012;5798
5120;Mannen en Vrouwen;25 tot 30 jaar;2044;210;29818;24030;5788
5121;Mannen en Vrouwen;25 tot 30 jaar;2045;207;29832;24051;5781
5122;Mannen en Vrouwen;25 tot 30 jaar;2046;206;29839;24067;5772
5123;Mannen en Vrouwen;25 tot 30 jaar;2047;202;29849;24085;5764
5124;Mannen en Vrouwen;25 tot 30 jaar;2048;199;29855;24092;5763
5125;Mannen en Vrouwen;25 tot 30 jaar;2049;198;29862;24101;5761
5126;Mannen en Vrouwen;25 tot 30 jaar;2050;197;29866;24108;5758
5127;Mannen en Vrouwen;25 tot 30 jaar;2051;192;29875;24108;5767
5128;Mannen en Vrouwen;25 tot 30 jaar;2052;189;29882;24113;5769
5129;Mannen en Vrouwen;25 tot 30 jaar;2053;187;29894;24108;5786
5130;Mannen en Vrouwen;25 tot 30 jaar;2054;183;29900;24106;5794
5131;Mannen en Vrouwen;25 tot 30 jaar;2055;182;29906;24096;5810
5132;Mannen en Vrouwen;25 tot 30 jaar;2056;178;29916;24085;5831
5133;Mannen en Vrouwen;25 tot 30 jaar;2057;174;29924;24071;5853
5134;Mannen en Vrouwen;25 tot 30 jaar;2058;173;29929;24047;5882
5135;Mannen en Vrouwen;25 tot 30 jaar;2059;170;29931;24021;5910
5136;Mannen en Vrouwen;30 tot 35 jaar;2012;443;19121;19663;-542
5137;Mannen en Vrouwen;30 tot 35 jaar;2013;433;18907;19512;-605
5138;Mannen en Vrouwen;30 tot 35 jaar;2014;427;18841;19513;-672
5139;Mannen en Vrouwen;30 tot 35 jaar;2015;419;19053;19441;-388
5140;Mannen en Vrouwen;30 tot 35 jaar;2016;416;19311;19336;-25
5141;Mannen en Vrouwen;30 tot 35 jaar;2017;415;19581;19124;457
5142;Mannen en Vrouwen;30 tot 35 jaar;2018;412;19581;19279;302
5143;Mannen en Vrouwen;30 tot 35 jaar;2019;411;19514;19375;139
5144;Mannen en Vrouwen;30 tot 35 jaar;2020;412;19383;19499;-116
5145;Mannen en Vrouwen;30 tot 35 jaar;2021;411;19254;19558;-304
5146;Mannen en Vrouwen;30 tot 35 jaar;2022;407;19124;19593;-469
5147;Mannen en Vrouwen;30 tot 35 jaar;2023;403;19118;19612;-494
5148;Mannen en Vrouwen;30 tot 35 jaar;2024;399;19136;19629;-493
5149;Mannen en Vrouwen;30 tot 35 jaar;2025;389;19151;19564;-413
5150;Mannen en Vrouwen;30 tot 35 jaar;2026;383;19174;19511;-337
5151;Mannen en Vrouwen;30 tot 35 jaar;2027;375;19188;19460;-272
5152;Mannen en Vrouwen;30 tot 35 jaar;2028;373;19203;19458;-255
5153;Mannen en Vrouwen;30 tot 35 jaar;2029;367;19221;19455;-234
5154;Mannen en Vrouwen;30 tot 35 jaar;2030;364;19232;19513;-281
5155;Mannen en Vrouwen;30 tot 35 jaar;2031;364;19247;19540;-293
5156;Mannen en Vrouwen;30 tot 35 jaar;2032;360;19261;19555;-294
5157;Mannen en Vrouwen;30 tot 35 jaar;2033;353;19272;19551;-279
5158;Mannen en Vrouwen;30 tot 35 jaar;2034;347;19290;19504;-214
5159;Mannen en Vrouwen;30 tot 35 jaar;2035;334;19298;19405;-107
5160;Mannen en Vrouwen;30 tot 35 jaar;2036;326;19316;19323;-7
5161;Mannen en Vrouwen;30 tot 35 jaar;2037;317;19329;19230;99
5162;Mannen en Vrouwen;30 tot 35 jaar;2038;307;19335;19172;163
5163;Mannen en Vrouwen;30 tot 35 jaar;2039;301;19343;19139;204
5164;Mannen en Vrouwen;30 tot 35 jaar;2040;295;19358;19129;229
5165;Mannen en Vrouwen;30 tot 35 jaar;2041;287;19373;19096;277
5166;Mannen en Vrouwen;30 tot 35 jaar;2042;283;19381;19067;314
5167;Mannen en Vrouwen;30 tot 35 jaar;2043;277;19395;19025;370
5168;Mannen en Vrouwen;30 tot 35 jaar;2044;272;19400;18993;407
5169;Mannen en Vrouwen;30 tot 35 jaar;2045;264;19412;18971;441
5170;Mannen en Vrouwen;30 tot 35 jaar;2046;262;19417;18979;438
5171;Mannen en Vrouwen;30 tot 35 jaar;2047;259;19435;19006;429
5172;Mannen en Vrouwen;30 tot 35 jaar;2048;258;19446;19045;401
5173;Mannen en Vrouwen;30 tot 35 jaar;2049;254;19455;19079;376
5174;Mannen en Vrouwen;30 tot 35 jaar;2050;252;19466;19114;352
5175;Mannen en Vrouwen;30 tot 35 jaar;2051;248;19478;19146;332
5176;Mannen en Vrouwen;30 tot 35 jaar;2052;247;19482;19179;303
5177;Mannen en Vrouwen;30 tot 35 jaar;2053;245;19484;19204;280
5178;Mannen en Vrouwen;30 tot 35 jaar;2054;242;19492;19230;262
5179;Mannen en Vrouwen;30 tot 35 jaar;2055;237;19493;19250;243
5180;Mannen en Vrouwen;30 tot 35 jaar;2056;236;19498;19265;233
5181;Mannen en Vrouwen;30 tot 35 jaar;2057;234;19500;19279;221
5182;Mannen en Vrouwen;30 tot 35 jaar;2058;228;19505;19292;213
5183;Mannen en Vrouwen;30 tot 35 jaar;2059;225;19511;19297;214
5184;Mannen en Vrouwen;35 tot 40 jaar;2012;677;13027;13627;-600
5185;Mannen en Vrouwen;35 tot 40 jaar;2013;651;12913;13338;-425
5186;Mannen en Vrouwen;35 tot 40 jaar;2014;633;12876;13163;-287
5187;Mannen en Vrouwen;35 tot 40 jaar;2015;624;13034;13165;-131
5188;Mannen en Vrouwen;35 tot 40 jaar;2016;614;13212;13148;64
5189;Mannen en Vrouwen;35 tot 40 jaar;2017;606;13405;13091;314
5190;Mannen en Vrouwen;35 tot 40 jaar;2018;594;13439;13229;210
5191;Mannen en Vrouwen;35 tot 40 jaar;2019;585;13405;13400;5
5192;Mannen en Vrouwen;35 tot 40 jaar;2020;574;13347;13479;-132
5193;Mannen en Vrouwen;35 tot 40 jaar;2021;569;13271;13543;-272
5194;Mannen en Vrouwen;35 tot 40 jaar;2022;565;13190;13579;-389
5195;Mannen en Vrouwen;35 tot 40 jaar;2023;566;13199;13653;-454
5196;Mannen en Vrouwen;35 tot 40 jaar;2024;562;13199;13710;-511
5197;Mannen en Vrouwen;35 tot 40 jaar;2025;562;13209;13806;-597
5198;Mannen en Vrouwen;35 tot 40 jaar;2026;559;13221;13890;-669
5199;Mannen en Vrouwen;35 tot 40 jaar;2027;553;13250;13964;-714
5200;Mannen en Vrouwen;35 tot 40 jaar;2028;550;13272;14013;-741
5201;Mannen en Vrouwen;35 tot 40 jaar;2029;545;13286;14050;-764
5202;Mannen en Vrouwen;35 tot 40 jaar;2030;534;13307;14028;-721
5203;Mannen en Vrouwen;35 tot 40 jaar;2031;521;13326;14008;-682
5204;Mannen en Vrouwen;35 tot 40 jaar;2032;512;13332;13993;-661
5205;Mannen en Vrouwen;35 tot 40 jaar;2033;507;13341;14012;-671
5206;Mannen en Vrouwen;35 tot 40 jaar;2034;500;13367;14041;-674
5207;Mannen en Vrouwen;35 tot 40 jaar;2035;497;13379;14109;-730
5208;Mannen en Vrouwen;35 tot 40 jaar;2036;492;13405;14157;-752
5209;Mannen en Vrouwen;35 tot 40 jaar;2037;487;13417;14195;-778
5210;Mannen en Vrouwen;35 tot 40 jaar;2038;482;13425;14207;-782
5211;Mannen en Vrouwen;35 tot 40 jaar;2039;472;13443;14181;-738
5212;Mannen en Vrouwen;35 tot 40 jaar;2040;458;13466;14116;-650
5213;Mannen en Vrouwen;35 tot 40 jaar;2041;445;13479;14055;-576
5214;Mannen en Vrouwen;35 tot 40 jaar;2042;431;13491;13988;-497
5215;Mannen en Vrouwen;35 tot 40 jaar;2043;418;13507;13949;-442
5216;Mannen en Vrouwen;35 tot 40 jaar;2044;408;13515;13932;-417
5217;Mannen en Vrouwen;35 tot 40 jaar;2045;401;13533;13932;-399
5218;Mannen en Vrouwen;35 tot 40 jaar;2046;393;13539;13920;-381
5219;Mannen en Vrouwen;35 tot 40 jaar;2047;387;13553;13911;-358
5220;Mannen en Vrouwen;35 tot 40 jaar;2048;376;13564;13887;-323
5221;Mannen en Vrouwen;35 tot 40 jaar;2049;368;13579;13871;-292
5222;Mannen en Vrouwen;35 tot 40 jaar;2050;361;13590;13861;-271
5223;Mannen en Vrouwen;35 tot 40 jaar;2051;354;13602;13874;-272
5224;Mannen en Vrouwen;35 tot 40 jaar;2052;352;13608;13900;-292
5225;Mannen en Vrouwen;35 tot 40 jaar;2053;348;13613;13933;-320
5226;Mannen en Vrouwen;35 tot 40 jaar;2054;343;13624;13968;-344
5227;Mannen en Vrouwen;35 tot 40 jaar;2055;341;13629;14001;-372
5228;Mannen en Vrouwen;35 tot 40 jaar;2056;338;13636;14033;-397
5229;Mannen en Vrouwen;35 tot 40 jaar;2057;333;13634;14057;-423
5230;Mannen en Vrouwen;35 tot 40 jaar;2058;329;13637;14081;-444
5231;Mannen en Vrouwen;35 tot 40 jaar;2059;326;13640;14104;-464
5232;Mannen en Vrouwen;40 tot 45 jaar;2012;1316;9560;10819;-1259
5233;Mannen en Vrouwen;40 tot 45 jaar;2013;1261;9463;10426;-963
5234;Mannen en Vrouwen;40 tot 45 jaar;2014;1182;9422;10067;-645
5235;Mannen en Vrouwen;40 tot 45 jaar;2015;1105;9539;9726;-187
5236;Mannen en Vrouwen;40 tot 45 jaar;2016;1034;9680;9417;263
5237;Mannen en Vrouwen;40 tot 45 jaar;2017;977;9826;9142;684
5238;Mannen en Vrouwen;40 tot 45 jaar;2018;941;9864;9136;728
5239;Mannen en Vrouwen;40 tot 45 jaar;2019;914;9852;9153;699
5240;Mannen en Vrouwen;40 tot 45 jaar;2020;900;9808;9238;570
5241;Mannen en Vrouwen;40 tot 45 jaar;2021;887;9766;9315;451
5242;Mannen en Vrouwen;40 tot 45 jaar;2022;873;9711;9373;338
5243;Mannen en Vrouwen;40 tot 45 jaar;2023;855;9719;9432;287
5244;Mannen en Vrouwen;40 tot 45 jaar;2024;842;9726;9518;208
5245;Mannen en Vrouwen;40 tot 45 jaar;2025;826;9731;9569;162
5246;Mannen en Vrouwen;40 tot 45 jaar;2026;815;9751;9634;117
5247;Mannen en Vrouwen;40 tot 45 jaar;2027;811;9767;9696;71
5248;Mannen en Vrouwen;40 tot 45 jaar;2028;810;9778;9764;14
5249;Mannen en Vrouwen;40 tot 45 jaar;2029;807;9798;9812;-14
5250;Mannen en Vrouwen;40 tot 45 jaar;2030;804;9816;9891;-75
5251;Mannen en Vrouwen;40 tot 45 jaar;2031;799;9825;9955;-130
5252;Mannen en Vrouwen;40 tot 45 jaar;2032;791;9847;10013;-166
5253;Mannen en Vrouwen;40 tot 45 jaar;2033;786;9865;10055;-190
5254;Mannen en Vrouwen;40 tot 45 jaar;2034;776;9877;10089;-212
5255;Mannen en Vrouwen;40 tot 45 jaar;2035;758;9891;10086;-195
5256;Mannen en Vrouwen;40 tot 45 jaar;2036;743;9917;10079;-162
5257;Mannen en Vrouwen;40 tot 45 jaar;2037;730;9927;10076;-149
5258;Mannen en Vrouwen;40 tot 45 jaar;2038;719;9944;10106;-162
5259;Mannen en Vrouwen;40 tot 45 jaar;2039;709;9957;10135;-178
5260;Mannen en Vrouwen;40 tot 45 jaar;2040;707;9972;10194;-222
5261;Mannen en Vrouwen;40 tot 45 jaar;2041;701;9993;10235;-242
5262;Mannen en Vrouwen;40 tot 45 jaar;2042;694;10003;10268;-265
5263;Mannen en Vrouwen;40 tot 45 jaar;2043;685;10018;10283;-265
5264;Mannen en Vrouwen;40 tot 45 jaar;2044;670;10025;10270;-245
5265;Mannen en Vrouwen;40 tot 45 jaar;2045;651;10041;10225;-184
5266;Mannen en Vrouwen;40 tot 45 jaar;2046;631;10049;10184;-135
5267;Mannen en Vrouwen;40 tot 45 jaar;2047;610;10063;10144;-81
5268;Mannen en Vrouwen;40 tot 45 jaar;2048;594;10076;10117;-41
5269;Mannen en Vrouwen;40 tot 45 jaar;2049;577;10086;10106;-20
5270;Mannen en Vrouwen;40 tot 45 jaar;2050;567;10096;10110;-14
5271;Mannen en Vrouwen;40 tot 45 jaar;2051;556;10104;10107;-3
5272;Mannen en Vrouwen;40 tot 45 jaar;2052;544;10113;10099;14
5273;Mannen en Vrouwen;40 tot 45 jaar;2053;533;10123;10088;35
5274;Mannen en Vrouwen;40 tot 45 jaar;2054;519;10135;10079;56
5275;Mannen en Vrouwen;40 tot 45 jaar;2055;508;10141;10073;68
5276;Mannen en Vrouwen;40 tot 45 jaar;2056;503;10146;10085;61
5277;Mannen en Vrouwen;40 tot 45 jaar;2057;496;10150;10109;41
5278;Mannen en Vrouwen;40 tot 45 jaar;2058;491;10148;10133;15
5279;Mannen en Vrouwen;40 tot 45 jaar;2059;485;10148;10157;-9
5280;Mannen en Vrouwen;45 tot 50 jaar;2012;2279;6647;8249;-1602
5281;Mannen en Vrouwen;45 tot 50 jaar;2013;2223;6596;8116;-1520
5282;Mannen en Vrouwen;45 tot 50 jaar;2014;2171;6576;8007;-1431
5283;Mannen en Vrouwen;45 tot 50 jaar;2015;2126;6653;7949;-1296
5284;Mannen en Vrouwen;45 tot 50 jaar;2016;2075;6749;7829;-1080
5285;Mannen en Vrouwen;45 tot 50 jaar;2017;2016;6864;7636;-772
5286;Mannen en Vrouwen;45 tot 50 jaar;2018;1929;6892;7523;-631
5287;Mannen en Vrouwen;45 tot 50 jaar;2019;1810;6893;7381;-488
5288;Mannen en Vrouwen;45 tot 50 jaar;2020;1687;6864;7216;-352
5289;Mannen en Vrouwen;45 tot 50 jaar;2021;1581;6830;7079;-249
5290;Mannen en Vrouwen;45 tot 50 jaar;2022;1490;6791;6978;-187
5291;Mannen en Vrouwen;45 tot 50 jaar;2023;1432;6796;6953;-157
5292;Mannen en Vrouwen;45 tot 50 jaar;2024;1384;6809;6947;-138
5293;Mannen en Vrouwen;45 tot 50 jaar;2025;1361;6823;7007;-184
5294;Mannen en Vrouwen;45 tot 50 jaar;2026;1337;6834;7068;-234
5295;Mannen en Vrouwen;45 tot 50 jaar;2027;1311;6848;7119;-271
5296;Mannen en Vrouwen;45 tot 50 jaar;2028;1284;6854;7159;-305
5297;Mannen en Vrouwen;45 tot 50 jaar;2029;1261;6871;7220;-349
5298;Mannen en Vrouwen;45 tot 50 jaar;2030;1233;6884;7258;-374
5299;Mannen en Vrouwen;45 tot 50 jaar;2031;1215;6899;7310;-411
5300;Mannen en Vrouwen;45 tot 50 jaar;2032;1205;6915;7362;-447
5301;Mannen en Vrouwen;45 tot 50 jaar;2033;1200;6925;7415;-490
5302;Mannen en Vrouwen;45 tot 50 jaar;2034;1192;6939;7456;-517
5303;Mannen en Vrouwen;45 tot 50 jaar;2035;1186;6947;7517;-570
5304;Mannen en Vrouwen;45 tot 50 jaar;2036;1178;6963;7570;-607
5305;Mannen en Vrouwen;45 tot 50 jaar;2037;1164;6980;7617;-637
5306;Mannen en Vrouwen;45 tot 50 jaar;2038;1151;6991;7652;-661
5307;Mannen en Vrouwen;45 tot 50 jaar;2039;1138;7003;7683;-680
5308;Mannen en Vrouwen;45 tot 50 jaar;2040;1111;7018;7678;-660
5309;Mannen en Vrouwen;45 tot 50 jaar;2041;1084;7025;7680;-655
5310;Mannen en Vrouwen;45 tot 50 jaar;2042;1060;7037;7683;-646
5311;Mannen en Vrouwen;45 tot 50 jaar;2043;1043;7045;7707;-662
5312;Mannen en Vrouwen;45 tot 50 jaar;2044;1027;7052;7734;-682
5313;Mannen en Vrouwen;45 tot 50 jaar;2045;1019;7061;7778;-717
5314;Mannen en Vrouwen;45 tot 50 jaar;2046;1010;7073;7818;-745
5315;Mannen en Vrouwen;45 tot 50 jaar;2047;1001;7091;7845;-754
5316;Mannen en Vrouwen;45 tot 50 jaar;2048;982;7094;7860;-766
5317;Mannen en Vrouwen;45 tot 50 jaar;2049;961;7106;7855;-749
5318;Mannen en Vrouwen;45 tot 50 jaar;2050;929;7110;7825;-715
5319;Mannen en Vrouwen;45 tot 50 jaar;2051;901;7125;7799;-674
5320;Mannen en Vrouwen;45 tot 50 jaar;2052;870;7125;7773;-648
5321;Mannen en Vrouwen;45 tot 50 jaar;2053;843;7132;7758;-626
5322;Mannen en Vrouwen;45 tot 50 jaar;2054;822;7135;7752;-617
5323;Mannen en Vrouwen;45 tot 50 jaar;2055;804;7143;7761;-618
5324;Mannen en Vrouwen;45 tot 50 jaar;2056;785;7147;7760;-613
5325;Mannen en Vrouwen;45 tot 50 jaar;2057;769;7147;7759;-612
5326;Mannen en Vrouwen;45 tot 50 jaar;2058;751;7145;7751;-606
5327;Mannen en Vrouwen;45 tot 50 jaar;2059;733;7149;7747;-598
5328;Mannen en Vrouwen;50 tot 55 jaar;2012;3651;4374;5939;-1565
5329;Mannen en Vrouwen;50 tot 55 jaar;2013;3628;4347;5954;-1607
5330;Mannen en Vrouwen;50 tot 55 jaar;2014;3592;4340;6021;-1681
5331;Mannen en Vrouwen;50 tot 55 jaar;2015;3545;4399;6038;-1639
5332;Mannen en Vrouwen;50 tot 55 jaar;2016;3472;4463;6016;-1553
5333;Mannen en Vrouwen;50 tot 55 jaar;2017;3391;4538;5929;-1391
5334;Mannen en Vrouwen;50 tot 55 jaar;2018;3302;4564;5973;-1409
5335;Mannen en Vrouwen;50 tot 55 jaar;2019;3224;4571;6002;-1431
5336;Mannen en Vrouwen;50 tot 55 jaar;2020;3151;4554;6034;-1480
5337;Mannen en Vrouwen;50 tot 55 jaar;2021;3072;4533;6031;-1498
5338;Mannen en Vrouwen;50 tot 55 jaar;2022;2976;4518;6012;-1494
5339;Mannen en Vrouwen;50 tot 55 jaar;2023;2845;4520;5936;-1416
5340;Mannen en Vrouwen;50 tot 55 jaar;2024;2663;4524;5836;-1312
5341;Mannen en Vrouwen;50 tot 55 jaar;2025;2482;4530;5727;-1197
5342;Mannen en Vrouwen;50 tot 55 jaar;2026;2323;4540;5645;-1105
5343;Mannen en Vrouwen;50 tot 55 jaar;2027;2185;4553;5589;-1036
5344;Mannen en Vrouwen;50 tot 55 jaar;2028;2098;4564;5588;-1024
5345;Mannen en Vrouwen;50 tot 55 jaar;2029;2027;4579;5597;-1018
5346;Mannen en Vrouwen;50 tot 55 jaar;2030;1989;4587;5652;-1065
5347;Mannen en Vrouwen;50 tot 55 jaar;2031;1950;4597;5710;-1113
5348;Mannen en Vrouwen;50 tot 55 jaar;2032;1912;4597;5759;-1162
5349;Mannen en Vrouwen;50 tot 55 jaar;2033;1866;4607;5801;-1194
5350;Mannen en Vrouwen;50 tot 55 jaar;2034;1832;4619;5852;-1233
5351;Mannen en Vrouwen;50 tot 55 jaar;2035;1788;4628;5891;-1263
5352;Mannen en Vrouwen;50 tot 55 jaar;2036;1758;4635;5941;-1306
5353;Mannen en Vrouwen;50 tot 55 jaar;2037;1743;4645;5993;-1348
5354;Mannen en Vrouwen;50 tot 55 jaar;2038;1734;4656;6049;-1393
5355;Mannen en Vrouwen;50 tot 55 jaar;2039;1717;4662;6096;-1434
5356;Mannen en Vrouwen;50 tot 55 jaar;2040;1710;4672;6159;-1487
5357;Mannen en Vrouwen;50 tot 55 jaar;2041;1692;4687;6211;-1524
5358;Mannen en Vrouwen;50 tot 55 jaar;2042;1669;4689;6261;-1572
5359;Mannen en Vrouwen;50 tot 55 jaar;2043;1649;4696;6298;-1602
5360;Mannen en Vrouwen;50 tot 55 jaar;2044;1628;4707;6335;-1628
5361;Mannen en Vrouwen;50 tot 55 jaar;2045;1588;4711;6345;-1634
5362;Mannen en Vrouwen;50 tot 55 jaar;2046;1548;4720;6354;-1634
5363;Mannen en Vrouwen;50 tot 55 jaar;2047;1511;4732;6366;-1634
5364;Mannen en Vrouwen;50 tot 55 jaar;2048;1487;4739;6395;-1656
5365;Mannen en Vrouwen;50 tot 55 jaar;2049;1461;4742;6426;-1684
5366;Mannen en Vrouwen;50 tot 55 jaar;2050;1448;4746;6478;-1732
5367;Mannen en Vrouwen;50 tot 55 jaar;2051;1434;4750;6522;-1772
5368;Mannen en Vrouwen;50 tot 55 jaar;2052;1419;4754;6556;-1802
5369;Mannen en Vrouwen;50 tot 55 jaar;2053;1393;4763;6578;-1815
5370;Mannen en Vrouwen;50 tot 55 jaar;2054;1358;4767;6581;-1814
5371;Mannen en Vrouwen;50 tot 55 jaar;2055;1315;4770;6565;-1795
5372;Mannen en Vrouwen;50 tot 55 jaar;2056;1271;4771;6551;-1780
5373;Mannen en Vrouwen;50 tot 55 jaar;2057;1229;4773;6531;-1758
5374;Mannen en Vrouwen;50 tot 55 jaar;2058;1188;4775;6523;-1748
5375;Mannen en Vrouwen;50 tot 55 jaar;2059;1156;4777;6525;-1748
5376;Mannen en Vrouwen;55 tot 60 jaar;2012;5460;2782;3865;-1083
5377;Mannen en Vrouwen;55 tot 60 jaar;2013;5439;2760;3877;-1117
5378;Mannen en Vrouwen;55 tot 60 jaar;2014;5415;2766;3923;-1157
5379;Mannen en Vrouwen;55 tot 60 jaar;2015;5379;2806;4016;-1210
5380;Mannen en Vrouwen;55 tot 60 jaar;2016;5338;2856;4047;-1191
5381;Mannen en Vrouwen;55 tot 60 jaar;2017;5291;2900;4066;-1166
5382;Mannen en Vrouwen;55 tot 60 jaar;2018;5247;2922;4166;-1244
5383;Mannen en Vrouwen;55 tot 60 jaar;2019;5195;2935;4275;-1340
5384;Mannen en Vrouwen;55 tot 60 jaar;2020;5123;2933;4337;-1404
5385;Mannen en Vrouwen;55 tot 60 jaar;2021;5014;2929;4385;-1456
5386;Mannen en Vrouwen;55 tot 60 jaar;2022;4893;2913;4401;-1488
5387;Mannen en Vrouwen;55 tot 60 jaar;2023;4760;2913;4438;-1525
5388;Mannen en Vrouwen;55 tot 60 jaar;2024;4643;2917;4464;-1547
5389;Mannen en Vrouwen;55 tot 60 jaar;2025;4534;2930;4498;-1568
5390;Mannen en Vrouwen;55 tot 60 jaar;2026;4416;2937;4516;-1579
5391;Mannen en Vrouwen;55 tot 60 jaar;2027;4275;2941;4520;-1579
5392;Mannen en Vrouwen;55 tot 60 jaar;2028;4079;2947;4477;-1530
5393;Mannen en Vrouwen;55 tot 60 jaar;2029;3817;2961;4410;-1449
5394;Mannen en Vrouwen;55 tot 60 jaar;2030;3552;2961;4330;-1369
5395;Mannen en Vrouwen;55 tot 60 jaar;2031;3322;2974;4268;-1294
5396;Mannen en Vrouwen;55 tot 60 jaar;2032;3126;2980;4228;-1248
5397;Mannen en Vrouwen;55 tot 60 jaar;2033;2997;2996;4228;-1232
5398;Mannen en Vrouwen;55 tot 60 jaar;2034;2895;3001;4240;-1239
5399;Mannen en Vrouwen;55 tot 60 jaar;2035;2838;3012;4287;-1275
5400;Mannen en Vrouwen;55 tot 60 jaar;2036;2781;3018;4331;-1313
5401;Mannen en Vrouwen;55 tot 60 jaar;2037;2721;3022;4369;-1347
5402;Mannen en Vrouwen;55 tot 60 jaar;2038;2656;3031;4401;-1370
5403;Mannen en Vrouwen;55 tot 60 jaar;2039;2603;3031;4444;-1413
5404;Mannen en Vrouwen;55 tot 60 jaar;2040;2539;3040;4476;-1436
5405;Mannen en Vrouwen;55 tot 60 jaar;2041;2495;3047;4520;-1473
5406;Mannen en Vrouwen;55 tot 60 jaar;2042;2473;3052;4569;-1517
5407;Mannen en Vrouwen;55 tot 60 jaar;2043;2455;3064;4616;-1552
5408;Mannen en Vrouwen;55 tot 60 jaar;2044;2431;3066;4661;-1595
5409;Mannen en Vrouwen;55 tot 60 jaar;2045;2416;3069;4719;-1650
5410;Mannen en Vrouwen;55 tot 60 jaar;2046;2388;3073;4766;-1693
5411;Mannen en Vrouwen;55 tot 60 jaar;2047;2357;3077;4809;-1732
5412;Mannen en Vrouwen;55 tot 60 jaar;2048;2327;3086;4847;-1761
5413;Mannen en Vrouwen;55 tot 60 jaar;2049;2294;3089;4878;-1789
5414;Mannen en Vrouwen;55 tot 60 jaar;2050;2236;3090;4893;-1803
5415;Mannen en Vrouwen;55 tot 60 jaar;2051;2179;3091;4906;-1815
5416;Mannen en Vrouwen;55 tot 60 jaar;2052;2127;3093;4924;-1831
5417;Mannen en Vrouwen;55 tot 60 jaar;2053;2089;3095;4958;-1863
5418;Mannen en Vrouwen;55 tot 60 jaar;2054;2052;3100;4990;-1890
5419;Mannen en Vrouwen;55 tot 60 jaar;2055;2030;3101;5037;-1936
5420;Mannen en Vrouwen;55 tot 60 jaar;2056;2011;3106;5079;-1973
5421;Mannen en Vrouwen;55 tot 60 jaar;2057;1985;3109;5113;-2004
5422;Mannen en Vrouwen;55 tot 60 jaar;2058;1947;3111;5135;-2024
5423;Mannen en Vrouwen;55 tot 60 jaar;2059;1899;3110;5139;-2029
5424;Mannen en Vrouwen;60 tot 65 jaar;2012;7983;1754;2851;-1097
5425;Mannen en Vrouwen;60 tot 65 jaar;2013;7819;1742;2802;-1060
5426;Mannen en Vrouwen;60 tot 65 jaar;2014;7730;1740;2798;-1058
5427;Mannen en Vrouwen;60 tot 65 jaar;2015;7678;1769;2814;-1045
5428;Mannen en Vrouwen;60 tot 65 jaar;2016;7666;1815;2855;-1040
5429;Mannen en Vrouwen;60 tot 65 jaar;2017;7603;1857;2863;-1006
5430;Mannen en Vrouwen;60 tot 65 jaar;2018;7561;1883;2929;-1046
5431;Mannen en Vrouwen;60 tot 65 jaar;2019;7519;1891;3005;-1114
5432;Mannen en Vrouwen;60 tot 65 jaar;2020;7467;1890;3092;-1202
5433;Mannen en Vrouwen;60 tot 65 jaar;2021;7408;1896;3149;-1253
5434;Mannen en Vrouwen;60 tot 65 jaar;2022;7340;1897;3222;-1325
5435;Mannen en Vrouwen;60 tot 65 jaar;2023;7276;1900;3294;-1394
5436;Mannen en Vrouwen;60 tot 65 jaar;2024;7194;1902;3376;-1474
5437;Mannen en Vrouwen;60 tot 65 jaar;2025;7094;1903;3426;-1523
5438;Mannen en Vrouwen;60 tot 65 jaar;2026;6938;1910;3463;-1553
5439;Mannen en Vrouwen;60 tot 65 jaar;2027;6764;1922;3482;-1560
5440;Mannen en Vrouwen;60 tot 65 jaar;2028;6577;1924;3517;-1593
5441;Mannen en Vrouwen;60 tot 65 jaar;2029;6412;1930;3540;-1610
5442;Mannen en Vrouwen;60 tot 65 jaar;2030;6256;1936;3569;-1633
5443;Mannen en Vrouwen;60 tot 65 jaar;2031;6091;1942;3580;-1638
5444;Mannen en Vrouwen;60 tot 65 jaar;2032;5893;1951;3583;-1632
5445;Mannen en Vrouwen;60 tot 65 jaar;2033;5622;1956;3550;-1594
5446;Mannen en Vrouwen;60 tot 65 jaar;2034;5258;1963;3491;-1528
5447;Mannen en Vrouwen;60 tot 65 jaar;2035;4893;1971;3423;-1452
5448;Mannen en Vrouwen;60 tot 65 jaar;2036;4574;1974;3374;-1400
5449;Mannen en Vrouwen;60 tot 65 jaar;2037;4300;1979;3340;-1361
5450;Mannen en Vrouwen;60 tot 65 jaar;2038;4122;1990;3339;-1349
5451;Mannen en Vrouwen;60 tot 65 jaar;2039;3979;1993;3346;-1353
5452;Mannen en Vrouwen;60 tot 65 jaar;2040;3897;2004;3377;-1373
5453;Mannen en Vrouwen;60 tot 65 jaar;2041;3818;2012;3414;-1402
5454;Mannen en Vrouwen;60 tot 65 jaar;2042;3736;2014;3441;-1427
5455;Mannen en Vrouwen;60 tot 65 jaar;2043;3641;2023;3467;-1444
5456;Mannen en Vrouwen;60 tot 65 jaar;2044;3568;2024;3501;-1477
5457;Mannen en Vrouwen;60 tot 65 jaar;2045;3479;2028;3529;-1501
5458;Mannen en Vrouwen;60 tot 65 jaar;2046;3416;2034;3563;-1529
5459;Mannen en Vrouwen;60 tot 65 jaar;2047;3383;2042;3604;-1562
5460;Mannen en Vrouwen;60 tot 65 jaar;2048;3359;2042;3644;-1602
5461;Mannen en Vrouwen;60 tot 65 jaar;2049;3324;2045;3680;-1635
5462;Mannen en Vrouwen;60 tot 65 jaar;2050;3300;2050;3722;-1672
5463;Mannen en Vrouwen;60 tot 65 jaar;2051;3263;2053;3760;-1707
5464;Mannen en Vrouwen;60 tot 65 jaar;2052;3218;2056;3793;-1737
5465;Mannen en Vrouwen;60 tot 65 jaar;2053;3175;2058;3823;-1765
5466;Mannen en Vrouwen;60 tot 65 jaar;2054;3129;2060;3850;-1790
5467;Mannen en Vrouwen;60 tot 65 jaar;2055;3047;2064;3860;-1796
5468;Mannen en Vrouwen;60 tot 65 jaar;2056;2968;2067;3869;-1802
5469;Mannen en Vrouwen;60 tot 65 jaar;2057;2896;2065;3881;-1816
5470;Mannen en Vrouwen;60 tot 65 jaar;2058;2842;2067;3909;-1842
5471;Mannen en Vrouwen;60 tot 65 jaar;2059;2791;2063;3930;-1867
5472;Mannen en Vrouwen;65 tot 70 jaar;2012;11118;1052;2099;-1047
5473;Mannen en Vrouwen;65 tot 70 jaar;2013;11546;1046;2136;-1090
5474;Mannen en Vrouwen;65 tot 70 jaar;2014;11816;1046;2161;-1115
5475;Mannen en Vrouwen;65 tot 70 jaar;2015;12188;1057;2195;-1138
5476;Mannen en Vrouwen;65 tot 70 jaar;2016;11666;1085;2153;-1068
5477;Mannen en Vrouwen;65 tot 70 jaar;2017;11291;1116;2121;-1005
5478;Mannen en Vrouwen;65 tot 70 jaar;2018;11051;1134;2135;-1001
5479;Mannen en Vrouwen;65 tot 70 jaar;2019;10910;1140;2168;-1028
5480;Mannen en Vrouwen;65 tot 70 jaar;2020;10827;1137;2200;-1063
5481;Mannen en Vrouwen;65 tot 70 jaar;2021;10795;1140;2261;-1121
5482;Mannen en Vrouwen;65 tot 70 jaar;2022;10700;1141;2308;-1167
5483;Mannen en Vrouwen;65 tot 70 jaar;2023;10638;1143;2369;-1226
5484;Mannen en Vrouwen;65 tot 70 jaar;2024;10584;1142;2432;-1290
5485;Mannen en Vrouwen;65 tot 70 jaar;2025;10514;1146;2509;-1363
5486;Mannen en Vrouwen;65 tot 70 jaar;2026;10438;1151;2570;-1419
5487;Mannen en Vrouwen;65 tot 70 jaar;2027;10350;1160;2641;-1481
5488;Mannen en Vrouwen;65 tot 70 jaar;2028;10260;1166;2709;-1543
5489;Mannen en Vrouwen;65 tot 70 jaar;2029;10151;1170;2780;-1610
5490;Mannen en Vrouwen;65 tot 70 jaar;2030;10008;1174;2818;-1644
5491;Mannen en Vrouwen;65 tot 70 jaar;2031;9785;1182;2858;-1676
5492;Mannen en Vrouwen;65 tot 70 jaar;2032;9543;1181;2871;-1690
5493;Mannen en Vrouwen;65 tot 70 jaar;2033;9278;1191;2891;-1700
5494;Mannen en Vrouwen;65 tot 70 jaar;2034;9046;1194;2916;-1722
5495;Mannen en Vrouwen;65 tot 70 jaar;2035;8830;1202;2943;-1741
5496;Mannen en Vrouwen;65 tot 70 jaar;2036;8597;1203;2953;-1750
5497;Mannen en Vrouwen;65 tot 70 jaar;2037;8318;1207;2955;-1748
5498;Mannen en Vrouwen;65 tot 70 jaar;2038;7937;1208;2920;-1712
5499;Mannen en Vrouwen;65 tot 70 jaar;2039;7426;1211;2871;-1660
5500;Mannen en Vrouwen;65 tot 70 jaar;2040;6910;1215;2807;-1592
5501;Mannen en Vrouwen;65 tot 70 jaar;2041;6460;1223;2762;-1539
5502;Mannen en Vrouwen;65 tot 70 jaar;2042;6073;1221;2730;-1509
5503;Mannen en Vrouwen;65 tot 70 jaar;2043;5824;1230;2726;-1496
5504;Mannen en Vrouwen;65 tot 70 jaar;2044;5622;1230;2727;-1497
5505;Mannen en Vrouwen;65 tot 70 jaar;2045;5506;1233;2756;-1523
5506;Mannen en Vrouwen;65 tot 70 jaar;2046;5390;1233;2787;-1554
5507;Mannen en Vrouwen;65 tot 70 jaar;2047;5272;1238;2806;-1568
5508;Mannen en Vrouwen;65 tot 70 jaar;2048;5140;1240;2823;-1583
5509;Mannen en Vrouwen;65 tot 70 jaar;2049;5035;1242;2850;-1608
5510;Mannen en Vrouwen;65 tot 70 jaar;2050;4907;1246;2876;-1630
5511;Mannen en Vrouwen;65 tot 70 jaar;2051;4818;1250;2909;-1659
5512;Mannen en Vrouwen;65 tot 70 jaar;2052;4773;1250;2941;-1691
5513;Mannen en Vrouwen;65 tot 70 jaar;2053;4736;1252;2974;-1722
5514;Mannen en Vrouwen;65 tot 70 jaar;2054;4687;1256;2995;-1739
5515;Mannen en Vrouwen;65 tot 70 jaar;2055;4655;1260;3032;-1772
5516;Mannen en Vrouwen;65 tot 70 jaar;2056;4601;1260;3064;-1804
5517;Mannen en Vrouwen;65 tot 70 jaar;2057;4537;1258;3089;-1831
5518;Mannen en Vrouwen;65 tot 70 jaar;2058;4475;1259;3111;-1852
5519;Mannen en Vrouwen;65 tot 70 jaar;2059;4411;1260;3132;-1872
5520;Mannen en Vrouwen;70 tot 75 jaar;2012;12906;586;920;-334
5521;Mannen en Vrouwen;70 tot 75 jaar;2013;13083;584;920;-336
5522;Mannen en Vrouwen;70 tot 75 jaar;2014;13350;585;931;-346
5523;Mannen en Vrouwen;70 tot 75 jaar;2015;13428;594;935;-341
5524;Mannen en Vrouwen;70 tot 75 jaar;2016;14522;600;992;-392
5525;Mannen en Vrouwen;70 tot 75 jaar;2017;15436;611;1025;-414
5526;Mannen en Vrouwen;70 tot 75 jaar;2018;16014;619;1074;-455
5527;Mannen en Vrouwen;70 tot 75 jaar;2019;16378;620;1109;-489
5528;Mannen en Vrouwen;70 tot 75 jaar;2020;16902;621;1145;-524
5529;Mannen en Vrouwen;70 tot 75 jaar;2021;16172;623;1146;-523
5530;Mannen en Vrouwen;70 tot 75 jaar;2022;15656;625;1156;-531
5531;Mannen en Vrouwen;70 tot 75 jaar;2023;15339;627;1169;-542
5532;Mannen en Vrouwen;70 tot 75 jaar;2024;15174;629;1192;-563
5533;Mannen en Vrouwen;70 tot 75 jaar;2025;15093;633;1213;-580
5534;Mannen en Vrouwen;70 tot 75 jaar;2026;15078;632;1258;-626
5535;Mannen en Vrouwen;70 tot 75 jaar;2027;14971;633;1294;-661
5536;Mannen en Vrouwen;70 tot 75 jaar;2028;14895;634;1337;-703
5537;Mannen en Vrouwen;70 tot 75 jaar;2029;14824;634;1383;-749
5538;Mannen en Vrouwen;70 tot 75 jaar;2030;14725;637;1443;-806
5539;Mannen en Vrouwen;70 tot 75 jaar;2031;14617;641;1479;-838
5540;Mannen en Vrouwen;70 tot 75 jaar;2032;14494;643;1536;-893
5541;Mannen en Vrouwen;70 tot 75 jaar;2033;14373;646;1590;-944
5542;Mannen en Vrouwen;70 tot 75 jaar;2034;14225;648;1648;-1000
5543;Mannen en Vrouwen;70 tot 75 jaar;2035;14037;652;1680;-1028
5544;Mannen en Vrouwen;70 tot 75 jaar;2036;13739;656;1716;-1060
5545;Mannen en Vrouwen;70 tot 75 jaar;2037;13412;654;1731;-1077
5546;Mannen en Vrouwen;70 tot 75 jaar;2038;13047;661;1755;-1094
5547;Mannen en Vrouwen;70 tot 75 jaar;2039;12731;663;1775;-1112
5548;Mannen en Vrouwen;70 tot 75 jaar;2040;12433;667;1797;-1130
5549;Mannen en Vrouwen;70 tot 75 jaar;2041;12109;669;1809;-1140
5550;Mannen en Vrouwen;70 tot 75 jaar;2042;11725;671;1828;-1157
5551;Mannen en Vrouwen;70 tot 75 jaar;2043;11197;674;1821;-1147
5552;Mannen en Vrouwen;70 tot 75 jaar;2044;10480;677;1800;-1123
5553;Mannen en Vrouwen;70 tot 75 jaar;2045;9757;678;1771;-1093
5554;Mannen en Vrouwen;70 tot 75 jaar;2046;9120;677;1746;-1069
5555;Mannen en Vrouwen;70 tot 75 jaar;2047;8579;681;1729;-1048
5556;Mannen en Vrouwen;70 tot 75 jaar;2048;8226;683;1725;-1042
5557;Mannen en Vrouwen;70 tot 75 jaar;2049;7941;687;1723;-1036
5558;Mannen en Vrouwen;70 tot 75 jaar;2050;7779;689;1736;-1047
5559;Mannen en Vrouwen;70 tot 75 jaar;2051;7618;691;1755;-1064
5560;Mannen en Vrouwen;70 tot 75 jaar;2052;7453;692;1767;-1075
5561;Mannen en Vrouwen;70 tot 75 jaar;2053;7268;691;1778;-1087
5562;Mannen en Vrouwen;70 tot 75 jaar;2054;7118;693;1796;-1103
5563;Mannen en Vrouwen;70 tot 75 jaar;2055;6936;693;1811;-1118
5564;Mannen en Vrouwen;70 tot 75 jaar;2056;6810;693;1830;-1137
5565;Mannen en Vrouwen;70 tot 75 jaar;2057;6746;693;1846;-1153
5566;Mannen en Vrouwen;70 tot 75 jaar;2058;6693;691;1865;-1174
5567;Mannen en Vrouwen;70 tot 75 jaar;2059;6626;691;1876;-1185
5568;Mannen en Vrouwen;75 tot 80 jaar;2012;17458;361;480;-119
5569;Mannen en Vrouwen;75 tot 80 jaar;2013;17600;361;497;-136
5570;Mannen en Vrouwen;75 tot 80 jaar;2014;17745;360;515;-155
5571;Mannen en Vrouwen;75 tot 80 jaar;2015;17990;359;542;-183
5572;Mannen en Vrouwen;75 tot 80 jaar;2016;18082;362;545;-183
5573;Mannen en Vrouwen;75 tot 80 jaar;2017;18335;367;552;-185
5574;Mannen en Vrouwen;75 tot 80 jaar;2018;18615;369;570;-201
5575;Mannen en Vrouwen;75 tot 80 jaar;2019;19022;373;594;-221
5576;Mannen en Vrouwen;75 tot 80 jaar;2020;19152;372;613;-241
5577;Mannen en Vrouwen;75 tot 80 jaar;2021;20723;374;660;-286
5578;Mannen en Vrouwen;75 tot 80 jaar;2022;22057;374;699;-325
5579;Mannen en Vrouwen;75 tot 80 jaar;2023;22909;374;740;-366
5580;Mannen en Vrouwen;75 tot 80 jaar;2024;23460;376;769;-393
5581;Mannen en Vrouwen;75 tot 80 jaar;2025;24236;381;804;-423
5582;Mannen en Vrouwen;75 tot 80 jaar;2026;23199;384;813;-429
5583;Mannen en Vrouwen;75 tot 80 jaar;2027;22442;386;830;-444
5584;Mannen en Vrouwen;75 tot 80 jaar;2028;21949;385;846;-461
5585;Mannen en Vrouwen;75 tot 80 jaar;2029;21660;388;874;-486
5586;Mannen en Vrouwen;75 tot 80 jaar;2030;21493;388;894;-506
5587;Mannen en Vrouwen;75 tot 80 jaar;2031;21440;385;937;-552
5588;Mannen en Vrouwen;75 tot 80 jaar;2032;21276;386;971;-585
5589;Mannen en Vrouwen;75 tot 80 jaar;2033;21200;388;1015;-627
5590;Mannen en Vrouwen;75 tot 80 jaar;2034;21156;391;1056;-665
5591;Mannen en Vrouwen;75 tot 80 jaar;2035;21093;392;1116;-724
5592;Mannen en Vrouwen;75 tot 80 jaar;2036;21029;396;1154;-758
5593;Mannen en Vrouwen;75 tot 80 jaar;2037;20943;395;1210;-815
5594;Mannen en Vrouwen;75 tot 80 jaar;2038;20851;398;1261;-863
5595;Mannen en Vrouwen;75 tot 80 jaar;2039;20711;399;1319;-920
5596;Mannen en Vrouwen;75 tot 80 jaar;2040;20512;400;1356;-956
5597;Mannen en Vrouwen;75 tot 80 jaar;2041;20143;403;1397;-994
5598;Mannen en Vrouwen;75 tot 80 jaar;2042;19730;405;1411;-1006
5599;Mannen en Vrouwen;75 tot 80 jaar;2043;19257;406;1442;-1036
5600;Mannen en Vrouwen;75 tot 80 jaar;2044;18847;409;1466;-1057
5601;Mannen en Vrouwen;75 tot 80 jaar;2045;18463;410;1495;-1085
5602;Mannen en Vrouwen;75 tot 80 jaar;2046;18044;412;1518;-1106
5603;Mannen en Vrouwen;75 tot 80 jaar;2047;17532;414;1548;-1134
5604;Mannen en Vrouwen;75 tot 80 jaar;2048;16799;414;1554;-1140
5605;Mannen en Vrouwen;75 tot 80 jaar;2049;15774;415;1550;-1135
5606;Mannen en Vrouwen;75 tot 80 jaar;2050;14729;418;1529;-1111
5607;Mannen en Vrouwen;75 tot 80 jaar;2051;13805;420;1508;-1088
5608;Mannen en Vrouwen;75 tot 80 jaar;2052;13016;421;1496;-1075
5609;Mannen en Vrouwen;75 tot 80 jaar;2053;12510;423;1494;-1071
5610;Mannen en Vrouwen;75 tot 80 jaar;2054;12107;423;1490;-1067
5611;Mannen en Vrouwen;75 tot 80 jaar;2055;11891;425;1500;-1075
5612;Mannen en Vrouwen;75 tot 80 jaar;2056;11675;426;1515;-1089
5613;Mannen en Vrouwen;75 tot 80 jaar;2057;11453;427;1524;-1097
5614;Mannen en Vrouwen;75 tot 80 jaar;2058;11200;427;1532;-1105
5615;Mannen en Vrouwen;75 tot 80 jaar;2059;10999;427;1547;-1120
5616;Mannen en Vrouwen;80 tot 85 jaar;2012;23640;177;233;-56
5617;Mannen en Vrouwen;80 tot 85 jaar;2013;23636;176;239;-63
5618;Mannen en Vrouwen;80 tot 85 jaar;2014;23701;180;246;-66
5619;Mannen en Vrouwen;80 tot 85 jaar;2015;23578;178;249;-71
5620;Mannen en Vrouwen;80 tot 85 jaar;2016;23595;179;260;-81
5621;Mannen en Vrouwen;80 tot 85 jaar;2017;23532;184;266;-82
5622;Mannen en Vrouwen;80 tot 85 jaar;2018;23861;188;288;-100
5623;Mannen en Vrouwen;80 tot 85 jaar;2019;24190;189;310;-121
5624;Mannen en Vrouwen;80 tot 85 jaar;2020;24658;191;338;-147
5625;Mannen en Vrouwen;80 tot 85 jaar;2021;24906;188;350;-162
5626;Mannen en Vrouwen;80 tot 85 jaar;2022;25361;186;368;-182
5627;Mannen en Vrouwen;80 tot 85 jaar;2023;25869;187;378;-191
5628;Mannen en Vrouwen;80 tot 85 jaar;2024;26545;187;395;-208
5629;Mannen en Vrouwen;80 tot 85 jaar;2025;26831;190;410;-220
5630;Mannen en Vrouwen;80 tot 85 jaar;2026;29153;191;442;-251
5631;Mannen en Vrouwen;80 tot 85 jaar;2027;31130;192;470;-278
5632;Mannen en Vrouwen;80 tot 85 jaar;2028;32419;193;501;-308
5633;Mannen en Vrouwen;80 tot 85 jaar;2029;33267;195;525;-330
5634;Mannen en Vrouwen;80 tot 85 jaar;2030;34375;195;553;-358
5635;Mannen en Vrouwen;80 tot 85 jaar;2031;32976;196;563;-367
5636;Mannen en Vrouwen;80 tot 85 jaar;2032;31969;198;580;-382
5637;Mannen en Vrouwen;80 tot 85 jaar;2033;31328;199;593;-394
5638;Mannen en Vrouwen;80 tot 85 jaar;2034;30974;201;616;-415
5639;Mannen en Vrouwen;80 tot 85 jaar;2035;30807;203;636;-433
5640;Mannen en Vrouwen;80 tot 85 jaar;2036;30818;204;670;-466
5641;Mannen en Vrouwen;80 tot 85 jaar;2037;30712;204;701;-497
5642;Mannen en Vrouwen;80 tot 85 jaar;2038;30765;205;735;-530
5643;Mannen en Vrouwen;80 tot 85 jaar;2039;30903;205;769;-564
5644;Mannen en Vrouwen;80 tot 85 jaar;2040;31029;208;816;-608
5645;Mannen en Vrouwen;80 tot 85 jaar;2041;31165;207;853;-646
5646;Mannen en Vrouwen;80 tot 85 jaar;2042;31260;209;900;-691
5647;Mannen en Vrouwen;80 tot 85 jaar;2043;31343;211;941;-730
5648;Mannen en Vrouwen;80 tot 85 jaar;2044;31338;211;988;-777
5649;Mannen en Vrouwen;80 tot 85 jaar;2045;31232;211;1024;-813
5650;Mannen en Vrouwen;80 tot 85 jaar;2046;30857;211;1059;-848
5651;Mannen en Vrouwen;80 tot 85 jaar;2047;30409;211;1073;-862
5652;Mannen en Vrouwen;80 tot 85 jaar;2048;29860;212;1099;-887
5653;Mannen en Vrouwen;80 tot 85 jaar;2049;29403;214;1126;-912
5654;Mannen en Vrouwen;80 tot 85 jaar;2050;28983;214;1156;-942
5655;Mannen en Vrouwen;80 tot 85 jaar;2051;28501;215;1182;-967
5656;Mannen en Vrouwen;80 tot 85 jaar;2052;27857;216;1207;-991
5657;Mannen en Vrouwen;80 tot 85 jaar;2053;26850;216;1214;-998
5658;Mannen en Vrouwen;80 tot 85 jaar;2054;25355;216;1214;-998
5659;Mannen en Vrouwen;80 tot 85 jaar;2055;23806;217;1198;-981
5660;Mannen en Vrouwen;80 tot 85 jaar;2056;22439;219;1184;-965
5661;Mannen en Vrouwen;80 tot 85 jaar;2057;21276;219;1174;-955
5662;Mannen en Vrouwen;80 tot 85 jaar;2058;20556;219;1169;-950
5663;Mannen en Vrouwen;80 tot 85 jaar;2059;20004;218;1170;-952
5664;Mannen en Vrouwen;85 tot 90 jaar;2012;25143;82;104;-22
5665;Mannen en Vrouwen;85 tot 90 jaar;2013;25251;83;103;-20
5666;Mannen en Vrouwen;85 tot 90 jaar;2014;25442;86;104;-18
5667;Mannen en Vrouwen;85 tot 90 jaar;2015;25880;86;104;-18
5668;Mannen en Vrouwen;85 tot 90 jaar;2016;26232;86;106;-20
5669;Mannen en Vrouwen;85 tot 90 jaar;2017;26710;88;106;-18
5670;Mannen en Vrouwen;85 tot 90 jaar;2018;26883;86;113;-27
5671;Mannen en Vrouwen;85 tot 90 jaar;2019;27144;88;119;-31
5672;Mannen en Vrouwen;85 tot 90 jaar;2020;27224;88;124;-36
5673;Mannen en Vrouwen;85 tot 90 jaar;2021;27471;86;130;-44
5674;Mannen en Vrouwen;85 tot 90 jaar;2022;27638;85;138;-53
5675;Mannen en Vrouwen;85 tot 90 jaar;2023;28275;85;148;-63
5676;Mannen en Vrouwen;85 tot 90 jaar;2024;28928;85;158;-73
5677;Mannen en Vrouwen;85 tot 90 jaar;2025;29746;85;170;-85
5678;Mannen en Vrouwen;85 tot 90 jaar;2026;30285;85;179;-94
5679;Mannen en Vrouwen;85 tot 90 jaar;2027;31070;85;189;-104
5680;Mannen en Vrouwen;85 tot 90 jaar;2028;31971;85;195;-110
5681;Mannen en Vrouwen;85 tot 90 jaar;2029;33084;85;205;-120
5682;Mannen en Vrouwen;85 tot 90 jaar;2030;33669;85;215;-130
5683;Mannen en Vrouwen;85 tot 90 jaar;2031;36933;84;233;-149
5684;Mannen en Vrouwen;85 tot 90 jaar;2032;39670;84;253;-169
5685;Mannen en Vrouwen;85 tot 90 jaar;2033;41454;86;272;-186
5686;Mannen en Vrouwen;85 tot 90 jaar;2034;42620;87;287;-200
5687;Mannen en Vrouwen;85 tot 90 jaar;2035;43999;87;305;-218
5688;Mannen en Vrouwen;85 tot 90 jaar;2036;42426;87;309;-222
5689;Mannen en Vrouwen;85 tot 90 jaar;2037;41385;88;316;-228
5690;Mannen en Vrouwen;85 tot 90 jaar;2038;40831;90;323;-233
5691;Mannen en Vrouwen;85 tot 90 jaar;2039;40661;91;334;-243
5692;Mannen en Vrouwen;85 tot 90 jaar;2040;40745;91;346;-255
5693;Mannen en Vrouwen;85 tot 90 jaar;2041;41080;93;364;-271
5694;Mannen en Vrouwen;85 tot 90 jaar;2042;41288;94;379;-285
5695;Mannen en Vrouwen;85 tot 90 jaar;2043;41720;94;392;-298
5696;Mannen en Vrouwen;85 tot 90 jaar;2044;42276;94;409;-315
5697;Mannen en Vrouwen;85 tot 90 jaar;2045;42802;95;433;-338
5698;Mannen en Vrouwen;85 tot 90 jaar;2046;43369;96;452;-356
5699;Mannen en Vrouwen;85 tot 90 jaar;2047;43873;97;475;-378
5700;Mannen en Vrouwen;85 tot 90 jaar;2048;44352;98;497;-399
5701;Mannen en Vrouwen;85 tot 90 jaar;2049;44708;99;522;-423
5702;Mannen en Vrouwen;85 tot 90 jaar;2050;44904;99;541;-442
5703;Mannen en Vrouwen;85 tot 90 jaar;2051;44702;99;558;-459
5704;Mannen en Vrouwen;85 tot 90 jaar;2052;44385;99;564;-465
5705;Mannen en Vrouwen;85 tot 90 jaar;2053;43931;100;580;-480
5706;Mannen en Vrouwen;85 tot 90 jaar;2054;43633;102;593;-491
5707;Mannen en Vrouwen;85 tot 90 jaar;2055;43362;101;612;-511
5708;Mannen en Vrouwen;85 tot 90 jaar;2056;42960;101;631;-530
5709;Mannen en Vrouwen;85 tot 90 jaar;2057;42277;101;646;-545
5710;Mannen en Vrouwen;85 tot 90 jaar;2058;41013;101;654;-553
5711;Mannen en Vrouwen;85 tot 90 jaar;2059;39009;101;653;-552
5712;Mannen en Vrouwen;90 tot 95 jaar;2012;17914;7;8;-1
5713;Mannen en Vrouwen;90 tot 95 jaar;2013;18993;6;9;-3
5714;Mannen en Vrouwen;90 tot 95 jaar;2014;19807;6;9;-3
5715;Mannen en Vrouwen;90 tot 95 jaar;2015;20083;6;9;-3
5716;Mannen en Vrouwen;90 tot 95 jaar;2016;20375;6;9;-3
5717;Mannen en Vrouwen;90 tot 95 jaar;2017;20642;6;9;-3
5718;Mannen en Vrouwen;90 tot 95 jaar;2018;20967;6;9;-3
5719;Mannen en Vrouwen;90 tot 95 jaar;2019;21344;6;9;-3
5720;Mannen en Vrouwen;90 tot 95 jaar;2020;21959;6;10;-4
5721;Mannen en Vrouwen;90 tot 95 jaar;2021;22494;6;10;-4
5722;Mannen en Vrouwen;90 tot 95 jaar;2022;23138;6;10;-4
5723;Mannen en Vrouwen;90 tot 95 jaar;2023;23518;6;10;-4
5724;Mannen en Vrouwen;90 tot 95 jaar;2024;23987;6;12;-6
5725;Mannen en Vrouwen;90 tot 95 jaar;2025;24341;6;12;-6
5726;Mannen en Vrouwen;90 tot 95 jaar;2026;24855;6;12;-6
5727;Mannen en Vrouwen;90 tot 95 jaar;2027;25302;6;13;-7
5728;Mannen en Vrouwen;90 tot 95 jaar;2028;26187;6;15;-9
5729;Mannen en Vrouwen;90 tot 95 jaar;2029;27095;6;15;-9
5730;Mannen en Vrouwen;90 tot 95 jaar;2030;28148;6;16;-10
5731;Mannen en Vrouwen;90 tot 95 jaar;2031;28877;6;16;-10
5732;Mannen en Vrouwen;90 tot 95 jaar;2032;29829;6;18;-12
5733;Mannen en Vrouwen;90 tot 95 jaar;2033;30995;6;18;-12
5734;Mannen en Vrouwen;90 tot 95 jaar;2034;32385;6;20;-14
5735;Mannen en Vrouwen;90 tot 95 jaar;2035;33198;6;21;-15
5736;Mannen en Vrouwen;90 tot 95 jaar;2036;36961;6;26;-20
5737;Mannen en Vrouwen;90 tot 95 jaar;2037;40055;6;27;-21
5738;Mannen en Vrouwen;90 tot 95 jaar;2038;42094;6;28;-22
5739;Mannen en Vrouwen;90 tot 95 jaar;2039;43430;6;28;-22
5740;Mannen en Vrouwen;90 tot 95 jaar;2040;44776;6;29;-23
5741;Mannen en Vrouwen;90 tot 95 jaar;2041;43682;6;28;-22
5742;Mannen en Vrouwen;90 tot 95 jaar;2042;43196;6;31;-25
5743;Mannen en Vrouwen;90 tot 95 jaar;2043;43161;6;32;-26
5744;Mannen en Vrouwen;90 tot 95 jaar;2044;43509;6;34;-28
5745;Mannen en Vrouwen;90 tot 95 jaar;2045;44110;6;35;-29
5746;Mannen en Vrouwen;90 tot 95 jaar;2046;44973;6;37;-31
5747;Mannen en Vrouwen;90 tot 95 jaar;2047;45756;6;38;-32
5748;Mannen en Vrouwen;90 tot 95 jaar;2048;46767;6;40;-34
5749;Mannen en Vrouwen;90 tot 95 jaar;2049;47934;6;41;-35
5750;Mannen en Vrouwen;90 tot 95 jaar;2050;49041;6;45;-39
5751;Mannen en Vrouwen;90 tot 95 jaar;2051;50242;6;46;-40
5752;Mannen en Vrouwen;90 tot 95 jaar;2052;51353;6;49;-43
5753;Mannen en Vrouwen;90 tot 95 jaar;2053;52458;6;50;-44
5754;Mannen en Vrouwen;90 tot 95 jaar;2054;53444;6;53;-47
5755;Mannen en Vrouwen;90 tot 95 jaar;2055;54178;6;53;-47
5756;Mannen en Vrouwen;90 tot 95 jaar;2056;54442;6;53;-47
5757;Mannen en Vrouwen;90 tot 95 jaar;2057;54559;6;53;-47
5758;Mannen en Vrouwen;90 tot 95 jaar;2058;54552;6;57;-51
5759;Mannen en Vrouwen;90 tot 95 jaar;2059;54848;6;60;-54
5760;Mannen en Vrouwen;95 jaar of ouder;2012;7633;0;0;0
5761;Mannen en Vrouwen;95 jaar of ouder;2013;7872;0;0;0
5762;Mannen en Vrouwen;95 jaar of ouder;2014;8201;0;0;0
5763;Mannen en Vrouwen;95 jaar of ouder;2015;8946;0;0;0
5764;Mannen en Vrouwen;95 jaar of ouder;2016;9631;0;0;0
5765;Mannen en Vrouwen;95 jaar of ouder;2017;10221;0;0;0
5766;Mannen en Vrouwen;95 jaar of ouder;2018;10840;0;0;0
5767;Mannen en Vrouwen;95 jaar of ouder;2019;11344;0;0;0
5768;Mannen en Vrouwen;95 jaar of ouder;2020;11763;0;0;0
5769;Mannen en Vrouwen;95 jaar of ouder;2021;12166;0;0;0
5770;Mannen en Vrouwen;95 jaar of ouder;2022;12523;0;0;0
5771;Mannen en Vrouwen;95 jaar of ouder;2023;12972;0;0;0
5772;Mannen en Vrouwen;95 jaar of ouder;2024;13411;0;0;0
5773;Mannen en Vrouwen;95 jaar of ouder;2025;13981;0;0;0
5774;Mannen en Vrouwen;95 jaar of ouder;2026;14489;0;0;0
5775;Mannen en Vrouwen;95 jaar of ouder;2027;15038;0;0;0
5776;Mannen en Vrouwen;95 jaar of ouder;2028;15463;0;0;0
5777;Mannen en Vrouwen;95 jaar of ouder;2029;15938;0;0;0
5778;Mannen en Vrouwen;95 jaar of ouder;2030;16417;0;0;0
5779;Mannen en Vrouwen;95 jaar of ouder;2031;16962;0;0;0
5780;Mannen en Vrouwen;95 jaar of ouder;2032;17484;0;0;0
5781;Mannen en Vrouwen;95 jaar of ouder;2033;18232;0;0;0
5782;Mannen en Vrouwen;95 jaar of ouder;2034;19015;0;0;0
5783;Mannen en Vrouwen;95 jaar of ouder;2035;19895;0;0;0
5784;Mannen en Vrouwen;95 jaar of ouder;2036;20555;0;0;0
5785;Mannen en Vrouwen;95 jaar of ouder;2037;21378;0;0;0
5786;Mannen en Vrouwen;95 jaar of ouder;2038;22522;0;0;0
5787;Mannen en Vrouwen;95 jaar of ouder;2039;23850;0;0;0
5788;Mannen en Vrouwen;95 jaar of ouder;2040;24768;0;0;0
5789;Mannen en Vrouwen;95 jaar of ouder;2041;27831;0;0;0
5790;Mannen en Vrouwen;95 jaar of ouder;2042;30320;0;0;0
5791;Mannen en Vrouwen;95 jaar of ouder;2043;32087;0;0;0
5792;Mannen en Vrouwen;95 jaar of ouder;2044;33352;0;0;0
5793;Mannen en Vrouwen;95 jaar of ouder;2045;34291;0;0;0
5794;Mannen en Vrouwen;95 jaar of ouder;2046;35002;0;0;0
5795;Mannen en Vrouwen;95 jaar of ouder;2047;35878;0;0;0
5796;Mannen en Vrouwen;95 jaar of ouder;2048;36697;0;0;0
5797;Mannen en Vrouwen;95 jaar of ouder;2049;37611;0;0;0
5798;Mannen en Vrouwen;95 jaar of ouder;2050;38624;0;0;0
5799;Mannen en Vrouwen;95 jaar of ouder;2051;39809;0;0;0
5800;Mannen en Vrouwen;95 jaar of ouder;2052;41105;0;0;0
5801;Mannen en Vrouwen;95 jaar of ouder;2053;42521;0;0;0
5802;Mannen en Vrouwen;95 jaar of ouder;2054;44118;0;0;0
5803;Mannen en Vrouwen;95 jaar of ouder;2055;45672;0;0;0
5804;Mannen en Vrouwen;95 jaar of ouder;2056;47414;0;0;0
5805;Mannen en Vrouwen;95 jaar of ouder;2057;49108;0;0;0
5806;Mannen en Vrouwen;95 jaar of ouder;2058;50857;0;0;0
5807;Mannen en Vrouwen;95 jaar of ouder;2059;52622;0;0;0
5808;Mannen en Vrouwen;0 tot 10 jaar;2012;815;15522;14399;1123
5809;Mannen en Vrouwen;0 tot 10 jaar;2013;775;15335;13966;1369
5810;Mannen en Vrouwen;0 tot 10 jaar;2014;745;15200;13610;1590
5811;Mannen en Vrouwen;0 tot 10 jaar;2015;716;15294;13296;1998
5812;Mannen en Vrouwen;0 tot 10 jaar;2016;688;15465;12994;2471
5813;Mannen en Vrouwen;0 tot 10 jaar;2017;663;15656;12663;2993
5814;Mannen en Vrouwen;0 tot 10 jaar;2018;640;15654;12620;3034
5815;Mannen en Vrouwen;0 tot 10 jaar;2019;614;15549;12576;2973
5816;Mannen en Vrouwen;0 tot 10 jaar;2020;595;15405;12506;2899
5817;Mannen en Vrouwen;0 tot 10 jaar;2021;569;15266;12448;2818
5818;Mannen en Vrouwen;0 tot 10 jaar;2022;548;15120;12394;2726
5819;Mannen en Vrouwen;0 tot 10 jaar;2023;528;15069;12371;2698
5820;Mannen en Vrouwen;0 tot 10 jaar;2024;507;15033;12356;2677
5821;Mannen en Vrouwen;0 tot 10 jaar;2025;486;15012;12351;2661
5822;Mannen en Vrouwen;0 tot 10 jaar;2026;468;14993;12345;2648
5823;Mannen en Vrouwen;0 tot 10 jaar;2027;450;14969;12341;2628
5824;Mannen en Vrouwen;0 tot 10 jaar;2028;430;14951;12331;2620
5825;Mannen en Vrouwen;0 tot 10 jaar;2029;410;14929;12327;2602
5826;Mannen en Vrouwen;0 tot 10 jaar;2030;394;14906;12329;2577
5827;Mannen en Vrouwen;0 tot 10 jaar;2031;373;14874;12316;2558
5828;Mannen en Vrouwen;0 tot 10 jaar;2032;355;14847;12312;2535
5829;Mannen en Vrouwen;0 tot 10 jaar;2033;342;14832;12301;2531
5830;Mannen en Vrouwen;0 tot 10 jaar;2034;326;14814;12289;2525
5831;Mannen en Vrouwen;0 tot 10 jaar;2035;310;14795;12268;2527
5832;Mannen en Vrouwen;0 tot 10 jaar;2036;295;14780;12246;2534
5833;Mannen en Vrouwen;0 tot 10 jaar;2037;279;14764;12220;2544
5834;Mannen en Vrouwen;0 tot 10 jaar;2038;266;14744;12188;2556
5835;Mannen en Vrouwen;0 tot 10 jaar;2039;256;14739;12156;2583
5836;Mannen en Vrouwen;0 tot 10 jaar;2040;244;14731;12121;2610
5837;Mannen en Vrouwen;0 tot 10 jaar;2041;233;14701;12083;2618
5838;Mannen en Vrouwen;0 tot 10 jaar;2042;219;14678;12051;2627
5839;Mannen en Vrouwen;0 tot 10 jaar;2043;209;14660;12015;2645
5840;Mannen en Vrouwen;0 tot 10 jaar;2044;198;14639;11981;2658
5841;Mannen en Vrouwen;0 tot 10 jaar;2045;190;14626;11953;2673
5842;Mannen en Vrouwen;0 tot 10 jaar;2046;180;14615;11931;2684
5843;Mannen en Vrouwen;0 tot 10 jaar;2047;174;14602;11909;2693
5844;Mannen en Vrouwen;0 tot 10 jaar;2048;167;14600;11893;2707
5845;Mannen en Vrouwen;0 tot 10 jaar;2049;160;14590;11885;2705
5846;Mannen en Vrouwen;0 tot 10 jaar;2050;154;14586;11884;2702
5847;Mannen en Vrouwen;0 tot 10 jaar;2051;149;14577;11883;2694
5848;Mannen en Vrouwen;0 tot 10 jaar;2052;143;14568;11892;2676
5849;Mannen en Vrouwen;0 tot 10 jaar;2053;136;14562;11897;2665
5850;Mannen en Vrouwen;0 tot 10 jaar;2054;131;14557;11912;2645
5851;Mannen en Vrouwen;0 tot 10 jaar;2055;125;14553;11931;2622
5852;Mannen en Vrouwen;0 tot 10 jaar;2056;120;14551;11938;2613
5853;Mannen en Vrouwen;0 tot 10 jaar;2057;114;14546;11951;2595
5854;Mannen en Vrouwen;0 tot 10 jaar;2058;109;14544;11969;2575
5855;Mannen en Vrouwen;0 tot 10 jaar;2059;103;14543;11980;2563
5856;Mannen en Vrouwen;10 tot 20 jaar;2012;296;15711;9362;6349
5857;Mannen en Vrouwen;10 tot 20 jaar;2013;287;15669;9118;6551
5858;Mannen en Vrouwen;10 tot 20 jaar;2014;277;15612;8917;6695
5859;Mannen en Vrouwen;10 tot 20 jaar;2015;275;15727;8785;6942
5860;Mannen en Vrouwen;10 tot 20 jaar;2016;264;15888;8637;7251
5861;Mannen en Vrouwen;10 tot 20 jaar;2017;256;16106;8485;7621
5862;Mannen en Vrouwen;10 tot 20 jaar;2018;249;16066;8526;7540
5863;Mannen en Vrouwen;10 tot 20 jaar;2019;242;15966;8550;7416
5864;Mannen en Vrouwen;10 tot 20 jaar;2020;232;15801;8552;7249
5865;Mannen en Vrouwen;10 tot 20 jaar;2021;222;15654;8542;7112
5866;Mannen en Vrouwen;10 tot 20 jaar;2022;214;15516;8511;7005
5867;Mannen en Vrouwen;10 tot 20 jaar;2023;205;15469;8474;6995
5868;Mannen en Vrouwen;10 tot 20 jaar;2024;198;15434;8453;6981
5869;Mannen en Vrouwen;10 tot 20 jaar;2025;191;15403;8441;6962
5870;Mannen en Vrouwen;10 tot 20 jaar;2026;186;15384;8429;6955
5871;Mannen en Vrouwen;10 tot 20 jaar;2027;181;15346;8423;6923
5872;Mannen en Vrouwen;10 tot 20 jaar;2028;173;15325;8412;6913
5873;Mannen en Vrouwen;10 tot 20 jaar;2029;169;15305;8392;6913
5874;Mannen en Vrouwen;10 tot 20 jaar;2030;163;15284;8360;6924
5875;Mannen en Vrouwen;10 tot 20 jaar;2031;159;15251;8345;6906
5876;Mannen en Vrouwen;10 tot 20 jaar;2032;158;15223;8345;6878
5877;Mannen en Vrouwen;10 tot 20 jaar;2033;151;15203;8351;6852
5878;Mannen en Vrouwen;10 tot 20 jaar;2034;149;15182;8365;6817
5879;Mannen en Vrouwen;10 tot 20 jaar;2035;147;15150;8371;6779
5880;Mannen en Vrouwen;10 tot 20 jaar;2036;145;15135;8381;6754
5881;Mannen en Vrouwen;10 tot 20 jaar;2037;139;15111;8387;6724
5882;Mannen en Vrouwen;10 tot 20 jaar;2038;138;15092;8391;6701
5883;Mannen en Vrouwen;10 tot 20 jaar;2039;135;15073;8401;6672
5884;Mannen en Vrouwen;10 tot 20 jaar;2040;128;15058;8409;6649
5885;Mannen en Vrouwen;10 tot 20 jaar;2041;126;15043;8411;6632
5886;Mannen en Vrouwen;10 tot 20 jaar;2042;124;15009;8411;6598
5887;Mannen en Vrouwen;10 tot 20 jaar;2043;121;14992;8412;6580
5888;Mannen en Vrouwen;10 tot 20 jaar;2044;117;14976;8413;6563
5889;Mannen en Vrouwen;10 tot 20 jaar;2045;115;14960;8407;6553
5890;Mannen en Vrouwen;10 tot 20 jaar;2046;112;14949;8401;6548
5891;Mannen en Vrouwen;10 tot 20 jaar;2047;108;14942;8398;6544
5892;Mannen en Vrouwen;10 tot 20 jaar;2048;104;14937;8387;6550
5893;Mannen en Vrouwen;10 tot 20 jaar;2049;102;14932;8376;6556
5894;Mannen en Vrouwen;10 tot 20 jaar;2050;98;14913;8371;6542
5895;Mannen en Vrouwen;10 tot 20 jaar;2051;95;14905;8356;6549
5896;Mannen en Vrouwen;10 tot 20 jaar;2052;92;14890;8347;6543
5897;Mannen en Vrouwen;10 tot 20 jaar;2053;89;14886;8338;6548
5898;Mannen en Vrouwen;10 tot 20 jaar;2054;87;14876;8333;6543
5899;Mannen en Vrouwen;10 tot 20 jaar;2055;87;14871;8327;6544
5900;Mannen en Vrouwen;10 tot 20 jaar;2056;82;14873;8326;6547
5901;Mannen en Vrouwen;10 tot 20 jaar;2057;77;14868;8321;6547
5902;Mannen en Vrouwen;10 tot 20 jaar;2058;76;14863;8322;6541
5903;Mannen en Vrouwen;10 tot 20 jaar;2059;76;14862;8330;6532
5904;Mannen en Vrouwen;20 tot 30 jaar;2012;675;63942;51165;12777
5905;Mannen en Vrouwen;20 tot 30 jaar;2013;670;62921;50150;12771
5906;Mannen en Vrouwen;20 tot 30 jaar;2014;661;62341;49112;13229
5907;Mannen en Vrouwen;20 tot 30 jaar;2015;654;62931;48162;14769
5908;Mannen en Vrouwen;20 tot 30 jaar;2016;642;63616;47294;16322
5909;Mannen en Vrouwen;20 tot 30 jaar;2017;633;64269;46365;17904
5910;Mannen en Vrouwen;20 tot 30 jaar;2018;626;64064;46402;17662
5911;Mannen en Vrouwen;20 tot 30 jaar;2019;617;63693;46311;17382
5912;Mannen en Vrouwen;20 tot 30 jaar;2020;607;63162;46051;17111
5913;Mannen en Vrouwen;20 tot 30 jaar;2021;596;62631;45671;16960
5914;Mannen en Vrouwen;20 tot 30 jaar;2022;588;62126;45243;16883
5915;Mannen en Vrouwen;20 tot 30 jaar;2023;575;62110;44952;17158
5916;Mannen en Vrouwen;20 tot 30 jaar;2024;566;62126;44725;17401
5917;Mannen en Vrouwen;20 tot 30 jaar;2025;554;62153;44584;17569
5918;Mannen en Vrouwen;20 tot 30 jaar;2026;543;62192;44471;17721
5919;Mannen en Vrouwen;20 tot 30 jaar;2027;531;62220;44360;17860
5920;Mannen en Vrouwen;20 tot 30 jaar;2028;519;62251;44235;18016
5921;Mannen en Vrouwen;20 tot 30 jaar;2029;507;62297;44095;18202
5922;Mannen en Vrouwen;20 tot 30 jaar;2030;495;62314;43934;18380
5923;Mannen en Vrouwen;20 tot 30 jaar;2031;478;62344;43768;18576
5924;Mannen en Vrouwen;20 tot 30 jaar;2032;464;62354;43585;18769
5925;Mannen en Vrouwen;20 tot 30 jaar;2033;450;62383;43398;18985
5926;Mannen en Vrouwen;20 tot 30 jaar;2034;439;62400;43247;19153
5927;Mannen en Vrouwen;20 tot 30 jaar;2035;429;62416;43133;19283
5928;Mannen en Vrouwen;20 tot 30 jaar;2036;420;62441;43028;19413
5929;Mannen en Vrouwen;20 tot 30 jaar;2037;411;62459;42954;19505
5930;Mannen en Vrouwen;20 tot 30 jaar;2038;403;62458;42866;19592
5931;Mannen en Vrouwen;20 tot 30 jaar;2039;397;62479;42783;19696
5932;Mannen en Vrouwen;20 tot 30 jaar;2040;392;62506;42716;19790
5933;Mannen en Vrouwen;20 tot 30 jaar;2041;385;62520;42684;19836
5934;Mannen en Vrouwen;20 tot 30 jaar;2042;378;62530;42680;19850
5935;Mannen en Vrouwen;20 tot 30 jaar;2043;373;62536;42685;19851
5936;Mannen en Vrouwen;20 tot 30 jaar;2044;372;62550;42692;19858
5937;Mannen en Vrouwen;20 tot 30 jaar;2045;365;62567;42696;19871
5938;Mannen en Vrouwen;20 tot 30 jaar;2046;361;62570;42695;19875
5939;Mannen en Vrouwen;20 tot 30 jaar;2047;356;62590;42695;19895
5940;Mannen en Vrouwen;20 tot 30 jaar;2048;348;62600;42685;19915
5941;Mannen en Vrouwen;20 tot 30 jaar;2049;345;62614;42674;19940
5942;Mannen en Vrouwen;20 tot 30 jaar;2050;341;62624;42659;19965
5943;Mannen en Vrouwen;20 tot 30 jaar;2051;334;62639;42634;20005
5944;Mannen en Vrouwen;20 tot 30 jaar;2052;328;62644;42616;20028
5945;Mannen en Vrouwen;20 tot 30 jaar;2053;325;62660;42584;20076
5946;Mannen en Vrouwen;20 tot 30 jaar;2054;315;62666;42550;20116
5947;Mannen en Vrouwen;20 tot 30 jaar;2055;312;62672;42507;20165
5948;Mannen en Vrouwen;20 tot 30 jaar;2056;303;62690;42459;20231
5949;Mannen en Vrouwen;20 tot 30 jaar;2057;297;62702;42405;20297
5950;Mannen en Vrouwen;20 tot 30 jaar;2058;296;62704;42338;20366
5951;Mannen en Vrouwen;20 tot 30 jaar;2059;287;62716;42271;20445
5952;Mannen en Vrouwen;30 tot 40 jaar;2012;1120;32148;33290;-1142
5953;Mannen en Vrouwen;30 tot 40 jaar;2013;1084;31820;32850;-1030
5954;Mannen en Vrouwen;30 tot 40 jaar;2014;1060;31717;32676;-959
5955;Mannen en Vrouwen;30 tot 40 jaar;2015;1043;32087;32606;-519
5956;Mannen en Vrouwen;30 tot 40 jaar;2016;1030;32523;32484;39
5957;Mannen en Vrouwen;30 tot 40 jaar;2017;1021;32986;32215;771
5958;Mannen en Vrouwen;30 tot 40 jaar;2018;1006;33020;32508;512
5959;Mannen en Vrouwen;30 tot 40 jaar;2019;996;32919;32775;144
5960;Mannen en Vrouwen;30 tot 40 jaar;2020;986;32730;32978;-248
5961;Mannen en Vrouwen;30 tot 40 jaar;2021;980;32525;33101;-576
5962;Mannen en Vrouwen;30 tot 40 jaar;2022;972;32314;33172;-858
5963;Mannen en Vrouwen;30 tot 40 jaar;2023;969;32317;33265;-948
5964;Mannen en Vrouwen;30 tot 40 jaar;2024;961;32335;33339;-1004
5965;Mannen en Vrouwen;30 tot 40 jaar;2025;951;32360;33370;-1010
5966;Mannen en Vrouwen;30 tot 40 jaar;2026;942;32395;33401;-1006
5967;Mannen en Vrouwen;30 tot 40 jaar;2027;928;32438;33424;-986
5968;Mannen en Vrouwen;30 tot 40 jaar;2028;923;32475;33471;-996
5969;Mannen en Vrouwen;30 tot 40 jaar;2029;912;32507;33505;-998
5970;Mannen en Vrouwen;30 tot 40 jaar;2030;898;32539;33541;-1002
5971;Mannen en Vrouwen;30 tot 40 jaar;2031;885;32573;33548;-975
5972;Mannen en Vrouwen;30 tot 40 jaar;2032;872;32593;33548;-955
5973;Mannen en Vrouwen;30 tot 40 jaar;2033;860;32613;33563;-950
5974;Mannen en Vrouwen;30 tot 40 jaar;2034;847;32657;33545;-888
5975;Mannen en Vrouwen;30 tot 40 jaar;2035;831;32677;33514;-837
5976;Mannen en Vrouwen;30 tot 40 jaar;2036;818;32721;33480;-759
5977;Mannen en Vrouwen;30 tot 40 jaar;2037;804;32746;33425;-679
5978;Mannen en Vrouwen;30 tot 40 jaar;2038;789;32760;33379;-619
5979;Mannen en Vrouwen;30 tot 40 jaar;2039;773;32786;33320;-534
5980;Mannen en Vrouwen;30 tot 40 jaar;2040;753;32824;33245;-421
5981;Mannen en Vrouwen;30 tot 40 jaar;2041;732;32852;33151;-299
5982;Mannen en Vrouwen;30 tot 40 jaar;2042;714;32872;33055;-183
5983;Mannen en Vrouwen;30 tot 40 jaar;2043;695;32902;32974;-72
5984;Mannen en Vrouwen;30 tot 40 jaar;2044;680;32915;32925;-10
5985;Mannen en Vrouwen;30 tot 40 jaar;2045;665;32945;32903;42
5986;Mannen en Vrouwen;30 tot 40 jaar;2046;655;32956;32899;57
5987;Mannen en Vrouwen;30 tot 40 jaar;2047;646;32988;32917;71
5988;Mannen en Vrouwen;30 tot 40 jaar;2048;634;33010;32932;78
5989;Mannen en Vrouwen;30 tot 40 jaar;2049;622;33034;32950;84
5990;Mannen en Vrouwen;30 tot 40 jaar;2050;613;33056;32975;81
5991;Mannen en Vrouwen;30 tot 40 jaar;2051;602;33080;33020;60
5992;Mannen en Vrouwen;30 tot 40 jaar;2052;599;33090;33079;11
5993;Mannen en Vrouwen;30 tot 40 jaar;2053;593;33097;33137;-40
5994;Mannen en Vrouwen;30 tot 40 jaar;2054;585;33116;33198;-82
5995;Mannen en Vrouwen;30 tot 40 jaar;2055;578;33122;33251;-129
5996;Mannen en Vrouwen;30 tot 40 jaar;2056;574;33134;33298;-164
5997;Mannen en Vrouwen;30 tot 40 jaar;2057;567;33134;33336;-202
5998;Mannen en Vrouwen;30 tot 40 jaar;2058;557;33142;33373;-231
5999;Mannen en Vrouwen;30 tot 40 jaar;2059;551;33151;33401;-250
6000;Mannen en Vrouwen;40 tot 50 jaar;2012;3595;16207;19068;-2861
6001;Mannen en Vrouwen;40 tot 50 jaar;2013;3484;16059;18542;-2483
6002;Mannen en Vrouwen;40 tot 50 jaar;2014;3353;15998;18074;-2076
6003;Mannen en Vrouwen;40 tot 50 jaar;2015;3231;16192;17675;-1483
6004;Mannen en Vrouwen;40 tot 50 jaar;2016;3109;16429;17246;-817
6005;Mannen en Vrouwen;40 tot 50 jaar;2017;2993;16690;16778;-88
6006;Mannen en Vrouwen;40 tot 50 jaar;2018;2870;16756;16659;97
6007;Mannen en Vrouwen;40 tot 50 jaar;2019;2724;16745;16534;211
6008;Mannen en Vrouwen;40 tot 50 jaar;2020;2587;16672;16454;218
6009;Mannen en Vrouwen;40 tot 50 jaar;2021;2468;16596;16394;202
6010;Mannen en Vrouwen;40 tot 50 jaar;2022;2363;16502;16351;151
6011;Mannen en Vrouwen;40 tot 50 jaar;2023;2287;16515;16385;130
6012;Mannen en Vrouwen;40 tot 50 jaar;2024;2226;16535;16465;70
6013;Mannen en Vrouwen;40 tot 50 jaar;2025;2187;16554;16576;-22
6014;Mannen en Vrouwen;40 tot 50 jaar;2026;2152;16585;16702;-117
6015;Mannen en Vrouwen;40 tot 50 jaar;2027;2122;16615;16815;-200
6016;Mannen en Vrouwen;40 tot 50 jaar;2028;2094;16632;16923;-291
6017;Mannen en Vrouwen;40 tot 50 jaar;2029;2068;16669;17032;-363
6018;Mannen en Vrouwen;40 tot 50 jaar;2030;2037;16700;17149;-449
6019;Mannen en Vrouwen;40 tot 50 jaar;2031;2014;16724;17265;-541
6020;Mannen en Vrouwen;40 tot 50 jaar;2032;1996;16762;17375;-613
6021;Mannen en Vrouwen;40 tot 50 jaar;2033;1986;16790;17470;-680
6022;Mannen en Vrouwen;40 tot 50 jaar;2034;1968;16816;17545;-729
6023;Mannen en Vrouwen;40 tot 50 jaar;2035;1944;16838;17603;-765
6024;Mannen en Vrouwen;40 tot 50 jaar;2036;1921;16880;17649;-769
6025;Mannen en Vrouwen;40 tot 50 jaar;2037;1894;16907;17693;-786
6026;Mannen en Vrouwen;40 tot 50 jaar;2038;1870;16935;17758;-823
6027;Mannen en Vrouwen;40 tot 50 jaar;2039;1847;16960;17818;-858
6028;Mannen en Vrouwen;40 tot 50 jaar;2040;1818;16990;17872;-882
6029;Mannen en Vrouwen;40 tot 50 jaar;2041;1785;17018;17915;-897
6030;Mannen en Vrouwen;40 tot 50 jaar;2042;1754;17040;17951;-911
6031;Mannen en Vrouwen;40 tot 50 jaar;2043;1728;17063;17990;-927
6032;Mannen en Vrouwen;40 tot 50 jaar;2044;1697;17077;18004;-927
6033;Mannen en Vrouwen;40 tot 50 jaar;2045;1670;17102;18003;-901
6034;Mannen en Vrouwen;40 tot 50 jaar;2046;1641;17122;18002;-880
6035;Mannen en Vrouwen;40 tot 50 jaar;2047;1611;17154;17989;-835
6036;Mannen en Vrouwen;40 tot 50 jaar;2048;1576;17170;17977;-807
6037;Mannen en Vrouwen;40 tot 50 jaar;2049;1538;17192;17961;-769
6038;Mannen en Vrouwen;40 tot 50 jaar;2050;1496;17206;17935;-729
6039;Mannen en Vrouwen;40 tot 50 jaar;2051;1457;17229;17906;-677
6040;Mannen en Vrouwen;40 tot 50 jaar;2052;1414;17238;17872;-634
6041;Mannen en Vrouwen;40 tot 50 jaar;2053;1376;17255;17846;-591
6042;Mannen en Vrouwen;40 tot 50 jaar;2054;1341;17270;17831;-561
6043;Mannen en Vrouwen;40 tot 50 jaar;2055;1312;17284;17834;-550
6044;Mannen en Vrouwen;40 tot 50 jaar;2056;1288;17293;17845;-552
6045;Mannen en Vrouwen;40 tot 50 jaar;2057;1265;17297;17868;-571
6046;Mannen en Vrouwen;40 tot 50 jaar;2058;1242;17293;17884;-591
6047;Mannen en Vrouwen;40 tot 50 jaar;2059;1218;17297;17904;-607
6048;Mannen en Vrouwen;50 tot 60 jaar;2012;9111;7156;9804;-2648
6049;Mannen en Vrouwen;50 tot 60 jaar;2013;9067;7107;9831;-2724
6050;Mannen en Vrouwen;50 tot 60 jaar;2014;9007;7106;9944;-2838
6051;Mannen en Vrouwen;50 tot 60 jaar;2015;8924;7205;10054;-2849
6052;Mannen en Vrouwen;50 tot 60 jaar;2016;8810;7319;10063;-2744
6053;Mannen en Vrouwen;50 tot 60 jaar;2017;8682;7438;9995;-2557
6054;Mannen en Vrouwen;50 tot 60 jaar;2018;8549;7486;10139;-2653
6055;Mannen en Vrouwen;50 tot 60 jaar;2019;8419;7506;10277;-2771
6056;Mannen en Vrouwen;50 tot 60 jaar;2020;8274;7487;10371;-2884
6057;Mannen en Vrouwen;50 tot 60 jaar;2021;8086;7462;10416;-2954
6058;Mannen en Vrouwen;50 tot 60 jaar;2022;7869;7431;10413;-2982
6059;Mannen en Vrouwen;50 tot 60 jaar;2023;7605;7433;10374;-2941
6060;Mannen en Vrouwen;50 tot 60 jaar;2024;7306;7441;10300;-2859
6061;Mannen en Vrouwen;50 tot 60 jaar;2025;7016;7460;10225;-2765
6062;Mannen en Vrouwen;50 tot 60 jaar;2026;6739;7477;10161;-2684
6063;Mannen en Vrouwen;50 tot 60 jaar;2027;6460;7494;10109;-2615
6064;Mannen en Vrouwen;50 tot 60 jaar;2028;6177;7511;10065;-2554
6065;Mannen en Vrouwen;50 tot 60 jaar;2029;5844;7540;10007;-2467
6066;Mannen en Vrouwen;50 tot 60 jaar;2030;5541;7548;9982;-2434
6067;Mannen en Vrouwen;50 tot 60 jaar;2031;5272;7571;9978;-2407
6068;Mannen en Vrouwen;50 tot 60 jaar;2032;5038;7577;9987;-2410
6069;Mannen en Vrouwen;50 tot 60 jaar;2033;4863;7603;10029;-2426
6070;Mannen en Vrouwen;50 tot 60 jaar;2034;4727;7620;10092;-2472
6071;Mannen en Vrouwen;50 tot 60 jaar;2035;4626;7640;10178;-2538
6072;Mannen en Vrouwen;50 tot 60 jaar;2036;4539;7653;10272;-2619
6073;Mannen en Vrouwen;50 tot 60 jaar;2037;4464;7667;10362;-2695
6074;Mannen en Vrouwen;50 tot 60 jaar;2038;4390;7687;10450;-2763
6075;Mannen en Vrouwen;50 tot 60 jaar;2039;4320;7693;10540;-2847
6076;Mannen en Vrouwen;50 tot 60 jaar;2040;4249;7712;10635;-2923
6077;Mannen en Vrouwen;50 tot 60 jaar;2041;4187;7734;10731;-2997
6078;Mannen en Vrouwen;50 tot 60 jaar;2042;4142;7741;10830;-3089
6079;Mannen en Vrouwen;50 tot 60 jaar;2043;4104;7760;10914;-3154
6080;Mannen en Vrouwen;50 tot 60 jaar;2044;4059;7773;10996;-3223
6081;Mannen en Vrouwen;50 tot 60 jaar;2045;4004;7780;11064;-3284
6082;Mannen en Vrouwen;50 tot 60 jaar;2046;3936;7793;11120;-3327
6083;Mannen en Vrouwen;50 tot 60 jaar;2047;3868;7809;11175;-3366
6084;Mannen en Vrouwen;50 tot 60 jaar;2048;3814;7825;11242;-3417
6085;Mannen en Vrouwen;50 tot 60 jaar;2049;3755;7831;11304;-3473
6086;Mannen en Vrouwen;50 tot 60 jaar;2050;3684;7836;11371;-3535
6087;Mannen en Vrouwen;50 tot 60 jaar;2051;3613;7841;11428;-3587
6088;Mannen en Vrouwen;50 tot 60 jaar;2052;3546;7847;11480;-3633
6089;Mannen en Vrouwen;50 tot 60 jaar;2053;3482;7858;11536;-3678
6090;Mannen en Vrouwen;50 tot 60 jaar;2054;3410;7867;11571;-3704
6091;Mannen en Vrouwen;50 tot 60 jaar;2055;3345;7871;11602;-3731
6092;Mannen en Vrouwen;50 tot 60 jaar;2056;3282;7877;11630;-3753
6093;Mannen en Vrouwen;50 tot 60 jaar;2057;3214;7882;11644;-3762
6094;Mannen en Vrouwen;50 tot 60 jaar;2058;3135;7886;11658;-3772
6095;Mannen en Vrouwen;50 tot 60 jaar;2059;3055;7887;11664;-3777
6096;Mannen en Vrouwen;60 tot 70 jaar;2012;19101;2806;4950;-2144
6097;Mannen en Vrouwen;60 tot 70 jaar;2013;19365;2788;4938;-2150
6098;Mannen en Vrouwen;60 tot 70 jaar;2014;19546;2786;4959;-2173
6099;Mannen en Vrouwen;60 tot 70 jaar;2015;19866;2826;5009;-2183
6100;Mannen en Vrouwen;60 tot 70 jaar;2016;19332;2900;5008;-2108
6101;Mannen en Vrouwen;60 tot 70 jaar;2017;18894;2973;4984;-2011
6102;Mannen en Vrouwen;60 tot 70 jaar;2018;18612;3017;5064;-2047
6103;Mannen en Vrouwen;60 tot 70 jaar;2019;18429;3031;5173;-2142
6104;Mannen en Vrouwen;60 tot 70 jaar;2020;18294;3027;5292;-2265
6105;Mannen en Vrouwen;60 tot 70 jaar;2021;18203;3036;5410;-2374
6106;Mannen en Vrouwen;60 tot 70 jaar;2022;18040;3038;5530;-2492
6107;Mannen en Vrouwen;60 tot 70 jaar;2023;17914;3043;5663;-2620
6108;Mannen en Vrouwen;60 tot 70 jaar;2024;17778;3044;5808;-2764
6109;Mannen en Vrouwen;60 tot 70 jaar;2025;17608;3049;5935;-2886
6110;Mannen en Vrouwen;60 tot 70 jaar;2026;17376;3061;6033;-2972
6111;Mannen en Vrouwen;60 tot 70 jaar;2027;17114;3082;6123;-3041
6112;Mannen en Vrouwen;60 tot 70 jaar;2028;16837;3090;6226;-3136
6113;Mannen en Vrouwen;60 tot 70 jaar;2029;16563;3100;6320;-3220
6114;Mannen en Vrouwen;60 tot 70 jaar;2030;16264;3110;6387;-3277
6115;Mannen en Vrouwen;60 tot 70 jaar;2031;15876;3124;6438;-3314
6116;Mannen en Vrouwen;60 tot 70 jaar;2032;15436;3132;6454;-3322
6117;Mannen en Vrouwen;60 tot 70 jaar;2033;14900;3147;6441;-3294
6118;Mannen en Vrouwen;60 tot 70 jaar;2034;14304;3157;6407;-3250
6119;Mannen en Vrouwen;60 tot 70 jaar;2035;13723;3173;6366;-3193
6120;Mannen en Vrouwen;60 tot 70 jaar;2036;13171;3177;6327;-3150
6121;Mannen en Vrouwen;60 tot 70 jaar;2037;12618;3186;6295;-3109
6122;Mannen en Vrouwen;60 tot 70 jaar;2038;12059;3198;6259;-3061
6123;Mannen en Vrouwen;60 tot 70 jaar;2039;11405;3204;6217;-3013
6124;Mannen en Vrouwen;60 tot 70 jaar;2040;10807;3219;6184;-2965
6125;Mannen en Vrouwen;60 tot 70 jaar;2041;10278;3235;6176;-2941
6126;Mannen en Vrouwen;60 tot 70 jaar;2042;9809;3235;6171;-2936
6127;Mannen en Vrouwen;60 tot 70 jaar;2043;9465;3253;6193;-2940
6128;Mannen en Vrouwen;60 tot 70 jaar;2044;9190;3254;6228;-2974
6129;Mannen en Vrouwen;60 tot 70 jaar;2045;8985;3261;6285;-3024
6130;Mannen en Vrouwen;60 tot 70 jaar;2046;8806;3267;6350;-3083
6131;Mannen en Vrouwen;60 tot 70 jaar;2047;8655;3280;6410;-3130
6132;Mannen en Vrouwen;60 tot 70 jaar;2048;8499;3282;6467;-3185
6133;Mannen en Vrouwen;60 tot 70 jaar;2049;8359;3287;6530;-3243
6134;Mannen en Vrouwen;60 tot 70 jaar;2050;8207;3296;6598;-3302
6135;Mannen en Vrouwen;60 tot 70 jaar;2051;8081;3303;6669;-3366
6136;Mannen en Vrouwen;60 tot 70 jaar;2052;7991;3306;6734;-3428
6137;Mannen en Vrouwen;60 tot 70 jaar;2053;7911;3310;6797;-3487
6138;Mannen en Vrouwen;60 tot 70 jaar;2054;7816;3316;6845;-3529
6139;Mannen en Vrouwen;60 tot 70 jaar;2055;7702;3324;6892;-3568
6140;Mannen en Vrouwen;60 tot 70 jaar;2056;7569;3327;6933;-3606
6141;Mannen en Vrouwen;60 tot 70 jaar;2057;7433;3323;6970;-3647
6142;Mannen en Vrouwen;60 tot 70 jaar;2058;7317;3326;7020;-3694
6143;Mannen en Vrouwen;60 tot 70 jaar;2059;7202;3323;7062;-3739
6144;Mannen en Vrouwen;70 tot 80 jaar;2012;30364;947;1400;-453
6145;Mannen en Vrouwen;70 tot 80 jaar;2013;30683;945;1417;-472
6146;Mannen en Vrouwen;70 tot 80 jaar;2014;31095;945;1446;-501
6147;Mannen en Vrouwen;70 tot 80 jaar;2015;31418;953;1477;-524
6148;Mannen en Vrouwen;70 tot 80 jaar;2016;32604;962;1537;-575
6149;Mannen en Vrouwen;70 tot 80 jaar;2017;33771;978;1577;-599
6150;Mannen en Vrouwen;70 tot 80 jaar;2018;34629;988;1644;-656
6151;Mannen en Vrouwen;70 tot 80 jaar;2019;35400;993;1703;-710
6152;Mannen en Vrouwen;70 tot 80 jaar;2020;36054;993;1758;-765
6153;Mannen en Vrouwen;70 tot 80 jaar;2021;36895;997;1806;-809
6154;Mannen en Vrouwen;70 tot 80 jaar;2022;37713;999;1855;-856
6155;Mannen en Vrouwen;70 tot 80 jaar;2023;38248;1001;1909;-908
6156;Mannen en Vrouwen;70 tot 80 jaar;2024;38634;1005;1961;-956
6157;Mannen en Vrouwen;70 tot 80 jaar;2025;39329;1014;2017;-1003
6158;Mannen en Vrouwen;70 tot 80 jaar;2026;38277;1016;2071;-1055
6159;Mannen en Vrouwen;70 tot 80 jaar;2027;37413;1019;2124;-1105
6160;Mannen en Vrouwen;70 tot 80 jaar;2028;36844;1019;2183;-1164
6161;Mannen en Vrouwen;70 tot 80 jaar;2029;36484;1022;2257;-1235
6162;Mannen en Vrouwen;70 tot 80 jaar;2030;36218;1025;2337;-1312
6163;Mannen en Vrouwen;70 tot 80 jaar;2031;36057;1026;2416;-1390
6164;Mannen en Vrouwen;70 tot 80 jaar;2032;35770;1029;2507;-1478
6165;Mannen en Vrouwen;70 tot 80 jaar;2033;35573;1034;2605;-1571
6166;Mannen en Vrouwen;70 tot 80 jaar;2034;35381;1039;2704;-1665
6167;Mannen en Vrouwen;70 tot 80 jaar;2035;35130;1044;2796;-1752
6168;Mannen en Vrouwen;70 tot 80 jaar;2036;34768;1052;2870;-1818
6169;Mannen en Vrouwen;70 tot 80 jaar;2037;34355;1049;2941;-1892
6170;Mannen en Vrouwen;70 tot 80 jaar;2038;33898;1059;3016;-1957
6171;Mannen en Vrouwen;70 tot 80 jaar;2039;33442;1062;3094;-2032
6172;Mannen en Vrouwen;70 tot 80 jaar;2040;32945;1067;3153;-2086
6173;Mannen en Vrouwen;70 tot 80 jaar;2041;32252;1072;3206;-2134
6174;Mannen en Vrouwen;70 tot 80 jaar;2042;31455;1076;3239;-2163
6175;Mannen en Vrouwen;70 tot 80 jaar;2043;30454;1080;3263;-2183
6176;Mannen en Vrouwen;70 tot 80 jaar;2044;29327;1086;3266;-2180
6177;Mannen en Vrouwen;70 tot 80 jaar;2045;28220;1088;3266;-2178
6178;Mannen en Vrouwen;70 tot 80 jaar;2046;27164;1089;3264;-2175
6179;Mannen en Vrouwen;70 tot 80 jaar;2047;26111;1095;3277;-2182
6180;Mannen en Vrouwen;70 tot 80 jaar;2048;25025;1097;3279;-2182
6181;Mannen en Vrouwen;70 tot 80 jaar;2049;23715;1102;3273;-2171
6182;Mannen en Vrouwen;70 tot 80 jaar;2050;22508;1107;3265;-2158
6183;Mannen en Vrouwen;70 tot 80 jaar;2051;21423;1111;3263;-2152
6184;Mannen en Vrouwen;70 tot 80 jaar;2052;20469;1113;3263;-2150
6185;Mannen en Vrouwen;70 tot 80 jaar;2053;19778;1114;3272;-2158
6186;Mannen en Vrouwen;70 tot 80 jaar;2054;19225;1116;3286;-2170
6187;Mannen en Vrouwen;70 tot 80 jaar;2055;18827;1118;3311;-2193
6188;Mannen en Vrouwen;70 tot 80 jaar;2056;18485;1119;3345;-2226
6189;Mannen en Vrouwen;70 tot 80 jaar;2057;18199;1120;3370;-2250
6190;Mannen en Vrouwen;70 tot 80 jaar;2058;17893;1118;3397;-2279
6191;Mannen en Vrouwen;70 tot 80 jaar;2059;17625;1118;3423;-2305
6192;Mannen en Vrouwen;80 tot 90 jaar;2012;48783;259;337;-78
6193;Mannen en Vrouwen;80 tot 90 jaar;2013;48887;259;342;-83
6194;Mannen en Vrouwen;80 tot 90 jaar;2014;49143;266;350;-84
6195;Mannen en Vrouwen;80 tot 90 jaar;2015;49458;264;353;-89
6196;Mannen en Vrouwen;80 tot 90 jaar;2016;49827;265;366;-101
6197;Mannen en Vrouwen;80 tot 90 jaar;2017;50242;272;372;-100
6198;Mannen en Vrouwen;80 tot 90 jaar;2018;50744;274;401;-127
6199;Mannen en Vrouwen;80 tot 90 jaar;2019;51334;277;429;-152
6200;Mannen en Vrouwen;80 tot 90 jaar;2020;51882;279;462;-183
6201;Mannen en Vrouwen;80 tot 90 jaar;2021;52377;274;480;-206
6202;Mannen en Vrouwen;80 tot 90 jaar;2022;52999;271;506;-235
6203;Mannen en Vrouwen;80 tot 90 jaar;2023;54144;272;526;-254
6204;Mannen en Vrouwen;80 tot 90 jaar;2024;55473;272;553;-281
6205;Mannen en Vrouwen;80 tot 90 jaar;2025;56577;275;580;-305
6206;Mannen en Vrouwen;80 tot 90 jaar;2026;59438;276;621;-345
6207;Mannen en Vrouwen;80 tot 90 jaar;2027;62200;277;659;-382
6208;Mannen en Vrouwen;80 tot 90 jaar;2028;64390;278;696;-418
6209;Mannen en Vrouwen;80 tot 90 jaar;2029;66351;280;730;-450
6210;Mannen en Vrouwen;80 tot 90 jaar;2030;68044;280;768;-488
6211;Mannen en Vrouwen;80 tot 90 jaar;2031;69909;280;796;-516
6212;Mannen en Vrouwen;80 tot 90 jaar;2032;71639;282;833;-551
6213;Mannen en Vrouwen;80 tot 90 jaar;2033;72782;285;865;-580
6214;Mannen en Vrouwen;80 tot 90 jaar;2034;73594;288;903;-615
6215;Mannen en Vrouwen;80 tot 90 jaar;2035;74806;290;941;-651
6216;Mannen en Vrouwen;80 tot 90 jaar;2036;73244;291;979;-688
6217;Mannen en Vrouwen;80 tot 90 jaar;2037;72097;292;1017;-725
6218;Mannen en Vrouwen;80 tot 90 jaar;2038;71596;295;1058;-763
6219;Mannen en Vrouwen;80 tot 90 jaar;2039;71564;296;1103;-807
6220;Mannen en Vrouwen;80 tot 90 jaar;2040;71774;299;1162;-863
6221;Mannen en Vrouwen;80 tot 90 jaar;2041;72245;300;1217;-917
6222;Mannen en Vrouwen;80 tot 90 jaar;2042;72548;303;1279;-976
6223;Mannen en Vrouwen;80 tot 90 jaar;2043;73063;305;1333;-1028
6224;Mannen en Vrouwen;80 tot 90 jaar;2044;73614;305;1397;-1092
6225;Mannen en Vrouwen;80 tot 90 jaar;2045;74034;306;1457;-1151
6226;Mannen en Vrouwen;80 tot 90 jaar;2046;74226;307;1511;-1204
6227;Mannen en Vrouwen;80 tot 90 jaar;2047;74282;308;1548;-1240
6228;Mannen en Vrouwen;80 tot 90 jaar;2048;74212;310;1596;-1286
6229;Mannen en Vrouwen;80 tot 90 jaar;2049;74111;313;1648;-1335
6230;Mannen en Vrouwen;80 tot 90 jaar;2050;73887;313;1697;-1384
6231;Mannen en Vrouwen;80 tot 90 jaar;2051;73203;314;1740;-1426
6232;Mannen en Vrouwen;80 tot 90 jaar;2052;72242;315;1771;-1456
6233;Mannen en Vrouwen;80 tot 90 jaar;2053;70781;316;1794;-1478
6234;Mannen en Vrouwen;80 tot 90 jaar;2054;68988;318;1807;-1489
6235;Mannen en Vrouwen;80 tot 90 jaar;2055;67168;318;1810;-1492
6236;Mannen en Vrouwen;80 tot 90 jaar;2056;65399;320;1815;-1495
6237;Mannen en Vrouwen;80 tot 90 jaar;2057;63553;320;1820;-1500
6238;Mannen en Vrouwen;80 tot 90 jaar;2058;61569;320;1823;-1503
6239;Mannen en Vrouwen;80 tot 90 jaar;2059;59013;319;1823;-1504
6240;Mannen en Vrouwen;90 jaar of ouder;2012;25547;7;8;-1
6241;Mannen en Vrouwen;90 jaar of ouder;2013;26865;6;9;-3
6242;Mannen en Vrouwen;90 jaar of ouder;2014;28008;6;9;-3
6243;Mannen en Vrouwen;90 jaar of ouder;2015;29029;6;9;-3
6244;Mannen en Vrouwen;90 jaar of ouder;2016;30006;6;9;-3
6245;Mannen en Vrouwen;90 jaar of ouder;2017;30863;6;9;-3
6246;Mannen en Vrouwen;90 jaar of ouder;2018;31807;6;9;-3
6247;Mannen en Vrouwen;90 jaar of ouder;2019;32688;6;9;-3
6248;Mannen en Vrouwen;90 jaar of ouder;2020;33722;6;10;-4
6249;Mannen en Vrouwen;90 jaar of ouder;2021;34660;6;10;-4
6250;Mannen en Vrouwen;90 jaar of ouder;2022;35661;6;10;-4
6251;Mannen en Vrouwen;90 jaar of ouder;2023;36490;6;10;-4
6252;Mannen en Vrouwen;90 jaar of ouder;2024;37398;6;12;-6
6253;Mannen en Vrouwen;90 jaar of ouder;2025;38322;6;12;-6
6254;Mannen en Vrouwen;90 jaar of ouder;2026;39344;6;12;-6
6255;Mannen en Vrouwen;90 jaar of ouder;2027;40340;6;13;-7
6256;Mannen en Vrouwen;90 jaar of ouder;2028;41650;6;15;-9
6257;Mannen en Vrouwen;90 jaar of ouder;2029;43033;6;15;-9
6258;Mannen en Vrouwen;90 jaar of ouder;2030;44565;6;16;-10
6259;Mannen en Vrouwen;90 jaar of ouder;2031;45839;6;16;-10
6260;Mannen en Vrouwen;90 jaar of ouder;2032;47313;6;18;-12
6261;Mannen en Vrouwen;90 jaar of ouder;2033;49227;6;18;-12
6262;Mannen en Vrouwen;90 jaar of ouder;2034;51400;6;20;-14
6263;Mannen en Vrouwen;90 jaar of ouder;2035;53093;6;21;-15
6264;Mannen en Vrouwen;90 jaar of ouder;2036;57516;6;26;-20
6265;Mannen en Vrouwen;90 jaar of ouder;2037;61433;6;27;-21
6266;Mannen en Vrouwen;90 jaar of ouder;2038;64616;6;28;-22
6267;Mannen en Vrouwen;90 jaar of ouder;2039;67280;6;28;-22
6268;Mannen en Vrouwen;90 jaar of ouder;2040;69544;6;29;-23
6269;Mannen en Vrouwen;90 jaar of ouder;2041;71513;6;28;-22
6270;Mannen en Vrouwen;90 jaar of ouder;2042;73516;6;31;-25
6271;Mannen en Vrouwen;90 jaar of ouder;2043;75248;6;32;-26
6272;Mannen en Vrouwen;90 jaar of ouder;2044;76861;6;34;-28
6273;Mannen en Vrouwen;90 jaar of ouder;2045;78401;6;35;-29
6274;Mannen en Vrouwen;90 jaar of ouder;2046;79975;6;37;-31
6275;Mannen en Vrouwen;90 jaar of ouder;2047;81634;6;38;-32
6276;Mannen en Vrouwen;90 jaar of ouder;2048;83464;6;40;-34
6277;Mannen en Vrouwen;90 jaar of ouder;2049;85545;6;41;-35
6278;Mannen en Vrouwen;90 jaar of ouder;2050;87665;6;45;-39
6279;Mannen en Vrouwen;90 jaar of ouder;2051;90051;6;46;-40
6280;Mannen en Vrouwen;90 jaar of ouder;2052;92458;6;49;-43
6281;Mannen en Vrouwen;90 jaar of ouder;2053;94979;6;50;-44
6282;Mannen en Vrouwen;90 jaar of ouder;2054;97562;6;53;-47
6283;Mannen en Vrouwen;90 jaar of ouder;2055;99850;6;53;-47
6284;Mannen en Vrouwen;90 jaar of ouder;2056;101856;6;53;-47
6285;Mannen en Vrouwen;90 jaar of ouder;2057;103667;6;53;-47
6286;Mannen en Vrouwen;90 jaar of ouder;2058;105409;6;57;-51
6287;Mannen en Vrouwen;90 jaar of ouder;2059;107470;6;60;-54
6288;Mannen;Totaal leeftijd;2012;67142;78166;77762;404
6289;Mannen;Totaal leeftijd;2013;68125;77529;76417;1112
6290;Mannen;Totaal leeftijd;2014;69117;77303;75496;1807
6291;Mannen;Totaal leeftijd;2015;70121;78364;74908;3456
6292;Mannen;Totaal leeftijd;2016;71137;79680;74180;5500
6293;Mannen;Totaal leeftijd;2017;72169;81092;73151;7941
6294;Mannen;Totaal leeftijd;2018;73219;81463;73505;7958
6295;Mannen;Totaal leeftijd;2019;74286;81204;73781;7423
6296;Mannen;Totaal leeftijd;2020;75372;80661;73871;6790
6297;Mannen;Totaal leeftijd;2021;76483;80130;73800;6330
6298;Mannen;Totaal leeftijd;2022;77619;79604;73645;5959
6299;Mannen;Totaal leeftijd;2023;78778;79614;73630;5984
6300;Mannen;Totaal leeftijd;2024;79964;79653;73673;5980
6301;Mannen;Totaal leeftijd;2025;81175;79692;73765;5927
6302;Mannen;Totaal leeftijd;2026;82404;79767;73890;5877
6303;Mannen;Totaal leeftijd;2027;83644;79828;74005;5823
6304;Mannen;Totaal leeftijd;2028;84888;79882;74123;5759
6305;Mannen;Totaal leeftijd;2029;86128;79959;74215;5744
6306;Mannen;Totaal leeftijd;2030;87356;79990;74307;5683
6307;Mannen;Totaal leeftijd;2031;88569;80047;74374;5673
6308;Mannen;Totaal leeftijd;2032;89762;80065;74435;5630
6309;Mannen;Totaal leeftijd;2033;90926;80121;74493;5628
6310;Mannen;Totaal leeftijd;2034;92051;80162;74553;5609
6311;Mannen;Totaal leeftijd;2035;93123;80203;74608;5595
6312;Mannen;Totaal leeftijd;2036;94128;80270;74659;5611
6313;Mannen;Totaal leeftijd;2037;95056;80276;74710;5566
6314;Mannen;Totaal leeftijd;2038;95897;80325;74751;5574
6315;Mannen;Totaal leeftijd;2039;96650;80310;74789;5521
6316;Mannen;Totaal leeftijd;2040;97314;80380;74827;5553
6317;Mannen;Totaal leeftijd;2041;97891;80413;74869;5544
6318;Mannen;Totaal leeftijd;2042;98383;80441;74923;5518
6319;Mannen;Totaal leeftijd;2043;98792;80460;74985;5475
6320;Mannen;Totaal leeftijd;2044;99116;80479;75058;5421
6321;Mannen;Totaal leeftijd;2045;99369;80490;75130;5360
6322;Mannen;Totaal leeftijd;2046;99556;80502;75211;5291
6323;Mannen;Totaal leeftijd;2047;99708;80554;75283;5271
6324;Mannen;Totaal leeftijd;2048;99842;80581;75361;5220
6325;Mannen;Totaal leeftijd;2049;99952;80601;75441;5160
6326;Mannen;Totaal leeftijd;2050;100027;80613;75524;5089
6327;Mannen;Totaal leeftijd;2051;100052;80643;75611;5032
6328;Mannen;Totaal leeftijd;2052;100013;80640;75696;4944
6329;Mannen;Totaal leeftijd;2053;99899;80648;75778;4870
6330;Mannen;Totaal leeftijd;2054;99699;80680;75851;4829
6331;Mannen;Totaal leeftijd;2055;99407;80689;75924;4765
6332;Mannen;Totaal leeftijd;2056;99012;80708;75994;4714
6333;Mannen;Totaal leeftijd;2057;98515;80695;76051;4644
6334;Mannen;Totaal leeftijd;2058;97915;80702;76101;4601
6335;Mannen;Totaal leeftijd;2059;97215;80717;76147;4570
6336;Mannen;0 jaar;2012;330;659;237;422
6337;Mannen;0 jaar;2013;316;650;228;422
6338;Mannen;0 jaar;2014;304;648;223;425
6339;Mannen;0 jaar;2015;293;652;219;433
6340;Mannen;0 jaar;2016;283;661;216;445
6341;Mannen;0 jaar;2017;273;670;212;458
6342;Mannen;0 jaar;2018;264;672;213;459
6343;Mannen;0 jaar;2019;254;667;212;455
6344;Mannen;0 jaar;2020;245;660;211;449
6345;Mannen;0 jaar;2021;235;654;211;443
6346;Mannen;0 jaar;2022;226;650;211;439
6347;Mannen;0 jaar;2023;217;646;211;435
6348;Mannen;0 jaar;2024;209;646;211;435
6349;Mannen;0 jaar;2025;200;643;210;433
6350;Mannen;0 jaar;2026;192;644;211;433
6351;Mannen;0 jaar;2027;184;642;210;432
6352;Mannen;0 jaar;2028;176;641;210;431
6353;Mannen;0 jaar;2029;168;640;210;430
6354;Mannen;0 jaar;2030;161;640;210;430
6355;Mannen;0 jaar;2031;154;638;209;429
6356;Mannen;0 jaar;2032;146;636;209;427
6357;Mannen;0 jaar;2033;140;635;208;427
6358;Mannen;0 jaar;2034;133;635;208;427
6359;Mannen;0 jaar;2035;126;635;207;428
6360;Mannen;0 jaar;2036;120;635;206;429
6361;Mannen;0 jaar;2037;114;632;206;426
6362;Mannen;0 jaar;2038;108;630;204;426
6363;Mannen;0 jaar;2039;103;629;203;426
6364;Mannen;0 jaar;2040;98;629;203;426
6365;Mannen;0 jaar;2041;93;628;203;425
6366;Mannen;0 jaar;2042;89;628;202;426
6367;Mannen;0 jaar;2043;85;626;202;424
6368;Mannen;0 jaar;2044;81;625;201;424
6369;Mannen;0 jaar;2045;77;625;201;424
6370;Mannen;0 jaar;2046;74;625;201;424
6371;Mannen;0 jaar;2047;71;622;200;422
6372;Mannen;0 jaar;2048;68;622;201;421
6373;Mannen;0 jaar;2049;65;622;201;421
6374;Mannen;0 jaar;2050;62;622;201;421
6375;Mannen;0 jaar;2051;60;619;201;418
6376;Mannen;0 jaar;2052;57;618;202;416
6377;Mannen;0 jaar;2053;55;617;203;414
6378;Mannen;0 jaar;2054;52;617;202;415
6379;Mannen;0 jaar;2055;50;617;203;414
6380;Mannen;0 jaar;2056;48;617;203;414
6381;Mannen;0 jaar;2057;46;617;203;414
6382;Mannen;0 jaar;2058;44;616;203;413
6383;Mannen;0 jaar;2059;42;616;203;413
6384;Mannen;1 jaar;2012;51;931;797;134
6385;Mannen;1 jaar;2013;47;921;756;165
6386;Mannen;1 jaar;2014;46;917;732;185
6387;Mannen;1 jaar;2015;44;930;719;211
6388;Mannen;1 jaar;2016;42;945;707;238
6389;Mannen;1 jaar;2017;41;962;694;268
6390;Mannen;1 jaar;2018;39;968;695;273
6391;Mannen;1 jaar;2019;38;965;695;270
6392;Mannen;1 jaar;2020;37;957;693;264
6393;Mannen;1 jaar;2021;35;952;690;262
6394;Mannen;1 jaar;2022;34;945;689;256
6395;Mannen;1 jaar;2023;33;946;688;258
6396;Mannen;1 jaar;2024;31;947;688;259
6397;Mannen;1 jaar;2025;30;949;687;262
6398;Mannen;1 jaar;2026;29;949;688;261
6399;Mannen;1 jaar;2027;28;948;687;261
6400;Mannen;1 jaar;2028;26;948;686;262
6401;Mannen;1 jaar;2029;25;948;685;263
6402;Mannen;1 jaar;2030;24;949;686;263
6403;Mannen;1 jaar;2031;23;948;684;264
6404;Mannen;1 jaar;2032;22;950;683;267
6405;Mannen;1 jaar;2033;21;950;682;268
6406;Mannen;1 jaar;2034;20;950;679;271
6407;Mannen;1 jaar;2035;19;949;677;272
6408;Mannen;1 jaar;2036;18;948;675;273
6409;Mannen;1 jaar;2037;17;948;672;276
6410;Mannen;1 jaar;2038;16;953;669;284
6411;Mannen;1 jaar;2039;16;953;667;286
6412;Mannen;1 jaar;2040;15;953;664;289
6413;Mannen;1 jaar;2041;14;953;662;291
6414;Mannen;1 jaar;2042;13;951;660;291
6415;Mannen;1 jaar;2043;13;952;658;294
6416;Mannen;1 jaar;2044;12;951;657;294
6417;Mannen;1 jaar;2045;12;951;656;295
6418;Mannen;1 jaar;2046;11;950;655;295
6419;Mannen;1 jaar;2047;11;950;655;295
6420;Mannen;1 jaar;2048;10;950;655;295
6421;Mannen;1 jaar;2049;10;950;656;294
6422;Mannen;1 jaar;2050;9;950;656;294
6423;Mannen;1 jaar;2051;9;952;657;295
6424;Mannen;1 jaar;2052;9;951;658;293
6425;Mannen;1 jaar;2053;8;951;658;293
6426;Mannen;1 jaar;2054;8;951;659;292
6427;Mannen;1 jaar;2055;8;950;659;291
6428;Mannen;1 jaar;2056;7;951;660;291
6429;Mannen;1 jaar;2057;7;951;661;290
6430;Mannen;1 jaar;2058;7;949;661;288
6431;Mannen;1 jaar;2059;6;950;662;288
6432;Mannen;2 jaar;2012;23;979;896;83
6433;Mannen;2 jaar;2013;21;971;829;142
6434;Mannen;2 jaar;2014;20;968;795;173
6435;Mannen;2 jaar;2015;19;981;775;206
6436;Mannen;2 jaar;2016;19;995;761;234
6437;Mannen;2 jaar;2017;18;1012;745;267
6438;Mannen;2 jaar;2018;17;1017;746;271
6439;Mannen;2 jaar;2019;17;1015;748;267
6440;Mannen;2 jaar;2020;16;1010;746;264
6441;Mannen;2 jaar;2021;16;1002;743;259
6442;Mannen;2 jaar;2022;15;996;740;256
6443;Mannen;2 jaar;2023;15;995;738;257
6444;Mannen;2 jaar;2024;14;994;737;257
6445;Mannen;2 jaar;2025;14;996;737;259
6446;Mannen;2 jaar;2026;13;996;738;258
6447;Mannen;2 jaar;2027;13;997;738;259
6448;Mannen;2 jaar;2028;12;999;737;262
6449;Mannen;2 jaar;2029;12;998;736;262
6450;Mannen;2 jaar;2030;11;997;736;261
6451;Mannen;2 jaar;2031;11;997;735;262
6452;Mannen;2 jaar;2032;10;999;734;265
6453;Mannen;2 jaar;2033;10;999;733;266
6454;Mannen;2 jaar;2034;10;998;731;267
6455;Mannen;2 jaar;2035;9;997;728;269
6456;Mannen;2 jaar;2036;9;999;726;273
6457;Mannen;2 jaar;2037;8;999;724;275
6458;Mannen;2 jaar;2038;8;997;721;276
6459;Mannen;2 jaar;2039;8;997;718;279
6460;Mannen;2 jaar;2040;7;997;715;282
6461;Mannen;2 jaar;2041;7;998;713;285
6462;Mannen;2 jaar;2042;7;1000;711;289
6463;Mannen;2 jaar;2043;6;999;709;290
6464;Mannen;2 jaar;2044;6;999;707;292
6465;Mannen;2 jaar;2045;6;998;706;292
6466;Mannen;2 jaar;2046;6;998;705;293
6467;Mannen;2 jaar;2047;5;997;704;293
6468;Mannen;2 jaar;2048;5;999;703;296
6469;Mannen;2 jaar;2049;5;999;703;296
6470;Mannen;2 jaar;2050;5;998;704;294
6471;Mannen;2 jaar;2051;5;998;705;293
6472;Mannen;2 jaar;2052;4;997;705;292
6473;Mannen;2 jaar;2053;4;998;706;292
6474;Mannen;2 jaar;2054;4;999;707;292
6475;Mannen;2 jaar;2055;4;1000;708;292
6476;Mannen;2 jaar;2056;4;997;708;289
6477;Mannen;2 jaar;2057;4;997;709;288
6478;Mannen;2 jaar;2058;4;996;709;287
6479;Mannen;2 jaar;2059;3;996;710;286
6480;Mannen;3 jaar;2012;15;929;921;8
6481;Mannen;3 jaar;2013;14;922;911;11
6482;Mannen;3 jaar;2014;14;920;855;65
6483;Mannen;3 jaar;2015;13;931;826;105
6484;Mannen;3 jaar;2016;12;943;807;136
6485;Mannen;3 jaar;2017;12;963;788;175
6486;Mannen;3 jaar;2018;11;967;790;177
6487;Mannen;3 jaar;2019;11;965;790;175
6488;Mannen;3 jaar;2020;11;960;790;170
6489;Mannen;3 jaar;2021;10;951;787;164
6490;Mannen;3 jaar;2022;10;946;783;163
6491;Mannen;3 jaar;2023;10;943;781;162
6492;Mannen;3 jaar;2024;9;944;780;164
6493;Mannen;3 jaar;2025;9;942;780;162
6494;Mannen;3 jaar;2026;9;941;779;162
6495;Mannen;3 jaar;2027;8;943;779;164
6496;Mannen;3 jaar;2028;8;943;779;164
6497;Mannen;3 jaar;2029;8;940;779;161
6498;Mannen;3 jaar;2030;8;941;778;163
6499;Mannen;3 jaar;2031;7;941;777;164
6500;Mannen;3 jaar;2032;7;941;777;164
6501;Mannen;3 jaar;2033;7;939;776;163
6502;Mannen;3 jaar;2034;6;940;775;165
6503;Mannen;3 jaar;2035;6;940;773;167
6504;Mannen;3 jaar;2036;6;937;770;167
6505;Mannen;3 jaar;2037;6;936;768;168
6506;Mannen;3 jaar;2038;5;937;765;172
6507;Mannen;3 jaar;2039;5;937;763;174
6508;Mannen;3 jaar;2040;5;937;760;177
6509;Mannen;3 jaar;2041;5;937;757;180
6510;Mannen;3 jaar;2042;4;936;755;181
6511;Mannen;3 jaar;2043;4;936;752;184
6512;Mannen;3 jaar;2044;4;934;751;183
6513;Mannen;3 jaar;2045;4;932;749;183
6514;Mannen;3 jaar;2046;4;931;747;184
6515;Mannen;3 jaar;2047;4;931;746;185
6516;Mannen;3 jaar;2048;3;931;745;186
6517;Mannen;3 jaar;2049;3;931;746;185
6518;Mannen;3 jaar;2050;3;932;746;186
6519;Mannen;3 jaar;2051;3;930;746;184
6520;Mannen;3 jaar;2052;3;930;746;184
6521;Mannen;3 jaar;2053;3;928;747;181
6522;Mannen;3 jaar;2054;3;929;748;181
6523;Mannen;3 jaar;2055;3;928;749;179
6524;Mannen;3 jaar;2056;2;928;749;179
6525;Mannen;3 jaar;2057;2;929;750;179
6526;Mannen;3 jaar;2058;2;930;751;179
6527;Mannen;3 jaar;2059;2;929;751;178
6528;Mannen;4 jaar;2012;12;866;923;-57
6529;Mannen;4 jaar;2013;11;860;900;-40
6530;Mannen;4 jaar;2014;11;856;895;-39
6531;Mannen;4 jaar;2015;10;867;849;18
6532;Mannen;4 jaar;2016;9;881;821;60
6533;Mannen;4 jaar;2017;9;895;799;96
6534;Mannen;4 jaar;2018;9;902;799;103
6535;Mannen;4 jaar;2019;8;899;799;100
6536;Mannen;4 jaar;2020;8;890;798;92
6537;Mannen;4 jaar;2021;8;883;797;86
6538;Mannen;4 jaar;2022;8;877;794;83
6539;Mannen;4 jaar;2023;7;875;791;84
6540;Mannen;4 jaar;2024;7;874;789;85
6541;Mannen;4 jaar;2025;7;874;790;84
6542;Mannen;4 jaar;2026;7;872;789;83
6543;Mannen;4 jaar;2027;6;872;789;83
6544;Mannen;4 jaar;2028;6;871;788;83
6545;Mannen;4 jaar;2029;6;871;788;83
6546;Mannen;4 jaar;2030;6;870;787;83
6547;Mannen;4 jaar;2031;5;867;787;80
6548;Mannen;4 jaar;2032;5;865;786;79
6549;Mannen;4 jaar;2033;5;867;785;82
6550;Mannen;4 jaar;2034;5;866;785;81
6551;Mannen;4 jaar;2035;5;866;783;83
6552;Mannen;4 jaar;2036;4;866;781;85
6553;Mannen;4 jaar;2037;4;863;779;84
6554;Mannen;4 jaar;2038;4;861;776;85
6555;Mannen;4 jaar;2039;4;862;774;88
6556;Mannen;4 jaar;2040;4;862;772;90
6557;Mannen;4 jaar;2041;4;862;769;93
6558;Mannen;4 jaar;2042;3;862;766;96
6559;Mannen;4 jaar;2043;3;858;764;94
6560;Mannen;4 jaar;2044;3;857;762;95
6561;Mannen;4 jaar;2045;3;856;759;97
6562;Mannen;4 jaar;2046;3;855;758;97
6563;Mannen;4 jaar;2047;3;855;756;99
6564;Mannen;4 jaar;2048;3;856;756;100
6565;Mannen;4 jaar;2049;2;854;754;100
6566;Mannen;4 jaar;2050;2;855;755;100
6567;Mannen;4 jaar;2051;2;854;755;99
6568;Mannen;4 jaar;2052;2;852;755;97
6569;Mannen;4 jaar;2053;2;853;755;98
6570;Mannen;4 jaar;2054;2;853;756;97
6571;Mannen;4 jaar;2055;2;852;757;95
6572;Mannen;4 jaar;2056;2;852;757;95
6573;Mannen;4 jaar;2057;2;852;758;94
6574;Mannen;4 jaar;2058;2;851;759;92
6575;Mannen;4 jaar;2059;2;851;759;92
6576;Mannen;5 jaar;2012;9;792;893;-101
6577;Mannen;5 jaar;2013;9;793;874;-81
6578;Mannen;5 jaar;2014;9;785;857;-72
6579;Mannen;5 jaar;2015;8;797;855;-58
6580;Mannen;5 jaar;2016;8;808;814;-6
6581;Mannen;5 jaar;2017;7;825;786;39
6582;Mannen;5 jaar;2018;7;825;782;43
6583;Mannen;5 jaar;2019;7;822;783;39
6584;Mannen;5 jaar;2020;7;816;782;34
6585;Mannen;5 jaar;2021;6;808;780;28
6586;Mannen;5 jaar;2022;6;800;777;23
6587;Mannen;5 jaar;2023;6;798;776;22
6588;Mannen;5 jaar;2024;6;799;774;25
6589;Mannen;5 jaar;2025;6;796;773;23
6590;Mannen;5 jaar;2026;5;794;773;21
6591;Mannen;5 jaar;2027;5;794;773;21
6592;Mannen;5 jaar;2028;5;792;772;20
6593;Mannen;5 jaar;2029;5;790;773;17
6594;Mannen;5 jaar;2030;5;789;773;16
6595;Mannen;5 jaar;2031;4;788;772;16
6596;Mannen;5 jaar;2032;4;787;772;15
6597;Mannen;5 jaar;2033;4;787;771;16
6598;Mannen;5 jaar;2034;4;784;771;13
6599;Mannen;5 jaar;2035;4;784;770;14
6600;Mannen;5 jaar;2036;4;783;769;14
6601;Mannen;5 jaar;2037;3;781;768;13
6602;Mannen;5 jaar;2038;3;780;765;15
6603;Mannen;5 jaar;2039;3;778;763;15
6604;Mannen;5 jaar;2040;3;778;761;17
6605;Mannen;5 jaar;2041;3;776;758;18
6606;Mannen;5 jaar;2042;3;774;756;18
6607;Mannen;5 jaar;2043;3;774;754;20
6608;Mannen;5 jaar;2044;2;772;751;21
6609;Mannen;5 jaar;2045;2;771;749;22
6610;Mannen;5 jaar;2046;2;771;748;23
6611;Mannen;5 jaar;2047;2;770;746;24
6612;Mannen;5 jaar;2048;2;770;745;25
6613;Mannen;5 jaar;2049;2;770;744;26
6614;Mannen;5 jaar;2050;2;769;744;25
6615;Mannen;5 jaar;2051;2;769;744;25
6616;Mannen;5 jaar;2052;2;768;745;23
6617;Mannen;5 jaar;2053;2;768;745;23
6618;Mannen;5 jaar;2054;2;766;745;21
6619;Mannen;5 jaar;2055;2;765;747;18
6620;Mannen;5 jaar;2056;2;765;747;18
6621;Mannen;5 jaar;2057;1;765;748;17
6622;Mannen;5 jaar;2058;1;765;749;16
6623;Mannen;5 jaar;2059;1;764;749;15
6624;Mannen;6 jaar;2012;9;736;819;-83
6625;Mannen;6 jaar;2013;8;726;807;-81
6626;Mannen;6 jaar;2014;8;726;796;-70
6627;Mannen;6 jaar;2015;8;733;785;-52
6628;Mannen;6 jaar;2016;7;741;782;-41
6629;Mannen;6 jaar;2017;7;754;746;8
6630;Mannen;6 jaar;2018;6;758;737;21
6631;Mannen;6 jaar;2019;6;755;734;21
6632;Mannen;6 jaar;2020;6;746;732;14
6633;Mannen;6 jaar;2021;6;740;731;9
6634;Mannen;6 jaar;2022;6;734;729;5
6635;Mannen;6 jaar;2023;5;731;729;2
6636;Mannen;6 jaar;2024;5;731;727;4
6637;Mannen;6 jaar;2025;5;731;727;4
6638;Mannen;6 jaar;2026;5;729;726;3
6639;Mannen;6 jaar;2027;5;725;726;-1
6640;Mannen;6 jaar;2028;4;723;726;-3
6641;Mannen;6 jaar;2029;4;723;725;-2
6642;Mannen;6 jaar;2030;4;721;726;-5
6643;Mannen;6 jaar;2031;4;718;726;-8
6644;Mannen;6 jaar;2032;4;717;726;-9
6645;Mannen;6 jaar;2033;4;715;725;-10
6646;Mannen;6 jaar;2034;4;713;725;-12
6647;Mannen;6 jaar;2035;3;713;725;-12
6648;Mannen;6 jaar;2036;3;712;724;-12
6649;Mannen;6 jaar;2037;3;709;723;-14
6650;Mannen;6 jaar;2038;3;709;721;-12
6651;Mannen;6 jaar;2039;3;707;720;-13
6652;Mannen;6 jaar;2040;3;706;718;-12
6653;Mannen;6 jaar;2041;3;705;715;-10
6654;Mannen;6 jaar;2042;2;703;714;-11
6655;Mannen;6 jaar;2043;2;701;711;-10
6656;Mannen;6 jaar;2044;2;700;709;-9
6657;Mannen;6 jaar;2045;2;699;707;-8
6658;Mannen;6 jaar;2046;2;697;705;-8
6659;Mannen;6 jaar;2047;2;697;703;-6
6660;Mannen;6 jaar;2048;2;697;702;-5
6661;Mannen;6 jaar;2049;2;695;701;-6
6662;Mannen;6 jaar;2050;2;695;701;-6
6663;Mannen;6 jaar;2051;2;693;700;-7
6664;Mannen;6 jaar;2052;2;693;701;-8
6665;Mannen;6 jaar;2053;2;692;701;-9
6666;Mannen;6 jaar;2054;1;692;701;-9
6667;Mannen;6 jaar;2055;1;692;703;-11
6668;Mannen;6 jaar;2056;1;692;703;-11
6669;Mannen;6 jaar;2057;1;690;703;-13
6670;Mannen;6 jaar;2058;1;690;705;-15
6671;Mannen;6 jaar;2059;1;690;705;-15
6672;Mannen;7 jaar;2012;9;693;733;-40
6673;Mannen;7 jaar;2013;8;683;724;-41
6674;Mannen;7 jaar;2014;8;681;716;-35
6675;Mannen;7 jaar;2015;8;688;710;-22
6676;Mannen;7 jaar;2016;7;698;699;-1
6677;Mannen;7 jaar;2017;7;708;695;13
6678;Mannen;7 jaar;2018;7;711;678;33
6679;Mannen;7 jaar;2019;6;707;671;36
6680;Mannen;7 jaar;2020;6;701;667;34
6681;Mannen;7 jaar;2021;6;696;666;30
6682;Mannen;7 jaar;2022;5;690;663;27
6683;Mannen;7 jaar;2023;5;685;663;22
6684;Mannen;7 jaar;2024;5;682;664;18
6685;Mannen;7 jaar;2025;5;681;664;17
6686;Mannen;7 jaar;2026;5;680;662;18
6687;Mannen;7 jaar;2027;5;678;662;16
6688;Mannen;7 jaar;2028;4;676;662;14
6689;Mannen;7 jaar;2029;4;676;662;14
6690;Mannen;7 jaar;2030;4;673;662;11
6691;Mannen;7 jaar;2031;4;671;662;9
6692;Mannen;7 jaar;2032;4;670;662;8
6693;Mannen;7 jaar;2033;4;668;662;6
6694;Mannen;7 jaar;2034;3;665;661;4
6695;Mannen;7 jaar;2035;3;664;661;3
6696;Mannen;7 jaar;2036;3;663;661;2
6697;Mannen;7 jaar;2037;3;662;661;1
6698;Mannen;7 jaar;2038;3;660;660;0
6699;Mannen;7 jaar;2039;3;658;658;0
6700;Mannen;7 jaar;2040;3;657;656;1
6701;Mannen;7 jaar;2041;3;656;654;2
6702;Mannen;7 jaar;2042;2;654;653;1
6703;Mannen;7 jaar;2043;2;651;651;0
6704;Mannen;7 jaar;2044;2;650;648;2
6705;Mannen;7 jaar;2045;2;648;646;2
6706;Mannen;7 jaar;2046;2;647;645;2
6707;Mannen;7 jaar;2047;2;646;643;3
6708;Mannen;7 jaar;2048;2;646;641;5
6709;Mannen;7 jaar;2049;2;644;641;3
6710;Mannen;7 jaar;2050;2;643;640;3
6711;Mannen;7 jaar;2051;2;641;639;2
6712;Mannen;7 jaar;2052;2;643;639;4
6713;Mannen;7 jaar;2053;1;642;639;3
6714;Mannen;7 jaar;2054;1;642;640;2
6715;Mannen;7 jaar;2055;1;642;640;2
6716;Mannen;7 jaar;2056;1;641;641;0
6717;Mannen;7 jaar;2057;1;641;641;0
6718;Mannen;7 jaar;2058;1;641;642;-1
6719;Mannen;7 jaar;2059;1;641;642;-1
6720;Mannen;8 jaar;2012;9;665;673;-8
6721;Mannen;8 jaar;2013;9;661;653;8
6722;Mannen;8 jaar;2014;8;655;651;4
6723;Mannen;8 jaar;2015;8;658;647;11
6724;Mannen;8 jaar;2016;8;671;641;30
6725;Mannen;8 jaar;2017;7;681;629;52
6726;Mannen;8 jaar;2018;7;684;637;47
6727;Mannen;8 jaar;2019;6;679;623;56
6728;Mannen;8 jaar;2020;6;673;614;59
6729;Mannen;8 jaar;2021;6;665;610;55
6730;Mannen;8 jaar;2022;6;657;608;49
6731;Mannen;8 jaar;2023;5;657;608;49
6732;Mannen;8 jaar;2024;5;651;607;44
6733;Mannen;8 jaar;2025;5;649;608;41
6734;Mannen;8 jaar;2026;5;649;607;42
6735;Mannen;8 jaar;2027;5;646;607;39
6736;Mannen;8 jaar;2028;5;647;606;41
6737;Mannen;8 jaar;2029;4;644;606;38
6738;Mannen;8 jaar;2030;4;641;606;35
6739;Mannen;8 jaar;2031;4;639;605;34
6740;Mannen;8 jaar;2032;4;636;605;31
6741;Mannen;8 jaar;2033;4;635;606;29
6742;Mannen;8 jaar;2034;4;635;605;30
6743;Mannen;8 jaar;2035;3;631;605;26
6744;Mannen;8 jaar;2036;3;630;604;26
6745;Mannen;8 jaar;2037;3;629;604;25
6746;Mannen;8 jaar;2038;3;626;604;22
6747;Mannen;8 jaar;2039;3;624;602;22
6748;Mannen;8 jaar;2040;3;623;601;22
6749;Mannen;8 jaar;2041;3;621;599;22
6750;Mannen;8 jaar;2042;3;621;597;24
6751;Mannen;8 jaar;2043;2;618;595;23
6752;Mannen;8 jaar;2044;2;617;593;24
6753;Mannen;8 jaar;2045;2;614;591;23
6754;Mannen;8 jaar;2046;2;613;589;24
6755;Mannen;8 jaar;2047;2;613;587;26
6756;Mannen;8 jaar;2048;2;611;586;25
6757;Mannen;8 jaar;2049;2;610;584;26
6758;Mannen;8 jaar;2050;2;608;583;25
6759;Mannen;8 jaar;2051;2;608;583;25
6760;Mannen;8 jaar;2052;2;607;582;25
6761;Mannen;8 jaar;2053;2;606;581;25
6762;Mannen;8 jaar;2054;2;604;582;22
6763;Mannen;8 jaar;2055;1;604;582;22
6764;Mannen;8 jaar;2056;1;604;582;22
6765;Mannen;8 jaar;2057;1;603;583;20
6766;Mannen;8 jaar;2058;1;604;583;21
6767;Mannen;8 jaar;2059;1;604;584;20
6768;Mannen;9 jaar;2012;10;650;600;50
6769;Mannen;9 jaar;2013;9;644;587;57
6770;Mannen;9 jaar;2014;9;638;574;64
6771;Mannen;9 jaar;2015;8;641;573;68
6772;Mannen;9 jaar;2016;8;654;569;85
6773;Mannen;9 jaar;2017;8;666;562;104
6774;Mannen;9 jaar;2018;7;670;563;107
6775;Mannen;9 jaar;2019;7;664;569;95
6776;Mannen;9 jaar;2020;7;658;556;102
6777;Mannen;9 jaar;2021;6;652;548;104
6778;Mannen;9 jaar;2022;6;644;544;100
6779;Mannen;9 jaar;2023;6;642;543;99
6780;Mannen;9 jaar;2024;6;640;543;97
6781;Mannen;9 jaar;2025;5;637;542;95
6782;Mannen;9 jaar;2026;5;636;543;93
6783;Mannen;9 jaar;2027;5;633;543;90
6784;Mannen;9 jaar;2028;5;632;542;90
6785;Mannen;9 jaar;2029;5;631;541;90
6786;Mannen;9 jaar;2030;5;630;542;88
6787;Mannen;9 jaar;2031;4;627;541;86
6788;Mannen;9 jaar;2032;4;625;541;84
6789;Mannen;9 jaar;2033;4;621;540;81
6790;Mannen;9 jaar;2034;4;621;541;80
6791;Mannen;9 jaar;2035;4;620;540;80
6792;Mannen;9 jaar;2036;4;617;540;77
6793;Mannen;9 jaar;2037;3;617;539;78
6794;Mannen;9 jaar;2038;3;615;539;76
6795;Mannen;9 jaar;2039;3;614;538;76
6796;Mannen;9 jaar;2040;3;614;537;77
6797;Mannen;9 jaar;2041;3;608;535;73
6798;Mannen;9 jaar;2042;3;609;534;75
6799;Mannen;9 jaar;2043;3;609;532;77
6800;Mannen;9 jaar;2044;3;607;530;77
6801;Mannen;9 jaar;2045;3;606;529;77
6802;Mannen;9 jaar;2046;2;603;527;76
6803;Mannen;9 jaar;2047;2;603;525;78
6804;Mannen;9 jaar;2048;2;602;524;78
6805;Mannen;9 jaar;2049;2;602;522;80
6806;Mannen;9 jaar;2050;2;601;521;80
6807;Mannen;9 jaar;2051;2;600;519;81
6808;Mannen;9 jaar;2052;2;597;519;78
6809;Mannen;9 jaar;2053;2;596;518;78
6810;Mannen;9 jaar;2054;2;596;518;78
6811;Mannen;9 jaar;2055;2;596;518;78
6812;Mannen;9 jaar;2056;2;595;518;77
6813;Mannen;9 jaar;2057;2;595;518;77
6814;Mannen;9 jaar;2058;1;594;518;76
6815;Mannen;9 jaar;2059;1;596;519;77
6816;Mannen;10 jaar;2012;11;595;524;71
6817;Mannen;10 jaar;2013;10;593;518;75
6818;Mannen;10 jaar;2014;9;587;510;77
6819;Mannen;10 jaar;2015;9;592;500;92
6820;Mannen;10 jaar;2016;8;599;499;100
6821;Mannen;10 jaar;2017;8;611;493;118
6822;Mannen;10 jaar;2018;8;613;497;116
6823;Mannen;10 jaar;2019;8;610;498;112
6824;Mannen;10 jaar;2020;7;602;503;99
6825;Mannen;10 jaar;2021;7;597;492;105
6826;Mannen;10 jaar;2022;6;591;485;106
6827;Mannen;10 jaar;2023;6;589;483;106
6828;Mannen;10 jaar;2024;6;588;482;106
6829;Mannen;10 jaar;2025;6;584;483;101
6830;Mannen;10 jaar;2026;6;584;483;101
6831;Mannen;10 jaar;2027;5;583;484;99
6832;Mannen;10 jaar;2028;5;584;484;100
6833;Mannen;10 jaar;2029;5;580;484;96
6834;Mannen;10 jaar;2030;5;580;484;96
6835;Mannen;10 jaar;2031;5;578;484;94
6836;Mannen;10 jaar;2032;5;574;484;90
6837;Mannen;10 jaar;2033;4;573;484;89
6838;Mannen;10 jaar;2034;4;573;485;88
6839;Mannen;10 jaar;2035;4;571;485;86
6840;Mannen;10 jaar;2036;4;571;486;85
6841;Mannen;10 jaar;2037;4;568;485;83
6842;Mannen;10 jaar;2038;4;568;485;83
6843;Mannen;10 jaar;2039;4;566;486;80
6844;Mannen;10 jaar;2040;3;564;485;79
6845;Mannen;10 jaar;2041;3;562;484;78
6846;Mannen;10 jaar;2042;3;561;483;78
6847;Mannen;10 jaar;2043;3;560;482;78
6848;Mannen;10 jaar;2044;3;560;481;79
6849;Mannen;10 jaar;2045;3;558;481;77
6850;Mannen;10 jaar;2046;3;556;479;77
6851;Mannen;10 jaar;2047;3;555;478;77
6852;Mannen;10 jaar;2048;2;554;477;77
6853;Mannen;10 jaar;2049;2;554;475;79
6854;Mannen;10 jaar;2050;2;553;475;78
6855;Mannen;10 jaar;2051;2;553;473;80
6856;Mannen;10 jaar;2052;2;551;473;78
6857;Mannen;10 jaar;2053;2;550;473;77
6858;Mannen;10 jaar;2054;2;549;473;76
6859;Mannen;10 jaar;2055;2;549;473;76
6860;Mannen;10 jaar;2056;2;550;473;77
6861;Mannen;10 jaar;2057;2;550;474;76
6862;Mannen;10 jaar;2058;2;549;474;75
6863;Mannen;10 jaar;2059;2;550;475;75
6864;Mannen;11 jaar;2012;11;564;464;100
6865;Mannen;11 jaar;2013;11;564;454;110
6866;Mannen;11 jaar;2014;10;562;452;110
6867;Mannen;11 jaar;2015;10;566;447;119
6868;Mannen;11 jaar;2016;9;572;439;133
6869;Mannen;11 jaar;2017;9;585;436;149
6870;Mannen;11 jaar;2018;8;584;440;144
6871;Mannen;11 jaar;2019;8;584;444;140
6872;Mannen;11 jaar;2020;8;575;444;131
6873;Mannen;11 jaar;2021;7;569;447;122
6874;Mannen;11 jaar;2022;7;566;438;128
6875;Mannen;11 jaar;2023;7;564;433;131
6876;Mannen;11 jaar;2024;6;561;432;129
6877;Mannen;11 jaar;2025;6;560;431;129
6878;Mannen;11 jaar;2026;6;559;433;126
6879;Mannen;11 jaar;2027;6;559;433;126
6880;Mannen;11 jaar;2028;6;555;434;121
6881;Mannen;11 jaar;2029;6;555;435;120
6882;Mannen;11 jaar;2030;5;555;435;120
6883;Mannen;11 jaar;2031;5;554;436;118
6884;Mannen;11 jaar;2032;5;553;435;118
6885;Mannen;11 jaar;2033;5;551;436;115
6886;Mannen;11 jaar;2034;5;550;437;113
6887;Mannen;11 jaar;2035;5;548;437;111
6888;Mannen;11 jaar;2036;5;548;438;110
6889;Mannen;11 jaar;2037;4;547;439;108
6890;Mannen;11 jaar;2038;4;545;439;106
6891;Mannen;11 jaar;2039;4;544;439;105
6892;Mannen;11 jaar;2040;4;544;440;104
6893;Mannen;11 jaar;2041;4;541;440;101
6894;Mannen;11 jaar;2042;4;539;440;99
6895;Mannen;11 jaar;2043;4;537;439;98
6896;Mannen;11 jaar;2044;3;535;439;96
6897;Mannen;11 jaar;2045;3;533;438;95
6898;Mannen;11 jaar;2046;3;533;438;95
6899;Mannen;11 jaar;2047;3;533;437;96
6900;Mannen;11 jaar;2048;3;534;436;98
6901;Mannen;11 jaar;2049;3;532;435;97
6902;Mannen;11 jaar;2050;3;530;435;95
6903;Mannen;11 jaar;2051;2;531;434;97
6904;Mannen;11 jaar;2052;2;531;434;97
6905;Mannen;11 jaar;2053;2;531;433;98
6906;Mannen;11 jaar;2054;2;531;433;98
6907;Mannen;11 jaar;2055;2;529;434;95
6908;Mannen;11 jaar;2056;2;529;435;94
6909;Mannen;11 jaar;2057;2;529;435;94
6910;Mannen;11 jaar;2058;2;529;435;94
6911;Mannen;11 jaar;2059;2;528;437;91
6912;Mannen;12 jaar;2012;12;552;436;116
6913;Mannen;12 jaar;2013;12;549;412;137
6914;Mannen;12 jaar;2014;11;551;406;145
6915;Mannen;12 jaar;2015;11;553;407;146
6916;Mannen;12 jaar;2016;10;563;401;162
6917;Mannen;12 jaar;2017;10;574;391;183
6918;Mannen;12 jaar;2018;9;576;397;179
6919;Mannen;12 jaar;2019;9;573;399;174
6920;Mannen;12 jaar;2020;9;567;402;165
6921;Mannen;12 jaar;2021;8;561;402;159
6922;Mannen;12 jaar;2022;8;556;404;152
6923;Mannen;12 jaar;2023;8;552;397;155
6924;Mannen;12 jaar;2024;7;553;393;160
6925;Mannen;12 jaar;2025;7;552;391;161
6926;Mannen;12 jaar;2026;7;552;392;160
6927;Mannen;12 jaar;2027;7;552;393;159
6928;Mannen;12 jaar;2028;6;550;393;157
6929;Mannen;12 jaar;2029;6;549;394;155
6930;Mannen;12 jaar;2030;6;548;395;153
6931;Mannen;12 jaar;2031;6;548;396;152
6932;Mannen;12 jaar;2032;6;544;395;149
6933;Mannen;12 jaar;2033;6;545;396;149
6934;Mannen;12 jaar;2034;5;544;397;147
6935;Mannen;12 jaar;2035;5;543;397;146
6936;Mannen;12 jaar;2036;5;543;398;145
6937;Mannen;12 jaar;2037;5;541;398;143
6938;Mannen;12 jaar;2038;5;541;399;142
6939;Mannen;12 jaar;2039;5;540;400;140
6940;Mannen;12 jaar;2040;4;539;399;140
6941;Mannen;12 jaar;2041;4;536;400;136
6942;Mannen;12 jaar;2042;4;534;400;134
6943;Mannen;12 jaar;2043;4;533;400;133
6944;Mannen;12 jaar;2044;4;532;400;132
6945;Mannen;12 jaar;2045;4;531;399;132
6946;Mannen;12 jaar;2046;4;531;399;132
6947;Mannen;12 jaar;2047;3;530;398;132
6948;Mannen;12 jaar;2048;3;530;397;133
6949;Mannen;12 jaar;2049;3;529;397;132
6950;Mannen;12 jaar;2050;3;528;396;132
6951;Mannen;12 jaar;2051;3;528;396;132
6952;Mannen;12 jaar;2052;3;528;395;133
6953;Mannen;12 jaar;2053;3;528;395;133
6954;Mannen;12 jaar;2054;3;527;395;132
6955;Mannen;12 jaar;2055;3;526;395;131
6956;Mannen;12 jaar;2056;2;526;395;131
6957;Mannen;12 jaar;2057;2;526;396;130
6958;Mannen;12 jaar;2058;2;525;397;128
6959;Mannen;12 jaar;2059;2;525;398;127
6960;Mannen;13 jaar;2012;13;528;389;139
6961;Mannen;13 jaar;2013;13;531;388;143
6962;Mannen;13 jaar;2014;13;529;369;160
6963;Mannen;13 jaar;2015;12;536;366;170
6964;Mannen;13 jaar;2016;12;544;365;179
6965;Mannen;13 jaar;2017;11;555;358;197
6966;Mannen;13 jaar;2018;10;555;357;198
6967;Mannen;13 jaar;2019;10;551;361;190
6968;Mannen;13 jaar;2020;9;546;362;184
6969;Mannen;13 jaar;2021;9;543;365;178
6970;Mannen;13 jaar;2022;9;538;364;174
6971;Mannen;13 jaar;2023;9;537;366;171
6972;Mannen;13 jaar;2024;8;535;360;175
6973;Mannen;13 jaar;2025;8;534;356;178
6974;Mannen;13 jaar;2026;8;533;356;177
6975;Mannen;13 jaar;2027;7;528;356;172
6976;Mannen;13 jaar;2028;7;529;357;172
6977;Mannen;13 jaar;2029;7;529;357;172
6978;Mannen;13 jaar;2030;7;528;357;171
6979;Mannen;13 jaar;2031;7;528;358;170
6980;Mannen;13 jaar;2032;7;526;359;167
6981;Mannen;13 jaar;2033;6;525;359;166
6982;Mannen;13 jaar;2034;6;523;359;164
6983;Mannen;13 jaar;2035;6;523;360;163
6984;Mannen;13 jaar;2036;6;521;361;160
6985;Mannen;13 jaar;2037;6;519;361;158
6986;Mannen;13 jaar;2038;6;517;361;156
6987;Mannen;13 jaar;2039;5;517;362;155
6988;Mannen;13 jaar;2040;5;517;362;155
6989;Mannen;13 jaar;2041;5;516;363;153
6990;Mannen;13 jaar;2042;5;513;362;151
6991;Mannen;13 jaar;2043;5;513;362;151
6992;Mannen;13 jaar;2044;5;512;363;149
6993;Mannen;13 jaar;2045;4;512;362;150
6994;Mannen;13 jaar;2046;4;511;362;149
6995;Mannen;13 jaar;2047;4;511;361;150
6996;Mannen;13 jaar;2048;4;510;361;149
6997;Mannen;13 jaar;2049;4;510;360;150
6998;Mannen;13 jaar;2050;4;509;360;149
6999;Mannen;13 jaar;2051;3;510;358;152
7000;Mannen;13 jaar;2052;3;509;358;151
7001;Mannen;13 jaar;2053;3;508;358;150
7002;Mannen;13 jaar;2054;3;508;358;150
7003;Mannen;13 jaar;2055;3;508;357;151
7004;Mannen;13 jaar;2056;3;508;358;150
7005;Mannen;13 jaar;2057;3;508;357;151
7006;Mannen;13 jaar;2058;3;508;358;150
7007;Mannen;13 jaar;2059;3;508;359;149
7008;Mannen;14 jaar;2012;15;533;367;166
7009;Mannen;14 jaar;2013;15;536;354;182
7010;Mannen;14 jaar;2014;15;537;356;181
7011;Mannen;14 jaar;2015;14;541;341;200
7012;Mannen;14 jaar;2016;13;550;337;213
7013;Mannen;14 jaar;2017;13;559;335;224
7014;Mannen;14 jaar;2018;12;561;336;225
7015;Mannen;14 jaar;2019;11;559;334;225
7016;Mannen;14 jaar;2020;11;553;337;216
7017;Mannen;14 jaar;2021;10;548;338;210
7018;Mannen;14 jaar;2022;10;544;339;205
7019;Mannen;14 jaar;2023;10;542;339;203
7020;Mannen;14 jaar;2024;10;541;341;200
7021;Mannen;14 jaar;2025;9;540;335;205
7022;Mannen;14 jaar;2026;9;539;332;207
7023;Mannen;14 jaar;2027;8;535;332;203
7024;Mannen;14 jaar;2028;8;535;332;203
7025;Mannen;14 jaar;2029;8;535;332;203
7026;Mannen;14 jaar;2030;8;534;333;201
7027;Mannen;14 jaar;2031;8;532;334;198
7028;Mannen;14 jaar;2032;8;531;334;197
7029;Mannen;14 jaar;2033;7;529;334;195
7030;Mannen;14 jaar;2034;7;529;335;194
7031;Mannen;14 jaar;2035;7;528;336;192
7032;Mannen;14 jaar;2036;7;527;335;192
7033;Mannen;14 jaar;2037;7;523;336;187
7034;Mannen;14 jaar;2038;6;523;336;187
7035;Mannen;14 jaar;2039;6;522;336;186
7036;Mannen;14 jaar;2040;6;521;337;184
7037;Mannen;14 jaar;2041;6;520;337;183
7038;Mannen;14 jaar;2042;6;519;337;182
7039;Mannen;14 jaar;2043;6;518;337;181
7040;Mannen;14 jaar;2044;5;518;337;181
7041;Mannen;14 jaar;2045;5;517;338;179
7042;Mannen;14 jaar;2046;5;515;337;178
7043;Mannen;14 jaar;2047;5;517;336;181
7044;Mannen;14 jaar;2048;5;517;336;181
7045;Mannen;14 jaar;2049;4;517;335;182
7046;Mannen;14 jaar;2050;4;516;335;181
7047;Mannen;14 jaar;2051;4;514;335;179
7048;Mannen;14 jaar;2052;4;513;333;180
7049;Mannen;14 jaar;2053;4;513;333;180
7050;Mannen;14 jaar;2054;4;513;333;180
7051;Mannen;14 jaar;2055;4;513;332;181
7052;Mannen;14 jaar;2056;4;513;333;180
7053;Mannen;14 jaar;2057;3;512;332;180
7054;Mannen;14 jaar;2058;3;512;333;179
7055;Mannen;14 jaar;2059;3;512;333;179
7056;Mannen;15 jaar;2012;17;531;360;171
7057;Mannen;15 jaar;2013;17;534;348;186
7058;Mannen;15 jaar;2014;17;535;338;197
7059;Mannen;15 jaar;2015;17;545;341;204
7060;Mannen;15 jaar;2016;16;551;327;224
7061;Mannen;15 jaar;2017;15;564;322;242
7062;Mannen;15 jaar;2018;15;564;327;237
7063;Mannen;15 jaar;2019;14;561;327;234
7064;Mannen;15 jaar;2020;13;555;325;230
7065;Mannen;15 jaar;2021;13;550;327;223
7066;Mannen;15 jaar;2022;12;545;328;217
7067;Mannen;15 jaar;2023;12;544;329;215
7068;Mannen;15 jaar;2024;12;543;330;213
7069;Mannen;15 jaar;2025;11;539;332;207
7070;Mannen;15 jaar;2026;11;539;326;213
7071;Mannen;15 jaar;2027;10;536;323;213
7072;Mannen;15 jaar;2028;10;535;323;212
7073;Mannen;15 jaar;2029;10;534;323;211
7074;Mannen;15 jaar;2030;9;534;323;211
7075;Mannen;15 jaar;2031;9;534;324;210
7076;Mannen;15 jaar;2032;9;532;324;208
7077;Mannen;15 jaar;2033;9;530;325;205
7078;Mannen;15 jaar;2034;9;528;326;202
7079;Mannen;15 jaar;2035;8;527;325;202
7080;Mannen;15 jaar;2036;8;527;326;201
7081;Mannen;15 jaar;2037;8;526;327;199
7082;Mannen;15 jaar;2038;8;526;327;199
7083;Mannen;15 jaar;2039;8;522;327;195
7084;Mannen;15 jaar;2040;7;521;328;193
7085;Mannen;15 jaar;2041;7;521;328;193
7086;Mannen;15 jaar;2042;7;519;328;191
7087;Mannen;15 jaar;2043;7;518;328;190
7088;Mannen;15 jaar;2044;7;518;328;190
7089;Mannen;15 jaar;2045;6;518;327;191
7090;Mannen;15 jaar;2046;6;516;328;188
7091;Mannen;15 jaar;2047;6;516;327;189
7092;Mannen;15 jaar;2048;6;515;327;188
7093;Mannen;15 jaar;2049;6;514;327;187
7094;Mannen;15 jaar;2050;5;513;326;187
7095;Mannen;15 jaar;2051;5;513;325;188
7096;Mannen;15 jaar;2052;5;511;324;187
7097;Mannen;15 jaar;2053;5;511;324;187
7098;Mannen;15 jaar;2054;5;509;324;185
7099;Mannen;15 jaar;2055;5;509;323;186
7100;Mannen;15 jaar;2056;4;509;324;185
7101;Mannen;15 jaar;2057;4;508;323;185
7102;Mannen;15 jaar;2058;4;508;323;185
7103;Mannen;15 jaar;2059;4;507;323;184
7104;Mannen;16 jaar;2012;21;591;340;251
7105;Mannen;16 jaar;2013;20;599;329;270
7106;Mannen;16 jaar;2014;20;601;320;281
7107;Mannen;16 jaar;2015;20;611;313;298
7108;Mannen;16 jaar;2016;20;624;315;309
7109;Mannen;16 jaar;2017;19;637;302;335
7110;Mannen;16 jaar;2018;18;638;303;335
7111;Mannen;16 jaar;2019;18;635;307;328
7112;Mannen;16 jaar;2020;16;630;306;324
7113;Mannen;16 jaar;2021;15;627;304;323
7114;Mannen;16 jaar;2022;15;621;306;315
7115;Mannen;16 jaar;2023;14;621;307;314
7116;Mannen;16 jaar;2024;14;619;310;309
7117;Mannen;16 jaar;2025;14;620;310;310
7118;Mannen;16 jaar;2026;13;619;311;308
7119;Mannen;16 jaar;2027;13;614;307;307
7120;Mannen;16 jaar;2028;12;614;305;309
7121;Mannen;16 jaar;2029;12;615;304;311
7122;Mannen;16 jaar;2030;11;615;304;311
7123;Mannen;16 jaar;2031;11;611;304;307
7124;Mannen;16 jaar;2032;11;610;305;305
7125;Mannen;16 jaar;2033;11;608;306;302
7126;Mannen;16 jaar;2034;11;607;307;300
7127;Mannen;16 jaar;2035;10;605;307;298
7128;Mannen;16 jaar;2036;10;605;307;298
7129;Mannen;16 jaar;2037;10;602;308;294
7130;Mannen;16 jaar;2038;10;601;308;293
7131;Mannen;16 jaar;2039;9;600;309;291
7132;Mannen;16 jaar;2040;9;600;309;291
7133;Mannen;16 jaar;2041;9;600;309;291
7134;Mannen;16 jaar;2042;9;597;309;288
7135;Mannen;16 jaar;2043;8;596;310;286
7136;Mannen;16 jaar;2044;8;596;310;286
7137;Mannen;16 jaar;2045;8;595;310;285
7138;Mannen;16 jaar;2046;8;595;310;285
7139;Mannen;16 jaar;2047;8;595;311;284
7140;Mannen;16 jaar;2048;7;594;310;284
7141;Mannen;16 jaar;2049;7;594;309;285
7142;Mannen;16 jaar;2050;7;591;310;281
7143;Mannen;16 jaar;2051;7;591;310;281
7144;Mannen;16 jaar;2052;6;591;309;282
7145;Mannen;16 jaar;2053;6;590;308;282
7146;Mannen;16 jaar;2054;6;590;308;282
7147;Mannen;16 jaar;2055;6;590;308;282
7148;Mannen;16 jaar;2056;6;591;308;283
7149;Mannen;16 jaar;2057;5;589;307;282
7150;Mannen;16 jaar;2058;5;589;307;282
7151;Mannen;16 jaar;2059;5;588;307;281
7152;Mannen;17 jaar;2012;25;621;322;299
7153;Mannen;17 jaar;2013;24;629;320;309
7154;Mannen;17 jaar;2014;24;637;312;325
7155;Mannen;17 jaar;2015;24;648;306;342
7156;Mannen;17 jaar;2016;23;661;300;361
7157;Mannen;17 jaar;2017;23;675;301;374
7158;Mannen;17 jaar;2018;22;676;294;382
7159;Mannen;17 jaar;2019;22;676;296;380
7160;Mannen;17 jaar;2020;21;668;300;368
7161;Mannen;17 jaar;2021;20;663;300;363
7162;Mannen;17 jaar;2022;19;660;298;362
7163;Mannen;17 jaar;2023;18;659;300;359
7164;Mannen;17 jaar;2024;17;659;302;357
7165;Mannen;17 jaar;2025;17;657;304;353
7166;Mannen;17 jaar;2026;16;655;304;351
7167;Mannen;17 jaar;2027;16;653;306;347
7168;Mannen;17 jaar;2028;15;654;302;352
7169;Mannen;17 jaar;2029;14;653;299;354
7170;Mannen;17 jaar;2030;14;650;299;351
7171;Mannen;17 jaar;2031;14;649;299;350
7172;Mannen;17 jaar;2032;14;649;300;349
7173;Mannen;17 jaar;2033;13;647;300;347
7174;Mannen;17 jaar;2034;13;645;301;344
7175;Mannen;17 jaar;2035;13;642;302;340
7176;Mannen;17 jaar;2036;13;641;302;339
7177;Mannen;17 jaar;2037;12;641;303;338
7178;Mannen;17 jaar;2038;12;641;303;338
7179;Mannen;17 jaar;2039;12;640;304;336
7180;Mannen;17 jaar;2040;12;638;305;333
7181;Mannen;17 jaar;2041;11;637;305;332
7182;Mannen;17 jaar;2042;11;636;306;330
7183;Mannen;17 jaar;2043;11;636;306;330
7184;Mannen;17 jaar;2044;10;634;306;328
7185;Mannen;17 jaar;2045;10;633;306;327
7186;Mannen;17 jaar;2046;10;632;306;326
7187;Mannen;17 jaar;2047;10;632;307;325
7188;Mannen;17 jaar;2048;9;632;307;325
7189;Mannen;17 jaar;2049;9;632;307;325
7190;Mannen;17 jaar;2050;9;631;307;324
7191;Mannen;17 jaar;2051;9;630;307;323
7192;Mannen;17 jaar;2052;8;627;307;320
7193;Mannen;17 jaar;2053;8;627;307;320
7194;Mannen;17 jaar;2054;8;627;306;321
7195;Mannen;17 jaar;2055;8;627;306;321
7196;Mannen;17 jaar;2056;7;626;306;320
7197;Mannen;17 jaar;2057;7;625;306;319
7198;Mannen;17 jaar;2058;7;624;305;319
7199;Mannen;17 jaar;2059;7;624;306;318
7200;Mannen;18 jaar;2012;31;1234;576;658
7201;Mannen;18 jaar;2013;29;1248;550;698
7202;Mannen;18 jaar;2014;28;1251;550;701
7203;Mannen;18 jaar;2015;28;1267;535;732
7204;Mannen;18 jaar;2016;28;1288;525;763
7205;Mannen;18 jaar;2017;27;1312;512;800
7206;Mannen;18 jaar;2018;27;1317;523;794
7207;Mannen;18 jaar;2019;26;1312;513;799
7208;Mannen;18 jaar;2020;25;1302;515;787
7209;Mannen;18 jaar;2021;25;1293;518;775
7210;Mannen;18 jaar;2022;23;1283;516;767
7211;Mannen;18 jaar;2023;22;1283;514;769
7212;Mannen;18 jaar;2024;21;1282;517;765
7213;Mannen;18 jaar;2025;20;1281;520;761
7214;Mannen;18 jaar;2026;20;1281;524;757
7215;Mannen;18 jaar;2027;20;1277;525;752
7216;Mannen;18 jaar;2028;19;1278;527;751
7217;Mannen;18 jaar;2029;18;1278;520;758
7218;Mannen;18 jaar;2030;17;1276;516;760
7219;Mannen;18 jaar;2031;17;1275;515;760
7220;Mannen;18 jaar;2032;17;1274;516;758
7221;Mannen;18 jaar;2033;16;1273;518;755
7222;Mannen;18 jaar;2034;16;1271;519;752
7223;Mannen;18 jaar;2035;16;1268;521;747
7224;Mannen;18 jaar;2036;15;1266;522;744
7225;Mannen;18 jaar;2037;15;1265;522;743
7226;Mannen;18 jaar;2038;15;1265;523;742
7227;Mannen;18 jaar;2039;15;1264;525;739
7228;Mannen;18 jaar;2040;14;1263;526;737
7229;Mannen;18 jaar;2041;14;1263;526;737
7230;Mannen;18 jaar;2042;14;1261;528;733
7231;Mannen;18 jaar;2043;13;1260;529;731
7232;Mannen;18 jaar;2044;13;1260;529;731
7233;Mannen;18 jaar;2045;13;1260;530;730
7234;Mannen;18 jaar;2046;12;1259;531;728
7235;Mannen;18 jaar;2047;12;1258;532;726
7236;Mannen;18 jaar;2048;12;1259;531;728
7237;Mannen;18 jaar;2049;12;1258;531;727
7238;Mannen;18 jaar;2050;11;1257;531;726
7239;Mannen;18 jaar;2051;11;1256;531;725
7240;Mannen;18 jaar;2052;11;1254;532;722
7241;Mannen;18 jaar;2053;10;1254;531;723
7242;Mannen;18 jaar;2054;10;1254;531;723
7243;Mannen;18 jaar;2055;10;1254;531;723
7244;Mannen;18 jaar;2056;9;1254;530;724
7245;Mannen;18 jaar;2057;9;1254;529;725
7246;Mannen;18 jaar;2058;9;1253;529;724
7247;Mannen;18 jaar;2059;9;1253;530;723
7248;Mannen;19 jaar;2012;36;1731;860;871
7249;Mannen;19 jaar;2013;35;1726;838;888
7250;Mannen;19 jaar;2014;33;1727;809;918
7251;Mannen;19 jaar;2015;33;1747;812;935
7252;Mannen;19 jaar;2016;32;1770;793;977
7253;Mannen;19 jaar;2017;32;1797;781;1016
7254;Mannen;19 jaar;2018;32;1801;779;1022
7255;Mannen;19 jaar;2019;31;1788;792;996
7256;Mannen;19 jaar;2020;30;1774;778;996
7257;Mannen;19 jaar;2021;29;1758;778;980
7258;Mannen;19 jaar;2022;29;1745;780;965
7259;Mannen;19 jaar;2023;27;1743;776;967
7260;Mannen;19 jaar;2024;26;1742;771;971
7261;Mannen;19 jaar;2025;25;1741;774;967
7262;Mannen;19 jaar;2026;24;1741;775;966
7263;Mannen;19 jaar;2027;24;1738;781;957
7264;Mannen;19 jaar;2028;23;1738;782;956
7265;Mannen;19 jaar;2029;22;1739;784;955
7266;Mannen;19 jaar;2030;21;1737;774;963
7267;Mannen;19 jaar;2031;20;1736;767;969
7268;Mannen;19 jaar;2032;20;1736;766;970
7269;Mannen;19 jaar;2033;20;1736;767;969
7270;Mannen;19 jaar;2034;19;1735;769;966
7271;Mannen;19 jaar;2035;19;1733;771;962
7272;Mannen;19 jaar;2036;19;1734;773;961
7273;Mannen;19 jaar;2037;18;1732;774;958
7274;Mannen;19 jaar;2038;18;1732;775;957
7275;Mannen;19 jaar;2039;18;1728;776;952
7276;Mannen;19 jaar;2040;17;1728;778;950
7277;Mannen;19 jaar;2041;17;1728;779;949
7278;Mannen;19 jaar;2042;17;1726;781;945
7279;Mannen;19 jaar;2043;16;1724;781;943
7280;Mannen;19 jaar;2044;16;1723;783;940
7281;Mannen;19 jaar;2045;16;1723;783;940
7282;Mannen;19 jaar;2046;15;1722;784;938
7283;Mannen;19 jaar;2047;15;1722;785;937
7284;Mannen;19 jaar;2048;15;1720;786;934
7285;Mannen;19 jaar;2049;14;1720;786;934
7286;Mannen;19 jaar;2050;14;1720;786;934
7287;Mannen;19 jaar;2051;14;1719;786;933
7288;Mannen;19 jaar;2052;13;1717;785;932
7289;Mannen;19 jaar;2053;13;1717;785;932
7290;Mannen;19 jaar;2054;12;1716;784;932
7291;Mannen;19 jaar;2055;12;1715;783;932
7292;Mannen;19 jaar;2056;12;1715;782;933
7293;Mannen;19 jaar;2057;11;1715;781;934
7294;Mannen;19 jaar;2058;11;1716;780;936
7295;Mannen;19 jaar;2059;11;1717;780;937
7296;Mannen;20 jaar;2012;41;2219;1213;1006
7297;Mannen;20 jaar;2013;40;2205;1158;1047
7298;Mannen;20 jaar;2014;39;2192;1134;1058
7299;Mannen;20 jaar;2015;37;2220;1102;1118
7300;Mannen;20 jaar;2016;36;2254;1102;1152
7301;Mannen;20 jaar;2017;35;2283;1074;1209
7302;Mannen;20 jaar;2018;36;2284;1079;1205
7303;Mannen;20 jaar;2019;35;2270;1076;1194
7304;Mannen;20 jaar;2020;35;2249;1087;1162
7305;Mannen;20 jaar;2021;34;2228;1067;1161
7306;Mannen;20 jaar;2022;33;2211;1064;1147
7307;Mannen;20 jaar;2023;32;2211;1066;1145
7308;Mannen;20 jaar;2024;30;2207;1059;1148
7309;Mannen;20 jaar;2025;29;2205;1053;1152
7310;Mannen;20 jaar;2026;28;2208;1057;1151
7311;Mannen;20 jaar;2027;27;2208;1058;1150
7312;Mannen;20 jaar;2028;27;2207;1065;1142
7313;Mannen;20 jaar;2029;26;2207;1065;1142
7314;Mannen;20 jaar;2030;25;2207;1067;1140
7315;Mannen;20 jaar;2031;24;2207;1055;1152
7316;Mannen;20 jaar;2032;23;2203;1045;1158
7317;Mannen;20 jaar;2033;23;2204;1045;1159
7318;Mannen;20 jaar;2034;22;2203;1046;1157
7319;Mannen;20 jaar;2035;22;2203;1049;1154
7320;Mannen;20 jaar;2036;22;2203;1050;1153
7321;Mannen;20 jaar;2037;21;2203;1052;1151
7322;Mannen;20 jaar;2038;21;2202;1054;1148
7323;Mannen;20 jaar;2039;21;2200;1056;1144
7324;Mannen;20 jaar;2040;20;2200;1057;1143
7325;Mannen;20 jaar;2041;20;2199;1059;1140
7326;Mannen;20 jaar;2042;20;2200;1060;1140
7327;Mannen;20 jaar;2043;19;2200;1062;1138
7328;Mannen;20 jaar;2044;19;2198;1063;1135
7329;Mannen;20 jaar;2045;19;2197;1065;1132
7330;Mannen;20 jaar;2046;18;2195;1066;1129
7331;Mannen;20 jaar;2047;18;2196;1066;1130
7332;Mannen;20 jaar;2048;17;2197;1068;1129
7333;Mannen;20 jaar;2049;17;2195;1068;1127
7334;Mannen;20 jaar;2050;17;2195;1069;1126
7335;Mannen;20 jaar;2051;16;2194;1068;1126
7336;Mannen;20 jaar;2052;16;2193;1068;1125
7337;Mannen;20 jaar;2053;16;2191;1068;1123
7338;Mannen;20 jaar;2054;15;2193;1067;1126
7339;Mannen;20 jaar;2055;15;2192;1066;1126
7340;Mannen;20 jaar;2056;14;2192;1064;1128
7341;Mannen;20 jaar;2057;14;2191;1064;1127
7342;Mannen;20 jaar;2058;14;2191;1062;1129
7343;Mannen;20 jaar;2059;13;2194;1061;1133
7344;Mannen;21 jaar;2012;45;2658;1632;1026
7345;Mannen;21 jaar;2013;44;2635;1595;1040
7346;Mannen;21 jaar;2014;42;2617;1537;1080
7347;Mannen;21 jaar;2015;41;2651;1512;1139
7348;Mannen;21 jaar;2016;40;2692;1472;1220
7349;Mannen;21 jaar;2017;39;2730;1462;1268
7350;Mannen;21 jaar;2018;38;2730;1456;1274
7351;Mannen;21 jaar;2019;39;2717;1461;1256
7352;Mannen;21 jaar;2020;38;2692;1451;1241
7353;Mannen;21 jaar;2021;38;2669;1455;1214
7354;Mannen;21 jaar;2022;37;2646;1429;1217
7355;Mannen;21 jaar;2023;36;2644;1424;1220
7356;Mannen;21 jaar;2024;35;2645;1426;1219
7357;Mannen;21 jaar;2025;33;2645;1418;1227
7358;Mannen;21 jaar;2026;31;2645;1411;1234
7359;Mannen;21 jaar;2027;30;2648;1413;1235
7360;Mannen;21 jaar;2028;29;2650;1413;1237
7361;Mannen;21 jaar;2029;29;2651;1420;1231
7362;Mannen;21 jaar;2030;28;2651;1420;1231
7363;Mannen;21 jaar;2031;28;2653;1419;1234
7364;Mannen;21 jaar;2032;27;2653;1406;1247
7365;Mannen;21 jaar;2033;26;2652;1394;1258
7366;Mannen;21 jaar;2034;25;2650;1393;1257
7367;Mannen;21 jaar;2035;25;2651;1393;1258
7368;Mannen;21 jaar;2036;24;2650;1395;1255
7369;Mannen;21 jaar;2037;24;2651;1397;1254
7370;Mannen;21 jaar;2038;24;2652;1399;1253
7371;Mannen;21 jaar;2039;23;2650;1400;1250
7372;Mannen;21 jaar;2040;23;2650;1401;1249
7373;Mannen;21 jaar;2041;23;2650;1402;1248
7374;Mannen;21 jaar;2042;22;2649;1403;1246
7375;Mannen;21 jaar;2043;22;2647;1404;1243
7376;Mannen;21 jaar;2044;22;2648;1405;1243
7377;Mannen;21 jaar;2045;21;2649;1406;1243
7378;Mannen;21 jaar;2046;21;2648;1407;1241
7379;Mannen;21 jaar;2047;20;2650;1407;1243
7380;Mannen;21 jaar;2048;20;2650;1408;1242
7381;Mannen;21 jaar;2049;20;2650;1408;1242
7382;Mannen;21 jaar;2050;19;2649;1408;1241
7383;Mannen;21 jaar;2051;19;2650;1409;1241
7384;Mannen;21 jaar;2052;18;2650;1407;1243
7385;Mannen;21 jaar;2053;18;2649;1407;1242
7386;Mannen;21 jaar;2054;18;2649;1405;1244
7387;Mannen;21 jaar;2055;17;2648;1404;1244
7388;Mannen;21 jaar;2056;17;2648;1403;1245
7389;Mannen;21 jaar;2057;16;2648;1401;1247
7390;Mannen;21 jaar;2058;16;2648;1399;1249
7391;Mannen;21 jaar;2059;15;2647;1396;1251
7392;Mannen;22 jaar;2012;47;3020;2134;886
7393;Mannen;22 jaar;2013;46;2981;2059;922
7394;Mannen;22 jaar;2014;45;2968;2020;948
7395;Mannen;22 jaar;2015;44;3009;1961;1048
7396;Mannen;22 jaar;2016;43;3048;1931;1117
7397;Mannen;22 jaar;2017;41;3093;1878;1215
7398;Mannen;22 jaar;2018;41;3098;1899;1199
7399;Mannen;22 jaar;2019;40;3081;1889;1192
7400;Mannen;22 jaar;2020;40;3052;1888;1164
7401;Mannen;22 jaar;2021;40;3025;1869;1156
7402;Mannen;22 jaar;2022;40;3001;1866;1135
7403;Mannen;22 jaar;2023;38;3003;1837;1166
7404;Mannen;22 jaar;2024;37;3003;1832;1171
7405;Mannen;22 jaar;2025;37;3005;1832;1173
7406;Mannen;22 jaar;2026;35;3005;1820;1185
7407;Mannen;22 jaar;2027;33;3008;1810;1198
7408;Mannen;22 jaar;2028;32;3009;1811;1198
7409;Mannen;22 jaar;2029;31;3011;1808;1203
7410;Mannen;22 jaar;2030;31;3012;1815;1197
7411;Mannen;22 jaar;2031;30;3014;1813;1201
7412;Mannen;22 jaar;2032;29;3015;1811;1204
7413;Mannen;22 jaar;2033;28;3016;1795;1221
7414;Mannen;22 jaar;2034;27;3017;1781;1236
7415;Mannen;22 jaar;2035;27;3015;1779;1236
7416;Mannen;22 jaar;2036;26;3017;1779;1238
7417;Mannen;22 jaar;2037;26;3018;1780;1238
7418;Mannen;22 jaar;2038;26;3018;1781;1237
7419;Mannen;22 jaar;2039;26;3017;1782;1235
7420;Mannen;22 jaar;2040;25;3017;1783;1234
7421;Mannen;22 jaar;2041;25;3017;1782;1235
7422;Mannen;22 jaar;2042;24;3017;1783;1234
7423;Mannen;22 jaar;2043;24;3017;1783;1234
7424;Mannen;22 jaar;2044;24;3017;1783;1234
7425;Mannen;22 jaar;2045;23;3017;1783;1234
7426;Mannen;22 jaar;2046;23;3017;1784;1233
7427;Mannen;22 jaar;2047;23;3017;1784;1233
7428;Mannen;22 jaar;2048;22;3018;1783;1235
7429;Mannen;22 jaar;2049;22;3019;1783;1236
7430;Mannen;22 jaar;2050;21;3019;1782;1237
7431;Mannen;22 jaar;2051;21;3019;1781;1238
7432;Mannen;22 jaar;2052;21;3019;1781;1238
7433;Mannen;22 jaar;2053;20;3019;1779;1240
7434;Mannen;22 jaar;2054;20;3020;1778;1242
7435;Mannen;22 jaar;2055;19;3020;1775;1245
7436;Mannen;22 jaar;2056;19;3020;1773;1247
7437;Mannen;22 jaar;2057;18;3019;1770;1249
7438;Mannen;22 jaar;2058;18;3017;1766;1251
7439;Mannen;22 jaar;2059;18;3019;1763;1256
7440;Mannen;23 jaar;2012;46;3270;2521;749
7441;Mannen;23 jaar;2013;47;3224;2506;718
7442;Mannen;23 jaar;2014;46;3201;2430;771
7443;Mannen;23 jaar;2015;45;3245;2395;850
7444;Mannen;23 jaar;2016;44;3294;2329;965
7445;Mannen;23 jaar;2017;43;3344;2288;1056
7446;Mannen;23 jaar;2018;42;3349;2270;1079
7447;Mannen;23 jaar;2019;41;3330;2286;1044
7448;Mannen;23 jaar;2020;40;3299;2265;1034
7449;Mannen;23 jaar;2021;41;3273;2256;1017
7450;Mannen;23 jaar;2022;40;3246;2231;1015
7451;Mannen;23 jaar;2023;40;3245;2230;1015
7452;Mannen;23 jaar;2024;39;3249;2202;1047
7453;Mannen;23 jaar;2025;38;3251;2195;1056
7454;Mannen;23 jaar;2026;37;3254;2195;1059
7455;Mannen;23 jaar;2027;35;3256;2179;1077
7456;Mannen;23 jaar;2028;34;3258;2166;1092
7457;Mannen;23 jaar;2029;33;3258;2163;1095
7458;Mannen;23 jaar;2030;32;3261;2158;1103
7459;Mannen;23 jaar;2031;32;3263;2166;1097
7460;Mannen;23 jaar;2032;31;3265;2163;1102
7461;Mannen;23 jaar;2033;30;3265;2161;1104
7462;Mannen;23 jaar;2034;29;3265;2143;1122
7463;Mannen;23 jaar;2035;28;3266;2128;1138
7464;Mannen;23 jaar;2036;28;3267;2124;1143
7465;Mannen;23 jaar;2037;27;3268;2124;1144
7466;Mannen;23 jaar;2038;27;3270;2125;1145
7467;Mannen;23 jaar;2039;27;3269;2125;1144
7468;Mannen;23 jaar;2040;27;3271;2127;1144
7469;Mannen;23 jaar;2041;26;3271;2126;1145
7470;Mannen;23 jaar;2042;26;3272;2125;1147
7471;Mannen;23 jaar;2043;26;3272;2125;1147
7472;Mannen;23 jaar;2044;25;3273;2126;1147
7473;Mannen;23 jaar;2045;25;3274;2125;1149
7474;Mannen;23 jaar;2046;24;3273;2124;1149
7475;Mannen;23 jaar;2047;24;3274;2124;1150
7476;Mannen;23 jaar;2048;24;3272;2123;1149
7477;Mannen;23 jaar;2049;23;3273;2122;1151
7478;Mannen;23 jaar;2050;23;3272;2121;1151
7479;Mannen;23 jaar;2051;23;3273;2120;1153
7480;Mannen;23 jaar;2052;22;3273;2119;1154
7481;Mannen;23 jaar;2053;22;3273;2117;1156
7482;Mannen;23 jaar;2054;21;3274;2114;1160
7483;Mannen;23 jaar;2055;21;3275;2111;1164
7484;Mannen;23 jaar;2056;20;3274;2108;1166
7485;Mannen;23 jaar;2057;20;3275;2105;1170
7486;Mannen;23 jaar;2058;20;3276;2100;1176
7487;Mannen;23 jaar;2059;19;3277;2097;1180
7488;Mannen;24 jaar;2012;46;3359;2811;548
7489;Mannen;24 jaar;2013;46;3315;2737;578
7490;Mannen;24 jaar;2014;47;3290;2722;568
7491;Mannen;24 jaar;2015;46;3340;2657;683
7492;Mannen;24 jaar;2016;45;3392;2624;768
7493;Mannen;24 jaar;2017;43;3444;2554;890
7494;Mannen;24 jaar;2018;43;3449;2561;888
7495;Mannen;24 jaar;2019;41;3432;2535;897
7496;Mannen;24 jaar;2020;41;3403;2539;864
7497;Mannen;24 jaar;2021;40;3374;2510;864
7498;Mannen;24 jaar;2022;41;3347;2498;849
7499;Mannen;24 jaar;2023;40;3347;2478;869
7500;Mannen;24 jaar;2024;40;3351;2481;870
7501;Mannen;24 jaar;2025;39;3353;2455;898
7502;Mannen;24 jaar;2026;38;3353;2449;904
7503;Mannen;24 jaar;2027;37;3356;2447;909
7504;Mannen;24 jaar;2028;35;3359;2428;931
7505;Mannen;24 jaar;2029;34;3362;2413;949
7506;Mannen;24 jaar;2030;33;3363;2409;954
7507;Mannen;24 jaar;2031;32;3364;2402;962
7508;Mannen;24 jaar;2032;32;3364;2411;953
7509;Mannen;24 jaar;2033;31;3364;2408;956
7510;Mannen;24 jaar;2034;31;3366;2404;962
7511;Mannen;24 jaar;2035;29;3369;2387;982
7512;Mannen;24 jaar;2036;28;3370;2372;998
7513;Mannen;24 jaar;2037;28;3371;2369;1002
7514;Mannen;24 jaar;2038;28;3371;2368;1003
7515;Mannen;24 jaar;2039;27;3373;2370;1003
7516;Mannen;24 jaar;2040;27;3373;2370;1003
7517;Mannen;24 jaar;2041;27;3377;2372;1005
7518;Mannen;24 jaar;2042;27;3376;2372;1004
7519;Mannen;24 jaar;2043;26;3375;2373;1002
7520;Mannen;24 jaar;2044;26;3376;2373;1003
7521;Mannen;24 jaar;2045;26;3375;2373;1002
7522;Mannen;24 jaar;2046;25;3376;2372;1004
7523;Mannen;24 jaar;2047;25;3379;2372;1007
7524;Mannen;24 jaar;2048;25;3377;2372;1005
7525;Mannen;24 jaar;2049;24;3378;2371;1007
7526;Mannen;24 jaar;2050;24;3380;2370;1010
7527;Mannen;24 jaar;2051;24;3382;2369;1013
7528;Mannen;24 jaar;2052;23;3382;2367;1015
7529;Mannen;24 jaar;2053;23;3383;2366;1017
7530;Mannen;24 jaar;2054;22;3382;2364;1018
7531;Mannen;24 jaar;2055;22;3381;2362;1019
7532;Mannen;24 jaar;2056;21;3381;2359;1022
7533;Mannen;24 jaar;2057;21;3382;2355;1027
7534;Mannen;24 jaar;2058;21;3381;2351;1030
7535;Mannen;24 jaar;2059;20;3382;2347;1035
7536;Mannen;25 jaar;2012;46;3310;2885;425
7537;Mannen;25 jaar;2013;45;3268;2868;400
7538;Mannen;25 jaar;2014;45;3252;2810;442
7539;Mannen;25 jaar;2015;46;3296;2807;489
7540;Mannen;25 jaar;2016;45;3350;2753;597
7541;Mannen;25 jaar;2017;44;3404;2717;687
7542;Mannen;25 jaar;2018;43;3411;2701;710
7543;Mannen;25 jaar;2019;42;3393;2702;691
7544;Mannen;25 jaar;2020;41;3365;2666;699
7545;Mannen;25 jaar;2021;40;3338;2662;676
7546;Mannen;25 jaar;2022;40;3314;2630;684
7547;Mannen;25 jaar;2023;40;3312;2627;685
7548;Mannen;25 jaar;2024;40;3313;2613;700
7549;Mannen;25 jaar;2025;40;3316;2620;696
7550;Mannen;25 jaar;2026;39;3322;2598;724
7551;Mannen;25 jaar;2027;38;3321;2591;730
7552;Mannen;25 jaar;2028;37;3322;2589;733
7553;Mannen;25 jaar;2029;35;3327;2568;759
7554;Mannen;25 jaar;2030;34;3326;2550;776
7555;Mannen;25 jaar;2031;33;3328;2546;782
7556;Mannen;25 jaar;2032;32;3328;2536;792
7557;Mannen;25 jaar;2033;32;3331;2548;783
7558;Mannen;25 jaar;2034;31;3331;2546;785
7559;Mannen;25 jaar;2035;31;3333;2542;791
7560;Mannen;25 jaar;2036;30;3333;2525;808
7561;Mannen;25 jaar;2037;29;3334;2510;824
7562;Mannen;25 jaar;2038;28;3334;2507;827
7563;Mannen;25 jaar;2039;28;3333;2507;826
7564;Mannen;25 jaar;2040;28;3338;2510;828
7565;Mannen;25 jaar;2041;27;3338;2512;826
7566;Mannen;25 jaar;2042;27;3338;2515;823
7567;Mannen;25 jaar;2043;27;3338;2516;822
7568;Mannen;25 jaar;2044;27;3339;2517;822
7569;Mannen;25 jaar;2045;26;3340;2518;822
7570;Mannen;25 jaar;2046;26;3341;2519;822
7571;Mannen;25 jaar;2047;26;3341;2520;821
7572;Mannen;25 jaar;2048;25;3341;2520;821
7573;Mannen;25 jaar;2049;25;3342;2520;822
7574;Mannen;25 jaar;2050;25;3343;2520;823
7575;Mannen;25 jaar;2051;24;3342;2519;823
7576;Mannen;25 jaar;2052;24;3344;2518;826
7577;Mannen;25 jaar;2053;24;3343;2517;826
7578;Mannen;25 jaar;2054;23;3343;2516;827
7579;Mannen;25 jaar;2055;23;3344;2514;830
7580;Mannen;25 jaar;2056;22;3346;2512;834
7581;Mannen;25 jaar;2057;22;3346;2509;837
7582;Mannen;25 jaar;2058;22;3346;2506;840
7583;Mannen;25 jaar;2059;21;3348;2501;847
7584;Mannen;26 jaar;2012;46;3207;2873;334
7585;Mannen;26 jaar;2013;46;3170;2797;373
7586;Mannen;26 jaar;2014;45;3160;2780;380
7587;Mannen;26 jaar;2015;44;3206;2742;464
7588;Mannen;26 jaar;2016;46;3258;2749;509
7589;Mannen;26 jaar;2017;45;3314;2696;618
7590;Mannen;26 jaar;2018;44;3324;2715;609
7591;Mannen;26 jaar;2019;43;3305;2694;611
7592;Mannen;26 jaar;2020;43;3279;2687;592
7593;Mannen;26 jaar;2021;41;3254;2645;609
7594;Mannen;26 jaar;2022;41;3229;2637;592
7595;Mannen;26 jaar;2023;40;3230;2614;616
7596;Mannen;26 jaar;2024;40;3232;2620;612
7597;Mannen;26 jaar;2025;40;3235;2613;622
7598;Mannen;26 jaar;2026;40;3237;2624;613
7599;Mannen;26 jaar;2027;39;3239;2602;637
7600;Mannen;26 jaar;2028;38;3240;2596;644
7601;Mannen;26 jaar;2029;38;3244;2594;650
7602;Mannen;26 jaar;2030;36;3244;2572;672
7603;Mannen;26 jaar;2031;34;3249;2553;696
7604;Mannen;26 jaar;2032;34;3249;2548;701
7605;Mannen;26 jaar;2033;32;3250;2537;713
7606;Mannen;26 jaar;2034;33;3251;2551;700
7607;Mannen;26 jaar;2035;32;3253;2548;705
7608;Mannen;26 jaar;2036;31;3253;2545;708
7609;Mannen;26 jaar;2037;30;3252;2528;724
7610;Mannen;26 jaar;2038;29;3254;2514;740
7611;Mannen;26 jaar;2039;29;3252;2512;740
7612;Mannen;26 jaar;2040;29;3256;2513;743
7613;Mannen;26 jaar;2041;28;3257;2517;740
7614;Mannen;26 jaar;2042;28;3257;2520;737
7615;Mannen;26 jaar;2043;28;3257;2524;733
7616;Mannen;26 jaar;2044;28;3259;2526;733
7617;Mannen;26 jaar;2045;27;3259;2528;731
7618;Mannen;26 jaar;2046;27;3260;2530;730
7619;Mannen;26 jaar;2047;27;3259;2533;726
7620;Mannen;26 jaar;2048;27;3259;2533;726
7621;Mannen;26 jaar;2049;26;3259;2534;725
7622;Mannen;26 jaar;2050;26;3260;2536;724
7623;Mannen;26 jaar;2051;26;3260;2535;725
7624;Mannen;26 jaar;2052;25;3262;2535;727
7625;Mannen;26 jaar;2053;25;3263;2535;728
7626;Mannen;26 jaar;2054;24;3263;2535;728
7627;Mannen;26 jaar;2055;24;3264;2533;731
7628;Mannen;26 jaar;2056;24;3265;2532;733
7629;Mannen;26 jaar;2057;23;3266;2530;736
7630;Mannen;26 jaar;2058;23;3266;2527;739
7631;Mannen;26 jaar;2059;23;3267;2524;743
7632;Mannen;27 jaar;2012;46;3045;2829;216
7633;Mannen;27 jaar;2013;46;3015;2762;253
7634;Mannen;27 jaar;2014;46;3004;2701;303
7635;Mannen;27 jaar;2015;45;3049;2691;358
7636;Mannen;27 jaar;2016;45;3102;2659;443
7637;Mannen;27 jaar;2017;46;3152;2661;491
7638;Mannen;27 jaar;2018;46;3161;2663;498
7639;Mannen;27 jaar;2019;45;3145;2677;468
7640;Mannen;27 jaar;2020;44;3121;2650;471
7641;Mannen;27 jaar;2021;43;3097;2638;459
7642;Mannen;27 jaar;2022;42;3072;2595;477
7643;Mannen;27 jaar;2023;41;3074;2594;480
7644;Mannen;27 jaar;2024;41;3075;2578;497
7645;Mannen;27 jaar;2025;41;3078;2588;490
7646;Mannen;27 jaar;2026;41;3081;2585;496
7647;Mannen;27 jaar;2027;41;3083;2596;487
7648;Mannen;27 jaar;2028;40;3084;2577;507
7649;Mannen;27 jaar;2029;39;3087;2571;516
7650;Mannen;27 jaar;2030;39;3088;2569;519
7651;Mannen;27 jaar;2031;37;3088;2546;542
7652;Mannen;27 jaar;2032;35;3089;2528;561
7653;Mannen;27 jaar;2033;35;3092;2522;570
7654;Mannen;27 jaar;2034;33;3095;2511;584
7655;Mannen;27 jaar;2035;34;3094;2526;568
7656;Mannen;27 jaar;2036;33;3098;2523;575
7657;Mannen;27 jaar;2037;32;3098;2520;578
7658;Mannen;27 jaar;2038;31;3097;2504;593
7659;Mannen;27 jaar;2039;30;3097;2490;607
7660;Mannen;27 jaar;2040;30;3098;2489;609
7661;Mannen;27 jaar;2041;30;3098;2491;607
7662;Mannen;27 jaar;2042;29;3100;2495;605
7663;Mannen;27 jaar;2043;29;3100;2499;601
7664;Mannen;27 jaar;2044;29;3102;2503;599
7665;Mannen;27 jaar;2045;29;3103;2506;597
7666;Mannen;27 jaar;2046;29;3104;2509;595
7667;Mannen;27 jaar;2047;28;3105;2512;593
7668;Mannen;27 jaar;2048;28;3104;2514;590
7669;Mannen;27 jaar;2049;28;3103;2516;587
7670;Mannen;27 jaar;2050;27;3103;2517;586
7671;Mannen;27 jaar;2051;27;3104;2519;585
7672;Mannen;27 jaar;2052;27;3103;2520;583
7673;Mannen;27 jaar;2053;26;3106;2519;587
7674;Mannen;27 jaar;2054;26;3106;2520;586
7675;Mannen;27 jaar;2055;26;3107;2520;587
7676;Mannen;27 jaar;2056;25;3109;2519;590
7677;Mannen;27 jaar;2057;25;3109;2519;590
7678;Mannen;27 jaar;2058;25;3110;2516;594
7679;Mannen;27 jaar;2059;24;3110;2514;596
7680;Mannen;28 jaar;2012;47;2843;2839;4
7681;Mannen;28 jaar;2013;46;2810;2765;45
7682;Mannen;28 jaar;2014;47;2803;2714;89
7683;Mannen;28 jaar;2015;47;2842;2671;171
7684;Mannen;28 jaar;2016;46;2891;2658;233
7685;Mannen;28 jaar;2017;46;2942;2625;317
7686;Mannen;28 jaar;2018;47;2946;2676;270
7687;Mannen;28 jaar;2019;46;2934;2676;258
7688;Mannen;28 jaar;2020;45;2911;2681;230
7689;Mannen;28 jaar;2021;44;2889;2650;239
7690;Mannen;28 jaar;2022;44;2868;2635;233
7691;Mannen;28 jaar;2023;42;2864;2599;265
7692;Mannen;28 jaar;2024;42;2868;2602;266
7693;Mannen;28 jaar;2025;41;2869;2590;279
7694;Mannen;28 jaar;2026;42;2873;2604;269
7695;Mannen;28 jaar;2027;42;2876;2601;275
7696;Mannen;28 jaar;2028;42;2877;2614;263
7697;Mannen;28 jaar;2029;41;2879;2596;283
7698;Mannen;28 jaar;2030;40;2881;2590;291
7699;Mannen;28 jaar;2031;39;2884;2588;296
7700;Mannen;28 jaar;2032;38;2884;2564;320
7701;Mannen;28 jaar;2033;36;2883;2545;338
7702;Mannen;28 jaar;2034;35;2885;2541;344
7703;Mannen;28 jaar;2035;34;2886;2528;358
7704;Mannen;28 jaar;2036;35;2887;2542;345
7705;Mannen;28 jaar;2037;34;2887;2540;347
7706;Mannen;28 jaar;2038;33;2889;2536;353
7707;Mannen;28 jaar;2039;32;2889;2520;369
7708;Mannen;28 jaar;2040;31;2891;2507;384
7709;Mannen;28 jaar;2041;31;2890;2507;383
7710;Mannen;28 jaar;2042;31;2891;2507;384
7711;Mannen;28 jaar;2043;30;2890;2512;378
7712;Mannen;28 jaar;2044;30;2891;2515;376
7713;Mannen;28 jaar;2045;30;2891;2520;371
7714;Mannen;28 jaar;2046;30;2891;2524;367
7715;Mannen;28 jaar;2047;30;2893;2527;366
7716;Mannen;28 jaar;2048;29;2895;2529;366
7717;Mannen;28 jaar;2049;29;2895;2531;364
7718;Mannen;28 jaar;2050;29;2894;2532;362
7719;Mannen;28 jaar;2051;28;2895;2533;362
7720;Mannen;28 jaar;2052;28;2897;2536;361
7721;Mannen;28 jaar;2053;28;2898;2536;362
7722;Mannen;28 jaar;2054;27;2898;2536;362
7723;Mannen;28 jaar;2055;27;2897;2537;360
7724;Mannen;28 jaar;2056;27;2897;2537;360
7725;Mannen;28 jaar;2057;26;2896;2536;360
7726;Mannen;28 jaar;2058;26;2897;2535;362
7727;Mannen;28 jaar;2059;26;2896;2533;363
7728;Mannen;29 jaar;2012;47;2633;2714;-81
7729;Mannen;29 jaar;2013;47;2604;2743;-139
7730;Mannen;29 jaar;2014;47;2596;2687;-91
7731;Mannen;29 jaar;2015;47;2635;2653;-18
7732;Mannen;29 jaar;2016;47;2682;2616;66
7733;Mannen;29 jaar;2017;47;2726;2596;130
7734;Mannen;29 jaar;2018;46;2735;2613;122
7735;Mannen;29 jaar;2019;48;2721;2661;60
7736;Mannen;29 jaar;2020;47;2701;2655;46
7737;Mannen;29 jaar;2021;46;2683;2653;30
7738;Mannen;29 jaar;2022;45;2662;2620;42
7739;Mannen;29 jaar;2023;45;2663;2614;49
7740;Mannen;29 jaar;2024;43;2668;2583;85
7741;Mannen;29 jaar;2025;43;2667;2587;80
7742;Mannen;29 jaar;2026;42;2671;2578;93
7743;Mannen;29 jaar;2027;43;2671;2594;77
7744;Mannen;29 jaar;2028;43;2673;2594;79
7745;Mannen;29 jaar;2029;43;2676;2607;69
7746;Mannen;29 jaar;2030;42;2677;2590;87
7747;Mannen;29 jaar;2031;41;2678;2584;94
7748;Mannen;29 jaar;2032;40;2679;2581;98
7749;Mannen;29 jaar;2033;38;2683;2557;126
7750;Mannen;29 jaar;2034;37;2682;2538;144
7751;Mannen;29 jaar;2035;36;2685;2533;152
7752;Mannen;29 jaar;2036;35;2687;2520;167
7753;Mannen;29 jaar;2037;35;2688;2535;153
7754;Mannen;29 jaar;2038;35;2685;2532;153
7755;Mannen;29 jaar;2039;34;2687;2528;159
7756;Mannen;29 jaar;2040;33;2688;2513;175
7757;Mannen;29 jaar;2041;32;2687;2499;188
7758;Mannen;29 jaar;2042;32;2690;2498;192
7759;Mannen;29 jaar;2043;31;2691;2500;191
7760;Mannen;29 jaar;2044;31;2691;2505;186
7761;Mannen;29 jaar;2045;31;2693;2508;185
7762;Mannen;29 jaar;2046;31;2692;2513;179
7763;Mannen;29 jaar;2047;30;2693;2517;176
7764;Mannen;29 jaar;2048;30;2693;2520;173
7765;Mannen;29 jaar;2049;30;2692;2523;169
7766;Mannen;29 jaar;2050;30;2692;2525;167
7767;Mannen;29 jaar;2051;29;2693;2527;166
7768;Mannen;29 jaar;2052;29;2691;2528;163
7769;Mannen;29 jaar;2053;29;2693;2530;163
7770;Mannen;29 jaar;2054;28;2694;2531;163
7771;Mannen;29 jaar;2055;28;2693;2531;162
7772;Mannen;29 jaar;2056;28;2697;2531;166
7773;Mannen;29 jaar;2057;27;2697;2531;166
7774;Mannen;29 jaar;2058;27;2700;2530;170
7775;Mannen;29 jaar;2059;27;2699;2529;170
7776;Mannen;30 jaar;2012;49;2421;2559;-138
7777;Mannen;30 jaar;2013;48;2399;2538;-139
7778;Mannen;30 jaar;2014;49;2394;2571;-177
7779;Mannen;30 jaar;2015;48;2430;2533;-103
7780;Mannen;30 jaar;2016;49;2469;2504;-35
7781;Mannen;30 jaar;2017;49;2511;2467;44
7782;Mannen;30 jaar;2018;48;2520;2490;30
7783;Mannen;30 jaar;2019;48;2511;2506;5
7784;Mannen;30 jaar;2020;49;2491;2547;-56
7785;Mannen;30 jaar;2021;48;2475;2537;-62
7786;Mannen;30 jaar;2022;48;2454;2533;-79
7787;Mannen;30 jaar;2023;46;2457;2510;-53
7788;Mannen;30 jaar;2024;46;2456;2507;-51
7789;Mannen;30 jaar;2025;44;2459;2482;-23
7790;Mannen;30 jaar;2026;44;2461;2488;-27
7791;Mannen;30 jaar;2027;44;2463;2481;-18
7792;Mannen;30 jaar;2028;44;2467;2498;-31
7793;Mannen;30 jaar;2029;44;2468;2500;-32
7794;Mannen;30 jaar;2030;44;2467;2513;-46
7795;Mannen;30 jaar;2031;43;2469;2498;-29
7796;Mannen;30 jaar;2032;42;2469;2492;-23
7797;Mannen;30 jaar;2033;41;2472;2491;-19
7798;Mannen;30 jaar;2034;40;2474;2468;6
7799;Mannen;30 jaar;2035;38;2473;2449;24
7800;Mannen;30 jaar;2036;37;2477;2444;33
7801;Mannen;30 jaar;2037;36;2478;2432;46
7802;Mannen;30 jaar;2038;36;2478;2447;31
7803;Mannen;30 jaar;2039;36;2479;2444;35
7804;Mannen;30 jaar;2040;35;2479;2441;38
7805;Mannen;30 jaar;2041;34;2479;2426;53
7806;Mannen;30 jaar;2042;33;2481;2414;67
7807;Mannen;30 jaar;2043;33;2482;2414;68
7808;Mannen;30 jaar;2044;32;2482;2416;66
7809;Mannen;30 jaar;2045;32;2483;2422;61
7810;Mannen;30 jaar;2046;32;2482;2426;56
7811;Mannen;30 jaar;2047;32;2484;2431;53
7812;Mannen;30 jaar;2048;32;2485;2435;50
7813;Mannen;30 jaar;2049;31;2485;2438;47
7814;Mannen;30 jaar;2050;31;2486;2441;45
7815;Mannen;30 jaar;2051;31;2485;2444;41
7816;Mannen;30 jaar;2052;30;2487;2447;40
7817;Mannen;30 jaar;2053;30;2486;2449;37
7818;Mannen;30 jaar;2054;30;2488;2451;37
7819;Mannen;30 jaar;2055;29;2487;2452;35
7820;Mannen;30 jaar;2056;29;2488;2452;36
7821;Mannen;30 jaar;2057;29;2487;2453;34
7822;Mannen;30 jaar;2058;28;2489;2453;36
7823;Mannen;30 jaar;2059;28;2490;2453;37
7824;Mannen;31 jaar;2012;52;2256;2356;-100
7825;Mannen;31 jaar;2013;50;2234;2370;-136
7826;Mannen;31 jaar;2014;49;2230;2360;-130
7827;Mannen;31 jaar;2015;50;2260;2397;-137
7828;Mannen;31 jaar;2016;50;2301;2360;-59
7829;Mannen;31 jaar;2017;50;2339;2326;13
7830;Mannen;31 jaar;2018;50;2350;2332;18
7831;Mannen;31 jaar;2019;49;2341;2352;-11
7832;Mannen;31 jaar;2020;49;2323;2363;-40
7833;Mannen;31 jaar;2021;51;2309;2395;-86
7834;Mannen;31 jaar;2022;50;2292;2386;-94
7835;Mannen;31 jaar;2023;49;2293;2389;-96
7836;Mannen;31 jaar;2024;48;2297;2371;-74
7837;Mannen;31 jaar;2025;47;2297;2371;-74
7838;Mannen;31 jaar;2026;46;2299;2349;-50
7839;Mannen;31 jaar;2027;45;2299;2356;-57
7840;Mannen;31 jaar;2028;45;2302;2351;-49
7841;Mannen;31 jaar;2029;46;2306;2369;-63
7842;Mannen;31 jaar;2030;45;2307;2372;-65
7843;Mannen;31 jaar;2031;46;2308;2386;-78
7844;Mannen;31 jaar;2032;44;2310;2372;-62
7845;Mannen;31 jaar;2033;43;2312;2369;-57
7846;Mannen;31 jaar;2034;43;2313;2367;-54
7847;Mannen;31 jaar;2035;41;2316;2346;-30
7848;Mannen;31 jaar;2036;39;2318;2329;-11
7849;Mannen;31 jaar;2037;39;2319;2325;-6
7850;Mannen;31 jaar;2038;37;2319;2313;6
7851;Mannen;31 jaar;2039;38;2318;2327;-9
7852;Mannen;31 jaar;2040;37;2319;2326;-7
7853;Mannen;31 jaar;2041;36;2322;2323;-1
7854;Mannen;31 jaar;2042;35;2322;2311;11
7855;Mannen;31 jaar;2043;34;2323;2300;23
7856;Mannen;31 jaar;2044;34;2324;2301;23
7857;Mannen;31 jaar;2045;33;2324;2303;21
7858;Mannen;31 jaar;2046;33;2326;2309;17
7859;Mannen;31 jaar;2047;33;2327;2313;14
7860;Mannen;31 jaar;2048;33;2328;2318;10
7861;Mannen;31 jaar;2049;33;2329;2323;6
7862;Mannen;31 jaar;2050;32;2330;2326;4
7863;Mannen;31 jaar;2051;32;2334;2330;4
7864;Mannen;31 jaar;2052;32;2334;2334;0
7865;Mannen;31 jaar;2053;31;2333;2336;-3
7866;Mannen;31 jaar;2054;31;2333;2339;-6
7867;Mannen;31 jaar;2055;31;2333;2341;-8
7868;Mannen;31 jaar;2056;31;2333;2343;-10
7869;Mannen;31 jaar;2057;30;2332;2344;-12
7870;Mannen;31 jaar;2058;30;2332;2345;-13
7871;Mannen;31 jaar;2059;29;2333;2345;-12
7872;Mannen;32 jaar;2012;55;2083;2232;-149
7873;Mannen;32 jaar;2013;53;2065;2197;-132
7874;Mannen;32 jaar;2014;51;2059;2216;-157
7875;Mannen;32 jaar;2015;50;2089;2215;-126
7876;Mannen;32 jaar;2016;51;2127;2242;-115
7877;Mannen;32 jaar;2017;51;2163;2202;-39
7878;Mannen;32 jaar;2018;51;2170;2209;-39
7879;Mannen;32 jaar;2019;52;2165;2214;-49
7880;Mannen;32 jaar;2020;51;2149;2227;-78
7881;Mannen;32 jaar;2021;50;2133;2233;-100
7882;Mannen;32 jaar;2022;52;2122;2262;-140
7883;Mannen;32 jaar;2023;51;2123;2258;-135
7884;Mannen;32 jaar;2024;50;2125;2262;-137
7885;Mannen;32 jaar;2025;49;2126;2248;-122
7886;Mannen;32 jaar;2026;49;2129;2249;-120
7887;Mannen;32 jaar;2027;47;2130;2230;-100
7888;Mannen;32 jaar;2028;47;2133;2237;-104
7889;Mannen;32 jaar;2029;46;2136;2233;-97
7890;Mannen;32 jaar;2030;47;2138;2250;-112
7891;Mannen;32 jaar;2031;47;2137;2254;-117
7892;Mannen;32 jaar;2032;47;2136;2266;-130
7893;Mannen;32 jaar;2033;46;2140;2255;-115
7894;Mannen;32 jaar;2034;45;2142;2251;-109
7895;Mannen;32 jaar;2035;44;2144;2250;-106
7896;Mannen;32 jaar;2036;42;2150;2232;-82
7897;Mannen;32 jaar;2037;41;2151;2215;-64
7898;Mannen;32 jaar;2038;40;2151;2212;-61
7899;Mannen;32 jaar;2039;38;2151;2201;-50
7900;Mannen;32 jaar;2040;39;2152;2214;-62
7901;Mannen;32 jaar;2041;38;2153;2213;-60
7902;Mannen;32 jaar;2042;37;2153;2211;-58
7903;Mannen;32 jaar;2043;36;2155;2200;-45
7904;Mannen;32 jaar;2044;35;2155;2190;-35
7905;Mannen;32 jaar;2045;35;2155;2191;-36
7906;Mannen;32 jaar;2046;35;2158;2193;-35
7907;Mannen;32 jaar;2047;34;2158;2198;-40
7908;Mannen;32 jaar;2048;34;2159;2203;-44
7909;Mannen;32 jaar;2049;34;2159;2208;-49
7910;Mannen;32 jaar;2050;34;2164;2212;-48
7911;Mannen;32 jaar;2051;33;2163;2216;-53
7912;Mannen;32 jaar;2052;33;2164;2220;-56
7913;Mannen;32 jaar;2053;33;2163;2223;-60
7914;Mannen;32 jaar;2054;33;2164;2225;-61
7915;Mannen;32 jaar;2055;32;2163;2228;-65
7916;Mannen;32 jaar;2056;32;2164;2230;-66
7917;Mannen;32 jaar;2057;32;2163;2231;-68
7918;Mannen;32 jaar;2058;31;2163;2233;-70
7919;Mannen;32 jaar;2059;31;2163;2233;-70
7920;Mannen;33 jaar;2012;56;1890;2077;-187
7921;Mannen;33 jaar;2013;57;1876;2101;-225
7922;Mannen;33 jaar;2014;55;1872;2079;-207
7923;Mannen;33 jaar;2015;53;1900;2100;-200
7924;Mannen;33 jaar;2016;52;1934;2095;-161
7925;Mannen;33 jaar;2017;53;1974;2111;-137
7926;Mannen;33 jaar;2018;53;1981;2110;-129
7927;Mannen;33 jaar;2019;53;1972;2117;-145
7928;Mannen;33 jaar;2020;53;1959;2119;-160
7929;Mannen;33 jaar;2021;53;1946;2127;-181
7930;Mannen;33 jaar;2022;52;1933;2130;-197
7931;Mannen;33 jaar;2023;54;1934;2162;-228
7932;Mannen;33 jaar;2024;53;1935;2161;-226
7933;Mannen;33 jaar;2025;52;1940;2166;-226
7934;Mannen;33 jaar;2026;51;1944;2154;-210
7935;Mannen;33 jaar;2027;50;1946;2156;-210
7936;Mannen;33 jaar;2028;49;1943;2139;-196
7937;Mannen;33 jaar;2029;48;1944;2144;-200
7938;Mannen;33 jaar;2030;48;1946;2142;-196
7939;Mannen;33 jaar;2031;49;1949;2158;-209
7940;Mannen;33 jaar;2032;48;1953;2162;-209
7941;Mannen;33 jaar;2033;48;1953;2175;-222
7942;Mannen;33 jaar;2034;47;1955;2165;-210
7943;Mannen;33 jaar;2035;46;1954;2160;-206
7944;Mannen;33 jaar;2036;46;1955;2160;-205
7945;Mannen;33 jaar;2037;44;1957;2142;-185
7946;Mannen;33 jaar;2038;42;1959;2127;-168
7947;Mannen;33 jaar;2039;41;1959;2123;-164
7948;Mannen;33 jaar;2040;40;1960;2112;-152
7949;Mannen;33 jaar;2041;40;1963;2125;-162
7950;Mannen;33 jaar;2042;40;1962;2125;-163
7951;Mannen;33 jaar;2043;39;1963;2122;-159
7952;Mannen;33 jaar;2044;38;1965;2112;-147
7953;Mannen;33 jaar;2045;37;1965;2103;-138
7954;Mannen;33 jaar;2046;36;1965;2104;-139
7955;Mannen;33 jaar;2047;36;1968;2106;-138
7956;Mannen;33 jaar;2048;36;1969;2111;-142
7957;Mannen;33 jaar;2049;35;1971;2114;-143
7958;Mannen;33 jaar;2050;35;1971;2120;-149
7959;Mannen;33 jaar;2051;35;1970;2123;-153
7960;Mannen;33 jaar;2052;35;1971;2127;-156
7961;Mannen;33 jaar;2053;34;1970;2129;-159
7962;Mannen;33 jaar;2054;34;1972;2133;-161
7963;Mannen;33 jaar;2055;34;1971;2135;-164
7964;Mannen;33 jaar;2056;33;1972;2137;-165
7965;Mannen;33 jaar;2057;33;1974;2139;-165
7966;Mannen;33 jaar;2058;33;1975;2140;-165
7967;Mannen;33 jaar;2059;32;1975;2141;-166
7968;Mannen;34 jaar;2012;60;1741;1959;-218
7969;Mannen;34 jaar;2013;59;1723;1954;-231
7970;Mannen;34 jaar;2014;60;1725;1987;-262
7971;Mannen;34 jaar;2015;58;1750;1974;-224
7972;Mannen;34 jaar;2016;56;1780;1987;-207
7973;Mannen;34 jaar;2017;55;1814;1975;-161
7974;Mannen;34 jaar;2018;55;1823;2020;-197
7975;Mannen;34 jaar;2019;55;1816;2020;-204
7976;Mannen;34 jaar;2020;56;1805;2023;-218
7977;Mannen;34 jaar;2021;56;1792;2021;-229
7978;Mannen;34 jaar;2022;55;1783;2025;-242
7979;Mannen;34 jaar;2023;55;1781;2033;-252
7980;Mannen;34 jaar;2024;56;1784;2065;-281
7981;Mannen;34 jaar;2025;55;1786;2066;-280
7982;Mannen;34 jaar;2026;54;1788;2072;-284
7983;Mannen;34 jaar;2027;53;1789;2061;-272
7984;Mannen;34 jaar;2028;53;1793;2064;-271
7985;Mannen;34 jaar;2029;51;1793;2047;-254
7986;Mannen;34 jaar;2030;50;1794;2053;-259
7987;Mannen;34 jaar;2031;50;1798;2051;-253
7988;Mannen;34 jaar;2032;51;1799;2068;-269
7989;Mannen;34 jaar;2033;50;1799;2073;-274
7990;Mannen;34 jaar;2034;51;1800;2086;-286
7991;Mannen;34 jaar;2035;49;1800;2077;-277
7992;Mannen;34 jaar;2036;48;1802;2073;-271
7993;Mannen;34 jaar;2037;47;1803;2072;-269
7994;Mannen;34 jaar;2038;45;1803;2055;-252
7995;Mannen;34 jaar;2039;44;1804;2041;-237
7996;Mannen;34 jaar;2040;43;1806;2037;-231
7997;Mannen;34 jaar;2041;41;1810;2026;-216
7998;Mannen;34 jaar;2042;42;1812;2039;-227
7999;Mannen;34 jaar;2043;41;1812;2038;-226
8000;Mannen;34 jaar;2044;40;1812;2037;-225
8001;Mannen;34 jaar;2045;39;1813;2027;-214
8002;Mannen;34 jaar;2046;38;1813;2019;-206
8003;Mannen;34 jaar;2047;38;1814;2020;-206
8004;Mannen;34 jaar;2048;37;1815;2022;-207
8005;Mannen;34 jaar;2049;37;1815;2026;-211
8006;Mannen;34 jaar;2050;37;1814;2031;-217
8007;Mannen;34 jaar;2051;36;1816;2035;-219
8008;Mannen;34 jaar;2052;36;1817;2039;-222
8009;Mannen;34 jaar;2053;36;1818;2043;-225
8010;Mannen;34 jaar;2054;36;1819;2046;-227
8011;Mannen;34 jaar;2055;35;1820;2049;-229
8012;Mannen;34 jaar;2056;35;1819;2051;-232
8013;Mannen;34 jaar;2057;34;1820;2053;-233
8014;Mannen;34 jaar;2058;34;1821;2056;-235
8015;Mannen;34 jaar;2059;34;1821;2057;-236
8016;Mannen;35 jaar;2012;63;1661;1837;-176
8017;Mannen;35 jaar;2013;63;1648;1838;-190
8018;Mannen;35 jaar;2014;62;1643;1838;-195
8019;Mannen;35 jaar;2015;63;1670;1877;-207
8020;Mannen;35 jaar;2016;61;1699;1858;-159
8021;Mannen;35 jaar;2017;59;1731;1862;-131
8022;Mannen;35 jaar;2018;58;1739;1881;-142
8023;Mannen;35 jaar;2019;58;1731;1922;-191
8024;Mannen;35 jaar;2020;58;1724;1917;-193
8025;Mannen;35 jaar;2021;59;1714;1916;-202
8026;Mannen;35 jaar;2022;59;1704;1912;-208
8027;Mannen;35 jaar;2023;58;1706;1920;-214
8028;Mannen;35 jaar;2024;57;1705;1928;-223
8029;Mannen;35 jaar;2025;59;1708;1961;-253
8030;Mannen;35 jaar;2026;58;1708;1962;-254
8031;Mannen;35 jaar;2027;57;1712;1969;-257
8032;Mannen;35 jaar;2028;56;1718;1959;-241
8033;Mannen;35 jaar;2029;55;1719;1962;-243
8034;Mannen;35 jaar;2030;53;1720;1947;-227
8035;Mannen;35 jaar;2031;53;1723;1953;-230
8036;Mannen;35 jaar;2032;52;1722;1953;-231
8037;Mannen;35 jaar;2033;53;1724;1971;-247
8038;Mannen;35 jaar;2034;53;1728;1977;-249
8039;Mannen;35 jaar;2035;53;1729;1990;-261
8040;Mannen;35 jaar;2036;51;1732;1982;-250
8041;Mannen;35 jaar;2037;50;1731;1980;-249
8042;Mannen;35 jaar;2038;50;1732;1978;-246
8043;Mannen;35 jaar;2039;47;1734;1962;-228
8044;Mannen;35 jaar;2040;46;1736;1948;-212
8045;Mannen;35 jaar;2041;45;1737;1945;-208
8046;Mannen;35 jaar;2042;43;1738;1936;-198
8047;Mannen;35 jaar;2043;43;1739;1949;-210
8048;Mannen;35 jaar;2044;43;1740;1949;-209
8049;Mannen;35 jaar;2045;42;1742;1948;-206
8050;Mannen;35 jaar;2046;41;1740;1939;-199
8051;Mannen;35 jaar;2047;40;1742;1932;-190
8052;Mannen;35 jaar;2048;39;1743;1933;-190
8053;Mannen;35 jaar;2049;39;1745;1936;-191
8054;Mannen;35 jaar;2050;38;1745;1941;-196
8055;Mannen;35 jaar;2051;38;1746;1945;-199
8056;Mannen;35 jaar;2052;38;1746;1951;-205
8057;Mannen;35 jaar;2053;38;1746;1956;-210
8058;Mannen;35 jaar;2054;37;1748;1960;-212
8059;Mannen;35 jaar;2055;37;1748;1963;-215
8060;Mannen;35 jaar;2056;37;1750;1967;-217
8061;Mannen;35 jaar;2057;36;1750;1969;-219
8062;Mannen;35 jaar;2058;36;1752;1971;-219
8063;Mannen;35 jaar;2059;35;1751;1974;-223
8064;Mannen;36 jaar;2012;69;1544;1724;-180
8065;Mannen;36 jaar;2013;67;1532;1706;-174
8066;Mannen;36 jaar;2014;67;1531;1716;-185
8067;Mannen;36 jaar;2015;66;1551;1721;-170
8068;Mannen;36 jaar;2016;67;1580;1754;-174
8069;Mannen;36 jaar;2017;65;1609;1728;-119
8070;Mannen;36 jaar;2018;62;1616;1758;-142
8071;Mannen;36 jaar;2019;61;1612;1775;-163
8072;Mannen;36 jaar;2020;62;1604;1810;-206
8073;Mannen;36 jaar;2021;62;1593;1803;-210
8074;Mannen;36 jaar;2022;62;1583;1801;-218
8075;Mannen;36 jaar;2023;62;1587;1803;-216
8076;Mannen;36 jaar;2024;61;1586;1811;-225
8077;Mannen;36 jaar;2025;61;1589;1819;-230
8078;Mannen;36 jaar;2026;62;1590;1852;-262
8079;Mannen;36 jaar;2027;61;1594;1854;-260
8080;Mannen;36 jaar;2028;60;1597;1860;-263
8081;Mannen;36 jaar;2029;59;1596;1852;-256
8082;Mannen;36 jaar;2030;58;1599;1857;-258
8083;Mannen;36 jaar;2031;56;1602;1843;-241
8084;Mannen;36 jaar;2032;56;1603;1850;-247
8085;Mannen;36 jaar;2033;55;1604;1851;-247
8086;Mannen;36 jaar;2034;56;1606;1870;-264
8087;Mannen;36 jaar;2035;56;1607;1877;-270
8088;Mannen;36 jaar;2036;56;1609;1891;-282
8089;Mannen;36 jaar;2037;54;1611;1885;-274
8090;Mannen;36 jaar;2038;53;1612;1882;-270
8091;Mannen;36 jaar;2039;52;1614;1882;-268
8092;Mannen;36 jaar;2040;50;1615;1866;-251
8093;Mannen;36 jaar;2041;48;1617;1854;-237
8094;Mannen;36 jaar;2042;47;1619;1851;-232
8095;Mannen;36 jaar;2043;46;1620;1843;-223
8096;Mannen;36 jaar;2044;46;1623;1856;-233
8097;Mannen;36 jaar;2045;45;1622;1856;-234
8098;Mannen;36 jaar;2046;44;1622;1856;-234
8099;Mannen;36 jaar;2047;43;1624;1849;-225
8100;Mannen;36 jaar;2048;42;1625;1841;-216
8101;Mannen;36 jaar;2049;41;1625;1843;-218
8102;Mannen;36 jaar;2050;41;1627;1846;-219
8103;Mannen;36 jaar;2051;40;1628;1852;-224
8104;Mannen;36 jaar;2052;40;1629;1857;-228
8105;Mannen;36 jaar;2053;40;1629;1862;-233
8106;Mannen;36 jaar;2054;39;1631;1866;-235
8107;Mannen;36 jaar;2055;39;1630;1871;-241
8108;Mannen;36 jaar;2056;39;1631;1875;-244
8109;Mannen;36 jaar;2057;38;1630;1879;-249
8110;Mannen;36 jaar;2058;38;1632;1882;-250
8111;Mannen;36 jaar;2059;38;1633;1885;-252
8112;Mannen;37 jaar;2012;76;1418;1594;-176
8113;Mannen;37 jaar;2013;74;1408;1550;-142
8114;Mannen;37 jaar;2014;72;1406;1542;-136
8115;Mannen;37 jaar;2015;72;1426;1558;-132
8116;Mannen;37 jaar;2016;70;1452;1559;-107
8117;Mannen;37 jaar;2017;72;1479;1582;-103
8118;Mannen;37 jaar;2018;69;1488;1585;-97
8119;Mannen;37 jaar;2019;67;1484;1610;-126
8120;Mannen;37 jaar;2020;66;1478;1621;-143
8121;Mannen;37 jaar;2021;66;1469;1648;-179
8122;Mannen;37 jaar;2022;66;1460;1642;-182
8123;Mannen;37 jaar;2023;67;1461;1646;-185
8124;Mannen;37 jaar;2024;67;1463;1651;-188
8125;Mannen;37 jaar;2025;65;1463;1659;-196
8126;Mannen;37 jaar;2026;65;1467;1668;-201
8127;Mannen;37 jaar;2027;67;1470;1698;-228
8128;Mannen;37 jaar;2028;66;1472;1701;-229
8129;Mannen;37 jaar;2029;64;1474;1706;-232
8130;Mannen;37 jaar;2030;63;1479;1700;-221
8131;Mannen;37 jaar;2031;62;1481;1705;-224
8132;Mannen;37 jaar;2032;60;1483;1693;-210
8133;Mannen;37 jaar;2033;60;1483;1699;-216
8134;Mannen;37 jaar;2034;59;1484;1701;-217
8135;Mannen;37 jaar;2035;60;1487;1720;-233
8136;Mannen;37 jaar;2036;59;1491;1727;-236
8137;Mannen;37 jaar;2037;59;1493;1740;-247
8138;Mannen;37 jaar;2038;58;1492;1735;-243
8139;Mannen;37 jaar;2039;57;1493;1732;-239
8140;Mannen;37 jaar;2040;56;1496;1732;-236
8141;Mannen;37 jaar;2041;53;1499;1717;-218
8142;Mannen;37 jaar;2042;51;1499;1705;-206
8143;Mannen;37 jaar;2043;50;1500;1703;-203
8144;Mannen;37 jaar;2044;48;1500;1696;-196
8145;Mannen;37 jaar;2045;49;1504;1708;-204
8146;Mannen;37 jaar;2046;48;1505;1708;-203
8147;Mannen;37 jaar;2047;47;1506;1708;-202
8148;Mannen;37 jaar;2048;45;1506;1700;-194
8149;Mannen;37 jaar;2049;44;1506;1695;-189
8150;Mannen;37 jaar;2050;44;1507;1696;-189
8151;Mannen;37 jaar;2051;43;1509;1699;-190
8152;Mannen;37 jaar;2052;43;1509;1703;-194
8153;Mannen;37 jaar;2053;42;1510;1708;-198
8154;Mannen;37 jaar;2054;42;1513;1714;-201
8155;Mannen;37 jaar;2055;42;1514;1718;-204
8156;Mannen;37 jaar;2056;41;1514;1723;-209
8157;Mannen;37 jaar;2057;41;1513;1726;-213
8158;Mannen;37 jaar;2058;41;1513;1730;-217
8159;Mannen;37 jaar;2059;40;1513;1732;-219
8160;Mannen;38 jaar;2012;87;1351;1487;-136
8161;Mannen;38 jaar;2013;82;1338;1442;-104
8162;Mannen;38 jaar;2014;80;1336;1411;-75
8163;Mannen;38 jaar;2015;77;1357;1409;-52
8164;Mannen;38 jaar;2016;77;1379;1418;-39
8165;Mannen;38 jaar;2017;76;1405;1411;-6
8166;Mannen;38 jaar;2018;77;1417;1455;-38
8167;Mannen;38 jaar;2019;74;1414;1455;-41
8168;Mannen;38 jaar;2020;72;1408;1472;-64
8169;Mannen;38 jaar;2021;70;1400;1478;-78
8170;Mannen;38 jaar;2022;71;1391;1501;-110
8171;Mannen;38 jaar;2023;71;1394;1499;-105
8172;Mannen;38 jaar;2024;71;1395;1505;-110
8173;Mannen;38 jaar;2025;71;1396;1510;-114
8174;Mannen;38 jaar;2026;70;1399;1517;-118
8175;Mannen;38 jaar;2027;69;1403;1526;-123
8176;Mannen;38 jaar;2028;71;1404;1554;-150
8177;Mannen;38 jaar;2029;70;1406;1557;-151
8178;Mannen;38 jaar;2030;69;1407;1561;-154
8179;Mannen;38 jaar;2031;67;1410;1556;-146
8180;Mannen;38 jaar;2032;67;1410;1560;-150
8181;Mannen;38 jaar;2033;64;1412;1548;-136
8182;Mannen;38 jaar;2034;64;1416;1555;-139
8183;Mannen;38 jaar;2035;63;1420;1557;-137
8184;Mannen;38 jaar;2036;64;1421;1575;-154
8185;Mannen;38 jaar;2037;63;1422;1581;-159
8186;Mannen;38 jaar;2038;63;1424;1593;-169
8187;Mannen;38 jaar;2039;62;1424;1588;-164
8188;Mannen;38 jaar;2040;60;1428;1586;-158
8189;Mannen;38 jaar;2041;59;1431;1584;-153
8190;Mannen;38 jaar;2042;57;1433;1571;-138
8191;Mannen;38 jaar;2043;55;1434;1559;-125
8192;Mannen;38 jaar;2044;53;1434;1556;-122
8193;Mannen;38 jaar;2045;52;1436;1548;-112
8194;Mannen;38 jaar;2046;52;1437;1560;-123
8195;Mannen;38 jaar;2047;51;1437;1560;-123
8196;Mannen;38 jaar;2048;50;1439;1560;-121
8197;Mannen;38 jaar;2049;48;1441;1552;-111
8198;Mannen;38 jaar;2050;47;1441;1546;-105
8199;Mannen;38 jaar;2051;46;1444;1547;-103
8200;Mannen;38 jaar;2052;46;1443;1549;-106
8201;Mannen;38 jaar;2053;45;1444;1555;-111
8202;Mannen;38 jaar;2054;45;1445;1559;-114
8203;Mannen;38 jaar;2055;45;1444;1563;-119
8204;Mannen;38 jaar;2056;44;1445;1567;-122
8205;Mannen;38 jaar;2057;44;1445;1571;-126
8206;Mannen;38 jaar;2058;43;1445;1574;-129
8207;Mannen;38 jaar;2059;43;1445;1577;-132
8208;Mannen;39 jaar;2012;98;1281;1434;-153
8209;Mannen;39 jaar;2013;92;1272;1373;-101
8210;Mannen;39 jaar;2014;87;1269;1339;-70
8211;Mannen;39 jaar;2015;85;1287;1317;-30
8212;Mannen;39 jaar;2016;82;1309;1309;0
8213;Mannen;39 jaar;2017;82;1333;1310;23
8214;Mannen;39 jaar;2018;81;1344;1324;20
8215;Mannen;39 jaar;2019;82;1343;1364;-21
8216;Mannen;39 jaar;2020;79;1336;1361;-25
8217;Mannen;39 jaar;2021;76;1330;1372;-42
8218;Mannen;39 jaar;2022;75;1321;1376;-55
8219;Mannen;39 jaar;2023;75;1327;1400;-73
8220;Mannen;39 jaar;2024;75;1326;1400;-74
8221;Mannen;39 jaar;2025;76;1326;1406;-80
8222;Mannen;39 jaar;2026;76;1327;1412;-85
8223;Mannen;39 jaar;2027;74;1332;1418;-86
8224;Mannen;39 jaar;2028;74;1333;1426;-93
8225;Mannen;39 jaar;2029;76;1336;1453;-117
8226;Mannen;39 jaar;2030;75;1337;1456;-119
8227;Mannen;39 jaar;2031;73;1341;1460;-119
8228;Mannen;39 jaar;2032;71;1342;1454;-112
8229;Mannen;39 jaar;2033;71;1343;1458;-115
8230;Mannen;39 jaar;2034;68;1345;1448;-103
8231;Mannen;39 jaar;2035;67;1347;1454;-107
8232;Mannen;39 jaar;2036;66;1352;1456;-104
8233;Mannen;39 jaar;2037;67;1351;1473;-122
8234;Mannen;39 jaar;2038;67;1352;1480;-128
8235;Mannen;39 jaar;2039;67;1352;1491;-139
8236;Mannen;39 jaar;2040;65;1356;1486;-130
8237;Mannen;39 jaar;2041;64;1358;1484;-126
8238;Mannen;39 jaar;2042;63;1360;1482;-122
8239;Mannen;39 jaar;2043;60;1362;1470;-108
8240;Mannen;39 jaar;2044;58;1362;1459;-97
8241;Mannen;39 jaar;2045;56;1364;1457;-93
8242;Mannen;39 jaar;2046;55;1367;1449;-82
8243;Mannen;39 jaar;2047;55;1366;1460;-94
8244;Mannen;39 jaar;2048;54;1368;1460;-92
8245;Mannen;39 jaar;2049;53;1368;1459;-91
8246;Mannen;39 jaar;2050;51;1371;1452;-81
8247;Mannen;39 jaar;2051;50;1373;1447;-74
8248;Mannen;39 jaar;2052;49;1372;1447;-75
8249;Mannen;39 jaar;2053;48;1374;1449;-75
8250;Mannen;39 jaar;2054;48;1374;1453;-79
8251;Mannen;39 jaar;2055;48;1374;1457;-83
8252;Mannen;39 jaar;2056;47;1374;1461;-87
8253;Mannen;39 jaar;2057;47;1374;1464;-90
8254;Mannen;39 jaar;2058;46;1374;1467;-93
8255;Mannen;39 jaar;2059;46;1374;1471;-97
8256;Mannen;40 jaar;2012;114;1220;1376;-156
8257;Mannen;40 jaar;2013;104;1205;1309;-104
8258;Mannen;40 jaar;2014;98;1206;1263;-57
8259;Mannen;40 jaar;2015;92;1225;1237;-12
8260;Mannen;40 jaar;2016;90;1244;1214;30
8261;Mannen;40 jaar;2017;87;1269;1200;69
8262;Mannen;40 jaar;2018;87;1281;1221;60
8263;Mannen;40 jaar;2019;85;1280;1233;47
8264;Mannen;40 jaar;2020;87;1275;1266;9
8265;Mannen;40 jaar;2021;84;1267;1263;4
8266;Mannen;40 jaar;2022;81;1260;1269;-9
8267;Mannen;40 jaar;2023;79;1266;1276;-10
8268;Mannen;40 jaar;2024;80;1264;1298;-34
8269;Mannen;40 jaar;2025;80;1266;1300;-34
8270;Mannen;40 jaar;2026;80;1268;1306;-38
8271;Mannen;40 jaar;2027;80;1269;1312;-43
8272;Mannen;40 jaar;2028;78;1273;1318;-45
8273;Mannen;40 jaar;2029;78;1276;1325;-49
8274;Mannen;40 jaar;2030;80;1277;1350;-73
8275;Mannen;40 jaar;2031;79;1278;1353;-75
8276;Mannen;40 jaar;2032;77;1282;1357;-75
8277;Mannen;40 jaar;2033;75;1283;1352;-69
8278;Mannen;40 jaar;2034;74;1285;1356;-71
8279;Mannen;40 jaar;2035;72;1287;1347;-60
8280;Mannen;40 jaar;2036;71;1291;1353;-62
8281;Mannen;40 jaar;2037;70;1292;1355;-63
8282;Mannen;40 jaar;2038;71;1293;1372;-79
8283;Mannen;40 jaar;2039;71;1293;1378;-85
8284;Mannen;40 jaar;2040;71;1296;1388;-92
8285;Mannen;40 jaar;2041;69;1298;1384;-86
8286;Mannen;40 jaar;2042;67;1300;1382;-82
8287;Mannen;40 jaar;2043;66;1302;1382;-80
8288;Mannen;40 jaar;2044;63;1301;1369;-68
8289;Mannen;40 jaar;2045;61;1304;1359;-55
8290;Mannen;40 jaar;2046;59;1306;1357;-51
8291;Mannen;40 jaar;2047;57;1306;1351;-45
8292;Mannen;40 jaar;2048;58;1307;1361;-54
8293;Mannen;40 jaar;2049;56;1308;1361;-53
8294;Mannen;40 jaar;2050;55;1311;1361;-50
8295;Mannen;40 jaar;2051;54;1313;1355;-42
8296;Mannen;40 jaar;2052;52;1314;1349;-35
8297;Mannen;40 jaar;2053;51;1314;1350;-36
8298;Mannen;40 jaar;2054;51;1314;1352;-38
8299;Mannen;40 jaar;2055;50;1315;1356;-41
8300;Mannen;40 jaar;2056;50;1316;1360;-44
8301;Mannen;40 jaar;2057;50;1315;1364;-49
8302;Mannen;40 jaar;2058;49;1315;1367;-52
8303;Mannen;40 jaar;2059;49;1316;1370;-54
8304;Mannen;41 jaar;2012;130;1129;1348;-219
8305;Mannen;41 jaar;2013;120;1119;1282;-163
8306;Mannen;41 jaar;2014;109;1115;1227;-112
8307;Mannen;41 jaar;2015;104;1134;1191;-57
8308;Mannen;41 jaar;2016;98;1156;1163;-7
8309;Mannen;41 jaar;2017;95;1176;1135;41
8310;Mannen;41 jaar;2018;92;1185;1141;44
8311;Mannen;41 jaar;2019;92;1185;1161;24
8312;Mannen;41 jaar;2020;90;1181;1169;12
8313;Mannen;41 jaar;2021;92;1177;1198;-21
8314;Mannen;41 jaar;2022;88;1171;1191;-20
8315;Mannen;41 jaar;2023;85;1172;1200;-28
8316;Mannen;41 jaar;2024;83;1172;1206;-34
8317;Mannen;41 jaar;2025;84;1175;1227;-52
8318;Mannen;41 jaar;2026;84;1177;1229;-52
8319;Mannen;41 jaar;2027;84;1178;1235;-57
8320;Mannen;41 jaar;2028;84;1180;1241;-61
8321;Mannen;41 jaar;2029;83;1182;1245;-63
8322;Mannen;41 jaar;2030;82;1184;1253;-69
8323;Mannen;41 jaar;2031;84;1184;1277;-93
8324;Mannen;41 jaar;2032;83;1187;1279;-92
8325;Mannen;41 jaar;2033;81;1191;1283;-92
8326;Mannen;41 jaar;2034;79;1192;1278;-86
8327;Mannen;41 jaar;2035;78;1193;1283;-90
8328;Mannen;41 jaar;2036;76;1198;1274;-76
8329;Mannen;41 jaar;2037;75;1198;1279;-81
8330;Mannen;41 jaar;2038;74;1202;1282;-80
8331;Mannen;41 jaar;2039;75;1201;1298;-97
8332;Mannen;41 jaar;2040;74;1201;1303;-102
8333;Mannen;41 jaar;2041;74;1204;1313;-109
8334;Mannen;41 jaar;2042;72;1207;1310;-103
8335;Mannen;41 jaar;2043;71;1208;1308;-100
8336;Mannen;41 jaar;2044;69;1208;1308;-100
8337;Mannen;41 jaar;2045;66;1210;1296;-86
8338;Mannen;41 jaar;2046;64;1211;1286;-75
8339;Mannen;41 jaar;2047;62;1214;1284;-70
8340;Mannen;41 jaar;2048;60;1214;1278;-64
8341;Mannen;41 jaar;2049;60;1214;1287;-73
8342;Mannen;41 jaar;2050;59;1214;1287;-73
8343;Mannen;41 jaar;2051;58;1215;1288;-73
8344;Mannen;41 jaar;2052;56;1217;1282;-65
8345;Mannen;41 jaar;2053;55;1218;1277;-59
8346;Mannen;41 jaar;2054;54;1220;1278;-58
8347;Mannen;41 jaar;2055;53;1221;1280;-59
8348;Mannen;41 jaar;2056;53;1221;1284;-63
8349;Mannen;41 jaar;2057;52;1221;1288;-67
8350;Mannen;41 jaar;2058;52;1222;1292;-70
8351;Mannen;41 jaar;2059;51;1221;1294;-73
8352;Mannen;42 jaar;2012;146;1074;1347;-273
8353;Mannen;42 jaar;2013;137;1068;1257;-189
8354;Mannen;42 jaar;2014;127;1064;1206;-142
8355;Mannen;42 jaar;2015;116;1081;1160;-79
8356;Mannen;42 jaar;2016;109;1103;1124;-21
8357;Mannen;42 jaar;2017;103;1124;1091;33
8358;Mannen;42 jaar;2018;101;1131;1084;47
8359;Mannen;42 jaar;2019;98;1134;1090;44
8360;Mannen;42 jaar;2020;97;1129;1105;24
8361;Mannen;42 jaar;2021;95;1126;1110;16
8362;Mannen;42 jaar;2022;97;1119;1137;-18
8363;Mannen;42 jaar;2023;93;1121;1133;-12
8364;Mannen;42 jaar;2024;90;1122;1140;-18
8365;Mannen;42 jaar;2025;88;1123;1146;-23
8366;Mannen;42 jaar;2026;89;1130;1166;-36
8367;Mannen;42 jaar;2027;88;1131;1168;-37
8368;Mannen;42 jaar;2028;89;1133;1174;-41
8369;Mannen;42 jaar;2029;89;1135;1178;-43
8370;Mannen;42 jaar;2030;87;1135;1184;-49
8371;Mannen;42 jaar;2031;86;1137;1190;-53
8372;Mannen;42 jaar;2032;88;1139;1212;-73
8373;Mannen;42 jaar;2033;87;1142;1215;-73
8374;Mannen;42 jaar;2034;85;1144;1218;-74
8375;Mannen;42 jaar;2035;83;1145;1215;-70
8376;Mannen;42 jaar;2036;82;1148;1219;-71
8377;Mannen;42 jaar;2037;79;1149;1211;-62
8378;Mannen;42 jaar;2038;78;1153;1216;-63
8379;Mannen;42 jaar;2039;77;1152;1218;-66
8380;Mannen;42 jaar;2040;78;1154;1233;-79
8381;Mannen;42 jaar;2041;78;1156;1239;-83
8382;Mannen;42 jaar;2042;78;1158;1249;-91
8383;Mannen;42 jaar;2043;76;1158;1246;-88
8384;Mannen;42 jaar;2044;74;1159;1244;-85
8385;Mannen;42 jaar;2045;73;1160;1244;-84
8386;Mannen;42 jaar;2046;69;1161;1233;-72
8387;Mannen;42 jaar;2047;67;1165;1224;-59
8388;Mannen;42 jaar;2048;65;1166;1222;-56
8389;Mannen;42 jaar;2049;63;1166;1216;-50
8390;Mannen;42 jaar;2050;63;1166;1226;-60
8391;Mannen;42 jaar;2051;62;1168;1226;-58
8392;Mannen;42 jaar;2052;61;1169;1225;-56
8393;Mannen;42 jaar;2053;59;1170;1220;-50
8394;Mannen;42 jaar;2054;57;1171;1216;-45
8395;Mannen;42 jaar;2055;56;1172;1216;-44
8396;Mannen;42 jaar;2056;56;1172;1218;-46
8397;Mannen;42 jaar;2057;55;1173;1222;-49
8398;Mannen;42 jaar;2058;55;1172;1225;-53
8399;Mannen;42 jaar;2059;54;1173;1230;-57
8400;Mannen;43 jaar;2012;163;1004;1286;-282
8401;Mannen;43 jaar;2013;156;997;1256;-259
8402;Mannen;43 jaar;2014;146;991;1185;-194
8403;Mannen;43 jaar;2015;135;1006;1145;-139
8404;Mannen;43 jaar;2016;123;1026;1096;-70
8405;Mannen;43 jaar;2017;117;1045;1057;-12
8406;Mannen;43 jaar;2018;110;1054;1046;8
8407;Mannen;43 jaar;2019;107;1050;1041;9
8408;Mannen;43 jaar;2020;104;1049;1044;5
8409;Mannen;43 jaar;2021;103;1044;1057;-13
8410;Mannen;43 jaar;2022;101;1039;1061;-22
8411;Mannen;43 jaar;2023;103;1039;1087;-48
8412;Mannen;43 jaar;2024;99;1042;1084;-42
8413;Mannen;43 jaar;2025;95;1043;1091;-48
8414;Mannen;43 jaar;2026;93;1045;1097;-52
8415;Mannen;43 jaar;2027;94;1050;1115;-65
8416;Mannen;43 jaar;2028;94;1049;1118;-69
8417;Mannen;43 jaar;2029;94;1051;1124;-73
8418;Mannen;43 jaar;2030;94;1053;1130;-77
8419;Mannen;43 jaar;2031;92;1057;1135;-78
8420;Mannen;43 jaar;2032;92;1058;1141;-83
8421;Mannen;43 jaar;2033;94;1062;1162;-100
8422;Mannen;43 jaar;2034;92;1064;1164;-100
8423;Mannen;43 jaar;2035;90;1067;1168;-101
8424;Mannen;43 jaar;2036;88;1068;1165;-97
8425;Mannen;43 jaar;2037;87;1070;1169;-99
8426;Mannen;43 jaar;2038;84;1072;1162;-90
8427;Mannen;43 jaar;2039;83;1071;1167;-96
8428;Mannen;43 jaar;2040;82;1073;1170;-97
8429;Mannen;43 jaar;2041;83;1074;1183;-109
8430;Mannen;43 jaar;2042;82;1077;1189;-112
8431;Mannen;43 jaar;2043;82;1078;1199;-121
8432;Mannen;43 jaar;2044;80;1080;1196;-116
8433;Mannen;43 jaar;2045;78;1082;1194;-112
8434;Mannen;43 jaar;2046;77;1080;1194;-114
8435;Mannen;43 jaar;2047;73;1081;1185;-104
8436;Mannen;43 jaar;2048;71;1082;1177;-95
8437;Mannen;43 jaar;2049;69;1085;1175;-90
8438;Mannen;43 jaar;2050;67;1085;1170;-85
8439;Mannen;43 jaar;2051;67;1086;1179;-93
8440;Mannen;43 jaar;2052;66;1086;1179;-93
8441;Mannen;43 jaar;2053;64;1088;1180;-92
8442;Mannen;43 jaar;2054;62;1088;1175;-87
8443;Mannen;43 jaar;2055;60;1090;1171;-81
8444;Mannen;43 jaar;2056;59;1091;1172;-81
8445;Mannen;43 jaar;2057;59;1093;1174;-81
8446;Mannen;43 jaar;2058;58;1093;1178;-85
8447;Mannen;43 jaar;2059;58;1093;1181;-88
8448;Mannen;44 jaar;2012;172;924;1229;-305
8449;Mannen;44 jaar;2013;176;916;1212;-296
8450;Mannen;44 jaar;2014;168;913;1190;-277
8451;Mannen;44 jaar;2015;158;926;1131;-205
8452;Mannen;44 jaar;2016;146;944;1085;-141
8453;Mannen;44 jaar;2017;133;963;1033;-70
8454;Mannen;44 jaar;2018;126;969;1015;-46
8455;Mannen;44 jaar;2019;119;970;1002;-32
8456;Mannen;44 jaar;2020;116;967;996;-29
8457;Mannen;44 jaar;2021;112;963;998;-35
8458;Mannen;44 jaar;2022;112;957;1008;-51
8459;Mannen;44 jaar;2023;109;958;1014;-56
8460;Mannen;44 jaar;2024;111;960;1037;-77
8461;Mannen;44 jaar;2025;107;958;1034;-76
8462;Mannen;44 jaar;2026;103;960;1039;-79
8463;Mannen;44 jaar;2027;101;965;1044;-79
8464;Mannen;44 jaar;2028;102;966;1062;-96
8465;Mannen;44 jaar;2029;101;969;1065;-96
8466;Mannen;44 jaar;2030;102;972;1073;-101
8467;Mannen;44 jaar;2031;101;971;1077;-106
8468;Mannen;44 jaar;2032;99;974;1082;-108
8469;Mannen;44 jaar;2033;99;976;1088;-112
8470;Mannen;44 jaar;2034;101;976;1108;-132
8471;Mannen;44 jaar;2035;99;979;1111;-132
8472;Mannen;44 jaar;2036;97;982;1114;-132
8473;Mannen;44 jaar;2037;95;982;1111;-129
8474;Mannen;44 jaar;2038;94;983;1115;-132
8475;Mannen;44 jaar;2039;90;985;1107;-122
8476;Mannen;44 jaar;2040;89;987;1113;-126
8477;Mannen;44 jaar;2041;88;988;1114;-126
8478;Mannen;44 jaar;2042;89;990;1128;-138
8479;Mannen;44 jaar;2043;88;992;1134;-142
8480;Mannen;44 jaar;2044;88;994;1143;-149
8481;Mannen;44 jaar;2045;86;993;1140;-147
8482;Mannen;44 jaar;2046;84;995;1139;-144
8483;Mannen;44 jaar;2047;82;997;1139;-142
8484;Mannen;44 jaar;2048;79;998;1129;-131
8485;Mannen;44 jaar;2049;76;997;1122;-125
8486;Mannen;44 jaar;2050;74;999;1120;-121
8487;Mannen;44 jaar;2051;71;999;1115;-116
8488;Mannen;44 jaar;2052;72;999;1124;-125
8489;Mannen;44 jaar;2053;70;999;1124;-125
8490;Mannen;44 jaar;2054;68;1001;1124;-123
8491;Mannen;44 jaar;2055;66;1002;1120;-118
8492;Mannen;44 jaar;2056;65;1003;1116;-113
8493;Mannen;44 jaar;2057;64;1004;1117;-113
8494;Mannen;44 jaar;2058;63;1003;1119;-116
8495;Mannen;44 jaar;2059;62;1004;1121;-117
8496;Mannen;45 jaar;2012;190;874;1121;-247
8497;Mannen;45 jaar;2013;187;867;1124;-257
8498;Mannen;45 jaar;2014;192;866;1119;-253
8499;Mannen;45 jaar;2015;183;879;1103;-224
8500;Mannen;45 jaar;2016;172;896;1044;-148
8501;Mannen;45 jaar;2017;160;915;995;-80
8502;Mannen;45 jaar;2018;145;921;963;-42
8503;Mannen;45 jaar;2019;138;919;946;-27
8504;Mannen;45 jaar;2020;130;918;931;-13
8505;Mannen;45 jaar;2021;127;915;923;-8
8506;Mannen;45 jaar;2022;123;910;924;-14
8507;Mannen;45 jaar;2023;122;911;934;-23
8508;Mannen;45 jaar;2024;119;913;939;-26
8509;Mannen;45 jaar;2025;121;913;960;-47
8510;Mannen;45 jaar;2026;117;915;957;-42
8511;Mannen;45 jaar;2027;112;920;960;-40
8512;Mannen;45 jaar;2028;110;921;964;-43
8513;Mannen;45 jaar;2029;111;925;980;-55
8514;Mannen;45 jaar;2030;110;927;983;-56
8515;Mannen;45 jaar;2031;111;929;990;-61
8516;Mannen;45 jaar;2032;110;930;994;-64
8517;Mannen;45 jaar;2033;108;932;998;-66
8518;Mannen;45 jaar;2034;107;934;1003;-69
8519;Mannen;45 jaar;2035;110;935;1022;-87
8520;Mannen;45 jaar;2036;108;937;1023;-86
8521;Mannen;45 jaar;2037;106;939;1026;-87
8522;Mannen;45 jaar;2038;103;941;1023;-82
8523;Mannen;45 jaar;2039;102;943;1027;-84
8524;Mannen;45 jaar;2040;98;945;1019;-74
8525;Mannen;45 jaar;2041;97;947;1024;-77
8526;Mannen;45 jaar;2042;95;949;1025;-76
8527;Mannen;45 jaar;2043;97;950;1039;-89
8528;Mannen;45 jaar;2044;96;950;1043;-93
8529;Mannen;45 jaar;2045;96;951;1052;-101
8530;Mannen;45 jaar;2046;93;953;1048;-95
8531;Mannen;45 jaar;2047;91;954;1047;-93
8532;Mannen;45 jaar;2048;89;954;1047;-93
8533;Mannen;45 jaar;2049;85;955;1038;-83
8534;Mannen;45 jaar;2050;82;955;1031;-76
8535;Mannen;45 jaar;2051;80;956;1029;-73
8536;Mannen;45 jaar;2052;77;956;1025;-69
8537;Mannen;45 jaar;2053;77;958;1032;-74
8538;Mannen;45 jaar;2054;76;958;1032;-74
8539;Mannen;45 jaar;2055;74;961;1033;-72
8540;Mannen;45 jaar;2056;72;960;1029;-69
8541;Mannen;45 jaar;2057;70;959;1025;-66
8542;Mannen;45 jaar;2058;69;961;1025;-64
8543;Mannen;45 jaar;2059;68;960;1027;-67
8544;Mannen;46 jaar;2012;215;806;1115;-309
8545;Mannen;46 jaar;2013;209;797;1064;-267
8546;Mannen;46 jaar;2014;206;798;1074;-276
8547;Mannen;46 jaar;2015;211;809;1074;-265
8548;Mannen;46 jaar;2016;201;821;1054;-233
8549;Mannen;46 jaar;2017;189;839;990;-151
8550;Mannen;46 jaar;2018;176;850;965;-115
8551;Mannen;46 jaar;2019;160;849;934;-85
8552;Mannen;46 jaar;2020;151;845;917;-72
8553;Mannen;46 jaar;2021;142;840;899;-59
8554;Mannen;46 jaar;2022;139;837;892;-55
8555;Mannen;46 jaar;2023;135;838;894;-56
8556;Mannen;46 jaar;2024;134;840;904;-64
8557;Mannen;46 jaar;2025;131;841;909;-68
8558;Mannen;46 jaar;2026;133;842;930;-88
8559;Mannen;46 jaar;2027;128;845;927;-82
8560;Mannen;46 jaar;2028;123;847;930;-83
8561;Mannen;46 jaar;2029;120;849;934;-85
8562;Mannen;46 jaar;2030;121;851;950;-99
8563;Mannen;46 jaar;2031;121;855;953;-98
8564;Mannen;46 jaar;2032;121;854;960;-106
8565;Mannen;46 jaar;2033;121;856;965;-109
8566;Mannen;46 jaar;2034;118;857;968;-111
8567;Mannen;46 jaar;2035;117;859;974;-115
8568;Mannen;46 jaar;2036;120;861;991;-130
8569;Mannen;46 jaar;2037;118;862;994;-132
8570;Mannen;46 jaar;2038;115;864;997;-133
8571;Mannen;46 jaar;2039;113;865;994;-129
8572;Mannen;46 jaar;2040;111;868;997;-129
8573;Mannen;46 jaar;2041;107;867;991;-124
8574;Mannen;46 jaar;2042;106;870;995;-125
8575;Mannen;46 jaar;2043;104;870;997;-127
8576;Mannen;46 jaar;2044;106;872;1010;-138
8577;Mannen;46 jaar;2045;105;873;1014;-141
8578;Mannen;46 jaar;2046;104;873;1023;-150
8579;Mannen;46 jaar;2047;102;874;1021;-147
8580;Mannen;46 jaar;2048;99;877;1019;-142
8581;Mannen;46 jaar;2049;97;879;1019;-140
8582;Mannen;46 jaar;2050;93;879;1011;-132
8583;Mannen;46 jaar;2051;89;882;1004;-122
8584;Mannen;46 jaar;2052;87;881;1003;-122
8585;Mannen;46 jaar;2053;84;883;999;-116
8586;Mannen;46 jaar;2054;84;882;1006;-124
8587;Mannen;46 jaar;2055;83;882;1007;-125
8588;Mannen;46 jaar;2056;81;883;1007;-124
8589;Mannen;46 jaar;2057;78;882;1003;-121
8590;Mannen;46 jaar;2058;76;881;999;-118
8591;Mannen;46 jaar;2059;75;883;1000;-117
8592;Mannen;47 jaar;2012;246;765;1093;-328
8593;Mannen;47 jaar;2013;237;758;1050;-292
8594;Mannen;47 jaar;2014;230;757;1014;-257
8595;Mannen;47 jaar;2015;227;768;1027;-259
8596;Mannen;47 jaar;2016;232;783;1025;-242
8597;Mannen;47 jaar;2017;222;797;1000;-203
8598;Mannen;47 jaar;2018;208;806;958;-152
8599;Mannen;47 jaar;2019;194;809;935;-126
8600;Mannen;47 jaar;2020;176;804;904;-100
8601;Mannen;47 jaar;2021;167;803;886;-83
8602;Mannen;47 jaar;2022;157;798;868;-70
8603;Mannen;47 jaar;2023;154;802;862;-60
8604;Mannen;47 jaar;2024;148;804;864;-60
8605;Mannen;47 jaar;2025;147;805;874;-69
8606;Mannen;47 jaar;2026;144;806;880;-74
8607;Mannen;47 jaar;2027;146;807;899;-92
8608;Mannen;47 jaar;2028;141;809;896;-87
8609;Mannen;47 jaar;2029;135;810;900;-90
8610;Mannen;47 jaar;2030;132;813;903;-90
8611;Mannen;47 jaar;2031;133;811;918;-107
8612;Mannen;47 jaar;2032;133;815;922;-107
8613;Mannen;47 jaar;2033;133;817;928;-111
8614;Mannen;47 jaar;2034;133;819;932;-113
8615;Mannen;47 jaar;2035;130;820;935;-115
8616;Mannen;47 jaar;2036;129;822;941;-119
8617;Mannen;47 jaar;2037;132;824;957;-133
8618;Mannen;47 jaar;2038;130;826;959;-133
8619;Mannen;47 jaar;2039;127;827;961;-134
8620;Mannen;47 jaar;2040;124;829;958;-129
8621;Mannen;47 jaar;2041;122;828;962;-134
8622;Mannen;47 jaar;2042;118;830;956;-126
8623;Mannen;47 jaar;2043;116;831;959;-128
8624;Mannen;47 jaar;2044;114;833;961;-128
8625;Mannen;47 jaar;2045;115;834;972;-138
8626;Mannen;47 jaar;2046;114;836;976;-140
8627;Mannen;47 jaar;2047;114;838;984;-146
8628;Mannen;47 jaar;2048;111;838;982;-144
8629;Mannen;47 jaar;2049;109;842;981;-139
8630;Mannen;47 jaar;2050;106;841;980;-139
8631;Mannen;47 jaar;2051;102;844;972;-128
8632;Mannen;47 jaar;2052;98;843;967;-124
8633;Mannen;47 jaar;2053;95;843;965;-122
8634;Mannen;47 jaar;2054;92;844;961;-117
8635;Mannen;47 jaar;2055;92;843;968;-125
8636;Mannen;47 jaar;2056;90;845;968;-123
8637;Mannen;47 jaar;2057;88;843;968;-125
8638;Mannen;47 jaar;2058;85;843;964;-121
8639;Mannen;47 jaar;2059;83;844;961;-117
8640;Mannen;48 jaar;2012;281;694;1044;-350
8641;Mannen;48 jaar;2013;270;692;1017;-325
8642;Mannen;48 jaar;2014;260;689;985;-296
8643;Mannen;48 jaar;2015;253;698;961;-263
8644;Mannen;48 jaar;2016;249;712;966;-254
8645;Mannen;48 jaar;2017;254;726;959;-233
8646;Mannen;48 jaar;2018;243;729;954;-225
8647;Mannen;48 jaar;2019;228;733;915;-182
8648;Mannen;48 jaar;2020;212;730;891;-161
8649;Mannen;48 jaar;2021;193;725;860;-135
8650;Mannen;48 jaar;2022;183;724;842;-118
8651;Mannen;48 jaar;2023;172;725;827;-102
8652;Mannen;48 jaar;2024;168;728;821;-93
8653;Mannen;48 jaar;2025;163;730;823;-93
8654;Mannen;48 jaar;2026;161;732;832;-100
8655;Mannen;48 jaar;2027;158;732;836;-104
8656;Mannen;48 jaar;2028;160;731;854;-123
8657;Mannen;48 jaar;2029;154;733;851;-118
8658;Mannen;48 jaar;2030;148;735;854;-119
8659;Mannen;48 jaar;2031;145;736;857;-121
8660;Mannen;48 jaar;2032;146;740;870;-130
8661;Mannen;48 jaar;2033;145;740;873;-133
8662;Mannen;48 jaar;2034;146;741;879;-138
8663;Mannen;48 jaar;2035;145;743;883;-140
8664;Mannen;48 jaar;2036;142;745;885;-140
8665;Mannen;48 jaar;2037;141;748;890;-142
8666;Mannen;48 jaar;2038;144;749;905;-156
8667;Mannen;48 jaar;2039;141;750;907;-157
8668;Mannen;48 jaar;2040;138;752;908;-156
8669;Mannen;48 jaar;2041;135;751;905;-154
8670;Mannen;48 jaar;2042;133;754;908;-154
8671;Mannen;48 jaar;2043;128;756;902;-146
8672;Mannen;48 jaar;2044;126;756;905;-149
8673;Mannen;48 jaar;2045;124;756;906;-150
8674;Mannen;48 jaar;2046;126;758;916;-158
8675;Mannen;48 jaar;2047;125;760;919;-159
8676;Mannen;48 jaar;2048;125;759;926;-167
8677;Mannen;48 jaar;2049;121;760;924;-164
8678;Mannen;48 jaar;2050;118;762;922;-160
8679;Mannen;48 jaar;2051;116;762;922;-160
8680;Mannen;48 jaar;2052;111;764;915;-151
8681;Mannen;48 jaar;2053;106;763;909;-146
8682;Mannen;48 jaar;2054;104;765;908;-143
8683;Mannen;48 jaar;2055;100;766;904;-138
8684;Mannen;48 jaar;2056;100;764;911;-147
8685;Mannen;48 jaar;2057;98;764;911;-147
8686;Mannen;48 jaar;2058;96;764;911;-147
8687;Mannen;48 jaar;2059;93;765;907;-142
8688;Mannen;49 jaar;2012;307;647;930;-283
8689;Mannen;49 jaar;2013;306;644;942;-298
8690;Mannen;49 jaar;2014;294;643;926;-283
8691;Mannen;49 jaar;2015;283;651;904;-253
8692;Mannen;49 jaar;2016;275;664;883;-219
8693;Mannen;49 jaar;2017;271;677;880;-203
8694;Mannen;49 jaar;2018;277;682;893;-211
8695;Mannen;49 jaar;2019;265;684;888;-204
8696;Mannen;49 jaar;2020;248;683;854;-171
8697;Mannen;49 jaar;2021;231;679;832;-153
8698;Mannen;49 jaar;2022;210;677;803;-126
8699;Mannen;49 jaar;2023;199;676;789;-113
8700;Mannen;49 jaar;2024;187;679;777;-98
8701;Mannen;49 jaar;2025;183;681;774;-93
8702;Mannen;49 jaar;2026;177;684;776;-92
8703;Mannen;49 jaar;2027;175;687;786;-99
8704;Mannen;49 jaar;2028;172;686;791;-105
8705;Mannen;49 jaar;2029;174;688;808;-120
8706;Mannen;49 jaar;2030;168;687;807;-120
8707;Mannen;49 jaar;2031;161;691;810;-119
8708;Mannen;49 jaar;2032;157;694;814;-120
8709;Mannen;49 jaar;2033;158;694;827;-133
8710;Mannen;49 jaar;2034;157;695;831;-136
8711;Mannen;49 jaar;2035;158;696;837;-141
8712;Mannen;49 jaar;2036;158;699;843;-144
8713;Mannen;49 jaar;2037;154;700;846;-146
8714;Mannen;49 jaar;2038;153;702;852;-150
8715;Mannen;49 jaar;2039;156;703;866;-163
8716;Mannen;49 jaar;2040;153;704;868;-164
8717;Mannen;49 jaar;2041;150;705;871;-166
8718;Mannen;49 jaar;2042;146;707;869;-162
8719;Mannen;49 jaar;2043;144;708;872;-164
8720;Mannen;49 jaar;2044;139;710;867;-157
8721;Mannen;49 jaar;2045;137;710;870;-160
8722;Mannen;49 jaar;2046;135;711;873;-162
8723;Mannen;49 jaar;2047;136;714;883;-169
8724;Mannen;49 jaar;2048;135;714;888;-174
8725;Mannen;49 jaar;2049;135;715;895;-180
8726;Mannen;49 jaar;2050;131;714;893;-179
8727;Mannen;49 jaar;2051;128;717;892;-175
8728;Mannen;49 jaar;2052;125;716;892;-176
8729;Mannen;49 jaar;2053;120;717;886;-169
8730;Mannen;49 jaar;2054;115;717;880;-163
8731;Mannen;49 jaar;2055;112;718;879;-161
8732;Mannen;49 jaar;2056;108;718;876;-158
8733;Mannen;49 jaar;2057;108;719;882;-163
8734;Mannen;49 jaar;2058;106;718;883;-165
8735;Mannen;49 jaar;2059;104;718;883;-165
8736;Mannen;50 jaar;2012;333;595;868;-273
8737;Mannen;50 jaar;2013;333;591;872;-281
8738;Mannen;50 jaar;2014;331;590;889;-299
8739;Mannen;50 jaar;2015;318;598;878;-280
8740;Mannen;50 jaar;2016;306;611;855;-244
8741;Mannen;50 jaar;2017;298;625;832;-207
8742;Mannen;50 jaar;2018;293;628;845;-217
8743;Mannen;50 jaar;2019;300;630;856;-226
8744;Mannen;50 jaar;2020;287;627;852;-225
8745;Mannen;50 jaar;2021;269;624;821;-197
8746;Mannen;50 jaar;2022;250;621;801;-180
8747;Mannen;50 jaar;2023;227;622;777;-155
8748;Mannen;50 jaar;2024;215;622;765;-143
8749;Mannen;50 jaar;2025;203;624;755;-131
8750;Mannen;50 jaar;2026;198;627;754;-127
8751;Mannen;50 jaar;2027;191;631;756;-125
8752;Mannen;50 jaar;2028;190;631;766;-135
8753;Mannen;50 jaar;2029;186;634;773;-139
8754;Mannen;50 jaar;2030;188;633;789;-156
8755;Mannen;50 jaar;2031;181;635;789;-154
8756;Mannen;50 jaar;2032;174;634;793;-159
8757;Mannen;50 jaar;2033;170;636;797;-161
8758;Mannen;50 jaar;2034;171;638;810;-172
8759;Mannen;50 jaar;2035;170;639;815;-176
8760;Mannen;50 jaar;2036;171;640;822;-182
8761;Mannen;50 jaar;2037;170;639;827;-188
8762;Mannen;50 jaar;2038;167;642;831;-189
8763;Mannen;50 jaar;2039;165;641;837;-196
8764;Mannen;50 jaar;2040;169;645;852;-207
8765;Mannen;50 jaar;2041;166;647;854;-207
8766;Mannen;50 jaar;2042;162;649;857;-208
8767;Mannen;50 jaar;2043;158;649;855;-206
8768;Mannen;50 jaar;2044;156;651;859;-208
8769;Mannen;50 jaar;2045;150;651;855;-204
8770;Mannen;50 jaar;2046;148;652;859;-207
8771;Mannen;50 jaar;2047;145;653;862;-209
8772;Mannen;50 jaar;2048;147;654;873;-219
8773;Mannen;50 jaar;2049;146;656;877;-221
8774;Mannen;50 jaar;2050;145;655;884;-229
8775;Mannen;50 jaar;2051;141;655;883;-228
8776;Mannen;50 jaar;2052;138;656;884;-228
8777;Mannen;50 jaar;2053;135;656;884;-228
8778;Mannen;50 jaar;2054;129;658;878;-220
8779;Mannen;50 jaar;2055;124;658;873;-215
8780;Mannen;50 jaar;2056;121;657;873;-216
8781;Mannen;50 jaar;2057;117;657;870;-213
8782;Mannen;50 jaar;2058;117;657;876;-219
8783;Mannen;50 jaar;2059;114;657;877;-220
8784;Mannen;51 jaar;2012;364;560;805;-245
8785;Mannen;51 jaar;2013;360;560;811;-251
8786;Mannen;51 jaar;2014;360;556;822;-266
8787;Mannen;51 jaar;2015;357;567;842;-275
8788;Mannen;51 jaar;2016;344;576;829;-253
8789;Mannen;51 jaar;2017;331;587;803;-216
8790;Mannen;51 jaar;2018;321;592;797;-205
8791;Mannen;51 jaar;2019;317;593;809;-216
8792;Mannen;51 jaar;2020;324;592;821;-229
8793;Mannen;51 jaar;2021;309;589;814;-225
8794;Mannen;51 jaar;2022;290;588;785;-197
8795;Mannen;51 jaar;2023;270;590;766;-176
8796;Mannen;51 jaar;2024;245;591;743;-152
8797;Mannen;51 jaar;2025;232;592;731;-139
8798;Mannen;51 jaar;2026;219;594;723;-129
8799;Mannen;51 jaar;2027;214;596;721;-125
8800;Mannen;51 jaar;2028;206;599;723;-124
8801;Mannen;51 jaar;2029;205;600;732;-132
8802;Mannen;51 jaar;2030;200;600;738;-138
8803;Mannen;51 jaar;2031;202;600;754;-154
8804;Mannen;51 jaar;2032;195;599;753;-154
8805;Mannen;51 jaar;2033;188;601;756;-155
8806;Mannen;51 jaar;2034;183;604;760;-156
8807;Mannen;51 jaar;2035;184;606;772;-166
8808;Mannen;51 jaar;2036;183;606;777;-171
8809;Mannen;51 jaar;2037;184;607;784;-177
8810;Mannen;51 jaar;2038;183;608;789;-181
8811;Mannen;51 jaar;2039;179;607;793;-186
8812;Mannen;51 jaar;2040;178;610;798;-188
8813;Mannen;51 jaar;2041;181;613;813;-200
8814;Mannen;51 jaar;2042;178;615;815;-200
8815;Mannen;51 jaar;2043;174;615;818;-203
8816;Mannen;51 jaar;2044;170;616;816;-200
8817;Mannen;51 jaar;2045;168;617;819;-202
8818;Mannen;51 jaar;2046;161;617;816;-199
8819;Mannen;51 jaar;2047;159;619;820;-201
8820;Mannen;51 jaar;2048;156;619;822;-203
8821;Mannen;51 jaar;2049;158;620;833;-213
8822;Mannen;51 jaar;2050;157;621;837;-216
8823;Mannen;51 jaar;2051;156;619;844;-225
8824;Mannen;51 jaar;2052;152;621;843;-222
8825;Mannen;51 jaar;2053;148;622;843;-221
8826;Mannen;51 jaar;2054;145;621;843;-222
8827;Mannen;51 jaar;2055;139;623;837;-214
8828;Mannen;51 jaar;2056;133;623;833;-210
8829;Mannen;51 jaar;2057;130;622;832;-210
8830;Mannen;51 jaar;2058;125;622;829;-207
8831;Mannen;51 jaar;2059;125;623;836;-213
8832;Mannen;52 jaar;2012;392;505;769;-264
8833;Mannen;52 jaar;2013;393;504;741;-237
8834;Mannen;52 jaar;2014;388;502;754;-252
8835;Mannen;52 jaar;2015;388;510;767;-257
8836;Mannen;52 jaar;2016;385;521;781;-260
8837;Mannen;52 jaar;2017;370;529;765;-236
8838;Mannen;52 jaar;2018;356;534;755;-221
8839;Mannen;52 jaar;2019;346;536;750;-214
8840;Mannen;52 jaar;2020;341;534;761;-227
8841;Mannen;52 jaar;2021;349;535;772;-237
8842;Mannen;52 jaar;2022;333;533;766;-233
8843;Mannen;52 jaar;2023;313;533;740;-207
8844;Mannen;52 jaar;2024;290;534;724;-190
8845;Mannen;52 jaar;2025;264;534;701;-167
8846;Mannen;52 jaar;2026;250;535;692;-157
8847;Mannen;52 jaar;2027;235;537;683;-146
8848;Mannen;52 jaar;2028;230;538;683;-145
8849;Mannen;52 jaar;2029;222;541;684;-143
8850;Mannen;52 jaar;2030;220;543;694;-151
8851;Mannen;52 jaar;2031;216;543;700;-157
8852;Mannen;52 jaar;2032;218;543;715;-172
8853;Mannen;52 jaar;2033;210;544;715;-171
8854;Mannen;52 jaar;2034;202;545;717;-172
8855;Mannen;52 jaar;2035;197;545;721;-176
8856;Mannen;52 jaar;2036;198;546;734;-188
8857;Mannen;52 jaar;2037;197;550;738;-188
8858;Mannen;52 jaar;2038;198;551;745;-194
8859;Mannen;52 jaar;2039;197;553;751;-198
8860;Mannen;52 jaar;2040;193;553;755;-202
8861;Mannen;52 jaar;2041;191;554;760;-206
8862;Mannen;52 jaar;2042;195;555;775;-220
8863;Mannen;52 jaar;2043;191;555;778;-223
8864;Mannen;52 jaar;2044;187;556;780;-224
8865;Mannen;52 jaar;2045;182;557;780;-223
8866;Mannen;52 jaar;2046;180;558;784;-226
8867;Mannen;52 jaar;2047;173;558;780;-222
8868;Mannen;52 jaar;2048;171;561;784;-223
8869;Mannen;52 jaar;2049;168;561;787;-226
8870;Mannen;52 jaar;2050;170;561;798;-237
8871;Mannen;52 jaar;2051;168;561;803;-242
8872;Mannen;52 jaar;2052;168;562;810;-248
8873;Mannen;52 jaar;2053;163;562;809;-247
8874;Mannen;52 jaar;2054;159;563;809;-246
8875;Mannen;52 jaar;2055;156;564;810;-246
8876;Mannen;52 jaar;2056;148;565;804;-239
8877;Mannen;52 jaar;2057;143;564;800;-236
8878;Mannen;52 jaar;2058;139;564;800;-236
8879;Mannen;52 jaar;2059;134;565;797;-232
8880;Mannen;53 jaar;2012;431;468;680;-212
8881;Mannen;53 jaar;2013;426;466;708;-242
8882;Mannen;53 jaar;2014;427;465;686;-221
8883;Mannen;53 jaar;2015;421;473;703;-230
8884;Mannen;53 jaar;2016;421;481;711;-230
8885;Mannen;53 jaar;2017;418;492;718;-226
8886;Mannen;53 jaar;2018;402;497;717;-220
8887;Mannen;53 jaar;2019;387;496;709;-213
8888;Mannen;53 jaar;2020;376;496;701;-205
8889;Mannen;53 jaar;2021;370;493;713;-220
8890;Mannen;53 jaar;2022;378;495;724;-229
8891;Mannen;53 jaar;2023;361;495;720;-225
8892;Mannen;53 jaar;2024;339;495;696;-201
8893;Mannen;53 jaar;2025;315;495;682;-187
8894;Mannen;53 jaar;2026;286;497;662;-165
8895;Mannen;53 jaar;2027;271;499;653;-154
8896;Mannen;53 jaar;2028;255;500;644;-144
8897;Mannen;53 jaar;2029;249;504;644;-140
8898;Mannen;53 jaar;2030;241;505;647;-142
8899;Mannen;53 jaar;2031;239;507;655;-148
8900;Mannen;53 jaar;2032;234;508;661;-153
8901;Mannen;53 jaar;2033;236;507;675;-168
8902;Mannen;53 jaar;2034;228;507;675;-168
8903;Mannen;53 jaar;2035;218;508;677;-169
8904;Mannen;53 jaar;2036;213;509;681;-172
8905;Mannen;53 jaar;2037;214;511;693;-182
8906;Mannen;53 jaar;2038;213;512;698;-186
8907;Mannen;53 jaar;2039;214;513;705;-192
8908;Mannen;53 jaar;2040;213;513;710;-197
8909;Mannen;53 jaar;2041;208;513;715;-202
8910;Mannen;53 jaar;2042;206;514;721;-207
8911;Mannen;53 jaar;2043;211;515;735;-220
8912;Mannen;53 jaar;2044;207;516;739;-223
8913;Mannen;53 jaar;2045;202;517;741;-224
8914;Mannen;53 jaar;2046;197;519;740;-221
8915;Mannen;53 jaar;2047;194;519;745;-226
8916;Mannen;53 jaar;2048;187;520;741;-221
8917;Mannen;53 jaar;2049;184;520;745;-225
8918;Mannen;53 jaar;2050;181;520;748;-228
8919;Mannen;53 jaar;2051;183;522;760;-238
8920;Mannen;53 jaar;2052;182;522;764;-242
8921;Mannen;53 jaar;2053;181;522;772;-250
8922;Mannen;53 jaar;2054;176;523;771;-248
8923;Mannen;53 jaar;2055;172;523;772;-249
8924;Mannen;53 jaar;2056;168;524;773;-249
8925;Mannen;53 jaar;2057;160;524;767;-243
8926;Mannen;53 jaar;2058;154;525;764;-239
8927;Mannen;53 jaar;2059;150;525;764;-239
8928;Mannen;54 jaar;2012;471;427;623;-196
8929;Mannen;54 jaar;2013;472;426;632;-206
8930;Mannen;54 jaar;2014;466;428;663;-235
8931;Mannen;54 jaar;2015;467;432;647;-215
8932;Mannen;54 jaar;2016;461;441;658;-217
8933;Mannen;54 jaar;2017;461;449;659;-210
8934;Mannen;54 jaar;2018;458;454;679;-225
8935;Mannen;54 jaar;2019;440;456;679;-223
8936;Mannen;54 jaar;2020;423;455;670;-215
8937;Mannen;54 jaar;2021;411;453;661;-208
8938;Mannen;54 jaar;2022;405;452;673;-221
8939;Mannen;54 jaar;2023;414;452;684;-232
8940;Mannen;54 jaar;2024;395;454;680;-226
8941;Mannen;54 jaar;2025;371;453;661;-208
8942;Mannen;54 jaar;2026;345;454;645;-191
8943;Mannen;54 jaar;2027;313;455;627;-172
8944;Mannen;54 jaar;2028;297;457;619;-162
8945;Mannen;54 jaar;2029;279;458;610;-152
8946;Mannen;54 jaar;2030;273;459;608;-149
8947;Mannen;54 jaar;2031;263;463;611;-148
8948;Mannen;54 jaar;2032;261;462;618;-156
8949;Mannen;54 jaar;2033;255;465;623;-158
8950;Mannen;54 jaar;2034;258;467;635;-168
8951;Mannen;54 jaar;2035;249;467;635;-168
8952;Mannen;54 jaar;2036;239;468;636;-168
8953;Mannen;54 jaar;2037;233;467;640;-173
8954;Mannen;54 jaar;2038;234;469;650;-181
8955;Mannen;54 jaar;2039;233;470;655;-185
8956;Mannen;54 jaar;2040;234;470;662;-192
8957;Mannen;54 jaar;2041;233;472;667;-195
8958;Mannen;54 jaar;2042;227;472;671;-199
8959;Mannen;54 jaar;2043;225;472;676;-204
8960;Mannen;54 jaar;2044;230;473;689;-216
8961;Mannen;54 jaar;2045;226;473;692;-219
8962;Mannen;54 jaar;2046;220;473;695;-222
8963;Mannen;54 jaar;2047;215;476;693;-217
8964;Mannen;54 jaar;2048;212;475;697;-222
8965;Mannen;54 jaar;2049;204;475;694;-219
8966;Mannen;54 jaar;2050;201;477;699;-222
8967;Mannen;54 jaar;2051;198;477;702;-225
8968;Mannen;54 jaar;2052;200;477;711;-234
8969;Mannen;54 jaar;2053;198;477;716;-239
8970;Mannen;54 jaar;2054;197;479;723;-244
8971;Mannen;54 jaar;2055;191;479;722;-243
8972;Mannen;54 jaar;2056;187;478;723;-245
8973;Mannen;54 jaar;2057;183;479;723;-244
8974;Mannen;54 jaar;2058;174;479;718;-239
8975;Mannen;54 jaar;2059;168;480;715;-235
8976;Mannen;55 jaar;2012;516;411;553;-142
8977;Mannen;55 jaar;2013;516;407;562;-155
8978;Mannen;55 jaar;2014;518;412;575;-163
8979;Mannen;55 jaar;2015;511;414;605;-191
8980;Mannen;55 jaar;2016;512;423;588;-165
8981;Mannen;55 jaar;2017;505;430;594;-164
8982;Mannen;55 jaar;2018;505;436;608;-172
8983;Mannen;55 jaar;2019;501;438;628;-190
8984;Mannen;55 jaar;2020;482;437;628;-191
8985;Mannen;55 jaar;2021;464;434;620;-186
8986;Mannen;55 jaar;2022;450;432;610;-178
8987;Mannen;55 jaar;2023;444;435;623;-188
8988;Mannen;55 jaar;2024;453;437;634;-197
8989;Mannen;55 jaar;2025;433;437;633;-196
8990;Mannen;55 jaar;2026;406;438;615;-177
8991;Mannen;55 jaar;2027;377;438;601;-163
8992;Mannen;55 jaar;2028;343;439;585;-146
8993;Mannen;55 jaar;2029;325;440;578;-138
8994;Mannen;55 jaar;2030;305;440;569;-129
8995;Mannen;55 jaar;2031;298;445;568;-123
8996;Mannen;55 jaar;2032;288;446;572;-126
8997;Mannen;55 jaar;2033;285;448;578;-130
8998;Mannen;55 jaar;2034;279;448;583;-135
8999;Mannen;55 jaar;2035;282;450;595;-145
9000;Mannen;55 jaar;2036;272;450;595;-145
9001;Mannen;55 jaar;2037;261;450;596;-146
9002;Mannen;55 jaar;2038;254;452;599;-147
9003;Mannen;55 jaar;2039;256;452;610;-158
9004;Mannen;55 jaar;2040;254;455;614;-159
9005;Mannen;55 jaar;2041;255;455;621;-166
9006;Mannen;55 jaar;2042;254;454;627;-173
9007;Mannen;55 jaar;2043;248;456;630;-174
9008;Mannen;55 jaar;2044;246;457;636;-179
9009;Mannen;55 jaar;2045;251;456;649;-193
9010;Mannen;55 jaar;2046;246;457;651;-194
9011;Mannen;55 jaar;2047;240;457;655;-198
9012;Mannen;55 jaar;2048;234;460;653;-193
9013;Mannen;55 jaar;2049;231;459;658;-199
9014;Mannen;55 jaar;2050;222;459;656;-197
9015;Mannen;55 jaar;2051;219;460;660;-200
9016;Mannen;55 jaar;2052;215;461;664;-203
9017;Mannen;55 jaar;2053;218;460;674;-214
9018;Mannen;55 jaar;2054;215;461;678;-217
9019;Mannen;55 jaar;2055;215;462;686;-224
9020;Mannen;55 jaar;2056;209;463;686;-223
9021;Mannen;55 jaar;2057;204;462;686;-224
9022;Mannen;55 jaar;2058;199;462;687;-225
9023;Mannen;55 jaar;2059;190;462;683;-221
9024;Mannen;56 jaar;2012;571;377;509;-132
9025;Mannen;56 jaar;2013;565;372;499;-127
9026;Mannen;56 jaar;2014;565;375;510;-135
9027;Mannen;56 jaar;2015;566;379;525;-146
9028;Mannen;56 jaar;2016;559;386;548;-162
9029;Mannen;56 jaar;2017;560;394;530;-136
9030;Mannen;56 jaar;2018;553;398;548;-150
9031;Mannen;56 jaar;2019;552;400;561;-161
9032;Mannen;56 jaar;2020;548;399;579;-180
9033;Mannen;56 jaar;2021;527;400;578;-178
9034;Mannen;56 jaar;2022;507;397;571;-174
9035;Mannen;56 jaar;2023;492;398;563;-165
9036;Mannen;56 jaar;2024;485;400;577;-177
9037;Mannen;56 jaar;2025;495;401;589;-188
9038;Mannen;56 jaar;2026;472;402;588;-186
9039;Mannen;56 jaar;2027;444;403;573;-170
9040;Mannen;56 jaar;2028;412;405;561;-156
9041;Mannen;56 jaar;2029;374;406;544;-138
9042;Mannen;56 jaar;2030;354;405;539;-134
9043;Mannen;56 jaar;2031;333;409;531;-122
9044;Mannen;56 jaar;2032;326;410;531;-121
9045;Mannen;56 jaar;2033;314;412;535;-123
9046;Mannen;56 jaar;2034;311;412;543;-131
9047;Mannen;56 jaar;2035;305;412;549;-137
9048;Mannen;56 jaar;2036;308;412;560;-148
9049;Mannen;56 jaar;2037;296;413;561;-148
9050;Mannen;56 jaar;2038;284;415;562;-147
9051;Mannen;56 jaar;2039;277;414;565;-151
9052;Mannen;56 jaar;2040;279;416;576;-160
9053;Mannen;56 jaar;2041;277;418;581;-163
9054;Mannen;56 jaar;2042;278;416;589;-173
9055;Mannen;56 jaar;2043;277;418;595;-177
9056;Mannen;56 jaar;2044;270;418;599;-181
9057;Mannen;56 jaar;2045;268;418;606;-188
9058;Mannen;56 jaar;2046;273;419;619;-200
9059;Mannen;56 jaar;2047;268;419;622;-203
9060;Mannen;56 jaar;2048;262;420;627;-207
9061;Mannen;56 jaar;2049;255;420;626;-206
9062;Mannen;56 jaar;2050;252;420;631;-211
9063;Mannen;56 jaar;2051;242;421;629;-208
9064;Mannen;56 jaar;2052;239;422;634;-212
9065;Mannen;56 jaar;2053;234;422;639;-217
9066;Mannen;56 jaar;2054;237;423;649;-226
9067;Mannen;56 jaar;2055;234;423;655;-232
9068;Mannen;56 jaar;2056;233;425;663;-238
9069;Mannen;56 jaar;2057;227;424;664;-240
9070;Mannen;56 jaar;2058;221;424;664;-240
9071;Mannen;56 jaar;2059;217;424;665;-241
9072;Mannen;57 jaar;2012;617;332;457;-125
9073;Mannen;57 jaar;2013;621;327;471;-144
9074;Mannen;57 jaar;2014;615;330;468;-138
9075;Mannen;57 jaar;2015;614;334;480;-146
9076;Mannen;57 jaar;2016;616;338;491;-153
9077;Mannen;57 jaar;2017;607;346;508;-162
9078;Mannen;57 jaar;2018;609;350;504;-154
9079;Mannen;57 jaar;2019;601;351;520;-169
9080;Mannen;57 jaar;2020;600;350;532;-182
9081;Mannen;57 jaar;2021;596;351;547;-196
9082;Mannen;57 jaar;2022;573;352;546;-194
9083;Mannen;57 jaar;2023;551;352;541;-189
9084;Mannen;57 jaar;2024;535;353;534;-181
9085;Mannen;57 jaar;2025;527;356;546;-190
9086;Mannen;57 jaar;2026;538;355;558;-203
9087;Mannen;57 jaar;2027;513;355;557;-202
9088;Mannen;57 jaar;2028;482;356;543;-187
9089;Mannen;57 jaar;2029;447;358;531;-173
9090;Mannen;57 jaar;2030;407;359;515;-156
9091;Mannen;57 jaar;2031;385;359;510;-151
9092;Mannen;57 jaar;2032;362;361;502;-141
9093;Mannen;57 jaar;2033;354;362;503;-141
9094;Mannen;57 jaar;2034;341;364;506;-142
9095;Mannen;57 jaar;2035;338;366;513;-147
9096;Mannen;57 jaar;2036;331;367;518;-151
9097;Mannen;57 jaar;2037;334;368;530;-162
9098;Mannen;57 jaar;2038;322;368;530;-162
9099;Mannen;57 jaar;2039;308;367;531;-164
9100;Mannen;57 jaar;2040;301;368;533;-165
9101;Mannen;57 jaar;2041;302;369;543;-174
9102;Mannen;57 jaar;2042;301;369;549;-180
9103;Mannen;57 jaar;2043;302;372;555;-183
9104;Mannen;57 jaar;2044;300;372;561;-189
9105;Mannen;57 jaar;2045;293;373;566;-193
9106;Mannen;57 jaar;2046;290;373;572;-199
9107;Mannen;57 jaar;2047;296;374;584;-210
9108;Mannen;57 jaar;2048;290;374;587;-213
9109;Mannen;57 jaar;2049;283;375;590;-215
9110;Mannen;57 jaar;2050;276;375;590;-215
9111;Mannen;57 jaar;2051;272;375;595;-220
9112;Mannen;57 jaar;2052;262;375;593;-218
9113;Mannen;57 jaar;2053;258;376;597;-221
9114;Mannen;57 jaar;2054;254;377;601;-224
9115;Mannen;57 jaar;2055;256;377;612;-235
9116;Mannen;57 jaar;2056;254;377;616;-239
9117;Mannen;57 jaar;2057;253;377;624;-247
9118;Mannen;57 jaar;2058;245;378;624;-246
9119;Mannen;57 jaar;2059;239;377;624;-247
9120;Mannen;58 jaar;2012;673;290;425;-135
9121;Mannen;58 jaar;2013;663;287;426;-139
9122;Mannen;58 jaar;2014;667;289;442;-153
9123;Mannen;58 jaar;2015;660;292;442;-150
9124;Mannen;58 jaar;2016;659;299;453;-154
9125;Mannen;58 jaar;2017;661;304;459;-155
9126;Mannen;58 jaar;2018;652;309;483;-174
9127;Mannen;58 jaar;2019;654;310;479;-169
9128;Mannen;58 jaar;2020;645;311;494;-183
9129;Mannen;58 jaar;2021;644;311;504;-193
9130;Mannen;58 jaar;2022;639;311;519;-208
9131;Mannen;58 jaar;2023;615;310;518;-208
9132;Mannen;58 jaar;2024;591;312;513;-201
9133;Mannen;58 jaar;2025;574;315;507;-192
9134;Mannen;58 jaar;2026;565;316;519;-203
9135;Mannen;58 jaar;2027;577;316;531;-215
9136;Mannen;58 jaar;2028;551;315;529;-214
9137;Mannen;58 jaar;2029;517;317;515;-198
9138;Mannen;58 jaar;2030;480;317;504;-187
9139;Mannen;58 jaar;2031;436;318;489;-171
9140;Mannen;58 jaar;2032;413;318;483;-165
9141;Mannen;58 jaar;2033;388;321;476;-155
9142;Mannen;58 jaar;2034;379;322;476;-154
9143;Mannen;58 jaar;2035;366;325;479;-154
9144;Mannen;58 jaar;2036;362;328;485;-157
9145;Mannen;58 jaar;2037;354;327;490;-163
9146;Mannen;58 jaar;2038;358;329;500;-171
9147;Mannen;58 jaar;2039;345;327;501;-174
9148;Mannen;58 jaar;2040;331;328;501;-173
9149;Mannen;58 jaar;2041;322;328;505;-177
9150;Mannen;58 jaar;2042;324;329;514;-185
9151;Mannen;58 jaar;2043;322;331;519;-188
9152;Mannen;58 jaar;2044;323;331;525;-194
9153;Mannen;58 jaar;2045;321;332;530;-198
9154;Mannen;58 jaar;2046;314;334;534;-200
9155;Mannen;58 jaar;2047;311;334;540;-206
9156;Mannen;58 jaar;2048;317;334;551;-217
9157;Mannen;58 jaar;2049;311;334;554;-220
9158;Mannen;58 jaar;2050;303;335;557;-222
9159;Mannen;58 jaar;2051;296;335;557;-222
9160;Mannen;58 jaar;2052;292;334;561;-227
9161;Mannen;58 jaar;2053;281;335;560;-225
9162;Mannen;58 jaar;2054;276;336;563;-227
9163;Mannen;58 jaar;2055;271;337;567;-230
9164;Mannen;58 jaar;2056;274;337;576;-239
9165;Mannen;58 jaar;2057;271;337;581;-244
9166;Mannen;58 jaar;2058;270;337;588;-251
9167;Mannen;58 jaar;2059;263;337;587;-250
9168;Mannen;59 jaar;2012;721;254;398;-144
9169;Mannen;59 jaar;2013;714;253;399;-146
9170;Mannen;59 jaar;2014;703;252;403;-151
9171;Mannen;59 jaar;2015;708;257;421;-164
9172;Mannen;59 jaar;2016;700;261;420;-159
9173;Mannen;59 jaar;2017;699;268;427;-159
9174;Mannen;59 jaar;2018;701;272;440;-168
9175;Mannen;59 jaar;2019;692;273;462;-189
9176;Mannen;59 jaar;2020;693;271;459;-188
9177;Mannen;59 jaar;2021;684;272;472;-200
9178;Mannen;59 jaar;2022;683;273;481;-208
9179;Mannen;59 jaar;2023;678;273;496;-223
9180;Mannen;59 jaar;2024;652;273;494;-221
9181;Mannen;59 jaar;2025;627;276;489;-213
9182;Mannen;59 jaar;2026;609;276;484;-208
9183;Mannen;59 jaar;2027;599;277;495;-218
9184;Mannen;59 jaar;2028;612;277;507;-230
9185;Mannen;59 jaar;2029;584;279;504;-225
9186;Mannen;59 jaar;2030;548;279;491;-212
9187;Mannen;59 jaar;2031;509;280;480;-200
9188;Mannen;59 jaar;2032;462;281;465;-184
9189;Mannen;59 jaar;2033;438;283;459;-176
9190;Mannen;59 jaar;2034;412;282;452;-170
9191;Mannen;59 jaar;2035;402;283;451;-168
9192;Mannen;59 jaar;2036;388;283;454;-171
9193;Mannen;59 jaar;2037;384;286;458;-172
9194;Mannen;59 jaar;2038;376;285;463;-178
9195;Mannen;59 jaar;2039;379;287;472;-185
9196;Mannen;59 jaar;2040;366;287;472;-185
9197;Mannen;59 jaar;2041;350;288;472;-184
9198;Mannen;59 jaar;2042;342;290;474;-184
9199;Mannen;59 jaar;2043;344;290;483;-193
9200;Mannen;59 jaar;2044;341;291;488;-197
9201;Mannen;59 jaar;2045;343;290;493;-203
9202;Mannen;59 jaar;2046;341;290;498;-208
9203;Mannen;59 jaar;2047;333;292;500;-208
9204;Mannen;59 jaar;2048;329;294;505;-211
9205;Mannen;59 jaar;2049;336;294;516;-222
9206;Mannen;59 jaar;2050;330;294;518;-224
9207;Mannen;59 jaar;2051;322;294;520;-226
9208;Mannen;59 jaar;2052;314;294;521;-227
9209;Mannen;59 jaar;2053;309;294;523;-229
9210;Mannen;59 jaar;2054;297;295;522;-227
9211;Mannen;59 jaar;2055;293;294;525;-231
9212;Mannen;59 jaar;2056;288;294;528;-234
9213;Mannen;59 jaar;2057;291;296;537;-241
9214;Mannen;59 jaar;2058;288;296;540;-244
9215;Mannen;59 jaar;2059;286;296;546;-250
9216;Mannen;60 jaar;2012;784;232;394;-162
9217;Mannen;60 jaar;2013;762;229;388;-159
9218;Mannen;60 jaar;2014;755;232;392;-160
9219;Mannen;60 jaar;2015;743;235;398;-163
9220;Mannen;60 jaar;2016;748;239;412;-173
9221;Mannen;60 jaar;2017;741;245;407;-162
9222;Mannen;60 jaar;2018;740;250;421;-171
9223;Mannen;60 jaar;2019;742;251;434;-183
9224;Mannen;60 jaar;2020;731;250;453;-203
9225;Mannen;60 jaar;2021;733;250;450;-200
9226;Mannen;60 jaar;2022;723;250;463;-213
9227;Mannen;60 jaar;2023;722;252;472;-220
9228;Mannen;60 jaar;2024;717;252;485;-233
9229;Mannen;60 jaar;2025;689;251;485;-234
9230;Mannen;60 jaar;2026;663;252;479;-227
9231;Mannen;60 jaar;2027;644;255;474;-219
9232;Mannen;60 jaar;2028;633;254;484;-230
9233;Mannen;60 jaar;2029;647;255;495;-240
9234;Mannen;60 jaar;2030;617;255;493;-238
9235;Mannen;60 jaar;2031;580;256;479;-223
9236;Mannen;60 jaar;2032;538;258;468;-210
9237;Mannen;60 jaar;2033;489;258;453;-195
9238;Mannen;60 jaar;2034;463;258;446;-188
9239;Mannen;60 jaar;2035;435;259;439;-180
9240;Mannen;60 jaar;2036;425;259;438;-179
9241;Mannen;60 jaar;2037;410;259;440;-181
9242;Mannen;60 jaar;2038;406;262;445;-183
9243;Mannen;60 jaar;2039;397;263;448;-185
9244;Mannen;60 jaar;2040;401;264;457;-193
9245;Mannen;60 jaar;2041;387;264;456;-192
9246;Mannen;60 jaar;2042;370;265;456;-191
9247;Mannen;60 jaar;2043;361;267;459;-192
9248;Mannen;60 jaar;2044;363;268;467;-199
9249;Mannen;60 jaar;2045;361;267;471;-204
9250;Mannen;60 jaar;2046;362;267;476;-209
9251;Mannen;60 jaar;2047;360;268;481;-213
9252;Mannen;60 jaar;2048;352;270;483;-213
9253;Mannen;60 jaar;2049;348;271;488;-217
9254;Mannen;60 jaar;2050;355;270;498;-228
9255;Mannen;60 jaar;2051;348;270;500;-230
9256;Mannen;60 jaar;2052;340;271;501;-230
9257;Mannen;60 jaar;2053;331;271;502;-231
9258;Mannen;60 jaar;2054;327;271;505;-234
9259;Mannen;60 jaar;2055;314;271;503;-232
9260;Mannen;60 jaar;2056;310;271;506;-235
9261;Mannen;60 jaar;2057;304;271;508;-237
9262;Mannen;60 jaar;2058;307;273;517;-244
9263;Mannen;60 jaar;2059;304;272;520;-248
9264;Mannen;61 jaar;2012;824;213;356;-143
9265;Mannen;61 jaar;2013;830;214;360;-146
9266;Mannen;61 jaar;2014;807;213;358;-145
9267;Mannen;61 jaar;2015;800;216;365;-149
9268;Mannen;61 jaar;2016;787;221;369;-148
9269;Mannen;61 jaar;2017;793;226;379;-153
9270;Mannen;61 jaar;2018;785;231;381;-150
9271;Mannen;61 jaar;2019;784;231;394;-163
9272;Mannen;61 jaar;2020;786;231;404;-173
9273;Mannen;61 jaar;2021;775;232;422;-190
9274;Mannen;61 jaar;2022;777;232;419;-187
9275;Mannen;61 jaar;2023;766;232;431;-199
9276;Mannen;61 jaar;2024;765;232;440;-208
9277;Mannen;61 jaar;2025;759;232;453;-221
9278;Mannen;61 jaar;2026;730;234;453;-219
9279;Mannen;61 jaar;2027;702;236;448;-212
9280;Mannen;61 jaar;2028;682;236;444;-208
9281;Mannen;61 jaar;2029;671;237;453;-216
9282;Mannen;61 jaar;2030;685;238;465;-227
9283;Mannen;61 jaar;2031;654;241;462;-221
9284;Mannen;61 jaar;2032;614;242;450;-208
9285;Mannen;61 jaar;2033;570;242;439;-197
9286;Mannen;61 jaar;2034;518;244;424;-180
9287;Mannen;61 jaar;2035;490;245;419;-174
9288;Mannen;61 jaar;2036;461;245;412;-167
9289;Mannen;61 jaar;2037;451;246;412;-166
9290;Mannen;61 jaar;2038;435;247;414;-167
9291;Mannen;61 jaar;2039;431;247;419;-172
9292;Mannen;61 jaar;2040;421;248;422;-174
9293;Mannen;61 jaar;2041;425;251;431;-180
9294;Mannen;61 jaar;2042;410;251;431;-180
9295;Mannen;61 jaar;2043;393;252;431;-179
9296;Mannen;61 jaar;2044;383;251;433;-182
9297;Mannen;61 jaar;2045;385;251;441;-190
9298;Mannen;61 jaar;2046;382;252;446;-194
9299;Mannen;61 jaar;2047;384;254;452;-198
9300;Mannen;61 jaar;2048;382;255;456;-201
9301;Mannen;61 jaar;2049;373;254;459;-205
9302;Mannen;61 jaar;2050;369;255;463;-208
9303;Mannen;61 jaar;2051;376;255;473;-218
9304;Mannen;61 jaar;2052;369;255;475;-220
9305;Mannen;61 jaar;2053;360;255;477;-222
9306;Mannen;61 jaar;2054;351;255;477;-222
9307;Mannen;61 jaar;2055;346;256;480;-224
9308;Mannen;61 jaar;2056;333;257;478;-221
9309;Mannen;61 jaar;2057;328;257;482;-225
9310;Mannen;61 jaar;2058;322;256;484;-228
9311;Mannen;61 jaar;2059;325;256;492;-236
9312;Mannen;62 jaar;2012;904;201;328;-127
9313;Mannen;62 jaar;2013;877;199;315;-116
9314;Mannen;62 jaar;2014;884;197;320;-123
9315;Mannen;62 jaar;2015;859;204;321;-117
9316;Mannen;62 jaar;2016;852;207;326;-119
9317;Mannen;62 jaar;2017;838;214;325;-111
9318;Mannen;62 jaar;2018;844;218;340;-122
9319;Mannen;62 jaar;2019;836;218;342;-124
9320;Mannen;62 jaar;2020;835;219;353;-134
9321;Mannen;62 jaar;2021;837;220;362;-142
9322;Mannen;62 jaar;2022;825;220;378;-158
9323;Mannen;62 jaar;2023;828;221;377;-156
9324;Mannen;62 jaar;2024;816;221;388;-167
9325;Mannen;62 jaar;2025;815;222;396;-174
9326;Mannen;62 jaar;2026;809;222;407;-185
9327;Mannen;62 jaar;2027;777;224;407;-183
9328;Mannen;62 jaar;2028;748;224;404;-180
9329;Mannen;62 jaar;2029;726;225;401;-176
9330;Mannen;62 jaar;2030;715;225;409;-184
9331;Mannen;62 jaar;2031;730;228;419;-191
9332;Mannen;62 jaar;2032;697;229;417;-188
9333;Mannen;62 jaar;2033;654;229;406;-177
9334;Mannen;62 jaar;2034;607;230;397;-167
9335;Mannen;62 jaar;2035;552;231;384;-153
9336;Mannen;62 jaar;2036;522;231;379;-148
9337;Mannen;62 jaar;2037;491;232;374;-142
9338;Mannen;62 jaar;2038;480;234;374;-140
9339;Mannen;62 jaar;2039;463;234;376;-142
9340;Mannen;62 jaar;2040;459;236;380;-144
9341;Mannen;62 jaar;2041;449;237;383;-146
9342;Mannen;62 jaar;2042;453;237;391;-154
9343;Mannen;62 jaar;2043;436;238;391;-153
9344;Mannen;62 jaar;2044;418;237;391;-154
9345;Mannen;62 jaar;2045;408;238;394;-156
9346;Mannen;62 jaar;2046;410;239;401;-162
9347;Mannen;62 jaar;2047;407;241;405;-164
9348;Mannen;62 jaar;2048;409;240;411;-171
9349;Mannen;62 jaar;2049;407;240;415;-175
9350;Mannen;62 jaar;2050;397;241;417;-176
9351;Mannen;62 jaar;2051;393;241;421;-180
9352;Mannen;62 jaar;2052;401;242;431;-189
9353;Mannen;62 jaar;2053;393;241;433;-192
9354;Mannen;62 jaar;2054;384;242;434;-192
9355;Mannen;62 jaar;2055;374;243;435;-192
9356;Mannen;62 jaar;2056;369;243;438;-195
9357;Mannen;62 jaar;2057;355;242;436;-194
9358;Mannen;62 jaar;2058;349;242;440;-198
9359;Mannen;62 jaar;2059;343;242;441;-199
9360;Mannen;63 jaar;2012;1007;186;313;-127
9361;Mannen;63 jaar;2013;968;184;306;-122
9362;Mannen;63 jaar;2014;939;181;296;-115
9363;Mannen;63 jaar;2015;947;186;304;-118
9364;Mannen;63 jaar;2016;921;190;302;-112
9365;Mannen;63 jaar;2017;913;195;304;-109
9366;Mannen;63 jaar;2018;898;200;309;-109
9367;Mannen;63 jaar;2019;904;201;324;-123
9368;Mannen;63 jaar;2020;896;202;326;-124
9369;Mannen;63 jaar;2021;894;203;336;-133
9370;Mannen;63 jaar;2022;897;203;345;-142
9371;Mannen;63 jaar;2023;884;204;361;-157
9372;Mannen;63 jaar;2024;886;205;359;-154
9373;Mannen;63 jaar;2025;874;205;370;-165
9374;Mannen;63 jaar;2026;873;206;377;-171
9375;Mannen;63 jaar;2027;866;207;388;-181
9376;Mannen;63 jaar;2028;833;208;388;-180
9377;Mannen;63 jaar;2029;801;208;384;-176
9378;Mannen;63 jaar;2030;778;209;380;-171
9379;Mannen;63 jaar;2031;765;208;389;-181
9380;Mannen;63 jaar;2032;782;210;398;-188
9381;Mannen;63 jaar;2033;746;212;397;-185
9382;Mannen;63 jaar;2034;700;211;384;-173
9383;Mannen;63 jaar;2035;650;210;376;-166
9384;Mannen;63 jaar;2036;591;212;364;-152
9385;Mannen;63 jaar;2037;559;213;359;-146
9386;Mannen;63 jaar;2038;526;215;353;-138
9387;Mannen;63 jaar;2039;514;215;353;-138
9388;Mannen;63 jaar;2040;496;216;354;-138
9389;Mannen;63 jaar;2041;491;216;359;-143
9390;Mannen;63 jaar;2042;480;217;361;-144
9391;Mannen;63 jaar;2043;485;218;369;-151
9392;Mannen;63 jaar;2044;467;218;369;-151
9393;Mannen;63 jaar;2045;448;220;369;-149
9394;Mannen;63 jaar;2046;436;221;371;-150
9395;Mannen;63 jaar;2047;439;221;379;-158
9396;Mannen;63 jaar;2048;436;220;382;-162
9397;Mannen;63 jaar;2049;437;223;387;-164
9398;Mannen;63 jaar;2050;435;223;391;-168
9399;Mannen;63 jaar;2051;425;224;392;-168
9400;Mannen;63 jaar;2052;420;223;396;-173
9401;Mannen;63 jaar;2053;429;224;405;-181
9402;Mannen;63 jaar;2054;421;224;407;-183
9403;Mannen;63 jaar;2055;410;225;409;-184
9404;Mannen;63 jaar;2056;400;224;408;-184
9405;Mannen;63 jaar;2057;394;223;411;-188
9406;Mannen;63 jaar;2058;379;224;410;-186
9407;Mannen;63 jaar;2059;374;224;412;-188
9408;Mannen;64 jaar;2012;1145;172;326;-154
9409;Mannen;64 jaar;2013;1082;171;311;-140
9410;Mannen;64 jaar;2014;1040;171;308;-137
9411;Mannen;64 jaar;2015;1009;175;300;-125
9412;Mannen;64 jaar;2016;1018;180;307;-127
9413;Mannen;64 jaar;2017;989;183;304;-121
9414;Mannen;64 jaar;2018;981;187;309;-122
9415;Mannen;64 jaar;2019;965;190;314;-124
9416;Mannen;64 jaar;2020;972;190;328;-138
9417;Mannen;64 jaar;2021;962;190;329;-139
9418;Mannen;64 jaar;2022;960;192;339;-147
9419;Mannen;64 jaar;2023;963;193;348;-155
9420;Mannen;64 jaar;2024;949;194;364;-170
9421;Mannen;64 jaar;2025;952;194;362;-168
9422;Mannen;64 jaar;2026;939;193;373;-180
9423;Mannen;64 jaar;2027;937;194;380;-186
9424;Mannen;64 jaar;2028;930;196;391;-195
9425;Mannen;64 jaar;2029;894;196;390;-194
9426;Mannen;64 jaar;2030;859;197;385;-188
9427;Mannen;64 jaar;2031;835;197;380;-183
9428;Mannen;64 jaar;2032;821;195;388;-193
9429;Mannen;64 jaar;2033;839;198;399;-201
9430;Mannen;64 jaar;2034;800;199;396;-197
9431;Mannen;64 jaar;2035;752;199;384;-185
9432;Mannen;64 jaar;2036;698;199;374;-175
9433;Mannen;64 jaar;2037;634;199;361;-162
9434;Mannen;64 jaar;2038;600;200;355;-155
9435;Mannen;64 jaar;2039;565;201;349;-148
9436;Mannen;64 jaar;2040;551;203;347;-144
9437;Mannen;64 jaar;2041;532;204;349;-145
9438;Mannen;64 jaar;2042;527;204;353;-149
9439;Mannen;64 jaar;2043;515;205;355;-150
9440;Mannen;64 jaar;2044;520;206;363;-157
9441;Mannen;64 jaar;2045;501;206;362;-156
9442;Mannen;64 jaar;2046;480;207;362;-155
9443;Mannen;64 jaar;2047;468;207;364;-157
9444;Mannen;64 jaar;2048;470;207;371;-164
9445;Mannen;64 jaar;2049;467;206;375;-169
9446;Mannen;64 jaar;2050;469;207;380;-173
9447;Mannen;64 jaar;2051;466;209;383;-174
9448;Mannen;64 jaar;2052;455;210;385;-175
9449;Mannen;64 jaar;2053;450;211;389;-178
9450;Mannen;64 jaar;2054;459;210;397;-187
9451;Mannen;64 jaar;2055;450;210;399;-189
9452;Mannen;64 jaar;2056;439;211;401;-190
9453;Mannen;64 jaar;2057;428;211;400;-189
9454;Mannen;64 jaar;2058;422;211;403;-192
9455;Mannen;64 jaar;2059;406;210;401;-191
9456;Mannen;65 jaar;2012;1319;173;346;-173
9457;Mannen;65 jaar;2013;1228;174;328;-154
9458;Mannen;65 jaar;2014;1161;171;318;-147
9459;Mannen;65 jaar;2015;1116;174;319;-145
9460;Mannen;65 jaar;2016;1083;181;310;-129
9461;Mannen;65 jaar;2017;1092;184;315;-131
9462;Mannen;65 jaar;2018;1062;187;315;-128
9463;Mannen;65 jaar;2019;1052;190;321;-131
9464;Mannen;65 jaar;2020;1036;190;325;-135
9465;Mannen;65 jaar;2021;1042;193;339;-146
9466;Mannen;65 jaar;2022;1032;192;340;-148
9467;Mannen;65 jaar;2023;1031;193;350;-157
9468;Mannen;65 jaar;2024;1033;193;360;-167
9469;Mannen;65 jaar;2025;1018;193;375;-182
9470;Mannen;65 jaar;2026;1021;194;374;-180
9471;Mannen;65 jaar;2027;1007;197;385;-188
9472;Mannen;65 jaar;2028;1006;196;392;-196
9473;Mannen;65 jaar;2029;997;198;402;-204
9474;Mannen;65 jaar;2030;958;198;400;-202
9475;Mannen;65 jaar;2031;922;200;394;-194
9476;Mannen;65 jaar;2032;896;201;389;-188
9477;Mannen;65 jaar;2033;881;202;397;-195
9478;Mannen;65 jaar;2034;899;201;409;-208
9479;Mannen;65 jaar;2035;858;202;404;-202
9480;Mannen;65 jaar;2036;806;203;392;-189
9481;Mannen;65 jaar;2037;748;206;380;-174
9482;Mannen;65 jaar;2038;680;206;364;-158
9483;Mannen;65 jaar;2039;643;206;358;-152
9484;Mannen;65 jaar;2040;605;208;350;-142
9485;Mannen;65 jaar;2041;591;210;349;-139
9486;Mannen;65 jaar;2042;570;209;349;-140
9487;Mannen;65 jaar;2043;565;211;354;-143
9488;Mannen;65 jaar;2044;552;212;356;-144
9489;Mannen;65 jaar;2045;557;212;364;-152
9490;Mannen;65 jaar;2046;536;212;363;-151
9491;Mannen;65 jaar;2047;514;214;362;-148
9492;Mannen;65 jaar;2048;501;215;364;-149
9493;Mannen;65 jaar;2049;504;215;371;-156
9494;Mannen;65 jaar;2050;500;215;375;-160
9495;Mannen;65 jaar;2051;502;216;380;-164
9496;Mannen;65 jaar;2052;499;216;385;-169
9497;Mannen;65 jaar;2053;487;216;387;-171
9498;Mannen;65 jaar;2054;482;217;390;-173
9499;Mannen;65 jaar;2055;492;218;400;-182
9500;Mannen;65 jaar;2056;482;219;402;-183
9501;Mannen;65 jaar;2057;470;218;403;-185
9502;Mannen;65 jaar;2058;458;218;403;-185
9503;Mannen;65 jaar;2059;452;218;405;-187
9504;Mannen;66 jaar;2012;1496;128;328;-200
9505;Mannen;66 jaar;2013;1409;129;317;-188
9506;Mannen;66 jaar;2014;1312;126;306;-180
9507;Mannen;66 jaar;2015;1240;126;301;-175
9508;Mannen;66 jaar;2016;1192;133;299;-166
9509;Mannen;66 jaar;2017;1157;137;288;-151
9510;Mannen;66 jaar;2018;1167;139;298;-159
9511;Mannen;66 jaar;2019;1134;139;298;-159
9512;Mannen;66 jaar;2020;1124;140;306;-166
9513;Mannen;66 jaar;2021;1106;140;309;-169
9514;Mannen;66 jaar;2022;1114;140;323;-183
9515;Mannen;66 jaar;2023;1103;140;325;-185
9516;Mannen;66 jaar;2024;1101;140;336;-196
9517;Mannen;66 jaar;2025;1104;142;346;-204
9518;Mannen;66 jaar;2026;1087;142;361;-219
9519;Mannen;66 jaar;2027;1091;142;360;-218
9520;Mannen;66 jaar;2028;1075;143;372;-229
9521;Mannen;66 jaar;2029;1074;144;378;-234
9522;Mannen;66 jaar;2030;1065;144;389;-245
9523;Mannen;66 jaar;2031;1023;145;387;-242
9524;Mannen;66 jaar;2032;984;144;383;-239
9525;Mannen;66 jaar;2033;956;145;376;-231
9526;Mannen;66 jaar;2034;940;146;385;-239
9527;Mannen;66 jaar;2035;960;148;397;-249
9528;Mannen;66 jaar;2036;916;148;393;-245
9529;Mannen;66 jaar;2037;860;147;380;-233
9530;Mannen;66 jaar;2038;799;147;371;-224
9531;Mannen;66 jaar;2039;726;147;355;-208
9532;Mannen;66 jaar;2040;687;148;349;-201
9533;Mannen;66 jaar;2041;646;148;341;-193
9534;Mannen;66 jaar;2042;631;149;340;-191
9535;Mannen;66 jaar;2043;609;150;341;-191
9536;Mannen;66 jaar;2044;603;150;345;-195
9537;Mannen;66 jaar;2045;589;151;348;-197
9538;Mannen;66 jaar;2046;594;151;356;-205
9539;Mannen;66 jaar;2047;572;151;354;-203
9540;Mannen;66 jaar;2048;548;151;355;-204
9541;Mannen;66 jaar;2049;535;151;356;-205
9542;Mannen;66 jaar;2050;537;152;364;-212
9543;Mannen;66 jaar;2051;533;152;368;-216
9544;Mannen;66 jaar;2052;535;152;373;-221
9545;Mannen;66 jaar;2053;532;153;376;-223
9546;Mannen;66 jaar;2054;519;152;378;-226
9547;Mannen;66 jaar;2055;514;153;383;-230
9548;Mannen;66 jaar;2056;524;153;392;-239
9549;Mannen;66 jaar;2057;514;152;394;-242
9550;Mannen;66 jaar;2058;501;152;396;-244
9551;Mannen;66 jaar;2059;488;153;396;-243
9552;Mannen;67 jaar;2012;1161;114;240;-126
9553;Mannen;67 jaar;2013;1589;111;282;-171
9554;Mannen;67 jaar;2014;1496;111;276;-165
9555;Mannen;67 jaar;2015;1393;112;268;-156
9556;Mannen;67 jaar;2016;1317;115;261;-146
9557;Mannen;67 jaar;2017;1265;121;259;-138
9558;Mannen;67 jaar;2018;1228;122;253;-131
9559;Mannen;67 jaar;2019;1238;122;263;-141
9560;Mannen;67 jaar;2020;1204;124;263;-139
9561;Mannen;67 jaar;2021;1193;124;270;-146
9562;Mannen;67 jaar;2022;1175;125;274;-149
9563;Mannen;67 jaar;2023;1182;126;288;-162
9564;Mannen;67 jaar;2024;1171;126;290;-164
9565;Mannen;67 jaar;2025;1169;126;301;-175
9566;Mannen;67 jaar;2026;1172;126;310;-184
9567;Mannen;67 jaar;2027;1154;127;326;-199
9568;Mannen;67 jaar;2028;1158;127;323;-196
9569;Mannen;67 jaar;2029;1142;128;336;-208
9570;Mannen;67 jaar;2030;1140;128;341;-213
9571;Mannen;67 jaar;2031;1130;130;352;-222
9572;Mannen;67 jaar;2032;1086;130;351;-221
9573;Mannen;67 jaar;2033;1045;131;346;-215
9574;Mannen;67 jaar;2034;1015;130;340;-210
9575;Mannen;67 jaar;2035;998;131;349;-218
9576;Mannen;67 jaar;2036;1019;130;358;-228
9577;Mannen;67 jaar;2037;972;131;357;-226
9578;Mannen;67 jaar;2038;913;133;344;-211
9579;Mannen;67 jaar;2039;847;133;336;-203
9580;Mannen;67 jaar;2040;770;133;323;-190
9581;Mannen;67 jaar;2041;729;133;318;-185
9582;Mannen;67 jaar;2042;685;133;311;-178
9583;Mannen;67 jaar;2043;670;133;309;-176
9584;Mannen;67 jaar;2044;646;134;311;-177
9585;Mannen;67 jaar;2045;639;134;315;-181
9586;Mannen;67 jaar;2046;625;134;317;-183
9587;Mannen;67 jaar;2047;630;136;324;-188
9588;Mannen;67 jaar;2048;607;136;323;-187
9589;Mannen;67 jaar;2049;582;135;324;-189
9590;Mannen;67 jaar;2050;567;136;325;-189
9591;Mannen;67 jaar;2051;569;137;333;-196
9592;Mannen;67 jaar;2052;566;137;335;-198
9593;Mannen;67 jaar;2053;567;137;339;-202
9594;Mannen;67 jaar;2054;564;137;342;-205
9595;Mannen;67 jaar;2055;550;137;343;-206
9596;Mannen;67 jaar;2056;545;136;347;-211
9597;Mannen;67 jaar;2057;555;136;354;-218
9598;Mannen;67 jaar;2058;544;136;356;-220
9599;Mannen;67 jaar;2059;531;137;358;-221
9600;Mannen;68 jaar;2012;1317;101;209;-108
9601;Mannen;68 jaar;2013;1232;102;207;-105
9602;Mannen;68 jaar;2014;1684;103;251;-148
9603;Mannen;68 jaar;2015;1585;103;248;-145
9604;Mannen;68 jaar;2016;1476;106;240;-134
9605;Mannen;68 jaar;2017;1396;110;231;-121
9606;Mannen;68 jaar;2018;1341;112;233;-121
9607;Mannen;68 jaar;2019;1303;113;225;-112
9608;Mannen;68 jaar;2020;1313;112;235;-123
9609;Mannen;68 jaar;2021;1277;111;235;-124
9610;Mannen;68 jaar;2022;1266;113;241;-128
9611;Mannen;68 jaar;2023;1246;114;245;-131
9612;Mannen;68 jaar;2024;1254;115;257;-142
9613;Mannen;68 jaar;2025;1242;114;258;-144
9614;Mannen;68 jaar;2026;1240;114;269;-155
9615;Mannen;68 jaar;2027;1243;115;276;-161
9616;Mannen;68 jaar;2028;1224;116;292;-176
9617;Mannen;68 jaar;2029;1228;117;287;-170
9618;Mannen;68 jaar;2030;1211;119;300;-181
9619;Mannen;68 jaar;2031;1209;118;304;-186
9620;Mannen;68 jaar;2032;1199;118;314;-196
9621;Mannen;68 jaar;2033;1152;120;313;-193
9622;Mannen;68 jaar;2034;1108;120;307;-187
9623;Mannen;68 jaar;2035;1077;122;301;-179
9624;Mannen;68 jaar;2036;1059;122;310;-188
9625;Mannen;68 jaar;2037;1081;122;318;-196
9626;Mannen;68 jaar;2038;1031;121;316;-195
9627;Mannen;68 jaar;2039;969;122;304;-182
9628;Mannen;68 jaar;2040;899;122;297;-175
9629;Mannen;68 jaar;2041;817;125;285;-160
9630;Mannen;68 jaar;2042;773;125;281;-156
9631;Mannen;68 jaar;2043;727;125;274;-149
9632;Mannen;68 jaar;2044;710;125;273;-148
9633;Mannen;68 jaar;2045;685;125;274;-149
9634;Mannen;68 jaar;2046;678;125;277;-152
9635;Mannen;68 jaar;2047;662;124;278;-154
9636;Mannen;68 jaar;2048;668;124;285;-161
9637;Mannen;68 jaar;2049;644;124;283;-159
9638;Mannen;68 jaar;2050;616;125;284;-159
9639;Mannen;68 jaar;2051;601;125;285;-160
9640;Mannen;68 jaar;2052;603;125;291;-166
9641;Mannen;68 jaar;2053;599;125;294;-169
9642;Mannen;68 jaar;2054;601;126;296;-170
9643;Mannen;68 jaar;2055;598;127;298;-171
9644;Mannen;68 jaar;2056;583;127;300;-173
9645;Mannen;68 jaar;2057;577;127;302;-175
9646;Mannen;68 jaar;2058;588;127;308;-181
9647;Mannen;68 jaar;2059;577;127;310;-183
9648;Mannen;69 jaar;2012;1360;87;170;-83
9649;Mannen;69 jaar;2013;1398;86;173;-87
9650;Mannen;69 jaar;2014;1307;86;174;-88
9651;Mannen;69 jaar;2015;1787;87;211;-124
9652;Mannen;69 jaar;2016;1682;88;208;-120
9653;Mannen;69 jaar;2017;1566;91;199;-108
9654;Mannen;69 jaar;2018;1482;94;195;-101
9655;Mannen;69 jaar;2019;1424;94;198;-104
9656;Mannen;69 jaar;2020;1384;95;191;-96
9657;Mannen;69 jaar;2021;1395;96;199;-103
9658;Mannen;69 jaar;2022;1357;96;199;-103
9659;Mannen;69 jaar;2023;1345;95;206;-111
9660;Mannen;69 jaar;2024;1324;95;210;-115
9661;Mannen;69 jaar;2025;1332;96;221;-125
9662;Mannen;69 jaar;2026;1319;98;222;-124
9663;Mannen;69 jaar;2027;1317;99;231;-132
9664;Mannen;69 jaar;2028;1320;99;239;-140
9665;Mannen;69 jaar;2029;1301;99;253;-154
9666;Mannen;69 jaar;2030;1305;99;249;-150
9667;Mannen;69 jaar;2031;1286;100;261;-161
9668;Mannen;69 jaar;2032;1285;99;265;-166
9669;Mannen;69 jaar;2033;1274;99;274;-175
9670;Mannen;69 jaar;2034;1224;102;274;-172
9671;Mannen;69 jaar;2035;1177;102;270;-168
9672;Mannen;69 jaar;2036;1144;102;263;-161
9673;Mannen;69 jaar;2037;1125;102;272;-170
9674;Mannen;69 jaar;2038;1149;102;279;-177
9675;Mannen;69 jaar;2039;1096;102;278;-176
9676;Mannen;69 jaar;2040;1029;103;267;-164
9677;Mannen;69 jaar;2041;955;103;261;-158
9678;Mannen;69 jaar;2042;867;102;251;-149
9679;Mannen;69 jaar;2043;821;103;248;-145
9680;Mannen;69 jaar;2044;772;103;241;-138
9681;Mannen;69 jaar;2045;754;103;240;-137
9682;Mannen;69 jaar;2046;727;103;241;-138
9683;Mannen;69 jaar;2047;720;103;244;-141
9684;Mannen;69 jaar;2048;703;103;245;-142
9685;Mannen;69 jaar;2049;709;105;250;-145
9686;Mannen;69 jaar;2050;683;105;248;-143
9687;Mannen;69 jaar;2051;654;105;250;-145
9688;Mannen;69 jaar;2052;638;105;251;-146
9689;Mannen;69 jaar;2053;640;105;257;-152
9690;Mannen;69 jaar;2054;636;106;258;-152
9691;Mannen;69 jaar;2055;638;106;260;-154
9692;Mannen;69 jaar;2056;634;106;262;-156
9693;Mannen;69 jaar;2057;619;106;263;-157
9694;Mannen;69 jaar;2058;612;106;265;-159
9695;Mannen;69 jaar;2059;624;106;270;-164
9696;Mannen;70 jaar;2012;1363;80;145;-65
9697;Mannen;70 jaar;2013;1444;82;147;-65
9698;Mannen;70 jaar;2014;1483;81;152;-71
9699;Mannen;70 jaar;2015;1387;82;154;-72
9700;Mannen;70 jaar;2016;1896;83;185;-102
9701;Mannen;70 jaar;2017;1784;84;181;-97
9702;Mannen;70 jaar;2018;1662;87;177;-90
9703;Mannen;70 jaar;2019;1573;89;173;-84
9704;Mannen;70 jaar;2020;1512;90;176;-86
9705;Mannen;70 jaar;2021;1470;90;169;-79
9706;Mannen;70 jaar;2022;1482;90;176;-86
9707;Mannen;70 jaar;2023;1441;90;177;-87
9708;Mannen;70 jaar;2024;1429;91;182;-91
9709;Mannen;70 jaar;2025;1407;95;185;-90
9710;Mannen;70 jaar;2026;1415;95;195;-100
9711;Mannen;70 jaar;2027;1402;96;196;-100
9712;Mannen;70 jaar;2028;1399;95;204;-109
9713;Mannen;70 jaar;2029;1403;94;212;-118
9714;Mannen;70 jaar;2030;1382;94;225;-131
9715;Mannen;70 jaar;2031;1387;95;220;-125
9716;Mannen;70 jaar;2032;1367;95;231;-136
9717;Mannen;70 jaar;2033;1365;96;235;-139
9718;Mannen;70 jaar;2034;1354;96;243;-147
9719;Mannen;70 jaar;2035;1301;97;243;-146
9720;Mannen;70 jaar;2036;1251;97;240;-143
9721;Mannen;70 jaar;2037;1216;96;234;-138
9722;Mannen;70 jaar;2038;1195;97;242;-145
9723;Mannen;70 jaar;2039;1221;97;248;-151
9724;Mannen;70 jaar;2040;1165;97;247;-150
9725;Mannen;70 jaar;2041;1094;98;237;-139
9726;Mannen;70 jaar;2042;1015;98;233;-135
9727;Mannen;70 jaar;2043;922;98;224;-126
9728;Mannen;70 jaar;2044;872;98;221;-123
9729;Mannen;70 jaar;2045;820;98;215;-117
9730;Mannen;70 jaar;2046;801;97;214;-117
9731;Mannen;70 jaar;2047;773;98;215;-117
9732;Mannen;70 jaar;2048;765;99;218;-119
9733;Mannen;70 jaar;2049;747;100;219;-119
9734;Mannen;70 jaar;2050;754;100;223;-123
9735;Mannen;70 jaar;2051;726;101;222;-121
9736;Mannen;70 jaar;2052;695;101;223;-122
9737;Mannen;70 jaar;2053;677;101;224;-123
9738;Mannen;70 jaar;2054;680;101;229;-128
9739;Mannen;70 jaar;2055;675;101;230;-129
9740;Mannen;70 jaar;2056;677;101;232;-131
9741;Mannen;70 jaar;2057;673;100;234;-134
9742;Mannen;70 jaar;2058;657;101;235;-134
9743;Mannen;70 jaar;2059;650;101;237;-136
9744;Mannen;71 jaar;2012;1410;68;116;-48
9745;Mannen;71 jaar;2013;1450;68;118;-50
9746;Mannen;71 jaar;2014;1535;69;120;-51
9747;Mannen;71 jaar;2015;1577;72;125;-53
9748;Mannen;71 jaar;2016;1474;72;126;-54
9749;Mannen;71 jaar;2017;2015;74;150;-76
9750;Mannen;71 jaar;2018;1898;75;150;-75
9751;Mannen;71 jaar;2019;1769;76;147;-71
9752;Mannen;71 jaar;2020;1674;76;145;-69
9753;Mannen;71 jaar;2021;1609;76;147;-71
9754;Mannen;71 jaar;2022;1565;76;140;-64
9755;Mannen;71 jaar;2023;1578;77;146;-69
9756;Mannen;71 jaar;2024;1535;77;147;-70
9757;Mannen;71 jaar;2025;1521;77;153;-76
9758;Mannen;71 jaar;2026;1498;77;157;-80
9759;Mannen;71 jaar;2027;1508;78;166;-88
9760;Mannen;71 jaar;2028;1493;79;166;-87
9761;Mannen;71 jaar;2029;1491;79;174;-95
9762;Mannen;71 jaar;2030;1495;80;181;-101
9763;Mannen;71 jaar;2031;1472;80;192;-112
9764;Mannen;71 jaar;2032;1478;80;189;-109
9765;Mannen;71 jaar;2033;1457;78;200;-122
9766;Mannen;71 jaar;2034;1455;79;203;-124
9767;Mannen;71 jaar;2035;1442;79;211;-132
9768;Mannen;71 jaar;2036;1386;80;212;-132
9769;Mannen;71 jaar;2037;1333;79;209;-130
9770;Mannen;71 jaar;2038;1296;79;203;-124
9771;Mannen;71 jaar;2039;1274;81;212;-131
9772;Mannen;71 jaar;2040;1301;81;218;-137
9773;Mannen;71 jaar;2041;1241;81;217;-136
9774;Mannen;71 jaar;2042;1165;81;210;-129
9775;Mannen;71 jaar;2043;1081;82;205;-123
9776;Mannen;71 jaar;2044;982;84;197;-113
9777;Mannen;71 jaar;2045;930;84;195;-111
9778;Mannen;71 jaar;2046;874;84;190;-106
9779;Mannen;71 jaar;2047;854;84;189;-105
9780;Mannen;71 jaar;2048;823;83;190;-107
9781;Mannen;71 jaar;2049;815;83;193;-110
9782;Mannen;71 jaar;2050;796;83;193;-110
9783;Mannen;71 jaar;2051;803;83;197;-114
9784;Mannen;71 jaar;2052;773;83;196;-113
9785;Mannen;71 jaar;2053;740;83;197;-114
9786;Mannen;71 jaar;2054;721;83;198;-115
9787;Mannen;71 jaar;2055;724;83;203;-120
9788;Mannen;71 jaar;2056;719;83;204;-121
9789;Mannen;71 jaar;2057;721;84;206;-122
9790;Mannen;71 jaar;2058;717;84;208;-124
9791;Mannen;71 jaar;2059;699;84;209;-125
9792;Mannen;72 jaar;2012;1570;65;113;-48
9793;Mannen;72 jaar;2013;1505;64;101;-37
9794;Mannen;72 jaar;2014;1547;63;103;-40
9795;Mannen;72 jaar;2015;1638;63;105;-42
9796;Mannen;72 jaar;2016;1683;64;108;-44
9797;Mannen;72 jaar;2017;1573;65;108;-43
9798;Mannen;72 jaar;2018;2152;67;130;-63
9799;Mannen;72 jaar;2019;2027;68;131;-63
9800;Mannen;72 jaar;2020;1890;70;129;-59
9801;Mannen;72 jaar;2021;1789;70;126;-56
9802;Mannen;72 jaar;2022;1720;70;128;-58
9803;Mannen;72 jaar;2023;1673;70;122;-52
9804;Mannen;72 jaar;2024;1687;71;128;-57
9805;Mannen;72 jaar;2025;1641;71;128;-57
9806;Mannen;72 jaar;2026;1627;71;133;-62
9807;Mannen;72 jaar;2027;1603;71;137;-66
9808;Mannen;72 jaar;2028;1613;71;146;-75
9809;Mannen;72 jaar;2029;1598;72;145;-73
9810;Mannen;72 jaar;2030;1595;72;152;-80
9811;Mannen;72 jaar;2031;1600;73;158;-85
9812;Mannen;72 jaar;2032;1576;73;170;-97
9813;Mannen;72 jaar;2033;1582;73;167;-94
9814;Mannen;72 jaar;2034;1559;73;176;-103
9815;Mannen;72 jaar;2035;1557;74;180;-106
9816;Mannen;72 jaar;2036;1544;74;187;-113
9817;Mannen;72 jaar;2037;1484;74;188;-114
9818;Mannen;72 jaar;2038;1427;75;185;-110
9819;Mannen;72 jaar;2039;1388;74;179;-105
9820;Mannen;72 jaar;2040;1364;74;188;-114
9821;Mannen;72 jaar;2041;1393;74;193;-119
9822;Mannen;72 jaar;2042;1329;75;193;-118
9823;Mannen;72 jaar;2043;1248;75;186;-111
9824;Mannen;72 jaar;2044;1158;75;183;-108
9825;Mannen;72 jaar;2045;1052;75;176;-101
9826;Mannen;72 jaar;2046;996;76;174;-98
9827;Mannen;72 jaar;2047;936;77;170;-93
9828;Mannen;72 jaar;2048;915;78;168;-90
9829;Mannen;72 jaar;2049;882;79;170;-91
9830;Mannen;72 jaar;2050;873;79;171;-92
9831;Mannen;72 jaar;2051;853;79;172;-93
9832;Mannen;72 jaar;2052;860;79;175;-96
9833;Mannen;72 jaar;2053;828;78;174;-96
9834;Mannen;72 jaar;2054;793;78;175;-97
9835;Mannen;72 jaar;2055;772;78;175;-97
9836;Mannen;72 jaar;2056;775;78;180;-102
9837;Mannen;72 jaar;2057;770;78;181;-103
9838;Mannen;72 jaar;2058;772;78;183;-105
9839;Mannen;72 jaar;2059;767;78;184;-106
9840;Mannen;73 jaar;2012;1637;58;94;-36
9841;Mannen;73 jaar;2013;1678;57;102;-45
9842;Mannen;73 jaar;2014;1608;57;91;-34
9843;Mannen;73 jaar;2015;1654;58;94;-36
9844;Mannen;73 jaar;2016;1751;57;95;-38
9845;Mannen;73 jaar;2017;1800;61;97;-36
9846;Mannen;73 jaar;2018;1684;62;100;-38
9847;Mannen;73 jaar;2019;2305;60;120;-60
9848;Mannen;73 jaar;2020;2172;62;120;-58
9849;Mannen;73 jaar;2021;2026;62;118;-56
9850;Mannen;73 jaar;2022;1919;62;117;-55
9851;Mannen;73 jaar;2023;1846;62;119;-57
9852;Mannen;73 jaar;2024;1796;61;113;-52
9853;Mannen;73 jaar;2025;1812;62;117;-55
9854;Mannen;73 jaar;2026;1763;62;118;-56
9855;Mannen;73 jaar;2027;1749;62;122;-60
9856;Mannen;73 jaar;2028;1723;62;126;-64
9857;Mannen;73 jaar;2029;1734;62;135;-73
9858;Mannen;73 jaar;2030;1719;64;134;-70
9859;Mannen;73 jaar;2031;1717;65;140;-75
9860;Mannen;73 jaar;2032;1722;65;147;-82
9861;Mannen;73 jaar;2033;1696;66;158;-92
9862;Mannen;73 jaar;2034;1704;66;155;-89
9863;Mannen;73 jaar;2035;1680;65;164;-99
9864;Mannen;73 jaar;2036;1678;65;167;-102
9865;Mannen;73 jaar;2037;1664;66;175;-109
9866;Mannen;73 jaar;2038;1600;66;176;-110
9867;Mannen;73 jaar;2039;1540;66;174;-108
9868;Mannen;73 jaar;2040;1497;67;167;-100
9869;Mannen;73 jaar;2041;1472;67;176;-109
9870;Mannen;73 jaar;2042;1504;67;180;-113
9871;Mannen;73 jaar;2043;1435;67;181;-114
9872;Mannen;73 jaar;2044;1348;67;174;-107
9873;Mannen;73 jaar;2045;1251;67;171;-104
9874;Mannen;73 jaar;2046;1137;66;165;-99
9875;Mannen;73 jaar;2047;1076;66;163;-97
9876;Mannen;73 jaar;2048;1012;66;159;-93
9877;Mannen;73 jaar;2049;989;67;157;-90
9878;Mannen;73 jaar;2050;954;68;159;-91
9879;Mannen;73 jaar;2051;944;68;161;-93
9880;Mannen;73 jaar;2052;923;69;161;-92
9881;Mannen;73 jaar;2053;931;69;164;-95
9882;Mannen;73 jaar;2054;896;71;162;-91
9883;Mannen;73 jaar;2055;858;71;163;-92
9884;Mannen;73 jaar;2056;836;71;164;-93
9885;Mannen;73 jaar;2057;840;71;167;-96
9886;Mannen;73 jaar;2058;834;70;169;-99
9887;Mannen;73 jaar;2059;836;70;170;-100
9888;Mannen;74 jaar;2012;1748;47;83;-36
9889;Mannen;74 jaar;2013;1750;50;83;-33
9890;Mannen;74 jaar;2014;1793;49;91;-42
9891;Mannen;74 jaar;2015;1720;49;82;-33
9892;Mannen;74 jaar;2016;1770;51;84;-33
9893;Mannen;74 jaar;2017;1876;51;83;-32
9894;Mannen;74 jaar;2018;1930;52;87;-35
9895;Mannen;74 jaar;2019;1807;51;90;-39
9896;Mannen;74 jaar;2020;2475;52;107;-55
9897;Mannen;74 jaar;2021;2334;53;108;-55
9898;Mannen;74 jaar;2022;2179;53;107;-54
9899;Mannen;74 jaar;2023;2064;52;107;-55
9900;Mannen;74 jaar;2024;1987;53;109;-56
9901;Mannen;74 jaar;2025;1935;53;103;-50
9902;Mannen;74 jaar;2026;1953;53;108;-55
9903;Mannen;74 jaar;2027;1902;53;108;-55
9904;Mannen;74 jaar;2028;1887;54;113;-59
9905;Mannen;74 jaar;2029;1860;54;117;-63
9906;Mannen;74 jaar;2030;1874;54;125;-71
9907;Mannen;74 jaar;2031;1858;54;124;-70
9908;Mannen;74 jaar;2032;1857;54;130;-76
9909;Mannen;74 jaar;2033;1863;55;136;-81
9910;Mannen;74 jaar;2034;1836;56;148;-92
9911;Mannen;74 jaar;2035;1845;57;145;-88
9912;Mannen;74 jaar;2036;1820;57;154;-97
9913;Mannen;74 jaar;2037;1819;56;157;-101
9914;Mannen;74 jaar;2038;1805;58;164;-106
9915;Mannen;74 jaar;2039;1736;57;165;-108
9916;Mannen;74 jaar;2040;1672;57;163;-106
9917;Mannen;74 jaar;2041;1626;57;158;-101
9918;Mannen;74 jaar;2042;1600;58;166;-108
9919;Mannen;74 jaar;2043;1635;58;171;-113
9920;Mannen;74 jaar;2044;1561;58;171;-113
9921;Mannen;74 jaar;2045;1467;58;166;-108
9922;Mannen;74 jaar;2046;1362;59;163;-104
9923;Mannen;74 jaar;2047;1238;59;158;-99
9924;Mannen;74 jaar;2048;1173;59;156;-97
9925;Mannen;74 jaar;2049;1104;59;151;-92
9926;Mannen;74 jaar;2050;1079;59;150;-91
9927;Mannen;74 jaar;2051;1041;59;152;-93
9928;Mannen;74 jaar;2052;1031;59;153;-94
9929;Mannen;74 jaar;2053;1008;59;154;-95
9930;Mannen;74 jaar;2054;1017;59;155;-96
9931;Mannen;74 jaar;2055;980;58;155;-97
9932;Mannen;74 jaar;2056;939;58;156;-98
9933;Mannen;74 jaar;2057;915;58;156;-98
9934;Mannen;74 jaar;2058;919;58;159;-101
9935;Mannen;74 jaar;2059;913;58;161;-103
9936;Mannen;75 jaar;2012;1778;44;69;-25
9937;Mannen;75 jaar;2013;1868;45;75;-30
9938;Mannen;75 jaar;2014;1871;43;74;-31
9939;Mannen;75 jaar;2015;1919;43;82;-39
9940;Mannen;75 jaar;2016;1842;45;73;-28
9941;Mannen;75 jaar;2017;1897;45;75;-30
9942;Mannen;75 jaar;2018;2012;47;77;-30
9943;Mannen;75 jaar;2019;2072;46;80;-34
9944;Mannen;75 jaar;2020;1941;47;82;-35
9945;Mannen;75 jaar;2021;2661;48;98;-50
9946;Mannen;75 jaar;2022;2511;50;99;-49
9947;Mannen;75 jaar;2023;2345;49;98;-49
9948;Mannen;75 jaar;2024;2224;49;97;-48
9949;Mannen;75 jaar;2025;2142;49;99;-50
9950;Mannen;75 jaar;2026;2087;49;94;-45
9951;Mannen;75 jaar;2027;2108;49;98;-49
9952;Mannen;75 jaar;2028;2054;50;99;-49
9953;Mannen;75 jaar;2029;2039;50;103;-53
9954;Mannen;75 jaar;2030;2011;50;106;-56
9955;Mannen;75 jaar;2031;2027;50;114;-64
9956;Mannen;75 jaar;2032;2011;50;114;-64
9957;Mannen;75 jaar;2033;2011;51;119;-68
9958;Mannen;75 jaar;2034;2019;52;125;-73
9959;Mannen;75 jaar;2035;1991;53;136;-83
9960;Mannen;75 jaar;2036;2002;53;133;-80
9961;Mannen;75 jaar;2037;1976;52;141;-89
9962;Mannen;75 jaar;2038;1976;54;144;-90
9963;Mannen;75 jaar;2039;1962;53;152;-99
9964;Mannen;75 jaar;2040;1888;53;153;-100
9965;Mannen;75 jaar;2041;1819;53;152;-99
9966;Mannen;75 jaar;2042;1770;54;146;-92
9967;Mannen;75 jaar;2043;1742;54;154;-100
9968;Mannen;75 jaar;2044;1782;54;159;-105
9969;Mannen;75 jaar;2045;1702;54;159;-105
9970;Mannen;75 jaar;2046;1600;55;155;-100
9971;Mannen;75 jaar;2047;1487;55;152;-97
9972;Mannen;75 jaar;2048;1352;55;147;-92
9973;Mannen;75 jaar;2049;1281;55;145;-90
9974;Mannen;75 jaar;2050;1206;55;141;-86
9975;Mannen;75 jaar;2051;1180;55;139;-84
9976;Mannen;75 jaar;2052;1138;55;141;-86
9977;Mannen;75 jaar;2053;1128;55;142;-87
9978;Mannen;75 jaar;2054;1104;55;143;-88
9979;Mannen;75 jaar;2055;1114;54;144;-90
9980;Mannen;75 jaar;2056;1074;54;143;-89
9981;Mannen;75 jaar;2057;1029;54;144;-90
9982;Mannen;75 jaar;2058;1004;54;144;-90
9983;Mannen;75 jaar;2059;1009;54;147;-93
9984;Mannen;76 jaar;2012;1914;43;60;-17
9985;Mannen;76 jaar;2013;1895;43;62;-19
9986;Mannen;76 jaar;2014;1993;43;67;-24
9987;Mannen;76 jaar;2015;1997;43;67;-24
9988;Mannen;76 jaar;2016;2049;43;74;-31
9989;Mannen;76 jaar;2017;1970;44;65;-21
9990;Mannen;76 jaar;2018;2030;45;69;-24
9991;Mannen;76 jaar;2019;2155;46;70;-24
9992;Mannen;76 jaar;2020;2221;46;74;-28
9993;Mannen;76 jaar;2021;2083;48;76;-28
9994;Mannen;76 jaar;2022;2857;47;88;-41
9995;Mannen;76 jaar;2023;2698;48;89;-41
9996;Mannen;76 jaar;2024;2522;47;88;-41
9997;Mannen;76 jaar;2025;2393;47;88;-41
9998;Mannen;76 jaar;2026;2307;47;91;-44
9999;Mannen;76 jaar;2027;2249;48;85;-37
