ID;LeeftijdReferentiepersoon;Perioden;TotaalParticuliereHuishoudens_1;Eenpersoonshuishouden_2;TotaalMeerpersoonshuishoudens_3;k_2Personen_4;k_3Personen_5;k_4Personen_6;k_5OfMeerPersonen_7
0;18;2013;7572950;2814296;4758654;2466725;917375;967444;407110
1;18;2014;7631040;2859051;4771989;2487184;922375;960994;401436
2;18;2015;7687941;2898063;4789878;2514067;926340;953257;396214
3;18;2016;7744955;2933430;4811525;2545164;928152;946278;391931
4;18;2017;7801612;2970189;4831423;2572758;929329;941113;388223
5;18;2018;7858284;3008182;4850102;2597312;930193;937509;385088
6;18;2019;7913495;3047107;4866388;2618612;931044;934658;382074
7;18;2020;7966669;3086024;4880645;2637597;932215;931797;379036
8;18;2021;8017601;3124378;4893223;2653812;933027;929646;376738
9;18;2022;8066425;3162402;4904023;2668451;932885;928020;374667
10;18;2023;8112864;3199472;4913392;2681131;931950;927166;373145
11;18;2024;8157134;3235882;4921252;2692311;930226;926613;372102
12;18;2025;8198971;3271372;4927599;2701164;929112;926104;371219
13;18;2026;8238193;3305973;4932220;2707900;926488;926719;371113
14;18;2027;8274896;3339810;4935086;2712359;923357;928144;371226
15;18;2028;8309114;3372813;4936301;2714489;919720;930350;371742
16;18;2029;8340757;3404726;4936031;2714416;915534;933495;372586
17;18;2030;8369439;3435092;4934347;2712346;910867;937430;373704
18;18;2031;8395011;3463401;4931610;2708195;905705;942425;375285
19;18;2032;8417714;3489983;4927731;2702723;900704;947378;376926
20;18;2033;8437881;3514862;4923019;2695986;895875;952384;378774
21;18;2034;8455864;3538209;4917655;2688322;891884;957026;380423
22;18;2035;8471968;3560187;4911781;2680143;888860;960950;381828
23;18;2036;8486450;3580715;4905735;2671225;886324;964953;383233
24;18;2037;8499431;3600175;4899256;2662061;884446;968307;384442
25;18;2038;8511168;3618334;4892834;2652837;883555;971003;385439
26;18;2039;8521899;3635362;4886537;2644020;883239;973213;386065
27;18;2040;8531802;3651299;4880503;2635776;883443;974933;386351
28;18;2041;8541045;3666374;4874671;2628273;883692;976226;386480
29;18;2042;8549807;3680702;4869105;2621499;884077;977075;386454
30;18;2043;8558162;3694357;4863805;2615563;884887;977136;386219
31;18;2044;8566165;3707378;4858787;2610422;886280;976361;385724
32;18;2045;8573837;3719760;4854077;2606036;887797;975201;385043
33;18;2046;8581183;3731466;4849717;2602240;889290;973891;384296
34;18;2047;8588129;3742482;4845647;2598800;890682;972616;383549
35;18;2048;8594703;3752726;4841977;2595855;892018;971341;382763
36;18;2049;8600719;3762070;4838649;2593300;893288;970033;382028
37;18;2050;8606161;3770413;4835748;2591070;894433;968842;381403
38;18;2051;8610958;3777655;4833303;2589192;895466;967773;380872
39;18;2052;8615080;3783751;4831329;2587662;896390;966809;380468
40;18;2053;8618508;3788609;4829899;2586595;897200;965940;380164
41;18;2054;8621237;3792269;4828968;2585952;897805;965165;380046
42;18;2055;8623414;3794780;4828634;2585709;898094;964641;380190
43;18;2056;8625080;3796210;4828870;2585943;898198;964281;380448
44;18;2057;8626362;3796650;4829712;2586599;898126;964132;380855
45;18;2058;8627333;3796219;4831114;2587669;897843;964225;381377
46;18;2059;8628240;3795118;4833122;2589209;897390;964535;381988
47;18;2060;8629257;3793504;4835753;2591125;896645;965204;382779
48;19;2013;402943;322928;80015;63913;11763;2796;1543
49;19;2014;403836;321959;81877;65247;12096;2931;1603
50;19;2015;406277;320663;85614;68412;12441;3081;1680
51;19;2016;407526;318373;89153;71467;12716;3217;1753
52;19;2017;408658;317948;90710;72843;12787;3287;1793
53;19;2018;410428;319099;91329;73355;12823;3330;1821
54;19;2019;412846;321271;91575;73508;12842;3378;1847
55;19;2020;414576;323159;91417;73314;12832;3404;1867
56;19;2021;418010;325949;92061;73800;12916;3449;1896
57;19;2022;421236;328427;92809;74334;13042;3503;1930
58;19;2023;423476;329737;93739;75041;13170;3563;1965
59;19;2024;422288;328588;93700;74914;13202;3598;1986
60;19;2025;419356;326154;93202;74396;13184;3620;2002
61;19;2026;413331;321629;91702;73031;13061;3610;2000
62;19;2027;407697;317494;90203;71698;12913;3593;1999
63;19;2028;402053;313559;88494;70178;12748;3574;1994
64;19;2029;396106;309630;86476;68392;12558;3542;1984
65;19;2030;392197;307040;85157;67238;12417;3518;1984
66;19;2031;389904;305437;84467;66618;12345;3512;1992
67;19;2032;387953;304000;83953;66129;12307;3512;2005
68;19;2033;387311;303286;84025;66166;12306;3528;2025
69;19;2034;385127;301723;83404;65584;12259;3527;2034
70;19;2035;383072;300361;82711;64953;12200;3517;2041
71;19;2036;381571;299480;82091;64394;12145;3503;2049
72;19;2037;381953;299974;81979;64262;12151;3502;2064
73;19;2038;384089;301604;82485;64661;12217;3519;2088
74;19;2039;386611;303458;83153;65196;12301;3542;2114
75;19;2040;389340;305405;83935;65825;12400;3568;2142
76;19;2041;391904;307208;84696;66437;12498;3592;2169
77;19;2042;394362;308905;85457;67050;12597;3615;2195
78;19;2043;396470;310358;86112;67573;12685;3636;2218
79;19;2044;398423;311684;86739;68074;12768;3656;2241
80;19;2045;400139;312841;87298;68518;12844;3675;2261
81;19;2046;401637;313834;87803;68917;12912;3693;2281
82;19;2047;402854;314622;88232;69253;12971;3709;2299
83;19;2048;403921;315286;88635;69569;13026;3724;2316
84;19;2049;404794;315805;88989;69845;13073;3739;2332
85;19;2050;405374;316119;89255;70046;13111;3751;2347
86;19;2051;405742;316268;89474;70207;13143;3763;2361
87;19;2052;405886;316247;89639;70328;13166;3772;2373
88;19;2053;405750;316005;89745;70401;13182;3779;2383
89;19;2054;405298;315526;89772;70410;13186;3784;2392
90;19;2055;404511;314809;89702;70339;13179;3786;2398
91;19;2056;403423;313873;89550;70201;13162;3785;2402
92;19;2057;402056;312753;89303;69989;13132;3779;2403
93;19;2058;400506;311515;88991;69725;13092;3772;2402
94;19;2059;398839;310211;88628;69418;13048;3762;2400
95;19;2060;397150;308918;88232;69091;12997;3748;2396
96;20;2013;1110096;500747;609349;310629;154624;109375;34721
97;20;2014;1118433;508049;610384;309839;155553;110125;34867
98;20;2015;1127321;511850;615471;312075;157289;111111;34996
99;20;2016;1136108;513221;622887;316622;158773;112291;35201
100;20;2017;1147455;515106;632349;322027;160297;114260;35765
101;20;2018;1161233;517501;643732;328328;162061;116869;36474
102;20;2019;1174646;520055;654591;334253;163682;119583;37073
103;20;2020;1185252;522283;662969;338313;164981;122165;37510
104;20;2021;1191932;522837;669095;340945;165932;124388;37830
105;20;2022;1195506;522574;672932;342080;166376;126280;38196
106;20;2023;1197985;522674;675311;342381;166461;127897;38572
107;20;2024;1203804;525073;678731;343972;166643;129295;38821
108;20;2025;1209466;527961;681505;345403;167075;130183;38844
109;20;2026;1212542;530803;681739;344746;167331;130818;38844
110;20;2027;1214559;533024;681535;343656;167398;131487;38994
111;20;2028;1216806;535201;681605;342697;167640;132109;39159
112;20;2029;1219543;537338;682205;342158;167904;132829;39314
113;20;2030;1218745;537412;681333;340373;167645;133746;39569
114;20;2031;1217721;536618;681103;339368;167137;134686;39912
115;20;2032;1215165;535093;680072;338212;166471;135269;40120
116;20;2033;1210220;532360;677860;336697;165419;135586;40158
117;20;2034;1202857;529292;673565;334077;164127;135292;40069
118;20;2035;1194278;525943;668335;331189;162909;134408;39829
119;20;2036;1183015;521670;661345;327048;161346;133356;39595
120;20;2037;1171606;516963;654643;323171;159967;132124;39381
121;20;2038;1159622;511807;647815;319058;158814;130874;39069
122;20;2039;1148167;506956;641211;314861;157675;129822;38853
123;20;2040;1140758;503655;637103;312481;156850;129001;38771
124;20;2041;1137023;501883;635140;311653;156347;128404;38736
125;20;2042;1134981;500903;634078;311392;156017;127959;38710
126;20;2043;1135961;501148;634813;312521;156027;127631;38634
127;20;2044;1135576;501073;634503;312576;156207;127212;38508
128;20;2045;1136194;501413;634781;312836;156552;126928;38465
129;20;2046;1138150;502245;635905;313464;157019;126858;38564
130;20;2047;1142626;504018;638608;315082;157694;127079;38753
131;20;2048;1149218;506470;642748;317686;158540;127550;38972
132;20;2049;1155998;508936;647062;320331;159393;128127;39211
133;20;2050;1162754;511368;651386;322956;160224;128746;39460
134;20;2051;1168915;513536;655379;325325;160979;129357;39718
135;20;2052;1174517;515474;659043;327485;161647;129949;39962
136;20;2053;1179312;517090;662222;329317;162221;130506;40178
137;20;2054;1183595;518509;665086;330970;162707;131029;40380
138;20;2055;1187252;519696;667556;332389;163116;131492;40559
139;20;2056;1190287;520647;669640;333581;163438;131902;40719
140;20;2057;1192606;521321;671285;334510;163664;132250;40861
141;20;2058;1194289;521737;672552;335232;163803;132538;40979
142;20;2059;1195260;521877;673383;335694;163855;132759;41075
143;20;2060;1195365;521665;673700;335839;163818;132898;41145
144;21;2013;1334422;347517;986905;214505;218552;381721;172127
145;21;2014;1302943;345344;957599;207628;212938;370153;166880
146;21;2015;1263770;339419;924351;199359;206565;357050;161377
147;21;2016;1232093;334137;897956;193074;200833;346504;157545
148;21;2017;1205156;329385;875771;186940;195663;338790;154378
149;21;2018;1183306;324922;858384;180669;191309;333897;152509
150;21;2019;1171429;322437;848992;175622;188657;332615;152098
151;21;2020;1166787;321275;845512;172929;187567;333034;151982
152;21;2021;1168604;321471;847133;171140;187575;335601;152817
153;21;2022;1173818;322380;851438;170395;187979;339185;153879
154;21;2023;1181716;323806;857910;170407;188565;343811;155127
155;21;2024;1187788;324402;863386;169637;189132;348428;156189
156;21;2025;1195314;325428;869886;169320;190076;353286;157204
157;21;2026;1203965;326958;877007;170278;190800;357850;158079
158;21;2027;1214623;329098;885525;172142;191614;362433;159336
159;21;2028;1227218;331825;895393;174911;192917;366868;160697
160;21;2029;1239568;334653;904915;177733;194339;371195;161648
161;21;2030;1249686;337111;912575;179593;195490;375292;162200
162;21;2031;1255645;338320;917325;179640;196046;379026;162613
163;21;2032;1259097;338892;920205;178732;196207;382020;163246
164;21;2033;1261658;339545;922113;177327;196239;384496;164051
165;21;2034;1268438;341813;926625;178362;196566;387045;164652
166;21;2035;1275113;344178;930935;179807;196909;389169;165050
167;21;2036;1279319;345930;933389;180517;196836;390691;165345
168;21;2037;1281967;347090;934877;181061;196630;391633;165553
169;21;2038;1284646;348246;936400;182163;196596;392039;165602
170;21;2039;1287633;349487;938146;184086;196489;392141;165430
171;21;2040;1286409;349361;937048;184348;196021;391693;164986
172;21;2041;1284839;349025;935814;184956;195246;390986;164626
173;21;2042;1282113;348391;933722;185415;194418;389838;164051
174;21;2043;1276860;346949;929911;184994;193595;388195;163127
175;21;2044;1270076;345124;924952;184272;192742;385839;162099
176;21;2045;1262009;342885;919124;183065;191870;383192;160997
177;21;2046;1251106;339704;911402;180472;190771;380375;159784
178;21;2047;1239783;336223;903560;177412;189597;377767;158784
179;21;2048;1227670;332397;895273;173487;188540;375501;157745
180;21;2049;1216258;328737;887521;169379;187526;373616;157000
181;21;2050;1208986;326309;882677;166760;186818;372364;156735
182;21;2051;1205473;325043;880430;165468;186549;371662;156751
183;21;2052;1203694;324289;879405;164593;186502;371397;156913
184;21;2053;1204956;324421;880535;164906;186765;371701;157163
185;21;2054;1204819;324102;880717;164176;186982;372134;157425
186;21;2055;1205643;324003;881640;163651;187225;372868;157896
187;21;2056;1207714;324248;883466;163507;187513;373843;158603
188;21;2057;1212254;325262;886992;164365;188056;375161;159410
189;21;2058;1218799;326894;891905;166125;188777;376748;160255
190;21;2059;1225500;328599;896901;167971;189509;378359;161062
191;21;2060;1232185;330334;901851;169884;190210;379941;161816
192;22;2013;1514227;369855;1144372;327237;278777;372339;166019
193;22;2014;1524310;375717;1148593;329862;280830;373153;164748
194;22;2015;1537176;382135;1155041;333438;282866;374432;164305
195;22;2016;1544150;387072;1157078;335958;283503;374363;163254
196;22;2017;1541189;389056;1152133;335385;282715;372442;161591
197;22;2018;1529500;388846;1140654;332524;280524;368567;159039
198;22;2019;1504356;385183;1119173;326160;276411;361463;155139
199;22;2020;1472340;379735;1092605;317511;271068;352834;151192
200;22;2021;1437874;373705;1064169;308530;264850;343394;147395
201;22;2022;1405636;368314;1037322;300236;258822;334586;143678
202;22;2023;1372906;362426;1010480;291736;252212;326109;140423
203;22;2024;1340528;356466;984062;282841;244871;318437;137913
204;22;2025;1301197;347663;953534;271024;236219;310690;135601
205;22;2026;1269378;340385;928993;260838;228366;305394;134395
206;22;2027;1241944;333965;907979;251124;222087;301687;133081
207;22;2028;1219127;328110;891017;241987;217036;299759;132235
208;22;2029;1206143;324733;881410;235450;213808;299767;132385
209;22;2030;1200432;322927;877505;231647;212065;300789;133004
210;22;2031;1201444;322733;878711;229755;211645;303205;134106
211;22;2032;1205999;323331;882668;229059;212056;306295;135258
212;22;2033;1213538;324555;888983;229452;213068;309943;136520
213;22;2034;1219315;325058;894257;229106;214157;313367;137627
214;22;2035;1226711;326047;900664;229430;215614;316851;138769
215;22;2036;1235362;327331;908031;230658;217230;320355;139788
216;22;2037;1246090;329298;916792;232917;219165;323816;140894
217;22;2038;1258825;332038;926787;236339;221425;326984;142039
218;22;2039;1271450;334962;936488;240132;223764;329745;142847
219;22;2040;1281849;337425;944424;243099;225912;332086;143327
220;22;2041;1288100;338735;949365;244459;227506;333857;143543
221;22;2042;1291712;339256;952456;244840;228465;335256;143895
222;22;2043;1294456;339765;954691;244794;229109;336326;144462
223;22;2044;1301377;341741;959636;247048;230109;337590;144889
224;22;2045;1308173;343828;964345;249579;230971;338648;145147
225;22;2046;1312511;345177;967334;251100;231512;339406;145316
226;22;2047;1315301;346089;969212;252270;231832;339868;145242
227;22;2048;1318182;347196;970986;253856;232074;339944;145112
228;22;2049;1321340;348474;972866;256064;232427;339618;144757
229;22;2050;1320349;348559;971790;256549;232458;338743;144040
230;22;2051;1318982;348617;970365;257321;232272;337561;143211
231;22;2052;1316439;348411;968028;257783;231883;335990;142372
232;22;2053;1311323;347345;963978;257337;231121;334027;141493
233;22;2054;1304611;345673;958938;256258;229914;331949;140817
234;22;2055;1296620;343558;953062;254492;228396;329908;140266
235;22;2056;1285738;340348;945390;251225;226659;327887;139619
236;22;2057;1274483;336929;937554;247536;224813;326092;139113
237;22;2058;1262415;333167;929248;243060;223059;324476;138653
238;22;2059;1251050;329482;921568;238498;221466;323228;138376
239;22;2060;1243794;327022;916772;235480;220243;322608;138441
240;23;2013;1316945;393365;923580;613053;192594;89550;28383
241;23;2014;1324835;402708;922127;602710;197956;92543;28918
242;23;2015;1340042;413796;926246;598875;202863;95127;29381
243;23;2016;1358712;425528;933184;599414;206943;97161;29666
244;23;2017;1381880;438686;943194;602134;211547;99377;30136
245;23;2018;1402801;450872;951929;603901;215824;101595;30609
246;23;2019;1427327;463946;963381;607683;220452;104058;31188
247;23;2020;1452292;476736;975556;612042;225341;106488;31685
248;23;2021;1473398;488098;985300;615142;229705;108557;31896
249;23;2022;1487902;497231;990671;615711;233081;109880;31999
250;23;2023;1499368;504960;994408;615412;236200;110830;31966
251;23;2024;1508964;511925;997039;614354;239155;111529;32001
252;23;2025;1521724;519702;1002022;613996;243171;112583;32272
253;23;2026;1529365;526515;1002850;612128;245501;112882;32339
254;23;2027;1527001;530003;996998;606593;245777;112388;32240
255;23;2028;1515934;531052;984882;598067;243776;111111;31928
256;23;2029;1491679;527724;963955;584416;239291;108867;31381
257;23;2030;1460854;521851;939003;567986;233681;106425;30911
258;23;2031;1427692;515051;912641;550817;227330;104024;30470
259;23;2032;1396715;508539;888176;534694;221318;102119;30045
260;23;2033;1365156;501042;864114;518428;215505;100499;29682
261;23;2034;1334021;492710;841311;501933;210440;99341;29597
262;23;2035;1295995;480279;815716;482048;205700;98379;29589
263;23;2036;1265242;469478;795764;465459;202299;98248;29758
264;23;2037;1238678;459909;778769;450655;199937;98368;29809
265;23;2038;1216529;451328;765201;438358;198286;98694;29863
266;23;2039;1204017;446534;757483;430629;197625;99166;30063
267;23;2040;1198757;444060;754697;426618;197819;99869;30391
268;23;2041;1200210;444074;756136;425934;198736;100777;30689
269;23;2042;1205209;445245;759964;427105;200089;101845;30925
270;23;2043;1213150;447383;765767;430032;201762;102841;31132
271;23;2044;1219269;448757;770512;432326;203299;103552;31335
272;23;2045;1227044;450975;776069;435445;204855;104237;31532
273;23;2046;1236028;453290;782738;439463;206605;104965;31705
274;23;2047;1247054;456563;790491;444728;208349;105569;31845
275;23;2048;1260071;461033;799038;451171;209865;105993;32009
276;23;2049;1272983;465751;807232;457713;211091;106298;32130
277;23;2050;1283662;469630;814032;463141;212100;106578;32213
278;23;2051;1290137;471877;818260;466568;212750;106728;32214
279;23;2052;1293833;472694;821139;468783;213168;106954;32234
280;23;2053;1296685;473455;823230;470215;213566;107135;32314
281;23;2054;1303683;475778;827905;473732;214368;107426;32379
282;23;2055;1310562;478075;832487;477220;215193;107678;32396
283;23;2056;1315058;479368;835690;479440;215969;107873;32408
284;23;2057;1317956;480133;837823;481117;216560;107804;32342
285;23;2058;1320964;481241;839723;482973;216827;107598;32325
286;23;2059;1324235;482573;841662;485231;216862;107284;32285
287;23;2060;1323378;482581;840797;485482;216335;106813;32167
288;24;2013;1031003;371951;659052;599711;46079;9635;3627
289;24;2014;1071688;387993;683695;622251;47684;10042;3718
290;24;2015;1106394;403311;703083;640217;48697;10393;3776
291;24;2016;1135638;417893;717745;653889;49402;10644;3810
292;24;2017;1166063;433798;732265;667504;50089;10830;3842
293;24;2018;1196298;450243;746055;680015;51031;11103;3906
294;24;2019;1218912;464431;754481;687174;51968;11363;3976
295;24;2020;1238493;477877;760616;691976;52998;11618;4024
296;24;2021;1263786;494301;769485;699203;54236;11943;4103
297;24;2022;1255429;496275;759154;687786;55084;12150;4134
298;24;2023;1253608;500657;752951;680138;56164;12443;4206
299;24;2024;1261484;509270;752214;677733;57476;12728;4277
300;24;2025;1276602;520539;756063;679528;59106;13061;4368
301;24;2026;1294992;532757;762235;683690;60667;13393;4485
302;24;2027;1317819;547094;770725;690095;62338;13706;4586
303;24;2028;1338447;560488;777959;695389;63857;13999;4714
304;24;2029;1362525;575382;787143;702662;65364;14290;4827
305;24;2030;1387114;590644;796470;710177;66787;14565;4941
306;24;2031;1407942;604461;803481;715753;67875;14793;5060
307;24;2032;1422863;616242;806621;718131;68493;14899;5098
308;24;2033;1435011;626879;808132;719016;68961;14996;5159
309;24;2034;1445551;636925;808626;718916;69432;15053;5225
310;24;2035;1459389;648494;810895;720356;70058;15164;5317
311;24;2036;1468617;658489;810128;718986;70449;15270;5423
312;24;2037;1468159;664209;803950;713178;70054;15271;5447
313;24;2038;1459433;666527;792906;703033;69187;15232;5454
314;24;2039;1437975;662739;775236;686880;67867;15076;5413
315;24;2040;1410192;655428;754764;668016;66441;14932;5375
316;24;2041;1380048;646698;733350;648280;64961;14778;5331
317;24;2042;1351879;638228;713651;629953;63742;14679;5277
318;24;2043;1323002;628662;694340;611873;62660;14581;5226
319;24;2044;1294653;618472;676181;594580;61842;14544;5215
320;24;2045;1259691;603799;655892;575081;61113;14507;5191
321;24;2046;1231758;591545;640213;559788;60692;14547;5186
322;24;2047;1207752;580897;626855;546754;60380;14559;5162
323;24;2048;1187704;571449;616255;536416;60141;14555;5143
324;24;2049;1176839;566414;610425;530634;60076;14571;5144
325;24;2050;1173038;564449;608589;528614;60199;14612;5164
326;24;2051;1175719;565570;610149;529831;60465;14671;5182
327;24;2052;1181991;568336;613655;532842;60873;14743;5197
328;24;2053;1191040;572078;618962;537578;61348;14811;5225
329;24;2054;1198223;574780;623443;541543;61774;14874;5252
330;24;2055;1206978;578299;628679;546244;62206;14950;5279
331;24;2056;1216943;581928;635015;551959;62718;15032;5306
332;24;2057;1228812;586464;642348;558737;63174;15100;5337
333;24;2058;1242530;592077;650453;566347;63568;15161;5377
334;24;2059;1256051;597771;658280;573738;63920;15218;5404
335;24;2060;1267338;602413;664925;579978;64251;15272;5424
336;25;2013;636867;339945;296922;281951;12642;1729;600
337;25;2014;649650;343511;306139;290951;12847;1733;608
338;25;2015;663464;348000;315464;300062;13062;1738;602
339;25;2016;677978;352612;325366;309698;13308;1759;601
340;25;2017;690110;356670;333440;317579;13465;1782;614
341;25;2018;704857;361884;342973;326808;13753;1791;621
342;25;2019;727064;370930;356134;339581;14081;1831;641
343;25;2020;752400;381728;370672;353742;14389;1879;662
344;25;2021;771803;390307;381496;364195;14687;1930;684
345;25;2022;826283;414607;411676;393626;15279;2041;730
346;25;2023;875089;437865;437224;418490;15865;2109;760
347;25;2024;912643;456350;456293;437017;16309;2180;787
348;25;2025;944299;473192;471107;451348;16710;2250;799
349;25;2026;970898;488482;482416;462220;17037;2324;835
350;25;2027;997289;504457;492832;472236;17360;2385;851
351;25;2028;1023378;520451;502927;481899;17701;2454;873
352;25;2029;1043000;533310;509690;488242;18039;2508;901
353;25;2030;1060013;544810;515203;493323;18368;2572;940
354;25;2031;1080733;558815;521918;499576;18738;2632;972
355;25;2032;1077458;558032;519426;496765;18995;2681;985
356;25;2033;1079858;560312;519546;496539;19283;2723;1001
357;25;2034;1090234;567130;523104;499708;19602;2761;1033
358;25;2035;1106858;577321;529537;505714;19984;2800;1039
359;25;2036;1126002;588767;537235;512942;20372;2847;1074
360;25;2037;1149186;602659;546527;521797;20747;2895;1088
361;25;2038;1170671;615685;554986;529856;21075;2943;1112
362;25;2039;1194984;630330;564654;539134;21405;2986;1129
363;25;2040;1219835;645532;574303;548419;21718;3029;1137
364;25;2041;1240791;658931;581860;555692;21950;3061;1157
365;25;2042;1256687;670100;586587;560216;22116;3088;1167
366;25;2043;1269991;680099;589892;563374;22229;3113;1176
367;25;2044;1281949;689574;592375;565749;22303;3134;1189
368;25;2045;1297309;700871;596438;569690;22391;3162;1195
369;25;2046;1308373;710473;597900;571127;22398;3176;1199
370;25;2047;1310565;715241;595324;568653;22297;3177;1197
371;25;2048;1305199;716333;588866;562411;22097;3165;1193
372;25;2049;1288186;710958;577228;551117;21798;3138;1175
373;25;2050;1265592;702038;563554;537835;21455;3106;1158
374;25;2051;1240561;691615;548946;523630;21098;3073;1145
375;25;2052;1217084;681510;535574;510597;20817;3037;1123
376;25;2053;1192991;670480;522511;497845;20555;3003;1108
377;25;2054;1169801;659158;510643;486222;20340;2983;1098
378;25;2055;1141695;643881;497814;473623;20143;2960;1088
379;25;2056;1120380;631669;488711;464645;20035;2952;1079
380;25;2057;1102542;621337;481205;457216;19980;2936;1073
381;25;2058;1087733;612240;475493;451535;19965;2924;1069
382;25;2059;1080700;607652;473048;449047;20006;2924;1071
383;25;2060;1079991;606322;473669;449553;20109;2932;1075
384;26;2013;216007;158979;57028;54386;2267;289;86
385;26;2014;224214;164163;60051;57269;2390;302;90
386;26;2015;231518;168563;62955;60084;2466;313;92
387;26;2016;239125;172859;66266;63272;2573;326;95
388;26;2017;246075;176613;69462;66372;2658;333;99
389;26;2018;253677;180902;72775;69580;2752;342;101
390;26;2019;259501;183906;75595;72316;2826;350;103
391;26;2020;266107;187420;78687;75316;2908;357;106
392;26;2021;272907;191179;81728;78263;2991;365;109
393;26;2022;280432;195350;85082;81517;3079;375;111
394;26;2023;287729;199463;88266;84604;3164;384;114
395;26;2024;297608;205083;92525;88727;3282;398;118
396;26;2025;307984;211206;96778;92842;3408;409;119
397;26;2026;319413;217894;101519;97419;3551;425;124
398;26;2027;328548;223249;105299;101043;3686;442;128
399;26;2028;339535;229747;109788;105354;3853;452;129
400;26;2029;354684;238882;115802;111166;4030;472;134
401;26;2030;371820;249399;122421;117582;4203;496;140
402;26;2031;384266;257221;127045;122014;4368;517;146
403;26;2032;421534;280125;141409;136075;4626;553;155
404;26;2033;452984;300204;152780;147179;4854;584;163
405;26;2034;476380;315480;160900;155076;5046;608;170
406;26;2035;494771;328036;166735;160717;5214;628;176
407;26;2036;509498;338433;171065;164873;5362;648;182
408;26;2037;522491;347789;174702;168356;5497;662;187
409;26;2038;536093;357297;178796;172286;5640;679;191
410;26;2039;546985;364888;182097;175429;5779;693;196
411;26;2040;557374;371898;185476;178646;5922;709;199
412;26;2041;568818;379689;189129;182131;6070;724;204
413;26;2042;575754;383406;192348;185188;6213;740;207
414;26;2043;585471;389191;196280;188947;6366;756;211
415;26;2044;598517;397325;201192;193674;6530;773;215
416;26;2045;614567;407604;206963;199252;6701;790;220
417;26;2046;631035;418166;212869;204977;6861;806;225
418;26;2047;649854;430422;219432;211353;7026;824;229
419;26;2048;667893;442209;225684;217432;7177;840;235
420;26;2049;687128;454816;232312;223893;7325;855;239
421;26;2050;706582;467730;238852;230276;7464;869;243
422;26;2051;722729;478676;244053;235341;7585;880;247
423;26;2052;735582;487758;247824;239007;7681;887;249
424;26;2053;746777;495892;250885;241980;7760;893;252
425;26;2054;757612;503854;253758;244780;7825;900;253
426;26;2055;772150;514139;258011;248954;7892;908;257
427;26;2056;783311;522539;260772;251668;7932;913;259
428;26;2057;788619;527122;261497;252386;7939;913;259
429;26;2058;788431;528412;260019;250939;7914;908;258
430;26;2059;780115;524273;255842;246836;7855;896;255
431;26;2060;768638;517731;250907;241990;7783;883;251
432;27;2013;10443;9009;1434;1340;78;11;5
433;27;2014;11130;9607;1523;1426;81;11;5
434;27;2015;11978;10326;1652;1544;90;12;6
435;27;2016;13625;11735;1890;1771;100;13;6
436;27;2017;15032;12927;2105;1974;109;15;7
437;27;2018;16185;13913;2272;2134;115;16;7
438;27;2019;17411;14948;2463;2314;124;17;8
439;27;2020;18419;15811;2608;2453;129;18;8
440;27;2021;19287;16531;2756;2594;135;18;9
441;27;2022;20178;17244;2934;2765;141;19;9
442;27;2023;20985;17884;3101;2923;148;20;10
443;27;2024;22028;18725;3303;3116;156;21;10
444;27;2025;23033;19527;3506;3309;164;22;11
445;27;2026;24309;20550;3759;3550;175;23;11
446;27;2027;25418;21426;3992;3772;184;24;12
447;27;2028;26618;22380;4238;4008;193;25;12
448;27;2029;27512;23074;4438;4198;201;26;13
449;27;2030;28575;23898;4677;4426;210;27;14
450;27;2031;29662;24745;4917;4655;220;28;14
451;27;2032;30930;25729;5201;4925;231;30;15
452;27;2033;32146;26679;5467;5180;241;31;15
453;27;2034;33939;28078;5861;5558;255;32;16
454;27;2035;35776;29528;6248;5928;269;34;17
455;27;2036;37824;31137;6687;6347;285;36;19
456;27;2037;39301;32284;7017;6662;299;37;19
457;27;2038;41261;33802;7459;7083;317;39;20
458;27;2039;44080;36008;8072;7672;336;42;22
459;27;2040;47288;38535;8753;8324;360;45;24
460;27;2041;49313;40131;9182;8732;378;47;25
461;27;2042;57105;46268;10837;10338;419;52;28
462;27;2043;62798;50802;11996;11454;454;57;31
463;27;2044;66326;53628;12698;12124;480;61;33
464;27;2045;68713;55544;13169;12570;501;63;35
465;27;2046;70584;57032;13552;12932;519;65;36
466;27;2047;72343;58407;13936;13296;536;67;37
467;27;2048;74845;60353;14492;13826;558;70;38
468;27;2049;77195;62179;15016;14324;580;72;40
469;27;2050;79825;64211;15614;14894;603;75;42
470;27;2051;82701;66453;16248;15500;627;78;43
471;27;2052;86058;69032;17026;16244;656;81;45
472;27;2053;89672;71843;17829;17015;683;84;47
473;27;2054;93597;74889;18708;17862;710;87;49
474;27;2055;98001;78320;19681;18796;744;90;51
475;27;2056;102227;81590;20637;19717;773;94;53
476;27;2057;107031;85329;21702;20742;807;97;56
477;27;2058;111666;88936;22730;21733;838;101;58
478;27;2059;116492;92680;23812;22776;870;105;61
479;27;2060;121418;96518;24900;23828;901;108;63
480;1;2013;57209;52547;4662;3607;783;147;125
481;1;2014;57519;52472;5047;3919;840;157;131
482;1;2015;57859;52485;5374;4216;864;161;133
483;1;2016;59338;53545;5793;4615;883;162;133
484;1;2017;60941;54973;5968;4770;898;165;135
485;1;2018;62401;56260;6141;4910;923;169;139
486;1;2019;63192;56982;6210;4958;937;173;142
487;1;2020;63675;57429;6246;4979;947;176;144
488;1;2021;62860;56710;6150;4891;940;175;144
489;1;2022;62265;56196;6069;4816;934;175;144
490;1;2023;61342;55380;5962;4719;926;174;143
491;1;2024;59683;53911;5772;4553;907;171;141
492;1;2025;58491;52847;5644;4438;895;170;141
493;1;2026;57877;52315;5562;4363;890;169;140
494;1;2027;57592;52090;5502;4302;889;170;141
495;1;2028;57990;52466;5524;4311;898;172;143
496;1;2029;57775;52303;5472;4257;899;172;144
497;1;2030;57190;51796;5394;4183;895;172;144
498;1;2031;56227;50931;5296;4096;886;171;143
499;1;2032;55787;50539;5248;4047;885;172;144
500;1;2033;55949;50683;5266;4053;893;174;146
501;1;2034;56256;50958;5298;4071;903;176;148
502;1;2035;56668;51330;5338;4096;914;178;150
503;1;2036;57071;51687;5384;4124;926;181;153
504;1;2037;57488;52054;5434;4158;938;183;155
505;1;2038;57829;52349;5480;4189;949;185;157
506;1;2039;58162;52635;5527;4222;959;187;159
507;1;2040;58466;52895;5571;4251;970;189;161
508;1;2041;58734;53125;5609;4276;979;191;163
509;1;2042;58946;53301;5645;4301;988;192;164
510;1;2043;59148;53470;5678;4325;995;193;165
511;1;2044;59333;53627;5706;4343;1002;194;167
512;1;2045;59453;53722;5731;4360;1008;195;168
513;1;2046;59538;53789;5749;4371;1013;196;169
514;1;2047;59616;53850;5766;4381;1018;197;170
515;1;2048;59669;53887;5782;4391;1023;197;171
516;1;2049;59682;53891;5791;4396;1026;198;171
517;1;2050;59644;53850;5794;4395;1029;198;172
518;1;2051;59548;53759;5789;4387;1031;198;173
519;1;2052;59392;53619;5773;4371;1031;198;173
520;1;2053;59186;53428;5758;4356;1031;198;173
521;1;2054;58941;53203;5738;4338;1029;198;173
522;1;2055;58668;52958;5710;4314;1026;197;173
523;1;2056;58386;52702;5684;4290;1024;197;173
524;1;2057;58102;52450;5652;4262;1021;196;173
525;1;2058;57842;52218;5624;4237;1018;196;173
526;1;2059;57606;52008;5598;4214;1015;196;173
527;1;2060;57406;51827;5579;4198;1013;195;173
528;2;2013;345734;270381;75353;60306;10980;2649;1418
529;2;2014;346317;269487;76830;61328;11256;2774;1472
530;2;2015;348418;268178;80240;64196;11577;2920;1547
531;2;2016;348188;264828;83360;66852;11833;3055;1620
532;2;2017;347717;262975;84742;68073;11889;3122;1658
533;2;2018;348027;262839;85188;68445;11900;3161;1682
534;2;2019;349654;264289;85365;68550;11905;3205;1705
535;2;2020;350901;265730;85171;68335;11885;3228;1723
536;2;2021;355150;269239;85911;68909;11976;3274;1752
537;2;2022;358971;272231;86740;69518;12108;3328;1786
538;2;2023;362134;274357;87777;70322;12244;3389;1822
539;2;2024;362605;274677;87928;70361;12295;3427;1845
540;2;2025;360865;273307;87558;69958;12289;3450;1861
541;2;2026;355454;269314;86140;68668;12171;3441;1860
542;2;2027;350105;265404;84701;67396;12024;3423;1858
543;2;2028;344063;261093;82970;65867;11850;3402;1851
544;2;2029;338331;257327;81004;64135;11659;3370;1840
545;2;2030;335007;255244;79763;63055;11522;3346;1840
546;2;2031;333677;254506;79171;62522;11459;3341;1849
547;2;2032;332166;253461;78705;62082;11422;3340;1861
548;2;2033;331362;252603;78759;62113;11413;3354;1879
549;2;2034;328871;250765;78106;61513;11356;3351;1886
550;2;2035;326404;249031;77373;60857;11286;3339;1891
551;2;2036;324500;247793;76707;60270;11219;3322;1896
552;2;2037;324465;247920;76545;60104;11213;3319;1909
553;2;2038;326260;249255;77005;60472;11268;3334;1931
554;2;2039;328449;250823;77626;60974;11342;3355;1955
555;2;2040;330874;252510;78364;61574;11430;3379;1981
556;2;2041;333170;254083;79087;62161;11519;3401;2006
557;2;2042;335416;255604;79812;62749;11609;3423;2031
558;2;2043;337322;256888;80434;63248;11690;3443;2053
559;2;2044;339090;258057;81033;63731;11766;3462;2074
560;2;2045;340686;259119;81567;64158;11836;3480;2093
561;2;2046;342099;260045;82054;64546;11899;3497;2112
562;2;2047;343238;260772;82466;64872;11953;3512;2129
563;2;2048;344252;261399;82853;65178;12003;3527;2145
564;2;2049;345112;261914;83198;65449;12047;3541;2161
565;2;2050;345730;262269;83461;65651;12082;3553;2175
566;2;2051;346194;262509;83685;65820;12112;3565;2188
567;2;2052;346494;262628;83866;65957;12135;3574;2200
568;2;2053;346564;262577;83987;66045;12151;3581;2210
569;2;2054;346357;262323;84034;66072;12157;3586;2219
570;2;2055;345843;261851;83992;66025;12153;3589;2225
571;2;2056;345037;261171;83866;65911;12138;3588;2229
572;2;2057;343954;260303;83651;65727;12111;3583;2230
573;2;2058;342664;259297;83367;65488;12074;3576;2229
574;2;2059;341233;258203;83030;65204;12033;3566;2227
575;2;2060;339744;257091;82653;64893;11984;3553;2223
576;3;2013;534846;284905;249941;167902;52084;22777;7178
577;3;2014;542991;290292;252699;169848;52588;23034;7229
578;3;2015;549095;292618;256477;172280;53311;23531;7355
579;3;2016;558080;294576;263504;177577;54159;24221;7547
580;3;2017;564856;295478;269378;181864;54903;24882;7729
581;3;2018;570137;295797;274340;185373;55535;25519;7913
582;3;2019;575020;296446;278574;188393;56007;26106;8068
583;3;2020;578930;297211;281719;190717;56220;26610;8172
584;3;2021;575770;295069;280701;189485;56092;26906;8218
585;3;2022;572317;293113;279204;188036;55878;27031;8259
586;3;2023;570077;292299;277778;186599;55736;27141;8302
587;3;2024;571649;293737;277912;186446;55775;27329;8362
588;3;2025;573731;295585;278146;186289;55938;27494;8425
589;3;2026;580678;299889;280789;188200;56336;27729;8524
590;3;2027;586352;303329;283023;189695;56681;28018;8629
591;3;2028;590855;305827;285028;191142;56870;28301;8715
592;3;2029;591250;306390;284860;190872;56791;28434;8763
593;3;2030;587558;304690;282868;189189;56432;28467;8780
594;3;2031;578710;300275;278435;185576;55758;28337;8764
595;3;2032;570176;296030;274146;182235;55063;28108;8740
596;3;2033;560585;291328;269257;178360;54307;27894;8696
597;3;2034;552779;287815;264964;175003;53656;27644;8661
598;3;2035;548525;285967;262558;173264;53250;27396;8648
599;3;2036;546808;285282;261526;172618;53017;27236;8655
600;3;2037;544407;283966;260441;171871;52821;27088;8661
601;3;2038;542617;282637;259980;171663;52663;26994;8660
602;3;2039;538748;280524;258224;170276;52417;26887;8644
603;3;2040;535399;278731;256668;169041;52221;26770;8636
604;3;2041;533406;277665;255741;168316;52132;26648;8645
605;3;2042;534071;277942;256129;168613;52220;26617;8679
606;3;2043;537322;279423;257899;170023;52475;26673;8728
607;3;2044;541054;281107;259947;171614;52792;26759;8782
608;3;2045;545035;282893;262142;173291;53142;26866;8843
609;3;2046;548768;284561;264207;174840;53478;26979;8910
610;3;2047;552361;286156;266205;176330;53791;27104;8980
611;3;2048;555426;287487;267939;177596;54069;27231;9043
612;3;2049;558243;288692;269551;178770;54318;27358;9105
613;3;2050;560804;289786;271018;179835;54540;27478;9165
614;3;2051;563049;290718;272331;180780;54735;27593;9223
615;3;2052;564873;291457;273416;181554;54892;27694;9276
616;3;2053;566470;292088;274382;182246;55024;27788;9324
617;3;2054;567819;292612;275207;182842;55125;27872;9368
618;3;2055;568797;292975;275822;183281;55196;27939;9406
619;3;2056;569515;293216;276299;183625;55242;27994;9438
620;3;2057;569950;293331;276619;183864;55257;28033;9465
621;3;2058;569994;293257;276737;183960;55238;28054;9485
622;3;2059;569586;292975;276611;183872;55185;28056;9498
623;3;2060;568680;292454;276226;183593;55097;28033;9503
624;4;2013;575250;215842;359408;142727;102540;86598;27543
625;4;2014;575442;217757;357685;139991;102965;87091;27638
626;4;2015;578226;219232;358994;139795;103978;87580;27641
627;4;2016;578028;218645;359383;139045;104614;88070;27654
628;4;2017;582599;219628;362971;140163;105394;89378;28036
629;4;2018;591096;221704;369392;142955;106526;91350;28561
630;4;2019;599626;223609;376017;145860;107675;93477;29005
631;4;2020;606322;225072;381250;147596;108761;95555;29338
632;4;2021;616162;227768;388394;151460;109840;97482;29612
633;4;2022;623189;229461;393728;154044;110498;99249;29937
634;4;2023;627908;230375;397533;155782;110725;100756;30270
635;4;2024;632155;231336;400819;157526;110868;101966;30459
636;4;2025;635735;232376;403359;159114;111137;102689;30419
637;4;2026;631864;230914;400950;156546;110995;103089;30320
638;4;2027;628207;229695;398512;153961;110717;103469;30365
639;4;2028;625951;229374;396577;151555;110770;103808;30444
640;4;2029;628293;230948;397345;151286;111113;104395;30551
641;4;2030;631187;232722;398465;151184;111213;105279;30789
642;4;2031;639011;236343;402668;153792;111379;106349;31148
643;4;2032;644989;239063;405926;155977;111408;107161;31380
644;4;2033;649635;241032;408603;158337;111112;107692;31462
645;4;2034;650078;241477;408601;159074;110471;107648;31408
646;4;2035;645753;239976;405777;157925;109659;107012;31181
647;4;2036;636207;236388;399819;154430;108329;106120;30940
648;4;2037;627199;232997;394202;151300;107146;105036;30720
649;4;2038;617005;229170;387835;147395;106151;103880;30409
650;4;2039;609419;226432;382987;144585;105258;102935;30209
651;4;2040;605359;224924;380435;143440;104629;102231;30135
652;4;2041;603617;224218;379399;143337;104215;101756;30091
653;4;2042;600910;222961;377949;142779;103797;101342;30031
654;4;2043;598639;221725;376914;142498;103552;100958;29906
655;4;2044;594522;219966;374556;140962;103415;100453;29726
656;4;2045;591159;218520;372639;139545;103410;100062;29622
657;4;2046;589382;217684;371698;138624;103541;99879;29654
658;4;2047;590265;217862;372403;138752;103903;99975;29773
659;4;2048;593792;218983;374809;140090;104471;100319;29929
660;4;2049;597755;220244;377511;141561;105075;100769;30106
661;4;2050;601950;221582;380368;143121;105684;101268;30295
662;4;2051;605866;222818;383048;144545;106244;101764;30495
663;4;2052;609644;224017;385627;145931;106755;102255;30686
664;4;2053;612842;225002;387840;147071;107197;102718;30854
665;4;2054;615776;225897;389879;148128;107582;103157;31012
666;4;2055;618455;226721;391734;149108;107920;103553;31153
667;4;2056;620772;227431;393341;149956;108196;103908;31281
668;4;2057;622656;227990;394666;150646;108407;104217;31396
669;4;2058;624295;228480;395815;151272;108565;104484;31494
670;4;2059;625674;228902;396772;151822;108670;104703;31577
671;4;2060;626685;229211;397474;152246;108721;104865;31642
672;5;2013;592045;168859;423186;97882;100622;157994;66688
673;5;2014;582040;168734;413306;94656;98315;154652;65683
674;5;2015;575836;168297;407539;92729;97257;152463;65090
675;5;2016;578411;169502;408909;93174;97598;152692;65445
676;5;2017;579912;169918;409994;92883;97663;153623;65825
677;5;2018;580361;169874;410487;91520;97621;155094;66252
678;5;2019;578925;169020;409905;89180;97477;156628;66620
679;5;2020;580624;168957;411667;88296;98012;158473;66886
680;5;2021;580008;168173;411835;86199;98370;160151;67115
681;5;2022;584055;168746;415309;86092;98813;162567;67837
682;5;2023;592042;170400;421642;87768;99435;165654;68785
683;5;2024;600127;172013;428114;89564;100258;168777;69515
684;5;2025;606528;173314;433214;90362;101110;171691;70051
685;5;2026;616169;175756;440413;93513;101929;174477;70494
686;5;2027;623062;177466;445596;95596;102417;176652;70931
687;5;2028;627713;178618;449095;96842;102890;178100;71263
688;5;2029;631982;179859;452123;98034;103332;179366;71391
689;5;2030;635624;181065;454559;99104;103593;180549;71313
690;5;2031;631956;179977;451979;96184;103199;181406;71190
691;5;2032;628540;178925;449615;93363;102719;182224;71309
692;5;2033;626458;178463;447995;90857;102395;183147;71596
693;5;2034;628897;179516;449381;90787;102369;184327;71898
694;5;2035;631870;180761;451109;91185;102343;185340;72241
695;5;2036;639614;183615;455999;94503;102444;186363;72689
696;5;2037;645577;185898;459679;97478;102568;186816;72817
697;5;2038;650249;187670;462579;100613;102718;186654;72594
698;5;2039;650772;188127;462645;102221;102430;185828;72166
699;5;2040;646571;186978;459593;101762;101812;184524;71495
700;5;2041;637298;184068;453230;98914;100618;182904;70794
701;5;2042;628557;181286;447271;96275;99409;181347;70240
702;5;2043;618592;178093;440499;92711;98379;179807;69602
703;5;2044;611213;175729;435484;90356;97663;178350;69115
704;5;2045;607235;174434;432801;89538;97219;177184;68860
705;5;2046;605482;173862;431620;89642;97037;176303;68638
706;5;2047;602807;172906;429901;89106;96854;175529;68412
707;5;2048;600575;172012;428563;88590;96770;175030;68173
708;5;2049;596516;170560;425956;86781;96630;174602;67943
709;5;2050;593221;169307;423914;85059;96544;174415;67896
710;5;2051;591466;168526;422940;83819;96545;174482;68094
711;5;2052;592331;168585;423746;83616;96782;174909;68439
712;5;2053;595778;169464;426314;84580;97232;175653;68849
713;5;2054;599656;170477;429179;85690;97717;176499;69273
714;5;2055;603755;171563;432192;86908;98214;177377;69693
715;5;2056;607577;172572;435005;88022;98671;178215;70097
716;5;2057;611266;173555;437711;89133;99096;179020;70462
717;5;2058;614382;174368;440014;90022;99463;179752;70777
718;5;2059;617236;175118;442118;90858;99785;180420;71055
719;5;2060;619847;175823;444024;91647;100060;181020;71297
720;6;2013;742377;178658;563719;116623;117930;223727;105439
721;6;2014;720903;176610;544293;112972;114623;215501;101197
722;6;2015;687934;171122;516812;106630;109308;204587;96287
723;6;2016;653682;164635;489047;99900;103235;193812;92100
724;6;2017;625244;159467;465777;94057;98000;185167;88553
725;6;2018;602945;155048;447897;89149;93688;178803;86257
726;6;2019;592504;153417;439087;86442;91180;175987;85478
727;6;2020;586163;152318;433845;84633;89555;174561;85096
728;6;2021;588596;153298;435298;84941;89205;175450;85702
729;6;2022;589763;153634;436129;84303;89166;176618;86042
730;6;2023;589674;153406;436268;82639;89130;178157;86342
731;6;2024;587661;152389;435272;80073;88874;179651;86674
732;6;2025;588786;152114;436672;78958;88966;181595;87153
733;6;2026;587796;151202;436594;76765;88871;183373;87585
734;6;2027;591561;151632;439929;76546;89197;185781;88405
735;6;2028;599505;153207;446298;78069;90027;188768;89434
736;6;2029;607586;154794;452792;79699;91007;191829;90257
737;6;2030;614062;156046;458016;80489;91897;194743;90887
738;6;2031;623689;158343;465346;83456;92847;197620;91423
739;6;2032;630557;159967;470590;85369;93488;199796;91937
740;6;2033;635200;161082;474118;86470;93844;201349;92455
741;6;2034;639541;162297;477244;87575;94197;202718;92754
742;6;2035;643243;163417;479826;88622;94566;203829;92809
743;6;2036;639705;162315;477390;86014;94392;204328;92656
744;6;2037;636390;161192;475198;83583;94062;204817;92736
745;6;2038;634397;160576;473821;81550;93878;205385;93008
746;6;2039;636861;161360;475501;81865;94059;206313;93264
747;6;2040;639838;162383;477455;82586;94209;207169;93491
748;6;2041;647541;164957;482584;86042;94628;208082;93832
749;6;2042;653556;167105;486451;89140;95009;208491;93811
750;6;2043;658268;168856;489412;92283;95216;208388;93525
751;6;2044;658863;169395;489468;93916;95079;207489;92984
752;6;2045;654774;168451;486323;93527;94651;206008;92137
753;6;2046;645624;165842;479782;90830;93734;204072;91146
754;6;2047;636976;163317;473659;88306;92743;202238;90372
755;6;2048;627095;160385;466710;84897;91770;200471;89572
756;6;2049;619742;158177;461565;82598;90896;199014;89057
757;6;2050;615765;157002;458763;81701;90274;197949;88839
758;6;2051;614007;156517;457490;81649;90004;197180;88657
759;6;2052;611363;155704;455659;80977;89720;196488;88474
760;6;2053;609178;154957;454221;80326;89533;196048;88314
761;6;2054;605163;153625;451538;78486;89265;195635;88152
762;6;2055;601888;152440;449448;76743;89011;195491;88203
763;6;2056;600137;151676;448461;75485;88842;195628;88506
764;6;2057;600988;151707;449281;75232;88960;196141;88948
765;6;2058;604417;152526;451891;76103;89314;196996;89478
766;6;2059;608264;153481;454783;77113;89724;197939;90007
767;6;2060;612338;154511;457827;78237;90150;198921;90519
768;7;2013;771910;181144;590766;140575;129594;217084;103513
769;7;2014;768629;181754;586875;140018;129438;215600;101819
770;7;2015;769224;183367;585857;140083;129545;215082;101147
771;7;2016;768349;184642;583707;140235;129212;213878;100382
772;7;2017;764255;185055;579200;139791;128480;211708;99221
773;7;2018;754021;184290;569731;138126;126584;207715;97306
774;7;2019;732311;180956;551355;133966;122700;200718;93971
775;7;2020;699469;174614;524855;126665;116725;191441;90024
776;7;2021;665426;167706;497720;118708;110222;182265;86525
777;7;2022;637027;162069;474958;111817;104757;174910;83474
778;7;2023;614541;157262;457279;105986;100380;169520;81393
779;7;2024;603838;155261;448577;102799;97842;167171;80765
780;7;2025;597274;153919;443355;100633;96186;166025;80511
781;7;2026;599434;154698;444736;100856;95790;166953;81137
782;7;2027;600324;154960;445364;100220;95732;168005;81407
783;7;2028;599979;154733;445246;98634;95597;169361;81654
784;7;2029;597715;153774;443941;96163;95192;170595;81991
785;7;2030;598634;153572;445062;95143;95198;172147;82574
786;7;2031;597599;152667;444932;93064;95117;173641;83110
787;7;2032;601400;153019;448381;92981;95599;175834;83967
788;7;2033;609422;154516;454906;94706;96695;178514;84991
789;7;2034;617600;156025;461575;96619;98017;181141;85798
790;7;2035;624183;157229;466954;97731;99251;183560;86412
791;7;2036;633870;159497;474373;100843;100582;185965;86983
792;7;2037;640763;161105;479658;102872;101578;187711;87497
793;7;2038;645432;162196;483236;104086;102226;188903;88021
794;7;2039;649826;163375;486451;105352;102828;189930;88341
795;7;2040;653579;164411;489168;106593;103380;190735;88460
796;7;2041;650123;163236;486887;104334;103316;190923;88314
797;7;2042;646827;162031;484796;102212;102994;191220;88370
798;7;2043;644905;161361;483544;100526;102797;191599;88622
799;7;2044;647418;162078;485340;101069;103083;192337;88851
800;7;2045;650441;163052;487389;101946;103402;193034;89007
801;7;2046;658199;165599;492600;105410;104065;193859;89266
802;7;2047;664259;167764;496495;108467;104702;194163;89163
803;7;2048;669006;169546;499460;111507;105073;193995;88885
804;7;2049;669626;170109;499517;112995;104987;193134;88401
805;7;2050;665575;169226;496349;112493;104480;191734;87642
806;7;2051;656421;166665;489756;109695;103420;189930;86711
807;7;2052;647790;164192;483598;107061;102263;188259;86015
808;7;2053;637913;161303;476610;103592;101117;186583;85318
809;7;2054;630549;159091;471458;101169;100099;185271;84919
810;7;2055;626583;157919;468664;100128;99360;184379;84797
811;7;2056;624831;157447;467384;99948;98990;183755;84691
812;7;2057;622197;156668;465529;99203;98599;183168;84559
813;7;2058;619991;155960;464031;98510;98286;182774;84461
814;7;2059;615980;154658;461322;96694;97895;182382;84351
815;7;2060;612700;153492;459208;94977;97525;182270;84436
816;8;2013;742317;188711;553606;186662;149183;155255;62506
817;8;2014;755681;193963;561718;189844;151392;157553;62929
818;8;2015;767952;198768;569184;193355;153321;159350;63158
819;8;2016;775801;202430;573371;195723;154291;160485;62872
820;8;2017;776934;204001;572933;195594;154235;160734;62370
821;8;2018;775479;204556;570923;194398;153940;160852;61733
822;8;2019;772045;204227;567818;192194;153711;160745;61168
823;8;2020;772871;205121;567750;190846;154343;161393;61168
824;8;2021;772448;205999;566449;189822;154628;161129;60870
825;8;2022;768609;206245;562364;188419;154065;159676;60204
826;8;2023;758365;205164;553201;185750;151832;156589;59030
827;8;2024;736690;201205;535485;180042;147029;151266;57148
828;8;2025;703923;193744;510179;170391;140033;144665;55090
829;8;2026;669944;185687;484257;159982;132576;138441;53258
830;8;2027;641620;179005;462615;150904;126355;133682;51674
831;8;2028;619148;173377;445771;143353;121439;130398;50581
832;8;2029;608428;170959;437469;139287;118616;129172;50394
833;8;2030;601798;169355;432443;136504;116867;128642;50430
834;8;2031;603845;170066;433779;136691;116528;129564;50996
835;8;2032;604599;170312;434287;136078;116457;130461;51291
836;8;2033;604116;170039;434077;134746;116373;131429;51529
837;8;2034;601715;169033;432682;132487;116140;132226;51829
838;8;2035;602528;168818;433710;131699;116363;133291;52357
839;8;2036;601492;167834;433658;129815;116648;134390;52805
840;8;2037;605327;168193;437134;130045;117587;136105;53397
841;8;2038;613393;169842;443551;132253;119199;138081;54018
842;8;2039;621624;171587;450037;134780;120936;139815;54506
843;8;2040;628270;173014;455256;136506;122532;141351;54867
844;8;2041;637977;175499;462478;140125;124190;142934;55229
845;8;2042;644885;177225;467660;142628;125471;144036;55525
846;8;2043;649551;178404;471147;144268;126312;144727;55840
847;8;2044;653959;179663;474296;145979;127026;145253;56038
848;8;2045;657732;180776;476956;147633;127569;145614;56140
849;8;2046;654312;179578;474734;145690;127447;145547;56050
850;8;2047;651042;178325;472717;143803;127130;145705;56079
851;8;2048;649176;177650;471526;142349;127001;145949;56227
852;8;2049;651714;178365;473349;143069;127440;146484;56356
853;8;2050;654774;179333;475441;144056;127978;147009;56398
854;8;2051;662561;181952;480609;147626;128852;147631;56500
855;8;2052;668649;184219;484430;150722;129620;147731;56357
856;8;2053;673410;186042;487368;153745;130004;147444;56175
857;8;2054;674062;186582;487480;155089;129815;146678;55898
858;8;2055;670037;185639;484398;154364;129036;145529;55469
859;8;2056;660907;182901;478006;151277;127669;144132;54928
860;8;2057;652286;180261;472025;148333;126214;142924;54554
861;8;2058;642424;177207;465217;144550;124773;141702;54192
862;8;2059;635070;174824;460246;141804;123571;140846;54025
863;8;2060;631094;173530;457564;140503;122718;140338;54005
864;9;2013;673211;192625;480586;265352;125319;67983;21932
865;9;2014;685002;199162;485840;264422;128905;70163;22350
866;9;2015;698147;206006;492141;265526;131949;71980;22686
867;9;2016;711734;212878;498856;268260;134342;73388;22866
868;9;2017;725174;219468;505706;270844;136807;74879;23176
869;9;2018;738209;225494;512715;273420;139299;76472;23524
870;9;2019;751311;231251;520060;275815;142027;78254;23964
871;9;2020;763260;236304;526956;277833;144872;79944;24307
872;9;2021;771065;240201;530864;278177;147069;81230;24388
873;9;2022;772168;241849;530319;276017;148194;81784;24324
874;9;2023;770763;242687;528076;272998;148963;81982;24133
875;9;2024;767395;242779;524616;269028;149605;81976;24007
876;9;2025;768449;244249;524200;266369;151278;82411;24142
877;9;2026;768334;245812;522522;264072;151970;82320;24160
878;9;2027;764800;246546;518254;261203;151330;81678;24043
879;9;2028;754854;245569;509285;256539;148733;80301;23712
880;9;2029;733607;240982;492625;247854;143719;77927;23125
881;9;2030;701289;232090;469199;234410;137093;75172;22524
882;9;2031;667714;222339;445375;220335;130453;72613;21974
883;9;2032;639733;214138;425595;208148;125110;70811;21526
884;9;2033;617524;207158;410366;198381;121154;69609;21222
885;9;2034;606963;204020;402943;193231;119176;69263;21273
886;9;2035;600499;201983;398516;189771;118141;69192;21412
887;9;2036;602631;202696;399935;190070;118288;69849;21728
888;9;2037;603452;202950;400502;189624;118546;70435;21897
889;9;2038;603028;202681;400347;188628;118698;71002;22019
890;9;2039;600663;201588;399075;186706;118766;71431;22172
891;9;2040;601540;201444;400096;186399;119247;72024;22426
892;9;2041;600584;200457;400127;185079;119844;72594;22610
893;9;2042;604509;201127;403382;186205;120955;73418;22804
894;9;2043;612675;203403;409272;189519;122506;74250;22997
895;9;2044;620987;205886;415101;193079;123974;74884;23164
896;9;2045;627724;207969;419755;195813;125235;75415;23292
897;9;2046;637457;211000;426457;200382;126626;76020;23429
898;9;2047;644347;212993;431354;203710;127706;76405;23533
899;9;2048;648983;214378;434605;205980;128370;76608;23647
900;9;2049;653403;215852;437551;208221;128859;76755;23716
901;9;2050;657177;217088;440089;210239;129215;76884;23751
902;9;2051;653805;215746;438059;208460;129079;76824;23696
903;9;2052;650543;214272;436271;206759;128918;76916;23678
904;9;2053;648705;213496;435209;205485;128973;77030;23721
905;9;2054;651238;214208;437030;206443;129541;77279;23767
906;9;2055;654312;215180;439132;207677;130181;77497;23777
907;9;2056;662116;218054;444062;211480;131018;77745;23819
908;9;2057;668253;220600;447653;214621;131587;77674;23771
909;9;2058;673027;222582;450445;217562;131706;77441;23736
910;9;2059;673714;223095;450619;218618;131304;77030;23667
911;9;2060;669735;221997;447738;217405;130340;76464;23529
912;10;2013;643734;200740;442994;347701;67275;21567;6451
913;10;2014;639833;203546;436287;338288;69051;22380;6568
914;10;2015;641895;207790;434105;333349;70914;23147;6695
915;10;2016;646978;212650;434328;331154;72601;23773;6800
916;10;2017;656706;219218;437488;331290;74740;24498;6960
917;10;2018;664592;225378;439214;330481;76525;25123;7085
918;10;2019;676016;232695;443321;331868;78425;25804;7224
919;10;2020;689032;240432;448600;334209;80469;26544;7378
920;10;2021;702333;247897;454436;336965;82636;27327;7508
921;10;2022;715734;255382;460352;339694;84887;28096;7675
922;10;2023;728605;262273;466332;342414;87237;28848;7833
923;10;2024;741569;269146;472423;345326;89550;29553;7994
924;10;2025;753275;275453;477822;347627;91893;30172;8130
925;10;2026;761031;280703;480328;348056;93531;30562;8179
926;10;2027;762201;283457;478744;345390;94447;30710;8197
927;10;2028;761080;285483;475597;341528;95043;30810;8216
928;10;2029;758072;286742;471330;336562;95572;30940;8256
929;10;2030;759565;289761;469804;333576;96588;31253;8387
930;10;2031;759978;292712;467266;330482;96877;31411;8496
931;10;2032;756982;294401;462581;326546;96208;31308;8519
932;10;2033;747632;293884;453748;320047;94351;30890;8460
933;10;2034;727058;288690;438368;308702;91264;30078;8324
934;10;2035;695496;278296;417200;292277;87559;29187;8177
935;10;2036;662611;266782;395829;275389;84011;28399;8030
936;10;2037;635226;256959;378267;261031;81391;27933;7912
937;10;2038;613501;248647;364854;249730;79588;27692;7844
938;10;2039;603354;244946;358408;243923;78859;27735;7891
939;10;2040;597217;242616;354601;240219;78572;27845;7965
940;10;2041;599626;243617;356009;240855;78892;28183;8079
941;10;2042;600700;244118;356582;240900;79134;28427;8121
942;10;2043;600475;243980;356495;240513;79256;28591;8135
943;10;2044;598282;242871;355411;239247;79325;28668;8171
944;10;2045;599320;243006;356314;239632;79620;28822;8240
945;10;2046;598571;242290;356281;239081;79979;28945;8276
946;10;2047;602707;243570;359137;241018;80643;29164;8312
947;10;2048;611088;246655;364433;245191;81495;29385;8362
948;10;2049;619580;249899;369681;249492;82232;29543;8414
949;10;2050;626485;252542;373943;252902;82885;29694;8462
950;10;2051;636332;256131;380201;258108;83671;29904;8518
951;10;2052;643290;258422;384868;262024;84250;30038;8556
952;10;2053;647980;259959;388021;264730;84593;30105;8593
953;10;2054;652445;261570;390875;267289;84827;30147;8612
954;10;2055;656250;262895;393355;269543;85012;30181;8619
955;10;2056;652942;261314;391628;267960;84951;30128;8589
956;10;2057;649703;259533;390170;266496;84973;30130;8571
957;10;2058;647937;258659;389278;265411;85121;30157;8589
958;10;2059;650521;259478;391043;266613;85558;30254;8618
959;10;2060;653643;260584;393059;268077;85995;30349;8638
960;11;2013;591072;198199;392873;352045;31267;7006;2555
961;11;2014;618336;209580;408756;366139;32606;7372;2639
962;11;2015;636376;218941;417435;373628;33442;7664;2701
963;11;2016;657356;230490;426866;382090;34146;7889;2741
964;11;2017;638395;227353;411042;366590;33877;7866;2709
965;11;2018;628095;226775;401320;356475;34116;8007;2722
966;11;2019;624359;229027;395332;349833;34586;8162;2751
967;11;2020;626437;233036;393401;347020;35276;8328;2777
968;11;2021;631656;237932;393724;346197;36152;8552;2823
969;11;2022;641239;244611;396628;347884;37108;8768;2868
970;11;2023;649051;250770;398281;348266;38091;8999;2925
971;11;2024;660291;258130;402161;350779;39157;9238;2987
972;11;2025;673235;266115;407120;354155;40397;9503;3065
973;11;2026;686318;273869;412449;358005;41543;9758;3143
974;11;2027;699718;281972;417746;361847;42699;9982;3218
975;11;2028;712533;289644;422889;365649;43743;10194;3303
976;11;2029;725477;297444;428033;369508;44749;10399;3377
977;11;2030;737131;304736;432395;372704;45658;10586;3447
978;11;2031;745011;310826;434185;373666;46272;10733;3514
979;11;2032;746440;314288;432152;371346;46510;10772;3524
980;11;2033;745736;317011;428725;367715;46649;10810;3551
981;11;2034;743276;318989;424287;363085;46800;10822;3580
982;11;2035;745378;323022;422356;360682;47133;10892;3649
983;11;2036;746481;326810;419671;357764;47237;10955;3715
984;11;2037;744172;329161;415011;353581;46761;10937;3732
985;11;2038;735555;328811;406744;346289;45868;10866;3721
986;11;2039;715853;323036;392817;333930;44534;10685;3668
987;11;2040;685283;311486;373797;316654;43048;10487;3608
988;11;2041;653352;298680;354672;299190;41634;10304;3544
989;11;2042;626818;287846;338972;284660;40625;10197;3490
990;11;2043;605784;278848;326936;273439;39919;10127;3451
991;11;2044;596169;274992;321177;267896;39673;10145;3463
992;11;2045;590508;272666;317842;264603;39579;10180;3480
993;11;2046;593248;274046;319202;265645;39765;10281;3511
994;11;2047;594649;274855;319794;266055;39879;10342;3518
995;11;2048;594696;274859;319837;266004;39941;10373;3519
996;11;2049;592772;273799;318973;265064;40001;10385;3523
997;11;2050;594048;274160;319888;265755;40172;10420;3541
998;11;2051;593591;273659;319932;265573;40358;10451;3550
999;11;2052;598028;275398;322630;267867;40687;10512;3564
1000;11;2053;606669;279028;327641;272382;41092;10578;3589
1001;11;2054;615387;282725;332662;276958;41452;10637;3615
1002;11;2055;622529;285743;336786;280687;41770;10694;3635
1003;11;2056;632532;289752;342780;286205;42154;10762;3659
1004;11;2057;639625;292296;347329;290422;42421;10808;3678
1005;11;2058;644442;293957;350485;293360;42588;10838;3699
1006;11;2059;649022;295660;353362;296060;42728;10864;3710
1007;11;2060;652920;297039;355881;298409;42868;10888;3716
1008;12;2013;439931;173752;266179;247666;14812;2629;1072
1009;12;2014;453352;178413;274939;256112;15078;2670;1079
1010;12;2015;470018;184370;285648;266589;15255;2729;1075
1011;12;2016;478282;187403;290879;271799;15256;2755;1069
1012;12;2017;527668;206445;321223;300914;16212;2964;1133
1013;12;2018;568203;223468;344735;323540;16915;3096;1184
1014;12;2019;594553;235404;359149;337341;17382;3201;1225
1015;12;2020;612056;244841;367215;344956;17722;3290;1247
1016;12;2021;632130;256369;375761;353006;18084;3391;1280
1017;12;2022;614190;251664;362526;339902;17976;3382;1266
1018;12;2023;604557;249887;354670;331872;18073;3444;1281
1019;12;2024;601193;251140;350053;326954;18319;3490;1290
1020;12;2025;603367;254424;348943;325373;18709;3558;1303
1021;12;2026;608674;258888;349786;325685;19124;3635;1342
1022;12;2027;618101;265122;352979;328248;19639;3724;1368
1023;12;2028;625914;270844;355070;329740;20114;3805;1411
1024;12;2029;637048;277938;359110;333154;20615;3891;1450
1025;12;2030;649983;285908;364075;337473;21129;3979;1494
1026;12;2031;662931;293635;369296;342087;21603;4060;1546
1027;12;2032;676423;301954;374469;346785;21983;4127;1574
1028;12;2033;689275;309868;379407;351301;22312;4186;1608
1029;12;2034;702275;317936;384339;355831;22632;4231;1645
1030;12;2035;714011;325472;388539;359674;22925;4272;1668
1031;12;2036;722136;331679;390457;361222;23212;4315;1708
1032;12;2037;723987;335048;388939;359597;23293;4334;1715
1033;12;2038;723878;337716;386162;356744;23319;4366;1733
1034;12;2039;722122;339703;382419;352950;23333;4391;1745
1035;12;2040;724909;343942;380967;351362;23393;4445;1767
1036;12;2041;726696;348018;378678;349090;23327;4474;1787
1037;12;2042;725061;350382;374679;345293;23117;4482;1787
1038;12;2043;717218;349814;367404;338434;22741;4454;1775
1039;12;2044;698484;343480;355004;326684;22169;4399;1752
1040;12;2045;669183;331133;338050;310478;21534;4327;1711
1041;12;2046;638510;317499;321011;294143;20927;4266;1675
1042;12;2047;613103;306042;307061;280699;20501;4217;1644
1043;12;2048;593008;296590;296418;270412;20200;4182;1624
1044;12;2049;584067;292615;291452;265570;20075;4186;1621
1045;12;2050;578990;290289;288701;262859;20027;4192;1623
1046;12;2051;582128;291911;290217;264258;20107;4220;1632
1047;12;2052;583963;292938;291025;264975;20186;4231;1633
1048;12;2053;584371;293050;291321;265196;20256;4233;1636
1049;12;2054;582836;292055;290781;264585;20322;4237;1637
1050;12;2055;584449;292556;291893;265557;20436;4256;1644
1051;12;2056;584411;292176;292235;265754;20564;4270;1647
1052;12;2057;589187;294168;295019;268315;20753;4292;1659
1053;12;2058;598088;298120;299968;272987;20980;4323;1678
1054;12;2059;607029;302111;304918;277678;21192;4354;1694
1055;12;2060;614418;305374;309044;281569;21383;4384;1708
1056;13;2013;358596;173567;185029;175293;8164;1160;412
1057;13;2014;367948;176678;191270;181361;8327;1164;418
1058;13;2015;377402;180191;197211;187163;8471;1167;410
1059;13;2016;388963;184585;204378;194084;8693;1190;411
1060;13;2017;396494;187434;209060;198647;8786;1210;417
1061;13;2018;407617;191954;215663;204984;9035;1221;423
1062;13;2019;420767;197106;223661;212738;9238;1249;436
1063;13;2020;436964;203706;233258;222097;9424;1287;450
1064;13;2021;445359;207144;238215;226882;9552;1319;462
1065;13;2022;492534;228152;264382;252443;10028;1411;500
1066;13;2023;531081;246517;284564;272151;10420;1469;524
1067;13;2024;556102;259111;296991;284242;10690;1518;541
1068;13;2025;572616;268601;304015;290996;10909;1564;546
1069;13;2026;590948;279891;311057;297769;11103;1614;571
1070;13;2027;574695;273622;301073;287765;11123;1620;565
1071;13;2028;566290;270687;295603;282169;11202;1657;575
1072;13;2029;563707;270970;292737;279114;11355;1680;588
1073;13;2030;566289;273540;292749;278875;11553;1710;611
1074;13;2031;571872;277532;294340;280183;11784;1742;631
1075;13;2032;581281;283351;297930;283485;12020;1780;645
1076;13;2033;589371;288666;300705;285991;12247;1808;659
1077;13;2034;600579;295476;305103;290110;12473;1836;684
1078;13;2035;613637;303335;310302;295024;12727;1862;689
1079;13;2036;626544;310893;315651;300068;12978;1891;714
1080;13;2037;640222;319167;321055;305217;13196;1920;722
1081;13;2038;653144;326993;326151;310088;13375;1950;738
1082;13;2039;666216;334954;331262;314987;13550;1976;749
1083;13;2040;678057;342345;335712;319260;13699;2001;752
1084;13;2041;686415;348349;338066;321494;13791;2017;764
1085;13;2042;688777;351326;337451;320831;13826;2027;767
1086;13;2043;689364;353632;335732;319098;13828;2036;770
1087;13;2044;688465;355308;333157;316534;13805;2043;775
1088;13;2045;692067;359376;332691;316043;13811;2060;777
1089;13;2046;694625;363265;331360;314752;13762;2068;778
1090;13;2047;693706;365311;328395;311910;13644;2066;775
1091;13;2048;686748;364312;322436;306171;13444;2051;770
1092;13;2049;669242;357335;311907;295972;13157;2024;754
1093;13;2050;641783;344279;297504;281955;12825;1988;736
1094;13;2051;613057;330014;283043;267859;12507;1955;722
1095;13;2052;589420;318101;271319;256393;12296;1926;704
1096;13;2053;570830;308344;262486;247739;12149;1904;694
1097;13;2054;562930;304294;258636;243946;12096;1902;692
1098;13;2055;558710;301985;256725;242042;12088;1902;693
1099;13;2056;562379;303789;258590;243829;12152;1914;695
1100;13;2057;564805;305023;259782;244951;12216;1917;698
1101;13;2058;565716;305256;260460;245559;12280;1920;701
1102;13;2059;564755;304360;260395;245426;12341;1924;704
1103;13;2060;566815;304982;261833;246756;12434;1934;709
1104;14;2013;278271;166378;111893;106658;4478;569;188
1105;14;2014;281702;166833;114869;109590;4520;569;190
1106;14;2015;286062;167809;118253;112899;4591;571;192
1107;14;2016;289015;168027;120988;115614;4615;569;190
1108;14;2017;293616;169236;124380;118932;4679;572;197
1109;14;2018;297240;169930;127310;121824;4718;570;198
1110;14;2019;306297;173824;132473;126843;4843;582;205
1111;14;2020;315436;178022;137414;131645;4965;592;212
1112;14;2021;326444;183163;143281;137313;5135;611;222
1113;14;2022;333749;186455;147294;141183;5251;630;230
1114;14;2023;344008;191348;152660;146339;5445;640;236
1115;14;2024;356541;197239;159302;152775;5619;662;246
1116;14;2025;371683;204591;167092;160352;5801;686;253
1117;14;2026;379950;208591;171359;164451;5934;710;264
1118;14;2027;422594;230835;191759;184471;6237;765;286
1119;14;2028;457088;249764;207324;199730;6499;797;298
1120;14;2029;479293;262340;216953;209128;6684;828;313
1121;14;2030;493724;271270;222454;214448;6815;862;329
1122;14;2031;508861;281283;227578;219393;6954;890;341
1123;14;2032;496177;274681;221496;213280;6975;901;340
1124;14;2033;490487;271646;218841;210548;7036;915;342
1125;14;2034;489655;271654;218001;209598;7129;925;349
1126;14;2035;493221;273986;219235;210690;7257;938;350
1127;14;2036;499458;277874;221584;212874;7394;956;360
1128;14;2037;508964;283492;225472;216580;7551;975;366
1129;14;2038;517527;288692;228835;219768;7700;993;374
1130;14;2039;528768;295376;233392;224147;7855;1010;380
1131;14;2040;541778;303187;238591;229159;8019;1028;385
1132;14;2041;554376;310582;243794;234198;8159;1044;393
1133;14;2042;567910;318774;249136;239385;8290;1061;400
1134;14;2043;580627;326467;254160;244276;8401;1077;406
1135;14;2044;593484;334266;259218;249215;8498;1091;414
1136;14;2045;605242;341495;263747;253647;8580;1102;418
1137;14;2046;613748;347208;266540;256375;8636;1108;421
1138;14;2047;616859;349930;266929;256743;8653;1111;422
1139;14;2048;618451;352021;266430;256240;8653;1114;423
1140;14;2049;618944;353623;265321;255145;8641;1114;421
1141;14;2050;623809;357759;266050;255880;8630;1118;422
1142;14;2051;627504;361601;265903;255771;8591;1118;423
1143;14;2052;627664;363409;264255;254204;8521;1111;419
1144;14;2053;622161;362136;260025;250106;8406;1099;414
1145;14;2054;606871;354864;252007;242276;8244;1081;406
1146;14;2055;582985;341896;241089;231581;8055;1058;395
1147;14;2056;558001;327880;230121;220816;7883;1038;384
1148;14;2057;537737;316314;221423;212265;7764;1019;375
1149;14;2058;522017;306984;215033;205976;7685;1004;368
1150;14;2059;515945;303292;212653;203621;7665;1000;367
1151;14;2060;513176;301340;211836;202797;7675;998;366
1152;15;2013;159179;113226;45953;43847;1804;239;63
1153;15;2014;162944;114964;47980;45783;1883;248;66
1154;15;2015;166876;116701;50175;47901;1948;258;68
1155;15;2016;172586;119691;52895;50512;2042;270;71
1156;15;2017;177462;122139;55323;52876;2100;274;73
1157;15;2018;183179;125263;57916;55392;2168;281;75
1158;15;2019;186587;126690;59897;57320;2215;286;76
1159;15;2020;190737;128602;62135;59492;2274;291;78
1160;15;2021;194112;130021;64091;61396;2321;295;79
1161;15;2022;198679;132210;66469;63702;2383;303;81
1162;15;2023;202645;134034;68611;65778;2441;309;83
1163;15;2024;210330;138284;72046;69105;2534;321;86
1164;15;2025;218079;142724;75355;72306;2632;330;87
1165;15;2026;227116;147912;79204;76021;2748;344;91
1166;15;2027;233235;151320;81915;78615;2848;358;94
1167;15;2028;241466;156045;85421;81976;2984;366;95
1168;15;2029;251968;162036;89932;86335;3116;382;99
1169;15;2030;264430;169319;95111;91358;3246;403;104
1170;15;2031;271556;173485;98071;94186;3358;419;108
1171;15;2032;305220;193969;111251;107116;3568;451;116
1172;15;2033;331855;210769;121086;116746;3739;478;123
1173;15;2034;348743;221615;127128;122635;3869;496;128
1174;15;2035;359487;228892;130595;125982;3971;510;132
1175;15;2036;369740;236200;133540;128814;4065;525;136
1176;15;2037;362587;231398;131189;126424;4099;529;137
1177;15;2038;360898;229895;131003;126170;4158;537;138
1178;15;2039;362429;230693;131736;126817;4234;545;140
1179;15;2040;367068;233433;133635;128610;4327;556;142
1180;15;2041;373604;237488;136116;130976;4428;567;145
1181;15;2042;382516;242941;139575;134308;4539;580;148
1182;15;2043;390988;248191;142797;137404;4649;593;151
1183;15;2044;401399;254666;146733;141211;4762;606;154
1184;15;2045;413254;262169;151085;145431;4878;618;158
1185;15;2046;424548;269177;155371;149599;4981;630;161
1186;15;2047;436877;277013;159864;153974;5083;643;164
1187;15;2048;448432;284342;164090;158097;5171;654;168
1188;15;2049;460155;291760;168395;162307;5253;664;171
1189;15;2050;471130;298748;172382;166212;5325;672;173
1190;15;2051;479294;304190;175104;168870;5381;678;175
1191;15;2052;483284;307071;176213;169945;5412;680;176
1192;15;2053;486140;309388;176752;170461;5433;681;177
1193;15;2054;488462;311444;177018;170719;5439;683;177
1194;15;2055;494793;316011;178782;172464;5452;687;179
1195;15;2056;499763;320035;179728;173415;5445;688;180
1196;15;2057;501279;321895;179384;173099;5419;686;180
1197;15;2058;497924;320839;177085;170863;5365;679;178
1198;15;2059;486369;314289;172080;165959;5280;666;175
1199;15;2060;468604;303204;165400;159403;5177;650;170
1200;16;2013;56828;45753;11075;10539;463;50;23
1201;16;2014;61270;49199;12071;11486;507;54;24
1202;16;2015;64642;51862;12780;12183;518;55;24
1203;16;2016;66539;53168;13371;12760;531;56;24
1204;16;2017;68613;54474;14139;13496;558;59;26
1205;16;2018;70498;55639;14859;14188;584;61;26
1206;16;2019;72914;57216;15698;14996;611;64;27
1207;16;2020;75370;58818;16552;15824;634;66;28
1208;16;2021;78795;61158;17637;16867;670;70;30
1209;16;2022;81753;63140;18613;17815;696;72;30
1210;16;2023;85084;65429;19655;18826;723;75;31
1211;16;2024;87278;66799;20479;19622;748;77;32
1212;16;2025;89905;68482;21423;20536;776;79;32
1213;16;2026;92297;69982;22315;21398;803;81;33
1214;16;2027;95313;71929;23384;22428;838;84;34
1215;16;2028;98069;73702;24367;23378;869;86;34
1216;16;2029;102716;76846;25870;24831;914;90;35
1217;16;2030;107390;80080;27310;26224;957;93;36
1218;16;2031;112710;83736;28974;27828;1010;98;38
1219;16;2032;116314;86156;30158;28959;1058;102;39
1220;16;2033;121129;89435;31694;30433;1115;106;40
1221;16;2034;127637;93865;33772;32441;1177;112;42
1222;16;2035;135284;99144;36140;34735;1243;118;44
1223;16;2036;139758;102233;37525;36059;1297;123;46
1224;16;2037;159904;116391;43513;41932;1398;133;50
1225;16;2038;175195;127402;47793;46116;1482;142;53
1226;16;2039;184556;134195;50361;48612;1545;148;56
1227;16;2040;190306;138465;51841;50036;1595;153;57
1228;16;2041;195214;142201;53013;51155;1642;157;59
1229;16;2042;193238;140465;52773;50880;1674;160;59
1230;16;2043;194483;141000;53483;51543;1717;163;60
1231;16;2044;197118;142659;54459;52463;1768;167;61
1232;16;2045;201313;145435;55878;53821;1823;172;62
1233;16;2046;206487;148989;57498;55378;1880;176;64
1234;16;2047;212977;153409;59568;57379;1943;181;65
1235;16;2048;219461;157867;61594;59335;2006;186;67
1236;16;2049;226973;163056;63917;61586;2072;191;68
1237;16;2050;235452;168982;66470;64064;2139;197;70
1238;16;2051;243435;174486;68949;66471;2204;202;72
1239;16;2052;252298;180687;71611;69062;2269;207;73
1240;16;2053;260637;186504;74133;71519;2327;212;75
1241;16;2054;269150;192410;76740;74061;2386;217;76
1242;16;2055;277357;198128;79229;76490;2440;221;78
1243;16;2056;283548;202504;81044;78253;2487;225;79
1244;16;2057;287340;205227;82113;79287;2520;227;79
1245;16;2058;290507;207573;82934;80076;2549;229;80
1246;16;2059;293746;209984;83762;80877;2575;230;80
1247;16;2060;300034;214527;85507;82587;2606;233;81
1248;17;2013;10443;9009;1434;1340;78;11;5
1249;17;2014;11130;9607;1523;1426;81;11;5
1250;17;2015;11978;10326;1652;1544;90;12;6
1251;17;2016;13625;11735;1890;1771;100;13;6
1252;17;2017;15032;12927;2105;1974;109;15;7
1253;17;2018;16185;13913;2272;2134;115;16;7
1254;17;2019;17411;14948;2463;2314;124;17;8
1255;17;2020;18419;15811;2608;2453;129;18;8
1256;17;2021;19287;16531;2756;2594;135;18;9
1257;17;2022;20178;17244;2934;2765;141;19;9
1258;17;2023;20985;17884;3101;2923;148;20;10
1259;17;2024;22028;18725;3303;3116;156;21;10
1260;17;2025;23033;19527;3506;3309;164;22;11
1261;17;2026;24309;20550;3759;3550;175;23;11
1262;17;2027;25418;21426;3992;3772;184;24;12
1263;17;2028;26618;22380;4238;4008;193;25;12
1264;17;2029;27512;23074;4438;4198;201;26;13
1265;17;2030;28575;23898;4677;4426;210;27;14
1266;17;2031;29662;24745;4917;4655;220;28;14
1267;17;2032;30930;25729;5201;4925;231;30;15
1268;17;2033;32146;26679;5467;5180;241;31;15
1269;17;2034;33939;28078;5861;5558;255;32;16
1270;17;2035;35776;29528;6248;5928;269;34;17
1271;17;2036;37824;31137;6687;6347;285;36;19
1272;17;2037;39301;32284;7017;6662;299;37;19
1273;17;2038;41261;33802;7459;7083;317;39;20
1274;17;2039;44080;36008;8072;7672;336;42;22
1275;17;2040;47288;38535;8753;8324;360;45;24
1276;17;2041;49313;40131;9182;8732;378;47;25
1277;17;2042;57105;46268;10837;10338;419;52;28
1278;17;2043;62798;50802;11996;11454;454;57;31
1279;17;2044;66326;53628;12698;12124;480;61;33
1280;17;2045;68713;55544;13169;12570;501;63;35
1281;17;2046;70584;57032;13552;12932;519;65;36
1282;17;2047;72343;58407;13936;13296;536;67;37
1283;17;2048;74845;60353;14492;13826;558;70;38
1284;17;2049;77195;62179;15016;14324;580;72;40
1285;17;2050;79825;64211;15614;14894;603;75;42
1286;17;2051;82701;66453;16248;15500;627;78;43
1287;17;2052;86058;69032;17026;16244;656;81;45
1288;17;2053;89672;71843;17829;17015;683;84;47
1289;17;2054;93597;74889;18708;17862;710;87;49
1290;17;2055;98001;78320;19681;18796;744;90;51
1291;17;2056;102227;81590;20637;19717;773;94;53
1292;17;2057;107031;85329;21702;20742;807;97;56
1293;17;2058;111666;88936;22730;21733;838;101;58
1294;17;2059;116492;92680;23812;22776;870;105;61
1295;17;2060;121418;96518;24900;23828;901;108;63
